true_label,meta_K17,meta_ratio_0,meta_ratio_1,meta_ratio_2,meta_ratio_3,meta_ratio_4,meta_ratio_5,meta_ratio_6,meta_ratio_7,meta_ratio_8,meta_ratio_9,meta_ratio_10,meta_ratio_11
1,0,0.9520698,0.0,0.0,0.047930222,0.0,0.0,0.0,0.0,0.0,0.0,0.0,0.0
1,0,0.9520698,0.0,0.0,0.047930222,0.0,0.0,0.0,0.0,0.0,0.0,0.0,0.0
1,0,0.9520698,0.0,0.0,0.047930222,0.0,0.0,0.0,0.0,0.0,0.0,0.0,0.0
1,0,0.9520698,0.0,0.0,0.047930222,0.0,0.0,0.0,0.0,0.0,0.0,0.0,0.0
1,0,0.9520698,0.0,0.0,0.047930222,0.0,0.0,0.0,0.0,0.0,0.0,0.0,0.0
1,0,0.9520698,0.0,0.0,0.047930222,0.0,0.0,0.0,0.0,0.0,0.0,0.0,0.0
1,0,0.9520698,0.0,0.0,0.047930222,0.0,0.0,0.0,0.0,0.0,0.0,0.0,0.0
1,0,0.9520698,0.0,0.0,0.047930222,0.0,0.0,0.0,0.0,0.0,0.0,0.0,0.0
1,0,0.9520698,0.0,0.0,0.047930222,0.0,0.0,0.0,0.0,0.0,0.0,0.0,0.0
1,0,0.9520698,0.0,0.0,0.047930222,0.0,0.0,0.0,0.0,0.0,0.0,0.0,0.0
1,0,0.9520698,0.0,0.0,0.047930222,0.0,0.0,0.0,0.0,0.0,0.0,0.0,0.0
1,0,0.9520698,0.0,0.0,0.047930222,0.0,0.0,0.0,0.0,0.0,0.0,0.0,0.0
1,0,0.9520698,0.0,0.0,0.047930222,0.0,0.0,0.0,0.0,0.0,0.0,0.0,0.0
1,0,0.9520698,0.0,0.0,0.047930222,0.0,0.0,0.0,0.0,0.0,0.0,0.0,0.0
1,0,0.9520698,0.0,0.0,0.047930222,0.0,0.0,0.0,0.0,0.0,0.0,0.0,0.0
1,0,0.9520698,0.0,0.0,0.047930222,0.0,0.0,0.0,0.0,0.0,0.0,0.0,0.0
1,0,0.9520698,0.0,0.0,0.047930222,0.0,0.0,0.0,0.0,0.0,0.0,0.0,0.0
1,0,0.9520698,0.0,0.0,0.047930222,0.0,0.0,0.0,0.0,0.0,0.0,0.0,0.0
1,0,0.9520698,0.0,0.0,0.047930222,0.0,0.0,0.0,0.0,0.0,0.0,0.0,0.0
1,0,0.9520698,0.0,0.0,0.047930222,0.0,0.0,0.0,0.0,0.0,0.0,0.0,0.0
1,0,0.9520698,0.0,0.0,0.047930222,0.0,0.0,0.0,0.0,0.0,0.0,0.0,0.0
1,0,0.9520698,0.0,0.0,0.047930222,0.0,0.0,0.0,0.0,0.0,0.0,0.0,0.0
1,0,0.9520698,0.0,0.0,0.047930222,0.0,0.0,0.0,0.0,0.0,0.0,0.0,0.0
1,0,0.9520698,0.0,0.0,0.047930222,0.0,0.0,0.0,0.0,0.0,0.0,0.0,0.0
1,0,0.9520698,0.0,0.0,0.047930222,0.0,0.0,0.0,0.0,0.0,0.0,0.0,0.0
1,0,0.9520698,0.0,0.0,0.047930222,0.0,0.0,0.0,0.0,0.0,0.0,0.0,0.0
1,0,0.9520698,0.0,0.0,0.047930222,0.0,0.0,0.0,0.0,0.0,0.0,0.0,0.0
1,0,0.9520698,0.0,0.0,0.047930222,0.0,0.0,0.0,0.0,0.0,0.0,0.0,0.0
1,0,0.9520698,0.0,0.0,0.047930222,0.0,0.0,0.0,0.0,0.0,0.0,0.0,0.0
1,0,0.9520698,0.0,0.0,0.047930222,0.0,0.0,0.0,0.0,0.0,0.0,0.0,0.0
1,0,0.9520698,0.0,0.0,0.047930222,0.0,0.0,0.0,0.0,0.0,0.0,0.0,0.0
1,0,0.9520698,0.0,0.0,0.047930222,0.0,0.0,0.0,0.0,0.0,0.0,0.0,0.0
1,0,0.9520698,0.0,0.0,0.047930222,0.0,0.0,0.0,0.0,0.0,0.0,0.0,0.0
1,0,0.9520698,0.0,0.0,0.047930222,0.0,0.0,0.0,0.0,0.0,0.0,0.0,0.0
1,0,0.9520698,0.0,0.0,0.047930222,0.0,0.0,0.0,0.0,0.0,0.0,0.0,0.0
1,0,0.9520698,0.0,0.0,0.047930222,0.0,0.0,0.0,0.0,0.0,0.0,0.0,0.0
1,0,0.9520698,0.0,0.0,0.047930222,0.0,0.0,0.0,0.0,0.0,0.0,0.0,0.0
1,0,0.9520698,0.0,0.0,0.047930222,0.0,0.0,0.0,0.0,0.0,0.0,0.0,0.0
1,0,0.9520698,0.0,0.0,0.047930222,0.0,0.0,0.0,0.0,0.0,0.0,0.0,0.0
1,0,0.9520698,0.0,0.0,0.047930222,0.0,0.0,0.0,0.0,0.0,0.0,0.0,0.0
1,0,0.9520698,0.0,0.0,0.047930222,0.0,0.0,0.0,0.0,0.0,0.0,0.0,0.0
1,0,0.9520698,0.0,0.0,0.047930222,0.0,0.0,0.0,0.0,0.0,0.0,0.0,0.0
1,0,0.9520698,0.0,0.0,0.047930222,0.0,0.0,0.0,0.0,0.0,0.0,0.0,0.0
1,0,0.9520698,0.0,0.0,0.047930222,0.0,0.0,0.0,0.0,0.0,0.0,0.0,0.0
1,0,0.9520698,0.0,0.0,0.047930222,0.0,0.0,0.0,0.0,0.0,0.0,0.0,0.0
1,0,0.9520698,0.0,0.0,0.047930222,0.0,0.0,0.0,0.0,0.0,0.0,0.0,0.0
1,0,0.9520698,0.0,0.0,0.047930222,0.0,0.0,0.0,0.0,0.0,0.0,0.0,0.0
1,0,0.9520698,0.0,0.0,0.047930222,0.0,0.0,0.0,0.0,0.0,0.0,0.0,0.0
1,0,0.9520698,0.0,0.0,0.047930222,0.0,0.0,0.0,0.0,0.0,0.0,0.0,0.0
1,0,0.9520698,0.0,0.0,0.047930222,0.0,0.0,0.0,0.0,0.0,0.0,0.0,0.0
1,0,0.9520698,0.0,0.0,0.047930222,0.0,0.0,0.0,0.0,0.0,0.0,0.0,0.0
1,0,0.9520698,0.0,0.0,0.047930222,0.0,0.0,0.0,0.0,0.0,0.0,0.0,0.0
1,0,0.9520698,0.0,0.0,0.047930222,0.0,0.0,0.0,0.0,0.0,0.0,0.0,0.0
1,0,0.9520698,0.0,0.0,0.047930222,0.0,0.0,0.0,0.0,0.0,0.0,0.0,0.0
1,0,0.9520698,0.0,0.0,0.047930222,0.0,0.0,0.0,0.0,0.0,0.0,0.0,0.0
1,0,0.9520698,0.0,0.0,0.047930222,0.0,0.0,0.0,0.0,0.0,0.0,0.0,0.0
1,0,0.9520698,0.0,0.0,0.047930222,0.0,0.0,0.0,0.0,0.0,0.0,0.0,0.0
1,0,0.9520698,0.0,0.0,0.047930222,0.0,0.0,0.0,0.0,0.0,0.0,0.0,0.0
1,0,0.9520698,0.0,0.0,0.047930222,0.0,0.0,0.0,0.0,0.0,0.0,0.0,0.0
1,0,0.9520698,0.0,0.0,0.047930222,0.0,0.0,0.0,0.0,0.0,0.0,0.0,0.0
1,0,0.9520698,0.0,0.0,0.047930222,0.0,0.0,0.0,0.0,0.0,0.0,0.0,0.0
1,0,0.9520698,0.0,0.0,0.047930222,0.0,0.0,0.0,0.0,0.0,0.0,0.0,0.0
1,0,0.9520698,0.0,0.0,0.047930222,0.0,0.0,0.0,0.0,0.0,0.0,0.0,0.0
1,0,0.9520698,0.0,0.0,0.047930222,0.0,0.0,0.0,0.0,0.0,0.0,0.0,0.0
1,0,0.9520698,0.0,0.0,0.047930222,0.0,0.0,0.0,0.0,0.0,0.0,0.0,0.0
1,0,0.9520698,0.0,0.0,0.047930222,0.0,0.0,0.0,0.0,0.0,0.0,0.0,0.0
1,0,0.9520698,0.0,0.0,0.047930222,0.0,0.0,0.0,0.0,0.0,0.0,0.0,0.0
1,0,0.9520698,0.0,0.0,0.047930222,0.0,0.0,0.0,0.0,0.0,0.0,0.0,0.0
1,0,0.9520698,0.0,0.0,0.047930222,0.0,0.0,0.0,0.0,0.0,0.0,0.0,0.0
1,0,0.9520698,0.0,0.0,0.047930222,0.0,0.0,0.0,0.0,0.0,0.0,0.0,0.0
1,0,0.9520698,0.0,0.0,0.047930222,0.0,0.0,0.0,0.0,0.0,0.0,0.0,0.0
1,0,0.9520698,0.0,0.0,0.047930222,0.0,0.0,0.0,0.0,0.0,0.0,0.0,0.0
1,0,0.9520698,0.0,0.0,0.047930222,0.0,0.0,0.0,0.0,0.0,0.0,0.0,0.0
1,0,0.9520698,0.0,0.0,0.047930222,0.0,0.0,0.0,0.0,0.0,0.0,0.0,0.0
1,0,0.9520698,0.0,0.0,0.047930222,0.0,0.0,0.0,0.0,0.0,0.0,0.0,0.0
1,0,0.9520698,0.0,0.0,0.047930222,0.0,0.0,0.0,0.0,0.0,0.0,0.0,0.0
1,0,0.9520698,0.0,0.0,0.047930222,0.0,0.0,0.0,0.0,0.0,0.0,0.0,0.0
1,0,0.9520698,0.0,0.0,0.047930222,0.0,0.0,0.0,0.0,0.0,0.0,0.0,0.0
1,0,0.9520698,0.0,0.0,0.047930222,0.0,0.0,0.0,0.0,0.0,0.0,0.0,0.0
1,0,0.9520698,0.0,0.0,0.047930222,0.0,0.0,0.0,0.0,0.0,0.0,0.0,0.0
1,0,0.9520698,0.0,0.0,0.047930222,0.0,0.0,0.0,0.0,0.0,0.0,0.0,0.0
1,0,0.9520698,0.0,0.0,0.047930222,0.0,0.0,0.0,0.0,0.0,0.0,0.0,0.0
1,0,0.9520698,0.0,0.0,0.047930222,0.0,0.0,0.0,0.0,0.0,0.0,0.0,0.0
1,0,0.9520698,0.0,0.0,0.047930222,0.0,0.0,0.0,0.0,0.0,0.0,0.0,0.0
1,0,0.9520698,0.0,0.0,0.047930222,0.0,0.0,0.0,0.0,0.0,0.0,0.0,0.0
1,0,0.9520698,0.0,0.0,0.047930222,0.0,0.0,0.0,0.0,0.0,0.0,0.0,0.0
1,0,0.9520698,0.0,0.0,0.047930222,0.0,0.0,0.0,0.0,0.0,0.0,0.0,0.0
1,0,0.9520698,0.0,0.0,0.047930222,0.0,0.0,0.0,0.0,0.0,0.0,0.0,0.0
1,0,0.9520698,0.0,0.0,0.047930222,0.0,0.0,0.0,0.0,0.0,0.0,0.0,0.0
1,0,0.9520698,0.0,0.0,0.047930222,0.0,0.0,0.0,0.0,0.0,0.0,0.0,0.0
1,0,0.9520698,0.0,0.0,0.047930222,0.0,0.0,0.0,0.0,0.0,0.0,0.0,0.0
1,0,0.9520698,0.0,0.0,0.047930222,0.0,0.0,0.0,0.0,0.0,0.0,0.0,0.0
1,0,0.9520698,0.0,0.0,0.047930222,0.0,0.0,0.0,0.0,0.0,0.0,0.0,0.0
1,0,0.9520698,0.0,0.0,0.047930222,0.0,0.0,0.0,0.0,0.0,0.0,0.0,0.0
1,0,0.9520698,0.0,0.0,0.047930222,0.0,0.0,0.0,0.0,0.0,0.0,0.0,0.0
1,0,0.9520698,0.0,0.0,0.047930222,0.0,0.0,0.0,0.0,0.0,0.0,0.0,0.0
1,0,0.9520698,0.0,0.0,0.047930222,0.0,0.0,0.0,0.0,0.0,0.0,0.0,0.0
1,0,0.9520698,0.0,0.0,0.047930222,0.0,0.0,0.0,0.0,0.0,0.0,0.0,0.0
1,0,0.9520698,0.0,0.0,0.047930222,0.0,0.0,0.0,0.0,0.0,0.0,0.0,0.0
1,0,0.9520698,0.0,0.0,0.047930222,0.0,0.0,0.0,0.0,0.0,0.0,0.0,0.0
1,0,0.9520698,0.0,0.0,0.047930222,0.0,0.0,0.0,0.0,0.0,0.0,0.0,0.0
1,0,0.9520698,0.0,0.0,0.047930222,0.0,0.0,0.0,0.0,0.0,0.0,0.0,0.0
1,0,0.9520698,0.0,0.0,0.047930222,0.0,0.0,0.0,0.0,0.0,0.0,0.0,0.0
1,0,0.9520698,0.0,0.0,0.047930222,0.0,0.0,0.0,0.0,0.0,0.0,0.0,0.0
1,0,0.9520698,0.0,0.0,0.047930222,0.0,0.0,0.0,0.0,0.0,0.0,0.0,0.0
1,0,0.9520698,0.0,0.0,0.047930222,0.0,0.0,0.0,0.0,0.0,0.0,0.0,0.0
1,0,0.9520698,0.0,0.0,0.047930222,0.0,0.0,0.0,0.0,0.0,0.0,0.0,0.0
1,0,0.9520698,0.0,0.0,0.047930222,0.0,0.0,0.0,0.0,0.0,0.0,0.0,0.0
1,0,0.9520698,0.0,0.0,0.047930222,0.0,0.0,0.0,0.0,0.0,0.0,0.0,0.0
1,0,0.9520698,0.0,0.0,0.047930222,0.0,0.0,0.0,0.0,0.0,0.0,0.0,0.0
1,0,0.9520698,0.0,0.0,0.047930222,0.0,0.0,0.0,0.0,0.0,0.0,0.0,0.0
1,0,0.9520698,0.0,0.0,0.047930222,0.0,0.0,0.0,0.0,0.0,0.0,0.0,0.0
1,0,0.9520698,0.0,0.0,0.047930222,0.0,0.0,0.0,0.0,0.0,0.0,0.0,0.0
1,0,0.9520698,0.0,0.0,0.047930222,0.0,0.0,0.0,0.0,0.0,0.0,0.0,0.0
1,0,0.9520698,0.0,0.0,0.047930222,0.0,0.0,0.0,0.0,0.0,0.0,0.0,0.0
1,0,0.9520698,0.0,0.0,0.047930222,0.0,0.0,0.0,0.0,0.0,0.0,0.0,0.0
1,0,0.9520698,0.0,0.0,0.047930222,0.0,0.0,0.0,0.0,0.0,0.0,0.0,0.0
1,0,0.9520698,0.0,0.0,0.047930222,0.0,0.0,0.0,0.0,0.0,0.0,0.0,0.0
1,0,0.9520698,0.0,0.0,0.047930222,0.0,0.0,0.0,0.0,0.0,0.0,0.0,0.0
1,0,0.9520698,0.0,0.0,0.047930222,0.0,0.0,0.0,0.0,0.0,0.0,0.0,0.0
1,0,0.9520698,0.0,0.0,0.047930222,0.0,0.0,0.0,0.0,0.0,0.0,0.0,0.0
1,0,0.9520698,0.0,0.0,0.047930222,0.0,0.0,0.0,0.0,0.0,0.0,0.0,0.0
1,0,0.9520698,0.0,0.0,0.047930222,0.0,0.0,0.0,0.0,0.0,0.0,0.0,0.0
1,0,0.9520698,0.0,0.0,0.047930222,0.0,0.0,0.0,0.0,0.0,0.0,0.0,0.0
1,0,0.9520698,0.0,0.0,0.047930222,0.0,0.0,0.0,0.0,0.0,0.0,0.0,0.0
1,0,0.9520698,0.0,0.0,0.047930222,0.0,0.0,0.0,0.0,0.0,0.0,0.0,0.0
1,0,0.9520698,0.0,0.0,0.047930222,0.0,0.0,0.0,0.0,0.0,0.0,0.0,0.0
1,0,0.9520698,0.0,0.0,0.047930222,0.0,0.0,0.0,0.0,0.0,0.0,0.0,0.0
1,0,0.9520698,0.0,0.0,0.047930222,0.0,0.0,0.0,0.0,0.0,0.0,0.0,0.0
1,0,0.9520698,0.0,0.0,0.047930222,0.0,0.0,0.0,0.0,0.0,0.0,0.0,0.0
1,0,0.9520698,0.0,0.0,0.047930222,0.0,0.0,0.0,0.0,0.0,0.0,0.0,0.0
1,0,0.9520698,0.0,0.0,0.047930222,0.0,0.0,0.0,0.0,0.0,0.0,0.0,0.0
1,0,0.9520698,0.0,0.0,0.047930222,0.0,0.0,0.0,0.0,0.0,0.0,0.0,0.0
1,0,0.9520698,0.0,0.0,0.047930222,0.0,0.0,0.0,0.0,0.0,0.0,0.0,0.0
1,0,0.9520698,0.0,0.0,0.047930222,0.0,0.0,0.0,0.0,0.0,0.0,0.0,0.0
1,0,0.9520698,0.0,0.0,0.047930222,0.0,0.0,0.0,0.0,0.0,0.0,0.0,0.0
1,0,0.9520698,0.0,0.0,0.047930222,0.0,0.0,0.0,0.0,0.0,0.0,0.0,0.0
1,0,0.9520698,0.0,0.0,0.047930222,0.0,0.0,0.0,0.0,0.0,0.0,0.0,0.0
1,0,0.9520698,0.0,0.0,0.047930222,0.0,0.0,0.0,0.0,0.0,0.0,0.0,0.0
1,0,0.9520698,0.0,0.0,0.047930222,0.0,0.0,0.0,0.0,0.0,0.0,0.0,0.0
1,0,0.9520698,0.0,0.0,0.047930222,0.0,0.0,0.0,0.0,0.0,0.0,0.0,0.0
1,0,0.9520698,0.0,0.0,0.047930222,0.0,0.0,0.0,0.0,0.0,0.0,0.0,0.0
1,0,0.9520698,0.0,0.0,0.047930222,0.0,0.0,0.0,0.0,0.0,0.0,0.0,0.0
1,0,0.9520698,0.0,0.0,0.047930222,0.0,0.0,0.0,0.0,0.0,0.0,0.0,0.0
1,0,0.9520698,0.0,0.0,0.047930222,0.0,0.0,0.0,0.0,0.0,0.0,0.0,0.0
1,0,0.9520698,0.0,0.0,0.047930222,0.0,0.0,0.0,0.0,0.0,0.0,0.0,0.0
1,0,0.9520698,0.0,0.0,0.047930222,0.0,0.0,0.0,0.0,0.0,0.0,0.0,0.0
1,0,0.9520698,0.0,0.0,0.047930222,0.0,0.0,0.0,0.0,0.0,0.0,0.0,0.0
1,0,0.9520698,0.0,0.0,0.047930222,0.0,0.0,0.0,0.0,0.0,0.0,0.0,0.0
1,0,0.9520698,0.0,0.0,0.047930222,0.0,0.0,0.0,0.0,0.0,0.0,0.0,0.0
1,0,0.9520698,0.0,0.0,0.047930222,0.0,0.0,0.0,0.0,0.0,0.0,0.0,0.0
1,0,0.9520698,0.0,0.0,0.047930222,0.0,0.0,0.0,0.0,0.0,0.0,0.0,0.0
1,0,0.9520698,0.0,0.0,0.047930222,0.0,0.0,0.0,0.0,0.0,0.0,0.0,0.0
1,0,0.9520698,0.0,0.0,0.047930222,0.0,0.0,0.0,0.0,0.0,0.0,0.0,0.0
1,0,0.9520698,0.0,0.0,0.047930222,0.0,0.0,0.0,0.0,0.0,0.0,0.0,0.0
1,0,0.9520698,0.0,0.0,0.047930222,0.0,0.0,0.0,0.0,0.0,0.0,0.0,0.0
1,0,0.9520698,0.0,0.0,0.047930222,0.0,0.0,0.0,0.0,0.0,0.0,0.0,0.0
1,0,0.9520698,0.0,0.0,0.047930222,0.0,0.0,0.0,0.0,0.0,0.0,0.0,0.0
1,0,0.9520698,0.0,0.0,0.047930222,0.0,0.0,0.0,0.0,0.0,0.0,0.0,0.0
1,0,0.9520698,0.0,0.0,0.047930222,0.0,0.0,0.0,0.0,0.0,0.0,0.0,0.0
1,0,0.9520698,0.0,0.0,0.047930222,0.0,0.0,0.0,0.0,0.0,0.0,0.0,0.0
1,0,0.9520698,0.0,0.0,0.047930222,0.0,0.0,0.0,0.0,0.0,0.0,0.0,0.0
1,0,0.9520698,0.0,0.0,0.047930222,0.0,0.0,0.0,0.0,0.0,0.0,0.0,0.0
1,0,0.9520698,0.0,0.0,0.047930222,0.0,0.0,0.0,0.0,0.0,0.0,0.0,0.0
1,0,0.9520698,0.0,0.0,0.047930222,0.0,0.0,0.0,0.0,0.0,0.0,0.0,0.0
1,0,0.9520698,0.0,0.0,0.047930222,0.0,0.0,0.0,0.0,0.0,0.0,0.0,0.0
1,0,0.9520698,0.0,0.0,0.047930222,0.0,0.0,0.0,0.0,0.0,0.0,0.0,0.0
1,0,0.9520698,0.0,0.0,0.047930222,0.0,0.0,0.0,0.0,0.0,0.0,0.0,0.0
1,0,1.0,0.0,0.0,0.0,0.0,0.0,0.0,0.0,0.0,0.0,0.0,0.0
1,0,1.0,0.0,0.0,0.0,0.0,0.0,0.0,0.0,0.0,0.0,0.0,0.0
1,0,1.0,0.0,0.0,0.0,0.0,0.0,0.0,0.0,0.0,0.0,0.0,0.0
1,0,1.0,0.0,0.0,0.0,0.0,0.0,0.0,0.0,0.0,0.0,0.0,0.0
1,0,1.0,0.0,0.0,0.0,0.0,0.0,0.0,0.0,0.0,0.0,0.0,0.0
1,0,1.0,0.0,0.0,0.0,0.0,0.0,0.0,0.0,0.0,0.0,0.0,0.0
1,0,1.0,0.0,0.0,0.0,0.0,0.0,0.0,0.0,0.0,0.0,0.0,0.0
1,0,1.0,0.0,0.0,0.0,0.0,0.0,0.0,0.0,0.0,0.0,0.0,0.0
1,0,1.0,0.0,0.0,0.0,0.0,0.0,0.0,0.0,0.0,0.0,0.0,0.0
1,0,1.0,0.0,0.0,0.0,0.0,0.0,0.0,0.0,0.0,0.0,0.0,0.0
1,0,1.0,0.0,0.0,0.0,0.0,0.0,0.0,0.0,0.0,0.0,0.0,0.0
1,0,1.0,0.0,0.0,0.0,0.0,0.0,0.0,0.0,0.0,0.0,0.0,0.0
1,0,1.0,0.0,0.0,0.0,0.0,0.0,0.0,0.0,0.0,0.0,0.0,0.0
1,0,1.0,0.0,0.0,0.0,0.0,0.0,0.0,0.0,0.0,0.0,0.0,0.0
1,0,1.0,0.0,0.0,0.0,0.0,0.0,0.0,0.0,0.0,0.0,0.0,0.0
1,0,1.0,0.0,0.0,0.0,0.0,0.0,0.0,0.0,0.0,0.0,0.0,0.0
1,0,1.0,0.0,0.0,0.0,0.0,0.0,0.0,0.0,0.0,0.0,0.0,0.0
1,0,1.0,0.0,0.0,0.0,0.0,0.0,0.0,0.0,0.0,0.0,0.0,0.0
1,0,1.0,0.0,0.0,0.0,0.0,0.0,0.0,0.0,0.0,0.0,0.0,0.0
1,0,1.0,0.0,0.0,0.0,0.0,0.0,0.0,0.0,0.0,0.0,0.0,0.0
1,0,1.0,0.0,0.0,0.0,0.0,0.0,0.0,0.0,0.0,0.0,0.0,0.0
1,0,1.0,0.0,0.0,0.0,0.0,0.0,0.0,0.0,0.0,0.0,0.0,0.0
1,0,1.0,0.0,0.0,0.0,0.0,0.0,0.0,0.0,0.0,0.0,0.0,0.0
1,0,1.0,0.0,0.0,0.0,0.0,0.0,0.0,0.0,0.0,0.0,0.0,0.0
1,0,1.0,0.0,0.0,0.0,0.0,0.0,0.0,0.0,0.0,0.0,0.0,0.0
1,0,1.0,0.0,0.0,0.0,0.0,0.0,0.0,0.0,0.0,0.0,0.0,0.0
1,0,1.0,0.0,0.0,0.0,0.0,0.0,0.0,0.0,0.0,0.0,0.0,0.0
1,0,1.0,0.0,0.0,0.0,0.0,0.0,0.0,0.0,0.0,0.0,0.0,0.0
1,0,1.0,0.0,0.0,0.0,0.0,0.0,0.0,0.0,0.0,0.0,0.0,0.0
1,0,1.0,0.0,0.0,0.0,0.0,0.0,0.0,0.0,0.0,0.0,0.0,0.0
1,0,1.0,0.0,0.0,0.0,0.0,0.0,0.0,0.0,0.0,0.0,0.0,0.0
1,0,1.0,0.0,0.0,0.0,0.0,0.0,0.0,0.0,0.0,0.0,0.0,0.0
1,0,1.0,0.0,0.0,0.0,0.0,0.0,0.0,0.0,0.0,0.0,0.0,0.0
1,0,1.0,0.0,0.0,0.0,0.0,0.0,0.0,0.0,0.0,0.0,0.0,0.0
1,0,1.0,0.0,0.0,0.0,0.0,0.0,0.0,0.0,0.0,0.0,0.0,0.0
1,0,1.0,0.0,0.0,0.0,0.0,0.0,0.0,0.0,0.0,0.0,0.0,0.0
1,0,1.0,0.0,0.0,0.0,0.0,0.0,0.0,0.0,0.0,0.0,0.0,0.0
1,0,1.0,0.0,0.0,0.0,0.0,0.0,0.0,0.0,0.0,0.0,0.0,0.0
1,0,1.0,0.0,0.0,0.0,0.0,0.0,0.0,0.0,0.0,0.0,0.0,0.0
1,0,1.0,0.0,0.0,0.0,0.0,0.0,0.0,0.0,0.0,0.0,0.0,0.0
1,0,1.0,0.0,0.0,0.0,0.0,0.0,0.0,0.0,0.0,0.0,0.0,0.0
1,0,1.0,0.0,0.0,0.0,0.0,0.0,0.0,0.0,0.0,0.0,0.0,0.0
1,0,1.0,0.0,0.0,0.0,0.0,0.0,0.0,0.0,0.0,0.0,0.0,0.0
1,0,1.0,0.0,0.0,0.0,0.0,0.0,0.0,0.0,0.0,0.0,0.0,0.0
1,0,1.0,0.0,0.0,0.0,0.0,0.0,0.0,0.0,0.0,0.0,0.0,0.0
1,0,1.0,0.0,0.0,0.0,0.0,0.0,0.0,0.0,0.0,0.0,0.0,0.0
1,0,1.0,0.0,0.0,0.0,0.0,0.0,0.0,0.0,0.0,0.0,0.0,0.0
1,0,1.0,0.0,0.0,0.0,0.0,0.0,0.0,0.0,0.0,0.0,0.0,0.0
1,0,1.0,0.0,0.0,0.0,0.0,0.0,0.0,0.0,0.0,0.0,0.0,0.0
1,0,1.0,0.0,0.0,0.0,0.0,0.0,0.0,0.0,0.0,0.0,0.0,0.0
1,0,1.0,0.0,0.0,0.0,0.0,0.0,0.0,0.0,0.0,0.0,0.0,0.0
1,0,1.0,0.0,0.0,0.0,0.0,0.0,0.0,0.0,0.0,0.0,0.0,0.0
1,0,1.0,0.0,0.0,0.0,0.0,0.0,0.0,0.0,0.0,0.0,0.0,0.0
1,0,1.0,0.0,0.0,0.0,0.0,0.0,0.0,0.0,0.0,0.0,0.0,0.0
1,0,1.0,0.0,0.0,0.0,0.0,0.0,0.0,0.0,0.0,0.0,0.0,0.0
1,0,1.0,0.0,0.0,0.0,0.0,0.0,0.0,0.0,0.0,0.0,0.0,0.0
1,0,1.0,0.0,0.0,0.0,0.0,0.0,0.0,0.0,0.0,0.0,0.0,0.0
1,0,1.0,0.0,0.0,0.0,0.0,0.0,0.0,0.0,0.0,0.0,0.0,0.0
1,0,1.0,0.0,0.0,0.0,0.0,0.0,0.0,0.0,0.0,0.0,0.0,0.0
1,0,1.0,0.0,0.0,0.0,0.0,0.0,0.0,0.0,0.0,0.0,0.0,0.0
1,0,1.0,0.0,0.0,0.0,0.0,0.0,0.0,0.0,0.0,0.0,0.0,0.0
1,0,1.0,0.0,0.0,0.0,0.0,0.0,0.0,0.0,0.0,0.0,0.0,0.0
1,0,1.0,0.0,0.0,0.0,0.0,0.0,0.0,0.0,0.0,0.0,0.0,0.0
1,0,1.0,0.0,0.0,0.0,0.0,0.0,0.0,0.0,0.0,0.0,0.0,0.0
1,0,1.0,0.0,0.0,0.0,0.0,0.0,0.0,0.0,0.0,0.0,0.0,0.0
1,0,1.0,0.0,0.0,0.0,0.0,0.0,0.0,0.0,0.0,0.0,0.0,0.0
1,0,1.0,0.0,0.0,0.0,0.0,0.0,0.0,0.0,0.0,0.0,0.0,0.0
1,0,1.0,0.0,0.0,0.0,0.0,0.0,0.0,0.0,0.0,0.0,0.0,0.0
1,0,1.0,0.0,0.0,0.0,0.0,0.0,0.0,0.0,0.0,0.0,0.0,0.0
1,0,1.0,0.0,0.0,0.0,0.0,0.0,0.0,0.0,0.0,0.0,0.0,0.0
1,0,1.0,0.0,0.0,0.0,0.0,0.0,0.0,0.0,0.0,0.0,0.0,0.0
1,0,1.0,0.0,0.0,0.0,0.0,0.0,0.0,0.0,0.0,0.0,0.0,0.0
1,0,1.0,0.0,0.0,0.0,0.0,0.0,0.0,0.0,0.0,0.0,0.0,0.0
1,0,1.0,0.0,0.0,0.0,0.0,0.0,0.0,0.0,0.0,0.0,0.0,0.0
1,0,1.0,0.0,0.0,0.0,0.0,0.0,0.0,0.0,0.0,0.0,0.0,0.0
1,0,1.0,0.0,0.0,0.0,0.0,0.0,0.0,0.0,0.0,0.0,0.0,0.0
1,0,1.0,0.0,0.0,0.0,0.0,0.0,0.0,0.0,0.0,0.0,0.0,0.0
1,0,1.0,0.0,0.0,0.0,0.0,0.0,0.0,0.0,0.0,0.0,0.0,0.0
1,0,1.0,0.0,0.0,0.0,0.0,0.0,0.0,0.0,0.0,0.0,0.0,0.0
1,0,1.0,0.0,0.0,0.0,0.0,0.0,0.0,0.0,0.0,0.0,0.0,0.0
1,0,1.0,0.0,0.0,0.0,0.0,0.0,0.0,0.0,0.0,0.0,0.0,0.0
1,0,1.0,0.0,0.0,0.0,0.0,0.0,0.0,0.0,0.0,0.0,0.0,0.0
1,0,1.0,0.0,0.0,0.0,0.0,0.0,0.0,0.0,0.0,0.0,0.0,0.0
1,0,1.0,0.0,0.0,0.0,0.0,0.0,0.0,0.0,0.0,0.0,0.0,0.0
1,0,1.0,0.0,0.0,0.0,0.0,0.0,0.0,0.0,0.0,0.0,0.0,0.0
1,0,1.0,0.0,0.0,0.0,0.0,0.0,0.0,0.0,0.0,0.0,0.0,0.0
1,0,1.0,0.0,0.0,0.0,0.0,0.0,0.0,0.0,0.0,0.0,0.0,0.0
1,0,1.0,0.0,0.0,0.0,0.0,0.0,0.0,0.0,0.0,0.0,0.0,0.0
1,0,1.0,0.0,0.0,0.0,0.0,0.0,0.0,0.0,0.0,0.0,0.0,0.0
1,0,1.0,0.0,0.0,0.0,0.0,0.0,0.0,0.0,0.0,0.0,0.0,0.0
1,0,1.0,0.0,0.0,0.0,0.0,0.0,0.0,0.0,0.0,0.0,0.0,0.0
1,0,1.0,0.0,0.0,0.0,0.0,0.0,0.0,0.0,0.0,0.0,0.0,0.0
1,0,1.0,0.0,0.0,0.0,0.0,0.0,0.0,0.0,0.0,0.0,0.0,0.0
1,0,1.0,0.0,0.0,0.0,0.0,0.0,0.0,0.0,0.0,0.0,0.0,0.0
1,0,1.0,0.0,0.0,0.0,0.0,0.0,0.0,0.0,0.0,0.0,0.0,0.0
1,0,1.0,0.0,0.0,0.0,0.0,0.0,0.0,0.0,0.0,0.0,0.0,0.0
1,0,1.0,0.0,0.0,0.0,0.0,0.0,0.0,0.0,0.0,0.0,0.0,0.0
1,0,1.0,0.0,0.0,0.0,0.0,0.0,0.0,0.0,0.0,0.0,0.0,0.0
1,0,1.0,0.0,0.0,0.0,0.0,0.0,0.0,0.0,0.0,0.0,0.0,0.0
1,0,1.0,0.0,0.0,0.0,0.0,0.0,0.0,0.0,0.0,0.0,0.0,0.0
1,0,1.0,0.0,0.0,0.0,0.0,0.0,0.0,0.0,0.0,0.0,0.0,0.0
1,0,1.0,0.0,0.0,0.0,0.0,0.0,0.0,0.0,0.0,0.0,0.0,0.0
1,0,1.0,0.0,0.0,0.0,0.0,0.0,0.0,0.0,0.0,0.0,0.0,0.0
1,0,1.0,0.0,0.0,0.0,0.0,0.0,0.0,0.0,0.0,0.0,0.0,0.0
1,0,1.0,0.0,0.0,0.0,0.0,0.0,0.0,0.0,0.0,0.0,0.0,0.0
1,0,1.0,0.0,0.0,0.0,0.0,0.0,0.0,0.0,0.0,0.0,0.0,0.0
1,0,1.0,0.0,0.0,0.0,0.0,0.0,0.0,0.0,0.0,0.0,0.0,0.0
1,0,1.0,0.0,0.0,0.0,0.0,0.0,0.0,0.0,0.0,0.0,0.0,0.0
1,0,1.0,0.0,0.0,0.0,0.0,0.0,0.0,0.0,0.0,0.0,0.0,0.0
1,0,1.0,0.0,0.0,0.0,0.0,0.0,0.0,0.0,0.0,0.0,0.0,0.0
1,0,1.0,0.0,0.0,0.0,0.0,0.0,0.0,0.0,0.0,0.0,0.0,0.0
1,0,1.0,0.0,0.0,0.0,0.0,0.0,0.0,0.0,0.0,0.0,0.0,0.0
1,0,1.0,0.0,0.0,0.0,0.0,0.0,0.0,0.0,0.0,0.0,0.0,0.0
1,0,1.0,0.0,0.0,0.0,0.0,0.0,0.0,0.0,0.0,0.0,0.0,0.0
1,0,1.0,0.0,0.0,0.0,0.0,0.0,0.0,0.0,0.0,0.0,0.0,0.0
1,0,1.0,0.0,0.0,0.0,0.0,0.0,0.0,0.0,0.0,0.0,0.0,0.0
1,0,1.0,0.0,0.0,0.0,0.0,0.0,0.0,0.0,0.0,0.0,0.0,0.0
1,0,1.0,0.0,0.0,0.0,0.0,0.0,0.0,0.0,0.0,0.0,0.0,0.0
1,0,1.0,0.0,0.0,0.0,0.0,0.0,0.0,0.0,0.0,0.0,0.0,0.0
1,0,1.0,0.0,0.0,0.0,0.0,0.0,0.0,0.0,0.0,0.0,0.0,0.0
1,0,1.0,0.0,0.0,0.0,0.0,0.0,0.0,0.0,0.0,0.0,0.0,0.0
1,0,1.0,0.0,0.0,0.0,0.0,0.0,0.0,0.0,0.0,0.0,0.0,0.0
1,0,1.0,0.0,0.0,0.0,0.0,0.0,0.0,0.0,0.0,0.0,0.0,0.0
1,0,1.0,0.0,0.0,0.0,0.0,0.0,0.0,0.0,0.0,0.0,0.0,0.0
1,0,1.0,0.0,0.0,0.0,0.0,0.0,0.0,0.0,0.0,0.0,0.0,0.0
1,0,1.0,0.0,0.0,0.0,0.0,0.0,0.0,0.0,0.0,0.0,0.0,0.0
1,0,1.0,0.0,0.0,0.0,0.0,0.0,0.0,0.0,0.0,0.0,0.0,0.0
1,0,1.0,0.0,0.0,0.0,0.0,0.0,0.0,0.0,0.0,0.0,0.0,0.0
1,0,1.0,0.0,0.0,0.0,0.0,0.0,0.0,0.0,0.0,0.0,0.0,0.0
1,0,1.0,0.0,0.0,0.0,0.0,0.0,0.0,0.0,0.0,0.0,0.0,0.0
1,0,1.0,0.0,0.0,0.0,0.0,0.0,0.0,0.0,0.0,0.0,0.0,0.0
1,0,1.0,0.0,0.0,0.0,0.0,0.0,0.0,0.0,0.0,0.0,0.0,0.0
1,0,1.0,0.0,0.0,0.0,0.0,0.0,0.0,0.0,0.0,0.0,0.0,0.0
1,0,1.0,0.0,0.0,0.0,0.0,0.0,0.0,0.0,0.0,0.0,0.0,0.0
1,0,1.0,0.0,0.0,0.0,0.0,0.0,0.0,0.0,0.0,0.0,0.0,0.0
1,0,1.0,0.0,0.0,0.0,0.0,0.0,0.0,0.0,0.0,0.0,0.0,0.0
1,0,1.0,0.0,0.0,0.0,0.0,0.0,0.0,0.0,0.0,0.0,0.0,0.0
1,0,1.0,0.0,0.0,0.0,0.0,0.0,0.0,0.0,0.0,0.0,0.0,0.0
1,0,1.0,0.0,0.0,0.0,0.0,0.0,0.0,0.0,0.0,0.0,0.0,0.0
1,0,1.0,0.0,0.0,0.0,0.0,0.0,0.0,0.0,0.0,0.0,0.0,0.0
1,0,1.0,0.0,0.0,0.0,0.0,0.0,0.0,0.0,0.0,0.0,0.0,0.0
1,0,1.0,0.0,0.0,0.0,0.0,0.0,0.0,0.0,0.0,0.0,0.0,0.0
1,0,1.0,0.0,0.0,0.0,0.0,0.0,0.0,0.0,0.0,0.0,0.0,0.0
1,0,1.0,0.0,0.0,0.0,0.0,0.0,0.0,0.0,0.0,0.0,0.0,0.0
1,0,1.0,0.0,0.0,0.0,0.0,0.0,0.0,0.0,0.0,0.0,0.0,0.0
1,0,1.0,0.0,0.0,0.0,0.0,0.0,0.0,0.0,0.0,0.0,0.0,0.0
1,0,1.0,0.0,0.0,0.0,0.0,0.0,0.0,0.0,0.0,0.0,0.0,0.0
1,0,1.0,0.0,0.0,0.0,0.0,0.0,0.0,0.0,0.0,0.0,0.0,0.0
1,0,1.0,0.0,0.0,0.0,0.0,0.0,0.0,0.0,0.0,0.0,0.0,0.0
1,0,1.0,0.0,0.0,0.0,0.0,0.0,0.0,0.0,0.0,0.0,0.0,0.0
1,0,1.0,0.0,0.0,0.0,0.0,0.0,0.0,0.0,0.0,0.0,0.0,0.0
1,0,1.0,0.0,0.0,0.0,0.0,0.0,0.0,0.0,0.0,0.0,0.0,0.0
1,0,1.0,0.0,0.0,0.0,0.0,0.0,0.0,0.0,0.0,0.0,0.0,0.0
1,0,1.0,0.0,0.0,0.0,0.0,0.0,0.0,0.0,0.0,0.0,0.0,0.0
1,0,1.0,0.0,0.0,0.0,0.0,0.0,0.0,0.0,0.0,0.0,0.0,0.0
1,0,1.0,0.0,0.0,0.0,0.0,0.0,0.0,0.0,0.0,0.0,0.0,0.0
1,0,1.0,0.0,0.0,0.0,0.0,0.0,0.0,0.0,0.0,0.0,0.0,0.0
1,0,1.0,0.0,0.0,0.0,0.0,0.0,0.0,0.0,0.0,0.0,0.0,0.0
1,0,1.0,0.0,0.0,0.0,0.0,0.0,0.0,0.0,0.0,0.0,0.0,0.0
1,0,1.0,0.0,0.0,0.0,0.0,0.0,0.0,0.0,0.0,0.0,0.0,0.0
1,0,1.0,0.0,0.0,0.0,0.0,0.0,0.0,0.0,0.0,0.0,0.0,0.0
1,0,1.0,0.0,0.0,0.0,0.0,0.0,0.0,0.0,0.0,0.0,0.0,0.0
1,0,1.0,0.0,0.0,0.0,0.0,0.0,0.0,0.0,0.0,0.0,0.0,0.0
1,0,1.0,0.0,0.0,0.0,0.0,0.0,0.0,0.0,0.0,0.0,0.0,0.0
1,0,1.0,0.0,0.0,0.0,0.0,0.0,0.0,0.0,0.0,0.0,0.0,0.0
1,0,1.0,0.0,0.0,0.0,0.0,0.0,0.0,0.0,0.0,0.0,0.0,0.0
1,0,1.0,0.0,0.0,0.0,0.0,0.0,0.0,0.0,0.0,0.0,0.0,0.0
1,0,1.0,0.0,0.0,0.0,0.0,0.0,0.0,0.0,0.0,0.0,0.0,0.0
1,0,1.0,0.0,0.0,0.0,0.0,0.0,0.0,0.0,0.0,0.0,0.0,0.0
1,0,1.0,0.0,0.0,0.0,0.0,0.0,0.0,0.0,0.0,0.0,0.0,0.0
1,0,1.0,0.0,0.0,0.0,0.0,0.0,0.0,0.0,0.0,0.0,0.0,0.0
1,0,1.0,0.0,0.0,0.0,0.0,0.0,0.0,0.0,0.0,0.0,0.0,0.0
1,0,1.0,0.0,0.0,0.0,0.0,0.0,0.0,0.0,0.0,0.0,0.0,0.0
1,0,1.0,0.0,0.0,0.0,0.0,0.0,0.0,0.0,0.0,0.0,0.0,0.0
1,0,1.0,0.0,0.0,0.0,0.0,0.0,0.0,0.0,0.0,0.0,0.0,0.0
1,0,1.0,0.0,0.0,0.0,0.0,0.0,0.0,0.0,0.0,0.0,0.0,0.0
1,0,1.0,0.0,0.0,0.0,0.0,0.0,0.0,0.0,0.0,0.0,0.0,0.0
1,0,1.0,0.0,0.0,0.0,0.0,0.0,0.0,0.0,0.0,0.0,0.0,0.0
1,0,1.0,0.0,0.0,0.0,0.0,0.0,0.0,0.0,0.0,0.0,0.0,0.0
1,0,1.0,0.0,0.0,0.0,0.0,0.0,0.0,0.0,0.0,0.0,0.0,0.0
1,0,1.0,0.0,0.0,0.0,0.0,0.0,0.0,0.0,0.0,0.0,0.0,0.0
1,0,1.0,0.0,0.0,0.0,0.0,0.0,0.0,0.0,0.0,0.0,0.0,0.0
1,0,1.0,0.0,0.0,0.0,0.0,0.0,0.0,0.0,0.0,0.0,0.0,0.0
1,0,1.0,0.0,0.0,0.0,0.0,0.0,0.0,0.0,0.0,0.0,0.0,0.0
1,0,1.0,0.0,0.0,0.0,0.0,0.0,0.0,0.0,0.0,0.0,0.0,0.0
1,0,1.0,0.0,0.0,0.0,0.0,0.0,0.0,0.0,0.0,0.0,0.0,0.0
1,0,1.0,0.0,0.0,0.0,0.0,0.0,0.0,0.0,0.0,0.0,0.0,0.0
1,0,1.0,0.0,0.0,0.0,0.0,0.0,0.0,0.0,0.0,0.0,0.0,0.0
1,0,1.0,0.0,0.0,0.0,0.0,0.0,0.0,0.0,0.0,0.0,0.0,0.0
1,0,1.0,0.0,0.0,0.0,0.0,0.0,0.0,0.0,0.0,0.0,0.0,0.0
1,0,1.0,0.0,0.0,0.0,0.0,0.0,0.0,0.0,0.0,0.0,0.0,0.0
1,0,1.0,0.0,0.0,0.0,0.0,0.0,0.0,0.0,0.0,0.0,0.0,0.0
1,0,1.0,0.0,0.0,0.0,0.0,0.0,0.0,0.0,0.0,0.0,0.0,0.0
1,0,1.0,0.0,0.0,0.0,0.0,0.0,0.0,0.0,0.0,0.0,0.0,0.0
1,0,1.0,0.0,0.0,0.0,0.0,0.0,0.0,0.0,0.0,0.0,0.0,0.0
1,0,1.0,0.0,0.0,0.0,0.0,0.0,0.0,0.0,0.0,0.0,0.0,0.0
1,0,1.0,0.0,0.0,0.0,0.0,0.0,0.0,0.0,0.0,0.0,0.0,0.0
1,0,1.0,0.0,0.0,0.0,0.0,0.0,0.0,0.0,0.0,0.0,0.0,0.0
1,0,1.0,0.0,0.0,0.0,0.0,0.0,0.0,0.0,0.0,0.0,0.0,0.0
1,0,1.0,0.0,0.0,0.0,0.0,0.0,0.0,0.0,0.0,0.0,0.0,0.0
1,0,1.0,0.0,0.0,0.0,0.0,0.0,0.0,0.0,0.0,0.0,0.0,0.0
1,0,1.0,0.0,0.0,0.0,0.0,0.0,0.0,0.0,0.0,0.0,0.0,0.0
1,0,1.0,0.0,0.0,0.0,0.0,0.0,0.0,0.0,0.0,0.0,0.0,0.0
1,0,1.0,0.0,0.0,0.0,0.0,0.0,0.0,0.0,0.0,0.0,0.0,0.0
1,0,1.0,0.0,0.0,0.0,0.0,0.0,0.0,0.0,0.0,0.0,0.0,0.0
1,0,1.0,0.0,0.0,0.0,0.0,0.0,0.0,0.0,0.0,0.0,0.0,0.0
1,0,1.0,0.0,0.0,0.0,0.0,0.0,0.0,0.0,0.0,0.0,0.0,0.0
1,0,1.0,0.0,0.0,0.0,0.0,0.0,0.0,0.0,0.0,0.0,0.0,0.0
1,0,1.0,0.0,0.0,0.0,0.0,0.0,0.0,0.0,0.0,0.0,0.0,0.0
1,0,1.0,0.0,0.0,0.0,0.0,0.0,0.0,0.0,0.0,0.0,0.0,0.0
1,0,1.0,0.0,0.0,0.0,0.0,0.0,0.0,0.0,0.0,0.0,0.0,0.0
1,0,1.0,0.0,0.0,0.0,0.0,0.0,0.0,0.0,0.0,0.0,0.0,0.0
1,0,1.0,0.0,0.0,0.0,0.0,0.0,0.0,0.0,0.0,0.0,0.0,0.0
1,0,1.0,0.0,0.0,0.0,0.0,0.0,0.0,0.0,0.0,0.0,0.0,0.0
1,0,1.0,0.0,0.0,0.0,0.0,0.0,0.0,0.0,0.0,0.0,0.0,0.0
1,0,1.0,0.0,0.0,0.0,0.0,0.0,0.0,0.0,0.0,0.0,0.0,0.0
1,0,1.0,0.0,0.0,0.0,0.0,0.0,0.0,0.0,0.0,0.0,0.0,0.0
1,0,1.0,0.0,0.0,0.0,0.0,0.0,0.0,0.0,0.0,0.0,0.0,0.0
1,0,1.0,0.0,0.0,0.0,0.0,0.0,0.0,0.0,0.0,0.0,0.0,0.0
1,0,1.0,0.0,0.0,0.0,0.0,0.0,0.0,0.0,0.0,0.0,0.0,0.0
1,0,1.0,0.0,0.0,0.0,0.0,0.0,0.0,0.0,0.0,0.0,0.0,0.0
1,0,1.0,0.0,0.0,0.0,0.0,0.0,0.0,0.0,0.0,0.0,0.0,0.0
1,0,1.0,0.0,0.0,0.0,0.0,0.0,0.0,0.0,0.0,0.0,0.0,0.0
1,0,1.0,0.0,0.0,0.0,0.0,0.0,0.0,0.0,0.0,0.0,0.0,0.0
1,0,1.0,0.0,0.0,0.0,0.0,0.0,0.0,0.0,0.0,0.0,0.0,0.0
1,0,1.0,0.0,0.0,0.0,0.0,0.0,0.0,0.0,0.0,0.0,0.0,0.0
1,0,1.0,0.0,0.0,0.0,0.0,0.0,0.0,0.0,0.0,0.0,0.0,0.0
1,0,1.0,0.0,0.0,0.0,0.0,0.0,0.0,0.0,0.0,0.0,0.0,0.0
1,0,1.0,0.0,0.0,0.0,0.0,0.0,0.0,0.0,0.0,0.0,0.0,0.0
1,0,1.0,0.0,0.0,0.0,0.0,0.0,0.0,0.0,0.0,0.0,0.0,0.0
1,0,1.0,0.0,0.0,0.0,0.0,0.0,0.0,0.0,0.0,0.0,0.0,0.0
1,0,1.0,0.0,0.0,0.0,0.0,0.0,0.0,0.0,0.0,0.0,0.0,0.0
1,0,1.0,0.0,0.0,0.0,0.0,0.0,0.0,0.0,0.0,0.0,0.0,0.0
1,0,1.0,0.0,0.0,0.0,0.0,0.0,0.0,0.0,0.0,0.0,0.0,0.0
1,0,1.0,0.0,0.0,0.0,0.0,0.0,0.0,0.0,0.0,0.0,0.0,0.0
1,0,1.0,0.0,0.0,0.0,0.0,0.0,0.0,0.0,0.0,0.0,0.0,0.0
1,0,1.0,0.0,0.0,0.0,0.0,0.0,0.0,0.0,0.0,0.0,0.0,0.0
1,0,1.0,0.0,0.0,0.0,0.0,0.0,0.0,0.0,0.0,0.0,0.0,0.0
1,0,1.0,0.0,0.0,0.0,0.0,0.0,0.0,0.0,0.0,0.0,0.0,0.0
1,0,1.0,0.0,0.0,0.0,0.0,0.0,0.0,0.0,0.0,0.0,0.0,0.0
1,0,1.0,0.0,0.0,0.0,0.0,0.0,0.0,0.0,0.0,0.0,0.0,0.0
1,0,1.0,0.0,0.0,0.0,0.0,0.0,0.0,0.0,0.0,0.0,0.0,0.0
1,0,1.0,0.0,0.0,0.0,0.0,0.0,0.0,0.0,0.0,0.0,0.0,0.0
1,0,1.0,0.0,0.0,0.0,0.0,0.0,0.0,0.0,0.0,0.0,0.0,0.0
1,0,1.0,0.0,0.0,0.0,0.0,0.0,0.0,0.0,0.0,0.0,0.0,0.0
1,0,1.0,0.0,0.0,0.0,0.0,0.0,0.0,0.0,0.0,0.0,0.0,0.0
1,0,1.0,0.0,0.0,0.0,0.0,0.0,0.0,0.0,0.0,0.0,0.0,0.0
1,0,1.0,0.0,0.0,0.0,0.0,0.0,0.0,0.0,0.0,0.0,0.0,0.0
1,0,1.0,0.0,0.0,0.0,0.0,0.0,0.0,0.0,0.0,0.0,0.0,0.0
1,0,1.0,0.0,0.0,0.0,0.0,0.0,0.0,0.0,0.0,0.0,0.0,0.0
1,0,1.0,0.0,0.0,0.0,0.0,0.0,0.0,0.0,0.0,0.0,0.0,0.0
1,0,1.0,0.0,0.0,0.0,0.0,0.0,0.0,0.0,0.0,0.0,0.0,0.0
1,0,1.0,0.0,0.0,0.0,0.0,0.0,0.0,0.0,0.0,0.0,0.0,0.0
1,0,1.0,0.0,0.0,0.0,0.0,0.0,0.0,0.0,0.0,0.0,0.0,0.0
1,0,1.0,0.0,0.0,0.0,0.0,0.0,0.0,0.0,0.0,0.0,0.0,0.0
1,0,1.0,0.0,0.0,0.0,0.0,0.0,0.0,0.0,0.0,0.0,0.0,0.0
1,0,1.0,0.0,0.0,0.0,0.0,0.0,0.0,0.0,0.0,0.0,0.0,0.0
1,0,1.0,0.0,0.0,0.0,0.0,0.0,0.0,0.0,0.0,0.0,0.0,0.0
1,0,1.0,0.0,0.0,0.0,0.0,0.0,0.0,0.0,0.0,0.0,0.0,0.0
1,0,1.0,0.0,0.0,0.0,0.0,0.0,0.0,0.0,0.0,0.0,0.0,0.0
1,0,1.0,0.0,0.0,0.0,0.0,0.0,0.0,0.0,0.0,0.0,0.0,0.0
1,0,1.0,0.0,0.0,0.0,0.0,0.0,0.0,0.0,0.0,0.0,0.0,0.0
1,0,1.0,0.0,0.0,0.0,0.0,0.0,0.0,0.0,0.0,0.0,0.0,0.0
1,0,1.0,0.0,0.0,0.0,0.0,0.0,0.0,0.0,0.0,0.0,0.0,0.0
1,0,1.0,0.0,0.0,0.0,0.0,0.0,0.0,0.0,0.0,0.0,0.0,0.0
1,0,1.0,0.0,0.0,0.0,0.0,0.0,0.0,0.0,0.0,0.0,0.0,0.0
1,0,1.0,0.0,0.0,0.0,0.0,0.0,0.0,0.0,0.0,0.0,0.0,0.0
1,0,1.0,0.0,0.0,0.0,0.0,0.0,0.0,0.0,0.0,0.0,0.0,0.0
1,0,1.0,0.0,0.0,0.0,0.0,0.0,0.0,0.0,0.0,0.0,0.0,0.0
1,0,1.0,0.0,0.0,0.0,0.0,0.0,0.0,0.0,0.0,0.0,0.0,0.0
1,0,1.0,0.0,0.0,0.0,0.0,0.0,0.0,0.0,0.0,0.0,0.0,0.0
1,0,1.0,0.0,0.0,0.0,0.0,0.0,0.0,0.0,0.0,0.0,0.0,0.0
1,0,1.0,0.0,0.0,0.0,0.0,0.0,0.0,0.0,0.0,0.0,0.0,0.0
1,0,1.0,0.0,0.0,0.0,0.0,0.0,0.0,0.0,0.0,0.0,0.0,0.0
1,0,1.0,0.0,0.0,0.0,0.0,0.0,0.0,0.0,0.0,0.0,0.0,0.0
1,0,1.0,0.0,0.0,0.0,0.0,0.0,0.0,0.0,0.0,0.0,0.0,0.0
1,0,1.0,0.0,0.0,0.0,0.0,0.0,0.0,0.0,0.0,0.0,0.0,0.0
1,0,1.0,0.0,0.0,0.0,0.0,0.0,0.0,0.0,0.0,0.0,0.0,0.0
1,0,1.0,0.0,0.0,0.0,0.0,0.0,0.0,0.0,0.0,0.0,0.0,0.0
1,0,1.0,0.0,0.0,0.0,0.0,0.0,0.0,0.0,0.0,0.0,0.0,0.0
1,0,1.0,0.0,0.0,0.0,0.0,0.0,0.0,0.0,0.0,0.0,0.0,0.0
1,0,1.0,0.0,0.0,0.0,0.0,0.0,0.0,0.0,0.0,0.0,0.0,0.0
1,0,1.0,0.0,0.0,0.0,0.0,0.0,0.0,0.0,0.0,0.0,0.0,0.0
1,0,1.0,0.0,0.0,0.0,0.0,0.0,0.0,0.0,0.0,0.0,0.0,0.0
1,0,1.0,0.0,0.0,0.0,0.0,0.0,0.0,0.0,0.0,0.0,0.0,0.0
1,0,1.0,0.0,0.0,0.0,0.0,0.0,0.0,0.0,0.0,0.0,0.0,0.0
1,0,1.0,0.0,0.0,0.0,0.0,0.0,0.0,0.0,0.0,0.0,0.0,0.0
1,0,1.0,0.0,0.0,0.0,0.0,0.0,0.0,0.0,0.0,0.0,0.0,0.0
1,0,1.0,0.0,0.0,0.0,0.0,0.0,0.0,0.0,0.0,0.0,0.0,0.0
1,0,1.0,0.0,0.0,0.0,0.0,0.0,0.0,0.0,0.0,0.0,0.0,0.0
1,0,1.0,0.0,0.0,0.0,0.0,0.0,0.0,0.0,0.0,0.0,0.0,0.0
1,0,1.0,0.0,0.0,0.0,0.0,0.0,0.0,0.0,0.0,0.0,0.0,0.0
1,0,1.0,0.0,0.0,0.0,0.0,0.0,0.0,0.0,0.0,0.0,0.0,0.0
1,0,1.0,0.0,0.0,0.0,0.0,0.0,0.0,0.0,0.0,0.0,0.0,0.0
1,0,1.0,0.0,0.0,0.0,0.0,0.0,0.0,0.0,0.0,0.0,0.0,0.0
1,0,1.0,0.0,0.0,0.0,0.0,0.0,0.0,0.0,0.0,0.0,0.0,0.0
1,0,1.0,0.0,0.0,0.0,0.0,0.0,0.0,0.0,0.0,0.0,0.0,0.0
1,0,1.0,0.0,0.0,0.0,0.0,0.0,0.0,0.0,0.0,0.0,0.0,0.0
1,0,1.0,0.0,0.0,0.0,0.0,0.0,0.0,0.0,0.0,0.0,0.0,0.0
1,0,1.0,0.0,0.0,0.0,0.0,0.0,0.0,0.0,0.0,0.0,0.0,0.0
1,0,1.0,0.0,0.0,0.0,0.0,0.0,0.0,0.0,0.0,0.0,0.0,0.0
1,0,1.0,0.0,0.0,0.0,0.0,0.0,0.0,0.0,0.0,0.0,0.0,0.0
1,0,1.0,0.0,0.0,0.0,0.0,0.0,0.0,0.0,0.0,0.0,0.0,0.0
1,0,1.0,0.0,0.0,0.0,0.0,0.0,0.0,0.0,0.0,0.0,0.0,0.0
1,0,1.0,0.0,0.0,0.0,0.0,0.0,0.0,0.0,0.0,0.0,0.0,0.0
1,0,1.0,0.0,0.0,0.0,0.0,0.0,0.0,0.0,0.0,0.0,0.0,0.0
1,0,1.0,0.0,0.0,0.0,0.0,0.0,0.0,0.0,0.0,0.0,0.0,0.0
1,0,1.0,0.0,0.0,0.0,0.0,0.0,0.0,0.0,0.0,0.0,0.0,0.0
1,0,1.0,0.0,0.0,0.0,0.0,0.0,0.0,0.0,0.0,0.0,0.0,0.0
1,0,1.0,0.0,0.0,0.0,0.0,0.0,0.0,0.0,0.0,0.0,0.0,0.0
1,0,1.0,0.0,0.0,0.0,0.0,0.0,0.0,0.0,0.0,0.0,0.0,0.0
1,0,1.0,0.0,0.0,0.0,0.0,0.0,0.0,0.0,0.0,0.0,0.0,0.0
1,0,1.0,0.0,0.0,0.0,0.0,0.0,0.0,0.0,0.0,0.0,0.0,0.0
1,0,1.0,0.0,0.0,0.0,0.0,0.0,0.0,0.0,0.0,0.0,0.0,0.0
1,0,1.0,0.0,0.0,0.0,0.0,0.0,0.0,0.0,0.0,0.0,0.0,0.0
1,0,1.0,0.0,0.0,0.0,0.0,0.0,0.0,0.0,0.0,0.0,0.0,0.0
1,0,1.0,0.0,0.0,0.0,0.0,0.0,0.0,0.0,0.0,0.0,0.0,0.0
1,0,1.0,0.0,0.0,0.0,0.0,0.0,0.0,0.0,0.0,0.0,0.0,0.0
1,0,1.0,0.0,0.0,0.0,0.0,0.0,0.0,0.0,0.0,0.0,0.0,0.0
1,0,1.0,0.0,0.0,0.0,0.0,0.0,0.0,0.0,0.0,0.0,0.0,0.0
1,0,1.0,0.0,0.0,0.0,0.0,0.0,0.0,0.0,0.0,0.0,0.0,0.0
1,0,1.0,0.0,0.0,0.0,0.0,0.0,0.0,0.0,0.0,0.0,0.0,0.0
1,0,1.0,0.0,0.0,0.0,0.0,0.0,0.0,0.0,0.0,0.0,0.0,0.0
1,0,1.0,0.0,0.0,0.0,0.0,0.0,0.0,0.0,0.0,0.0,0.0,0.0
1,0,1.0,0.0,0.0,0.0,0.0,0.0,0.0,0.0,0.0,0.0,0.0,0.0
1,0,1.0,0.0,0.0,0.0,0.0,0.0,0.0,0.0,0.0,0.0,0.0,0.0
1,0,1.0,0.0,0.0,0.0,0.0,0.0,0.0,0.0,0.0,0.0,0.0,0.0
1,0,1.0,0.0,0.0,0.0,0.0,0.0,0.0,0.0,0.0,0.0,0.0,0.0
1,0,1.0,0.0,0.0,0.0,0.0,0.0,0.0,0.0,0.0,0.0,0.0,0.0
1,0,1.0,0.0,0.0,0.0,0.0,0.0,0.0,0.0,0.0,0.0,0.0,0.0
1,0,1.0,0.0,0.0,0.0,0.0,0.0,0.0,0.0,0.0,0.0,0.0,0.0
1,0,1.0,0.0,0.0,0.0,0.0,0.0,0.0,0.0,0.0,0.0,0.0,0.0
1,0,1.0,0.0,0.0,0.0,0.0,0.0,0.0,0.0,0.0,0.0,0.0,0.0
1,0,1.0,0.0,0.0,0.0,0.0,0.0,0.0,0.0,0.0,0.0,0.0,0.0
1,0,1.0,0.0,0.0,0.0,0.0,0.0,0.0,0.0,0.0,0.0,0.0,0.0
1,0,1.0,0.0,0.0,0.0,0.0,0.0,0.0,0.0,0.0,0.0,0.0,0.0
1,0,1.0,0.0,0.0,0.0,0.0,0.0,0.0,0.0,0.0,0.0,0.0,0.0
1,0,1.0,0.0,0.0,0.0,0.0,0.0,0.0,0.0,0.0,0.0,0.0,0.0
1,0,1.0,0.0,0.0,0.0,0.0,0.0,0.0,0.0,0.0,0.0,0.0,0.0
1,0,1.0,0.0,0.0,0.0,0.0,0.0,0.0,0.0,0.0,0.0,0.0,0.0
1,0,1.0,0.0,0.0,0.0,0.0,0.0,0.0,0.0,0.0,0.0,0.0,0.0
1,0,1.0,0.0,0.0,0.0,0.0,0.0,0.0,0.0,0.0,0.0,0.0,0.0
1,0,1.0,0.0,0.0,0.0,0.0,0.0,0.0,0.0,0.0,0.0,0.0,0.0
1,0,1.0,0.0,0.0,0.0,0.0,0.0,0.0,0.0,0.0,0.0,0.0,0.0
1,0,1.0,0.0,0.0,0.0,0.0,0.0,0.0,0.0,0.0,0.0,0.0,0.0
1,0,1.0,0.0,0.0,0.0,0.0,0.0,0.0,0.0,0.0,0.0,0.0,0.0
1,0,1.0,0.0,0.0,0.0,0.0,0.0,0.0,0.0,0.0,0.0,0.0,0.0
1,0,1.0,0.0,0.0,0.0,0.0,0.0,0.0,0.0,0.0,0.0,0.0,0.0
1,0,1.0,0.0,0.0,0.0,0.0,0.0,0.0,0.0,0.0,0.0,0.0,0.0
1,0,1.0,0.0,0.0,0.0,0.0,0.0,0.0,0.0,0.0,0.0,0.0,0.0
1,0,1.0,0.0,0.0,0.0,0.0,0.0,0.0,0.0,0.0,0.0,0.0,0.0
1,0,1.0,0.0,0.0,0.0,0.0,0.0,0.0,0.0,0.0,0.0,0.0,0.0
1,0,1.0,0.0,0.0,0.0,0.0,0.0,0.0,0.0,0.0,0.0,0.0,0.0
1,0,1.0,0.0,0.0,0.0,0.0,0.0,0.0,0.0,0.0,0.0,0.0,0.0
1,0,1.0,0.0,0.0,0.0,0.0,0.0,0.0,0.0,0.0,0.0,0.0,0.0
1,0,1.0,0.0,0.0,0.0,0.0,0.0,0.0,0.0,0.0,0.0,0.0,0.0
1,0,1.0,0.0,0.0,0.0,0.0,0.0,0.0,0.0,0.0,0.0,0.0,0.0
1,0,1.0,0.0,0.0,0.0,0.0,0.0,0.0,0.0,0.0,0.0,0.0,0.0
1,0,1.0,0.0,0.0,0.0,0.0,0.0,0.0,0.0,0.0,0.0,0.0,0.0
1,0,1.0,0.0,0.0,0.0,0.0,0.0,0.0,0.0,0.0,0.0,0.0,0.0
1,0,1.0,0.0,0.0,0.0,0.0,0.0,0.0,0.0,0.0,0.0,0.0,0.0
1,0,1.0,0.0,0.0,0.0,0.0,0.0,0.0,0.0,0.0,0.0,0.0,0.0
1,0,1.0,0.0,0.0,0.0,0.0,0.0,0.0,0.0,0.0,0.0,0.0,0.0
1,0,1.0,0.0,0.0,0.0,0.0,0.0,0.0,0.0,0.0,0.0,0.0,0.0
1,0,1.0,0.0,0.0,0.0,0.0,0.0,0.0,0.0,0.0,0.0,0.0,0.0
1,0,1.0,0.0,0.0,0.0,0.0,0.0,0.0,0.0,0.0,0.0,0.0,0.0
1,0,1.0,0.0,0.0,0.0,0.0,0.0,0.0,0.0,0.0,0.0,0.0,0.0
1,0,1.0,0.0,0.0,0.0,0.0,0.0,0.0,0.0,0.0,0.0,0.0,0.0
1,0,1.0,0.0,0.0,0.0,0.0,0.0,0.0,0.0,0.0,0.0,0.0,0.0
1,0,1.0,0.0,0.0,0.0,0.0,0.0,0.0,0.0,0.0,0.0,0.0,0.0
1,0,1.0,0.0,0.0,0.0,0.0,0.0,0.0,0.0,0.0,0.0,0.0,0.0
1,0,1.0,0.0,0.0,0.0,0.0,0.0,0.0,0.0,0.0,0.0,0.0,0.0
1,0,1.0,0.0,0.0,0.0,0.0,0.0,0.0,0.0,0.0,0.0,0.0,0.0
1,0,1.0,0.0,0.0,0.0,0.0,0.0,0.0,0.0,0.0,0.0,0.0,0.0
1,0,1.0,0.0,0.0,0.0,0.0,0.0,0.0,0.0,0.0,0.0,0.0,0.0
1,0,1.0,0.0,0.0,0.0,0.0,0.0,0.0,0.0,0.0,0.0,0.0,0.0
1,0,1.0,0.0,0.0,0.0,0.0,0.0,0.0,0.0,0.0,0.0,0.0,0.0
1,0,1.0,0.0,0.0,0.0,0.0,0.0,0.0,0.0,0.0,0.0,0.0,0.0
1,0,1.0,0.0,0.0,0.0,0.0,0.0,0.0,0.0,0.0,0.0,0.0,0.0
1,0,1.0,0.0,0.0,0.0,0.0,0.0,0.0,0.0,0.0,0.0,0.0,0.0
1,0,1.0,0.0,0.0,0.0,0.0,0.0,0.0,0.0,0.0,0.0,0.0,0.0
1,0,1.0,0.0,0.0,0.0,0.0,0.0,0.0,0.0,0.0,0.0,0.0,0.0
1,0,1.0,0.0,0.0,0.0,0.0,0.0,0.0,0.0,0.0,0.0,0.0,0.0
1,0,1.0,0.0,0.0,0.0,0.0,0.0,0.0,0.0,0.0,0.0,0.0,0.0
1,0,1.0,0.0,0.0,0.0,0.0,0.0,0.0,0.0,0.0,0.0,0.0,0.0
1,0,1.0,0.0,0.0,0.0,0.0,0.0,0.0,0.0,0.0,0.0,0.0,0.0
1,0,1.0,0.0,0.0,0.0,0.0,0.0,0.0,0.0,0.0,0.0,0.0,0.0
1,0,1.0,0.0,0.0,0.0,0.0,0.0,0.0,0.0,0.0,0.0,0.0,0.0
1,0,1.0,0.0,0.0,0.0,0.0,0.0,0.0,0.0,0.0,0.0,0.0,0.0
1,0,1.0,0.0,0.0,0.0,0.0,0.0,0.0,0.0,0.0,0.0,0.0,0.0
1,0,1.0,0.0,0.0,0.0,0.0,0.0,0.0,0.0,0.0,0.0,0.0,0.0
1,0,1.0,0.0,0.0,0.0,0.0,0.0,0.0,0.0,0.0,0.0,0.0,0.0
1,0,1.0,0.0,0.0,0.0,0.0,0.0,0.0,0.0,0.0,0.0,0.0,0.0
1,0,1.0,0.0,0.0,0.0,0.0,0.0,0.0,0.0,0.0,0.0,0.0,0.0
1,0,1.0,0.0,0.0,0.0,0.0,0.0,0.0,0.0,0.0,0.0,0.0,0.0
1,0,1.0,0.0,0.0,0.0,0.0,0.0,0.0,0.0,0.0,0.0,0.0,0.0
1,0,1.0,0.0,0.0,0.0,0.0,0.0,0.0,0.0,0.0,0.0,0.0,0.0
1,0,1.0,0.0,0.0,0.0,0.0,0.0,0.0,0.0,0.0,0.0,0.0,0.0
1,0,1.0,0.0,0.0,0.0,0.0,0.0,0.0,0.0,0.0,0.0,0.0,0.0
1,0,1.0,0.0,0.0,0.0,0.0,0.0,0.0,0.0,0.0,0.0,0.0,0.0
1,0,1.0,0.0,0.0,0.0,0.0,0.0,0.0,0.0,0.0,0.0,0.0,0.0
1,0,1.0,0.0,0.0,0.0,0.0,0.0,0.0,0.0,0.0,0.0,0.0,0.0
1,0,1.0,0.0,0.0,0.0,0.0,0.0,0.0,0.0,0.0,0.0,0.0,0.0
1,0,1.0,0.0,0.0,0.0,0.0,0.0,0.0,0.0,0.0,0.0,0.0,0.0
1,0,1.0,0.0,0.0,0.0,0.0,0.0,0.0,0.0,0.0,0.0,0.0,0.0
1,0,1.0,0.0,0.0,0.0,0.0,0.0,0.0,0.0,0.0,0.0,0.0,0.0
1,0,1.0,0.0,0.0,0.0,0.0,0.0,0.0,0.0,0.0,0.0,0.0,0.0
1,0,1.0,0.0,0.0,0.0,0.0,0.0,0.0,0.0,0.0,0.0,0.0,0.0
1,0,1.0,0.0,0.0,0.0,0.0,0.0,0.0,0.0,0.0,0.0,0.0,0.0
1,0,1.0,0.0,0.0,0.0,0.0,0.0,0.0,0.0,0.0,0.0,0.0,0.0
1,0,1.0,0.0,0.0,0.0,0.0,0.0,0.0,0.0,0.0,0.0,0.0,0.0
1,0,1.0,0.0,0.0,0.0,0.0,0.0,0.0,0.0,0.0,0.0,0.0,0.0
1,0,1.0,0.0,0.0,0.0,0.0,0.0,0.0,0.0,0.0,0.0,0.0,0.0
1,0,1.0,0.0,0.0,0.0,0.0,0.0,0.0,0.0,0.0,0.0,0.0,0.0
1,0,1.0,0.0,0.0,0.0,0.0,0.0,0.0,0.0,0.0,0.0,0.0,0.0
1,0,1.0,0.0,0.0,0.0,0.0,0.0,0.0,0.0,0.0,0.0,0.0,0.0
1,0,1.0,0.0,0.0,0.0,0.0,0.0,0.0,0.0,0.0,0.0,0.0,0.0
1,0,1.0,0.0,0.0,0.0,0.0,0.0,0.0,0.0,0.0,0.0,0.0,0.0
1,0,1.0,0.0,0.0,0.0,0.0,0.0,0.0,0.0,0.0,0.0,0.0,0.0
1,0,1.0,0.0,0.0,0.0,0.0,0.0,0.0,0.0,0.0,0.0,0.0,0.0
1,0,1.0,0.0,0.0,0.0,0.0,0.0,0.0,0.0,0.0,0.0,0.0,0.0
1,0,1.0,0.0,0.0,0.0,0.0,0.0,0.0,0.0,0.0,0.0,0.0,0.0
1,0,1.0,0.0,0.0,0.0,0.0,0.0,0.0,0.0,0.0,0.0,0.0,0.0
1,0,1.0,0.0,0.0,0.0,0.0,0.0,0.0,0.0,0.0,0.0,0.0,0.0
1,0,1.0,0.0,0.0,0.0,0.0,0.0,0.0,0.0,0.0,0.0,0.0,0.0
1,0,1.0,0.0,0.0,0.0,0.0,0.0,0.0,0.0,0.0,0.0,0.0,0.0
1,0,1.0,0.0,0.0,0.0,0.0,0.0,0.0,0.0,0.0,0.0,0.0,0.0
1,0,1.0,0.0,0.0,0.0,0.0,0.0,0.0,0.0,0.0,0.0,0.0,0.0
1,0,1.0,0.0,0.0,0.0,0.0,0.0,0.0,0.0,0.0,0.0,0.0,0.0
1,0,1.0,0.0,0.0,0.0,0.0,0.0,0.0,0.0,0.0,0.0,0.0,0.0
1,0,1.0,0.0,0.0,0.0,0.0,0.0,0.0,0.0,0.0,0.0,0.0,0.0
1,0,1.0,0.0,0.0,0.0,0.0,0.0,0.0,0.0,0.0,0.0,0.0,0.0
1,0,1.0,0.0,0.0,0.0,0.0,0.0,0.0,0.0,0.0,0.0,0.0,0.0
1,0,1.0,0.0,0.0,0.0,0.0,0.0,0.0,0.0,0.0,0.0,0.0,0.0
1,0,1.0,0.0,0.0,0.0,0.0,0.0,0.0,0.0,0.0,0.0,0.0,0.0
1,0,1.0,0.0,0.0,0.0,0.0,0.0,0.0,0.0,0.0,0.0,0.0,0.0
1,0,1.0,0.0,0.0,0.0,0.0,0.0,0.0,0.0,0.0,0.0,0.0,0.0
1,0,1.0,0.0,0.0,0.0,0.0,0.0,0.0,0.0,0.0,0.0,0.0,0.0
1,0,1.0,0.0,0.0,0.0,0.0,0.0,0.0,0.0,0.0,0.0,0.0,0.0
1,0,1.0,0.0,0.0,0.0,0.0,0.0,0.0,0.0,0.0,0.0,0.0,0.0
1,0,1.0,0.0,0.0,0.0,0.0,0.0,0.0,0.0,0.0,0.0,0.0,0.0
1,0,1.0,0.0,0.0,0.0,0.0,0.0,0.0,0.0,0.0,0.0,0.0,0.0
1,0,1.0,0.0,0.0,0.0,0.0,0.0,0.0,0.0,0.0,0.0,0.0,0.0
1,0,1.0,0.0,0.0,0.0,0.0,0.0,0.0,0.0,0.0,0.0,0.0,0.0
1,0,1.0,0.0,0.0,0.0,0.0,0.0,0.0,0.0,0.0,0.0,0.0,0.0
1,0,1.0,0.0,0.0,0.0,0.0,0.0,0.0,0.0,0.0,0.0,0.0,0.0
1,0,1.0,0.0,0.0,0.0,0.0,0.0,0.0,0.0,0.0,0.0,0.0,0.0
1,0,1.0,0.0,0.0,0.0,0.0,0.0,0.0,0.0,0.0,0.0,0.0,0.0
1,0,1.0,0.0,0.0,0.0,0.0,0.0,0.0,0.0,0.0,0.0,0.0,0.0
1,0,1.0,0.0,0.0,0.0,0.0,0.0,0.0,0.0,0.0,0.0,0.0,0.0
1,0,1.0,0.0,0.0,0.0,0.0,0.0,0.0,0.0,0.0,0.0,0.0,0.0
1,0,1.0,0.0,0.0,0.0,0.0,0.0,0.0,0.0,0.0,0.0,0.0,0.0
1,0,1.0,0.0,0.0,0.0,0.0,0.0,0.0,0.0,0.0,0.0,0.0,0.0
1,0,1.0,0.0,0.0,0.0,0.0,0.0,0.0,0.0,0.0,0.0,0.0,0.0
1,0,1.0,0.0,0.0,0.0,0.0,0.0,0.0,0.0,0.0,0.0,0.0,0.0
1,0,1.0,0.0,0.0,0.0,0.0,0.0,0.0,0.0,0.0,0.0,0.0,0.0
1,0,1.0,0.0,0.0,0.0,0.0,0.0,0.0,0.0,0.0,0.0,0.0,0.0
1,0,1.0,0.0,0.0,0.0,0.0,0.0,0.0,0.0,0.0,0.0,0.0,0.0
1,0,1.0,0.0,0.0,0.0,0.0,0.0,0.0,0.0,0.0,0.0,0.0,0.0
1,0,1.0,0.0,0.0,0.0,0.0,0.0,0.0,0.0,0.0,0.0,0.0,0.0
1,0,1.0,0.0,0.0,0.0,0.0,0.0,0.0,0.0,0.0,0.0,0.0,0.0
1,0,1.0,0.0,0.0,0.0,0.0,0.0,0.0,0.0,0.0,0.0,0.0,0.0
1,0,1.0,0.0,0.0,0.0,0.0,0.0,0.0,0.0,0.0,0.0,0.0,0.0
1,0,1.0,0.0,0.0,0.0,0.0,0.0,0.0,0.0,0.0,0.0,0.0,0.0
1,0,1.0,0.0,0.0,0.0,0.0,0.0,0.0,0.0,0.0,0.0,0.0,0.0
1,0,1.0,0.0,0.0,0.0,0.0,0.0,0.0,0.0,0.0,0.0,0.0,0.0
1,0,1.0,0.0,0.0,0.0,0.0,0.0,0.0,0.0,0.0,0.0,0.0,0.0
1,0,1.0,0.0,0.0,0.0,0.0,0.0,0.0,0.0,0.0,0.0,0.0,0.0
1,0,1.0,0.0,0.0,0.0,0.0,0.0,0.0,0.0,0.0,0.0,0.0,0.0
1,0,1.0,0.0,0.0,0.0,0.0,0.0,0.0,0.0,0.0,0.0,0.0,0.0
1,0,1.0,0.0,0.0,0.0,0.0,0.0,0.0,0.0,0.0,0.0,0.0,0.0
1,0,1.0,0.0,0.0,0.0,0.0,0.0,0.0,0.0,0.0,0.0,0.0,0.0
1,0,1.0,0.0,0.0,0.0,0.0,0.0,0.0,0.0,0.0,0.0,0.0,0.0
1,0,1.0,0.0,0.0,0.0,0.0,0.0,0.0,0.0,0.0,0.0,0.0,0.0
1,0,1.0,0.0,0.0,0.0,0.0,0.0,0.0,0.0,0.0,0.0,0.0,0.0
1,0,1.0,0.0,0.0,0.0,0.0,0.0,0.0,0.0,0.0,0.0,0.0,0.0
1,0,1.0,0.0,0.0,0.0,0.0,0.0,0.0,0.0,0.0,0.0,0.0,0.0
1,0,1.0,0.0,0.0,0.0,0.0,0.0,0.0,0.0,0.0,0.0,0.0,0.0
1,0,1.0,0.0,0.0,0.0,0.0,0.0,0.0,0.0,0.0,0.0,0.0,0.0
1,0,1.0,0.0,0.0,0.0,0.0,0.0,0.0,0.0,0.0,0.0,0.0,0.0
1,0,1.0,0.0,0.0,0.0,0.0,0.0,0.0,0.0,0.0,0.0,0.0,0.0
1,0,1.0,0.0,0.0,0.0,0.0,0.0,0.0,0.0,0.0,0.0,0.0,0.0
1,0,1.0,0.0,0.0,0.0,0.0,0.0,0.0,0.0,0.0,0.0,0.0,0.0
1,0,1.0,0.0,0.0,0.0,0.0,0.0,0.0,0.0,0.0,0.0,0.0,0.0
1,0,1.0,0.0,0.0,0.0,0.0,0.0,0.0,0.0,0.0,0.0,0.0,0.0
1,0,1.0,0.0,0.0,0.0,0.0,0.0,0.0,0.0,0.0,0.0,0.0,0.0
1,0,1.0,0.0,0.0,0.0,0.0,0.0,0.0,0.0,0.0,0.0,0.0,0.0
1,0,1.0,0.0,0.0,0.0,0.0,0.0,0.0,0.0,0.0,0.0,0.0,0.0
1,0,1.0,0.0,0.0,0.0,0.0,0.0,0.0,0.0,0.0,0.0,0.0,0.0
1,0,1.0,0.0,0.0,0.0,0.0,0.0,0.0,0.0,0.0,0.0,0.0,0.0
1,0,1.0,0.0,0.0,0.0,0.0,0.0,0.0,0.0,0.0,0.0,0.0,0.0
1,0,1.0,0.0,0.0,0.0,0.0,0.0,0.0,0.0,0.0,0.0,0.0,0.0
1,0,1.0,0.0,0.0,0.0,0.0,0.0,0.0,0.0,0.0,0.0,0.0,0.0
1,0,1.0,0.0,0.0,0.0,0.0,0.0,0.0,0.0,0.0,0.0,0.0,0.0
1,0,1.0,0.0,0.0,0.0,0.0,0.0,0.0,0.0,0.0,0.0,0.0,0.0
1,0,1.0,0.0,0.0,0.0,0.0,0.0,0.0,0.0,0.0,0.0,0.0,0.0
1,0,1.0,0.0,0.0,0.0,0.0,0.0,0.0,0.0,0.0,0.0,0.0,0.0
1,0,1.0,0.0,0.0,0.0,0.0,0.0,0.0,0.0,0.0,0.0,0.0,0.0
1,0,1.0,0.0,0.0,0.0,0.0,0.0,0.0,0.0,0.0,0.0,0.0,0.0
1,0,1.0,0.0,0.0,0.0,0.0,0.0,0.0,0.0,0.0,0.0,0.0,0.0
1,0,1.0,0.0,0.0,0.0,0.0,0.0,0.0,0.0,0.0,0.0,0.0,0.0
1,0,1.0,0.0,0.0,0.0,0.0,0.0,0.0,0.0,0.0,0.0,0.0,0.0
1,0,1.0,0.0,0.0,0.0,0.0,0.0,0.0,0.0,0.0,0.0,0.0,0.0
1,0,1.0,0.0,0.0,0.0,0.0,0.0,0.0,0.0,0.0,0.0,0.0,0.0
1,0,1.0,0.0,0.0,0.0,0.0,0.0,0.0,0.0,0.0,0.0,0.0,0.0
1,0,1.0,0.0,0.0,0.0,0.0,0.0,0.0,0.0,0.0,0.0,0.0,0.0
1,0,1.0,0.0,0.0,0.0,0.0,0.0,0.0,0.0,0.0,0.0,0.0,0.0
1,0,1.0,0.0,0.0,0.0,0.0,0.0,0.0,0.0,0.0,0.0,0.0,0.0
1,0,1.0,0.0,0.0,0.0,0.0,0.0,0.0,0.0,0.0,0.0,0.0,0.0
1,0,1.0,0.0,0.0,0.0,0.0,0.0,0.0,0.0,0.0,0.0,0.0,0.0
1,0,1.0,0.0,0.0,0.0,0.0,0.0,0.0,0.0,0.0,0.0,0.0,0.0
1,0,1.0,0.0,0.0,0.0,0.0,0.0,0.0,0.0,0.0,0.0,0.0,0.0
1,0,1.0,0.0,0.0,0.0,0.0,0.0,0.0,0.0,0.0,0.0,0.0,0.0
1,0,1.0,0.0,0.0,0.0,0.0,0.0,0.0,0.0,0.0,0.0,0.0,0.0
1,0,1.0,0.0,0.0,0.0,0.0,0.0,0.0,0.0,0.0,0.0,0.0,0.0
1,0,1.0,0.0,0.0,0.0,0.0,0.0,0.0,0.0,0.0,0.0,0.0,0.0
1,0,1.0,0.0,0.0,0.0,0.0,0.0,0.0,0.0,0.0,0.0,0.0,0.0
1,0,1.0,0.0,0.0,0.0,0.0,0.0,0.0,0.0,0.0,0.0,0.0,0.0
1,0,1.0,0.0,0.0,0.0,0.0,0.0,0.0,0.0,0.0,0.0,0.0,0.0
1,0,1.0,0.0,0.0,0.0,0.0,0.0,0.0,0.0,0.0,0.0,0.0,0.0
1,0,1.0,0.0,0.0,0.0,0.0,0.0,0.0,0.0,0.0,0.0,0.0,0.0
1,0,1.0,0.0,0.0,0.0,0.0,0.0,0.0,0.0,0.0,0.0,0.0,0.0
1,0,1.0,0.0,0.0,0.0,0.0,0.0,0.0,0.0,0.0,0.0,0.0,0.0
1,0,1.0,0.0,0.0,0.0,0.0,0.0,0.0,0.0,0.0,0.0,0.0,0.0
1,0,1.0,0.0,0.0,0.0,0.0,0.0,0.0,0.0,0.0,0.0,0.0,0.0
1,0,1.0,0.0,0.0,0.0,0.0,0.0,0.0,0.0,0.0,0.0,0.0,0.0
1,0,1.0,0.0,0.0,0.0,0.0,0.0,0.0,0.0,0.0,0.0,0.0,0.0
1,0,1.0,0.0,0.0,0.0,0.0,0.0,0.0,0.0,0.0,0.0,0.0,0.0
1,0,1.0,0.0,0.0,0.0,0.0,0.0,0.0,0.0,0.0,0.0,0.0,0.0
1,0,1.0,0.0,0.0,0.0,0.0,0.0,0.0,0.0,0.0,0.0,0.0,0.0
1,0,1.0,0.0,0.0,0.0,0.0,0.0,0.0,0.0,0.0,0.0,0.0,0.0
1,0,1.0,0.0,0.0,0.0,0.0,0.0,0.0,0.0,0.0,0.0,0.0,0.0
1,0,1.0,0.0,0.0,0.0,0.0,0.0,0.0,0.0,0.0,0.0,0.0,0.0
1,0,1.0,0.0,0.0,0.0,0.0,0.0,0.0,0.0,0.0,0.0,0.0,0.0
1,0,1.0,0.0,0.0,0.0,0.0,0.0,0.0,0.0,0.0,0.0,0.0,0.0
1,0,1.0,0.0,0.0,0.0,0.0,0.0,0.0,0.0,0.0,0.0,0.0,0.0
1,0,1.0,0.0,0.0,0.0,0.0,0.0,0.0,0.0,0.0,0.0,0.0,0.0
1,0,1.0,0.0,0.0,0.0,0.0,0.0,0.0,0.0,0.0,0.0,0.0,0.0
1,0,1.0,0.0,0.0,0.0,0.0,0.0,0.0,0.0,0.0,0.0,0.0,0.0
1,0,1.0,0.0,0.0,0.0,0.0,0.0,0.0,0.0,0.0,0.0,0.0,0.0
1,0,1.0,0.0,0.0,0.0,0.0,0.0,0.0,0.0,0.0,0.0,0.0,0.0
1,0,1.0,0.0,0.0,0.0,0.0,0.0,0.0,0.0,0.0,0.0,0.0,0.0
1,0,1.0,0.0,0.0,0.0,0.0,0.0,0.0,0.0,0.0,0.0,0.0,0.0
1,0,1.0,0.0,0.0,0.0,0.0,0.0,0.0,0.0,0.0,0.0,0.0,0.0
1,0,1.0,0.0,0.0,0.0,0.0,0.0,0.0,0.0,0.0,0.0,0.0,0.0
1,0,1.0,0.0,0.0,0.0,0.0,0.0,0.0,0.0,0.0,0.0,0.0,0.0
1,0,1.0,0.0,0.0,0.0,0.0,0.0,0.0,0.0,0.0,0.0,0.0,0.0
1,0,1.0,0.0,0.0,0.0,0.0,0.0,0.0,0.0,0.0,0.0,0.0,0.0
1,0,1.0,0.0,0.0,0.0,0.0,0.0,0.0,0.0,0.0,0.0,0.0,0.0
1,0,1.0,0.0,0.0,0.0,0.0,0.0,0.0,0.0,0.0,0.0,0.0,0.0
1,0,1.0,0.0,0.0,0.0,0.0,0.0,0.0,0.0,0.0,0.0,0.0,0.0
1,0,1.0,0.0,0.0,0.0,0.0,0.0,0.0,0.0,0.0,0.0,0.0,0.0
1,0,1.0,0.0,0.0,0.0,0.0,0.0,0.0,0.0,0.0,0.0,0.0,0.0
1,0,1.0,0.0,0.0,0.0,0.0,0.0,0.0,0.0,0.0,0.0,0.0,0.0
1,0,1.0,0.0,0.0,0.0,0.0,0.0,0.0,0.0,0.0,0.0,0.0,0.0
1,0,1.0,0.0,0.0,0.0,0.0,0.0,0.0,0.0,0.0,0.0,0.0,0.0
1,0,1.0,0.0,0.0,0.0,0.0,0.0,0.0,0.0,0.0,0.0,0.0,0.0
1,0,1.0,0.0,0.0,0.0,0.0,0.0,0.0,0.0,0.0,0.0,0.0,0.0
1,0,1.0,0.0,0.0,0.0,0.0,0.0,0.0,0.0,0.0,0.0,0.0,0.0
1,0,1.0,0.0,0.0,0.0,0.0,0.0,0.0,0.0,0.0,0.0,0.0,0.0
1,0,1.0,0.0,0.0,0.0,0.0,0.0,0.0,0.0,0.0,0.0,0.0,0.0
1,0,1.0,0.0,0.0,0.0,0.0,0.0,0.0,0.0,0.0,0.0,0.0,0.0
1,0,1.0,0.0,0.0,0.0,0.0,0.0,0.0,0.0,0.0,0.0,0.0,0.0
1,0,1.0,0.0,0.0,0.0,0.0,0.0,0.0,0.0,0.0,0.0,0.0,0.0
1,0,1.0,0.0,0.0,0.0,0.0,0.0,0.0,0.0,0.0,0.0,0.0,0.0
1,0,1.0,0.0,0.0,0.0,0.0,0.0,0.0,0.0,0.0,0.0,0.0,0.0
1,0,1.0,0.0,0.0,0.0,0.0,0.0,0.0,0.0,0.0,0.0,0.0,0.0
1,0,1.0,0.0,0.0,0.0,0.0,0.0,0.0,0.0,0.0,0.0,0.0,0.0
1,0,1.0,0.0,0.0,0.0,0.0,0.0,0.0,0.0,0.0,0.0,0.0,0.0
1,0,1.0,0.0,0.0,0.0,0.0,0.0,0.0,0.0,0.0,0.0,0.0,0.0
1,0,1.0,0.0,0.0,0.0,0.0,0.0,0.0,0.0,0.0,0.0,0.0,0.0
1,0,1.0,0.0,0.0,0.0,0.0,0.0,0.0,0.0,0.0,0.0,0.0,0.0
1,0,1.0,0.0,0.0,0.0,0.0,0.0,0.0,0.0,0.0,0.0,0.0,0.0
1,0,1.0,0.0,0.0,0.0,0.0,0.0,0.0,0.0,0.0,0.0,0.0,0.0
1,0,1.0,0.0,0.0,0.0,0.0,0.0,0.0,0.0,0.0,0.0,0.0,0.0
1,0,1.0,0.0,0.0,0.0,0.0,0.0,0.0,0.0,0.0,0.0,0.0,0.0
1,0,1.0,0.0,0.0,0.0,0.0,0.0,0.0,0.0,0.0,0.0,0.0,0.0
1,0,1.0,0.0,0.0,0.0,0.0,0.0,0.0,0.0,0.0,0.0,0.0,0.0
1,0,1.0,0.0,0.0,0.0,0.0,0.0,0.0,0.0,0.0,0.0,0.0,0.0
1,0,1.0,0.0,0.0,0.0,0.0,0.0,0.0,0.0,0.0,0.0,0.0,0.0
1,0,1.0,0.0,0.0,0.0,0.0,0.0,0.0,0.0,0.0,0.0,0.0,0.0
1,0,1.0,0.0,0.0,0.0,0.0,0.0,0.0,0.0,0.0,0.0,0.0,0.0
1,0,1.0,0.0,0.0,0.0,0.0,0.0,0.0,0.0,0.0,0.0,0.0,0.0
1,0,1.0,0.0,0.0,0.0,0.0,0.0,0.0,0.0,0.0,0.0,0.0,0.0
1,0,1.0,0.0,0.0,0.0,0.0,0.0,0.0,0.0,0.0,0.0,0.0,0.0
1,0,1.0,0.0,0.0,0.0,0.0,0.0,0.0,0.0,0.0,0.0,0.0,0.0
1,0,1.0,0.0,0.0,0.0,0.0,0.0,0.0,0.0,0.0,0.0,0.0,0.0
1,0,1.0,0.0,0.0,0.0,0.0,0.0,0.0,0.0,0.0,0.0,0.0,0.0
1,0,1.0,0.0,0.0,0.0,0.0,0.0,0.0,0.0,0.0,0.0,0.0,0.0
1,0,1.0,0.0,0.0,0.0,0.0,0.0,0.0,0.0,0.0,0.0,0.0,0.0
1,0,1.0,0.0,0.0,0.0,0.0,0.0,0.0,0.0,0.0,0.0,0.0,0.0
1,0,1.0,0.0,0.0,0.0,0.0,0.0,0.0,0.0,0.0,0.0,0.0,0.0
1,0,1.0,0.0,0.0,0.0,0.0,0.0,0.0,0.0,0.0,0.0,0.0,0.0
1,0,1.0,0.0,0.0,0.0,0.0,0.0,0.0,0.0,0.0,0.0,0.0,0.0
1,0,1.0,0.0,0.0,0.0,0.0,0.0,0.0,0.0,0.0,0.0,0.0,0.0
1,0,1.0,0.0,0.0,0.0,0.0,0.0,0.0,0.0,0.0,0.0,0.0,0.0
1,0,1.0,0.0,0.0,0.0,0.0,0.0,0.0,0.0,0.0,0.0,0.0,0.0
1,0,1.0,0.0,0.0,0.0,0.0,0.0,0.0,0.0,0.0,0.0,0.0,0.0
1,0,1.0,0.0,0.0,0.0,0.0,0.0,0.0,0.0,0.0,0.0,0.0,0.0
1,0,1.0,0.0,0.0,0.0,0.0,0.0,0.0,0.0,0.0,0.0,0.0,0.0
1,0,1.0,0.0,0.0,0.0,0.0,0.0,0.0,0.0,0.0,0.0,0.0,0.0
1,0,1.0,0.0,0.0,0.0,0.0,0.0,0.0,0.0,0.0,0.0,0.0,0.0
1,0,1.0,0.0,0.0,0.0,0.0,0.0,0.0,0.0,0.0,0.0,0.0,0.0
1,0,1.0,0.0,0.0,0.0,0.0,0.0,0.0,0.0,0.0,0.0,0.0,0.0
1,0,1.0,0.0,0.0,0.0,0.0,0.0,0.0,0.0,0.0,0.0,0.0,0.0
1,0,1.0,0.0,0.0,0.0,0.0,0.0,0.0,0.0,0.0,0.0,0.0,0.0
1,0,1.0,0.0,0.0,0.0,0.0,0.0,0.0,0.0,0.0,0.0,0.0,0.0
1,0,1.0,0.0,0.0,0.0,0.0,0.0,0.0,0.0,0.0,0.0,0.0,0.0
1,0,1.0,0.0,0.0,0.0,0.0,0.0,0.0,0.0,0.0,0.0,0.0,0.0
1,0,1.0,0.0,0.0,0.0,0.0,0.0,0.0,0.0,0.0,0.0,0.0,0.0
1,0,1.0,0.0,0.0,0.0,0.0,0.0,0.0,0.0,0.0,0.0,0.0,0.0
1,0,1.0,0.0,0.0,0.0,0.0,0.0,0.0,0.0,0.0,0.0,0.0,0.0
1,0,1.0,0.0,0.0,0.0,0.0,0.0,0.0,0.0,0.0,0.0,0.0,0.0
1,0,1.0,0.0,0.0,0.0,0.0,0.0,0.0,0.0,0.0,0.0,0.0,0.0
1,0,1.0,0.0,0.0,0.0,0.0,0.0,0.0,0.0,0.0,0.0,0.0,0.0
1,0,1.0,0.0,0.0,0.0,0.0,0.0,0.0,0.0,0.0,0.0,0.0,0.0
1,0,1.0,0.0,0.0,0.0,0.0,0.0,0.0,0.0,0.0,0.0,0.0,0.0
1,0,1.0,0.0,0.0,0.0,0.0,0.0,0.0,0.0,0.0,0.0,0.0,0.0
1,0,1.0,0.0,0.0,0.0,0.0,0.0,0.0,0.0,0.0,0.0,0.0,0.0
1,0,1.0,0.0,0.0,0.0,0.0,0.0,0.0,0.0,0.0,0.0,0.0,0.0
1,0,1.0,0.0,0.0,0.0,0.0,0.0,0.0,0.0,0.0,0.0,0.0,0.0
1,0,1.0,0.0,0.0,0.0,0.0,0.0,0.0,0.0,0.0,0.0,0.0,0.0
1,0,1.0,0.0,0.0,0.0,0.0,0.0,0.0,0.0,0.0,0.0,0.0,0.0
1,0,1.0,0.0,0.0,0.0,0.0,0.0,0.0,0.0,0.0,0.0,0.0,0.0
1,0,1.0,0.0,0.0,0.0,0.0,0.0,0.0,0.0,0.0,0.0,0.0,0.0
1,0,1.0,0.0,0.0,0.0,0.0,0.0,0.0,0.0,0.0,0.0,0.0,0.0
1,0,1.0,0.0,0.0,0.0,0.0,0.0,0.0,0.0,0.0,0.0,0.0,0.0
1,0,1.0,0.0,0.0,0.0,0.0,0.0,0.0,0.0,0.0,0.0,0.0,0.0
1,0,1.0,0.0,0.0,0.0,0.0,0.0,0.0,0.0,0.0,0.0,0.0,0.0
1,0,1.0,0.0,0.0,0.0,0.0,0.0,0.0,0.0,0.0,0.0,0.0,0.0
1,0,1.0,0.0,0.0,0.0,0.0,0.0,0.0,0.0,0.0,0.0,0.0,0.0
1,0,1.0,0.0,0.0,0.0,0.0,0.0,0.0,0.0,0.0,0.0,0.0,0.0
1,0,1.0,0.0,0.0,0.0,0.0,0.0,0.0,0.0,0.0,0.0,0.0,0.0
1,0,1.0,0.0,0.0,0.0,0.0,0.0,0.0,0.0,0.0,0.0,0.0,0.0
1,0,1.0,0.0,0.0,0.0,0.0,0.0,0.0,0.0,0.0,0.0,0.0,0.0
1,0,1.0,0.0,0.0,0.0,0.0,0.0,0.0,0.0,0.0,0.0,0.0,0.0
1,0,1.0,0.0,0.0,0.0,0.0,0.0,0.0,0.0,0.0,0.0,0.0,0.0
1,0,1.0,0.0,0.0,0.0,0.0,0.0,0.0,0.0,0.0,0.0,0.0,0.0
1,0,1.0,0.0,0.0,0.0,0.0,0.0,0.0,0.0,0.0,0.0,0.0,0.0
1,0,1.0,0.0,0.0,0.0,0.0,0.0,0.0,0.0,0.0,0.0,0.0,0.0
1,0,1.0,0.0,0.0,0.0,0.0,0.0,0.0,0.0,0.0,0.0,0.0,0.0
1,0,1.0,0.0,0.0,0.0,0.0,0.0,0.0,0.0,0.0,0.0,0.0,0.0
1,0,1.0,0.0,0.0,0.0,0.0,0.0,0.0,0.0,0.0,0.0,0.0,0.0
1,0,1.0,0.0,0.0,0.0,0.0,0.0,0.0,0.0,0.0,0.0,0.0,0.0
1,0,1.0,0.0,0.0,0.0,0.0,0.0,0.0,0.0,0.0,0.0,0.0,0.0
1,0,1.0,0.0,0.0,0.0,0.0,0.0,0.0,0.0,0.0,0.0,0.0,0.0
1,0,1.0,0.0,0.0,0.0,0.0,0.0,0.0,0.0,0.0,0.0,0.0,0.0
1,0,1.0,0.0,0.0,0.0,0.0,0.0,0.0,0.0,0.0,0.0,0.0,0.0
1,0,1.0,0.0,0.0,0.0,0.0,0.0,0.0,0.0,0.0,0.0,0.0,0.0
1,0,1.0,0.0,0.0,0.0,0.0,0.0,0.0,0.0,0.0,0.0,0.0,0.0
1,0,1.0,0.0,0.0,0.0,0.0,0.0,0.0,0.0,0.0,0.0,0.0,0.0
1,0,1.0,0.0,0.0,0.0,0.0,0.0,0.0,0.0,0.0,0.0,0.0,0.0
1,0,1.0,0.0,0.0,0.0,0.0,0.0,0.0,0.0,0.0,0.0,0.0,0.0
1,0,1.0,0.0,0.0,0.0,0.0,0.0,0.0,0.0,0.0,0.0,0.0,0.0
1,0,1.0,0.0,0.0,0.0,0.0,0.0,0.0,0.0,0.0,0.0,0.0,0.0
1,0,1.0,0.0,0.0,0.0,0.0,0.0,0.0,0.0,0.0,0.0,0.0,0.0
1,0,1.0,0.0,0.0,0.0,0.0,0.0,0.0,0.0,0.0,0.0,0.0,0.0
1,0,1.0,0.0,0.0,0.0,0.0,0.0,0.0,0.0,0.0,0.0,0.0,0.0
1,0,1.0,0.0,0.0,0.0,0.0,0.0,0.0,0.0,0.0,0.0,0.0,0.0
1,0,1.0,0.0,0.0,0.0,0.0,0.0,0.0,0.0,0.0,0.0,0.0,0.0
1,0,1.0,0.0,0.0,0.0,0.0,0.0,0.0,0.0,0.0,0.0,0.0,0.0
1,0,1.0,0.0,0.0,0.0,0.0,0.0,0.0,0.0,0.0,0.0,0.0,0.0
1,0,1.0,0.0,0.0,0.0,0.0,0.0,0.0,0.0,0.0,0.0,0.0,0.0
1,0,1.0,0.0,0.0,0.0,0.0,0.0,0.0,0.0,0.0,0.0,0.0,0.0
1,0,1.0,0.0,0.0,0.0,0.0,0.0,0.0,0.0,0.0,0.0,0.0,0.0
1,0,1.0,0.0,0.0,0.0,0.0,0.0,0.0,0.0,0.0,0.0,0.0,0.0
1,0,1.0,0.0,0.0,0.0,0.0,0.0,0.0,0.0,0.0,0.0,0.0,0.0
1,0,1.0,0.0,0.0,0.0,0.0,0.0,0.0,0.0,0.0,0.0,0.0,0.0
1,0,1.0,0.0,0.0,0.0,0.0,0.0,0.0,0.0,0.0,0.0,0.0,0.0
1,0,1.0,0.0,0.0,0.0,0.0,0.0,0.0,0.0,0.0,0.0,0.0,0.0
1,0,1.0,0.0,0.0,0.0,0.0,0.0,0.0,0.0,0.0,0.0,0.0,0.0
1,0,1.0,0.0,0.0,0.0,0.0,0.0,0.0,0.0,0.0,0.0,0.0,0.0
1,0,1.0,0.0,0.0,0.0,0.0,0.0,0.0,0.0,0.0,0.0,0.0,0.0
1,0,1.0,0.0,0.0,0.0,0.0,0.0,0.0,0.0,0.0,0.0,0.0,0.0
1,0,1.0,0.0,0.0,0.0,0.0,0.0,0.0,0.0,0.0,0.0,0.0,0.0
1,0,1.0,0.0,0.0,0.0,0.0,0.0,0.0,0.0,0.0,0.0,0.0,0.0
1,0,1.0,0.0,0.0,0.0,0.0,0.0,0.0,0.0,0.0,0.0,0.0,0.0
1,0,1.0,0.0,0.0,0.0,0.0,0.0,0.0,0.0,0.0,0.0,0.0,0.0
1,0,1.0,0.0,0.0,0.0,0.0,0.0,0.0,0.0,0.0,0.0,0.0,0.0
1,0,1.0,0.0,0.0,0.0,0.0,0.0,0.0,0.0,0.0,0.0,0.0,0.0
1,0,1.0,0.0,0.0,0.0,0.0,0.0,0.0,0.0,0.0,0.0,0.0,0.0
1,0,1.0,0.0,0.0,0.0,0.0,0.0,0.0,0.0,0.0,0.0,0.0,0.0
1,0,1.0,0.0,0.0,0.0,0.0,0.0,0.0,0.0,0.0,0.0,0.0,0.0
1,0,1.0,0.0,0.0,0.0,0.0,0.0,0.0,0.0,0.0,0.0,0.0,0.0
1,0,1.0,0.0,0.0,0.0,0.0,0.0,0.0,0.0,0.0,0.0,0.0,0.0
1,0,1.0,0.0,0.0,0.0,0.0,0.0,0.0,0.0,0.0,0.0,0.0,0.0
1,0,1.0,0.0,0.0,0.0,0.0,0.0,0.0,0.0,0.0,0.0,0.0,0.0
1,0,1.0,0.0,0.0,0.0,0.0,0.0,0.0,0.0,0.0,0.0,0.0,0.0
1,0,1.0,0.0,0.0,0.0,0.0,0.0,0.0,0.0,0.0,0.0,0.0,0.0
1,0,1.0,0.0,0.0,0.0,0.0,0.0,0.0,0.0,0.0,0.0,0.0,0.0
1,0,1.0,0.0,0.0,0.0,0.0,0.0,0.0,0.0,0.0,0.0,0.0,0.0
1,0,1.0,0.0,0.0,0.0,0.0,0.0,0.0,0.0,0.0,0.0,0.0,0.0
1,0,1.0,0.0,0.0,0.0,0.0,0.0,0.0,0.0,0.0,0.0,0.0,0.0
1,0,1.0,0.0,0.0,0.0,0.0,0.0,0.0,0.0,0.0,0.0,0.0,0.0
1,0,1.0,0.0,0.0,0.0,0.0,0.0,0.0,0.0,0.0,0.0,0.0,0.0
1,0,1.0,0.0,0.0,0.0,0.0,0.0,0.0,0.0,0.0,0.0,0.0,0.0
1,0,1.0,0.0,0.0,0.0,0.0,0.0,0.0,0.0,0.0,0.0,0.0,0.0
1,0,1.0,0.0,0.0,0.0,0.0,0.0,0.0,0.0,0.0,0.0,0.0,0.0
1,0,1.0,0.0,0.0,0.0,0.0,0.0,0.0,0.0,0.0,0.0,0.0,0.0
1,0,1.0,0.0,0.0,0.0,0.0,0.0,0.0,0.0,0.0,0.0,0.0,0.0
1,0,1.0,0.0,0.0,0.0,0.0,0.0,0.0,0.0,0.0,0.0,0.0,0.0
1,0,1.0,0.0,0.0,0.0,0.0,0.0,0.0,0.0,0.0,0.0,0.0,0.0
1,0,1.0,0.0,0.0,0.0,0.0,0.0,0.0,0.0,0.0,0.0,0.0,0.0
1,0,1.0,0.0,0.0,0.0,0.0,0.0,0.0,0.0,0.0,0.0,0.0,0.0
1,0,1.0,0.0,0.0,0.0,0.0,0.0,0.0,0.0,0.0,0.0,0.0,0.0
1,0,1.0,0.0,0.0,0.0,0.0,0.0,0.0,0.0,0.0,0.0,0.0,0.0
1,0,1.0,0.0,0.0,0.0,0.0,0.0,0.0,0.0,0.0,0.0,0.0,0.0
1,0,1.0,0.0,0.0,0.0,0.0,0.0,0.0,0.0,0.0,0.0,0.0,0.0
1,0,1.0,0.0,0.0,0.0,0.0,0.0,0.0,0.0,0.0,0.0,0.0,0.0
1,0,1.0,0.0,0.0,0.0,0.0,0.0,0.0,0.0,0.0,0.0,0.0,0.0
1,0,1.0,0.0,0.0,0.0,0.0,0.0,0.0,0.0,0.0,0.0,0.0,0.0
1,0,1.0,0.0,0.0,0.0,0.0,0.0,0.0,0.0,0.0,0.0,0.0,0.0
1,0,1.0,0.0,0.0,0.0,0.0,0.0,0.0,0.0,0.0,0.0,0.0,0.0
1,0,1.0,0.0,0.0,0.0,0.0,0.0,0.0,0.0,0.0,0.0,0.0,0.0
1,0,1.0,0.0,0.0,0.0,0.0,0.0,0.0,0.0,0.0,0.0,0.0,0.0
1,0,1.0,0.0,0.0,0.0,0.0,0.0,0.0,0.0,0.0,0.0,0.0,0.0
1,0,1.0,0.0,0.0,0.0,0.0,0.0,0.0,0.0,0.0,0.0,0.0,0.0
1,0,1.0,0.0,0.0,0.0,0.0,0.0,0.0,0.0,0.0,0.0,0.0,0.0
1,0,1.0,0.0,0.0,0.0,0.0,0.0,0.0,0.0,0.0,0.0,0.0,0.0
1,0,1.0,0.0,0.0,0.0,0.0,0.0,0.0,0.0,0.0,0.0,0.0,0.0
1,0,1.0,0.0,0.0,0.0,0.0,0.0,0.0,0.0,0.0,0.0,0.0,0.0
1,0,1.0,0.0,0.0,0.0,0.0,0.0,0.0,0.0,0.0,0.0,0.0,0.0
1,0,1.0,0.0,0.0,0.0,0.0,0.0,0.0,0.0,0.0,0.0,0.0,0.0
1,0,1.0,0.0,0.0,0.0,0.0,0.0,0.0,0.0,0.0,0.0,0.0,0.0
1,0,1.0,0.0,0.0,0.0,0.0,0.0,0.0,0.0,0.0,0.0,0.0,0.0
1,0,1.0,0.0,0.0,0.0,0.0,0.0,0.0,0.0,0.0,0.0,0.0,0.0
1,0,1.0,0.0,0.0,0.0,0.0,0.0,0.0,0.0,0.0,0.0,0.0,0.0
1,0,1.0,0.0,0.0,0.0,0.0,0.0,0.0,0.0,0.0,0.0,0.0,0.0
1,0,1.0,0.0,0.0,0.0,0.0,0.0,0.0,0.0,0.0,0.0,0.0,0.0
1,0,1.0,0.0,0.0,0.0,0.0,0.0,0.0,0.0,0.0,0.0,0.0,0.0
1,0,1.0,0.0,0.0,0.0,0.0,0.0,0.0,0.0,0.0,0.0,0.0,0.0
1,0,1.0,0.0,0.0,0.0,0.0,0.0,0.0,0.0,0.0,0.0,0.0,0.0
1,0,1.0,0.0,0.0,0.0,0.0,0.0,0.0,0.0,0.0,0.0,0.0,0.0
1,0,1.0,0.0,0.0,0.0,0.0,0.0,0.0,0.0,0.0,0.0,0.0,0.0
1,0,1.0,0.0,0.0,0.0,0.0,0.0,0.0,0.0,0.0,0.0,0.0,0.0
1,0,1.0,0.0,0.0,0.0,0.0,0.0,0.0,0.0,0.0,0.0,0.0,0.0
1,0,1.0,0.0,0.0,0.0,0.0,0.0,0.0,0.0,0.0,0.0,0.0,0.0
1,0,1.0,0.0,0.0,0.0,0.0,0.0,0.0,0.0,0.0,0.0,0.0,0.0
1,0,1.0,0.0,0.0,0.0,0.0,0.0,0.0,0.0,0.0,0.0,0.0,0.0
1,0,1.0,0.0,0.0,0.0,0.0,0.0,0.0,0.0,0.0,0.0,0.0,0.0
1,0,1.0,0.0,0.0,0.0,0.0,0.0,0.0,0.0,0.0,0.0,0.0,0.0
1,0,1.0,0.0,0.0,0.0,0.0,0.0,0.0,0.0,0.0,0.0,0.0,0.0
1,0,1.0,0.0,0.0,0.0,0.0,0.0,0.0,0.0,0.0,0.0,0.0,0.0
1,0,1.0,0.0,0.0,0.0,0.0,0.0,0.0,0.0,0.0,0.0,0.0,0.0
1,0,1.0,0.0,0.0,0.0,0.0,0.0,0.0,0.0,0.0,0.0,0.0,0.0
1,0,1.0,0.0,0.0,0.0,0.0,0.0,0.0,0.0,0.0,0.0,0.0,0.0
1,0,1.0,0.0,0.0,0.0,0.0,0.0,0.0,0.0,0.0,0.0,0.0,0.0
1,0,1.0,0.0,0.0,0.0,0.0,0.0,0.0,0.0,0.0,0.0,0.0,0.0
1,0,1.0,0.0,0.0,0.0,0.0,0.0,0.0,0.0,0.0,0.0,0.0,0.0
1,0,1.0,0.0,0.0,0.0,0.0,0.0,0.0,0.0,0.0,0.0,0.0,0.0
1,0,1.0,0.0,0.0,0.0,0.0,0.0,0.0,0.0,0.0,0.0,0.0,0.0
1,0,1.0,0.0,0.0,0.0,0.0,0.0,0.0,0.0,0.0,0.0,0.0,0.0
1,0,1.0,0.0,0.0,0.0,0.0,0.0,0.0,0.0,0.0,0.0,0.0,0.0
1,0,1.0,0.0,0.0,0.0,0.0,0.0,0.0,0.0,0.0,0.0,0.0,0.0
1,0,1.0,0.0,0.0,0.0,0.0,0.0,0.0,0.0,0.0,0.0,0.0,0.0
1,0,1.0,0.0,0.0,0.0,0.0,0.0,0.0,0.0,0.0,0.0,0.0,0.0
1,0,1.0,0.0,0.0,0.0,0.0,0.0,0.0,0.0,0.0,0.0,0.0,0.0
1,0,1.0,0.0,0.0,0.0,0.0,0.0,0.0,0.0,0.0,0.0,0.0,0.0
1,0,1.0,0.0,0.0,0.0,0.0,0.0,0.0,0.0,0.0,0.0,0.0,0.0
1,0,1.0,0.0,0.0,0.0,0.0,0.0,0.0,0.0,0.0,0.0,0.0,0.0
1,0,1.0,0.0,0.0,0.0,0.0,0.0,0.0,0.0,0.0,0.0,0.0,0.0
1,0,1.0,0.0,0.0,0.0,0.0,0.0,0.0,0.0,0.0,0.0,0.0,0.0
1,0,1.0,0.0,0.0,0.0,0.0,0.0,0.0,0.0,0.0,0.0,0.0,0.0
1,0,1.0,0.0,0.0,0.0,0.0,0.0,0.0,0.0,0.0,0.0,0.0,0.0
1,0,1.0,0.0,0.0,0.0,0.0,0.0,0.0,0.0,0.0,0.0,0.0,0.0
1,0,1.0,0.0,0.0,0.0,0.0,0.0,0.0,0.0,0.0,0.0,0.0,0.0
1,0,1.0,0.0,0.0,0.0,0.0,0.0,0.0,0.0,0.0,0.0,0.0,0.0
1,0,1.0,0.0,0.0,0.0,0.0,0.0,0.0,0.0,0.0,0.0,0.0,0.0
1,0,1.0,0.0,0.0,0.0,0.0,0.0,0.0,0.0,0.0,0.0,0.0,0.0
1,0,1.0,0.0,0.0,0.0,0.0,0.0,0.0,0.0,0.0,0.0,0.0,0.0
1,0,1.0,0.0,0.0,0.0,0.0,0.0,0.0,0.0,0.0,0.0,0.0,0.0
1,0,1.0,0.0,0.0,0.0,0.0,0.0,0.0,0.0,0.0,0.0,0.0,0.0
1,0,1.0,0.0,0.0,0.0,0.0,0.0,0.0,0.0,0.0,0.0,0.0,0.0
1,0,1.0,0.0,0.0,0.0,0.0,0.0,0.0,0.0,0.0,0.0,0.0,0.0
1,0,1.0,0.0,0.0,0.0,0.0,0.0,0.0,0.0,0.0,0.0,0.0,0.0
1,0,1.0,0.0,0.0,0.0,0.0,0.0,0.0,0.0,0.0,0.0,0.0,0.0
1,0,1.0,0.0,0.0,0.0,0.0,0.0,0.0,0.0,0.0,0.0,0.0,0.0
1,0,1.0,0.0,0.0,0.0,0.0,0.0,0.0,0.0,0.0,0.0,0.0,0.0
1,0,1.0,0.0,0.0,0.0,0.0,0.0,0.0,0.0,0.0,0.0,0.0,0.0
1,0,1.0,0.0,0.0,0.0,0.0,0.0,0.0,0.0,0.0,0.0,0.0,0.0
1,0,1.0,0.0,0.0,0.0,0.0,0.0,0.0,0.0,0.0,0.0,0.0,0.0
1,0,1.0,0.0,0.0,0.0,0.0,0.0,0.0,0.0,0.0,0.0,0.0,0.0
1,0,1.0,0.0,0.0,0.0,0.0,0.0,0.0,0.0,0.0,0.0,0.0,0.0
1,0,1.0,0.0,0.0,0.0,0.0,0.0,0.0,0.0,0.0,0.0,0.0,0.0
1,0,1.0,0.0,0.0,0.0,0.0,0.0,0.0,0.0,0.0,0.0,0.0,0.0
1,0,1.0,0.0,0.0,0.0,0.0,0.0,0.0,0.0,0.0,0.0,0.0,0.0
1,0,1.0,0.0,0.0,0.0,0.0,0.0,0.0,0.0,0.0,0.0,0.0,0.0
1,0,1.0,0.0,0.0,0.0,0.0,0.0,0.0,0.0,0.0,0.0,0.0,0.0
1,0,1.0,0.0,0.0,0.0,0.0,0.0,0.0,0.0,0.0,0.0,0.0,0.0
1,0,1.0,0.0,0.0,0.0,0.0,0.0,0.0,0.0,0.0,0.0,0.0,0.0
1,0,1.0,0.0,0.0,0.0,0.0,0.0,0.0,0.0,0.0,0.0,0.0,0.0
1,0,1.0,0.0,0.0,0.0,0.0,0.0,0.0,0.0,0.0,0.0,0.0,0.0
1,0,1.0,0.0,0.0,0.0,0.0,0.0,0.0,0.0,0.0,0.0,0.0,0.0
1,0,1.0,0.0,0.0,0.0,0.0,0.0,0.0,0.0,0.0,0.0,0.0,0.0
1,0,1.0,0.0,0.0,0.0,0.0,0.0,0.0,0.0,0.0,0.0,0.0,0.0
1,0,1.0,0.0,0.0,0.0,0.0,0.0,0.0,0.0,0.0,0.0,0.0,0.0
1,0,1.0,0.0,0.0,0.0,0.0,0.0,0.0,0.0,0.0,0.0,0.0,0.0
1,0,1.0,0.0,0.0,0.0,0.0,0.0,0.0,0.0,0.0,0.0,0.0,0.0
1,0,1.0,0.0,0.0,0.0,0.0,0.0,0.0,0.0,0.0,0.0,0.0,0.0
1,0,1.0,0.0,0.0,0.0,0.0,0.0,0.0,0.0,0.0,0.0,0.0,0.0
1,0,1.0,0.0,0.0,0.0,0.0,0.0,0.0,0.0,0.0,0.0,0.0,0.0
1,0,1.0,0.0,0.0,0.0,0.0,0.0,0.0,0.0,0.0,0.0,0.0,0.0
1,0,1.0,0.0,0.0,0.0,0.0,0.0,0.0,0.0,0.0,0.0,0.0,0.0
1,0,1.0,0.0,0.0,0.0,0.0,0.0,0.0,0.0,0.0,0.0,0.0,0.0
1,0,1.0,0.0,0.0,0.0,0.0,0.0,0.0,0.0,0.0,0.0,0.0,0.0
1,0,1.0,0.0,0.0,0.0,0.0,0.0,0.0,0.0,0.0,0.0,0.0,0.0
1,0,1.0,0.0,0.0,0.0,0.0,0.0,0.0,0.0,0.0,0.0,0.0,0.0
1,0,1.0,0.0,0.0,0.0,0.0,0.0,0.0,0.0,0.0,0.0,0.0,0.0
1,0,1.0,0.0,0.0,0.0,0.0,0.0,0.0,0.0,0.0,0.0,0.0,0.0
1,0,1.0,0.0,0.0,0.0,0.0,0.0,0.0,0.0,0.0,0.0,0.0,0.0
1,0,1.0,0.0,0.0,0.0,0.0,0.0,0.0,0.0,0.0,0.0,0.0,0.0
1,0,1.0,0.0,0.0,0.0,0.0,0.0,0.0,0.0,0.0,0.0,0.0,0.0
1,0,1.0,0.0,0.0,0.0,0.0,0.0,0.0,0.0,0.0,0.0,0.0,0.0
1,0,1.0,0.0,0.0,0.0,0.0,0.0,0.0,0.0,0.0,0.0,0.0,0.0
1,0,1.0,0.0,0.0,0.0,0.0,0.0,0.0,0.0,0.0,0.0,0.0,0.0
1,0,1.0,0.0,0.0,0.0,0.0,0.0,0.0,0.0,0.0,0.0,0.0,0.0
1,0,1.0,0.0,0.0,0.0,0.0,0.0,0.0,0.0,0.0,0.0,0.0,0.0
1,0,1.0,0.0,0.0,0.0,0.0,0.0,0.0,0.0,0.0,0.0,0.0,0.0
1,0,1.0,0.0,0.0,0.0,0.0,0.0,0.0,0.0,0.0,0.0,0.0,0.0
1,0,1.0,0.0,0.0,0.0,0.0,0.0,0.0,0.0,0.0,0.0,0.0,0.0
1,0,1.0,0.0,0.0,0.0,0.0,0.0,0.0,0.0,0.0,0.0,0.0,0.0
1,0,1.0,0.0,0.0,0.0,0.0,0.0,0.0,0.0,0.0,0.0,0.0,0.0
1,0,1.0,0.0,0.0,0.0,0.0,0.0,0.0,0.0,0.0,0.0,0.0,0.0
1,0,1.0,0.0,0.0,0.0,0.0,0.0,0.0,0.0,0.0,0.0,0.0,0.0
1,0,1.0,0.0,0.0,0.0,0.0,0.0,0.0,0.0,0.0,0.0,0.0,0.0
1,0,1.0,0.0,0.0,0.0,0.0,0.0,0.0,0.0,0.0,0.0,0.0,0.0
1,0,1.0,0.0,0.0,0.0,0.0,0.0,0.0,0.0,0.0,0.0,0.0,0.0
1,0,1.0,0.0,0.0,0.0,0.0,0.0,0.0,0.0,0.0,0.0,0.0,0.0
1,0,1.0,0.0,0.0,0.0,0.0,0.0,0.0,0.0,0.0,0.0,0.0,0.0
1,0,1.0,0.0,0.0,0.0,0.0,0.0,0.0,0.0,0.0,0.0,0.0,0.0
1,0,1.0,0.0,0.0,0.0,0.0,0.0,0.0,0.0,0.0,0.0,0.0,0.0
1,0,1.0,0.0,0.0,0.0,0.0,0.0,0.0,0.0,0.0,0.0,0.0,0.0
1,0,1.0,0.0,0.0,0.0,0.0,0.0,0.0,0.0,0.0,0.0,0.0,0.0
1,0,1.0,0.0,0.0,0.0,0.0,0.0,0.0,0.0,0.0,0.0,0.0,0.0
1,0,1.0,0.0,0.0,0.0,0.0,0.0,0.0,0.0,0.0,0.0,0.0,0.0
1,0,1.0,0.0,0.0,0.0,0.0,0.0,0.0,0.0,0.0,0.0,0.0,0.0
1,0,1.0,0.0,0.0,0.0,0.0,0.0,0.0,0.0,0.0,0.0,0.0,0.0
1,0,1.0,0.0,0.0,0.0,0.0,0.0,0.0,0.0,0.0,0.0,0.0,0.0
1,0,1.0,0.0,0.0,0.0,0.0,0.0,0.0,0.0,0.0,0.0,0.0,0.0
1,0,1.0,0.0,0.0,0.0,0.0,0.0,0.0,0.0,0.0,0.0,0.0,0.0
1,0,1.0,0.0,0.0,0.0,0.0,0.0,0.0,0.0,0.0,0.0,0.0,0.0
1,0,1.0,0.0,0.0,0.0,0.0,0.0,0.0,0.0,0.0,0.0,0.0,0.0
1,0,1.0,0.0,0.0,0.0,0.0,0.0,0.0,0.0,0.0,0.0,0.0,0.0
1,0,1.0,0.0,0.0,0.0,0.0,0.0,0.0,0.0,0.0,0.0,0.0,0.0
1,0,1.0,0.0,0.0,0.0,0.0,0.0,0.0,0.0,0.0,0.0,0.0,0.0
1,0,1.0,0.0,0.0,0.0,0.0,0.0,0.0,0.0,0.0,0.0,0.0,0.0
1,0,1.0,0.0,0.0,0.0,0.0,0.0,0.0,0.0,0.0,0.0,0.0,0.0
1,0,1.0,0.0,0.0,0.0,0.0,0.0,0.0,0.0,0.0,0.0,0.0,0.0
1,0,1.0,0.0,0.0,0.0,0.0,0.0,0.0,0.0,0.0,0.0,0.0,0.0
1,0,1.0,0.0,0.0,0.0,0.0,0.0,0.0,0.0,0.0,0.0,0.0,0.0
1,0,1.0,0.0,0.0,0.0,0.0,0.0,0.0,0.0,0.0,0.0,0.0,0.0
1,0,1.0,0.0,0.0,0.0,0.0,0.0,0.0,0.0,0.0,0.0,0.0,0.0
1,0,1.0,0.0,0.0,0.0,0.0,0.0,0.0,0.0,0.0,0.0,0.0,0.0
1,0,1.0,0.0,0.0,0.0,0.0,0.0,0.0,0.0,0.0,0.0,0.0,0.0
1,0,1.0,0.0,0.0,0.0,0.0,0.0,0.0,0.0,0.0,0.0,0.0,0.0
1,0,1.0,0.0,0.0,0.0,0.0,0.0,0.0,0.0,0.0,0.0,0.0,0.0
1,0,1.0,0.0,0.0,0.0,0.0,0.0,0.0,0.0,0.0,0.0,0.0,0.0
1,0,1.0,0.0,0.0,0.0,0.0,0.0,0.0,0.0,0.0,0.0,0.0,0.0
1,0,1.0,0.0,0.0,0.0,0.0,0.0,0.0,0.0,0.0,0.0,0.0,0.0
1,0,1.0,0.0,0.0,0.0,0.0,0.0,0.0,0.0,0.0,0.0,0.0,0.0
1,0,1.0,0.0,0.0,0.0,0.0,0.0,0.0,0.0,0.0,0.0,0.0,0.0
1,0,1.0,0.0,0.0,0.0,0.0,0.0,0.0,0.0,0.0,0.0,0.0,0.0
1,0,1.0,0.0,0.0,0.0,0.0,0.0,0.0,0.0,0.0,0.0,0.0,0.0
1,0,1.0,0.0,0.0,0.0,0.0,0.0,0.0,0.0,0.0,0.0,0.0,0.0
1,0,1.0,0.0,0.0,0.0,0.0,0.0,0.0,0.0,0.0,0.0,0.0,0.0
1,0,1.0,0.0,0.0,0.0,0.0,0.0,0.0,0.0,0.0,0.0,0.0,0.0
1,0,1.0,0.0,0.0,0.0,0.0,0.0,0.0,0.0,0.0,0.0,0.0,0.0
1,0,1.0,0.0,0.0,0.0,0.0,0.0,0.0,0.0,0.0,0.0,0.0,0.0
1,0,1.0,0.0,0.0,0.0,0.0,0.0,0.0,0.0,0.0,0.0,0.0,0.0
1,0,1.0,0.0,0.0,0.0,0.0,0.0,0.0,0.0,0.0,0.0,0.0,0.0
1,0,1.0,0.0,0.0,0.0,0.0,0.0,0.0,0.0,0.0,0.0,0.0,0.0
1,0,1.0,0.0,0.0,0.0,0.0,0.0,0.0,0.0,0.0,0.0,0.0,0.0
1,0,1.0,0.0,0.0,0.0,0.0,0.0,0.0,0.0,0.0,0.0,0.0,0.0
1,0,1.0,0.0,0.0,0.0,0.0,0.0,0.0,0.0,0.0,0.0,0.0,0.0
1,0,1.0,0.0,0.0,0.0,0.0,0.0,0.0,0.0,0.0,0.0,0.0,0.0
1,0,1.0,0.0,0.0,0.0,0.0,0.0,0.0,0.0,0.0,0.0,0.0,0.0
1,0,1.0,0.0,0.0,0.0,0.0,0.0,0.0,0.0,0.0,0.0,0.0,0.0
1,0,1.0,0.0,0.0,0.0,0.0,0.0,0.0,0.0,0.0,0.0,0.0,0.0
1,0,1.0,0.0,0.0,0.0,0.0,0.0,0.0,0.0,0.0,0.0,0.0,0.0
1,0,1.0,0.0,0.0,0.0,0.0,0.0,0.0,0.0,0.0,0.0,0.0,0.0
1,0,1.0,0.0,0.0,0.0,0.0,0.0,0.0,0.0,0.0,0.0,0.0,0.0
1,0,1.0,0.0,0.0,0.0,0.0,0.0,0.0,0.0,0.0,0.0,0.0,0.0
1,0,1.0,0.0,0.0,0.0,0.0,0.0,0.0,0.0,0.0,0.0,0.0,0.0
1,0,1.0,0.0,0.0,0.0,0.0,0.0,0.0,0.0,0.0,0.0,0.0,0.0
1,0,1.0,0.0,0.0,0.0,0.0,0.0,0.0,0.0,0.0,0.0,0.0,0.0
1,0,1.0,0.0,0.0,0.0,0.0,0.0,0.0,0.0,0.0,0.0,0.0,0.0
1,0,1.0,0.0,0.0,0.0,0.0,0.0,0.0,0.0,0.0,0.0,0.0,0.0
1,0,1.0,0.0,0.0,0.0,0.0,0.0,0.0,0.0,0.0,0.0,0.0,0.0
1,0,1.0,0.0,0.0,0.0,0.0,0.0,0.0,0.0,0.0,0.0,0.0,0.0
1,0,1.0,0.0,0.0,0.0,0.0,0.0,0.0,0.0,0.0,0.0,0.0,0.0
1,0,1.0,0.0,0.0,0.0,0.0,0.0,0.0,0.0,0.0,0.0,0.0,0.0
1,0,1.0,0.0,0.0,0.0,0.0,0.0,0.0,0.0,0.0,0.0,0.0,0.0
1,0,1.0,0.0,0.0,0.0,0.0,0.0,0.0,0.0,0.0,0.0,0.0,0.0
1,0,1.0,0.0,0.0,0.0,0.0,0.0,0.0,0.0,0.0,0.0,0.0,0.0
1,0,1.0,0.0,0.0,0.0,0.0,0.0,0.0,0.0,0.0,0.0,0.0,0.0
1,0,1.0,0.0,0.0,0.0,0.0,0.0,0.0,0.0,0.0,0.0,0.0,0.0
1,0,1.0,0.0,0.0,0.0,0.0,0.0,0.0,0.0,0.0,0.0,0.0,0.0
1,0,1.0,0.0,0.0,0.0,0.0,0.0,0.0,0.0,0.0,0.0,0.0,0.0
1,0,1.0,0.0,0.0,0.0,0.0,0.0,0.0,0.0,0.0,0.0,0.0,0.0
1,0,1.0,0.0,0.0,0.0,0.0,0.0,0.0,0.0,0.0,0.0,0.0,0.0
1,0,1.0,0.0,0.0,0.0,0.0,0.0,0.0,0.0,0.0,0.0,0.0,0.0
1,0,1.0,0.0,0.0,0.0,0.0,0.0,0.0,0.0,0.0,0.0,0.0,0.0
1,0,1.0,0.0,0.0,0.0,0.0,0.0,0.0,0.0,0.0,0.0,0.0,0.0
1,0,1.0,0.0,0.0,0.0,0.0,0.0,0.0,0.0,0.0,0.0,0.0,0.0
1,0,1.0,0.0,0.0,0.0,0.0,0.0,0.0,0.0,0.0,0.0,0.0,0.0
1,0,1.0,0.0,0.0,0.0,0.0,0.0,0.0,0.0,0.0,0.0,0.0,0.0
1,0,1.0,0.0,0.0,0.0,0.0,0.0,0.0,0.0,0.0,0.0,0.0,0.0
1,0,1.0,0.0,0.0,0.0,0.0,0.0,0.0,0.0,0.0,0.0,0.0,0.0
1,0,1.0,0.0,0.0,0.0,0.0,0.0,0.0,0.0,0.0,0.0,0.0,0.0
1,0,1.0,0.0,0.0,0.0,0.0,0.0,0.0,0.0,0.0,0.0,0.0,0.0
1,0,1.0,0.0,0.0,0.0,0.0,0.0,0.0,0.0,0.0,0.0,0.0,0.0
1,0,1.0,0.0,0.0,0.0,0.0,0.0,0.0,0.0,0.0,0.0,0.0,0.0
1,0,1.0,0.0,0.0,0.0,0.0,0.0,0.0,0.0,0.0,0.0,0.0,0.0
1,0,1.0,0.0,0.0,0.0,0.0,0.0,0.0,0.0,0.0,0.0,0.0,0.0
1,0,1.0,0.0,0.0,0.0,0.0,0.0,0.0,0.0,0.0,0.0,0.0,0.0
1,0,1.0,0.0,0.0,0.0,0.0,0.0,0.0,0.0,0.0,0.0,0.0,0.0
1,0,1.0,0.0,0.0,0.0,0.0,0.0,0.0,0.0,0.0,0.0,0.0,0.0
1,0,1.0,0.0,0.0,0.0,0.0,0.0,0.0,0.0,0.0,0.0,0.0,0.0
1,0,1.0,0.0,0.0,0.0,0.0,0.0,0.0,0.0,0.0,0.0,0.0,0.0
1,0,1.0,0.0,0.0,0.0,0.0,0.0,0.0,0.0,0.0,0.0,0.0,0.0
1,0,1.0,0.0,0.0,0.0,0.0,0.0,0.0,0.0,0.0,0.0,0.0,0.0
1,0,1.0,0.0,0.0,0.0,0.0,0.0,0.0,0.0,0.0,0.0,0.0,0.0
1,0,1.0,0.0,0.0,0.0,0.0,0.0,0.0,0.0,0.0,0.0,0.0,0.0
1,0,1.0,0.0,0.0,0.0,0.0,0.0,0.0,0.0,0.0,0.0,0.0,0.0
1,0,1.0,0.0,0.0,0.0,0.0,0.0,0.0,0.0,0.0,0.0,0.0,0.0
1,0,1.0,0.0,0.0,0.0,0.0,0.0,0.0,0.0,0.0,0.0,0.0,0.0
1,0,1.0,0.0,0.0,0.0,0.0,0.0,0.0,0.0,0.0,0.0,0.0,0.0
1,0,1.0,0.0,0.0,0.0,0.0,0.0,0.0,0.0,0.0,0.0,0.0,0.0
1,0,1.0,0.0,0.0,0.0,0.0,0.0,0.0,0.0,0.0,0.0,0.0,0.0
1,0,1.0,0.0,0.0,0.0,0.0,0.0,0.0,0.0,0.0,0.0,0.0,0.0
1,0,1.0,0.0,0.0,0.0,0.0,0.0,0.0,0.0,0.0,0.0,0.0,0.0
1,0,1.0,0.0,0.0,0.0,0.0,0.0,0.0,0.0,0.0,0.0,0.0,0.0
1,0,1.0,0.0,0.0,0.0,0.0,0.0,0.0,0.0,0.0,0.0,0.0,0.0
1,0,1.0,0.0,0.0,0.0,0.0,0.0,0.0,0.0,0.0,0.0,0.0,0.0
1,0,1.0,0.0,0.0,0.0,0.0,0.0,0.0,0.0,0.0,0.0,0.0,0.0
1,0,1.0,0.0,0.0,0.0,0.0,0.0,0.0,0.0,0.0,0.0,0.0,0.0
1,0,1.0,0.0,0.0,0.0,0.0,0.0,0.0,0.0,0.0,0.0,0.0,0.0
1,0,1.0,0.0,0.0,0.0,0.0,0.0,0.0,0.0,0.0,0.0,0.0,0.0
1,0,1.0,0.0,0.0,0.0,0.0,0.0,0.0,0.0,0.0,0.0,0.0,0.0
1,0,1.0,0.0,0.0,0.0,0.0,0.0,0.0,0.0,0.0,0.0,0.0,0.0
1,0,1.0,0.0,0.0,0.0,0.0,0.0,0.0,0.0,0.0,0.0,0.0,0.0
1,0,1.0,0.0,0.0,0.0,0.0,0.0,0.0,0.0,0.0,0.0,0.0,0.0
1,0,1.0,0.0,0.0,0.0,0.0,0.0,0.0,0.0,0.0,0.0,0.0,0.0
1,0,1.0,0.0,0.0,0.0,0.0,0.0,0.0,0.0,0.0,0.0,0.0,0.0
1,0,1.0,0.0,0.0,0.0,0.0,0.0,0.0,0.0,0.0,0.0,0.0,0.0
1,0,1.0,0.0,0.0,0.0,0.0,0.0,0.0,0.0,0.0,0.0,0.0,0.0
1,0,1.0,0.0,0.0,0.0,0.0,0.0,0.0,0.0,0.0,0.0,0.0,0.0
1,0,1.0,0.0,0.0,0.0,0.0,0.0,0.0,0.0,0.0,0.0,0.0,0.0
1,0,1.0,0.0,0.0,0.0,0.0,0.0,0.0,0.0,0.0,0.0,0.0,0.0
1,0,1.0,0.0,0.0,0.0,0.0,0.0,0.0,0.0,0.0,0.0,0.0,0.0
1,0,1.0,0.0,0.0,0.0,0.0,0.0,0.0,0.0,0.0,0.0,0.0,0.0
1,0,1.0,0.0,0.0,0.0,0.0,0.0,0.0,0.0,0.0,0.0,0.0,0.0
1,0,1.0,0.0,0.0,0.0,0.0,0.0,0.0,0.0,0.0,0.0,0.0,0.0
1,0,1.0,0.0,0.0,0.0,0.0,0.0,0.0,0.0,0.0,0.0,0.0,0.0
1,0,1.0,0.0,0.0,0.0,0.0,0.0,0.0,0.0,0.0,0.0,0.0,0.0
1,0,1.0,0.0,0.0,0.0,0.0,0.0,0.0,0.0,0.0,0.0,0.0,0.0
1,0,1.0,0.0,0.0,0.0,0.0,0.0,0.0,0.0,0.0,0.0,0.0,0.0
1,0,1.0,0.0,0.0,0.0,0.0,0.0,0.0,0.0,0.0,0.0,0.0,0.0
1,0,1.0,0.0,0.0,0.0,0.0,0.0,0.0,0.0,0.0,0.0,0.0,0.0
1,0,1.0,0.0,0.0,0.0,0.0,0.0,0.0,0.0,0.0,0.0,0.0,0.0
1,0,1.0,0.0,0.0,0.0,0.0,0.0,0.0,0.0,0.0,0.0,0.0,0.0
1,0,1.0,0.0,0.0,0.0,0.0,0.0,0.0,0.0,0.0,0.0,0.0,0.0
1,0,1.0,0.0,0.0,0.0,0.0,0.0,0.0,0.0,0.0,0.0,0.0,0.0
1,0,1.0,0.0,0.0,0.0,0.0,0.0,0.0,0.0,0.0,0.0,0.0,0.0
1,0,1.0,0.0,0.0,0.0,0.0,0.0,0.0,0.0,0.0,0.0,0.0,0.0
1,0,1.0,0.0,0.0,0.0,0.0,0.0,0.0,0.0,0.0,0.0,0.0,0.0
1,0,1.0,0.0,0.0,0.0,0.0,0.0,0.0,0.0,0.0,0.0,0.0,0.0
1,0,1.0,0.0,0.0,0.0,0.0,0.0,0.0,0.0,0.0,0.0,0.0,0.0
1,0,1.0,0.0,0.0,0.0,0.0,0.0,0.0,0.0,0.0,0.0,0.0,0.0
1,0,1.0,0.0,0.0,0.0,0.0,0.0,0.0,0.0,0.0,0.0,0.0,0.0
1,0,1.0,0.0,0.0,0.0,0.0,0.0,0.0,0.0,0.0,0.0,0.0,0.0
1,0,1.0,0.0,0.0,0.0,0.0,0.0,0.0,0.0,0.0,0.0,0.0,0.0
1,0,1.0,0.0,0.0,0.0,0.0,0.0,0.0,0.0,0.0,0.0,0.0,0.0
1,0,1.0,0.0,0.0,0.0,0.0,0.0,0.0,0.0,0.0,0.0,0.0,0.0
1,0,1.0,0.0,0.0,0.0,0.0,0.0,0.0,0.0,0.0,0.0,0.0,0.0
1,0,1.0,0.0,0.0,0.0,0.0,0.0,0.0,0.0,0.0,0.0,0.0,0.0
1,0,1.0,0.0,0.0,0.0,0.0,0.0,0.0,0.0,0.0,0.0,0.0,0.0
1,0,1.0,0.0,0.0,0.0,0.0,0.0,0.0,0.0,0.0,0.0,0.0,0.0
1,0,1.0,0.0,0.0,0.0,0.0,0.0,0.0,0.0,0.0,0.0,0.0,0.0
1,0,1.0,0.0,0.0,0.0,0.0,0.0,0.0,0.0,0.0,0.0,0.0,0.0
1,0,1.0,0.0,0.0,0.0,0.0,0.0,0.0,0.0,0.0,0.0,0.0,0.0
1,0,1.0,0.0,0.0,0.0,0.0,0.0,0.0,0.0,0.0,0.0,0.0,0.0
1,0,1.0,0.0,0.0,0.0,0.0,0.0,0.0,0.0,0.0,0.0,0.0,0.0
1,0,1.0,0.0,0.0,0.0,0.0,0.0,0.0,0.0,0.0,0.0,0.0,0.0
1,0,1.0,0.0,0.0,0.0,0.0,0.0,0.0,0.0,0.0,0.0,0.0,0.0
1,0,1.0,0.0,0.0,0.0,0.0,0.0,0.0,0.0,0.0,0.0,0.0,0.0
1,0,1.0,0.0,0.0,0.0,0.0,0.0,0.0,0.0,0.0,0.0,0.0,0.0
1,0,1.0,0.0,0.0,0.0,0.0,0.0,0.0,0.0,0.0,0.0,0.0,0.0
1,0,1.0,0.0,0.0,0.0,0.0,0.0,0.0,0.0,0.0,0.0,0.0,0.0
1,0,1.0,0.0,0.0,0.0,0.0,0.0,0.0,0.0,0.0,0.0,0.0,0.0
1,0,1.0,0.0,0.0,0.0,0.0,0.0,0.0,0.0,0.0,0.0,0.0,0.0
1,0,1.0,0.0,0.0,0.0,0.0,0.0,0.0,0.0,0.0,0.0,0.0,0.0
1,0,1.0,0.0,0.0,0.0,0.0,0.0,0.0,0.0,0.0,0.0,0.0,0.0
1,0,1.0,0.0,0.0,0.0,0.0,0.0,0.0,0.0,0.0,0.0,0.0,0.0
1,0,1.0,0.0,0.0,0.0,0.0,0.0,0.0,0.0,0.0,0.0,0.0,0.0
1,0,1.0,0.0,0.0,0.0,0.0,0.0,0.0,0.0,0.0,0.0,0.0,0.0
1,0,1.0,0.0,0.0,0.0,0.0,0.0,0.0,0.0,0.0,0.0,0.0,0.0
1,0,1.0,0.0,0.0,0.0,0.0,0.0,0.0,0.0,0.0,0.0,0.0,0.0
1,0,1.0,0.0,0.0,0.0,0.0,0.0,0.0,0.0,0.0,0.0,0.0,0.0
1,0,1.0,0.0,0.0,0.0,0.0,0.0,0.0,0.0,0.0,0.0,0.0,0.0
1,0,1.0,0.0,0.0,0.0,0.0,0.0,0.0,0.0,0.0,0.0,0.0,0.0
1,0,1.0,0.0,0.0,0.0,0.0,0.0,0.0,0.0,0.0,0.0,0.0,0.0
1,0,0.94037575,0.0,0.059624262,0.0,0.0,0.0,0.0,0.0,0.0,0.0,0.0,0.0
1,0,0.94037575,0.0,0.059624262,0.0,0.0,0.0,0.0,0.0,0.0,0.0,0.0,0.0
1,0,0.94037575,0.0,0.059624262,0.0,0.0,0.0,0.0,0.0,0.0,0.0,0.0,0.0
1,0,0.94037575,0.0,0.059624262,0.0,0.0,0.0,0.0,0.0,0.0,0.0,0.0,0.0
1,0,0.94037575,0.0,0.059624262,0.0,0.0,0.0,0.0,0.0,0.0,0.0,0.0,0.0
1,0,0.94037575,0.0,0.059624262,0.0,0.0,0.0,0.0,0.0,0.0,0.0,0.0,0.0
1,0,0.94037575,0.0,0.059624262,0.0,0.0,0.0,0.0,0.0,0.0,0.0,0.0,0.0
1,0,0.94037575,0.0,0.059624262,0.0,0.0,0.0,0.0,0.0,0.0,0.0,0.0,0.0
1,0,0.94037575,0.0,0.059624262,0.0,0.0,0.0,0.0,0.0,0.0,0.0,0.0,0.0
1,0,0.94037575,0.0,0.059624262,0.0,0.0,0.0,0.0,0.0,0.0,0.0,0.0,0.0
1,0,0.94037575,0.0,0.059624262,0.0,0.0,0.0,0.0,0.0,0.0,0.0,0.0,0.0
1,0,0.94037575,0.0,0.059624262,0.0,0.0,0.0,0.0,0.0,0.0,0.0,0.0,0.0
1,0,0.94037575,0.0,0.059624262,0.0,0.0,0.0,0.0,0.0,0.0,0.0,0.0,0.0
1,0,0.94037575,0.0,0.059624262,0.0,0.0,0.0,0.0,0.0,0.0,0.0,0.0,0.0
1,0,0.94037575,0.0,0.059624262,0.0,0.0,0.0,0.0,0.0,0.0,0.0,0.0,0.0
1,0,0.94037575,0.0,0.059624262,0.0,0.0,0.0,0.0,0.0,0.0,0.0,0.0,0.0
1,0,0.94037575,0.0,0.059624262,0.0,0.0,0.0,0.0,0.0,0.0,0.0,0.0,0.0
1,0,0.94037575,0.0,0.059624262,0.0,0.0,0.0,0.0,0.0,0.0,0.0,0.0,0.0
1,0,0.94037575,0.0,0.059624262,0.0,0.0,0.0,0.0,0.0,0.0,0.0,0.0,0.0
1,0,0.94037575,0.0,0.059624262,0.0,0.0,0.0,0.0,0.0,0.0,0.0,0.0,0.0
1,0,0.94037575,0.0,0.059624262,0.0,0.0,0.0,0.0,0.0,0.0,0.0,0.0,0.0
1,0,0.94037575,0.0,0.059624262,0.0,0.0,0.0,0.0,0.0,0.0,0.0,0.0,0.0
1,0,0.94037575,0.0,0.059624262,0.0,0.0,0.0,0.0,0.0,0.0,0.0,0.0,0.0
1,0,0.94037575,0.0,0.059624262,0.0,0.0,0.0,0.0,0.0,0.0,0.0,0.0,0.0
1,0,0.94037575,0.0,0.059624262,0.0,0.0,0.0,0.0,0.0,0.0,0.0,0.0,0.0
1,0,0.94037575,0.0,0.059624262,0.0,0.0,0.0,0.0,0.0,0.0,0.0,0.0,0.0
1,0,0.94037575,0.0,0.059624262,0.0,0.0,0.0,0.0,0.0,0.0,0.0,0.0,0.0
1,0,0.94037575,0.0,0.059624262,0.0,0.0,0.0,0.0,0.0,0.0,0.0,0.0,0.0
1,0,0.94037575,0.0,0.059624262,0.0,0.0,0.0,0.0,0.0,0.0,0.0,0.0,0.0
1,0,0.94037575,0.0,0.059624262,0.0,0.0,0.0,0.0,0.0,0.0,0.0,0.0,0.0
1,0,0.94037575,0.0,0.059624262,0.0,0.0,0.0,0.0,0.0,0.0,0.0,0.0,0.0
1,0,0.94037575,0.0,0.059624262,0.0,0.0,0.0,0.0,0.0,0.0,0.0,0.0,0.0
1,0,0.94037575,0.0,0.059624262,0.0,0.0,0.0,0.0,0.0,0.0,0.0,0.0,0.0
1,0,0.94037575,0.0,0.059624262,0.0,0.0,0.0,0.0,0.0,0.0,0.0,0.0,0.0
1,0,0.94037575,0.0,0.059624262,0.0,0.0,0.0,0.0,0.0,0.0,0.0,0.0,0.0
1,0,0.94037575,0.0,0.059624262,0.0,0.0,0.0,0.0,0.0,0.0,0.0,0.0,0.0
1,0,0.94037575,0.0,0.059624262,0.0,0.0,0.0,0.0,0.0,0.0,0.0,0.0,0.0
1,0,0.94037575,0.0,0.059624262,0.0,0.0,0.0,0.0,0.0,0.0,0.0,0.0,0.0
1,0,0.94037575,0.0,0.059624262,0.0,0.0,0.0,0.0,0.0,0.0,0.0,0.0,0.0
1,0,0.94037575,0.0,0.059624262,0.0,0.0,0.0,0.0,0.0,0.0,0.0,0.0,0.0
1,0,0.94037575,0.0,0.059624262,0.0,0.0,0.0,0.0,0.0,0.0,0.0,0.0,0.0
1,0,0.94037575,0.0,0.059624262,0.0,0.0,0.0,0.0,0.0,0.0,0.0,0.0,0.0
1,0,0.94037575,0.0,0.059624262,0.0,0.0,0.0,0.0,0.0,0.0,0.0,0.0,0.0
1,0,0.94037575,0.0,0.059624262,0.0,0.0,0.0,0.0,0.0,0.0,0.0,0.0,0.0
1,0,0.94037575,0.0,0.059624262,0.0,0.0,0.0,0.0,0.0,0.0,0.0,0.0,0.0
1,0,0.94037575,0.0,0.059624262,0.0,0.0,0.0,0.0,0.0,0.0,0.0,0.0,0.0
1,0,0.94037575,0.0,0.059624262,0.0,0.0,0.0,0.0,0.0,0.0,0.0,0.0,0.0
1,0,0.94037575,0.0,0.059624262,0.0,0.0,0.0,0.0,0.0,0.0,0.0,0.0,0.0
1,0,0.94037575,0.0,0.059624262,0.0,0.0,0.0,0.0,0.0,0.0,0.0,0.0,0.0
1,0,0.94037575,0.0,0.059624262,0.0,0.0,0.0,0.0,0.0,0.0,0.0,0.0,0.0
1,0,0.94037575,0.0,0.059624262,0.0,0.0,0.0,0.0,0.0,0.0,0.0,0.0,0.0
1,0,0.94037575,0.0,0.059624262,0.0,0.0,0.0,0.0,0.0,0.0,0.0,0.0,0.0
1,0,0.94037575,0.0,0.059624262,0.0,0.0,0.0,0.0,0.0,0.0,0.0,0.0,0.0
1,0,0.94037575,0.0,0.059624262,0.0,0.0,0.0,0.0,0.0,0.0,0.0,0.0,0.0
1,0,0.94037575,0.0,0.059624262,0.0,0.0,0.0,0.0,0.0,0.0,0.0,0.0,0.0
1,0,0.94037575,0.0,0.059624262,0.0,0.0,0.0,0.0,0.0,0.0,0.0,0.0,0.0
1,0,0.94037575,0.0,0.059624262,0.0,0.0,0.0,0.0,0.0,0.0,0.0,0.0,0.0
1,0,0.94037575,0.0,0.059624262,0.0,0.0,0.0,0.0,0.0,0.0,0.0,0.0,0.0
1,0,0.94037575,0.0,0.059624262,0.0,0.0,0.0,0.0,0.0,0.0,0.0,0.0,0.0
1,0,0.94037575,0.0,0.059624262,0.0,0.0,0.0,0.0,0.0,0.0,0.0,0.0,0.0
1,0,0.94037575,0.0,0.059624262,0.0,0.0,0.0,0.0,0.0,0.0,0.0,0.0,0.0
1,0,0.94037575,0.0,0.059624262,0.0,0.0,0.0,0.0,0.0,0.0,0.0,0.0,0.0
1,0,0.94037575,0.0,0.059624262,0.0,0.0,0.0,0.0,0.0,0.0,0.0,0.0,0.0
1,0,0.94037575,0.0,0.059624262,0.0,0.0,0.0,0.0,0.0,0.0,0.0,0.0,0.0
1,0,0.94037575,0.0,0.059624262,0.0,0.0,0.0,0.0,0.0,0.0,0.0,0.0,0.0
1,0,0.94037575,0.0,0.059624262,0.0,0.0,0.0,0.0,0.0,0.0,0.0,0.0,0.0
1,0,0.94037575,0.0,0.059624262,0.0,0.0,0.0,0.0,0.0,0.0,0.0,0.0,0.0
1,0,0.94037575,0.0,0.059624262,0.0,0.0,0.0,0.0,0.0,0.0,0.0,0.0,0.0
1,0,0.94037575,0.0,0.059624262,0.0,0.0,0.0,0.0,0.0,0.0,0.0,0.0,0.0
1,0,0.94037575,0.0,0.059624262,0.0,0.0,0.0,0.0,0.0,0.0,0.0,0.0,0.0
1,0,0.94037575,0.0,0.059624262,0.0,0.0,0.0,0.0,0.0,0.0,0.0,0.0,0.0
1,0,0.94037575,0.0,0.059624262,0.0,0.0,0.0,0.0,0.0,0.0,0.0,0.0,0.0
1,0,0.94037575,0.0,0.059624262,0.0,0.0,0.0,0.0,0.0,0.0,0.0,0.0,0.0
1,0,0.94037575,0.0,0.059624262,0.0,0.0,0.0,0.0,0.0,0.0,0.0,0.0,0.0
1,0,0.94037575,0.0,0.059624262,0.0,0.0,0.0,0.0,0.0,0.0,0.0,0.0,0.0
1,0,0.94037575,0.0,0.059624262,0.0,0.0,0.0,0.0,0.0,0.0,0.0,0.0,0.0
1,0,0.94037575,0.0,0.059624262,0.0,0.0,0.0,0.0,0.0,0.0,0.0,0.0,0.0
1,0,0.94037575,0.0,0.059624262,0.0,0.0,0.0,0.0,0.0,0.0,0.0,0.0,0.0
1,0,0.94037575,0.0,0.059624262,0.0,0.0,0.0,0.0,0.0,0.0,0.0,0.0,0.0
1,0,0.94037575,0.0,0.059624262,0.0,0.0,0.0,0.0,0.0,0.0,0.0,0.0,0.0
1,0,0.94037575,0.0,0.059624262,0.0,0.0,0.0,0.0,0.0,0.0,0.0,0.0,0.0
1,0,0.94037575,0.0,0.059624262,0.0,0.0,0.0,0.0,0.0,0.0,0.0,0.0,0.0
1,0,0.94037575,0.0,0.059624262,0.0,0.0,0.0,0.0,0.0,0.0,0.0,0.0,0.0
1,0,0.94037575,0.0,0.059624262,0.0,0.0,0.0,0.0,0.0,0.0,0.0,0.0,0.0
1,0,0.94037575,0.0,0.059624262,0.0,0.0,0.0,0.0,0.0,0.0,0.0,0.0,0.0
1,0,0.94037575,0.0,0.059624262,0.0,0.0,0.0,0.0,0.0,0.0,0.0,0.0,0.0
1,0,0.94037575,0.0,0.059624262,0.0,0.0,0.0,0.0,0.0,0.0,0.0,0.0,0.0
1,0,0.94037575,0.0,0.059624262,0.0,0.0,0.0,0.0,0.0,0.0,0.0,0.0,0.0
1,0,0.94037575,0.0,0.059624262,0.0,0.0,0.0,0.0,0.0,0.0,0.0,0.0,0.0
1,0,0.94037575,0.0,0.059624262,0.0,0.0,0.0,0.0,0.0,0.0,0.0,0.0,0.0
1,0,0.94037575,0.0,0.059624262,0.0,0.0,0.0,0.0,0.0,0.0,0.0,0.0,0.0
1,0,0.94037575,0.0,0.059624262,0.0,0.0,0.0,0.0,0.0,0.0,0.0,0.0,0.0
1,0,0.94037575,0.0,0.059624262,0.0,0.0,0.0,0.0,0.0,0.0,0.0,0.0,0.0
1,0,0.94037575,0.0,0.059624262,0.0,0.0,0.0,0.0,0.0,0.0,0.0,0.0,0.0
1,0,0.94037575,0.0,0.059624262,0.0,0.0,0.0,0.0,0.0,0.0,0.0,0.0,0.0
1,0,0.94037575,0.0,0.059624262,0.0,0.0,0.0,0.0,0.0,0.0,0.0,0.0,0.0
1,0,0.94037575,0.0,0.059624262,0.0,0.0,0.0,0.0,0.0,0.0,0.0,0.0,0.0
1,0,0.94037575,0.0,0.059624262,0.0,0.0,0.0,0.0,0.0,0.0,0.0,0.0,0.0
1,0,0.94037575,0.0,0.059624262,0.0,0.0,0.0,0.0,0.0,0.0,0.0,0.0,0.0
1,0,0.94037575,0.0,0.059624262,0.0,0.0,0.0,0.0,0.0,0.0,0.0,0.0,0.0
1,0,0.94037575,0.0,0.059624262,0.0,0.0,0.0,0.0,0.0,0.0,0.0,0.0,0.0
1,0,0.94037575,0.0,0.059624262,0.0,0.0,0.0,0.0,0.0,0.0,0.0,0.0,0.0
1,0,0.94037575,0.0,0.059624262,0.0,0.0,0.0,0.0,0.0,0.0,0.0,0.0,0.0
1,0,0.94037575,0.0,0.059624262,0.0,0.0,0.0,0.0,0.0,0.0,0.0,0.0,0.0
1,0,0.94037575,0.0,0.059624262,0.0,0.0,0.0,0.0,0.0,0.0,0.0,0.0,0.0
1,0,0.94037575,0.0,0.059624262,0.0,0.0,0.0,0.0,0.0,0.0,0.0,0.0,0.0
1,0,0.94037575,0.0,0.059624262,0.0,0.0,0.0,0.0,0.0,0.0,0.0,0.0,0.0
1,0,0.94037575,0.0,0.059624262,0.0,0.0,0.0,0.0,0.0,0.0,0.0,0.0,0.0
1,0,0.94037575,0.0,0.059624262,0.0,0.0,0.0,0.0,0.0,0.0,0.0,0.0,0.0
1,0,0.94037575,0.0,0.059624262,0.0,0.0,0.0,0.0,0.0,0.0,0.0,0.0,0.0
1,0,0.94037575,0.0,0.059624262,0.0,0.0,0.0,0.0,0.0,0.0,0.0,0.0,0.0
1,0,0.94037575,0.0,0.059624262,0.0,0.0,0.0,0.0,0.0,0.0,0.0,0.0,0.0
1,0,0.94037575,0.0,0.059624262,0.0,0.0,0.0,0.0,0.0,0.0,0.0,0.0,0.0
1,0,0.94037575,0.0,0.059624262,0.0,0.0,0.0,0.0,0.0,0.0,0.0,0.0,0.0
1,0,0.94037575,0.0,0.059624262,0.0,0.0,0.0,0.0,0.0,0.0,0.0,0.0,0.0
1,0,0.94037575,0.0,0.059624262,0.0,0.0,0.0,0.0,0.0,0.0,0.0,0.0,0.0
1,0,0.94037575,0.0,0.059624262,0.0,0.0,0.0,0.0,0.0,0.0,0.0,0.0,0.0
1,0,0.94037575,0.0,0.059624262,0.0,0.0,0.0,0.0,0.0,0.0,0.0,0.0,0.0
1,0,0.94037575,0.0,0.059624262,0.0,0.0,0.0,0.0,0.0,0.0,0.0,0.0,0.0
1,0,0.94037575,0.0,0.059624262,0.0,0.0,0.0,0.0,0.0,0.0,0.0,0.0,0.0
1,0,0.94037575,0.0,0.059624262,0.0,0.0,0.0,0.0,0.0,0.0,0.0,0.0,0.0
1,0,0.94037575,0.0,0.059624262,0.0,0.0,0.0,0.0,0.0,0.0,0.0,0.0,0.0
1,0,0.94037575,0.0,0.059624262,0.0,0.0,0.0,0.0,0.0,0.0,0.0,0.0,0.0
1,0,0.94037575,0.0,0.059624262,0.0,0.0,0.0,0.0,0.0,0.0,0.0,0.0,0.0
1,0,0.94037575,0.0,0.059624262,0.0,0.0,0.0,0.0,0.0,0.0,0.0,0.0,0.0
1,0,0.94037575,0.0,0.059624262,0.0,0.0,0.0,0.0,0.0,0.0,0.0,0.0,0.0
1,0,0.94037575,0.0,0.059624262,0.0,0.0,0.0,0.0,0.0,0.0,0.0,0.0,0.0
1,0,0.94037575,0.0,0.059624262,0.0,0.0,0.0,0.0,0.0,0.0,0.0,0.0,0.0
1,0,0.94037575,0.0,0.059624262,0.0,0.0,0.0,0.0,0.0,0.0,0.0,0.0,0.0
1,0,0.94037575,0.0,0.059624262,0.0,0.0,0.0,0.0,0.0,0.0,0.0,0.0,0.0
1,0,0.94037575,0.0,0.059624262,0.0,0.0,0.0,0.0,0.0,0.0,0.0,0.0,0.0
1,0,0.94037575,0.0,0.059624262,0.0,0.0,0.0,0.0,0.0,0.0,0.0,0.0,0.0
1,0,0.94037575,0.0,0.059624262,0.0,0.0,0.0,0.0,0.0,0.0,0.0,0.0,0.0
1,0,0.94037575,0.0,0.059624262,0.0,0.0,0.0,0.0,0.0,0.0,0.0,0.0,0.0
1,0,0.94037575,0.0,0.059624262,0.0,0.0,0.0,0.0,0.0,0.0,0.0,0.0,0.0
1,0,0.94037575,0.0,0.059624262,0.0,0.0,0.0,0.0,0.0,0.0,0.0,0.0,0.0
1,0,0.94037575,0.0,0.059624262,0.0,0.0,0.0,0.0,0.0,0.0,0.0,0.0,0.0
1,0,0.94037575,0.0,0.059624262,0.0,0.0,0.0,0.0,0.0,0.0,0.0,0.0,0.0
1,0,0.94037575,0.0,0.059624262,0.0,0.0,0.0,0.0,0.0,0.0,0.0,0.0,0.0
1,0,0.94037575,0.0,0.059624262,0.0,0.0,0.0,0.0,0.0,0.0,0.0,0.0,0.0
1,0,0.94037575,0.0,0.059624262,0.0,0.0,0.0,0.0,0.0,0.0,0.0,0.0,0.0
1,0,0.94037575,0.0,0.059624262,0.0,0.0,0.0,0.0,0.0,0.0,0.0,0.0,0.0
1,0,0.94037575,0.0,0.059624262,0.0,0.0,0.0,0.0,0.0,0.0,0.0,0.0,0.0
1,0,0.94037575,0.0,0.059624262,0.0,0.0,0.0,0.0,0.0,0.0,0.0,0.0,0.0
1,0,0.94037575,0.0,0.059624262,0.0,0.0,0.0,0.0,0.0,0.0,0.0,0.0,0.0
1,0,0.94037575,0.0,0.059624262,0.0,0.0,0.0,0.0,0.0,0.0,0.0,0.0,0.0
1,0,0.94037575,0.0,0.059624262,0.0,0.0,0.0,0.0,0.0,0.0,0.0,0.0,0.0
1,0,0.94037575,0.0,0.059624262,0.0,0.0,0.0,0.0,0.0,0.0,0.0,0.0,0.0
1,0,0.94037575,0.0,0.059624262,0.0,0.0,0.0,0.0,0.0,0.0,0.0,0.0,0.0
1,0,0.94037575,0.0,0.059624262,0.0,0.0,0.0,0.0,0.0,0.0,0.0,0.0,0.0
1,0,1.0,0.0,0.0,0.0,0.0,0.0,0.0,0.0,0.0,0.0,0.0,0.0
1,0,1.0,0.0,0.0,0.0,0.0,0.0,0.0,0.0,0.0,0.0,0.0,0.0
1,0,1.0,0.0,0.0,0.0,0.0,0.0,0.0,0.0,0.0,0.0,0.0,0.0
1,0,1.0,0.0,0.0,0.0,0.0,0.0,0.0,0.0,0.0,0.0,0.0,0.0
1,0,1.0,0.0,0.0,0.0,0.0,0.0,0.0,0.0,0.0,0.0,0.0,0.0
1,0,1.0,0.0,0.0,0.0,0.0,0.0,0.0,0.0,0.0,0.0,0.0,0.0
1,0,1.0,0.0,0.0,0.0,0.0,0.0,0.0,0.0,0.0,0.0,0.0,0.0
1,0,1.0,0.0,0.0,0.0,0.0,0.0,0.0,0.0,0.0,0.0,0.0,0.0
1,0,1.0,0.0,0.0,0.0,0.0,0.0,0.0,0.0,0.0,0.0,0.0,0.0
1,0,1.0,0.0,0.0,0.0,0.0,0.0,0.0,0.0,0.0,0.0,0.0,0.0
1,0,1.0,0.0,0.0,0.0,0.0,0.0,0.0,0.0,0.0,0.0,0.0,0.0
1,0,1.0,0.0,0.0,0.0,0.0,0.0,0.0,0.0,0.0,0.0,0.0,0.0
1,0,1.0,0.0,0.0,0.0,0.0,0.0,0.0,0.0,0.0,0.0,0.0,0.0
1,0,1.0,0.0,0.0,0.0,0.0,0.0,0.0,0.0,0.0,0.0,0.0,0.0
1,0,1.0,0.0,0.0,0.0,0.0,0.0,0.0,0.0,0.0,0.0,0.0,0.0
1,0,1.0,0.0,0.0,0.0,0.0,0.0,0.0,0.0,0.0,0.0,0.0,0.0
1,0,1.0,0.0,0.0,0.0,0.0,0.0,0.0,0.0,0.0,0.0,0.0,0.0
1,0,1.0,0.0,0.0,0.0,0.0,0.0,0.0,0.0,0.0,0.0,0.0,0.0
1,0,1.0,0.0,0.0,0.0,0.0,0.0,0.0,0.0,0.0,0.0,0.0,0.0
1,0,1.0,0.0,0.0,0.0,0.0,0.0,0.0,0.0,0.0,0.0,0.0,0.0
1,0,1.0,0.0,0.0,0.0,0.0,0.0,0.0,0.0,0.0,0.0,0.0,0.0
1,0,1.0,0.0,0.0,0.0,0.0,0.0,0.0,0.0,0.0,0.0,0.0,0.0
1,0,1.0,0.0,0.0,0.0,0.0,0.0,0.0,0.0,0.0,0.0,0.0,0.0
1,0,1.0,0.0,0.0,0.0,0.0,0.0,0.0,0.0,0.0,0.0,0.0,0.0
1,0,1.0,0.0,0.0,0.0,0.0,0.0,0.0,0.0,0.0,0.0,0.0,0.0
1,0,1.0,0.0,0.0,0.0,0.0,0.0,0.0,0.0,0.0,0.0,0.0,0.0
1,0,1.0,0.0,0.0,0.0,0.0,0.0,0.0,0.0,0.0,0.0,0.0,0.0
1,0,1.0,0.0,0.0,0.0,0.0,0.0,0.0,0.0,0.0,0.0,0.0,0.0
1,0,1.0,0.0,0.0,0.0,0.0,0.0,0.0,0.0,0.0,0.0,0.0,0.0
1,0,1.0,0.0,0.0,0.0,0.0,0.0,0.0,0.0,0.0,0.0,0.0,0.0
1,0,1.0,0.0,0.0,0.0,0.0,0.0,0.0,0.0,0.0,0.0,0.0,0.0
1,0,1.0,0.0,0.0,0.0,0.0,0.0,0.0,0.0,0.0,0.0,0.0,0.0
1,0,1.0,0.0,0.0,0.0,0.0,0.0,0.0,0.0,0.0,0.0,0.0,0.0
1,0,1.0,0.0,0.0,0.0,0.0,0.0,0.0,0.0,0.0,0.0,0.0,0.0
1,0,1.0,0.0,0.0,0.0,0.0,0.0,0.0,0.0,0.0,0.0,0.0,0.0
1,0,1.0,0.0,0.0,0.0,0.0,0.0,0.0,0.0,0.0,0.0,0.0,0.0
1,0,1.0,0.0,0.0,0.0,0.0,0.0,0.0,0.0,0.0,0.0,0.0,0.0
1,0,1.0,0.0,0.0,0.0,0.0,0.0,0.0,0.0,0.0,0.0,0.0,0.0
1,0,1.0,0.0,0.0,0.0,0.0,0.0,0.0,0.0,0.0,0.0,0.0,0.0
1,0,1.0,0.0,0.0,0.0,0.0,0.0,0.0,0.0,0.0,0.0,0.0,0.0
1,0,1.0,0.0,0.0,0.0,0.0,0.0,0.0,0.0,0.0,0.0,0.0,0.0
1,0,1.0,0.0,0.0,0.0,0.0,0.0,0.0,0.0,0.0,0.0,0.0,0.0
1,0,1.0,0.0,0.0,0.0,0.0,0.0,0.0,0.0,0.0,0.0,0.0,0.0
1,0,1.0,0.0,0.0,0.0,0.0,0.0,0.0,0.0,0.0,0.0,0.0,0.0
1,0,1.0,0.0,0.0,0.0,0.0,0.0,0.0,0.0,0.0,0.0,0.0,0.0
1,0,1.0,0.0,0.0,0.0,0.0,0.0,0.0,0.0,0.0,0.0,0.0,0.0
1,0,1.0,0.0,0.0,0.0,0.0,0.0,0.0,0.0,0.0,0.0,0.0,0.0
1,0,1.0,0.0,0.0,0.0,0.0,0.0,0.0,0.0,0.0,0.0,0.0,0.0
1,0,1.0,0.0,0.0,0.0,0.0,0.0,0.0,0.0,0.0,0.0,0.0,0.0
1,0,1.0,0.0,0.0,0.0,0.0,0.0,0.0,0.0,0.0,0.0,0.0,0.0
1,0,1.0,0.0,0.0,0.0,0.0,0.0,0.0,0.0,0.0,0.0,0.0,0.0
1,0,1.0,0.0,0.0,0.0,0.0,0.0,0.0,0.0,0.0,0.0,0.0,0.0
1,0,1.0,0.0,0.0,0.0,0.0,0.0,0.0,0.0,0.0,0.0,0.0,0.0
1,0,1.0,0.0,0.0,0.0,0.0,0.0,0.0,0.0,0.0,0.0,0.0,0.0
1,0,1.0,0.0,0.0,0.0,0.0,0.0,0.0,0.0,0.0,0.0,0.0,0.0
1,0,1.0,0.0,0.0,0.0,0.0,0.0,0.0,0.0,0.0,0.0,0.0,0.0
1,0,1.0,0.0,0.0,0.0,0.0,0.0,0.0,0.0,0.0,0.0,0.0,0.0
1,0,1.0,0.0,0.0,0.0,0.0,0.0,0.0,0.0,0.0,0.0,0.0,0.0
1,0,1.0,0.0,0.0,0.0,0.0,0.0,0.0,0.0,0.0,0.0,0.0,0.0
1,0,1.0,0.0,0.0,0.0,0.0,0.0,0.0,0.0,0.0,0.0,0.0,0.0
1,0,1.0,0.0,0.0,0.0,0.0,0.0,0.0,0.0,0.0,0.0,0.0,0.0
1,0,1.0,0.0,0.0,0.0,0.0,0.0,0.0,0.0,0.0,0.0,0.0,0.0
1,0,1.0,0.0,0.0,0.0,0.0,0.0,0.0,0.0,0.0,0.0,0.0,0.0
1,0,1.0,0.0,0.0,0.0,0.0,0.0,0.0,0.0,0.0,0.0,0.0,0.0
1,0,1.0,0.0,0.0,0.0,0.0,0.0,0.0,0.0,0.0,0.0,0.0,0.0
1,0,1.0,0.0,0.0,0.0,0.0,0.0,0.0,0.0,0.0,0.0,0.0,0.0
1,0,1.0,0.0,0.0,0.0,0.0,0.0,0.0,0.0,0.0,0.0,0.0,0.0
1,0,1.0,0.0,0.0,0.0,0.0,0.0,0.0,0.0,0.0,0.0,0.0,0.0
1,0,1.0,0.0,0.0,0.0,0.0,0.0,0.0,0.0,0.0,0.0,0.0,0.0
1,0,1.0,0.0,0.0,0.0,0.0,0.0,0.0,0.0,0.0,0.0,0.0,0.0
1,0,1.0,0.0,0.0,0.0,0.0,0.0,0.0,0.0,0.0,0.0,0.0,0.0
1,0,1.0,0.0,0.0,0.0,0.0,0.0,0.0,0.0,0.0,0.0,0.0,0.0
1,0,1.0,0.0,0.0,0.0,0.0,0.0,0.0,0.0,0.0,0.0,0.0,0.0
1,0,1.0,0.0,0.0,0.0,0.0,0.0,0.0,0.0,0.0,0.0,0.0,0.0
1,0,1.0,0.0,0.0,0.0,0.0,0.0,0.0,0.0,0.0,0.0,0.0,0.0
1,0,1.0,0.0,0.0,0.0,0.0,0.0,0.0,0.0,0.0,0.0,0.0,0.0
1,0,1.0,0.0,0.0,0.0,0.0,0.0,0.0,0.0,0.0,0.0,0.0,0.0
1,0,1.0,0.0,0.0,0.0,0.0,0.0,0.0,0.0,0.0,0.0,0.0,0.0
1,0,1.0,0.0,0.0,0.0,0.0,0.0,0.0,0.0,0.0,0.0,0.0,0.0
1,0,1.0,0.0,0.0,0.0,0.0,0.0,0.0,0.0,0.0,0.0,0.0,0.0
1,0,1.0,0.0,0.0,0.0,0.0,0.0,0.0,0.0,0.0,0.0,0.0,0.0
1,0,1.0,0.0,0.0,0.0,0.0,0.0,0.0,0.0,0.0,0.0,0.0,0.0
1,0,1.0,0.0,0.0,0.0,0.0,0.0,0.0,0.0,0.0,0.0,0.0,0.0
1,0,1.0,0.0,0.0,0.0,0.0,0.0,0.0,0.0,0.0,0.0,0.0,0.0
1,0,1.0,0.0,0.0,0.0,0.0,0.0,0.0,0.0,0.0,0.0,0.0,0.0
1,0,1.0,0.0,0.0,0.0,0.0,0.0,0.0,0.0,0.0,0.0,0.0,0.0
1,0,1.0,0.0,0.0,0.0,0.0,0.0,0.0,0.0,0.0,0.0,0.0,0.0
1,0,1.0,0.0,0.0,0.0,0.0,0.0,0.0,0.0,0.0,0.0,0.0,0.0
1,0,1.0,0.0,0.0,0.0,0.0,0.0,0.0,0.0,0.0,0.0,0.0,0.0
1,0,1.0,0.0,0.0,0.0,0.0,0.0,0.0,0.0,0.0,0.0,0.0,0.0
1,0,1.0,0.0,0.0,0.0,0.0,0.0,0.0,0.0,0.0,0.0,0.0,0.0
1,0,1.0,0.0,0.0,0.0,0.0,0.0,0.0,0.0,0.0,0.0,0.0,0.0
1,0,1.0,0.0,0.0,0.0,0.0,0.0,0.0,0.0,0.0,0.0,0.0,0.0
1,0,1.0,0.0,0.0,0.0,0.0,0.0,0.0,0.0,0.0,0.0,0.0,0.0
1,0,1.0,0.0,0.0,0.0,0.0,0.0,0.0,0.0,0.0,0.0,0.0,0.0
1,0,1.0,0.0,0.0,0.0,0.0,0.0,0.0,0.0,0.0,0.0,0.0,0.0
1,0,1.0,0.0,0.0,0.0,0.0,0.0,0.0,0.0,0.0,0.0,0.0,0.0
1,0,1.0,0.0,0.0,0.0,0.0,0.0,0.0,0.0,0.0,0.0,0.0,0.0
1,0,1.0,0.0,0.0,0.0,0.0,0.0,0.0,0.0,0.0,0.0,0.0,0.0
1,0,1.0,0.0,0.0,0.0,0.0,0.0,0.0,0.0,0.0,0.0,0.0,0.0
1,0,1.0,0.0,0.0,0.0,0.0,0.0,0.0,0.0,0.0,0.0,0.0,0.0
1,0,1.0,0.0,0.0,0.0,0.0,0.0,0.0,0.0,0.0,0.0,0.0,0.0
1,0,1.0,0.0,0.0,0.0,0.0,0.0,0.0,0.0,0.0,0.0,0.0,0.0
1,0,1.0,0.0,0.0,0.0,0.0,0.0,0.0,0.0,0.0,0.0,0.0,0.0
1,0,1.0,0.0,0.0,0.0,0.0,0.0,0.0,0.0,0.0,0.0,0.0,0.0
1,0,1.0,0.0,0.0,0.0,0.0,0.0,0.0,0.0,0.0,0.0,0.0,0.0
1,0,1.0,0.0,0.0,0.0,0.0,0.0,0.0,0.0,0.0,0.0,0.0,0.0
1,0,1.0,0.0,0.0,0.0,0.0,0.0,0.0,0.0,0.0,0.0,0.0,0.0
1,0,1.0,0.0,0.0,0.0,0.0,0.0,0.0,0.0,0.0,0.0,0.0,0.0
1,0,1.0,0.0,0.0,0.0,0.0,0.0,0.0,0.0,0.0,0.0,0.0,0.0
1,0,1.0,0.0,0.0,0.0,0.0,0.0,0.0,0.0,0.0,0.0,0.0,0.0
1,0,1.0,0.0,0.0,0.0,0.0,0.0,0.0,0.0,0.0,0.0,0.0,0.0
1,0,1.0,0.0,0.0,0.0,0.0,0.0,0.0,0.0,0.0,0.0,0.0,0.0
1,0,1.0,0.0,0.0,0.0,0.0,0.0,0.0,0.0,0.0,0.0,0.0,0.0
1,0,1.0,0.0,0.0,0.0,0.0,0.0,0.0,0.0,0.0,0.0,0.0,0.0
1,0,1.0,0.0,0.0,0.0,0.0,0.0,0.0,0.0,0.0,0.0,0.0,0.0
1,0,1.0,0.0,0.0,0.0,0.0,0.0,0.0,0.0,0.0,0.0,0.0,0.0
1,0,1.0,0.0,0.0,0.0,0.0,0.0,0.0,0.0,0.0,0.0,0.0,0.0
1,0,1.0,0.0,0.0,0.0,0.0,0.0,0.0,0.0,0.0,0.0,0.0,0.0
1,0,1.0,0.0,0.0,0.0,0.0,0.0,0.0,0.0,0.0,0.0,0.0,0.0
1,0,1.0,0.0,0.0,0.0,0.0,0.0,0.0,0.0,0.0,0.0,0.0,0.0
1,0,1.0,0.0,0.0,0.0,0.0,0.0,0.0,0.0,0.0,0.0,0.0,0.0
1,0,1.0,0.0,0.0,0.0,0.0,0.0,0.0,0.0,0.0,0.0,0.0,0.0
1,0,1.0,0.0,0.0,0.0,0.0,0.0,0.0,0.0,0.0,0.0,0.0,0.0
1,0,1.0,0.0,0.0,0.0,0.0,0.0,0.0,0.0,0.0,0.0,0.0,0.0
1,0,1.0,0.0,0.0,0.0,0.0,0.0,0.0,0.0,0.0,0.0,0.0,0.0
1,0,1.0,0.0,0.0,0.0,0.0,0.0,0.0,0.0,0.0,0.0,0.0,0.0
1,0,1.0,0.0,0.0,0.0,0.0,0.0,0.0,0.0,0.0,0.0,0.0,0.0
1,0,1.0,0.0,0.0,0.0,0.0,0.0,0.0,0.0,0.0,0.0,0.0,0.0
1,0,1.0,0.0,0.0,0.0,0.0,0.0,0.0,0.0,0.0,0.0,0.0,0.0
1,0,1.0,0.0,0.0,0.0,0.0,0.0,0.0,0.0,0.0,0.0,0.0,0.0
1,0,1.0,0.0,0.0,0.0,0.0,0.0,0.0,0.0,0.0,0.0,0.0,0.0
1,0,1.0,0.0,0.0,0.0,0.0,0.0,0.0,0.0,0.0,0.0,0.0,0.0
1,0,1.0,0.0,0.0,0.0,0.0,0.0,0.0,0.0,0.0,0.0,0.0,0.0
1,0,1.0,0.0,0.0,0.0,0.0,0.0,0.0,0.0,0.0,0.0,0.0,0.0
1,0,1.0,0.0,0.0,0.0,0.0,0.0,0.0,0.0,0.0,0.0,0.0,0.0
1,0,1.0,0.0,0.0,0.0,0.0,0.0,0.0,0.0,0.0,0.0,0.0,0.0
1,0,1.0,0.0,0.0,0.0,0.0,0.0,0.0,0.0,0.0,0.0,0.0,0.0
1,0,1.0,0.0,0.0,0.0,0.0,0.0,0.0,0.0,0.0,0.0,0.0,0.0
1,0,1.0,0.0,0.0,0.0,0.0,0.0,0.0,0.0,0.0,0.0,0.0,0.0
1,0,1.0,0.0,0.0,0.0,0.0,0.0,0.0,0.0,0.0,0.0,0.0,0.0
1,0,1.0,0.0,0.0,0.0,0.0,0.0,0.0,0.0,0.0,0.0,0.0,0.0
1,0,1.0,0.0,0.0,0.0,0.0,0.0,0.0,0.0,0.0,0.0,0.0,0.0
1,0,1.0,0.0,0.0,0.0,0.0,0.0,0.0,0.0,0.0,0.0,0.0,0.0
1,0,1.0,0.0,0.0,0.0,0.0,0.0,0.0,0.0,0.0,0.0,0.0,0.0
1,0,1.0,0.0,0.0,0.0,0.0,0.0,0.0,0.0,0.0,0.0,0.0,0.0
1,0,1.0,0.0,0.0,0.0,0.0,0.0,0.0,0.0,0.0,0.0,0.0,0.0
1,0,1.0,0.0,0.0,0.0,0.0,0.0,0.0,0.0,0.0,0.0,0.0,0.0
1,0,1.0,0.0,0.0,0.0,0.0,0.0,0.0,0.0,0.0,0.0,0.0,0.0
1,0,1.0,0.0,0.0,0.0,0.0,0.0,0.0,0.0,0.0,0.0,0.0,0.0
1,0,1.0,0.0,0.0,0.0,0.0,0.0,0.0,0.0,0.0,0.0,0.0,0.0
1,0,1.0,0.0,0.0,0.0,0.0,0.0,0.0,0.0,0.0,0.0,0.0,0.0
1,0,1.0,0.0,0.0,0.0,0.0,0.0,0.0,0.0,0.0,0.0,0.0,0.0
1,0,1.0,0.0,0.0,0.0,0.0,0.0,0.0,0.0,0.0,0.0,0.0,0.0
1,0,1.0,0.0,0.0,0.0,0.0,0.0,0.0,0.0,0.0,0.0,0.0,0.0
1,0,1.0,0.0,0.0,0.0,0.0,0.0,0.0,0.0,0.0,0.0,0.0,0.0
1,0,1.0,0.0,0.0,0.0,0.0,0.0,0.0,0.0,0.0,0.0,0.0,0.0
1,0,1.0,0.0,0.0,0.0,0.0,0.0,0.0,0.0,0.0,0.0,0.0,0.0
1,0,1.0,0.0,0.0,0.0,0.0,0.0,0.0,0.0,0.0,0.0,0.0,0.0
1,0,1.0,0.0,0.0,0.0,0.0,0.0,0.0,0.0,0.0,0.0,0.0,0.0
1,0,1.0,0.0,0.0,0.0,0.0,0.0,0.0,0.0,0.0,0.0,0.0,0.0
1,0,1.0,0.0,0.0,0.0,0.0,0.0,0.0,0.0,0.0,0.0,0.0,0.0
1,0,1.0,0.0,0.0,0.0,0.0,0.0,0.0,0.0,0.0,0.0,0.0,0.0
1,0,1.0,0.0,0.0,0.0,0.0,0.0,0.0,0.0,0.0,0.0,0.0,0.0
1,0,1.0,0.0,0.0,0.0,0.0,0.0,0.0,0.0,0.0,0.0,0.0,0.0
1,0,1.0,0.0,0.0,0.0,0.0,0.0,0.0,0.0,0.0,0.0,0.0,0.0
1,0,1.0,0.0,0.0,0.0,0.0,0.0,0.0,0.0,0.0,0.0,0.0,0.0
1,0,1.0,0.0,0.0,0.0,0.0,0.0,0.0,0.0,0.0,0.0,0.0,0.0
1,0,1.0,0.0,0.0,0.0,0.0,0.0,0.0,0.0,0.0,0.0,0.0,0.0
1,0,1.0,0.0,0.0,0.0,0.0,0.0,0.0,0.0,0.0,0.0,0.0,0.0
1,0,1.0,0.0,0.0,0.0,0.0,0.0,0.0,0.0,0.0,0.0,0.0,0.0
1,0,1.0,0.0,0.0,0.0,0.0,0.0,0.0,0.0,0.0,0.0,0.0,0.0
1,0,1.0,0.0,0.0,0.0,0.0,0.0,0.0,0.0,0.0,0.0,0.0,0.0
1,0,1.0,0.0,0.0,0.0,0.0,0.0,0.0,0.0,0.0,0.0,0.0,0.0
1,0,1.0,0.0,0.0,0.0,0.0,0.0,0.0,0.0,0.0,0.0,0.0,0.0
1,0,1.0,0.0,0.0,0.0,0.0,0.0,0.0,0.0,0.0,0.0,0.0,0.0
1,0,1.0,0.0,0.0,0.0,0.0,0.0,0.0,0.0,0.0,0.0,0.0,0.0
1,0,1.0,0.0,0.0,0.0,0.0,0.0,0.0,0.0,0.0,0.0,0.0,0.0
1,0,1.0,0.0,0.0,0.0,0.0,0.0,0.0,0.0,0.0,0.0,0.0,0.0
1,0,1.0,0.0,0.0,0.0,0.0,0.0,0.0,0.0,0.0,0.0,0.0,0.0
1,0,1.0,0.0,0.0,0.0,0.0,0.0,0.0,0.0,0.0,0.0,0.0,0.0
1,0,1.0,0.0,0.0,0.0,0.0,0.0,0.0,0.0,0.0,0.0,0.0,0.0
1,0,1.0,0.0,0.0,0.0,0.0,0.0,0.0,0.0,0.0,0.0,0.0,0.0
1,0,1.0,0.0,0.0,0.0,0.0,0.0,0.0,0.0,0.0,0.0,0.0,0.0
1,0,1.0,0.0,0.0,0.0,0.0,0.0,0.0,0.0,0.0,0.0,0.0,0.0
1,0,1.0,0.0,0.0,0.0,0.0,0.0,0.0,0.0,0.0,0.0,0.0,0.0
1,0,1.0,0.0,0.0,0.0,0.0,0.0,0.0,0.0,0.0,0.0,0.0,0.0
1,0,1.0,0.0,0.0,0.0,0.0,0.0,0.0,0.0,0.0,0.0,0.0,0.0
1,0,1.0,0.0,0.0,0.0,0.0,0.0,0.0,0.0,0.0,0.0,0.0,0.0
1,0,1.0,0.0,0.0,0.0,0.0,0.0,0.0,0.0,0.0,0.0,0.0,0.0
1,0,1.0,0.0,0.0,0.0,0.0,0.0,0.0,0.0,0.0,0.0,0.0,0.0
1,0,1.0,0.0,0.0,0.0,0.0,0.0,0.0,0.0,0.0,0.0,0.0,0.0
1,0,1.0,0.0,0.0,0.0,0.0,0.0,0.0,0.0,0.0,0.0,0.0,0.0
1,0,1.0,0.0,0.0,0.0,0.0,0.0,0.0,0.0,0.0,0.0,0.0,0.0
1,0,1.0,0.0,0.0,0.0,0.0,0.0,0.0,0.0,0.0,0.0,0.0,0.0
1,0,1.0,0.0,0.0,0.0,0.0,0.0,0.0,0.0,0.0,0.0,0.0,0.0
1,0,1.0,0.0,0.0,0.0,0.0,0.0,0.0,0.0,0.0,0.0,0.0,0.0
1,0,1.0,0.0,0.0,0.0,0.0,0.0,0.0,0.0,0.0,0.0,0.0,0.0
1,0,1.0,0.0,0.0,0.0,0.0,0.0,0.0,0.0,0.0,0.0,0.0,0.0
1,0,1.0,0.0,0.0,0.0,0.0,0.0,0.0,0.0,0.0,0.0,0.0,0.0
1,0,1.0,0.0,0.0,0.0,0.0,0.0,0.0,0.0,0.0,0.0,0.0,0.0
1,0,1.0,0.0,0.0,0.0,0.0,0.0,0.0,0.0,0.0,0.0,0.0,0.0
1,0,1.0,0.0,0.0,0.0,0.0,0.0,0.0,0.0,0.0,0.0,0.0,0.0
1,0,1.0,0.0,0.0,0.0,0.0,0.0,0.0,0.0,0.0,0.0,0.0,0.0
1,0,1.0,0.0,0.0,0.0,0.0,0.0,0.0,0.0,0.0,0.0,0.0,0.0
1,0,1.0,0.0,0.0,0.0,0.0,0.0,0.0,0.0,0.0,0.0,0.0,0.0
1,0,1.0,0.0,0.0,0.0,0.0,0.0,0.0,0.0,0.0,0.0,0.0,0.0
1,0,1.0,0.0,0.0,0.0,0.0,0.0,0.0,0.0,0.0,0.0,0.0,0.0
1,0,1.0,0.0,0.0,0.0,0.0,0.0,0.0,0.0,0.0,0.0,0.0,0.0
1,0,1.0,0.0,0.0,0.0,0.0,0.0,0.0,0.0,0.0,0.0,0.0,0.0
1,0,1.0,0.0,0.0,0.0,0.0,0.0,0.0,0.0,0.0,0.0,0.0,0.0
1,0,1.0,0.0,0.0,0.0,0.0,0.0,0.0,0.0,0.0,0.0,0.0,0.0
1,0,1.0,0.0,0.0,0.0,0.0,0.0,0.0,0.0,0.0,0.0,0.0,0.0
1,0,1.0,0.0,0.0,0.0,0.0,0.0,0.0,0.0,0.0,0.0,0.0,0.0
1,0,1.0,0.0,0.0,0.0,0.0,0.0,0.0,0.0,0.0,0.0,0.0,0.0
1,0,1.0,0.0,0.0,0.0,0.0,0.0,0.0,0.0,0.0,0.0,0.0,0.0
1,0,1.0,0.0,0.0,0.0,0.0,0.0,0.0,0.0,0.0,0.0,0.0,0.0
1,0,1.0,0.0,0.0,0.0,0.0,0.0,0.0,0.0,0.0,0.0,0.0,0.0
1,0,1.0,0.0,0.0,0.0,0.0,0.0,0.0,0.0,0.0,0.0,0.0,0.0
1,0,1.0,0.0,0.0,0.0,0.0,0.0,0.0,0.0,0.0,0.0,0.0,0.0
1,0,1.0,0.0,0.0,0.0,0.0,0.0,0.0,0.0,0.0,0.0,0.0,0.0
1,0,1.0,0.0,0.0,0.0,0.0,0.0,0.0,0.0,0.0,0.0,0.0,0.0
1,0,1.0,0.0,0.0,0.0,0.0,0.0,0.0,0.0,0.0,0.0,0.0,0.0
1,0,1.0,0.0,0.0,0.0,0.0,0.0,0.0,0.0,0.0,0.0,0.0,0.0
1,0,1.0,0.0,0.0,0.0,0.0,0.0,0.0,0.0,0.0,0.0,0.0,0.0
1,0,1.0,0.0,0.0,0.0,0.0,0.0,0.0,0.0,0.0,0.0,0.0,0.0
1,0,1.0,0.0,0.0,0.0,0.0,0.0,0.0,0.0,0.0,0.0,0.0,0.0
1,0,1.0,0.0,0.0,0.0,0.0,0.0,0.0,0.0,0.0,0.0,0.0,0.0
1,0,1.0,0.0,0.0,0.0,0.0,0.0,0.0,0.0,0.0,0.0,0.0,0.0
1,0,1.0,0.0,0.0,0.0,0.0,0.0,0.0,0.0,0.0,0.0,0.0,0.0
1,0,1.0,0.0,0.0,0.0,0.0,0.0,0.0,0.0,0.0,0.0,0.0,0.0
1,0,1.0,0.0,0.0,0.0,0.0,0.0,0.0,0.0,0.0,0.0,0.0,0.0
1,0,1.0,0.0,0.0,0.0,0.0,0.0,0.0,0.0,0.0,0.0,0.0,0.0
1,0,1.0,0.0,0.0,0.0,0.0,0.0,0.0,0.0,0.0,0.0,0.0,0.0
1,0,1.0,0.0,0.0,0.0,0.0,0.0,0.0,0.0,0.0,0.0,0.0,0.0
1,0,1.0,0.0,0.0,0.0,0.0,0.0,0.0,0.0,0.0,0.0,0.0,0.0
1,0,1.0,0.0,0.0,0.0,0.0,0.0,0.0,0.0,0.0,0.0,0.0,0.0
1,0,1.0,0.0,0.0,0.0,0.0,0.0,0.0,0.0,0.0,0.0,0.0,0.0
1,0,1.0,0.0,0.0,0.0,0.0,0.0,0.0,0.0,0.0,0.0,0.0,0.0
1,0,1.0,0.0,0.0,0.0,0.0,0.0,0.0,0.0,0.0,0.0,0.0,0.0
1,0,1.0,0.0,0.0,0.0,0.0,0.0,0.0,0.0,0.0,0.0,0.0,0.0
1,0,1.0,0.0,0.0,0.0,0.0,0.0,0.0,0.0,0.0,0.0,0.0,0.0
1,0,1.0,0.0,0.0,0.0,0.0,0.0,0.0,0.0,0.0,0.0,0.0,0.0
1,0,1.0,0.0,0.0,0.0,0.0,0.0,0.0,0.0,0.0,0.0,0.0,0.0
1,0,1.0,0.0,0.0,0.0,0.0,0.0,0.0,0.0,0.0,0.0,0.0,0.0
1,0,1.0,0.0,0.0,0.0,0.0,0.0,0.0,0.0,0.0,0.0,0.0,0.0
1,0,1.0,0.0,0.0,0.0,0.0,0.0,0.0,0.0,0.0,0.0,0.0,0.0
1,0,1.0,0.0,0.0,0.0,0.0,0.0,0.0,0.0,0.0,0.0,0.0,0.0
1,0,1.0,0.0,0.0,0.0,0.0,0.0,0.0,0.0,0.0,0.0,0.0,0.0
1,0,1.0,0.0,0.0,0.0,0.0,0.0,0.0,0.0,0.0,0.0,0.0,0.0
1,0,1.0,0.0,0.0,0.0,0.0,0.0,0.0,0.0,0.0,0.0,0.0,0.0
1,0,1.0,0.0,0.0,0.0,0.0,0.0,0.0,0.0,0.0,0.0,0.0,0.0
1,0,1.0,0.0,0.0,0.0,0.0,0.0,0.0,0.0,0.0,0.0,0.0,0.0
1,0,1.0,0.0,0.0,0.0,0.0,0.0,0.0,0.0,0.0,0.0,0.0,0.0
1,0,1.0,0.0,0.0,0.0,0.0,0.0,0.0,0.0,0.0,0.0,0.0,0.0
1,0,1.0,0.0,0.0,0.0,0.0,0.0,0.0,0.0,0.0,0.0,0.0,0.0
1,0,1.0,0.0,0.0,0.0,0.0,0.0,0.0,0.0,0.0,0.0,0.0,0.0
1,0,1.0,0.0,0.0,0.0,0.0,0.0,0.0,0.0,0.0,0.0,0.0,0.0
1,0,1.0,0.0,0.0,0.0,0.0,0.0,0.0,0.0,0.0,0.0,0.0,0.0
1,0,1.0,0.0,0.0,0.0,0.0,0.0,0.0,0.0,0.0,0.0,0.0,0.0
1,0,1.0,0.0,0.0,0.0,0.0,0.0,0.0,0.0,0.0,0.0,0.0,0.0
1,0,1.0,0.0,0.0,0.0,0.0,0.0,0.0,0.0,0.0,0.0,0.0,0.0
1,0,1.0,0.0,0.0,0.0,0.0,0.0,0.0,0.0,0.0,0.0,0.0,0.0
1,0,1.0,0.0,0.0,0.0,0.0,0.0,0.0,0.0,0.0,0.0,0.0,0.0
1,0,1.0,0.0,0.0,0.0,0.0,0.0,0.0,0.0,0.0,0.0,0.0,0.0
1,0,1.0,0.0,0.0,0.0,0.0,0.0,0.0,0.0,0.0,0.0,0.0,0.0
1,0,1.0,0.0,0.0,0.0,0.0,0.0,0.0,0.0,0.0,0.0,0.0,0.0
1,0,1.0,0.0,0.0,0.0,0.0,0.0,0.0,0.0,0.0,0.0,0.0,0.0
1,0,1.0,0.0,0.0,0.0,0.0,0.0,0.0,0.0,0.0,0.0,0.0,0.0
1,0,1.0,0.0,0.0,0.0,0.0,0.0,0.0,0.0,0.0,0.0,0.0,0.0
1,0,1.0,0.0,0.0,0.0,0.0,0.0,0.0,0.0,0.0,0.0,0.0,0.0
1,0,1.0,0.0,0.0,0.0,0.0,0.0,0.0,0.0,0.0,0.0,0.0,0.0
1,0,1.0,0.0,0.0,0.0,0.0,0.0,0.0,0.0,0.0,0.0,0.0,0.0
1,0,1.0,0.0,0.0,0.0,0.0,0.0,0.0,0.0,0.0,0.0,0.0,0.0
1,0,1.0,0.0,0.0,0.0,0.0,0.0,0.0,0.0,0.0,0.0,0.0,0.0
1,0,1.0,0.0,0.0,0.0,0.0,0.0,0.0,0.0,0.0,0.0,0.0,0.0
1,0,1.0,0.0,0.0,0.0,0.0,0.0,0.0,0.0,0.0,0.0,0.0,0.0
1,0,1.0,0.0,0.0,0.0,0.0,0.0,0.0,0.0,0.0,0.0,0.0,0.0
1,0,1.0,0.0,0.0,0.0,0.0,0.0,0.0,0.0,0.0,0.0,0.0,0.0
1,0,1.0,0.0,0.0,0.0,0.0,0.0,0.0,0.0,0.0,0.0,0.0,0.0
1,0,1.0,0.0,0.0,0.0,0.0,0.0,0.0,0.0,0.0,0.0,0.0,0.0
1,0,1.0,0.0,0.0,0.0,0.0,0.0,0.0,0.0,0.0,0.0,0.0,0.0
1,0,1.0,0.0,0.0,0.0,0.0,0.0,0.0,0.0,0.0,0.0,0.0,0.0
1,0,1.0,0.0,0.0,0.0,0.0,0.0,0.0,0.0,0.0,0.0,0.0,0.0
1,0,1.0,0.0,0.0,0.0,0.0,0.0,0.0,0.0,0.0,0.0,0.0,0.0
1,0,1.0,0.0,0.0,0.0,0.0,0.0,0.0,0.0,0.0,0.0,0.0,0.0
1,0,1.0,0.0,0.0,0.0,0.0,0.0,0.0,0.0,0.0,0.0,0.0,0.0
1,0,1.0,0.0,0.0,0.0,0.0,0.0,0.0,0.0,0.0,0.0,0.0,0.0
1,0,1.0,0.0,0.0,0.0,0.0,0.0,0.0,0.0,0.0,0.0,0.0,0.0
1,0,1.0,0.0,0.0,0.0,0.0,0.0,0.0,0.0,0.0,0.0,0.0,0.0
1,0,1.0,0.0,0.0,0.0,0.0,0.0,0.0,0.0,0.0,0.0,0.0,0.0
1,0,1.0,0.0,0.0,0.0,0.0,0.0,0.0,0.0,0.0,0.0,0.0,0.0
1,0,1.0,0.0,0.0,0.0,0.0,0.0,0.0,0.0,0.0,0.0,0.0,0.0
1,0,1.0,0.0,0.0,0.0,0.0,0.0,0.0,0.0,0.0,0.0,0.0,0.0
1,0,1.0,0.0,0.0,0.0,0.0,0.0,0.0,0.0,0.0,0.0,0.0,0.0
1,0,1.0,0.0,0.0,0.0,0.0,0.0,0.0,0.0,0.0,0.0,0.0,0.0
1,0,1.0,0.0,0.0,0.0,0.0,0.0,0.0,0.0,0.0,0.0,0.0,0.0
1,0,1.0,0.0,0.0,0.0,0.0,0.0,0.0,0.0,0.0,0.0,0.0,0.0
1,0,1.0,0.0,0.0,0.0,0.0,0.0,0.0,0.0,0.0,0.0,0.0,0.0
1,0,1.0,0.0,0.0,0.0,0.0,0.0,0.0,0.0,0.0,0.0,0.0,0.0
1,0,1.0,0.0,0.0,0.0,0.0,0.0,0.0,0.0,0.0,0.0,0.0,0.0
1,0,1.0,0.0,0.0,0.0,0.0,0.0,0.0,0.0,0.0,0.0,0.0,0.0
1,0,1.0,0.0,0.0,0.0,0.0,0.0,0.0,0.0,0.0,0.0,0.0,0.0
1,0,1.0,0.0,0.0,0.0,0.0,0.0,0.0,0.0,0.0,0.0,0.0,0.0
1,0,1.0,0.0,0.0,0.0,0.0,0.0,0.0,0.0,0.0,0.0,0.0,0.0
1,0,1.0,0.0,0.0,0.0,0.0,0.0,0.0,0.0,0.0,0.0,0.0,0.0
1,0,1.0,0.0,0.0,0.0,0.0,0.0,0.0,0.0,0.0,0.0,0.0,0.0
1,0,1.0,0.0,0.0,0.0,0.0,0.0,0.0,0.0,0.0,0.0,0.0,0.0
1,0,1.0,0.0,0.0,0.0,0.0,0.0,0.0,0.0,0.0,0.0,0.0,0.0
1,0,1.0,0.0,0.0,0.0,0.0,0.0,0.0,0.0,0.0,0.0,0.0,0.0
1,0,1.0,0.0,0.0,0.0,0.0,0.0,0.0,0.0,0.0,0.0,0.0,0.0
1,0,1.0,0.0,0.0,0.0,0.0,0.0,0.0,0.0,0.0,0.0,0.0,0.0
1,0,1.0,0.0,0.0,0.0,0.0,0.0,0.0,0.0,0.0,0.0,0.0,0.0
1,0,1.0,0.0,0.0,0.0,0.0,0.0,0.0,0.0,0.0,0.0,0.0,0.0
1,0,1.0,0.0,0.0,0.0,0.0,0.0,0.0,0.0,0.0,0.0,0.0,0.0
1,0,1.0,0.0,0.0,0.0,0.0,0.0,0.0,0.0,0.0,0.0,0.0,0.0
1,0,1.0,0.0,0.0,0.0,0.0,0.0,0.0,0.0,0.0,0.0,0.0,0.0
1,0,1.0,0.0,0.0,0.0,0.0,0.0,0.0,0.0,0.0,0.0,0.0,0.0
1,0,1.0,0.0,0.0,0.0,0.0,0.0,0.0,0.0,0.0,0.0,0.0,0.0
1,0,1.0,0.0,0.0,0.0,0.0,0.0,0.0,0.0,0.0,0.0,0.0,0.0
1,0,1.0,0.0,0.0,0.0,0.0,0.0,0.0,0.0,0.0,0.0,0.0,0.0
1,0,1.0,0.0,0.0,0.0,0.0,0.0,0.0,0.0,0.0,0.0,0.0,0.0
1,0,1.0,0.0,0.0,0.0,0.0,0.0,0.0,0.0,0.0,0.0,0.0,0.0
1,0,1.0,0.0,0.0,0.0,0.0,0.0,0.0,0.0,0.0,0.0,0.0,0.0
1,0,1.0,0.0,0.0,0.0,0.0,0.0,0.0,0.0,0.0,0.0,0.0,0.0
1,0,1.0,0.0,0.0,0.0,0.0,0.0,0.0,0.0,0.0,0.0,0.0,0.0
1,0,1.0,0.0,0.0,0.0,0.0,0.0,0.0,0.0,0.0,0.0,0.0,0.0
1,0,1.0,0.0,0.0,0.0,0.0,0.0,0.0,0.0,0.0,0.0,0.0,0.0
1,0,1.0,0.0,0.0,0.0,0.0,0.0,0.0,0.0,0.0,0.0,0.0,0.0
1,0,1.0,0.0,0.0,0.0,0.0,0.0,0.0,0.0,0.0,0.0,0.0,0.0
1,0,1.0,0.0,0.0,0.0,0.0,0.0,0.0,0.0,0.0,0.0,0.0,0.0
1,0,1.0,0.0,0.0,0.0,0.0,0.0,0.0,0.0,0.0,0.0,0.0,0.0
1,0,1.0,0.0,0.0,0.0,0.0,0.0,0.0,0.0,0.0,0.0,0.0,0.0
1,0,1.0,0.0,0.0,0.0,0.0,0.0,0.0,0.0,0.0,0.0,0.0,0.0
1,0,1.0,0.0,0.0,0.0,0.0,0.0,0.0,0.0,0.0,0.0,0.0,0.0
1,0,1.0,0.0,0.0,0.0,0.0,0.0,0.0,0.0,0.0,0.0,0.0,0.0
1,0,1.0,0.0,0.0,0.0,0.0,0.0,0.0,0.0,0.0,0.0,0.0,0.0
1,0,1.0,0.0,0.0,0.0,0.0,0.0,0.0,0.0,0.0,0.0,0.0,0.0
1,0,1.0,0.0,0.0,0.0,0.0,0.0,0.0,0.0,0.0,0.0,0.0,0.0
1,0,1.0,0.0,0.0,0.0,0.0,0.0,0.0,0.0,0.0,0.0,0.0,0.0
1,0,1.0,0.0,0.0,0.0,0.0,0.0,0.0,0.0,0.0,0.0,0.0,0.0
1,0,1.0,0.0,0.0,0.0,0.0,0.0,0.0,0.0,0.0,0.0,0.0,0.0
1,0,1.0,0.0,0.0,0.0,0.0,0.0,0.0,0.0,0.0,0.0,0.0,0.0
1,0,1.0,0.0,0.0,0.0,0.0,0.0,0.0,0.0,0.0,0.0,0.0,0.0
1,0,1.0,0.0,0.0,0.0,0.0,0.0,0.0,0.0,0.0,0.0,0.0,0.0
1,0,1.0,0.0,0.0,0.0,0.0,0.0,0.0,0.0,0.0,0.0,0.0,0.0
1,0,1.0,0.0,0.0,0.0,0.0,0.0,0.0,0.0,0.0,0.0,0.0,0.0
1,0,1.0,0.0,0.0,0.0,0.0,0.0,0.0,0.0,0.0,0.0,0.0,0.0
1,0,1.0,0.0,0.0,0.0,0.0,0.0,0.0,0.0,0.0,0.0,0.0,0.0
1,0,1.0,0.0,0.0,0.0,0.0,0.0,0.0,0.0,0.0,0.0,0.0,0.0
1,0,1.0,0.0,0.0,0.0,0.0,0.0,0.0,0.0,0.0,0.0,0.0,0.0
1,0,1.0,0.0,0.0,0.0,0.0,0.0,0.0,0.0,0.0,0.0,0.0,0.0
1,0,1.0,0.0,0.0,0.0,0.0,0.0,0.0,0.0,0.0,0.0,0.0,0.0
1,0,1.0,0.0,0.0,0.0,0.0,0.0,0.0,0.0,0.0,0.0,0.0,0.0
1,0,1.0,0.0,0.0,0.0,0.0,0.0,0.0,0.0,0.0,0.0,0.0,0.0
1,0,1.0,0.0,0.0,0.0,0.0,0.0,0.0,0.0,0.0,0.0,0.0,0.0
1,0,1.0,0.0,0.0,0.0,0.0,0.0,0.0,0.0,0.0,0.0,0.0,0.0
1,0,1.0,0.0,0.0,0.0,0.0,0.0,0.0,0.0,0.0,0.0,0.0,0.0
1,0,1.0,0.0,0.0,0.0,0.0,0.0,0.0,0.0,0.0,0.0,0.0,0.0
1,0,1.0,0.0,0.0,0.0,0.0,0.0,0.0,0.0,0.0,0.0,0.0,0.0
1,0,1.0,0.0,0.0,0.0,0.0,0.0,0.0,0.0,0.0,0.0,0.0,0.0
1,0,1.0,0.0,0.0,0.0,0.0,0.0,0.0,0.0,0.0,0.0,0.0,0.0
1,0,1.0,0.0,0.0,0.0,0.0,0.0,0.0,0.0,0.0,0.0,0.0,0.0
1,0,1.0,0.0,0.0,0.0,0.0,0.0,0.0,0.0,0.0,0.0,0.0,0.0
1,0,1.0,0.0,0.0,0.0,0.0,0.0,0.0,0.0,0.0,0.0,0.0,0.0
1,0,1.0,0.0,0.0,0.0,0.0,0.0,0.0,0.0,0.0,0.0,0.0,0.0
1,0,1.0,0.0,0.0,0.0,0.0,0.0,0.0,0.0,0.0,0.0,0.0,0.0
1,0,1.0,0.0,0.0,0.0,0.0,0.0,0.0,0.0,0.0,0.0,0.0,0.0
1,0,1.0,0.0,0.0,0.0,0.0,0.0,0.0,0.0,0.0,0.0,0.0,0.0
1,0,1.0,0.0,0.0,0.0,0.0,0.0,0.0,0.0,0.0,0.0,0.0,0.0
1,0,1.0,0.0,0.0,0.0,0.0,0.0,0.0,0.0,0.0,0.0,0.0,0.0
1,0,1.0,0.0,0.0,0.0,0.0,0.0,0.0,0.0,0.0,0.0,0.0,0.0
1,0,1.0,0.0,0.0,0.0,0.0,0.0,0.0,0.0,0.0,0.0,0.0,0.0
1,0,1.0,0.0,0.0,0.0,0.0,0.0,0.0,0.0,0.0,0.0,0.0,0.0
1,0,1.0,0.0,0.0,0.0,0.0,0.0,0.0,0.0,0.0,0.0,0.0,0.0
1,0,1.0,0.0,0.0,0.0,0.0,0.0,0.0,0.0,0.0,0.0,0.0,0.0
1,0,1.0,0.0,0.0,0.0,0.0,0.0,0.0,0.0,0.0,0.0,0.0,0.0
1,0,1.0,0.0,0.0,0.0,0.0,0.0,0.0,0.0,0.0,0.0,0.0,0.0
1,0,1.0,0.0,0.0,0.0,0.0,0.0,0.0,0.0,0.0,0.0,0.0,0.0
1,0,1.0,0.0,0.0,0.0,0.0,0.0,0.0,0.0,0.0,0.0,0.0,0.0
1,0,1.0,0.0,0.0,0.0,0.0,0.0,0.0,0.0,0.0,0.0,0.0,0.0
1,0,1.0,0.0,0.0,0.0,0.0,0.0,0.0,0.0,0.0,0.0,0.0,0.0
1,0,1.0,0.0,0.0,0.0,0.0,0.0,0.0,0.0,0.0,0.0,0.0,0.0
1,0,1.0,0.0,0.0,0.0,0.0,0.0,0.0,0.0,0.0,0.0,0.0,0.0
1,0,1.0,0.0,0.0,0.0,0.0,0.0,0.0,0.0,0.0,0.0,0.0,0.0
1,0,1.0,0.0,0.0,0.0,0.0,0.0,0.0,0.0,0.0,0.0,0.0,0.0
1,0,1.0,0.0,0.0,0.0,0.0,0.0,0.0,0.0,0.0,0.0,0.0,0.0
1,0,1.0,0.0,0.0,0.0,0.0,0.0,0.0,0.0,0.0,0.0,0.0,0.0
1,0,1.0,0.0,0.0,0.0,0.0,0.0,0.0,0.0,0.0,0.0,0.0,0.0
1,0,1.0,0.0,0.0,0.0,0.0,0.0,0.0,0.0,0.0,0.0,0.0,0.0
1,0,1.0,0.0,0.0,0.0,0.0,0.0,0.0,0.0,0.0,0.0,0.0,0.0
1,0,1.0,0.0,0.0,0.0,0.0,0.0,0.0,0.0,0.0,0.0,0.0,0.0
1,0,1.0,0.0,0.0,0.0,0.0,0.0,0.0,0.0,0.0,0.0,0.0,0.0
1,0,1.0,0.0,0.0,0.0,0.0,0.0,0.0,0.0,0.0,0.0,0.0,0.0
1,0,1.0,0.0,0.0,0.0,0.0,0.0,0.0,0.0,0.0,0.0,0.0,0.0
1,0,1.0,0.0,0.0,0.0,0.0,0.0,0.0,0.0,0.0,0.0,0.0,0.0
1,0,1.0,0.0,0.0,0.0,0.0,0.0,0.0,0.0,0.0,0.0,0.0,0.0
1,0,1.0,0.0,0.0,0.0,0.0,0.0,0.0,0.0,0.0,0.0,0.0,0.0
1,0,1.0,0.0,0.0,0.0,0.0,0.0,0.0,0.0,0.0,0.0,0.0,0.0
1,0,1.0,0.0,0.0,0.0,0.0,0.0,0.0,0.0,0.0,0.0,0.0,0.0
1,0,1.0,0.0,0.0,0.0,0.0,0.0,0.0,0.0,0.0,0.0,0.0,0.0
1,0,1.0,0.0,0.0,0.0,0.0,0.0,0.0,0.0,0.0,0.0,0.0,0.0
1,0,1.0,0.0,0.0,0.0,0.0,0.0,0.0,0.0,0.0,0.0,0.0,0.0
1,0,1.0,0.0,0.0,0.0,0.0,0.0,0.0,0.0,0.0,0.0,0.0,0.0
1,0,1.0,0.0,0.0,0.0,0.0,0.0,0.0,0.0,0.0,0.0,0.0,0.0
1,0,1.0,0.0,0.0,0.0,0.0,0.0,0.0,0.0,0.0,0.0,0.0,0.0
1,0,1.0,0.0,0.0,0.0,0.0,0.0,0.0,0.0,0.0,0.0,0.0,0.0
1,0,1.0,0.0,0.0,0.0,0.0,0.0,0.0,0.0,0.0,0.0,0.0,0.0
1,0,1.0,0.0,0.0,0.0,0.0,0.0,0.0,0.0,0.0,0.0,0.0,0.0
1,0,1.0,0.0,0.0,0.0,0.0,0.0,0.0,0.0,0.0,0.0,0.0,0.0
1,0,1.0,0.0,0.0,0.0,0.0,0.0,0.0,0.0,0.0,0.0,0.0,0.0
1,0,1.0,0.0,0.0,0.0,0.0,0.0,0.0,0.0,0.0,0.0,0.0,0.0
1,0,1.0,0.0,0.0,0.0,0.0,0.0,0.0,0.0,0.0,0.0,0.0,0.0
1,0,1.0,0.0,0.0,0.0,0.0,0.0,0.0,0.0,0.0,0.0,0.0,0.0
1,0,1.0,0.0,0.0,0.0,0.0,0.0,0.0,0.0,0.0,0.0,0.0,0.0
1,0,1.0,0.0,0.0,0.0,0.0,0.0,0.0,0.0,0.0,0.0,0.0,0.0
1,0,1.0,0.0,0.0,0.0,0.0,0.0,0.0,0.0,0.0,0.0,0.0,0.0
1,0,1.0,0.0,0.0,0.0,0.0,0.0,0.0,0.0,0.0,0.0,0.0,0.0
1,0,1.0,0.0,0.0,0.0,0.0,0.0,0.0,0.0,0.0,0.0,0.0,0.0
1,0,1.0,0.0,0.0,0.0,0.0,0.0,0.0,0.0,0.0,0.0,0.0,0.0
1,0,1.0,0.0,0.0,0.0,0.0,0.0,0.0,0.0,0.0,0.0,0.0,0.0
1,0,1.0,0.0,0.0,0.0,0.0,0.0,0.0,0.0,0.0,0.0,0.0,0.0
1,0,1.0,0.0,0.0,0.0,0.0,0.0,0.0,0.0,0.0,0.0,0.0,0.0
1,0,1.0,0.0,0.0,0.0,0.0,0.0,0.0,0.0,0.0,0.0,0.0,0.0
1,0,1.0,0.0,0.0,0.0,0.0,0.0,0.0,0.0,0.0,0.0,0.0,0.0
1,0,1.0,0.0,0.0,0.0,0.0,0.0,0.0,0.0,0.0,0.0,0.0,0.0
1,0,1.0,0.0,0.0,0.0,0.0,0.0,0.0,0.0,0.0,0.0,0.0,0.0
1,0,1.0,0.0,0.0,0.0,0.0,0.0,0.0,0.0,0.0,0.0,0.0,0.0
1,0,1.0,0.0,0.0,0.0,0.0,0.0,0.0,0.0,0.0,0.0,0.0,0.0
1,0,1.0,0.0,0.0,0.0,0.0,0.0,0.0,0.0,0.0,0.0,0.0,0.0
1,0,1.0,0.0,0.0,0.0,0.0,0.0,0.0,0.0,0.0,0.0,0.0,0.0
1,0,1.0,0.0,0.0,0.0,0.0,0.0,0.0,0.0,0.0,0.0,0.0,0.0
1,0,1.0,0.0,0.0,0.0,0.0,0.0,0.0,0.0,0.0,0.0,0.0,0.0
1,0,1.0,0.0,0.0,0.0,0.0,0.0,0.0,0.0,0.0,0.0,0.0,0.0
1,0,1.0,0.0,0.0,0.0,0.0,0.0,0.0,0.0,0.0,0.0,0.0,0.0
1,0,1.0,0.0,0.0,0.0,0.0,0.0,0.0,0.0,0.0,0.0,0.0,0.0
1,0,1.0,0.0,0.0,0.0,0.0,0.0,0.0,0.0,0.0,0.0,0.0,0.0
1,0,1.0,0.0,0.0,0.0,0.0,0.0,0.0,0.0,0.0,0.0,0.0,0.0
1,0,1.0,0.0,0.0,0.0,0.0,0.0,0.0,0.0,0.0,0.0,0.0,0.0
1,0,1.0,0.0,0.0,0.0,0.0,0.0,0.0,0.0,0.0,0.0,0.0,0.0
1,0,1.0,0.0,0.0,0.0,0.0,0.0,0.0,0.0,0.0,0.0,0.0,0.0
1,0,1.0,0.0,0.0,0.0,0.0,0.0,0.0,0.0,0.0,0.0,0.0,0.0
1,0,1.0,0.0,0.0,0.0,0.0,0.0,0.0,0.0,0.0,0.0,0.0,0.0
1,0,1.0,0.0,0.0,0.0,0.0,0.0,0.0,0.0,0.0,0.0,0.0,0.0
1,0,1.0,0.0,0.0,0.0,0.0,0.0,0.0,0.0,0.0,0.0,0.0,0.0
1,0,1.0,0.0,0.0,0.0,0.0,0.0,0.0,0.0,0.0,0.0,0.0,0.0
1,0,1.0,0.0,0.0,0.0,0.0,0.0,0.0,0.0,0.0,0.0,0.0,0.0
1,0,1.0,0.0,0.0,0.0,0.0,0.0,0.0,0.0,0.0,0.0,0.0,0.0
1,0,1.0,0.0,0.0,0.0,0.0,0.0,0.0,0.0,0.0,0.0,0.0,0.0
1,0,1.0,0.0,0.0,0.0,0.0,0.0,0.0,0.0,0.0,0.0,0.0,0.0
1,0,1.0,0.0,0.0,0.0,0.0,0.0,0.0,0.0,0.0,0.0,0.0,0.0
1,0,1.0,0.0,0.0,0.0,0.0,0.0,0.0,0.0,0.0,0.0,0.0,0.0
1,0,1.0,0.0,0.0,0.0,0.0,0.0,0.0,0.0,0.0,0.0,0.0,0.0
1,0,1.0,0.0,0.0,0.0,0.0,0.0,0.0,0.0,0.0,0.0,0.0,0.0
1,0,1.0,0.0,0.0,0.0,0.0,0.0,0.0,0.0,0.0,0.0,0.0,0.0
1,0,1.0,0.0,0.0,0.0,0.0,0.0,0.0,0.0,0.0,0.0,0.0,0.0
1,0,1.0,0.0,0.0,0.0,0.0,0.0,0.0,0.0,0.0,0.0,0.0,0.0
1,0,1.0,0.0,0.0,0.0,0.0,0.0,0.0,0.0,0.0,0.0,0.0,0.0
1,0,1.0,0.0,0.0,0.0,0.0,0.0,0.0,0.0,0.0,0.0,0.0,0.0
1,0,1.0,0.0,0.0,0.0,0.0,0.0,0.0,0.0,0.0,0.0,0.0,0.0
1,0,1.0,0.0,0.0,0.0,0.0,0.0,0.0,0.0,0.0,0.0,0.0,0.0
1,0,1.0,0.0,0.0,0.0,0.0,0.0,0.0,0.0,0.0,0.0,0.0,0.0
1,0,1.0,0.0,0.0,0.0,0.0,0.0,0.0,0.0,0.0,0.0,0.0,0.0
1,0,1.0,0.0,0.0,0.0,0.0,0.0,0.0,0.0,0.0,0.0,0.0,0.0
1,0,1.0,0.0,0.0,0.0,0.0,0.0,0.0,0.0,0.0,0.0,0.0,0.0
1,0,1.0,0.0,0.0,0.0,0.0,0.0,0.0,0.0,0.0,0.0,0.0,0.0
1,0,1.0,0.0,0.0,0.0,0.0,0.0,0.0,0.0,0.0,0.0,0.0,0.0
1,0,1.0,0.0,0.0,0.0,0.0,0.0,0.0,0.0,0.0,0.0,0.0,0.0
1,0,1.0,0.0,0.0,0.0,0.0,0.0,0.0,0.0,0.0,0.0,0.0,0.0
1,0,1.0,0.0,0.0,0.0,0.0,0.0,0.0,0.0,0.0,0.0,0.0,0.0
1,0,1.0,0.0,0.0,0.0,0.0,0.0,0.0,0.0,0.0,0.0,0.0,0.0
1,0,1.0,0.0,0.0,0.0,0.0,0.0,0.0,0.0,0.0,0.0,0.0,0.0
1,0,1.0,0.0,0.0,0.0,0.0,0.0,0.0,0.0,0.0,0.0,0.0,0.0
1,0,1.0,0.0,0.0,0.0,0.0,0.0,0.0,0.0,0.0,0.0,0.0,0.0
1,0,1.0,0.0,0.0,0.0,0.0,0.0,0.0,0.0,0.0,0.0,0.0,0.0
1,0,1.0,0.0,0.0,0.0,0.0,0.0,0.0,0.0,0.0,0.0,0.0,0.0
1,0,1.0,0.0,0.0,0.0,0.0,0.0,0.0,0.0,0.0,0.0,0.0,0.0
1,0,1.0,0.0,0.0,0.0,0.0,0.0,0.0,0.0,0.0,0.0,0.0,0.0
1,0,1.0,0.0,0.0,0.0,0.0,0.0,0.0,0.0,0.0,0.0,0.0,0.0
1,0,1.0,0.0,0.0,0.0,0.0,0.0,0.0,0.0,0.0,0.0,0.0,0.0
1,0,1.0,0.0,0.0,0.0,0.0,0.0,0.0,0.0,0.0,0.0,0.0,0.0
1,0,1.0,0.0,0.0,0.0,0.0,0.0,0.0,0.0,0.0,0.0,0.0,0.0
1,0,1.0,0.0,0.0,0.0,0.0,0.0,0.0,0.0,0.0,0.0,0.0,0.0
1,0,1.0,0.0,0.0,0.0,0.0,0.0,0.0,0.0,0.0,0.0,0.0,0.0
1,0,1.0,0.0,0.0,0.0,0.0,0.0,0.0,0.0,0.0,0.0,0.0,0.0
1,0,1.0,0.0,0.0,0.0,0.0,0.0,0.0,0.0,0.0,0.0,0.0,0.0
1,0,1.0,0.0,0.0,0.0,0.0,0.0,0.0,0.0,0.0,0.0,0.0,0.0
1,0,1.0,0.0,0.0,0.0,0.0,0.0,0.0,0.0,0.0,0.0,0.0,0.0
1,0,1.0,0.0,0.0,0.0,0.0,0.0,0.0,0.0,0.0,0.0,0.0,0.0
1,0,1.0,0.0,0.0,0.0,0.0,0.0,0.0,0.0,0.0,0.0,0.0,0.0
1,0,1.0,0.0,0.0,0.0,0.0,0.0,0.0,0.0,0.0,0.0,0.0,0.0
1,0,1.0,0.0,0.0,0.0,0.0,0.0,0.0,0.0,0.0,0.0,0.0,0.0
1,0,1.0,0.0,0.0,0.0,0.0,0.0,0.0,0.0,0.0,0.0,0.0,0.0
1,0,1.0,0.0,0.0,0.0,0.0,0.0,0.0,0.0,0.0,0.0,0.0,0.0
1,0,1.0,0.0,0.0,0.0,0.0,0.0,0.0,0.0,0.0,0.0,0.0,0.0
1,0,1.0,0.0,0.0,0.0,0.0,0.0,0.0,0.0,0.0,0.0,0.0,0.0
1,0,1.0,0.0,0.0,0.0,0.0,0.0,0.0,0.0,0.0,0.0,0.0,0.0
1,0,1.0,0.0,0.0,0.0,0.0,0.0,0.0,0.0,0.0,0.0,0.0,0.0
1,0,1.0,0.0,0.0,0.0,0.0,0.0,0.0,0.0,0.0,0.0,0.0,0.0
1,0,1.0,0.0,0.0,0.0,0.0,0.0,0.0,0.0,0.0,0.0,0.0,0.0
1,0,1.0,0.0,0.0,0.0,0.0,0.0,0.0,0.0,0.0,0.0,0.0,0.0
1,0,1.0,0.0,0.0,0.0,0.0,0.0,0.0,0.0,0.0,0.0,0.0,0.0
1,0,1.0,0.0,0.0,0.0,0.0,0.0,0.0,0.0,0.0,0.0,0.0,0.0
1,0,1.0,0.0,0.0,0.0,0.0,0.0,0.0,0.0,0.0,0.0,0.0,0.0
1,0,1.0,0.0,0.0,0.0,0.0,0.0,0.0,0.0,0.0,0.0,0.0,0.0
1,0,1.0,0.0,0.0,0.0,0.0,0.0,0.0,0.0,0.0,0.0,0.0,0.0
1,0,1.0,0.0,0.0,0.0,0.0,0.0,0.0,0.0,0.0,0.0,0.0,0.0
1,0,1.0,0.0,0.0,0.0,0.0,0.0,0.0,0.0,0.0,0.0,0.0,0.0
1,0,1.0,0.0,0.0,0.0,0.0,0.0,0.0,0.0,0.0,0.0,0.0,0.0
1,0,1.0,0.0,0.0,0.0,0.0,0.0,0.0,0.0,0.0,0.0,0.0,0.0
1,0,1.0,0.0,0.0,0.0,0.0,0.0,0.0,0.0,0.0,0.0,0.0,0.0
1,0,1.0,0.0,0.0,0.0,0.0,0.0,0.0,0.0,0.0,0.0,0.0,0.0
1,0,1.0,0.0,0.0,0.0,0.0,0.0,0.0,0.0,0.0,0.0,0.0,0.0
1,0,1.0,0.0,0.0,0.0,0.0,0.0,0.0,0.0,0.0,0.0,0.0,0.0
1,0,1.0,0.0,0.0,0.0,0.0,0.0,0.0,0.0,0.0,0.0,0.0,0.0
1,0,1.0,0.0,0.0,0.0,0.0,0.0,0.0,0.0,0.0,0.0,0.0,0.0
1,0,1.0,0.0,0.0,0.0,0.0,0.0,0.0,0.0,0.0,0.0,0.0,0.0
1,0,1.0,0.0,0.0,0.0,0.0,0.0,0.0,0.0,0.0,0.0,0.0,0.0
1,0,1.0,0.0,0.0,0.0,0.0,0.0,0.0,0.0,0.0,0.0,0.0,0.0
1,0,1.0,0.0,0.0,0.0,0.0,0.0,0.0,0.0,0.0,0.0,0.0,0.0
1,0,1.0,0.0,0.0,0.0,0.0,0.0,0.0,0.0,0.0,0.0,0.0,0.0
1,0,1.0,0.0,0.0,0.0,0.0,0.0,0.0,0.0,0.0,0.0,0.0,0.0
1,0,1.0,0.0,0.0,0.0,0.0,0.0,0.0,0.0,0.0,0.0,0.0,0.0
1,0,1.0,0.0,0.0,0.0,0.0,0.0,0.0,0.0,0.0,0.0,0.0,0.0
1,0,1.0,0.0,0.0,0.0,0.0,0.0,0.0,0.0,0.0,0.0,0.0,0.0
1,0,1.0,0.0,0.0,0.0,0.0,0.0,0.0,0.0,0.0,0.0,0.0,0.0
1,0,1.0,0.0,0.0,0.0,0.0,0.0,0.0,0.0,0.0,0.0,0.0,0.0
1,0,1.0,0.0,0.0,0.0,0.0,0.0,0.0,0.0,0.0,0.0,0.0,0.0
1,0,1.0,0.0,0.0,0.0,0.0,0.0,0.0,0.0,0.0,0.0,0.0,0.0
1,0,1.0,0.0,0.0,0.0,0.0,0.0,0.0,0.0,0.0,0.0,0.0,0.0
1,0,1.0,0.0,0.0,0.0,0.0,0.0,0.0,0.0,0.0,0.0,0.0,0.0
1,0,1.0,0.0,0.0,0.0,0.0,0.0,0.0,0.0,0.0,0.0,0.0,0.0
1,0,1.0,0.0,0.0,0.0,0.0,0.0,0.0,0.0,0.0,0.0,0.0,0.0
1,0,1.0,0.0,0.0,0.0,0.0,0.0,0.0,0.0,0.0,0.0,0.0,0.0
1,0,1.0,0.0,0.0,0.0,0.0,0.0,0.0,0.0,0.0,0.0,0.0,0.0
1,0,1.0,0.0,0.0,0.0,0.0,0.0,0.0,0.0,0.0,0.0,0.0,0.0
1,0,1.0,0.0,0.0,0.0,0.0,0.0,0.0,0.0,0.0,0.0,0.0,0.0
1,0,1.0,0.0,0.0,0.0,0.0,0.0,0.0,0.0,0.0,0.0,0.0,0.0
1,0,1.0,0.0,0.0,0.0,0.0,0.0,0.0,0.0,0.0,0.0,0.0,0.0
1,0,1.0,0.0,0.0,0.0,0.0,0.0,0.0,0.0,0.0,0.0,0.0,0.0
1,0,1.0,0.0,0.0,0.0,0.0,0.0,0.0,0.0,0.0,0.0,0.0,0.0
1,0,1.0,0.0,0.0,0.0,0.0,0.0,0.0,0.0,0.0,0.0,0.0,0.0
1,0,1.0,0.0,0.0,0.0,0.0,0.0,0.0,0.0,0.0,0.0,0.0,0.0
1,0,1.0,0.0,0.0,0.0,0.0,0.0,0.0,0.0,0.0,0.0,0.0,0.0
1,0,1.0,0.0,0.0,0.0,0.0,0.0,0.0,0.0,0.0,0.0,0.0,0.0
1,0,1.0,0.0,0.0,0.0,0.0,0.0,0.0,0.0,0.0,0.0,0.0,0.0
1,0,1.0,0.0,0.0,0.0,0.0,0.0,0.0,0.0,0.0,0.0,0.0,0.0
1,0,1.0,0.0,0.0,0.0,0.0,0.0,0.0,0.0,0.0,0.0,0.0,0.0
1,0,1.0,0.0,0.0,0.0,0.0,0.0,0.0,0.0,0.0,0.0,0.0,0.0
1,0,1.0,0.0,0.0,0.0,0.0,0.0,0.0,0.0,0.0,0.0,0.0,0.0
1,0,1.0,0.0,0.0,0.0,0.0,0.0,0.0,0.0,0.0,0.0,0.0,0.0
1,0,1.0,0.0,0.0,0.0,0.0,0.0,0.0,0.0,0.0,0.0,0.0,0.0
1,0,1.0,0.0,0.0,0.0,0.0,0.0,0.0,0.0,0.0,0.0,0.0,0.0
1,0,1.0,0.0,0.0,0.0,0.0,0.0,0.0,0.0,0.0,0.0,0.0,0.0
1,0,1.0,0.0,0.0,0.0,0.0,0.0,0.0,0.0,0.0,0.0,0.0,0.0
1,0,1.0,0.0,0.0,0.0,0.0,0.0,0.0,0.0,0.0,0.0,0.0,0.0
1,0,1.0,0.0,0.0,0.0,0.0,0.0,0.0,0.0,0.0,0.0,0.0,0.0
1,0,1.0,0.0,0.0,0.0,0.0,0.0,0.0,0.0,0.0,0.0,0.0,0.0
1,0,1.0,0.0,0.0,0.0,0.0,0.0,0.0,0.0,0.0,0.0,0.0,0.0
1,0,1.0,0.0,0.0,0.0,0.0,0.0,0.0,0.0,0.0,0.0,0.0,0.0
1,0,1.0,0.0,0.0,0.0,0.0,0.0,0.0,0.0,0.0,0.0,0.0,0.0
1,0,1.0,0.0,0.0,0.0,0.0,0.0,0.0,0.0,0.0,0.0,0.0,0.0
1,0,1.0,0.0,0.0,0.0,0.0,0.0,0.0,0.0,0.0,0.0,0.0,0.0
1,0,1.0,0.0,0.0,0.0,0.0,0.0,0.0,0.0,0.0,0.0,0.0,0.0
1,0,1.0,0.0,0.0,0.0,0.0,0.0,0.0,0.0,0.0,0.0,0.0,0.0
1,0,1.0,0.0,0.0,0.0,0.0,0.0,0.0,0.0,0.0,0.0,0.0,0.0
1,0,1.0,0.0,0.0,0.0,0.0,0.0,0.0,0.0,0.0,0.0,0.0,0.0
1,0,1.0,0.0,0.0,0.0,0.0,0.0,0.0,0.0,0.0,0.0,0.0,0.0
1,0,1.0,0.0,0.0,0.0,0.0,0.0,0.0,0.0,0.0,0.0,0.0,0.0
1,0,1.0,0.0,0.0,0.0,0.0,0.0,0.0,0.0,0.0,0.0,0.0,0.0
1,0,1.0,0.0,0.0,0.0,0.0,0.0,0.0,0.0,0.0,0.0,0.0,0.0
1,0,1.0,0.0,0.0,0.0,0.0,0.0,0.0,0.0,0.0,0.0,0.0,0.0
1,0,1.0,0.0,0.0,0.0,0.0,0.0,0.0,0.0,0.0,0.0,0.0,0.0
1,0,1.0,0.0,0.0,0.0,0.0,0.0,0.0,0.0,0.0,0.0,0.0,0.0
1,0,1.0,0.0,0.0,0.0,0.0,0.0,0.0,0.0,0.0,0.0,0.0,0.0
1,0,1.0,0.0,0.0,0.0,0.0,0.0,0.0,0.0,0.0,0.0,0.0,0.0
1,0,1.0,0.0,0.0,0.0,0.0,0.0,0.0,0.0,0.0,0.0,0.0,0.0
1,0,1.0,0.0,0.0,0.0,0.0,0.0,0.0,0.0,0.0,0.0,0.0,0.0
1,0,1.0,0.0,0.0,0.0,0.0,0.0,0.0,0.0,0.0,0.0,0.0,0.0
1,0,1.0,0.0,0.0,0.0,0.0,0.0,0.0,0.0,0.0,0.0,0.0,0.0
1,0,1.0,0.0,0.0,0.0,0.0,0.0,0.0,0.0,0.0,0.0,0.0,0.0
1,0,1.0,0.0,0.0,0.0,0.0,0.0,0.0,0.0,0.0,0.0,0.0,0.0
1,0,1.0,0.0,0.0,0.0,0.0,0.0,0.0,0.0,0.0,0.0,0.0,0.0
1,0,1.0,0.0,0.0,0.0,0.0,0.0,0.0,0.0,0.0,0.0,0.0,0.0
1,0,1.0,0.0,0.0,0.0,0.0,0.0,0.0,0.0,0.0,0.0,0.0,0.0
1,0,1.0,0.0,0.0,0.0,0.0,0.0,0.0,0.0,0.0,0.0,0.0,0.0
1,0,1.0,0.0,0.0,0.0,0.0,0.0,0.0,0.0,0.0,0.0,0.0,0.0
1,0,1.0,0.0,0.0,0.0,0.0,0.0,0.0,0.0,0.0,0.0,0.0,0.0
1,0,1.0,0.0,0.0,0.0,0.0,0.0,0.0,0.0,0.0,0.0,0.0,0.0
1,0,1.0,0.0,0.0,0.0,0.0,0.0,0.0,0.0,0.0,0.0,0.0,0.0
1,0,1.0,0.0,0.0,0.0,0.0,0.0,0.0,0.0,0.0,0.0,0.0,0.0
1,0,1.0,0.0,0.0,0.0,0.0,0.0,0.0,0.0,0.0,0.0,0.0,0.0
1,0,1.0,0.0,0.0,0.0,0.0,0.0,0.0,0.0,0.0,0.0,0.0,0.0
1,0,1.0,0.0,0.0,0.0,0.0,0.0,0.0,0.0,0.0,0.0,0.0,0.0
1,0,1.0,0.0,0.0,0.0,0.0,0.0,0.0,0.0,0.0,0.0,0.0,0.0
1,0,1.0,0.0,0.0,0.0,0.0,0.0,0.0,0.0,0.0,0.0,0.0,0.0
1,0,1.0,0.0,0.0,0.0,0.0,0.0,0.0,0.0,0.0,0.0,0.0,0.0
1,0,1.0,0.0,0.0,0.0,0.0,0.0,0.0,0.0,0.0,0.0,0.0,0.0
1,0,1.0,0.0,0.0,0.0,0.0,0.0,0.0,0.0,0.0,0.0,0.0,0.0
1,0,1.0,0.0,0.0,0.0,0.0,0.0,0.0,0.0,0.0,0.0,0.0,0.0
1,0,1.0,0.0,0.0,0.0,0.0,0.0,0.0,0.0,0.0,0.0,0.0,0.0
1,0,1.0,0.0,0.0,0.0,0.0,0.0,0.0,0.0,0.0,0.0,0.0,0.0
1,0,1.0,0.0,0.0,0.0,0.0,0.0,0.0,0.0,0.0,0.0,0.0,0.0
1,0,1.0,0.0,0.0,0.0,0.0,0.0,0.0,0.0,0.0,0.0,0.0,0.0
1,0,1.0,0.0,0.0,0.0,0.0,0.0,0.0,0.0,0.0,0.0,0.0,0.0
1,0,1.0,0.0,0.0,0.0,0.0,0.0,0.0,0.0,0.0,0.0,0.0,0.0
1,0,1.0,0.0,0.0,0.0,0.0,0.0,0.0,0.0,0.0,0.0,0.0,0.0
1,0,1.0,0.0,0.0,0.0,0.0,0.0,0.0,0.0,0.0,0.0,0.0,0.0
1,0,1.0,0.0,0.0,0.0,0.0,0.0,0.0,0.0,0.0,0.0,0.0,0.0
1,0,1.0,0.0,0.0,0.0,0.0,0.0,0.0,0.0,0.0,0.0,0.0,0.0
1,0,1.0,0.0,0.0,0.0,0.0,0.0,0.0,0.0,0.0,0.0,0.0,0.0
1,0,1.0,0.0,0.0,0.0,0.0,0.0,0.0,0.0,0.0,0.0,0.0,0.0
1,0,1.0,0.0,0.0,0.0,0.0,0.0,0.0,0.0,0.0,0.0,0.0,0.0
1,0,1.0,0.0,0.0,0.0,0.0,0.0,0.0,0.0,0.0,0.0,0.0,0.0
1,0,1.0,0.0,0.0,0.0,0.0,0.0,0.0,0.0,0.0,0.0,0.0,0.0
1,0,1.0,0.0,0.0,0.0,0.0,0.0,0.0,0.0,0.0,0.0,0.0,0.0
1,0,1.0,0.0,0.0,0.0,0.0,0.0,0.0,0.0,0.0,0.0,0.0,0.0
1,0,1.0,0.0,0.0,0.0,0.0,0.0,0.0,0.0,0.0,0.0,0.0,0.0
1,0,1.0,0.0,0.0,0.0,0.0,0.0,0.0,0.0,0.0,0.0,0.0,0.0
1,0,1.0,0.0,0.0,0.0,0.0,0.0,0.0,0.0,0.0,0.0,0.0,0.0
1,0,1.0,0.0,0.0,0.0,0.0,0.0,0.0,0.0,0.0,0.0,0.0,0.0
1,0,1.0,0.0,0.0,0.0,0.0,0.0,0.0,0.0,0.0,0.0,0.0,0.0
1,0,1.0,0.0,0.0,0.0,0.0,0.0,0.0,0.0,0.0,0.0,0.0,0.0
1,0,1.0,0.0,0.0,0.0,0.0,0.0,0.0,0.0,0.0,0.0,0.0,0.0
1,0,1.0,0.0,0.0,0.0,0.0,0.0,0.0,0.0,0.0,0.0,0.0,0.0
1,0,1.0,0.0,0.0,0.0,0.0,0.0,0.0,0.0,0.0,0.0,0.0,0.0
1,0,1.0,0.0,0.0,0.0,0.0,0.0,0.0,0.0,0.0,0.0,0.0,0.0
1,0,1.0,0.0,0.0,0.0,0.0,0.0,0.0,0.0,0.0,0.0,0.0,0.0
1,0,1.0,0.0,0.0,0.0,0.0,0.0,0.0,0.0,0.0,0.0,0.0,0.0
1,0,1.0,0.0,0.0,0.0,0.0,0.0,0.0,0.0,0.0,0.0,0.0,0.0
1,0,1.0,0.0,0.0,0.0,0.0,0.0,0.0,0.0,0.0,0.0,0.0,0.0
1,0,1.0,0.0,0.0,0.0,0.0,0.0,0.0,0.0,0.0,0.0,0.0,0.0
1,0,1.0,0.0,0.0,0.0,0.0,0.0,0.0,0.0,0.0,0.0,0.0,0.0
1,0,1.0,0.0,0.0,0.0,0.0,0.0,0.0,0.0,0.0,0.0,0.0,0.0
1,0,1.0,0.0,0.0,0.0,0.0,0.0,0.0,0.0,0.0,0.0,0.0,0.0
1,0,1.0,0.0,0.0,0.0,0.0,0.0,0.0,0.0,0.0,0.0,0.0,0.0
1,0,1.0,0.0,0.0,0.0,0.0,0.0,0.0,0.0,0.0,0.0,0.0,0.0
1,0,1.0,0.0,0.0,0.0,0.0,0.0,0.0,0.0,0.0,0.0,0.0,0.0
1,0,1.0,0.0,0.0,0.0,0.0,0.0,0.0,0.0,0.0,0.0,0.0,0.0
1,0,1.0,0.0,0.0,0.0,0.0,0.0,0.0,0.0,0.0,0.0,0.0,0.0
1,0,1.0,0.0,0.0,0.0,0.0,0.0,0.0,0.0,0.0,0.0,0.0,0.0
1,0,1.0,0.0,0.0,0.0,0.0,0.0,0.0,0.0,0.0,0.0,0.0,0.0
1,0,1.0,0.0,0.0,0.0,0.0,0.0,0.0,0.0,0.0,0.0,0.0,0.0
1,0,1.0,0.0,0.0,0.0,0.0,0.0,0.0,0.0,0.0,0.0,0.0,0.0
1,0,1.0,0.0,0.0,0.0,0.0,0.0,0.0,0.0,0.0,0.0,0.0,0.0
1,0,1.0,0.0,0.0,0.0,0.0,0.0,0.0,0.0,0.0,0.0,0.0,0.0
1,0,1.0,0.0,0.0,0.0,0.0,0.0,0.0,0.0,0.0,0.0,0.0,0.0
1,0,1.0,0.0,0.0,0.0,0.0,0.0,0.0,0.0,0.0,0.0,0.0,0.0
1,0,1.0,0.0,0.0,0.0,0.0,0.0,0.0,0.0,0.0,0.0,0.0,0.0
1,0,1.0,0.0,0.0,0.0,0.0,0.0,0.0,0.0,0.0,0.0,0.0,0.0
1,0,1.0,0.0,0.0,0.0,0.0,0.0,0.0,0.0,0.0,0.0,0.0,0.0
1,0,1.0,0.0,0.0,0.0,0.0,0.0,0.0,0.0,0.0,0.0,0.0,0.0
1,0,1.0,0.0,0.0,0.0,0.0,0.0,0.0,0.0,0.0,0.0,0.0,0.0
1,0,1.0,0.0,0.0,0.0,0.0,0.0,0.0,0.0,0.0,0.0,0.0,0.0
1,0,1.0,0.0,0.0,0.0,0.0,0.0,0.0,0.0,0.0,0.0,0.0,0.0
1,0,1.0,0.0,0.0,0.0,0.0,0.0,0.0,0.0,0.0,0.0,0.0,0.0
1,0,1.0,0.0,0.0,0.0,0.0,0.0,0.0,0.0,0.0,0.0,0.0,0.0
1,0,1.0,0.0,0.0,0.0,0.0,0.0,0.0,0.0,0.0,0.0,0.0,0.0
1,0,1.0,0.0,0.0,0.0,0.0,0.0,0.0,0.0,0.0,0.0,0.0,0.0
1,0,1.0,0.0,0.0,0.0,0.0,0.0,0.0,0.0,0.0,0.0,0.0,0.0
1,0,1.0,0.0,0.0,0.0,0.0,0.0,0.0,0.0,0.0,0.0,0.0,0.0
1,0,1.0,0.0,0.0,0.0,0.0,0.0,0.0,0.0,0.0,0.0,0.0,0.0
1,0,1.0,0.0,0.0,0.0,0.0,0.0,0.0,0.0,0.0,0.0,0.0,0.0
1,0,1.0,0.0,0.0,0.0,0.0,0.0,0.0,0.0,0.0,0.0,0.0,0.0
1,0,1.0,0.0,0.0,0.0,0.0,0.0,0.0,0.0,0.0,0.0,0.0,0.0
1,0,1.0,0.0,0.0,0.0,0.0,0.0,0.0,0.0,0.0,0.0,0.0,0.0
1,0,1.0,0.0,0.0,0.0,0.0,0.0,0.0,0.0,0.0,0.0,0.0,0.0
1,0,1.0,0.0,0.0,0.0,0.0,0.0,0.0,0.0,0.0,0.0,0.0,0.0
1,0,1.0,0.0,0.0,0.0,0.0,0.0,0.0,0.0,0.0,0.0,0.0,0.0
1,0,1.0,0.0,0.0,0.0,0.0,0.0,0.0,0.0,0.0,0.0,0.0,0.0
1,0,1.0,0.0,0.0,0.0,0.0,0.0,0.0,0.0,0.0,0.0,0.0,0.0
1,0,1.0,0.0,0.0,0.0,0.0,0.0,0.0,0.0,0.0,0.0,0.0,0.0
1,0,1.0,0.0,0.0,0.0,0.0,0.0,0.0,0.0,0.0,0.0,0.0,0.0
1,0,1.0,0.0,0.0,0.0,0.0,0.0,0.0,0.0,0.0,0.0,0.0,0.0
1,0,1.0,0.0,0.0,0.0,0.0,0.0,0.0,0.0,0.0,0.0,0.0,0.0
1,0,1.0,0.0,0.0,0.0,0.0,0.0,0.0,0.0,0.0,0.0,0.0,0.0
1,0,1.0,0.0,0.0,0.0,0.0,0.0,0.0,0.0,0.0,0.0,0.0,0.0
1,0,1.0,0.0,0.0,0.0,0.0,0.0,0.0,0.0,0.0,0.0,0.0,0.0
1,0,1.0,0.0,0.0,0.0,0.0,0.0,0.0,0.0,0.0,0.0,0.0,0.0
1,0,1.0,0.0,0.0,0.0,0.0,0.0,0.0,0.0,0.0,0.0,0.0,0.0
1,0,1.0,0.0,0.0,0.0,0.0,0.0,0.0,0.0,0.0,0.0,0.0,0.0
1,0,1.0,0.0,0.0,0.0,0.0,0.0,0.0,0.0,0.0,0.0,0.0,0.0
1,0,1.0,0.0,0.0,0.0,0.0,0.0,0.0,0.0,0.0,0.0,0.0,0.0
1,0,1.0,0.0,0.0,0.0,0.0,0.0,0.0,0.0,0.0,0.0,0.0,0.0
1,0,1.0,0.0,0.0,0.0,0.0,0.0,0.0,0.0,0.0,0.0,0.0,0.0
1,0,1.0,0.0,0.0,0.0,0.0,0.0,0.0,0.0,0.0,0.0,0.0,0.0
1,0,1.0,0.0,0.0,0.0,0.0,0.0,0.0,0.0,0.0,0.0,0.0,0.0
1,0,1.0,0.0,0.0,0.0,0.0,0.0,0.0,0.0,0.0,0.0,0.0,0.0
1,0,1.0,0.0,0.0,0.0,0.0,0.0,0.0,0.0,0.0,0.0,0.0,0.0
1,0,1.0,0.0,0.0,0.0,0.0,0.0,0.0,0.0,0.0,0.0,0.0,0.0
1,0,1.0,0.0,0.0,0.0,0.0,0.0,0.0,0.0,0.0,0.0,0.0,0.0
1,0,1.0,0.0,0.0,0.0,0.0,0.0,0.0,0.0,0.0,0.0,0.0,0.0
1,0,1.0,0.0,0.0,0.0,0.0,0.0,0.0,0.0,0.0,0.0,0.0,0.0
1,0,1.0,0.0,0.0,0.0,0.0,0.0,0.0,0.0,0.0,0.0,0.0,0.0
1,0,1.0,0.0,0.0,0.0,0.0,0.0,0.0,0.0,0.0,0.0,0.0,0.0
1,0,1.0,0.0,0.0,0.0,0.0,0.0,0.0,0.0,0.0,0.0,0.0,0.0
1,0,1.0,0.0,0.0,0.0,0.0,0.0,0.0,0.0,0.0,0.0,0.0,0.0
1,0,1.0,0.0,0.0,0.0,0.0,0.0,0.0,0.0,0.0,0.0,0.0,0.0
1,0,1.0,0.0,0.0,0.0,0.0,0.0,0.0,0.0,0.0,0.0,0.0,0.0
1,0,1.0,0.0,0.0,0.0,0.0,0.0,0.0,0.0,0.0,0.0,0.0,0.0
1,0,1.0,0.0,0.0,0.0,0.0,0.0,0.0,0.0,0.0,0.0,0.0,0.0
1,0,1.0,0.0,0.0,0.0,0.0,0.0,0.0,0.0,0.0,0.0,0.0,0.0
1,0,1.0,0.0,0.0,0.0,0.0,0.0,0.0,0.0,0.0,0.0,0.0,0.0
1,0,1.0,0.0,0.0,0.0,0.0,0.0,0.0,0.0,0.0,0.0,0.0,0.0
1,0,1.0,0.0,0.0,0.0,0.0,0.0,0.0,0.0,0.0,0.0,0.0,0.0
1,0,1.0,0.0,0.0,0.0,0.0,0.0,0.0,0.0,0.0,0.0,0.0,0.0
1,0,1.0,0.0,0.0,0.0,0.0,0.0,0.0,0.0,0.0,0.0,0.0,0.0
1,0,1.0,0.0,0.0,0.0,0.0,0.0,0.0,0.0,0.0,0.0,0.0,0.0
1,0,1.0,0.0,0.0,0.0,0.0,0.0,0.0,0.0,0.0,0.0,0.0,0.0
1,0,1.0,0.0,0.0,0.0,0.0,0.0,0.0,0.0,0.0,0.0,0.0,0.0
1,0,1.0,0.0,0.0,0.0,0.0,0.0,0.0,0.0,0.0,0.0,0.0,0.0
1,0,1.0,0.0,0.0,0.0,0.0,0.0,0.0,0.0,0.0,0.0,0.0,0.0
1,0,1.0,0.0,0.0,0.0,0.0,0.0,0.0,0.0,0.0,0.0,0.0,0.0
1,0,1.0,0.0,0.0,0.0,0.0,0.0,0.0,0.0,0.0,0.0,0.0,0.0
1,0,1.0,0.0,0.0,0.0,0.0,0.0,0.0,0.0,0.0,0.0,0.0,0.0
1,0,1.0,0.0,0.0,0.0,0.0,0.0,0.0,0.0,0.0,0.0,0.0,0.0
1,0,1.0,0.0,0.0,0.0,0.0,0.0,0.0,0.0,0.0,0.0,0.0,0.0
1,0,1.0,0.0,0.0,0.0,0.0,0.0,0.0,0.0,0.0,0.0,0.0,0.0
1,0,1.0,0.0,0.0,0.0,0.0,0.0,0.0,0.0,0.0,0.0,0.0,0.0
1,0,1.0,0.0,0.0,0.0,0.0,0.0,0.0,0.0,0.0,0.0,0.0,0.0
1,0,1.0,0.0,0.0,0.0,0.0,0.0,0.0,0.0,0.0,0.0,0.0,0.0
1,0,1.0,0.0,0.0,0.0,0.0,0.0,0.0,0.0,0.0,0.0,0.0,0.0
1,0,1.0,0.0,0.0,0.0,0.0,0.0,0.0,0.0,0.0,0.0,0.0,0.0
1,0,1.0,0.0,0.0,0.0,0.0,0.0,0.0,0.0,0.0,0.0,0.0,0.0
1,0,1.0,0.0,0.0,0.0,0.0,0.0,0.0,0.0,0.0,0.0,0.0,0.0
1,0,1.0,0.0,0.0,0.0,0.0,0.0,0.0,0.0,0.0,0.0,0.0,0.0
1,0,1.0,0.0,0.0,0.0,0.0,0.0,0.0,0.0,0.0,0.0,0.0,0.0
1,0,1.0,0.0,0.0,0.0,0.0,0.0,0.0,0.0,0.0,0.0,0.0,0.0
1,0,1.0,0.0,0.0,0.0,0.0,0.0,0.0,0.0,0.0,0.0,0.0,0.0
1,0,1.0,0.0,0.0,0.0,0.0,0.0,0.0,0.0,0.0,0.0,0.0,0.0
1,0,1.0,0.0,0.0,0.0,0.0,0.0,0.0,0.0,0.0,0.0,0.0,0.0
1,0,1.0,0.0,0.0,0.0,0.0,0.0,0.0,0.0,0.0,0.0,0.0,0.0
1,0,1.0,0.0,0.0,0.0,0.0,0.0,0.0,0.0,0.0,0.0,0.0,0.0
1,0,1.0,0.0,0.0,0.0,0.0,0.0,0.0,0.0,0.0,0.0,0.0,0.0
1,0,1.0,0.0,0.0,0.0,0.0,0.0,0.0,0.0,0.0,0.0,0.0,0.0
1,0,1.0,0.0,0.0,0.0,0.0,0.0,0.0,0.0,0.0,0.0,0.0,0.0
1,0,1.0,0.0,0.0,0.0,0.0,0.0,0.0,0.0,0.0,0.0,0.0,0.0
1,0,1.0,0.0,0.0,0.0,0.0,0.0,0.0,0.0,0.0,0.0,0.0,0.0
1,0,1.0,0.0,0.0,0.0,0.0,0.0,0.0,0.0,0.0,0.0,0.0,0.0
1,0,1.0,0.0,0.0,0.0,0.0,0.0,0.0,0.0,0.0,0.0,0.0,0.0
1,0,1.0,0.0,0.0,0.0,0.0,0.0,0.0,0.0,0.0,0.0,0.0,0.0
1,0,1.0,0.0,0.0,0.0,0.0,0.0,0.0,0.0,0.0,0.0,0.0,0.0
1,0,1.0,0.0,0.0,0.0,0.0,0.0,0.0,0.0,0.0,0.0,0.0,0.0
1,0,1.0,0.0,0.0,0.0,0.0,0.0,0.0,0.0,0.0,0.0,0.0,0.0
1,0,1.0,0.0,0.0,0.0,0.0,0.0,0.0,0.0,0.0,0.0,0.0,0.0
1,0,1.0,0.0,0.0,0.0,0.0,0.0,0.0,0.0,0.0,0.0,0.0,0.0
1,0,1.0,0.0,0.0,0.0,0.0,0.0,0.0,0.0,0.0,0.0,0.0,0.0
1,0,1.0,0.0,0.0,0.0,0.0,0.0,0.0,0.0,0.0,0.0,0.0,0.0
1,0,1.0,0.0,0.0,0.0,0.0,0.0,0.0,0.0,0.0,0.0,0.0,0.0
1,0,1.0,0.0,0.0,0.0,0.0,0.0,0.0,0.0,0.0,0.0,0.0,0.0
1,0,1.0,0.0,0.0,0.0,0.0,0.0,0.0,0.0,0.0,0.0,0.0,0.0
1,0,1.0,0.0,0.0,0.0,0.0,0.0,0.0,0.0,0.0,0.0,0.0,0.0
1,0,1.0,0.0,0.0,0.0,0.0,0.0,0.0,0.0,0.0,0.0,0.0,0.0
1,0,1.0,0.0,0.0,0.0,0.0,0.0,0.0,0.0,0.0,0.0,0.0,0.0
1,0,1.0,0.0,0.0,0.0,0.0,0.0,0.0,0.0,0.0,0.0,0.0,0.0
1,0,1.0,0.0,0.0,0.0,0.0,0.0,0.0,0.0,0.0,0.0,0.0,0.0
1,0,1.0,0.0,0.0,0.0,0.0,0.0,0.0,0.0,0.0,0.0,0.0,0.0
1,0,1.0,0.0,0.0,0.0,0.0,0.0,0.0,0.0,0.0,0.0,0.0,0.0
1,0,1.0,0.0,0.0,0.0,0.0,0.0,0.0,0.0,0.0,0.0,0.0,0.0
1,0,1.0,0.0,0.0,0.0,0.0,0.0,0.0,0.0,0.0,0.0,0.0,0.0
1,0,1.0,0.0,0.0,0.0,0.0,0.0,0.0,0.0,0.0,0.0,0.0,0.0
1,0,1.0,0.0,0.0,0.0,0.0,0.0,0.0,0.0,0.0,0.0,0.0,0.0
1,0,1.0,0.0,0.0,0.0,0.0,0.0,0.0,0.0,0.0,0.0,0.0,0.0
1,0,1.0,0.0,0.0,0.0,0.0,0.0,0.0,0.0,0.0,0.0,0.0,0.0
1,0,1.0,0.0,0.0,0.0,0.0,0.0,0.0,0.0,0.0,0.0,0.0,0.0
1,0,1.0,0.0,0.0,0.0,0.0,0.0,0.0,0.0,0.0,0.0,0.0,0.0
1,0,1.0,0.0,0.0,0.0,0.0,0.0,0.0,0.0,0.0,0.0,0.0,0.0
1,0,1.0,0.0,0.0,0.0,0.0,0.0,0.0,0.0,0.0,0.0,0.0,0.0
1,0,1.0,0.0,0.0,0.0,0.0,0.0,0.0,0.0,0.0,0.0,0.0,0.0
1,0,1.0,0.0,0.0,0.0,0.0,0.0,0.0,0.0,0.0,0.0,0.0,0.0
1,0,1.0,0.0,0.0,0.0,0.0,0.0,0.0,0.0,0.0,0.0,0.0,0.0
1,0,1.0,0.0,0.0,0.0,0.0,0.0,0.0,0.0,0.0,0.0,0.0,0.0
1,0,1.0,0.0,0.0,0.0,0.0,0.0,0.0,0.0,0.0,0.0,0.0,0.0
1,0,1.0,0.0,0.0,0.0,0.0,0.0,0.0,0.0,0.0,0.0,0.0,0.0
1,0,1.0,0.0,0.0,0.0,0.0,0.0,0.0,0.0,0.0,0.0,0.0,0.0
1,0,1.0,0.0,0.0,0.0,0.0,0.0,0.0,0.0,0.0,0.0,0.0,0.0
1,0,1.0,0.0,0.0,0.0,0.0,0.0,0.0,0.0,0.0,0.0,0.0,0.0
1,0,1.0,0.0,0.0,0.0,0.0,0.0,0.0,0.0,0.0,0.0,0.0,0.0
1,0,1.0,0.0,0.0,0.0,0.0,0.0,0.0,0.0,0.0,0.0,0.0,0.0
1,0,1.0,0.0,0.0,0.0,0.0,0.0,0.0,0.0,0.0,0.0,0.0,0.0
1,0,1.0,0.0,0.0,0.0,0.0,0.0,0.0,0.0,0.0,0.0,0.0,0.0
1,0,1.0,0.0,0.0,0.0,0.0,0.0,0.0,0.0,0.0,0.0,0.0,0.0
1,0,1.0,0.0,0.0,0.0,0.0,0.0,0.0,0.0,0.0,0.0,0.0,0.0
1,0,1.0,0.0,0.0,0.0,0.0,0.0,0.0,0.0,0.0,0.0,0.0,0.0
1,0,1.0,0.0,0.0,0.0,0.0,0.0,0.0,0.0,0.0,0.0,0.0,0.0
1,0,1.0,0.0,0.0,0.0,0.0,0.0,0.0,0.0,0.0,0.0,0.0,0.0
1,0,1.0,0.0,0.0,0.0,0.0,0.0,0.0,0.0,0.0,0.0,0.0,0.0
1,0,1.0,0.0,0.0,0.0,0.0,0.0,0.0,0.0,0.0,0.0,0.0,0.0
1,0,1.0,0.0,0.0,0.0,0.0,0.0,0.0,0.0,0.0,0.0,0.0,0.0
1,0,1.0,0.0,0.0,0.0,0.0,0.0,0.0,0.0,0.0,0.0,0.0,0.0
1,0,1.0,0.0,0.0,0.0,0.0,0.0,0.0,0.0,0.0,0.0,0.0,0.0
1,0,1.0,0.0,0.0,0.0,0.0,0.0,0.0,0.0,0.0,0.0,0.0,0.0
1,0,1.0,0.0,0.0,0.0,0.0,0.0,0.0,0.0,0.0,0.0,0.0,0.0
1,0,1.0,0.0,0.0,0.0,0.0,0.0,0.0,0.0,0.0,0.0,0.0,0.0
1,0,1.0,0.0,0.0,0.0,0.0,0.0,0.0,0.0,0.0,0.0,0.0,0.0
1,0,1.0,0.0,0.0,0.0,0.0,0.0,0.0,0.0,0.0,0.0,0.0,0.0
1,0,1.0,0.0,0.0,0.0,0.0,0.0,0.0,0.0,0.0,0.0,0.0,0.0
1,0,1.0,0.0,0.0,0.0,0.0,0.0,0.0,0.0,0.0,0.0,0.0,0.0
1,0,1.0,0.0,0.0,0.0,0.0,0.0,0.0,0.0,0.0,0.0,0.0,0.0
1,0,1.0,0.0,0.0,0.0,0.0,0.0,0.0,0.0,0.0,0.0,0.0,0.0
1,0,1.0,0.0,0.0,0.0,0.0,0.0,0.0,0.0,0.0,0.0,0.0,0.0
1,0,1.0,0.0,0.0,0.0,0.0,0.0,0.0,0.0,0.0,0.0,0.0,0.0
1,0,1.0,0.0,0.0,0.0,0.0,0.0,0.0,0.0,0.0,0.0,0.0,0.0
1,0,1.0,0.0,0.0,0.0,0.0,0.0,0.0,0.0,0.0,0.0,0.0,0.0
1,0,1.0,0.0,0.0,0.0,0.0,0.0,0.0,0.0,0.0,0.0,0.0,0.0
1,0,1.0,0.0,0.0,0.0,0.0,0.0,0.0,0.0,0.0,0.0,0.0,0.0
1,0,1.0,0.0,0.0,0.0,0.0,0.0,0.0,0.0,0.0,0.0,0.0,0.0
1,0,1.0,0.0,0.0,0.0,0.0,0.0,0.0,0.0,0.0,0.0,0.0,0.0
1,0,1.0,0.0,0.0,0.0,0.0,0.0,0.0,0.0,0.0,0.0,0.0,0.0
1,0,1.0,0.0,0.0,0.0,0.0,0.0,0.0,0.0,0.0,0.0,0.0,0.0
1,0,1.0,0.0,0.0,0.0,0.0,0.0,0.0,0.0,0.0,0.0,0.0,0.0
1,0,1.0,0.0,0.0,0.0,0.0,0.0,0.0,0.0,0.0,0.0,0.0,0.0
1,0,1.0,0.0,0.0,0.0,0.0,0.0,0.0,0.0,0.0,0.0,0.0,0.0
1,0,1.0,0.0,0.0,0.0,0.0,0.0,0.0,0.0,0.0,0.0,0.0,0.0
1,0,1.0,0.0,0.0,0.0,0.0,0.0,0.0,0.0,0.0,0.0,0.0,0.0
1,0,1.0,0.0,0.0,0.0,0.0,0.0,0.0,0.0,0.0,0.0,0.0,0.0
1,0,1.0,0.0,0.0,0.0,0.0,0.0,0.0,0.0,0.0,0.0,0.0,0.0
1,0,1.0,0.0,0.0,0.0,0.0,0.0,0.0,0.0,0.0,0.0,0.0,0.0
1,0,1.0,0.0,0.0,0.0,0.0,0.0,0.0,0.0,0.0,0.0,0.0,0.0
1,0,1.0,0.0,0.0,0.0,0.0,0.0,0.0,0.0,0.0,0.0,0.0,0.0
1,0,1.0,0.0,0.0,0.0,0.0,0.0,0.0,0.0,0.0,0.0,0.0,0.0
1,0,1.0,0.0,0.0,0.0,0.0,0.0,0.0,0.0,0.0,0.0,0.0,0.0
1,0,1.0,0.0,0.0,0.0,0.0,0.0,0.0,0.0,0.0,0.0,0.0,0.0
1,0,1.0,0.0,0.0,0.0,0.0,0.0,0.0,0.0,0.0,0.0,0.0,0.0
1,0,1.0,0.0,0.0,0.0,0.0,0.0,0.0,0.0,0.0,0.0,0.0,0.0
1,0,1.0,0.0,0.0,0.0,0.0,0.0,0.0,0.0,0.0,0.0,0.0,0.0
1,0,1.0,0.0,0.0,0.0,0.0,0.0,0.0,0.0,0.0,0.0,0.0,0.0
1,0,1.0,0.0,0.0,0.0,0.0,0.0,0.0,0.0,0.0,0.0,0.0,0.0
1,0,1.0,0.0,0.0,0.0,0.0,0.0,0.0,0.0,0.0,0.0,0.0,0.0
1,0,1.0,0.0,0.0,0.0,0.0,0.0,0.0,0.0,0.0,0.0,0.0,0.0
1,0,1.0,0.0,0.0,0.0,0.0,0.0,0.0,0.0,0.0,0.0,0.0,0.0
1,0,1.0,0.0,0.0,0.0,0.0,0.0,0.0,0.0,0.0,0.0,0.0,0.0
1,0,1.0,0.0,0.0,0.0,0.0,0.0,0.0,0.0,0.0,0.0,0.0,0.0
1,0,1.0,0.0,0.0,0.0,0.0,0.0,0.0,0.0,0.0,0.0,0.0,0.0
1,0,1.0,0.0,0.0,0.0,0.0,0.0,0.0,0.0,0.0,0.0,0.0,0.0
1,0,1.0,0.0,0.0,0.0,0.0,0.0,0.0,0.0,0.0,0.0,0.0,0.0
1,0,1.0,0.0,0.0,0.0,0.0,0.0,0.0,0.0,0.0,0.0,0.0,0.0
1,0,1.0,0.0,0.0,0.0,0.0,0.0,0.0,0.0,0.0,0.0,0.0,0.0
1,0,1.0,0.0,0.0,0.0,0.0,0.0,0.0,0.0,0.0,0.0,0.0,0.0
1,0,1.0,0.0,0.0,0.0,0.0,0.0,0.0,0.0,0.0,0.0,0.0,0.0
1,0,1.0,0.0,0.0,0.0,0.0,0.0,0.0,0.0,0.0,0.0,0.0,0.0
1,0,1.0,0.0,0.0,0.0,0.0,0.0,0.0,0.0,0.0,0.0,0.0,0.0
1,0,1.0,0.0,0.0,0.0,0.0,0.0,0.0,0.0,0.0,0.0,0.0,0.0
1,0,1.0,0.0,0.0,0.0,0.0,0.0,0.0,0.0,0.0,0.0,0.0,0.0
1,0,1.0,0.0,0.0,0.0,0.0,0.0,0.0,0.0,0.0,0.0,0.0,0.0
1,0,1.0,0.0,0.0,0.0,0.0,0.0,0.0,0.0,0.0,0.0,0.0,0.0
1,0,1.0,0.0,0.0,0.0,0.0,0.0,0.0,0.0,0.0,0.0,0.0,0.0
1,0,1.0,0.0,0.0,0.0,0.0,0.0,0.0,0.0,0.0,0.0,0.0,0.0
1,0,1.0,0.0,0.0,0.0,0.0,0.0,0.0,0.0,0.0,0.0,0.0,0.0
1,0,1.0,0.0,0.0,0.0,0.0,0.0,0.0,0.0,0.0,0.0,0.0,0.0
1,0,1.0,0.0,0.0,0.0,0.0,0.0,0.0,0.0,0.0,0.0,0.0,0.0
1,0,1.0,0.0,0.0,0.0,0.0,0.0,0.0,0.0,0.0,0.0,0.0,0.0
1,0,1.0,0.0,0.0,0.0,0.0,0.0,0.0,0.0,0.0,0.0,0.0,0.0
1,0,1.0,0.0,0.0,0.0,0.0,0.0,0.0,0.0,0.0,0.0,0.0,0.0
1,0,1.0,0.0,0.0,0.0,0.0,0.0,0.0,0.0,0.0,0.0,0.0,0.0
1,0,1.0,0.0,0.0,0.0,0.0,0.0,0.0,0.0,0.0,0.0,0.0,0.0
1,0,1.0,0.0,0.0,0.0,0.0,0.0,0.0,0.0,0.0,0.0,0.0,0.0
1,0,1.0,0.0,0.0,0.0,0.0,0.0,0.0,0.0,0.0,0.0,0.0,0.0
1,0,1.0,0.0,0.0,0.0,0.0,0.0,0.0,0.0,0.0,0.0,0.0,0.0
1,0,1.0,0.0,0.0,0.0,0.0,0.0,0.0,0.0,0.0,0.0,0.0,0.0
1,0,1.0,0.0,0.0,0.0,0.0,0.0,0.0,0.0,0.0,0.0,0.0,0.0
1,0,1.0,0.0,0.0,0.0,0.0,0.0,0.0,0.0,0.0,0.0,0.0,0.0
1,0,1.0,0.0,0.0,0.0,0.0,0.0,0.0,0.0,0.0,0.0,0.0,0.0
1,0,1.0,0.0,0.0,0.0,0.0,0.0,0.0,0.0,0.0,0.0,0.0,0.0
1,0,1.0,0.0,0.0,0.0,0.0,0.0,0.0,0.0,0.0,0.0,0.0,0.0
1,0,1.0,0.0,0.0,0.0,0.0,0.0,0.0,0.0,0.0,0.0,0.0,0.0
1,0,1.0,0.0,0.0,0.0,0.0,0.0,0.0,0.0,0.0,0.0,0.0,0.0
1,0,1.0,0.0,0.0,0.0,0.0,0.0,0.0,0.0,0.0,0.0,0.0,0.0
1,0,1.0,0.0,0.0,0.0,0.0,0.0,0.0,0.0,0.0,0.0,0.0,0.0
1,0,1.0,0.0,0.0,0.0,0.0,0.0,0.0,0.0,0.0,0.0,0.0,0.0
1,0,1.0,0.0,0.0,0.0,0.0,0.0,0.0,0.0,0.0,0.0,0.0,0.0
1,0,1.0,0.0,0.0,0.0,0.0,0.0,0.0,0.0,0.0,0.0,0.0,0.0
1,0,1.0,0.0,0.0,0.0,0.0,0.0,0.0,0.0,0.0,0.0,0.0,0.0
1,0,1.0,0.0,0.0,0.0,0.0,0.0,0.0,0.0,0.0,0.0,0.0,0.0
1,0,1.0,0.0,0.0,0.0,0.0,0.0,0.0,0.0,0.0,0.0,0.0,0.0
1,0,1.0,0.0,0.0,0.0,0.0,0.0,0.0,0.0,0.0,0.0,0.0,0.0
1,0,1.0,0.0,0.0,0.0,0.0,0.0,0.0,0.0,0.0,0.0,0.0,0.0
1,0,1.0,0.0,0.0,0.0,0.0,0.0,0.0,0.0,0.0,0.0,0.0,0.0
1,0,1.0,0.0,0.0,0.0,0.0,0.0,0.0,0.0,0.0,0.0,0.0,0.0
1,0,1.0,0.0,0.0,0.0,0.0,0.0,0.0,0.0,0.0,0.0,0.0,0.0
1,0,1.0,0.0,0.0,0.0,0.0,0.0,0.0,0.0,0.0,0.0,0.0,0.0
1,0,1.0,0.0,0.0,0.0,0.0,0.0,0.0,0.0,0.0,0.0,0.0,0.0
1,0,1.0,0.0,0.0,0.0,0.0,0.0,0.0,0.0,0.0,0.0,0.0,0.0
1,0,1.0,0.0,0.0,0.0,0.0,0.0,0.0,0.0,0.0,0.0,0.0,0.0
1,0,1.0,0.0,0.0,0.0,0.0,0.0,0.0,0.0,0.0,0.0,0.0,0.0
1,0,1.0,0.0,0.0,0.0,0.0,0.0,0.0,0.0,0.0,0.0,0.0,0.0
1,0,1.0,0.0,0.0,0.0,0.0,0.0,0.0,0.0,0.0,0.0,0.0,0.0
1,0,1.0,0.0,0.0,0.0,0.0,0.0,0.0,0.0,0.0,0.0,0.0,0.0
1,0,1.0,0.0,0.0,0.0,0.0,0.0,0.0,0.0,0.0,0.0,0.0,0.0
1,0,1.0,0.0,0.0,0.0,0.0,0.0,0.0,0.0,0.0,0.0,0.0,0.0
1,0,1.0,0.0,0.0,0.0,0.0,0.0,0.0,0.0,0.0,0.0,0.0,0.0
1,0,1.0,0.0,0.0,0.0,0.0,0.0,0.0,0.0,0.0,0.0,0.0,0.0
1,0,1.0,0.0,0.0,0.0,0.0,0.0,0.0,0.0,0.0,0.0,0.0,0.0
1,0,1.0,0.0,0.0,0.0,0.0,0.0,0.0,0.0,0.0,0.0,0.0,0.0
1,0,1.0,0.0,0.0,0.0,0.0,0.0,0.0,0.0,0.0,0.0,0.0,0.0
1,0,1.0,0.0,0.0,0.0,0.0,0.0,0.0,0.0,0.0,0.0,0.0,0.0
1,0,1.0,0.0,0.0,0.0,0.0,0.0,0.0,0.0,0.0,0.0,0.0,0.0
1,0,1.0,0.0,0.0,0.0,0.0,0.0,0.0,0.0,0.0,0.0,0.0,0.0
1,0,1.0,0.0,0.0,0.0,0.0,0.0,0.0,0.0,0.0,0.0,0.0,0.0
1,0,1.0,0.0,0.0,0.0,0.0,0.0,0.0,0.0,0.0,0.0,0.0,0.0
1,0,1.0,0.0,0.0,0.0,0.0,0.0,0.0,0.0,0.0,0.0,0.0,0.0
1,0,1.0,0.0,0.0,0.0,0.0,0.0,0.0,0.0,0.0,0.0,0.0,0.0
1,0,1.0,0.0,0.0,0.0,0.0,0.0,0.0,0.0,0.0,0.0,0.0,0.0
1,0,1.0,0.0,0.0,0.0,0.0,0.0,0.0,0.0,0.0,0.0,0.0,0.0
1,0,1.0,0.0,0.0,0.0,0.0,0.0,0.0,0.0,0.0,0.0,0.0,0.0
1,0,1.0,0.0,0.0,0.0,0.0,0.0,0.0,0.0,0.0,0.0,0.0,0.0
1,0,1.0,0.0,0.0,0.0,0.0,0.0,0.0,0.0,0.0,0.0,0.0,0.0
1,0,1.0,0.0,0.0,0.0,0.0,0.0,0.0,0.0,0.0,0.0,0.0,0.0
1,0,1.0,0.0,0.0,0.0,0.0,0.0,0.0,0.0,0.0,0.0,0.0,0.0
1,0,1.0,0.0,0.0,0.0,0.0,0.0,0.0,0.0,0.0,0.0,0.0,0.0
1,0,1.0,0.0,0.0,0.0,0.0,0.0,0.0,0.0,0.0,0.0,0.0,0.0
1,0,1.0,0.0,0.0,0.0,0.0,0.0,0.0,0.0,0.0,0.0,0.0,0.0
1,0,1.0,0.0,0.0,0.0,0.0,0.0,0.0,0.0,0.0,0.0,0.0,0.0
1,0,1.0,0.0,0.0,0.0,0.0,0.0,0.0,0.0,0.0,0.0,0.0,0.0
1,0,1.0,0.0,0.0,0.0,0.0,0.0,0.0,0.0,0.0,0.0,0.0,0.0
1,0,1.0,0.0,0.0,0.0,0.0,0.0,0.0,0.0,0.0,0.0,0.0,0.0
1,0,1.0,0.0,0.0,0.0,0.0,0.0,0.0,0.0,0.0,0.0,0.0,0.0
1,0,1.0,0.0,0.0,0.0,0.0,0.0,0.0,0.0,0.0,0.0,0.0,0.0
1,0,1.0,0.0,0.0,0.0,0.0,0.0,0.0,0.0,0.0,0.0,0.0,0.0
1,0,1.0,0.0,0.0,0.0,0.0,0.0,0.0,0.0,0.0,0.0,0.0,0.0
1,0,1.0,0.0,0.0,0.0,0.0,0.0,0.0,0.0,0.0,0.0,0.0,0.0
1,0,1.0,0.0,0.0,0.0,0.0,0.0,0.0,0.0,0.0,0.0,0.0,0.0
1,0,1.0,0.0,0.0,0.0,0.0,0.0,0.0,0.0,0.0,0.0,0.0,0.0
1,0,1.0,0.0,0.0,0.0,0.0,0.0,0.0,0.0,0.0,0.0,0.0,0.0
1,0,1.0,0.0,0.0,0.0,0.0,0.0,0.0,0.0,0.0,0.0,0.0,0.0
1,0,1.0,0.0,0.0,0.0,0.0,0.0,0.0,0.0,0.0,0.0,0.0,0.0
1,0,1.0,0.0,0.0,0.0,0.0,0.0,0.0,0.0,0.0,0.0,0.0,0.0
1,0,1.0,0.0,0.0,0.0,0.0,0.0,0.0,0.0,0.0,0.0,0.0,0.0
1,0,1.0,0.0,0.0,0.0,0.0,0.0,0.0,0.0,0.0,0.0,0.0,0.0
1,0,1.0,0.0,0.0,0.0,0.0,0.0,0.0,0.0,0.0,0.0,0.0,0.0
1,0,1.0,0.0,0.0,0.0,0.0,0.0,0.0,0.0,0.0,0.0,0.0,0.0
1,0,1.0,0.0,0.0,0.0,0.0,0.0,0.0,0.0,0.0,0.0,0.0,0.0
1,0,1.0,0.0,0.0,0.0,0.0,0.0,0.0,0.0,0.0,0.0,0.0,0.0
1,0,1.0,0.0,0.0,0.0,0.0,0.0,0.0,0.0,0.0,0.0,0.0,0.0
1,0,1.0,0.0,0.0,0.0,0.0,0.0,0.0,0.0,0.0,0.0,0.0,0.0
1,0,1.0,0.0,0.0,0.0,0.0,0.0,0.0,0.0,0.0,0.0,0.0,0.0
1,0,1.0,0.0,0.0,0.0,0.0,0.0,0.0,0.0,0.0,0.0,0.0,0.0
1,0,1.0,0.0,0.0,0.0,0.0,0.0,0.0,0.0,0.0,0.0,0.0,0.0
1,0,1.0,0.0,0.0,0.0,0.0,0.0,0.0,0.0,0.0,0.0,0.0,0.0
1,0,1.0,0.0,0.0,0.0,0.0,0.0,0.0,0.0,0.0,0.0,0.0,0.0
1,0,1.0,0.0,0.0,0.0,0.0,0.0,0.0,0.0,0.0,0.0,0.0,0.0
1,0,1.0,0.0,0.0,0.0,0.0,0.0,0.0,0.0,0.0,0.0,0.0,0.0
1,0,1.0,0.0,0.0,0.0,0.0,0.0,0.0,0.0,0.0,0.0,0.0,0.0
1,0,1.0,0.0,0.0,0.0,0.0,0.0,0.0,0.0,0.0,0.0,0.0,0.0
1,0,1.0,0.0,0.0,0.0,0.0,0.0,0.0,0.0,0.0,0.0,0.0,0.0
1,0,1.0,0.0,0.0,0.0,0.0,0.0,0.0,0.0,0.0,0.0,0.0,0.0
1,0,1.0,0.0,0.0,0.0,0.0,0.0,0.0,0.0,0.0,0.0,0.0,0.0
1,0,1.0,0.0,0.0,0.0,0.0,0.0,0.0,0.0,0.0,0.0,0.0,0.0
1,0,1.0,0.0,0.0,0.0,0.0,0.0,0.0,0.0,0.0,0.0,0.0,0.0
1,0,1.0,0.0,0.0,0.0,0.0,0.0,0.0,0.0,0.0,0.0,0.0,0.0
1,0,1.0,0.0,0.0,0.0,0.0,0.0,0.0,0.0,0.0,0.0,0.0,0.0
1,0,1.0,0.0,0.0,0.0,0.0,0.0,0.0,0.0,0.0,0.0,0.0,0.0
1,0,1.0,0.0,0.0,0.0,0.0,0.0,0.0,0.0,0.0,0.0,0.0,0.0
1,0,1.0,0.0,0.0,0.0,0.0,0.0,0.0,0.0,0.0,0.0,0.0,0.0
1,0,1.0,0.0,0.0,0.0,0.0,0.0,0.0,0.0,0.0,0.0,0.0,0.0
1,0,1.0,0.0,0.0,0.0,0.0,0.0,0.0,0.0,0.0,0.0,0.0,0.0
1,0,1.0,0.0,0.0,0.0,0.0,0.0,0.0,0.0,0.0,0.0,0.0,0.0
1,0,1.0,0.0,0.0,0.0,0.0,0.0,0.0,0.0,0.0,0.0,0.0,0.0
1,0,1.0,0.0,0.0,0.0,0.0,0.0,0.0,0.0,0.0,0.0,0.0,0.0
1,0,1.0,0.0,0.0,0.0,0.0,0.0,0.0,0.0,0.0,0.0,0.0,0.0
1,0,1.0,0.0,0.0,0.0,0.0,0.0,0.0,0.0,0.0,0.0,0.0,0.0
1,0,1.0,0.0,0.0,0.0,0.0,0.0,0.0,0.0,0.0,0.0,0.0,0.0
1,0,1.0,0.0,0.0,0.0,0.0,0.0,0.0,0.0,0.0,0.0,0.0,0.0
1,0,1.0,0.0,0.0,0.0,0.0,0.0,0.0,0.0,0.0,0.0,0.0,0.0
1,0,1.0,0.0,0.0,0.0,0.0,0.0,0.0,0.0,0.0,0.0,0.0,0.0
1,0,1.0,0.0,0.0,0.0,0.0,0.0,0.0,0.0,0.0,0.0,0.0,0.0
1,0,1.0,0.0,0.0,0.0,0.0,0.0,0.0,0.0,0.0,0.0,0.0,0.0
1,0,1.0,0.0,0.0,0.0,0.0,0.0,0.0,0.0,0.0,0.0,0.0,0.0
1,0,1.0,0.0,0.0,0.0,0.0,0.0,0.0,0.0,0.0,0.0,0.0,0.0
1,0,1.0,0.0,0.0,0.0,0.0,0.0,0.0,0.0,0.0,0.0,0.0,0.0
1,0,1.0,0.0,0.0,0.0,0.0,0.0,0.0,0.0,0.0,0.0,0.0,0.0
1,0,1.0,0.0,0.0,0.0,0.0,0.0,0.0,0.0,0.0,0.0,0.0,0.0
1,0,1.0,0.0,0.0,0.0,0.0,0.0,0.0,0.0,0.0,0.0,0.0,0.0
1,0,1.0,0.0,0.0,0.0,0.0,0.0,0.0,0.0,0.0,0.0,0.0,0.0
1,0,1.0,0.0,0.0,0.0,0.0,0.0,0.0,0.0,0.0,0.0,0.0,0.0
1,0,1.0,0.0,0.0,0.0,0.0,0.0,0.0,0.0,0.0,0.0,0.0,0.0
1,0,1.0,0.0,0.0,0.0,0.0,0.0,0.0,0.0,0.0,0.0,0.0,0.0
1,0,1.0,0.0,0.0,0.0,0.0,0.0,0.0,0.0,0.0,0.0,0.0,0.0
1,0,1.0,0.0,0.0,0.0,0.0,0.0,0.0,0.0,0.0,0.0,0.0,0.0
1,0,1.0,0.0,0.0,0.0,0.0,0.0,0.0,0.0,0.0,0.0,0.0,0.0
1,0,1.0,0.0,0.0,0.0,0.0,0.0,0.0,0.0,0.0,0.0,0.0,0.0
1,0,1.0,0.0,0.0,0.0,0.0,0.0,0.0,0.0,0.0,0.0,0.0,0.0
1,0,1.0,0.0,0.0,0.0,0.0,0.0,0.0,0.0,0.0,0.0,0.0,0.0
1,0,1.0,0.0,0.0,0.0,0.0,0.0,0.0,0.0,0.0,0.0,0.0,0.0
1,0,1.0,0.0,0.0,0.0,0.0,0.0,0.0,0.0,0.0,0.0,0.0,0.0
1,0,1.0,0.0,0.0,0.0,0.0,0.0,0.0,0.0,0.0,0.0,0.0,0.0
1,0,1.0,0.0,0.0,0.0,0.0,0.0,0.0,0.0,0.0,0.0,0.0,0.0
1,0,1.0,0.0,0.0,0.0,0.0,0.0,0.0,0.0,0.0,0.0,0.0,0.0
1,0,1.0,0.0,0.0,0.0,0.0,0.0,0.0,0.0,0.0,0.0,0.0,0.0
1,0,1.0,0.0,0.0,0.0,0.0,0.0,0.0,0.0,0.0,0.0,0.0,0.0
1,0,1.0,0.0,0.0,0.0,0.0,0.0,0.0,0.0,0.0,0.0,0.0,0.0
1,0,1.0,0.0,0.0,0.0,0.0,0.0,0.0,0.0,0.0,0.0,0.0,0.0
1,0,1.0,0.0,0.0,0.0,0.0,0.0,0.0,0.0,0.0,0.0,0.0,0.0
1,0,1.0,0.0,0.0,0.0,0.0,0.0,0.0,0.0,0.0,0.0,0.0,0.0
1,0,1.0,0.0,0.0,0.0,0.0,0.0,0.0,0.0,0.0,0.0,0.0,0.0
1,0,1.0,0.0,0.0,0.0,0.0,0.0,0.0,0.0,0.0,0.0,0.0,0.0
1,0,1.0,0.0,0.0,0.0,0.0,0.0,0.0,0.0,0.0,0.0,0.0,0.0
1,0,1.0,0.0,0.0,0.0,0.0,0.0,0.0,0.0,0.0,0.0,0.0,0.0
1,0,1.0,0.0,0.0,0.0,0.0,0.0,0.0,0.0,0.0,0.0,0.0,0.0
1,0,1.0,0.0,0.0,0.0,0.0,0.0,0.0,0.0,0.0,0.0,0.0,0.0
1,0,1.0,0.0,0.0,0.0,0.0,0.0,0.0,0.0,0.0,0.0,0.0,0.0
1,0,1.0,0.0,0.0,0.0,0.0,0.0,0.0,0.0,0.0,0.0,0.0,0.0
1,0,1.0,0.0,0.0,0.0,0.0,0.0,0.0,0.0,0.0,0.0,0.0,0.0
1,0,1.0,0.0,0.0,0.0,0.0,0.0,0.0,0.0,0.0,0.0,0.0,0.0
1,0,1.0,0.0,0.0,0.0,0.0,0.0,0.0,0.0,0.0,0.0,0.0,0.0
1,0,1.0,0.0,0.0,0.0,0.0,0.0,0.0,0.0,0.0,0.0,0.0,0.0
1,0,1.0,0.0,0.0,0.0,0.0,0.0,0.0,0.0,0.0,0.0,0.0,0.0
1,0,1.0,0.0,0.0,0.0,0.0,0.0,0.0,0.0,0.0,0.0,0.0,0.0
1,0,1.0,0.0,0.0,0.0,0.0,0.0,0.0,0.0,0.0,0.0,0.0,0.0
1,0,1.0,0.0,0.0,0.0,0.0,0.0,0.0,0.0,0.0,0.0,0.0,0.0
1,0,1.0,0.0,0.0,0.0,0.0,0.0,0.0,0.0,0.0,0.0,0.0,0.0
1,0,1.0,0.0,0.0,0.0,0.0,0.0,0.0,0.0,0.0,0.0,0.0,0.0
1,0,1.0,0.0,0.0,0.0,0.0,0.0,0.0,0.0,0.0,0.0,0.0,0.0
1,0,1.0,0.0,0.0,0.0,0.0,0.0,0.0,0.0,0.0,0.0,0.0,0.0
1,0,1.0,0.0,0.0,0.0,0.0,0.0,0.0,0.0,0.0,0.0,0.0,0.0
1,0,1.0,0.0,0.0,0.0,0.0,0.0,0.0,0.0,0.0,0.0,0.0,0.0
1,0,1.0,0.0,0.0,0.0,0.0,0.0,0.0,0.0,0.0,0.0,0.0,0.0
1,0,1.0,0.0,0.0,0.0,0.0,0.0,0.0,0.0,0.0,0.0,0.0,0.0
1,0,1.0,0.0,0.0,0.0,0.0,0.0,0.0,0.0,0.0,0.0,0.0,0.0
1,0,1.0,0.0,0.0,0.0,0.0,0.0,0.0,0.0,0.0,0.0,0.0,0.0
1,0,1.0,0.0,0.0,0.0,0.0,0.0,0.0,0.0,0.0,0.0,0.0,0.0
1,0,1.0,0.0,0.0,0.0,0.0,0.0,0.0,0.0,0.0,0.0,0.0,0.0
1,0,1.0,0.0,0.0,0.0,0.0,0.0,0.0,0.0,0.0,0.0,0.0,0.0
1,0,1.0,0.0,0.0,0.0,0.0,0.0,0.0,0.0,0.0,0.0,0.0,0.0
1,0,1.0,0.0,0.0,0.0,0.0,0.0,0.0,0.0,0.0,0.0,0.0,0.0
1,0,1.0,0.0,0.0,0.0,0.0,0.0,0.0,0.0,0.0,0.0,0.0,0.0
1,0,1.0,0.0,0.0,0.0,0.0,0.0,0.0,0.0,0.0,0.0,0.0,0.0
1,0,1.0,0.0,0.0,0.0,0.0,0.0,0.0,0.0,0.0,0.0,0.0,0.0
1,0,1.0,0.0,0.0,0.0,0.0,0.0,0.0,0.0,0.0,0.0,0.0,0.0
1,0,1.0,0.0,0.0,0.0,0.0,0.0,0.0,0.0,0.0,0.0,0.0,0.0
1,0,1.0,0.0,0.0,0.0,0.0,0.0,0.0,0.0,0.0,0.0,0.0,0.0
1,0,1.0,0.0,0.0,0.0,0.0,0.0,0.0,0.0,0.0,0.0,0.0,0.0
1,0,1.0,0.0,0.0,0.0,0.0,0.0,0.0,0.0,0.0,0.0,0.0,0.0
1,0,1.0,0.0,0.0,0.0,0.0,0.0,0.0,0.0,0.0,0.0,0.0,0.0
1,0,1.0,0.0,0.0,0.0,0.0,0.0,0.0,0.0,0.0,0.0,0.0,0.0
1,0,1.0,0.0,0.0,0.0,0.0,0.0,0.0,0.0,0.0,0.0,0.0,0.0
1,0,1.0,0.0,0.0,0.0,0.0,0.0,0.0,0.0,0.0,0.0,0.0,0.0
1,0,1.0,0.0,0.0,0.0,0.0,0.0,0.0,0.0,0.0,0.0,0.0,0.0
1,0,1.0,0.0,0.0,0.0,0.0,0.0,0.0,0.0,0.0,0.0,0.0,0.0
1,0,1.0,0.0,0.0,0.0,0.0,0.0,0.0,0.0,0.0,0.0,0.0,0.0
1,0,1.0,0.0,0.0,0.0,0.0,0.0,0.0,0.0,0.0,0.0,0.0,0.0
1,0,1.0,0.0,0.0,0.0,0.0,0.0,0.0,0.0,0.0,0.0,0.0,0.0
1,0,1.0,0.0,0.0,0.0,0.0,0.0,0.0,0.0,0.0,0.0,0.0,0.0
1,0,1.0,0.0,0.0,0.0,0.0,0.0,0.0,0.0,0.0,0.0,0.0,0.0
1,0,1.0,0.0,0.0,0.0,0.0,0.0,0.0,0.0,0.0,0.0,0.0,0.0
1,0,1.0,0.0,0.0,0.0,0.0,0.0,0.0,0.0,0.0,0.0,0.0,0.0
1,0,1.0,0.0,0.0,0.0,0.0,0.0,0.0,0.0,0.0,0.0,0.0,0.0
1,0,1.0,0.0,0.0,0.0,0.0,0.0,0.0,0.0,0.0,0.0,0.0,0.0
1,0,1.0,0.0,0.0,0.0,0.0,0.0,0.0,0.0,0.0,0.0,0.0,0.0
1,0,1.0,0.0,0.0,0.0,0.0,0.0,0.0,0.0,0.0,0.0,0.0,0.0
1,0,1.0,0.0,0.0,0.0,0.0,0.0,0.0,0.0,0.0,0.0,0.0,0.0
1,0,1.0,0.0,0.0,0.0,0.0,0.0,0.0,0.0,0.0,0.0,0.0,0.0
1,0,1.0,0.0,0.0,0.0,0.0,0.0,0.0,0.0,0.0,0.0,0.0,0.0
1,0,1.0,0.0,0.0,0.0,0.0,0.0,0.0,0.0,0.0,0.0,0.0,0.0
1,0,1.0,0.0,0.0,0.0,0.0,0.0,0.0,0.0,0.0,0.0,0.0,0.0
1,0,1.0,0.0,0.0,0.0,0.0,0.0,0.0,0.0,0.0,0.0,0.0,0.0
1,0,1.0,0.0,0.0,0.0,0.0,0.0,0.0,0.0,0.0,0.0,0.0,0.0
1,0,1.0,0.0,0.0,0.0,0.0,0.0,0.0,0.0,0.0,0.0,0.0,0.0
1,0,1.0,0.0,0.0,0.0,0.0,0.0,0.0,0.0,0.0,0.0,0.0,0.0
1,0,1.0,0.0,0.0,0.0,0.0,0.0,0.0,0.0,0.0,0.0,0.0,0.0
1,0,1.0,0.0,0.0,0.0,0.0,0.0,0.0,0.0,0.0,0.0,0.0,0.0
1,0,1.0,0.0,0.0,0.0,0.0,0.0,0.0,0.0,0.0,0.0,0.0,0.0
1,0,1.0,0.0,0.0,0.0,0.0,0.0,0.0,0.0,0.0,0.0,0.0,0.0
1,0,1.0,0.0,0.0,0.0,0.0,0.0,0.0,0.0,0.0,0.0,0.0,0.0
1,0,1.0,0.0,0.0,0.0,0.0,0.0,0.0,0.0,0.0,0.0,0.0,0.0
1,0,1.0,0.0,0.0,0.0,0.0,0.0,0.0,0.0,0.0,0.0,0.0,0.0
1,0,1.0,0.0,0.0,0.0,0.0,0.0,0.0,0.0,0.0,0.0,0.0,0.0
1,0,1.0,0.0,0.0,0.0,0.0,0.0,0.0,0.0,0.0,0.0,0.0,0.0
1,0,1.0,0.0,0.0,0.0,0.0,0.0,0.0,0.0,0.0,0.0,0.0,0.0
1,0,1.0,0.0,0.0,0.0,0.0,0.0,0.0,0.0,0.0,0.0,0.0,0.0
1,0,1.0,0.0,0.0,0.0,0.0,0.0,0.0,0.0,0.0,0.0,0.0,0.0
1,0,1.0,0.0,0.0,0.0,0.0,0.0,0.0,0.0,0.0,0.0,0.0,0.0
1,0,1.0,0.0,0.0,0.0,0.0,0.0,0.0,0.0,0.0,0.0,0.0,0.0
1,0,1.0,0.0,0.0,0.0,0.0,0.0,0.0,0.0,0.0,0.0,0.0,0.0
1,0,1.0,0.0,0.0,0.0,0.0,0.0,0.0,0.0,0.0,0.0,0.0,0.0
1,0,1.0,0.0,0.0,0.0,0.0,0.0,0.0,0.0,0.0,0.0,0.0,0.0
1,0,1.0,0.0,0.0,0.0,0.0,0.0,0.0,0.0,0.0,0.0,0.0,0.0
1,0,1.0,0.0,0.0,0.0,0.0,0.0,0.0,0.0,0.0,0.0,0.0,0.0
1,0,1.0,0.0,0.0,0.0,0.0,0.0,0.0,0.0,0.0,0.0,0.0,0.0
1,0,1.0,0.0,0.0,0.0,0.0,0.0,0.0,0.0,0.0,0.0,0.0,0.0
1,0,1.0,0.0,0.0,0.0,0.0,0.0,0.0,0.0,0.0,0.0,0.0,0.0
1,0,1.0,0.0,0.0,0.0,0.0,0.0,0.0,0.0,0.0,0.0,0.0,0.0
1,0,1.0,0.0,0.0,0.0,0.0,0.0,0.0,0.0,0.0,0.0,0.0,0.0
1,0,1.0,0.0,0.0,0.0,0.0,0.0,0.0,0.0,0.0,0.0,0.0,0.0
1,0,1.0,0.0,0.0,0.0,0.0,0.0,0.0,0.0,0.0,0.0,0.0,0.0
1,0,1.0,0.0,0.0,0.0,0.0,0.0,0.0,0.0,0.0,0.0,0.0,0.0
1,0,1.0,0.0,0.0,0.0,0.0,0.0,0.0,0.0,0.0,0.0,0.0,0.0
1,0,1.0,0.0,0.0,0.0,0.0,0.0,0.0,0.0,0.0,0.0,0.0,0.0
1,0,1.0,0.0,0.0,0.0,0.0,0.0,0.0,0.0,0.0,0.0,0.0,0.0
1,0,1.0,0.0,0.0,0.0,0.0,0.0,0.0,0.0,0.0,0.0,0.0,0.0
1,0,1.0,0.0,0.0,0.0,0.0,0.0,0.0,0.0,0.0,0.0,0.0,0.0
1,0,1.0,0.0,0.0,0.0,0.0,0.0,0.0,0.0,0.0,0.0,0.0,0.0
1,0,1.0,0.0,0.0,0.0,0.0,0.0,0.0,0.0,0.0,0.0,0.0,0.0
1,0,1.0,0.0,0.0,0.0,0.0,0.0,0.0,0.0,0.0,0.0,0.0,0.0
1,0,1.0,0.0,0.0,0.0,0.0,0.0,0.0,0.0,0.0,0.0,0.0,0.0
1,0,1.0,0.0,0.0,0.0,0.0,0.0,0.0,0.0,0.0,0.0,0.0,0.0
1,0,1.0,0.0,0.0,0.0,0.0,0.0,0.0,0.0,0.0,0.0,0.0,0.0
1,0,1.0,0.0,0.0,0.0,0.0,0.0,0.0,0.0,0.0,0.0,0.0,0.0
1,0,1.0,0.0,0.0,0.0,0.0,0.0,0.0,0.0,0.0,0.0,0.0,0.0
1,0,1.0,0.0,0.0,0.0,0.0,0.0,0.0,0.0,0.0,0.0,0.0,0.0
1,0,1.0,0.0,0.0,0.0,0.0,0.0,0.0,0.0,0.0,0.0,0.0,0.0
1,0,1.0,0.0,0.0,0.0,0.0,0.0,0.0,0.0,0.0,0.0,0.0,0.0
1,0,1.0,0.0,0.0,0.0,0.0,0.0,0.0,0.0,0.0,0.0,0.0,0.0
1,0,1.0,0.0,0.0,0.0,0.0,0.0,0.0,0.0,0.0,0.0,0.0,0.0
1,0,1.0,0.0,0.0,0.0,0.0,0.0,0.0,0.0,0.0,0.0,0.0,0.0
1,0,1.0,0.0,0.0,0.0,0.0,0.0,0.0,0.0,0.0,0.0,0.0,0.0
1,0,1.0,0.0,0.0,0.0,0.0,0.0,0.0,0.0,0.0,0.0,0.0,0.0
1,0,1.0,0.0,0.0,0.0,0.0,0.0,0.0,0.0,0.0,0.0,0.0,0.0
1,0,1.0,0.0,0.0,0.0,0.0,0.0,0.0,0.0,0.0,0.0,0.0,0.0
1,0,1.0,0.0,0.0,0.0,0.0,0.0,0.0,0.0,0.0,0.0,0.0,0.0
1,0,1.0,0.0,0.0,0.0,0.0,0.0,0.0,0.0,0.0,0.0,0.0,0.0
1,0,1.0,0.0,0.0,0.0,0.0,0.0,0.0,0.0,0.0,0.0,0.0,0.0
1,0,1.0,0.0,0.0,0.0,0.0,0.0,0.0,0.0,0.0,0.0,0.0,0.0
1,0,1.0,0.0,0.0,0.0,0.0,0.0,0.0,0.0,0.0,0.0,0.0,0.0
1,0,1.0,0.0,0.0,0.0,0.0,0.0,0.0,0.0,0.0,0.0,0.0,0.0
1,0,1.0,0.0,0.0,0.0,0.0,0.0,0.0,0.0,0.0,0.0,0.0,0.0
1,0,1.0,0.0,0.0,0.0,0.0,0.0,0.0,0.0,0.0,0.0,0.0,0.0
1,0,1.0,0.0,0.0,0.0,0.0,0.0,0.0,0.0,0.0,0.0,0.0,0.0
1,0,1.0,0.0,0.0,0.0,0.0,0.0,0.0,0.0,0.0,0.0,0.0,0.0
1,0,1.0,0.0,0.0,0.0,0.0,0.0,0.0,0.0,0.0,0.0,0.0,0.0
1,0,1.0,0.0,0.0,0.0,0.0,0.0,0.0,0.0,0.0,0.0,0.0,0.0
1,0,1.0,0.0,0.0,0.0,0.0,0.0,0.0,0.0,0.0,0.0,0.0,0.0
1,0,1.0,0.0,0.0,0.0,0.0,0.0,0.0,0.0,0.0,0.0,0.0,0.0
1,0,1.0,0.0,0.0,0.0,0.0,0.0,0.0,0.0,0.0,0.0,0.0,0.0
1,0,1.0,0.0,0.0,0.0,0.0,0.0,0.0,0.0,0.0,0.0,0.0,0.0
1,0,1.0,0.0,0.0,0.0,0.0,0.0,0.0,0.0,0.0,0.0,0.0,0.0
1,0,1.0,0.0,0.0,0.0,0.0,0.0,0.0,0.0,0.0,0.0,0.0,0.0
1,0,1.0,0.0,0.0,0.0,0.0,0.0,0.0,0.0,0.0,0.0,0.0,0.0
1,0,1.0,0.0,0.0,0.0,0.0,0.0,0.0,0.0,0.0,0.0,0.0,0.0
1,0,1.0,0.0,0.0,0.0,0.0,0.0,0.0,0.0,0.0,0.0,0.0,0.0
1,0,1.0,0.0,0.0,0.0,0.0,0.0,0.0,0.0,0.0,0.0,0.0,0.0
1,0,1.0,0.0,0.0,0.0,0.0,0.0,0.0,0.0,0.0,0.0,0.0,0.0
1,0,1.0,0.0,0.0,0.0,0.0,0.0,0.0,0.0,0.0,0.0,0.0,0.0
1,0,1.0,0.0,0.0,0.0,0.0,0.0,0.0,0.0,0.0,0.0,0.0,0.0
1,0,1.0,0.0,0.0,0.0,0.0,0.0,0.0,0.0,0.0,0.0,0.0,0.0
1,0,1.0,0.0,0.0,0.0,0.0,0.0,0.0,0.0,0.0,0.0,0.0,0.0
1,0,1.0,0.0,0.0,0.0,0.0,0.0,0.0,0.0,0.0,0.0,0.0,0.0
1,0,1.0,0.0,0.0,0.0,0.0,0.0,0.0,0.0,0.0,0.0,0.0,0.0
1,0,1.0,0.0,0.0,0.0,0.0,0.0,0.0,0.0,0.0,0.0,0.0,0.0
1,0,1.0,0.0,0.0,0.0,0.0,0.0,0.0,0.0,0.0,0.0,0.0,0.0
1,0,1.0,0.0,0.0,0.0,0.0,0.0,0.0,0.0,0.0,0.0,0.0,0.0
1,0,1.0,0.0,0.0,0.0,0.0,0.0,0.0,0.0,0.0,0.0,0.0,0.0
1,0,1.0,0.0,0.0,0.0,0.0,0.0,0.0,0.0,0.0,0.0,0.0,0.0
1,0,1.0,0.0,0.0,0.0,0.0,0.0,0.0,0.0,0.0,0.0,0.0,0.0
1,0,1.0,0.0,0.0,0.0,0.0,0.0,0.0,0.0,0.0,0.0,0.0,0.0
1,0,1.0,0.0,0.0,0.0,0.0,0.0,0.0,0.0,0.0,0.0,0.0,0.0
1,0,1.0,0.0,0.0,0.0,0.0,0.0,0.0,0.0,0.0,0.0,0.0,0.0
1,0,1.0,0.0,0.0,0.0,0.0,0.0,0.0,0.0,0.0,0.0,0.0,0.0
1,0,1.0,0.0,0.0,0.0,0.0,0.0,0.0,0.0,0.0,0.0,0.0,0.0
1,0,1.0,0.0,0.0,0.0,0.0,0.0,0.0,0.0,0.0,0.0,0.0,0.0
1,0,1.0,0.0,0.0,0.0,0.0,0.0,0.0,0.0,0.0,0.0,0.0,0.0
1,0,1.0,0.0,0.0,0.0,0.0,0.0,0.0,0.0,0.0,0.0,0.0,0.0
1,0,1.0,0.0,0.0,0.0,0.0,0.0,0.0,0.0,0.0,0.0,0.0,0.0
1,0,1.0,0.0,0.0,0.0,0.0,0.0,0.0,0.0,0.0,0.0,0.0,0.0
1,0,1.0,0.0,0.0,0.0,0.0,0.0,0.0,0.0,0.0,0.0,0.0,0.0
1,0,1.0,0.0,0.0,0.0,0.0,0.0,0.0,0.0,0.0,0.0,0.0,0.0
1,0,1.0,0.0,0.0,0.0,0.0,0.0,0.0,0.0,0.0,0.0,0.0,0.0
1,0,1.0,0.0,0.0,0.0,0.0,0.0,0.0,0.0,0.0,0.0,0.0,0.0
1,0,1.0,0.0,0.0,0.0,0.0,0.0,0.0,0.0,0.0,0.0,0.0,0.0
1,0,1.0,0.0,0.0,0.0,0.0,0.0,0.0,0.0,0.0,0.0,0.0,0.0
1,0,1.0,0.0,0.0,0.0,0.0,0.0,0.0,0.0,0.0,0.0,0.0,0.0
1,0,1.0,0.0,0.0,0.0,0.0,0.0,0.0,0.0,0.0,0.0,0.0,0.0
1,0,1.0,0.0,0.0,0.0,0.0,0.0,0.0,0.0,0.0,0.0,0.0,0.0
1,0,1.0,0.0,0.0,0.0,0.0,0.0,0.0,0.0,0.0,0.0,0.0,0.0
1,0,1.0,0.0,0.0,0.0,0.0,0.0,0.0,0.0,0.0,0.0,0.0,0.0
1,0,1.0,0.0,0.0,0.0,0.0,0.0,0.0,0.0,0.0,0.0,0.0,0.0
1,0,1.0,0.0,0.0,0.0,0.0,0.0,0.0,0.0,0.0,0.0,0.0,0.0
1,0,1.0,0.0,0.0,0.0,0.0,0.0,0.0,0.0,0.0,0.0,0.0,0.0
1,0,1.0,0.0,0.0,0.0,0.0,0.0,0.0,0.0,0.0,0.0,0.0,0.0
1,0,1.0,0.0,0.0,0.0,0.0,0.0,0.0,0.0,0.0,0.0,0.0,0.0
1,0,1.0,0.0,0.0,0.0,0.0,0.0,0.0,0.0,0.0,0.0,0.0,0.0
1,0,1.0,0.0,0.0,0.0,0.0,0.0,0.0,0.0,0.0,0.0,0.0,0.0
1,0,1.0,0.0,0.0,0.0,0.0,0.0,0.0,0.0,0.0,0.0,0.0,0.0
1,0,1.0,0.0,0.0,0.0,0.0,0.0,0.0,0.0,0.0,0.0,0.0,0.0
1,0,1.0,0.0,0.0,0.0,0.0,0.0,0.0,0.0,0.0,0.0,0.0,0.0
1,0,1.0,0.0,0.0,0.0,0.0,0.0,0.0,0.0,0.0,0.0,0.0,0.0
1,0,1.0,0.0,0.0,0.0,0.0,0.0,0.0,0.0,0.0,0.0,0.0,0.0
1,0,1.0,0.0,0.0,0.0,0.0,0.0,0.0,0.0,0.0,0.0,0.0,0.0
1,0,1.0,0.0,0.0,0.0,0.0,0.0,0.0,0.0,0.0,0.0,0.0,0.0
1,0,1.0,0.0,0.0,0.0,0.0,0.0,0.0,0.0,0.0,0.0,0.0,0.0
1,0,1.0,0.0,0.0,0.0,0.0,0.0,0.0,0.0,0.0,0.0,0.0,0.0
1,0,1.0,0.0,0.0,0.0,0.0,0.0,0.0,0.0,0.0,0.0,0.0,0.0
1,0,1.0,0.0,0.0,0.0,0.0,0.0,0.0,0.0,0.0,0.0,0.0,0.0
1,0,1.0,0.0,0.0,0.0,0.0,0.0,0.0,0.0,0.0,0.0,0.0,0.0
1,0,1.0,0.0,0.0,0.0,0.0,0.0,0.0,0.0,0.0,0.0,0.0,0.0
1,0,1.0,0.0,0.0,0.0,0.0,0.0,0.0,0.0,0.0,0.0,0.0,0.0
1,0,1.0,0.0,0.0,0.0,0.0,0.0,0.0,0.0,0.0,0.0,0.0,0.0
1,0,1.0,0.0,0.0,0.0,0.0,0.0,0.0,0.0,0.0,0.0,0.0,0.0
1,0,1.0,0.0,0.0,0.0,0.0,0.0,0.0,0.0,0.0,0.0,0.0,0.0
1,0,1.0,0.0,0.0,0.0,0.0,0.0,0.0,0.0,0.0,0.0,0.0,0.0
1,0,1.0,0.0,0.0,0.0,0.0,0.0,0.0,0.0,0.0,0.0,0.0,0.0
1,0,1.0,0.0,0.0,0.0,0.0,0.0,0.0,0.0,0.0,0.0,0.0,0.0
1,0,1.0,0.0,0.0,0.0,0.0,0.0,0.0,0.0,0.0,0.0,0.0,0.0
1,0,1.0,0.0,0.0,0.0,0.0,0.0,0.0,0.0,0.0,0.0,0.0,0.0
1,0,1.0,0.0,0.0,0.0,0.0,0.0,0.0,0.0,0.0,0.0,0.0,0.0
1,0,1.0,0.0,0.0,0.0,0.0,0.0,0.0,0.0,0.0,0.0,0.0,0.0
1,0,1.0,0.0,0.0,0.0,0.0,0.0,0.0,0.0,0.0,0.0,0.0,0.0
1,0,1.0,0.0,0.0,0.0,0.0,0.0,0.0,0.0,0.0,0.0,0.0,0.0
1,0,1.0,0.0,0.0,0.0,0.0,0.0,0.0,0.0,0.0,0.0,0.0,0.0
1,0,1.0,0.0,0.0,0.0,0.0,0.0,0.0,0.0,0.0,0.0,0.0,0.0
1,0,1.0,0.0,0.0,0.0,0.0,0.0,0.0,0.0,0.0,0.0,0.0,0.0
1,0,1.0,0.0,0.0,0.0,0.0,0.0,0.0,0.0,0.0,0.0,0.0,0.0
1,0,1.0,0.0,0.0,0.0,0.0,0.0,0.0,0.0,0.0,0.0,0.0,0.0
1,0,1.0,0.0,0.0,0.0,0.0,0.0,0.0,0.0,0.0,0.0,0.0,0.0
1,0,1.0,0.0,0.0,0.0,0.0,0.0,0.0,0.0,0.0,0.0,0.0,0.0
1,0,1.0,0.0,0.0,0.0,0.0,0.0,0.0,0.0,0.0,0.0,0.0,0.0
1,0,1.0,0.0,0.0,0.0,0.0,0.0,0.0,0.0,0.0,0.0,0.0,0.0
1,0,1.0,0.0,0.0,0.0,0.0,0.0,0.0,0.0,0.0,0.0,0.0,0.0
1,0,1.0,0.0,0.0,0.0,0.0,0.0,0.0,0.0,0.0,0.0,0.0,0.0
1,0,1.0,0.0,0.0,0.0,0.0,0.0,0.0,0.0,0.0,0.0,0.0,0.0
1,0,1.0,0.0,0.0,0.0,0.0,0.0,0.0,0.0,0.0,0.0,0.0,0.0
1,0,1.0,0.0,0.0,0.0,0.0,0.0,0.0,0.0,0.0,0.0,0.0,0.0
1,0,1.0,0.0,0.0,0.0,0.0,0.0,0.0,0.0,0.0,0.0,0.0,0.0
1,0,1.0,0.0,0.0,0.0,0.0,0.0,0.0,0.0,0.0,0.0,0.0,0.0
1,0,1.0,0.0,0.0,0.0,0.0,0.0,0.0,0.0,0.0,0.0,0.0,0.0
1,0,1.0,0.0,0.0,0.0,0.0,0.0,0.0,0.0,0.0,0.0,0.0,0.0
1,0,1.0,0.0,0.0,0.0,0.0,0.0,0.0,0.0,0.0,0.0,0.0,0.0
1,0,1.0,0.0,0.0,0.0,0.0,0.0,0.0,0.0,0.0,0.0,0.0,0.0
1,0,1.0,0.0,0.0,0.0,0.0,0.0,0.0,0.0,0.0,0.0,0.0,0.0
1,0,1.0,0.0,0.0,0.0,0.0,0.0,0.0,0.0,0.0,0.0,0.0,0.0
1,0,1.0,0.0,0.0,0.0,0.0,0.0,0.0,0.0,0.0,0.0,0.0,0.0
1,0,1.0,0.0,0.0,0.0,0.0,0.0,0.0,0.0,0.0,0.0,0.0,0.0
1,0,1.0,0.0,0.0,0.0,0.0,0.0,0.0,0.0,0.0,0.0,0.0,0.0
1,0,1.0,0.0,0.0,0.0,0.0,0.0,0.0,0.0,0.0,0.0,0.0,0.0
1,0,1.0,0.0,0.0,0.0,0.0,0.0,0.0,0.0,0.0,0.0,0.0,0.0
1,0,1.0,0.0,0.0,0.0,0.0,0.0,0.0,0.0,0.0,0.0,0.0,0.0
1,0,1.0,0.0,0.0,0.0,0.0,0.0,0.0,0.0,0.0,0.0,0.0,0.0
1,0,1.0,0.0,0.0,0.0,0.0,0.0,0.0,0.0,0.0,0.0,0.0,0.0
1,0,1.0,0.0,0.0,0.0,0.0,0.0,0.0,0.0,0.0,0.0,0.0,0.0
1,0,1.0,0.0,0.0,0.0,0.0,0.0,0.0,0.0,0.0,0.0,0.0,0.0
1,0,1.0,0.0,0.0,0.0,0.0,0.0,0.0,0.0,0.0,0.0,0.0,0.0
1,0,1.0,0.0,0.0,0.0,0.0,0.0,0.0,0.0,0.0,0.0,0.0,0.0
1,0,1.0,0.0,0.0,0.0,0.0,0.0,0.0,0.0,0.0,0.0,0.0,0.0
1,0,1.0,0.0,0.0,0.0,0.0,0.0,0.0,0.0,0.0,0.0,0.0,0.0
1,0,1.0,0.0,0.0,0.0,0.0,0.0,0.0,0.0,0.0,0.0,0.0,0.0
1,0,1.0,0.0,0.0,0.0,0.0,0.0,0.0,0.0,0.0,0.0,0.0,0.0
1,0,1.0,0.0,0.0,0.0,0.0,0.0,0.0,0.0,0.0,0.0,0.0,0.0
1,0,1.0,0.0,0.0,0.0,0.0,0.0,0.0,0.0,0.0,0.0,0.0,0.0
1,0,1.0,0.0,0.0,0.0,0.0,0.0,0.0,0.0,0.0,0.0,0.0,0.0
1,0,1.0,0.0,0.0,0.0,0.0,0.0,0.0,0.0,0.0,0.0,0.0,0.0
1,0,1.0,0.0,0.0,0.0,0.0,0.0,0.0,0.0,0.0,0.0,0.0,0.0
1,0,1.0,0.0,0.0,0.0,0.0,0.0,0.0,0.0,0.0,0.0,0.0,0.0
1,0,1.0,0.0,0.0,0.0,0.0,0.0,0.0,0.0,0.0,0.0,0.0,0.0
1,0,1.0,0.0,0.0,0.0,0.0,0.0,0.0,0.0,0.0,0.0,0.0,0.0
1,0,1.0,0.0,0.0,0.0,0.0,0.0,0.0,0.0,0.0,0.0,0.0,0.0
1,0,1.0,0.0,0.0,0.0,0.0,0.0,0.0,0.0,0.0,0.0,0.0,0.0
1,0,1.0,0.0,0.0,0.0,0.0,0.0,0.0,0.0,0.0,0.0,0.0,0.0
1,0,1.0,0.0,0.0,0.0,0.0,0.0,0.0,0.0,0.0,0.0,0.0,0.0
1,0,1.0,0.0,0.0,0.0,0.0,0.0,0.0,0.0,0.0,0.0,0.0,0.0
1,0,1.0,0.0,0.0,0.0,0.0,0.0,0.0,0.0,0.0,0.0,0.0,0.0
1,0,1.0,0.0,0.0,0.0,0.0,0.0,0.0,0.0,0.0,0.0,0.0,0.0
1,0,1.0,0.0,0.0,0.0,0.0,0.0,0.0,0.0,0.0,0.0,0.0,0.0
1,0,1.0,0.0,0.0,0.0,0.0,0.0,0.0,0.0,0.0,0.0,0.0,0.0
1,0,1.0,0.0,0.0,0.0,0.0,0.0,0.0,0.0,0.0,0.0,0.0,0.0
1,0,1.0,0.0,0.0,0.0,0.0,0.0,0.0,0.0,0.0,0.0,0.0,0.0
1,0,1.0,0.0,0.0,0.0,0.0,0.0,0.0,0.0,0.0,0.0,0.0,0.0
1,0,1.0,0.0,0.0,0.0,0.0,0.0,0.0,0.0,0.0,0.0,0.0,0.0
1,0,1.0,0.0,0.0,0.0,0.0,0.0,0.0,0.0,0.0,0.0,0.0,0.0
1,0,1.0,0.0,0.0,0.0,0.0,0.0,0.0,0.0,0.0,0.0,0.0,0.0
1,0,1.0,0.0,0.0,0.0,0.0,0.0,0.0,0.0,0.0,0.0,0.0,0.0
1,0,1.0,0.0,0.0,0.0,0.0,0.0,0.0,0.0,0.0,0.0,0.0,0.0
1,0,1.0,0.0,0.0,0.0,0.0,0.0,0.0,0.0,0.0,0.0,0.0,0.0
1,0,1.0,0.0,0.0,0.0,0.0,0.0,0.0,0.0,0.0,0.0,0.0,0.0
1,0,1.0,0.0,0.0,0.0,0.0,0.0,0.0,0.0,0.0,0.0,0.0,0.0
1,0,1.0,0.0,0.0,0.0,0.0,0.0,0.0,0.0,0.0,0.0,0.0,0.0
1,0,1.0,0.0,0.0,0.0,0.0,0.0,0.0,0.0,0.0,0.0,0.0,0.0
1,0,1.0,0.0,0.0,0.0,0.0,0.0,0.0,0.0,0.0,0.0,0.0,0.0
1,0,1.0,0.0,0.0,0.0,0.0,0.0,0.0,0.0,0.0,0.0,0.0,0.0
1,0,1.0,0.0,0.0,0.0,0.0,0.0,0.0,0.0,0.0,0.0,0.0,0.0
1,0,1.0,0.0,0.0,0.0,0.0,0.0,0.0,0.0,0.0,0.0,0.0,0.0
1,0,1.0,0.0,0.0,0.0,0.0,0.0,0.0,0.0,0.0,0.0,0.0,0.0
1,0,1.0,0.0,0.0,0.0,0.0,0.0,0.0,0.0,0.0,0.0,0.0,0.0
1,0,1.0,0.0,0.0,0.0,0.0,0.0,0.0,0.0,0.0,0.0,0.0,0.0
1,0,1.0,0.0,0.0,0.0,0.0,0.0,0.0,0.0,0.0,0.0,0.0,0.0
1,0,1.0,0.0,0.0,0.0,0.0,0.0,0.0,0.0,0.0,0.0,0.0,0.0
1,0,1.0,0.0,0.0,0.0,0.0,0.0,0.0,0.0,0.0,0.0,0.0,0.0
1,0,1.0,0.0,0.0,0.0,0.0,0.0,0.0,0.0,0.0,0.0,0.0,0.0
1,0,1.0,0.0,0.0,0.0,0.0,0.0,0.0,0.0,0.0,0.0,0.0,0.0
1,0,1.0,0.0,0.0,0.0,0.0,0.0,0.0,0.0,0.0,0.0,0.0,0.0
1,0,1.0,0.0,0.0,0.0,0.0,0.0,0.0,0.0,0.0,0.0,0.0,0.0
1,0,1.0,0.0,0.0,0.0,0.0,0.0,0.0,0.0,0.0,0.0,0.0,0.0
1,0,1.0,0.0,0.0,0.0,0.0,0.0,0.0,0.0,0.0,0.0,0.0,0.0
1,0,1.0,0.0,0.0,0.0,0.0,0.0,0.0,0.0,0.0,0.0,0.0,0.0
1,0,1.0,0.0,0.0,0.0,0.0,0.0,0.0,0.0,0.0,0.0,0.0,0.0
1,0,1.0,0.0,0.0,0.0,0.0,0.0,0.0,0.0,0.0,0.0,0.0,0.0
1,0,1.0,0.0,0.0,0.0,0.0,0.0,0.0,0.0,0.0,0.0,0.0,0.0
1,0,1.0,0.0,0.0,0.0,0.0,0.0,0.0,0.0,0.0,0.0,0.0,0.0
1,0,1.0,0.0,0.0,0.0,0.0,0.0,0.0,0.0,0.0,0.0,0.0,0.0
1,0,1.0,0.0,0.0,0.0,0.0,0.0,0.0,0.0,0.0,0.0,0.0,0.0
1,0,1.0,0.0,0.0,0.0,0.0,0.0,0.0,0.0,0.0,0.0,0.0,0.0
1,0,1.0,0.0,0.0,0.0,0.0,0.0,0.0,0.0,0.0,0.0,0.0,0.0
1,0,1.0,0.0,0.0,0.0,0.0,0.0,0.0,0.0,0.0,0.0,0.0,0.0
1,0,1.0,0.0,0.0,0.0,0.0,0.0,0.0,0.0,0.0,0.0,0.0,0.0
1,0,1.0,0.0,0.0,0.0,0.0,0.0,0.0,0.0,0.0,0.0,0.0,0.0
1,0,1.0,0.0,0.0,0.0,0.0,0.0,0.0,0.0,0.0,0.0,0.0,0.0
1,0,1.0,0.0,0.0,0.0,0.0,0.0,0.0,0.0,0.0,0.0,0.0,0.0
1,0,1.0,0.0,0.0,0.0,0.0,0.0,0.0,0.0,0.0,0.0,0.0,0.0
1,0,1.0,0.0,0.0,0.0,0.0,0.0,0.0,0.0,0.0,0.0,0.0,0.0
1,0,1.0,0.0,0.0,0.0,0.0,0.0,0.0,0.0,0.0,0.0,0.0,0.0
1,0,1.0,0.0,0.0,0.0,0.0,0.0,0.0,0.0,0.0,0.0,0.0,0.0
1,0,1.0,0.0,0.0,0.0,0.0,0.0,0.0,0.0,0.0,0.0,0.0,0.0
1,0,1.0,0.0,0.0,0.0,0.0,0.0,0.0,0.0,0.0,0.0,0.0,0.0
1,0,1.0,0.0,0.0,0.0,0.0,0.0,0.0,0.0,0.0,0.0,0.0,0.0
1,0,1.0,0.0,0.0,0.0,0.0,0.0,0.0,0.0,0.0,0.0,0.0,0.0
1,0,1.0,0.0,0.0,0.0,0.0,0.0,0.0,0.0,0.0,0.0,0.0,0.0
1,0,1.0,0.0,0.0,0.0,0.0,0.0,0.0,0.0,0.0,0.0,0.0,0.0
1,0,1.0,0.0,0.0,0.0,0.0,0.0,0.0,0.0,0.0,0.0,0.0,0.0
1,0,1.0,0.0,0.0,0.0,0.0,0.0,0.0,0.0,0.0,0.0,0.0,0.0
1,0,1.0,0.0,0.0,0.0,0.0,0.0,0.0,0.0,0.0,0.0,0.0,0.0
1,0,1.0,0.0,0.0,0.0,0.0,0.0,0.0,0.0,0.0,0.0,0.0,0.0
1,0,1.0,0.0,0.0,0.0,0.0,0.0,0.0,0.0,0.0,0.0,0.0,0.0
1,0,1.0,0.0,0.0,0.0,0.0,0.0,0.0,0.0,0.0,0.0,0.0,0.0
1,0,1.0,0.0,0.0,0.0,0.0,0.0,0.0,0.0,0.0,0.0,0.0,0.0
1,0,1.0,0.0,0.0,0.0,0.0,0.0,0.0,0.0,0.0,0.0,0.0,0.0
1,0,1.0,0.0,0.0,0.0,0.0,0.0,0.0,0.0,0.0,0.0,0.0,0.0
1,0,1.0,0.0,0.0,0.0,0.0,0.0,0.0,0.0,0.0,0.0,0.0,0.0
1,0,1.0,0.0,0.0,0.0,0.0,0.0,0.0,0.0,0.0,0.0,0.0,0.0
1,0,1.0,0.0,0.0,0.0,0.0,0.0,0.0,0.0,0.0,0.0,0.0,0.0
1,0,1.0,0.0,0.0,0.0,0.0,0.0,0.0,0.0,0.0,0.0,0.0,0.0
1,0,1.0,0.0,0.0,0.0,0.0,0.0,0.0,0.0,0.0,0.0,0.0,0.0
1,0,1.0,0.0,0.0,0.0,0.0,0.0,0.0,0.0,0.0,0.0,0.0,0.0
1,0,1.0,0.0,0.0,0.0,0.0,0.0,0.0,0.0,0.0,0.0,0.0,0.0
1,0,1.0,0.0,0.0,0.0,0.0,0.0,0.0,0.0,0.0,0.0,0.0,0.0
1,0,1.0,0.0,0.0,0.0,0.0,0.0,0.0,0.0,0.0,0.0,0.0,0.0
1,0,1.0,0.0,0.0,0.0,0.0,0.0,0.0,0.0,0.0,0.0,0.0,0.0
1,0,1.0,0.0,0.0,0.0,0.0,0.0,0.0,0.0,0.0,0.0,0.0,0.0
1,0,1.0,0.0,0.0,0.0,0.0,0.0,0.0,0.0,0.0,0.0,0.0,0.0
1,0,1.0,0.0,0.0,0.0,0.0,0.0,0.0,0.0,0.0,0.0,0.0,0.0
1,0,1.0,0.0,0.0,0.0,0.0,0.0,0.0,0.0,0.0,0.0,0.0,0.0
1,0,1.0,0.0,0.0,0.0,0.0,0.0,0.0,0.0,0.0,0.0,0.0,0.0
1,0,1.0,0.0,0.0,0.0,0.0,0.0,0.0,0.0,0.0,0.0,0.0,0.0
1,0,1.0,0.0,0.0,0.0,0.0,0.0,0.0,0.0,0.0,0.0,0.0,0.0
1,0,1.0,0.0,0.0,0.0,0.0,0.0,0.0,0.0,0.0,0.0,0.0,0.0
1,0,1.0,0.0,0.0,0.0,0.0,0.0,0.0,0.0,0.0,0.0,0.0,0.0
1,0,1.0,0.0,0.0,0.0,0.0,0.0,0.0,0.0,0.0,0.0,0.0,0.0
1,0,1.0,0.0,0.0,0.0,0.0,0.0,0.0,0.0,0.0,0.0,0.0,0.0
1,0,1.0,0.0,0.0,0.0,0.0,0.0,0.0,0.0,0.0,0.0,0.0,0.0
1,0,1.0,0.0,0.0,0.0,0.0,0.0,0.0,0.0,0.0,0.0,0.0,0.0
1,0,1.0,0.0,0.0,0.0,0.0,0.0,0.0,0.0,0.0,0.0,0.0,0.0
1,0,1.0,0.0,0.0,0.0,0.0,0.0,0.0,0.0,0.0,0.0,0.0,0.0
1,0,1.0,0.0,0.0,0.0,0.0,0.0,0.0,0.0,0.0,0.0,0.0,0.0
1,0,1.0,0.0,0.0,0.0,0.0,0.0,0.0,0.0,0.0,0.0,0.0,0.0
1,0,1.0,0.0,0.0,0.0,0.0,0.0,0.0,0.0,0.0,0.0,0.0,0.0
1,0,1.0,0.0,0.0,0.0,0.0,0.0,0.0,0.0,0.0,0.0,0.0,0.0
1,0,1.0,0.0,0.0,0.0,0.0,0.0,0.0,0.0,0.0,0.0,0.0,0.0
1,0,1.0,0.0,0.0,0.0,0.0,0.0,0.0,0.0,0.0,0.0,0.0,0.0
1,0,1.0,0.0,0.0,0.0,0.0,0.0,0.0,0.0,0.0,0.0,0.0,0.0
1,0,1.0,0.0,0.0,0.0,0.0,0.0,0.0,0.0,0.0,0.0,0.0,0.0
1,0,1.0,0.0,0.0,0.0,0.0,0.0,0.0,0.0,0.0,0.0,0.0,0.0
1,0,1.0,0.0,0.0,0.0,0.0,0.0,0.0,0.0,0.0,0.0,0.0,0.0
1,0,1.0,0.0,0.0,0.0,0.0,0.0,0.0,0.0,0.0,0.0,0.0,0.0
1,0,1.0,0.0,0.0,0.0,0.0,0.0,0.0,0.0,0.0,0.0,0.0,0.0
1,0,1.0,0.0,0.0,0.0,0.0,0.0,0.0,0.0,0.0,0.0,0.0,0.0
1,0,1.0,0.0,0.0,0.0,0.0,0.0,0.0,0.0,0.0,0.0,0.0,0.0
1,0,1.0,0.0,0.0,0.0,0.0,0.0,0.0,0.0,0.0,0.0,0.0,0.0
1,0,1.0,0.0,0.0,0.0,0.0,0.0,0.0,0.0,0.0,0.0,0.0,0.0
1,0,1.0,0.0,0.0,0.0,0.0,0.0,0.0,0.0,0.0,0.0,0.0,0.0
1,0,1.0,0.0,0.0,0.0,0.0,0.0,0.0,0.0,0.0,0.0,0.0,0.0
1,0,1.0,0.0,0.0,0.0,0.0,0.0,0.0,0.0,0.0,0.0,0.0,0.0
1,0,1.0,0.0,0.0,0.0,0.0,0.0,0.0,0.0,0.0,0.0,0.0,0.0
1,0,1.0,0.0,0.0,0.0,0.0,0.0,0.0,0.0,0.0,0.0,0.0,0.0
1,0,1.0,0.0,0.0,0.0,0.0,0.0,0.0,0.0,0.0,0.0,0.0,0.0
1,0,1.0,0.0,0.0,0.0,0.0,0.0,0.0,0.0,0.0,0.0,0.0,0.0
1,0,1.0,0.0,0.0,0.0,0.0,0.0,0.0,0.0,0.0,0.0,0.0,0.0
1,0,1.0,0.0,0.0,0.0,0.0,0.0,0.0,0.0,0.0,0.0,0.0,0.0
1,0,1.0,0.0,0.0,0.0,0.0,0.0,0.0,0.0,0.0,0.0,0.0,0.0
1,0,1.0,0.0,0.0,0.0,0.0,0.0,0.0,0.0,0.0,0.0,0.0,0.0
1,0,1.0,0.0,0.0,0.0,0.0,0.0,0.0,0.0,0.0,0.0,0.0,0.0
1,0,1.0,0.0,0.0,0.0,0.0,0.0,0.0,0.0,0.0,0.0,0.0,0.0
1,0,1.0,0.0,0.0,0.0,0.0,0.0,0.0,0.0,0.0,0.0,0.0,0.0
1,0,1.0,0.0,0.0,0.0,0.0,0.0,0.0,0.0,0.0,0.0,0.0,0.0
1,0,1.0,0.0,0.0,0.0,0.0,0.0,0.0,0.0,0.0,0.0,0.0,0.0
1,0,1.0,0.0,0.0,0.0,0.0,0.0,0.0,0.0,0.0,0.0,0.0,0.0
1,0,1.0,0.0,0.0,0.0,0.0,0.0,0.0,0.0,0.0,0.0,0.0,0.0
1,0,1.0,0.0,0.0,0.0,0.0,0.0,0.0,0.0,0.0,0.0,0.0,0.0
1,0,1.0,0.0,0.0,0.0,0.0,0.0,0.0,0.0,0.0,0.0,0.0,0.0
1,0,1.0,0.0,0.0,0.0,0.0,0.0,0.0,0.0,0.0,0.0,0.0,0.0
1,0,1.0,0.0,0.0,0.0,0.0,0.0,0.0,0.0,0.0,0.0,0.0,0.0
1,0,1.0,0.0,0.0,0.0,0.0,0.0,0.0,0.0,0.0,0.0,0.0,0.0
1,0,1.0,0.0,0.0,0.0,0.0,0.0,0.0,0.0,0.0,0.0,0.0,0.0
1,0,1.0,0.0,0.0,0.0,0.0,0.0,0.0,0.0,0.0,0.0,0.0,0.0
1,0,1.0,0.0,0.0,0.0,0.0,0.0,0.0,0.0,0.0,0.0,0.0,0.0
1,0,1.0,0.0,0.0,0.0,0.0,0.0,0.0,0.0,0.0,0.0,0.0,0.0
1,0,1.0,0.0,0.0,0.0,0.0,0.0,0.0,0.0,0.0,0.0,0.0,0.0
1,0,1.0,0.0,0.0,0.0,0.0,0.0,0.0,0.0,0.0,0.0,0.0,0.0
1,0,1.0,0.0,0.0,0.0,0.0,0.0,0.0,0.0,0.0,0.0,0.0,0.0
1,0,1.0,0.0,0.0,0.0,0.0,0.0,0.0,0.0,0.0,0.0,0.0,0.0
1,0,1.0,0.0,0.0,0.0,0.0,0.0,0.0,0.0,0.0,0.0,0.0,0.0
1,0,1.0,0.0,0.0,0.0,0.0,0.0,0.0,0.0,0.0,0.0,0.0,0.0
1,0,1.0,0.0,0.0,0.0,0.0,0.0,0.0,0.0,0.0,0.0,0.0,0.0
1,0,1.0,0.0,0.0,0.0,0.0,0.0,0.0,0.0,0.0,0.0,0.0,0.0
1,0,1.0,0.0,0.0,0.0,0.0,0.0,0.0,0.0,0.0,0.0,0.0,0.0
1,0,1.0,0.0,0.0,0.0,0.0,0.0,0.0,0.0,0.0,0.0,0.0,0.0
1,0,1.0,0.0,0.0,0.0,0.0,0.0,0.0,0.0,0.0,0.0,0.0,0.0
1,0,1.0,0.0,0.0,0.0,0.0,0.0,0.0,0.0,0.0,0.0,0.0,0.0
1,0,1.0,0.0,0.0,0.0,0.0,0.0,0.0,0.0,0.0,0.0,0.0,0.0
1,0,1.0,0.0,0.0,0.0,0.0,0.0,0.0,0.0,0.0,0.0,0.0,0.0
1,0,1.0,0.0,0.0,0.0,0.0,0.0,0.0,0.0,0.0,0.0,0.0,0.0
1,0,1.0,0.0,0.0,0.0,0.0,0.0,0.0,0.0,0.0,0.0,0.0,0.0
1,0,1.0,0.0,0.0,0.0,0.0,0.0,0.0,0.0,0.0,0.0,0.0,0.0
1,0,1.0,0.0,0.0,0.0,0.0,0.0,0.0,0.0,0.0,0.0,0.0,0.0
1,0,1.0,0.0,0.0,0.0,0.0,0.0,0.0,0.0,0.0,0.0,0.0,0.0
1,0,1.0,0.0,0.0,0.0,0.0,0.0,0.0,0.0,0.0,0.0,0.0,0.0
1,0,1.0,0.0,0.0,0.0,0.0,0.0,0.0,0.0,0.0,0.0,0.0,0.0
1,0,1.0,0.0,0.0,0.0,0.0,0.0,0.0,0.0,0.0,0.0,0.0,0.0
1,0,1.0,0.0,0.0,0.0,0.0,0.0,0.0,0.0,0.0,0.0,0.0,0.0
1,0,1.0,0.0,0.0,0.0,0.0,0.0,0.0,0.0,0.0,0.0,0.0,0.0
1,0,1.0,0.0,0.0,0.0,0.0,0.0,0.0,0.0,0.0,0.0,0.0,0.0
1,0,1.0,0.0,0.0,0.0,0.0,0.0,0.0,0.0,0.0,0.0,0.0,0.0
1,0,1.0,0.0,0.0,0.0,0.0,0.0,0.0,0.0,0.0,0.0,0.0,0.0
1,0,1.0,0.0,0.0,0.0,0.0,0.0,0.0,0.0,0.0,0.0,0.0,0.0
1,0,1.0,0.0,0.0,0.0,0.0,0.0,0.0,0.0,0.0,0.0,0.0,0.0
1,0,1.0,0.0,0.0,0.0,0.0,0.0,0.0,0.0,0.0,0.0,0.0,0.0
1,0,1.0,0.0,0.0,0.0,0.0,0.0,0.0,0.0,0.0,0.0,0.0,0.0
1,0,1.0,0.0,0.0,0.0,0.0,0.0,0.0,0.0,0.0,0.0,0.0,0.0
1,0,1.0,0.0,0.0,0.0,0.0,0.0,0.0,0.0,0.0,0.0,0.0,0.0
1,0,1.0,0.0,0.0,0.0,0.0,0.0,0.0,0.0,0.0,0.0,0.0,0.0
1,0,1.0,0.0,0.0,0.0,0.0,0.0,0.0,0.0,0.0,0.0,0.0,0.0
1,0,1.0,0.0,0.0,0.0,0.0,0.0,0.0,0.0,0.0,0.0,0.0,0.0
1,0,1.0,0.0,0.0,0.0,0.0,0.0,0.0,0.0,0.0,0.0,0.0,0.0
1,0,1.0,0.0,0.0,0.0,0.0,0.0,0.0,0.0,0.0,0.0,0.0,0.0
1,0,1.0,0.0,0.0,0.0,0.0,0.0,0.0,0.0,0.0,0.0,0.0,0.0
1,0,1.0,0.0,0.0,0.0,0.0,0.0,0.0,0.0,0.0,0.0,0.0,0.0
1,0,1.0,0.0,0.0,0.0,0.0,0.0,0.0,0.0,0.0,0.0,0.0,0.0
1,0,1.0,0.0,0.0,0.0,0.0,0.0,0.0,0.0,0.0,0.0,0.0,0.0
1,0,1.0,0.0,0.0,0.0,0.0,0.0,0.0,0.0,0.0,0.0,0.0,0.0
1,0,1.0,0.0,0.0,0.0,0.0,0.0,0.0,0.0,0.0,0.0,0.0,0.0
1,0,1.0,0.0,0.0,0.0,0.0,0.0,0.0,0.0,0.0,0.0,0.0,0.0
1,0,1.0,0.0,0.0,0.0,0.0,0.0,0.0,0.0,0.0,0.0,0.0,0.0
1,0,1.0,0.0,0.0,0.0,0.0,0.0,0.0,0.0,0.0,0.0,0.0,0.0
1,0,1.0,0.0,0.0,0.0,0.0,0.0,0.0,0.0,0.0,0.0,0.0,0.0
1,0,1.0,0.0,0.0,0.0,0.0,0.0,0.0,0.0,0.0,0.0,0.0,0.0
1,0,1.0,0.0,0.0,0.0,0.0,0.0,0.0,0.0,0.0,0.0,0.0,0.0
1,0,1.0,0.0,0.0,0.0,0.0,0.0,0.0,0.0,0.0,0.0,0.0,0.0
1,0,1.0,0.0,0.0,0.0,0.0,0.0,0.0,0.0,0.0,0.0,0.0,0.0
1,0,1.0,0.0,0.0,0.0,0.0,0.0,0.0,0.0,0.0,0.0,0.0,0.0
1,0,1.0,0.0,0.0,0.0,0.0,0.0,0.0,0.0,0.0,0.0,0.0,0.0
1,0,1.0,0.0,0.0,0.0,0.0,0.0,0.0,0.0,0.0,0.0,0.0,0.0
1,0,1.0,0.0,0.0,0.0,0.0,0.0,0.0,0.0,0.0,0.0,0.0,0.0
1,0,1.0,0.0,0.0,0.0,0.0,0.0,0.0,0.0,0.0,0.0,0.0,0.0
1,0,1.0,0.0,0.0,0.0,0.0,0.0,0.0,0.0,0.0,0.0,0.0,0.0
1,0,1.0,0.0,0.0,0.0,0.0,0.0,0.0,0.0,0.0,0.0,0.0,0.0
1,0,1.0,0.0,0.0,0.0,0.0,0.0,0.0,0.0,0.0,0.0,0.0,0.0
1,0,1.0,0.0,0.0,0.0,0.0,0.0,0.0,0.0,0.0,0.0,0.0,0.0
1,0,1.0,0.0,0.0,0.0,0.0,0.0,0.0,0.0,0.0,0.0,0.0,0.0
1,0,1.0,0.0,0.0,0.0,0.0,0.0,0.0,0.0,0.0,0.0,0.0,0.0
1,0,1.0,0.0,0.0,0.0,0.0,0.0,0.0,0.0,0.0,0.0,0.0,0.0
1,0,1.0,0.0,0.0,0.0,0.0,0.0,0.0,0.0,0.0,0.0,0.0,0.0
1,0,1.0,0.0,0.0,0.0,0.0,0.0,0.0,0.0,0.0,0.0,0.0,0.0
1,0,1.0,0.0,0.0,0.0,0.0,0.0,0.0,0.0,0.0,0.0,0.0,0.0
1,0,1.0,0.0,0.0,0.0,0.0,0.0,0.0,0.0,0.0,0.0,0.0,0.0
1,0,1.0,0.0,0.0,0.0,0.0,0.0,0.0,0.0,0.0,0.0,0.0,0.0
1,0,1.0,0.0,0.0,0.0,0.0,0.0,0.0,0.0,0.0,0.0,0.0,0.0
1,0,1.0,0.0,0.0,0.0,0.0,0.0,0.0,0.0,0.0,0.0,0.0,0.0
1,0,1.0,0.0,0.0,0.0,0.0,0.0,0.0,0.0,0.0,0.0,0.0,0.0
1,0,1.0,0.0,0.0,0.0,0.0,0.0,0.0,0.0,0.0,0.0,0.0,0.0
1,0,1.0,0.0,0.0,0.0,0.0,0.0,0.0,0.0,0.0,0.0,0.0,0.0
1,0,1.0,0.0,0.0,0.0,0.0,0.0,0.0,0.0,0.0,0.0,0.0,0.0
1,0,1.0,0.0,0.0,0.0,0.0,0.0,0.0,0.0,0.0,0.0,0.0,0.0
1,0,1.0,0.0,0.0,0.0,0.0,0.0,0.0,0.0,0.0,0.0,0.0,0.0
1,0,1.0,0.0,0.0,0.0,0.0,0.0,0.0,0.0,0.0,0.0,0.0,0.0
1,0,1.0,0.0,0.0,0.0,0.0,0.0,0.0,0.0,0.0,0.0,0.0,0.0
1,0,1.0,0.0,0.0,0.0,0.0,0.0,0.0,0.0,0.0,0.0,0.0,0.0
1,0,1.0,0.0,0.0,0.0,0.0,0.0,0.0,0.0,0.0,0.0,0.0,0.0
1,0,1.0,0.0,0.0,0.0,0.0,0.0,0.0,0.0,0.0,0.0,0.0,0.0
1,0,1.0,0.0,0.0,0.0,0.0,0.0,0.0,0.0,0.0,0.0,0.0,0.0
1,0,1.0,0.0,0.0,0.0,0.0,0.0,0.0,0.0,0.0,0.0,0.0,0.0
1,0,1.0,0.0,0.0,0.0,0.0,0.0,0.0,0.0,0.0,0.0,0.0,0.0
1,0,1.0,0.0,0.0,0.0,0.0,0.0,0.0,0.0,0.0,0.0,0.0,0.0
1,0,1.0,0.0,0.0,0.0,0.0,0.0,0.0,0.0,0.0,0.0,0.0,0.0
1,0,1.0,0.0,0.0,0.0,0.0,0.0,0.0,0.0,0.0,0.0,0.0,0.0
1,0,1.0,0.0,0.0,0.0,0.0,0.0,0.0,0.0,0.0,0.0,0.0,0.0
1,0,1.0,0.0,0.0,0.0,0.0,0.0,0.0,0.0,0.0,0.0,0.0,0.0
1,0,1.0,0.0,0.0,0.0,0.0,0.0,0.0,0.0,0.0,0.0,0.0,0.0
1,0,1.0,0.0,0.0,0.0,0.0,0.0,0.0,0.0,0.0,0.0,0.0,0.0
1,0,1.0,0.0,0.0,0.0,0.0,0.0,0.0,0.0,0.0,0.0,0.0,0.0
1,0,1.0,0.0,0.0,0.0,0.0,0.0,0.0,0.0,0.0,0.0,0.0,0.0
1,0,1.0,0.0,0.0,0.0,0.0,0.0,0.0,0.0,0.0,0.0,0.0,0.0
1,0,1.0,0.0,0.0,0.0,0.0,0.0,0.0,0.0,0.0,0.0,0.0,0.0
1,0,1.0,0.0,0.0,0.0,0.0,0.0,0.0,0.0,0.0,0.0,0.0,0.0
1,0,1.0,0.0,0.0,0.0,0.0,0.0,0.0,0.0,0.0,0.0,0.0,0.0
1,0,1.0,0.0,0.0,0.0,0.0,0.0,0.0,0.0,0.0,0.0,0.0,0.0
1,0,1.0,0.0,0.0,0.0,0.0,0.0,0.0,0.0,0.0,0.0,0.0,0.0
1,0,1.0,0.0,0.0,0.0,0.0,0.0,0.0,0.0,0.0,0.0,0.0,0.0
1,0,1.0,0.0,0.0,0.0,0.0,0.0,0.0,0.0,0.0,0.0,0.0,0.0
1,0,1.0,0.0,0.0,0.0,0.0,0.0,0.0,0.0,0.0,0.0,0.0,0.0
1,0,1.0,0.0,0.0,0.0,0.0,0.0,0.0,0.0,0.0,0.0,0.0,0.0
1,0,1.0,0.0,0.0,0.0,0.0,0.0,0.0,0.0,0.0,0.0,0.0,0.0
1,0,1.0,0.0,0.0,0.0,0.0,0.0,0.0,0.0,0.0,0.0,0.0,0.0
1,0,1.0,0.0,0.0,0.0,0.0,0.0,0.0,0.0,0.0,0.0,0.0,0.0
1,0,1.0,0.0,0.0,0.0,0.0,0.0,0.0,0.0,0.0,0.0,0.0,0.0
1,0,1.0,0.0,0.0,0.0,0.0,0.0,0.0,0.0,0.0,0.0,0.0,0.0
1,0,1.0,0.0,0.0,0.0,0.0,0.0,0.0,0.0,0.0,0.0,0.0,0.0
1,0,1.0,0.0,0.0,0.0,0.0,0.0,0.0,0.0,0.0,0.0,0.0,0.0
1,0,1.0,0.0,0.0,0.0,0.0,0.0,0.0,0.0,0.0,0.0,0.0,0.0
1,0,1.0,0.0,0.0,0.0,0.0,0.0,0.0,0.0,0.0,0.0,0.0,0.0
1,0,1.0,0.0,0.0,0.0,0.0,0.0,0.0,0.0,0.0,0.0,0.0,0.0
1,0,1.0,0.0,0.0,0.0,0.0,0.0,0.0,0.0,0.0,0.0,0.0,0.0
1,0,1.0,0.0,0.0,0.0,0.0,0.0,0.0,0.0,0.0,0.0,0.0,0.0
1,0,1.0,0.0,0.0,0.0,0.0,0.0,0.0,0.0,0.0,0.0,0.0,0.0
1,0,1.0,0.0,0.0,0.0,0.0,0.0,0.0,0.0,0.0,0.0,0.0,0.0
1,0,1.0,0.0,0.0,0.0,0.0,0.0,0.0,0.0,0.0,0.0,0.0,0.0
1,0,1.0,0.0,0.0,0.0,0.0,0.0,0.0,0.0,0.0,0.0,0.0,0.0
1,0,1.0,0.0,0.0,0.0,0.0,0.0,0.0,0.0,0.0,0.0,0.0,0.0
1,0,1.0,0.0,0.0,0.0,0.0,0.0,0.0,0.0,0.0,0.0,0.0,0.0
1,0,1.0,0.0,0.0,0.0,0.0,0.0,0.0,0.0,0.0,0.0,0.0,0.0
1,0,1.0,0.0,0.0,0.0,0.0,0.0,0.0,0.0,0.0,0.0,0.0,0.0
1,0,1.0,0.0,0.0,0.0,0.0,0.0,0.0,0.0,0.0,0.0,0.0,0.0
1,0,1.0,0.0,0.0,0.0,0.0,0.0,0.0,0.0,0.0,0.0,0.0,0.0
1,0,1.0,0.0,0.0,0.0,0.0,0.0,0.0,0.0,0.0,0.0,0.0,0.0
1,0,1.0,0.0,0.0,0.0,0.0,0.0,0.0,0.0,0.0,0.0,0.0,0.0
1,0,1.0,0.0,0.0,0.0,0.0,0.0,0.0,0.0,0.0,0.0,0.0,0.0
1,0,1.0,0.0,0.0,0.0,0.0,0.0,0.0,0.0,0.0,0.0,0.0,0.0
1,0,1.0,0.0,0.0,0.0,0.0,0.0,0.0,0.0,0.0,0.0,0.0,0.0
1,0,1.0,0.0,0.0,0.0,0.0,0.0,0.0,0.0,0.0,0.0,0.0,0.0
1,0,1.0,0.0,0.0,0.0,0.0,0.0,0.0,0.0,0.0,0.0,0.0,0.0
1,0,1.0,0.0,0.0,0.0,0.0,0.0,0.0,0.0,0.0,0.0,0.0,0.0
1,0,1.0,0.0,0.0,0.0,0.0,0.0,0.0,0.0,0.0,0.0,0.0,0.0
1,0,1.0,0.0,0.0,0.0,0.0,0.0,0.0,0.0,0.0,0.0,0.0,0.0
1,0,1.0,0.0,0.0,0.0,0.0,0.0,0.0,0.0,0.0,0.0,0.0,0.0
1,0,1.0,0.0,0.0,0.0,0.0,0.0,0.0,0.0,0.0,0.0,0.0,0.0
1,0,1.0,0.0,0.0,0.0,0.0,0.0,0.0,0.0,0.0,0.0,0.0,0.0
1,0,1.0,0.0,0.0,0.0,0.0,0.0,0.0,0.0,0.0,0.0,0.0,0.0
1,0,1.0,0.0,0.0,0.0,0.0,0.0,0.0,0.0,0.0,0.0,0.0,0.0
1,0,1.0,0.0,0.0,0.0,0.0,0.0,0.0,0.0,0.0,0.0,0.0,0.0
1,0,1.0,0.0,0.0,0.0,0.0,0.0,0.0,0.0,0.0,0.0,0.0,0.0
1,0,1.0,0.0,0.0,0.0,0.0,0.0,0.0,0.0,0.0,0.0,0.0,0.0
1,0,1.0,0.0,0.0,0.0,0.0,0.0,0.0,0.0,0.0,0.0,0.0,0.0
1,0,1.0,0.0,0.0,0.0,0.0,0.0,0.0,0.0,0.0,0.0,0.0,0.0
1,0,1.0,0.0,0.0,0.0,0.0,0.0,0.0,0.0,0.0,0.0,0.0,0.0
1,0,1.0,0.0,0.0,0.0,0.0,0.0,0.0,0.0,0.0,0.0,0.0,0.0
1,0,1.0,0.0,0.0,0.0,0.0,0.0,0.0,0.0,0.0,0.0,0.0,0.0
1,0,1.0,0.0,0.0,0.0,0.0,0.0,0.0,0.0,0.0,0.0,0.0,0.0
1,0,1.0,0.0,0.0,0.0,0.0,0.0,0.0,0.0,0.0,0.0,0.0,0.0
1,0,1.0,0.0,0.0,0.0,0.0,0.0,0.0,0.0,0.0,0.0,0.0,0.0
1,0,1.0,0.0,0.0,0.0,0.0,0.0,0.0,0.0,0.0,0.0,0.0,0.0
1,0,1.0,0.0,0.0,0.0,0.0,0.0,0.0,0.0,0.0,0.0,0.0,0.0
1,0,1.0,0.0,0.0,0.0,0.0,0.0,0.0,0.0,0.0,0.0,0.0,0.0
1,0,1.0,0.0,0.0,0.0,0.0,0.0,0.0,0.0,0.0,0.0,0.0,0.0
1,0,1.0,0.0,0.0,0.0,0.0,0.0,0.0,0.0,0.0,0.0,0.0,0.0
1,0,1.0,0.0,0.0,0.0,0.0,0.0,0.0,0.0,0.0,0.0,0.0,0.0
1,0,1.0,0.0,0.0,0.0,0.0,0.0,0.0,0.0,0.0,0.0,0.0,0.0
1,0,1.0,0.0,0.0,0.0,0.0,0.0,0.0,0.0,0.0,0.0,0.0,0.0
1,0,1.0,0.0,0.0,0.0,0.0,0.0,0.0,0.0,0.0,0.0,0.0,0.0
1,0,1.0,0.0,0.0,0.0,0.0,0.0,0.0,0.0,0.0,0.0,0.0,0.0
1,0,1.0,0.0,0.0,0.0,0.0,0.0,0.0,0.0,0.0,0.0,0.0,0.0
1,0,1.0,0.0,0.0,0.0,0.0,0.0,0.0,0.0,0.0,0.0,0.0,0.0
1,0,1.0,0.0,0.0,0.0,0.0,0.0,0.0,0.0,0.0,0.0,0.0,0.0
1,0,1.0,0.0,0.0,0.0,0.0,0.0,0.0,0.0,0.0,0.0,0.0,0.0
1,0,1.0,0.0,0.0,0.0,0.0,0.0,0.0,0.0,0.0,0.0,0.0,0.0
1,0,1.0,0.0,0.0,0.0,0.0,0.0,0.0,0.0,0.0,0.0,0.0,0.0
1,0,1.0,0.0,0.0,0.0,0.0,0.0,0.0,0.0,0.0,0.0,0.0,0.0
1,0,1.0,0.0,0.0,0.0,0.0,0.0,0.0,0.0,0.0,0.0,0.0,0.0
1,0,1.0,0.0,0.0,0.0,0.0,0.0,0.0,0.0,0.0,0.0,0.0,0.0
1,0,1.0,0.0,0.0,0.0,0.0,0.0,0.0,0.0,0.0,0.0,0.0,0.0
1,0,1.0,0.0,0.0,0.0,0.0,0.0,0.0,0.0,0.0,0.0,0.0,0.0
1,0,1.0,0.0,0.0,0.0,0.0,0.0,0.0,0.0,0.0,0.0,0.0,0.0
1,0,1.0,0.0,0.0,0.0,0.0,0.0,0.0,0.0,0.0,0.0,0.0,0.0
1,0,1.0,0.0,0.0,0.0,0.0,0.0,0.0,0.0,0.0,0.0,0.0,0.0
1,0,1.0,0.0,0.0,0.0,0.0,0.0,0.0,0.0,0.0,0.0,0.0,0.0
1,0,1.0,0.0,0.0,0.0,0.0,0.0,0.0,0.0,0.0,0.0,0.0,0.0
1,0,1.0,0.0,0.0,0.0,0.0,0.0,0.0,0.0,0.0,0.0,0.0,0.0
1,0,1.0,0.0,0.0,0.0,0.0,0.0,0.0,0.0,0.0,0.0,0.0,0.0
1,0,1.0,0.0,0.0,0.0,0.0,0.0,0.0,0.0,0.0,0.0,0.0,0.0
1,0,1.0,0.0,0.0,0.0,0.0,0.0,0.0,0.0,0.0,0.0,0.0,0.0
1,0,1.0,0.0,0.0,0.0,0.0,0.0,0.0,0.0,0.0,0.0,0.0,0.0
1,0,1.0,0.0,0.0,0.0,0.0,0.0,0.0,0.0,0.0,0.0,0.0,0.0
1,0,1.0,0.0,0.0,0.0,0.0,0.0,0.0,0.0,0.0,0.0,0.0,0.0
1,0,1.0,0.0,0.0,0.0,0.0,0.0,0.0,0.0,0.0,0.0,0.0,0.0
1,0,1.0,0.0,0.0,0.0,0.0,0.0,0.0,0.0,0.0,0.0,0.0,0.0
1,0,1.0,0.0,0.0,0.0,0.0,0.0,0.0,0.0,0.0,0.0,0.0,0.0
1,0,1.0,0.0,0.0,0.0,0.0,0.0,0.0,0.0,0.0,0.0,0.0,0.0
1,0,1.0,0.0,0.0,0.0,0.0,0.0,0.0,0.0,0.0,0.0,0.0,0.0
1,0,1.0,0.0,0.0,0.0,0.0,0.0,0.0,0.0,0.0,0.0,0.0,0.0
1,0,1.0,0.0,0.0,0.0,0.0,0.0,0.0,0.0,0.0,0.0,0.0,0.0
1,0,1.0,0.0,0.0,0.0,0.0,0.0,0.0,0.0,0.0,0.0,0.0,0.0
1,0,1.0,0.0,0.0,0.0,0.0,0.0,0.0,0.0,0.0,0.0,0.0,0.0
1,0,1.0,0.0,0.0,0.0,0.0,0.0,0.0,0.0,0.0,0.0,0.0,0.0
1,0,1.0,0.0,0.0,0.0,0.0,0.0,0.0,0.0,0.0,0.0,0.0,0.0
1,0,1.0,0.0,0.0,0.0,0.0,0.0,0.0,0.0,0.0,0.0,0.0,0.0
1,0,1.0,0.0,0.0,0.0,0.0,0.0,0.0,0.0,0.0,0.0,0.0,0.0
1,0,1.0,0.0,0.0,0.0,0.0,0.0,0.0,0.0,0.0,0.0,0.0,0.0
1,0,1.0,0.0,0.0,0.0,0.0,0.0,0.0,0.0,0.0,0.0,0.0,0.0
1,0,1.0,0.0,0.0,0.0,0.0,0.0,0.0,0.0,0.0,0.0,0.0,0.0
1,0,1.0,0.0,0.0,0.0,0.0,0.0,0.0,0.0,0.0,0.0,0.0,0.0
1,0,1.0,0.0,0.0,0.0,0.0,0.0,0.0,0.0,0.0,0.0,0.0,0.0
1,0,1.0,0.0,0.0,0.0,0.0,0.0,0.0,0.0,0.0,0.0,0.0,0.0
1,0,1.0,0.0,0.0,0.0,0.0,0.0,0.0,0.0,0.0,0.0,0.0,0.0
1,0,1.0,0.0,0.0,0.0,0.0,0.0,0.0,0.0,0.0,0.0,0.0,0.0
1,0,1.0,0.0,0.0,0.0,0.0,0.0,0.0,0.0,0.0,0.0,0.0,0.0
1,0,1.0,0.0,0.0,0.0,0.0,0.0,0.0,0.0,0.0,0.0,0.0,0.0
1,0,1.0,0.0,0.0,0.0,0.0,0.0,0.0,0.0,0.0,0.0,0.0,0.0
1,0,1.0,0.0,0.0,0.0,0.0,0.0,0.0,0.0,0.0,0.0,0.0,0.0
1,0,1.0,0.0,0.0,0.0,0.0,0.0,0.0,0.0,0.0,0.0,0.0,0.0
1,0,1.0,0.0,0.0,0.0,0.0,0.0,0.0,0.0,0.0,0.0,0.0,0.0
1,0,1.0,0.0,0.0,0.0,0.0,0.0,0.0,0.0,0.0,0.0,0.0,0.0
1,0,1.0,0.0,0.0,0.0,0.0,0.0,0.0,0.0,0.0,0.0,0.0,0.0
1,0,1.0,0.0,0.0,0.0,0.0,0.0,0.0,0.0,0.0,0.0,0.0,0.0
1,0,1.0,0.0,0.0,0.0,0.0,0.0,0.0,0.0,0.0,0.0,0.0,0.0
1,0,1.0,0.0,0.0,0.0,0.0,0.0,0.0,0.0,0.0,0.0,0.0,0.0
1,0,1.0,0.0,0.0,0.0,0.0,0.0,0.0,0.0,0.0,0.0,0.0,0.0
1,0,1.0,0.0,0.0,0.0,0.0,0.0,0.0,0.0,0.0,0.0,0.0,0.0
1,0,1.0,0.0,0.0,0.0,0.0,0.0,0.0,0.0,0.0,0.0,0.0,0.0
1,0,1.0,0.0,0.0,0.0,0.0,0.0,0.0,0.0,0.0,0.0,0.0,0.0
1,0,1.0,0.0,0.0,0.0,0.0,0.0,0.0,0.0,0.0,0.0,0.0,0.0
1,0,1.0,0.0,0.0,0.0,0.0,0.0,0.0,0.0,0.0,0.0,0.0,0.0
1,0,1.0,0.0,0.0,0.0,0.0,0.0,0.0,0.0,0.0,0.0,0.0,0.0
1,0,1.0,0.0,0.0,0.0,0.0,0.0,0.0,0.0,0.0,0.0,0.0,0.0
1,0,1.0,0.0,0.0,0.0,0.0,0.0,0.0,0.0,0.0,0.0,0.0,0.0
1,0,1.0,0.0,0.0,0.0,0.0,0.0,0.0,0.0,0.0,0.0,0.0,0.0
1,0,1.0,0.0,0.0,0.0,0.0,0.0,0.0,0.0,0.0,0.0,0.0,0.0
1,0,1.0,0.0,0.0,0.0,0.0,0.0,0.0,0.0,0.0,0.0,0.0,0.0
1,0,1.0,0.0,0.0,0.0,0.0,0.0,0.0,0.0,0.0,0.0,0.0,0.0
1,0,1.0,0.0,0.0,0.0,0.0,0.0,0.0,0.0,0.0,0.0,0.0,0.0
1,0,1.0,0.0,0.0,0.0,0.0,0.0,0.0,0.0,0.0,0.0,0.0,0.0
1,0,1.0,0.0,0.0,0.0,0.0,0.0,0.0,0.0,0.0,0.0,0.0,0.0
1,0,1.0,0.0,0.0,0.0,0.0,0.0,0.0,0.0,0.0,0.0,0.0,0.0
1,0,1.0,0.0,0.0,0.0,0.0,0.0,0.0,0.0,0.0,0.0,0.0,0.0
1,0,1.0,0.0,0.0,0.0,0.0,0.0,0.0,0.0,0.0,0.0,0.0,0.0
1,0,1.0,0.0,0.0,0.0,0.0,0.0,0.0,0.0,0.0,0.0,0.0,0.0
1,0,1.0,0.0,0.0,0.0,0.0,0.0,0.0,0.0,0.0,0.0,0.0,0.0
1,0,1.0,0.0,0.0,0.0,0.0,0.0,0.0,0.0,0.0,0.0,0.0,0.0
1,0,1.0,0.0,0.0,0.0,0.0,0.0,0.0,0.0,0.0,0.0,0.0,0.0
1,0,1.0,0.0,0.0,0.0,0.0,0.0,0.0,0.0,0.0,0.0,0.0,0.0
1,0,1.0,0.0,0.0,0.0,0.0,0.0,0.0,0.0,0.0,0.0,0.0,0.0
1,0,1.0,0.0,0.0,0.0,0.0,0.0,0.0,0.0,0.0,0.0,0.0,0.0
1,0,1.0,0.0,0.0,0.0,0.0,0.0,0.0,0.0,0.0,0.0,0.0,0.0
1,0,1.0,0.0,0.0,0.0,0.0,0.0,0.0,0.0,0.0,0.0,0.0,0.0
1,0,1.0,0.0,0.0,0.0,0.0,0.0,0.0,0.0,0.0,0.0,0.0,0.0
1,0,1.0,0.0,0.0,0.0,0.0,0.0,0.0,0.0,0.0,0.0,0.0,0.0
1,0,1.0,0.0,0.0,0.0,0.0,0.0,0.0,0.0,0.0,0.0,0.0,0.0
1,0,1.0,0.0,0.0,0.0,0.0,0.0,0.0,0.0,0.0,0.0,0.0,0.0
1,0,1.0,0.0,0.0,0.0,0.0,0.0,0.0,0.0,0.0,0.0,0.0,0.0
1,0,1.0,0.0,0.0,0.0,0.0,0.0,0.0,0.0,0.0,0.0,0.0,0.0
1,0,1.0,0.0,0.0,0.0,0.0,0.0,0.0,0.0,0.0,0.0,0.0,0.0
1,0,1.0,0.0,0.0,0.0,0.0,0.0,0.0,0.0,0.0,0.0,0.0,0.0
1,0,1.0,0.0,0.0,0.0,0.0,0.0,0.0,0.0,0.0,0.0,0.0,0.0
1,0,1.0,0.0,0.0,0.0,0.0,0.0,0.0,0.0,0.0,0.0,0.0,0.0
1,0,1.0,0.0,0.0,0.0,0.0,0.0,0.0,0.0,0.0,0.0,0.0,0.0
1,0,1.0,0.0,0.0,0.0,0.0,0.0,0.0,0.0,0.0,0.0,0.0,0.0
1,0,1.0,0.0,0.0,0.0,0.0,0.0,0.0,0.0,0.0,0.0,0.0,0.0
1,0,1.0,0.0,0.0,0.0,0.0,0.0,0.0,0.0,0.0,0.0,0.0,0.0
1,0,1.0,0.0,0.0,0.0,0.0,0.0,0.0,0.0,0.0,0.0,0.0,0.0
1,0,1.0,0.0,0.0,0.0,0.0,0.0,0.0,0.0,0.0,0.0,0.0,0.0
1,0,1.0,0.0,0.0,0.0,0.0,0.0,0.0,0.0,0.0,0.0,0.0,0.0
1,0,1.0,0.0,0.0,0.0,0.0,0.0,0.0,0.0,0.0,0.0,0.0,0.0
1,0,1.0,0.0,0.0,0.0,0.0,0.0,0.0,0.0,0.0,0.0,0.0,0.0
1,0,1.0,0.0,0.0,0.0,0.0,0.0,0.0,0.0,0.0,0.0,0.0,0.0
1,0,1.0,0.0,0.0,0.0,0.0,0.0,0.0,0.0,0.0,0.0,0.0,0.0
1,0,1.0,0.0,0.0,0.0,0.0,0.0,0.0,0.0,0.0,0.0,0.0,0.0
1,0,1.0,0.0,0.0,0.0,0.0,0.0,0.0,0.0,0.0,0.0,0.0,0.0
1,0,1.0,0.0,0.0,0.0,0.0,0.0,0.0,0.0,0.0,0.0,0.0,0.0
1,0,1.0,0.0,0.0,0.0,0.0,0.0,0.0,0.0,0.0,0.0,0.0,0.0
1,0,1.0,0.0,0.0,0.0,0.0,0.0,0.0,0.0,0.0,0.0,0.0,0.0
1,0,1.0,0.0,0.0,0.0,0.0,0.0,0.0,0.0,0.0,0.0,0.0,0.0
1,0,1.0,0.0,0.0,0.0,0.0,0.0,0.0,0.0,0.0,0.0,0.0,0.0
1,0,1.0,0.0,0.0,0.0,0.0,0.0,0.0,0.0,0.0,0.0,0.0,0.0
1,0,1.0,0.0,0.0,0.0,0.0,0.0,0.0,0.0,0.0,0.0,0.0,0.0
1,0,1.0,0.0,0.0,0.0,0.0,0.0,0.0,0.0,0.0,0.0,0.0,0.0
1,0,1.0,0.0,0.0,0.0,0.0,0.0,0.0,0.0,0.0,0.0,0.0,0.0
1,0,1.0,0.0,0.0,0.0,0.0,0.0,0.0,0.0,0.0,0.0,0.0,0.0
1,0,1.0,0.0,0.0,0.0,0.0,0.0,0.0,0.0,0.0,0.0,0.0,0.0
1,0,1.0,0.0,0.0,0.0,0.0,0.0,0.0,0.0,0.0,0.0,0.0,0.0
1,0,1.0,0.0,0.0,0.0,0.0,0.0,0.0,0.0,0.0,0.0,0.0,0.0
1,0,1.0,0.0,0.0,0.0,0.0,0.0,0.0,0.0,0.0,0.0,0.0,0.0
1,0,1.0,0.0,0.0,0.0,0.0,0.0,0.0,0.0,0.0,0.0,0.0,0.0
1,0,1.0,0.0,0.0,0.0,0.0,0.0,0.0,0.0,0.0,0.0,0.0,0.0
1,0,1.0,0.0,0.0,0.0,0.0,0.0,0.0,0.0,0.0,0.0,0.0,0.0
1,0,1.0,0.0,0.0,0.0,0.0,0.0,0.0,0.0,0.0,0.0,0.0,0.0
1,0,1.0,0.0,0.0,0.0,0.0,0.0,0.0,0.0,0.0,0.0,0.0,0.0
1,0,1.0,0.0,0.0,0.0,0.0,0.0,0.0,0.0,0.0,0.0,0.0,0.0
1,0,1.0,0.0,0.0,0.0,0.0,0.0,0.0,0.0,0.0,0.0,0.0,0.0
1,0,1.0,0.0,0.0,0.0,0.0,0.0,0.0,0.0,0.0,0.0,0.0,0.0
1,0,1.0,0.0,0.0,0.0,0.0,0.0,0.0,0.0,0.0,0.0,0.0,0.0
1,0,1.0,0.0,0.0,0.0,0.0,0.0,0.0,0.0,0.0,0.0,0.0,0.0
1,0,1.0,0.0,0.0,0.0,0.0,0.0,0.0,0.0,0.0,0.0,0.0,0.0
1,0,1.0,0.0,0.0,0.0,0.0,0.0,0.0,0.0,0.0,0.0,0.0,0.0
1,0,1.0,0.0,0.0,0.0,0.0,0.0,0.0,0.0,0.0,0.0,0.0,0.0
1,0,1.0,0.0,0.0,0.0,0.0,0.0,0.0,0.0,0.0,0.0,0.0,0.0
1,0,1.0,0.0,0.0,0.0,0.0,0.0,0.0,0.0,0.0,0.0,0.0,0.0
1,0,1.0,0.0,0.0,0.0,0.0,0.0,0.0,0.0,0.0,0.0,0.0,0.0
1,0,1.0,0.0,0.0,0.0,0.0,0.0,0.0,0.0,0.0,0.0,0.0,0.0
1,0,1.0,0.0,0.0,0.0,0.0,0.0,0.0,0.0,0.0,0.0,0.0,0.0
1,0,1.0,0.0,0.0,0.0,0.0,0.0,0.0,0.0,0.0,0.0,0.0,0.0
1,0,1.0,0.0,0.0,0.0,0.0,0.0,0.0,0.0,0.0,0.0,0.0,0.0
1,0,1.0,0.0,0.0,0.0,0.0,0.0,0.0,0.0,0.0,0.0,0.0,0.0
1,0,1.0,0.0,0.0,0.0,0.0,0.0,0.0,0.0,0.0,0.0,0.0,0.0
1,0,1.0,0.0,0.0,0.0,0.0,0.0,0.0,0.0,0.0,0.0,0.0,0.0
1,0,1.0,0.0,0.0,0.0,0.0,0.0,0.0,0.0,0.0,0.0,0.0,0.0
1,0,1.0,0.0,0.0,0.0,0.0,0.0,0.0,0.0,0.0,0.0,0.0,0.0
1,0,1.0,0.0,0.0,0.0,0.0,0.0,0.0,0.0,0.0,0.0,0.0,0.0
1,0,1.0,0.0,0.0,0.0,0.0,0.0,0.0,0.0,0.0,0.0,0.0,0.0
1,0,1.0,0.0,0.0,0.0,0.0,0.0,0.0,0.0,0.0,0.0,0.0,0.0
1,0,1.0,0.0,0.0,0.0,0.0,0.0,0.0,0.0,0.0,0.0,0.0,0.0
1,0,1.0,0.0,0.0,0.0,0.0,0.0,0.0,0.0,0.0,0.0,0.0,0.0
1,0,1.0,0.0,0.0,0.0,0.0,0.0,0.0,0.0,0.0,0.0,0.0,0.0
1,0,1.0,0.0,0.0,0.0,0.0,0.0,0.0,0.0,0.0,0.0,0.0,0.0
1,0,1.0,0.0,0.0,0.0,0.0,0.0,0.0,0.0,0.0,0.0,0.0,0.0
1,0,1.0,0.0,0.0,0.0,0.0,0.0,0.0,0.0,0.0,0.0,0.0,0.0
1,0,1.0,0.0,0.0,0.0,0.0,0.0,0.0,0.0,0.0,0.0,0.0,0.0
1,0,1.0,0.0,0.0,0.0,0.0,0.0,0.0,0.0,0.0,0.0,0.0,0.0
1,0,1.0,0.0,0.0,0.0,0.0,0.0,0.0,0.0,0.0,0.0,0.0,0.0
1,0,1.0,0.0,0.0,0.0,0.0,0.0,0.0,0.0,0.0,0.0,0.0,0.0
1,0,1.0,0.0,0.0,0.0,0.0,0.0,0.0,0.0,0.0,0.0,0.0,0.0
1,0,1.0,0.0,0.0,0.0,0.0,0.0,0.0,0.0,0.0,0.0,0.0,0.0
1,0,1.0,0.0,0.0,0.0,0.0,0.0,0.0,0.0,0.0,0.0,0.0,0.0
1,0,1.0,0.0,0.0,0.0,0.0,0.0,0.0,0.0,0.0,0.0,0.0,0.0
1,0,1.0,0.0,0.0,0.0,0.0,0.0,0.0,0.0,0.0,0.0,0.0,0.0
1,0,1.0,0.0,0.0,0.0,0.0,0.0,0.0,0.0,0.0,0.0,0.0,0.0
1,0,1.0,0.0,0.0,0.0,0.0,0.0,0.0,0.0,0.0,0.0,0.0,0.0
1,0,1.0,0.0,0.0,0.0,0.0,0.0,0.0,0.0,0.0,0.0,0.0,0.0
1,0,1.0,0.0,0.0,0.0,0.0,0.0,0.0,0.0,0.0,0.0,0.0,0.0
1,0,1.0,0.0,0.0,0.0,0.0,0.0,0.0,0.0,0.0,0.0,0.0,0.0
1,0,1.0,0.0,0.0,0.0,0.0,0.0,0.0,0.0,0.0,0.0,0.0,0.0
1,0,1.0,0.0,0.0,0.0,0.0,0.0,0.0,0.0,0.0,0.0,0.0,0.0
1,0,1.0,0.0,0.0,0.0,0.0,0.0,0.0,0.0,0.0,0.0,0.0,0.0
1,0,1.0,0.0,0.0,0.0,0.0,0.0,0.0,0.0,0.0,0.0,0.0,0.0
1,0,1.0,0.0,0.0,0.0,0.0,0.0,0.0,0.0,0.0,0.0,0.0,0.0
1,0,1.0,0.0,0.0,0.0,0.0,0.0,0.0,0.0,0.0,0.0,0.0,0.0
1,0,1.0,0.0,0.0,0.0,0.0,0.0,0.0,0.0,0.0,0.0,0.0,0.0
1,0,1.0,0.0,0.0,0.0,0.0,0.0,0.0,0.0,0.0,0.0,0.0,0.0
1,0,1.0,0.0,0.0,0.0,0.0,0.0,0.0,0.0,0.0,0.0,0.0,0.0
1,0,1.0,0.0,0.0,0.0,0.0,0.0,0.0,0.0,0.0,0.0,0.0,0.0
1,0,1.0,0.0,0.0,0.0,0.0,0.0,0.0,0.0,0.0,0.0,0.0,0.0
1,0,1.0,0.0,0.0,0.0,0.0,0.0,0.0,0.0,0.0,0.0,0.0,0.0
1,0,1.0,0.0,0.0,0.0,0.0,0.0,0.0,0.0,0.0,0.0,0.0,0.0
1,0,1.0,0.0,0.0,0.0,0.0,0.0,0.0,0.0,0.0,0.0,0.0,0.0
1,0,1.0,0.0,0.0,0.0,0.0,0.0,0.0,0.0,0.0,0.0,0.0,0.0
1,0,1.0,0.0,0.0,0.0,0.0,0.0,0.0,0.0,0.0,0.0,0.0,0.0
1,0,1.0,0.0,0.0,0.0,0.0,0.0,0.0,0.0,0.0,0.0,0.0,0.0
1,0,1.0,0.0,0.0,0.0,0.0,0.0,0.0,0.0,0.0,0.0,0.0,0.0
1,0,1.0,0.0,0.0,0.0,0.0,0.0,0.0,0.0,0.0,0.0,0.0,0.0
1,0,1.0,0.0,0.0,0.0,0.0,0.0,0.0,0.0,0.0,0.0,0.0,0.0
1,0,1.0,0.0,0.0,0.0,0.0,0.0,0.0,0.0,0.0,0.0,0.0,0.0
1,0,1.0,0.0,0.0,0.0,0.0,0.0,0.0,0.0,0.0,0.0,0.0,0.0
1,0,1.0,0.0,0.0,0.0,0.0,0.0,0.0,0.0,0.0,0.0,0.0,0.0
1,0,1.0,0.0,0.0,0.0,0.0,0.0,0.0,0.0,0.0,0.0,0.0,0.0
1,0,1.0,0.0,0.0,0.0,0.0,0.0,0.0,0.0,0.0,0.0,0.0,0.0
1,0,1.0,0.0,0.0,0.0,0.0,0.0,0.0,0.0,0.0,0.0,0.0,0.0
1,0,1.0,0.0,0.0,0.0,0.0,0.0,0.0,0.0,0.0,0.0,0.0,0.0
1,0,1.0,0.0,0.0,0.0,0.0,0.0,0.0,0.0,0.0,0.0,0.0,0.0
1,0,1.0,0.0,0.0,0.0,0.0,0.0,0.0,0.0,0.0,0.0,0.0,0.0
1,0,1.0,0.0,0.0,0.0,0.0,0.0,0.0,0.0,0.0,0.0,0.0,0.0
1,0,1.0,0.0,0.0,0.0,0.0,0.0,0.0,0.0,0.0,0.0,0.0,0.0
1,0,1.0,0.0,0.0,0.0,0.0,0.0,0.0,0.0,0.0,0.0,0.0,0.0
1,0,1.0,0.0,0.0,0.0,0.0,0.0,0.0,0.0,0.0,0.0,0.0,0.0
1,0,1.0,0.0,0.0,0.0,0.0,0.0,0.0,0.0,0.0,0.0,0.0,0.0
1,0,1.0,0.0,0.0,0.0,0.0,0.0,0.0,0.0,0.0,0.0,0.0,0.0
1,0,1.0,0.0,0.0,0.0,0.0,0.0,0.0,0.0,0.0,0.0,0.0,0.0
1,0,1.0,0.0,0.0,0.0,0.0,0.0,0.0,0.0,0.0,0.0,0.0,0.0
1,0,1.0,0.0,0.0,0.0,0.0,0.0,0.0,0.0,0.0,0.0,0.0,0.0
1,0,1.0,0.0,0.0,0.0,0.0,0.0,0.0,0.0,0.0,0.0,0.0,0.0
1,0,1.0,0.0,0.0,0.0,0.0,0.0,0.0,0.0,0.0,0.0,0.0,0.0
1,0,1.0,0.0,0.0,0.0,0.0,0.0,0.0,0.0,0.0,0.0,0.0,0.0
1,0,1.0,0.0,0.0,0.0,0.0,0.0,0.0,0.0,0.0,0.0,0.0,0.0
1,0,1.0,0.0,0.0,0.0,0.0,0.0,0.0,0.0,0.0,0.0,0.0,0.0
1,0,1.0,0.0,0.0,0.0,0.0,0.0,0.0,0.0,0.0,0.0,0.0,0.0
1,0,1.0,0.0,0.0,0.0,0.0,0.0,0.0,0.0,0.0,0.0,0.0,0.0
1,0,1.0,0.0,0.0,0.0,0.0,0.0,0.0,0.0,0.0,0.0,0.0,0.0
1,0,1.0,0.0,0.0,0.0,0.0,0.0,0.0,0.0,0.0,0.0,0.0,0.0
1,0,1.0,0.0,0.0,0.0,0.0,0.0,0.0,0.0,0.0,0.0,0.0,0.0
1,0,1.0,0.0,0.0,0.0,0.0,0.0,0.0,0.0,0.0,0.0,0.0,0.0
1,0,1.0,0.0,0.0,0.0,0.0,0.0,0.0,0.0,0.0,0.0,0.0,0.0
1,0,1.0,0.0,0.0,0.0,0.0,0.0,0.0,0.0,0.0,0.0,0.0,0.0
1,0,1.0,0.0,0.0,0.0,0.0,0.0,0.0,0.0,0.0,0.0,0.0,0.0
1,0,1.0,0.0,0.0,0.0,0.0,0.0,0.0,0.0,0.0,0.0,0.0,0.0
1,0,1.0,0.0,0.0,0.0,0.0,0.0,0.0,0.0,0.0,0.0,0.0,0.0
1,0,1.0,0.0,0.0,0.0,0.0,0.0,0.0,0.0,0.0,0.0,0.0,0.0
1,0,1.0,0.0,0.0,0.0,0.0,0.0,0.0,0.0,0.0,0.0,0.0,0.0
1,0,1.0,0.0,0.0,0.0,0.0,0.0,0.0,0.0,0.0,0.0,0.0,0.0
1,0,1.0,0.0,0.0,0.0,0.0,0.0,0.0,0.0,0.0,0.0,0.0,0.0
1,0,1.0,0.0,0.0,0.0,0.0,0.0,0.0,0.0,0.0,0.0,0.0,0.0
1,0,1.0,0.0,0.0,0.0,0.0,0.0,0.0,0.0,0.0,0.0,0.0,0.0
1,0,1.0,0.0,0.0,0.0,0.0,0.0,0.0,0.0,0.0,0.0,0.0,0.0
1,0,1.0,0.0,0.0,0.0,0.0,0.0,0.0,0.0,0.0,0.0,0.0,0.0
1,0,1.0,0.0,0.0,0.0,0.0,0.0,0.0,0.0,0.0,0.0,0.0,0.0
1,0,1.0,0.0,0.0,0.0,0.0,0.0,0.0,0.0,0.0,0.0,0.0,0.0
1,0,1.0,0.0,0.0,0.0,0.0,0.0,0.0,0.0,0.0,0.0,0.0,0.0
1,0,1.0,0.0,0.0,0.0,0.0,0.0,0.0,0.0,0.0,0.0,0.0,0.0
1,0,1.0,0.0,0.0,0.0,0.0,0.0,0.0,0.0,0.0,0.0,0.0,0.0
1,0,1.0,0.0,0.0,0.0,0.0,0.0,0.0,0.0,0.0,0.0,0.0,0.0
1,0,1.0,0.0,0.0,0.0,0.0,0.0,0.0,0.0,0.0,0.0,0.0,0.0
1,0,1.0,0.0,0.0,0.0,0.0,0.0,0.0,0.0,0.0,0.0,0.0,0.0
1,0,1.0,0.0,0.0,0.0,0.0,0.0,0.0,0.0,0.0,0.0,0.0,0.0
1,0,1.0,0.0,0.0,0.0,0.0,0.0,0.0,0.0,0.0,0.0,0.0,0.0
1,0,1.0,0.0,0.0,0.0,0.0,0.0,0.0,0.0,0.0,0.0,0.0,0.0
1,0,1.0,0.0,0.0,0.0,0.0,0.0,0.0,0.0,0.0,0.0,0.0,0.0
1,0,1.0,0.0,0.0,0.0,0.0,0.0,0.0,0.0,0.0,0.0,0.0,0.0
1,0,1.0,0.0,0.0,0.0,0.0,0.0,0.0,0.0,0.0,0.0,0.0,0.0
1,0,1.0,0.0,0.0,0.0,0.0,0.0,0.0,0.0,0.0,0.0,0.0,0.0
1,0,1.0,0.0,0.0,0.0,0.0,0.0,0.0,0.0,0.0,0.0,0.0,0.0
1,0,1.0,0.0,0.0,0.0,0.0,0.0,0.0,0.0,0.0,0.0,0.0,0.0
1,0,1.0,0.0,0.0,0.0,0.0,0.0,0.0,0.0,0.0,0.0,0.0,0.0
1,0,1.0,0.0,0.0,0.0,0.0,0.0,0.0,0.0,0.0,0.0,0.0,0.0
1,0,1.0,0.0,0.0,0.0,0.0,0.0,0.0,0.0,0.0,0.0,0.0,0.0
1,0,1.0,0.0,0.0,0.0,0.0,0.0,0.0,0.0,0.0,0.0,0.0,0.0
1,0,1.0,0.0,0.0,0.0,0.0,0.0,0.0,0.0,0.0,0.0,0.0,0.0
1,0,1.0,0.0,0.0,0.0,0.0,0.0,0.0,0.0,0.0,0.0,0.0,0.0
1,0,1.0,0.0,0.0,0.0,0.0,0.0,0.0,0.0,0.0,0.0,0.0,0.0
1,0,1.0,0.0,0.0,0.0,0.0,0.0,0.0,0.0,0.0,0.0,0.0,0.0
1,0,1.0,0.0,0.0,0.0,0.0,0.0,0.0,0.0,0.0,0.0,0.0,0.0
1,0,1.0,0.0,0.0,0.0,0.0,0.0,0.0,0.0,0.0,0.0,0.0,0.0
1,0,1.0,0.0,0.0,0.0,0.0,0.0,0.0,0.0,0.0,0.0,0.0,0.0
1,0,1.0,0.0,0.0,0.0,0.0,0.0,0.0,0.0,0.0,0.0,0.0,0.0
1,0,1.0,0.0,0.0,0.0,0.0,0.0,0.0,0.0,0.0,0.0,0.0,0.0
1,0,1.0,0.0,0.0,0.0,0.0,0.0,0.0,0.0,0.0,0.0,0.0,0.0
1,0,1.0,0.0,0.0,0.0,0.0,0.0,0.0,0.0,0.0,0.0,0.0,0.0
1,0,1.0,0.0,0.0,0.0,0.0,0.0,0.0,0.0,0.0,0.0,0.0,0.0
1,0,1.0,0.0,0.0,0.0,0.0,0.0,0.0,0.0,0.0,0.0,0.0,0.0
1,0,1.0,0.0,0.0,0.0,0.0,0.0,0.0,0.0,0.0,0.0,0.0,0.0
1,0,1.0,0.0,0.0,0.0,0.0,0.0,0.0,0.0,0.0,0.0,0.0,0.0
1,0,1.0,0.0,0.0,0.0,0.0,0.0,0.0,0.0,0.0,0.0,0.0,0.0
1,0,1.0,0.0,0.0,0.0,0.0,0.0,0.0,0.0,0.0,0.0,0.0,0.0
1,0,1.0,0.0,0.0,0.0,0.0,0.0,0.0,0.0,0.0,0.0,0.0,0.0
1,0,1.0,0.0,0.0,0.0,0.0,0.0,0.0,0.0,0.0,0.0,0.0,0.0
1,0,1.0,0.0,0.0,0.0,0.0,0.0,0.0,0.0,0.0,0.0,0.0,0.0
1,0,1.0,0.0,0.0,0.0,0.0,0.0,0.0,0.0,0.0,0.0,0.0,0.0
1,0,1.0,0.0,0.0,0.0,0.0,0.0,0.0,0.0,0.0,0.0,0.0,0.0
1,0,1.0,0.0,0.0,0.0,0.0,0.0,0.0,0.0,0.0,0.0,0.0,0.0
1,0,1.0,0.0,0.0,0.0,0.0,0.0,0.0,0.0,0.0,0.0,0.0,0.0
1,0,1.0,0.0,0.0,0.0,0.0,0.0,0.0,0.0,0.0,0.0,0.0,0.0
1,0,1.0,0.0,0.0,0.0,0.0,0.0,0.0,0.0,0.0,0.0,0.0,0.0
1,0,1.0,0.0,0.0,0.0,0.0,0.0,0.0,0.0,0.0,0.0,0.0,0.0
1,0,1.0,0.0,0.0,0.0,0.0,0.0,0.0,0.0,0.0,0.0,0.0,0.0
1,0,1.0,0.0,0.0,0.0,0.0,0.0,0.0,0.0,0.0,0.0,0.0,0.0
1,0,1.0,0.0,0.0,0.0,0.0,0.0,0.0,0.0,0.0,0.0,0.0,0.0
1,0,1.0,0.0,0.0,0.0,0.0,0.0,0.0,0.0,0.0,0.0,0.0,0.0
1,0,1.0,0.0,0.0,0.0,0.0,0.0,0.0,0.0,0.0,0.0,0.0,0.0
1,0,1.0,0.0,0.0,0.0,0.0,0.0,0.0,0.0,0.0,0.0,0.0,0.0
1,0,1.0,0.0,0.0,0.0,0.0,0.0,0.0,0.0,0.0,0.0,0.0,0.0
1,0,1.0,0.0,0.0,0.0,0.0,0.0,0.0,0.0,0.0,0.0,0.0,0.0
1,0,1.0,0.0,0.0,0.0,0.0,0.0,0.0,0.0,0.0,0.0,0.0,0.0
1,0,1.0,0.0,0.0,0.0,0.0,0.0,0.0,0.0,0.0,0.0,0.0,0.0
1,0,1.0,0.0,0.0,0.0,0.0,0.0,0.0,0.0,0.0,0.0,0.0,0.0
1,0,1.0,0.0,0.0,0.0,0.0,0.0,0.0,0.0,0.0,0.0,0.0,0.0
1,0,1.0,0.0,0.0,0.0,0.0,0.0,0.0,0.0,0.0,0.0,0.0,0.0
1,0,1.0,0.0,0.0,0.0,0.0,0.0,0.0,0.0,0.0,0.0,0.0,0.0
1,0,1.0,0.0,0.0,0.0,0.0,0.0,0.0,0.0,0.0,0.0,0.0,0.0
1,0,1.0,0.0,0.0,0.0,0.0,0.0,0.0,0.0,0.0,0.0,0.0,0.0
1,0,1.0,0.0,0.0,0.0,0.0,0.0,0.0,0.0,0.0,0.0,0.0,0.0
1,0,1.0,0.0,0.0,0.0,0.0,0.0,0.0,0.0,0.0,0.0,0.0,0.0
1,0,1.0,0.0,0.0,0.0,0.0,0.0,0.0,0.0,0.0,0.0,0.0,0.0
1,0,1.0,0.0,0.0,0.0,0.0,0.0,0.0,0.0,0.0,0.0,0.0,0.0
1,0,1.0,0.0,0.0,0.0,0.0,0.0,0.0,0.0,0.0,0.0,0.0,0.0
1,0,1.0,0.0,0.0,0.0,0.0,0.0,0.0,0.0,0.0,0.0,0.0,0.0
1,0,1.0,0.0,0.0,0.0,0.0,0.0,0.0,0.0,0.0,0.0,0.0,0.0
1,0,1.0,0.0,0.0,0.0,0.0,0.0,0.0,0.0,0.0,0.0,0.0,0.0
1,0,1.0,0.0,0.0,0.0,0.0,0.0,0.0,0.0,0.0,0.0,0.0,0.0
1,0,1.0,0.0,0.0,0.0,0.0,0.0,0.0,0.0,0.0,0.0,0.0,0.0
1,0,1.0,0.0,0.0,0.0,0.0,0.0,0.0,0.0,0.0,0.0,0.0,0.0
1,0,1.0,0.0,0.0,0.0,0.0,0.0,0.0,0.0,0.0,0.0,0.0,0.0
1,0,1.0,0.0,0.0,0.0,0.0,0.0,0.0,0.0,0.0,0.0,0.0,0.0
1,0,1.0,0.0,0.0,0.0,0.0,0.0,0.0,0.0,0.0,0.0,0.0,0.0
1,0,1.0,0.0,0.0,0.0,0.0,0.0,0.0,0.0,0.0,0.0,0.0,0.0
1,0,1.0,0.0,0.0,0.0,0.0,0.0,0.0,0.0,0.0,0.0,0.0,0.0
1,0,1.0,0.0,0.0,0.0,0.0,0.0,0.0,0.0,0.0,0.0,0.0,0.0
1,0,1.0,0.0,0.0,0.0,0.0,0.0,0.0,0.0,0.0,0.0,0.0,0.0
1,0,1.0,0.0,0.0,0.0,0.0,0.0,0.0,0.0,0.0,0.0,0.0,0.0
1,0,1.0,0.0,0.0,0.0,0.0,0.0,0.0,0.0,0.0,0.0,0.0,0.0
1,0,1.0,0.0,0.0,0.0,0.0,0.0,0.0,0.0,0.0,0.0,0.0,0.0
1,0,1.0,0.0,0.0,0.0,0.0,0.0,0.0,0.0,0.0,0.0,0.0,0.0
1,0,1.0,0.0,0.0,0.0,0.0,0.0,0.0,0.0,0.0,0.0,0.0,0.0
1,0,1.0,0.0,0.0,0.0,0.0,0.0,0.0,0.0,0.0,0.0,0.0,0.0
1,0,1.0,0.0,0.0,0.0,0.0,0.0,0.0,0.0,0.0,0.0,0.0,0.0
1,0,1.0,0.0,0.0,0.0,0.0,0.0,0.0,0.0,0.0,0.0,0.0,0.0
1,0,1.0,0.0,0.0,0.0,0.0,0.0,0.0,0.0,0.0,0.0,0.0,0.0
1,0,1.0,0.0,0.0,0.0,0.0,0.0,0.0,0.0,0.0,0.0,0.0,0.0
1,0,1.0,0.0,0.0,0.0,0.0,0.0,0.0,0.0,0.0,0.0,0.0,0.0
1,0,1.0,0.0,0.0,0.0,0.0,0.0,0.0,0.0,0.0,0.0,0.0,0.0
1,0,1.0,0.0,0.0,0.0,0.0,0.0,0.0,0.0,0.0,0.0,0.0,0.0
1,0,1.0,0.0,0.0,0.0,0.0,0.0,0.0,0.0,0.0,0.0,0.0,0.0
1,0,1.0,0.0,0.0,0.0,0.0,0.0,0.0,0.0,0.0,0.0,0.0,0.0
1,0,1.0,0.0,0.0,0.0,0.0,0.0,0.0,0.0,0.0,0.0,0.0,0.0
1,0,1.0,0.0,0.0,0.0,0.0,0.0,0.0,0.0,0.0,0.0,0.0,0.0
1,0,1.0,0.0,0.0,0.0,0.0,0.0,0.0,0.0,0.0,0.0,0.0,0.0
1,0,1.0,0.0,0.0,0.0,0.0,0.0,0.0,0.0,0.0,0.0,0.0,0.0
1,0,1.0,0.0,0.0,0.0,0.0,0.0,0.0,0.0,0.0,0.0,0.0,0.0
1,0,1.0,0.0,0.0,0.0,0.0,0.0,0.0,0.0,0.0,0.0,0.0,0.0
1,0,1.0,0.0,0.0,0.0,0.0,0.0,0.0,0.0,0.0,0.0,0.0,0.0
1,0,1.0,0.0,0.0,0.0,0.0,0.0,0.0,0.0,0.0,0.0,0.0,0.0
1,0,1.0,0.0,0.0,0.0,0.0,0.0,0.0,0.0,0.0,0.0,0.0,0.0
1,0,1.0,0.0,0.0,0.0,0.0,0.0,0.0,0.0,0.0,0.0,0.0,0.0
1,0,1.0,0.0,0.0,0.0,0.0,0.0,0.0,0.0,0.0,0.0,0.0,0.0
1,0,1.0,0.0,0.0,0.0,0.0,0.0,0.0,0.0,0.0,0.0,0.0,0.0
1,0,1.0,0.0,0.0,0.0,0.0,0.0,0.0,0.0,0.0,0.0,0.0,0.0
1,0,1.0,0.0,0.0,0.0,0.0,0.0,0.0,0.0,0.0,0.0,0.0,0.0
1,0,1.0,0.0,0.0,0.0,0.0,0.0,0.0,0.0,0.0,0.0,0.0,0.0
1,0,1.0,0.0,0.0,0.0,0.0,0.0,0.0,0.0,0.0,0.0,0.0,0.0
1,0,1.0,0.0,0.0,0.0,0.0,0.0,0.0,0.0,0.0,0.0,0.0,0.0
1,0,1.0,0.0,0.0,0.0,0.0,0.0,0.0,0.0,0.0,0.0,0.0,0.0
1,0,1.0,0.0,0.0,0.0,0.0,0.0,0.0,0.0,0.0,0.0,0.0,0.0
1,0,1.0,0.0,0.0,0.0,0.0,0.0,0.0,0.0,0.0,0.0,0.0,0.0
1,0,1.0,0.0,0.0,0.0,0.0,0.0,0.0,0.0,0.0,0.0,0.0,0.0
1,0,1.0,0.0,0.0,0.0,0.0,0.0,0.0,0.0,0.0,0.0,0.0,0.0
1,0,1.0,0.0,0.0,0.0,0.0,0.0,0.0,0.0,0.0,0.0,0.0,0.0
1,0,1.0,0.0,0.0,0.0,0.0,0.0,0.0,0.0,0.0,0.0,0.0,0.0
1,0,1.0,0.0,0.0,0.0,0.0,0.0,0.0,0.0,0.0,0.0,0.0,0.0
1,0,1.0,0.0,0.0,0.0,0.0,0.0,0.0,0.0,0.0,0.0,0.0,0.0
1,0,1.0,0.0,0.0,0.0,0.0,0.0,0.0,0.0,0.0,0.0,0.0,0.0
1,0,1.0,0.0,0.0,0.0,0.0,0.0,0.0,0.0,0.0,0.0,0.0,0.0
1,0,1.0,0.0,0.0,0.0,0.0,0.0,0.0,0.0,0.0,0.0,0.0,0.0
1,0,1.0,0.0,0.0,0.0,0.0,0.0,0.0,0.0,0.0,0.0,0.0,0.0
1,0,1.0,0.0,0.0,0.0,0.0,0.0,0.0,0.0,0.0,0.0,0.0,0.0
1,0,1.0,0.0,0.0,0.0,0.0,0.0,0.0,0.0,0.0,0.0,0.0,0.0
1,0,1.0,0.0,0.0,0.0,0.0,0.0,0.0,0.0,0.0,0.0,0.0,0.0
1,0,1.0,0.0,0.0,0.0,0.0,0.0,0.0,0.0,0.0,0.0,0.0,0.0
1,0,1.0,0.0,0.0,0.0,0.0,0.0,0.0,0.0,0.0,0.0,0.0,0.0
1,0,1.0,0.0,0.0,0.0,0.0,0.0,0.0,0.0,0.0,0.0,0.0,0.0
1,0,1.0,0.0,0.0,0.0,0.0,0.0,0.0,0.0,0.0,0.0,0.0,0.0
1,0,1.0,0.0,0.0,0.0,0.0,0.0,0.0,0.0,0.0,0.0,0.0,0.0
1,0,1.0,0.0,0.0,0.0,0.0,0.0,0.0,0.0,0.0,0.0,0.0,0.0
1,0,1.0,0.0,0.0,0.0,0.0,0.0,0.0,0.0,0.0,0.0,0.0,0.0
1,0,1.0,0.0,0.0,0.0,0.0,0.0,0.0,0.0,0.0,0.0,0.0,0.0
1,0,1.0,0.0,0.0,0.0,0.0,0.0,0.0,0.0,0.0,0.0,0.0,0.0
1,0,1.0,0.0,0.0,0.0,0.0,0.0,0.0,0.0,0.0,0.0,0.0,0.0
1,0,1.0,0.0,0.0,0.0,0.0,0.0,0.0,0.0,0.0,0.0,0.0,0.0
1,0,1.0,0.0,0.0,0.0,0.0,0.0,0.0,0.0,0.0,0.0,0.0,0.0
1,0,1.0,0.0,0.0,0.0,0.0,0.0,0.0,0.0,0.0,0.0,0.0,0.0
1,0,1.0,0.0,0.0,0.0,0.0,0.0,0.0,0.0,0.0,0.0,0.0,0.0
1,0,1.0,0.0,0.0,0.0,0.0,0.0,0.0,0.0,0.0,0.0,0.0,0.0
1,0,1.0,0.0,0.0,0.0,0.0,0.0,0.0,0.0,0.0,0.0,0.0,0.0
1,0,1.0,0.0,0.0,0.0,0.0,0.0,0.0,0.0,0.0,0.0,0.0,0.0
1,0,1.0,0.0,0.0,0.0,0.0,0.0,0.0,0.0,0.0,0.0,0.0,0.0
1,0,1.0,0.0,0.0,0.0,0.0,0.0,0.0,0.0,0.0,0.0,0.0,0.0
1,0,1.0,0.0,0.0,0.0,0.0,0.0,0.0,0.0,0.0,0.0,0.0,0.0
1,0,1.0,0.0,0.0,0.0,0.0,0.0,0.0,0.0,0.0,0.0,0.0,0.0
1,0,1.0,0.0,0.0,0.0,0.0,0.0,0.0,0.0,0.0,0.0,0.0,0.0
1,0,1.0,0.0,0.0,0.0,0.0,0.0,0.0,0.0,0.0,0.0,0.0,0.0
1,0,1.0,0.0,0.0,0.0,0.0,0.0,0.0,0.0,0.0,0.0,0.0,0.0
1,0,1.0,0.0,0.0,0.0,0.0,0.0,0.0,0.0,0.0,0.0,0.0,0.0
1,0,1.0,0.0,0.0,0.0,0.0,0.0,0.0,0.0,0.0,0.0,0.0,0.0
1,0,1.0,0.0,0.0,0.0,0.0,0.0,0.0,0.0,0.0,0.0,0.0,0.0
1,0,1.0,0.0,0.0,0.0,0.0,0.0,0.0,0.0,0.0,0.0,0.0,0.0
1,0,1.0,0.0,0.0,0.0,0.0,0.0,0.0,0.0,0.0,0.0,0.0,0.0
1,0,1.0,0.0,0.0,0.0,0.0,0.0,0.0,0.0,0.0,0.0,0.0,0.0
1,0,1.0,0.0,0.0,0.0,0.0,0.0,0.0,0.0,0.0,0.0,0.0,0.0
1,0,1.0,0.0,0.0,0.0,0.0,0.0,0.0,0.0,0.0,0.0,0.0,0.0
1,0,1.0,0.0,0.0,0.0,0.0,0.0,0.0,0.0,0.0,0.0,0.0,0.0
1,0,1.0,0.0,0.0,0.0,0.0,0.0,0.0,0.0,0.0,0.0,0.0,0.0
1,0,1.0,0.0,0.0,0.0,0.0,0.0,0.0,0.0,0.0,0.0,0.0,0.0
1,0,1.0,0.0,0.0,0.0,0.0,0.0,0.0,0.0,0.0,0.0,0.0,0.0
1,0,1.0,0.0,0.0,0.0,0.0,0.0,0.0,0.0,0.0,0.0,0.0,0.0
1,0,1.0,0.0,0.0,0.0,0.0,0.0,0.0,0.0,0.0,0.0,0.0,0.0
1,0,1.0,0.0,0.0,0.0,0.0,0.0,0.0,0.0,0.0,0.0,0.0,0.0
1,0,1.0,0.0,0.0,0.0,0.0,0.0,0.0,0.0,0.0,0.0,0.0,0.0
1,0,1.0,0.0,0.0,0.0,0.0,0.0,0.0,0.0,0.0,0.0,0.0,0.0
1,0,1.0,0.0,0.0,0.0,0.0,0.0,0.0,0.0,0.0,0.0,0.0,0.0
1,0,1.0,0.0,0.0,0.0,0.0,0.0,0.0,0.0,0.0,0.0,0.0,0.0
1,0,1.0,0.0,0.0,0.0,0.0,0.0,0.0,0.0,0.0,0.0,0.0,0.0
1,0,1.0,0.0,0.0,0.0,0.0,0.0,0.0,0.0,0.0,0.0,0.0,0.0
1,0,1.0,0.0,0.0,0.0,0.0,0.0,0.0,0.0,0.0,0.0,0.0,0.0
1,0,1.0,0.0,0.0,0.0,0.0,0.0,0.0,0.0,0.0,0.0,0.0,0.0
1,0,1.0,0.0,0.0,0.0,0.0,0.0,0.0,0.0,0.0,0.0,0.0,0.0
1,0,1.0,0.0,0.0,0.0,0.0,0.0,0.0,0.0,0.0,0.0,0.0,0.0
1,0,1.0,0.0,0.0,0.0,0.0,0.0,0.0,0.0,0.0,0.0,0.0,0.0
1,0,1.0,0.0,0.0,0.0,0.0,0.0,0.0,0.0,0.0,0.0,0.0,0.0
1,0,1.0,0.0,0.0,0.0,0.0,0.0,0.0,0.0,0.0,0.0,0.0,0.0
1,0,1.0,0.0,0.0,0.0,0.0,0.0,0.0,0.0,0.0,0.0,0.0,0.0
1,0,1.0,0.0,0.0,0.0,0.0,0.0,0.0,0.0,0.0,0.0,0.0,0.0
1,0,1.0,0.0,0.0,0.0,0.0,0.0,0.0,0.0,0.0,0.0,0.0,0.0
1,0,1.0,0.0,0.0,0.0,0.0,0.0,0.0,0.0,0.0,0.0,0.0,0.0
1,0,1.0,0.0,0.0,0.0,0.0,0.0,0.0,0.0,0.0,0.0,0.0,0.0
1,0,1.0,0.0,0.0,0.0,0.0,0.0,0.0,0.0,0.0,0.0,0.0,0.0
1,0,1.0,0.0,0.0,0.0,0.0,0.0,0.0,0.0,0.0,0.0,0.0,0.0
1,0,1.0,0.0,0.0,0.0,0.0,0.0,0.0,0.0,0.0,0.0,0.0,0.0
1,0,1.0,0.0,0.0,0.0,0.0,0.0,0.0,0.0,0.0,0.0,0.0,0.0
1,0,1.0,0.0,0.0,0.0,0.0,0.0,0.0,0.0,0.0,0.0,0.0,0.0
1,0,1.0,0.0,0.0,0.0,0.0,0.0,0.0,0.0,0.0,0.0,0.0,0.0
1,0,1.0,0.0,0.0,0.0,0.0,0.0,0.0,0.0,0.0,0.0,0.0,0.0
1,0,1.0,0.0,0.0,0.0,0.0,0.0,0.0,0.0,0.0,0.0,0.0,0.0
1,0,1.0,0.0,0.0,0.0,0.0,0.0,0.0,0.0,0.0,0.0,0.0,0.0
1,0,1.0,0.0,0.0,0.0,0.0,0.0,0.0,0.0,0.0,0.0,0.0,0.0
1,0,1.0,0.0,0.0,0.0,0.0,0.0,0.0,0.0,0.0,0.0,0.0,0.0
1,0,1.0,0.0,0.0,0.0,0.0,0.0,0.0,0.0,0.0,0.0,0.0,0.0
1,0,1.0,0.0,0.0,0.0,0.0,0.0,0.0,0.0,0.0,0.0,0.0,0.0
1,0,1.0,0.0,0.0,0.0,0.0,0.0,0.0,0.0,0.0,0.0,0.0,0.0
1,0,1.0,0.0,0.0,0.0,0.0,0.0,0.0,0.0,0.0,0.0,0.0,0.0
1,0,1.0,0.0,0.0,0.0,0.0,0.0,0.0,0.0,0.0,0.0,0.0,0.0
1,0,1.0,0.0,0.0,0.0,0.0,0.0,0.0,0.0,0.0,0.0,0.0,0.0
1,0,1.0,0.0,0.0,0.0,0.0,0.0,0.0,0.0,0.0,0.0,0.0,0.0
1,0,1.0,0.0,0.0,0.0,0.0,0.0,0.0,0.0,0.0,0.0,0.0,0.0
1,0,1.0,0.0,0.0,0.0,0.0,0.0,0.0,0.0,0.0,0.0,0.0,0.0
1,0,1.0,0.0,0.0,0.0,0.0,0.0,0.0,0.0,0.0,0.0,0.0,0.0
1,0,1.0,0.0,0.0,0.0,0.0,0.0,0.0,0.0,0.0,0.0,0.0,0.0
1,0,1.0,0.0,0.0,0.0,0.0,0.0,0.0,0.0,0.0,0.0,0.0,0.0
1,0,1.0,0.0,0.0,0.0,0.0,0.0,0.0,0.0,0.0,0.0,0.0,0.0
1,0,1.0,0.0,0.0,0.0,0.0,0.0,0.0,0.0,0.0,0.0,0.0,0.0
1,0,1.0,0.0,0.0,0.0,0.0,0.0,0.0,0.0,0.0,0.0,0.0,0.0
1,0,1.0,0.0,0.0,0.0,0.0,0.0,0.0,0.0,0.0,0.0,0.0,0.0
1,0,1.0,0.0,0.0,0.0,0.0,0.0,0.0,0.0,0.0,0.0,0.0,0.0
1,0,1.0,0.0,0.0,0.0,0.0,0.0,0.0,0.0,0.0,0.0,0.0,0.0
1,0,1.0,0.0,0.0,0.0,0.0,0.0,0.0,0.0,0.0,0.0,0.0,0.0
1,0,1.0,0.0,0.0,0.0,0.0,0.0,0.0,0.0,0.0,0.0,0.0,0.0
1,0,1.0,0.0,0.0,0.0,0.0,0.0,0.0,0.0,0.0,0.0,0.0,0.0
1,0,1.0,0.0,0.0,0.0,0.0,0.0,0.0,0.0,0.0,0.0,0.0,0.0
1,0,1.0,0.0,0.0,0.0,0.0,0.0,0.0,0.0,0.0,0.0,0.0,0.0
1,0,1.0,0.0,0.0,0.0,0.0,0.0,0.0,0.0,0.0,0.0,0.0,0.0
1,0,1.0,0.0,0.0,0.0,0.0,0.0,0.0,0.0,0.0,0.0,0.0,0.0
1,0,1.0,0.0,0.0,0.0,0.0,0.0,0.0,0.0,0.0,0.0,0.0,0.0
1,0,1.0,0.0,0.0,0.0,0.0,0.0,0.0,0.0,0.0,0.0,0.0,0.0
1,0,1.0,0.0,0.0,0.0,0.0,0.0,0.0,0.0,0.0,0.0,0.0,0.0
1,0,1.0,0.0,0.0,0.0,0.0,0.0,0.0,0.0,0.0,0.0,0.0,0.0
1,0,1.0,0.0,0.0,0.0,0.0,0.0,0.0,0.0,0.0,0.0,0.0,0.0
1,0,1.0,0.0,0.0,0.0,0.0,0.0,0.0,0.0,0.0,0.0,0.0,0.0
1,0,1.0,0.0,0.0,0.0,0.0,0.0,0.0,0.0,0.0,0.0,0.0,0.0
1,0,1.0,0.0,0.0,0.0,0.0,0.0,0.0,0.0,0.0,0.0,0.0,0.0
1,0,1.0,0.0,0.0,0.0,0.0,0.0,0.0,0.0,0.0,0.0,0.0,0.0
1,0,1.0,0.0,0.0,0.0,0.0,0.0,0.0,0.0,0.0,0.0,0.0,0.0
1,0,1.0,0.0,0.0,0.0,0.0,0.0,0.0,0.0,0.0,0.0,0.0,0.0
1,0,1.0,0.0,0.0,0.0,0.0,0.0,0.0,0.0,0.0,0.0,0.0,0.0
1,0,1.0,0.0,0.0,0.0,0.0,0.0,0.0,0.0,0.0,0.0,0.0,0.0
1,0,1.0,0.0,0.0,0.0,0.0,0.0,0.0,0.0,0.0,0.0,0.0,0.0
1,0,1.0,0.0,0.0,0.0,0.0,0.0,0.0,0.0,0.0,0.0,0.0,0.0
1,0,1.0,0.0,0.0,0.0,0.0,0.0,0.0,0.0,0.0,0.0,0.0,0.0
1,0,1.0,0.0,0.0,0.0,0.0,0.0,0.0,0.0,0.0,0.0,0.0,0.0
1,0,1.0,0.0,0.0,0.0,0.0,0.0,0.0,0.0,0.0,0.0,0.0,0.0
1,0,1.0,0.0,0.0,0.0,0.0,0.0,0.0,0.0,0.0,0.0,0.0,0.0
1,0,1.0,0.0,0.0,0.0,0.0,0.0,0.0,0.0,0.0,0.0,0.0,0.0
1,0,1.0,0.0,0.0,0.0,0.0,0.0,0.0,0.0,0.0,0.0,0.0,0.0
1,0,1.0,0.0,0.0,0.0,0.0,0.0,0.0,0.0,0.0,0.0,0.0,0.0
1,0,1.0,0.0,0.0,0.0,0.0,0.0,0.0,0.0,0.0,0.0,0.0,0.0
1,0,1.0,0.0,0.0,0.0,0.0,0.0,0.0,0.0,0.0,0.0,0.0,0.0
1,0,1.0,0.0,0.0,0.0,0.0,0.0,0.0,0.0,0.0,0.0,0.0,0.0
1,0,1.0,0.0,0.0,0.0,0.0,0.0,0.0,0.0,0.0,0.0,0.0,0.0
1,0,1.0,0.0,0.0,0.0,0.0,0.0,0.0,0.0,0.0,0.0,0.0,0.0
1,0,1.0,0.0,0.0,0.0,0.0,0.0,0.0,0.0,0.0,0.0,0.0,0.0
1,0,1.0,0.0,0.0,0.0,0.0,0.0,0.0,0.0,0.0,0.0,0.0,0.0
1,0,1.0,0.0,0.0,0.0,0.0,0.0,0.0,0.0,0.0,0.0,0.0,0.0
1,0,1.0,0.0,0.0,0.0,0.0,0.0,0.0,0.0,0.0,0.0,0.0,0.0
1,0,1.0,0.0,0.0,0.0,0.0,0.0,0.0,0.0,0.0,0.0,0.0,0.0
1,0,1.0,0.0,0.0,0.0,0.0,0.0,0.0,0.0,0.0,0.0,0.0,0.0
1,0,1.0,0.0,0.0,0.0,0.0,0.0,0.0,0.0,0.0,0.0,0.0,0.0
1,0,1.0,0.0,0.0,0.0,0.0,0.0,0.0,0.0,0.0,0.0,0.0,0.0
1,0,1.0,0.0,0.0,0.0,0.0,0.0,0.0,0.0,0.0,0.0,0.0,0.0
1,0,1.0,0.0,0.0,0.0,0.0,0.0,0.0,0.0,0.0,0.0,0.0,0.0
1,0,1.0,0.0,0.0,0.0,0.0,0.0,0.0,0.0,0.0,0.0,0.0,0.0
1,0,1.0,0.0,0.0,0.0,0.0,0.0,0.0,0.0,0.0,0.0,0.0,0.0
1,0,1.0,0.0,0.0,0.0,0.0,0.0,0.0,0.0,0.0,0.0,0.0,0.0
1,0,1.0,0.0,0.0,0.0,0.0,0.0,0.0,0.0,0.0,0.0,0.0,0.0
1,0,1.0,0.0,0.0,0.0,0.0,0.0,0.0,0.0,0.0,0.0,0.0,0.0
1,0,1.0,0.0,0.0,0.0,0.0,0.0,0.0,0.0,0.0,0.0,0.0,0.0
1,0,1.0,0.0,0.0,0.0,0.0,0.0,0.0,0.0,0.0,0.0,0.0,0.0
1,0,1.0,0.0,0.0,0.0,0.0,0.0,0.0,0.0,0.0,0.0,0.0,0.0
1,0,1.0,0.0,0.0,0.0,0.0,0.0,0.0,0.0,0.0,0.0,0.0,0.0
1,0,1.0,0.0,0.0,0.0,0.0,0.0,0.0,0.0,0.0,0.0,0.0,0.0
1,0,1.0,0.0,0.0,0.0,0.0,0.0,0.0,0.0,0.0,0.0,0.0,0.0
1,0,1.0,0.0,0.0,0.0,0.0,0.0,0.0,0.0,0.0,0.0,0.0,0.0
1,0,1.0,0.0,0.0,0.0,0.0,0.0,0.0,0.0,0.0,0.0,0.0,0.0
1,0,1.0,0.0,0.0,0.0,0.0,0.0,0.0,0.0,0.0,0.0,0.0,0.0
1,0,1.0,0.0,0.0,0.0,0.0,0.0,0.0,0.0,0.0,0.0,0.0,0.0
1,0,1.0,0.0,0.0,0.0,0.0,0.0,0.0,0.0,0.0,0.0,0.0,0.0
1,0,1.0,0.0,0.0,0.0,0.0,0.0,0.0,0.0,0.0,0.0,0.0,0.0
1,0,1.0,0.0,0.0,0.0,0.0,0.0,0.0,0.0,0.0,0.0,0.0,0.0
1,0,1.0,0.0,0.0,0.0,0.0,0.0,0.0,0.0,0.0,0.0,0.0,0.0
1,0,1.0,0.0,0.0,0.0,0.0,0.0,0.0,0.0,0.0,0.0,0.0,0.0
1,0,1.0,0.0,0.0,0.0,0.0,0.0,0.0,0.0,0.0,0.0,0.0,0.0
1,0,1.0,0.0,0.0,0.0,0.0,0.0,0.0,0.0,0.0,0.0,0.0,0.0
1,0,1.0,0.0,0.0,0.0,0.0,0.0,0.0,0.0,0.0,0.0,0.0,0.0
1,0,1.0,0.0,0.0,0.0,0.0,0.0,0.0,0.0,0.0,0.0,0.0,0.0
1,0,1.0,0.0,0.0,0.0,0.0,0.0,0.0,0.0,0.0,0.0,0.0,0.0
1,0,1.0,0.0,0.0,0.0,0.0,0.0,0.0,0.0,0.0,0.0,0.0,0.0
1,0,1.0,0.0,0.0,0.0,0.0,0.0,0.0,0.0,0.0,0.0,0.0,0.0
1,0,1.0,0.0,0.0,0.0,0.0,0.0,0.0,0.0,0.0,0.0,0.0,0.0
1,0,1.0,0.0,0.0,0.0,0.0,0.0,0.0,0.0,0.0,0.0,0.0,0.0
1,0,1.0,0.0,0.0,0.0,0.0,0.0,0.0,0.0,0.0,0.0,0.0,0.0
1,0,1.0,0.0,0.0,0.0,0.0,0.0,0.0,0.0,0.0,0.0,0.0,0.0
1,0,1.0,0.0,0.0,0.0,0.0,0.0,0.0,0.0,0.0,0.0,0.0,0.0
1,0,1.0,0.0,0.0,0.0,0.0,0.0,0.0,0.0,0.0,0.0,0.0,0.0
1,0,1.0,0.0,0.0,0.0,0.0,0.0,0.0,0.0,0.0,0.0,0.0,0.0
1,0,1.0,0.0,0.0,0.0,0.0,0.0,0.0,0.0,0.0,0.0,0.0,0.0
1,0,1.0,0.0,0.0,0.0,0.0,0.0,0.0,0.0,0.0,0.0,0.0,0.0
1,0,1.0,0.0,0.0,0.0,0.0,0.0,0.0,0.0,0.0,0.0,0.0,0.0
1,0,1.0,0.0,0.0,0.0,0.0,0.0,0.0,0.0,0.0,0.0,0.0,0.0
1,0,1.0,0.0,0.0,0.0,0.0,0.0,0.0,0.0,0.0,0.0,0.0,0.0
1,0,1.0,0.0,0.0,0.0,0.0,0.0,0.0,0.0,0.0,0.0,0.0,0.0
1,0,1.0,0.0,0.0,0.0,0.0,0.0,0.0,0.0,0.0,0.0,0.0,0.0
1,0,1.0,0.0,0.0,0.0,0.0,0.0,0.0,0.0,0.0,0.0,0.0,0.0
1,0,1.0,0.0,0.0,0.0,0.0,0.0,0.0,0.0,0.0,0.0,0.0,0.0
1,0,1.0,0.0,0.0,0.0,0.0,0.0,0.0,0.0,0.0,0.0,0.0,0.0
1,0,1.0,0.0,0.0,0.0,0.0,0.0,0.0,0.0,0.0,0.0,0.0,0.0
1,0,1.0,0.0,0.0,0.0,0.0,0.0,0.0,0.0,0.0,0.0,0.0,0.0
1,0,1.0,0.0,0.0,0.0,0.0,0.0,0.0,0.0,0.0,0.0,0.0,0.0
1,0,1.0,0.0,0.0,0.0,0.0,0.0,0.0,0.0,0.0,0.0,0.0,0.0
1,0,1.0,0.0,0.0,0.0,0.0,0.0,0.0,0.0,0.0,0.0,0.0,0.0
1,0,1.0,0.0,0.0,0.0,0.0,0.0,0.0,0.0,0.0,0.0,0.0,0.0
1,0,1.0,0.0,0.0,0.0,0.0,0.0,0.0,0.0,0.0,0.0,0.0,0.0
1,0,1.0,0.0,0.0,0.0,0.0,0.0,0.0,0.0,0.0,0.0,0.0,0.0
1,0,1.0,0.0,0.0,0.0,0.0,0.0,0.0,0.0,0.0,0.0,0.0,0.0
1,0,1.0,0.0,0.0,0.0,0.0,0.0,0.0,0.0,0.0,0.0,0.0,0.0
1,0,1.0,0.0,0.0,0.0,0.0,0.0,0.0,0.0,0.0,0.0,0.0,0.0
1,0,1.0,0.0,0.0,0.0,0.0,0.0,0.0,0.0,0.0,0.0,0.0,0.0
1,0,1.0,0.0,0.0,0.0,0.0,0.0,0.0,0.0,0.0,0.0,0.0,0.0
1,0,1.0,0.0,0.0,0.0,0.0,0.0,0.0,0.0,0.0,0.0,0.0,0.0
1,0,1.0,0.0,0.0,0.0,0.0,0.0,0.0,0.0,0.0,0.0,0.0,0.0
1,0,1.0,0.0,0.0,0.0,0.0,0.0,0.0,0.0,0.0,0.0,0.0,0.0
1,0,1.0,0.0,0.0,0.0,0.0,0.0,0.0,0.0,0.0,0.0,0.0,0.0
1,0,1.0,0.0,0.0,0.0,0.0,0.0,0.0,0.0,0.0,0.0,0.0,0.0
1,0,1.0,0.0,0.0,0.0,0.0,0.0,0.0,0.0,0.0,0.0,0.0,0.0
1,0,1.0,0.0,0.0,0.0,0.0,0.0,0.0,0.0,0.0,0.0,0.0,0.0
1,0,1.0,0.0,0.0,0.0,0.0,0.0,0.0,0.0,0.0,0.0,0.0,0.0
1,0,1.0,0.0,0.0,0.0,0.0,0.0,0.0,0.0,0.0,0.0,0.0,0.0
1,0,1.0,0.0,0.0,0.0,0.0,0.0,0.0,0.0,0.0,0.0,0.0,0.0
1,0,1.0,0.0,0.0,0.0,0.0,0.0,0.0,0.0,0.0,0.0,0.0,0.0
1,0,1.0,0.0,0.0,0.0,0.0,0.0,0.0,0.0,0.0,0.0,0.0,0.0
1,0,1.0,0.0,0.0,0.0,0.0,0.0,0.0,0.0,0.0,0.0,0.0,0.0
1,0,1.0,0.0,0.0,0.0,0.0,0.0,0.0,0.0,0.0,0.0,0.0,0.0
1,0,1.0,0.0,0.0,0.0,0.0,0.0,0.0,0.0,0.0,0.0,0.0,0.0
1,0,1.0,0.0,0.0,0.0,0.0,0.0,0.0,0.0,0.0,0.0,0.0,0.0
1,0,1.0,0.0,0.0,0.0,0.0,0.0,0.0,0.0,0.0,0.0,0.0,0.0
1,0,1.0,0.0,0.0,0.0,0.0,0.0,0.0,0.0,0.0,0.0,0.0,0.0
1,0,1.0,0.0,0.0,0.0,0.0,0.0,0.0,0.0,0.0,0.0,0.0,0.0
1,0,1.0,0.0,0.0,0.0,0.0,0.0,0.0,0.0,0.0,0.0,0.0,0.0
1,0,1.0,0.0,0.0,0.0,0.0,0.0,0.0,0.0,0.0,0.0,0.0,0.0
1,0,1.0,0.0,0.0,0.0,0.0,0.0,0.0,0.0,0.0,0.0,0.0,0.0
1,0,1.0,0.0,0.0,0.0,0.0,0.0,0.0,0.0,0.0,0.0,0.0,0.0
1,0,1.0,0.0,0.0,0.0,0.0,0.0,0.0,0.0,0.0,0.0,0.0,0.0
1,0,1.0,0.0,0.0,0.0,0.0,0.0,0.0,0.0,0.0,0.0,0.0,0.0
1,0,1.0,0.0,0.0,0.0,0.0,0.0,0.0,0.0,0.0,0.0,0.0,0.0
1,0,1.0,0.0,0.0,0.0,0.0,0.0,0.0,0.0,0.0,0.0,0.0,0.0
1,0,1.0,0.0,0.0,0.0,0.0,0.0,0.0,0.0,0.0,0.0,0.0,0.0
1,0,1.0,0.0,0.0,0.0,0.0,0.0,0.0,0.0,0.0,0.0,0.0,0.0
1,0,1.0,0.0,0.0,0.0,0.0,0.0,0.0,0.0,0.0,0.0,0.0,0.0
1,0,1.0,0.0,0.0,0.0,0.0,0.0,0.0,0.0,0.0,0.0,0.0,0.0
1,0,1.0,0.0,0.0,0.0,0.0,0.0,0.0,0.0,0.0,0.0,0.0,0.0
1,0,1.0,0.0,0.0,0.0,0.0,0.0,0.0,0.0,0.0,0.0,0.0,0.0
1,0,1.0,0.0,0.0,0.0,0.0,0.0,0.0,0.0,0.0,0.0,0.0,0.0
1,0,1.0,0.0,0.0,0.0,0.0,0.0,0.0,0.0,0.0,0.0,0.0,0.0
1,0,1.0,0.0,0.0,0.0,0.0,0.0,0.0,0.0,0.0,0.0,0.0,0.0
1,0,1.0,0.0,0.0,0.0,0.0,0.0,0.0,0.0,0.0,0.0,0.0,0.0
1,0,1.0,0.0,0.0,0.0,0.0,0.0,0.0,0.0,0.0,0.0,0.0,0.0
1,0,1.0,0.0,0.0,0.0,0.0,0.0,0.0,0.0,0.0,0.0,0.0,0.0
1,0,1.0,0.0,0.0,0.0,0.0,0.0,0.0,0.0,0.0,0.0,0.0,0.0
1,0,1.0,0.0,0.0,0.0,0.0,0.0,0.0,0.0,0.0,0.0,0.0,0.0
1,0,1.0,0.0,0.0,0.0,0.0,0.0,0.0,0.0,0.0,0.0,0.0,0.0
1,0,1.0,0.0,0.0,0.0,0.0,0.0,0.0,0.0,0.0,0.0,0.0,0.0
1,0,1.0,0.0,0.0,0.0,0.0,0.0,0.0,0.0,0.0,0.0,0.0,0.0
1,0,1.0,0.0,0.0,0.0,0.0,0.0,0.0,0.0,0.0,0.0,0.0,0.0
1,0,1.0,0.0,0.0,0.0,0.0,0.0,0.0,0.0,0.0,0.0,0.0,0.0
1,0,1.0,0.0,0.0,0.0,0.0,0.0,0.0,0.0,0.0,0.0,0.0,0.0
1,0,1.0,0.0,0.0,0.0,0.0,0.0,0.0,0.0,0.0,0.0,0.0,0.0
1,0,1.0,0.0,0.0,0.0,0.0,0.0,0.0,0.0,0.0,0.0,0.0,0.0
1,0,1.0,0.0,0.0,0.0,0.0,0.0,0.0,0.0,0.0,0.0,0.0,0.0
1,0,1.0,0.0,0.0,0.0,0.0,0.0,0.0,0.0,0.0,0.0,0.0,0.0
1,0,1.0,0.0,0.0,0.0,0.0,0.0,0.0,0.0,0.0,0.0,0.0,0.0
1,0,1.0,0.0,0.0,0.0,0.0,0.0,0.0,0.0,0.0,0.0,0.0,0.0
1,0,1.0,0.0,0.0,0.0,0.0,0.0,0.0,0.0,0.0,0.0,0.0,0.0
1,0,1.0,0.0,0.0,0.0,0.0,0.0,0.0,0.0,0.0,0.0,0.0,0.0
1,0,1.0,0.0,0.0,0.0,0.0,0.0,0.0,0.0,0.0,0.0,0.0,0.0
1,0,1.0,0.0,0.0,0.0,0.0,0.0,0.0,0.0,0.0,0.0,0.0,0.0
1,0,1.0,0.0,0.0,0.0,0.0,0.0,0.0,0.0,0.0,0.0,0.0,0.0
1,0,1.0,0.0,0.0,0.0,0.0,0.0,0.0,0.0,0.0,0.0,0.0,0.0
1,0,1.0,0.0,0.0,0.0,0.0,0.0,0.0,0.0,0.0,0.0,0.0,0.0
1,0,1.0,0.0,0.0,0.0,0.0,0.0,0.0,0.0,0.0,0.0,0.0,0.0
1,0,1.0,0.0,0.0,0.0,0.0,0.0,0.0,0.0,0.0,0.0,0.0,0.0
1,0,1.0,0.0,0.0,0.0,0.0,0.0,0.0,0.0,0.0,0.0,0.0,0.0
1,0,1.0,0.0,0.0,0.0,0.0,0.0,0.0,0.0,0.0,0.0,0.0,0.0
1,0,1.0,0.0,0.0,0.0,0.0,0.0,0.0,0.0,0.0,0.0,0.0,0.0
1,0,1.0,0.0,0.0,0.0,0.0,0.0,0.0,0.0,0.0,0.0,0.0,0.0
1,0,1.0,0.0,0.0,0.0,0.0,0.0,0.0,0.0,0.0,0.0,0.0,0.0
1,0,1.0,0.0,0.0,0.0,0.0,0.0,0.0,0.0,0.0,0.0,0.0,0.0
1,0,1.0,0.0,0.0,0.0,0.0,0.0,0.0,0.0,0.0,0.0,0.0,0.0
1,0,1.0,0.0,0.0,0.0,0.0,0.0,0.0,0.0,0.0,0.0,0.0,0.0
1,0,1.0,0.0,0.0,0.0,0.0,0.0,0.0,0.0,0.0,0.0,0.0,0.0
1,0,1.0,0.0,0.0,0.0,0.0,0.0,0.0,0.0,0.0,0.0,0.0,0.0
1,0,1.0,0.0,0.0,0.0,0.0,0.0,0.0,0.0,0.0,0.0,0.0,0.0
1,0,1.0,0.0,0.0,0.0,0.0,0.0,0.0,0.0,0.0,0.0,0.0,0.0
1,0,1.0,0.0,0.0,0.0,0.0,0.0,0.0,0.0,0.0,0.0,0.0,0.0
1,0,1.0,0.0,0.0,0.0,0.0,0.0,0.0,0.0,0.0,0.0,0.0,0.0
1,0,1.0,0.0,0.0,0.0,0.0,0.0,0.0,0.0,0.0,0.0,0.0,0.0
1,0,1.0,0.0,0.0,0.0,0.0,0.0,0.0,0.0,0.0,0.0,0.0,0.0
1,0,1.0,0.0,0.0,0.0,0.0,0.0,0.0,0.0,0.0,0.0,0.0,0.0
1,0,1.0,0.0,0.0,0.0,0.0,0.0,0.0,0.0,0.0,0.0,0.0,0.0
1,0,1.0,0.0,0.0,0.0,0.0,0.0,0.0,0.0,0.0,0.0,0.0,0.0
1,0,1.0,0.0,0.0,0.0,0.0,0.0,0.0,0.0,0.0,0.0,0.0,0.0
1,0,1.0,0.0,0.0,0.0,0.0,0.0,0.0,0.0,0.0,0.0,0.0,0.0
1,0,1.0,0.0,0.0,0.0,0.0,0.0,0.0,0.0,0.0,0.0,0.0,0.0
1,0,1.0,0.0,0.0,0.0,0.0,0.0,0.0,0.0,0.0,0.0,0.0,0.0
1,0,1.0,0.0,0.0,0.0,0.0,0.0,0.0,0.0,0.0,0.0,0.0,0.0
1,0,1.0,0.0,0.0,0.0,0.0,0.0,0.0,0.0,0.0,0.0,0.0,0.0
1,0,1.0,0.0,0.0,0.0,0.0,0.0,0.0,0.0,0.0,0.0,0.0,0.0
1,0,1.0,0.0,0.0,0.0,0.0,0.0,0.0,0.0,0.0,0.0,0.0,0.0
1,0,1.0,0.0,0.0,0.0,0.0,0.0,0.0,0.0,0.0,0.0,0.0,0.0
1,0,1.0,0.0,0.0,0.0,0.0,0.0,0.0,0.0,0.0,0.0,0.0,0.0
1,0,1.0,0.0,0.0,0.0,0.0,0.0,0.0,0.0,0.0,0.0,0.0,0.0
1,0,1.0,0.0,0.0,0.0,0.0,0.0,0.0,0.0,0.0,0.0,0.0,0.0
1,0,1.0,0.0,0.0,0.0,0.0,0.0,0.0,0.0,0.0,0.0,0.0,0.0
1,0,1.0,0.0,0.0,0.0,0.0,0.0,0.0,0.0,0.0,0.0,0.0,0.0
1,0,1.0,0.0,0.0,0.0,0.0,0.0,0.0,0.0,0.0,0.0,0.0,0.0
1,0,1.0,0.0,0.0,0.0,0.0,0.0,0.0,0.0,0.0,0.0,0.0,0.0
1,0,1.0,0.0,0.0,0.0,0.0,0.0,0.0,0.0,0.0,0.0,0.0,0.0
1,0,1.0,0.0,0.0,0.0,0.0,0.0,0.0,0.0,0.0,0.0,0.0,0.0
1,0,1.0,0.0,0.0,0.0,0.0,0.0,0.0,0.0,0.0,0.0,0.0,0.0
1,0,1.0,0.0,0.0,0.0,0.0,0.0,0.0,0.0,0.0,0.0,0.0,0.0
1,0,1.0,0.0,0.0,0.0,0.0,0.0,0.0,0.0,0.0,0.0,0.0,0.0
1,0,1.0,0.0,0.0,0.0,0.0,0.0,0.0,0.0,0.0,0.0,0.0,0.0
1,0,1.0,0.0,0.0,0.0,0.0,0.0,0.0,0.0,0.0,0.0,0.0,0.0
1,0,1.0,0.0,0.0,0.0,0.0,0.0,0.0,0.0,0.0,0.0,0.0,0.0
1,0,1.0,0.0,0.0,0.0,0.0,0.0,0.0,0.0,0.0,0.0,0.0,0.0
1,0,1.0,0.0,0.0,0.0,0.0,0.0,0.0,0.0,0.0,0.0,0.0,0.0
1,0,1.0,0.0,0.0,0.0,0.0,0.0,0.0,0.0,0.0,0.0,0.0,0.0
1,0,1.0,0.0,0.0,0.0,0.0,0.0,0.0,0.0,0.0,0.0,0.0,0.0
1,0,1.0,0.0,0.0,0.0,0.0,0.0,0.0,0.0,0.0,0.0,0.0,0.0
1,0,1.0,0.0,0.0,0.0,0.0,0.0,0.0,0.0,0.0,0.0,0.0,0.0
1,0,1.0,0.0,0.0,0.0,0.0,0.0,0.0,0.0,0.0,0.0,0.0,0.0
1,0,1.0,0.0,0.0,0.0,0.0,0.0,0.0,0.0,0.0,0.0,0.0,0.0
1,0,1.0,0.0,0.0,0.0,0.0,0.0,0.0,0.0,0.0,0.0,0.0,0.0
1,0,1.0,0.0,0.0,0.0,0.0,0.0,0.0,0.0,0.0,0.0,0.0,0.0
1,0,1.0,0.0,0.0,0.0,0.0,0.0,0.0,0.0,0.0,0.0,0.0,0.0
1,0,1.0,0.0,0.0,0.0,0.0,0.0,0.0,0.0,0.0,0.0,0.0,0.0
1,0,1.0,0.0,0.0,0.0,0.0,0.0,0.0,0.0,0.0,0.0,0.0,0.0
1,0,1.0,0.0,0.0,0.0,0.0,0.0,0.0,0.0,0.0,0.0,0.0,0.0
1,0,1.0,0.0,0.0,0.0,0.0,0.0,0.0,0.0,0.0,0.0,0.0,0.0
1,0,1.0,0.0,0.0,0.0,0.0,0.0,0.0,0.0,0.0,0.0,0.0,0.0
1,0,1.0,0.0,0.0,0.0,0.0,0.0,0.0,0.0,0.0,0.0,0.0,0.0
1,0,1.0,0.0,0.0,0.0,0.0,0.0,0.0,0.0,0.0,0.0,0.0,0.0
1,0,1.0,0.0,0.0,0.0,0.0,0.0,0.0,0.0,0.0,0.0,0.0,0.0
1,0,1.0,0.0,0.0,0.0,0.0,0.0,0.0,0.0,0.0,0.0,0.0,0.0
1,0,1.0,0.0,0.0,0.0,0.0,0.0,0.0,0.0,0.0,0.0,0.0,0.0
1,0,1.0,0.0,0.0,0.0,0.0,0.0,0.0,0.0,0.0,0.0,0.0,0.0
1,0,1.0,0.0,0.0,0.0,0.0,0.0,0.0,0.0,0.0,0.0,0.0,0.0
1,0,1.0,0.0,0.0,0.0,0.0,0.0,0.0,0.0,0.0,0.0,0.0,0.0
1,0,1.0,0.0,0.0,0.0,0.0,0.0,0.0,0.0,0.0,0.0,0.0,0.0
1,0,1.0,0.0,0.0,0.0,0.0,0.0,0.0,0.0,0.0,0.0,0.0,0.0
1,0,1.0,0.0,0.0,0.0,0.0,0.0,0.0,0.0,0.0,0.0,0.0,0.0
1,0,1.0,0.0,0.0,0.0,0.0,0.0,0.0,0.0,0.0,0.0,0.0,0.0
1,0,1.0,0.0,0.0,0.0,0.0,0.0,0.0,0.0,0.0,0.0,0.0,0.0
1,0,1.0,0.0,0.0,0.0,0.0,0.0,0.0,0.0,0.0,0.0,0.0,0.0
1,0,1.0,0.0,0.0,0.0,0.0,0.0,0.0,0.0,0.0,0.0,0.0,0.0
1,0,1.0,0.0,0.0,0.0,0.0,0.0,0.0,0.0,0.0,0.0,0.0,0.0
1,0,1.0,0.0,0.0,0.0,0.0,0.0,0.0,0.0,0.0,0.0,0.0,0.0
1,0,1.0,0.0,0.0,0.0,0.0,0.0,0.0,0.0,0.0,0.0,0.0,0.0
1,0,1.0,0.0,0.0,0.0,0.0,0.0,0.0,0.0,0.0,0.0,0.0,0.0
1,0,1.0,0.0,0.0,0.0,0.0,0.0,0.0,0.0,0.0,0.0,0.0,0.0
1,0,1.0,0.0,0.0,0.0,0.0,0.0,0.0,0.0,0.0,0.0,0.0,0.0
1,0,1.0,0.0,0.0,0.0,0.0,0.0,0.0,0.0,0.0,0.0,0.0,0.0
1,0,1.0,0.0,0.0,0.0,0.0,0.0,0.0,0.0,0.0,0.0,0.0,0.0
1,0,1.0,0.0,0.0,0.0,0.0,0.0,0.0,0.0,0.0,0.0,0.0,0.0
1,0,1.0,0.0,0.0,0.0,0.0,0.0,0.0,0.0,0.0,0.0,0.0,0.0
1,0,1.0,0.0,0.0,0.0,0.0,0.0,0.0,0.0,0.0,0.0,0.0,0.0
1,0,1.0,0.0,0.0,0.0,0.0,0.0,0.0,0.0,0.0,0.0,0.0,0.0
1,0,1.0,0.0,0.0,0.0,0.0,0.0,0.0,0.0,0.0,0.0,0.0,0.0
1,0,1.0,0.0,0.0,0.0,0.0,0.0,0.0,0.0,0.0,0.0,0.0,0.0
1,0,1.0,0.0,0.0,0.0,0.0,0.0,0.0,0.0,0.0,0.0,0.0,0.0
1,0,1.0,0.0,0.0,0.0,0.0,0.0,0.0,0.0,0.0,0.0,0.0,0.0
1,0,1.0,0.0,0.0,0.0,0.0,0.0,0.0,0.0,0.0,0.0,0.0,0.0
1,0,1.0,0.0,0.0,0.0,0.0,0.0,0.0,0.0,0.0,0.0,0.0,0.0
1,0,1.0,0.0,0.0,0.0,0.0,0.0,0.0,0.0,0.0,0.0,0.0,0.0
1,0,1.0,0.0,0.0,0.0,0.0,0.0,0.0,0.0,0.0,0.0,0.0,0.0
1,0,1.0,0.0,0.0,0.0,0.0,0.0,0.0,0.0,0.0,0.0,0.0,0.0
1,0,1.0,0.0,0.0,0.0,0.0,0.0,0.0,0.0,0.0,0.0,0.0,0.0
1,0,1.0,0.0,0.0,0.0,0.0,0.0,0.0,0.0,0.0,0.0,0.0,0.0
1,0,1.0,0.0,0.0,0.0,0.0,0.0,0.0,0.0,0.0,0.0,0.0,0.0
1,0,1.0,0.0,0.0,0.0,0.0,0.0,0.0,0.0,0.0,0.0,0.0,0.0
1,0,1.0,0.0,0.0,0.0,0.0,0.0,0.0,0.0,0.0,0.0,0.0,0.0
1,0,1.0,0.0,0.0,0.0,0.0,0.0,0.0,0.0,0.0,0.0,0.0,0.0
1,0,1.0,0.0,0.0,0.0,0.0,0.0,0.0,0.0,0.0,0.0,0.0,0.0
1,0,1.0,0.0,0.0,0.0,0.0,0.0,0.0,0.0,0.0,0.0,0.0,0.0
1,0,1.0,0.0,0.0,0.0,0.0,0.0,0.0,0.0,0.0,0.0,0.0,0.0
1,0,1.0,0.0,0.0,0.0,0.0,0.0,0.0,0.0,0.0,0.0,0.0,0.0
1,0,1.0,0.0,0.0,0.0,0.0,0.0,0.0,0.0,0.0,0.0,0.0,0.0
1,0,1.0,0.0,0.0,0.0,0.0,0.0,0.0,0.0,0.0,0.0,0.0,0.0
1,0,1.0,0.0,0.0,0.0,0.0,0.0,0.0,0.0,0.0,0.0,0.0,0.0
1,0,1.0,0.0,0.0,0.0,0.0,0.0,0.0,0.0,0.0,0.0,0.0,0.0
1,0,1.0,0.0,0.0,0.0,0.0,0.0,0.0,0.0,0.0,0.0,0.0,0.0
1,0,1.0,0.0,0.0,0.0,0.0,0.0,0.0,0.0,0.0,0.0,0.0,0.0
1,0,1.0,0.0,0.0,0.0,0.0,0.0,0.0,0.0,0.0,0.0,0.0,0.0
1,0,1.0,0.0,0.0,0.0,0.0,0.0,0.0,0.0,0.0,0.0,0.0,0.0
1,0,1.0,0.0,0.0,0.0,0.0,0.0,0.0,0.0,0.0,0.0,0.0,0.0
1,0,1.0,0.0,0.0,0.0,0.0,0.0,0.0,0.0,0.0,0.0,0.0,0.0
1,0,1.0,0.0,0.0,0.0,0.0,0.0,0.0,0.0,0.0,0.0,0.0,0.0
1,0,1.0,0.0,0.0,0.0,0.0,0.0,0.0,0.0,0.0,0.0,0.0,0.0
1,0,1.0,0.0,0.0,0.0,0.0,0.0,0.0,0.0,0.0,0.0,0.0,0.0
1,0,1.0,0.0,0.0,0.0,0.0,0.0,0.0,0.0,0.0,0.0,0.0,0.0
1,0,1.0,0.0,0.0,0.0,0.0,0.0,0.0,0.0,0.0,0.0,0.0,0.0
1,0,1.0,0.0,0.0,0.0,0.0,0.0,0.0,0.0,0.0,0.0,0.0,0.0
1,0,1.0,0.0,0.0,0.0,0.0,0.0,0.0,0.0,0.0,0.0,0.0,0.0
1,0,1.0,0.0,0.0,0.0,0.0,0.0,0.0,0.0,0.0,0.0,0.0,0.0
1,0,1.0,0.0,0.0,0.0,0.0,0.0,0.0,0.0,0.0,0.0,0.0,0.0
1,0,1.0,0.0,0.0,0.0,0.0,0.0,0.0,0.0,0.0,0.0,0.0,0.0
1,0,1.0,0.0,0.0,0.0,0.0,0.0,0.0,0.0,0.0,0.0,0.0,0.0
1,0,1.0,0.0,0.0,0.0,0.0,0.0,0.0,0.0,0.0,0.0,0.0,0.0
1,0,1.0,0.0,0.0,0.0,0.0,0.0,0.0,0.0,0.0,0.0,0.0,0.0
1,0,1.0,0.0,0.0,0.0,0.0,0.0,0.0,0.0,0.0,0.0,0.0,0.0
1,0,1.0,0.0,0.0,0.0,0.0,0.0,0.0,0.0,0.0,0.0,0.0,0.0
1,0,1.0,0.0,0.0,0.0,0.0,0.0,0.0,0.0,0.0,0.0,0.0,0.0
1,0,1.0,0.0,0.0,0.0,0.0,0.0,0.0,0.0,0.0,0.0,0.0,0.0
1,0,1.0,0.0,0.0,0.0,0.0,0.0,0.0,0.0,0.0,0.0,0.0,0.0
1,0,1.0,0.0,0.0,0.0,0.0,0.0,0.0,0.0,0.0,0.0,0.0,0.0
1,0,1.0,0.0,0.0,0.0,0.0,0.0,0.0,0.0,0.0,0.0,0.0,0.0
1,0,1.0,0.0,0.0,0.0,0.0,0.0,0.0,0.0,0.0,0.0,0.0,0.0
1,0,1.0,0.0,0.0,0.0,0.0,0.0,0.0,0.0,0.0,0.0,0.0,0.0
1,0,1.0,0.0,0.0,0.0,0.0,0.0,0.0,0.0,0.0,0.0,0.0,0.0
1,0,1.0,0.0,0.0,0.0,0.0,0.0,0.0,0.0,0.0,0.0,0.0,0.0
1,0,1.0,0.0,0.0,0.0,0.0,0.0,0.0,0.0,0.0,0.0,0.0,0.0
1,0,1.0,0.0,0.0,0.0,0.0,0.0,0.0,0.0,0.0,0.0,0.0,0.0
1,0,1.0,0.0,0.0,0.0,0.0,0.0,0.0,0.0,0.0,0.0,0.0,0.0
1,0,1.0,0.0,0.0,0.0,0.0,0.0,0.0,0.0,0.0,0.0,0.0,0.0
1,0,1.0,0.0,0.0,0.0,0.0,0.0,0.0,0.0,0.0,0.0,0.0,0.0
1,0,1.0,0.0,0.0,0.0,0.0,0.0,0.0,0.0,0.0,0.0,0.0,0.0
1,0,1.0,0.0,0.0,0.0,0.0,0.0,0.0,0.0,0.0,0.0,0.0,0.0
1,0,1.0,0.0,0.0,0.0,0.0,0.0,0.0,0.0,0.0,0.0,0.0,0.0
1,0,1.0,0.0,0.0,0.0,0.0,0.0,0.0,0.0,0.0,0.0,0.0,0.0
1,0,1.0,0.0,0.0,0.0,0.0,0.0,0.0,0.0,0.0,0.0,0.0,0.0
1,0,1.0,0.0,0.0,0.0,0.0,0.0,0.0,0.0,0.0,0.0,0.0,0.0
1,0,1.0,0.0,0.0,0.0,0.0,0.0,0.0,0.0,0.0,0.0,0.0,0.0
1,0,1.0,0.0,0.0,0.0,0.0,0.0,0.0,0.0,0.0,0.0,0.0,0.0
1,0,1.0,0.0,0.0,0.0,0.0,0.0,0.0,0.0,0.0,0.0,0.0,0.0
1,0,1.0,0.0,0.0,0.0,0.0,0.0,0.0,0.0,0.0,0.0,0.0,0.0
1,0,1.0,0.0,0.0,0.0,0.0,0.0,0.0,0.0,0.0,0.0,0.0,0.0
1,0,1.0,0.0,0.0,0.0,0.0,0.0,0.0,0.0,0.0,0.0,0.0,0.0
1,0,1.0,0.0,0.0,0.0,0.0,0.0,0.0,0.0,0.0,0.0,0.0,0.0
1,0,1.0,0.0,0.0,0.0,0.0,0.0,0.0,0.0,0.0,0.0,0.0,0.0
1,0,1.0,0.0,0.0,0.0,0.0,0.0,0.0,0.0,0.0,0.0,0.0,0.0
1,0,1.0,0.0,0.0,0.0,0.0,0.0,0.0,0.0,0.0,0.0,0.0,0.0
1,0,1.0,0.0,0.0,0.0,0.0,0.0,0.0,0.0,0.0,0.0,0.0,0.0
1,0,1.0,0.0,0.0,0.0,0.0,0.0,0.0,0.0,0.0,0.0,0.0,0.0
1,0,1.0,0.0,0.0,0.0,0.0,0.0,0.0,0.0,0.0,0.0,0.0,0.0
1,0,1.0,0.0,0.0,0.0,0.0,0.0,0.0,0.0,0.0,0.0,0.0,0.0
1,0,1.0,0.0,0.0,0.0,0.0,0.0,0.0,0.0,0.0,0.0,0.0,0.0
1,0,1.0,0.0,0.0,0.0,0.0,0.0,0.0,0.0,0.0,0.0,0.0,0.0
1,0,1.0,0.0,0.0,0.0,0.0,0.0,0.0,0.0,0.0,0.0,0.0,0.0
1,0,1.0,0.0,0.0,0.0,0.0,0.0,0.0,0.0,0.0,0.0,0.0,0.0
1,0,1.0,0.0,0.0,0.0,0.0,0.0,0.0,0.0,0.0,0.0,0.0,0.0
1,0,1.0,0.0,0.0,0.0,0.0,0.0,0.0,0.0,0.0,0.0,0.0,0.0
1,0,1.0,0.0,0.0,0.0,0.0,0.0,0.0,0.0,0.0,0.0,0.0,0.0
1,0,1.0,0.0,0.0,0.0,0.0,0.0,0.0,0.0,0.0,0.0,0.0,0.0
1,0,1.0,0.0,0.0,0.0,0.0,0.0,0.0,0.0,0.0,0.0,0.0,0.0
1,0,1.0,0.0,0.0,0.0,0.0,0.0,0.0,0.0,0.0,0.0,0.0,0.0
1,0,1.0,0.0,0.0,0.0,0.0,0.0,0.0,0.0,0.0,0.0,0.0,0.0
1,0,1.0,0.0,0.0,0.0,0.0,0.0,0.0,0.0,0.0,0.0,0.0,0.0
1,0,1.0,0.0,0.0,0.0,0.0,0.0,0.0,0.0,0.0,0.0,0.0,0.0
1,0,1.0,0.0,0.0,0.0,0.0,0.0,0.0,0.0,0.0,0.0,0.0,0.0
1,0,1.0,0.0,0.0,0.0,0.0,0.0,0.0,0.0,0.0,0.0,0.0,0.0
1,0,1.0,0.0,0.0,0.0,0.0,0.0,0.0,0.0,0.0,0.0,0.0,0.0
1,0,1.0,0.0,0.0,0.0,0.0,0.0,0.0,0.0,0.0,0.0,0.0,0.0
1,0,1.0,0.0,0.0,0.0,0.0,0.0,0.0,0.0,0.0,0.0,0.0,0.0
1,0,1.0,0.0,0.0,0.0,0.0,0.0,0.0,0.0,0.0,0.0,0.0,0.0
1,0,1.0,0.0,0.0,0.0,0.0,0.0,0.0,0.0,0.0,0.0,0.0,0.0
1,0,1.0,0.0,0.0,0.0,0.0,0.0,0.0,0.0,0.0,0.0,0.0,0.0
1,0,1.0,0.0,0.0,0.0,0.0,0.0,0.0,0.0,0.0,0.0,0.0,0.0
1,0,1.0,0.0,0.0,0.0,0.0,0.0,0.0,0.0,0.0,0.0,0.0,0.0
1,0,1.0,0.0,0.0,0.0,0.0,0.0,0.0,0.0,0.0,0.0,0.0,0.0
1,0,1.0,0.0,0.0,0.0,0.0,0.0,0.0,0.0,0.0,0.0,0.0,0.0
1,0,1.0,0.0,0.0,0.0,0.0,0.0,0.0,0.0,0.0,0.0,0.0,0.0
1,0,1.0,0.0,0.0,0.0,0.0,0.0,0.0,0.0,0.0,0.0,0.0,0.0
1,0,1.0,0.0,0.0,0.0,0.0,0.0,0.0,0.0,0.0,0.0,0.0,0.0
1,0,1.0,0.0,0.0,0.0,0.0,0.0,0.0,0.0,0.0,0.0,0.0,0.0
1,0,1.0,0.0,0.0,0.0,0.0,0.0,0.0,0.0,0.0,0.0,0.0,0.0
1,0,1.0,0.0,0.0,0.0,0.0,0.0,0.0,0.0,0.0,0.0,0.0,0.0
1,0,1.0,0.0,0.0,0.0,0.0,0.0,0.0,0.0,0.0,0.0,0.0,0.0
1,0,1.0,0.0,0.0,0.0,0.0,0.0,0.0,0.0,0.0,0.0,0.0,0.0
1,0,1.0,0.0,0.0,0.0,0.0,0.0,0.0,0.0,0.0,0.0,0.0,0.0
1,0,1.0,0.0,0.0,0.0,0.0,0.0,0.0,0.0,0.0,0.0,0.0,0.0
1,0,1.0,0.0,0.0,0.0,0.0,0.0,0.0,0.0,0.0,0.0,0.0,0.0
1,0,1.0,0.0,0.0,0.0,0.0,0.0,0.0,0.0,0.0,0.0,0.0,0.0
1,0,1.0,0.0,0.0,0.0,0.0,0.0,0.0,0.0,0.0,0.0,0.0,0.0
1,0,1.0,0.0,0.0,0.0,0.0,0.0,0.0,0.0,0.0,0.0,0.0,0.0
1,0,1.0,0.0,0.0,0.0,0.0,0.0,0.0,0.0,0.0,0.0,0.0,0.0
1,0,1.0,0.0,0.0,0.0,0.0,0.0,0.0,0.0,0.0,0.0,0.0,0.0
1,0,1.0,0.0,0.0,0.0,0.0,0.0,0.0,0.0,0.0,0.0,0.0,0.0
1,0,1.0,0.0,0.0,0.0,0.0,0.0,0.0,0.0,0.0,0.0,0.0,0.0
1,0,1.0,0.0,0.0,0.0,0.0,0.0,0.0,0.0,0.0,0.0,0.0,0.0
1,0,1.0,0.0,0.0,0.0,0.0,0.0,0.0,0.0,0.0,0.0,0.0,0.0
1,0,1.0,0.0,0.0,0.0,0.0,0.0,0.0,0.0,0.0,0.0,0.0,0.0
1,0,1.0,0.0,0.0,0.0,0.0,0.0,0.0,0.0,0.0,0.0,0.0,0.0
1,0,1.0,0.0,0.0,0.0,0.0,0.0,0.0,0.0,0.0,0.0,0.0,0.0
1,0,1.0,0.0,0.0,0.0,0.0,0.0,0.0,0.0,0.0,0.0,0.0,0.0
1,0,1.0,0.0,0.0,0.0,0.0,0.0,0.0,0.0,0.0,0.0,0.0,0.0
1,0,1.0,0.0,0.0,0.0,0.0,0.0,0.0,0.0,0.0,0.0,0.0,0.0
1,0,1.0,0.0,0.0,0.0,0.0,0.0,0.0,0.0,0.0,0.0,0.0,0.0
1,0,1.0,0.0,0.0,0.0,0.0,0.0,0.0,0.0,0.0,0.0,0.0,0.0
1,0,1.0,0.0,0.0,0.0,0.0,0.0,0.0,0.0,0.0,0.0,0.0,0.0
1,0,1.0,0.0,0.0,0.0,0.0,0.0,0.0,0.0,0.0,0.0,0.0,0.0
1,0,1.0,0.0,0.0,0.0,0.0,0.0,0.0,0.0,0.0,0.0,0.0,0.0
1,0,1.0,0.0,0.0,0.0,0.0,0.0,0.0,0.0,0.0,0.0,0.0,0.0
1,0,1.0,0.0,0.0,0.0,0.0,0.0,0.0,0.0,0.0,0.0,0.0,0.0
1,0,1.0,0.0,0.0,0.0,0.0,0.0,0.0,0.0,0.0,0.0,0.0,0.0
1,0,1.0,0.0,0.0,0.0,0.0,0.0,0.0,0.0,0.0,0.0,0.0,0.0
1,0,1.0,0.0,0.0,0.0,0.0,0.0,0.0,0.0,0.0,0.0,0.0,0.0
1,0,1.0,0.0,0.0,0.0,0.0,0.0,0.0,0.0,0.0,0.0,0.0,0.0
1,0,1.0,0.0,0.0,0.0,0.0,0.0,0.0,0.0,0.0,0.0,0.0,0.0
1,0,1.0,0.0,0.0,0.0,0.0,0.0,0.0,0.0,0.0,0.0,0.0,0.0
1,0,1.0,0.0,0.0,0.0,0.0,0.0,0.0,0.0,0.0,0.0,0.0,0.0
1,0,1.0,0.0,0.0,0.0,0.0,0.0,0.0,0.0,0.0,0.0,0.0,0.0
1,0,1.0,0.0,0.0,0.0,0.0,0.0,0.0,0.0,0.0,0.0,0.0,0.0
1,0,1.0,0.0,0.0,0.0,0.0,0.0,0.0,0.0,0.0,0.0,0.0,0.0
1,0,1.0,0.0,0.0,0.0,0.0,0.0,0.0,0.0,0.0,0.0,0.0,0.0
1,0,1.0,0.0,0.0,0.0,0.0,0.0,0.0,0.0,0.0,0.0,0.0,0.0
1,0,1.0,0.0,0.0,0.0,0.0,0.0,0.0,0.0,0.0,0.0,0.0,0.0
1,0,1.0,0.0,0.0,0.0,0.0,0.0,0.0,0.0,0.0,0.0,0.0,0.0
1,0,1.0,0.0,0.0,0.0,0.0,0.0,0.0,0.0,0.0,0.0,0.0,0.0
1,0,1.0,0.0,0.0,0.0,0.0,0.0,0.0,0.0,0.0,0.0,0.0,0.0
1,0,1.0,0.0,0.0,0.0,0.0,0.0,0.0,0.0,0.0,0.0,0.0,0.0
1,0,1.0,0.0,0.0,0.0,0.0,0.0,0.0,0.0,0.0,0.0,0.0,0.0
1,0,1.0,0.0,0.0,0.0,0.0,0.0,0.0,0.0,0.0,0.0,0.0,0.0
1,0,1.0,0.0,0.0,0.0,0.0,0.0,0.0,0.0,0.0,0.0,0.0,0.0
1,0,1.0,0.0,0.0,0.0,0.0,0.0,0.0,0.0,0.0,0.0,0.0,0.0
1,0,1.0,0.0,0.0,0.0,0.0,0.0,0.0,0.0,0.0,0.0,0.0,0.0
1,0,1.0,0.0,0.0,0.0,0.0,0.0,0.0,0.0,0.0,0.0,0.0,0.0
1,0,1.0,0.0,0.0,0.0,0.0,0.0,0.0,0.0,0.0,0.0,0.0,0.0
1,0,1.0,0.0,0.0,0.0,0.0,0.0,0.0,0.0,0.0,0.0,0.0,0.0
1,0,1.0,0.0,0.0,0.0,0.0,0.0,0.0,0.0,0.0,0.0,0.0,0.0
1,0,1.0,0.0,0.0,0.0,0.0,0.0,0.0,0.0,0.0,0.0,0.0,0.0
1,0,1.0,0.0,0.0,0.0,0.0,0.0,0.0,0.0,0.0,0.0,0.0,0.0
1,0,1.0,0.0,0.0,0.0,0.0,0.0,0.0,0.0,0.0,0.0,0.0,0.0
1,0,1.0,0.0,0.0,0.0,0.0,0.0,0.0,0.0,0.0,0.0,0.0,0.0
1,0,1.0,0.0,0.0,0.0,0.0,0.0,0.0,0.0,0.0,0.0,0.0,0.0
1,0,1.0,0.0,0.0,0.0,0.0,0.0,0.0,0.0,0.0,0.0,0.0,0.0
1,0,1.0,0.0,0.0,0.0,0.0,0.0,0.0,0.0,0.0,0.0,0.0,0.0
1,0,1.0,0.0,0.0,0.0,0.0,0.0,0.0,0.0,0.0,0.0,0.0,0.0
1,0,1.0,0.0,0.0,0.0,0.0,0.0,0.0,0.0,0.0,0.0,0.0,0.0
1,0,1.0,0.0,0.0,0.0,0.0,0.0,0.0,0.0,0.0,0.0,0.0,0.0
1,0,1.0,0.0,0.0,0.0,0.0,0.0,0.0,0.0,0.0,0.0,0.0,0.0
1,0,1.0,0.0,0.0,0.0,0.0,0.0,0.0,0.0,0.0,0.0,0.0,0.0
1,0,1.0,0.0,0.0,0.0,0.0,0.0,0.0,0.0,0.0,0.0,0.0,0.0
1,0,1.0,0.0,0.0,0.0,0.0,0.0,0.0,0.0,0.0,0.0,0.0,0.0
1,0,1.0,0.0,0.0,0.0,0.0,0.0,0.0,0.0,0.0,0.0,0.0,0.0
1,0,1.0,0.0,0.0,0.0,0.0,0.0,0.0,0.0,0.0,0.0,0.0,0.0
1,0,1.0,0.0,0.0,0.0,0.0,0.0,0.0,0.0,0.0,0.0,0.0,0.0
1,0,1.0,0.0,0.0,0.0,0.0,0.0,0.0,0.0,0.0,0.0,0.0,0.0
1,0,1.0,0.0,0.0,0.0,0.0,0.0,0.0,0.0,0.0,0.0,0.0,0.0
1,0,1.0,0.0,0.0,0.0,0.0,0.0,0.0,0.0,0.0,0.0,0.0,0.0
1,0,1.0,0.0,0.0,0.0,0.0,0.0,0.0,0.0,0.0,0.0,0.0,0.0
1,0,1.0,0.0,0.0,0.0,0.0,0.0,0.0,0.0,0.0,0.0,0.0,0.0
1,0,1.0,0.0,0.0,0.0,0.0,0.0,0.0,0.0,0.0,0.0,0.0,0.0
1,0,1.0,0.0,0.0,0.0,0.0,0.0,0.0,0.0,0.0,0.0,0.0,0.0
1,0,1.0,0.0,0.0,0.0,0.0,0.0,0.0,0.0,0.0,0.0,0.0,0.0
1,0,1.0,0.0,0.0,0.0,0.0,0.0,0.0,0.0,0.0,0.0,0.0,0.0
1,0,1.0,0.0,0.0,0.0,0.0,0.0,0.0,0.0,0.0,0.0,0.0,0.0
1,0,1.0,0.0,0.0,0.0,0.0,0.0,0.0,0.0,0.0,0.0,0.0,0.0
1,0,1.0,0.0,0.0,0.0,0.0,0.0,0.0,0.0,0.0,0.0,0.0,0.0
1,0,1.0,0.0,0.0,0.0,0.0,0.0,0.0,0.0,0.0,0.0,0.0,0.0
1,0,1.0,0.0,0.0,0.0,0.0,0.0,0.0,0.0,0.0,0.0,0.0,0.0
1,0,1.0,0.0,0.0,0.0,0.0,0.0,0.0,0.0,0.0,0.0,0.0,0.0
1,0,1.0,0.0,0.0,0.0,0.0,0.0,0.0,0.0,0.0,0.0,0.0,0.0
1,0,1.0,0.0,0.0,0.0,0.0,0.0,0.0,0.0,0.0,0.0,0.0,0.0
1,0,1.0,0.0,0.0,0.0,0.0,0.0,0.0,0.0,0.0,0.0,0.0,0.0
1,0,1.0,0.0,0.0,0.0,0.0,0.0,0.0,0.0,0.0,0.0,0.0,0.0
1,0,1.0,0.0,0.0,0.0,0.0,0.0,0.0,0.0,0.0,0.0,0.0,0.0
1,0,1.0,0.0,0.0,0.0,0.0,0.0,0.0,0.0,0.0,0.0,0.0,0.0
1,0,1.0,0.0,0.0,0.0,0.0,0.0,0.0,0.0,0.0,0.0,0.0,0.0
1,0,1.0,0.0,0.0,0.0,0.0,0.0,0.0,0.0,0.0,0.0,0.0,0.0
1,0,1.0,0.0,0.0,0.0,0.0,0.0,0.0,0.0,0.0,0.0,0.0,0.0
1,0,1.0,0.0,0.0,0.0,0.0,0.0,0.0,0.0,0.0,0.0,0.0,0.0
1,0,1.0,0.0,0.0,0.0,0.0,0.0,0.0,0.0,0.0,0.0,0.0,0.0
1,0,1.0,0.0,0.0,0.0,0.0,0.0,0.0,0.0,0.0,0.0,0.0,0.0
1,0,1.0,0.0,0.0,0.0,0.0,0.0,0.0,0.0,0.0,0.0,0.0,0.0
1,0,1.0,0.0,0.0,0.0,0.0,0.0,0.0,0.0,0.0,0.0,0.0,0.0
1,0,1.0,0.0,0.0,0.0,0.0,0.0,0.0,0.0,0.0,0.0,0.0,0.0
1,0,1.0,0.0,0.0,0.0,0.0,0.0,0.0,0.0,0.0,0.0,0.0,0.0
1,0,1.0,0.0,0.0,0.0,0.0,0.0,0.0,0.0,0.0,0.0,0.0,0.0
1,0,1.0,0.0,0.0,0.0,0.0,0.0,0.0,0.0,0.0,0.0,0.0,0.0
1,0,1.0,0.0,0.0,0.0,0.0,0.0,0.0,0.0,0.0,0.0,0.0,0.0
1,0,1.0,0.0,0.0,0.0,0.0,0.0,0.0,0.0,0.0,0.0,0.0,0.0
1,0,1.0,0.0,0.0,0.0,0.0,0.0,0.0,0.0,0.0,0.0,0.0,0.0
1,0,1.0,0.0,0.0,0.0,0.0,0.0,0.0,0.0,0.0,0.0,0.0,0.0
1,0,1.0,0.0,0.0,0.0,0.0,0.0,0.0,0.0,0.0,0.0,0.0,0.0
1,0,1.0,0.0,0.0,0.0,0.0,0.0,0.0,0.0,0.0,0.0,0.0,0.0
1,0,1.0,0.0,0.0,0.0,0.0,0.0,0.0,0.0,0.0,0.0,0.0,0.0
1,0,1.0,0.0,0.0,0.0,0.0,0.0,0.0,0.0,0.0,0.0,0.0,0.0
1,0,1.0,0.0,0.0,0.0,0.0,0.0,0.0,0.0,0.0,0.0,0.0,0.0
1,0,1.0,0.0,0.0,0.0,0.0,0.0,0.0,0.0,0.0,0.0,0.0,0.0
1,0,1.0,0.0,0.0,0.0,0.0,0.0,0.0,0.0,0.0,0.0,0.0,0.0
1,0,1.0,0.0,0.0,0.0,0.0,0.0,0.0,0.0,0.0,0.0,0.0,0.0
1,0,1.0,0.0,0.0,0.0,0.0,0.0,0.0,0.0,0.0,0.0,0.0,0.0
1,0,1.0,0.0,0.0,0.0,0.0,0.0,0.0,0.0,0.0,0.0,0.0,0.0
1,0,1.0,0.0,0.0,0.0,0.0,0.0,0.0,0.0,0.0,0.0,0.0,0.0
1,0,1.0,0.0,0.0,0.0,0.0,0.0,0.0,0.0,0.0,0.0,0.0,0.0
1,0,1.0,0.0,0.0,0.0,0.0,0.0,0.0,0.0,0.0,0.0,0.0,0.0
1,0,1.0,0.0,0.0,0.0,0.0,0.0,0.0,0.0,0.0,0.0,0.0,0.0
1,0,1.0,0.0,0.0,0.0,0.0,0.0,0.0,0.0,0.0,0.0,0.0,0.0
1,0,1.0,0.0,0.0,0.0,0.0,0.0,0.0,0.0,0.0,0.0,0.0,0.0
1,0,1.0,0.0,0.0,0.0,0.0,0.0,0.0,0.0,0.0,0.0,0.0,0.0
1,0,1.0,0.0,0.0,0.0,0.0,0.0,0.0,0.0,0.0,0.0,0.0,0.0
1,0,1.0,0.0,0.0,0.0,0.0,0.0,0.0,0.0,0.0,0.0,0.0,0.0
1,0,1.0,0.0,0.0,0.0,0.0,0.0,0.0,0.0,0.0,0.0,0.0,0.0
1,0,1.0,0.0,0.0,0.0,0.0,0.0,0.0,0.0,0.0,0.0,0.0,0.0
1,0,1.0,0.0,0.0,0.0,0.0,0.0,0.0,0.0,0.0,0.0,0.0,0.0
1,0,1.0,0.0,0.0,0.0,0.0,0.0,0.0,0.0,0.0,0.0,0.0,0.0
1,0,1.0,0.0,0.0,0.0,0.0,0.0,0.0,0.0,0.0,0.0,0.0,0.0
1,0,1.0,0.0,0.0,0.0,0.0,0.0,0.0,0.0,0.0,0.0,0.0,0.0
1,0,1.0,0.0,0.0,0.0,0.0,0.0,0.0,0.0,0.0,0.0,0.0,0.0
1,0,1.0,0.0,0.0,0.0,0.0,0.0,0.0,0.0,0.0,0.0,0.0,0.0
1,0,1.0,0.0,0.0,0.0,0.0,0.0,0.0,0.0,0.0,0.0,0.0,0.0
1,0,1.0,0.0,0.0,0.0,0.0,0.0,0.0,0.0,0.0,0.0,0.0,0.0
1,0,1.0,0.0,0.0,0.0,0.0,0.0,0.0,0.0,0.0,0.0,0.0,0.0
1,0,1.0,0.0,0.0,0.0,0.0,0.0,0.0,0.0,0.0,0.0,0.0,0.0
1,0,1.0,0.0,0.0,0.0,0.0,0.0,0.0,0.0,0.0,0.0,0.0,0.0
1,0,1.0,0.0,0.0,0.0,0.0,0.0,0.0,0.0,0.0,0.0,0.0,0.0
1,0,1.0,0.0,0.0,0.0,0.0,0.0,0.0,0.0,0.0,0.0,0.0,0.0
1,0,1.0,0.0,0.0,0.0,0.0,0.0,0.0,0.0,0.0,0.0,0.0,0.0
1,0,1.0,0.0,0.0,0.0,0.0,0.0,0.0,0.0,0.0,0.0,0.0,0.0
1,0,1.0,0.0,0.0,0.0,0.0,0.0,0.0,0.0,0.0,0.0,0.0,0.0
1,0,1.0,0.0,0.0,0.0,0.0,0.0,0.0,0.0,0.0,0.0,0.0,0.0
1,0,1.0,0.0,0.0,0.0,0.0,0.0,0.0,0.0,0.0,0.0,0.0,0.0
1,0,1.0,0.0,0.0,0.0,0.0,0.0,0.0,0.0,0.0,0.0,0.0,0.0
1,0,1.0,0.0,0.0,0.0,0.0,0.0,0.0,0.0,0.0,0.0,0.0,0.0
1,0,1.0,0.0,0.0,0.0,0.0,0.0,0.0,0.0,0.0,0.0,0.0,0.0
1,0,1.0,0.0,0.0,0.0,0.0,0.0,0.0,0.0,0.0,0.0,0.0,0.0
1,0,1.0,0.0,0.0,0.0,0.0,0.0,0.0,0.0,0.0,0.0,0.0,0.0
1,0,1.0,0.0,0.0,0.0,0.0,0.0,0.0,0.0,0.0,0.0,0.0,0.0
1,0,1.0,0.0,0.0,0.0,0.0,0.0,0.0,0.0,0.0,0.0,0.0,0.0
1,0,1.0,0.0,0.0,0.0,0.0,0.0,0.0,0.0,0.0,0.0,0.0,0.0
1,0,1.0,0.0,0.0,0.0,0.0,0.0,0.0,0.0,0.0,0.0,0.0,0.0
1,0,1.0,0.0,0.0,0.0,0.0,0.0,0.0,0.0,0.0,0.0,0.0,0.0
1,0,1.0,0.0,0.0,0.0,0.0,0.0,0.0,0.0,0.0,0.0,0.0,0.0
1,0,1.0,0.0,0.0,0.0,0.0,0.0,0.0,0.0,0.0,0.0,0.0,0.0
1,0,1.0,0.0,0.0,0.0,0.0,0.0,0.0,0.0,0.0,0.0,0.0,0.0
1,0,1.0,0.0,0.0,0.0,0.0,0.0,0.0,0.0,0.0,0.0,0.0,0.0
1,0,1.0,0.0,0.0,0.0,0.0,0.0,0.0,0.0,0.0,0.0,0.0,0.0
1,0,1.0,0.0,0.0,0.0,0.0,0.0,0.0,0.0,0.0,0.0,0.0,0.0
1,0,1.0,0.0,0.0,0.0,0.0,0.0,0.0,0.0,0.0,0.0,0.0,0.0
1,0,1.0,0.0,0.0,0.0,0.0,0.0,0.0,0.0,0.0,0.0,0.0,0.0
1,0,1.0,0.0,0.0,0.0,0.0,0.0,0.0,0.0,0.0,0.0,0.0,0.0
1,0,1.0,0.0,0.0,0.0,0.0,0.0,0.0,0.0,0.0,0.0,0.0,0.0
1,0,1.0,0.0,0.0,0.0,0.0,0.0,0.0,0.0,0.0,0.0,0.0,0.0
1,0,1.0,0.0,0.0,0.0,0.0,0.0,0.0,0.0,0.0,0.0,0.0,0.0
1,0,1.0,0.0,0.0,0.0,0.0,0.0,0.0,0.0,0.0,0.0,0.0,0.0
1,0,1.0,0.0,0.0,0.0,0.0,0.0,0.0,0.0,0.0,0.0,0.0,0.0
1,0,1.0,0.0,0.0,0.0,0.0,0.0,0.0,0.0,0.0,0.0,0.0,0.0
1,0,1.0,0.0,0.0,0.0,0.0,0.0,0.0,0.0,0.0,0.0,0.0,0.0
1,0,1.0,0.0,0.0,0.0,0.0,0.0,0.0,0.0,0.0,0.0,0.0,0.0
1,0,1.0,0.0,0.0,0.0,0.0,0.0,0.0,0.0,0.0,0.0,0.0,0.0
1,0,1.0,0.0,0.0,0.0,0.0,0.0,0.0,0.0,0.0,0.0,0.0,0.0
1,0,1.0,0.0,0.0,0.0,0.0,0.0,0.0,0.0,0.0,0.0,0.0,0.0
1,0,1.0,0.0,0.0,0.0,0.0,0.0,0.0,0.0,0.0,0.0,0.0,0.0
1,0,1.0,0.0,0.0,0.0,0.0,0.0,0.0,0.0,0.0,0.0,0.0,0.0
1,0,1.0,0.0,0.0,0.0,0.0,0.0,0.0,0.0,0.0,0.0,0.0,0.0
1,0,1.0,0.0,0.0,0.0,0.0,0.0,0.0,0.0,0.0,0.0,0.0,0.0
1,0,1.0,0.0,0.0,0.0,0.0,0.0,0.0,0.0,0.0,0.0,0.0,0.0
1,0,1.0,0.0,0.0,0.0,0.0,0.0,0.0,0.0,0.0,0.0,0.0,0.0
1,0,1.0,0.0,0.0,0.0,0.0,0.0,0.0,0.0,0.0,0.0,0.0,0.0
1,0,1.0,0.0,0.0,0.0,0.0,0.0,0.0,0.0,0.0,0.0,0.0,0.0
1,0,1.0,0.0,0.0,0.0,0.0,0.0,0.0,0.0,0.0,0.0,0.0,0.0
1,0,1.0,0.0,0.0,0.0,0.0,0.0,0.0,0.0,0.0,0.0,0.0,0.0
1,0,1.0,0.0,0.0,0.0,0.0,0.0,0.0,0.0,0.0,0.0,0.0,0.0
1,0,1.0,0.0,0.0,0.0,0.0,0.0,0.0,0.0,0.0,0.0,0.0,0.0
1,0,1.0,0.0,0.0,0.0,0.0,0.0,0.0,0.0,0.0,0.0,0.0,0.0
1,0,1.0,0.0,0.0,0.0,0.0,0.0,0.0,0.0,0.0,0.0,0.0,0.0
1,0,1.0,0.0,0.0,0.0,0.0,0.0,0.0,0.0,0.0,0.0,0.0,0.0
1,0,1.0,0.0,0.0,0.0,0.0,0.0,0.0,0.0,0.0,0.0,0.0,0.0
1,0,1.0,0.0,0.0,0.0,0.0,0.0,0.0,0.0,0.0,0.0,0.0,0.0
1,0,1.0,0.0,0.0,0.0,0.0,0.0,0.0,0.0,0.0,0.0,0.0,0.0
1,0,1.0,0.0,0.0,0.0,0.0,0.0,0.0,0.0,0.0,0.0,0.0,0.0
1,0,1.0,0.0,0.0,0.0,0.0,0.0,0.0,0.0,0.0,0.0,0.0,0.0
1,0,1.0,0.0,0.0,0.0,0.0,0.0,0.0,0.0,0.0,0.0,0.0,0.0
1,0,1.0,0.0,0.0,0.0,0.0,0.0,0.0,0.0,0.0,0.0,0.0,0.0
1,0,1.0,0.0,0.0,0.0,0.0,0.0,0.0,0.0,0.0,0.0,0.0,0.0
1,0,1.0,0.0,0.0,0.0,0.0,0.0,0.0,0.0,0.0,0.0,0.0,0.0
1,0,1.0,0.0,0.0,0.0,0.0,0.0,0.0,0.0,0.0,0.0,0.0,0.0
1,0,1.0,0.0,0.0,0.0,0.0,0.0,0.0,0.0,0.0,0.0,0.0,0.0
1,0,1.0,0.0,0.0,0.0,0.0,0.0,0.0,0.0,0.0,0.0,0.0,0.0
1,0,1.0,0.0,0.0,0.0,0.0,0.0,0.0,0.0,0.0,0.0,0.0,0.0
1,0,1.0,0.0,0.0,0.0,0.0,0.0,0.0,0.0,0.0,0.0,0.0,0.0
1,0,1.0,0.0,0.0,0.0,0.0,0.0,0.0,0.0,0.0,0.0,0.0,0.0
1,0,1.0,0.0,0.0,0.0,0.0,0.0,0.0,0.0,0.0,0.0,0.0,0.0
1,0,0.9442381,0.055761885,0.0,0.0,0.0,0.0,0.0,0.0,0.0,0.0,0.0,0.0
1,0,0.9442381,0.055761885,0.0,0.0,0.0,0.0,0.0,0.0,0.0,0.0,0.0,0.0
1,0,0.9442381,0.055761885,0.0,0.0,0.0,0.0,0.0,0.0,0.0,0.0,0.0,0.0
1,0,0.9442381,0.055761885,0.0,0.0,0.0,0.0,0.0,0.0,0.0,0.0,0.0,0.0
1,0,0.9442381,0.055761885,0.0,0.0,0.0,0.0,0.0,0.0,0.0,0.0,0.0,0.0
1,0,0.9442381,0.055761885,0.0,0.0,0.0,0.0,0.0,0.0,0.0,0.0,0.0,0.0
1,0,0.9442381,0.055761885,0.0,0.0,0.0,0.0,0.0,0.0,0.0,0.0,0.0,0.0
1,0,0.9442381,0.055761885,0.0,0.0,0.0,0.0,0.0,0.0,0.0,0.0,0.0,0.0
1,0,0.9442381,0.055761885,0.0,0.0,0.0,0.0,0.0,0.0,0.0,0.0,0.0,0.0
1,0,0.9442381,0.055761885,0.0,0.0,0.0,0.0,0.0,0.0,0.0,0.0,0.0,0.0
1,0,0.9442381,0.055761885,0.0,0.0,0.0,0.0,0.0,0.0,0.0,0.0,0.0,0.0
1,0,0.9442381,0.055761885,0.0,0.0,0.0,0.0,0.0,0.0,0.0,0.0,0.0,0.0
1,0,0.8812221,0.11877791,0.0,0.0,0.0,0.0,0.0,0.0,0.0,0.0,0.0,0.0
1,0,0.8812221,0.11877791,0.0,0.0,0.0,0.0,0.0,0.0,0.0,0.0,0.0,0.0
1,0,0.8812221,0.11877791,0.0,0.0,0.0,0.0,0.0,0.0,0.0,0.0,0.0,0.0
1,0,0.8812221,0.11877791,0.0,0.0,0.0,0.0,0.0,0.0,0.0,0.0,0.0,0.0
1,0,0.8812221,0.11877791,0.0,0.0,0.0,0.0,0.0,0.0,0.0,0.0,0.0,0.0
1,0,0.8812221,0.11877791,0.0,0.0,0.0,0.0,0.0,0.0,0.0,0.0,0.0,0.0
1,0,0.8812221,0.11877791,0.0,0.0,0.0,0.0,0.0,0.0,0.0,0.0,0.0,0.0
1,0,0.8812221,0.11877791,0.0,0.0,0.0,0.0,0.0,0.0,0.0,0.0,0.0,0.0
1,0,0.8812221,0.11877791,0.0,0.0,0.0,0.0,0.0,0.0,0.0,0.0,0.0,0.0
1,0,0.8812221,0.11877791,0.0,0.0,0.0,0.0,0.0,0.0,0.0,0.0,0.0,0.0
1,0,0.8812221,0.11877791,0.0,0.0,0.0,0.0,0.0,0.0,0.0,0.0,0.0,0.0
1,0,0.8812221,0.11877791,0.0,0.0,0.0,0.0,0.0,0.0,0.0,0.0,0.0,0.0
1,0,0.8812221,0.11877791,0.0,0.0,0.0,0.0,0.0,0.0,0.0,0.0,0.0,0.0
1,0,0.8812221,0.11877791,0.0,0.0,0.0,0.0,0.0,0.0,0.0,0.0,0.0,0.0
1,0,0.8812221,0.11877791,0.0,0.0,0.0,0.0,0.0,0.0,0.0,0.0,0.0,0.0
1,0,0.8812221,0.11877791,0.0,0.0,0.0,0.0,0.0,0.0,0.0,0.0,0.0,0.0
1,0,0.7436372,0.25636286,0.0,0.0,0.0,0.0,0.0,0.0,0.0,0.0,0.0,0.0
1,0,0.7436372,0.25636286,0.0,0.0,0.0,0.0,0.0,0.0,0.0,0.0,0.0,0.0
1,0,0.6943672,0.30563286,0.0,0.0,0.0,0.0,0.0,0.0,0.0,0.0,0.0,0.0
1,0,0.6943672,0.30563286,0.0,0.0,0.0,0.0,0.0,0.0,0.0,0.0,0.0,0.0
1,0,0.6943672,0.30563286,0.0,0.0,0.0,0.0,0.0,0.0,0.0,0.0,0.0,0.0
1,0,0.6943672,0.30563286,0.0,0.0,0.0,0.0,0.0,0.0,0.0,0.0,0.0,0.0
1,0,0.6943672,0.30563286,0.0,0.0,0.0,0.0,0.0,0.0,0.0,0.0,0.0,0.0
1,0,0.6943672,0.30563286,0.0,0.0,0.0,0.0,0.0,0.0,0.0,0.0,0.0,0.0
1,0,0.6943672,0.30563286,0.0,0.0,0.0,0.0,0.0,0.0,0.0,0.0,0.0,0.0
1,0,0.6943672,0.30563286,0.0,0.0,0.0,0.0,0.0,0.0,0.0,0.0,0.0,0.0
1,0,0.6943672,0.30563286,0.0,0.0,0.0,0.0,0.0,0.0,0.0,0.0,0.0,0.0
1,0,0.55281556,0.44718447,0.0,0.0,0.0,0.0,0.0,0.0,0.0,0.0,0.0,0.0
1,0,0.55281556,0.44718447,0.0,0.0,0.0,0.0,0.0,0.0,0.0,0.0,0.0,0.0
1,0,0.55281556,0.44718447,0.0,0.0,0.0,0.0,0.0,0.0,0.0,0.0,0.0,0.0
1,0,0.55281556,0.44718447,0.0,0.0,0.0,0.0,0.0,0.0,0.0,0.0,0.0,0.0
1,0,0.55281556,0.44718447,0.0,0.0,0.0,0.0,0.0,0.0,0.0,0.0,0.0,0.0
1,1,0.4082487,0.5517724,0.039978858,0.0,0.0,0.0,0.0,0.0,0.0,0.0,0.0,0.0
1,1,0.4082487,0.5517724,0.039978858,0.0,0.0,0.0,0.0,0.0,0.0,0.0,0.0,0.0
1,1,0.25567088,0.7043503,0.03997886,0.0,0.0,0.0,0.0,0.0,0.0,0.0,0.0,0.0
1,1,0.25567088,0.7043503,0.03997886,0.0,0.0,0.0,0.0,0.0,0.0,0.0,0.0,0.0
1,1,0.25567088,0.7043503,0.03997886,0.0,0.0,0.0,0.0,0.0,0.0,0.0,0.0,0.0
1,1,0.17524058,0.7043503,0.120409176,0.0,0.0,0.0,0.0,0.0,0.0,0.0,0.0,0.0
1,1,0.17524058,0.7043503,0.120409176,0.0,0.0,0.0,0.0,0.0,0.0,0.0,0.0,0.0
1,1,0.17524058,0.7043503,0.120409176,0.0,0.0,0.0,0.0,0.0,0.0,0.0,0.0,0.0
1,1,0.17524058,0.7043503,0.120409176,0.0,0.0,0.0,0.0,0.0,0.0,0.0,0.0,0.0
1,1,0.17524058,0.7043503,0.120409176,0.0,0.0,0.0,0.0,0.0,0.0,0.0,0.0,0.0
1,1,0.17524058,0.7043503,0.120409176,0.0,0.0,0.0,0.0,0.0,0.0,0.0,0.0,0.0
1,1,0.17524058,0.7043503,0.120409176,0.0,0.0,0.0,0.0,0.0,0.0,0.0,0.0,0.0
1,1,0.17524058,0.7043503,0.120409176,0.0,0.0,0.0,0.0,0.0,0.0,0.0,0.0,0.0
1,1,0.17524058,0.7043503,0.120409176,0.0,0.0,0.0,0.0,0.0,0.0,0.0,0.0,0.0
1,1,0.17524058,0.7043503,0.120409176,0.0,0.0,0.0,0.0,0.0,0.0,0.0,0.0,0.0
1,1,0.17524058,0.7043503,0.120409176,0.0,0.0,0.0,0.0,0.0,0.0,0.0,0.0,0.0
1,1,0.14872678,0.7308641,0.120409176,0.0,0.0,0.0,0.0,0.0,0.0,0.0,0.0,0.0
1,1,0.14872678,0.7308641,0.120409176,0.0,0.0,0.0,0.0,0.0,0.0,0.0,0.0,0.0
1,1,0.14872678,0.7308641,0.120409176,0.0,0.0,0.0,0.0,0.0,0.0,0.0,0.0,0.0
1,1,0.14872678,0.7308641,0.120409176,0.0,0.0,0.0,0.0,0.0,0.0,0.0,0.0,0.0
1,1,0.14872678,0.7308641,0.120409176,0.0,0.0,0.0,0.0,0.0,0.0,0.0,0.0,0.0
1,1,0.14872678,0.7308641,0.120409176,0.0,0.0,0.0,0.0,0.0,0.0,0.0,0.0,0.0
1,1,0.14872678,0.7308641,0.120409176,0.0,0.0,0.0,0.0,0.0,0.0,0.0,0.0,0.0
1,1,0.14872678,0.7308641,0.120409176,0.0,0.0,0.0,0.0,0.0,0.0,0.0,0.0,0.0
1,1,0.13505472,0.73086405,0.12040917,0.0,0.013672048,0.0,0.0,0.0,0.0,0.0,0.0,0.0
1,1,0.13505472,0.73086405,0.12040917,0.0,0.013672048,0.0,0.0,0.0,0.0,0.0,0.0,0.0
1,1,0.13505472,0.73086405,0.12040917,0.0,0.013672048,0.0,0.0,0.0,0.0,0.0,0.0,0.0
1,1,0.13505472,0.73086405,0.12040917,0.0,0.013672048,0.0,0.0,0.0,0.0,0.0,0.0,0.0
1,1,0.0871245,0.77879435,0.12040917,0.0,0.013672048,0.0,0.0,0.0,0.0,0.0,0.0,0.0
1,1,0.0871245,0.77879435,0.12040917,0.0,0.013672048,0.0,0.0,0.0,0.0,0.0,0.0,0.0
1,1,0.0871245,0.77879435,0.12040917,0.0,0.013672048,0.0,0.0,0.0,0.0,0.0,0.0,0.0
1,1,0.0871245,0.77879435,0.12040917,0.0,0.013672048,0.0,0.0,0.0,0.0,0.0,0.0,0.0
1,1,0.0871245,0.77879435,0.12040917,0.0,0.013672048,0.0,0.0,0.0,0.0,0.0,0.0,0.0
1,1,0.0871245,0.77879435,0.12040917,0.0,0.013672048,0.0,0.0,0.0,0.0,0.0,0.0,0.0
1,1,0.0871245,0.77879435,0.12040917,0.0,0.013672048,0.0,0.0,0.0,0.0,0.0,0.0,0.0
1,1,0.0871245,0.77879435,0.12040917,0.0,0.013672048,0.0,0.0,0.0,0.0,0.0,0.0,0.0
1,1,0.0871245,0.77879435,0.12040917,0.0,0.013672048,0.0,0.0,0.0,0.0,0.0,0.0,0.0
1,1,0.0871245,0.77879435,0.12040917,0.0,0.013672048,0.0,0.0,0.0,0.0,0.0,0.0,0.0
1,1,0.0871245,0.77879435,0.12040917,0.0,0.013672048,0.0,0.0,0.0,0.0,0.0,0.0,0.0
1,1,0.0871245,0.77879435,0.12040917,0.0,0.013672048,0.0,0.0,0.0,0.0,0.0,0.0,0.0
1,1,0.0871245,0.77879435,0.12040917,0.0,0.013672048,0.0,0.0,0.0,0.0,0.0,0.0,0.0
1,1,0.0871245,0.77879435,0.12040917,0.0,0.013672048,0.0,0.0,0.0,0.0,0.0,0.0,0.0
1,1,0.0871245,0.77879435,0.12040917,0.0,0.013672048,0.0,0.0,0.0,0.0,0.0,0.0,0.0
1,1,0.0871245,0.77879435,0.12040917,0.0,0.013672048,0.0,0.0,0.0,0.0,0.0,0.0,0.0
1,1,0.0871245,0.77879435,0.12040917,0.0,0.013672048,0.0,0.0,0.0,0.0,0.0,0.0,0.0
1,1,0.0871245,0.77879435,0.12040917,0.0,0.013672048,0.0,0.0,0.0,0.0,0.0,0.0,0.0
1,1,0.0871245,0.77879435,0.12040917,0.0,0.013672048,0.0,0.0,0.0,0.0,0.0,0.0,0.0
1,1,0.0871245,0.77879435,0.12040917,0.0,0.013672048,0.0,0.0,0.0,0.0,0.0,0.0,0.0
1,1,0.059624262,0.8062945,0.12040917,0.0,0.013672048,0.0,0.0,0.0,0.0,0.0,0.0,0.0
1,1,0.059624262,0.8062945,0.12040917,0.0,0.013672048,0.0,0.0,0.0,0.0,0.0,0.0,0.0
1,1,0.059624262,0.8062945,0.12040917,0.0,0.013672048,0.0,0.0,0.0,0.0,0.0,0.0,0.0
1,1,0.059624262,0.8062945,0.12040917,0.0,0.013672048,0.0,0.0,0.0,0.0,0.0,0.0,0.0
1,1,0.059624262,0.8062945,0.12040917,0.0,0.013672048,0.0,0.0,0.0,0.0,0.0,0.0,0.0
1,1,0.059624262,0.8062945,0.12040917,0.0,0.013672048,0.0,0.0,0.0,0.0,0.0,0.0,0.0
1,1,0.059624262,0.8062945,0.12040917,0.0,0.013672048,0.0,0.0,0.0,0.0,0.0,0.0,0.0
1,1,0.059624262,0.8062945,0.12040917,0.0,0.013672048,0.0,0.0,0.0,0.0,0.0,0.0,0.0
1,1,0.059624262,0.8062945,0.12040917,0.0,0.013672048,0.0,0.0,0.0,0.0,0.0,0.0,0.0
1,1,0.059624262,0.8062945,0.12040917,0.0,0.013672048,0.0,0.0,0.0,0.0,0.0,0.0,0.0
1,1,0.059624262,0.8062945,0.12040917,0.0,0.013672048,0.0,0.0,0.0,0.0,0.0,0.0,0.0
1,1,0.059624262,0.8062945,0.12040917,0.0,0.013672048,0.0,0.0,0.0,0.0,0.0,0.0,0.0
1,1,0.059624262,0.8062945,0.12040917,0.0,0.013672048,0.0,0.0,0.0,0.0,0.0,0.0,0.0
1,1,0.059624262,0.8062945,0.12040917,0.0,0.013672048,0.0,0.0,0.0,0.0,0.0,0.0,0.0
1,1,0.059624262,0.8062945,0.12040917,0.0,0.013672048,0.0,0.0,0.0,0.0,0.0,0.0,0.0
1,1,0.059624262,0.8062945,0.12040917,0.0,0.013672048,0.0,0.0,0.0,0.0,0.0,0.0,0.0
1,1,0.059624262,0.8062945,0.12040917,0.0,0.013672048,0.0,0.0,0.0,0.0,0.0,0.0,0.0
1,1,0.059624262,0.8062945,0.12040917,0.0,0.013672048,0.0,0.0,0.0,0.0,0.0,0.0,0.0
1,1,0.059624262,0.8062945,0.12040917,0.0,0.013672048,0.0,0.0,0.0,0.0,0.0,0.0,0.0
1,1,0.059624262,0.8062945,0.12040917,0.0,0.013672048,0.0,0.0,0.0,0.0,0.0,0.0,0.0
1,1,0.059624262,0.8062945,0.12040917,0.0,0.013672048,0.0,0.0,0.0,0.0,0.0,0.0,0.0
1,1,0.059624262,0.8062945,0.12040917,0.0,0.013672048,0.0,0.0,0.0,0.0,0.0,0.0,0.0
1,1,0.059624262,0.8062945,0.12040917,0.0,0.013672048,0.0,0.0,0.0,0.0,0.0,0.0,0.0
1,1,0.059624262,0.8062945,0.12040917,0.0,0.013672048,0.0,0.0,0.0,0.0,0.0,0.0,0.0
1,1,0.059624262,0.8062945,0.12040917,0.0,0.013672048,0.0,0.0,0.0,0.0,0.0,0.0,0.0
1,1,0.059624262,0.8062945,0.12040917,0.0,0.013672048,0.0,0.0,0.0,0.0,0.0,0.0,0.0
1,1,0.059624262,0.8062945,0.12040917,0.0,0.013672048,0.0,0.0,0.0,0.0,0.0,0.0,0.0
1,1,0.059624262,0.8062945,0.12040917,0.0,0.013672048,0.0,0.0,0.0,0.0,0.0,0.0,0.0
1,1,0.059624262,0.8062945,0.12040917,0.0,0.013672048,0.0,0.0,0.0,0.0,0.0,0.0,0.0
1,1,0.059624262,0.8062945,0.12040917,0.0,0.013672048,0.0,0.0,0.0,0.0,0.0,0.0,0.0
1,1,0.059624262,0.8062945,0.12040917,0.0,0.013672048,0.0,0.0,0.0,0.0,0.0,0.0,0.0
1,1,0.059624262,0.8062945,0.12040917,0.0,0.013672048,0.0,0.0,0.0,0.0,0.0,0.0,0.0
1,1,0.059624262,0.8062945,0.12040917,0.0,0.013672048,0.0,0.0,0.0,0.0,0.0,0.0,0.0
1,1,0.059624262,0.8062945,0.12040917,0.0,0.013672048,0.0,0.0,0.0,0.0,0.0,0.0,0.0
1,1,0.059624262,0.8062945,0.12040917,0.0,0.013672048,0.0,0.0,0.0,0.0,0.0,0.0,0.0
1,1,0.059624262,0.8062945,0.12040917,0.0,0.013672048,0.0,0.0,0.0,0.0,0.0,0.0,0.0
1,1,0.059624262,0.8062945,0.12040917,0.0,0.013672048,0.0,0.0,0.0,0.0,0.0,0.0,0.0
1,1,0.059624262,0.8062945,0.12040917,0.0,0.013672048,0.0,0.0,0.0,0.0,0.0,0.0,0.0
1,1,0.059624262,0.8062945,0.12040917,0.0,0.013672048,0.0,0.0,0.0,0.0,0.0,0.0,0.0
1,1,0.059624262,0.8062945,0.12040917,0.0,0.013672048,0.0,0.0,0.0,0.0,0.0,0.0,0.0
1,1,0.059624262,0.8062945,0.12040917,0.0,0.013672048,0.0,0.0,0.0,0.0,0.0,0.0,0.0
1,1,0.059624262,0.8062945,0.12040917,0.0,0.013672048,0.0,0.0,0.0,0.0,0.0,0.0,0.0
1,1,0.059624262,0.8062945,0.12040917,0.0,0.013672048,0.0,0.0,0.0,0.0,0.0,0.0,0.0
1,1,0.059624262,0.8062945,0.12040917,0.0,0.013672048,0.0,0.0,0.0,0.0,0.0,0.0,0.0
1,1,0.059624262,0.8062945,0.12040917,0.0,0.013672048,0.0,0.0,0.0,0.0,0.0,0.0,0.0
1,1,0.059624262,0.8062945,0.12040917,0.0,0.013672048,0.0,0.0,0.0,0.0,0.0,0.0,0.0
1,1,0.059624262,0.8062945,0.12040917,0.0,0.013672048,0.0,0.0,0.0,0.0,0.0,0.0,0.0
1,1,0.059624262,0.8062945,0.12040917,0.0,0.013672048,0.0,0.0,0.0,0.0,0.0,0.0,0.0
1,1,0.059624262,0.8062945,0.12040917,0.0,0.013672048,0.0,0.0,0.0,0.0,0.0,0.0,0.0
1,1,0.059624262,0.8062945,0.12040917,0.0,0.013672048,0.0,0.0,0.0,0.0,0.0,0.0,0.0
1,1,0.059624262,0.8062945,0.12040917,0.0,0.013672048,0.0,0.0,0.0,0.0,0.0,0.0,0.0
1,1,0.059624262,0.8062945,0.12040917,0.0,0.013672048,0.0,0.0,0.0,0.0,0.0,0.0,0.0
1,1,0.059624262,0.8062945,0.12040917,0.0,0.013672048,0.0,0.0,0.0,0.0,0.0,0.0,0.0
1,1,0.059624262,0.8062945,0.12040917,0.0,0.013672048,0.0,0.0,0.0,0.0,0.0,0.0,0.0
1,1,0.059624262,0.8062945,0.12040917,0.0,0.013672048,0.0,0.0,0.0,0.0,0.0,0.0,0.0
1,1,0.059624262,0.8062945,0.12040917,0.0,0.013672048,0.0,0.0,0.0,0.0,0.0,0.0,0.0
1,1,0.059624262,0.8062945,0.12040917,0.0,0.013672048,0.0,0.0,0.0,0.0,0.0,0.0,0.0
1,1,0.059624262,0.8062945,0.12040917,0.0,0.013672048,0.0,0.0,0.0,0.0,0.0,0.0,0.0
1,1,0.059624262,0.8062945,0.12040917,0.0,0.013672048,0.0,0.0,0.0,0.0,0.0,0.0,0.0
1,1,0.059624262,0.8062945,0.12040917,0.0,0.013672048,0.0,0.0,0.0,0.0,0.0,0.0,0.0
1,1,0.059624262,0.8062945,0.12040917,0.0,0.013672048,0.0,0.0,0.0,0.0,0.0,0.0,0.0
1,1,0.059624262,0.8062945,0.12040917,0.0,0.013672048,0.0,0.0,0.0,0.0,0.0,0.0,0.0
1,1,0.059624262,0.8062945,0.12040917,0.0,0.013672048,0.0,0.0,0.0,0.0,0.0,0.0,0.0
1,1,0.059624262,0.8062945,0.12040917,0.0,0.013672048,0.0,0.0,0.0,0.0,0.0,0.0,0.0
1,1,0.059624262,0.8062945,0.12040917,0.0,0.013672048,0.0,0.0,0.0,0.0,0.0,0.0,0.0
1,1,0.059624262,0.8062945,0.12040917,0.0,0.013672048,0.0,0.0,0.0,0.0,0.0,0.0,0.0
1,1,0.059624262,0.8062945,0.12040917,0.0,0.013672048,0.0,0.0,0.0,0.0,0.0,0.0,0.0
1,1,0.059624262,0.8062945,0.12040917,0.0,0.013672048,0.0,0.0,0.0,0.0,0.0,0.0,0.0
1,1,0.059624262,0.8062945,0.12040917,0.0,0.013672048,0.0,0.0,0.0,0.0,0.0,0.0,0.0
1,1,0.059624262,0.8062945,0.12040917,0.0,0.013672048,0.0,0.0,0.0,0.0,0.0,0.0,0.0
1,1,0.059624262,0.8062945,0.12040917,0.0,0.013672048,0.0,0.0,0.0,0.0,0.0,0.0,0.0
1,1,0.059624262,0.8062945,0.12040917,0.0,0.013672048,0.0,0.0,0.0,0.0,0.0,0.0,0.0
1,1,0.059624262,0.8062945,0.12040917,0.0,0.013672048,0.0,0.0,0.0,0.0,0.0,0.0,0.0
1,1,0.059624262,0.8062945,0.12040917,0.0,0.013672048,0.0,0.0,0.0,0.0,0.0,0.0,0.0
1,1,0.059624262,0.8062945,0.12040917,0.0,0.013672048,0.0,0.0,0.0,0.0,0.0,0.0,0.0
1,1,0.059624262,0.8062945,0.12040917,0.0,0.013672048,0.0,0.0,0.0,0.0,0.0,0.0,0.0
1,1,0.059624262,0.8062945,0.12040917,0.0,0.013672048,0.0,0.0,0.0,0.0,0.0,0.0,0.0
1,1,0.059624262,0.8062945,0.12040917,0.0,0.013672048,0.0,0.0,0.0,0.0,0.0,0.0,0.0
1,1,0.059624262,0.8062945,0.12040917,0.0,0.013672048,0.0,0.0,0.0,0.0,0.0,0.0,0.0
1,1,0.059624262,0.8062945,0.12040917,0.0,0.013672048,0.0,0.0,0.0,0.0,0.0,0.0,0.0
1,1,0.059624262,0.8062945,0.12040917,0.0,0.013672048,0.0,0.0,0.0,0.0,0.0,0.0,0.0
1,1,0.059624262,0.8062945,0.12040917,0.0,0.013672048,0.0,0.0,0.0,0.0,0.0,0.0,0.0
1,1,0.059624262,0.8062945,0.12040917,0.0,0.013672048,0.0,0.0,0.0,0.0,0.0,0.0,0.0
1,1,0.059624262,0.8062945,0.12040917,0.0,0.013672048,0.0,0.0,0.0,0.0,0.0,0.0,0.0
1,1,0.059624262,0.8062945,0.12040917,0.0,0.013672048,0.0,0.0,0.0,0.0,0.0,0.0,0.0
1,1,0.059624262,0.8062945,0.12040917,0.0,0.013672048,0.0,0.0,0.0,0.0,0.0,0.0,0.0
1,1,0.059624262,0.8062945,0.12040917,0.0,0.013672048,0.0,0.0,0.0,0.0,0.0,0.0,0.0
1,1,0.059624262,0.8062945,0.12040917,0.0,0.013672048,0.0,0.0,0.0,0.0,0.0,0.0,0.0
1,1,0.059624262,0.8062945,0.12040917,0.0,0.013672048,0.0,0.0,0.0,0.0,0.0,0.0,0.0
1,1,0.059624262,0.8062945,0.12040917,0.0,0.013672048,0.0,0.0,0.0,0.0,0.0,0.0,0.0
1,1,0.059624262,0.8062945,0.12040917,0.0,0.013672048,0.0,0.0,0.0,0.0,0.0,0.0,0.0
1,1,0.059624262,0.8062945,0.12040917,0.0,0.013672048,0.0,0.0,0.0,0.0,0.0,0.0,0.0
1,1,0.059624262,0.8062945,0.12040917,0.0,0.013672048,0.0,0.0,0.0,0.0,0.0,0.0,0.0
1,1,0.059624262,0.8062945,0.12040917,0.0,0.013672048,0.0,0.0,0.0,0.0,0.0,0.0,0.0
1,1,0.059624262,0.8062945,0.12040917,0.0,0.013672048,0.0,0.0,0.0,0.0,0.0,0.0,0.0
1,1,0.059624262,0.8062945,0.12040917,0.0,0.013672048,0.0,0.0,0.0,0.0,0.0,0.0,0.0
1,1,0.059624262,0.8062945,0.12040917,0.0,0.013672048,0.0,0.0,0.0,0.0,0.0,0.0,0.0
1,1,0.059624262,0.8062945,0.12040917,0.0,0.013672048,0.0,0.0,0.0,0.0,0.0,0.0,0.0
1,1,0.059624262,0.8062945,0.12040917,0.0,0.013672048,0.0,0.0,0.0,0.0,0.0,0.0,0.0
1,1,0.059624262,0.8062945,0.12040917,0.0,0.013672048,0.0,0.0,0.0,0.0,0.0,0.0,0.0
1,1,0.059624262,0.8062945,0.12040917,0.0,0.013672048,0.0,0.0,0.0,0.0,0.0,0.0,0.0
1,1,0.059624262,0.8062945,0.12040917,0.0,0.013672048,0.0,0.0,0.0,0.0,0.0,0.0,0.0
1,1,0.059624262,0.8062945,0.12040917,0.0,0.013672048,0.0,0.0,0.0,0.0,0.0,0.0,0.0
1,1,0.059624262,0.8062945,0.12040917,0.0,0.013672048,0.0,0.0,0.0,0.0,0.0,0.0,0.0
1,1,0.059624262,0.8062945,0.12040917,0.0,0.013672048,0.0,0.0,0.0,0.0,0.0,0.0,0.0
1,1,0.059624262,0.8062945,0.12040917,0.0,0.013672048,0.0,0.0,0.0,0.0,0.0,0.0,0.0
1,1,0.059624262,0.8062945,0.12040917,0.0,0.013672048,0.0,0.0,0.0,0.0,0.0,0.0,0.0
1,1,0.059624262,0.8062945,0.12040917,0.0,0.013672048,0.0,0.0,0.0,0.0,0.0,0.0,0.0
1,1,0.059624262,0.8062945,0.12040917,0.0,0.013672048,0.0,0.0,0.0,0.0,0.0,0.0,0.0
1,1,0.059624262,0.8062945,0.12040917,0.0,0.013672048,0.0,0.0,0.0,0.0,0.0,0.0,0.0
1,1,0.059624262,0.8062945,0.12040917,0.0,0.013672048,0.0,0.0,0.0,0.0,0.0,0.0,0.0
1,1,0.059624262,0.8062945,0.12040917,0.0,0.013672048,0.0,0.0,0.0,0.0,0.0,0.0,0.0
1,1,0.059624262,0.8062945,0.12040917,0.0,0.013672048,0.0,0.0,0.0,0.0,0.0,0.0,0.0
1,1,0.059624262,0.8062945,0.12040917,0.0,0.013672048,0.0,0.0,0.0,0.0,0.0,0.0,0.0
1,1,0.059624262,0.8062945,0.12040917,0.0,0.013672048,0.0,0.0,0.0,0.0,0.0,0.0,0.0
1,1,0.059624262,0.8062945,0.12040917,0.0,0.013672048,0.0,0.0,0.0,0.0,0.0,0.0,0.0
1,1,0.059624262,0.8062945,0.12040917,0.0,0.013672048,0.0,0.0,0.0,0.0,0.0,0.0,0.0
1,1,0.059624262,0.8062945,0.12040917,0.0,0.013672048,0.0,0.0,0.0,0.0,0.0,0.0,0.0
1,1,0.059624262,0.8062945,0.12040917,0.0,0.013672048,0.0,0.0,0.0,0.0,0.0,0.0,0.0
1,1,0.059624262,0.8062945,0.12040917,0.0,0.013672048,0.0,0.0,0.0,0.0,0.0,0.0,0.0
1,1,0.059624262,0.8062945,0.12040917,0.0,0.013672048,0.0,0.0,0.0,0.0,0.0,0.0,0.0
1,1,0.059624262,0.8062945,0.12040917,0.0,0.013672048,0.0,0.0,0.0,0.0,0.0,0.0,0.0
1,1,0.059624262,0.8062945,0.12040917,0.0,0.013672048,0.0,0.0,0.0,0.0,0.0,0.0,0.0
1,1,0.059624262,0.8062945,0.12040917,0.0,0.013672048,0.0,0.0,0.0,0.0,0.0,0.0,0.0
1,1,0.059624262,0.8062945,0.12040917,0.0,0.013672048,0.0,0.0,0.0,0.0,0.0,0.0,0.0
1,1,0.059624262,0.8062945,0.12040917,0.0,0.013672048,0.0,0.0,0.0,0.0,0.0,0.0,0.0
1,1,0.059624262,0.8062945,0.12040917,0.0,0.013672048,0.0,0.0,0.0,0.0,0.0,0.0,0.0
1,1,0.059624262,0.8062945,0.12040917,0.0,0.013672048,0.0,0.0,0.0,0.0,0.0,0.0,0.0
1,1,0.08613805,0.7797807,0.12040917,0.0,0.013672048,0.0,0.0,0.0,0.0,0.0,0.0,0.0
1,1,0.08613805,0.7797807,0.12040917,0.0,0.013672048,0.0,0.0,0.0,0.0,0.0,0.0,0.0
1,1,0.08613805,0.7797807,0.12040917,0.0,0.013672048,0.0,0.0,0.0,0.0,0.0,0.0,0.0
1,1,0.08613805,0.7797807,0.12040917,0.0,0.013672048,0.0,0.0,0.0,0.0,0.0,0.0,0.0
1,1,0.08613805,0.7797807,0.12040917,0.0,0.013672048,0.0,0.0,0.0,0.0,0.0,0.0,0.0
1,1,0.08613805,0.7797807,0.12040917,0.0,0.013672048,0.0,0.0,0.0,0.0,0.0,0.0,0.0
1,1,0.08613805,0.7797807,0.12040917,0.0,0.013672048,0.0,0.0,0.0,0.0,0.0,0.0,0.0
1,1,0.08613805,0.7797807,0.12040917,0.0,0.013672048,0.0,0.0,0.0,0.0,0.0,0.0,0.0
1,1,0.08613805,0.7797807,0.12040917,0.0,0.013672048,0.0,0.0,0.0,0.0,0.0,0.0,0.0
1,1,0.08613805,0.7797807,0.12040917,0.0,0.013672048,0.0,0.0,0.0,0.0,0.0,0.0,0.0
1,1,0.08613805,0.7797807,0.12040917,0.0,0.013672048,0.0,0.0,0.0,0.0,0.0,0.0,0.0
1,1,0.08613805,0.7797807,0.12040917,0.0,0.013672048,0.0,0.0,0.0,0.0,0.0,0.0,0.0
1,1,0.08613805,0.7797807,0.12040917,0.0,0.013672048,0.0,0.0,0.0,0.0,0.0,0.0,0.0
1,1,0.08613805,0.7797807,0.12040917,0.0,0.013672048,0.0,0.0,0.0,0.0,0.0,0.0,0.0
1,1,0.08613805,0.7797807,0.12040917,0.0,0.013672048,0.0,0.0,0.0,0.0,0.0,0.0,0.0
1,1,0.08613805,0.7797807,0.12040917,0.0,0.013672048,0.0,0.0,0.0,0.0,0.0,0.0,0.0
1,1,0.08613805,0.7797807,0.12040917,0.0,0.013672048,0.0,0.0,0.0,0.0,0.0,0.0,0.0
1,1,0.08613805,0.7797807,0.12040917,0.0,0.013672048,0.0,0.0,0.0,0.0,0.0,0.0,0.0
1,1,0.08613805,0.7797807,0.12040917,0.0,0.013672048,0.0,0.0,0.0,0.0,0.0,0.0,0.0
1,1,0.08613805,0.7797807,0.12040917,0.0,0.013672048,0.0,0.0,0.0,0.0,0.0,0.0,0.0
1,1,0.08613805,0.7797807,0.12040917,0.0,0.013672048,0.0,0.0,0.0,0.0,0.0,0.0,0.0
1,1,0.08613805,0.7797807,0.12040917,0.0,0.013672048,0.0,0.0,0.0,0.0,0.0,0.0,0.0
1,1,0.08613805,0.7797807,0.12040917,0.0,0.013672048,0.0,0.0,0.0,0.0,0.0,0.0,0.0
1,1,0.08613805,0.7797807,0.12040917,0.0,0.013672048,0.0,0.0,0.0,0.0,0.0,0.0,0.0
1,1,0.08613805,0.7797807,0.12040917,0.0,0.013672048,0.0,0.0,0.0,0.0,0.0,0.0,0.0
1,1,0.08613805,0.7797807,0.12040917,0.0,0.013672048,0.0,0.0,0.0,0.0,0.0,0.0,0.0
1,1,0.08613805,0.7797807,0.12040917,0.0,0.013672048,0.0,0.0,0.0,0.0,0.0,0.0,0.0
1,1,0.08613805,0.7797807,0.12040917,0.0,0.013672048,0.0,0.0,0.0,0.0,0.0,0.0,0.0
1,1,0.08613805,0.7797807,0.12040917,0.0,0.013672048,0.0,0.0,0.0,0.0,0.0,0.0,0.0
1,1,0.08613805,0.7797807,0.12040917,0.0,0.013672048,0.0,0.0,0.0,0.0,0.0,0.0,0.0
1,1,0.08613805,0.7797807,0.12040917,0.0,0.013672048,0.0,0.0,0.0,0.0,0.0,0.0,0.0
1,1,0.08613805,0.7797807,0.12040917,0.0,0.013672048,0.0,0.0,0.0,0.0,0.0,0.0,0.0
1,1,0.059624262,0.8062945,0.12040917,0.0,0.013672048,0.0,0.0,0.0,0.0,0.0,0.0,0.0
1,1,0.059624262,0.8062945,0.12040917,0.0,0.013672048,0.0,0.0,0.0,0.0,0.0,0.0,0.0
1,1,0.059624262,0.8062945,0.12040917,0.0,0.013672048,0.0,0.0,0.0,0.0,0.0,0.0,0.0
1,1,0.059624262,0.8062945,0.12040917,0.0,0.013672048,0.0,0.0,0.0,0.0,0.0,0.0,0.0
1,1,0.059624262,0.8062945,0.12040917,0.0,0.013672048,0.0,0.0,0.0,0.0,0.0,0.0,0.0
1,1,0.059624262,0.8062945,0.12040917,0.0,0.013672048,0.0,0.0,0.0,0.0,0.0,0.0,0.0
1,1,0.059624262,0.8062945,0.12040917,0.0,0.013672048,0.0,0.0,0.0,0.0,0.0,0.0,0.0
1,1,0.059624262,0.8062945,0.12040917,0.0,0.013672048,0.0,0.0,0.0,0.0,0.0,0.0,0.0
1,1,0.059624262,0.8062945,0.12040917,0.0,0.013672048,0.0,0.0,0.0,0.0,0.0,0.0,0.0
1,1,0.059624262,0.8062945,0.12040917,0.0,0.013672048,0.0,0.0,0.0,0.0,0.0,0.0,0.0
1,1,0.059624262,0.8062945,0.12040917,0.0,0.013672048,0.0,0.0,0.0,0.0,0.0,0.0,0.0
1,1,0.059624262,0.8062945,0.12040917,0.0,0.013672048,0.0,0.0,0.0,0.0,0.0,0.0,0.0
1,1,0.059624262,0.8062945,0.12040917,0.0,0.013672048,0.0,0.0,0.0,0.0,0.0,0.0,0.0
1,1,0.059624262,0.8062945,0.12040917,0.0,0.013672048,0.0,0.0,0.0,0.0,0.0,0.0,0.0
1,1,0.059624262,0.8062945,0.12040917,0.0,0.013672048,0.0,0.0,0.0,0.0,0.0,0.0,0.0
1,1,0.059624262,0.8062945,0.12040917,0.0,0.013672048,0.0,0.0,0.0,0.0,0.0,0.0,0.0
1,1,0.09960312,0.8062945,0.08043031,0.0,0.013672048,0.0,0.0,0.0,0.0,0.0,0.0,0.0
1,1,0.09960312,0.8062945,0.08043031,0.0,0.013672048,0.0,0.0,0.0,0.0,0.0,0.0,0.0
1,1,0.09960312,0.8062945,0.08043031,0.0,0.013672048,0.0,0.0,0.0,0.0,0.0,0.0,0.0
1,1,0.09960312,0.8062945,0.08043031,0.0,0.013672048,0.0,0.0,0.0,0.0,0.0,0.0,0.0
1,1,0.12372703,0.7821706,0.08043031,0.0,0.013672048,0.0,0.0,0.0,0.0,0.0,0.0,0.0
1,1,0.12372703,0.7821706,0.08043031,0.0,0.013672048,0.0,0.0,0.0,0.0,0.0,0.0,0.0
1,1,0.12372703,0.7821706,0.08043031,0.0,0.013672048,0.0,0.0,0.0,0.0,0.0,0.0,0.0
1,1,0.12372703,0.7821706,0.08043031,0.0,0.013672048,0.0,0.0,0.0,0.0,0.0,0.0,0.0
1,1,0.12372703,0.7821706,0.08043031,0.0,0.013672048,0.0,0.0,0.0,0.0,0.0,0.0,0.0
1,1,0.12372703,0.7821706,0.08043031,0.0,0.013672048,0.0,0.0,0.0,0.0,0.0,0.0,0.0
1,1,0.12372703,0.7821706,0.08043031,0.0,0.013672048,0.0,0.0,0.0,0.0,0.0,0.0,0.0
1,1,0.12372703,0.7821706,0.08043031,0.0,0.013672048,0.0,0.0,0.0,0.0,0.0,0.0,0.0
1,1,0.12372703,0.7821706,0.08043031,0.0,0.013672048,0.0,0.0,0.0,0.0,0.0,0.0,0.0
1,1,0.12372703,0.7821706,0.08043031,0.0,0.013672048,0.0,0.0,0.0,0.0,0.0,0.0,0.0
1,1,0.12372703,0.7821706,0.08043031,0.0,0.013672048,0.0,0.0,0.0,0.0,0.0,0.0,0.0
1,1,0.12372703,0.7821706,0.08043031,0.0,0.013672048,0.0,0.0,0.0,0.0,0.0,0.0,0.0
1,1,0.12372703,0.7821706,0.08043031,0.0,0.013672048,0.0,0.0,0.0,0.0,0.0,0.0,0.0
1,1,0.12372703,0.7821706,0.08043031,0.0,0.013672048,0.0,0.0,0.0,0.0,0.0,0.0,0.0
1,1,0.12372703,0.7821706,0.08043031,0.0,0.013672048,0.0,0.0,0.0,0.0,0.0,0.0,0.0
1,1,0.12372703,0.7821706,0.08043031,0.0,0.013672048,0.0,0.0,0.0,0.0,0.0,0.0,0.0
1,1,0.12372703,0.7821706,0.08043031,0.0,0.013672048,0.0,0.0,0.0,0.0,0.0,0.0,0.0
1,1,0.12372703,0.7821706,0.08043031,0.0,0.013672048,0.0,0.0,0.0,0.0,0.0,0.0,0.0
1,1,0.12372703,0.7821706,0.08043031,0.0,0.013672048,0.0,0.0,0.0,0.0,0.0,0.0,0.0
1,1,0.12372703,0.7821706,0.08043031,0.0,0.013672048,0.0,0.0,0.0,0.0,0.0,0.0,0.0
1,1,0.12372703,0.7821706,0.08043031,0.0,0.013672048,0.0,0.0,0.0,0.0,0.0,0.0,0.0
1,1,0.12372703,0.7821706,0.08043031,0.0,0.013672048,0.0,0.0,0.0,0.0,0.0,0.0,0.0
1,1,0.12372703,0.7821706,0.08043031,0.0,0.013672048,0.0,0.0,0.0,0.0,0.0,0.0,0.0
1,1,0.12372703,0.7821706,0.08043031,0.0,0.013672048,0.0,0.0,0.0,0.0,0.0,0.0,0.0
1,1,0.12372703,0.7821706,0.08043031,0.0,0.013672048,0.0,0.0,0.0,0.0,0.0,0.0,0.0
1,1,0.12372703,0.7821706,0.08043031,0.0,0.013672048,0.0,0.0,0.0,0.0,0.0,0.0,0.0
1,1,0.12372703,0.7821706,0.08043031,0.0,0.013672048,0.0,0.0,0.0,0.0,0.0,0.0,0.0
1,1,0.12372703,0.7821706,0.08043031,0.0,0.013672048,0.0,0.0,0.0,0.0,0.0,0.0,0.0
1,1,0.12372703,0.7821706,0.08043031,0.0,0.013672048,0.0,0.0,0.0,0.0,0.0,0.0,0.0
1,1,0.12372703,0.7821706,0.08043031,0.0,0.013672048,0.0,0.0,0.0,0.0,0.0,0.0,0.0
1,1,0.12372703,0.7821706,0.08043031,0.0,0.013672048,0.0,0.0,0.0,0.0,0.0,0.0,0.0
1,1,0.12372703,0.7821706,0.08043031,0.0,0.013672048,0.0,0.0,0.0,0.0,0.0,0.0,0.0
1,1,0.155365,0.7505326,0.08043031,0.0,0.013672048,0.0,0.0,0.0,0.0,0.0,0.0,0.0
1,1,0.155365,0.7505326,0.08043031,0.0,0.013672048,0.0,0.0,0.0,0.0,0.0,0.0,0.0
1,1,0.2357953,0.7505326,0.0,0.0,0.013672048,0.0,0.0,0.0,0.0,0.0,0.0,0.0
1,1,0.26209518,0.7227078,0.0,0.0,0.015196986,0.0,0.0,0.0,0.0,0.0,0.0,0.0
1,1,0.26209518,0.7227078,0.0,0.0,0.015196986,0.0,0.0,0.0,0.0,0.0,0.0,0.0
1,1,0.26209518,0.7227078,0.0,0.0,0.015196986,0.0,0.0,0.0,0.0,0.0,0.0,0.0
1,1,0.26209518,0.7227078,0.0,0.0,0.015196986,0.0,0.0,0.0,0.0,0.0,0.0,0.0
1,1,0.26209518,0.7227078,0.0,0.0,0.015196986,0.0,0.0,0.0,0.0,0.0,0.0,0.0
1,1,0.26209518,0.7227078,0.0,0.0,0.015196986,0.0,0.0,0.0,0.0,0.0,0.0,0.0
1,1,0.26209518,0.7227078,0.0,0.0,0.015196986,0.0,0.0,0.0,0.0,0.0,0.0,0.0
1,1,0.26209518,0.7227078,0.0,0.0,0.015196986,0.0,0.0,0.0,0.0,0.0,0.0,0.0
1,1,0.26209518,0.7227078,0.0,0.0,0.015196986,0.0,0.0,0.0,0.0,0.0,0.0,0.0
1,1,0.29156622,0.69323677,0.0,0.0,0.0151969865,0.0,0.0,0.0,0.0,0.0,0.0,0.0
1,1,0.29156622,0.69323677,0.0,0.0,0.0151969865,0.0,0.0,0.0,0.0,0.0,0.0,0.0
1,1,0.29156622,0.69323677,0.0,0.0,0.0151969865,0.0,0.0,0.0,0.0,0.0,0.0,0.0
1,1,0.29156622,0.69323677,0.0,0.0,0.0151969865,0.0,0.0,0.0,0.0,0.0,0.0,0.0
1,1,0.29156622,0.69323677,0.0,0.0,0.0151969865,0.0,0.0,0.0,0.0,0.0,0.0,0.0
1,1,0.29156622,0.69323677,0.0,0.0,0.0151969865,0.0,0.0,0.0,0.0,0.0,0.0,0.0
1,1,0.29156622,0.69323677,0.0,0.0,0.0151969865,0.0,0.0,0.0,0.0,0.0,0.0,0.0
1,1,0.29156622,0.69323677,0.0,0.0,0.0151969865,0.0,0.0,0.0,0.0,0.0,0.0,0.0
1,1,0.29156622,0.69323677,0.0,0.0,0.0151969865,0.0,0.0,0.0,0.0,0.0,0.0,0.0
1,1,0.29156622,0.69323677,0.0,0.0,0.0151969865,0.0,0.0,0.0,0.0,0.0,0.0,0.0
1,1,0.29156622,0.69323677,0.0,0.0,0.0151969865,0.0,0.0,0.0,0.0,0.0,0.0,0.0
1,1,0.29156622,0.69323677,0.0,0.0,0.0151969865,0.0,0.0,0.0,0.0,0.0,0.0,0.0
1,1,0.29156622,0.69323677,0.0,0.0,0.0151969865,0.0,0.0,0.0,0.0,0.0,0.0,0.0
1,1,0.29156622,0.69323677,0.0,0.0,0.0151969865,0.0,0.0,0.0,0.0,0.0,0.0,0.0
1,1,0.29156622,0.69323677,0.0,0.0,0.0151969865,0.0,0.0,0.0,0.0,0.0,0.0,0.0
1,1,0.29156622,0.69323677,0.0,0.0,0.0151969865,0.0,0.0,0.0,0.0,0.0,0.0,0.0
1,1,0.29156622,0.69323677,0.0,0.0,0.0151969865,0.0,0.0,0.0,0.0,0.0,0.0,0.0
1,1,0.29156622,0.69323677,0.0,0.0,0.0151969865,0.0,0.0,0.0,0.0,0.0,0.0,0.0
1,1,0.29156622,0.69323677,0.0,0.0,0.0151969865,0.0,0.0,0.0,0.0,0.0,0.0,0.0
1,1,0.29156622,0.69323677,0.0,0.0,0.0151969865,0.0,0.0,0.0,0.0,0.0,0.0,0.0
1,1,0.29156622,0.69323677,0.0,0.0,0.0151969865,0.0,0.0,0.0,0.0,0.0,0.0,0.0
1,1,0.29156622,0.69323677,0.0,0.0,0.0151969865,0.0,0.0,0.0,0.0,0.0,0.0,0.0
1,1,0.29156622,0.69323677,0.0,0.0,0.0151969865,0.0,0.0,0.0,0.0,0.0,0.0,0.0
1,1,0.29156622,0.69323677,0.0,0.0,0.0151969865,0.0,0.0,0.0,0.0,0.0,0.0,0.0
1,1,0.29156625,0.7084338,0.0,0.0,0.0,0.0,0.0,0.0,0.0,0.0,0.0,0.0
1,1,0.29156625,0.7084338,0.0,0.0,0.0,0.0,0.0,0.0,0.0,0.0,0.0,0.0
1,1,0.26230907,0.7376909,0.0,0.0,0.0,0.0,0.0,0.0,0.0,0.0,0.0,0.0
1,1,0.26230907,0.7376909,0.0,0.0,0.0,0.0,0.0,0.0,0.0,0.0,0.0,0.0
1,1,0.26230907,0.7376909,0.0,0.0,0.0,0.0,0.0,0.0,0.0,0.0,0.0,0.0
1,1,0.26230907,0.7376909,0.0,0.0,0.0,0.0,0.0,0.0,0.0,0.0,0.0,0.0
1,1,0.26230907,0.7376909,0.0,0.0,0.0,0.0,0.0,0.0,0.0,0.0,0.0,0.0
1,1,0.26230907,0.7376909,0.0,0.0,0.0,0.0,0.0,0.0,0.0,0.0,0.0,0.0
1,1,0.2357953,0.7642047,0.0,0.0,0.0,0.0,0.0,0.0,0.0,0.0,0.0,0.0
1,1,0.2357953,0.7642047,0.0,0.0,0.0,0.0,0.0,0.0,0.0,0.0,0.0,0.0
1,1,0.2357953,0.7642047,0.0,0.0,0.0,0.0,0.0,0.0,0.0,0.0,0.0,0.0
1,1,0.2357953,0.7642047,0.0,0.0,0.0,0.0,0.0,0.0,0.0,0.0,0.0,0.0
1,1,0.2357953,0.7642047,0.0,0.0,0.0,0.0,0.0,0.0,0.0,0.0,0.0,0.0
1,1,0.2357953,0.7642047,0.0,0.0,0.0,0.0,0.0,0.0,0.0,0.0,0.0,0.0
1,1,0.2357953,0.7642047,0.0,0.0,0.0,0.0,0.0,0.0,0.0,0.0,0.0,0.0
1,1,0.2357953,0.7642047,0.0,0.0,0.0,0.0,0.0,0.0,0.0,0.0,0.0,0.0
1,1,0.2357953,0.7642047,0.0,0.0,0.0,0.0,0.0,0.0,0.0,0.0,0.0,0.0
1,1,0.2357953,0.7642047,0.0,0.0,0.0,0.0,0.0,0.0,0.0,0.0,0.0,0.0
1,1,0.2357953,0.7642047,0.0,0.0,0.0,0.0,0.0,0.0,0.0,0.0,0.0,0.0
1,1,0.2357953,0.7642047,0.0,0.0,0.0,0.0,0.0,0.0,0.0,0.0,0.0,0.0
1,1,0.2357953,0.7642047,0.0,0.0,0.0,0.0,0.0,0.0,0.0,0.0,0.0,0.0
1,1,0.2357953,0.7642047,0.0,0.0,0.0,0.0,0.0,0.0,0.0,0.0,0.0,0.0
1,1,0.2357953,0.7642047,0.0,0.0,0.0,0.0,0.0,0.0,0.0,0.0,0.0,0.0
1,1,0.2357953,0.7642047,0.0,0.0,0.0,0.0,0.0,0.0,0.0,0.0,0.0,0.0
1,1,0.2357953,0.7642047,0.0,0.0,0.0,0.0,0.0,0.0,0.0,0.0,0.0,0.0
1,1,0.2357953,0.7642047,0.0,0.0,0.0,0.0,0.0,0.0,0.0,0.0,0.0,0.0
1,1,0.2357953,0.7642047,0.0,0.0,0.0,0.0,0.0,0.0,0.0,0.0,0.0,0.0
1,1,0.2357953,0.7642047,0.0,0.0,0.0,0.0,0.0,0.0,0.0,0.0,0.0,0.0
1,1,0.2357953,0.7642047,0.0,0.0,0.0,0.0,0.0,0.0,0.0,0.0,0.0,0.0
1,1,0.2357953,0.7642047,0.0,0.0,0.0,0.0,0.0,0.0,0.0,0.0,0.0,0.0
1,1,0.2357953,0.7642047,0.0,0.0,0.0,0.0,0.0,0.0,0.0,0.0,0.0,0.0
1,1,0.2357953,0.7642047,0.0,0.0,0.0,0.0,0.0,0.0,0.0,0.0,0.0,0.0
1,1,0.2357953,0.7642047,0.0,0.0,0.0,0.0,0.0,0.0,0.0,0.0,0.0,0.0
1,1,0.2357953,0.7642047,0.0,0.0,0.0,0.0,0.0,0.0,0.0,0.0,0.0,0.0
1,1,0.2357953,0.7642047,0.0,0.0,0.0,0.0,0.0,0.0,0.0,0.0,0.0,0.0
1,1,0.2357953,0.7642047,0.0,0.0,0.0,0.0,0.0,0.0,0.0,0.0,0.0,0.0
1,1,0.2357953,0.7642047,0.0,0.0,0.0,0.0,0.0,0.0,0.0,0.0,0.0,0.0
1,1,0.2357953,0.7642047,0.0,0.0,0.0,0.0,0.0,0.0,0.0,0.0,0.0,0.0
1,1,0.2357953,0.7642047,0.0,0.0,0.0,0.0,0.0,0.0,0.0,0.0,0.0,0.0
1,1,0.2357953,0.7642047,0.0,0.0,0.0,0.0,0.0,0.0,0.0,0.0,0.0,0.0
1,1,0.2357953,0.7642047,0.0,0.0,0.0,0.0,0.0,0.0,0.0,0.0,0.0,0.0
1,1,0.2357953,0.7642047,0.0,0.0,0.0,0.0,0.0,0.0,0.0,0.0,0.0,0.0
1,1,0.2357953,0.7642047,0.0,0.0,0.0,0.0,0.0,0.0,0.0,0.0,0.0,0.0
1,1,0.2357953,0.7642047,0.0,0.0,0.0,0.0,0.0,0.0,0.0,0.0,0.0,0.0
1,1,0.2357953,0.7642047,0.0,0.0,0.0,0.0,0.0,0.0,0.0,0.0,0.0,0.0
1,1,0.2357953,0.7642047,0.0,0.0,0.0,0.0,0.0,0.0,0.0,0.0,0.0,0.0
1,1,0.2357953,0.7642047,0.0,0.0,0.0,0.0,0.0,0.0,0.0,0.0,0.0,0.0
1,1,0.2357953,0.7642047,0.0,0.0,0.0,0.0,0.0,0.0,0.0,0.0,0.0,0.0
1,1,0.2357953,0.7642047,0.0,0.0,0.0,0.0,0.0,0.0,0.0,0.0,0.0,0.0
1,1,0.2357953,0.7642047,0.0,0.0,0.0,0.0,0.0,0.0,0.0,0.0,0.0,0.0
1,1,0.2357953,0.7642047,0.0,0.0,0.0,0.0,0.0,0.0,0.0,0.0,0.0,0.0
1,1,0.2357953,0.7642047,0.0,0.0,0.0,0.0,0.0,0.0,0.0,0.0,0.0,0.0
1,1,0.2357953,0.7642047,0.0,0.0,0.0,0.0,0.0,0.0,0.0,0.0,0.0,0.0
1,1,0.2357953,0.7642047,0.0,0.0,0.0,0.0,0.0,0.0,0.0,0.0,0.0,0.0
1,1,0.2357953,0.7642047,0.0,0.0,0.0,0.0,0.0,0.0,0.0,0.0,0.0,0.0
1,1,0.2357953,0.7642047,0.0,0.0,0.0,0.0,0.0,0.0,0.0,0.0,0.0,0.0
1,1,0.2357953,0.7642047,0.0,0.0,0.0,0.0,0.0,0.0,0.0,0.0,0.0,0.0
1,1,0.2357953,0.7642047,0.0,0.0,0.0,0.0,0.0,0.0,0.0,0.0,0.0,0.0
1,1,0.2357953,0.7642047,0.0,0.0,0.0,0.0,0.0,0.0,0.0,0.0,0.0,0.0
1,1,0.2357953,0.7642047,0.0,0.0,0.0,0.0,0.0,0.0,0.0,0.0,0.0,0.0
1,1,0.2357953,0.7642047,0.0,0.0,0.0,0.0,0.0,0.0,0.0,0.0,0.0,0.0
1,1,0.2357953,0.7642047,0.0,0.0,0.0,0.0,0.0,0.0,0.0,0.0,0.0,0.0
1,1,0.2357953,0.7642047,0.0,0.0,0.0,0.0,0.0,0.0,0.0,0.0,0.0,0.0
1,1,0.2357953,0.7642047,0.0,0.0,0.0,0.0,0.0,0.0,0.0,0.0,0.0,0.0
1,1,0.2357953,0.7642047,0.0,0.0,0.0,0.0,0.0,0.0,0.0,0.0,0.0,0.0
1,1,0.2357953,0.7642047,0.0,0.0,0.0,0.0,0.0,0.0,0.0,0.0,0.0,0.0
1,1,0.2357953,0.7642047,0.0,0.0,0.0,0.0,0.0,0.0,0.0,0.0,0.0,0.0
1,1,0.2357953,0.7642047,0.0,0.0,0.0,0.0,0.0,0.0,0.0,0.0,0.0,0.0
1,1,0.2357953,0.7642047,0.0,0.0,0.0,0.0,0.0,0.0,0.0,0.0,0.0,0.0
1,1,0.2357953,0.7642047,0.0,0.0,0.0,0.0,0.0,0.0,0.0,0.0,0.0,0.0
1,1,0.2357953,0.7642047,0.0,0.0,0.0,0.0,0.0,0.0,0.0,0.0,0.0,0.0
1,1,0.2357953,0.7642047,0.0,0.0,0.0,0.0,0.0,0.0,0.0,0.0,0.0,0.0
1,1,0.2357953,0.7642047,0.0,0.0,0.0,0.0,0.0,0.0,0.0,0.0,0.0,0.0
1,1,0.2357953,0.7642047,0.0,0.0,0.0,0.0,0.0,0.0,0.0,0.0,0.0,0.0
1,1,0.2357953,0.7642047,0.0,0.0,0.0,0.0,0.0,0.0,0.0,0.0,0.0,0.0
1,1,0.2357953,0.7642047,0.0,0.0,0.0,0.0,0.0,0.0,0.0,0.0,0.0,0.0
1,1,0.2357953,0.7642047,0.0,0.0,0.0,0.0,0.0,0.0,0.0,0.0,0.0,0.0
1,1,0.2357953,0.7642047,0.0,0.0,0.0,0.0,0.0,0.0,0.0,0.0,0.0,0.0
1,1,0.2357953,0.7642047,0.0,0.0,0.0,0.0,0.0,0.0,0.0,0.0,0.0,0.0
1,1,0.2357953,0.7642047,0.0,0.0,0.0,0.0,0.0,0.0,0.0,0.0,0.0,0.0
1,1,0.2357953,0.7642047,0.0,0.0,0.0,0.0,0.0,0.0,0.0,0.0,0.0,0.0
1,1,0.2357953,0.7642047,0.0,0.0,0.0,0.0,0.0,0.0,0.0,0.0,0.0,0.0
1,1,0.2357953,0.7642047,0.0,0.0,0.0,0.0,0.0,0.0,0.0,0.0,0.0,0.0
1,1,0.2357953,0.7642047,0.0,0.0,0.0,0.0,0.0,0.0,0.0,0.0,0.0,0.0
1,1,0.2357953,0.7642047,0.0,0.0,0.0,0.0,0.0,0.0,0.0,0.0,0.0,0.0
1,1,0.2357953,0.7642047,0.0,0.0,0.0,0.0,0.0,0.0,0.0,0.0,0.0,0.0
1,1,0.2357953,0.7642047,0.0,0.0,0.0,0.0,0.0,0.0,0.0,0.0,0.0,0.0
1,1,0.2357953,0.7642047,0.0,0.0,0.0,0.0,0.0,0.0,0.0,0.0,0.0,0.0
1,1,0.2357953,0.7642047,0.0,0.0,0.0,0.0,0.0,0.0,0.0,0.0,0.0,0.0
1,1,0.2357953,0.7642047,0.0,0.0,0.0,0.0,0.0,0.0,0.0,0.0,0.0,0.0
1,1,0.2357953,0.7642047,0.0,0.0,0.0,0.0,0.0,0.0,0.0,0.0,0.0,0.0
1,1,0.2357953,0.7642047,0.0,0.0,0.0,0.0,0.0,0.0,0.0,0.0,0.0,0.0
1,1,0.2357953,0.7642047,0.0,0.0,0.0,0.0,0.0,0.0,0.0,0.0,0.0,0.0
1,1,0.2357953,0.7642047,0.0,0.0,0.0,0.0,0.0,0.0,0.0,0.0,0.0,0.0
1,1,0.2357953,0.7642047,0.0,0.0,0.0,0.0,0.0,0.0,0.0,0.0,0.0,0.0
1,1,0.2357953,0.7642047,0.0,0.0,0.0,0.0,0.0,0.0,0.0,0.0,0.0,0.0
1,1,0.2357953,0.7642047,0.0,0.0,0.0,0.0,0.0,0.0,0.0,0.0,0.0,0.0
1,1,0.2357953,0.7642047,0.0,0.0,0.0,0.0,0.0,0.0,0.0,0.0,0.0,0.0
1,1,0.2357953,0.7642047,0.0,0.0,0.0,0.0,0.0,0.0,0.0,0.0,0.0,0.0
1,1,0.2357953,0.7642047,0.0,0.0,0.0,0.0,0.0,0.0,0.0,0.0,0.0,0.0
1,1,0.2357953,0.7642047,0.0,0.0,0.0,0.0,0.0,0.0,0.0,0.0,0.0,0.0
1,1,0.2357953,0.7642047,0.0,0.0,0.0,0.0,0.0,0.0,0.0,0.0,0.0,0.0
1,1,0.2357953,0.7642047,0.0,0.0,0.0,0.0,0.0,0.0,0.0,0.0,0.0,0.0
1,1,0.2357953,0.7642047,0.0,0.0,0.0,0.0,0.0,0.0,0.0,0.0,0.0,0.0
1,1,0.2357953,0.7642047,0.0,0.0,0.0,0.0,0.0,0.0,0.0,0.0,0.0,0.0
1,1,0.2357953,0.7642047,0.0,0.0,0.0,0.0,0.0,0.0,0.0,0.0,0.0,0.0
1,1,0.2357953,0.7642047,0.0,0.0,0.0,0.0,0.0,0.0,0.0,0.0,0.0,0.0
1,1,0.2357953,0.7642047,0.0,0.0,0.0,0.0,0.0,0.0,0.0,0.0,0.0,0.0
1,1,0.2357953,0.7642047,0.0,0.0,0.0,0.0,0.0,0.0,0.0,0.0,0.0,0.0
1,1,0.2357953,0.7642047,0.0,0.0,0.0,0.0,0.0,0.0,0.0,0.0,0.0,0.0
1,1,0.2357953,0.7642047,0.0,0.0,0.0,0.0,0.0,0.0,0.0,0.0,0.0,0.0
1,1,0.2357953,0.7642047,0.0,0.0,0.0,0.0,0.0,0.0,0.0,0.0,0.0,0.0
1,1,0.2357953,0.7642047,0.0,0.0,0.0,0.0,0.0,0.0,0.0,0.0,0.0,0.0
1,1,0.2357953,0.7642047,0.0,0.0,0.0,0.0,0.0,0.0,0.0,0.0,0.0,0.0
1,1,0.2357953,0.7642047,0.0,0.0,0.0,0.0,0.0,0.0,0.0,0.0,0.0,0.0
1,1,0.2357953,0.7642047,0.0,0.0,0.0,0.0,0.0,0.0,0.0,0.0,0.0,0.0
1,1,0.2357953,0.7642047,0.0,0.0,0.0,0.0,0.0,0.0,0.0,0.0,0.0,0.0
1,1,0.2357953,0.7642047,0.0,0.0,0.0,0.0,0.0,0.0,0.0,0.0,0.0,0.0
1,1,0.2357953,0.7642047,0.0,0.0,0.0,0.0,0.0,0.0,0.0,0.0,0.0,0.0
1,1,0.2357953,0.7642047,0.0,0.0,0.0,0.0,0.0,0.0,0.0,0.0,0.0,0.0
1,1,0.2357953,0.7642047,0.0,0.0,0.0,0.0,0.0,0.0,0.0,0.0,0.0,0.0
1,1,0.2357953,0.7642047,0.0,0.0,0.0,0.0,0.0,0.0,0.0,0.0,0.0,0.0
1,1,0.2357953,0.7642047,0.0,0.0,0.0,0.0,0.0,0.0,0.0,0.0,0.0,0.0
1,1,0.2357953,0.7642047,0.0,0.0,0.0,0.0,0.0,0.0,0.0,0.0,0.0,0.0
1,1,0.2357953,0.7642047,0.0,0.0,0.0,0.0,0.0,0.0,0.0,0.0,0.0,0.0
1,1,0.2357953,0.7642047,0.0,0.0,0.0,0.0,0.0,0.0,0.0,0.0,0.0,0.0
1,1,0.2357953,0.7642047,0.0,0.0,0.0,0.0,0.0,0.0,0.0,0.0,0.0,0.0
1,1,0.2357953,0.7642047,0.0,0.0,0.0,0.0,0.0,0.0,0.0,0.0,0.0,0.0
1,1,0.2357953,0.7642047,0.0,0.0,0.0,0.0,0.0,0.0,0.0,0.0,0.0,0.0
1,1,0.2357953,0.7642047,0.0,0.0,0.0,0.0,0.0,0.0,0.0,0.0,0.0,0.0
1,1,0.2357953,0.7642047,0.0,0.0,0.0,0.0,0.0,0.0,0.0,0.0,0.0,0.0
1,1,0.2357953,0.7642047,0.0,0.0,0.0,0.0,0.0,0.0,0.0,0.0,0.0,0.0
1,1,0.2357953,0.7642047,0.0,0.0,0.0,0.0,0.0,0.0,0.0,0.0,0.0,0.0
1,1,0.2357953,0.7642047,0.0,0.0,0.0,0.0,0.0,0.0,0.0,0.0,0.0,0.0
1,1,0.2357953,0.7642047,0.0,0.0,0.0,0.0,0.0,0.0,0.0,0.0,0.0,0.0
1,1,0.2357953,0.7642047,0.0,0.0,0.0,0.0,0.0,0.0,0.0,0.0,0.0,0.0
1,1,0.2357953,0.7505326,0.0,0.013672048,0.0,0.0,0.0,0.0,0.0,0.0,0.0,0.0
1,1,0.2357953,0.7505326,0.0,0.013672048,0.0,0.0,0.0,0.0,0.0,0.0,0.0,0.0
1,1,0.2357953,0.7505326,0.0,0.013672048,0.0,0.0,0.0,0.0,0.0,0.0,0.0,0.0
1,1,0.2357953,0.7505326,0.0,0.013672048,0.0,0.0,0.0,0.0,0.0,0.0,0.0,0.0
1,1,0.2357953,0.7505326,0.0,0.013672048,0.0,0.0,0.0,0.0,0.0,0.0,0.0,0.0
1,1,0.2357953,0.7505326,0.0,0.013672048,0.0,0.0,0.0,0.0,0.0,0.0,0.0,0.0
1,1,0.2357953,0.7505326,0.0,0.013672048,0.0,0.0,0.0,0.0,0.0,0.0,0.0,0.0
1,1,0.2357953,0.7505326,0.0,0.013672048,0.0,0.0,0.0,0.0,0.0,0.0,0.0,0.0
1,1,0.2357953,0.7505326,0.0,0.013672048,0.0,0.0,0.0,0.0,0.0,0.0,0.0,0.0
1,1,0.2357953,0.7505326,0.0,0.013672048,0.0,0.0,0.0,0.0,0.0,0.0,0.0,0.0
1,1,0.2357953,0.7505326,0.0,0.013672048,0.0,0.0,0.0,0.0,0.0,0.0,0.0,0.0
1,1,0.2357953,0.7505326,0.0,0.013672048,0.0,0.0,0.0,0.0,0.0,0.0,0.0,0.0
1,1,0.2357953,0.7505326,0.0,0.013672048,0.0,0.0,0.0,0.0,0.0,0.0,0.0,0.0
1,1,0.2357953,0.7505326,0.0,0.013672048,0.0,0.0,0.0,0.0,0.0,0.0,0.0,0.0
1,1,0.2357953,0.7505326,0.0,0.013672048,0.0,0.0,0.0,0.0,0.0,0.0,0.0,0.0
1,1,0.2357953,0.7505326,0.0,0.013672048,0.0,0.0,0.0,0.0,0.0,0.0,0.0,0.0
1,1,0.19581644,0.7905115,0.0,0.013672048,0.0,0.0,0.0,0.0,0.0,0.0,0.0,0.0
1,1,0.19581644,0.7905115,0.0,0.013672048,0.0,0.0,0.0,0.0,0.0,0.0,0.0,0.0
1,1,0.19581644,0.7905115,0.0,0.013672048,0.0,0.0,0.0,0.0,0.0,0.0,0.0,0.0
1,1,0.19581644,0.7905115,0.0,0.013672048,0.0,0.0,0.0,0.0,0.0,0.0,0.0,0.0
1,1,0.19581644,0.7905115,0.0,0.013672048,0.0,0.0,0.0,0.0,0.0,0.0,0.0,0.0
1,1,0.19581644,0.7905115,0.0,0.013672048,0.0,0.0,0.0,0.0,0.0,0.0,0.0,0.0
1,1,0.19581644,0.7905115,0.0,0.013672048,0.0,0.0,0.0,0.0,0.0,0.0,0.0,0.0
1,1,0.19581644,0.7905115,0.0,0.013672048,0.0,0.0,0.0,0.0,0.0,0.0,0.0,0.0
1,1,0.19581644,0.7905115,0.0,0.013672048,0.0,0.0,0.0,0.0,0.0,0.0,0.0,0.0
1,1,0.19581644,0.7905115,0.0,0.013672048,0.0,0.0,0.0,0.0,0.0,0.0,0.0,0.0
1,1,0.19581644,0.7905115,0.0,0.013672048,0.0,0.0,0.0,0.0,0.0,0.0,0.0,0.0
1,1,0.19581644,0.7905115,0.0,0.013672048,0.0,0.0,0.0,0.0,0.0,0.0,0.0,0.0
1,1,0.19581644,0.7905115,0.0,0.013672048,0.0,0.0,0.0,0.0,0.0,0.0,0.0,0.0
1,1,0.19581644,0.7905115,0.0,0.013672048,0.0,0.0,0.0,0.0,0.0,0.0,0.0,0.0
1,1,0.19581644,0.7905115,0.0,0.013672048,0.0,0.0,0.0,0.0,0.0,0.0,0.0,0.0
1,1,0.19581644,0.7905115,0.0,0.013672048,0.0,0.0,0.0,0.0,0.0,0.0,0.0,0.0
1,1,0.19581644,0.7905115,0.0,0.013672048,0.0,0.0,0.0,0.0,0.0,0.0,0.0,0.0
1,1,0.19581644,0.7905115,0.0,0.013672048,0.0,0.0,0.0,0.0,0.0,0.0,0.0,0.0
1,1,0.19581644,0.7905115,0.0,0.013672048,0.0,0.0,0.0,0.0,0.0,0.0,0.0,0.0
1,1,0.19581644,0.7905115,0.0,0.013672048,0.0,0.0,0.0,0.0,0.0,0.0,0.0,0.0
1,1,0.19581644,0.7905115,0.0,0.013672048,0.0,0.0,0.0,0.0,0.0,0.0,0.0,0.0
1,1,0.19581644,0.7905115,0.0,0.013672048,0.0,0.0,0.0,0.0,0.0,0.0,0.0,0.0
1,1,0.19581644,0.7905115,0.0,0.013672048,0.0,0.0,0.0,0.0,0.0,0.0,0.0,0.0
1,1,0.19581644,0.7905115,0.0,0.013672048,0.0,0.0,0.0,0.0,0.0,0.0,0.0,0.0
1,1,0.19581644,0.7905115,0.0,0.013672048,0.0,0.0,0.0,0.0,0.0,0.0,0.0,0.0
1,1,0.19581644,0.7905115,0.0,0.013672048,0.0,0.0,0.0,0.0,0.0,0.0,0.0,0.0
1,1,0.19581644,0.7905115,0.0,0.013672048,0.0,0.0,0.0,0.0,0.0,0.0,0.0,0.0
1,1,0.19581644,0.7905115,0.0,0.013672048,0.0,0.0,0.0,0.0,0.0,0.0,0.0,0.0
1,1,0.19581644,0.7905115,0.0,0.013672048,0.0,0.0,0.0,0.0,0.0,0.0,0.0,0.0
1,1,0.19581644,0.7905115,0.0,0.013672048,0.0,0.0,0.0,0.0,0.0,0.0,0.0,0.0
1,1,0.19581644,0.7905115,0.0,0.013672048,0.0,0.0,0.0,0.0,0.0,0.0,0.0,0.0
1,1,0.19581644,0.7905115,0.0,0.013672048,0.0,0.0,0.0,0.0,0.0,0.0,0.0,0.0
1,1,0.19581644,0.7905115,0.0,0.013672048,0.0,0.0,0.0,0.0,0.0,0.0,0.0,0.0
1,1,0.19581644,0.7905115,0.0,0.013672048,0.0,0.0,0.0,0.0,0.0,0.0,0.0,0.0
1,1,0.19581644,0.7905115,0.0,0.013672048,0.0,0.0,0.0,0.0,0.0,0.0,0.0,0.0
1,1,0.19581644,0.7905115,0.0,0.013672048,0.0,0.0,0.0,0.0,0.0,0.0,0.0,0.0
1,1,0.19581644,0.7905115,0.0,0.013672048,0.0,0.0,0.0,0.0,0.0,0.0,0.0,0.0
1,1,0.19581644,0.7905115,0.0,0.013672048,0.0,0.0,0.0,0.0,0.0,0.0,0.0,0.0
1,1,0.19581644,0.7905115,0.0,0.013672048,0.0,0.0,0.0,0.0,0.0,0.0,0.0,0.0
1,1,0.19581644,0.7905115,0.0,0.013672048,0.0,0.0,0.0,0.0,0.0,0.0,0.0,0.0
1,1,0.19581644,0.7905115,0.0,0.013672048,0.0,0.0,0.0,0.0,0.0,0.0,0.0,0.0
1,1,0.19581644,0.7905115,0.0,0.013672048,0.0,0.0,0.0,0.0,0.0,0.0,0.0,0.0
1,1,0.19581644,0.7905115,0.0,0.013672048,0.0,0.0,0.0,0.0,0.0,0.0,0.0,0.0
1,1,0.19581644,0.7905115,0.0,0.013672048,0.0,0.0,0.0,0.0,0.0,0.0,0.0,0.0
1,1,0.19581644,0.7905115,0.0,0.013672048,0.0,0.0,0.0,0.0,0.0,0.0,0.0,0.0
1,1,0.19581644,0.7905115,0.0,0.013672048,0.0,0.0,0.0,0.0,0.0,0.0,0.0,0.0
1,1,0.19581644,0.7905115,0.0,0.013672048,0.0,0.0,0.0,0.0,0.0,0.0,0.0,0.0
1,1,0.19581644,0.7905115,0.0,0.013672048,0.0,0.0,0.0,0.0,0.0,0.0,0.0,0.0
1,1,0.33340138,0.65292656,0.0,0.013672048,0.0,0.0,0.0,0.0,0.0,0.0,0.0,0.0
1,1,0.33340138,0.65292656,0.0,0.013672048,0.0,0.0,0.0,0.0,0.0,0.0,0.0,0.0
1,1,0.33340138,0.65292656,0.0,0.013672048,0.0,0.0,0.0,0.0,0.0,0.0,0.0,0.0
1,1,0.33340138,0.65292656,0.0,0.013672048,0.0,0.0,0.0,0.0,0.0,0.0,0.0,0.0
1,1,0.33340138,0.65292656,0.0,0.013672048,0.0,0.0,0.0,0.0,0.0,0.0,0.0,0.0
1,1,0.33340138,0.65292656,0.0,0.013672048,0.0,0.0,0.0,0.0,0.0,0.0,0.0,0.0
1,1,0.33340138,0.65292656,0.0,0.013672048,0.0,0.0,0.0,0.0,0.0,0.0,0.0,0.0
1,1,0.33340138,0.65292656,0.0,0.013672048,0.0,0.0,0.0,0.0,0.0,0.0,0.0,0.0
1,1,0.33340138,0.65292656,0.0,0.013672048,0.0,0.0,0.0,0.0,0.0,0.0,0.0,0.0
1,1,0.33340138,0.65292656,0.0,0.013672048,0.0,0.0,0.0,0.0,0.0,0.0,0.0,0.0
1,1,0.33340138,0.65292656,0.0,0.013672048,0.0,0.0,0.0,0.0,0.0,0.0,0.0,0.0
1,1,0.33340138,0.65292656,0.0,0.013672048,0.0,0.0,0.0,0.0,0.0,0.0,0.0,0.0
1,1,0.33340138,0.65292656,0.0,0.013672048,0.0,0.0,0.0,0.0,0.0,0.0,0.0,0.0
1,1,0.33340138,0.65292656,0.0,0.013672048,0.0,0.0,0.0,0.0,0.0,0.0,0.0,0.0
1,1,0.33340138,0.65292656,0.0,0.013672048,0.0,0.0,0.0,0.0,0.0,0.0,0.0,0.0
1,1,0.33340138,0.65292656,0.0,0.013672048,0.0,0.0,0.0,0.0,0.0,0.0,0.0,0.0
1,1,0.33340138,0.65292656,0.0,0.013672048,0.0,0.0,0.0,0.0,0.0,0.0,0.0,0.0
1,1,0.33340138,0.65292656,0.0,0.013672048,0.0,0.0,0.0,0.0,0.0,0.0,0.0,0.0
1,1,0.33340138,0.65292656,0.0,0.013672048,0.0,0.0,0.0,0.0,0.0,0.0,0.0,0.0
1,1,0.33340138,0.65292656,0.0,0.013672048,0.0,0.0,0.0,0.0,0.0,0.0,0.0,0.0
1,1,0.33340138,0.65292656,0.0,0.013672048,0.0,0.0,0.0,0.0,0.0,0.0,0.0,0.0
1,1,0.33340138,0.65292656,0.0,0.013672048,0.0,0.0,0.0,0.0,0.0,0.0,0.0,0.0
1,1,0.33340138,0.65292656,0.0,0.013672048,0.0,0.0,0.0,0.0,0.0,0.0,0.0,0.0
1,1,0.33340138,0.65292656,0.0,0.013672048,0.0,0.0,0.0,0.0,0.0,0.0,0.0,0.0
1,1,0.33340138,0.65292656,0.0,0.013672048,0.0,0.0,0.0,0.0,0.0,0.0,0.0,0.0
1,1,0.33340138,0.65292656,0.0,0.013672048,0.0,0.0,0.0,0.0,0.0,0.0,0.0,0.0
1,1,0.33340138,0.65292656,0.0,0.013672048,0.0,0.0,0.0,0.0,0.0,0.0,0.0,0.0
1,1,0.33340138,0.65292656,0.0,0.013672048,0.0,0.0,0.0,0.0,0.0,0.0,0.0,0.0
1,1,0.33340138,0.65292656,0.0,0.013672048,0.0,0.0,0.0,0.0,0.0,0.0,0.0,0.0
1,1,0.33340138,0.65292656,0.0,0.013672048,0.0,0.0,0.0,0.0,0.0,0.0,0.0,0.0
1,1,0.33340138,0.65292656,0.0,0.013672048,0.0,0.0,0.0,0.0,0.0,0.0,0.0,0.0
1,1,0.33340138,0.65292656,0.0,0.013672048,0.0,0.0,0.0,0.0,0.0,0.0,0.0,0.0
1,1,0.33340138,0.65292656,0.0,0.013672048,0.0,0.0,0.0,0.0,0.0,0.0,0.0,0.0
1,1,0.33340138,0.65292656,0.0,0.013672048,0.0,0.0,0.0,0.0,0.0,0.0,0.0,0.0
1,1,0.33340138,0.65292656,0.0,0.013672048,0.0,0.0,0.0,0.0,0.0,0.0,0.0,0.0
1,1,0.33340138,0.65292656,0.0,0.013672048,0.0,0.0,0.0,0.0,0.0,0.0,0.0,0.0
1,1,0.33340138,0.65292656,0.0,0.013672048,0.0,0.0,0.0,0.0,0.0,0.0,0.0,0.0
1,1,0.33340138,0.65292656,0.0,0.013672048,0.0,0.0,0.0,0.0,0.0,0.0,0.0,0.0
1,1,0.33340138,0.65292656,0.0,0.013672048,0.0,0.0,0.0,0.0,0.0,0.0,0.0,0.0
1,1,0.33340138,0.65292656,0.0,0.013672048,0.0,0.0,0.0,0.0,0.0,0.0,0.0,0.0
1,1,0.33340138,0.65292656,0.0,0.013672048,0.0,0.0,0.0,0.0,0.0,0.0,0.0,0.0
1,1,0.33340138,0.65292656,0.0,0.013672048,0.0,0.0,0.0,0.0,0.0,0.0,0.0,0.0
1,1,0.33340138,0.65292656,0.0,0.013672048,0.0,0.0,0.0,0.0,0.0,0.0,0.0,0.0
1,1,0.33340138,0.65292656,0.0,0.013672048,0.0,0.0,0.0,0.0,0.0,0.0,0.0,0.0
1,1,0.33340138,0.65292656,0.0,0.013672048,0.0,0.0,0.0,0.0,0.0,0.0,0.0,0.0
1,1,0.33340138,0.65292656,0.0,0.013672048,0.0,0.0,0.0,0.0,0.0,0.0,0.0,0.0
1,1,0.33340138,0.65292656,0.0,0.013672048,0.0,0.0,0.0,0.0,0.0,0.0,0.0,0.0
1,1,0.33340138,0.65292656,0.0,0.013672048,0.0,0.0,0.0,0.0,0.0,0.0,0.0,0.0
1,1,0.33340138,0.65292656,0.0,0.013672048,0.0,0.0,0.0,0.0,0.0,0.0,0.0,0.0
1,1,0.33340138,0.65292656,0.0,0.013672048,0.0,0.0,0.0,0.0,0.0,0.0,0.0,0.0
1,1,0.33340138,0.65292656,0.0,0.013672048,0.0,0.0,0.0,0.0,0.0,0.0,0.0,0.0
1,1,0.33340138,0.65292656,0.0,0.013672048,0.0,0.0,0.0,0.0,0.0,0.0,0.0,0.0
1,1,0.33340138,0.65292656,0.0,0.013672048,0.0,0.0,0.0,0.0,0.0,0.0,0.0,0.0
1,1,0.33340138,0.65292656,0.0,0.013672048,0.0,0.0,0.0,0.0,0.0,0.0,0.0,0.0
1,1,0.33340138,0.65292656,0.0,0.013672048,0.0,0.0,0.0,0.0,0.0,0.0,0.0,0.0
1,1,0.33340138,0.65292656,0.0,0.013672048,0.0,0.0,0.0,0.0,0.0,0.0,0.0,0.0
1,1,0.33340138,0.65292656,0.0,0.013672048,0.0,0.0,0.0,0.0,0.0,0.0,0.0,0.0
1,1,0.33340138,0.65292656,0.0,0.013672048,0.0,0.0,0.0,0.0,0.0,0.0,0.0,0.0
1,1,0.33340138,0.65292656,0.0,0.013672048,0.0,0.0,0.0,0.0,0.0,0.0,0.0,0.0
1,1,0.33340138,0.65292656,0.0,0.013672048,0.0,0.0,0.0,0.0,0.0,0.0,0.0,0.0
1,1,0.33340138,0.65292656,0.0,0.013672048,0.0,0.0,0.0,0.0,0.0,0.0,0.0,0.0
1,1,0.33340138,0.65292656,0.0,0.013672048,0.0,0.0,0.0,0.0,0.0,0.0,0.0,0.0
1,1,0.33340138,0.65292656,0.0,0.013672048,0.0,0.0,0.0,0.0,0.0,0.0,0.0,0.0
1,1,0.33340138,0.65292656,0.0,0.013672048,0.0,0.0,0.0,0.0,0.0,0.0,0.0,0.0
1,1,0.3599152,0.62641275,0.0,0.013672048,0.0,0.0,0.0,0.0,0.0,0.0,0.0,0.0
1,1,0.3599152,0.62641275,0.0,0.013672048,0.0,0.0,0.0,0.0,0.0,0.0,0.0,0.0
1,1,0.3599152,0.62641275,0.0,0.013672048,0.0,0.0,0.0,0.0,0.0,0.0,0.0,0.0
1,1,0.3599152,0.62641275,0.0,0.013672048,0.0,0.0,0.0,0.0,0.0,0.0,0.0,0.0
1,1,0.3599152,0.62641275,0.0,0.013672048,0.0,0.0,0.0,0.0,0.0,0.0,0.0,0.0
1,1,0.3599152,0.62641275,0.0,0.013672048,0.0,0.0,0.0,0.0,0.0,0.0,0.0,0.0
1,1,0.3599152,0.62641275,0.0,0.013672048,0.0,0.0,0.0,0.0,0.0,0.0,0.0,0.0
1,1,0.3599152,0.62641275,0.0,0.013672048,0.0,0.0,0.0,0.0,0.0,0.0,0.0,0.0
1,1,0.3599152,0.6400848,0.0,0.0,0.0,0.0,0.0,0.0,0.0,0.0,0.0,0.0
1,1,0.3599152,0.6400848,0.0,0.0,0.0,0.0,0.0,0.0,0.0,0.0,0.0,0.0
1,1,0.3599152,0.6400848,0.0,0.0,0.0,0.0,0.0,0.0,0.0,0.0,0.0,0.0
1,1,0.3599152,0.6400848,0.0,0.0,0.0,0.0,0.0,0.0,0.0,0.0,0.0,0.0
1,1,0.3599152,0.6400848,0.0,0.0,0.0,0.0,0.0,0.0,0.0,0.0,0.0,0.0
1,1,0.3599152,0.6400848,0.0,0.0,0.0,0.0,0.0,0.0,0.0,0.0,0.0,0.0
1,1,0.3599152,0.6400848,0.0,0.0,0.0,0.0,0.0,0.0,0.0,0.0,0.0,0.0
1,1,0.3599152,0.6400848,0.0,0.0,0.0,0.0,0.0,0.0,0.0,0.0,0.0,0.0
1,1,0.3599152,0.6400848,0.0,0.0,0.0,0.0,0.0,0.0,0.0,0.0,0.0,0.0
1,1,0.3599152,0.6400848,0.0,0.0,0.0,0.0,0.0,0.0,0.0,0.0,0.0,0.0
1,1,0.3599152,0.6400848,0.0,0.0,0.0,0.0,0.0,0.0,0.0,0.0,0.0,0.0
1,1,0.3599152,0.6400848,0.0,0.0,0.0,0.0,0.0,0.0,0.0,0.0,0.0,0.0
1,1,0.3599152,0.6400848,0.0,0.0,0.0,0.0,0.0,0.0,0.0,0.0,0.0,0.0
1,1,0.3599152,0.6400848,0.0,0.0,0.0,0.0,0.0,0.0,0.0,0.0,0.0,0.0
1,1,0.3599152,0.6400848,0.0,0.0,0.0,0.0,0.0,0.0,0.0,0.0,0.0,0.0
1,1,0.3599152,0.6400848,0.0,0.0,0.0,0.0,0.0,0.0,0.0,0.0,0.0,0.0
1,1,0.3599152,0.6400848,0.0,0.0,0.0,0.0,0.0,0.0,0.0,0.0,0.0,0.0
1,1,0.3599152,0.6400848,0.0,0.0,0.0,0.0,0.0,0.0,0.0,0.0,0.0,0.0
1,1,0.3599152,0.6400848,0.0,0.0,0.0,0.0,0.0,0.0,0.0,0.0,0.0,0.0
1,1,0.3599152,0.6400848,0.0,0.0,0.0,0.0,0.0,0.0,0.0,0.0,0.0,0.0
1,1,0.4078454,0.59215456,0.0,0.0,0.0,0.0,0.0,0.0,0.0,0.0,0.0,0.0
1,1,0.4078454,0.59215456,0.0,0.0,0.0,0.0,0.0,0.0,0.0,0.0,0.0,0.0
1,1,0.4078454,0.59215456,0.0,0.0,0.0,0.0,0.0,0.0,0.0,0.0,0.0,0.0
1,1,0.4078454,0.59215456,0.0,0.0,0.0,0.0,0.0,0.0,0.0,0.0,0.0,0.0
1,1,0.47086146,0.52913857,0.0,0.0,0.0,0.0,0.0,0.0,0.0,0.0,0.0,0.0
1,1,0.47086146,0.52913857,0.0,0.0,0.0,0.0,0.0,0.0,0.0,0.0,0.0,0.0
1,1,0.47086146,0.52913857,0.0,0.0,0.0,0.0,0.0,0.0,0.0,0.0,0.0,0.0
1,1,0.47086146,0.52913857,0.0,0.0,0.0,0.0,0.0,0.0,0.0,0.0,0.0,0.0
1,1,0.52337986,0.47662014,0.0,0.0,0.0,0.0,0.0,0.0,0.0,0.0,0.0,0.0
1,1,0.52337986,0.47662014,0.0,0.0,0.0,0.0,0.0,0.0,0.0,0.0,0.0,0.0
1,1,0.52337986,0.47662014,0.0,0.0,0.0,0.0,0.0,0.0,0.0,0.0,0.0,0.0
1,1,0.52337986,0.47662014,0.0,0.0,0.0,0.0,0.0,0.0,0.0,0.0,0.0,0.0
1,1,0.6396333,0.3603667,0.0,0.0,0.0,0.0,0.0,0.0,0.0,0.0,0.0,0.0
1,1,0.6396333,0.3603667,0.0,0.0,0.0,0.0,0.0,0.0,0.0,0.0,0.0,0.0
1,1,0.6396333,0.3603667,0.0,0.0,0.0,0.0,0.0,0.0,0.0,0.0,0.0,0.0
1,1,0.6396333,0.3603667,0.0,0.0,0.0,0.0,0.0,0.0,0.0,0.0,0.0,0.0
1,1,0.6396333,0.3603667,0.0,0.0,0.0,0.0,0.0,0.0,0.0,0.0,0.0,0.0
1,1,0.6396333,0.3603667,0.0,0.0,0.0,0.0,0.0,0.0,0.0,0.0,0.0,0.0
1,1,0.6396333,0.3603667,0.0,0.0,0.0,0.0,0.0,0.0,0.0,0.0,0.0,0.0
1,1,0.6396333,0.3603667,0.0,0.0,0.0,0.0,0.0,0.0,0.0,0.0,0.0,0.0
1,1,0.6396333,0.3603667,0.0,0.0,0.0,0.0,0.0,0.0,0.0,0.0,0.0,0.0
1,1,0.6396333,0.3603667,0.0,0.0,0.0,0.0,0.0,0.0,0.0,0.0,0.0,0.0
1,1,0.6396333,0.3603667,0.0,0.0,0.0,0.0,0.0,0.0,0.0,0.0,0.0,0.0
1,1,0.6396333,0.3603667,0.0,0.0,0.0,0.0,0.0,0.0,0.0,0.0,0.0,0.0
1,1,0.6396333,0.3603667,0.0,0.0,0.0,0.0,0.0,0.0,0.0,0.0,0.0,0.0
1,1,0.6396333,0.3603667,0.0,0.0,0.0,0.0,0.0,0.0,0.0,0.0,0.0,0.0
1,1,0.6396333,0.3603667,0.0,0.0,0.0,0.0,0.0,0.0,0.0,0.0,0.0,0.0
1,1,0.6396333,0.3603667,0.0,0.0,0.0,0.0,0.0,0.0,0.0,0.0,0.0,0.0
1,1,0.5863571,0.41364294,0.0,0.0,0.0,0.0,0.0,0.0,0.0,0.0,0.0,0.0
1,1,0.5863571,0.41364294,0.0,0.0,0.0,0.0,0.0,0.0,0.0,0.0,0.0,0.0
1,1,0.5863571,0.41364294,0.0,0.0,0.0,0.0,0.0,0.0,0.0,0.0,0.0,0.0
1,1,0.4969558,0.5030442,0.0,0.0,0.0,0.0,0.0,0.0,0.0,0.0,0.0,0.0
1,1,0.4969558,0.5030442,0.0,0.0,0.0,0.0,0.0,0.0,0.0,0.0,0.0,0.0
1,1,0.4969558,0.5030442,0.0,0.0,0.0,0.0,0.0,0.0,0.0,0.0,0.0,0.0
1,1,0.4969558,0.5030442,0.0,0.0,0.0,0.0,0.0,0.0,0.0,0.0,0.0,0.0
1,1,0.4969558,0.5030442,0.0,0.0,0.0,0.0,0.0,0.0,0.0,0.0,0.0,0.0
1,1,0.4969558,0.5030442,0.0,0.0,0.0,0.0,0.0,0.0,0.0,0.0,0.0,0.0
1,0,0.6542956,0.34570435,0.0,0.0,0.0,0.0,0.0,0.0,0.0,0.0,0.0,0.0
1,0,0.6542956,0.34570435,0.0,0.0,0.0,0.0,0.0,0.0,0.0,0.0,0.0,0.0
1,0,0.6542956,0.34570435,0.0,0.0,0.0,0.0,0.0,0.0,0.0,0.0,0.0,0.0
1,0,0.6542956,0.34570435,0.0,0.0,0.0,0.0,0.0,0.0,0.0,0.0,0.0,0.0
1,0,0.6542956,0.34570435,0.0,0.0,0.0,0.0,0.0,0.0,0.0,0.0,0.0,0.0
1,0,0.6542956,0.34570435,0.0,0.0,0.0,0.0,0.0,0.0,0.0,0.0,0.0,0.0
1,0,0.5886405,0.41135946,0.0,0.0,0.0,0.0,0.0,0.0,0.0,0.0,0.0,0.0
1,0,0.5886405,0.41135946,0.0,0.0,0.0,0.0,0.0,0.0,0.0,0.0,0.0,0.0
1,0,0.5886405,0.41135946,0.0,0.0,0.0,0.0,0.0,0.0,0.0,0.0,0.0,0.0
1,0,0.5886405,0.41135946,0.0,0.0,0.0,0.0,0.0,0.0,0.0,0.0,0.0,0.0
1,0,0.5886405,0.41135946,0.0,0.0,0.0,0.0,0.0,0.0,0.0,0.0,0.0,0.0
1,0,0.5886405,0.41135946,0.0,0.0,0.0,0.0,0.0,0.0,0.0,0.0,0.0,0.0
1,0,0.5886405,0.41135946,0.0,0.0,0.0,0.0,0.0,0.0,0.0,0.0,0.0,0.0
1,0,0.5886405,0.41135946,0.0,0.0,0.0,0.0,0.0,0.0,0.0,0.0,0.0,0.0
1,0,0.5886405,0.41135946,0.0,0.0,0.0,0.0,0.0,0.0,0.0,0.0,0.0,0.0
1,0,0.5886405,0.41135946,0.0,0.0,0.0,0.0,0.0,0.0,0.0,0.0,0.0,0.0
1,0,0.5886405,0.41135946,0.0,0.0,0.0,0.0,0.0,0.0,0.0,0.0,0.0,0.0
1,0,0.5886405,0.41135946,0.0,0.0,0.0,0.0,0.0,0.0,0.0,0.0,0.0,0.0
1,0,0.5886405,0.41135946,0.0,0.0,0.0,0.0,0.0,0.0,0.0,0.0,0.0,0.0
1,0,0.5886405,0.41135946,0.0,0.0,0.0,0.0,0.0,0.0,0.0,0.0,0.0,0.0
1,0,0.5886405,0.41135946,0.0,0.0,0.0,0.0,0.0,0.0,0.0,0.0,0.0,0.0
1,0,0.5886405,0.41135946,0.0,0.0,0.0,0.0,0.0,0.0,0.0,0.0,0.0,0.0
1,0,0.5886405,0.41135946,0.0,0.0,0.0,0.0,0.0,0.0,0.0,0.0,0.0,0.0
1,0,0.5886405,0.41135946,0.0,0.0,0.0,0.0,0.0,0.0,0.0,0.0,0.0,0.0
1,0,0.5886405,0.41135946,0.0,0.0,0.0,0.0,0.0,0.0,0.0,0.0,0.0,0.0
1,0,0.5886405,0.41135946,0.0,0.0,0.0,0.0,0.0,0.0,0.0,0.0,0.0,0.0
1,0,0.5886405,0.41135946,0.0,0.0,0.0,0.0,0.0,0.0,0.0,0.0,0.0,0.0
1,0,0.5886405,0.41135946,0.0,0.0,0.0,0.0,0.0,0.0,0.0,0.0,0.0,0.0
1,0,0.5886405,0.41135946,0.0,0.0,0.0,0.0,0.0,0.0,0.0,0.0,0.0,0.0
1,0,0.5886405,0.41135946,0.0,0.0,0.0,0.0,0.0,0.0,0.0,0.0,0.0,0.0
1,0,0.5886405,0.41135946,0.0,0.0,0.0,0.0,0.0,0.0,0.0,0.0,0.0,0.0
1,0,0.5886405,0.41135946,0.0,0.0,0.0,0.0,0.0,0.0,0.0,0.0,0.0,0.0
1,0,0.5886405,0.41135946,0.0,0.0,0.0,0.0,0.0,0.0,0.0,0.0,0.0,0.0
1,0,0.5886405,0.41135946,0.0,0.0,0.0,0.0,0.0,0.0,0.0,0.0,0.0,0.0
1,0,0.5886405,0.41135946,0.0,0.0,0.0,0.0,0.0,0.0,0.0,0.0,0.0,0.0
1,0,0.5886405,0.41135946,0.0,0.0,0.0,0.0,0.0,0.0,0.0,0.0,0.0,0.0
1,0,0.5886405,0.41135946,0.0,0.0,0.0,0.0,0.0,0.0,0.0,0.0,0.0,0.0
1,0,0.5886405,0.41135946,0.0,0.0,0.0,0.0,0.0,0.0,0.0,0.0,0.0,0.0
1,0,0.5886405,0.41135946,0.0,0.0,0.0,0.0,0.0,0.0,0.0,0.0,0.0,0.0
1,0,0.5886405,0.41135946,0.0,0.0,0.0,0.0,0.0,0.0,0.0,0.0,0.0,0.0
1,0,0.5886405,0.41135946,0.0,0.0,0.0,0.0,0.0,0.0,0.0,0.0,0.0,0.0
1,0,0.5886405,0.41135946,0.0,0.0,0.0,0.0,0.0,0.0,0.0,0.0,0.0,0.0
1,0,0.5886405,0.41135946,0.0,0.0,0.0,0.0,0.0,0.0,0.0,0.0,0.0,0.0
1,0,0.5886405,0.41135946,0.0,0.0,0.0,0.0,0.0,0.0,0.0,0.0,0.0,0.0
1,0,0.5886405,0.41135946,0.0,0.0,0.0,0.0,0.0,0.0,0.0,0.0,0.0,0.0
1,0,0.52901626,0.4113595,0.05962426,0.0,0.0,0.0,0.0,0.0,0.0,0.0,0.0,0.0
1,0,0.52901626,0.4113595,0.05962426,0.0,0.0,0.0,0.0,0.0,0.0,0.0,0.0,0.0
1,0,0.5769465,0.36342925,0.05962426,0.0,0.0,0.0,0.0,0.0,0.0,0.0,0.0,0.0
1,0,0.5769465,0.36342925,0.05962426,0.0,0.0,0.0,0.0,0.0,0.0,0.0,0.0,0.0
1,0,0.5769465,0.36342925,0.05962426,0.0,0.0,0.0,0.0,0.0,0.0,0.0,0.0,0.0
1,0,0.5769465,0.36342925,0.05962426,0.0,0.0,0.0,0.0,0.0,0.0,0.0,0.0,0.0
1,0,0.5769465,0.36342925,0.05962426,0.0,0.0,0.0,0.0,0.0,0.0,0.0,0.0,0.0
1,0,0.5769465,0.36342925,0.05962426,0.0,0.0,0.0,0.0,0.0,0.0,0.0,0.0,0.0
1,0,0.5769465,0.36342925,0.05962426,0.0,0.0,0.0,0.0,0.0,0.0,0.0,0.0,0.0
1,0,0.5769465,0.36342925,0.05962426,0.0,0.0,0.0,0.0,0.0,0.0,0.0,0.0,0.0
1,0,0.5769465,0.36342925,0.05962426,0.0,0.0,0.0,0.0,0.0,0.0,0.0,0.0,0.0
1,0,0.5769465,0.36342925,0.05962426,0.0,0.0,0.0,0.0,0.0,0.0,0.0,0.0,0.0
1,0,0.5769465,0.36342925,0.05962426,0.0,0.0,0.0,0.0,0.0,0.0,0.0,0.0,0.0
1,0,0.5769465,0.36342925,0.05962426,0.0,0.0,0.0,0.0,0.0,0.0,0.0,0.0,0.0
1,0,0.5769465,0.36342925,0.05962426,0.0,0.0,0.0,0.0,0.0,0.0,0.0,0.0,0.0
1,0,0.5769465,0.36342925,0.05962426,0.0,0.0,0.0,0.0,0.0,0.0,0.0,0.0,0.0
1,0,0.5769465,0.36342925,0.05962426,0.0,0.0,0.0,0.0,0.0,0.0,0.0,0.0,0.0
1,0,0.5769465,0.36342925,0.05962426,0.0,0.0,0.0,0.0,0.0,0.0,0.0,0.0,0.0
1,0,0.5769465,0.33592904,0.059624262,0.02750023,0.0,0.0,0.0,0.0,0.0,0.0,0.0,0.0
1,0,0.5769465,0.33592904,0.059624262,0.02750023,0.0,0.0,0.0,0.0,0.0,0.0,0.0,0.0
1,0,0.5769465,0.33592904,0.059624262,0.02750023,0.0,0.0,0.0,0.0,0.0,0.0,0.0,0.0
1,0,0.5769465,0.33592904,0.059624262,0.02750023,0.0,0.0,0.0,0.0,0.0,0.0,0.0,0.0
1,0,0.5769465,0.33592904,0.059624262,0.02750023,0.0,0.0,0.0,0.0,0.0,0.0,0.0,0.0
1,0,0.5769465,0.33592904,0.059624262,0.02750023,0.0,0.0,0.0,0.0,0.0,0.0,0.0,0.0
1,0,0.5769465,0.33592904,0.059624262,0.02750023,0.0,0.0,0.0,0.0,0.0,0.0,0.0,0.0
1,0,0.5769465,0.33592904,0.059624262,0.02750023,0.0,0.0,0.0,0.0,0.0,0.0,0.0,0.0
1,0,0.5769465,0.33592904,0.059624262,0.02750023,0.0,0.0,0.0,0.0,0.0,0.0,0.0,0.0
1,0,0.5769465,0.33592904,0.059624262,0.02750023,0.0,0.0,0.0,0.0,0.0,0.0,0.0,0.0
1,0,0.5769465,0.33592904,0.059624262,0.02750023,0.0,0.0,0.0,0.0,0.0,0.0,0.0,0.0
1,0,0.5769465,0.33592904,0.059624262,0.02750023,0.0,0.0,0.0,0.0,0.0,0.0,0.0,0.0
1,0,0.52901626,0.3838593,0.059624262,0.02750023,0.0,0.0,0.0,0.0,0.0,0.0,0.0,0.0
1,0,0.52901626,0.3838593,0.059624262,0.02750023,0.0,0.0,0.0,0.0,0.0,0.0,0.0,0.0
1,0,0.52901626,0.3838593,0.059624262,0.02750023,0.0,0.0,0.0,0.0,0.0,0.0,0.0,0.0
1,0,0.52901626,0.3838593,0.059624262,0.02750023,0.0,0.0,0.0,0.0,0.0,0.0,0.0,0.0
1,0,0.52901626,0.3838593,0.059624262,0.02750023,0.0,0.0,0.0,0.0,0.0,0.0,0.0,0.0
1,0,0.52901626,0.3838593,0.059624262,0.02750023,0.0,0.0,0.0,0.0,0.0,0.0,0.0,0.0
1,0,0.52901626,0.3838593,0.059624262,0.02750023,0.0,0.0,0.0,0.0,0.0,0.0,0.0,0.0
1,0,0.52901626,0.3838593,0.059624262,0.02750023,0.0,0.0,0.0,0.0,0.0,0.0,0.0,0.0
1,0,0.52901626,0.3838593,0.059624262,0.02750023,0.0,0.0,0.0,0.0,0.0,0.0,0.0,0.0
1,0,0.52901626,0.3838593,0.059624262,0.02750023,0.0,0.0,0.0,0.0,0.0,0.0,0.0,0.0
1,0,0.52901626,0.3838593,0.059624262,0.02750023,0.0,0.0,0.0,0.0,0.0,0.0,0.0,0.0
1,0,0.52901626,0.3838593,0.059624262,0.02750023,0.0,0.0,0.0,0.0,0.0,0.0,0.0,0.0
1,0,0.52901626,0.3838593,0.059624262,0.02750023,0.0,0.0,0.0,0.0,0.0,0.0,0.0,0.0
1,0,0.52901626,0.3838593,0.059624262,0.02750023,0.0,0.0,0.0,0.0,0.0,0.0,0.0,0.0
1,0,0.52901626,0.3838593,0.059624262,0.02750023,0.0,0.0,0.0,0.0,0.0,0.0,0.0,0.0
1,0,0.52901626,0.3838593,0.059624262,0.02750023,0.0,0.0,0.0,0.0,0.0,0.0,0.0,0.0
1,0,0.52901626,0.3838593,0.059624262,0.02750023,0.0,0.0,0.0,0.0,0.0,0.0,0.0,0.0
1,0,0.52901626,0.3838593,0.059624262,0.02750023,0.0,0.0,0.0,0.0,0.0,0.0,0.0,0.0
1,0,0.52901626,0.3838593,0.059624262,0.02750023,0.0,0.0,0.0,0.0,0.0,0.0,0.0,0.0
1,0,0.52901626,0.3838593,0.059624262,0.02750023,0.0,0.0,0.0,0.0,0.0,0.0,0.0,0.0
1,0,0.52901626,0.3838593,0.059624262,0.02750023,0.0,0.0,0.0,0.0,0.0,0.0,0.0,0.0
1,0,0.52901626,0.3838593,0.059624262,0.02750023,0.0,0.0,0.0,0.0,0.0,0.0,0.0,0.0
1,0,0.52901626,0.3838593,0.059624262,0.02750023,0.0,0.0,0.0,0.0,0.0,0.0,0.0,0.0
1,0,0.52901626,0.3838593,0.059624262,0.02750023,0.0,0.0,0.0,0.0,0.0,0.0,0.0,0.0
1,0,0.52901626,0.3838593,0.059624262,0.02750023,0.0,0.0,0.0,0.0,0.0,0.0,0.0,0.0
1,0,0.52901626,0.3838593,0.059624262,0.02750023,0.0,0.0,0.0,0.0,0.0,0.0,0.0,0.0
1,0,0.52901626,0.3838593,0.059624262,0.02750023,0.0,0.0,0.0,0.0,0.0,0.0,0.0,0.0
1,0,0.52901626,0.3838593,0.059624262,0.02750023,0.0,0.0,0.0,0.0,0.0,0.0,0.0,0.0
1,0,0.52901626,0.3838593,0.059624262,0.02750023,0.0,0.0,0.0,0.0,0.0,0.0,0.0,0.0
1,0,0.52901626,0.3838593,0.059624262,0.02750023,0.0,0.0,0.0,0.0,0.0,0.0,0.0,0.0
1,0,0.52901626,0.3838593,0.059624262,0.02750023,0.0,0.0,0.0,0.0,0.0,0.0,0.0,0.0
1,0,0.52901626,0.3838593,0.059624262,0.02750023,0.0,0.0,0.0,0.0,0.0,0.0,0.0,0.0
1,0,0.52901626,0.3838593,0.059624262,0.02750023,0.0,0.0,0.0,0.0,0.0,0.0,0.0,0.0
1,0,0.52901626,0.3838593,0.059624262,0.02750023,0.0,0.0,0.0,0.0,0.0,0.0,0.0,0.0
1,0,0.52901626,0.3838593,0.059624262,0.02750023,0.0,0.0,0.0,0.0,0.0,0.0,0.0,0.0
1,0,0.52901626,0.3838593,0.059624262,0.02750023,0.0,0.0,0.0,0.0,0.0,0.0,0.0,0.0
1,0,0.52901626,0.3838593,0.059624262,0.02750023,0.0,0.0,0.0,0.0,0.0,0.0,0.0,0.0
1,0,0.52901626,0.3838593,0.059624262,0.02750023,0.0,0.0,0.0,0.0,0.0,0.0,0.0,0.0
1,0,0.52901626,0.3838593,0.059624262,0.02750023,0.0,0.0,0.0,0.0,0.0,0.0,0.0,0.0
1,0,0.52901626,0.3838593,0.059624262,0.02750023,0.0,0.0,0.0,0.0,0.0,0.0,0.0,0.0
1,0,0.52901626,0.3838593,0.059624262,0.02750023,0.0,0.0,0.0,0.0,0.0,0.0,0.0,0.0
1,0,0.52901626,0.3838593,0.059624262,0.02750023,0.0,0.0,0.0,0.0,0.0,0.0,0.0,0.0
1,0,0.52901626,0.3838593,0.059624262,0.02750023,0.0,0.0,0.0,0.0,0.0,0.0,0.0,0.0
1,0,0.52901626,0.3838593,0.059624262,0.02750023,0.0,0.0,0.0,0.0,0.0,0.0,0.0,0.0
1,0,0.52901626,0.3838593,0.059624262,0.02750023,0.0,0.0,0.0,0.0,0.0,0.0,0.0,0.0
1,0,0.52901626,0.3838593,0.059624262,0.02750023,0.0,0.0,0.0,0.0,0.0,0.0,0.0,0.0
1,0,0.52901626,0.3838593,0.059624262,0.02750023,0.0,0.0,0.0,0.0,0.0,0.0,0.0,0.0
1,0,0.52901626,0.3838593,0.059624262,0.02750023,0.0,0.0,0.0,0.0,0.0,0.0,0.0,0.0
1,0,0.52901626,0.3838593,0.059624262,0.02750023,0.0,0.0,0.0,0.0,0.0,0.0,0.0,0.0
1,0,0.52901626,0.3838593,0.059624262,0.02750023,0.0,0.0,0.0,0.0,0.0,0.0,0.0,0.0
1,0,0.52901626,0.3838593,0.059624262,0.02750023,0.0,0.0,0.0,0.0,0.0,0.0,0.0,0.0
1,0,0.52901626,0.3838593,0.059624262,0.02750023,0.0,0.0,0.0,0.0,0.0,0.0,0.0,0.0
1,0,0.52901626,0.3838593,0.059624262,0.02750023,0.0,0.0,0.0,0.0,0.0,0.0,0.0,0.0
1,0,0.52901626,0.3838593,0.059624262,0.02750023,0.0,0.0,0.0,0.0,0.0,0.0,0.0,0.0
1,0,0.52901626,0.3838593,0.059624262,0.02750023,0.0,0.0,0.0,0.0,0.0,0.0,0.0,0.0
1,0,0.52901626,0.3838593,0.059624262,0.02750023,0.0,0.0,0.0,0.0,0.0,0.0,0.0,0.0
1,0,0.52901626,0.3838593,0.059624262,0.02750023,0.0,0.0,0.0,0.0,0.0,0.0,0.0,0.0
1,0,0.52901626,0.3838593,0.059624262,0.02750023,0.0,0.0,0.0,0.0,0.0,0.0,0.0,0.0
1,0,0.52901626,0.3838593,0.059624262,0.02750023,0.0,0.0,0.0,0.0,0.0,0.0,0.0,0.0
1,0,0.52901626,0.3838593,0.059624262,0.02750023,0.0,0.0,0.0,0.0,0.0,0.0,0.0,0.0
1,0,0.52901626,0.3838593,0.059624262,0.02750023,0.0,0.0,0.0,0.0,0.0,0.0,0.0,0.0
1,0,0.52901626,0.3838593,0.059624262,0.02750023,0.0,0.0,0.0,0.0,0.0,0.0,0.0,0.0
1,0,0.52901626,0.3838593,0.059624262,0.02750023,0.0,0.0,0.0,0.0,0.0,0.0,0.0,0.0
1,0,0.52901626,0.3838593,0.059624262,0.02750023,0.0,0.0,0.0,0.0,0.0,0.0,0.0,0.0
1,0,0.52901626,0.3838593,0.059624262,0.02750023,0.0,0.0,0.0,0.0,0.0,0.0,0.0,0.0
1,0,0.52901626,0.3838593,0.059624262,0.02750023,0.0,0.0,0.0,0.0,0.0,0.0,0.0,0.0
1,0,0.52901626,0.3838593,0.059624262,0.02750023,0.0,0.0,0.0,0.0,0.0,0.0,0.0,0.0
1,0,0.52901626,0.3838593,0.059624262,0.02750023,0.0,0.0,0.0,0.0,0.0,0.0,0.0,0.0
1,0,0.52901626,0.3838593,0.059624262,0.02750023,0.0,0.0,0.0,0.0,0.0,0.0,0.0,0.0
1,0,0.52901626,0.3838593,0.059624262,0.02750023,0.0,0.0,0.0,0.0,0.0,0.0,0.0,0.0
1,0,0.52901626,0.3838593,0.059624262,0.02750023,0.0,0.0,0.0,0.0,0.0,0.0,0.0,0.0
1,0,0.52901626,0.3838593,0.059624262,0.02750023,0.0,0.0,0.0,0.0,0.0,0.0,0.0,0.0
1,0,0.52901626,0.3838593,0.059624262,0.02750023,0.0,0.0,0.0,0.0,0.0,0.0,0.0,0.0
1,0,0.52901626,0.3838593,0.059624262,0.02750023,0.0,0.0,0.0,0.0,0.0,0.0,0.0,0.0
1,0,0.52901626,0.3838593,0.059624262,0.02750023,0.0,0.0,0.0,0.0,0.0,0.0,0.0,0.0
1,0,0.52901626,0.3838593,0.059624262,0.02750023,0.0,0.0,0.0,0.0,0.0,0.0,0.0,0.0
1,0,0.52901626,0.3838593,0.059624262,0.02750023,0.0,0.0,0.0,0.0,0.0,0.0,0.0,0.0
1,0,0.52901626,0.3838593,0.059624262,0.02750023,0.0,0.0,0.0,0.0,0.0,0.0,0.0,0.0
1,0,0.52901626,0.3838593,0.059624262,0.02750023,0.0,0.0,0.0,0.0,0.0,0.0,0.0,0.0
1,0,0.52901626,0.3838593,0.059624262,0.02750023,0.0,0.0,0.0,0.0,0.0,0.0,0.0,0.0
1,0,0.52901626,0.3838593,0.059624262,0.02750023,0.0,0.0,0.0,0.0,0.0,0.0,0.0,0.0
1,0,0.52901626,0.3838593,0.059624262,0.02750023,0.0,0.0,0.0,0.0,0.0,0.0,0.0,0.0
1,0,0.52901626,0.3838593,0.059624262,0.02750023,0.0,0.0,0.0,0.0,0.0,0.0,0.0,0.0
1,0,0.52901626,0.3838593,0.059624262,0.02750023,0.0,0.0,0.0,0.0,0.0,0.0,0.0,0.0
1,0,0.5689951,0.3438804,0.059624262,0.02750023,0.0,0.0,0.0,0.0,0.0,0.0,0.0,0.0
1,0,0.5689951,0.3438804,0.059624262,0.02750023,0.0,0.0,0.0,0.0,0.0,0.0,0.0,0.0
1,0,0.5689951,0.3438804,0.059624262,0.02750023,0.0,0.0,0.0,0.0,0.0,0.0,0.0,0.0
1,0,0.5689951,0.3438804,0.059624262,0.02750023,0.0,0.0,0.0,0.0,0.0,0.0,0.0,0.0
1,0,0.5689951,0.3438804,0.059624262,0.02750023,0.0,0.0,0.0,0.0,0.0,0.0,0.0,0.0
1,0,0.5689951,0.3438804,0.059624262,0.02750023,0.0,0.0,0.0,0.0,0.0,0.0,0.0,0.0
1,0,0.5689951,0.3438804,0.059624262,0.02750023,0.0,0.0,0.0,0.0,0.0,0.0,0.0,0.0
1,0,0.5689951,0.3438804,0.059624262,0.02750023,0.0,0.0,0.0,0.0,0.0,0.0,0.0,0.0
1,0,0.5689951,0.3438804,0.059624262,0.02750023,0.0,0.0,0.0,0.0,0.0,0.0,0.0,0.0
1,0,0.5689951,0.3438804,0.059624262,0.02750023,0.0,0.0,0.0,0.0,0.0,0.0,0.0,0.0
1,0,0.5689951,0.3438804,0.059624262,0.02750023,0.0,0.0,0.0,0.0,0.0,0.0,0.0,0.0
1,0,0.5689951,0.3438804,0.059624262,0.02750023,0.0,0.0,0.0,0.0,0.0,0.0,0.0,0.0
1,0,0.5689951,0.3438804,0.059624262,0.02750023,0.0,0.0,0.0,0.0,0.0,0.0,0.0,0.0
1,0,0.5689951,0.3438804,0.059624262,0.02750023,0.0,0.0,0.0,0.0,0.0,0.0,0.0,0.0
1,0,0.5689951,0.3438804,0.059624262,0.02750023,0.0,0.0,0.0,0.0,0.0,0.0,0.0,0.0
1,0,0.5689951,0.3438804,0.059624262,0.02750023,0.0,0.0,0.0,0.0,0.0,0.0,0.0,0.0
1,0,0.5689951,0.3438804,0.059624262,0.02750023,0.0,0.0,0.0,0.0,0.0,0.0,0.0,0.0
1,0,0.5689951,0.3438804,0.059624262,0.02750023,0.0,0.0,0.0,0.0,0.0,0.0,0.0,0.0
1,0,0.5689951,0.3438804,0.059624262,0.02750023,0.0,0.0,0.0,0.0,0.0,0.0,0.0,0.0
1,0,0.5689951,0.3438804,0.059624262,0.02750023,0.0,0.0,0.0,0.0,0.0,0.0,0.0,0.0
1,0,0.5689951,0.3438804,0.059624262,0.02750023,0.0,0.0,0.0,0.0,0.0,0.0,0.0,0.0
1,0,0.5689951,0.3438804,0.059624262,0.02750023,0.0,0.0,0.0,0.0,0.0,0.0,0.0,0.0
1,0,0.5689951,0.3438804,0.059624262,0.02750023,0.0,0.0,0.0,0.0,0.0,0.0,0.0,0.0
1,0,0.5689951,0.3438804,0.059624262,0.02750023,0.0,0.0,0.0,0.0,0.0,0.0,0.0,0.0
1,0,0.5689951,0.3438804,0.059624262,0.02750023,0.0,0.0,0.0,0.0,0.0,0.0,0.0,0.0
1,0,0.5689951,0.3438804,0.059624262,0.02750023,0.0,0.0,0.0,0.0,0.0,0.0,0.0,0.0
1,0,0.5689951,0.3438804,0.059624262,0.02750023,0.0,0.0,0.0,0.0,0.0,0.0,0.0,0.0
1,0,0.5689951,0.3438804,0.059624262,0.02750023,0.0,0.0,0.0,0.0,0.0,0.0,0.0,0.0
1,0,0.5689951,0.3438804,0.059624262,0.02750023,0.0,0.0,0.0,0.0,0.0,0.0,0.0,0.0
1,0,0.5689951,0.3438804,0.059624262,0.02750023,0.0,0.0,0.0,0.0,0.0,0.0,0.0,0.0
1,0,0.5689951,0.3438804,0.059624262,0.02750023,0.0,0.0,0.0,0.0,0.0,0.0,0.0,0.0
1,0,0.5689951,0.3438804,0.059624262,0.02750023,0.0,0.0,0.0,0.0,0.0,0.0,0.0,0.0
1,0,0.5689951,0.3438804,0.059624262,0.02750023,0.0,0.0,0.0,0.0,0.0,0.0,0.0,0.0
1,0,0.5689951,0.3438804,0.059624262,0.02750023,0.0,0.0,0.0,0.0,0.0,0.0,0.0,0.0
1,0,0.5689951,0.3438804,0.059624262,0.02750023,0.0,0.0,0.0,0.0,0.0,0.0,0.0,0.0
1,0,0.5689951,0.3438804,0.059624262,0.02750023,0.0,0.0,0.0,0.0,0.0,0.0,0.0,0.0
1,0,0.5689951,0.3438804,0.059624262,0.02750023,0.0,0.0,0.0,0.0,0.0,0.0,0.0,0.0
1,0,0.5689951,0.3438804,0.059624262,0.02750023,0.0,0.0,0.0,0.0,0.0,0.0,0.0,0.0
1,0,0.5689951,0.3438804,0.059624262,0.02750023,0.0,0.0,0.0,0.0,0.0,0.0,0.0,0.0
1,0,0.5689951,0.3438804,0.059624262,0.02750023,0.0,0.0,0.0,0.0,0.0,0.0,0.0,0.0
1,0,0.5689951,0.3438804,0.059624262,0.02750023,0.0,0.0,0.0,0.0,0.0,0.0,0.0,0.0
1,0,0.5689951,0.3438804,0.059624262,0.02750023,0.0,0.0,0.0,0.0,0.0,0.0,0.0,0.0
1,0,0.5689951,0.3438804,0.059624262,0.02750023,0.0,0.0,0.0,0.0,0.0,0.0,0.0,0.0
1,0,0.5689951,0.3438804,0.059624262,0.02750023,0.0,0.0,0.0,0.0,0.0,0.0,0.0,0.0
1,0,0.5689951,0.3438804,0.059624262,0.02750023,0.0,0.0,0.0,0.0,0.0,0.0,0.0,0.0
1,0,0.5689951,0.3438804,0.059624262,0.02750023,0.0,0.0,0.0,0.0,0.0,0.0,0.0,0.0
1,0,0.5689951,0.3438804,0.059624262,0.02750023,0.0,0.0,0.0,0.0,0.0,0.0,0.0,0.0
1,0,0.5689951,0.3438804,0.059624262,0.02750023,0.0,0.0,0.0,0.0,0.0,0.0,0.0,0.0
1,0,0.5689951,0.3438804,0.059624262,0.02750023,0.0,0.0,0.0,0.0,0.0,0.0,0.0,0.0
1,0,0.5689951,0.3438804,0.059624262,0.02750023,0.0,0.0,0.0,0.0,0.0,0.0,0.0,0.0
1,0,0.5689951,0.3438804,0.059624262,0.02750023,0.0,0.0,0.0,0.0,0.0,0.0,0.0,0.0
1,0,0.5689951,0.3438804,0.059624262,0.02750023,0.0,0.0,0.0,0.0,0.0,0.0,0.0,0.0
1,0,0.5689951,0.3438804,0.059624262,0.02750023,0.0,0.0,0.0,0.0,0.0,0.0,0.0,0.0
1,0,0.5689951,0.3438804,0.059624262,0.02750023,0.0,0.0,0.0,0.0,0.0,0.0,0.0,0.0
1,0,0.5689951,0.3438804,0.059624262,0.02750023,0.0,0.0,0.0,0.0,0.0,0.0,0.0,0.0
1,0,0.5689951,0.3438804,0.059624262,0.02750023,0.0,0.0,0.0,0.0,0.0,0.0,0.0,0.0
1,0,0.5826672,0.3302084,0.059624262,0.02750023,0.0,0.0,0.0,0.0,0.0,0.0,0.0,0.0
1,0,0.5826672,0.3302084,0.059624262,0.02750023,0.0,0.0,0.0,0.0,0.0,0.0,0.0,0.0
1,0,0.5826672,0.3302084,0.059624262,0.02750023,0.0,0.0,0.0,0.0,0.0,0.0,0.0,0.0
1,0,0.5826672,0.3302084,0.059624262,0.02750023,0.0,0.0,0.0,0.0,0.0,0.0,0.0,0.0
1,0,0.5826672,0.3302084,0.059624262,0.02750023,0.0,0.0,0.0,0.0,0.0,0.0,0.0,0.0
1,0,0.5826672,0.3302084,0.059624262,0.02750023,0.0,0.0,0.0,0.0,0.0,0.0,0.0,0.0
1,0,0.5826672,0.3302084,0.059624262,0.02750023,0.0,0.0,0.0,0.0,0.0,0.0,0.0,0.0
1,0,0.5826672,0.3302084,0.059624262,0.02750023,0.0,0.0,0.0,0.0,0.0,0.0,0.0,0.0
1,0,0.5826672,0.3302084,0.059624262,0.02750023,0.0,0.0,0.0,0.0,0.0,0.0,0.0,0.0
1,0,0.5826672,0.3302084,0.059624262,0.02750023,0.0,0.0,0.0,0.0,0.0,0.0,0.0,0.0
1,0,0.5826672,0.3302084,0.059624262,0.02750023,0.0,0.0,0.0,0.0,0.0,0.0,0.0,0.0
1,0,0.5826672,0.3302084,0.059624262,0.02750023,0.0,0.0,0.0,0.0,0.0,0.0,0.0,0.0
1,0,0.5826672,0.3302084,0.059624262,0.02750023,0.0,0.0,0.0,0.0,0.0,0.0,0.0,0.0
1,0,0.5826672,0.3302084,0.059624262,0.02750023,0.0,0.0,0.0,0.0,0.0,0.0,0.0,0.0
1,0,0.5826672,0.3302084,0.059624262,0.02750023,0.0,0.0,0.0,0.0,0.0,0.0,0.0,0.0
1,0,0.5826672,0.3302084,0.059624262,0.02750023,0.0,0.0,0.0,0.0,0.0,0.0,0.0,0.0
1,0,0.5826672,0.3302084,0.059624262,0.02750023,0.0,0.0,0.0,0.0,0.0,0.0,0.0,0.0
1,0,0.5826672,0.3302084,0.059624262,0.02750023,0.0,0.0,0.0,0.0,0.0,0.0,0.0,0.0
1,0,0.5826672,0.3302084,0.059624262,0.02750023,0.0,0.0,0.0,0.0,0.0,0.0,0.0,0.0
1,0,0.5826672,0.3302084,0.059624262,0.02750023,0.0,0.0,0.0,0.0,0.0,0.0,0.0,0.0
1,0,0.5826672,0.3302084,0.059624262,0.02750023,0.0,0.0,0.0,0.0,0.0,0.0,0.0,0.0
1,0,0.5826672,0.3302084,0.059624262,0.02750023,0.0,0.0,0.0,0.0,0.0,0.0,0.0,0.0
1,0,0.5826672,0.3302084,0.059624262,0.02750023,0.0,0.0,0.0,0.0,0.0,0.0,0.0,0.0
1,0,0.5826672,0.3302084,0.059624262,0.02750023,0.0,0.0,0.0,0.0,0.0,0.0,0.0,0.0
1,0,0.5826672,0.3302084,0.059624262,0.02750023,0.0,0.0,0.0,0.0,0.0,0.0,0.0,0.0
1,0,0.5826672,0.3302084,0.059624262,0.02750023,0.0,0.0,0.0,0.0,0.0,0.0,0.0,0.0
1,0,0.5826672,0.3302084,0.059624262,0.02750023,0.0,0.0,0.0,0.0,0.0,0.0,0.0,0.0
1,0,0.5826672,0.3302084,0.059624262,0.02750023,0.0,0.0,0.0,0.0,0.0,0.0,0.0,0.0
1,0,0.5826672,0.3302084,0.059624262,0.02750023,0.0,0.0,0.0,0.0,0.0,0.0,0.0,0.0
1,0,0.5826672,0.3302084,0.059624262,0.02750023,0.0,0.0,0.0,0.0,0.0,0.0,0.0,0.0
1,0,0.5826672,0.3302084,0.059624262,0.02750023,0.0,0.0,0.0,0.0,0.0,0.0,0.0,0.0
1,0,0.5826672,0.3302084,0.059624262,0.02750023,0.0,0.0,0.0,0.0,0.0,0.0,0.0,0.0
1,0,0.5826672,0.3302084,0.059624262,0.02750023,0.0,0.0,0.0,0.0,0.0,0.0,0.0,0.0
1,0,0.5826672,0.3302084,0.059624262,0.02750023,0.0,0.0,0.0,0.0,0.0,0.0,0.0,0.0
1,0,0.5826672,0.3302084,0.059624262,0.02750023,0.0,0.0,0.0,0.0,0.0,0.0,0.0,0.0
1,0,0.5826672,0.3302084,0.059624262,0.02750023,0.0,0.0,0.0,0.0,0.0,0.0,0.0,0.0
1,0,0.5826672,0.3302084,0.059624262,0.02750023,0.0,0.0,0.0,0.0,0.0,0.0,0.0,0.0
1,0,0.5826672,0.3302084,0.059624262,0.02750023,0.0,0.0,0.0,0.0,0.0,0.0,0.0,0.0
1,0,0.5826672,0.3302084,0.059624262,0.02750023,0.0,0.0,0.0,0.0,0.0,0.0,0.0,0.0
1,0,0.5826672,0.3302084,0.059624262,0.02750023,0.0,0.0,0.0,0.0,0.0,0.0,0.0,0.0
1,0,0.5826672,0.3302084,0.059624262,0.02750023,0.0,0.0,0.0,0.0,0.0,0.0,0.0,0.0
1,0,0.5826672,0.3302084,0.059624262,0.02750023,0.0,0.0,0.0,0.0,0.0,0.0,0.0,0.0
1,0,0.5826672,0.3302084,0.059624262,0.02750023,0.0,0.0,0.0,0.0,0.0,0.0,0.0,0.0
1,0,0.5826672,0.3302084,0.059624262,0.02750023,0.0,0.0,0.0,0.0,0.0,0.0,0.0,0.0
1,0,0.5826672,0.3302084,0.059624262,0.02750023,0.0,0.0,0.0,0.0,0.0,0.0,0.0,0.0
1,0,0.5826672,0.3302084,0.059624262,0.02750023,0.0,0.0,0.0,0.0,0.0,0.0,0.0,0.0
1,0,0.5826672,0.3302084,0.059624262,0.02750023,0.0,0.0,0.0,0.0,0.0,0.0,0.0,0.0
1,0,0.5826672,0.3302084,0.059624262,0.02750023,0.0,0.0,0.0,0.0,0.0,0.0,0.0,0.0
1,0,0.5826672,0.3302084,0.059624262,0.02750023,0.0,0.0,0.0,0.0,0.0,0.0,0.0,0.0
1,0,0.5826672,0.3302084,0.059624262,0.02750023,0.0,0.0,0.0,0.0,0.0,0.0,0.0,0.0
1,0,0.5826672,0.3302084,0.059624262,0.02750023,0.0,0.0,0.0,0.0,0.0,0.0,0.0,0.0
1,0,0.5826672,0.3302084,0.059624262,0.02750023,0.0,0.0,0.0,0.0,0.0,0.0,0.0,0.0
1,0,0.5826672,0.3302084,0.059624262,0.02750023,0.0,0.0,0.0,0.0,0.0,0.0,0.0,0.0
1,0,0.5826672,0.3302084,0.059624262,0.02750023,0.0,0.0,0.0,0.0,0.0,0.0,0.0,0.0
1,0,0.5826672,0.3302084,0.059624262,0.02750023,0.0,0.0,0.0,0.0,0.0,0.0,0.0,0.0
1,0,0.5826672,0.3302084,0.059624262,0.02750023,0.0,0.0,0.0,0.0,0.0,0.0,0.0,0.0
1,0,0.5826672,0.3302084,0.059624262,0.02750023,0.0,0.0,0.0,0.0,0.0,0.0,0.0,0.0
1,0,0.5826672,0.3302084,0.059624262,0.02750023,0.0,0.0,0.0,0.0,0.0,0.0,0.0,0.0
1,0,0.5826672,0.3302084,0.059624262,0.02750023,0.0,0.0,0.0,0.0,0.0,0.0,0.0,0.0
1,0,0.5826672,0.3302084,0.059624262,0.02750023,0.0,0.0,0.0,0.0,0.0,0.0,0.0,0.0
1,0,0.5826672,0.3302084,0.059624262,0.02750023,0.0,0.0,0.0,0.0,0.0,0.0,0.0,0.0
1,0,0.5826672,0.3302084,0.059624262,0.02750023,0.0,0.0,0.0,0.0,0.0,0.0,0.0,0.0
1,0,0.5826672,0.3302084,0.059624262,0.02750023,0.0,0.0,0.0,0.0,0.0,0.0,0.0,0.0
1,0,0.5826672,0.3302084,0.059624262,0.02750023,0.0,0.0,0.0,0.0,0.0,0.0,0.0,0.0
1,0,0.5826672,0.3302084,0.059624262,0.02750023,0.0,0.0,0.0,0.0,0.0,0.0,0.0,0.0
1,0,0.5826672,0.3302084,0.059624262,0.02750023,0.0,0.0,0.0,0.0,0.0,0.0,0.0,0.0
1,0,0.5826672,0.3302084,0.059624262,0.02750023,0.0,0.0,0.0,0.0,0.0,0.0,0.0,0.0
1,0,0.5826672,0.3302084,0.059624262,0.02750023,0.0,0.0,0.0,0.0,0.0,0.0,0.0,0.0
1,0,0.5826672,0.3302084,0.059624262,0.02750023,0.0,0.0,0.0,0.0,0.0,0.0,0.0,0.0
1,0,0.5826672,0.3302084,0.059624262,0.02750023,0.0,0.0,0.0,0.0,0.0,0.0,0.0,0.0
1,0,0.6422914,0.3302084,0.0,0.02750023,0.0,0.0,0.0,0.0,0.0,0.0,0.0,0.0
1,0,0.6422914,0.3302084,0.0,0.02750023,0.0,0.0,0.0,0.0,0.0,0.0,0.0,0.0
1,0,0.6422914,0.3302084,0.0,0.02750023,0.0,0.0,0.0,0.0,0.0,0.0,0.0,0.0
1,0,0.6422914,0.3302084,0.0,0.02750023,0.0,0.0,0.0,0.0,0.0,0.0,0.0,0.0
1,0,0.6422914,0.3302084,0.0,0.02750023,0.0,0.0,0.0,0.0,0.0,0.0,0.0,0.0
1,0,0.6422914,0.3302084,0.0,0.02750023,0.0,0.0,0.0,0.0,0.0,0.0,0.0,0.0
1,0,0.6422914,0.3302084,0.0,0.02750023,0.0,0.0,0.0,0.0,0.0,0.0,0.0,0.0
1,0,0.6422914,0.3302084,0.0,0.02750023,0.0,0.0,0.0,0.0,0.0,0.0,0.0,0.0
1,0,0.6422914,0.3302084,0.0,0.02750023,0.0,0.0,0.0,0.0,0.0,0.0,0.0,0.0
1,0,0.6422914,0.3302084,0.0,0.02750023,0.0,0.0,0.0,0.0,0.0,0.0,0.0,0.0
1,0,0.6422914,0.3302084,0.0,0.02750023,0.0,0.0,0.0,0.0,0.0,0.0,0.0,0.0
1,0,0.6422914,0.3302084,0.0,0.02750023,0.0,0.0,0.0,0.0,0.0,0.0,0.0,0.0
1,0,0.6422914,0.3302084,0.0,0.02750023,0.0,0.0,0.0,0.0,0.0,0.0,0.0,0.0
1,0,0.6422914,0.3302084,0.0,0.02750023,0.0,0.0,0.0,0.0,0.0,0.0,0.0,0.0
1,0,0.69022167,0.28227815,0.0,0.02750023,0.0,0.0,0.0,0.0,0.0,0.0,0.0,0.0
1,0,0.69022167,0.28227815,0.0,0.02750023,0.0,0.0,0.0,0.0,0.0,0.0,0.0,0.0
1,0,0.69022167,0.28227815,0.0,0.02750023,0.0,0.0,0.0,0.0,0.0,0.0,0.0,0.0
1,0,0.69022167,0.28227815,0.0,0.02750023,0.0,0.0,0.0,0.0,0.0,0.0,0.0,0.0
1,0,0.69022167,0.28227815,0.0,0.02750023,0.0,0.0,0.0,0.0,0.0,0.0,0.0,0.0
1,0,0.69022167,0.28227815,0.0,0.02750023,0.0,0.0,0.0,0.0,0.0,0.0,0.0,0.0
1,0,0.69022167,0.28227815,0.0,0.02750023,0.0,0.0,0.0,0.0,0.0,0.0,0.0,0.0
1,0,0.69022167,0.28227815,0.0,0.02750023,0.0,0.0,0.0,0.0,0.0,0.0,0.0,0.0
1,0,0.69022167,0.28227815,0.0,0.02750023,0.0,0.0,0.0,0.0,0.0,0.0,0.0,0.0
1,0,0.69022167,0.28227815,0.0,0.02750023,0.0,0.0,0.0,0.0,0.0,0.0,0.0,0.0
1,0,0.69022167,0.28227815,0.0,0.02750023,0.0,0.0,0.0,0.0,0.0,0.0,0.0,0.0
1,0,0.69022167,0.28227815,0.0,0.02750023,0.0,0.0,0.0,0.0,0.0,0.0,0.0,0.0
1,0,0.69022167,0.28227815,0.0,0.02750023,0.0,0.0,0.0,0.0,0.0,0.0,0.0,0.0
1,0,0.69022167,0.28227815,0.0,0.02750023,0.0,0.0,0.0,0.0,0.0,0.0,0.0,0.0
1,0,0.69022167,0.28227815,0.0,0.02750023,0.0,0.0,0.0,0.0,0.0,0.0,0.0,0.0
1,0,0.69022167,0.28227815,0.0,0.02750023,0.0,0.0,0.0,0.0,0.0,0.0,0.0,0.0
1,0,0.63059735,0.28227815,0.059624262,0.02750023,0.0,0.0,0.0,0.0,0.0,0.0,0.0,0.0
1,0,0.63059735,0.28227815,0.059624262,0.02750023,0.0,0.0,0.0,0.0,0.0,0.0,0.0,0.0
1,0,0.63059735,0.28227815,0.059624262,0.02750023,0.0,0.0,0.0,0.0,0.0,0.0,0.0,0.0
1,0,0.63059735,0.28227815,0.059624262,0.02750023,0.0,0.0,0.0,0.0,0.0,0.0,0.0,0.0
1,0,0.63059735,0.28227815,0.059624262,0.02750023,0.0,0.0,0.0,0.0,0.0,0.0,0.0,0.0
1,0,0.63059735,0.28227815,0.059624262,0.02750023,0.0,0.0,0.0,0.0,0.0,0.0,0.0,0.0
1,0,0.63059735,0.28227815,0.059624262,0.02750023,0.0,0.0,0.0,0.0,0.0,0.0,0.0,0.0
1,0,0.63059735,0.28227815,0.059624262,0.02750023,0.0,0.0,0.0,0.0,0.0,0.0,0.0,0.0
1,0,0.63059735,0.28227815,0.059624262,0.02750023,0.0,0.0,0.0,0.0,0.0,0.0,0.0,0.0
1,0,0.63059735,0.28227815,0.059624262,0.02750023,0.0,0.0,0.0,0.0,0.0,0.0,0.0,0.0
1,0,0.63059735,0.28227815,0.059624262,0.02750023,0.0,0.0,0.0,0.0,0.0,0.0,0.0,0.0
1,0,0.63059735,0.28227815,0.059624262,0.02750023,0.0,0.0,0.0,0.0,0.0,0.0,0.0,0.0
1,0,0.5826672,0.3302084,0.059624262,0.02750023,0.0,0.0,0.0,0.0,0.0,0.0,0.0,0.0
1,0,0.5826672,0.3302084,0.059624262,0.02750023,0.0,0.0,0.0,0.0,0.0,0.0,0.0,0.0
1,0,0.5826672,0.3302084,0.059624262,0.02750023,0.0,0.0,0.0,0.0,0.0,0.0,0.0,0.0
1,0,0.5826672,0.3302084,0.059624262,0.02750023,0.0,0.0,0.0,0.0,0.0,0.0,0.0,0.0
1,0,0.5826672,0.3302084,0.059624262,0.02750023,0.0,0.0,0.0,0.0,0.0,0.0,0.0,0.0
1,0,0.5826672,0.3302084,0.059624262,0.02750023,0.0,0.0,0.0,0.0,0.0,0.0,0.0,0.0
1,0,0.5826672,0.3302084,0.059624262,0.02750023,0.0,0.0,0.0,0.0,0.0,0.0,0.0,0.0
1,0,0.5826672,0.3302084,0.059624262,0.02750023,0.0,0.0,0.0,0.0,0.0,0.0,0.0,0.0
1,0,0.5826672,0.3302084,0.059624262,0.02750023,0.0,0.0,0.0,0.0,0.0,0.0,0.0,0.0
1,0,0.5826672,0.3302084,0.059624262,0.02750023,0.0,0.0,0.0,0.0,0.0,0.0,0.0,0.0
1,0,0.5826672,0.3302084,0.059624262,0.02750023,0.0,0.0,0.0,0.0,0.0,0.0,0.0,0.0
1,0,0.5826672,0.3302084,0.059624262,0.02750023,0.0,0.0,0.0,0.0,0.0,0.0,0.0,0.0
1,0,0.5826672,0.3302084,0.059624262,0.02750023,0.0,0.0,0.0,0.0,0.0,0.0,0.0,0.0
1,0,0.5826672,0.3302084,0.059624262,0.02750023,0.0,0.0,0.0,0.0,0.0,0.0,0.0,0.0
1,0,0.5826672,0.3302084,0.059624262,0.02750023,0.0,0.0,0.0,0.0,0.0,0.0,0.0,0.0
1,0,0.5826672,0.3302084,0.059624262,0.02750023,0.0,0.0,0.0,0.0,0.0,0.0,0.0,0.0
1,0,0.5826672,0.3302084,0.059624262,0.02750023,0.0,0.0,0.0,0.0,0.0,0.0,0.0,0.0
1,0,0.5826672,0.3302084,0.059624262,0.02750023,0.0,0.0,0.0,0.0,0.0,0.0,0.0,0.0
1,0,0.5826672,0.3302084,0.059624262,0.02750023,0.0,0.0,0.0,0.0,0.0,0.0,0.0,0.0
1,0,0.5826672,0.3302084,0.059624262,0.02750023,0.0,0.0,0.0,0.0,0.0,0.0,0.0,0.0
1,0,0.5826672,0.3302084,0.059624262,0.02750023,0.0,0.0,0.0,0.0,0.0,0.0,0.0,0.0
1,0,0.5826672,0.3302084,0.059624262,0.02750023,0.0,0.0,0.0,0.0,0.0,0.0,0.0,0.0
1,0,0.5826672,0.3302084,0.059624262,0.02750023,0.0,0.0,0.0,0.0,0.0,0.0,0.0,0.0
1,0,0.5826672,0.3302084,0.059624262,0.02750023,0.0,0.0,0.0,0.0,0.0,0.0,0.0,0.0
1,0,0.55615336,0.35672215,0.05962426,0.027500229,0.0,0.0,0.0,0.0,0.0,0.0,0.0,0.0
1,0,0.55615336,0.35672215,0.05962426,0.027500229,0.0,0.0,0.0,0.0,0.0,0.0,0.0,0.0
1,0,0.55615336,0.35672215,0.05962426,0.027500229,0.0,0.0,0.0,0.0,0.0,0.0,0.0,0.0
1,0,0.55615336,0.35672215,0.05962426,0.027500229,0.0,0.0,0.0,0.0,0.0,0.0,0.0,0.0
1,0,0.55615336,0.35672215,0.05962426,0.027500229,0.0,0.0,0.0,0.0,0.0,0.0,0.0,0.0
1,0,0.55615336,0.35672215,0.05962426,0.027500229,0.0,0.0,0.0,0.0,0.0,0.0,0.0,0.0
1,0,0.55615336,0.35672215,0.05962426,0.027500229,0.0,0.0,0.0,0.0,0.0,0.0,0.0,0.0
1,0,0.55615336,0.35672215,0.05962426,0.027500229,0.0,0.0,0.0,0.0,0.0,0.0,0.0,0.0
1,0,0.55615336,0.35672215,0.05962426,0.027500229,0.0,0.0,0.0,0.0,0.0,0.0,0.0,0.0
1,0,0.55615336,0.35672215,0.05962426,0.027500229,0.0,0.0,0.0,0.0,0.0,0.0,0.0,0.0
1,0,0.55615336,0.35672215,0.05962426,0.027500229,0.0,0.0,0.0,0.0,0.0,0.0,0.0,0.0
1,0,0.55615336,0.35672215,0.05962426,0.027500229,0.0,0.0,0.0,0.0,0.0,0.0,0.0,0.0
1,0,0.55615336,0.35672215,0.05962426,0.027500229,0.0,0.0,0.0,0.0,0.0,0.0,0.0,0.0
1,0,0.55615336,0.35672215,0.05962426,0.027500229,0.0,0.0,0.0,0.0,0.0,0.0,0.0,0.0
1,0,0.55615336,0.35672215,0.05962426,0.027500229,0.0,0.0,0.0,0.0,0.0,0.0,0.0,0.0
1,0,0.55615336,0.35672215,0.05962426,0.027500229,0.0,0.0,0.0,0.0,0.0,0.0,0.0,0.0
1,0,0.55615336,0.35672215,0.05962426,0.027500229,0.0,0.0,0.0,0.0,0.0,0.0,0.0,0.0
1,0,0.55615336,0.35672215,0.05962426,0.027500229,0.0,0.0,0.0,0.0,0.0,0.0,0.0,0.0
1,0,0.55615336,0.35672215,0.05962426,0.027500229,0.0,0.0,0.0,0.0,0.0,0.0,0.0,0.0
1,0,0.55615336,0.35672215,0.05962426,0.027500229,0.0,0.0,0.0,0.0,0.0,0.0,0.0,0.0
1,0,0.55615336,0.35672215,0.05962426,0.027500229,0.0,0.0,0.0,0.0,0.0,0.0,0.0,0.0
1,0,0.55615336,0.35672215,0.05962426,0.027500229,0.0,0.0,0.0,0.0,0.0,0.0,0.0,0.0
1,0,0.55615336,0.35672215,0.05962426,0.027500229,0.0,0.0,0.0,0.0,0.0,0.0,0.0,0.0
1,0,0.55615336,0.35672215,0.05962426,0.027500229,0.0,0.0,0.0,0.0,0.0,0.0,0.0,0.0
1,0,0.6157777,0.35672218,0.0,0.02750023,0.0,0.0,0.0,0.0,0.0,0.0,0.0,0.0
1,0,0.6157777,0.35672218,0.0,0.02750023,0.0,0.0,0.0,0.0,0.0,0.0,0.0,0.0
1,0,0.6157777,0.35672218,0.0,0.02750023,0.0,0.0,0.0,0.0,0.0,0.0,0.0,0.0
1,0,0.6157777,0.35672218,0.0,0.02750023,0.0,0.0,0.0,0.0,0.0,0.0,0.0,0.0
1,0,0.6157777,0.35672218,0.0,0.02750023,0.0,0.0,0.0,0.0,0.0,0.0,0.0,0.0
1,0,0.6157777,0.35672218,0.0,0.02750023,0.0,0.0,0.0,0.0,0.0,0.0,0.0,0.0
1,0,0.6157777,0.35672218,0.0,0.02750023,0.0,0.0,0.0,0.0,0.0,0.0,0.0,0.0
1,0,0.6157777,0.35672218,0.0,0.02750023,0.0,0.0,0.0,0.0,0.0,0.0,0.0,0.0
1,0,0.66370785,0.30879194,0.0,0.02750023,0.0,0.0,0.0,0.0,0.0,0.0,0.0,0.0
1,0,0.66370785,0.30879194,0.0,0.02750023,0.0,0.0,0.0,0.0,0.0,0.0,0.0,0.0
1,0,0.66370785,0.30879194,0.0,0.02750023,0.0,0.0,0.0,0.0,0.0,0.0,0.0,0.0
1,0,0.66370785,0.30879194,0.0,0.02750023,0.0,0.0,0.0,0.0,0.0,0.0,0.0,0.0
1,0,0.66370785,0.30879194,0.0,0.02750023,0.0,0.0,0.0,0.0,0.0,0.0,0.0,0.0
1,0,0.66370785,0.30879194,0.0,0.02750023,0.0,0.0,0.0,0.0,0.0,0.0,0.0,0.0
1,0,0.66370785,0.30879194,0.0,0.02750023,0.0,0.0,0.0,0.0,0.0,0.0,0.0,0.0
1,0,0.66370785,0.30879194,0.0,0.02750023,0.0,0.0,0.0,0.0,0.0,0.0,0.0,0.0
1,0,0.66370785,0.30879194,0.0,0.02750023,0.0,0.0,0.0,0.0,0.0,0.0,0.0,0.0
1,0,0.66370785,0.30879194,0.0,0.02750023,0.0,0.0,0.0,0.0,0.0,0.0,0.0,0.0
1,0,0.66370785,0.30879194,0.0,0.02750023,0.0,0.0,0.0,0.0,0.0,0.0,0.0,0.0
1,0,0.66370785,0.30879194,0.0,0.02750023,0.0,0.0,0.0,0.0,0.0,0.0,0.0,0.0
1,0,0.66370785,0.30879194,0.0,0.02750023,0.0,0.0,0.0,0.0,0.0,0.0,0.0,0.0
1,0,0.66370785,0.30879194,0.0,0.02750023,0.0,0.0,0.0,0.0,0.0,0.0,0.0,0.0
1,0,0.66370785,0.30879194,0.0,0.02750023,0.0,0.0,0.0,0.0,0.0,0.0,0.0,0.0
1,0,0.66370785,0.30879194,0.0,0.02750023,0.0,0.0,0.0,0.0,0.0,0.0,0.0,0.0
1,0,0.66370785,0.30879194,0.0,0.02750023,0.0,0.0,0.0,0.0,0.0,0.0,0.0,0.0
1,0,0.66370785,0.30879194,0.0,0.02750023,0.0,0.0,0.0,0.0,0.0,0.0,0.0,0.0
1,0,0.66370785,0.30879194,0.0,0.02750023,0.0,0.0,0.0,0.0,0.0,0.0,0.0,0.0
1,0,0.66370785,0.30879194,0.0,0.02750023,0.0,0.0,0.0,0.0,0.0,0.0,0.0,0.0
1,0,0.66370785,0.30879194,0.0,0.02750023,0.0,0.0,0.0,0.0,0.0,0.0,0.0,0.0
1,0,0.66370785,0.30879194,0.0,0.02750023,0.0,0.0,0.0,0.0,0.0,0.0,0.0,0.0
1,0,0.6040836,0.30879194,0.059624262,0.02750023,0.0,0.0,0.0,0.0,0.0,0.0,0.0,0.0
1,0,0.6040836,0.30879194,0.059624262,0.02750023,0.0,0.0,0.0,0.0,0.0,0.0,0.0,0.0
1,0,0.6040836,0.30879194,0.059624262,0.02750023,0.0,0.0,0.0,0.0,0.0,0.0,0.0,0.0
1,0,0.6040836,0.30879194,0.059624262,0.02750023,0.0,0.0,0.0,0.0,0.0,0.0,0.0,0.0
1,0,0.6040836,0.30879194,0.059624262,0.02750023,0.0,0.0,0.0,0.0,0.0,0.0,0.0,0.0
1,0,0.6040836,0.30879194,0.059624262,0.02750023,0.0,0.0,0.0,0.0,0.0,0.0,0.0,0.0
1,0,0.55615336,0.35672215,0.05962426,0.027500229,0.0,0.0,0.0,0.0,0.0,0.0,0.0,0.0
1,0,0.55615336,0.35672215,0.05962426,0.027500229,0.0,0.0,0.0,0.0,0.0,0.0,0.0,0.0
1,0,0.55615336,0.35672215,0.05962426,0.027500229,0.0,0.0,0.0,0.0,0.0,0.0,0.0,0.0
1,0,0.55615336,0.35672215,0.05962426,0.027500229,0.0,0.0,0.0,0.0,0.0,0.0,0.0,0.0
1,0,0.55615336,0.35672215,0.05962426,0.027500229,0.0,0.0,0.0,0.0,0.0,0.0,0.0,0.0
1,0,0.55615336,0.35672215,0.05962426,0.027500229,0.0,0.0,0.0,0.0,0.0,0.0,0.0,0.0
1,0,0.55615336,0.35672215,0.05962426,0.027500229,0.0,0.0,0.0,0.0,0.0,0.0,0.0,0.0
1,0,0.55615336,0.35672215,0.05962426,0.027500229,0.0,0.0,0.0,0.0,0.0,0.0,0.0,0.0
1,0,0.55615336,0.35672215,0.05962426,0.027500229,0.0,0.0,0.0,0.0,0.0,0.0,0.0,0.0
1,0,0.55615336,0.35672215,0.05962426,0.027500229,0.0,0.0,0.0,0.0,0.0,0.0,0.0,0.0
1,0,0.55615336,0.35672215,0.05962426,0.027500229,0.0,0.0,0.0,0.0,0.0,0.0,0.0,0.0
1,0,0.55615336,0.35672215,0.05962426,0.027500229,0.0,0.0,0.0,0.0,0.0,0.0,0.0,0.0
1,0,0.55615336,0.35672215,0.05962426,0.027500229,0.0,0.0,0.0,0.0,0.0,0.0,0.0,0.0
1,0,0.55615336,0.35672215,0.05962426,0.027500229,0.0,0.0,0.0,0.0,0.0,0.0,0.0,0.0
1,0,0.55615336,0.35672215,0.05962426,0.027500229,0.0,0.0,0.0,0.0,0.0,0.0,0.0,0.0
1,0,0.55615336,0.35672215,0.05962426,0.027500229,0.0,0.0,0.0,0.0,0.0,0.0,0.0,0.0
1,0,0.55615336,0.35672215,0.05962426,0.027500229,0.0,0.0,0.0,0.0,0.0,0.0,0.0,0.0
1,0,0.55615336,0.35672215,0.05962426,0.027500229,0.0,0.0,0.0,0.0,0.0,0.0,0.0,0.0
1,0,0.55615336,0.35672215,0.05962426,0.027500229,0.0,0.0,0.0,0.0,0.0,0.0,0.0,0.0
1,0,0.55615336,0.35672215,0.05962426,0.027500229,0.0,0.0,0.0,0.0,0.0,0.0,0.0,0.0
1,0,0.55615336,0.35672215,0.05962426,0.027500229,0.0,0.0,0.0,0.0,0.0,0.0,0.0,0.0
1,0,0.55615336,0.35672215,0.05962426,0.027500229,0.0,0.0,0.0,0.0,0.0,0.0,0.0,0.0
1,0,0.55615336,0.35672215,0.05962426,0.027500229,0.0,0.0,0.0,0.0,0.0,0.0,0.0,0.0
1,0,0.55615336,0.35672215,0.05962426,0.027500229,0.0,0.0,0.0,0.0,0.0,0.0,0.0,0.0
1,0,0.55615336,0.35672215,0.05962426,0.027500229,0.0,0.0,0.0,0.0,0.0,0.0,0.0,0.0
1,0,0.55615336,0.35672215,0.05962426,0.027500229,0.0,0.0,0.0,0.0,0.0,0.0,0.0,0.0
1,0,0.55615336,0.35672215,0.05962426,0.027500229,0.0,0.0,0.0,0.0,0.0,0.0,0.0,0.0
1,0,0.55615336,0.35672215,0.05962426,0.027500229,0.0,0.0,0.0,0.0,0.0,0.0,0.0,0.0
1,0,0.55615336,0.35672215,0.05962426,0.027500229,0.0,0.0,0.0,0.0,0.0,0.0,0.0,0.0
1,0,0.55615336,0.35672215,0.05962426,0.027500229,0.0,0.0,0.0,0.0,0.0,0.0,0.0,0.0
1,0,0.55615336,0.35672215,0.05962426,0.027500229,0.0,0.0,0.0,0.0,0.0,0.0,0.0,0.0
1,0,0.55615336,0.35672215,0.05962426,0.027500229,0.0,0.0,0.0,0.0,0.0,0.0,0.0,0.0
1,0,0.55615336,0.35672215,0.05962426,0.027500229,0.0,0.0,0.0,0.0,0.0,0.0,0.0,0.0
1,0,0.55615336,0.35672215,0.05962426,0.027500229,0.0,0.0,0.0,0.0,0.0,0.0,0.0,0.0
1,0,0.55615336,0.35672215,0.05962426,0.027500229,0.0,0.0,0.0,0.0,0.0,0.0,0.0,0.0
1,0,0.55615336,0.35672215,0.05962426,0.027500229,0.0,0.0,0.0,0.0,0.0,0.0,0.0,0.0
1,0,0.5836536,0.35672218,0.059624262,0.0,0.0,0.0,0.0,0.0,0.0,0.0,0.0,0.0
1,0,0.5836536,0.35672218,0.059624262,0.0,0.0,0.0,0.0,0.0,0.0,0.0,0.0,0.0
1,0,0.5836536,0.35672218,0.059624262,0.0,0.0,0.0,0.0,0.0,0.0,0.0,0.0,0.0
1,0,0.5836536,0.35672218,0.059624262,0.0,0.0,0.0,0.0,0.0,0.0,0.0,0.0,0.0
1,0,0.5836536,0.35672218,0.059624262,0.0,0.0,0.0,0.0,0.0,0.0,0.0,0.0,0.0
1,0,0.5836536,0.35672218,0.059624262,0.0,0.0,0.0,0.0,0.0,0.0,0.0,0.0,0.0
1,0,0.5836536,0.35672218,0.059624262,0.0,0.0,0.0,0.0,0.0,0.0,0.0,0.0,0.0
1,0,0.5836536,0.35672218,0.059624262,0.0,0.0,0.0,0.0,0.0,0.0,0.0,0.0,0.0
1,0,0.5836536,0.35672218,0.059624262,0.0,0.0,0.0,0.0,0.0,0.0,0.0,0.0,0.0
1,0,0.5836536,0.35672218,0.059624262,0.0,0.0,0.0,0.0,0.0,0.0,0.0,0.0,0.0
1,0,0.5836536,0.35672218,0.059624262,0.0,0.0,0.0,0.0,0.0,0.0,0.0,0.0,0.0
1,0,0.5836536,0.35672218,0.059624262,0.0,0.0,0.0,0.0,0.0,0.0,0.0,0.0,0.0
1,0,0.5836536,0.35672218,0.059624262,0.0,0.0,0.0,0.0,0.0,0.0,0.0,0.0,0.0
1,0,0.5836536,0.35672218,0.059624262,0.0,0.0,0.0,0.0,0.0,0.0,0.0,0.0,0.0
1,0,0.5836536,0.35672218,0.059624262,0.0,0.0,0.0,0.0,0.0,0.0,0.0,0.0,0.0
1,0,0.5836536,0.35672218,0.059624262,0.0,0.0,0.0,0.0,0.0,0.0,0.0,0.0,0.0
1,0,0.5836536,0.35672218,0.059624262,0.0,0.0,0.0,0.0,0.0,0.0,0.0,0.0,0.0
1,0,0.5836536,0.35672218,0.059624262,0.0,0.0,0.0,0.0,0.0,0.0,0.0,0.0,0.0
1,0,0.5836536,0.35672218,0.059624262,0.0,0.0,0.0,0.0,0.0,0.0,0.0,0.0,0.0
1,0,0.5836536,0.35672218,0.059624262,0.0,0.0,0.0,0.0,0.0,0.0,0.0,0.0,0.0
1,0,0.5836536,0.35672218,0.059624262,0.0,0.0,0.0,0.0,0.0,0.0,0.0,0.0,0.0
1,0,0.5836536,0.35672218,0.059624262,0.0,0.0,0.0,0.0,0.0,0.0,0.0,0.0,0.0
1,0,0.5836536,0.35672218,0.059624262,0.0,0.0,0.0,0.0,0.0,0.0,0.0,0.0,0.0
1,0,0.5836536,0.35672218,0.059624262,0.0,0.0,0.0,0.0,0.0,0.0,0.0,0.0,0.0
1,0,0.5836536,0.35672218,0.059624262,0.0,0.0,0.0,0.0,0.0,0.0,0.0,0.0,0.0
1,0,0.5836536,0.35672218,0.059624262,0.0,0.0,0.0,0.0,0.0,0.0,0.0,0.0,0.0
1,0,0.5836536,0.35672218,0.059624262,0.0,0.0,0.0,0.0,0.0,0.0,0.0,0.0,0.0
1,0,0.5836536,0.35672218,0.059624262,0.0,0.0,0.0,0.0,0.0,0.0,0.0,0.0,0.0
1,0,0.5836536,0.35672218,0.059624262,0.0,0.0,0.0,0.0,0.0,0.0,0.0,0.0,0.0
1,0,0.5836536,0.35672218,0.059624262,0.0,0.0,0.0,0.0,0.0,0.0,0.0,0.0,0.0
1,0,0.5836536,0.35672218,0.059624262,0.0,0.0,0.0,0.0,0.0,0.0,0.0,0.0,0.0
1,0,0.5836536,0.35672218,0.059624262,0.0,0.0,0.0,0.0,0.0,0.0,0.0,0.0,0.0
1,0,0.5836536,0.35672218,0.059624262,0.0,0.0,0.0,0.0,0.0,0.0,0.0,0.0,0.0
1,0,0.5836536,0.35672218,0.059624262,0.0,0.0,0.0,0.0,0.0,0.0,0.0,0.0,0.0
1,0,0.5836536,0.35672218,0.059624262,0.0,0.0,0.0,0.0,0.0,0.0,0.0,0.0,0.0
1,0,0.5836536,0.35672218,0.059624262,0.0,0.0,0.0,0.0,0.0,0.0,0.0,0.0,0.0
1,0,0.5836536,0.35672218,0.059624262,0.0,0.0,0.0,0.0,0.0,0.0,0.0,0.0,0.0
1,0,0.5836536,0.35672218,0.059624262,0.0,0.0,0.0,0.0,0.0,0.0,0.0,0.0,0.0
1,0,0.5836536,0.35672218,0.059624262,0.0,0.0,0.0,0.0,0.0,0.0,0.0,0.0,0.0
1,0,0.5836536,0.35672218,0.059624262,0.0,0.0,0.0,0.0,0.0,0.0,0.0,0.0,0.0
1,0,0.5699816,0.3703942,0.059624262,0.0,0.0,0.0,0.0,0.0,0.0,0.0,0.0,0.0
1,0,0.5699816,0.3703942,0.059624262,0.0,0.0,0.0,0.0,0.0,0.0,0.0,0.0,0.0
1,0,0.5699816,0.3703942,0.059624262,0.0,0.0,0.0,0.0,0.0,0.0,0.0,0.0,0.0
1,0,0.5699816,0.3703942,0.059624262,0.0,0.0,0.0,0.0,0.0,0.0,0.0,0.0,0.0
1,0,0.5699816,0.3703942,0.059624262,0.0,0.0,0.0,0.0,0.0,0.0,0.0,0.0,0.0
1,0,0.5699816,0.3703942,0.059624262,0.0,0.0,0.0,0.0,0.0,0.0,0.0,0.0,0.0
1,0,0.5699816,0.3703942,0.059624262,0.0,0.0,0.0,0.0,0.0,0.0,0.0,0.0,0.0
1,0,0.5699816,0.3703942,0.059624262,0.0,0.0,0.0,0.0,0.0,0.0,0.0,0.0,0.0
1,0,0.5300027,0.41037306,0.059624262,0.0,0.0,0.0,0.0,0.0,0.0,0.0,0.0,0.0
1,0,0.5300027,0.41037306,0.059624262,0.0,0.0,0.0,0.0,0.0,0.0,0.0,0.0,0.0
1,0,0.5300027,0.41037306,0.059624262,0.0,0.0,0.0,0.0,0.0,0.0,0.0,0.0,0.0
1,0,0.5300027,0.41037306,0.059624262,0.0,0.0,0.0,0.0,0.0,0.0,0.0,0.0,0.0
1,0,0.5300027,0.41037306,0.059624262,0.0,0.0,0.0,0.0,0.0,0.0,0.0,0.0,0.0
1,0,0.5300027,0.41037306,0.059624262,0.0,0.0,0.0,0.0,0.0,0.0,0.0,0.0,0.0
1,0,0.5300027,0.41037306,0.059624262,0.0,0.0,0.0,0.0,0.0,0.0,0.0,0.0,0.0
1,0,0.5300027,0.41037306,0.059624262,0.0,0.0,0.0,0.0,0.0,0.0,0.0,0.0,0.0
1,0,0.5300027,0.41037306,0.059624262,0.0,0.0,0.0,0.0,0.0,0.0,0.0,0.0,0.0
1,0,0.5300027,0.41037306,0.059624262,0.0,0.0,0.0,0.0,0.0,0.0,0.0,0.0,0.0
1,0,0.5300027,0.41037306,0.059624262,0.0,0.0,0.0,0.0,0.0,0.0,0.0,0.0,0.0
1,0,0.5300027,0.41037306,0.059624262,0.0,0.0,0.0,0.0,0.0,0.0,0.0,0.0,0.0
1,0,0.5300027,0.41037306,0.059624262,0.0,0.0,0.0,0.0,0.0,0.0,0.0,0.0,0.0
1,0,0.5300027,0.41037306,0.059624262,0.0,0.0,0.0,0.0,0.0,0.0,0.0,0.0,0.0
1,0,0.5300027,0.41037306,0.059624262,0.0,0.0,0.0,0.0,0.0,0.0,0.0,0.0,0.0
1,0,0.5300027,0.41037306,0.059624262,0.0,0.0,0.0,0.0,0.0,0.0,0.0,0.0,0.0
1,0,0.5300027,0.41037306,0.059624262,0.0,0.0,0.0,0.0,0.0,0.0,0.0,0.0,0.0
1,0,0.5300027,0.41037306,0.059624262,0.0,0.0,0.0,0.0,0.0,0.0,0.0,0.0,0.0
1,0,0.5300027,0.41037306,0.059624262,0.0,0.0,0.0,0.0,0.0,0.0,0.0,0.0,0.0
1,0,0.5300027,0.41037306,0.059624262,0.0,0.0,0.0,0.0,0.0,0.0,0.0,0.0,0.0
1,0,0.5300027,0.41037306,0.059624262,0.0,0.0,0.0,0.0,0.0,0.0,0.0,0.0,0.0
1,0,0.5300027,0.41037306,0.059624262,0.0,0.0,0.0,0.0,0.0,0.0,0.0,0.0,0.0
1,0,0.5300027,0.41037306,0.059624262,0.0,0.0,0.0,0.0,0.0,0.0,0.0,0.0,0.0
1,0,0.5300027,0.41037306,0.059624262,0.0,0.0,0.0,0.0,0.0,0.0,0.0,0.0,0.0
1,0,0.5300027,0.41037306,0.059624262,0.0,0.0,0.0,0.0,0.0,0.0,0.0,0.0,0.0
1,0,0.5300027,0.41037306,0.059624262,0.0,0.0,0.0,0.0,0.0,0.0,0.0,0.0,0.0
1,0,0.5300027,0.41037306,0.059624262,0.0,0.0,0.0,0.0,0.0,0.0,0.0,0.0,0.0
1,0,0.5300027,0.41037306,0.059624262,0.0,0.0,0.0,0.0,0.0,0.0,0.0,0.0,0.0
1,0,0.5300027,0.41037306,0.059624262,0.0,0.0,0.0,0.0,0.0,0.0,0.0,0.0,0.0
1,0,0.5300027,0.41037306,0.059624262,0.0,0.0,0.0,0.0,0.0,0.0,0.0,0.0,0.0
1,0,0.5300027,0.41037306,0.059624262,0.0,0.0,0.0,0.0,0.0,0.0,0.0,0.0,0.0
1,0,0.5300027,0.41037306,0.059624262,0.0,0.0,0.0,0.0,0.0,0.0,0.0,0.0,0.0
1,0,0.5300027,0.41037306,0.059624262,0.0,0.0,0.0,0.0,0.0,0.0,0.0,0.0,0.0
1,0,0.5300027,0.41037306,0.059624262,0.0,0.0,0.0,0.0,0.0,0.0,0.0,0.0,0.0
1,0,0.5300027,0.41037306,0.059624262,0.0,0.0,0.0,0.0,0.0,0.0,0.0,0.0,0.0
1,0,0.5300027,0.41037306,0.059624262,0.0,0.0,0.0,0.0,0.0,0.0,0.0,0.0,0.0
1,0,0.5300027,0.41037306,0.059624262,0.0,0.0,0.0,0.0,0.0,0.0,0.0,0.0,0.0
1,0,0.5300027,0.41037306,0.059624262,0.0,0.0,0.0,0.0,0.0,0.0,0.0,0.0,0.0
1,0,0.5300027,0.41037306,0.059624262,0.0,0.0,0.0,0.0,0.0,0.0,0.0,0.0,0.0
1,0,0.5300027,0.41037306,0.059624262,0.0,0.0,0.0,0.0,0.0,0.0,0.0,0.0,0.0
1,0,0.5300027,0.41037306,0.059624262,0.0,0.0,0.0,0.0,0.0,0.0,0.0,0.0,0.0
1,0,0.5300027,0.41037306,0.059624262,0.0,0.0,0.0,0.0,0.0,0.0,0.0,0.0,0.0
1,0,0.5300027,0.41037306,0.059624262,0.0,0.0,0.0,0.0,0.0,0.0,0.0,0.0,0.0
1,0,0.5300027,0.41037306,0.059624262,0.0,0.0,0.0,0.0,0.0,0.0,0.0,0.0,0.0
1,0,0.5300027,0.41037306,0.059624262,0.0,0.0,0.0,0.0,0.0,0.0,0.0,0.0,0.0
1,0,0.5300027,0.41037306,0.059624262,0.0,0.0,0.0,0.0,0.0,0.0,0.0,0.0,0.0
1,0,0.5300027,0.41037306,0.059624262,0.0,0.0,0.0,0.0,0.0,0.0,0.0,0.0,0.0
1,0,0.5300027,0.41037306,0.059624262,0.0,0.0,0.0,0.0,0.0,0.0,0.0,0.0,0.0
1,0,0.5300027,0.41037306,0.059624262,0.0,0.0,0.0,0.0,0.0,0.0,0.0,0.0,0.0
1,0,0.5300027,0.41037306,0.059624262,0.0,0.0,0.0,0.0,0.0,0.0,0.0,0.0,0.0
1,0,0.5300027,0.41037306,0.059624262,0.0,0.0,0.0,0.0,0.0,0.0,0.0,0.0,0.0
1,0,0.5300027,0.41037306,0.059624262,0.0,0.0,0.0,0.0,0.0,0.0,0.0,0.0,0.0
1,0,0.5300027,0.41037306,0.059624262,0.0,0.0,0.0,0.0,0.0,0.0,0.0,0.0,0.0
1,0,0.5300027,0.41037306,0.059624262,0.0,0.0,0.0,0.0,0.0,0.0,0.0,0.0,0.0
1,0,0.5300027,0.41037306,0.059624262,0.0,0.0,0.0,0.0,0.0,0.0,0.0,0.0,0.0
1,0,0.5300027,0.41037306,0.059624262,0.0,0.0,0.0,0.0,0.0,0.0,0.0,0.0,0.0
1,0,0.5300027,0.41037306,0.059624262,0.0,0.0,0.0,0.0,0.0,0.0,0.0,0.0,0.0
1,0,0.5300027,0.41037306,0.059624262,0.0,0.0,0.0,0.0,0.0,0.0,0.0,0.0,0.0
1,0,0.5300027,0.41037306,0.059624262,0.0,0.0,0.0,0.0,0.0,0.0,0.0,0.0,0.0
1,0,0.5300027,0.41037306,0.059624262,0.0,0.0,0.0,0.0,0.0,0.0,0.0,0.0,0.0
1,0,0.5300027,0.41037306,0.059624262,0.0,0.0,0.0,0.0,0.0,0.0,0.0,0.0,0.0
1,0,0.5300027,0.41037306,0.059624262,0.0,0.0,0.0,0.0,0.0,0.0,0.0,0.0,0.0
1,0,0.5300027,0.41037306,0.059624262,0.0,0.0,0.0,0.0,0.0,0.0,0.0,0.0,0.0
1,0,0.5300027,0.41037306,0.059624262,0.0,0.0,0.0,0.0,0.0,0.0,0.0,0.0,0.0
1,0,0.5300027,0.41037306,0.059624262,0.0,0.0,0.0,0.0,0.0,0.0,0.0,0.0,0.0
1,0,0.5300027,0.41037306,0.059624262,0.0,0.0,0.0,0.0,0.0,0.0,0.0,0.0,0.0
1,0,0.5300027,0.41037306,0.059624262,0.0,0.0,0.0,0.0,0.0,0.0,0.0,0.0,0.0
1,0,0.5300027,0.41037306,0.059624262,0.0,0.0,0.0,0.0,0.0,0.0,0.0,0.0,0.0
1,0,0.5300027,0.41037306,0.059624262,0.0,0.0,0.0,0.0,0.0,0.0,0.0,0.0,0.0
1,0,0.5300027,0.41037306,0.059624262,0.0,0.0,0.0,0.0,0.0,0.0,0.0,0.0,0.0
1,0,0.5300027,0.41037306,0.059624262,0.0,0.0,0.0,0.0,0.0,0.0,0.0,0.0,0.0
1,0,0.5300027,0.41037306,0.059624262,0.0,0.0,0.0,0.0,0.0,0.0,0.0,0.0,0.0
1,0,0.5300027,0.41037306,0.059624262,0.0,0.0,0.0,0.0,0.0,0.0,0.0,0.0,0.0
1,0,0.5300027,0.41037306,0.059624262,0.0,0.0,0.0,0.0,0.0,0.0,0.0,0.0,0.0
1,0,0.5300027,0.41037306,0.059624262,0.0,0.0,0.0,0.0,0.0,0.0,0.0,0.0,0.0
1,0,0.5300027,0.41037306,0.059624262,0.0,0.0,0.0,0.0,0.0,0.0,0.0,0.0,0.0
1,0,0.5300027,0.41037306,0.059624262,0.0,0.0,0.0,0.0,0.0,0.0,0.0,0.0,0.0
1,0,0.5300027,0.41037306,0.059624262,0.0,0.0,0.0,0.0,0.0,0.0,0.0,0.0,0.0
1,0,0.5300027,0.41037306,0.059624262,0.0,0.0,0.0,0.0,0.0,0.0,0.0,0.0,0.0
1,0,0.5300027,0.41037306,0.059624262,0.0,0.0,0.0,0.0,0.0,0.0,0.0,0.0,0.0
1,0,0.5300027,0.41037306,0.059624262,0.0,0.0,0.0,0.0,0.0,0.0,0.0,0.0,0.0
1,0,0.5300027,0.41037306,0.059624262,0.0,0.0,0.0,0.0,0.0,0.0,0.0,0.0,0.0
1,0,0.5300027,0.41037306,0.059624262,0.0,0.0,0.0,0.0,0.0,0.0,0.0,0.0,0.0
1,0,0.5300027,0.41037306,0.059624262,0.0,0.0,0.0,0.0,0.0,0.0,0.0,0.0,0.0
1,0,0.5300027,0.41037306,0.059624262,0.0,0.0,0.0,0.0,0.0,0.0,0.0,0.0,0.0
1,0,0.5300027,0.41037306,0.059624262,0.0,0.0,0.0,0.0,0.0,0.0,0.0,0.0,0.0
1,0,0.5300027,0.41037306,0.059624262,0.0,0.0,0.0,0.0,0.0,0.0,0.0,0.0,0.0
1,0,0.5300027,0.41037306,0.059624262,0.0,0.0,0.0,0.0,0.0,0.0,0.0,0.0,0.0
1,0,0.5300027,0.41037306,0.059624262,0.0,0.0,0.0,0.0,0.0,0.0,0.0,0.0,0.0
1,0,0.5300027,0.41037306,0.059624262,0.0,0.0,0.0,0.0,0.0,0.0,0.0,0.0,0.0
1,0,0.5300027,0.41037306,0.059624262,0.0,0.0,0.0,0.0,0.0,0.0,0.0,0.0,0.0
1,0,0.5300027,0.41037306,0.059624262,0.0,0.0,0.0,0.0,0.0,0.0,0.0,0.0,0.0
1,0,0.5300027,0.41037306,0.059624262,0.0,0.0,0.0,0.0,0.0,0.0,0.0,0.0,0.0
1,0,0.5300027,0.41037306,0.059624262,0.0,0.0,0.0,0.0,0.0,0.0,0.0,0.0,0.0
1,0,0.5300027,0.41037306,0.059624262,0.0,0.0,0.0,0.0,0.0,0.0,0.0,0.0,0.0
1,0,0.5300027,0.41037306,0.059624262,0.0,0.0,0.0,0.0,0.0,0.0,0.0,0.0,0.0
1,0,0.5300027,0.41037306,0.059624262,0.0,0.0,0.0,0.0,0.0,0.0,0.0,0.0,0.0
1,0,0.5300027,0.41037306,0.059624262,0.0,0.0,0.0,0.0,0.0,0.0,0.0,0.0,0.0
1,0,0.5300027,0.41037306,0.059624262,0.0,0.0,0.0,0.0,0.0,0.0,0.0,0.0,0.0
1,0,0.5300027,0.41037306,0.059624262,0.0,0.0,0.0,0.0,0.0,0.0,0.0,0.0,0.0
1,0,0.5300027,0.41037306,0.059624262,0.0,0.0,0.0,0.0,0.0,0.0,0.0,0.0,0.0
1,0,0.5300027,0.41037306,0.059624262,0.0,0.0,0.0,0.0,0.0,0.0,0.0,0.0,0.0
1,0,0.5300027,0.41037306,0.059624262,0.0,0.0,0.0,0.0,0.0,0.0,0.0,0.0,0.0
1,0,0.5300027,0.41037306,0.059624262,0.0,0.0,0.0,0.0,0.0,0.0,0.0,0.0,0.0
1,0,0.5300027,0.41037306,0.059624262,0.0,0.0,0.0,0.0,0.0,0.0,0.0,0.0,0.0
1,0,0.5300027,0.41037306,0.059624262,0.0,0.0,0.0,0.0,0.0,0.0,0.0,0.0,0.0
1,0,0.5300027,0.41037306,0.059624262,0.0,0.0,0.0,0.0,0.0,0.0,0.0,0.0,0.0
1,0,0.5300027,0.41037306,0.059624262,0.0,0.0,0.0,0.0,0.0,0.0,0.0,0.0,0.0
1,0,0.5300027,0.41037306,0.059624262,0.0,0.0,0.0,0.0,0.0,0.0,0.0,0.0,0.0
1,0,0.5300027,0.41037306,0.059624262,0.0,0.0,0.0,0.0,0.0,0.0,0.0,0.0,0.0
1,0,0.5792726,0.36110306,0.05962425,0.0,0.0,0.0,0.0,0.0,0.0,0.0,0.0,0.0
1,0,0.5792726,0.36110306,0.05962425,0.0,0.0,0.0,0.0,0.0,0.0,0.0,0.0,0.0
1,0,0.64576536,0.29461044,0.059624262,0.0,0.0,0.0,0.0,0.0,0.0,0.0,0.0,0.0
1,0,0.64576536,0.29461044,0.059624262,0.0,0.0,0.0,0.0,0.0,0.0,0.0,0.0,0.0
1,0,0.64576536,0.29461044,0.059624262,0.0,0.0,0.0,0.0,0.0,0.0,0.0,0.0,0.0
1,0,0.64576536,0.29461044,0.059624262,0.0,0.0,0.0,0.0,0.0,0.0,0.0,0.0,0.0
1,0,0.64576536,0.29461044,0.059624262,0.0,0.0,0.0,0.0,0.0,0.0,0.0,0.0,0.0
1,0,0.64576536,0.29461044,0.059624262,0.0,0.0,0.0,0.0,0.0,0.0,0.0,0.0,0.0
1,0,0.64576536,0.29461044,0.059624262,0.0,0.0,0.0,0.0,0.0,0.0,0.0,0.0,0.0
1,0,0.64576536,0.29461044,0.059624262,0.0,0.0,0.0,0.0,0.0,0.0,0.0,0.0,0.0
1,0,0.64576536,0.29461044,0.059624262,0.0,0.0,0.0,0.0,0.0,0.0,0.0,0.0,0.0
1,0,0.64576536,0.29461044,0.059624262,0.0,0.0,0.0,0.0,0.0,0.0,0.0,0.0,0.0
1,0,0.64576536,0.29461044,0.059624262,0.0,0.0,0.0,0.0,0.0,0.0,0.0,0.0,0.0
1,0,0.64576536,0.29461044,0.059624262,0.0,0.0,0.0,0.0,0.0,0.0,0.0,0.0,0.0
1,0,0.64576536,0.29461044,0.059624262,0.0,0.0,0.0,0.0,0.0,0.0,0.0,0.0,0.0
1,0,0.64576536,0.29461044,0.059624262,0.0,0.0,0.0,0.0,0.0,0.0,0.0,0.0,0.0
1,0,0.64576536,0.29461044,0.059624262,0.0,0.0,0.0,0.0,0.0,0.0,0.0,0.0,0.0
1,0,0.64576536,0.29461044,0.059624262,0.0,0.0,0.0,0.0,0.0,0.0,0.0,0.0,0.0
1,0,0.64576536,0.29461044,0.059624262,0.0,0.0,0.0,0.0,0.0,0.0,0.0,0.0,0.0
1,0,0.64576536,0.29461044,0.059624262,0.0,0.0,0.0,0.0,0.0,0.0,0.0,0.0,0.0
1,0,0.64576536,0.29461044,0.059624262,0.0,0.0,0.0,0.0,0.0,0.0,0.0,0.0,0.0
1,0,0.64576536,0.29461044,0.059624262,0.0,0.0,0.0,0.0,0.0,0.0,0.0,0.0,0.0
1,0,0.64576536,0.29461044,0.059624262,0.0,0.0,0.0,0.0,0.0,0.0,0.0,0.0,0.0
1,0,0.64576536,0.29461044,0.059624262,0.0,0.0,0.0,0.0,0.0,0.0,0.0,0.0,0.0
1,0,0.64576536,0.29461044,0.059624262,0.0,0.0,0.0,0.0,0.0,0.0,0.0,0.0,0.0
1,0,0.64576536,0.29461044,0.059624262,0.0,0.0,0.0,0.0,0.0,0.0,0.0,0.0,0.0
1,0,0.64576536,0.29461044,0.059624262,0.0,0.0,0.0,0.0,0.0,0.0,0.0,0.0,0.0
1,0,0.64576536,0.29461044,0.059624262,0.0,0.0,0.0,0.0,0.0,0.0,0.0,0.0,0.0
1,0,0.64576536,0.29461044,0.059624262,0.0,0.0,0.0,0.0,0.0,0.0,0.0,0.0,0.0
1,0,0.64576536,0.29461044,0.059624262,0.0,0.0,0.0,0.0,0.0,0.0,0.0,0.0,0.0
1,0,0.6936956,0.24668019,0.059624262,0.0,0.0,0.0,0.0,0.0,0.0,0.0,0.0,0.0
1,0,0.6936956,0.24668019,0.059624262,0.0,0.0,0.0,0.0,0.0,0.0,0.0,0.0,0.0
1,0,0.6936956,0.24668019,0.059624262,0.0,0.0,0.0,0.0,0.0,0.0,0.0,0.0,0.0
1,0,0.6936956,0.24668019,0.059624262,0.0,0.0,0.0,0.0,0.0,0.0,0.0,0.0,0.0
1,0,0.6936956,0.24668019,0.059624262,0.0,0.0,0.0,0.0,0.0,0.0,0.0,0.0,0.0
1,0,0.6936956,0.24668019,0.059624262,0.0,0.0,0.0,0.0,0.0,0.0,0.0,0.0,0.0
1,0,0.6936956,0.24668019,0.059624262,0.0,0.0,0.0,0.0,0.0,0.0,0.0,0.0,0.0
1,0,0.6936956,0.24668019,0.059624262,0.0,0.0,0.0,0.0,0.0,0.0,0.0,0.0,0.0
1,0,0.6936956,0.24668019,0.059624262,0.0,0.0,0.0,0.0,0.0,0.0,0.0,0.0,0.0
1,0,0.6936956,0.24668019,0.059624262,0.0,0.0,0.0,0.0,0.0,0.0,0.0,0.0,0.0
1,0,0.6936956,0.24668019,0.059624262,0.0,0.0,0.0,0.0,0.0,0.0,0.0,0.0,0.0
1,0,0.6936956,0.24668019,0.059624262,0.0,0.0,0.0,0.0,0.0,0.0,0.0,0.0,0.0
1,0,0.6936956,0.24668019,0.059624262,0.0,0.0,0.0,0.0,0.0,0.0,0.0,0.0,0.0
1,0,0.6936956,0.24668019,0.059624262,0.0,0.0,0.0,0.0,0.0,0.0,0.0,0.0,0.0
1,0,0.6936956,0.24668019,0.059624262,0.0,0.0,0.0,0.0,0.0,0.0,0.0,0.0,0.0
1,0,0.6936956,0.24668019,0.059624262,0.0,0.0,0.0,0.0,0.0,0.0,0.0,0.0,0.0
1,0,0.6936956,0.24668019,0.059624262,0.0,0.0,0.0,0.0,0.0,0.0,0.0,0.0,0.0
1,0,0.6936956,0.24668019,0.059624262,0.0,0.0,0.0,0.0,0.0,0.0,0.0,0.0,0.0
1,0,0.6936956,0.24668019,0.059624262,0.0,0.0,0.0,0.0,0.0,0.0,0.0,0.0,0.0
1,0,0.6936956,0.24668019,0.059624262,0.0,0.0,0.0,0.0,0.0,0.0,0.0,0.0,0.0
1,0,0.6936956,0.24668019,0.059624262,0.0,0.0,0.0,0.0,0.0,0.0,0.0,0.0,0.0
1,0,0.6936956,0.24668019,0.059624262,0.0,0.0,0.0,0.0,0.0,0.0,0.0,0.0,0.0
1,0,0.6936956,0.24668019,0.059624262,0.0,0.0,0.0,0.0,0.0,0.0,0.0,0.0,0.0
1,0,0.6936956,0.24668019,0.059624262,0.0,0.0,0.0,0.0,0.0,0.0,0.0,0.0,0.0
1,0,0.6936956,0.24668019,0.059624262,0.0,0.0,0.0,0.0,0.0,0.0,0.0,0.0,0.0
1,0,0.6936956,0.24668019,0.059624262,0.0,0.0,0.0,0.0,0.0,0.0,0.0,0.0,0.0
1,0,0.6936956,0.24668019,0.059624262,0.0,0.0,0.0,0.0,0.0,0.0,0.0,0.0,0.0
1,0,0.6936956,0.24668019,0.059624262,0.0,0.0,0.0,0.0,0.0,0.0,0.0,0.0,0.0
1,0,0.6936956,0.24668019,0.059624262,0.0,0.0,0.0,0.0,0.0,0.0,0.0,0.0,0.0
1,0,0.6936956,0.24668019,0.059624262,0.0,0.0,0.0,0.0,0.0,0.0,0.0,0.0,0.0
1,0,0.6936956,0.24668019,0.059624262,0.0,0.0,0.0,0.0,0.0,0.0,0.0,0.0,0.0
1,0,0.6936956,0.24668019,0.059624262,0.0,0.0,0.0,0.0,0.0,0.0,0.0,0.0,0.0
1,0,0.6936956,0.24668019,0.059624262,0.0,0.0,0.0,0.0,0.0,0.0,0.0,0.0,0.0
1,0,0.6936956,0.24668019,0.059624262,0.0,0.0,0.0,0.0,0.0,0.0,0.0,0.0,0.0
1,0,0.6936956,0.24668019,0.059624262,0.0,0.0,0.0,0.0,0.0,0.0,0.0,0.0,0.0
1,0,0.6936956,0.24668019,0.059624262,0.0,0.0,0.0,0.0,0.0,0.0,0.0,0.0,0.0
1,0,0.6936956,0.24668019,0.059624262,0.0,0.0,0.0,0.0,0.0,0.0,0.0,0.0,0.0
1,0,0.6936956,0.24668019,0.059624262,0.0,0.0,0.0,0.0,0.0,0.0,0.0,0.0,0.0
1,0,0.6936956,0.24668019,0.059624262,0.0,0.0,0.0,0.0,0.0,0.0,0.0,0.0,0.0
1,0,0.6936956,0.24668019,0.059624262,0.0,0.0,0.0,0.0,0.0,0.0,0.0,0.0,0.0
1,0,0.6936956,0.24668019,0.059624262,0.0,0.0,0.0,0.0,0.0,0.0,0.0,0.0,0.0
1,0,0.6936956,0.24668019,0.059624262,0.0,0.0,0.0,0.0,0.0,0.0,0.0,0.0,0.0
1,0,0.6936956,0.24668019,0.059624262,0.0,0.0,0.0,0.0,0.0,0.0,0.0,0.0,0.0
1,0,0.6936956,0.24668019,0.059624262,0.0,0.0,0.0,0.0,0.0,0.0,0.0,0.0,0.0
1,0,0.6936956,0.24668019,0.059624262,0.0,0.0,0.0,0.0,0.0,0.0,0.0,0.0,0.0
1,0,0.6936956,0.24668019,0.059624262,0.0,0.0,0.0,0.0,0.0,0.0,0.0,0.0,0.0
1,0,0.6936956,0.24668019,0.059624262,0.0,0.0,0.0,0.0,0.0,0.0,0.0,0.0,0.0
1,0,0.6936956,0.24668019,0.059624262,0.0,0.0,0.0,0.0,0.0,0.0,0.0,0.0,0.0
1,0,0.6936956,0.24668019,0.059624262,0.0,0.0,0.0,0.0,0.0,0.0,0.0,0.0,0.0
1,0,0.6936956,0.24668019,0.059624262,0.0,0.0,0.0,0.0,0.0,0.0,0.0,0.0,0.0
1,0,0.6936956,0.24668019,0.059624262,0.0,0.0,0.0,0.0,0.0,0.0,0.0,0.0,0.0
1,0,0.6936956,0.24668019,0.059624262,0.0,0.0,0.0,0.0,0.0,0.0,0.0,0.0,0.0
1,0,0.63067955,0.24668019,0.059624262,0.06301602,0.0,0.0,0.0,0.0,0.0,0.0,0.0,0.0
1,0,0.63067955,0.24668019,0.059624262,0.06301602,0.0,0.0,0.0,0.0,0.0,0.0,0.0,0.0
1,0,0.63067955,0.24668019,0.059624262,0.06301602,0.0,0.0,0.0,0.0,0.0,0.0,0.0,0.0
1,0,0.63067955,0.24668019,0.059624262,0.06301602,0.0,0.0,0.0,0.0,0.0,0.0,0.0,0.0
1,0,0.63067955,0.24668019,0.059624262,0.06301602,0.0,0.0,0.0,0.0,0.0,0.0,0.0,0.0
1,0,0.63067955,0.24668019,0.059624262,0.06301602,0.0,0.0,0.0,0.0,0.0,0.0,0.0,0.0
1,0,0.63067955,0.24668019,0.059624262,0.06301602,0.0,0.0,0.0,0.0,0.0,0.0,0.0,0.0
1,0,0.63067955,0.24668019,0.059624262,0.06301602,0.0,0.0,0.0,0.0,0.0,0.0,0.0,0.0
1,0,0.63067955,0.24668019,0.059624262,0.06301602,0.0,0.0,0.0,0.0,0.0,0.0,0.0,0.0
1,0,0.63067955,0.24668019,0.059624262,0.06301602,0.0,0.0,0.0,0.0,0.0,0.0,0.0,0.0
1,0,0.63067955,0.24668019,0.059624262,0.06301602,0.0,0.0,0.0,0.0,0.0,0.0,0.0,0.0
1,0,0.63067955,0.24668019,0.059624262,0.06301602,0.0,0.0,0.0,0.0,0.0,0.0,0.0,0.0
1,0,0.63067955,0.24668019,0.059624262,0.06301602,0.0,0.0,0.0,0.0,0.0,0.0,0.0,0.0
1,0,0.63067955,0.24668019,0.059624262,0.06301602,0.0,0.0,0.0,0.0,0.0,0.0,0.0,0.0
1,0,0.63067955,0.24668019,0.059624262,0.06301602,0.0,0.0,0.0,0.0,0.0,0.0,0.0,0.0
1,0,0.63067955,0.24668019,0.059624262,0.06301602,0.0,0.0,0.0,0.0,0.0,0.0,0.0,0.0
1,0,0.63067955,0.24668019,0.059624262,0.06301602,0.0,0.0,0.0,0.0,0.0,0.0,0.0,0.0
1,0,0.63067955,0.24668019,0.059624262,0.06301602,0.0,0.0,0.0,0.0,0.0,0.0,0.0,0.0
1,0,0.63067955,0.24668019,0.059624262,0.06301602,0.0,0.0,0.0,0.0,0.0,0.0,0.0,0.0
1,0,0.63067955,0.24668019,0.059624262,0.06301602,0.0,0.0,0.0,0.0,0.0,0.0,0.0,0.0
1,0,0.63067955,0.24668019,0.059624262,0.06301602,0.0,0.0,0.0,0.0,0.0,0.0,0.0,0.0
1,0,0.63067955,0.24668019,0.059624262,0.06301602,0.0,0.0,0.0,0.0,0.0,0.0,0.0,0.0
1,0,0.63067955,0.24668019,0.059624262,0.06301602,0.0,0.0,0.0,0.0,0.0,0.0,0.0,0.0
1,0,0.63067955,0.24668019,0.059624262,0.06301602,0.0,0.0,0.0,0.0,0.0,0.0,0.0,0.0
1,0,0.63067955,0.24668019,0.059624262,0.06301602,0.0,0.0,0.0,0.0,0.0,0.0,0.0,0.0
1,0,0.63067955,0.24668019,0.059624262,0.06301602,0.0,0.0,0.0,0.0,0.0,0.0,0.0,0.0
1,0,0.63067955,0.24668019,0.059624262,0.06301602,0.0,0.0,0.0,0.0,0.0,0.0,0.0,0.0
1,0,0.63067955,0.24668019,0.059624262,0.06301602,0.0,0.0,0.0,0.0,0.0,0.0,0.0,0.0
1,0,0.63067955,0.24668019,0.059624262,0.06301602,0.0,0.0,0.0,0.0,0.0,0.0,0.0,0.0
1,0,0.63067955,0.24668019,0.059624262,0.06301602,0.0,0.0,0.0,0.0,0.0,0.0,0.0,0.0
1,0,0.63067955,0.24668019,0.059624262,0.06301602,0.0,0.0,0.0,0.0,0.0,0.0,0.0,0.0
1,0,0.63067955,0.24668019,0.059624262,0.06301602,0.0,0.0,0.0,0.0,0.0,0.0,0.0,0.0
1,0,0.63067955,0.24668019,0.059624262,0.06301602,0.0,0.0,0.0,0.0,0.0,0.0,0.0,0.0
1,0,0.63067955,0.24668019,0.059624262,0.06301602,0.0,0.0,0.0,0.0,0.0,0.0,0.0,0.0
1,0,0.63067955,0.24668019,0.059624262,0.06301602,0.0,0.0,0.0,0.0,0.0,0.0,0.0,0.0
1,0,0.63067955,0.24668019,0.059624262,0.06301602,0.0,0.0,0.0,0.0,0.0,0.0,0.0,0.0
1,0,0.63067955,0.24668019,0.059624262,0.06301602,0.0,0.0,0.0,0.0,0.0,0.0,0.0,0.0
1,0,0.63067955,0.24668019,0.059624262,0.06301602,0.0,0.0,0.0,0.0,0.0,0.0,0.0,0.0
1,0,0.63067955,0.24668019,0.059624262,0.06301602,0.0,0.0,0.0,0.0,0.0,0.0,0.0,0.0
1,0,0.63067955,0.24668019,0.059624262,0.06301602,0.0,0.0,0.0,0.0,0.0,0.0,0.0,0.0
1,0,0.63067955,0.24668019,0.059624262,0.06301602,0.0,0.0,0.0,0.0,0.0,0.0,0.0,0.0
1,0,0.63067955,0.24668019,0.059624262,0.06301602,0.0,0.0,0.0,0.0,0.0,0.0,0.0,0.0
1,0,0.63067955,0.24668019,0.059624262,0.06301602,0.0,0.0,0.0,0.0,0.0,0.0,0.0,0.0
1,0,0.63067955,0.24668019,0.059624262,0.06301602,0.0,0.0,0.0,0.0,0.0,0.0,0.0,0.0
1,0,0.63067955,0.24668019,0.059624262,0.06301602,0.0,0.0,0.0,0.0,0.0,0.0,0.0,0.0
1,0,0.63067955,0.24668019,0.059624262,0.06301602,0.0,0.0,0.0,0.0,0.0,0.0,0.0,0.0
1,0,0.63067955,0.24668019,0.059624262,0.06301602,0.0,0.0,0.0,0.0,0.0,0.0,0.0,0.0
1,0,0.63067955,0.24668019,0.059624262,0.06301602,0.0,0.0,0.0,0.0,0.0,0.0,0.0,0.0
1,0,0.63067955,0.24668019,0.059624262,0.06301602,0.0,0.0,0.0,0.0,0.0,0.0,0.0,0.0
1,0,0.63067955,0.24668019,0.059624262,0.06301602,0.0,0.0,0.0,0.0,0.0,0.0,0.0,0.0
1,0,0.63067955,0.24668019,0.059624262,0.06301602,0.0,0.0,0.0,0.0,0.0,0.0,0.0,0.0
1,0,0.63067955,0.24668019,0.059624262,0.06301602,0.0,0.0,0.0,0.0,0.0,0.0,0.0,0.0
1,0,0.63067955,0.24668019,0.059624262,0.06301602,0.0,0.0,0.0,0.0,0.0,0.0,0.0,0.0
1,0,0.63067955,0.24668019,0.059624262,0.06301602,0.0,0.0,0.0,0.0,0.0,0.0,0.0,0.0
1,0,0.63067955,0.24668019,0.059624262,0.06301602,0.0,0.0,0.0,0.0,0.0,0.0,0.0,0.0
1,0,0.63067955,0.24668019,0.059624262,0.06301602,0.0,0.0,0.0,0.0,0.0,0.0,0.0,0.0
1,0,0.63067955,0.24668019,0.059624262,0.06301602,0.0,0.0,0.0,0.0,0.0,0.0,0.0,0.0
1,0,0.63067955,0.24668019,0.059624262,0.06301602,0.0,0.0,0.0,0.0,0.0,0.0,0.0,0.0
1,0,0.63067955,0.24668019,0.059624262,0.06301602,0.0,0.0,0.0,0.0,0.0,0.0,0.0,0.0
1,0,0.63067955,0.24668019,0.059624262,0.06301602,0.0,0.0,0.0,0.0,0.0,0.0,0.0,0.0
1,0,0.63067955,0.24668019,0.059624262,0.06301602,0.0,0.0,0.0,0.0,0.0,0.0,0.0,0.0
1,0,0.63067955,0.24668019,0.059624262,0.06301602,0.0,0.0,0.0,0.0,0.0,0.0,0.0,0.0
1,0,0.63067955,0.24668019,0.059624262,0.06301602,0.0,0.0,0.0,0.0,0.0,0.0,0.0,0.0
1,0,0.63067955,0.24668019,0.059624262,0.06301602,0.0,0.0,0.0,0.0,0.0,0.0,0.0,0.0
1,0,0.63067955,0.24668019,0.059624262,0.06301602,0.0,0.0,0.0,0.0,0.0,0.0,0.0,0.0
1,0,0.63067955,0.24668019,0.059624262,0.06301602,0.0,0.0,0.0,0.0,0.0,0.0,0.0,0.0
1,0,0.63067955,0.24668019,0.059624262,0.06301602,0.0,0.0,0.0,0.0,0.0,0.0,0.0,0.0
1,0,0.63067955,0.24668019,0.059624262,0.06301602,0.0,0.0,0.0,0.0,0.0,0.0,0.0,0.0
1,0,0.63067955,0.24668019,0.059624262,0.06301602,0.0,0.0,0.0,0.0,0.0,0.0,0.0,0.0
1,0,0.63067955,0.24668019,0.059624262,0.06301602,0.0,0.0,0.0,0.0,0.0,0.0,0.0,0.0
1,0,0.63067955,0.24668019,0.059624262,0.06301602,0.0,0.0,0.0,0.0,0.0,0.0,0.0,0.0
1,0,0.63067955,0.24668019,0.059624262,0.06301602,0.0,0.0,0.0,0.0,0.0,0.0,0.0,0.0
1,0,0.7111099,0.16624989,0.059624262,0.06301602,0.0,0.0,0.0,0.0,0.0,0.0,0.0,0.0
1,0,0.7111099,0.16624989,0.059624262,0.06301602,0.0,0.0,0.0,0.0,0.0,0.0,0.0,0.0
1,0,0.7111099,0.16624989,0.059624262,0.06301602,0.0,0.0,0.0,0.0,0.0,0.0,0.0,0.0
1,0,0.7111099,0.16624989,0.059624262,0.06301602,0.0,0.0,0.0,0.0,0.0,0.0,0.0,0.0
1,0,0.7111099,0.16624989,0.059624262,0.06301602,0.0,0.0,0.0,0.0,0.0,0.0,0.0,0.0
1,0,0.7111099,0.16624989,0.059624262,0.06301602,0.0,0.0,0.0,0.0,0.0,0.0,0.0,0.0
1,0,0.7111099,0.16624989,0.059624262,0.06301602,0.0,0.0,0.0,0.0,0.0,0.0,0.0,0.0
1,0,0.7111099,0.16624989,0.059624262,0.06301602,0.0,0.0,0.0,0.0,0.0,0.0,0.0,0.0
1,0,0.7111099,0.16624989,0.059624262,0.06301602,0.0,0.0,0.0,0.0,0.0,0.0,0.0,0.0
1,0,0.7111099,0.16624989,0.059624262,0.06301602,0.0,0.0,0.0,0.0,0.0,0.0,0.0,0.0
1,0,0.7111099,0.16624989,0.059624262,0.06301602,0.0,0.0,0.0,0.0,0.0,0.0,0.0,0.0
1,0,0.7111099,0.16624989,0.059624262,0.06301602,0.0,0.0,0.0,0.0,0.0,0.0,0.0,0.0
1,0,0.7111099,0.16624989,0.059624262,0.06301602,0.0,0.0,0.0,0.0,0.0,0.0,0.0,0.0
1,0,0.7111099,0.16624989,0.059624262,0.06301602,0.0,0.0,0.0,0.0,0.0,0.0,0.0,0.0
1,0,0.7111099,0.16624989,0.059624262,0.06301602,0.0,0.0,0.0,0.0,0.0,0.0,0.0,0.0
1,0,0.7111099,0.16624989,0.059624262,0.06301602,0.0,0.0,0.0,0.0,0.0,0.0,0.0,0.0
1,0,0.7111099,0.16624989,0.059624262,0.06301602,0.0,0.0,0.0,0.0,0.0,0.0,0.0,0.0
1,0,0.7111099,0.16624989,0.059624262,0.06301602,0.0,0.0,0.0,0.0,0.0,0.0,0.0,0.0
1,0,0.7111099,0.16624989,0.059624262,0.06301602,0.0,0.0,0.0,0.0,0.0,0.0,0.0,0.0
1,0,0.7111099,0.16624989,0.059624262,0.06301602,0.0,0.0,0.0,0.0,0.0,0.0,0.0,0.0
1,0,0.7111099,0.16624989,0.059624262,0.06301602,0.0,0.0,0.0,0.0,0.0,0.0,0.0,0.0
1,0,0.7111099,0.16624989,0.059624262,0.06301602,0.0,0.0,0.0,0.0,0.0,0.0,0.0,0.0
1,0,0.7111099,0.16624989,0.059624262,0.06301602,0.0,0.0,0.0,0.0,0.0,0.0,0.0,0.0
1,0,0.7111099,0.16624989,0.059624262,0.06301602,0.0,0.0,0.0,0.0,0.0,0.0,0.0,0.0
1,0,0.7111099,0.16624989,0.059624262,0.06301602,0.0,0.0,0.0,0.0,0.0,0.0,0.0,0.0
1,0,0.7111099,0.16624989,0.059624262,0.06301602,0.0,0.0,0.0,0.0,0.0,0.0,0.0,0.0
1,0,0.7111099,0.16624989,0.059624262,0.06301602,0.0,0.0,0.0,0.0,0.0,0.0,0.0,0.0
1,0,0.7111099,0.16624989,0.059624262,0.06301602,0.0,0.0,0.0,0.0,0.0,0.0,0.0,0.0
1,0,0.7111099,0.16624989,0.059624262,0.06301602,0.0,0.0,0.0,0.0,0.0,0.0,0.0,0.0
1,0,0.7111099,0.16624989,0.059624262,0.06301602,0.0,0.0,0.0,0.0,0.0,0.0,0.0,0.0
1,0,0.7111099,0.16624989,0.059624262,0.06301602,0.0,0.0,0.0,0.0,0.0,0.0,0.0,0.0
1,0,0.7111099,0.16624989,0.059624262,0.06301602,0.0,0.0,0.0,0.0,0.0,0.0,0.0,0.0
1,0,0.7111099,0.16624989,0.059624262,0.06301602,0.0,0.0,0.0,0.0,0.0,0.0,0.0,0.0
1,0,0.7111099,0.16624989,0.059624262,0.06301602,0.0,0.0,0.0,0.0,0.0,0.0,0.0,0.0
1,0,0.7111099,0.16624989,0.059624262,0.06301602,0.0,0.0,0.0,0.0,0.0,0.0,0.0,0.0
1,0,0.7111099,0.16624989,0.059624262,0.06301602,0.0,0.0,0.0,0.0,0.0,0.0,0.0,0.0
1,0,0.7111099,0.16624989,0.059624262,0.06301602,0.0,0.0,0.0,0.0,0.0,0.0,0.0,0.0
1,0,0.7111099,0.16624989,0.059624262,0.06301602,0.0,0.0,0.0,0.0,0.0,0.0,0.0,0.0
1,0,0.7111099,0.16624989,0.059624262,0.06301602,0.0,0.0,0.0,0.0,0.0,0.0,0.0,0.0
1,0,0.7111099,0.16624989,0.059624262,0.06301602,0.0,0.0,0.0,0.0,0.0,0.0,0.0,0.0
1,0,0.7111099,0.16624989,0.059624262,0.06301602,0.0,0.0,0.0,0.0,0.0,0.0,0.0,0.0
1,0,0.7111099,0.16624989,0.059624262,0.06301602,0.0,0.0,0.0,0.0,0.0,0.0,0.0,0.0
1,0,0.7111099,0.16624989,0.059624262,0.06301602,0.0,0.0,0.0,0.0,0.0,0.0,0.0,0.0
1,0,0.7111099,0.16624989,0.059624262,0.06301602,0.0,0.0,0.0,0.0,0.0,0.0,0.0,0.0
1,0,0.7111099,0.16624989,0.059624262,0.06301602,0.0,0.0,0.0,0.0,0.0,0.0,0.0,0.0
1,0,0.7111099,0.16624989,0.059624262,0.06301602,0.0,0.0,0.0,0.0,0.0,0.0,0.0,0.0
1,0,0.7111099,0.16624989,0.059624262,0.06301602,0.0,0.0,0.0,0.0,0.0,0.0,0.0,0.0
1,0,0.7111099,0.16624989,0.059624262,0.06301602,0.0,0.0,0.0,0.0,0.0,0.0,0.0,0.0
1,0,0.7111099,0.16624989,0.059624262,0.06301602,0.0,0.0,0.0,0.0,0.0,0.0,0.0,0.0
1,0,0.7111099,0.16624989,0.059624262,0.06301602,0.0,0.0,0.0,0.0,0.0,0.0,0.0,0.0
1,0,0.7111099,0.16624989,0.059624262,0.06301602,0.0,0.0,0.0,0.0,0.0,0.0,0.0,0.0
1,0,0.7111099,0.16624989,0.059624262,0.06301602,0.0,0.0,0.0,0.0,0.0,0.0,0.0,0.0
1,0,0.7111099,0.16624989,0.059624262,0.06301602,0.0,0.0,0.0,0.0,0.0,0.0,0.0,0.0
1,0,0.7111099,0.16624989,0.059624262,0.06301602,0.0,0.0,0.0,0.0,0.0,0.0,0.0,0.0
1,0,0.7111099,0.16624989,0.059624262,0.06301602,0.0,0.0,0.0,0.0,0.0,0.0,0.0,0.0
1,0,0.7111099,0.16624989,0.059624262,0.06301602,0.0,0.0,0.0,0.0,0.0,0.0,0.0,0.0
1,0,0.7111099,0.16624989,0.059624262,0.06301602,0.0,0.0,0.0,0.0,0.0,0.0,0.0,0.0
1,0,0.7111099,0.16624989,0.059624262,0.06301602,0.0,0.0,0.0,0.0,0.0,0.0,0.0,0.0
1,0,0.7111099,0.16624989,0.059624262,0.06301602,0.0,0.0,0.0,0.0,0.0,0.0,0.0,0.0
1,0,0.7111099,0.16624989,0.059624262,0.06301602,0.0,0.0,0.0,0.0,0.0,0.0,0.0,0.0
1,0,0.7111099,0.16624989,0.059624262,0.06301602,0.0,0.0,0.0,0.0,0.0,0.0,0.0,0.0
1,0,0.7111099,0.16624989,0.059624262,0.06301602,0.0,0.0,0.0,0.0,0.0,0.0,0.0,0.0
1,0,0.7111099,0.16624989,0.059624262,0.06301602,0.0,0.0,0.0,0.0,0.0,0.0,0.0,0.0
1,0,0.7111099,0.16624989,0.059624262,0.06301602,0.0,0.0,0.0,0.0,0.0,0.0,0.0,0.0
1,0,0.7111099,0.16624989,0.059624262,0.06301602,0.0,0.0,0.0,0.0,0.0,0.0,0.0,0.0
1,0,0.7111099,0.16624989,0.059624262,0.06301602,0.0,0.0,0.0,0.0,0.0,0.0,0.0,0.0
1,0,0.7111099,0.16624989,0.059624262,0.06301602,0.0,0.0,0.0,0.0,0.0,0.0,0.0,0.0
1,0,0.7111099,0.16624989,0.059624262,0.06301602,0.0,0.0,0.0,0.0,0.0,0.0,0.0,0.0
1,0,0.7111099,0.16624989,0.059624262,0.06301602,0.0,0.0,0.0,0.0,0.0,0.0,0.0,0.0
1,0,0.7111099,0.16624989,0.059624262,0.06301602,0.0,0.0,0.0,0.0,0.0,0.0,0.0,0.0
1,0,0.7111099,0.16624989,0.059624262,0.06301602,0.0,0.0,0.0,0.0,0.0,0.0,0.0,0.0
1,0,0.7111099,0.16624989,0.059624262,0.06301602,0.0,0.0,0.0,0.0,0.0,0.0,0.0,0.0
1,0,0.7111099,0.16624989,0.059624262,0.06301602,0.0,0.0,0.0,0.0,0.0,0.0,0.0,0.0
1,0,0.7111099,0.16624989,0.059624262,0.06301602,0.0,0.0,0.0,0.0,0.0,0.0,0.0,0.0
1,0,0.7111099,0.16624989,0.059624262,0.06301602,0.0,0.0,0.0,0.0,0.0,0.0,0.0,0.0
1,0,0.7111099,0.16624989,0.059624262,0.06301602,0.0,0.0,0.0,0.0,0.0,0.0,0.0,0.0
1,0,0.7111099,0.16624989,0.059624262,0.06301602,0.0,0.0,0.0,0.0,0.0,0.0,0.0,0.0
1,0,0.7111099,0.16624989,0.059624262,0.06301602,0.0,0.0,0.0,0.0,0.0,0.0,0.0,0.0
1,0,0.7111099,0.16624989,0.059624262,0.06301602,0.0,0.0,0.0,0.0,0.0,0.0,0.0,0.0
1,0,0.7111099,0.16624989,0.059624262,0.06301602,0.0,0.0,0.0,0.0,0.0,0.0,0.0,0.0
1,0,0.7111099,0.16624989,0.059624262,0.06301602,0.0,0.0,0.0,0.0,0.0,0.0,0.0,0.0
1,0,0.7111099,0.16624989,0.059624262,0.06301602,0.0,0.0,0.0,0.0,0.0,0.0,0.0,0.0
1,0,0.7111099,0.16624989,0.059624262,0.06301602,0.0,0.0,0.0,0.0,0.0,0.0,0.0,0.0
1,0,0.7111099,0.16624989,0.059624262,0.06301602,0.0,0.0,0.0,0.0,0.0,0.0,0.0,0.0
1,0,0.7111099,0.16624989,0.059624262,0.06301602,0.0,0.0,0.0,0.0,0.0,0.0,0.0,0.0
1,0,0.7111099,0.16624989,0.059624262,0.06301602,0.0,0.0,0.0,0.0,0.0,0.0,0.0,0.0
1,0,0.7111099,0.16624989,0.059624262,0.06301602,0.0,0.0,0.0,0.0,0.0,0.0,0.0,0.0
1,0,0.7111099,0.16624989,0.059624262,0.06301602,0.0,0.0,0.0,0.0,0.0,0.0,0.0,0.0
1,0,0.7111099,0.16624989,0.059624262,0.06301602,0.0,0.0,0.0,0.0,0.0,0.0,0.0,0.0
1,0,0.7111099,0.16624989,0.059624262,0.06301602,0.0,0.0,0.0,0.0,0.0,0.0,0.0,0.0
1,0,0.7111099,0.16624989,0.059624262,0.06301602,0.0,0.0,0.0,0.0,0.0,0.0,0.0,0.0
1,0,0.7111099,0.16624989,0.059624262,0.06301602,0.0,0.0,0.0,0.0,0.0,0.0,0.0,0.0
1,0,0.7111099,0.16624989,0.059624262,0.06301602,0.0,0.0,0.0,0.0,0.0,0.0,0.0,0.0
1,0,0.7111099,0.16624989,0.059624262,0.06301602,0.0,0.0,0.0,0.0,0.0,0.0,0.0,0.0
1,0,0.7111099,0.16624989,0.059624262,0.06301602,0.0,0.0,0.0,0.0,0.0,0.0,0.0,0.0
1,0,0.7111099,0.16624989,0.059624262,0.06301602,0.0,0.0,0.0,0.0,0.0,0.0,0.0,0.0
1,0,0.7111099,0.16624989,0.059624262,0.06301602,0.0,0.0,0.0,0.0,0.0,0.0,0.0,0.0
1,0,0.7111099,0.16624989,0.059624262,0.06301602,0.0,0.0,0.0,0.0,0.0,0.0,0.0,0.0
1,0,0.56955826,0.16624989,0.20117587,0.06301602,0.0,0.0,0.0,0.0,0.0,0.0,0.0,0.0
1,0,0.56955826,0.16624989,0.20117587,0.06301602,0.0,0.0,0.0,0.0,0.0,0.0,0.0,0.0
1,0,0.56955826,0.16624989,0.20117587,0.06301602,0.0,0.0,0.0,0.0,0.0,0.0,0.0,0.0
1,0,0.56955826,0.16624989,0.20117587,0.06301602,0.0,0.0,0.0,0.0,0.0,0.0,0.0,0.0
1,0,0.56955826,0.16624989,0.20117587,0.06301602,0.0,0.0,0.0,0.0,0.0,0.0,0.0,0.0
1,0,0.56955826,0.16624989,0.20117587,0.06301602,0.0,0.0,0.0,0.0,0.0,0.0,0.0,0.0
1,0,0.56955826,0.16624989,0.20117587,0.06301602,0.0,0.0,0.0,0.0,0.0,0.0,0.0,0.0
1,0,0.56955826,0.16624989,0.20117587,0.06301602,0.0,0.0,0.0,0.0,0.0,0.0,0.0,0.0
1,0,0.56955826,0.16624989,0.20117587,0.06301602,0.0,0.0,0.0,0.0,0.0,0.0,0.0,0.0
1,0,0.56955826,0.16624989,0.20117587,0.06301602,0.0,0.0,0.0,0.0,0.0,0.0,0.0,0.0
1,0,0.56955826,0.16624989,0.20117587,0.06301602,0.0,0.0,0.0,0.0,0.0,0.0,0.0,0.0
1,0,0.56955826,0.16624989,0.20117587,0.06301602,0.0,0.0,0.0,0.0,0.0,0.0,0.0,0.0
1,0,0.56955826,0.16624989,0.20117587,0.06301602,0.0,0.0,0.0,0.0,0.0,0.0,0.0,0.0
1,0,0.56955826,0.16624989,0.20117587,0.06301602,0.0,0.0,0.0,0.0,0.0,0.0,0.0,0.0
1,0,0.56955826,0.16624989,0.20117587,0.06301602,0.0,0.0,0.0,0.0,0.0,0.0,0.0,0.0
1,0,0.56955826,0.16624989,0.20117587,0.06301602,0.0,0.0,0.0,0.0,0.0,0.0,0.0,0.0
1,0,0.56955826,0.16624989,0.20117587,0.06301602,0.0,0.0,0.0,0.0,0.0,0.0,0.0,0.0
1,0,0.56955826,0.16624989,0.20117587,0.06301602,0.0,0.0,0.0,0.0,0.0,0.0,0.0,0.0
1,0,0.56955826,0.16624989,0.20117587,0.06301602,0.0,0.0,0.0,0.0,0.0,0.0,0.0,0.0
1,0,0.56955826,0.16624989,0.20117587,0.06301602,0.0,0.0,0.0,0.0,0.0,0.0,0.0,0.0
1,0,0.56955826,0.16624989,0.20117587,0.06301602,0.0,0.0,0.0,0.0,0.0,0.0,0.0,0.0
1,0,0.56955826,0.16624989,0.20117587,0.06301602,0.0,0.0,0.0,0.0,0.0,0.0,0.0,0.0
1,0,0.56955826,0.16624989,0.20117587,0.06301602,0.0,0.0,0.0,0.0,0.0,0.0,0.0,0.0
1,0,0.56955826,0.16624989,0.20117587,0.06301602,0.0,0.0,0.0,0.0,0.0,0.0,0.0,0.0
1,0,0.56955826,0.16624989,0.20117587,0.06301602,0.0,0.0,0.0,0.0,0.0,0.0,0.0,0.0
1,0,0.56955826,0.16624989,0.20117587,0.06301602,0.0,0.0,0.0,0.0,0.0,0.0,0.0,0.0
1,0,0.56955826,0.16624989,0.20117587,0.06301602,0.0,0.0,0.0,0.0,0.0,0.0,0.0,0.0
1,0,0.56955826,0.16624989,0.20117587,0.06301602,0.0,0.0,0.0,0.0,0.0,0.0,0.0,0.0
1,0,0.56955826,0.16624989,0.20117587,0.06301602,0.0,0.0,0.0,0.0,0.0,0.0,0.0,0.0
1,0,0.56955826,0.16624989,0.20117587,0.06301602,0.0,0.0,0.0,0.0,0.0,0.0,0.0,0.0
1,0,0.56955826,0.16624989,0.20117587,0.06301602,0.0,0.0,0.0,0.0,0.0,0.0,0.0,0.0
1,0,0.56955826,0.16624989,0.20117587,0.06301602,0.0,0.0,0.0,0.0,0.0,0.0,0.0,0.0
1,0,0.56955826,0.16624989,0.20117587,0.06301602,0.0,0.0,0.0,0.0,0.0,0.0,0.0,0.0
1,0,0.56955826,0.16624989,0.20117587,0.06301602,0.0,0.0,0.0,0.0,0.0,0.0,0.0,0.0
1,0,0.56955826,0.16624989,0.20117587,0.06301602,0.0,0.0,0.0,0.0,0.0,0.0,0.0,0.0
1,0,0.56955826,0.16624989,0.20117587,0.06301602,0.0,0.0,0.0,0.0,0.0,0.0,0.0,0.0
1,0,0.56955826,0.16624989,0.20117587,0.06301602,0.0,0.0,0.0,0.0,0.0,0.0,0.0,0.0
1,0,0.56955826,0.16624989,0.20117587,0.06301602,0.0,0.0,0.0,0.0,0.0,0.0,0.0,0.0
1,0,0.56955826,0.16624989,0.20117587,0.06301602,0.0,0.0,0.0,0.0,0.0,0.0,0.0,0.0
1,0,0.56955826,0.16624989,0.20117587,0.06301602,0.0,0.0,0.0,0.0,0.0,0.0,0.0,0.0
1,0,0.56955826,0.16624989,0.20117587,0.06301602,0.0,0.0,0.0,0.0,0.0,0.0,0.0,0.0
1,0,0.56955826,0.16624989,0.20117587,0.06301602,0.0,0.0,0.0,0.0,0.0,0.0,0.0,0.0
1,0,0.56955826,0.16624989,0.20117587,0.06301602,0.0,0.0,0.0,0.0,0.0,0.0,0.0,0.0
1,0,0.56955826,0.16624989,0.20117587,0.06301602,0.0,0.0,0.0,0.0,0.0,0.0,0.0,0.0
1,0,0.56955826,0.16624989,0.20117587,0.06301602,0.0,0.0,0.0,0.0,0.0,0.0,0.0,0.0
1,0,0.56955826,0.16624989,0.20117587,0.06301602,0.0,0.0,0.0,0.0,0.0,0.0,0.0,0.0
1,0,0.56955826,0.16624989,0.20117587,0.06301602,0.0,0.0,0.0,0.0,0.0,0.0,0.0,0.0
1,0,0.56955826,0.16624989,0.20117587,0.06301602,0.0,0.0,0.0,0.0,0.0,0.0,0.0,0.0
1,0,0.56955826,0.16624989,0.20117587,0.06301602,0.0,0.0,0.0,0.0,0.0,0.0,0.0,0.0
1,0,0.56955826,0.16624989,0.20117587,0.06301602,0.0,0.0,0.0,0.0,0.0,0.0,0.0,0.0
1,0,0.56955826,0.16624989,0.20117587,0.06301602,0.0,0.0,0.0,0.0,0.0,0.0,0.0,0.0
1,0,0.56955826,0.16624989,0.20117587,0.06301602,0.0,0.0,0.0,0.0,0.0,0.0,0.0,0.0
1,0,0.56955826,0.16624989,0.20117587,0.06301602,0.0,0.0,0.0,0.0,0.0,0.0,0.0,0.0
1,0,0.56955826,0.16624989,0.20117587,0.06301602,0.0,0.0,0.0,0.0,0.0,0.0,0.0,0.0
1,0,0.56955826,0.16624989,0.20117587,0.06301602,0.0,0.0,0.0,0.0,0.0,0.0,0.0,0.0
1,0,0.56955826,0.16624989,0.20117587,0.06301602,0.0,0.0,0.0,0.0,0.0,0.0,0.0,0.0
1,0,0.56955826,0.16624989,0.20117587,0.06301602,0.0,0.0,0.0,0.0,0.0,0.0,0.0,0.0
1,0,0.56955826,0.16624989,0.20117587,0.06301602,0.0,0.0,0.0,0.0,0.0,0.0,0.0,0.0
1,0,0.56955826,0.16624989,0.20117587,0.06301602,0.0,0.0,0.0,0.0,0.0,0.0,0.0,0.0
1,0,0.56955826,0.16624989,0.20117587,0.06301602,0.0,0.0,0.0,0.0,0.0,0.0,0.0,0.0
1,0,0.56955826,0.16624989,0.20117587,0.06301602,0.0,0.0,0.0,0.0,0.0,0.0,0.0,0.0
1,0,0.56955826,0.16624989,0.20117587,0.06301602,0.0,0.0,0.0,0.0,0.0,0.0,0.0,0.0
1,0,0.56955826,0.16624989,0.20117587,0.06301602,0.0,0.0,0.0,0.0,0.0,0.0,0.0,0.0
1,0,0.56955826,0.16624989,0.20117587,0.06301602,0.0,0.0,0.0,0.0,0.0,0.0,0.0,0.0
1,0,0.56955826,0.16624989,0.20117587,0.06301602,0.0,0.0,0.0,0.0,0.0,0.0,0.0,0.0
1,0,0.56955826,0.16624989,0.20117587,0.06301602,0.0,0.0,0.0,0.0,0.0,0.0,0.0,0.0
1,0,0.56955826,0.16624989,0.20117587,0.06301602,0.0,0.0,0.0,0.0,0.0,0.0,0.0,0.0
1,0,0.56955826,0.16624989,0.20117587,0.06301602,0.0,0.0,0.0,0.0,0.0,0.0,0.0,0.0
1,0,0.56955826,0.16624989,0.20117587,0.06301602,0.0,0.0,0.0,0.0,0.0,0.0,0.0,0.0
1,0,0.56955826,0.16624989,0.20117587,0.06301602,0.0,0.0,0.0,0.0,0.0,0.0,0.0,0.0
1,0,0.5379203,0.19788785,0.20117587,0.06301602,0.0,0.0,0.0,0.0,0.0,0.0,0.0,0.0
1,0,0.5379203,0.19788785,0.20117587,0.06301602,0.0,0.0,0.0,0.0,0.0,0.0,0.0,0.0
1,0,0.5379203,0.19788785,0.20117587,0.06301602,0.0,0.0,0.0,0.0,0.0,0.0,0.0,0.0
1,0,0.5379203,0.19788785,0.20117587,0.06301602,0.0,0.0,0.0,0.0,0.0,0.0,0.0,0.0
1,0,0.5379203,0.19788785,0.20117587,0.06301602,0.0,0.0,0.0,0.0,0.0,0.0,0.0,0.0
1,0,0.5379203,0.19788785,0.20117587,0.06301602,0.0,0.0,0.0,0.0,0.0,0.0,0.0,0.0
1,0,0.5379203,0.19788785,0.20117587,0.06301602,0.0,0.0,0.0,0.0,0.0,0.0,0.0,0.0
1,0,0.5379203,0.19788785,0.20117587,0.06301602,0.0,0.0,0.0,0.0,0.0,0.0,0.0,0.0
1,0,0.43333226,0.30247587,0.20117587,0.06301602,0.0,0.0,0.0,0.0,0.0,0.0,0.0,0.0
1,0,0.43333226,0.30247587,0.20117587,0.06301602,0.0,0.0,0.0,0.0,0.0,0.0,0.0,0.0
1,0,0.43333226,0.30247587,0.20117587,0.06301602,0.0,0.0,0.0,0.0,0.0,0.0,0.0,0.0
1,0,0.43333226,0.30247587,0.20117587,0.06301602,0.0,0.0,0.0,0.0,0.0,0.0,0.0,0.0
1,0,0.43333226,0.30247587,0.20117587,0.06301602,0.0,0.0,0.0,0.0,0.0,0.0,0.0,0.0
1,0,0.43333226,0.30247587,0.20117587,0.06301602,0.0,0.0,0.0,0.0,0.0,0.0,0.0,0.0
1,0,0.43333226,0.30247587,0.20117587,0.06301602,0.0,0.0,0.0,0.0,0.0,0.0,0.0,0.0
1,0,0.43333226,0.30247587,0.20117587,0.06301602,0.0,0.0,0.0,0.0,0.0,0.0,0.0,0.0
1,0,0.43333226,0.30247587,0.20117587,0.06301602,0.0,0.0,0.0,0.0,0.0,0.0,0.0,0.0
1,0,0.43333226,0.30247587,0.20117587,0.06301602,0.0,0.0,0.0,0.0,0.0,0.0,0.0,0.0
1,1,0.43333226,0.44402745,0.059624262,0.06301602,0.0,0.0,0.0,0.0,0.0,0.0,0.0,0.0
1,1,0.43333226,0.44402745,0.059624262,0.06301602,0.0,0.0,0.0,0.0,0.0,0.0,0.0,0.0
1,1,0.43333226,0.44402745,0.059624262,0.06301602,0.0,0.0,0.0,0.0,0.0,0.0,0.0,0.0
1,1,0.43333226,0.44402745,0.059624262,0.06301602,0.0,0.0,0.0,0.0,0.0,0.0,0.0,0.0
1,1,0.43333226,0.44402745,0.059624262,0.06301602,0.0,0.0,0.0,0.0,0.0,0.0,0.0,0.0
1,1,0.43333226,0.44402745,0.059624262,0.06301602,0.0,0.0,0.0,0.0,0.0,0.0,0.0,0.0
1,1,0.43333226,0.44402745,0.059624262,0.06301602,0.0,0.0,0.0,0.0,0.0,0.0,0.0,0.0
1,1,0.43333226,0.44402745,0.059624262,0.06301602,0.0,0.0,0.0,0.0,0.0,0.0,0.0,0.0
1,1,0.43333226,0.44402745,0.059624262,0.06301602,0.0,0.0,0.0,0.0,0.0,0.0,0.0,0.0
1,1,0.43333226,0.44402745,0.059624262,0.06301602,0.0,0.0,0.0,0.0,0.0,0.0,0.0,0.0
1,1,0.43333226,0.44402745,0.059624262,0.06301602,0.0,0.0,0.0,0.0,0.0,0.0,0.0,0.0
1,1,0.43333226,0.44402745,0.059624262,0.06301602,0.0,0.0,0.0,0.0,0.0,0.0,0.0,0.0
1,1,0.43333226,0.44402745,0.059624262,0.06301602,0.0,0.0,0.0,0.0,0.0,0.0,0.0,0.0
1,1,0.43333226,0.44402745,0.059624262,0.06301602,0.0,0.0,0.0,0.0,0.0,0.0,0.0,0.0
1,1,0.43333226,0.44402745,0.059624262,0.06301602,0.0,0.0,0.0,0.0,0.0,0.0,0.0,0.0
1,1,0.43333226,0.44402745,0.059624262,0.06301602,0.0,0.0,0.0,0.0,0.0,0.0,0.0,0.0
1,1,0.35290197,0.52445775,0.059624262,0.06301602,0.0,0.0,0.0,0.0,0.0,0.0,0.0,0.0
1,1,0.35290197,0.52445775,0.059624262,0.06301602,0.0,0.0,0.0,0.0,0.0,0.0,0.0,0.0
1,1,0.35290197,0.52445775,0.059624262,0.06301602,0.0,0.0,0.0,0.0,0.0,0.0,0.0,0.0
1,1,0.35290197,0.52445775,0.059624262,0.06301602,0.0,0.0,0.0,0.0,0.0,0.0,0.0,0.0
1,1,0.35290197,0.52445775,0.059624262,0.06301602,0.0,0.0,0.0,0.0,0.0,0.0,0.0,0.0
1,1,0.35290197,0.52445775,0.059624262,0.06301602,0.0,0.0,0.0,0.0,0.0,0.0,0.0,0.0
1,1,0.35290197,0.52445775,0.059624262,0.06301602,0.0,0.0,0.0,0.0,0.0,0.0,0.0,0.0
1,1,0.35290197,0.52445775,0.059624262,0.06301602,0.0,0.0,0.0,0.0,0.0,0.0,0.0,0.0
1,1,0.35290197,0.52445775,0.059624262,0.06301602,0.0,0.0,0.0,0.0,0.0,0.0,0.0,0.0
1,1,0.35290197,0.52445775,0.059624262,0.06301602,0.0,0.0,0.0,0.0,0.0,0.0,0.0,0.0
1,1,0.35290197,0.52445775,0.059624262,0.06301602,0.0,0.0,0.0,0.0,0.0,0.0,0.0,0.0
1,1,0.35290197,0.52445775,0.059624262,0.06301602,0.0,0.0,0.0,0.0,0.0,0.0,0.0,0.0
1,1,0.35290197,0.52445775,0.059624262,0.06301602,0.0,0.0,0.0,0.0,0.0,0.0,0.0,0.0
1,1,0.35290197,0.52445775,0.059624262,0.06301602,0.0,0.0,0.0,0.0,0.0,0.0,0.0,0.0
1,1,0.35290197,0.52445775,0.059624262,0.06301602,0.0,0.0,0.0,0.0,0.0,0.0,0.0,0.0
1,1,0.35290197,0.52445775,0.059624262,0.06301602,0.0,0.0,0.0,0.0,0.0,0.0,0.0,0.0
1,1,0.35290197,0.52445775,0.059624262,0.06301602,0.0,0.0,0.0,0.0,0.0,0.0,0.0,0.0
1,1,0.35290197,0.52445775,0.059624262,0.06301602,0.0,0.0,0.0,0.0,0.0,0.0,0.0,0.0
1,1,0.35290197,0.52445775,0.059624262,0.06301602,0.0,0.0,0.0,0.0,0.0,0.0,0.0,0.0
1,1,0.35290197,0.52445775,0.059624262,0.06301602,0.0,0.0,0.0,0.0,0.0,0.0,0.0,0.0
1,1,0.35290197,0.52445775,0.059624262,0.06301602,0.0,0.0,0.0,0.0,0.0,0.0,0.0,0.0
1,1,0.35290197,0.52445775,0.059624262,0.06301602,0.0,0.0,0.0,0.0,0.0,0.0,0.0,0.0
1,1,0.35290197,0.52445775,0.059624262,0.06301602,0.0,0.0,0.0,0.0,0.0,0.0,0.0,0.0
1,1,0.35290197,0.52445775,0.059624262,0.06301602,0.0,0.0,0.0,0.0,0.0,0.0,0.0,0.0
1,1,0.35290197,0.52445775,0.059624262,0.06301602,0.0,0.0,0.0,0.0,0.0,0.0,0.0,0.0
1,1,0.35290197,0.52445775,0.059624262,0.06301602,0.0,0.0,0.0,0.0,0.0,0.0,0.0,0.0
1,1,0.35290197,0.52445775,0.059624262,0.06301602,0.0,0.0,0.0,0.0,0.0,0.0,0.0,0.0
1,1,0.35290197,0.52445775,0.059624262,0.06301602,0.0,0.0,0.0,0.0,0.0,0.0,0.0,0.0
1,1,0.35290197,0.52445775,0.059624262,0.06301602,0.0,0.0,0.0,0.0,0.0,0.0,0.0,0.0
1,1,0.35290197,0.52445775,0.059624262,0.06301602,0.0,0.0,0.0,0.0,0.0,0.0,0.0,0.0
1,1,0.35290197,0.52445775,0.059624262,0.06301602,0.0,0.0,0.0,0.0,0.0,0.0,0.0,0.0
1,1,0.35290197,0.52445775,0.059624262,0.06301602,0.0,0.0,0.0,0.0,0.0,0.0,0.0,0.0
1,1,0.35290197,0.52445775,0.059624262,0.06301602,0.0,0.0,0.0,0.0,0.0,0.0,0.0,0.0
1,1,0.35290197,0.52445775,0.059624262,0.06301602,0.0,0.0,0.0,0.0,0.0,0.0,0.0,0.0
1,1,0.35290197,0.52445775,0.059624262,0.06301602,0.0,0.0,0.0,0.0,0.0,0.0,0.0,0.0
1,1,0.35290197,0.52445775,0.059624262,0.06301602,0.0,0.0,0.0,0.0,0.0,0.0,0.0,0.0
1,1,0.35290197,0.52445775,0.059624262,0.06301602,0.0,0.0,0.0,0.0,0.0,0.0,0.0,0.0
1,1,0.35290197,0.52445775,0.059624262,0.06301602,0.0,0.0,0.0,0.0,0.0,0.0,0.0,0.0
1,1,0.30497172,0.572388,0.059624262,0.06301602,0.0,0.0,0.0,0.0,0.0,0.0,0.0,0.0
1,1,0.30497172,0.572388,0.059624262,0.06301602,0.0,0.0,0.0,0.0,0.0,0.0,0.0,0.0
1,1,0.30497172,0.572388,0.059624262,0.06301602,0.0,0.0,0.0,0.0,0.0,0.0,0.0,0.0
1,1,0.30497172,0.572388,0.059624262,0.06301602,0.0,0.0,0.0,0.0,0.0,0.0,0.0,0.0
1,1,0.30497172,0.572388,0.059624262,0.06301602,0.0,0.0,0.0,0.0,0.0,0.0,0.0,0.0
1,1,0.30497172,0.572388,0.059624262,0.06301602,0.0,0.0,0.0,0.0,0.0,0.0,0.0,0.0
1,1,0.30497172,0.572388,0.059624262,0.06301602,0.0,0.0,0.0,0.0,0.0,0.0,0.0,0.0
1,1,0.30497172,0.572388,0.059624262,0.06301602,0.0,0.0,0.0,0.0,0.0,0.0,0.0,0.0
1,1,0.30497172,0.572388,0.059624262,0.06301602,0.0,0.0,0.0,0.0,0.0,0.0,0.0,0.0
1,1,0.30497172,0.572388,0.059624262,0.06301602,0.0,0.0,0.0,0.0,0.0,0.0,0.0,0.0
1,1,0.30497172,0.572388,0.059624262,0.06301602,0.0,0.0,0.0,0.0,0.0,0.0,0.0,0.0
1,1,0.30497172,0.572388,0.059624262,0.06301602,0.0,0.0,0.0,0.0,0.0,0.0,0.0,0.0
1,1,0.30497172,0.572388,0.059624262,0.06301602,0.0,0.0,0.0,0.0,0.0,0.0,0.0,0.0
1,1,0.30497172,0.572388,0.059624262,0.06301602,0.0,0.0,0.0,0.0,0.0,0.0,0.0,0.0
1,1,0.30497172,0.572388,0.059624262,0.06301602,0.0,0.0,0.0,0.0,0.0,0.0,0.0,0.0
1,1,0.30497172,0.572388,0.059624262,0.06301602,0.0,0.0,0.0,0.0,0.0,0.0,0.0,0.0
1,1,0.30497172,0.572388,0.059624262,0.06301602,0.0,0.0,0.0,0.0,0.0,0.0,0.0,0.0
1,1,0.30497172,0.572388,0.059624262,0.06301602,0.0,0.0,0.0,0.0,0.0,0.0,0.0,0.0
1,1,0.30497172,0.572388,0.059624262,0.06301602,0.0,0.0,0.0,0.0,0.0,0.0,0.0,0.0
1,1,0.30497172,0.572388,0.059624262,0.06301602,0.0,0.0,0.0,0.0,0.0,0.0,0.0,0.0
1,1,0.30497172,0.572388,0.059624262,0.06301602,0.0,0.0,0.0,0.0,0.0,0.0,0.0,0.0
1,1,0.30497172,0.572388,0.059624262,0.06301602,0.0,0.0,0.0,0.0,0.0,0.0,0.0,0.0
1,1,0.30497172,0.572388,0.059624262,0.06301602,0.0,0.0,0.0,0.0,0.0,0.0,0.0,0.0
1,1,0.30497172,0.572388,0.059624262,0.06301602,0.0,0.0,0.0,0.0,0.0,0.0,0.0,0.0
1,1,0.20388903,0.73648673,0.059624262,0.0,0.0,0.0,0.0,0.0,0.0,0.0,0.0,0.0
1,1,0.20388903,0.73648673,0.059624262,0.0,0.0,0.0,0.0,0.0,0.0,0.0,0.0,0.0
1,1,0.20388903,0.73648673,0.059624262,0.0,0.0,0.0,0.0,0.0,0.0,0.0,0.0,0.0
1,1,0.20388903,0.73648673,0.059624262,0.0,0.0,0.0,0.0,0.0,0.0,0.0,0.0,0.0
1,1,0.20388903,0.73648673,0.059624262,0.0,0.0,0.0,0.0,0.0,0.0,0.0,0.0,0.0
1,1,0.20388903,0.73648673,0.059624262,0.0,0.0,0.0,0.0,0.0,0.0,0.0,0.0,0.0
1,1,0.20388903,0.73648673,0.059624262,0.0,0.0,0.0,0.0,0.0,0.0,0.0,0.0,0.0
1,1,0.20388903,0.73648673,0.059624262,0.0,0.0,0.0,0.0,0.0,0.0,0.0,0.0,0.0
1,1,0.20388903,0.7228147,0.059624262,0.0,0.013672048,0.0,0.0,0.0,0.0,0.0,0.0,0.0
1,1,0.20388903,0.7228147,0.059624262,0.0,0.013672048,0.0,0.0,0.0,0.0,0.0,0.0,0.0
1,1,0.20388903,0.7228147,0.059624262,0.0,0.013672048,0.0,0.0,0.0,0.0,0.0,0.0,0.0
1,1,0.20388903,0.7228147,0.059624262,0.0,0.013672048,0.0,0.0,0.0,0.0,0.0,0.0,0.0
1,1,0.20388903,0.7228147,0.059624262,0.0,0.013672048,0.0,0.0,0.0,0.0,0.0,0.0,0.0
1,1,0.20388903,0.7228147,0.059624262,0.0,0.013672048,0.0,0.0,0.0,0.0,0.0,0.0,0.0
1,1,0.20388903,0.7228147,0.059624262,0.0,0.013672048,0.0,0.0,0.0,0.0,0.0,0.0,0.0
1,1,0.20388903,0.7228147,0.059624262,0.0,0.013672048,0.0,0.0,0.0,0.0,0.0,0.0,0.0
1,1,0.20388903,0.7228147,0.059624262,0.0,0.013672048,0.0,0.0,0.0,0.0,0.0,0.0,0.0
1,1,0.20388903,0.7228147,0.059624262,0.0,0.013672048,0.0,0.0,0.0,0.0,0.0,0.0,0.0
1,1,0.20388903,0.7228147,0.059624262,0.0,0.013672048,0.0,0.0,0.0,0.0,0.0,0.0,0.0
1,1,0.20388903,0.7228147,0.059624262,0.0,0.013672048,0.0,0.0,0.0,0.0,0.0,0.0,0.0
1,1,0.20388903,0.7228147,0.059624262,0.0,0.013672048,0.0,0.0,0.0,0.0,0.0,0.0,0.0
1,1,0.20388903,0.7228147,0.059624262,0.0,0.013672048,0.0,0.0,0.0,0.0,0.0,0.0,0.0
1,1,0.20388903,0.7228147,0.059624262,0.0,0.013672048,0.0,0.0,0.0,0.0,0.0,0.0,0.0
1,1,0.20388903,0.7228147,0.059624262,0.0,0.013672048,0.0,0.0,0.0,0.0,0.0,0.0,0.0
1,1,0.20388903,0.7228147,0.059624262,0.0,0.013672048,0.0,0.0,0.0,0.0,0.0,0.0,0.0
1,1,0.20388903,0.7228147,0.059624262,0.0,0.013672048,0.0,0.0,0.0,0.0,0.0,0.0,0.0
1,1,0.20388903,0.7228147,0.059624262,0.0,0.013672048,0.0,0.0,0.0,0.0,0.0,0.0,0.0
1,1,0.20388903,0.7228147,0.059624262,0.0,0.013672048,0.0,0.0,0.0,0.0,0.0,0.0,0.0
1,1,0.20388903,0.7228147,0.059624262,0.0,0.013672048,0.0,0.0,0.0,0.0,0.0,0.0,0.0
1,1,0.20388903,0.7228147,0.059624262,0.0,0.013672048,0.0,0.0,0.0,0.0,0.0,0.0,0.0
1,1,0.20388903,0.7228147,0.059624262,0.0,0.013672048,0.0,0.0,0.0,0.0,0.0,0.0,0.0
1,1,0.20388903,0.7228147,0.059624262,0.0,0.013672048,0.0,0.0,0.0,0.0,0.0,0.0,0.0
1,1,0.20388903,0.7228147,0.059624262,0.0,0.013672048,0.0,0.0,0.0,0.0,0.0,0.0,0.0
1,1,0.20388903,0.7228147,0.059624262,0.0,0.013672048,0.0,0.0,0.0,0.0,0.0,0.0,0.0
1,1,0.20388903,0.7228147,0.059624262,0.0,0.013672048,0.0,0.0,0.0,0.0,0.0,0.0,0.0
1,1,0.20388903,0.7228147,0.059624262,0.0,0.013672048,0.0,0.0,0.0,0.0,0.0,0.0,0.0
1,1,0.20388903,0.7228147,0.059624262,0.0,0.013672048,0.0,0.0,0.0,0.0,0.0,0.0,0.0
1,1,0.20388903,0.7228147,0.059624262,0.0,0.013672048,0.0,0.0,0.0,0.0,0.0,0.0,0.0
1,1,0.20388903,0.7228147,0.059624262,0.0,0.013672048,0.0,0.0,0.0,0.0,0.0,0.0,0.0
1,1,0.20388903,0.7228147,0.059624262,0.0,0.013672048,0.0,0.0,0.0,0.0,0.0,0.0,0.0
1,1,0.20388903,0.7228147,0.059624262,0.0,0.013672048,0.0,0.0,0.0,0.0,0.0,0.0,0.0
1,1,0.20388903,0.7228147,0.059624262,0.0,0.013672048,0.0,0.0,0.0,0.0,0.0,0.0,0.0
1,1,0.20388903,0.7228147,0.059624262,0.0,0.013672048,0.0,0.0,0.0,0.0,0.0,0.0,0.0
1,1,0.20388903,0.7228147,0.059624262,0.0,0.013672048,0.0,0.0,0.0,0.0,0.0,0.0,0.0
1,1,0.20388903,0.7228147,0.059624262,0.0,0.013672048,0.0,0.0,0.0,0.0,0.0,0.0,0.0
1,1,0.20388903,0.7228147,0.059624262,0.0,0.013672048,0.0,0.0,0.0,0.0,0.0,0.0,0.0
1,1,0.20388903,0.7228147,0.059624262,0.0,0.013672048,0.0,0.0,0.0,0.0,0.0,0.0,0.0
1,1,0.20388903,0.7228147,0.059624262,0.0,0.013672048,0.0,0.0,0.0,0.0,0.0,0.0,0.0
1,1,0.20388903,0.7228147,0.059624262,0.0,0.013672048,0.0,0.0,0.0,0.0,0.0,0.0,0.0
1,1,0.20388903,0.7228147,0.059624262,0.0,0.013672048,0.0,0.0,0.0,0.0,0.0,0.0,0.0
1,1,0.20388903,0.7228147,0.059624262,0.0,0.013672048,0.0,0.0,0.0,0.0,0.0,0.0,0.0
1,1,0.20388903,0.7228147,0.059624262,0.0,0.013672048,0.0,0.0,0.0,0.0,0.0,0.0,0.0
1,1,0.20388903,0.7228147,0.059624262,0.0,0.013672048,0.0,0.0,0.0,0.0,0.0,0.0,0.0
1,1,0.20388903,0.7228147,0.059624262,0.0,0.013672048,0.0,0.0,0.0,0.0,0.0,0.0,0.0
1,1,0.20388903,0.7228147,0.059624262,0.0,0.013672048,0.0,0.0,0.0,0.0,0.0,0.0,0.0
1,1,0.20388903,0.7228147,0.059624262,0.0,0.013672048,0.0,0.0,0.0,0.0,0.0,0.0,0.0
1,1,0.20388903,0.7228147,0.059624262,0.0,0.013672048,0.0,0.0,0.0,0.0,0.0,0.0,0.0
1,1,0.20388903,0.7228147,0.059624262,0.0,0.013672048,0.0,0.0,0.0,0.0,0.0,0.0,0.0
1,1,0.20388903,0.7228147,0.059624262,0.0,0.013672048,0.0,0.0,0.0,0.0,0.0,0.0,0.0
1,1,0.20388903,0.7228147,0.059624262,0.0,0.013672048,0.0,0.0,0.0,0.0,0.0,0.0,0.0
1,1,0.20388903,0.7228147,0.059624262,0.0,0.013672048,0.0,0.0,0.0,0.0,0.0,0.0,0.0
1,1,0.20388903,0.7228147,0.059624262,0.0,0.013672048,0.0,0.0,0.0,0.0,0.0,0.0,0.0
1,1,0.20388903,0.7228147,0.059624262,0.0,0.013672048,0.0,0.0,0.0,0.0,0.0,0.0,0.0
1,1,0.20388903,0.7228147,0.059624262,0.0,0.013672048,0.0,0.0,0.0,0.0,0.0,0.0,0.0
1,1,0.17638879,0.7503149,0.059624262,0.0,0.013672048,0.0,0.0,0.0,0.0,0.0,0.0,0.0
1,1,0.17638879,0.7503149,0.059624262,0.0,0.013672048,0.0,0.0,0.0,0.0,0.0,0.0,0.0
1,1,0.17638879,0.7503149,0.059624262,0.0,0.013672048,0.0,0.0,0.0,0.0,0.0,0.0,0.0
1,1,0.17638879,0.7503149,0.059624262,0.0,0.013672048,0.0,0.0,0.0,0.0,0.0,0.0,0.0
1,1,0.17638879,0.7503149,0.059624262,0.0,0.013672048,0.0,0.0,0.0,0.0,0.0,0.0,0.0
1,1,0.17638879,0.7503149,0.059624262,0.0,0.013672048,0.0,0.0,0.0,0.0,0.0,0.0,0.0
1,1,0.17638879,0.7503149,0.059624262,0.0,0.013672048,0.0,0.0,0.0,0.0,0.0,0.0,0.0
1,1,0.17638879,0.7503149,0.059624262,0.0,0.013672048,0.0,0.0,0.0,0.0,0.0,0.0,0.0
1,1,0.17638879,0.7503149,0.059624262,0.0,0.013672048,0.0,0.0,0.0,0.0,0.0,0.0,0.0
1,1,0.17638879,0.7503149,0.059624262,0.0,0.013672048,0.0,0.0,0.0,0.0,0.0,0.0,0.0
1,1,0.17638879,0.7503149,0.059624262,0.0,0.013672048,0.0,0.0,0.0,0.0,0.0,0.0,0.0
1,1,0.17638879,0.7503149,0.059624262,0.0,0.013672048,0.0,0.0,0.0,0.0,0.0,0.0,0.0
1,1,0.17638879,0.7503149,0.059624262,0.0,0.013672048,0.0,0.0,0.0,0.0,0.0,0.0,0.0
1,1,0.17638879,0.7503149,0.059624262,0.0,0.013672048,0.0,0.0,0.0,0.0,0.0,0.0,0.0
1,1,0.17638879,0.7503149,0.059624262,0.0,0.013672048,0.0,0.0,0.0,0.0,0.0,0.0,0.0
1,1,0.17638879,0.7503149,0.059624262,0.0,0.013672048,0.0,0.0,0.0,0.0,0.0,0.0,0.0
1,1,0.17638879,0.7503149,0.059624262,0.0,0.013672048,0.0,0.0,0.0,0.0,0.0,0.0,0.0
1,1,0.17638879,0.7503149,0.059624262,0.0,0.013672048,0.0,0.0,0.0,0.0,0.0,0.0,0.0
1,1,0.17638879,0.7503149,0.059624262,0.0,0.013672048,0.0,0.0,0.0,0.0,0.0,0.0,0.0
1,1,0.17638879,0.7503149,0.059624262,0.0,0.013672048,0.0,0.0,0.0,0.0,0.0,0.0,0.0
1,1,0.17638879,0.7503149,0.059624262,0.0,0.013672048,0.0,0.0,0.0,0.0,0.0,0.0,0.0
1,1,0.17638879,0.7503149,0.059624262,0.0,0.013672048,0.0,0.0,0.0,0.0,0.0,0.0,0.0
1,1,0.17638879,0.7503149,0.059624262,0.0,0.013672048,0.0,0.0,0.0,0.0,0.0,0.0,0.0
1,1,0.17638879,0.7503149,0.059624262,0.0,0.013672048,0.0,0.0,0.0,0.0,0.0,0.0,0.0
1,1,0.17638879,0.7503149,0.059624262,0.0,0.013672048,0.0,0.0,0.0,0.0,0.0,0.0,0.0
1,1,0.17638879,0.7503149,0.059624262,0.0,0.013672048,0.0,0.0,0.0,0.0,0.0,0.0,0.0
1,1,0.17638879,0.7503149,0.059624262,0.0,0.013672048,0.0,0.0,0.0,0.0,0.0,0.0,0.0
1,1,0.17638879,0.7503149,0.059624262,0.0,0.013672048,0.0,0.0,0.0,0.0,0.0,0.0,0.0
1,1,0.17638879,0.7503149,0.059624262,0.0,0.013672048,0.0,0.0,0.0,0.0,0.0,0.0,0.0
1,1,0.17638879,0.7503149,0.059624262,0.0,0.013672048,0.0,0.0,0.0,0.0,0.0,0.0,0.0
1,1,0.17638879,0.7503149,0.059624262,0.0,0.013672048,0.0,0.0,0.0,0.0,0.0,0.0,0.0
1,1,0.17638879,0.7503149,0.059624262,0.0,0.013672048,0.0,0.0,0.0,0.0,0.0,0.0,0.0
1,1,0.17638879,0.7503149,0.059624262,0.0,0.013672048,0.0,0.0,0.0,0.0,0.0,0.0,0.0
1,1,0.17638879,0.7503149,0.059624262,0.0,0.013672048,0.0,0.0,0.0,0.0,0.0,0.0,0.0
1,1,0.17638879,0.7503149,0.059624262,0.0,0.013672048,0.0,0.0,0.0,0.0,0.0,0.0,0.0
1,1,0.17638879,0.7503149,0.059624262,0.0,0.013672048,0.0,0.0,0.0,0.0,0.0,0.0,0.0
1,1,0.17638879,0.7503149,0.059624262,0.0,0.013672048,0.0,0.0,0.0,0.0,0.0,0.0,0.0
1,1,0.17638879,0.7503149,0.059624262,0.0,0.013672048,0.0,0.0,0.0,0.0,0.0,0.0,0.0
1,1,0.17638879,0.7503149,0.059624262,0.0,0.013672048,0.0,0.0,0.0,0.0,0.0,0.0,0.0
1,1,0.17638879,0.7503149,0.059624262,0.0,0.013672048,0.0,0.0,0.0,0.0,0.0,0.0,0.0
1,1,0.17638879,0.7503149,0.059624262,0.0,0.013672048,0.0,0.0,0.0,0.0,0.0,0.0,0.0
1,1,0.17638879,0.7503149,0.059624262,0.0,0.013672048,0.0,0.0,0.0,0.0,0.0,0.0,0.0
1,1,0.17638879,0.7503149,0.059624262,0.0,0.013672048,0.0,0.0,0.0,0.0,0.0,0.0,0.0
1,1,0.17638879,0.7503149,0.059624262,0.0,0.013672048,0.0,0.0,0.0,0.0,0.0,0.0,0.0
1,1,0.17638879,0.7503149,0.059624262,0.0,0.013672048,0.0,0.0,0.0,0.0,0.0,0.0,0.0
1,1,0.17638879,0.7503149,0.059624262,0.0,0.013672048,0.0,0.0,0.0,0.0,0.0,0.0,0.0
1,1,0.17638879,0.7503149,0.059624262,0.0,0.013672048,0.0,0.0,0.0,0.0,0.0,0.0,0.0
1,1,0.17638879,0.7503149,0.059624262,0.0,0.013672048,0.0,0.0,0.0,0.0,0.0,0.0,0.0
1,1,0.17638879,0.7503149,0.059624262,0.0,0.013672048,0.0,0.0,0.0,0.0,0.0,0.0,0.0
1,1,0.17638879,0.7503149,0.059624262,0.0,0.013672048,0.0,0.0,0.0,0.0,0.0,0.0,0.0
1,1,0.17638879,0.7503149,0.059624262,0.0,0.013672048,0.0,0.0,0.0,0.0,0.0,0.0,0.0
1,1,0.17638879,0.7503149,0.059624262,0.0,0.013672048,0.0,0.0,0.0,0.0,0.0,0.0,0.0
1,1,0.17638879,0.7503149,0.059624262,0.0,0.013672048,0.0,0.0,0.0,0.0,0.0,0.0,0.0
1,1,0.17638879,0.7503149,0.059624262,0.0,0.013672048,0.0,0.0,0.0,0.0,0.0,0.0,0.0
1,1,0.17638879,0.7503149,0.059624262,0.0,0.013672048,0.0,0.0,0.0,0.0,0.0,0.0,0.0
1,1,0.17638879,0.7503149,0.059624262,0.0,0.013672048,0.0,0.0,0.0,0.0,0.0,0.0,0.0
1,1,0.17638879,0.7503149,0.059624262,0.0,0.013672048,0.0,0.0,0.0,0.0,0.0,0.0,0.0
1,1,0.17638879,0.7503149,0.059624262,0.0,0.013672048,0.0,0.0,0.0,0.0,0.0,0.0,0.0
1,1,0.17638879,0.7503149,0.059624262,0.0,0.013672048,0.0,0.0,0.0,0.0,0.0,0.0,0.0
1,1,0.17638879,0.7503149,0.059624262,0.0,0.013672048,0.0,0.0,0.0,0.0,0.0,0.0,0.0
1,1,0.17638879,0.7503149,0.059624262,0.0,0.013672048,0.0,0.0,0.0,0.0,0.0,0.0,0.0
1,1,0.17638879,0.7503149,0.059624262,0.0,0.013672048,0.0,0.0,0.0,0.0,0.0,0.0,0.0
1,1,0.17638879,0.7503149,0.059624262,0.0,0.013672048,0.0,0.0,0.0,0.0,0.0,0.0,0.0
1,1,0.17638879,0.7503149,0.059624262,0.0,0.013672048,0.0,0.0,0.0,0.0,0.0,0.0,0.0
1,1,0.17638879,0.7503149,0.059624262,0.0,0.013672048,0.0,0.0,0.0,0.0,0.0,0.0,0.0
1,1,0.17638879,0.7503149,0.059624262,0.0,0.013672048,0.0,0.0,0.0,0.0,0.0,0.0,0.0
1,1,0.17638879,0.7503149,0.059624262,0.0,0.013672048,0.0,0.0,0.0,0.0,0.0,0.0,0.0
1,1,0.17638879,0.7503149,0.059624262,0.0,0.013672048,0.0,0.0,0.0,0.0,0.0,0.0,0.0
1,1,0.17638879,0.7503149,0.059624262,0.0,0.013672048,0.0,0.0,0.0,0.0,0.0,0.0,0.0
1,1,0.17638879,0.7503149,0.059624262,0.0,0.013672048,0.0,0.0,0.0,0.0,0.0,0.0,0.0
1,1,0.17638879,0.7503149,0.059624262,0.0,0.013672048,0.0,0.0,0.0,0.0,0.0,0.0,0.0
1,1,0.17638879,0.7503149,0.059624262,0.0,0.013672048,0.0,0.0,0.0,0.0,0.0,0.0,0.0
1,1,0.17638879,0.7503149,0.059624262,0.0,0.013672048,0.0,0.0,0.0,0.0,0.0,0.0,0.0
1,1,0.17638879,0.7503149,0.059624262,0.0,0.013672048,0.0,0.0,0.0,0.0,0.0,0.0,0.0
1,1,0.1271188,0.79958487,0.059624262,0.0,0.013672048,0.0,0.0,0.0,0.0,0.0,0.0,0.0
1,1,0.1271188,0.79958487,0.059624262,0.0,0.013672048,0.0,0.0,0.0,0.0,0.0,0.0,0.0
1,1,0.1271188,0.79958487,0.059624262,0.0,0.013672048,0.0,0.0,0.0,0.0,0.0,0.0,0.0
1,1,0.1271188,0.79958487,0.059624262,0.0,0.013672048,0.0,0.0,0.0,0.0,0.0,0.0,0.0
1,1,0.1271188,0.79958487,0.059624262,0.0,0.013672048,0.0,0.0,0.0,0.0,0.0,0.0,0.0
1,1,0.1271188,0.79958487,0.059624262,0.0,0.013672048,0.0,0.0,0.0,0.0,0.0,0.0,0.0
1,1,0.1271188,0.79958487,0.059624262,0.0,0.013672048,0.0,0.0,0.0,0.0,0.0,0.0,0.0
1,1,0.1271188,0.79958487,0.059624262,0.0,0.013672048,0.0,0.0,0.0,0.0,0.0,0.0,0.0
1,1,0.1271188,0.79958487,0.059624262,0.0,0.013672048,0.0,0.0,0.0,0.0,0.0,0.0,0.0
1,1,0.1271188,0.79958487,0.059624262,0.0,0.013672048,0.0,0.0,0.0,0.0,0.0,0.0,0.0
1,1,0.1271188,0.79958487,0.059624262,0.0,0.013672048,0.0,0.0,0.0,0.0,0.0,0.0,0.0
1,1,0.1271188,0.79958487,0.059624262,0.0,0.013672048,0.0,0.0,0.0,0.0,0.0,0.0,0.0
1,1,0.1271188,0.79958487,0.059624262,0.0,0.013672048,0.0,0.0,0.0,0.0,0.0,0.0,0.0
1,1,0.1271188,0.79958487,0.059624262,0.0,0.013672048,0.0,0.0,0.0,0.0,0.0,0.0,0.0
1,1,0.1271188,0.79958487,0.059624262,0.0,0.013672048,0.0,0.0,0.0,0.0,0.0,0.0,0.0
1,1,0.1271188,0.79958487,0.059624262,0.0,0.013672048,0.0,0.0,0.0,0.0,0.0,0.0,0.0
1,1,0.1271188,0.79958487,0.059624262,0.0,0.013672048,0.0,0.0,0.0,0.0,0.0,0.0,0.0
1,1,0.1271188,0.79958487,0.059624262,0.0,0.013672048,0.0,0.0,0.0,0.0,0.0,0.0,0.0
1,1,0.1271188,0.79958487,0.059624262,0.0,0.013672048,0.0,0.0,0.0,0.0,0.0,0.0,0.0
1,1,0.1271188,0.79958487,0.059624262,0.0,0.013672048,0.0,0.0,0.0,0.0,0.0,0.0,0.0
1,1,0.1271188,0.79958487,0.059624262,0.0,0.013672048,0.0,0.0,0.0,0.0,0.0,0.0,0.0
1,1,0.1271188,0.79958487,0.059624262,0.0,0.013672048,0.0,0.0,0.0,0.0,0.0,0.0,0.0
1,1,0.15363257,0.7730711,0.059624262,0.0,0.013672048,0.0,0.0,0.0,0.0,0.0,0.0,0.0
1,1,0.15363257,0.7730711,0.059624262,0.0,0.013672048,0.0,0.0,0.0,0.0,0.0,0.0,0.0
1,1,0.15363257,0.7730711,0.059624262,0.0,0.013672048,0.0,0.0,0.0,0.0,0.0,0.0,0.0
1,1,0.15363257,0.7730711,0.059624262,0.0,0.013672048,0.0,0.0,0.0,0.0,0.0,0.0,0.0
1,1,0.15363257,0.7730711,0.059624262,0.0,0.013672048,0.0,0.0,0.0,0.0,0.0,0.0,0.0
1,1,0.15363257,0.7730711,0.059624262,0.0,0.013672048,0.0,0.0,0.0,0.0,0.0,0.0,0.0
1,1,0.15363257,0.7730711,0.059624262,0.0,0.013672048,0.0,0.0,0.0,0.0,0.0,0.0,0.0
1,1,0.15363257,0.7730711,0.059624262,0.0,0.013672048,0.0,0.0,0.0,0.0,0.0,0.0,0.0
1,1,0.15363257,0.7730711,0.059624262,0.0,0.013672048,0.0,0.0,0.0,0.0,0.0,0.0,0.0
1,1,0.15363257,0.7730711,0.059624262,0.0,0.013672048,0.0,0.0,0.0,0.0,0.0,0.0,0.0
1,1,0.15363257,0.7730711,0.059624262,0.0,0.013672048,0.0,0.0,0.0,0.0,0.0,0.0,0.0
1,1,0.15363257,0.7730711,0.059624262,0.0,0.013672048,0.0,0.0,0.0,0.0,0.0,0.0,0.0
1,1,0.15363257,0.7730711,0.059624262,0.0,0.013672048,0.0,0.0,0.0,0.0,0.0,0.0,0.0
1,1,0.15363257,0.7730711,0.059624262,0.0,0.013672048,0.0,0.0,0.0,0.0,0.0,0.0,0.0
1,1,0.15363257,0.7730711,0.059624262,0.0,0.013672048,0.0,0.0,0.0,0.0,0.0,0.0,0.0
1,1,0.15363257,0.7730711,0.059624262,0.0,0.013672048,0.0,0.0,0.0,0.0,0.0,0.0,0.0
1,1,0.15363257,0.7730711,0.059624262,0.0,0.013672048,0.0,0.0,0.0,0.0,0.0,0.0,0.0
1,1,0.15363257,0.7730711,0.059624262,0.0,0.013672048,0.0,0.0,0.0,0.0,0.0,0.0,0.0
1,1,0.15363257,0.7730711,0.059624262,0.0,0.013672048,0.0,0.0,0.0,0.0,0.0,0.0,0.0
1,1,0.15363257,0.7730711,0.059624262,0.0,0.013672048,0.0,0.0,0.0,0.0,0.0,0.0,0.0
1,1,0.15363257,0.7730711,0.059624262,0.0,0.013672048,0.0,0.0,0.0,0.0,0.0,0.0,0.0
1,1,0.15363257,0.7730711,0.059624262,0.0,0.013672048,0.0,0.0,0.0,0.0,0.0,0.0,0.0
1,1,0.15363257,0.7730711,0.059624262,0.0,0.013672048,0.0,0.0,0.0,0.0,0.0,0.0,0.0
1,1,0.15363257,0.7730711,0.059624262,0.0,0.013672048,0.0,0.0,0.0,0.0,0.0,0.0,0.0
1,1,0.15363257,0.7730711,0.059624262,0.0,0.013672048,0.0,0.0,0.0,0.0,0.0,0.0,0.0
1,1,0.15363257,0.7730711,0.059624262,0.0,0.013672048,0.0,0.0,0.0,0.0,0.0,0.0,0.0
1,1,0.15363257,0.7730711,0.059624262,0.0,0.013672048,0.0,0.0,0.0,0.0,0.0,0.0,0.0
1,1,0.15363257,0.7730711,0.059624262,0.0,0.013672048,0.0,0.0,0.0,0.0,0.0,0.0,0.0
1,1,0.15363257,0.7730711,0.059624262,0.0,0.013672048,0.0,0.0,0.0,0.0,0.0,0.0,0.0
1,1,0.15363257,0.7730711,0.059624262,0.0,0.013672048,0.0,0.0,0.0,0.0,0.0,0.0,0.0
1,1,0.15363257,0.7730711,0.059624262,0.0,0.013672048,0.0,0.0,0.0,0.0,0.0,0.0,0.0
1,1,0.15363257,0.7730711,0.059624262,0.0,0.013672048,0.0,0.0,0.0,0.0,0.0,0.0,0.0
1,1,0.15363257,0.7730711,0.059624262,0.0,0.013672048,0.0,0.0,0.0,0.0,0.0,0.0,0.0
1,1,0.15363257,0.7730711,0.059624262,0.0,0.013672048,0.0,0.0,0.0,0.0,0.0,0.0,0.0
1,1,0.15363257,0.7730711,0.059624262,0.0,0.013672048,0.0,0.0,0.0,0.0,0.0,0.0,0.0
1,1,0.15363257,0.7730711,0.059624262,0.0,0.013672048,0.0,0.0,0.0,0.0,0.0,0.0,0.0
1,1,0.15363257,0.7730711,0.059624262,0.0,0.013672048,0.0,0.0,0.0,0.0,0.0,0.0,0.0
1,1,0.15363257,0.7730711,0.059624262,0.0,0.013672048,0.0,0.0,0.0,0.0,0.0,0.0,0.0
1,1,0.15363257,0.7730711,0.059624262,0.0,0.013672048,0.0,0.0,0.0,0.0,0.0,0.0,0.0
1,1,0.15363257,0.7730711,0.059624262,0.0,0.013672048,0.0,0.0,0.0,0.0,0.0,0.0,0.0
1,1,0.15363257,0.7730711,0.059624262,0.0,0.013672048,0.0,0.0,0.0,0.0,0.0,0.0,0.0
1,1,0.15363257,0.7730711,0.059624262,0.0,0.013672048,0.0,0.0,0.0,0.0,0.0,0.0,0.0
1,1,0.15363257,0.7730711,0.059624262,0.0,0.013672048,0.0,0.0,0.0,0.0,0.0,0.0,0.0
1,1,0.15363257,0.7730711,0.059624262,0.0,0.013672048,0.0,0.0,0.0,0.0,0.0,0.0,0.0
1,1,0.15363257,0.7730711,0.059624262,0.0,0.013672048,0.0,0.0,0.0,0.0,0.0,0.0,0.0
1,1,0.15363257,0.7730711,0.059624262,0.0,0.013672048,0.0,0.0,0.0,0.0,0.0,0.0,0.0
1,1,0.15363257,0.7730711,0.059624262,0.0,0.013672048,0.0,0.0,0.0,0.0,0.0,0.0,0.0
1,1,0.15363257,0.7730711,0.059624262,0.0,0.013672048,0.0,0.0,0.0,0.0,0.0,0.0,0.0
1,1,0.15363257,0.7730711,0.059624262,0.0,0.013672048,0.0,0.0,0.0,0.0,0.0,0.0,0.0
1,1,0.15363257,0.7730711,0.059624262,0.0,0.013672048,0.0,0.0,0.0,0.0,0.0,0.0,0.0
1,1,0.15363257,0.7730711,0.059624262,0.0,0.013672048,0.0,0.0,0.0,0.0,0.0,0.0,0.0
1,1,0.15363257,0.7730711,0.059624262,0.0,0.013672048,0.0,0.0,0.0,0.0,0.0,0.0,0.0
1,1,0.15363257,0.7730711,0.059624262,0.0,0.013672048,0.0,0.0,0.0,0.0,0.0,0.0,0.0
1,1,0.15363257,0.7730711,0.059624262,0.0,0.013672048,0.0,0.0,0.0,0.0,0.0,0.0,0.0
1,1,0.15363257,0.7730711,0.059624262,0.0,0.013672048,0.0,0.0,0.0,0.0,0.0,0.0,0.0
1,1,0.15363257,0.7730711,0.059624262,0.0,0.013672048,0.0,0.0,0.0,0.0,0.0,0.0,0.0
1,1,0.15363257,0.7730711,0.059624262,0.0,0.013672048,0.0,0.0,0.0,0.0,0.0,0.0,0.0
1,1,0.15363257,0.7730711,0.059624262,0.0,0.013672048,0.0,0.0,0.0,0.0,0.0,0.0,0.0
1,1,0.15363257,0.7730711,0.059624262,0.0,0.013672048,0.0,0.0,0.0,0.0,0.0,0.0,0.0
1,1,0.15363257,0.7730711,0.059624262,0.0,0.013672048,0.0,0.0,0.0,0.0,0.0,0.0,0.0
1,1,0.15363257,0.7730711,0.059624262,0.0,0.013672048,0.0,0.0,0.0,0.0,0.0,0.0,0.0
1,1,0.15363257,0.7730711,0.059624262,0.0,0.013672048,0.0,0.0,0.0,0.0,0.0,0.0,0.0
1,1,0.15363257,0.7730711,0.059624262,0.0,0.013672048,0.0,0.0,0.0,0.0,0.0,0.0,0.0
1,1,0.15363257,0.7730711,0.059624262,0.0,0.013672048,0.0,0.0,0.0,0.0,0.0,0.0,0.0
1,1,0.15363257,0.7730711,0.059624262,0.0,0.013672048,0.0,0.0,0.0,0.0,0.0,0.0,0.0
1,1,0.15363257,0.7730711,0.059624262,0.0,0.013672048,0.0,0.0,0.0,0.0,0.0,0.0,0.0
1,1,0.15363257,0.7730711,0.059624262,0.0,0.013672048,0.0,0.0,0.0,0.0,0.0,0.0,0.0
1,1,0.15363257,0.7730711,0.059624262,0.0,0.013672048,0.0,0.0,0.0,0.0,0.0,0.0,0.0
1,1,0.15363257,0.7730711,0.059624262,0.0,0.013672048,0.0,0.0,0.0,0.0,0.0,0.0,0.0
1,1,0.15363257,0.7730711,0.059624262,0.0,0.013672048,0.0,0.0,0.0,0.0,0.0,0.0,0.0
1,1,0.15363257,0.7730711,0.059624262,0.0,0.013672048,0.0,0.0,0.0,0.0,0.0,0.0,0.0
1,1,0.15363257,0.7730711,0.059624262,0.0,0.013672048,0.0,0.0,0.0,0.0,0.0,0.0,0.0
1,1,0.15363257,0.7730711,0.059624262,0.0,0.013672048,0.0,0.0,0.0,0.0,0.0,0.0,0.0
1,1,0.15363257,0.7730711,0.059624262,0.0,0.013672048,0.0,0.0,0.0,0.0,0.0,0.0,0.0
1,1,0.15363257,0.7730711,0.059624262,0.0,0.013672048,0.0,0.0,0.0,0.0,0.0,0.0,0.0
1,1,0.15363257,0.7730711,0.059624262,0.0,0.013672048,0.0,0.0,0.0,0.0,0.0,0.0,0.0
1,1,0.15363257,0.7730711,0.059624262,0.0,0.013672048,0.0,0.0,0.0,0.0,0.0,0.0,0.0
1,1,0.15363257,0.7730711,0.059624262,0.0,0.013672048,0.0,0.0,0.0,0.0,0.0,0.0,0.0
1,1,0.15363257,0.7730711,0.059624262,0.0,0.013672048,0.0,0.0,0.0,0.0,0.0,0.0,0.0
1,1,0.15363257,0.7730711,0.059624262,0.0,0.013672048,0.0,0.0,0.0,0.0,0.0,0.0,0.0
1,1,0.15363257,0.7730711,0.059624262,0.0,0.013672048,0.0,0.0,0.0,0.0,0.0,0.0,0.0
1,1,0.15363257,0.7730711,0.059624262,0.0,0.013672048,0.0,0.0,0.0,0.0,0.0,0.0,0.0
1,1,0.15363257,0.7730711,0.059624262,0.0,0.013672048,0.0,0.0,0.0,0.0,0.0,0.0,0.0
1,1,0.17076828,0.7477602,0.06627457,0.0,0.0151969865,0.0,0.0,0.0,0.0,0.0,0.0,0.0
1,1,0.17076826,0.65835893,0.06627456,0.08940125,0.015196986,0.0,0.0,0.0,0.0,0.0,0.0,0.0
1,1,0.17076826,0.65835893,0.06627456,0.08940125,0.015196986,0.0,0.0,0.0,0.0,0.0,0.0,0.0
1,1,0.14395364,0.6851735,0.06627456,0.089401245,0.015196985,0.0,0.0,0.0,0.0,0.0,0.0,0.0
1,1,0.14395364,0.6851735,0.06627456,0.089401245,0.015196985,0.0,0.0,0.0,0.0,0.0,0.0,0.0
1,1,0.14395364,0.6851735,0.06627456,0.089401245,0.015196985,0.0,0.0,0.0,0.0,0.0,0.0,0.0
1,1,0.14395364,0.6851735,0.06627456,0.089401245,0.015196985,0.0,0.0,0.0,0.0,0.0,0.0,0.0
1,1,0.14395364,0.6851735,0.06627456,0.089401245,0.015196985,0.0,0.0,0.0,0.0,0.0,0.0,0.0
1,1,0.14395364,0.6851735,0.06627456,0.089401245,0.015196985,0.0,0.0,0.0,0.0,0.0,0.0,0.0
1,1,0.14395364,0.6851735,0.06627456,0.089401245,0.015196985,0.0,0.0,0.0,0.0,0.0,0.0,0.0
1,1,0.14395364,0.6851735,0.06627456,0.089401245,0.015196985,0.0,0.0,0.0,0.0,0.0,0.0,0.0
1,1,0.14395364,0.6851735,0.06627456,0.089401245,0.015196985,0.0,0.0,0.0,0.0,0.0,0.0,0.0
1,1,0.14395364,0.6851735,0.06627456,0.089401245,0.015196985,0.0,0.0,0.0,0.0,0.0,0.0,0.0
1,1,0.14395364,0.6851735,0.06627456,0.089401245,0.015196985,0.0,0.0,0.0,0.0,0.0,0.0,0.0
1,1,0.14395364,0.6851735,0.06627456,0.089401245,0.015196985,0.0,0.0,0.0,0.0,0.0,0.0,0.0
1,1,0.14395364,0.6851735,0.06627456,0.089401245,0.015196985,0.0,0.0,0.0,0.0,0.0,0.0,0.0
1,1,0.14395364,0.6851735,0.06627456,0.089401245,0.015196985,0.0,0.0,0.0,0.0,0.0,0.0,0.0
1,1,0.14395364,0.6851735,0.06627456,0.089401245,0.015196985,0.0,0.0,0.0,0.0,0.0,0.0,0.0
1,1,0.14395364,0.6851735,0.06627456,0.089401245,0.015196985,0.0,0.0,0.0,0.0,0.0,0.0,0.0
1,1,0.14395364,0.6851735,0.06627456,0.089401245,0.015196985,0.0,0.0,0.0,0.0,0.0,0.0,0.0
1,1,0.14395364,0.6851735,0.06627456,0.089401245,0.015196985,0.0,0.0,0.0,0.0,0.0,0.0,0.0
1,1,0.14395364,0.6851735,0.06627456,0.089401245,0.015196985,0.0,0.0,0.0,0.0,0.0,0.0,0.0
1,1,0.14395364,0.6851735,0.06627456,0.089401245,0.015196985,0.0,0.0,0.0,0.0,0.0,0.0,0.0
1,1,0.14395364,0.6851735,0.06627456,0.089401245,0.015196985,0.0,0.0,0.0,0.0,0.0,0.0,0.0
1,1,0.14395364,0.6851735,0.06627456,0.089401245,0.015196985,0.0,0.0,0.0,0.0,0.0,0.0,0.0
1,1,0.14395364,0.6851735,0.06627456,0.089401245,0.015196985,0.0,0.0,0.0,0.0,0.0,0.0,0.0
1,1,0.14395364,0.6851735,0.06627456,0.089401245,0.015196985,0.0,0.0,0.0,0.0,0.0,0.0,0.0
1,1,0.14395364,0.6851735,0.06627456,0.089401245,0.015196985,0.0,0.0,0.0,0.0,0.0,0.0,0.0
1,1,0.14395364,0.6851735,0.06627456,0.089401245,0.015196985,0.0,0.0,0.0,0.0,0.0,0.0,0.0
1,1,0.14395364,0.6851735,0.06627456,0.089401245,0.015196985,0.0,0.0,0.0,0.0,0.0,0.0,0.0
1,1,0.14395364,0.6851735,0.06627456,0.089401245,0.015196985,0.0,0.0,0.0,0.0,0.0,0.0,0.0
1,1,0.14395364,0.6851735,0.06627456,0.089401245,0.015196985,0.0,0.0,0.0,0.0,0.0,0.0,0.0
1,1,0.14395364,0.6851735,0.06627456,0.089401245,0.015196985,0.0,0.0,0.0,0.0,0.0,0.0,0.0
1,1,0.14395364,0.6851735,0.06627456,0.089401245,0.015196985,0.0,0.0,0.0,0.0,0.0,0.0,0.0
1,1,0.14395364,0.6851735,0.06627456,0.089401245,0.015196985,0.0,0.0,0.0,0.0,0.0,0.0,0.0
1,1,0.14395364,0.6851735,0.06627456,0.089401245,0.015196985,0.0,0.0,0.0,0.0,0.0,0.0,0.0
1,1,0.14395364,0.6851735,0.06627456,0.089401245,0.015196985,0.0,0.0,0.0,0.0,0.0,0.0,0.0
1,1,0.14395367,0.7003705,0.06627457,0.08940126,0.0,0.0,0.0,0.0,0.0,0.0,0.0,0.0
1,1,0.14395367,0.7003705,0.06627457,0.08940126,0.0,0.0,0.0,0.0,0.0,0.0,0.0,0.0
1,1,0.14395367,0.7003705,0.06627457,0.08940126,0.0,0.0,0.0,0.0,0.0,0.0,0.0,0.0
1,1,0.14395367,0.7003705,0.06627457,0.08940126,0.0,0.0,0.0,0.0,0.0,0.0,0.0,0.0
1,1,0.14395367,0.7003705,0.06627457,0.08940126,0.0,0.0,0.0,0.0,0.0,0.0,0.0,0.0
1,1,0.14395367,0.7003705,0.06627457,0.08940126,0.0,0.0,0.0,0.0,0.0,0.0,0.0,0.0
1,1,0.14395367,0.7003705,0.06627457,0.08940126,0.0,0.0,0.0,0.0,0.0,0.0,0.0,0.0
1,1,0.14395367,0.7003705,0.06627457,0.08940126,0.0,0.0,0.0,0.0,0.0,0.0,0.0,0.0
1,1,0.14395367,0.7003705,0.06627457,0.08940126,0.0,0.0,0.0,0.0,0.0,0.0,0.0,0.0
1,1,0.14395367,0.7003705,0.06627457,0.08940126,0.0,0.0,0.0,0.0,0.0,0.0,0.0,0.0
1,1,0.14395367,0.7003705,0.06627457,0.08940126,0.0,0.0,0.0,0.0,0.0,0.0,0.0,0.0
1,1,0.14395367,0.7003705,0.06627457,0.08940126,0.0,0.0,0.0,0.0,0.0,0.0,0.0,0.0
1,1,0.14395367,0.7003705,0.06627457,0.08940126,0.0,0.0,0.0,0.0,0.0,0.0,0.0,0.0
1,1,0.14395367,0.7003705,0.06627457,0.08940126,0.0,0.0,0.0,0.0,0.0,0.0,0.0,0.0
1,1,0.14395367,0.7003705,0.06627457,0.08940126,0.0,0.0,0.0,0.0,0.0,0.0,0.0,0.0
1,1,0.14395367,0.7003705,0.06627457,0.08940126,0.0,0.0,0.0,0.0,0.0,0.0,0.0,0.0
1,1,0.14395367,0.7003705,0.06627457,0.08940126,0.0,0.0,0.0,0.0,0.0,0.0,0.0,0.0
1,1,0.14395367,0.7003705,0.06627457,0.08940126,0.0,0.0,0.0,0.0,0.0,0.0,0.0,0.0
1,1,0.14395367,0.7003705,0.06627457,0.08940126,0.0,0.0,0.0,0.0,0.0,0.0,0.0,0.0
1,1,0.14395367,0.7003705,0.06627457,0.08940126,0.0,0.0,0.0,0.0,0.0,0.0,0.0,0.0
1,1,0.14395367,0.7003705,0.06627457,0.08940126,0.0,0.0,0.0,0.0,0.0,0.0,0.0,0.0
1,1,0.14395367,0.7003705,0.06627457,0.08940126,0.0,0.0,0.0,0.0,0.0,0.0,0.0,0.0
1,1,0.14395367,0.7003705,0.06627457,0.08940126,0.0,0.0,0.0,0.0,0.0,0.0,0.0,0.0
1,1,0.14395367,0.7003705,0.06627457,0.08940126,0.0,0.0,0.0,0.0,0.0,0.0,0.0,0.0
1,1,0.14395367,0.7003705,0.06627457,0.08940126,0.0,0.0,0.0,0.0,0.0,0.0,0.0,0.0
1,1,0.14395367,0.7003705,0.06627457,0.08940126,0.0,0.0,0.0,0.0,0.0,0.0,0.0,0.0
1,1,0.14395367,0.7003705,0.06627457,0.08940126,0.0,0.0,0.0,0.0,0.0,0.0,0.0,0.0
1,1,0.14395367,0.7003705,0.06627457,0.08940126,0.0,0.0,0.0,0.0,0.0,0.0,0.0,0.0
1,1,0.14395367,0.7003705,0.06627457,0.08940126,0.0,0.0,0.0,0.0,0.0,0.0,0.0,0.0
1,1,0.14395367,0.7003705,0.06627457,0.08940126,0.0,0.0,0.0,0.0,0.0,0.0,0.0,0.0
1,1,0.14395367,0.7003705,0.06627457,0.08940126,0.0,0.0,0.0,0.0,0.0,0.0,0.0,0.0
1,1,0.14395367,0.7003705,0.06627457,0.08940126,0.0,0.0,0.0,0.0,0.0,0.0,0.0,0.0
1,1,0.26020706,0.5841171,0.06627456,0.08940125,0.0,0.0,0.0,0.0,0.0,0.0,0.0,0.0
1,1,0.26020706,0.5841171,0.06627456,0.08940125,0.0,0.0,0.0,0.0,0.0,0.0,0.0,0.0
1,1,0.26020706,0.5841171,0.06627456,0.08940125,0.0,0.0,0.0,0.0,0.0,0.0,0.0,0.0
1,1,0.26020706,0.5841171,0.06627456,0.08940125,0.0,0.0,0.0,0.0,0.0,0.0,0.0,0.0
1,1,0.26020706,0.5841171,0.06627456,0.08940125,0.0,0.0,0.0,0.0,0.0,0.0,0.0,0.0
1,1,0.26020706,0.5841171,0.06627456,0.08940125,0.0,0.0,0.0,0.0,0.0,0.0,0.0,0.0
1,1,0.26020706,0.5841171,0.06627456,0.08940125,0.0,0.0,0.0,0.0,0.0,0.0,0.0,0.0
1,1,0.26020706,0.5841171,0.06627456,0.08940125,0.0,0.0,0.0,0.0,0.0,0.0,0.0,0.0
1,1,0.26020706,0.5535496,0.06627456,0.119968764,0.0,0.0,0.0,0.0,0.0,0.0,0.0,0.0
1,1,0.26020706,0.5535496,0.06627456,0.119968764,0.0,0.0,0.0,0.0,0.0,0.0,0.0,0.0
1,1,0.26020706,0.5535496,0.06627456,0.119968764,0.0,0.0,0.0,0.0,0.0,0.0,0.0,0.0
1,1,0.26020706,0.5535496,0.06627456,0.119968764,0.0,0.0,0.0,0.0,0.0,0.0,0.0,0.0
1,1,0.26020706,0.5535496,0.06627456,0.119968764,0.0,0.0,0.0,0.0,0.0,0.0,0.0,0.0
1,1,0.26020706,0.5535496,0.06627456,0.119968764,0.0,0.0,0.0,0.0,0.0,0.0,0.0,0.0
1,1,0.26020706,0.5535496,0.06627456,0.119968764,0.0,0.0,0.0,0.0,0.0,0.0,0.0,0.0
1,1,0.26020706,0.5535496,0.06627456,0.119968764,0.0,0.0,0.0,0.0,0.0,0.0,0.0,0.0
1,1,0.26020706,0.5535496,0.06627456,0.119968764,0.0,0.0,0.0,0.0,0.0,0.0,0.0,0.0
1,1,0.26020706,0.5535496,0.06627456,0.119968764,0.0,0.0,0.0,0.0,0.0,0.0,0.0,0.0
1,1,0.26020706,0.5535496,0.06627456,0.119968764,0.0,0.0,0.0,0.0,0.0,0.0,0.0,0.0
1,1,0.26020706,0.5535496,0.06627456,0.119968764,0.0,0.0,0.0,0.0,0.0,0.0,0.0,0.0
1,1,0.26020706,0.5535496,0.06627456,0.119968764,0.0,0.0,0.0,0.0,0.0,0.0,0.0,0.0
1,1,0.26020706,0.5535496,0.06627456,0.119968764,0.0,0.0,0.0,0.0,0.0,0.0,0.0,0.0
1,1,0.26020706,0.5535496,0.06627456,0.119968764,0.0,0.0,0.0,0.0,0.0,0.0,0.0,0.0
1,1,0.26020706,0.5535496,0.06627456,0.119968764,0.0,0.0,0.0,0.0,0.0,0.0,0.0,0.0
1,1,0.26020706,0.5535496,0.06627456,0.119968764,0.0,0.0,0.0,0.0,0.0,0.0,0.0,0.0
1,1,0.26020706,0.5535496,0.06627456,0.119968764,0.0,0.0,0.0,0.0,0.0,0.0,0.0,0.0
1,1,0.26020706,0.49878418,0.06627456,0.119968764,0.0,0.05476542,0.0,0.0,0.0,0.0,0.0,0.0
1,1,0.26020706,0.49878418,0.06627456,0.119968764,0.0,0.05476542,0.0,0.0,0.0,0.0,0.0,0.0
1,1,0.26020706,0.49878418,0.06627456,0.119968764,0.0,0.05476542,0.0,0.0,0.0,0.0,0.0,0.0
1,1,0.26020706,0.49878418,0.06627456,0.119968764,0.0,0.05476542,0.0,0.0,0.0,0.0,0.0,0.0
1,1,0.26020706,0.49878418,0.06627456,0.119968764,0.0,0.05476542,0.0,0.0,0.0,0.0,0.0,0.0
1,1,0.26020706,0.49878418,0.06627456,0.119968764,0.0,0.05476542,0.0,0.0,0.0,0.0,0.0,0.0
1,1,0.26020706,0.49878418,0.06627456,0.119968764,0.0,0.05476542,0.0,0.0,0.0,0.0,0.0,0.0
1,1,0.26020706,0.49878418,0.06627456,0.119968764,0.0,0.05476542,0.0,0.0,0.0,0.0,0.0,0.0
1,1,0.26020706,0.49878418,0.06627456,0.119968764,0.0,0.05476542,0.0,0.0,0.0,0.0,0.0,0.0
1,1,0.26020706,0.49878418,0.06627456,0.119968764,0.0,0.05476542,0.0,0.0,0.0,0.0,0.0,0.0
1,1,0.34960833,0.49878418,0.06627456,0.03056752,0.0,0.05476542,0.0,0.0,0.0,0.0,0.0,0.0
1,1,0.34960833,0.49878418,0.06627456,0.03056752,0.0,0.05476542,0.0,0.0,0.0,0.0,0.0,0.0
1,1,0.34960833,0.49878418,0.06627456,0.03056752,0.0,0.05476542,0.0,0.0,0.0,0.0,0.0,0.0
1,1,0.34960833,0.49878418,0.06627456,0.03056752,0.0,0.05476542,0.0,0.0,0.0,0.0,0.0,0.0
1,1,0.34960833,0.49878418,0.06627456,0.03056752,0.0,0.05476542,0.0,0.0,0.0,0.0,0.0,0.0
1,1,0.34960833,0.49878418,0.06627456,0.03056752,0.0,0.05476542,0.0,0.0,0.0,0.0,0.0,0.0
1,1,0.314527,0.5490786,0.059624266,0.027500233,0.0,0.04927,0.0,0.0,0.0,0.0,0.0,0.0
1,1,0.314527,0.5490786,0.059624266,0.027500233,0.0,0.04927,0.0,0.0,0.0,0.0,0.0,0.0
1,1,0.314527,0.5490786,0.059624266,0.027500233,0.0,0.04927,0.0,0.0,0.0,0.0,0.0,0.0
1,1,0.314527,0.5490786,0.059624266,0.027500233,0.0,0.04927,0.0,0.0,0.0,0.0,0.0,0.0
1,1,0.314527,0.5490786,0.059624266,0.027500233,0.0,0.04927,0.0,0.0,0.0,0.0,0.0,0.0
1,1,0.314527,0.5490786,0.059624266,0.027500233,0.0,0.04927,0.0,0.0,0.0,0.0,0.0,0.0
1,1,0.314527,0.5490786,0.059624266,0.027500233,0.0,0.04927,0.0,0.0,0.0,0.0,0.0,0.0
1,1,0.314527,0.5490786,0.059624266,0.027500233,0.0,0.04927,0.0,0.0,0.0,0.0,0.0,0.0
1,1,0.314527,0.5490786,0.059624266,0.027500233,0.0,0.04927,0.0,0.0,0.0,0.0,0.0,0.0
1,1,0.314527,0.5490786,0.059624266,0.027500233,0.0,0.04927,0.0,0.0,0.0,0.0,0.0,0.0
1,1,0.314527,0.5490786,0.059624266,0.027500233,0.0,0.04927,0.0,0.0,0.0,0.0,0.0,0.0
1,1,0.314527,0.5490786,0.059624266,0.027500233,0.0,0.04927,0.0,0.0,0.0,0.0,0.0,0.0
1,1,0.314527,0.5490786,0.059624266,0.027500233,0.0,0.04927,0.0,0.0,0.0,0.0,0.0,0.0
1,1,0.314527,0.5490786,0.059624266,0.027500233,0.0,0.04927,0.0,0.0,0.0,0.0,0.0,0.0
1,1,0.27454814,0.5490786,0.059624266,0.027500233,0.0,0.089248866,0.0,0.0,0.0,0.0,0.0,0.0
1,1,0.27454814,0.5490786,0.059624266,0.027500233,0.0,0.089248866,0.0,0.0,0.0,0.0,0.0,0.0
1,1,0.27454814,0.5490786,0.059624266,0.027500233,0.0,0.089248866,0.0,0.0,0.0,0.0,0.0,0.0
1,1,0.27454814,0.5490786,0.059624266,0.027500233,0.0,0.089248866,0.0,0.0,0.0,0.0,0.0,0.0
1,1,0.27454814,0.5490786,0.059624266,0.027500233,0.0,0.089248866,0.0,0.0,0.0,0.0,0.0,0.0
1,1,0.27454814,0.5490786,0.059624266,0.027500233,0.0,0.089248866,0.0,0.0,0.0,0.0,0.0,0.0
1,1,0.27454814,0.5490786,0.059624266,0.027500233,0.0,0.089248866,0.0,0.0,0.0,0.0,0.0,0.0
1,1,0.27454814,0.5490786,0.059624266,0.027500233,0.0,0.089248866,0.0,0.0,0.0,0.0,0.0,0.0
1,1,0.27454814,0.5490786,0.059624266,0.027500233,0.0,0.089248866,0.0,0.0,0.0,0.0,0.0,0.0
1,1,0.27454814,0.5490786,0.059624266,0.027500233,0.0,0.089248866,0.0,0.0,0.0,0.0,0.0,0.0
1,1,0.27454814,0.5490786,0.059624266,0.027500233,0.0,0.089248866,0.0,0.0,0.0,0.0,0.0,0.0
1,1,0.27454814,0.5490786,0.059624266,0.027500233,0.0,0.089248866,0.0,0.0,0.0,0.0,0.0,0.0
1,1,0.27454814,0.5490786,0.059624266,0.027500233,0.0,0.089248866,0.0,0.0,0.0,0.0,0.0,0.0
1,1,0.27454814,0.5490786,0.059624266,0.027500233,0.0,0.089248866,0.0,0.0,0.0,0.0,0.0,0.0
1,1,0.27454814,0.5490786,0.059624266,0.027500233,0.0,0.089248866,0.0,0.0,0.0,0.0,0.0,0.0
1,1,0.27454814,0.5490786,0.059624266,0.027500233,0.0,0.089248866,0.0,0.0,0.0,0.0,0.0,0.0
1,1,0.38561934,0.43800738,0.059624266,0.027500233,0.0,0.089248866,0.0,0.0,0.0,0.0,0.0,0.0
1,1,0.38561934,0.43800738,0.059624266,0.027500233,0.0,0.089248866,0.0,0.0,0.0,0.0,0.0,0.0
1,1,0.38561934,0.43800738,0.059624266,0.027500233,0.0,0.089248866,0.0,0.0,0.0,0.0,0.0,0.0
1,1,0.38561934,0.43800738,0.059624266,0.027500233,0.0,0.089248866,0.0,0.0,0.0,0.0,0.0,0.0
1,1,0.38561934,0.43800738,0.059624266,0.027500233,0.0,0.089248866,0.0,0.0,0.0,0.0,0.0,0.0
1,1,0.38561934,0.43800738,0.059624266,0.027500233,0.0,0.089248866,0.0,0.0,0.0,0.0,0.0,0.0
1,1,0.38561934,0.43800738,0.059624266,0.027500233,0.0,0.089248866,0.0,0.0,0.0,0.0,0.0,0.0
1,1,0.38561934,0.43800738,0.059624266,0.027500233,0.0,0.089248866,0.0,0.0,0.0,0.0,0.0,0.0
1,1,0.38561934,0.43800738,0.059624266,0.027500233,0.0,0.089248866,0.0,0.0,0.0,0.0,0.0,0.0
1,1,0.38561934,0.43800738,0.059624266,0.027500233,0.0,0.089248866,0.0,0.0,0.0,0.0,0.0,0.0
1,1,0.38561934,0.43800738,0.059624266,0.027500233,0.0,0.089248866,0.0,0.0,0.0,0.0,0.0,0.0
1,1,0.38561934,0.43800738,0.059624266,0.027500233,0.0,0.089248866,0.0,0.0,0.0,0.0,0.0,0.0
1,1,0.4050326,0.40971485,0.06262594,0.028884681,0.0,0.09374193,0.0,0.0,0.0,0.0,0.0,0.0
1,1,0.4050326,0.40971485,0.06262594,0.028884681,0.0,0.09374193,0.0,0.0,0.0,0.0,0.0,0.0
1,1,0.4050326,0.40971485,0.06262594,0.028884681,0.0,0.09374193,0.0,0.0,0.0,0.0,0.0,0.0
1,1,0.35013217,0.44752118,0.068404734,0.03155001,0.0,0.10239194,0.0,0.0,0.0,0.0,0.0,0.0
1,1,0.35013217,0.44752118,0.068404734,0.03155001,0.0,0.10239194,0.0,0.0,0.0,0.0,0.0,0.0
1,1,0.35013217,0.44752118,0.068404734,0.03155001,0.0,0.10239194,0.0,0.0,0.0,0.0,0.0,0.0
1,1,0.35013217,0.44752118,0.068404734,0.03155001,0.0,0.10239194,0.0,0.0,0.0,0.0,0.0,0.0
1,1,0.35013217,0.44752118,0.068404734,0.03155001,0.0,0.10239194,0.0,0.0,0.0,0.0,0.0,0.0
1,1,0.35013217,0.44752118,0.068404734,0.03155001,0.0,0.10239194,0.0,0.0,0.0,0.0,0.0,0.0
1,1,0.35013217,0.44752118,0.068404734,0.03155001,0.0,0.10239194,0.0,0.0,0.0,0.0,0.0,0.0
1,1,0.35013217,0.44752118,0.068404734,0.03155001,0.0,0.10239194,0.0,0.0,0.0,0.0,0.0,0.0
1,1,0.35013217,0.44752118,0.068404734,0.03155001,0.0,0.10239194,0.0,0.0,0.0,0.0,0.0,0.0
1,1,0.35013217,0.44752118,0.068404734,0.03155001,0.0,0.10239194,0.0,0.0,0.0,0.0,0.0,0.0
1,1,0.35013217,0.44752118,0.068404734,0.03155001,0.0,0.10239194,0.0,0.0,0.0,0.0,0.0,0.0
1,1,0.35013217,0.44752118,0.068404734,0.03155001,0.0,0.10239194,0.0,0.0,0.0,0.0,0.0,0.0
1,1,0.35013217,0.44752118,0.068404734,0.03155001,0.0,0.10239194,0.0,0.0,0.0,0.0,0.0,0.0
1,1,0.35013217,0.44752118,0.068404734,0.03155001,0.0,0.10239194,0.0,0.0,0.0,0.0,0.0,0.0
1,1,0.35013217,0.44752118,0.068404734,0.03155001,0.0,0.10239194,0.0,0.0,0.0,0.0,0.0,0.0
1,1,0.35013217,0.44752118,0.068404734,0.03155001,0.0,0.10239194,0.0,0.0,0.0,0.0,0.0,0.0
1,1,0.35013217,0.44752118,0.068404734,0.03155001,0.0,0.10239194,0.0,0.0,0.0,0.0,0.0,0.0
1,1,0.35013217,0.44752118,0.068404734,0.03155001,0.0,0.10239194,0.0,0.0,0.0,0.0,0.0,0.0
1,1,0.35013217,0.44752118,0.068404734,0.03155001,0.0,0.10239194,0.0,0.0,0.0,0.0,0.0,0.0
1,1,0.35013217,0.44752118,0.068404734,0.03155001,0.0,0.10239194,0.0,0.0,0.0,0.0,0.0,0.0
1,1,0.35013217,0.44752118,0.068404734,0.03155001,0.0,0.10239194,0.0,0.0,0.0,0.0,0.0,0.0
1,1,0.35013217,0.44752118,0.068404734,0.03155001,0.0,0.10239194,0.0,0.0,0.0,0.0,0.0,0.0
1,1,0.35013217,0.44752118,0.068404734,0.03155001,0.0,0.10239194,0.0,0.0,0.0,0.0,0.0,0.0
1,1,0.35013217,0.44752118,0.068404734,0.03155001,0.0,0.10239194,0.0,0.0,0.0,0.0,0.0,0.0
1,1,0.35013217,0.44752118,0.068404734,0.03155001,0.0,0.10239194,0.0,0.0,0.0,0.0,0.0,0.0
1,1,0.35013217,0.44752118,0.068404734,0.03155001,0.0,0.10239194,0.0,0.0,0.0,0.0,0.0,0.0
1,1,0.35013217,0.44752118,0.068404734,0.03155001,0.0,0.10239194,0.0,0.0,0.0,0.0,0.0,0.0
1,1,0.35013217,0.44752118,0.068404734,0.03155001,0.0,0.10239194,0.0,0.0,0.0,0.0,0.0,0.0
1,1,0.35013217,0.44752118,0.068404734,0.03155001,0.0,0.10239194,0.0,0.0,0.0,0.0,0.0,0.0
1,1,0.35013217,0.44752118,0.068404734,0.03155001,0.0,0.10239194,0.0,0.0,0.0,0.0,0.0,0.0
1,1,0.35013217,0.44752118,0.068404734,0.03155001,0.0,0.10239194,0.0,0.0,0.0,0.0,0.0,0.0
1,1,0.35013217,0.44752118,0.068404734,0.03155001,0.0,0.10239194,0.0,0.0,0.0,0.0,0.0,0.0
1,1,0.35013217,0.44752118,0.068404734,0.03155001,0.0,0.10239194,0.0,0.0,0.0,0.0,0.0,0.0
1,1,0.37110937,0.47433317,0.072503015,0.03344024,0.0,0.048614234,0.0,0.0,0.0,0.0,0.0,0.0
1,1,0.37110937,0.47433317,0.072503015,0.03344024,0.0,0.048614234,0.0,0.0,0.0,0.0,0.0,0.0
1,1,0.37110937,0.47433317,0.072503015,0.03344024,0.0,0.048614234,0.0,0.0,0.0,0.0,0.0,0.0
1,1,0.37110937,0.47433317,0.072503015,0.03344024,0.0,0.048614234,0.0,0.0,0.0,0.0,0.0,0.0
1,1,0.37110937,0.47433317,0.072503015,0.03344024,0.0,0.048614234,0.0,0.0,0.0,0.0,0.0,0.0
1,1,0.37110937,0.47433317,0.072503015,0.03344024,0.0,0.048614234,0.0,0.0,0.0,0.0,0.0,0.0
1,1,0.37110937,0.47433317,0.072503015,0.03344024,0.0,0.048614234,0.0,0.0,0.0,0.0,0.0,0.0
1,1,0.37110937,0.47433317,0.072503015,0.03344024,0.0,0.048614234,0.0,0.0,0.0,0.0,0.0,0.0
1,1,0.37110937,0.47433317,0.072503015,0.03344024,0.0,0.048614234,0.0,0.0,0.0,0.0,0.0,0.0
1,1,0.37110937,0.47433317,0.072503015,0.03344024,0.0,0.048614234,0.0,0.0,0.0,0.0,0.0,0.0
1,1,0.37110937,0.47433317,0.072503015,0.03344024,0.0,0.048614234,0.0,0.0,0.0,0.0,0.0,0.0
1,1,0.37110937,0.47433317,0.072503015,0.03344024,0.0,0.048614234,0.0,0.0,0.0,0.0,0.0,0.0
1,1,0.37110937,0.47433317,0.072503015,0.03344024,0.0,0.048614234,0.0,0.0,0.0,0.0,0.0,0.0
1,1,0.37110937,0.47433317,0.072503015,0.03344024,0.0,0.048614234,0.0,0.0,0.0,0.0,0.0,0.0
1,1,0.37110937,0.47433317,0.072503015,0.03344024,0.0,0.048614234,0.0,0.0,0.0,0.0,0.0,0.0
1,1,0.37110937,0.47433317,0.072503015,0.03344024,0.0,0.048614234,0.0,0.0,0.0,0.0,0.0,0.0
1,1,0.37110937,0.47433317,0.072503015,0.0,0.0,0.082054466,0.0,0.0,0.0,0.0,0.0,0.0
1,1,0.37110937,0.47433317,0.072503015,0.0,0.0,0.082054466,0.0,0.0,0.0,0.0,0.0,0.0
1,1,0.37110937,0.47433317,0.072503015,0.0,0.0,0.082054466,0.0,0.0,0.0,0.0,0.0,0.0
1,1,0.37110937,0.47433317,0.072503015,0.0,0.0,0.082054466,0.0,0.0,0.0,0.0,0.0,0.0
1,1,0.37110937,0.47433317,0.072503015,0.0,0.0,0.082054466,0.0,0.0,0.0,0.0,0.0,0.0
1,1,0.37110937,0.47433317,0.072503015,0.0,0.0,0.082054466,0.0,0.0,0.0,0.0,0.0,0.0
1,1,0.37110937,0.47433317,0.072503015,0.0,0.0,0.082054466,0.0,0.0,0.0,0.0,0.0,0.0
1,1,0.37110937,0.47433317,0.072503015,0.0,0.0,0.082054466,0.0,0.0,0.0,0.0,0.0,0.0
1,1,0.37110937,0.47433317,0.072503015,0.0,0.0,0.082054466,0.0,0.0,0.0,0.0,0.0,0.0
1,1,0.37110937,0.47433317,0.072503015,0.0,0.0,0.082054466,0.0,0.0,0.0,0.0,0.0,0.0
1,1,0.37110937,0.47433317,0.072503015,0.0,0.0,0.082054466,0.0,0.0,0.0,0.0,0.0,0.0
1,1,0.37110937,0.47433317,0.072503015,0.0,0.0,0.082054466,0.0,0.0,0.0,0.0,0.0,0.0
1,1,0.37110937,0.47433317,0.072503015,0.0,0.0,0.082054466,0.0,0.0,0.0,0.0,0.0,0.0
1,1,0.37110937,0.47433317,0.072503015,0.0,0.0,0.082054466,0.0,0.0,0.0,0.0,0.0,0.0
1,1,0.37110937,0.47433317,0.072503015,0.0,0.0,0.082054466,0.0,0.0,0.0,0.0,0.0,0.0
1,1,0.37110937,0.47433317,0.072503015,0.0,0.0,0.082054466,0.0,0.0,0.0,0.0,0.0,0.0
1,1,0.37110937,0.47433317,0.072503015,0.0,0.0,0.082054466,0.0,0.0,0.0,0.0,0.0,0.0
1,1,0.37110937,0.47433317,0.072503015,0.0,0.0,0.082054466,0.0,0.0,0.0,0.0,0.0,0.0
1,1,0.37110937,0.47433317,0.072503015,0.0,0.0,0.082054466,0.0,0.0,0.0,0.0,0.0,0.0
1,1,0.37110937,0.47433317,0.072503015,0.0,0.0,0.082054466,0.0,0.0,0.0,0.0,0.0,0.0
1,1,0.37110937,0.47433317,0.072503015,0.0,0.0,0.082054466,0.0,0.0,0.0,0.0,0.0,0.0
1,1,0.37110937,0.47433317,0.072503015,0.0,0.0,0.082054466,0.0,0.0,0.0,0.0,0.0,0.0
1,1,0.37110937,0.47433317,0.072503015,0.0,0.0,0.082054466,0.0,0.0,0.0,0.0,0.0,0.0
1,1,0.37110937,0.47433317,0.072503015,0.0,0.0,0.082054466,0.0,0.0,0.0,0.0,0.0,0.0
1,1,0.37110937,0.47433317,0.072503015,0.0,0.0,0.082054466,0.0,0.0,0.0,0.0,0.0,0.0
1,1,0.37110937,0.47433317,0.072503015,0.0,0.0,0.082054466,0.0,0.0,0.0,0.0,0.0,0.0
1,1,0.37110937,0.47433317,0.072503015,0.0,0.0,0.082054466,0.0,0.0,0.0,0.0,0.0,0.0
1,1,0.37110937,0.47433317,0.072503015,0.0,0.0,0.082054466,0.0,0.0,0.0,0.0,0.0,0.0
1,1,0.37110937,0.47433317,0.072503015,0.0,0.0,0.082054466,0.0,0.0,0.0,0.0,0.0,0.0
1,1,0.37110937,0.47433317,0.072503015,0.0,0.0,0.082054466,0.0,0.0,0.0,0.0,0.0,0.0
1,1,0.37110937,0.47433317,0.072503015,0.0,0.0,0.082054466,0.0,0.0,0.0,0.0,0.0,0.0
1,1,0.37110937,0.47433317,0.072503015,0.0,0.0,0.082054466,0.0,0.0,0.0,0.0,0.0,0.0
1,1,0.37110937,0.52294743,0.07250301,0.0,0.0,0.03344024,0.0,0.0,0.0,0.0,0.0,0.0
1,1,0.37110937,0.52294743,0.07250301,0.0,0.0,0.03344024,0.0,0.0,0.0,0.0,0.0,0.0
1,1,0.37110937,0.52294743,0.07250301,0.0,0.0,0.03344024,0.0,0.0,0.0,0.0,0.0,0.0
1,1,0.37110937,0.52294743,0.07250301,0.0,0.0,0.03344024,0.0,0.0,0.0,0.0,0.0,0.0
1,1,0.37110937,0.52294743,0.07250301,0.0,0.0,0.03344024,0.0,0.0,0.0,0.0,0.0,0.0
1,1,0.37110937,0.52294743,0.07250301,0.0,0.0,0.03344024,0.0,0.0,0.0,0.0,0.0,0.0
1,1,0.37110937,0.52294743,0.07250301,0.0,0.0,0.03344024,0.0,0.0,0.0,0.0,0.0,0.0
1,1,0.37110937,0.52294743,0.07250301,0.0,0.0,0.03344024,0.0,0.0,0.0,0.0,0.0,0.0
1,1,0.37110937,0.52294743,0.07250301,0.0,0.0,0.03344024,0.0,0.0,0.0,0.0,0.0,0.0
1,1,0.37110937,0.52294743,0.07250301,0.0,0.0,0.03344024,0.0,0.0,0.0,0.0,0.0,0.0
1,1,0.37110937,0.52294743,0.07250301,0.0,0.0,0.03344024,0.0,0.0,0.0,0.0,0.0,0.0
1,1,0.37110937,0.52294743,0.07250301,0.0,0.0,0.03344024,0.0,0.0,0.0,0.0,0.0,0.0
1,1,0.37110937,0.52294743,0.07250301,0.0,0.0,0.03344024,0.0,0.0,0.0,0.0,0.0,0.0
1,1,0.37110937,0.52294743,0.07250301,0.0,0.0,0.03344024,0.0,0.0,0.0,0.0,0.0,0.0
1,1,0.37110937,0.52294743,0.07250301,0.0,0.0,0.03344024,0.0,0.0,0.0,0.0,0.0,0.0
1,1,0.37110937,0.52294743,0.07250301,0.0,0.0,0.03344024,0.0,0.0,0.0,0.0,0.0,0.0
1,1,0.37110937,0.52294743,0.07250301,0.0,0.0,0.03344024,0.0,0.0,0.0,0.0,0.0,0.0
1,1,0.37110937,0.52294743,0.07250301,0.0,0.0,0.03344024,0.0,0.0,0.0,0.0,0.0,0.0
1,1,0.37110937,0.52294743,0.07250301,0.0,0.0,0.03344024,0.0,0.0,0.0,0.0,0.0,0.0
1,1,0.37110937,0.52294743,0.07250301,0.0,0.0,0.03344024,0.0,0.0,0.0,0.0,0.0,0.0
1,1,0.37110937,0.52294743,0.07250301,0.0,0.0,0.03344024,0.0,0.0,0.0,0.0,0.0,0.0
1,1,0.37110937,0.52294743,0.07250301,0.0,0.0,0.03344024,0.0,0.0,0.0,0.0,0.0,0.0
1,1,0.37110937,0.52294743,0.07250301,0.0,0.0,0.03344024,0.0,0.0,0.0,0.0,0.0,0.0
1,1,0.37110937,0.52294743,0.07250301,0.0,0.0,0.03344024,0.0,0.0,0.0,0.0,0.0,0.0
1,1,0.37110937,0.52294743,0.07250301,0.0,0.0,0.03344024,0.0,0.0,0.0,0.0,0.0,0.0
1,1,0.37110937,0.52294743,0.07250301,0.0,0.0,0.03344024,0.0,0.0,0.0,0.0,0.0,0.0
1,1,0.37110937,0.52294743,0.07250301,0.0,0.0,0.03344024,0.0,0.0,0.0,0.0,0.0,0.0
1,1,0.37110937,0.52294743,0.07250301,0.0,0.0,0.03344024,0.0,0.0,0.0,0.0,0.0,0.0
1,1,0.37110937,0.52294743,0.07250301,0.0,0.0,0.03344024,0.0,0.0,0.0,0.0,0.0,0.0
1,1,0.37110937,0.52294743,0.07250301,0.0,0.0,0.03344024,0.0,0.0,0.0,0.0,0.0,0.0
1,1,0.37110937,0.52294743,0.07250301,0.0,0.0,0.03344024,0.0,0.0,0.0,0.0,0.0,0.0
1,1,0.37110937,0.52294743,0.07250301,0.0,0.0,0.03344024,0.0,0.0,0.0,0.0,0.0,0.0
1,1,0.37110937,0.52294743,0.07250301,0.0,0.0,0.03344024,0.0,0.0,0.0,0.0,0.0,0.0
1,1,0.37110937,0.52294743,0.07250301,0.0,0.0,0.03344024,0.0,0.0,0.0,0.0,0.0,0.0
1,1,0.37110937,0.52294743,0.07250301,0.0,0.0,0.03344024,0.0,0.0,0.0,0.0,0.0,0.0
1,1,0.37110937,0.52294743,0.07250301,0.0,0.0,0.03344024,0.0,0.0,0.0,0.0,0.0,0.0
1,1,0.37110937,0.52294743,0.07250301,0.0,0.0,0.03344024,0.0,0.0,0.0,0.0,0.0,0.0
1,1,0.37110937,0.52294743,0.07250301,0.0,0.0,0.03344024,0.0,0.0,0.0,0.0,0.0,0.0
1,1,0.37110937,0.52294743,0.07250301,0.0,0.0,0.03344024,0.0,0.0,0.0,0.0,0.0,0.0
1,1,0.37110937,0.52294743,0.07250301,0.0,0.0,0.03344024,0.0,0.0,0.0,0.0,0.0,0.0
1,1,0.37110937,0.52294743,0.07250301,0.0,0.0,0.03344024,0.0,0.0,0.0,0.0,0.0,0.0
1,1,0.37110937,0.52294743,0.07250301,0.0,0.0,0.03344024,0.0,0.0,0.0,0.0,0.0,0.0
1,1,0.37110937,0.52294743,0.07250301,0.0,0.0,0.03344024,0.0,0.0,0.0,0.0,0.0,0.0
1,1,0.37110937,0.52294743,0.07250301,0.0,0.0,0.03344024,0.0,0.0,0.0,0.0,0.0,0.0
1,1,0.37110937,0.52294743,0.07250301,0.0,0.0,0.03344024,0.0,0.0,0.0,0.0,0.0,0.0
1,1,0.37110937,0.52294743,0.07250301,0.0,0.0,0.03344024,0.0,0.0,0.0,0.0,0.0,0.0
1,1,0.37110937,0.52294743,0.07250301,0.0,0.0,0.03344024,0.0,0.0,0.0,0.0,0.0,0.0
1,1,0.37110937,0.52294743,0.07250301,0.0,0.0,0.03344024,0.0,0.0,0.0,0.0,0.0,0.0
1,1,0.37110937,0.52294743,0.07250301,0.0,0.0,0.03344024,0.0,0.0,0.0,0.0,0.0,0.0
1,1,0.37110937,0.52294743,0.07250301,0.0,0.0,0.03344024,0.0,0.0,0.0,0.0,0.0,0.0
1,1,0.37110937,0.52294743,0.07250301,0.0,0.0,0.03344024,0.0,0.0,0.0,0.0,0.0,0.0
1,1,0.37110937,0.52294743,0.07250301,0.0,0.0,0.03344024,0.0,0.0,0.0,0.0,0.0,0.0
1,1,0.37110937,0.52294743,0.07250301,0.0,0.0,0.03344024,0.0,0.0,0.0,0.0,0.0,0.0
1,1,0.37110937,0.52294743,0.07250301,0.0,0.0,0.03344024,0.0,0.0,0.0,0.0,0.0,0.0
1,1,0.37110937,0.52294743,0.07250301,0.0,0.0,0.03344024,0.0,0.0,0.0,0.0,0.0,0.0
1,1,0.37110937,0.52294743,0.07250301,0.0,0.0,0.03344024,0.0,0.0,0.0,0.0,0.0,0.0
1,1,0.4057444,0.494147,0.06851003,0.0,0.0,0.03159857,0.0,0.0,0.0,0.0,0.0,0.0
1,1,0.4057444,0.494147,0.06851003,0.0,0.0,0.03159857,0.0,0.0,0.0,0.0,0.0,0.0
1,1,0.4057444,0.494147,0.06851003,0.0,0.0,0.03159857,0.0,0.0,0.0,0.0,0.0,0.0
1,1,0.4057444,0.494147,0.06851003,0.0,0.0,0.03159857,0.0,0.0,0.0,0.0,0.0,0.0
1,1,0.4057444,0.494147,0.06851003,0.0,0.0,0.03159857,0.0,0.0,0.0,0.0,0.0,0.0
1,1,0.4057444,0.494147,0.06851003,0.0,0.0,0.03159857,0.0,0.0,0.0,0.0,0.0,0.0
1,1,0.4057444,0.494147,0.06851003,0.0,0.0,0.03159857,0.0,0.0,0.0,0.0,0.0,0.0
1,1,0.4057444,0.494147,0.06851003,0.0,0.0,0.03159857,0.0,0.0,0.0,0.0,0.0,0.0
1,1,0.43620953,0.46368188,0.06851003,0.0,0.0,0.03159857,0.0,0.0,0.0,0.0,0.0,0.0
1,1,0.43620953,0.46368188,0.06851003,0.0,0.0,0.03159857,0.0,0.0,0.0,0.0,0.0,0.0
1,1,0.43620953,0.46368188,0.06851003,0.0,0.0,0.03159857,0.0,0.0,0.0,0.0,0.0,0.0
1,1,0.43620953,0.46368188,0.06851003,0.0,0.0,0.03159857,0.0,0.0,0.0,0.0,0.0,0.0
1,1,0.43620953,0.46368188,0.06851003,0.0,0.0,0.03159857,0.0,0.0,0.0,0.0,0.0,0.0
1,1,0.43620953,0.46368188,0.06851003,0.0,0.0,0.03159857,0.0,0.0,0.0,0.0,0.0,0.0
1,0,0.48390535,0.4244551,0.06271419,0.0,0.0,0.028925383,0.0,0.0,0.0,0.0,0.0,0.0
1,0,0.48390535,0.4244551,0.06271419,0.0,0.0,0.028925383,0.0,0.0,0.0,0.0,0.0,0.0
1,0,0.48390535,0.4244551,0.06271419,0.0,0.0,0.028925383,0.0,0.0,0.0,0.0,0.0,0.0
1,0,0.48390535,0.4244551,0.06271419,0.0,0.0,0.028925383,0.0,0.0,0.0,0.0,0.0,0.0
1,0,0.48390535,0.4244551,0.06271419,0.0,0.0,0.028925383,0.0,0.0,0.0,0.0,0.0,0.0
1,0,0.48390535,0.4244551,0.06271419,0.0,0.0,0.028925383,0.0,0.0,0.0,0.0,0.0,0.0
1,0,0.48390535,0.4244551,0.06271419,0.0,0.0,0.028925383,0.0,0.0,0.0,0.0,0.0,0.0
1,0,0.48390535,0.4244551,0.06271419,0.0,0.0,0.028925383,0.0,0.0,0.0,0.0,0.0,0.0
1,0,0.48390535,0.4244551,0.06271419,0.0,0.0,0.028925383,0.0,0.0,0.0,0.0,0.0,0.0
1,0,0.48390535,0.4244551,0.06271419,0.0,0.0,0.028925383,0.0,0.0,0.0,0.0,0.0,0.0
1,0,0.48390535,0.4244551,0.06271419,0.0,0.0,0.028925383,0.0,0.0,0.0,0.0,0.0,0.0
1,0,0.48390535,0.4244551,0.06271419,0.0,0.0,0.028925383,0.0,0.0,0.0,0.0,0.0,0.0
1,0,0.48390535,0.4244551,0.06271419,0.0,0.0,0.028925383,0.0,0.0,0.0,0.0,0.0,0.0
1,0,0.48390535,0.4244551,0.06271419,0.0,0.0,0.028925383,0.0,0.0,0.0,0.0,0.0,0.0
1,0,0.48390535,0.4244551,0.06271419,0.0,0.0,0.028925383,0.0,0.0,0.0,0.0,0.0,0.0
1,0,0.48390535,0.4244551,0.06271419,0.0,0.0,0.028925383,0.0,0.0,0.0,0.0,0.0,0.0
1,0,0.48390535,0.4244551,0.06271419,0.0,0.0,0.028925383,0.0,0.0,0.0,0.0,0.0,0.0
1,0,0.48390535,0.4244551,0.06271419,0.0,0.0,0.028925383,0.0,0.0,0.0,0.0,0.0,0.0
1,0,0.48390535,0.4244551,0.06271419,0.0,0.0,0.028925383,0.0,0.0,0.0,0.0,0.0,0.0
1,0,0.48390535,0.4244551,0.06271419,0.0,0.0,0.028925383,0.0,0.0,0.0,0.0,0.0,0.0
1,0,0.48390535,0.4244551,0.06271419,0.0,0.0,0.028925383,0.0,0.0,0.0,0.0,0.0,0.0
1,0,0.48390535,0.4244551,0.06271419,0.0,0.0,0.028925383,0.0,0.0,0.0,0.0,0.0,0.0
1,0,0.48390535,0.4244551,0.06271419,0.0,0.0,0.028925383,0.0,0.0,0.0,0.0,0.0,0.0
1,0,0.48390535,0.4244551,0.06271419,0.0,0.0,0.028925383,0.0,0.0,0.0,0.0,0.0,0.0
1,0,0.48390535,0.4244551,0.06271419,0.0,0.0,0.028925383,0.0,0.0,0.0,0.0,0.0,0.0
1,0,0.48390535,0.4244551,0.06271419,0.0,0.0,0.028925383,0.0,0.0,0.0,0.0,0.0,0.0
1,0,0.48390535,0.45338047,0.06271419,0.0,0.0,0.0,0.0,0.0,0.0,0.0,0.0,0.0
1,0,0.48390535,0.45338047,0.06271419,0.0,0.0,0.0,0.0,0.0,0.0,0.0,0.0,0.0
1,0,0.48390535,0.45338047,0.06271419,0.0,0.0,0.0,0.0,0.0,0.0,0.0,0.0,0.0
1,0,0.48390535,0.45338047,0.06271419,0.0,0.0,0.0,0.0,0.0,0.0,0.0,0.0,0.0
1,0,0.48390535,0.45338047,0.06271419,0.0,0.0,0.0,0.0,0.0,0.0,0.0,0.0,0.0
1,0,0.48390535,0.45338047,0.06271419,0.0,0.0,0.0,0.0,0.0,0.0,0.0,0.0,0.0
1,0,0.48390535,0.45338047,0.06271419,0.0,0.0,0.0,0.0,0.0,0.0,0.0,0.0,0.0
1,0,0.48390535,0.45338047,0.06271419,0.0,0.0,0.0,0.0,0.0,0.0,0.0,0.0,0.0
1,0,0.48390535,0.45338047,0.06271419,0.0,0.0,0.0,0.0,0.0,0.0,0.0,0.0,0.0
1,0,0.48390535,0.45338047,0.06271419,0.0,0.0,0.0,0.0,0.0,0.0,0.0,0.0,0.0
1,0,0.48390535,0.45338047,0.06271419,0.0,0.0,0.0,0.0,0.0,0.0,0.0,0.0,0.0
1,0,0.48390535,0.45338047,0.06271419,0.0,0.0,0.0,0.0,0.0,0.0,0.0,0.0,0.0
1,0,0.48390535,0.45338047,0.06271419,0.0,0.0,0.0,0.0,0.0,0.0,0.0,0.0,0.0
1,0,0.48390535,0.45338047,0.06271419,0.0,0.0,0.0,0.0,0.0,0.0,0.0,0.0,0.0
1,0,0.48390535,0.45338047,0.06271419,0.0,0.0,0.0,0.0,0.0,0.0,0.0,0.0,0.0
1,0,0.48390535,0.45338047,0.06271419,0.0,0.0,0.0,0.0,0.0,0.0,0.0,0.0,0.0
1,0,0.52595603,0.4113298,0.06271419,0.0,0.0,0.0,0.0,0.0,0.0,0.0,0.0,0.0
1,0,0.52595603,0.4113298,0.06271419,0.0,0.0,0.0,0.0,0.0,0.0,0.0,0.0,0.0
1,0,0.52595603,0.4113298,0.06271419,0.0,0.0,0.0,0.0,0.0,0.0,0.0,0.0,0.0
1,0,0.52595603,0.4113298,0.06271419,0.0,0.0,0.0,0.0,0.0,0.0,0.0,0.0,0.0
1,0,0.52595603,0.4113298,0.06271419,0.0,0.0,0.0,0.0,0.0,0.0,0.0,0.0,0.0
1,0,0.52595603,0.4113298,0.06271419,0.0,0.0,0.0,0.0,0.0,0.0,0.0,0.0,0.0
1,0,0.52595603,0.4113298,0.06271419,0.0,0.0,0.0,0.0,0.0,0.0,0.0,0.0,0.0
1,0,0.52595603,0.4113298,0.06271419,0.0,0.0,0.0,0.0,0.0,0.0,0.0,0.0,0.0
1,0,0.52595603,0.4113298,0.06271419,0.0,0.0,0.0,0.0,0.0,0.0,0.0,0.0,0.0
1,0,0.52595603,0.4113298,0.06271419,0.0,0.0,0.0,0.0,0.0,0.0,0.0,0.0,0.0
1,0,0.52595603,0.4113298,0.06271419,0.0,0.0,0.0,0.0,0.0,0.0,0.0,0.0,0.0
1,0,0.52595603,0.4113298,0.06271419,0.0,0.0,0.0,0.0,0.0,0.0,0.0,0.0,0.0
1,0,0.52595603,0.4113298,0.06271419,0.0,0.0,0.0,0.0,0.0,0.0,0.0,0.0,0.0
1,0,0.52595603,0.4113298,0.06271419,0.0,0.0,0.0,0.0,0.0,0.0,0.0,0.0,0.0
1,0,0.52595603,0.4113298,0.06271419,0.0,0.0,0.0,0.0,0.0,0.0,0.0,0.0,0.0
1,0,0.52595603,0.4113298,0.06271419,0.0,0.0,0.0,0.0,0.0,0.0,0.0,0.0,0.0
1,0,0.52595603,0.4113298,0.06271419,0.0,0.0,0.0,0.0,0.0,0.0,0.0,0.0,0.0
1,0,0.52595603,0.4113298,0.06271419,0.0,0.0,0.0,0.0,0.0,0.0,0.0,0.0,0.0
1,0,0.52595603,0.4113298,0.06271419,0.0,0.0,0.0,0.0,0.0,0.0,0.0,0.0,0.0
1,0,0.52595603,0.4113298,0.06271419,0.0,0.0,0.0,0.0,0.0,0.0,0.0,0.0,0.0
1,0,0.52595603,0.4113298,0.06271419,0.0,0.0,0.0,0.0,0.0,0.0,0.0,0.0,0.0
1,0,0.52595603,0.4113298,0.06271419,0.0,0.0,0.0,0.0,0.0,0.0,0.0,0.0,0.0
1,0,0.52595603,0.4113298,0.06271419,0.0,0.0,0.0,0.0,0.0,0.0,0.0,0.0,0.0
1,0,0.52595603,0.4113298,0.06271419,0.0,0.0,0.0,0.0,0.0,0.0,0.0,0.0,0.0
1,0,0.52595603,0.4113298,0.06271419,0.0,0.0,0.0,0.0,0.0,0.0,0.0,0.0,0.0
1,0,0.52595603,0.4113298,0.06271419,0.0,0.0,0.0,0.0,0.0,0.0,0.0,0.0,0.0
1,0,0.52595603,0.4113298,0.06271419,0.0,0.0,0.0,0.0,0.0,0.0,0.0,0.0,0.0
1,0,0.52595603,0.4113298,0.06271419,0.0,0.0,0.0,0.0,0.0,0.0,0.0,0.0,0.0
1,0,0.52595603,0.4113298,0.06271419,0.0,0.0,0.0,0.0,0.0,0.0,0.0,0.0,0.0
1,0,0.52595603,0.4113298,0.06271419,0.0,0.0,0.0,0.0,0.0,0.0,0.0,0.0,0.0
1,0,0.52595603,0.4113298,0.06271419,0.0,0.0,0.0,0.0,0.0,0.0,0.0,0.0,0.0
1,0,0.52595603,0.4113298,0.06271419,0.0,0.0,0.0,0.0,0.0,0.0,0.0,0.0,0.0
1,0,0.52595603,0.4113298,0.06271419,0.0,0.0,0.0,0.0,0.0,0.0,0.0,0.0,0.0
1,0,0.52595603,0.4113298,0.06271419,0.0,0.0,0.0,0.0,0.0,0.0,0.0,0.0,0.0
1,0,0.52595603,0.4113298,0.06271419,0.0,0.0,0.0,0.0,0.0,0.0,0.0,0.0,0.0
1,0,0.52595603,0.4113298,0.06271419,0.0,0.0,0.0,0.0,0.0,0.0,0.0,0.0,0.0
1,0,0.52595603,0.4113298,0.06271419,0.0,0.0,0.0,0.0,0.0,0.0,0.0,0.0,0.0
1,0,0.52595603,0.4113298,0.06271419,0.0,0.0,0.0,0.0,0.0,0.0,0.0,0.0,0.0
1,0,0.52595603,0.4113298,0.06271419,0.0,0.0,0.0,0.0,0.0,0.0,0.0,0.0,0.0
1,0,0.52595603,0.4113298,0.06271419,0.0,0.0,0.0,0.0,0.0,0.0,0.0,0.0,0.0
1,1,0.4159479,0.5213379,0.06271419,0.0,0.0,0.0,0.0,0.0,0.0,0.0,0.0,0.0
1,1,0.4159479,0.5213379,0.06271419,0.0,0.0,0.0,0.0,0.0,0.0,0.0,0.0,0.0
1,1,0.4159479,0.5213379,0.06271419,0.0,0.0,0.0,0.0,0.0,0.0,0.0,0.0,0.0
1,1,0.4159479,0.5213379,0.06271419,0.0,0.0,0.0,0.0,0.0,0.0,0.0,0.0,0.0
1,1,0.4159479,0.5213379,0.06271419,0.0,0.0,0.0,0.0,0.0,0.0,0.0,0.0,0.0
1,1,0.4159479,0.5213379,0.06271419,0.0,0.0,0.0,0.0,0.0,0.0,0.0,0.0,0.0
1,1,0.4159479,0.5213379,0.06271419,0.0,0.0,0.0,0.0,0.0,0.0,0.0,0.0,0.0
1,1,0.4159479,0.5213379,0.06271419,0.0,0.0,0.0,0.0,0.0,0.0,0.0,0.0,0.0
1,1,0.27123284,0.666053,0.06271419,0.0,0.0,0.0,0.0,0.0,0.0,0.0,0.0,0.0
1,1,0.27123284,0.666053,0.06271419,0.0,0.0,0.0,0.0,0.0,0.0,0.0,0.0,0.0
1,1,0.27123284,0.666053,0.06271419,0.0,0.0,0.0,0.0,0.0,0.0,0.0,0.0,0.0
1,1,0.27123284,0.666053,0.06271419,0.0,0.0,0.0,0.0,0.0,0.0,0.0,0.0,0.0
1,1,0.27123284,0.666053,0.06271419,0.0,0.0,0.0,0.0,0.0,0.0,0.0,0.0,0.0
1,1,0.27123284,0.666053,0.06271419,0.0,0.0,0.0,0.0,0.0,0.0,0.0,0.0,0.0
1,1,0.27123284,0.666053,0.06271419,0.0,0.0,0.0,0.0,0.0,0.0,0.0,0.0,0.0
1,1,0.27123284,0.666053,0.06271419,0.0,0.0,0.0,0.0,0.0,0.0,0.0,0.0,0.0
1,1,0.27123284,0.666053,0.06271419,0.0,0.0,0.0,0.0,0.0,0.0,0.0,0.0,0.0
1,1,0.27123284,0.666053,0.06271419,0.0,0.0,0.0,0.0,0.0,0.0,0.0,0.0,0.0
1,1,0.27123284,0.666053,0.06271419,0.0,0.0,0.0,0.0,0.0,0.0,0.0,0.0,0.0
1,1,0.27123284,0.666053,0.06271419,0.0,0.0,0.0,0.0,0.0,0.0,0.0,0.0,0.0
1,1,0.27123284,0.666053,0.06271419,0.0,0.0,0.0,0.0,0.0,0.0,0.0,0.0,0.0
1,1,0.27123284,0.666053,0.06271419,0.0,0.0,0.0,0.0,0.0,0.0,0.0,0.0,0.0
1,1,0.27123284,0.666053,0.06271419,0.0,0.0,0.0,0.0,0.0,0.0,0.0,0.0,0.0
1,1,0.27123284,0.666053,0.06271419,0.0,0.0,0.0,0.0,0.0,0.0,0.0,0.0,0.0
1,1,0.27123284,0.666053,0.06271419,0.0,0.0,0.0,0.0,0.0,0.0,0.0,0.0,0.0
1,1,0.27123284,0.666053,0.06271419,0.0,0.0,0.0,0.0,0.0,0.0,0.0,0.0,0.0
1,1,0.27123284,0.666053,0.06271419,0.0,0.0,0.0,0.0,0.0,0.0,0.0,0.0,0.0
1,1,0.27123284,0.666053,0.06271419,0.0,0.0,0.0,0.0,0.0,0.0,0.0,0.0,0.0
1,1,0.27123284,0.666053,0.06271419,0.0,0.0,0.0,0.0,0.0,0.0,0.0,0.0,0.0
1,1,0.27123284,0.666053,0.06271419,0.0,0.0,0.0,0.0,0.0,0.0,0.0,0.0,0.0
1,1,0.27123284,0.666053,0.06271419,0.0,0.0,0.0,0.0,0.0,0.0,0.0,0.0,0.0
1,1,0.27123284,0.666053,0.06271419,0.0,0.0,0.0,0.0,0.0,0.0,0.0,0.0,0.0
1,1,0.27123284,0.666053,0.06271419,0.0,0.0,0.0,0.0,0.0,0.0,0.0,0.0,0.0
1,1,0.27123284,0.666053,0.06271419,0.0,0.0,0.0,0.0,0.0,0.0,0.0,0.0,0.0
1,1,0.27123284,0.666053,0.06271419,0.0,0.0,0.0,0.0,0.0,0.0,0.0,0.0,0.0
1,1,0.27123284,0.666053,0.06271419,0.0,0.0,0.0,0.0,0.0,0.0,0.0,0.0,0.0
1,1,0.27123284,0.666053,0.06271419,0.0,0.0,0.0,0.0,0.0,0.0,0.0,0.0,0.0
1,1,0.27123284,0.666053,0.06271419,0.0,0.0,0.0,0.0,0.0,0.0,0.0,0.0,0.0
1,1,0.27123284,0.666053,0.06271419,0.0,0.0,0.0,0.0,0.0,0.0,0.0,0.0,0.0
1,1,0.27123284,0.666053,0.06271419,0.0,0.0,0.0,0.0,0.0,0.0,0.0,0.0,0.0
1,1,0.24334502,0.6939408,0.06271419,0.0,0.0,0.0,0.0,0.0,0.0,0.0,0.0,0.0
1,1,0.24334502,0.6939408,0.06271419,0.0,0.0,0.0,0.0,0.0,0.0,0.0,0.0,0.0
1,1,0.24334502,0.6939408,0.06271419,0.0,0.0,0.0,0.0,0.0,0.0,0.0,0.0,0.0
1,1,0.24334502,0.6939408,0.06271419,0.0,0.0,0.0,0.0,0.0,0.0,0.0,0.0,0.0
1,1,0.24334502,0.6939408,0.06271419,0.0,0.0,0.0,0.0,0.0,0.0,0.0,0.0,0.0
1,1,0.24334502,0.6939408,0.06271419,0.0,0.0,0.0,0.0,0.0,0.0,0.0,0.0,0.0
1,1,0.24334502,0.6939408,0.06271419,0.0,0.0,0.0,0.0,0.0,0.0,0.0,0.0,0.0
1,1,0.24334502,0.6939408,0.06271419,0.0,0.0,0.0,0.0,0.0,0.0,0.0,0.0,0.0
1,1,0.24334502,0.6939408,0.06271419,0.0,0.0,0.0,0.0,0.0,0.0,0.0,0.0,0.0
1,1,0.24334502,0.6939408,0.06271419,0.0,0.0,0.0,0.0,0.0,0.0,0.0,0.0,0.0
1,1,0.24334502,0.6939408,0.06271419,0.0,0.0,0.0,0.0,0.0,0.0,0.0,0.0,0.0
1,1,0.24334502,0.6939408,0.06271419,0.0,0.0,0.0,0.0,0.0,0.0,0.0,0.0,0.0
1,1,0.24334502,0.6939408,0.06271419,0.0,0.0,0.0,0.0,0.0,0.0,0.0,0.0,0.0
1,1,0.24334502,0.6939408,0.06271419,0.0,0.0,0.0,0.0,0.0,0.0,0.0,0.0,0.0
1,1,0.24334502,0.6939408,0.06271419,0.0,0.0,0.0,0.0,0.0,0.0,0.0,0.0,0.0
1,1,0.24334502,0.6939408,0.06271419,0.0,0.0,0.0,0.0,0.0,0.0,0.0,0.0,0.0
1,1,0.28062543,0.6460783,0.059624262,0.013672048,0.0,0.0,0.0,0.0,0.0,0.0,0.0,0.0
1,1,0.28062543,0.6460783,0.059624262,0.013672048,0.0,0.0,0.0,0.0,0.0,0.0,0.0,0.0
1,1,0.28062543,0.6460783,0.059624262,0.013672048,0.0,0.0,0.0,0.0,0.0,0.0,0.0,0.0
1,1,0.28062543,0.6460783,0.059624262,0.013672048,0.0,0.0,0.0,0.0,0.0,0.0,0.0,0.0
1,1,0.28062543,0.6460783,0.059624262,0.013672048,0.0,0.0,0.0,0.0,0.0,0.0,0.0,0.0
1,1,0.28062543,0.6460783,0.059624262,0.013672048,0.0,0.0,0.0,0.0,0.0,0.0,0.0,0.0
1,1,0.28062543,0.6460783,0.059624262,0.013672048,0.0,0.0,0.0,0.0,0.0,0.0,0.0,0.0
1,1,0.28062543,0.6460783,0.059624262,0.013672048,0.0,0.0,0.0,0.0,0.0,0.0,0.0,0.0
1,1,0.28062543,0.6460783,0.059624262,0.013672048,0.0,0.0,0.0,0.0,0.0,0.0,0.0,0.0
1,1,0.28062543,0.6460783,0.059624262,0.013672048,0.0,0.0,0.0,0.0,0.0,0.0,0.0,0.0
1,1,0.28062543,0.6460783,0.059624262,0.013672048,0.0,0.0,0.0,0.0,0.0,0.0,0.0,0.0
1,1,0.28062543,0.6460783,0.059624262,0.013672048,0.0,0.0,0.0,0.0,0.0,0.0,0.0,0.0
1,1,0.28062543,0.6460783,0.059624262,0.013672048,0.0,0.0,0.0,0.0,0.0,0.0,0.0,0.0
1,1,0.28062543,0.6460783,0.059624262,0.013672048,0.0,0.0,0.0,0.0,0.0,0.0,0.0,0.0
1,1,0.28062543,0.6460783,0.059624262,0.013672048,0.0,0.0,0.0,0.0,0.0,0.0,0.0,0.0
1,1,0.28062543,0.6460783,0.059624262,0.013672048,0.0,0.0,0.0,0.0,0.0,0.0,0.0,0.0
1,1,0.28062543,0.6460783,0.059624262,0.013672048,0.0,0.0,0.0,0.0,0.0,0.0,0.0,0.0
1,1,0.28062543,0.6460783,0.059624262,0.013672048,0.0,0.0,0.0,0.0,0.0,0.0,0.0,0.0
1,1,0.28062543,0.6460783,0.059624262,0.013672048,0.0,0.0,0.0,0.0,0.0,0.0,0.0,0.0
1,1,0.28062543,0.6460783,0.059624262,0.013672048,0.0,0.0,0.0,0.0,0.0,0.0,0.0,0.0
1,1,0.28062543,0.6460783,0.059624262,0.013672048,0.0,0.0,0.0,0.0,0.0,0.0,0.0,0.0
1,1,0.28062543,0.6460783,0.059624262,0.013672048,0.0,0.0,0.0,0.0,0.0,0.0,0.0,0.0
1,1,0.28062543,0.6460783,0.059624262,0.013672048,0.0,0.0,0.0,0.0,0.0,0.0,0.0,0.0
1,1,0.28062543,0.6460783,0.059624262,0.013672048,0.0,0.0,0.0,0.0,0.0,0.0,0.0,0.0
1,1,0.28062543,0.6460783,0.059624262,0.013672048,0.0,0.0,0.0,0.0,0.0,0.0,0.0,0.0
1,1,0.28062543,0.6460783,0.059624262,0.013672048,0.0,0.0,0.0,0.0,0.0,0.0,0.0,0.0
1,1,0.28062543,0.6460783,0.059624262,0.013672048,0.0,0.0,0.0,0.0,0.0,0.0,0.0,0.0
1,1,0.28062543,0.6460783,0.059624262,0.013672048,0.0,0.0,0.0,0.0,0.0,0.0,0.0,0.0
1,1,0.28062543,0.6460783,0.059624262,0.013672048,0.0,0.0,0.0,0.0,0.0,0.0,0.0,0.0
1,1,0.28062543,0.6460783,0.059624262,0.013672048,0.0,0.0,0.0,0.0,0.0,0.0,0.0,0.0
1,1,0.28062543,0.6460783,0.059624262,0.013672048,0.0,0.0,0.0,0.0,0.0,0.0,0.0,0.0
1,1,0.28062543,0.6460783,0.059624262,0.013672048,0.0,0.0,0.0,0.0,0.0,0.0,0.0,0.0
1,1,0.21760939,0.7090943,0.059624262,0.013672048,0.0,0.0,0.0,0.0,0.0,0.0,0.0,0.0
1,1,0.21760939,0.7090943,0.059624262,0.013672048,0.0,0.0,0.0,0.0,0.0,0.0,0.0,0.0
1,1,0.2417333,0.6849704,0.059624262,0.013672048,0.0,0.0,0.0,0.0,0.0,0.0,0.0,0.0
1,1,0.2417333,0.6849704,0.059624262,0.013672048,0.0,0.0,0.0,0.0,0.0,0.0,0.0,0.0
1,1,0.2417333,0.6849704,0.059624262,0.013672048,0.0,0.0,0.0,0.0,0.0,0.0,0.0,0.0
1,1,0.2417333,0.6849704,0.059624262,0.013672048,0.0,0.0,0.0,0.0,0.0,0.0,0.0,0.0
1,1,0.2417333,0.6849704,0.059624262,0.013672048,0.0,0.0,0.0,0.0,0.0,0.0,0.0,0.0
1,1,0.2417333,0.6849704,0.059624262,0.013672048,0.0,0.0,0.0,0.0,0.0,0.0,0.0,0.0
1,1,0.2417333,0.6849704,0.059624262,0.013672048,0.0,0.0,0.0,0.0,0.0,0.0,0.0,0.0
1,1,0.2417333,0.6849704,0.059624262,0.013672048,0.0,0.0,0.0,0.0,0.0,0.0,0.0,0.0
1,1,0.2417333,0.6849704,0.059624262,0.013672048,0.0,0.0,0.0,0.0,0.0,0.0,0.0,0.0
1,1,0.2417333,0.6849704,0.059624262,0.013672048,0.0,0.0,0.0,0.0,0.0,0.0,0.0,0.0
1,1,0.19380307,0.6849704,0.059624262,0.013672048,0.0,0.047930222,0.0,0.0,0.0,0.0,0.0,0.0
1,1,0.19380307,0.6849704,0.059624262,0.013672048,0.0,0.047930222,0.0,0.0,0.0,0.0,0.0,0.0
1,1,0.19380307,0.6849704,0.059624262,0.013672048,0.0,0.047930222,0.0,0.0,0.0,0.0,0.0,0.0
1,1,0.19380307,0.6849704,0.059624262,0.013672048,0.0,0.047930222,0.0,0.0,0.0,0.0,0.0,0.0
1,1,0.19380307,0.6849704,0.059624262,0.013672048,0.0,0.047930222,0.0,0.0,0.0,0.0,0.0,0.0
1,1,0.19380307,0.6849704,0.059624262,0.013672048,0.0,0.047930222,0.0,0.0,0.0,0.0,0.0,0.0
1,1,0.19380307,0.6849704,0.059624262,0.013672048,0.0,0.047930222,0.0,0.0,0.0,0.0,0.0,0.0
1,1,0.19380307,0.6849704,0.059624262,0.013672048,0.0,0.047930222,0.0,0.0,0.0,0.0,0.0,0.0
1,1,0.19380307,0.6849704,0.059624262,0.013672048,0.0,0.047930222,0.0,0.0,0.0,0.0,0.0,0.0
1,1,0.19380307,0.6849704,0.059624262,0.013672048,0.0,0.047930222,0.0,0.0,0.0,0.0,0.0,0.0
1,1,0.19380307,0.6849704,0.059624262,0.013672048,0.0,0.047930222,0.0,0.0,0.0,0.0,0.0,0.0
1,1,0.19380307,0.6849704,0.059624262,0.013672048,0.0,0.047930222,0.0,0.0,0.0,0.0,0.0,0.0
1,1,0.19380307,0.6849704,0.059624262,0.013672048,0.0,0.047930222,0.0,0.0,0.0,0.0,0.0,0.0
1,1,0.19380307,0.6849704,0.059624262,0.013672048,0.0,0.047930222,0.0,0.0,0.0,0.0,0.0,0.0
1,1,0.19380307,0.6849704,0.059624262,0.013672048,0.0,0.047930222,0.0,0.0,0.0,0.0,0.0,0.0
1,1,0.19380307,0.6849704,0.059624262,0.013672048,0.0,0.047930222,0.0,0.0,0.0,0.0,0.0,0.0
1,1,0.19380307,0.6849704,0.059624262,0.013672048,0.0,0.047930222,0.0,0.0,0.0,0.0,0.0,0.0
1,1,0.19380307,0.6849704,0.059624262,0.013672048,0.0,0.047930222,0.0,0.0,0.0,0.0,0.0,0.0
1,1,0.19380307,0.6849704,0.059624262,0.013672048,0.0,0.047930222,0.0,0.0,0.0,0.0,0.0,0.0
1,1,0.19380307,0.6849704,0.059624262,0.013672048,0.0,0.047930222,0.0,0.0,0.0,0.0,0.0,0.0
1,1,0.19380307,0.6849704,0.059624262,0.013672048,0.0,0.047930222,0.0,0.0,0.0,0.0,0.0,0.0
1,1,0.19380307,0.6849704,0.059624262,0.013672048,0.0,0.047930222,0.0,0.0,0.0,0.0,0.0,0.0
1,1,0.19380307,0.6849704,0.059624262,0.013672048,0.0,0.047930222,0.0,0.0,0.0,0.0,0.0,0.0
1,1,0.19380307,0.6849704,0.059624262,0.013672048,0.0,0.047930222,0.0,0.0,0.0,0.0,0.0,0.0
1,1,0.19380307,0.6849704,0.059624262,0.013672048,0.0,0.047930222,0.0,0.0,0.0,0.0,0.0,0.0
1,1,0.19380307,0.6849704,0.059624262,0.013672048,0.0,0.047930222,0.0,0.0,0.0,0.0,0.0,0.0
1,1,0.19380307,0.6849704,0.059624262,0.013672048,0.0,0.047930222,0.0,0.0,0.0,0.0,0.0,0.0
1,1,0.19380307,0.6849704,0.059624262,0.013672048,0.0,0.047930222,0.0,0.0,0.0,0.0,0.0,0.0
1,1,0.19380307,0.6849704,0.059624262,0.013672048,0.0,0.047930222,0.0,0.0,0.0,0.0,0.0,0.0
1,1,0.19380307,0.6849704,0.059624262,0.013672048,0.0,0.047930222,0.0,0.0,0.0,0.0,0.0,0.0
1,1,0.19380307,0.6849704,0.059624262,0.013672048,0.0,0.047930222,0.0,0.0,0.0,0.0,0.0,0.0
1,1,0.19380307,0.6849704,0.059624262,0.013672048,0.0,0.047930222,0.0,0.0,0.0,0.0,0.0,0.0
1,1,0.19380307,0.6849704,0.059624262,0.013672048,0.0,0.047930222,0.0,0.0,0.0,0.0,0.0,0.0
1,1,0.19380307,0.6849704,0.059624262,0.013672048,0.0,0.047930222,0.0,0.0,0.0,0.0,0.0,0.0
1,1,0.19380307,0.6849704,0.059624262,0.013672048,0.0,0.047930222,0.0,0.0,0.0,0.0,0.0,0.0
1,1,0.19380307,0.6849704,0.059624262,0.013672048,0.0,0.047930222,0.0,0.0,0.0,0.0,0.0,0.0
1,1,0.19380307,0.6849704,0.059624262,0.013672048,0.0,0.047930222,0.0,0.0,0.0,0.0,0.0,0.0
1,1,0.19380307,0.6849704,0.059624262,0.013672048,0.0,0.047930222,0.0,0.0,0.0,0.0,0.0,0.0
1,1,0.19380307,0.6849704,0.059624262,0.013672048,0.0,0.047930222,0.0,0.0,0.0,0.0,0.0,0.0
1,1,0.19380307,0.6849704,0.059624262,0.013672048,0.0,0.047930222,0.0,0.0,0.0,0.0,0.0,0.0
1,1,0.19380307,0.6849704,0.059624262,0.013672048,0.0,0.047930222,0.0,0.0,0.0,0.0,0.0,0.0
1,1,0.19380307,0.6849704,0.059624262,0.013672048,0.0,0.047930222,0.0,0.0,0.0,0.0,0.0,0.0
1,1,0.19380307,0.6849704,0.059624262,0.013672048,0.0,0.047930222,0.0,0.0,0.0,0.0,0.0,0.0
1,1,0.19380307,0.6849704,0.059624262,0.013672048,0.0,0.047930222,0.0,0.0,0.0,0.0,0.0,0.0
1,1,0.19380307,0.6849704,0.059624262,0.013672048,0.0,0.047930222,0.0,0.0,0.0,0.0,0.0,0.0
1,1,0.19380307,0.6849704,0.059624262,0.013672048,0.0,0.047930222,0.0,0.0,0.0,0.0,0.0,0.0
1,1,0.19380307,0.6849704,0.059624262,0.013672048,0.0,0.047930222,0.0,0.0,0.0,0.0,0.0,0.0
1,1,0.19380307,0.6849704,0.059624262,0.013672048,0.0,0.047930222,0.0,0.0,0.0,0.0,0.0,0.0
1,1,0.19380307,0.6849704,0.059624262,0.013672048,0.0,0.047930222,0.0,0.0,0.0,0.0,0.0,0.0
1,1,0.19380307,0.6849704,0.059624262,0.013672048,0.0,0.047930222,0.0,0.0,0.0,0.0,0.0,0.0
1,1,0.19380307,0.6849704,0.059624262,0.013672048,0.0,0.047930222,0.0,0.0,0.0,0.0,0.0,0.0
1,1,0.19380307,0.6849704,0.059624262,0.013672048,0.0,0.047930222,0.0,0.0,0.0,0.0,0.0,0.0
1,1,0.19380307,0.6849704,0.059624262,0.013672048,0.0,0.047930222,0.0,0.0,0.0,0.0,0.0,0.0
1,1,0.19380307,0.6849704,0.059624262,0.013672048,0.0,0.047930222,0.0,0.0,0.0,0.0,0.0,0.0
1,1,0.19380307,0.6849704,0.059624262,0.013672048,0.0,0.047930222,0.0,0.0,0.0,0.0,0.0,0.0
1,1,0.19380307,0.6849704,0.059624262,0.013672048,0.0,0.047930222,0.0,0.0,0.0,0.0,0.0,0.0
1,1,0.19380307,0.6849704,0.059624262,0.013672048,0.0,0.047930222,0.0,0.0,0.0,0.0,0.0,0.0
1,1,0.19380307,0.6849704,0.059624262,0.013672048,0.0,0.047930222,0.0,0.0,0.0,0.0,0.0,0.0
1,1,0.19380307,0.6849704,0.059624262,0.013672048,0.0,0.047930222,0.0,0.0,0.0,0.0,0.0,0.0
1,1,0.19380307,0.6849704,0.059624262,0.013672048,0.0,0.047930222,0.0,0.0,0.0,0.0,0.0,0.0
1,1,0.19380307,0.6849704,0.059624262,0.013672048,0.0,0.047930222,0.0,0.0,0.0,0.0,0.0,0.0
1,1,0.19380307,0.6849704,0.059624262,0.013672048,0.0,0.047930222,0.0,0.0,0.0,0.0,0.0,0.0
1,1,0.19380307,0.6849704,0.059624262,0.013672048,0.0,0.047930222,0.0,0.0,0.0,0.0,0.0,0.0
1,1,0.19380307,0.6849704,0.059624262,0.013672048,0.0,0.047930222,0.0,0.0,0.0,0.0,0.0,0.0
1,1,0.19380307,0.6849704,0.059624262,0.013672048,0.0,0.047930222,0.0,0.0,0.0,0.0,0.0,0.0
1,1,0.19380307,0.6849704,0.059624262,0.013672048,0.0,0.047930222,0.0,0.0,0.0,0.0,0.0,0.0
1,1,0.19380307,0.6849704,0.059624262,0.013672048,0.0,0.047930222,0.0,0.0,0.0,0.0,0.0,0.0
1,1,0.19380307,0.6849704,0.059624262,0.013672048,0.0,0.047930222,0.0,0.0,0.0,0.0,0.0,0.0
1,1,0.19380307,0.6849704,0.059624262,0.013672048,0.0,0.047930222,0.0,0.0,0.0,0.0,0.0,0.0
1,1,0.19380307,0.6849704,0.059624262,0.013672048,0.0,0.047930222,0.0,0.0,0.0,0.0,0.0,0.0
1,1,0.19380307,0.6849704,0.059624262,0.013672048,0.0,0.047930222,0.0,0.0,0.0,0.0,0.0,0.0
1,1,0.19380307,0.6849704,0.059624262,0.013672048,0.0,0.047930222,0.0,0.0,0.0,0.0,0.0,0.0
1,1,0.19380307,0.6849704,0.059624262,0.013672048,0.0,0.047930222,0.0,0.0,0.0,0.0,0.0,0.0
1,1,0.19380307,0.6849704,0.059624262,0.013672048,0.0,0.047930222,0.0,0.0,0.0,0.0,0.0,0.0
1,1,0.19380307,0.6849704,0.059624262,0.013672048,0.0,0.047930222,0.0,0.0,0.0,0.0,0.0,0.0
1,1,0.19380307,0.6849704,0.059624262,0.013672048,0.0,0.047930222,0.0,0.0,0.0,0.0,0.0,0.0
1,1,0.19380307,0.6849704,0.059624262,0.013672048,0.0,0.047930222,0.0,0.0,0.0,0.0,0.0,0.0
1,1,0.19380307,0.6849704,0.059624262,0.013672048,0.0,0.047930222,0.0,0.0,0.0,0.0,0.0,0.0
1,1,0.19380307,0.6849704,0.059624262,0.013672048,0.0,0.047930222,0.0,0.0,0.0,0.0,0.0,0.0
1,1,0.19380307,0.6849704,0.059624262,0.013672048,0.0,0.047930222,0.0,0.0,0.0,0.0,0.0,0.0
1,1,0.19380307,0.6849704,0.059624262,0.013672048,0.0,0.047930222,0.0,0.0,0.0,0.0,0.0,0.0
1,1,0.19380307,0.6849704,0.059624262,0.013672048,0.0,0.047930222,0.0,0.0,0.0,0.0,0.0,0.0
1,1,0.19380307,0.6849704,0.059624262,0.013672048,0.0,0.047930222,0.0,0.0,0.0,0.0,0.0,0.0
1,1,0.19380307,0.6849704,0.059624262,0.013672048,0.0,0.047930222,0.0,0.0,0.0,0.0,0.0,0.0
1,1,0.15382423,0.72494924,0.059624266,0.013672049,0.0,0.047930226,0.0,0.0,0.0,0.0,0.0,0.0
1,1,0.15382423,0.72494924,0.059624266,0.013672049,0.0,0.047930226,0.0,0.0,0.0,0.0,0.0,0.0
1,1,0.15382423,0.72494924,0.059624266,0.013672049,0.0,0.047930226,0.0,0.0,0.0,0.0,0.0,0.0
1,1,0.15382423,0.72494924,0.059624266,0.013672049,0.0,0.047930226,0.0,0.0,0.0,0.0,0.0,0.0
1,1,0.15382423,0.72494924,0.059624266,0.013672049,0.0,0.047930226,0.0,0.0,0.0,0.0,0.0,0.0
1,1,0.15382423,0.72494924,0.059624266,0.013672049,0.0,0.047930226,0.0,0.0,0.0,0.0,0.0,0.0
1,1,0.15382423,0.72494924,0.059624266,0.013672049,0.0,0.047930226,0.0,0.0,0.0,0.0,0.0,0.0
1,1,0.15382423,0.72494924,0.059624266,0.013672049,0.0,0.047930226,0.0,0.0,0.0,0.0,0.0,0.0
1,1,0.15382423,0.73862135,0.059624266,0.0,0.0,0.047930226,0.0,0.0,0.0,0.0,0.0,0.0
1,1,0.15382423,0.73862135,0.059624266,0.0,0.0,0.047930226,0.0,0.0,0.0,0.0,0.0,0.0
1,1,0.15382423,0.73862135,0.059624266,0.0,0.0,0.047930226,0.0,0.0,0.0,0.0,0.0,0.0
1,1,0.15382423,0.73862135,0.059624266,0.0,0.0,0.047930226,0.0,0.0,0.0,0.0,0.0,0.0
1,1,0.15382423,0.73862135,0.059624266,0.0,0.0,0.047930226,0.0,0.0,0.0,0.0,0.0,0.0
1,1,0.15382423,0.73862135,0.059624266,0.0,0.0,0.047930226,0.0,0.0,0.0,0.0,0.0,0.0
1,1,0.15382423,0.73862135,0.059624266,0.0,0.0,0.047930226,0.0,0.0,0.0,0.0,0.0,0.0
1,1,0.15382423,0.73862135,0.059624266,0.0,0.0,0.047930226,0.0,0.0,0.0,0.0,0.0,0.0
1,1,0.15382423,0.73862135,0.059624266,0.0,0.0,0.047930226,0.0,0.0,0.0,0.0,0.0,0.0
1,1,0.15382423,0.73862135,0.059624266,0.0,0.0,0.047930226,0.0,0.0,0.0,0.0,0.0,0.0
1,1,0.15382423,0.73862135,0.059624266,0.0,0.0,0.047930226,0.0,0.0,0.0,0.0,0.0,0.0
1,1,0.15382423,0.73862135,0.059624266,0.0,0.0,0.047930226,0.0,0.0,0.0,0.0,0.0,0.0
1,1,0.15382423,0.73862135,0.059624266,0.0,0.0,0.047930226,0.0,0.0,0.0,0.0,0.0,0.0
1,1,0.15382423,0.73862135,0.059624266,0.0,0.0,0.047930226,0.0,0.0,0.0,0.0,0.0,0.0
1,1,0.15382423,0.73862135,0.059624266,0.0,0.0,0.047930226,0.0,0.0,0.0,0.0,0.0,0.0
1,1,0.15382423,0.73862135,0.059624266,0.0,0.0,0.047930226,0.0,0.0,0.0,0.0,0.0,0.0
1,1,0.15382423,0.73862135,0.059624266,0.0,0.0,0.047930226,0.0,0.0,0.0,0.0,0.0,0.0
1,1,0.15382423,0.73862135,0.059624266,0.0,0.0,0.047930226,0.0,0.0,0.0,0.0,0.0,0.0
1,1,0.15382423,0.73862135,0.059624266,0.0,0.0,0.047930226,0.0,0.0,0.0,0.0,0.0,0.0
1,1,0.15382423,0.73862135,0.059624266,0.0,0.0,0.047930226,0.0,0.0,0.0,0.0,0.0,0.0
1,1,0.15382423,0.73862135,0.059624266,0.0,0.0,0.047930226,0.0,0.0,0.0,0.0,0.0,0.0
1,1,0.15382423,0.73862135,0.059624266,0.0,0.0,0.047930226,0.0,0.0,0.0,0.0,0.0,0.0
1,1,0.15382423,0.73862135,0.059624266,0.0,0.0,0.047930226,0.0,0.0,0.0,0.0,0.0,0.0
1,1,0.15382423,0.73862135,0.059624266,0.0,0.0,0.047930226,0.0,0.0,0.0,0.0,0.0,0.0
1,1,0.15382423,0.73862135,0.059624266,0.0,0.0,0.047930226,0.0,0.0,0.0,0.0,0.0,0.0
1,1,0.15382423,0.73862135,0.059624266,0.0,0.0,0.047930226,0.0,0.0,0.0,0.0,0.0,0.0
1,1,0.15382423,0.73862135,0.059624266,0.0,0.0,0.047930226,0.0,0.0,0.0,0.0,0.0,0.0
1,1,0.15382423,0.73862135,0.059624266,0.0,0.0,0.047930226,0.0,0.0,0.0,0.0,0.0,0.0
1,1,0.15382423,0.73862135,0.059624266,0.0,0.0,0.047930226,0.0,0.0,0.0,0.0,0.0,0.0
1,1,0.15382423,0.73862135,0.059624266,0.0,0.0,0.047930226,0.0,0.0,0.0,0.0,0.0,0.0
1,1,0.15382423,0.73862135,0.059624266,0.0,0.0,0.047930226,0.0,0.0,0.0,0.0,0.0,0.0
1,1,0.15382423,0.73862135,0.059624266,0.0,0.0,0.047930226,0.0,0.0,0.0,0.0,0.0,0.0
1,1,0.15382423,0.73862135,0.059624266,0.0,0.0,0.047930226,0.0,0.0,0.0,0.0,0.0,0.0
1,1,0.15382423,0.73862135,0.059624266,0.0,0.0,0.047930226,0.0,0.0,0.0,0.0,0.0,0.0
1,1,0.15382423,0.73862135,0.059624266,0.0,0.0,0.047930226,0.0,0.0,0.0,0.0,0.0,0.0
1,1,0.15382423,0.73862135,0.059624266,0.0,0.0,0.047930226,0.0,0.0,0.0,0.0,0.0,0.0
1,1,0.15382423,0.73862135,0.059624266,0.0,0.0,0.047930226,0.0,0.0,0.0,0.0,0.0,0.0
1,1,0.15382423,0.73862135,0.059624266,0.0,0.0,0.047930226,0.0,0.0,0.0,0.0,0.0,0.0
1,1,0.15382423,0.73862135,0.059624266,0.0,0.0,0.047930226,0.0,0.0,0.0,0.0,0.0,0.0
1,1,0.15382423,0.73862135,0.059624266,0.0,0.0,0.047930226,0.0,0.0,0.0,0.0,0.0,0.0
1,1,0.18033801,0.71210754,0.059624266,0.0,0.0,0.047930226,0.0,0.0,0.0,0.0,0.0,0.0
1,1,0.18033801,0.71210754,0.059624266,0.0,0.0,0.047930226,0.0,0.0,0.0,0.0,0.0,0.0
1,1,0.18033801,0.71210754,0.059624266,0.0,0.0,0.047930226,0.0,0.0,0.0,0.0,0.0,0.0
1,1,0.18033801,0.71210754,0.059624266,0.0,0.0,0.047930226,0.0,0.0,0.0,0.0,0.0,0.0
1,1,0.18033801,0.71210754,0.059624266,0.0,0.0,0.047930226,0.0,0.0,0.0,0.0,0.0,0.0
1,1,0.18033801,0.71210754,0.059624266,0.0,0.0,0.047930226,0.0,0.0,0.0,0.0,0.0,0.0
1,1,0.18033801,0.71210754,0.059624266,0.0,0.0,0.047930226,0.0,0.0,0.0,0.0,0.0,0.0
1,1,0.18033801,0.71210754,0.059624266,0.0,0.0,0.047930226,0.0,0.0,0.0,0.0,0.0,0.0
1,1,0.18033801,0.71210754,0.059624266,0.0,0.0,0.047930226,0.0,0.0,0.0,0.0,0.0,0.0
1,1,0.18033801,0.71210754,0.059624266,0.0,0.0,0.047930226,0.0,0.0,0.0,0.0,0.0,0.0
1,1,0.18033801,0.71210754,0.059624266,0.0,0.0,0.047930226,0.0,0.0,0.0,0.0,0.0,0.0
1,1,0.18033801,0.71210754,0.059624266,0.0,0.0,0.047930226,0.0,0.0,0.0,0.0,0.0,0.0
1,1,0.18033801,0.71210754,0.059624266,0.0,0.0,0.047930226,0.0,0.0,0.0,0.0,0.0,0.0
1,1,0.18033801,0.71210754,0.059624266,0.0,0.0,0.047930226,0.0,0.0,0.0,0.0,0.0,0.0
1,1,0.18033801,0.71210754,0.059624266,0.0,0.0,0.047930226,0.0,0.0,0.0,0.0,0.0,0.0
1,1,0.18033801,0.71210754,0.059624266,0.0,0.0,0.047930226,0.0,0.0,0.0,0.0,0.0,0.0
1,1,0.18033801,0.71210754,0.059624266,0.0,0.0,0.047930226,0.0,0.0,0.0,0.0,0.0,0.0
1,1,0.18033801,0.71210754,0.059624266,0.0,0.0,0.047930226,0.0,0.0,0.0,0.0,0.0,0.0
1,1,0.18033801,0.71210754,0.059624266,0.0,0.0,0.047930226,0.0,0.0,0.0,0.0,0.0,0.0
1,1,0.18033801,0.71210754,0.059624266,0.0,0.0,0.047930226,0.0,0.0,0.0,0.0,0.0,0.0
1,1,0.18033801,0.71210754,0.059624266,0.0,0.0,0.047930226,0.0,0.0,0.0,0.0,0.0,0.0
1,1,0.18033801,0.71210754,0.059624266,0.0,0.0,0.047930226,0.0,0.0,0.0,0.0,0.0,0.0
1,1,0.18033801,0.71210754,0.059624266,0.0,0.0,0.047930226,0.0,0.0,0.0,0.0,0.0,0.0
1,1,0.18033801,0.71210754,0.059624266,0.0,0.0,0.047930226,0.0,0.0,0.0,0.0,0.0,0.0
1,1,0.18033801,0.71210754,0.059624266,0.0,0.0,0.047930226,0.0,0.0,0.0,0.0,0.0,0.0
1,1,0.18033801,0.71210754,0.059624266,0.0,0.0,0.047930226,0.0,0.0,0.0,0.0,0.0,0.0
1,1,0.18033801,0.71210754,0.059624266,0.0,0.0,0.047930226,0.0,0.0,0.0,0.0,0.0,0.0
1,1,0.18033801,0.71210754,0.059624266,0.0,0.0,0.047930226,0.0,0.0,0.0,0.0,0.0,0.0
1,1,0.18033801,0.71210754,0.059624266,0.0,0.0,0.047930226,0.0,0.0,0.0,0.0,0.0,0.0
1,1,0.18033801,0.71210754,0.059624266,0.0,0.0,0.047930226,0.0,0.0,0.0,0.0,0.0,0.0
1,1,0.18033801,0.71210754,0.059624266,0.0,0.0,0.047930226,0.0,0.0,0.0,0.0,0.0,0.0
1,1,0.18033801,0.71210754,0.059624266,0.0,0.0,0.047930226,0.0,0.0,0.0,0.0,0.0,0.0
1,1,0.18033801,0.71210754,0.059624266,0.0,0.0,0.047930226,0.0,0.0,0.0,0.0,0.0,0.0
1,1,0.18033801,0.71210754,0.059624266,0.0,0.0,0.047930226,0.0,0.0,0.0,0.0,0.0,0.0
1,1,0.18033801,0.71210754,0.059624266,0.0,0.0,0.047930226,0.0,0.0,0.0,0.0,0.0,0.0
1,1,0.18033801,0.71210754,0.059624266,0.0,0.0,0.047930226,0.0,0.0,0.0,0.0,0.0,0.0
1,1,0.18033801,0.71210754,0.059624266,0.0,0.0,0.047930226,0.0,0.0,0.0,0.0,0.0,0.0
1,1,0.18033801,0.71210754,0.059624266,0.0,0.0,0.047930226,0.0,0.0,0.0,0.0,0.0,0.0
1,1,0.18033801,0.71210754,0.059624266,0.0,0.0,0.047930226,0.0,0.0,0.0,0.0,0.0,0.0
1,1,0.18033801,0.71210754,0.059624266,0.0,0.0,0.047930226,0.0,0.0,0.0,0.0,0.0,0.0
1,1,0.18033801,0.71210754,0.059624266,0.0,0.0,0.047930226,0.0,0.0,0.0,0.0,0.0,0.0
1,1,0.18033801,0.71210754,0.059624266,0.0,0.0,0.047930226,0.0,0.0,0.0,0.0,0.0,0.0
1,1,0.18033801,0.71210754,0.059624266,0.0,0.0,0.047930226,0.0,0.0,0.0,0.0,0.0,0.0
1,1,0.18033801,0.71210754,0.059624266,0.0,0.0,0.047930226,0.0,0.0,0.0,0.0,0.0,0.0
1,1,0.18033801,0.71210754,0.059624266,0.0,0.0,0.047930226,0.0,0.0,0.0,0.0,0.0,0.0
1,1,0.18033801,0.71210754,0.059624266,0.0,0.0,0.047930226,0.0,0.0,0.0,0.0,0.0,0.0
1,1,0.18033801,0.71210754,0.059624266,0.0,0.0,0.047930226,0.0,0.0,0.0,0.0,0.0,0.0
1,1,0.18033801,0.71210754,0.059624266,0.0,0.0,0.047930226,0.0,0.0,0.0,0.0,0.0,0.0
1,1,0.18033801,0.71210754,0.059624266,0.0,0.0,0.047930226,0.0,0.0,0.0,0.0,0.0,0.0
1,1,0.18033801,0.71210754,0.059624266,0.0,0.0,0.047930226,0.0,0.0,0.0,0.0,0.0,0.0
1,1,0.18033801,0.71210754,0.059624266,0.0,0.0,0.047930226,0.0,0.0,0.0,0.0,0.0,0.0
1,1,0.18033801,0.71210754,0.059624266,0.0,0.0,0.047930226,0.0,0.0,0.0,0.0,0.0,0.0
1,1,0.18033801,0.71210754,0.059624266,0.0,0.0,0.047930226,0.0,0.0,0.0,0.0,0.0,0.0
1,1,0.18033801,0.71210754,0.059624266,0.0,0.0,0.047930226,0.0,0.0,0.0,0.0,0.0,0.0
1,1,0.18033801,0.71210754,0.059624266,0.0,0.0,0.047930226,0.0,0.0,0.0,0.0,0.0,0.0
1,1,0.18033801,0.71210754,0.059624266,0.0,0.0,0.047930226,0.0,0.0,0.0,0.0,0.0,0.0
1,1,0.18033801,0.71210754,0.059624266,0.0,0.0,0.047930226,0.0,0.0,0.0,0.0,0.0,0.0
1,1,0.18033801,0.71210754,0.059624266,0.0,0.0,0.047930226,0.0,0.0,0.0,0.0,0.0,0.0
1,1,0.18033801,0.71210754,0.059624266,0.0,0.0,0.047930226,0.0,0.0,0.0,0.0,0.0,0.0
1,1,0.18033801,0.71210754,0.059624266,0.0,0.0,0.047930226,0.0,0.0,0.0,0.0,0.0,0.0
1,1,0.18033801,0.71210754,0.059624266,0.0,0.0,0.047930226,0.0,0.0,0.0,0.0,0.0,0.0
1,1,0.18033801,0.71210754,0.059624266,0.0,0.0,0.047930226,0.0,0.0,0.0,0.0,0.0,0.0
1,1,0.18033801,0.71210754,0.059624266,0.0,0.0,0.047930226,0.0,0.0,0.0,0.0,0.0,0.0
1,1,0.18033801,0.71210754,0.059624266,0.0,0.0,0.047930226,0.0,0.0,0.0,0.0,0.0,0.0
1,1,0.22031687,0.6721287,0.059624266,0.0,0.0,0.047930226,0.0,0.0,0.0,0.0,0.0,0.0
1,1,0.22031687,0.6721287,0.059624266,0.0,0.0,0.047930226,0.0,0.0,0.0,0.0,0.0,0.0
1,1,0.22031687,0.6721287,0.059624266,0.0,0.0,0.047930226,0.0,0.0,0.0,0.0,0.0,0.0
1,1,0.22031687,0.6721287,0.059624266,0.0,0.0,0.047930226,0.0,0.0,0.0,0.0,0.0,0.0
1,1,0.22031687,0.6721287,0.059624266,0.0,0.0,0.047930226,0.0,0.0,0.0,0.0,0.0,0.0
1,1,0.22031687,0.6721287,0.059624266,0.0,0.0,0.047930226,0.0,0.0,0.0,0.0,0.0,0.0
1,1,0.22031687,0.6721287,0.059624266,0.0,0.0,0.047930226,0.0,0.0,0.0,0.0,0.0,0.0
1,1,0.22031687,0.6721287,0.059624266,0.0,0.0,0.047930226,0.0,0.0,0.0,0.0,0.0,0.0
1,1,0.22031687,0.6721287,0.059624266,0.0,0.0,0.047930226,0.0,0.0,0.0,0.0,0.0,0.0
1,1,0.22031687,0.6721287,0.059624266,0.0,0.0,0.047930226,0.0,0.0,0.0,0.0,0.0,0.0
1,1,0.22031687,0.6721287,0.059624266,0.0,0.0,0.047930226,0.0,0.0,0.0,0.0,0.0,0.0
1,1,0.22031687,0.6721287,0.059624266,0.0,0.0,0.047930226,0.0,0.0,0.0,0.0,0.0,0.0
1,1,0.22031687,0.6721287,0.059624266,0.0,0.0,0.047930226,0.0,0.0,0.0,0.0,0.0,0.0
1,1,0.22031687,0.6721287,0.059624266,0.0,0.0,0.047930226,0.0,0.0,0.0,0.0,0.0,0.0
1,1,0.22031687,0.6721287,0.059624266,0.0,0.0,0.047930226,0.0,0.0,0.0,0.0,0.0,0.0
1,1,0.22031687,0.6721287,0.059624266,0.0,0.0,0.047930226,0.0,0.0,0.0,0.0,0.0,0.0
1,1,0.22031687,0.6721287,0.059624266,0.0,0.0,0.047930226,0.0,0.0,0.0,0.0,0.0,0.0
1,1,0.22031687,0.6721287,0.059624266,0.0,0.0,0.047930226,0.0,0.0,0.0,0.0,0.0,0.0
1,1,0.22031687,0.6721287,0.059624266,0.0,0.0,0.047930226,0.0,0.0,0.0,0.0,0.0,0.0
1,1,0.22031687,0.6721287,0.059624266,0.0,0.0,0.047930226,0.0,0.0,0.0,0.0,0.0,0.0
1,1,0.22031687,0.6721287,0.059624266,0.0,0.0,0.047930226,0.0,0.0,0.0,0.0,0.0,0.0
1,1,0.22031687,0.6721287,0.059624266,0.0,0.0,0.047930226,0.0,0.0,0.0,0.0,0.0,0.0
1,1,0.22031687,0.6721287,0.059624266,0.0,0.0,0.047930226,0.0,0.0,0.0,0.0,0.0,0.0
1,1,0.22031687,0.6721287,0.059624266,0.0,0.0,0.047930226,0.0,0.0,0.0,0.0,0.0,0.0
1,1,0.22031687,0.6721287,0.059624266,0.0,0.0,0.047930226,0.0,0.0,0.0,0.0,0.0,0.0
1,1,0.22031687,0.6721287,0.059624266,0.0,0.0,0.047930226,0.0,0.0,0.0,0.0,0.0,0.0
1,1,0.22031687,0.6721287,0.059624266,0.0,0.0,0.047930226,0.0,0.0,0.0,0.0,0.0,0.0
1,1,0.22031687,0.6721287,0.059624266,0.0,0.0,0.047930226,0.0,0.0,0.0,0.0,0.0,0.0
1,1,0.26824713,0.6721287,0.059624266,0.0,0.0,0.0,0.0,0.0,0.0,0.0,0.0,0.0
1,1,0.26824713,0.6721287,0.059624266,0.0,0.0,0.0,0.0,0.0,0.0,0.0,0.0,0.0
1,1,0.26824713,0.6721287,0.059624266,0.0,0.0,0.0,0.0,0.0,0.0,0.0,0.0,0.0
1,1,0.26824713,0.6721287,0.059624266,0.0,0.0,0.0,0.0,0.0,0.0,0.0,0.0,0.0
1,1,0.26824713,0.6721287,0.059624266,0.0,0.0,0.0,0.0,0.0,0.0,0.0,0.0,0.0
1,1,0.26824713,0.6721287,0.059624266,0.0,0.0,0.0,0.0,0.0,0.0,0.0,0.0,0.0
1,1,0.26824713,0.6721287,0.059624266,0.0,0.0,0.0,0.0,0.0,0.0,0.0,0.0,0.0
1,1,0.26824713,0.6721287,0.059624266,0.0,0.0,0.0,0.0,0.0,0.0,0.0,0.0,0.0
1,1,0.26824713,0.6721287,0.059624266,0.0,0.0,0.0,0.0,0.0,0.0,0.0,0.0,0.0
1,1,0.26824713,0.6721287,0.059624266,0.0,0.0,0.0,0.0,0.0,0.0,0.0,0.0,0.0
1,1,0.26824713,0.6721287,0.059624266,0.0,0.0,0.0,0.0,0.0,0.0,0.0,0.0,0.0
1,1,0.26824713,0.6721287,0.059624266,0.0,0.0,0.0,0.0,0.0,0.0,0.0,0.0,0.0
1,1,0.26824713,0.6721287,0.059624266,0.0,0.0,0.0,0.0,0.0,0.0,0.0,0.0,0.0
1,1,0.26824713,0.6721287,0.059624266,0.0,0.0,0.0,0.0,0.0,0.0,0.0,0.0,0.0
1,1,0.26824713,0.6721287,0.059624266,0.0,0.0,0.0,0.0,0.0,0.0,0.0,0.0,0.0
1,1,0.26824713,0.6721287,0.059624266,0.0,0.0,0.0,0.0,0.0,0.0,0.0,0.0,0.0
1,1,0.26824713,0.6721287,0.059624266,0.0,0.0,0.0,0.0,0.0,0.0,0.0,0.0,0.0
1,1,0.26824713,0.6721287,0.059624266,0.0,0.0,0.0,0.0,0.0,0.0,0.0,0.0,0.0
1,1,0.26824713,0.6721287,0.059624266,0.0,0.0,0.0,0.0,0.0,0.0,0.0,0.0,0.0
1,1,0.26824713,0.6721287,0.059624266,0.0,0.0,0.0,0.0,0.0,0.0,0.0,0.0,0.0
1,1,0.26824713,0.6721287,0.059624266,0.0,0.0,0.0,0.0,0.0,0.0,0.0,0.0,0.0
1,1,0.26824713,0.6721287,0.059624266,0.0,0.0,0.0,0.0,0.0,0.0,0.0,0.0,0.0
1,1,0.26824713,0.6721287,0.059624266,0.0,0.0,0.0,0.0,0.0,0.0,0.0,0.0,0.0
1,1,0.26824713,0.6721287,0.059624266,0.0,0.0,0.0,0.0,0.0,0.0,0.0,0.0,0.0
1,1,0.26824713,0.6721287,0.059624266,0.0,0.0,0.0,0.0,0.0,0.0,0.0,0.0,0.0
1,1,0.26824713,0.6721287,0.059624266,0.0,0.0,0.0,0.0,0.0,0.0,0.0,0.0,0.0
1,1,0.26824713,0.6721287,0.059624266,0.0,0.0,0.0,0.0,0.0,0.0,0.0,0.0,0.0
1,1,0.26824713,0.6721287,0.059624266,0.0,0.0,0.0,0.0,0.0,0.0,0.0,0.0,0.0
1,1,0.26824713,0.6721287,0.059624266,0.0,0.0,0.0,0.0,0.0,0.0,0.0,0.0,0.0
1,1,0.26824713,0.6721287,0.059624266,0.0,0.0,0.0,0.0,0.0,0.0,0.0,0.0,0.0
1,1,0.26824713,0.6721287,0.059624266,0.0,0.0,0.0,0.0,0.0,0.0,0.0,0.0,0.0
1,1,0.26824713,0.6721287,0.059624266,0.0,0.0,0.0,0.0,0.0,0.0,0.0,0.0,0.0
1,1,0.26824713,0.6721287,0.059624266,0.0,0.0,0.0,0.0,0.0,0.0,0.0,0.0,0.0
1,1,0.26824713,0.6721287,0.059624266,0.0,0.0,0.0,0.0,0.0,0.0,0.0,0.0,0.0
1,1,0.26824713,0.6721287,0.059624266,0.0,0.0,0.0,0.0,0.0,0.0,0.0,0.0,0.0
1,1,0.26824713,0.6721287,0.059624266,0.0,0.0,0.0,0.0,0.0,0.0,0.0,0.0,0.0
1,1,0.26824713,0.6721287,0.059624266,0.0,0.0,0.0,0.0,0.0,0.0,0.0,0.0,0.0
1,1,0.26824713,0.6721287,0.059624266,0.0,0.0,0.0,0.0,0.0,0.0,0.0,0.0,0.0
1,1,0.26824713,0.6721287,0.059624266,0.0,0.0,0.0,0.0,0.0,0.0,0.0,0.0,0.0
1,1,0.26824713,0.6721287,0.059624266,0.0,0.0,0.0,0.0,0.0,0.0,0.0,0.0,0.0
1,1,0.26824713,0.6721287,0.059624266,0.0,0.0,0.0,0.0,0.0,0.0,0.0,0.0,0.0
1,1,0.26824713,0.6721287,0.059624266,0.0,0.0,0.0,0.0,0.0,0.0,0.0,0.0,0.0
1,1,0.26824713,0.6721287,0.059624266,0.0,0.0,0.0,0.0,0.0,0.0,0.0,0.0,0.0
1,1,0.26824713,0.6721287,0.059624266,0.0,0.0,0.0,0.0,0.0,0.0,0.0,0.0,0.0
1,1,0.26824713,0.6721287,0.059624266,0.0,0.0,0.0,0.0,0.0,0.0,0.0,0.0,0.0
1,1,0.26824713,0.6721287,0.059624266,0.0,0.0,0.0,0.0,0.0,0.0,0.0,0.0,0.0
1,1,0.31247896,0.6180652,0.06945585,0.0,0.0,0.0,0.0,0.0,0.0,0.0,0.0,0.0
1,1,0.31247896,0.6180652,0.06945585,0.0,0.0,0.0,0.0,0.0,0.0,0.0,0.0,0.0
1,1,0.31247896,0.6180652,0.06945585,0.0,0.0,0.0,0.0,0.0,0.0,0.0,0.0,0.0
1,1,0.31247896,0.6180652,0.06945585,0.0,0.0,0.0,0.0,0.0,0.0,0.0,0.0,0.0
1,1,0.31247896,0.6180652,0.06945585,0.0,0.0,0.0,0.0,0.0,0.0,0.0,0.0,0.0
1,1,0.31247896,0.6180652,0.06945585,0.0,0.0,0.0,0.0,0.0,0.0,0.0,0.0,0.0
1,1,0.31247896,0.6180652,0.06945585,0.0,0.0,0.0,0.0,0.0,0.0,0.0,0.0,0.0
1,1,0.31247896,0.6180652,0.06945585,0.0,0.0,0.0,0.0,0.0,0.0,0.0,0.0,0.0
1,1,0.31247896,0.6180652,0.06945585,0.0,0.0,0.0,0.0,0.0,0.0,0.0,0.0,0.0
1,1,0.21878633,0.6180652,0.06945585,0.093692645,0.0,0.0,0.0,0.0,0.0,0.0,0.0,0.0
1,1,0.21878633,0.6180652,0.06945585,0.093692645,0.0,0.0,0.0,0.0,0.0,0.0,0.0,0.0
1,1,0.21878633,0.6180652,0.06945585,0.093692645,0.0,0.0,0.0,0.0,0.0,0.0,0.0,0.0
1,1,0.21878633,0.6180652,0.06945585,0.093692645,0.0,0.0,0.0,0.0,0.0,0.0,0.0,0.0
1,1,0.21878633,0.6180652,0.06945585,0.093692645,0.0,0.0,0.0,0.0,0.0,0.0,0.0,0.0
1,1,0.21878633,0.6180652,0.06945585,0.093692645,0.0,0.0,0.0,0.0,0.0,0.0,0.0,0.0
1,1,0.21878633,0.6180652,0.06945585,0.093692645,0.0,0.0,0.0,0.0,0.0,0.0,0.0,0.0
1,1,0.2477455,0.5675112,0.078649215,0.10609406,0.0,0.0,0.0,0.0,0.0,0.0,0.0,0.0
1,1,0.2477455,0.5675112,0.078649215,0.10609406,0.0,0.0,0.0,0.0,0.0,0.0,0.0,0.0
1,1,0.2477455,0.5675112,0.078649215,0.10609406,0.0,0.0,0.0,0.0,0.0,0.0,0.0,0.0
1,1,0.2477455,0.5675112,0.078649215,0.10609406,0.0,0.0,0.0,0.0,0.0,0.0,0.0,0.0
1,1,0.2477455,0.5675112,0.078649215,0.10609406,0.0,0.0,0.0,0.0,0.0,0.0,0.0,0.0
1,1,0.2477455,0.5675112,0.078649215,0.10609406,0.0,0.0,0.0,0.0,0.0,0.0,0.0,0.0
1,1,0.2477455,0.5675112,0.078649215,0.10609406,0.0,0.0,0.0,0.0,0.0,0.0,0.0,0.0
1,1,0.2477455,0.5675112,0.078649215,0.10609406,0.0,0.0,0.0,0.0,0.0,0.0,0.0,0.0
1,1,0.2477455,0.5675112,0.078649215,0.10609406,0.0,0.0,0.0,0.0,0.0,0.0,0.0,0.0
1,1,0.2477455,0.5675112,0.078649215,0.10609406,0.0,0.0,0.0,0.0,0.0,0.0,0.0,0.0
1,1,0.2477455,0.5675112,0.078649215,0.10609406,0.0,0.0,0.0,0.0,0.0,0.0,0.0,0.0
1,1,0.2477455,0.5675112,0.078649215,0.10609406,0.0,0.0,0.0,0.0,0.0,0.0,0.0,0.0
1,1,0.2477455,0.5675112,0.078649215,0.10609406,0.0,0.0,0.0,0.0,0.0,0.0,0.0,0.0
1,1,0.2477455,0.5675112,0.078649215,0.10609406,0.0,0.0,0.0,0.0,0.0,0.0,0.0,0.0
1,1,0.2477455,0.5675112,0.078649215,0.10609406,0.0,0.0,0.0,0.0,0.0,0.0,0.0,0.0
1,1,0.2477455,0.5675112,0.078649215,0.10609406,0.0,0.0,0.0,0.0,0.0,0.0,0.0,0.0
1,1,0.2477455,0.5675112,0.078649215,0.10609406,0.0,0.0,0.0,0.0,0.0,0.0,0.0,0.0
1,1,0.2477455,0.5675112,0.078649215,0.10609406,0.0,0.0,0.0,0.0,0.0,0.0,0.0,0.0
1,1,0.2477455,0.5675112,0.078649215,0.10609406,0.0,0.0,0.0,0.0,0.0,0.0,0.0,0.0
1,1,0.2477455,0.5675112,0.078649215,0.10609406,0.0,0.0,0.0,0.0,0.0,0.0,0.0,0.0
1,1,0.2477455,0.5675112,0.078649215,0.10609406,0.0,0.0,0.0,0.0,0.0,0.0,0.0,0.0
1,1,0.2477455,0.5675112,0.078649215,0.10609406,0.0,0.0,0.0,0.0,0.0,0.0,0.0,0.0
1,1,0.2477455,0.5675112,0.078649215,0.10609406,0.0,0.0,0.0,0.0,0.0,0.0,0.0,0.0
1,1,0.2477455,0.5675112,0.078649215,0.10609406,0.0,0.0,0.0,0.0,0.0,0.0,0.0,0.0
1,1,0.2477455,0.5675112,0.078649215,0.10609406,0.0,0.0,0.0,0.0,0.0,0.0,0.0,0.0
1,1,0.2477455,0.5675112,0.078649215,0.10609406,0.0,0.0,0.0,0.0,0.0,0.0,0.0,0.0
1,1,0.2477455,0.5675112,0.078649215,0.10609406,0.0,0.0,0.0,0.0,0.0,0.0,0.0,0.0
1,1,0.2477455,0.5675112,0.078649215,0.10609406,0.0,0.0,0.0,0.0,0.0,0.0,0.0,0.0
1,1,0.2477455,0.5675112,0.078649215,0.10609406,0.0,0.0,0.0,0.0,0.0,0.0,0.0,0.0
1,1,0.2477455,0.5675112,0.078649215,0.10609406,0.0,0.0,0.0,0.0,0.0,0.0,0.0,0.0
1,1,0.2477455,0.5675112,0.078649215,0.10609406,0.0,0.0,0.0,0.0,0.0,0.0,0.0,0.0
1,1,0.2477455,0.5675112,0.078649215,0.10609406,0.0,0.0,0.0,0.0,0.0,0.0,0.0,0.0
1,1,0.2477455,0.5675112,0.078649215,0.10609406,0.0,0.0,0.0,0.0,0.0,0.0,0.0,0.0
1,1,0.2477455,0.5675112,0.078649215,0.10609406,0.0,0.0,0.0,0.0,0.0,0.0,0.0,0.0
1,1,0.2477455,0.5675112,0.078649215,0.10609406,0.0,0.0,0.0,0.0,0.0,0.0,0.0,0.0
1,1,0.2477455,0.5675112,0.078649215,0.10609406,0.0,0.0,0.0,0.0,0.0,0.0,0.0,0.0
1,1,0.2477455,0.5675112,0.078649215,0.10609406,0.0,0.0,0.0,0.0,0.0,0.0,0.0,0.0
1,1,0.2477455,0.5675112,0.078649215,0.10609406,0.0,0.0,0.0,0.0,0.0,0.0,0.0,0.0
1,1,0.2477455,0.5675112,0.078649215,0.10609406,0.0,0.0,0.0,0.0,0.0,0.0,0.0,0.0
1,1,0.2477455,0.5675112,0.078649215,0.10609406,0.0,0.0,0.0,0.0,0.0,0.0,0.0,0.0
1,1,0.2477455,0.5675112,0.078649215,0.10609406,0.0,0.0,0.0,0.0,0.0,0.0,0.0,0.0
1,1,0.2477455,0.5675112,0.078649215,0.10609406,0.0,0.0,0.0,0.0,0.0,0.0,0.0,0.0
1,1,0.2477455,0.5675112,0.078649215,0.10609406,0.0,0.0,0.0,0.0,0.0,0.0,0.0,0.0
1,1,0.2477455,0.5675112,0.078649215,0.10609406,0.0,0.0,0.0,0.0,0.0,0.0,0.0,0.0
1,1,0.2477455,0.5675112,0.078649215,0.10609406,0.0,0.0,0.0,0.0,0.0,0.0,0.0,0.0
1,1,0.2477455,0.5675112,0.078649215,0.10609406,0.0,0.0,0.0,0.0,0.0,0.0,0.0,0.0
1,1,0.2477455,0.5675112,0.078649215,0.10609406,0.0,0.0,0.0,0.0,0.0,0.0,0.0,0.0
1,1,0.2477455,0.5675112,0.078649215,0.10609406,0.0,0.0,0.0,0.0,0.0,0.0,0.0,0.0
1,1,0.2477455,0.5675112,0.078649215,0.10609406,0.0,0.0,0.0,0.0,0.0,0.0,0.0,0.0
1,1,0.2477455,0.5675112,0.078649215,0.10609406,0.0,0.0,0.0,0.0,0.0,0.0,0.0,0.0
1,1,0.18452166,0.63073504,0.078649215,0.10609406,0.0,0.0,0.0,0.0,0.0,0.0,0.0,0.0
1,1,0.18452166,0.63073504,0.078649215,0.10609406,0.0,0.0,0.0,0.0,0.0,0.0,0.0,0.0
1,1,0.18452166,0.63073504,0.078649215,0.10609406,0.0,0.0,0.0,0.0,0.0,0.0,0.0,0.0
1,1,0.18452166,0.63073504,0.078649215,0.10609406,0.0,0.0,0.0,0.0,0.0,0.0,0.0,0.0
1,1,0.18452166,0.63073504,0.078649215,0.10609406,0.0,0.0,0.0,0.0,0.0,0.0,0.0,0.0
1,1,0.18452166,0.63073504,0.078649215,0.10609406,0.0,0.0,0.0,0.0,0.0,0.0,0.0,0.0
1,1,0.18452166,0.63073504,0.078649215,0.10609406,0.0,0.0,0.0,0.0,0.0,0.0,0.0,0.0
1,1,0.18452166,0.63073504,0.078649215,0.10609406,0.0,0.0,0.0,0.0,0.0,0.0,0.0,0.0
1,1,0.18452166,0.63073504,0.078649215,0.10609406,0.0,0.0,0.0,0.0,0.0,0.0,0.0,0.0
1,1,0.18452166,0.63073504,0.078649215,0.10609406,0.0,0.0,0.0,0.0,0.0,0.0,0.0,0.0
1,1,0.18452166,0.63073504,0.078649215,0.10609406,0.0,0.0,0.0,0.0,0.0,0.0,0.0,0.0
1,1,0.18452166,0.63073504,0.078649215,0.10609406,0.0,0.0,0.0,0.0,0.0,0.0,0.0,0.0
1,1,0.18452166,0.63073504,0.078649215,0.10609406,0.0,0.0,0.0,0.0,0.0,0.0,0.0,0.0
1,1,0.18452166,0.63073504,0.078649215,0.10609406,0.0,0.0,0.0,0.0,0.0,0.0,0.0,0.0
1,1,0.18452166,0.63073504,0.078649215,0.10609406,0.0,0.0,0.0,0.0,0.0,0.0,0.0,0.0
1,1,0.18452166,0.63073504,0.078649215,0.10609406,0.0,0.0,0.0,0.0,0.0,0.0,0.0,0.0
1,1,0.18452166,0.63073504,0.078649215,0.10609406,0.0,0.0,0.0,0.0,0.0,0.0,0.0,0.0
1,1,0.18452166,0.63073504,0.078649215,0.10609406,0.0,0.0,0.0,0.0,0.0,0.0,0.0,0.0
1,1,0.18452166,0.63073504,0.078649215,0.10609406,0.0,0.0,0.0,0.0,0.0,0.0,0.0,0.0
1,1,0.18452166,0.63073504,0.078649215,0.10609406,0.0,0.0,0.0,0.0,0.0,0.0,0.0,0.0
1,1,0.18452166,0.63073504,0.078649215,0.10609406,0.0,0.0,0.0,0.0,0.0,0.0,0.0,0.0
1,1,0.18452166,0.63073504,0.078649215,0.10609406,0.0,0.0,0.0,0.0,0.0,0.0,0.0,0.0
1,1,0.18452166,0.63073504,0.078649215,0.10609406,0.0,0.0,0.0,0.0,0.0,0.0,0.0,0.0
1,1,0.18452166,0.63073504,0.078649215,0.10609406,0.0,0.0,0.0,0.0,0.0,0.0,0.0,0.0
1,1,0.18452166,0.63073504,0.078649215,0.10609406,0.0,0.0,0.0,0.0,0.0,0.0,0.0,0.0
1,1,0.18452166,0.63073504,0.078649215,0.10609406,0.0,0.0,0.0,0.0,0.0,0.0,0.0,0.0
1,1,0.18452166,0.63073504,0.078649215,0.10609406,0.0,0.0,0.0,0.0,0.0,0.0,0.0,0.0
1,1,0.18452166,0.63073504,0.078649215,0.10609406,0.0,0.0,0.0,0.0,0.0,0.0,0.0,0.0
1,1,0.18452165,0.6127005,0.078649215,0.12412861,0.0,0.0,0.0,0.0,0.0,0.0,0.0,0.0
1,1,0.18452165,0.6127005,0.078649215,0.12412861,0.0,0.0,0.0,0.0,0.0,0.0,0.0,0.0
1,1,0.18452165,0.6127005,0.078649215,0.12412861,0.0,0.0,0.0,0.0,0.0,0.0,0.0,0.0
1,1,0.18452165,0.6127005,0.078649215,0.12412861,0.0,0.0,0.0,0.0,0.0,0.0,0.0,0.0
1,1,0.18452165,0.6127005,0.078649215,0.12412861,0.0,0.0,0.0,0.0,0.0,0.0,0.0,0.0
1,1,0.18452165,0.6127005,0.078649215,0.12412861,0.0,0.0,0.0,0.0,0.0,0.0,0.0,0.0
1,1,0.18452165,0.6127005,0.078649215,0.12412861,0.0,0.0,0.0,0.0,0.0,0.0,0.0,0.0
1,1,0.18452165,0.6127005,0.078649215,0.12412861,0.0,0.0,0.0,0.0,0.0,0.0,0.0,0.0
1,1,0.18452165,0.6127005,0.078649215,0.12412861,0.0,0.0,0.0,0.0,0.0,0.0,0.0,0.0
1,1,0.18452165,0.6127005,0.078649215,0.12412861,0.0,0.0,0.0,0.0,0.0,0.0,0.0,0.0
1,1,0.18452165,0.6127005,0.078649215,0.12412861,0.0,0.0,0.0,0.0,0.0,0.0,0.0,0.0
1,1,0.18452165,0.6127005,0.078649215,0.12412861,0.0,0.0,0.0,0.0,0.0,0.0,0.0,0.0
1,1,0.18452165,0.6127005,0.078649215,0.12412861,0.0,0.0,0.0,0.0,0.0,0.0,0.0,0.0
1,1,0.18452165,0.6127005,0.078649215,0.12412861,0.0,0.0,0.0,0.0,0.0,0.0,0.0,0.0
1,1,0.18452165,0.6127005,0.078649215,0.12412861,0.0,0.0,0.0,0.0,0.0,0.0,0.0,0.0
1,1,0.18452165,0.6127005,0.078649215,0.12412861,0.0,0.0,0.0,0.0,0.0,0.0,0.0,0.0
1,1,0.18452165,0.6127005,0.078649215,0.12412861,0.0,0.0,0.0,0.0,0.0,0.0,0.0,0.0
1,1,0.18452165,0.6127005,0.078649215,0.12412861,0.0,0.0,0.0,0.0,0.0,0.0,0.0,0.0
1,1,0.18452165,0.6127005,0.078649215,0.12412861,0.0,0.0,0.0,0.0,0.0,0.0,0.0,0.0
1,1,0.18452165,0.6127005,0.078649215,0.12412861,0.0,0.0,0.0,0.0,0.0,0.0,0.0,0.0
1,1,0.18452165,0.6127005,0.078649215,0.12412861,0.0,0.0,0.0,0.0,0.0,0.0,0.0,0.0
1,1,0.18452165,0.6127005,0.078649215,0.12412861,0.0,0.0,0.0,0.0,0.0,0.0,0.0,0.0
1,1,0.18452165,0.6127005,0.078649215,0.12412861,0.0,0.0,0.0,0.0,0.0,0.0,0.0,0.0
1,1,0.18452165,0.6127005,0.078649215,0.12412861,0.0,0.0,0.0,0.0,0.0,0.0,0.0,0.0
1,1,0.18452165,0.6127005,0.078649215,0.12412861,0.0,0.0,0.0,0.0,0.0,0.0,0.0,0.0
1,1,0.18452165,0.6127005,0.078649215,0.12412861,0.0,0.0,0.0,0.0,0.0,0.0,0.0,0.0
1,1,0.18452165,0.6127005,0.078649215,0.12412861,0.0,0.0,0.0,0.0,0.0,0.0,0.0,0.0
1,1,0.18452165,0.6127005,0.078649215,0.12412861,0.0,0.0,0.0,0.0,0.0,0.0,0.0,0.0
1,1,0.18452165,0.6127005,0.078649215,0.12412861,0.0,0.0,0.0,0.0,0.0,0.0,0.0,0.0
1,1,0.18452165,0.6127005,0.078649215,0.12412861,0.0,0.0,0.0,0.0,0.0,0.0,0.0,0.0
1,1,0.18452165,0.6127005,0.078649215,0.12412861,0.0,0.0,0.0,0.0,0.0,0.0,0.0,0.0
1,1,0.18452165,0.6127005,0.078649215,0.12412861,0.0,0.0,0.0,0.0,0.0,0.0,0.0,0.0
1,1,0.18452165,0.6127005,0.078649215,0.12412861,0.0,0.0,0.0,0.0,0.0,0.0,0.0,0.0
1,1,0.18452165,0.6127005,0.078649215,0.12412861,0.0,0.0,0.0,0.0,0.0,0.0,0.0,0.0
1,1,0.18452165,0.6127005,0.078649215,0.12412861,0.0,0.0,0.0,0.0,0.0,0.0,0.0,0.0
1,1,0.18452165,0.6127005,0.078649215,0.12412861,0.0,0.0,0.0,0.0,0.0,0.0,0.0,0.0
1,1,0.18452165,0.6127005,0.078649215,0.12412861,0.0,0.0,0.0,0.0,0.0,0.0,0.0,0.0
1,1,0.18452165,0.6127005,0.078649215,0.12412861,0.0,0.0,0.0,0.0,0.0,0.0,0.0,0.0
1,1,0.18452165,0.6127005,0.078649215,0.12412861,0.0,0.0,0.0,0.0,0.0,0.0,0.0,0.0
1,1,0.18452165,0.6127005,0.078649215,0.12412861,0.0,0.0,0.0,0.0,0.0,0.0,0.0,0.0
1,1,0.18452165,0.6127005,0.078649215,0.12412861,0.0,0.0,0.0,0.0,0.0,0.0,0.0,0.0
1,1,0.18452165,0.6127005,0.078649215,0.12412861,0.0,0.0,0.0,0.0,0.0,0.0,0.0,0.0
1,1,0.18452165,0.6127005,0.078649215,0.12412861,0.0,0.0,0.0,0.0,0.0,0.0,0.0,0.0
1,1,0.18452165,0.6127005,0.078649215,0.12412861,0.0,0.0,0.0,0.0,0.0,0.0,0.0,0.0
1,1,0.18452165,0.6127005,0.078649215,0.12412861,0.0,0.0,0.0,0.0,0.0,0.0,0.0,0.0
1,1,0.18452165,0.6127005,0.078649215,0.12412861,0.0,0.0,0.0,0.0,0.0,0.0,0.0,0.0
1,1,0.18452165,0.6127005,0.078649215,0.12412861,0.0,0.0,0.0,0.0,0.0,0.0,0.0,0.0
1,1,0.18452165,0.6127005,0.078649215,0.12412861,0.0,0.0,0.0,0.0,0.0,0.0,0.0,0.0
1,1,0.18452165,0.6127005,0.078649215,0.12412861,0.0,0.0,0.0,0.0,0.0,0.0,0.0,0.0
1,1,0.18452165,0.6127005,0.078649215,0.12412861,0.0,0.0,0.0,0.0,0.0,0.0,0.0,0.0
1,1,0.18452165,0.6127005,0.078649215,0.12412861,0.0,0.0,0.0,0.0,0.0,0.0,0.0,0.0
1,1,0.18452165,0.6127005,0.078649215,0.12412861,0.0,0.0,0.0,0.0,0.0,0.0,0.0,0.0
1,1,0.18452165,0.6127005,0.078649215,0.12412861,0.0,0.0,0.0,0.0,0.0,0.0,0.0,0.0
1,1,0.18452165,0.6127005,0.078649215,0.12412861,0.0,0.0,0.0,0.0,0.0,0.0,0.0,0.0
1,1,0.18452165,0.6127005,0.078649215,0.12412861,0.0,0.0,0.0,0.0,0.0,0.0,0.0,0.0
1,1,0.18452165,0.6127005,0.078649215,0.12412861,0.0,0.0,0.0,0.0,0.0,0.0,0.0,0.0
1,1,0.18452165,0.6127005,0.078649215,0.12412861,0.0,0.0,0.0,0.0,0.0,0.0,0.0,0.0
1,1,0.18452165,0.6127005,0.078649215,0.12412861,0.0,0.0,0.0,0.0,0.0,0.0,0.0,0.0
1,1,0.18452165,0.6127005,0.078649215,0.12412861,0.0,0.0,0.0,0.0,0.0,0.0,0.0,0.0
1,1,0.18452165,0.6127005,0.078649215,0.12412861,0.0,0.0,0.0,0.0,0.0,0.0,0.0,0.0
1,1,0.18452165,0.6127005,0.078649215,0.12412861,0.0,0.0,0.0,0.0,0.0,0.0,0.0,0.0
1,1,0.18452165,0.6127005,0.078649215,0.12412861,0.0,0.0,0.0,0.0,0.0,0.0,0.0,0.0
1,1,0.18452165,0.6127005,0.078649215,0.12412861,0.0,0.0,0.0,0.0,0.0,0.0,0.0,0.0
1,1,0.18452165,0.6127005,0.078649215,0.12412861,0.0,0.0,0.0,0.0,0.0,0.0,0.0,0.0
1,1,0.18452165,0.6127005,0.078649215,0.12412861,0.0,0.0,0.0,0.0,0.0,0.0,0.0,0.0
1,1,0.18452165,0.6127005,0.078649215,0.12412861,0.0,0.0,0.0,0.0,0.0,0.0,0.0,0.0
1,1,0.18452165,0.6127005,0.078649215,0.12412861,0.0,0.0,0.0,0.0,0.0,0.0,0.0,0.0
1,1,0.18452165,0.6127005,0.078649215,0.12412861,0.0,0.0,0.0,0.0,0.0,0.0,0.0,0.0
1,1,0.18452165,0.6127005,0.078649215,0.12412861,0.0,0.0,0.0,0.0,0.0,0.0,0.0,0.0
1,1,0.18452165,0.6127005,0.078649215,0.12412861,0.0,0.0,0.0,0.0,0.0,0.0,0.0,0.0
1,1,0.18452165,0.6127005,0.078649215,0.12412861,0.0,0.0,0.0,0.0,0.0,0.0,0.0,0.0
1,1,0.18452165,0.6127005,0.078649215,0.12412861,0.0,0.0,0.0,0.0,0.0,0.0,0.0,0.0
1,1,0.18452165,0.6127005,0.078649215,0.12412861,0.0,0.0,0.0,0.0,0.0,0.0,0.0,0.0
1,1,0.18452165,0.6127005,0.078649215,0.12412861,0.0,0.0,0.0,0.0,0.0,0.0,0.0,0.0
1,1,0.18452165,0.6127005,0.078649215,0.12412861,0.0,0.0,0.0,0.0,0.0,0.0,0.0,0.0
1,1,0.18452165,0.6127005,0.078649215,0.12412861,0.0,0.0,0.0,0.0,0.0,0.0,0.0,0.0
1,1,0.18452165,0.6127005,0.078649215,0.12412861,0.0,0.0,0.0,0.0,0.0,0.0,0.0,0.0
1,1,0.18452165,0.6127005,0.078649215,0.12412861,0.0,0.0,0.0,0.0,0.0,0.0,0.0,0.0
1,1,0.18452165,0.6127005,0.078649215,0.12412861,0.0,0.0,0.0,0.0,0.0,0.0,0.0,0.0
1,1,0.18452165,0.6127005,0.078649215,0.12412861,0.0,0.0,0.0,0.0,0.0,0.0,0.0,0.0
1,1,0.18452165,0.6127005,0.078649215,0.12412861,0.0,0.0,0.0,0.0,0.0,0.0,0.0,0.0
1,1,0.18452165,0.6127005,0.078649215,0.12412861,0.0,0.0,0.0,0.0,0.0,0.0,0.0,0.0
1,1,0.18452165,0.6127005,0.078649215,0.12412861,0.0,0.0,0.0,0.0,0.0,0.0,0.0,0.0
1,1,0.18452165,0.6127005,0.078649215,0.12412861,0.0,0.0,0.0,0.0,0.0,0.0,0.0,0.0
1,1,0.18452165,0.6127005,0.078649215,0.12412861,0.0,0.0,0.0,0.0,0.0,0.0,0.0,0.0
1,1,0.18452165,0.6127005,0.078649215,0.12412861,0.0,0.0,0.0,0.0,0.0,0.0,0.0,0.0
1,1,0.18452165,0.6127005,0.078649215,0.12412861,0.0,0.0,0.0,0.0,0.0,0.0,0.0,0.0
1,1,0.18452165,0.6127005,0.078649215,0.12412861,0.0,0.0,0.0,0.0,0.0,0.0,0.0,0.0
1,1,0.18452165,0.6127005,0.078649215,0.12412861,0.0,0.0,0.0,0.0,0.0,0.0,0.0,0.0
1,1,0.18452165,0.6127005,0.078649215,0.12412861,0.0,0.0,0.0,0.0,0.0,0.0,0.0,0.0
1,1,0.18452165,0.6127005,0.078649215,0.12412861,0.0,0.0,0.0,0.0,0.0,0.0,0.0,0.0
1,1,0.18452165,0.6127005,0.078649215,0.12412861,0.0,0.0,0.0,0.0,0.0,0.0,0.0,0.0
1,1,0.18452165,0.6127005,0.078649215,0.12412861,0.0,0.0,0.0,0.0,0.0,0.0,0.0,0.0
1,1,0.18452165,0.6127005,0.078649215,0.12412861,0.0,0.0,0.0,0.0,0.0,0.0,0.0,0.0
1,1,0.18452165,0.6127005,0.078649215,0.12412861,0.0,0.0,0.0,0.0,0.0,0.0,0.0,0.0
1,1,0.18452165,0.6127005,0.078649215,0.12412861,0.0,0.0,0.0,0.0,0.0,0.0,0.0,0.0
1,1,0.18452165,0.6127005,0.078649215,0.12412861,0.0,0.0,0.0,0.0,0.0,0.0,0.0,0.0
1,1,0.18452165,0.6127005,0.078649215,0.12412861,0.0,0.0,0.0,0.0,0.0,0.0,0.0,0.0
1,1,0.18452165,0.6127005,0.078649215,0.12412861,0.0,0.0,0.0,0.0,0.0,0.0,0.0,0.0
1,1,0.18452165,0.6127005,0.078649215,0.12412861,0.0,0.0,0.0,0.0,0.0,0.0,0.0,0.0
1,1,0.18452165,0.6127005,0.078649215,0.12412861,0.0,0.0,0.0,0.0,0.0,0.0,0.0,0.0
1,1,0.18452165,0.6127005,0.078649215,0.12412861,0.0,0.0,0.0,0.0,0.0,0.0,0.0,0.0
1,1,0.18452165,0.6127005,0.078649215,0.12412861,0.0,0.0,0.0,0.0,0.0,0.0,0.0,0.0
1,1,0.18452165,0.6127005,0.078649215,0.12412861,0.0,0.0,0.0,0.0,0.0,0.0,0.0,0.0
1,1,0.18452165,0.6127005,0.078649215,0.12412861,0.0,0.0,0.0,0.0,0.0,0.0,0.0,0.0
1,1,0.18452165,0.6127005,0.078649215,0.12412861,0.0,0.0,0.0,0.0,0.0,0.0,0.0,0.0
1,1,0.18452165,0.6127005,0.078649215,0.12412861,0.0,0.0,0.0,0.0,0.0,0.0,0.0,0.0
1,1,0.18452165,0.6127005,0.078649215,0.12412861,0.0,0.0,0.0,0.0,0.0,0.0,0.0,0.0
1,1,0.18452165,0.6127005,0.078649215,0.12412861,0.0,0.0,0.0,0.0,0.0,0.0,0.0,0.0
1,1,0.18452165,0.6127005,0.078649215,0.12412861,0.0,0.0,0.0,0.0,0.0,0.0,0.0,0.0
1,1,0.18452165,0.6127005,0.078649215,0.12412861,0.0,0.0,0.0,0.0,0.0,0.0,0.0,0.0
1,1,0.18452165,0.6127005,0.078649215,0.12412861,0.0,0.0,0.0,0.0,0.0,0.0,0.0,0.0
1,1,0.18452165,0.6127005,0.078649215,0.12412861,0.0,0.0,0.0,0.0,0.0,0.0,0.0,0.0
1,1,0.18452165,0.6127005,0.078649215,0.12412861,0.0,0.0,0.0,0.0,0.0,0.0,0.0,0.0
1,1,0.18452165,0.6127005,0.078649215,0.12412861,0.0,0.0,0.0,0.0,0.0,0.0,0.0,0.0
1,1,0.18452165,0.6127005,0.078649215,0.12412861,0.0,0.0,0.0,0.0,0.0,0.0,0.0,0.0
1,1,0.18452165,0.6127005,0.078649215,0.12412861,0.0,0.0,0.0,0.0,0.0,0.0,0.0,0.0
1,1,0.18452165,0.6127005,0.18474329,0.018034535,0.0,0.0,0.0,0.0,0.0,0.0,0.0,0.0
1,1,0.18452165,0.6127005,0.18474329,0.018034535,0.0,0.0,0.0,0.0,0.0,0.0,0.0,0.0
1,1,0.18452165,0.6127005,0.18474329,0.018034535,0.0,0.0,0.0,0.0,0.0,0.0,0.0,0.0
1,1,0.18452165,0.6127005,0.18474329,0.018034535,0.0,0.0,0.0,0.0,0.0,0.0,0.0,0.0
1,1,0.18452165,0.6127005,0.18474329,0.018034535,0.0,0.0,0.0,0.0,0.0,0.0,0.0,0.0
1,1,0.18452165,0.6127005,0.18474329,0.018034535,0.0,0.0,0.0,0.0,0.0,0.0,0.0,0.0
1,1,0.18452165,0.6127005,0.18474329,0.018034535,0.0,0.0,0.0,0.0,0.0,0.0,0.0,0.0
1,1,0.18452165,0.6127005,0.18474329,0.018034535,0.0,0.0,0.0,0.0,0.0,0.0,0.0,0.0
1,1,0.18452165,0.6127005,0.18474329,0.018034535,0.0,0.0,0.0,0.0,0.0,0.0,0.0,0.0
1,1,0.18452165,0.6127005,0.18474329,0.018034535,0.0,0.0,0.0,0.0,0.0,0.0,0.0,0.0
1,1,0.18452165,0.6127005,0.18474329,0.018034535,0.0,0.0,0.0,0.0,0.0,0.0,0.0,0.0
1,1,0.18452165,0.6127005,0.18474329,0.018034535,0.0,0.0,0.0,0.0,0.0,0.0,0.0,0.0
1,1,0.18452165,0.6127005,0.18474329,0.018034535,0.0,0.0,0.0,0.0,0.0,0.0,0.0,0.0
1,1,0.18452165,0.6127005,0.18474329,0.018034535,0.0,0.0,0.0,0.0,0.0,0.0,0.0,0.0
1,1,0.18452165,0.6127005,0.18474329,0.018034535,0.0,0.0,0.0,0.0,0.0,0.0,0.0,0.0
1,1,0.18452165,0.6127005,0.18474329,0.018034535,0.0,0.0,0.0,0.0,0.0,0.0,0.0,0.0
1,1,0.18452165,0.6127005,0.18474329,0.018034535,0.0,0.0,0.0,0.0,0.0,0.0,0.0,0.0
1,1,0.18452165,0.6127005,0.18474329,0.018034535,0.0,0.0,0.0,0.0,0.0,0.0,0.0,0.0
1,1,0.18452165,0.6127005,0.18474329,0.018034535,0.0,0.0,0.0,0.0,0.0,0.0,0.0,0.0
1,1,0.18452165,0.6127005,0.18474329,0.018034535,0.0,0.0,0.0,0.0,0.0,0.0,0.0,0.0
1,1,0.18452165,0.6127005,0.18474329,0.018034535,0.0,0.0,0.0,0.0,0.0,0.0,0.0,0.0
1,1,0.18452165,0.6127005,0.18474329,0.018034535,0.0,0.0,0.0,0.0,0.0,0.0,0.0,0.0
1,1,0.18452165,0.6127005,0.18474329,0.018034535,0.0,0.0,0.0,0.0,0.0,0.0,0.0,0.0
1,1,0.18452166,0.5494766,0.18474329,0.018034535,0.0,0.06322383,0.0,0.0,0.0,0.0,0.0,0.0
1,1,0.18452166,0.5494766,0.18474329,0.018034535,0.0,0.06322383,0.0,0.0,0.0,0.0,0.0,0.0
1,1,0.18452166,0.5494766,0.18474329,0.018034535,0.0,0.06322383,0.0,0.0,0.0,0.0,0.0,0.0
1,1,0.18452166,0.5494766,0.18474329,0.018034535,0.0,0.06322383,0.0,0.0,0.0,0.0,0.0,0.0
1,1,0.18452166,0.5494766,0.18474329,0.018034535,0.0,0.06322383,0.0,0.0,0.0,0.0,0.0,0.0
1,1,0.18452166,0.5494766,0.18474329,0.018034535,0.0,0.06322383,0.0,0.0,0.0,0.0,0.0,0.0
1,1,0.26317087,0.5494766,0.10609406,0.018034535,0.0,0.06322383,0.0,0.0,0.0,0.0,0.0,0.0
1,1,0.26317087,0.5494766,0.10609406,0.018034535,0.0,0.06322383,0.0,0.0,0.0,0.0,0.0,0.0
1,1,0.26317087,0.5494766,0.10609406,0.018034535,0.0,0.06322383,0.0,0.0,0.0,0.0,0.0,0.0
1,1,0.26317087,0.5494766,0.10609406,0.018034535,0.0,0.06322383,0.0,0.0,0.0,0.0,0.0,0.0
1,1,0.26317087,0.5494766,0.10609406,0.018034535,0.0,0.06322383,0.0,0.0,0.0,0.0,0.0,0.0
1,1,0.26317087,0.5494766,0.10609406,0.018034535,0.0,0.06322383,0.0,0.0,0.0,0.0,0.0,0.0
1,1,0.22819704,0.5844505,0.10609406,0.018034535,0.0,0.06322383,0.0,0.0,0.0,0.0,0.0,0.0
1,1,0.22819704,0.5844505,0.10609406,0.018034535,0.0,0.06322383,0.0,0.0,0.0,0.0,0.0,0.0
1,1,0.22819704,0.5844505,0.10609406,0.018034535,0.0,0.06322383,0.0,0.0,0.0,0.0,0.0,0.0
1,1,0.22819704,0.5844505,0.10609406,0.018034535,0.0,0.06322383,0.0,0.0,0.0,0.0,0.0,0.0
1,1,0.22819704,0.5844505,0.10609406,0.018034535,0.0,0.06322383,0.0,0.0,0.0,0.0,0.0,0.0
1,1,0.22819704,0.5844505,0.10609406,0.018034535,0.0,0.06322383,0.0,0.0,0.0,0.0,0.0,0.0
1,1,0.22819704,0.5844505,0.10609406,0.018034535,0.0,0.06322383,0.0,0.0,0.0,0.0,0.0,0.0
1,1,0.22819704,0.5844505,0.10609406,0.018034535,0.0,0.06322383,0.0,0.0,0.0,0.0,0.0,0.0
1,1,0.22819704,0.5844505,0.10609406,0.018034535,0.0,0.06322383,0.0,0.0,0.0,0.0,0.0,0.0
1,1,0.22819704,0.5844505,0.10609406,0.018034535,0.0,0.06322383,0.0,0.0,0.0,0.0,0.0,0.0
1,1,0.22819704,0.5844505,0.10609406,0.018034535,0.0,0.06322383,0.0,0.0,0.0,0.0,0.0,0.0
1,1,0.22819704,0.5844505,0.10609406,0.018034535,0.0,0.06322383,0.0,0.0,0.0,0.0,0.0,0.0
1,1,0.22819704,0.5844505,0.10609406,0.018034535,0.0,0.06322383,0.0,0.0,0.0,0.0,0.0,0.0
1,1,0.22819704,0.5844505,0.10609406,0.018034535,0.0,0.06322383,0.0,0.0,0.0,0.0,0.0,0.0
1,1,0.22819704,0.5844505,0.10609406,0.018034535,0.0,0.06322383,0.0,0.0,0.0,0.0,0.0,0.0
1,1,0.22819704,0.5844505,0.10609406,0.018034535,0.0,0.06322383,0.0,0.0,0.0,0.0,0.0,0.0
1,1,0.22819704,0.5844505,0.10609406,0.018034535,0.0,0.06322383,0.0,0.0,0.0,0.0,0.0,0.0
1,1,0.22819704,0.5844505,0.10609406,0.018034535,0.0,0.06322383,0.0,0.0,0.0,0.0,0.0,0.0
1,1,0.19637567,0.6162719,0.10609406,0.018034535,0.0,0.06322383,0.0,0.0,0.0,0.0,0.0,0.0
1,1,0.19637567,0.6162719,0.10609406,0.018034535,0.0,0.06322383,0.0,0.0,0.0,0.0,0.0,0.0
1,1,0.19637567,0.6162719,0.10609406,0.018034535,0.0,0.06322383,0.0,0.0,0.0,0.0,0.0,0.0
1,1,0.19637567,0.6162719,0.10609406,0.018034535,0.0,0.06322383,0.0,0.0,0.0,0.0,0.0,0.0
1,1,0.19637567,0.6162719,0.10609406,0.018034535,0.0,0.06322383,0.0,0.0,0.0,0.0,0.0,0.0
1,1,0.19637567,0.6162719,0.10609406,0.018034535,0.0,0.06322383,0.0,0.0,0.0,0.0,0.0,0.0
1,1,0.19637567,0.6162719,0.10609406,0.018034535,0.0,0.06322383,0.0,0.0,0.0,0.0,0.0,0.0
1,1,0.19637567,0.6162719,0.10609406,0.018034535,0.0,0.06322383,0.0,0.0,0.0,0.0,0.0,0.0
1,1,0.16547795,0.67664754,0.089401245,0.015196985,0.0,0.053276204,0.0,0.0,0.0,0.0,0.0,0.0
1,1,0.16547795,0.67664754,0.089401245,0.015196985,0.0,0.053276204,0.0,0.0,0.0,0.0,0.0,0.0
1,1,0.16547795,0.67664754,0.089401245,0.015196985,0.0,0.053276204,0.0,0.0,0.0,0.0,0.0,0.0
1,1,0.14887312,0.7090943,0.08043031,0.013672048,0.0,0.047930222,0.0,0.0,0.0,0.0,0.0,0.0
1,1,0.14887312,0.7090943,0.08043031,0.013672048,0.0,0.047930222,0.0,0.0,0.0,0.0,0.0,0.0
1,1,0.14887312,0.7090943,0.08043031,0.013672048,0.0,0.047930222,0.0,0.0,0.0,0.0,0.0,0.0
1,1,0.14887312,0.7090943,0.08043031,0.013672048,0.0,0.047930222,0.0,0.0,0.0,0.0,0.0,0.0
1,1,0.14887312,0.7090943,0.08043031,0.013672048,0.0,0.047930222,0.0,0.0,0.0,0.0,0.0,0.0
1,1,0.09960312,0.7583643,0.08043031,0.013672048,0.0,0.047930222,0.0,0.0,0.0,0.0,0.0,0.0
1,1,0.09960312,0.7583643,0.08043031,0.013672048,0.0,0.047930222,0.0,0.0,0.0,0.0,0.0,0.0
1,1,0.09960312,0.7583643,0.08043031,0.013672048,0.0,0.047930222,0.0,0.0,0.0,0.0,0.0,0.0
1,1,0.09960312,0.7583643,0.08043031,0.013672048,0.0,0.047930222,0.0,0.0,0.0,0.0,0.0,0.0
1,1,0.09960312,0.7583643,0.08043031,0.013672048,0.0,0.047930222,0.0,0.0,0.0,0.0,0.0,0.0
1,1,0.09960312,0.7583643,0.08043031,0.013672048,0.0,0.047930222,0.0,0.0,0.0,0.0,0.0,0.0
1,1,0.09960312,0.7583643,0.08043031,0.013672048,0.0,0.047930222,0.0,0.0,0.0,0.0,0.0,0.0
1,1,0.09960312,0.7583643,0.08043031,0.013672048,0.0,0.047930222,0.0,0.0,0.0,0.0,0.0,0.0
1,1,0.09960312,0.7583643,0.08043031,0.013672048,0.0,0.047930222,0.0,0.0,0.0,0.0,0.0,0.0
1,1,0.09960312,0.7583643,0.08043031,0.013672048,0.0,0.047930222,0.0,0.0,0.0,0.0,0.0,0.0
1,1,0.09960312,0.7583643,0.08043031,0.013672048,0.0,0.047930222,0.0,0.0,0.0,0.0,0.0,0.0
1,1,0.09960312,0.7583643,0.08043031,0.013672048,0.0,0.047930222,0.0,0.0,0.0,0.0,0.0,0.0
1,1,0.09960312,0.7583643,0.08043031,0.013672048,0.0,0.047930222,0.0,0.0,0.0,0.0,0.0,0.0
1,1,0.09960312,0.7583643,0.08043031,0.013672048,0.0,0.047930222,0.0,0.0,0.0,0.0,0.0,0.0
1,1,0.09960312,0.7583643,0.08043031,0.013672048,0.0,0.047930222,0.0,0.0,0.0,0.0,0.0,0.0
1,1,0.09960312,0.7583643,0.08043031,0.013672048,0.0,0.047930222,0.0,0.0,0.0,0.0,0.0,0.0
1,1,0.09960312,0.7583643,0.08043031,0.013672048,0.0,0.047930222,0.0,0.0,0.0,0.0,0.0,0.0
1,1,0.09960312,0.7583643,0.08043031,0.013672048,0.0,0.047930222,0.0,0.0,0.0,0.0,0.0,0.0
1,1,0.09960312,0.7583643,0.08043031,0.013672048,0.0,0.047930222,0.0,0.0,0.0,0.0,0.0,0.0
1,1,0.09960312,0.7583643,0.08043031,0.013672048,0.0,0.047930222,0.0,0.0,0.0,0.0,0.0,0.0
1,1,0.09960312,0.7583643,0.08043031,0.013672048,0.0,0.047930222,0.0,0.0,0.0,0.0,0.0,0.0
1,1,0.09960312,0.7583643,0.08043031,0.013672048,0.0,0.047930222,0.0,0.0,0.0,0.0,0.0,0.0
1,1,0.09960312,0.7583643,0.08043031,0.013672048,0.0,0.047930222,0.0,0.0,0.0,0.0,0.0,0.0
1,1,0.09960312,0.7583643,0.08043031,0.013672048,0.0,0.047930222,0.0,0.0,0.0,0.0,0.0,0.0
1,1,0.09960312,0.7583643,0.08043031,0.013672048,0.0,0.047930222,0.0,0.0,0.0,0.0,0.0,0.0
1,1,0.09960312,0.7583643,0.08043031,0.013672048,0.0,0.047930222,0.0,0.0,0.0,0.0,0.0,0.0
1,1,0.09960312,0.7583643,0.08043031,0.013672048,0.0,0.047930222,0.0,0.0,0.0,0.0,0.0,0.0
1,1,0.09960312,0.7583643,0.08043031,0.013672048,0.0,0.047930222,0.0,0.0,0.0,0.0,0.0,0.0
1,1,0.09960312,0.7583643,0.08043031,0.013672048,0.0,0.047930222,0.0,0.0,0.0,0.0,0.0,0.0
1,1,0.09960312,0.7583643,0.08043031,0.013672048,0.0,0.047930222,0.0,0.0,0.0,0.0,0.0,0.0
1,1,0.09960312,0.7583643,0.08043031,0.013672048,0.0,0.047930222,0.0,0.0,0.0,0.0,0.0,0.0
1,1,0.09960312,0.7583643,0.08043031,0.013672048,0.0,0.047930222,0.0,0.0,0.0,0.0,0.0,0.0
1,1,0.09960312,0.7583643,0.08043031,0.013672048,0.0,0.047930222,0.0,0.0,0.0,0.0,0.0,0.0
1,1,0.09960312,0.7583643,0.08043031,0.013672048,0.0,0.047930222,0.0,0.0,0.0,0.0,0.0,0.0
1,1,0.09960312,0.7583643,0.08043031,0.013672048,0.0,0.047930222,0.0,0.0,0.0,0.0,0.0,0.0
1,1,0.09960312,0.7583643,0.08043031,0.013672048,0.0,0.047930222,0.0,0.0,0.0,0.0,0.0,0.0
1,1,0.09960312,0.7583643,0.08043031,0.013672048,0.0,0.047930222,0.0,0.0,0.0,0.0,0.0,0.0
1,1,0.09960312,0.7583643,0.08043031,0.013672048,0.0,0.047930222,0.0,0.0,0.0,0.0,0.0,0.0
1,1,0.09960312,0.7583643,0.08043031,0.013672048,0.0,0.047930222,0.0,0.0,0.0,0.0,0.0,0.0
1,1,0.09960312,0.7583643,0.08043031,0.013672048,0.0,0.047930222,0.0,0.0,0.0,0.0,0.0,0.0
1,1,0.09960312,0.7583643,0.08043031,0.013672048,0.0,0.047930222,0.0,0.0,0.0,0.0,0.0,0.0
1,1,0.09960312,0.7583643,0.08043031,0.013672048,0.0,0.047930222,0.0,0.0,0.0,0.0,0.0,0.0
1,1,0.09960312,0.7583643,0.08043031,0.013672048,0.0,0.047930222,0.0,0.0,0.0,0.0,0.0,0.0
1,1,0.09960312,0.7583643,0.08043031,0.013672048,0.0,0.047930222,0.0,0.0,0.0,0.0,0.0,0.0
1,1,0.09960312,0.7583643,0.08043031,0.013672048,0.0,0.047930222,0.0,0.0,0.0,0.0,0.0,0.0
1,1,0.09960312,0.7583643,0.08043031,0.013672048,0.0,0.047930222,0.0,0.0,0.0,0.0,0.0,0.0
1,1,0.09960312,0.7583643,0.08043031,0.013672048,0.0,0.047930222,0.0,0.0,0.0,0.0,0.0,0.0
1,1,0.09960312,0.7583643,0.08043031,0.013672048,0.0,0.047930222,0.0,0.0,0.0,0.0,0.0,0.0
1,1,0.09960312,0.7583643,0.08043031,0.013672048,0.0,0.047930222,0.0,0.0,0.0,0.0,0.0,0.0
1,1,0.09960312,0.7583643,0.08043031,0.013672048,0.0,0.047930222,0.0,0.0,0.0,0.0,0.0,0.0
1,1,0.09960312,0.7583643,0.08043031,0.013672048,0.0,0.047930222,0.0,0.0,0.0,0.0,0.0,0.0
1,1,0.09960312,0.7583643,0.08043031,0.013672048,0.0,0.047930222,0.0,0.0,0.0,0.0,0.0,0.0
1,1,0.09960312,0.7583643,0.08043031,0.013672048,0.0,0.047930222,0.0,0.0,0.0,0.0,0.0,0.0
1,1,0.09960312,0.7583643,0.08043031,0.013672048,0.0,0.047930222,0.0,0.0,0.0,0.0,0.0,0.0
1,1,0.09960312,0.7583643,0.08043031,0.013672048,0.0,0.047930222,0.0,0.0,0.0,0.0,0.0,0.0
1,1,0.09960312,0.7583643,0.08043031,0.013672048,0.0,0.047930222,0.0,0.0,0.0,0.0,0.0,0.0
1,1,0.09960312,0.7583643,0.08043031,0.013672048,0.0,0.047930222,0.0,0.0,0.0,0.0,0.0,0.0
1,1,0.09960312,0.7583643,0.08043031,0.013672048,0.0,0.047930222,0.0,0.0,0.0,0.0,0.0,0.0
1,1,0.09960312,0.7583643,0.08043031,0.013672048,0.0,0.047930222,0.0,0.0,0.0,0.0,0.0,0.0
1,1,0.09960312,0.7583643,0.08043031,0.013672048,0.0,0.047930222,0.0,0.0,0.0,0.0,0.0,0.0
1,1,0.09960312,0.7583643,0.08043031,0.013672048,0.0,0.047930222,0.0,0.0,0.0,0.0,0.0,0.0
1,1,0.09960312,0.7583643,0.08043031,0.013672048,0.0,0.047930222,0.0,0.0,0.0,0.0,0.0,0.0
1,1,0.09960312,0.7583643,0.08043031,0.013672048,0.0,0.047930222,0.0,0.0,0.0,0.0,0.0,0.0
1,1,0.09960312,0.7583643,0.08043031,0.013672048,0.0,0.047930222,0.0,0.0,0.0,0.0,0.0,0.0
1,1,0.09960312,0.7583643,0.08043031,0.013672048,0.0,0.047930222,0.0,0.0,0.0,0.0,0.0,0.0
1,1,0.09960312,0.7583643,0.08043031,0.013672048,0.0,0.047930222,0.0,0.0,0.0,0.0,0.0,0.0
1,1,0.09960312,0.7583643,0.08043031,0.013672048,0.0,0.047930222,0.0,0.0,0.0,0.0,0.0,0.0
1,1,0.09960312,0.7583643,0.08043031,0.013672048,0.0,0.047930222,0.0,0.0,0.0,0.0,0.0,0.0
1,1,0.09960312,0.7583643,0.08043031,0.013672048,0.0,0.047930222,0.0,0.0,0.0,0.0,0.0,0.0
1,1,0.09960312,0.7583643,0.08043031,0.013672048,0.0,0.047930222,0.0,0.0,0.0,0.0,0.0,0.0
1,1,0.09960312,0.7583643,0.08043031,0.013672048,0.0,0.047930222,0.0,0.0,0.0,0.0,0.0,0.0
1,1,0.09960312,0.7583643,0.08043031,0.013672048,0.0,0.047930222,0.0,0.0,0.0,0.0,0.0,0.0
1,1,0.09960312,0.7583643,0.08043031,0.013672048,0.0,0.047930222,0.0,0.0,0.0,0.0,0.0,0.0
1,1,0.09960312,0.7583643,0.08043031,0.013672048,0.0,0.047930222,0.0,0.0,0.0,0.0,0.0,0.0
1,1,0.09960312,0.7583643,0.08043031,0.013672048,0.0,0.047930222,0.0,0.0,0.0,0.0,0.0,0.0
1,1,0.09960312,0.7583643,0.08043031,0.013672048,0.0,0.047930222,0.0,0.0,0.0,0.0,0.0,0.0
1,1,0.09960312,0.7583643,0.08043031,0.013672048,0.0,0.047930222,0.0,0.0,0.0,0.0,0.0,0.0
1,1,0.09960312,0.7583643,0.08043031,0.013672048,0.0,0.047930222,0.0,0.0,0.0,0.0,0.0,0.0
1,1,0.09960312,0.7583643,0.08043031,0.013672048,0.0,0.047930222,0.0,0.0,0.0,0.0,0.0,0.0
1,1,0.09960312,0.7583643,0.08043031,0.013672048,0.0,0.047930222,0.0,0.0,0.0,0.0,0.0,0.0
1,1,0.09960312,0.7583643,0.08043031,0.013672048,0.0,0.047930222,0.0,0.0,0.0,0.0,0.0,0.0
1,1,0.09960312,0.7583643,0.08043031,0.013672048,0.0,0.047930222,0.0,0.0,0.0,0.0,0.0,0.0
1,1,0.09960312,0.7583643,0.08043031,0.013672048,0.0,0.047930222,0.0,0.0,0.0,0.0,0.0,0.0
1,1,0.09960312,0.7583643,0.08043031,0.013672048,0.0,0.047930222,0.0,0.0,0.0,0.0,0.0,0.0
1,1,0.09960312,0.7583643,0.08043031,0.013672048,0.0,0.047930222,0.0,0.0,0.0,0.0,0.0,0.0
1,1,0.09960312,0.7583643,0.08043031,0.013672048,0.0,0.047930222,0.0,0.0,0.0,0.0,0.0,0.0
1,1,0.18003343,0.7583643,0.0,0.013672048,0.0,0.047930222,0.0,0.0,0.0,0.0,0.0,0.0
1,1,0.18003343,0.7583643,0.0,0.013672048,0.0,0.047930222,0.0,0.0,0.0,0.0,0.0,0.0
1,1,0.18003343,0.7583643,0.0,0.013672048,0.0,0.047930222,0.0,0.0,0.0,0.0,0.0,0.0
1,1,0.18003343,0.7583643,0.0,0.013672048,0.0,0.047930222,0.0,0.0,0.0,0.0,0.0,0.0
1,1,0.18003343,0.7583643,0.0,0.013672048,0.0,0.047930222,0.0,0.0,0.0,0.0,0.0,0.0
1,1,0.18003343,0.7583643,0.0,0.013672048,0.0,0.047930222,0.0,0.0,0.0,0.0,0.0,0.0
1,1,0.18003343,0.7583643,0.0,0.013672048,0.0,0.047930222,0.0,0.0,0.0,0.0,0.0,0.0
1,1,0.18003343,0.7583643,0.0,0.013672048,0.0,0.047930222,0.0,0.0,0.0,0.0,0.0,0.0
1,1,0.14005458,0.7983431,0.0,0.013672049,0.0,0.047930226,0.0,0.0,0.0,0.0,0.0,0.0
1,1,0.14005458,0.7983431,0.0,0.013672049,0.0,0.047930226,0.0,0.0,0.0,0.0,0.0,0.0
1,1,0.14005458,0.7983431,0.0,0.013672049,0.0,0.047930226,0.0,0.0,0.0,0.0,0.0,0.0
1,1,0.14005458,0.7983431,0.0,0.013672049,0.0,0.047930226,0.0,0.0,0.0,0.0,0.0,0.0
1,1,0.14005458,0.7983431,0.0,0.013672049,0.0,0.047930226,0.0,0.0,0.0,0.0,0.0,0.0
1,1,0.14005458,0.7983431,0.0,0.013672049,0.0,0.047930226,0.0,0.0,0.0,0.0,0.0,0.0
1,1,0.14005458,0.7983431,0.0,0.013672049,0.0,0.047930226,0.0,0.0,0.0,0.0,0.0,0.0
1,1,0.14005458,0.7983431,0.0,0.013672049,0.0,0.047930226,0.0,0.0,0.0,0.0,0.0,0.0
1,1,0.14005458,0.7983431,0.0,0.013672049,0.0,0.047930226,0.0,0.0,0.0,0.0,0.0,0.0
1,1,0.14005458,0.7983431,0.0,0.013672049,0.0,0.047930226,0.0,0.0,0.0,0.0,0.0,0.0
1,1,0.14005458,0.7983431,0.0,0.013672049,0.0,0.047930226,0.0,0.0,0.0,0.0,0.0,0.0
1,1,0.14005458,0.7983431,0.0,0.013672049,0.0,0.047930226,0.0,0.0,0.0,0.0,0.0,0.0
1,1,0.14005458,0.7983431,0.0,0.013672049,0.0,0.047930226,0.0,0.0,0.0,0.0,0.0,0.0
1,1,0.14005458,0.7983431,0.0,0.013672049,0.0,0.047930226,0.0,0.0,0.0,0.0,0.0,0.0
1,1,0.14005458,0.7983431,0.0,0.013672049,0.0,0.047930226,0.0,0.0,0.0,0.0,0.0,0.0
1,1,0.14005458,0.7983431,0.0,0.013672049,0.0,0.047930226,0.0,0.0,0.0,0.0,0.0,0.0
1,1,0.14005458,0.7983431,0.0,0.013672049,0.0,0.047930226,0.0,0.0,0.0,0.0,0.0,0.0
1,1,0.14005458,0.7983431,0.0,0.013672049,0.0,0.047930226,0.0,0.0,0.0,0.0,0.0,0.0
1,1,0.14005458,0.7983431,0.0,0.013672049,0.0,0.047930226,0.0,0.0,0.0,0.0,0.0,0.0
1,1,0.14005458,0.7983431,0.0,0.013672049,0.0,0.047930226,0.0,0.0,0.0,0.0,0.0,0.0
1,1,0.14005458,0.7983431,0.0,0.013672049,0.0,0.047930226,0.0,0.0,0.0,0.0,0.0,0.0
1,1,0.14005458,0.7983431,0.0,0.013672049,0.0,0.047930226,0.0,0.0,0.0,0.0,0.0,0.0
1,1,0.14005458,0.7983431,0.0,0.013672049,0.0,0.047930226,0.0,0.0,0.0,0.0,0.0,0.0
1,1,0.14005458,0.7983431,0.0,0.013672049,0.0,0.047930226,0.0,0.0,0.0,0.0,0.0,0.0
1,1,0.14005458,0.7983431,0.0,0.013672049,0.0,0.047930226,0.0,0.0,0.0,0.0,0.0,0.0
1,1,0.14005458,0.7983431,0.0,0.013672049,0.0,0.047930226,0.0,0.0,0.0,0.0,0.0,0.0
1,1,0.14005458,0.7983431,0.0,0.013672049,0.0,0.047930226,0.0,0.0,0.0,0.0,0.0,0.0
1,1,0.14005458,0.7983431,0.0,0.013672049,0.0,0.047930226,0.0,0.0,0.0,0.0,0.0,0.0
1,1,0.14005458,0.7983431,0.0,0.013672049,0.0,0.047930226,0.0,0.0,0.0,0.0,0.0,0.0
1,1,0.14005458,0.7983431,0.0,0.013672049,0.0,0.047930226,0.0,0.0,0.0,0.0,0.0,0.0
1,1,0.14005458,0.7983431,0.0,0.013672049,0.0,0.047930226,0.0,0.0,0.0,0.0,0.0,0.0
1,1,0.14005458,0.7983431,0.0,0.013672049,0.0,0.047930226,0.0,0.0,0.0,0.0,0.0,0.0
1,1,0.14005458,0.7983431,0.0,0.013672049,0.0,0.047930226,0.0,0.0,0.0,0.0,0.0,0.0
1,1,0.14005458,0.7983431,0.0,0.013672049,0.0,0.047930226,0.0,0.0,0.0,0.0,0.0,0.0
1,1,0.14005458,0.7983431,0.0,0.013672049,0.0,0.047930226,0.0,0.0,0.0,0.0,0.0,0.0
1,1,0.14005458,0.7983431,0.0,0.013672049,0.0,0.047930226,0.0,0.0,0.0,0.0,0.0,0.0
1,1,0.14005458,0.7983431,0.0,0.013672049,0.0,0.047930226,0.0,0.0,0.0,0.0,0.0,0.0
1,1,0.14005458,0.7983431,0.0,0.013672049,0.0,0.047930226,0.0,0.0,0.0,0.0,0.0,0.0
1,1,0.14005458,0.7983431,0.0,0.013672049,0.0,0.047930226,0.0,0.0,0.0,0.0,0.0,0.0
1,1,0.14005458,0.7983431,0.0,0.013672049,0.0,0.047930226,0.0,0.0,0.0,0.0,0.0,0.0
1,1,0.14005458,0.7983431,0.0,0.013672049,0.0,0.047930226,0.0,0.0,0.0,0.0,0.0,0.0
1,1,0.14005458,0.7983431,0.0,0.013672049,0.0,0.047930226,0.0,0.0,0.0,0.0,0.0,0.0
1,1,0.14005458,0.7983431,0.0,0.013672049,0.0,0.047930226,0.0,0.0,0.0,0.0,0.0,0.0
1,1,0.14005458,0.7983431,0.0,0.013672049,0.0,0.047930226,0.0,0.0,0.0,0.0,0.0,0.0
1,1,0.14005458,0.7983431,0.0,0.013672049,0.0,0.047930226,0.0,0.0,0.0,0.0,0.0,0.0
1,1,0.14005458,0.7983431,0.0,0.013672049,0.0,0.047930226,0.0,0.0,0.0,0.0,0.0,0.0
1,1,0.14005458,0.7983431,0.0,0.013672049,0.0,0.047930226,0.0,0.0,0.0,0.0,0.0,0.0
1,1,0.14005458,0.7983431,0.0,0.013672049,0.0,0.047930226,0.0,0.0,0.0,0.0,0.0,0.0
1,1,0.14005458,0.7983431,0.0,0.013672049,0.0,0.047930226,0.0,0.0,0.0,0.0,0.0,0.0
1,1,0.14005458,0.7983431,0.0,0.013672049,0.0,0.047930226,0.0,0.0,0.0,0.0,0.0,0.0
1,1,0.14005458,0.7983431,0.0,0.013672049,0.0,0.047930226,0.0,0.0,0.0,0.0,0.0,0.0
1,1,0.14005458,0.7983431,0.0,0.013672049,0.0,0.047930226,0.0,0.0,0.0,0.0,0.0,0.0
1,1,0.14005458,0.7983431,0.0,0.013672049,0.0,0.047930226,0.0,0.0,0.0,0.0,0.0,0.0
1,1,0.14005458,0.7983431,0.0,0.013672049,0.0,0.047930226,0.0,0.0,0.0,0.0,0.0,0.0
1,1,0.14005458,0.7983431,0.0,0.013672049,0.0,0.047930226,0.0,0.0,0.0,0.0,0.0,0.0
1,1,0.14005458,0.7983431,0.0,0.013672049,0.0,0.047930226,0.0,0.0,0.0,0.0,0.0,0.0
1,1,0.14005458,0.7983431,0.0,0.013672049,0.0,0.047930226,0.0,0.0,0.0,0.0,0.0,0.0
1,1,0.14005458,0.7983431,0.0,0.013672049,0.0,0.047930226,0.0,0.0,0.0,0.0,0.0,0.0
1,1,0.14005458,0.7983431,0.0,0.013672049,0.0,0.047930226,0.0,0.0,0.0,0.0,0.0,0.0
1,1,0.14005458,0.7983431,0.0,0.013672049,0.0,0.047930226,0.0,0.0,0.0,0.0,0.0,0.0
1,1,0.14005458,0.7983431,0.0,0.013672049,0.0,0.047930226,0.0,0.0,0.0,0.0,0.0,0.0
1,1,0.14005458,0.7983431,0.0,0.013672049,0.0,0.047930226,0.0,0.0,0.0,0.0,0.0,0.0
1,1,0.14005458,0.7983431,0.0,0.013672049,0.0,0.047930226,0.0,0.0,0.0,0.0,0.0,0.0
1,1,0.14005458,0.7983431,0.0,0.013672049,0.0,0.047930226,0.0,0.0,0.0,0.0,0.0,0.0
1,1,0.14005458,0.7983431,0.0,0.013672049,0.0,0.047930226,0.0,0.0,0.0,0.0,0.0,0.0
1,1,0.14005458,0.7983431,0.0,0.013672049,0.0,0.047930226,0.0,0.0,0.0,0.0,0.0,0.0
1,1,0.14005458,0.7983431,0.0,0.013672049,0.0,0.047930226,0.0,0.0,0.0,0.0,0.0,0.0
1,1,0.14005458,0.7983431,0.0,0.013672049,0.0,0.047930226,0.0,0.0,0.0,0.0,0.0,0.0
1,1,0.14005458,0.7983431,0.0,0.013672049,0.0,0.047930226,0.0,0.0,0.0,0.0,0.0,0.0
1,1,0.14005458,0.7983431,0.0,0.013672049,0.0,0.047930226,0.0,0.0,0.0,0.0,0.0,0.0
1,1,0.14005458,0.7983431,0.0,0.013672049,0.0,0.047930226,0.0,0.0,0.0,0.0,0.0,0.0
1,1,0.14005458,0.7983431,0.0,0.013672049,0.0,0.047930226,0.0,0.0,0.0,0.0,0.0,0.0
1,1,0.14005458,0.7983431,0.0,0.013672049,0.0,0.047930226,0.0,0.0,0.0,0.0,0.0,0.0
1,1,0.14005458,0.7983431,0.0,0.013672049,0.0,0.047930226,0.0,0.0,0.0,0.0,0.0,0.0
1,1,0.14005458,0.7983431,0.0,0.013672049,0.0,0.047930226,0.0,0.0,0.0,0.0,0.0,0.0
1,1,0.14005458,0.7983431,0.0,0.013672049,0.0,0.047930226,0.0,0.0,0.0,0.0,0.0,0.0
1,1,0.14005458,0.7983431,0.0,0.013672049,0.0,0.047930226,0.0,0.0,0.0,0.0,0.0,0.0
1,1,0.14005458,0.7983431,0.0,0.013672049,0.0,0.047930226,0.0,0.0,0.0,0.0,0.0,0.0
1,1,0.14005458,0.7983431,0.0,0.013672049,0.0,0.047930226,0.0,0.0,0.0,0.0,0.0,0.0
1,1,0.14005458,0.7983431,0.0,0.013672049,0.0,0.047930226,0.0,0.0,0.0,0.0,0.0,0.0
1,1,0.14005458,0.7983431,0.0,0.013672049,0.0,0.047930226,0.0,0.0,0.0,0.0,0.0,0.0
1,1,0.14005458,0.7983431,0.0,0.013672049,0.0,0.047930226,0.0,0.0,0.0,0.0,0.0,0.0
1,1,0.14005458,0.7983431,0.0,0.013672049,0.0,0.047930226,0.0,0.0,0.0,0.0,0.0,0.0
1,1,0.14005458,0.7983431,0.0,0.013672049,0.0,0.047930226,0.0,0.0,0.0,0.0,0.0,0.0
1,1,0.14005458,0.7983431,0.0,0.013672049,0.0,0.047930226,0.0,0.0,0.0,0.0,0.0,0.0
1,1,0.14005458,0.7983431,0.0,0.013672049,0.0,0.047930226,0.0,0.0,0.0,0.0,0.0,0.0
1,1,0.14005458,0.7983431,0.0,0.013672049,0.0,0.047930226,0.0,0.0,0.0,0.0,0.0,0.0
1,1,0.14005458,0.7983431,0.0,0.013672049,0.0,0.047930226,0.0,0.0,0.0,0.0,0.0,0.0
1,1,0.14005458,0.7983431,0.0,0.013672049,0.0,0.047930226,0.0,0.0,0.0,0.0,0.0,0.0
1,1,0.14005458,0.7983431,0.0,0.013672049,0.0,0.047930226,0.0,0.0,0.0,0.0,0.0,0.0
1,1,0.14005458,0.7983431,0.0,0.013672049,0.0,0.047930226,0.0,0.0,0.0,0.0,0.0,0.0
1,1,0.14005458,0.7983431,0.0,0.013672049,0.0,0.047930226,0.0,0.0,0.0,0.0,0.0,0.0
1,1,0.14005458,0.7983431,0.0,0.013672049,0.0,0.047930226,0.0,0.0,0.0,0.0,0.0,0.0
1,1,0.14005458,0.7983431,0.0,0.013672049,0.0,0.047930226,0.0,0.0,0.0,0.0,0.0,0.0
1,1,0.14005458,0.7983431,0.0,0.013672049,0.0,0.047930226,0.0,0.0,0.0,0.0,0.0,0.0
1,1,0.14005458,0.7983431,0.0,0.013672049,0.0,0.047930226,0.0,0.0,0.0,0.0,0.0,0.0
1,1,0.14005458,0.7983431,0.0,0.013672049,0.0,0.047930226,0.0,0.0,0.0,0.0,0.0,0.0
1,1,0.14005458,0.7983431,0.0,0.013672049,0.0,0.047930226,0.0,0.0,0.0,0.0,0.0,0.0
1,1,0.14005458,0.7983431,0.0,0.013672049,0.0,0.047930226,0.0,0.0,0.0,0.0,0.0,0.0
1,1,0.14005458,0.7983431,0.0,0.013672049,0.0,0.047930226,0.0,0.0,0.0,0.0,0.0,0.0
1,1,0.14005458,0.7983431,0.0,0.013672049,0.0,0.047930226,0.0,0.0,0.0,0.0,0.0,0.0
1,1,0.14005458,0.7983431,0.0,0.013672049,0.0,0.047930226,0.0,0.0,0.0,0.0,0.0,0.0
1,1,0.14005458,0.7983431,0.0,0.013672049,0.0,0.047930226,0.0,0.0,0.0,0.0,0.0,0.0
1,1,0.14005458,0.7983431,0.0,0.013672049,0.0,0.047930226,0.0,0.0,0.0,0.0,0.0,0.0
1,1,0.14005458,0.7983431,0.0,0.013672049,0.0,0.047930226,0.0,0.0,0.0,0.0,0.0,0.0
1,1,0.14005458,0.7983431,0.0,0.013672049,0.0,0.047930226,0.0,0.0,0.0,0.0,0.0,0.0
1,1,0.14005458,0.7983431,0.0,0.013672049,0.0,0.047930226,0.0,0.0,0.0,0.0,0.0,0.0
1,1,0.14005458,0.7983431,0.0,0.013672049,0.0,0.047930226,0.0,0.0,0.0,0.0,0.0,0.0
1,1,0.14005458,0.7983431,0.0,0.013672049,0.0,0.047930226,0.0,0.0,0.0,0.0,0.0,0.0
1,1,0.14005458,0.7983431,0.0,0.013672049,0.0,0.047930226,0.0,0.0,0.0,0.0,0.0,0.0
1,1,0.14005458,0.7983431,0.0,0.013672049,0.0,0.047930226,0.0,0.0,0.0,0.0,0.0,0.0
1,1,0.14005458,0.7983431,0.0,0.013672049,0.0,0.047930226,0.0,0.0,0.0,0.0,0.0,0.0
1,1,0.14005458,0.7983431,0.0,0.013672049,0.0,0.047930226,0.0,0.0,0.0,0.0,0.0,0.0
1,1,0.14005458,0.7983431,0.0,0.013672049,0.0,0.047930226,0.0,0.0,0.0,0.0,0.0,0.0
1,1,0.14005458,0.7983431,0.0,0.013672049,0.0,0.047930226,0.0,0.0,0.0,0.0,0.0,0.0
1,1,0.14005458,0.7983431,0.0,0.013672049,0.0,0.047930226,0.0,0.0,0.0,0.0,0.0,0.0
1,1,0.14005458,0.7983431,0.0,0.013672049,0.0,0.047930226,0.0,0.0,0.0,0.0,0.0,0.0
1,1,0.14005458,0.7983431,0.0,0.013672049,0.0,0.047930226,0.0,0.0,0.0,0.0,0.0,0.0
1,1,0.14005458,0.7983431,0.0,0.013672049,0.0,0.047930226,0.0,0.0,0.0,0.0,0.0,0.0
1,1,0.14005458,0.7983431,0.0,0.013672049,0.0,0.047930226,0.0,0.0,0.0,0.0,0.0,0.0
1,1,0.14005458,0.7983431,0.0,0.013672049,0.0,0.047930226,0.0,0.0,0.0,0.0,0.0,0.0
1,1,0.14005458,0.7983431,0.0,0.013672049,0.0,0.047930226,0.0,0.0,0.0,0.0,0.0,0.0
1,1,0.14005458,0.7983431,0.0,0.013672049,0.0,0.047930226,0.0,0.0,0.0,0.0,0.0,0.0
1,1,0.14005458,0.7983431,0.0,0.013672049,0.0,0.047930226,0.0,0.0,0.0,0.0,0.0,0.0
1,1,0.14005458,0.7983431,0.0,0.013672049,0.0,0.047930226,0.0,0.0,0.0,0.0,0.0,0.0
1,1,0.14005458,0.7983431,0.0,0.013672049,0.0,0.047930226,0.0,0.0,0.0,0.0,0.0,0.0
1,1,0.14005458,0.7983431,0.0,0.013672049,0.0,0.047930226,0.0,0.0,0.0,0.0,0.0,0.0
1,1,0.14005458,0.7983431,0.0,0.013672049,0.0,0.047930226,0.0,0.0,0.0,0.0,0.0,0.0
1,1,0.14005458,0.7983431,0.0,0.0,0.013672049,0.047930226,0.0,0.0,0.0,0.0,0.0,0.0
1,1,0.14005458,0.7983431,0.0,0.0,0.013672049,0.047930226,0.0,0.0,0.0,0.0,0.0,0.0
1,1,0.14005458,0.7983431,0.0,0.0,0.013672049,0.047930226,0.0,0.0,0.0,0.0,0.0,0.0
1,1,0.14005458,0.7983431,0.0,0.0,0.013672049,0.047930226,0.0,0.0,0.0,0.0,0.0,0.0
1,1,0.14005458,0.7983431,0.0,0.0,0.013672049,0.047930226,0.0,0.0,0.0,0.0,0.0,0.0
1,1,0.14005458,0.7983431,0.0,0.0,0.013672049,0.047930226,0.0,0.0,0.0,0.0,0.0,0.0
1,1,0.14005458,0.7983431,0.0,0.0,0.013672049,0.047930226,0.0,0.0,0.0,0.0,0.0,0.0
1,1,0.14005458,0.7983431,0.0,0.0,0.013672049,0.047930226,0.0,0.0,0.0,0.0,0.0,0.0
1,1,0.14005458,0.7983431,0.0,0.0,0.013672049,0.047930226,0.0,0.0,0.0,0.0,0.0,0.0
1,1,0.14005458,0.7983431,0.0,0.0,0.013672049,0.047930226,0.0,0.0,0.0,0.0,0.0,0.0
1,1,0.14005458,0.7983431,0.0,0.0,0.013672049,0.047930226,0.0,0.0,0.0,0.0,0.0,0.0
1,1,0.14005458,0.7983431,0.0,0.0,0.013672049,0.047930226,0.0,0.0,0.0,0.0,0.0,0.0
1,1,0.14005458,0.7983431,0.0,0.0,0.013672049,0.047930226,0.0,0.0,0.0,0.0,0.0,0.0
1,1,0.14005458,0.7983431,0.0,0.0,0.013672049,0.047930226,0.0,0.0,0.0,0.0,0.0,0.0
1,1,0.14005458,0.7983431,0.0,0.0,0.013672049,0.047930226,0.0,0.0,0.0,0.0,0.0,0.0
1,1,0.14005458,0.7983431,0.0,0.0,0.013672049,0.047930226,0.0,0.0,0.0,0.0,0.0,0.0
1,1,0.14005458,0.7983431,0.0,0.0,0.013672049,0.047930226,0.0,0.0,0.0,0.0,0.0,0.0
1,1,0.14005458,0.7983431,0.0,0.0,0.013672049,0.047930226,0.0,0.0,0.0,0.0,0.0,0.0
1,1,0.14005458,0.7983431,0.0,0.0,0.013672049,0.047930226,0.0,0.0,0.0,0.0,0.0,0.0
1,1,0.14005458,0.7983431,0.0,0.0,0.013672049,0.047930226,0.0,0.0,0.0,0.0,0.0,0.0
1,1,0.14005458,0.7983431,0.0,0.0,0.013672049,0.047930226,0.0,0.0,0.0,0.0,0.0,0.0
1,1,0.14005458,0.7983431,0.0,0.0,0.013672049,0.047930226,0.0,0.0,0.0,0.0,0.0,0.0
1,1,0.14005458,0.7983431,0.0,0.0,0.013672049,0.047930226,0.0,0.0,0.0,0.0,0.0,0.0
1,1,0.14005458,0.7983431,0.0,0.0,0.013672049,0.047930226,0.0,0.0,0.0,0.0,0.0,0.0
1,1,0.14005458,0.7983431,0.0,0.0,0.013672049,0.047930226,0.0,0.0,0.0,0.0,0.0,0.0
1,1,0.14005458,0.7983431,0.0,0.0,0.013672049,0.047930226,0.0,0.0,0.0,0.0,0.0,0.0
1,1,0.14005458,0.7983431,0.0,0.0,0.013672049,0.047930226,0.0,0.0,0.0,0.0,0.0,0.0
1,1,0.14005458,0.7983431,0.0,0.0,0.013672049,0.047930226,0.0,0.0,0.0,0.0,0.0,0.0
1,1,0.14005458,0.7983431,0.0,0.0,0.013672049,0.047930226,0.0,0.0,0.0,0.0,0.0,0.0
1,1,0.14005458,0.7983431,0.0,0.0,0.013672049,0.047930226,0.0,0.0,0.0,0.0,0.0,0.0
1,1,0.14005458,0.7983431,0.0,0.0,0.013672049,0.047930226,0.0,0.0,0.0,0.0,0.0,0.0
1,1,0.14005458,0.7983431,0.0,0.0,0.013672049,0.047930226,0.0,0.0,0.0,0.0,0.0,0.0
1,1,0.14005458,0.7983431,0.0,0.0,0.013672049,0.047930226,0.0,0.0,0.0,0.0,0.0,0.0
1,1,0.14005458,0.7983431,0.0,0.0,0.013672049,0.047930226,0.0,0.0,0.0,0.0,0.0,0.0
1,1,0.14005458,0.7983431,0.0,0.0,0.013672049,0.047930226,0.0,0.0,0.0,0.0,0.0,0.0
1,1,0.14005458,0.7983431,0.0,0.0,0.013672049,0.047930226,0.0,0.0,0.0,0.0,0.0,0.0
1,1,0.14005458,0.7983431,0.0,0.0,0.013672049,0.047930226,0.0,0.0,0.0,0.0,0.0,0.0
1,1,0.14005458,0.7983431,0.0,0.0,0.013672049,0.047930226,0.0,0.0,0.0,0.0,0.0,0.0
1,1,0.14005458,0.7983431,0.0,0.0,0.013672049,0.047930226,0.0,0.0,0.0,0.0,0.0,0.0
1,1,0.14005458,0.7983431,0.0,0.0,0.013672049,0.047930226,0.0,0.0,0.0,0.0,0.0,0.0
1,1,0.14005458,0.7983431,0.0,0.0,0.013672049,0.047930226,0.0,0.0,0.0,0.0,0.0,0.0
1,1,0.14005458,0.7983431,0.0,0.0,0.013672049,0.047930226,0.0,0.0,0.0,0.0,0.0,0.0
1,1,0.14005458,0.7983431,0.0,0.0,0.013672049,0.047930226,0.0,0.0,0.0,0.0,0.0,0.0
1,1,0.14005458,0.7983431,0.0,0.0,0.013672049,0.047930226,0.0,0.0,0.0,0.0,0.0,0.0
1,1,0.14005458,0.7983431,0.0,0.0,0.013672049,0.047930226,0.0,0.0,0.0,0.0,0.0,0.0
1,1,0.14005458,0.7983431,0.0,0.0,0.013672049,0.047930226,0.0,0.0,0.0,0.0,0.0,0.0
1,1,0.14005458,0.7983431,0.0,0.0,0.013672049,0.047930226,0.0,0.0,0.0,0.0,0.0,0.0
1,1,0.14005458,0.7983431,0.0,0.0,0.013672049,0.047930226,0.0,0.0,0.0,0.0,0.0,0.0
1,1,0.14005458,0.7983431,0.0,0.0,0.013672049,0.047930226,0.0,0.0,0.0,0.0,0.0,0.0
1,1,0.14005458,0.7983431,0.0,0.0,0.013672049,0.047930226,0.0,0.0,0.0,0.0,0.0,0.0
1,1,0.14005458,0.7983431,0.0,0.0,0.013672049,0.047930226,0.0,0.0,0.0,0.0,0.0,0.0
1,1,0.14005458,0.7983431,0.0,0.0,0.013672049,0.047930226,0.0,0.0,0.0,0.0,0.0,0.0
1,1,0.14005458,0.7983431,0.0,0.0,0.013672049,0.047930226,0.0,0.0,0.0,0.0,0.0,0.0
1,1,0.14005458,0.7983431,0.0,0.0,0.013672049,0.047930226,0.0,0.0,0.0,0.0,0.0,0.0
1,1,0.14005458,0.7983431,0.0,0.0,0.013672049,0.047930226,0.0,0.0,0.0,0.0,0.0,0.0
1,1,0.14005458,0.7983431,0.0,0.0,0.013672049,0.047930226,0.0,0.0,0.0,0.0,0.0,0.0
1,1,0.14005458,0.7983431,0.0,0.0,0.013672049,0.047930226,0.0,0.0,0.0,0.0,0.0,0.0
1,1,0.14005458,0.7983431,0.0,0.0,0.013672049,0.047930226,0.0,0.0,0.0,0.0,0.0,0.0
1,1,0.14005458,0.7983431,0.0,0.0,0.013672049,0.047930226,0.0,0.0,0.0,0.0,0.0,0.0
1,1,0.14005458,0.7983431,0.0,0.0,0.013672049,0.047930226,0.0,0.0,0.0,0.0,0.0,0.0
1,1,0.14005458,0.7983431,0.0,0.0,0.013672049,0.047930226,0.0,0.0,0.0,0.0,0.0,0.0
1,1,0.14005458,0.7983431,0.0,0.0,0.013672049,0.047930226,0.0,0.0,0.0,0.0,0.0,0.0
1,1,0.14005458,0.7983431,0.0,0.0,0.013672049,0.047930226,0.0,0.0,0.0,0.0,0.0,0.0
1,1,0.14005458,0.7983431,0.0,0.0,0.013672049,0.047930226,0.0,0.0,0.0,0.0,0.0,0.0
1,1,0.14005458,0.7983431,0.0,0.0,0.013672049,0.047930226,0.0,0.0,0.0,0.0,0.0,0.0
1,1,0.14005458,0.7983431,0.0,0.0,0.013672049,0.047930226,0.0,0.0,0.0,0.0,0.0,0.0
1,1,0.14005458,0.7983431,0.0,0.0,0.013672049,0.047930226,0.0,0.0,0.0,0.0,0.0,0.0
1,1,0.14005458,0.7983431,0.0,0.0,0.013672049,0.047930226,0.0,0.0,0.0,0.0,0.0,0.0
1,1,0.14005458,0.7983431,0.0,0.0,0.013672049,0.047930226,0.0,0.0,0.0,0.0,0.0,0.0
1,1,0.14005458,0.7983431,0.0,0.0,0.013672049,0.047930226,0.0,0.0,0.0,0.0,0.0,0.0
1,1,0.14005458,0.7983431,0.0,0.0,0.013672049,0.047930226,0.0,0.0,0.0,0.0,0.0,0.0
1,1,0.14005458,0.7983431,0.0,0.0,0.013672049,0.047930226,0.0,0.0,0.0,0.0,0.0,0.0
1,1,0.14005458,0.7983431,0.0,0.0,0.013672049,0.047930226,0.0,0.0,0.0,0.0,0.0,0.0
1,1,0.14005458,0.7983431,0.0,0.0,0.013672049,0.047930226,0.0,0.0,0.0,0.0,0.0,0.0
1,1,0.14005458,0.7983431,0.0,0.0,0.013672049,0.047930226,0.0,0.0,0.0,0.0,0.0,0.0
1,1,0.14005458,0.7983431,0.0,0.0,0.013672049,0.047930226,0.0,0.0,0.0,0.0,0.0,0.0
1,1,0.14005458,0.7983431,0.0,0.0,0.013672049,0.047930226,0.0,0.0,0.0,0.0,0.0,0.0
1,1,0.14005458,0.7983431,0.0,0.0,0.013672049,0.047930226,0.0,0.0,0.0,0.0,0.0,0.0
1,1,0.14005458,0.7983431,0.0,0.0,0.013672049,0.047930226,0.0,0.0,0.0,0.0,0.0,0.0
1,1,0.14005458,0.7983431,0.0,0.0,0.013672049,0.047930226,0.0,0.0,0.0,0.0,0.0,0.0
1,1,0.14005458,0.7983431,0.0,0.0,0.013672049,0.047930226,0.0,0.0,0.0,0.0,0.0,0.0
1,1,0.14005458,0.7983431,0.0,0.0,0.013672049,0.047930226,0.0,0.0,0.0,0.0,0.0,0.0
1,1,0.14005458,0.7983431,0.0,0.0,0.013672049,0.047930226,0.0,0.0,0.0,0.0,0.0,0.0
1,1,0.14005458,0.7983431,0.0,0.0,0.013672049,0.047930226,0.0,0.0,0.0,0.0,0.0,0.0
1,1,0.14005458,0.7983431,0.0,0.0,0.013672049,0.047930226,0.0,0.0,0.0,0.0,0.0,0.0
1,1,0.14005458,0.7983431,0.0,0.0,0.013672049,0.047930226,0.0,0.0,0.0,0.0,0.0,0.0
1,1,0.14005458,0.7983431,0.0,0.0,0.013672049,0.047930226,0.0,0.0,0.0,0.0,0.0,0.0
1,1,0.14005458,0.7983431,0.0,0.0,0.013672049,0.047930226,0.0,0.0,0.0,0.0,0.0,0.0
1,1,0.14005458,0.7983431,0.0,0.0,0.013672049,0.047930226,0.0,0.0,0.0,0.0,0.0,0.0
1,1,0.14005458,0.7983431,0.0,0.0,0.013672049,0.047930226,0.0,0.0,0.0,0.0,0.0,0.0
1,1,0.14005458,0.7983431,0.0,0.0,0.013672049,0.047930226,0.0,0.0,0.0,0.0,0.0,0.0
1,1,0.14005458,0.7983431,0.0,0.0,0.013672049,0.047930226,0.0,0.0,0.0,0.0,0.0,0.0
1,1,0.14005458,0.7983431,0.0,0.0,0.013672049,0.047930226,0.0,0.0,0.0,0.0,0.0,0.0
1,1,0.14005458,0.7983431,0.0,0.0,0.013672049,0.047930226,0.0,0.0,0.0,0.0,0.0,0.0
1,1,0.14005458,0.7983431,0.0,0.0,0.013672049,0.047930226,0.0,0.0,0.0,0.0,0.0,0.0
1,1,0.14005458,0.7983431,0.0,0.0,0.013672049,0.047930226,0.0,0.0,0.0,0.0,0.0,0.0
1,1,0.14005458,0.7983431,0.0,0.0,0.013672049,0.047930226,0.0,0.0,0.0,0.0,0.0,0.0
1,1,0.14005458,0.7983431,0.0,0.0,0.013672049,0.047930226,0.0,0.0,0.0,0.0,0.0,0.0
1,1,0.14005458,0.7983431,0.0,0.0,0.013672049,0.047930226,0.0,0.0,0.0,0.0,0.0,0.0
1,1,0.14005458,0.7983431,0.0,0.0,0.013672049,0.047930226,0.0,0.0,0.0,0.0,0.0,0.0
1,1,0.14005458,0.7983431,0.0,0.0,0.013672049,0.047930226,0.0,0.0,0.0,0.0,0.0,0.0
1,1,0.14005458,0.7983431,0.0,0.0,0.013672049,0.047930226,0.0,0.0,0.0,0.0,0.0,0.0
1,1,0.14005458,0.7983431,0.0,0.0,0.013672049,0.047930226,0.0,0.0,0.0,0.0,0.0,0.0
1,1,0.14005458,0.7983431,0.0,0.0,0.013672049,0.047930226,0.0,0.0,0.0,0.0,0.0,0.0
1,1,0.14005458,0.7983431,0.0,0.0,0.013672049,0.047930226,0.0,0.0,0.0,0.0,0.0,0.0
1,1,0.14005458,0.7983431,0.0,0.0,0.013672049,0.047930226,0.0,0.0,0.0,0.0,0.0,0.0
1,1,0.14005458,0.7983431,0.0,0.0,0.013672049,0.047930226,0.0,0.0,0.0,0.0,0.0,0.0
1,1,0.14005458,0.7983431,0.0,0.0,0.013672049,0.047930226,0.0,0.0,0.0,0.0,0.0,0.0
1,1,0.14005458,0.7983431,0.0,0.0,0.013672049,0.047930226,0.0,0.0,0.0,0.0,0.0,0.0
1,1,0.14005458,0.7983431,0.0,0.0,0.013672049,0.047930226,0.0,0.0,0.0,0.0,0.0,0.0
1,1,0.14005458,0.7983431,0.0,0.0,0.013672049,0.047930226,0.0,0.0,0.0,0.0,0.0,0.0
1,1,0.14005458,0.7983431,0.0,0.0,0.013672049,0.047930226,0.0,0.0,0.0,0.0,0.0,0.0
1,1,0.14005458,0.7983431,0.0,0.0,0.013672049,0.047930226,0.0,0.0,0.0,0.0,0.0,0.0
1,1,0.14005458,0.7983431,0.0,0.0,0.013672049,0.047930226,0.0,0.0,0.0,0.0,0.0,0.0
1,1,0.14005458,0.7983431,0.0,0.0,0.013672049,0.047930226,0.0,0.0,0.0,0.0,0.0,0.0
1,1,0.14005458,0.7983431,0.0,0.0,0.013672049,0.047930226,0.0,0.0,0.0,0.0,0.0,0.0
1,1,0.14005458,0.7983431,0.0,0.0,0.013672049,0.047930226,0.0,0.0,0.0,0.0,0.0,0.0
1,1,0.14005458,0.7983431,0.0,0.0,0.013672049,0.047930226,0.0,0.0,0.0,0.0,0.0,0.0
1,1,0.14005458,0.7983431,0.0,0.0,0.013672049,0.047930226,0.0,0.0,0.0,0.0,0.0,0.0
1,1,0.14005458,0.7983431,0.0,0.0,0.013672049,0.047930226,0.0,0.0,0.0,0.0,0.0,0.0
1,1,0.14005458,0.7983431,0.0,0.0,0.013672049,0.047930226,0.0,0.0,0.0,0.0,0.0,0.0
1,1,0.14005458,0.7983431,0.0,0.0,0.013672049,0.047930226,0.0,0.0,0.0,0.0,0.0,0.0
1,1,0.14005458,0.7983431,0.0,0.0,0.013672049,0.047930226,0.0,0.0,0.0,0.0,0.0,0.0
1,1,0.14005458,0.7983431,0.0,0.0,0.013672049,0.047930226,0.0,0.0,0.0,0.0,0.0,0.0
1,1,0.14005458,0.7983431,0.0,0.0,0.013672049,0.047930226,0.0,0.0,0.0,0.0,0.0,0.0
1,1,0.14005458,0.7983431,0.0,0.0,0.013672049,0.047930226,0.0,0.0,0.0,0.0,0.0,0.0
1,1,0.14005458,0.7983431,0.0,0.0,0.013672049,0.047930226,0.0,0.0,0.0,0.0,0.0,0.0
1,1,0.14005458,0.7983431,0.0,0.0,0.013672049,0.047930226,0.0,0.0,0.0,0.0,0.0,0.0
1,1,0.14005458,0.7983431,0.0,0.0,0.013672049,0.047930226,0.0,0.0,0.0,0.0,0.0,0.0
1,1,0.14005458,0.7983431,0.0,0.0,0.013672049,0.047930226,0.0,0.0,0.0,0.0,0.0,0.0
1,1,0.14005458,0.7983431,0.0,0.0,0.013672049,0.047930226,0.0,0.0,0.0,0.0,0.0,0.0
1,1,0.14005458,0.7983431,0.0,0.0,0.013672049,0.047930226,0.0,0.0,0.0,0.0,0.0,0.0
1,1,0.14005458,0.7983431,0.0,0.0,0.013672049,0.047930226,0.0,0.0,0.0,0.0,0.0,0.0
1,1,0.14005458,0.7983431,0.0,0.0,0.013672049,0.047930226,0.0,0.0,0.0,0.0,0.0,0.0
1,1,0.14005458,0.7983431,0.0,0.0,0.013672049,0.047930226,0.0,0.0,0.0,0.0,0.0,0.0
1,1,0.14005458,0.7983431,0.0,0.0,0.013672049,0.047930226,0.0,0.0,0.0,0.0,0.0,0.0
1,1,0.14005458,0.7983431,0.0,0.0,0.013672049,0.047930226,0.0,0.0,0.0,0.0,0.0,0.0
1,1,0.14005458,0.7983431,0.0,0.0,0.013672049,0.047930226,0.0,0.0,0.0,0.0,0.0,0.0
1,1,0.14005458,0.7983431,0.0,0.0,0.013672049,0.047930226,0.0,0.0,0.0,0.0,0.0,0.0
1,1,0.14005458,0.7983431,0.0,0.0,0.013672049,0.047930226,0.0,0.0,0.0,0.0,0.0,0.0
1,1,0.14005458,0.7983431,0.0,0.0,0.013672049,0.047930226,0.0,0.0,0.0,0.0,0.0,0.0
1,1,0.14005458,0.7983431,0.0,0.0,0.013672049,0.047930226,0.0,0.0,0.0,0.0,0.0,0.0
1,1,0.14005458,0.7983431,0.0,0.0,0.013672049,0.047930226,0.0,0.0,0.0,0.0,0.0,0.0
1,1,0.14005458,0.7983431,0.0,0.0,0.013672049,0.047930226,0.0,0.0,0.0,0.0,0.0,0.0
1,1,0.14005458,0.7983431,0.0,0.0,0.013672049,0.047930226,0.0,0.0,0.0,0.0,0.0,0.0
1,1,0.14005458,0.7983431,0.0,0.0,0.013672049,0.047930226,0.0,0.0,0.0,0.0,0.0,0.0
1,1,0.14005458,0.7983431,0.0,0.0,0.013672049,0.047930226,0.0,0.0,0.0,0.0,0.0,0.0
1,1,0.14005458,0.7983431,0.0,0.0,0.013672049,0.047930226,0.0,0.0,0.0,0.0,0.0,0.0
1,1,0.14005458,0.7983431,0.0,0.0,0.013672049,0.047930226,0.0,0.0,0.0,0.0,0.0,0.0
1,1,0.14005458,0.7983431,0.0,0.0,0.013672049,0.047930226,0.0,0.0,0.0,0.0,0.0,0.0
1,1,0.14005458,0.7983431,0.0,0.0,0.013672049,0.047930226,0.0,0.0,0.0,0.0,0.0,0.0
1,1,0.14005458,0.7983431,0.0,0.0,0.013672049,0.047930226,0.0,0.0,0.0,0.0,0.0,0.0
1,1,0.14005458,0.7983431,0.0,0.0,0.013672049,0.047930226,0.0,0.0,0.0,0.0,0.0,0.0
1,1,0.14005458,0.7983431,0.0,0.0,0.013672049,0.047930226,0.0,0.0,0.0,0.0,0.0,0.0
1,1,0.14005458,0.7983431,0.0,0.0,0.013672049,0.047930226,0.0,0.0,0.0,0.0,0.0,0.0
1,1,0.14005458,0.7983431,0.0,0.0,0.013672049,0.047930226,0.0,0.0,0.0,0.0,0.0,0.0
1,1,0.14005458,0.7983431,0.0,0.0,0.013672049,0.047930226,0.0,0.0,0.0,0.0,0.0,0.0
1,1,0.14005458,0.7983431,0.0,0.0,0.013672049,0.047930226,0.0,0.0,0.0,0.0,0.0,0.0
1,1,0.14005458,0.7983431,0.0,0.0,0.013672049,0.047930226,0.0,0.0,0.0,0.0,0.0,0.0
1,1,0.14005458,0.7983431,0.0,0.0,0.013672049,0.047930226,0.0,0.0,0.0,0.0,0.0,0.0
1,1,0.14005458,0.7983431,0.0,0.0,0.013672049,0.047930226,0.0,0.0,0.0,0.0,0.0,0.0
1,1,0.14005458,0.7983431,0.0,0.0,0.013672049,0.047930226,0.0,0.0,0.0,0.0,0.0,0.0
1,1,0.14005458,0.7983431,0.0,0.0,0.013672049,0.047930226,0.0,0.0,0.0,0.0,0.0,0.0
1,1,0.14005458,0.7983431,0.0,0.0,0.013672049,0.047930226,0.0,0.0,0.0,0.0,0.0,0.0
1,1,0.14005458,0.7983431,0.0,0.0,0.013672049,0.047930226,0.0,0.0,0.0,0.0,0.0,0.0
1,1,0.14005458,0.7983431,0.0,0.0,0.013672049,0.047930226,0.0,0.0,0.0,0.0,0.0,0.0
1,1,0.14005458,0.7983431,0.0,0.0,0.013672049,0.047930226,0.0,0.0,0.0,0.0,0.0,0.0
1,1,0.14005458,0.7983431,0.0,0.0,0.013672049,0.047930226,0.0,0.0,0.0,0.0,0.0,0.0
1,1,0.059624266,0.87877345,0.0,0.0,0.013672049,0.047930226,0.0,0.0,0.0,0.0,0.0,0.0
1,1,0.059624266,0.87877345,0.0,0.0,0.013672049,0.047930226,0.0,0.0,0.0,0.0,0.0,0.0
1,1,0.059624266,0.87877345,0.0,0.0,0.013672049,0.047930226,0.0,0.0,0.0,0.0,0.0,0.0
1,1,0.059624266,0.87877345,0.0,0.0,0.013672049,0.047930226,0.0,0.0,0.0,0.0,0.0,0.0
1,1,0.059624266,0.87877345,0.0,0.0,0.013672049,0.047930226,0.0,0.0,0.0,0.0,0.0,0.0
1,1,0.059624266,0.87877345,0.0,0.0,0.013672049,0.047930226,0.0,0.0,0.0,0.0,0.0,0.0
1,1,0.059624266,0.87877345,0.0,0.0,0.013672049,0.047930226,0.0,0.0,0.0,0.0,0.0,0.0
1,1,0.059624266,0.87877345,0.0,0.0,0.013672049,0.047930226,0.0,0.0,0.0,0.0,0.0,0.0
1,1,0.059624266,0.87877345,0.0,0.0,0.013672049,0.047930226,0.0,0.0,0.0,0.0,0.0,0.0
1,1,0.059624266,0.87877345,0.0,0.0,0.013672049,0.047930226,0.0,0.0,0.0,0.0,0.0,0.0
1,1,0.059624266,0.87877345,0.0,0.0,0.013672049,0.047930226,0.0,0.0,0.0,0.0,0.0,0.0
1,1,0.059624266,0.87877345,0.0,0.0,0.013672049,0.047930226,0.0,0.0,0.0,0.0,0.0,0.0
1,1,0.059624266,0.87877345,0.0,0.0,0.013672049,0.047930226,0.0,0.0,0.0,0.0,0.0,0.0
1,1,0.059624266,0.87877345,0.0,0.0,0.013672049,0.047930226,0.0,0.0,0.0,0.0,0.0,0.0
1,1,0.059624266,0.87877345,0.0,0.0,0.013672049,0.047930226,0.0,0.0,0.0,0.0,0.0,0.0
1,1,0.059624266,0.87877345,0.0,0.0,0.013672049,0.047930226,0.0,0.0,0.0,0.0,0.0,0.0
1,1,0.059624266,0.87877345,0.0,0.0,0.013672049,0.047930226,0.0,0.0,0.0,0.0,0.0,0.0
1,1,0.059624266,0.87877345,0.0,0.0,0.013672049,0.047930226,0.0,0.0,0.0,0.0,0.0,0.0
1,1,0.09126224,0.8471355,0.0,0.0,0.013672049,0.047930226,0.0,0.0,0.0,0.0,0.0,0.0
1,1,0.09126224,0.8471355,0.0,0.0,0.013672049,0.047930226,0.0,0.0,0.0,0.0,0.0,0.0
1,1,0.09126224,0.8471355,0.0,0.0,0.013672049,0.047930226,0.0,0.0,0.0,0.0,0.0,0.0
1,1,0.09126224,0.8471355,0.0,0.0,0.013672049,0.047930226,0.0,0.0,0.0,0.0,0.0,0.0
1,1,0.09126224,0.8471355,0.0,0.0,0.013672049,0.047930226,0.0,0.0,0.0,0.0,0.0,0.0
1,1,0.09126224,0.8471355,0.0,0.0,0.013672049,0.047930226,0.0,0.0,0.0,0.0,0.0,0.0
1,1,0.09126224,0.8471355,0.0,0.0,0.013672049,0.047930226,0.0,0.0,0.0,0.0,0.0,0.0
1,1,0.09126224,0.8471355,0.0,0.0,0.013672049,0.047930226,0.0,0.0,0.0,0.0,0.0,0.0
1,1,0.09126224,0.8471355,0.0,0.0,0.013672049,0.047930226,0.0,0.0,0.0,0.0,0.0,0.0
1,1,0.09126224,0.8471355,0.0,0.0,0.013672049,0.047930226,0.0,0.0,0.0,0.0,0.0,0.0
1,1,0.09126224,0.8471355,0.0,0.0,0.013672049,0.047930226,0.0,0.0,0.0,0.0,0.0,0.0
1,1,0.09126224,0.8471355,0.0,0.0,0.013672049,0.047930226,0.0,0.0,0.0,0.0,0.0,0.0
1,1,0.09126224,0.8471355,0.0,0.0,0.013672049,0.047930226,0.0,0.0,0.0,0.0,0.0,0.0
1,1,0.09126224,0.8471355,0.0,0.0,0.013672049,0.047930226,0.0,0.0,0.0,0.0,0.0,0.0
1,1,0.09126224,0.8471355,0.0,0.0,0.013672049,0.047930226,0.0,0.0,0.0,0.0,0.0,0.0
1,1,0.09126224,0.8471355,0.0,0.0,0.013672049,0.047930226,0.0,0.0,0.0,0.0,0.0,0.0
1,1,0.09126224,0.8471355,0.0,0.0,0.013672049,0.047930226,0.0,0.0,0.0,0.0,0.0,0.0
1,1,0.09126224,0.8471355,0.0,0.0,0.013672049,0.047930226,0.0,0.0,0.0,0.0,0.0,0.0
1,1,0.09126224,0.8471355,0.0,0.0,0.013672049,0.047930226,0.0,0.0,0.0,0.0,0.0,0.0
1,1,0.09126224,0.8471355,0.0,0.0,0.013672049,0.047930226,0.0,0.0,0.0,0.0,0.0,0.0
1,1,0.09126224,0.8471355,0.0,0.0,0.013672049,0.047930226,0.0,0.0,0.0,0.0,0.0,0.0
1,1,0.09126224,0.8471355,0.0,0.0,0.013672049,0.047930226,0.0,0.0,0.0,0.0,0.0,0.0
1,1,0.09126224,0.8950657,0.0,0.0,0.013672049,0.0,0.0,0.0,0.0,0.0,0.0,0.0
1,1,0.09126224,0.8950657,0.0,0.0,0.013672049,0.0,0.0,0.0,0.0,0.0,0.0,0.0
1,1,0.09126224,0.8950657,0.0,0.0,0.013672049,0.0,0.0,0.0,0.0,0.0,0.0,0.0
1,1,0.09126224,0.8950657,0.0,0.0,0.013672049,0.0,0.0,0.0,0.0,0.0,0.0,0.0
1,1,0.09126224,0.8950657,0.0,0.0,0.013672049,0.0,0.0,0.0,0.0,0.0,0.0,0.0
1,1,0.09126224,0.8950657,0.0,0.0,0.013672049,0.0,0.0,0.0,0.0,0.0,0.0,0.0
1,1,0.09126224,0.8950657,0.0,0.0,0.013672049,0.0,0.0,0.0,0.0,0.0,0.0,0.0
1,1,0.09126224,0.8950657,0.0,0.0,0.013672049,0.0,0.0,0.0,0.0,0.0,0.0,0.0
1,1,0.09126224,0.8950657,0.0,0.0,0.013672049,0.0,0.0,0.0,0.0,0.0,0.0,0.0
1,1,0.09126224,0.8950657,0.0,0.0,0.013672049,0.0,0.0,0.0,0.0,0.0,0.0,0.0
1,1,0.09126224,0.8950657,0.0,0.0,0.013672049,0.0,0.0,0.0,0.0,0.0,0.0,0.0
1,1,0.09126224,0.8950657,0.0,0.0,0.013672049,0.0,0.0,0.0,0.0,0.0,0.0,0.0
1,1,0.09126224,0.8950657,0.0,0.0,0.013672049,0.0,0.0,0.0,0.0,0.0,0.0,0.0
1,1,0.09126224,0.8950657,0.0,0.0,0.013672049,0.0,0.0,0.0,0.0,0.0,0.0,0.0
1,1,0.09126224,0.8950657,0.0,0.0,0.013672049,0.0,0.0,0.0,0.0,0.0,0.0,0.0
1,1,0.09126224,0.8950657,0.0,0.0,0.013672049,0.0,0.0,0.0,0.0,0.0,0.0,0.0
1,1,0.11876247,0.86756545,0.0,0.0,0.013672048,0.0,0.0,0.0,0.0,0.0,0.0,0.0
1,1,0.11876247,0.86756545,0.0,0.0,0.013672048,0.0,0.0,0.0,0.0,0.0,0.0,0.0
1,1,0.11876247,0.86756545,0.0,0.0,0.013672048,0.0,0.0,0.0,0.0,0.0,0.0,0.0
1,1,0.11876247,0.86756545,0.0,0.0,0.013672048,0.0,0.0,0.0,0.0,0.0,0.0,0.0
1,1,0.11876247,0.86756545,0.0,0.0,0.013672048,0.0,0.0,0.0,0.0,0.0,0.0,0.0
1,1,0.11876247,0.86756545,0.0,0.0,0.013672048,0.0,0.0,0.0,0.0,0.0,0.0,0.0
1,1,0.11876247,0.86756545,0.0,0.0,0.013672048,0.0,0.0,0.0,0.0,0.0,0.0,0.0
1,1,0.11876247,0.86756545,0.0,0.0,0.013672048,0.0,0.0,0.0,0.0,0.0,0.0,0.0
1,1,0.11876247,0.86756545,0.0,0.0,0.013672048,0.0,0.0,0.0,0.0,0.0,0.0,0.0
1,1,0.11876247,0.86756545,0.0,0.0,0.013672048,0.0,0.0,0.0,0.0,0.0,0.0,0.0
1,1,0.11876247,0.86756545,0.0,0.0,0.013672048,0.0,0.0,0.0,0.0,0.0,0.0,0.0
1,1,0.11876247,0.86756545,0.0,0.0,0.013672048,0.0,0.0,0.0,0.0,0.0,0.0,0.0
1,1,0.11876247,0.86756545,0.0,0.0,0.013672048,0.0,0.0,0.0,0.0,0.0,0.0,0.0
1,1,0.11876247,0.86756545,0.0,0.0,0.013672048,0.0,0.0,0.0,0.0,0.0,0.0,0.0
1,1,0.11876247,0.86756545,0.0,0.0,0.013672048,0.0,0.0,0.0,0.0,0.0,0.0,0.0
1,1,0.11876247,0.86756545,0.0,0.0,0.013672048,0.0,0.0,0.0,0.0,0.0,0.0,0.0
1,1,0.11876247,0.86756545,0.0,0.0,0.013672048,0.0,0.0,0.0,0.0,0.0,0.0,0.0
1,1,0.11876247,0.86756545,0.0,0.0,0.013672048,0.0,0.0,0.0,0.0,0.0,0.0,0.0
1,1,0.11876247,0.86756545,0.0,0.0,0.013672048,0.0,0.0,0.0,0.0,0.0,0.0,0.0
1,1,0.11876247,0.86756545,0.0,0.0,0.013672048,0.0,0.0,0.0,0.0,0.0,0.0,0.0
1,1,0.11876247,0.86756545,0.0,0.0,0.013672048,0.0,0.0,0.0,0.0,0.0,0.0,0.0
1,1,0.11876247,0.86756545,0.0,0.0,0.013672048,0.0,0.0,0.0,0.0,0.0,0.0,0.0
1,1,0.11876247,0.86756545,0.0,0.0,0.013672048,0.0,0.0,0.0,0.0,0.0,0.0,0.0
1,1,0.11876247,0.86756545,0.0,0.0,0.013672048,0.0,0.0,0.0,0.0,0.0,0.0,0.0
1,1,0.11876247,0.86756545,0.0,0.0,0.013672048,0.0,0.0,0.0,0.0,0.0,0.0,0.0
1,1,0.11876247,0.86756545,0.0,0.0,0.013672048,0.0,0.0,0.0,0.0,0.0,0.0,0.0
1,1,0.11876247,0.86756545,0.0,0.0,0.013672048,0.0,0.0,0.0,0.0,0.0,0.0,0.0
1,1,0.11876247,0.86756545,0.0,0.0,0.013672048,0.0,0.0,0.0,0.0,0.0,0.0,0.0
1,1,0.11876247,0.86756545,0.0,0.0,0.013672048,0.0,0.0,0.0,0.0,0.0,0.0,0.0
1,1,0.11876247,0.86756545,0.0,0.0,0.013672048,0.0,0.0,0.0,0.0,0.0,0.0,0.0
1,1,0.11876247,0.86756545,0.0,0.0,0.013672048,0.0,0.0,0.0,0.0,0.0,0.0,0.0
1,1,0.11876247,0.86756545,0.0,0.0,0.013672048,0.0,0.0,0.0,0.0,0.0,0.0,0.0
1,1,0.11876247,0.86756545,0.0,0.0,0.013672048,0.0,0.0,0.0,0.0,0.0,0.0,0.0
1,1,0.11876247,0.86756545,0.0,0.0,0.013672048,0.0,0.0,0.0,0.0,0.0,0.0,0.0
1,1,0.11876247,0.86756545,0.0,0.0,0.013672048,0.0,0.0,0.0,0.0,0.0,0.0,0.0
1,1,0.11876247,0.86756545,0.0,0.0,0.013672048,0.0,0.0,0.0,0.0,0.0,0.0,0.0
1,1,0.11876247,0.86756545,0.0,0.0,0.013672048,0.0,0.0,0.0,0.0,0.0,0.0,0.0
1,1,0.11876247,0.86756545,0.0,0.0,0.013672048,0.0,0.0,0.0,0.0,0.0,0.0,0.0
1,1,0.11876247,0.86756545,0.0,0.0,0.013672048,0.0,0.0,0.0,0.0,0.0,0.0,0.0
1,1,0.11876247,0.86756545,0.0,0.0,0.013672048,0.0,0.0,0.0,0.0,0.0,0.0,0.0
1,1,0.11876247,0.86756545,0.0,0.0,0.013672048,0.0,0.0,0.0,0.0,0.0,0.0,0.0
1,1,0.11876247,0.86756545,0.0,0.0,0.013672048,0.0,0.0,0.0,0.0,0.0,0.0,0.0
1,1,0.11876247,0.86756545,0.0,0.0,0.013672048,0.0,0.0,0.0,0.0,0.0,0.0,0.0
1,1,0.11876247,0.86756545,0.0,0.0,0.013672048,0.0,0.0,0.0,0.0,0.0,0.0,0.0
1,1,0.11876247,0.86756545,0.0,0.0,0.013672048,0.0,0.0,0.0,0.0,0.0,0.0,0.0
1,1,0.11876247,0.86756545,0.0,0.0,0.013672048,0.0,0.0,0.0,0.0,0.0,0.0,0.0
1,1,0.11876247,0.86756545,0.0,0.0,0.013672048,0.0,0.0,0.0,0.0,0.0,0.0,0.0
1,1,0.11876247,0.86756545,0.0,0.0,0.013672048,0.0,0.0,0.0,0.0,0.0,0.0,0.0
1,1,0.11876247,0.8812375,0.0,0.0,0.0,0.0,0.0,0.0,0.0,0.0,0.0,0.0
1,1,0.11876247,0.8812375,0.0,0.0,0.0,0.0,0.0,0.0,0.0,0.0,0.0,0.0
1,1,0.11876247,0.8812375,0.0,0.0,0.0,0.0,0.0,0.0,0.0,0.0,0.0,0.0
1,1,0.11876247,0.8812375,0.0,0.0,0.0,0.0,0.0,0.0,0.0,0.0,0.0,0.0
1,1,0.11876247,0.8812375,0.0,0.0,0.0,0.0,0.0,0.0,0.0,0.0,0.0,0.0
1,1,0.11876247,0.8812375,0.0,0.0,0.0,0.0,0.0,0.0,0.0,0.0,0.0,0.0
1,1,0.11876247,0.8812375,0.0,0.0,0.0,0.0,0.0,0.0,0.0,0.0,0.0,0.0
1,1,0.11876247,0.8812375,0.0,0.0,0.0,0.0,0.0,0.0,0.0,0.0,0.0,0.0
1,1,0.11876247,0.8812375,0.0,0.0,0.0,0.0,0.0,0.0,0.0,0.0,0.0,0.0
1,1,0.11876247,0.8812375,0.0,0.0,0.0,0.0,0.0,0.0,0.0,0.0,0.0,0.0
1,1,0.11876247,0.8812375,0.0,0.0,0.0,0.0,0.0,0.0,0.0,0.0,0.0,0.0
1,1,0.11876247,0.8812375,0.0,0.0,0.0,0.0,0.0,0.0,0.0,0.0,0.0,0.0
1,1,0.11876247,0.8812375,0.0,0.0,0.0,0.0,0.0,0.0,0.0,0.0,0.0,0.0
1,1,0.11876247,0.8812375,0.0,0.0,0.0,0.0,0.0,0.0,0.0,0.0,0.0,0.0
1,1,0.11876247,0.8812375,0.0,0.0,0.0,0.0,0.0,0.0,0.0,0.0,0.0,0.0
1,1,0.11876247,0.8812375,0.0,0.0,0.0,0.0,0.0,0.0,0.0,0.0,0.0,0.0
1,1,0.11876247,0.8812375,0.0,0.0,0.0,0.0,0.0,0.0,0.0,0.0,0.0,0.0
1,1,0.11876247,0.8812375,0.0,0.0,0.0,0.0,0.0,0.0,0.0,0.0,0.0,0.0
1,1,0.11876247,0.8812375,0.0,0.0,0.0,0.0,0.0,0.0,0.0,0.0,0.0,0.0
1,1,0.11876247,0.8812375,0.0,0.0,0.0,0.0,0.0,0.0,0.0,0.0,0.0,0.0
1,1,0.11876247,0.8812375,0.0,0.0,0.0,0.0,0.0,0.0,0.0,0.0,0.0,0.0
1,1,0.11876247,0.8812375,0.0,0.0,0.0,0.0,0.0,0.0,0.0,0.0,0.0,0.0
1,1,0.11876247,0.8812375,0.0,0.0,0.0,0.0,0.0,0.0,0.0,0.0,0.0,0.0
1,1,0.11876247,0.8812375,0.0,0.0,0.0,0.0,0.0,0.0,0.0,0.0,0.0,0.0
1,1,0.11876247,0.8812375,0.0,0.0,0.0,0.0,0.0,0.0,0.0,0.0,0.0,0.0
1,1,0.11876247,0.8812375,0.0,0.0,0.0,0.0,0.0,0.0,0.0,0.0,0.0,0.0
1,1,0.11876247,0.8812375,0.0,0.0,0.0,0.0,0.0,0.0,0.0,0.0,0.0,0.0
1,1,0.11876247,0.8812375,0.0,0.0,0.0,0.0,0.0,0.0,0.0,0.0,0.0,0.0
1,1,0.11876247,0.8812375,0.0,0.0,0.0,0.0,0.0,0.0,0.0,0.0,0.0,0.0
1,1,0.11876247,0.8812375,0.0,0.0,0.0,0.0,0.0,0.0,0.0,0.0,0.0,0.0
1,1,0.11876247,0.8812375,0.0,0.0,0.0,0.0,0.0,0.0,0.0,0.0,0.0,0.0
1,1,0.11876247,0.8812375,0.0,0.0,0.0,0.0,0.0,0.0,0.0,0.0,0.0,0.0
1,1,0.11876247,0.8812375,0.0,0.0,0.0,0.0,0.0,0.0,0.0,0.0,0.0,0.0
1,1,0.11876247,0.8812375,0.0,0.0,0.0,0.0,0.0,0.0,0.0,0.0,0.0,0.0
1,1,0.11876247,0.8812375,0.0,0.0,0.0,0.0,0.0,0.0,0.0,0.0,0.0,0.0
1,1,0.11876247,0.8812375,0.0,0.0,0.0,0.0,0.0,0.0,0.0,0.0,0.0,0.0
1,1,0.0591382,0.88123757,0.059624266,0.0,0.0,0.0,0.0,0.0,0.0,0.0,0.0,0.0
1,1,0.0591382,0.88123757,0.059624266,0.0,0.0,0.0,0.0,0.0,0.0,0.0,0.0,0.0
1,1,0.0591382,0.88123757,0.059624266,0.0,0.0,0.0,0.0,0.0,0.0,0.0,0.0,0.0
1,1,0.0591382,0.88123757,0.059624266,0.0,0.0,0.0,0.0,0.0,0.0,0.0,0.0,0.0
1,1,0.0591382,0.88123757,0.059624266,0.0,0.0,0.0,0.0,0.0,0.0,0.0,0.0,0.0
1,1,0.0591382,0.88123757,0.059624266,0.0,0.0,0.0,0.0,0.0,0.0,0.0,0.0,0.0
1,1,0.0591382,0.88123757,0.059624266,0.0,0.0,0.0,0.0,0.0,0.0,0.0,0.0,0.0
1,1,0.0591382,0.88123757,0.059624266,0.0,0.0,0.0,0.0,0.0,0.0,0.0,0.0,0.0
1,1,0.0591382,0.88123757,0.059624266,0.0,0.0,0.0,0.0,0.0,0.0,0.0,0.0,0.0
1,1,0.0591382,0.88123757,0.059624266,0.0,0.0,0.0,0.0,0.0,0.0,0.0,0.0,0.0
1,1,0.0591382,0.88123757,0.059624266,0.0,0.0,0.0,0.0,0.0,0.0,0.0,0.0,0.0
1,1,0.0591382,0.88123757,0.059624266,0.0,0.0,0.0,0.0,0.0,0.0,0.0,0.0,0.0
1,1,0.0591382,0.88123757,0.059624266,0.0,0.0,0.0,0.0,0.0,0.0,0.0,0.0,0.0
1,1,0.0591382,0.88123757,0.059624266,0.0,0.0,0.0,0.0,0.0,0.0,0.0,0.0,0.0
1,1,0.0591382,0.88123757,0.059624266,0.0,0.0,0.0,0.0,0.0,0.0,0.0,0.0,0.0
1,1,0.0591382,0.88123757,0.059624266,0.0,0.0,0.0,0.0,0.0,0.0,0.0,0.0,0.0
1,1,0.0591382,0.88123757,0.059624266,0.0,0.0,0.0,0.0,0.0,0.0,0.0,0.0,0.0
1,1,0.0591382,0.88123757,0.059624266,0.0,0.0,0.0,0.0,0.0,0.0,0.0,0.0,0.0
1,1,0.0591382,0.88123757,0.059624266,0.0,0.0,0.0,0.0,0.0,0.0,0.0,0.0,0.0
1,1,0.0591382,0.88123757,0.059624266,0.0,0.0,0.0,0.0,0.0,0.0,0.0,0.0,0.0
1,1,0.16372623,0.77664953,0.059624262,0.0,0.0,0.0,0.0,0.0,0.0,0.0,0.0,0.0
1,1,0.16372623,0.77664953,0.059624262,0.0,0.0,0.0,0.0,0.0,0.0,0.0,0.0,0.0
1,1,0.16372623,0.77664953,0.059624262,0.0,0.0,0.0,0.0,0.0,0.0,0.0,0.0,0.0
1,1,0.16372623,0.77664953,0.059624262,0.0,0.0,0.0,0.0,0.0,0.0,0.0,0.0,0.0
1,1,0.16372623,0.77664953,0.059624262,0.0,0.0,0.0,0.0,0.0,0.0,0.0,0.0,0.0
1,1,0.16372623,0.77664953,0.059624262,0.0,0.0,0.0,0.0,0.0,0.0,0.0,0.0,0.0
1,1,0.16372623,0.77664953,0.059624262,0.0,0.0,0.0,0.0,0.0,0.0,0.0,0.0,0.0
1,1,0.16372623,0.77664953,0.059624262,0.0,0.0,0.0,0.0,0.0,0.0,0.0,0.0,0.0
1,1,0.16372623,0.77664953,0.059624262,0.0,0.0,0.0,0.0,0.0,0.0,0.0,0.0,0.0
1,1,0.16372623,0.77664953,0.059624262,0.0,0.0,0.0,0.0,0.0,0.0,0.0,0.0,0.0
1,1,0.16372623,0.77664953,0.059624262,0.0,0.0,0.0,0.0,0.0,0.0,0.0,0.0,0.0
1,1,0.16372623,0.77664953,0.059624262,0.0,0.0,0.0,0.0,0.0,0.0,0.0,0.0,0.0
1,1,0.18785012,0.7525256,0.059624262,0.0,0.0,0.0,0.0,0.0,0.0,0.0,0.0,0.0
1,1,0.18785012,0.7525256,0.059624262,0.0,0.0,0.0,0.0,0.0,0.0,0.0,0.0,0.0
1,1,0.18785012,0.7525256,0.059624262,0.0,0.0,0.0,0.0,0.0,0.0,0.0,0.0,0.0
1,1,0.18785012,0.7525256,0.059624262,0.0,0.0,0.0,0.0,0.0,0.0,0.0,0.0,0.0
1,1,0.18785012,0.7525256,0.059624262,0.0,0.0,0.0,0.0,0.0,0.0,0.0,0.0,0.0
1,1,0.18785012,0.7525256,0.059624262,0.0,0.0,0.0,0.0,0.0,0.0,0.0,0.0,0.0
1,1,0.18785012,0.7525256,0.059624262,0.0,0.0,0.0,0.0,0.0,0.0,0.0,0.0,0.0
1,1,0.18785012,0.7525256,0.059624262,0.0,0.0,0.0,0.0,0.0,0.0,0.0,0.0,0.0
1,1,0.18785012,0.7525256,0.059624262,0.0,0.0,0.0,0.0,0.0,0.0,0.0,0.0,0.0
1,1,0.18785012,0.7525256,0.059624262,0.0,0.0,0.0,0.0,0.0,0.0,0.0,0.0,0.0
1,1,0.18785012,0.7525256,0.059624262,0.0,0.0,0.0,0.0,0.0,0.0,0.0,0.0,0.0
1,1,0.18785012,0.7525256,0.059624262,0.0,0.0,0.0,0.0,0.0,0.0,0.0,0.0,0.0
1,1,0.18785012,0.7525256,0.059624262,0.0,0.0,0.0,0.0,0.0,0.0,0.0,0.0,0.0
1,1,0.18785012,0.7525256,0.059624262,0.0,0.0,0.0,0.0,0.0,0.0,0.0,0.0,0.0
1,1,0.18785012,0.7525256,0.059624262,0.0,0.0,0.0,0.0,0.0,0.0,0.0,0.0,0.0
1,1,0.18785012,0.7525256,0.059624262,0.0,0.0,0.0,0.0,0.0,0.0,0.0,0.0,0.0
1,1,0.18785012,0.7525256,0.059624262,0.0,0.0,0.0,0.0,0.0,0.0,0.0,0.0,0.0
1,1,0.18785012,0.7525256,0.059624262,0.0,0.0,0.0,0.0,0.0,0.0,0.0,0.0,0.0
1,1,0.18785012,0.7525256,0.059624262,0.0,0.0,0.0,0.0,0.0,0.0,0.0,0.0,0.0
1,1,0.18785012,0.7525256,0.059624262,0.0,0.0,0.0,0.0,0.0,0.0,0.0,0.0,0.0
1,1,0.18785012,0.7525256,0.059624262,0.0,0.0,0.0,0.0,0.0,0.0,0.0,0.0,0.0
1,1,0.18785012,0.7525256,0.059624262,0.0,0.0,0.0,0.0,0.0,0.0,0.0,0.0,0.0
1,1,0.18785012,0.7525256,0.059624262,0.0,0.0,0.0,0.0,0.0,0.0,0.0,0.0,0.0
1,1,0.18785012,0.7525256,0.059624262,0.0,0.0,0.0,0.0,0.0,0.0,0.0,0.0,0.0
1,1,0.18785012,0.7525256,0.059624262,0.0,0.0,0.0,0.0,0.0,0.0,0.0,0.0,0.0
1,1,0.18785012,0.7525256,0.059624262,0.0,0.0,0.0,0.0,0.0,0.0,0.0,0.0,0.0
1,1,0.18785012,0.7525256,0.059624262,0.0,0.0,0.0,0.0,0.0,0.0,0.0,0.0,0.0
1,1,0.18785012,0.7525256,0.059624262,0.0,0.0,0.0,0.0,0.0,0.0,0.0,0.0,0.0
1,1,0.18785012,0.7525256,0.059624262,0.0,0.0,0.0,0.0,0.0,0.0,0.0,0.0,0.0
1,1,0.18785012,0.7525256,0.059624262,0.0,0.0,0.0,0.0,0.0,0.0,0.0,0.0,0.0
1,1,0.18785012,0.7525256,0.059624262,0.0,0.0,0.0,0.0,0.0,0.0,0.0,0.0,0.0
1,1,0.18785012,0.7525256,0.059624262,0.0,0.0,0.0,0.0,0.0,0.0,0.0,0.0,0.0
1,1,0.18785012,0.7525256,0.059624262,0.0,0.0,0.0,0.0,0.0,0.0,0.0,0.0,0.0
1,1,0.18785012,0.7525256,0.059624262,0.0,0.0,0.0,0.0,0.0,0.0,0.0,0.0,0.0
1,1,0.16372623,0.77664953,0.059624262,0.0,0.0,0.0,0.0,0.0,0.0,0.0,0.0,0.0
1,1,0.16372623,0.77664953,0.059624262,0.0,0.0,0.0,0.0,0.0,0.0,0.0,0.0,0.0
1,1,0.16372623,0.77664953,0.059624262,0.0,0.0,0.0,0.0,0.0,0.0,0.0,0.0,0.0
1,1,0.16372623,0.77664953,0.059624262,0.0,0.0,0.0,0.0,0.0,0.0,0.0,0.0,0.0
1,1,0.16372623,0.77664953,0.059624262,0.0,0.0,0.0,0.0,0.0,0.0,0.0,0.0,0.0
1,1,0.16372623,0.77664953,0.059624262,0.0,0.0,0.0,0.0,0.0,0.0,0.0,0.0,0.0
1,1,0.16372623,0.77664953,0.059624262,0.0,0.0,0.0,0.0,0.0,0.0,0.0,0.0,0.0
1,1,0.16372623,0.77664953,0.059624262,0.0,0.0,0.0,0.0,0.0,0.0,0.0,0.0,0.0
1,1,0.16372623,0.77664953,0.059624262,0.0,0.0,0.0,0.0,0.0,0.0,0.0,0.0,0.0
1,1,0.16372623,0.77664953,0.059624262,0.0,0.0,0.0,0.0,0.0,0.0,0.0,0.0,0.0
1,1,0.16372623,0.77664953,0.059624262,0.0,0.0,0.0,0.0,0.0,0.0,0.0,0.0,0.0
1,1,0.16372623,0.77664953,0.059624262,0.0,0.0,0.0,0.0,0.0,0.0,0.0,0.0,0.0
1,1,0.16372623,0.77664953,0.059624262,0.0,0.0,0.0,0.0,0.0,0.0,0.0,0.0,0.0
1,1,0.16372623,0.77664953,0.059624262,0.0,0.0,0.0,0.0,0.0,0.0,0.0,0.0,0.0
1,1,0.16372623,0.77664953,0.059624262,0.0,0.0,0.0,0.0,0.0,0.0,0.0,0.0,0.0
1,1,0.16372623,0.77664953,0.059624262,0.0,0.0,0.0,0.0,0.0,0.0,0.0,0.0,0.0
1,1,0.16372623,0.77664953,0.059624262,0.0,0.0,0.0,0.0,0.0,0.0,0.0,0.0,0.0
1,1,0.16372623,0.77664953,0.059624262,0.0,0.0,0.0,0.0,0.0,0.0,0.0,0.0,0.0
1,1,0.16372623,0.77664953,0.059624262,0.0,0.0,0.0,0.0,0.0,0.0,0.0,0.0,0.0
1,1,0.16372623,0.77664953,0.059624262,0.0,0.0,0.0,0.0,0.0,0.0,0.0,0.0,0.0
1,1,0.16372623,0.77664953,0.059624262,0.0,0.0,0.0,0.0,0.0,0.0,0.0,0.0,0.0
1,1,0.16372623,0.77664953,0.059624262,0.0,0.0,0.0,0.0,0.0,0.0,0.0,0.0,0.0
1,1,0.16372623,0.77664953,0.059624262,0.0,0.0,0.0,0.0,0.0,0.0,0.0,0.0,0.0
1,1,0.16372623,0.77664953,0.059624262,0.0,0.0,0.0,0.0,0.0,0.0,0.0,0.0,0.0
1,1,0.16372623,0.77664953,0.059624262,0.0,0.0,0.0,0.0,0.0,0.0,0.0,0.0,0.0
1,1,0.16372623,0.77664953,0.059624262,0.0,0.0,0.0,0.0,0.0,0.0,0.0,0.0,0.0
1,1,0.16372623,0.77664953,0.059624262,0.0,0.0,0.0,0.0,0.0,0.0,0.0,0.0,0.0
1,1,0.16372623,0.77664953,0.059624262,0.0,0.0,0.0,0.0,0.0,0.0,0.0,0.0,0.0
1,1,0.16372623,0.77664953,0.059624262,0.0,0.0,0.0,0.0,0.0,0.0,0.0,0.0,0.0
1,1,0.16372623,0.77664953,0.059624262,0.0,0.0,0.0,0.0,0.0,0.0,0.0,0.0,0.0
1,1,0.16372623,0.77664953,0.059624262,0.0,0.0,0.0,0.0,0.0,0.0,0.0,0.0,0.0
1,1,0.16372623,0.77664953,0.059624262,0.0,0.0,0.0,0.0,0.0,0.0,0.0,0.0,0.0
1,1,0.16372623,0.77664953,0.059624262,0.0,0.0,0.0,0.0,0.0,0.0,0.0,0.0,0.0
1,1,0.16372623,0.77664953,0.059624262,0.0,0.0,0.0,0.0,0.0,0.0,0.0,0.0,0.0
1,1,0.16372623,0.77664953,0.059624262,0.0,0.0,0.0,0.0,0.0,0.0,0.0,0.0,0.0
1,1,0.16372623,0.77664953,0.059624262,0.0,0.0,0.0,0.0,0.0,0.0,0.0,0.0,0.0
1,1,0.16372623,0.77664953,0.059624262,0.0,0.0,0.0,0.0,0.0,0.0,0.0,0.0,0.0
1,1,0.16372623,0.77664953,0.059624262,0.0,0.0,0.0,0.0,0.0,0.0,0.0,0.0,0.0
1,1,0.16372623,0.77664953,0.059624262,0.0,0.0,0.0,0.0,0.0,0.0,0.0,0.0,0.0
1,1,0.16372623,0.77664953,0.059624262,0.0,0.0,0.0,0.0,0.0,0.0,0.0,0.0,0.0
1,1,0.16372623,0.77664953,0.059624262,0.0,0.0,0.0,0.0,0.0,0.0,0.0,0.0,0.0
1,1,0.16372623,0.77664953,0.059624262,0.0,0.0,0.0,0.0,0.0,0.0,0.0,0.0,0.0
1,1,0.16372623,0.77664953,0.059624262,0.0,0.0,0.0,0.0,0.0,0.0,0.0,0.0,0.0
1,1,0.16372623,0.77664953,0.059624262,0.0,0.0,0.0,0.0,0.0,0.0,0.0,0.0,0.0
1,1,0.16372623,0.77664953,0.059624262,0.0,0.0,0.0,0.0,0.0,0.0,0.0,0.0,0.0
1,1,0.16372623,0.77664953,0.059624262,0.0,0.0,0.0,0.0,0.0,0.0,0.0,0.0,0.0
1,1,0.16372623,0.77664953,0.059624262,0.0,0.0,0.0,0.0,0.0,0.0,0.0,0.0,0.0
1,1,0.16372623,0.77664953,0.059624262,0.0,0.0,0.0,0.0,0.0,0.0,0.0,0.0,0.0
1,1,0.16372623,0.77664953,0.059624262,0.0,0.0,0.0,0.0,0.0,0.0,0.0,0.0,0.0
1,1,0.16372623,0.77664953,0.059624262,0.0,0.0,0.0,0.0,0.0,0.0,0.0,0.0,0.0
1,1,0.16372623,0.77664953,0.059624262,0.0,0.0,0.0,0.0,0.0,0.0,0.0,0.0,0.0
1,1,0.16372623,0.77664953,0.059624262,0.0,0.0,0.0,0.0,0.0,0.0,0.0,0.0,0.0
1,1,0.16372623,0.77664953,0.059624262,0.0,0.0,0.0,0.0,0.0,0.0,0.0,0.0,0.0
1,1,0.16372623,0.77664953,0.059624262,0.0,0.0,0.0,0.0,0.0,0.0,0.0,0.0,0.0
1,1,0.16372623,0.77664953,0.059624262,0.0,0.0,0.0,0.0,0.0,0.0,0.0,0.0,0.0
1,1,0.16372623,0.77664953,0.059624262,0.0,0.0,0.0,0.0,0.0,0.0,0.0,0.0,0.0
1,1,0.16372623,0.77664953,0.059624262,0.0,0.0,0.0,0.0,0.0,0.0,0.0,0.0,0.0
1,1,0.16372623,0.77664953,0.059624262,0.0,0.0,0.0,0.0,0.0,0.0,0.0,0.0,0.0
1,1,0.16372623,0.77664953,0.059624262,0.0,0.0,0.0,0.0,0.0,0.0,0.0,0.0,0.0
1,1,0.16372623,0.77664953,0.059624262,0.0,0.0,0.0,0.0,0.0,0.0,0.0,0.0,0.0
1,1,0.16372623,0.77664953,0.059624262,0.0,0.0,0.0,0.0,0.0,0.0,0.0,0.0,0.0
1,1,0.16372623,0.77664953,0.059624262,0.0,0.0,0.0,0.0,0.0,0.0,0.0,0.0,0.0
1,1,0.16372623,0.77664953,0.059624262,0.0,0.0,0.0,0.0,0.0,0.0,0.0,0.0,0.0
1,1,0.16372623,0.77664953,0.059624262,0.0,0.0,0.0,0.0,0.0,0.0,0.0,0.0,0.0
1,1,0.16372623,0.77664953,0.059624262,0.0,0.0,0.0,0.0,0.0,0.0,0.0,0.0,0.0
1,1,0.16372623,0.77664953,0.059624262,0.0,0.0,0.0,0.0,0.0,0.0,0.0,0.0,0.0
1,1,0.16372623,0.77664953,0.059624262,0.0,0.0,0.0,0.0,0.0,0.0,0.0,0.0,0.0
1,1,0.16372623,0.77664953,0.059624262,0.0,0.0,0.0,0.0,0.0,0.0,0.0,0.0,0.0
1,1,0.18785012,0.7525256,0.059624262,0.0,0.0,0.0,0.0,0.0,0.0,0.0,0.0,0.0
1,1,0.18785012,0.7525256,0.059624262,0.0,0.0,0.0,0.0,0.0,0.0,0.0,0.0,0.0
1,1,0.18785012,0.7525256,0.059624262,0.0,0.0,0.0,0.0,0.0,0.0,0.0,0.0,0.0
1,1,0.18785012,0.7525256,0.059624262,0.0,0.0,0.0,0.0,0.0,0.0,0.0,0.0,0.0
1,1,0.18785012,0.7525256,0.059624262,0.0,0.0,0.0,0.0,0.0,0.0,0.0,0.0,0.0
1,1,0.18785012,0.7525256,0.059624262,0.0,0.0,0.0,0.0,0.0,0.0,0.0,0.0,0.0
1,1,0.18785012,0.7525256,0.059624262,0.0,0.0,0.0,0.0,0.0,0.0,0.0,0.0,0.0
1,1,0.18785012,0.7525256,0.059624262,0.0,0.0,0.0,0.0,0.0,0.0,0.0,0.0,0.0
1,1,0.18785012,0.7525256,0.059624262,0.0,0.0,0.0,0.0,0.0,0.0,0.0,0.0,0.0
1,1,0.18785012,0.7525256,0.059624262,0.0,0.0,0.0,0.0,0.0,0.0,0.0,0.0,0.0
1,1,0.15621217,0.7841636,0.059624262,0.0,0.0,0.0,0.0,0.0,0.0,0.0,0.0,0.0
1,1,0.15621217,0.7841636,0.059624262,0.0,0.0,0.0,0.0,0.0,0.0,0.0,0.0,0.0
1,1,0.15621217,0.7841636,0.059624262,0.0,0.0,0.0,0.0,0.0,0.0,0.0,0.0,0.0
1,1,0.15621217,0.7841636,0.059624262,0.0,0.0,0.0,0.0,0.0,0.0,0.0,0.0,0.0
1,1,0.15621217,0.7841636,0.059624262,0.0,0.0,0.0,0.0,0.0,0.0,0.0,0.0,0.0
1,1,0.15621217,0.7841636,0.059624262,0.0,0.0,0.0,0.0,0.0,0.0,0.0,0.0,0.0
1,1,0.15621217,0.7841636,0.059624262,0.0,0.0,0.0,0.0,0.0,0.0,0.0,0.0,0.0
1,1,0.15621217,0.7841636,0.059624262,0.0,0.0,0.0,0.0,0.0,0.0,0.0,0.0,0.0
1,1,0.15621217,0.7841636,0.059624262,0.0,0.0,0.0,0.0,0.0,0.0,0.0,0.0,0.0
1,1,0.15621217,0.7841636,0.059624262,0.0,0.0,0.0,0.0,0.0,0.0,0.0,0.0,0.0
1,1,0.15621217,0.7841636,0.059624262,0.0,0.0,0.0,0.0,0.0,0.0,0.0,0.0,0.0
1,1,0.15621217,0.7841636,0.059624262,0.0,0.0,0.0,0.0,0.0,0.0,0.0,0.0,0.0
1,1,0.15621217,0.7841636,0.059624262,0.0,0.0,0.0,0.0,0.0,0.0,0.0,0.0,0.0
1,1,0.15621217,0.7841636,0.059624262,0.0,0.0,0.0,0.0,0.0,0.0,0.0,0.0,0.0
1,1,0.15621217,0.7841636,0.059624262,0.0,0.0,0.0,0.0,0.0,0.0,0.0,0.0,0.0
1,1,0.15621217,0.7841636,0.059624262,0.0,0.0,0.0,0.0,0.0,0.0,0.0,0.0,0.0
1,1,0.15621217,0.7841636,0.059624262,0.0,0.0,0.0,0.0,0.0,0.0,0.0,0.0,0.0
1,1,0.15621217,0.7841636,0.059624262,0.0,0.0,0.0,0.0,0.0,0.0,0.0,0.0,0.0
1,1,0.15621217,0.7841636,0.059624262,0.0,0.0,0.0,0.0,0.0,0.0,0.0,0.0,0.0
1,1,0.15621217,0.7841636,0.059624262,0.0,0.0,0.0,0.0,0.0,0.0,0.0,0.0,0.0
1,1,0.15621217,0.7841636,0.059624262,0.0,0.0,0.0,0.0,0.0,0.0,0.0,0.0,0.0
1,1,0.15621217,0.7841636,0.059624262,0.0,0.0,0.0,0.0,0.0,0.0,0.0,0.0,0.0
1,1,0.1698753,0.76528543,0.06483931,0.0,0.0,0.0,0.0,0.0,0.0,0.0,0.0,0.0
1,1,0.1698753,0.76528543,0.06483931,0.0,0.0,0.0,0.0,0.0,0.0,0.0,0.0,0.0
1,1,0.14364138,0.79151934,0.06483931,0.0,0.0,0.0,0.0,0.0,0.0,0.0,0.0,0.0
1,1,0.14364138,0.79151934,0.06483931,0.0,0.0,0.0,0.0,0.0,0.0,0.0,0.0,0.0
1,1,0.14364138,0.79151934,0.06483931,0.0,0.0,0.0,0.0,0.0,0.0,0.0,0.0,0.0
1,1,0.14364138,0.79151934,0.06483931,0.0,0.0,0.0,0.0,0.0,0.0,0.0,0.0,0.0
1,1,0.113735825,0.79151934,0.06483931,0.0,0.0,0.029905543,0.0,0.0,0.0,0.0,0.0,0.0
1,1,0.113735825,0.79151934,0.06483931,0.0,0.0,0.029905543,0.0,0.0,0.0,0.0,0.0,0.0
1,1,0.113735825,0.79151934,0.06483931,0.0,0.0,0.029905543,0.0,0.0,0.0,0.0,0.0,0.0
1,1,0.113735825,0.79151934,0.06483931,0.0,0.0,0.029905543,0.0,0.0,0.0,0.0,0.0,0.0
1,1,0.12017472,0.7797167,0.06851004,0.0,0.0,0.03159858,0.0,0.0,0.0,0.0,0.0,0.0
1,1,0.12017472,0.7797167,0.06851004,0.0,0.0,0.03159858,0.0,0.0,0.0,0.0,0.0,0.0
1,1,0.12017472,0.7797167,0.06851004,0.0,0.0,0.03159858,0.0,0.0,0.0,0.0,0.0,0.0
1,1,0.12017472,0.7797167,0.06851004,0.0,0.0,0.03159858,0.0,0.0,0.0,0.0,0.0,0.0
1,1,0.12717886,0.7668779,0.07250301,0.0,0.0,0.03344024,0.0,0.0,0.0,0.0,0.0,0.0
1,1,0.12717886,0.7668779,0.07250301,0.0,0.0,0.03344024,0.0,0.0,0.0,0.0,0.0,0.0
1,1,0.12717886,0.7668779,0.07250301,0.0,0.0,0.03344024,0.0,0.0,0.0,0.0,0.0,0.0
1,1,0.12717886,0.7668779,0.07250301,0.0,0.0,0.03344024,0.0,0.0,0.0,0.0,0.0,0.0
1,1,0.12717886,0.7668779,0.07250301,0.0,0.0,0.03344024,0.0,0.0,0.0,0.0,0.0,0.0
1,1,0.12717886,0.7668779,0.07250301,0.0,0.0,0.03344024,0.0,0.0,0.0,0.0,0.0,0.0
1,1,0.12717886,0.7668779,0.07250301,0.0,0.0,0.03344024,0.0,0.0,0.0,0.0,0.0,0.0
1,1,0.12717886,0.7668779,0.07250301,0.0,0.0,0.03344024,0.0,0.0,0.0,0.0,0.0,0.0
1,1,0.12717886,0.7668779,0.07250301,0.0,0.0,0.03344024,0.0,0.0,0.0,0.0,0.0,0.0
1,1,0.12717886,0.7668779,0.07250301,0.0,0.0,0.03344024,0.0,0.0,0.0,0.0,0.0,0.0
1,1,0.12717886,0.7668779,0.07250301,0.0,0.0,0.03344024,0.0,0.0,0.0,0.0,0.0,0.0
1,1,0.12717886,0.7668779,0.07250301,0.0,0.0,0.03344024,0.0,0.0,0.0,0.0,0.0,0.0
1,1,0.12717886,0.7668779,0.07250301,0.0,0.0,0.03344024,0.0,0.0,0.0,0.0,0.0,0.0
1,1,0.12717886,0.7668779,0.07250301,0.0,0.0,0.03344024,0.0,0.0,0.0,0.0,0.0,0.0
1,1,0.12717886,0.7668779,0.07250301,0.0,0.0,0.03344024,0.0,0.0,0.0,0.0,0.0,0.0
1,1,0.12717886,0.7668779,0.07250301,0.0,0.0,0.03344024,0.0,0.0,0.0,0.0,0.0,0.0
1,1,0.12717886,0.7668779,0.07250301,0.0,0.0,0.03344024,0.0,0.0,0.0,0.0,0.0,0.0
1,1,0.12717886,0.7668779,0.07250301,0.0,0.0,0.03344024,0.0,0.0,0.0,0.0,0.0,0.0
1,1,0.12717886,0.7668779,0.07250301,0.0,0.0,0.03344024,0.0,0.0,0.0,0.0,0.0,0.0
1,1,0.12717886,0.7668779,0.07250301,0.0,0.0,0.03344024,0.0,0.0,0.0,0.0,0.0,0.0
1,1,0.12717886,0.7668779,0.07250301,0.0,0.0,0.03344024,0.0,0.0,0.0,0.0,0.0,0.0
1,1,0.12717886,0.7668779,0.07250301,0.0,0.0,0.03344024,0.0,0.0,0.0,0.0,0.0,0.0
1,1,0.12717886,0.7668779,0.07250301,0.0,0.0,0.03344024,0.0,0.0,0.0,0.0,0.0,0.0
1,1,0.12717886,0.7668779,0.07250301,0.0,0.0,0.03344024,0.0,0.0,0.0,0.0,0.0,0.0
1,1,0.1594196,0.65800977,0.07250301,0.0,0.0,0.03344024,0.07662738,0.0,0.0,0.0,0.0,0.0
1,1,0.1594196,0.65800977,0.07250301,0.0,0.0,0.03344024,0.07662738,0.0,0.0,0.0,0.0,0.0
1,1,0.1594196,0.65800977,0.07250301,0.0,0.0,0.03344024,0.07662738,0.0,0.0,0.0,0.0,0.0
1,1,0.1594196,0.65800977,0.07250301,0.0,0.0,0.03344024,0.07662738,0.0,0.0,0.0,0.0,0.0
1,1,0.1594196,0.65800977,0.07250301,0.0,0.0,0.03344024,0.07662738,0.0,0.0,0.0,0.0,0.0
1,1,0.1594196,0.65800977,0.07250301,0.0,0.0,0.03344024,0.07662738,0.0,0.0,0.0,0.0,0.0
1,1,0.1594196,0.65800977,0.07250301,0.0,0.0,0.03344024,0.07662738,0.0,0.0,0.0,0.0,0.0
1,1,0.1594196,0.65800977,0.07250301,0.0,0.0,0.03344024,0.07662738,0.0,0.0,0.0,0.0,0.0
1,1,0.1594196,0.65800977,0.07250301,0.0,0.0,0.03344024,0.07662738,0.0,0.0,0.0,0.0,0.0
1,1,0.1594196,0.65800977,0.07250301,0.0,0.0,0.03344024,0.07662738,0.0,0.0,0.0,0.0,0.0
1,1,0.1594196,0.65800977,0.07250301,0.0,0.0,0.03344024,0.07662738,0.0,0.0,0.0,0.0,0.0
1,1,0.1594196,0.65800977,0.07250301,0.0,0.0,0.03344024,0.07662738,0.0,0.0,0.0,0.0,0.0
1,1,0.1594196,0.65800977,0.07250301,0.0,0.0,0.03344024,0.07662738,0.0,0.0,0.0,0.0,0.0
1,1,0.1594196,0.65800977,0.07250301,0.0,0.0,0.03344024,0.07662738,0.0,0.0,0.0,0.0,0.0
1,1,0.1594196,0.65800977,0.07250301,0.0,0.0,0.03344024,0.07662738,0.0,0.0,0.0,0.0,0.0
1,1,0.1594196,0.65800977,0.07250301,0.0,0.0,0.03344024,0.07662738,0.0,0.0,0.0,0.0,0.0
1,1,0.1594196,0.65800977,0.07250301,0.0,0.0,0.03344024,0.07662738,0.0,0.0,0.0,0.0,0.0
1,1,0.1594196,0.65800977,0.07250301,0.0,0.0,0.03344024,0.07662738,0.0,0.0,0.0,0.0,0.0
1,1,0.1594196,0.65800977,0.07250301,0.0,0.0,0.03344024,0.07662738,0.0,0.0,0.0,0.0,0.0
1,1,0.1594196,0.65800977,0.07250301,0.0,0.0,0.03344024,0.07662738,0.0,0.0,0.0,0.0,0.0
1,1,0.1594196,0.65800977,0.07250301,0.0,0.0,0.03344024,0.07662738,0.0,0.0,0.0,0.0,0.0
1,1,0.1594196,0.65800977,0.07250301,0.0,0.0,0.03344024,0.07662738,0.0,0.0,0.0,0.0,0.0
1,1,0.1594196,0.65800977,0.07250301,0.0,0.0,0.03344024,0.07662738,0.0,0.0,0.0,0.0,0.0
1,1,0.3315461,0.48588327,0.07250301,0.0,0.0,0.033440236,0.07662738,0.0,0.0,0.0,0.0,0.0
1,1,0.3315461,0.48588327,0.07250301,0.0,0.0,0.033440236,0.07662738,0.0,0.0,0.0,0.0,0.0
1,1,0.3315461,0.48588327,0.07250301,0.0,0.0,0.033440236,0.07662738,0.0,0.0,0.0,0.0,0.0
1,1,0.3315461,0.48588327,0.07250301,0.0,0.0,0.033440236,0.07662738,0.0,0.0,0.0,0.0,0.0
1,1,0.3315461,0.48588327,0.07250301,0.0,0.0,0.033440236,0.07662738,0.0,0.0,0.0,0.0,0.0
1,1,0.3315461,0.48588327,0.07250301,0.0,0.0,0.033440236,0.07662738,0.0,0.0,0.0,0.0,0.0
1,1,0.3315461,0.48588327,0.07250301,0.0,0.0,0.033440236,0.07662738,0.0,0.0,0.0,0.0,0.0
1,1,0.3315461,0.48588327,0.07250301,0.0,0.0,0.033440236,0.07662738,0.0,0.0,0.0,0.0,0.0
1,1,0.3315461,0.48588327,0.07250301,0.0,0.0,0.033440236,0.07662738,0.0,0.0,0.0,0.0,0.0
1,1,0.33154613,0.42064387,0.07250301,0.01662519,0.0,0.082054466,0.07662738,0.0,0.0,0.0,0.0,0.0
1,1,0.33154613,0.42064387,0.07250301,0.01662519,0.0,0.082054466,0.07662738,0.0,0.0,0.0,0.0,0.0
1,1,0.33154613,0.42064387,0.07250301,0.01662519,0.0,0.082054466,0.07662738,0.0,0.0,0.0,0.0,0.0
1,1,0.33154613,0.42064387,0.07250301,0.01662519,0.0,0.082054466,0.07662738,0.0,0.0,0.0,0.0,0.0
1,1,0.33154613,0.42064387,0.07250301,0.01662519,0.0,0.082054466,0.07662738,0.0,0.0,0.0,0.0,0.0
1,1,0.33154613,0.42064387,0.07250301,0.01662519,0.0,0.082054466,0.07662738,0.0,0.0,0.0,0.0,0.0
1,1,0.33154613,0.42064387,0.07250301,0.01662519,0.0,0.082054466,0.07662738,0.0,0.0,0.0,0.0,0.0
1,1,0.33154613,0.42064387,0.07250301,0.01662519,0.0,0.082054466,0.07662738,0.0,0.0,0.0,0.0,0.0
1,1,0.33154613,0.42064387,0.07250301,0.01662519,0.0,0.082054466,0.07662738,0.0,0.0,0.0,0.0,0.0
1,1,0.33154613,0.42064387,0.07250301,0.01662519,0.0,0.082054466,0.07662738,0.0,0.0,0.0,0.0,0.0
1,1,0.33154613,0.42064387,0.07250301,0.01662519,0.0,0.082054466,0.07662738,0.0,0.0,0.0,0.0,0.0
1,1,0.33154613,0.42064387,0.07250301,0.01662519,0.0,0.082054466,0.07662738,0.0,0.0,0.0,0.0,0.0
1,1,0.33154613,0.42064387,0.07250301,0.01662519,0.0,0.082054466,0.07662738,0.0,0.0,0.0,0.0,0.0
1,1,0.33154613,0.42064387,0.07250301,0.01662519,0.0,0.082054466,0.07662738,0.0,0.0,0.0,0.0,0.0
1,1,0.33154613,0.42064387,0.07250301,0.01662519,0.0,0.082054466,0.07662738,0.0,0.0,0.0,0.0,0.0
1,1,0.33154613,0.42064387,0.07250301,0.01662519,0.0,0.082054466,0.07662738,0.0,0.0,0.0,0.0,0.0
1,1,0.33154613,0.35712847,0.07250301,0.01662519,0.0,0.082054466,0.07662738,0.063515365,0.0,0.0,0.0,0.0
1,1,0.33154613,0.35712847,0.07250301,0.01662519,0.0,0.082054466,0.07662738,0.063515365,0.0,0.0,0.0,0.0
1,1,0.33154613,0.35712847,0.07250301,0.01662519,0.0,0.082054466,0.07662738,0.063515365,0.0,0.0,0.0,0.0
1,1,0.33154613,0.35712847,0.07250301,0.01662519,0.0,0.082054466,0.07662738,0.063515365,0.0,0.0,0.0,0.0
1,1,0.33154613,0.35712847,0.07250301,0.01662519,0.0,0.082054466,0.07662738,0.063515365,0.0,0.0,0.0,0.0
1,1,0.33154613,0.35712847,0.07250301,0.01662519,0.0,0.082054466,0.07662738,0.063515365,0.0,0.0,0.0,0.0
1,1,0.33154613,0.35712847,0.07250301,0.01662519,0.0,0.082054466,0.07662738,0.063515365,0.0,0.0,0.0,0.0
1,1,0.33154613,0.35712847,0.07250301,0.01662519,0.0,0.082054466,0.07662738,0.063515365,0.0,0.0,0.0,0.0
1,1,0.33154613,0.35712847,0.07250301,0.01662519,0.0,0.082054466,0.07662738,0.063515365,0.0,0.0,0.0,0.0
1,1,0.33154613,0.35712847,0.07250301,0.01662519,0.0,0.082054466,0.07662738,0.063515365,0.0,0.0,0.0,0.0
1,1,0.33154613,0.35712847,0.07250301,0.01662519,0.0,0.082054466,0.07662738,0.063515365,0.0,0.0,0.0,0.0
1,1,0.33154613,0.35712847,0.07250301,0.01662519,0.0,0.082054466,0.07662738,0.063515365,0.0,0.0,0.0,0.0
1,1,0.33154613,0.35712847,0.07250301,0.01662519,0.0,0.082054466,0.07662738,0.063515365,0.0,0.0,0.0,0.0
1,1,0.33154613,0.35712847,0.07250301,0.01662519,0.0,0.082054466,0.07662738,0.063515365,0.0,0.0,0.0,0.0
1,1,0.33154613,0.35712847,0.07250301,0.01662519,0.0,0.082054466,0.07662738,0.063515365,0.0,0.0,0.0,0.0
1,1,0.33154613,0.35712847,0.07250301,0.01662519,0.0,0.082054466,0.07662738,0.063515365,0.0,0.0,0.0,0.0
1,1,0.33154613,0.35712847,0.07250301,0.01662519,0.0,0.082054466,0.07662738,0.063515365,0.0,0.0,0.0,0.0
1,1,0.33154613,0.35712847,0.07250301,0.01662519,0.0,0.082054466,0.07662738,0.063515365,0.0,0.0,0.0,0.0
1,1,0.33154613,0.35712847,0.07250301,0.01662519,0.0,0.082054466,0.07662738,0.063515365,0.0,0.0,0.0,0.0
1,1,0.33154613,0.35712847,0.07250301,0.01662519,0.0,0.082054466,0.07662738,0.063515365,0.0,0.0,0.0,0.0
1,1,0.33154613,0.35712847,0.07250301,0.01662519,0.0,0.082054466,0.07662738,0.063515365,0.0,0.0,0.0,0.0
1,1,0.33154613,0.35712847,0.07250301,0.01662519,0.0,0.082054466,0.07662738,0.063515365,0.0,0.0,0.0,0.0
1,1,0.33154613,0.35712847,0.07250301,0.01662519,0.0,0.082054466,0.07662738,0.063515365,0.0,0.0,0.0,0.0
1,1,0.33154613,0.35712847,0.07250301,0.01662519,0.0,0.082054466,0.07662738,0.063515365,0.0,0.0,0.0,0.0
1,1,0.33154613,0.35712847,0.07250301,0.01662519,0.0,0.082054466,0.07662738,0.063515365,0.0,0.0,0.0,0.0
1,1,0.33154613,0.35712847,0.07250301,0.01662519,0.0,0.082054466,0.07662738,0.063515365,0.0,0.0,0.0,0.0
1,1,0.33154613,0.35712847,0.07250301,0.01662519,0.0,0.082054466,0.07662738,0.063515365,0.0,0.0,0.0,0.0
1,1,0.33154613,0.35712847,0.07250301,0.01662519,0.0,0.082054466,0.07662738,0.063515365,0.0,0.0,0.0,0.0
1,1,0.33154613,0.35712847,0.07250301,0.01662519,0.0,0.082054466,0.07662738,0.063515365,0.0,0.0,0.0,0.0
1,1,0.33154613,0.35712847,0.07250301,0.01662519,0.0,0.082054466,0.07662738,0.063515365,0.0,0.0,0.0,0.0
1,1,0.33154613,0.35712847,0.07250301,0.01662519,0.0,0.082054466,0.07662738,0.063515365,0.0,0.0,0.0,0.0
1,1,0.33154613,0.35712847,0.07250301,0.01662519,0.0,0.082054466,0.07662738,0.063515365,0.0,0.0,0.0,0.0
1,1,0.33154613,0.35712847,0.07250301,0.01662519,0.0,0.082054466,0.07662738,0.063515365,0.0,0.0,0.0,0.0
1,1,0.33154613,0.35712847,0.07250301,0.01662519,0.0,0.082054466,0.07662738,0.063515365,0.0,0.0,0.0,0.0
1,1,0.33154613,0.35712847,0.07250301,0.01662519,0.0,0.082054466,0.07662738,0.063515365,0.0,0.0,0.0,0.0
1,1,0.33154613,0.35712847,0.07250301,0.01662519,0.0,0.082054466,0.07662738,0.063515365,0.0,0.0,0.0,0.0
1,1,0.33154613,0.35712847,0.07250301,0.01662519,0.0,0.082054466,0.07662738,0.063515365,0.0,0.0,0.0,0.0
1,1,0.33154613,0.35712847,0.07250301,0.01662519,0.0,0.082054466,0.07662738,0.063515365,0.0,0.0,0.0,0.0
1,1,0.33154613,0.35712847,0.07250301,0.01662519,0.0,0.082054466,0.07662738,0.063515365,0.0,0.0,0.0,0.0
1,1,0.33154613,0.35712847,0.07250301,0.01662519,0.0,0.082054466,0.07662738,0.063515365,0.0,0.0,0.0,0.0
1,1,0.33154613,0.35712847,0.07250301,0.01662519,0.0,0.082054466,0.07662738,0.063515365,0.0,0.0,0.0,0.0
1,1,0.33154613,0.35712847,0.07250301,0.01662519,0.0,0.082054466,0.07662738,0.063515365,0.0,0.0,0.0,0.0
1,1,0.33154613,0.35712847,0.07250301,0.01662519,0.0,0.082054466,0.07662738,0.063515365,0.0,0.0,0.0,0.0
1,1,0.33154613,0.35712847,0.07250301,0.01662519,0.0,0.082054466,0.07662738,0.063515365,0.0,0.0,0.0,0.0
1,1,0.33154613,0.35712847,0.07250301,0.01662519,0.0,0.082054466,0.07662738,0.063515365,0.0,0.0,0.0,0.0
1,1,0.33154613,0.35712847,0.07250301,0.01662519,0.0,0.082054466,0.07662738,0.063515365,0.0,0.0,0.0,0.0
1,1,0.33154613,0.35712847,0.07250301,0.01662519,0.0,0.082054466,0.07662738,0.063515365,0.0,0.0,0.0,0.0
1,1,0.33154613,0.35712847,0.07250301,0.01662519,0.0,0.082054466,0.07662738,0.063515365,0.0,0.0,0.0,0.0
1,0,0.36498636,0.3571285,0.072503015,0.01662519,0.0,0.048614234,0.07662739,0.06351537,0.0,0.0,0.0,0.0
1,0,0.36498636,0.3571285,0.072503015,0.01662519,0.0,0.048614234,0.07662739,0.06351537,0.0,0.0,0.0,0.0
1,0,0.36498636,0.3571285,0.072503015,0.01662519,0.0,0.048614234,0.07662739,0.06351537,0.0,0.0,0.0,0.0
1,0,0.36498636,0.3571285,0.072503015,0.01662519,0.0,0.048614234,0.07662739,0.06351537,0.0,0.0,0.0,0.0
1,0,0.36498636,0.3571285,0.072503015,0.01662519,0.0,0.048614234,0.07662739,0.06351537,0.0,0.0,0.0,0.0
1,0,0.36498636,0.3571285,0.072503015,0.01662519,0.0,0.048614234,0.07662739,0.06351537,0.0,0.0,0.0,0.0
1,0,0.36498636,0.3571285,0.072503015,0.01662519,0.0,0.048614234,0.07662739,0.06351537,0.0,0.0,0.0,0.0
1,0,0.36498636,0.3571285,0.072503015,0.01662519,0.0,0.048614234,0.07662739,0.06351537,0.0,0.0,0.0,0.0
1,0,0.36498636,0.3571285,0.072503015,0.01662519,0.0,0.048614234,0.07662739,0.06351537,0.0,0.0,0.0,0.0
1,0,0.36498636,0.3571285,0.072503015,0.01662519,0.0,0.048614234,0.07662739,0.06351537,0.0,0.0,0.0,0.0
1,0,0.36498636,0.3571285,0.072503015,0.01662519,0.0,0.048614234,0.07662739,0.06351537,0.0,0.0,0.0,0.0
1,0,0.36498636,0.3571285,0.072503015,0.01662519,0.0,0.048614234,0.07662739,0.06351537,0.0,0.0,0.0,0.0
1,0,0.36498636,0.3571285,0.072503015,0.01662519,0.0,0.048614234,0.07662739,0.06351537,0.0,0.0,0.0,0.0
1,0,0.36498636,0.3571285,0.072503015,0.01662519,0.0,0.048614234,0.07662739,0.06351537,0.0,0.0,0.0,0.0
1,0,0.36498636,0.3571285,0.072503015,0.01662519,0.0,0.048614234,0.07662739,0.06351537,0.0,0.0,0.0,0.0
1,0,0.36498636,0.3571285,0.072503015,0.01662519,0.0,0.048614234,0.07662739,0.06351537,0.0,0.0,0.0,0.0
1,0,0.36498636,0.3571285,0.072503015,0.01662519,0.0,0.048614234,0.07662739,0.06351537,0.0,0.0,0.0,0.0
1,0,0.36498636,0.3571285,0.072503015,0.01662519,0.0,0.048614234,0.07662739,0.06351537,0.0,0.0,0.0,0.0
1,0,0.36498636,0.3571285,0.072503015,0.01662519,0.0,0.048614234,0.07662739,0.06351537,0.0,0.0,0.0,0.0
1,0,0.36498636,0.3571285,0.072503015,0.01662519,0.0,0.048614234,0.07662739,0.06351537,0.0,0.0,0.0,0.0
1,0,0.36498636,0.3571285,0.072503015,0.01662519,0.0,0.048614234,0.07662739,0.06351537,0.0,0.0,0.0,0.0
1,0,0.36498636,0.3571285,0.072503015,0.01662519,0.0,0.048614234,0.07662739,0.06351537,0.0,0.0,0.0,0.0
1,0,0.36498636,0.3571285,0.072503015,0.01662519,0.0,0.048614234,0.07662739,0.06351537,0.0,0.0,0.0,0.0
1,0,0.36498636,0.3571285,0.072503015,0.01662519,0.0,0.048614234,0.07662739,0.06351537,0.0,0.0,0.0,0.0
1,0,0.36498636,0.3571285,0.072503015,0.01662519,0.0,0.048614234,0.07662739,0.06351537,0.0,0.0,0.0,0.0
1,0,0.36498636,0.3571285,0.072503015,0.01662519,0.0,0.048614234,0.07662739,0.06351537,0.0,0.0,0.0,0.0
1,0,0.36498636,0.3571285,0.072503015,0.01662519,0.0,0.048614234,0.07662739,0.06351537,0.0,0.0,0.0,0.0
1,0,0.36498636,0.3571285,0.072503015,0.01662519,0.0,0.048614234,0.07662739,0.06351537,0.0,0.0,0.0,0.0
1,0,0.36498636,0.3571285,0.072503015,0.01662519,0.0,0.048614234,0.07662739,0.06351537,0.0,0.0,0.0,0.0
1,0,0.36498636,0.3571285,0.072503015,0.01662519,0.0,0.048614234,0.07662739,0.06351537,0.0,0.0,0.0,0.0
1,0,0.36498636,0.3571285,0.072503015,0.01662519,0.0,0.048614234,0.07662739,0.06351537,0.0,0.0,0.0,0.0
1,0,0.36498636,0.3571285,0.072503015,0.01662519,0.0,0.048614234,0.07662739,0.06351537,0.0,0.0,0.0,0.0
1,0,0.36498636,0.3571285,0.072503015,0.01662519,0.0,0.048614234,0.07662739,0.06351537,0.0,0.0,0.0,0.0
1,0,0.36498636,0.3571285,0.072503015,0.01662519,0.0,0.048614234,0.07662739,0.06351537,0.0,0.0,0.0,0.0
1,0,0.36498636,0.3571285,0.072503015,0.01662519,0.0,0.048614234,0.07662739,0.06351537,0.0,0.0,0.0,0.0
1,0,0.36498636,0.3571285,0.072503015,0.01662519,0.0,0.048614234,0.07662739,0.06351537,0.0,0.0,0.0,0.0
1,0,0.36498636,0.3571285,0.072503015,0.01662519,0.0,0.048614234,0.07662739,0.06351537,0.0,0.0,0.0,0.0
1,0,0.36498636,0.3571285,0.072503015,0.01662519,0.0,0.048614234,0.07662739,0.06351537,0.0,0.0,0.0,0.0
1,0,0.36498636,0.3571285,0.072503015,0.01662519,0.0,0.048614234,0.07662739,0.06351537,0.0,0.0,0.0,0.0
1,0,0.36498636,0.3571285,0.072503015,0.01662519,0.0,0.048614234,0.07662739,0.06351537,0.0,0.0,0.0,0.0
1,0,0.36498636,0.3571285,0.072503015,0.01662519,0.0,0.048614234,0.07662739,0.06351537,0.0,0.0,0.0,0.0
1,0,0.36498636,0.3571285,0.072503015,0.01662519,0.0,0.048614234,0.07662739,0.06351537,0.0,0.0,0.0,0.0
1,0,0.36498636,0.3571285,0.072503015,0.01662519,0.0,0.048614234,0.07662739,0.06351537,0.0,0.0,0.0,0.0
1,0,0.36498636,0.3571285,0.072503015,0.01662519,0.0,0.048614234,0.07662739,0.06351537,0.0,0.0,0.0,0.0
1,0,0.36498636,0.3571285,0.072503015,0.01662519,0.0,0.048614234,0.07662739,0.06351537,0.0,0.0,0.0,0.0
1,0,0.36498636,0.3571285,0.072503015,0.01662519,0.0,0.048614234,0.07662739,0.06351537,0.0,0.0,0.0,0.0
1,0,0.36498636,0.3571285,0.072503015,0.01662519,0.0,0.048614234,0.07662739,0.06351537,0.0,0.0,0.0,0.0
1,0,0.36498636,0.3571285,0.072503015,0.01662519,0.0,0.048614234,0.07662739,0.06351537,0.0,0.0,0.0,0.0
1,0,0.41360056,0.3571285,0.072503015,0.01662519,0.0,0.0,0.07662738,0.06351537,0.0,0.0,0.0,0.0
1,0,0.41360056,0.3571285,0.072503015,0.01662519,0.0,0.0,0.07662738,0.06351537,0.0,0.0,0.0,0.0
1,0,0.41360056,0.3571285,0.072503015,0.01662519,0.0,0.0,0.07662738,0.06351537,0.0,0.0,0.0,0.0
1,0,0.41360056,0.3571285,0.072503015,0.01662519,0.0,0.0,0.07662738,0.06351537,0.0,0.0,0.0,0.0
1,0,0.41360056,0.3571285,0.072503015,0.01662519,0.0,0.0,0.07662738,0.06351537,0.0,0.0,0.0,0.0
1,0,0.41360056,0.3571285,0.072503015,0.01662519,0.0,0.0,0.07662738,0.06351537,0.0,0.0,0.0,0.0
1,0,0.41360056,0.3571285,0.072503015,0.01662519,0.0,0.0,0.07662738,0.06351537,0.0,0.0,0.0,0.0
1,0,0.41360056,0.3571285,0.072503015,0.01662519,0.0,0.0,0.07662738,0.06351537,0.0,0.0,0.0,0.0
1,0,0.41360056,0.3571285,0.072503015,0.01662519,0.0,0.0,0.07662738,0.06351537,0.0,0.0,0.0,0.0
1,0,0.41360056,0.3571285,0.072503015,0.01662519,0.0,0.0,0.07662738,0.06351537,0.0,0.0,0.0,0.0
1,0,0.47711593,0.3571285,0.072503015,0.01662519,0.0,0.0,0.07662738,0.0,0.0,0.0,0.0,0.0
1,0,0.47711593,0.3571285,0.072503015,0.01662519,0.0,0.0,0.07662738,0.0,0.0,0.0,0.0,0.0
1,0,0.47711593,0.3571285,0.072503015,0.01662519,0.0,0.0,0.07662738,0.0,0.0,0.0,0.0,0.0
1,0,0.47711593,0.3571285,0.072503015,0.01662519,0.0,0.0,0.07662738,0.0,0.0,0.0,0.0,0.0
1,0,0.47711593,0.3571285,0.072503015,0.01662519,0.0,0.0,0.07662738,0.0,0.0,0.0,0.0,0.0
1,0,0.47711593,0.3571285,0.072503015,0.01662519,0.0,0.0,0.07662738,0.0,0.0,0.0,0.0,0.0
1,0,0.6444191,0.1898254,0.07250301,0.01662519,0.0,0.0,0.07662738,0.0,0.0,0.0,0.0,0.0
1,0,0.6444191,0.1898254,0.07250301,0.01662519,0.0,0.0,0.07662738,0.0,0.0,0.0,0.0,0.0
1,0,0.6444191,0.1898254,0.07250301,0.01662519,0.0,0.0,0.07662738,0.0,0.0,0.0,0.0,0.0
1,0,0.6444191,0.1898254,0.07250301,0.01662519,0.0,0.0,0.07662738,0.0,0.0,0.0,0.0,0.0
1,0,0.6444191,0.1898254,0.07250301,0.01662519,0.0,0.0,0.07662738,0.0,0.0,0.0,0.0,0.0
1,0,0.6444191,0.1898254,0.07250301,0.01662519,0.0,0.0,0.07662738,0.0,0.0,0.0,0.0,0.0
1,0,0.6444191,0.1898254,0.07250301,0.01662519,0.0,0.0,0.07662738,0.0,0.0,0.0,0.0,0.0
1,0,0.6444191,0.1898254,0.07250301,0.01662519,0.0,0.0,0.07662738,0.0,0.0,0.0,0.0,0.0
1,0,0.66104424,0.1898254,0.072503015,0.0,0.0,0.0,0.07662739,0.0,0.0,0.0,0.0,0.0
1,0,0.66104424,0.1898254,0.072503015,0.0,0.0,0.0,0.07662739,0.0,0.0,0.0,0.0,0.0
1,0,0.66104424,0.1898254,0.072503015,0.0,0.0,0.0,0.07662739,0.0,0.0,0.0,0.0,0.0
1,0,0.66104424,0.1898254,0.072503015,0.0,0.0,0.0,0.07662739,0.0,0.0,0.0,0.0,0.0
1,0,0.66104424,0.1898254,0.072503015,0.0,0.0,0.0,0.07662739,0.0,0.0,0.0,0.0,0.0
1,0,0.66104424,0.1898254,0.072503015,0.0,0.0,0.0,0.07662739,0.0,0.0,0.0,0.0,0.0
1,0,0.66104424,0.1898254,0.072503015,0.0,0.0,0.0,0.07662739,0.0,0.0,0.0,0.0,0.0
1,0,0.66104424,0.1898254,0.072503015,0.0,0.0,0.0,0.07662739,0.0,0.0,0.0,0.0,0.0
1,0,0.66104424,0.1898254,0.072503015,0.0,0.0,0.0,0.07662739,0.0,0.0,0.0,0.0,0.0
1,0,0.66104424,0.1898254,0.072503015,0.0,0.0,0.0,0.07662739,0.0,0.0,0.0,0.0,0.0
1,0,0.66104424,0.1898254,0.072503015,0.0,0.0,0.0,0.07662739,0.0,0.0,0.0,0.0,0.0
1,0,0.66104424,0.1898254,0.072503015,0.0,0.0,0.0,0.07662739,0.0,0.0,0.0,0.0,0.0
1,0,0.66104424,0.1898254,0.072503015,0.0,0.0,0.0,0.07662739,0.0,0.0,0.0,0.0,0.0
1,0,0.66104424,0.1898254,0.072503015,0.0,0.0,0.0,0.07662739,0.0,0.0,0.0,0.0,0.0
1,0,0.66104424,0.1898254,0.072503015,0.0,0.0,0.0,0.07662739,0.0,0.0,0.0,0.0,0.0
1,0,0.66104424,0.1898254,0.072503015,0.0,0.0,0.0,0.07662739,0.0,0.0,0.0,0.0,0.0
1,0,0.66104424,0.1898254,0.072503015,0.0,0.0,0.0,0.07662739,0.0,0.0,0.0,0.0,0.0
1,0,0.66104424,0.1898254,0.072503015,0.0,0.0,0.0,0.07662739,0.0,0.0,0.0,0.0,0.0
1,0,0.66104424,0.1898254,0.072503015,0.0,0.0,0.0,0.07662739,0.0,0.0,0.0,0.0,0.0
1,0,0.66104424,0.1898254,0.072503015,0.0,0.0,0.0,0.07662739,0.0,0.0,0.0,0.0,0.0
1,0,0.7830633,0.06780636,0.07250301,0.0,0.0,0.0,0.07662738,0.0,0.0,0.0,0.0,0.0
1,0,0.7830633,0.06780636,0.07250301,0.0,0.0,0.0,0.07662738,0.0,0.0,0.0,0.0,0.0
1,0,0.7830633,0.06780636,0.07250301,0.0,0.0,0.0,0.07662738,0.0,0.0,0.0,0.0,0.0
1,0,0.7830633,0.06780636,0.07250301,0.0,0.0,0.0,0.07662738,0.0,0.0,0.0,0.0,0.0
1,0,0.7830633,0.06780636,0.07250301,0.0,0.0,0.0,0.07662738,0.0,0.0,0.0,0.0,0.0
1,0,0.7830633,0.06780636,0.07250301,0.0,0.0,0.0,0.07662738,0.0,0.0,0.0,0.0,0.0
1,0,0.7830633,0.06780636,0.07250301,0.0,0.0,0.0,0.07662738,0.0,0.0,0.0,0.0,0.0
1,0,0.7830633,0.06780636,0.07250301,0.0,0.0,0.0,0.07662738,0.0,0.0,0.0,0.0,0.0
1,0,0.7830633,0.06780636,0.07250301,0.0,0.0,0.0,0.07662738,0.0,0.0,0.0,0.0,0.0
1,0,0.7830633,0.06780636,0.07250301,0.0,0.0,0.0,0.07662738,0.0,0.0,0.0,0.0,0.0
1,0,0.7830633,0.06780636,0.07250301,0.0,0.0,0.0,0.07662738,0.0,0.0,0.0,0.0,0.0
1,0,0.7830633,0.06780636,0.07250301,0.0,0.0,0.0,0.07662738,0.0,0.0,0.0,0.0,0.0
1,0,0.7950107,0.06407205,0.06851003,0.0,0.0,0.0,0.07240726,0.0,0.0,0.0,0.0,0.0
1,0,0.7950107,0.06407205,0.06851003,0.0,0.0,0.0,0.07240726,0.0,0.0,0.0,0.0,0.0
1,0,0.7950107,0.06407205,0.06851003,0.0,0.0,0.0,0.07240726,0.0,0.0,0.0,0.0,0.0
1,0,0.7950107,0.06407205,0.06851003,0.0,0.0,0.0,0.07240726,0.0,0.0,0.0,0.0,0.0
1,0,0.7950107,0.06407205,0.06851003,0.0,0.0,0.0,0.07240726,0.0,0.0,0.0,0.0,0.0
1,0,0.7950107,0.06407205,0.06851003,0.0,0.0,0.0,0.07240726,0.0,0.0,0.0,0.0,0.0
1,0,0.7950107,0.06407205,0.06851003,0.0,0.0,0.0,0.07240726,0.0,0.0,0.0,0.0,0.0
1,0,0.7950107,0.06407205,0.06851003,0.0,0.0,0.0,0.07240726,0.0,0.0,0.0,0.0,0.0
1,0,0.7950107,0.06407205,0.06851003,0.0,0.0,0.0,0.07240726,0.0,0.0,0.0,0.0,0.0
1,0,0.7950107,0.06407205,0.06851003,0.0,0.0,0.0,0.07240726,0.0,0.0,0.0,0.0,0.0
1,0,0.7950107,0.06407205,0.06851003,0.0,0.0,0.0,0.07240726,0.0,0.0,0.0,0.0,0.0
1,0,0.7950107,0.06407205,0.06851003,0.0,0.0,0.0,0.07240726,0.0,0.0,0.0,0.0,0.0
1,0,0.7950107,0.06407205,0.06851003,0.0,0.0,0.0,0.07240726,0.0,0.0,0.0,0.0,0.0
1,0,0.7950107,0.06407205,0.06851003,0.0,0.0,0.0,0.07240726,0.0,0.0,0.0,0.0,0.0
1,0,0.7950107,0.06407205,0.06851003,0.0,0.0,0.0,0.07240726,0.0,0.0,0.0,0.0,0.0
1,0,0.7950107,0.06407205,0.06851003,0.0,0.0,0.0,0.07240726,0.0,0.0,0.0,0.0,0.0
1,0,0.86352074,0.06407205,0.0,0.0,0.0,0.0,0.07240727,0.0,0.0,0.0,0.0,0.0
1,0,0.86352074,0.06407205,0.0,0.0,0.0,0.0,0.07240727,0.0,0.0,0.0,0.0,0.0
1,0,0.86352074,0.06407205,0.0,0.0,0.0,0.0,0.07240727,0.0,0.0,0.0,0.0,0.0
1,0,0.87506664,0.058651652,0.0,0.0,0.0,0.0,0.06628172,0.0,0.0,0.0,0.0,0.0
1,0,0.87506664,0.058651652,0.0,0.0,0.0,0.0,0.06628172,0.0,0.0,0.0,0.0,0.0
1,0,0.87506664,0.058651652,0.0,0.0,0.0,0.0,0.06628172,0.0,0.0,0.0,0.0,0.0
1,0,0.87506664,0.058651652,0.0,0.0,0.0,0.0,0.06628172,0.0,0.0,0.0,0.0,0.0
1,0,0.87506664,0.058651652,0.0,0.0,0.0,0.0,0.06628172,0.0,0.0,0.0,0.0,0.0
1,0,0.87506664,0.058651652,0.0,0.0,0.0,0.0,0.06628172,0.0,0.0,0.0,0.0,0.0
1,0,0.87506664,0.058651652,0.0,0.0,0.0,0.0,0.06628172,0.0,0.0,0.0,0.0,0.0
1,0,0.87506664,0.058651652,0.0,0.0,0.0,0.0,0.06628172,0.0,0.0,0.0,0.0,0.0
1,0,0.87506664,0.058651652,0.0,0.0,0.0,0.0,0.06628172,0.0,0.0,0.0,0.0,0.0
1,0,0.87506664,0.058651652,0.0,0.0,0.0,0.0,0.06628172,0.0,0.0,0.0,0.0,0.0
1,0,0.87506664,0.058651652,0.0,0.0,0.0,0.0,0.06628172,0.0,0.0,0.0,0.0,0.0
1,0,0.87506664,0.058651652,0.0,0.0,0.0,0.0,0.06628172,0.0,0.0,0.0,0.0,0.0
1,0,0.87506664,0.058651652,0.0,0.0,0.0,0.0,0.06628172,0.0,0.0,0.0,0.0,0.0
1,0,0.87506664,0.058651652,0.0,0.0,0.0,0.0,0.06628172,0.0,0.0,0.0,0.0,0.0
1,0,0.87506664,0.058651652,0.0,0.0,0.0,0.0,0.06628172,0.0,0.0,0.0,0.0,0.0
1,0,0.87506664,0.058651652,0.0,0.0,0.0,0.0,0.06628172,0.0,0.0,0.0,0.0,0.0
1,0,0.87506664,0.058651652,0.0,0.0,0.0,0.0,0.06628172,0.0,0.0,0.0,0.0,0.0
1,0,0.90044075,0.033277556,0.0,0.0,0.0,0.0,0.06628172,0.0,0.0,0.0,0.0,0.0
1,0,0.90044075,0.033277556,0.0,0.0,0.0,0.0,0.06628172,0.0,0.0,0.0,0.0,0.0
1,0,0.90044075,0.033277556,0.0,0.0,0.0,0.0,0.06628172,0.0,0.0,0.0,0.0,0.0
1,0,0.90044075,0.033277556,0.0,0.0,0.0,0.0,0.06628172,0.0,0.0,0.0,0.0,0.0
1,0,0.9667224,0.033277556,0.0,0.0,0.0,0.0,0.0,0.0,0.0,0.0,0.0,0.0
1,0,0.9667224,0.033277556,0.0,0.0,0.0,0.0,0.0,0.0,0.0,0.0,0.0,0.0
1,0,0.9667224,0.033277556,0.0,0.0,0.0,0.0,0.0,0.0,0.0,0.0,0.0,0.0
1,0,0.9667224,0.033277556,0.0,0.0,0.0,0.0,0.0,0.0,0.0,0.0,0.0,0.0
1,0,0.9667224,0.033277556,0.0,0.0,0.0,0.0,0.0,0.0,0.0,0.0,0.0,0.0
1,0,0.9667224,0.033277556,0.0,0.0,0.0,0.0,0.0,0.0,0.0,0.0,0.0,0.0
1,0,0.9667224,0.033277556,0.0,0.0,0.0,0.0,0.0,0.0,0.0,0.0,0.0,0.0
1,0,0.9667224,0.033277556,0.0,0.0,0.0,0.0,0.0,0.0,0.0,0.0,0.0,0.0
1,0,0.9667224,0.033277556,0.0,0.0,0.0,0.0,0.0,0.0,0.0,0.0,0.0,0.0
1,0,0.9667224,0.033277556,0.0,0.0,0.0,0.0,0.0,0.0,0.0,0.0,0.0,0.0
1,0,0.9667224,0.033277556,0.0,0.0,0.0,0.0,0.0,0.0,0.0,0.0,0.0,0.0
1,0,0.9667224,0.033277556,0.0,0.0,0.0,0.0,0.0,0.0,0.0,0.0,0.0,0.0
1,0,0.9667224,0.033277556,0.0,0.0,0.0,0.0,0.0,0.0,0.0,0.0,0.0,0.0
1,0,0.9667224,0.033277556,0.0,0.0,0.0,0.0,0.0,0.0,0.0,0.0,0.0,0.0
1,0,0.9667224,0.033277556,0.0,0.0,0.0,0.0,0.0,0.0,0.0,0.0,0.0,0.0
1,0,0.9667224,0.033277556,0.0,0.0,0.0,0.0,0.0,0.0,0.0,0.0,0.0,0.0
1,0,0.9667224,0.033277556,0.0,0.0,0.0,0.0,0.0,0.0,0.0,0.0,0.0,0.0
1,0,0.9667224,0.033277556,0.0,0.0,0.0,0.0,0.0,0.0,0.0,0.0,0.0,0.0
1,0,0.9667224,0.033277556,0.0,0.0,0.0,0.0,0.0,0.0,0.0,0.0,0.0,0.0
1,0,0.9667224,0.033277556,0.0,0.0,0.0,0.0,0.0,0.0,0.0,0.0,0.0,0.0
1,0,0.9667224,0.033277556,0.0,0.0,0.0,0.0,0.0,0.0,0.0,0.0,0.0,0.0
1,0,0.9667224,0.033277556,0.0,0.0,0.0,0.0,0.0,0.0,0.0,0.0,0.0,0.0
1,0,0.9667224,0.033277556,0.0,0.0,0.0,0.0,0.0,0.0,0.0,0.0,0.0,0.0
1,0,0.9667224,0.033277556,0.0,0.0,0.0,0.0,0.0,0.0,0.0,0.0,0.0,0.0
1,0,0.9667224,0.033277556,0.0,0.0,0.0,0.0,0.0,0.0,0.0,0.0,0.0,0.0
1,0,0.9667224,0.033277556,0.0,0.0,0.0,0.0,0.0,0.0,0.0,0.0,0.0,0.0
1,0,0.9667224,0.033277556,0.0,0.0,0.0,0.0,0.0,0.0,0.0,0.0,0.0,0.0
1,0,0.9667224,0.033277556,0.0,0.0,0.0,0.0,0.0,0.0,0.0,0.0,0.0,0.0
1,0,0.9667224,0.033277556,0.0,0.0,0.0,0.0,0.0,0.0,0.0,0.0,0.0,0.0
1,0,0.9667224,0.033277556,0.0,0.0,0.0,0.0,0.0,0.0,0.0,0.0,0.0,0.0
1,0,0.9667224,0.033277556,0.0,0.0,0.0,0.0,0.0,0.0,0.0,0.0,0.0,0.0
1,0,0.9667224,0.033277556,0.0,0.0,0.0,0.0,0.0,0.0,0.0,0.0,0.0,0.0
1,0,0.9667224,0.033277556,0.0,0.0,0.0,0.0,0.0,0.0,0.0,0.0,0.0,0.0
1,0,0.9667224,0.033277556,0.0,0.0,0.0,0.0,0.0,0.0,0.0,0.0,0.0,0.0
1,0,0.9667224,0.033277556,0.0,0.0,0.0,0.0,0.0,0.0,0.0,0.0,0.0,0.0
1,0,0.9667224,0.033277556,0.0,0.0,0.0,0.0,0.0,0.0,0.0,0.0,0.0,0.0
1,0,0.9667224,0.033277556,0.0,0.0,0.0,0.0,0.0,0.0,0.0,0.0,0.0,0.0
1,0,0.9667224,0.033277556,0.0,0.0,0.0,0.0,0.0,0.0,0.0,0.0,0.0,0.0
1,0,0.9667224,0.033277556,0.0,0.0,0.0,0.0,0.0,0.0,0.0,0.0,0.0,0.0
1,0,0.9667224,0.033277556,0.0,0.0,0.0,0.0,0.0,0.0,0.0,0.0,0.0,0.0
1,0,0.9667224,0.033277556,0.0,0.0,0.0,0.0,0.0,0.0,0.0,0.0,0.0,0.0
1,0,0.9667224,0.033277556,0.0,0.0,0.0,0.0,0.0,0.0,0.0,0.0,0.0,0.0
1,0,0.9667224,0.033277556,0.0,0.0,0.0,0.0,0.0,0.0,0.0,0.0,0.0,0.0
1,0,0.9667224,0.033277556,0.0,0.0,0.0,0.0,0.0,0.0,0.0,0.0,0.0,0.0
1,0,0.9667224,0.033277556,0.0,0.0,0.0,0.0,0.0,0.0,0.0,0.0,0.0,0.0
1,0,0.9667224,0.033277556,0.0,0.0,0.0,0.0,0.0,0.0,0.0,0.0,0.0,0.0
1,0,0.9667224,0.033277556,0.0,0.0,0.0,0.0,0.0,0.0,0.0,0.0,0.0,0.0
1,0,0.9667224,0.033277556,0.0,0.0,0.0,0.0,0.0,0.0,0.0,0.0,0.0,0.0
1,0,0.9667224,0.033277556,0.0,0.0,0.0,0.0,0.0,0.0,0.0,0.0,0.0,0.0
1,0,0.9667224,0.033277556,0.0,0.0,0.0,0.0,0.0,0.0,0.0,0.0,0.0,0.0
1,0,0.9667224,0.033277556,0.0,0.0,0.0,0.0,0.0,0.0,0.0,0.0,0.0,0.0
1,0,0.9667224,0.033277556,0.0,0.0,0.0,0.0,0.0,0.0,0.0,0.0,0.0,0.0
1,0,0.9667224,0.033277556,0.0,0.0,0.0,0.0,0.0,0.0,0.0,0.0,0.0,0.0
1,0,0.9667224,0.033277556,0.0,0.0,0.0,0.0,0.0,0.0,0.0,0.0,0.0,0.0
1,0,0.9667224,0.033277556,0.0,0.0,0.0,0.0,0.0,0.0,0.0,0.0,0.0,0.0
1,0,0.9667224,0.033277556,0.0,0.0,0.0,0.0,0.0,0.0,0.0,0.0,0.0,0.0
1,0,0.9667224,0.033277556,0.0,0.0,0.0,0.0,0.0,0.0,0.0,0.0,0.0,0.0
1,0,0.9667224,0.033277556,0.0,0.0,0.0,0.0,0.0,0.0,0.0,0.0,0.0,0.0
1,0,0.9667224,0.033277556,0.0,0.0,0.0,0.0,0.0,0.0,0.0,0.0,0.0,0.0
1,0,0.9667224,0.033277556,0.0,0.0,0.0,0.0,0.0,0.0,0.0,0.0,0.0,0.0
1,0,0.9667224,0.033277556,0.0,0.0,0.0,0.0,0.0,0.0,0.0,0.0,0.0,0.0
1,0,0.9667224,0.033277556,0.0,0.0,0.0,0.0,0.0,0.0,0.0,0.0,0.0,0.0
1,0,0.9667224,0.033277556,0.0,0.0,0.0,0.0,0.0,0.0,0.0,0.0,0.0,0.0
1,0,0.9667224,0.033277556,0.0,0.0,0.0,0.0,0.0,0.0,0.0,0.0,0.0,0.0
1,0,0.9667224,0.033277556,0.0,0.0,0.0,0.0,0.0,0.0,0.0,0.0,0.0,0.0
1,0,0.9667224,0.033277556,0.0,0.0,0.0,0.0,0.0,0.0,0.0,0.0,0.0,0.0
1,0,0.9667224,0.033277556,0.0,0.0,0.0,0.0,0.0,0.0,0.0,0.0,0.0,0.0
1,0,0.9667224,0.033277556,0.0,0.0,0.0,0.0,0.0,0.0,0.0,0.0,0.0,0.0
1,0,0.9667224,0.033277556,0.0,0.0,0.0,0.0,0.0,0.0,0.0,0.0,0.0,0.0
1,0,0.9667224,0.033277556,0.0,0.0,0.0,0.0,0.0,0.0,0.0,0.0,0.0,0.0
1,0,0.9667224,0.033277556,0.0,0.0,0.0,0.0,0.0,0.0,0.0,0.0,0.0,0.0
1,0,0.9667224,0.033277556,0.0,0.0,0.0,0.0,0.0,0.0,0.0,0.0,0.0,0.0
1,0,0.9667224,0.033277556,0.0,0.0,0.0,0.0,0.0,0.0,0.0,0.0,0.0,0.0
1,0,0.9667224,0.033277556,0.0,0.0,0.0,0.0,0.0,0.0,0.0,0.0,0.0,0.0
1,0,0.9667224,0.033277556,0.0,0.0,0.0,0.0,0.0,0.0,0.0,0.0,0.0,0.0
1,0,0.9667224,0.033277556,0.0,0.0,0.0,0.0,0.0,0.0,0.0,0.0,0.0,0.0
1,0,0.96836203,0.03163797,0.0,0.0,0.0,0.0,0.0,0.0,0.0,0.0,0.0,0.0
1,0,0.96836203,0.03163797,0.0,0.0,0.0,0.0,0.0,0.0,0.0,0.0,0.0,0.0
1,0,0.96836203,0.03163797,0.0,0.0,0.0,0.0,0.0,0.0,0.0,0.0,0.0,0.0
1,0,0.96836203,0.03163797,0.0,0.0,0.0,0.0,0.0,0.0,0.0,0.0,0.0,0.0
1,0,0.96836203,0.03163797,0.0,0.0,0.0,0.0,0.0,0.0,0.0,0.0,0.0,0.0
1,0,0.96836203,0.03163797,0.0,0.0,0.0,0.0,0.0,0.0,0.0,0.0,0.0,0.0
1,0,0.96836203,0.03163797,0.0,0.0,0.0,0.0,0.0,0.0,0.0,0.0,0.0,0.0
1,0,0.96836203,0.03163797,0.0,0.0,0.0,0.0,0.0,0.0,0.0,0.0,0.0,0.0
1,0,0.96836203,0.03163797,0.0,0.0,0.0,0.0,0.0,0.0,0.0,0.0,0.0,0.0
1,0,0.96836203,0.03163797,0.0,0.0,0.0,0.0,0.0,0.0,0.0,0.0,0.0,0.0
1,0,0.96836203,0.03163797,0.0,0.0,0.0,0.0,0.0,0.0,0.0,0.0,0.0,0.0
1,0,0.96836203,0.03163797,0.0,0.0,0.0,0.0,0.0,0.0,0.0,0.0,0.0,0.0
1,0,0.96836203,0.03163797,0.0,0.0,0.0,0.0,0.0,0.0,0.0,0.0,0.0,0.0
1,0,0.96836203,0.03163797,0.0,0.0,0.0,0.0,0.0,0.0,0.0,0.0,0.0,0.0
1,0,0.96836203,0.03163797,0.0,0.0,0.0,0.0,0.0,0.0,0.0,0.0,0.0,0.0
1,0,0.96836203,0.03163797,0.0,0.0,0.0,0.0,0.0,0.0,0.0,0.0,0.0,0.0
1,0,0.96836203,0.03163797,0.0,0.0,0.0,0.0,0.0,0.0,0.0,0.0,0.0,0.0
1,0,0.96836203,0.03163797,0.0,0.0,0.0,0.0,0.0,0.0,0.0,0.0,0.0,0.0
1,0,0.96836203,0.03163797,0.0,0.0,0.0,0.0,0.0,0.0,0.0,0.0,0.0,0.0
1,0,0.96836203,0.03163797,0.0,0.0,0.0,0.0,0.0,0.0,0.0,0.0,0.0,0.0
1,0,0.96836203,0.03163797,0.0,0.0,0.0,0.0,0.0,0.0,0.0,0.0,0.0,0.0
1,0,0.96836203,0.03163797,0.0,0.0,0.0,0.0,0.0,0.0,0.0,0.0,0.0,0.0
1,0,0.96836203,0.03163797,0.0,0.0,0.0,0.0,0.0,0.0,0.0,0.0,0.0,0.0
1,0,0.96836203,0.03163797,0.0,0.0,0.0,0.0,0.0,0.0,0.0,0.0,0.0,0.0
1,0,0.96836203,0.03163797,0.0,0.0,0.0,0.0,0.0,0.0,0.0,0.0,0.0,0.0
1,0,0.96836203,0.03163797,0.0,0.0,0.0,0.0,0.0,0.0,0.0,0.0,0.0,0.0
1,0,0.96836203,0.03163797,0.0,0.0,0.0,0.0,0.0,0.0,0.0,0.0,0.0,0.0
1,0,0.96836203,0.03163797,0.0,0.0,0.0,0.0,0.0,0.0,0.0,0.0,0.0,0.0
1,0,0.96836203,0.03163797,0.0,0.0,0.0,0.0,0.0,0.0,0.0,0.0,0.0,0.0
1,0,0.96836203,0.03163797,0.0,0.0,0.0,0.0,0.0,0.0,0.0,0.0,0.0,0.0
1,0,0.96836203,0.03163797,0.0,0.0,0.0,0.0,0.0,0.0,0.0,0.0,0.0,0.0
1,0,0.96836203,0.03163797,0.0,0.0,0.0,0.0,0.0,0.0,0.0,0.0,0.0,0.0
1,0,0.96836203,0.03163797,0.0,0.0,0.0,0.0,0.0,0.0,0.0,0.0,0.0,0.0
1,0,0.96836203,0.03163797,0.0,0.0,0.0,0.0,0.0,0.0,0.0,0.0,0.0,0.0
1,0,0.96836203,0.03163797,0.0,0.0,0.0,0.0,0.0,0.0,0.0,0.0,0.0,0.0
1,0,0.96836203,0.03163797,0.0,0.0,0.0,0.0,0.0,0.0,0.0,0.0,0.0,0.0
1,0,0.96836203,0.03163797,0.0,0.0,0.0,0.0,0.0,0.0,0.0,0.0,0.0,0.0
1,0,0.96836203,0.03163797,0.0,0.0,0.0,0.0,0.0,0.0,0.0,0.0,0.0,0.0
1,0,0.96836203,0.03163797,0.0,0.0,0.0,0.0,0.0,0.0,0.0,0.0,0.0,0.0
1,0,0.96836203,0.03163797,0.0,0.0,0.0,0.0,0.0,0.0,0.0,0.0,0.0,0.0
1,0,0.96836203,0.03163797,0.0,0.0,0.0,0.0,0.0,0.0,0.0,0.0,0.0,0.0
1,0,0.96836203,0.03163797,0.0,0.0,0.0,0.0,0.0,0.0,0.0,0.0,0.0,0.0
1,0,0.96836203,0.03163797,0.0,0.0,0.0,0.0,0.0,0.0,0.0,0.0,0.0,0.0
1,0,0.96836203,0.03163797,0.0,0.0,0.0,0.0,0.0,0.0,0.0,0.0,0.0,0.0
1,0,0.96836203,0.03163797,0.0,0.0,0.0,0.0,0.0,0.0,0.0,0.0,0.0,0.0
1,0,0.96836203,0.03163797,0.0,0.0,0.0,0.0,0.0,0.0,0.0,0.0,0.0,0.0
1,0,0.96836203,0.03163797,0.0,0.0,0.0,0.0,0.0,0.0,0.0,0.0,0.0,0.0
1,0,0.96836203,0.03163797,0.0,0.0,0.0,0.0,0.0,0.0,0.0,0.0,0.0,0.0
1,0,0.96836203,0.03163797,0.0,0.0,0.0,0.0,0.0,0.0,0.0,0.0,0.0,0.0
1,0,0.96836203,0.03163797,0.0,0.0,0.0,0.0,0.0,0.0,0.0,0.0,0.0,0.0
1,0,0.96836203,0.03163797,0.0,0.0,0.0,0.0,0.0,0.0,0.0,0.0,0.0,0.0
1,0,0.96836203,0.03163797,0.0,0.0,0.0,0.0,0.0,0.0,0.0,0.0,0.0,0.0
1,0,0.96836203,0.03163797,0.0,0.0,0.0,0.0,0.0,0.0,0.0,0.0,0.0,0.0
1,0,0.96836203,0.03163797,0.0,0.0,0.0,0.0,0.0,0.0,0.0,0.0,0.0,0.0
1,0,0.96836203,0.03163797,0.0,0.0,0.0,0.0,0.0,0.0,0.0,0.0,0.0,0.0
1,0,0.96836203,0.03163797,0.0,0.0,0.0,0.0,0.0,0.0,0.0,0.0,0.0,0.0
1,0,0.96836203,0.03163797,0.0,0.0,0.0,0.0,0.0,0.0,0.0,0.0,0.0,0.0
1,0,0.96836203,0.03163797,0.0,0.0,0.0,0.0,0.0,0.0,0.0,0.0,0.0,0.0
1,0,0.96836203,0.03163797,0.0,0.0,0.0,0.0,0.0,0.0,0.0,0.0,0.0,0.0
1,0,0.96836203,0.03163797,0.0,0.0,0.0,0.0,0.0,0.0,0.0,0.0,0.0,0.0
1,0,0.96836203,0.03163797,0.0,0.0,0.0,0.0,0.0,0.0,0.0,0.0,0.0,0.0
1,0,0.96836203,0.03163797,0.0,0.0,0.0,0.0,0.0,0.0,0.0,0.0,0.0,0.0
1,0,0.96836203,0.03163797,0.0,0.0,0.0,0.0,0.0,0.0,0.0,0.0,0.0,0.0
1,0,0.96836203,0.03163797,0.0,0.0,0.0,0.0,0.0,0.0,0.0,0.0,0.0,0.0
1,0,0.96836203,0.03163797,0.0,0.0,0.0,0.0,0.0,0.0,0.0,0.0,0.0,0.0
1,0,0.96836203,0.03163797,0.0,0.0,0.0,0.0,0.0,0.0,0.0,0.0,0.0,0.0
1,0,0.96836203,0.03163797,0.0,0.0,0.0,0.0,0.0,0.0,0.0,0.0,0.0,0.0
1,0,0.96836203,0.03163797,0.0,0.0,0.0,0.0,0.0,0.0,0.0,0.0,0.0,0.0
1,0,0.96836203,0.03163797,0.0,0.0,0.0,0.0,0.0,0.0,0.0,0.0,0.0,0.0
1,0,0.96836203,0.03163797,0.0,0.0,0.0,0.0,0.0,0.0,0.0,0.0,0.0,0.0
1,0,0.96836203,0.03163797,0.0,0.0,0.0,0.0,0.0,0.0,0.0,0.0,0.0,0.0
1,0,0.96836203,0.03163797,0.0,0.0,0.0,0.0,0.0,0.0,0.0,0.0,0.0,0.0
1,0,0.96836203,0.03163797,0.0,0.0,0.0,0.0,0.0,0.0,0.0,0.0,0.0,0.0
1,0,0.96836203,0.03163797,0.0,0.0,0.0,0.0,0.0,0.0,0.0,0.0,0.0,0.0
1,0,0.96836203,0.03163797,0.0,0.0,0.0,0.0,0.0,0.0,0.0,0.0,0.0,0.0
1,0,0.96836203,0.03163797,0.0,0.0,0.0,0.0,0.0,0.0,0.0,0.0,0.0,0.0
1,0,0.96836203,0.03163797,0.0,0.0,0.0,0.0,0.0,0.0,0.0,0.0,0.0,0.0
1,0,0.96836203,0.03163797,0.0,0.0,0.0,0.0,0.0,0.0,0.0,0.0,0.0,0.0
1,0,0.96836203,0.03163797,0.0,0.0,0.0,0.0,0.0,0.0,0.0,0.0,0.0,0.0
1,0,0.96836203,0.03163797,0.0,0.0,0.0,0.0,0.0,0.0,0.0,0.0,0.0,0.0
1,0,0.96836203,0.03163797,0.0,0.0,0.0,0.0,0.0,0.0,0.0,0.0,0.0,0.0
1,0,0.96836203,0.03163797,0.0,0.0,0.0,0.0,0.0,0.0,0.0,0.0,0.0,0.0
1,0,0.96836203,0.03163797,0.0,0.0,0.0,0.0,0.0,0.0,0.0,0.0,0.0,0.0
1,0,0.96836203,0.03163797,0.0,0.0,0.0,0.0,0.0,0.0,0.0,0.0,0.0,0.0
1,0,0.96836203,0.03163797,0.0,0.0,0.0,0.0,0.0,0.0,0.0,0.0,0.0,0.0
1,0,0.96836203,0.03163797,0.0,0.0,0.0,0.0,0.0,0.0,0.0,0.0,0.0,0.0
1,0,0.96836203,0.03163797,0.0,0.0,0.0,0.0,0.0,0.0,0.0,0.0,0.0,0.0
1,0,0.96836203,0.03163797,0.0,0.0,0.0,0.0,0.0,0.0,0.0,0.0,0.0,0.0
1,0,0.96836203,0.03163797,0.0,0.0,0.0,0.0,0.0,0.0,0.0,0.0,0.0,0.0
1,0,0.96836203,0.03163797,0.0,0.0,0.0,0.0,0.0,0.0,0.0,0.0,0.0,0.0
1,0,0.96836203,0.03163797,0.0,0.0,0.0,0.0,0.0,0.0,0.0,0.0,0.0,0.0
1,0,0.96836203,0.03163797,0.0,0.0,0.0,0.0,0.0,0.0,0.0,0.0,0.0,0.0
1,0,0.96836203,0.03163797,0.0,0.0,0.0,0.0,0.0,0.0,0.0,0.0,0.0,0.0
1,0,0.96836203,0.03163797,0.0,0.0,0.0,0.0,0.0,0.0,0.0,0.0,0.0,0.0
1,0,0.96836203,0.03163797,0.0,0.0,0.0,0.0,0.0,0.0,0.0,0.0,0.0,0.0
1,0,0.96836203,0.03163797,0.0,0.0,0.0,0.0,0.0,0.0,0.0,0.0,0.0,0.0
1,0,0.96836203,0.03163797,0.0,0.0,0.0,0.0,0.0,0.0,0.0,0.0,0.0,0.0
1,0,0.96836203,0.03163797,0.0,0.0,0.0,0.0,0.0,0.0,0.0,0.0,0.0,0.0
1,0,0.96836203,0.03163797,0.0,0.0,0.0,0.0,0.0,0.0,0.0,0.0,0.0,0.0
1,0,0.96836203,0.03163797,0.0,0.0,0.0,0.0,0.0,0.0,0.0,0.0,0.0,0.0
1,0,0.96836203,0.03163797,0.0,0.0,0.0,0.0,0.0,0.0,0.0,0.0,0.0,0.0
1,0,0.96836203,0.03163797,0.0,0.0,0.0,0.0,0.0,0.0,0.0,0.0,0.0,0.0
1,0,0.96836203,0.03163797,0.0,0.0,0.0,0.0,0.0,0.0,0.0,0.0,0.0,0.0
1,0,0.96836203,0.03163797,0.0,0.0,0.0,0.0,0.0,0.0,0.0,0.0,0.0,0.0
1,0,0.96836203,0.03163797,0.0,0.0,0.0,0.0,0.0,0.0,0.0,0.0,0.0,0.0
1,0,0.96836203,0.03163797,0.0,0.0,0.0,0.0,0.0,0.0,0.0,0.0,0.0,0.0
1,0,0.96836203,0.03163797,0.0,0.0,0.0,0.0,0.0,0.0,0.0,0.0,0.0,0.0
1,0,0.96836203,0.03163797,0.0,0.0,0.0,0.0,0.0,0.0,0.0,0.0,0.0,0.0
1,0,0.96836203,0.03163797,0.0,0.0,0.0,0.0,0.0,0.0,0.0,0.0,0.0,0.0
1,0,0.96836203,0.03163797,0.0,0.0,0.0,0.0,0.0,0.0,0.0,0.0,0.0,0.0
1,0,0.96836203,0.03163797,0.0,0.0,0.0,0.0,0.0,0.0,0.0,0.0,0.0,0.0
1,0,0.96836203,0.03163797,0.0,0.0,0.0,0.0,0.0,0.0,0.0,0.0,0.0,0.0
1,0,0.96836203,0.03163797,0.0,0.0,0.0,0.0,0.0,0.0,0.0,0.0,0.0,0.0
1,0,0.96836203,0.03163797,0.0,0.0,0.0,0.0,0.0,0.0,0.0,0.0,0.0,0.0
1,0,0.96836203,0.03163797,0.0,0.0,0.0,0.0,0.0,0.0,0.0,0.0,0.0,0.0
1,0,0.96836203,0.03163797,0.0,0.0,0.0,0.0,0.0,0.0,0.0,0.0,0.0,0.0
1,0,0.96836203,0.03163797,0.0,0.0,0.0,0.0,0.0,0.0,0.0,0.0,0.0,0.0
1,0,0.96836203,0.03163797,0.0,0.0,0.0,0.0,0.0,0.0,0.0,0.0,0.0,0.0
1,0,0.96836203,0.03163797,0.0,0.0,0.0,0.0,0.0,0.0,0.0,0.0,0.0,0.0
1,0,0.96836203,0.03163797,0.0,0.0,0.0,0.0,0.0,0.0,0.0,0.0,0.0,0.0
1,0,0.96836203,0.03163797,0.0,0.0,0.0,0.0,0.0,0.0,0.0,0.0,0.0,0.0
1,0,0.96836203,0.03163797,0.0,0.0,0.0,0.0,0.0,0.0,0.0,0.0,0.0,0.0
1,0,0.96836203,0.03163797,0.0,0.0,0.0,0.0,0.0,0.0,0.0,0.0,0.0,0.0
1,0,0.96836203,0.03163797,0.0,0.0,0.0,0.0,0.0,0.0,0.0,0.0,0.0,0.0
1,0,0.96836203,0.03163797,0.0,0.0,0.0,0.0,0.0,0.0,0.0,0.0,0.0,0.0
1,0,0.96836203,0.03163797,0.0,0.0,0.0,0.0,0.0,0.0,0.0,0.0,0.0,0.0
1,0,0.96836203,0.03163797,0.0,0.0,0.0,0.0,0.0,0.0,0.0,0.0,0.0,0.0
1,0,0.96836203,0.03163797,0.0,0.0,0.0,0.0,0.0,0.0,0.0,0.0,0.0,0.0
1,0,0.96836203,0.03163797,0.0,0.0,0.0,0.0,0.0,0.0,0.0,0.0,0.0,0.0
1,0,0.96836203,0.03163797,0.0,0.0,0.0,0.0,0.0,0.0,0.0,0.0,0.0,0.0
1,0,0.96836203,0.03163797,0.0,0.0,0.0,0.0,0.0,0.0,0.0,0.0,0.0,0.0
1,0,0.96836203,0.03163797,0.0,0.0,0.0,0.0,0.0,0.0,0.0,0.0,0.0,0.0
1,0,0.96836203,0.03163797,0.0,0.0,0.0,0.0,0.0,0.0,0.0,0.0,0.0,0.0
1,0,0.96836203,0.03163797,0.0,0.0,0.0,0.0,0.0,0.0,0.0,0.0,0.0,0.0
1,0,0.96836203,0.03163797,0.0,0.0,0.0,0.0,0.0,0.0,0.0,0.0,0.0,0.0
1,0,0.96836203,0.03163797,0.0,0.0,0.0,0.0,0.0,0.0,0.0,0.0,0.0,0.0
1,0,0.96836203,0.03163797,0.0,0.0,0.0,0.0,0.0,0.0,0.0,0.0,0.0,0.0
1,0,0.96836203,0.03163797,0.0,0.0,0.0,0.0,0.0,0.0,0.0,0.0,0.0,0.0
1,0,0.96836203,0.03163797,0.0,0.0,0.0,0.0,0.0,0.0,0.0,0.0,0.0,0.0
1,0,0.96836203,0.03163797,0.0,0.0,0.0,0.0,0.0,0.0,0.0,0.0,0.0,0.0
1,0,0.96836203,0.03163797,0.0,0.0,0.0,0.0,0.0,0.0,0.0,0.0,0.0,0.0
1,0,0.96836203,0.03163797,0.0,0.0,0.0,0.0,0.0,0.0,0.0,0.0,0.0,0.0
1,0,0.96836203,0.03163797,0.0,0.0,0.0,0.0,0.0,0.0,0.0,0.0,0.0,0.0
1,0,0.96836203,0.03163797,0.0,0.0,0.0,0.0,0.0,0.0,0.0,0.0,0.0,0.0
1,0,0.96836203,0.03163797,0.0,0.0,0.0,0.0,0.0,0.0,0.0,0.0,0.0,0.0
1,0,0.96836203,0.03163797,0.0,0.0,0.0,0.0,0.0,0.0,0.0,0.0,0.0,0.0
1,0,0.96836203,0.03163797,0.0,0.0,0.0,0.0,0.0,0.0,0.0,0.0,0.0,0.0
1,0,0.96836203,0.03163797,0.0,0.0,0.0,0.0,0.0,0.0,0.0,0.0,0.0,0.0
1,0,0.96836203,0.03163797,0.0,0.0,0.0,0.0,0.0,0.0,0.0,0.0,0.0,0.0
1,0,0.96836203,0.03163797,0.0,0.0,0.0,0.0,0.0,0.0,0.0,0.0,0.0,0.0
1,0,0.96836203,0.03163797,0.0,0.0,0.0,0.0,0.0,0.0,0.0,0.0,0.0,0.0
1,0,0.96836203,0.03163797,0.0,0.0,0.0,0.0,0.0,0.0,0.0,0.0,0.0,0.0
1,0,0.96836203,0.03163797,0.0,0.0,0.0,0.0,0.0,0.0,0.0,0.0,0.0,0.0
1,0,0.96836203,0.03163797,0.0,0.0,0.0,0.0,0.0,0.0,0.0,0.0,0.0,0.0
1,0,0.96836203,0.03163797,0.0,0.0,0.0,0.0,0.0,0.0,0.0,0.0,0.0,0.0
1,0,0.96836203,0.03163797,0.0,0.0,0.0,0.0,0.0,0.0,0.0,0.0,0.0,0.0
1,0,0.96836203,0.03163797,0.0,0.0,0.0,0.0,0.0,0.0,0.0,0.0,0.0,0.0
1,0,0.96836203,0.03163797,0.0,0.0,0.0,0.0,0.0,0.0,0.0,0.0,0.0,0.0
1,0,0.96836203,0.03163797,0.0,0.0,0.0,0.0,0.0,0.0,0.0,0.0,0.0,0.0
1,0,0.96836203,0.03163797,0.0,0.0,0.0,0.0,0.0,0.0,0.0,0.0,0.0,0.0
1,0,0.96836203,0.03163797,0.0,0.0,0.0,0.0,0.0,0.0,0.0,0.0,0.0,0.0
1,0,0.96836203,0.03163797,0.0,0.0,0.0,0.0,0.0,0.0,0.0,0.0,0.0,0.0
1,0,0.96836203,0.03163797,0.0,0.0,0.0,0.0,0.0,0.0,0.0,0.0,0.0,0.0
1,0,0.96836203,0.03163797,0.0,0.0,0.0,0.0,0.0,0.0,0.0,0.0,0.0,0.0
1,0,0.96836203,0.03163797,0.0,0.0,0.0,0.0,0.0,0.0,0.0,0.0,0.0,0.0
1,0,0.96836203,0.03163797,0.0,0.0,0.0,0.0,0.0,0.0,0.0,0.0,0.0,0.0
1,0,0.96836203,0.03163797,0.0,0.0,0.0,0.0,0.0,0.0,0.0,0.0,0.0,0.0
1,0,0.96836203,0.03163797,0.0,0.0,0.0,0.0,0.0,0.0,0.0,0.0,0.0,0.0
1,0,0.96836203,0.03163797,0.0,0.0,0.0,0.0,0.0,0.0,0.0,0.0,0.0,0.0
1,0,0.96836203,0.03163797,0.0,0.0,0.0,0.0,0.0,0.0,0.0,0.0,0.0,0.0
1,0,0.96836203,0.03163797,0.0,0.0,0.0,0.0,0.0,0.0,0.0,0.0,0.0,0.0
1,0,0.96836203,0.03163797,0.0,0.0,0.0,0.0,0.0,0.0,0.0,0.0,0.0,0.0
1,0,0.96836203,0.03163797,0.0,0.0,0.0,0.0,0.0,0.0,0.0,0.0,0.0,0.0
1,0,0.96836203,0.03163797,0.0,0.0,0.0,0.0,0.0,0.0,0.0,0.0,0.0,0.0
1,0,0.96836203,0.03163797,0.0,0.0,0.0,0.0,0.0,0.0,0.0,0.0,0.0,0.0
1,0,0.96836203,0.03163797,0.0,0.0,0.0,0.0,0.0,0.0,0.0,0.0,0.0,0.0
1,0,0.96836203,0.03163797,0.0,0.0,0.0,0.0,0.0,0.0,0.0,0.0,0.0,0.0
1,0,0.96836203,0.03163797,0.0,0.0,0.0,0.0,0.0,0.0,0.0,0.0,0.0,0.0
1,0,0.96836203,0.03163797,0.0,0.0,0.0,0.0,0.0,0.0,0.0,0.0,0.0,0.0
1,0,0.96836203,0.03163797,0.0,0.0,0.0,0.0,0.0,0.0,0.0,0.0,0.0,0.0
1,0,0.96836203,0.03163797,0.0,0.0,0.0,0.0,0.0,0.0,0.0,0.0,0.0,0.0
1,0,0.96836203,0.03163797,0.0,0.0,0.0,0.0,0.0,0.0,0.0,0.0,0.0,0.0
1,0,0.96836203,0.03163797,0.0,0.0,0.0,0.0,0.0,0.0,0.0,0.0,0.0,0.0
1,0,0.96836203,0.03163797,0.0,0.0,0.0,0.0,0.0,0.0,0.0,0.0,0.0,0.0
1,0,0.96836203,0.03163797,0.0,0.0,0.0,0.0,0.0,0.0,0.0,0.0,0.0,0.0
1,0,0.96836203,0.03163797,0.0,0.0,0.0,0.0,0.0,0.0,0.0,0.0,0.0,0.0
1,0,0.96836203,0.03163797,0.0,0.0,0.0,0.0,0.0,0.0,0.0,0.0,0.0,0.0
1,0,0.96836203,0.03163797,0.0,0.0,0.0,0.0,0.0,0.0,0.0,0.0,0.0,0.0
1,0,0.96836203,0.03163797,0.0,0.0,0.0,0.0,0.0,0.0,0.0,0.0,0.0,0.0
1,0,0.96836203,0.03163797,0.0,0.0,0.0,0.0,0.0,0.0,0.0,0.0,0.0,0.0
1,0,0.96836203,0.03163797,0.0,0.0,0.0,0.0,0.0,0.0,0.0,0.0,0.0,0.0
1,0,0.96836203,0.03163797,0.0,0.0,0.0,0.0,0.0,0.0,0.0,0.0,0.0,0.0
1,0,0.96836203,0.03163797,0.0,0.0,0.0,0.0,0.0,0.0,0.0,0.0,0.0,0.0
1,0,0.96836203,0.03163797,0.0,0.0,0.0,0.0,0.0,0.0,0.0,0.0,0.0,0.0
1,0,0.96836203,0.03163797,0.0,0.0,0.0,0.0,0.0,0.0,0.0,0.0,0.0,0.0
1,0,0.96836203,0.03163797,0.0,0.0,0.0,0.0,0.0,0.0,0.0,0.0,0.0,0.0
1,0,0.96836203,0.03163797,0.0,0.0,0.0,0.0,0.0,0.0,0.0,0.0,0.0,0.0
1,0,0.96836203,0.03163797,0.0,0.0,0.0,0.0,0.0,0.0,0.0,0.0,0.0,0.0
1,0,0.96836203,0.03163797,0.0,0.0,0.0,0.0,0.0,0.0,0.0,0.0,0.0,0.0
1,0,0.96836203,0.03163797,0.0,0.0,0.0,0.0,0.0,0.0,0.0,0.0,0.0,0.0
1,0,0.96836203,0.03163797,0.0,0.0,0.0,0.0,0.0,0.0,0.0,0.0,0.0,0.0
1,0,0.96836203,0.03163797,0.0,0.0,0.0,0.0,0.0,0.0,0.0,0.0,0.0,0.0
1,0,0.96836203,0.03163797,0.0,0.0,0.0,0.0,0.0,0.0,0.0,0.0,0.0,0.0
1,0,0.96836203,0.03163797,0.0,0.0,0.0,0.0,0.0,0.0,0.0,0.0,0.0,0.0
1,0,0.96836203,0.03163797,0.0,0.0,0.0,0.0,0.0,0.0,0.0,0.0,0.0,0.0
1,0,0.96836203,0.03163797,0.0,0.0,0.0,0.0,0.0,0.0,0.0,0.0,0.0,0.0
1,0,0.96836203,0.03163797,0.0,0.0,0.0,0.0,0.0,0.0,0.0,0.0,0.0,0.0
1,0,0.96836203,0.03163797,0.0,0.0,0.0,0.0,0.0,0.0,0.0,0.0,0.0,0.0
1,0,0.96836203,0.03163797,0.0,0.0,0.0,0.0,0.0,0.0,0.0,0.0,0.0,0.0
1,0,0.96836203,0.03163797,0.0,0.0,0.0,0.0,0.0,0.0,0.0,0.0,0.0,0.0
1,0,0.96836203,0.03163797,0.0,0.0,0.0,0.0,0.0,0.0,0.0,0.0,0.0,0.0
1,0,0.96836203,0.03163797,0.0,0.0,0.0,0.0,0.0,0.0,0.0,0.0,0.0,0.0
1,0,0.96836203,0.03163797,0.0,0.0,0.0,0.0,0.0,0.0,0.0,0.0,0.0,0.0
1,0,0.96836203,0.03163797,0.0,0.0,0.0,0.0,0.0,0.0,0.0,0.0,0.0,0.0
1,0,0.96836203,0.03163797,0.0,0.0,0.0,0.0,0.0,0.0,0.0,0.0,0.0,0.0
1,0,0.96836203,0.03163797,0.0,0.0,0.0,0.0,0.0,0.0,0.0,0.0,0.0,0.0
1,0,0.96836203,0.03163797,0.0,0.0,0.0,0.0,0.0,0.0,0.0,0.0,0.0,0.0
1,0,0.96836203,0.03163797,0.0,0.0,0.0,0.0,0.0,0.0,0.0,0.0,0.0,0.0
1,0,0.96836203,0.03163797,0.0,0.0,0.0,0.0,0.0,0.0,0.0,0.0,0.0,0.0
1,0,0.96836203,0.03163797,0.0,0.0,0.0,0.0,0.0,0.0,0.0,0.0,0.0,0.0
1,0,0.96836203,0.03163797,0.0,0.0,0.0,0.0,0.0,0.0,0.0,0.0,0.0,0.0
1,0,0.96836203,0.03163797,0.0,0.0,0.0,0.0,0.0,0.0,0.0,0.0,0.0,0.0
1,0,0.96836203,0.03163797,0.0,0.0,0.0,0.0,0.0,0.0,0.0,0.0,0.0,0.0
1,0,0.96836203,0.03163797,0.0,0.0,0.0,0.0,0.0,0.0,0.0,0.0,0.0,0.0
1,0,0.96836203,0.03163797,0.0,0.0,0.0,0.0,0.0,0.0,0.0,0.0,0.0,0.0
1,0,0.96836203,0.03163797,0.0,0.0,0.0,0.0,0.0,0.0,0.0,0.0,0.0,0.0
1,0,0.96836203,0.03163797,0.0,0.0,0.0,0.0,0.0,0.0,0.0,0.0,0.0,0.0
1,0,0.96836203,0.03163797,0.0,0.0,0.0,0.0,0.0,0.0,0.0,0.0,0.0,0.0
1,0,0.96836203,0.03163797,0.0,0.0,0.0,0.0,0.0,0.0,0.0,0.0,0.0,0.0
1,0,0.96836203,0.03163797,0.0,0.0,0.0,0.0,0.0,0.0,0.0,0.0,0.0,0.0
1,0,0.96836203,0.03163797,0.0,0.0,0.0,0.0,0.0,0.0,0.0,0.0,0.0,0.0
1,0,0.96836203,0.03163797,0.0,0.0,0.0,0.0,0.0,0.0,0.0,0.0,0.0,0.0
1,0,0.96836203,0.03163797,0.0,0.0,0.0,0.0,0.0,0.0,0.0,0.0,0.0,0.0
1,0,0.96836203,0.03163797,0.0,0.0,0.0,0.0,0.0,0.0,0.0,0.0,0.0,0.0
1,0,0.96836203,0.03163797,0.0,0.0,0.0,0.0,0.0,0.0,0.0,0.0,0.0,0.0
1,0,0.96836203,0.03163797,0.0,0.0,0.0,0.0,0.0,0.0,0.0,0.0,0.0,0.0
1,0,0.96836203,0.03163797,0.0,0.0,0.0,0.0,0.0,0.0,0.0,0.0,0.0,0.0
1,0,0.96836203,0.03163797,0.0,0.0,0.0,0.0,0.0,0.0,0.0,0.0,0.0,0.0
1,0,0.96836203,0.03163797,0.0,0.0,0.0,0.0,0.0,0.0,0.0,0.0,0.0,0.0
1,0,0.96836203,0.03163797,0.0,0.0,0.0,0.0,0.0,0.0,0.0,0.0,0.0,0.0
1,0,0.96836203,0.03163797,0.0,0.0,0.0,0.0,0.0,0.0,0.0,0.0,0.0,0.0
1,0,0.96836203,0.03163797,0.0,0.0,0.0,0.0,0.0,0.0,0.0,0.0,0.0,0.0
1,0,0.96836203,0.03163797,0.0,0.0,0.0,0.0,0.0,0.0,0.0,0.0,0.0,0.0
1,0,0.96836203,0.03163797,0.0,0.0,0.0,0.0,0.0,0.0,0.0,0.0,0.0,0.0
1,0,0.96836203,0.03163797,0.0,0.0,0.0,0.0,0.0,0.0,0.0,0.0,0.0,0.0
1,0,0.96836203,0.03163797,0.0,0.0,0.0,0.0,0.0,0.0,0.0,0.0,0.0,0.0
1,0,0.96836203,0.03163797,0.0,0.0,0.0,0.0,0.0,0.0,0.0,0.0,0.0,0.0
1,0,0.96836203,0.03163797,0.0,0.0,0.0,0.0,0.0,0.0,0.0,0.0,0.0,0.0
1,0,0.96836203,0.03163797,0.0,0.0,0.0,0.0,0.0,0.0,0.0,0.0,0.0,0.0
1,0,0.96836203,0.03163797,0.0,0.0,0.0,0.0,0.0,0.0,0.0,0.0,0.0,0.0
1,0,0.96836203,0.03163797,0.0,0.0,0.0,0.0,0.0,0.0,0.0,0.0,0.0,0.0
1,0,0.96836203,0.03163797,0.0,0.0,0.0,0.0,0.0,0.0,0.0,0.0,0.0,0.0
1,0,0.96836203,0.03163797,0.0,0.0,0.0,0.0,0.0,0.0,0.0,0.0,0.0,0.0
1,0,0.96836203,0.03163797,0.0,0.0,0.0,0.0,0.0,0.0,0.0,0.0,0.0,0.0
1,0,0.96836203,0.03163797,0.0,0.0,0.0,0.0,0.0,0.0,0.0,0.0,0.0,0.0
1,0,0.96836203,0.03163797,0.0,0.0,0.0,0.0,0.0,0.0,0.0,0.0,0.0,0.0
1,0,0.96836203,0.03163797,0.0,0.0,0.0,0.0,0.0,0.0,0.0,0.0,0.0,0.0
1,0,0.96836203,0.03163797,0.0,0.0,0.0,0.0,0.0,0.0,0.0,0.0,0.0,0.0
1,0,0.96836203,0.03163797,0.0,0.0,0.0,0.0,0.0,0.0,0.0,0.0,0.0,0.0
1,0,0.96836203,0.03163797,0.0,0.0,0.0,0.0,0.0,0.0,0.0,0.0,0.0,0.0
1,0,0.96836203,0.03163797,0.0,0.0,0.0,0.0,0.0,0.0,0.0,0.0,0.0,0.0
1,0,0.96836203,0.03163797,0.0,0.0,0.0,0.0,0.0,0.0,0.0,0.0,0.0,0.0
1,0,0.96836203,0.03163797,0.0,0.0,0.0,0.0,0.0,0.0,0.0,0.0,0.0,0.0
1,0,0.96836203,0.03163797,0.0,0.0,0.0,0.0,0.0,0.0,0.0,0.0,0.0,0.0
1,0,0.96836203,0.03163797,0.0,0.0,0.0,0.0,0.0,0.0,0.0,0.0,0.0,0.0
1,0,0.96836203,0.03163797,0.0,0.0,0.0,0.0,0.0,0.0,0.0,0.0,0.0,0.0
1,0,0.96836203,0.03163797,0.0,0.0,0.0,0.0,0.0,0.0,0.0,0.0,0.0,0.0
1,0,0.96836203,0.03163797,0.0,0.0,0.0,0.0,0.0,0.0,0.0,0.0,0.0,0.0
1,0,0.96836203,0.03163797,0.0,0.0,0.0,0.0,0.0,0.0,0.0,0.0,0.0,0.0
1,0,0.96836203,0.03163797,0.0,0.0,0.0,0.0,0.0,0.0,0.0,0.0,0.0,0.0
1,0,0.96836203,0.03163797,0.0,0.0,0.0,0.0,0.0,0.0,0.0,0.0,0.0,0.0
1,0,0.96836203,0.03163797,0.0,0.0,0.0,0.0,0.0,0.0,0.0,0.0,0.0,0.0
1,0,0.96836203,0.03163797,0.0,0.0,0.0,0.0,0.0,0.0,0.0,0.0,0.0,0.0
1,0,0.96836203,0.03163797,0.0,0.0,0.0,0.0,0.0,0.0,0.0,0.0,0.0,0.0
1,0,0.96836203,0.03163797,0.0,0.0,0.0,0.0,0.0,0.0,0.0,0.0,0.0,0.0
1,0,0.96836203,0.03163797,0.0,0.0,0.0,0.0,0.0,0.0,0.0,0.0,0.0,0.0
1,0,0.96836203,0.03163797,0.0,0.0,0.0,0.0,0.0,0.0,0.0,0.0,0.0,0.0
1,0,0.96836203,0.03163797,0.0,0.0,0.0,0.0,0.0,0.0,0.0,0.0,0.0,0.0
1,0,0.96836203,0.03163797,0.0,0.0,0.0,0.0,0.0,0.0,0.0,0.0,0.0,0.0
1,0,0.96836203,0.03163797,0.0,0.0,0.0,0.0,0.0,0.0,0.0,0.0,0.0,0.0
1,0,0.96836203,0.03163797,0.0,0.0,0.0,0.0,0.0,0.0,0.0,0.0,0.0,0.0
1,0,0.96836203,0.03163797,0.0,0.0,0.0,0.0,0.0,0.0,0.0,0.0,0.0,0.0
1,0,0.96836203,0.03163797,0.0,0.0,0.0,0.0,0.0,0.0,0.0,0.0,0.0,0.0
1,0,0.96836203,0.03163797,0.0,0.0,0.0,0.0,0.0,0.0,0.0,0.0,0.0,0.0
1,0,0.96836203,0.03163797,0.0,0.0,0.0,0.0,0.0,0.0,0.0,0.0,0.0,0.0
1,0,0.96836203,0.03163797,0.0,0.0,0.0,0.0,0.0,0.0,0.0,0.0,0.0,0.0
1,0,0.96836203,0.03163797,0.0,0.0,0.0,0.0,0.0,0.0,0.0,0.0,0.0,0.0
1,0,0.96836203,0.03163797,0.0,0.0,0.0,0.0,0.0,0.0,0.0,0.0,0.0,0.0
1,0,0.96836203,0.03163797,0.0,0.0,0.0,0.0,0.0,0.0,0.0,0.0,0.0,0.0
1,0,0.96836203,0.03163797,0.0,0.0,0.0,0.0,0.0,0.0,0.0,0.0,0.0,0.0
1,0,0.8268104,0.03163797,0.1415516,0.0,0.0,0.0,0.0,0.0,0.0,0.0,0.0,0.0
1,0,0.8268104,0.03163797,0.1415516,0.0,0.0,0.0,0.0,0.0,0.0,0.0,0.0,0.0
1,0,0.8268104,0.03163797,0.1415516,0.0,0.0,0.0,0.0,0.0,0.0,0.0,0.0,0.0
1,0,0.8268104,0.03163797,0.1415516,0.0,0.0,0.0,0.0,0.0,0.0,0.0,0.0,0.0
1,0,0.8268104,0.03163797,0.1415516,0.0,0.0,0.0,0.0,0.0,0.0,0.0,0.0,0.0
1,0,0.8268104,0.03163797,0.1415516,0.0,0.0,0.0,0.0,0.0,0.0,0.0,0.0,0.0
1,0,0.8268104,0.03163797,0.1415516,0.0,0.0,0.0,0.0,0.0,0.0,0.0,0.0,0.0
1,0,0.8268104,0.03163797,0.1415516,0.0,0.0,0.0,0.0,0.0,0.0,0.0,0.0,0.0
1,0,0.8268104,0.03163797,0.1415516,0.0,0.0,0.0,0.0,0.0,0.0,0.0,0.0,0.0
1,0,0.8268104,0.03163797,0.1415516,0.0,0.0,0.0,0.0,0.0,0.0,0.0,0.0,0.0
2,0,0.8268104,0.03163797,0.1415516,0.0,0.0,0.0,0.0,0.0,0.0,0.0,0.0,0.0
2,0,0.8268104,0.03163797,0.1415516,0.0,0.0,0.0,0.0,0.0,0.0,0.0,0.0,0.0
2,0,0.8268104,0.03163797,0.1415516,0.0,0.0,0.0,0.0,0.0,0.0,0.0,0.0,0.0
2,0,0.8268104,0.03163797,0.1415516,0.0,0.0,0.0,0.0,0.0,0.0,0.0,0.0,0.0
2,0,0.8268104,0.03163797,0.1415516,0.0,0.0,0.0,0.0,0.0,0.0,0.0,0.0,0.0
2,0,0.8268104,0.03163797,0.1415516,0.0,0.0,0.0,0.0,0.0,0.0,0.0,0.0,0.0
2,0,0.8268104,0.03163797,0.1415516,0.0,0.0,0.0,0.0,0.0,0.0,0.0,0.0,0.0
2,0,0.8268104,0.03163797,0.1415516,0.0,0.0,0.0,0.0,0.0,0.0,0.0,0.0,0.0
2,0,0.8268104,0.0,0.17318957,0.0,0.0,0.0,0.0,0.0,0.0,0.0,0.0,0.0
2,0,0.8268104,0.0,0.17318957,0.0,0.0,0.0,0.0,0.0,0.0,0.0,0.0,0.0
2,0,0.8268104,0.0,0.17318957,0.0,0.0,0.0,0.0,0.0,0.0,0.0,0.0,0.0
2,0,0.8268104,0.0,0.17318957,0.0,0.0,0.0,0.0,0.0,0.0,0.0,0.0,0.0
2,0,0.8268104,0.0,0.17318957,0.0,0.0,0.0,0.0,0.0,0.0,0.0,0.0,0.0
2,0,0.8268104,0.0,0.17318957,0.0,0.0,0.0,0.0,0.0,0.0,0.0,0.0,0.0
2,0,0.8268104,0.0,0.17318957,0.0,0.0,0.0,0.0,0.0,0.0,0.0,0.0,0.0
2,0,0.8268104,0.0,0.17318957,0.0,0.0,0.0,0.0,0.0,0.0,0.0,0.0,0.0
2,0,0.8074934,0.0,0.1925066,0.0,0.0,0.0,0.0,0.0,0.0,0.0,0.0,0.0
2,0,0.7494344,0.05805901,0.19250658,0.0,0.0,0.0,0.0,0.0,0.0,0.0,0.0,0.0
2,0,0.7494344,0.05805901,0.19250658,0.0,0.0,0.0,0.0,0.0,0.0,0.0,0.0,0.0
2,0,0.7494344,0.05805901,0.19250658,0.0,0.0,0.0,0.0,0.0,0.0,0.0,0.0,0.0
2,0,0.7494344,0.05805901,0.19250658,0.0,0.0,0.0,0.0,0.0,0.0,0.0,0.0,0.0
2,0,0.7494344,0.05805901,0.19250658,0.0,0.0,0.0,0.0,0.0,0.0,0.0,0.0,0.0
2,0,0.7494344,0.05805901,0.19250658,0.0,0.0,0.0,0.0,0.0,0.0,0.0,0.0,0.0
2,0,0.7494344,0.05805901,0.19250658,0.0,0.0,0.0,0.0,0.0,0.0,0.0,0.0,0.0
2,0,0.7494344,0.05805901,0.19250658,0.0,0.0,0.0,0.0,0.0,0.0,0.0,0.0,0.0
2,0,0.7494344,0.05805901,0.19250658,0.0,0.0,0.0,0.0,0.0,0.0,0.0,0.0,0.0
2,0,0.7494344,0.05805901,0.19250658,0.0,0.0,0.0,0.0,0.0,0.0,0.0,0.0,0.0
2,0,0.7494344,0.05805901,0.19250658,0.0,0.0,0.0,0.0,0.0,0.0,0.0,0.0,0.0
2,0,0.7494344,0.05805901,0.19250658,0.0,0.0,0.0,0.0,0.0,0.0,0.0,0.0,0.0
2,0,0.7494344,0.05805901,0.19250658,0.0,0.0,0.0,0.0,0.0,0.0,0.0,0.0,0.0
2,0,0.7494344,0.05805901,0.19250658,0.0,0.0,0.0,0.0,0.0,0.0,0.0,0.0,0.0
2,0,0.7494344,0.05805901,0.19250658,0.0,0.0,0.0,0.0,0.0,0.0,0.0,0.0,0.0
2,0,0.7494344,0.05805901,0.19250658,0.0,0.0,0.0,0.0,0.0,0.0,0.0,0.0,0.0
2,0,0.7494344,0.05805901,0.19250658,0.0,0.0,0.0,0.0,0.0,0.0,0.0,0.0,0.0
2,0,0.7494344,0.05805901,0.19250658,0.0,0.0,0.0,0.0,0.0,0.0,0.0,0.0,0.0
2,0,0.7494344,0.05805901,0.19250658,0.0,0.0,0.0,0.0,0.0,0.0,0.0,0.0,0.0
2,0,0.7494344,0.05805901,0.19250658,0.0,0.0,0.0,0.0,0.0,0.0,0.0,0.0,0.0
2,0,0.7494344,0.05805901,0.19250658,0.0,0.0,0.0,0.0,0.0,0.0,0.0,0.0,0.0
2,0,0.7494344,0.05805901,0.19250658,0.0,0.0,0.0,0.0,0.0,0.0,0.0,0.0,0.0
2,0,0.7494344,0.05805901,0.19250658,0.0,0.0,0.0,0.0,0.0,0.0,0.0,0.0,0.0
2,0,0.7494344,0.05805901,0.19250658,0.0,0.0,0.0,0.0,0.0,0.0,0.0,0.0,0.0
2,0,0.7494344,0.05805901,0.19250658,0.0,0.0,0.0,0.0,0.0,0.0,0.0,0.0,0.0
2,0,0.7494344,0.05805901,0.19250658,0.0,0.0,0.0,0.0,0.0,0.0,0.0,0.0,0.0
2,0,0.7494344,0.05805901,0.19250658,0.0,0.0,0.0,0.0,0.0,0.0,0.0,0.0,0.0
2,0,0.7494344,0.05805901,0.19250658,0.0,0.0,0.0,0.0,0.0,0.0,0.0,0.0,0.0
2,0,0.7494344,0.05805901,0.19250658,0.0,0.0,0.0,0.0,0.0,0.0,0.0,0.0,0.0
2,0,0.7494344,0.05805901,0.19250658,0.0,0.0,0.0,0.0,0.0,0.0,0.0,0.0,0.0
2,0,0.7494344,0.05805901,0.19250658,0.0,0.0,0.0,0.0,0.0,0.0,0.0,0.0,0.0
2,0,0.7494344,0.05805901,0.19250658,0.0,0.0,0.0,0.0,0.0,0.0,0.0,0.0,0.0
2,0,0.7494344,0.05805901,0.19250658,0.0,0.0,0.0,0.0,0.0,0.0,0.0,0.0,0.0
2,0,0.694669,0.05805901,0.24727201,0.0,0.0,0.0,0.0,0.0,0.0,0.0,0.0,0.0
2,0,0.6249626,0.15257782,0.22245955,0.0,0.0,0.0,0.0,0.0,0.0,0.0,0.0,0.0
2,0,0.6249626,0.15257782,0.22245955,0.0,0.0,0.0,0.0,0.0,0.0,0.0,0.0,0.0
2,0,0.6249626,0.15257782,0.22245955,0.0,0.0,0.0,0.0,0.0,0.0,0.0,0.0,0.0
2,0,0.6249626,0.15257782,0.22245955,0.0,0.0,0.0,0.0,0.0,0.0,0.0,0.0,0.0
2,0,0.6249626,0.15257782,0.22245955,0.0,0.0,0.0,0.0,0.0,0.0,0.0,0.0,0.0
2,0,0.48737767,0.15257783,0.3600445,0.0,0.0,0.0,0.0,0.0,0.0,0.0,0.0,0.0
2,0,0.48737767,0.15257783,0.3600445,0.0,0.0,0.0,0.0,0.0,0.0,0.0,0.0,0.0
2,0,0.48737767,0.15257783,0.3600445,0.0,0.0,0.0,0.0,0.0,0.0,0.0,0.0,0.0
2,0,0.48737767,0.15257783,0.3600445,0.0,0.0,0.0,0.0,0.0,0.0,0.0,0.0,0.0
2,0,0.48737767,0.15257783,0.3600445,0.0,0.0,0.0,0.0,0.0,0.0,0.0,0.0,0.0
2,0,0.48737767,0.15257783,0.3600445,0.0,0.0,0.0,0.0,0.0,0.0,0.0,0.0,0.0
2,0,0.48737767,0.15257783,0.3600445,0.0,0.0,0.0,0.0,0.0,0.0,0.0,0.0,0.0
2,0,0.48737767,0.15257783,0.3600445,0.0,0.0,0.0,0.0,0.0,0.0,0.0,0.0,0.0
2,0,0.48737767,0.15257783,0.3600445,0.0,0.0,0.0,0.0,0.0,0.0,0.0,0.0,0.0
2,0,0.48737767,0.15257783,0.3600445,0.0,0.0,0.0,0.0,0.0,0.0,0.0,0.0,0.0
2,0,0.48737767,0.15257783,0.3600445,0.0,0.0,0.0,0.0,0.0,0.0,0.0,0.0,0.0
2,0,0.48737767,0.15257783,0.3600445,0.0,0.0,0.0,0.0,0.0,0.0,0.0,0.0,0.0
2,0,0.48737767,0.15257783,0.3600445,0.0,0.0,0.0,0.0,0.0,0.0,0.0,0.0,0.0
2,0,0.48737767,0.15257783,0.3600445,0.0,0.0,0.0,0.0,0.0,0.0,0.0,0.0,0.0
2,0,0.48737767,0.15257783,0.3600445,0.0,0.0,0.0,0.0,0.0,0.0,0.0,0.0,0.0
2,0,0.48737767,0.15257783,0.3600445,0.0,0.0,0.0,0.0,0.0,0.0,0.0,0.0,0.0
2,0,0.48737767,0.15257783,0.3600445,0.0,0.0,0.0,0.0,0.0,0.0,0.0,0.0,0.0
2,0,0.48737767,0.15257783,0.3600445,0.0,0.0,0.0,0.0,0.0,0.0,0.0,0.0,0.0
2,0,0.48737767,0.15257783,0.3600445,0.0,0.0,0.0,0.0,0.0,0.0,0.0,0.0,0.0
2,0,0.48737767,0.15257783,0.3600445,0.0,0.0,0.0,0.0,0.0,0.0,0.0,0.0,0.0
2,0,0.48737767,0.15257783,0.3600445,0.0,0.0,0.0,0.0,0.0,0.0,0.0,0.0,0.0
2,0,0.48737767,0.15257783,0.3600445,0.0,0.0,0.0,0.0,0.0,0.0,0.0,0.0,0.0
2,0,0.48737767,0.15257783,0.3600445,0.0,0.0,0.0,0.0,0.0,0.0,0.0,0.0,0.0
2,0,0.48737767,0.15257783,0.3600445,0.0,0.0,0.0,0.0,0.0,0.0,0.0,0.0,0.0
2,0,0.42775342,0.15257783,0.41966876,0.0,0.0,0.0,0.0,0.0,0.0,0.0,0.0,0.0
2,0,0.42775342,0.15257783,0.41966876,0.0,0.0,0.0,0.0,0.0,0.0,0.0,0.0,0.0
2,0,0.42775342,0.15257783,0.41966876,0.0,0.0,0.0,0.0,0.0,0.0,0.0,0.0,0.0
2,0,0.42775342,0.15257783,0.41966876,0.0,0.0,0.0,0.0,0.0,0.0,0.0,0.0,0.0
2,0,0.42775342,0.15257783,0.41966876,0.0,0.0,0.0,0.0,0.0,0.0,0.0,0.0,0.0
2,0,0.42775342,0.15257783,0.41966876,0.0,0.0,0.0,0.0,0.0,0.0,0.0,0.0,0.0
2,0,0.42775342,0.15257783,0.41966876,0.0,0.0,0.0,0.0,0.0,0.0,0.0,0.0,0.0
2,0,0.42775342,0.15257783,0.41966876,0.0,0.0,0.0,0.0,0.0,0.0,0.0,0.0,0.0
2,2,0.33984432,0.20050804,0.45964763,0.0,0.0,0.0,0.0,0.0,0.0,0.0,0.0,0.0
2,2,0.33984432,0.20050804,0.45964763,0.0,0.0,0.0,0.0,0.0,0.0,0.0,0.0,0.0
2,2,0.33984432,0.20050804,0.45964763,0.0,0.0,0.0,0.0,0.0,0.0,0.0,0.0,0.0
2,2,0.33984432,0.20050804,0.45964763,0.0,0.0,0.0,0.0,0.0,0.0,0.0,0.0,0.0
2,2,0.33984432,0.20050804,0.45964763,0.0,0.0,0.0,0.0,0.0,0.0,0.0,0.0,0.0
2,2,0.33984432,0.20050804,0.45964763,0.0,0.0,0.0,0.0,0.0,0.0,0.0,0.0,0.0
2,2,0.33984432,0.20050804,0.45964763,0.0,0.0,0.0,0.0,0.0,0.0,0.0,0.0,0.0
2,2,0.33984432,0.20050804,0.45964763,0.0,0.0,0.0,0.0,0.0,0.0,0.0,0.0,0.0
2,2,0.33984432,0.20050804,0.45964763,0.0,0.0,0.0,0.0,0.0,0.0,0.0,0.0,0.0
2,2,0.33984432,0.20050804,0.45964763,0.0,0.0,0.0,0.0,0.0,0.0,0.0,0.0,0.0
2,2,0.33984432,0.20050804,0.45964763,0.0,0.0,0.0,0.0,0.0,0.0,0.0,0.0,0.0
2,2,0.33984432,0.20050804,0.45964763,0.0,0.0,0.0,0.0,0.0,0.0,0.0,0.0,0.0
2,2,0.33984432,0.20050804,0.45964763,0.0,0.0,0.0,0.0,0.0,0.0,0.0,0.0,0.0
2,2,0.33984432,0.20050804,0.45964763,0.0,0.0,0.0,0.0,0.0,0.0,0.0,0.0,0.0
2,2,0.33984432,0.20050804,0.45964763,0.0,0.0,0.0,0.0,0.0,0.0,0.0,0.0,0.0
2,2,0.33984432,0.20050804,0.45964763,0.0,0.0,0.0,0.0,0.0,0.0,0.0,0.0,0.0
2,2,0.33984432,0.20050804,0.45964763,0.0,0.0,0.0,0.0,0.0,0.0,0.0,0.0,0.0
2,2,0.33984432,0.20050804,0.45964763,0.0,0.0,0.0,0.0,0.0,0.0,0.0,0.0,0.0
2,2,0.33984432,0.20050804,0.45964763,0.0,0.0,0.0,0.0,0.0,0.0,0.0,0.0,0.0
2,2,0.33984432,0.20050804,0.45964763,0.0,0.0,0.0,0.0,0.0,0.0,0.0,0.0,0.0
2,2,0.33984432,0.20050804,0.45964763,0.0,0.0,0.0,0.0,0.0,0.0,0.0,0.0,0.0
2,2,0.33984432,0.20050804,0.45964763,0.0,0.0,0.0,0.0,0.0,0.0,0.0,0.0,0.0
2,2,0.33984432,0.20050804,0.45964763,0.0,0.0,0.0,0.0,0.0,0.0,0.0,0.0,0.0
2,2,0.33984432,0.20050804,0.45964763,0.0,0.0,0.0,0.0,0.0,0.0,0.0,0.0,0.0
2,2,0.33984432,0.20050804,0.45964763,0.0,0.0,0.0,0.0,0.0,0.0,0.0,0.0,0.0
2,2,0.25941402,0.20050804,0.5400779,0.0,0.0,0.0,0.0,0.0,0.0,0.0,0.0,0.0
2,2,0.25941402,0.20050804,0.5400779,0.0,0.0,0.0,0.0,0.0,0.0,0.0,0.0,0.0
2,2,0.25941402,0.20050804,0.5400779,0.0,0.0,0.0,0.0,0.0,0.0,0.0,0.0,0.0
2,2,0.25941402,0.20050804,0.5400779,0.0,0.0,0.0,0.0,0.0,0.0,0.0,0.0,0.0
2,2,0.25941402,0.20050804,0.5400779,0.0,0.0,0.0,0.0,0.0,0.0,0.0,0.0,0.0
2,2,0.25941402,0.20050804,0.5400779,0.0,0.0,0.0,0.0,0.0,0.0,0.0,0.0,0.0
2,2,0.25941402,0.20050804,0.5400779,0.0,0.0,0.0,0.0,0.0,0.0,0.0,0.0,0.0
2,2,0.15482599,0.20050804,0.64466596,0.0,0.0,0.0,0.0,0.0,0.0,0.0,0.0,0.0
2,2,0.15482599,0.20050804,0.64466596,0.0,0.0,0.0,0.0,0.0,0.0,0.0,0.0,0.0
2,2,0.15482599,0.20050804,0.64466596,0.0,0.0,0.0,0.0,0.0,0.0,0.0,0.0,0.0
2,2,0.15482599,0.20050804,0.64466596,0.0,0.0,0.0,0.0,0.0,0.0,0.0,0.0,0.0
2,2,0.15482599,0.20050804,0.64466596,0.0,0.0,0.0,0.0,0.0,0.0,0.0,0.0,0.0
2,2,0.15482599,0.20050804,0.64466596,0.0,0.0,0.0,0.0,0.0,0.0,0.0,0.0,0.0
2,2,0.15482599,0.20050804,0.64466596,0.0,0.0,0.0,0.0,0.0,0.0,0.0,0.0,0.0
2,2,0.15482599,0.20050804,0.64466596,0.0,0.0,0.0,0.0,0.0,0.0,0.0,0.0,0.0
2,2,0.15482599,0.20050804,0.64466596,0.0,0.0,0.0,0.0,0.0,0.0,0.0,0.0,0.0
2,2,0.15482599,0.20050804,0.64466596,0.0,0.0,0.0,0.0,0.0,0.0,0.0,0.0,0.0
2,2,0.15482599,0.20050804,0.64466596,0.0,0.0,0.0,0.0,0.0,0.0,0.0,0.0,0.0
2,2,0.15482599,0.20050804,0.64466596,0.0,0.0,0.0,0.0,0.0,0.0,0.0,0.0,0.0
2,2,0.15482599,0.20050804,0.64466596,0.0,0.0,0.0,0.0,0.0,0.0,0.0,0.0,0.0
2,2,0.15482599,0.20050804,0.64466596,0.0,0.0,0.0,0.0,0.0,0.0,0.0,0.0,0.0
2,2,0.15482599,0.20050804,0.64466596,0.0,0.0,0.0,0.0,0.0,0.0,0.0,0.0,0.0
2,2,0.15482599,0.20050804,0.64466596,0.0,0.0,0.0,0.0,0.0,0.0,0.0,0.0,0.0
2,2,0.15482599,0.20050804,0.64466596,0.0,0.0,0.0,0.0,0.0,0.0,0.0,0.0,0.0
2,2,0.15482599,0.20050804,0.64466596,0.0,0.0,0.0,0.0,0.0,0.0,0.0,0.0,0.0
2,2,0.15482599,0.20050804,0.64466596,0.0,0.0,0.0,0.0,0.0,0.0,0.0,0.0,0.0
2,2,0.15482599,0.20050804,0.64466596,0.0,0.0,0.0,0.0,0.0,0.0,0.0,0.0,0.0
2,2,0.15482599,0.20050804,0.64466596,0.0,0.0,0.0,0.0,0.0,0.0,0.0,0.0,0.0
2,2,0.15482599,0.20050804,0.64466596,0.0,0.0,0.0,0.0,0.0,0.0,0.0,0.0,0.0
2,2,0.15482599,0.20050804,0.64466596,0.0,0.0,0.0,0.0,0.0,0.0,0.0,0.0,0.0
2,2,0.15482599,0.20050804,0.64466596,0.0,0.0,0.0,0.0,0.0,0.0,0.0,0.0,0.0
2,2,0.15482599,0.20050804,0.64466596,0.0,0.0,0.0,0.0,0.0,0.0,0.0,0.0,0.0
2,2,0.15482599,0.20050804,0.64466596,0.0,0.0,0.0,0.0,0.0,0.0,0.0,0.0,0.0
2,2,0.15482599,0.20050804,0.64466596,0.0,0.0,0.0,0.0,0.0,0.0,0.0,0.0,0.0
2,2,0.15482599,0.20050804,0.64466596,0.0,0.0,0.0,0.0,0.0,0.0,0.0,0.0,0.0
2,2,0.15482599,0.20050804,0.64466596,0.0,0.0,0.0,0.0,0.0,0.0,0.0,0.0,0.0
2,2,0.15482599,0.20050804,0.64466596,0.0,0.0,0.0,0.0,0.0,0.0,0.0,0.0,0.0
2,2,0.15482599,0.20050804,0.64466596,0.0,0.0,0.0,0.0,0.0,0.0,0.0,0.0,0.0
2,2,0.15482599,0.20050804,0.64466596,0.0,0.0,0.0,0.0,0.0,0.0,0.0,0.0,0.0
2,2,0.15482599,0.20050804,0.64466596,0.0,0.0,0.0,0.0,0.0,0.0,0.0,0.0,0.0
2,2,0.15482599,0.20050804,0.64466596,0.0,0.0,0.0,0.0,0.0,0.0,0.0,0.0,0.0
2,2,0.15482599,0.20050804,0.64466596,0.0,0.0,0.0,0.0,0.0,0.0,0.0,0.0,0.0
2,2,0.15482599,0.20050804,0.64466596,0.0,0.0,0.0,0.0,0.0,0.0,0.0,0.0,0.0
2,2,0.15482599,0.20050804,0.64466596,0.0,0.0,0.0,0.0,0.0,0.0,0.0,0.0,0.0
2,2,0.15482599,0.20050804,0.64466596,0.0,0.0,0.0,0.0,0.0,0.0,0.0,0.0,0.0
2,2,0.15482599,0.20050804,0.64466596,0.0,0.0,0.0,0.0,0.0,0.0,0.0,0.0,0.0
2,2,0.15482599,0.20050804,0.64466596,0.0,0.0,0.0,0.0,0.0,0.0,0.0,0.0,0.0
2,2,0.15482599,0.20050804,0.64466596,0.0,0.0,0.0,0.0,0.0,0.0,0.0,0.0,0.0
2,2,0.15482599,0.20050804,0.64466596,0.0,0.0,0.0,0.0,0.0,0.0,0.0,0.0,0.0
2,2,0.15482599,0.20050804,0.64466596,0.0,0.0,0.0,0.0,0.0,0.0,0.0,0.0,0.0
2,2,0.15482599,0.20050804,0.64466596,0.0,0.0,0.0,0.0,0.0,0.0,0.0,0.0,0.0
2,2,0.13070208,0.20050804,0.64466596,0.0,0.0,0.0,0.0,0.0,0.0,0.0,0.024123913,0.0
2,2,0.13070208,0.20050804,0.64466596,0.0,0.0,0.0,0.0,0.0,0.0,0.0,0.024123913,0.0
2,2,0.13070208,0.20050804,0.64466596,0.0,0.0,0.0,0.0,0.0,0.0,0.0,0.024123913,0.0
2,2,0.13070208,0.20050804,0.64466596,0.0,0.0,0.0,0.0,0.0,0.0,0.0,0.024123913,0.0
2,2,0.13070208,0.20050804,0.64466596,0.0,0.0,0.0,0.0,0.0,0.0,0.0,0.024123913,0.0
2,2,0.13070208,0.20050804,0.64466596,0.0,0.0,0.0,0.0,0.0,0.0,0.0,0.024123913,0.0
2,2,0.13070208,0.20050804,0.64466596,0.0,0.0,0.0,0.0,0.0,0.0,0.0,0.024123913,0.0
2,2,0.13070208,0.20050804,0.64466596,0.0,0.0,0.0,0.0,0.0,0.0,0.0,0.024123913,0.0
2,2,0.13070208,0.15257783,0.6925962,0.0,0.0,0.0,0.0,0.0,0.0,0.0,0.024123913,0.0
2,2,0.13070208,0.15257783,0.6925962,0.0,0.0,0.0,0.0,0.0,0.0,0.0,0.024123913,0.0
2,2,0.1307021,0.10034474,0.7448293,0.0,0.0,0.0,0.0,0.0,0.0,0.0,0.024123915,0.0
2,2,0.1307021,0.10034474,0.7448293,0.0,0.0,0.0,0.0,0.0,0.0,0.0,0.024123915,0.0
2,2,0.1307021,0.10034474,0.7448293,0.0,0.0,0.0,0.0,0.0,0.0,0.0,0.024123915,0.0
2,2,0.1307021,0.10034474,0.7448293,0.0,0.0,0.0,0.0,0.0,0.0,0.0,0.024123915,0.0
2,2,0.1307021,0.10034474,0.7448293,0.0,0.0,0.0,0.0,0.0,0.0,0.0,0.024123915,0.0
2,2,0.1307021,0.10034474,0.7448293,0.0,0.0,0.0,0.0,0.0,0.0,0.0,0.024123915,0.0
2,2,0.1307021,0.10034474,0.7448293,0.0,0.0,0.0,0.0,0.0,0.0,0.0,0.024123915,0.0
2,2,0.1307021,0.10034474,0.7448293,0.0,0.0,0.0,0.0,0.0,0.0,0.0,0.024123915,0.0
2,2,0.1307021,0.10034474,0.7448293,0.0,0.0,0.0,0.0,0.0,0.0,0.0,0.024123915,0.0
2,2,0.1307021,0.10034474,0.7448293,0.0,0.0,0.0,0.0,0.0,0.0,0.0,0.024123915,0.0
2,2,0.1307021,0.10034474,0.7448293,0.0,0.0,0.0,0.0,0.0,0.0,0.0,0.024123915,0.0
2,2,0.1307021,0.10034474,0.7448293,0.0,0.0,0.0,0.0,0.0,0.0,0.0,0.024123915,0.0
2,2,0.1307021,0.10034474,0.7448293,0.0,0.0,0.0,0.0,0.0,0.0,0.0,0.024123915,0.0
2,2,0.1307021,0.10034474,0.7448293,0.0,0.0,0.0,0.0,0.0,0.0,0.0,0.024123915,0.0
2,2,0.1307021,0.10034474,0.7448293,0.0,0.0,0.0,0.0,0.0,0.0,0.0,0.024123915,0.0
2,2,0.1307021,0.10034474,0.7448293,0.0,0.0,0.0,0.0,0.0,0.0,0.0,0.024123915,0.0
2,2,0.1307021,0.10034474,0.7448293,0.0,0.0,0.0,0.0,0.0,0.0,0.0,0.024123915,0.0
2,2,0.1307021,0.10034474,0.7448293,0.0,0.0,0.0,0.0,0.0,0.0,0.0,0.024123915,0.0
2,2,0.1307021,0.10034474,0.7448293,0.0,0.0,0.0,0.0,0.0,0.0,0.0,0.024123915,0.0
2,2,0.1307021,0.10034474,0.7448293,0.0,0.0,0.0,0.0,0.0,0.0,0.0,0.024123915,0.0
2,2,0.1307021,0.10034474,0.7448293,0.0,0.0,0.0,0.0,0.0,0.0,0.0,0.024123915,0.0
2,2,0.1307021,0.10034474,0.7448293,0.0,0.0,0.0,0.0,0.0,0.0,0.0,0.024123915,0.0
2,2,0.1307021,0.10034474,0.7448293,0.0,0.0,0.0,0.0,0.0,0.0,0.0,0.024123915,0.0
2,2,0.1307021,0.10034474,0.7448293,0.0,0.0,0.0,0.0,0.0,0.0,0.0,0.024123915,0.0
2,2,0.1307021,0.10034474,0.7448293,0.0,0.0,0.0,0.0,0.0,0.0,0.0,0.024123915,0.0
2,2,0.1307021,0.10034474,0.7448293,0.0,0.0,0.0,0.0,0.0,0.0,0.0,0.024123915,0.0
2,2,0.1307021,0.10034474,0.7448293,0.0,0.0,0.0,0.0,0.0,0.0,0.0,0.024123915,0.0
2,2,0.1307021,0.10034474,0.7448293,0.0,0.0,0.0,0.0,0.0,0.0,0.0,0.024123915,0.0
2,2,0.1307021,0.10034474,0.7448293,0.0,0.0,0.0,0.0,0.0,0.0,0.0,0.024123915,0.0
2,2,0.1307021,0.10034474,0.7448293,0.0,0.0,0.0,0.0,0.0,0.0,0.0,0.024123915,0.0
2,2,0.1307021,0.10034474,0.7448293,0.0,0.0,0.0,0.0,0.0,0.0,0.0,0.024123915,0.0
2,2,0.1307021,0.10034474,0.7448293,0.0,0.0,0.0,0.0,0.0,0.0,0.0,0.024123915,0.0
2,2,0.1307021,0.10034474,0.7448293,0.0,0.0,0.0,0.0,0.0,0.0,0.0,0.024123915,0.0
2,2,0.1307021,0.10034474,0.7448293,0.0,0.0,0.0,0.0,0.0,0.0,0.0,0.024123915,0.0
2,2,0.1307021,0.10034474,0.7448293,0.0,0.0,0.0,0.0,0.0,0.0,0.0,0.024123915,0.0
2,2,0.1307021,0.10034474,0.7448293,0.0,0.0,0.0,0.0,0.0,0.0,0.0,0.024123915,0.0
2,2,0.1307021,0.10034474,0.7448293,0.0,0.0,0.0,0.0,0.0,0.0,0.0,0.024123915,0.0
2,2,0.1307021,0.10034474,0.7448293,0.0,0.0,0.0,0.0,0.0,0.0,0.0,0.024123915,0.0
2,2,0.1307021,0.10034474,0.7448293,0.0,0.0,0.0,0.0,0.0,0.0,0.0,0.024123915,0.0
2,2,0.1307021,0.10034474,0.7448293,0.0,0.0,0.0,0.0,0.0,0.0,0.0,0.024123915,0.0
2,2,0.1307021,0.10034474,0.7448293,0.0,0.0,0.0,0.0,0.0,0.0,0.0,0.024123915,0.0
2,2,0.1307021,0.10034474,0.7448293,0.0,0.0,0.0,0.0,0.0,0.0,0.0,0.024123915,0.0
2,2,0.1307021,0.10034474,0.7448293,0.0,0.0,0.0,0.0,0.0,0.0,0.0,0.024123915,0.0
2,2,0.1307021,0.10034474,0.7448293,0.0,0.0,0.0,0.0,0.0,0.0,0.0,0.024123915,0.0
2,2,0.1307021,0.10034474,0.7448293,0.0,0.0,0.0,0.0,0.0,0.0,0.0,0.024123915,0.0
2,2,0.1307021,0.10034474,0.7448293,0.0,0.0,0.0,0.0,0.0,0.0,0.0,0.024123915,0.0
2,2,0.1307021,0.10034474,0.7448293,0.0,0.0,0.0,0.0,0.0,0.0,0.0,0.024123915,0.0
2,2,0.1307021,0.10034474,0.7448293,0.0,0.0,0.0,0.0,0.0,0.0,0.0,0.024123915,0.0
2,2,0.1307021,0.10034474,0.7448293,0.0,0.0,0.0,0.0,0.0,0.0,0.0,0.024123915,0.0
2,2,0.1307021,0.10034474,0.7448293,0.0,0.0,0.0,0.0,0.0,0.0,0.0,0.024123915,0.0
2,2,0.1307021,0.10034474,0.7448293,0.0,0.0,0.0,0.0,0.0,0.0,0.0,0.024123915,0.0
2,2,0.1307021,0.10034474,0.7448293,0.0,0.0,0.0,0.0,0.0,0.0,0.0,0.024123915,0.0
2,2,0.1307021,0.10034474,0.7448293,0.0,0.0,0.0,0.0,0.0,0.0,0.0,0.024123915,0.0
2,2,0.1307021,0.10034474,0.7448293,0.0,0.0,0.0,0.0,0.0,0.0,0.0,0.024123915,0.0
2,2,0.1307021,0.10034474,0.7448293,0.0,0.0,0.0,0.0,0.0,0.0,0.0,0.024123915,0.0
2,2,0.1307021,0.10034474,0.7448293,0.0,0.0,0.0,0.0,0.0,0.0,0.0,0.024123915,0.0
2,2,0.1307021,0.10034474,0.7448293,0.0,0.0,0.0,0.0,0.0,0.0,0.0,0.024123915,0.0
2,2,0.1307021,0.10034474,0.7448293,0.0,0.0,0.0,0.0,0.0,0.0,0.0,0.024123915,0.0
2,2,0.1307021,0.10034474,0.7448293,0.0,0.0,0.0,0.0,0.0,0.0,0.0,0.024123915,0.0
2,2,0.1307021,0.10034474,0.7448293,0.0,0.0,0.0,0.0,0.0,0.0,0.0,0.024123915,0.0
2,2,0.1307021,0.10034474,0.7448293,0.0,0.0,0.0,0.0,0.0,0.0,0.0,0.024123915,0.0
2,2,0.1307021,0.10034474,0.7448293,0.0,0.0,0.0,0.0,0.0,0.0,0.0,0.024123915,0.0
2,2,0.1307021,0.0,0.845174,0.0,0.0,0.0,0.0,0.0,0.0,0.0,0.024123915,0.0
2,2,0.1307021,0.0,0.845174,0.0,0.0,0.0,0.0,0.0,0.0,0.0,0.024123915,0.0
2,2,0.1307021,0.0,0.845174,0.0,0.0,0.0,0.0,0.0,0.0,0.0,0.024123915,0.0
2,2,0.1307021,0.0,0.845174,0.0,0.0,0.0,0.0,0.0,0.0,0.0,0.024123915,0.0
2,2,0.1307021,0.0,0.845174,0.0,0.0,0.0,0.0,0.0,0.0,0.0,0.024123915,0.0
2,2,0.1307021,0.0,0.845174,0.0,0.0,0.0,0.0,0.0,0.0,0.0,0.024123915,0.0
2,2,0.1307021,0.0,0.845174,0.0,0.0,0.0,0.0,0.0,0.0,0.0,0.024123915,0.0
2,2,0.1307021,0.0,0.845174,0.0,0.0,0.0,0.0,0.0,0.0,0.0,0.024123915,0.0
2,2,0.1307021,0.0,0.845174,0.0,0.0,0.0,0.0,0.0,0.0,0.0,0.024123915,0.0
2,2,0.1307021,0.0,0.845174,0.0,0.0,0.0,0.0,0.0,0.0,0.0,0.024123915,0.0
2,2,0.1307021,0.0,0.845174,0.0,0.0,0.0,0.0,0.0,0.0,0.0,0.024123915,0.0
2,2,0.1307021,0.0,0.845174,0.0,0.0,0.0,0.0,0.0,0.0,0.0,0.024123915,0.0
2,2,0.1307021,0.0,0.845174,0.0,0.0,0.0,0.0,0.0,0.0,0.0,0.024123915,0.0
2,2,0.1307021,0.0,0.845174,0.0,0.0,0.0,0.0,0.0,0.0,0.0,0.024123915,0.0
2,2,0.1307021,0.0,0.845174,0.0,0.0,0.0,0.0,0.0,0.0,0.0,0.024123915,0.0
2,2,0.1307021,0.0,0.845174,0.0,0.0,0.0,0.0,0.0,0.0,0.0,0.024123915,0.0
2,2,0.1307021,0.0,0.845174,0.0,0.0,0.0,0.0,0.0,0.0,0.0,0.024123915,0.0
2,2,0.1307021,0.0,0.845174,0.0,0.0,0.0,0.0,0.0,0.0,0.0,0.024123915,0.0
2,2,0.1307021,0.0,0.845174,0.0,0.0,0.0,0.0,0.0,0.0,0.0,0.024123915,0.0
2,2,0.1307021,0.0,0.845174,0.0,0.0,0.0,0.0,0.0,0.0,0.0,0.024123915,0.0
2,2,0.1307021,0.0,0.845174,0.0,0.0,0.0,0.0,0.0,0.0,0.0,0.024123915,0.0
2,2,0.1307021,0.0,0.845174,0.0,0.0,0.0,0.0,0.0,0.0,0.0,0.024123915,0.0
2,2,0.1307021,0.0,0.845174,0.0,0.0,0.0,0.0,0.0,0.0,0.0,0.024123915,0.0
2,2,0.1307021,0.0,0.845174,0.0,0.0,0.0,0.0,0.0,0.0,0.0,0.024123915,0.0
2,2,0.1307021,0.0,0.845174,0.0,0.0,0.0,0.0,0.0,0.0,0.0,0.024123915,0.0
2,2,0.1307021,0.0,0.845174,0.0,0.0,0.0,0.0,0.0,0.0,0.0,0.024123915,0.0
2,2,0.1307021,0.0,0.845174,0.0,0.0,0.0,0.0,0.0,0.0,0.0,0.024123915,0.0
2,2,0.1307021,0.0,0.845174,0.0,0.0,0.0,0.0,0.0,0.0,0.0,0.024123915,0.0
2,2,0.1307021,0.0,0.845174,0.0,0.0,0.0,0.0,0.0,0.0,0.0,0.024123915,0.0
2,2,0.1307021,0.0,0.845174,0.0,0.0,0.0,0.0,0.0,0.0,0.0,0.024123915,0.0
2,2,0.1307021,0.0,0.845174,0.0,0.0,0.0,0.0,0.0,0.0,0.0,0.024123915,0.0
2,2,0.1307021,0.0,0.845174,0.0,0.0,0.0,0.0,0.0,0.0,0.0,0.024123915,0.0
2,2,0.1307021,0.0,0.845174,0.0,0.0,0.0,0.0,0.0,0.0,0.0,0.024123915,0.0
2,2,0.1307021,0.0,0.845174,0.0,0.0,0.0,0.0,0.0,0.0,0.0,0.024123915,0.0
2,2,0.1307021,0.0,0.845174,0.0,0.0,0.0,0.0,0.0,0.0,0.0,0.024123915,0.0
2,2,0.1307021,0.0,0.845174,0.0,0.0,0.0,0.0,0.0,0.0,0.0,0.024123915,0.0
2,2,0.1307021,0.0,0.845174,0.0,0.0,0.0,0.0,0.0,0.0,0.0,0.024123915,0.0
2,2,0.1307021,0.0,0.845174,0.0,0.0,0.0,0.0,0.0,0.0,0.0,0.024123915,0.0
2,2,0.1307021,0.0,0.845174,0.0,0.0,0.0,0.0,0.0,0.0,0.0,0.024123915,0.0
2,2,0.1307021,0.0,0.845174,0.0,0.0,0.0,0.0,0.0,0.0,0.0,0.024123915,0.0
2,2,0.1307021,0.0,0.845174,0.0,0.0,0.0,0.0,0.0,0.0,0.0,0.024123915,0.0
2,2,0.1307021,0.0,0.845174,0.0,0.0,0.0,0.0,0.0,0.0,0.0,0.024123915,0.0
2,2,0.1307021,0.0,0.845174,0.0,0.0,0.0,0.0,0.0,0.0,0.0,0.024123915,0.0
2,2,0.1307021,0.0,0.845174,0.0,0.0,0.0,0.0,0.0,0.0,0.0,0.024123915,0.0
2,2,0.1307021,0.0,0.845174,0.0,0.0,0.0,0.0,0.0,0.0,0.0,0.024123915,0.0
2,2,0.1307021,0.0,0.845174,0.0,0.0,0.0,0.0,0.0,0.0,0.0,0.024123915,0.0
2,2,0.1307021,0.0,0.845174,0.0,0.0,0.0,0.0,0.0,0.0,0.0,0.024123915,0.0
2,2,0.1307021,0.0,0.845174,0.0,0.0,0.0,0.0,0.0,0.0,0.0,0.024123915,0.0
2,2,0.1307021,0.0,0.845174,0.0,0.0,0.0,0.0,0.0,0.0,0.0,0.024123915,0.0
2,2,0.1307021,0.0,0.845174,0.0,0.0,0.0,0.0,0.0,0.0,0.0,0.024123915,0.0
2,2,0.1307021,0.0,0.845174,0.0,0.0,0.0,0.0,0.0,0.0,0.0,0.024123915,0.0
2,2,0.1307021,0.0,0.845174,0.0,0.0,0.0,0.0,0.0,0.0,0.0,0.024123915,0.0
2,2,0.1307021,0.0,0.845174,0.0,0.0,0.0,0.0,0.0,0.0,0.0,0.024123915,0.0
2,2,0.1307021,0.0,0.845174,0.0,0.0,0.0,0.0,0.0,0.0,0.0,0.024123915,0.0
2,2,0.1307021,0.0,0.845174,0.0,0.0,0.0,0.0,0.0,0.0,0.0,0.024123915,0.0
2,2,0.1307021,0.0,0.845174,0.0,0.0,0.0,0.0,0.0,0.0,0.0,0.024123915,0.0
2,2,0.1307021,0.0,0.845174,0.0,0.0,0.0,0.0,0.0,0.0,0.0,0.024123915,0.0
2,2,0.1307021,0.0,0.845174,0.0,0.0,0.0,0.0,0.0,0.0,0.0,0.024123915,0.0
2,2,0.1307021,0.0,0.845174,0.0,0.0,0.0,0.0,0.0,0.0,0.0,0.024123915,0.0
2,2,0.1307021,0.0,0.845174,0.0,0.0,0.0,0.0,0.0,0.0,0.0,0.024123915,0.0
2,2,0.1307021,0.0,0.845174,0.0,0.0,0.0,0.0,0.0,0.0,0.0,0.024123915,0.0
2,2,0.1307021,0.0,0.845174,0.0,0.0,0.0,0.0,0.0,0.0,0.0,0.024123915,0.0
2,2,0.1307021,0.0,0.845174,0.0,0.0,0.0,0.0,0.0,0.0,0.0,0.024123915,0.0
2,2,0.1307021,0.0,0.845174,0.0,0.0,0.0,0.0,0.0,0.0,0.0,0.024123915,0.0
2,2,0.1307021,0.0,0.845174,0.0,0.0,0.0,0.0,0.0,0.0,0.0,0.024123915,0.0
2,2,0.1307021,0.0,0.845174,0.0,0.0,0.0,0.0,0.0,0.0,0.0,0.024123915,0.0
2,2,0.1307021,0.0,0.845174,0.0,0.0,0.0,0.0,0.0,0.0,0.0,0.024123915,0.0
2,2,0.1307021,0.0,0.845174,0.0,0.0,0.0,0.0,0.0,0.0,0.0,0.024123915,0.0
2,2,0.1307021,0.0,0.845174,0.0,0.0,0.0,0.0,0.0,0.0,0.0,0.024123915,0.0
2,2,0.1307021,0.0,0.845174,0.0,0.0,0.0,0.0,0.0,0.0,0.0,0.024123915,0.0
2,2,0.1307021,0.0,0.845174,0.0,0.0,0.0,0.0,0.0,0.0,0.0,0.024123915,0.0
2,2,0.1307021,0.0,0.845174,0.0,0.0,0.0,0.0,0.0,0.0,0.0,0.024123915,0.0
2,2,0.1307021,0.0,0.845174,0.0,0.0,0.0,0.0,0.0,0.0,0.0,0.024123915,0.0
2,2,0.1307021,0.0,0.845174,0.0,0.0,0.0,0.0,0.0,0.0,0.0,0.024123915,0.0
2,2,0.1307021,0.0,0.845174,0.0,0.0,0.0,0.0,0.0,0.0,0.0,0.024123915,0.0
2,2,0.1307021,0.0,0.845174,0.0,0.0,0.0,0.0,0.0,0.0,0.0,0.024123915,0.0
2,2,0.1307021,0.0,0.845174,0.0,0.0,0.0,0.0,0.0,0.0,0.0,0.024123915,0.0
2,2,0.1307021,0.0,0.845174,0.0,0.0,0.0,0.0,0.0,0.0,0.0,0.024123915,0.0
2,2,0.1307021,0.0,0.845174,0.0,0.0,0.0,0.0,0.0,0.0,0.0,0.024123915,0.0
2,2,0.1307021,0.0,0.845174,0.0,0.0,0.0,0.0,0.0,0.0,0.0,0.024123915,0.0
2,2,0.1307021,0.0,0.845174,0.0,0.0,0.0,0.0,0.0,0.0,0.0,0.024123915,0.0
2,2,0.1307021,0.0,0.845174,0.0,0.0,0.0,0.0,0.0,0.0,0.0,0.024123915,0.0
2,2,0.1307021,0.0,0.845174,0.0,0.0,0.0,0.0,0.0,0.0,0.0,0.024123915,0.0
2,2,0.1307021,0.0,0.845174,0.0,0.0,0.0,0.0,0.0,0.0,0.0,0.024123915,0.0
2,2,0.1307021,0.0,0.845174,0.0,0.0,0.0,0.0,0.0,0.0,0.0,0.024123915,0.0
2,2,0.1307021,0.0,0.845174,0.0,0.0,0.0,0.0,0.0,0.0,0.0,0.024123915,0.0
2,2,0.1307021,0.0,0.845174,0.0,0.0,0.0,0.0,0.0,0.0,0.0,0.024123915,0.0
2,2,0.1307021,0.0,0.845174,0.0,0.0,0.0,0.0,0.0,0.0,0.0,0.024123915,0.0
2,2,0.1307021,0.0,0.845174,0.0,0.0,0.0,0.0,0.0,0.0,0.0,0.024123915,0.0
2,2,0.1307021,0.0,0.845174,0.0,0.0,0.0,0.0,0.0,0.0,0.0,0.024123915,0.0
2,2,0.1307021,0.0,0.845174,0.0,0.0,0.0,0.0,0.0,0.0,0.0,0.024123915,0.0
2,2,0.1307021,0.0,0.845174,0.0,0.0,0.0,0.0,0.0,0.0,0.0,0.024123915,0.0
2,2,0.1307021,0.0,0.845174,0.0,0.0,0.0,0.0,0.0,0.0,0.0,0.024123915,0.0
2,2,0.1307021,0.0,0.845174,0.0,0.0,0.0,0.0,0.0,0.0,0.0,0.024123915,0.0
2,2,0.1307021,0.0,0.845174,0.0,0.0,0.0,0.0,0.0,0.0,0.0,0.024123915,0.0
2,2,0.1307021,0.0,0.845174,0.0,0.0,0.0,0.0,0.0,0.0,0.0,0.024123915,0.0
2,2,0.1307021,0.0,0.845174,0.0,0.0,0.0,0.0,0.0,0.0,0.0,0.024123915,0.0
2,2,0.1307021,0.0,0.845174,0.0,0.0,0.0,0.0,0.0,0.0,0.0,0.024123915,0.0
2,2,0.1307021,0.0,0.845174,0.0,0.0,0.0,0.0,0.0,0.0,0.0,0.024123915,0.0
2,2,0.1307021,0.0,0.845174,0.0,0.0,0.0,0.0,0.0,0.0,0.0,0.024123915,0.0
2,2,0.1307021,0.0,0.845174,0.0,0.0,0.0,0.0,0.0,0.0,0.0,0.024123915,0.0
2,2,0.1307021,0.0,0.845174,0.0,0.0,0.0,0.0,0.0,0.0,0.0,0.024123915,0.0
2,2,0.1307021,0.0,0.845174,0.0,0.0,0.0,0.0,0.0,0.0,0.0,0.024123915,0.0
2,2,0.1307021,0.0,0.845174,0.0,0.0,0.0,0.0,0.0,0.0,0.0,0.024123915,0.0
2,2,0.1307021,0.0,0.845174,0.0,0.0,0.0,0.0,0.0,0.0,0.0,0.024123915,0.0
2,2,0.1307021,0.0,0.845174,0.0,0.0,0.0,0.0,0.0,0.0,0.0,0.024123915,0.0
2,2,0.1307021,0.0,0.845174,0.0,0.0,0.0,0.0,0.0,0.0,0.0,0.024123915,0.0
2,2,0.1307021,0.0,0.845174,0.0,0.0,0.0,0.0,0.0,0.0,0.0,0.024123915,0.0
2,2,0.1307021,0.0,0.845174,0.0,0.0,0.0,0.0,0.0,0.0,0.0,0.024123915,0.0
2,2,0.1307021,0.0,0.845174,0.0,0.0,0.0,0.0,0.0,0.0,0.0,0.024123915,0.0
2,2,0.1307021,0.0,0.845174,0.0,0.0,0.0,0.0,0.0,0.0,0.0,0.024123915,0.0
2,2,0.1307021,0.0,0.845174,0.0,0.0,0.0,0.0,0.0,0.0,0.0,0.024123915,0.0
2,2,0.1307021,0.0,0.845174,0.0,0.0,0.0,0.0,0.0,0.0,0.0,0.024123915,0.0
2,2,0.1307021,0.0,0.845174,0.0,0.0,0.0,0.0,0.0,0.0,0.0,0.024123915,0.0
2,2,0.1307021,0.0,0.845174,0.0,0.0,0.0,0.0,0.0,0.0,0.0,0.024123915,0.0
2,2,0.1307021,0.0,0.845174,0.0,0.0,0.0,0.0,0.0,0.0,0.0,0.024123915,0.0
2,2,0.1307021,0.0,0.845174,0.0,0.0,0.0,0.0,0.0,0.0,0.0,0.024123915,0.0
2,2,0.1307021,0.0,0.845174,0.0,0.0,0.0,0.0,0.0,0.0,0.0,0.024123915,0.0
2,2,0.1307021,0.0,0.845174,0.0,0.0,0.0,0.0,0.0,0.0,0.0,0.024123915,0.0
2,2,0.1307021,0.0,0.845174,0.0,0.0,0.0,0.0,0.0,0.0,0.0,0.024123915,0.0
2,2,0.1307021,0.0,0.845174,0.0,0.0,0.0,0.0,0.0,0.0,0.0,0.024123915,0.0
2,2,0.1307021,0.0,0.845174,0.0,0.0,0.0,0.0,0.0,0.0,0.0,0.024123915,0.0
2,2,0.1307021,0.0,0.845174,0.0,0.0,0.0,0.0,0.0,0.0,0.0,0.024123915,0.0
2,2,0.1307021,0.0,0.845174,0.0,0.0,0.0,0.0,0.0,0.0,0.0,0.024123915,0.0
2,2,0.1307021,0.0,0.845174,0.0,0.0,0.0,0.0,0.0,0.0,0.0,0.024123915,0.0
2,2,0.1307021,0.0,0.845174,0.0,0.0,0.0,0.0,0.0,0.0,0.0,0.024123915,0.0
2,2,0.1307021,0.0,0.845174,0.0,0.0,0.0,0.0,0.0,0.0,0.0,0.024123915,0.0
2,2,0.1307021,0.0,0.845174,0.0,0.0,0.0,0.0,0.0,0.0,0.0,0.024123915,0.0
2,2,0.1307021,0.0,0.845174,0.0,0.0,0.0,0.0,0.0,0.0,0.0,0.024123915,0.0
2,2,0.1307021,0.0,0.845174,0.0,0.0,0.0,0.0,0.0,0.0,0.0,0.024123915,0.0
2,2,0.1307021,0.0,0.845174,0.0,0.0,0.0,0.0,0.0,0.0,0.0,0.024123915,0.0
2,2,0.1307021,0.0,0.845174,0.0,0.0,0.0,0.0,0.0,0.0,0.0,0.024123915,0.0
2,2,0.1307021,0.0,0.845174,0.0,0.0,0.0,0.0,0.0,0.0,0.0,0.024123915,0.0
2,2,0.1307021,0.0,0.845174,0.0,0.0,0.0,0.0,0.0,0.0,0.0,0.024123915,0.0
2,2,0.1307021,0.0,0.845174,0.0,0.0,0.0,0.0,0.0,0.0,0.0,0.024123915,0.0
2,2,0.1307021,0.0,0.845174,0.0,0.0,0.0,0.0,0.0,0.0,0.0,0.024123915,0.0
2,2,0.1307021,0.0,0.845174,0.0,0.0,0.0,0.0,0.0,0.0,0.0,0.024123915,0.0
2,2,0.1307021,0.0,0.845174,0.0,0.0,0.0,0.0,0.0,0.0,0.0,0.024123915,0.0
2,2,0.1307021,0.0,0.845174,0.0,0.0,0.0,0.0,0.0,0.0,0.0,0.024123915,0.0
2,2,0.1307021,0.0,0.845174,0.0,0.0,0.0,0.0,0.0,0.0,0.0,0.024123915,0.0
2,2,0.1307021,0.0,0.845174,0.0,0.0,0.0,0.0,0.0,0.0,0.0,0.024123915,0.0
2,2,0.1307021,0.0,0.845174,0.0,0.0,0.0,0.0,0.0,0.0,0.0,0.024123915,0.0
2,2,0.1307021,0.0,0.845174,0.0,0.0,0.0,0.0,0.0,0.0,0.0,0.024123915,0.0
2,2,0.1307021,0.0,0.845174,0.0,0.0,0.0,0.0,0.0,0.0,0.0,0.024123915,0.0
2,2,0.1307021,0.0,0.845174,0.0,0.0,0.0,0.0,0.0,0.0,0.0,0.024123915,0.0
2,2,0.1307021,0.0,0.845174,0.0,0.0,0.0,0.0,0.0,0.0,0.0,0.024123915,0.0
2,2,0.1307021,0.0,0.845174,0.0,0.0,0.0,0.0,0.0,0.0,0.0,0.024123915,0.0
2,2,0.1307021,0.0,0.845174,0.0,0.0,0.0,0.0,0.0,0.0,0.0,0.024123915,0.0
2,2,0.1307021,0.0,0.845174,0.0,0.0,0.0,0.0,0.0,0.0,0.0,0.024123915,0.0
2,2,0.1307021,0.0,0.845174,0.0,0.0,0.0,0.0,0.0,0.0,0.0,0.024123915,0.0
2,2,0.1307021,0.0,0.845174,0.0,0.0,0.0,0.0,0.0,0.0,0.0,0.024123915,0.0
2,2,0.1307021,0.0,0.845174,0.0,0.0,0.0,0.0,0.0,0.0,0.0,0.024123915,0.0
2,2,0.1307021,0.0,0.845174,0.0,0.0,0.0,0.0,0.0,0.0,0.0,0.024123915,0.0
2,2,0.1307021,0.0,0.845174,0.0,0.0,0.0,0.0,0.0,0.0,0.0,0.024123915,0.0
2,2,0.1307021,0.0,0.845174,0.0,0.0,0.0,0.0,0.0,0.0,0.0,0.024123915,0.0
2,2,0.1307021,0.0,0.845174,0.0,0.0,0.0,0.0,0.0,0.0,0.0,0.024123915,0.0
2,2,0.1307021,0.0,0.845174,0.0,0.0,0.0,0.0,0.0,0.0,0.0,0.024123915,0.0
2,2,0.1307021,0.0,0.845174,0.0,0.0,0.0,0.0,0.0,0.0,0.0,0.024123915,0.0
2,2,0.1307021,0.0,0.845174,0.0,0.0,0.0,0.0,0.0,0.0,0.0,0.024123915,0.0
2,2,0.1307021,0.0,0.845174,0.0,0.0,0.0,0.0,0.0,0.0,0.0,0.024123915,0.0
2,2,0.1307021,0.0,0.845174,0.0,0.0,0.0,0.0,0.0,0.0,0.0,0.024123915,0.0
2,2,0.1307021,0.0,0.845174,0.0,0.0,0.0,0.0,0.0,0.0,0.0,0.024123915,0.0
2,2,0.1307021,0.0,0.845174,0.0,0.0,0.0,0.0,0.0,0.0,0.0,0.024123915,0.0
2,2,0.1307021,0.0,0.845174,0.0,0.0,0.0,0.0,0.0,0.0,0.0,0.024123915,0.0
2,2,0.1307021,0.0,0.845174,0.0,0.0,0.0,0.0,0.0,0.0,0.0,0.024123915,0.0
2,2,0.1307021,0.0,0.845174,0.0,0.0,0.0,0.0,0.0,0.0,0.0,0.024123915,0.0
2,2,0.1307021,0.0,0.845174,0.0,0.0,0.0,0.0,0.0,0.0,0.0,0.024123915,0.0
2,2,0.1307021,0.0,0.845174,0.0,0.0,0.0,0.0,0.0,0.0,0.0,0.024123915,0.0
2,2,0.1307021,0.0,0.845174,0.0,0.0,0.0,0.0,0.0,0.0,0.0,0.024123915,0.0
2,2,0.1307021,0.0,0.845174,0.0,0.0,0.0,0.0,0.0,0.0,0.0,0.024123915,0.0
2,2,0.1307021,0.0,0.845174,0.0,0.0,0.0,0.0,0.0,0.0,0.0,0.024123915,0.0
2,2,0.1307021,0.0,0.845174,0.0,0.0,0.0,0.0,0.0,0.0,0.0,0.024123915,0.0
2,2,0.1307021,0.0,0.845174,0.0,0.0,0.0,0.0,0.0,0.0,0.0,0.024123915,0.0
2,2,0.1307021,0.0,0.845174,0.0,0.0,0.0,0.0,0.0,0.0,0.0,0.024123915,0.0
2,2,0.1307021,0.0,0.845174,0.0,0.0,0.0,0.0,0.0,0.0,0.0,0.024123915,0.0
2,2,0.1307021,0.0,0.845174,0.0,0.0,0.0,0.0,0.0,0.0,0.0,0.024123915,0.0
2,2,0.1307021,0.0,0.845174,0.0,0.0,0.0,0.0,0.0,0.0,0.0,0.024123915,0.0
2,2,0.1307021,0.0,0.845174,0.0,0.0,0.0,0.0,0.0,0.0,0.0,0.024123915,0.0
2,2,0.1307021,0.0,0.845174,0.0,0.0,0.0,0.0,0.0,0.0,0.0,0.024123915,0.0
2,2,0.1307021,0.0,0.845174,0.0,0.0,0.0,0.0,0.0,0.0,0.0,0.024123915,0.0
2,2,0.1307021,0.0,0.845174,0.0,0.0,0.0,0.0,0.0,0.0,0.0,0.024123915,0.0
2,2,0.1307021,0.0,0.845174,0.0,0.0,0.0,0.0,0.0,0.0,0.0,0.024123915,0.0
2,2,0.1307021,0.0,0.845174,0.0,0.0,0.0,0.0,0.0,0.0,0.0,0.024123915,0.0
2,2,0.1307021,0.0,0.845174,0.0,0.0,0.0,0.0,0.0,0.0,0.0,0.024123915,0.0
2,2,0.1307021,0.0,0.845174,0.0,0.0,0.0,0.0,0.0,0.0,0.0,0.024123915,0.0
2,2,0.1307021,0.0,0.845174,0.0,0.0,0.0,0.0,0.0,0.0,0.0,0.024123915,0.0
2,2,0.1307021,0.0,0.845174,0.0,0.0,0.0,0.0,0.0,0.0,0.0,0.024123915,0.0
2,2,0.1307021,0.0,0.845174,0.0,0.0,0.0,0.0,0.0,0.0,0.0,0.024123915,0.0
2,2,0.1307021,0.0,0.845174,0.0,0.0,0.0,0.0,0.0,0.0,0.0,0.024123915,0.0
2,2,0.1307021,0.0,0.845174,0.0,0.0,0.0,0.0,0.0,0.0,0.0,0.024123915,0.0
2,2,0.1307021,0.0,0.845174,0.0,0.0,0.0,0.0,0.0,0.0,0.0,0.024123915,0.0
2,2,0.1307021,0.0,0.845174,0.0,0.0,0.0,0.0,0.0,0.0,0.0,0.024123915,0.0
2,2,0.1307021,0.0,0.845174,0.0,0.0,0.0,0.0,0.0,0.0,0.0,0.024123915,0.0
2,2,0.1307021,0.0,0.845174,0.0,0.0,0.0,0.0,0.0,0.0,0.0,0.024123915,0.0
2,2,0.1307021,0.0,0.845174,0.0,0.0,0.0,0.0,0.0,0.0,0.0,0.024123915,0.0
2,2,0.1307021,0.0,0.845174,0.0,0.0,0.0,0.0,0.0,0.0,0.0,0.024123915,0.0
2,2,0.1307021,0.0,0.845174,0.0,0.0,0.0,0.0,0.0,0.0,0.0,0.024123915,0.0
2,2,0.1307021,0.0,0.845174,0.0,0.0,0.0,0.0,0.0,0.0,0.0,0.024123915,0.0
2,2,0.1307021,0.0,0.845174,0.0,0.0,0.0,0.0,0.0,0.0,0.0,0.024123915,0.0
2,2,0.1307021,0.0,0.845174,0.0,0.0,0.0,0.0,0.0,0.0,0.0,0.024123915,0.0
2,2,0.1307021,0.0,0.845174,0.0,0.0,0.0,0.0,0.0,0.0,0.0,0.024123915,0.0
2,2,0.1307021,0.0,0.845174,0.0,0.0,0.0,0.0,0.0,0.0,0.0,0.024123915,0.0
2,2,0.1307021,0.0,0.845174,0.0,0.0,0.0,0.0,0.0,0.0,0.0,0.024123915,0.0
2,2,0.1307021,0.0,0.845174,0.0,0.0,0.0,0.0,0.0,0.0,0.0,0.024123915,0.0
2,2,0.1307021,0.0,0.845174,0.0,0.0,0.0,0.0,0.0,0.0,0.0,0.024123915,0.0
2,2,0.1307021,0.0,0.845174,0.0,0.0,0.0,0.0,0.0,0.0,0.0,0.024123915,0.0
2,2,0.1307021,0.0,0.845174,0.0,0.0,0.0,0.0,0.0,0.0,0.0,0.024123915,0.0
2,2,0.1307021,0.0,0.845174,0.0,0.0,0.0,0.0,0.0,0.0,0.0,0.024123915,0.0
2,2,0.1307021,0.0,0.845174,0.0,0.0,0.0,0.0,0.0,0.0,0.0,0.024123915,0.0
2,2,0.1307021,0.0,0.845174,0.0,0.0,0.0,0.0,0.0,0.0,0.0,0.024123915,0.0
2,2,0.1307021,0.0,0.845174,0.0,0.0,0.0,0.0,0.0,0.0,0.0,0.024123915,0.0
2,2,0.1307021,0.0,0.845174,0.0,0.0,0.0,0.0,0.0,0.0,0.0,0.024123915,0.0
2,2,0.1307021,0.0,0.845174,0.0,0.0,0.0,0.0,0.0,0.0,0.0,0.024123915,0.0
2,2,0.1307021,0.0,0.845174,0.0,0.0,0.0,0.0,0.0,0.0,0.0,0.024123915,0.0
2,2,0.1307021,0.0,0.845174,0.0,0.0,0.0,0.0,0.0,0.0,0.0,0.024123915,0.0
2,2,0.1307021,0.0,0.845174,0.0,0.0,0.0,0.0,0.0,0.0,0.0,0.024123915,0.0
2,2,0.1307021,0.0,0.845174,0.0,0.0,0.0,0.0,0.0,0.0,0.0,0.024123915,0.0
2,2,0.1307021,0.0,0.845174,0.0,0.0,0.0,0.0,0.0,0.0,0.0,0.024123915,0.0
2,2,0.1307021,0.0,0.845174,0.0,0.0,0.0,0.0,0.0,0.0,0.0,0.024123915,0.0
2,2,0.1307021,0.0,0.845174,0.0,0.0,0.0,0.0,0.0,0.0,0.0,0.024123915,0.0
2,2,0.1307021,0.0,0.845174,0.0,0.0,0.0,0.0,0.0,0.0,0.0,0.024123915,0.0
2,2,0.1307021,0.0,0.845174,0.0,0.0,0.0,0.0,0.0,0.0,0.0,0.024123915,0.0
2,2,0.1307021,0.0,0.845174,0.0,0.0,0.0,0.0,0.0,0.0,0.0,0.024123915,0.0
2,2,0.1307021,0.0,0.845174,0.0,0.0,0.0,0.0,0.0,0.0,0.0,0.024123915,0.0
2,2,0.1307021,0.0,0.845174,0.0,0.0,0.0,0.0,0.0,0.0,0.0,0.024123915,0.0
2,2,0.1307021,0.0,0.845174,0.0,0.0,0.0,0.0,0.0,0.0,0.0,0.024123915,0.0
2,2,0.1307021,0.0,0.845174,0.0,0.0,0.0,0.0,0.0,0.0,0.0,0.024123915,0.0
2,2,0.1307021,0.0,0.845174,0.0,0.0,0.0,0.0,0.0,0.0,0.0,0.024123915,0.0
2,2,0.1307021,0.0,0.845174,0.0,0.0,0.0,0.0,0.0,0.0,0.0,0.024123915,0.0
2,2,0.1307021,0.0,0.845174,0.0,0.0,0.0,0.0,0.0,0.0,0.0,0.024123915,0.0
2,2,0.1307021,0.0,0.845174,0.0,0.0,0.0,0.0,0.0,0.0,0.0,0.024123915,0.0
2,2,0.1307021,0.0,0.845174,0.0,0.0,0.0,0.0,0.0,0.0,0.0,0.024123915,0.0
2,2,0.1307021,0.0,0.845174,0.0,0.0,0.0,0.0,0.0,0.0,0.0,0.024123915,0.0
2,2,0.1307021,0.0,0.845174,0.0,0.0,0.0,0.0,0.0,0.0,0.0,0.024123915,0.0
2,2,0.1307021,0.0,0.845174,0.0,0.0,0.0,0.0,0.0,0.0,0.0,0.024123915,0.0
2,2,0.1307021,0.0,0.845174,0.0,0.0,0.0,0.0,0.0,0.0,0.0,0.024123915,0.0
2,2,0.1307021,0.0,0.845174,0.0,0.0,0.0,0.0,0.0,0.0,0.0,0.024123915,0.0
2,2,0.1307021,0.0,0.845174,0.0,0.0,0.0,0.0,0.0,0.0,0.0,0.024123915,0.0
2,2,0.1307021,0.0,0.845174,0.0,0.0,0.0,0.0,0.0,0.0,0.0,0.024123915,0.0
2,2,0.1307021,0.0,0.845174,0.0,0.0,0.0,0.0,0.0,0.0,0.0,0.024123915,0.0
2,2,0.1307021,0.0,0.845174,0.0,0.0,0.0,0.0,0.0,0.0,0.0,0.024123915,0.0
2,2,0.1307021,0.0,0.845174,0.0,0.0,0.0,0.0,0.0,0.0,0.0,0.024123915,0.0
2,2,0.1307021,0.0,0.845174,0.0,0.0,0.0,0.0,0.0,0.0,0.0,0.024123915,0.0
2,2,0.1307021,0.0,0.845174,0.0,0.0,0.0,0.0,0.0,0.0,0.0,0.024123915,0.0
2,2,0.1307021,0.0,0.845174,0.0,0.0,0.0,0.0,0.0,0.0,0.0,0.024123915,0.0
2,2,0.1307021,0.0,0.845174,0.0,0.0,0.0,0.0,0.0,0.0,0.0,0.024123915,0.0
2,2,0.1307021,0.0,0.845174,0.0,0.0,0.0,0.0,0.0,0.0,0.0,0.024123915,0.0
2,2,0.1307021,0.0,0.845174,0.0,0.0,0.0,0.0,0.0,0.0,0.0,0.024123915,0.0
2,2,0.1307021,0.0,0.845174,0.0,0.0,0.0,0.0,0.0,0.0,0.0,0.024123915,0.0
2,2,0.1307021,0.0,0.845174,0.0,0.0,0.0,0.0,0.0,0.0,0.0,0.024123915,0.0
2,2,0.1307021,0.0,0.845174,0.0,0.0,0.0,0.0,0.0,0.0,0.0,0.024123915,0.0
2,2,0.1307021,0.0,0.845174,0.0,0.0,0.0,0.0,0.0,0.0,0.0,0.024123915,0.0
2,2,0.1307021,0.0,0.845174,0.0,0.0,0.0,0.0,0.0,0.0,0.0,0.024123915,0.0
2,2,0.1307021,0.0,0.845174,0.0,0.0,0.0,0.0,0.0,0.0,0.0,0.024123915,0.0
2,2,0.1307021,0.0,0.845174,0.0,0.0,0.0,0.0,0.0,0.0,0.0,0.024123915,0.0
2,2,0.1307021,0.0,0.845174,0.0,0.0,0.0,0.0,0.0,0.0,0.0,0.024123915,0.0
2,2,0.1307021,0.0,0.845174,0.0,0.0,0.0,0.0,0.0,0.0,0.0,0.024123915,0.0
2,2,0.1307021,0.0,0.845174,0.0,0.0,0.0,0.0,0.0,0.0,0.0,0.024123915,0.0
2,2,0.1307021,0.0,0.845174,0.0,0.0,0.0,0.0,0.0,0.0,0.0,0.024123915,0.0
2,2,0.1307021,0.0,0.845174,0.0,0.0,0.0,0.0,0.0,0.0,0.0,0.024123915,0.0
2,2,0.1307021,0.0,0.845174,0.0,0.0,0.0,0.0,0.0,0.0,0.0,0.024123915,0.0
2,2,0.1307021,0.0,0.845174,0.0,0.0,0.0,0.0,0.0,0.0,0.0,0.024123915,0.0
2,2,0.1307021,0.0,0.845174,0.0,0.0,0.0,0.0,0.0,0.0,0.0,0.024123915,0.0
2,2,0.1307021,0.0,0.845174,0.0,0.0,0.0,0.0,0.0,0.0,0.0,0.024123915,0.0
2,2,0.1307021,0.0,0.845174,0.0,0.0,0.0,0.0,0.0,0.0,0.0,0.024123915,0.0
2,2,0.1307021,0.0,0.845174,0.0,0.0,0.0,0.0,0.0,0.0,0.0,0.024123915,0.0
2,2,0.1307021,0.0,0.845174,0.0,0.0,0.0,0.0,0.0,0.0,0.0,0.024123915,0.0
2,2,0.1307021,0.0,0.845174,0.0,0.0,0.0,0.0,0.0,0.0,0.0,0.024123915,0.0
2,2,0.1307021,0.0,0.845174,0.0,0.0,0.0,0.0,0.0,0.0,0.0,0.024123915,0.0
2,2,0.1307021,0.0,0.845174,0.0,0.0,0.0,0.0,0.0,0.0,0.0,0.024123915,0.0
2,2,0.1307021,0.0,0.845174,0.0,0.0,0.0,0.0,0.0,0.0,0.0,0.024123915,0.0
2,2,0.1307021,0.0,0.845174,0.0,0.0,0.0,0.0,0.0,0.0,0.0,0.024123915,0.0
2,2,0.1307021,0.0,0.845174,0.0,0.0,0.0,0.0,0.0,0.0,0.0,0.024123915,0.0
2,2,0.1307021,0.0,0.845174,0.0,0.0,0.0,0.0,0.0,0.0,0.0,0.024123915,0.0
2,2,0.1307021,0.0,0.845174,0.0,0.0,0.0,0.0,0.0,0.0,0.0,0.024123915,0.0
2,2,0.1307021,0.0,0.845174,0.0,0.0,0.0,0.0,0.0,0.0,0.0,0.024123915,0.0
2,2,0.1307021,0.0,0.845174,0.0,0.0,0.0,0.0,0.0,0.0,0.0,0.024123915,0.0
2,2,0.1307021,0.0,0.845174,0.0,0.0,0.0,0.0,0.0,0.0,0.0,0.024123915,0.0
2,2,0.1307021,0.0,0.845174,0.0,0.0,0.0,0.0,0.0,0.0,0.0,0.024123915,0.0
2,2,0.1307021,0.0,0.845174,0.0,0.0,0.0,0.0,0.0,0.0,0.0,0.024123915,0.0
2,2,0.1307021,0.0,0.845174,0.0,0.0,0.0,0.0,0.0,0.0,0.0,0.024123915,0.0
2,2,0.1307021,0.0,0.845174,0.0,0.0,0.0,0.0,0.0,0.0,0.0,0.024123915,0.0
2,2,0.1307021,0.0,0.845174,0.0,0.0,0.0,0.0,0.0,0.0,0.0,0.024123915,0.0
2,2,0.1307021,0.0,0.845174,0.0,0.0,0.0,0.0,0.0,0.0,0.0,0.024123915,0.0
2,2,0.1307021,0.0,0.845174,0.0,0.0,0.0,0.0,0.0,0.0,0.0,0.024123915,0.0
2,2,0.1307021,0.0,0.845174,0.0,0.0,0.0,0.0,0.0,0.0,0.0,0.024123915,0.0
2,2,0.1307021,0.0,0.845174,0.0,0.0,0.0,0.0,0.0,0.0,0.0,0.024123915,0.0
2,2,0.1307021,0.0,0.845174,0.0,0.0,0.0,0.0,0.0,0.0,0.0,0.024123915,0.0
2,2,0.1307021,0.0,0.845174,0.0,0.0,0.0,0.0,0.0,0.0,0.0,0.024123915,0.0
2,2,0.1307021,0.0,0.845174,0.0,0.0,0.0,0.0,0.0,0.0,0.0,0.024123915,0.0
2,2,0.1307021,0.0,0.845174,0.0,0.0,0.0,0.0,0.0,0.0,0.0,0.024123915,0.0
2,2,0.1307021,0.0,0.845174,0.0,0.0,0.0,0.0,0.0,0.0,0.0,0.024123915,0.0
2,2,0.1307021,0.0,0.845174,0.0,0.0,0.0,0.0,0.0,0.0,0.0,0.024123915,0.0
2,2,0.1307021,0.0,0.845174,0.0,0.0,0.0,0.0,0.0,0.0,0.0,0.024123915,0.0
2,2,0.1307021,0.0,0.845174,0.0,0.0,0.0,0.0,0.0,0.0,0.0,0.024123915,0.0
2,2,0.1307021,0.0,0.845174,0.0,0.0,0.0,0.0,0.0,0.0,0.0,0.024123915,0.0
2,2,0.1307021,0.0,0.845174,0.0,0.0,0.0,0.0,0.0,0.0,0.0,0.024123915,0.0
2,2,0.1307021,0.0,0.845174,0.0,0.0,0.0,0.0,0.0,0.0,0.0,0.024123915,0.0
2,2,0.1307021,0.0,0.845174,0.0,0.0,0.0,0.0,0.0,0.0,0.0,0.024123915,0.0
2,2,0.1307021,0.0,0.845174,0.0,0.0,0.0,0.0,0.0,0.0,0.0,0.024123915,0.0
2,2,0.1307021,0.0,0.845174,0.0,0.0,0.0,0.0,0.0,0.0,0.0,0.024123915,0.0
2,2,0.1307021,0.0,0.845174,0.0,0.0,0.0,0.0,0.0,0.0,0.0,0.024123915,0.0
2,2,0.1307021,0.0,0.845174,0.0,0.0,0.0,0.0,0.0,0.0,0.0,0.024123915,0.0
2,2,0.1307021,0.0,0.845174,0.0,0.0,0.0,0.0,0.0,0.0,0.0,0.024123915,0.0
2,2,0.1307021,0.0,0.845174,0.0,0.0,0.0,0.0,0.0,0.0,0.0,0.024123915,0.0
2,2,0.1307021,0.0,0.845174,0.0,0.0,0.0,0.0,0.0,0.0,0.0,0.024123915,0.0
2,2,0.1307021,0.0,0.845174,0.0,0.0,0.0,0.0,0.0,0.0,0.0,0.024123915,0.0
2,2,0.1307021,0.0,0.845174,0.0,0.0,0.0,0.0,0.0,0.0,0.0,0.024123915,0.0
2,2,0.1307021,0.0,0.845174,0.0,0.0,0.0,0.0,0.0,0.0,0.0,0.024123915,0.0
2,2,0.1307021,0.0,0.845174,0.0,0.0,0.0,0.0,0.0,0.0,0.0,0.024123915,0.0
2,2,0.1307021,0.0,0.845174,0.0,0.0,0.0,0.0,0.0,0.0,0.0,0.024123915,0.0
2,2,0.1307021,0.0,0.845174,0.0,0.0,0.0,0.0,0.0,0.0,0.0,0.024123915,0.0
2,2,0.1307021,0.0,0.845174,0.0,0.0,0.0,0.0,0.0,0.0,0.0,0.024123915,0.0
2,2,0.1307021,0.0,0.845174,0.0,0.0,0.0,0.0,0.0,0.0,0.0,0.024123915,0.0
2,2,0.1307021,0.0,0.845174,0.0,0.0,0.0,0.0,0.0,0.0,0.0,0.024123915,0.0
2,2,0.1307021,0.0,0.845174,0.0,0.0,0.0,0.0,0.0,0.0,0.0,0.024123915,0.0
2,2,0.1307021,0.0,0.845174,0.0,0.0,0.0,0.0,0.0,0.0,0.0,0.024123915,0.0
2,2,0.1307021,0.0,0.845174,0.0,0.0,0.0,0.0,0.0,0.0,0.0,0.024123915,0.0
2,2,0.1307021,0.0,0.845174,0.0,0.0,0.0,0.0,0.0,0.0,0.0,0.024123915,0.0
2,2,0.1307021,0.0,0.845174,0.0,0.0,0.0,0.0,0.0,0.0,0.0,0.024123915,0.0
2,2,0.1307021,0.0,0.845174,0.0,0.0,0.0,0.0,0.0,0.0,0.0,0.024123915,0.0
2,2,0.1307021,0.0,0.845174,0.0,0.0,0.0,0.0,0.0,0.0,0.0,0.024123915,0.0
2,2,0.1307021,0.0,0.845174,0.0,0.0,0.0,0.0,0.0,0.0,0.0,0.024123915,0.0
2,2,0.1307021,0.0,0.845174,0.0,0.0,0.0,0.0,0.0,0.0,0.0,0.024123915,0.0
2,2,0.1307021,0.0,0.845174,0.0,0.0,0.0,0.0,0.0,0.0,0.0,0.024123915,0.0
2,2,0.1307021,0.0,0.845174,0.0,0.0,0.0,0.0,0.0,0.0,0.0,0.024123915,0.0
2,2,0.1307021,0.0,0.845174,0.0,0.0,0.0,0.0,0.0,0.0,0.0,0.024123915,0.0
2,2,0.1307021,0.0,0.845174,0.0,0.0,0.0,0.0,0.0,0.0,0.0,0.024123915,0.0
2,2,0.1307021,0.0,0.845174,0.0,0.0,0.0,0.0,0.0,0.0,0.0,0.024123915,0.0
2,2,0.1307021,0.0,0.845174,0.0,0.0,0.0,0.0,0.0,0.0,0.0,0.024123915,0.0
2,2,0.1307021,0.0,0.845174,0.0,0.0,0.0,0.0,0.0,0.0,0.0,0.024123915,0.0
2,2,0.1307021,0.0,0.845174,0.0,0.0,0.0,0.0,0.0,0.0,0.0,0.024123915,0.0
2,2,0.1307021,0.0,0.845174,0.0,0.0,0.0,0.0,0.0,0.0,0.0,0.024123915,0.0
2,2,0.1307021,0.0,0.845174,0.0,0.0,0.0,0.0,0.0,0.0,0.0,0.024123915,0.0
2,2,0.1307021,0.0,0.845174,0.0,0.0,0.0,0.0,0.0,0.0,0.0,0.024123915,0.0
2,2,0.1307021,0.0,0.845174,0.0,0.0,0.0,0.0,0.0,0.0,0.0,0.024123915,0.0
2,2,0.1307021,0.0,0.845174,0.0,0.0,0.0,0.0,0.0,0.0,0.0,0.024123915,0.0
2,2,0.1307021,0.0,0.845174,0.0,0.0,0.0,0.0,0.0,0.0,0.0,0.024123915,0.0
2,2,0.1307021,0.0,0.845174,0.0,0.0,0.0,0.0,0.0,0.0,0.0,0.024123915,0.0
2,2,0.1307021,0.0,0.845174,0.0,0.0,0.0,0.0,0.0,0.0,0.0,0.024123915,0.0
2,2,0.1307021,0.0,0.845174,0.0,0.0,0.0,0.0,0.0,0.0,0.0,0.024123915,0.0
2,2,0.1307021,0.0,0.845174,0.0,0.0,0.0,0.0,0.0,0.0,0.0,0.024123915,0.0
2,2,0.1307021,0.0,0.845174,0.0,0.0,0.0,0.0,0.0,0.0,0.0,0.024123915,0.0
2,2,0.1307021,0.0,0.845174,0.0,0.0,0.0,0.0,0.0,0.0,0.0,0.024123915,0.0
2,2,0.1307021,0.0,0.845174,0.0,0.0,0.0,0.0,0.0,0.0,0.0,0.024123915,0.0
2,2,0.1307021,0.0,0.845174,0.0,0.0,0.0,0.0,0.0,0.0,0.0,0.024123915,0.0
2,2,0.1307021,0.0,0.845174,0.0,0.0,0.0,0.0,0.0,0.0,0.0,0.024123915,0.0
2,2,0.1307021,0.0,0.845174,0.0,0.0,0.0,0.0,0.0,0.0,0.0,0.024123915,0.0
2,2,0.1307021,0.0,0.845174,0.0,0.0,0.0,0.0,0.0,0.0,0.0,0.024123915,0.0
2,2,0.1307021,0.0,0.845174,0.0,0.0,0.0,0.0,0.0,0.0,0.0,0.024123915,0.0
2,2,0.1307021,0.0,0.845174,0.0,0.0,0.0,0.0,0.0,0.0,0.0,0.024123915,0.0
2,2,0.1307021,0.0,0.845174,0.0,0.0,0.0,0.0,0.0,0.0,0.0,0.024123915,0.0
2,2,0.1307021,0.0,0.845174,0.0,0.0,0.0,0.0,0.0,0.0,0.0,0.024123915,0.0
2,2,0.1307021,0.0,0.845174,0.0,0.0,0.0,0.0,0.0,0.0,0.0,0.024123915,0.0
2,2,0.1307021,0.0,0.845174,0.0,0.0,0.0,0.0,0.0,0.0,0.0,0.024123915,0.0
2,2,0.1307021,0.0,0.845174,0.0,0.0,0.0,0.0,0.0,0.0,0.0,0.024123915,0.0
2,2,0.1307021,0.0,0.845174,0.0,0.0,0.0,0.0,0.0,0.0,0.0,0.024123915,0.0
2,2,0.1307021,0.0,0.845174,0.0,0.0,0.0,0.0,0.0,0.0,0.0,0.024123915,0.0
2,2,0.1307021,0.0,0.845174,0.0,0.0,0.0,0.0,0.0,0.0,0.0,0.024123915,0.0
2,2,0.1307021,0.0,0.845174,0.0,0.0,0.0,0.0,0.0,0.0,0.0,0.024123915,0.0
2,2,0.1307021,0.0,0.845174,0.0,0.0,0.0,0.0,0.0,0.0,0.0,0.024123915,0.0
2,2,0.1307021,0.0,0.845174,0.0,0.0,0.0,0.0,0.0,0.0,0.0,0.024123915,0.0
2,2,0.1307021,0.0,0.845174,0.0,0.0,0.0,0.0,0.0,0.0,0.0,0.024123915,0.0
2,2,0.1307021,0.0,0.845174,0.0,0.0,0.0,0.0,0.0,0.0,0.0,0.024123915,0.0
2,2,0.1307021,0.0,0.845174,0.0,0.0,0.0,0.0,0.0,0.0,0.0,0.024123915,0.0
2,2,0.1307021,0.0,0.845174,0.0,0.0,0.0,0.0,0.0,0.0,0.0,0.024123915,0.0
2,2,0.1307021,0.0,0.845174,0.0,0.0,0.0,0.0,0.0,0.0,0.0,0.024123915,0.0
2,2,0.1307021,0.0,0.845174,0.0,0.0,0.0,0.0,0.0,0.0,0.0,0.024123915,0.0
2,2,0.1307021,0.0,0.845174,0.0,0.0,0.0,0.0,0.0,0.0,0.0,0.024123915,0.0
2,2,0.1307021,0.0,0.845174,0.0,0.0,0.0,0.0,0.0,0.0,0.0,0.024123915,0.0
2,2,0.1307021,0.0,0.845174,0.0,0.0,0.0,0.0,0.0,0.0,0.0,0.024123915,0.0
2,2,0.1307021,0.0,0.845174,0.0,0.0,0.0,0.0,0.0,0.0,0.0,0.024123915,0.0
2,2,0.1307021,0.0,0.845174,0.0,0.0,0.0,0.0,0.0,0.0,0.0,0.024123915,0.0
2,2,0.1307021,0.0,0.845174,0.0,0.0,0.0,0.0,0.0,0.0,0.0,0.024123915,0.0
2,2,0.1307021,0.0,0.845174,0.0,0.0,0.0,0.0,0.0,0.0,0.0,0.024123915,0.0
2,2,0.1307021,0.0,0.845174,0.0,0.0,0.0,0.0,0.0,0.0,0.0,0.024123915,0.0
2,2,0.1307021,0.0,0.845174,0.0,0.0,0.0,0.0,0.0,0.0,0.0,0.024123915,0.0
2,2,0.1307021,0.0,0.845174,0.0,0.0,0.0,0.0,0.0,0.0,0.0,0.024123915,0.0
2,2,0.1307021,0.0,0.845174,0.0,0.0,0.0,0.0,0.0,0.0,0.0,0.024123915,0.0
2,2,0.1307021,0.0,0.845174,0.0,0.0,0.0,0.0,0.0,0.0,0.0,0.024123915,0.0
2,2,0.1307021,0.0,0.845174,0.0,0.0,0.0,0.0,0.0,0.0,0.0,0.024123915,0.0
2,2,0.1307021,0.0,0.845174,0.0,0.0,0.0,0.0,0.0,0.0,0.0,0.024123915,0.0
2,2,0.1307021,0.0,0.845174,0.0,0.0,0.0,0.0,0.0,0.0,0.0,0.024123915,0.0
2,2,0.1307021,0.0,0.845174,0.0,0.0,0.0,0.0,0.0,0.0,0.0,0.024123915,0.0
2,2,0.1307021,0.0,0.845174,0.0,0.0,0.0,0.0,0.0,0.0,0.0,0.024123915,0.0
2,2,0.1307021,0.0,0.845174,0.0,0.0,0.0,0.0,0.0,0.0,0.0,0.024123915,0.0
2,2,0.1307021,0.0,0.845174,0.0,0.0,0.0,0.0,0.0,0.0,0.0,0.024123915,0.0
2,2,0.1307021,0.0,0.845174,0.0,0.0,0.0,0.0,0.0,0.0,0.0,0.024123915,0.0
2,2,0.1307021,0.0,0.845174,0.0,0.0,0.0,0.0,0.0,0.0,0.0,0.024123915,0.0
2,2,0.1307021,0.0,0.845174,0.0,0.0,0.0,0.0,0.0,0.0,0.0,0.024123915,0.0
2,2,0.1307021,0.0,0.845174,0.0,0.0,0.0,0.0,0.0,0.0,0.0,0.024123915,0.0
2,2,0.1307021,0.0,0.845174,0.0,0.0,0.0,0.0,0.0,0.0,0.0,0.024123915,0.0
2,2,0.1307021,0.0,0.845174,0.0,0.0,0.0,0.0,0.0,0.0,0.0,0.024123915,0.0
2,2,0.1307021,0.0,0.845174,0.0,0.0,0.0,0.0,0.0,0.0,0.0,0.024123915,0.0
2,2,0.1307021,0.0,0.845174,0.0,0.0,0.0,0.0,0.0,0.0,0.0,0.024123915,0.0
2,2,0.1307021,0.0,0.845174,0.0,0.0,0.0,0.0,0.0,0.0,0.0,0.024123915,0.0
2,2,0.1307021,0.0,0.845174,0.0,0.0,0.0,0.0,0.0,0.0,0.0,0.024123915,0.0
2,2,0.1307021,0.0,0.845174,0.0,0.0,0.0,0.0,0.0,0.0,0.0,0.024123915,0.0
2,2,0.1307021,0.0,0.845174,0.0,0.0,0.0,0.0,0.0,0.0,0.0,0.024123915,0.0
2,2,0.1307021,0.0,0.845174,0.0,0.0,0.0,0.0,0.0,0.0,0.0,0.024123915,0.0
2,2,0.1307021,0.0,0.845174,0.0,0.0,0.0,0.0,0.0,0.0,0.0,0.024123915,0.0
2,2,0.1307021,0.0,0.845174,0.0,0.0,0.0,0.0,0.0,0.0,0.0,0.024123915,0.0
2,2,0.1307021,0.0,0.845174,0.0,0.0,0.0,0.0,0.0,0.0,0.0,0.024123915,0.0
2,2,0.1307021,0.0,0.845174,0.0,0.0,0.0,0.0,0.0,0.0,0.0,0.024123915,0.0
2,2,0.1307021,0.0,0.845174,0.0,0.0,0.0,0.0,0.0,0.0,0.0,0.024123915,0.0
2,2,0.1307021,0.0,0.845174,0.0,0.0,0.0,0.0,0.0,0.0,0.0,0.024123915,0.0
2,2,0.1307021,0.0,0.845174,0.0,0.0,0.0,0.0,0.0,0.0,0.0,0.024123915,0.0
2,2,0.1307021,0.0,0.845174,0.0,0.0,0.0,0.0,0.0,0.0,0.0,0.024123915,0.0
2,2,0.1307021,0.0,0.845174,0.0,0.0,0.0,0.0,0.0,0.0,0.0,0.024123915,0.0
2,2,0.1307021,0.0,0.845174,0.0,0.0,0.0,0.0,0.0,0.0,0.0,0.024123915,0.0
2,2,0.1307021,0.0,0.845174,0.0,0.0,0.0,0.0,0.0,0.0,0.0,0.024123915,0.0
2,2,0.1307021,0.0,0.845174,0.0,0.0,0.0,0.0,0.0,0.0,0.0,0.024123915,0.0
2,2,0.17068094,0.0,0.80519515,0.0,0.0,0.0,0.0,0.0,0.0,0.0,0.024123915,0.0
2,2,0.17068094,0.0,0.80519515,0.0,0.0,0.0,0.0,0.0,0.0,0.0,0.024123915,0.0
2,2,0.17068094,0.0,0.80519515,0.0,0.0,0.0,0.0,0.0,0.0,0.0,0.024123915,0.0
2,2,0.17068094,0.0,0.80519515,0.0,0.0,0.0,0.0,0.0,0.0,0.0,0.024123915,0.0
2,2,0.17068094,0.0,0.80519515,0.0,0.0,0.0,0.0,0.0,0.0,0.0,0.024123915,0.0
2,2,0.17068094,0.0,0.80519515,0.0,0.0,0.0,0.0,0.0,0.0,0.0,0.024123915,0.0
2,2,0.17068094,0.0,0.80519515,0.0,0.0,0.0,0.0,0.0,0.0,0.0,0.024123915,0.0
2,2,0.17068094,0.0,0.80519515,0.0,0.0,0.0,0.0,0.0,0.0,0.0,0.024123915,0.0
2,2,0.17068094,0.0,0.80519515,0.0,0.0,0.0,0.0,0.0,0.0,0.0,0.024123915,0.0
2,2,0.17068094,0.0,0.80519515,0.0,0.0,0.0,0.0,0.0,0.0,0.0,0.024123915,0.0
2,2,0.17068094,0.0,0.80519515,0.0,0.0,0.0,0.0,0.0,0.0,0.0,0.024123915,0.0
2,2,0.17068094,0.0,0.80519515,0.0,0.0,0.0,0.0,0.0,0.0,0.0,0.024123915,0.0
2,2,0.17068094,0.0,0.80519515,0.0,0.0,0.0,0.0,0.0,0.0,0.0,0.024123915,0.0
2,2,0.17068094,0.0,0.80519515,0.0,0.0,0.0,0.0,0.0,0.0,0.0,0.024123915,0.0
2,2,0.17068094,0.0,0.80519515,0.0,0.0,0.0,0.0,0.0,0.0,0.0,0.024123915,0.0
2,2,0.17068094,0.0,0.80519515,0.0,0.0,0.0,0.0,0.0,0.0,0.0,0.024123915,0.0
2,2,0.17068094,0.0,0.80519515,0.0,0.0,0.0,0.0,0.0,0.0,0.0,0.024123915,0.0
2,2,0.17068094,0.0,0.80519515,0.0,0.0,0.0,0.0,0.0,0.0,0.0,0.024123915,0.0
2,2,0.17068094,0.0,0.80519515,0.0,0.0,0.0,0.0,0.0,0.0,0.0,0.024123915,0.0
2,2,0.17068094,0.0,0.80519515,0.0,0.0,0.0,0.0,0.0,0.0,0.0,0.024123915,0.0
2,2,0.17068094,0.0,0.80519515,0.0,0.0,0.0,0.0,0.0,0.0,0.0,0.024123915,0.0
2,2,0.17068094,0.0,0.80519515,0.0,0.0,0.0,0.0,0.0,0.0,0.0,0.024123915,0.0
2,2,0.17068094,0.0,0.80519515,0.0,0.0,0.0,0.0,0.0,0.0,0.0,0.024123915,0.0
2,2,0.17068094,0.0,0.80519515,0.0,0.0,0.0,0.0,0.0,0.0,0.0,0.024123915,0.0
2,2,0.17068094,0.0,0.80519515,0.0,0.0,0.0,0.0,0.0,0.0,0.0,0.024123915,0.0
2,2,0.17068094,0.0,0.80519515,0.0,0.0,0.0,0.0,0.0,0.0,0.0,0.024123915,0.0
2,2,0.17068094,0.0,0.80519515,0.0,0.0,0.0,0.0,0.0,0.0,0.0,0.024123915,0.0
2,2,0.17068094,0.0,0.80519515,0.0,0.0,0.0,0.0,0.0,0.0,0.0,0.024123915,0.0
2,2,0.17068094,0.0,0.80519515,0.0,0.0,0.0,0.0,0.0,0.0,0.0,0.024123915,0.0
2,2,0.17068094,0.0,0.80519515,0.0,0.0,0.0,0.0,0.0,0.0,0.0,0.024123915,0.0
2,2,0.17068094,0.0,0.80519515,0.0,0.0,0.0,0.0,0.0,0.0,0.0,0.024123915,0.0
2,2,0.17068094,0.0,0.80519515,0.0,0.0,0.0,0.0,0.0,0.0,0.0,0.024123915,0.0
2,2,0.17068094,0.0,0.80519515,0.0,0.0,0.0,0.0,0.0,0.0,0.0,0.024123915,0.0
2,2,0.17068094,0.0,0.80519515,0.0,0.0,0.0,0.0,0.0,0.0,0.0,0.024123915,0.0
2,2,0.17068094,0.0,0.80519515,0.0,0.0,0.0,0.0,0.0,0.0,0.0,0.024123915,0.0
2,2,0.17068094,0.0,0.80519515,0.0,0.0,0.0,0.0,0.0,0.0,0.0,0.024123915,0.0
2,2,0.17068094,0.0,0.80519515,0.0,0.0,0.0,0.0,0.0,0.0,0.0,0.024123915,0.0
2,2,0.17068094,0.0,0.80519515,0.0,0.0,0.0,0.0,0.0,0.0,0.0,0.024123915,0.0
2,2,0.17068094,0.0,0.80519515,0.0,0.0,0.0,0.0,0.0,0.0,0.0,0.024123915,0.0
2,2,0.17068094,0.0,0.80519515,0.0,0.0,0.0,0.0,0.0,0.0,0.0,0.024123915,0.0
2,2,0.17068094,0.0,0.80519515,0.0,0.0,0.0,0.0,0.0,0.0,0.0,0.024123915,0.0
2,2,0.17068094,0.0,0.80519515,0.0,0.0,0.0,0.0,0.0,0.0,0.0,0.024123915,0.0
2,2,0.17068094,0.0,0.80519515,0.0,0.0,0.0,0.0,0.0,0.0,0.0,0.024123915,0.0
2,2,0.17068094,0.0,0.80519515,0.0,0.0,0.0,0.0,0.0,0.0,0.0,0.024123915,0.0
2,2,0.17068094,0.0,0.80519515,0.0,0.0,0.0,0.0,0.0,0.0,0.0,0.024123915,0.0
2,2,0.17068094,0.0,0.80519515,0.0,0.0,0.0,0.0,0.0,0.0,0.0,0.024123915,0.0
2,2,0.17068094,0.0,0.80519515,0.0,0.0,0.0,0.0,0.0,0.0,0.0,0.024123915,0.0
2,2,0.17068094,0.0,0.80519515,0.0,0.0,0.0,0.0,0.0,0.0,0.0,0.024123915,0.0
2,2,0.17068094,0.0,0.80519515,0.0,0.0,0.0,0.0,0.0,0.0,0.0,0.024123915,0.0
2,2,0.17068094,0.0,0.80519515,0.0,0.0,0.0,0.0,0.0,0.0,0.0,0.024123915,0.0
2,2,0.17068094,0.0,0.80519515,0.0,0.0,0.0,0.0,0.0,0.0,0.0,0.024123915,0.0
2,2,0.17068094,0.0,0.80519515,0.0,0.0,0.0,0.0,0.0,0.0,0.0,0.024123915,0.0
2,2,0.17068094,0.0,0.80519515,0.0,0.0,0.0,0.0,0.0,0.0,0.0,0.024123915,0.0
2,2,0.17068094,0.0,0.80519515,0.0,0.0,0.0,0.0,0.0,0.0,0.0,0.024123915,0.0
2,2,0.17068094,0.0,0.80519515,0.0,0.0,0.0,0.0,0.0,0.0,0.0,0.024123915,0.0
2,2,0.17068094,0.0,0.80519515,0.0,0.0,0.0,0.0,0.0,0.0,0.0,0.024123915,0.0
2,2,0.17068094,0.0,0.80519515,0.0,0.0,0.0,0.0,0.0,0.0,0.0,0.024123915,0.0
2,2,0.17068094,0.0,0.80519515,0.0,0.0,0.0,0.0,0.0,0.0,0.0,0.024123915,0.0
2,2,0.17068094,0.0,0.80519515,0.0,0.0,0.0,0.0,0.0,0.0,0.0,0.024123915,0.0
2,2,0.17068094,0.0,0.80519515,0.0,0.0,0.0,0.0,0.0,0.0,0.0,0.024123915,0.0
2,2,0.17068094,0.0,0.80519515,0.0,0.0,0.0,0.0,0.0,0.0,0.0,0.024123915,0.0
2,2,0.17068094,0.0,0.80519515,0.0,0.0,0.0,0.0,0.0,0.0,0.0,0.024123915,0.0
2,2,0.17068094,0.0,0.80519515,0.0,0.0,0.0,0.0,0.0,0.0,0.0,0.024123915,0.0
2,2,0.17068094,0.0,0.80519515,0.0,0.0,0.0,0.0,0.0,0.0,0.0,0.024123915,0.0
2,2,0.17068094,0.0,0.80519515,0.0,0.0,0.0,0.0,0.0,0.0,0.0,0.024123915,0.0
2,2,0.17068094,0.0,0.80519515,0.0,0.0,0.0,0.0,0.0,0.0,0.0,0.024123915,0.0
2,2,0.17068094,0.0,0.80519515,0.0,0.0,0.0,0.0,0.0,0.0,0.0,0.024123915,0.0
2,2,0.17068094,0.0,0.80519515,0.0,0.0,0.0,0.0,0.0,0.0,0.0,0.024123915,0.0
2,2,0.17068094,0.0,0.80519515,0.0,0.0,0.0,0.0,0.0,0.0,0.0,0.024123915,0.0
2,2,0.17068094,0.0,0.80519515,0.0,0.0,0.0,0.0,0.0,0.0,0.0,0.024123915,0.0
2,2,0.17068094,0.0,0.80519515,0.0,0.0,0.0,0.0,0.0,0.0,0.0,0.024123915,0.0
2,2,0.17068094,0.0,0.80519515,0.0,0.0,0.0,0.0,0.0,0.0,0.0,0.024123915,0.0
2,2,0.17068094,0.0,0.80519515,0.0,0.0,0.0,0.0,0.0,0.0,0.0,0.024123915,0.0
2,2,0.17068094,0.0,0.80519515,0.0,0.0,0.0,0.0,0.0,0.0,0.0,0.024123915,0.0
2,2,0.17068094,0.0,0.80519515,0.0,0.0,0.0,0.0,0.0,0.0,0.0,0.024123915,0.0
2,2,0.17068094,0.0,0.80519515,0.0,0.0,0.0,0.0,0.0,0.0,0.0,0.024123915,0.0
2,2,0.17068094,0.0,0.80519515,0.0,0.0,0.0,0.0,0.0,0.0,0.0,0.024123915,0.0
2,2,0.17068094,0.0,0.80519515,0.0,0.0,0.0,0.0,0.0,0.0,0.0,0.024123915,0.0
2,2,0.17068094,0.0,0.80519515,0.0,0.0,0.0,0.0,0.0,0.0,0.0,0.024123915,0.0
2,2,0.17068094,0.0,0.80519515,0.0,0.0,0.0,0.0,0.0,0.0,0.0,0.024123915,0.0
2,2,0.17068094,0.0,0.80519515,0.0,0.0,0.0,0.0,0.0,0.0,0.0,0.024123915,0.0
2,2,0.17068094,0.0,0.80519515,0.0,0.0,0.0,0.0,0.0,0.0,0.0,0.024123915,0.0
2,2,0.17068094,0.0,0.80519515,0.0,0.0,0.0,0.0,0.0,0.0,0.0,0.024123915,0.0
2,2,0.17068094,0.0,0.80519515,0.0,0.0,0.0,0.0,0.0,0.0,0.0,0.024123915,0.0
2,2,0.17068094,0.0,0.80519515,0.0,0.0,0.0,0.0,0.0,0.0,0.0,0.024123915,0.0
2,2,0.17068094,0.0,0.80519515,0.0,0.0,0.0,0.0,0.0,0.0,0.0,0.024123915,0.0
2,2,0.17068094,0.0,0.80519515,0.0,0.0,0.0,0.0,0.0,0.0,0.0,0.024123915,0.0
2,2,0.17068094,0.0,0.80519515,0.0,0.0,0.0,0.0,0.0,0.0,0.0,0.024123915,0.0
2,2,0.17068094,0.0,0.80519515,0.0,0.0,0.0,0.0,0.0,0.0,0.0,0.024123915,0.0
2,2,0.17068094,0.0,0.80519515,0.0,0.0,0.0,0.0,0.0,0.0,0.0,0.024123915,0.0
2,2,0.17068094,0.0,0.80519515,0.0,0.0,0.0,0.0,0.0,0.0,0.0,0.024123915,0.0
2,2,0.17068094,0.0,0.80519515,0.0,0.0,0.0,0.0,0.0,0.0,0.0,0.024123915,0.0
2,2,0.17068094,0.0,0.80519515,0.0,0.0,0.0,0.0,0.0,0.0,0.0,0.024123915,0.0
2,2,0.17068094,0.0,0.80519515,0.0,0.0,0.0,0.0,0.0,0.0,0.0,0.024123915,0.0
2,2,0.17068094,0.0,0.80519515,0.0,0.0,0.0,0.0,0.0,0.0,0.0,0.024123915,0.0
2,2,0.17068094,0.0,0.80519515,0.0,0.0,0.0,0.0,0.0,0.0,0.0,0.024123915,0.0
2,2,0.17068094,0.0,0.80519515,0.0,0.0,0.0,0.0,0.0,0.0,0.0,0.024123915,0.0
2,2,0.17068094,0.0,0.80519515,0.0,0.0,0.0,0.0,0.0,0.0,0.0,0.024123915,0.0
2,2,0.17068094,0.0,0.80519515,0.0,0.0,0.0,0.0,0.0,0.0,0.0,0.024123915,0.0
2,2,0.17068094,0.0,0.80519515,0.0,0.0,0.0,0.0,0.0,0.0,0.0,0.024123915,0.0
2,2,0.17068094,0.0,0.80519515,0.0,0.0,0.0,0.0,0.0,0.0,0.0,0.024123915,0.0
2,2,0.17068094,0.0,0.80519515,0.0,0.0,0.0,0.0,0.0,0.0,0.0,0.024123915,0.0
2,2,0.17068094,0.0,0.80519515,0.0,0.0,0.0,0.0,0.0,0.0,0.0,0.024123915,0.0
2,2,0.17068094,0.0,0.80519515,0.0,0.0,0.0,0.0,0.0,0.0,0.0,0.024123915,0.0
2,2,0.17068094,0.0,0.80519515,0.0,0.0,0.0,0.0,0.0,0.0,0.0,0.024123915,0.0
2,2,0.17068094,0.0,0.80519515,0.0,0.0,0.0,0.0,0.0,0.0,0.0,0.024123915,0.0
2,2,0.17068094,0.0,0.80519515,0.0,0.0,0.0,0.0,0.0,0.0,0.0,0.024123915,0.0
2,2,0.17068094,0.0,0.80519515,0.0,0.0,0.0,0.0,0.0,0.0,0.0,0.024123915,0.0
2,2,0.17068094,0.0,0.80519515,0.0,0.0,0.0,0.0,0.0,0.0,0.0,0.024123915,0.0
2,2,0.17068094,0.0,0.80519515,0.0,0.0,0.0,0.0,0.0,0.0,0.0,0.024123915,0.0
2,2,0.17068094,0.0,0.80519515,0.0,0.0,0.0,0.0,0.0,0.0,0.0,0.024123915,0.0
2,2,0.17068094,0.0,0.80519515,0.0,0.0,0.0,0.0,0.0,0.0,0.0,0.024123915,0.0
2,2,0.17068094,0.0,0.80519515,0.0,0.0,0.0,0.0,0.0,0.0,0.0,0.024123915,0.0
2,2,0.17068094,0.0,0.80519515,0.0,0.0,0.0,0.0,0.0,0.0,0.0,0.024123915,0.0
2,2,0.17068094,0.0,0.80519515,0.0,0.0,0.0,0.0,0.0,0.0,0.0,0.024123915,0.0
2,2,0.17068094,0.0,0.80519515,0.0,0.0,0.0,0.0,0.0,0.0,0.0,0.024123915,0.0
2,2,0.17068094,0.0,0.80519515,0.0,0.0,0.0,0.0,0.0,0.0,0.0,0.024123915,0.0
2,2,0.17068094,0.0,0.80519515,0.0,0.0,0.0,0.0,0.0,0.0,0.0,0.024123915,0.0
2,2,0.17068094,0.0,0.80519515,0.0,0.0,0.0,0.0,0.0,0.0,0.0,0.024123915,0.0
2,2,0.17068094,0.0,0.80519515,0.0,0.0,0.0,0.0,0.0,0.0,0.0,0.024123915,0.0
2,2,0.17068094,0.0,0.80519515,0.0,0.0,0.0,0.0,0.0,0.0,0.0,0.024123915,0.0
2,2,0.17068094,0.0,0.80519515,0.0,0.0,0.0,0.0,0.0,0.0,0.0,0.024123915,0.0
2,2,0.17068094,0.0,0.80519515,0.0,0.0,0.0,0.0,0.0,0.0,0.0,0.024123915,0.0
2,2,0.17068094,0.0,0.80519515,0.0,0.0,0.0,0.0,0.0,0.0,0.0,0.024123915,0.0
2,2,0.17068094,0.0,0.80519515,0.0,0.0,0.0,0.0,0.0,0.0,0.0,0.024123915,0.0
2,2,0.17068094,0.0,0.80519515,0.0,0.0,0.0,0.0,0.0,0.0,0.0,0.024123915,0.0
2,2,0.17068094,0.0,0.80519515,0.0,0.0,0.0,0.0,0.0,0.0,0.0,0.024123915,0.0
2,2,0.17068094,0.0,0.80519515,0.0,0.0,0.0,0.0,0.0,0.0,0.0,0.024123915,0.0
2,2,0.17068094,0.0,0.80519515,0.0,0.0,0.0,0.0,0.0,0.0,0.0,0.024123915,0.0
2,2,0.17068094,0.0,0.80519515,0.0,0.0,0.0,0.0,0.0,0.0,0.0,0.024123915,0.0
2,2,0.17068094,0.0,0.80519515,0.0,0.0,0.0,0.0,0.0,0.0,0.0,0.024123915,0.0
2,2,0.17068094,0.0,0.80519515,0.0,0.0,0.0,0.0,0.0,0.0,0.0,0.024123915,0.0
2,2,0.17068094,0.0,0.80519515,0.0,0.0,0.0,0.0,0.0,0.0,0.0,0.024123915,0.0
2,2,0.17068094,0.0,0.80519515,0.0,0.0,0.0,0.0,0.0,0.0,0.0,0.024123915,0.0
2,2,0.17068094,0.0,0.80519515,0.0,0.0,0.0,0.0,0.0,0.0,0.0,0.024123915,0.0
2,2,0.17068094,0.0,0.80519515,0.0,0.0,0.0,0.0,0.0,0.0,0.0,0.024123915,0.0
2,2,0.17068094,0.0,0.80519515,0.0,0.0,0.0,0.0,0.0,0.0,0.0,0.024123915,0.0
2,2,0.17068094,0.0,0.80519515,0.0,0.0,0.0,0.0,0.0,0.0,0.0,0.024123915,0.0
2,2,0.17068094,0.0,0.80519515,0.0,0.0,0.0,0.0,0.0,0.0,0.0,0.024123915,0.0
2,2,0.17068094,0.0,0.80519515,0.0,0.0,0.0,0.0,0.0,0.0,0.0,0.024123915,0.0
2,2,0.17068094,0.0,0.80519515,0.0,0.0,0.0,0.0,0.0,0.0,0.0,0.024123915,0.0
2,2,0.17068094,0.0,0.80519515,0.0,0.0,0.0,0.0,0.0,0.0,0.0,0.024123915,0.0
2,2,0.17068094,0.0,0.80519515,0.0,0.0,0.0,0.0,0.0,0.0,0.0,0.024123915,0.0
2,2,0.17068094,0.0,0.80519515,0.0,0.0,0.0,0.0,0.0,0.0,0.0,0.024123915,0.0
2,2,0.17068094,0.0,0.80519515,0.0,0.0,0.0,0.0,0.0,0.0,0.0,0.024123915,0.0
2,2,0.17068094,0.0,0.80519515,0.0,0.0,0.0,0.0,0.0,0.0,0.0,0.024123915,0.0
2,2,0.17068094,0.0,0.80519515,0.0,0.0,0.0,0.0,0.0,0.0,0.0,0.024123915,0.0
2,2,0.17068094,0.0,0.80519515,0.0,0.0,0.0,0.0,0.0,0.0,0.0,0.024123915,0.0
2,2,0.17068094,0.0,0.80519515,0.0,0.0,0.0,0.0,0.0,0.0,0.0,0.024123915,0.0
2,2,0.17068094,0.0,0.80519515,0.0,0.0,0.0,0.0,0.0,0.0,0.0,0.024123915,0.0
2,2,0.17068094,0.0,0.80519515,0.0,0.0,0.0,0.0,0.0,0.0,0.0,0.024123915,0.0
2,2,0.17068094,0.0,0.80519515,0.0,0.0,0.0,0.0,0.0,0.0,0.0,0.024123915,0.0
2,2,0.17068094,0.0,0.80519515,0.0,0.0,0.0,0.0,0.0,0.0,0.0,0.024123915,0.0
2,2,0.17068094,0.0,0.80519515,0.0,0.0,0.0,0.0,0.0,0.0,0.0,0.024123915,0.0
2,2,0.17068094,0.0,0.80519515,0.0,0.0,0.0,0.0,0.0,0.0,0.0,0.024123915,0.0
2,2,0.17068094,0.0,0.80519515,0.0,0.0,0.0,0.0,0.0,0.0,0.0,0.024123915,0.0
2,2,0.17068094,0.0,0.80519515,0.0,0.0,0.0,0.0,0.0,0.0,0.0,0.024123915,0.0
2,2,0.17068094,0.0,0.80519515,0.0,0.0,0.0,0.0,0.0,0.0,0.0,0.024123915,0.0
2,2,0.17068094,0.0,0.80519515,0.0,0.0,0.0,0.0,0.0,0.0,0.0,0.024123915,0.0
2,2,0.17068094,0.0,0.80519515,0.0,0.0,0.0,0.0,0.0,0.0,0.0,0.024123915,0.0
2,2,0.17068094,0.0,0.80519515,0.0,0.0,0.0,0.0,0.0,0.0,0.0,0.024123915,0.0
2,2,0.17068094,0.0,0.80519515,0.0,0.0,0.0,0.0,0.0,0.0,0.0,0.024123915,0.0
2,2,0.17068094,0.0,0.80519515,0.0,0.0,0.0,0.0,0.0,0.0,0.0,0.024123915,0.0
2,2,0.17068094,0.0,0.80519515,0.0,0.0,0.0,0.0,0.0,0.0,0.0,0.024123915,0.0
2,2,0.17068094,0.0,0.80519515,0.0,0.0,0.0,0.0,0.0,0.0,0.0,0.024123915,0.0
2,2,0.17068094,0.0,0.80519515,0.0,0.0,0.0,0.0,0.0,0.0,0.0,0.024123915,0.0
2,2,0.17068094,0.0,0.80519515,0.0,0.0,0.0,0.0,0.0,0.0,0.0,0.024123915,0.0
2,2,0.17068094,0.0,0.80519515,0.0,0.0,0.0,0.0,0.0,0.0,0.0,0.024123915,0.0
2,2,0.17068094,0.0,0.80519515,0.0,0.0,0.0,0.0,0.0,0.0,0.0,0.024123915,0.0
2,2,0.17068094,0.0,0.80519515,0.0,0.0,0.0,0.0,0.0,0.0,0.0,0.024123915,0.0
2,2,0.17068094,0.0,0.80519515,0.0,0.0,0.0,0.0,0.0,0.0,0.0,0.024123915,0.0
2,2,0.17068094,0.0,0.80519515,0.0,0.0,0.0,0.0,0.0,0.0,0.0,0.024123915,0.0
2,2,0.17068094,0.0,0.80519515,0.0,0.0,0.0,0.0,0.0,0.0,0.0,0.024123915,0.0
2,2,0.17068094,0.0,0.80519515,0.0,0.0,0.0,0.0,0.0,0.0,0.0,0.024123915,0.0
2,2,0.17068094,0.0,0.80519515,0.0,0.0,0.0,0.0,0.0,0.0,0.0,0.024123915,0.0
2,2,0.17068094,0.0,0.80519515,0.0,0.0,0.0,0.0,0.0,0.0,0.0,0.024123915,0.0
2,2,0.17068094,0.0,0.80519515,0.0,0.0,0.0,0.0,0.0,0.0,0.0,0.024123915,0.0
2,2,0.17068094,0.0,0.80519515,0.0,0.0,0.0,0.0,0.0,0.0,0.0,0.024123915,0.0
2,2,0.17068094,0.0,0.80519515,0.0,0.0,0.0,0.0,0.0,0.0,0.0,0.024123915,0.0
2,2,0.17068094,0.0,0.80519515,0.0,0.0,0.0,0.0,0.0,0.0,0.0,0.024123915,0.0
2,2,0.17068094,0.0,0.80519515,0.0,0.0,0.0,0.0,0.0,0.0,0.0,0.024123915,0.0
2,2,0.17068094,0.0,0.80519515,0.0,0.0,0.0,0.0,0.0,0.0,0.0,0.024123915,0.0
2,2,0.17068094,0.0,0.80519515,0.0,0.0,0.0,0.0,0.0,0.0,0.0,0.024123915,0.0
2,2,0.17068094,0.0,0.80519515,0.0,0.0,0.0,0.0,0.0,0.0,0.0,0.024123915,0.0
2,2,0.17068094,0.0,0.80519515,0.0,0.0,0.0,0.0,0.0,0.0,0.0,0.024123915,0.0
2,2,0.17068094,0.0,0.80519515,0.0,0.0,0.0,0.0,0.0,0.0,0.0,0.024123915,0.0
2,2,0.17068094,0.0,0.80519515,0.0,0.0,0.0,0.0,0.0,0.0,0.0,0.024123915,0.0
2,2,0.17068094,0.0,0.80519515,0.0,0.0,0.0,0.0,0.0,0.0,0.0,0.024123915,0.0
2,2,0.17068094,0.0,0.80519515,0.0,0.0,0.0,0.0,0.0,0.0,0.0,0.024123915,0.0
2,2,0.17068094,0.0,0.80519515,0.0,0.0,0.0,0.0,0.0,0.0,0.0,0.024123915,0.0
2,2,0.17068094,0.0,0.80519515,0.0,0.0,0.0,0.0,0.0,0.0,0.0,0.024123915,0.0
2,2,0.17068094,0.0,0.80519515,0.0,0.0,0.0,0.0,0.0,0.0,0.0,0.024123915,0.0
2,2,0.17068094,0.0,0.80519515,0.0,0.0,0.0,0.0,0.0,0.0,0.0,0.024123915,0.0
2,2,0.17068094,0.0,0.80519515,0.0,0.0,0.0,0.0,0.0,0.0,0.0,0.024123915,0.0
2,2,0.17068094,0.0,0.80519515,0.0,0.0,0.0,0.0,0.0,0.0,0.0,0.024123915,0.0
2,2,0.17068094,0.0,0.80519515,0.0,0.0,0.0,0.0,0.0,0.0,0.0,0.024123915,0.0
2,2,0.17068094,0.0,0.80519515,0.0,0.0,0.0,0.0,0.0,0.0,0.0,0.024123915,0.0
2,2,0.17068094,0.0,0.80519515,0.0,0.0,0.0,0.0,0.0,0.0,0.0,0.024123915,0.0
2,2,0.17068094,0.0,0.80519515,0.0,0.0,0.0,0.0,0.0,0.0,0.0,0.024123915,0.0
2,2,0.17068094,0.0,0.80519515,0.0,0.0,0.0,0.0,0.0,0.0,0.0,0.024123915,0.0
2,2,0.17068094,0.0,0.80519515,0.0,0.0,0.0,0.0,0.0,0.0,0.0,0.024123915,0.0
2,2,0.17068094,0.0,0.80519515,0.0,0.0,0.0,0.0,0.0,0.0,0.0,0.024123915,0.0
2,2,0.17068094,0.0,0.80519515,0.0,0.0,0.0,0.0,0.0,0.0,0.0,0.024123915,0.0
2,2,0.17068094,0.0,0.80519515,0.0,0.0,0.0,0.0,0.0,0.0,0.0,0.024123915,0.0
2,2,0.17068094,0.0,0.80519515,0.0,0.0,0.0,0.0,0.0,0.0,0.0,0.024123915,0.0
2,2,0.17068094,0.0,0.80519515,0.0,0.0,0.0,0.0,0.0,0.0,0.0,0.024123915,0.0
2,2,0.17068094,0.0,0.80519515,0.0,0.0,0.0,0.0,0.0,0.0,0.0,0.024123915,0.0
2,2,0.17068094,0.0,0.80519515,0.0,0.0,0.0,0.0,0.0,0.0,0.0,0.024123915,0.0
2,2,0.17068094,0.0,0.80519515,0.0,0.0,0.0,0.0,0.0,0.0,0.0,0.024123915,0.0
2,2,0.17068094,0.0,0.80519515,0.0,0.0,0.0,0.0,0.0,0.0,0.0,0.024123915,0.0
2,2,0.17068094,0.0,0.80519515,0.0,0.0,0.0,0.0,0.0,0.0,0.0,0.024123915,0.0
2,2,0.17068094,0.0,0.80519515,0.0,0.0,0.0,0.0,0.0,0.0,0.0,0.024123915,0.0
2,2,0.17068094,0.0,0.80519515,0.0,0.0,0.0,0.0,0.0,0.0,0.0,0.024123915,0.0
2,2,0.17068094,0.0,0.80519515,0.0,0.0,0.0,0.0,0.0,0.0,0.0,0.024123915,0.0
2,2,0.17068094,0.0,0.80519515,0.0,0.0,0.0,0.0,0.0,0.0,0.0,0.024123915,0.0
2,2,0.17068094,0.0,0.80519515,0.0,0.0,0.0,0.0,0.0,0.0,0.0,0.024123915,0.0
2,2,0.17068094,0.0,0.80519515,0.0,0.0,0.0,0.0,0.0,0.0,0.0,0.024123915,0.0
2,2,0.17068094,0.0,0.80519515,0.0,0.0,0.0,0.0,0.0,0.0,0.0,0.024123915,0.0
2,2,0.17068094,0.0,0.80519515,0.0,0.0,0.0,0.0,0.0,0.0,0.0,0.024123915,0.0
2,2,0.17068094,0.0,0.80519515,0.0,0.0,0.0,0.0,0.0,0.0,0.0,0.024123915,0.0
2,2,0.17068094,0.0,0.80519515,0.0,0.0,0.0,0.0,0.0,0.0,0.0,0.024123915,0.0
2,2,0.17068094,0.0,0.80519515,0.0,0.0,0.0,0.0,0.0,0.0,0.0,0.024123915,0.0
2,2,0.17068094,0.0,0.80519515,0.0,0.0,0.0,0.0,0.0,0.0,0.0,0.024123915,0.0
2,2,0.17068094,0.0,0.80519515,0.0,0.0,0.0,0.0,0.0,0.0,0.0,0.024123915,0.0
2,2,0.1307021,0.0,0.845174,0.0,0.0,0.0,0.0,0.0,0.0,0.0,0.024123915,0.0
2,2,0.1307021,0.0,0.845174,0.0,0.0,0.0,0.0,0.0,0.0,0.0,0.024123915,0.0
2,2,0.1307021,0.0,0.845174,0.0,0.0,0.0,0.0,0.0,0.0,0.0,0.024123915,0.0
2,2,0.1307021,0.0,0.845174,0.0,0.0,0.0,0.0,0.0,0.0,0.0,0.024123915,0.0
2,2,0.1307021,0.0,0.845174,0.0,0.0,0.0,0.0,0.0,0.0,0.0,0.024123915,0.0
2,2,0.1307021,0.0,0.845174,0.0,0.0,0.0,0.0,0.0,0.0,0.0,0.024123915,0.0
2,2,0.1307021,0.0,0.845174,0.0,0.0,0.0,0.0,0.0,0.0,0.0,0.024123915,0.0
2,2,0.1307021,0.0,0.845174,0.0,0.0,0.0,0.0,0.0,0.0,0.0,0.024123915,0.0
2,2,0.1307021,0.0,0.845174,0.0,0.0,0.0,0.0,0.0,0.0,0.0,0.024123915,0.0
2,2,0.1307021,0.0,0.845174,0.0,0.0,0.0,0.0,0.0,0.0,0.0,0.024123915,0.0
2,2,0.1307021,0.0,0.845174,0.0,0.0,0.0,0.0,0.0,0.0,0.0,0.024123915,0.0
2,2,0.1307021,0.0,0.845174,0.0,0.0,0.0,0.0,0.0,0.0,0.0,0.024123915,0.0
2,2,0.1307021,0.0,0.845174,0.0,0.0,0.0,0.0,0.0,0.0,0.0,0.024123915,0.0
2,2,0.1307021,0.0,0.845174,0.0,0.0,0.0,0.0,0.0,0.0,0.0,0.024123915,0.0
2,2,0.1307021,0.0,0.845174,0.0,0.0,0.0,0.0,0.0,0.0,0.0,0.024123915,0.0
2,2,0.1307021,0.0,0.845174,0.0,0.0,0.0,0.0,0.0,0.0,0.0,0.024123915,0.0
2,2,0.1307021,0.0,0.845174,0.0,0.0,0.0,0.0,0.0,0.0,0.0,0.024123915,0.0
2,2,0.1307021,0.0,0.845174,0.0,0.0,0.0,0.0,0.0,0.0,0.0,0.024123915,0.0
2,2,0.1307021,0.0,0.845174,0.0,0.0,0.0,0.0,0.0,0.0,0.0,0.024123915,0.0
2,2,0.1307021,0.0,0.845174,0.0,0.0,0.0,0.0,0.0,0.0,0.0,0.024123915,0.0
2,2,0.1307021,0.0,0.845174,0.0,0.0,0.0,0.0,0.0,0.0,0.0,0.024123915,0.0
2,2,0.1307021,0.0,0.845174,0.0,0.0,0.0,0.0,0.0,0.0,0.0,0.024123915,0.0
2,2,0.1307021,0.0,0.845174,0.0,0.0,0.0,0.0,0.0,0.0,0.0,0.024123915,0.0
2,2,0.1307021,0.0,0.845174,0.0,0.0,0.0,0.0,0.0,0.0,0.0,0.024123915,0.0
2,2,0.1307021,0.0,0.845174,0.0,0.0,0.0,0.0,0.0,0.0,0.0,0.024123915,0.0
2,2,0.1307021,0.0,0.845174,0.0,0.0,0.0,0.0,0.0,0.0,0.0,0.024123915,0.0
2,2,0.1307021,0.0,0.845174,0.0,0.0,0.0,0.0,0.0,0.0,0.0,0.024123915,0.0
2,2,0.1307021,0.0,0.845174,0.0,0.0,0.0,0.0,0.0,0.0,0.0,0.024123915,0.0
2,2,0.1307021,0.0,0.845174,0.0,0.0,0.0,0.0,0.0,0.0,0.0,0.024123915,0.0
2,2,0.1307021,0.0,0.845174,0.0,0.0,0.0,0.0,0.0,0.0,0.0,0.024123915,0.0
2,2,0.1307021,0.0,0.845174,0.0,0.0,0.0,0.0,0.0,0.0,0.0,0.024123915,0.0
2,2,0.1307021,0.0,0.845174,0.0,0.0,0.0,0.0,0.0,0.0,0.0,0.024123915,0.0
2,2,0.1307021,0.0,0.845174,0.0,0.0,0.0,0.0,0.0,0.0,0.0,0.024123915,0.0
2,2,0.1307021,0.0,0.845174,0.0,0.0,0.0,0.0,0.0,0.0,0.0,0.024123915,0.0
2,2,0.1307021,0.0,0.845174,0.0,0.0,0.0,0.0,0.0,0.0,0.0,0.024123915,0.0
2,2,0.1307021,0.0,0.845174,0.0,0.0,0.0,0.0,0.0,0.0,0.0,0.024123915,0.0
2,2,0.1307021,0.0,0.845174,0.0,0.0,0.0,0.0,0.0,0.0,0.0,0.024123915,0.0
2,2,0.1307021,0.0,0.845174,0.0,0.0,0.0,0.0,0.0,0.0,0.0,0.024123915,0.0
2,2,0.1307021,0.0,0.845174,0.0,0.0,0.0,0.0,0.0,0.0,0.0,0.024123915,0.0
2,2,0.1307021,0.0,0.845174,0.0,0.0,0.0,0.0,0.0,0.0,0.0,0.024123915,0.0
2,2,0.1307021,0.0,0.845174,0.0,0.0,0.0,0.0,0.0,0.0,0.0,0.024123915,0.0
2,2,0.1307021,0.0,0.845174,0.0,0.0,0.0,0.0,0.0,0.0,0.0,0.024123915,0.0
2,2,0.1307021,0.0,0.845174,0.0,0.0,0.0,0.0,0.0,0.0,0.0,0.024123915,0.0
2,2,0.1307021,0.0,0.845174,0.0,0.0,0.0,0.0,0.0,0.0,0.0,0.024123915,0.0
2,2,0.1307021,0.0,0.845174,0.0,0.0,0.0,0.0,0.0,0.0,0.0,0.024123915,0.0
2,2,0.1307021,0.0,0.845174,0.0,0.0,0.0,0.0,0.0,0.0,0.0,0.024123915,0.0
2,2,0.1307021,0.0,0.845174,0.0,0.0,0.0,0.0,0.0,0.0,0.0,0.024123915,0.0
2,2,0.1307021,0.0,0.845174,0.0,0.0,0.0,0.0,0.0,0.0,0.0,0.024123915,0.0
2,2,0.1307021,0.0,0.845174,0.0,0.0,0.0,0.0,0.0,0.0,0.0,0.024123915,0.0
2,2,0.1307021,0.0,0.845174,0.0,0.0,0.0,0.0,0.0,0.0,0.0,0.024123915,0.0
2,2,0.1307021,0.0,0.845174,0.0,0.0,0.0,0.0,0.0,0.0,0.0,0.024123915,0.0
2,2,0.1307021,0.0,0.845174,0.0,0.0,0.0,0.0,0.0,0.0,0.0,0.024123915,0.0
2,2,0.1307021,0.0,0.845174,0.0,0.0,0.0,0.0,0.0,0.0,0.0,0.024123915,0.0
2,2,0.1307021,0.0,0.845174,0.0,0.0,0.0,0.0,0.0,0.0,0.0,0.024123915,0.0
2,2,0.1307021,0.0,0.845174,0.0,0.0,0.0,0.0,0.0,0.0,0.0,0.024123915,0.0
2,2,0.1307021,0.0,0.845174,0.0,0.0,0.0,0.0,0.0,0.0,0.0,0.024123915,0.0
2,2,0.1307021,0.0,0.845174,0.0,0.0,0.0,0.0,0.0,0.0,0.0,0.024123915,0.0
2,2,0.1307021,0.0,0.845174,0.0,0.0,0.0,0.0,0.0,0.0,0.0,0.024123915,0.0
2,2,0.1307021,0.0,0.845174,0.0,0.0,0.0,0.0,0.0,0.0,0.0,0.024123915,0.0
2,2,0.1307021,0.0,0.845174,0.0,0.0,0.0,0.0,0.0,0.0,0.0,0.024123915,0.0
2,2,0.1307021,0.0,0.845174,0.0,0.0,0.0,0.0,0.0,0.0,0.0,0.024123915,0.0
2,2,0.1307021,0.0,0.845174,0.0,0.0,0.0,0.0,0.0,0.0,0.0,0.024123915,0.0
2,2,0.1307021,0.0,0.845174,0.0,0.0,0.0,0.0,0.0,0.0,0.0,0.024123915,0.0
2,2,0.1307021,0.0,0.845174,0.0,0.0,0.0,0.0,0.0,0.0,0.0,0.024123915,0.0
2,2,0.1307021,0.0,0.845174,0.0,0.0,0.0,0.0,0.0,0.0,0.0,0.024123915,0.0
2,2,0.1307021,0.0,0.845174,0.0,0.0,0.0,0.0,0.0,0.0,0.0,0.024123915,0.0
2,2,0.1307021,0.0,0.845174,0.0,0.0,0.0,0.0,0.0,0.0,0.0,0.024123915,0.0
2,2,0.1307021,0.0,0.845174,0.0,0.0,0.0,0.0,0.0,0.0,0.0,0.024123915,0.0
2,2,0.1307021,0.0,0.845174,0.0,0.0,0.0,0.0,0.0,0.0,0.0,0.024123915,0.0
2,2,0.1307021,0.0,0.845174,0.0,0.0,0.0,0.0,0.0,0.0,0.0,0.024123915,0.0
2,2,0.1307021,0.0,0.845174,0.0,0.0,0.0,0.0,0.0,0.0,0.0,0.024123915,0.0
2,2,0.1307021,0.0,0.845174,0.0,0.0,0.0,0.0,0.0,0.0,0.0,0.024123915,0.0
2,2,0.1307021,0.0,0.845174,0.0,0.0,0.0,0.0,0.0,0.0,0.0,0.024123915,0.0
2,2,0.1307021,0.0,0.845174,0.0,0.0,0.0,0.0,0.0,0.0,0.0,0.024123915,0.0
2,2,0.1307021,0.0,0.845174,0.0,0.0,0.0,0.0,0.0,0.0,0.0,0.024123915,0.0
2,2,0.1307021,0.0,0.845174,0.0,0.0,0.0,0.0,0.0,0.0,0.0,0.024123915,0.0
2,2,0.1307021,0.0,0.845174,0.0,0.0,0.0,0.0,0.0,0.0,0.0,0.024123915,0.0
2,2,0.1307021,0.0,0.845174,0.0,0.0,0.0,0.0,0.0,0.0,0.0,0.024123915,0.0
2,2,0.1307021,0.0,0.845174,0.0,0.0,0.0,0.0,0.0,0.0,0.0,0.024123915,0.0
2,2,0.1307021,0.0,0.845174,0.0,0.0,0.0,0.0,0.0,0.0,0.0,0.024123915,0.0
2,2,0.1307021,0.0,0.845174,0.0,0.0,0.0,0.0,0.0,0.0,0.0,0.024123915,0.0
2,2,0.1307021,0.0,0.845174,0.0,0.0,0.0,0.0,0.0,0.0,0.0,0.024123915,0.0
2,2,0.1307021,0.0,0.845174,0.0,0.0,0.0,0.0,0.0,0.0,0.0,0.024123915,0.0
2,2,0.1307021,0.0,0.845174,0.0,0.0,0.0,0.0,0.0,0.0,0.0,0.024123915,0.0
2,2,0.1307021,0.0,0.845174,0.0,0.0,0.0,0.0,0.0,0.0,0.0,0.024123915,0.0
2,2,0.1307021,0.0,0.845174,0.0,0.0,0.0,0.0,0.0,0.0,0.0,0.024123915,0.0
2,2,0.1307021,0.0,0.845174,0.0,0.0,0.0,0.0,0.0,0.0,0.0,0.024123915,0.0
2,2,0.1307021,0.0,0.845174,0.0,0.0,0.0,0.0,0.0,0.0,0.0,0.024123915,0.0
2,2,0.1307021,0.0,0.845174,0.0,0.0,0.0,0.0,0.0,0.0,0.0,0.024123915,0.0
2,2,0.1307021,0.0,0.845174,0.0,0.0,0.0,0.0,0.0,0.0,0.0,0.024123915,0.0
2,2,0.1307021,0.0,0.845174,0.0,0.0,0.0,0.0,0.0,0.0,0.0,0.024123915,0.0
2,2,0.1307021,0.0,0.845174,0.0,0.0,0.0,0.0,0.0,0.0,0.0,0.024123915,0.0
2,2,0.1307021,0.0,0.845174,0.0,0.0,0.0,0.0,0.0,0.0,0.0,0.024123915,0.0
2,2,0.1307021,0.0,0.845174,0.0,0.0,0.0,0.0,0.0,0.0,0.0,0.024123915,0.0
2,2,0.1307021,0.0,0.845174,0.0,0.0,0.0,0.0,0.0,0.0,0.0,0.024123915,0.0
2,2,0.1307021,0.0,0.845174,0.0,0.0,0.0,0.0,0.0,0.0,0.0,0.024123915,0.0
2,2,0.1307021,0.0,0.845174,0.0,0.0,0.0,0.0,0.0,0.0,0.0,0.024123915,0.0
2,2,0.1307021,0.0,0.845174,0.0,0.0,0.0,0.0,0.0,0.0,0.0,0.024123915,0.0
2,2,0.1307021,0.0,0.845174,0.0,0.0,0.0,0.0,0.0,0.0,0.0,0.024123915,0.0
2,2,0.1307021,0.0,0.845174,0.0,0.0,0.0,0.0,0.0,0.0,0.0,0.024123915,0.0
2,2,0.1307021,0.0,0.845174,0.0,0.0,0.0,0.0,0.0,0.0,0.0,0.024123915,0.0
2,2,0.1307021,0.0,0.845174,0.0,0.0,0.0,0.0,0.0,0.0,0.0,0.024123915,0.0
2,2,0.1307021,0.0,0.845174,0.0,0.0,0.0,0.0,0.0,0.0,0.0,0.024123915,0.0
2,2,0.1307021,0.0,0.845174,0.0,0.0,0.0,0.0,0.0,0.0,0.0,0.024123915,0.0
2,2,0.1307021,0.0,0.845174,0.0,0.0,0.0,0.0,0.0,0.0,0.0,0.024123915,0.0
2,2,0.1307021,0.0,0.845174,0.0,0.0,0.0,0.0,0.0,0.0,0.0,0.024123915,0.0
2,2,0.1307021,0.0,0.845174,0.0,0.0,0.0,0.0,0.0,0.0,0.0,0.024123915,0.0
2,2,0.1307021,0.0,0.845174,0.0,0.0,0.0,0.0,0.0,0.0,0.0,0.024123915,0.0
2,2,0.1307021,0.0,0.845174,0.0,0.0,0.0,0.0,0.0,0.0,0.0,0.024123915,0.0
2,2,0.1307021,0.0,0.845174,0.0,0.0,0.0,0.0,0.0,0.0,0.0,0.024123915,0.0
2,2,0.1307021,0.0,0.845174,0.0,0.0,0.0,0.0,0.0,0.0,0.0,0.024123915,0.0
2,2,0.1307021,0.0,0.845174,0.0,0.0,0.0,0.0,0.0,0.0,0.0,0.024123915,0.0
2,2,0.1307021,0.0,0.845174,0.0,0.0,0.0,0.0,0.0,0.0,0.0,0.024123915,0.0
2,2,0.1307021,0.0,0.845174,0.0,0.0,0.0,0.0,0.0,0.0,0.0,0.024123915,0.0
2,2,0.1307021,0.0,0.845174,0.0,0.0,0.0,0.0,0.0,0.0,0.0,0.024123915,0.0
2,2,0.1307021,0.0,0.845174,0.0,0.0,0.0,0.0,0.0,0.0,0.0,0.024123915,0.0
2,2,0.1307021,0.0,0.845174,0.0,0.0,0.0,0.0,0.0,0.0,0.0,0.024123915,0.0
2,2,0.1307021,0.0,0.845174,0.0,0.0,0.0,0.0,0.0,0.0,0.0,0.024123915,0.0
2,2,0.1307021,0.0,0.845174,0.0,0.0,0.0,0.0,0.0,0.0,0.0,0.024123915,0.0
2,2,0.1307021,0.0,0.845174,0.0,0.0,0.0,0.0,0.0,0.0,0.0,0.024123915,0.0
2,2,0.1307021,0.0,0.845174,0.0,0.0,0.0,0.0,0.0,0.0,0.0,0.024123915,0.0
2,2,0.1307021,0.0,0.845174,0.0,0.0,0.0,0.0,0.0,0.0,0.0,0.024123915,0.0
2,2,0.1307021,0.0,0.845174,0.0,0.0,0.0,0.0,0.0,0.0,0.0,0.024123915,0.0
2,2,0.1307021,0.0,0.845174,0.0,0.0,0.0,0.0,0.0,0.0,0.0,0.024123915,0.0
2,2,0.1307021,0.0,0.845174,0.0,0.0,0.0,0.0,0.0,0.0,0.0,0.024123915,0.0
2,2,0.1307021,0.0,0.845174,0.0,0.0,0.0,0.0,0.0,0.0,0.0,0.024123915,0.0
2,2,0.1307021,0.0,0.845174,0.0,0.0,0.0,0.0,0.0,0.0,0.0,0.024123915,0.0
2,2,0.1307021,0.0,0.845174,0.0,0.0,0.0,0.0,0.0,0.0,0.0,0.024123915,0.0
2,2,0.1307021,0.0,0.845174,0.0,0.0,0.0,0.0,0.0,0.0,0.0,0.024123915,0.0
2,2,0.1307021,0.0,0.845174,0.0,0.0,0.0,0.0,0.0,0.0,0.0,0.024123915,0.0
2,2,0.1307021,0.0,0.845174,0.0,0.0,0.0,0.0,0.0,0.0,0.0,0.024123915,0.0
2,2,0.1307021,0.0,0.845174,0.0,0.0,0.0,0.0,0.0,0.0,0.0,0.024123915,0.0
2,2,0.1307021,0.0,0.845174,0.0,0.0,0.0,0.0,0.0,0.0,0.0,0.024123915,0.0
2,2,0.1307021,0.0,0.845174,0.0,0.0,0.0,0.0,0.0,0.0,0.0,0.024123915,0.0
2,2,0.1307021,0.0,0.845174,0.0,0.0,0.0,0.0,0.0,0.0,0.0,0.024123915,0.0
2,2,0.1307021,0.0,0.845174,0.0,0.0,0.0,0.0,0.0,0.0,0.0,0.024123915,0.0
2,2,0.1307021,0.0,0.845174,0.0,0.0,0.0,0.0,0.0,0.0,0.0,0.024123915,0.0
2,2,0.1307021,0.0,0.845174,0.0,0.0,0.0,0.0,0.0,0.0,0.0,0.024123915,0.0
2,2,0.1307021,0.0,0.845174,0.0,0.0,0.0,0.0,0.0,0.0,0.0,0.024123915,0.0
2,2,0.1307021,0.0,0.845174,0.0,0.0,0.0,0.0,0.0,0.0,0.0,0.024123915,0.0
2,2,0.1307021,0.0,0.845174,0.0,0.0,0.0,0.0,0.0,0.0,0.0,0.024123915,0.0
2,2,0.1307021,0.0,0.845174,0.0,0.0,0.0,0.0,0.0,0.0,0.0,0.024123915,0.0
2,2,0.1307021,0.0,0.845174,0.0,0.0,0.0,0.0,0.0,0.0,0.0,0.024123915,0.0
2,2,0.1307021,0.0,0.845174,0.0,0.0,0.0,0.0,0.0,0.0,0.0,0.024123915,0.0
2,2,0.1307021,0.0,0.845174,0.0,0.0,0.0,0.0,0.0,0.0,0.0,0.024123915,0.0
2,2,0.1307021,0.0,0.845174,0.0,0.0,0.0,0.0,0.0,0.0,0.0,0.024123915,0.0
2,2,0.1307021,0.0,0.845174,0.0,0.0,0.0,0.0,0.0,0.0,0.0,0.024123915,0.0
2,2,0.1307021,0.0,0.845174,0.0,0.0,0.0,0.0,0.0,0.0,0.0,0.024123915,0.0
2,2,0.1307021,0.0,0.845174,0.0,0.0,0.0,0.0,0.0,0.0,0.0,0.024123915,0.0
2,2,0.1307021,0.0,0.845174,0.0,0.0,0.0,0.0,0.0,0.0,0.0,0.024123915,0.0
2,2,0.1307021,0.0,0.845174,0.0,0.0,0.0,0.0,0.0,0.0,0.0,0.024123915,0.0
2,2,0.1307021,0.0,0.845174,0.0,0.0,0.0,0.0,0.0,0.0,0.0,0.024123915,0.0
2,2,0.1307021,0.0,0.845174,0.0,0.0,0.0,0.0,0.0,0.0,0.0,0.024123915,0.0
2,2,0.1307021,0.0,0.845174,0.0,0.0,0.0,0.0,0.0,0.0,0.0,0.024123915,0.0
2,2,0.1307021,0.0,0.845174,0.0,0.0,0.0,0.0,0.0,0.0,0.0,0.024123915,0.0
2,2,0.1307021,0.0,0.845174,0.0,0.0,0.0,0.0,0.0,0.0,0.0,0.024123915,0.0
2,2,0.1307021,0.0,0.845174,0.0,0.0,0.0,0.0,0.0,0.0,0.0,0.024123915,0.0
2,2,0.1307021,0.0,0.845174,0.0,0.0,0.0,0.0,0.0,0.0,0.0,0.024123915,0.0
2,2,0.1307021,0.0,0.845174,0.0,0.0,0.0,0.0,0.0,0.0,0.0,0.024123915,0.0
2,2,0.1307021,0.0,0.845174,0.0,0.0,0.0,0.0,0.0,0.0,0.0,0.024123915,0.0
2,2,0.1307021,0.0,0.845174,0.0,0.0,0.0,0.0,0.0,0.0,0.0,0.024123915,0.0
2,2,0.1307021,0.0,0.845174,0.0,0.0,0.0,0.0,0.0,0.0,0.0,0.024123915,0.0
2,2,0.1307021,0.0,0.845174,0.0,0.0,0.0,0.0,0.0,0.0,0.0,0.024123915,0.0
2,2,0.1307021,0.0,0.845174,0.0,0.0,0.0,0.0,0.0,0.0,0.0,0.024123915,0.0
2,2,0.1307021,0.0,0.845174,0.0,0.0,0.0,0.0,0.0,0.0,0.0,0.024123915,0.0
2,2,0.1307021,0.0,0.845174,0.0,0.0,0.0,0.0,0.0,0.0,0.0,0.024123915,0.0
2,2,0.1307021,0.0,0.845174,0.0,0.0,0.0,0.0,0.0,0.0,0.0,0.024123915,0.0
2,2,0.1307021,0.0,0.845174,0.0,0.0,0.0,0.0,0.0,0.0,0.0,0.024123915,0.0
2,2,0.1307021,0.0,0.845174,0.0,0.0,0.0,0.0,0.0,0.0,0.0,0.024123915,0.0
2,2,0.1307021,0.0,0.845174,0.0,0.0,0.0,0.0,0.0,0.0,0.0,0.024123915,0.0
2,2,0.1307021,0.0,0.845174,0.0,0.0,0.0,0.0,0.0,0.0,0.0,0.024123915,0.0
2,2,0.1307021,0.0,0.845174,0.0,0.0,0.0,0.0,0.0,0.0,0.0,0.024123915,0.0
2,2,0.1307021,0.0,0.845174,0.0,0.0,0.0,0.0,0.0,0.0,0.0,0.024123915,0.0
2,2,0.1307021,0.0,0.845174,0.0,0.0,0.0,0.0,0.0,0.0,0.0,0.024123915,0.0
2,2,0.1307021,0.0,0.845174,0.0,0.0,0.0,0.0,0.0,0.0,0.0,0.024123915,0.0
2,2,0.1307021,0.0,0.845174,0.0,0.0,0.0,0.0,0.0,0.0,0.0,0.024123915,0.0
2,2,0.1307021,0.0,0.845174,0.0,0.0,0.0,0.0,0.0,0.0,0.0,0.024123915,0.0
2,2,0.1307021,0.0,0.845174,0.0,0.0,0.0,0.0,0.0,0.0,0.0,0.024123915,0.0
2,2,0.1307021,0.0,0.845174,0.0,0.0,0.0,0.0,0.0,0.0,0.0,0.024123915,0.0
2,2,0.1307021,0.0,0.845174,0.0,0.0,0.0,0.0,0.0,0.0,0.0,0.024123915,0.0
2,2,0.1307021,0.0,0.845174,0.0,0.0,0.0,0.0,0.0,0.0,0.0,0.024123915,0.0
2,2,0.1307021,0.0,0.845174,0.0,0.0,0.0,0.0,0.0,0.0,0.0,0.024123915,0.0
2,2,0.1307021,0.0,0.845174,0.0,0.0,0.0,0.0,0.0,0.0,0.0,0.024123915,0.0
2,2,0.1307021,0.0,0.845174,0.0,0.0,0.0,0.0,0.0,0.0,0.0,0.024123915,0.0
2,2,0.1307021,0.0,0.845174,0.0,0.0,0.0,0.0,0.0,0.0,0.0,0.024123915,0.0
2,2,0.1307021,0.0,0.845174,0.0,0.0,0.0,0.0,0.0,0.0,0.0,0.024123915,0.0
2,2,0.1307021,0.0,0.845174,0.0,0.0,0.0,0.0,0.0,0.0,0.0,0.024123915,0.0
2,2,0.1307021,0.0,0.845174,0.0,0.0,0.0,0.0,0.0,0.0,0.0,0.024123915,0.0
2,2,0.1307021,0.0,0.845174,0.0,0.0,0.0,0.0,0.0,0.0,0.0,0.024123915,0.0
2,2,0.1307021,0.0,0.845174,0.0,0.0,0.0,0.0,0.0,0.0,0.0,0.024123915,0.0
2,2,0.1307021,0.0,0.845174,0.0,0.0,0.0,0.0,0.0,0.0,0.0,0.024123915,0.0
2,2,0.1307021,0.0,0.845174,0.0,0.0,0.0,0.0,0.0,0.0,0.0,0.024123915,0.0
2,2,0.1307021,0.0,0.845174,0.0,0.0,0.0,0.0,0.0,0.0,0.0,0.024123915,0.0
2,2,0.1307021,0.0,0.845174,0.0,0.0,0.0,0.0,0.0,0.0,0.0,0.024123915,0.0
2,2,0.1307021,0.0,0.845174,0.0,0.0,0.0,0.0,0.0,0.0,0.0,0.024123915,0.0
2,2,0.1307021,0.0,0.845174,0.0,0.0,0.0,0.0,0.0,0.0,0.0,0.024123915,0.0
2,2,0.1307021,0.0,0.845174,0.0,0.0,0.0,0.0,0.0,0.0,0.0,0.024123915,0.0
2,2,0.1307021,0.0,0.845174,0.0,0.0,0.0,0.0,0.0,0.0,0.0,0.024123915,0.0
2,2,0.1307021,0.0,0.845174,0.0,0.0,0.0,0.0,0.0,0.0,0.0,0.024123915,0.0
2,2,0.1307021,0.0,0.845174,0.0,0.0,0.0,0.0,0.0,0.0,0.0,0.024123915,0.0
2,2,0.1307021,0.0,0.845174,0.0,0.0,0.0,0.0,0.0,0.0,0.0,0.024123915,0.0
2,2,0.1307021,0.0,0.845174,0.0,0.0,0.0,0.0,0.0,0.0,0.0,0.024123915,0.0
2,2,0.1307021,0.0,0.845174,0.0,0.0,0.0,0.0,0.0,0.0,0.0,0.024123915,0.0
2,2,0.1307021,0.0,0.845174,0.0,0.0,0.0,0.0,0.0,0.0,0.0,0.024123915,0.0
2,2,0.1307021,0.0,0.845174,0.0,0.0,0.0,0.0,0.0,0.0,0.0,0.024123915,0.0
2,2,0.1307021,0.0,0.845174,0.0,0.0,0.0,0.0,0.0,0.0,0.0,0.024123915,0.0
2,2,0.1307021,0.0,0.845174,0.0,0.0,0.0,0.0,0.0,0.0,0.0,0.024123915,0.0
2,2,0.1307021,0.0,0.845174,0.0,0.0,0.0,0.0,0.0,0.0,0.0,0.024123915,0.0
2,2,0.1307021,0.0,0.845174,0.0,0.0,0.0,0.0,0.0,0.0,0.0,0.024123915,0.0
2,2,0.1307021,0.0,0.845174,0.0,0.0,0.0,0.0,0.0,0.0,0.0,0.024123915,0.0
2,2,0.1307021,0.0,0.845174,0.0,0.0,0.0,0.0,0.0,0.0,0.0,0.024123915,0.0
2,2,0.1307021,0.0,0.845174,0.0,0.0,0.0,0.0,0.0,0.0,0.0,0.024123915,0.0
2,2,0.1307021,0.0,0.845174,0.0,0.0,0.0,0.0,0.0,0.0,0.0,0.024123915,0.0
2,2,0.1307021,0.0,0.845174,0.0,0.0,0.0,0.0,0.0,0.0,0.0,0.024123915,0.0
2,2,0.1307021,0.0,0.845174,0.0,0.0,0.0,0.0,0.0,0.0,0.0,0.024123915,0.0
2,2,0.1307021,0.0,0.845174,0.0,0.0,0.0,0.0,0.0,0.0,0.0,0.024123915,0.0
2,2,0.1307021,0.0,0.845174,0.0,0.0,0.0,0.0,0.0,0.0,0.0,0.024123915,0.0
2,2,0.1307021,0.0,0.845174,0.0,0.0,0.0,0.0,0.0,0.0,0.0,0.024123915,0.0
2,2,0.1307021,0.0,0.845174,0.0,0.0,0.0,0.0,0.0,0.0,0.0,0.024123915,0.0
2,2,0.1307021,0.0,0.845174,0.0,0.0,0.0,0.0,0.0,0.0,0.0,0.024123915,0.0
2,2,0.1307021,0.0,0.845174,0.0,0.0,0.0,0.0,0.0,0.0,0.0,0.024123915,0.0
2,2,0.1307021,0.0,0.845174,0.0,0.0,0.0,0.0,0.0,0.0,0.0,0.024123915,0.0
2,2,0.1307021,0.0,0.845174,0.0,0.0,0.0,0.0,0.0,0.0,0.0,0.024123915,0.0
2,2,0.1307021,0.0,0.845174,0.0,0.0,0.0,0.0,0.0,0.0,0.0,0.024123915,0.0
2,2,0.1307021,0.0,0.845174,0.0,0.0,0.0,0.0,0.0,0.0,0.0,0.024123915,0.0
2,2,0.1307021,0.0,0.845174,0.0,0.0,0.0,0.0,0.0,0.0,0.0,0.024123915,0.0
2,2,0.1307021,0.0,0.845174,0.0,0.0,0.0,0.0,0.0,0.0,0.0,0.024123915,0.0
2,2,0.1307021,0.0,0.845174,0.0,0.0,0.0,0.0,0.0,0.0,0.0,0.024123915,0.0
2,2,0.1307021,0.0,0.845174,0.0,0.0,0.0,0.0,0.0,0.0,0.0,0.024123915,0.0
2,2,0.1307021,0.0,0.845174,0.0,0.0,0.0,0.0,0.0,0.0,0.0,0.024123915,0.0
2,2,0.1307021,0.0,0.845174,0.0,0.0,0.0,0.0,0.0,0.0,0.0,0.024123915,0.0
2,2,0.1307021,0.0,0.845174,0.0,0.0,0.0,0.0,0.0,0.0,0.0,0.024123915,0.0
2,2,0.1307021,0.0,0.845174,0.0,0.0,0.0,0.0,0.0,0.0,0.0,0.024123915,0.0
2,2,0.1307021,0.0,0.845174,0.0,0.0,0.0,0.0,0.0,0.0,0.0,0.024123915,0.0
2,2,0.1307021,0.0,0.845174,0.0,0.0,0.0,0.0,0.0,0.0,0.0,0.024123915,0.0
2,2,0.1307021,0.0,0.845174,0.0,0.0,0.0,0.0,0.0,0.0,0.0,0.024123915,0.0
2,2,0.1307021,0.0,0.845174,0.0,0.0,0.0,0.0,0.0,0.0,0.0,0.024123915,0.0
2,2,0.1307021,0.0,0.845174,0.0,0.0,0.0,0.0,0.0,0.0,0.0,0.024123915,0.0
2,2,0.1307021,0.0,0.845174,0.0,0.0,0.0,0.0,0.0,0.0,0.0,0.024123915,0.0
2,2,0.1307021,0.0,0.845174,0.0,0.0,0.0,0.0,0.0,0.0,0.0,0.024123915,0.0
2,2,0.1307021,0.0,0.845174,0.0,0.0,0.0,0.0,0.0,0.0,0.0,0.024123915,0.0
2,2,0.1307021,0.0,0.845174,0.0,0.0,0.0,0.0,0.0,0.0,0.0,0.024123915,0.0
2,2,0.1307021,0.0,0.845174,0.0,0.0,0.0,0.0,0.0,0.0,0.0,0.024123915,0.0
2,2,0.1307021,0.0,0.845174,0.0,0.0,0.0,0.0,0.0,0.0,0.0,0.024123915,0.0
2,2,0.1307021,0.0,0.845174,0.0,0.0,0.0,0.0,0.0,0.0,0.0,0.024123915,0.0
2,2,0.1307021,0.0,0.845174,0.0,0.0,0.0,0.0,0.0,0.0,0.0,0.024123915,0.0
2,2,0.1307021,0.0,0.845174,0.0,0.0,0.0,0.0,0.0,0.0,0.0,0.024123915,0.0
2,2,0.1307021,0.0,0.845174,0.0,0.0,0.0,0.0,0.0,0.0,0.0,0.024123915,0.0
2,2,0.1307021,0.0,0.845174,0.0,0.0,0.0,0.0,0.0,0.0,0.0,0.024123915,0.0
2,2,0.1307021,0.0,0.845174,0.0,0.0,0.0,0.0,0.0,0.0,0.0,0.024123915,0.0
2,2,0.1307021,0.0,0.845174,0.0,0.0,0.0,0.0,0.0,0.0,0.0,0.024123915,0.0
2,2,0.1307021,0.0,0.845174,0.0,0.0,0.0,0.0,0.0,0.0,0.0,0.024123915,0.0
2,2,0.1307021,0.0,0.845174,0.0,0.0,0.0,0.0,0.0,0.0,0.0,0.024123915,0.0
2,2,0.1307021,0.0,0.845174,0.0,0.0,0.0,0.0,0.0,0.0,0.0,0.024123915,0.0
2,2,0.1307021,0.0,0.845174,0.0,0.0,0.0,0.0,0.0,0.0,0.0,0.024123915,0.0
2,2,0.1307021,0.0,0.845174,0.0,0.0,0.0,0.0,0.0,0.0,0.0,0.024123915,0.0
2,2,0.1307021,0.0,0.845174,0.0,0.0,0.0,0.0,0.0,0.0,0.0,0.024123915,0.0
2,2,0.1307021,0.0,0.845174,0.0,0.0,0.0,0.0,0.0,0.0,0.0,0.024123915,0.0
2,2,0.1307021,0.0,0.845174,0.0,0.0,0.0,0.0,0.0,0.0,0.0,0.024123915,0.0
2,2,0.1307021,0.0,0.845174,0.0,0.0,0.0,0.0,0.0,0.0,0.0,0.024123915,0.0
2,2,0.1307021,0.0,0.845174,0.0,0.0,0.0,0.0,0.0,0.0,0.0,0.024123915,0.0
2,2,0.1307021,0.0,0.845174,0.0,0.0,0.0,0.0,0.0,0.0,0.0,0.024123915,0.0
2,2,0.1307021,0.0,0.845174,0.0,0.0,0.0,0.0,0.0,0.0,0.0,0.024123915,0.0
2,2,0.1307021,0.0,0.845174,0.0,0.0,0.0,0.0,0.0,0.0,0.0,0.024123915,0.0
2,2,0.1307021,0.0,0.845174,0.0,0.0,0.0,0.0,0.0,0.0,0.0,0.024123915,0.0
2,2,0.1307021,0.0,0.845174,0.0,0.0,0.0,0.0,0.0,0.0,0.0,0.024123915,0.0
2,2,0.1307021,0.0,0.845174,0.0,0.0,0.0,0.0,0.0,0.0,0.0,0.024123915,0.0
2,2,0.1307021,0.0,0.845174,0.0,0.0,0.0,0.0,0.0,0.0,0.0,0.024123915,0.0
2,2,0.1307021,0.0,0.845174,0.0,0.0,0.0,0.0,0.0,0.0,0.0,0.024123915,0.0
2,2,0.1307021,0.0,0.845174,0.0,0.0,0.0,0.0,0.0,0.0,0.0,0.024123915,0.0
2,2,0.1307021,0.0,0.845174,0.0,0.0,0.0,0.0,0.0,0.0,0.0,0.024123915,0.0
2,2,0.1307021,0.0,0.845174,0.0,0.0,0.0,0.0,0.0,0.0,0.0,0.024123915,0.0
2,2,0.1307021,0.0,0.845174,0.0,0.0,0.0,0.0,0.0,0.0,0.0,0.024123915,0.0
2,2,0.1307021,0.0,0.845174,0.0,0.0,0.0,0.0,0.0,0.0,0.0,0.024123915,0.0
2,2,0.1307021,0.0,0.845174,0.0,0.0,0.0,0.0,0.0,0.0,0.0,0.024123915,0.0
2,2,0.1307021,0.0,0.845174,0.0,0.0,0.0,0.0,0.0,0.0,0.0,0.024123915,0.0
2,2,0.1307021,0.0,0.845174,0.0,0.0,0.0,0.0,0.0,0.0,0.0,0.024123915,0.0
2,2,0.1307021,0.0,0.845174,0.0,0.0,0.0,0.0,0.0,0.0,0.0,0.024123915,0.0
2,2,0.1307021,0.0,0.845174,0.0,0.0,0.0,0.0,0.0,0.0,0.0,0.024123915,0.0
2,2,0.1307021,0.0,0.845174,0.0,0.0,0.0,0.0,0.0,0.0,0.0,0.024123915,0.0
2,2,0.1307021,0.0,0.845174,0.0,0.0,0.0,0.0,0.0,0.0,0.0,0.024123915,0.0
2,2,0.1307021,0.0,0.845174,0.0,0.0,0.0,0.0,0.0,0.0,0.0,0.024123915,0.0
2,2,0.1307021,0.0,0.845174,0.0,0.0,0.0,0.0,0.0,0.0,0.0,0.024123915,0.0
2,2,0.1307021,0.0,0.845174,0.0,0.0,0.0,0.0,0.0,0.0,0.0,0.024123915,0.0
2,2,0.1307021,0.0,0.845174,0.0,0.0,0.0,0.0,0.0,0.0,0.0,0.024123915,0.0
2,2,0.1307021,0.0,0.845174,0.0,0.0,0.0,0.0,0.0,0.0,0.0,0.024123915,0.0
2,2,0.1307021,0.0,0.845174,0.0,0.0,0.0,0.0,0.0,0.0,0.0,0.024123915,0.0
2,2,0.1307021,0.0,0.845174,0.0,0.0,0.0,0.0,0.0,0.0,0.0,0.024123915,0.0
2,2,0.1307021,0.0,0.845174,0.0,0.0,0.0,0.0,0.0,0.0,0.0,0.024123915,0.0
2,2,0.1307021,0.0,0.845174,0.0,0.0,0.0,0.0,0.0,0.0,0.0,0.024123915,0.0
2,2,0.1307021,0.0,0.845174,0.0,0.0,0.0,0.0,0.0,0.0,0.0,0.024123915,0.0
2,2,0.1307021,0.0,0.845174,0.0,0.0,0.0,0.0,0.0,0.0,0.0,0.024123915,0.0
2,2,0.1307021,0.0,0.845174,0.0,0.0,0.0,0.0,0.0,0.0,0.0,0.024123915,0.0
2,2,0.1307021,0.0,0.845174,0.0,0.0,0.0,0.0,0.0,0.0,0.0,0.024123915,0.0
2,2,0.1307021,0.0,0.845174,0.0,0.0,0.0,0.0,0.0,0.0,0.0,0.024123915,0.0
2,2,0.1307021,0.0,0.845174,0.0,0.0,0.0,0.0,0.0,0.0,0.0,0.024123915,0.0
2,2,0.1307021,0.0,0.845174,0.0,0.0,0.0,0.0,0.0,0.0,0.0,0.024123915,0.0
2,2,0.1307021,0.0,0.845174,0.0,0.0,0.0,0.0,0.0,0.0,0.0,0.024123915,0.0
2,2,0.1307021,0.0,0.845174,0.0,0.0,0.0,0.0,0.0,0.0,0.0,0.024123915,0.0
2,2,0.1307021,0.0,0.845174,0.0,0.0,0.0,0.0,0.0,0.0,0.0,0.024123915,0.0
2,2,0.1307021,0.0,0.845174,0.0,0.0,0.0,0.0,0.0,0.0,0.0,0.024123915,0.0
2,2,0.1307021,0.0,0.845174,0.0,0.0,0.0,0.0,0.0,0.0,0.0,0.024123915,0.0
2,2,0.1307021,0.0,0.845174,0.0,0.0,0.0,0.0,0.0,0.0,0.0,0.024123915,0.0
2,2,0.1307021,0.0,0.845174,0.0,0.0,0.0,0.0,0.0,0.0,0.0,0.024123915,0.0
2,2,0.1307021,0.0,0.845174,0.0,0.0,0.0,0.0,0.0,0.0,0.0,0.024123915,0.0
2,2,0.1307021,0.0,0.845174,0.0,0.0,0.0,0.0,0.0,0.0,0.0,0.024123915,0.0
2,2,0.1307021,0.0,0.845174,0.0,0.0,0.0,0.0,0.0,0.0,0.0,0.024123915,0.0
2,2,0.1307021,0.0,0.845174,0.0,0.0,0.0,0.0,0.0,0.0,0.0,0.024123915,0.0
2,2,0.1307021,0.0,0.845174,0.0,0.0,0.0,0.0,0.0,0.0,0.0,0.024123915,0.0
2,2,0.1307021,0.0,0.845174,0.0,0.0,0.0,0.0,0.0,0.0,0.0,0.024123915,0.0
2,2,0.1307021,0.0,0.845174,0.0,0.0,0.0,0.0,0.0,0.0,0.0,0.024123915,0.0
2,2,0.1307021,0.0,0.845174,0.0,0.0,0.0,0.0,0.0,0.0,0.0,0.024123915,0.0
2,2,0.1307021,0.0,0.845174,0.0,0.0,0.0,0.0,0.0,0.0,0.0,0.024123915,0.0
2,2,0.1307021,0.0,0.845174,0.0,0.0,0.0,0.0,0.0,0.0,0.0,0.024123915,0.0
2,2,0.1307021,0.0,0.845174,0.0,0.0,0.0,0.0,0.0,0.0,0.0,0.024123915,0.0
2,2,0.1307021,0.0,0.845174,0.0,0.0,0.0,0.0,0.0,0.0,0.0,0.024123915,0.0
2,2,0.1307021,0.0,0.845174,0.0,0.0,0.0,0.0,0.0,0.0,0.0,0.024123915,0.0
2,2,0.1307021,0.0,0.845174,0.0,0.0,0.0,0.0,0.0,0.0,0.0,0.024123915,0.0
2,2,0.1307021,0.0,0.845174,0.0,0.0,0.0,0.0,0.0,0.0,0.0,0.024123915,0.0
2,2,0.1307021,0.0,0.845174,0.0,0.0,0.0,0.0,0.0,0.0,0.0,0.024123915,0.0
2,2,0.1307021,0.0,0.845174,0.0,0.0,0.0,0.0,0.0,0.0,0.0,0.024123915,0.0
2,2,0.1307021,0.0,0.845174,0.0,0.0,0.0,0.0,0.0,0.0,0.0,0.024123915,0.0
2,2,0.1307021,0.0,0.845174,0.0,0.0,0.0,0.0,0.0,0.0,0.0,0.024123915,0.0
2,2,0.1307021,0.0,0.845174,0.0,0.0,0.0,0.0,0.0,0.0,0.0,0.024123915,0.0
2,2,0.1307021,0.0,0.845174,0.0,0.0,0.0,0.0,0.0,0.0,0.0,0.024123915,0.0
2,2,0.1307021,0.0,0.845174,0.0,0.0,0.0,0.0,0.0,0.0,0.0,0.024123915,0.0
2,2,0.1307021,0.0,0.845174,0.0,0.0,0.0,0.0,0.0,0.0,0.0,0.024123915,0.0
2,2,0.1307021,0.0,0.845174,0.0,0.0,0.0,0.0,0.0,0.0,0.0,0.024123915,0.0
2,2,0.1307021,0.0,0.845174,0.0,0.0,0.0,0.0,0.0,0.0,0.0,0.024123915,0.0
2,2,0.1307021,0.0,0.845174,0.0,0.0,0.0,0.0,0.0,0.0,0.0,0.024123915,0.0
2,2,0.1307021,0.0,0.845174,0.0,0.0,0.0,0.0,0.0,0.0,0.0,0.024123915,0.0
2,2,0.1307021,0.0,0.845174,0.0,0.0,0.0,0.0,0.0,0.0,0.0,0.024123915,0.0
2,2,0.1307021,0.0,0.845174,0.0,0.0,0.0,0.0,0.0,0.0,0.0,0.024123915,0.0
2,2,0.1307021,0.0,0.845174,0.0,0.0,0.0,0.0,0.0,0.0,0.0,0.024123915,0.0
2,2,0.1307021,0.0,0.845174,0.0,0.0,0.0,0.0,0.0,0.0,0.0,0.024123915,0.0
2,2,0.1307021,0.0,0.845174,0.0,0.0,0.0,0.0,0.0,0.0,0.0,0.024123915,0.0
2,2,0.06768606,0.0,0.845174,0.06301602,0.0,0.0,0.0,0.0,0.0,0.0,0.024123913,0.0
2,2,0.06768606,0.0,0.845174,0.06301602,0.0,0.0,0.0,0.0,0.0,0.0,0.024123913,0.0
2,2,0.06768606,0.0,0.845174,0.06301602,0.0,0.0,0.0,0.0,0.0,0.0,0.024123913,0.0
2,2,0.06768606,0.0,0.845174,0.06301602,0.0,0.0,0.0,0.0,0.0,0.0,0.024123913,0.0
2,2,0.06768606,0.0,0.845174,0.06301602,0.0,0.0,0.0,0.0,0.0,0.0,0.024123913,0.0
2,2,0.06768606,0.0,0.845174,0.06301602,0.0,0.0,0.0,0.0,0.0,0.0,0.024123913,0.0
2,2,0.06768606,0.0,0.845174,0.06301602,0.0,0.0,0.0,0.0,0.0,0.0,0.024123913,0.0
2,2,0.06768606,0.0,0.845174,0.06301602,0.0,0.0,0.0,0.0,0.0,0.0,0.024123913,0.0
2,2,0.06768606,0.0,0.845174,0.06301602,0.0,0.0,0.0,0.0,0.0,0.0,0.024123913,0.0
2,2,0.06768606,0.0,0.845174,0.06301602,0.0,0.0,0.0,0.0,0.0,0.0,0.024123913,0.0
2,2,0.06768606,0.0,0.845174,0.06301602,0.0,0.0,0.0,0.0,0.0,0.0,0.024123913,0.0
2,2,0.06768606,0.0,0.845174,0.06301602,0.0,0.0,0.0,0.0,0.0,0.0,0.024123913,0.0
2,2,0.06768606,0.0,0.845174,0.06301602,0.0,0.0,0.0,0.0,0.0,0.0,0.024123913,0.0
2,2,0.06768606,0.0,0.845174,0.06301602,0.0,0.0,0.0,0.0,0.0,0.0,0.024123913,0.0
2,2,0.06768606,0.0,0.845174,0.06301602,0.0,0.0,0.0,0.0,0.0,0.0,0.024123913,0.0
2,2,0.06768606,0.0,0.845174,0.06301602,0.0,0.0,0.0,0.0,0.0,0.0,0.024123913,0.0
2,2,0.06768606,0.0,0.845174,0.06301602,0.0,0.0,0.0,0.0,0.0,0.0,0.024123913,0.0
2,2,0.06768606,0.0,0.845174,0.06301602,0.0,0.0,0.0,0.0,0.0,0.0,0.024123913,0.0
2,2,0.06768606,0.0,0.845174,0.06301602,0.0,0.0,0.0,0.0,0.0,0.0,0.024123913,0.0
2,2,0.06768606,0.0,0.845174,0.06301602,0.0,0.0,0.0,0.0,0.0,0.0,0.024123913,0.0
2,2,0.06768606,0.0,0.845174,0.06301602,0.0,0.0,0.0,0.0,0.0,0.0,0.024123913,0.0
2,2,0.06768606,0.0,0.845174,0.06301602,0.0,0.0,0.0,0.0,0.0,0.0,0.024123913,0.0
2,2,0.06768606,0.0,0.845174,0.06301602,0.0,0.0,0.0,0.0,0.0,0.0,0.024123913,0.0
2,2,0.06768606,0.0,0.845174,0.06301602,0.0,0.0,0.0,0.0,0.0,0.0,0.024123913,0.0
2,2,0.06768606,0.0,0.845174,0.06301602,0.0,0.0,0.0,0.0,0.0,0.0,0.024123913,0.0
2,2,0.06768606,0.0,0.845174,0.06301602,0.0,0.0,0.0,0.0,0.0,0.0,0.024123913,0.0
2,2,0.06768606,0.0,0.845174,0.06301602,0.0,0.0,0.0,0.0,0.0,0.0,0.024123913,0.0
2,2,0.06768606,0.0,0.845174,0.06301602,0.0,0.0,0.0,0.0,0.0,0.0,0.024123913,0.0
2,2,0.06768606,0.0,0.845174,0.06301602,0.0,0.0,0.0,0.0,0.0,0.0,0.024123913,0.0
2,2,0.06768606,0.0,0.845174,0.06301602,0.0,0.0,0.0,0.0,0.0,0.0,0.024123913,0.0
2,2,0.06768606,0.0,0.845174,0.06301602,0.0,0.0,0.0,0.0,0.0,0.0,0.024123913,0.0
2,2,0.06768606,0.0,0.845174,0.06301602,0.0,0.0,0.0,0.0,0.0,0.0,0.024123913,0.0
2,2,0.06768606,0.0,0.845174,0.06301602,0.0,0.0,0.0,0.0,0.0,0.0,0.024123913,0.0
2,2,0.06768606,0.0,0.845174,0.06301602,0.0,0.0,0.0,0.0,0.0,0.0,0.024123913,0.0
2,2,0.06768606,0.0,0.845174,0.06301602,0.0,0.0,0.0,0.0,0.0,0.0,0.024123913,0.0
2,2,0.06768606,0.0,0.845174,0.06301602,0.0,0.0,0.0,0.0,0.0,0.0,0.024123913,0.0
2,2,0.06768606,0.0,0.845174,0.06301602,0.0,0.0,0.0,0.0,0.0,0.0,0.024123913,0.0
2,2,0.06768606,0.0,0.845174,0.06301602,0.0,0.0,0.0,0.0,0.0,0.0,0.024123913,0.0
2,2,0.06768606,0.0,0.845174,0.06301602,0.0,0.0,0.0,0.0,0.0,0.0,0.024123913,0.0
2,2,0.06768606,0.0,0.845174,0.06301602,0.0,0.0,0.0,0.0,0.0,0.0,0.024123913,0.0
2,2,0.06768606,0.0,0.845174,0.06301602,0.0,0.0,0.0,0.0,0.0,0.0,0.024123913,0.0
2,2,0.06768606,0.0,0.845174,0.06301602,0.0,0.0,0.0,0.0,0.0,0.0,0.024123913,0.0
2,2,0.06768606,0.0,0.845174,0.06301602,0.0,0.0,0.0,0.0,0.0,0.0,0.024123913,0.0
2,2,0.06768606,0.0,0.845174,0.06301602,0.0,0.0,0.0,0.0,0.0,0.0,0.024123913,0.0
2,2,0.06768606,0.0,0.845174,0.06301602,0.0,0.0,0.0,0.0,0.0,0.0,0.024123913,0.0
2,2,0.06768606,0.0,0.845174,0.06301602,0.0,0.0,0.0,0.0,0.0,0.0,0.024123913,0.0
2,2,0.06768606,0.0,0.845174,0.06301602,0.0,0.0,0.0,0.0,0.0,0.0,0.024123913,0.0
2,2,0.06768606,0.0,0.845174,0.06301602,0.0,0.0,0.0,0.0,0.0,0.0,0.024123913,0.0
2,2,0.06768606,0.0,0.845174,0.06301602,0.0,0.0,0.0,0.0,0.0,0.0,0.024123913,0.0
2,2,0.06768606,0.0,0.845174,0.06301602,0.0,0.0,0.0,0.0,0.0,0.0,0.024123913,0.0
2,2,0.06768606,0.0,0.845174,0.06301602,0.0,0.0,0.0,0.0,0.0,0.0,0.024123913,0.0
2,2,0.06768606,0.0,0.845174,0.06301602,0.0,0.0,0.0,0.0,0.0,0.0,0.024123913,0.0
2,2,0.06768606,0.0,0.845174,0.06301602,0.0,0.0,0.0,0.0,0.0,0.0,0.024123913,0.0
2,2,0.06768606,0.0,0.845174,0.06301602,0.0,0.0,0.0,0.0,0.0,0.0,0.024123913,0.0
2,2,0.06768606,0.0,0.845174,0.06301602,0.0,0.0,0.0,0.0,0.0,0.0,0.024123913,0.0
2,2,0.06768606,0.0,0.845174,0.06301602,0.0,0.0,0.0,0.0,0.0,0.0,0.024123913,0.0
2,2,0.06768606,0.0,0.845174,0.06301602,0.0,0.0,0.0,0.0,0.0,0.0,0.024123913,0.0
2,2,0.06768606,0.0,0.845174,0.06301602,0.0,0.0,0.0,0.0,0.0,0.0,0.024123913,0.0
2,2,0.06768606,0.0,0.845174,0.06301602,0.0,0.0,0.0,0.0,0.0,0.0,0.024123913,0.0
2,2,0.06768606,0.0,0.845174,0.06301602,0.0,0.0,0.0,0.0,0.0,0.0,0.024123913,0.0
2,2,0.06768606,0.0,0.845174,0.06301602,0.0,0.0,0.0,0.0,0.0,0.0,0.024123913,0.0
2,2,0.06768606,0.0,0.845174,0.06301602,0.0,0.0,0.0,0.0,0.0,0.0,0.024123913,0.0
2,2,0.06768606,0.0,0.845174,0.06301602,0.0,0.0,0.0,0.0,0.0,0.0,0.024123913,0.0
2,2,0.06768606,0.0,0.845174,0.06301602,0.0,0.0,0.0,0.0,0.0,0.0,0.024123913,0.0
2,2,0.06768606,0.0,0.845174,0.06301602,0.0,0.0,0.0,0.0,0.0,0.0,0.024123913,0.0
2,2,0.06768606,0.0,0.845174,0.06301602,0.0,0.0,0.0,0.0,0.0,0.0,0.024123913,0.0
2,2,0.06768606,0.0,0.845174,0.06301602,0.0,0.0,0.0,0.0,0.0,0.0,0.024123913,0.0
2,2,0.06768606,0.0,0.845174,0.06301602,0.0,0.0,0.0,0.0,0.0,0.0,0.024123913,0.0
2,2,0.06768606,0.0,0.845174,0.06301602,0.0,0.0,0.0,0.0,0.0,0.0,0.024123913,0.0
2,2,0.06768606,0.0,0.845174,0.06301602,0.0,0.0,0.0,0.0,0.0,0.0,0.024123913,0.0
2,2,0.06768606,0.0,0.845174,0.06301602,0.0,0.0,0.0,0.0,0.0,0.0,0.024123913,0.0
2,2,0.06768606,0.0,0.845174,0.06301602,0.0,0.0,0.0,0.0,0.0,0.0,0.024123913,0.0
2,2,0.06768606,0.0,0.845174,0.06301602,0.0,0.0,0.0,0.0,0.0,0.0,0.024123913,0.0
2,2,0.06768606,0.0,0.845174,0.06301602,0.0,0.0,0.0,0.0,0.0,0.0,0.024123913,0.0
2,2,0.06768606,0.0,0.845174,0.06301602,0.0,0.0,0.0,0.0,0.0,0.0,0.024123913,0.0
2,2,0.06768606,0.0,0.845174,0.06301602,0.0,0.0,0.0,0.0,0.0,0.0,0.024123913,0.0
2,2,0.06768606,0.0,0.845174,0.06301602,0.0,0.0,0.0,0.0,0.0,0.0,0.024123913,0.0
2,2,0.06768606,0.0,0.845174,0.06301602,0.0,0.0,0.0,0.0,0.0,0.0,0.024123913,0.0
2,2,0.06768606,0.0,0.845174,0.06301602,0.0,0.0,0.0,0.0,0.0,0.0,0.024123913,0.0
2,2,0.06768606,0.0,0.845174,0.06301602,0.0,0.0,0.0,0.0,0.0,0.0,0.024123913,0.0
2,2,0.06768606,0.0,0.845174,0.06301602,0.0,0.0,0.0,0.0,0.0,0.0,0.024123913,0.0
2,2,0.06768606,0.0,0.845174,0.06301602,0.0,0.0,0.0,0.0,0.0,0.0,0.024123913,0.0
2,2,0.06768606,0.0,0.845174,0.06301602,0.0,0.0,0.0,0.0,0.0,0.0,0.024123913,0.0
2,2,0.06768606,0.0,0.845174,0.06301602,0.0,0.0,0.0,0.0,0.0,0.0,0.024123913,0.0
2,2,0.06768606,0.0,0.845174,0.06301602,0.0,0.0,0.0,0.0,0.0,0.0,0.024123913,0.0
2,2,0.06768606,0.0,0.845174,0.06301602,0.0,0.0,0.0,0.0,0.0,0.0,0.024123913,0.0
2,2,0.06768606,0.0,0.845174,0.06301602,0.0,0.0,0.0,0.0,0.0,0.0,0.024123913,0.0
2,2,0.06768606,0.0,0.845174,0.06301602,0.0,0.0,0.0,0.0,0.0,0.0,0.024123913,0.0
2,2,0.06768606,0.0,0.845174,0.06301602,0.0,0.0,0.0,0.0,0.0,0.0,0.024123913,0.0
2,2,0.06768606,0.0,0.845174,0.06301602,0.0,0.0,0.0,0.0,0.0,0.0,0.024123913,0.0
2,2,0.06768606,0.0,0.845174,0.06301602,0.0,0.0,0.0,0.0,0.0,0.0,0.024123913,0.0
2,2,0.06768606,0.0,0.845174,0.06301602,0.0,0.0,0.0,0.0,0.0,0.0,0.024123913,0.0
2,2,0.06768606,0.0,0.845174,0.06301602,0.0,0.0,0.0,0.0,0.0,0.0,0.024123913,0.0
2,2,0.06768606,0.0,0.845174,0.06301602,0.0,0.0,0.0,0.0,0.0,0.0,0.024123913,0.0
2,2,0.06768606,0.0,0.845174,0.06301602,0.0,0.0,0.0,0.0,0.0,0.0,0.024123913,0.0
2,2,0.06768606,0.0,0.845174,0.06301602,0.0,0.0,0.0,0.0,0.0,0.0,0.024123913,0.0
2,2,0.06768606,0.0,0.845174,0.06301602,0.0,0.0,0.0,0.0,0.0,0.0,0.024123913,0.0
2,2,0.06768606,0.0,0.845174,0.06301602,0.0,0.0,0.0,0.0,0.0,0.0,0.024123913,0.0
2,2,0.06768606,0.0,0.845174,0.06301602,0.0,0.0,0.0,0.0,0.0,0.0,0.024123913,0.0
2,2,0.06768606,0.0,0.845174,0.06301602,0.0,0.0,0.0,0.0,0.0,0.0,0.024123913,0.0
2,2,0.06768606,0.0,0.845174,0.06301602,0.0,0.0,0.0,0.0,0.0,0.0,0.024123913,0.0
2,2,0.06768606,0.0,0.845174,0.06301602,0.0,0.0,0.0,0.0,0.0,0.0,0.024123913,0.0
2,2,0.06768606,0.0,0.845174,0.06301602,0.0,0.0,0.0,0.0,0.0,0.0,0.024123913,0.0
2,2,0.06768606,0.0,0.845174,0.06301602,0.0,0.0,0.0,0.0,0.0,0.0,0.024123913,0.0
2,2,0.06768606,0.0,0.845174,0.06301602,0.0,0.0,0.0,0.0,0.0,0.0,0.024123913,0.0
2,2,0.06768606,0.0,0.845174,0.06301602,0.0,0.0,0.0,0.0,0.0,0.0,0.024123913,0.0
2,2,0.06768606,0.0,0.845174,0.06301602,0.0,0.0,0.0,0.0,0.0,0.0,0.024123913,0.0
2,2,0.06768606,0.0,0.845174,0.06301602,0.0,0.0,0.0,0.0,0.0,0.0,0.024123913,0.0
2,2,0.06768606,0.0,0.845174,0.06301602,0.0,0.0,0.0,0.0,0.0,0.0,0.024123913,0.0
2,2,0.06768606,0.0,0.845174,0.06301602,0.0,0.0,0.0,0.0,0.0,0.0,0.024123913,0.0
2,2,0.06768606,0.0,0.845174,0.06301602,0.0,0.0,0.0,0.0,0.0,0.0,0.024123913,0.0
2,2,0.06768606,0.0,0.845174,0.06301602,0.0,0.0,0.0,0.0,0.0,0.0,0.024123913,0.0
2,2,0.06768606,0.0,0.845174,0.06301602,0.0,0.0,0.0,0.0,0.0,0.0,0.024123913,0.0
2,2,0.06768606,0.0,0.845174,0.06301602,0.0,0.0,0.0,0.0,0.0,0.0,0.024123913,0.0
2,2,0.06768606,0.0,0.845174,0.06301602,0.0,0.0,0.0,0.0,0.0,0.0,0.024123913,0.0
2,2,0.06768606,0.0,0.845174,0.06301602,0.0,0.0,0.0,0.0,0.0,0.0,0.024123913,0.0
2,2,0.06768606,0.0,0.845174,0.06301602,0.0,0.0,0.0,0.0,0.0,0.0,0.024123913,0.0
2,2,0.06768606,0.0,0.845174,0.06301602,0.0,0.0,0.0,0.0,0.0,0.0,0.024123913,0.0
2,2,0.06768606,0.0,0.845174,0.06301602,0.0,0.0,0.0,0.0,0.0,0.0,0.024123913,0.0
2,2,0.06768606,0.0,0.845174,0.06301602,0.0,0.0,0.0,0.0,0.0,0.0,0.024123913,0.0
2,2,0.06768606,0.0,0.845174,0.06301602,0.0,0.0,0.0,0.0,0.0,0.0,0.024123913,0.0
2,2,0.06768606,0.0,0.845174,0.06301602,0.0,0.0,0.0,0.0,0.0,0.0,0.024123913,0.0
2,2,0.06768606,0.0,0.845174,0.06301602,0.0,0.0,0.0,0.0,0.0,0.0,0.024123913,0.0
2,2,0.06768606,0.0,0.845174,0.06301602,0.0,0.0,0.0,0.0,0.0,0.0,0.024123913,0.0
2,2,0.06768606,0.0,0.845174,0.06301602,0.0,0.0,0.0,0.0,0.0,0.0,0.024123913,0.0
2,2,0.06768606,0.0,0.845174,0.06301602,0.0,0.0,0.0,0.0,0.0,0.0,0.024123913,0.0
2,2,0.06768606,0.0,0.845174,0.06301602,0.0,0.0,0.0,0.0,0.0,0.0,0.024123913,0.0
2,2,0.06768606,0.0,0.845174,0.06301602,0.0,0.0,0.0,0.0,0.0,0.0,0.024123913,0.0
2,2,0.06768606,0.0,0.845174,0.06301602,0.0,0.0,0.0,0.0,0.0,0.0,0.024123913,0.0
2,2,0.06768606,0.0,0.845174,0.06301602,0.0,0.0,0.0,0.0,0.0,0.0,0.024123913,0.0
2,2,0.06768606,0.0,0.845174,0.06301602,0.0,0.0,0.0,0.0,0.0,0.0,0.024123913,0.0
2,2,0.06768606,0.0,0.845174,0.06301602,0.0,0.0,0.0,0.0,0.0,0.0,0.024123913,0.0
2,2,0.06768606,0.0,0.845174,0.06301602,0.0,0.0,0.0,0.0,0.0,0.0,0.024123913,0.0
2,2,0.06768606,0.0,0.845174,0.06301602,0.0,0.0,0.0,0.0,0.0,0.0,0.024123913,0.0
2,2,0.06768606,0.0,0.845174,0.06301602,0.0,0.0,0.0,0.0,0.0,0.0,0.024123913,0.0
2,2,0.06768606,0.0,0.845174,0.06301602,0.0,0.0,0.0,0.0,0.0,0.0,0.024123913,0.0
2,2,0.06768606,0.0,0.845174,0.06301602,0.0,0.0,0.0,0.0,0.0,0.0,0.024123913,0.0
2,2,0.06768606,0.0,0.845174,0.06301602,0.0,0.0,0.0,0.0,0.0,0.0,0.024123913,0.0
2,2,0.06768606,0.0,0.845174,0.06301602,0.0,0.0,0.0,0.0,0.0,0.0,0.024123913,0.0
2,2,0.06768606,0.0,0.845174,0.06301602,0.0,0.0,0.0,0.0,0.0,0.0,0.024123913,0.0
2,2,0.06768606,0.0,0.845174,0.06301602,0.0,0.0,0.0,0.0,0.0,0.0,0.024123913,0.0
2,2,0.06768606,0.0,0.845174,0.06301602,0.0,0.0,0.0,0.0,0.0,0.0,0.024123913,0.0
2,2,0.06768606,0.0,0.845174,0.06301602,0.0,0.0,0.0,0.0,0.0,0.0,0.024123913,0.0
2,2,0.06768606,0.0,0.845174,0.06301602,0.0,0.0,0.0,0.0,0.0,0.0,0.024123913,0.0
2,2,0.06768606,0.0,0.845174,0.06301602,0.0,0.0,0.0,0.0,0.0,0.0,0.024123913,0.0
2,2,0.06768606,0.0,0.845174,0.06301602,0.0,0.0,0.0,0.0,0.0,0.0,0.024123913,0.0
2,2,0.06768606,0.0,0.845174,0.06301602,0.0,0.0,0.0,0.0,0.0,0.0,0.024123913,0.0
2,2,0.06768606,0.0,0.845174,0.06301602,0.0,0.0,0.0,0.0,0.0,0.0,0.024123913,0.0
2,2,0.06768606,0.0,0.845174,0.06301602,0.0,0.0,0.0,0.0,0.0,0.0,0.024123913,0.0
2,2,0.06768606,0.0,0.845174,0.06301602,0.0,0.0,0.0,0.0,0.0,0.0,0.024123913,0.0
2,2,0.06768606,0.0,0.845174,0.06301602,0.0,0.0,0.0,0.0,0.0,0.0,0.024123913,0.0
2,2,0.06768606,0.0,0.845174,0.06301602,0.0,0.0,0.0,0.0,0.0,0.0,0.024123913,0.0
2,2,0.06768606,0.0,0.845174,0.06301602,0.0,0.0,0.0,0.0,0.0,0.0,0.024123913,0.0
2,2,0.06768606,0.0,0.845174,0.06301602,0.0,0.0,0.0,0.0,0.0,0.0,0.024123913,0.0
2,2,0.06768606,0.0,0.845174,0.06301602,0.0,0.0,0.0,0.0,0.0,0.0,0.024123913,0.0
2,2,0.06768606,0.0,0.845174,0.06301602,0.0,0.0,0.0,0.0,0.0,0.0,0.024123913,0.0
2,2,0.06768606,0.0,0.845174,0.06301602,0.0,0.0,0.0,0.0,0.0,0.0,0.024123913,0.0
2,2,0.06768606,0.0,0.845174,0.06301602,0.0,0.0,0.0,0.0,0.0,0.0,0.024123913,0.0
2,2,0.06768606,0.0,0.845174,0.06301602,0.0,0.0,0.0,0.0,0.0,0.0,0.024123913,0.0
2,2,0.06768606,0.0,0.845174,0.06301602,0.0,0.0,0.0,0.0,0.0,0.0,0.024123913,0.0
2,2,0.06768606,0.0,0.845174,0.06301602,0.0,0.0,0.0,0.0,0.0,0.0,0.024123913,0.0
2,2,0.06768606,0.0,0.845174,0.06301602,0.0,0.0,0.0,0.0,0.0,0.0,0.024123913,0.0
2,2,0.06768606,0.0,0.845174,0.06301602,0.0,0.0,0.0,0.0,0.0,0.0,0.024123913,0.0
2,2,0.06768606,0.0,0.845174,0.06301602,0.0,0.0,0.0,0.0,0.0,0.0,0.024123913,0.0
2,2,0.06768606,0.0,0.845174,0.06301602,0.0,0.0,0.0,0.0,0.0,0.0,0.024123913,0.0
2,2,0.06768606,0.0,0.845174,0.06301602,0.0,0.0,0.0,0.0,0.0,0.0,0.024123913,0.0
2,2,0.06768606,0.0,0.845174,0.06301602,0.0,0.0,0.0,0.0,0.0,0.0,0.024123913,0.0
2,2,0.06768606,0.0,0.845174,0.06301602,0.0,0.0,0.0,0.0,0.0,0.0,0.024123913,0.0
2,2,0.06768606,0.0,0.845174,0.06301602,0.0,0.0,0.0,0.0,0.0,0.0,0.024123913,0.0
2,2,0.06768606,0.0,0.845174,0.06301602,0.0,0.0,0.0,0.0,0.0,0.0,0.024123913,0.0
2,2,0.06768606,0.0,0.845174,0.06301602,0.0,0.0,0.0,0.0,0.0,0.0,0.024123913,0.0
2,2,0.06768606,0.0,0.845174,0.06301602,0.0,0.0,0.0,0.0,0.0,0.0,0.024123913,0.0
2,2,0.06768606,0.0,0.845174,0.06301602,0.0,0.0,0.0,0.0,0.0,0.0,0.024123913,0.0
2,2,0.06768606,0.0,0.845174,0.06301602,0.0,0.0,0.0,0.0,0.0,0.0,0.024123913,0.0
2,2,0.06768606,0.0,0.845174,0.06301602,0.0,0.0,0.0,0.0,0.0,0.0,0.024123913,0.0
2,2,0.06768606,0.0,0.845174,0.06301602,0.0,0.0,0.0,0.0,0.0,0.0,0.024123913,0.0
2,2,0.06768606,0.0,0.845174,0.06301602,0.0,0.0,0.0,0.0,0.0,0.0,0.024123913,0.0
2,2,0.06768606,0.0,0.845174,0.06301602,0.0,0.0,0.0,0.0,0.0,0.0,0.024123913,0.0
2,2,0.06768606,0.0,0.845174,0.06301602,0.0,0.0,0.0,0.0,0.0,0.0,0.024123913,0.0
2,2,0.06768606,0.0,0.845174,0.06301602,0.0,0.0,0.0,0.0,0.0,0.0,0.024123913,0.0
2,2,0.06768606,0.0,0.845174,0.06301602,0.0,0.0,0.0,0.0,0.0,0.0,0.024123913,0.0
2,2,0.06768606,0.0,0.845174,0.06301602,0.0,0.0,0.0,0.0,0.0,0.0,0.024123913,0.0
2,2,0.06768606,0.0,0.845174,0.06301602,0.0,0.0,0.0,0.0,0.0,0.0,0.024123913,0.0
2,2,0.06768606,0.0,0.845174,0.06301602,0.0,0.0,0.0,0.0,0.0,0.0,0.024123913,0.0
2,2,0.06768606,0.0,0.845174,0.06301602,0.0,0.0,0.0,0.0,0.0,0.0,0.024123913,0.0
2,2,0.06768606,0.0,0.845174,0.06301602,0.0,0.0,0.0,0.0,0.0,0.0,0.024123913,0.0
2,2,0.06768606,0.0,0.845174,0.06301602,0.0,0.0,0.0,0.0,0.0,0.0,0.024123913,0.0
2,2,0.06768606,0.0,0.845174,0.06301602,0.0,0.0,0.0,0.0,0.0,0.0,0.024123913,0.0
2,2,0.06768606,0.0,0.845174,0.06301602,0.0,0.0,0.0,0.0,0.0,0.0,0.024123913,0.0
2,2,0.06768606,0.0,0.845174,0.06301602,0.0,0.0,0.0,0.0,0.0,0.0,0.024123913,0.0
2,2,0.06768606,0.0,0.845174,0.06301602,0.0,0.0,0.0,0.0,0.0,0.0,0.024123913,0.0
2,2,0.06768606,0.0,0.845174,0.06301602,0.0,0.0,0.0,0.0,0.0,0.0,0.024123913,0.0
2,2,0.1307021,0.0,0.845174,0.0,0.0,0.0,0.0,0.0,0.0,0.0,0.024123915,0.0
2,2,0.1307021,0.0,0.845174,0.0,0.0,0.0,0.0,0.0,0.0,0.0,0.024123915,0.0
2,2,0.1307021,0.0,0.845174,0.0,0.0,0.0,0.0,0.0,0.0,0.0,0.024123915,0.0
2,2,0.1307021,0.0,0.845174,0.0,0.0,0.0,0.0,0.0,0.0,0.0,0.024123915,0.0
2,2,0.1307021,0.0,0.845174,0.0,0.0,0.0,0.0,0.0,0.0,0.0,0.024123915,0.0
2,2,0.1307021,0.0,0.845174,0.0,0.0,0.0,0.0,0.0,0.0,0.0,0.024123915,0.0
2,2,0.1307021,0.0,0.845174,0.0,0.0,0.0,0.0,0.0,0.0,0.0,0.024123915,0.0
2,2,0.1307021,0.0,0.845174,0.0,0.0,0.0,0.0,0.0,0.0,0.0,0.024123915,0.0
2,2,0.1307021,0.0,0.845174,0.0,0.0,0.0,0.0,0.0,0.0,0.0,0.024123915,0.0
2,2,0.1307021,0.0,0.845174,0.0,0.0,0.0,0.0,0.0,0.0,0.0,0.024123915,0.0
2,2,0.1307021,0.0,0.845174,0.0,0.0,0.0,0.0,0.0,0.0,0.0,0.024123915,0.0
2,2,0.1307021,0.0,0.845174,0.0,0.0,0.0,0.0,0.0,0.0,0.0,0.024123915,0.0
2,2,0.1307021,0.0,0.845174,0.0,0.0,0.0,0.0,0.0,0.0,0.0,0.024123915,0.0
2,2,0.1307021,0.0,0.845174,0.0,0.0,0.0,0.0,0.0,0.0,0.0,0.024123915,0.0
2,2,0.1307021,0.0,0.845174,0.0,0.0,0.0,0.0,0.0,0.0,0.0,0.024123915,0.0
2,2,0.1307021,0.0,0.845174,0.0,0.0,0.0,0.0,0.0,0.0,0.0,0.024123915,0.0
2,2,0.1307021,0.0,0.845174,0.0,0.0,0.0,0.0,0.0,0.0,0.0,0.024123915,0.0
2,2,0.1307021,0.0,0.845174,0.0,0.0,0.0,0.0,0.0,0.0,0.0,0.024123915,0.0
2,2,0.1307021,0.0,0.845174,0.0,0.0,0.0,0.0,0.0,0.0,0.0,0.024123915,0.0
2,2,0.1307021,0.0,0.845174,0.0,0.0,0.0,0.0,0.0,0.0,0.0,0.024123915,0.0
2,2,0.1307021,0.0,0.845174,0.0,0.0,0.0,0.0,0.0,0.0,0.0,0.024123915,0.0
2,2,0.1307021,0.0,0.845174,0.0,0.0,0.0,0.0,0.0,0.0,0.0,0.024123915,0.0
2,2,0.1307021,0.0,0.845174,0.0,0.0,0.0,0.0,0.0,0.0,0.0,0.024123915,0.0
2,2,0.1307021,0.0,0.845174,0.0,0.0,0.0,0.0,0.0,0.0,0.0,0.024123915,0.0
2,2,0.1307021,0.0,0.845174,0.0,0.0,0.0,0.0,0.0,0.0,0.0,0.024123915,0.0
2,2,0.1307021,0.0,0.845174,0.0,0.0,0.0,0.0,0.0,0.0,0.0,0.024123915,0.0
2,2,0.1307021,0.0,0.845174,0.0,0.0,0.0,0.0,0.0,0.0,0.0,0.024123915,0.0
2,2,0.1307021,0.0,0.845174,0.0,0.0,0.0,0.0,0.0,0.0,0.0,0.024123915,0.0
2,2,0.1307021,0.0,0.845174,0.0,0.0,0.0,0.0,0.0,0.0,0.0,0.024123915,0.0
2,2,0.1307021,0.0,0.845174,0.0,0.0,0.0,0.0,0.0,0.0,0.0,0.024123915,0.0
2,2,0.1307021,0.0,0.845174,0.0,0.0,0.0,0.0,0.0,0.0,0.0,0.024123915,0.0
2,2,0.1307021,0.0,0.845174,0.0,0.0,0.0,0.0,0.0,0.0,0.0,0.024123915,0.0
2,2,0.1307021,0.0,0.845174,0.0,0.0,0.0,0.0,0.0,0.0,0.0,0.024123915,0.0
2,2,0.1307021,0.0,0.845174,0.0,0.0,0.0,0.0,0.0,0.0,0.0,0.024123915,0.0
2,2,0.1307021,0.0,0.845174,0.0,0.0,0.0,0.0,0.0,0.0,0.0,0.024123915,0.0
2,2,0.1307021,0.0,0.845174,0.0,0.0,0.0,0.0,0.0,0.0,0.0,0.024123915,0.0
2,2,0.1307021,0.0,0.845174,0.0,0.0,0.0,0.0,0.0,0.0,0.0,0.024123915,0.0
2,2,0.1307021,0.0,0.845174,0.0,0.0,0.0,0.0,0.0,0.0,0.0,0.024123915,0.0
2,2,0.1307021,0.0,0.845174,0.0,0.0,0.0,0.0,0.0,0.0,0.0,0.024123915,0.0
2,2,0.1307021,0.0,0.845174,0.0,0.0,0.0,0.0,0.0,0.0,0.0,0.024123915,0.0
2,2,0.1307021,0.0,0.845174,0.0,0.0,0.0,0.0,0.0,0.0,0.0,0.024123915,0.0
2,2,0.1307021,0.0,0.845174,0.0,0.0,0.0,0.0,0.0,0.0,0.0,0.024123915,0.0
2,2,0.1307021,0.0,0.845174,0.0,0.0,0.0,0.0,0.0,0.0,0.0,0.024123915,0.0
2,2,0.1307021,0.0,0.845174,0.0,0.0,0.0,0.0,0.0,0.0,0.0,0.024123915,0.0
2,2,0.1307021,0.0,0.845174,0.0,0.0,0.0,0.0,0.0,0.0,0.0,0.024123915,0.0
2,2,0.1307021,0.0,0.845174,0.0,0.0,0.0,0.0,0.0,0.0,0.0,0.024123915,0.0
2,2,0.1307021,0.0,0.845174,0.0,0.0,0.0,0.0,0.0,0.0,0.0,0.024123915,0.0
2,2,0.1307021,0.0,0.845174,0.0,0.0,0.0,0.0,0.0,0.0,0.0,0.024123915,0.0
2,2,0.1307021,0.0,0.845174,0.0,0.0,0.0,0.0,0.0,0.0,0.0,0.024123915,0.0
2,2,0.1307021,0.0,0.845174,0.0,0.0,0.0,0.0,0.0,0.0,0.0,0.024123915,0.0
2,2,0.1307021,0.0,0.845174,0.0,0.0,0.0,0.0,0.0,0.0,0.0,0.024123915,0.0
2,2,0.1307021,0.0,0.845174,0.0,0.0,0.0,0.0,0.0,0.0,0.0,0.024123915,0.0
2,2,0.1307021,0.0,0.845174,0.0,0.0,0.0,0.0,0.0,0.0,0.0,0.024123915,0.0
2,2,0.1307021,0.0,0.845174,0.0,0.0,0.0,0.0,0.0,0.0,0.0,0.024123915,0.0
2,2,0.1307021,0.0,0.845174,0.0,0.0,0.0,0.0,0.0,0.0,0.0,0.024123915,0.0
2,2,0.1307021,0.0,0.845174,0.0,0.0,0.0,0.0,0.0,0.0,0.0,0.024123915,0.0
2,2,0.1307021,0.0,0.845174,0.0,0.0,0.0,0.0,0.0,0.0,0.0,0.024123915,0.0
2,2,0.1307021,0.0,0.845174,0.0,0.0,0.0,0.0,0.0,0.0,0.0,0.024123915,0.0
2,2,0.1307021,0.0,0.845174,0.0,0.0,0.0,0.0,0.0,0.0,0.0,0.024123915,0.0
2,2,0.1307021,0.0,0.845174,0.0,0.0,0.0,0.0,0.0,0.0,0.0,0.024123915,0.0
2,2,0.1307021,0.0,0.845174,0.0,0.0,0.0,0.0,0.0,0.0,0.0,0.024123915,0.0
2,2,0.1307021,0.0,0.845174,0.0,0.0,0.0,0.0,0.0,0.0,0.0,0.024123915,0.0
2,2,0.1307021,0.0,0.845174,0.0,0.0,0.0,0.0,0.0,0.0,0.0,0.024123915,0.0
2,2,0.1307021,0.0,0.845174,0.0,0.0,0.0,0.0,0.0,0.0,0.0,0.024123915,0.0
2,2,0.1307021,0.0,0.845174,0.0,0.0,0.0,0.0,0.0,0.0,0.0,0.024123915,0.0
2,2,0.1307021,0.0,0.845174,0.0,0.0,0.0,0.0,0.0,0.0,0.0,0.024123915,0.0
2,2,0.1307021,0.0,0.845174,0.0,0.0,0.0,0.0,0.0,0.0,0.0,0.024123915,0.0
2,2,0.1307021,0.0,0.845174,0.0,0.0,0.0,0.0,0.0,0.0,0.0,0.024123915,0.0
2,2,0.1307021,0.0,0.845174,0.0,0.0,0.0,0.0,0.0,0.0,0.0,0.024123915,0.0
2,2,0.1307021,0.0,0.845174,0.0,0.0,0.0,0.0,0.0,0.0,0.0,0.024123915,0.0
2,2,0.1307021,0.0,0.845174,0.0,0.0,0.0,0.0,0.0,0.0,0.0,0.024123915,0.0
2,2,0.1307021,0.0,0.845174,0.0,0.0,0.0,0.0,0.0,0.0,0.0,0.024123915,0.0
2,2,0.1307021,0.0,0.845174,0.0,0.0,0.0,0.0,0.0,0.0,0.0,0.024123915,0.0
2,2,0.1307021,0.0,0.845174,0.0,0.0,0.0,0.0,0.0,0.0,0.0,0.024123915,0.0
2,2,0.1307021,0.0,0.845174,0.0,0.0,0.0,0.0,0.0,0.0,0.0,0.024123915,0.0
2,2,0.1307021,0.0,0.845174,0.0,0.0,0.0,0.0,0.0,0.0,0.0,0.024123915,0.0
2,2,0.1307021,0.0,0.845174,0.0,0.0,0.0,0.0,0.0,0.0,0.0,0.024123915,0.0
2,2,0.1307021,0.0,0.845174,0.0,0.0,0.0,0.0,0.0,0.0,0.0,0.024123915,0.0
2,2,0.1307021,0.0,0.845174,0.0,0.0,0.0,0.0,0.0,0.0,0.0,0.024123915,0.0
2,2,0.1307021,0.0,0.845174,0.0,0.0,0.0,0.0,0.0,0.0,0.0,0.024123915,0.0
2,2,0.1307021,0.0,0.845174,0.0,0.0,0.0,0.0,0.0,0.0,0.0,0.024123915,0.0
2,2,0.1307021,0.0,0.845174,0.0,0.0,0.0,0.0,0.0,0.0,0.0,0.024123915,0.0
2,2,0.1307021,0.0,0.845174,0.0,0.0,0.0,0.0,0.0,0.0,0.0,0.024123915,0.0
2,2,0.1307021,0.0,0.845174,0.0,0.0,0.0,0.0,0.0,0.0,0.0,0.024123915,0.0
2,2,0.1307021,0.0,0.845174,0.0,0.0,0.0,0.0,0.0,0.0,0.0,0.024123915,0.0
2,2,0.1307021,0.0,0.845174,0.0,0.0,0.0,0.0,0.0,0.0,0.0,0.024123915,0.0
2,2,0.1307021,0.0,0.845174,0.0,0.0,0.0,0.0,0.0,0.0,0.0,0.024123915,0.0
2,2,0.1307021,0.0,0.845174,0.0,0.0,0.0,0.0,0.0,0.0,0.0,0.024123915,0.0
2,2,0.1307021,0.0,0.845174,0.0,0.0,0.0,0.0,0.0,0.0,0.0,0.024123915,0.0
2,2,0.1307021,0.0,0.845174,0.0,0.0,0.0,0.0,0.0,0.0,0.0,0.024123915,0.0
2,2,0.1307021,0.0,0.845174,0.0,0.0,0.0,0.0,0.0,0.0,0.0,0.024123915,0.0
2,2,0.1307021,0.0,0.845174,0.0,0.0,0.0,0.0,0.0,0.0,0.0,0.024123915,0.0
2,2,0.1307021,0.0,0.845174,0.0,0.0,0.0,0.0,0.0,0.0,0.0,0.024123915,0.0
2,2,0.1307021,0.0,0.845174,0.0,0.0,0.0,0.0,0.0,0.0,0.0,0.024123915,0.0
2,2,0.1307021,0.0,0.845174,0.0,0.0,0.0,0.0,0.0,0.0,0.0,0.024123915,0.0
2,2,0.1307021,0.0,0.845174,0.0,0.0,0.0,0.0,0.0,0.0,0.0,0.024123915,0.0
2,2,0.1307021,0.0,0.845174,0.0,0.0,0.0,0.0,0.0,0.0,0.0,0.024123915,0.0
2,2,0.1307021,0.0,0.845174,0.0,0.0,0.0,0.0,0.0,0.0,0.0,0.024123915,0.0
2,2,0.1307021,0.0,0.845174,0.0,0.0,0.0,0.0,0.0,0.0,0.0,0.024123915,0.0
2,2,0.1307021,0.0,0.845174,0.0,0.0,0.0,0.0,0.0,0.0,0.0,0.024123915,0.0
2,2,0.1307021,0.0,0.845174,0.0,0.0,0.0,0.0,0.0,0.0,0.0,0.024123915,0.0
2,2,0.1307021,0.0,0.845174,0.0,0.0,0.0,0.0,0.0,0.0,0.0,0.024123915,0.0
2,2,0.1307021,0.0,0.845174,0.0,0.0,0.0,0.0,0.0,0.0,0.0,0.024123915,0.0
2,2,0.1307021,0.0,0.845174,0.0,0.0,0.0,0.0,0.0,0.0,0.0,0.024123915,0.0
2,2,0.1307021,0.0,0.845174,0.0,0.0,0.0,0.0,0.0,0.0,0.0,0.024123915,0.0
2,2,0.1307021,0.0,0.845174,0.0,0.0,0.0,0.0,0.0,0.0,0.0,0.024123915,0.0
2,2,0.1307021,0.0,0.845174,0.0,0.0,0.0,0.0,0.0,0.0,0.0,0.024123915,0.0
2,2,0.1307021,0.0,0.845174,0.0,0.0,0.0,0.0,0.0,0.0,0.0,0.024123915,0.0
2,2,0.1307021,0.0,0.845174,0.0,0.0,0.0,0.0,0.0,0.0,0.0,0.024123915,0.0
2,2,0.1307021,0.0,0.845174,0.0,0.0,0.0,0.0,0.0,0.0,0.0,0.024123915,0.0
2,2,0.1307021,0.0,0.845174,0.0,0.0,0.0,0.0,0.0,0.0,0.0,0.024123915,0.0
2,2,0.1307021,0.0,0.845174,0.0,0.0,0.0,0.0,0.0,0.0,0.0,0.024123915,0.0
2,2,0.1307021,0.0,0.845174,0.0,0.0,0.0,0.0,0.0,0.0,0.0,0.024123915,0.0
2,2,0.1307021,0.0,0.845174,0.0,0.0,0.0,0.0,0.0,0.0,0.0,0.024123915,0.0
2,2,0.1307021,0.0,0.845174,0.0,0.0,0.0,0.0,0.0,0.0,0.0,0.024123915,0.0
2,2,0.1307021,0.0,0.845174,0.0,0.0,0.0,0.0,0.0,0.0,0.0,0.024123915,0.0
2,2,0.1307021,0.0,0.845174,0.0,0.0,0.0,0.0,0.0,0.0,0.0,0.024123915,0.0
2,2,0.1307021,0.0,0.845174,0.0,0.0,0.0,0.0,0.0,0.0,0.0,0.024123915,0.0
2,2,0.1307021,0.0,0.845174,0.0,0.0,0.0,0.0,0.0,0.0,0.0,0.024123915,0.0
2,2,0.1307021,0.0,0.845174,0.0,0.0,0.0,0.0,0.0,0.0,0.0,0.024123915,0.0
2,2,0.1307021,0.0,0.845174,0.0,0.0,0.0,0.0,0.0,0.0,0.0,0.024123915,0.0
2,2,0.1307021,0.0,0.845174,0.0,0.0,0.0,0.0,0.0,0.0,0.0,0.024123915,0.0
2,2,0.1307021,0.0,0.845174,0.0,0.0,0.0,0.0,0.0,0.0,0.0,0.024123915,0.0
2,2,0.1307021,0.0,0.845174,0.0,0.0,0.0,0.0,0.0,0.0,0.0,0.024123915,0.0
2,2,0.1307021,0.0,0.845174,0.0,0.0,0.0,0.0,0.0,0.0,0.0,0.024123915,0.0
2,2,0.1307021,0.0,0.845174,0.0,0.0,0.0,0.0,0.0,0.0,0.0,0.024123915,0.0
2,2,0.1307021,0.0,0.845174,0.0,0.0,0.0,0.0,0.0,0.0,0.0,0.024123915,0.0
2,2,0.1307021,0.0,0.845174,0.0,0.0,0.0,0.0,0.0,0.0,0.0,0.024123915,0.0
2,2,0.1307021,0.0,0.845174,0.0,0.0,0.0,0.0,0.0,0.0,0.0,0.024123915,0.0
2,2,0.1307021,0.0,0.845174,0.0,0.0,0.0,0.0,0.0,0.0,0.0,0.024123915,0.0
2,2,0.1307021,0.0,0.845174,0.0,0.0,0.0,0.0,0.0,0.0,0.0,0.024123915,0.0
2,2,0.1307021,0.0,0.845174,0.0,0.0,0.0,0.0,0.0,0.0,0.0,0.024123915,0.0
2,2,0.1307021,0.0,0.845174,0.0,0.0,0.0,0.0,0.0,0.0,0.0,0.024123915,0.0
2,2,0.1307021,0.0,0.845174,0.0,0.0,0.0,0.0,0.0,0.0,0.0,0.024123915,0.0
2,2,0.1307021,0.0,0.845174,0.0,0.0,0.0,0.0,0.0,0.0,0.0,0.024123915,0.0
2,2,0.1307021,0.0,0.845174,0.0,0.0,0.0,0.0,0.0,0.0,0.0,0.024123915,0.0
2,2,0.1307021,0.0,0.845174,0.0,0.0,0.0,0.0,0.0,0.0,0.0,0.024123915,0.0
2,2,0.1307021,0.0,0.845174,0.0,0.0,0.0,0.0,0.0,0.0,0.0,0.024123915,0.0
2,2,0.1307021,0.0,0.845174,0.0,0.0,0.0,0.0,0.0,0.0,0.0,0.024123915,0.0
2,2,0.1307021,0.0,0.845174,0.0,0.0,0.0,0.0,0.0,0.0,0.0,0.024123915,0.0
2,2,0.1307021,0.0,0.845174,0.0,0.0,0.0,0.0,0.0,0.0,0.0,0.024123915,0.0
2,2,0.1307021,0.0,0.845174,0.0,0.0,0.0,0.0,0.0,0.0,0.0,0.024123915,0.0
2,2,0.1307021,0.0,0.845174,0.0,0.0,0.0,0.0,0.0,0.0,0.0,0.024123915,0.0
2,2,0.1307021,0.0,0.845174,0.0,0.0,0.0,0.0,0.0,0.0,0.0,0.024123915,0.0
2,2,0.17068094,0.0,0.80519515,0.0,0.0,0.0,0.0,0.0,0.0,0.0,0.024123915,0.0
2,2,0.17068094,0.0,0.80519515,0.0,0.0,0.0,0.0,0.0,0.0,0.0,0.024123915,0.0
2,2,0.17068094,0.0,0.80519515,0.0,0.0,0.0,0.0,0.0,0.0,0.0,0.024123915,0.0
2,2,0.17068094,0.0,0.80519515,0.0,0.0,0.0,0.0,0.0,0.0,0.0,0.024123915,0.0
2,2,0.17068094,0.0,0.80519515,0.0,0.0,0.0,0.0,0.0,0.0,0.0,0.024123915,0.0
2,2,0.17068094,0.0,0.80519515,0.0,0.0,0.0,0.0,0.0,0.0,0.0,0.024123915,0.0
2,2,0.17068094,0.0,0.80519515,0.0,0.0,0.0,0.0,0.0,0.0,0.0,0.024123915,0.0
2,2,0.17068094,0.0,0.80519515,0.0,0.0,0.0,0.0,0.0,0.0,0.0,0.024123915,0.0
2,2,0.17068094,0.0,0.80519515,0.0,0.0,0.0,0.0,0.0,0.0,0.0,0.024123915,0.0
2,2,0.17068094,0.0,0.80519515,0.0,0.0,0.0,0.0,0.0,0.0,0.0,0.024123915,0.0
2,2,0.17068094,0.0,0.80519515,0.0,0.0,0.0,0.0,0.0,0.0,0.0,0.024123915,0.0
2,2,0.17068094,0.0,0.80519515,0.0,0.0,0.0,0.0,0.0,0.0,0.0,0.024123915,0.0
2,2,0.17068094,0.0,0.80519515,0.0,0.0,0.0,0.0,0.0,0.0,0.0,0.024123915,0.0
2,2,0.17068094,0.0,0.80519515,0.0,0.0,0.0,0.0,0.0,0.0,0.0,0.024123915,0.0
2,2,0.17068094,0.0,0.80519515,0.0,0.0,0.0,0.0,0.0,0.0,0.0,0.024123915,0.0
2,2,0.17068094,0.0,0.80519515,0.0,0.0,0.0,0.0,0.0,0.0,0.0,0.024123915,0.0
2,2,0.17068094,0.0,0.80519515,0.0,0.0,0.0,0.0,0.0,0.0,0.0,0.024123915,0.0
2,2,0.17068094,0.0,0.80519515,0.0,0.0,0.0,0.0,0.0,0.0,0.0,0.024123915,0.0
2,2,0.17068094,0.0,0.80519515,0.0,0.0,0.0,0.0,0.0,0.0,0.0,0.024123915,0.0
2,2,0.17068094,0.0,0.80519515,0.0,0.0,0.0,0.0,0.0,0.0,0.0,0.024123915,0.0
2,2,0.17068094,0.0,0.80519515,0.0,0.0,0.0,0.0,0.0,0.0,0.0,0.024123915,0.0
2,2,0.17068094,0.0,0.80519515,0.0,0.0,0.0,0.0,0.0,0.0,0.0,0.024123915,0.0
2,2,0.17068094,0.0,0.80519515,0.0,0.0,0.0,0.0,0.0,0.0,0.0,0.024123915,0.0
2,2,0.17068094,0.0,0.80519515,0.0,0.0,0.0,0.0,0.0,0.0,0.0,0.024123915,0.0
2,2,0.17068094,0.0,0.80519515,0.0,0.0,0.0,0.0,0.0,0.0,0.0,0.024123915,0.0
2,2,0.17068094,0.0,0.80519515,0.0,0.0,0.0,0.0,0.0,0.0,0.0,0.024123915,0.0
2,2,0.17068094,0.0,0.80519515,0.0,0.0,0.0,0.0,0.0,0.0,0.0,0.024123915,0.0
2,2,0.17068094,0.0,0.80519515,0.0,0.0,0.0,0.0,0.0,0.0,0.0,0.024123915,0.0
2,2,0.17068094,0.0,0.80519515,0.0,0.0,0.0,0.0,0.0,0.0,0.0,0.024123915,0.0
2,2,0.17068094,0.0,0.80519515,0.0,0.0,0.0,0.0,0.0,0.0,0.0,0.024123915,0.0
2,2,0.17068094,0.0,0.80519515,0.0,0.0,0.0,0.0,0.0,0.0,0.0,0.024123915,0.0
2,2,0.17068094,0.0,0.80519515,0.0,0.0,0.0,0.0,0.0,0.0,0.0,0.024123915,0.0
2,2,0.17068094,0.0,0.80519515,0.0,0.0,0.0,0.0,0.0,0.0,0.0,0.024123915,0.0
2,2,0.17068094,0.0,0.80519515,0.0,0.0,0.0,0.0,0.0,0.0,0.0,0.024123915,0.0
2,2,0.17068094,0.0,0.80519515,0.0,0.0,0.0,0.0,0.0,0.0,0.0,0.024123915,0.0
2,2,0.17068094,0.0,0.80519515,0.0,0.0,0.0,0.0,0.0,0.0,0.0,0.024123915,0.0
2,2,0.17068094,0.0,0.80519515,0.0,0.0,0.0,0.0,0.0,0.0,0.0,0.024123915,0.0
2,2,0.17068094,0.0,0.80519515,0.0,0.0,0.0,0.0,0.0,0.0,0.0,0.024123915,0.0
2,2,0.17068094,0.0,0.80519515,0.0,0.0,0.0,0.0,0.0,0.0,0.0,0.024123915,0.0
2,2,0.17068094,0.0,0.80519515,0.0,0.0,0.0,0.0,0.0,0.0,0.0,0.024123915,0.0
2,2,0.17068094,0.0,0.80519515,0.0,0.0,0.0,0.0,0.0,0.0,0.0,0.024123915,0.0
2,2,0.17068094,0.0,0.80519515,0.0,0.0,0.0,0.0,0.0,0.0,0.0,0.024123915,0.0
2,2,0.17068094,0.0,0.80519515,0.0,0.0,0.0,0.0,0.0,0.0,0.0,0.024123915,0.0
2,2,0.17068094,0.0,0.80519515,0.0,0.0,0.0,0.0,0.0,0.0,0.0,0.024123915,0.0
2,2,0.17068094,0.0,0.80519515,0.0,0.0,0.0,0.0,0.0,0.0,0.0,0.024123915,0.0
2,2,0.17068094,0.0,0.80519515,0.0,0.0,0.0,0.0,0.0,0.0,0.0,0.024123915,0.0
2,2,0.17068094,0.0,0.80519515,0.0,0.0,0.0,0.0,0.0,0.0,0.0,0.024123915,0.0
2,2,0.17068094,0.0,0.80519515,0.0,0.0,0.0,0.0,0.0,0.0,0.0,0.024123915,0.0
2,2,0.17068094,0.0,0.80519515,0.0,0.0,0.0,0.0,0.0,0.0,0.0,0.024123915,0.0
2,2,0.17068094,0.0,0.80519515,0.0,0.0,0.0,0.0,0.0,0.0,0.0,0.024123915,0.0
2,2,0.17068094,0.0,0.80519515,0.0,0.0,0.0,0.0,0.0,0.0,0.0,0.024123915,0.0
2,2,0.17068094,0.0,0.80519515,0.0,0.0,0.0,0.0,0.0,0.0,0.0,0.024123915,0.0
2,2,0.17068094,0.0,0.80519515,0.0,0.0,0.0,0.0,0.0,0.0,0.0,0.024123915,0.0
2,2,0.17068094,0.0,0.80519515,0.0,0.0,0.0,0.0,0.0,0.0,0.0,0.024123915,0.0
2,2,0.17068094,0.0,0.80519515,0.0,0.0,0.0,0.0,0.0,0.0,0.0,0.024123915,0.0
2,2,0.17068094,0.0,0.80519515,0.0,0.0,0.0,0.0,0.0,0.0,0.0,0.024123915,0.0
2,2,0.17068094,0.0,0.80519515,0.0,0.0,0.0,0.0,0.0,0.0,0.0,0.024123915,0.0
2,2,0.17068094,0.0,0.80519515,0.0,0.0,0.0,0.0,0.0,0.0,0.0,0.024123915,0.0
2,2,0.17068094,0.0,0.80519515,0.0,0.0,0.0,0.0,0.0,0.0,0.0,0.024123915,0.0
2,2,0.17068094,0.0,0.80519515,0.0,0.0,0.0,0.0,0.0,0.0,0.0,0.024123915,0.0
2,2,0.17068094,0.0,0.80519515,0.0,0.0,0.0,0.0,0.0,0.0,0.0,0.024123915,0.0
2,2,0.17068094,0.0,0.80519515,0.0,0.0,0.0,0.0,0.0,0.0,0.0,0.024123915,0.0
2,2,0.17068094,0.0,0.80519515,0.0,0.0,0.0,0.0,0.0,0.0,0.0,0.024123915,0.0
2,2,0.17068094,0.0,0.80519515,0.0,0.0,0.0,0.0,0.0,0.0,0.0,0.024123915,0.0
2,2,0.17068094,0.0,0.80519515,0.0,0.0,0.0,0.0,0.0,0.0,0.0,0.024123915,0.0
2,2,0.17068094,0.0,0.80519515,0.0,0.0,0.0,0.0,0.0,0.0,0.0,0.024123915,0.0
2,2,0.17068094,0.0,0.80519515,0.0,0.0,0.0,0.0,0.0,0.0,0.0,0.024123915,0.0
2,2,0.17068094,0.0,0.80519515,0.0,0.0,0.0,0.0,0.0,0.0,0.0,0.024123915,0.0
2,2,0.17068094,0.0,0.80519515,0.0,0.0,0.0,0.0,0.0,0.0,0.0,0.024123915,0.0
2,2,0.17068094,0.0,0.80519515,0.0,0.0,0.0,0.0,0.0,0.0,0.0,0.024123915,0.0
2,2,0.17068094,0.0,0.80519515,0.0,0.0,0.0,0.0,0.0,0.0,0.0,0.024123915,0.0
2,2,0.17068094,0.0,0.80519515,0.0,0.0,0.0,0.0,0.0,0.0,0.0,0.024123915,0.0
2,2,0.17068094,0.0,0.80519515,0.0,0.0,0.0,0.0,0.0,0.0,0.0,0.024123915,0.0
2,2,0.17068094,0.0,0.80519515,0.0,0.0,0.0,0.0,0.0,0.0,0.0,0.024123915,0.0
2,2,0.17068094,0.0,0.80519515,0.0,0.0,0.0,0.0,0.0,0.0,0.0,0.024123915,0.0
2,2,0.17068094,0.0,0.80519515,0.0,0.0,0.0,0.0,0.0,0.0,0.0,0.024123915,0.0
2,2,0.17068094,0.0,0.80519515,0.0,0.0,0.0,0.0,0.0,0.0,0.0,0.024123915,0.0
2,2,0.17068094,0.0,0.80519515,0.0,0.0,0.0,0.0,0.0,0.0,0.0,0.024123915,0.0
2,2,0.17068094,0.0,0.80519515,0.0,0.0,0.0,0.0,0.0,0.0,0.0,0.024123915,0.0
2,2,0.17068094,0.0,0.80519515,0.0,0.0,0.0,0.0,0.0,0.0,0.0,0.024123915,0.0
2,2,0.17068094,0.0,0.80519515,0.0,0.0,0.0,0.0,0.0,0.0,0.0,0.024123915,0.0
2,2,0.17068094,0.0,0.80519515,0.0,0.0,0.0,0.0,0.0,0.0,0.0,0.024123915,0.0
2,2,0.17068094,0.0,0.80519515,0.0,0.0,0.0,0.0,0.0,0.0,0.0,0.024123915,0.0
2,2,0.17068094,0.0,0.80519515,0.0,0.0,0.0,0.0,0.0,0.0,0.0,0.024123915,0.0
2,2,0.17068094,0.0,0.80519515,0.0,0.0,0.0,0.0,0.0,0.0,0.0,0.024123915,0.0
2,2,0.17068094,0.0,0.80519515,0.0,0.0,0.0,0.0,0.0,0.0,0.0,0.024123915,0.0
2,2,0.17068094,0.0,0.80519515,0.0,0.0,0.0,0.0,0.0,0.0,0.0,0.024123915,0.0
2,2,0.17068094,0.0,0.80519515,0.0,0.0,0.0,0.0,0.0,0.0,0.0,0.024123915,0.0
2,2,0.17068094,0.0,0.80519515,0.0,0.0,0.0,0.0,0.0,0.0,0.0,0.024123915,0.0
2,2,0.17068094,0.0,0.80519515,0.0,0.0,0.0,0.0,0.0,0.0,0.0,0.024123915,0.0
2,2,0.17068094,0.0,0.80519515,0.0,0.0,0.0,0.0,0.0,0.0,0.0,0.024123915,0.0
2,2,0.17068094,0.0,0.80519515,0.0,0.0,0.0,0.0,0.0,0.0,0.0,0.024123915,0.0
2,2,0.17068094,0.0,0.80519515,0.0,0.0,0.0,0.0,0.0,0.0,0.0,0.024123915,0.0
2,2,0.17068094,0.0,0.80519515,0.0,0.0,0.0,0.0,0.0,0.0,0.0,0.024123915,0.0
2,2,0.17068094,0.0,0.80519515,0.0,0.0,0.0,0.0,0.0,0.0,0.0,0.024123915,0.0
2,2,0.17068094,0.0,0.80519515,0.0,0.0,0.0,0.0,0.0,0.0,0.0,0.024123915,0.0
2,2,0.17068094,0.0,0.80519515,0.0,0.0,0.0,0.0,0.0,0.0,0.0,0.024123915,0.0
2,2,0.17068094,0.0,0.80519515,0.0,0.0,0.0,0.0,0.0,0.0,0.0,0.024123915,0.0
2,2,0.17068094,0.0,0.80519515,0.0,0.0,0.0,0.0,0.0,0.0,0.0,0.024123915,0.0
2,2,0.17068094,0.0,0.80519515,0.0,0.0,0.0,0.0,0.0,0.0,0.0,0.024123915,0.0
2,2,0.17068094,0.0,0.80519515,0.0,0.0,0.0,0.0,0.0,0.0,0.0,0.024123915,0.0
2,2,0.17068094,0.0,0.80519515,0.0,0.0,0.0,0.0,0.0,0.0,0.0,0.024123915,0.0
2,2,0.17068094,0.0,0.80519515,0.0,0.0,0.0,0.0,0.0,0.0,0.0,0.024123915,0.0
2,2,0.17068094,0.0,0.80519515,0.0,0.0,0.0,0.0,0.0,0.0,0.0,0.024123915,0.0
2,2,0.17068094,0.0,0.80519515,0.0,0.0,0.0,0.0,0.0,0.0,0.0,0.024123915,0.0
2,2,0.17068094,0.0,0.80519515,0.0,0.0,0.0,0.0,0.0,0.0,0.0,0.024123915,0.0
2,2,0.17068094,0.0,0.80519515,0.0,0.0,0.0,0.0,0.0,0.0,0.0,0.024123915,0.0
2,2,0.17068094,0.0,0.80519515,0.0,0.0,0.0,0.0,0.0,0.0,0.0,0.024123915,0.0
2,2,0.17068094,0.0,0.80519515,0.0,0.0,0.0,0.0,0.0,0.0,0.0,0.024123915,0.0
2,2,0.17068094,0.0,0.80519515,0.0,0.0,0.0,0.0,0.0,0.0,0.0,0.024123915,0.0
2,2,0.17068094,0.0,0.80519515,0.0,0.0,0.0,0.0,0.0,0.0,0.0,0.024123915,0.0
2,2,0.17068094,0.0,0.80519515,0.0,0.0,0.0,0.0,0.0,0.0,0.0,0.024123915,0.0
2,2,0.17068094,0.0,0.80519515,0.0,0.0,0.0,0.0,0.0,0.0,0.0,0.024123915,0.0
2,2,0.17068094,0.0,0.80519515,0.0,0.0,0.0,0.0,0.0,0.0,0.0,0.024123915,0.0
2,2,0.17068094,0.0,0.80519515,0.0,0.0,0.0,0.0,0.0,0.0,0.0,0.024123915,0.0
2,2,0.17068094,0.0,0.80519515,0.0,0.0,0.0,0.0,0.0,0.0,0.0,0.024123915,0.0
2,2,0.17068094,0.0,0.80519515,0.0,0.0,0.0,0.0,0.0,0.0,0.0,0.024123915,0.0
2,2,0.17068094,0.0,0.80519515,0.0,0.0,0.0,0.0,0.0,0.0,0.0,0.024123915,0.0
2,2,0.17068094,0.0,0.80519515,0.0,0.0,0.0,0.0,0.0,0.0,0.0,0.024123915,0.0
2,2,0.17068094,0.0,0.80519515,0.0,0.0,0.0,0.0,0.0,0.0,0.0,0.024123915,0.0
2,2,0.17068094,0.0,0.80519515,0.0,0.0,0.0,0.0,0.0,0.0,0.0,0.024123915,0.0
2,2,0.17068094,0.0,0.80519515,0.0,0.0,0.0,0.0,0.0,0.0,0.0,0.024123915,0.0
2,2,0.17068094,0.0,0.80519515,0.0,0.0,0.0,0.0,0.0,0.0,0.0,0.024123915,0.0
2,2,0.17068094,0.0,0.80519515,0.0,0.0,0.0,0.0,0.0,0.0,0.0,0.024123915,0.0
2,2,0.17068094,0.0,0.80519515,0.0,0.0,0.0,0.0,0.0,0.0,0.0,0.024123915,0.0
2,2,0.17068094,0.0,0.80519515,0.0,0.0,0.0,0.0,0.0,0.0,0.0,0.024123915,0.0
2,2,0.17068094,0.0,0.80519515,0.0,0.0,0.0,0.0,0.0,0.0,0.0,0.024123915,0.0
2,2,0.17068094,0.0,0.80519515,0.0,0.0,0.0,0.0,0.0,0.0,0.0,0.024123915,0.0
2,2,0.17068094,0.0,0.80519515,0.0,0.0,0.0,0.0,0.0,0.0,0.0,0.024123915,0.0
2,2,0.17068094,0.0,0.80519515,0.0,0.0,0.0,0.0,0.0,0.0,0.0,0.024123915,0.0
2,2,0.17068094,0.0,0.80519515,0.0,0.0,0.0,0.0,0.0,0.0,0.0,0.024123915,0.0
2,2,0.17068094,0.0,0.80519515,0.0,0.0,0.0,0.0,0.0,0.0,0.0,0.024123915,0.0
2,2,0.17068094,0.0,0.80519515,0.0,0.0,0.0,0.0,0.0,0.0,0.0,0.024123915,0.0
2,2,0.17068094,0.0,0.80519515,0.0,0.0,0.0,0.0,0.0,0.0,0.0,0.024123915,0.0
2,2,0.17068094,0.0,0.80519515,0.0,0.0,0.0,0.0,0.0,0.0,0.0,0.024123915,0.0
2,2,0.17068094,0.0,0.80519515,0.0,0.0,0.0,0.0,0.0,0.0,0.0,0.024123915,0.0
2,2,0.2023189,0.0,0.7735572,0.0,0.0,0.0,0.0,0.0,0.0,0.0,0.024123915,0.0
2,2,0.2023189,0.0,0.7735572,0.0,0.0,0.0,0.0,0.0,0.0,0.0,0.024123915,0.0
2,2,0.2023189,0.0,0.7735572,0.0,0.0,0.0,0.0,0.0,0.0,0.0,0.024123915,0.0
2,2,0.2023189,0.0,0.7735572,0.0,0.0,0.0,0.0,0.0,0.0,0.0,0.024123915,0.0
2,2,0.2023189,0.0,0.7735572,0.0,0.0,0.0,0.0,0.0,0.0,0.0,0.024123915,0.0
2,2,0.2023189,0.0,0.7735572,0.0,0.0,0.0,0.0,0.0,0.0,0.0,0.024123915,0.0
2,2,0.2023189,0.0,0.7735572,0.0,0.0,0.0,0.0,0.0,0.0,0.0,0.024123915,0.0
2,2,0.2023189,0.0,0.7735572,0.0,0.0,0.0,0.0,0.0,0.0,0.0,0.024123915,0.0
2,2,0.2023189,0.0,0.7735572,0.0,0.0,0.0,0.0,0.0,0.0,0.0,0.024123915,0.0
2,2,0.2023189,0.0,0.7735572,0.0,0.0,0.0,0.0,0.0,0.0,0.0,0.024123915,0.0
2,2,0.2023189,0.0,0.7735572,0.0,0.0,0.0,0.0,0.0,0.0,0.0,0.024123915,0.0
2,2,0.2023189,0.0,0.7735572,0.0,0.0,0.0,0.0,0.0,0.0,0.0,0.024123915,0.0
2,2,0.2023189,0.0,0.7735572,0.0,0.0,0.0,0.0,0.0,0.0,0.0,0.024123915,0.0
2,2,0.2023189,0.0,0.7735572,0.0,0.0,0.0,0.0,0.0,0.0,0.0,0.024123915,0.0
2,2,0.2023189,0.0,0.7735572,0.0,0.0,0.0,0.0,0.0,0.0,0.0,0.024123915,0.0
2,2,0.2023189,0.0,0.7735572,0.0,0.0,0.0,0.0,0.0,0.0,0.0,0.024123915,0.0
2,2,0.2023189,0.0,0.7735572,0.0,0.0,0.0,0.0,0.0,0.0,0.0,0.024123915,0.0
2,2,0.2023189,0.0,0.7735572,0.0,0.0,0.0,0.0,0.0,0.0,0.0,0.024123915,0.0
2,2,0.2023189,0.0,0.7735572,0.0,0.0,0.0,0.0,0.0,0.0,0.0,0.024123915,0.0
2,2,0.2023189,0.0,0.7735572,0.0,0.0,0.0,0.0,0.0,0.0,0.0,0.024123915,0.0
2,2,0.2023189,0.0,0.7735572,0.0,0.0,0.0,0.0,0.0,0.0,0.0,0.024123915,0.0
2,2,0.2023189,0.0,0.7735572,0.0,0.0,0.0,0.0,0.0,0.0,0.0,0.024123915,0.0
2,2,0.2023189,0.0,0.7735572,0.0,0.0,0.0,0.0,0.0,0.0,0.0,0.024123915,0.0
2,2,0.2023189,0.0,0.7735572,0.0,0.0,0.0,0.0,0.0,0.0,0.0,0.024123915,0.0
2,2,0.2023189,0.0,0.7735572,0.0,0.0,0.0,0.0,0.0,0.0,0.0,0.024123915,0.0
2,2,0.2023189,0.0,0.7735572,0.0,0.0,0.0,0.0,0.0,0.0,0.0,0.024123915,0.0
2,2,0.2023189,0.0,0.7735572,0.0,0.0,0.0,0.0,0.0,0.0,0.0,0.024123915,0.0
2,2,0.2023189,0.0,0.7735572,0.0,0.0,0.0,0.0,0.0,0.0,0.0,0.024123915,0.0
2,2,0.2023189,0.0,0.7735572,0.0,0.0,0.0,0.0,0.0,0.0,0.0,0.024123915,0.0
2,2,0.2023189,0.0,0.7735572,0.0,0.0,0.0,0.0,0.0,0.0,0.0,0.024123915,0.0
2,2,0.2023189,0.0,0.7735572,0.0,0.0,0.0,0.0,0.0,0.0,0.0,0.024123915,0.0
2,2,0.2023189,0.0,0.7735572,0.0,0.0,0.0,0.0,0.0,0.0,0.0,0.024123915,0.0
2,2,0.2023189,0.0,0.7735572,0.0,0.0,0.0,0.0,0.0,0.0,0.0,0.024123915,0.0
2,2,0.2023189,0.0,0.7735572,0.0,0.0,0.0,0.0,0.0,0.0,0.0,0.024123915,0.0
2,2,0.2023189,0.0,0.7735572,0.0,0.0,0.0,0.0,0.0,0.0,0.0,0.024123915,0.0
2,2,0.2023189,0.0,0.7735572,0.0,0.0,0.0,0.0,0.0,0.0,0.0,0.024123915,0.0
2,2,0.2023189,0.0,0.7735572,0.0,0.0,0.0,0.0,0.0,0.0,0.0,0.024123915,0.0
2,2,0.2023189,0.0,0.7735572,0.0,0.0,0.0,0.0,0.0,0.0,0.0,0.024123915,0.0
2,2,0.17068094,0.0,0.80519515,0.0,0.0,0.0,0.0,0.0,0.0,0.0,0.024123915,0.0
2,2,0.17068094,0.0,0.80519515,0.0,0.0,0.0,0.0,0.0,0.0,0.0,0.024123915,0.0
2,2,0.17068094,0.0,0.80519515,0.0,0.0,0.0,0.0,0.0,0.0,0.0,0.024123915,0.0
2,2,0.17068094,0.0,0.80519515,0.0,0.0,0.0,0.0,0.0,0.0,0.0,0.024123915,0.0
2,2,0.17068094,0.0,0.80519515,0.0,0.0,0.0,0.0,0.0,0.0,0.0,0.024123915,0.0
2,2,0.17068094,0.0,0.80519515,0.0,0.0,0.0,0.0,0.0,0.0,0.0,0.024123915,0.0
2,2,0.17068094,0.0,0.80519515,0.0,0.0,0.0,0.0,0.0,0.0,0.0,0.024123915,0.0
2,2,0.17068094,0.0,0.80519515,0.0,0.0,0.0,0.0,0.0,0.0,0.0,0.024123915,0.0
2,2,0.17068094,0.0,0.80519515,0.0,0.0,0.0,0.0,0.0,0.0,0.0,0.024123915,0.0
2,2,0.17068094,0.0,0.80519515,0.0,0.0,0.0,0.0,0.0,0.0,0.0,0.024123915,0.0
2,2,0.17068094,0.0,0.80519515,0.0,0.0,0.0,0.0,0.0,0.0,0.0,0.024123915,0.0
2,2,0.17068094,0.0,0.80519515,0.0,0.0,0.0,0.0,0.0,0.0,0.0,0.024123915,0.0
2,2,0.17068094,0.0,0.80519515,0.0,0.0,0.0,0.0,0.0,0.0,0.0,0.024123915,0.0
2,2,0.17068094,0.0,0.80519515,0.0,0.0,0.0,0.0,0.0,0.0,0.0,0.024123915,0.0
2,2,0.17068094,0.0,0.80519515,0.0,0.0,0.0,0.0,0.0,0.0,0.0,0.024123915,0.0
2,2,0.17068094,0.0,0.80519515,0.0,0.0,0.0,0.0,0.0,0.0,0.0,0.024123915,0.0
2,2,0.17068094,0.0,0.80519515,0.0,0.0,0.0,0.0,0.0,0.0,0.0,0.024123915,0.0
2,2,0.17068094,0.0,0.80519515,0.0,0.0,0.0,0.0,0.0,0.0,0.0,0.024123915,0.0
2,2,0.17068094,0.0,0.80519515,0.0,0.0,0.0,0.0,0.0,0.0,0.0,0.024123915,0.0
2,2,0.17068094,0.0,0.80519515,0.0,0.0,0.0,0.0,0.0,0.0,0.0,0.024123915,0.0
2,2,0.17068094,0.0,0.80519515,0.0,0.0,0.0,0.0,0.0,0.0,0.0,0.024123915,0.0
2,2,0.17068094,0.0,0.80519515,0.0,0.0,0.0,0.0,0.0,0.0,0.0,0.024123915,0.0
2,2,0.17068094,0.0,0.80519515,0.0,0.0,0.0,0.0,0.0,0.0,0.0,0.024123915,0.0
2,2,0.17068094,0.0,0.80519515,0.0,0.0,0.0,0.0,0.0,0.0,0.0,0.024123915,0.0
2,2,0.17068094,0.0,0.80519515,0.0,0.0,0.0,0.0,0.0,0.0,0.0,0.024123915,0.0
2,2,0.17068094,0.0,0.80519515,0.0,0.0,0.0,0.0,0.0,0.0,0.0,0.024123915,0.0
2,2,0.17068094,0.0,0.80519515,0.0,0.0,0.0,0.0,0.0,0.0,0.0,0.024123915,0.0
2,2,0.17068094,0.0,0.80519515,0.0,0.0,0.0,0.0,0.0,0.0,0.0,0.024123915,0.0
2,2,0.17068094,0.0,0.80519515,0.0,0.0,0.0,0.0,0.0,0.0,0.0,0.024123915,0.0
2,2,0.17068094,0.0,0.80519515,0.0,0.0,0.0,0.0,0.0,0.0,0.0,0.024123915,0.0
2,2,0.17068094,0.0,0.80519515,0.0,0.0,0.0,0.0,0.0,0.0,0.0,0.024123915,0.0
2,2,0.17068094,0.0,0.80519515,0.0,0.0,0.0,0.0,0.0,0.0,0.0,0.024123915,0.0
2,2,0.17068094,0.0,0.80519515,0.0,0.0,0.0,0.0,0.0,0.0,0.0,0.024123915,0.0
2,2,0.17068094,0.0,0.80519515,0.0,0.0,0.0,0.0,0.0,0.0,0.0,0.024123915,0.0
2,2,0.17068094,0.0,0.80519515,0.0,0.0,0.0,0.0,0.0,0.0,0.0,0.024123915,0.0
2,2,0.17068094,0.0,0.80519515,0.0,0.0,0.0,0.0,0.0,0.0,0.0,0.024123915,0.0
2,2,0.17068094,0.0,0.80519515,0.0,0.0,0.0,0.0,0.0,0.0,0.0,0.024123915,0.0
2,2,0.17068094,0.0,0.80519515,0.0,0.0,0.0,0.0,0.0,0.0,0.0,0.024123915,0.0
2,2,0.17068094,0.0,0.80519515,0.0,0.0,0.0,0.0,0.0,0.0,0.0,0.024123915,0.0
2,2,0.17068094,0.0,0.80519515,0.0,0.0,0.0,0.0,0.0,0.0,0.0,0.024123915,0.0
2,2,0.17068094,0.0,0.80519515,0.0,0.0,0.0,0.0,0.0,0.0,0.0,0.024123915,0.0
2,2,0.17068094,0.0,0.80519515,0.0,0.0,0.0,0.0,0.0,0.0,0.0,0.024123915,0.0
2,2,0.17068094,0.0,0.80519515,0.0,0.0,0.0,0.0,0.0,0.0,0.0,0.024123915,0.0
2,2,0.17068094,0.0,0.80519515,0.0,0.0,0.0,0.0,0.0,0.0,0.0,0.024123915,0.0
2,2,0.17068094,0.0,0.80519515,0.0,0.0,0.0,0.0,0.0,0.0,0.0,0.024123915,0.0
2,2,0.17068094,0.0,0.80519515,0.0,0.0,0.0,0.0,0.0,0.0,0.0,0.024123915,0.0
2,2,0.17068094,0.0,0.80519515,0.0,0.0,0.0,0.0,0.0,0.0,0.0,0.024123915,0.0
2,2,0.17068094,0.0,0.80519515,0.0,0.0,0.0,0.0,0.0,0.0,0.0,0.024123915,0.0
2,2,0.17068094,0.0,0.80519515,0.0,0.0,0.0,0.0,0.0,0.0,0.0,0.024123915,0.0
2,2,0.17068094,0.0,0.80519515,0.0,0.0,0.0,0.0,0.0,0.0,0.0,0.024123915,0.0
2,2,0.17068094,0.0,0.80519515,0.0,0.0,0.0,0.0,0.0,0.0,0.0,0.024123915,0.0
2,2,0.17068094,0.0,0.80519515,0.0,0.0,0.0,0.0,0.0,0.0,0.0,0.024123915,0.0
2,2,0.17068094,0.0,0.80519515,0.0,0.0,0.0,0.0,0.0,0.0,0.0,0.024123915,0.0
2,2,0.17068094,0.0,0.80519515,0.0,0.0,0.0,0.0,0.0,0.0,0.0,0.024123915,0.0
2,2,0.17068094,0.0,0.80519515,0.0,0.0,0.0,0.0,0.0,0.0,0.0,0.024123915,0.0
2,2,0.17068094,0.0,0.80519515,0.0,0.0,0.0,0.0,0.0,0.0,0.0,0.024123915,0.0
2,2,0.17068094,0.0,0.80519515,0.0,0.0,0.0,0.0,0.0,0.0,0.0,0.024123915,0.0
2,2,0.17068094,0.0,0.80519515,0.0,0.0,0.0,0.0,0.0,0.0,0.0,0.024123915,0.0
2,2,0.17068094,0.0,0.80519515,0.0,0.0,0.0,0.0,0.0,0.0,0.0,0.024123915,0.0
2,2,0.17068094,0.0,0.80519515,0.0,0.0,0.0,0.0,0.0,0.0,0.0,0.024123915,0.0
2,2,0.17068094,0.0,0.80519515,0.0,0.0,0.0,0.0,0.0,0.0,0.0,0.024123915,0.0
2,2,0.17068094,0.0,0.80519515,0.0,0.0,0.0,0.0,0.0,0.0,0.0,0.024123915,0.0
2,2,0.17068094,0.0,0.80519515,0.0,0.0,0.0,0.0,0.0,0.0,0.0,0.024123915,0.0
2,2,0.17068094,0.0,0.80519515,0.0,0.0,0.0,0.0,0.0,0.0,0.0,0.024123915,0.0
2,2,0.17068094,0.0,0.80519515,0.0,0.0,0.0,0.0,0.0,0.0,0.0,0.024123915,0.0
2,2,0.17068094,0.0,0.80519515,0.0,0.0,0.0,0.0,0.0,0.0,0.0,0.024123915,0.0
2,2,0.17068094,0.0,0.80519515,0.0,0.0,0.0,0.0,0.0,0.0,0.0,0.024123915,0.0
2,2,0.17068094,0.0,0.80519515,0.0,0.0,0.0,0.0,0.0,0.0,0.0,0.024123915,0.0
2,2,0.17068094,0.0,0.80519515,0.0,0.0,0.0,0.0,0.0,0.0,0.0,0.024123915,0.0
2,2,0.17068094,0.0,0.80519515,0.0,0.0,0.0,0.0,0.0,0.0,0.0,0.024123915,0.0
2,2,0.17068094,0.0,0.80519515,0.0,0.0,0.0,0.0,0.0,0.0,0.0,0.024123915,0.0
2,2,0.17068094,0.0,0.80519515,0.0,0.0,0.0,0.0,0.0,0.0,0.0,0.024123915,0.0
2,2,0.17068094,0.0,0.80519515,0.0,0.0,0.0,0.0,0.0,0.0,0.0,0.024123915,0.0
2,2,0.17068094,0.0,0.80519515,0.0,0.0,0.0,0.0,0.0,0.0,0.0,0.024123915,0.0
2,2,0.17068094,0.0,0.80519515,0.0,0.0,0.0,0.0,0.0,0.0,0.0,0.024123915,0.0
2,2,0.17068094,0.0,0.80519515,0.0,0.0,0.0,0.0,0.0,0.0,0.0,0.024123915,0.0
2,2,0.2023189,0.0,0.7735572,0.0,0.0,0.0,0.0,0.0,0.0,0.0,0.024123915,0.0
2,2,0.2023189,0.0,0.7735572,0.0,0.0,0.0,0.0,0.0,0.0,0.0,0.024123915,0.0
2,2,0.2023189,0.0,0.7735572,0.0,0.0,0.0,0.0,0.0,0.0,0.0,0.024123915,0.0
2,2,0.2023189,0.0,0.7735572,0.0,0.0,0.0,0.0,0.0,0.0,0.0,0.024123915,0.0
2,2,0.2023189,0.0,0.7735572,0.0,0.0,0.0,0.0,0.0,0.0,0.0,0.024123915,0.0
2,2,0.2023189,0.0,0.7735572,0.0,0.0,0.0,0.0,0.0,0.0,0.0,0.024123915,0.0
2,2,0.2023189,0.0,0.7735572,0.0,0.0,0.0,0.0,0.0,0.0,0.0,0.024123915,0.0
2,2,0.2023189,0.0,0.7735572,0.0,0.0,0.0,0.0,0.0,0.0,0.0,0.024123915,0.0
2,2,0.2023189,0.0,0.7735572,0.0,0.0,0.0,0.0,0.0,0.0,0.0,0.024123915,0.0
2,2,0.2023189,0.0,0.7735572,0.0,0.0,0.0,0.0,0.0,0.0,0.0,0.024123915,0.0
2,2,0.2023189,0.0,0.7735572,0.0,0.0,0.0,0.0,0.0,0.0,0.0,0.024123915,0.0
2,2,0.2023189,0.0,0.7735572,0.0,0.0,0.0,0.0,0.0,0.0,0.0,0.024123915,0.0
2,2,0.2023189,0.0,0.7735572,0.0,0.0,0.0,0.0,0.0,0.0,0.0,0.024123915,0.0
2,2,0.2023189,0.0,0.7735572,0.0,0.0,0.0,0.0,0.0,0.0,0.0,0.024123915,0.0
2,2,0.2023189,0.0,0.7735572,0.0,0.0,0.0,0.0,0.0,0.0,0.0,0.024123915,0.0
2,2,0.2023189,0.0,0.7735572,0.0,0.0,0.0,0.0,0.0,0.0,0.0,0.024123915,0.0
2,2,0.2023189,0.0,0.7735572,0.0,0.0,0.0,0.0,0.0,0.0,0.0,0.024123915,0.0
2,2,0.2023189,0.0,0.7735572,0.0,0.0,0.0,0.0,0.0,0.0,0.0,0.024123915,0.0
2,2,0.2023189,0.0,0.7735572,0.0,0.0,0.0,0.0,0.0,0.0,0.0,0.024123915,0.0
2,2,0.2023189,0.0,0.7735572,0.0,0.0,0.0,0.0,0.0,0.0,0.0,0.024123915,0.0
2,2,0.2023189,0.0,0.7735572,0.0,0.0,0.0,0.0,0.0,0.0,0.0,0.024123915,0.0
2,2,0.2023189,0.0,0.7735572,0.0,0.0,0.0,0.0,0.0,0.0,0.0,0.024123915,0.0
2,2,0.2023189,0.0,0.7735572,0.0,0.0,0.0,0.0,0.0,0.0,0.0,0.024123915,0.0
2,2,0.2023189,0.0,0.7735572,0.0,0.0,0.0,0.0,0.0,0.0,0.0,0.024123915,0.0
2,2,0.2023189,0.0,0.7735572,0.0,0.0,0.0,0.0,0.0,0.0,0.0,0.024123915,0.0
2,2,0.2023189,0.0,0.7735572,0.0,0.0,0.0,0.0,0.0,0.0,0.0,0.024123915,0.0
2,2,0.2023189,0.0,0.7735572,0.0,0.0,0.0,0.0,0.0,0.0,0.0,0.024123915,0.0
2,2,0.2023189,0.0,0.7735572,0.0,0.0,0.0,0.0,0.0,0.0,0.0,0.024123915,0.0
2,2,0.2023189,0.0,0.7735572,0.0,0.0,0.0,0.0,0.0,0.0,0.0,0.024123915,0.0
2,2,0.2023189,0.0,0.7735572,0.0,0.0,0.0,0.0,0.0,0.0,0.0,0.024123915,0.0
2,2,0.2023189,0.0,0.7735572,0.0,0.0,0.0,0.0,0.0,0.0,0.0,0.024123915,0.0
2,2,0.2023189,0.0,0.7735572,0.0,0.0,0.0,0.0,0.0,0.0,0.0,0.024123915,0.0
2,2,0.2023189,0.0,0.7735572,0.0,0.0,0.0,0.0,0.0,0.0,0.0,0.024123915,0.0
2,2,0.2023189,0.0,0.7735572,0.0,0.0,0.0,0.0,0.0,0.0,0.0,0.024123915,0.0
2,2,0.2023189,0.0,0.7735572,0.0,0.0,0.0,0.0,0.0,0.0,0.0,0.024123915,0.0
2,2,0.2023189,0.0,0.7735572,0.0,0.0,0.0,0.0,0.0,0.0,0.0,0.024123915,0.0
2,2,0.2023189,0.0,0.7735572,0.0,0.0,0.0,0.0,0.0,0.0,0.0,0.024123915,0.0
2,2,0.2023189,0.0,0.7735572,0.0,0.0,0.0,0.0,0.0,0.0,0.0,0.024123915,0.0
2,2,0.17068094,0.0,0.80519515,0.0,0.0,0.0,0.0,0.0,0.0,0.0,0.024123915,0.0
2,2,0.17068094,0.0,0.80519515,0.0,0.0,0.0,0.0,0.0,0.0,0.0,0.024123915,0.0
2,2,0.17068094,0.0,0.80519515,0.0,0.0,0.0,0.0,0.0,0.0,0.0,0.024123915,0.0
2,2,0.17068094,0.0,0.80519515,0.0,0.0,0.0,0.0,0.0,0.0,0.0,0.024123915,0.0
2,2,0.17068094,0.0,0.80519515,0.0,0.0,0.0,0.0,0.0,0.0,0.0,0.024123915,0.0
2,2,0.17068094,0.0,0.80519515,0.0,0.0,0.0,0.0,0.0,0.0,0.0,0.024123915,0.0
2,2,0.17068094,0.0,0.80519515,0.0,0.0,0.0,0.0,0.0,0.0,0.0,0.024123915,0.0
2,2,0.17068094,0.0,0.80519515,0.0,0.0,0.0,0.0,0.0,0.0,0.0,0.024123915,0.0
2,2,0.17068094,0.0,0.80519515,0.0,0.0,0.0,0.0,0.0,0.0,0.0,0.024123915,0.0
2,2,0.17068094,0.0,0.80519515,0.0,0.0,0.0,0.0,0.0,0.0,0.0,0.024123915,0.0
2,2,0.17068094,0.0,0.80519515,0.0,0.0,0.0,0.0,0.0,0.0,0.0,0.024123915,0.0
2,2,0.17068094,0.0,0.80519515,0.0,0.0,0.0,0.0,0.0,0.0,0.0,0.024123915,0.0
2,2,0.17068094,0.0,0.80519515,0.0,0.0,0.0,0.0,0.0,0.0,0.0,0.024123915,0.0
2,2,0.17068094,0.0,0.80519515,0.0,0.0,0.0,0.0,0.0,0.0,0.0,0.024123915,0.0
2,2,0.17068094,0.0,0.80519515,0.0,0.0,0.0,0.0,0.0,0.0,0.0,0.024123915,0.0
2,2,0.17068094,0.0,0.80519515,0.0,0.0,0.0,0.0,0.0,0.0,0.0,0.024123915,0.0
2,2,0.17068094,0.0,0.80519515,0.0,0.0,0.0,0.0,0.0,0.0,0.0,0.024123915,0.0
2,2,0.17068094,0.0,0.80519515,0.0,0.0,0.0,0.0,0.0,0.0,0.0,0.024123915,0.0
2,2,0.17068094,0.0,0.80519515,0.0,0.0,0.0,0.0,0.0,0.0,0.0,0.024123915,0.0
2,2,0.17068094,0.0,0.80519515,0.0,0.0,0.0,0.0,0.0,0.0,0.0,0.024123915,0.0
2,2,0.17068094,0.0,0.80519515,0.0,0.0,0.0,0.0,0.0,0.0,0.0,0.024123915,0.0
2,2,0.17068094,0.0,0.80519515,0.0,0.0,0.0,0.0,0.0,0.0,0.0,0.024123915,0.0
2,2,0.17068094,0.0,0.80519515,0.0,0.0,0.0,0.0,0.0,0.0,0.0,0.024123915,0.0
2,2,0.17068094,0.0,0.80519515,0.0,0.0,0.0,0.0,0.0,0.0,0.0,0.024123915,0.0
2,2,0.17068094,0.0,0.80519515,0.0,0.0,0.0,0.0,0.0,0.0,0.0,0.024123915,0.0
2,2,0.17068094,0.0,0.80519515,0.0,0.0,0.0,0.0,0.0,0.0,0.0,0.024123915,0.0
2,2,0.17068094,0.0,0.80519515,0.0,0.0,0.0,0.0,0.0,0.0,0.0,0.024123915,0.0
2,2,0.17068094,0.0,0.80519515,0.0,0.0,0.0,0.0,0.0,0.0,0.0,0.024123915,0.0
2,2,0.17068094,0.0,0.80519515,0.0,0.0,0.0,0.0,0.0,0.0,0.0,0.024123915,0.0
2,2,0.17068094,0.0,0.80519515,0.0,0.0,0.0,0.0,0.0,0.0,0.0,0.024123915,0.0
2,2,0.17068094,0.0,0.80519515,0.0,0.0,0.0,0.0,0.0,0.0,0.0,0.024123915,0.0
2,2,0.17068094,0.0,0.80519515,0.0,0.0,0.0,0.0,0.0,0.0,0.0,0.024123915,0.0
2,2,0.17068094,0.0,0.80519515,0.0,0.0,0.0,0.0,0.0,0.0,0.0,0.024123915,0.0
2,2,0.17068094,0.0,0.80519515,0.0,0.0,0.0,0.0,0.0,0.0,0.0,0.024123915,0.0
2,2,0.17068094,0.0,0.80519515,0.0,0.0,0.0,0.0,0.0,0.0,0.0,0.024123915,0.0
2,2,0.17068094,0.0,0.80519515,0.0,0.0,0.0,0.0,0.0,0.0,0.0,0.024123915,0.0
2,2,0.17068094,0.0,0.80519515,0.0,0.0,0.0,0.0,0.0,0.0,0.0,0.024123915,0.0
2,2,0.17068094,0.0,0.80519515,0.0,0.0,0.0,0.0,0.0,0.0,0.0,0.024123915,0.0
2,2,0.17068094,0.0,0.80519515,0.0,0.0,0.0,0.0,0.0,0.0,0.0,0.024123915,0.0
2,2,0.17068094,0.0,0.80519515,0.0,0.0,0.0,0.0,0.0,0.0,0.0,0.024123915,0.0
2,2,0.17068094,0.0,0.80519515,0.0,0.0,0.0,0.0,0.0,0.0,0.0,0.024123915,0.0
2,2,0.17068094,0.0,0.80519515,0.0,0.0,0.0,0.0,0.0,0.0,0.0,0.024123915,0.0
2,2,0.17068094,0.0,0.80519515,0.0,0.0,0.0,0.0,0.0,0.0,0.0,0.024123915,0.0
2,2,0.17068094,0.0,0.80519515,0.0,0.0,0.0,0.0,0.0,0.0,0.0,0.024123915,0.0
2,2,0.17068094,0.0,0.80519515,0.0,0.0,0.0,0.0,0.0,0.0,0.0,0.024123915,0.0
2,2,0.17068094,0.0,0.80519515,0.0,0.0,0.0,0.0,0.0,0.0,0.0,0.024123915,0.0
2,2,0.17068094,0.0,0.80519515,0.0,0.0,0.0,0.0,0.0,0.0,0.0,0.024123915,0.0
2,2,0.17068094,0.0,0.80519515,0.0,0.0,0.0,0.0,0.0,0.0,0.0,0.024123915,0.0
2,2,0.1307021,0.0,0.845174,0.0,0.0,0.0,0.0,0.0,0.0,0.0,0.024123915,0.0
2,2,0.1307021,0.0,0.845174,0.0,0.0,0.0,0.0,0.0,0.0,0.0,0.024123915,0.0
2,2,0.1307021,0.0,0.845174,0.0,0.0,0.0,0.0,0.0,0.0,0.0,0.024123915,0.0
2,2,0.1307021,0.0,0.845174,0.0,0.0,0.0,0.0,0.0,0.0,0.0,0.024123915,0.0
2,2,0.1307021,0.0,0.845174,0.0,0.0,0.0,0.0,0.0,0.0,0.0,0.024123915,0.0
2,2,0.1307021,0.0,0.845174,0.0,0.0,0.0,0.0,0.0,0.0,0.0,0.024123915,0.0
2,2,0.1307021,0.0,0.845174,0.0,0.0,0.0,0.0,0.0,0.0,0.0,0.024123915,0.0
2,2,0.1307021,0.0,0.845174,0.0,0.0,0.0,0.0,0.0,0.0,0.0,0.024123915,0.0
2,2,0.1307021,0.0,0.845174,0.0,0.0,0.0,0.0,0.0,0.0,0.0,0.024123915,0.0
2,2,0.1307021,0.0,0.845174,0.0,0.0,0.0,0.0,0.0,0.0,0.0,0.024123915,0.0
2,2,0.1307021,0.0,0.845174,0.0,0.0,0.0,0.0,0.0,0.0,0.0,0.024123915,0.0
2,2,0.1307021,0.0,0.845174,0.0,0.0,0.0,0.0,0.0,0.0,0.0,0.024123915,0.0
2,2,0.1307021,0.0,0.845174,0.0,0.0,0.0,0.0,0.0,0.0,0.0,0.024123915,0.0
2,2,0.1307021,0.0,0.845174,0.0,0.0,0.0,0.0,0.0,0.0,0.0,0.024123915,0.0
2,2,0.1307021,0.0,0.845174,0.0,0.0,0.0,0.0,0.0,0.0,0.0,0.024123915,0.0
2,2,0.1307021,0.0,0.845174,0.0,0.0,0.0,0.0,0.0,0.0,0.0,0.024123915,0.0
2,2,0.1307021,0.0,0.845174,0.0,0.0,0.0,0.0,0.0,0.0,0.0,0.024123915,0.0
2,2,0.1307021,0.0,0.845174,0.0,0.0,0.0,0.0,0.0,0.0,0.0,0.024123915,0.0
2,2,0.1307021,0.0,0.845174,0.0,0.0,0.0,0.0,0.0,0.0,0.0,0.024123915,0.0
2,2,0.1307021,0.0,0.845174,0.0,0.0,0.0,0.0,0.0,0.0,0.0,0.024123915,0.0
2,2,0.1307021,0.0,0.845174,0.0,0.0,0.0,0.0,0.0,0.0,0.0,0.024123915,0.0
2,2,0.1307021,0.0,0.845174,0.0,0.0,0.0,0.0,0.0,0.0,0.0,0.024123915,0.0
2,2,0.1307021,0.0,0.845174,0.0,0.0,0.0,0.0,0.0,0.0,0.0,0.024123915,0.0
2,2,0.1307021,0.0,0.845174,0.0,0.0,0.0,0.0,0.0,0.0,0.0,0.024123915,0.0
2,2,0.1307021,0.0,0.845174,0.0,0.0,0.0,0.0,0.0,0.0,0.0,0.024123915,0.0
2,2,0.1307021,0.0,0.845174,0.0,0.0,0.0,0.0,0.0,0.0,0.0,0.024123915,0.0
2,2,0.1307021,0.0,0.845174,0.0,0.0,0.0,0.0,0.0,0.0,0.0,0.024123915,0.0
2,2,0.1307021,0.0,0.845174,0.0,0.0,0.0,0.0,0.0,0.0,0.0,0.024123915,0.0
2,2,0.1307021,0.0,0.845174,0.0,0.0,0.0,0.0,0.0,0.0,0.0,0.024123915,0.0
2,2,0.1307021,0.0,0.845174,0.0,0.0,0.0,0.0,0.0,0.0,0.0,0.024123915,0.0
2,2,0.1307021,0.0,0.845174,0.0,0.0,0.0,0.0,0.0,0.0,0.0,0.024123915,0.0
2,2,0.1307021,0.0,0.845174,0.0,0.0,0.0,0.0,0.0,0.0,0.0,0.024123915,0.0
2,2,0.1307021,0.0,0.845174,0.0,0.0,0.0,0.0,0.0,0.0,0.0,0.024123915,0.0
2,2,0.1307021,0.0,0.845174,0.0,0.0,0.0,0.0,0.0,0.0,0.0,0.024123915,0.0
2,2,0.1307021,0.0,0.845174,0.0,0.0,0.0,0.0,0.0,0.0,0.0,0.024123915,0.0
2,2,0.1307021,0.0,0.845174,0.0,0.0,0.0,0.0,0.0,0.0,0.0,0.024123915,0.0
2,2,0.1307021,0.0,0.845174,0.0,0.0,0.0,0.0,0.0,0.0,0.0,0.024123915,0.0
2,2,0.1307021,0.0,0.845174,0.0,0.0,0.0,0.0,0.0,0.0,0.0,0.024123915,0.0
2,2,0.1307021,0.0,0.845174,0.0,0.0,0.0,0.0,0.0,0.0,0.0,0.024123915,0.0
2,2,0.1307021,0.0,0.845174,0.0,0.0,0.0,0.0,0.0,0.0,0.0,0.024123915,0.0
2,2,0.1307021,0.0,0.845174,0.0,0.0,0.0,0.0,0.0,0.0,0.0,0.024123915,0.0
2,2,0.1307021,0.0,0.845174,0.0,0.0,0.0,0.0,0.0,0.0,0.0,0.024123915,0.0
2,2,0.1307021,0.0,0.845174,0.0,0.0,0.0,0.0,0.0,0.0,0.0,0.024123915,0.0
2,2,0.1307021,0.0,0.845174,0.0,0.0,0.0,0.0,0.0,0.0,0.0,0.024123915,0.0
2,2,0.1307021,0.0,0.845174,0.0,0.0,0.0,0.0,0.0,0.0,0.0,0.024123915,0.0
2,2,0.1307021,0.0,0.845174,0.0,0.0,0.0,0.0,0.0,0.0,0.0,0.024123915,0.0
2,2,0.1307021,0.0,0.845174,0.0,0.0,0.0,0.0,0.0,0.0,0.0,0.024123915,0.0
2,2,0.1307021,0.0,0.845174,0.0,0.0,0.0,0.0,0.0,0.0,0.0,0.024123915,0.0
2,2,0.1307021,0.0,0.845174,0.0,0.0,0.0,0.0,0.0,0.0,0.0,0.024123915,0.0
2,2,0.1307021,0.0,0.845174,0.0,0.0,0.0,0.0,0.0,0.0,0.0,0.024123915,0.0
2,2,0.1307021,0.0,0.845174,0.0,0.0,0.0,0.0,0.0,0.0,0.0,0.024123915,0.0
2,2,0.1307021,0.0,0.845174,0.0,0.0,0.0,0.0,0.0,0.0,0.0,0.024123915,0.0
2,2,0.1307021,0.0,0.845174,0.0,0.0,0.0,0.0,0.0,0.0,0.0,0.024123915,0.0
2,2,0.1307021,0.0,0.845174,0.0,0.0,0.0,0.0,0.0,0.0,0.0,0.024123915,0.0
2,2,0.1307021,0.0,0.845174,0.0,0.0,0.0,0.0,0.0,0.0,0.0,0.024123915,0.0
2,2,0.1307021,0.0,0.845174,0.0,0.0,0.0,0.0,0.0,0.0,0.0,0.024123915,0.0
2,2,0.1307021,0.0,0.845174,0.0,0.0,0.0,0.0,0.0,0.0,0.0,0.024123915,0.0
2,2,0.1307021,0.0,0.845174,0.0,0.0,0.0,0.0,0.0,0.0,0.0,0.024123915,0.0
2,2,0.1307021,0.0,0.845174,0.0,0.0,0.0,0.0,0.0,0.0,0.0,0.024123915,0.0
2,2,0.1307021,0.0,0.845174,0.0,0.0,0.0,0.0,0.0,0.0,0.0,0.024123915,0.0
2,2,0.1307021,0.0,0.845174,0.0,0.0,0.0,0.0,0.0,0.0,0.0,0.024123915,0.0
2,2,0.1307021,0.0,0.845174,0.0,0.0,0.0,0.0,0.0,0.0,0.0,0.024123915,0.0
2,2,0.1307021,0.0,0.845174,0.0,0.0,0.0,0.0,0.0,0.0,0.0,0.024123915,0.0
2,2,0.1307021,0.0,0.845174,0.0,0.0,0.0,0.0,0.0,0.0,0.0,0.024123915,0.0
2,2,0.1307021,0.0,0.845174,0.0,0.0,0.0,0.0,0.0,0.0,0.0,0.024123915,0.0
2,2,0.1307021,0.0,0.845174,0.0,0.0,0.0,0.0,0.0,0.0,0.0,0.024123915,0.0
2,2,0.1307021,0.0,0.845174,0.0,0.0,0.0,0.0,0.0,0.0,0.0,0.024123915,0.0
2,2,0.1307021,0.0,0.845174,0.0,0.0,0.0,0.0,0.0,0.0,0.0,0.024123915,0.0
2,2,0.1307021,0.0,0.845174,0.0,0.0,0.0,0.0,0.0,0.0,0.0,0.024123915,0.0
2,2,0.1307021,0.0,0.845174,0.0,0.0,0.0,0.0,0.0,0.0,0.0,0.024123915,0.0
2,2,0.1307021,0.0,0.845174,0.0,0.0,0.0,0.0,0.0,0.0,0.0,0.024123915,0.0
2,2,0.1307021,0.0,0.845174,0.0,0.0,0.0,0.0,0.0,0.0,0.0,0.024123915,0.0
2,2,0.1307021,0.0,0.845174,0.0,0.0,0.0,0.0,0.0,0.0,0.0,0.024123915,0.0
2,2,0.1307021,0.0,0.845174,0.0,0.0,0.0,0.0,0.0,0.0,0.0,0.024123915,0.0
2,2,0.1307021,0.0,0.845174,0.0,0.0,0.0,0.0,0.0,0.0,0.0,0.024123915,0.0
2,2,0.1307021,0.0,0.845174,0.0,0.0,0.0,0.0,0.0,0.0,0.0,0.024123915,0.0
2,2,0.1307021,0.0,0.845174,0.0,0.0,0.0,0.0,0.0,0.0,0.0,0.024123915,0.0
2,2,0.1307021,0.0,0.845174,0.0,0.0,0.0,0.0,0.0,0.0,0.0,0.024123915,0.0
2,2,0.1307021,0.0,0.845174,0.0,0.0,0.0,0.0,0.0,0.0,0.0,0.024123915,0.0
2,2,0.1307021,0.0,0.845174,0.0,0.0,0.0,0.0,0.0,0.0,0.0,0.024123915,0.0
2,2,0.1307021,0.0,0.845174,0.0,0.0,0.0,0.0,0.0,0.0,0.0,0.024123915,0.0
2,2,0.1307021,0.0,0.845174,0.0,0.0,0.0,0.0,0.0,0.0,0.0,0.024123915,0.0
2,2,0.1307021,0.0,0.845174,0.0,0.0,0.0,0.0,0.0,0.0,0.0,0.024123915,0.0
2,2,0.1307021,0.0,0.845174,0.0,0.0,0.0,0.0,0.0,0.0,0.0,0.024123915,0.0
2,2,0.1307021,0.0,0.845174,0.0,0.0,0.0,0.0,0.0,0.0,0.0,0.024123915,0.0
2,2,0.1307021,0.0,0.845174,0.0,0.0,0.0,0.0,0.0,0.0,0.0,0.024123915,0.0
2,2,0.1307021,0.0,0.845174,0.0,0.0,0.0,0.0,0.0,0.0,0.0,0.024123915,0.0
2,2,0.1307021,0.0,0.845174,0.0,0.0,0.0,0.0,0.0,0.0,0.0,0.024123915,0.0
2,2,0.1307021,0.0,0.845174,0.0,0.0,0.0,0.0,0.0,0.0,0.0,0.024123915,0.0
2,2,0.1307021,0.0,0.845174,0.0,0.0,0.0,0.0,0.0,0.0,0.0,0.024123915,0.0
2,2,0.1307021,0.0,0.845174,0.0,0.0,0.0,0.0,0.0,0.0,0.0,0.024123915,0.0
2,2,0.1307021,0.0,0.845174,0.0,0.0,0.0,0.0,0.0,0.0,0.0,0.024123915,0.0
2,2,0.1307021,0.0,0.845174,0.0,0.0,0.0,0.0,0.0,0.0,0.0,0.024123915,0.0
2,2,0.1307021,0.0,0.845174,0.0,0.0,0.0,0.0,0.0,0.0,0.0,0.024123915,0.0
2,2,0.1307021,0.0,0.845174,0.0,0.0,0.0,0.0,0.0,0.0,0.0,0.024123915,0.0
2,2,0.1307021,0.0,0.845174,0.0,0.0,0.0,0.0,0.0,0.0,0.0,0.024123915,0.0
2,2,0.1307021,0.0,0.845174,0.0,0.0,0.0,0.0,0.0,0.0,0.0,0.024123915,0.0
2,2,0.1307021,0.0,0.845174,0.0,0.0,0.0,0.0,0.0,0.0,0.0,0.024123915,0.0
2,2,0.1307021,0.0,0.845174,0.0,0.0,0.0,0.0,0.0,0.0,0.0,0.024123915,0.0
2,2,0.1307021,0.0,0.845174,0.0,0.0,0.0,0.0,0.0,0.0,0.0,0.024123915,0.0
2,2,0.1307021,0.0,0.845174,0.0,0.0,0.0,0.0,0.0,0.0,0.0,0.024123915,0.0
2,2,0.1307021,0.0,0.845174,0.0,0.0,0.0,0.0,0.0,0.0,0.0,0.024123915,0.0
2,2,0.1307021,0.0,0.845174,0.0,0.0,0.0,0.0,0.0,0.0,0.0,0.024123915,0.0
2,2,0.1307021,0.0,0.845174,0.0,0.0,0.0,0.0,0.0,0.0,0.0,0.024123915,0.0
2,2,0.1307021,0.0,0.845174,0.0,0.0,0.0,0.0,0.0,0.0,0.0,0.024123915,0.0
2,2,0.1307021,0.0,0.845174,0.0,0.0,0.0,0.0,0.0,0.0,0.0,0.024123915,0.0
2,2,0.1307021,0.0,0.845174,0.0,0.0,0.0,0.0,0.0,0.0,0.0,0.024123915,0.0
2,2,0.1307021,0.0,0.845174,0.0,0.0,0.0,0.0,0.0,0.0,0.0,0.024123915,0.0
2,2,0.1307021,0.0,0.845174,0.0,0.0,0.0,0.0,0.0,0.0,0.0,0.024123915,0.0
2,2,0.1307021,0.0,0.845174,0.0,0.0,0.0,0.0,0.0,0.0,0.0,0.024123915,0.0
2,2,0.1307021,0.0,0.845174,0.0,0.0,0.0,0.0,0.0,0.0,0.0,0.024123915,0.0
2,2,0.1307021,0.0,0.845174,0.0,0.0,0.0,0.0,0.0,0.0,0.0,0.024123915,0.0
2,2,0.17068094,0.0,0.80519515,0.0,0.0,0.0,0.0,0.0,0.0,0.0,0.024123915,0.0
2,2,0.17068094,0.0,0.80519515,0.0,0.0,0.0,0.0,0.0,0.0,0.0,0.024123915,0.0
2,2,0.17068094,0.0,0.80519515,0.0,0.0,0.0,0.0,0.0,0.0,0.0,0.024123915,0.0
2,2,0.17068094,0.0,0.80519515,0.0,0.0,0.0,0.0,0.0,0.0,0.0,0.024123915,0.0
2,2,0.17068094,0.0,0.80519515,0.0,0.0,0.0,0.0,0.0,0.0,0.0,0.024123915,0.0
2,2,0.17068094,0.0,0.80519515,0.0,0.0,0.0,0.0,0.0,0.0,0.0,0.024123915,0.0
2,2,0.17068094,0.0,0.80519515,0.0,0.0,0.0,0.0,0.0,0.0,0.0,0.024123915,0.0
2,2,0.17068094,0.0,0.80519515,0.0,0.0,0.0,0.0,0.0,0.0,0.0,0.024123915,0.0
2,2,0.17068094,0.0,0.80519515,0.0,0.0,0.0,0.0,0.0,0.0,0.0,0.024123915,0.0
2,2,0.17068094,0.0,0.80519515,0.0,0.0,0.0,0.0,0.0,0.0,0.0,0.024123915,0.0
2,2,0.17068094,0.0,0.80519515,0.0,0.0,0.0,0.0,0.0,0.0,0.0,0.024123915,0.0
2,2,0.17068094,0.0,0.80519515,0.0,0.0,0.0,0.0,0.0,0.0,0.0,0.024123915,0.0
2,2,0.17068094,0.0,0.80519515,0.0,0.0,0.0,0.0,0.0,0.0,0.0,0.024123915,0.0
2,2,0.17068094,0.0,0.80519515,0.0,0.0,0.0,0.0,0.0,0.0,0.0,0.024123915,0.0
2,2,0.17068094,0.0,0.80519515,0.0,0.0,0.0,0.0,0.0,0.0,0.0,0.024123915,0.0
2,2,0.17068094,0.0,0.80519515,0.0,0.0,0.0,0.0,0.0,0.0,0.0,0.024123915,0.0
2,2,0.17068094,0.0,0.80519515,0.0,0.0,0.0,0.0,0.0,0.0,0.0,0.024123915,0.0
2,2,0.17068094,0.0,0.80519515,0.0,0.0,0.0,0.0,0.0,0.0,0.0,0.024123915,0.0
2,2,0.17068094,0.0,0.80519515,0.0,0.0,0.0,0.0,0.0,0.0,0.0,0.024123915,0.0
2,2,0.17068094,0.0,0.80519515,0.0,0.0,0.0,0.0,0.0,0.0,0.0,0.024123915,0.0
2,2,0.17068094,0.0,0.80519515,0.0,0.0,0.0,0.0,0.0,0.0,0.0,0.024123915,0.0
2,2,0.17068094,0.0,0.80519515,0.0,0.0,0.0,0.0,0.0,0.0,0.0,0.024123915,0.0
2,2,0.17068094,0.0,0.80519515,0.0,0.0,0.0,0.0,0.0,0.0,0.0,0.024123915,0.0
2,2,0.17068094,0.0,0.80519515,0.0,0.0,0.0,0.0,0.0,0.0,0.0,0.024123915,0.0
2,2,0.17068094,0.0,0.80519515,0.0,0.0,0.0,0.0,0.0,0.0,0.0,0.024123915,0.0
2,2,0.17068094,0.0,0.80519515,0.0,0.0,0.0,0.0,0.0,0.0,0.0,0.024123915,0.0
2,2,0.17068094,0.0,0.80519515,0.0,0.0,0.0,0.0,0.0,0.0,0.0,0.024123915,0.0
2,2,0.17068094,0.0,0.80519515,0.0,0.0,0.0,0.0,0.0,0.0,0.0,0.024123915,0.0
2,2,0.17068094,0.0,0.80519515,0.0,0.0,0.0,0.0,0.0,0.0,0.0,0.024123915,0.0
2,2,0.17068094,0.0,0.80519515,0.0,0.0,0.0,0.0,0.0,0.0,0.0,0.024123915,0.0
2,2,0.17068094,0.0,0.80519515,0.0,0.0,0.0,0.0,0.0,0.0,0.0,0.024123915,0.0
2,2,0.17068094,0.0,0.80519515,0.0,0.0,0.0,0.0,0.0,0.0,0.0,0.024123915,0.0
2,2,0.17068094,0.0,0.80519515,0.0,0.0,0.0,0.0,0.0,0.0,0.0,0.024123915,0.0
2,2,0.17068094,0.0,0.80519515,0.0,0.0,0.0,0.0,0.0,0.0,0.0,0.024123915,0.0
2,2,0.17068094,0.0,0.80519515,0.0,0.0,0.0,0.0,0.0,0.0,0.0,0.024123915,0.0
2,2,0.17068094,0.0,0.80519515,0.0,0.0,0.0,0.0,0.0,0.0,0.0,0.024123915,0.0
2,2,0.17068094,0.0,0.80519515,0.0,0.0,0.0,0.0,0.0,0.0,0.0,0.024123915,0.0
2,2,0.17068094,0.0,0.80519515,0.0,0.0,0.0,0.0,0.0,0.0,0.0,0.024123915,0.0
2,2,0.17068094,0.0,0.80519515,0.0,0.0,0.0,0.0,0.0,0.0,0.0,0.024123915,0.0
2,2,0.17068094,0.0,0.80519515,0.0,0.0,0.0,0.0,0.0,0.0,0.0,0.024123915,0.0
2,2,0.17068094,0.0,0.80519515,0.0,0.0,0.0,0.0,0.0,0.0,0.0,0.024123915,0.0
2,2,0.17068094,0.0,0.80519515,0.0,0.0,0.0,0.0,0.0,0.0,0.0,0.024123915,0.0
2,2,0.17068094,0.0,0.80519515,0.0,0.0,0.0,0.0,0.0,0.0,0.0,0.024123915,0.0
2,2,0.17068094,0.0,0.80519515,0.0,0.0,0.0,0.0,0.0,0.0,0.0,0.024123915,0.0
2,2,0.17068094,0.0,0.80519515,0.0,0.0,0.0,0.0,0.0,0.0,0.0,0.024123915,0.0
2,2,0.17068094,0.0,0.80519515,0.0,0.0,0.0,0.0,0.0,0.0,0.0,0.024123915,0.0
2,2,0.17068094,0.0,0.80519515,0.0,0.0,0.0,0.0,0.0,0.0,0.0,0.024123915,0.0
2,2,0.17068094,0.0,0.80519515,0.0,0.0,0.0,0.0,0.0,0.0,0.0,0.024123915,0.0
2,2,0.17068094,0.0,0.80519515,0.0,0.0,0.0,0.0,0.0,0.0,0.0,0.024123915,0.0
2,2,0.17068094,0.0,0.80519515,0.0,0.0,0.0,0.0,0.0,0.0,0.0,0.024123915,0.0
2,2,0.17068094,0.0,0.80519515,0.0,0.0,0.0,0.0,0.0,0.0,0.0,0.024123915,0.0
2,2,0.17068094,0.0,0.80519515,0.0,0.0,0.0,0.0,0.0,0.0,0.0,0.024123915,0.0
2,2,0.17068094,0.0,0.80519515,0.0,0.0,0.0,0.0,0.0,0.0,0.0,0.024123915,0.0
2,2,0.17068094,0.0,0.80519515,0.0,0.0,0.0,0.0,0.0,0.0,0.0,0.024123915,0.0
2,2,0.17068094,0.0,0.80519515,0.0,0.0,0.0,0.0,0.0,0.0,0.0,0.024123915,0.0
2,2,0.17068094,0.0,0.80519515,0.0,0.0,0.0,0.0,0.0,0.0,0.0,0.024123915,0.0
2,2,0.17068094,0.0,0.80519515,0.0,0.0,0.0,0.0,0.0,0.0,0.0,0.024123915,0.0
2,2,0.17068094,0.0,0.80519515,0.0,0.0,0.0,0.0,0.0,0.0,0.0,0.024123915,0.0
2,2,0.17068094,0.0,0.80519515,0.0,0.0,0.0,0.0,0.0,0.0,0.0,0.024123915,0.0
2,2,0.17068094,0.0,0.80519515,0.0,0.0,0.0,0.0,0.0,0.0,0.0,0.024123915,0.0
2,2,0.17068094,0.0,0.80519515,0.0,0.0,0.0,0.0,0.0,0.0,0.0,0.024123915,0.0
2,2,0.17068094,0.0,0.80519515,0.0,0.0,0.0,0.0,0.0,0.0,0.0,0.024123915,0.0
2,2,0.17068094,0.0,0.80519515,0.0,0.0,0.0,0.0,0.0,0.0,0.0,0.024123915,0.0
2,2,0.17068094,0.0,0.80519515,0.0,0.0,0.0,0.0,0.0,0.0,0.0,0.024123915,0.0
2,2,0.17068094,0.0,0.80519515,0.0,0.0,0.0,0.0,0.0,0.0,0.0,0.024123915,0.0
2,2,0.17068094,0.0,0.80519515,0.0,0.0,0.0,0.0,0.0,0.0,0.0,0.024123915,0.0
2,2,0.17068094,0.0,0.80519515,0.0,0.0,0.0,0.0,0.0,0.0,0.0,0.024123915,0.0
2,2,0.17068094,0.0,0.80519515,0.0,0.0,0.0,0.0,0.0,0.0,0.0,0.024123915,0.0
2,2,0.17068094,0.0,0.80519515,0.0,0.0,0.0,0.0,0.0,0.0,0.0,0.024123915,0.0
2,2,0.17068094,0.0,0.80519515,0.0,0.0,0.0,0.0,0.0,0.0,0.0,0.024123915,0.0
2,2,0.17068094,0.0,0.80519515,0.0,0.0,0.0,0.0,0.0,0.0,0.0,0.024123915,0.0
2,2,0.17068094,0.0,0.80519515,0.0,0.0,0.0,0.0,0.0,0.0,0.0,0.024123915,0.0
2,2,0.17068094,0.0,0.80519515,0.0,0.0,0.0,0.0,0.0,0.0,0.0,0.024123915,0.0
2,2,0.17068094,0.0,0.80519515,0.0,0.0,0.0,0.0,0.0,0.0,0.0,0.024123915,0.0
2,2,0.17068094,0.0,0.80519515,0.0,0.0,0.0,0.0,0.0,0.0,0.0,0.024123915,0.0
2,2,0.17068094,0.0,0.80519515,0.0,0.0,0.0,0.0,0.0,0.0,0.0,0.024123915,0.0
2,2,0.17068094,0.0,0.80519515,0.0,0.0,0.0,0.0,0.0,0.0,0.0,0.024123915,0.0
2,2,0.17068094,0.0,0.80519515,0.0,0.0,0.0,0.0,0.0,0.0,0.0,0.024123915,0.0
2,2,0.17068094,0.0,0.80519515,0.0,0.0,0.0,0.0,0.0,0.0,0.0,0.024123915,0.0
2,2,0.17068094,0.0,0.80519515,0.0,0.0,0.0,0.0,0.0,0.0,0.0,0.024123915,0.0
2,2,0.17068094,0.0,0.80519515,0.0,0.0,0.0,0.0,0.0,0.0,0.0,0.024123915,0.0
2,2,0.17068094,0.0,0.80519515,0.0,0.0,0.0,0.0,0.0,0.0,0.0,0.024123915,0.0
2,2,0.17068094,0.0,0.80519515,0.0,0.0,0.0,0.0,0.0,0.0,0.0,0.024123915,0.0
2,2,0.17068094,0.0,0.80519515,0.0,0.0,0.0,0.0,0.0,0.0,0.0,0.024123915,0.0
2,2,0.17068094,0.0,0.80519515,0.0,0.0,0.0,0.0,0.0,0.0,0.0,0.024123915,0.0
2,2,0.17068094,0.0,0.80519515,0.0,0.0,0.0,0.0,0.0,0.0,0.0,0.024123915,0.0
2,2,0.17068094,0.0,0.80519515,0.0,0.0,0.0,0.0,0.0,0.0,0.0,0.024123915,0.0
2,2,0.17068094,0.0,0.80519515,0.0,0.0,0.0,0.0,0.0,0.0,0.0,0.024123915,0.0
2,2,0.17068094,0.0,0.80519515,0.0,0.0,0.0,0.0,0.0,0.0,0.0,0.024123915,0.0
2,2,0.17068094,0.0,0.80519515,0.0,0.0,0.0,0.0,0.0,0.0,0.0,0.024123915,0.0
2,2,0.17068094,0.0,0.80519515,0.0,0.0,0.0,0.0,0.0,0.0,0.0,0.024123915,0.0
2,2,0.17068094,0.0,0.80519515,0.0,0.0,0.0,0.0,0.0,0.0,0.0,0.024123915,0.0
2,2,0.17068094,0.0,0.80519515,0.0,0.0,0.0,0.0,0.0,0.0,0.0,0.024123915,0.0
2,2,0.17068094,0.0,0.80519515,0.0,0.0,0.0,0.0,0.0,0.0,0.0,0.024123915,0.0
2,2,0.17068094,0.0,0.80519515,0.0,0.0,0.0,0.0,0.0,0.0,0.0,0.024123915,0.0
2,2,0.17068094,0.0,0.80519515,0.0,0.0,0.0,0.0,0.0,0.0,0.0,0.024123915,0.0
2,2,0.17068094,0.0,0.80519515,0.0,0.0,0.0,0.0,0.0,0.0,0.0,0.024123915,0.0
2,2,0.17068094,0.0,0.80519515,0.0,0.0,0.0,0.0,0.0,0.0,0.0,0.024123915,0.0
2,2,0.17068094,0.0,0.80519515,0.0,0.0,0.0,0.0,0.0,0.0,0.0,0.024123915,0.0
2,2,0.17068094,0.0,0.80519515,0.0,0.0,0.0,0.0,0.0,0.0,0.0,0.024123915,0.0
2,2,0.17068094,0.0,0.80519515,0.0,0.0,0.0,0.0,0.0,0.0,0.0,0.024123915,0.0
2,2,0.17068094,0.0,0.80519515,0.0,0.0,0.0,0.0,0.0,0.0,0.0,0.024123915,0.0
2,2,0.17068094,0.0,0.80519515,0.0,0.0,0.0,0.0,0.0,0.0,0.0,0.024123915,0.0
2,2,0.17068094,0.0,0.80519515,0.0,0.0,0.0,0.0,0.0,0.0,0.0,0.024123915,0.0
2,2,0.17068094,0.0,0.80519515,0.0,0.0,0.0,0.0,0.0,0.0,0.0,0.024123915,0.0
2,2,0.17068094,0.0,0.80519515,0.0,0.0,0.0,0.0,0.0,0.0,0.0,0.024123915,0.0
2,2,0.17068094,0.0,0.80519515,0.0,0.0,0.0,0.0,0.0,0.0,0.0,0.024123915,0.0
2,2,0.17068094,0.0,0.80519515,0.0,0.0,0.0,0.0,0.0,0.0,0.0,0.024123915,0.0
2,2,0.17068094,0.0,0.80519515,0.0,0.0,0.0,0.0,0.0,0.0,0.0,0.024123915,0.0
2,2,0.17068094,0.0,0.80519515,0.0,0.0,0.0,0.0,0.0,0.0,0.0,0.024123915,0.0
2,2,0.17068094,0.0,0.80519515,0.0,0.0,0.0,0.0,0.0,0.0,0.0,0.024123915,0.0
2,2,0.17068094,0.0,0.80519515,0.0,0.0,0.0,0.0,0.0,0.0,0.0,0.024123915,0.0
2,2,0.17068094,0.0,0.80519515,0.0,0.0,0.0,0.0,0.0,0.0,0.0,0.024123915,0.0
2,2,0.17068094,0.0,0.80519515,0.0,0.0,0.0,0.0,0.0,0.0,0.0,0.024123915,0.0
2,2,0.17068094,0.0,0.80519515,0.0,0.0,0.0,0.0,0.0,0.0,0.0,0.024123915,0.0
2,2,0.17068094,0.0,0.80519515,0.0,0.0,0.0,0.0,0.0,0.0,0.0,0.024123915,0.0
2,2,0.17068094,0.0,0.80519515,0.0,0.0,0.0,0.0,0.0,0.0,0.0,0.024123915,0.0
2,2,0.17068094,0.0,0.80519515,0.0,0.0,0.0,0.0,0.0,0.0,0.0,0.024123915,0.0
2,2,0.17068094,0.0,0.80519515,0.0,0.0,0.0,0.0,0.0,0.0,0.0,0.024123915,0.0
2,2,0.17068094,0.0,0.80519515,0.0,0.0,0.0,0.0,0.0,0.0,0.0,0.024123915,0.0
2,2,0.17068094,0.0,0.80519515,0.0,0.0,0.0,0.0,0.0,0.0,0.0,0.024123915,0.0
2,2,0.17068094,0.0,0.80519515,0.0,0.0,0.0,0.0,0.0,0.0,0.0,0.024123915,0.0
2,2,0.17068094,0.0,0.80519515,0.0,0.0,0.0,0.0,0.0,0.0,0.0,0.024123915,0.0
2,2,0.17068094,0.0,0.80519515,0.0,0.0,0.0,0.0,0.0,0.0,0.0,0.024123915,0.0
2,2,0.17068094,0.0,0.80519515,0.0,0.0,0.0,0.0,0.0,0.0,0.0,0.024123915,0.0
2,2,0.17068094,0.0,0.80519515,0.0,0.0,0.0,0.0,0.0,0.0,0.0,0.024123915,0.0
2,2,0.17068094,0.0,0.80519515,0.0,0.0,0.0,0.0,0.0,0.0,0.0,0.024123915,0.0
2,2,0.17068094,0.0,0.80519515,0.0,0.0,0.0,0.0,0.0,0.0,0.0,0.024123915,0.0
2,2,0.17068094,0.0,0.80519515,0.0,0.0,0.0,0.0,0.0,0.0,0.0,0.024123915,0.0
2,2,0.17068094,0.0,0.80519515,0.0,0.0,0.0,0.0,0.0,0.0,0.0,0.024123915,0.0
2,2,0.17068094,0.0,0.80519515,0.0,0.0,0.0,0.0,0.0,0.0,0.0,0.024123915,0.0
2,2,0.17068094,0.0,0.80519515,0.0,0.0,0.0,0.0,0.0,0.0,0.0,0.024123915,0.0
2,2,0.17068094,0.0,0.80519515,0.0,0.0,0.0,0.0,0.0,0.0,0.0,0.024123915,0.0
2,2,0.17068094,0.0,0.80519515,0.0,0.0,0.0,0.0,0.0,0.0,0.0,0.024123915,0.0
2,2,0.17068094,0.0,0.80519515,0.0,0.0,0.0,0.0,0.0,0.0,0.0,0.024123915,0.0
2,2,0.17068094,0.0,0.80519515,0.0,0.0,0.0,0.0,0.0,0.0,0.0,0.024123915,0.0
2,2,0.17068094,0.0,0.80519515,0.0,0.0,0.0,0.0,0.0,0.0,0.0,0.024123915,0.0
2,2,0.17068094,0.0,0.80519515,0.0,0.0,0.0,0.0,0.0,0.0,0.0,0.024123915,0.0
2,2,0.17068094,0.0,0.80519515,0.0,0.0,0.0,0.0,0.0,0.0,0.0,0.024123915,0.0
2,2,0.17068094,0.0,0.80519515,0.0,0.0,0.0,0.0,0.0,0.0,0.0,0.024123915,0.0
2,2,0.17068094,0.0,0.80519515,0.0,0.0,0.0,0.0,0.0,0.0,0.0,0.024123915,0.0
2,2,0.17068094,0.0,0.80519515,0.0,0.0,0.0,0.0,0.0,0.0,0.0,0.024123915,0.0
2,2,0.17068094,0.0,0.80519515,0.0,0.0,0.0,0.0,0.0,0.0,0.0,0.024123915,0.0
2,2,0.17068094,0.0,0.80519515,0.0,0.0,0.0,0.0,0.0,0.0,0.0,0.024123915,0.0
2,2,0.17068094,0.0,0.80519515,0.0,0.0,0.0,0.0,0.0,0.0,0.0,0.024123915,0.0
2,2,0.17068094,0.0,0.80519515,0.0,0.0,0.0,0.0,0.0,0.0,0.0,0.024123915,0.0
2,2,0.17068094,0.0,0.80519515,0.0,0.0,0.0,0.0,0.0,0.0,0.0,0.024123915,0.0
2,2,0.17068094,0.0,0.80519515,0.0,0.0,0.0,0.0,0.0,0.0,0.0,0.024123915,0.0
2,2,0.17068094,0.0,0.80519515,0.0,0.0,0.0,0.0,0.0,0.0,0.0,0.024123915,0.0
2,2,0.17068094,0.0,0.80519515,0.0,0.0,0.0,0.0,0.0,0.0,0.0,0.024123915,0.0
2,2,0.17068094,0.0,0.80519515,0.0,0.0,0.0,0.0,0.0,0.0,0.0,0.024123915,0.0
2,2,0.17068094,0.0,0.80519515,0.0,0.0,0.0,0.0,0.0,0.0,0.0,0.024123915,0.0
2,2,0.17068094,0.0,0.80519515,0.0,0.0,0.0,0.0,0.0,0.0,0.0,0.024123915,0.0
2,2,0.17068094,0.0,0.80519515,0.0,0.0,0.0,0.0,0.0,0.0,0.0,0.024123915,0.0
2,2,0.17068094,0.0,0.80519515,0.0,0.0,0.0,0.0,0.0,0.0,0.0,0.024123915,0.0
2,2,0.17068094,0.0,0.80519515,0.0,0.0,0.0,0.0,0.0,0.0,0.0,0.024123915,0.0
2,2,0.17068094,0.0,0.80519515,0.0,0.0,0.0,0.0,0.0,0.0,0.0,0.024123915,0.0
2,2,0.17068094,0.0,0.80519515,0.0,0.0,0.0,0.0,0.0,0.0,0.0,0.024123915,0.0
2,2,0.17068094,0.0,0.80519515,0.0,0.0,0.0,0.0,0.0,0.0,0.0,0.024123915,0.0
2,2,0.17068094,0.0,0.80519515,0.0,0.0,0.0,0.0,0.0,0.0,0.0,0.024123915,0.0
2,2,0.17068094,0.0,0.80519515,0.0,0.0,0.0,0.0,0.0,0.0,0.0,0.024123915,0.0
2,2,0.17068094,0.0,0.80519515,0.0,0.0,0.0,0.0,0.0,0.0,0.0,0.024123915,0.0
2,2,0.17068094,0.0,0.80519515,0.0,0.0,0.0,0.0,0.0,0.0,0.0,0.024123915,0.0
2,2,0.17068094,0.0,0.80519515,0.0,0.0,0.0,0.0,0.0,0.0,0.0,0.024123915,0.0
2,2,0.17068094,0.0,0.80519515,0.0,0.0,0.0,0.0,0.0,0.0,0.0,0.024123915,0.0
2,2,0.17068094,0.0,0.80519515,0.0,0.0,0.0,0.0,0.0,0.0,0.0,0.024123915,0.0
2,2,0.17068094,0.0,0.80519515,0.0,0.0,0.0,0.0,0.0,0.0,0.0,0.024123915,0.0
2,2,0.17068094,0.0,0.80519515,0.0,0.0,0.0,0.0,0.0,0.0,0.0,0.024123915,0.0
2,2,0.17068094,0.0,0.80519515,0.0,0.0,0.0,0.0,0.0,0.0,0.0,0.024123915,0.0
2,2,0.17068094,0.0,0.80519515,0.0,0.0,0.0,0.0,0.0,0.0,0.0,0.024123915,0.0
2,2,0.17068094,0.0,0.80519515,0.0,0.0,0.0,0.0,0.0,0.0,0.0,0.024123915,0.0
2,2,0.17068094,0.0,0.80519515,0.0,0.0,0.0,0.0,0.0,0.0,0.0,0.024123915,0.0
2,2,0.17068094,0.0,0.80519515,0.0,0.0,0.0,0.0,0.0,0.0,0.0,0.024123915,0.0
2,2,0.17068094,0.0,0.80519515,0.0,0.0,0.0,0.0,0.0,0.0,0.0,0.024123915,0.0
2,2,0.17068094,0.0,0.80519515,0.0,0.0,0.0,0.0,0.0,0.0,0.0,0.024123915,0.0
2,2,0.17068094,0.0,0.80519515,0.0,0.0,0.0,0.0,0.0,0.0,0.0,0.024123915,0.0
2,2,0.17068094,0.0,0.80519515,0.0,0.0,0.0,0.0,0.0,0.0,0.0,0.024123915,0.0
2,2,0.17068094,0.0,0.80519515,0.0,0.0,0.0,0.0,0.0,0.0,0.0,0.024123915,0.0
2,2,0.17068094,0.0,0.80519515,0.0,0.0,0.0,0.0,0.0,0.0,0.0,0.024123915,0.0
2,2,0.17068094,0.0,0.80519515,0.0,0.0,0.0,0.0,0.0,0.0,0.0,0.024123915,0.0
2,2,0.17068094,0.0,0.80519515,0.0,0.0,0.0,0.0,0.0,0.0,0.0,0.024123915,0.0
2,2,0.17068094,0.0,0.80519515,0.0,0.0,0.0,0.0,0.0,0.0,0.0,0.024123915,0.0
2,2,0.17068094,0.0,0.80519515,0.0,0.0,0.0,0.0,0.0,0.0,0.0,0.024123915,0.0
2,2,0.17068094,0.0,0.80519515,0.0,0.0,0.0,0.0,0.0,0.0,0.0,0.024123915,0.0
2,2,0.17068094,0.0,0.80519515,0.0,0.0,0.0,0.0,0.0,0.0,0.0,0.024123915,0.0
2,2,0.17068094,0.0,0.80519515,0.0,0.0,0.0,0.0,0.0,0.0,0.0,0.024123915,0.0
2,2,0.17068094,0.0,0.80519515,0.0,0.0,0.0,0.0,0.0,0.0,0.0,0.024123915,0.0
2,2,0.17068094,0.0,0.80519515,0.0,0.0,0.0,0.0,0.0,0.0,0.0,0.024123915,0.0
2,2,0.17068094,0.0,0.80519515,0.0,0.0,0.0,0.0,0.0,0.0,0.0,0.024123915,0.0
2,2,0.17068094,0.0,0.80519515,0.0,0.0,0.0,0.0,0.0,0.0,0.0,0.024123915,0.0
2,2,0.17068094,0.0,0.80519515,0.0,0.0,0.0,0.0,0.0,0.0,0.0,0.024123915,0.0
2,2,0.17068094,0.0,0.80519515,0.0,0.0,0.0,0.0,0.0,0.0,0.0,0.024123915,0.0
2,2,0.17068094,0.0,0.80519515,0.0,0.0,0.0,0.0,0.0,0.0,0.0,0.024123915,0.0
2,2,0.17068094,0.0,0.80519515,0.0,0.0,0.0,0.0,0.0,0.0,0.0,0.024123915,0.0
2,2,0.17068094,0.0,0.80519515,0.0,0.0,0.0,0.0,0.0,0.0,0.0,0.024123915,0.0
2,2,0.17068094,0.0,0.80519515,0.0,0.0,0.0,0.0,0.0,0.0,0.0,0.024123915,0.0
2,2,0.17068094,0.0,0.80519515,0.0,0.0,0.0,0.0,0.0,0.0,0.0,0.024123915,0.0
2,2,0.17068094,0.0,0.80519515,0.0,0.0,0.0,0.0,0.0,0.0,0.0,0.024123915,0.0
2,2,0.17068094,0.0,0.80519515,0.0,0.0,0.0,0.0,0.0,0.0,0.0,0.024123915,0.0
2,2,0.17068094,0.0,0.80519515,0.0,0.0,0.0,0.0,0.0,0.0,0.0,0.024123915,0.0
2,2,0.17068094,0.0,0.80519515,0.0,0.0,0.0,0.0,0.0,0.0,0.0,0.024123915,0.0
2,2,0.17068094,0.0,0.80519515,0.0,0.0,0.0,0.0,0.0,0.0,0.0,0.024123915,0.0
2,2,0.17068094,0.0,0.80519515,0.0,0.0,0.0,0.0,0.0,0.0,0.0,0.024123915,0.0
2,2,0.17068094,0.0,0.80519515,0.0,0.0,0.0,0.0,0.0,0.0,0.0,0.024123915,0.0
2,2,0.17068094,0.0,0.80519515,0.0,0.0,0.0,0.0,0.0,0.0,0.0,0.024123915,0.0
2,2,0.17068094,0.0,0.80519515,0.0,0.0,0.0,0.0,0.0,0.0,0.0,0.024123915,0.0
2,2,0.17068094,0.0,0.80519515,0.0,0.0,0.0,0.0,0.0,0.0,0.0,0.024123915,0.0
2,2,0.17068094,0.0,0.80519515,0.0,0.0,0.0,0.0,0.0,0.0,0.0,0.024123915,0.0
2,2,0.17068094,0.0,0.80519515,0.0,0.0,0.0,0.0,0.0,0.0,0.0,0.024123915,0.0
2,2,0.17068094,0.0,0.80519515,0.0,0.0,0.0,0.0,0.0,0.0,0.0,0.024123915,0.0
2,2,0.17068094,0.0,0.80519515,0.0,0.0,0.0,0.0,0.0,0.0,0.0,0.024123915,0.0
2,2,0.17068094,0.0,0.80519515,0.0,0.0,0.0,0.0,0.0,0.0,0.0,0.024123915,0.0
2,2,0.17068094,0.0,0.80519515,0.0,0.0,0.0,0.0,0.0,0.0,0.0,0.024123915,0.0
2,2,0.17068094,0.0,0.80519515,0.0,0.0,0.0,0.0,0.0,0.0,0.0,0.024123915,0.0
2,2,0.17068094,0.0,0.80519515,0.0,0.0,0.0,0.0,0.0,0.0,0.0,0.024123915,0.0
2,2,0.17068094,0.0,0.80519515,0.0,0.0,0.0,0.0,0.0,0.0,0.0,0.024123915,0.0
2,2,0.17068094,0.0,0.80519515,0.0,0.0,0.0,0.0,0.0,0.0,0.0,0.024123915,0.0
2,2,0.17068094,0.0,0.80519515,0.0,0.0,0.0,0.0,0.0,0.0,0.0,0.024123915,0.0
2,2,0.17068094,0.0,0.80519515,0.0,0.0,0.0,0.0,0.0,0.0,0.0,0.024123915,0.0
2,2,0.17068094,0.0,0.80519515,0.0,0.0,0.0,0.0,0.0,0.0,0.0,0.024123915,0.0
2,2,0.17068094,0.0,0.80519515,0.0,0.0,0.0,0.0,0.0,0.0,0.0,0.024123915,0.0
2,2,0.17068094,0.0,0.80519515,0.0,0.0,0.0,0.0,0.0,0.0,0.0,0.024123915,0.0
2,2,0.17068094,0.0,0.80519515,0.0,0.0,0.0,0.0,0.0,0.0,0.0,0.024123915,0.0
2,2,0.17068094,0.0,0.80519515,0.0,0.0,0.0,0.0,0.0,0.0,0.0,0.024123915,0.0
2,2,0.1307021,0.0,0.845174,0.0,0.0,0.0,0.0,0.0,0.0,0.0,0.024123915,0.0
2,2,0.1307021,0.0,0.845174,0.0,0.0,0.0,0.0,0.0,0.0,0.0,0.024123915,0.0
2,2,0.1307021,0.0,0.845174,0.0,0.0,0.0,0.0,0.0,0.0,0.0,0.024123915,0.0
2,2,0.1307021,0.0,0.845174,0.0,0.0,0.0,0.0,0.0,0.0,0.0,0.024123915,0.0
2,2,0.1307021,0.0,0.845174,0.0,0.0,0.0,0.0,0.0,0.0,0.0,0.024123915,0.0
2,2,0.1307021,0.0,0.845174,0.0,0.0,0.0,0.0,0.0,0.0,0.0,0.024123915,0.0
2,2,0.1307021,0.0,0.845174,0.0,0.0,0.0,0.0,0.0,0.0,0.0,0.024123915,0.0
2,2,0.1307021,0.0,0.845174,0.0,0.0,0.0,0.0,0.0,0.0,0.0,0.024123915,0.0
2,2,0.1307021,0.0,0.845174,0.0,0.0,0.0,0.0,0.0,0.0,0.0,0.024123915,0.0
2,2,0.1307021,0.0,0.845174,0.0,0.0,0.0,0.0,0.0,0.0,0.0,0.024123915,0.0
2,2,0.1307021,0.0,0.845174,0.0,0.0,0.0,0.0,0.0,0.0,0.0,0.024123915,0.0
2,2,0.1307021,0.0,0.845174,0.0,0.0,0.0,0.0,0.0,0.0,0.0,0.024123915,0.0
2,2,0.1307021,0.0,0.845174,0.0,0.0,0.0,0.0,0.0,0.0,0.0,0.024123915,0.0
2,2,0.1307021,0.0,0.845174,0.0,0.0,0.0,0.0,0.0,0.0,0.0,0.024123915,0.0
2,2,0.1307021,0.0,0.845174,0.0,0.0,0.0,0.0,0.0,0.0,0.0,0.024123915,0.0
2,2,0.1307021,0.0,0.845174,0.0,0.0,0.0,0.0,0.0,0.0,0.0,0.024123915,0.0
2,2,0.1307021,0.0,0.845174,0.0,0.0,0.0,0.0,0.0,0.0,0.0,0.024123915,0.0
2,2,0.1307021,0.0,0.845174,0.0,0.0,0.0,0.0,0.0,0.0,0.0,0.024123915,0.0
2,2,0.1307021,0.0,0.845174,0.0,0.0,0.0,0.0,0.0,0.0,0.0,0.024123915,0.0
2,2,0.1307021,0.0,0.845174,0.0,0.0,0.0,0.0,0.0,0.0,0.0,0.024123915,0.0
2,2,0.1307021,0.0,0.845174,0.0,0.0,0.0,0.0,0.0,0.0,0.0,0.024123915,0.0
2,2,0.1307021,0.0,0.845174,0.0,0.0,0.0,0.0,0.0,0.0,0.0,0.024123915,0.0
2,2,0.1307021,0.0,0.845174,0.0,0.0,0.0,0.0,0.0,0.0,0.0,0.024123915,0.0
2,2,0.1307021,0.0,0.845174,0.0,0.0,0.0,0.0,0.0,0.0,0.0,0.024123915,0.0
2,2,0.1307021,0.0,0.845174,0.0,0.0,0.0,0.0,0.0,0.0,0.0,0.024123915,0.0
2,2,0.1307021,0.0,0.845174,0.0,0.0,0.0,0.0,0.0,0.0,0.0,0.024123915,0.0
2,2,0.1307021,0.0,0.845174,0.0,0.0,0.0,0.0,0.0,0.0,0.0,0.024123915,0.0
2,2,0.1307021,0.0,0.845174,0.0,0.0,0.0,0.0,0.0,0.0,0.0,0.024123915,0.0
2,2,0.1307021,0.0,0.845174,0.0,0.0,0.0,0.0,0.0,0.0,0.0,0.024123915,0.0
2,2,0.1307021,0.0,0.845174,0.0,0.0,0.0,0.0,0.0,0.0,0.0,0.024123915,0.0
2,2,0.1307021,0.0,0.845174,0.0,0.0,0.0,0.0,0.0,0.0,0.0,0.024123915,0.0
2,2,0.1307021,0.0,0.845174,0.0,0.0,0.0,0.0,0.0,0.0,0.0,0.024123915,0.0
2,2,0.1307021,0.0,0.845174,0.0,0.0,0.0,0.0,0.0,0.0,0.0,0.024123915,0.0
2,2,0.1307021,0.0,0.845174,0.0,0.0,0.0,0.0,0.0,0.0,0.0,0.024123915,0.0
2,2,0.1307021,0.0,0.845174,0.0,0.0,0.0,0.0,0.0,0.0,0.0,0.024123915,0.0
2,2,0.1307021,0.0,0.845174,0.0,0.0,0.0,0.0,0.0,0.0,0.0,0.024123915,0.0
2,2,0.1307021,0.0,0.845174,0.0,0.0,0.0,0.0,0.0,0.0,0.0,0.024123915,0.0
2,2,0.1307021,0.0,0.845174,0.0,0.0,0.0,0.0,0.0,0.0,0.0,0.024123915,0.0
2,2,0.1307021,0.0,0.845174,0.0,0.0,0.0,0.0,0.0,0.0,0.0,0.024123915,0.0
2,2,0.1307021,0.0,0.845174,0.0,0.0,0.0,0.0,0.0,0.0,0.0,0.024123915,0.0
2,2,0.1307021,0.0,0.845174,0.0,0.0,0.0,0.0,0.0,0.0,0.0,0.024123915,0.0
2,2,0.1307021,0.0,0.845174,0.0,0.0,0.0,0.0,0.0,0.0,0.0,0.024123915,0.0
2,2,0.1307021,0.0,0.845174,0.0,0.0,0.0,0.0,0.0,0.0,0.0,0.024123915,0.0
2,2,0.1307021,0.0,0.845174,0.0,0.0,0.0,0.0,0.0,0.0,0.0,0.024123915,0.0
2,2,0.1307021,0.0,0.845174,0.0,0.0,0.0,0.0,0.0,0.0,0.0,0.024123915,0.0
2,2,0.1307021,0.0,0.845174,0.0,0.0,0.0,0.0,0.0,0.0,0.0,0.024123915,0.0
2,2,0.1307021,0.0,0.845174,0.0,0.0,0.0,0.0,0.0,0.0,0.0,0.024123915,0.0
2,2,0.1307021,0.0,0.845174,0.0,0.0,0.0,0.0,0.0,0.0,0.0,0.024123915,0.0
2,2,0.1307021,0.0,0.845174,0.0,0.0,0.0,0.0,0.0,0.0,0.0,0.024123915,0.0
2,2,0.1307021,0.0,0.845174,0.0,0.0,0.0,0.0,0.0,0.0,0.0,0.024123915,0.0
2,2,0.1307021,0.0,0.845174,0.0,0.0,0.0,0.0,0.0,0.0,0.0,0.024123915,0.0
2,2,0.1307021,0.0,0.845174,0.0,0.0,0.0,0.0,0.0,0.0,0.0,0.024123915,0.0
2,2,0.1307021,0.0,0.845174,0.0,0.0,0.0,0.0,0.0,0.0,0.0,0.024123915,0.0
2,2,0.1307021,0.0,0.845174,0.0,0.0,0.0,0.0,0.0,0.0,0.0,0.024123915,0.0
2,2,0.1307021,0.0,0.845174,0.0,0.0,0.0,0.0,0.0,0.0,0.0,0.024123915,0.0
2,2,0.1307021,0.0,0.845174,0.0,0.0,0.0,0.0,0.0,0.0,0.0,0.024123915,0.0
2,2,0.1307021,0.0,0.845174,0.0,0.0,0.0,0.0,0.0,0.0,0.0,0.024123915,0.0
2,2,0.1307021,0.0,0.845174,0.0,0.0,0.0,0.0,0.0,0.0,0.0,0.024123915,0.0
2,2,0.1307021,0.0,0.845174,0.0,0.0,0.0,0.0,0.0,0.0,0.0,0.024123915,0.0
2,2,0.1307021,0.0,0.845174,0.0,0.0,0.0,0.0,0.0,0.0,0.0,0.024123915,0.0
2,2,0.1307021,0.0,0.845174,0.0,0.0,0.0,0.0,0.0,0.0,0.0,0.024123915,0.0
2,2,0.1307021,0.0,0.845174,0.0,0.0,0.0,0.0,0.0,0.0,0.0,0.024123915,0.0
2,2,0.1307021,0.0,0.845174,0.0,0.0,0.0,0.0,0.0,0.0,0.0,0.024123915,0.0
2,2,0.1307021,0.0,0.845174,0.0,0.0,0.0,0.0,0.0,0.0,0.0,0.024123915,0.0
2,2,0.1307021,0.0,0.845174,0.0,0.0,0.0,0.0,0.0,0.0,0.0,0.024123915,0.0
2,2,0.1307021,0.0,0.845174,0.0,0.0,0.0,0.0,0.0,0.0,0.0,0.024123915,0.0
2,2,0.1307021,0.0,0.845174,0.0,0.0,0.0,0.0,0.0,0.0,0.0,0.024123915,0.0
2,2,0.1307021,0.0,0.845174,0.0,0.0,0.0,0.0,0.0,0.0,0.0,0.024123915,0.0
2,2,0.1307021,0.0,0.845174,0.0,0.0,0.0,0.0,0.0,0.0,0.0,0.024123915,0.0
2,2,0.1307021,0.0,0.845174,0.0,0.0,0.0,0.0,0.0,0.0,0.0,0.024123915,0.0
2,2,0.1307021,0.0,0.845174,0.0,0.0,0.0,0.0,0.0,0.0,0.0,0.024123915,0.0
2,2,0.1307021,0.0,0.845174,0.0,0.0,0.0,0.0,0.0,0.0,0.0,0.024123915,0.0
2,2,0.1307021,0.0,0.845174,0.0,0.0,0.0,0.0,0.0,0.0,0.0,0.024123915,0.0
2,2,0.1307021,0.0,0.845174,0.0,0.0,0.0,0.0,0.0,0.0,0.0,0.024123915,0.0
2,2,0.1307021,0.0,0.845174,0.0,0.0,0.0,0.0,0.0,0.0,0.0,0.024123915,0.0
2,2,0.1307021,0.0,0.845174,0.0,0.0,0.0,0.0,0.0,0.0,0.0,0.024123915,0.0
2,2,0.1307021,0.0,0.845174,0.0,0.0,0.0,0.0,0.0,0.0,0.0,0.024123915,0.0
2,2,0.1307021,0.0,0.845174,0.0,0.0,0.0,0.0,0.0,0.0,0.0,0.024123915,0.0
2,2,0.1307021,0.0,0.845174,0.0,0.0,0.0,0.0,0.0,0.0,0.0,0.024123915,0.0
2,2,0.1307021,0.0,0.845174,0.0,0.0,0.0,0.0,0.0,0.0,0.0,0.024123915,0.0
2,2,0.1307021,0.0,0.845174,0.0,0.0,0.0,0.0,0.0,0.0,0.0,0.024123915,0.0
2,2,0.1307021,0.0,0.845174,0.0,0.0,0.0,0.0,0.0,0.0,0.0,0.024123915,0.0
2,2,0.1307021,0.0,0.845174,0.0,0.0,0.0,0.0,0.0,0.0,0.0,0.024123915,0.0
2,2,0.1307021,0.0,0.845174,0.0,0.0,0.0,0.0,0.0,0.0,0.0,0.024123915,0.0
2,2,0.1307021,0.0,0.845174,0.0,0.0,0.0,0.0,0.0,0.0,0.0,0.024123915,0.0
2,2,0.1307021,0.0,0.845174,0.0,0.0,0.0,0.0,0.0,0.0,0.0,0.024123915,0.0
2,2,0.1307021,0.0,0.845174,0.0,0.0,0.0,0.0,0.0,0.0,0.0,0.024123915,0.0
2,2,0.1307021,0.0,0.845174,0.0,0.0,0.0,0.0,0.0,0.0,0.0,0.024123915,0.0
2,2,0.1307021,0.0,0.845174,0.0,0.0,0.0,0.0,0.0,0.0,0.0,0.024123915,0.0
2,2,0.1307021,0.0,0.845174,0.0,0.0,0.0,0.0,0.0,0.0,0.0,0.024123915,0.0
2,2,0.1307021,0.0,0.845174,0.0,0.0,0.0,0.0,0.0,0.0,0.0,0.024123915,0.0
2,2,0.1307021,0.0,0.845174,0.0,0.0,0.0,0.0,0.0,0.0,0.0,0.024123915,0.0
2,2,0.1307021,0.0,0.845174,0.0,0.0,0.0,0.0,0.0,0.0,0.0,0.024123915,0.0
2,2,0.1307021,0.0,0.845174,0.0,0.0,0.0,0.0,0.0,0.0,0.0,0.024123915,0.0
2,2,0.1307021,0.0,0.845174,0.0,0.0,0.0,0.0,0.0,0.0,0.0,0.024123915,0.0
2,2,0.1307021,0.0,0.845174,0.0,0.0,0.0,0.0,0.0,0.0,0.0,0.024123915,0.0
2,2,0.1307021,0.0,0.845174,0.0,0.0,0.0,0.0,0.0,0.0,0.0,0.024123915,0.0
2,2,0.1307021,0.0,0.845174,0.0,0.0,0.0,0.0,0.0,0.0,0.0,0.024123915,0.0
2,2,0.1307021,0.0,0.845174,0.0,0.0,0.0,0.0,0.0,0.0,0.0,0.024123915,0.0
2,2,0.1307021,0.0,0.845174,0.0,0.0,0.0,0.0,0.0,0.0,0.0,0.024123915,0.0
2,2,0.1307021,0.0,0.845174,0.0,0.0,0.0,0.0,0.0,0.0,0.0,0.024123915,0.0
2,2,0.1307021,0.0,0.845174,0.0,0.0,0.0,0.0,0.0,0.0,0.0,0.024123915,0.0
2,2,0.1307021,0.0,0.845174,0.0,0.0,0.0,0.0,0.0,0.0,0.0,0.024123915,0.0
2,2,0.1307021,0.0,0.845174,0.0,0.0,0.0,0.0,0.0,0.0,0.0,0.024123915,0.0
2,2,0.1307021,0.0,0.845174,0.0,0.0,0.0,0.0,0.0,0.0,0.0,0.024123915,0.0
2,2,0.1307021,0.0,0.845174,0.0,0.0,0.0,0.0,0.0,0.0,0.0,0.024123915,0.0
2,2,0.1307021,0.0,0.845174,0.0,0.0,0.0,0.0,0.0,0.0,0.0,0.024123915,0.0
2,2,0.1307021,0.0,0.845174,0.0,0.0,0.0,0.0,0.0,0.0,0.0,0.024123915,0.0
2,2,0.1307021,0.0,0.845174,0.0,0.0,0.0,0.0,0.0,0.0,0.0,0.024123915,0.0
2,2,0.1307021,0.0,0.845174,0.0,0.0,0.0,0.0,0.0,0.0,0.0,0.024123915,0.0
2,2,0.1307021,0.0,0.845174,0.0,0.0,0.0,0.0,0.0,0.0,0.0,0.024123915,0.0
2,2,0.1307021,0.0,0.845174,0.0,0.0,0.0,0.0,0.0,0.0,0.0,0.024123915,0.0
2,2,0.1307021,0.0,0.845174,0.0,0.0,0.0,0.0,0.0,0.0,0.0,0.024123915,0.0
2,2,0.1307021,0.0,0.845174,0.0,0.0,0.0,0.0,0.0,0.0,0.0,0.024123915,0.0
2,2,0.1307021,0.0,0.845174,0.0,0.0,0.0,0.0,0.0,0.0,0.0,0.024123915,0.0
2,2,0.1307021,0.0,0.845174,0.0,0.0,0.0,0.0,0.0,0.0,0.0,0.024123915,0.0
2,2,0.1307021,0.0,0.845174,0.0,0.0,0.0,0.0,0.0,0.0,0.0,0.024123915,0.0
2,2,0.1307021,0.0,0.845174,0.0,0.0,0.0,0.0,0.0,0.0,0.0,0.024123915,0.0
2,2,0.1307021,0.0,0.845174,0.0,0.0,0.0,0.0,0.0,0.0,0.0,0.024123915,0.0
2,2,0.1307021,0.0,0.845174,0.0,0.0,0.0,0.0,0.0,0.0,0.0,0.024123915,0.0
2,2,0.1307021,0.0,0.845174,0.0,0.0,0.0,0.0,0.0,0.0,0.0,0.024123915,0.0
2,2,0.1307021,0.0,0.845174,0.0,0.0,0.0,0.0,0.0,0.0,0.0,0.024123915,0.0
2,2,0.1307021,0.0,0.845174,0.0,0.0,0.0,0.0,0.0,0.0,0.0,0.024123915,0.0
2,2,0.1307021,0.0,0.845174,0.0,0.0,0.0,0.0,0.0,0.0,0.0,0.024123915,0.0
2,2,0.1307021,0.0,0.845174,0.0,0.0,0.0,0.0,0.0,0.0,0.0,0.024123915,0.0
2,2,0.1307021,0.0,0.845174,0.0,0.0,0.0,0.0,0.0,0.0,0.0,0.024123915,0.0
2,2,0.1307021,0.0,0.845174,0.0,0.0,0.0,0.0,0.0,0.0,0.0,0.024123915,0.0
2,2,0.1307021,0.0,0.845174,0.0,0.0,0.0,0.0,0.0,0.0,0.0,0.024123915,0.0
2,2,0.1307021,0.0,0.845174,0.0,0.0,0.0,0.0,0.0,0.0,0.0,0.024123915,0.0
2,2,0.1307021,0.0,0.845174,0.0,0.0,0.0,0.0,0.0,0.0,0.0,0.024123915,0.0
2,2,0.1307021,0.0,0.845174,0.0,0.0,0.0,0.0,0.0,0.0,0.0,0.024123915,0.0
2,2,0.1307021,0.0,0.845174,0.0,0.0,0.0,0.0,0.0,0.0,0.0,0.024123915,0.0
2,2,0.1307021,0.0,0.845174,0.0,0.0,0.0,0.0,0.0,0.0,0.0,0.024123915,0.0
2,2,0.1307021,0.0,0.845174,0.0,0.0,0.0,0.0,0.0,0.0,0.0,0.024123915,0.0
2,2,0.1307021,0.0,0.845174,0.0,0.0,0.0,0.0,0.0,0.0,0.0,0.024123915,0.0
2,2,0.1307021,0.0,0.845174,0.0,0.0,0.0,0.0,0.0,0.0,0.0,0.024123915,0.0
2,2,0.1307021,0.0,0.845174,0.0,0.0,0.0,0.0,0.0,0.0,0.0,0.024123915,0.0
2,2,0.1307021,0.0,0.845174,0.0,0.0,0.0,0.0,0.0,0.0,0.0,0.024123915,0.0
2,2,0.1307021,0.0,0.845174,0.0,0.0,0.0,0.0,0.0,0.0,0.0,0.024123915,0.0
2,2,0.1307021,0.0,0.845174,0.0,0.0,0.0,0.0,0.0,0.0,0.0,0.024123915,0.0
2,2,0.1307021,0.0,0.845174,0.0,0.0,0.0,0.0,0.0,0.0,0.0,0.024123915,0.0
2,2,0.1307021,0.0,0.845174,0.0,0.0,0.0,0.0,0.0,0.0,0.0,0.024123915,0.0
2,2,0.1307021,0.0,0.845174,0.0,0.0,0.0,0.0,0.0,0.0,0.0,0.024123915,0.0
2,2,0.1307021,0.0,0.845174,0.0,0.0,0.0,0.0,0.0,0.0,0.0,0.024123915,0.0
2,2,0.1307021,0.0,0.845174,0.0,0.0,0.0,0.0,0.0,0.0,0.0,0.024123915,0.0
2,2,0.1307021,0.0,0.845174,0.0,0.0,0.0,0.0,0.0,0.0,0.0,0.024123915,0.0
2,2,0.1307021,0.0,0.845174,0.0,0.0,0.0,0.0,0.0,0.0,0.0,0.024123915,0.0
2,2,0.1307021,0.0,0.845174,0.0,0.0,0.0,0.0,0.0,0.0,0.0,0.024123915,0.0
2,2,0.1307021,0.0,0.845174,0.0,0.0,0.0,0.0,0.0,0.0,0.0,0.024123915,0.0
2,2,0.1307021,0.0,0.845174,0.0,0.0,0.0,0.0,0.0,0.0,0.0,0.024123915,0.0
2,2,0.1307021,0.0,0.845174,0.0,0.0,0.0,0.0,0.0,0.0,0.0,0.024123915,0.0
2,2,0.1307021,0.0,0.845174,0.0,0.0,0.0,0.0,0.0,0.0,0.0,0.024123915,0.0
2,2,0.1307021,0.0,0.845174,0.0,0.0,0.0,0.0,0.0,0.0,0.0,0.024123915,0.0
2,2,0.1307021,0.0,0.845174,0.0,0.0,0.0,0.0,0.0,0.0,0.0,0.024123915,0.0
2,2,0.1307021,0.0,0.845174,0.0,0.0,0.0,0.0,0.0,0.0,0.0,0.024123915,0.0
2,2,0.1307021,0.0,0.845174,0.0,0.0,0.0,0.0,0.0,0.0,0.0,0.024123915,0.0
2,2,0.1307021,0.0,0.845174,0.0,0.0,0.0,0.0,0.0,0.0,0.0,0.024123915,0.0
2,2,0.1307021,0.0,0.845174,0.0,0.0,0.0,0.0,0.0,0.0,0.0,0.024123915,0.0
2,2,0.1307021,0.0,0.845174,0.0,0.0,0.0,0.0,0.0,0.0,0.0,0.024123915,0.0
2,2,0.1307021,0.0,0.845174,0.0,0.0,0.0,0.0,0.0,0.0,0.0,0.024123915,0.0
2,2,0.1307021,0.0,0.845174,0.0,0.0,0.0,0.0,0.0,0.0,0.0,0.024123915,0.0
2,2,0.1307021,0.0,0.845174,0.0,0.0,0.0,0.0,0.0,0.0,0.0,0.024123915,0.0
2,2,0.1307021,0.0,0.845174,0.0,0.0,0.0,0.0,0.0,0.0,0.0,0.024123915,0.0
2,2,0.1307021,0.0,0.845174,0.0,0.0,0.0,0.0,0.0,0.0,0.0,0.024123915,0.0
2,2,0.1307021,0.0,0.845174,0.0,0.0,0.0,0.0,0.0,0.0,0.0,0.024123915,0.0
2,2,0.1307021,0.0,0.845174,0.0,0.0,0.0,0.0,0.0,0.0,0.0,0.024123915,0.0
2,2,0.1307021,0.0,0.845174,0.0,0.0,0.0,0.0,0.0,0.0,0.0,0.024123915,0.0
2,2,0.1307021,0.0,0.845174,0.0,0.0,0.0,0.0,0.0,0.0,0.0,0.024123915,0.0
2,2,0.1307021,0.0,0.845174,0.0,0.0,0.0,0.0,0.0,0.0,0.0,0.024123915,0.0
2,2,0.1307021,0.0,0.845174,0.0,0.0,0.0,0.0,0.0,0.0,0.0,0.024123915,0.0
2,2,0.1307021,0.0,0.845174,0.0,0.0,0.0,0.0,0.0,0.0,0.0,0.024123915,0.0
2,2,0.1307021,0.0,0.845174,0.0,0.0,0.0,0.0,0.0,0.0,0.0,0.024123915,0.0
2,2,0.1307021,0.0,0.845174,0.0,0.0,0.0,0.0,0.0,0.0,0.0,0.024123915,0.0
2,2,0.1307021,0.0,0.845174,0.0,0.0,0.0,0.0,0.0,0.0,0.0,0.024123915,0.0
2,2,0.1307021,0.0,0.845174,0.0,0.0,0.0,0.0,0.0,0.0,0.0,0.024123915,0.0
2,2,0.1307021,0.0,0.845174,0.0,0.0,0.0,0.0,0.0,0.0,0.0,0.024123915,0.0
2,2,0.1307021,0.0,0.845174,0.0,0.0,0.0,0.0,0.0,0.0,0.0,0.024123915,0.0
2,2,0.1307021,0.0,0.845174,0.0,0.0,0.0,0.0,0.0,0.0,0.0,0.024123915,0.0
2,2,0.1307021,0.0,0.845174,0.0,0.0,0.0,0.0,0.0,0.0,0.0,0.024123915,0.0
2,2,0.1307021,0.0,0.845174,0.0,0.0,0.0,0.0,0.0,0.0,0.0,0.024123915,0.0
2,2,0.1307021,0.0,0.845174,0.0,0.0,0.0,0.0,0.0,0.0,0.0,0.024123915,0.0
2,2,0.1307021,0.0,0.845174,0.0,0.0,0.0,0.0,0.0,0.0,0.0,0.024123915,0.0
2,2,0.1307021,0.0,0.845174,0.0,0.0,0.0,0.0,0.0,0.0,0.0,0.024123915,0.0
2,2,0.1307021,0.0,0.845174,0.0,0.0,0.0,0.0,0.0,0.0,0.0,0.024123915,0.0
2,2,0.1307021,0.0,0.845174,0.0,0.0,0.0,0.0,0.0,0.0,0.0,0.024123915,0.0
2,2,0.1307021,0.0,0.845174,0.0,0.0,0.0,0.0,0.0,0.0,0.0,0.024123915,0.0
2,2,0.1307021,0.0,0.845174,0.0,0.0,0.0,0.0,0.0,0.0,0.0,0.024123915,0.0
2,2,0.1307021,0.0,0.845174,0.0,0.0,0.0,0.0,0.0,0.0,0.0,0.024123915,0.0
2,2,0.1307021,0.0,0.845174,0.0,0.0,0.0,0.0,0.0,0.0,0.0,0.024123915,0.0
2,2,0.1307021,0.0,0.845174,0.0,0.0,0.0,0.0,0.0,0.0,0.0,0.024123915,0.0
2,2,0.1307021,0.0,0.845174,0.0,0.0,0.0,0.0,0.0,0.0,0.0,0.024123915,0.0
2,2,0.1307021,0.0,0.845174,0.0,0.0,0.0,0.0,0.0,0.0,0.0,0.024123915,0.0
2,2,0.1307021,0.0,0.845174,0.0,0.0,0.0,0.0,0.0,0.0,0.0,0.024123915,0.0
2,2,0.1307021,0.0,0.845174,0.0,0.0,0.0,0.0,0.0,0.0,0.0,0.024123915,0.0
2,2,0.1307021,0.0,0.845174,0.0,0.0,0.0,0.0,0.0,0.0,0.0,0.024123915,0.0
2,2,0.1307021,0.0,0.845174,0.0,0.0,0.0,0.0,0.0,0.0,0.0,0.024123915,0.0
2,2,0.1307021,0.0,0.845174,0.0,0.0,0.0,0.0,0.0,0.0,0.0,0.024123915,0.0
2,2,0.1307021,0.0,0.845174,0.0,0.0,0.0,0.0,0.0,0.0,0.0,0.024123915,0.0
2,2,0.1307021,0.0,0.845174,0.0,0.0,0.0,0.0,0.0,0.0,0.0,0.024123915,0.0
2,2,0.1307021,0.0,0.845174,0.0,0.0,0.0,0.0,0.0,0.0,0.0,0.024123915,0.0
2,2,0.1307021,0.0,0.845174,0.0,0.0,0.0,0.0,0.0,0.0,0.0,0.024123915,0.0
2,2,0.1307021,0.0,0.845174,0.0,0.0,0.0,0.0,0.0,0.0,0.0,0.024123915,0.0
2,2,0.1307021,0.0,0.845174,0.0,0.0,0.0,0.0,0.0,0.0,0.0,0.024123915,0.0
2,2,0.1307021,0.0,0.845174,0.0,0.0,0.0,0.0,0.0,0.0,0.0,0.024123915,0.0
2,2,0.1307021,0.0,0.845174,0.0,0.0,0.0,0.0,0.0,0.0,0.0,0.024123915,0.0
2,2,0.1307021,0.0,0.845174,0.0,0.0,0.0,0.0,0.0,0.0,0.0,0.024123915,0.0
2,2,0.1307021,0.0,0.845174,0.0,0.0,0.0,0.0,0.0,0.0,0.0,0.024123915,0.0
2,2,0.1307021,0.0,0.845174,0.0,0.0,0.0,0.0,0.0,0.0,0.0,0.024123915,0.0
2,2,0.1307021,0.0,0.845174,0.0,0.0,0.0,0.0,0.0,0.0,0.0,0.024123915,0.0
2,2,0.1307021,0.0,0.845174,0.0,0.0,0.0,0.0,0.0,0.0,0.0,0.024123915,0.0
2,2,0.1307021,0.0,0.845174,0.0,0.0,0.0,0.0,0.0,0.0,0.0,0.024123915,0.0
2,2,0.1307021,0.0,0.845174,0.0,0.0,0.0,0.0,0.0,0.0,0.0,0.024123915,0.0
2,2,0.1307021,0.0,0.845174,0.0,0.0,0.0,0.0,0.0,0.0,0.0,0.024123915,0.0
2,2,0.1307021,0.0,0.845174,0.0,0.0,0.0,0.0,0.0,0.0,0.0,0.024123915,0.0
2,2,0.1307021,0.0,0.845174,0.0,0.0,0.0,0.0,0.0,0.0,0.0,0.024123915,0.0
2,2,0.1307021,0.0,0.845174,0.0,0.0,0.0,0.0,0.0,0.0,0.0,0.024123915,0.0
2,2,0.1307021,0.0,0.845174,0.0,0.0,0.0,0.0,0.0,0.0,0.0,0.024123915,0.0
2,2,0.1307021,0.0,0.845174,0.0,0.0,0.0,0.0,0.0,0.0,0.0,0.024123915,0.0
2,2,0.1307021,0.0,0.845174,0.0,0.0,0.0,0.0,0.0,0.0,0.0,0.024123915,0.0
2,2,0.1307021,0.0,0.845174,0.0,0.0,0.0,0.0,0.0,0.0,0.0,0.024123915,0.0
2,2,0.1307021,0.0,0.845174,0.0,0.0,0.0,0.0,0.0,0.0,0.0,0.024123915,0.0
2,2,0.1307021,0.0,0.845174,0.0,0.0,0.0,0.0,0.0,0.0,0.0,0.024123915,0.0
2,2,0.1307021,0.0,0.845174,0.0,0.0,0.0,0.0,0.0,0.0,0.0,0.024123915,0.0
2,2,0.1307021,0.0,0.845174,0.0,0.0,0.0,0.0,0.0,0.0,0.0,0.024123915,0.0
2,2,0.1307021,0.0,0.845174,0.0,0.0,0.0,0.0,0.0,0.0,0.0,0.024123915,0.0
2,2,0.1307021,0.0,0.845174,0.0,0.0,0.0,0.0,0.0,0.0,0.0,0.024123915,0.0
2,2,0.1307021,0.0,0.845174,0.0,0.0,0.0,0.0,0.0,0.0,0.0,0.024123915,0.0
2,2,0.1307021,0.0,0.845174,0.0,0.0,0.0,0.0,0.0,0.0,0.0,0.024123915,0.0
2,2,0.1307021,0.0,0.845174,0.0,0.0,0.0,0.0,0.0,0.0,0.0,0.024123915,0.0
2,2,0.1307021,0.0,0.845174,0.0,0.0,0.0,0.0,0.0,0.0,0.0,0.024123915,0.0
2,2,0.1307021,0.0,0.845174,0.0,0.0,0.0,0.0,0.0,0.0,0.0,0.024123915,0.0
2,2,0.1307021,0.0,0.845174,0.0,0.0,0.0,0.0,0.0,0.0,0.0,0.024123915,0.0
2,2,0.1307021,0.0,0.845174,0.0,0.0,0.0,0.0,0.0,0.0,0.0,0.024123915,0.0
2,2,0.1307021,0.0,0.845174,0.0,0.0,0.0,0.0,0.0,0.0,0.0,0.024123915,0.0
2,2,0.1307021,0.0,0.845174,0.0,0.0,0.0,0.0,0.0,0.0,0.0,0.024123915,0.0
2,2,0.1307021,0.0,0.845174,0.0,0.0,0.0,0.0,0.0,0.0,0.0,0.024123915,0.0
2,2,0.1307021,0.0,0.845174,0.0,0.0,0.0,0.0,0.0,0.0,0.0,0.024123915,0.0
2,2,0.1307021,0.0,0.845174,0.0,0.0,0.0,0.0,0.0,0.0,0.0,0.024123915,0.0
2,2,0.1307021,0.0,0.845174,0.0,0.0,0.0,0.0,0.0,0.0,0.0,0.024123915,0.0
2,2,0.1307021,0.0,0.845174,0.0,0.0,0.0,0.0,0.0,0.0,0.0,0.024123915,0.0
2,2,0.1307021,0.0,0.845174,0.0,0.0,0.0,0.0,0.0,0.0,0.0,0.024123915,0.0
2,2,0.1307021,0.0,0.845174,0.0,0.0,0.0,0.0,0.0,0.0,0.0,0.024123915,0.0
2,2,0.1307021,0.0,0.845174,0.0,0.0,0.0,0.0,0.0,0.0,0.0,0.024123915,0.0
2,2,0.1307021,0.0,0.845174,0.0,0.0,0.0,0.0,0.0,0.0,0.0,0.024123915,0.0
2,2,0.1307021,0.0,0.845174,0.0,0.0,0.0,0.0,0.0,0.0,0.0,0.024123915,0.0
2,2,0.1307021,0.0,0.845174,0.0,0.0,0.0,0.0,0.0,0.0,0.0,0.024123915,0.0
2,2,0.1307021,0.0,0.845174,0.0,0.0,0.0,0.0,0.0,0.0,0.0,0.024123915,0.0
2,2,0.1307021,0.0,0.845174,0.0,0.0,0.0,0.0,0.0,0.0,0.0,0.024123915,0.0
2,2,0.1307021,0.0,0.845174,0.0,0.0,0.0,0.0,0.0,0.0,0.0,0.024123915,0.0
2,2,0.1307021,0.0,0.845174,0.0,0.0,0.0,0.0,0.0,0.0,0.0,0.024123915,0.0
2,2,0.1307021,0.0,0.845174,0.0,0.0,0.0,0.0,0.0,0.0,0.0,0.024123915,0.0
2,2,0.1307021,0.0,0.845174,0.0,0.0,0.0,0.0,0.0,0.0,0.0,0.024123915,0.0
2,2,0.1307021,0.0,0.845174,0.0,0.0,0.0,0.0,0.0,0.0,0.0,0.024123915,0.0
2,2,0.1307021,0.0,0.845174,0.0,0.0,0.0,0.0,0.0,0.0,0.0,0.024123915,0.0
2,2,0.1307021,0.0,0.845174,0.0,0.0,0.0,0.0,0.0,0.0,0.0,0.024123915,0.0
2,2,0.1307021,0.0,0.845174,0.0,0.0,0.0,0.0,0.0,0.0,0.0,0.024123915,0.0
2,2,0.1307021,0.0,0.845174,0.0,0.0,0.0,0.0,0.0,0.0,0.0,0.024123915,0.0
2,2,0.1307021,0.0,0.845174,0.0,0.0,0.0,0.0,0.0,0.0,0.0,0.024123915,0.0
2,2,0.1307021,0.0,0.845174,0.0,0.0,0.0,0.0,0.0,0.0,0.0,0.024123915,0.0
2,2,0.1307021,0.0,0.845174,0.0,0.0,0.0,0.0,0.0,0.0,0.0,0.024123915,0.0
2,2,0.1307021,0.0,0.845174,0.0,0.0,0.0,0.0,0.0,0.0,0.0,0.024123915,0.0
2,2,0.1307021,0.0,0.845174,0.0,0.0,0.0,0.0,0.0,0.0,0.0,0.024123915,0.0
2,2,0.1307021,0.0,0.845174,0.0,0.0,0.0,0.0,0.0,0.0,0.0,0.024123915,0.0
2,2,0.1307021,0.0,0.845174,0.0,0.0,0.0,0.0,0.0,0.0,0.0,0.024123915,0.0
2,2,0.1307021,0.0,0.845174,0.0,0.0,0.0,0.0,0.0,0.0,0.0,0.024123915,0.0
2,2,0.1307021,0.0,0.845174,0.0,0.0,0.0,0.0,0.0,0.0,0.0,0.024123915,0.0
2,2,0.1307021,0.0,0.845174,0.0,0.0,0.0,0.0,0.0,0.0,0.0,0.024123915,0.0
2,2,0.1307021,0.0,0.845174,0.0,0.0,0.0,0.0,0.0,0.0,0.0,0.024123915,0.0
2,2,0.1307021,0.0,0.845174,0.0,0.0,0.0,0.0,0.0,0.0,0.0,0.024123915,0.0
2,2,0.1307021,0.0,0.845174,0.0,0.0,0.0,0.0,0.0,0.0,0.0,0.024123915,0.0
2,2,0.1307021,0.0,0.845174,0.0,0.0,0.0,0.0,0.0,0.0,0.0,0.024123915,0.0
2,2,0.1307021,0.0,0.845174,0.0,0.0,0.0,0.0,0.0,0.0,0.0,0.024123915,0.0
2,2,0.1307021,0.0,0.845174,0.0,0.0,0.0,0.0,0.0,0.0,0.0,0.024123915,0.0
2,2,0.1307021,0.0,0.845174,0.0,0.0,0.0,0.0,0.0,0.0,0.0,0.024123915,0.0
2,2,0.1307021,0.0,0.845174,0.0,0.0,0.0,0.0,0.0,0.0,0.0,0.024123915,0.0
2,2,0.1307021,0.0,0.845174,0.0,0.0,0.0,0.0,0.0,0.0,0.0,0.024123915,0.0
2,2,0.1307021,0.0,0.845174,0.0,0.0,0.0,0.0,0.0,0.0,0.0,0.024123915,0.0
2,2,0.1307021,0.0,0.845174,0.0,0.0,0.0,0.0,0.0,0.0,0.0,0.024123915,0.0
2,2,0.1307021,0.0,0.845174,0.0,0.0,0.0,0.0,0.0,0.0,0.0,0.024123915,0.0
2,2,0.1307021,0.0,0.845174,0.0,0.0,0.0,0.0,0.0,0.0,0.0,0.024123915,0.0
2,2,0.1307021,0.0,0.845174,0.0,0.0,0.0,0.0,0.0,0.0,0.0,0.024123915,0.0
2,2,0.1307021,0.0,0.845174,0.0,0.0,0.0,0.0,0.0,0.0,0.0,0.024123915,0.0
2,2,0.1307021,0.0,0.845174,0.0,0.0,0.0,0.0,0.0,0.0,0.0,0.024123915,0.0
2,2,0.1307021,0.0,0.845174,0.0,0.0,0.0,0.0,0.0,0.0,0.0,0.024123915,0.0
2,2,0.1307021,0.0,0.845174,0.0,0.0,0.0,0.0,0.0,0.0,0.0,0.024123915,0.0
2,2,0.1307021,0.0,0.845174,0.0,0.0,0.0,0.0,0.0,0.0,0.0,0.024123915,0.0
2,2,0.1307021,0.0,0.845174,0.0,0.0,0.0,0.0,0.0,0.0,0.0,0.024123915,0.0
2,2,0.1307021,0.0,0.845174,0.0,0.0,0.0,0.0,0.0,0.0,0.0,0.024123915,0.0
2,2,0.1307021,0.0,0.845174,0.0,0.0,0.0,0.0,0.0,0.0,0.0,0.024123915,0.0
2,2,0.1307021,0.0,0.845174,0.0,0.0,0.0,0.0,0.0,0.0,0.0,0.024123915,0.0
2,2,0.1307021,0.0,0.845174,0.0,0.0,0.0,0.0,0.0,0.0,0.0,0.024123915,0.0
2,2,0.1307021,0.0,0.845174,0.0,0.0,0.0,0.0,0.0,0.0,0.0,0.024123915,0.0
2,2,0.1307021,0.0,0.845174,0.0,0.0,0.0,0.0,0.0,0.0,0.0,0.024123915,0.0
2,2,0.1307021,0.0,0.845174,0.0,0.0,0.0,0.0,0.0,0.0,0.0,0.024123915,0.0
2,2,0.1307021,0.0,0.845174,0.0,0.0,0.0,0.0,0.0,0.0,0.0,0.024123915,0.0
2,2,0.1307021,0.0,0.845174,0.0,0.0,0.0,0.0,0.0,0.0,0.0,0.024123915,0.0
2,2,0.1307021,0.0,0.845174,0.0,0.0,0.0,0.0,0.0,0.0,0.0,0.024123915,0.0
2,2,0.1307021,0.0,0.845174,0.0,0.0,0.0,0.0,0.0,0.0,0.0,0.024123915,0.0
2,2,0.1307021,0.0,0.845174,0.0,0.0,0.0,0.0,0.0,0.0,0.0,0.024123915,0.0
2,2,0.1307021,0.0,0.845174,0.0,0.0,0.0,0.0,0.0,0.0,0.0,0.024123915,0.0
2,2,0.1307021,0.0,0.845174,0.0,0.0,0.0,0.0,0.0,0.0,0.0,0.024123915,0.0
2,2,0.1307021,0.0,0.845174,0.0,0.0,0.0,0.0,0.0,0.0,0.0,0.024123915,0.0
2,2,0.1307021,0.0,0.845174,0.0,0.0,0.0,0.0,0.0,0.0,0.0,0.024123915,0.0
2,2,0.1307021,0.0,0.845174,0.0,0.0,0.0,0.0,0.0,0.0,0.0,0.024123915,0.0
2,2,0.1307021,0.0,0.845174,0.0,0.0,0.0,0.0,0.0,0.0,0.0,0.024123915,0.0
2,2,0.1307021,0.0,0.845174,0.0,0.0,0.0,0.0,0.0,0.0,0.0,0.024123915,0.0
2,2,0.1307021,0.0,0.845174,0.0,0.0,0.0,0.0,0.0,0.0,0.0,0.024123915,0.0
2,2,0.1307021,0.0,0.845174,0.0,0.0,0.0,0.0,0.0,0.0,0.0,0.024123915,0.0
2,2,0.1307021,0.0,0.845174,0.0,0.0,0.0,0.0,0.0,0.0,0.0,0.024123915,0.0
2,2,0.1307021,0.0,0.845174,0.0,0.0,0.0,0.0,0.0,0.0,0.0,0.024123915,0.0
2,2,0.1307021,0.0,0.845174,0.0,0.0,0.0,0.0,0.0,0.0,0.0,0.024123915,0.0
2,2,0.1307021,0.0,0.845174,0.0,0.0,0.0,0.0,0.0,0.0,0.0,0.024123915,0.0
2,2,0.1307021,0.0,0.845174,0.0,0.0,0.0,0.0,0.0,0.0,0.0,0.024123915,0.0
2,2,0.1307021,0.0,0.845174,0.0,0.0,0.0,0.0,0.0,0.0,0.0,0.024123915,0.0
2,2,0.1307021,0.0,0.845174,0.0,0.0,0.0,0.0,0.0,0.0,0.0,0.024123915,0.0
2,2,0.1307021,0.0,0.845174,0.0,0.0,0.0,0.0,0.0,0.0,0.0,0.024123915,0.0
2,2,0.1307021,0.0,0.845174,0.0,0.0,0.0,0.0,0.0,0.0,0.0,0.024123915,0.0
2,2,0.1307021,0.0,0.845174,0.0,0.0,0.0,0.0,0.0,0.0,0.0,0.024123915,0.0
2,2,0.1307021,0.0,0.845174,0.0,0.0,0.0,0.0,0.0,0.0,0.0,0.024123915,0.0
2,2,0.1307021,0.0,0.845174,0.0,0.0,0.0,0.0,0.0,0.0,0.0,0.024123915,0.0
2,2,0.1307021,0.0,0.845174,0.0,0.0,0.0,0.0,0.0,0.0,0.0,0.024123915,0.0
2,2,0.1307021,0.0,0.845174,0.0,0.0,0.0,0.0,0.0,0.0,0.0,0.024123915,0.0
2,2,0.1307021,0.0,0.845174,0.0,0.0,0.0,0.0,0.0,0.0,0.0,0.024123915,0.0
2,2,0.1307021,0.0,0.845174,0.0,0.0,0.0,0.0,0.0,0.0,0.0,0.024123915,0.0
2,2,0.1307021,0.0,0.845174,0.0,0.0,0.0,0.0,0.0,0.0,0.0,0.024123915,0.0
2,2,0.1307021,0.0,0.845174,0.0,0.0,0.0,0.0,0.0,0.0,0.0,0.024123915,0.0
2,2,0.1307021,0.0,0.845174,0.0,0.0,0.0,0.0,0.0,0.0,0.0,0.024123915,0.0
2,2,0.1307021,0.0,0.845174,0.0,0.0,0.0,0.0,0.0,0.0,0.0,0.024123915,0.0
2,2,0.1307021,0.0,0.845174,0.0,0.0,0.0,0.0,0.0,0.0,0.0,0.024123915,0.0
2,2,0.1307021,0.0,0.845174,0.0,0.0,0.0,0.0,0.0,0.0,0.0,0.024123915,0.0
2,2,0.1307021,0.0,0.845174,0.0,0.0,0.0,0.0,0.0,0.0,0.0,0.024123915,0.0
2,2,0.1307021,0.0,0.845174,0.0,0.0,0.0,0.0,0.0,0.0,0.0,0.024123915,0.0
2,2,0.1307021,0.0,0.845174,0.0,0.0,0.0,0.0,0.0,0.0,0.0,0.024123915,0.0
2,2,0.1307021,0.0,0.845174,0.0,0.0,0.0,0.0,0.0,0.0,0.0,0.024123915,0.0
2,2,0.1307021,0.0,0.845174,0.0,0.0,0.0,0.0,0.0,0.0,0.0,0.024123915,0.0
2,2,0.1307021,0.0,0.845174,0.0,0.0,0.0,0.0,0.0,0.0,0.0,0.024123915,0.0
2,2,0.1307021,0.0,0.845174,0.0,0.0,0.0,0.0,0.0,0.0,0.0,0.024123915,0.0
2,2,0.1307021,0.0,0.845174,0.0,0.0,0.0,0.0,0.0,0.0,0.0,0.024123915,0.0
2,2,0.1307021,0.0,0.845174,0.0,0.0,0.0,0.0,0.0,0.0,0.0,0.024123915,0.0
2,2,0.1307021,0.0,0.845174,0.0,0.0,0.0,0.0,0.0,0.0,0.0,0.024123915,0.0
2,2,0.1307021,0.0,0.845174,0.0,0.0,0.0,0.0,0.0,0.0,0.0,0.024123915,0.0
2,2,0.1307021,0.0,0.845174,0.0,0.0,0.0,0.0,0.0,0.0,0.0,0.024123915,0.0
2,2,0.1307021,0.0,0.845174,0.0,0.0,0.0,0.0,0.0,0.0,0.0,0.024123915,0.0
2,2,0.1307021,0.0,0.845174,0.0,0.0,0.0,0.0,0.0,0.0,0.0,0.024123915,0.0
2,2,0.1307021,0.0,0.845174,0.0,0.0,0.0,0.0,0.0,0.0,0.0,0.024123915,0.0
2,2,0.1307021,0.0,0.845174,0.0,0.0,0.0,0.0,0.0,0.0,0.0,0.024123915,0.0
2,2,0.1307021,0.0,0.845174,0.0,0.0,0.0,0.0,0.0,0.0,0.0,0.024123915,0.0
2,2,0.1307021,0.0,0.845174,0.0,0.0,0.0,0.0,0.0,0.0,0.0,0.024123915,0.0
2,2,0.1307021,0.0,0.845174,0.0,0.0,0.0,0.0,0.0,0.0,0.0,0.024123915,0.0
2,2,0.1307021,0.0,0.845174,0.0,0.0,0.0,0.0,0.0,0.0,0.0,0.024123915,0.0
2,2,0.1307021,0.0,0.845174,0.0,0.0,0.0,0.0,0.0,0.0,0.0,0.024123915,0.0
2,2,0.1307021,0.0,0.845174,0.0,0.0,0.0,0.0,0.0,0.0,0.0,0.024123915,0.0
2,2,0.1307021,0.0,0.845174,0.0,0.0,0.0,0.0,0.0,0.0,0.0,0.024123915,0.0
2,2,0.1307021,0.0,0.845174,0.0,0.0,0.0,0.0,0.0,0.0,0.0,0.024123915,0.0
2,2,0.1307021,0.0,0.845174,0.0,0.0,0.0,0.0,0.0,0.0,0.0,0.024123915,0.0
2,2,0.1307021,0.0,0.845174,0.0,0.0,0.0,0.0,0.0,0.0,0.0,0.024123915,0.0
2,2,0.1307021,0.0,0.845174,0.0,0.0,0.0,0.0,0.0,0.0,0.0,0.024123915,0.0
2,2,0.1307021,0.0,0.845174,0.0,0.0,0.0,0.0,0.0,0.0,0.0,0.024123915,0.0
2,2,0.1307021,0.0,0.845174,0.0,0.0,0.0,0.0,0.0,0.0,0.0,0.024123915,0.0
2,2,0.1307021,0.0,0.845174,0.0,0.0,0.0,0.0,0.0,0.0,0.0,0.024123915,0.0
2,2,0.1307021,0.0,0.845174,0.0,0.0,0.0,0.0,0.0,0.0,0.0,0.024123915,0.0
2,2,0.1307021,0.0,0.845174,0.0,0.0,0.0,0.0,0.0,0.0,0.0,0.024123915,0.0
2,2,0.1307021,0.0,0.845174,0.0,0.0,0.0,0.0,0.0,0.0,0.0,0.024123915,0.0
2,2,0.1307021,0.0,0.845174,0.0,0.0,0.0,0.0,0.0,0.0,0.0,0.024123915,0.0
2,2,0.1307021,0.0,0.845174,0.0,0.0,0.0,0.0,0.0,0.0,0.0,0.024123915,0.0
2,2,0.1307021,0.0,0.845174,0.0,0.0,0.0,0.0,0.0,0.0,0.0,0.024123915,0.0
2,2,0.1307021,0.0,0.845174,0.0,0.0,0.0,0.0,0.0,0.0,0.0,0.024123915,0.0
2,2,0.1307021,0.0,0.845174,0.0,0.0,0.0,0.0,0.0,0.0,0.0,0.024123915,0.0
2,2,0.1307021,0.0,0.845174,0.0,0.0,0.0,0.0,0.0,0.0,0.0,0.024123915,0.0
2,2,0.1307021,0.0,0.845174,0.0,0.0,0.0,0.0,0.0,0.0,0.0,0.024123915,0.0
2,2,0.1307021,0.0,0.845174,0.0,0.0,0.0,0.0,0.0,0.0,0.0,0.024123915,0.0
2,2,0.1307021,0.0,0.845174,0.0,0.0,0.0,0.0,0.0,0.0,0.0,0.024123915,0.0
2,2,0.1307021,0.0,0.845174,0.0,0.0,0.0,0.0,0.0,0.0,0.0,0.024123915,0.0
2,2,0.1307021,0.0,0.845174,0.0,0.0,0.0,0.0,0.0,0.0,0.0,0.024123915,0.0
2,2,0.1307021,0.0,0.845174,0.0,0.0,0.0,0.0,0.0,0.0,0.0,0.024123915,0.0
2,2,0.1307021,0.0,0.845174,0.0,0.0,0.0,0.0,0.0,0.0,0.0,0.024123915,0.0
2,2,0.1307021,0.0,0.845174,0.0,0.0,0.0,0.0,0.0,0.0,0.0,0.024123915,0.0
2,2,0.1307021,0.0,0.845174,0.0,0.0,0.0,0.0,0.0,0.0,0.0,0.024123915,0.0
2,2,0.1307021,0.0,0.845174,0.0,0.0,0.0,0.0,0.0,0.0,0.0,0.024123915,0.0
2,2,0.1307021,0.0,0.845174,0.0,0.0,0.0,0.0,0.0,0.0,0.0,0.024123915,0.0
2,2,0.1307021,0.0,0.845174,0.0,0.0,0.0,0.0,0.0,0.0,0.0,0.024123915,0.0
2,2,0.1307021,0.0,0.845174,0.0,0.0,0.0,0.0,0.0,0.0,0.0,0.024123915,0.0
2,2,0.1307021,0.0,0.845174,0.0,0.0,0.0,0.0,0.0,0.0,0.0,0.024123915,0.0
2,2,0.1307021,0.0,0.845174,0.0,0.0,0.0,0.0,0.0,0.0,0.0,0.024123915,0.0
2,2,0.1307021,0.0,0.845174,0.0,0.0,0.0,0.0,0.0,0.0,0.0,0.024123915,0.0
2,2,0.1307021,0.0,0.845174,0.0,0.0,0.0,0.0,0.0,0.0,0.0,0.024123915,0.0
2,2,0.1307021,0.0,0.845174,0.0,0.0,0.0,0.0,0.0,0.0,0.0,0.024123915,0.0
2,2,0.1307021,0.0,0.845174,0.0,0.0,0.0,0.0,0.0,0.0,0.0,0.024123915,0.0
2,2,0.1307021,0.0,0.845174,0.0,0.0,0.0,0.0,0.0,0.0,0.0,0.024123915,0.0
2,2,0.1307021,0.0,0.845174,0.0,0.0,0.0,0.0,0.0,0.0,0.0,0.024123915,0.0
2,2,0.1307021,0.0,0.845174,0.0,0.0,0.0,0.0,0.0,0.0,0.0,0.024123915,0.0
2,2,0.1307021,0.0,0.845174,0.0,0.0,0.0,0.0,0.0,0.0,0.0,0.024123915,0.0
2,2,0.1307021,0.0,0.845174,0.0,0.0,0.0,0.0,0.0,0.0,0.0,0.024123915,0.0
2,2,0.1307021,0.0,0.845174,0.0,0.0,0.0,0.0,0.0,0.0,0.0,0.024123915,0.0
2,2,0.1307021,0.0,0.845174,0.0,0.0,0.0,0.0,0.0,0.0,0.0,0.024123915,0.0
2,2,0.1307021,0.0,0.845174,0.0,0.0,0.0,0.0,0.0,0.0,0.0,0.024123915,0.0
2,2,0.1307021,0.0,0.845174,0.0,0.0,0.0,0.0,0.0,0.0,0.0,0.024123915,0.0
2,2,0.1307021,0.0,0.845174,0.0,0.0,0.0,0.0,0.0,0.0,0.0,0.024123915,0.0
2,2,0.1307021,0.0,0.845174,0.0,0.0,0.0,0.0,0.0,0.0,0.0,0.024123915,0.0
2,2,0.1307021,0.0,0.845174,0.0,0.0,0.0,0.0,0.0,0.0,0.0,0.024123915,0.0
2,2,0.1307021,0.0,0.845174,0.0,0.0,0.0,0.0,0.0,0.0,0.0,0.024123915,0.0
2,2,0.1307021,0.0,0.845174,0.0,0.0,0.0,0.0,0.0,0.0,0.0,0.024123915,0.0
2,2,0.1307021,0.0,0.845174,0.0,0.0,0.0,0.0,0.0,0.0,0.0,0.024123915,0.0
2,2,0.1307021,0.0,0.845174,0.0,0.0,0.0,0.0,0.0,0.0,0.0,0.024123915,0.0
2,2,0.1307021,0.0,0.845174,0.0,0.0,0.0,0.0,0.0,0.0,0.0,0.024123915,0.0
2,2,0.1307021,0.0,0.845174,0.0,0.0,0.0,0.0,0.0,0.0,0.0,0.024123915,0.0
2,2,0.1307021,0.0,0.845174,0.0,0.0,0.0,0.0,0.0,0.0,0.0,0.024123915,0.0
2,2,0.1307021,0.0,0.845174,0.0,0.0,0.0,0.0,0.0,0.0,0.0,0.024123915,0.0
2,2,0.1307021,0.0,0.845174,0.0,0.0,0.0,0.0,0.0,0.0,0.0,0.024123915,0.0
2,2,0.1307021,0.0,0.845174,0.0,0.0,0.0,0.0,0.0,0.0,0.0,0.024123915,0.0
2,2,0.1307021,0.0,0.845174,0.0,0.0,0.0,0.0,0.0,0.0,0.0,0.024123915,0.0
2,2,0.1307021,0.0,0.845174,0.0,0.0,0.0,0.0,0.0,0.0,0.0,0.024123915,0.0
2,2,0.1307021,0.0,0.845174,0.0,0.0,0.0,0.0,0.0,0.0,0.0,0.024123915,0.0
2,2,0.1307021,0.0,0.845174,0.0,0.0,0.0,0.0,0.0,0.0,0.0,0.024123915,0.0
2,2,0.1307021,0.0,0.845174,0.0,0.0,0.0,0.0,0.0,0.0,0.0,0.024123915,0.0
2,2,0.1307021,0.0,0.845174,0.0,0.0,0.0,0.0,0.0,0.0,0.0,0.024123915,0.0
2,2,0.1307021,0.0,0.845174,0.0,0.0,0.0,0.0,0.0,0.0,0.0,0.024123915,0.0
2,2,0.1307021,0.0,0.845174,0.0,0.0,0.0,0.0,0.0,0.0,0.0,0.024123915,0.0
2,2,0.1307021,0.0,0.845174,0.0,0.0,0.0,0.0,0.0,0.0,0.0,0.024123915,0.0
2,2,0.1307021,0.0,0.845174,0.0,0.0,0.0,0.0,0.0,0.0,0.0,0.024123915,0.0
2,2,0.1307021,0.0,0.845174,0.0,0.0,0.0,0.0,0.0,0.0,0.0,0.024123915,0.0
2,2,0.1307021,0.0,0.845174,0.0,0.0,0.0,0.0,0.0,0.0,0.0,0.024123915,0.0
2,2,0.1307021,0.0,0.845174,0.0,0.0,0.0,0.0,0.0,0.0,0.0,0.024123915,0.0
2,2,0.1307021,0.0,0.845174,0.0,0.0,0.0,0.0,0.0,0.0,0.0,0.024123915,0.0
2,2,0.1307021,0.0,0.845174,0.0,0.0,0.0,0.0,0.0,0.0,0.0,0.024123915,0.0
2,2,0.1307021,0.0,0.845174,0.0,0.0,0.0,0.0,0.0,0.0,0.0,0.024123915,0.0
2,2,0.1307021,0.0,0.845174,0.0,0.0,0.0,0.0,0.0,0.0,0.0,0.024123915,0.0
2,2,0.1307021,0.0,0.845174,0.0,0.0,0.0,0.0,0.0,0.0,0.0,0.024123915,0.0
2,2,0.1307021,0.0,0.845174,0.0,0.0,0.0,0.0,0.0,0.0,0.0,0.024123915,0.0
2,2,0.1307021,0.0,0.845174,0.0,0.0,0.0,0.0,0.0,0.0,0.0,0.024123915,0.0
2,2,0.1307021,0.0,0.845174,0.0,0.0,0.0,0.0,0.0,0.0,0.0,0.024123915,0.0
2,2,0.1307021,0.0,0.845174,0.0,0.0,0.0,0.0,0.0,0.0,0.0,0.024123915,0.0
2,2,0.1307021,0.0,0.845174,0.0,0.0,0.0,0.0,0.0,0.0,0.0,0.024123915,0.0
2,2,0.1307021,0.0,0.845174,0.0,0.0,0.0,0.0,0.0,0.0,0.0,0.024123915,0.0
2,2,0.1307021,0.0,0.845174,0.0,0.0,0.0,0.0,0.0,0.0,0.0,0.024123915,0.0
2,2,0.1307021,0.0,0.845174,0.0,0.0,0.0,0.0,0.0,0.0,0.0,0.024123915,0.0
2,2,0.1307021,0.0,0.845174,0.0,0.0,0.0,0.0,0.0,0.0,0.0,0.024123915,0.0
2,2,0.1307021,0.0,0.845174,0.0,0.0,0.0,0.0,0.0,0.0,0.0,0.024123915,0.0
2,2,0.1307021,0.0,0.845174,0.0,0.0,0.0,0.0,0.0,0.0,0.0,0.024123915,0.0
2,2,0.1307021,0.0,0.845174,0.0,0.0,0.0,0.0,0.0,0.0,0.0,0.024123915,0.0
2,2,0.1307021,0.0,0.845174,0.0,0.0,0.0,0.0,0.0,0.0,0.0,0.024123915,0.0
2,2,0.1307021,0.0,0.845174,0.0,0.0,0.0,0.0,0.0,0.0,0.0,0.024123915,0.0
2,2,0.1307021,0.0,0.845174,0.0,0.0,0.0,0.0,0.0,0.0,0.0,0.024123915,0.0
2,2,0.1307021,0.0,0.845174,0.0,0.0,0.0,0.0,0.0,0.0,0.0,0.024123915,0.0
2,2,0.19032635,0.0,0.78554976,0.0,0.0,0.0,0.0,0.0,0.0,0.0,0.024123915,0.0
2,2,0.19032635,0.0,0.78554976,0.0,0.0,0.0,0.0,0.0,0.0,0.0,0.024123915,0.0
2,2,0.19032635,0.0,0.78554976,0.0,0.0,0.0,0.0,0.0,0.0,0.0,0.024123915,0.0
2,2,0.19032635,0.0,0.78554976,0.0,0.0,0.0,0.0,0.0,0.0,0.0,0.024123915,0.0
2,2,0.19032635,0.0,0.78554976,0.0,0.0,0.0,0.0,0.0,0.0,0.0,0.024123915,0.0
2,2,0.19032635,0.0,0.78554976,0.0,0.0,0.0,0.0,0.0,0.0,0.0,0.024123915,0.0
2,2,0.19032635,0.0,0.78554976,0.0,0.0,0.0,0.0,0.0,0.0,0.0,0.024123915,0.0
2,2,0.19032635,0.0,0.78554976,0.0,0.0,0.0,0.0,0.0,0.0,0.0,0.024123915,0.0
2,2,0.19032635,0.0,0.78554976,0.0,0.0,0.0,0.0,0.0,0.0,0.0,0.024123915,0.0
2,2,0.19032635,0.0,0.78554976,0.0,0.0,0.0,0.0,0.0,0.0,0.0,0.024123915,0.0
2,2,0.19032635,0.0,0.78554976,0.0,0.0,0.0,0.0,0.0,0.0,0.0,0.024123915,0.0
2,2,0.19032635,0.0,0.78554976,0.0,0.0,0.0,0.0,0.0,0.0,0.0,0.024123915,0.0
2,2,0.19032635,0.0,0.78554976,0.0,0.0,0.0,0.0,0.0,0.0,0.0,0.024123915,0.0
2,2,0.19032635,0.0,0.78554976,0.0,0.0,0.0,0.0,0.0,0.0,0.0,0.024123915,0.0
2,2,0.19032635,0.0,0.78554976,0.0,0.0,0.0,0.0,0.0,0.0,0.0,0.024123915,0.0
2,2,0.19032635,0.0,0.78554976,0.0,0.0,0.0,0.0,0.0,0.0,0.0,0.024123915,0.0
2,2,0.19032635,0.0,0.78554976,0.0,0.0,0.0,0.0,0.0,0.0,0.0,0.024123915,0.0
2,2,0.19032635,0.0,0.78554976,0.0,0.0,0.0,0.0,0.0,0.0,0.0,0.024123915,0.0
2,2,0.19032635,0.0,0.78554976,0.0,0.0,0.0,0.0,0.0,0.0,0.0,0.024123915,0.0
2,2,0.19032635,0.0,0.78554976,0.0,0.0,0.0,0.0,0.0,0.0,0.0,0.024123915,0.0
2,2,0.19032635,0.0,0.78554976,0.0,0.0,0.0,0.0,0.0,0.0,0.0,0.024123915,0.0
2,2,0.19032635,0.0,0.78554976,0.0,0.0,0.0,0.0,0.0,0.0,0.0,0.024123915,0.0
2,2,0.19032635,0.0,0.78554976,0.0,0.0,0.0,0.0,0.0,0.0,0.0,0.024123915,0.0
2,2,0.19032635,0.0,0.78554976,0.0,0.0,0.0,0.0,0.0,0.0,0.0,0.024123915,0.0
2,2,0.19032635,0.0,0.78554976,0.0,0.0,0.0,0.0,0.0,0.0,0.0,0.024123915,0.0
2,2,0.19032635,0.0,0.78554976,0.0,0.0,0.0,0.0,0.0,0.0,0.0,0.024123915,0.0
2,2,0.19032635,0.0,0.78554976,0.0,0.0,0.0,0.0,0.0,0.0,0.0,0.024123915,0.0
2,2,0.19032635,0.0,0.78554976,0.0,0.0,0.0,0.0,0.0,0.0,0.0,0.024123915,0.0
2,2,0.19032635,0.0,0.78554976,0.0,0.0,0.0,0.0,0.0,0.0,0.0,0.024123915,0.0
2,2,0.19032635,0.0,0.78554976,0.0,0.0,0.0,0.0,0.0,0.0,0.0,0.024123915,0.0
2,2,0.1307021,0.0,0.845174,0.0,0.0,0.0,0.0,0.0,0.0,0.0,0.024123915,0.0
2,2,0.1307021,0.0,0.845174,0.0,0.0,0.0,0.0,0.0,0.0,0.0,0.024123915,0.0
2,2,0.1307021,0.0,0.845174,0.0,0.0,0.0,0.0,0.0,0.0,0.0,0.024123915,0.0
2,2,0.1307021,0.0,0.845174,0.0,0.0,0.0,0.0,0.0,0.0,0.0,0.024123915,0.0
2,2,0.1307021,0.0,0.845174,0.0,0.0,0.0,0.0,0.0,0.0,0.0,0.024123915,0.0
2,2,0.1307021,0.0,0.845174,0.0,0.0,0.0,0.0,0.0,0.0,0.0,0.024123915,0.0
2,2,0.1307021,0.0,0.845174,0.0,0.0,0.0,0.0,0.0,0.0,0.0,0.024123915,0.0
2,2,0.1307021,0.0,0.845174,0.0,0.0,0.0,0.0,0.0,0.0,0.0,0.024123915,0.0
2,2,0.1307021,0.0,0.845174,0.0,0.0,0.0,0.0,0.0,0.0,0.0,0.024123915,0.0
2,2,0.1307021,0.0,0.845174,0.0,0.0,0.0,0.0,0.0,0.0,0.0,0.024123915,0.0
2,2,0.1307021,0.0,0.845174,0.0,0.0,0.0,0.0,0.0,0.0,0.0,0.024123915,0.0
2,2,0.1307021,0.0,0.845174,0.0,0.0,0.0,0.0,0.0,0.0,0.0,0.024123915,0.0
2,2,0.1307021,0.0,0.845174,0.0,0.0,0.0,0.0,0.0,0.0,0.0,0.024123915,0.0
2,2,0.1307021,0.0,0.845174,0.0,0.0,0.0,0.0,0.0,0.0,0.0,0.024123915,0.0
2,2,0.1307021,0.0,0.845174,0.0,0.0,0.0,0.0,0.0,0.0,0.0,0.024123915,0.0
2,2,0.1307021,0.0,0.845174,0.0,0.0,0.0,0.0,0.0,0.0,0.0,0.024123915,0.0
2,2,0.1307021,0.0,0.845174,0.0,0.0,0.0,0.0,0.0,0.0,0.0,0.024123915,0.0
2,2,0.1307021,0.0,0.845174,0.0,0.0,0.0,0.0,0.0,0.0,0.0,0.024123915,0.0
2,2,0.1307021,0.0,0.845174,0.0,0.0,0.0,0.0,0.0,0.0,0.0,0.024123915,0.0
2,2,0.1307021,0.0,0.845174,0.0,0.0,0.0,0.0,0.0,0.0,0.0,0.024123915,0.0
2,2,0.1307021,0.0,0.845174,0.0,0.0,0.0,0.0,0.0,0.0,0.0,0.024123915,0.0
2,2,0.1307021,0.0,0.845174,0.0,0.0,0.0,0.0,0.0,0.0,0.0,0.024123915,0.0
2,2,0.1307021,0.0,0.845174,0.0,0.0,0.0,0.0,0.0,0.0,0.0,0.024123915,0.0
2,2,0.1307021,0.0,0.845174,0.0,0.0,0.0,0.0,0.0,0.0,0.0,0.024123915,0.0
2,2,0.1307021,0.0,0.845174,0.0,0.0,0.0,0.0,0.0,0.0,0.0,0.024123915,0.0
2,2,0.1307021,0.0,0.845174,0.0,0.0,0.0,0.0,0.0,0.0,0.0,0.024123915,0.0
2,2,0.1307021,0.0,0.845174,0.0,0.0,0.0,0.0,0.0,0.0,0.0,0.024123915,0.0
2,2,0.1307021,0.0,0.845174,0.0,0.0,0.0,0.0,0.0,0.0,0.0,0.024123915,0.0
2,2,0.1307021,0.0,0.845174,0.0,0.0,0.0,0.0,0.0,0.0,0.0,0.024123915,0.0
2,2,0.1307021,0.0,0.845174,0.0,0.0,0.0,0.0,0.0,0.0,0.0,0.024123915,0.0
2,2,0.1307021,0.0,0.845174,0.0,0.0,0.0,0.0,0.0,0.0,0.0,0.024123915,0.0
2,2,0.1307021,0.0,0.845174,0.0,0.0,0.0,0.0,0.0,0.0,0.0,0.024123915,0.0
2,2,0.1307021,0.0,0.845174,0.0,0.0,0.0,0.0,0.0,0.0,0.0,0.024123915,0.0
2,2,0.1307021,0.0,0.845174,0.0,0.0,0.0,0.0,0.0,0.0,0.0,0.024123915,0.0
2,2,0.1307021,0.0,0.845174,0.0,0.0,0.0,0.0,0.0,0.0,0.0,0.024123915,0.0
2,2,0.1307021,0.0,0.845174,0.0,0.0,0.0,0.0,0.0,0.0,0.0,0.024123915,0.0
2,2,0.1307021,0.0,0.845174,0.0,0.0,0.0,0.0,0.0,0.0,0.0,0.024123915,0.0
2,2,0.1307021,0.0,0.845174,0.0,0.0,0.0,0.0,0.0,0.0,0.0,0.024123915,0.0
2,2,0.1307021,0.0,0.845174,0.0,0.0,0.0,0.0,0.0,0.0,0.0,0.024123915,0.0
2,2,0.1307021,0.0,0.845174,0.0,0.0,0.0,0.0,0.0,0.0,0.0,0.024123915,0.0
2,2,0.1307021,0.0,0.845174,0.0,0.0,0.0,0.0,0.0,0.0,0.0,0.024123915,0.0
2,2,0.1307021,0.0,0.845174,0.0,0.0,0.0,0.0,0.0,0.0,0.0,0.024123915,0.0
2,2,0.1307021,0.0,0.845174,0.0,0.0,0.0,0.0,0.0,0.0,0.0,0.024123915,0.0
2,2,0.1307021,0.0,0.845174,0.0,0.0,0.0,0.0,0.0,0.0,0.0,0.024123915,0.0
2,2,0.1307021,0.0,0.845174,0.0,0.0,0.0,0.0,0.0,0.0,0.0,0.024123915,0.0
2,2,0.1307021,0.0,0.845174,0.0,0.0,0.0,0.0,0.0,0.0,0.0,0.024123915,0.0
2,2,0.1307021,0.0,0.845174,0.0,0.0,0.0,0.0,0.0,0.0,0.0,0.024123915,0.0
2,2,0.1307021,0.0,0.845174,0.0,0.0,0.0,0.0,0.0,0.0,0.0,0.024123915,0.0
2,2,0.1307021,0.0,0.845174,0.0,0.0,0.0,0.0,0.0,0.0,0.0,0.024123915,0.0
2,2,0.1307021,0.0,0.845174,0.0,0.0,0.0,0.0,0.0,0.0,0.0,0.024123915,0.0
2,2,0.1307021,0.0,0.845174,0.0,0.0,0.0,0.0,0.0,0.0,0.0,0.024123915,0.0
2,2,0.1307021,0.0,0.845174,0.0,0.0,0.0,0.0,0.0,0.0,0.0,0.024123915,0.0
2,2,0.1307021,0.0,0.845174,0.0,0.0,0.0,0.0,0.0,0.0,0.0,0.024123915,0.0
2,2,0.1307021,0.0,0.845174,0.0,0.0,0.0,0.0,0.0,0.0,0.0,0.024123915,0.0
2,2,0.1307021,0.0,0.845174,0.0,0.0,0.0,0.0,0.0,0.0,0.0,0.024123915,0.0
2,2,0.1307021,0.0,0.845174,0.0,0.0,0.0,0.0,0.0,0.0,0.0,0.024123915,0.0
2,2,0.1307021,0.0,0.845174,0.0,0.0,0.0,0.0,0.0,0.0,0.0,0.024123915,0.0
2,2,0.1307021,0.0,0.845174,0.0,0.0,0.0,0.0,0.0,0.0,0.0,0.024123915,0.0
2,2,0.1307021,0.0,0.845174,0.0,0.0,0.0,0.0,0.0,0.0,0.0,0.024123915,0.0
2,2,0.1307021,0.0,0.845174,0.0,0.0,0.0,0.0,0.0,0.0,0.0,0.024123915,0.0
2,2,0.19032635,0.0,0.78554976,0.0,0.0,0.0,0.0,0.0,0.0,0.0,0.024123915,0.0
2,2,0.19032635,0.0,0.78554976,0.0,0.0,0.0,0.0,0.0,0.0,0.0,0.024123915,0.0
2,2,0.19032635,0.0,0.78554976,0.0,0.0,0.0,0.0,0.0,0.0,0.0,0.024123915,0.0
2,2,0.19032635,0.0,0.78554976,0.0,0.0,0.0,0.0,0.0,0.0,0.0,0.024123915,0.0
2,2,0.19032635,0.0,0.78554976,0.0,0.0,0.0,0.0,0.0,0.0,0.0,0.024123915,0.0
2,2,0.19032635,0.0,0.78554976,0.0,0.0,0.0,0.0,0.0,0.0,0.0,0.024123915,0.0
2,2,0.19032635,0.0,0.78554976,0.0,0.0,0.0,0.0,0.0,0.0,0.0,0.024123915,0.0
2,2,0.19032635,0.0,0.78554976,0.0,0.0,0.0,0.0,0.0,0.0,0.0,0.024123915,0.0
2,2,0.19032635,0.0,0.78554976,0.0,0.0,0.0,0.0,0.0,0.0,0.0,0.024123915,0.0
2,2,0.19032635,0.0,0.78554976,0.0,0.0,0.0,0.0,0.0,0.0,0.0,0.024123915,0.0
2,2,0.19032635,0.0,0.78554976,0.0,0.0,0.0,0.0,0.0,0.0,0.0,0.024123915,0.0
2,2,0.19032635,0.0,0.78554976,0.0,0.0,0.0,0.0,0.0,0.0,0.0,0.024123915,0.0
2,2,0.19032635,0.0,0.78554976,0.0,0.0,0.0,0.0,0.0,0.0,0.0,0.024123915,0.0
2,2,0.19032635,0.0,0.78554976,0.0,0.0,0.0,0.0,0.0,0.0,0.0,0.024123915,0.0
2,2,0.19032635,0.0,0.78554976,0.0,0.0,0.0,0.0,0.0,0.0,0.0,0.024123915,0.0
2,2,0.19032635,0.0,0.78554976,0.0,0.0,0.0,0.0,0.0,0.0,0.0,0.024123915,0.0
2,2,0.19032635,0.0,0.78554976,0.0,0.0,0.0,0.0,0.0,0.0,0.0,0.024123915,0.0
2,2,0.19032635,0.0,0.78554976,0.0,0.0,0.0,0.0,0.0,0.0,0.0,0.024123915,0.0
2,2,0.19032635,0.0,0.78554976,0.0,0.0,0.0,0.0,0.0,0.0,0.0,0.024123915,0.0
2,2,0.19032635,0.0,0.78554976,0.0,0.0,0.0,0.0,0.0,0.0,0.0,0.024123915,0.0
2,2,0.19032635,0.0,0.78554976,0.0,0.0,0.0,0.0,0.0,0.0,0.0,0.024123915,0.0
2,2,0.19032635,0.0,0.78554976,0.0,0.0,0.0,0.0,0.0,0.0,0.0,0.024123915,0.0
2,2,0.19032635,0.0,0.78554976,0.0,0.0,0.0,0.0,0.0,0.0,0.0,0.024123915,0.0
2,2,0.19032635,0.0,0.78554976,0.0,0.0,0.0,0.0,0.0,0.0,0.0,0.024123915,0.0
2,2,0.19032635,0.0,0.78554976,0.0,0.0,0.0,0.0,0.0,0.0,0.0,0.024123915,0.0
2,2,0.19032635,0.0,0.78554976,0.0,0.0,0.0,0.0,0.0,0.0,0.0,0.024123915,0.0
2,2,0.19032635,0.0,0.78554976,0.0,0.0,0.0,0.0,0.0,0.0,0.0,0.024123915,0.0
2,2,0.19032635,0.0,0.78554976,0.0,0.0,0.0,0.0,0.0,0.0,0.0,0.024123915,0.0
2,2,0.19032635,0.0,0.78554976,0.0,0.0,0.0,0.0,0.0,0.0,0.0,0.024123915,0.0
2,2,0.19032635,0.0,0.78554976,0.0,0.0,0.0,0.0,0.0,0.0,0.0,0.024123915,0.0
2,2,0.19032635,0.0,0.78554976,0.0,0.0,0.0,0.0,0.0,0.0,0.0,0.024123915,0.0
2,2,0.19032635,0.0,0.78554976,0.0,0.0,0.0,0.0,0.0,0.0,0.0,0.024123915,0.0
2,2,0.19032635,0.0,0.78554976,0.0,0.0,0.0,0.0,0.0,0.0,0.0,0.024123915,0.0
2,2,0.19032635,0.0,0.78554976,0.0,0.0,0.0,0.0,0.0,0.0,0.0,0.024123915,0.0
2,2,0.19032635,0.0,0.78554976,0.0,0.0,0.0,0.0,0.0,0.0,0.0,0.024123915,0.0
2,2,0.19032635,0.0,0.78554976,0.0,0.0,0.0,0.0,0.0,0.0,0.0,0.024123915,0.0
2,2,0.19032635,0.0,0.78554976,0.0,0.0,0.0,0.0,0.0,0.0,0.0,0.024123915,0.0
2,2,0.19032635,0.0,0.78554976,0.0,0.0,0.0,0.0,0.0,0.0,0.0,0.024123915,0.0
2,2,0.19032635,0.0,0.78554976,0.0,0.0,0.0,0.0,0.0,0.0,0.0,0.024123915,0.0
2,2,0.19032635,0.0,0.78554976,0.0,0.0,0.0,0.0,0.0,0.0,0.0,0.024123915,0.0
2,2,0.19032635,0.0,0.78554976,0.0,0.0,0.0,0.0,0.0,0.0,0.0,0.024123915,0.0
2,2,0.19032635,0.0,0.78554976,0.0,0.0,0.0,0.0,0.0,0.0,0.0,0.024123915,0.0
2,2,0.19032635,0.0,0.78554976,0.0,0.0,0.0,0.0,0.0,0.0,0.0,0.024123915,0.0
2,2,0.19032635,0.0,0.78554976,0.0,0.0,0.0,0.0,0.0,0.0,0.0,0.024123915,0.0
2,2,0.19032635,0.0,0.78554976,0.0,0.0,0.0,0.0,0.0,0.0,0.0,0.024123915,0.0
2,2,0.19032635,0.0,0.78554976,0.0,0.0,0.0,0.0,0.0,0.0,0.0,0.024123915,0.0
2,2,0.19032635,0.0,0.78554976,0.0,0.0,0.0,0.0,0.0,0.0,0.0,0.024123915,0.0
2,2,0.19032635,0.0,0.78554976,0.0,0.0,0.0,0.0,0.0,0.0,0.0,0.024123915,0.0
2,2,0.19032635,0.0,0.78554976,0.0,0.0,0.0,0.0,0.0,0.0,0.0,0.024123915,0.0
2,2,0.19032635,0.0,0.78554976,0.0,0.0,0.0,0.0,0.0,0.0,0.0,0.024123915,0.0
2,2,0.19032635,0.0,0.78554976,0.0,0.0,0.0,0.0,0.0,0.0,0.0,0.024123915,0.0
2,2,0.19032635,0.0,0.78554976,0.0,0.0,0.0,0.0,0.0,0.0,0.0,0.024123915,0.0
2,2,0.19032635,0.0,0.78554976,0.0,0.0,0.0,0.0,0.0,0.0,0.0,0.024123915,0.0
2,2,0.19032635,0.0,0.78554976,0.0,0.0,0.0,0.0,0.0,0.0,0.0,0.024123915,0.0
2,2,0.19032635,0.0,0.78554976,0.0,0.0,0.0,0.0,0.0,0.0,0.0,0.024123915,0.0
2,2,0.19032635,0.0,0.78554976,0.0,0.0,0.0,0.0,0.0,0.0,0.0,0.024123915,0.0
2,2,0.19032635,0.0,0.78554976,0.0,0.0,0.0,0.0,0.0,0.0,0.0,0.024123915,0.0
2,2,0.19032635,0.0,0.78554976,0.0,0.0,0.0,0.0,0.0,0.0,0.0,0.024123915,0.0
2,2,0.19032635,0.0,0.78554976,0.0,0.0,0.0,0.0,0.0,0.0,0.0,0.024123915,0.0
2,2,0.19032635,0.0,0.78554976,0.0,0.0,0.0,0.0,0.0,0.0,0.0,0.024123915,0.0
2,2,0.19032635,0.0,0.78554976,0.0,0.0,0.0,0.0,0.0,0.0,0.0,0.024123915,0.0
2,2,0.19032635,0.0,0.78554976,0.0,0.0,0.0,0.0,0.0,0.0,0.0,0.024123915,0.0
2,2,0.19032635,0.0,0.78554976,0.0,0.0,0.0,0.0,0.0,0.0,0.0,0.024123915,0.0
2,2,0.19032635,0.0,0.78554976,0.0,0.0,0.0,0.0,0.0,0.0,0.0,0.024123915,0.0
2,2,0.19032635,0.0,0.78554976,0.0,0.0,0.0,0.0,0.0,0.0,0.0,0.024123915,0.0
2,2,0.19032635,0.0,0.78554976,0.0,0.0,0.0,0.0,0.0,0.0,0.0,0.024123915,0.0
2,2,0.19032635,0.0,0.78554976,0.0,0.0,0.0,0.0,0.0,0.0,0.0,0.024123915,0.0
2,2,0.19032635,0.0,0.78554976,0.0,0.0,0.0,0.0,0.0,0.0,0.0,0.024123915,0.0
2,2,0.19032635,0.0,0.78554976,0.0,0.0,0.0,0.0,0.0,0.0,0.0,0.024123915,0.0
2,2,0.19032635,0.0,0.78554976,0.0,0.0,0.0,0.0,0.0,0.0,0.0,0.024123915,0.0
2,2,0.19032635,0.0,0.78554976,0.0,0.0,0.0,0.0,0.0,0.0,0.0,0.024123915,0.0
2,2,0.19032635,0.0,0.78554976,0.0,0.0,0.0,0.0,0.0,0.0,0.0,0.024123915,0.0
2,2,0.19032635,0.0,0.78554976,0.0,0.0,0.0,0.0,0.0,0.0,0.0,0.024123915,0.0
2,2,0.19032635,0.0,0.78554976,0.0,0.0,0.0,0.0,0.0,0.0,0.0,0.024123915,0.0
2,2,0.19032635,0.0,0.78554976,0.0,0.0,0.0,0.0,0.0,0.0,0.0,0.024123915,0.0
2,2,0.19032635,0.0,0.78554976,0.0,0.0,0.0,0.0,0.0,0.0,0.0,0.024123915,0.0
2,2,0.19032635,0.0,0.78554976,0.0,0.0,0.0,0.0,0.0,0.0,0.0,0.024123915,0.0
2,2,0.19032635,0.0,0.78554976,0.0,0.0,0.0,0.0,0.0,0.0,0.0,0.024123915,0.0
2,2,0.19032635,0.0,0.78554976,0.0,0.0,0.0,0.0,0.0,0.0,0.0,0.024123915,0.0
2,2,0.19032635,0.0,0.78554976,0.0,0.0,0.0,0.0,0.0,0.0,0.0,0.024123915,0.0
2,2,0.19032635,0.0,0.78554976,0.0,0.0,0.0,0.0,0.0,0.0,0.0,0.024123915,0.0
2,2,0.19032635,0.0,0.78554976,0.0,0.0,0.0,0.0,0.0,0.0,0.0,0.024123915,0.0
2,2,0.19032635,0.0,0.78554976,0.0,0.0,0.0,0.0,0.0,0.0,0.0,0.024123915,0.0
2,2,0.19032635,0.0,0.78554976,0.0,0.0,0.0,0.0,0.0,0.0,0.0,0.024123915,0.0
2,2,0.19032635,0.0,0.78554976,0.0,0.0,0.0,0.0,0.0,0.0,0.0,0.024123915,0.0
2,2,0.19032635,0.0,0.78554976,0.0,0.0,0.0,0.0,0.0,0.0,0.0,0.024123915,0.0
2,2,0.19032635,0.0,0.78554976,0.0,0.0,0.0,0.0,0.0,0.0,0.0,0.024123915,0.0
2,2,0.19032635,0.0,0.78554976,0.0,0.0,0.0,0.0,0.0,0.0,0.0,0.024123915,0.0
2,2,0.19032635,0.0,0.78554976,0.0,0.0,0.0,0.0,0.0,0.0,0.0,0.024123915,0.0
2,2,0.19032635,0.0,0.78554976,0.0,0.0,0.0,0.0,0.0,0.0,0.0,0.024123915,0.0
2,2,0.19032635,0.0,0.78554976,0.0,0.0,0.0,0.0,0.0,0.0,0.0,0.024123915,0.0
2,2,0.19032635,0.0,0.78554976,0.0,0.0,0.0,0.0,0.0,0.0,0.0,0.024123915,0.0
2,2,0.19032635,0.0,0.78554976,0.0,0.0,0.0,0.0,0.0,0.0,0.0,0.024123915,0.0
2,2,0.19032635,0.0,0.78554976,0.0,0.0,0.0,0.0,0.0,0.0,0.0,0.024123915,0.0
2,2,0.19032635,0.0,0.78554976,0.0,0.0,0.0,0.0,0.0,0.0,0.0,0.024123915,0.0
2,2,0.19032635,0.0,0.78554976,0.0,0.0,0.0,0.0,0.0,0.0,0.0,0.024123915,0.0
2,2,0.19032635,0.0,0.78554976,0.0,0.0,0.0,0.0,0.0,0.0,0.0,0.024123915,0.0
2,2,0.19032635,0.0,0.78554976,0.0,0.0,0.0,0.0,0.0,0.0,0.0,0.024123915,0.0
2,2,0.19032635,0.0,0.78554976,0.0,0.0,0.0,0.0,0.0,0.0,0.0,0.024123915,0.0
2,2,0.19032635,0.0,0.78554976,0.0,0.0,0.0,0.0,0.0,0.0,0.0,0.024123915,0.0
2,2,0.19032635,0.0,0.78554976,0.0,0.0,0.0,0.0,0.0,0.0,0.0,0.024123915,0.0
2,2,0.19032635,0.0,0.78554976,0.0,0.0,0.0,0.0,0.0,0.0,0.0,0.024123915,0.0
2,2,0.19032635,0.0,0.78554976,0.0,0.0,0.0,0.0,0.0,0.0,0.0,0.024123915,0.0
2,2,0.19032635,0.0,0.78554976,0.0,0.0,0.0,0.0,0.0,0.0,0.0,0.024123915,0.0
2,2,0.19032635,0.0,0.78554976,0.0,0.0,0.0,0.0,0.0,0.0,0.0,0.024123915,0.0
2,2,0.19032635,0.0,0.78554976,0.0,0.0,0.0,0.0,0.0,0.0,0.0,0.024123915,0.0
2,2,0.19032635,0.0,0.78554976,0.0,0.0,0.0,0.0,0.0,0.0,0.0,0.024123915,0.0
2,2,0.19032635,0.0,0.78554976,0.0,0.0,0.0,0.0,0.0,0.0,0.0,0.024123915,0.0
2,2,0.19032635,0.0,0.78554976,0.0,0.0,0.0,0.0,0.0,0.0,0.0,0.024123915,0.0
2,2,0.19032635,0.0,0.78554976,0.0,0.0,0.0,0.0,0.0,0.0,0.0,0.024123915,0.0
2,2,0.19032635,0.0,0.78554976,0.0,0.0,0.0,0.0,0.0,0.0,0.0,0.024123915,0.0
2,2,0.19032635,0.0,0.78554976,0.0,0.0,0.0,0.0,0.0,0.0,0.0,0.024123915,0.0
2,2,0.19032635,0.0,0.78554976,0.0,0.0,0.0,0.0,0.0,0.0,0.0,0.024123915,0.0
2,2,0.19032635,0.0,0.78554976,0.0,0.0,0.0,0.0,0.0,0.0,0.0,0.024123915,0.0
2,2,0.19032635,0.0,0.78554976,0.0,0.0,0.0,0.0,0.0,0.0,0.0,0.024123915,0.0
2,2,0.19032635,0.0,0.78554976,0.0,0.0,0.0,0.0,0.0,0.0,0.0,0.024123915,0.0
2,2,0.19032635,0.0,0.78554976,0.0,0.0,0.0,0.0,0.0,0.0,0.0,0.024123915,0.0
2,2,0.19032635,0.0,0.78554976,0.0,0.0,0.0,0.0,0.0,0.0,0.0,0.024123915,0.0
2,2,0.19032635,0.0,0.78554976,0.0,0.0,0.0,0.0,0.0,0.0,0.0,0.024123915,0.0
2,2,0.19032635,0.0,0.78554976,0.0,0.0,0.0,0.0,0.0,0.0,0.0,0.024123915,0.0
2,2,0.1307021,0.0,0.845174,0.0,0.0,0.0,0.0,0.0,0.0,0.0,0.024123915,0.0
2,2,0.1307021,0.0,0.845174,0.0,0.0,0.0,0.0,0.0,0.0,0.0,0.024123915,0.0
2,2,0.1307021,0.0,0.845174,0.0,0.0,0.0,0.0,0.0,0.0,0.0,0.024123915,0.0
2,2,0.1307021,0.0,0.845174,0.0,0.0,0.0,0.0,0.0,0.0,0.0,0.024123915,0.0
2,2,0.1307021,0.0,0.845174,0.0,0.0,0.0,0.0,0.0,0.0,0.0,0.024123915,0.0
2,2,0.1307021,0.0,0.845174,0.0,0.0,0.0,0.0,0.0,0.0,0.0,0.024123915,0.0
2,2,0.1307021,0.0,0.845174,0.0,0.0,0.0,0.0,0.0,0.0,0.0,0.024123915,0.0
2,2,0.1307021,0.0,0.845174,0.0,0.0,0.0,0.0,0.0,0.0,0.0,0.024123915,0.0
2,2,0.1307021,0.0,0.845174,0.0,0.0,0.0,0.0,0.0,0.0,0.0,0.024123915,0.0
2,2,0.1307021,0.0,0.845174,0.0,0.0,0.0,0.0,0.0,0.0,0.0,0.024123915,0.0
2,2,0.1307021,0.0,0.845174,0.0,0.0,0.0,0.0,0.0,0.0,0.0,0.024123915,0.0
2,2,0.1307021,0.0,0.845174,0.0,0.0,0.0,0.0,0.0,0.0,0.0,0.024123915,0.0
2,2,0.1307021,0.0,0.845174,0.0,0.0,0.0,0.0,0.0,0.0,0.0,0.024123915,0.0
2,2,0.1307021,0.0,0.845174,0.0,0.0,0.0,0.0,0.0,0.0,0.0,0.024123915,0.0
2,2,0.1307021,0.0,0.845174,0.0,0.0,0.0,0.0,0.0,0.0,0.0,0.024123915,0.0
2,2,0.1307021,0.0,0.845174,0.0,0.0,0.0,0.0,0.0,0.0,0.0,0.024123915,0.0
2,2,0.1307021,0.0,0.845174,0.0,0.0,0.0,0.0,0.0,0.0,0.0,0.024123915,0.0
2,2,0.1307021,0.0,0.845174,0.0,0.0,0.0,0.0,0.0,0.0,0.0,0.024123915,0.0
2,2,0.1307021,0.0,0.845174,0.0,0.0,0.0,0.0,0.0,0.0,0.0,0.024123915,0.0
2,2,0.1307021,0.0,0.845174,0.0,0.0,0.0,0.0,0.0,0.0,0.0,0.024123915,0.0
2,2,0.1307021,0.0,0.845174,0.0,0.0,0.0,0.0,0.0,0.0,0.0,0.024123915,0.0
2,2,0.1307021,0.0,0.845174,0.0,0.0,0.0,0.0,0.0,0.0,0.0,0.024123915,0.0
2,2,0.1307021,0.0,0.845174,0.0,0.0,0.0,0.0,0.0,0.0,0.0,0.024123915,0.0
2,2,0.1307021,0.0,0.845174,0.0,0.0,0.0,0.0,0.0,0.0,0.0,0.024123915,0.0
2,2,0.1307021,0.0,0.845174,0.0,0.0,0.0,0.0,0.0,0.0,0.0,0.024123915,0.0
2,2,0.1307021,0.0,0.845174,0.0,0.0,0.0,0.0,0.0,0.0,0.0,0.024123915,0.0
2,2,0.1307021,0.0,0.845174,0.0,0.0,0.0,0.0,0.0,0.0,0.0,0.024123915,0.0
2,2,0.1307021,0.0,0.845174,0.0,0.0,0.0,0.0,0.0,0.0,0.0,0.024123915,0.0
2,2,0.1307021,0.0,0.845174,0.0,0.0,0.0,0.0,0.0,0.0,0.0,0.024123915,0.0
2,2,0.1307021,0.0,0.845174,0.0,0.0,0.0,0.0,0.0,0.0,0.0,0.024123915,0.0
2,2,0.1307021,0.0,0.845174,0.0,0.0,0.0,0.0,0.0,0.0,0.0,0.024123915,0.0
2,2,0.1307021,0.0,0.845174,0.0,0.0,0.0,0.0,0.0,0.0,0.0,0.024123915,0.0
2,2,0.1307021,0.0,0.845174,0.0,0.0,0.0,0.0,0.0,0.0,0.0,0.024123915,0.0
2,2,0.1307021,0.0,0.845174,0.0,0.0,0.0,0.0,0.0,0.0,0.0,0.024123915,0.0
2,2,0.1307021,0.0,0.845174,0.0,0.0,0.0,0.0,0.0,0.0,0.0,0.024123915,0.0
2,2,0.1307021,0.0,0.845174,0.0,0.0,0.0,0.0,0.0,0.0,0.0,0.024123915,0.0
2,2,0.1307021,0.0,0.845174,0.0,0.0,0.0,0.0,0.0,0.0,0.0,0.024123915,0.0
2,2,0.1307021,0.0,0.845174,0.0,0.0,0.0,0.0,0.0,0.0,0.0,0.024123915,0.0
2,2,0.1307021,0.0,0.845174,0.0,0.0,0.0,0.0,0.0,0.0,0.0,0.024123915,0.0
2,2,0.1307021,0.0,0.845174,0.0,0.0,0.0,0.0,0.0,0.0,0.0,0.024123915,0.0
2,2,0.1307021,0.0,0.845174,0.0,0.0,0.0,0.0,0.0,0.0,0.0,0.024123915,0.0
2,2,0.1307021,0.0,0.845174,0.0,0.0,0.0,0.0,0.0,0.0,0.0,0.024123915,0.0
2,2,0.1307021,0.0,0.845174,0.0,0.0,0.0,0.0,0.0,0.0,0.0,0.024123915,0.0
2,2,0.1307021,0.0,0.845174,0.0,0.0,0.0,0.0,0.0,0.0,0.0,0.024123915,0.0
2,2,0.1307021,0.0,0.845174,0.0,0.0,0.0,0.0,0.0,0.0,0.0,0.024123915,0.0
2,2,0.1307021,0.0,0.845174,0.0,0.0,0.0,0.0,0.0,0.0,0.0,0.024123915,0.0
2,2,0.1307021,0.0,0.845174,0.0,0.0,0.0,0.0,0.0,0.0,0.0,0.024123915,0.0
2,2,0.1307021,0.0,0.845174,0.0,0.0,0.0,0.0,0.0,0.0,0.0,0.024123915,0.0
2,2,0.1307021,0.0,0.845174,0.0,0.0,0.0,0.0,0.0,0.0,0.0,0.024123915,0.0
2,2,0.1307021,0.0,0.845174,0.0,0.0,0.0,0.0,0.0,0.0,0.0,0.024123915,0.0
2,2,0.1307021,0.0,0.845174,0.0,0.0,0.0,0.0,0.0,0.0,0.0,0.024123915,0.0
2,2,0.1307021,0.0,0.845174,0.0,0.0,0.0,0.0,0.0,0.0,0.0,0.024123915,0.0
2,2,0.1307021,0.0,0.845174,0.0,0.0,0.0,0.0,0.0,0.0,0.0,0.024123915,0.0
2,2,0.1307021,0.0,0.845174,0.0,0.0,0.0,0.0,0.0,0.0,0.0,0.024123915,0.0
2,2,0.1307021,0.0,0.845174,0.0,0.0,0.0,0.0,0.0,0.0,0.0,0.024123915,0.0
2,2,0.1307021,0.0,0.845174,0.0,0.0,0.0,0.0,0.0,0.0,0.0,0.024123915,0.0
2,2,0.1307021,0.0,0.845174,0.0,0.0,0.0,0.0,0.0,0.0,0.0,0.024123915,0.0
2,2,0.1307021,0.0,0.845174,0.0,0.0,0.0,0.0,0.0,0.0,0.0,0.024123915,0.0
2,2,0.1307021,0.0,0.845174,0.0,0.0,0.0,0.0,0.0,0.0,0.0,0.024123915,0.0
2,2,0.1307021,0.0,0.845174,0.0,0.0,0.0,0.0,0.0,0.0,0.0,0.024123915,0.0
2,2,0.19032635,0.0,0.78554976,0.0,0.0,0.0,0.0,0.0,0.0,0.0,0.024123915,0.0
2,2,0.19032635,0.0,0.78554976,0.0,0.0,0.0,0.0,0.0,0.0,0.0,0.024123915,0.0
2,2,0.19032635,0.0,0.78554976,0.0,0.0,0.0,0.0,0.0,0.0,0.0,0.024123915,0.0
2,2,0.19032635,0.0,0.78554976,0.0,0.0,0.0,0.0,0.0,0.0,0.0,0.024123915,0.0
2,2,0.19032635,0.0,0.78554976,0.0,0.0,0.0,0.0,0.0,0.0,0.0,0.024123915,0.0
2,2,0.19032635,0.0,0.78554976,0.0,0.0,0.0,0.0,0.0,0.0,0.0,0.024123915,0.0
2,2,0.19032635,0.0,0.78554976,0.0,0.0,0.0,0.0,0.0,0.0,0.0,0.024123915,0.0
2,2,0.19032635,0.0,0.78554976,0.0,0.0,0.0,0.0,0.0,0.0,0.0,0.024123915,0.0
2,2,0.19032635,0.0,0.78554976,0.0,0.0,0.0,0.0,0.0,0.0,0.0,0.024123915,0.0
2,2,0.19032635,0.0,0.78554976,0.0,0.0,0.0,0.0,0.0,0.0,0.0,0.024123915,0.0
2,2,0.19032635,0.0,0.78554976,0.0,0.0,0.0,0.0,0.0,0.0,0.0,0.024123915,0.0
2,2,0.19032635,0.0,0.78554976,0.0,0.0,0.0,0.0,0.0,0.0,0.0,0.024123915,0.0
2,2,0.19032635,0.0,0.78554976,0.0,0.0,0.0,0.0,0.0,0.0,0.0,0.024123915,0.0
2,2,0.19032635,0.0,0.78554976,0.0,0.0,0.0,0.0,0.0,0.0,0.0,0.024123915,0.0
2,2,0.19032635,0.0,0.78554976,0.0,0.0,0.0,0.0,0.0,0.0,0.0,0.024123915,0.0
2,2,0.19032635,0.0,0.78554976,0.0,0.0,0.0,0.0,0.0,0.0,0.0,0.024123915,0.0
2,2,0.19032635,0.0,0.78554976,0.0,0.0,0.0,0.0,0.0,0.0,0.0,0.024123915,0.0
2,2,0.19032635,0.0,0.78554976,0.0,0.0,0.0,0.0,0.0,0.0,0.0,0.024123915,0.0
2,2,0.19032635,0.0,0.78554976,0.0,0.0,0.0,0.0,0.0,0.0,0.0,0.024123915,0.0
2,2,0.19032635,0.0,0.78554976,0.0,0.0,0.0,0.0,0.0,0.0,0.0,0.024123915,0.0
2,2,0.19032635,0.0,0.78554976,0.0,0.0,0.0,0.0,0.0,0.0,0.0,0.024123915,0.0
2,2,0.19032635,0.0,0.78554976,0.0,0.0,0.0,0.0,0.0,0.0,0.0,0.024123915,0.0
2,2,0.19032635,0.0,0.78554976,0.0,0.0,0.0,0.0,0.0,0.0,0.0,0.024123915,0.0
2,2,0.19032635,0.0,0.78554976,0.0,0.0,0.0,0.0,0.0,0.0,0.0,0.024123915,0.0
2,2,0.19032635,0.0,0.78554976,0.0,0.0,0.0,0.0,0.0,0.0,0.0,0.024123915,0.0
2,2,0.19032635,0.0,0.78554976,0.0,0.0,0.0,0.0,0.0,0.0,0.0,0.024123915,0.0
2,2,0.19032635,0.0,0.78554976,0.0,0.0,0.0,0.0,0.0,0.0,0.0,0.024123915,0.0
2,2,0.19032635,0.0,0.78554976,0.0,0.0,0.0,0.0,0.0,0.0,0.0,0.024123915,0.0
2,2,0.19032635,0.0,0.78554976,0.0,0.0,0.0,0.0,0.0,0.0,0.0,0.024123915,0.0
2,2,0.19032635,0.0,0.78554976,0.0,0.0,0.0,0.0,0.0,0.0,0.0,0.024123915,0.0
2,2,0.1307021,0.0,0.845174,0.0,0.0,0.0,0.0,0.0,0.0,0.0,0.024123915,0.0
2,2,0.1307021,0.0,0.845174,0.0,0.0,0.0,0.0,0.0,0.0,0.0,0.024123915,0.0
2,2,0.1307021,0.0,0.845174,0.0,0.0,0.0,0.0,0.0,0.0,0.0,0.024123915,0.0
2,2,0.1307021,0.0,0.845174,0.0,0.0,0.0,0.0,0.0,0.0,0.0,0.024123915,0.0
2,2,0.1307021,0.0,0.845174,0.0,0.0,0.0,0.0,0.0,0.0,0.0,0.024123915,0.0
2,2,0.1307021,0.0,0.845174,0.0,0.0,0.0,0.0,0.0,0.0,0.0,0.024123915,0.0
2,2,0.1307021,0.0,0.845174,0.0,0.0,0.0,0.0,0.0,0.0,0.0,0.024123915,0.0
2,2,0.1307021,0.0,0.845174,0.0,0.0,0.0,0.0,0.0,0.0,0.0,0.024123915,0.0
2,2,0.1307021,0.0,0.845174,0.0,0.0,0.0,0.0,0.0,0.0,0.0,0.024123915,0.0
2,2,0.1307021,0.0,0.845174,0.0,0.0,0.0,0.0,0.0,0.0,0.0,0.024123915,0.0
2,2,0.1307021,0.0,0.845174,0.0,0.0,0.0,0.0,0.0,0.0,0.0,0.024123915,0.0
2,2,0.1307021,0.0,0.845174,0.0,0.0,0.0,0.0,0.0,0.0,0.0,0.024123915,0.0
2,2,0.1307021,0.0,0.845174,0.0,0.0,0.0,0.0,0.0,0.0,0.0,0.024123915,0.0
2,2,0.1307021,0.0,0.845174,0.0,0.0,0.0,0.0,0.0,0.0,0.0,0.024123915,0.0
2,2,0.1307021,0.0,0.845174,0.0,0.0,0.0,0.0,0.0,0.0,0.0,0.024123915,0.0
2,2,0.1307021,0.0,0.845174,0.0,0.0,0.0,0.0,0.0,0.0,0.0,0.024123915,0.0
2,2,0.1307021,0.0,0.845174,0.0,0.0,0.0,0.0,0.0,0.0,0.0,0.024123915,0.0
2,2,0.1307021,0.0,0.845174,0.0,0.0,0.0,0.0,0.0,0.0,0.0,0.024123915,0.0
2,2,0.1307021,0.0,0.845174,0.0,0.0,0.0,0.0,0.0,0.0,0.0,0.024123915,0.0
2,2,0.1307021,0.0,0.845174,0.0,0.0,0.0,0.0,0.0,0.0,0.0,0.024123915,0.0
2,2,0.1307021,0.0,0.845174,0.0,0.0,0.0,0.0,0.0,0.0,0.0,0.024123915,0.0
2,2,0.1307021,0.0,0.845174,0.0,0.0,0.0,0.0,0.0,0.0,0.0,0.024123915,0.0
2,2,0.1307021,0.0,0.845174,0.0,0.0,0.0,0.0,0.0,0.0,0.0,0.024123915,0.0
2,2,0.1307021,0.0,0.845174,0.0,0.0,0.0,0.0,0.0,0.0,0.0,0.024123915,0.0
2,2,0.1307021,0.0,0.845174,0.0,0.0,0.0,0.0,0.0,0.0,0.0,0.024123915,0.0
2,2,0.1307021,0.0,0.845174,0.0,0.0,0.0,0.0,0.0,0.0,0.0,0.024123915,0.0
2,2,0.1307021,0.0,0.845174,0.0,0.0,0.0,0.0,0.0,0.0,0.0,0.024123915,0.0
2,2,0.1307021,0.0,0.845174,0.0,0.0,0.0,0.0,0.0,0.0,0.0,0.024123915,0.0
2,2,0.1307021,0.0,0.845174,0.0,0.0,0.0,0.0,0.0,0.0,0.0,0.024123915,0.0
2,2,0.1307021,0.0,0.845174,0.0,0.0,0.0,0.0,0.0,0.0,0.0,0.024123915,0.0
2,2,0.1307021,0.0,0.845174,0.0,0.0,0.0,0.0,0.0,0.0,0.0,0.024123915,0.0
2,2,0.1307021,0.0,0.845174,0.0,0.0,0.0,0.0,0.0,0.0,0.0,0.024123915,0.0
2,2,0.1307021,0.0,0.845174,0.0,0.0,0.0,0.0,0.0,0.0,0.0,0.024123915,0.0
2,2,0.1307021,0.0,0.845174,0.0,0.0,0.0,0.0,0.0,0.0,0.0,0.024123915,0.0
2,2,0.1307021,0.0,0.845174,0.0,0.0,0.0,0.0,0.0,0.0,0.0,0.024123915,0.0
2,2,0.1307021,0.0,0.845174,0.0,0.0,0.0,0.0,0.0,0.0,0.0,0.024123915,0.0
2,2,0.1307021,0.0,0.845174,0.0,0.0,0.0,0.0,0.0,0.0,0.0,0.024123915,0.0
2,2,0.1307021,0.0,0.845174,0.0,0.0,0.0,0.0,0.0,0.0,0.0,0.024123915,0.0
2,2,0.1307021,0.0,0.845174,0.0,0.0,0.0,0.0,0.0,0.0,0.0,0.024123915,0.0
2,2,0.1307021,0.0,0.845174,0.0,0.0,0.0,0.0,0.0,0.0,0.0,0.024123915,0.0
2,2,0.1307021,0.0,0.845174,0.0,0.0,0.0,0.0,0.0,0.0,0.0,0.024123915,0.0
2,2,0.1307021,0.0,0.845174,0.0,0.0,0.0,0.0,0.0,0.0,0.0,0.024123915,0.0
2,2,0.1307021,0.0,0.845174,0.0,0.0,0.0,0.0,0.0,0.0,0.0,0.024123915,0.0
2,2,0.1307021,0.0,0.845174,0.0,0.0,0.0,0.0,0.0,0.0,0.0,0.024123915,0.0
2,2,0.1307021,0.0,0.845174,0.0,0.0,0.0,0.0,0.0,0.0,0.0,0.024123915,0.0
2,2,0.1307021,0.0,0.845174,0.0,0.0,0.0,0.0,0.0,0.0,0.0,0.024123915,0.0
2,2,0.1307021,0.0,0.845174,0.0,0.0,0.0,0.0,0.0,0.0,0.0,0.024123915,0.0
2,2,0.1307021,0.0,0.845174,0.0,0.0,0.0,0.0,0.0,0.0,0.0,0.024123915,0.0
2,2,0.1307021,0.0,0.845174,0.0,0.0,0.0,0.0,0.0,0.0,0.0,0.024123915,0.0
2,2,0.1307021,0.0,0.845174,0.0,0.0,0.0,0.0,0.0,0.0,0.0,0.024123915,0.0
2,2,0.1307021,0.0,0.845174,0.0,0.0,0.0,0.0,0.0,0.0,0.0,0.024123915,0.0
2,2,0.1307021,0.0,0.845174,0.0,0.0,0.0,0.0,0.0,0.0,0.0,0.024123915,0.0
2,2,0.1307021,0.0,0.845174,0.0,0.0,0.0,0.0,0.0,0.0,0.0,0.024123915,0.0
2,2,0.1307021,0.0,0.845174,0.0,0.0,0.0,0.0,0.0,0.0,0.0,0.024123915,0.0
2,2,0.1307021,0.0,0.845174,0.0,0.0,0.0,0.0,0.0,0.0,0.0,0.024123915,0.0
2,2,0.1307021,0.0,0.845174,0.0,0.0,0.0,0.0,0.0,0.0,0.0,0.024123915,0.0
2,2,0.1307021,0.0,0.845174,0.0,0.0,0.0,0.0,0.0,0.0,0.0,0.024123915,0.0
2,2,0.1307021,0.0,0.845174,0.0,0.0,0.0,0.0,0.0,0.0,0.0,0.024123915,0.0
2,2,0.1307021,0.0,0.845174,0.0,0.0,0.0,0.0,0.0,0.0,0.0,0.024123915,0.0
2,2,0.1307021,0.0,0.845174,0.0,0.0,0.0,0.0,0.0,0.0,0.0,0.024123915,0.0
2,2,0.1307021,0.0,0.845174,0.0,0.0,0.0,0.0,0.0,0.0,0.0,0.024123915,0.0
2,2,0.1307021,0.0,0.845174,0.0,0.0,0.0,0.0,0.0,0.0,0.0,0.024123915,0.0
2,2,0.1307021,0.0,0.845174,0.0,0.0,0.0,0.0,0.0,0.0,0.0,0.024123915,0.0
2,2,0.1307021,0.0,0.845174,0.0,0.0,0.0,0.0,0.0,0.0,0.0,0.024123915,0.0
2,2,0.1307021,0.0,0.845174,0.0,0.0,0.0,0.0,0.0,0.0,0.0,0.024123915,0.0
2,2,0.1307021,0.0,0.845174,0.0,0.0,0.0,0.0,0.0,0.0,0.0,0.024123915,0.0
2,2,0.1307021,0.0,0.845174,0.0,0.0,0.0,0.0,0.0,0.0,0.0,0.024123915,0.0
2,2,0.1307021,0.0,0.845174,0.0,0.0,0.0,0.0,0.0,0.0,0.0,0.024123915,0.0
2,2,0.13070208,0.047930222,0.7972438,0.0,0.0,0.0,0.0,0.0,0.0,0.0,0.024123913,0.0
2,2,0.13070208,0.047930222,0.7972438,0.0,0.0,0.0,0.0,0.0,0.0,0.0,0.024123913,0.0
2,2,0.13070208,0.047930222,0.7972438,0.0,0.0,0.0,0.0,0.0,0.0,0.0,0.024123913,0.0
2,2,0.13070208,0.047930222,0.7972438,0.0,0.0,0.0,0.0,0.0,0.0,0.0,0.024123913,0.0
2,2,0.13070208,0.047930222,0.7972438,0.0,0.0,0.0,0.0,0.0,0.0,0.0,0.024123913,0.0
2,2,0.13070208,0.047930222,0.7972438,0.0,0.0,0.0,0.0,0.0,0.0,0.0,0.024123913,0.0
2,2,0.13070208,0.047930222,0.7972438,0.0,0.0,0.0,0.0,0.0,0.0,0.0,0.024123913,0.0
2,2,0.13070208,0.047930222,0.7972438,0.0,0.0,0.0,0.0,0.0,0.0,0.0,0.024123913,0.0
2,2,0.13070208,0.047930222,0.7972438,0.0,0.0,0.0,0.0,0.0,0.0,0.0,0.024123913,0.0
2,2,0.13070208,0.047930222,0.7972438,0.0,0.0,0.0,0.0,0.0,0.0,0.0,0.024123913,0.0
2,2,0.13070208,0.047930222,0.7972438,0.0,0.0,0.0,0.0,0.0,0.0,0.0,0.024123913,0.0
2,2,0.13070208,0.047930222,0.7972438,0.0,0.0,0.0,0.0,0.0,0.0,0.0,0.024123913,0.0
2,2,0.13070208,0.047930222,0.7972438,0.0,0.0,0.0,0.0,0.0,0.0,0.0,0.024123913,0.0
2,2,0.13070208,0.047930222,0.7972438,0.0,0.0,0.0,0.0,0.0,0.0,0.0,0.024123913,0.0
2,2,0.13070208,0.047930222,0.7972438,0.0,0.0,0.0,0.0,0.0,0.0,0.0,0.024123913,0.0
2,2,0.13070208,0.047930222,0.7972438,0.0,0.0,0.0,0.0,0.0,0.0,0.0,0.024123913,0.0
2,2,0.13070208,0.047930222,0.7972438,0.0,0.0,0.0,0.0,0.0,0.0,0.0,0.024123913,0.0
2,2,0.13070208,0.047930222,0.7972438,0.0,0.0,0.0,0.0,0.0,0.0,0.0,0.024123913,0.0
2,2,0.13070208,0.047930222,0.7972438,0.0,0.0,0.0,0.0,0.0,0.0,0.0,0.024123913,0.0
2,2,0.13070208,0.047930222,0.7972438,0.0,0.0,0.0,0.0,0.0,0.0,0.0,0.024123913,0.0
2,2,0.13070208,0.047930222,0.7972438,0.0,0.0,0.0,0.0,0.0,0.0,0.0,0.024123913,0.0
2,2,0.13070208,0.047930222,0.7972438,0.0,0.0,0.0,0.0,0.0,0.0,0.0,0.024123913,0.0
2,2,0.13070208,0.047930222,0.7972438,0.0,0.0,0.0,0.0,0.0,0.0,0.0,0.024123913,0.0
2,2,0.13070208,0.047930222,0.7972438,0.0,0.0,0.0,0.0,0.0,0.0,0.0,0.024123913,0.0
2,2,0.13070208,0.047930222,0.7972438,0.0,0.0,0.0,0.0,0.0,0.0,0.0,0.024123913,0.0
2,2,0.13070208,0.047930222,0.7972438,0.0,0.0,0.0,0.0,0.0,0.0,0.0,0.024123913,0.0
2,2,0.13070208,0.047930222,0.7972438,0.0,0.0,0.0,0.0,0.0,0.0,0.0,0.024123913,0.0
2,2,0.13070208,0.047930222,0.7972438,0.0,0.0,0.0,0.0,0.0,0.0,0.0,0.024123913,0.0
2,2,0.1307021,0.0,0.845174,0.0,0.0,0.0,0.0,0.0,0.0,0.0,0.024123915,0.0
2,2,0.1307021,0.0,0.845174,0.0,0.0,0.0,0.0,0.0,0.0,0.0,0.024123915,0.0
2,2,0.1307021,0.0,0.845174,0.0,0.0,0.0,0.0,0.0,0.0,0.0,0.024123915,0.0
2,2,0.1307021,0.0,0.845174,0.0,0.0,0.0,0.0,0.0,0.0,0.0,0.024123915,0.0
2,2,0.1307021,0.0,0.845174,0.0,0.0,0.0,0.0,0.0,0.0,0.0,0.024123915,0.0
2,2,0.1307021,0.0,0.845174,0.0,0.0,0.0,0.0,0.0,0.0,0.0,0.024123915,0.0
2,2,0.1307021,0.0,0.845174,0.0,0.0,0.0,0.0,0.0,0.0,0.0,0.024123915,0.0
2,2,0.1307021,0.0,0.845174,0.0,0.0,0.0,0.0,0.0,0.0,0.0,0.024123915,0.0
2,2,0.1307021,0.0,0.845174,0.0,0.0,0.0,0.0,0.0,0.0,0.0,0.024123915,0.0
2,2,0.1307021,0.0,0.845174,0.0,0.0,0.0,0.0,0.0,0.0,0.0,0.024123915,0.0
2,2,0.1307021,0.0,0.845174,0.0,0.0,0.0,0.0,0.0,0.0,0.0,0.024123915,0.0
2,2,0.1307021,0.0,0.845174,0.0,0.0,0.0,0.0,0.0,0.0,0.0,0.024123915,0.0
2,2,0.1307021,0.0,0.845174,0.0,0.0,0.0,0.0,0.0,0.0,0.0,0.024123915,0.0
2,2,0.1307021,0.0,0.845174,0.0,0.0,0.0,0.0,0.0,0.0,0.0,0.024123915,0.0
2,2,0.1307021,0.0,0.845174,0.0,0.0,0.0,0.0,0.0,0.0,0.0,0.024123915,0.0
2,2,0.1307021,0.0,0.845174,0.0,0.0,0.0,0.0,0.0,0.0,0.0,0.024123915,0.0
2,2,0.1307021,0.0,0.845174,0.0,0.0,0.0,0.0,0.0,0.0,0.0,0.024123915,0.0
2,2,0.1307021,0.0,0.845174,0.0,0.0,0.0,0.0,0.0,0.0,0.0,0.024123915,0.0
2,2,0.1307021,0.0,0.845174,0.0,0.0,0.0,0.0,0.0,0.0,0.0,0.024123915,0.0
2,2,0.1307021,0.0,0.845174,0.0,0.0,0.0,0.0,0.0,0.0,0.0,0.024123915,0.0
2,2,0.1307021,0.0,0.845174,0.0,0.0,0.0,0.0,0.0,0.0,0.0,0.024123915,0.0
2,2,0.1307021,0.0,0.845174,0.0,0.0,0.0,0.0,0.0,0.0,0.0,0.024123915,0.0
2,2,0.1307021,0.0,0.845174,0.0,0.0,0.0,0.0,0.0,0.0,0.0,0.024123915,0.0
2,2,0.1307021,0.0,0.845174,0.0,0.0,0.0,0.0,0.0,0.0,0.0,0.024123915,0.0
2,2,0.1307021,0.0,0.845174,0.0,0.0,0.0,0.0,0.0,0.0,0.0,0.024123915,0.0
2,2,0.1307021,0.0,0.845174,0.0,0.0,0.0,0.0,0.0,0.0,0.0,0.024123915,0.0
2,2,0.1307021,0.0,0.845174,0.0,0.0,0.0,0.0,0.0,0.0,0.0,0.024123915,0.0
2,2,0.1307021,0.0,0.845174,0.0,0.0,0.0,0.0,0.0,0.0,0.0,0.024123915,0.0
2,2,0.1307021,0.0,0.845174,0.0,0.0,0.0,0.0,0.0,0.0,0.0,0.024123915,0.0
2,2,0.1307021,0.0,0.845174,0.0,0.0,0.0,0.0,0.0,0.0,0.0,0.024123915,0.0
2,2,0.1307021,0.0,0.845174,0.0,0.0,0.0,0.0,0.0,0.0,0.0,0.024123915,0.0
2,2,0.1307021,0.0,0.845174,0.0,0.0,0.0,0.0,0.0,0.0,0.0,0.024123915,0.0
2,2,0.1307021,0.0,0.845174,0.0,0.0,0.0,0.0,0.0,0.0,0.0,0.024123915,0.0
2,2,0.1307021,0.0,0.845174,0.0,0.0,0.0,0.0,0.0,0.0,0.0,0.024123915,0.0
2,2,0.1307021,0.0,0.845174,0.0,0.0,0.0,0.0,0.0,0.0,0.0,0.024123915,0.0
2,2,0.1307021,0.0,0.845174,0.0,0.0,0.0,0.0,0.0,0.0,0.0,0.024123915,0.0
2,2,0.1307021,0.0,0.845174,0.0,0.0,0.0,0.0,0.0,0.0,0.0,0.024123915,0.0
2,2,0.1307021,0.0,0.845174,0.0,0.0,0.0,0.0,0.0,0.0,0.0,0.024123915,0.0
2,2,0.1307021,0.0,0.845174,0.0,0.0,0.0,0.0,0.0,0.0,0.0,0.024123915,0.0
2,2,0.1307021,0.0,0.845174,0.0,0.0,0.0,0.0,0.0,0.0,0.0,0.024123915,0.0
2,2,0.1307021,0.0,0.845174,0.0,0.0,0.0,0.0,0.0,0.0,0.0,0.024123915,0.0
2,2,0.1307021,0.0,0.845174,0.0,0.0,0.0,0.0,0.0,0.0,0.0,0.024123915,0.0
2,2,0.1307021,0.0,0.845174,0.0,0.0,0.0,0.0,0.0,0.0,0.0,0.024123915,0.0
2,2,0.1307021,0.0,0.845174,0.0,0.0,0.0,0.0,0.0,0.0,0.0,0.024123915,0.0
2,2,0.1307021,0.0,0.845174,0.0,0.0,0.0,0.0,0.0,0.0,0.0,0.024123915,0.0
2,2,0.1307021,0.0,0.845174,0.0,0.0,0.0,0.0,0.0,0.0,0.0,0.024123915,0.0
2,2,0.1307021,0.0,0.845174,0.0,0.0,0.0,0.0,0.0,0.0,0.0,0.024123915,0.0
2,2,0.1307021,0.0,0.845174,0.0,0.0,0.0,0.0,0.0,0.0,0.0,0.024123915,0.0
2,2,0.1307021,0.0,0.845174,0.0,0.0,0.0,0.0,0.0,0.0,0.0,0.024123915,0.0
2,2,0.1307021,0.0,0.845174,0.0,0.0,0.0,0.0,0.0,0.0,0.0,0.024123915,0.0
2,2,0.1307021,0.0,0.845174,0.0,0.0,0.0,0.0,0.0,0.0,0.0,0.024123915,0.0
2,2,0.1307021,0.0,0.845174,0.0,0.0,0.0,0.0,0.0,0.0,0.0,0.024123915,0.0
2,2,0.1307021,0.0,0.845174,0.0,0.0,0.0,0.0,0.0,0.0,0.0,0.024123915,0.0
2,2,0.1307021,0.0,0.845174,0.0,0.0,0.0,0.0,0.0,0.0,0.0,0.024123915,0.0
2,2,0.19032635,0.0,0.78554976,0.0,0.0,0.0,0.0,0.0,0.0,0.0,0.024123915,0.0
2,2,0.19032635,0.0,0.78554976,0.0,0.0,0.0,0.0,0.0,0.0,0.0,0.024123915,0.0
2,2,0.19032635,0.047930226,0.7376195,0.0,0.0,0.0,0.0,0.0,0.0,0.0,0.024123915,0.0
2,2,0.19032635,0.047930226,0.7376195,0.0,0.0,0.0,0.0,0.0,0.0,0.0,0.024123915,0.0
2,2,0.19032635,0.047930226,0.7376195,0.0,0.0,0.0,0.0,0.0,0.0,0.0,0.024123915,0.0
2,2,0.19032635,0.047930226,0.7376195,0.0,0.0,0.0,0.0,0.0,0.0,0.0,0.024123915,0.0
2,2,0.19032635,0.047930226,0.7376195,0.0,0.0,0.0,0.0,0.0,0.0,0.0,0.024123915,0.0
2,2,0.19032635,0.047930226,0.7376195,0.0,0.0,0.0,0.0,0.0,0.0,0.0,0.024123915,0.0
2,2,0.19032635,0.047930226,0.7376195,0.0,0.0,0.0,0.0,0.0,0.0,0.0,0.024123915,0.0
2,2,0.19032635,0.047930226,0.7376195,0.0,0.0,0.0,0.0,0.0,0.0,0.0,0.024123915,0.0
2,2,0.19032635,0.047930226,0.7376195,0.0,0.0,0.0,0.0,0.0,0.0,0.0,0.024123915,0.0
2,2,0.19032635,0.047930226,0.7376195,0.0,0.0,0.0,0.0,0.0,0.0,0.0,0.024123915,0.0
2,2,0.19032635,0.047930226,0.7376195,0.0,0.0,0.0,0.0,0.0,0.0,0.0,0.024123915,0.0
2,2,0.19032635,0.047930226,0.7376195,0.0,0.0,0.0,0.0,0.0,0.0,0.0,0.024123915,0.0
2,2,0.19032635,0.047930226,0.7376195,0.0,0.0,0.0,0.0,0.0,0.0,0.0,0.024123915,0.0
2,2,0.19032635,0.047930226,0.7376195,0.0,0.0,0.0,0.0,0.0,0.0,0.0,0.024123915,0.0
2,2,0.19032635,0.047930226,0.7376195,0.0,0.0,0.0,0.0,0.0,0.0,0.0,0.024123915,0.0
2,2,0.19032635,0.047930226,0.7376195,0.0,0.0,0.0,0.0,0.0,0.0,0.0,0.024123915,0.0
2,2,0.19032635,0.047930226,0.7376195,0.0,0.0,0.0,0.0,0.0,0.0,0.0,0.024123915,0.0
2,2,0.19032635,0.047930226,0.7376195,0.0,0.0,0.0,0.0,0.0,0.0,0.0,0.024123915,0.0
2,2,0.19032635,0.047930226,0.7376195,0.0,0.0,0.0,0.0,0.0,0.0,0.0,0.024123915,0.0
2,2,0.19032635,0.047930226,0.7376195,0.0,0.0,0.0,0.0,0.0,0.0,0.0,0.024123915,0.0
2,2,0.19032635,0.047930226,0.7376195,0.0,0.0,0.0,0.0,0.0,0.0,0.0,0.024123915,0.0
2,2,0.19032635,0.047930226,0.7376195,0.0,0.0,0.0,0.0,0.0,0.0,0.0,0.024123915,0.0
2,2,0.19032635,0.047930226,0.7376195,0.0,0.0,0.0,0.0,0.0,0.0,0.0,0.024123915,0.0
2,2,0.19032635,0.047930226,0.7376195,0.0,0.0,0.0,0.0,0.0,0.0,0.0,0.024123915,0.0
2,2,0.19032635,0.047930226,0.7376195,0.0,0.0,0.0,0.0,0.0,0.0,0.0,0.024123915,0.0
2,2,0.19032635,0.047930226,0.7376195,0.0,0.0,0.0,0.0,0.0,0.0,0.0,0.024123915,0.0
2,2,0.19032635,0.047930226,0.7376195,0.0,0.0,0.0,0.0,0.0,0.0,0.0,0.024123915,0.0
2,2,0.19032635,0.047930226,0.7376195,0.0,0.0,0.0,0.0,0.0,0.0,0.0,0.024123915,0.0
2,2,0.1307021,0.0,0.845174,0.0,0.0,0.0,0.0,0.0,0.0,0.0,0.024123915,0.0
2,2,0.1307021,0.0,0.845174,0.0,0.0,0.0,0.0,0.0,0.0,0.0,0.024123915,0.0
2,2,0.1307021,0.0,0.845174,0.0,0.0,0.0,0.0,0.0,0.0,0.0,0.024123915,0.0
2,2,0.1307021,0.0,0.845174,0.0,0.0,0.0,0.0,0.0,0.0,0.0,0.024123915,0.0
2,2,0.1307021,0.0,0.845174,0.0,0.0,0.0,0.0,0.0,0.0,0.0,0.024123915,0.0
2,2,0.1307021,0.0,0.845174,0.0,0.0,0.0,0.0,0.0,0.0,0.0,0.024123915,0.0
2,2,0.1307021,0.0,0.845174,0.0,0.0,0.0,0.0,0.0,0.0,0.0,0.024123915,0.0
2,2,0.1307021,0.0,0.845174,0.0,0.0,0.0,0.0,0.0,0.0,0.0,0.024123915,0.0
2,2,0.1307021,0.0,0.845174,0.0,0.0,0.0,0.0,0.0,0.0,0.0,0.024123915,0.0
2,2,0.1307021,0.0,0.845174,0.0,0.0,0.0,0.0,0.0,0.0,0.0,0.024123915,0.0
2,2,0.1307021,0.0,0.845174,0.0,0.0,0.0,0.0,0.0,0.0,0.0,0.024123915,0.0
2,2,0.1307021,0.0,0.845174,0.0,0.0,0.0,0.0,0.0,0.0,0.0,0.024123915,0.0
2,2,0.1307021,0.0,0.845174,0.0,0.0,0.0,0.0,0.0,0.0,0.0,0.024123915,0.0
2,2,0.1307021,0.0,0.845174,0.0,0.0,0.0,0.0,0.0,0.0,0.0,0.024123915,0.0
2,2,0.1307021,0.0,0.845174,0.0,0.0,0.0,0.0,0.0,0.0,0.0,0.024123915,0.0
2,2,0.1307021,0.0,0.845174,0.0,0.0,0.0,0.0,0.0,0.0,0.0,0.024123915,0.0
2,2,0.1307021,0.0,0.845174,0.0,0.0,0.0,0.0,0.0,0.0,0.0,0.024123915,0.0
2,2,0.1307021,0.0,0.845174,0.0,0.0,0.0,0.0,0.0,0.0,0.0,0.024123915,0.0
2,2,0.1307021,0.0,0.845174,0.0,0.0,0.0,0.0,0.0,0.0,0.0,0.024123915,0.0
2,2,0.1307021,0.0,0.845174,0.0,0.0,0.0,0.0,0.0,0.0,0.0,0.024123915,0.0
2,2,0.1307021,0.0,0.845174,0.0,0.0,0.0,0.0,0.0,0.0,0.0,0.024123915,0.0
2,2,0.1307021,0.0,0.845174,0.0,0.0,0.0,0.0,0.0,0.0,0.0,0.024123915,0.0
2,2,0.1307021,0.0,0.845174,0.0,0.0,0.0,0.0,0.0,0.0,0.0,0.024123915,0.0
2,2,0.1307021,0.0,0.845174,0.0,0.0,0.0,0.0,0.0,0.0,0.0,0.024123915,0.0
2,2,0.1307021,0.0,0.845174,0.0,0.0,0.0,0.0,0.0,0.0,0.0,0.024123915,0.0
2,2,0.1307021,0.0,0.845174,0.0,0.0,0.0,0.0,0.0,0.0,0.0,0.024123915,0.0
2,2,0.1307021,0.0,0.845174,0.0,0.0,0.0,0.0,0.0,0.0,0.0,0.024123915,0.0
2,2,0.1307021,0.0,0.845174,0.0,0.0,0.0,0.0,0.0,0.0,0.0,0.024123915,0.0
2,2,0.1307021,0.0,0.845174,0.0,0.0,0.0,0.0,0.0,0.0,0.0,0.024123915,0.0
2,2,0.1307021,0.0,0.845174,0.0,0.0,0.0,0.0,0.0,0.0,0.0,0.024123915,0.0
2,2,0.1307021,0.0,0.845174,0.0,0.0,0.0,0.0,0.0,0.0,0.0,0.024123915,0.0
2,2,0.21113238,0.0,0.7647437,0.0,0.0,0.0,0.0,0.0,0.0,0.0,0.024123913,0.0
2,2,0.21113238,0.0,0.7647437,0.0,0.0,0.0,0.0,0.0,0.0,0.0,0.024123913,0.0
2,2,0.21113238,0.0,0.7647437,0.0,0.0,0.0,0.0,0.0,0.0,0.0,0.024123913,0.0
2,2,0.21113238,0.0,0.7647437,0.0,0.0,0.0,0.0,0.0,0.0,0.0,0.024123913,0.0
2,2,0.21113238,0.0,0.7647437,0.0,0.0,0.0,0.0,0.0,0.0,0.0,0.024123913,0.0
2,2,0.21113238,0.0,0.7647437,0.0,0.0,0.0,0.0,0.0,0.0,0.0,0.024123913,0.0
2,2,0.21113238,0.0,0.7647437,0.0,0.0,0.0,0.0,0.0,0.0,0.0,0.024123913,0.0
2,2,0.21113238,0.0,0.7647437,0.0,0.0,0.0,0.0,0.0,0.0,0.0,0.024123913,0.0
2,2,0.21113238,0.0,0.7647437,0.0,0.0,0.0,0.0,0.0,0.0,0.0,0.024123913,0.0
2,2,0.21113238,0.0,0.7647437,0.0,0.0,0.0,0.0,0.0,0.0,0.0,0.024123913,0.0
2,2,0.21113238,0.0,0.7647437,0.0,0.0,0.0,0.0,0.0,0.0,0.0,0.024123913,0.0
2,2,0.21113238,0.0,0.7647437,0.0,0.0,0.0,0.0,0.0,0.0,0.0,0.024123913,0.0
2,2,0.21113238,0.0,0.7647437,0.0,0.0,0.0,0.0,0.0,0.0,0.0,0.024123913,0.0
2,2,0.21113238,0.0,0.7647437,0.0,0.0,0.0,0.0,0.0,0.0,0.0,0.024123913,0.0
2,2,0.21113238,0.0,0.7647437,0.0,0.0,0.0,0.0,0.0,0.0,0.0,0.024123913,0.0
2,2,0.21113238,0.0,0.7647437,0.0,0.0,0.0,0.0,0.0,0.0,0.0,0.024123913,0.0
2,2,0.21113238,0.0,0.7647437,0.0,0.0,0.0,0.0,0.0,0.0,0.0,0.024123913,0.0
2,2,0.21113238,0.0,0.7647437,0.0,0.0,0.0,0.0,0.0,0.0,0.0,0.024123913,0.0
2,2,0.21113238,0.0,0.7647437,0.0,0.0,0.0,0.0,0.0,0.0,0.0,0.024123913,0.0
2,2,0.21113238,0.0,0.7647437,0.0,0.0,0.0,0.0,0.0,0.0,0.0,0.024123913,0.0
2,2,0.21113238,0.0,0.7647437,0.0,0.0,0.0,0.0,0.0,0.0,0.0,0.024123913,0.0
2,2,0.21113238,0.0,0.7647437,0.0,0.0,0.0,0.0,0.0,0.0,0.0,0.024123913,0.0
2,2,0.21113238,0.0,0.7647437,0.0,0.0,0.0,0.0,0.0,0.0,0.0,0.024123913,0.0
2,2,0.21113238,0.0,0.7647437,0.0,0.0,0.0,0.0,0.0,0.0,0.0,0.024123913,0.0
2,2,0.21113238,0.0,0.7647437,0.0,0.0,0.0,0.0,0.0,0.0,0.0,0.024123913,0.0
2,2,0.21113238,0.0,0.7647437,0.0,0.0,0.0,0.0,0.0,0.0,0.0,0.024123913,0.0
2,2,0.21113238,0.0,0.7647437,0.0,0.0,0.0,0.0,0.0,0.0,0.0,0.024123913,0.0
2,2,0.21113239,0.10034473,0.66439897,0.0,0.0,0.0,0.0,0.0,0.0,0.0,0.024123913,0.0
2,2,0.21113239,0.10034473,0.66439897,0.0,0.0,0.0,0.0,0.0,0.0,0.0,0.024123913,0.0
2,2,0.27075666,0.10034474,0.6047747,0.0,0.0,0.0,0.0,0.0,0.0,0.0,0.024123915,0.0
2,2,0.27075666,0.10034474,0.6047747,0.0,0.0,0.0,0.0,0.0,0.0,0.0,0.024123915,0.0
2,2,0.27075666,0.10034474,0.6047747,0.0,0.0,0.0,0.0,0.0,0.0,0.0,0.024123915,0.0
2,2,0.27075666,0.10034474,0.6047747,0.0,0.0,0.0,0.0,0.0,0.0,0.0,0.024123915,0.0
2,2,0.27075666,0.10034474,0.6047747,0.0,0.0,0.0,0.0,0.0,0.0,0.0,0.024123915,0.0
2,2,0.27075666,0.10034474,0.6047747,0.0,0.0,0.0,0.0,0.0,0.0,0.0,0.024123915,0.0
2,2,0.27075666,0.10034474,0.6047747,0.0,0.0,0.0,0.0,0.0,0.0,0.0,0.024123915,0.0
2,2,0.27075666,0.10034474,0.6047747,0.0,0.0,0.0,0.0,0.0,0.0,0.0,0.024123915,0.0
2,2,0.27075666,0.10034474,0.6047747,0.0,0.0,0.0,0.0,0.0,0.0,0.0,0.024123915,0.0
2,2,0.27075666,0.10034474,0.6047747,0.0,0.0,0.0,0.0,0.0,0.0,0.0,0.024123915,0.0
2,2,0.27075666,0.10034474,0.6047747,0.0,0.0,0.0,0.0,0.0,0.0,0.0,0.024123915,0.0
2,2,0.27075666,0.10034474,0.6047747,0.0,0.0,0.0,0.0,0.0,0.0,0.0,0.024123915,0.0
2,2,0.27075666,0.10034474,0.6047747,0.0,0.0,0.0,0.0,0.0,0.0,0.0,0.024123915,0.0
2,2,0.27075666,0.10034474,0.6047747,0.0,0.0,0.0,0.0,0.0,0.0,0.0,0.024123915,0.0
2,2,0.27075666,0.10034474,0.6047747,0.0,0.0,0.0,0.0,0.0,0.0,0.0,0.024123915,0.0
2,2,0.27075666,0.10034474,0.6047747,0.0,0.0,0.0,0.0,0.0,0.0,0.0,0.024123915,0.0
2,2,0.27075666,0.10034474,0.6047747,0.0,0.0,0.0,0.0,0.0,0.0,0.0,0.024123915,0.0
2,2,0.27075666,0.10034474,0.6047747,0.0,0.0,0.0,0.0,0.0,0.0,0.0,0.024123915,0.0
2,2,0.27075666,0.10034474,0.6047747,0.0,0.0,0.0,0.0,0.0,0.0,0.0,0.024123915,0.0
2,2,0.27075666,0.10034474,0.6047747,0.0,0.0,0.0,0.0,0.0,0.0,0.0,0.024123915,0.0
2,2,0.27075666,0.10034474,0.6047747,0.0,0.0,0.0,0.0,0.0,0.0,0.0,0.024123915,0.0
2,2,0.27075666,0.10034474,0.6047747,0.0,0.0,0.0,0.0,0.0,0.0,0.0,0.024123915,0.0
2,2,0.27075666,0.10034474,0.6047747,0.0,0.0,0.0,0.0,0.0,0.0,0.0,0.024123915,0.0
2,2,0.27075666,0.10034474,0.6047747,0.0,0.0,0.0,0.0,0.0,0.0,0.0,0.024123915,0.0
2,2,0.27075666,0.10034474,0.6047747,0.0,0.0,0.0,0.0,0.0,0.0,0.0,0.024123915,0.0
2,2,0.27075666,0.10034474,0.6047747,0.0,0.0,0.0,0.0,0.0,0.0,0.0,0.024123915,0.0
2,2,0.27075666,0.10034474,0.6047747,0.0,0.0,0.0,0.0,0.0,0.0,0.0,0.024123915,0.0
2,2,0.27075666,0.10034474,0.6047747,0.0,0.0,0.0,0.0,0.0,0.0,0.0,0.024123915,0.0
2,2,0.27075666,0.10034474,0.6047747,0.0,0.0,0.0,0.0,0.0,0.0,0.0,0.024123915,0.0
2,2,0.27075666,0.10034474,0.6047747,0.0,0.0,0.0,0.0,0.0,0.0,0.0,0.024123915,0.0
2,2,0.27075666,0.10034474,0.6047747,0.0,0.0,0.0,0.0,0.0,0.0,0.0,0.024123915,0.0
2,2,0.27075666,0.10034474,0.6047747,0.0,0.0,0.0,0.0,0.0,0.0,0.0,0.024123915,0.0
2,2,0.27075666,0.10034474,0.6047747,0.0,0.0,0.0,0.0,0.0,0.0,0.0,0.024123915,0.0
2,2,0.27075666,0.10034474,0.6047747,0.0,0.0,0.0,0.0,0.0,0.0,0.0,0.024123915,0.0
2,2,0.27075666,0.10034474,0.6047747,0.0,0.0,0.0,0.0,0.0,0.0,0.0,0.024123915,0.0
2,2,0.27075666,0.10034474,0.6047747,0.0,0.0,0.0,0.0,0.0,0.0,0.0,0.024123915,0.0
2,2,0.27075666,0.10034474,0.6047747,0.0,0.0,0.0,0.0,0.0,0.0,0.0,0.024123915,0.0
2,2,0.27075666,0.10034474,0.6047747,0.0,0.0,0.0,0.0,0.0,0.0,0.0,0.024123915,0.0
2,2,0.27075666,0.10034474,0.6047747,0.0,0.0,0.0,0.0,0.0,0.0,0.0,0.024123915,0.0
2,2,0.27075666,0.10034474,0.6047747,0.0,0.0,0.0,0.0,0.0,0.0,0.0,0.024123915,0.0
2,2,0.27075666,0.10034474,0.6047747,0.0,0.0,0.0,0.0,0.0,0.0,0.0,0.024123915,0.0
2,2,0.27075666,0.10034474,0.6047747,0.0,0.0,0.0,0.0,0.0,0.0,0.0,0.024123915,0.0
2,2,0.27075666,0.10034474,0.6047747,0.0,0.0,0.0,0.0,0.0,0.0,0.0,0.024123915,0.0
2,2,0.27075666,0.10034474,0.6047747,0.0,0.0,0.0,0.0,0.0,0.0,0.0,0.024123915,0.0
2,2,0.27075666,0.10034474,0.6047747,0.0,0.0,0.0,0.0,0.0,0.0,0.0,0.024123915,0.0
2,2,0.27075666,0.10034474,0.6047747,0.0,0.0,0.0,0.0,0.0,0.0,0.0,0.024123915,0.0
2,2,0.27075666,0.10034474,0.6047747,0.0,0.0,0.0,0.0,0.0,0.0,0.0,0.024123915,0.0
2,2,0.27075666,0.10034474,0.6047747,0.0,0.0,0.0,0.0,0.0,0.0,0.0,0.024123915,0.0
2,2,0.27075666,0.10034474,0.6047747,0.0,0.0,0.0,0.0,0.0,0.0,0.0,0.024123915,0.0
2,2,0.27075666,0.10034474,0.6047747,0.0,0.0,0.0,0.0,0.0,0.0,0.0,0.024123915,0.0
2,2,0.27075666,0.10034474,0.6047747,0.0,0.0,0.0,0.0,0.0,0.0,0.0,0.024123915,0.0
2,2,0.27075666,0.10034474,0.6047747,0.0,0.0,0.0,0.0,0.0,0.0,0.0,0.024123915,0.0
2,2,0.27075666,0.10034474,0.6047747,0.0,0.0,0.0,0.0,0.0,0.0,0.0,0.024123915,0.0
2,2,0.27075666,0.10034474,0.6047747,0.0,0.0,0.0,0.0,0.0,0.0,0.0,0.024123915,0.0
2,2,0.27075666,0.10034474,0.6047747,0.0,0.0,0.0,0.0,0.0,0.0,0.0,0.024123915,0.0
2,2,0.27075666,0.10034474,0.6047747,0.0,0.0,0.0,0.0,0.0,0.0,0.0,0.024123915,0.0
2,2,0.27075666,0.10034474,0.6047747,0.0,0.0,0.0,0.0,0.0,0.0,0.0,0.024123915,0.0
2,2,0.27075666,0.10034474,0.6047747,0.0,0.0,0.0,0.0,0.0,0.0,0.0,0.024123915,0.0
2,2,0.27075666,0.10034474,0.6047747,0.0,0.0,0.0,0.0,0.0,0.0,0.0,0.024123915,0.0
2,2,0.27075666,0.10034474,0.6047747,0.0,0.0,0.0,0.0,0.0,0.0,0.0,0.024123915,0.0
2,2,0.27075666,0.10034474,0.6047747,0.0,0.0,0.0,0.0,0.0,0.0,0.0,0.024123915,0.0
2,2,0.27075666,0.10034474,0.6047747,0.0,0.0,0.0,0.0,0.0,0.0,0.0,0.024123915,0.0
2,2,0.27075666,0.10034474,0.6047747,0.0,0.0,0.0,0.0,0.0,0.0,0.0,0.024123915,0.0
2,2,0.27075666,0.10034474,0.6047747,0.0,0.0,0.0,0.0,0.0,0.0,0.0,0.024123915,0.0
2,2,0.27075666,0.10034474,0.6047747,0.0,0.0,0.0,0.0,0.0,0.0,0.0,0.024123915,0.0
2,2,0.27075666,0.10034474,0.6047747,0.0,0.0,0.0,0.0,0.0,0.0,0.0,0.024123915,0.0
2,2,0.27075666,0.10034474,0.6047747,0.0,0.0,0.0,0.0,0.0,0.0,0.0,0.024123915,0.0
2,2,0.27075666,0.10034474,0.6047747,0.0,0.0,0.0,0.0,0.0,0.0,0.0,0.024123915,0.0
2,2,0.27075666,0.10034474,0.6047747,0.0,0.0,0.0,0.0,0.0,0.0,0.0,0.024123915,0.0
2,2,0.27075666,0.10034474,0.6047747,0.0,0.0,0.0,0.0,0.0,0.0,0.0,0.024123915,0.0
2,2,0.27075666,0.10034474,0.6047747,0.0,0.0,0.0,0.0,0.0,0.0,0.0,0.024123915,0.0
2,2,0.27075666,0.10034474,0.6047747,0.0,0.0,0.0,0.0,0.0,0.0,0.0,0.024123915,0.0
2,2,0.27075666,0.10034474,0.6047747,0.0,0.0,0.0,0.0,0.0,0.0,0.0,0.024123915,0.0
2,2,0.27075666,0.10034474,0.6047747,0.0,0.0,0.0,0.0,0.0,0.0,0.0,0.024123915,0.0
2,2,0.27075666,0.10034474,0.6047747,0.0,0.0,0.0,0.0,0.0,0.0,0.0,0.024123915,0.0
2,2,0.27075666,0.10034474,0.6047747,0.0,0.0,0.0,0.0,0.0,0.0,0.0,0.024123915,0.0
2,2,0.27075666,0.10034474,0.6047747,0.0,0.0,0.0,0.0,0.0,0.0,0.0,0.024123915,0.0
2,2,0.41230828,0.10034474,0.46322313,0.0,0.0,0.0,0.0,0.0,0.0,0.0,0.024123916,0.0
2,2,0.41230828,0.10034474,0.46322313,0.0,0.0,0.0,0.0,0.0,0.0,0.0,0.024123916,0.0
2,2,0.41230828,0.10034474,0.46322313,0.0,0.0,0.0,0.0,0.0,0.0,0.0,0.024123916,0.0
2,2,0.41230828,0.10034474,0.46322313,0.0,0.0,0.0,0.0,0.0,0.0,0.0,0.024123916,0.0
2,2,0.41230828,0.10034474,0.46322313,0.0,0.0,0.0,0.0,0.0,0.0,0.0,0.024123916,0.0
2,2,0.41230828,0.10034474,0.46322313,0.0,0.0,0.0,0.0,0.0,0.0,0.0,0.024123916,0.0
2,2,0.41230828,0.10034474,0.46322313,0.0,0.0,0.0,0.0,0.0,0.0,0.0,0.024123916,0.0
2,2,0.41230828,0.10034474,0.46322313,0.0,0.0,0.0,0.0,0.0,0.0,0.0,0.024123916,0.0
2,2,0.41230828,0.10034474,0.46322313,0.0,0.0,0.0,0.0,0.0,0.0,0.0,0.024123916,0.0
2,2,0.41230828,0.10034474,0.46322313,0.0,0.0,0.0,0.0,0.0,0.0,0.0,0.024123916,0.0
2,2,0.41230828,0.10034474,0.46322313,0.0,0.0,0.0,0.0,0.0,0.0,0.0,0.024123916,0.0
2,2,0.41230828,0.10034474,0.46322313,0.0,0.0,0.0,0.0,0.0,0.0,0.0,0.024123916,0.0
2,2,0.41230828,0.10034474,0.46322313,0.0,0.0,0.0,0.0,0.0,0.0,0.0,0.024123916,0.0
2,2,0.352684,0.10034473,0.5228474,0.0,0.0,0.0,0.0,0.0,0.0,0.0,0.024123915,0.0
2,2,0.352684,0.10034473,0.5228474,0.0,0.0,0.0,0.0,0.0,0.0,0.0,0.024123915,0.0
2,2,0.352684,0.10034473,0.5228474,0.0,0.0,0.0,0.0,0.0,0.0,0.0,0.024123915,0.0
2,2,0.352684,0.10034473,0.5228474,0.0,0.0,0.0,0.0,0.0,0.0,0.0,0.024123915,0.0
2,2,0.352684,0.10034473,0.5228474,0.0,0.0,0.0,0.0,0.0,0.0,0.0,0.024123915,0.0
2,2,0.352684,0.10034473,0.5228474,0.0,0.0,0.0,0.0,0.0,0.0,0.0,0.024123915,0.0
2,2,0.352684,0.10034473,0.5228474,0.0,0.0,0.0,0.0,0.0,0.0,0.0,0.024123915,0.0
2,2,0.352684,0.10034473,0.5228474,0.0,0.0,0.0,0.0,0.0,0.0,0.0,0.024123915,0.0
2,2,0.352684,0.10034473,0.5228474,0.0,0.0,0.0,0.0,0.0,0.0,0.0,0.024123915,0.0
2,2,0.352684,0.10034473,0.5228474,0.0,0.0,0.0,0.0,0.0,0.0,0.0,0.024123915,0.0
3,2,0.352684,0.10034473,0.5228474,0.0,0.0,0.0,0.0,0.0,0.0,0.0,0.024123915,0.0
3,2,0.352684,0.10034473,0.5228474,0.0,0.0,0.0,0.0,0.0,0.0,0.0,0.024123915,0.0
3,2,0.352684,0.10034473,0.5228474,0.0,0.0,0.0,0.0,0.0,0.0,0.0,0.024123915,0.0
3,2,0.4049171,0.10034473,0.47061428,0.0,0.0,0.0,0.0,0.0,0.0,0.0,0.024123915,0.0
3,2,0.4049171,0.10034473,0.47061428,0.0,0.0,0.0,0.0,0.0,0.0,0.0,0.024123915,0.0
3,2,0.4049171,0.10034473,0.47061428,0.0,0.0,0.0,0.0,0.0,0.0,0.0,0.024123915,0.0
3,2,0.4049171,0.10034473,0.47061428,0.0,0.0,0.0,0.0,0.0,0.0,0.0,0.024123915,0.0
3,2,0.4049171,0.10034473,0.47061428,0.0,0.0,0.0,0.0,0.0,0.0,0.0,0.024123915,0.0
3,2,0.4049171,0.10034473,0.47061428,0.0,0.0,0.0,0.0,0.0,0.0,0.0,0.024123915,0.0
3,2,0.4049171,0.10034473,0.47061428,0.0,0.0,0.0,0.0,0.0,0.0,0.0,0.024123915,0.0
3,2,0.4049171,0.10034473,0.47061428,0.0,0.0,0.0,0.0,0.0,0.0,0.0,0.024123915,0.0
3,2,0.4049171,0.10034473,0.47061428,0.0,0.0,0.0,0.0,0.0,0.0,0.0,0.024123915,0.0
3,2,0.4049171,0.10034473,0.47061428,0.0,0.0,0.0,0.0,0.0,0.0,0.0,0.024123915,0.0
3,2,0.4049171,0.10034473,0.47061428,0.0,0.0,0.0,0.0,0.0,0.0,0.0,0.024123915,0.0
3,2,0.4049171,0.10034473,0.47061428,0.0,0.0,0.0,0.0,0.0,0.0,0.0,0.024123915,0.0
3,2,0.4049171,0.10034473,0.47061428,0.0,0.0,0.0,0.0,0.0,0.0,0.0,0.024123915,0.0
3,2,0.4049171,0.10034473,0.47061428,0.0,0.0,0.0,0.0,0.0,0.0,0.0,0.024123915,0.0
3,2,0.4049171,0.10034473,0.47061428,0.0,0.0,0.0,0.0,0.0,0.0,0.0,0.024123915,0.0
3,2,0.4049171,0.10034473,0.47061428,0.0,0.0,0.0,0.0,0.0,0.0,0.0,0.024123915,0.0
3,2,0.4049171,0.10034473,0.47061428,0.0,0.0,0.0,0.0,0.0,0.0,0.0,0.024123915,0.0
3,0,0.56912935,0.100344725,0.306402,0.0,0.0,0.0,0.0,0.0,0.0,0.0,0.02412391,0.0
3,0,0.56912935,0.100344725,0.306402,0.0,0.0,0.0,0.0,0.0,0.0,0.0,0.02412391,0.0
3,0,0.56912935,0.100344725,0.306402,0.0,0.0,0.0,0.0,0.0,0.0,0.0,0.02412391,0.0
3,0,0.56912935,0.100344725,0.306402,0.0,0.0,0.0,0.0,0.0,0.0,0.0,0.02412391,0.0
3,0,0.56912935,0.100344725,0.306402,0.0,0.0,0.0,0.0,0.0,0.0,0.0,0.02412391,0.0
3,0,0.56912935,0.100344725,0.306402,0.0,0.0,0.0,0.0,0.0,0.0,0.0,0.02412391,0.0
3,0,0.56912935,0.100344725,0.306402,0.0,0.0,0.0,0.0,0.0,0.0,0.0,0.02412391,0.0
3,0,0.56912935,0.100344725,0.306402,0.0,0.0,0.0,0.0,0.0,0.0,0.0,0.02412391,0.0
3,0,0.56912935,0.100344725,0.306402,0.0,0.0,0.0,0.0,0.0,0.0,0.0,0.02412391,0.0
3,0,0.56912935,0.100344725,0.306402,0.0,0.0,0.0,0.0,0.0,0.0,0.0,0.02412391,0.0
3,0,0.56912935,0.100344725,0.306402,0.0,0.0,0.0,0.0,0.0,0.0,0.0,0.02412391,0.0
3,0,0.56912935,0.100344725,0.306402,0.0,0.0,0.0,0.0,0.0,0.0,0.0,0.02412391,0.0
3,0,0.56912935,0.100344725,0.306402,0.0,0.0,0.0,0.0,0.0,0.0,0.0,0.02412391,0.0
3,0,0.56912935,0.100344725,0.306402,0.0,0.0,0.0,0.0,0.0,0.0,0.0,0.02412391,0.0
3,0,0.56912935,0.100344725,0.306402,0.0,0.0,0.0,0.0,0.0,0.0,0.0,0.02412391,0.0
3,0,0.56912935,0.100344725,0.306402,0.0,0.0,0.0,0.0,0.0,0.0,0.0,0.02412391,0.0
3,0,0.6091082,0.10034474,0.26642317,0.0,0.0,0.0,0.0,0.0,0.0,0.0,0.024123915,0.0
3,0,0.6091082,0.10034474,0.26642317,0.0,0.0,0.0,0.0,0.0,0.0,0.0,0.024123915,0.0
3,0,0.6091082,0.10034474,0.26642317,0.0,0.0,0.0,0.0,0.0,0.0,0.0,0.024123915,0.0
3,0,0.6091082,0.10034474,0.26642317,0.0,0.0,0.0,0.0,0.0,0.0,0.0,0.024123915,0.0
3,0,0.6091082,0.10034474,0.26642317,0.0,0.0,0.0,0.0,0.0,0.0,0.0,0.024123915,0.0
3,0,0.6091082,0.10034474,0.26642317,0.0,0.0,0.0,0.0,0.0,0.0,0.0,0.024123915,0.0
3,0,0.6091082,0.10034474,0.26642317,0.0,0.0,0.0,0.0,0.0,0.0,0.0,0.024123915,0.0
3,0,0.6091082,0.10034474,0.26642317,0.0,0.0,0.0,0.0,0.0,0.0,0.0,0.024123915,0.0
3,0,0.7094529,0.0,0.26642317,0.0,0.0,0.0,0.0,0.0,0.0,0.0,0.024123915,0.0
3,0,0.7094529,0.0,0.26642317,0.0,0.0,0.0,0.0,0.0,0.0,0.0,0.024123915,0.0
3,0,0.7094529,0.0,0.26642317,0.0,0.0,0.0,0.0,0.0,0.0,0.0,0.024123915,0.0
3,0,0.7094529,0.0,0.26642317,0.0,0.0,0.0,0.0,0.0,0.0,0.0,0.024123915,0.0
3,0,0.7094529,0.0,0.26642317,0.0,0.0,0.0,0.0,0.0,0.0,0.0,0.024123915,0.0
3,0,0.7094529,0.0,0.26642317,0.0,0.0,0.0,0.0,0.0,0.0,0.0,0.024123915,0.0
3,0,0.75872296,0.0,0.21715316,0.0,0.0,0.0,0.0,0.0,0.0,0.0,0.024123915,0.0
3,0,0.75872296,0.0,0.21715316,0.0,0.0,0.0,0.0,0.0,0.0,0.0,0.024123915,0.0
3,0,0.75872296,0.0,0.21715316,0.0,0.0,0.0,0.0,0.0,0.0,0.0,0.024123915,0.0
3,0,0.75872296,0.0,0.21715316,0.0,0.0,0.0,0.0,0.0,0.0,0.0,0.024123915,0.0
3,0,0.75872296,0.0,0.21715316,0.0,0.0,0.0,0.0,0.0,0.0,0.0,0.024123915,0.0
3,0,0.75872296,0.0,0.21715316,0.0,0.0,0.0,0.0,0.0,0.0,0.0,0.024123915,0.0
3,0,0.75872296,0.0,0.21715316,0.0,0.0,0.0,0.0,0.0,0.0,0.0,0.024123915,0.0
3,0,0.75872296,0.0,0.21715316,0.0,0.0,0.0,0.0,0.0,0.0,0.0,0.024123915,0.0
3,0,0.75872296,0.0,0.21715316,0.0,0.0,0.0,0.0,0.0,0.0,0.0,0.024123915,0.0
3,0,0.75872296,0.0,0.21715316,0.0,0.0,0.0,0.0,0.0,0.0,0.0,0.024123915,0.0
3,0,0.75872296,0.0,0.21715316,0.0,0.0,0.0,0.0,0.0,0.0,0.0,0.024123915,0.0
3,0,0.75872296,0.0,0.21715316,0.0,0.0,0.0,0.0,0.0,0.0,0.0,0.024123915,0.0
3,0,0.75872296,0.0,0.21715316,0.0,0.0,0.0,0.0,0.0,0.0,0.0,0.024123915,0.0
3,0,0.75872296,0.0,0.21715316,0.0,0.0,0.0,0.0,0.0,0.0,0.0,0.024123915,0.0
3,0,0.80665314,0.0,0.16922292,0.0,0.0,0.0,0.0,0.0,0.0,0.0,0.024123913,0.0
3,0,0.80665314,0.0,0.16922292,0.0,0.0,0.0,0.0,0.0,0.0,0.0,0.024123913,0.0
3,0,0.80665314,0.0,0.16922292,0.0,0.0,0.0,0.0,0.0,0.0,0.0,0.024123913,0.0
3,0,0.80665314,0.0,0.16922292,0.0,0.0,0.0,0.0,0.0,0.0,0.0,0.024123913,0.0
3,0,0.80665314,0.0,0.16922292,0.0,0.0,0.0,0.0,0.0,0.0,0.0,0.024123913,0.0
3,0,0.80665314,0.0,0.16922292,0.0,0.0,0.0,0.0,0.0,0.0,0.0,0.024123913,0.0
3,0,0.80665314,0.0,0.16922292,0.0,0.0,0.0,0.0,0.0,0.0,0.0,0.024123913,0.0
3,0,0.80665314,0.0,0.16922292,0.0,0.0,0.0,0.0,0.0,0.0,0.0,0.024123913,0.0
3,0,0.80665314,0.0,0.16922292,0.0,0.0,0.0,0.0,0.0,0.0,0.0,0.024123913,0.0
3,0,0.80665314,0.0,0.16922292,0.0,0.0,0.0,0.0,0.0,0.0,0.0,0.024123913,0.0
3,0,0.80665314,0.0,0.16922292,0.0,0.0,0.0,0.0,0.0,0.0,0.0,0.024123913,0.0
3,0,0.80665314,0.0,0.16922292,0.0,0.0,0.0,0.0,0.0,0.0,0.0,0.024123913,0.0
3,0,0.80665314,0.0,0.16922292,0.0,0.0,0.0,0.0,0.0,0.0,0.0,0.024123913,0.0
3,0,0.80665314,0.0,0.16922292,0.0,0.0,0.0,0.0,0.0,0.0,0.0,0.024123913,0.0
3,0,0.80665314,0.0,0.16922292,0.0,0.0,0.0,0.0,0.0,0.0,0.0,0.024123913,0.0
3,0,0.80665314,0.0,0.16922292,0.0,0.0,0.0,0.0,0.0,0.0,0.0,0.024123913,0.0
3,0,0.80665314,0.0,0.16922292,0.0,0.0,0.0,0.0,0.0,0.0,0.0,0.024123913,0.0
3,0,0.80665314,0.0,0.16922292,0.0,0.0,0.0,0.0,0.0,0.0,0.0,0.024123913,0.0
3,0,0.80665314,0.0,0.16922292,0.0,0.0,0.0,0.0,0.0,0.0,0.0,0.024123913,0.0
3,0,0.80665314,0.0,0.16922292,0.0,0.0,0.0,0.0,0.0,0.0,0.0,0.024123913,0.0
3,0,0.9442381,0.0,0.03163797,0.0,0.0,0.0,0.0,0.0,0.0,0.0,0.024123913,0.0
3,0,0.9442381,0.0,0.03163797,0.0,0.0,0.0,0.0,0.0,0.0,0.0,0.024123913,0.0
3,0,0.9442381,0.0,0.03163797,0.0,0.0,0.0,0.0,0.0,0.0,0.0,0.024123913,0.0
3,0,0.9442381,0.0,0.03163797,0.0,0.0,0.0,0.0,0.0,0.0,0.0,0.024123913,0.0
3,0,0.9442381,0.0,0.03163797,0.0,0.0,0.0,0.0,0.0,0.0,0.0,0.024123913,0.0
3,0,0.9442381,0.0,0.03163797,0.0,0.0,0.0,0.0,0.0,0.0,0.0,0.024123913,0.0
3,0,0.9442381,0.0,0.03163797,0.0,0.0,0.0,0.0,0.0,0.0,0.0,0.024123913,0.0
3,0,0.9442381,0.0,0.03163797,0.0,0.0,0.0,0.0,0.0,0.0,0.0,0.024123913,0.0
3,0,0.9442381,0.0,0.03163797,0.0,0.0,0.0,0.0,0.0,0.0,0.0,0.024123913,0.0
3,0,0.9442381,0.0,0.03163797,0.0,0.0,0.0,0.0,0.0,0.0,0.0,0.024123913,0.0
3,0,0.96836203,0.0,0.03163797,0.0,0.0,0.0,0.0,0.0,0.0,0.0,0.0,0.0
3,0,0.96836203,0.0,0.03163797,0.0,0.0,0.0,0.0,0.0,0.0,0.0,0.0,0.0
3,0,0.96836203,0.0,0.03163797,0.0,0.0,0.0,0.0,0.0,0.0,0.0,0.0,0.0
3,0,0.96836203,0.0,0.03163797,0.0,0.0,0.0,0.0,0.0,0.0,0.0,0.0,0.0
3,0,0.96836203,0.0,0.03163797,0.0,0.0,0.0,0.0,0.0,0.0,0.0,0.0,0.0
3,0,0.96836203,0.0,0.03163797,0.0,0.0,0.0,0.0,0.0,0.0,0.0,0.0,0.0
3,0,0.96836203,0.0,0.03163797,0.0,0.0,0.0,0.0,0.0,0.0,0.0,0.0,0.0
3,0,0.96836203,0.0,0.03163797,0.0,0.0,0.0,0.0,0.0,0.0,0.0,0.0,0.0
3,0,0.96836203,0.0,0.03163797,0.0,0.0,0.0,0.0,0.0,0.0,0.0,0.0,0.0
3,0,0.96836203,0.0,0.03163797,0.0,0.0,0.0,0.0,0.0,0.0,0.0,0.0,0.0
3,0,0.96836203,0.0,0.03163797,0.0,0.0,0.0,0.0,0.0,0.0,0.0,0.0,0.0
3,0,0.96836203,0.0,0.03163797,0.0,0.0,0.0,0.0,0.0,0.0,0.0,0.0,0.0
3,0,0.96836203,0.0,0.03163797,0.0,0.0,0.0,0.0,0.0,0.0,0.0,0.0,0.0
3,0,0.96836203,0.0,0.03163797,0.0,0.0,0.0,0.0,0.0,0.0,0.0,0.0,0.0
3,0,0.96836203,0.0,0.03163797,0.0,0.0,0.0,0.0,0.0,0.0,0.0,0.0,0.0
3,0,0.96836203,0.0,0.03163797,0.0,0.0,0.0,0.0,0.0,0.0,0.0,0.0,0.0
3,0,0.96836203,0.0,0.03163797,0.0,0.0,0.0,0.0,0.0,0.0,0.0,0.0,0.0
3,0,0.96836203,0.0,0.03163797,0.0,0.0,0.0,0.0,0.0,0.0,0.0,0.0,0.0
3,0,0.96836203,0.0,0.03163797,0.0,0.0,0.0,0.0,0.0,0.0,0.0,0.0,0.0
3,0,0.96836203,0.0,0.03163797,0.0,0.0,0.0,0.0,0.0,0.0,0.0,0.0,0.0
3,0,0.96836203,0.0,0.03163797,0.0,0.0,0.0,0.0,0.0,0.0,0.0,0.0,0.0
3,0,0.96836203,0.0,0.03163797,0.0,0.0,0.0,0.0,0.0,0.0,0.0,0.0,0.0
3,0,0.96836203,0.0,0.03163797,0.0,0.0,0.0,0.0,0.0,0.0,0.0,0.0,0.0
3,0,0.96836203,0.0,0.03163797,0.0,0.0,0.0,0.0,0.0,0.0,0.0,0.0,0.0
3,0,0.96836203,0.0,0.03163797,0.0,0.0,0.0,0.0,0.0,0.0,0.0,0.0,0.0
3,0,0.96836203,0.0,0.03163797,0.0,0.0,0.0,0.0,0.0,0.0,0.0,0.0,0.0
3,0,0.96836203,0.0,0.03163797,0.0,0.0,0.0,0.0,0.0,0.0,0.0,0.0,0.0
3,0,0.96836203,0.0,0.03163797,0.0,0.0,0.0,0.0,0.0,0.0,0.0,0.0,0.0
3,0,0.96836203,0.0,0.03163797,0.0,0.0,0.0,0.0,0.0,0.0,0.0,0.0,0.0
3,0,0.96836203,0.0,0.03163797,0.0,0.0,0.0,0.0,0.0,0.0,0.0,0.0,0.0
3,0,0.96836203,0.0,0.03163797,0.0,0.0,0.0,0.0,0.0,0.0,0.0,0.0,0.0
3,0,0.96836203,0.0,0.03163797,0.0,0.0,0.0,0.0,0.0,0.0,0.0,0.0,0.0
3,0,0.96836203,0.0,0.03163797,0.0,0.0,0.0,0.0,0.0,0.0,0.0,0.0,0.0
3,0,0.96836203,0.0,0.03163797,0.0,0.0,0.0,0.0,0.0,0.0,0.0,0.0,0.0
3,0,0.96836203,0.0,0.03163797,0.0,0.0,0.0,0.0,0.0,0.0,0.0,0.0,0.0
3,0,0.96836203,0.0,0.03163797,0.0,0.0,0.0,0.0,0.0,0.0,0.0,0.0,0.0
3,0,0.96836203,0.0,0.03163797,0.0,0.0,0.0,0.0,0.0,0.0,0.0,0.0,0.0
3,0,0.96836203,0.0,0.03163797,0.0,0.0,0.0,0.0,0.0,0.0,0.0,0.0,0.0
3,0,0.96836203,0.0,0.03163797,0.0,0.0,0.0,0.0,0.0,0.0,0.0,0.0,0.0
3,0,0.96836203,0.0,0.03163797,0.0,0.0,0.0,0.0,0.0,0.0,0.0,0.0,0.0
3,0,0.96836203,0.0,0.03163797,0.0,0.0,0.0,0.0,0.0,0.0,0.0,0.0,0.0
3,0,0.96836203,0.0,0.03163797,0.0,0.0,0.0,0.0,0.0,0.0,0.0,0.0,0.0
3,0,0.96836203,0.0,0.03163797,0.0,0.0,0.0,0.0,0.0,0.0,0.0,0.0,0.0
3,0,0.96836203,0.0,0.03163797,0.0,0.0,0.0,0.0,0.0,0.0,0.0,0.0,0.0
3,0,0.96836203,0.0,0.03163797,0.0,0.0,0.0,0.0,0.0,0.0,0.0,0.0,0.0
3,0,0.96836203,0.0,0.03163797,0.0,0.0,0.0,0.0,0.0,0.0,0.0,0.0,0.0
3,0,0.96836203,0.0,0.03163797,0.0,0.0,0.0,0.0,0.0,0.0,0.0,0.0,0.0
3,0,0.96836203,0.0,0.03163797,0.0,0.0,0.0,0.0,0.0,0.0,0.0,0.0,0.0
3,0,0.96836203,0.0,0.03163797,0.0,0.0,0.0,0.0,0.0,0.0,0.0,0.0,0.0
3,0,0.96836203,0.0,0.03163797,0.0,0.0,0.0,0.0,0.0,0.0,0.0,0.0,0.0
3,0,0.96836203,0.0,0.03163797,0.0,0.0,0.0,0.0,0.0,0.0,0.0,0.0,0.0
3,0,0.96836203,0.0,0.03163797,0.0,0.0,0.0,0.0,0.0,0.0,0.0,0.0,0.0
3,0,0.96836203,0.0,0.03163797,0.0,0.0,0.0,0.0,0.0,0.0,0.0,0.0,0.0
3,0,0.96836203,0.0,0.03163797,0.0,0.0,0.0,0.0,0.0,0.0,0.0,0.0,0.0
3,0,0.96836203,0.0,0.03163797,0.0,0.0,0.0,0.0,0.0,0.0,0.0,0.0,0.0
3,0,0.96836203,0.0,0.03163797,0.0,0.0,0.0,0.0,0.0,0.0,0.0,0.0,0.0
3,0,0.96836203,0.0,0.03163797,0.0,0.0,0.0,0.0,0.0,0.0,0.0,0.0,0.0
3,0,0.96836203,0.0,0.03163797,0.0,0.0,0.0,0.0,0.0,0.0,0.0,0.0,0.0
3,0,0.96836203,0.0,0.03163797,0.0,0.0,0.0,0.0,0.0,0.0,0.0,0.0,0.0
3,0,0.96836203,0.0,0.03163797,0.0,0.0,0.0,0.0,0.0,0.0,0.0,0.0,0.0
3,0,0.96836203,0.0,0.03163797,0.0,0.0,0.0,0.0,0.0,0.0,0.0,0.0,0.0
3,0,0.96836203,0.0,0.03163797,0.0,0.0,0.0,0.0,0.0,0.0,0.0,0.0,0.0
3,0,0.96836203,0.0,0.03163797,0.0,0.0,0.0,0.0,0.0,0.0,0.0,0.0,0.0
3,0,0.96836203,0.0,0.03163797,0.0,0.0,0.0,0.0,0.0,0.0,0.0,0.0,0.0
3,0,0.96836203,0.0,0.03163797,0.0,0.0,0.0,0.0,0.0,0.0,0.0,0.0,0.0
3,0,0.96836203,0.0,0.03163797,0.0,0.0,0.0,0.0,0.0,0.0,0.0,0.0,0.0
3,0,0.96836203,0.0,0.03163797,0.0,0.0,0.0,0.0,0.0,0.0,0.0,0.0,0.0
3,0,0.96836203,0.0,0.03163797,0.0,0.0,0.0,0.0,0.0,0.0,0.0,0.0,0.0
3,0,0.96836203,0.0,0.03163797,0.0,0.0,0.0,0.0,0.0,0.0,0.0,0.0,0.0
3,0,0.96836203,0.0,0.03163797,0.0,0.0,0.0,0.0,0.0,0.0,0.0,0.0,0.0
3,0,0.96836203,0.0,0.03163797,0.0,0.0,0.0,0.0,0.0,0.0,0.0,0.0,0.0
3,0,0.96836203,0.0,0.03163797,0.0,0.0,0.0,0.0,0.0,0.0,0.0,0.0,0.0
3,0,0.96836203,0.0,0.03163797,0.0,0.0,0.0,0.0,0.0,0.0,0.0,0.0,0.0
3,0,0.96836203,0.0,0.03163797,0.0,0.0,0.0,0.0,0.0,0.0,0.0,0.0,0.0
3,0,0.96836203,0.0,0.03163797,0.0,0.0,0.0,0.0,0.0,0.0,0.0,0.0,0.0
3,0,0.96836203,0.0,0.03163797,0.0,0.0,0.0,0.0,0.0,0.0,0.0,0.0,0.0
3,0,0.96836203,0.0,0.03163797,0.0,0.0,0.0,0.0,0.0,0.0,0.0,0.0,0.0
3,0,0.96836203,0.0,0.03163797,0.0,0.0,0.0,0.0,0.0,0.0,0.0,0.0,0.0
3,0,0.96836203,0.0,0.03163797,0.0,0.0,0.0,0.0,0.0,0.0,0.0,0.0,0.0
3,0,0.96836203,0.0,0.03163797,0.0,0.0,0.0,0.0,0.0,0.0,0.0,0.0,0.0
3,0,0.96836203,0.0,0.03163797,0.0,0.0,0.0,0.0,0.0,0.0,0.0,0.0,0.0
3,0,0.96836203,0.0,0.03163797,0.0,0.0,0.0,0.0,0.0,0.0,0.0,0.0,0.0
3,0,0.96836203,0.0,0.03163797,0.0,0.0,0.0,0.0,0.0,0.0,0.0,0.0,0.0
3,0,0.96836203,0.0,0.03163797,0.0,0.0,0.0,0.0,0.0,0.0,0.0,0.0,0.0
3,0,0.96836203,0.0,0.03163797,0.0,0.0,0.0,0.0,0.0,0.0,0.0,0.0,0.0
3,0,0.96836203,0.0,0.03163797,0.0,0.0,0.0,0.0,0.0,0.0,0.0,0.0,0.0
3,0,0.96836203,0.0,0.03163797,0.0,0.0,0.0,0.0,0.0,0.0,0.0,0.0,0.0
3,0,0.96836203,0.0,0.03163797,0.0,0.0,0.0,0.0,0.0,0.0,0.0,0.0,0.0
3,0,0.96836203,0.0,0.03163797,0.0,0.0,0.0,0.0,0.0,0.0,0.0,0.0,0.0
3,0,0.96836203,0.0,0.03163797,0.0,0.0,0.0,0.0,0.0,0.0,0.0,0.0,0.0
3,0,0.96836203,0.0,0.03163797,0.0,0.0,0.0,0.0,0.0,0.0,0.0,0.0,0.0
3,0,0.96836203,0.0,0.03163797,0.0,0.0,0.0,0.0,0.0,0.0,0.0,0.0,0.0
3,0,0.96836203,0.0,0.03163797,0.0,0.0,0.0,0.0,0.0,0.0,0.0,0.0,0.0
3,0,0.96836203,0.0,0.03163797,0.0,0.0,0.0,0.0,0.0,0.0,0.0,0.0,0.0
3,0,0.96836203,0.0,0.03163797,0.0,0.0,0.0,0.0,0.0,0.0,0.0,0.0,0.0
3,0,0.96836203,0.0,0.03163797,0.0,0.0,0.0,0.0,0.0,0.0,0.0,0.0,0.0
3,0,0.96836203,0.0,0.03163797,0.0,0.0,0.0,0.0,0.0,0.0,0.0,0.0,0.0
3,0,0.96836203,0.0,0.03163797,0.0,0.0,0.0,0.0,0.0,0.0,0.0,0.0,0.0
3,0,0.96836203,0.0,0.03163797,0.0,0.0,0.0,0.0,0.0,0.0,0.0,0.0,0.0
3,0,0.96836203,0.0,0.03163797,0.0,0.0,0.0,0.0,0.0,0.0,0.0,0.0,0.0
3,0,0.96836203,0.0,0.03163797,0.0,0.0,0.0,0.0,0.0,0.0,0.0,0.0,0.0
3,0,0.96836203,0.0,0.03163797,0.0,0.0,0.0,0.0,0.0,0.0,0.0,0.0,0.0
3,0,0.96836203,0.0,0.03163797,0.0,0.0,0.0,0.0,0.0,0.0,0.0,0.0,0.0
3,0,0.96836203,0.0,0.03163797,0.0,0.0,0.0,0.0,0.0,0.0,0.0,0.0,0.0
3,0,0.96836203,0.0,0.03163797,0.0,0.0,0.0,0.0,0.0,0.0,0.0,0.0,0.0
3,0,0.96836203,0.0,0.03163797,0.0,0.0,0.0,0.0,0.0,0.0,0.0,0.0,0.0
3,0,0.96836203,0.0,0.03163797,0.0,0.0,0.0,0.0,0.0,0.0,0.0,0.0,0.0
3,0,0.96836203,0.0,0.03163797,0.0,0.0,0.0,0.0,0.0,0.0,0.0,0.0,0.0
3,0,0.96836203,0.0,0.03163797,0.0,0.0,0.0,0.0,0.0,0.0,0.0,0.0,0.0
3,0,0.96836203,0.0,0.03163797,0.0,0.0,0.0,0.0,0.0,0.0,0.0,0.0,0.0
3,0,0.96836203,0.0,0.03163797,0.0,0.0,0.0,0.0,0.0,0.0,0.0,0.0,0.0
3,0,0.96836203,0.0,0.03163797,0.0,0.0,0.0,0.0,0.0,0.0,0.0,0.0,0.0
3,0,0.96836203,0.0,0.03163797,0.0,0.0,0.0,0.0,0.0,0.0,0.0,0.0,0.0
3,0,0.96836203,0.0,0.03163797,0.0,0.0,0.0,0.0,0.0,0.0,0.0,0.0,0.0
3,0,0.96836203,0.0,0.03163797,0.0,0.0,0.0,0.0,0.0,0.0,0.0,0.0,0.0
3,0,0.96836203,0.0,0.03163797,0.0,0.0,0.0,0.0,0.0,0.0,0.0,0.0,0.0
3,0,0.96836203,0.0,0.03163797,0.0,0.0,0.0,0.0,0.0,0.0,0.0,0.0,0.0
3,0,0.96836203,0.0,0.03163797,0.0,0.0,0.0,0.0,0.0,0.0,0.0,0.0,0.0
3,0,0.96836203,0.0,0.03163797,0.0,0.0,0.0,0.0,0.0,0.0,0.0,0.0,0.0
3,0,0.96836203,0.0,0.03163797,0.0,0.0,0.0,0.0,0.0,0.0,0.0,0.0,0.0
3,0,0.96836203,0.0,0.03163797,0.0,0.0,0.0,0.0,0.0,0.0,0.0,0.0,0.0
3,0,0.96836203,0.0,0.03163797,0.0,0.0,0.0,0.0,0.0,0.0,0.0,0.0,0.0
3,0,0.96836203,0.0,0.03163797,0.0,0.0,0.0,0.0,0.0,0.0,0.0,0.0,0.0
3,0,0.96836203,0.0,0.03163797,0.0,0.0,0.0,0.0,0.0,0.0,0.0,0.0,0.0
3,0,0.96836203,0.0,0.03163797,0.0,0.0,0.0,0.0,0.0,0.0,0.0,0.0,0.0
3,0,0.96836203,0.0,0.03163797,0.0,0.0,0.0,0.0,0.0,0.0,0.0,0.0,0.0
3,0,0.96836203,0.0,0.03163797,0.0,0.0,0.0,0.0,0.0,0.0,0.0,0.0,0.0
3,0,0.96836203,0.0,0.03163797,0.0,0.0,0.0,0.0,0.0,0.0,0.0,0.0,0.0
3,0,0.96836203,0.0,0.03163797,0.0,0.0,0.0,0.0,0.0,0.0,0.0,0.0,0.0
3,0,0.96836203,0.0,0.03163797,0.0,0.0,0.0,0.0,0.0,0.0,0.0,0.0,0.0
3,0,0.96836203,0.0,0.03163797,0.0,0.0,0.0,0.0,0.0,0.0,0.0,0.0,0.0
3,0,0.96836203,0.0,0.03163797,0.0,0.0,0.0,0.0,0.0,0.0,0.0,0.0,0.0
3,0,0.96836203,0.0,0.03163797,0.0,0.0,0.0,0.0,0.0,0.0,0.0,0.0,0.0
3,0,0.96836203,0.0,0.03163797,0.0,0.0,0.0,0.0,0.0,0.0,0.0,0.0,0.0
3,0,0.96836203,0.0,0.03163797,0.0,0.0,0.0,0.0,0.0,0.0,0.0,0.0,0.0
3,0,0.96836203,0.0,0.03163797,0.0,0.0,0.0,0.0,0.0,0.0,0.0,0.0,0.0
3,0,0.96836203,0.0,0.03163797,0.0,0.0,0.0,0.0,0.0,0.0,0.0,0.0,0.0
3,0,0.96836203,0.0,0.03163797,0.0,0.0,0.0,0.0,0.0,0.0,0.0,0.0,0.0
3,0,0.96836203,0.0,0.03163797,0.0,0.0,0.0,0.0,0.0,0.0,0.0,0.0,0.0
3,0,0.96836203,0.0,0.03163797,0.0,0.0,0.0,0.0,0.0,0.0,0.0,0.0,0.0
3,0,0.96836203,0.0,0.03163797,0.0,0.0,0.0,0.0,0.0,0.0,0.0,0.0,0.0
3,0,0.96836203,0.0,0.03163797,0.0,0.0,0.0,0.0,0.0,0.0,0.0,0.0,0.0
3,0,0.96836203,0.0,0.03163797,0.0,0.0,0.0,0.0,0.0,0.0,0.0,0.0,0.0
3,0,0.96836203,0.0,0.03163797,0.0,0.0,0.0,0.0,0.0,0.0,0.0,0.0,0.0
3,0,0.96836203,0.0,0.03163797,0.0,0.0,0.0,0.0,0.0,0.0,0.0,0.0,0.0
3,0,0.96836203,0.0,0.03163797,0.0,0.0,0.0,0.0,0.0,0.0,0.0,0.0,0.0
3,0,0.96836203,0.0,0.03163797,0.0,0.0,0.0,0.0,0.0,0.0,0.0,0.0,0.0
3,0,0.96836203,0.0,0.03163797,0.0,0.0,0.0,0.0,0.0,0.0,0.0,0.0,0.0
3,0,0.96836203,0.0,0.03163797,0.0,0.0,0.0,0.0,0.0,0.0,0.0,0.0,0.0
3,0,0.96836203,0.0,0.03163797,0.0,0.0,0.0,0.0,0.0,0.0,0.0,0.0,0.0
3,0,0.96836203,0.0,0.03163797,0.0,0.0,0.0,0.0,0.0,0.0,0.0,0.0,0.0
3,0,0.96836203,0.0,0.03163797,0.0,0.0,0.0,0.0,0.0,0.0,0.0,0.0,0.0
3,0,0.96836203,0.0,0.03163797,0.0,0.0,0.0,0.0,0.0,0.0,0.0,0.0,0.0
3,0,0.96836203,0.0,0.03163797,0.0,0.0,0.0,0.0,0.0,0.0,0.0,0.0,0.0
3,0,0.96836203,0.0,0.03163797,0.0,0.0,0.0,0.0,0.0,0.0,0.0,0.0,0.0
3,0,0.96836203,0.0,0.03163797,0.0,0.0,0.0,0.0,0.0,0.0,0.0,0.0,0.0
3,0,0.96836203,0.0,0.03163797,0.0,0.0,0.0,0.0,0.0,0.0,0.0,0.0,0.0
3,0,0.96836203,0.0,0.03163797,0.0,0.0,0.0,0.0,0.0,0.0,0.0,0.0,0.0
3,0,0.96836203,0.0,0.03163797,0.0,0.0,0.0,0.0,0.0,0.0,0.0,0.0,0.0
3,0,0.96836203,0.0,0.03163797,0.0,0.0,0.0,0.0,0.0,0.0,0.0,0.0,0.0
3,0,0.96836203,0.0,0.03163797,0.0,0.0,0.0,0.0,0.0,0.0,0.0,0.0,0.0
3,0,0.96836203,0.0,0.03163797,0.0,0.0,0.0,0.0,0.0,0.0,0.0,0.0,0.0
3,0,0.96836203,0.0,0.03163797,0.0,0.0,0.0,0.0,0.0,0.0,0.0,0.0,0.0
3,0,0.96836203,0.0,0.03163797,0.0,0.0,0.0,0.0,0.0,0.0,0.0,0.0,0.0
3,0,0.96836203,0.0,0.03163797,0.0,0.0,0.0,0.0,0.0,0.0,0.0,0.0,0.0
3,0,0.96836203,0.0,0.03163797,0.0,0.0,0.0,0.0,0.0,0.0,0.0,0.0,0.0
3,0,0.96836203,0.0,0.03163797,0.0,0.0,0.0,0.0,0.0,0.0,0.0,0.0,0.0
3,0,0.96836203,0.0,0.03163797,0.0,0.0,0.0,0.0,0.0,0.0,0.0,0.0,0.0
3,0,0.96836203,0.0,0.03163797,0.0,0.0,0.0,0.0,0.0,0.0,0.0,0.0,0.0
3,0,0.96836203,0.0,0.03163797,0.0,0.0,0.0,0.0,0.0,0.0,0.0,0.0,0.0
3,0,0.96836203,0.0,0.03163797,0.0,0.0,0.0,0.0,0.0,0.0,0.0,0.0,0.0
3,0,0.96836203,0.0,0.03163797,0.0,0.0,0.0,0.0,0.0,0.0,0.0,0.0,0.0
3,0,0.96836203,0.0,0.03163797,0.0,0.0,0.0,0.0,0.0,0.0,0.0,0.0,0.0
3,0,0.96836203,0.0,0.03163797,0.0,0.0,0.0,0.0,0.0,0.0,0.0,0.0,0.0
3,0,0.96836203,0.0,0.03163797,0.0,0.0,0.0,0.0,0.0,0.0,0.0,0.0,0.0
3,0,0.96836203,0.0,0.03163797,0.0,0.0,0.0,0.0,0.0,0.0,0.0,0.0,0.0
3,0,0.96836203,0.0,0.03163797,0.0,0.0,0.0,0.0,0.0,0.0,0.0,0.0,0.0
3,0,0.96836203,0.0,0.03163797,0.0,0.0,0.0,0.0,0.0,0.0,0.0,0.0,0.0
3,0,0.96836203,0.0,0.03163797,0.0,0.0,0.0,0.0,0.0,0.0,0.0,0.0,0.0
3,0,0.96836203,0.0,0.03163797,0.0,0.0,0.0,0.0,0.0,0.0,0.0,0.0,0.0
3,0,0.96836203,0.0,0.03163797,0.0,0.0,0.0,0.0,0.0,0.0,0.0,0.0,0.0
3,0,0.96836203,0.0,0.03163797,0.0,0.0,0.0,0.0,0.0,0.0,0.0,0.0,0.0
3,0,0.96836203,0.0,0.03163797,0.0,0.0,0.0,0.0,0.0,0.0,0.0,0.0,0.0
3,0,0.96836203,0.0,0.03163797,0.0,0.0,0.0,0.0,0.0,0.0,0.0,0.0,0.0
3,0,0.96836203,0.0,0.03163797,0.0,0.0,0.0,0.0,0.0,0.0,0.0,0.0,0.0
3,0,0.96836203,0.0,0.03163797,0.0,0.0,0.0,0.0,0.0,0.0,0.0,0.0,0.0
3,0,0.96836203,0.0,0.03163797,0.0,0.0,0.0,0.0,0.0,0.0,0.0,0.0,0.0
3,0,0.96836203,0.0,0.03163797,0.0,0.0,0.0,0.0,0.0,0.0,0.0,0.0,0.0
3,0,0.96836203,0.0,0.03163797,0.0,0.0,0.0,0.0,0.0,0.0,0.0,0.0,0.0
3,0,0.96836203,0.0,0.03163797,0.0,0.0,0.0,0.0,0.0,0.0,0.0,0.0,0.0
3,0,0.96836203,0.0,0.03163797,0.0,0.0,0.0,0.0,0.0,0.0,0.0,0.0,0.0
3,0,0.96836203,0.0,0.03163797,0.0,0.0,0.0,0.0,0.0,0.0,0.0,0.0,0.0
3,0,0.96836203,0.0,0.03163797,0.0,0.0,0.0,0.0,0.0,0.0,0.0,0.0,0.0
3,0,0.96836203,0.0,0.03163797,0.0,0.0,0.0,0.0,0.0,0.0,0.0,0.0,0.0
3,0,0.96836203,0.0,0.03163797,0.0,0.0,0.0,0.0,0.0,0.0,0.0,0.0,0.0
3,0,0.96836203,0.0,0.03163797,0.0,0.0,0.0,0.0,0.0,0.0,0.0,0.0,0.0
3,0,0.96836203,0.0,0.03163797,0.0,0.0,0.0,0.0,0.0,0.0,0.0,0.0,0.0
3,0,0.96836203,0.0,0.03163797,0.0,0.0,0.0,0.0,0.0,0.0,0.0,0.0,0.0
3,0,0.96836203,0.0,0.03163797,0.0,0.0,0.0,0.0,0.0,0.0,0.0,0.0,0.0
3,0,0.96836203,0.0,0.03163797,0.0,0.0,0.0,0.0,0.0,0.0,0.0,0.0,0.0
3,0,0.96836203,0.0,0.03163797,0.0,0.0,0.0,0.0,0.0,0.0,0.0,0.0,0.0
3,0,0.96836203,0.0,0.03163797,0.0,0.0,0.0,0.0,0.0,0.0,0.0,0.0,0.0
3,0,0.96836203,0.0,0.03163797,0.0,0.0,0.0,0.0,0.0,0.0,0.0,0.0,0.0
3,0,0.96836203,0.0,0.03163797,0.0,0.0,0.0,0.0,0.0,0.0,0.0,0.0,0.0
3,0,0.96836203,0.0,0.03163797,0.0,0.0,0.0,0.0,0.0,0.0,0.0,0.0,0.0
3,0,0.96836203,0.0,0.03163797,0.0,0.0,0.0,0.0,0.0,0.0,0.0,0.0,0.0
3,0,0.96836203,0.0,0.03163797,0.0,0.0,0.0,0.0,0.0,0.0,0.0,0.0,0.0
3,0,0.96836203,0.0,0.03163797,0.0,0.0,0.0,0.0,0.0,0.0,0.0,0.0,0.0
3,0,0.96836203,0.0,0.03163797,0.0,0.0,0.0,0.0,0.0,0.0,0.0,0.0,0.0
3,0,0.96836203,0.0,0.03163797,0.0,0.0,0.0,0.0,0.0,0.0,0.0,0.0,0.0
3,0,0.96836203,0.0,0.03163797,0.0,0.0,0.0,0.0,0.0,0.0,0.0,0.0,0.0
3,0,0.96836203,0.0,0.03163797,0.0,0.0,0.0,0.0,0.0,0.0,0.0,0.0,0.0
3,0,0.96836203,0.0,0.03163797,0.0,0.0,0.0,0.0,0.0,0.0,0.0,0.0,0.0
3,0,0.96836203,0.0,0.03163797,0.0,0.0,0.0,0.0,0.0,0.0,0.0,0.0,0.0
3,0,0.96836203,0.0,0.03163797,0.0,0.0,0.0,0.0,0.0,0.0,0.0,0.0,0.0
3,0,0.96836203,0.0,0.03163797,0.0,0.0,0.0,0.0,0.0,0.0,0.0,0.0,0.0
3,0,0.96836203,0.0,0.03163797,0.0,0.0,0.0,0.0,0.0,0.0,0.0,0.0,0.0
3,0,0.96836203,0.0,0.03163797,0.0,0.0,0.0,0.0,0.0,0.0,0.0,0.0,0.0
3,0,0.96836203,0.0,0.03163797,0.0,0.0,0.0,0.0,0.0,0.0,0.0,0.0,0.0
3,0,0.96836203,0.0,0.03163797,0.0,0.0,0.0,0.0,0.0,0.0,0.0,0.0,0.0
3,0,0.96836203,0.0,0.03163797,0.0,0.0,0.0,0.0,0.0,0.0,0.0,0.0,0.0
3,0,0.96836203,0.0,0.03163797,0.0,0.0,0.0,0.0,0.0,0.0,0.0,0.0,0.0
3,0,0.96836203,0.0,0.03163797,0.0,0.0,0.0,0.0,0.0,0.0,0.0,0.0,0.0
3,0,0.96836203,0.0,0.03163797,0.0,0.0,0.0,0.0,0.0,0.0,0.0,0.0,0.0
3,0,0.96836203,0.0,0.03163797,0.0,0.0,0.0,0.0,0.0,0.0,0.0,0.0,0.0
3,0,0.96836203,0.0,0.03163797,0.0,0.0,0.0,0.0,0.0,0.0,0.0,0.0,0.0
3,0,0.96836203,0.0,0.03163797,0.0,0.0,0.0,0.0,0.0,0.0,0.0,0.0,0.0
3,0,0.96836203,0.0,0.03163797,0.0,0.0,0.0,0.0,0.0,0.0,0.0,0.0,0.0
3,0,0.96836203,0.0,0.03163797,0.0,0.0,0.0,0.0,0.0,0.0,0.0,0.0,0.0
3,0,0.96836203,0.0,0.03163797,0.0,0.0,0.0,0.0,0.0,0.0,0.0,0.0,0.0
3,0,0.96836203,0.0,0.03163797,0.0,0.0,0.0,0.0,0.0,0.0,0.0,0.0,0.0
3,0,0.96836203,0.0,0.03163797,0.0,0.0,0.0,0.0,0.0,0.0,0.0,0.0,0.0
3,0,0.96836203,0.0,0.03163797,0.0,0.0,0.0,0.0,0.0,0.0,0.0,0.0,0.0
3,0,0.96836203,0.0,0.03163797,0.0,0.0,0.0,0.0,0.0,0.0,0.0,0.0,0.0
3,0,0.96836203,0.0,0.03163797,0.0,0.0,0.0,0.0,0.0,0.0,0.0,0.0,0.0
3,0,0.96836203,0.0,0.03163797,0.0,0.0,0.0,0.0,0.0,0.0,0.0,0.0,0.0
3,0,0.96836203,0.0,0.03163797,0.0,0.0,0.0,0.0,0.0,0.0,0.0,0.0,0.0
3,0,0.96836203,0.0,0.03163797,0.0,0.0,0.0,0.0,0.0,0.0,0.0,0.0,0.0
3,0,0.96836203,0.0,0.03163797,0.0,0.0,0.0,0.0,0.0,0.0,0.0,0.0,0.0
3,0,0.96836203,0.0,0.03163797,0.0,0.0,0.0,0.0,0.0,0.0,0.0,0.0,0.0
3,0,0.96836203,0.0,0.03163797,0.0,0.0,0.0,0.0,0.0,0.0,0.0,0.0,0.0
3,0,0.96836203,0.0,0.03163797,0.0,0.0,0.0,0.0,0.0,0.0,0.0,0.0,0.0
3,0,0.96836203,0.0,0.03163797,0.0,0.0,0.0,0.0,0.0,0.0,0.0,0.0,0.0
3,0,0.96836203,0.0,0.03163797,0.0,0.0,0.0,0.0,0.0,0.0,0.0,0.0,0.0
3,0,0.96836203,0.0,0.03163797,0.0,0.0,0.0,0.0,0.0,0.0,0.0,0.0,0.0
3,0,0.96836203,0.0,0.03163797,0.0,0.0,0.0,0.0,0.0,0.0,0.0,0.0,0.0
3,0,0.96836203,0.0,0.03163797,0.0,0.0,0.0,0.0,0.0,0.0,0.0,0.0,0.0
3,0,0.96836203,0.0,0.03163797,0.0,0.0,0.0,0.0,0.0,0.0,0.0,0.0,0.0
3,0,0.96836203,0.0,0.03163797,0.0,0.0,0.0,0.0,0.0,0.0,0.0,0.0,0.0
3,0,0.96836203,0.0,0.03163797,0.0,0.0,0.0,0.0,0.0,0.0,0.0,0.0,0.0
3,0,0.96836203,0.0,0.03163797,0.0,0.0,0.0,0.0,0.0,0.0,0.0,0.0,0.0
3,0,0.96836203,0.0,0.03163797,0.0,0.0,0.0,0.0,0.0,0.0,0.0,0.0,0.0
3,0,0.96836203,0.0,0.03163797,0.0,0.0,0.0,0.0,0.0,0.0,0.0,0.0,0.0
3,0,0.96836203,0.0,0.03163797,0.0,0.0,0.0,0.0,0.0,0.0,0.0,0.0,0.0
3,0,0.96836203,0.0,0.03163797,0.0,0.0,0.0,0.0,0.0,0.0,0.0,0.0,0.0
3,0,0.96836203,0.0,0.03163797,0.0,0.0,0.0,0.0,0.0,0.0,0.0,0.0,0.0
3,0,0.96836203,0.0,0.03163797,0.0,0.0,0.0,0.0,0.0,0.0,0.0,0.0,0.0
3,0,0.96836203,0.0,0.03163797,0.0,0.0,0.0,0.0,0.0,0.0,0.0,0.0,0.0
3,0,0.96836203,0.0,0.03163797,0.0,0.0,0.0,0.0,0.0,0.0,0.0,0.0,0.0
3,0,0.96836203,0.0,0.03163797,0.0,0.0,0.0,0.0,0.0,0.0,0.0,0.0,0.0
3,0,0.96836203,0.0,0.03163797,0.0,0.0,0.0,0.0,0.0,0.0,0.0,0.0,0.0
3,0,0.96836203,0.0,0.03163797,0.0,0.0,0.0,0.0,0.0,0.0,0.0,0.0,0.0
3,0,0.96836203,0.0,0.03163797,0.0,0.0,0.0,0.0,0.0,0.0,0.0,0.0,0.0
3,0,0.96836203,0.0,0.03163797,0.0,0.0,0.0,0.0,0.0,0.0,0.0,0.0,0.0
3,0,0.96836203,0.0,0.03163797,0.0,0.0,0.0,0.0,0.0,0.0,0.0,0.0,0.0
3,0,0.96836203,0.0,0.03163797,0.0,0.0,0.0,0.0,0.0,0.0,0.0,0.0,0.0
3,0,0.96836203,0.0,0.03163797,0.0,0.0,0.0,0.0,0.0,0.0,0.0,0.0,0.0
3,0,0.96836203,0.0,0.03163797,0.0,0.0,0.0,0.0,0.0,0.0,0.0,0.0,0.0
3,0,0.96836203,0.0,0.03163797,0.0,0.0,0.0,0.0,0.0,0.0,0.0,0.0,0.0
3,0,0.96836203,0.0,0.03163797,0.0,0.0,0.0,0.0,0.0,0.0,0.0,0.0,0.0
3,0,0.96836203,0.0,0.03163797,0.0,0.0,0.0,0.0,0.0,0.0,0.0,0.0,0.0
3,0,0.96836203,0.0,0.03163797,0.0,0.0,0.0,0.0,0.0,0.0,0.0,0.0,0.0
3,0,0.96836203,0.0,0.03163797,0.0,0.0,0.0,0.0,0.0,0.0,0.0,0.0,0.0
3,0,0.96836203,0.0,0.03163797,0.0,0.0,0.0,0.0,0.0,0.0,0.0,0.0,0.0
3,0,0.96836203,0.0,0.03163797,0.0,0.0,0.0,0.0,0.0,0.0,0.0,0.0,0.0
3,0,0.96836203,0.0,0.03163797,0.0,0.0,0.0,0.0,0.0,0.0,0.0,0.0,0.0
3,0,0.96836203,0.0,0.03163797,0.0,0.0,0.0,0.0,0.0,0.0,0.0,0.0,0.0
3,0,0.96836203,0.0,0.03163797,0.0,0.0,0.0,0.0,0.0,0.0,0.0,0.0,0.0
3,0,0.96836203,0.0,0.03163797,0.0,0.0,0.0,0.0,0.0,0.0,0.0,0.0,0.0
3,0,0.96836203,0.0,0.03163797,0.0,0.0,0.0,0.0,0.0,0.0,0.0,0.0,0.0
3,0,0.96836203,0.0,0.03163797,0.0,0.0,0.0,0.0,0.0,0.0,0.0,0.0,0.0
3,0,0.96836203,0.0,0.03163797,0.0,0.0,0.0,0.0,0.0,0.0,0.0,0.0,0.0
3,0,0.96836203,0.0,0.03163797,0.0,0.0,0.0,0.0,0.0,0.0,0.0,0.0,0.0
3,0,0.96836203,0.0,0.03163797,0.0,0.0,0.0,0.0,0.0,0.0,0.0,0.0,0.0
3,0,0.96836203,0.0,0.03163797,0.0,0.0,0.0,0.0,0.0,0.0,0.0,0.0,0.0
3,0,0.96836203,0.0,0.03163797,0.0,0.0,0.0,0.0,0.0,0.0,0.0,0.0,0.0
3,0,0.96836203,0.0,0.03163797,0.0,0.0,0.0,0.0,0.0,0.0,0.0,0.0,0.0
3,0,0.96836203,0.0,0.03163797,0.0,0.0,0.0,0.0,0.0,0.0,0.0,0.0,0.0
3,0,0.96836203,0.0,0.03163797,0.0,0.0,0.0,0.0,0.0,0.0,0.0,0.0,0.0
3,0,0.96836203,0.0,0.03163797,0.0,0.0,0.0,0.0,0.0,0.0,0.0,0.0,0.0
3,0,0.96836203,0.0,0.03163797,0.0,0.0,0.0,0.0,0.0,0.0,0.0,0.0,0.0
3,0,0.96836203,0.0,0.03163797,0.0,0.0,0.0,0.0,0.0,0.0,0.0,0.0,0.0
3,0,0.96836203,0.0,0.03163797,0.0,0.0,0.0,0.0,0.0,0.0,0.0,0.0,0.0
3,0,0.96836203,0.0,0.03163797,0.0,0.0,0.0,0.0,0.0,0.0,0.0,0.0,0.0
3,0,0.96836203,0.0,0.03163797,0.0,0.0,0.0,0.0,0.0,0.0,0.0,0.0,0.0
3,0,0.96836203,0.0,0.03163797,0.0,0.0,0.0,0.0,0.0,0.0,0.0,0.0,0.0
3,0,0.96836203,0.0,0.03163797,0.0,0.0,0.0,0.0,0.0,0.0,0.0,0.0,0.0
3,0,0.96836203,0.0,0.03163797,0.0,0.0,0.0,0.0,0.0,0.0,0.0,0.0,0.0
3,0,0.96836203,0.0,0.03163797,0.0,0.0,0.0,0.0,0.0,0.0,0.0,0.0,0.0
3,0,0.96836203,0.0,0.03163797,0.0,0.0,0.0,0.0,0.0,0.0,0.0,0.0,0.0
3,0,0.96836203,0.0,0.03163797,0.0,0.0,0.0,0.0,0.0,0.0,0.0,0.0,0.0
3,0,0.96836203,0.0,0.03163797,0.0,0.0,0.0,0.0,0.0,0.0,0.0,0.0,0.0
3,0,0.96836203,0.0,0.03163797,0.0,0.0,0.0,0.0,0.0,0.0,0.0,0.0,0.0
3,0,0.96836203,0.0,0.03163797,0.0,0.0,0.0,0.0,0.0,0.0,0.0,0.0,0.0
3,0,0.96836203,0.0,0.03163797,0.0,0.0,0.0,0.0,0.0,0.0,0.0,0.0,0.0
3,0,0.96836203,0.0,0.03163797,0.0,0.0,0.0,0.0,0.0,0.0,0.0,0.0,0.0
3,0,0.96836203,0.0,0.03163797,0.0,0.0,0.0,0.0,0.0,0.0,0.0,0.0,0.0
3,0,0.96836203,0.0,0.03163797,0.0,0.0,0.0,0.0,0.0,0.0,0.0,0.0,0.0
3,0,0.96836203,0.0,0.03163797,0.0,0.0,0.0,0.0,0.0,0.0,0.0,0.0,0.0
3,0,0.96836203,0.0,0.03163797,0.0,0.0,0.0,0.0,0.0,0.0,0.0,0.0,0.0
3,0,0.96836203,0.0,0.03163797,0.0,0.0,0.0,0.0,0.0,0.0,0.0,0.0,0.0
3,0,0.96836203,0.0,0.03163797,0.0,0.0,0.0,0.0,0.0,0.0,0.0,0.0,0.0
3,0,0.96836203,0.0,0.03163797,0.0,0.0,0.0,0.0,0.0,0.0,0.0,0.0,0.0
3,0,0.96836203,0.0,0.03163797,0.0,0.0,0.0,0.0,0.0,0.0,0.0,0.0,0.0
3,0,0.96836203,0.0,0.03163797,0.0,0.0,0.0,0.0,0.0,0.0,0.0,0.0,0.0
3,0,0.96836203,0.0,0.03163797,0.0,0.0,0.0,0.0,0.0,0.0,0.0,0.0,0.0
3,0,0.96836203,0.0,0.03163797,0.0,0.0,0.0,0.0,0.0,0.0,0.0,0.0,0.0
3,0,0.96836203,0.0,0.03163797,0.0,0.0,0.0,0.0,0.0,0.0,0.0,0.0,0.0
3,0,0.96836203,0.0,0.03163797,0.0,0.0,0.0,0.0,0.0,0.0,0.0,0.0,0.0
3,0,0.96836203,0.0,0.03163797,0.0,0.0,0.0,0.0,0.0,0.0,0.0,0.0,0.0
3,0,0.96836203,0.0,0.03163797,0.0,0.0,0.0,0.0,0.0,0.0,0.0,0.0,0.0
3,0,0.96836203,0.0,0.03163797,0.0,0.0,0.0,0.0,0.0,0.0,0.0,0.0,0.0
3,0,0.96836203,0.0,0.03163797,0.0,0.0,0.0,0.0,0.0,0.0,0.0,0.0,0.0
3,0,0.96836203,0.0,0.03163797,0.0,0.0,0.0,0.0,0.0,0.0,0.0,0.0,0.0
3,0,0.96836203,0.0,0.03163797,0.0,0.0,0.0,0.0,0.0,0.0,0.0,0.0,0.0
3,0,0.96836203,0.0,0.03163797,0.0,0.0,0.0,0.0,0.0,0.0,0.0,0.0,0.0
3,0,0.96836203,0.0,0.03163797,0.0,0.0,0.0,0.0,0.0,0.0,0.0,0.0,0.0
3,0,0.96836203,0.0,0.03163797,0.0,0.0,0.0,0.0,0.0,0.0,0.0,0.0,0.0
3,0,0.96836203,0.0,0.03163797,0.0,0.0,0.0,0.0,0.0,0.0,0.0,0.0,0.0
3,0,0.96836203,0.0,0.03163797,0.0,0.0,0.0,0.0,0.0,0.0,0.0,0.0,0.0
3,0,0.96836203,0.0,0.03163797,0.0,0.0,0.0,0.0,0.0,0.0,0.0,0.0,0.0
3,0,0.96836203,0.0,0.03163797,0.0,0.0,0.0,0.0,0.0,0.0,0.0,0.0,0.0
3,0,0.96836203,0.0,0.03163797,0.0,0.0,0.0,0.0,0.0,0.0,0.0,0.0,0.0
3,0,0.96836203,0.0,0.03163797,0.0,0.0,0.0,0.0,0.0,0.0,0.0,0.0,0.0
3,0,0.96836203,0.0,0.03163797,0.0,0.0,0.0,0.0,0.0,0.0,0.0,0.0,0.0
3,0,0.96836203,0.0,0.03163797,0.0,0.0,0.0,0.0,0.0,0.0,0.0,0.0,0.0
3,0,0.96836203,0.0,0.03163797,0.0,0.0,0.0,0.0,0.0,0.0,0.0,0.0,0.0
3,0,0.96836203,0.0,0.03163797,0.0,0.0,0.0,0.0,0.0,0.0,0.0,0.0,0.0
3,0,0.96836203,0.0,0.03163797,0.0,0.0,0.0,0.0,0.0,0.0,0.0,0.0,0.0
3,0,0.96836203,0.0,0.03163797,0.0,0.0,0.0,0.0,0.0,0.0,0.0,0.0,0.0
3,0,0.96836203,0.0,0.03163797,0.0,0.0,0.0,0.0,0.0,0.0,0.0,0.0,0.0
3,0,0.96836203,0.0,0.03163797,0.0,0.0,0.0,0.0,0.0,0.0,0.0,0.0,0.0
3,0,0.96836203,0.0,0.03163797,0.0,0.0,0.0,0.0,0.0,0.0,0.0,0.0,0.0
3,0,0.96836203,0.0,0.03163797,0.0,0.0,0.0,0.0,0.0,0.0,0.0,0.0,0.0
3,0,0.96836203,0.0,0.03163797,0.0,0.0,0.0,0.0,0.0,0.0,0.0,0.0,0.0
3,0,0.96836203,0.0,0.03163797,0.0,0.0,0.0,0.0,0.0,0.0,0.0,0.0,0.0
3,0,0.96836203,0.0,0.03163797,0.0,0.0,0.0,0.0,0.0,0.0,0.0,0.0,0.0
3,0,0.96836203,0.0,0.03163797,0.0,0.0,0.0,0.0,0.0,0.0,0.0,0.0,0.0
3,0,0.96836203,0.0,0.03163797,0.0,0.0,0.0,0.0,0.0,0.0,0.0,0.0,0.0
3,0,0.96836203,0.0,0.03163797,0.0,0.0,0.0,0.0,0.0,0.0,0.0,0.0,0.0
3,0,0.96836203,0.0,0.03163797,0.0,0.0,0.0,0.0,0.0,0.0,0.0,0.0,0.0
3,0,0.96836203,0.0,0.03163797,0.0,0.0,0.0,0.0,0.0,0.0,0.0,0.0,0.0
3,0,0.96836203,0.0,0.03163797,0.0,0.0,0.0,0.0,0.0,0.0,0.0,0.0,0.0
3,0,0.96836203,0.0,0.03163797,0.0,0.0,0.0,0.0,0.0,0.0,0.0,0.0,0.0
3,0,0.96836203,0.0,0.03163797,0.0,0.0,0.0,0.0,0.0,0.0,0.0,0.0,0.0
3,0,0.96836203,0.0,0.03163797,0.0,0.0,0.0,0.0,0.0,0.0,0.0,0.0,0.0
3,0,0.96836203,0.0,0.03163797,0.0,0.0,0.0,0.0,0.0,0.0,0.0,0.0,0.0
3,0,0.96836203,0.0,0.03163797,0.0,0.0,0.0,0.0,0.0,0.0,0.0,0.0,0.0
3,0,0.96836203,0.0,0.03163797,0.0,0.0,0.0,0.0,0.0,0.0,0.0,0.0,0.0
3,0,0.96836203,0.0,0.03163797,0.0,0.0,0.0,0.0,0.0,0.0,0.0,0.0,0.0
3,0,0.96836203,0.0,0.03163797,0.0,0.0,0.0,0.0,0.0,0.0,0.0,0.0,0.0
3,0,0.96836203,0.0,0.03163797,0.0,0.0,0.0,0.0,0.0,0.0,0.0,0.0,0.0
3,0,0.96836203,0.0,0.03163797,0.0,0.0,0.0,0.0,0.0,0.0,0.0,0.0,0.0
3,0,0.96836203,0.0,0.03163797,0.0,0.0,0.0,0.0,0.0,0.0,0.0,0.0,0.0
3,0,0.96836203,0.0,0.03163797,0.0,0.0,0.0,0.0,0.0,0.0,0.0,0.0,0.0
3,0,0.96836203,0.0,0.03163797,0.0,0.0,0.0,0.0,0.0,0.0,0.0,0.0,0.0
3,0,0.96836203,0.0,0.03163797,0.0,0.0,0.0,0.0,0.0,0.0,0.0,0.0,0.0
3,0,0.96836203,0.0,0.03163797,0.0,0.0,0.0,0.0,0.0,0.0,0.0,0.0,0.0
3,0,0.96836203,0.0,0.03163797,0.0,0.0,0.0,0.0,0.0,0.0,0.0,0.0,0.0
3,0,0.96836203,0.0,0.03163797,0.0,0.0,0.0,0.0,0.0,0.0,0.0,0.0,0.0
3,0,0.96836203,0.0,0.03163797,0.0,0.0,0.0,0.0,0.0,0.0,0.0,0.0,0.0
3,0,0.96836203,0.0,0.03163797,0.0,0.0,0.0,0.0,0.0,0.0,0.0,0.0,0.0
3,0,0.96836203,0.0,0.03163797,0.0,0.0,0.0,0.0,0.0,0.0,0.0,0.0,0.0
3,0,0.96836203,0.0,0.03163797,0.0,0.0,0.0,0.0,0.0,0.0,0.0,0.0,0.0
3,0,0.96836203,0.0,0.03163797,0.0,0.0,0.0,0.0,0.0,0.0,0.0,0.0,0.0
3,0,0.96836203,0.0,0.03163797,0.0,0.0,0.0,0.0,0.0,0.0,0.0,0.0,0.0
3,0,0.96836203,0.0,0.03163797,0.0,0.0,0.0,0.0,0.0,0.0,0.0,0.0,0.0
3,0,0.96836203,0.0,0.03163797,0.0,0.0,0.0,0.0,0.0,0.0,0.0,0.0,0.0
3,0,0.96836203,0.0,0.03163797,0.0,0.0,0.0,0.0,0.0,0.0,0.0,0.0,0.0
3,0,0.96836203,0.0,0.03163797,0.0,0.0,0.0,0.0,0.0,0.0,0.0,0.0,0.0
3,0,0.96836203,0.0,0.03163797,0.0,0.0,0.0,0.0,0.0,0.0,0.0,0.0,0.0
3,0,0.96836203,0.0,0.03163797,0.0,0.0,0.0,0.0,0.0,0.0,0.0,0.0,0.0
3,0,0.96836203,0.0,0.03163797,0.0,0.0,0.0,0.0,0.0,0.0,0.0,0.0,0.0
3,0,0.96836203,0.0,0.03163797,0.0,0.0,0.0,0.0,0.0,0.0,0.0,0.0,0.0
3,0,0.96836203,0.0,0.03163797,0.0,0.0,0.0,0.0,0.0,0.0,0.0,0.0,0.0
3,0,0.96836203,0.0,0.03163797,0.0,0.0,0.0,0.0,0.0,0.0,0.0,0.0,0.0
3,0,0.96836203,0.0,0.03163797,0.0,0.0,0.0,0.0,0.0,0.0,0.0,0.0,0.0
3,0,0.96836203,0.0,0.03163797,0.0,0.0,0.0,0.0,0.0,0.0,0.0,0.0,0.0
3,0,0.96836203,0.0,0.03163797,0.0,0.0,0.0,0.0,0.0,0.0,0.0,0.0,0.0
3,0,0.96836203,0.0,0.03163797,0.0,0.0,0.0,0.0,0.0,0.0,0.0,0.0,0.0
3,0,0.96836203,0.0,0.03163797,0.0,0.0,0.0,0.0,0.0,0.0,0.0,0.0,0.0
3,0,0.96836203,0.0,0.03163797,0.0,0.0,0.0,0.0,0.0,0.0,0.0,0.0,0.0
3,0,0.96836203,0.0,0.03163797,0.0,0.0,0.0,0.0,0.0,0.0,0.0,0.0,0.0
3,0,0.96836203,0.0,0.03163797,0.0,0.0,0.0,0.0,0.0,0.0,0.0,0.0,0.0
3,0,0.96836203,0.0,0.03163797,0.0,0.0,0.0,0.0,0.0,0.0,0.0,0.0,0.0
3,0,0.96836203,0.0,0.03163797,0.0,0.0,0.0,0.0,0.0,0.0,0.0,0.0,0.0
3,0,0.96836203,0.0,0.03163797,0.0,0.0,0.0,0.0,0.0,0.0,0.0,0.0,0.0
3,0,0.96836203,0.0,0.03163797,0.0,0.0,0.0,0.0,0.0,0.0,0.0,0.0,0.0
3,0,0.96836203,0.0,0.03163797,0.0,0.0,0.0,0.0,0.0,0.0,0.0,0.0,0.0
3,0,0.96836203,0.0,0.03163797,0.0,0.0,0.0,0.0,0.0,0.0,0.0,0.0,0.0
3,0,0.96836203,0.0,0.03163797,0.0,0.0,0.0,0.0,0.0,0.0,0.0,0.0,0.0
3,0,0.96836203,0.0,0.03163797,0.0,0.0,0.0,0.0,0.0,0.0,0.0,0.0,0.0
3,0,0.96836203,0.0,0.03163797,0.0,0.0,0.0,0.0,0.0,0.0,0.0,0.0,0.0
3,0,0.96836203,0.0,0.03163797,0.0,0.0,0.0,0.0,0.0,0.0,0.0,0.0,0.0
3,0,0.96836203,0.0,0.03163797,0.0,0.0,0.0,0.0,0.0,0.0,0.0,0.0,0.0
3,0,0.96836203,0.0,0.03163797,0.0,0.0,0.0,0.0,0.0,0.0,0.0,0.0,0.0
3,0,0.96836203,0.0,0.03163797,0.0,0.0,0.0,0.0,0.0,0.0,0.0,0.0,0.0
3,0,0.96836203,0.0,0.03163797,0.0,0.0,0.0,0.0,0.0,0.0,0.0,0.0,0.0
3,0,0.96836203,0.0,0.03163797,0.0,0.0,0.0,0.0,0.0,0.0,0.0,0.0,0.0
3,0,0.96836203,0.0,0.03163797,0.0,0.0,0.0,0.0,0.0,0.0,0.0,0.0,0.0
3,0,0.96836203,0.0,0.03163797,0.0,0.0,0.0,0.0,0.0,0.0,0.0,0.0,0.0
3,0,0.96836203,0.0,0.03163797,0.0,0.0,0.0,0.0,0.0,0.0,0.0,0.0,0.0
3,0,0.96836203,0.0,0.03163797,0.0,0.0,0.0,0.0,0.0,0.0,0.0,0.0,0.0
3,0,0.96836203,0.0,0.03163797,0.0,0.0,0.0,0.0,0.0,0.0,0.0,0.0,0.0
3,0,0.96836203,0.0,0.03163797,0.0,0.0,0.0,0.0,0.0,0.0,0.0,0.0,0.0
3,0,0.96836203,0.0,0.03163797,0.0,0.0,0.0,0.0,0.0,0.0,0.0,0.0,0.0
3,0,0.96836203,0.0,0.03163797,0.0,0.0,0.0,0.0,0.0,0.0,0.0,0.0,0.0
3,0,0.96836203,0.0,0.03163797,0.0,0.0,0.0,0.0,0.0,0.0,0.0,0.0,0.0
3,0,0.96836203,0.0,0.03163797,0.0,0.0,0.0,0.0,0.0,0.0,0.0,0.0,0.0
3,0,0.96836203,0.0,0.03163797,0.0,0.0,0.0,0.0,0.0,0.0,0.0,0.0,0.0
3,0,0.96836203,0.0,0.03163797,0.0,0.0,0.0,0.0,0.0,0.0,0.0,0.0,0.0
3,0,0.96836203,0.0,0.03163797,0.0,0.0,0.0,0.0,0.0,0.0,0.0,0.0,0.0
3,0,0.96836203,0.0,0.03163797,0.0,0.0,0.0,0.0,0.0,0.0,0.0,0.0,0.0
3,0,0.96836203,0.0,0.03163797,0.0,0.0,0.0,0.0,0.0,0.0,0.0,0.0,0.0
3,0,0.96836203,0.0,0.03163797,0.0,0.0,0.0,0.0,0.0,0.0,0.0,0.0,0.0
3,0,0.96836203,0.0,0.03163797,0.0,0.0,0.0,0.0,0.0,0.0,0.0,0.0,0.0
3,0,0.96836203,0.0,0.03163797,0.0,0.0,0.0,0.0,0.0,0.0,0.0,0.0,0.0
3,0,0.96836203,0.0,0.03163797,0.0,0.0,0.0,0.0,0.0,0.0,0.0,0.0,0.0
3,0,0.96836203,0.0,0.03163797,0.0,0.0,0.0,0.0,0.0,0.0,0.0,0.0,0.0
3,0,0.96836203,0.0,0.03163797,0.0,0.0,0.0,0.0,0.0,0.0,0.0,0.0,0.0
3,0,0.96836203,0.0,0.03163797,0.0,0.0,0.0,0.0,0.0,0.0,0.0,0.0,0.0
3,0,0.96836203,0.0,0.03163797,0.0,0.0,0.0,0.0,0.0,0.0,0.0,0.0,0.0
3,0,0.96836203,0.0,0.03163797,0.0,0.0,0.0,0.0,0.0,0.0,0.0,0.0,0.0
3,0,0.96836203,0.0,0.03163797,0.0,0.0,0.0,0.0,0.0,0.0,0.0,0.0,0.0
3,0,0.96836203,0.0,0.03163797,0.0,0.0,0.0,0.0,0.0,0.0,0.0,0.0,0.0
3,0,0.96836203,0.0,0.03163797,0.0,0.0,0.0,0.0,0.0,0.0,0.0,0.0,0.0
3,0,0.96836203,0.0,0.03163797,0.0,0.0,0.0,0.0,0.0,0.0,0.0,0.0,0.0
3,0,0.96836203,0.0,0.03163797,0.0,0.0,0.0,0.0,0.0,0.0,0.0,0.0,0.0
3,0,0.96836203,0.0,0.03163797,0.0,0.0,0.0,0.0,0.0,0.0,0.0,0.0,0.0
3,0,0.96836203,0.0,0.03163797,0.0,0.0,0.0,0.0,0.0,0.0,0.0,0.0,0.0
3,0,0.96836203,0.0,0.03163797,0.0,0.0,0.0,0.0,0.0,0.0,0.0,0.0,0.0
3,0,0.96836203,0.0,0.03163797,0.0,0.0,0.0,0.0,0.0,0.0,0.0,0.0,0.0
3,0,0.96836203,0.0,0.03163797,0.0,0.0,0.0,0.0,0.0,0.0,0.0,0.0,0.0
3,0,0.96836203,0.0,0.03163797,0.0,0.0,0.0,0.0,0.0,0.0,0.0,0.0,0.0
3,0,0.96836203,0.0,0.03163797,0.0,0.0,0.0,0.0,0.0,0.0,0.0,0.0,0.0
3,0,0.96836203,0.0,0.03163797,0.0,0.0,0.0,0.0,0.0,0.0,0.0,0.0,0.0
3,0,0.96836203,0.0,0.03163797,0.0,0.0,0.0,0.0,0.0,0.0,0.0,0.0,0.0
3,0,0.96836203,0.0,0.03163797,0.0,0.0,0.0,0.0,0.0,0.0,0.0,0.0,0.0
3,0,0.96836203,0.0,0.03163797,0.0,0.0,0.0,0.0,0.0,0.0,0.0,0.0,0.0
3,0,0.96836203,0.0,0.03163797,0.0,0.0,0.0,0.0,0.0,0.0,0.0,0.0,0.0
3,0,0.96836203,0.0,0.03163797,0.0,0.0,0.0,0.0,0.0,0.0,0.0,0.0,0.0
3,0,0.96836203,0.0,0.03163797,0.0,0.0,0.0,0.0,0.0,0.0,0.0,0.0,0.0
3,0,0.96836203,0.0,0.03163797,0.0,0.0,0.0,0.0,0.0,0.0,0.0,0.0,0.0
3,0,0.96836203,0.0,0.03163797,0.0,0.0,0.0,0.0,0.0,0.0,0.0,0.0,0.0
3,0,0.96836203,0.0,0.03163797,0.0,0.0,0.0,0.0,0.0,0.0,0.0,0.0,0.0
3,0,0.96836203,0.0,0.03163797,0.0,0.0,0.0,0.0,0.0,0.0,0.0,0.0,0.0
3,0,0.96836203,0.0,0.03163797,0.0,0.0,0.0,0.0,0.0,0.0,0.0,0.0,0.0
3,0,0.96836203,0.0,0.03163797,0.0,0.0,0.0,0.0,0.0,0.0,0.0,0.0,0.0
3,0,0.96836203,0.0,0.03163797,0.0,0.0,0.0,0.0,0.0,0.0,0.0,0.0,0.0
3,0,0.96836203,0.0,0.03163797,0.0,0.0,0.0,0.0,0.0,0.0,0.0,0.0,0.0
3,0,0.96836203,0.0,0.03163797,0.0,0.0,0.0,0.0,0.0,0.0,0.0,0.0,0.0
3,0,0.96836203,0.0,0.03163797,0.0,0.0,0.0,0.0,0.0,0.0,0.0,0.0,0.0
3,0,0.96836203,0.0,0.03163797,0.0,0.0,0.0,0.0,0.0,0.0,0.0,0.0,0.0
3,0,0.96836203,0.0,0.03163797,0.0,0.0,0.0,0.0,0.0,0.0,0.0,0.0,0.0
3,0,0.96836203,0.0,0.03163797,0.0,0.0,0.0,0.0,0.0,0.0,0.0,0.0,0.0
3,0,0.96836203,0.0,0.03163797,0.0,0.0,0.0,0.0,0.0,0.0,0.0,0.0,0.0
3,0,0.96836203,0.0,0.03163797,0.0,0.0,0.0,0.0,0.0,0.0,0.0,0.0,0.0
3,0,0.96836203,0.0,0.03163797,0.0,0.0,0.0,0.0,0.0,0.0,0.0,0.0,0.0
3,0,0.96836203,0.0,0.03163797,0.0,0.0,0.0,0.0,0.0,0.0,0.0,0.0,0.0
3,0,0.96836203,0.0,0.03163797,0.0,0.0,0.0,0.0,0.0,0.0,0.0,0.0,0.0
3,0,0.96836203,0.0,0.03163797,0.0,0.0,0.0,0.0,0.0,0.0,0.0,0.0,0.0
3,0,0.96836203,0.0,0.03163797,0.0,0.0,0.0,0.0,0.0,0.0,0.0,0.0,0.0
3,0,0.96836203,0.0,0.03163797,0.0,0.0,0.0,0.0,0.0,0.0,0.0,0.0,0.0
3,0,0.96836203,0.0,0.03163797,0.0,0.0,0.0,0.0,0.0,0.0,0.0,0.0,0.0
3,0,0.96836203,0.0,0.03163797,0.0,0.0,0.0,0.0,0.0,0.0,0.0,0.0,0.0
3,0,0.96836203,0.0,0.03163797,0.0,0.0,0.0,0.0,0.0,0.0,0.0,0.0,0.0
3,0,0.96836203,0.0,0.03163797,0.0,0.0,0.0,0.0,0.0,0.0,0.0,0.0,0.0
3,0,0.96836203,0.0,0.03163797,0.0,0.0,0.0,0.0,0.0,0.0,0.0,0.0,0.0
3,0,0.96836203,0.0,0.03163797,0.0,0.0,0.0,0.0,0.0,0.0,0.0,0.0,0.0
3,0,0.96836203,0.0,0.03163797,0.0,0.0,0.0,0.0,0.0,0.0,0.0,0.0,0.0
3,0,0.96836203,0.0,0.03163797,0.0,0.0,0.0,0.0,0.0,0.0,0.0,0.0,0.0
3,0,0.96836203,0.0,0.03163797,0.0,0.0,0.0,0.0,0.0,0.0,0.0,0.0,0.0
3,0,0.96836203,0.0,0.03163797,0.0,0.0,0.0,0.0,0.0,0.0,0.0,0.0,0.0
3,0,0.96836203,0.0,0.03163797,0.0,0.0,0.0,0.0,0.0,0.0,0.0,0.0,0.0
3,0,0.96836203,0.0,0.03163797,0.0,0.0,0.0,0.0,0.0,0.0,0.0,0.0,0.0
3,0,0.96836203,0.0,0.03163797,0.0,0.0,0.0,0.0,0.0,0.0,0.0,0.0,0.0
3,0,0.96836203,0.0,0.03163797,0.0,0.0,0.0,0.0,0.0,0.0,0.0,0.0,0.0
3,0,0.96836203,0.0,0.03163797,0.0,0.0,0.0,0.0,0.0,0.0,0.0,0.0,0.0
3,0,0.96836203,0.0,0.03163797,0.0,0.0,0.0,0.0,0.0,0.0,0.0,0.0,0.0
3,0,0.96836203,0.0,0.03163797,0.0,0.0,0.0,0.0,0.0,0.0,0.0,0.0,0.0
3,0,0.96836203,0.0,0.03163797,0.0,0.0,0.0,0.0,0.0,0.0,0.0,0.0,0.0
3,0,0.96836203,0.0,0.03163797,0.0,0.0,0.0,0.0,0.0,0.0,0.0,0.0,0.0
3,0,0.96836203,0.0,0.03163797,0.0,0.0,0.0,0.0,0.0,0.0,0.0,0.0,0.0
3,0,0.96836203,0.0,0.03163797,0.0,0.0,0.0,0.0,0.0,0.0,0.0,0.0,0.0
3,0,0.96836203,0.0,0.03163797,0.0,0.0,0.0,0.0,0.0,0.0,0.0,0.0,0.0
3,0,0.96836203,0.0,0.03163797,0.0,0.0,0.0,0.0,0.0,0.0,0.0,0.0,0.0
3,0,0.96836203,0.0,0.03163797,0.0,0.0,0.0,0.0,0.0,0.0,0.0,0.0,0.0
3,0,0.96836203,0.0,0.03163797,0.0,0.0,0.0,0.0,0.0,0.0,0.0,0.0,0.0
3,0,0.96836203,0.0,0.03163797,0.0,0.0,0.0,0.0,0.0,0.0,0.0,0.0,0.0
3,0,0.96836203,0.0,0.03163797,0.0,0.0,0.0,0.0,0.0,0.0,0.0,0.0,0.0
3,0,0.96836203,0.0,0.03163797,0.0,0.0,0.0,0.0,0.0,0.0,0.0,0.0,0.0
3,0,0.96836203,0.0,0.03163797,0.0,0.0,0.0,0.0,0.0,0.0,0.0,0.0,0.0
3,0,0.96836203,0.0,0.03163797,0.0,0.0,0.0,0.0,0.0,0.0,0.0,0.0,0.0
3,0,0.96836203,0.0,0.03163797,0.0,0.0,0.0,0.0,0.0,0.0,0.0,0.0,0.0
3,0,0.96836203,0.0,0.03163797,0.0,0.0,0.0,0.0,0.0,0.0,0.0,0.0,0.0
3,0,0.96836203,0.0,0.03163797,0.0,0.0,0.0,0.0,0.0,0.0,0.0,0.0,0.0
3,0,0.96836203,0.0,0.03163797,0.0,0.0,0.0,0.0,0.0,0.0,0.0,0.0,0.0
3,0,0.96836203,0.0,0.03163797,0.0,0.0,0.0,0.0,0.0,0.0,0.0,0.0,0.0
3,0,0.96836203,0.0,0.03163797,0.0,0.0,0.0,0.0,0.0,0.0,0.0,0.0,0.0
3,0,0.96836203,0.0,0.03163797,0.0,0.0,0.0,0.0,0.0,0.0,0.0,0.0,0.0
3,0,0.96836203,0.0,0.03163797,0.0,0.0,0.0,0.0,0.0,0.0,0.0,0.0,0.0
3,0,0.96836203,0.0,0.03163797,0.0,0.0,0.0,0.0,0.0,0.0,0.0,0.0,0.0
3,0,0.96836203,0.0,0.03163797,0.0,0.0,0.0,0.0,0.0,0.0,0.0,0.0,0.0
3,0,0.96836203,0.0,0.03163797,0.0,0.0,0.0,0.0,0.0,0.0,0.0,0.0,0.0
3,0,0.96836203,0.0,0.03163797,0.0,0.0,0.0,0.0,0.0,0.0,0.0,0.0,0.0
3,0,0.96836203,0.0,0.03163797,0.0,0.0,0.0,0.0,0.0,0.0,0.0,0.0,0.0
3,0,0.96836203,0.0,0.03163797,0.0,0.0,0.0,0.0,0.0,0.0,0.0,0.0,0.0
3,0,0.96836203,0.0,0.03163797,0.0,0.0,0.0,0.0,0.0,0.0,0.0,0.0,0.0
3,0,0.96836203,0.0,0.03163797,0.0,0.0,0.0,0.0,0.0,0.0,0.0,0.0,0.0
3,0,0.96836203,0.0,0.03163797,0.0,0.0,0.0,0.0,0.0,0.0,0.0,0.0,0.0
3,0,0.96836203,0.0,0.03163797,0.0,0.0,0.0,0.0,0.0,0.0,0.0,0.0,0.0
3,0,0.96836203,0.0,0.03163797,0.0,0.0,0.0,0.0,0.0,0.0,0.0,0.0,0.0
3,0,0.96836203,0.0,0.03163797,0.0,0.0,0.0,0.0,0.0,0.0,0.0,0.0,0.0
3,0,0.96836203,0.0,0.03163797,0.0,0.0,0.0,0.0,0.0,0.0,0.0,0.0,0.0
3,0,0.96836203,0.0,0.03163797,0.0,0.0,0.0,0.0,0.0,0.0,0.0,0.0,0.0
3,0,0.96836203,0.0,0.03163797,0.0,0.0,0.0,0.0,0.0,0.0,0.0,0.0,0.0
3,0,0.96836203,0.0,0.03163797,0.0,0.0,0.0,0.0,0.0,0.0,0.0,0.0,0.0
3,0,0.96836203,0.0,0.03163797,0.0,0.0,0.0,0.0,0.0,0.0,0.0,0.0,0.0
3,0,0.96836203,0.0,0.03163797,0.0,0.0,0.0,0.0,0.0,0.0,0.0,0.0,0.0
3,0,0.96836203,0.0,0.03163797,0.0,0.0,0.0,0.0,0.0,0.0,0.0,0.0,0.0
3,0,0.96836203,0.0,0.03163797,0.0,0.0,0.0,0.0,0.0,0.0,0.0,0.0,0.0
3,0,0.96836203,0.0,0.03163797,0.0,0.0,0.0,0.0,0.0,0.0,0.0,0.0,0.0
3,0,0.96836203,0.0,0.03163797,0.0,0.0,0.0,0.0,0.0,0.0,0.0,0.0,0.0
3,0,0.96836203,0.0,0.03163797,0.0,0.0,0.0,0.0,0.0,0.0,0.0,0.0,0.0
3,0,0.96836203,0.0,0.03163797,0.0,0.0,0.0,0.0,0.0,0.0,0.0,0.0,0.0
3,0,0.96836203,0.0,0.03163797,0.0,0.0,0.0,0.0,0.0,0.0,0.0,0.0,0.0
3,0,0.96836203,0.0,0.03163797,0.0,0.0,0.0,0.0,0.0,0.0,0.0,0.0,0.0
3,0,0.96836203,0.0,0.03163797,0.0,0.0,0.0,0.0,0.0,0.0,0.0,0.0,0.0
3,0,0.96836203,0.0,0.03163797,0.0,0.0,0.0,0.0,0.0,0.0,0.0,0.0,0.0
3,0,0.96836203,0.0,0.03163797,0.0,0.0,0.0,0.0,0.0,0.0,0.0,0.0,0.0
3,0,0.96836203,0.0,0.03163797,0.0,0.0,0.0,0.0,0.0,0.0,0.0,0.0,0.0
3,0,0.96836203,0.0,0.03163797,0.0,0.0,0.0,0.0,0.0,0.0,0.0,0.0,0.0
3,0,0.96836203,0.0,0.03163797,0.0,0.0,0.0,0.0,0.0,0.0,0.0,0.0,0.0
3,0,0.96836203,0.0,0.03163797,0.0,0.0,0.0,0.0,0.0,0.0,0.0,0.0,0.0
3,0,0.96836203,0.0,0.03163797,0.0,0.0,0.0,0.0,0.0,0.0,0.0,0.0,0.0
3,0,0.96836203,0.0,0.03163797,0.0,0.0,0.0,0.0,0.0,0.0,0.0,0.0,0.0
3,0,0.96836203,0.0,0.03163797,0.0,0.0,0.0,0.0,0.0,0.0,0.0,0.0,0.0
3,0,0.96836203,0.0,0.03163797,0.0,0.0,0.0,0.0,0.0,0.0,0.0,0.0,0.0
3,0,0.96836203,0.0,0.03163797,0.0,0.0,0.0,0.0,0.0,0.0,0.0,0.0,0.0
3,0,0.96836203,0.0,0.03163797,0.0,0.0,0.0,0.0,0.0,0.0,0.0,0.0,0.0
3,0,0.96836203,0.0,0.03163797,0.0,0.0,0.0,0.0,0.0,0.0,0.0,0.0,0.0
3,0,0.96836203,0.0,0.03163797,0.0,0.0,0.0,0.0,0.0,0.0,0.0,0.0,0.0
3,0,0.96836203,0.0,0.03163797,0.0,0.0,0.0,0.0,0.0,0.0,0.0,0.0,0.0
3,0,0.96836203,0.0,0.03163797,0.0,0.0,0.0,0.0,0.0,0.0,0.0,0.0,0.0
3,0,0.96836203,0.0,0.03163797,0.0,0.0,0.0,0.0,0.0,0.0,0.0,0.0,0.0
3,0,0.96836203,0.0,0.03163797,0.0,0.0,0.0,0.0,0.0,0.0,0.0,0.0,0.0
3,0,0.96836203,0.0,0.03163797,0.0,0.0,0.0,0.0,0.0,0.0,0.0,0.0,0.0
3,0,0.96836203,0.0,0.03163797,0.0,0.0,0.0,0.0,0.0,0.0,0.0,0.0,0.0
3,0,0.96836203,0.0,0.03163797,0.0,0.0,0.0,0.0,0.0,0.0,0.0,0.0,0.0
3,0,0.96836203,0.0,0.03163797,0.0,0.0,0.0,0.0,0.0,0.0,0.0,0.0,0.0
3,0,0.96836203,0.0,0.03163797,0.0,0.0,0.0,0.0,0.0,0.0,0.0,0.0,0.0
3,0,0.96836203,0.0,0.03163797,0.0,0.0,0.0,0.0,0.0,0.0,0.0,0.0,0.0
3,0,0.96836203,0.0,0.03163797,0.0,0.0,0.0,0.0,0.0,0.0,0.0,0.0,0.0
3,0,0.96836203,0.0,0.03163797,0.0,0.0,0.0,0.0,0.0,0.0,0.0,0.0,0.0
3,0,0.96836203,0.0,0.03163797,0.0,0.0,0.0,0.0,0.0,0.0,0.0,0.0,0.0
3,0,0.96836203,0.0,0.03163797,0.0,0.0,0.0,0.0,0.0,0.0,0.0,0.0,0.0
3,0,0.96836203,0.0,0.03163797,0.0,0.0,0.0,0.0,0.0,0.0,0.0,0.0,0.0
3,0,0.96836203,0.0,0.03163797,0.0,0.0,0.0,0.0,0.0,0.0,0.0,0.0,0.0
3,0,0.96836203,0.0,0.03163797,0.0,0.0,0.0,0.0,0.0,0.0,0.0,0.0,0.0
3,0,0.96836203,0.0,0.03163797,0.0,0.0,0.0,0.0,0.0,0.0,0.0,0.0,0.0
3,0,0.96836203,0.0,0.03163797,0.0,0.0,0.0,0.0,0.0,0.0,0.0,0.0,0.0
3,0,0.96836203,0.0,0.03163797,0.0,0.0,0.0,0.0,0.0,0.0,0.0,0.0,0.0
3,0,0.96836203,0.0,0.03163797,0.0,0.0,0.0,0.0,0.0,0.0,0.0,0.0,0.0
3,0,0.96836203,0.0,0.03163797,0.0,0.0,0.0,0.0,0.0,0.0,0.0,0.0,0.0
3,0,0.96836203,0.0,0.03163797,0.0,0.0,0.0,0.0,0.0,0.0,0.0,0.0,0.0
3,0,0.96836203,0.0,0.03163797,0.0,0.0,0.0,0.0,0.0,0.0,0.0,0.0,0.0
3,0,0.96836203,0.0,0.03163797,0.0,0.0,0.0,0.0,0.0,0.0,0.0,0.0,0.0
3,0,0.96836203,0.0,0.03163797,0.0,0.0,0.0,0.0,0.0,0.0,0.0,0.0,0.0
3,0,0.96836203,0.0,0.03163797,0.0,0.0,0.0,0.0,0.0,0.0,0.0,0.0,0.0
3,0,0.96836203,0.0,0.03163797,0.0,0.0,0.0,0.0,0.0,0.0,0.0,0.0,0.0
3,0,0.96836203,0.0,0.03163797,0.0,0.0,0.0,0.0,0.0,0.0,0.0,0.0,0.0
3,0,0.96836203,0.0,0.03163797,0.0,0.0,0.0,0.0,0.0,0.0,0.0,0.0,0.0
3,0,0.96836203,0.0,0.03163797,0.0,0.0,0.0,0.0,0.0,0.0,0.0,0.0,0.0
3,0,0.96836203,0.0,0.03163797,0.0,0.0,0.0,0.0,0.0,0.0,0.0,0.0,0.0
3,0,0.96836203,0.0,0.03163797,0.0,0.0,0.0,0.0,0.0,0.0,0.0,0.0,0.0
3,0,0.96836203,0.0,0.03163797,0.0,0.0,0.0,0.0,0.0,0.0,0.0,0.0,0.0
3,0,0.96836203,0.0,0.03163797,0.0,0.0,0.0,0.0,0.0,0.0,0.0,0.0,0.0
3,0,0.96836203,0.0,0.03163797,0.0,0.0,0.0,0.0,0.0,0.0,0.0,0.0,0.0
3,0,0.96836203,0.0,0.03163797,0.0,0.0,0.0,0.0,0.0,0.0,0.0,0.0,0.0
3,0,0.96836203,0.0,0.03163797,0.0,0.0,0.0,0.0,0.0,0.0,0.0,0.0,0.0
3,0,0.96836203,0.0,0.03163797,0.0,0.0,0.0,0.0,0.0,0.0,0.0,0.0,0.0
3,0,0.96836203,0.0,0.03163797,0.0,0.0,0.0,0.0,0.0,0.0,0.0,0.0,0.0
3,0,0.96836203,0.0,0.03163797,0.0,0.0,0.0,0.0,0.0,0.0,0.0,0.0,0.0
3,0,0.96836203,0.0,0.03163797,0.0,0.0,0.0,0.0,0.0,0.0,0.0,0.0,0.0
3,0,0.96836203,0.0,0.03163797,0.0,0.0,0.0,0.0,0.0,0.0,0.0,0.0,0.0
3,0,0.96836203,0.0,0.03163797,0.0,0.0,0.0,0.0,0.0,0.0,0.0,0.0,0.0
3,0,0.96836203,0.0,0.03163797,0.0,0.0,0.0,0.0,0.0,0.0,0.0,0.0,0.0
3,0,0.96836203,0.0,0.03163797,0.0,0.0,0.0,0.0,0.0,0.0,0.0,0.0,0.0
3,0,0.96836203,0.0,0.03163797,0.0,0.0,0.0,0.0,0.0,0.0,0.0,0.0,0.0
3,0,0.96836203,0.0,0.03163797,0.0,0.0,0.0,0.0,0.0,0.0,0.0,0.0,0.0
3,0,0.96836203,0.0,0.03163797,0.0,0.0,0.0,0.0,0.0,0.0,0.0,0.0,0.0
3,0,0.96836203,0.0,0.03163797,0.0,0.0,0.0,0.0,0.0,0.0,0.0,0.0,0.0
3,0,0.96836203,0.0,0.03163797,0.0,0.0,0.0,0.0,0.0,0.0,0.0,0.0,0.0
3,0,0.96836203,0.0,0.03163797,0.0,0.0,0.0,0.0,0.0,0.0,0.0,0.0,0.0
3,0,0.96836203,0.0,0.03163797,0.0,0.0,0.0,0.0,0.0,0.0,0.0,0.0,0.0
3,0,0.96836203,0.0,0.03163797,0.0,0.0,0.0,0.0,0.0,0.0,0.0,0.0,0.0
3,0,0.96836203,0.0,0.03163797,0.0,0.0,0.0,0.0,0.0,0.0,0.0,0.0,0.0
3,0,0.96836203,0.0,0.03163797,0.0,0.0,0.0,0.0,0.0,0.0,0.0,0.0,0.0
3,0,0.96836203,0.0,0.03163797,0.0,0.0,0.0,0.0,0.0,0.0,0.0,0.0,0.0
3,0,0.96836203,0.0,0.03163797,0.0,0.0,0.0,0.0,0.0,0.0,0.0,0.0,0.0
3,0,0.96836203,0.0,0.03163797,0.0,0.0,0.0,0.0,0.0,0.0,0.0,0.0,0.0
3,0,0.96836203,0.0,0.03163797,0.0,0.0,0.0,0.0,0.0,0.0,0.0,0.0,0.0
3,0,0.96836203,0.0,0.03163797,0.0,0.0,0.0,0.0,0.0,0.0,0.0,0.0,0.0
3,0,0.96836203,0.0,0.03163797,0.0,0.0,0.0,0.0,0.0,0.0,0.0,0.0,0.0
3,0,0.96836203,0.0,0.03163797,0.0,0.0,0.0,0.0,0.0,0.0,0.0,0.0,0.0
3,0,0.96836203,0.0,0.03163797,0.0,0.0,0.0,0.0,0.0,0.0,0.0,0.0,0.0
3,0,0.96836203,0.0,0.03163797,0.0,0.0,0.0,0.0,0.0,0.0,0.0,0.0,0.0
3,0,0.96836203,0.0,0.03163797,0.0,0.0,0.0,0.0,0.0,0.0,0.0,0.0,0.0
3,0,0.96836203,0.0,0.03163797,0.0,0.0,0.0,0.0,0.0,0.0,0.0,0.0,0.0
3,0,0.96836203,0.0,0.03163797,0.0,0.0,0.0,0.0,0.0,0.0,0.0,0.0,0.0
3,0,0.96836203,0.0,0.03163797,0.0,0.0,0.0,0.0,0.0,0.0,0.0,0.0,0.0
3,0,0.96836203,0.0,0.03163797,0.0,0.0,0.0,0.0,0.0,0.0,0.0,0.0,0.0
3,0,0.96836203,0.0,0.03163797,0.0,0.0,0.0,0.0,0.0,0.0,0.0,0.0,0.0
3,0,0.96836203,0.0,0.03163797,0.0,0.0,0.0,0.0,0.0,0.0,0.0,0.0,0.0
3,0,0.96836203,0.0,0.03163797,0.0,0.0,0.0,0.0,0.0,0.0,0.0,0.0,0.0
3,0,0.96836203,0.0,0.03163797,0.0,0.0,0.0,0.0,0.0,0.0,0.0,0.0,0.0
3,0,0.96836203,0.0,0.03163797,0.0,0.0,0.0,0.0,0.0,0.0,0.0,0.0,0.0
3,0,0.96836203,0.0,0.03163797,0.0,0.0,0.0,0.0,0.0,0.0,0.0,0.0,0.0
3,0,0.96836203,0.0,0.03163797,0.0,0.0,0.0,0.0,0.0,0.0,0.0,0.0,0.0
3,0,0.96836203,0.0,0.03163797,0.0,0.0,0.0,0.0,0.0,0.0,0.0,0.0,0.0
3,0,0.96836203,0.0,0.03163797,0.0,0.0,0.0,0.0,0.0,0.0,0.0,0.0,0.0
3,0,0.96836203,0.0,0.03163797,0.0,0.0,0.0,0.0,0.0,0.0,0.0,0.0,0.0
3,0,0.96836203,0.0,0.03163797,0.0,0.0,0.0,0.0,0.0,0.0,0.0,0.0,0.0
3,0,0.96836203,0.0,0.03163797,0.0,0.0,0.0,0.0,0.0,0.0,0.0,0.0,0.0
3,0,0.96836203,0.0,0.03163797,0.0,0.0,0.0,0.0,0.0,0.0,0.0,0.0,0.0
3,0,0.96836203,0.0,0.03163797,0.0,0.0,0.0,0.0,0.0,0.0,0.0,0.0,0.0
3,0,0.96836203,0.0,0.03163797,0.0,0.0,0.0,0.0,0.0,0.0,0.0,0.0,0.0
3,0,0.96836203,0.0,0.03163797,0.0,0.0,0.0,0.0,0.0,0.0,0.0,0.0,0.0
3,0,0.96836203,0.0,0.03163797,0.0,0.0,0.0,0.0,0.0,0.0,0.0,0.0,0.0
3,0,0.96836203,0.0,0.03163797,0.0,0.0,0.0,0.0,0.0,0.0,0.0,0.0,0.0
3,0,0.96836203,0.0,0.03163797,0.0,0.0,0.0,0.0,0.0,0.0,0.0,0.0,0.0
3,0,0.96836203,0.0,0.03163797,0.0,0.0,0.0,0.0,0.0,0.0,0.0,0.0,0.0
3,0,0.96836203,0.0,0.03163797,0.0,0.0,0.0,0.0,0.0,0.0,0.0,0.0,0.0
3,0,0.96836203,0.0,0.03163797,0.0,0.0,0.0,0.0,0.0,0.0,0.0,0.0,0.0
3,0,0.96836203,0.0,0.03163797,0.0,0.0,0.0,0.0,0.0,0.0,0.0,0.0,0.0
3,0,0.96836203,0.0,0.03163797,0.0,0.0,0.0,0.0,0.0,0.0,0.0,0.0,0.0
3,0,0.96836203,0.0,0.03163797,0.0,0.0,0.0,0.0,0.0,0.0,0.0,0.0,0.0
3,0,0.96836203,0.0,0.03163797,0.0,0.0,0.0,0.0,0.0,0.0,0.0,0.0,0.0
3,0,0.96836203,0.0,0.03163797,0.0,0.0,0.0,0.0,0.0,0.0,0.0,0.0,0.0
3,0,0.96836203,0.0,0.03163797,0.0,0.0,0.0,0.0,0.0,0.0,0.0,0.0,0.0
3,0,0.96836203,0.0,0.03163797,0.0,0.0,0.0,0.0,0.0,0.0,0.0,0.0,0.0
3,0,0.96836203,0.0,0.03163797,0.0,0.0,0.0,0.0,0.0,0.0,0.0,0.0,0.0
3,0,0.96836203,0.0,0.03163797,0.0,0.0,0.0,0.0,0.0,0.0,0.0,0.0,0.0
3,0,0.96836203,0.0,0.03163797,0.0,0.0,0.0,0.0,0.0,0.0,0.0,0.0,0.0
3,0,0.96836203,0.0,0.03163797,0.0,0.0,0.0,0.0,0.0,0.0,0.0,0.0,0.0
3,0,0.96836203,0.0,0.03163797,0.0,0.0,0.0,0.0,0.0,0.0,0.0,0.0,0.0
3,0,0.96836203,0.0,0.03163797,0.0,0.0,0.0,0.0,0.0,0.0,0.0,0.0,0.0
3,0,0.96836203,0.0,0.03163797,0.0,0.0,0.0,0.0,0.0,0.0,0.0,0.0,0.0
3,0,0.96836203,0.0,0.03163797,0.0,0.0,0.0,0.0,0.0,0.0,0.0,0.0,0.0
3,0,0.96836203,0.0,0.03163797,0.0,0.0,0.0,0.0,0.0,0.0,0.0,0.0,0.0
3,0,0.96836203,0.0,0.03163797,0.0,0.0,0.0,0.0,0.0,0.0,0.0,0.0,0.0
3,0,0.96836203,0.0,0.03163797,0.0,0.0,0.0,0.0,0.0,0.0,0.0,0.0,0.0
3,0,0.96836203,0.0,0.03163797,0.0,0.0,0.0,0.0,0.0,0.0,0.0,0.0,0.0
3,0,0.96836203,0.0,0.03163797,0.0,0.0,0.0,0.0,0.0,0.0,0.0,0.0,0.0
3,0,0.96836203,0.0,0.03163797,0.0,0.0,0.0,0.0,0.0,0.0,0.0,0.0,0.0
3,0,0.96836203,0.0,0.03163797,0.0,0.0,0.0,0.0,0.0,0.0,0.0,0.0,0.0
3,0,0.96836203,0.0,0.03163797,0.0,0.0,0.0,0.0,0.0,0.0,0.0,0.0,0.0
3,0,0.96836203,0.0,0.03163797,0.0,0.0,0.0,0.0,0.0,0.0,0.0,0.0,0.0
3,0,0.96836203,0.0,0.03163797,0.0,0.0,0.0,0.0,0.0,0.0,0.0,0.0,0.0
3,0,0.96836203,0.0,0.03163797,0.0,0.0,0.0,0.0,0.0,0.0,0.0,0.0,0.0
3,0,0.96836203,0.0,0.03163797,0.0,0.0,0.0,0.0,0.0,0.0,0.0,0.0,0.0
3,0,0.96836203,0.0,0.03163797,0.0,0.0,0.0,0.0,0.0,0.0,0.0,0.0,0.0
3,0,0.96836203,0.0,0.03163797,0.0,0.0,0.0,0.0,0.0,0.0,0.0,0.0,0.0
3,0,0.96836203,0.0,0.03163797,0.0,0.0,0.0,0.0,0.0,0.0,0.0,0.0,0.0
3,0,0.96836203,0.0,0.03163797,0.0,0.0,0.0,0.0,0.0,0.0,0.0,0.0,0.0
3,0,0.96836203,0.0,0.03163797,0.0,0.0,0.0,0.0,0.0,0.0,0.0,0.0,0.0
3,0,0.96836203,0.0,0.03163797,0.0,0.0,0.0,0.0,0.0,0.0,0.0,0.0,0.0
3,0,0.96836203,0.0,0.03163797,0.0,0.0,0.0,0.0,0.0,0.0,0.0,0.0,0.0
3,0,0.96836203,0.0,0.03163797,0.0,0.0,0.0,0.0,0.0,0.0,0.0,0.0,0.0
3,0,0.96836203,0.0,0.03163797,0.0,0.0,0.0,0.0,0.0,0.0,0.0,0.0,0.0
3,0,0.96836203,0.0,0.03163797,0.0,0.0,0.0,0.0,0.0,0.0,0.0,0.0,0.0
3,0,0.96836203,0.0,0.03163797,0.0,0.0,0.0,0.0,0.0,0.0,0.0,0.0,0.0
3,0,0.96836203,0.0,0.03163797,0.0,0.0,0.0,0.0,0.0,0.0,0.0,0.0,0.0
3,0,0.96836203,0.0,0.03163797,0.0,0.0,0.0,0.0,0.0,0.0,0.0,0.0,0.0
3,0,0.96836203,0.0,0.03163797,0.0,0.0,0.0,0.0,0.0,0.0,0.0,0.0,0.0
3,0,0.96836203,0.0,0.03163797,0.0,0.0,0.0,0.0,0.0,0.0,0.0,0.0,0.0
3,0,0.96836203,0.0,0.03163797,0.0,0.0,0.0,0.0,0.0,0.0,0.0,0.0,0.0
3,0,0.96836203,0.0,0.03163797,0.0,0.0,0.0,0.0,0.0,0.0,0.0,0.0,0.0
3,0,0.96836203,0.0,0.03163797,0.0,0.0,0.0,0.0,0.0,0.0,0.0,0.0,0.0
3,0,0.96836203,0.0,0.03163797,0.0,0.0,0.0,0.0,0.0,0.0,0.0,0.0,0.0
3,0,0.96836203,0.0,0.03163797,0.0,0.0,0.0,0.0,0.0,0.0,0.0,0.0,0.0
3,0,0.96836203,0.0,0.03163797,0.0,0.0,0.0,0.0,0.0,0.0,0.0,0.0,0.0
3,0,0.96836203,0.0,0.03163797,0.0,0.0,0.0,0.0,0.0,0.0,0.0,0.0,0.0
3,0,0.96836203,0.0,0.03163797,0.0,0.0,0.0,0.0,0.0,0.0,0.0,0.0,0.0
3,0,0.96836203,0.0,0.03163797,0.0,0.0,0.0,0.0,0.0,0.0,0.0,0.0,0.0
3,0,0.96836203,0.0,0.03163797,0.0,0.0,0.0,0.0,0.0,0.0,0.0,0.0,0.0
3,0,0.96836203,0.0,0.03163797,0.0,0.0,0.0,0.0,0.0,0.0,0.0,0.0,0.0
3,0,0.96836203,0.0,0.03163797,0.0,0.0,0.0,0.0,0.0,0.0,0.0,0.0,0.0
3,0,0.96836203,0.0,0.03163797,0.0,0.0,0.0,0.0,0.0,0.0,0.0,0.0,0.0
3,0,0.96836203,0.0,0.03163797,0.0,0.0,0.0,0.0,0.0,0.0,0.0,0.0,0.0
3,0,0.96836203,0.0,0.03163797,0.0,0.0,0.0,0.0,0.0,0.0,0.0,0.0,0.0
3,0,0.96836203,0.0,0.03163797,0.0,0.0,0.0,0.0,0.0,0.0,0.0,0.0,0.0
3,0,0.96836203,0.0,0.03163797,0.0,0.0,0.0,0.0,0.0,0.0,0.0,0.0,0.0
3,0,0.96836203,0.0,0.03163797,0.0,0.0,0.0,0.0,0.0,0.0,0.0,0.0,0.0
3,0,0.96836203,0.0,0.03163797,0.0,0.0,0.0,0.0,0.0,0.0,0.0,0.0,0.0
3,0,0.96836203,0.0,0.03163797,0.0,0.0,0.0,0.0,0.0,0.0,0.0,0.0,0.0
3,0,0.96836203,0.0,0.03163797,0.0,0.0,0.0,0.0,0.0,0.0,0.0,0.0,0.0
3,0,0.96836203,0.0,0.03163797,0.0,0.0,0.0,0.0,0.0,0.0,0.0,0.0,0.0
3,0,0.96836203,0.0,0.03163797,0.0,0.0,0.0,0.0,0.0,0.0,0.0,0.0,0.0
3,0,0.96836203,0.0,0.03163797,0.0,0.0,0.0,0.0,0.0,0.0,0.0,0.0,0.0
3,0,0.96836203,0.0,0.03163797,0.0,0.0,0.0,0.0,0.0,0.0,0.0,0.0,0.0
3,0,0.96836203,0.0,0.03163797,0.0,0.0,0.0,0.0,0.0,0.0,0.0,0.0,0.0
3,0,0.96836203,0.0,0.03163797,0.0,0.0,0.0,0.0,0.0,0.0,0.0,0.0,0.0
3,0,0.96836203,0.0,0.03163797,0.0,0.0,0.0,0.0,0.0,0.0,0.0,0.0,0.0
3,0,0.96836203,0.0,0.03163797,0.0,0.0,0.0,0.0,0.0,0.0,0.0,0.0,0.0
3,0,0.96836203,0.0,0.03163797,0.0,0.0,0.0,0.0,0.0,0.0,0.0,0.0,0.0
3,0,0.96836203,0.0,0.03163797,0.0,0.0,0.0,0.0,0.0,0.0,0.0,0.0,0.0
3,0,0.96836203,0.0,0.03163797,0.0,0.0,0.0,0.0,0.0,0.0,0.0,0.0,0.0
3,0,0.96836203,0.0,0.03163797,0.0,0.0,0.0,0.0,0.0,0.0,0.0,0.0,0.0
3,0,0.96836203,0.0,0.03163797,0.0,0.0,0.0,0.0,0.0,0.0,0.0,0.0,0.0
3,0,0.96836203,0.0,0.03163797,0.0,0.0,0.0,0.0,0.0,0.0,0.0,0.0,0.0
3,0,0.96836203,0.0,0.03163797,0.0,0.0,0.0,0.0,0.0,0.0,0.0,0.0,0.0
3,0,0.96836203,0.0,0.03163797,0.0,0.0,0.0,0.0,0.0,0.0,0.0,0.0,0.0
3,0,0.96836203,0.0,0.03163797,0.0,0.0,0.0,0.0,0.0,0.0,0.0,0.0,0.0
3,0,0.96836203,0.0,0.03163797,0.0,0.0,0.0,0.0,0.0,0.0,0.0,0.0,0.0
3,0,0.96836203,0.0,0.03163797,0.0,0.0,0.0,0.0,0.0,0.0,0.0,0.0,0.0
3,0,0.96836203,0.0,0.03163797,0.0,0.0,0.0,0.0,0.0,0.0,0.0,0.0,0.0
3,0,0.96836203,0.0,0.03163797,0.0,0.0,0.0,0.0,0.0,0.0,0.0,0.0,0.0
3,0,0.96836203,0.0,0.03163797,0.0,0.0,0.0,0.0,0.0,0.0,0.0,0.0,0.0
3,0,0.96836203,0.0,0.03163797,0.0,0.0,0.0,0.0,0.0,0.0,0.0,0.0,0.0
3,0,0.96836203,0.0,0.03163797,0.0,0.0,0.0,0.0,0.0,0.0,0.0,0.0,0.0
3,0,0.96836203,0.0,0.03163797,0.0,0.0,0.0,0.0,0.0,0.0,0.0,0.0,0.0
3,0,0.96836203,0.0,0.03163797,0.0,0.0,0.0,0.0,0.0,0.0,0.0,0.0,0.0
3,0,0.96836203,0.0,0.03163797,0.0,0.0,0.0,0.0,0.0,0.0,0.0,0.0,0.0
3,0,0.96836203,0.0,0.03163797,0.0,0.0,0.0,0.0,0.0,0.0,0.0,0.0,0.0
3,0,0.96836203,0.0,0.03163797,0.0,0.0,0.0,0.0,0.0,0.0,0.0,0.0,0.0
3,0,0.96836203,0.0,0.03163797,0.0,0.0,0.0,0.0,0.0,0.0,0.0,0.0,0.0
3,0,0.96836203,0.0,0.03163797,0.0,0.0,0.0,0.0,0.0,0.0,0.0,0.0,0.0
3,0,0.96836203,0.0,0.03163797,0.0,0.0,0.0,0.0,0.0,0.0,0.0,0.0,0.0
3,0,0.96836203,0.0,0.03163797,0.0,0.0,0.0,0.0,0.0,0.0,0.0,0.0,0.0
3,0,0.96836203,0.0,0.03163797,0.0,0.0,0.0,0.0,0.0,0.0,0.0,0.0,0.0
3,0,0.96836203,0.0,0.03163797,0.0,0.0,0.0,0.0,0.0,0.0,0.0,0.0,0.0
3,0,0.96836203,0.0,0.03163797,0.0,0.0,0.0,0.0,0.0,0.0,0.0,0.0,0.0
3,0,0.96836203,0.0,0.03163797,0.0,0.0,0.0,0.0,0.0,0.0,0.0,0.0,0.0
3,0,0.96836203,0.0,0.03163797,0.0,0.0,0.0,0.0,0.0,0.0,0.0,0.0,0.0
3,0,0.96836203,0.0,0.03163797,0.0,0.0,0.0,0.0,0.0,0.0,0.0,0.0,0.0
3,0,0.96836203,0.0,0.03163797,0.0,0.0,0.0,0.0,0.0,0.0,0.0,0.0,0.0
3,0,0.96836203,0.0,0.03163797,0.0,0.0,0.0,0.0,0.0,0.0,0.0,0.0,0.0
3,0,0.96836203,0.0,0.03163797,0.0,0.0,0.0,0.0,0.0,0.0,0.0,0.0,0.0
3,0,0.96836203,0.0,0.03163797,0.0,0.0,0.0,0.0,0.0,0.0,0.0,0.0,0.0
3,0,0.96836203,0.0,0.03163797,0.0,0.0,0.0,0.0,0.0,0.0,0.0,0.0,0.0
3,0,0.96836203,0.0,0.03163797,0.0,0.0,0.0,0.0,0.0,0.0,0.0,0.0,0.0
3,0,0.96836203,0.0,0.03163797,0.0,0.0,0.0,0.0,0.0,0.0,0.0,0.0,0.0
3,0,0.96836203,0.0,0.03163797,0.0,0.0,0.0,0.0,0.0,0.0,0.0,0.0,0.0
3,0,0.96836203,0.0,0.03163797,0.0,0.0,0.0,0.0,0.0,0.0,0.0,0.0,0.0
3,0,0.96836203,0.0,0.03163797,0.0,0.0,0.0,0.0,0.0,0.0,0.0,0.0,0.0
3,0,0.96836203,0.0,0.03163797,0.0,0.0,0.0,0.0,0.0,0.0,0.0,0.0,0.0
3,0,0.96836203,0.0,0.03163797,0.0,0.0,0.0,0.0,0.0,0.0,0.0,0.0,0.0
3,0,0.96836203,0.0,0.03163797,0.0,0.0,0.0,0.0,0.0,0.0,0.0,0.0,0.0
3,0,0.96836203,0.0,0.03163797,0.0,0.0,0.0,0.0,0.0,0.0,0.0,0.0,0.0
3,0,0.96836203,0.0,0.03163797,0.0,0.0,0.0,0.0,0.0,0.0,0.0,0.0,0.0
3,0,0.96836203,0.0,0.03163797,0.0,0.0,0.0,0.0,0.0,0.0,0.0,0.0,0.0
3,0,0.96836203,0.0,0.03163797,0.0,0.0,0.0,0.0,0.0,0.0,0.0,0.0,0.0
3,0,0.96836203,0.0,0.03163797,0.0,0.0,0.0,0.0,0.0,0.0,0.0,0.0,0.0
3,0,0.96836203,0.0,0.03163797,0.0,0.0,0.0,0.0,0.0,0.0,0.0,0.0,0.0
3,0,0.96836203,0.0,0.03163797,0.0,0.0,0.0,0.0,0.0,0.0,0.0,0.0,0.0
3,0,0.96836203,0.0,0.03163797,0.0,0.0,0.0,0.0,0.0,0.0,0.0,0.0,0.0
3,0,0.96836203,0.0,0.03163797,0.0,0.0,0.0,0.0,0.0,0.0,0.0,0.0,0.0
3,0,0.96836203,0.0,0.03163797,0.0,0.0,0.0,0.0,0.0,0.0,0.0,0.0,0.0
3,0,0.96836203,0.0,0.03163797,0.0,0.0,0.0,0.0,0.0,0.0,0.0,0.0,0.0
3,0,0.96836203,0.0,0.03163797,0.0,0.0,0.0,0.0,0.0,0.0,0.0,0.0,0.0
3,0,0.96836203,0.0,0.03163797,0.0,0.0,0.0,0.0,0.0,0.0,0.0,0.0,0.0
3,0,0.96836203,0.0,0.03163797,0.0,0.0,0.0,0.0,0.0,0.0,0.0,0.0,0.0
3,0,0.96836203,0.0,0.03163797,0.0,0.0,0.0,0.0,0.0,0.0,0.0,0.0,0.0
3,0,0.96836203,0.0,0.03163797,0.0,0.0,0.0,0.0,0.0,0.0,0.0,0.0,0.0
3,0,0.96836203,0.0,0.03163797,0.0,0.0,0.0,0.0,0.0,0.0,0.0,0.0,0.0
3,0,0.96836203,0.0,0.03163797,0.0,0.0,0.0,0.0,0.0,0.0,0.0,0.0,0.0
3,0,0.96836203,0.0,0.03163797,0.0,0.0,0.0,0.0,0.0,0.0,0.0,0.0,0.0
3,0,0.96836203,0.0,0.03163797,0.0,0.0,0.0,0.0,0.0,0.0,0.0,0.0,0.0
3,0,0.96836203,0.0,0.03163797,0.0,0.0,0.0,0.0,0.0,0.0,0.0,0.0,0.0
3,0,0.96836203,0.0,0.03163797,0.0,0.0,0.0,0.0,0.0,0.0,0.0,0.0,0.0
3,0,0.96836203,0.0,0.03163797,0.0,0.0,0.0,0.0,0.0,0.0,0.0,0.0,0.0
3,0,0.96836203,0.0,0.03163797,0.0,0.0,0.0,0.0,0.0,0.0,0.0,0.0,0.0
3,0,0.96836203,0.0,0.03163797,0.0,0.0,0.0,0.0,0.0,0.0,0.0,0.0,0.0
3,0,0.96836203,0.0,0.03163797,0.0,0.0,0.0,0.0,0.0,0.0,0.0,0.0,0.0
3,0,0.96836203,0.0,0.03163797,0.0,0.0,0.0,0.0,0.0,0.0,0.0,0.0,0.0
3,0,0.96836203,0.0,0.03163797,0.0,0.0,0.0,0.0,0.0,0.0,0.0,0.0,0.0
3,0,0.96836203,0.0,0.03163797,0.0,0.0,0.0,0.0,0.0,0.0,0.0,0.0,0.0
3,0,0.96836203,0.0,0.03163797,0.0,0.0,0.0,0.0,0.0,0.0,0.0,0.0,0.0
3,0,0.96836203,0.0,0.03163797,0.0,0.0,0.0,0.0,0.0,0.0,0.0,0.0,0.0
3,0,0.96836203,0.0,0.03163797,0.0,0.0,0.0,0.0,0.0,0.0,0.0,0.0,0.0
3,0,0.96836203,0.0,0.03163797,0.0,0.0,0.0,0.0,0.0,0.0,0.0,0.0,0.0
3,0,0.96836203,0.0,0.03163797,0.0,0.0,0.0,0.0,0.0,0.0,0.0,0.0,0.0
3,0,0.96836203,0.0,0.03163797,0.0,0.0,0.0,0.0,0.0,0.0,0.0,0.0,0.0
3,0,0.96836203,0.0,0.03163797,0.0,0.0,0.0,0.0,0.0,0.0,0.0,0.0,0.0
3,0,0.96836203,0.0,0.03163797,0.0,0.0,0.0,0.0,0.0,0.0,0.0,0.0,0.0
3,0,0.96836203,0.0,0.03163797,0.0,0.0,0.0,0.0,0.0,0.0,0.0,0.0,0.0
3,0,0.96836203,0.0,0.03163797,0.0,0.0,0.0,0.0,0.0,0.0,0.0,0.0,0.0
3,0,0.96836203,0.0,0.03163797,0.0,0.0,0.0,0.0,0.0,0.0,0.0,0.0,0.0
3,0,0.96836203,0.0,0.03163797,0.0,0.0,0.0,0.0,0.0,0.0,0.0,0.0,0.0
3,0,0.96836203,0.0,0.03163797,0.0,0.0,0.0,0.0,0.0,0.0,0.0,0.0,0.0
3,0,0.96836203,0.0,0.03163797,0.0,0.0,0.0,0.0,0.0,0.0,0.0,0.0,0.0
3,0,0.96836203,0.0,0.03163797,0.0,0.0,0.0,0.0,0.0,0.0,0.0,0.0,0.0
3,0,0.96836203,0.0,0.03163797,0.0,0.0,0.0,0.0,0.0,0.0,0.0,0.0,0.0
3,0,0.96836203,0.0,0.03163797,0.0,0.0,0.0,0.0,0.0,0.0,0.0,0.0,0.0
3,0,0.96836203,0.0,0.03163797,0.0,0.0,0.0,0.0,0.0,0.0,0.0,0.0,0.0
3,0,0.96836203,0.0,0.03163797,0.0,0.0,0.0,0.0,0.0,0.0,0.0,0.0,0.0
3,0,0.96836203,0.0,0.03163797,0.0,0.0,0.0,0.0,0.0,0.0,0.0,0.0,0.0
3,0,0.96836203,0.0,0.03163797,0.0,0.0,0.0,0.0,0.0,0.0,0.0,0.0,0.0
3,0,0.96836203,0.0,0.03163797,0.0,0.0,0.0,0.0,0.0,0.0,0.0,0.0,0.0
3,0,0.96836203,0.0,0.03163797,0.0,0.0,0.0,0.0,0.0,0.0,0.0,0.0,0.0
3,0,0.96836203,0.0,0.03163797,0.0,0.0,0.0,0.0,0.0,0.0,0.0,0.0,0.0
3,0,0.96836203,0.0,0.03163797,0.0,0.0,0.0,0.0,0.0,0.0,0.0,0.0,0.0
3,0,0.96836203,0.0,0.03163797,0.0,0.0,0.0,0.0,0.0,0.0,0.0,0.0,0.0
3,0,0.96836203,0.0,0.03163797,0.0,0.0,0.0,0.0,0.0,0.0,0.0,0.0,0.0
3,0,0.96836203,0.0,0.03163797,0.0,0.0,0.0,0.0,0.0,0.0,0.0,0.0,0.0
3,0,0.96836203,0.0,0.03163797,0.0,0.0,0.0,0.0,0.0,0.0,0.0,0.0,0.0
3,0,0.96836203,0.0,0.03163797,0.0,0.0,0.0,0.0,0.0,0.0,0.0,0.0,0.0
3,0,0.96836203,0.0,0.03163797,0.0,0.0,0.0,0.0,0.0,0.0,0.0,0.0,0.0
3,0,0.96836203,0.0,0.03163797,0.0,0.0,0.0,0.0,0.0,0.0,0.0,0.0,0.0
3,0,0.96836203,0.0,0.03163797,0.0,0.0,0.0,0.0,0.0,0.0,0.0,0.0,0.0
3,0,0.96836203,0.0,0.03163797,0.0,0.0,0.0,0.0,0.0,0.0,0.0,0.0,0.0
3,0,0.96836203,0.0,0.03163797,0.0,0.0,0.0,0.0,0.0,0.0,0.0,0.0,0.0
3,0,0.96836203,0.0,0.03163797,0.0,0.0,0.0,0.0,0.0,0.0,0.0,0.0,0.0
3,0,0.96836203,0.0,0.03163797,0.0,0.0,0.0,0.0,0.0,0.0,0.0,0.0,0.0
3,0,0.96836203,0.0,0.03163797,0.0,0.0,0.0,0.0,0.0,0.0,0.0,0.0,0.0
3,0,0.96836203,0.0,0.03163797,0.0,0.0,0.0,0.0,0.0,0.0,0.0,0.0,0.0
3,0,0.96836203,0.0,0.03163797,0.0,0.0,0.0,0.0,0.0,0.0,0.0,0.0,0.0
3,0,0.96836203,0.0,0.03163797,0.0,0.0,0.0,0.0,0.0,0.0,0.0,0.0,0.0
3,0,0.96836203,0.0,0.03163797,0.0,0.0,0.0,0.0,0.0,0.0,0.0,0.0,0.0
3,0,0.96836203,0.0,0.03163797,0.0,0.0,0.0,0.0,0.0,0.0,0.0,0.0,0.0
3,0,0.96836203,0.0,0.03163797,0.0,0.0,0.0,0.0,0.0,0.0,0.0,0.0,0.0
3,0,0.96836203,0.0,0.03163797,0.0,0.0,0.0,0.0,0.0,0.0,0.0,0.0,0.0
3,0,0.96836203,0.0,0.03163797,0.0,0.0,0.0,0.0,0.0,0.0,0.0,0.0,0.0
3,0,0.96836203,0.0,0.03163797,0.0,0.0,0.0,0.0,0.0,0.0,0.0,0.0,0.0
3,0,0.96836203,0.0,0.03163797,0.0,0.0,0.0,0.0,0.0,0.0,0.0,0.0,0.0
3,0,0.96836203,0.0,0.03163797,0.0,0.0,0.0,0.0,0.0,0.0,0.0,0.0,0.0
3,0,0.96836203,0.0,0.03163797,0.0,0.0,0.0,0.0,0.0,0.0,0.0,0.0,0.0
3,0,0.96836203,0.0,0.03163797,0.0,0.0,0.0,0.0,0.0,0.0,0.0,0.0,0.0
3,0,0.96836203,0.0,0.03163797,0.0,0.0,0.0,0.0,0.0,0.0,0.0,0.0,0.0
3,0,0.96836203,0.0,0.03163797,0.0,0.0,0.0,0.0,0.0,0.0,0.0,0.0,0.0
3,0,0.96836203,0.0,0.03163797,0.0,0.0,0.0,0.0,0.0,0.0,0.0,0.0,0.0
3,0,0.96836203,0.0,0.03163797,0.0,0.0,0.0,0.0,0.0,0.0,0.0,0.0,0.0
3,0,0.96836203,0.0,0.03163797,0.0,0.0,0.0,0.0,0.0,0.0,0.0,0.0,0.0
3,0,0.96836203,0.0,0.03163797,0.0,0.0,0.0,0.0,0.0,0.0,0.0,0.0,0.0
3,0,0.96836203,0.0,0.03163797,0.0,0.0,0.0,0.0,0.0,0.0,0.0,0.0,0.0
3,0,0.96836203,0.0,0.03163797,0.0,0.0,0.0,0.0,0.0,0.0,0.0,0.0,0.0
3,0,0.96836203,0.0,0.03163797,0.0,0.0,0.0,0.0,0.0,0.0,0.0,0.0,0.0
3,0,0.96836203,0.0,0.03163797,0.0,0.0,0.0,0.0,0.0,0.0,0.0,0.0,0.0
3,0,0.96836203,0.0,0.03163797,0.0,0.0,0.0,0.0,0.0,0.0,0.0,0.0,0.0
3,0,0.96836203,0.0,0.03163797,0.0,0.0,0.0,0.0,0.0,0.0,0.0,0.0,0.0
3,0,0.96836203,0.0,0.03163797,0.0,0.0,0.0,0.0,0.0,0.0,0.0,0.0,0.0
3,0,0.96836203,0.0,0.03163797,0.0,0.0,0.0,0.0,0.0,0.0,0.0,0.0,0.0
3,0,0.96836203,0.0,0.03163797,0.0,0.0,0.0,0.0,0.0,0.0,0.0,0.0,0.0
3,0,0.96836203,0.0,0.03163797,0.0,0.0,0.0,0.0,0.0,0.0,0.0,0.0,0.0
3,0,0.96836203,0.0,0.03163797,0.0,0.0,0.0,0.0,0.0,0.0,0.0,0.0,0.0
3,0,0.96836203,0.0,0.03163797,0.0,0.0,0.0,0.0,0.0,0.0,0.0,0.0,0.0
3,0,0.96836203,0.0,0.03163797,0.0,0.0,0.0,0.0,0.0,0.0,0.0,0.0,0.0
3,0,0.96836203,0.0,0.03163797,0.0,0.0,0.0,0.0,0.0,0.0,0.0,0.0,0.0
3,0,0.96836203,0.0,0.03163797,0.0,0.0,0.0,0.0,0.0,0.0,0.0,0.0,0.0
3,0,0.96836203,0.0,0.03163797,0.0,0.0,0.0,0.0,0.0,0.0,0.0,0.0,0.0
3,0,0.96836203,0.0,0.03163797,0.0,0.0,0.0,0.0,0.0,0.0,0.0,0.0,0.0
3,0,0.96836203,0.0,0.03163797,0.0,0.0,0.0,0.0,0.0,0.0,0.0,0.0,0.0
3,0,0.96836203,0.0,0.03163797,0.0,0.0,0.0,0.0,0.0,0.0,0.0,0.0,0.0
3,0,0.96836203,0.0,0.03163797,0.0,0.0,0.0,0.0,0.0,0.0,0.0,0.0,0.0
3,0,0.96836203,0.0,0.03163797,0.0,0.0,0.0,0.0,0.0,0.0,0.0,0.0,0.0
3,0,0.96836203,0.0,0.03163797,0.0,0.0,0.0,0.0,0.0,0.0,0.0,0.0,0.0
3,0,0.96836203,0.0,0.03163797,0.0,0.0,0.0,0.0,0.0,0.0,0.0,0.0,0.0
3,0,0.96836203,0.0,0.03163797,0.0,0.0,0.0,0.0,0.0,0.0,0.0,0.0,0.0
3,0,0.96836203,0.0,0.03163797,0.0,0.0,0.0,0.0,0.0,0.0,0.0,0.0,0.0
3,0,0.96836203,0.0,0.03163797,0.0,0.0,0.0,0.0,0.0,0.0,0.0,0.0,0.0
3,0,0.96836203,0.0,0.03163797,0.0,0.0,0.0,0.0,0.0,0.0,0.0,0.0,0.0
3,0,0.96836203,0.0,0.03163797,0.0,0.0,0.0,0.0,0.0,0.0,0.0,0.0,0.0
3,0,0.96836203,0.0,0.03163797,0.0,0.0,0.0,0.0,0.0,0.0,0.0,0.0,0.0
3,0,0.96836203,0.0,0.03163797,0.0,0.0,0.0,0.0,0.0,0.0,0.0,0.0,0.0
3,0,0.96836203,0.0,0.03163797,0.0,0.0,0.0,0.0,0.0,0.0,0.0,0.0,0.0
3,0,0.96836203,0.0,0.03163797,0.0,0.0,0.0,0.0,0.0,0.0,0.0,0.0,0.0
3,0,0.96836203,0.0,0.03163797,0.0,0.0,0.0,0.0,0.0,0.0,0.0,0.0,0.0
3,0,0.96836203,0.0,0.03163797,0.0,0.0,0.0,0.0,0.0,0.0,0.0,0.0,0.0
3,0,0.96836203,0.0,0.03163797,0.0,0.0,0.0,0.0,0.0,0.0,0.0,0.0,0.0
3,0,0.96836203,0.0,0.03163797,0.0,0.0,0.0,0.0,0.0,0.0,0.0,0.0,0.0
3,0,0.96836203,0.0,0.03163797,0.0,0.0,0.0,0.0,0.0,0.0,0.0,0.0,0.0
3,0,0.96836203,0.0,0.03163797,0.0,0.0,0.0,0.0,0.0,0.0,0.0,0.0,0.0
3,0,0.96836203,0.0,0.03163797,0.0,0.0,0.0,0.0,0.0,0.0,0.0,0.0,0.0
3,0,0.96836203,0.0,0.03163797,0.0,0.0,0.0,0.0,0.0,0.0,0.0,0.0,0.0
3,0,0.96836203,0.0,0.03163797,0.0,0.0,0.0,0.0,0.0,0.0,0.0,0.0,0.0
3,0,0.96836203,0.0,0.03163797,0.0,0.0,0.0,0.0,0.0,0.0,0.0,0.0,0.0
3,0,0.96836203,0.0,0.03163797,0.0,0.0,0.0,0.0,0.0,0.0,0.0,0.0,0.0
3,0,0.96836203,0.0,0.03163797,0.0,0.0,0.0,0.0,0.0,0.0,0.0,0.0,0.0
3,0,0.96836203,0.0,0.03163797,0.0,0.0,0.0,0.0,0.0,0.0,0.0,0.0,0.0
3,0,0.96836203,0.0,0.03163797,0.0,0.0,0.0,0.0,0.0,0.0,0.0,0.0,0.0
3,0,0.96836203,0.0,0.03163797,0.0,0.0,0.0,0.0,0.0,0.0,0.0,0.0,0.0
3,0,0.96836203,0.0,0.03163797,0.0,0.0,0.0,0.0,0.0,0.0,0.0,0.0,0.0
3,0,0.96836203,0.0,0.03163797,0.0,0.0,0.0,0.0,0.0,0.0,0.0,0.0,0.0
3,0,0.96836203,0.0,0.03163797,0.0,0.0,0.0,0.0,0.0,0.0,0.0,0.0,0.0
3,0,0.96836203,0.0,0.03163797,0.0,0.0,0.0,0.0,0.0,0.0,0.0,0.0,0.0
3,0,0.96836203,0.0,0.03163797,0.0,0.0,0.0,0.0,0.0,0.0,0.0,0.0,0.0
3,0,0.96836203,0.0,0.03163797,0.0,0.0,0.0,0.0,0.0,0.0,0.0,0.0,0.0
3,0,0.96836203,0.0,0.03163797,0.0,0.0,0.0,0.0,0.0,0.0,0.0,0.0,0.0
3,0,0.96836203,0.0,0.03163797,0.0,0.0,0.0,0.0,0.0,0.0,0.0,0.0,0.0
3,0,0.96836203,0.0,0.03163797,0.0,0.0,0.0,0.0,0.0,0.0,0.0,0.0,0.0
3,0,0.96836203,0.0,0.03163797,0.0,0.0,0.0,0.0,0.0,0.0,0.0,0.0,0.0
3,0,0.96836203,0.0,0.03163797,0.0,0.0,0.0,0.0,0.0,0.0,0.0,0.0,0.0
3,0,0.96836203,0.0,0.03163797,0.0,0.0,0.0,0.0,0.0,0.0,0.0,0.0,0.0
3,0,0.96836203,0.0,0.03163797,0.0,0.0,0.0,0.0,0.0,0.0,0.0,0.0,0.0
3,0,0.96836203,0.0,0.03163797,0.0,0.0,0.0,0.0,0.0,0.0,0.0,0.0,0.0
3,0,0.96836203,0.0,0.03163797,0.0,0.0,0.0,0.0,0.0,0.0,0.0,0.0,0.0
3,0,0.96836203,0.0,0.03163797,0.0,0.0,0.0,0.0,0.0,0.0,0.0,0.0,0.0
3,0,0.96836203,0.0,0.03163797,0.0,0.0,0.0,0.0,0.0,0.0,0.0,0.0,0.0
3,0,0.96836203,0.0,0.03163797,0.0,0.0,0.0,0.0,0.0,0.0,0.0,0.0,0.0
3,0,0.96836203,0.0,0.03163797,0.0,0.0,0.0,0.0,0.0,0.0,0.0,0.0,0.0
3,0,0.96836203,0.0,0.03163797,0.0,0.0,0.0,0.0,0.0,0.0,0.0,0.0,0.0
3,0,0.96836203,0.0,0.03163797,0.0,0.0,0.0,0.0,0.0,0.0,0.0,0.0,0.0
3,0,0.96836203,0.0,0.03163797,0.0,0.0,0.0,0.0,0.0,0.0,0.0,0.0,0.0
3,0,0.96836203,0.0,0.03163797,0.0,0.0,0.0,0.0,0.0,0.0,0.0,0.0,0.0
3,0,0.96836203,0.0,0.03163797,0.0,0.0,0.0,0.0,0.0,0.0,0.0,0.0,0.0
3,0,0.96836203,0.0,0.03163797,0.0,0.0,0.0,0.0,0.0,0.0,0.0,0.0,0.0
3,0,0.96836203,0.0,0.03163797,0.0,0.0,0.0,0.0,0.0,0.0,0.0,0.0,0.0
3,0,0.96836203,0.0,0.03163797,0.0,0.0,0.0,0.0,0.0,0.0,0.0,0.0,0.0
3,0,0.96836203,0.0,0.03163797,0.0,0.0,0.0,0.0,0.0,0.0,0.0,0.0,0.0
3,0,0.96836203,0.0,0.03163797,0.0,0.0,0.0,0.0,0.0,0.0,0.0,0.0,0.0
3,0,0.96836203,0.0,0.03163797,0.0,0.0,0.0,0.0,0.0,0.0,0.0,0.0,0.0
3,0,0.96836203,0.0,0.03163797,0.0,0.0,0.0,0.0,0.0,0.0,0.0,0.0,0.0
3,0,0.96836203,0.0,0.03163797,0.0,0.0,0.0,0.0,0.0,0.0,0.0,0.0,0.0
3,0,0.96836203,0.0,0.03163797,0.0,0.0,0.0,0.0,0.0,0.0,0.0,0.0,0.0
3,0,0.96836203,0.0,0.03163797,0.0,0.0,0.0,0.0,0.0,0.0,0.0,0.0,0.0
3,0,0.96836203,0.0,0.03163797,0.0,0.0,0.0,0.0,0.0,0.0,0.0,0.0,0.0
3,0,0.96836203,0.0,0.03163797,0.0,0.0,0.0,0.0,0.0,0.0,0.0,0.0,0.0
3,0,0.96836203,0.0,0.03163797,0.0,0.0,0.0,0.0,0.0,0.0,0.0,0.0,0.0
3,0,0.96836203,0.0,0.03163797,0.0,0.0,0.0,0.0,0.0,0.0,0.0,0.0,0.0
3,0,0.96836203,0.0,0.03163797,0.0,0.0,0.0,0.0,0.0,0.0,0.0,0.0,0.0
3,0,0.96836203,0.0,0.03163797,0.0,0.0,0.0,0.0,0.0,0.0,0.0,0.0,0.0
3,0,0.96836203,0.0,0.03163797,0.0,0.0,0.0,0.0,0.0,0.0,0.0,0.0,0.0
3,0,0.96836203,0.0,0.03163797,0.0,0.0,0.0,0.0,0.0,0.0,0.0,0.0,0.0
3,0,0.96836203,0.0,0.03163797,0.0,0.0,0.0,0.0,0.0,0.0,0.0,0.0,0.0
3,0,0.96836203,0.0,0.03163797,0.0,0.0,0.0,0.0,0.0,0.0,0.0,0.0,0.0
3,0,0.96836203,0.0,0.03163797,0.0,0.0,0.0,0.0,0.0,0.0,0.0,0.0,0.0
3,0,0.96836203,0.0,0.03163797,0.0,0.0,0.0,0.0,0.0,0.0,0.0,0.0,0.0
3,0,0.96836203,0.0,0.03163797,0.0,0.0,0.0,0.0,0.0,0.0,0.0,0.0,0.0
3,0,0.96836203,0.0,0.03163797,0.0,0.0,0.0,0.0,0.0,0.0,0.0,0.0,0.0
3,0,0.96836203,0.0,0.03163797,0.0,0.0,0.0,0.0,0.0,0.0,0.0,0.0,0.0
3,0,0.96836203,0.0,0.03163797,0.0,0.0,0.0,0.0,0.0,0.0,0.0,0.0,0.0
3,0,0.96836203,0.0,0.03163797,0.0,0.0,0.0,0.0,0.0,0.0,0.0,0.0,0.0
3,0,0.96836203,0.0,0.03163797,0.0,0.0,0.0,0.0,0.0,0.0,0.0,0.0,0.0
3,0,0.96836203,0.0,0.03163797,0.0,0.0,0.0,0.0,0.0,0.0,0.0,0.0,0.0
3,0,0.96836203,0.0,0.03163797,0.0,0.0,0.0,0.0,0.0,0.0,0.0,0.0,0.0
3,0,0.96836203,0.0,0.03163797,0.0,0.0,0.0,0.0,0.0,0.0,0.0,0.0,0.0
3,0,0.96836203,0.0,0.03163797,0.0,0.0,0.0,0.0,0.0,0.0,0.0,0.0,0.0
3,0,0.96836203,0.0,0.03163797,0.0,0.0,0.0,0.0,0.0,0.0,0.0,0.0,0.0
3,0,0.96836203,0.0,0.03163797,0.0,0.0,0.0,0.0,0.0,0.0,0.0,0.0,0.0
3,0,0.96836203,0.0,0.03163797,0.0,0.0,0.0,0.0,0.0,0.0,0.0,0.0,0.0
3,0,0.96836203,0.0,0.03163797,0.0,0.0,0.0,0.0,0.0,0.0,0.0,0.0,0.0
3,0,0.96836203,0.0,0.03163797,0.0,0.0,0.0,0.0,0.0,0.0,0.0,0.0,0.0
3,0,0.96836203,0.0,0.03163797,0.0,0.0,0.0,0.0,0.0,0.0,0.0,0.0,0.0
3,0,0.96836203,0.0,0.03163797,0.0,0.0,0.0,0.0,0.0,0.0,0.0,0.0,0.0
3,0,0.96836203,0.0,0.03163797,0.0,0.0,0.0,0.0,0.0,0.0,0.0,0.0,0.0
3,0,0.96836203,0.0,0.03163797,0.0,0.0,0.0,0.0,0.0,0.0,0.0,0.0,0.0
3,0,0.96836203,0.0,0.03163797,0.0,0.0,0.0,0.0,0.0,0.0,0.0,0.0,0.0
3,0,0.96836203,0.0,0.03163797,0.0,0.0,0.0,0.0,0.0,0.0,0.0,0.0,0.0
3,0,0.96836203,0.0,0.03163797,0.0,0.0,0.0,0.0,0.0,0.0,0.0,0.0,0.0
3,0,0.96836203,0.0,0.03163797,0.0,0.0,0.0,0.0,0.0,0.0,0.0,0.0,0.0
3,0,0.96836203,0.0,0.03163797,0.0,0.0,0.0,0.0,0.0,0.0,0.0,0.0,0.0
3,0,0.96836203,0.0,0.03163797,0.0,0.0,0.0,0.0,0.0,0.0,0.0,0.0,0.0
3,0,0.96836203,0.0,0.03163797,0.0,0.0,0.0,0.0,0.0,0.0,0.0,0.0,0.0
3,0,0.96836203,0.0,0.03163797,0.0,0.0,0.0,0.0,0.0,0.0,0.0,0.0,0.0
3,0,0.96836203,0.0,0.03163797,0.0,0.0,0.0,0.0,0.0,0.0,0.0,0.0,0.0
3,0,0.96836203,0.0,0.03163797,0.0,0.0,0.0,0.0,0.0,0.0,0.0,0.0,0.0
3,0,0.96836203,0.0,0.03163797,0.0,0.0,0.0,0.0,0.0,0.0,0.0,0.0,0.0
3,0,0.96836203,0.0,0.03163797,0.0,0.0,0.0,0.0,0.0,0.0,0.0,0.0,0.0
3,0,0.96836203,0.0,0.03163797,0.0,0.0,0.0,0.0,0.0,0.0,0.0,0.0,0.0
3,0,0.96836203,0.0,0.03163797,0.0,0.0,0.0,0.0,0.0,0.0,0.0,0.0,0.0
3,0,0.96836203,0.0,0.03163797,0.0,0.0,0.0,0.0,0.0,0.0,0.0,0.0,0.0
3,0,0.96836203,0.0,0.03163797,0.0,0.0,0.0,0.0,0.0,0.0,0.0,0.0,0.0
3,0,0.96836203,0.0,0.03163797,0.0,0.0,0.0,0.0,0.0,0.0,0.0,0.0,0.0
3,0,0.96836203,0.0,0.03163797,0.0,0.0,0.0,0.0,0.0,0.0,0.0,0.0,0.0
3,0,0.96836203,0.0,0.03163797,0.0,0.0,0.0,0.0,0.0,0.0,0.0,0.0,0.0
3,0,0.96836203,0.0,0.03163797,0.0,0.0,0.0,0.0,0.0,0.0,0.0,0.0,0.0
3,0,0.96836203,0.0,0.03163797,0.0,0.0,0.0,0.0,0.0,0.0,0.0,0.0,0.0
3,0,0.96836203,0.0,0.03163797,0.0,0.0,0.0,0.0,0.0,0.0,0.0,0.0,0.0
3,0,0.96836203,0.0,0.03163797,0.0,0.0,0.0,0.0,0.0,0.0,0.0,0.0,0.0
3,0,0.96836203,0.0,0.03163797,0.0,0.0,0.0,0.0,0.0,0.0,0.0,0.0,0.0
3,0,0.96836203,0.0,0.03163797,0.0,0.0,0.0,0.0,0.0,0.0,0.0,0.0,0.0
3,0,0.96836203,0.0,0.03163797,0.0,0.0,0.0,0.0,0.0,0.0,0.0,0.0,0.0
3,0,0.96836203,0.0,0.03163797,0.0,0.0,0.0,0.0,0.0,0.0,0.0,0.0,0.0
3,0,0.96836203,0.0,0.03163797,0.0,0.0,0.0,0.0,0.0,0.0,0.0,0.0,0.0
3,0,0.96836203,0.0,0.03163797,0.0,0.0,0.0,0.0,0.0,0.0,0.0,0.0,0.0
3,0,0.96836203,0.0,0.03163797,0.0,0.0,0.0,0.0,0.0,0.0,0.0,0.0,0.0
3,0,0.96836203,0.0,0.03163797,0.0,0.0,0.0,0.0,0.0,0.0,0.0,0.0,0.0
3,0,0.96836203,0.0,0.03163797,0.0,0.0,0.0,0.0,0.0,0.0,0.0,0.0,0.0
3,0,0.96836203,0.0,0.03163797,0.0,0.0,0.0,0.0,0.0,0.0,0.0,0.0,0.0
3,0,0.96836203,0.0,0.03163797,0.0,0.0,0.0,0.0,0.0,0.0,0.0,0.0,0.0
3,0,0.96836203,0.0,0.03163797,0.0,0.0,0.0,0.0,0.0,0.0,0.0,0.0,0.0
3,0,0.96836203,0.0,0.03163797,0.0,0.0,0.0,0.0,0.0,0.0,0.0,0.0,0.0
3,0,0.96836203,0.0,0.03163797,0.0,0.0,0.0,0.0,0.0,0.0,0.0,0.0,0.0
3,0,0.96836203,0.0,0.03163797,0.0,0.0,0.0,0.0,0.0,0.0,0.0,0.0,0.0
3,0,0.96836203,0.0,0.03163797,0.0,0.0,0.0,0.0,0.0,0.0,0.0,0.0,0.0
3,0,0.96836203,0.0,0.03163797,0.0,0.0,0.0,0.0,0.0,0.0,0.0,0.0,0.0
3,0,0.96836203,0.0,0.03163797,0.0,0.0,0.0,0.0,0.0,0.0,0.0,0.0,0.0
3,0,0.96836203,0.0,0.03163797,0.0,0.0,0.0,0.0,0.0,0.0,0.0,0.0,0.0
3,0,0.96836203,0.0,0.03163797,0.0,0.0,0.0,0.0,0.0,0.0,0.0,0.0,0.0
3,0,0.96836203,0.0,0.03163797,0.0,0.0,0.0,0.0,0.0,0.0,0.0,0.0,0.0
3,0,0.96836203,0.0,0.03163797,0.0,0.0,0.0,0.0,0.0,0.0,0.0,0.0,0.0
3,0,0.96836203,0.0,0.03163797,0.0,0.0,0.0,0.0,0.0,0.0,0.0,0.0,0.0
3,0,0.96836203,0.0,0.03163797,0.0,0.0,0.0,0.0,0.0,0.0,0.0,0.0,0.0
3,0,0.96836203,0.0,0.03163797,0.0,0.0,0.0,0.0,0.0,0.0,0.0,0.0,0.0
3,0,0.96836203,0.0,0.03163797,0.0,0.0,0.0,0.0,0.0,0.0,0.0,0.0,0.0
3,0,0.96836203,0.0,0.03163797,0.0,0.0,0.0,0.0,0.0,0.0,0.0,0.0,0.0
3,0,0.96836203,0.0,0.03163797,0.0,0.0,0.0,0.0,0.0,0.0,0.0,0.0,0.0
3,0,0.96836203,0.0,0.03163797,0.0,0.0,0.0,0.0,0.0,0.0,0.0,0.0,0.0
3,0,0.96836203,0.0,0.03163797,0.0,0.0,0.0,0.0,0.0,0.0,0.0,0.0,0.0
3,0,0.96836203,0.0,0.03163797,0.0,0.0,0.0,0.0,0.0,0.0,0.0,0.0,0.0
3,0,0.96836203,0.0,0.03163797,0.0,0.0,0.0,0.0,0.0,0.0,0.0,0.0,0.0
3,0,0.96836203,0.0,0.03163797,0.0,0.0,0.0,0.0,0.0,0.0,0.0,0.0,0.0
3,0,0.96836203,0.0,0.03163797,0.0,0.0,0.0,0.0,0.0,0.0,0.0,0.0,0.0
3,0,0.96836203,0.0,0.03163797,0.0,0.0,0.0,0.0,0.0,0.0,0.0,0.0,0.0
3,0,0.96836203,0.0,0.03163797,0.0,0.0,0.0,0.0,0.0,0.0,0.0,0.0,0.0
3,0,0.96836203,0.0,0.03163797,0.0,0.0,0.0,0.0,0.0,0.0,0.0,0.0,0.0
3,0,0.96836203,0.0,0.03163797,0.0,0.0,0.0,0.0,0.0,0.0,0.0,0.0,0.0
3,0,0.96836203,0.0,0.03163797,0.0,0.0,0.0,0.0,0.0,0.0,0.0,0.0,0.0
3,0,0.96836203,0.0,0.03163797,0.0,0.0,0.0,0.0,0.0,0.0,0.0,0.0,0.0
3,0,0.96836203,0.0,0.03163797,0.0,0.0,0.0,0.0,0.0,0.0,0.0,0.0,0.0
3,0,0.96836203,0.0,0.03163797,0.0,0.0,0.0,0.0,0.0,0.0,0.0,0.0,0.0
3,0,0.96836203,0.0,0.03163797,0.0,0.0,0.0,0.0,0.0,0.0,0.0,0.0,0.0
3,0,0.96836203,0.0,0.03163797,0.0,0.0,0.0,0.0,0.0,0.0,0.0,0.0,0.0
3,0,0.96836203,0.0,0.03163797,0.0,0.0,0.0,0.0,0.0,0.0,0.0,0.0,0.0
3,0,0.96836203,0.0,0.03163797,0.0,0.0,0.0,0.0,0.0,0.0,0.0,0.0,0.0
3,0,0.96836203,0.0,0.03163797,0.0,0.0,0.0,0.0,0.0,0.0,0.0,0.0,0.0
3,0,0.96836203,0.0,0.03163797,0.0,0.0,0.0,0.0,0.0,0.0,0.0,0.0,0.0
3,0,0.96836203,0.0,0.03163797,0.0,0.0,0.0,0.0,0.0,0.0,0.0,0.0,0.0
3,0,0.96836203,0.0,0.03163797,0.0,0.0,0.0,0.0,0.0,0.0,0.0,0.0,0.0
3,0,0.96836203,0.0,0.03163797,0.0,0.0,0.0,0.0,0.0,0.0,0.0,0.0,0.0
3,0,0.96836203,0.0,0.03163797,0.0,0.0,0.0,0.0,0.0,0.0,0.0,0.0,0.0
3,0,0.96836203,0.0,0.03163797,0.0,0.0,0.0,0.0,0.0,0.0,0.0,0.0,0.0
3,0,0.96836203,0.0,0.03163797,0.0,0.0,0.0,0.0,0.0,0.0,0.0,0.0,0.0
3,0,0.96836203,0.0,0.03163797,0.0,0.0,0.0,0.0,0.0,0.0,0.0,0.0,0.0
3,0,0.96836203,0.0,0.03163797,0.0,0.0,0.0,0.0,0.0,0.0,0.0,0.0,0.0
3,0,0.96836203,0.0,0.03163797,0.0,0.0,0.0,0.0,0.0,0.0,0.0,0.0,0.0
3,0,0.96836203,0.0,0.03163797,0.0,0.0,0.0,0.0,0.0,0.0,0.0,0.0,0.0
3,0,0.96836203,0.0,0.03163797,0.0,0.0,0.0,0.0,0.0,0.0,0.0,0.0,0.0
3,0,0.96836203,0.0,0.03163797,0.0,0.0,0.0,0.0,0.0,0.0,0.0,0.0,0.0
3,0,0.96836203,0.0,0.03163797,0.0,0.0,0.0,0.0,0.0,0.0,0.0,0.0,0.0
3,0,0.96836203,0.0,0.03163797,0.0,0.0,0.0,0.0,0.0,0.0,0.0,0.0,0.0
3,0,0.96836203,0.0,0.03163797,0.0,0.0,0.0,0.0,0.0,0.0,0.0,0.0,0.0
3,0,0.96836203,0.0,0.03163797,0.0,0.0,0.0,0.0,0.0,0.0,0.0,0.0,0.0
3,0,0.96836203,0.0,0.03163797,0.0,0.0,0.0,0.0,0.0,0.0,0.0,0.0,0.0
3,0,0.96836203,0.0,0.03163797,0.0,0.0,0.0,0.0,0.0,0.0,0.0,0.0,0.0
3,0,0.96836203,0.0,0.03163797,0.0,0.0,0.0,0.0,0.0,0.0,0.0,0.0,0.0
3,0,0.96836203,0.0,0.03163797,0.0,0.0,0.0,0.0,0.0,0.0,0.0,0.0,0.0
3,0,0.96836203,0.0,0.03163797,0.0,0.0,0.0,0.0,0.0,0.0,0.0,0.0,0.0
3,0,0.96836203,0.0,0.03163797,0.0,0.0,0.0,0.0,0.0,0.0,0.0,0.0,0.0
3,0,0.96836203,0.0,0.03163797,0.0,0.0,0.0,0.0,0.0,0.0,0.0,0.0,0.0
3,0,0.96836203,0.0,0.03163797,0.0,0.0,0.0,0.0,0.0,0.0,0.0,0.0,0.0
3,0,0.96836203,0.0,0.03163797,0.0,0.0,0.0,0.0,0.0,0.0,0.0,0.0,0.0
3,0,0.96836203,0.0,0.03163797,0.0,0.0,0.0,0.0,0.0,0.0,0.0,0.0,0.0
3,0,0.96836203,0.0,0.03163797,0.0,0.0,0.0,0.0,0.0,0.0,0.0,0.0,0.0
3,0,0.96836203,0.0,0.03163797,0.0,0.0,0.0,0.0,0.0,0.0,0.0,0.0,0.0
3,0,0.96836203,0.0,0.03163797,0.0,0.0,0.0,0.0,0.0,0.0,0.0,0.0,0.0
3,0,0.96836203,0.0,0.03163797,0.0,0.0,0.0,0.0,0.0,0.0,0.0,0.0,0.0
3,0,0.96836203,0.0,0.03163797,0.0,0.0,0.0,0.0,0.0,0.0,0.0,0.0,0.0
3,0,0.96836203,0.0,0.03163797,0.0,0.0,0.0,0.0,0.0,0.0,0.0,0.0,0.0
3,0,0.96836203,0.0,0.03163797,0.0,0.0,0.0,0.0,0.0,0.0,0.0,0.0,0.0
3,0,0.96836203,0.0,0.03163797,0.0,0.0,0.0,0.0,0.0,0.0,0.0,0.0,0.0
3,0,0.96836203,0.0,0.03163797,0.0,0.0,0.0,0.0,0.0,0.0,0.0,0.0,0.0
3,0,0.96836203,0.0,0.03163797,0.0,0.0,0.0,0.0,0.0,0.0,0.0,0.0,0.0
3,0,0.96836203,0.0,0.03163797,0.0,0.0,0.0,0.0,0.0,0.0,0.0,0.0,0.0
3,0,0.96836203,0.0,0.03163797,0.0,0.0,0.0,0.0,0.0,0.0,0.0,0.0,0.0
3,0,0.96836203,0.0,0.03163797,0.0,0.0,0.0,0.0,0.0,0.0,0.0,0.0,0.0
3,0,0.96836203,0.0,0.03163797,0.0,0.0,0.0,0.0,0.0,0.0,0.0,0.0,0.0
3,0,0.96836203,0.0,0.03163797,0.0,0.0,0.0,0.0,0.0,0.0,0.0,0.0,0.0
3,0,0.96836203,0.0,0.03163797,0.0,0.0,0.0,0.0,0.0,0.0,0.0,0.0,0.0
3,0,0.96836203,0.0,0.03163797,0.0,0.0,0.0,0.0,0.0,0.0,0.0,0.0,0.0
3,0,0.96836203,0.0,0.03163797,0.0,0.0,0.0,0.0,0.0,0.0,0.0,0.0,0.0
3,0,0.96836203,0.0,0.03163797,0.0,0.0,0.0,0.0,0.0,0.0,0.0,0.0,0.0
3,0,0.96836203,0.0,0.03163797,0.0,0.0,0.0,0.0,0.0,0.0,0.0,0.0,0.0
3,0,0.96836203,0.0,0.03163797,0.0,0.0,0.0,0.0,0.0,0.0,0.0,0.0,0.0
3,0,0.96836203,0.0,0.03163797,0.0,0.0,0.0,0.0,0.0,0.0,0.0,0.0,0.0
3,0,0.96836203,0.0,0.03163797,0.0,0.0,0.0,0.0,0.0,0.0,0.0,0.0,0.0
3,0,0.96836203,0.0,0.03163797,0.0,0.0,0.0,0.0,0.0,0.0,0.0,0.0,0.0
3,0,0.96836203,0.0,0.03163797,0.0,0.0,0.0,0.0,0.0,0.0,0.0,0.0,0.0
3,0,0.96836203,0.0,0.03163797,0.0,0.0,0.0,0.0,0.0,0.0,0.0,0.0,0.0
3,0,0.96836203,0.0,0.03163797,0.0,0.0,0.0,0.0,0.0,0.0,0.0,0.0,0.0
3,0,0.96836203,0.0,0.03163797,0.0,0.0,0.0,0.0,0.0,0.0,0.0,0.0,0.0
3,0,0.96836203,0.0,0.03163797,0.0,0.0,0.0,0.0,0.0,0.0,0.0,0.0,0.0
3,0,0.96836203,0.0,0.03163797,0.0,0.0,0.0,0.0,0.0,0.0,0.0,0.0,0.0
3,0,0.96836203,0.0,0.03163797,0.0,0.0,0.0,0.0,0.0,0.0,0.0,0.0,0.0
3,0,0.96836203,0.0,0.03163797,0.0,0.0,0.0,0.0,0.0,0.0,0.0,0.0,0.0
3,0,0.96836203,0.0,0.03163797,0.0,0.0,0.0,0.0,0.0,0.0,0.0,0.0,0.0
3,0,0.96836203,0.0,0.03163797,0.0,0.0,0.0,0.0,0.0,0.0,0.0,0.0,0.0
3,0,0.96836203,0.0,0.03163797,0.0,0.0,0.0,0.0,0.0,0.0,0.0,0.0,0.0
3,0,0.96836203,0.0,0.03163797,0.0,0.0,0.0,0.0,0.0,0.0,0.0,0.0,0.0
3,0,0.96836203,0.0,0.03163797,0.0,0.0,0.0,0.0,0.0,0.0,0.0,0.0,0.0
3,0,0.96836203,0.0,0.03163797,0.0,0.0,0.0,0.0,0.0,0.0,0.0,0.0,0.0
3,0,0.96836203,0.0,0.03163797,0.0,0.0,0.0,0.0,0.0,0.0,0.0,0.0,0.0
3,0,0.96836203,0.0,0.03163797,0.0,0.0,0.0,0.0,0.0,0.0,0.0,0.0,0.0
3,0,0.96836203,0.0,0.03163797,0.0,0.0,0.0,0.0,0.0,0.0,0.0,0.0,0.0
3,0,0.96836203,0.0,0.03163797,0.0,0.0,0.0,0.0,0.0,0.0,0.0,0.0,0.0
3,0,0.96836203,0.0,0.03163797,0.0,0.0,0.0,0.0,0.0,0.0,0.0,0.0,0.0
3,0,0.96836203,0.0,0.03163797,0.0,0.0,0.0,0.0,0.0,0.0,0.0,0.0,0.0
3,0,0.96836203,0.0,0.03163797,0.0,0.0,0.0,0.0,0.0,0.0,0.0,0.0,0.0
3,0,0.96836203,0.0,0.03163797,0.0,0.0,0.0,0.0,0.0,0.0,0.0,0.0,0.0
3,0,0.96836203,0.0,0.03163797,0.0,0.0,0.0,0.0,0.0,0.0,0.0,0.0,0.0
3,0,0.96836203,0.0,0.03163797,0.0,0.0,0.0,0.0,0.0,0.0,0.0,0.0,0.0
3,0,0.96836203,0.0,0.03163797,0.0,0.0,0.0,0.0,0.0,0.0,0.0,0.0,0.0
3,0,0.96836203,0.0,0.03163797,0.0,0.0,0.0,0.0,0.0,0.0,0.0,0.0,0.0
3,0,0.96836203,0.0,0.03163797,0.0,0.0,0.0,0.0,0.0,0.0,0.0,0.0,0.0
3,0,0.96836203,0.0,0.03163797,0.0,0.0,0.0,0.0,0.0,0.0,0.0,0.0,0.0
3,0,0.96836203,0.0,0.03163797,0.0,0.0,0.0,0.0,0.0,0.0,0.0,0.0,0.0
3,0,0.96836203,0.0,0.03163797,0.0,0.0,0.0,0.0,0.0,0.0,0.0,0.0,0.0
3,0,0.96836203,0.0,0.03163797,0.0,0.0,0.0,0.0,0.0,0.0,0.0,0.0,0.0
3,0,0.96836203,0.0,0.03163797,0.0,0.0,0.0,0.0,0.0,0.0,0.0,0.0,0.0
3,0,0.96836203,0.0,0.03163797,0.0,0.0,0.0,0.0,0.0,0.0,0.0,0.0,0.0
3,0,0.96836203,0.0,0.03163797,0.0,0.0,0.0,0.0,0.0,0.0,0.0,0.0,0.0
3,0,0.96836203,0.0,0.03163797,0.0,0.0,0.0,0.0,0.0,0.0,0.0,0.0,0.0
3,0,0.96836203,0.0,0.03163797,0.0,0.0,0.0,0.0,0.0,0.0,0.0,0.0,0.0
3,0,0.96836203,0.0,0.03163797,0.0,0.0,0.0,0.0,0.0,0.0,0.0,0.0,0.0
3,0,0.96836203,0.0,0.03163797,0.0,0.0,0.0,0.0,0.0,0.0,0.0,0.0,0.0
3,0,0.96836203,0.0,0.03163797,0.0,0.0,0.0,0.0,0.0,0.0,0.0,0.0,0.0
3,0,0.96836203,0.0,0.03163797,0.0,0.0,0.0,0.0,0.0,0.0,0.0,0.0,0.0
3,0,0.96836203,0.0,0.03163797,0.0,0.0,0.0,0.0,0.0,0.0,0.0,0.0,0.0
3,0,0.96836203,0.0,0.03163797,0.0,0.0,0.0,0.0,0.0,0.0,0.0,0.0,0.0
3,0,0.96836203,0.0,0.03163797,0.0,0.0,0.0,0.0,0.0,0.0,0.0,0.0,0.0
3,0,0.96836203,0.0,0.03163797,0.0,0.0,0.0,0.0,0.0,0.0,0.0,0.0,0.0
3,0,0.96836203,0.0,0.03163797,0.0,0.0,0.0,0.0,0.0,0.0,0.0,0.0,0.0
3,0,0.96836203,0.0,0.03163797,0.0,0.0,0.0,0.0,0.0,0.0,0.0,0.0,0.0
3,0,0.96836203,0.0,0.03163797,0.0,0.0,0.0,0.0,0.0,0.0,0.0,0.0,0.0
3,0,0.96836203,0.0,0.03163797,0.0,0.0,0.0,0.0,0.0,0.0,0.0,0.0,0.0
3,0,0.96836203,0.0,0.03163797,0.0,0.0,0.0,0.0,0.0,0.0,0.0,0.0,0.0
3,0,0.96836203,0.0,0.03163797,0.0,0.0,0.0,0.0,0.0,0.0,0.0,0.0,0.0
3,0,0.96836203,0.0,0.03163797,0.0,0.0,0.0,0.0,0.0,0.0,0.0,0.0,0.0
3,0,0.96836203,0.0,0.03163797,0.0,0.0,0.0,0.0,0.0,0.0,0.0,0.0,0.0
3,0,0.96836203,0.0,0.03163797,0.0,0.0,0.0,0.0,0.0,0.0,0.0,0.0,0.0
3,0,0.96836203,0.0,0.03163797,0.0,0.0,0.0,0.0,0.0,0.0,0.0,0.0,0.0
3,0,0.96836203,0.0,0.03163797,0.0,0.0,0.0,0.0,0.0,0.0,0.0,0.0,0.0
3,0,0.96836203,0.0,0.03163797,0.0,0.0,0.0,0.0,0.0,0.0,0.0,0.0,0.0
3,0,0.96836203,0.0,0.03163797,0.0,0.0,0.0,0.0,0.0,0.0,0.0,0.0,0.0
3,0,0.96836203,0.0,0.03163797,0.0,0.0,0.0,0.0,0.0,0.0,0.0,0.0,0.0
3,0,0.96836203,0.0,0.03163797,0.0,0.0,0.0,0.0,0.0,0.0,0.0,0.0,0.0
3,0,0.96836203,0.0,0.03163797,0.0,0.0,0.0,0.0,0.0,0.0,0.0,0.0,0.0
3,0,0.96836203,0.0,0.03163797,0.0,0.0,0.0,0.0,0.0,0.0,0.0,0.0,0.0
3,0,0.96836203,0.0,0.03163797,0.0,0.0,0.0,0.0,0.0,0.0,0.0,0.0,0.0
3,0,0.96836203,0.0,0.03163797,0.0,0.0,0.0,0.0,0.0,0.0,0.0,0.0,0.0
3,0,0.96836203,0.0,0.03163797,0.0,0.0,0.0,0.0,0.0,0.0,0.0,0.0,0.0
3,0,0.96836203,0.0,0.03163797,0.0,0.0,0.0,0.0,0.0,0.0,0.0,0.0,0.0
3,0,0.96836203,0.0,0.03163797,0.0,0.0,0.0,0.0,0.0,0.0,0.0,0.0,0.0
3,0,0.96836203,0.0,0.03163797,0.0,0.0,0.0,0.0,0.0,0.0,0.0,0.0,0.0
3,0,0.96836203,0.0,0.03163797,0.0,0.0,0.0,0.0,0.0,0.0,0.0,0.0,0.0
3,0,0.96836203,0.0,0.03163797,0.0,0.0,0.0,0.0,0.0,0.0,0.0,0.0,0.0
3,0,0.96836203,0.0,0.03163797,0.0,0.0,0.0,0.0,0.0,0.0,0.0,0.0,0.0
3,0,0.96836203,0.0,0.03163797,0.0,0.0,0.0,0.0,0.0,0.0,0.0,0.0,0.0
3,0,0.96836203,0.0,0.03163797,0.0,0.0,0.0,0.0,0.0,0.0,0.0,0.0,0.0
3,0,0.96836203,0.0,0.03163797,0.0,0.0,0.0,0.0,0.0,0.0,0.0,0.0,0.0
3,0,0.96836203,0.0,0.03163797,0.0,0.0,0.0,0.0,0.0,0.0,0.0,0.0,0.0
3,0,0.96836203,0.0,0.03163797,0.0,0.0,0.0,0.0,0.0,0.0,0.0,0.0,0.0
3,0,0.96836203,0.0,0.03163797,0.0,0.0,0.0,0.0,0.0,0.0,0.0,0.0,0.0
3,0,0.96836203,0.0,0.03163797,0.0,0.0,0.0,0.0,0.0,0.0,0.0,0.0,0.0
3,0,0.96836203,0.0,0.03163797,0.0,0.0,0.0,0.0,0.0,0.0,0.0,0.0,0.0
3,0,0.96836203,0.0,0.03163797,0.0,0.0,0.0,0.0,0.0,0.0,0.0,0.0,0.0
3,0,0.96836203,0.0,0.03163797,0.0,0.0,0.0,0.0,0.0,0.0,0.0,0.0,0.0
3,0,0.96836203,0.0,0.03163797,0.0,0.0,0.0,0.0,0.0,0.0,0.0,0.0,0.0
3,0,0.96836203,0.0,0.03163797,0.0,0.0,0.0,0.0,0.0,0.0,0.0,0.0,0.0
3,0,0.96836203,0.0,0.03163797,0.0,0.0,0.0,0.0,0.0,0.0,0.0,0.0,0.0
3,0,0.96836203,0.0,0.03163797,0.0,0.0,0.0,0.0,0.0,0.0,0.0,0.0,0.0
3,0,0.96836203,0.0,0.03163797,0.0,0.0,0.0,0.0,0.0,0.0,0.0,0.0,0.0
3,0,0.96836203,0.0,0.03163797,0.0,0.0,0.0,0.0,0.0,0.0,0.0,0.0,0.0
3,0,0.96836203,0.0,0.03163797,0.0,0.0,0.0,0.0,0.0,0.0,0.0,0.0,0.0
3,0,0.96836203,0.0,0.03163797,0.0,0.0,0.0,0.0,0.0,0.0,0.0,0.0,0.0
3,0,0.96836203,0.0,0.03163797,0.0,0.0,0.0,0.0,0.0,0.0,0.0,0.0,0.0
3,0,0.96836203,0.0,0.03163797,0.0,0.0,0.0,0.0,0.0,0.0,0.0,0.0,0.0
3,0,0.96836203,0.0,0.03163797,0.0,0.0,0.0,0.0,0.0,0.0,0.0,0.0,0.0
3,0,0.96836203,0.0,0.03163797,0.0,0.0,0.0,0.0,0.0,0.0,0.0,0.0,0.0
3,0,0.96836203,0.0,0.03163797,0.0,0.0,0.0,0.0,0.0,0.0,0.0,0.0,0.0
3,0,0.96836203,0.0,0.03163797,0.0,0.0,0.0,0.0,0.0,0.0,0.0,0.0,0.0
3,0,0.96836203,0.0,0.03163797,0.0,0.0,0.0,0.0,0.0,0.0,0.0,0.0,0.0
3,0,0.96836203,0.0,0.03163797,0.0,0.0,0.0,0.0,0.0,0.0,0.0,0.0,0.0
3,0,0.96836203,0.0,0.03163797,0.0,0.0,0.0,0.0,0.0,0.0,0.0,0.0,0.0
3,0,0.96836203,0.0,0.03163797,0.0,0.0,0.0,0.0,0.0,0.0,0.0,0.0,0.0
3,0,0.96836203,0.0,0.03163797,0.0,0.0,0.0,0.0,0.0,0.0,0.0,0.0,0.0
3,0,0.96836203,0.0,0.03163797,0.0,0.0,0.0,0.0,0.0,0.0,0.0,0.0,0.0
3,0,0.96836203,0.0,0.03163797,0.0,0.0,0.0,0.0,0.0,0.0,0.0,0.0,0.0
3,0,0.96836203,0.0,0.03163797,0.0,0.0,0.0,0.0,0.0,0.0,0.0,0.0,0.0
3,0,0.96836203,0.0,0.03163797,0.0,0.0,0.0,0.0,0.0,0.0,0.0,0.0,0.0
3,0,0.96836203,0.0,0.03163797,0.0,0.0,0.0,0.0,0.0,0.0,0.0,0.0,0.0
3,0,0.96836203,0.0,0.03163797,0.0,0.0,0.0,0.0,0.0,0.0,0.0,0.0,0.0
3,0,0.96836203,0.0,0.03163797,0.0,0.0,0.0,0.0,0.0,0.0,0.0,0.0,0.0
3,0,0.96836203,0.0,0.03163797,0.0,0.0,0.0,0.0,0.0,0.0,0.0,0.0,0.0
3,0,0.96836203,0.0,0.03163797,0.0,0.0,0.0,0.0,0.0,0.0,0.0,0.0,0.0
3,0,0.96836203,0.0,0.03163797,0.0,0.0,0.0,0.0,0.0,0.0,0.0,0.0,0.0
3,0,0.96836203,0.0,0.03163797,0.0,0.0,0.0,0.0,0.0,0.0,0.0,0.0,0.0
3,0,0.96836203,0.0,0.03163797,0.0,0.0,0.0,0.0,0.0,0.0,0.0,0.0,0.0
3,0,0.96836203,0.0,0.03163797,0.0,0.0,0.0,0.0,0.0,0.0,0.0,0.0,0.0
3,0,0.96836203,0.0,0.03163797,0.0,0.0,0.0,0.0,0.0,0.0,0.0,0.0,0.0
3,0,0.96836203,0.0,0.03163797,0.0,0.0,0.0,0.0,0.0,0.0,0.0,0.0,0.0
3,0,0.96836203,0.0,0.03163797,0.0,0.0,0.0,0.0,0.0,0.0,0.0,0.0,0.0
3,0,0.96836203,0.0,0.03163797,0.0,0.0,0.0,0.0,0.0,0.0,0.0,0.0,0.0
3,0,0.96836203,0.0,0.03163797,0.0,0.0,0.0,0.0,0.0,0.0,0.0,0.0,0.0
3,0,0.96836203,0.0,0.03163797,0.0,0.0,0.0,0.0,0.0,0.0,0.0,0.0,0.0
3,0,0.96836203,0.0,0.03163797,0.0,0.0,0.0,0.0,0.0,0.0,0.0,0.0,0.0
3,0,0.96836203,0.0,0.03163797,0.0,0.0,0.0,0.0,0.0,0.0,0.0,0.0,0.0
3,0,0.96836203,0.0,0.03163797,0.0,0.0,0.0,0.0,0.0,0.0,0.0,0.0,0.0
3,0,0.96836203,0.0,0.03163797,0.0,0.0,0.0,0.0,0.0,0.0,0.0,0.0,0.0
3,0,0.96836203,0.0,0.03163797,0.0,0.0,0.0,0.0,0.0,0.0,0.0,0.0,0.0
3,0,0.96836203,0.0,0.03163797,0.0,0.0,0.0,0.0,0.0,0.0,0.0,0.0,0.0
3,0,0.96836203,0.0,0.03163797,0.0,0.0,0.0,0.0,0.0,0.0,0.0,0.0,0.0
3,0,0.96836203,0.0,0.03163797,0.0,0.0,0.0,0.0,0.0,0.0,0.0,0.0,0.0
3,0,0.96836203,0.0,0.03163797,0.0,0.0,0.0,0.0,0.0,0.0,0.0,0.0,0.0
3,0,0.96836203,0.0,0.03163797,0.0,0.0,0.0,0.0,0.0,0.0,0.0,0.0,0.0
3,0,0.96836203,0.0,0.03163797,0.0,0.0,0.0,0.0,0.0,0.0,0.0,0.0,0.0
3,0,0.96836203,0.0,0.03163797,0.0,0.0,0.0,0.0,0.0,0.0,0.0,0.0,0.0
3,0,0.96836203,0.0,0.03163797,0.0,0.0,0.0,0.0,0.0,0.0,0.0,0.0,0.0
3,0,0.96836203,0.0,0.03163797,0.0,0.0,0.0,0.0,0.0,0.0,0.0,0.0,0.0
3,0,0.96836203,0.0,0.03163797,0.0,0.0,0.0,0.0,0.0,0.0,0.0,0.0,0.0
3,0,0.96836203,0.0,0.03163797,0.0,0.0,0.0,0.0,0.0,0.0,0.0,0.0,0.0
3,0,0.96836203,0.0,0.03163797,0.0,0.0,0.0,0.0,0.0,0.0,0.0,0.0,0.0
3,0,0.96836203,0.0,0.03163797,0.0,0.0,0.0,0.0,0.0,0.0,0.0,0.0,0.0
3,0,0.96836203,0.0,0.03163797,0.0,0.0,0.0,0.0,0.0,0.0,0.0,0.0,0.0
3,0,0.96836203,0.0,0.03163797,0.0,0.0,0.0,0.0,0.0,0.0,0.0,0.0,0.0
3,0,0.96836203,0.0,0.03163797,0.0,0.0,0.0,0.0,0.0,0.0,0.0,0.0,0.0
3,0,0.96836203,0.0,0.03163797,0.0,0.0,0.0,0.0,0.0,0.0,0.0,0.0,0.0
3,0,0.96836203,0.0,0.03163797,0.0,0.0,0.0,0.0,0.0,0.0,0.0,0.0,0.0
3,0,0.96836203,0.0,0.03163797,0.0,0.0,0.0,0.0,0.0,0.0,0.0,0.0,0.0
3,0,0.96836203,0.0,0.03163797,0.0,0.0,0.0,0.0,0.0,0.0,0.0,0.0,0.0
3,0,0.96836203,0.0,0.03163797,0.0,0.0,0.0,0.0,0.0,0.0,0.0,0.0,0.0
3,0,0.96836203,0.0,0.03163797,0.0,0.0,0.0,0.0,0.0,0.0,0.0,0.0,0.0
3,0,0.96836203,0.0,0.03163797,0.0,0.0,0.0,0.0,0.0,0.0,0.0,0.0,0.0
3,0,0.96836203,0.0,0.03163797,0.0,0.0,0.0,0.0,0.0,0.0,0.0,0.0,0.0
3,0,0.96836203,0.0,0.03163797,0.0,0.0,0.0,0.0,0.0,0.0,0.0,0.0,0.0
3,0,0.96836203,0.0,0.03163797,0.0,0.0,0.0,0.0,0.0,0.0,0.0,0.0,0.0
3,0,0.96836203,0.0,0.03163797,0.0,0.0,0.0,0.0,0.0,0.0,0.0,0.0,0.0
3,0,0.96836203,0.0,0.03163797,0.0,0.0,0.0,0.0,0.0,0.0,0.0,0.0,0.0
3,0,0.96836203,0.0,0.03163797,0.0,0.0,0.0,0.0,0.0,0.0,0.0,0.0,0.0
3,0,0.96836203,0.0,0.03163797,0.0,0.0,0.0,0.0,0.0,0.0,0.0,0.0,0.0
3,0,0.96836203,0.0,0.03163797,0.0,0.0,0.0,0.0,0.0,0.0,0.0,0.0,0.0
3,0,0.96836203,0.0,0.03163797,0.0,0.0,0.0,0.0,0.0,0.0,0.0,0.0,0.0
3,0,0.96836203,0.0,0.03163797,0.0,0.0,0.0,0.0,0.0,0.0,0.0,0.0,0.0
3,0,0.96836203,0.0,0.03163797,0.0,0.0,0.0,0.0,0.0,0.0,0.0,0.0,0.0
3,0,0.96836203,0.0,0.03163797,0.0,0.0,0.0,0.0,0.0,0.0,0.0,0.0,0.0
3,0,0.96836203,0.0,0.03163797,0.0,0.0,0.0,0.0,0.0,0.0,0.0,0.0,0.0
3,0,0.96836203,0.0,0.03163797,0.0,0.0,0.0,0.0,0.0,0.0,0.0,0.0,0.0
3,0,0.96836203,0.0,0.03163797,0.0,0.0,0.0,0.0,0.0,0.0,0.0,0.0,0.0
3,0,0.96836203,0.0,0.03163797,0.0,0.0,0.0,0.0,0.0,0.0,0.0,0.0,0.0
3,0,0.96836203,0.0,0.03163797,0.0,0.0,0.0,0.0,0.0,0.0,0.0,0.0,0.0
3,0,0.96836203,0.0,0.03163797,0.0,0.0,0.0,0.0,0.0,0.0,0.0,0.0,0.0
3,0,0.96836203,0.0,0.03163797,0.0,0.0,0.0,0.0,0.0,0.0,0.0,0.0,0.0
3,0,0.96836203,0.0,0.03163797,0.0,0.0,0.0,0.0,0.0,0.0,0.0,0.0,0.0
3,0,0.96836203,0.0,0.03163797,0.0,0.0,0.0,0.0,0.0,0.0,0.0,0.0,0.0
3,0,0.96836203,0.0,0.03163797,0.0,0.0,0.0,0.0,0.0,0.0,0.0,0.0,0.0
3,0,0.96836203,0.0,0.03163797,0.0,0.0,0.0,0.0,0.0,0.0,0.0,0.0,0.0
3,0,0.96836203,0.0,0.03163797,0.0,0.0,0.0,0.0,0.0,0.0,0.0,0.0,0.0
3,0,0.96836203,0.0,0.03163797,0.0,0.0,0.0,0.0,0.0,0.0,0.0,0.0,0.0
3,0,0.96836203,0.0,0.03163797,0.0,0.0,0.0,0.0,0.0,0.0,0.0,0.0,0.0
3,0,0.96836203,0.0,0.03163797,0.0,0.0,0.0,0.0,0.0,0.0,0.0,0.0,0.0
3,0,0.96836203,0.0,0.03163797,0.0,0.0,0.0,0.0,0.0,0.0,0.0,0.0,0.0
3,0,0.96836203,0.0,0.03163797,0.0,0.0,0.0,0.0,0.0,0.0,0.0,0.0,0.0
3,0,0.96836203,0.0,0.03163797,0.0,0.0,0.0,0.0,0.0,0.0,0.0,0.0,0.0
3,0,0.96836203,0.0,0.03163797,0.0,0.0,0.0,0.0,0.0,0.0,0.0,0.0,0.0
3,0,0.96836203,0.0,0.03163797,0.0,0.0,0.0,0.0,0.0,0.0,0.0,0.0,0.0
3,0,0.96836203,0.0,0.03163797,0.0,0.0,0.0,0.0,0.0,0.0,0.0,0.0,0.0
3,0,0.96836203,0.0,0.03163797,0.0,0.0,0.0,0.0,0.0,0.0,0.0,0.0,0.0
3,0,0.96836203,0.0,0.03163797,0.0,0.0,0.0,0.0,0.0,0.0,0.0,0.0,0.0
3,0,0.96836203,0.0,0.03163797,0.0,0.0,0.0,0.0,0.0,0.0,0.0,0.0,0.0
3,0,0.96836203,0.0,0.03163797,0.0,0.0,0.0,0.0,0.0,0.0,0.0,0.0,0.0
3,0,0.96836203,0.0,0.03163797,0.0,0.0,0.0,0.0,0.0,0.0,0.0,0.0,0.0
3,0,0.96836203,0.0,0.03163797,0.0,0.0,0.0,0.0,0.0,0.0,0.0,0.0,0.0
3,0,0.96836203,0.0,0.03163797,0.0,0.0,0.0,0.0,0.0,0.0,0.0,0.0,0.0
3,0,0.96836203,0.0,0.03163797,0.0,0.0,0.0,0.0,0.0,0.0,0.0,0.0,0.0
3,0,0.96836203,0.0,0.03163797,0.0,0.0,0.0,0.0,0.0,0.0,0.0,0.0,0.0
3,0,0.96836203,0.0,0.03163797,0.0,0.0,0.0,0.0,0.0,0.0,0.0,0.0,0.0
3,0,0.96836203,0.0,0.03163797,0.0,0.0,0.0,0.0,0.0,0.0,0.0,0.0,0.0
3,0,0.96836203,0.0,0.03163797,0.0,0.0,0.0,0.0,0.0,0.0,0.0,0.0,0.0
3,0,0.96836203,0.0,0.03163797,0.0,0.0,0.0,0.0,0.0,0.0,0.0,0.0,0.0
3,0,0.96836203,0.0,0.03163797,0.0,0.0,0.0,0.0,0.0,0.0,0.0,0.0,0.0
3,0,0.96836203,0.0,0.03163797,0.0,0.0,0.0,0.0,0.0,0.0,0.0,0.0,0.0
3,0,0.96836203,0.0,0.03163797,0.0,0.0,0.0,0.0,0.0,0.0,0.0,0.0,0.0
3,0,0.96836203,0.0,0.03163797,0.0,0.0,0.0,0.0,0.0,0.0,0.0,0.0,0.0
3,0,0.96836203,0.0,0.03163797,0.0,0.0,0.0,0.0,0.0,0.0,0.0,0.0,0.0
3,0,0.96836203,0.0,0.03163797,0.0,0.0,0.0,0.0,0.0,0.0,0.0,0.0,0.0
3,0,0.96836203,0.0,0.03163797,0.0,0.0,0.0,0.0,0.0,0.0,0.0,0.0,0.0
3,0,0.96836203,0.0,0.03163797,0.0,0.0,0.0,0.0,0.0,0.0,0.0,0.0,0.0
3,0,0.96836203,0.0,0.03163797,0.0,0.0,0.0,0.0,0.0,0.0,0.0,0.0,0.0
3,0,0.96836203,0.0,0.03163797,0.0,0.0,0.0,0.0,0.0,0.0,0.0,0.0,0.0
3,0,0.96836203,0.0,0.03163797,0.0,0.0,0.0,0.0,0.0,0.0,0.0,0.0,0.0
3,0,0.96836203,0.0,0.03163797,0.0,0.0,0.0,0.0,0.0,0.0,0.0,0.0,0.0
3,0,0.96836203,0.0,0.03163797,0.0,0.0,0.0,0.0,0.0,0.0,0.0,0.0,0.0
3,0,0.96836203,0.0,0.03163797,0.0,0.0,0.0,0.0,0.0,0.0,0.0,0.0,0.0
3,0,0.96836203,0.0,0.03163797,0.0,0.0,0.0,0.0,0.0,0.0,0.0,0.0,0.0
3,0,0.96836203,0.0,0.03163797,0.0,0.0,0.0,0.0,0.0,0.0,0.0,0.0,0.0
3,0,0.96836203,0.0,0.03163797,0.0,0.0,0.0,0.0,0.0,0.0,0.0,0.0,0.0
3,0,0.96836203,0.0,0.03163797,0.0,0.0,0.0,0.0,0.0,0.0,0.0,0.0,0.0
3,0,0.96836203,0.0,0.03163797,0.0,0.0,0.0,0.0,0.0,0.0,0.0,0.0,0.0
3,0,0.96836203,0.0,0.03163797,0.0,0.0,0.0,0.0,0.0,0.0,0.0,0.0,0.0
3,0,0.96836203,0.0,0.03163797,0.0,0.0,0.0,0.0,0.0,0.0,0.0,0.0,0.0
3,0,0.96836203,0.0,0.03163797,0.0,0.0,0.0,0.0,0.0,0.0,0.0,0.0,0.0
3,0,0.96836203,0.0,0.03163797,0.0,0.0,0.0,0.0,0.0,0.0,0.0,0.0,0.0
3,0,0.96836203,0.0,0.03163797,0.0,0.0,0.0,0.0,0.0,0.0,0.0,0.0,0.0
3,0,0.96836203,0.0,0.03163797,0.0,0.0,0.0,0.0,0.0,0.0,0.0,0.0,0.0
3,0,0.96836203,0.0,0.03163797,0.0,0.0,0.0,0.0,0.0,0.0,0.0,0.0,0.0
3,0,0.96836203,0.0,0.03163797,0.0,0.0,0.0,0.0,0.0,0.0,0.0,0.0,0.0
3,0,0.96836203,0.0,0.03163797,0.0,0.0,0.0,0.0,0.0,0.0,0.0,0.0,0.0
3,0,0.96836203,0.0,0.03163797,0.0,0.0,0.0,0.0,0.0,0.0,0.0,0.0,0.0
3,0,0.96836203,0.0,0.03163797,0.0,0.0,0.0,0.0,0.0,0.0,0.0,0.0,0.0
3,0,0.96836203,0.0,0.03163797,0.0,0.0,0.0,0.0,0.0,0.0,0.0,0.0,0.0
3,0,0.96836203,0.0,0.03163797,0.0,0.0,0.0,0.0,0.0,0.0,0.0,0.0,0.0
3,0,0.96836203,0.0,0.03163797,0.0,0.0,0.0,0.0,0.0,0.0,0.0,0.0,0.0
3,0,0.96836203,0.0,0.03163797,0.0,0.0,0.0,0.0,0.0,0.0,0.0,0.0,0.0
3,0,0.96836203,0.0,0.03163797,0.0,0.0,0.0,0.0,0.0,0.0,0.0,0.0,0.0
3,0,0.96836203,0.0,0.03163797,0.0,0.0,0.0,0.0,0.0,0.0,0.0,0.0,0.0
3,0,0.96836203,0.0,0.03163797,0.0,0.0,0.0,0.0,0.0,0.0,0.0,0.0,0.0
3,0,0.96836203,0.0,0.03163797,0.0,0.0,0.0,0.0,0.0,0.0,0.0,0.0,0.0
3,0,0.96836203,0.0,0.03163797,0.0,0.0,0.0,0.0,0.0,0.0,0.0,0.0,0.0
3,0,0.96836203,0.0,0.03163797,0.0,0.0,0.0,0.0,0.0,0.0,0.0,0.0,0.0
3,0,0.96836203,0.0,0.03163797,0.0,0.0,0.0,0.0,0.0,0.0,0.0,0.0,0.0
3,0,0.96836203,0.0,0.03163797,0.0,0.0,0.0,0.0,0.0,0.0,0.0,0.0,0.0
3,0,0.96836203,0.0,0.03163797,0.0,0.0,0.0,0.0,0.0,0.0,0.0,0.0,0.0
3,0,0.96836203,0.0,0.03163797,0.0,0.0,0.0,0.0,0.0,0.0,0.0,0.0,0.0
3,0,0.96836203,0.0,0.03163797,0.0,0.0,0.0,0.0,0.0,0.0,0.0,0.0,0.0
3,0,0.96836203,0.0,0.03163797,0.0,0.0,0.0,0.0,0.0,0.0,0.0,0.0,0.0
3,0,0.96836203,0.0,0.03163797,0.0,0.0,0.0,0.0,0.0,0.0,0.0,0.0,0.0
3,0,0.96836203,0.0,0.03163797,0.0,0.0,0.0,0.0,0.0,0.0,0.0,0.0,0.0
3,0,0.96836203,0.0,0.03163797,0.0,0.0,0.0,0.0,0.0,0.0,0.0,0.0,0.0
3,0,0.96836203,0.0,0.03163797,0.0,0.0,0.0,0.0,0.0,0.0,0.0,0.0,0.0
3,0,0.96836203,0.0,0.03163797,0.0,0.0,0.0,0.0,0.0,0.0,0.0,0.0,0.0
3,0,0.96836203,0.0,0.03163797,0.0,0.0,0.0,0.0,0.0,0.0,0.0,0.0,0.0
3,0,0.96836203,0.0,0.03163797,0.0,0.0,0.0,0.0,0.0,0.0,0.0,0.0,0.0
3,0,0.96836203,0.0,0.03163797,0.0,0.0,0.0,0.0,0.0,0.0,0.0,0.0,0.0
3,0,0.96836203,0.0,0.03163797,0.0,0.0,0.0,0.0,0.0,0.0,0.0,0.0,0.0
3,0,0.96836203,0.0,0.03163797,0.0,0.0,0.0,0.0,0.0,0.0,0.0,0.0,0.0
3,0,0.96836203,0.0,0.03163797,0.0,0.0,0.0,0.0,0.0,0.0,0.0,0.0,0.0
3,0,0.96836203,0.0,0.03163797,0.0,0.0,0.0,0.0,0.0,0.0,0.0,0.0,0.0
3,0,0.96836203,0.0,0.03163797,0.0,0.0,0.0,0.0,0.0,0.0,0.0,0.0,0.0
3,0,0.96836203,0.0,0.03163797,0.0,0.0,0.0,0.0,0.0,0.0,0.0,0.0,0.0
3,0,0.96836203,0.0,0.03163797,0.0,0.0,0.0,0.0,0.0,0.0,0.0,0.0,0.0
3,0,0.96836203,0.0,0.03163797,0.0,0.0,0.0,0.0,0.0,0.0,0.0,0.0,0.0
3,0,0.96836203,0.0,0.03163797,0.0,0.0,0.0,0.0,0.0,0.0,0.0,0.0,0.0
3,0,0.96836203,0.0,0.03163797,0.0,0.0,0.0,0.0,0.0,0.0,0.0,0.0,0.0
3,0,0.96836203,0.0,0.03163797,0.0,0.0,0.0,0.0,0.0,0.0,0.0,0.0,0.0
3,0,0.96836203,0.0,0.03163797,0.0,0.0,0.0,0.0,0.0,0.0,0.0,0.0,0.0
3,0,0.96836203,0.0,0.03163797,0.0,0.0,0.0,0.0,0.0,0.0,0.0,0.0,0.0
3,0,0.96836203,0.0,0.03163797,0.0,0.0,0.0,0.0,0.0,0.0,0.0,0.0,0.0
3,0,0.96836203,0.0,0.03163797,0.0,0.0,0.0,0.0,0.0,0.0,0.0,0.0,0.0
3,0,0.96836203,0.0,0.03163797,0.0,0.0,0.0,0.0,0.0,0.0,0.0,0.0,0.0
3,0,0.96836203,0.0,0.03163797,0.0,0.0,0.0,0.0,0.0,0.0,0.0,0.0,0.0
3,0,0.96836203,0.0,0.03163797,0.0,0.0,0.0,0.0,0.0,0.0,0.0,0.0,0.0
3,0,0.96836203,0.0,0.03163797,0.0,0.0,0.0,0.0,0.0,0.0,0.0,0.0,0.0
3,0,0.96836203,0.0,0.03163797,0.0,0.0,0.0,0.0,0.0,0.0,0.0,0.0,0.0
3,0,0.96836203,0.0,0.03163797,0.0,0.0,0.0,0.0,0.0,0.0,0.0,0.0,0.0
3,0,0.96836203,0.0,0.03163797,0.0,0.0,0.0,0.0,0.0,0.0,0.0,0.0,0.0
3,0,0.96836203,0.0,0.03163797,0.0,0.0,0.0,0.0,0.0,0.0,0.0,0.0,0.0
3,0,0.96836203,0.0,0.03163797,0.0,0.0,0.0,0.0,0.0,0.0,0.0,0.0,0.0
3,0,0.96836203,0.0,0.03163797,0.0,0.0,0.0,0.0,0.0,0.0,0.0,0.0,0.0
3,0,0.96836203,0.0,0.03163797,0.0,0.0,0.0,0.0,0.0,0.0,0.0,0.0,0.0
3,0,0.96836203,0.0,0.03163797,0.0,0.0,0.0,0.0,0.0,0.0,0.0,0.0,0.0
3,0,0.96836203,0.0,0.03163797,0.0,0.0,0.0,0.0,0.0,0.0,0.0,0.0,0.0
3,0,0.96836203,0.0,0.03163797,0.0,0.0,0.0,0.0,0.0,0.0,0.0,0.0,0.0
3,0,0.96836203,0.0,0.03163797,0.0,0.0,0.0,0.0,0.0,0.0,0.0,0.0,0.0
3,0,0.96836203,0.0,0.03163797,0.0,0.0,0.0,0.0,0.0,0.0,0.0,0.0,0.0
3,0,0.96836203,0.0,0.03163797,0.0,0.0,0.0,0.0,0.0,0.0,0.0,0.0,0.0
3,0,0.96836203,0.0,0.03163797,0.0,0.0,0.0,0.0,0.0,0.0,0.0,0.0,0.0
3,0,0.96836203,0.0,0.03163797,0.0,0.0,0.0,0.0,0.0,0.0,0.0,0.0,0.0
3,0,0.96836203,0.0,0.03163797,0.0,0.0,0.0,0.0,0.0,0.0,0.0,0.0,0.0
3,0,0.96836203,0.0,0.03163797,0.0,0.0,0.0,0.0,0.0,0.0,0.0,0.0,0.0
3,0,0.96836203,0.0,0.03163797,0.0,0.0,0.0,0.0,0.0,0.0,0.0,0.0,0.0
3,0,0.96836203,0.0,0.03163797,0.0,0.0,0.0,0.0,0.0,0.0,0.0,0.0,0.0
3,0,0.96836203,0.0,0.03163797,0.0,0.0,0.0,0.0,0.0,0.0,0.0,0.0,0.0
3,0,0.96836203,0.0,0.03163797,0.0,0.0,0.0,0.0,0.0,0.0,0.0,0.0,0.0
3,0,0.96836203,0.0,0.03163797,0.0,0.0,0.0,0.0,0.0,0.0,0.0,0.0,0.0
3,0,0.96836203,0.0,0.03163797,0.0,0.0,0.0,0.0,0.0,0.0,0.0,0.0,0.0
3,0,0.96836203,0.0,0.03163797,0.0,0.0,0.0,0.0,0.0,0.0,0.0,0.0,0.0
3,0,0.96836203,0.0,0.03163797,0.0,0.0,0.0,0.0,0.0,0.0,0.0,0.0,0.0
3,0,0.96836203,0.0,0.03163797,0.0,0.0,0.0,0.0,0.0,0.0,0.0,0.0,0.0
3,0,0.96836203,0.0,0.03163797,0.0,0.0,0.0,0.0,0.0,0.0,0.0,0.0,0.0
3,0,0.96836203,0.0,0.03163797,0.0,0.0,0.0,0.0,0.0,0.0,0.0,0.0,0.0
3,0,0.96836203,0.0,0.03163797,0.0,0.0,0.0,0.0,0.0,0.0,0.0,0.0,0.0
3,0,0.96836203,0.0,0.03163797,0.0,0.0,0.0,0.0,0.0,0.0,0.0,0.0,0.0
3,0,0.96836203,0.0,0.03163797,0.0,0.0,0.0,0.0,0.0,0.0,0.0,0.0,0.0
3,0,0.96836203,0.0,0.03163797,0.0,0.0,0.0,0.0,0.0,0.0,0.0,0.0,0.0
3,0,0.96836203,0.0,0.03163797,0.0,0.0,0.0,0.0,0.0,0.0,0.0,0.0,0.0
3,0,0.96836203,0.0,0.03163797,0.0,0.0,0.0,0.0,0.0,0.0,0.0,0.0,0.0
3,0,0.96836203,0.0,0.03163797,0.0,0.0,0.0,0.0,0.0,0.0,0.0,0.0,0.0
3,0,0.96836203,0.0,0.03163797,0.0,0.0,0.0,0.0,0.0,0.0,0.0,0.0,0.0
3,0,0.96836203,0.0,0.03163797,0.0,0.0,0.0,0.0,0.0,0.0,0.0,0.0,0.0
3,0,0.96836203,0.0,0.03163797,0.0,0.0,0.0,0.0,0.0,0.0,0.0,0.0,0.0
3,0,0.96836203,0.0,0.03163797,0.0,0.0,0.0,0.0,0.0,0.0,0.0,0.0,0.0
3,0,0.96836203,0.0,0.03163797,0.0,0.0,0.0,0.0,0.0,0.0,0.0,0.0,0.0
3,0,0.96836203,0.0,0.03163797,0.0,0.0,0.0,0.0,0.0,0.0,0.0,0.0,0.0
3,0,0.96836203,0.0,0.03163797,0.0,0.0,0.0,0.0,0.0,0.0,0.0,0.0,0.0
3,0,0.96836203,0.0,0.03163797,0.0,0.0,0.0,0.0,0.0,0.0,0.0,0.0,0.0
3,0,0.96836203,0.0,0.03163797,0.0,0.0,0.0,0.0,0.0,0.0,0.0,0.0,0.0
3,0,0.96836203,0.0,0.03163797,0.0,0.0,0.0,0.0,0.0,0.0,0.0,0.0,0.0
3,0,0.96836203,0.0,0.03163797,0.0,0.0,0.0,0.0,0.0,0.0,0.0,0.0,0.0
3,0,0.96836203,0.0,0.03163797,0.0,0.0,0.0,0.0,0.0,0.0,0.0,0.0,0.0
3,0,0.96836203,0.0,0.03163797,0.0,0.0,0.0,0.0,0.0,0.0,0.0,0.0,0.0
3,0,0.96836203,0.0,0.03163797,0.0,0.0,0.0,0.0,0.0,0.0,0.0,0.0,0.0
3,0,0.96836203,0.0,0.03163797,0.0,0.0,0.0,0.0,0.0,0.0,0.0,0.0,0.0
3,0,0.96836203,0.0,0.03163797,0.0,0.0,0.0,0.0,0.0,0.0,0.0,0.0,0.0
3,0,0.96836203,0.0,0.03163797,0.0,0.0,0.0,0.0,0.0,0.0,0.0,0.0,0.0
3,0,0.96836203,0.0,0.03163797,0.0,0.0,0.0,0.0,0.0,0.0,0.0,0.0,0.0
3,0,0.96836203,0.0,0.03163797,0.0,0.0,0.0,0.0,0.0,0.0,0.0,0.0,0.0
3,0,0.96836203,0.0,0.03163797,0.0,0.0,0.0,0.0,0.0,0.0,0.0,0.0,0.0
3,0,0.96836203,0.0,0.03163797,0.0,0.0,0.0,0.0,0.0,0.0,0.0,0.0,0.0
3,0,0.96836203,0.0,0.03163797,0.0,0.0,0.0,0.0,0.0,0.0,0.0,0.0,0.0
3,0,0.96836203,0.0,0.03163797,0.0,0.0,0.0,0.0,0.0,0.0,0.0,0.0,0.0
3,0,0.96836203,0.0,0.03163797,0.0,0.0,0.0,0.0,0.0,0.0,0.0,0.0,0.0
3,0,0.96836203,0.0,0.03163797,0.0,0.0,0.0,0.0,0.0,0.0,0.0,0.0,0.0
3,0,0.96836203,0.0,0.03163797,0.0,0.0,0.0,0.0,0.0,0.0,0.0,0.0,0.0
3,0,0.96836203,0.0,0.03163797,0.0,0.0,0.0,0.0,0.0,0.0,0.0,0.0,0.0
3,0,0.96836203,0.0,0.03163797,0.0,0.0,0.0,0.0,0.0,0.0,0.0,0.0,0.0
3,0,0.96836203,0.0,0.03163797,0.0,0.0,0.0,0.0,0.0,0.0,0.0,0.0,0.0
3,0,0.96836203,0.0,0.03163797,0.0,0.0,0.0,0.0,0.0,0.0,0.0,0.0,0.0
3,0,0.96836203,0.0,0.03163797,0.0,0.0,0.0,0.0,0.0,0.0,0.0,0.0,0.0
3,0,0.96836203,0.0,0.03163797,0.0,0.0,0.0,0.0,0.0,0.0,0.0,0.0,0.0
3,0,0.96836203,0.0,0.03163797,0.0,0.0,0.0,0.0,0.0,0.0,0.0,0.0,0.0
3,0,0.96836203,0.0,0.03163797,0.0,0.0,0.0,0.0,0.0,0.0,0.0,0.0,0.0
3,0,0.96836203,0.0,0.03163797,0.0,0.0,0.0,0.0,0.0,0.0,0.0,0.0,0.0
3,0,0.96836203,0.0,0.03163797,0.0,0.0,0.0,0.0,0.0,0.0,0.0,0.0,0.0
3,0,0.96836203,0.0,0.03163797,0.0,0.0,0.0,0.0,0.0,0.0,0.0,0.0,0.0
3,0,0.96836203,0.0,0.03163797,0.0,0.0,0.0,0.0,0.0,0.0,0.0,0.0,0.0
3,0,0.96836203,0.0,0.03163797,0.0,0.0,0.0,0.0,0.0,0.0,0.0,0.0,0.0
3,0,0.96836203,0.0,0.03163797,0.0,0.0,0.0,0.0,0.0,0.0,0.0,0.0,0.0
3,0,0.96836203,0.0,0.03163797,0.0,0.0,0.0,0.0,0.0,0.0,0.0,0.0,0.0
3,0,0.96836203,0.0,0.03163797,0.0,0.0,0.0,0.0,0.0,0.0,0.0,0.0,0.0
3,0,0.96836203,0.0,0.03163797,0.0,0.0,0.0,0.0,0.0,0.0,0.0,0.0,0.0
3,0,0.96836203,0.0,0.03163797,0.0,0.0,0.0,0.0,0.0,0.0,0.0,0.0,0.0
3,0,0.96836203,0.0,0.03163797,0.0,0.0,0.0,0.0,0.0,0.0,0.0,0.0,0.0
3,0,0.96836203,0.0,0.03163797,0.0,0.0,0.0,0.0,0.0,0.0,0.0,0.0,0.0
3,0,0.96836203,0.0,0.03163797,0.0,0.0,0.0,0.0,0.0,0.0,0.0,0.0,0.0
3,0,0.96836203,0.0,0.03163797,0.0,0.0,0.0,0.0,0.0,0.0,0.0,0.0,0.0
3,0,0.96836203,0.0,0.03163797,0.0,0.0,0.0,0.0,0.0,0.0,0.0,0.0,0.0
3,0,0.96836203,0.0,0.03163797,0.0,0.0,0.0,0.0,0.0,0.0,0.0,0.0,0.0
3,0,0.96836203,0.0,0.03163797,0.0,0.0,0.0,0.0,0.0,0.0,0.0,0.0,0.0
3,0,0.96836203,0.0,0.03163797,0.0,0.0,0.0,0.0,0.0,0.0,0.0,0.0,0.0
3,0,0.96836203,0.0,0.03163797,0.0,0.0,0.0,0.0,0.0,0.0,0.0,0.0,0.0
3,0,0.96836203,0.0,0.03163797,0.0,0.0,0.0,0.0,0.0,0.0,0.0,0.0,0.0
3,0,0.96836203,0.0,0.03163797,0.0,0.0,0.0,0.0,0.0,0.0,0.0,0.0,0.0
3,0,0.96836203,0.0,0.03163797,0.0,0.0,0.0,0.0,0.0,0.0,0.0,0.0,0.0
3,0,0.96836203,0.0,0.03163797,0.0,0.0,0.0,0.0,0.0,0.0,0.0,0.0,0.0
3,0,0.96836203,0.0,0.03163797,0.0,0.0,0.0,0.0,0.0,0.0,0.0,0.0,0.0
3,0,0.96836203,0.0,0.03163797,0.0,0.0,0.0,0.0,0.0,0.0,0.0,0.0,0.0
3,0,0.96836203,0.0,0.03163797,0.0,0.0,0.0,0.0,0.0,0.0,0.0,0.0,0.0
3,0,0.96836203,0.0,0.03163797,0.0,0.0,0.0,0.0,0.0,0.0,0.0,0.0,0.0
3,0,0.96836203,0.0,0.03163797,0.0,0.0,0.0,0.0,0.0,0.0,0.0,0.0,0.0
3,0,0.96836203,0.0,0.03163797,0.0,0.0,0.0,0.0,0.0,0.0,0.0,0.0,0.0
3,0,0.96836203,0.0,0.03163797,0.0,0.0,0.0,0.0,0.0,0.0,0.0,0.0,0.0
3,0,0.96836203,0.0,0.03163797,0.0,0.0,0.0,0.0,0.0,0.0,0.0,0.0,0.0
3,0,0.96836203,0.0,0.03163797,0.0,0.0,0.0,0.0,0.0,0.0,0.0,0.0,0.0
3,0,0.96836203,0.0,0.03163797,0.0,0.0,0.0,0.0,0.0,0.0,0.0,0.0,0.0
3,0,0.96836203,0.0,0.03163797,0.0,0.0,0.0,0.0,0.0,0.0,0.0,0.0,0.0
3,0,0.96836203,0.0,0.03163797,0.0,0.0,0.0,0.0,0.0,0.0,0.0,0.0,0.0
3,0,0.96836203,0.0,0.03163797,0.0,0.0,0.0,0.0,0.0,0.0,0.0,0.0,0.0
3,0,0.96836203,0.0,0.03163797,0.0,0.0,0.0,0.0,0.0,0.0,0.0,0.0,0.0
3,0,0.96836203,0.0,0.03163797,0.0,0.0,0.0,0.0,0.0,0.0,0.0,0.0,0.0
3,0,0.96836203,0.0,0.03163797,0.0,0.0,0.0,0.0,0.0,0.0,0.0,0.0,0.0
3,0,0.96836203,0.0,0.03163797,0.0,0.0,0.0,0.0,0.0,0.0,0.0,0.0,0.0
3,0,0.96836203,0.0,0.03163797,0.0,0.0,0.0,0.0,0.0,0.0,0.0,0.0,0.0
3,0,0.96836203,0.0,0.03163797,0.0,0.0,0.0,0.0,0.0,0.0,0.0,0.0,0.0
3,0,0.96836203,0.0,0.03163797,0.0,0.0,0.0,0.0,0.0,0.0,0.0,0.0,0.0
3,0,0.96836203,0.0,0.03163797,0.0,0.0,0.0,0.0,0.0,0.0,0.0,0.0,0.0
3,0,0.96836203,0.0,0.03163797,0.0,0.0,0.0,0.0,0.0,0.0,0.0,0.0,0.0
3,0,0.96836203,0.0,0.03163797,0.0,0.0,0.0,0.0,0.0,0.0,0.0,0.0,0.0
3,0,0.96836203,0.0,0.03163797,0.0,0.0,0.0,0.0,0.0,0.0,0.0,0.0,0.0
3,0,0.96836203,0.0,0.03163797,0.0,0.0,0.0,0.0,0.0,0.0,0.0,0.0,0.0
3,0,0.96836203,0.0,0.03163797,0.0,0.0,0.0,0.0,0.0,0.0,0.0,0.0,0.0
3,0,0.96836203,0.0,0.03163797,0.0,0.0,0.0,0.0,0.0,0.0,0.0,0.0,0.0
3,0,0.96836203,0.0,0.03163797,0.0,0.0,0.0,0.0,0.0,0.0,0.0,0.0,0.0
3,0,0.96836203,0.0,0.03163797,0.0,0.0,0.0,0.0,0.0,0.0,0.0,0.0,0.0
3,0,0.96836203,0.0,0.03163797,0.0,0.0,0.0,0.0,0.0,0.0,0.0,0.0,0.0
3,0,0.96836203,0.0,0.03163797,0.0,0.0,0.0,0.0,0.0,0.0,0.0,0.0,0.0
3,0,0.96836203,0.0,0.03163797,0.0,0.0,0.0,0.0,0.0,0.0,0.0,0.0,0.0
3,0,0.96836203,0.0,0.03163797,0.0,0.0,0.0,0.0,0.0,0.0,0.0,0.0,0.0
3,0,0.96836203,0.0,0.03163797,0.0,0.0,0.0,0.0,0.0,0.0,0.0,0.0,0.0
3,0,0.96836203,0.0,0.03163797,0.0,0.0,0.0,0.0,0.0,0.0,0.0,0.0,0.0
3,0,0.96836203,0.0,0.03163797,0.0,0.0,0.0,0.0,0.0,0.0,0.0,0.0,0.0
3,0,0.96836203,0.0,0.03163797,0.0,0.0,0.0,0.0,0.0,0.0,0.0,0.0,0.0
3,0,0.96836203,0.0,0.03163797,0.0,0.0,0.0,0.0,0.0,0.0,0.0,0.0,0.0
3,0,0.96836203,0.0,0.03163797,0.0,0.0,0.0,0.0,0.0,0.0,0.0,0.0,0.0
3,0,0.96836203,0.0,0.03163797,0.0,0.0,0.0,0.0,0.0,0.0,0.0,0.0,0.0
3,0,0.96836203,0.0,0.03163797,0.0,0.0,0.0,0.0,0.0,0.0,0.0,0.0,0.0
3,0,0.96836203,0.0,0.03163797,0.0,0.0,0.0,0.0,0.0,0.0,0.0,0.0,0.0
3,0,0.96836203,0.0,0.03163797,0.0,0.0,0.0,0.0,0.0,0.0,0.0,0.0,0.0
3,0,0.96836203,0.0,0.03163797,0.0,0.0,0.0,0.0,0.0,0.0,0.0,0.0,0.0
3,0,0.96836203,0.0,0.03163797,0.0,0.0,0.0,0.0,0.0,0.0,0.0,0.0,0.0
3,0,0.96836203,0.0,0.03163797,0.0,0.0,0.0,0.0,0.0,0.0,0.0,0.0,0.0
3,0,0.96836203,0.0,0.03163797,0.0,0.0,0.0,0.0,0.0,0.0,0.0,0.0,0.0
3,0,0.96836203,0.0,0.03163797,0.0,0.0,0.0,0.0,0.0,0.0,0.0,0.0,0.0
3,0,0.96836203,0.0,0.03163797,0.0,0.0,0.0,0.0,0.0,0.0,0.0,0.0,0.0
3,0,0.96836203,0.0,0.03163797,0.0,0.0,0.0,0.0,0.0,0.0,0.0,0.0,0.0
3,0,0.96836203,0.0,0.03163797,0.0,0.0,0.0,0.0,0.0,0.0,0.0,0.0,0.0
3,0,0.96836203,0.0,0.03163797,0.0,0.0,0.0,0.0,0.0,0.0,0.0,0.0,0.0
3,0,0.96836203,0.0,0.03163797,0.0,0.0,0.0,0.0,0.0,0.0,0.0,0.0,0.0
3,0,0.96836203,0.0,0.03163797,0.0,0.0,0.0,0.0,0.0,0.0,0.0,0.0,0.0
3,0,0.96836203,0.0,0.03163797,0.0,0.0,0.0,0.0,0.0,0.0,0.0,0.0,0.0
3,0,0.96836203,0.0,0.03163797,0.0,0.0,0.0,0.0,0.0,0.0,0.0,0.0,0.0
3,0,0.96836203,0.0,0.03163797,0.0,0.0,0.0,0.0,0.0,0.0,0.0,0.0,0.0
3,0,0.96836203,0.0,0.03163797,0.0,0.0,0.0,0.0,0.0,0.0,0.0,0.0,0.0
3,0,0.96836203,0.0,0.03163797,0.0,0.0,0.0,0.0,0.0,0.0,0.0,0.0,0.0
3,0,0.96836203,0.0,0.03163797,0.0,0.0,0.0,0.0,0.0,0.0,0.0,0.0,0.0
3,0,0.96836203,0.0,0.03163797,0.0,0.0,0.0,0.0,0.0,0.0,0.0,0.0,0.0
3,0,0.96836203,0.0,0.03163797,0.0,0.0,0.0,0.0,0.0,0.0,0.0,0.0,0.0
3,0,0.96836203,0.0,0.03163797,0.0,0.0,0.0,0.0,0.0,0.0,0.0,0.0,0.0
3,0,0.96836203,0.0,0.03163797,0.0,0.0,0.0,0.0,0.0,0.0,0.0,0.0,0.0
3,0,0.96836203,0.0,0.03163797,0.0,0.0,0.0,0.0,0.0,0.0,0.0,0.0,0.0
3,0,0.96836203,0.0,0.03163797,0.0,0.0,0.0,0.0,0.0,0.0,0.0,0.0,0.0
3,0,0.96836203,0.0,0.03163797,0.0,0.0,0.0,0.0,0.0,0.0,0.0,0.0,0.0
3,0,0.96836203,0.0,0.03163797,0.0,0.0,0.0,0.0,0.0,0.0,0.0,0.0,0.0
3,0,0.96836203,0.0,0.03163797,0.0,0.0,0.0,0.0,0.0,0.0,0.0,0.0,0.0
3,0,0.96836203,0.0,0.03163797,0.0,0.0,0.0,0.0,0.0,0.0,0.0,0.0,0.0
3,0,0.96836203,0.0,0.03163797,0.0,0.0,0.0,0.0,0.0,0.0,0.0,0.0,0.0
3,0,0.96836203,0.0,0.03163797,0.0,0.0,0.0,0.0,0.0,0.0,0.0,0.0,0.0
3,0,0.96836203,0.0,0.03163797,0.0,0.0,0.0,0.0,0.0,0.0,0.0,0.0,0.0
3,0,0.96836203,0.0,0.03163797,0.0,0.0,0.0,0.0,0.0,0.0,0.0,0.0,0.0
3,0,0.96836203,0.0,0.03163797,0.0,0.0,0.0,0.0,0.0,0.0,0.0,0.0,0.0
3,0,0.96836203,0.0,0.03163797,0.0,0.0,0.0,0.0,0.0,0.0,0.0,0.0,0.0
3,0,0.96836203,0.0,0.03163797,0.0,0.0,0.0,0.0,0.0,0.0,0.0,0.0,0.0
3,0,0.96836203,0.0,0.03163797,0.0,0.0,0.0,0.0,0.0,0.0,0.0,0.0,0.0
3,0,0.96836203,0.0,0.03163797,0.0,0.0,0.0,0.0,0.0,0.0,0.0,0.0,0.0
3,0,0.96836203,0.0,0.03163797,0.0,0.0,0.0,0.0,0.0,0.0,0.0,0.0,0.0
3,0,0.96836203,0.0,0.03163797,0.0,0.0,0.0,0.0,0.0,0.0,0.0,0.0,0.0
3,0,0.96836203,0.0,0.03163797,0.0,0.0,0.0,0.0,0.0,0.0,0.0,0.0,0.0
3,0,0.96836203,0.0,0.03163797,0.0,0.0,0.0,0.0,0.0,0.0,0.0,0.0,0.0
3,0,0.96836203,0.0,0.03163797,0.0,0.0,0.0,0.0,0.0,0.0,0.0,0.0,0.0
3,0,0.96836203,0.0,0.03163797,0.0,0.0,0.0,0.0,0.0,0.0,0.0,0.0,0.0
3,0,0.96836203,0.0,0.03163797,0.0,0.0,0.0,0.0,0.0,0.0,0.0,0.0,0.0
3,0,0.96836203,0.0,0.03163797,0.0,0.0,0.0,0.0,0.0,0.0,0.0,0.0,0.0
3,0,0.96836203,0.0,0.03163797,0.0,0.0,0.0,0.0,0.0,0.0,0.0,0.0,0.0
3,0,0.96836203,0.0,0.03163797,0.0,0.0,0.0,0.0,0.0,0.0,0.0,0.0,0.0
3,0,0.96836203,0.0,0.03163797,0.0,0.0,0.0,0.0,0.0,0.0,0.0,0.0,0.0
3,0,0.96836203,0.0,0.03163797,0.0,0.0,0.0,0.0,0.0,0.0,0.0,0.0,0.0
3,0,0.96836203,0.0,0.03163797,0.0,0.0,0.0,0.0,0.0,0.0,0.0,0.0,0.0
3,0,0.96836203,0.0,0.03163797,0.0,0.0,0.0,0.0,0.0,0.0,0.0,0.0,0.0
3,0,0.96836203,0.0,0.03163797,0.0,0.0,0.0,0.0,0.0,0.0,0.0,0.0,0.0
3,0,0.96836203,0.0,0.03163797,0.0,0.0,0.0,0.0,0.0,0.0,0.0,0.0,0.0
3,0,0.96836203,0.0,0.03163797,0.0,0.0,0.0,0.0,0.0,0.0,0.0,0.0,0.0
3,0,0.96836203,0.0,0.03163797,0.0,0.0,0.0,0.0,0.0,0.0,0.0,0.0,0.0
3,0,0.96836203,0.0,0.03163797,0.0,0.0,0.0,0.0,0.0,0.0,0.0,0.0,0.0
3,0,0.96836203,0.0,0.03163797,0.0,0.0,0.0,0.0,0.0,0.0,0.0,0.0,0.0
3,0,0.96836203,0.0,0.03163797,0.0,0.0,0.0,0.0,0.0,0.0,0.0,0.0,0.0
3,0,0.96836203,0.0,0.03163797,0.0,0.0,0.0,0.0,0.0,0.0,0.0,0.0,0.0
3,0,0.96836203,0.0,0.03163797,0.0,0.0,0.0,0.0,0.0,0.0,0.0,0.0,0.0
3,0,0.96836203,0.0,0.03163797,0.0,0.0,0.0,0.0,0.0,0.0,0.0,0.0,0.0
3,0,0.96836203,0.0,0.03163797,0.0,0.0,0.0,0.0,0.0,0.0,0.0,0.0,0.0
3,0,0.96836203,0.0,0.03163797,0.0,0.0,0.0,0.0,0.0,0.0,0.0,0.0,0.0
3,0,0.96836203,0.0,0.03163797,0.0,0.0,0.0,0.0,0.0,0.0,0.0,0.0,0.0
3,0,0.96836203,0.0,0.03163797,0.0,0.0,0.0,0.0,0.0,0.0,0.0,0.0,0.0
3,0,0.96836203,0.0,0.03163797,0.0,0.0,0.0,0.0,0.0,0.0,0.0,0.0,0.0
3,0,0.96836203,0.0,0.03163797,0.0,0.0,0.0,0.0,0.0,0.0,0.0,0.0,0.0
3,0,0.96836203,0.0,0.03163797,0.0,0.0,0.0,0.0,0.0,0.0,0.0,0.0,0.0
3,0,0.96836203,0.0,0.03163797,0.0,0.0,0.0,0.0,0.0,0.0,0.0,0.0,0.0
3,0,0.96836203,0.0,0.03163797,0.0,0.0,0.0,0.0,0.0,0.0,0.0,0.0,0.0
3,0,0.96836203,0.0,0.03163797,0.0,0.0,0.0,0.0,0.0,0.0,0.0,0.0,0.0
3,0,0.96836203,0.0,0.03163797,0.0,0.0,0.0,0.0,0.0,0.0,0.0,0.0,0.0
3,0,0.96836203,0.0,0.03163797,0.0,0.0,0.0,0.0,0.0,0.0,0.0,0.0,0.0
3,0,0.96836203,0.0,0.03163797,0.0,0.0,0.0,0.0,0.0,0.0,0.0,0.0,0.0
3,0,0.96836203,0.0,0.03163797,0.0,0.0,0.0,0.0,0.0,0.0,0.0,0.0,0.0
3,0,0.96836203,0.0,0.03163797,0.0,0.0,0.0,0.0,0.0,0.0,0.0,0.0,0.0
3,0,0.96836203,0.0,0.03163797,0.0,0.0,0.0,0.0,0.0,0.0,0.0,0.0,0.0
3,0,0.96836203,0.0,0.03163797,0.0,0.0,0.0,0.0,0.0,0.0,0.0,0.0,0.0
3,0,0.96836203,0.0,0.03163797,0.0,0.0,0.0,0.0,0.0,0.0,0.0,0.0,0.0
3,0,0.96836203,0.0,0.03163797,0.0,0.0,0.0,0.0,0.0,0.0,0.0,0.0,0.0
3,0,0.96836203,0.0,0.03163797,0.0,0.0,0.0,0.0,0.0,0.0,0.0,0.0,0.0
3,0,0.96836203,0.0,0.03163797,0.0,0.0,0.0,0.0,0.0,0.0,0.0,0.0,0.0
3,0,0.96836203,0.0,0.03163797,0.0,0.0,0.0,0.0,0.0,0.0,0.0,0.0,0.0
3,0,0.96836203,0.0,0.03163797,0.0,0.0,0.0,0.0,0.0,0.0,0.0,0.0,0.0
3,0,0.96836203,0.0,0.03163797,0.0,0.0,0.0,0.0,0.0,0.0,0.0,0.0,0.0
3,0,0.96836203,0.0,0.03163797,0.0,0.0,0.0,0.0,0.0,0.0,0.0,0.0,0.0
3,0,0.96836203,0.0,0.03163797,0.0,0.0,0.0,0.0,0.0,0.0,0.0,0.0,0.0
3,0,0.96836203,0.0,0.03163797,0.0,0.0,0.0,0.0,0.0,0.0,0.0,0.0,0.0
3,0,0.96836203,0.0,0.03163797,0.0,0.0,0.0,0.0,0.0,0.0,0.0,0.0,0.0
3,0,0.96836203,0.0,0.03163797,0.0,0.0,0.0,0.0,0.0,0.0,0.0,0.0,0.0
3,0,0.96836203,0.0,0.03163797,0.0,0.0,0.0,0.0,0.0,0.0,0.0,0.0,0.0
3,0,0.96836203,0.0,0.03163797,0.0,0.0,0.0,0.0,0.0,0.0,0.0,0.0,0.0
3,0,0.96836203,0.0,0.03163797,0.0,0.0,0.0,0.0,0.0,0.0,0.0,0.0,0.0
3,0,0.96836203,0.0,0.03163797,0.0,0.0,0.0,0.0,0.0,0.0,0.0,0.0,0.0
3,0,0.96836203,0.0,0.03163797,0.0,0.0,0.0,0.0,0.0,0.0,0.0,0.0,0.0
3,0,0.96836203,0.0,0.03163797,0.0,0.0,0.0,0.0,0.0,0.0,0.0,0.0,0.0
3,0,0.96836203,0.0,0.03163797,0.0,0.0,0.0,0.0,0.0,0.0,0.0,0.0,0.0
3,0,0.96836203,0.0,0.03163797,0.0,0.0,0.0,0.0,0.0,0.0,0.0,0.0,0.0
3,0,0.96836203,0.0,0.03163797,0.0,0.0,0.0,0.0,0.0,0.0,0.0,0.0,0.0
3,0,0.96836203,0.0,0.03163797,0.0,0.0,0.0,0.0,0.0,0.0,0.0,0.0,0.0
3,0,0.96836203,0.0,0.03163797,0.0,0.0,0.0,0.0,0.0,0.0,0.0,0.0,0.0
3,0,0.96836203,0.0,0.03163797,0.0,0.0,0.0,0.0,0.0,0.0,0.0,0.0,0.0
3,0,0.96836203,0.0,0.03163797,0.0,0.0,0.0,0.0,0.0,0.0,0.0,0.0,0.0
3,0,0.96836203,0.0,0.03163797,0.0,0.0,0.0,0.0,0.0,0.0,0.0,0.0,0.0
3,0,0.96836203,0.0,0.03163797,0.0,0.0,0.0,0.0,0.0,0.0,0.0,0.0,0.0
3,0,0.96836203,0.0,0.03163797,0.0,0.0,0.0,0.0,0.0,0.0,0.0,0.0,0.0
3,0,0.96836203,0.0,0.03163797,0.0,0.0,0.0,0.0,0.0,0.0,0.0,0.0,0.0
3,0,0.96836203,0.0,0.03163797,0.0,0.0,0.0,0.0,0.0,0.0,0.0,0.0,0.0
3,0,0.96836203,0.0,0.03163797,0.0,0.0,0.0,0.0,0.0,0.0,0.0,0.0,0.0
3,0,0.96836203,0.0,0.03163797,0.0,0.0,0.0,0.0,0.0,0.0,0.0,0.0,0.0
3,0,0.96836203,0.0,0.03163797,0.0,0.0,0.0,0.0,0.0,0.0,0.0,0.0,0.0
3,0,0.96836203,0.0,0.03163797,0.0,0.0,0.0,0.0,0.0,0.0,0.0,0.0,0.0
3,0,0.96836203,0.0,0.03163797,0.0,0.0,0.0,0.0,0.0,0.0,0.0,0.0,0.0
3,0,0.96836203,0.0,0.03163797,0.0,0.0,0.0,0.0,0.0,0.0,0.0,0.0,0.0
3,0,0.96836203,0.0,0.03163797,0.0,0.0,0.0,0.0,0.0,0.0,0.0,0.0,0.0
3,0,0.96836203,0.0,0.03163797,0.0,0.0,0.0,0.0,0.0,0.0,0.0,0.0,0.0
3,0,0.96836203,0.0,0.03163797,0.0,0.0,0.0,0.0,0.0,0.0,0.0,0.0,0.0
3,0,0.96836203,0.0,0.03163797,0.0,0.0,0.0,0.0,0.0,0.0,0.0,0.0,0.0
3,0,0.96836203,0.0,0.03163797,0.0,0.0,0.0,0.0,0.0,0.0,0.0,0.0,0.0
3,0,0.96836203,0.0,0.03163797,0.0,0.0,0.0,0.0,0.0,0.0,0.0,0.0,0.0
3,0,0.96836203,0.0,0.03163797,0.0,0.0,0.0,0.0,0.0,0.0,0.0,0.0,0.0
3,0,0.96836203,0.0,0.03163797,0.0,0.0,0.0,0.0,0.0,0.0,0.0,0.0,0.0
3,0,0.96836203,0.0,0.03163797,0.0,0.0,0.0,0.0,0.0,0.0,0.0,0.0,0.0
3,0,0.96836203,0.0,0.03163797,0.0,0.0,0.0,0.0,0.0,0.0,0.0,0.0,0.0
3,0,0.96836203,0.0,0.03163797,0.0,0.0,0.0,0.0,0.0,0.0,0.0,0.0,0.0
3,0,0.96836203,0.0,0.03163797,0.0,0.0,0.0,0.0,0.0,0.0,0.0,0.0,0.0
3,0,0.96836203,0.0,0.03163797,0.0,0.0,0.0,0.0,0.0,0.0,0.0,0.0,0.0
3,0,0.96836203,0.0,0.03163797,0.0,0.0,0.0,0.0,0.0,0.0,0.0,0.0,0.0
3,0,0.96836203,0.0,0.03163797,0.0,0.0,0.0,0.0,0.0,0.0,0.0,0.0,0.0
3,0,0.96836203,0.0,0.03163797,0.0,0.0,0.0,0.0,0.0,0.0,0.0,0.0,0.0
3,0,0.96836203,0.0,0.03163797,0.0,0.0,0.0,0.0,0.0,0.0,0.0,0.0,0.0
3,0,0.96836203,0.0,0.03163797,0.0,0.0,0.0,0.0,0.0,0.0,0.0,0.0,0.0
3,0,0.96836203,0.0,0.03163797,0.0,0.0,0.0,0.0,0.0,0.0,0.0,0.0,0.0
3,0,0.96836203,0.0,0.03163797,0.0,0.0,0.0,0.0,0.0,0.0,0.0,0.0,0.0
3,0,0.96836203,0.0,0.03163797,0.0,0.0,0.0,0.0,0.0,0.0,0.0,0.0,0.0
3,0,0.96836203,0.0,0.03163797,0.0,0.0,0.0,0.0,0.0,0.0,0.0,0.0,0.0
3,0,0.96836203,0.0,0.03163797,0.0,0.0,0.0,0.0,0.0,0.0,0.0,0.0,0.0
3,0,0.96836203,0.0,0.03163797,0.0,0.0,0.0,0.0,0.0,0.0,0.0,0.0,0.0
3,0,0.96836203,0.0,0.03163797,0.0,0.0,0.0,0.0,0.0,0.0,0.0,0.0,0.0
3,0,0.96836203,0.0,0.03163797,0.0,0.0,0.0,0.0,0.0,0.0,0.0,0.0,0.0
3,0,0.96836203,0.0,0.03163797,0.0,0.0,0.0,0.0,0.0,0.0,0.0,0.0,0.0
3,0,0.96836203,0.0,0.03163797,0.0,0.0,0.0,0.0,0.0,0.0,0.0,0.0,0.0
3,0,0.96836203,0.0,0.03163797,0.0,0.0,0.0,0.0,0.0,0.0,0.0,0.0,0.0
3,0,0.96836203,0.0,0.03163797,0.0,0.0,0.0,0.0,0.0,0.0,0.0,0.0,0.0
3,0,0.96836203,0.0,0.03163797,0.0,0.0,0.0,0.0,0.0,0.0,0.0,0.0,0.0
3,0,0.96836203,0.0,0.03163797,0.0,0.0,0.0,0.0,0.0,0.0,0.0,0.0,0.0
3,0,0.96836203,0.0,0.03163797,0.0,0.0,0.0,0.0,0.0,0.0,0.0,0.0,0.0
3,0,0.96836203,0.0,0.03163797,0.0,0.0,0.0,0.0,0.0,0.0,0.0,0.0,0.0
3,0,0.96836203,0.0,0.03163797,0.0,0.0,0.0,0.0,0.0,0.0,0.0,0.0,0.0
3,0,0.96836203,0.0,0.03163797,0.0,0.0,0.0,0.0,0.0,0.0,0.0,0.0,0.0
3,0,0.96836203,0.0,0.03163797,0.0,0.0,0.0,0.0,0.0,0.0,0.0,0.0,0.0
3,0,0.96836203,0.0,0.03163797,0.0,0.0,0.0,0.0,0.0,0.0,0.0,0.0,0.0
3,0,0.96836203,0.0,0.03163797,0.0,0.0,0.0,0.0,0.0,0.0,0.0,0.0,0.0
3,0,0.96836203,0.0,0.03163797,0.0,0.0,0.0,0.0,0.0,0.0,0.0,0.0,0.0
3,0,0.96836203,0.0,0.03163797,0.0,0.0,0.0,0.0,0.0,0.0,0.0,0.0,0.0
3,0,0.96836203,0.0,0.03163797,0.0,0.0,0.0,0.0,0.0,0.0,0.0,0.0,0.0
3,0,0.96836203,0.0,0.03163797,0.0,0.0,0.0,0.0,0.0,0.0,0.0,0.0,0.0
3,0,0.96836203,0.0,0.03163797,0.0,0.0,0.0,0.0,0.0,0.0,0.0,0.0,0.0
3,0,0.96836203,0.0,0.03163797,0.0,0.0,0.0,0.0,0.0,0.0,0.0,0.0,0.0
3,0,0.96836203,0.0,0.03163797,0.0,0.0,0.0,0.0,0.0,0.0,0.0,0.0,0.0
3,0,0.96836203,0.0,0.03163797,0.0,0.0,0.0,0.0,0.0,0.0,0.0,0.0,0.0
3,0,0.96836203,0.0,0.03163797,0.0,0.0,0.0,0.0,0.0,0.0,0.0,0.0,0.0
3,0,0.96836203,0.0,0.03163797,0.0,0.0,0.0,0.0,0.0,0.0,0.0,0.0,0.0
3,0,0.96836203,0.0,0.03163797,0.0,0.0,0.0,0.0,0.0,0.0,0.0,0.0,0.0
3,0,0.96836203,0.0,0.03163797,0.0,0.0,0.0,0.0,0.0,0.0,0.0,0.0,0.0
3,0,0.96836203,0.0,0.03163797,0.0,0.0,0.0,0.0,0.0,0.0,0.0,0.0,0.0
3,0,0.96836203,0.0,0.03163797,0.0,0.0,0.0,0.0,0.0,0.0,0.0,0.0,0.0
3,0,0.96836203,0.0,0.03163797,0.0,0.0,0.0,0.0,0.0,0.0,0.0,0.0,0.0
3,0,0.96836203,0.0,0.03163797,0.0,0.0,0.0,0.0,0.0,0.0,0.0,0.0,0.0
3,0,0.96836203,0.0,0.03163797,0.0,0.0,0.0,0.0,0.0,0.0,0.0,0.0,0.0
3,0,0.96836203,0.0,0.03163797,0.0,0.0,0.0,0.0,0.0,0.0,0.0,0.0,0.0
3,0,0.96836203,0.0,0.03163797,0.0,0.0,0.0,0.0,0.0,0.0,0.0,0.0,0.0
3,0,0.96836203,0.0,0.03163797,0.0,0.0,0.0,0.0,0.0,0.0,0.0,0.0,0.0
3,0,0.96836203,0.0,0.03163797,0.0,0.0,0.0,0.0,0.0,0.0,0.0,0.0,0.0
3,0,0.96836203,0.0,0.03163797,0.0,0.0,0.0,0.0,0.0,0.0,0.0,0.0,0.0
3,0,0.96836203,0.0,0.03163797,0.0,0.0,0.0,0.0,0.0,0.0,0.0,0.0,0.0
3,0,0.96836203,0.0,0.03163797,0.0,0.0,0.0,0.0,0.0,0.0,0.0,0.0,0.0
3,0,0.96836203,0.0,0.03163797,0.0,0.0,0.0,0.0,0.0,0.0,0.0,0.0,0.0
3,0,0.96836203,0.0,0.03163797,0.0,0.0,0.0,0.0,0.0,0.0,0.0,0.0,0.0
3,0,0.96836203,0.0,0.03163797,0.0,0.0,0.0,0.0,0.0,0.0,0.0,0.0,0.0
3,0,0.96836203,0.0,0.03163797,0.0,0.0,0.0,0.0,0.0,0.0,0.0,0.0,0.0
3,0,0.96836203,0.0,0.03163797,0.0,0.0,0.0,0.0,0.0,0.0,0.0,0.0,0.0
3,0,0.96836203,0.0,0.03163797,0.0,0.0,0.0,0.0,0.0,0.0,0.0,0.0,0.0
3,0,0.96836203,0.0,0.03163797,0.0,0.0,0.0,0.0,0.0,0.0,0.0,0.0,0.0
3,0,0.96836203,0.0,0.03163797,0.0,0.0,0.0,0.0,0.0,0.0,0.0,0.0,0.0
3,0,0.96836203,0.0,0.03163797,0.0,0.0,0.0,0.0,0.0,0.0,0.0,0.0,0.0
3,0,0.96836203,0.0,0.03163797,0.0,0.0,0.0,0.0,0.0,0.0,0.0,0.0,0.0
3,0,0.96836203,0.0,0.03163797,0.0,0.0,0.0,0.0,0.0,0.0,0.0,0.0,0.0
3,0,0.96836203,0.0,0.03163797,0.0,0.0,0.0,0.0,0.0,0.0,0.0,0.0,0.0
3,0,0.96836203,0.0,0.03163797,0.0,0.0,0.0,0.0,0.0,0.0,0.0,0.0,0.0
3,0,0.96836203,0.0,0.03163797,0.0,0.0,0.0,0.0,0.0,0.0,0.0,0.0,0.0
3,0,0.96836203,0.0,0.03163797,0.0,0.0,0.0,0.0,0.0,0.0,0.0,0.0,0.0
3,0,0.96836203,0.0,0.03163797,0.0,0.0,0.0,0.0,0.0,0.0,0.0,0.0,0.0
3,0,0.96836203,0.0,0.03163797,0.0,0.0,0.0,0.0,0.0,0.0,0.0,0.0,0.0
3,0,0.96836203,0.0,0.03163797,0.0,0.0,0.0,0.0,0.0,0.0,0.0,0.0,0.0
3,0,0.96836203,0.0,0.03163797,0.0,0.0,0.0,0.0,0.0,0.0,0.0,0.0,0.0
3,0,0.96836203,0.0,0.03163797,0.0,0.0,0.0,0.0,0.0,0.0,0.0,0.0,0.0
3,0,0.96836203,0.0,0.03163797,0.0,0.0,0.0,0.0,0.0,0.0,0.0,0.0,0.0
3,0,0.96836203,0.0,0.03163797,0.0,0.0,0.0,0.0,0.0,0.0,0.0,0.0,0.0
3,0,0.96836203,0.0,0.03163797,0.0,0.0,0.0,0.0,0.0,0.0,0.0,0.0,0.0
3,0,0.96836203,0.0,0.03163797,0.0,0.0,0.0,0.0,0.0,0.0,0.0,0.0,0.0
3,0,0.96836203,0.0,0.03163797,0.0,0.0,0.0,0.0,0.0,0.0,0.0,0.0,0.0
3,0,0.96836203,0.0,0.03163797,0.0,0.0,0.0,0.0,0.0,0.0,0.0,0.0,0.0
3,0,0.96836203,0.0,0.03163797,0.0,0.0,0.0,0.0,0.0,0.0,0.0,0.0,0.0
3,0,0.96836203,0.0,0.03163797,0.0,0.0,0.0,0.0,0.0,0.0,0.0,0.0,0.0
3,0,0.96836203,0.0,0.03163797,0.0,0.0,0.0,0.0,0.0,0.0,0.0,0.0,0.0
3,0,0.96836203,0.0,0.03163797,0.0,0.0,0.0,0.0,0.0,0.0,0.0,0.0,0.0
3,0,0.96836203,0.0,0.03163797,0.0,0.0,0.0,0.0,0.0,0.0,0.0,0.0,0.0
3,0,0.96836203,0.0,0.03163797,0.0,0.0,0.0,0.0,0.0,0.0,0.0,0.0,0.0
3,0,0.96836203,0.0,0.03163797,0.0,0.0,0.0,0.0,0.0,0.0,0.0,0.0,0.0
3,0,0.96836203,0.0,0.03163797,0.0,0.0,0.0,0.0,0.0,0.0,0.0,0.0,0.0
3,0,0.96836203,0.0,0.03163797,0.0,0.0,0.0,0.0,0.0,0.0,0.0,0.0,0.0
3,0,0.96836203,0.0,0.03163797,0.0,0.0,0.0,0.0,0.0,0.0,0.0,0.0,0.0
3,0,0.96836203,0.0,0.03163797,0.0,0.0,0.0,0.0,0.0,0.0,0.0,0.0,0.0
3,0,0.96836203,0.0,0.03163797,0.0,0.0,0.0,0.0,0.0,0.0,0.0,0.0,0.0
3,0,0.96836203,0.0,0.03163797,0.0,0.0,0.0,0.0,0.0,0.0,0.0,0.0,0.0
3,0,0.96836203,0.0,0.03163797,0.0,0.0,0.0,0.0,0.0,0.0,0.0,0.0,0.0
3,0,0.96836203,0.0,0.03163797,0.0,0.0,0.0,0.0,0.0,0.0,0.0,0.0,0.0
3,0,0.96836203,0.0,0.03163797,0.0,0.0,0.0,0.0,0.0,0.0,0.0,0.0,0.0
3,0,0.96836203,0.0,0.03163797,0.0,0.0,0.0,0.0,0.0,0.0,0.0,0.0,0.0
3,0,0.96836203,0.0,0.03163797,0.0,0.0,0.0,0.0,0.0,0.0,0.0,0.0,0.0
3,0,0.96836203,0.0,0.03163797,0.0,0.0,0.0,0.0,0.0,0.0,0.0,0.0,0.0
3,0,0.96836203,0.0,0.03163797,0.0,0.0,0.0,0.0,0.0,0.0,0.0,0.0,0.0
3,0,0.96836203,0.0,0.03163797,0.0,0.0,0.0,0.0,0.0,0.0,0.0,0.0,0.0
3,0,0.96836203,0.0,0.03163797,0.0,0.0,0.0,0.0,0.0,0.0,0.0,0.0,0.0
3,0,0.96836203,0.0,0.03163797,0.0,0.0,0.0,0.0,0.0,0.0,0.0,0.0,0.0
3,0,0.96836203,0.0,0.03163797,0.0,0.0,0.0,0.0,0.0,0.0,0.0,0.0,0.0
3,0,0.96836203,0.0,0.03163797,0.0,0.0,0.0,0.0,0.0,0.0,0.0,0.0,0.0
3,0,0.96836203,0.0,0.03163797,0.0,0.0,0.0,0.0,0.0,0.0,0.0,0.0,0.0
3,0,0.96836203,0.0,0.03163797,0.0,0.0,0.0,0.0,0.0,0.0,0.0,0.0,0.0
3,0,0.96836203,0.0,0.03163797,0.0,0.0,0.0,0.0,0.0,0.0,0.0,0.0,0.0
3,0,0.96836203,0.0,0.03163797,0.0,0.0,0.0,0.0,0.0,0.0,0.0,0.0,0.0
3,0,0.96836203,0.0,0.03163797,0.0,0.0,0.0,0.0,0.0,0.0,0.0,0.0,0.0
3,0,0.96836203,0.0,0.03163797,0.0,0.0,0.0,0.0,0.0,0.0,0.0,0.0,0.0
3,0,0.96836203,0.0,0.03163797,0.0,0.0,0.0,0.0,0.0,0.0,0.0,0.0,0.0
3,0,0.96836203,0.0,0.03163797,0.0,0.0,0.0,0.0,0.0,0.0,0.0,0.0,0.0
3,0,0.96836203,0.0,0.03163797,0.0,0.0,0.0,0.0,0.0,0.0,0.0,0.0,0.0
3,0,0.96836203,0.0,0.03163797,0.0,0.0,0.0,0.0,0.0,0.0,0.0,0.0,0.0
3,0,0.96836203,0.0,0.03163797,0.0,0.0,0.0,0.0,0.0,0.0,0.0,0.0,0.0
3,0,0.96836203,0.0,0.03163797,0.0,0.0,0.0,0.0,0.0,0.0,0.0,0.0,0.0
3,0,0.96836203,0.0,0.03163797,0.0,0.0,0.0,0.0,0.0,0.0,0.0,0.0,0.0
3,0,0.96836203,0.0,0.03163797,0.0,0.0,0.0,0.0,0.0,0.0,0.0,0.0,0.0
3,0,0.96836203,0.0,0.03163797,0.0,0.0,0.0,0.0,0.0,0.0,0.0,0.0,0.0
3,0,0.96836203,0.0,0.03163797,0.0,0.0,0.0,0.0,0.0,0.0,0.0,0.0,0.0
3,0,0.96836203,0.0,0.03163797,0.0,0.0,0.0,0.0,0.0,0.0,0.0,0.0,0.0
3,0,0.96836203,0.0,0.03163797,0.0,0.0,0.0,0.0,0.0,0.0,0.0,0.0,0.0
3,0,0.96836203,0.0,0.03163797,0.0,0.0,0.0,0.0,0.0,0.0,0.0,0.0,0.0
3,0,0.96836203,0.0,0.03163797,0.0,0.0,0.0,0.0,0.0,0.0,0.0,0.0,0.0
3,0,0.96836203,0.0,0.03163797,0.0,0.0,0.0,0.0,0.0,0.0,0.0,0.0,0.0
3,0,0.96836203,0.0,0.03163797,0.0,0.0,0.0,0.0,0.0,0.0,0.0,0.0,0.0
3,0,0.96836203,0.0,0.03163797,0.0,0.0,0.0,0.0,0.0,0.0,0.0,0.0,0.0
3,0,0.96836203,0.0,0.03163797,0.0,0.0,0.0,0.0,0.0,0.0,0.0,0.0,0.0
3,0,0.96836203,0.0,0.03163797,0.0,0.0,0.0,0.0,0.0,0.0,0.0,0.0,0.0
3,0,0.96836203,0.0,0.03163797,0.0,0.0,0.0,0.0,0.0,0.0,0.0,0.0,0.0
3,0,0.96836203,0.0,0.03163797,0.0,0.0,0.0,0.0,0.0,0.0,0.0,0.0,0.0
3,0,0.96836203,0.0,0.03163797,0.0,0.0,0.0,0.0,0.0,0.0,0.0,0.0,0.0
3,0,0.96836203,0.0,0.03163797,0.0,0.0,0.0,0.0,0.0,0.0,0.0,0.0,0.0
3,0,0.96836203,0.0,0.03163797,0.0,0.0,0.0,0.0,0.0,0.0,0.0,0.0,0.0
3,0,0.96836203,0.0,0.03163797,0.0,0.0,0.0,0.0,0.0,0.0,0.0,0.0,0.0
3,0,0.96836203,0.0,0.03163797,0.0,0.0,0.0,0.0,0.0,0.0,0.0,0.0,0.0
3,0,0.96836203,0.0,0.03163797,0.0,0.0,0.0,0.0,0.0,0.0,0.0,0.0,0.0
3,0,0.96836203,0.0,0.03163797,0.0,0.0,0.0,0.0,0.0,0.0,0.0,0.0,0.0
3,0,0.96836203,0.0,0.03163797,0.0,0.0,0.0,0.0,0.0,0.0,0.0,0.0,0.0
3,0,0.96836203,0.0,0.03163797,0.0,0.0,0.0,0.0,0.0,0.0,0.0,0.0,0.0
3,0,0.96836203,0.0,0.03163797,0.0,0.0,0.0,0.0,0.0,0.0,0.0,0.0,0.0
3,0,0.96836203,0.0,0.03163797,0.0,0.0,0.0,0.0,0.0,0.0,0.0,0.0,0.0
3,0,0.96836203,0.0,0.03163797,0.0,0.0,0.0,0.0,0.0,0.0,0.0,0.0,0.0
3,0,0.96836203,0.0,0.03163797,0.0,0.0,0.0,0.0,0.0,0.0,0.0,0.0,0.0
3,0,0.96836203,0.0,0.03163797,0.0,0.0,0.0,0.0,0.0,0.0,0.0,0.0,0.0
3,0,0.96836203,0.0,0.03163797,0.0,0.0,0.0,0.0,0.0,0.0,0.0,0.0,0.0
3,0,0.96836203,0.0,0.03163797,0.0,0.0,0.0,0.0,0.0,0.0,0.0,0.0,0.0
3,0,0.96836203,0.0,0.03163797,0.0,0.0,0.0,0.0,0.0,0.0,0.0,0.0,0.0
3,0,0.96836203,0.0,0.03163797,0.0,0.0,0.0,0.0,0.0,0.0,0.0,0.0,0.0
3,0,0.96836203,0.0,0.03163797,0.0,0.0,0.0,0.0,0.0,0.0,0.0,0.0,0.0
3,0,0.96836203,0.0,0.03163797,0.0,0.0,0.0,0.0,0.0,0.0,0.0,0.0,0.0
3,0,0.96836203,0.0,0.03163797,0.0,0.0,0.0,0.0,0.0,0.0,0.0,0.0,0.0
3,0,0.96836203,0.0,0.03163797,0.0,0.0,0.0,0.0,0.0,0.0,0.0,0.0,0.0
3,0,0.96836203,0.0,0.03163797,0.0,0.0,0.0,0.0,0.0,0.0,0.0,0.0,0.0
3,0,0.96836203,0.0,0.03163797,0.0,0.0,0.0,0.0,0.0,0.0,0.0,0.0,0.0
3,0,0.96836203,0.0,0.03163797,0.0,0.0,0.0,0.0,0.0,0.0,0.0,0.0,0.0
3,0,0.96836203,0.0,0.03163797,0.0,0.0,0.0,0.0,0.0,0.0,0.0,0.0,0.0
3,0,0.96836203,0.0,0.03163797,0.0,0.0,0.0,0.0,0.0,0.0,0.0,0.0,0.0
3,0,0.96836203,0.0,0.03163797,0.0,0.0,0.0,0.0,0.0,0.0,0.0,0.0,0.0
3,0,0.96836203,0.0,0.03163797,0.0,0.0,0.0,0.0,0.0,0.0,0.0,0.0,0.0
3,0,0.96836203,0.0,0.03163797,0.0,0.0,0.0,0.0,0.0,0.0,0.0,0.0,0.0
3,0,0.96836203,0.0,0.03163797,0.0,0.0,0.0,0.0,0.0,0.0,0.0,0.0,0.0
3,0,0.96836203,0.0,0.03163797,0.0,0.0,0.0,0.0,0.0,0.0,0.0,0.0,0.0
3,0,0.96836203,0.0,0.03163797,0.0,0.0,0.0,0.0,0.0,0.0,0.0,0.0,0.0
3,0,0.96836203,0.0,0.03163797,0.0,0.0,0.0,0.0,0.0,0.0,0.0,0.0,0.0
3,0,0.96836203,0.0,0.03163797,0.0,0.0,0.0,0.0,0.0,0.0,0.0,0.0,0.0
3,0,0.96836203,0.0,0.03163797,0.0,0.0,0.0,0.0,0.0,0.0,0.0,0.0,0.0
3,0,0.96836203,0.0,0.03163797,0.0,0.0,0.0,0.0,0.0,0.0,0.0,0.0,0.0
3,0,0.96836203,0.0,0.03163797,0.0,0.0,0.0,0.0,0.0,0.0,0.0,0.0,0.0
3,0,0.96836203,0.0,0.03163797,0.0,0.0,0.0,0.0,0.0,0.0,0.0,0.0,0.0
3,0,0.96836203,0.0,0.03163797,0.0,0.0,0.0,0.0,0.0,0.0,0.0,0.0,0.0
3,0,0.96836203,0.0,0.03163797,0.0,0.0,0.0,0.0,0.0,0.0,0.0,0.0,0.0
3,0,0.96836203,0.0,0.03163797,0.0,0.0,0.0,0.0,0.0,0.0,0.0,0.0,0.0
3,0,0.96836203,0.0,0.03163797,0.0,0.0,0.0,0.0,0.0,0.0,0.0,0.0,0.0
3,0,0.96836203,0.0,0.03163797,0.0,0.0,0.0,0.0,0.0,0.0,0.0,0.0,0.0
3,0,0.96836203,0.0,0.03163797,0.0,0.0,0.0,0.0,0.0,0.0,0.0,0.0,0.0
3,0,0.96836203,0.0,0.03163797,0.0,0.0,0.0,0.0,0.0,0.0,0.0,0.0,0.0
3,0,0.96836203,0.0,0.03163797,0.0,0.0,0.0,0.0,0.0,0.0,0.0,0.0,0.0
3,0,0.96836203,0.0,0.03163797,0.0,0.0,0.0,0.0,0.0,0.0,0.0,0.0,0.0
3,0,0.96836203,0.0,0.03163797,0.0,0.0,0.0,0.0,0.0,0.0,0.0,0.0,0.0
3,0,0.96836203,0.0,0.03163797,0.0,0.0,0.0,0.0,0.0,0.0,0.0,0.0,0.0
3,0,0.96836203,0.0,0.03163797,0.0,0.0,0.0,0.0,0.0,0.0,0.0,0.0,0.0
3,0,0.96836203,0.0,0.03163797,0.0,0.0,0.0,0.0,0.0,0.0,0.0,0.0,0.0
3,0,0.96836203,0.0,0.03163797,0.0,0.0,0.0,0.0,0.0,0.0,0.0,0.0,0.0
3,0,0.96836203,0.0,0.03163797,0.0,0.0,0.0,0.0,0.0,0.0,0.0,0.0,0.0
3,0,0.96836203,0.0,0.03163797,0.0,0.0,0.0,0.0,0.0,0.0,0.0,0.0,0.0
3,0,0.96836203,0.0,0.03163797,0.0,0.0,0.0,0.0,0.0,0.0,0.0,0.0,0.0
3,0,0.96836203,0.0,0.03163797,0.0,0.0,0.0,0.0,0.0,0.0,0.0,0.0,0.0
3,0,0.96836203,0.0,0.03163797,0.0,0.0,0.0,0.0,0.0,0.0,0.0,0.0,0.0
3,0,0.96836203,0.0,0.03163797,0.0,0.0,0.0,0.0,0.0,0.0,0.0,0.0,0.0
3,0,0.96836203,0.0,0.03163797,0.0,0.0,0.0,0.0,0.0,0.0,0.0,0.0,0.0
3,0,0.96836203,0.0,0.03163797,0.0,0.0,0.0,0.0,0.0,0.0,0.0,0.0,0.0
3,0,0.96836203,0.0,0.03163797,0.0,0.0,0.0,0.0,0.0,0.0,0.0,0.0,0.0
3,0,0.96836203,0.0,0.03163797,0.0,0.0,0.0,0.0,0.0,0.0,0.0,0.0,0.0
3,0,0.96836203,0.0,0.03163797,0.0,0.0,0.0,0.0,0.0,0.0,0.0,0.0,0.0
3,0,0.96836203,0.0,0.03163797,0.0,0.0,0.0,0.0,0.0,0.0,0.0,0.0,0.0
3,0,0.96836203,0.0,0.03163797,0.0,0.0,0.0,0.0,0.0,0.0,0.0,0.0,0.0
3,0,0.96836203,0.0,0.03163797,0.0,0.0,0.0,0.0,0.0,0.0,0.0,0.0,0.0
3,0,0.96836203,0.0,0.03163797,0.0,0.0,0.0,0.0,0.0,0.0,0.0,0.0,0.0
3,0,0.96836203,0.0,0.03163797,0.0,0.0,0.0,0.0,0.0,0.0,0.0,0.0,0.0
3,0,0.96836203,0.0,0.03163797,0.0,0.0,0.0,0.0,0.0,0.0,0.0,0.0,0.0
3,0,0.96836203,0.0,0.03163797,0.0,0.0,0.0,0.0,0.0,0.0,0.0,0.0,0.0
3,0,0.96836203,0.0,0.03163797,0.0,0.0,0.0,0.0,0.0,0.0,0.0,0.0,0.0
3,0,0.96836203,0.0,0.03163797,0.0,0.0,0.0,0.0,0.0,0.0,0.0,0.0,0.0
3,0,0.96836203,0.0,0.03163797,0.0,0.0,0.0,0.0,0.0,0.0,0.0,0.0,0.0
3,0,0.96836203,0.0,0.03163797,0.0,0.0,0.0,0.0,0.0,0.0,0.0,0.0,0.0
3,0,0.96836203,0.0,0.03163797,0.0,0.0,0.0,0.0,0.0,0.0,0.0,0.0,0.0
3,0,0.96836203,0.0,0.03163797,0.0,0.0,0.0,0.0,0.0,0.0,0.0,0.0,0.0
3,0,0.96836203,0.0,0.03163797,0.0,0.0,0.0,0.0,0.0,0.0,0.0,0.0,0.0
3,0,0.96836203,0.0,0.03163797,0.0,0.0,0.0,0.0,0.0,0.0,0.0,0.0,0.0
3,0,0.96836203,0.0,0.03163797,0.0,0.0,0.0,0.0,0.0,0.0,0.0,0.0,0.0
3,0,0.96836203,0.0,0.03163797,0.0,0.0,0.0,0.0,0.0,0.0,0.0,0.0,0.0
3,0,0.96836203,0.0,0.03163797,0.0,0.0,0.0,0.0,0.0,0.0,0.0,0.0,0.0
3,0,0.96836203,0.0,0.03163797,0.0,0.0,0.0,0.0,0.0,0.0,0.0,0.0,0.0
3,0,0.96836203,0.0,0.03163797,0.0,0.0,0.0,0.0,0.0,0.0,0.0,0.0,0.0
3,0,0.96836203,0.0,0.03163797,0.0,0.0,0.0,0.0,0.0,0.0,0.0,0.0,0.0
3,0,0.96836203,0.0,0.03163797,0.0,0.0,0.0,0.0,0.0,0.0,0.0,0.0,0.0
3,0,0.96836203,0.0,0.03163797,0.0,0.0,0.0,0.0,0.0,0.0,0.0,0.0,0.0
3,0,0.96836203,0.0,0.03163797,0.0,0.0,0.0,0.0,0.0,0.0,0.0,0.0,0.0
3,0,0.96836203,0.0,0.03163797,0.0,0.0,0.0,0.0,0.0,0.0,0.0,0.0,0.0
3,0,0.96836203,0.0,0.03163797,0.0,0.0,0.0,0.0,0.0,0.0,0.0,0.0,0.0
3,0,0.96836203,0.0,0.03163797,0.0,0.0,0.0,0.0,0.0,0.0,0.0,0.0,0.0
3,0,0.96836203,0.0,0.03163797,0.0,0.0,0.0,0.0,0.0,0.0,0.0,0.0,0.0
3,0,0.96836203,0.0,0.03163797,0.0,0.0,0.0,0.0,0.0,0.0,0.0,0.0,0.0
3,0,0.96836203,0.0,0.03163797,0.0,0.0,0.0,0.0,0.0,0.0,0.0,0.0,0.0
3,0,0.96836203,0.0,0.03163797,0.0,0.0,0.0,0.0,0.0,0.0,0.0,0.0,0.0
3,0,0.96836203,0.0,0.03163797,0.0,0.0,0.0,0.0,0.0,0.0,0.0,0.0,0.0
3,0,0.96836203,0.0,0.03163797,0.0,0.0,0.0,0.0,0.0,0.0,0.0,0.0,0.0
3,0,0.96836203,0.0,0.03163797,0.0,0.0,0.0,0.0,0.0,0.0,0.0,0.0,0.0
3,0,0.96836203,0.0,0.03163797,0.0,0.0,0.0,0.0,0.0,0.0,0.0,0.0,0.0
3,0,0.96836203,0.0,0.03163797,0.0,0.0,0.0,0.0,0.0,0.0,0.0,0.0,0.0
3,0,0.96836203,0.0,0.03163797,0.0,0.0,0.0,0.0,0.0,0.0,0.0,0.0,0.0
3,0,0.96836203,0.0,0.03163797,0.0,0.0,0.0,0.0,0.0,0.0,0.0,0.0,0.0
3,0,0.96836203,0.0,0.03163797,0.0,0.0,0.0,0.0,0.0,0.0,0.0,0.0,0.0
3,0,0.96836203,0.0,0.03163797,0.0,0.0,0.0,0.0,0.0,0.0,0.0,0.0,0.0
3,0,0.96836203,0.0,0.03163797,0.0,0.0,0.0,0.0,0.0,0.0,0.0,0.0,0.0
3,0,0.96836203,0.0,0.03163797,0.0,0.0,0.0,0.0,0.0,0.0,0.0,0.0,0.0
3,0,0.96836203,0.0,0.03163797,0.0,0.0,0.0,0.0,0.0,0.0,0.0,0.0,0.0
3,0,0.96836203,0.0,0.03163797,0.0,0.0,0.0,0.0,0.0,0.0,0.0,0.0,0.0
3,0,0.96836203,0.0,0.03163797,0.0,0.0,0.0,0.0,0.0,0.0,0.0,0.0,0.0
3,0,0.96836203,0.0,0.03163797,0.0,0.0,0.0,0.0,0.0,0.0,0.0,0.0,0.0
3,0,0.96836203,0.0,0.03163797,0.0,0.0,0.0,0.0,0.0,0.0,0.0,0.0,0.0
3,0,0.96836203,0.0,0.03163797,0.0,0.0,0.0,0.0,0.0,0.0,0.0,0.0,0.0
3,0,0.96836203,0.0,0.03163797,0.0,0.0,0.0,0.0,0.0,0.0,0.0,0.0,0.0
3,0,0.96836203,0.0,0.03163797,0.0,0.0,0.0,0.0,0.0,0.0,0.0,0.0,0.0
3,0,0.96836203,0.0,0.03163797,0.0,0.0,0.0,0.0,0.0,0.0,0.0,0.0,0.0
3,0,0.96836203,0.0,0.03163797,0.0,0.0,0.0,0.0,0.0,0.0,0.0,0.0,0.0
3,0,0.96836203,0.0,0.03163797,0.0,0.0,0.0,0.0,0.0,0.0,0.0,0.0,0.0
3,0,0.96836203,0.0,0.03163797,0.0,0.0,0.0,0.0,0.0,0.0,0.0,0.0,0.0
3,0,0.96836203,0.0,0.03163797,0.0,0.0,0.0,0.0,0.0,0.0,0.0,0.0,0.0
3,0,0.96836203,0.0,0.03163797,0.0,0.0,0.0,0.0,0.0,0.0,0.0,0.0,0.0
3,0,0.96836203,0.0,0.03163797,0.0,0.0,0.0,0.0,0.0,0.0,0.0,0.0,0.0
3,0,0.96836203,0.0,0.03163797,0.0,0.0,0.0,0.0,0.0,0.0,0.0,0.0,0.0
3,0,0.96836203,0.0,0.03163797,0.0,0.0,0.0,0.0,0.0,0.0,0.0,0.0,0.0
3,0,0.96836203,0.0,0.03163797,0.0,0.0,0.0,0.0,0.0,0.0,0.0,0.0,0.0
3,0,0.96836203,0.0,0.03163797,0.0,0.0,0.0,0.0,0.0,0.0,0.0,0.0,0.0
3,0,0.96836203,0.0,0.03163797,0.0,0.0,0.0,0.0,0.0,0.0,0.0,0.0,0.0
3,0,0.96836203,0.0,0.03163797,0.0,0.0,0.0,0.0,0.0,0.0,0.0,0.0,0.0
3,0,0.96836203,0.0,0.03163797,0.0,0.0,0.0,0.0,0.0,0.0,0.0,0.0,0.0
3,0,0.96836203,0.0,0.03163797,0.0,0.0,0.0,0.0,0.0,0.0,0.0,0.0,0.0
3,0,0.96836203,0.0,0.03163797,0.0,0.0,0.0,0.0,0.0,0.0,0.0,0.0,0.0
3,0,0.96836203,0.0,0.03163797,0.0,0.0,0.0,0.0,0.0,0.0,0.0,0.0,0.0
3,0,0.96836203,0.0,0.03163797,0.0,0.0,0.0,0.0,0.0,0.0,0.0,0.0,0.0
3,0,0.96836203,0.0,0.03163797,0.0,0.0,0.0,0.0,0.0,0.0,0.0,0.0,0.0
3,0,0.96836203,0.0,0.03163797,0.0,0.0,0.0,0.0,0.0,0.0,0.0,0.0,0.0
3,0,0.96836203,0.0,0.03163797,0.0,0.0,0.0,0.0,0.0,0.0,0.0,0.0,0.0
3,0,0.96836203,0.0,0.03163797,0.0,0.0,0.0,0.0,0.0,0.0,0.0,0.0,0.0
3,0,0.96836203,0.0,0.03163797,0.0,0.0,0.0,0.0,0.0,0.0,0.0,0.0,0.0
3,0,0.96836203,0.0,0.03163797,0.0,0.0,0.0,0.0,0.0,0.0,0.0,0.0,0.0
3,0,0.96836203,0.0,0.03163797,0.0,0.0,0.0,0.0,0.0,0.0,0.0,0.0,0.0
3,0,0.96836203,0.0,0.03163797,0.0,0.0,0.0,0.0,0.0,0.0,0.0,0.0,0.0
3,0,0.96836203,0.0,0.03163797,0.0,0.0,0.0,0.0,0.0,0.0,0.0,0.0,0.0
3,0,0.96836203,0.0,0.03163797,0.0,0.0,0.0,0.0,0.0,0.0,0.0,0.0,0.0
3,0,0.96836203,0.0,0.03163797,0.0,0.0,0.0,0.0,0.0,0.0,0.0,0.0,0.0
3,0,0.96836203,0.0,0.03163797,0.0,0.0,0.0,0.0,0.0,0.0,0.0,0.0,0.0
3,0,0.96836203,0.0,0.03163797,0.0,0.0,0.0,0.0,0.0,0.0,0.0,0.0,0.0
3,0,0.96836203,0.0,0.03163797,0.0,0.0,0.0,0.0,0.0,0.0,0.0,0.0,0.0
3,0,0.96836203,0.0,0.03163797,0.0,0.0,0.0,0.0,0.0,0.0,0.0,0.0,0.0
3,0,0.96836203,0.0,0.03163797,0.0,0.0,0.0,0.0,0.0,0.0,0.0,0.0,0.0
3,0,0.96836203,0.0,0.03163797,0.0,0.0,0.0,0.0,0.0,0.0,0.0,0.0,0.0
3,0,0.96836203,0.0,0.03163797,0.0,0.0,0.0,0.0,0.0,0.0,0.0,0.0,0.0
3,0,0.96836203,0.0,0.03163797,0.0,0.0,0.0,0.0,0.0,0.0,0.0,0.0,0.0
3,0,0.96836203,0.0,0.03163797,0.0,0.0,0.0,0.0,0.0,0.0,0.0,0.0,0.0
3,0,0.96836203,0.0,0.03163797,0.0,0.0,0.0,0.0,0.0,0.0,0.0,0.0,0.0
3,0,0.96836203,0.0,0.03163797,0.0,0.0,0.0,0.0,0.0,0.0,0.0,0.0,0.0
3,0,0.96836203,0.0,0.03163797,0.0,0.0,0.0,0.0,0.0,0.0,0.0,0.0,0.0
3,0,0.96836203,0.0,0.03163797,0.0,0.0,0.0,0.0,0.0,0.0,0.0,0.0,0.0
3,0,0.96836203,0.0,0.03163797,0.0,0.0,0.0,0.0,0.0,0.0,0.0,0.0,0.0
3,0,0.96836203,0.0,0.03163797,0.0,0.0,0.0,0.0,0.0,0.0,0.0,0.0,0.0
3,0,0.96836203,0.0,0.03163797,0.0,0.0,0.0,0.0,0.0,0.0,0.0,0.0,0.0
3,0,0.96836203,0.0,0.03163797,0.0,0.0,0.0,0.0,0.0,0.0,0.0,0.0,0.0
3,0,0.96836203,0.0,0.03163797,0.0,0.0,0.0,0.0,0.0,0.0,0.0,0.0,0.0
3,0,0.96836203,0.0,0.03163797,0.0,0.0,0.0,0.0,0.0,0.0,0.0,0.0,0.0
3,0,0.96836203,0.0,0.03163797,0.0,0.0,0.0,0.0,0.0,0.0,0.0,0.0,0.0
3,0,0.96836203,0.0,0.03163797,0.0,0.0,0.0,0.0,0.0,0.0,0.0,0.0,0.0
3,0,0.96836203,0.0,0.03163797,0.0,0.0,0.0,0.0,0.0,0.0,0.0,0.0,0.0
3,0,0.96836203,0.0,0.03163797,0.0,0.0,0.0,0.0,0.0,0.0,0.0,0.0,0.0
3,0,0.96836203,0.0,0.03163797,0.0,0.0,0.0,0.0,0.0,0.0,0.0,0.0,0.0
3,0,0.96836203,0.0,0.03163797,0.0,0.0,0.0,0.0,0.0,0.0,0.0,0.0,0.0
3,0,0.96836203,0.0,0.03163797,0.0,0.0,0.0,0.0,0.0,0.0,0.0,0.0,0.0
3,0,0.96836203,0.0,0.03163797,0.0,0.0,0.0,0.0,0.0,0.0,0.0,0.0,0.0
3,0,0.96836203,0.0,0.03163797,0.0,0.0,0.0,0.0,0.0,0.0,0.0,0.0,0.0
3,0,0.96836203,0.0,0.03163797,0.0,0.0,0.0,0.0,0.0,0.0,0.0,0.0,0.0
3,0,0.96836203,0.0,0.03163797,0.0,0.0,0.0,0.0,0.0,0.0,0.0,0.0,0.0
3,0,0.96836203,0.0,0.03163797,0.0,0.0,0.0,0.0,0.0,0.0,0.0,0.0,0.0
3,0,0.96836203,0.0,0.03163797,0.0,0.0,0.0,0.0,0.0,0.0,0.0,0.0,0.0
3,0,0.96836203,0.0,0.03163797,0.0,0.0,0.0,0.0,0.0,0.0,0.0,0.0,0.0
3,0,0.96836203,0.0,0.03163797,0.0,0.0,0.0,0.0,0.0,0.0,0.0,0.0,0.0
3,0,0.96836203,0.0,0.03163797,0.0,0.0,0.0,0.0,0.0,0.0,0.0,0.0,0.0
3,0,0.96836203,0.0,0.03163797,0.0,0.0,0.0,0.0,0.0,0.0,0.0,0.0,0.0
3,0,0.96836203,0.0,0.03163797,0.0,0.0,0.0,0.0,0.0,0.0,0.0,0.0,0.0
3,0,0.96836203,0.0,0.03163797,0.0,0.0,0.0,0.0,0.0,0.0,0.0,0.0,0.0
3,0,0.96836203,0.0,0.03163797,0.0,0.0,0.0,0.0,0.0,0.0,0.0,0.0,0.0
3,0,0.96836203,0.0,0.03163797,0.0,0.0,0.0,0.0,0.0,0.0,0.0,0.0,0.0
3,0,0.96836203,0.0,0.03163797,0.0,0.0,0.0,0.0,0.0,0.0,0.0,0.0,0.0
3,0,0.96836203,0.0,0.03163797,0.0,0.0,0.0,0.0,0.0,0.0,0.0,0.0,0.0
3,0,0.96836203,0.0,0.03163797,0.0,0.0,0.0,0.0,0.0,0.0,0.0,0.0,0.0
3,0,0.96836203,0.0,0.03163797,0.0,0.0,0.0,0.0,0.0,0.0,0.0,0.0,0.0
3,0,0.96836203,0.0,0.03163797,0.0,0.0,0.0,0.0,0.0,0.0,0.0,0.0,0.0
3,0,0.96836203,0.0,0.03163797,0.0,0.0,0.0,0.0,0.0,0.0,0.0,0.0,0.0
3,0,0.96836203,0.0,0.03163797,0.0,0.0,0.0,0.0,0.0,0.0,0.0,0.0,0.0
3,0,0.96836203,0.0,0.03163797,0.0,0.0,0.0,0.0,0.0,0.0,0.0,0.0,0.0
3,0,0.96836203,0.0,0.03163797,0.0,0.0,0.0,0.0,0.0,0.0,0.0,0.0,0.0
3,0,0.96836203,0.0,0.03163797,0.0,0.0,0.0,0.0,0.0,0.0,0.0,0.0,0.0
3,0,0.96836203,0.0,0.03163797,0.0,0.0,0.0,0.0,0.0,0.0,0.0,0.0,0.0
3,0,0.96836203,0.0,0.03163797,0.0,0.0,0.0,0.0,0.0,0.0,0.0,0.0,0.0
3,0,0.96836203,0.0,0.03163797,0.0,0.0,0.0,0.0,0.0,0.0,0.0,0.0,0.0
3,0,0.96836203,0.0,0.03163797,0.0,0.0,0.0,0.0,0.0,0.0,0.0,0.0,0.0
3,0,0.96836203,0.0,0.03163797,0.0,0.0,0.0,0.0,0.0,0.0,0.0,0.0,0.0
3,0,0.96836203,0.0,0.03163797,0.0,0.0,0.0,0.0,0.0,0.0,0.0,0.0,0.0
3,0,0.96836203,0.0,0.03163797,0.0,0.0,0.0,0.0,0.0,0.0,0.0,0.0,0.0
3,0,0.96836203,0.0,0.03163797,0.0,0.0,0.0,0.0,0.0,0.0,0.0,0.0,0.0
3,0,0.96836203,0.0,0.03163797,0.0,0.0,0.0,0.0,0.0,0.0,0.0,0.0,0.0
3,0,0.96836203,0.0,0.03163797,0.0,0.0,0.0,0.0,0.0,0.0,0.0,0.0,0.0
3,0,0.96836203,0.0,0.03163797,0.0,0.0,0.0,0.0,0.0,0.0,0.0,0.0,0.0
3,0,0.96836203,0.0,0.03163797,0.0,0.0,0.0,0.0,0.0,0.0,0.0,0.0,0.0
3,0,0.96836203,0.0,0.03163797,0.0,0.0,0.0,0.0,0.0,0.0,0.0,0.0,0.0
3,0,0.96836203,0.0,0.03163797,0.0,0.0,0.0,0.0,0.0,0.0,0.0,0.0,0.0
3,0,0.96836203,0.0,0.03163797,0.0,0.0,0.0,0.0,0.0,0.0,0.0,0.0,0.0
3,0,0.96836203,0.0,0.03163797,0.0,0.0,0.0,0.0,0.0,0.0,0.0,0.0,0.0
3,0,0.96836203,0.0,0.03163797,0.0,0.0,0.0,0.0,0.0,0.0,0.0,0.0,0.0
3,0,0.96836203,0.0,0.03163797,0.0,0.0,0.0,0.0,0.0,0.0,0.0,0.0,0.0
3,0,0.96836203,0.0,0.03163797,0.0,0.0,0.0,0.0,0.0,0.0,0.0,0.0,0.0
3,0,0.96836203,0.0,0.03163797,0.0,0.0,0.0,0.0,0.0,0.0,0.0,0.0,0.0
3,0,0.96836203,0.0,0.03163797,0.0,0.0,0.0,0.0,0.0,0.0,0.0,0.0,0.0
3,0,0.96836203,0.0,0.03163797,0.0,0.0,0.0,0.0,0.0,0.0,0.0,0.0,0.0
3,0,0.96836203,0.0,0.03163797,0.0,0.0,0.0,0.0,0.0,0.0,0.0,0.0,0.0
3,0,0.96836203,0.0,0.03163797,0.0,0.0,0.0,0.0,0.0,0.0,0.0,0.0,0.0
3,0,0.96836203,0.0,0.03163797,0.0,0.0,0.0,0.0,0.0,0.0,0.0,0.0,0.0
3,0,0.96836203,0.0,0.03163797,0.0,0.0,0.0,0.0,0.0,0.0,0.0,0.0,0.0
3,0,0.96836203,0.0,0.03163797,0.0,0.0,0.0,0.0,0.0,0.0,0.0,0.0,0.0
3,0,0.96836203,0.0,0.03163797,0.0,0.0,0.0,0.0,0.0,0.0,0.0,0.0,0.0
3,0,0.96836203,0.0,0.03163797,0.0,0.0,0.0,0.0,0.0,0.0,0.0,0.0,0.0
3,0,0.96836203,0.0,0.03163797,0.0,0.0,0.0,0.0,0.0,0.0,0.0,0.0,0.0
3,0,0.96836203,0.0,0.03163797,0.0,0.0,0.0,0.0,0.0,0.0,0.0,0.0,0.0
3,0,0.96836203,0.0,0.03163797,0.0,0.0,0.0,0.0,0.0,0.0,0.0,0.0,0.0
3,0,0.96836203,0.0,0.03163797,0.0,0.0,0.0,0.0,0.0,0.0,0.0,0.0,0.0
3,0,0.96836203,0.0,0.03163797,0.0,0.0,0.0,0.0,0.0,0.0,0.0,0.0,0.0
3,0,0.96836203,0.0,0.03163797,0.0,0.0,0.0,0.0,0.0,0.0,0.0,0.0,0.0
3,0,0.96836203,0.0,0.03163797,0.0,0.0,0.0,0.0,0.0,0.0,0.0,0.0,0.0
3,0,0.96836203,0.0,0.03163797,0.0,0.0,0.0,0.0,0.0,0.0,0.0,0.0,0.0
3,0,0.96836203,0.0,0.03163797,0.0,0.0,0.0,0.0,0.0,0.0,0.0,0.0,0.0
3,0,0.96836203,0.0,0.03163797,0.0,0.0,0.0,0.0,0.0,0.0,0.0,0.0,0.0
3,0,0.96836203,0.0,0.03163797,0.0,0.0,0.0,0.0,0.0,0.0,0.0,0.0,0.0
3,0,0.96836203,0.0,0.03163797,0.0,0.0,0.0,0.0,0.0,0.0,0.0,0.0,0.0
3,0,0.96836203,0.0,0.03163797,0.0,0.0,0.0,0.0,0.0,0.0,0.0,0.0,0.0
3,0,0.96836203,0.0,0.03163797,0.0,0.0,0.0,0.0,0.0,0.0,0.0,0.0,0.0
3,0,0.96836203,0.0,0.03163797,0.0,0.0,0.0,0.0,0.0,0.0,0.0,0.0,0.0
3,0,0.96836203,0.0,0.03163797,0.0,0.0,0.0,0.0,0.0,0.0,0.0,0.0,0.0
3,0,0.96836203,0.0,0.03163797,0.0,0.0,0.0,0.0,0.0,0.0,0.0,0.0,0.0
3,0,0.96836203,0.0,0.03163797,0.0,0.0,0.0,0.0,0.0,0.0,0.0,0.0,0.0
3,0,0.96836203,0.0,0.03163797,0.0,0.0,0.0,0.0,0.0,0.0,0.0,0.0,0.0
3,0,0.96836203,0.0,0.03163797,0.0,0.0,0.0,0.0,0.0,0.0,0.0,0.0,0.0
3,0,0.96836203,0.0,0.03163797,0.0,0.0,0.0,0.0,0.0,0.0,0.0,0.0,0.0
3,0,0.96836203,0.0,0.03163797,0.0,0.0,0.0,0.0,0.0,0.0,0.0,0.0,0.0
3,0,0.96836203,0.0,0.03163797,0.0,0.0,0.0,0.0,0.0,0.0,0.0,0.0,0.0
3,0,0.96836203,0.0,0.03163797,0.0,0.0,0.0,0.0,0.0,0.0,0.0,0.0,0.0
3,0,0.96836203,0.0,0.03163797,0.0,0.0,0.0,0.0,0.0,0.0,0.0,0.0,0.0
3,0,0.96836203,0.0,0.03163797,0.0,0.0,0.0,0.0,0.0,0.0,0.0,0.0,0.0
3,0,0.96836203,0.0,0.03163797,0.0,0.0,0.0,0.0,0.0,0.0,0.0,0.0,0.0
3,0,0.96836203,0.0,0.03163797,0.0,0.0,0.0,0.0,0.0,0.0,0.0,0.0,0.0
3,0,0.96836203,0.0,0.03163797,0.0,0.0,0.0,0.0,0.0,0.0,0.0,0.0,0.0
3,0,0.96836203,0.0,0.03163797,0.0,0.0,0.0,0.0,0.0,0.0,0.0,0.0,0.0
3,0,0.96836203,0.0,0.03163797,0.0,0.0,0.0,0.0,0.0,0.0,0.0,0.0,0.0
3,0,0.96836203,0.0,0.03163797,0.0,0.0,0.0,0.0,0.0,0.0,0.0,0.0,0.0
3,0,0.96836203,0.0,0.03163797,0.0,0.0,0.0,0.0,0.0,0.0,0.0,0.0,0.0
3,0,0.96836203,0.0,0.03163797,0.0,0.0,0.0,0.0,0.0,0.0,0.0,0.0,0.0
3,0,0.96836203,0.0,0.03163797,0.0,0.0,0.0,0.0,0.0,0.0,0.0,0.0,0.0
3,0,0.96836203,0.0,0.03163797,0.0,0.0,0.0,0.0,0.0,0.0,0.0,0.0,0.0
3,0,0.96836203,0.0,0.03163797,0.0,0.0,0.0,0.0,0.0,0.0,0.0,0.0,0.0
3,0,0.96836203,0.0,0.03163797,0.0,0.0,0.0,0.0,0.0,0.0,0.0,0.0,0.0
3,0,0.96836203,0.0,0.03163797,0.0,0.0,0.0,0.0,0.0,0.0,0.0,0.0,0.0
3,0,0.96836203,0.0,0.03163797,0.0,0.0,0.0,0.0,0.0,0.0,0.0,0.0,0.0
3,0,0.96836203,0.0,0.03163797,0.0,0.0,0.0,0.0,0.0,0.0,0.0,0.0,0.0
3,0,0.96836203,0.0,0.03163797,0.0,0.0,0.0,0.0,0.0,0.0,0.0,0.0,0.0
3,0,0.96836203,0.0,0.03163797,0.0,0.0,0.0,0.0,0.0,0.0,0.0,0.0,0.0
3,0,0.96836203,0.0,0.03163797,0.0,0.0,0.0,0.0,0.0,0.0,0.0,0.0,0.0
3,0,0.96836203,0.0,0.03163797,0.0,0.0,0.0,0.0,0.0,0.0,0.0,0.0,0.0
3,0,0.96836203,0.0,0.03163797,0.0,0.0,0.0,0.0,0.0,0.0,0.0,0.0,0.0
3,0,0.96836203,0.0,0.03163797,0.0,0.0,0.0,0.0,0.0,0.0,0.0,0.0,0.0
3,0,0.96836203,0.0,0.03163797,0.0,0.0,0.0,0.0,0.0,0.0,0.0,0.0,0.0
3,0,0.96836203,0.0,0.03163797,0.0,0.0,0.0,0.0,0.0,0.0,0.0,0.0,0.0
3,0,0.96836203,0.0,0.03163797,0.0,0.0,0.0,0.0,0.0,0.0,0.0,0.0,0.0
3,0,0.96836203,0.0,0.03163797,0.0,0.0,0.0,0.0,0.0,0.0,0.0,0.0,0.0
3,0,0.96836203,0.0,0.03163797,0.0,0.0,0.0,0.0,0.0,0.0,0.0,0.0,0.0
3,0,0.96836203,0.0,0.03163797,0.0,0.0,0.0,0.0,0.0,0.0,0.0,0.0,0.0
3,0,0.96836203,0.0,0.03163797,0.0,0.0,0.0,0.0,0.0,0.0,0.0,0.0,0.0
3,0,0.96836203,0.0,0.03163797,0.0,0.0,0.0,0.0,0.0,0.0,0.0,0.0,0.0
3,0,0.96836203,0.0,0.03163797,0.0,0.0,0.0,0.0,0.0,0.0,0.0,0.0,0.0
3,0,0.96836203,0.0,0.03163797,0.0,0.0,0.0,0.0,0.0,0.0,0.0,0.0,0.0
3,0,0.96836203,0.0,0.03163797,0.0,0.0,0.0,0.0,0.0,0.0,0.0,0.0,0.0
3,0,0.96836203,0.0,0.03163797,0.0,0.0,0.0,0.0,0.0,0.0,0.0,0.0,0.0
3,0,0.96836203,0.0,0.03163797,0.0,0.0,0.0,0.0,0.0,0.0,0.0,0.0,0.0
3,0,0.96836203,0.0,0.03163797,0.0,0.0,0.0,0.0,0.0,0.0,0.0,0.0,0.0
3,0,0.96836203,0.0,0.03163797,0.0,0.0,0.0,0.0,0.0,0.0,0.0,0.0,0.0
3,0,0.96836203,0.0,0.03163797,0.0,0.0,0.0,0.0,0.0,0.0,0.0,0.0,0.0
3,0,0.96836203,0.0,0.03163797,0.0,0.0,0.0,0.0,0.0,0.0,0.0,0.0,0.0
3,0,0.96836203,0.0,0.03163797,0.0,0.0,0.0,0.0,0.0,0.0,0.0,0.0,0.0
3,0,0.96836203,0.0,0.03163797,0.0,0.0,0.0,0.0,0.0,0.0,0.0,0.0,0.0
3,0,0.96836203,0.0,0.03163797,0.0,0.0,0.0,0.0,0.0,0.0,0.0,0.0,0.0
3,0,0.96836203,0.0,0.03163797,0.0,0.0,0.0,0.0,0.0,0.0,0.0,0.0,0.0
3,0,0.96836203,0.0,0.03163797,0.0,0.0,0.0,0.0,0.0,0.0,0.0,0.0,0.0
3,0,0.96836203,0.0,0.03163797,0.0,0.0,0.0,0.0,0.0,0.0,0.0,0.0,0.0
3,0,0.96836203,0.0,0.03163797,0.0,0.0,0.0,0.0,0.0,0.0,0.0,0.0,0.0
3,0,0.96836203,0.0,0.03163797,0.0,0.0,0.0,0.0,0.0,0.0,0.0,0.0,0.0
3,0,0.96836203,0.0,0.03163797,0.0,0.0,0.0,0.0,0.0,0.0,0.0,0.0,0.0
3,0,0.96836203,0.0,0.03163797,0.0,0.0,0.0,0.0,0.0,0.0,0.0,0.0,0.0
3,0,0.96836203,0.0,0.03163797,0.0,0.0,0.0,0.0,0.0,0.0,0.0,0.0,0.0
3,0,0.96836203,0.0,0.03163797,0.0,0.0,0.0,0.0,0.0,0.0,0.0,0.0,0.0
3,0,0.96836203,0.0,0.03163797,0.0,0.0,0.0,0.0,0.0,0.0,0.0,0.0,0.0
3,0,0.96836203,0.0,0.03163797,0.0,0.0,0.0,0.0,0.0,0.0,0.0,0.0,0.0
3,0,0.96836203,0.0,0.03163797,0.0,0.0,0.0,0.0,0.0,0.0,0.0,0.0,0.0
3,0,0.96836203,0.0,0.03163797,0.0,0.0,0.0,0.0,0.0,0.0,0.0,0.0,0.0
3,0,0.96836203,0.0,0.03163797,0.0,0.0,0.0,0.0,0.0,0.0,0.0,0.0,0.0
3,0,0.96836203,0.0,0.03163797,0.0,0.0,0.0,0.0,0.0,0.0,0.0,0.0,0.0
3,0,0.96836203,0.0,0.03163797,0.0,0.0,0.0,0.0,0.0,0.0,0.0,0.0,0.0
3,0,0.96836203,0.0,0.03163797,0.0,0.0,0.0,0.0,0.0,0.0,0.0,0.0,0.0
3,0,0.96836203,0.0,0.03163797,0.0,0.0,0.0,0.0,0.0,0.0,0.0,0.0,0.0
3,0,0.96836203,0.0,0.03163797,0.0,0.0,0.0,0.0,0.0,0.0,0.0,0.0,0.0
3,0,0.96836203,0.0,0.03163797,0.0,0.0,0.0,0.0,0.0,0.0,0.0,0.0,0.0
3,0,0.96836203,0.0,0.03163797,0.0,0.0,0.0,0.0,0.0,0.0,0.0,0.0,0.0
3,0,0.96836203,0.0,0.03163797,0.0,0.0,0.0,0.0,0.0,0.0,0.0,0.0,0.0
3,0,0.96836203,0.0,0.03163797,0.0,0.0,0.0,0.0,0.0,0.0,0.0,0.0,0.0
3,0,0.96836203,0.0,0.03163797,0.0,0.0,0.0,0.0,0.0,0.0,0.0,0.0,0.0
3,0,0.96836203,0.0,0.03163797,0.0,0.0,0.0,0.0,0.0,0.0,0.0,0.0,0.0
3,0,0.96836203,0.0,0.03163797,0.0,0.0,0.0,0.0,0.0,0.0,0.0,0.0,0.0
3,0,0.96836203,0.0,0.03163797,0.0,0.0,0.0,0.0,0.0,0.0,0.0,0.0,0.0
3,0,0.96836203,0.0,0.03163797,0.0,0.0,0.0,0.0,0.0,0.0,0.0,0.0,0.0
3,0,0.96836203,0.0,0.03163797,0.0,0.0,0.0,0.0,0.0,0.0,0.0,0.0,0.0
3,0,0.96836203,0.0,0.03163797,0.0,0.0,0.0,0.0,0.0,0.0,0.0,0.0,0.0
3,0,0.96836203,0.0,0.03163797,0.0,0.0,0.0,0.0,0.0,0.0,0.0,0.0,0.0
3,0,0.96836203,0.0,0.03163797,0.0,0.0,0.0,0.0,0.0,0.0,0.0,0.0,0.0
3,0,0.96836203,0.0,0.03163797,0.0,0.0,0.0,0.0,0.0,0.0,0.0,0.0,0.0
3,0,0.96836203,0.0,0.03163797,0.0,0.0,0.0,0.0,0.0,0.0,0.0,0.0,0.0
3,0,0.96836203,0.0,0.03163797,0.0,0.0,0.0,0.0,0.0,0.0,0.0,0.0,0.0
3,0,0.96836203,0.0,0.03163797,0.0,0.0,0.0,0.0,0.0,0.0,0.0,0.0,0.0
3,0,0.96836203,0.0,0.03163797,0.0,0.0,0.0,0.0,0.0,0.0,0.0,0.0,0.0
3,0,0.96836203,0.0,0.03163797,0.0,0.0,0.0,0.0,0.0,0.0,0.0,0.0,0.0
3,0,0.96836203,0.0,0.03163797,0.0,0.0,0.0,0.0,0.0,0.0,0.0,0.0,0.0
3,0,0.96836203,0.0,0.03163797,0.0,0.0,0.0,0.0,0.0,0.0,0.0,0.0,0.0
3,0,0.96836203,0.0,0.03163797,0.0,0.0,0.0,0.0,0.0,0.0,0.0,0.0,0.0
3,0,0.96836203,0.0,0.03163797,0.0,0.0,0.0,0.0,0.0,0.0,0.0,0.0,0.0
3,0,0.96836203,0.0,0.03163797,0.0,0.0,0.0,0.0,0.0,0.0,0.0,0.0,0.0
3,0,0.96836203,0.0,0.03163797,0.0,0.0,0.0,0.0,0.0,0.0,0.0,0.0,0.0
3,0,0.96836203,0.0,0.03163797,0.0,0.0,0.0,0.0,0.0,0.0,0.0,0.0,0.0
3,0,0.96836203,0.0,0.03163797,0.0,0.0,0.0,0.0,0.0,0.0,0.0,0.0,0.0
3,0,0.96836203,0.0,0.03163797,0.0,0.0,0.0,0.0,0.0,0.0,0.0,0.0,0.0
3,0,0.96836203,0.0,0.03163797,0.0,0.0,0.0,0.0,0.0,0.0,0.0,0.0,0.0
3,0,0.96836203,0.0,0.03163797,0.0,0.0,0.0,0.0,0.0,0.0,0.0,0.0,0.0
3,0,0.96836203,0.0,0.03163797,0.0,0.0,0.0,0.0,0.0,0.0,0.0,0.0,0.0
3,0,0.96836203,0.0,0.03163797,0.0,0.0,0.0,0.0,0.0,0.0,0.0,0.0,0.0
3,0,0.96836203,0.0,0.03163797,0.0,0.0,0.0,0.0,0.0,0.0,0.0,0.0,0.0
3,0,0.96836203,0.0,0.03163797,0.0,0.0,0.0,0.0,0.0,0.0,0.0,0.0,0.0
3,0,0.96836203,0.0,0.03163797,0.0,0.0,0.0,0.0,0.0,0.0,0.0,0.0,0.0
3,0,0.96836203,0.0,0.03163797,0.0,0.0,0.0,0.0,0.0,0.0,0.0,0.0,0.0
3,0,0.96836203,0.0,0.03163797,0.0,0.0,0.0,0.0,0.0,0.0,0.0,0.0,0.0
3,0,0.96836203,0.0,0.03163797,0.0,0.0,0.0,0.0,0.0,0.0,0.0,0.0,0.0
3,0,0.96836203,0.0,0.03163797,0.0,0.0,0.0,0.0,0.0,0.0,0.0,0.0,0.0
3,0,0.96836203,0.0,0.03163797,0.0,0.0,0.0,0.0,0.0,0.0,0.0,0.0,0.0
3,0,0.96836203,0.0,0.03163797,0.0,0.0,0.0,0.0,0.0,0.0,0.0,0.0,0.0
3,0,0.96836203,0.0,0.03163797,0.0,0.0,0.0,0.0,0.0,0.0,0.0,0.0,0.0
3,0,0.96836203,0.0,0.03163797,0.0,0.0,0.0,0.0,0.0,0.0,0.0,0.0,0.0
3,0,0.96836203,0.0,0.03163797,0.0,0.0,0.0,0.0,0.0,0.0,0.0,0.0,0.0
3,0,0.96836203,0.0,0.03163797,0.0,0.0,0.0,0.0,0.0,0.0,0.0,0.0,0.0
3,0,0.96836203,0.0,0.03163797,0.0,0.0,0.0,0.0,0.0,0.0,0.0,0.0,0.0
3,0,0.96836203,0.0,0.03163797,0.0,0.0,0.0,0.0,0.0,0.0,0.0,0.0,0.0
3,0,0.96836203,0.0,0.03163797,0.0,0.0,0.0,0.0,0.0,0.0,0.0,0.0,0.0
3,0,0.96836203,0.0,0.03163797,0.0,0.0,0.0,0.0,0.0,0.0,0.0,0.0,0.0
3,0,0.96836203,0.0,0.03163797,0.0,0.0,0.0,0.0,0.0,0.0,0.0,0.0,0.0
3,0,0.96836203,0.0,0.03163797,0.0,0.0,0.0,0.0,0.0,0.0,0.0,0.0,0.0
3,0,0.96836203,0.0,0.03163797,0.0,0.0,0.0,0.0,0.0,0.0,0.0,0.0,0.0
3,0,0.96836203,0.0,0.03163797,0.0,0.0,0.0,0.0,0.0,0.0,0.0,0.0,0.0
3,0,0.96836203,0.0,0.03163797,0.0,0.0,0.0,0.0,0.0,0.0,0.0,0.0,0.0
3,0,0.96836203,0.0,0.03163797,0.0,0.0,0.0,0.0,0.0,0.0,0.0,0.0,0.0
3,0,0.96836203,0.0,0.03163797,0.0,0.0,0.0,0.0,0.0,0.0,0.0,0.0,0.0
3,0,0.96836203,0.0,0.03163797,0.0,0.0,0.0,0.0,0.0,0.0,0.0,0.0,0.0
3,0,0.96836203,0.0,0.03163797,0.0,0.0,0.0,0.0,0.0,0.0,0.0,0.0,0.0
3,0,0.96836203,0.0,0.03163797,0.0,0.0,0.0,0.0,0.0,0.0,0.0,0.0,0.0
3,0,0.96836203,0.0,0.03163797,0.0,0.0,0.0,0.0,0.0,0.0,0.0,0.0,0.0
3,0,0.96836203,0.0,0.03163797,0.0,0.0,0.0,0.0,0.0,0.0,0.0,0.0,0.0
3,0,0.96836203,0.0,0.03163797,0.0,0.0,0.0,0.0,0.0,0.0,0.0,0.0,0.0
3,0,0.96836203,0.0,0.03163797,0.0,0.0,0.0,0.0,0.0,0.0,0.0,0.0,0.0
3,0,0.96836203,0.0,0.03163797,0.0,0.0,0.0,0.0,0.0,0.0,0.0,0.0,0.0
3,0,0.96836203,0.0,0.03163797,0.0,0.0,0.0,0.0,0.0,0.0,0.0,0.0,0.0
3,0,0.96836203,0.0,0.03163797,0.0,0.0,0.0,0.0,0.0,0.0,0.0,0.0,0.0
3,0,0.96836203,0.0,0.03163797,0.0,0.0,0.0,0.0,0.0,0.0,0.0,0.0,0.0
3,0,0.96836203,0.0,0.03163797,0.0,0.0,0.0,0.0,0.0,0.0,0.0,0.0,0.0
3,0,0.96836203,0.0,0.03163797,0.0,0.0,0.0,0.0,0.0,0.0,0.0,0.0,0.0
3,0,0.96836203,0.0,0.03163797,0.0,0.0,0.0,0.0,0.0,0.0,0.0,0.0,0.0
3,0,0.96836203,0.0,0.03163797,0.0,0.0,0.0,0.0,0.0,0.0,0.0,0.0,0.0
3,0,0.96836203,0.0,0.03163797,0.0,0.0,0.0,0.0,0.0,0.0,0.0,0.0,0.0
3,0,0.96836203,0.0,0.03163797,0.0,0.0,0.0,0.0,0.0,0.0,0.0,0.0,0.0
3,0,0.96836203,0.0,0.03163797,0.0,0.0,0.0,0.0,0.0,0.0,0.0,0.0,0.0
3,0,0.96836203,0.0,0.03163797,0.0,0.0,0.0,0.0,0.0,0.0,0.0,0.0,0.0
3,0,0.96836203,0.0,0.03163797,0.0,0.0,0.0,0.0,0.0,0.0,0.0,0.0,0.0
3,0,0.96836203,0.0,0.03163797,0.0,0.0,0.0,0.0,0.0,0.0,0.0,0.0,0.0
3,0,0.96836203,0.0,0.03163797,0.0,0.0,0.0,0.0,0.0,0.0,0.0,0.0,0.0
3,0,0.96836203,0.0,0.03163797,0.0,0.0,0.0,0.0,0.0,0.0,0.0,0.0,0.0
3,0,0.96836203,0.0,0.03163797,0.0,0.0,0.0,0.0,0.0,0.0,0.0,0.0,0.0
3,0,0.96836203,0.0,0.03163797,0.0,0.0,0.0,0.0,0.0,0.0,0.0,0.0,0.0
3,0,0.96836203,0.0,0.03163797,0.0,0.0,0.0,0.0,0.0,0.0,0.0,0.0,0.0
3,0,0.96836203,0.0,0.03163797,0.0,0.0,0.0,0.0,0.0,0.0,0.0,0.0,0.0
3,0,0.96836203,0.0,0.03163797,0.0,0.0,0.0,0.0,0.0,0.0,0.0,0.0,0.0
3,0,0.96836203,0.0,0.03163797,0.0,0.0,0.0,0.0,0.0,0.0,0.0,0.0,0.0
3,0,0.96836203,0.0,0.03163797,0.0,0.0,0.0,0.0,0.0,0.0,0.0,0.0,0.0
3,0,0.96836203,0.0,0.03163797,0.0,0.0,0.0,0.0,0.0,0.0,0.0,0.0,0.0
3,0,0.96836203,0.0,0.03163797,0.0,0.0,0.0,0.0,0.0,0.0,0.0,0.0,0.0
3,0,0.96836203,0.0,0.03163797,0.0,0.0,0.0,0.0,0.0,0.0,0.0,0.0,0.0
3,0,0.96836203,0.0,0.03163797,0.0,0.0,0.0,0.0,0.0,0.0,0.0,0.0,0.0
3,0,0.96836203,0.0,0.03163797,0.0,0.0,0.0,0.0,0.0,0.0,0.0,0.0,0.0
3,0,0.96836203,0.0,0.03163797,0.0,0.0,0.0,0.0,0.0,0.0,0.0,0.0,0.0
3,0,0.96836203,0.0,0.03163797,0.0,0.0,0.0,0.0,0.0,0.0,0.0,0.0,0.0
3,0,0.96836203,0.0,0.03163797,0.0,0.0,0.0,0.0,0.0,0.0,0.0,0.0,0.0
3,0,0.96836203,0.0,0.03163797,0.0,0.0,0.0,0.0,0.0,0.0,0.0,0.0,0.0
3,0,0.96836203,0.0,0.03163797,0.0,0.0,0.0,0.0,0.0,0.0,0.0,0.0,0.0
3,0,0.96836203,0.0,0.03163797,0.0,0.0,0.0,0.0,0.0,0.0,0.0,0.0,0.0
3,0,0.96836203,0.0,0.03163797,0.0,0.0,0.0,0.0,0.0,0.0,0.0,0.0,0.0
3,0,0.96836203,0.0,0.03163797,0.0,0.0,0.0,0.0,0.0,0.0,0.0,0.0,0.0
3,0,0.96836203,0.0,0.03163797,0.0,0.0,0.0,0.0,0.0,0.0,0.0,0.0,0.0
3,0,0.96836203,0.0,0.03163797,0.0,0.0,0.0,0.0,0.0,0.0,0.0,0.0,0.0
3,0,0.96836203,0.0,0.03163797,0.0,0.0,0.0,0.0,0.0,0.0,0.0,0.0,0.0
3,0,0.96836203,0.0,0.03163797,0.0,0.0,0.0,0.0,0.0,0.0,0.0,0.0,0.0
3,0,0.96836203,0.0,0.03163797,0.0,0.0,0.0,0.0,0.0,0.0,0.0,0.0,0.0
3,0,0.96836203,0.0,0.03163797,0.0,0.0,0.0,0.0,0.0,0.0,0.0,0.0,0.0
3,0,0.96836203,0.0,0.03163797,0.0,0.0,0.0,0.0,0.0,0.0,0.0,0.0,0.0
3,0,0.96836203,0.0,0.03163797,0.0,0.0,0.0,0.0,0.0,0.0,0.0,0.0,0.0
3,0,0.96836203,0.0,0.03163797,0.0,0.0,0.0,0.0,0.0,0.0,0.0,0.0,0.0
3,0,0.96836203,0.0,0.03163797,0.0,0.0,0.0,0.0,0.0,0.0,0.0,0.0,0.0
3,0,0.96836203,0.0,0.03163797,0.0,0.0,0.0,0.0,0.0,0.0,0.0,0.0,0.0
3,0,0.96836203,0.0,0.03163797,0.0,0.0,0.0,0.0,0.0,0.0,0.0,0.0,0.0
3,0,0.96836203,0.0,0.03163797,0.0,0.0,0.0,0.0,0.0,0.0,0.0,0.0,0.0
3,0,0.96836203,0.0,0.03163797,0.0,0.0,0.0,0.0,0.0,0.0,0.0,0.0,0.0
3,0,0.96836203,0.0,0.03163797,0.0,0.0,0.0,0.0,0.0,0.0,0.0,0.0,0.0
3,0,0.96836203,0.0,0.03163797,0.0,0.0,0.0,0.0,0.0,0.0,0.0,0.0,0.0
3,0,0.96836203,0.0,0.03163797,0.0,0.0,0.0,0.0,0.0,0.0,0.0,0.0,0.0
3,0,0.96836203,0.0,0.03163797,0.0,0.0,0.0,0.0,0.0,0.0,0.0,0.0,0.0
3,0,0.96836203,0.0,0.03163797,0.0,0.0,0.0,0.0,0.0,0.0,0.0,0.0,0.0
3,0,0.96836203,0.0,0.03163797,0.0,0.0,0.0,0.0,0.0,0.0,0.0,0.0,0.0
3,0,0.96836203,0.0,0.03163797,0.0,0.0,0.0,0.0,0.0,0.0,0.0,0.0,0.0
3,0,0.96836203,0.0,0.03163797,0.0,0.0,0.0,0.0,0.0,0.0,0.0,0.0,0.0
3,0,0.96836203,0.0,0.03163797,0.0,0.0,0.0,0.0,0.0,0.0,0.0,0.0,0.0
3,0,0.96836203,0.0,0.03163797,0.0,0.0,0.0,0.0,0.0,0.0,0.0,0.0,0.0
3,0,0.96836203,0.0,0.03163797,0.0,0.0,0.0,0.0,0.0,0.0,0.0,0.0,0.0
3,0,0.96836203,0.0,0.03163797,0.0,0.0,0.0,0.0,0.0,0.0,0.0,0.0,0.0
3,0,0.96836203,0.0,0.03163797,0.0,0.0,0.0,0.0,0.0,0.0,0.0,0.0,0.0
3,0,0.96836203,0.0,0.03163797,0.0,0.0,0.0,0.0,0.0,0.0,0.0,0.0,0.0
3,0,0.96836203,0.0,0.03163797,0.0,0.0,0.0,0.0,0.0,0.0,0.0,0.0,0.0
3,0,0.96836203,0.0,0.03163797,0.0,0.0,0.0,0.0,0.0,0.0,0.0,0.0,0.0
3,0,0.96836203,0.0,0.03163797,0.0,0.0,0.0,0.0,0.0,0.0,0.0,0.0,0.0
3,0,0.96836203,0.0,0.03163797,0.0,0.0,0.0,0.0,0.0,0.0,0.0,0.0,0.0
3,0,0.96836203,0.0,0.03163797,0.0,0.0,0.0,0.0,0.0,0.0,0.0,0.0,0.0
3,0,0.96836203,0.0,0.03163797,0.0,0.0,0.0,0.0,0.0,0.0,0.0,0.0,0.0
3,0,0.96836203,0.0,0.03163797,0.0,0.0,0.0,0.0,0.0,0.0,0.0,0.0,0.0
3,0,0.96836203,0.0,0.03163797,0.0,0.0,0.0,0.0,0.0,0.0,0.0,0.0,0.0
3,0,0.96836203,0.0,0.03163797,0.0,0.0,0.0,0.0,0.0,0.0,0.0,0.0,0.0
3,0,0.96836203,0.0,0.03163797,0.0,0.0,0.0,0.0,0.0,0.0,0.0,0.0,0.0
3,0,0.96836203,0.0,0.03163797,0.0,0.0,0.0,0.0,0.0,0.0,0.0,0.0,0.0
3,0,0.96836203,0.0,0.03163797,0.0,0.0,0.0,0.0,0.0,0.0,0.0,0.0,0.0
3,0,0.96836203,0.0,0.03163797,0.0,0.0,0.0,0.0,0.0,0.0,0.0,0.0,0.0
3,0,0.96836203,0.0,0.03163797,0.0,0.0,0.0,0.0,0.0,0.0,0.0,0.0,0.0
3,0,0.96836203,0.0,0.03163797,0.0,0.0,0.0,0.0,0.0,0.0,0.0,0.0,0.0
3,0,0.96836203,0.0,0.03163797,0.0,0.0,0.0,0.0,0.0,0.0,0.0,0.0,0.0
3,0,0.96836203,0.0,0.03163797,0.0,0.0,0.0,0.0,0.0,0.0,0.0,0.0,0.0
3,0,0.96836203,0.0,0.03163797,0.0,0.0,0.0,0.0,0.0,0.0,0.0,0.0,0.0
3,0,0.96836203,0.0,0.03163797,0.0,0.0,0.0,0.0,0.0,0.0,0.0,0.0,0.0
3,0,0.96836203,0.0,0.03163797,0.0,0.0,0.0,0.0,0.0,0.0,0.0,0.0,0.0
3,0,0.96836203,0.0,0.03163797,0.0,0.0,0.0,0.0,0.0,0.0,0.0,0.0,0.0
3,0,0.96836203,0.0,0.03163797,0.0,0.0,0.0,0.0,0.0,0.0,0.0,0.0,0.0
3,0,0.96836203,0.0,0.03163797,0.0,0.0,0.0,0.0,0.0,0.0,0.0,0.0,0.0
3,0,0.96836203,0.0,0.03163797,0.0,0.0,0.0,0.0,0.0,0.0,0.0,0.0,0.0
3,0,0.96836203,0.0,0.03163797,0.0,0.0,0.0,0.0,0.0,0.0,0.0,0.0,0.0
3,0,0.96836203,0.0,0.03163797,0.0,0.0,0.0,0.0,0.0,0.0,0.0,0.0,0.0
3,0,0.96836203,0.0,0.03163797,0.0,0.0,0.0,0.0,0.0,0.0,0.0,0.0,0.0
3,0,0.96836203,0.0,0.03163797,0.0,0.0,0.0,0.0,0.0,0.0,0.0,0.0,0.0
3,0,0.96836203,0.0,0.03163797,0.0,0.0,0.0,0.0,0.0,0.0,0.0,0.0,0.0
3,0,0.96836203,0.0,0.03163797,0.0,0.0,0.0,0.0,0.0,0.0,0.0,0.0,0.0
3,0,0.96836203,0.0,0.03163797,0.0,0.0,0.0,0.0,0.0,0.0,0.0,0.0,0.0
3,0,0.96836203,0.0,0.03163797,0.0,0.0,0.0,0.0,0.0,0.0,0.0,0.0,0.0
3,0,0.96836203,0.0,0.03163797,0.0,0.0,0.0,0.0,0.0,0.0,0.0,0.0,0.0
3,0,0.96836203,0.0,0.03163797,0.0,0.0,0.0,0.0,0.0,0.0,0.0,0.0,0.0
3,0,0.96836203,0.0,0.03163797,0.0,0.0,0.0,0.0,0.0,0.0,0.0,0.0,0.0
3,0,0.96836203,0.0,0.03163797,0.0,0.0,0.0,0.0,0.0,0.0,0.0,0.0,0.0
3,0,0.96836203,0.0,0.03163797,0.0,0.0,0.0,0.0,0.0,0.0,0.0,0.0,0.0
3,0,0.96836203,0.0,0.03163797,0.0,0.0,0.0,0.0,0.0,0.0,0.0,0.0,0.0
3,0,0.96836203,0.0,0.03163797,0.0,0.0,0.0,0.0,0.0,0.0,0.0,0.0,0.0
3,0,0.96836203,0.0,0.03163797,0.0,0.0,0.0,0.0,0.0,0.0,0.0,0.0,0.0
3,0,0.96836203,0.0,0.03163797,0.0,0.0,0.0,0.0,0.0,0.0,0.0,0.0,0.0
3,0,0.96836203,0.0,0.03163797,0.0,0.0,0.0,0.0,0.0,0.0,0.0,0.0,0.0
3,0,0.96836203,0.0,0.03163797,0.0,0.0,0.0,0.0,0.0,0.0,0.0,0.0,0.0
3,0,0.96836203,0.0,0.03163797,0.0,0.0,0.0,0.0,0.0,0.0,0.0,0.0,0.0
3,0,0.96836203,0.0,0.03163797,0.0,0.0,0.0,0.0,0.0,0.0,0.0,0.0,0.0
3,0,0.96836203,0.0,0.03163797,0.0,0.0,0.0,0.0,0.0,0.0,0.0,0.0,0.0
3,0,0.96836203,0.0,0.03163797,0.0,0.0,0.0,0.0,0.0,0.0,0.0,0.0,0.0
3,0,0.96836203,0.0,0.03163797,0.0,0.0,0.0,0.0,0.0,0.0,0.0,0.0,0.0
3,0,0.96836203,0.0,0.03163797,0.0,0.0,0.0,0.0,0.0,0.0,0.0,0.0,0.0
3,0,0.96836203,0.0,0.03163797,0.0,0.0,0.0,0.0,0.0,0.0,0.0,0.0,0.0
3,0,0.96836203,0.0,0.03163797,0.0,0.0,0.0,0.0,0.0,0.0,0.0,0.0,0.0
3,0,0.96836203,0.0,0.03163797,0.0,0.0,0.0,0.0,0.0,0.0,0.0,0.0,0.0
3,0,0.96836203,0.0,0.03163797,0.0,0.0,0.0,0.0,0.0,0.0,0.0,0.0,0.0
3,0,0.96836203,0.0,0.03163797,0.0,0.0,0.0,0.0,0.0,0.0,0.0,0.0,0.0
3,0,0.96836203,0.0,0.03163797,0.0,0.0,0.0,0.0,0.0,0.0,0.0,0.0,0.0
3,0,0.96836203,0.0,0.03163797,0.0,0.0,0.0,0.0,0.0,0.0,0.0,0.0,0.0
3,0,0.96836203,0.0,0.03163797,0.0,0.0,0.0,0.0,0.0,0.0,0.0,0.0,0.0
3,0,0.96836203,0.0,0.03163797,0.0,0.0,0.0,0.0,0.0,0.0,0.0,0.0,0.0
3,0,0.96836203,0.0,0.03163797,0.0,0.0,0.0,0.0,0.0,0.0,0.0,0.0,0.0
3,0,0.96836203,0.0,0.03163797,0.0,0.0,0.0,0.0,0.0,0.0,0.0,0.0,0.0
3,0,0.96836203,0.0,0.03163797,0.0,0.0,0.0,0.0,0.0,0.0,0.0,0.0,0.0
3,0,0.96836203,0.0,0.03163797,0.0,0.0,0.0,0.0,0.0,0.0,0.0,0.0,0.0
3,0,0.96836203,0.0,0.03163797,0.0,0.0,0.0,0.0,0.0,0.0,0.0,0.0,0.0
3,0,0.96836203,0.0,0.03163797,0.0,0.0,0.0,0.0,0.0,0.0,0.0,0.0,0.0
3,0,0.96836203,0.0,0.03163797,0.0,0.0,0.0,0.0,0.0,0.0,0.0,0.0,0.0
3,0,0.96836203,0.0,0.03163797,0.0,0.0,0.0,0.0,0.0,0.0,0.0,0.0,0.0
3,0,0.96836203,0.0,0.03163797,0.0,0.0,0.0,0.0,0.0,0.0,0.0,0.0,0.0
3,0,0.96836203,0.0,0.03163797,0.0,0.0,0.0,0.0,0.0,0.0,0.0,0.0,0.0
3,0,0.96836203,0.0,0.03163797,0.0,0.0,0.0,0.0,0.0,0.0,0.0,0.0,0.0
3,0,0.96836203,0.0,0.03163797,0.0,0.0,0.0,0.0,0.0,0.0,0.0,0.0,0.0
3,0,0.96836203,0.0,0.03163797,0.0,0.0,0.0,0.0,0.0,0.0,0.0,0.0,0.0
3,0,0.96836203,0.0,0.03163797,0.0,0.0,0.0,0.0,0.0,0.0,0.0,0.0,0.0
3,0,0.96836203,0.0,0.03163797,0.0,0.0,0.0,0.0,0.0,0.0,0.0,0.0,0.0
3,0,0.96836203,0.0,0.03163797,0.0,0.0,0.0,0.0,0.0,0.0,0.0,0.0,0.0
3,0,0.96836203,0.0,0.03163797,0.0,0.0,0.0,0.0,0.0,0.0,0.0,0.0,0.0
3,0,0.96836203,0.0,0.03163797,0.0,0.0,0.0,0.0,0.0,0.0,0.0,0.0,0.0
3,0,0.96836203,0.0,0.03163797,0.0,0.0,0.0,0.0,0.0,0.0,0.0,0.0,0.0
3,0,0.96836203,0.0,0.03163797,0.0,0.0,0.0,0.0,0.0,0.0,0.0,0.0,0.0
3,0,0.96836203,0.0,0.03163797,0.0,0.0,0.0,0.0,0.0,0.0,0.0,0.0,0.0
3,0,0.96836203,0.0,0.03163797,0.0,0.0,0.0,0.0,0.0,0.0,0.0,0.0,0.0
3,0,0.96836203,0.0,0.03163797,0.0,0.0,0.0,0.0,0.0,0.0,0.0,0.0,0.0
3,0,0.96836203,0.0,0.03163797,0.0,0.0,0.0,0.0,0.0,0.0,0.0,0.0,0.0
3,0,0.96836203,0.0,0.03163797,0.0,0.0,0.0,0.0,0.0,0.0,0.0,0.0,0.0
3,0,0.96836203,0.0,0.03163797,0.0,0.0,0.0,0.0,0.0,0.0,0.0,0.0,0.0
3,0,0.96836203,0.0,0.03163797,0.0,0.0,0.0,0.0,0.0,0.0,0.0,0.0,0.0
3,0,0.96836203,0.0,0.03163797,0.0,0.0,0.0,0.0,0.0,0.0,0.0,0.0,0.0
3,0,0.96836203,0.0,0.03163797,0.0,0.0,0.0,0.0,0.0,0.0,0.0,0.0,0.0
3,0,0.96836203,0.0,0.03163797,0.0,0.0,0.0,0.0,0.0,0.0,0.0,0.0,0.0
3,0,0.96836203,0.0,0.03163797,0.0,0.0,0.0,0.0,0.0,0.0,0.0,0.0,0.0
3,0,0.96836203,0.0,0.03163797,0.0,0.0,0.0,0.0,0.0,0.0,0.0,0.0,0.0
3,0,0.96836203,0.0,0.03163797,0.0,0.0,0.0,0.0,0.0,0.0,0.0,0.0,0.0
3,0,0.96836203,0.0,0.03163797,0.0,0.0,0.0,0.0,0.0,0.0,0.0,0.0,0.0
3,0,0.96836203,0.0,0.03163797,0.0,0.0,0.0,0.0,0.0,0.0,0.0,0.0,0.0
3,0,0.96836203,0.0,0.03163797,0.0,0.0,0.0,0.0,0.0,0.0,0.0,0.0,0.0
3,0,0.96836203,0.0,0.03163797,0.0,0.0,0.0,0.0,0.0,0.0,0.0,0.0,0.0
3,0,0.96836203,0.0,0.03163797,0.0,0.0,0.0,0.0,0.0,0.0,0.0,0.0,0.0
3,0,0.96836203,0.0,0.03163797,0.0,0.0,0.0,0.0,0.0,0.0,0.0,0.0,0.0
3,0,0.96836203,0.0,0.03163797,0.0,0.0,0.0,0.0,0.0,0.0,0.0,0.0,0.0
3,0,0.96836203,0.0,0.03163797,0.0,0.0,0.0,0.0,0.0,0.0,0.0,0.0,0.0
3,0,0.96836203,0.0,0.03163797,0.0,0.0,0.0,0.0,0.0,0.0,0.0,0.0,0.0
3,0,0.96836203,0.0,0.03163797,0.0,0.0,0.0,0.0,0.0,0.0,0.0,0.0,0.0
3,0,0.96836203,0.0,0.03163797,0.0,0.0,0.0,0.0,0.0,0.0,0.0,0.0,0.0
3,0,0.96836203,0.0,0.03163797,0.0,0.0,0.0,0.0,0.0,0.0,0.0,0.0,0.0
3,0,0.96836203,0.0,0.03163797,0.0,0.0,0.0,0.0,0.0,0.0,0.0,0.0,0.0
3,0,0.96836203,0.0,0.03163797,0.0,0.0,0.0,0.0,0.0,0.0,0.0,0.0,0.0
3,0,0.96836203,0.0,0.03163797,0.0,0.0,0.0,0.0,0.0,0.0,0.0,0.0,0.0
3,0,0.96836203,0.0,0.03163797,0.0,0.0,0.0,0.0,0.0,0.0,0.0,0.0,0.0
3,0,0.96836203,0.0,0.03163797,0.0,0.0,0.0,0.0,0.0,0.0,0.0,0.0,0.0
3,0,0.96836203,0.0,0.03163797,0.0,0.0,0.0,0.0,0.0,0.0,0.0,0.0,0.0
3,0,0.96836203,0.0,0.03163797,0.0,0.0,0.0,0.0,0.0,0.0,0.0,0.0,0.0
3,0,0.96836203,0.0,0.03163797,0.0,0.0,0.0,0.0,0.0,0.0,0.0,0.0,0.0
3,0,0.96836203,0.0,0.03163797,0.0,0.0,0.0,0.0,0.0,0.0,0.0,0.0,0.0
3,0,0.96836203,0.0,0.03163797,0.0,0.0,0.0,0.0,0.0,0.0,0.0,0.0,0.0
3,0,0.96836203,0.0,0.03163797,0.0,0.0,0.0,0.0,0.0,0.0,0.0,0.0,0.0
3,0,0.96836203,0.0,0.03163797,0.0,0.0,0.0,0.0,0.0,0.0,0.0,0.0,0.0
3,0,0.96836203,0.0,0.03163797,0.0,0.0,0.0,0.0,0.0,0.0,0.0,0.0,0.0
3,0,0.96836203,0.0,0.03163797,0.0,0.0,0.0,0.0,0.0,0.0,0.0,0.0,0.0
3,0,0.96836203,0.0,0.03163797,0.0,0.0,0.0,0.0,0.0,0.0,0.0,0.0,0.0
3,0,0.96836203,0.0,0.03163797,0.0,0.0,0.0,0.0,0.0,0.0,0.0,0.0,0.0
3,0,0.96836203,0.0,0.03163797,0.0,0.0,0.0,0.0,0.0,0.0,0.0,0.0,0.0
3,0,0.96836203,0.0,0.03163797,0.0,0.0,0.0,0.0,0.0,0.0,0.0,0.0,0.0
3,0,0.96836203,0.0,0.03163797,0.0,0.0,0.0,0.0,0.0,0.0,0.0,0.0,0.0
3,0,0.96836203,0.0,0.03163797,0.0,0.0,0.0,0.0,0.0,0.0,0.0,0.0,0.0
3,0,0.96836203,0.0,0.03163797,0.0,0.0,0.0,0.0,0.0,0.0,0.0,0.0,0.0
3,0,0.96836203,0.0,0.03163797,0.0,0.0,0.0,0.0,0.0,0.0,0.0,0.0,0.0
3,0,0.96836203,0.0,0.03163797,0.0,0.0,0.0,0.0,0.0,0.0,0.0,0.0,0.0
3,0,0.96836203,0.0,0.03163797,0.0,0.0,0.0,0.0,0.0,0.0,0.0,0.0,0.0
3,0,0.96836203,0.0,0.03163797,0.0,0.0,0.0,0.0,0.0,0.0,0.0,0.0,0.0
3,0,0.96836203,0.0,0.03163797,0.0,0.0,0.0,0.0,0.0,0.0,0.0,0.0,0.0
3,0,0.96836203,0.0,0.03163797,0.0,0.0,0.0,0.0,0.0,0.0,0.0,0.0,0.0
3,0,0.96836203,0.0,0.03163797,0.0,0.0,0.0,0.0,0.0,0.0,0.0,0.0,0.0
3,0,0.96836203,0.0,0.03163797,0.0,0.0,0.0,0.0,0.0,0.0,0.0,0.0,0.0
3,0,0.96836203,0.0,0.03163797,0.0,0.0,0.0,0.0,0.0,0.0,0.0,0.0,0.0
3,0,0.96836203,0.0,0.03163797,0.0,0.0,0.0,0.0,0.0,0.0,0.0,0.0,0.0
3,0,0.96836203,0.0,0.03163797,0.0,0.0,0.0,0.0,0.0,0.0,0.0,0.0,0.0
3,0,0.96836203,0.0,0.03163797,0.0,0.0,0.0,0.0,0.0,0.0,0.0,0.0,0.0
3,0,0.96836203,0.0,0.03163797,0.0,0.0,0.0,0.0,0.0,0.0,0.0,0.0,0.0
3,0,0.96836203,0.0,0.03163797,0.0,0.0,0.0,0.0,0.0,0.0,0.0,0.0,0.0
3,0,0.96836203,0.0,0.03163797,0.0,0.0,0.0,0.0,0.0,0.0,0.0,0.0,0.0
3,0,0.96836203,0.0,0.03163797,0.0,0.0,0.0,0.0,0.0,0.0,0.0,0.0,0.0
3,0,0.96836203,0.0,0.03163797,0.0,0.0,0.0,0.0,0.0,0.0,0.0,0.0,0.0
3,0,0.96836203,0.0,0.03163797,0.0,0.0,0.0,0.0,0.0,0.0,0.0,0.0,0.0
3,0,0.96836203,0.0,0.03163797,0.0,0.0,0.0,0.0,0.0,0.0,0.0,0.0,0.0
3,0,0.96836203,0.0,0.03163797,0.0,0.0,0.0,0.0,0.0,0.0,0.0,0.0,0.0
3,0,0.96836203,0.0,0.03163797,0.0,0.0,0.0,0.0,0.0,0.0,0.0,0.0,0.0
3,0,0.96836203,0.0,0.03163797,0.0,0.0,0.0,0.0,0.0,0.0,0.0,0.0,0.0
3,0,0.96836203,0.0,0.03163797,0.0,0.0,0.0,0.0,0.0,0.0,0.0,0.0,0.0
3,0,0.96836203,0.0,0.03163797,0.0,0.0,0.0,0.0,0.0,0.0,0.0,0.0,0.0
3,0,0.96836203,0.0,0.03163797,0.0,0.0,0.0,0.0,0.0,0.0,0.0,0.0,0.0
3,0,0.96836203,0.0,0.03163797,0.0,0.0,0.0,0.0,0.0,0.0,0.0,0.0,0.0
3,0,0.96836203,0.0,0.03163797,0.0,0.0,0.0,0.0,0.0,0.0,0.0,0.0,0.0
3,0,0.96836203,0.0,0.03163797,0.0,0.0,0.0,0.0,0.0,0.0,0.0,0.0,0.0
3,0,0.96836203,0.0,0.03163797,0.0,0.0,0.0,0.0,0.0,0.0,0.0,0.0,0.0
3,0,0.96836203,0.0,0.03163797,0.0,0.0,0.0,0.0,0.0,0.0,0.0,0.0,0.0
3,0,0.96836203,0.0,0.03163797,0.0,0.0,0.0,0.0,0.0,0.0,0.0,0.0,0.0
3,0,0.96836203,0.0,0.03163797,0.0,0.0,0.0,0.0,0.0,0.0,0.0,0.0,0.0
3,0,0.96836203,0.0,0.03163797,0.0,0.0,0.0,0.0,0.0,0.0,0.0,0.0,0.0
3,0,0.96836203,0.0,0.03163797,0.0,0.0,0.0,0.0,0.0,0.0,0.0,0.0,0.0
3,0,0.96836203,0.0,0.03163797,0.0,0.0,0.0,0.0,0.0,0.0,0.0,0.0,0.0
3,0,0.96836203,0.0,0.03163797,0.0,0.0,0.0,0.0,0.0,0.0,0.0,0.0,0.0
3,0,0.96836203,0.0,0.03163797,0.0,0.0,0.0,0.0,0.0,0.0,0.0,0.0,0.0
3,0,0.96836203,0.0,0.03163797,0.0,0.0,0.0,0.0,0.0,0.0,0.0,0.0,0.0
3,0,0.96836203,0.0,0.03163797,0.0,0.0,0.0,0.0,0.0,0.0,0.0,0.0,0.0
3,0,0.96836203,0.0,0.03163797,0.0,0.0,0.0,0.0,0.0,0.0,0.0,0.0,0.0
3,0,0.96836203,0.0,0.03163797,0.0,0.0,0.0,0.0,0.0,0.0,0.0,0.0,0.0
3,0,0.96836203,0.0,0.03163797,0.0,0.0,0.0,0.0,0.0,0.0,0.0,0.0,0.0
3,0,0.96836203,0.0,0.03163797,0.0,0.0,0.0,0.0,0.0,0.0,0.0,0.0,0.0
3,0,0.96836203,0.0,0.03163797,0.0,0.0,0.0,0.0,0.0,0.0,0.0,0.0,0.0
3,0,0.96836203,0.0,0.03163797,0.0,0.0,0.0,0.0,0.0,0.0,0.0,0.0,0.0
3,0,0.96836203,0.0,0.03163797,0.0,0.0,0.0,0.0,0.0,0.0,0.0,0.0,0.0
3,0,0.96836203,0.0,0.03163797,0.0,0.0,0.0,0.0,0.0,0.0,0.0,0.0,0.0
3,0,0.96836203,0.0,0.03163797,0.0,0.0,0.0,0.0,0.0,0.0,0.0,0.0,0.0
3,0,0.96836203,0.0,0.03163797,0.0,0.0,0.0,0.0,0.0,0.0,0.0,0.0,0.0
3,0,0.96836203,0.0,0.03163797,0.0,0.0,0.0,0.0,0.0,0.0,0.0,0.0,0.0
3,0,0.96836203,0.0,0.03163797,0.0,0.0,0.0,0.0,0.0,0.0,0.0,0.0,0.0
3,0,0.96836203,0.0,0.03163797,0.0,0.0,0.0,0.0,0.0,0.0,0.0,0.0,0.0
3,0,0.96836203,0.0,0.03163797,0.0,0.0,0.0,0.0,0.0,0.0,0.0,0.0,0.0
3,0,0.96836203,0.0,0.03163797,0.0,0.0,0.0,0.0,0.0,0.0,0.0,0.0,0.0
3,0,0.96836203,0.0,0.03163797,0.0,0.0,0.0,0.0,0.0,0.0,0.0,0.0,0.0
3,0,0.96836203,0.0,0.03163797,0.0,0.0,0.0,0.0,0.0,0.0,0.0,0.0,0.0
3,0,0.96836203,0.0,0.03163797,0.0,0.0,0.0,0.0,0.0,0.0,0.0,0.0,0.0
3,0,0.96836203,0.0,0.03163797,0.0,0.0,0.0,0.0,0.0,0.0,0.0,0.0,0.0
3,0,0.96836203,0.0,0.03163797,0.0,0.0,0.0,0.0,0.0,0.0,0.0,0.0,0.0
3,0,0.96836203,0.0,0.03163797,0.0,0.0,0.0,0.0,0.0,0.0,0.0,0.0,0.0
3,0,0.96836203,0.0,0.03163797,0.0,0.0,0.0,0.0,0.0,0.0,0.0,0.0,0.0
3,0,0.96836203,0.0,0.03163797,0.0,0.0,0.0,0.0,0.0,0.0,0.0,0.0,0.0
3,0,0.96836203,0.0,0.03163797,0.0,0.0,0.0,0.0,0.0,0.0,0.0,0.0,0.0
3,0,0.96836203,0.0,0.03163797,0.0,0.0,0.0,0.0,0.0,0.0,0.0,0.0,0.0
3,0,0.96836203,0.0,0.03163797,0.0,0.0,0.0,0.0,0.0,0.0,0.0,0.0,0.0
3,0,0.96836203,0.0,0.03163797,0.0,0.0,0.0,0.0,0.0,0.0,0.0,0.0,0.0
3,0,0.96836203,0.0,0.03163797,0.0,0.0,0.0,0.0,0.0,0.0,0.0,0.0,0.0
3,0,0.96836203,0.0,0.03163797,0.0,0.0,0.0,0.0,0.0,0.0,0.0,0.0,0.0
3,0,0.96836203,0.0,0.03163797,0.0,0.0,0.0,0.0,0.0,0.0,0.0,0.0,0.0
3,0,0.96836203,0.0,0.03163797,0.0,0.0,0.0,0.0,0.0,0.0,0.0,0.0,0.0
3,0,0.96836203,0.0,0.03163797,0.0,0.0,0.0,0.0,0.0,0.0,0.0,0.0,0.0
3,0,0.96836203,0.0,0.03163797,0.0,0.0,0.0,0.0,0.0,0.0,0.0,0.0,0.0
3,0,0.96836203,0.0,0.03163797,0.0,0.0,0.0,0.0,0.0,0.0,0.0,0.0,0.0
3,0,0.96836203,0.0,0.03163797,0.0,0.0,0.0,0.0,0.0,0.0,0.0,0.0,0.0
3,0,0.96836203,0.0,0.03163797,0.0,0.0,0.0,0.0,0.0,0.0,0.0,0.0,0.0
3,0,0.96836203,0.0,0.03163797,0.0,0.0,0.0,0.0,0.0,0.0,0.0,0.0,0.0
3,0,0.96836203,0.0,0.03163797,0.0,0.0,0.0,0.0,0.0,0.0,0.0,0.0,0.0
3,0,0.96836203,0.0,0.03163797,0.0,0.0,0.0,0.0,0.0,0.0,0.0,0.0,0.0
3,0,0.96836203,0.0,0.03163797,0.0,0.0,0.0,0.0,0.0,0.0,0.0,0.0,0.0
3,0,0.96836203,0.0,0.03163797,0.0,0.0,0.0,0.0,0.0,0.0,0.0,0.0,0.0
3,0,0.96836203,0.0,0.03163797,0.0,0.0,0.0,0.0,0.0,0.0,0.0,0.0,0.0
3,0,0.96836203,0.0,0.03163797,0.0,0.0,0.0,0.0,0.0,0.0,0.0,0.0,0.0
3,0,0.96836203,0.0,0.03163797,0.0,0.0,0.0,0.0,0.0,0.0,0.0,0.0,0.0
3,0,0.96836203,0.0,0.03163797,0.0,0.0,0.0,0.0,0.0,0.0,0.0,0.0,0.0
3,0,0.96836203,0.0,0.03163797,0.0,0.0,0.0,0.0,0.0,0.0,0.0,0.0,0.0
3,0,0.96836203,0.0,0.03163797,0.0,0.0,0.0,0.0,0.0,0.0,0.0,0.0,0.0
3,0,0.96836203,0.0,0.03163797,0.0,0.0,0.0,0.0,0.0,0.0,0.0,0.0,0.0
3,0,0.96836203,0.0,0.03163797,0.0,0.0,0.0,0.0,0.0,0.0,0.0,0.0,0.0
3,0,0.96836203,0.0,0.03163797,0.0,0.0,0.0,0.0,0.0,0.0,0.0,0.0,0.0
3,0,0.96836203,0.0,0.03163797,0.0,0.0,0.0,0.0,0.0,0.0,0.0,0.0,0.0
3,0,0.96836203,0.0,0.03163797,0.0,0.0,0.0,0.0,0.0,0.0,0.0,0.0,0.0
3,0,0.96836203,0.0,0.03163797,0.0,0.0,0.0,0.0,0.0,0.0,0.0,0.0,0.0
3,0,0.96836203,0.0,0.03163797,0.0,0.0,0.0,0.0,0.0,0.0,0.0,0.0,0.0
3,0,0.96836203,0.0,0.03163797,0.0,0.0,0.0,0.0,0.0,0.0,0.0,0.0,0.0
3,0,0.96836203,0.0,0.03163797,0.0,0.0,0.0,0.0,0.0,0.0,0.0,0.0,0.0
3,0,0.96836203,0.0,0.03163797,0.0,0.0,0.0,0.0,0.0,0.0,0.0,0.0,0.0
3,0,0.96836203,0.0,0.03163797,0.0,0.0,0.0,0.0,0.0,0.0,0.0,0.0,0.0
3,0,0.96836203,0.0,0.03163797,0.0,0.0,0.0,0.0,0.0,0.0,0.0,0.0,0.0
3,0,0.96836203,0.0,0.03163797,0.0,0.0,0.0,0.0,0.0,0.0,0.0,0.0,0.0
3,0,0.96836203,0.0,0.03163797,0.0,0.0,0.0,0.0,0.0,0.0,0.0,0.0,0.0
3,0,0.96836203,0.0,0.03163797,0.0,0.0,0.0,0.0,0.0,0.0,0.0,0.0,0.0
3,0,0.96836203,0.0,0.03163797,0.0,0.0,0.0,0.0,0.0,0.0,0.0,0.0,0.0
3,0,0.96836203,0.0,0.03163797,0.0,0.0,0.0,0.0,0.0,0.0,0.0,0.0,0.0
3,0,0.96836203,0.0,0.03163797,0.0,0.0,0.0,0.0,0.0,0.0,0.0,0.0,0.0
3,0,0.96836203,0.0,0.03163797,0.0,0.0,0.0,0.0,0.0,0.0,0.0,0.0,0.0
3,0,0.96836203,0.0,0.03163797,0.0,0.0,0.0,0.0,0.0,0.0,0.0,0.0,0.0
3,0,0.96836203,0.0,0.03163797,0.0,0.0,0.0,0.0,0.0,0.0,0.0,0.0,0.0
3,0,0.96836203,0.0,0.03163797,0.0,0.0,0.0,0.0,0.0,0.0,0.0,0.0,0.0
3,0,0.96836203,0.0,0.03163797,0.0,0.0,0.0,0.0,0.0,0.0,0.0,0.0,0.0
3,0,0.96836203,0.0,0.03163797,0.0,0.0,0.0,0.0,0.0,0.0,0.0,0.0,0.0
3,0,0.96836203,0.0,0.03163797,0.0,0.0,0.0,0.0,0.0,0.0,0.0,0.0,0.0
3,0,0.96836203,0.0,0.03163797,0.0,0.0,0.0,0.0,0.0,0.0,0.0,0.0,0.0
3,0,0.96836203,0.0,0.03163797,0.0,0.0,0.0,0.0,0.0,0.0,0.0,0.0,0.0
3,0,0.96836203,0.0,0.03163797,0.0,0.0,0.0,0.0,0.0,0.0,0.0,0.0,0.0
3,0,0.96836203,0.0,0.03163797,0.0,0.0,0.0,0.0,0.0,0.0,0.0,0.0,0.0
3,0,0.96836203,0.0,0.03163797,0.0,0.0,0.0,0.0,0.0,0.0,0.0,0.0,0.0
3,0,0.96836203,0.0,0.03163797,0.0,0.0,0.0,0.0,0.0,0.0,0.0,0.0,0.0
3,0,0.96836203,0.0,0.03163797,0.0,0.0,0.0,0.0,0.0,0.0,0.0,0.0,0.0
3,0,0.96836203,0.0,0.03163797,0.0,0.0,0.0,0.0,0.0,0.0,0.0,0.0,0.0
3,0,0.96836203,0.0,0.03163797,0.0,0.0,0.0,0.0,0.0,0.0,0.0,0.0,0.0
3,0,0.96836203,0.0,0.03163797,0.0,0.0,0.0,0.0,0.0,0.0,0.0,0.0,0.0
3,0,0.96836203,0.0,0.03163797,0.0,0.0,0.0,0.0,0.0,0.0,0.0,0.0,0.0
3,0,0.96836203,0.0,0.03163797,0.0,0.0,0.0,0.0,0.0,0.0,0.0,0.0,0.0
3,0,0.96836203,0.0,0.03163797,0.0,0.0,0.0,0.0,0.0,0.0,0.0,0.0,0.0
3,0,0.96836203,0.0,0.03163797,0.0,0.0,0.0,0.0,0.0,0.0,0.0,0.0,0.0
3,0,0.96836203,0.0,0.03163797,0.0,0.0,0.0,0.0,0.0,0.0,0.0,0.0,0.0
3,0,0.96836203,0.0,0.03163797,0.0,0.0,0.0,0.0,0.0,0.0,0.0,0.0,0.0
3,0,0.96836203,0.0,0.03163797,0.0,0.0,0.0,0.0,0.0,0.0,0.0,0.0,0.0
3,0,0.96836203,0.0,0.03163797,0.0,0.0,0.0,0.0,0.0,0.0,0.0,0.0,0.0
3,0,0.96836203,0.0,0.03163797,0.0,0.0,0.0,0.0,0.0,0.0,0.0,0.0,0.0
3,0,0.96836203,0.0,0.03163797,0.0,0.0,0.0,0.0,0.0,0.0,0.0,0.0,0.0
3,0,0.96836203,0.0,0.03163797,0.0,0.0,0.0,0.0,0.0,0.0,0.0,0.0,0.0
3,0,0.96836203,0.0,0.03163797,0.0,0.0,0.0,0.0,0.0,0.0,0.0,0.0,0.0
3,0,0.96836203,0.0,0.03163797,0.0,0.0,0.0,0.0,0.0,0.0,0.0,0.0,0.0
3,0,0.96836203,0.0,0.03163797,0.0,0.0,0.0,0.0,0.0,0.0,0.0,0.0,0.0
3,0,0.96836203,0.0,0.03163797,0.0,0.0,0.0,0.0,0.0,0.0,0.0,0.0,0.0
3,0,0.96836203,0.0,0.03163797,0.0,0.0,0.0,0.0,0.0,0.0,0.0,0.0,0.0
3,0,0.96836203,0.0,0.03163797,0.0,0.0,0.0,0.0,0.0,0.0,0.0,0.0,0.0
3,0,0.96836203,0.0,0.03163797,0.0,0.0,0.0,0.0,0.0,0.0,0.0,0.0,0.0
3,0,0.96836203,0.0,0.03163797,0.0,0.0,0.0,0.0,0.0,0.0,0.0,0.0,0.0
3,0,0.96836203,0.0,0.03163797,0.0,0.0,0.0,0.0,0.0,0.0,0.0,0.0,0.0
3,0,0.96836203,0.0,0.03163797,0.0,0.0,0.0,0.0,0.0,0.0,0.0,0.0,0.0
3,0,0.96836203,0.0,0.03163797,0.0,0.0,0.0,0.0,0.0,0.0,0.0,0.0,0.0
3,0,0.96836203,0.0,0.03163797,0.0,0.0,0.0,0.0,0.0,0.0,0.0,0.0,0.0
3,0,0.96836203,0.0,0.03163797,0.0,0.0,0.0,0.0,0.0,0.0,0.0,0.0,0.0
3,0,0.96836203,0.0,0.03163797,0.0,0.0,0.0,0.0,0.0,0.0,0.0,0.0,0.0
3,0,0.96836203,0.0,0.03163797,0.0,0.0,0.0,0.0,0.0,0.0,0.0,0.0,0.0
3,0,0.96836203,0.0,0.03163797,0.0,0.0,0.0,0.0,0.0,0.0,0.0,0.0,0.0
3,0,0.96836203,0.0,0.03163797,0.0,0.0,0.0,0.0,0.0,0.0,0.0,0.0,0.0
3,0,0.96836203,0.0,0.03163797,0.0,0.0,0.0,0.0,0.0,0.0,0.0,0.0,0.0
3,0,0.96836203,0.0,0.03163797,0.0,0.0,0.0,0.0,0.0,0.0,0.0,0.0,0.0
3,0,0.96836203,0.0,0.03163797,0.0,0.0,0.0,0.0,0.0,0.0,0.0,0.0,0.0
3,0,0.96836203,0.0,0.03163797,0.0,0.0,0.0,0.0,0.0,0.0,0.0,0.0,0.0
3,0,0.96836203,0.0,0.03163797,0.0,0.0,0.0,0.0,0.0,0.0,0.0,0.0,0.0
3,0,0.96836203,0.0,0.03163797,0.0,0.0,0.0,0.0,0.0,0.0,0.0,0.0,0.0
3,0,0.96836203,0.0,0.03163797,0.0,0.0,0.0,0.0,0.0,0.0,0.0,0.0,0.0
3,0,0.96836203,0.0,0.03163797,0.0,0.0,0.0,0.0,0.0,0.0,0.0,0.0,0.0
3,0,0.96836203,0.0,0.03163797,0.0,0.0,0.0,0.0,0.0,0.0,0.0,0.0,0.0
3,0,0.96836203,0.0,0.03163797,0.0,0.0,0.0,0.0,0.0,0.0,0.0,0.0,0.0
3,0,0.96836203,0.0,0.03163797,0.0,0.0,0.0,0.0,0.0,0.0,0.0,0.0,0.0
3,0,0.96836203,0.0,0.03163797,0.0,0.0,0.0,0.0,0.0,0.0,0.0,0.0,0.0
3,0,0.96836203,0.0,0.03163797,0.0,0.0,0.0,0.0,0.0,0.0,0.0,0.0,0.0
3,0,0.96836203,0.0,0.03163797,0.0,0.0,0.0,0.0,0.0,0.0,0.0,0.0,0.0
3,0,0.96836203,0.0,0.03163797,0.0,0.0,0.0,0.0,0.0,0.0,0.0,0.0,0.0
3,0,0.96836203,0.0,0.03163797,0.0,0.0,0.0,0.0,0.0,0.0,0.0,0.0,0.0
3,0,0.96836203,0.0,0.03163797,0.0,0.0,0.0,0.0,0.0,0.0,0.0,0.0,0.0
3,0,0.96836203,0.0,0.03163797,0.0,0.0,0.0,0.0,0.0,0.0,0.0,0.0,0.0
3,0,0.96836203,0.0,0.03163797,0.0,0.0,0.0,0.0,0.0,0.0,0.0,0.0,0.0
3,0,0.96836203,0.0,0.03163797,0.0,0.0,0.0,0.0,0.0,0.0,0.0,0.0,0.0
3,0,0.96836203,0.0,0.03163797,0.0,0.0,0.0,0.0,0.0,0.0,0.0,0.0,0.0
3,0,0.96836203,0.0,0.03163797,0.0,0.0,0.0,0.0,0.0,0.0,0.0,0.0,0.0
3,0,0.96836203,0.0,0.03163797,0.0,0.0,0.0,0.0,0.0,0.0,0.0,0.0,0.0
3,0,0.96836203,0.0,0.03163797,0.0,0.0,0.0,0.0,0.0,0.0,0.0,0.0,0.0
3,0,0.96836203,0.0,0.03163797,0.0,0.0,0.0,0.0,0.0,0.0,0.0,0.0,0.0
3,0,0.96836203,0.0,0.03163797,0.0,0.0,0.0,0.0,0.0,0.0,0.0,0.0,0.0
3,0,0.96836203,0.0,0.03163797,0.0,0.0,0.0,0.0,0.0,0.0,0.0,0.0,0.0
3,0,0.96836203,0.0,0.03163797,0.0,0.0,0.0,0.0,0.0,0.0,0.0,0.0,0.0
3,0,0.96836203,0.0,0.03163797,0.0,0.0,0.0,0.0,0.0,0.0,0.0,0.0,0.0
3,0,0.96836203,0.0,0.03163797,0.0,0.0,0.0,0.0,0.0,0.0,0.0,0.0,0.0
3,0,0.96836203,0.0,0.03163797,0.0,0.0,0.0,0.0,0.0,0.0,0.0,0.0,0.0
3,0,0.96836203,0.0,0.03163797,0.0,0.0,0.0,0.0,0.0,0.0,0.0,0.0,0.0
3,0,0.96836203,0.0,0.03163797,0.0,0.0,0.0,0.0,0.0,0.0,0.0,0.0,0.0
3,0,0.96836203,0.0,0.03163797,0.0,0.0,0.0,0.0,0.0,0.0,0.0,0.0,0.0
3,0,0.96836203,0.0,0.03163797,0.0,0.0,0.0,0.0,0.0,0.0,0.0,0.0,0.0
3,0,0.96836203,0.0,0.03163797,0.0,0.0,0.0,0.0,0.0,0.0,0.0,0.0,0.0
3,0,0.96836203,0.0,0.03163797,0.0,0.0,0.0,0.0,0.0,0.0,0.0,0.0,0.0
3,0,0.96836203,0.0,0.03163797,0.0,0.0,0.0,0.0,0.0,0.0,0.0,0.0,0.0
3,0,0.96836203,0.0,0.03163797,0.0,0.0,0.0,0.0,0.0,0.0,0.0,0.0,0.0
3,0,0.96836203,0.0,0.03163797,0.0,0.0,0.0,0.0,0.0,0.0,0.0,0.0,0.0
3,0,0.96836203,0.0,0.03163797,0.0,0.0,0.0,0.0,0.0,0.0,0.0,0.0,0.0
3,0,0.96836203,0.0,0.03163797,0.0,0.0,0.0,0.0,0.0,0.0,0.0,0.0,0.0
3,0,0.96836203,0.0,0.03163797,0.0,0.0,0.0,0.0,0.0,0.0,0.0,0.0,0.0
3,0,0.96836203,0.0,0.03163797,0.0,0.0,0.0,0.0,0.0,0.0,0.0,0.0,0.0
3,0,0.96836203,0.0,0.03163797,0.0,0.0,0.0,0.0,0.0,0.0,0.0,0.0,0.0
3,0,0.96836203,0.0,0.03163797,0.0,0.0,0.0,0.0,0.0,0.0,0.0,0.0,0.0
3,0,0.96836203,0.0,0.03163797,0.0,0.0,0.0,0.0,0.0,0.0,0.0,0.0,0.0
3,0,0.96836203,0.0,0.03163797,0.0,0.0,0.0,0.0,0.0,0.0,0.0,0.0,0.0
3,0,0.96836203,0.0,0.03163797,0.0,0.0,0.0,0.0,0.0,0.0,0.0,0.0,0.0
3,0,0.96836203,0.0,0.03163797,0.0,0.0,0.0,0.0,0.0,0.0,0.0,0.0,0.0
3,0,0.96836203,0.0,0.03163797,0.0,0.0,0.0,0.0,0.0,0.0,0.0,0.0,0.0
3,0,0.96836203,0.0,0.03163797,0.0,0.0,0.0,0.0,0.0,0.0,0.0,0.0,0.0
3,0,0.96836203,0.0,0.03163797,0.0,0.0,0.0,0.0,0.0,0.0,0.0,0.0,0.0
3,0,0.96836203,0.0,0.03163797,0.0,0.0,0.0,0.0,0.0,0.0,0.0,0.0,0.0
3,0,0.96836203,0.0,0.03163797,0.0,0.0,0.0,0.0,0.0,0.0,0.0,0.0,0.0
3,0,0.96836203,0.0,0.03163797,0.0,0.0,0.0,0.0,0.0,0.0,0.0,0.0,0.0
3,0,0.96836203,0.0,0.03163797,0.0,0.0,0.0,0.0,0.0,0.0,0.0,0.0,0.0
3,0,0.96836203,0.0,0.03163797,0.0,0.0,0.0,0.0,0.0,0.0,0.0,0.0,0.0
3,0,0.96836203,0.0,0.03163797,0.0,0.0,0.0,0.0,0.0,0.0,0.0,0.0,0.0
3,0,0.96836203,0.0,0.03163797,0.0,0.0,0.0,0.0,0.0,0.0,0.0,0.0,0.0
3,0,0.96836203,0.0,0.03163797,0.0,0.0,0.0,0.0,0.0,0.0,0.0,0.0,0.0
3,0,0.96836203,0.0,0.03163797,0.0,0.0,0.0,0.0,0.0,0.0,0.0,0.0,0.0
3,0,0.96836203,0.0,0.03163797,0.0,0.0,0.0,0.0,0.0,0.0,0.0,0.0,0.0
3,0,0.96836203,0.0,0.03163797,0.0,0.0,0.0,0.0,0.0,0.0,0.0,0.0,0.0
3,0,0.96836203,0.0,0.03163797,0.0,0.0,0.0,0.0,0.0,0.0,0.0,0.0,0.0
3,0,0.96836203,0.0,0.03163797,0.0,0.0,0.0,0.0,0.0,0.0,0.0,0.0,0.0
3,0,0.96836203,0.0,0.03163797,0.0,0.0,0.0,0.0,0.0,0.0,0.0,0.0,0.0
3,0,0.96836203,0.0,0.03163797,0.0,0.0,0.0,0.0,0.0,0.0,0.0,0.0,0.0
3,0,0.96836203,0.0,0.03163797,0.0,0.0,0.0,0.0,0.0,0.0,0.0,0.0,0.0
3,0,0.96836203,0.0,0.03163797,0.0,0.0,0.0,0.0,0.0,0.0,0.0,0.0,0.0
3,0,0.96836203,0.0,0.03163797,0.0,0.0,0.0,0.0,0.0,0.0,0.0,0.0,0.0
3,0,0.96836203,0.0,0.03163797,0.0,0.0,0.0,0.0,0.0,0.0,0.0,0.0,0.0
3,0,0.96836203,0.0,0.03163797,0.0,0.0,0.0,0.0,0.0,0.0,0.0,0.0,0.0
3,0,0.96836203,0.0,0.03163797,0.0,0.0,0.0,0.0,0.0,0.0,0.0,0.0,0.0
3,0,0.96836203,0.0,0.03163797,0.0,0.0,0.0,0.0,0.0,0.0,0.0,0.0,0.0
3,0,0.96836203,0.0,0.03163797,0.0,0.0,0.0,0.0,0.0,0.0,0.0,0.0,0.0
3,0,0.96836203,0.0,0.03163797,0.0,0.0,0.0,0.0,0.0,0.0,0.0,0.0,0.0
3,0,0.96836203,0.0,0.03163797,0.0,0.0,0.0,0.0,0.0,0.0,0.0,0.0,0.0
3,0,0.96836203,0.0,0.03163797,0.0,0.0,0.0,0.0,0.0,0.0,0.0,0.0,0.0
3,0,0.96836203,0.0,0.03163797,0.0,0.0,0.0,0.0,0.0,0.0,0.0,0.0,0.0
3,0,0.96836203,0.0,0.03163797,0.0,0.0,0.0,0.0,0.0,0.0,0.0,0.0,0.0
3,0,0.96836203,0.0,0.03163797,0.0,0.0,0.0,0.0,0.0,0.0,0.0,0.0,0.0
3,0,0.96836203,0.0,0.03163797,0.0,0.0,0.0,0.0,0.0,0.0,0.0,0.0,0.0
3,0,0.96836203,0.0,0.03163797,0.0,0.0,0.0,0.0,0.0,0.0,0.0,0.0,0.0
3,0,0.96836203,0.0,0.03163797,0.0,0.0,0.0,0.0,0.0,0.0,0.0,0.0,0.0
3,0,0.96836203,0.0,0.03163797,0.0,0.0,0.0,0.0,0.0,0.0,0.0,0.0,0.0
3,0,0.96836203,0.0,0.03163797,0.0,0.0,0.0,0.0,0.0,0.0,0.0,0.0,0.0
3,0,0.96836203,0.0,0.03163797,0.0,0.0,0.0,0.0,0.0,0.0,0.0,0.0,0.0
3,0,0.96836203,0.0,0.03163797,0.0,0.0,0.0,0.0,0.0,0.0,0.0,0.0,0.0
3,0,0.96836203,0.0,0.03163797,0.0,0.0,0.0,0.0,0.0,0.0,0.0,0.0,0.0
3,0,0.96836203,0.0,0.03163797,0.0,0.0,0.0,0.0,0.0,0.0,0.0,0.0,0.0
3,0,0.96836203,0.0,0.03163797,0.0,0.0,0.0,0.0,0.0,0.0,0.0,0.0,0.0
3,0,0.96836203,0.0,0.03163797,0.0,0.0,0.0,0.0,0.0,0.0,0.0,0.0,0.0
3,0,0.96836203,0.0,0.03163797,0.0,0.0,0.0,0.0,0.0,0.0,0.0,0.0,0.0
3,0,0.96836203,0.0,0.03163797,0.0,0.0,0.0,0.0,0.0,0.0,0.0,0.0,0.0
3,0,0.96836203,0.0,0.03163797,0.0,0.0,0.0,0.0,0.0,0.0,0.0,0.0,0.0
3,0,0.96836203,0.0,0.03163797,0.0,0.0,0.0,0.0,0.0,0.0,0.0,0.0,0.0
3,0,0.96836203,0.0,0.03163797,0.0,0.0,0.0,0.0,0.0,0.0,0.0,0.0,0.0
3,0,0.96836203,0.0,0.03163797,0.0,0.0,0.0,0.0,0.0,0.0,0.0,0.0,0.0
3,0,0.96836203,0.0,0.03163797,0.0,0.0,0.0,0.0,0.0,0.0,0.0,0.0,0.0
3,0,0.96836203,0.0,0.03163797,0.0,0.0,0.0,0.0,0.0,0.0,0.0,0.0,0.0
3,0,0.96836203,0.0,0.03163797,0.0,0.0,0.0,0.0,0.0,0.0,0.0,0.0,0.0
3,0,0.96836203,0.0,0.03163797,0.0,0.0,0.0,0.0,0.0,0.0,0.0,0.0,0.0
3,0,0.96836203,0.0,0.03163797,0.0,0.0,0.0,0.0,0.0,0.0,0.0,0.0,0.0
3,0,0.96836203,0.0,0.03163797,0.0,0.0,0.0,0.0,0.0,0.0,0.0,0.0,0.0
3,0,0.96836203,0.0,0.03163797,0.0,0.0,0.0,0.0,0.0,0.0,0.0,0.0,0.0
3,0,0.96836203,0.0,0.03163797,0.0,0.0,0.0,0.0,0.0,0.0,0.0,0.0,0.0
3,0,0.96836203,0.0,0.03163797,0.0,0.0,0.0,0.0,0.0,0.0,0.0,0.0,0.0
3,0,0.96836203,0.0,0.03163797,0.0,0.0,0.0,0.0,0.0,0.0,0.0,0.0,0.0
3,0,0.96836203,0.0,0.03163797,0.0,0.0,0.0,0.0,0.0,0.0,0.0,0.0,0.0
3,0,0.96836203,0.0,0.03163797,0.0,0.0,0.0,0.0,0.0,0.0,0.0,0.0,0.0
3,0,0.96836203,0.0,0.03163797,0.0,0.0,0.0,0.0,0.0,0.0,0.0,0.0,0.0
3,0,0.96836203,0.0,0.03163797,0.0,0.0,0.0,0.0,0.0,0.0,0.0,0.0,0.0
3,0,0.96836203,0.0,0.03163797,0.0,0.0,0.0,0.0,0.0,0.0,0.0,0.0,0.0
3,0,0.96836203,0.0,0.03163797,0.0,0.0,0.0,0.0,0.0,0.0,0.0,0.0,0.0
3,0,0.96836203,0.0,0.03163797,0.0,0.0,0.0,0.0,0.0,0.0,0.0,0.0,0.0
3,0,0.96836203,0.0,0.03163797,0.0,0.0,0.0,0.0,0.0,0.0,0.0,0.0,0.0
3,0,0.96836203,0.0,0.03163797,0.0,0.0,0.0,0.0,0.0,0.0,0.0,0.0,0.0
3,0,0.96836203,0.0,0.03163797,0.0,0.0,0.0,0.0,0.0,0.0,0.0,0.0,0.0
3,0,0.96836203,0.0,0.03163797,0.0,0.0,0.0,0.0,0.0,0.0,0.0,0.0,0.0
3,0,0.96836203,0.0,0.03163797,0.0,0.0,0.0,0.0,0.0,0.0,0.0,0.0,0.0
3,0,0.96836203,0.0,0.03163797,0.0,0.0,0.0,0.0,0.0,0.0,0.0,0.0,0.0
3,0,0.96836203,0.0,0.03163797,0.0,0.0,0.0,0.0,0.0,0.0,0.0,0.0,0.0
3,0,0.96836203,0.0,0.03163797,0.0,0.0,0.0,0.0,0.0,0.0,0.0,0.0,0.0
3,0,0.96836203,0.0,0.03163797,0.0,0.0,0.0,0.0,0.0,0.0,0.0,0.0,0.0
3,0,0.96836203,0.0,0.03163797,0.0,0.0,0.0,0.0,0.0,0.0,0.0,0.0,0.0
3,0,0.96836203,0.0,0.03163797,0.0,0.0,0.0,0.0,0.0,0.0,0.0,0.0,0.0
3,0,0.96836203,0.0,0.03163797,0.0,0.0,0.0,0.0,0.0,0.0,0.0,0.0,0.0
3,0,0.96836203,0.0,0.03163797,0.0,0.0,0.0,0.0,0.0,0.0,0.0,0.0,0.0
3,0,0.96836203,0.0,0.03163797,0.0,0.0,0.0,0.0,0.0,0.0,0.0,0.0,0.0
3,0,0.96836203,0.0,0.03163797,0.0,0.0,0.0,0.0,0.0,0.0,0.0,0.0,0.0
3,0,0.96836203,0.0,0.03163797,0.0,0.0,0.0,0.0,0.0,0.0,0.0,0.0,0.0
3,0,0.96836203,0.0,0.03163797,0.0,0.0,0.0,0.0,0.0,0.0,0.0,0.0,0.0
3,0,0.96836203,0.0,0.03163797,0.0,0.0,0.0,0.0,0.0,0.0,0.0,0.0,0.0
3,0,0.96836203,0.0,0.03163797,0.0,0.0,0.0,0.0,0.0,0.0,0.0,0.0,0.0
3,0,0.96836203,0.0,0.03163797,0.0,0.0,0.0,0.0,0.0,0.0,0.0,0.0,0.0
3,0,0.96836203,0.0,0.03163797,0.0,0.0,0.0,0.0,0.0,0.0,0.0,0.0,0.0
3,0,0.96836203,0.0,0.03163797,0.0,0.0,0.0,0.0,0.0,0.0,0.0,0.0,0.0
3,0,0.96836203,0.0,0.03163797,0.0,0.0,0.0,0.0,0.0,0.0,0.0,0.0,0.0
3,0,0.96836203,0.0,0.03163797,0.0,0.0,0.0,0.0,0.0,0.0,0.0,0.0,0.0
3,0,0.96836203,0.0,0.03163797,0.0,0.0,0.0,0.0,0.0,0.0,0.0,0.0,0.0
3,0,0.96836203,0.0,0.03163797,0.0,0.0,0.0,0.0,0.0,0.0,0.0,0.0,0.0
3,0,0.96836203,0.0,0.03163797,0.0,0.0,0.0,0.0,0.0,0.0,0.0,0.0,0.0
3,0,0.96836203,0.0,0.03163797,0.0,0.0,0.0,0.0,0.0,0.0,0.0,0.0,0.0
3,0,0.96836203,0.0,0.03163797,0.0,0.0,0.0,0.0,0.0,0.0,0.0,0.0,0.0
3,0,0.96836203,0.0,0.03163797,0.0,0.0,0.0,0.0,0.0,0.0,0.0,0.0,0.0
3,0,0.96836203,0.0,0.03163797,0.0,0.0,0.0,0.0,0.0,0.0,0.0,0.0,0.0
3,0,0.96836203,0.0,0.03163797,0.0,0.0,0.0,0.0,0.0,0.0,0.0,0.0,0.0
3,0,0.96836203,0.0,0.03163797,0.0,0.0,0.0,0.0,0.0,0.0,0.0,0.0,0.0
3,0,0.96836203,0.0,0.03163797,0.0,0.0,0.0,0.0,0.0,0.0,0.0,0.0,0.0
3,0,0.96836203,0.0,0.03163797,0.0,0.0,0.0,0.0,0.0,0.0,0.0,0.0,0.0
3,0,0.96836203,0.0,0.03163797,0.0,0.0,0.0,0.0,0.0,0.0,0.0,0.0,0.0
3,0,0.96836203,0.0,0.03163797,0.0,0.0,0.0,0.0,0.0,0.0,0.0,0.0,0.0
3,0,0.96836203,0.0,0.03163797,0.0,0.0,0.0,0.0,0.0,0.0,0.0,0.0,0.0
3,0,0.96836203,0.0,0.03163797,0.0,0.0,0.0,0.0,0.0,0.0,0.0,0.0,0.0
3,0,0.96836203,0.0,0.03163797,0.0,0.0,0.0,0.0,0.0,0.0,0.0,0.0,0.0
3,0,0.96836203,0.0,0.03163797,0.0,0.0,0.0,0.0,0.0,0.0,0.0,0.0,0.0
3,0,0.96836203,0.0,0.03163797,0.0,0.0,0.0,0.0,0.0,0.0,0.0,0.0,0.0
3,0,0.96836203,0.0,0.03163797,0.0,0.0,0.0,0.0,0.0,0.0,0.0,0.0,0.0
3,0,0.96836203,0.0,0.03163797,0.0,0.0,0.0,0.0,0.0,0.0,0.0,0.0,0.0
3,0,0.96836203,0.0,0.03163797,0.0,0.0,0.0,0.0,0.0,0.0,0.0,0.0,0.0
3,0,0.96836203,0.0,0.03163797,0.0,0.0,0.0,0.0,0.0,0.0,0.0,0.0,0.0
3,0,0.96836203,0.0,0.03163797,0.0,0.0,0.0,0.0,0.0,0.0,0.0,0.0,0.0
3,0,0.96836203,0.0,0.03163797,0.0,0.0,0.0,0.0,0.0,0.0,0.0,0.0,0.0
3,0,0.96836203,0.0,0.03163797,0.0,0.0,0.0,0.0,0.0,0.0,0.0,0.0,0.0
3,0,0.96836203,0.0,0.03163797,0.0,0.0,0.0,0.0,0.0,0.0,0.0,0.0,0.0
3,0,0.96836203,0.0,0.03163797,0.0,0.0,0.0,0.0,0.0,0.0,0.0,0.0,0.0
3,0,0.96836203,0.0,0.03163797,0.0,0.0,0.0,0.0,0.0,0.0,0.0,0.0,0.0
3,0,0.96836203,0.0,0.03163797,0.0,0.0,0.0,0.0,0.0,0.0,0.0,0.0,0.0
3,0,0.96836203,0.0,0.03163797,0.0,0.0,0.0,0.0,0.0,0.0,0.0,0.0,0.0
3,0,0.96836203,0.0,0.03163797,0.0,0.0,0.0,0.0,0.0,0.0,0.0,0.0,0.0
3,0,0.96836203,0.0,0.03163797,0.0,0.0,0.0,0.0,0.0,0.0,0.0,0.0,0.0
3,0,0.96836203,0.0,0.03163797,0.0,0.0,0.0,0.0,0.0,0.0,0.0,0.0,0.0
3,0,0.96836203,0.0,0.03163797,0.0,0.0,0.0,0.0,0.0,0.0,0.0,0.0,0.0
3,0,0.96836203,0.0,0.03163797,0.0,0.0,0.0,0.0,0.0,0.0,0.0,0.0,0.0
3,0,0.96836203,0.0,0.03163797,0.0,0.0,0.0,0.0,0.0,0.0,0.0,0.0,0.0
3,0,0.96836203,0.0,0.03163797,0.0,0.0,0.0,0.0,0.0,0.0,0.0,0.0,0.0
3,0,0.96836203,0.0,0.03163797,0.0,0.0,0.0,0.0,0.0,0.0,0.0,0.0,0.0
3,0,0.96836203,0.0,0.03163797,0.0,0.0,0.0,0.0,0.0,0.0,0.0,0.0,0.0
3,0,0.96836203,0.0,0.03163797,0.0,0.0,0.0,0.0,0.0,0.0,0.0,0.0,0.0
3,0,0.96836203,0.0,0.03163797,0.0,0.0,0.0,0.0,0.0,0.0,0.0,0.0,0.0
3,0,0.96836203,0.0,0.03163797,0.0,0.0,0.0,0.0,0.0,0.0,0.0,0.0,0.0
3,0,0.96836203,0.0,0.03163797,0.0,0.0,0.0,0.0,0.0,0.0,0.0,0.0,0.0
3,0,0.96836203,0.0,0.03163797,0.0,0.0,0.0,0.0,0.0,0.0,0.0,0.0,0.0
3,0,0.96836203,0.0,0.03163797,0.0,0.0,0.0,0.0,0.0,0.0,0.0,0.0,0.0
3,0,0.96836203,0.0,0.03163797,0.0,0.0,0.0,0.0,0.0,0.0,0.0,0.0,0.0
3,0,0.96836203,0.0,0.03163797,0.0,0.0,0.0,0.0,0.0,0.0,0.0,0.0,0.0
3,0,0.96836203,0.0,0.03163797,0.0,0.0,0.0,0.0,0.0,0.0,0.0,0.0,0.0
3,0,0.96836203,0.0,0.03163797,0.0,0.0,0.0,0.0,0.0,0.0,0.0,0.0,0.0
3,0,0.96836203,0.0,0.03163797,0.0,0.0,0.0,0.0,0.0,0.0,0.0,0.0,0.0
3,0,0.96836203,0.0,0.03163797,0.0,0.0,0.0,0.0,0.0,0.0,0.0,0.0,0.0
3,0,0.96836203,0.0,0.03163797,0.0,0.0,0.0,0.0,0.0,0.0,0.0,0.0,0.0
3,0,0.96836203,0.0,0.03163797,0.0,0.0,0.0,0.0,0.0,0.0,0.0,0.0,0.0
3,0,0.96836203,0.0,0.03163797,0.0,0.0,0.0,0.0,0.0,0.0,0.0,0.0,0.0
3,0,0.96836203,0.0,0.03163797,0.0,0.0,0.0,0.0,0.0,0.0,0.0,0.0,0.0
3,0,0.96836203,0.0,0.03163797,0.0,0.0,0.0,0.0,0.0,0.0,0.0,0.0,0.0
3,0,0.96836203,0.0,0.03163797,0.0,0.0,0.0,0.0,0.0,0.0,0.0,0.0,0.0
3,0,0.96836203,0.0,0.03163797,0.0,0.0,0.0,0.0,0.0,0.0,0.0,0.0,0.0
3,0,0.96836203,0.0,0.03163797,0.0,0.0,0.0,0.0,0.0,0.0,0.0,0.0,0.0
3,0,0.96836203,0.0,0.03163797,0.0,0.0,0.0,0.0,0.0,0.0,0.0,0.0,0.0
3,0,0.96836203,0.0,0.03163797,0.0,0.0,0.0,0.0,0.0,0.0,0.0,0.0,0.0
3,0,0.96836203,0.0,0.03163797,0.0,0.0,0.0,0.0,0.0,0.0,0.0,0.0,0.0
3,0,0.96836203,0.0,0.03163797,0.0,0.0,0.0,0.0,0.0,0.0,0.0,0.0,0.0
3,0,0.96836203,0.0,0.03163797,0.0,0.0,0.0,0.0,0.0,0.0,0.0,0.0,0.0
3,0,0.96836203,0.0,0.03163797,0.0,0.0,0.0,0.0,0.0,0.0,0.0,0.0,0.0
3,0,0.96836203,0.0,0.03163797,0.0,0.0,0.0,0.0,0.0,0.0,0.0,0.0,0.0
3,0,0.96836203,0.0,0.03163797,0.0,0.0,0.0,0.0,0.0,0.0,0.0,0.0,0.0
3,0,0.96836203,0.0,0.03163797,0.0,0.0,0.0,0.0,0.0,0.0,0.0,0.0,0.0
3,0,0.96836203,0.0,0.03163797,0.0,0.0,0.0,0.0,0.0,0.0,0.0,0.0,0.0
3,0,0.96836203,0.0,0.03163797,0.0,0.0,0.0,0.0,0.0,0.0,0.0,0.0,0.0
3,0,0.96836203,0.0,0.03163797,0.0,0.0,0.0,0.0,0.0,0.0,0.0,0.0,0.0
3,0,0.96836203,0.0,0.03163797,0.0,0.0,0.0,0.0,0.0,0.0,0.0,0.0,0.0
3,0,0.96836203,0.0,0.03163797,0.0,0.0,0.0,0.0,0.0,0.0,0.0,0.0,0.0
3,0,0.96836203,0.0,0.03163797,0.0,0.0,0.0,0.0,0.0,0.0,0.0,0.0,0.0
3,0,0.96836203,0.0,0.03163797,0.0,0.0,0.0,0.0,0.0,0.0,0.0,0.0,0.0
3,0,0.96836203,0.0,0.03163797,0.0,0.0,0.0,0.0,0.0,0.0,0.0,0.0,0.0
3,0,0.96836203,0.0,0.03163797,0.0,0.0,0.0,0.0,0.0,0.0,0.0,0.0,0.0
3,0,0.96836203,0.0,0.03163797,0.0,0.0,0.0,0.0,0.0,0.0,0.0,0.0,0.0
3,0,0.96836203,0.0,0.03163797,0.0,0.0,0.0,0.0,0.0,0.0,0.0,0.0,0.0
3,0,0.96836203,0.0,0.03163797,0.0,0.0,0.0,0.0,0.0,0.0,0.0,0.0,0.0
3,0,0.96836203,0.0,0.03163797,0.0,0.0,0.0,0.0,0.0,0.0,0.0,0.0,0.0
3,0,0.96836203,0.0,0.03163797,0.0,0.0,0.0,0.0,0.0,0.0,0.0,0.0,0.0
3,0,0.96836203,0.0,0.03163797,0.0,0.0,0.0,0.0,0.0,0.0,0.0,0.0,0.0
3,0,0.96836203,0.0,0.03163797,0.0,0.0,0.0,0.0,0.0,0.0,0.0,0.0,0.0
3,0,0.96836203,0.0,0.03163797,0.0,0.0,0.0,0.0,0.0,0.0,0.0,0.0,0.0
3,0,0.96836203,0.0,0.03163797,0.0,0.0,0.0,0.0,0.0,0.0,0.0,0.0,0.0
3,0,0.96836203,0.0,0.03163797,0.0,0.0,0.0,0.0,0.0,0.0,0.0,0.0,0.0
3,0,0.96836203,0.0,0.03163797,0.0,0.0,0.0,0.0,0.0,0.0,0.0,0.0,0.0
3,0,0.96836203,0.0,0.03163797,0.0,0.0,0.0,0.0,0.0,0.0,0.0,0.0,0.0
3,0,0.96836203,0.0,0.03163797,0.0,0.0,0.0,0.0,0.0,0.0,0.0,0.0,0.0
3,0,0.96836203,0.0,0.03163797,0.0,0.0,0.0,0.0,0.0,0.0,0.0,0.0,0.0
3,0,0.96836203,0.0,0.03163797,0.0,0.0,0.0,0.0,0.0,0.0,0.0,0.0,0.0
3,0,0.96836203,0.0,0.03163797,0.0,0.0,0.0,0.0,0.0,0.0,0.0,0.0,0.0
3,0,0.96836203,0.0,0.03163797,0.0,0.0,0.0,0.0,0.0,0.0,0.0,0.0,0.0
3,0,0.96836203,0.0,0.03163797,0.0,0.0,0.0,0.0,0.0,0.0,0.0,0.0,0.0
3,0,0.96836203,0.0,0.03163797,0.0,0.0,0.0,0.0,0.0,0.0,0.0,0.0,0.0
3,0,0.96836203,0.0,0.03163797,0.0,0.0,0.0,0.0,0.0,0.0,0.0,0.0,0.0
3,0,0.96836203,0.0,0.03163797,0.0,0.0,0.0,0.0,0.0,0.0,0.0,0.0,0.0
3,0,0.96836203,0.0,0.03163797,0.0,0.0,0.0,0.0,0.0,0.0,0.0,0.0,0.0
3,0,0.96836203,0.0,0.03163797,0.0,0.0,0.0,0.0,0.0,0.0,0.0,0.0,0.0
3,0,0.96836203,0.0,0.03163797,0.0,0.0,0.0,0.0,0.0,0.0,0.0,0.0,0.0
3,0,0.96836203,0.0,0.03163797,0.0,0.0,0.0,0.0,0.0,0.0,0.0,0.0,0.0
3,0,0.96836203,0.0,0.03163797,0.0,0.0,0.0,0.0,0.0,0.0,0.0,0.0,0.0
3,0,0.96836203,0.0,0.03163797,0.0,0.0,0.0,0.0,0.0,0.0,0.0,0.0,0.0
3,0,0.96836203,0.0,0.03163797,0.0,0.0,0.0,0.0,0.0,0.0,0.0,0.0,0.0
3,0,0.96836203,0.0,0.03163797,0.0,0.0,0.0,0.0,0.0,0.0,0.0,0.0,0.0
3,0,0.96836203,0.0,0.03163797,0.0,0.0,0.0,0.0,0.0,0.0,0.0,0.0,0.0
3,0,0.96836203,0.0,0.03163797,0.0,0.0,0.0,0.0,0.0,0.0,0.0,0.0,0.0
3,0,0.96836203,0.0,0.03163797,0.0,0.0,0.0,0.0,0.0,0.0,0.0,0.0,0.0
3,0,0.96836203,0.0,0.03163797,0.0,0.0,0.0,0.0,0.0,0.0,0.0,0.0,0.0
3,0,0.96836203,0.0,0.03163797,0.0,0.0,0.0,0.0,0.0,0.0,0.0,0.0,0.0
3,0,0.96836203,0.0,0.03163797,0.0,0.0,0.0,0.0,0.0,0.0,0.0,0.0,0.0
3,0,0.96836203,0.0,0.03163797,0.0,0.0,0.0,0.0,0.0,0.0,0.0,0.0,0.0
3,0,0.96836203,0.0,0.03163797,0.0,0.0,0.0,0.0,0.0,0.0,0.0,0.0,0.0
3,0,0.96836203,0.0,0.03163797,0.0,0.0,0.0,0.0,0.0,0.0,0.0,0.0,0.0
3,0,0.96836203,0.0,0.03163797,0.0,0.0,0.0,0.0,0.0,0.0,0.0,0.0,0.0
3,0,0.96836203,0.0,0.03163797,0.0,0.0,0.0,0.0,0.0,0.0,0.0,0.0,0.0
3,0,0.96836203,0.0,0.03163797,0.0,0.0,0.0,0.0,0.0,0.0,0.0,0.0,0.0
3,0,0.96836203,0.0,0.03163797,0.0,0.0,0.0,0.0,0.0,0.0,0.0,0.0,0.0
3,0,0.96836203,0.0,0.03163797,0.0,0.0,0.0,0.0,0.0,0.0,0.0,0.0,0.0
3,0,0.96836203,0.0,0.03163797,0.0,0.0,0.0,0.0,0.0,0.0,0.0,0.0,0.0
3,0,0.96836203,0.0,0.03163797,0.0,0.0,0.0,0.0,0.0,0.0,0.0,0.0,0.0
3,0,0.96836203,0.0,0.03163797,0.0,0.0,0.0,0.0,0.0,0.0,0.0,0.0,0.0
3,0,0.96836203,0.0,0.03163797,0.0,0.0,0.0,0.0,0.0,0.0,0.0,0.0,0.0
3,0,0.96836203,0.0,0.03163797,0.0,0.0,0.0,0.0,0.0,0.0,0.0,0.0,0.0
3,0,0.96836203,0.0,0.03163797,0.0,0.0,0.0,0.0,0.0,0.0,0.0,0.0,0.0
3,0,0.96836203,0.0,0.03163797,0.0,0.0,0.0,0.0,0.0,0.0,0.0,0.0,0.0
3,0,0.96836203,0.0,0.03163797,0.0,0.0,0.0,0.0,0.0,0.0,0.0,0.0,0.0
3,0,0.96836203,0.0,0.03163797,0.0,0.0,0.0,0.0,0.0,0.0,0.0,0.0,0.0
3,0,0.96836203,0.0,0.03163797,0.0,0.0,0.0,0.0,0.0,0.0,0.0,0.0,0.0
3,0,0.96836203,0.0,0.03163797,0.0,0.0,0.0,0.0,0.0,0.0,0.0,0.0,0.0
3,0,0.96836203,0.0,0.03163797,0.0,0.0,0.0,0.0,0.0,0.0,0.0,0.0,0.0
3,0,0.96836203,0.0,0.03163797,0.0,0.0,0.0,0.0,0.0,0.0,0.0,0.0,0.0
3,0,0.96836203,0.0,0.03163797,0.0,0.0,0.0,0.0,0.0,0.0,0.0,0.0,0.0
3,0,0.96836203,0.0,0.03163797,0.0,0.0,0.0,0.0,0.0,0.0,0.0,0.0,0.0
3,0,0.96836203,0.0,0.03163797,0.0,0.0,0.0,0.0,0.0,0.0,0.0,0.0,0.0
3,0,0.96836203,0.0,0.03163797,0.0,0.0,0.0,0.0,0.0,0.0,0.0,0.0,0.0
3,0,0.96836203,0.0,0.03163797,0.0,0.0,0.0,0.0,0.0,0.0,0.0,0.0,0.0
3,0,0.96836203,0.0,0.03163797,0.0,0.0,0.0,0.0,0.0,0.0,0.0,0.0,0.0
3,0,0.96836203,0.0,0.03163797,0.0,0.0,0.0,0.0,0.0,0.0,0.0,0.0,0.0
3,0,0.96836203,0.0,0.03163797,0.0,0.0,0.0,0.0,0.0,0.0,0.0,0.0,0.0
3,0,0.96836203,0.0,0.03163797,0.0,0.0,0.0,0.0,0.0,0.0,0.0,0.0,0.0
3,0,0.96836203,0.0,0.03163797,0.0,0.0,0.0,0.0,0.0,0.0,0.0,0.0,0.0
3,0,0.96836203,0.0,0.03163797,0.0,0.0,0.0,0.0,0.0,0.0,0.0,0.0,0.0
3,0,0.96836203,0.0,0.03163797,0.0,0.0,0.0,0.0,0.0,0.0,0.0,0.0,0.0
3,0,0.96836203,0.0,0.03163797,0.0,0.0,0.0,0.0,0.0,0.0,0.0,0.0,0.0
3,0,0.96836203,0.0,0.03163797,0.0,0.0,0.0,0.0,0.0,0.0,0.0,0.0,0.0
3,0,0.96836203,0.0,0.03163797,0.0,0.0,0.0,0.0,0.0,0.0,0.0,0.0,0.0
3,0,0.96836203,0.0,0.03163797,0.0,0.0,0.0,0.0,0.0,0.0,0.0,0.0,0.0
3,0,0.96836203,0.0,0.03163797,0.0,0.0,0.0,0.0,0.0,0.0,0.0,0.0,0.0
3,0,0.96836203,0.0,0.03163797,0.0,0.0,0.0,0.0,0.0,0.0,0.0,0.0,0.0
3,0,0.96836203,0.0,0.03163797,0.0,0.0,0.0,0.0,0.0,0.0,0.0,0.0,0.0
3,0,0.96836203,0.0,0.03163797,0.0,0.0,0.0,0.0,0.0,0.0,0.0,0.0,0.0
3,0,0.96836203,0.0,0.03163797,0.0,0.0,0.0,0.0,0.0,0.0,0.0,0.0,0.0
3,0,0.96836203,0.0,0.03163797,0.0,0.0,0.0,0.0,0.0,0.0,0.0,0.0,0.0
3,0,0.96836203,0.0,0.03163797,0.0,0.0,0.0,0.0,0.0,0.0,0.0,0.0,0.0
3,0,0.96836203,0.0,0.03163797,0.0,0.0,0.0,0.0,0.0,0.0,0.0,0.0,0.0
3,0,0.96836203,0.0,0.03163797,0.0,0.0,0.0,0.0,0.0,0.0,0.0,0.0,0.0
3,0,0.96836203,0.0,0.03163797,0.0,0.0,0.0,0.0,0.0,0.0,0.0,0.0,0.0
3,0,0.96836203,0.0,0.03163797,0.0,0.0,0.0,0.0,0.0,0.0,0.0,0.0,0.0
3,0,0.96836203,0.0,0.03163797,0.0,0.0,0.0,0.0,0.0,0.0,0.0,0.0,0.0
3,0,0.96836203,0.0,0.03163797,0.0,0.0,0.0,0.0,0.0,0.0,0.0,0.0,0.0
3,0,0.96836203,0.0,0.03163797,0.0,0.0,0.0,0.0,0.0,0.0,0.0,0.0,0.0
3,0,0.96836203,0.0,0.03163797,0.0,0.0,0.0,0.0,0.0,0.0,0.0,0.0,0.0
3,0,0.96836203,0.0,0.03163797,0.0,0.0,0.0,0.0,0.0,0.0,0.0,0.0,0.0
3,0,0.96836203,0.0,0.03163797,0.0,0.0,0.0,0.0,0.0,0.0,0.0,0.0,0.0
3,0,0.96836203,0.0,0.03163797,0.0,0.0,0.0,0.0,0.0,0.0,0.0,0.0,0.0
3,0,0.96836203,0.0,0.03163797,0.0,0.0,0.0,0.0,0.0,0.0,0.0,0.0,0.0
3,0,0.96836203,0.0,0.03163797,0.0,0.0,0.0,0.0,0.0,0.0,0.0,0.0,0.0
3,0,0.96836203,0.0,0.03163797,0.0,0.0,0.0,0.0,0.0,0.0,0.0,0.0,0.0
3,0,0.96836203,0.0,0.03163797,0.0,0.0,0.0,0.0,0.0,0.0,0.0,0.0,0.0
3,0,0.96836203,0.0,0.03163797,0.0,0.0,0.0,0.0,0.0,0.0,0.0,0.0,0.0
3,0,0.96836203,0.0,0.03163797,0.0,0.0,0.0,0.0,0.0,0.0,0.0,0.0,0.0
3,0,0.96836203,0.0,0.03163797,0.0,0.0,0.0,0.0,0.0,0.0,0.0,0.0,0.0
3,0,0.96836203,0.0,0.03163797,0.0,0.0,0.0,0.0,0.0,0.0,0.0,0.0,0.0
3,0,0.96836203,0.0,0.03163797,0.0,0.0,0.0,0.0,0.0,0.0,0.0,0.0,0.0
3,0,0.96836203,0.0,0.03163797,0.0,0.0,0.0,0.0,0.0,0.0,0.0,0.0,0.0
3,0,0.96836203,0.0,0.03163797,0.0,0.0,0.0,0.0,0.0,0.0,0.0,0.0,0.0
3,0,0.96836203,0.0,0.03163797,0.0,0.0,0.0,0.0,0.0,0.0,0.0,0.0,0.0
3,0,0.96836203,0.0,0.03163797,0.0,0.0,0.0,0.0,0.0,0.0,0.0,0.0,0.0
3,0,0.96836203,0.0,0.03163797,0.0,0.0,0.0,0.0,0.0,0.0,0.0,0.0,0.0
3,0,0.96836203,0.0,0.03163797,0.0,0.0,0.0,0.0,0.0,0.0,0.0,0.0,0.0
3,0,0.96836203,0.0,0.03163797,0.0,0.0,0.0,0.0,0.0,0.0,0.0,0.0,0.0
3,0,0.96836203,0.0,0.03163797,0.0,0.0,0.0,0.0,0.0,0.0,0.0,0.0,0.0
3,0,0.96836203,0.0,0.03163797,0.0,0.0,0.0,0.0,0.0,0.0,0.0,0.0,0.0
3,0,0.96836203,0.0,0.03163797,0.0,0.0,0.0,0.0,0.0,0.0,0.0,0.0,0.0
3,0,0.96836203,0.0,0.03163797,0.0,0.0,0.0,0.0,0.0,0.0,0.0,0.0,0.0
3,0,0.96836203,0.0,0.03163797,0.0,0.0,0.0,0.0,0.0,0.0,0.0,0.0,0.0
3,0,0.96836203,0.0,0.03163797,0.0,0.0,0.0,0.0,0.0,0.0,0.0,0.0,0.0
3,0,0.96836203,0.0,0.03163797,0.0,0.0,0.0,0.0,0.0,0.0,0.0,0.0,0.0
3,0,0.96836203,0.0,0.03163797,0.0,0.0,0.0,0.0,0.0,0.0,0.0,0.0,0.0
3,0,0.96836203,0.0,0.03163797,0.0,0.0,0.0,0.0,0.0,0.0,0.0,0.0,0.0
3,0,0.96836203,0.0,0.03163797,0.0,0.0,0.0,0.0,0.0,0.0,0.0,0.0,0.0
3,0,0.96836203,0.0,0.03163797,0.0,0.0,0.0,0.0,0.0,0.0,0.0,0.0,0.0
3,0,0.96836203,0.0,0.03163797,0.0,0.0,0.0,0.0,0.0,0.0,0.0,0.0,0.0
3,0,0.96836203,0.0,0.03163797,0.0,0.0,0.0,0.0,0.0,0.0,0.0,0.0,0.0
3,0,0.96836203,0.0,0.03163797,0.0,0.0,0.0,0.0,0.0,0.0,0.0,0.0,0.0
3,0,0.96836203,0.0,0.03163797,0.0,0.0,0.0,0.0,0.0,0.0,0.0,0.0,0.0
3,0,0.96836203,0.0,0.03163797,0.0,0.0,0.0,0.0,0.0,0.0,0.0,0.0,0.0
3,0,0.96836203,0.0,0.03163797,0.0,0.0,0.0,0.0,0.0,0.0,0.0,0.0,0.0
3,0,0.96836203,0.0,0.03163797,0.0,0.0,0.0,0.0,0.0,0.0,0.0,0.0,0.0
3,0,0.96836203,0.0,0.03163797,0.0,0.0,0.0,0.0,0.0,0.0,0.0,0.0,0.0
3,0,0.96836203,0.0,0.03163797,0.0,0.0,0.0,0.0,0.0,0.0,0.0,0.0,0.0
3,0,0.96836203,0.0,0.03163797,0.0,0.0,0.0,0.0,0.0,0.0,0.0,0.0,0.0
3,0,0.96836203,0.0,0.03163797,0.0,0.0,0.0,0.0,0.0,0.0,0.0,0.0,0.0
3,0,0.96836203,0.0,0.03163797,0.0,0.0,0.0,0.0,0.0,0.0,0.0,0.0,0.0
3,0,0.96836203,0.0,0.03163797,0.0,0.0,0.0,0.0,0.0,0.0,0.0,0.0,0.0
3,0,0.96836203,0.0,0.03163797,0.0,0.0,0.0,0.0,0.0,0.0,0.0,0.0,0.0
3,0,0.96836203,0.0,0.03163797,0.0,0.0,0.0,0.0,0.0,0.0,0.0,0.0,0.0
3,0,0.96836203,0.0,0.03163797,0.0,0.0,0.0,0.0,0.0,0.0,0.0,0.0,0.0
3,0,0.96836203,0.0,0.03163797,0.0,0.0,0.0,0.0,0.0,0.0,0.0,0.0,0.0
3,0,0.96836203,0.0,0.03163797,0.0,0.0,0.0,0.0,0.0,0.0,0.0,0.0,0.0
3,0,0.96836203,0.0,0.03163797,0.0,0.0,0.0,0.0,0.0,0.0,0.0,0.0,0.0
3,0,0.96836203,0.0,0.03163797,0.0,0.0,0.0,0.0,0.0,0.0,0.0,0.0,0.0
3,0,0.96836203,0.0,0.03163797,0.0,0.0,0.0,0.0,0.0,0.0,0.0,0.0,0.0
3,0,0.96836203,0.0,0.03163797,0.0,0.0,0.0,0.0,0.0,0.0,0.0,0.0,0.0
3,0,0.96836203,0.0,0.03163797,0.0,0.0,0.0,0.0,0.0,0.0,0.0,0.0,0.0
3,0,0.96836203,0.0,0.03163797,0.0,0.0,0.0,0.0,0.0,0.0,0.0,0.0,0.0
3,0,0.96836203,0.0,0.03163797,0.0,0.0,0.0,0.0,0.0,0.0,0.0,0.0,0.0
3,0,0.96836203,0.0,0.03163797,0.0,0.0,0.0,0.0,0.0,0.0,0.0,0.0,0.0
3,0,0.96836203,0.0,0.03163797,0.0,0.0,0.0,0.0,0.0,0.0,0.0,0.0,0.0
3,0,0.96836203,0.0,0.03163797,0.0,0.0,0.0,0.0,0.0,0.0,0.0,0.0,0.0
3,0,0.96836203,0.0,0.03163797,0.0,0.0,0.0,0.0,0.0,0.0,0.0,0.0,0.0
3,0,0.96836203,0.0,0.03163797,0.0,0.0,0.0,0.0,0.0,0.0,0.0,0.0,0.0
3,0,0.96836203,0.0,0.03163797,0.0,0.0,0.0,0.0,0.0,0.0,0.0,0.0,0.0
3,0,0.96836203,0.0,0.03163797,0.0,0.0,0.0,0.0,0.0,0.0,0.0,0.0,0.0
3,0,0.96836203,0.0,0.03163797,0.0,0.0,0.0,0.0,0.0,0.0,0.0,0.0,0.0
3,0,0.96836203,0.0,0.03163797,0.0,0.0,0.0,0.0,0.0,0.0,0.0,0.0,0.0
3,0,0.96836203,0.0,0.03163797,0.0,0.0,0.0,0.0,0.0,0.0,0.0,0.0,0.0
3,0,0.96836203,0.0,0.03163797,0.0,0.0,0.0,0.0,0.0,0.0,0.0,0.0,0.0
3,0,0.96836203,0.0,0.03163797,0.0,0.0,0.0,0.0,0.0,0.0,0.0,0.0,0.0
3,0,0.96836203,0.0,0.03163797,0.0,0.0,0.0,0.0,0.0,0.0,0.0,0.0,0.0
3,0,0.96836203,0.0,0.03163797,0.0,0.0,0.0,0.0,0.0,0.0,0.0,0.0,0.0
3,0,0.96836203,0.0,0.03163797,0.0,0.0,0.0,0.0,0.0,0.0,0.0,0.0,0.0
3,0,0.96836203,0.0,0.03163797,0.0,0.0,0.0,0.0,0.0,0.0,0.0,0.0,0.0
3,0,0.96836203,0.0,0.03163797,0.0,0.0,0.0,0.0,0.0,0.0,0.0,0.0,0.0
3,0,0.96836203,0.0,0.03163797,0.0,0.0,0.0,0.0,0.0,0.0,0.0,0.0,0.0
3,0,0.96836203,0.0,0.03163797,0.0,0.0,0.0,0.0,0.0,0.0,0.0,0.0,0.0
3,0,0.96836203,0.0,0.03163797,0.0,0.0,0.0,0.0,0.0,0.0,0.0,0.0,0.0
3,0,0.96836203,0.0,0.03163797,0.0,0.0,0.0,0.0,0.0,0.0,0.0,0.0,0.0
3,0,0.96836203,0.0,0.03163797,0.0,0.0,0.0,0.0,0.0,0.0,0.0,0.0,0.0
3,0,0.96836203,0.0,0.03163797,0.0,0.0,0.0,0.0,0.0,0.0,0.0,0.0,0.0
3,0,0.96836203,0.0,0.03163797,0.0,0.0,0.0,0.0,0.0,0.0,0.0,0.0,0.0
3,0,0.96836203,0.0,0.03163797,0.0,0.0,0.0,0.0,0.0,0.0,0.0,0.0,0.0
3,0,0.96836203,0.0,0.03163797,0.0,0.0,0.0,0.0,0.0,0.0,0.0,0.0,0.0
3,0,0.96836203,0.0,0.03163797,0.0,0.0,0.0,0.0,0.0,0.0,0.0,0.0,0.0
3,0,0.96836203,0.0,0.03163797,0.0,0.0,0.0,0.0,0.0,0.0,0.0,0.0,0.0
3,0,0.96836203,0.0,0.03163797,0.0,0.0,0.0,0.0,0.0,0.0,0.0,0.0,0.0
3,0,0.96836203,0.0,0.03163797,0.0,0.0,0.0,0.0,0.0,0.0,0.0,0.0,0.0
3,0,0.96836203,0.0,0.03163797,0.0,0.0,0.0,0.0,0.0,0.0,0.0,0.0,0.0
3,0,0.96836203,0.0,0.03163797,0.0,0.0,0.0,0.0,0.0,0.0,0.0,0.0,0.0
3,0,0.96836203,0.0,0.03163797,0.0,0.0,0.0,0.0,0.0,0.0,0.0,0.0,0.0
3,0,0.96836203,0.0,0.03163797,0.0,0.0,0.0,0.0,0.0,0.0,0.0,0.0,0.0
3,0,0.96836203,0.0,0.03163797,0.0,0.0,0.0,0.0,0.0,0.0,0.0,0.0,0.0
3,0,0.96836203,0.0,0.03163797,0.0,0.0,0.0,0.0,0.0,0.0,0.0,0.0,0.0
3,0,0.96836203,0.0,0.03163797,0.0,0.0,0.0,0.0,0.0,0.0,0.0,0.0,0.0
3,0,0.96836203,0.0,0.03163797,0.0,0.0,0.0,0.0,0.0,0.0,0.0,0.0,0.0
3,0,0.96836203,0.0,0.03163797,0.0,0.0,0.0,0.0,0.0,0.0,0.0,0.0,0.0
3,0,0.96836203,0.0,0.03163797,0.0,0.0,0.0,0.0,0.0,0.0,0.0,0.0,0.0
3,0,0.96836203,0.0,0.03163797,0.0,0.0,0.0,0.0,0.0,0.0,0.0,0.0,0.0
3,0,0.96836203,0.0,0.03163797,0.0,0.0,0.0,0.0,0.0,0.0,0.0,0.0,0.0
3,0,0.96836203,0.0,0.03163797,0.0,0.0,0.0,0.0,0.0,0.0,0.0,0.0,0.0
3,0,0.96836203,0.0,0.03163797,0.0,0.0,0.0,0.0,0.0,0.0,0.0,0.0,0.0
3,0,0.96836203,0.0,0.03163797,0.0,0.0,0.0,0.0,0.0,0.0,0.0,0.0,0.0
3,0,0.96836203,0.0,0.03163797,0.0,0.0,0.0,0.0,0.0,0.0,0.0,0.0,0.0
3,0,0.96836203,0.0,0.03163797,0.0,0.0,0.0,0.0,0.0,0.0,0.0,0.0,0.0
3,0,0.96836203,0.0,0.03163797,0.0,0.0,0.0,0.0,0.0,0.0,0.0,0.0,0.0
3,0,0.96836203,0.0,0.03163797,0.0,0.0,0.0,0.0,0.0,0.0,0.0,0.0,0.0
3,0,0.96836203,0.0,0.03163797,0.0,0.0,0.0,0.0,0.0,0.0,0.0,0.0,0.0
3,0,0.96836203,0.0,0.03163797,0.0,0.0,0.0,0.0,0.0,0.0,0.0,0.0,0.0
3,0,0.96836203,0.0,0.03163797,0.0,0.0,0.0,0.0,0.0,0.0,0.0,0.0,0.0
3,0,0.96836203,0.0,0.03163797,0.0,0.0,0.0,0.0,0.0,0.0,0.0,0.0,0.0
3,0,0.96836203,0.0,0.03163797,0.0,0.0,0.0,0.0,0.0,0.0,0.0,0.0,0.0
3,0,0.96836203,0.0,0.03163797,0.0,0.0,0.0,0.0,0.0,0.0,0.0,0.0,0.0
3,0,0.96836203,0.0,0.03163797,0.0,0.0,0.0,0.0,0.0,0.0,0.0,0.0,0.0
3,0,0.96836203,0.0,0.03163797,0.0,0.0,0.0,0.0,0.0,0.0,0.0,0.0,0.0
3,0,0.96836203,0.0,0.03163797,0.0,0.0,0.0,0.0,0.0,0.0,0.0,0.0,0.0
3,0,0.96836203,0.0,0.03163797,0.0,0.0,0.0,0.0,0.0,0.0,0.0,0.0,0.0
3,0,0.96836203,0.0,0.03163797,0.0,0.0,0.0,0.0,0.0,0.0,0.0,0.0,0.0
3,0,0.96836203,0.0,0.03163797,0.0,0.0,0.0,0.0,0.0,0.0,0.0,0.0,0.0
3,0,0.96836203,0.0,0.03163797,0.0,0.0,0.0,0.0,0.0,0.0,0.0,0.0,0.0
3,0,0.96836203,0.0,0.03163797,0.0,0.0,0.0,0.0,0.0,0.0,0.0,0.0,0.0
3,0,0.96836203,0.0,0.03163797,0.0,0.0,0.0,0.0,0.0,0.0,0.0,0.0,0.0
3,0,0.96836203,0.0,0.03163797,0.0,0.0,0.0,0.0,0.0,0.0,0.0,0.0,0.0
3,0,0.96836203,0.0,0.03163797,0.0,0.0,0.0,0.0,0.0,0.0,0.0,0.0,0.0
3,0,0.96836203,0.0,0.03163797,0.0,0.0,0.0,0.0,0.0,0.0,0.0,0.0,0.0
3,0,0.96836203,0.0,0.03163797,0.0,0.0,0.0,0.0,0.0,0.0,0.0,0.0,0.0
3,0,0.96836203,0.0,0.03163797,0.0,0.0,0.0,0.0,0.0,0.0,0.0,0.0,0.0
3,0,0.96836203,0.0,0.03163797,0.0,0.0,0.0,0.0,0.0,0.0,0.0,0.0,0.0
3,0,0.96836203,0.0,0.03163797,0.0,0.0,0.0,0.0,0.0,0.0,0.0,0.0,0.0
3,0,0.96836203,0.0,0.03163797,0.0,0.0,0.0,0.0,0.0,0.0,0.0,0.0,0.0
3,0,0.96836203,0.0,0.03163797,0.0,0.0,0.0,0.0,0.0,0.0,0.0,0.0,0.0
3,0,0.96836203,0.0,0.03163797,0.0,0.0,0.0,0.0,0.0,0.0,0.0,0.0,0.0
3,0,0.96836203,0.0,0.03163797,0.0,0.0,0.0,0.0,0.0,0.0,0.0,0.0,0.0
3,0,0.96836203,0.0,0.03163797,0.0,0.0,0.0,0.0,0.0,0.0,0.0,0.0,0.0
3,0,0.96836203,0.0,0.03163797,0.0,0.0,0.0,0.0,0.0,0.0,0.0,0.0,0.0
3,0,0.96836203,0.0,0.03163797,0.0,0.0,0.0,0.0,0.0,0.0,0.0,0.0,0.0
3,0,0.96836203,0.0,0.03163797,0.0,0.0,0.0,0.0,0.0,0.0,0.0,0.0,0.0
3,0,0.96836203,0.0,0.03163797,0.0,0.0,0.0,0.0,0.0,0.0,0.0,0.0,0.0
3,0,0.96836203,0.0,0.03163797,0.0,0.0,0.0,0.0,0.0,0.0,0.0,0.0,0.0
3,0,0.96836203,0.0,0.03163797,0.0,0.0,0.0,0.0,0.0,0.0,0.0,0.0,0.0
3,0,0.96836203,0.0,0.03163797,0.0,0.0,0.0,0.0,0.0,0.0,0.0,0.0,0.0
3,0,0.96836203,0.0,0.03163797,0.0,0.0,0.0,0.0,0.0,0.0,0.0,0.0,0.0
3,0,0.96836203,0.0,0.03163797,0.0,0.0,0.0,0.0,0.0,0.0,0.0,0.0,0.0
3,0,0.96836203,0.0,0.03163797,0.0,0.0,0.0,0.0,0.0,0.0,0.0,0.0,0.0
3,0,0.96836203,0.0,0.03163797,0.0,0.0,0.0,0.0,0.0,0.0,0.0,0.0,0.0
3,0,0.96836203,0.0,0.03163797,0.0,0.0,0.0,0.0,0.0,0.0,0.0,0.0,0.0
3,0,0.96836203,0.0,0.03163797,0.0,0.0,0.0,0.0,0.0,0.0,0.0,0.0,0.0
3,0,0.96836203,0.0,0.03163797,0.0,0.0,0.0,0.0,0.0,0.0,0.0,0.0,0.0
3,0,0.96836203,0.0,0.03163797,0.0,0.0,0.0,0.0,0.0,0.0,0.0,0.0,0.0
3,0,0.96836203,0.0,0.03163797,0.0,0.0,0.0,0.0,0.0,0.0,0.0,0.0,0.0
3,0,0.96836203,0.0,0.03163797,0.0,0.0,0.0,0.0,0.0,0.0,0.0,0.0,0.0
3,0,0.96836203,0.0,0.03163797,0.0,0.0,0.0,0.0,0.0,0.0,0.0,0.0,0.0
3,0,0.96836203,0.0,0.03163797,0.0,0.0,0.0,0.0,0.0,0.0,0.0,0.0,0.0
3,0,0.96836203,0.0,0.03163797,0.0,0.0,0.0,0.0,0.0,0.0,0.0,0.0,0.0
3,0,0.96836203,0.0,0.03163797,0.0,0.0,0.0,0.0,0.0,0.0,0.0,0.0,0.0
3,0,0.96836203,0.0,0.03163797,0.0,0.0,0.0,0.0,0.0,0.0,0.0,0.0,0.0
3,0,0.96836203,0.0,0.03163797,0.0,0.0,0.0,0.0,0.0,0.0,0.0,0.0,0.0
3,0,0.96836203,0.0,0.03163797,0.0,0.0,0.0,0.0,0.0,0.0,0.0,0.0,0.0
3,0,0.96836203,0.0,0.03163797,0.0,0.0,0.0,0.0,0.0,0.0,0.0,0.0,0.0
3,0,0.96836203,0.0,0.03163797,0.0,0.0,0.0,0.0,0.0,0.0,0.0,0.0,0.0
3,0,0.96836203,0.0,0.03163797,0.0,0.0,0.0,0.0,0.0,0.0,0.0,0.0,0.0
3,0,0.96836203,0.0,0.03163797,0.0,0.0,0.0,0.0,0.0,0.0,0.0,0.0,0.0
3,0,0.96836203,0.0,0.03163797,0.0,0.0,0.0,0.0,0.0,0.0,0.0,0.0,0.0
3,0,0.96836203,0.0,0.03163797,0.0,0.0,0.0,0.0,0.0,0.0,0.0,0.0,0.0
3,0,0.96836203,0.0,0.03163797,0.0,0.0,0.0,0.0,0.0,0.0,0.0,0.0,0.0
3,0,0.96836203,0.0,0.03163797,0.0,0.0,0.0,0.0,0.0,0.0,0.0,0.0,0.0
3,0,0.96836203,0.0,0.03163797,0.0,0.0,0.0,0.0,0.0,0.0,0.0,0.0,0.0
3,0,0.96836203,0.0,0.03163797,0.0,0.0,0.0,0.0,0.0,0.0,0.0,0.0,0.0
3,0,0.96836203,0.0,0.03163797,0.0,0.0,0.0,0.0,0.0,0.0,0.0,0.0,0.0
3,0,0.96836203,0.0,0.03163797,0.0,0.0,0.0,0.0,0.0,0.0,0.0,0.0,0.0
3,0,0.96836203,0.0,0.03163797,0.0,0.0,0.0,0.0,0.0,0.0,0.0,0.0,0.0
3,0,0.96836203,0.0,0.03163797,0.0,0.0,0.0,0.0,0.0,0.0,0.0,0.0,0.0
3,0,0.96836203,0.0,0.03163797,0.0,0.0,0.0,0.0,0.0,0.0,0.0,0.0,0.0
3,0,0.96836203,0.0,0.03163797,0.0,0.0,0.0,0.0,0.0,0.0,0.0,0.0,0.0
3,0,0.96836203,0.0,0.03163797,0.0,0.0,0.0,0.0,0.0,0.0,0.0,0.0,0.0
3,0,0.96836203,0.0,0.03163797,0.0,0.0,0.0,0.0,0.0,0.0,0.0,0.0,0.0
3,0,0.96836203,0.0,0.03163797,0.0,0.0,0.0,0.0,0.0,0.0,0.0,0.0,0.0
3,0,0.96836203,0.0,0.03163797,0.0,0.0,0.0,0.0,0.0,0.0,0.0,0.0,0.0
3,0,0.96836203,0.0,0.03163797,0.0,0.0,0.0,0.0,0.0,0.0,0.0,0.0,0.0
3,0,0.96836203,0.0,0.03163797,0.0,0.0,0.0,0.0,0.0,0.0,0.0,0.0,0.0
3,0,0.96836203,0.0,0.03163797,0.0,0.0,0.0,0.0,0.0,0.0,0.0,0.0,0.0
3,0,0.96836203,0.0,0.03163797,0.0,0.0,0.0,0.0,0.0,0.0,0.0,0.0,0.0
3,0,0.96836203,0.0,0.03163797,0.0,0.0,0.0,0.0,0.0,0.0,0.0,0.0,0.0
3,0,0.96836203,0.0,0.03163797,0.0,0.0,0.0,0.0,0.0,0.0,0.0,0.0,0.0
3,0,0.96836203,0.0,0.03163797,0.0,0.0,0.0,0.0,0.0,0.0,0.0,0.0,0.0
3,0,0.96836203,0.0,0.03163797,0.0,0.0,0.0,0.0,0.0,0.0,0.0,0.0,0.0
3,0,0.96836203,0.0,0.03163797,0.0,0.0,0.0,0.0,0.0,0.0,0.0,0.0,0.0
3,0,0.96836203,0.0,0.03163797,0.0,0.0,0.0,0.0,0.0,0.0,0.0,0.0,0.0
3,0,0.96836203,0.0,0.03163797,0.0,0.0,0.0,0.0,0.0,0.0,0.0,0.0,0.0
3,0,0.96836203,0.0,0.03163797,0.0,0.0,0.0,0.0,0.0,0.0,0.0,0.0,0.0
3,0,0.96836203,0.0,0.03163797,0.0,0.0,0.0,0.0,0.0,0.0,0.0,0.0,0.0
3,0,0.96836203,0.0,0.03163797,0.0,0.0,0.0,0.0,0.0,0.0,0.0,0.0,0.0
3,0,0.96836203,0.0,0.03163797,0.0,0.0,0.0,0.0,0.0,0.0,0.0,0.0,0.0
3,0,0.96836203,0.0,0.03163797,0.0,0.0,0.0,0.0,0.0,0.0,0.0,0.0,0.0
3,0,0.96836203,0.0,0.03163797,0.0,0.0,0.0,0.0,0.0,0.0,0.0,0.0,0.0
3,0,0.96836203,0.0,0.03163797,0.0,0.0,0.0,0.0,0.0,0.0,0.0,0.0,0.0
3,0,0.96836203,0.0,0.03163797,0.0,0.0,0.0,0.0,0.0,0.0,0.0,0.0,0.0
3,0,0.96836203,0.0,0.03163797,0.0,0.0,0.0,0.0,0.0,0.0,0.0,0.0,0.0
3,0,0.96836203,0.0,0.03163797,0.0,0.0,0.0,0.0,0.0,0.0,0.0,0.0,0.0
3,0,0.96836203,0.0,0.03163797,0.0,0.0,0.0,0.0,0.0,0.0,0.0,0.0,0.0
3,0,0.96836203,0.0,0.03163797,0.0,0.0,0.0,0.0,0.0,0.0,0.0,0.0,0.0
3,0,0.96836203,0.0,0.03163797,0.0,0.0,0.0,0.0,0.0,0.0,0.0,0.0,0.0
3,0,0.96836203,0.0,0.03163797,0.0,0.0,0.0,0.0,0.0,0.0,0.0,0.0,0.0
3,0,0.96836203,0.0,0.03163797,0.0,0.0,0.0,0.0,0.0,0.0,0.0,0.0,0.0
3,0,0.96836203,0.0,0.03163797,0.0,0.0,0.0,0.0,0.0,0.0,0.0,0.0,0.0
3,0,0.96836203,0.0,0.03163797,0.0,0.0,0.0,0.0,0.0,0.0,0.0,0.0,0.0
3,0,0.96836203,0.0,0.03163797,0.0,0.0,0.0,0.0,0.0,0.0,0.0,0.0,0.0
3,0,0.96836203,0.0,0.03163797,0.0,0.0,0.0,0.0,0.0,0.0,0.0,0.0,0.0
3,0,0.96836203,0.0,0.03163797,0.0,0.0,0.0,0.0,0.0,0.0,0.0,0.0,0.0
3,0,0.96836203,0.0,0.03163797,0.0,0.0,0.0,0.0,0.0,0.0,0.0,0.0,0.0
3,0,0.96836203,0.0,0.03163797,0.0,0.0,0.0,0.0,0.0,0.0,0.0,0.0,0.0
3,0,0.96836203,0.0,0.03163797,0.0,0.0,0.0,0.0,0.0,0.0,0.0,0.0,0.0
3,0,0.96836203,0.0,0.03163797,0.0,0.0,0.0,0.0,0.0,0.0,0.0,0.0,0.0
3,0,0.96836203,0.0,0.03163797,0.0,0.0,0.0,0.0,0.0,0.0,0.0,0.0,0.0
3,0,0.96836203,0.0,0.03163797,0.0,0.0,0.0,0.0,0.0,0.0,0.0,0.0,0.0
3,0,0.96836203,0.0,0.03163797,0.0,0.0,0.0,0.0,0.0,0.0,0.0,0.0,0.0
3,0,0.96836203,0.0,0.03163797,0.0,0.0,0.0,0.0,0.0,0.0,0.0,0.0,0.0
3,0,0.96836203,0.0,0.03163797,0.0,0.0,0.0,0.0,0.0,0.0,0.0,0.0,0.0
3,0,0.96836203,0.0,0.03163797,0.0,0.0,0.0,0.0,0.0,0.0,0.0,0.0,0.0
3,0,0.96836203,0.0,0.03163797,0.0,0.0,0.0,0.0,0.0,0.0,0.0,0.0,0.0
3,0,0.96836203,0.0,0.03163797,0.0,0.0,0.0,0.0,0.0,0.0,0.0,0.0,0.0
3,0,0.96836203,0.0,0.03163797,0.0,0.0,0.0,0.0,0.0,0.0,0.0,0.0,0.0
3,0,0.96836203,0.0,0.03163797,0.0,0.0,0.0,0.0,0.0,0.0,0.0,0.0,0.0
3,0,0.96836203,0.0,0.03163797,0.0,0.0,0.0,0.0,0.0,0.0,0.0,0.0,0.0
3,0,0.96836203,0.0,0.03163797,0.0,0.0,0.0,0.0,0.0,0.0,0.0,0.0,0.0
3,0,0.96836203,0.0,0.03163797,0.0,0.0,0.0,0.0,0.0,0.0,0.0,0.0,0.0
3,0,0.96836203,0.0,0.03163797,0.0,0.0,0.0,0.0,0.0,0.0,0.0,0.0,0.0
3,0,0.96836203,0.0,0.03163797,0.0,0.0,0.0,0.0,0.0,0.0,0.0,0.0,0.0
3,0,0.96836203,0.0,0.03163797,0.0,0.0,0.0,0.0,0.0,0.0,0.0,0.0,0.0
3,0,0.96836203,0.0,0.03163797,0.0,0.0,0.0,0.0,0.0,0.0,0.0,0.0,0.0
3,0,0.96836203,0.0,0.03163797,0.0,0.0,0.0,0.0,0.0,0.0,0.0,0.0,0.0
3,0,0.96836203,0.0,0.03163797,0.0,0.0,0.0,0.0,0.0,0.0,0.0,0.0,0.0
3,0,0.96836203,0.0,0.03163797,0.0,0.0,0.0,0.0,0.0,0.0,0.0,0.0,0.0
3,0,0.96836203,0.0,0.03163797,0.0,0.0,0.0,0.0,0.0,0.0,0.0,0.0,0.0
3,0,0.96836203,0.0,0.03163797,0.0,0.0,0.0,0.0,0.0,0.0,0.0,0.0,0.0
3,0,0.96836203,0.0,0.03163797,0.0,0.0,0.0,0.0,0.0,0.0,0.0,0.0,0.0
3,0,0.96836203,0.0,0.03163797,0.0,0.0,0.0,0.0,0.0,0.0,0.0,0.0,0.0
3,0,0.96836203,0.0,0.03163797,0.0,0.0,0.0,0.0,0.0,0.0,0.0,0.0,0.0
3,0,0.96836203,0.0,0.03163797,0.0,0.0,0.0,0.0,0.0,0.0,0.0,0.0,0.0
3,0,0.96836203,0.0,0.03163797,0.0,0.0,0.0,0.0,0.0,0.0,0.0,0.0,0.0
3,0,0.96836203,0.0,0.03163797,0.0,0.0,0.0,0.0,0.0,0.0,0.0,0.0,0.0
3,0,0.96836203,0.0,0.03163797,0.0,0.0,0.0,0.0,0.0,0.0,0.0,0.0,0.0
3,0,0.96836203,0.0,0.03163797,0.0,0.0,0.0,0.0,0.0,0.0,0.0,0.0,0.0
3,0,0.96836203,0.0,0.03163797,0.0,0.0,0.0,0.0,0.0,0.0,0.0,0.0,0.0
3,0,0.96836203,0.0,0.03163797,0.0,0.0,0.0,0.0,0.0,0.0,0.0,0.0,0.0
3,0,0.96836203,0.0,0.03163797,0.0,0.0,0.0,0.0,0.0,0.0,0.0,0.0,0.0
3,0,0.96836203,0.0,0.03163797,0.0,0.0,0.0,0.0,0.0,0.0,0.0,0.0,0.0
3,0,0.96836203,0.0,0.03163797,0.0,0.0,0.0,0.0,0.0,0.0,0.0,0.0,0.0
3,0,0.96836203,0.0,0.03163797,0.0,0.0,0.0,0.0,0.0,0.0,0.0,0.0,0.0
3,0,0.96836203,0.0,0.03163797,0.0,0.0,0.0,0.0,0.0,0.0,0.0,0.0,0.0
3,0,0.96836203,0.0,0.03163797,0.0,0.0,0.0,0.0,0.0,0.0,0.0,0.0,0.0
3,0,0.96836203,0.0,0.03163797,0.0,0.0,0.0,0.0,0.0,0.0,0.0,0.0,0.0
3,0,0.96836203,0.0,0.03163797,0.0,0.0,0.0,0.0,0.0,0.0,0.0,0.0,0.0
3,0,0.96836203,0.0,0.03163797,0.0,0.0,0.0,0.0,0.0,0.0,0.0,0.0,0.0
3,0,0.96836203,0.0,0.03163797,0.0,0.0,0.0,0.0,0.0,0.0,0.0,0.0,0.0
3,0,0.96836203,0.0,0.03163797,0.0,0.0,0.0,0.0,0.0,0.0,0.0,0.0,0.0
3,0,0.96836203,0.0,0.03163797,0.0,0.0,0.0,0.0,0.0,0.0,0.0,0.0,0.0
3,0,0.96836203,0.0,0.03163797,0.0,0.0,0.0,0.0,0.0,0.0,0.0,0.0,0.0
3,0,0.96836203,0.0,0.03163797,0.0,0.0,0.0,0.0,0.0,0.0,0.0,0.0,0.0
3,0,0.96836203,0.0,0.03163797,0.0,0.0,0.0,0.0,0.0,0.0,0.0,0.0,0.0
3,0,0.96836203,0.0,0.03163797,0.0,0.0,0.0,0.0,0.0,0.0,0.0,0.0,0.0
3,0,0.96836203,0.0,0.03163797,0.0,0.0,0.0,0.0,0.0,0.0,0.0,0.0,0.0
3,0,0.96836203,0.0,0.03163797,0.0,0.0,0.0,0.0,0.0,0.0,0.0,0.0,0.0
3,0,0.96836203,0.0,0.03163797,0.0,0.0,0.0,0.0,0.0,0.0,0.0,0.0,0.0
3,0,0.96836203,0.0,0.03163797,0.0,0.0,0.0,0.0,0.0,0.0,0.0,0.0,0.0
3,0,0.96836203,0.0,0.03163797,0.0,0.0,0.0,0.0,0.0,0.0,0.0,0.0,0.0
3,0,0.96836203,0.0,0.03163797,0.0,0.0,0.0,0.0,0.0,0.0,0.0,0.0,0.0
3,0,0.96836203,0.0,0.03163797,0.0,0.0,0.0,0.0,0.0,0.0,0.0,0.0,0.0
3,0,0.96836203,0.0,0.03163797,0.0,0.0,0.0,0.0,0.0,0.0,0.0,0.0,0.0
3,0,0.96836203,0.0,0.03163797,0.0,0.0,0.0,0.0,0.0,0.0,0.0,0.0,0.0
3,0,0.96836203,0.0,0.03163797,0.0,0.0,0.0,0.0,0.0,0.0,0.0,0.0,0.0
3,0,0.96836203,0.0,0.03163797,0.0,0.0,0.0,0.0,0.0,0.0,0.0,0.0,0.0
3,0,0.96836203,0.0,0.03163797,0.0,0.0,0.0,0.0,0.0,0.0,0.0,0.0,0.0
3,0,0.96836203,0.0,0.03163797,0.0,0.0,0.0,0.0,0.0,0.0,0.0,0.0,0.0
3,0,0.96836203,0.0,0.03163797,0.0,0.0,0.0,0.0,0.0,0.0,0.0,0.0,0.0
3,0,0.96836203,0.0,0.03163797,0.0,0.0,0.0,0.0,0.0,0.0,0.0,0.0,0.0
3,0,0.96836203,0.0,0.03163797,0.0,0.0,0.0,0.0,0.0,0.0,0.0,0.0,0.0
3,0,0.96836203,0.0,0.03163797,0.0,0.0,0.0,0.0,0.0,0.0,0.0,0.0,0.0
3,0,0.96836203,0.0,0.03163797,0.0,0.0,0.0,0.0,0.0,0.0,0.0,0.0,0.0
3,0,0.96836203,0.0,0.03163797,0.0,0.0,0.0,0.0,0.0,0.0,0.0,0.0,0.0
3,0,0.96483326,0.0,0.035166774,0.0,0.0,0.0,0.0,0.0,0.0,0.0,0.0,0.0
3,0,0.96483326,0.0,0.035166774,0.0,0.0,0.0,0.0,0.0,0.0,0.0,0.0,0.0
3,0,0.96483326,0.0,0.035166774,0.0,0.0,0.0,0.0,0.0,0.0,0.0,0.0,0.0
3,0,0.96483326,0.0,0.035166774,0.0,0.0,0.0,0.0,0.0,0.0,0.0,0.0,0.0
3,0,0.96483326,0.0,0.035166774,0.0,0.0,0.0,0.0,0.0,0.0,0.0,0.0,0.0
3,0,0.96483326,0.0,0.035166774,0.0,0.0,0.0,0.0,0.0,0.0,0.0,0.0,0.0
3,0,0.96483326,0.0,0.035166774,0.0,0.0,0.0,0.0,0.0,0.0,0.0,0.0,0.0
3,0,0.96483326,0.0,0.035166774,0.0,0.0,0.0,0.0,0.0,0.0,0.0,0.0,0.0
3,0,0.96483326,0.0,0.035166774,0.0,0.0,0.0,0.0,0.0,0.0,0.0,0.0,0.0
3,0,0.96483326,0.0,0.035166774,0.0,0.0,0.0,0.0,0.0,0.0,0.0,0.0,0.0
3,0,0.96483326,0.0,0.035166774,0.0,0.0,0.0,0.0,0.0,0.0,0.0,0.0,0.0
3,0,0.96483326,0.0,0.035166774,0.0,0.0,0.0,0.0,0.0,0.0,0.0,0.0,0.0
3,0,0.96483326,0.0,0.035166774,0.0,0.0,0.0,0.0,0.0,0.0,0.0,0.0,0.0
3,0,0.96483326,0.0,0.035166774,0.0,0.0,0.0,0.0,0.0,0.0,0.0,0.0,0.0
3,0,0.96483326,0.0,0.035166774,0.0,0.0,0.0,0.0,0.0,0.0,0.0,0.0,0.0
3,0,0.96483326,0.0,0.035166774,0.0,0.0,0.0,0.0,0.0,0.0,0.0,0.0,0.0
3,0,0.96483326,0.0,0.035166774,0.0,0.0,0.0,0.0,0.0,0.0,0.0,0.0,0.0
3,0,0.96483326,0.0,0.035166774,0.0,0.0,0.0,0.0,0.0,0.0,0.0,0.0,0.0
3,0,0.96483326,0.0,0.035166774,0.0,0.0,0.0,0.0,0.0,0.0,0.0,0.0,0.0
3,0,0.96483326,0.0,0.035166774,0.0,0.0,0.0,0.0,0.0,0.0,0.0,0.0,0.0
3,0,0.96483326,0.0,0.035166774,0.0,0.0,0.0,0.0,0.0,0.0,0.0,0.0,0.0
3,0,0.96483326,0.0,0.035166774,0.0,0.0,0.0,0.0,0.0,0.0,0.0,0.0,0.0
3,0,0.96483326,0.0,0.035166774,0.0,0.0,0.0,0.0,0.0,0.0,0.0,0.0,0.0
3,0,0.96483326,0.0,0.035166774,0.0,0.0,0.0,0.0,0.0,0.0,0.0,0.0,0.0
3,0,0.96483326,0.0,0.035166774,0.0,0.0,0.0,0.0,0.0,0.0,0.0,0.0,0.0
3,0,0.96483326,0.0,0.035166774,0.0,0.0,0.0,0.0,0.0,0.0,0.0,0.0,0.0
3,0,0.96483326,0.0,0.035166774,0.0,0.0,0.0,0.0,0.0,0.0,0.0,0.0,0.0
3,0,0.96483326,0.0,0.035166774,0.0,0.0,0.0,0.0,0.0,0.0,0.0,0.0,0.0
3,0,0.96483326,0.0,0.035166774,0.0,0.0,0.0,0.0,0.0,0.0,0.0,0.0,0.0
3,0,0.96483326,0.0,0.035166774,0.0,0.0,0.0,0.0,0.0,0.0,0.0,0.0,0.0
3,0,0.96483326,0.0,0.035166774,0.0,0.0,0.0,0.0,0.0,0.0,0.0,0.0,0.0
3,0,0.96483326,0.0,0.035166774,0.0,0.0,0.0,0.0,0.0,0.0,0.0,0.0,0.0
3,0,0.96483326,0.0,0.035166774,0.0,0.0,0.0,0.0,0.0,0.0,0.0,0.0,0.0
3,0,0.96483326,0.0,0.035166774,0.0,0.0,0.0,0.0,0.0,0.0,0.0,0.0,0.0
3,0,0.96483326,0.0,0.035166774,0.0,0.0,0.0,0.0,0.0,0.0,0.0,0.0,0.0
3,0,0.96483326,0.0,0.035166774,0.0,0.0,0.0,0.0,0.0,0.0,0.0,0.0,0.0
3,0,0.96483326,0.0,0.035166774,0.0,0.0,0.0,0.0,0.0,0.0,0.0,0.0,0.0
3,0,0.96483326,0.0,0.035166774,0.0,0.0,0.0,0.0,0.0,0.0,0.0,0.0,0.0
3,0,0.96483326,0.0,0.035166774,0.0,0.0,0.0,0.0,0.0,0.0,0.0,0.0,0.0
3,0,0.96483326,0.0,0.035166774,0.0,0.0,0.0,0.0,0.0,0.0,0.0,0.0,0.0
3,0,0.96483326,0.0,0.035166774,0.0,0.0,0.0,0.0,0.0,0.0,0.0,0.0,0.0
3,0,0.96483326,0.0,0.035166774,0.0,0.0,0.0,0.0,0.0,0.0,0.0,0.0,0.0
3,0,0.96483326,0.0,0.035166774,0.0,0.0,0.0,0.0,0.0,0.0,0.0,0.0,0.0
3,0,0.96483326,0.0,0.035166774,0.0,0.0,0.0,0.0,0.0,0.0,0.0,0.0,0.0
3,0,0.96483326,0.0,0.035166774,0.0,0.0,0.0,0.0,0.0,0.0,0.0,0.0,0.0
3,0,0.96483326,0.0,0.035166774,0.0,0.0,0.0,0.0,0.0,0.0,0.0,0.0,0.0
3,0,0.96483326,0.0,0.035166774,0.0,0.0,0.0,0.0,0.0,0.0,0.0,0.0,0.0
3,0,0.96483326,0.0,0.035166774,0.0,0.0,0.0,0.0,0.0,0.0,0.0,0.0,0.0
3,0,0.96483326,0.0,0.035166774,0.0,0.0,0.0,0.0,0.0,0.0,0.0,0.0,0.0
3,0,0.96483326,0.0,0.035166774,0.0,0.0,0.0,0.0,0.0,0.0,0.0,0.0,0.0
3,0,0.96483326,0.0,0.035166774,0.0,0.0,0.0,0.0,0.0,0.0,0.0,0.0,0.0
3,0,0.96483326,0.0,0.035166774,0.0,0.0,0.0,0.0,0.0,0.0,0.0,0.0,0.0
3,0,0.96483326,0.0,0.035166774,0.0,0.0,0.0,0.0,0.0,0.0,0.0,0.0,0.0
3,0,0.96483326,0.0,0.035166774,0.0,0.0,0.0,0.0,0.0,0.0,0.0,0.0,0.0
3,0,0.96483326,0.0,0.035166774,0.0,0.0,0.0,0.0,0.0,0.0,0.0,0.0,0.0
3,0,0.96483326,0.0,0.035166774,0.0,0.0,0.0,0.0,0.0,0.0,0.0,0.0,0.0
3,0,0.96483326,0.0,0.035166774,0.0,0.0,0.0,0.0,0.0,0.0,0.0,0.0,0.0
3,0,0.96483326,0.0,0.035166774,0.0,0.0,0.0,0.0,0.0,0.0,0.0,0.0,0.0
3,0,0.96483326,0.0,0.035166774,0.0,0.0,0.0,0.0,0.0,0.0,0.0,0.0,0.0
3,0,0.96483326,0.0,0.035166774,0.0,0.0,0.0,0.0,0.0,0.0,0.0,0.0,0.0
3,0,0.96483326,0.0,0.035166774,0.0,0.0,0.0,0.0,0.0,0.0,0.0,0.0,0.0
3,0,0.96483326,0.0,0.035166774,0.0,0.0,0.0,0.0,0.0,0.0,0.0,0.0,0.0
3,0,0.96483326,0.0,0.035166774,0.0,0.0,0.0,0.0,0.0,0.0,0.0,0.0,0.0
3,0,0.96483326,0.0,0.035166774,0.0,0.0,0.0,0.0,0.0,0.0,0.0,0.0,0.0
3,0,0.96483326,0.0,0.035166774,0.0,0.0,0.0,0.0,0.0,0.0,0.0,0.0,0.0
3,0,0.96483326,0.0,0.035166774,0.0,0.0,0.0,0.0,0.0,0.0,0.0,0.0,0.0
3,0,0.96483326,0.0,0.035166774,0.0,0.0,0.0,0.0,0.0,0.0,0.0,0.0,0.0
3,0,0.96483326,0.0,0.035166774,0.0,0.0,0.0,0.0,0.0,0.0,0.0,0.0,0.0
3,0,0.96483326,0.0,0.035166774,0.0,0.0,0.0,0.0,0.0,0.0,0.0,0.0,0.0
3,0,0.96483326,0.0,0.035166774,0.0,0.0,0.0,0.0,0.0,0.0,0.0,0.0,0.0
3,0,0.96483326,0.0,0.035166774,0.0,0.0,0.0,0.0,0.0,0.0,0.0,0.0,0.0
3,0,0.96483326,0.0,0.035166774,0.0,0.0,0.0,0.0,0.0,0.0,0.0,0.0,0.0
3,0,0.96483326,0.0,0.035166774,0.0,0.0,0.0,0.0,0.0,0.0,0.0,0.0,0.0
3,0,0.96483326,0.0,0.035166774,0.0,0.0,0.0,0.0,0.0,0.0,0.0,0.0,0.0
3,0,0.96483326,0.0,0.035166774,0.0,0.0,0.0,0.0,0.0,0.0,0.0,0.0,0.0
3,0,0.96483326,0.0,0.035166774,0.0,0.0,0.0,0.0,0.0,0.0,0.0,0.0,0.0
3,0,0.96483326,0.0,0.035166774,0.0,0.0,0.0,0.0,0.0,0.0,0.0,0.0,0.0
3,0,0.96483326,0.0,0.035166774,0.0,0.0,0.0,0.0,0.0,0.0,0.0,0.0,0.0
3,0,0.96483326,0.0,0.035166774,0.0,0.0,0.0,0.0,0.0,0.0,0.0,0.0,0.0
3,0,0.96483326,0.0,0.035166774,0.0,0.0,0.0,0.0,0.0,0.0,0.0,0.0,0.0
3,0,0.96483326,0.0,0.035166774,0.0,0.0,0.0,0.0,0.0,0.0,0.0,0.0,0.0
3,0,0.96483326,0.0,0.035166774,0.0,0.0,0.0,0.0,0.0,0.0,0.0,0.0,0.0
3,0,0.96483326,0.0,0.035166774,0.0,0.0,0.0,0.0,0.0,0.0,0.0,0.0,0.0
3,0,0.96483326,0.0,0.035166774,0.0,0.0,0.0,0.0,0.0,0.0,0.0,0.0,0.0
3,0,0.96483326,0.0,0.035166774,0.0,0.0,0.0,0.0,0.0,0.0,0.0,0.0,0.0
3,0,0.96483326,0.0,0.035166774,0.0,0.0,0.0,0.0,0.0,0.0,0.0,0.0,0.0
3,0,0.96483326,0.0,0.035166774,0.0,0.0,0.0,0.0,0.0,0.0,0.0,0.0,0.0
3,0,0.96483326,0.0,0.035166774,0.0,0.0,0.0,0.0,0.0,0.0,0.0,0.0,0.0
3,0,0.96483326,0.0,0.035166774,0.0,0.0,0.0,0.0,0.0,0.0,0.0,0.0,0.0
3,0,0.96483326,0.0,0.035166774,0.0,0.0,0.0,0.0,0.0,0.0,0.0,0.0,0.0
3,0,0.96483326,0.0,0.035166774,0.0,0.0,0.0,0.0,0.0,0.0,0.0,0.0,0.0
3,0,0.96483326,0.0,0.035166774,0.0,0.0,0.0,0.0,0.0,0.0,0.0,0.0,0.0
3,0,0.96483326,0.0,0.035166774,0.0,0.0,0.0,0.0,0.0,0.0,0.0,0.0,0.0
3,0,0.96483326,0.0,0.035166774,0.0,0.0,0.0,0.0,0.0,0.0,0.0,0.0,0.0
3,0,0.96483326,0.0,0.035166774,0.0,0.0,0.0,0.0,0.0,0.0,0.0,0.0,0.0
3,0,0.96483326,0.0,0.035166774,0.0,0.0,0.0,0.0,0.0,0.0,0.0,0.0,0.0
3,0,0.96483326,0.0,0.035166774,0.0,0.0,0.0,0.0,0.0,0.0,0.0,0.0,0.0
3,0,0.96483326,0.0,0.035166774,0.0,0.0,0.0,0.0,0.0,0.0,0.0,0.0,0.0
3,0,0.96483326,0.0,0.035166774,0.0,0.0,0.0,0.0,0.0,0.0,0.0,0.0,0.0
3,0,0.96483326,0.0,0.035166774,0.0,0.0,0.0,0.0,0.0,0.0,0.0,0.0,0.0
3,0,0.96483326,0.0,0.035166774,0.0,0.0,0.0,0.0,0.0,0.0,0.0,0.0,0.0
3,0,0.96483326,0.0,0.035166774,0.0,0.0,0.0,0.0,0.0,0.0,0.0,0.0,0.0
3,0,0.96483326,0.0,0.035166774,0.0,0.0,0.0,0.0,0.0,0.0,0.0,0.0,0.0
3,0,0.96483326,0.0,0.035166774,0.0,0.0,0.0,0.0,0.0,0.0,0.0,0.0,0.0
3,0,0.96483326,0.0,0.035166774,0.0,0.0,0.0,0.0,0.0,0.0,0.0,0.0,0.0
3,0,0.96483326,0.0,0.035166774,0.0,0.0,0.0,0.0,0.0,0.0,0.0,0.0,0.0
3,0,0.96483326,0.0,0.035166774,0.0,0.0,0.0,0.0,0.0,0.0,0.0,0.0,0.0
3,0,0.96483326,0.0,0.035166774,0.0,0.0,0.0,0.0,0.0,0.0,0.0,0.0,0.0
3,0,0.96483326,0.0,0.035166774,0.0,0.0,0.0,0.0,0.0,0.0,0.0,0.0,0.0
3,0,0.96483326,0.0,0.035166774,0.0,0.0,0.0,0.0,0.0,0.0,0.0,0.0,0.0
3,0,0.96483326,0.0,0.035166774,0.0,0.0,0.0,0.0,0.0,0.0,0.0,0.0,0.0
3,0,0.96483326,0.0,0.035166774,0.0,0.0,0.0,0.0,0.0,0.0,0.0,0.0,0.0
3,0,0.96483326,0.0,0.035166774,0.0,0.0,0.0,0.0,0.0,0.0,0.0,0.0,0.0
3,0,0.96483326,0.0,0.035166774,0.0,0.0,0.0,0.0,0.0,0.0,0.0,0.0,0.0
3,0,0.96483326,0.0,0.035166774,0.0,0.0,0.0,0.0,0.0,0.0,0.0,0.0,0.0
3,0,0.96483326,0.0,0.035166774,0.0,0.0,0.0,0.0,0.0,0.0,0.0,0.0,0.0
3,0,0.96483326,0.0,0.035166774,0.0,0.0,0.0,0.0,0.0,0.0,0.0,0.0,0.0
3,0,0.96483326,0.0,0.035166774,0.0,0.0,0.0,0.0,0.0,0.0,0.0,0.0,0.0
3,0,0.96483326,0.0,0.035166774,0.0,0.0,0.0,0.0,0.0,0.0,0.0,0.0,0.0
3,0,0.96483326,0.0,0.035166774,0.0,0.0,0.0,0.0,0.0,0.0,0.0,0.0,0.0
3,0,0.96483326,0.0,0.035166774,0.0,0.0,0.0,0.0,0.0,0.0,0.0,0.0,0.0
3,0,0.9067742,0.0,0.09322579,0.0,0.0,0.0,0.0,0.0,0.0,0.0,0.0,0.0
3,0,0.9067742,0.0,0.09322579,0.0,0.0,0.0,0.0,0.0,0.0,0.0,0.0,0.0
3,0,0.9067742,0.0,0.09322579,0.0,0.0,0.0,0.0,0.0,0.0,0.0,0.0,0.0
3,0,0.9067742,0.0,0.09322579,0.0,0.0,0.0,0.0,0.0,0.0,0.0,0.0,0.0
3,0,0.9067742,0.0,0.09322579,0.0,0.0,0.0,0.0,0.0,0.0,0.0,0.0,0.0
3,0,0.9067742,0.0,0.09322579,0.0,0.0,0.0,0.0,0.0,0.0,0.0,0.0,0.0
3,0,0.9067742,0.0,0.09322579,0.0,0.0,0.0,0.0,0.0,0.0,0.0,0.0,0.0
3,0,0.9067742,0.0,0.09322579,0.0,0.0,0.0,0.0,0.0,0.0,0.0,0.0,0.0
3,0,0.9067742,0.0,0.09322579,0.0,0.0,0.0,0.0,0.0,0.0,0.0,0.0,0.0
3,0,0.9067742,0.0,0.09322579,0.0,0.0,0.0,0.0,0.0,0.0,0.0,0.0,0.0
3,0,0.9067742,0.0,0.09322579,0.0,0.0,0.0,0.0,0.0,0.0,0.0,0.0,0.0
3,0,0.9067742,0.0,0.09322579,0.0,0.0,0.0,0.0,0.0,0.0,0.0,0.0,0.0
3,0,0.9067742,0.0,0.09322579,0.0,0.0,0.0,0.0,0.0,0.0,0.0,0.0,0.0
3,0,0.9067742,0.0,0.09322579,0.0,0.0,0.0,0.0,0.0,0.0,0.0,0.0,0.0
3,0,0.9067742,0.0,0.09322579,0.0,0.0,0.0,0.0,0.0,0.0,0.0,0.0,0.0
3,0,0.9067742,0.0,0.09322579,0.0,0.0,0.0,0.0,0.0,0.0,0.0,0.0,0.0
3,0,0.8773032,0.0,0.09322579,0.029471047,0.0,0.0,0.0,0.0,0.0,0.0,0.0,0.0
3,0,0.8773032,0.0,0.09322579,0.029471047,0.0,0.0,0.0,0.0,0.0,0.0,0.0,0.0
3,0,0.8773032,0.0,0.09322579,0.029471047,0.0,0.0,0.0,0.0,0.0,0.0,0.0,0.0
3,0,0.8773032,0.0,0.09322579,0.029471047,0.0,0.0,0.0,0.0,0.0,0.0,0.0,0.0
3,0,0.76926154,0.0,0.09322579,0.13751268,0.0,0.0,0.0,0.0,0.0,0.0,0.0,0.0
3,0,0.76926154,0.0,0.09322579,0.13751268,0.0,0.0,0.0,0.0,0.0,0.0,0.0,0.0
3,0,0.76926154,0.0,0.09322579,0.13751268,0.0,0.0,0.0,0.0,0.0,0.0,0.0,0.0
3,0,0.76926154,0.0,0.09322579,0.13751268,0.0,0.0,0.0,0.0,0.0,0.0,0.0,0.0
3,0,0.76926154,0.0,0.09322579,0.13751268,0.0,0.0,0.0,0.0,0.0,0.0,0.0,0.0
3,0,0.76926154,0.0,0.09322579,0.13751268,0.0,0.0,0.0,0.0,0.0,0.0,0.0,0.0
3,0,0.76926154,0.0,0.09322579,0.13751268,0.0,0.0,0.0,0.0,0.0,0.0,0.0,0.0
3,0,0.76926154,0.0,0.09322579,0.13751268,0.0,0.0,0.0,0.0,0.0,0.0,0.0,0.0
3,0,0.76926154,0.0,0.09322579,0.13751268,0.0,0.0,0.0,0.0,0.0,0.0,0.0,0.0
3,0,0.76926154,0.0,0.09322579,0.13751268,0.0,0.0,0.0,0.0,0.0,0.0,0.0,0.0
3,0,0.76926154,0.0,0.09322579,0.13751268,0.0,0.0,0.0,0.0,0.0,0.0,0.0,0.0
3,0,0.76926154,0.0,0.09322579,0.13751268,0.0,0.0,0.0,0.0,0.0,0.0,0.0,0.0
3,0,0.76926154,0.0,0.09322579,0.13751268,0.0,0.0,0.0,0.0,0.0,0.0,0.0,0.0
3,0,0.76926154,0.0,0.09322579,0.13751268,0.0,0.0,0.0,0.0,0.0,0.0,0.0,0.0
3,0,0.76926154,0.0,0.09322579,0.13751268,0.0,0.0,0.0,0.0,0.0,0.0,0.0,0.0
3,0,0.76926154,0.0,0.09322579,0.13751268,0.0,0.0,0.0,0.0,0.0,0.0,0.0,0.0
3,0,0.76926154,0.0,0.09322579,0.13751268,0.0,0.0,0.0,0.0,0.0,0.0,0.0,0.0
3,0,0.76926154,0.0,0.09322579,0.13751268,0.0,0.0,0.0,0.0,0.0,0.0,0.0,0.0
3,0,0.76926154,0.0,0.09322579,0.13751268,0.0,0.0,0.0,0.0,0.0,0.0,0.0,0.0
3,0,0.76926154,0.0,0.09322579,0.13751268,0.0,0.0,0.0,0.0,0.0,0.0,0.0,0.0
3,0,0.76926154,0.0,0.09322579,0.13751268,0.0,0.0,0.0,0.0,0.0,0.0,0.0,0.0
3,0,0.76926154,0.0,0.09322579,0.13751268,0.0,0.0,0.0,0.0,0.0,0.0,0.0,0.0
3,0,0.76926154,0.0,0.09322579,0.13751268,0.0,0.0,0.0,0.0,0.0,0.0,0.0,0.0
3,0,0.76926154,0.0,0.09322579,0.13751268,0.0,0.0,0.0,0.0,0.0,0.0,0.0,0.0
3,0,0.76926154,0.0,0.09322579,0.13751268,0.0,0.0,0.0,0.0,0.0,0.0,0.0,0.0
3,0,0.76926154,0.0,0.09322579,0.13751268,0.0,0.0,0.0,0.0,0.0,0.0,0.0,0.0
3,0,0.76926154,0.0,0.09322579,0.13751268,0.0,0.0,0.0,0.0,0.0,0.0,0.0,0.0
3,0,0.76926154,0.0,0.09322579,0.13751268,0.0,0.0,0.0,0.0,0.0,0.0,0.0,0.0
3,0,0.5718928,0.0,0.29059452,0.13751268,0.0,0.0,0.0,0.0,0.0,0.0,0.0,0.0
3,0,0.5718928,0.0,0.29059452,0.13751268,0.0,0.0,0.0,0.0,0.0,0.0,0.0,0.0
3,0,0.5718928,0.0,0.29059452,0.13751268,0.0,0.0,0.0,0.0,0.0,0.0,0.0,0.0
3,0,0.5718928,0.0,0.29059452,0.13751268,0.0,0.0,0.0,0.0,0.0,0.0,0.0,0.0
3,0,0.5718928,0.0,0.29059452,0.13751268,0.0,0.0,0.0,0.0,0.0,0.0,0.0,0.0
3,0,0.5718928,0.0,0.29059452,0.13751268,0.0,0.0,0.0,0.0,0.0,0.0,0.0,0.0
3,0,0.54507816,0.0,0.2905945,0.1643273,0.0,0.0,0.0,0.0,0.0,0.0,0.0,0.0
3,0,0.54507816,0.0,0.2905945,0.1643273,0.0,0.0,0.0,0.0,0.0,0.0,0.0,0.0
3,0,0.54507816,0.0,0.2905945,0.1643273,0.0,0.0,0.0,0.0,0.0,0.0,0.0,0.0
3,0,0.54507816,0.0,0.2905945,0.1643273,0.0,0.0,0.0,0.0,0.0,0.0,0.0,0.0
3,0,0.54507816,0.0,0.2905945,0.1643273,0.0,0.0,0.0,0.0,0.0,0.0,0.0,0.0
3,0,0.54507816,0.0,0.2905945,0.1643273,0.0,0.0,0.0,0.0,0.0,0.0,0.0,0.0
3,0,0.54507816,0.0,0.2905945,0.1643273,0.0,0.0,0.0,0.0,0.0,0.0,0.0,0.0
3,0,0.54507816,0.0,0.2905945,0.1643273,0.0,0.0,0.0,0.0,0.0,0.0,0.0,0.0
3,0,0.54507816,0.0,0.2905945,0.1643273,0.0,0.0,0.0,0.0,0.0,0.0,0.0,0.0
3,0,0.54507816,0.0,0.2905945,0.1643273,0.0,0.0,0.0,0.0,0.0,0.0,0.0,0.0
4,0,0.4903825,0.0,0.26143488,0.24818267,0.0,0.0,0.0,0.0,0.0,0.0,0.0,0.0
4,0,0.4903825,0.0,0.26143488,0.24818267,0.0,0.0,0.0,0.0,0.0,0.0,0.0,0.0
4,0,0.4903825,0.0,0.26143488,0.24818267,0.0,0.0,0.0,0.0,0.0,0.0,0.0,0.0
4,0,0.4903825,0.0,0.26143488,0.24818267,0.0,0.0,0.0,0.0,0.0,0.0,0.0,0.0
4,0,0.4903825,0.0,0.26143488,0.24818267,0.0,0.0,0.0,0.0,0.0,0.0,0.0,0.0
4,0,0.4903825,0.0,0.26143488,0.24818267,0.0,0.0,0.0,0.0,0.0,0.0,0.0,0.0
4,0,0.4903825,0.0,0.26143488,0.24818267,0.0,0.0,0.0,0.0,0.0,0.0,0.0,0.0
4,3,0.34883088,0.0,0.26143488,0.38973427,0.0,0.0,0.0,0.0,0.0,0.0,0.0,0.0
4,3,0.34883088,0.0,0.26143488,0.38973427,0.0,0.0,0.0,0.0,0.0,0.0,0.0,0.0
4,3,0.34883088,0.0,0.26143488,0.38973427,0.0,0.0,0.0,0.0,0.0,0.0,0.0,0.0
4,3,0.34883088,0.0,0.26143488,0.38973427,0.0,0.0,0.0,0.0,0.0,0.0,0.0,0.0
4,3,0.34883088,0.0,0.26143488,0.38973427,0.0,0.0,0.0,0.0,0.0,0.0,0.0,0.0
4,3,0.34883088,0.0,0.26143488,0.38973427,0.0,0.0,0.0,0.0,0.0,0.0,0.0,0.0
4,3,0.34883088,0.0,0.26143488,0.38973427,0.0,0.0,0.0,0.0,0.0,0.0,0.0,0.0
4,3,0.34883088,0.0,0.26143488,0.38973427,0.0,0.0,0.0,0.0,0.0,0.0,0.0,0.0
4,3,0.34883088,0.0,0.26143488,0.38973427,0.0,0.0,0.0,0.0,0.0,0.0,0.0,0.0
4,3,0.34883088,0.0,0.26143488,0.38973427,0.0,0.0,0.0,0.0,0.0,0.0,0.0,0.0
4,3,0.34883088,0.0,0.26143488,0.38973427,0.0,0.0,0.0,0.0,0.0,0.0,0.0,0.0
4,3,0.34883088,0.0,0.26143488,0.38973427,0.0,0.0,0.0,0.0,0.0,0.0,0.0,0.0
4,3,0.34883088,0.0,0.26143488,0.38973427,0.0,0.0,0.0,0.0,0.0,0.0,0.0,0.0
4,3,0.2892066,0.0,0.22979689,0.42137218,0.059624255,0.0,0.0,0.0,0.0,0.0,0.0,0.0
4,3,0.2892066,0.0,0.22979689,0.42137218,0.059624255,0.0,0.0,0.0,0.0,0.0,0.0,0.0
4,3,0.2892066,0.0,0.22979689,0.42137218,0.059624255,0.0,0.0,0.0,0.0,0.0,0.0,0.0
4,3,0.2892066,0.0,0.22979689,0.42137218,0.059624255,0.0,0.0,0.0,0.0,0.0,0.0,0.0
4,3,0.2892066,0.0,0.22979689,0.42137218,0.059624255,0.0,0.0,0.0,0.0,0.0,0.0,0.0
4,3,0.2892066,0.0,0.22979689,0.42137218,0.059624255,0.0,0.0,0.0,0.0,0.0,0.0,0.0
4,3,0.2892066,0.0,0.22979689,0.42137218,0.059624255,0.0,0.0,0.0,0.0,0.0,0.0,0.0
4,3,0.2892066,0.0,0.22979689,0.42137218,0.059624255,0.0,0.0,0.0,0.0,0.0,0.0,0.0
4,3,0.2892066,0.0,0.22979689,0.42137218,0.059624255,0.0,0.0,0.0,0.0,0.0,0.0,0.0
4,3,0.2892066,0.0,0.22979689,0.42137218,0.059624255,0.0,0.0,0.0,0.0,0.0,0.0,0.0
4,3,0.2892066,0.0,0.22979689,0.42137218,0.059624255,0.0,0.0,0.0,0.0,0.0,0.0,0.0
4,3,0.2892066,0.0,0.22979689,0.42137218,0.059624255,0.0,0.0,0.0,0.0,0.0,0.0,0.0
4,3,0.22619061,0.0,0.22979692,0.48438826,0.059624262,0.0,0.0,0.0,0.0,0.0,0.0,0.0
4,3,0.22619061,0.0,0.22979692,0.48438826,0.059624262,0.0,0.0,0.0,0.0,0.0,0.0,0.0
4,3,0.22619061,0.0,0.22979692,0.48438826,0.059624262,0.0,0.0,0.0,0.0,0.0,0.0,0.0
4,3,0.22619061,0.0,0.22979692,0.48438826,0.059624262,0.0,0.0,0.0,0.0,0.0,0.0,0.0
4,3,0.22619061,0.0,0.22979692,0.48438826,0.059624262,0.0,0.0,0.0,0.0,0.0,0.0,0.0
4,3,0.22619061,0.0,0.22979692,0.48438826,0.059624262,0.0,0.0,0.0,0.0,0.0,0.0,0.0
4,3,0.22619061,0.0,0.22979692,0.48438826,0.059624262,0.0,0.0,0.0,0.0,0.0,0.0,0.0
4,3,0.22619061,0.0,0.22979692,0.48438826,0.059624262,0.0,0.0,0.0,0.0,0.0,0.0,0.0
4,3,0.27842373,0.0,0.17756382,0.48438826,0.059624262,0.0,0.0,0.0,0.0,0.0,0.0,0.0
4,3,0.1979934,0.0,0.1775638,0.56481856,0.05962426,0.0,0.0,0.0,0.0,0.0,0.0,0.0
4,3,0.1979934,0.0,0.1775638,0.56481856,0.05962426,0.0,0.0,0.0,0.0,0.0,0.0,0.0
4,3,0.1979934,0.0,0.1775638,0.56481856,0.05962426,0.0,0.0,0.0,0.0,0.0,0.0,0.0
4,3,0.1979934,0.0,0.1775638,0.56481856,0.05962426,0.0,0.0,0.0,0.0,0.0,0.0,0.0
4,3,0.1979934,0.0,0.1775638,0.56481856,0.05962426,0.0,0.0,0.0,0.0,0.0,0.0,0.0
4,3,0.1979934,0.0,0.1775638,0.56481856,0.05962426,0.0,0.0,0.0,0.0,0.0,0.0,0.0
4,3,0.1979934,0.0,0.1775638,0.56481856,0.05962426,0.0,0.0,0.0,0.0,0.0,0.0,0.0
4,3,0.17049316,0.0,0.17756382,0.59231883,0.059624262,0.0,0.0,0.0,0.0,0.0,0.0,0.0
4,3,0.17049316,0.0,0.17756382,0.59231883,0.059624262,0.0,0.0,0.0,0.0,0.0,0.0,0.0
4,3,0.17049316,0.0,0.1775638,0.651943,0.0,0.0,0.0,0.0,0.0,0.0,0.0,0.0
4,3,0.17049316,0.0,0.1775638,0.651943,0.0,0.0,0.0,0.0,0.0,0.0,0.0,0.0
4,3,0.17049316,0.0,0.1775638,0.651943,0.0,0.0,0.0,0.0,0.0,0.0,0.0,0.0
4,3,0.17049316,0.0,0.1775638,0.651943,0.0,0.0,0.0,0.0,0.0,0.0,0.0,0.0
4,3,0.17049316,0.0,0.1775638,0.651943,0.0,0.0,0.0,0.0,0.0,0.0,0.0,0.0
4,3,0.17049316,0.0,0.1775638,0.651943,0.0,0.0,0.0,0.0,0.0,0.0,0.0,0.0
4,3,0.17049316,0.0,0.1775638,0.651943,0.0,0.0,0.0,0.0,0.0,0.0,0.0,0.0
4,3,0.17049316,0.0,0.1775638,0.651943,0.0,0.0,0.0,0.0,0.0,0.0,0.0,0.0
4,3,0.17049316,0.0,0.1775638,0.651943,0.0,0.0,0.0,0.0,0.0,0.0,0.0,0.0
4,3,0.17049316,0.0,0.1775638,0.651943,0.0,0.0,0.0,0.0,0.0,0.0,0.0,0.0
4,3,0.17049316,0.0,0.1775638,0.651943,0.0,0.0,0.0,0.0,0.0,0.0,0.0,0.0
4,3,0.17049316,0.0,0.1775638,0.651943,0.0,0.0,0.0,0.0,0.0,0.0,0.0,0.0
4,3,0.17049316,0.0,0.1775638,0.651943,0.0,0.0,0.0,0.0,0.0,0.0,0.0,0.0
4,3,0.17049316,0.0,0.1775638,0.651943,0.0,0.0,0.0,0.0,0.0,0.0,0.0,0.0
4,3,0.17049316,0.0,0.1775638,0.651943,0.0,0.0,0.0,0.0,0.0,0.0,0.0,0.0
4,3,0.17049316,0.0,0.1775638,0.651943,0.0,0.0,0.0,0.0,0.0,0.0,0.0,0.0
4,3,0.17049316,0.0,0.1775638,0.651943,0.0,0.0,0.0,0.0,0.0,0.0,0.0,0.0
4,3,0.17049316,0.0,0.1775638,0.651943,0.0,0.0,0.0,0.0,0.0,0.0,0.0,0.0
4,3,0.17049316,0.0,0.1775638,0.651943,0.0,0.0,0.0,0.0,0.0,0.0,0.0,0.0
4,3,0.17049316,0.0,0.1775638,0.651943,0.0,0.0,0.0,0.0,0.0,0.0,0.0,0.0
4,3,0.17049316,0.0,0.1775638,0.651943,0.0,0.0,0.0,0.0,0.0,0.0,0.0,0.0
4,3,0.17049316,0.0,0.1775638,0.651943,0.0,0.0,0.0,0.0,0.0,0.0,0.0,0.0
4,3,0.17049316,0.0,0.1775638,0.651943,0.0,0.0,0.0,0.0,0.0,0.0,0.0,0.0
4,3,0.17049316,0.0,0.1775638,0.651943,0.0,0.0,0.0,0.0,0.0,0.0,0.0,0.0
4,3,0.17049316,0.0,0.1775638,0.651943,0.0,0.0,0.0,0.0,0.0,0.0,0.0,0.0
4,3,0.17049316,0.0,0.1775638,0.651943,0.0,0.0,0.0,0.0,0.0,0.0,0.0,0.0
4,3,0.17049316,0.0,0.1775638,0.651943,0.0,0.0,0.0,0.0,0.0,0.0,0.0,0.0
4,3,0.17049316,0.0,0.1775638,0.651943,0.0,0.0,0.0,0.0,0.0,0.0,0.0,0.0
4,3,0.17049316,0.0,0.1775638,0.651943,0.0,0.0,0.0,0.0,0.0,0.0,0.0,0.0
4,3,0.17049316,0.0,0.1775638,0.651943,0.0,0.0,0.0,0.0,0.0,0.0,0.0,0.0
4,3,0.17049316,0.0,0.1775638,0.651943,0.0,0.0,0.0,0.0,0.0,0.0,0.0,0.0
4,3,0.17049316,0.0,0.1775638,0.651943,0.0,0.0,0.0,0.0,0.0,0.0,0.0,0.0
4,3,0.17049316,0.0,0.1775638,0.651943,0.0,0.0,0.0,0.0,0.0,0.0,0.0,0.0
4,3,0.17049316,0.0,0.1775638,0.651943,0.0,0.0,0.0,0.0,0.0,0.0,0.0,0.0
4,3,0.17049316,0.0,0.1775638,0.651943,0.0,0.0,0.0,0.0,0.0,0.0,0.0,0.0
4,3,0.17049316,0.0,0.1775638,0.651943,0.0,0.0,0.0,0.0,0.0,0.0,0.0,0.0
4,3,0.17049316,0.0,0.1775638,0.651943,0.0,0.0,0.0,0.0,0.0,0.0,0.0,0.0
4,3,0.17049316,0.0,0.1775638,0.651943,0.0,0.0,0.0,0.0,0.0,0.0,0.0,0.0
4,3,0.17049316,0.0,0.1775638,0.651943,0.0,0.0,0.0,0.0,0.0,0.0,0.0,0.0
4,3,0.17049316,0.0,0.1775638,0.651943,0.0,0.0,0.0,0.0,0.0,0.0,0.0,0.0
4,3,0.17049316,0.0,0.1775638,0.651943,0.0,0.0,0.0,0.0,0.0,0.0,0.0,0.0
4,3,0.17049316,0.0,0.1775638,0.651943,0.0,0.0,0.0,0.0,0.0,0.0,0.0,0.0
4,3,0.17049316,0.0,0.1775638,0.651943,0.0,0.0,0.0,0.0,0.0,0.0,0.0,0.0
4,3,0.17049316,0.0,0.1775638,0.651943,0.0,0.0,0.0,0.0,0.0,0.0,0.0,0.0
4,3,0.17049316,0.0,0.1775638,0.651943,0.0,0.0,0.0,0.0,0.0,0.0,0.0,0.0
4,3,0.17049316,0.0,0.1775638,0.651943,0.0,0.0,0.0,0.0,0.0,0.0,0.0,0.0
4,3,0.17049316,0.0,0.13758495,0.6919219,0.0,0.0,0.0,0.0,0.0,0.0,0.0,0.0
4,3,0.17049316,0.0,0.13758495,0.6919219,0.0,0.0,0.0,0.0,0.0,0.0,0.0,0.0
4,3,0.17049316,0.0,0.13758495,0.6919219,0.0,0.0,0.0,0.0,0.0,0.0,0.0,0.0
4,3,0.17049316,0.0,0.13758495,0.6919219,0.0,0.0,0.0,0.0,0.0,0.0,0.0,0.0
4,3,0.17049316,0.0,0.13758495,0.6919219,0.0,0.0,0.0,0.0,0.0,0.0,0.0,0.0
4,3,0.17049316,0.0,0.13758495,0.6919219,0.0,0.0,0.0,0.0,0.0,0.0,0.0,0.0
4,3,0.17049316,0.0,0.13758495,0.6919219,0.0,0.0,0.0,0.0,0.0,0.0,0.0,0.0
4,3,0.17049316,0.0,0.13758495,0.6919219,0.0,0.0,0.0,0.0,0.0,0.0,0.0,0.0
4,3,0.17049316,0.0,0.13758495,0.6919219,0.0,0.0,0.0,0.0,0.0,0.0,0.0,0.0
4,3,0.17049316,0.0,0.13758495,0.6919219,0.0,0.0,0.0,0.0,0.0,0.0,0.0,0.0
4,3,0.17049316,0.0,0.13758495,0.6919219,0.0,0.0,0.0,0.0,0.0,0.0,0.0,0.0
4,3,0.17049316,0.0,0.13758495,0.6919219,0.0,0.0,0.0,0.0,0.0,0.0,0.0,0.0
4,3,0.17049316,0.0,0.13758495,0.6919219,0.0,0.0,0.0,0.0,0.0,0.0,0.0,0.0
4,3,0.17049316,0.0,0.13758495,0.6919219,0.0,0.0,0.0,0.0,0.0,0.0,0.0,0.0
4,3,0.17049316,0.0,0.13758495,0.6919219,0.0,0.0,0.0,0.0,0.0,0.0,0.0,0.0
4,3,0.17049316,0.0,0.13758495,0.6919219,0.0,0.0,0.0,0.0,0.0,0.0,0.0,0.0
4,3,0.17049316,0.0,0.0,0.8295068,0.0,0.0,0.0,0.0,0.0,0.0,0.0,0.0
4,3,0.17049316,0.0,0.0,0.8295068,0.0,0.0,0.0,0.0,0.0,0.0,0.0,0.0
4,3,0.17049316,0.0,0.0,0.8295068,0.0,0.0,0.0,0.0,0.0,0.0,0.0,0.0
4,3,0.17049316,0.0,0.0,0.8295068,0.0,0.0,0.0,0.0,0.0,0.0,0.0,0.0
4,3,0.17049316,0.0,0.0,0.8295068,0.0,0.0,0.0,0.0,0.0,0.0,0.0,0.0
4,3,0.17049316,0.0,0.0,0.8295068,0.0,0.0,0.0,0.0,0.0,0.0,0.0,0.0
4,3,0.17049316,0.0,0.0,0.8295068,0.0,0.0,0.0,0.0,0.0,0.0,0.0,0.0
4,3,0.17049316,0.0,0.0,0.8295068,0.0,0.0,0.0,0.0,0.0,0.0,0.0,0.0
4,3,0.17049316,0.0,0.0,0.8295068,0.0,0.0,0.0,0.0,0.0,0.0,0.0,0.0
4,3,0.17049316,0.0,0.0,0.8295068,0.0,0.0,0.0,0.0,0.0,0.0,0.0,0.0
4,3,0.17049316,0.0,0.0,0.8295068,0.0,0.0,0.0,0.0,0.0,0.0,0.0,0.0
4,3,0.17049316,0.0,0.0,0.8295068,0.0,0.0,0.0,0.0,0.0,0.0,0.0,0.0
4,3,0.17049316,0.0,0.0,0.8295068,0.0,0.0,0.0,0.0,0.0,0.0,0.0,0.0
4,3,0.17049316,0.0,0.0,0.8295068,0.0,0.0,0.0,0.0,0.0,0.0,0.0,0.0
4,3,0.17049316,0.0,0.0,0.8295068,0.0,0.0,0.0,0.0,0.0,0.0,0.0,0.0
4,3,0.17049316,0.0,0.0,0.8295068,0.0,0.0,0.0,0.0,0.0,0.0,0.0,0.0
4,3,0.17049316,0.0,0.0,0.8295068,0.0,0.0,0.0,0.0,0.0,0.0,0.0,0.0
4,3,0.17049316,0.0,0.0,0.8295068,0.0,0.0,0.0,0.0,0.0,0.0,0.0,0.0
4,3,0.17049316,0.0,0.0,0.8295068,0.0,0.0,0.0,0.0,0.0,0.0,0.0,0.0
4,3,0.17049316,0.0,0.0,0.8295068,0.0,0.0,0.0,0.0,0.0,0.0,0.0,0.0
4,3,0.17049316,0.0,0.0,0.8295068,0.0,0.0,0.0,0.0,0.0,0.0,0.0,0.0
4,3,0.17049316,0.0,0.0,0.8295068,0.0,0.0,0.0,0.0,0.0,0.0,0.0,0.0
4,3,0.17049316,0.0,0.0,0.8295068,0.0,0.0,0.0,0.0,0.0,0.0,0.0,0.0
4,3,0.17049316,0.0,0.0,0.8295068,0.0,0.0,0.0,0.0,0.0,0.0,0.0,0.0
4,3,0.17049316,0.0,0.0,0.8295068,0.0,0.0,0.0,0.0,0.0,0.0,0.0,0.0
4,3,0.17049316,0.0,0.0,0.8295068,0.0,0.0,0.0,0.0,0.0,0.0,0.0,0.0
4,3,0.17049316,0.0,0.0,0.8295068,0.0,0.0,0.0,0.0,0.0,0.0,0.0,0.0
4,3,0.17049316,0.0,0.0,0.8295068,0.0,0.0,0.0,0.0,0.0,0.0,0.0,0.0
4,3,0.31204474,0.0,0.0,0.68795526,0.0,0.0,0.0,0.0,0.0,0.0,0.0,0.0
4,3,0.31204474,0.0,0.0,0.68795526,0.0,0.0,0.0,0.0,0.0,0.0,0.0,0.0
4,3,0.31204474,0.0,0.0,0.68795526,0.0,0.0,0.0,0.0,0.0,0.0,0.0,0.0
4,3,0.31204474,0.0,0.0,0.68795526,0.0,0.0,0.0,0.0,0.0,0.0,0.0,0.0
4,3,0.31204474,0.0,0.0,0.68795526,0.0,0.0,0.0,0.0,0.0,0.0,0.0,0.0
4,3,0.31204474,0.0,0.0,0.68795526,0.0,0.0,0.0,0.0,0.0,0.0,0.0,0.0
4,3,0.31204474,0.0,0.0,0.68795526,0.0,0.0,0.0,0.0,0.0,0.0,0.0,0.0
4,3,0.31204474,0.0,0.0,0.68795526,0.0,0.0,0.0,0.0,0.0,0.0,0.0,0.0
4,3,0.31204474,0.0,0.0,0.68795526,0.0,0.0,0.0,0.0,0.0,0.0,0.0,0.0
4,3,0.31204474,0.0,0.0,0.68795526,0.0,0.0,0.0,0.0,0.0,0.0,0.0,0.0
4,3,0.31204474,0.0,0.0,0.68795526,0.0,0.0,0.0,0.0,0.0,0.0,0.0,0.0
4,3,0.31204474,0.0,0.0,0.68795526,0.0,0.0,0.0,0.0,0.0,0.0,0.0,0.0
4,3,0.31204474,0.0,0.0,0.68795526,0.0,0.0,0.0,0.0,0.0,0.0,0.0,0.0
4,3,0.31204474,0.0,0.0,0.68795526,0.0,0.0,0.0,0.0,0.0,0.0,0.0,0.0
4,3,0.31204474,0.0,0.0,0.68795526,0.0,0.0,0.0,0.0,0.0,0.0,0.0,0.0
4,3,0.31204474,0.0,0.0,0.68795526,0.0,0.0,0.0,0.0,0.0,0.0,0.0,0.0
4,3,0.31204474,0.0,0.0,0.68795526,0.0,0.0,0.0,0.0,0.0,0.0,0.0,0.0
4,3,0.31204474,0.0,0.0,0.68795526,0.0,0.0,0.0,0.0,0.0,0.0,0.0,0.0
4,3,0.31204474,0.0,0.0,0.68795526,0.0,0.0,0.0,0.0,0.0,0.0,0.0,0.0
4,3,0.31204474,0.0,0.0,0.68795526,0.0,0.0,0.0,0.0,0.0,0.0,0.0,0.0
4,3,0.31204474,0.0,0.0,0.68795526,0.0,0.0,0.0,0.0,0.0,0.0,0.0,0.0
4,3,0.31204474,0.0,0.0,0.68795526,0.0,0.0,0.0,0.0,0.0,0.0,0.0,0.0
4,3,0.31204474,0.0,0.0,0.68795526,0.0,0.0,0.0,0.0,0.0,0.0,0.0,0.0
4,3,0.31204474,0.0,0.0,0.68795526,0.0,0.0,0.0,0.0,0.0,0.0,0.0,0.0
4,3,0.31204474,0.0,0.0,0.68795526,0.0,0.0,0.0,0.0,0.0,0.0,0.0,0.0
4,3,0.31204474,0.0,0.0,0.68795526,0.0,0.0,0.0,0.0,0.0,0.0,0.0,0.0
4,3,0.31204474,0.0,0.0,0.68795526,0.0,0.0,0.0,0.0,0.0,0.0,0.0,0.0
4,3,0.31204474,0.0,0.0,0.68795526,0.0,0.0,0.0,0.0,0.0,0.0,0.0,0.0
4,3,0.31204474,0.0,0.0,0.68795526,0.0,0.0,0.0,0.0,0.0,0.0,0.0,0.0
4,3,0.31204474,0.0,0.0,0.68795526,0.0,0.0,0.0,0.0,0.0,0.0,0.0,0.0
4,3,0.31204474,0.0,0.0,0.68795526,0.0,0.0,0.0,0.0,0.0,0.0,0.0,0.0
4,3,0.31204474,0.0,0.0,0.68795526,0.0,0.0,0.0,0.0,0.0,0.0,0.0,0.0
4,3,0.31204474,0.0,0.0,0.68795526,0.0,0.0,0.0,0.0,0.0,0.0,0.0,0.0
4,3,0.31204474,0.0,0.0,0.68795526,0.0,0.0,0.0,0.0,0.0,0.0,0.0,0.0
4,3,0.31204474,0.0,0.0,0.68795526,0.0,0.0,0.0,0.0,0.0,0.0,0.0,0.0
4,3,0.31204474,0.0,0.0,0.68795526,0.0,0.0,0.0,0.0,0.0,0.0,0.0,0.0
4,3,0.37506077,0.0,0.0,0.62493926,0.0,0.0,0.0,0.0,0.0,0.0,0.0,0.0
4,3,0.37506077,0.0,0.0,0.62493926,0.0,0.0,0.0,0.0,0.0,0.0,0.0,0.0
4,3,0.37506077,0.0,0.0,0.62493926,0.0,0.0,0.0,0.0,0.0,0.0,0.0,0.0
4,3,0.37506077,0.0,0.0,0.62493926,0.0,0.0,0.0,0.0,0.0,0.0,0.0,0.0
4,3,0.37506077,0.0,0.0,0.62493926,0.0,0.0,0.0,0.0,0.0,0.0,0.0,0.0
4,3,0.37506077,0.0,0.0,0.62493926,0.0,0.0,0.0,0.0,0.0,0.0,0.0,0.0
4,3,0.37506077,0.0,0.0,0.62493926,0.0,0.0,0.0,0.0,0.0,0.0,0.0,0.0
4,3,0.37506077,0.0,0.0,0.62493926,0.0,0.0,0.0,0.0,0.0,0.0,0.0,0.0
4,3,0.37506077,0.0,0.0,0.62493926,0.0,0.0,0.0,0.0,0.0,0.0,0.0,0.0
4,3,0.37506077,0.0,0.0,0.62493926,0.0,0.0,0.0,0.0,0.0,0.0,0.0,0.0
4,3,0.37506077,0.0,0.0,0.62493926,0.0,0.0,0.0,0.0,0.0,0.0,0.0,0.0
4,3,0.37506077,0.0,0.0,0.62493926,0.0,0.0,0.0,0.0,0.0,0.0,0.0,0.0
4,3,0.37506077,0.0,0.0,0.62493926,0.0,0.0,0.0,0.0,0.0,0.0,0.0,0.0
4,3,0.37506077,0.0,0.0,0.62493926,0.0,0.0,0.0,0.0,0.0,0.0,0.0,0.0
4,3,0.37506077,0.0,0.0,0.62493926,0.0,0.0,0.0,0.0,0.0,0.0,0.0,0.0
4,3,0.37506077,0.0,0.0,0.62493926,0.0,0.0,0.0,0.0,0.0,0.0,0.0,0.0
4,3,0.37506077,0.0,0.0,0.62493926,0.0,0.0,0.0,0.0,0.0,0.0,0.0,0.0
4,3,0.37506077,0.0,0.0,0.62493926,0.0,0.0,0.0,0.0,0.0,0.0,0.0,0.0
4,3,0.37506077,0.0,0.0,0.62493926,0.0,0.0,0.0,0.0,0.0,0.0,0.0,0.0
4,3,0.37506077,0.0,0.0,0.62493926,0.0,0.0,0.0,0.0,0.0,0.0,0.0,0.0
4,3,0.37506077,0.0,0.0,0.62493926,0.0,0.0,0.0,0.0,0.0,0.0,0.0,0.0
4,3,0.37506077,0.0,0.0,0.62493926,0.0,0.0,0.0,0.0,0.0,0.0,0.0,0.0
4,3,0.37506077,0.0,0.0,0.62493926,0.0,0.0,0.0,0.0,0.0,0.0,0.0,0.0
4,3,0.37506077,0.0,0.0,0.62493926,0.0,0.0,0.0,0.0,0.0,0.0,0.0,0.0
4,3,0.37506077,0.0,0.0,0.62493926,0.0,0.0,0.0,0.0,0.0,0.0,0.0,0.0
4,3,0.37506077,0.0,0.0,0.62493926,0.0,0.0,0.0,0.0,0.0,0.0,0.0,0.0
4,3,0.37506077,0.0,0.0,0.62493926,0.0,0.0,0.0,0.0,0.0,0.0,0.0,0.0
4,3,0.37506077,0.0,0.0,0.62493926,0.0,0.0,0.0,0.0,0.0,0.0,0.0,0.0
4,3,0.37506077,0.0,0.0,0.62493926,0.0,0.0,0.0,0.0,0.0,0.0,0.0,0.0
4,3,0.37506077,0.0,0.0,0.62493926,0.0,0.0,0.0,0.0,0.0,0.0,0.0,0.0
4,3,0.37506077,0.0,0.0,0.62493926,0.0,0.0,0.0,0.0,0.0,0.0,0.0,0.0
4,3,0.37506077,0.0,0.0,0.62493926,0.0,0.0,0.0,0.0,0.0,0.0,0.0,0.0
4,3,0.37506077,0.0,0.0,0.62493926,0.0,0.0,0.0,0.0,0.0,0.0,0.0,0.0
4,3,0.37506077,0.0,0.0,0.62493926,0.0,0.0,0.0,0.0,0.0,0.0,0.0,0.0
4,3,0.37506077,0.0,0.0,0.62493926,0.0,0.0,0.0,0.0,0.0,0.0,0.0,0.0
4,3,0.37506077,0.0,0.0,0.62493926,0.0,0.0,0.0,0.0,0.0,0.0,0.0,0.0
4,3,0.37506077,0.0,0.0,0.62493926,0.0,0.0,0.0,0.0,0.0,0.0,0.0,0.0
4,3,0.37506077,0.0,0.0,0.62493926,0.0,0.0,0.0,0.0,0.0,0.0,0.0,0.0
4,3,0.37506077,0.0,0.0,0.62493926,0.0,0.0,0.0,0.0,0.0,0.0,0.0,0.0
4,3,0.37506077,0.0,0.0,0.62493926,0.0,0.0,0.0,0.0,0.0,0.0,0.0,0.0
4,3,0.37506077,0.0,0.0,0.62493926,0.0,0.0,0.0,0.0,0.0,0.0,0.0,0.0
4,3,0.37506077,0.0,0.0,0.62493926,0.0,0.0,0.0,0.0,0.0,0.0,0.0,0.0
4,3,0.37506077,0.0,0.0,0.62493926,0.0,0.0,0.0,0.0,0.0,0.0,0.0,0.0
4,3,0.37506077,0.0,0.0,0.62493926,0.0,0.0,0.0,0.0,0.0,0.0,0.0,0.0
4,3,0.37506077,0.0,0.0,0.62493926,0.0,0.0,0.0,0.0,0.0,0.0,0.0,0.0
4,3,0.37506077,0.0,0.0,0.62493926,0.0,0.0,0.0,0.0,0.0,0.0,0.0,0.0
4,3,0.37506077,0.0,0.0,0.62493926,0.0,0.0,0.0,0.0,0.0,0.0,0.0,0.0
4,3,0.37506077,0.0,0.0,0.62493926,0.0,0.0,0.0,0.0,0.0,0.0,0.0,0.0
4,3,0.37506077,0.0,0.0,0.62493926,0.0,0.0,0.0,0.0,0.0,0.0,0.0,0.0
4,3,0.37506077,0.0,0.0,0.62493926,0.0,0.0,0.0,0.0,0.0,0.0,0.0,0.0
4,3,0.37506077,0.0,0.0,0.62493926,0.0,0.0,0.0,0.0,0.0,0.0,0.0,0.0
4,3,0.37506077,0.0,0.0,0.62493926,0.0,0.0,0.0,0.0,0.0,0.0,0.0,0.0
4,3,0.37506077,0.0,0.0,0.62493926,0.0,0.0,0.0,0.0,0.0,0.0,0.0,0.0
4,3,0.37506077,0.0,0.0,0.62493926,0.0,0.0,0.0,0.0,0.0,0.0,0.0,0.0
4,3,0.37506077,0.0,0.0,0.62493926,0.0,0.0,0.0,0.0,0.0,0.0,0.0,0.0
4,3,0.37506077,0.0,0.0,0.62493926,0.0,0.0,0.0,0.0,0.0,0.0,0.0,0.0
4,3,0.37506077,0.0,0.0,0.62493926,0.0,0.0,0.0,0.0,0.0,0.0,0.0,0.0
4,3,0.37506077,0.0,0.0,0.62493926,0.0,0.0,0.0,0.0,0.0,0.0,0.0,0.0
4,3,0.37506077,0.0,0.0,0.62493926,0.0,0.0,0.0,0.0,0.0,0.0,0.0,0.0
4,3,0.37506077,0.0,0.0,0.62493926,0.0,0.0,0.0,0.0,0.0,0.0,0.0,0.0
4,3,0.37506077,0.0,0.0,0.62493926,0.0,0.0,0.0,0.0,0.0,0.0,0.0,0.0
4,3,0.37506077,0.0,0.0,0.62493926,0.0,0.0,0.0,0.0,0.0,0.0,0.0,0.0
4,3,0.37506077,0.0,0.0,0.62493926,0.0,0.0,0.0,0.0,0.0,0.0,0.0,0.0
4,3,0.37506077,0.0,0.0,0.62493926,0.0,0.0,0.0,0.0,0.0,0.0,0.0,0.0
4,3,0.37506077,0.0,0.0,0.62493926,0.0,0.0,0.0,0.0,0.0,0.0,0.0,0.0
4,3,0.37506077,0.0,0.0,0.62493926,0.0,0.0,0.0,0.0,0.0,0.0,0.0,0.0
4,3,0.37506077,0.0,0.0,0.62493926,0.0,0.0,0.0,0.0,0.0,0.0,0.0,0.0
4,3,0.37506077,0.0,0.0,0.62493926,0.0,0.0,0.0,0.0,0.0,0.0,0.0,0.0
4,3,0.37506077,0.0,0.0,0.62493926,0.0,0.0,0.0,0.0,0.0,0.0,0.0,0.0
4,3,0.37506077,0.0,0.0,0.62493926,0.0,0.0,0.0,0.0,0.0,0.0,0.0,0.0
4,3,0.37506077,0.0,0.0,0.62493926,0.0,0.0,0.0,0.0,0.0,0.0,0.0,0.0
4,3,0.37506077,0.0,0.0,0.62493926,0.0,0.0,0.0,0.0,0.0,0.0,0.0,0.0
4,3,0.37506077,0.0,0.0,0.62493926,0.0,0.0,0.0,0.0,0.0,0.0,0.0,0.0
4,3,0.37506077,0.0,0.0,0.62493926,0.0,0.0,0.0,0.0,0.0,0.0,0.0,0.0
4,3,0.37506077,0.0,0.0,0.62493926,0.0,0.0,0.0,0.0,0.0,0.0,0.0,0.0
4,3,0.37506077,0.0,0.0,0.62493926,0.0,0.0,0.0,0.0,0.0,0.0,0.0,0.0
4,3,0.37506077,0.0,0.0,0.62493926,0.0,0.0,0.0,0.0,0.0,0.0,0.0,0.0
4,3,0.37506077,0.0,0.0,0.62493926,0.0,0.0,0.0,0.0,0.0,0.0,0.0,0.0
4,3,0.37506077,0.0,0.0,0.62493926,0.0,0.0,0.0,0.0,0.0,0.0,0.0,0.0
4,3,0.37506077,0.0,0.0,0.62493926,0.0,0.0,0.0,0.0,0.0,0.0,0.0,0.0
4,3,0.37506077,0.0,0.0,0.62493926,0.0,0.0,0.0,0.0,0.0,0.0,0.0,0.0
4,3,0.37506077,0.0,0.0,0.62493926,0.0,0.0,0.0,0.0,0.0,0.0,0.0,0.0
4,3,0.37506077,0.0,0.0,0.62493926,0.0,0.0,0.0,0.0,0.0,0.0,0.0,0.0
4,3,0.37506077,0.0,0.0,0.62493926,0.0,0.0,0.0,0.0,0.0,0.0,0.0,0.0
4,3,0.37506077,0.0,0.0,0.62493926,0.0,0.0,0.0,0.0,0.0,0.0,0.0,0.0
4,3,0.37506077,0.0,0.0,0.62493926,0.0,0.0,0.0,0.0,0.0,0.0,0.0,0.0
4,3,0.37506077,0.0,0.0,0.62493926,0.0,0.0,0.0,0.0,0.0,0.0,0.0,0.0
4,3,0.37506077,0.0,0.0,0.62493926,0.0,0.0,0.0,0.0,0.0,0.0,0.0,0.0
4,3,0.37506077,0.0,0.0,0.62493926,0.0,0.0,0.0,0.0,0.0,0.0,0.0,0.0
4,3,0.37506077,0.0,0.0,0.62493926,0.0,0.0,0.0,0.0,0.0,0.0,0.0,0.0
4,3,0.37506077,0.0,0.0,0.62493926,0.0,0.0,0.0,0.0,0.0,0.0,0.0,0.0
4,3,0.37506077,0.0,0.0,0.62493926,0.0,0.0,0.0,0.0,0.0,0.0,0.0,0.0
4,3,0.37506077,0.0,0.0,0.62493926,0.0,0.0,0.0,0.0,0.0,0.0,0.0,0.0
4,3,0.37506077,0.0,0.0,0.62493926,0.0,0.0,0.0,0.0,0.0,0.0,0.0,0.0
4,3,0.37506077,0.0,0.0,0.62493926,0.0,0.0,0.0,0.0,0.0,0.0,0.0,0.0
4,3,0.37506077,0.0,0.0,0.62493926,0.0,0.0,0.0,0.0,0.0,0.0,0.0,0.0
4,3,0.31204474,0.0,0.0,0.68795526,0.0,0.0,0.0,0.0,0.0,0.0,0.0,0.0
4,3,0.31204474,0.0,0.0,0.68795526,0.0,0.0,0.0,0.0,0.0,0.0,0.0,0.0
4,3,0.31204474,0.0,0.0,0.68795526,0.0,0.0,0.0,0.0,0.0,0.0,0.0,0.0
4,3,0.31204474,0.0,0.0,0.68795526,0.0,0.0,0.0,0.0,0.0,0.0,0.0,0.0
4,3,0.31204474,0.0,0.0,0.68795526,0.0,0.0,0.0,0.0,0.0,0.0,0.0,0.0
4,3,0.31204474,0.0,0.0,0.68795526,0.0,0.0,0.0,0.0,0.0,0.0,0.0,0.0
4,3,0.31204474,0.0,0.0,0.68795526,0.0,0.0,0.0,0.0,0.0,0.0,0.0,0.0
4,3,0.31204474,0.0,0.0,0.68795526,0.0,0.0,0.0,0.0,0.0,0.0,0.0,0.0
4,3,0.31204474,0.0,0.0,0.68795526,0.0,0.0,0.0,0.0,0.0,0.0,0.0,0.0
4,3,0.31204474,0.0,0.0,0.68795526,0.0,0.0,0.0,0.0,0.0,0.0,0.0,0.0
4,3,0.31204474,0.0,0.0,0.68795526,0.0,0.0,0.0,0.0,0.0,0.0,0.0,0.0
4,3,0.31204474,0.0,0.0,0.68795526,0.0,0.0,0.0,0.0,0.0,0.0,0.0,0.0
4,3,0.31204474,0.0,0.0,0.68795526,0.0,0.0,0.0,0.0,0.0,0.0,0.0,0.0
4,3,0.31204474,0.0,0.0,0.68795526,0.0,0.0,0.0,0.0,0.0,0.0,0.0,0.0
4,3,0.31204474,0.0,0.0,0.68795526,0.0,0.0,0.0,0.0,0.0,0.0,0.0,0.0
4,3,0.31204474,0.0,0.0,0.68795526,0.0,0.0,0.0,0.0,0.0,0.0,0.0,0.0
4,3,0.31204474,0.0,0.0,0.68795526,0.0,0.0,0.0,0.0,0.0,0.0,0.0,0.0
4,3,0.31204474,0.0,0.0,0.68795526,0.0,0.0,0.0,0.0,0.0,0.0,0.0,0.0
4,3,0.31204474,0.0,0.0,0.68795526,0.0,0.0,0.0,0.0,0.0,0.0,0.0,0.0
4,3,0.31204474,0.0,0.0,0.68795526,0.0,0.0,0.0,0.0,0.0,0.0,0.0,0.0
4,3,0.31204474,0.0,0.0,0.68795526,0.0,0.0,0.0,0.0,0.0,0.0,0.0,0.0
4,3,0.31204474,0.0,0.0,0.68795526,0.0,0.0,0.0,0.0,0.0,0.0,0.0,0.0
4,3,0.31204474,0.0,0.0,0.68795526,0.0,0.0,0.0,0.0,0.0,0.0,0.0,0.0
4,3,0.31204474,0.0,0.0,0.68795526,0.0,0.0,0.0,0.0,0.0,0.0,0.0,0.0
4,3,0.39247507,0.0,0.0,0.607525,0.0,0.0,0.0,0.0,0.0,0.0,0.0,0.0
4,3,0.39247507,0.0,0.0,0.607525,0.0,0.0,0.0,0.0,0.0,0.0,0.0,0.0
4,3,0.39247507,0.0,0.0,0.607525,0.0,0.0,0.0,0.0,0.0,0.0,0.0,0.0
4,3,0.39247507,0.0,0.0,0.607525,0.0,0.0,0.0,0.0,0.0,0.0,0.0,0.0
4,3,0.39247507,0.0,0.0,0.607525,0.0,0.0,0.0,0.0,0.0,0.0,0.0,0.0
4,3,0.39247507,0.0,0.0,0.607525,0.0,0.0,0.0,0.0,0.0,0.0,0.0,0.0
4,3,0.39247507,0.0,0.0,0.607525,0.0,0.0,0.0,0.0,0.0,0.0,0.0,0.0
4,3,0.39247507,0.0,0.0,0.607525,0.0,0.0,0.0,0.0,0.0,0.0,0.0,0.0
4,3,0.39247507,0.0,0.0,0.607525,0.0,0.0,0.0,0.0,0.0,0.0,0.0,0.0
4,3,0.39247507,0.0,0.0,0.607525,0.0,0.0,0.0,0.0,0.0,0.0,0.0,0.0
4,3,0.39247507,0.0,0.0,0.607525,0.0,0.0,0.0,0.0,0.0,0.0,0.0,0.0
4,3,0.39247507,0.0,0.0,0.607525,0.0,0.0,0.0,0.0,0.0,0.0,0.0,0.0
4,3,0.39247507,0.0,0.0,0.607525,0.0,0.0,0.0,0.0,0.0,0.0,0.0,0.0
4,3,0.39247507,0.0,0.0,0.607525,0.0,0.0,0.0,0.0,0.0,0.0,0.0,0.0
4,3,0.39247507,0.0,0.0,0.607525,0.0,0.0,0.0,0.0,0.0,0.0,0.0,0.0
4,3,0.39247507,0.0,0.0,0.607525,0.0,0.0,0.0,0.0,0.0,0.0,0.0,0.0
4,3,0.39247507,0.0,0.0,0.607525,0.0,0.0,0.0,0.0,0.0,0.0,0.0,0.0
4,3,0.39247507,0.0,0.0,0.607525,0.0,0.0,0.0,0.0,0.0,0.0,0.0,0.0
4,3,0.39247507,0.0,0.0,0.607525,0.0,0.0,0.0,0.0,0.0,0.0,0.0,0.0
4,3,0.39247507,0.0,0.0,0.607525,0.0,0.0,0.0,0.0,0.0,0.0,0.0,0.0
4,3,0.39247507,0.0,0.0,0.607525,0.0,0.0,0.0,0.0,0.0,0.0,0.0,0.0
4,3,0.39247507,0.0,0.0,0.607525,0.0,0.0,0.0,0.0,0.0,0.0,0.0,0.0
4,3,0.39247507,0.0,0.0,0.607525,0.0,0.0,0.0,0.0,0.0,0.0,0.0,0.0
4,3,0.39247507,0.0,0.0,0.607525,0.0,0.0,0.0,0.0,0.0,0.0,0.0,0.0
4,3,0.39247507,0.0,0.0,0.607525,0.0,0.0,0.0,0.0,0.0,0.0,0.0,0.0
4,3,0.39247507,0.0,0.0,0.607525,0.0,0.0,0.0,0.0,0.0,0.0,0.0,0.0
4,3,0.39247507,0.0,0.0,0.607525,0.0,0.0,0.0,0.0,0.0,0.0,0.0,0.0
4,3,0.39247507,0.0,0.0,0.607525,0.0,0.0,0.0,0.0,0.0,0.0,0.0,0.0
4,3,0.39247507,0.0,0.0,0.607525,0.0,0.0,0.0,0.0,0.0,0.0,0.0,0.0
4,3,0.39247507,0.0,0.0,0.607525,0.0,0.0,0.0,0.0,0.0,0.0,0.0,0.0
4,3,0.39247507,0.0,0.0,0.607525,0.0,0.0,0.0,0.0,0.0,0.0,0.0,0.0
4,3,0.39247507,0.0,0.0,0.607525,0.0,0.0,0.0,0.0,0.0,0.0,0.0,0.0
4,3,0.39247507,0.0,0.0,0.607525,0.0,0.0,0.0,0.0,0.0,0.0,0.0,0.0
4,3,0.39247507,0.0,0.0,0.607525,0.0,0.0,0.0,0.0,0.0,0.0,0.0,0.0
4,3,0.39247507,0.0,0.0,0.607525,0.0,0.0,0.0,0.0,0.0,0.0,0.0,0.0
4,3,0.39247507,0.0,0.0,0.607525,0.0,0.0,0.0,0.0,0.0,0.0,0.0,0.0
4,3,0.39247507,0.0,0.0,0.607525,0.0,0.0,0.0,0.0,0.0,0.0,0.0,0.0
4,3,0.39247507,0.0,0.0,0.607525,0.0,0.0,0.0,0.0,0.0,0.0,0.0,0.0
4,3,0.39247507,0.0,0.0,0.607525,0.0,0.0,0.0,0.0,0.0,0.0,0.0,0.0
4,3,0.39247507,0.0,0.0,0.607525,0.0,0.0,0.0,0.0,0.0,0.0,0.0,0.0
4,3,0.39247507,0.0,0.0,0.607525,0.0,0.0,0.0,0.0,0.0,0.0,0.0,0.0
4,3,0.39247507,0.0,0.0,0.607525,0.0,0.0,0.0,0.0,0.0,0.0,0.0,0.0
4,3,0.39247507,0.0,0.0,0.607525,0.0,0.0,0.0,0.0,0.0,0.0,0.0,0.0
4,3,0.39247507,0.0,0.0,0.607525,0.0,0.0,0.0,0.0,0.0,0.0,0.0,0.0
4,3,0.39247507,0.0,0.0,0.607525,0.0,0.0,0.0,0.0,0.0,0.0,0.0,0.0
4,3,0.39247507,0.0,0.0,0.607525,0.0,0.0,0.0,0.0,0.0,0.0,0.0,0.0
4,3,0.39247507,0.0,0.0,0.607525,0.0,0.0,0.0,0.0,0.0,0.0,0.0,0.0
4,3,0.39247507,0.0,0.0,0.607525,0.0,0.0,0.0,0.0,0.0,0.0,0.0,0.0
4,3,0.39247507,0.0,0.0,0.607525,0.0,0.0,0.0,0.0,0.0,0.0,0.0,0.0
4,3,0.39247507,0.0,0.0,0.607525,0.0,0.0,0.0,0.0,0.0,0.0,0.0,0.0
4,3,0.39247507,0.0,0.0,0.607525,0.0,0.0,0.0,0.0,0.0,0.0,0.0,0.0
4,3,0.39247507,0.0,0.0,0.607525,0.0,0.0,0.0,0.0,0.0,0.0,0.0,0.0
4,3,0.39247507,0.0,0.0,0.607525,0.0,0.0,0.0,0.0,0.0,0.0,0.0,0.0
4,3,0.39247507,0.0,0.0,0.607525,0.0,0.0,0.0,0.0,0.0,0.0,0.0,0.0
4,3,0.39247507,0.0,0.0,0.607525,0.0,0.0,0.0,0.0,0.0,0.0,0.0,0.0
4,3,0.39247507,0.0,0.0,0.607525,0.0,0.0,0.0,0.0,0.0,0.0,0.0,0.0
4,3,0.39247507,0.0,0.0,0.607525,0.0,0.0,0.0,0.0,0.0,0.0,0.0,0.0
4,3,0.39247507,0.0,0.0,0.607525,0.0,0.0,0.0,0.0,0.0,0.0,0.0,0.0
4,3,0.39247507,0.0,0.0,0.607525,0.0,0.0,0.0,0.0,0.0,0.0,0.0,0.0
4,3,0.39247507,0.0,0.0,0.607525,0.0,0.0,0.0,0.0,0.0,0.0,0.0,0.0
4,3,0.39247507,0.0,0.0,0.607525,0.0,0.0,0.0,0.0,0.0,0.0,0.0,0.0
4,3,0.39247507,0.0,0.0,0.607525,0.0,0.0,0.0,0.0,0.0,0.0,0.0,0.0
4,3,0.39247507,0.0,0.0,0.607525,0.0,0.0,0.0,0.0,0.0,0.0,0.0,0.0
4,3,0.39247507,0.0,0.0,0.607525,0.0,0.0,0.0,0.0,0.0,0.0,0.0,0.0
4,3,0.39247507,0.0,0.0,0.607525,0.0,0.0,0.0,0.0,0.0,0.0,0.0,0.0
4,3,0.39247507,0.0,0.0,0.607525,0.0,0.0,0.0,0.0,0.0,0.0,0.0,0.0
4,3,0.39247507,0.0,0.0,0.607525,0.0,0.0,0.0,0.0,0.0,0.0,0.0,0.0
4,3,0.39247507,0.0,0.0,0.607525,0.0,0.0,0.0,0.0,0.0,0.0,0.0,0.0
4,3,0.39247507,0.0,0.0,0.607525,0.0,0.0,0.0,0.0,0.0,0.0,0.0,0.0
4,3,0.25092348,0.0,0.0,0.74907655,0.0,0.0,0.0,0.0,0.0,0.0,0.0,0.0
4,3,0.25092348,0.0,0.0,0.74907655,0.0,0.0,0.0,0.0,0.0,0.0,0.0,0.0
4,3,0.25092348,0.0,0.0,0.74907655,0.0,0.0,0.0,0.0,0.0,0.0,0.0,0.0
4,3,0.31393948,0.0,0.0,0.6860605,0.0,0.0,0.0,0.0,0.0,0.0,0.0,0.0
4,3,0.31393948,0.0,0.0,0.6860605,0.0,0.0,0.0,0.0,0.0,0.0,0.0,0.0
4,3,0.31393948,0.0,0.0,0.6860605,0.0,0.0,0.0,0.0,0.0,0.0,0.0,0.0
4,3,0.31393948,0.0,0.0,0.6860605,0.0,0.0,0.0,0.0,0.0,0.0,0.0,0.0
4,3,0.31393948,0.0,0.0,0.6860605,0.0,0.0,0.0,0.0,0.0,0.0,0.0,0.0
4,3,0.31393948,0.0,0.0,0.6860605,0.0,0.0,0.0,0.0,0.0,0.0,0.0,0.0
4,3,0.31393948,0.0,0.0,0.6860605,0.0,0.0,0.0,0.0,0.0,0.0,0.0,0.0
4,3,0.31393948,0.0,0.0,0.6860605,0.0,0.0,0.0,0.0,0.0,0.0,0.0,0.0
4,3,0.31393948,0.0,0.0,0.6860605,0.0,0.0,0.0,0.0,0.0,0.0,0.0,0.0
4,3,0.31393948,0.0,0.0,0.6860605,0.0,0.0,0.0,0.0,0.0,0.0,0.0,0.0
4,3,0.31393948,0.0,0.0,0.6860605,0.0,0.0,0.0,0.0,0.0,0.0,0.0,0.0
4,3,0.31393948,0.0,0.0,0.6860605,0.0,0.0,0.0,0.0,0.0,0.0,0.0,0.0
4,3,0.31393948,0.0,0.0,0.6860605,0.0,0.0,0.0,0.0,0.0,0.0,0.0,0.0
4,3,0.31393948,0.0,0.0,0.6860605,0.0,0.0,0.0,0.0,0.0,0.0,0.0,0.0
4,3,0.31393948,0.0,0.0,0.6860605,0.0,0.0,0.0,0.0,0.0,0.0,0.0,0.0
4,3,0.31393948,0.0,0.0,0.6860605,0.0,0.0,0.0,0.0,0.0,0.0,0.0,0.0
4,3,0.31393948,0.0,0.0,0.6860605,0.0,0.0,0.0,0.0,0.0,0.0,0.0,0.0
4,3,0.31393948,0.0,0.0,0.6860605,0.0,0.0,0.0,0.0,0.0,0.0,0.0,0.0
4,3,0.31393948,0.0,0.0,0.6860605,0.0,0.0,0.0,0.0,0.0,0.0,0.0,0.0
4,3,0.31393948,0.0,0.0,0.6860605,0.0,0.0,0.0,0.0,0.0,0.0,0.0,0.0
4,3,0.31393948,0.0,0.0,0.6860605,0.0,0.0,0.0,0.0,0.0,0.0,0.0,0.0
4,3,0.31393948,0.0,0.0,0.6860605,0.0,0.0,0.0,0.0,0.0,0.0,0.0,0.0
4,3,0.31393948,0.0,0.0,0.6860605,0.0,0.0,0.0,0.0,0.0,0.0,0.0,0.0
4,3,0.31393948,0.0,0.0,0.6860605,0.0,0.0,0.0,0.0,0.0,0.0,0.0,0.0
4,3,0.31393948,0.0,0.0,0.6860605,0.0,0.0,0.0,0.0,0.0,0.0,0.0,0.0
4,3,0.31393948,0.0,0.0,0.6860605,0.0,0.0,0.0,0.0,0.0,0.0,0.0,0.0
4,3,0.31393948,0.0,0.0,0.6860605,0.0,0.0,0.0,0.0,0.0,0.0,0.0,0.0
4,3,0.31393948,0.0,0.0,0.6860605,0.0,0.0,0.0,0.0,0.0,0.0,0.0,0.0
4,3,0.31393948,0.0,0.0,0.6860605,0.0,0.0,0.0,0.0,0.0,0.0,0.0,0.0
4,3,0.31393948,0.0,0.0,0.6860605,0.0,0.0,0.0,0.0,0.0,0.0,0.0,0.0
4,3,0.31393948,0.0,0.0,0.6860605,0.0,0.0,0.0,0.0,0.0,0.0,0.0,0.0
4,3,0.31393948,0.0,0.0,0.6860605,0.0,0.0,0.0,0.0,0.0,0.0,0.0,0.0
4,3,0.31393948,0.0,0.0,0.6860605,0.0,0.0,0.0,0.0,0.0,0.0,0.0,0.0
4,3,0.31393948,0.0,0.0,0.6860605,0.0,0.0,0.0,0.0,0.0,0.0,0.0,0.0
4,3,0.31393948,0.0,0.0,0.6860605,0.0,0.0,0.0,0.0,0.0,0.0,0.0,0.0
4,3,0.31393948,0.0,0.0,0.6860605,0.0,0.0,0.0,0.0,0.0,0.0,0.0,0.0
4,3,0.31393948,0.0,0.0,0.6860605,0.0,0.0,0.0,0.0,0.0,0.0,0.0,0.0
4,3,0.31393948,0.0,0.0,0.6860605,0.0,0.0,0.0,0.0,0.0,0.0,0.0,0.0
4,3,0.31393948,0.0,0.0,0.6860605,0.0,0.0,0.0,0.0,0.0,0.0,0.0,0.0
4,3,0.31393948,0.0,0.0,0.6860605,0.0,0.0,0.0,0.0,0.0,0.0,0.0,0.0
4,3,0.31393948,0.0,0.0,0.6860605,0.0,0.0,0.0,0.0,0.0,0.0,0.0,0.0
4,3,0.31393948,0.0,0.0,0.6860605,0.0,0.0,0.0,0.0,0.0,0.0,0.0,0.0
4,3,0.31393948,0.0,0.0,0.6860605,0.0,0.0,0.0,0.0,0.0,0.0,0.0,0.0
4,3,0.31393948,0.0,0.0,0.6860605,0.0,0.0,0.0,0.0,0.0,0.0,0.0,0.0
4,3,0.31393948,0.0,0.0,0.6860605,0.0,0.0,0.0,0.0,0.0,0.0,0.0,0.0
4,3,0.31393948,0.0,0.0,0.6860605,0.0,0.0,0.0,0.0,0.0,0.0,0.0,0.0
4,3,0.31393948,0.0,0.0,0.6860605,0.0,0.0,0.0,0.0,0.0,0.0,0.0,0.0
4,3,0.31393948,0.0,0.0,0.6860605,0.0,0.0,0.0,0.0,0.0,0.0,0.0,0.0
4,3,0.31393948,0.0,0.0,0.6860605,0.0,0.0,0.0,0.0,0.0,0.0,0.0,0.0
4,3,0.31393948,0.0,0.0,0.6860605,0.0,0.0,0.0,0.0,0.0,0.0,0.0,0.0
4,3,0.31393948,0.0,0.0,0.6860605,0.0,0.0,0.0,0.0,0.0,0.0,0.0,0.0
4,3,0.31393948,0.0,0.0,0.6860605,0.0,0.0,0.0,0.0,0.0,0.0,0.0,0.0
4,3,0.31393948,0.0,0.0,0.6860605,0.0,0.0,0.0,0.0,0.0,0.0,0.0,0.0
4,3,0.31393948,0.0,0.0,0.6860605,0.0,0.0,0.0,0.0,0.0,0.0,0.0,0.0
4,3,0.31393948,0.0,0.0,0.6860605,0.0,0.0,0.0,0.0,0.0,0.0,0.0,0.0
4,3,0.31393948,0.0,0.0,0.6860605,0.0,0.0,0.0,0.0,0.0,0.0,0.0,0.0
4,3,0.31393948,0.0,0.0,0.6860605,0.0,0.0,0.0,0.0,0.0,0.0,0.0,0.0
4,3,0.31393948,0.0,0.0,0.6860605,0.0,0.0,0.0,0.0,0.0,0.0,0.0,0.0
4,3,0.31393948,0.0,0.0,0.6860605,0.0,0.0,0.0,0.0,0.0,0.0,0.0,0.0
4,3,0.31393948,0.0,0.0,0.6860605,0.0,0.0,0.0,0.0,0.0,0.0,0.0,0.0
4,3,0.31393948,0.0,0.0,0.6860605,0.0,0.0,0.0,0.0,0.0,0.0,0.0,0.0
4,3,0.31393948,0.0,0.0,0.6860605,0.0,0.0,0.0,0.0,0.0,0.0,0.0,0.0
4,3,0.31393948,0.0,0.0,0.6860605,0.0,0.0,0.0,0.0,0.0,0.0,0.0,0.0
4,3,0.31393948,0.0,0.0,0.6860605,0.0,0.0,0.0,0.0,0.0,0.0,0.0,0.0
4,3,0.30026746,0.013672048,0.0,0.6860605,0.0,0.0,0.0,0.0,0.0,0.0,0.0,0.0
4,3,0.30026746,0.013672048,0.0,0.6860605,0.0,0.0,0.0,0.0,0.0,0.0,0.0,0.0
4,3,0.30026746,0.013672048,0.0,0.6860605,0.0,0.0,0.0,0.0,0.0,0.0,0.0,0.0
4,3,0.30026746,0.013672048,0.0,0.6860605,0.0,0.0,0.0,0.0,0.0,0.0,0.0,0.0
4,3,0.30026746,0.013672048,0.0,0.6860605,0.0,0.0,0.0,0.0,0.0,0.0,0.0,0.0
4,3,0.30026746,0.013672048,0.0,0.6860605,0.0,0.0,0.0,0.0,0.0,0.0,0.0,0.0
4,3,0.30026746,0.013672048,0.0,0.6860605,0.0,0.0,0.0,0.0,0.0,0.0,0.0,0.0
4,3,0.30026746,0.013672048,0.0,0.6860605,0.0,0.0,0.0,0.0,0.0,0.0,0.0,0.0
4,3,0.30026746,0.013672048,0.0,0.6860605,0.0,0.0,0.0,0.0,0.0,0.0,0.0,0.0
4,3,0.30026746,0.013672048,0.0,0.6860605,0.0,0.0,0.0,0.0,0.0,0.0,0.0,0.0
4,3,0.30026746,0.013672048,0.0,0.6860605,0.0,0.0,0.0,0.0,0.0,0.0,0.0,0.0
4,3,0.30026746,0.013672048,0.0,0.6860605,0.0,0.0,0.0,0.0,0.0,0.0,0.0,0.0
4,3,0.30026746,0.013672048,0.0,0.6860605,0.0,0.0,0.0,0.0,0.0,0.0,0.0,0.0
4,3,0.30026746,0.013672048,0.0,0.6860605,0.0,0.0,0.0,0.0,0.0,0.0,0.0,0.0
4,3,0.30026746,0.013672048,0.0,0.6860605,0.0,0.0,0.0,0.0,0.0,0.0,0.0,0.0
4,3,0.30026746,0.013672048,0.0,0.6860605,0.0,0.0,0.0,0.0,0.0,0.0,0.0,0.0
4,3,0.30026746,0.013672048,0.0,0.6860605,0.0,0.0,0.0,0.0,0.0,0.0,0.0,0.0
4,3,0.30026746,0.013672048,0.0,0.6860605,0.0,0.0,0.0,0.0,0.0,0.0,0.0,0.0
4,3,0.30026746,0.013672048,0.0,0.6860605,0.0,0.0,0.0,0.0,0.0,0.0,0.0,0.0
4,3,0.30026746,0.013672048,0.0,0.6860605,0.0,0.0,0.0,0.0,0.0,0.0,0.0,0.0
4,3,0.30026746,0.013672048,0.0,0.6860605,0.0,0.0,0.0,0.0,0.0,0.0,0.0,0.0
4,3,0.30026746,0.013672048,0.0,0.6860605,0.0,0.0,0.0,0.0,0.0,0.0,0.0,0.0
4,3,0.30026746,0.013672048,0.0,0.6860605,0.0,0.0,0.0,0.0,0.0,0.0,0.0,0.0
4,3,0.30026746,0.013672048,0.0,0.6860605,0.0,0.0,0.0,0.0,0.0,0.0,0.0,0.0
4,3,0.30026746,0.013672048,0.0,0.6860605,0.0,0.0,0.0,0.0,0.0,0.0,0.0,0.0
4,3,0.30026746,0.013672048,0.0,0.6860605,0.0,0.0,0.0,0.0,0.0,0.0,0.0,0.0
4,3,0.30026746,0.013672048,0.0,0.6860605,0.0,0.0,0.0,0.0,0.0,0.0,0.0,0.0
4,3,0.30026746,0.013672048,0.0,0.6860605,0.0,0.0,0.0,0.0,0.0,0.0,0.0,0.0
4,3,0.30026746,0.013672048,0.0,0.6860605,0.0,0.0,0.0,0.0,0.0,0.0,0.0,0.0
4,3,0.30026746,0.013672048,0.0,0.6860605,0.0,0.0,0.0,0.0,0.0,0.0,0.0,0.0
4,3,0.30026746,0.013672048,0.0,0.6860605,0.0,0.0,0.0,0.0,0.0,0.0,0.0,0.0
4,3,0.30026746,0.013672048,0.0,0.6860605,0.0,0.0,0.0,0.0,0.0,0.0,0.0,0.0
4,3,0.30026746,0.013672048,0.0,0.6860605,0.0,0.0,0.0,0.0,0.0,0.0,0.0,0.0
4,3,0.30026746,0.013672048,0.0,0.6860605,0.0,0.0,0.0,0.0,0.0,0.0,0.0,0.0
4,3,0.30026746,0.013672048,0.0,0.6860605,0.0,0.0,0.0,0.0,0.0,0.0,0.0,0.0
4,3,0.30026746,0.013672048,0.0,0.6860605,0.0,0.0,0.0,0.0,0.0,0.0,0.0,0.0
4,3,0.30026746,0.013672048,0.0,0.6860605,0.0,0.0,0.0,0.0,0.0,0.0,0.0,0.0
4,3,0.30026746,0.013672048,0.0,0.6860605,0.0,0.0,0.0,0.0,0.0,0.0,0.0,0.0
4,3,0.30026746,0.013672048,0.0,0.6860605,0.0,0.0,0.0,0.0,0.0,0.0,0.0,0.0
4,3,0.30026746,0.013672048,0.0,0.6860605,0.0,0.0,0.0,0.0,0.0,0.0,0.0,0.0
4,3,0.30026746,0.013672048,0.0,0.6860605,0.0,0.0,0.0,0.0,0.0,0.0,0.0,0.0
4,3,0.30026746,0.013672048,0.0,0.6860605,0.0,0.0,0.0,0.0,0.0,0.0,0.0,0.0
4,3,0.30026746,0.013672048,0.0,0.6860605,0.0,0.0,0.0,0.0,0.0,0.0,0.0,0.0
4,3,0.30026746,0.013672048,0.0,0.6860605,0.0,0.0,0.0,0.0,0.0,0.0,0.0,0.0
4,3,0.30026746,0.013672048,0.0,0.6860605,0.0,0.0,0.0,0.0,0.0,0.0,0.0,0.0
4,3,0.30026746,0.013672048,0.0,0.6860605,0.0,0.0,0.0,0.0,0.0,0.0,0.0,0.0
4,3,0.30026746,0.013672048,0.0,0.6860605,0.0,0.0,0.0,0.0,0.0,0.0,0.0,0.0
4,3,0.30026746,0.013672048,0.0,0.6860605,0.0,0.0,0.0,0.0,0.0,0.0,0.0,0.0
4,3,0.30026746,0.013672048,0.0,0.6860605,0.0,0.0,0.0,0.0,0.0,0.0,0.0,0.0
4,3,0.30026746,0.013672048,0.0,0.6860605,0.0,0.0,0.0,0.0,0.0,0.0,0.0,0.0
4,3,0.30026746,0.013672048,0.0,0.6860605,0.0,0.0,0.0,0.0,0.0,0.0,0.0,0.0
4,3,0.30026746,0.013672048,0.0,0.6860605,0.0,0.0,0.0,0.0,0.0,0.0,0.0,0.0
4,3,0.30026746,0.013672048,0.0,0.6860605,0.0,0.0,0.0,0.0,0.0,0.0,0.0,0.0
4,3,0.30026746,0.013672048,0.0,0.6860605,0.0,0.0,0.0,0.0,0.0,0.0,0.0,0.0
4,3,0.30026746,0.013672048,0.0,0.6860605,0.0,0.0,0.0,0.0,0.0,0.0,0.0,0.0
4,3,0.30026746,0.013672048,0.0,0.6860605,0.0,0.0,0.0,0.0,0.0,0.0,0.0,0.0
4,3,0.30026746,0.013672048,0.0,0.6860605,0.0,0.0,0.0,0.0,0.0,0.0,0.0,0.0
4,3,0.30026746,0.013672048,0.0,0.6860605,0.0,0.0,0.0,0.0,0.0,0.0,0.0,0.0
4,3,0.30026746,0.013672048,0.0,0.6860605,0.0,0.0,0.0,0.0,0.0,0.0,0.0,0.0
4,3,0.30026746,0.013672048,0.0,0.6860605,0.0,0.0,0.0,0.0,0.0,0.0,0.0,0.0
4,3,0.30026746,0.013672048,0.0,0.6860605,0.0,0.0,0.0,0.0,0.0,0.0,0.0,0.0
4,3,0.30026746,0.013672048,0.0,0.6860605,0.0,0.0,0.0,0.0,0.0,0.0,0.0,0.0
4,3,0.30026746,0.013672048,0.0,0.6860605,0.0,0.0,0.0,0.0,0.0,0.0,0.0,0.0
4,3,0.30026746,0.013672048,0.0,0.6860605,0.0,0.0,0.0,0.0,0.0,0.0,0.0,0.0
4,3,0.30026746,0.013672048,0.0,0.6860605,0.0,0.0,0.0,0.0,0.0,0.0,0.0,0.0
4,3,0.30026746,0.013672048,0.0,0.6860605,0.0,0.0,0.0,0.0,0.0,0.0,0.0,0.0
4,3,0.30026746,0.013672048,0.0,0.6860605,0.0,0.0,0.0,0.0,0.0,0.0,0.0,0.0
4,3,0.30026746,0.013672048,0.0,0.6860605,0.0,0.0,0.0,0.0,0.0,0.0,0.0,0.0
4,3,0.30026746,0.013672048,0.0,0.6860605,0.0,0.0,0.0,0.0,0.0,0.0,0.0,0.0
4,3,0.30026746,0.013672048,0.0,0.6860605,0.0,0.0,0.0,0.0,0.0,0.0,0.0,0.0
4,3,0.30026746,0.013672048,0.0,0.6860605,0.0,0.0,0.0,0.0,0.0,0.0,0.0,0.0
4,3,0.30026746,0.013672048,0.0,0.6860605,0.0,0.0,0.0,0.0,0.0,0.0,0.0,0.0
4,3,0.30026746,0.013672048,0.0,0.6860605,0.0,0.0,0.0,0.0,0.0,0.0,0.0,0.0
4,3,0.30026746,0.013672048,0.0,0.6860605,0.0,0.0,0.0,0.0,0.0,0.0,0.0,0.0
4,3,0.30026746,0.013672048,0.0,0.6860605,0.0,0.0,0.0,0.0,0.0,0.0,0.0,0.0
4,3,0.30026746,0.013672048,0.0,0.6860605,0.0,0.0,0.0,0.0,0.0,0.0,0.0,0.0
4,3,0.30026746,0.013672048,0.0,0.6860605,0.0,0.0,0.0,0.0,0.0,0.0,0.0,0.0
4,3,0.30026746,0.013672048,0.0,0.6860605,0.0,0.0,0.0,0.0,0.0,0.0,0.0,0.0
4,3,0.30026746,0.013672048,0.0,0.6860605,0.0,0.0,0.0,0.0,0.0,0.0,0.0,0.0
4,3,0.30026746,0.013672048,0.0,0.6860605,0.0,0.0,0.0,0.0,0.0,0.0,0.0,0.0
4,3,0.30026746,0.013672048,0.0,0.6860605,0.0,0.0,0.0,0.0,0.0,0.0,0.0,0.0
4,3,0.30026746,0.013672048,0.0,0.6860605,0.0,0.0,0.0,0.0,0.0,0.0,0.0,0.0
4,3,0.30026746,0.013672048,0.0,0.6860605,0.0,0.0,0.0,0.0,0.0,0.0,0.0,0.0
4,3,0.30026746,0.013672048,0.0,0.6860605,0.0,0.0,0.0,0.0,0.0,0.0,0.0,0.0
4,3,0.30026746,0.013672048,0.0,0.6860605,0.0,0.0,0.0,0.0,0.0,0.0,0.0,0.0
4,3,0.30026746,0.013672048,0.0,0.6860605,0.0,0.0,0.0,0.0,0.0,0.0,0.0,0.0
4,3,0.30026746,0.013672048,0.0,0.6860605,0.0,0.0,0.0,0.0,0.0,0.0,0.0,0.0
4,3,0.30026746,0.013672048,0.0,0.6860605,0.0,0.0,0.0,0.0,0.0,0.0,0.0,0.0
4,3,0.30026746,0.013672048,0.0,0.6860605,0.0,0.0,0.0,0.0,0.0,0.0,0.0,0.0
4,3,0.30026746,0.013672048,0.0,0.6860605,0.0,0.0,0.0,0.0,0.0,0.0,0.0,0.0
4,3,0.30026746,0.013672048,0.0,0.6860605,0.0,0.0,0.0,0.0,0.0,0.0,0.0,0.0
4,3,0.30026746,0.013672048,0.0,0.6860605,0.0,0.0,0.0,0.0,0.0,0.0,0.0,0.0
4,3,0.30026746,0.013672048,0.0,0.6860605,0.0,0.0,0.0,0.0,0.0,0.0,0.0,0.0
4,3,0.30026746,0.013672048,0.0,0.6860605,0.0,0.0,0.0,0.0,0.0,0.0,0.0,0.0
4,3,0.30026746,0.013672048,0.0,0.6860605,0.0,0.0,0.0,0.0,0.0,0.0,0.0,0.0
4,3,0.30026746,0.013672048,0.0,0.6860605,0.0,0.0,0.0,0.0,0.0,0.0,0.0,0.0
4,3,0.30026746,0.013672048,0.0,0.6860605,0.0,0.0,0.0,0.0,0.0,0.0,0.0,0.0
4,3,0.30026746,0.013672048,0.0,0.6860605,0.0,0.0,0.0,0.0,0.0,0.0,0.0,0.0
4,3,0.30026746,0.013672048,0.0,0.6860605,0.0,0.0,0.0,0.0,0.0,0.0,0.0,0.0
4,3,0.30026746,0.013672048,0.0,0.6860605,0.0,0.0,0.0,0.0,0.0,0.0,0.0,0.0
4,3,0.30026746,0.013672048,0.0,0.6860605,0.0,0.0,0.0,0.0,0.0,0.0,0.0,0.0
4,3,0.30026746,0.013672048,0.0,0.6860605,0.0,0.0,0.0,0.0,0.0,0.0,0.0,0.0
4,3,0.30026746,0.013672048,0.0,0.6860605,0.0,0.0,0.0,0.0,0.0,0.0,0.0,0.0
4,3,0.30026746,0.013672048,0.0,0.6860605,0.0,0.0,0.0,0.0,0.0,0.0,0.0,0.0
4,3,0.30026746,0.013672048,0.0,0.6860605,0.0,0.0,0.0,0.0,0.0,0.0,0.0,0.0
4,3,0.30026746,0.013672048,0.0,0.6860605,0.0,0.0,0.0,0.0,0.0,0.0,0.0,0.0
4,3,0.30026746,0.013672048,0.0,0.6860605,0.0,0.0,0.0,0.0,0.0,0.0,0.0,0.0
4,3,0.30026746,0.013672048,0.0,0.6860605,0.0,0.0,0.0,0.0,0.0,0.0,0.0,0.0
4,3,0.30026746,0.013672048,0.0,0.6860605,0.0,0.0,0.0,0.0,0.0,0.0,0.0,0.0
4,3,0.30026746,0.013672048,0.0,0.6860605,0.0,0.0,0.0,0.0,0.0,0.0,0.0,0.0
4,3,0.30026746,0.013672048,0.0,0.6860605,0.0,0.0,0.0,0.0,0.0,0.0,0.0,0.0
4,3,0.30026746,0.013672048,0.0,0.6860605,0.0,0.0,0.0,0.0,0.0,0.0,0.0,0.0
4,3,0.30026746,0.013672048,0.0,0.6860605,0.0,0.0,0.0,0.0,0.0,0.0,0.0,0.0
4,3,0.30026746,0.013672048,0.0,0.6860605,0.0,0.0,0.0,0.0,0.0,0.0,0.0,0.0
4,3,0.30026746,0.013672048,0.0,0.6860605,0.0,0.0,0.0,0.0,0.0,0.0,0.0,0.0
4,3,0.30026746,0.013672048,0.0,0.6860605,0.0,0.0,0.0,0.0,0.0,0.0,0.0,0.0
4,3,0.30026746,0.013672048,0.0,0.6860605,0.0,0.0,0.0,0.0,0.0,0.0,0.0,0.0
4,3,0.30026746,0.013672048,0.0,0.6860605,0.0,0.0,0.0,0.0,0.0,0.0,0.0,0.0
4,3,0.30026746,0.013672048,0.0,0.6860605,0.0,0.0,0.0,0.0,0.0,0.0,0.0,0.0
4,3,0.30026746,0.013672048,0.0,0.6860605,0.0,0.0,0.0,0.0,0.0,0.0,0.0,0.0
4,3,0.30026746,0.013672048,0.0,0.6860605,0.0,0.0,0.0,0.0,0.0,0.0,0.0,0.0
4,3,0.30026746,0.013672048,0.0,0.6860605,0.0,0.0,0.0,0.0,0.0,0.0,0.0,0.0
4,3,0.30026746,0.013672048,0.0,0.6860605,0.0,0.0,0.0,0.0,0.0,0.0,0.0,0.0
4,3,0.30026746,0.013672048,0.0,0.6860605,0.0,0.0,0.0,0.0,0.0,0.0,0.0,0.0
4,3,0.30026746,0.013672048,0.0,0.6860605,0.0,0.0,0.0,0.0,0.0,0.0,0.0,0.0
4,3,0.30026746,0.013672048,0.0,0.6860605,0.0,0.0,0.0,0.0,0.0,0.0,0.0,0.0
4,3,0.30026746,0.013672048,0.0,0.6860605,0.0,0.0,0.0,0.0,0.0,0.0,0.0,0.0
4,3,0.30026746,0.013672048,0.0,0.6860605,0.0,0.0,0.0,0.0,0.0,0.0,0.0,0.0
4,0,0.5249769,0.013672048,0.0,0.4613511,0.0,0.0,0.0,0.0,0.0,0.0,0.0,0.0
4,0,0.5249769,0.013672048,0.0,0.4613511,0.0,0.0,0.0,0.0,0.0,0.0,0.0,0.0
4,0,0.5249769,0.013672048,0.0,0.4613511,0.0,0.0,0.0,0.0,0.0,0.0,0.0,0.0
4,0,0.5249769,0.013672048,0.0,0.4613511,0.0,0.0,0.0,0.0,0.0,0.0,0.0,0.0
4,0,0.5249769,0.013672048,0.0,0.4613511,0.0,0.0,0.0,0.0,0.0,0.0,0.0,0.0
4,0,0.5249769,0.013672048,0.0,0.4613511,0.0,0.0,0.0,0.0,0.0,0.0,0.0,0.0
4,0,0.5249769,0.013672048,0.0,0.4613511,0.0,0.0,0.0,0.0,0.0,0.0,0.0,0.0
4,0,0.5249769,0.013672048,0.0,0.4613511,0.0,0.0,0.0,0.0,0.0,0.0,0.0,0.0
4,0,0.5249769,0.0,0.0,0.47502312,0.0,0.0,0.0,0.0,0.0,0.0,0.0,0.0
4,0,0.5249769,0.0,0.0,0.47502312,0.0,0.0,0.0,0.0,0.0,0.0,0.0,0.0
4,0,0.5249769,0.0,0.0,0.47502312,0.0,0.0,0.0,0.0,0.0,0.0,0.0,0.0
4,0,0.5249769,0.0,0.0,0.47502312,0.0,0.0,0.0,0.0,0.0,0.0,0.0,0.0
4,0,0.5249769,0.0,0.0,0.47502312,0.0,0.0,0.0,0.0,0.0,0.0,0.0,0.0
4,0,0.5249769,0.0,0.0,0.47502312,0.0,0.0,0.0,0.0,0.0,0.0,0.0,0.0
4,0,0.5249769,0.0,0.0,0.47502312,0.0,0.0,0.0,0.0,0.0,0.0,0.0,0.0
4,0,0.5249769,0.0,0.0,0.47502312,0.0,0.0,0.0,0.0,0.0,0.0,0.0,0.0
4,0,0.5249769,0.0,0.0,0.47502312,0.0,0.0,0.0,0.0,0.0,0.0,0.0,0.0
4,0,0.5249769,0.0,0.0,0.47502312,0.0,0.0,0.0,0.0,0.0,0.0,0.0,0.0
4,0,0.5249769,0.0,0.0,0.47502312,0.0,0.0,0.0,0.0,0.0,0.0,0.0,0.0
4,0,0.5249769,0.0,0.0,0.47502312,0.0,0.0,0.0,0.0,0.0,0.0,0.0,0.0
4,0,0.5249769,0.0,0.0,0.47502312,0.0,0.0,0.0,0.0,0.0,0.0,0.0,0.0
4,0,0.5249769,0.0,0.0,0.47502312,0.0,0.0,0.0,0.0,0.0,0.0,0.0,0.0
4,0,0.5249769,0.0,0.0,0.47502312,0.0,0.0,0.0,0.0,0.0,0.0,0.0,0.0
4,0,0.5249769,0.0,0.0,0.47502312,0.0,0.0,0.0,0.0,0.0,0.0,0.0,0.0
4,0,0.5249769,0.0,0.0,0.47502312,0.0,0.0,0.0,0.0,0.0,0.0,0.0,0.0
4,0,0.5249769,0.0,0.0,0.47502312,0.0,0.0,0.0,0.0,0.0,0.0,0.0,0.0
4,0,0.5249769,0.0,0.0,0.47502312,0.0,0.0,0.0,0.0,0.0,0.0,0.0,0.0
4,0,0.5249769,0.0,0.0,0.47502312,0.0,0.0,0.0,0.0,0.0,0.0,0.0,0.0
4,0,0.5249769,0.0,0.0,0.47502312,0.0,0.0,0.0,0.0,0.0,0.0,0.0,0.0
4,0,0.5249769,0.0,0.0,0.47502312,0.0,0.0,0.0,0.0,0.0,0.0,0.0,0.0
4,0,0.5249769,0.0,0.0,0.47502312,0.0,0.0,0.0,0.0,0.0,0.0,0.0,0.0
4,0,0.5249769,0.0,0.0,0.47502312,0.0,0.0,0.0,0.0,0.0,0.0,0.0,0.0
4,0,0.66652846,0.0,0.0,0.33347154,0.0,0.0,0.0,0.0,0.0,0.0,0.0,0.0
4,0,0.66652846,0.0,0.0,0.33347154,0.0,0.0,0.0,0.0,0.0,0.0,0.0,0.0
4,0,0.66652846,0.0,0.0,0.33347154,0.0,0.0,0.0,0.0,0.0,0.0,0.0,0.0
4,0,0.66652846,0.0,0.0,0.33347154,0.0,0.0,0.0,0.0,0.0,0.0,0.0,0.0
4,0,0.66652846,0.0,0.0,0.33347154,0.0,0.0,0.0,0.0,0.0,0.0,0.0,0.0
4,0,0.66652846,0.0,0.0,0.33347154,0.0,0.0,0.0,0.0,0.0,0.0,0.0,0.0
4,0,0.66652846,0.0,0.0,0.33347154,0.0,0.0,0.0,0.0,0.0,0.0,0.0,0.0
4,0,0.66652846,0.0,0.0,0.33347154,0.0,0.0,0.0,0.0,0.0,0.0,0.0,0.0
4,0,0.66652846,0.0,0.0,0.33347154,0.0,0.0,0.0,0.0,0.0,0.0,0.0,0.0
4,0,0.66652846,0.0,0.0,0.33347154,0.0,0.0,0.0,0.0,0.0,0.0,0.0,0.0
4,0,0.6906524,0.0,0.0,0.30934763,0.0,0.0,0.0,0.0,0.0,0.0,0.0,0.0
4,0,0.6906524,0.0,0.0,0.30934763,0.0,0.0,0.0,0.0,0.0,0.0,0.0,0.0
4,0,0.6906524,0.0,0.0,0.30934763,0.0,0.0,0.0,0.0,0.0,0.0,0.0,0.0
4,0,0.6906524,0.0,0.0,0.30934763,0.0,0.0,0.0,0.0,0.0,0.0,0.0,0.0
4,0,0.6906524,0.0,0.0,0.30934763,0.0,0.0,0.0,0.0,0.0,0.0,0.0,0.0
4,0,0.6906524,0.0,0.0,0.30934763,0.0,0.0,0.0,0.0,0.0,0.0,0.0,0.0
4,0,0.6906524,0.0,0.0,0.30934763,0.0,0.0,0.0,0.0,0.0,0.0,0.0,0.0
4,0,0.6906524,0.0,0.0,0.30934763,0.0,0.0,0.0,0.0,0.0,0.0,0.0,0.0
4,0,0.6906524,0.0,0.0,0.30934763,0.0,0.0,0.0,0.0,0.0,0.0,0.0,0.0
4,0,0.6906524,0.0,0.0,0.30934763,0.0,0.0,0.0,0.0,0.0,0.0,0.0,0.0
4,0,0.6906524,0.0,0.0,0.30934763,0.0,0.0,0.0,0.0,0.0,0.0,0.0,0.0
4,0,0.6906524,0.0,0.0,0.30934763,0.0,0.0,0.0,0.0,0.0,0.0,0.0,0.0
4,0,0.6906524,0.0,0.0,0.30934763,0.0,0.0,0.0,0.0,0.0,0.0,0.0,0.0
4,0,0.6906524,0.0,0.0,0.30934763,0.0,0.0,0.0,0.0,0.0,0.0,0.0,0.0
4,0,0.6906524,0.0,0.0,0.30934763,0.0,0.0,0.0,0.0,0.0,0.0,0.0,0.0
4,0,0.6906524,0.0,0.0,0.30934763,0.0,0.0,0.0,0.0,0.0,0.0,0.0,0.0
4,0,0.6906524,0.0,0.0,0.30934763,0.0,0.0,0.0,0.0,0.0,0.0,0.0,0.0
4,0,0.6906524,0.0,0.0,0.30934763,0.0,0.0,0.0,0.0,0.0,0.0,0.0,0.0
4,0,0.6906524,0.0,0.0,0.30934763,0.0,0.0,0.0,0.0,0.0,0.0,0.0,0.0
4,0,0.6906524,0.0,0.0,0.30934763,0.0,0.0,0.0,0.0,0.0,0.0,0.0,0.0
4,0,0.6906524,0.0,0.0,0.30934763,0.0,0.0,0.0,0.0,0.0,0.0,0.0,0.0
4,0,0.6906524,0.0,0.0,0.30934763,0.0,0.0,0.0,0.0,0.0,0.0,0.0,0.0
4,0,0.6906524,0.0,0.0,0.30934763,0.0,0.0,0.0,0.0,0.0,0.0,0.0,0.0
4,0,0.6906524,0.0,0.0,0.30934763,0.0,0.0,0.0,0.0,0.0,0.0,0.0,0.0
4,0,0.6906524,0.0,0.0,0.30934763,0.0,0.0,0.0,0.0,0.0,0.0,0.0,0.0
4,0,0.6906524,0.0,0.0,0.30934763,0.0,0.0,0.0,0.0,0.0,0.0,0.0,0.0
4,0,0.6906524,0.0,0.0,0.30934763,0.0,0.0,0.0,0.0,0.0,0.0,0.0,0.0
4,0,0.6906524,0.0,0.0,0.30934763,0.0,0.0,0.0,0.0,0.0,0.0,0.0,0.0
4,0,0.6906524,0.0,0.0,0.30934763,0.0,0.0,0.0,0.0,0.0,0.0,0.0,0.0
4,0,0.7909971,0.0,0.0,0.20900288,0.0,0.0,0.0,0.0,0.0,0.0,0.0,0.0
4,0,0.7909971,0.0,0.0,0.20900288,0.0,0.0,0.0,0.0,0.0,0.0,0.0,0.0
4,0,0.7909971,0.0,0.0,0.20900288,0.0,0.0,0.0,0.0,0.0,0.0,0.0,0.0
4,0,0.7909971,0.0,0.0,0.20900288,0.0,0.0,0.0,0.0,0.0,0.0,0.0,0.0
4,0,0.7909971,0.0,0.0,0.20900288,0.0,0.0,0.0,0.0,0.0,0.0,0.0,0.0
4,0,0.7909971,0.0,0.0,0.20900288,0.0,0.0,0.0,0.0,0.0,0.0,0.0,0.0
4,0,0.7909971,0.0,0.0,0.20900288,0.0,0.0,0.0,0.0,0.0,0.0,0.0,0.0
4,0,0.7909971,0.0,0.0,0.20900288,0.0,0.0,0.0,0.0,0.0,0.0,0.0,0.0
4,0,0.7909971,0.0,0.0,0.20900288,0.0,0.0,0.0,0.0,0.0,0.0,0.0,0.0
4,0,0.7909971,0.0,0.0,0.20900288,0.0,0.0,0.0,0.0,0.0,0.0,0.0,0.0
4,0,0.7909971,0.0,0.0,0.20900288,0.0,0.0,0.0,0.0,0.0,0.0,0.0,0.0
4,0,0.7909971,0.0,0.0,0.20900288,0.0,0.0,0.0,0.0,0.0,0.0,0.0,0.0
4,0,0.7909971,0.0,0.0,0.20900288,0.0,0.0,0.0,0.0,0.0,0.0,0.0,0.0
4,0,0.7909971,0.0,0.0,0.20900288,0.0,0.0,0.0,0.0,0.0,0.0,0.0,0.0
4,0,0.7909971,0.0,0.0,0.20900288,0.0,0.0,0.0,0.0,0.0,0.0,0.0,0.0
4,0,0.7909971,0.0,0.0,0.20900288,0.0,0.0,0.0,0.0,0.0,0.0,0.0,0.0
4,0,0.7909971,0.0,0.0,0.20900288,0.0,0.0,0.0,0.0,0.0,0.0,0.0,0.0
4,0,0.7909971,0.0,0.0,0.20900288,0.0,0.0,0.0,0.0,0.0,0.0,0.0,0.0
4,0,0.7909971,0.0,0.0,0.20900288,0.0,0.0,0.0,0.0,0.0,0.0,0.0,0.0
4,0,0.8402671,0.0,0.0,0.15973288,0.0,0.0,0.0,0.0,0.0,0.0,0.0,0.0
4,0,0.8402671,0.0,0.0,0.15973288,0.0,0.0,0.0,0.0,0.0,0.0,0.0,0.0
4,0,0.8402671,0.0,0.0,0.15973288,0.0,0.0,0.0,0.0,0.0,0.0,0.0,0.0
4,0,0.8402671,0.0,0.0,0.15973288,0.0,0.0,0.0,0.0,0.0,0.0,0.0,0.0
4,0,0.8402671,0.0,0.0,0.15973288,0.0,0.0,0.0,0.0,0.0,0.0,0.0,0.0
4,0,0.8402671,0.0,0.0,0.15973288,0.0,0.0,0.0,0.0,0.0,0.0,0.0,0.0
4,0,0.9281762,0.0,0.0,0.071823806,0.0,0.0,0.0,0.0,0.0,0.0,0.0,0.0
4,0,0.9281762,0.0,0.0,0.071823806,0.0,0.0,0.0,0.0,0.0,0.0,0.0,0.0
4,0,0.9281762,0.0,0.0,0.071823806,0.0,0.0,0.0,0.0,0.0,0.0,0.0,0.0
4,0,0.9281762,0.0,0.0,0.071823806,0.0,0.0,0.0,0.0,0.0,0.0,0.0,0.0
4,0,0.9281762,0.0,0.0,0.071823806,0.0,0.0,0.0,0.0,0.0,0.0,0.0,0.0
4,0,0.9281762,0.0,0.0,0.071823806,0.0,0.0,0.0,0.0,0.0,0.0,0.0,0.0
4,0,0.9281762,0.0,0.0,0.071823806,0.0,0.0,0.0,0.0,0.0,0.0,0.0,0.0
4,0,0.9281762,0.0,0.0,0.071823806,0.0,0.0,0.0,0.0,0.0,0.0,0.0,0.0
4,0,0.9281762,0.0,0.0,0.071823806,0.0,0.0,0.0,0.0,0.0,0.0,0.0,0.0
4,0,0.9281762,0.0,0.0,0.071823806,0.0,0.0,0.0,0.0,0.0,0.0,0.0,0.0
4,0,0.9281762,0.0,0.0,0.071823806,0.0,0.0,0.0,0.0,0.0,0.0,0.0,0.0
4,0,0.9281762,0.0,0.0,0.071823806,0.0,0.0,0.0,0.0,0.0,0.0,0.0,0.0
4,0,0.9281762,0.0,0.0,0.071823806,0.0,0.0,0.0,0.0,0.0,0.0,0.0,0.0
4,0,0.9281762,0.0,0.0,0.071823806,0.0,0.0,0.0,0.0,0.0,0.0,0.0,0.0
4,0,0.9281762,0.0,0.0,0.071823806,0.0,0.0,0.0,0.0,0.0,0.0,0.0,0.0
4,0,0.9281762,0.0,0.0,0.071823806,0.0,0.0,0.0,0.0,0.0,0.0,0.0,0.0
4,0,0.9281762,0.0,0.0,0.071823806,0.0,0.0,0.0,0.0,0.0,0.0,0.0,0.0
4,0,0.9281762,0.0,0.0,0.071823806,0.0,0.0,0.0,0.0,0.0,0.0,0.0,0.0
4,0,0.9281762,0.0,0.0,0.071823806,0.0,0.0,0.0,0.0,0.0,0.0,0.0,0.0
4,0,0.9281762,0.0,0.0,0.071823806,0.0,0.0,0.0,0.0,0.0,0.0,0.0,0.0
4,0,0.9281762,0.0,0.0,0.071823806,0.0,0.0,0.0,0.0,0.0,0.0,0.0,0.0
4,0,0.9281762,0.0,0.0,0.071823806,0.0,0.0,0.0,0.0,0.0,0.0,0.0,0.0
4,0,0.9281762,0.0,0.0,0.071823806,0.0,0.0,0.0,0.0,0.0,0.0,0.0,0.0
4,0,0.9281762,0.0,0.0,0.071823806,0.0,0.0,0.0,0.0,0.0,0.0,0.0,0.0
4,0,0.9281762,0.0,0.0,0.071823806,0.0,0.0,0.0,0.0,0.0,0.0,0.0,0.0
4,0,0.9281762,0.0,0.0,0.071823806,0.0,0.0,0.0,0.0,0.0,0.0,0.0,0.0
4,0,0.9281762,0.0,0.0,0.071823806,0.0,0.0,0.0,0.0,0.0,0.0,0.0,0.0
4,0,0.9281762,0.0,0.0,0.071823806,0.0,0.0,0.0,0.0,0.0,0.0,0.0,0.0
4,0,0.9281762,0.0,0.0,0.071823806,0.0,0.0,0.0,0.0,0.0,0.0,0.0,0.0
4,0,0.9281762,0.0,0.0,0.071823806,0.0,0.0,0.0,0.0,0.0,0.0,0.0,0.0
4,0,0.9281762,0.0,0.0,0.071823806,0.0,0.0,0.0,0.0,0.0,0.0,0.0,0.0
4,0,0.9281762,0.0,0.0,0.071823806,0.0,0.0,0.0,0.0,0.0,0.0,0.0,0.0
4,0,0.9281762,0.0,0.0,0.071823806,0.0,0.0,0.0,0.0,0.0,0.0,0.0,0.0
4,0,0.9281762,0.0,0.0,0.071823806,0.0,0.0,0.0,0.0,0.0,0.0,0.0,0.0
4,0,0.9281762,0.0,0.0,0.071823806,0.0,0.0,0.0,0.0,0.0,0.0,0.0,0.0
4,0,0.9281762,0.0,0.0,0.071823806,0.0,0.0,0.0,0.0,0.0,0.0,0.0,0.0
4,0,0.9281762,0.0,0.0,0.071823806,0.0,0.0,0.0,0.0,0.0,0.0,0.0,0.0
4,0,0.9281762,0.0,0.0,0.071823806,0.0,0.0,0.0,0.0,0.0,0.0,0.0,0.0
4,0,0.9281762,0.0,0.0,0.071823806,0.0,0.0,0.0,0.0,0.0,0.0,0.0,0.0
4,0,0.9281762,0.0,0.0,0.071823806,0.0,0.0,0.0,0.0,0.0,0.0,0.0,0.0
4,0,0.9281762,0.0,0.0,0.071823806,0.0,0.0,0.0,0.0,0.0,0.0,0.0,0.0
4,0,0.9281762,0.0,0.0,0.071823806,0.0,0.0,0.0,0.0,0.0,0.0,0.0,0.0
4,0,0.9281762,0.0,0.0,0.071823806,0.0,0.0,0.0,0.0,0.0,0.0,0.0,0.0
4,0,0.9281762,0.0,0.0,0.071823806,0.0,0.0,0.0,0.0,0.0,0.0,0.0,0.0
4,0,0.9281762,0.0,0.0,0.071823806,0.0,0.0,0.0,0.0,0.0,0.0,0.0,0.0
4,0,0.9281762,0.0,0.0,0.071823806,0.0,0.0,0.0,0.0,0.0,0.0,0.0,0.0
4,0,0.9281762,0.0,0.0,0.071823806,0.0,0.0,0.0,0.0,0.0,0.0,0.0,0.0
4,0,0.9281762,0.0,0.0,0.071823806,0.0,0.0,0.0,0.0,0.0,0.0,0.0,0.0
4,0,0.9281762,0.0,0.0,0.071823806,0.0,0.0,0.0,0.0,0.0,0.0,0.0,0.0
4,0,0.9281762,0.0,0.0,0.071823806,0.0,0.0,0.0,0.0,0.0,0.0,0.0,0.0
4,0,0.9281762,0.0,0.0,0.071823806,0.0,0.0,0.0,0.0,0.0,0.0,0.0,0.0
4,0,0.9281762,0.0,0.0,0.071823806,0.0,0.0,0.0,0.0,0.0,0.0,0.0,0.0
4,0,0.9281762,0.0,0.0,0.071823806,0.0,0.0,0.0,0.0,0.0,0.0,0.0,0.0
4,0,0.9281762,0.0,0.0,0.071823806,0.0,0.0,0.0,0.0,0.0,0.0,0.0,0.0
4,0,0.9281762,0.0,0.0,0.071823806,0.0,0.0,0.0,0.0,0.0,0.0,0.0,0.0
4,0,0.9281762,0.0,0.0,0.071823806,0.0,0.0,0.0,0.0,0.0,0.0,0.0,0.0
4,0,0.9281762,0.0,0.0,0.071823806,0.0,0.0,0.0,0.0,0.0,0.0,0.0,0.0
4,0,0.9281762,0.0,0.0,0.071823806,0.0,0.0,0.0,0.0,0.0,0.0,0.0,0.0
4,0,0.9281762,0.0,0.0,0.071823806,0.0,0.0,0.0,0.0,0.0,0.0,0.0,0.0
4,0,0.9281762,0.0,0.0,0.071823806,0.0,0.0,0.0,0.0,0.0,0.0,0.0,0.0
4,0,0.9281762,0.0,0.0,0.071823806,0.0,0.0,0.0,0.0,0.0,0.0,0.0,0.0
4,0,0.9281762,0.0,0.0,0.071823806,0.0,0.0,0.0,0.0,0.0,0.0,0.0,0.0
4,0,0.9281762,0.0,0.0,0.071823806,0.0,0.0,0.0,0.0,0.0,0.0,0.0,0.0
4,0,0.9281762,0.0,0.0,0.071823806,0.0,0.0,0.0,0.0,0.0,0.0,0.0,0.0
4,0,0.95469,0.0,0.0,0.045310017,0.0,0.0,0.0,0.0,0.0,0.0,0.0,0.0
4,0,0.95469,0.0,0.0,0.045310017,0.0,0.0,0.0,0.0,0.0,0.0,0.0,0.0
4,0,0.95469,0.0,0.0,0.045310017,0.0,0.0,0.0,0.0,0.0,0.0,0.0,0.0
4,0,0.95469,0.0,0.0,0.045310017,0.0,0.0,0.0,0.0,0.0,0.0,0.0,0.0
4,0,0.95469,0.0,0.0,0.045310017,0.0,0.0,0.0,0.0,0.0,0.0,0.0,0.0
4,0,0.95469,0.0,0.0,0.045310017,0.0,0.0,0.0,0.0,0.0,0.0,0.0,0.0
4,0,0.95469,0.0,0.0,0.045310017,0.0,0.0,0.0,0.0,0.0,0.0,0.0,0.0
4,0,0.95469,0.0,0.0,0.045310017,0.0,0.0,0.0,0.0,0.0,0.0,0.0,0.0
4,0,0.95469,0.0,0.0,0.045310017,0.0,0.0,0.0,0.0,0.0,0.0,0.0,0.0
4,0,0.95469,0.0,0.0,0.045310017,0.0,0.0,0.0,0.0,0.0,0.0,0.0,0.0
4,0,0.95469,0.0,0.0,0.045310017,0.0,0.0,0.0,0.0,0.0,0.0,0.0,0.0
4,0,0.95469,0.0,0.0,0.045310017,0.0,0.0,0.0,0.0,0.0,0.0,0.0,0.0
4,0,0.95469,0.0,0.0,0.045310017,0.0,0.0,0.0,0.0,0.0,0.0,0.0,0.0
4,0,0.95469,0.0,0.0,0.045310017,0.0,0.0,0.0,0.0,0.0,0.0,0.0,0.0
4,0,0.95469,0.0,0.0,0.045310017,0.0,0.0,0.0,0.0,0.0,0.0,0.0,0.0
4,0,0.95469,0.0,0.0,0.045310017,0.0,0.0,0.0,0.0,0.0,0.0,0.0,0.0
4,0,0.95469,0.0,0.0,0.045310017,0.0,0.0,0.0,0.0,0.0,0.0,0.0,0.0
4,0,0.95469,0.0,0.0,0.045310017,0.0,0.0,0.0,0.0,0.0,0.0,0.0,0.0
4,0,0.95469,0.0,0.0,0.045310017,0.0,0.0,0.0,0.0,0.0,0.0,0.0,0.0
4,0,0.95469,0.0,0.0,0.045310017,0.0,0.0,0.0,0.0,0.0,0.0,0.0,0.0
4,0,0.95469,0.0,0.0,0.045310017,0.0,0.0,0.0,0.0,0.0,0.0,0.0,0.0
4,0,0.95469,0.0,0.0,0.045310017,0.0,0.0,0.0,0.0,0.0,0.0,0.0,0.0
4,0,0.95469,0.0,0.0,0.045310017,0.0,0.0,0.0,0.0,0.0,0.0,0.0,0.0
4,0,0.95469,0.0,0.0,0.045310017,0.0,0.0,0.0,0.0,0.0,0.0,0.0,0.0
4,0,0.95469,0.0,0.0,0.045310017,0.0,0.0,0.0,0.0,0.0,0.0,0.0,0.0
4,0,0.95469,0.0,0.0,0.045310017,0.0,0.0,0.0,0.0,0.0,0.0,0.0,0.0
4,0,0.95469,0.0,0.0,0.045310017,0.0,0.0,0.0,0.0,0.0,0.0,0.0,0.0
4,0,0.95469,0.0,0.0,0.045310017,0.0,0.0,0.0,0.0,0.0,0.0,0.0,0.0
4,0,0.95469,0.0,0.0,0.045310017,0.0,0.0,0.0,0.0,0.0,0.0,0.0,0.0
4,0,0.95469,0.0,0.0,0.045310017,0.0,0.0,0.0,0.0,0.0,0.0,0.0,0.0
4,0,0.95469,0.0,0.0,0.045310017,0.0,0.0,0.0,0.0,0.0,0.0,0.0,0.0
4,0,0.95469,0.0,0.0,0.045310017,0.0,0.0,0.0,0.0,0.0,0.0,0.0,0.0
4,0,0.9281762,0.0,0.0,0.04531002,0.026513783,0.0,0.0,0.0,0.0,0.0,0.0,0.0
4,0,0.9281762,0.0,0.0,0.04531002,0.026513783,0.0,0.0,0.0,0.0,0.0,0.0,0.0
4,0,0.9281762,0.0,0.0,0.04531002,0.026513783,0.0,0.0,0.0,0.0,0.0,0.0,0.0
4,0,0.9281762,0.0,0.0,0.04531002,0.026513783,0.0,0.0,0.0,0.0,0.0,0.0,0.0
4,0,0.9281762,0.0,0.0,0.04531002,0.026513783,0.0,0.0,0.0,0.0,0.0,0.0,0.0
4,0,0.9281762,0.0,0.0,0.04531002,0.026513783,0.0,0.0,0.0,0.0,0.0,0.0,0.0
4,0,0.9281762,0.0,0.0,0.04531002,0.026513783,0.0,0.0,0.0,0.0,0.0,0.0,0.0
4,0,0.9281762,0.0,0.0,0.04531002,0.026513783,0.0,0.0,0.0,0.0,0.0,0.0,0.0
4,0,0.9281762,0.0,0.0,0.04531002,0.026513783,0.0,0.0,0.0,0.0,0.0,0.0,0.0
4,0,0.9281762,0.0,0.0,0.04531002,0.026513783,0.0,0.0,0.0,0.0,0.0,0.0,0.0
4,0,0.9281762,0.0,0.0,0.04531002,0.026513783,0.0,0.0,0.0,0.0,0.0,0.0,0.0
4,0,0.9281762,0.0,0.0,0.04531002,0.026513783,0.0,0.0,0.0,0.0,0.0,0.0,0.0
4,0,0.9281762,0.0,0.0,0.04531002,0.026513783,0.0,0.0,0.0,0.0,0.0,0.0,0.0
4,0,0.9281762,0.0,0.0,0.04531002,0.026513783,0.0,0.0,0.0,0.0,0.0,0.0,0.0
4,0,0.9281762,0.0,0.0,0.04531002,0.026513783,0.0,0.0,0.0,0.0,0.0,0.0,0.0
4,0,0.9281762,0.0,0.0,0.04531002,0.026513783,0.0,0.0,0.0,0.0,0.0,0.0,0.0
4,0,0.9281762,0.0,0.0,0.04531002,0.026513783,0.0,0.0,0.0,0.0,0.0,0.0,0.0
4,0,0.9281762,0.0,0.0,0.04531002,0.026513783,0.0,0.0,0.0,0.0,0.0,0.0,0.0
4,0,0.9281762,0.0,0.0,0.04531002,0.026513783,0.0,0.0,0.0,0.0,0.0,0.0,0.0
4,0,0.9281762,0.0,0.0,0.04531002,0.026513783,0.0,0.0,0.0,0.0,0.0,0.0,0.0
4,0,0.9281762,0.0,0.0,0.04531002,0.026513783,0.0,0.0,0.0,0.0,0.0,0.0,0.0
4,0,0.9281762,0.0,0.0,0.04531002,0.026513783,0.0,0.0,0.0,0.0,0.0,0.0,0.0
4,0,0.9281762,0.0,0.0,0.04531002,0.026513783,0.0,0.0,0.0,0.0,0.0,0.0,0.0
4,0,0.9281762,0.0,0.0,0.04531002,0.026513783,0.0,0.0,0.0,0.0,0.0,0.0,0.0
4,0,0.9281762,0.0,0.0,0.04531002,0.026513783,0.0,0.0,0.0,0.0,0.0,0.0,0.0
4,0,0.9281762,0.0,0.0,0.04531002,0.026513783,0.0,0.0,0.0,0.0,0.0,0.0,0.0
4,0,0.9281762,0.0,0.0,0.04531002,0.026513783,0.0,0.0,0.0,0.0,0.0,0.0,0.0
4,0,0.9281762,0.0,0.0,0.04531002,0.026513783,0.0,0.0,0.0,0.0,0.0,0.0,0.0
4,0,0.9281762,0.0,0.0,0.04531002,0.026513783,0.0,0.0,0.0,0.0,0.0,0.0,0.0
4,0,0.9281762,0.0,0.0,0.04531002,0.026513783,0.0,0.0,0.0,0.0,0.0,0.0,0.0
4,0,0.9281762,0.0,0.0,0.04531002,0.026513783,0.0,0.0,0.0,0.0,0.0,0.0,0.0
4,0,0.9281762,0.0,0.0,0.04531002,0.026513783,0.0,0.0,0.0,0.0,0.0,0.0,0.0
4,0,0.9281762,0.0,0.0,0.04531002,0.026513783,0.0,0.0,0.0,0.0,0.0,0.0,0.0
4,0,0.9281762,0.0,0.0,0.04531002,0.026513783,0.0,0.0,0.0,0.0,0.0,0.0,0.0
4,0,0.9281762,0.0,0.0,0.04531002,0.026513783,0.0,0.0,0.0,0.0,0.0,0.0,0.0
4,0,0.9281762,0.0,0.0,0.04531002,0.026513783,0.0,0.0,0.0,0.0,0.0,0.0,0.0
4,0,0.9281762,0.0,0.0,0.04531002,0.026513783,0.0,0.0,0.0,0.0,0.0,0.0,0.0
4,0,0.9281762,0.0,0.0,0.04531002,0.026513783,0.0,0.0,0.0,0.0,0.0,0.0,0.0
4,0,0.9281762,0.0,0.0,0.04531002,0.026513783,0.0,0.0,0.0,0.0,0.0,0.0,0.0
4,0,0.9281762,0.0,0.0,0.04531002,0.026513783,0.0,0.0,0.0,0.0,0.0,0.0,0.0
4,0,0.9281762,0.0,0.0,0.04531002,0.026513783,0.0,0.0,0.0,0.0,0.0,0.0,0.0
4,0,0.9281762,0.0,0.0,0.04531002,0.026513783,0.0,0.0,0.0,0.0,0.0,0.0,0.0
4,0,0.9281762,0.0,0.0,0.04531002,0.026513783,0.0,0.0,0.0,0.0,0.0,0.0,0.0
4,0,0.9281762,0.0,0.0,0.04531002,0.026513783,0.0,0.0,0.0,0.0,0.0,0.0,0.0
4,0,0.9281762,0.0,0.0,0.04531002,0.026513783,0.0,0.0,0.0,0.0,0.0,0.0,0.0
4,0,0.9281762,0.0,0.0,0.04531002,0.026513783,0.0,0.0,0.0,0.0,0.0,0.0,0.0
4,0,0.9281762,0.0,0.0,0.04531002,0.026513783,0.0,0.0,0.0,0.0,0.0,0.0,0.0
4,0,0.9281762,0.0,0.0,0.04531002,0.026513783,0.0,0.0,0.0,0.0,0.0,0.0,0.0
4,0,0.9281762,0.0,0.0,0.04531002,0.026513783,0.0,0.0,0.0,0.0,0.0,0.0,0.0
4,0,0.9281762,0.0,0.0,0.04531002,0.026513783,0.0,0.0,0.0,0.0,0.0,0.0,0.0
4,0,0.9281762,0.0,0.0,0.04531002,0.026513783,0.0,0.0,0.0,0.0,0.0,0.0,0.0
4,0,0.9281762,0.0,0.0,0.04531002,0.026513783,0.0,0.0,0.0,0.0,0.0,0.0,0.0
4,0,0.9281762,0.0,0.0,0.04531002,0.026513783,0.0,0.0,0.0,0.0,0.0,0.0,0.0
4,0,0.9281762,0.0,0.0,0.04531002,0.026513783,0.0,0.0,0.0,0.0,0.0,0.0,0.0
4,0,0.9281762,0.0,0.0,0.04531002,0.026513783,0.0,0.0,0.0,0.0,0.0,0.0,0.0
4,0,0.9281762,0.0,0.0,0.04531002,0.026513783,0.0,0.0,0.0,0.0,0.0,0.0,0.0
4,0,0.9281762,0.0,0.0,0.04531002,0.026513783,0.0,0.0,0.0,0.0,0.0,0.0,0.0
4,0,0.9281762,0.0,0.0,0.04531002,0.026513783,0.0,0.0,0.0,0.0,0.0,0.0,0.0
4,0,0.9281762,0.0,0.0,0.04531002,0.026513783,0.0,0.0,0.0,0.0,0.0,0.0,0.0
4,0,0.9281762,0.0,0.0,0.04531002,0.026513783,0.0,0.0,0.0,0.0,0.0,0.0,0.0
4,0,0.9281762,0.0,0.0,0.04531002,0.026513783,0.0,0.0,0.0,0.0,0.0,0.0,0.0
4,0,0.9281762,0.0,0.0,0.04531002,0.026513783,0.0,0.0,0.0,0.0,0.0,0.0,0.0
4,0,0.9281762,0.0,0.0,0.04531002,0.026513783,0.0,0.0,0.0,0.0,0.0,0.0,0.0
4,0,0.9281762,0.0,0.0,0.04531002,0.026513783,0.0,0.0,0.0,0.0,0.0,0.0,0.0
4,0,0.9281762,0.0,0.0,0.04531002,0.026513783,0.0,0.0,0.0,0.0,0.0,0.0,0.0
4,0,0.9281762,0.0,0.0,0.04531002,0.026513783,0.0,0.0,0.0,0.0,0.0,0.0,0.0
4,0,0.9281762,0.0,0.0,0.04531002,0.026513783,0.0,0.0,0.0,0.0,0.0,0.0,0.0
4,0,0.9281762,0.0,0.0,0.04531002,0.026513783,0.0,0.0,0.0,0.0,0.0,0.0,0.0
4,0,0.9281762,0.0,0.0,0.04531002,0.026513783,0.0,0.0,0.0,0.0,0.0,0.0,0.0
4,0,0.9281762,0.0,0.0,0.04531002,0.026513783,0.0,0.0,0.0,0.0,0.0,0.0,0.0
4,0,0.9281762,0.0,0.0,0.04531002,0.026513783,0.0,0.0,0.0,0.0,0.0,0.0,0.0
4,0,0.9281762,0.0,0.0,0.04531002,0.026513783,0.0,0.0,0.0,0.0,0.0,0.0,0.0
4,0,0.9281762,0.0,0.0,0.04531002,0.026513783,0.0,0.0,0.0,0.0,0.0,0.0,0.0
4,0,0.9281762,0.0,0.0,0.04531002,0.026513783,0.0,0.0,0.0,0.0,0.0,0.0,0.0
4,0,0.9281762,0.0,0.0,0.04531002,0.026513783,0.0,0.0,0.0,0.0,0.0,0.0,0.0
4,0,0.9281762,0.0,0.0,0.04531002,0.026513783,0.0,0.0,0.0,0.0,0.0,0.0,0.0
4,0,0.9281762,0.0,0.0,0.04531002,0.026513783,0.0,0.0,0.0,0.0,0.0,0.0,0.0
4,0,0.9281762,0.0,0.0,0.04531002,0.026513783,0.0,0.0,0.0,0.0,0.0,0.0,0.0
4,0,0.9281762,0.0,0.0,0.04531002,0.026513783,0.0,0.0,0.0,0.0,0.0,0.0,0.0
4,0,0.9281762,0.0,0.0,0.04531002,0.026513783,0.0,0.0,0.0,0.0,0.0,0.0,0.0
4,0,0.9281762,0.0,0.0,0.04531002,0.026513783,0.0,0.0,0.0,0.0,0.0,0.0,0.0
4,0,0.9281762,0.0,0.0,0.04531002,0.026513783,0.0,0.0,0.0,0.0,0.0,0.0,0.0
4,0,0.9281762,0.0,0.0,0.04531002,0.026513783,0.0,0.0,0.0,0.0,0.0,0.0,0.0
4,0,0.9281762,0.0,0.0,0.04531002,0.026513783,0.0,0.0,0.0,0.0,0.0,0.0,0.0
4,0,0.9281762,0.0,0.0,0.04531002,0.026513783,0.0,0.0,0.0,0.0,0.0,0.0,0.0
4,0,0.9281762,0.0,0.0,0.04531002,0.026513783,0.0,0.0,0.0,0.0,0.0,0.0,0.0
4,0,0.9281762,0.0,0.0,0.04531002,0.026513783,0.0,0.0,0.0,0.0,0.0,0.0,0.0
4,0,0.9281762,0.0,0.0,0.04531002,0.026513783,0.0,0.0,0.0,0.0,0.0,0.0,0.0
4,0,0.9281762,0.0,0.0,0.04531002,0.026513783,0.0,0.0,0.0,0.0,0.0,0.0,0.0
4,0,0.9281762,0.0,0.0,0.04531002,0.026513783,0.0,0.0,0.0,0.0,0.0,0.0,0.0
4,0,0.9281762,0.0,0.0,0.04531002,0.026513783,0.0,0.0,0.0,0.0,0.0,0.0,0.0
4,0,0.9281762,0.0,0.0,0.04531002,0.026513783,0.0,0.0,0.0,0.0,0.0,0.0,0.0
4,0,0.9281762,0.0,0.0,0.04531002,0.026513783,0.0,0.0,0.0,0.0,0.0,0.0,0.0
4,0,0.9281762,0.0,0.0,0.04531002,0.026513783,0.0,0.0,0.0,0.0,0.0,0.0,0.0
4,0,0.9281762,0.0,0.0,0.04531002,0.026513783,0.0,0.0,0.0,0.0,0.0,0.0,0.0
4,0,0.9281762,0.0,0.0,0.04531002,0.026513783,0.0,0.0,0.0,0.0,0.0,0.0,0.0
4,0,0.9281762,0.0,0.0,0.04531002,0.026513783,0.0,0.0,0.0,0.0,0.0,0.0,0.0
4,0,0.9281762,0.0,0.0,0.04531002,0.026513783,0.0,0.0,0.0,0.0,0.0,0.0,0.0
4,0,0.9281762,0.0,0.0,0.04531002,0.026513783,0.0,0.0,0.0,0.0,0.0,0.0,0.0
4,0,0.9281762,0.0,0.0,0.04531002,0.026513783,0.0,0.0,0.0,0.0,0.0,0.0,0.0
4,0,0.9281762,0.0,0.0,0.04531002,0.026513783,0.0,0.0,0.0,0.0,0.0,0.0,0.0
4,0,0.9281762,0.0,0.0,0.04531002,0.026513783,0.0,0.0,0.0,0.0,0.0,0.0,0.0
4,0,0.9281762,0.0,0.0,0.04531002,0.026513783,0.0,0.0,0.0,0.0,0.0,0.0,0.0
4,0,0.9281762,0.0,0.0,0.04531002,0.026513783,0.0,0.0,0.0,0.0,0.0,0.0,0.0
4,0,0.9281762,0.0,0.0,0.04531002,0.026513783,0.0,0.0,0.0,0.0,0.0,0.0,0.0
4,0,0.9281762,0.0,0.0,0.04531002,0.026513783,0.0,0.0,0.0,0.0,0.0,0.0,0.0
4,0,0.9281762,0.0,0.0,0.04531002,0.026513783,0.0,0.0,0.0,0.0,0.0,0.0,0.0
4,0,0.9281762,0.0,0.0,0.04531002,0.026513783,0.0,0.0,0.0,0.0,0.0,0.0,0.0
4,0,0.9281762,0.0,0.0,0.04531002,0.026513783,0.0,0.0,0.0,0.0,0.0,0.0,0.0
4,0,0.9281762,0.0,0.0,0.04531002,0.026513783,0.0,0.0,0.0,0.0,0.0,0.0,0.0
4,0,0.9281762,0.0,0.0,0.04531002,0.026513783,0.0,0.0,0.0,0.0,0.0,0.0,0.0
4,0,0.9281762,0.0,0.0,0.04531002,0.026513783,0.0,0.0,0.0,0.0,0.0,0.0,0.0
4,0,0.9281762,0.0,0.0,0.04531002,0.026513783,0.0,0.0,0.0,0.0,0.0,0.0,0.0
4,0,0.9281762,0.0,0.0,0.04531002,0.026513783,0.0,0.0,0.0,0.0,0.0,0.0,0.0
4,0,0.9281762,0.0,0.0,0.04531002,0.026513783,0.0,0.0,0.0,0.0,0.0,0.0,0.0
4,0,0.9281762,0.0,0.0,0.04531002,0.026513783,0.0,0.0,0.0,0.0,0.0,0.0,0.0
4,0,0.9281762,0.0,0.0,0.04531002,0.026513783,0.0,0.0,0.0,0.0,0.0,0.0,0.0
4,0,0.9281762,0.0,0.0,0.04531002,0.026513783,0.0,0.0,0.0,0.0,0.0,0.0,0.0
4,0,0.9281762,0.0,0.0,0.04531002,0.026513783,0.0,0.0,0.0,0.0,0.0,0.0,0.0
4,0,0.9281762,0.0,0.0,0.04531002,0.026513783,0.0,0.0,0.0,0.0,0.0,0.0,0.0
4,0,0.9281762,0.0,0.0,0.04531002,0.026513783,0.0,0.0,0.0,0.0,0.0,0.0,0.0
4,0,0.9281762,0.0,0.0,0.04531002,0.026513783,0.0,0.0,0.0,0.0,0.0,0.0,0.0
4,0,0.9281762,0.0,0.0,0.04531002,0.026513783,0.0,0.0,0.0,0.0,0.0,0.0,0.0
4,0,0.9281762,0.0,0.0,0.04531002,0.026513783,0.0,0.0,0.0,0.0,0.0,0.0,0.0
4,0,0.9281762,0.0,0.0,0.04531002,0.026513783,0.0,0.0,0.0,0.0,0.0,0.0,0.0
4,0,0.9281762,0.0,0.0,0.04531002,0.026513783,0.0,0.0,0.0,0.0,0.0,0.0,0.0
4,0,0.9281762,0.0,0.0,0.04531002,0.026513783,0.0,0.0,0.0,0.0,0.0,0.0,0.0
4,0,0.9281762,0.0,0.0,0.04531002,0.026513783,0.0,0.0,0.0,0.0,0.0,0.0,0.0
4,0,0.9281762,0.0,0.0,0.04531002,0.026513783,0.0,0.0,0.0,0.0,0.0,0.0,0.0
4,0,0.9281762,0.0,0.0,0.04531002,0.026513783,0.0,0.0,0.0,0.0,0.0,0.0,0.0
4,0,0.9281762,0.0,0.0,0.04531002,0.026513783,0.0,0.0,0.0,0.0,0.0,0.0,0.0
4,0,0.9281762,0.0,0.0,0.04531002,0.026513783,0.0,0.0,0.0,0.0,0.0,0.0,0.0
4,0,0.9281762,0.0,0.0,0.04531002,0.026513783,0.0,0.0,0.0,0.0,0.0,0.0,0.0
4,0,0.9281762,0.0,0.0,0.04531002,0.026513783,0.0,0.0,0.0,0.0,0.0,0.0,0.0
4,0,0.9281762,0.0,0.0,0.04531002,0.026513783,0.0,0.0,0.0,0.0,0.0,0.0,0.0
4,0,0.9281762,0.0,0.0,0.04531002,0.026513783,0.0,0.0,0.0,0.0,0.0,0.0,0.0
4,0,0.9281762,0.0,0.0,0.04531002,0.026513783,0.0,0.0,0.0,0.0,0.0,0.0,0.0
4,0,0.9281762,0.0,0.0,0.04531002,0.026513783,0.0,0.0,0.0,0.0,0.0,0.0,0.0
4,0,0.9281762,0.0,0.0,0.04531002,0.026513783,0.0,0.0,0.0,0.0,0.0,0.0,0.0
4,0,0.9281762,0.0,0.0,0.04531002,0.026513783,0.0,0.0,0.0,0.0,0.0,0.0,0.0
4,0,0.9281762,0.0,0.0,0.04531002,0.026513783,0.0,0.0,0.0,0.0,0.0,0.0,0.0
4,0,0.9281762,0.0,0.0,0.04531002,0.026513783,0.0,0.0,0.0,0.0,0.0,0.0,0.0
4,0,0.9281762,0.0,0.0,0.04531002,0.026513783,0.0,0.0,0.0,0.0,0.0,0.0,0.0
4,0,0.9281762,0.0,0.0,0.04531002,0.026513783,0.0,0.0,0.0,0.0,0.0,0.0,0.0
4,0,0.9281762,0.0,0.0,0.04531002,0.026513783,0.0,0.0,0.0,0.0,0.0,0.0,0.0
4,0,0.9281762,0.0,0.0,0.04531002,0.026513783,0.0,0.0,0.0,0.0,0.0,0.0,0.0
4,0,0.9281762,0.0,0.0,0.04531002,0.026513783,0.0,0.0,0.0,0.0,0.0,0.0,0.0
4,0,0.9281762,0.0,0.0,0.04531002,0.026513783,0.0,0.0,0.0,0.0,0.0,0.0,0.0
4,0,0.9281762,0.0,0.0,0.04531002,0.026513783,0.0,0.0,0.0,0.0,0.0,0.0,0.0
4,0,0.9281762,0.0,0.0,0.04531002,0.026513783,0.0,0.0,0.0,0.0,0.0,0.0,0.0
4,0,0.9281762,0.0,0.0,0.04531002,0.026513783,0.0,0.0,0.0,0.0,0.0,0.0,0.0
4,0,0.9281762,0.0,0.0,0.04531002,0.026513783,0.0,0.0,0.0,0.0,0.0,0.0,0.0
4,0,0.9281762,0.0,0.0,0.04531002,0.026513783,0.0,0.0,0.0,0.0,0.0,0.0,0.0
4,0,0.9281762,0.0,0.0,0.04531002,0.026513783,0.0,0.0,0.0,0.0,0.0,0.0,0.0
4,0,0.9281762,0.0,0.0,0.04531002,0.026513783,0.0,0.0,0.0,0.0,0.0,0.0,0.0
4,0,0.9281762,0.0,0.0,0.04531002,0.026513783,0.0,0.0,0.0,0.0,0.0,0.0,0.0
4,0,0.9281762,0.0,0.0,0.04531002,0.026513783,0.0,0.0,0.0,0.0,0.0,0.0,0.0
4,0,0.9281762,0.0,0.0,0.04531002,0.026513783,0.0,0.0,0.0,0.0,0.0,0.0,0.0
4,0,0.9281762,0.0,0.0,0.04531002,0.026513783,0.0,0.0,0.0,0.0,0.0,0.0,0.0
4,0,0.9281762,0.0,0.0,0.04531002,0.026513783,0.0,0.0,0.0,0.0,0.0,0.0,0.0
4,0,0.9281762,0.0,0.0,0.04531002,0.026513783,0.0,0.0,0.0,0.0,0.0,0.0,0.0
4,0,0.9281762,0.0,0.0,0.04531002,0.026513783,0.0,0.0,0.0,0.0,0.0,0.0,0.0
4,0,0.9281762,0.0,0.0,0.04531002,0.026513783,0.0,0.0,0.0,0.0,0.0,0.0,0.0
4,0,0.9281762,0.0,0.0,0.04531002,0.026513783,0.0,0.0,0.0,0.0,0.0,0.0,0.0
4,0,0.9281762,0.0,0.0,0.04531002,0.026513783,0.0,0.0,0.0,0.0,0.0,0.0,0.0
4,0,0.9281762,0.0,0.0,0.04531002,0.026513783,0.0,0.0,0.0,0.0,0.0,0.0,0.0
4,0,0.9281762,0.0,0.0,0.04531002,0.026513783,0.0,0.0,0.0,0.0,0.0,0.0,0.0
4,0,0.9281762,0.0,0.0,0.04531002,0.026513783,0.0,0.0,0.0,0.0,0.0,0.0,0.0
4,0,0.9281762,0.0,0.0,0.04531002,0.026513783,0.0,0.0,0.0,0.0,0.0,0.0,0.0
4,0,0.9281762,0.0,0.0,0.04531002,0.026513783,0.0,0.0,0.0,0.0,0.0,0.0,0.0
4,0,0.9281762,0.0,0.0,0.04531002,0.026513783,0.0,0.0,0.0,0.0,0.0,0.0,0.0
4,0,0.9281762,0.0,0.0,0.04531002,0.026513783,0.0,0.0,0.0,0.0,0.0,0.0,0.0
4,0,0.9281762,0.0,0.0,0.04531002,0.026513783,0.0,0.0,0.0,0.0,0.0,0.0,0.0
4,0,0.9281762,0.0,0.0,0.04531002,0.026513783,0.0,0.0,0.0,0.0,0.0,0.0,0.0
4,0,0.9281762,0.0,0.0,0.04531002,0.026513783,0.0,0.0,0.0,0.0,0.0,0.0,0.0
4,0,0.9281762,0.0,0.0,0.04531002,0.026513783,0.0,0.0,0.0,0.0,0.0,0.0,0.0
4,0,0.9281762,0.0,0.0,0.04531002,0.026513783,0.0,0.0,0.0,0.0,0.0,0.0,0.0
4,0,0.9281762,0.0,0.0,0.04531002,0.026513783,0.0,0.0,0.0,0.0,0.0,0.0,0.0
4,0,0.9281762,0.0,0.0,0.04531002,0.026513783,0.0,0.0,0.0,0.0,0.0,0.0,0.0
4,0,0.9281762,0.0,0.0,0.04531002,0.026513783,0.0,0.0,0.0,0.0,0.0,0.0,0.0
4,0,0.9281762,0.0,0.0,0.04531002,0.026513783,0.0,0.0,0.0,0.0,0.0,0.0,0.0
4,0,0.9281762,0.0,0.0,0.04531002,0.026513783,0.0,0.0,0.0,0.0,0.0,0.0,0.0
4,0,0.9281762,0.0,0.0,0.04531002,0.026513783,0.0,0.0,0.0,0.0,0.0,0.0,0.0
4,0,0.9281762,0.0,0.0,0.04531002,0.026513783,0.0,0.0,0.0,0.0,0.0,0.0,0.0
4,0,0.9281762,0.0,0.0,0.04531002,0.026513783,0.0,0.0,0.0,0.0,0.0,0.0,0.0
4,0,0.9281762,0.0,0.0,0.04531002,0.026513783,0.0,0.0,0.0,0.0,0.0,0.0,0.0
4,0,0.9281762,0.0,0.0,0.04531002,0.026513783,0.0,0.0,0.0,0.0,0.0,0.0,0.0
4,0,0.9281762,0.0,0.0,0.04531002,0.026513783,0.0,0.0,0.0,0.0,0.0,0.0,0.0
4,0,0.9281762,0.0,0.0,0.04531002,0.026513783,0.0,0.0,0.0,0.0,0.0,0.0,0.0
4,0,0.9281762,0.0,0.0,0.04531002,0.026513783,0.0,0.0,0.0,0.0,0.0,0.0,0.0
4,0,0.9281762,0.0,0.0,0.04531002,0.026513783,0.0,0.0,0.0,0.0,0.0,0.0,0.0
4,0,0.9281762,0.0,0.0,0.04531002,0.026513783,0.0,0.0,0.0,0.0,0.0,0.0,0.0
4,0,0.9281762,0.0,0.0,0.04531002,0.026513783,0.0,0.0,0.0,0.0,0.0,0.0,0.0
4,0,0.9281762,0.0,0.0,0.04531002,0.026513783,0.0,0.0,0.0,0.0,0.0,0.0,0.0
4,0,0.9281762,0.0,0.0,0.04531002,0.026513783,0.0,0.0,0.0,0.0,0.0,0.0,0.0
4,0,0.9281762,0.0,0.0,0.04531002,0.026513783,0.0,0.0,0.0,0.0,0.0,0.0,0.0
4,0,0.9281762,0.0,0.0,0.04531002,0.026513783,0.0,0.0,0.0,0.0,0.0,0.0,0.0
4,0,0.9281762,0.0,0.0,0.04531002,0.026513783,0.0,0.0,0.0,0.0,0.0,0.0,0.0
4,0,0.9281762,0.0,0.0,0.04531002,0.026513783,0.0,0.0,0.0,0.0,0.0,0.0,0.0
4,0,0.9281762,0.0,0.0,0.04531002,0.026513783,0.0,0.0,0.0,0.0,0.0,0.0,0.0
4,0,0.9281762,0.0,0.0,0.04531002,0.026513783,0.0,0.0,0.0,0.0,0.0,0.0,0.0
4,0,0.9281762,0.0,0.0,0.04531002,0.026513783,0.0,0.0,0.0,0.0,0.0,0.0,0.0
4,0,0.9281762,0.0,0.0,0.04531002,0.026513783,0.0,0.0,0.0,0.0,0.0,0.0,0.0
4,0,0.9281762,0.0,0.0,0.04531002,0.026513783,0.0,0.0,0.0,0.0,0.0,0.0,0.0
4,0,0.9281762,0.0,0.0,0.04531002,0.026513783,0.0,0.0,0.0,0.0,0.0,0.0,0.0
4,0,0.9281762,0.0,0.0,0.04531002,0.026513783,0.0,0.0,0.0,0.0,0.0,0.0,0.0
4,0,0.9281762,0.0,0.0,0.04531002,0.026513783,0.0,0.0,0.0,0.0,0.0,0.0,0.0
4,0,0.9281762,0.0,0.0,0.04531002,0.026513783,0.0,0.0,0.0,0.0,0.0,0.0,0.0
4,0,0.9281762,0.0,0.0,0.04531002,0.026513783,0.0,0.0,0.0,0.0,0.0,0.0,0.0
4,0,0.9281762,0.0,0.0,0.04531002,0.026513783,0.0,0.0,0.0,0.0,0.0,0.0,0.0
4,0,0.9281762,0.0,0.0,0.04531002,0.026513783,0.0,0.0,0.0,0.0,0.0,0.0,0.0
4,0,0.9281762,0.0,0.0,0.04531002,0.026513783,0.0,0.0,0.0,0.0,0.0,0.0,0.0
4,0,0.880246,0.0,0.0,0.093240246,0.026513781,0.0,0.0,0.0,0.0,0.0,0.0,0.0
4,0,0.880246,0.0,0.0,0.093240246,0.026513781,0.0,0.0,0.0,0.0,0.0,0.0,0.0
4,0,0.880246,0.0,0.0,0.093240246,0.026513781,0.0,0.0,0.0,0.0,0.0,0.0,0.0
4,0,0.880246,0.0,0.0,0.093240246,0.026513781,0.0,0.0,0.0,0.0,0.0,0.0,0.0
4,0,0.880246,0.0,0.0,0.093240246,0.026513781,0.0,0.0,0.0,0.0,0.0,0.0,0.0
4,0,0.880246,0.0,0.0,0.093240246,0.026513781,0.0,0.0,0.0,0.0,0.0,0.0,0.0
4,0,0.880246,0.0,0.0,0.093240246,0.026513781,0.0,0.0,0.0,0.0,0.0,0.0,0.0
4,0,0.880246,0.0,0.0,0.093240246,0.026513781,0.0,0.0,0.0,0.0,0.0,0.0,0.0
4,0,0.880246,0.0,0.0,0.093240246,0.026513781,0.0,0.0,0.0,0.0,0.0,0.0,0.0
4,0,0.880246,0.0,0.0,0.093240246,0.026513781,0.0,0.0,0.0,0.0,0.0,0.0,0.0
4,0,0.880246,0.0,0.0,0.093240246,0.026513781,0.0,0.0,0.0,0.0,0.0,0.0,0.0
4,0,0.880246,0.0,0.0,0.093240246,0.026513781,0.0,0.0,0.0,0.0,0.0,0.0,0.0
4,0,0.8561221,0.0,0.0,0.11736417,0.026513781,0.0,0.0,0.0,0.0,0.0,0.0,0.0
4,0,0.8561221,0.0,0.0,0.11736417,0.026513781,0.0,0.0,0.0,0.0,0.0,0.0,0.0
4,0,0.8561221,0.0,0.0,0.11736417,0.026513781,0.0,0.0,0.0,0.0,0.0,0.0,0.0
4,0,0.8561221,0.0,0.0,0.11736417,0.026513781,0.0,0.0,0.0,0.0,0.0,0.0,0.0
4,0,0.8561221,0.0,0.0,0.11736417,0.026513781,0.0,0.0,0.0,0.0,0.0,0.0,0.0
4,0,0.8561221,0.0,0.0,0.11736417,0.026513781,0.0,0.0,0.0,0.0,0.0,0.0,0.0
4,0,0.8561221,0.0,0.0,0.11736417,0.026513781,0.0,0.0,0.0,0.0,0.0,0.0,0.0
4,0,0.8561221,0.0,0.0,0.11736417,0.026513781,0.0,0.0,0.0,0.0,0.0,0.0,0.0
4,0,0.8561221,0.0,0.0,0.11736417,0.026513781,0.0,0.0,0.0,0.0,0.0,0.0,0.0
4,0,0.8561221,0.0,0.0,0.11736417,0.026513781,0.0,0.0,0.0,0.0,0.0,0.0,0.0
4,0,0.8561221,0.0,0.0,0.11736417,0.026513781,0.0,0.0,0.0,0.0,0.0,0.0,0.0
4,0,0.8561221,0.0,0.0,0.11736417,0.026513781,0.0,0.0,0.0,0.0,0.0,0.0,0.0
4,0,0.8561221,0.0,0.0,0.11736417,0.026513781,0.0,0.0,0.0,0.0,0.0,0.0,0.0
4,0,0.8561221,0.0,0.0,0.11736417,0.026513781,0.0,0.0,0.0,0.0,0.0,0.0,0.0
4,0,0.8561221,0.0,0.0,0.11736417,0.026513781,0.0,0.0,0.0,0.0,0.0,0.0,0.0
4,0,0.8561221,0.0,0.0,0.11736417,0.026513781,0.0,0.0,0.0,0.0,0.0,0.0,0.0
4,0,0.8161432,0.0,0.0,0.15734302,0.026513783,0.0,0.0,0.0,0.0,0.0,0.0,0.0
4,0,0.8161432,0.0,0.0,0.15734302,0.026513783,0.0,0.0,0.0,0.0,0.0,0.0,0.0
4,0,0.8161432,0.0,0.0,0.15734302,0.026513783,0.0,0.0,0.0,0.0,0.0,0.0,0.0
4,0,0.8161432,0.0,0.0,0.15734302,0.026513783,0.0,0.0,0.0,0.0,0.0,0.0,0.0
4,0,0.8161432,0.0,0.0,0.15734302,0.026513783,0.0,0.0,0.0,0.0,0.0,0.0,0.0
4,0,0.8161432,0.0,0.0,0.15734302,0.026513783,0.0,0.0,0.0,0.0,0.0,0.0,0.0
4,0,0.8161432,0.0,0.0,0.15734302,0.026513783,0.0,0.0,0.0,0.0,0.0,0.0,0.0
4,0,0.7157985,0.0,0.0,0.2576878,0.026513783,0.0,0.0,0.0,0.0,0.0,0.0,0.0
4,0,0.6665285,0.0,0.0,0.30695778,0.026513783,0.0,0.0,0.0,0.0,0.0,0.0,0.0
4,0,0.6665285,0.0,0.0,0.30695778,0.026513783,0.0,0.0,0.0,0.0,0.0,0.0,0.0
4,0,0.6665285,0.0,0.0,0.30695778,0.026513783,0.0,0.0,0.0,0.0,0.0,0.0,0.0
4,0,0.6665285,0.0,0.0,0.30695778,0.026513783,0.0,0.0,0.0,0.0,0.0,0.0,0.0
4,0,0.6665285,0.0,0.0,0.30695778,0.026513783,0.0,0.0,0.0,0.0,0.0,0.0,0.0
4,0,0.6665285,0.0,0.0,0.30695778,0.026513783,0.0,0.0,0.0,0.0,0.0,0.0,0.0
4,0,0.6665285,0.0,0.0,0.30695778,0.026513783,0.0,0.0,0.0,0.0,0.0,0.0,0.0
4,0,0.6665285,0.0,0.0,0.30695778,0.026513783,0.0,0.0,0.0,0.0,0.0,0.0,0.0
4,0,0.52894354,0.0,0.0,0.4710565,0.0,0.0,0.0,0.0,0.0,0.0,0.0,0.0
4,0,0.52894354,0.0,0.0,0.4710565,0.0,0.0,0.0,0.0,0.0,0.0,0.0,0.0
4,0,0.52894354,0.0,0.0,0.4710565,0.0,0.0,0.0,0.0,0.0,0.0,0.0,0.0
4,0,0.52894354,0.0,0.0,0.4710565,0.0,0.0,0.0,0.0,0.0,0.0,0.0,0.0
4,0,0.52894354,0.0,0.0,0.4710565,0.0,0.0,0.0,0.0,0.0,0.0,0.0,0.0
4,0,0.52894354,0.0,0.0,0.4710565,0.0,0.0,0.0,0.0,0.0,0.0,0.0,0.0
4,0,0.52894354,0.0,0.0,0.4710565,0.0,0.0,0.0,0.0,0.0,0.0,0.0,0.0
4,0,0.52894354,0.0,0.0,0.4710565,0.0,0.0,0.0,0.0,0.0,0.0,0.0,0.0
4,0,0.52894354,0.0,0.0,0.4710565,0.0,0.0,0.0,0.0,0.0,0.0,0.0,0.0
4,0,0.52894354,0.0,0.0,0.4710565,0.0,0.0,0.0,0.0,0.0,0.0,0.0,0.0
4,0,0.52894354,0.0,0.0,0.4710565,0.0,0.0,0.0,0.0,0.0,0.0,0.0,0.0
4,0,0.52894354,0.0,0.0,0.4710565,0.0,0.0,0.0,0.0,0.0,0.0,0.0,0.0
4,0,0.52894354,0.0,0.0,0.4710565,0.0,0.0,0.0,0.0,0.0,0.0,0.0,0.0
4,0,0.52894354,0.0,0.0,0.4710565,0.0,0.0,0.0,0.0,0.0,0.0,0.0,0.0
4,0,0.52894354,0.0,0.0,0.4710565,0.0,0.0,0.0,0.0,0.0,0.0,0.0,0.0
4,0,0.52894354,0.0,0.0,0.4710565,0.0,0.0,0.0,0.0,0.0,0.0,0.0,0.0
4,0,0.52894354,0.0,0.0,0.4710565,0.0,0.0,0.0,0.0,0.0,0.0,0.0,0.0
4,0,0.52894354,0.0,0.0,0.4710565,0.0,0.0,0.0,0.0,0.0,0.0,0.0,0.0
4,0,0.52894354,0.0,0.0,0.4710565,0.0,0.0,0.0,0.0,0.0,0.0,0.0,0.0
4,0,0.52894354,0.0,0.0,0.4710565,0.0,0.0,0.0,0.0,0.0,0.0,0.0,0.0
4,0,0.52894354,0.0,0.0,0.4710565,0.0,0.0,0.0,0.0,0.0,0.0,0.0,0.0
4,0,0.52894354,0.0,0.0,0.4710565,0.0,0.0,0.0,0.0,0.0,0.0,0.0,0.0
4,0,0.52894354,0.0,0.0,0.4710565,0.0,0.0,0.0,0.0,0.0,0.0,0.0,0.0
4,0,0.52894354,0.0,0.0,0.4710565,0.0,0.0,0.0,0.0,0.0,0.0,0.0,0.0
4,0,0.52894354,0.0,0.0,0.4710565,0.0,0.0,0.0,0.0,0.0,0.0,0.0,0.0
4,0,0.52894354,0.0,0.0,0.4710565,0.0,0.0,0.0,0.0,0.0,0.0,0.0,0.0
4,0,0.52894354,0.0,0.0,0.4710565,0.0,0.0,0.0,0.0,0.0,0.0,0.0,0.0
4,0,0.52894354,0.0,0.0,0.4710565,0.0,0.0,0.0,0.0,0.0,0.0,0.0,0.0
4,0,0.52894354,0.0,0.0,0.4710565,0.0,0.0,0.0,0.0,0.0,0.0,0.0,0.0
4,0,0.52894354,0.0,0.0,0.4710565,0.0,0.0,0.0,0.0,0.0,0.0,0.0,0.0
4,0,0.52894354,0.0,0.0,0.4710565,0.0,0.0,0.0,0.0,0.0,0.0,0.0,0.0
4,0,0.52894354,0.0,0.0,0.4710565,0.0,0.0,0.0,0.0,0.0,0.0,0.0,0.0
4,3,0.40630326,0.0,0.0,0.5936968,0.0,0.0,0.0,0.0,0.0,0.0,0.0,0.0
4,3,0.40630326,0.0,0.0,0.5936968,0.0,0.0,0.0,0.0,0.0,0.0,0.0,0.0
4,3,0.40630326,0.0,0.0,0.5936968,0.0,0.0,0.0,0.0,0.0,0.0,0.0,0.0
4,3,0.40630326,0.0,0.0,0.5936968,0.0,0.0,0.0,0.0,0.0,0.0,0.0,0.0
4,3,0.40630326,0.0,0.0,0.5936968,0.0,0.0,0.0,0.0,0.0,0.0,0.0,0.0
4,3,0.40630326,0.0,0.0,0.5936968,0.0,0.0,0.0,0.0,0.0,0.0,0.0,0.0
4,3,0.40630326,0.0,0.0,0.5936968,0.0,0.0,0.0,0.0,0.0,0.0,0.0,0.0
4,3,0.40630326,0.0,0.0,0.5936968,0.0,0.0,0.0,0.0,0.0,0.0,0.0,0.0
4,3,0.40630326,0.0,0.0,0.5936968,0.0,0.0,0.0,0.0,0.0,0.0,0.0,0.0
4,3,0.40630326,0.0,0.0,0.5936968,0.0,0.0,0.0,0.0,0.0,0.0,0.0,0.0
4,3,0.40630326,0.0,0.0,0.5936968,0.0,0.0,0.0,0.0,0.0,0.0,0.0,0.0
4,3,0.40630326,0.0,0.0,0.5936968,0.0,0.0,0.0,0.0,0.0,0.0,0.0,0.0
4,3,0.40630326,0.0,0.0,0.5936968,0.0,0.0,0.0,0.0,0.0,0.0,0.0,0.0
4,3,0.40630326,0.0,0.0,0.5936968,0.0,0.0,0.0,0.0,0.0,0.0,0.0,0.0
4,3,0.40630326,0.0,0.0,0.5936968,0.0,0.0,0.0,0.0,0.0,0.0,0.0,0.0
4,3,0.40630326,0.0,0.0,0.5936968,0.0,0.0,0.0,0.0,0.0,0.0,0.0,0.0
4,3,0.40630326,0.0,0.0,0.5936968,0.0,0.0,0.0,0.0,0.0,0.0,0.0,0.0
4,3,0.40630326,0.0,0.0,0.5936968,0.0,0.0,0.0,0.0,0.0,0.0,0.0,0.0
4,3,0.40630326,0.0,0.0,0.5936968,0.0,0.0,0.0,0.0,0.0,0.0,0.0,0.0
4,3,0.32587293,0.0,0.0,0.6741271,0.0,0.0,0.0,0.0,0.0,0.0,0.0,0.0
4,3,0.32587293,0.0,0.0,0.6741271,0.0,0.0,0.0,0.0,0.0,0.0,0.0,0.0
4,3,0.32587293,0.0,0.0,0.6741271,0.0,0.0,0.0,0.0,0.0,0.0,0.0,0.0
4,3,0.32587293,0.0,0.0,0.6741271,0.0,0.0,0.0,0.0,0.0,0.0,0.0,0.0
4,3,0.32587293,0.0,0.0,0.6741271,0.0,0.0,0.0,0.0,0.0,0.0,0.0,0.0
4,3,0.32587293,0.0,0.0,0.6741271,0.0,0.0,0.0,0.0,0.0,0.0,0.0,0.0
4,3,0.32587293,0.0,0.0,0.6741271,0.0,0.0,0.0,0.0,0.0,0.0,0.0,0.0
4,3,0.32587293,0.0,0.0,0.6741271,0.0,0.0,0.0,0.0,0.0,0.0,0.0,0.0
4,3,0.32587293,0.0,0.0,0.6741271,0.0,0.0,0.0,0.0,0.0,0.0,0.0,0.0
4,3,0.32587293,0.0,0.0,0.6741271,0.0,0.0,0.0,0.0,0.0,0.0,0.0,0.0
4,3,0.32587293,0.0,0.0,0.6741271,0.0,0.0,0.0,0.0,0.0,0.0,0.0,0.0
4,3,0.32587293,0.0,0.0,0.6741271,0.0,0.0,0.0,0.0,0.0,0.0,0.0,0.0
4,3,0.32587293,0.0,0.0,0.6741271,0.0,0.0,0.0,0.0,0.0,0.0,0.0,0.0
4,3,0.29837272,0.0,0.0,0.7016273,0.0,0.0,0.0,0.0,0.0,0.0,0.0,0.0
4,3,0.29837272,0.0,0.0,0.7016273,0.0,0.0,0.0,0.0,0.0,0.0,0.0,0.0
4,3,0.29837272,0.0,0.0,0.7016273,0.0,0.0,0.0,0.0,0.0,0.0,0.0,0.0
4,3,0.29837272,0.0,0.0,0.7016273,0.0,0.0,0.0,0.0,0.0,0.0,0.0,0.0
4,3,0.29837272,0.0,0.0,0.7016273,0.0,0.0,0.0,0.0,0.0,0.0,0.0,0.0
4,3,0.29837272,0.0,0.0,0.7016273,0.0,0.0,0.0,0.0,0.0,0.0,0.0,0.0
4,3,0.29837272,0.0,0.0,0.7016273,0.0,0.0,0.0,0.0,0.0,0.0,0.0,0.0
4,3,0.29837272,0.0,0.0,0.7016273,0.0,0.0,0.0,0.0,0.0,0.0,0.0,0.0
4,3,0.29837272,0.0,0.0,0.7016273,0.0,0.0,0.0,0.0,0.0,0.0,0.0,0.0
4,3,0.29837272,0.0,0.0,0.7016273,0.0,0.0,0.0,0.0,0.0,0.0,0.0,0.0
4,3,0.29837272,0.0,0.0,0.7016273,0.0,0.0,0.0,0.0,0.0,0.0,0.0,0.0
4,3,0.29837272,0.0,0.0,0.7016273,0.0,0.0,0.0,0.0,0.0,0.0,0.0,0.0
4,3,0.29837272,0.0,0.0,0.7016273,0.0,0.0,0.0,0.0,0.0,0.0,0.0,0.0
4,3,0.29837272,0.0,0.0,0.7016273,0.0,0.0,0.0,0.0,0.0,0.0,0.0,0.0
4,3,0.29837272,0.0,0.0,0.7016273,0.0,0.0,0.0,0.0,0.0,0.0,0.0,0.0
4,3,0.29837272,0.0,0.0,0.7016273,0.0,0.0,0.0,0.0,0.0,0.0,0.0,0.0
4,3,0.29837272,0.0,0.0,0.7016273,0.0,0.0,0.0,0.0,0.0,0.0,0.0,0.0
4,3,0.29837272,0.0,0.0,0.7016273,0.0,0.0,0.0,0.0,0.0,0.0,0.0,0.0
4,3,0.29837272,0.0,0.0,0.7016273,0.0,0.0,0.0,0.0,0.0,0.0,0.0,0.0
4,3,0.29837272,0.0,0.0,0.7016273,0.0,0.0,0.0,0.0,0.0,0.0,0.0,0.0
4,3,0.29837272,0.0,0.0,0.7016273,0.0,0.0,0.0,0.0,0.0,0.0,0.0,0.0
4,3,0.29837272,0.0,0.0,0.7016273,0.0,0.0,0.0,0.0,0.0,0.0,0.0,0.0
4,3,0.29837272,0.0,0.0,0.7016273,0.0,0.0,0.0,0.0,0.0,0.0,0.0,0.0
4,3,0.29837272,0.0,0.0,0.7016273,0.0,0.0,0.0,0.0,0.0,0.0,0.0,0.0
4,3,0.29837272,0.0,0.0,0.7016273,0.0,0.0,0.0,0.0,0.0,0.0,0.0,0.0
4,3,0.29837272,0.0,0.0,0.7016273,0.0,0.0,0.0,0.0,0.0,0.0,0.0,0.0
4,3,0.29837272,0.0,0.0,0.7016273,0.0,0.0,0.0,0.0,0.0,0.0,0.0,0.0
4,3,0.29837272,0.0,0.0,0.7016273,0.0,0.0,0.0,0.0,0.0,0.0,0.0,0.0
4,3,0.29837272,0.0,0.0,0.7016273,0.0,0.0,0.0,0.0,0.0,0.0,0.0,0.0
4,3,0.29837272,0.0,0.0,0.7016273,0.0,0.0,0.0,0.0,0.0,0.0,0.0,0.0
4,3,0.29837272,0.0,0.0,0.7016273,0.0,0.0,0.0,0.0,0.0,0.0,0.0,0.0
4,3,0.29837272,0.0,0.0,0.7016273,0.0,0.0,0.0,0.0,0.0,0.0,0.0,0.0
4,3,0.29837272,0.0,0.0,0.7016273,0.0,0.0,0.0,0.0,0.0,0.0,0.0,0.0
4,3,0.29837272,0.0,0.0,0.7016273,0.0,0.0,0.0,0.0,0.0,0.0,0.0,0.0
4,3,0.29837272,0.0,0.0,0.7016273,0.0,0.0,0.0,0.0,0.0,0.0,0.0,0.0
4,3,0.29837272,0.0,0.0,0.7016273,0.0,0.0,0.0,0.0,0.0,0.0,0.0,0.0
4,3,0.29837272,0.0,0.0,0.7016273,0.0,0.0,0.0,0.0,0.0,0.0,0.0,0.0
4,3,0.29837272,0.0,0.0,0.7016273,0.0,0.0,0.0,0.0,0.0,0.0,0.0,0.0
4,3,0.29837272,0.0,0.0,0.7016273,0.0,0.0,0.0,0.0,0.0,0.0,0.0,0.0
4,3,0.29837272,0.0,0.0,0.7016273,0.0,0.0,0.0,0.0,0.0,0.0,0.0,0.0
4,3,0.31204474,0.0,0.0,0.68795526,0.0,0.0,0.0,0.0,0.0,0.0,0.0,0.0
4,3,0.31204474,0.0,0.0,0.68795526,0.0,0.0,0.0,0.0,0.0,0.0,0.0,0.0
4,3,0.31204474,0.0,0.0,0.68795526,0.0,0.0,0.0,0.0,0.0,0.0,0.0,0.0
4,3,0.31204474,0.0,0.0,0.68795526,0.0,0.0,0.0,0.0,0.0,0.0,0.0,0.0
4,3,0.31204474,0.0,0.0,0.68795526,0.0,0.0,0.0,0.0,0.0,0.0,0.0,0.0
4,3,0.31204474,0.0,0.0,0.68795526,0.0,0.0,0.0,0.0,0.0,0.0,0.0,0.0
4,3,0.31204474,0.0,0.0,0.68795526,0.0,0.0,0.0,0.0,0.0,0.0,0.0,0.0
4,3,0.31204474,0.0,0.0,0.68795526,0.0,0.0,0.0,0.0,0.0,0.0,0.0,0.0
4,3,0.31204474,0.0,0.0,0.68795526,0.0,0.0,0.0,0.0,0.0,0.0,0.0,0.0
4,3,0.31204474,0.0,0.0,0.68795526,0.0,0.0,0.0,0.0,0.0,0.0,0.0,0.0
4,3,0.31204474,0.0,0.0,0.68795526,0.0,0.0,0.0,0.0,0.0,0.0,0.0,0.0
4,3,0.31204474,0.0,0.0,0.68795526,0.0,0.0,0.0,0.0,0.0,0.0,0.0,0.0
4,3,0.31204474,0.0,0.0,0.68795526,0.0,0.0,0.0,0.0,0.0,0.0,0.0,0.0
4,3,0.31204474,0.0,0.0,0.68795526,0.0,0.0,0.0,0.0,0.0,0.0,0.0,0.0
4,3,0.31204474,0.0,0.0,0.68795526,0.0,0.0,0.0,0.0,0.0,0.0,0.0,0.0
4,3,0.31204474,0.0,0.0,0.68795526,0.0,0.0,0.0,0.0,0.0,0.0,0.0,0.0
4,3,0.31204474,0.0,0.0,0.68795526,0.0,0.0,0.0,0.0,0.0,0.0,0.0,0.0
4,3,0.31204474,0.0,0.0,0.68795526,0.0,0.0,0.0,0.0,0.0,0.0,0.0,0.0
4,3,0.31204474,0.0,0.0,0.68795526,0.0,0.0,0.0,0.0,0.0,0.0,0.0,0.0
4,3,0.31204474,0.0,0.0,0.68795526,0.0,0.0,0.0,0.0,0.0,0.0,0.0,0.0
4,3,0.31204474,0.0,0.0,0.68795526,0.0,0.0,0.0,0.0,0.0,0.0,0.0,0.0
4,3,0.31204474,0.0,0.0,0.68795526,0.0,0.0,0.0,0.0,0.0,0.0,0.0,0.0
4,3,0.31204474,0.0,0.0,0.68795526,0.0,0.0,0.0,0.0,0.0,0.0,0.0,0.0
4,3,0.31204474,0.0,0.0,0.68795526,0.0,0.0,0.0,0.0,0.0,0.0,0.0,0.0
4,3,0.31204474,0.0,0.0,0.68795526,0.0,0.0,0.0,0.0,0.0,0.0,0.0,0.0
4,3,0.31204474,0.0,0.0,0.68795526,0.0,0.0,0.0,0.0,0.0,0.0,0.0,0.0
4,3,0.31204474,0.0,0.0,0.68795526,0.0,0.0,0.0,0.0,0.0,0.0,0.0,0.0
4,3,0.31204474,0.0,0.0,0.68795526,0.0,0.0,0.0,0.0,0.0,0.0,0.0,0.0
4,3,0.31204474,0.0,0.0,0.68795526,0.0,0.0,0.0,0.0,0.0,0.0,0.0,0.0
4,3,0.31204474,0.0,0.0,0.68795526,0.0,0.0,0.0,0.0,0.0,0.0,0.0,0.0
4,3,0.31204474,0.0,0.0,0.68795526,0.0,0.0,0.0,0.0,0.0,0.0,0.0,0.0
4,3,0.31204474,0.0,0.0,0.68795526,0.0,0.0,0.0,0.0,0.0,0.0,0.0,0.0
4,3,0.31204474,0.0,0.0,0.68795526,0.0,0.0,0.0,0.0,0.0,0.0,0.0,0.0
4,3,0.31204474,0.0,0.0,0.68795526,0.0,0.0,0.0,0.0,0.0,0.0,0.0,0.0
4,3,0.31204474,0.0,0.0,0.68795526,0.0,0.0,0.0,0.0,0.0,0.0,0.0,0.0
4,3,0.31204474,0.0,0.0,0.68795526,0.0,0.0,0.0,0.0,0.0,0.0,0.0,0.0
4,3,0.31204474,0.0,0.0,0.68795526,0.0,0.0,0.0,0.0,0.0,0.0,0.0,0.0
4,3,0.31204474,0.0,0.0,0.68795526,0.0,0.0,0.0,0.0,0.0,0.0,0.0,0.0
4,3,0.31204474,0.0,0.0,0.68795526,0.0,0.0,0.0,0.0,0.0,0.0,0.0,0.0
4,3,0.31204474,0.0,0.0,0.68795526,0.0,0.0,0.0,0.0,0.0,0.0,0.0,0.0
4,3,0.31204474,0.0,0.0,0.68795526,0.0,0.0,0.0,0.0,0.0,0.0,0.0,0.0
4,3,0.31204474,0.0,0.0,0.68795526,0.0,0.0,0.0,0.0,0.0,0.0,0.0,0.0
4,3,0.31204474,0.0,0.0,0.68795526,0.0,0.0,0.0,0.0,0.0,0.0,0.0,0.0
4,3,0.31204474,0.0,0.0,0.68795526,0.0,0.0,0.0,0.0,0.0,0.0,0.0,0.0
4,3,0.31204474,0.0,0.0,0.68795526,0.0,0.0,0.0,0.0,0.0,0.0,0.0,0.0
4,3,0.31204474,0.0,0.0,0.68795526,0.0,0.0,0.0,0.0,0.0,0.0,0.0,0.0
4,3,0.31204474,0.0,0.0,0.68795526,0.0,0.0,0.0,0.0,0.0,0.0,0.0,0.0
4,3,0.31204474,0.0,0.0,0.68795526,0.0,0.0,0.0,0.0,0.0,0.0,0.0,0.0
4,3,0.31204474,0.0,0.0,0.68795526,0.0,0.0,0.0,0.0,0.0,0.0,0.0,0.0
4,3,0.31204474,0.0,0.0,0.68795526,0.0,0.0,0.0,0.0,0.0,0.0,0.0,0.0
4,3,0.31204474,0.0,0.0,0.68795526,0.0,0.0,0.0,0.0,0.0,0.0,0.0,0.0
4,3,0.31204474,0.0,0.0,0.68795526,0.0,0.0,0.0,0.0,0.0,0.0,0.0,0.0
4,3,0.31204474,0.0,0.0,0.68795526,0.0,0.0,0.0,0.0,0.0,0.0,0.0,0.0
4,3,0.31204474,0.0,0.0,0.68795526,0.0,0.0,0.0,0.0,0.0,0.0,0.0,0.0
4,3,0.31204474,0.0,0.0,0.68795526,0.0,0.0,0.0,0.0,0.0,0.0,0.0,0.0
4,3,0.31204474,0.0,0.0,0.68795526,0.0,0.0,0.0,0.0,0.0,0.0,0.0,0.0
4,3,0.31204474,0.0,0.0,0.68795526,0.0,0.0,0.0,0.0,0.0,0.0,0.0,0.0
4,3,0.31204474,0.0,0.0,0.68795526,0.0,0.0,0.0,0.0,0.0,0.0,0.0,0.0
4,3,0.31204474,0.0,0.0,0.68795526,0.0,0.0,0.0,0.0,0.0,0.0,0.0,0.0
4,3,0.31204474,0.0,0.0,0.68795526,0.0,0.0,0.0,0.0,0.0,0.0,0.0,0.0
4,3,0.31204474,0.0,0.0,0.68795526,0.0,0.0,0.0,0.0,0.0,0.0,0.0,0.0
4,3,0.31204474,0.0,0.0,0.68795526,0.0,0.0,0.0,0.0,0.0,0.0,0.0,0.0
4,3,0.31204474,0.0,0.0,0.68795526,0.0,0.0,0.0,0.0,0.0,0.0,0.0,0.0
4,3,0.31204474,0.0,0.0,0.68795526,0.0,0.0,0.0,0.0,0.0,0.0,0.0,0.0
4,3,0.31204474,0.0,0.0,0.68795526,0.0,0.0,0.0,0.0,0.0,0.0,0.0,0.0
4,3,0.31204474,0.0,0.0,0.68795526,0.0,0.0,0.0,0.0,0.0,0.0,0.0,0.0
4,3,0.31204474,0.0,0.0,0.68795526,0.0,0.0,0.0,0.0,0.0,0.0,0.0,0.0
4,3,0.31204474,0.0,0.0,0.68795526,0.0,0.0,0.0,0.0,0.0,0.0,0.0,0.0
4,3,0.31204474,0.0,0.0,0.68795526,0.0,0.0,0.0,0.0,0.0,0.0,0.0,0.0
4,3,0.31204474,0.0,0.0,0.68795526,0.0,0.0,0.0,0.0,0.0,0.0,0.0,0.0
4,3,0.31204474,0.0,0.0,0.68795526,0.0,0.0,0.0,0.0,0.0,0.0,0.0,0.0
4,3,0.31204474,0.0,0.0,0.68795526,0.0,0.0,0.0,0.0,0.0,0.0,0.0,0.0
4,3,0.31204474,0.0,0.0,0.68795526,0.0,0.0,0.0,0.0,0.0,0.0,0.0,0.0
4,3,0.31204474,0.0,0.0,0.68795526,0.0,0.0,0.0,0.0,0.0,0.0,0.0,0.0
4,3,0.31204474,0.0,0.0,0.68795526,0.0,0.0,0.0,0.0,0.0,0.0,0.0,0.0
4,3,0.31204474,0.0,0.0,0.68795526,0.0,0.0,0.0,0.0,0.0,0.0,0.0,0.0
4,3,0.31204474,0.0,0.0,0.68795526,0.0,0.0,0.0,0.0,0.0,0.0,0.0,0.0
4,3,0.31204474,0.0,0.0,0.68795526,0.0,0.0,0.0,0.0,0.0,0.0,0.0,0.0
4,3,0.31204474,0.0,0.0,0.68795526,0.0,0.0,0.0,0.0,0.0,0.0,0.0,0.0
4,3,0.31204474,0.0,0.0,0.68795526,0.0,0.0,0.0,0.0,0.0,0.0,0.0,0.0
4,3,0.31204474,0.0,0.0,0.68795526,0.0,0.0,0.0,0.0,0.0,0.0,0.0,0.0
4,3,0.31204474,0.0,0.0,0.68795526,0.0,0.0,0.0,0.0,0.0,0.0,0.0,0.0
4,3,0.31204474,0.0,0.0,0.68795526,0.0,0.0,0.0,0.0,0.0,0.0,0.0,0.0
4,3,0.31204474,0.0,0.0,0.68795526,0.0,0.0,0.0,0.0,0.0,0.0,0.0,0.0
4,3,0.31204474,0.0,0.0,0.68795526,0.0,0.0,0.0,0.0,0.0,0.0,0.0,0.0
4,3,0.31204474,0.0,0.0,0.68795526,0.0,0.0,0.0,0.0,0.0,0.0,0.0,0.0
4,3,0.31204474,0.0,0.0,0.68795526,0.0,0.0,0.0,0.0,0.0,0.0,0.0,0.0
4,3,0.31204474,0.0,0.0,0.68795526,0.0,0.0,0.0,0.0,0.0,0.0,0.0,0.0
4,3,0.31204474,0.0,0.0,0.68795526,0.0,0.0,0.0,0.0,0.0,0.0,0.0,0.0
4,3,0.31204474,0.0,0.0,0.68795526,0.0,0.0,0.0,0.0,0.0,0.0,0.0,0.0
4,3,0.31204474,0.0,0.0,0.68795526,0.0,0.0,0.0,0.0,0.0,0.0,0.0,0.0
4,3,0.31204474,0.0,0.0,0.68795526,0.0,0.0,0.0,0.0,0.0,0.0,0.0,0.0
4,3,0.31204474,0.0,0.0,0.68795526,0.0,0.0,0.0,0.0,0.0,0.0,0.0,0.0
4,3,0.31204474,0.0,0.0,0.68795526,0.0,0.0,0.0,0.0,0.0,0.0,0.0,0.0
4,3,0.31204474,0.0,0.0,0.68795526,0.0,0.0,0.0,0.0,0.0,0.0,0.0,0.0
4,3,0.31204474,0.0,0.0,0.68795526,0.0,0.0,0.0,0.0,0.0,0.0,0.0,0.0
4,3,0.31204474,0.0,0.0,0.68795526,0.0,0.0,0.0,0.0,0.0,0.0,0.0,0.0
4,3,0.31204474,0.0,0.0,0.68795526,0.0,0.0,0.0,0.0,0.0,0.0,0.0,0.0
4,3,0.31204474,0.0,0.0,0.68795526,0.0,0.0,0.0,0.0,0.0,0.0,0.0,0.0
4,3,0.31204474,0.0,0.0,0.68795526,0.0,0.0,0.0,0.0,0.0,0.0,0.0,0.0
4,3,0.31204474,0.0,0.0,0.68795526,0.0,0.0,0.0,0.0,0.0,0.0,0.0,0.0
4,3,0.31204474,0.0,0.0,0.68795526,0.0,0.0,0.0,0.0,0.0,0.0,0.0,0.0
4,3,0.31204474,0.0,0.0,0.68795526,0.0,0.0,0.0,0.0,0.0,0.0,0.0,0.0
4,3,0.31204474,0.0,0.0,0.68795526,0.0,0.0,0.0,0.0,0.0,0.0,0.0,0.0
4,3,0.31204474,0.0,0.0,0.68795526,0.0,0.0,0.0,0.0,0.0,0.0,0.0,0.0
4,3,0.31204474,0.0,0.0,0.68795526,0.0,0.0,0.0,0.0,0.0,0.0,0.0,0.0
4,3,0.31204474,0.0,0.0,0.68795526,0.0,0.0,0.0,0.0,0.0,0.0,0.0,0.0
4,3,0.31204474,0.0,0.0,0.68795526,0.0,0.0,0.0,0.0,0.0,0.0,0.0,0.0
4,3,0.31204474,0.0,0.0,0.68795526,0.0,0.0,0.0,0.0,0.0,0.0,0.0,0.0
4,3,0.31204474,0.0,0.0,0.68795526,0.0,0.0,0.0,0.0,0.0,0.0,0.0,0.0
4,3,0.31204474,0.0,0.0,0.68795526,0.0,0.0,0.0,0.0,0.0,0.0,0.0,0.0
4,3,0.31204474,0.0,0.0,0.68795526,0.0,0.0,0.0,0.0,0.0,0.0,0.0,0.0
4,3,0.31204474,0.0,0.0,0.68795526,0.0,0.0,0.0,0.0,0.0,0.0,0.0,0.0
4,3,0.31204474,0.0,0.0,0.68795526,0.0,0.0,0.0,0.0,0.0,0.0,0.0,0.0
4,3,0.31204474,0.0,0.0,0.68795526,0.0,0.0,0.0,0.0,0.0,0.0,0.0,0.0
4,3,0.31204474,0.0,0.0,0.68795526,0.0,0.0,0.0,0.0,0.0,0.0,0.0,0.0
4,3,0.31204474,0.0,0.0,0.68795526,0.0,0.0,0.0,0.0,0.0,0.0,0.0,0.0
4,3,0.31204474,0.0,0.0,0.68795526,0.0,0.0,0.0,0.0,0.0,0.0,0.0,0.0
4,3,0.31204474,0.0,0.0,0.68795526,0.0,0.0,0.0,0.0,0.0,0.0,0.0,0.0
4,3,0.31204474,0.0,0.0,0.68795526,0.0,0.0,0.0,0.0,0.0,0.0,0.0,0.0
4,3,0.31204474,0.0,0.0,0.68795526,0.0,0.0,0.0,0.0,0.0,0.0,0.0,0.0
4,3,0.31204474,0.0,0.0,0.68795526,0.0,0.0,0.0,0.0,0.0,0.0,0.0,0.0
4,3,0.31204474,0.0,0.0,0.68795526,0.0,0.0,0.0,0.0,0.0,0.0,0.0,0.0
4,3,0.31204474,0.0,0.0,0.68795526,0.0,0.0,0.0,0.0,0.0,0.0,0.0,0.0
4,3,0.31204474,0.0,0.0,0.68795526,0.0,0.0,0.0,0.0,0.0,0.0,0.0,0.0
4,3,0.31204474,0.0,0.0,0.68795526,0.0,0.0,0.0,0.0,0.0,0.0,0.0,0.0
4,3,0.31204474,0.0,0.0,0.68795526,0.0,0.0,0.0,0.0,0.0,0.0,0.0,0.0
4,3,0.31204474,0.0,0.0,0.68795526,0.0,0.0,0.0,0.0,0.0,0.0,0.0,0.0
4,3,0.31204474,0.0,0.0,0.68795526,0.0,0.0,0.0,0.0,0.0,0.0,0.0,0.0
4,3,0.31204474,0.0,0.0,0.68795526,0.0,0.0,0.0,0.0,0.0,0.0,0.0,0.0
4,3,0.31204474,0.0,0.0,0.68795526,0.0,0.0,0.0,0.0,0.0,0.0,0.0,0.0
4,3,0.31204474,0.0,0.0,0.68795526,0.0,0.0,0.0,0.0,0.0,0.0,0.0,0.0
4,3,0.31204474,0.0,0.0,0.68795526,0.0,0.0,0.0,0.0,0.0,0.0,0.0,0.0
4,3,0.31204474,0.0,0.0,0.68795526,0.0,0.0,0.0,0.0,0.0,0.0,0.0,0.0
4,3,0.31204474,0.0,0.0,0.68795526,0.0,0.0,0.0,0.0,0.0,0.0,0.0,0.0
4,3,0.31204474,0.0,0.0,0.68795526,0.0,0.0,0.0,0.0,0.0,0.0,0.0,0.0
4,3,0.31204474,0.0,0.0,0.68795526,0.0,0.0,0.0,0.0,0.0,0.0,0.0,0.0
4,3,0.31204474,0.0,0.0,0.68795526,0.0,0.0,0.0,0.0,0.0,0.0,0.0,0.0
4,3,0.31204474,0.0,0.0,0.68795526,0.0,0.0,0.0,0.0,0.0,0.0,0.0,0.0
4,3,0.31204474,0.0,0.0,0.68795526,0.0,0.0,0.0,0.0,0.0,0.0,0.0,0.0
4,3,0.31204474,0.0,0.0,0.68795526,0.0,0.0,0.0,0.0,0.0,0.0,0.0,0.0
4,3,0.31204474,0.0,0.0,0.68795526,0.0,0.0,0.0,0.0,0.0,0.0,0.0,0.0
4,3,0.31204474,0.0,0.0,0.68795526,0.0,0.0,0.0,0.0,0.0,0.0,0.0,0.0
4,3,0.31204474,0.0,0.0,0.68795526,0.0,0.0,0.0,0.0,0.0,0.0,0.0,0.0
4,3,0.31204474,0.0,0.0,0.68795526,0.0,0.0,0.0,0.0,0.0,0.0,0.0,0.0
4,3,0.31204474,0.0,0.0,0.68795526,0.0,0.0,0.0,0.0,0.0,0.0,0.0,0.0
4,3,0.31204474,0.0,0.0,0.68795526,0.0,0.0,0.0,0.0,0.0,0.0,0.0,0.0
4,3,0.31204474,0.0,0.0,0.68795526,0.0,0.0,0.0,0.0,0.0,0.0,0.0,0.0
4,3,0.31204474,0.0,0.0,0.68795526,0.0,0.0,0.0,0.0,0.0,0.0,0.0,0.0
4,3,0.31204474,0.0,0.0,0.68795526,0.0,0.0,0.0,0.0,0.0,0.0,0.0,0.0
4,3,0.31204474,0.0,0.0,0.68795526,0.0,0.0,0.0,0.0,0.0,0.0,0.0,0.0
4,3,0.31204474,0.0,0.0,0.68795526,0.0,0.0,0.0,0.0,0.0,0.0,0.0,0.0
4,3,0.31204474,0.0,0.0,0.68795526,0.0,0.0,0.0,0.0,0.0,0.0,0.0,0.0
4,3,0.31204474,0.0,0.0,0.68795526,0.0,0.0,0.0,0.0,0.0,0.0,0.0,0.0
4,3,0.31204474,0.0,0.0,0.68795526,0.0,0.0,0.0,0.0,0.0,0.0,0.0,0.0
4,3,0.31204474,0.0,0.0,0.68795526,0.0,0.0,0.0,0.0,0.0,0.0,0.0,0.0
4,3,0.31204474,0.0,0.0,0.68795526,0.0,0.0,0.0,0.0,0.0,0.0,0.0,0.0
4,3,0.31204474,0.0,0.0,0.68795526,0.0,0.0,0.0,0.0,0.0,0.0,0.0,0.0
4,3,0.31204474,0.0,0.0,0.68795526,0.0,0.0,0.0,0.0,0.0,0.0,0.0,0.0
4,3,0.31204474,0.0,0.0,0.68795526,0.0,0.0,0.0,0.0,0.0,0.0,0.0,0.0
4,3,0.31204474,0.0,0.0,0.68795526,0.0,0.0,0.0,0.0,0.0,0.0,0.0,0.0
4,3,0.31204474,0.0,0.0,0.68795526,0.0,0.0,0.0,0.0,0.0,0.0,0.0,0.0
4,3,0.31204474,0.0,0.0,0.68795526,0.0,0.0,0.0,0.0,0.0,0.0,0.0,0.0
4,3,0.31204474,0.0,0.0,0.68795526,0.0,0.0,0.0,0.0,0.0,0.0,0.0,0.0
4,3,0.31204474,0.0,0.0,0.68795526,0.0,0.0,0.0,0.0,0.0,0.0,0.0,0.0
4,3,0.31204474,0.0,0.0,0.68795526,0.0,0.0,0.0,0.0,0.0,0.0,0.0,0.0
4,3,0.31204474,0.0,0.0,0.68795526,0.0,0.0,0.0,0.0,0.0,0.0,0.0,0.0
4,3,0.31204474,0.0,0.0,0.68795526,0.0,0.0,0.0,0.0,0.0,0.0,0.0,0.0
4,3,0.31204474,0.0,0.0,0.68795526,0.0,0.0,0.0,0.0,0.0,0.0,0.0,0.0
4,3,0.31204474,0.0,0.0,0.68795526,0.0,0.0,0.0,0.0,0.0,0.0,0.0,0.0
4,3,0.31204474,0.0,0.0,0.68795526,0.0,0.0,0.0,0.0,0.0,0.0,0.0,0.0
4,3,0.31204474,0.0,0.0,0.68795526,0.0,0.0,0.0,0.0,0.0,0.0,0.0,0.0
4,3,0.31204474,0.0,0.0,0.68795526,0.0,0.0,0.0,0.0,0.0,0.0,0.0,0.0
4,3,0.31204474,0.0,0.0,0.68795526,0.0,0.0,0.0,0.0,0.0,0.0,0.0,0.0
4,3,0.31204474,0.0,0.0,0.68795526,0.0,0.0,0.0,0.0,0.0,0.0,0.0,0.0
4,3,0.31204474,0.0,0.0,0.68795526,0.0,0.0,0.0,0.0,0.0,0.0,0.0,0.0
4,3,0.31204474,0.0,0.0,0.68795526,0.0,0.0,0.0,0.0,0.0,0.0,0.0,0.0
4,3,0.31204474,0.0,0.0,0.68795526,0.0,0.0,0.0,0.0,0.0,0.0,0.0,0.0
4,3,0.31204474,0.0,0.0,0.68795526,0.0,0.0,0.0,0.0,0.0,0.0,0.0,0.0
4,3,0.31204474,0.0,0.0,0.68795526,0.0,0.0,0.0,0.0,0.0,0.0,0.0,0.0
4,3,0.31204474,0.0,0.0,0.68795526,0.0,0.0,0.0,0.0,0.0,0.0,0.0,0.0
4,3,0.31204474,0.0,0.0,0.68795526,0.0,0.0,0.0,0.0,0.0,0.0,0.0,0.0
4,3,0.31204474,0.0,0.0,0.68795526,0.0,0.0,0.0,0.0,0.0,0.0,0.0,0.0
4,3,0.31204474,0.0,0.0,0.68795526,0.0,0.0,0.0,0.0,0.0,0.0,0.0,0.0
4,3,0.31204474,0.0,0.0,0.68795526,0.0,0.0,0.0,0.0,0.0,0.0,0.0,0.0
4,3,0.31204474,0.0,0.0,0.68795526,0.0,0.0,0.0,0.0,0.0,0.0,0.0,0.0
4,3,0.31204474,0.0,0.0,0.68795526,0.0,0.0,0.0,0.0,0.0,0.0,0.0,0.0
4,3,0.31204474,0.0,0.0,0.68795526,0.0,0.0,0.0,0.0,0.0,0.0,0.0,0.0
4,3,0.31204474,0.0,0.0,0.68795526,0.0,0.0,0.0,0.0,0.0,0.0,0.0,0.0
4,3,0.31204474,0.0,0.0,0.68795526,0.0,0.0,0.0,0.0,0.0,0.0,0.0,0.0
4,3,0.31204474,0.0,0.0,0.68795526,0.0,0.0,0.0,0.0,0.0,0.0,0.0,0.0
4,3,0.31204474,0.0,0.0,0.68795526,0.0,0.0,0.0,0.0,0.0,0.0,0.0,0.0
4,3,0.31204474,0.0,0.0,0.68795526,0.0,0.0,0.0,0.0,0.0,0.0,0.0,0.0
4,3,0.31204474,0.0,0.0,0.68795526,0.0,0.0,0.0,0.0,0.0,0.0,0.0,0.0
4,3,0.31204474,0.0,0.0,0.68795526,0.0,0.0,0.0,0.0,0.0,0.0,0.0,0.0
4,3,0.31204474,0.0,0.0,0.68795526,0.0,0.0,0.0,0.0,0.0,0.0,0.0,0.0
4,3,0.31204474,0.0,0.0,0.68795526,0.0,0.0,0.0,0.0,0.0,0.0,0.0,0.0
4,3,0.31204474,0.0,0.0,0.68795526,0.0,0.0,0.0,0.0,0.0,0.0,0.0,0.0
4,3,0.31204474,0.0,0.0,0.68795526,0.0,0.0,0.0,0.0,0.0,0.0,0.0,0.0
4,3,0.31204474,0.0,0.0,0.68795526,0.0,0.0,0.0,0.0,0.0,0.0,0.0,0.0
4,3,0.31204474,0.0,0.0,0.68795526,0.0,0.0,0.0,0.0,0.0,0.0,0.0,0.0
4,3,0.31204474,0.0,0.0,0.68795526,0.0,0.0,0.0,0.0,0.0,0.0,0.0,0.0
4,3,0.31204474,0.0,0.0,0.68795526,0.0,0.0,0.0,0.0,0.0,0.0,0.0,0.0
4,3,0.31204474,0.0,0.0,0.68795526,0.0,0.0,0.0,0.0,0.0,0.0,0.0,0.0
4,3,0.33616868,0.0,0.0,0.66383135,0.0,0.0,0.0,0.0,0.0,0.0,0.0,0.0
4,3,0.33616868,0.0,0.0,0.66383135,0.0,0.0,0.0,0.0,0.0,0.0,0.0,0.0
4,3,0.33616868,0.0,0.0,0.66383135,0.0,0.0,0.0,0.0,0.0,0.0,0.0,0.0
4,3,0.33616868,0.0,0.0,0.66383135,0.0,0.0,0.0,0.0,0.0,0.0,0.0,0.0
4,3,0.33616868,0.0,0.0,0.66383135,0.0,0.0,0.0,0.0,0.0,0.0,0.0,0.0
4,3,0.33616868,0.0,0.0,0.66383135,0.0,0.0,0.0,0.0,0.0,0.0,0.0,0.0
4,3,0.33616868,0.0,0.0,0.66383135,0.0,0.0,0.0,0.0,0.0,0.0,0.0,0.0
4,3,0.33616868,0.0,0.0,0.66383135,0.0,0.0,0.0,0.0,0.0,0.0,0.0,0.0
4,3,0.33616868,0.0,0.0,0.66383135,0.0,0.0,0.0,0.0,0.0,0.0,0.0,0.0
4,3,0.33616868,0.0,0.0,0.66383135,0.0,0.0,0.0,0.0,0.0,0.0,0.0,0.0
4,3,0.33616868,0.0,0.0,0.66383135,0.0,0.0,0.0,0.0,0.0,0.0,0.0,0.0
4,3,0.33616868,0.0,0.0,0.66383135,0.0,0.0,0.0,0.0,0.0,0.0,0.0,0.0
4,3,0.33616868,0.039978858,0.0,0.62385243,0.0,0.0,0.0,0.0,0.0,0.0,0.0,0.0
4,3,0.33616868,0.039978858,0.0,0.62385243,0.0,0.0,0.0,0.0,0.0,0.0,0.0,0.0
4,3,0.33616868,0.039978858,0.0,0.62385243,0.0,0.0,0.0,0.0,0.0,0.0,0.0,0.0
4,3,0.33616868,0.039978858,0.0,0.62385243,0.0,0.0,0.0,0.0,0.0,0.0,0.0,0.0
4,3,0.33616868,0.039978858,0.0,0.62385243,0.0,0.0,0.0,0.0,0.0,0.0,0.0,0.0
4,3,0.33616868,0.039978858,0.0,0.62385243,0.0,0.0,0.0,0.0,0.0,0.0,0.0,0.0
4,3,0.33616868,0.039978858,0.0,0.62385243,0.0,0.0,0.0,0.0,0.0,0.0,0.0,0.0
4,3,0.33616868,0.039978858,0.0,0.62385243,0.0,0.0,0.0,0.0,0.0,0.0,0.0,0.0
4,3,0.33616868,0.039978858,0.0,0.62385243,0.0,0.0,0.0,0.0,0.0,0.0,0.0,0.0
4,3,0.33616868,0.039978858,0.0,0.62385243,0.0,0.0,0.0,0.0,0.0,0.0,0.0,0.0
4,3,0.33616868,0.039978858,0.0,0.62385243,0.0,0.0,0.0,0.0,0.0,0.0,0.0,0.0
4,3,0.33616868,0.039978858,0.0,0.62385243,0.0,0.0,0.0,0.0,0.0,0.0,0.0,0.0
4,3,0.33616868,0.039978858,0.0,0.62385243,0.0,0.0,0.0,0.0,0.0,0.0,0.0,0.0
4,3,0.33616868,0.039978858,0.0,0.62385243,0.0,0.0,0.0,0.0,0.0,0.0,0.0,0.0
4,3,0.33616868,0.039978858,0.0,0.62385243,0.0,0.0,0.0,0.0,0.0,0.0,0.0,0.0
4,3,0.33616868,0.039978858,0.0,0.62385243,0.0,0.0,0.0,0.0,0.0,0.0,0.0,0.0
4,3,0.33616868,0.039978858,0.0,0.62385243,0.0,0.0,0.0,0.0,0.0,0.0,0.0,0.0
4,3,0.33616868,0.039978858,0.0,0.62385243,0.0,0.0,0.0,0.0,0.0,0.0,0.0,0.0
4,3,0.33616868,0.039978858,0.0,0.62385243,0.0,0.0,0.0,0.0,0.0,0.0,0.0,0.0
4,3,0.33616868,0.039978858,0.0,0.62385243,0.0,0.0,0.0,0.0,0.0,0.0,0.0,0.0
4,3,0.33616868,0.039978858,0.0,0.62385243,0.0,0.0,0.0,0.0,0.0,0.0,0.0,0.0
4,3,0.33616868,0.039978858,0.0,0.62385243,0.0,0.0,0.0,0.0,0.0,0.0,0.0,0.0
4,3,0.33616868,0.039978858,0.0,0.62385243,0.0,0.0,0.0,0.0,0.0,0.0,0.0,0.0
4,3,0.33616868,0.039978858,0.0,0.62385243,0.0,0.0,0.0,0.0,0.0,0.0,0.0,0.0
4,3,0.33616868,0.039978858,0.0,0.62385243,0.0,0.0,0.0,0.0,0.0,0.0,0.0,0.0
4,3,0.33616868,0.039978858,0.0,0.62385243,0.0,0.0,0.0,0.0,0.0,0.0,0.0,0.0
4,3,0.33616868,0.039978858,0.0,0.62385243,0.0,0.0,0.0,0.0,0.0,0.0,0.0,0.0
4,3,0.33616868,0.039978858,0.0,0.62385243,0.0,0.0,0.0,0.0,0.0,0.0,0.0,0.0
4,3,0.33616868,0.039978858,0.0,0.62385243,0.0,0.0,0.0,0.0,0.0,0.0,0.0,0.0
4,3,0.33616868,0.039978858,0.0,0.62385243,0.0,0.0,0.0,0.0,0.0,0.0,0.0,0.0
4,3,0.33616868,0.039978858,0.0,0.62385243,0.0,0.0,0.0,0.0,0.0,0.0,0.0,0.0
4,3,0.33616868,0.039978858,0.0,0.62385243,0.0,0.0,0.0,0.0,0.0,0.0,0.0,0.0
4,3,0.33616868,0.039978858,0.0,0.62385243,0.0,0.0,0.0,0.0,0.0,0.0,0.0,0.0
4,3,0.33616868,0.039978858,0.0,0.62385243,0.0,0.0,0.0,0.0,0.0,0.0,0.0,0.0
4,3,0.33616868,0.039978858,0.0,0.62385243,0.0,0.0,0.0,0.0,0.0,0.0,0.0,0.0
4,3,0.33616868,0.039978858,0.0,0.62385243,0.0,0.0,0.0,0.0,0.0,0.0,0.0,0.0
4,3,0.33616868,0.039978858,0.0,0.62385243,0.0,0.0,0.0,0.0,0.0,0.0,0.0,0.0
4,3,0.33616868,0.039978858,0.0,0.62385243,0.0,0.0,0.0,0.0,0.0,0.0,0.0,0.0
4,3,0.33616868,0.039978858,0.0,0.62385243,0.0,0.0,0.0,0.0,0.0,0.0,0.0,0.0
4,3,0.41659898,0.039978858,0.0,0.54342216,0.0,0.0,0.0,0.0,0.0,0.0,0.0,0.0
4,3,0.41659898,0.039978858,0.0,0.54342216,0.0,0.0,0.0,0.0,0.0,0.0,0.0,0.0
4,3,0.41659898,0.039978858,0.0,0.54342216,0.0,0.0,0.0,0.0,0.0,0.0,0.0,0.0
4,3,0.47622326,0.039978858,0.0,0.48379794,0.0,0.0,0.0,0.0,0.0,0.0,0.0,0.0
4,3,0.47622326,0.039978858,0.0,0.48379794,0.0,0.0,0.0,0.0,0.0,0.0,0.0,0.0
4,3,0.47622326,0.039978858,0.0,0.48379794,0.0,0.0,0.0,0.0,0.0,0.0,0.0,0.0
4,3,0.47622326,0.039978858,0.0,0.48379794,0.0,0.0,0.0,0.0,0.0,0.0,0.0,0.0
4,3,0.47622326,0.039978858,0.0,0.48379794,0.0,0.0,0.0,0.0,0.0,0.0,0.0,0.0
4,3,0.47622326,0.039978858,0.0,0.48379794,0.0,0.0,0.0,0.0,0.0,0.0,0.0,0.0
4,0,0.5392393,0.039978858,0.0,0.4207819,0.0,0.0,0.0,0.0,0.0,0.0,0.0,0.0
4,0,0.5392393,0.039978858,0.0,0.4207819,0.0,0.0,0.0,0.0,0.0,0.0,0.0,0.0
4,0,0.5392393,0.039978858,0.0,0.4207819,0.0,0.0,0.0,0.0,0.0,0.0,0.0,0.0
4,0,0.5392393,0.039978858,0.0,0.4207819,0.0,0.0,0.0,0.0,0.0,0.0,0.0,0.0
4,0,0.5392393,0.039978858,0.0,0.4207819,0.0,0.0,0.0,0.0,0.0,0.0,0.0,0.0
4,0,0.5392393,0.039978858,0.0,0.4207819,0.0,0.0,0.0,0.0,0.0,0.0,0.0,0.0
4,0,0.5392393,0.039978858,0.0,0.4207819,0.0,0.0,0.0,0.0,0.0,0.0,0.0,0.0
4,0,0.5392393,0.039978858,0.0,0.4207819,0.0,0.0,0.0,0.0,0.0,0.0,0.0,0.0
4,0,0.52556723,0.039978858,0.0,0.43445393,0.0,0.0,0.0,0.0,0.0,0.0,0.0,0.0
4,0,0.52556723,0.039978858,0.0,0.43445393,0.0,0.0,0.0,0.0,0.0,0.0,0.0,0.0
4,0,0.52556723,0.039978858,0.0,0.43445393,0.0,0.0,0.0,0.0,0.0,0.0,0.0,0.0
4,0,0.52556723,0.039978858,0.0,0.43445393,0.0,0.0,0.0,0.0,0.0,0.0,0.0,0.0
4,0,0.52556723,0.039978858,0.0,0.43445393,0.0,0.0,0.0,0.0,0.0,0.0,0.0,0.0
4,0,0.52556723,0.039978858,0.0,0.43445393,0.0,0.0,0.0,0.0,0.0,0.0,0.0,0.0
4,0,0.52556723,0.039978858,0.0,0.43445393,0.0,0.0,0.0,0.0,0.0,0.0,0.0,0.0
4,0,0.52556723,0.039978858,0.0,0.43445393,0.0,0.0,0.0,0.0,0.0,0.0,0.0,0.0
4,0,0.52556723,0.039978858,0.0,0.43445393,0.0,0.0,0.0,0.0,0.0,0.0,0.0,0.0
4,0,0.52556723,0.039978858,0.0,0.43445393,0.0,0.0,0.0,0.0,0.0,0.0,0.0,0.0
4,0,0.52556723,0.039978858,0.0,0.43445393,0.0,0.0,0.0,0.0,0.0,0.0,0.0,0.0
4,0,0.52556723,0.039978858,0.0,0.43445393,0.0,0.0,0.0,0.0,0.0,0.0,0.0,0.0
4,0,0.52556723,0.039978858,0.0,0.43445393,0.0,0.0,0.0,0.0,0.0,0.0,0.0,0.0
4,0,0.52556723,0.039978858,0.0,0.43445393,0.0,0.0,0.0,0.0,0.0,0.0,0.0,0.0
4,0,0.52556723,0.039978858,0.0,0.43445393,0.0,0.0,0.0,0.0,0.0,0.0,0.0,0.0
4,0,0.52556723,0.039978858,0.0,0.43445393,0.0,0.0,0.0,0.0,0.0,0.0,0.0,0.0
4,0,0.52556723,0.039978858,0.0,0.43445393,0.0,0.0,0.0,0.0,0.0,0.0,0.0,0.0
4,0,0.52556723,0.039978858,0.0,0.43445393,0.0,0.0,0.0,0.0,0.0,0.0,0.0,0.0
4,0,0.52556723,0.039978858,0.0,0.43445393,0.0,0.0,0.0,0.0,0.0,0.0,0.0,0.0
4,0,0.52556723,0.039978858,0.0,0.43445393,0.0,0.0,0.0,0.0,0.0,0.0,0.0,0.0
4,0,0.52556723,0.039978858,0.0,0.43445393,0.0,0.0,0.0,0.0,0.0,0.0,0.0,0.0
4,0,0.52556723,0.039978858,0.0,0.43445393,0.0,0.0,0.0,0.0,0.0,0.0,0.0,0.0
4,0,0.5748372,0.039978858,0.0,0.38518393,0.0,0.0,0.0,0.0,0.0,0.0,0.0,0.0
4,0,0.5748372,0.039978858,0.0,0.38518393,0.0,0.0,0.0,0.0,0.0,0.0,0.0,0.0
4,0,0.5748372,0.039978858,0.0,0.38518393,0.0,0.0,0.0,0.0,0.0,0.0,0.0,0.0
4,0,0.5748372,0.039978858,0.0,0.38518393,0.0,0.0,0.0,0.0,0.0,0.0,0.0,0.0
4,0,0.5748372,0.039978858,0.0,0.38518393,0.0,0.0,0.0,0.0,0.0,0.0,0.0,0.0
4,0,0.5748372,0.039978858,0.0,0.38518393,0.0,0.0,0.0,0.0,0.0,0.0,0.0,0.0
4,0,0.6227675,0.039978858,0.0,0.3372537,0.0,0.0,0.0,0.0,0.0,0.0,0.0,0.0
4,0,0.6227675,0.039978858,0.0,0.3372537,0.0,0.0,0.0,0.0,0.0,0.0,0.0,0.0
4,0,0.6227675,0.039978858,0.0,0.3372537,0.0,0.0,0.0,0.0,0.0,0.0,0.0,0.0
4,0,0.6227675,0.039978858,0.0,0.3372537,0.0,0.0,0.0,0.0,0.0,0.0,0.0,0.0
4,0,0.6227675,0.039978858,0.0,0.3372537,0.0,0.0,0.0,0.0,0.0,0.0,0.0,0.0
4,0,0.6227675,0.039978858,0.0,0.3372537,0.0,0.0,0.0,0.0,0.0,0.0,0.0,0.0
4,0,0.6227675,0.039978858,0.0,0.3372537,0.0,0.0,0.0,0.0,0.0,0.0,0.0,0.0
4,0,0.6227675,0.039978858,0.0,0.3372537,0.0,0.0,0.0,0.0,0.0,0.0,0.0,0.0
4,0,0.6227675,0.039978858,0.0,0.3372537,0.0,0.0,0.0,0.0,0.0,0.0,0.0,0.0
4,0,0.6227675,0.039978858,0.0,0.3372537,0.0,0.0,0.0,0.0,0.0,0.0,0.0,0.0
4,0,0.6227675,0.039978858,0.0,0.3372537,0.0,0.0,0.0,0.0,0.0,0.0,0.0,0.0
4,0,0.6227675,0.039978858,0.0,0.3372537,0.0,0.0,0.0,0.0,0.0,0.0,0.0,0.0
4,0,0.6227675,0.039978858,0.0,0.3372537,0.0,0.0,0.0,0.0,0.0,0.0,0.0,0.0
4,0,0.6227675,0.039978858,0.0,0.3372537,0.0,0.0,0.0,0.0,0.0,0.0,0.0,0.0
4,0,0.6227675,0.039978858,0.0,0.3372537,0.0,0.0,0.0,0.0,0.0,0.0,0.0,0.0
4,0,0.6227675,0.039978858,0.0,0.3372537,0.0,0.0,0.0,0.0,0.0,0.0,0.0,0.0
4,0,0.6227675,0.039978858,0.0,0.3372537,0.0,0.0,0.0,0.0,0.0,0.0,0.0,0.0
4,0,0.6227675,0.039978858,0.0,0.3372537,0.0,0.0,0.0,0.0,0.0,0.0,0.0,0.0
4,0,0.6227675,0.039978858,0.0,0.3372537,0.0,0.0,0.0,0.0,0.0,0.0,0.0,0.0
4,0,0.6227675,0.039978858,0.0,0.3372537,0.0,0.0,0.0,0.0,0.0,0.0,0.0,0.0
4,0,0.6227675,0.039978858,0.0,0.3372537,0.0,0.0,0.0,0.0,0.0,0.0,0.0,0.0
4,0,0.6227675,0.039978858,0.0,0.3372537,0.0,0.0,0.0,0.0,0.0,0.0,0.0,0.0
4,0,0.6227675,0.039978858,0.0,0.3372537,0.0,0.0,0.0,0.0,0.0,0.0,0.0,0.0
4,0,0.6227675,0.039978858,0.0,0.3372537,0.0,0.0,0.0,0.0,0.0,0.0,0.0,0.0
4,0,0.6227675,0.039978858,0.0,0.3372537,0.0,0.0,0.0,0.0,0.0,0.0,0.0,0.0
4,0,0.6227675,0.039978858,0.0,0.3372537,0.0,0.0,0.0,0.0,0.0,0.0,0.0,0.0
4,0,0.6227675,0.039978858,0.0,0.3372537,0.0,0.0,0.0,0.0,0.0,0.0,0.0,0.0
4,0,0.6227675,0.039978858,0.0,0.3372537,0.0,0.0,0.0,0.0,0.0,0.0,0.0,0.0
4,0,0.6227675,0.039978858,0.0,0.3372537,0.0,0.0,0.0,0.0,0.0,0.0,0.0,0.0
4,0,0.6227675,0.039978858,0.0,0.3372537,0.0,0.0,0.0,0.0,0.0,0.0,0.0,0.0
4,0,0.6227675,0.039978858,0.0,0.3372537,0.0,0.0,0.0,0.0,0.0,0.0,0.0,0.0
4,0,0.6227675,0.039978858,0.0,0.3372537,0.0,0.0,0.0,0.0,0.0,0.0,0.0,0.0
4,0,0.6227675,0.039978858,0.0,0.3372537,0.0,0.0,0.0,0.0,0.0,0.0,0.0,0.0
4,0,0.6227675,0.039978858,0.0,0.3372537,0.0,0.0,0.0,0.0,0.0,0.0,0.0,0.0
4,0,0.6227675,0.039978858,0.0,0.3372537,0.0,0.0,0.0,0.0,0.0,0.0,0.0,0.0
4,0,0.6227675,0.039978858,0.0,0.3372537,0.0,0.0,0.0,0.0,0.0,0.0,0.0,0.0
4,0,0.6227675,0.039978858,0.0,0.3372537,0.0,0.0,0.0,0.0,0.0,0.0,0.0,0.0
4,0,0.6227675,0.039978858,0.0,0.3372537,0.0,0.0,0.0,0.0,0.0,0.0,0.0,0.0
4,0,0.6227675,0.039978858,0.0,0.3372537,0.0,0.0,0.0,0.0,0.0,0.0,0.0,0.0
4,0,0.6227675,0.039978858,0.0,0.3372537,0.0,0.0,0.0,0.0,0.0,0.0,0.0,0.0
4,0,0.6227675,0.039978858,0.0,0.3372537,0.0,0.0,0.0,0.0,0.0,0.0,0.0,0.0
4,0,0.6227675,0.039978858,0.0,0.3372537,0.0,0.0,0.0,0.0,0.0,0.0,0.0,0.0
4,0,0.6227675,0.039978858,0.0,0.3372537,0.0,0.0,0.0,0.0,0.0,0.0,0.0,0.0
4,0,0.6227675,0.039978858,0.0,0.3372537,0.0,0.0,0.0,0.0,0.0,0.0,0.0,0.0
4,0,0.78785264,0.039978858,0.0,0.17216854,0.0,0.0,0.0,0.0,0.0,0.0,0.0,0.0
4,0,0.78785264,0.039978858,0.0,0.17216854,0.0,0.0,0.0,0.0,0.0,0.0,0.0,0.0
4,0,0.78785264,0.039978858,0.0,0.17216854,0.0,0.0,0.0,0.0,0.0,0.0,0.0,0.0
4,0,0.78785264,0.039978858,0.0,0.17216854,0.0,0.0,0.0,0.0,0.0,0.0,0.0,0.0
4,0,0.78785264,0.039978858,0.0,0.17216854,0.0,0.0,0.0,0.0,0.0,0.0,0.0,0.0
4,0,0.78785264,0.039978858,0.0,0.17216854,0.0,0.0,0.0,0.0,0.0,0.0,0.0,0.0
4,0,0.78785264,0.039978858,0.0,0.17216854,0.0,0.0,0.0,0.0,0.0,0.0,0.0,0.0
4,0,0.78785264,0.039978858,0.0,0.17216854,0.0,0.0,0.0,0.0,0.0,0.0,0.0,0.0
4,0,0.78785264,0.039978858,0.0,0.17216854,0.0,0.0,0.0,0.0,0.0,0.0,0.0,0.0
4,0,0.78785264,0.039978858,0.0,0.17216854,0.0,0.0,0.0,0.0,0.0,0.0,0.0,0.0
4,0,0.78785264,0.039978858,0.0,0.17216854,0.0,0.0,0.0,0.0,0.0,0.0,0.0,0.0
4,0,0.78785264,0.039978858,0.0,0.17216854,0.0,0.0,0.0,0.0,0.0,0.0,0.0,0.0
4,0,0.78785264,0.039978858,0.0,0.17216854,0.0,0.0,0.0,0.0,0.0,0.0,0.0,0.0
4,0,0.78785264,0.039978858,0.0,0.17216854,0.0,0.0,0.0,0.0,0.0,0.0,0.0,0.0
4,0,0.78785264,0.039978858,0.0,0.17216854,0.0,0.0,0.0,0.0,0.0,0.0,0.0,0.0
4,0,0.78785264,0.039978858,0.0,0.17216854,0.0,0.0,0.0,0.0,0.0,0.0,0.0,0.0
4,0,0.78785264,0.039978858,0.0,0.17216854,0.0,0.0,0.0,0.0,0.0,0.0,0.0,0.0
4,0,0.78785264,0.039978858,0.0,0.17216854,0.0,0.0,0.0,0.0,0.0,0.0,0.0,0.0
4,0,0.78785264,0.039978858,0.0,0.17216854,0.0,0.0,0.0,0.0,0.0,0.0,0.0,0.0
4,0,0.78785264,0.039978858,0.0,0.17216854,0.0,0.0,0.0,0.0,0.0,0.0,0.0,0.0
4,0,0.78785264,0.039978858,0.0,0.17216854,0.0,0.0,0.0,0.0,0.0,0.0,0.0,0.0
4,0,0.78785264,0.039978858,0.0,0.17216854,0.0,0.0,0.0,0.0,0.0,0.0,0.0,0.0
4,0,0.78785264,0.039978858,0.0,0.17216854,0.0,0.0,0.0,0.0,0.0,0.0,0.0,0.0
4,0,0.78785264,0.039978858,0.0,0.17216854,0.0,0.0,0.0,0.0,0.0,0.0,0.0,0.0
4,0,0.78785264,0.039978858,0.0,0.17216854,0.0,0.0,0.0,0.0,0.0,0.0,0.0,0.0
4,0,0.78785264,0.039978858,0.0,0.17216854,0.0,0.0,0.0,0.0,0.0,0.0,0.0,0.0
4,0,0.78785264,0.039978858,0.0,0.17216854,0.0,0.0,0.0,0.0,0.0,0.0,0.0,0.0
4,0,0.78785264,0.039978858,0.0,0.17216854,0.0,0.0,0.0,0.0,0.0,0.0,0.0,0.0
4,0,0.78785264,0.039978858,0.0,0.17216854,0.0,0.0,0.0,0.0,0.0,0.0,0.0,0.0
4,0,0.78785264,0.039978858,0.0,0.17216854,0.0,0.0,0.0,0.0,0.0,0.0,0.0,0.0
4,0,0.78785264,0.039978858,0.0,0.17216854,0.0,0.0,0.0,0.0,0.0,0.0,0.0,0.0
4,0,0.78785264,0.039978858,0.0,0.17216854,0.0,0.0,0.0,0.0,0.0,0.0,0.0,0.0
4,0,0.78785264,0.039978858,0.0,0.17216854,0.0,0.0,0.0,0.0,0.0,0.0,0.0,0.0
4,0,0.78785264,0.039978858,0.0,0.17216854,0.0,0.0,0.0,0.0,0.0,0.0,0.0,0.0
4,0,0.78785264,0.039978858,0.0,0.17216854,0.0,0.0,0.0,0.0,0.0,0.0,0.0,0.0
4,0,0.78785264,0.039978858,0.0,0.17216854,0.0,0.0,0.0,0.0,0.0,0.0,0.0,0.0
4,0,0.78785264,0.039978858,0.0,0.17216854,0.0,0.0,0.0,0.0,0.0,0.0,0.0,0.0
4,0,0.78785264,0.039978858,0.0,0.17216854,0.0,0.0,0.0,0.0,0.0,0.0,0.0,0.0
4,0,0.78785264,0.039978858,0.0,0.17216854,0.0,0.0,0.0,0.0,0.0,0.0,0.0,0.0
4,0,0.78785264,0.039978858,0.0,0.17216854,0.0,0.0,0.0,0.0,0.0,0.0,0.0,0.0
4,0,0.78785264,0.039978858,0.0,0.17216854,0.0,0.0,0.0,0.0,0.0,0.0,0.0,0.0
4,0,0.78785264,0.039978858,0.0,0.17216854,0.0,0.0,0.0,0.0,0.0,0.0,0.0,0.0
4,0,0.78785264,0.039978858,0.0,0.17216854,0.0,0.0,0.0,0.0,0.0,0.0,0.0,0.0
4,0,0.78785264,0.039978858,0.0,0.17216854,0.0,0.0,0.0,0.0,0.0,0.0,0.0,0.0
4,0,0.78785264,0.039978858,0.0,0.17216854,0.0,0.0,0.0,0.0,0.0,0.0,0.0,0.0
4,0,0.78785264,0.039978858,0.0,0.17216854,0.0,0.0,0.0,0.0,0.0,0.0,0.0,0.0
4,0,0.78785264,0.039978858,0.0,0.17216854,0.0,0.0,0.0,0.0,0.0,0.0,0.0,0.0
4,0,0.78785264,0.039978858,0.0,0.17216854,0.0,0.0,0.0,0.0,0.0,0.0,0.0,0.0
4,0,0.78785264,0.039978858,0.0,0.17216854,0.0,0.0,0.0,0.0,0.0,0.0,0.0,0.0
4,0,0.78785264,0.039978858,0.0,0.17216854,0.0,0.0,0.0,0.0,0.0,0.0,0.0,0.0
4,0,0.78785264,0.039978858,0.0,0.17216854,0.0,0.0,0.0,0.0,0.0,0.0,0.0,0.0
4,0,0.78785264,0.039978858,0.0,0.17216854,0.0,0.0,0.0,0.0,0.0,0.0,0.0,0.0
4,0,0.78785264,0.039978858,0.0,0.17216854,0.0,0.0,0.0,0.0,0.0,0.0,0.0,0.0
4,0,0.78785264,0.039978858,0.0,0.17216854,0.0,0.0,0.0,0.0,0.0,0.0,0.0,0.0
4,0,0.78785264,0.039978858,0.0,0.17216854,0.0,0.0,0.0,0.0,0.0,0.0,0.0,0.0
4,0,0.78785264,0.039978858,0.0,0.17216854,0.0,0.0,0.0,0.0,0.0,0.0,0.0,0.0
4,0,0.78785264,0.039978858,0.0,0.17216854,0.0,0.0,0.0,0.0,0.0,0.0,0.0,0.0
4,0,0.78785264,0.039978858,0.0,0.17216854,0.0,0.0,0.0,0.0,0.0,0.0,0.0,0.0
4,0,0.78785264,0.039978858,0.0,0.17216854,0.0,0.0,0.0,0.0,0.0,0.0,0.0,0.0
4,0,0.78785264,0.039978858,0.0,0.17216854,0.0,0.0,0.0,0.0,0.0,0.0,0.0,0.0
4,0,0.78785264,0.039978858,0.0,0.17216854,0.0,0.0,0.0,0.0,0.0,0.0,0.0,0.0
4,0,0.78785264,0.039978858,0.0,0.17216854,0.0,0.0,0.0,0.0,0.0,0.0,0.0,0.0
4,0,0.78785264,0.039978858,0.0,0.17216854,0.0,0.0,0.0,0.0,0.0,0.0,0.0,0.0
4,0,0.78785264,0.039978858,0.0,0.17216854,0.0,0.0,0.0,0.0,0.0,0.0,0.0,0.0
4,0,0.78785264,0.039978858,0.0,0.17216854,0.0,0.0,0.0,0.0,0.0,0.0,0.0,0.0
4,0,0.78785264,0.039978858,0.0,0.17216854,0.0,0.0,0.0,0.0,0.0,0.0,0.0,0.0
4,0,0.78785264,0.039978858,0.0,0.17216854,0.0,0.0,0.0,0.0,0.0,0.0,0.0,0.0
4,0,0.78785264,0.039978858,0.0,0.17216854,0.0,0.0,0.0,0.0,0.0,0.0,0.0,0.0
4,0,0.78785264,0.039978858,0.0,0.17216854,0.0,0.0,0.0,0.0,0.0,0.0,0.0,0.0
4,0,0.78785264,0.039978858,0.0,0.17216854,0.0,0.0,0.0,0.0,0.0,0.0,0.0,0.0
4,0,0.78785264,0.039978858,0.0,0.17216854,0.0,0.0,0.0,0.0,0.0,0.0,0.0,0.0
4,0,0.78785264,0.039978858,0.0,0.17216854,0.0,0.0,0.0,0.0,0.0,0.0,0.0,0.0
4,0,0.78785264,0.039978858,0.0,0.17216854,0.0,0.0,0.0,0.0,0.0,0.0,0.0,0.0
4,0,0.78785264,0.039978858,0.0,0.17216854,0.0,0.0,0.0,0.0,0.0,0.0,0.0,0.0
4,0,0.78785264,0.039978858,0.0,0.17216854,0.0,0.0,0.0,0.0,0.0,0.0,0.0,0.0
4,0,0.78785264,0.039978858,0.0,0.17216854,0.0,0.0,0.0,0.0,0.0,0.0,0.0,0.0
4,0,0.78785264,0.039978858,0.0,0.17216854,0.0,0.0,0.0,0.0,0.0,0.0,0.0,0.0
4,0,0.78785264,0.039978858,0.0,0.17216854,0.0,0.0,0.0,0.0,0.0,0.0,0.0,0.0
4,0,0.78785264,0.039978858,0.0,0.17216854,0.0,0.0,0.0,0.0,0.0,0.0,0.0,0.0
4,0,0.78785264,0.039978858,0.0,0.17216854,0.0,0.0,0.0,0.0,0.0,0.0,0.0,0.0
4,0,0.78785264,0.039978858,0.0,0.17216854,0.0,0.0,0.0,0.0,0.0,0.0,0.0,0.0
4,0,0.78785264,0.039978858,0.0,0.17216854,0.0,0.0,0.0,0.0,0.0,0.0,0.0,0.0
4,0,0.78785264,0.039978858,0.0,0.17216854,0.0,0.0,0.0,0.0,0.0,0.0,0.0,0.0
4,0,0.78785264,0.039978858,0.0,0.17216854,0.0,0.0,0.0,0.0,0.0,0.0,0.0,0.0
4,0,0.78785264,0.039978858,0.0,0.17216854,0.0,0.0,0.0,0.0,0.0,0.0,0.0,0.0
4,0,0.78785264,0.039978858,0.0,0.17216854,0.0,0.0,0.0,0.0,0.0,0.0,0.0,0.0
4,0,0.78785264,0.039978858,0.0,0.17216854,0.0,0.0,0.0,0.0,0.0,0.0,0.0,0.0
4,0,0.78785264,0.039978858,0.0,0.17216854,0.0,0.0,0.0,0.0,0.0,0.0,0.0,0.0
4,0,0.78785264,0.039978858,0.0,0.17216854,0.0,0.0,0.0,0.0,0.0,0.0,0.0,0.0
4,0,0.78785264,0.039978858,0.0,0.17216854,0.0,0.0,0.0,0.0,0.0,0.0,0.0,0.0
4,0,0.78785264,0.039978858,0.0,0.17216854,0.0,0.0,0.0,0.0,0.0,0.0,0.0,0.0
4,0,0.78785264,0.039978858,0.0,0.17216854,0.0,0.0,0.0,0.0,0.0,0.0,0.0,0.0
4,0,0.78785264,0.039978858,0.0,0.17216854,0.0,0.0,0.0,0.0,0.0,0.0,0.0,0.0
4,0,0.78785264,0.039978858,0.0,0.17216854,0.0,0.0,0.0,0.0,0.0,0.0,0.0,0.0
4,0,0.78785264,0.039978858,0.0,0.17216854,0.0,0.0,0.0,0.0,0.0,0.0,0.0,0.0
4,0,0.78785264,0.039978858,0.0,0.17216854,0.0,0.0,0.0,0.0,0.0,0.0,0.0,0.0
4,0,0.78785264,0.039978858,0.0,0.17216854,0.0,0.0,0.0,0.0,0.0,0.0,0.0,0.0
4,0,0.78785264,0.039978858,0.0,0.17216854,0.0,0.0,0.0,0.0,0.0,0.0,0.0,0.0
4,0,0.78785264,0.039978858,0.0,0.17216854,0.0,0.0,0.0,0.0,0.0,0.0,0.0,0.0
4,0,0.78785264,0.039978858,0.0,0.17216854,0.0,0.0,0.0,0.0,0.0,0.0,0.0,0.0
4,0,0.7385826,0.08924886,0.0,0.17216854,0.0,0.0,0.0,0.0,0.0,0.0,0.0,0.0
4,0,0.7385826,0.08924886,0.0,0.17216854,0.0,0.0,0.0,0.0,0.0,0.0,0.0,0.0
4,0,0.7385826,0.08924886,0.0,0.17216854,0.0,0.0,0.0,0.0,0.0,0.0,0.0,0.0
4,0,0.7385826,0.08924886,0.0,0.17216854,0.0,0.0,0.0,0.0,0.0,0.0,0.0,0.0
4,0,0.7385826,0.08924886,0.0,0.17216854,0.0,0.0,0.0,0.0,0.0,0.0,0.0,0.0
4,0,0.7385826,0.08924886,0.0,0.17216854,0.0,0.0,0.0,0.0,0.0,0.0,0.0,0.0
4,0,0.7385826,0.08924886,0.0,0.17216854,0.0,0.0,0.0,0.0,0.0,0.0,0.0,0.0
4,0,0.7385826,0.08924886,0.0,0.17216854,0.0,0.0,0.0,0.0,0.0,0.0,0.0,0.0
4,0,0.7385826,0.08924886,0.0,0.17216854,0.0,0.0,0.0,0.0,0.0,0.0,0.0,0.0
4,0,0.7385826,0.08924886,0.0,0.17216854,0.0,0.0,0.0,0.0,0.0,0.0,0.0,0.0
4,0,0.7385826,0.08924886,0.0,0.17216854,0.0,0.0,0.0,0.0,0.0,0.0,0.0,0.0
4,0,0.7385826,0.08924886,0.0,0.17216854,0.0,0.0,0.0,0.0,0.0,0.0,0.0,0.0
4,0,0.7385826,0.08924886,0.0,0.17216854,0.0,0.0,0.0,0.0,0.0,0.0,0.0,0.0
4,0,0.7385826,0.08924886,0.0,0.17216854,0.0,0.0,0.0,0.0,0.0,0.0,0.0,0.0
4,0,0.7385826,0.08924886,0.0,0.17216854,0.0,0.0,0.0,0.0,0.0,0.0,0.0,0.0
4,0,0.7385826,0.08924886,0.0,0.17216854,0.0,0.0,0.0,0.0,0.0,0.0,0.0,0.0
4,0,0.7385826,0.08924886,0.0,0.17216854,0.0,0.0,0.0,0.0,0.0,0.0,0.0,0.0
4,0,0.7385826,0.08924886,0.0,0.17216854,0.0,0.0,0.0,0.0,0.0,0.0,0.0,0.0
4,0,0.7385826,0.08924886,0.0,0.17216854,0.0,0.0,0.0,0.0,0.0,0.0,0.0,0.0
4,0,0.7385826,0.08924886,0.0,0.17216854,0.0,0.0,0.0,0.0,0.0,0.0,0.0,0.0
4,0,0.7385826,0.08924886,0.0,0.17216854,0.0,0.0,0.0,0.0,0.0,0.0,0.0,0.0
4,0,0.7385826,0.08924886,0.0,0.17216854,0.0,0.0,0.0,0.0,0.0,0.0,0.0,0.0
4,0,0.7385826,0.08924886,0.0,0.17216854,0.0,0.0,0.0,0.0,0.0,0.0,0.0,0.0
4,0,0.7385826,0.08924886,0.0,0.17216854,0.0,0.0,0.0,0.0,0.0,0.0,0.0,0.0
4,0,0.7385826,0.08924886,0.0,0.17216854,0.0,0.0,0.0,0.0,0.0,0.0,0.0,0.0
4,0,0.7385826,0.08924886,0.0,0.17216854,0.0,0.0,0.0,0.0,0.0,0.0,0.0,0.0
4,0,0.7385826,0.08924886,0.0,0.17216854,0.0,0.0,0.0,0.0,0.0,0.0,0.0,0.0
4,0,0.7385826,0.08924886,0.0,0.17216854,0.0,0.0,0.0,0.0,0.0,0.0,0.0,0.0
4,0,0.7650964,0.089248866,0.0,0.14565475,0.0,0.0,0.0,0.0,0.0,0.0,0.0,0.0
4,0,0.7650964,0.089248866,0.0,0.14565475,0.0,0.0,0.0,0.0,0.0,0.0,0.0,0.0
4,0,0.7650964,0.089248866,0.0,0.14565475,0.0,0.0,0.0,0.0,0.0,0.0,0.0,0.0
4,0,0.7650964,0.089248866,0.0,0.14565475,0.0,0.0,0.0,0.0,0.0,0.0,0.0,0.0
4,0,0.7650964,0.089248866,0.0,0.14565475,0.0,0.0,0.0,0.0,0.0,0.0,0.0,0.0
4,0,0.7650964,0.089248866,0.0,0.14565475,0.0,0.0,0.0,0.0,0.0,0.0,0.0,0.0
4,0,0.7650964,0.089248866,0.0,0.14565475,0.0,0.0,0.0,0.0,0.0,0.0,0.0,0.0
4,0,0.7650964,0.089248866,0.0,0.14565475,0.0,0.0,0.0,0.0,0.0,0.0,0.0,0.0
4,0,0.7650964,0.089248866,0.0,0.14565475,0.0,0.0,0.0,0.0,0.0,0.0,0.0,0.0
4,0,0.7650964,0.089248866,0.0,0.14565475,0.0,0.0,0.0,0.0,0.0,0.0,0.0,0.0
4,0,0.7650964,0.089248866,0.0,0.14565475,0.0,0.0,0.0,0.0,0.0,0.0,0.0,0.0
4,0,0.7650964,0.089248866,0.0,0.14565475,0.0,0.0,0.0,0.0,0.0,0.0,0.0,0.0
4,0,0.7650964,0.089248866,0.0,0.14565475,0.0,0.0,0.0,0.0,0.0,0.0,0.0,0.0
4,0,0.7650964,0.089248866,0.0,0.14565475,0.0,0.0,0.0,0.0,0.0,0.0,0.0,0.0
4,0,0.7650964,0.089248866,0.0,0.14565475,0.0,0.0,0.0,0.0,0.0,0.0,0.0,0.0
4,0,0.7650964,0.089248866,0.0,0.14565475,0.0,0.0,0.0,0.0,0.0,0.0,0.0,0.0
4,0,0.7650964,0.089248866,0.0,0.14565475,0.0,0.0,0.0,0.0,0.0,0.0,0.0,0.0
4,0,0.7650964,0.089248866,0.0,0.14565475,0.0,0.0,0.0,0.0,0.0,0.0,0.0,0.0
4,0,0.7650964,0.089248866,0.0,0.14565475,0.0,0.0,0.0,0.0,0.0,0.0,0.0,0.0
4,0,0.7650964,0.089248866,0.0,0.14565475,0.0,0.0,0.0,0.0,0.0,0.0,0.0,0.0
4,0,0.7650964,0.089248866,0.0,0.14565475,0.0,0.0,0.0,0.0,0.0,0.0,0.0,0.0
4,0,0.7650964,0.089248866,0.0,0.14565475,0.0,0.0,0.0,0.0,0.0,0.0,0.0,0.0
4,0,0.7650964,0.089248866,0.0,0.14565475,0.0,0.0,0.0,0.0,0.0,0.0,0.0,0.0
4,0,0.7650964,0.089248866,0.0,0.14565475,0.0,0.0,0.0,0.0,0.0,0.0,0.0,0.0
4,0,0.7650964,0.089248866,0.0,0.14565475,0.0,0.0,0.0,0.0,0.0,0.0,0.0,0.0
4,0,0.7650964,0.089248866,0.0,0.14565475,0.0,0.0,0.0,0.0,0.0,0.0,0.0,0.0
4,0,0.7650964,0.089248866,0.0,0.14565475,0.0,0.0,0.0,0.0,0.0,0.0,0.0,0.0
4,0,0.7650964,0.089248866,0.0,0.14565475,0.0,0.0,0.0,0.0,0.0,0.0,0.0,0.0
4,0,0.7650964,0.089248866,0.0,0.14565475,0.0,0.0,0.0,0.0,0.0,0.0,0.0,0.0
4,0,0.7650964,0.089248866,0.0,0.14565475,0.0,0.0,0.0,0.0,0.0,0.0,0.0,0.0
4,0,0.7650964,0.089248866,0.0,0.14565475,0.0,0.0,0.0,0.0,0.0,0.0,0.0,0.0
4,0,0.7650964,0.089248866,0.0,0.14565475,0.0,0.0,0.0,0.0,0.0,0.0,0.0,0.0
4,0,0.7385826,0.08924886,0.0,0.17216854,0.0,0.0,0.0,0.0,0.0,0.0,0.0,0.0
4,0,0.7385826,0.08924886,0.0,0.17216854,0.0,0.0,0.0,0.0,0.0,0.0,0.0,0.0
4,0,0.7385826,0.08924886,0.0,0.17216854,0.0,0.0,0.0,0.0,0.0,0.0,0.0,0.0
4,0,0.7385826,0.08924886,0.0,0.17216854,0.0,0.0,0.0,0.0,0.0,0.0,0.0,0.0
4,0,0.7385826,0.08924886,0.0,0.17216854,0.0,0.0,0.0,0.0,0.0,0.0,0.0,0.0
4,0,0.7385826,0.08924886,0.0,0.17216854,0.0,0.0,0.0,0.0,0.0,0.0,0.0,0.0
4,0,0.7385826,0.08924886,0.0,0.17216854,0.0,0.0,0.0,0.0,0.0,0.0,0.0,0.0
4,0,0.7385826,0.08924886,0.0,0.17216854,0.0,0.0,0.0,0.0,0.0,0.0,0.0,0.0
4,0,0.7385826,0.08924886,0.0,0.17216854,0.0,0.0,0.0,0.0,0.0,0.0,0.0,0.0
4,0,0.7385826,0.08924886,0.0,0.17216854,0.0,0.0,0.0,0.0,0.0,0.0,0.0,0.0
4,0,0.7385826,0.08924886,0.0,0.17216854,0.0,0.0,0.0,0.0,0.0,0.0,0.0,0.0
4,0,0.7385826,0.08924886,0.0,0.17216854,0.0,0.0,0.0,0.0,0.0,0.0,0.0,0.0
4,0,0.7385826,0.08924886,0.0,0.17216854,0.0,0.0,0.0,0.0,0.0,0.0,0.0,0.0
4,0,0.7385826,0.08924886,0.0,0.17216854,0.0,0.0,0.0,0.0,0.0,0.0,0.0,0.0
4,0,0.7385826,0.08924886,0.0,0.17216854,0.0,0.0,0.0,0.0,0.0,0.0,0.0,0.0
4,0,0.7385826,0.08924886,0.0,0.17216854,0.0,0.0,0.0,0.0,0.0,0.0,0.0,0.0
4,0,0.7385826,0.08924886,0.0,0.17216854,0.0,0.0,0.0,0.0,0.0,0.0,0.0,0.0
4,0,0.7385826,0.08924886,0.0,0.17216854,0.0,0.0,0.0,0.0,0.0,0.0,0.0,0.0
4,0,0.7385826,0.08924886,0.0,0.17216854,0.0,0.0,0.0,0.0,0.0,0.0,0.0,0.0
4,0,0.7385826,0.08924886,0.0,0.17216854,0.0,0.0,0.0,0.0,0.0,0.0,0.0,0.0
4,0,0.7385826,0.08924886,0.0,0.17216854,0.0,0.0,0.0,0.0,0.0,0.0,0.0,0.0
4,0,0.7385826,0.08924886,0.0,0.17216854,0.0,0.0,0.0,0.0,0.0,0.0,0.0,0.0
4,0,0.7385826,0.08924886,0.0,0.17216854,0.0,0.0,0.0,0.0,0.0,0.0,0.0,0.0
4,0,0.7385826,0.08924886,0.0,0.17216854,0.0,0.0,0.0,0.0,0.0,0.0,0.0,0.0
4,0,0.7385826,0.08924886,0.0,0.17216854,0.0,0.0,0.0,0.0,0.0,0.0,0.0,0.0
4,0,0.7385826,0.08924886,0.0,0.17216854,0.0,0.0,0.0,0.0,0.0,0.0,0.0,0.0
4,0,0.7385826,0.08924886,0.0,0.17216854,0.0,0.0,0.0,0.0,0.0,0.0,0.0,0.0
4,0,0.7385826,0.08924886,0.0,0.17216854,0.0,0.0,0.0,0.0,0.0,0.0,0.0,0.0
4,0,0.7385826,0.08924886,0.0,0.17216854,0.0,0.0,0.0,0.0,0.0,0.0,0.0,0.0
4,0,0.7385826,0.08924886,0.0,0.17216854,0.0,0.0,0.0,0.0,0.0,0.0,0.0,0.0
4,0,0.7385826,0.08924886,0.0,0.17216854,0.0,0.0,0.0,0.0,0.0,0.0,0.0,0.0
4,0,0.7385826,0.08924886,0.0,0.17216854,0.0,0.0,0.0,0.0,0.0,0.0,0.0,0.0
4,0,0.7385826,0.08924886,0.0,0.17216854,0.0,0.0,0.0,0.0,0.0,0.0,0.0,0.0
4,0,0.7385826,0.08924886,0.0,0.17216854,0.0,0.0,0.0,0.0,0.0,0.0,0.0,0.0
4,0,0.7385826,0.039978858,0.0,0.22143853,0.0,0.0,0.0,0.0,0.0,0.0,0.0,0.0
4,0,0.7385826,0.039978858,0.0,0.22143853,0.0,0.0,0.0,0.0,0.0,0.0,0.0,0.0
4,0,0.7385826,0.039978858,0.0,0.22143853,0.0,0.0,0.0,0.0,0.0,0.0,0.0,0.0
4,0,0.7385826,0.039978858,0.0,0.22143853,0.0,0.0,0.0,0.0,0.0,0.0,0.0,0.0
4,0,0.7385826,0.039978858,0.0,0.22143853,0.0,0.0,0.0,0.0,0.0,0.0,0.0,0.0
4,0,0.7385826,0.039978858,0.0,0.22143853,0.0,0.0,0.0,0.0,0.0,0.0,0.0,0.0
4,0,0.75225466,0.039978858,0.0,0.20776649,0.0,0.0,0.0,0.0,0.0,0.0,0.0,0.0
4,0,0.75225466,0.039978858,0.0,0.20776649,0.0,0.0,0.0,0.0,0.0,0.0,0.0,0.0
4,0,0.75225466,0.039978858,0.0,0.20776649,0.0,0.0,0.0,0.0,0.0,0.0,0.0,0.0
4,0,0.75225466,0.039978858,0.0,0.20776649,0.0,0.0,0.0,0.0,0.0,0.0,0.0,0.0
4,0,0.75225466,0.039978858,0.0,0.20776649,0.0,0.0,0.0,0.0,0.0,0.0,0.0,0.0
4,0,0.75225466,0.039978858,0.0,0.20776649,0.0,0.0,0.0,0.0,0.0,0.0,0.0,0.0
4,0,0.75225466,0.039978858,0.0,0.20776649,0.0,0.0,0.0,0.0,0.0,0.0,0.0,0.0
4,0,0.75225466,0.039978858,0.0,0.20776649,0.0,0.0,0.0,0.0,0.0,0.0,0.0,0.0
4,0,0.75225466,0.0,0.0,0.24774534,0.0,0.0,0.0,0.0,0.0,0.0,0.0,0.0
4,0,0.75225466,0.0,0.0,0.24774534,0.0,0.0,0.0,0.0,0.0,0.0,0.0,0.0
4,0,0.75225466,0.0,0.0,0.24774534,0.0,0.0,0.0,0.0,0.0,0.0,0.0,0.0
4,0,0.75225466,0.0,0.0,0.24774534,0.0,0.0,0.0,0.0,0.0,0.0,0.0,0.0
4,0,0.75225466,0.0,0.0,0.24774534,0.0,0.0,0.0,0.0,0.0,0.0,0.0,0.0
4,0,0.75225466,0.0,0.0,0.24774534,0.0,0.0,0.0,0.0,0.0,0.0,0.0,0.0
4,0,0.75225466,0.0,0.0,0.24774534,0.0,0.0,0.0,0.0,0.0,0.0,0.0,0.0
4,0,0.75225466,0.0,0.0,0.24774534,0.0,0.0,0.0,0.0,0.0,0.0,0.0,0.0
4,0,0.75225466,0.0,0.0,0.24774534,0.0,0.0,0.0,0.0,0.0,0.0,0.0,0.0
4,0,0.75225466,0.0,0.0,0.24774534,0.0,0.0,0.0,0.0,0.0,0.0,0.0,0.0
4,0,0.75225466,0.0,0.0,0.24774534,0.0,0.0,0.0,0.0,0.0,0.0,0.0,0.0
4,0,0.75225466,0.0,0.0,0.24774534,0.0,0.0,0.0,0.0,0.0,0.0,0.0,0.0
4,0,0.75225466,0.0,0.0,0.24774534,0.0,0.0,0.0,0.0,0.0,0.0,0.0,0.0
4,0,0.75225466,0.0,0.0,0.24774534,0.0,0.0,0.0,0.0,0.0,0.0,0.0,0.0
4,0,0.75225466,0.0,0.0,0.24774534,0.0,0.0,0.0,0.0,0.0,0.0,0.0,0.0
4,0,0.75225466,0.0,0.0,0.24774534,0.0,0.0,0.0,0.0,0.0,0.0,0.0,0.0
4,0,0.75225466,0.0,0.0,0.24774534,0.0,0.0,0.0,0.0,0.0,0.0,0.0,0.0
4,0,0.75225466,0.0,0.0,0.24774534,0.0,0.0,0.0,0.0,0.0,0.0,0.0,0.0
4,0,0.75225466,0.0,0.0,0.24774534,0.0,0.0,0.0,0.0,0.0,0.0,0.0,0.0
4,0,0.75225466,0.0,0.0,0.24774534,0.0,0.0,0.0,0.0,0.0,0.0,0.0,0.0
4,0,0.75225466,0.0,0.0,0.24774534,0.0,0.0,0.0,0.0,0.0,0.0,0.0,0.0
4,0,0.75225466,0.0,0.0,0.24774534,0.0,0.0,0.0,0.0,0.0,0.0,0.0,0.0
4,0,0.75225466,0.0,0.0,0.24774534,0.0,0.0,0.0,0.0,0.0,0.0,0.0,0.0
4,0,0.75225466,0.0,0.0,0.24774534,0.0,0.0,0.0,0.0,0.0,0.0,0.0,0.0
4,0,0.75225466,0.0,0.0,0.24774534,0.0,0.0,0.0,0.0,0.0,0.0,0.0,0.0
4,0,0.75225466,0.0,0.0,0.24774534,0.0,0.0,0.0,0.0,0.0,0.0,0.0,0.0
4,0,0.72813076,0.0,0.0,0.27186924,0.0,0.0,0.0,0.0,0.0,0.0,0.0,0.0
4,0,0.72813076,0.0,0.0,0.27186924,0.0,0.0,0.0,0.0,0.0,0.0,0.0,0.0
4,0,0.72813076,0.0,0.0,0.27186924,0.0,0.0,0.0,0.0,0.0,0.0,0.0,0.0
4,0,0.72813076,0.0,0.0,0.27186924,0.0,0.0,0.0,0.0,0.0,0.0,0.0,0.0
4,0,0.72813076,0.0,0.0,0.27186924,0.0,0.0,0.0,0.0,0.0,0.0,0.0,0.0
4,0,0.72813076,0.0,0.0,0.27186924,0.0,0.0,0.0,0.0,0.0,0.0,0.0,0.0
4,0,0.72813076,0.0,0.0,0.27186924,0.0,0.0,0.0,0.0,0.0,0.0,0.0,0.0
4,0,0.72813076,0.0,0.0,0.27186924,0.0,0.0,0.0,0.0,0.0,0.0,0.0,0.0
4,0,0.72813076,0.0,0.0,0.27186924,0.0,0.0,0.0,0.0,0.0,0.0,0.0,0.0
4,0,0.72813076,0.0,0.0,0.27186924,0.0,0.0,0.0,0.0,0.0,0.0,0.0,0.0
4,0,0.72813076,0.0,0.0,0.27186924,0.0,0.0,0.0,0.0,0.0,0.0,0.0,0.0
4,0,0.72813076,0.0,0.0,0.27186924,0.0,0.0,0.0,0.0,0.0,0.0,0.0,0.0
4,0,0.72813076,0.0,0.0,0.27186924,0.0,0.0,0.0,0.0,0.0,0.0,0.0,0.0
4,0,0.72813076,0.0,0.0,0.27186924,0.0,0.0,0.0,0.0,0.0,0.0,0.0,0.0
4,0,0.72813076,0.0,0.0,0.27186924,0.0,0.0,0.0,0.0,0.0,0.0,0.0,0.0
4,0,0.72813076,0.0,0.0,0.27186924,0.0,0.0,0.0,0.0,0.0,0.0,0.0,0.0
4,0,0.72813076,0.0,0.0,0.27186924,0.0,0.0,0.0,0.0,0.0,0.0,0.0,0.0
4,0,0.72813076,0.0,0.0,0.27186924,0.0,0.0,0.0,0.0,0.0,0.0,0.0,0.0
4,0,0.72813076,0.0,0.0,0.27186924,0.0,0.0,0.0,0.0,0.0,0.0,0.0,0.0
4,0,0.72813076,0.0,0.0,0.27186924,0.0,0.0,0.0,0.0,0.0,0.0,0.0,0.0
4,0,0.72813076,0.0,0.0,0.27186924,0.0,0.0,0.0,0.0,0.0,0.0,0.0,0.0
4,0,0.72813076,0.0,0.0,0.27186924,0.0,0.0,0.0,0.0,0.0,0.0,0.0,0.0
4,0,0.72813076,0.0,0.0,0.27186924,0.0,0.0,0.0,0.0,0.0,0.0,0.0,0.0
4,0,0.72813076,0.0,0.0,0.27186924,0.0,0.0,0.0,0.0,0.0,0.0,0.0,0.0
4,0,0.72813076,0.0,0.0,0.27186924,0.0,0.0,0.0,0.0,0.0,0.0,0.0,0.0
4,0,0.72813076,0.0,0.0,0.27186924,0.0,0.0,0.0,0.0,0.0,0.0,0.0,0.0
4,0,0.72813076,0.0,0.0,0.27186924,0.0,0.0,0.0,0.0,0.0,0.0,0.0,0.0
4,0,0.72813076,0.0,0.0,0.27186924,0.0,0.0,0.0,0.0,0.0,0.0,0.0,0.0
4,0,0.72813076,0.0,0.0,0.27186924,0.0,0.0,0.0,0.0,0.0,0.0,0.0,0.0
4,0,0.72813076,0.0,0.0,0.27186924,0.0,0.0,0.0,0.0,0.0,0.0,0.0,0.0
4,0,0.6802005,0.0,0.0,0.3197995,0.0,0.0,0.0,0.0,0.0,0.0,0.0,0.0
4,0,0.6802005,0.0,0.0,0.3197995,0.0,0.0,0.0,0.0,0.0,0.0,0.0,0.0
4,0,0.6802005,0.0,0.0,0.3197995,0.0,0.0,0.0,0.0,0.0,0.0,0.0,0.0
4,0,0.6802005,0.0,0.0,0.3197995,0.0,0.0,0.0,0.0,0.0,0.0,0.0,0.0
4,0,0.6802005,0.0,0.0,0.3197995,0.0,0.0,0.0,0.0,0.0,0.0,0.0,0.0
4,0,0.6802005,0.0,0.0,0.3197995,0.0,0.0,0.0,0.0,0.0,0.0,0.0,0.0
4,0,0.6802005,0.0,0.0,0.3197995,0.0,0.0,0.0,0.0,0.0,0.0,0.0,0.0
4,0,0.6802005,0.0,0.0,0.3197995,0.0,0.0,0.0,0.0,0.0,0.0,0.0,0.0
4,0,0.6802005,0.0,0.0,0.3197995,0.0,0.0,0.0,0.0,0.0,0.0,0.0,0.0
4,0,0.6802005,0.0,0.0,0.3197995,0.0,0.0,0.0,0.0,0.0,0.0,0.0,0.0
4,0,0.6802005,0.0,0.0,0.3197995,0.0,0.0,0.0,0.0,0.0,0.0,0.0,0.0
4,0,0.6802005,0.0,0.0,0.3197995,0.0,0.0,0.0,0.0,0.0,0.0,0.0,0.0
4,0,0.6802005,0.0,0.0,0.3197995,0.0,0.0,0.0,0.0,0.0,0.0,0.0,0.0
4,0,0.6802005,0.0,0.0,0.3197995,0.0,0.0,0.0,0.0,0.0,0.0,0.0,0.0
4,0,0.6802005,0.0,0.0,0.3197995,0.0,0.0,0.0,0.0,0.0,0.0,0.0,0.0
4,0,0.6802005,0.0,0.0,0.3197995,0.0,0.0,0.0,0.0,0.0,0.0,0.0,0.0
4,0,0.6802005,0.0,0.0,0.3197995,0.0,0.0,0.0,0.0,0.0,0.0,0.0,0.0
4,0,0.6802005,0.0,0.0,0.3197995,0.0,0.0,0.0,0.0,0.0,0.0,0.0,0.0
4,0,0.6802005,0.0,0.0,0.3197995,0.0,0.0,0.0,0.0,0.0,0.0,0.0,0.0
4,0,0.6802005,0.0,0.0,0.3197995,0.0,0.0,0.0,0.0,0.0,0.0,0.0,0.0
4,0,0.6802005,0.0,0.0,0.3197995,0.0,0.0,0.0,0.0,0.0,0.0,0.0,0.0
4,0,0.6802005,0.0,0.0,0.3197995,0.0,0.0,0.0,0.0,0.0,0.0,0.0,0.0
4,0,0.6802005,0.0,0.0,0.3197995,0.0,0.0,0.0,0.0,0.0,0.0,0.0,0.0
4,0,0.6802005,0.0,0.0,0.3197995,0.0,0.0,0.0,0.0,0.0,0.0,0.0,0.0
4,0,0.6802005,0.0,0.0,0.3197995,0.0,0.0,0.0,0.0,0.0,0.0,0.0,0.0
4,0,0.6802005,0.0,0.0,0.3197995,0.0,0.0,0.0,0.0,0.0,0.0,0.0,0.0
4,0,0.6802005,0.0,0.0,0.3197995,0.0,0.0,0.0,0.0,0.0,0.0,0.0,0.0
4,0,0.6802005,0.0,0.0,0.3197995,0.0,0.0,0.0,0.0,0.0,0.0,0.0,0.0
4,0,0.6802005,0.0,0.0,0.3197995,0.0,0.0,0.0,0.0,0.0,0.0,0.0,0.0
4,0,0.6802005,0.0,0.0,0.3197995,0.0,0.0,0.0,0.0,0.0,0.0,0.0,0.0
4,0,0.6802005,0.0,0.0,0.3197995,0.0,0.0,0.0,0.0,0.0,0.0,0.0,0.0
4,0,0.6802005,0.0,0.0,0.3197995,0.0,0.0,0.0,0.0,0.0,0.0,0.0,0.0
4,0,0.6802005,0.0,0.0,0.3197995,0.0,0.0,0.0,0.0,0.0,0.0,0.0,0.0
4,0,0.6802005,0.0,0.0,0.3197995,0.0,0.0,0.0,0.0,0.0,0.0,0.0,0.0
4,0,0.6802005,0.0,0.0,0.3197995,0.0,0.0,0.0,0.0,0.0,0.0,0.0,0.0
4,0,0.6802005,0.0,0.0,0.3197995,0.0,0.0,0.0,0.0,0.0,0.0,0.0,0.0
4,0,0.6802005,0.0,0.0,0.3197995,0.0,0.0,0.0,0.0,0.0,0.0,0.0,0.0
4,0,0.6802005,0.0,0.0,0.3197995,0.0,0.0,0.0,0.0,0.0,0.0,0.0,0.0
4,0,0.6802005,0.0,0.0,0.3197995,0.0,0.0,0.0,0.0,0.0,0.0,0.0,0.0
4,0,0.6802005,0.0,0.0,0.3197995,0.0,0.0,0.0,0.0,0.0,0.0,0.0,0.0
4,0,0.62057626,0.0,0.0,0.37942377,0.0,0.0,0.0,0.0,0.0,0.0,0.0,0.0
4,0,0.62057626,0.0,0.0,0.37942377,0.0,0.0,0.0,0.0,0.0,0.0,0.0,0.0
4,0,0.62057626,0.0,0.0,0.37942377,0.0,0.0,0.0,0.0,0.0,0.0,0.0,0.0
4,0,0.62057626,0.0,0.0,0.37942377,0.0,0.0,0.0,0.0,0.0,0.0,0.0,0.0
4,0,0.62057626,0.0,0.0,0.37942377,0.0,0.0,0.0,0.0,0.0,0.0,0.0,0.0
4,0,0.62057626,0.0,0.0,0.37942377,0.0,0.0,0.0,0.0,0.0,0.0,0.0,0.0
4,0,0.62057626,0.0,0.0,0.37942377,0.0,0.0,0.0,0.0,0.0,0.0,0.0,0.0
4,0,0.62057626,0.0,0.0,0.37942377,0.0,0.0,0.0,0.0,0.0,0.0,0.0,0.0
4,0,0.62057626,0.0,0.0,0.37942377,0.0,0.0,0.0,0.0,0.0,0.0,0.0,0.0
4,0,0.62057626,0.0,0.0,0.37942377,0.0,0.0,0.0,0.0,0.0,0.0,0.0,0.0
4,0,0.62057626,0.0,0.0,0.37942377,0.0,0.0,0.0,0.0,0.0,0.0,0.0,0.0
4,0,0.62057626,0.0,0.0,0.37942377,0.0,0.0,0.0,0.0,0.0,0.0,0.0,0.0
4,0,0.62057626,0.0,0.0,0.37942377,0.0,0.0,0.0,0.0,0.0,0.0,0.0,0.0
4,0,0.62057626,0.0,0.0,0.37942377,0.0,0.0,0.0,0.0,0.0,0.0,0.0,0.0
4,0,0.62057626,0.0,0.0,0.37942377,0.0,0.0,0.0,0.0,0.0,0.0,0.0,0.0
4,0,0.62057626,0.0,0.0,0.37942377,0.0,0.0,0.0,0.0,0.0,0.0,0.0,0.0
4,3,0.4829913,0.0,0.0,0.51700866,0.0,0.0,0.0,0.0,0.0,0.0,0.0,0.0
4,3,0.4829913,0.0,0.0,0.51700866,0.0,0.0,0.0,0.0,0.0,0.0,0.0,0.0
4,3,0.4829913,0.0,0.0,0.51700866,0.0,0.0,0.0,0.0,0.0,0.0,0.0,0.0
4,3,0.4829913,0.0,0.0,0.51700866,0.0,0.0,0.0,0.0,0.0,0.0,0.0,0.0
4,3,0.4829913,0.0,0.0,0.51700866,0.0,0.0,0.0,0.0,0.0,0.0,0.0,0.0
4,3,0.4829913,0.0,0.0,0.51700866,0.0,0.0,0.0,0.0,0.0,0.0,0.0,0.0
4,3,0.4829913,0.0,0.0,0.51700866,0.0,0.0,0.0,0.0,0.0,0.0,0.0,0.0
4,3,0.4829913,0.0,0.0,0.51700866,0.0,0.0,0.0,0.0,0.0,0.0,0.0,0.0
4,3,0.4829913,0.0,0.0,0.51700866,0.0,0.0,0.0,0.0,0.0,0.0,0.0,0.0
4,3,0.4829913,0.0,0.0,0.51700866,0.0,0.0,0.0,0.0,0.0,0.0,0.0,0.0
4,3,0.4829913,0.0,0.0,0.51700866,0.0,0.0,0.0,0.0,0.0,0.0,0.0,0.0
4,3,0.4829913,0.0,0.0,0.51700866,0.0,0.0,0.0,0.0,0.0,0.0,0.0,0.0
4,3,0.4829913,0.0,0.0,0.51700866,0.0,0.0,0.0,0.0,0.0,0.0,0.0,0.0
4,3,0.4829913,0.0,0.0,0.51700866,0.0,0.0,0.0,0.0,0.0,0.0,0.0,0.0
4,3,0.4829913,0.0,0.0,0.51700866,0.0,0.0,0.0,0.0,0.0,0.0,0.0,0.0
4,3,0.4829913,0.0,0.0,0.51700866,0.0,0.0,0.0,0.0,0.0,0.0,0.0,0.0
4,3,0.4829913,0.0,0.0,0.51700866,0.0,0.0,0.0,0.0,0.0,0.0,0.0,0.0
4,3,0.4829913,0.0,0.0,0.51700866,0.0,0.0,0.0,0.0,0.0,0.0,0.0,0.0
4,3,0.4829913,0.0,0.0,0.51700866,0.0,0.0,0.0,0.0,0.0,0.0,0.0,0.0
4,3,0.4829913,0.0,0.0,0.51700866,0.0,0.0,0.0,0.0,0.0,0.0,0.0,0.0
4,3,0.4829913,0.0,0.0,0.51700866,0.0,0.0,0.0,0.0,0.0,0.0,0.0,0.0
4,3,0.4829913,0.0,0.0,0.51700866,0.0,0.0,0.0,0.0,0.0,0.0,0.0,0.0
4,3,0.4829913,0.0,0.0,0.51700866,0.0,0.0,0.0,0.0,0.0,0.0,0.0,0.0
4,3,0.4829913,0.0,0.0,0.51700866,0.0,0.0,0.0,0.0,0.0,0.0,0.0,0.0
4,3,0.4829913,0.0,0.0,0.51700866,0.0,0.0,0.0,0.0,0.0,0.0,0.0,0.0
4,3,0.4829913,0.0,0.0,0.51700866,0.0,0.0,0.0,0.0,0.0,0.0,0.0,0.0
4,3,0.4829913,0.0,0.0,0.51700866,0.0,0.0,0.0,0.0,0.0,0.0,0.0,0.0
4,3,0.4829913,0.0,0.0,0.51700866,0.0,0.0,0.0,0.0,0.0,0.0,0.0,0.0
4,3,0.4829913,0.0,0.0,0.51700866,0.0,0.0,0.0,0.0,0.0,0.0,0.0,0.0
4,3,0.4829913,0.0,0.0,0.51700866,0.0,0.0,0.0,0.0,0.0,0.0,0.0,0.0
4,3,0.4829913,0.0,0.0,0.51700866,0.0,0.0,0.0,0.0,0.0,0.0,0.0,0.0
4,3,0.34143972,0.0,0.0,0.65856034,0.0,0.0,0.0,0.0,0.0,0.0,0.0,0.0
4,3,0.27842373,0.0,0.0,0.72157633,0.0,0.0,0.0,0.0,0.0,0.0,0.0,0.0
4,3,0.27842373,0.0,0.0,0.72157633,0.0,0.0,0.0,0.0,0.0,0.0,0.0,0.0
4,3,0.27842373,0.0,0.0,0.72157633,0.0,0.0,0.0,0.0,0.0,0.0,0.0,0.0
4,3,0.27842373,0.0,0.0,0.72157633,0.0,0.0,0.0,0.0,0.0,0.0,0.0,0.0
4,3,0.27842373,0.0,0.0,0.72157633,0.0,0.0,0.0,0.0,0.0,0.0,0.0,0.0
4,3,0.27842373,0.0,0.0,0.72157633,0.0,0.0,0.0,0.0,0.0,0.0,0.0,0.0
4,3,0.27842373,0.0,0.0,0.72157633,0.0,0.0,0.0,0.0,0.0,0.0,0.0,0.0
4,3,0.27842373,0.0,0.0,0.72157633,0.0,0.0,0.0,0.0,0.0,0.0,0.0,0.0
4,3,0.27842373,0.0,0.0,0.72157633,0.0,0.0,0.0,0.0,0.0,0.0,0.0,0.0
4,3,0.27842373,0.0,0.0,0.72157633,0.0,0.0,0.0,0.0,0.0,0.0,0.0,0.0
4,3,0.27842373,0.0,0.0,0.72157633,0.0,0.0,0.0,0.0,0.0,0.0,0.0,0.0
4,3,0.27842373,0.0,0.0,0.72157633,0.0,0.0,0.0,0.0,0.0,0.0,0.0,0.0
4,3,0.27842373,0.0,0.0,0.72157633,0.0,0.0,0.0,0.0,0.0,0.0,0.0,0.0
4,3,0.27842373,0.0,0.0,0.72157633,0.0,0.0,0.0,0.0,0.0,0.0,0.0,0.0
4,3,0.27842373,0.0,0.0,0.72157633,0.0,0.0,0.0,0.0,0.0,0.0,0.0,0.0
4,3,0.27842373,0.0,0.0,0.72157633,0.0,0.0,0.0,0.0,0.0,0.0,0.0,0.0
4,3,0.27842373,0.0,0.0,0.72157633,0.0,0.0,0.0,0.0,0.0,0.0,0.0,0.0
4,3,0.27842373,0.0,0.0,0.72157633,0.0,0.0,0.0,0.0,0.0,0.0,0.0,0.0
4,3,0.27842373,0.0,0.0,0.72157633,0.0,0.0,0.0,0.0,0.0,0.0,0.0,0.0
4,3,0.27842373,0.0,0.0,0.72157633,0.0,0.0,0.0,0.0,0.0,0.0,0.0,0.0
4,3,0.27842373,0.0,0.0,0.72157633,0.0,0.0,0.0,0.0,0.0,0.0,0.0,0.0
4,3,0.27842373,0.0,0.0,0.72157633,0.0,0.0,0.0,0.0,0.0,0.0,0.0,0.0
4,3,0.27842373,0.0,0.0,0.72157633,0.0,0.0,0.0,0.0,0.0,0.0,0.0,0.0
4,3,0.27842373,0.0,0.0,0.72157633,0.0,0.0,0.0,0.0,0.0,0.0,0.0,0.0
4,3,0.27842373,0.0,0.0,0.72157633,0.0,0.0,0.0,0.0,0.0,0.0,0.0,0.0
4,3,0.27842373,0.0,0.0,0.72157633,0.0,0.0,0.0,0.0,0.0,0.0,0.0,0.0
4,3,0.27842373,0.0,0.0,0.72157633,0.0,0.0,0.0,0.0,0.0,0.0,0.0,0.0
4,3,0.27842373,0.0,0.0,0.72157633,0.0,0.0,0.0,0.0,0.0,0.0,0.0,0.0
4,3,0.27842373,0.0,0.0,0.72157633,0.0,0.0,0.0,0.0,0.0,0.0,0.0,0.0
4,3,0.27842373,0.0,0.0,0.72157633,0.0,0.0,0.0,0.0,0.0,0.0,0.0,0.0
4,3,0.27842373,0.0,0.0,0.72157633,0.0,0.0,0.0,0.0,0.0,0.0,0.0,0.0
4,3,0.27842373,0.0,0.0,0.72157633,0.0,0.0,0.0,0.0,0.0,0.0,0.0,0.0
4,3,0.25092348,0.0,0.0,0.74907655,0.0,0.0,0.0,0.0,0.0,0.0,0.0,0.0
4,3,0.25092348,0.0,0.0,0.74907655,0.0,0.0,0.0,0.0,0.0,0.0,0.0,0.0
4,3,0.25092348,0.0,0.0,0.74907655,0.0,0.0,0.0,0.0,0.0,0.0,0.0,0.0
4,3,0.25092348,0.0,0.0,0.74907655,0.0,0.0,0.0,0.0,0.0,0.0,0.0,0.0
4,3,0.25092348,0.0,0.0,0.74907655,0.0,0.0,0.0,0.0,0.0,0.0,0.0,0.0
4,3,0.25092348,0.0,0.0,0.74907655,0.0,0.0,0.0,0.0,0.0,0.0,0.0,0.0
4,3,0.25092348,0.0,0.0,0.74907655,0.0,0.0,0.0,0.0,0.0,0.0,0.0,0.0
4,3,0.25092348,0.0,0.0,0.74907655,0.0,0.0,0.0,0.0,0.0,0.0,0.0,0.0
4,3,0.25092348,0.0,0.0,0.74907655,0.0,0.0,0.0,0.0,0.0,0.0,0.0,0.0
4,3,0.25092348,0.0,0.0,0.74907655,0.0,0.0,0.0,0.0,0.0,0.0,0.0,0.0
4,3,0.25092348,0.0,0.0,0.74907655,0.0,0.0,0.0,0.0,0.0,0.0,0.0,0.0
4,3,0.25092348,0.0,0.0,0.74907655,0.0,0.0,0.0,0.0,0.0,0.0,0.0,0.0
4,3,0.25092348,0.0,0.0,0.74907655,0.0,0.0,0.0,0.0,0.0,0.0,0.0,0.0
4,3,0.25092348,0.0,0.0,0.74907655,0.0,0.0,0.0,0.0,0.0,0.0,0.0,0.0
4,3,0.25092348,0.0,0.0,0.74907655,0.0,0.0,0.0,0.0,0.0,0.0,0.0,0.0
4,3,0.25092348,0.0,0.0,0.74907655,0.0,0.0,0.0,0.0,0.0,0.0,0.0,0.0
4,3,0.25092348,0.0,0.0,0.74907655,0.0,0.0,0.0,0.0,0.0,0.0,0.0,0.0
4,3,0.25092348,0.0,0.0,0.74907655,0.0,0.0,0.0,0.0,0.0,0.0,0.0,0.0
4,3,0.25092348,0.0,0.0,0.74907655,0.0,0.0,0.0,0.0,0.0,0.0,0.0,0.0
4,3,0.25092348,0.0,0.0,0.74907655,0.0,0.0,0.0,0.0,0.0,0.0,0.0,0.0
4,3,0.25092348,0.0,0.0,0.74907655,0.0,0.0,0.0,0.0,0.0,0.0,0.0,0.0
4,3,0.25092348,0.0,0.0,0.74907655,0.0,0.0,0.0,0.0,0.0,0.0,0.0,0.0
4,3,0.25092348,0.0,0.0,0.74907655,0.0,0.0,0.0,0.0,0.0,0.0,0.0,0.0
4,3,0.25092348,0.0,0.0,0.74907655,0.0,0.0,0.0,0.0,0.0,0.0,0.0,0.0
4,3,0.25092348,0.0,0.0,0.74907655,0.0,0.0,0.0,0.0,0.0,0.0,0.0,0.0
4,3,0.25092348,0.0,0.0,0.74907655,0.0,0.0,0.0,0.0,0.0,0.0,0.0,0.0
4,3,0.25092348,0.0,0.0,0.74907655,0.0,0.0,0.0,0.0,0.0,0.0,0.0,0.0
4,3,0.25092348,0.0,0.0,0.74907655,0.0,0.0,0.0,0.0,0.0,0.0,0.0,0.0
4,3,0.25092348,0.0,0.0,0.74907655,0.0,0.0,0.0,0.0,0.0,0.0,0.0,0.0
4,3,0.25092348,0.0,0.0,0.74907655,0.0,0.0,0.0,0.0,0.0,0.0,0.0,0.0
4,3,0.25092348,0.0,0.0,0.74907655,0.0,0.0,0.0,0.0,0.0,0.0,0.0,0.0
4,3,0.25092348,0.0,0.0,0.74907655,0.0,0.0,0.0,0.0,0.0,0.0,0.0,0.0
4,3,0.25092348,0.0,0.0,0.74907655,0.0,0.0,0.0,0.0,0.0,0.0,0.0,0.0
4,3,0.25092348,0.0,0.0,0.74907655,0.0,0.0,0.0,0.0,0.0,0.0,0.0,0.0
4,3,0.25092348,0.0,0.0,0.74907655,0.0,0.0,0.0,0.0,0.0,0.0,0.0,0.0
4,3,0.25092348,0.0,0.0,0.74907655,0.0,0.0,0.0,0.0,0.0,0.0,0.0,0.0
4,3,0.25092348,0.0,0.0,0.74907655,0.0,0.0,0.0,0.0,0.0,0.0,0.0,0.0
4,3,0.25092348,0.0,0.0,0.74907655,0.0,0.0,0.0,0.0,0.0,0.0,0.0,0.0
4,3,0.25092348,0.0,0.0,0.74907655,0.0,0.0,0.0,0.0,0.0,0.0,0.0,0.0
4,3,0.25092348,0.0,0.0,0.74907655,0.0,0.0,0.0,0.0,0.0,0.0,0.0,0.0
4,3,0.25092348,0.0,0.0,0.74907655,0.0,0.0,0.0,0.0,0.0,0.0,0.0,0.0
4,3,0.25092348,0.0,0.0,0.74907655,0.0,0.0,0.0,0.0,0.0,0.0,0.0,0.0
4,3,0.25092348,0.0,0.0,0.74907655,0.0,0.0,0.0,0.0,0.0,0.0,0.0,0.0
4,3,0.25092348,0.0,0.0,0.74907655,0.0,0.0,0.0,0.0,0.0,0.0,0.0,0.0
4,3,0.25092348,0.0,0.0,0.74907655,0.0,0.0,0.0,0.0,0.0,0.0,0.0,0.0
4,3,0.25092348,0.0,0.0,0.74907655,0.0,0.0,0.0,0.0,0.0,0.0,0.0,0.0
4,3,0.25092348,0.0,0.0,0.74907655,0.0,0.0,0.0,0.0,0.0,0.0,0.0,0.0
4,3,0.25092348,0.0,0.0,0.74907655,0.0,0.0,0.0,0.0,0.0,0.0,0.0,0.0
4,3,0.25092348,0.0,0.0,0.74907655,0.0,0.0,0.0,0.0,0.0,0.0,0.0,0.0
4,3,0.25092348,0.0,0.0,0.74907655,0.0,0.0,0.0,0.0,0.0,0.0,0.0,0.0
4,3,0.25092348,0.0,0.0,0.74907655,0.0,0.0,0.0,0.0,0.0,0.0,0.0,0.0
4,3,0.25092348,0.0,0.0,0.74907655,0.0,0.0,0.0,0.0,0.0,0.0,0.0,0.0
4,3,0.25092348,0.0,0.0,0.74907655,0.0,0.0,0.0,0.0,0.0,0.0,0.0,0.0
4,3,0.25092348,0.0,0.0,0.74907655,0.0,0.0,0.0,0.0,0.0,0.0,0.0,0.0
4,3,0.25092348,0.0,0.0,0.74907655,0.0,0.0,0.0,0.0,0.0,0.0,0.0,0.0
4,3,0.25092348,0.0,0.0,0.74907655,0.0,0.0,0.0,0.0,0.0,0.0,0.0,0.0
4,3,0.25092348,0.0,0.0,0.74907655,0.0,0.0,0.0,0.0,0.0,0.0,0.0,0.0
4,3,0.25092348,0.0,0.0,0.74907655,0.0,0.0,0.0,0.0,0.0,0.0,0.0,0.0
4,3,0.25092348,0.0,0.0,0.74907655,0.0,0.0,0.0,0.0,0.0,0.0,0.0,0.0
4,3,0.25092348,0.0,0.0,0.74907655,0.0,0.0,0.0,0.0,0.0,0.0,0.0,0.0
4,3,0.25092348,0.0,0.0,0.74907655,0.0,0.0,0.0,0.0,0.0,0.0,0.0,0.0
4,3,0.25092348,0.0,0.0,0.74907655,0.0,0.0,0.0,0.0,0.0,0.0,0.0,0.0
4,3,0.25092348,0.0,0.0,0.74907655,0.0,0.0,0.0,0.0,0.0,0.0,0.0,0.0
4,3,0.25092348,0.0,0.0,0.74907655,0.0,0.0,0.0,0.0,0.0,0.0,0.0,0.0
4,3,0.25092348,0.0,0.0,0.74907655,0.0,0.0,0.0,0.0,0.0,0.0,0.0,0.0
4,3,0.25092348,0.0,0.0,0.74907655,0.0,0.0,0.0,0.0,0.0,0.0,0.0,0.0
4,3,0.25092348,0.0,0.0,0.74907655,0.0,0.0,0.0,0.0,0.0,0.0,0.0,0.0
4,3,0.25092348,0.0,0.0,0.74907655,0.0,0.0,0.0,0.0,0.0,0.0,0.0,0.0
4,3,0.25092348,0.0,0.0,0.74907655,0.0,0.0,0.0,0.0,0.0,0.0,0.0,0.0
4,3,0.25092348,0.0,0.0,0.74907655,0.0,0.0,0.0,0.0,0.0,0.0,0.0,0.0
4,3,0.25092348,0.0,0.0,0.74907655,0.0,0.0,0.0,0.0,0.0,0.0,0.0,0.0
4,3,0.25092348,0.0,0.0,0.74907655,0.0,0.0,0.0,0.0,0.0,0.0,0.0,0.0
4,3,0.25092348,0.0,0.0,0.74907655,0.0,0.0,0.0,0.0,0.0,0.0,0.0,0.0
4,3,0.25092348,0.0,0.0,0.74907655,0.0,0.0,0.0,0.0,0.0,0.0,0.0,0.0
4,3,0.25092348,0.0,0.0,0.74907655,0.0,0.0,0.0,0.0,0.0,0.0,0.0,0.0
4,3,0.25092348,0.0,0.0,0.74907655,0.0,0.0,0.0,0.0,0.0,0.0,0.0,0.0
4,3,0.25092348,0.0,0.0,0.74907655,0.0,0.0,0.0,0.0,0.0,0.0,0.0,0.0
4,3,0.25092348,0.0,0.0,0.74907655,0.0,0.0,0.0,0.0,0.0,0.0,0.0,0.0
4,3,0.25092348,0.0,0.0,0.74907655,0.0,0.0,0.0,0.0,0.0,0.0,0.0,0.0
4,3,0.25092348,0.0,0.0,0.74907655,0.0,0.0,0.0,0.0,0.0,0.0,0.0,0.0
4,3,0.25092348,0.0,0.0,0.74907655,0.0,0.0,0.0,0.0,0.0,0.0,0.0,0.0
4,3,0.25092348,0.0,0.0,0.74907655,0.0,0.0,0.0,0.0,0.0,0.0,0.0,0.0
4,3,0.25092348,0.0,0.0,0.74907655,0.0,0.0,0.0,0.0,0.0,0.0,0.0,0.0
4,3,0.25092348,0.0,0.0,0.74907655,0.0,0.0,0.0,0.0,0.0,0.0,0.0,0.0
4,3,0.25092348,0.0,0.0,0.74907655,0.0,0.0,0.0,0.0,0.0,0.0,0.0,0.0
4,3,0.25092348,0.0,0.0,0.74907655,0.0,0.0,0.0,0.0,0.0,0.0,0.0,0.0
4,3,0.25092348,0.0,0.0,0.74907655,0.0,0.0,0.0,0.0,0.0,0.0,0.0,0.0
4,3,0.25092348,0.0,0.0,0.74907655,0.0,0.0,0.0,0.0,0.0,0.0,0.0,0.0
4,3,0.23725143,0.0,0.0,0.7627486,0.0,0.0,0.0,0.0,0.0,0.0,0.0,0.0
4,3,0.23725143,0.0,0.0,0.7627486,0.0,0.0,0.0,0.0,0.0,0.0,0.0,0.0
4,3,0.23725143,0.0,0.0,0.7627486,0.0,0.0,0.0,0.0,0.0,0.0,0.0,0.0
4,3,0.23725143,0.0,0.0,0.7627486,0.0,0.0,0.0,0.0,0.0,0.0,0.0,0.0
4,3,0.23725143,0.0,0.0,0.7627486,0.0,0.0,0.0,0.0,0.0,0.0,0.0,0.0
4,3,0.23725143,0.0,0.0,0.7627486,0.0,0.0,0.0,0.0,0.0,0.0,0.0,0.0
4,3,0.23725143,0.0,0.0,0.7627486,0.0,0.0,0.0,0.0,0.0,0.0,0.0,0.0
4,3,0.23725143,0.0,0.0,0.7627486,0.0,0.0,0.0,0.0,0.0,0.0,0.0,0.0
4,3,0.23725143,0.0,0.0,0.7627486,0.0,0.0,0.0,0.0,0.0,0.0,0.0,0.0
4,3,0.23725143,0.0,0.0,0.7627486,0.0,0.0,0.0,0.0,0.0,0.0,0.0,0.0
4,3,0.23725143,0.0,0.0,0.7627486,0.0,0.0,0.0,0.0,0.0,0.0,0.0,0.0
4,3,0.23725143,0.0,0.0,0.7627486,0.0,0.0,0.0,0.0,0.0,0.0,0.0,0.0
4,3,0.23725143,0.0,0.0,0.7627486,0.0,0.0,0.0,0.0,0.0,0.0,0.0,0.0
4,3,0.23725143,0.0,0.0,0.7627486,0.0,0.0,0.0,0.0,0.0,0.0,0.0,0.0
4,3,0.23725143,0.0,0.0,0.7627486,0.0,0.0,0.0,0.0,0.0,0.0,0.0,0.0
4,3,0.23725143,0.0,0.0,0.7627486,0.0,0.0,0.0,0.0,0.0,0.0,0.0,0.0
4,3,0.23725143,0.0,0.0,0.7627486,0.0,0.0,0.0,0.0,0.0,0.0,0.0,0.0
4,3,0.23725143,0.0,0.0,0.7627486,0.0,0.0,0.0,0.0,0.0,0.0,0.0,0.0
4,3,0.23725143,0.0,0.0,0.7627486,0.0,0.0,0.0,0.0,0.0,0.0,0.0,0.0
4,3,0.23725143,0.0,0.0,0.7627486,0.0,0.0,0.0,0.0,0.0,0.0,0.0,0.0
4,3,0.23725143,0.0,0.0,0.7627486,0.0,0.0,0.0,0.0,0.0,0.0,0.0,0.0
4,3,0.23725143,0.0,0.0,0.7627486,0.0,0.0,0.0,0.0,0.0,0.0,0.0,0.0
4,3,0.23725143,0.0,0.0,0.7627486,0.0,0.0,0.0,0.0,0.0,0.0,0.0,0.0
4,3,0.23725143,0.0,0.0,0.7627486,0.0,0.0,0.0,0.0,0.0,0.0,0.0,0.0
4,3,0.23725143,0.0,0.0,0.7627486,0.0,0.0,0.0,0.0,0.0,0.0,0.0,0.0
4,3,0.23725143,0.0,0.0,0.7627486,0.0,0.0,0.0,0.0,0.0,0.0,0.0,0.0
4,3,0.23725143,0.0,0.0,0.7627486,0.0,0.0,0.0,0.0,0.0,0.0,0.0,0.0
4,3,0.23725143,0.0,0.0,0.7627486,0.0,0.0,0.0,0.0,0.0,0.0,0.0,0.0
4,3,0.23725143,0.0,0.0,0.7627486,0.0,0.0,0.0,0.0,0.0,0.0,0.0,0.0
4,3,0.23725143,0.0,0.0,0.7627486,0.0,0.0,0.0,0.0,0.0,0.0,0.0,0.0
4,3,0.23725143,0.0,0.0,0.7627486,0.0,0.0,0.0,0.0,0.0,0.0,0.0,0.0
4,3,0.23725143,0.0,0.0,0.7627486,0.0,0.0,0.0,0.0,0.0,0.0,0.0,0.0
4,3,0.23725143,0.0,0.0,0.7627486,0.0,0.0,0.0,0.0,0.0,0.0,0.0,0.0
4,3,0.23725143,0.0,0.0,0.7627486,0.0,0.0,0.0,0.0,0.0,0.0,0.0,0.0
4,3,0.23725143,0.0,0.0,0.7627486,0.0,0.0,0.0,0.0,0.0,0.0,0.0,0.0
4,3,0.23725143,0.0,0.0,0.7627486,0.0,0.0,0.0,0.0,0.0,0.0,0.0,0.0
4,3,0.23725143,0.0,0.0,0.7627486,0.0,0.0,0.0,0.0,0.0,0.0,0.0,0.0
4,3,0.23725143,0.0,0.0,0.7627486,0.0,0.0,0.0,0.0,0.0,0.0,0.0,0.0
4,3,0.23725143,0.0,0.0,0.7627486,0.0,0.0,0.0,0.0,0.0,0.0,0.0,0.0
4,3,0.23725143,0.0,0.0,0.7627486,0.0,0.0,0.0,0.0,0.0,0.0,0.0,0.0
4,3,0.23725143,0.0,0.0,0.7627486,0.0,0.0,0.0,0.0,0.0,0.0,0.0,0.0
4,3,0.23725143,0.0,0.0,0.7627486,0.0,0.0,0.0,0.0,0.0,0.0,0.0,0.0
4,3,0.23725143,0.0,0.0,0.7627486,0.0,0.0,0.0,0.0,0.0,0.0,0.0,0.0
4,3,0.23725143,0.0,0.0,0.7627486,0.0,0.0,0.0,0.0,0.0,0.0,0.0,0.0
4,3,0.23725143,0.0,0.0,0.7627486,0.0,0.0,0.0,0.0,0.0,0.0,0.0,0.0
4,3,0.23725143,0.0,0.0,0.7627486,0.0,0.0,0.0,0.0,0.0,0.0,0.0,0.0
4,3,0.23725143,0.0,0.0,0.7627486,0.0,0.0,0.0,0.0,0.0,0.0,0.0,0.0
4,3,0.23725143,0.0,0.0,0.7627486,0.0,0.0,0.0,0.0,0.0,0.0,0.0,0.0
4,3,0.23725143,0.0,0.0,0.7627486,0.0,0.0,0.0,0.0,0.0,0.0,0.0,0.0
4,3,0.23725143,0.0,0.0,0.7627486,0.0,0.0,0.0,0.0,0.0,0.0,0.0,0.0
4,3,0.23725143,0.0,0.0,0.7627486,0.0,0.0,0.0,0.0,0.0,0.0,0.0,0.0
4,3,0.23725143,0.0,0.0,0.7627486,0.0,0.0,0.0,0.0,0.0,0.0,0.0,0.0
4,3,0.23725143,0.0,0.0,0.7627486,0.0,0.0,0.0,0.0,0.0,0.0,0.0,0.0
4,3,0.23725143,0.0,0.0,0.7627486,0.0,0.0,0.0,0.0,0.0,0.0,0.0,0.0
4,3,0.23725143,0.0,0.0,0.7627486,0.0,0.0,0.0,0.0,0.0,0.0,0.0,0.0
4,3,0.23725143,0.0,0.0,0.7627486,0.0,0.0,0.0,0.0,0.0,0.0,0.0,0.0
4,3,0.23725143,0.0,0.0,0.7627486,0.0,0.0,0.0,0.0,0.0,0.0,0.0,0.0
4,3,0.23725143,0.0,0.0,0.7627486,0.0,0.0,0.0,0.0,0.0,0.0,0.0,0.0
4,3,0.23725143,0.0,0.0,0.7627486,0.0,0.0,0.0,0.0,0.0,0.0,0.0,0.0
4,3,0.23725143,0.0,0.0,0.7627486,0.0,0.0,0.0,0.0,0.0,0.0,0.0,0.0
4,3,0.23725143,0.0,0.0,0.7627486,0.0,0.0,0.0,0.0,0.0,0.0,0.0,0.0
4,3,0.23725143,0.0,0.0,0.7627486,0.0,0.0,0.0,0.0,0.0,0.0,0.0,0.0
4,3,0.23725143,0.0,0.0,0.7627486,0.0,0.0,0.0,0.0,0.0,0.0,0.0,0.0
4,3,0.23725143,0.0,0.0,0.7627486,0.0,0.0,0.0,0.0,0.0,0.0,0.0,0.0
4,3,0.23725143,0.0,0.0,0.7627486,0.0,0.0,0.0,0.0,0.0,0.0,0.0,0.0
4,3,0.23725143,0.0,0.0,0.7627486,0.0,0.0,0.0,0.0,0.0,0.0,0.0,0.0
4,3,0.23725143,0.0,0.0,0.7627486,0.0,0.0,0.0,0.0,0.0,0.0,0.0,0.0
4,3,0.23725143,0.0,0.0,0.7627486,0.0,0.0,0.0,0.0,0.0,0.0,0.0,0.0
4,3,0.23725143,0.0,0.0,0.7627486,0.0,0.0,0.0,0.0,0.0,0.0,0.0,0.0
4,3,0.23725143,0.0,0.0,0.7627486,0.0,0.0,0.0,0.0,0.0,0.0,0.0,0.0
4,3,0.23725143,0.0,0.0,0.7627486,0.0,0.0,0.0,0.0,0.0,0.0,0.0,0.0
4,3,0.23725143,0.0,0.0,0.7627486,0.0,0.0,0.0,0.0,0.0,0.0,0.0,0.0
4,3,0.23725143,0.0,0.0,0.7627486,0.0,0.0,0.0,0.0,0.0,0.0,0.0,0.0
4,3,0.23725143,0.0,0.0,0.7627486,0.0,0.0,0.0,0.0,0.0,0.0,0.0,0.0
4,3,0.23725143,0.0,0.0,0.7627486,0.0,0.0,0.0,0.0,0.0,0.0,0.0,0.0
4,3,0.23725143,0.0,0.0,0.7627486,0.0,0.0,0.0,0.0,0.0,0.0,0.0,0.0
4,3,0.23725143,0.0,0.0,0.7627486,0.0,0.0,0.0,0.0,0.0,0.0,0.0,0.0
4,3,0.23725143,0.0,0.0,0.7627486,0.0,0.0,0.0,0.0,0.0,0.0,0.0,0.0
4,3,0.23725143,0.0,0.0,0.7627486,0.0,0.0,0.0,0.0,0.0,0.0,0.0,0.0
4,3,0.23725143,0.0,0.0,0.7627486,0.0,0.0,0.0,0.0,0.0,0.0,0.0,0.0
4,3,0.23725143,0.0,0.0,0.7627486,0.0,0.0,0.0,0.0,0.0,0.0,0.0,0.0
4,3,0.23725143,0.0,0.0,0.7627486,0.0,0.0,0.0,0.0,0.0,0.0,0.0,0.0
4,3,0.23725143,0.0,0.0,0.7627486,0.0,0.0,0.0,0.0,0.0,0.0,0.0,0.0
4,3,0.23725143,0.0,0.0,0.7627486,0.0,0.0,0.0,0.0,0.0,0.0,0.0,0.0
4,3,0.23725143,0.0,0.0,0.7627486,0.0,0.0,0.0,0.0,0.0,0.0,0.0,0.0
4,3,0.23725143,0.0,0.0,0.7627486,0.0,0.0,0.0,0.0,0.0,0.0,0.0,0.0
4,3,0.23725143,0.0,0.0,0.7627486,0.0,0.0,0.0,0.0,0.0,0.0,0.0,0.0
4,3,0.23725143,0.0,0.0,0.7627486,0.0,0.0,0.0,0.0,0.0,0.0,0.0,0.0
4,3,0.23725143,0.0,0.0,0.7627486,0.0,0.0,0.0,0.0,0.0,0.0,0.0,0.0
4,3,0.23725143,0.0,0.0,0.7627486,0.0,0.0,0.0,0.0,0.0,0.0,0.0,0.0
4,3,0.23725143,0.0,0.0,0.7627486,0.0,0.0,0.0,0.0,0.0,0.0,0.0,0.0
4,3,0.23725143,0.0,0.0,0.7627486,0.0,0.0,0.0,0.0,0.0,0.0,0.0,0.0
4,3,0.23725143,0.0,0.0,0.7627486,0.0,0.0,0.0,0.0,0.0,0.0,0.0,0.0
4,3,0.23725143,0.0,0.0,0.7627486,0.0,0.0,0.0,0.0,0.0,0.0,0.0,0.0
4,3,0.23725143,0.0,0.0,0.7627486,0.0,0.0,0.0,0.0,0.0,0.0,0.0,0.0
4,3,0.23725143,0.0,0.0,0.7627486,0.0,0.0,0.0,0.0,0.0,0.0,0.0,0.0
4,3,0.23725143,0.0,0.0,0.7627486,0.0,0.0,0.0,0.0,0.0,0.0,0.0,0.0
4,3,0.23725143,0.0,0.0,0.7627486,0.0,0.0,0.0,0.0,0.0,0.0,0.0,0.0
4,3,0.23725143,0.0,0.0,0.7627486,0.0,0.0,0.0,0.0,0.0,0.0,0.0,0.0
4,3,0.23725143,0.0,0.0,0.7627486,0.0,0.0,0.0,0.0,0.0,0.0,0.0,0.0
4,3,0.23725143,0.0,0.0,0.7627486,0.0,0.0,0.0,0.0,0.0,0.0,0.0,0.0
4,3,0.23725143,0.0,0.0,0.7627486,0.0,0.0,0.0,0.0,0.0,0.0,0.0,0.0
4,3,0.23725143,0.0,0.0,0.7627486,0.0,0.0,0.0,0.0,0.0,0.0,0.0,0.0
4,3,0.23725143,0.0,0.0,0.7627486,0.0,0.0,0.0,0.0,0.0,0.0,0.0,0.0
4,3,0.23725143,0.0,0.0,0.7627486,0.0,0.0,0.0,0.0,0.0,0.0,0.0,0.0
4,3,0.23725143,0.0,0.0,0.7627486,0.0,0.0,0.0,0.0,0.0,0.0,0.0,0.0
4,3,0.23725143,0.0,0.0,0.7627486,0.0,0.0,0.0,0.0,0.0,0.0,0.0,0.0
4,3,0.23725143,0.0,0.0,0.7627486,0.0,0.0,0.0,0.0,0.0,0.0,0.0,0.0
4,3,0.23725143,0.0,0.0,0.7627486,0.0,0.0,0.0,0.0,0.0,0.0,0.0,0.0
4,3,0.23725143,0.0,0.0,0.7627486,0.0,0.0,0.0,0.0,0.0,0.0,0.0,0.0
4,3,0.23725143,0.0,0.0,0.7627486,0.0,0.0,0.0,0.0,0.0,0.0,0.0,0.0
4,3,0.23725143,0.0,0.0,0.7627486,0.0,0.0,0.0,0.0,0.0,0.0,0.0,0.0
4,3,0.23725143,0.0,0.0,0.7627486,0.0,0.0,0.0,0.0,0.0,0.0,0.0,0.0
4,3,0.23725143,0.0,0.0,0.7627486,0.0,0.0,0.0,0.0,0.0,0.0,0.0,0.0
4,3,0.23725143,0.0,0.0,0.7627486,0.0,0.0,0.0,0.0,0.0,0.0,0.0,0.0
4,3,0.23725143,0.0,0.0,0.7627486,0.0,0.0,0.0,0.0,0.0,0.0,0.0,0.0
4,3,0.23725143,0.0,0.0,0.7627486,0.0,0.0,0.0,0.0,0.0,0.0,0.0,0.0
4,3,0.23725143,0.0,0.0,0.7627486,0.0,0.0,0.0,0.0,0.0,0.0,0.0,0.0
4,3,0.23725143,0.0,0.0,0.7627486,0.0,0.0,0.0,0.0,0.0,0.0,0.0,0.0
4,3,0.23725143,0.0,0.0,0.7627486,0.0,0.0,0.0,0.0,0.0,0.0,0.0,0.0
4,3,0.23725143,0.0,0.0,0.7627486,0.0,0.0,0.0,0.0,0.0,0.0,0.0,0.0
4,3,0.23725143,0.0,0.0,0.7627486,0.0,0.0,0.0,0.0,0.0,0.0,0.0,0.0
4,3,0.23725143,0.0,0.0,0.7627486,0.0,0.0,0.0,0.0,0.0,0.0,0.0,0.0
4,3,0.23725143,0.0,0.0,0.7627486,0.0,0.0,0.0,0.0,0.0,0.0,0.0,0.0
4,3,0.23725143,0.0,0.0,0.7627486,0.0,0.0,0.0,0.0,0.0,0.0,0.0,0.0
4,3,0.23725143,0.0,0.0,0.7627486,0.0,0.0,0.0,0.0,0.0,0.0,0.0,0.0
4,3,0.23725143,0.0,0.0,0.7627486,0.0,0.0,0.0,0.0,0.0,0.0,0.0,0.0
4,3,0.23725143,0.0,0.0,0.7627486,0.0,0.0,0.0,0.0,0.0,0.0,0.0,0.0
4,3,0.23725143,0.0,0.0,0.7627486,0.0,0.0,0.0,0.0,0.0,0.0,0.0,0.0
4,3,0.23725143,0.0,0.0,0.7627486,0.0,0.0,0.0,0.0,0.0,0.0,0.0,0.0
4,3,0.23725143,0.0,0.0,0.7627486,0.0,0.0,0.0,0.0,0.0,0.0,0.0,0.0
4,3,0.23725143,0.0,0.0,0.7627486,0.0,0.0,0.0,0.0,0.0,0.0,0.0,0.0
4,3,0.23725143,0.0,0.0,0.7627486,0.0,0.0,0.0,0.0,0.0,0.0,0.0,0.0
4,3,0.23725143,0.0,0.0,0.7627486,0.0,0.0,0.0,0.0,0.0,0.0,0.0,0.0
4,3,0.23725143,0.0,0.0,0.7627486,0.0,0.0,0.0,0.0,0.0,0.0,0.0,0.0
4,3,0.23725143,0.0,0.0,0.7627486,0.0,0.0,0.0,0.0,0.0,0.0,0.0,0.0
4,3,0.23725143,0.0,0.0,0.7627486,0.0,0.0,0.0,0.0,0.0,0.0,0.0,0.0
4,3,0.23725143,0.0,0.0,0.7627486,0.0,0.0,0.0,0.0,0.0,0.0,0.0,0.0
4,3,0.23725143,0.0,0.0,0.7627486,0.0,0.0,0.0,0.0,0.0,0.0,0.0,0.0
4,3,0.23725143,0.0,0.0,0.7627486,0.0,0.0,0.0,0.0,0.0,0.0,0.0,0.0
4,3,0.23725143,0.0,0.0,0.7627486,0.0,0.0,0.0,0.0,0.0,0.0,0.0,0.0
4,3,0.23725143,0.0,0.0,0.7627486,0.0,0.0,0.0,0.0,0.0,0.0,0.0,0.0
4,3,0.23725143,0.0,0.0,0.7627486,0.0,0.0,0.0,0.0,0.0,0.0,0.0,0.0
4,3,0.23725143,0.0,0.0,0.7627486,0.0,0.0,0.0,0.0,0.0,0.0,0.0,0.0
4,3,0.23725143,0.0,0.0,0.7627486,0.0,0.0,0.0,0.0,0.0,0.0,0.0,0.0
4,3,0.23725143,0.0,0.0,0.7627486,0.0,0.0,0.0,0.0,0.0,0.0,0.0,0.0
4,3,0.23725143,0.0,0.0,0.7627486,0.0,0.0,0.0,0.0,0.0,0.0,0.0,0.0
4,3,0.23725143,0.0,0.0,0.7627486,0.0,0.0,0.0,0.0,0.0,0.0,0.0,0.0
4,3,0.23725143,0.0,0.0,0.7627486,0.0,0.0,0.0,0.0,0.0,0.0,0.0,0.0
4,3,0.378803,0.0,0.0,0.621197,0.0,0.0,0.0,0.0,0.0,0.0,0.0,0.0
4,3,0.378803,0.0,0.0,0.621197,0.0,0.0,0.0,0.0,0.0,0.0,0.0,0.0
4,3,0.378803,0.0,0.0,0.621197,0.0,0.0,0.0,0.0,0.0,0.0,0.0,0.0
4,3,0.378803,0.0,0.0,0.621197,0.0,0.0,0.0,0.0,0.0,0.0,0.0,0.0
4,3,0.378803,0.0,0.0,0.621197,0.0,0.0,0.0,0.0,0.0,0.0,0.0,0.0
4,3,0.378803,0.0,0.0,0.621197,0.0,0.0,0.0,0.0,0.0,0.0,0.0,0.0
4,3,0.378803,0.0,0.0,0.621197,0.0,0.0,0.0,0.0,0.0,0.0,0.0,0.0
4,3,0.378803,0.0,0.0,0.621197,0.0,0.0,0.0,0.0,0.0,0.0,0.0,0.0
4,3,0.378803,0.0,0.0,0.621197,0.0,0.0,0.0,0.0,0.0,0.0,0.0,0.0
4,3,0.378803,0.0,0.0,0.621197,0.0,0.0,0.0,0.0,0.0,0.0,0.0,0.0
4,3,0.378803,0.0,0.0,0.621197,0.0,0.0,0.0,0.0,0.0,0.0,0.0,0.0
4,3,0.378803,0.0,0.0,0.621197,0.0,0.0,0.0,0.0,0.0,0.0,0.0,0.0
4,3,0.378803,0.0,0.0,0.621197,0.0,0.0,0.0,0.0,0.0,0.0,0.0,0.0
4,3,0.378803,0.0,0.0,0.621197,0.0,0.0,0.0,0.0,0.0,0.0,0.0,0.0
4,3,0.378803,0.0,0.0,0.621197,0.0,0.0,0.0,0.0,0.0,0.0,0.0,0.0
4,3,0.378803,0.0,0.0,0.621197,0.0,0.0,0.0,0.0,0.0,0.0,0.0,0.0
4,3,0.378803,0.0,0.0,0.621197,0.0,0.0,0.0,0.0,0.0,0.0,0.0,0.0
4,3,0.378803,0.0,0.0,0.621197,0.0,0.0,0.0,0.0,0.0,0.0,0.0,0.0
4,3,0.378803,0.0,0.0,0.621197,0.0,0.0,0.0,0.0,0.0,0.0,0.0,0.0
4,3,0.46931928,0.0,0.0,0.5306808,0.0,0.0,0.0,0.0,0.0,0.0,0.0,0.0
4,3,0.46931928,0.0,0.0,0.5306808,0.0,0.0,0.0,0.0,0.0,0.0,0.0,0.0
4,3,0.46931928,0.0,0.0,0.5306808,0.0,0.0,0.0,0.0,0.0,0.0,0.0,0.0
4,3,0.46931928,0.0,0.0,0.5306808,0.0,0.0,0.0,0.0,0.0,0.0,0.0,0.0
4,3,0.46931928,0.0,0.0,0.5306808,0.0,0.0,0.0,0.0,0.0,0.0,0.0,0.0
4,3,0.46931928,0.0,0.0,0.5306808,0.0,0.0,0.0,0.0,0.0,0.0,0.0,0.0
4,3,0.46931928,0.0,0.0,0.5306808,0.0,0.0,0.0,0.0,0.0,0.0,0.0,0.0
4,3,0.46931928,0.0,0.0,0.5306808,0.0,0.0,0.0,0.0,0.0,0.0,0.0,0.0
4,3,0.46931928,0.0,0.0,0.5306808,0.0,0.0,0.0,0.0,0.0,0.0,0.0,0.0
4,3,0.46931928,0.0,0.0,0.5306808,0.0,0.0,0.0,0.0,0.0,0.0,0.0,0.0
4,3,0.46931928,0.0,0.0,0.5306808,0.0,0.0,0.0,0.0,0.0,0.0,0.0,0.0
4,3,0.46931928,0.0,0.0,0.5306808,0.0,0.0,0.0,0.0,0.0,0.0,0.0,0.0
4,3,0.46931928,0.0,0.0,0.5306808,0.0,0.0,0.0,0.0,0.0,0.0,0.0,0.0
4,3,0.46931928,0.0,0.0,0.5306808,0.0,0.0,0.0,0.0,0.0,0.0,0.0,0.0
4,3,0.46931928,0.0,0.0,0.5306808,0.0,0.0,0.0,0.0,0.0,0.0,0.0,0.0
4,0,0.52166563,0.0,0.0,0.4783343,0.0,0.0,0.0,0.0,0.0,0.0,0.0,0.0
4,0,0.56610364,0.0,0.0,0.43389633,0.0,0.0,0.0,0.0,0.0,0.0,0.0,0.0
4,0,0.56610364,0.0,0.0,0.43389633,0.0,0.0,0.0,0.0,0.0,0.0,0.0,0.0
4,0,0.56610364,0.0,0.0,0.43389633,0.0,0.0,0.0,0.0,0.0,0.0,0.0,0.0
4,0,0.56610364,0.0,0.0,0.43389633,0.0,0.0,0.0,0.0,0.0,0.0,0.0,0.0
4,0,0.56610364,0.0,0.0,0.43389633,0.0,0.0,0.0,0.0,0.0,0.0,0.0,0.0
4,0,0.56610364,0.0,0.0,0.43389633,0.0,0.0,0.0,0.0,0.0,0.0,0.0,0.0
4,0,0.56610364,0.0,0.0,0.43389633,0.0,0.0,0.0,0.0,0.0,0.0,0.0,0.0
4,0,0.56610364,0.0,0.0,0.43389633,0.0,0.0,0.0,0.0,0.0,0.0,0.0,0.0
4,0,0.56610364,0.0,0.0,0.43389633,0.0,0.0,0.0,0.0,0.0,0.0,0.0,0.0
4,0,0.56610364,0.0,0.0,0.43389633,0.0,0.0,0.0,0.0,0.0,0.0,0.0,0.0
4,0,0.56610364,0.0,0.0,0.43389633,0.0,0.0,0.0,0.0,0.0,0.0,0.0,0.0
4,0,0.56610364,0.0,0.0,0.43389633,0.0,0.0,0.0,0.0,0.0,0.0,0.0,0.0
4,0,0.56610364,0.0,0.0,0.43389633,0.0,0.0,0.0,0.0,0.0,0.0,0.0,0.0
4,0,0.56610364,0.0,0.0,0.43389633,0.0,0.0,0.0,0.0,0.0,0.0,0.0,0.0
4,0,0.56610364,0.0,0.0,0.43389633,0.0,0.0,0.0,0.0,0.0,0.0,0.0,0.0
4,0,0.56610364,0.0,0.0,0.43389633,0.0,0.0,0.0,0.0,0.0,0.0,0.0,0.0
4,0,0.56610364,0.0,0.0,0.43389633,0.0,0.0,0.0,0.0,0.0,0.0,0.0,0.0
4,0,0.56610364,0.0,0.0,0.43389633,0.0,0.0,0.0,0.0,0.0,0.0,0.0,0.0
4,0,0.56610364,0.0,0.0,0.43389633,0.0,0.0,0.0,0.0,0.0,0.0,0.0,0.0
4,0,0.56610364,0.0,0.0,0.43389633,0.0,0.0,0.0,0.0,0.0,0.0,0.0,0.0
4,0,0.56610364,0.0,0.0,0.43389633,0.0,0.0,0.0,0.0,0.0,0.0,0.0,0.0
4,0,0.56610364,0.0,0.0,0.43389633,0.0,0.0,0.0,0.0,0.0,0.0,0.0,0.0
4,0,0.56610364,0.0,0.0,0.43389633,0.0,0.0,0.0,0.0,0.0,0.0,0.0,0.0
4,0,0.56610364,0.0,0.0,0.43389633,0.0,0.0,0.0,0.0,0.0,0.0,0.0,0.0
4,0,0.56610364,0.0,0.0,0.43389633,0.0,0.0,0.0,0.0,0.0,0.0,0.0,0.0
4,0,0.56610364,0.0,0.0,0.43389633,0.0,0.0,0.0,0.0,0.0,0.0,0.0,0.0
4,0,0.56610364,0.0,0.0,0.43389633,0.0,0.0,0.0,0.0,0.0,0.0,0.0,0.0
4,0,0.56610364,0.0,0.0,0.43389633,0.0,0.0,0.0,0.0,0.0,0.0,0.0,0.0
4,0,0.56610364,0.0,0.0,0.43389633,0.0,0.0,0.0,0.0,0.0,0.0,0.0,0.0
4,0,0.56610364,0.0,0.0,0.43389633,0.0,0.0,0.0,0.0,0.0,0.0,0.0,0.0
4,0,0.56610364,0.0,0.0,0.43389633,0.0,0.0,0.0,0.0,0.0,0.0,0.0,0.0
4,0,0.56610364,0.0,0.0,0.43389633,0.0,0.0,0.0,0.0,0.0,0.0,0.0,0.0
4,0,0.56610364,0.0,0.0,0.43389633,0.0,0.0,0.0,0.0,0.0,0.0,0.0,0.0
4,0,0.56610364,0.0,0.0,0.43389633,0.0,0.0,0.0,0.0,0.0,0.0,0.0,0.0
4,0,0.56610364,0.0,0.0,0.43389633,0.0,0.0,0.0,0.0,0.0,0.0,0.0,0.0
4,0,0.56610364,0.0,0.0,0.43389633,0.0,0.0,0.0,0.0,0.0,0.0,0.0,0.0
4,0,0.56610364,0.0,0.0,0.43389633,0.0,0.0,0.0,0.0,0.0,0.0,0.0,0.0
4,0,0.56610364,0.0,0.0,0.43389633,0.0,0.0,0.0,0.0,0.0,0.0,0.0,0.0
4,0,0.62086904,0.0,0.0,0.37913096,0.0,0.0,0.0,0.0,0.0,0.0,0.0,0.0
4,0,0.62086904,0.0,0.0,0.37913096,0.0,0.0,0.0,0.0,0.0,0.0,0.0,0.0
4,0,0.62086904,0.0,0.0,0.37913096,0.0,0.0,0.0,0.0,0.0,0.0,0.0,0.0
4,0,0.62086904,0.0,0.0,0.37913096,0.0,0.0,0.0,0.0,0.0,0.0,0.0,0.0
4,0,0.62086904,0.0,0.0,0.37913096,0.0,0.0,0.0,0.0,0.0,0.0,0.0,0.0
4,0,0.62086904,0.0,0.0,0.37913096,0.0,0.0,0.0,0.0,0.0,0.0,0.0,0.0
4,0,0.62086904,0.0,0.0,0.37913096,0.0,0.0,0.0,0.0,0.0,0.0,0.0,0.0
4,0,0.62086904,0.0,0.0,0.37913096,0.0,0.0,0.0,0.0,0.0,0.0,0.0,0.0
4,0,0.62086904,0.0,0.0,0.37913096,0.0,0.0,0.0,0.0,0.0,0.0,0.0,0.0
4,0,0.62086904,0.0,0.0,0.37913096,0.0,0.0,0.0,0.0,0.0,0.0,0.0,0.0
4,0,0.77379984,0.0,0.0,0.22620022,0.0,0.0,0.0,0.0,0.0,0.0,0.0,0.0
4,0,0.77379984,0.0,0.0,0.22620022,0.0,0.0,0.0,0.0,0.0,0.0,0.0,0.0
4,0,0.77379984,0.0,0.0,0.22620022,0.0,0.0,0.0,0.0,0.0,0.0,0.0,0.0
4,0,0.77379984,0.0,0.0,0.22620022,0.0,0.0,0.0,0.0,0.0,0.0,0.0,0.0
4,0,0.77379984,0.0,0.0,0.22620022,0.0,0.0,0.0,0.0,0.0,0.0,0.0,0.0
4,0,0.77379984,0.0,0.0,0.22620022,0.0,0.0,0.0,0.0,0.0,0.0,0.0,0.0
4,0,0.77379984,0.0,0.0,0.22620022,0.0,0.0,0.0,0.0,0.0,0.0,0.0,0.0
4,0,0.77379984,0.0,0.0,0.22620022,0.0,0.0,0.0,0.0,0.0,0.0,0.0,0.0
4,0,0.77379984,0.0,0.0,0.22620022,0.0,0.0,0.0,0.0,0.0,0.0,0.0,0.0
4,0,0.77379984,0.0,0.0,0.22620022,0.0,0.0,0.0,0.0,0.0,0.0,0.0,0.0
4,0,0.77379984,0.0,0.0,0.22620022,0.0,0.0,0.0,0.0,0.0,0.0,0.0,0.0
4,0,0.77379984,0.0,0.0,0.22620022,0.0,0.0,0.0,0.0,0.0,0.0,0.0,0.0
4,0,0.77379984,0.0,0.0,0.22620022,0.0,0.0,0.0,0.0,0.0,0.0,0.0,0.0
4,0,0.77379984,0.0,0.0,0.22620022,0.0,0.0,0.0,0.0,0.0,0.0,0.0,0.0
4,0,0.77379984,0.0,0.0,0.22620022,0.0,0.0,0.0,0.0,0.0,0.0,0.0,0.0
4,0,0.77379984,0.0,0.0,0.22620022,0.0,0.0,0.0,0.0,0.0,0.0,0.0,0.0
4,0,0.77379984,0.0,0.0,0.22620022,0.0,0.0,0.0,0.0,0.0,0.0,0.0,0.0
4,0,0.77379984,0.0,0.0,0.22620022,0.0,0.0,0.0,0.0,0.0,0.0,0.0,0.0
4,0,0.77379984,0.0,0.0,0.22620022,0.0,0.0,0.0,0.0,0.0,0.0,0.0,0.0
4,0,0.77379984,0.0,0.0,0.22620022,0.0,0.0,0.0,0.0,0.0,0.0,0.0,0.0
4,0,0.84007436,0.0,0.0,0.15992564,0.0,0.0,0.0,0.0,0.0,0.0,0.0,0.0
4,0,0.84007436,0.0,0.0,0.15992564,0.0,0.0,0.0,0.0,0.0,0.0,0.0,0.0
4,0,0.84007436,0.0,0.0,0.15992564,0.0,0.0,0.0,0.0,0.0,0.0,0.0,0.0
4,0,0.84007436,0.0,0.0,0.15992564,0.0,0.0,0.0,0.0,0.0,0.0,0.0,0.0
4,0,0.84007436,0.0,0.0,0.15992564,0.0,0.0,0.0,0.0,0.0,0.0,0.0,0.0
4,0,0.84007436,0.0,0.0,0.15992564,0.0,0.0,0.0,0.0,0.0,0.0,0.0,0.0
4,0,0.84007436,0.0,0.0,0.15992564,0.0,0.0,0.0,0.0,0.0,0.0,0.0,0.0
4,0,0.84007436,0.0,0.0,0.15992564,0.0,0.0,0.0,0.0,0.0,0.0,0.0,0.0
4,0,0.84007436,0.0,0.0,0.15992564,0.0,0.0,0.0,0.0,0.0,0.0,0.0,0.0
4,0,0.84007436,0.0,0.0,0.15992564,0.0,0.0,0.0,0.0,0.0,0.0,0.0,0.0
4,0,0.84007436,0.0,0.0,0.15992564,0.0,0.0,0.0,0.0,0.0,0.0,0.0,0.0
4,0,0.84007436,0.0,0.0,0.15992564,0.0,0.0,0.0,0.0,0.0,0.0,0.0,0.0
4,0,0.8695454,0.0,0.0,0.1304546,0.0,0.0,0.0,0.0,0.0,0.0,0.0,0.0
4,0,0.8695454,0.0,0.0,0.1304546,0.0,0.0,0.0,0.0,0.0,0.0,0.0,0.0
4,0,0.8695454,0.0,0.0,0.1304546,0.0,0.0,0.0,0.0,0.0,0.0,0.0,0.0
4,0,0.8695454,0.0,0.0,0.1304546,0.0,0.0,0.0,0.0,0.0,0.0,0.0,0.0
4,0,0.8695454,0.0,0.0,0.1304546,0.0,0.0,0.0,0.0,0.0,0.0,0.0,0.0
4,0,0.8695454,0.0,0.0,0.1304546,0.0,0.0,0.0,0.0,0.0,0.0,0.0,0.0
4,0,0.8695454,0.0,0.0,0.1304546,0.0,0.0,0.0,0.0,0.0,0.0,0.0,0.0
4,0,0.8695454,0.0,0.0,0.1304546,0.0,0.0,0.0,0.0,0.0,0.0,0.0,0.0
4,0,0.8695454,0.0,0.0,0.1304546,0.0,0.0,0.0,0.0,0.0,0.0,0.0,0.0
4,0,0.8695454,0.0,0.0,0.1304546,0.0,0.0,0.0,0.0,0.0,0.0,0.0,0.0
4,0,0.8695454,0.0,0.0,0.1304546,0.0,0.0,0.0,0.0,0.0,0.0,0.0,0.0
4,0,0.8695454,0.0,0.0,0.1304546,0.0,0.0,0.0,0.0,0.0,0.0,0.0,0.0
4,0,0.8695454,0.0,0.0,0.1304546,0.0,0.0,0.0,0.0,0.0,0.0,0.0,0.0
4,0,0.8695454,0.0,0.0,0.1304546,0.0,0.0,0.0,0.0,0.0,0.0,0.0,0.0
4,0,0.8695454,0.0,0.0,0.1304546,0.0,0.0,0.0,0.0,0.0,0.0,0.0,0.0
4,0,0.8695454,0.0,0.0,0.1304546,0.0,0.0,0.0,0.0,0.0,0.0,0.0,0.0
4,0,0.8695454,0.0,0.0,0.1304546,0.0,0.0,0.0,0.0,0.0,0.0,0.0,0.0
4,0,0.8695454,0.0,0.0,0.1304546,0.0,0.0,0.0,0.0,0.0,0.0,0.0,0.0
4,0,0.8695454,0.0,0.0,0.1304546,0.0,0.0,0.0,0.0,0.0,0.0,0.0,0.0
4,0,0.8695454,0.0,0.0,0.1304546,0.0,0.0,0.0,0.0,0.0,0.0,0.0,0.0
4,0,0.8695454,0.0,0.0,0.1304546,0.0,0.0,0.0,0.0,0.0,0.0,0.0,0.0
4,0,0.8695454,0.0,0.0,0.1304546,0.0,0.0,0.0,0.0,0.0,0.0,0.0,0.0
4,0,0.8695454,0.0,0.0,0.1304546,0.0,0.0,0.0,0.0,0.0,0.0,0.0,0.0
4,0,0.8695454,0.0,0.0,0.1304546,0.0,0.0,0.0,0.0,0.0,0.0,0.0,0.0
4,0,0.8695454,0.0,0.0,0.1304546,0.0,0.0,0.0,0.0,0.0,0.0,0.0,0.0
4,0,0.8695454,0.0,0.0,0.1304546,0.0,0.0,0.0,0.0,0.0,0.0,0.0,0.0
4,0,0.8695454,0.0,0.0,0.1304546,0.0,0.0,0.0,0.0,0.0,0.0,0.0,0.0
4,0,0.8695454,0.0,0.0,0.1304546,0.0,0.0,0.0,0.0,0.0,0.0,0.0,0.0
4,0,0.8695454,0.0,0.0,0.1304546,0.0,0.0,0.0,0.0,0.0,0.0,0.0,0.0
4,0,0.8695454,0.0,0.0,0.1304546,0.0,0.0,0.0,0.0,0.0,0.0,0.0,0.0
4,0,0.88263583,0.0,0.0,0.11736417,0.0,0.0,0.0,0.0,0.0,0.0,0.0,0.0
4,0,0.88263583,0.0,0.0,0.11736417,0.0,0.0,0.0,0.0,0.0,0.0,0.0,0.0
4,0,0.88263583,0.0,0.0,0.11736417,0.0,0.0,0.0,0.0,0.0,0.0,0.0,0.0
4,0,0.88263583,0.0,0.0,0.11736417,0.0,0.0,0.0,0.0,0.0,0.0,0.0,0.0
4,0,0.88263583,0.0,0.0,0.11736417,0.0,0.0,0.0,0.0,0.0,0.0,0.0,0.0
4,0,0.88263583,0.0,0.0,0.11736417,0.0,0.0,0.0,0.0,0.0,0.0,0.0,0.0
4,0,0.88263583,0.0,0.0,0.11736417,0.0,0.0,0.0,0.0,0.0,0.0,0.0,0.0
4,0,0.88263583,0.0,0.0,0.11736417,0.0,0.0,0.0,0.0,0.0,0.0,0.0,0.0
4,0,0.88263583,0.0,0.0,0.11736417,0.0,0.0,0.0,0.0,0.0,0.0,0.0,0.0
4,0,0.88263583,0.0,0.0,0.11736417,0.0,0.0,0.0,0.0,0.0,0.0,0.0,0.0
4,0,0.88263583,0.0,0.0,0.11736417,0.0,0.0,0.0,0.0,0.0,0.0,0.0,0.0
4,0,0.88263583,0.0,0.0,0.11736417,0.0,0.0,0.0,0.0,0.0,0.0,0.0,0.0
4,0,0.88263583,0.0,0.0,0.11736417,0.0,0.0,0.0,0.0,0.0,0.0,0.0,0.0
4,0,0.88263583,0.0,0.0,0.11736417,0.0,0.0,0.0,0.0,0.0,0.0,0.0,0.0
4,0,0.88263583,0.0,0.0,0.11736417,0.0,0.0,0.0,0.0,0.0,0.0,0.0,0.0
4,0,0.88263583,0.0,0.0,0.11736417,0.0,0.0,0.0,0.0,0.0,0.0,0.0,0.0
4,0,0.88263583,0.0,0.0,0.11736417,0.0,0.0,0.0,0.0,0.0,0.0,0.0,0.0
4,0,0.88263583,0.0,0.0,0.11736417,0.0,0.0,0.0,0.0,0.0,0.0,0.0,0.0
4,0,0.88263583,0.0,0.0,0.11736417,0.0,0.0,0.0,0.0,0.0,0.0,0.0,0.0
4,0,0.88263583,0.0,0.0,0.11736417,0.0,0.0,0.0,0.0,0.0,0.0,0.0,0.0
4,0,0.88263583,0.0,0.0,0.11736417,0.0,0.0,0.0,0.0,0.0,0.0,0.0,0.0
4,0,0.88263583,0.0,0.0,0.11736417,0.0,0.0,0.0,0.0,0.0,0.0,0.0,0.0
4,0,0.88263583,0.0,0.0,0.11736417,0.0,0.0,0.0,0.0,0.0,0.0,0.0,0.0
4,0,0.88263583,0.0,0.0,0.11736417,0.0,0.0,0.0,0.0,0.0,0.0,0.0,0.0
4,0,0.88263583,0.0,0.0,0.11736417,0.0,0.0,0.0,0.0,0.0,0.0,0.0,0.0
4,0,0.88263583,0.0,0.0,0.11736417,0.0,0.0,0.0,0.0,0.0,0.0,0.0,0.0
4,0,0.88263583,0.0,0.0,0.11736417,0.0,0.0,0.0,0.0,0.0,0.0,0.0,0.0
4,0,0.88263583,0.0,0.0,0.11736417,0.0,0.0,0.0,0.0,0.0,0.0,0.0,0.0
4,0,0.88263583,0.0,0.0,0.11736417,0.0,0.0,0.0,0.0,0.0,0.0,0.0,0.0
4,0,0.88263583,0.0,0.0,0.11736417,0.0,0.0,0.0,0.0,0.0,0.0,0.0,0.0
4,0,0.88263583,0.0,0.0,0.11736417,0.0,0.0,0.0,0.0,0.0,0.0,0.0,0.0
4,0,0.88263583,0.0,0.0,0.11736417,0.0,0.0,0.0,0.0,0.0,0.0,0.0,0.0
4,0,0.88263583,0.0,0.0,0.11736417,0.0,0.0,0.0,0.0,0.0,0.0,0.0,0.0
4,0,0.88263583,0.0,0.0,0.11736417,0.0,0.0,0.0,0.0,0.0,0.0,0.0,0.0
4,0,0.88263583,0.0,0.0,0.11736417,0.0,0.0,0.0,0.0,0.0,0.0,0.0,0.0
4,0,0.88263583,0.0,0.0,0.11736417,0.0,0.0,0.0,0.0,0.0,0.0,0.0,0.0
4,0,0.88263583,0.0,0.0,0.11736417,0.0,0.0,0.0,0.0,0.0,0.0,0.0,0.0
4,0,0.88263583,0.0,0.0,0.11736417,0.0,0.0,0.0,0.0,0.0,0.0,0.0,0.0
4,0,0.88263583,0.0,0.0,0.11736417,0.0,0.0,0.0,0.0,0.0,0.0,0.0,0.0
4,0,0.88263583,0.0,0.0,0.11736417,0.0,0.0,0.0,0.0,0.0,0.0,0.0,0.0
4,0,0.88263583,0.0,0.0,0.11736417,0.0,0.0,0.0,0.0,0.0,0.0,0.0,0.0
4,0,0.88263583,0.0,0.0,0.11736417,0.0,0.0,0.0,0.0,0.0,0.0,0.0,0.0
4,0,0.88263583,0.0,0.0,0.11736417,0.0,0.0,0.0,0.0,0.0,0.0,0.0,0.0
4,0,0.88263583,0.0,0.0,0.11736417,0.0,0.0,0.0,0.0,0.0,0.0,0.0,0.0
4,0,0.88263583,0.0,0.0,0.11736417,0.0,0.0,0.0,0.0,0.0,0.0,0.0,0.0
4,0,0.88263583,0.0,0.0,0.11736417,0.0,0.0,0.0,0.0,0.0,0.0,0.0,0.0
4,0,0.88263583,0.0,0.0,0.11736417,0.0,0.0,0.0,0.0,0.0,0.0,0.0,0.0
4,0,0.88263583,0.0,0.0,0.11736417,0.0,0.0,0.0,0.0,0.0,0.0,0.0,0.0
4,0,0.88263583,0.0,0.0,0.11736417,0.0,0.0,0.0,0.0,0.0,0.0,0.0,0.0
4,0,0.88263583,0.0,0.0,0.11736417,0.0,0.0,0.0,0.0,0.0,0.0,0.0,0.0
4,0,0.88263583,0.0,0.0,0.11736417,0.0,0.0,0.0,0.0,0.0,0.0,0.0,0.0
4,0,0.88263583,0.0,0.0,0.11736417,0.0,0.0,0.0,0.0,0.0,0.0,0.0,0.0
4,0,0.88263583,0.0,0.0,0.11736417,0.0,0.0,0.0,0.0,0.0,0.0,0.0,0.0
4,0,0.88263583,0.0,0.0,0.11736417,0.0,0.0,0.0,0.0,0.0,0.0,0.0,0.0
4,0,0.88263583,0.0,0.0,0.11736417,0.0,0.0,0.0,0.0,0.0,0.0,0.0,0.0
4,0,0.88263583,0.0,0.0,0.11736417,0.0,0.0,0.0,0.0,0.0,0.0,0.0,0.0
4,0,0.88263583,0.0,0.0,0.11736417,0.0,0.0,0.0,0.0,0.0,0.0,0.0,0.0
4,0,0.88263583,0.0,0.0,0.11736417,0.0,0.0,0.0,0.0,0.0,0.0,0.0,0.0
4,0,0.88263583,0.0,0.0,0.11736417,0.0,0.0,0.0,0.0,0.0,0.0,0.0,0.0
4,0,0.88263583,0.0,0.0,0.11736417,0.0,0.0,0.0,0.0,0.0,0.0,0.0,0.0
4,0,0.88263583,0.0,0.0,0.11736417,0.0,0.0,0.0,0.0,0.0,0.0,0.0,0.0
4,0,0.88263583,0.0,0.0,0.11736417,0.0,0.0,0.0,0.0,0.0,0.0,0.0,0.0
4,0,0.88263583,0.0,0.0,0.11736417,0.0,0.0,0.0,0.0,0.0,0.0,0.0,0.0
4,0,0.88263583,0.0,0.0,0.11736417,0.0,0.0,0.0,0.0,0.0,0.0,0.0,0.0
4,0,0.88263583,0.0,0.0,0.11736417,0.0,0.0,0.0,0.0,0.0,0.0,0.0,0.0
4,0,0.88263583,0.0,0.0,0.11736417,0.0,0.0,0.0,0.0,0.0,0.0,0.0,0.0
4,0,0.88263583,0.0,0.0,0.11736417,0.0,0.0,0.0,0.0,0.0,0.0,0.0,0.0
4,0,0.88263583,0.0,0.0,0.11736417,0.0,0.0,0.0,0.0,0.0,0.0,0.0,0.0
4,0,0.88263583,0.0,0.0,0.11736417,0.0,0.0,0.0,0.0,0.0,0.0,0.0,0.0
4,0,0.88263583,0.0,0.0,0.11736417,0.0,0.0,0.0,0.0,0.0,0.0,0.0,0.0
4,0,0.88263583,0.0,0.0,0.11736417,0.0,0.0,0.0,0.0,0.0,0.0,0.0,0.0
4,0,0.88263583,0.0,0.0,0.11736417,0.0,0.0,0.0,0.0,0.0,0.0,0.0,0.0
4,0,0.88263583,0.0,0.0,0.11736417,0.0,0.0,0.0,0.0,0.0,0.0,0.0,0.0
4,0,0.88263583,0.0,0.0,0.11736417,0.0,0.0,0.0,0.0,0.0,0.0,0.0,0.0
4,0,0.88263583,0.0,0.0,0.11736417,0.0,0.0,0.0,0.0,0.0,0.0,0.0,0.0
4,0,0.88263583,0.0,0.0,0.11736417,0.0,0.0,0.0,0.0,0.0,0.0,0.0,0.0
4,0,0.88263583,0.0,0.0,0.11736417,0.0,0.0,0.0,0.0,0.0,0.0,0.0,0.0
4,0,0.88263583,0.0,0.0,0.11736417,0.0,0.0,0.0,0.0,0.0,0.0,0.0,0.0
4,0,0.88263583,0.0,0.0,0.11736417,0.0,0.0,0.0,0.0,0.0,0.0,0.0,0.0
4,0,0.88263583,0.0,0.0,0.11736417,0.0,0.0,0.0,0.0,0.0,0.0,0.0,0.0
4,0,0.90675974,0.0,0.0,0.093240246,0.0,0.0,0.0,0.0,0.0,0.0,0.0,0.0
4,0,0.90675974,0.0,0.0,0.093240246,0.0,0.0,0.0,0.0,0.0,0.0,0.0,0.0
4,0,0.90675974,0.0,0.0,0.093240246,0.0,0.0,0.0,0.0,0.0,0.0,0.0,0.0
4,0,0.90675974,0.0,0.0,0.093240246,0.0,0.0,0.0,0.0,0.0,0.0,0.0,0.0
4,0,0.90675974,0.0,0.0,0.093240246,0.0,0.0,0.0,0.0,0.0,0.0,0.0,0.0
4,0,0.90675974,0.0,0.0,0.093240246,0.0,0.0,0.0,0.0,0.0,0.0,0.0,0.0
4,0,0.90675974,0.0,0.0,0.093240246,0.0,0.0,0.0,0.0,0.0,0.0,0.0,0.0
4,0,0.90675974,0.0,0.0,0.093240246,0.0,0.0,0.0,0.0,0.0,0.0,0.0,0.0
4,0,0.90675974,0.0,0.0,0.093240246,0.0,0.0,0.0,0.0,0.0,0.0,0.0,0.0
4,0,0.90675974,0.0,0.0,0.093240246,0.0,0.0,0.0,0.0,0.0,0.0,0.0,0.0
4,0,0.90675974,0.0,0.0,0.093240246,0.0,0.0,0.0,0.0,0.0,0.0,0.0,0.0
4,0,0.90675974,0.0,0.0,0.093240246,0.0,0.0,0.0,0.0,0.0,0.0,0.0,0.0
4,0,0.90675974,0.0,0.0,0.093240246,0.0,0.0,0.0,0.0,0.0,0.0,0.0,0.0
4,0,0.90675974,0.0,0.0,0.093240246,0.0,0.0,0.0,0.0,0.0,0.0,0.0,0.0
4,0,0.90675974,0.0,0.0,0.093240246,0.0,0.0,0.0,0.0,0.0,0.0,0.0,0.0
4,0,0.90675974,0.0,0.0,0.093240246,0.0,0.0,0.0,0.0,0.0,0.0,0.0,0.0
4,0,0.90675974,0.0,0.0,0.093240246,0.0,0.0,0.0,0.0,0.0,0.0,0.0,0.0
4,0,0.90675974,0.0,0.0,0.093240246,0.0,0.0,0.0,0.0,0.0,0.0,0.0,0.0
4,0,0.90675974,0.0,0.0,0.093240246,0.0,0.0,0.0,0.0,0.0,0.0,0.0,0.0
4,0,0.90675974,0.0,0.0,0.093240246,0.0,0.0,0.0,0.0,0.0,0.0,0.0,0.0
4,0,0.90675974,0.0,0.0,0.093240246,0.0,0.0,0.0,0.0,0.0,0.0,0.0,0.0
4,0,0.90675974,0.0,0.0,0.093240246,0.0,0.0,0.0,0.0,0.0,0.0,0.0,0.0
4,0,0.90675974,0.0,0.0,0.093240246,0.0,0.0,0.0,0.0,0.0,0.0,0.0,0.0
4,0,0.90675974,0.0,0.0,0.093240246,0.0,0.0,0.0,0.0,0.0,0.0,0.0,0.0
4,0,0.90675974,0.0,0.0,0.093240246,0.0,0.0,0.0,0.0,0.0,0.0,0.0,0.0
4,0,0.90675974,0.0,0.0,0.093240246,0.0,0.0,0.0,0.0,0.0,0.0,0.0,0.0
4,0,0.90675974,0.0,0.0,0.093240246,0.0,0.0,0.0,0.0,0.0,0.0,0.0,0.0
4,0,0.90675974,0.0,0.0,0.093240246,0.0,0.0,0.0,0.0,0.0,0.0,0.0,0.0
4,0,0.90675974,0.0,0.0,0.093240246,0.0,0.0,0.0,0.0,0.0,0.0,0.0,0.0
4,0,0.90675974,0.0,0.0,0.093240246,0.0,0.0,0.0,0.0,0.0,0.0,0.0,0.0
4,0,0.90675974,0.0,0.0,0.093240246,0.0,0.0,0.0,0.0,0.0,0.0,0.0,0.0
4,0,0.90675974,0.0,0.0,0.093240246,0.0,0.0,0.0,0.0,0.0,0.0,0.0,0.0
4,0,0.90675974,0.0,0.0,0.093240246,0.0,0.0,0.0,0.0,0.0,0.0,0.0,0.0
4,0,0.90675974,0.0,0.0,0.093240246,0.0,0.0,0.0,0.0,0.0,0.0,0.0,0.0
4,0,0.90675974,0.0,0.0,0.093240246,0.0,0.0,0.0,0.0,0.0,0.0,0.0,0.0
4,0,0.90675974,0.0,0.0,0.093240246,0.0,0.0,0.0,0.0,0.0,0.0,0.0,0.0
4,0,0.90675974,0.0,0.0,0.093240246,0.0,0.0,0.0,0.0,0.0,0.0,0.0,0.0
4,0,0.90675974,0.0,0.0,0.093240246,0.0,0.0,0.0,0.0,0.0,0.0,0.0,0.0
4,0,0.90675974,0.0,0.0,0.093240246,0.0,0.0,0.0,0.0,0.0,0.0,0.0,0.0
4,0,0.90675974,0.0,0.0,0.093240246,0.0,0.0,0.0,0.0,0.0,0.0,0.0,0.0
4,0,0.90675974,0.0,0.0,0.093240246,0.0,0.0,0.0,0.0,0.0,0.0,0.0,0.0
4,0,0.90675974,0.0,0.0,0.093240246,0.0,0.0,0.0,0.0,0.0,0.0,0.0,0.0
4,0,0.90675974,0.0,0.0,0.093240246,0.0,0.0,0.0,0.0,0.0,0.0,0.0,0.0
4,0,0.90675974,0.0,0.0,0.093240246,0.0,0.0,0.0,0.0,0.0,0.0,0.0,0.0
4,0,0.90675974,0.0,0.0,0.093240246,0.0,0.0,0.0,0.0,0.0,0.0,0.0,0.0
4,0,0.90675974,0.0,0.0,0.093240246,0.0,0.0,0.0,0.0,0.0,0.0,0.0,0.0
4,0,0.90675974,0.0,0.0,0.093240246,0.0,0.0,0.0,0.0,0.0,0.0,0.0,0.0
4,0,0.90675974,0.0,0.0,0.093240246,0.0,0.0,0.0,0.0,0.0,0.0,0.0,0.0
4,0,0.90675974,0.0,0.0,0.093240246,0.0,0.0,0.0,0.0,0.0,0.0,0.0,0.0
4,0,0.90675974,0.0,0.0,0.093240246,0.0,0.0,0.0,0.0,0.0,0.0,0.0,0.0
4,0,0.90675974,0.0,0.0,0.093240246,0.0,0.0,0.0,0.0,0.0,0.0,0.0,0.0
4,0,0.90675974,0.0,0.0,0.093240246,0.0,0.0,0.0,0.0,0.0,0.0,0.0,0.0
4,0,0.90675974,0.0,0.0,0.093240246,0.0,0.0,0.0,0.0,0.0,0.0,0.0,0.0
4,0,0.90675974,0.0,0.0,0.093240246,0.0,0.0,0.0,0.0,0.0,0.0,0.0,0.0
4,0,0.90675974,0.0,0.0,0.093240246,0.0,0.0,0.0,0.0,0.0,0.0,0.0,0.0
4,0,0.90675974,0.0,0.0,0.093240246,0.0,0.0,0.0,0.0,0.0,0.0,0.0,0.0
4,0,0.90675974,0.0,0.0,0.093240246,0.0,0.0,0.0,0.0,0.0,0.0,0.0,0.0
4,0,0.90675974,0.0,0.0,0.093240246,0.0,0.0,0.0,0.0,0.0,0.0,0.0,0.0
4,0,0.90675974,0.0,0.0,0.093240246,0.0,0.0,0.0,0.0,0.0,0.0,0.0,0.0
4,0,0.90675974,0.0,0.0,0.093240246,0.0,0.0,0.0,0.0,0.0,0.0,0.0,0.0
4,0,0.90675974,0.0,0.0,0.093240246,0.0,0.0,0.0,0.0,0.0,0.0,0.0,0.0
4,0,0.90675974,0.0,0.0,0.093240246,0.0,0.0,0.0,0.0,0.0,0.0,0.0,0.0
4,0,0.90675974,0.0,0.0,0.093240246,0.0,0.0,0.0,0.0,0.0,0.0,0.0,0.0
4,0,0.90675974,0.0,0.0,0.093240246,0.0,0.0,0.0,0.0,0.0,0.0,0.0,0.0
4,0,0.90675974,0.0,0.0,0.093240246,0.0,0.0,0.0,0.0,0.0,0.0,0.0,0.0
4,0,0.90675974,0.0,0.0,0.093240246,0.0,0.0,0.0,0.0,0.0,0.0,0.0,0.0
4,0,0.90675974,0.0,0.0,0.093240246,0.0,0.0,0.0,0.0,0.0,0.0,0.0,0.0
4,0,0.90675974,0.0,0.0,0.093240246,0.0,0.0,0.0,0.0,0.0,0.0,0.0,0.0
4,0,0.90675974,0.0,0.0,0.093240246,0.0,0.0,0.0,0.0,0.0,0.0,0.0,0.0
4,0,0.90675974,0.0,0.0,0.093240246,0.0,0.0,0.0,0.0,0.0,0.0,0.0,0.0
4,0,0.90675974,0.0,0.0,0.093240246,0.0,0.0,0.0,0.0,0.0,0.0,0.0,0.0
4,0,0.90675974,0.0,0.0,0.093240246,0.0,0.0,0.0,0.0,0.0,0.0,0.0,0.0
4,0,0.90675974,0.0,0.0,0.093240246,0.0,0.0,0.0,0.0,0.0,0.0,0.0,0.0
4,0,0.90675974,0.0,0.0,0.093240246,0.0,0.0,0.0,0.0,0.0,0.0,0.0,0.0
4,0,0.90675974,0.0,0.0,0.093240246,0.0,0.0,0.0,0.0,0.0,0.0,0.0,0.0
4,0,0.90675974,0.0,0.0,0.093240246,0.0,0.0,0.0,0.0,0.0,0.0,0.0,0.0
4,0,0.90675974,0.0,0.0,0.093240246,0.0,0.0,0.0,0.0,0.0,0.0,0.0,0.0
4,0,0.90675974,0.0,0.0,0.093240246,0.0,0.0,0.0,0.0,0.0,0.0,0.0,0.0
4,0,0.90675974,0.0,0.0,0.093240246,0.0,0.0,0.0,0.0,0.0,0.0,0.0,0.0
4,0,0.90675974,0.0,0.0,0.093240246,0.0,0.0,0.0,0.0,0.0,0.0,0.0,0.0
4,0,0.90675974,0.0,0.0,0.093240246,0.0,0.0,0.0,0.0,0.0,0.0,0.0,0.0
4,0,0.90675974,0.0,0.0,0.093240246,0.0,0.0,0.0,0.0,0.0,0.0,0.0,0.0
4,0,0.90675974,0.0,0.0,0.093240246,0.0,0.0,0.0,0.0,0.0,0.0,0.0,0.0
4,0,0.90675974,0.0,0.0,0.093240246,0.0,0.0,0.0,0.0,0.0,0.0,0.0,0.0
4,0,0.90675974,0.0,0.0,0.093240246,0.0,0.0,0.0,0.0,0.0,0.0,0.0,0.0
4,0,0.90675974,0.0,0.0,0.093240246,0.0,0.0,0.0,0.0,0.0,0.0,0.0,0.0
4,0,0.90675974,0.0,0.0,0.093240246,0.0,0.0,0.0,0.0,0.0,0.0,0.0,0.0
4,0,0.90675974,0.0,0.0,0.093240246,0.0,0.0,0.0,0.0,0.0,0.0,0.0,0.0
4,0,0.90675974,0.0,0.0,0.093240246,0.0,0.0,0.0,0.0,0.0,0.0,0.0,0.0
4,0,0.90675974,0.0,0.0,0.093240246,0.0,0.0,0.0,0.0,0.0,0.0,0.0,0.0
4,0,0.90675974,0.0,0.0,0.093240246,0.0,0.0,0.0,0.0,0.0,0.0,0.0,0.0
4,0,0.90675974,0.0,0.0,0.093240246,0.0,0.0,0.0,0.0,0.0,0.0,0.0,0.0
4,0,0.90675974,0.0,0.0,0.093240246,0.0,0.0,0.0,0.0,0.0,0.0,0.0,0.0
4,0,0.90675974,0.0,0.0,0.093240246,0.0,0.0,0.0,0.0,0.0,0.0,0.0,0.0
4,0,0.90675974,0.0,0.0,0.093240246,0.0,0.0,0.0,0.0,0.0,0.0,0.0,0.0
4,0,0.90675974,0.0,0.0,0.093240246,0.0,0.0,0.0,0.0,0.0,0.0,0.0,0.0
4,0,0.90675974,0.0,0.0,0.093240246,0.0,0.0,0.0,0.0,0.0,0.0,0.0,0.0
4,0,0.90675974,0.0,0.0,0.093240246,0.0,0.0,0.0,0.0,0.0,0.0,0.0,0.0
4,0,0.90675974,0.0,0.0,0.093240246,0.0,0.0,0.0,0.0,0.0,0.0,0.0,0.0
4,0,0.90675974,0.0,0.0,0.093240246,0.0,0.0,0.0,0.0,0.0,0.0,0.0,0.0
4,0,0.90675974,0.0,0.0,0.093240246,0.0,0.0,0.0,0.0,0.0,0.0,0.0,0.0
4,0,0.90675974,0.0,0.0,0.093240246,0.0,0.0,0.0,0.0,0.0,0.0,0.0,0.0
4,0,0.90675974,0.0,0.0,0.093240246,0.0,0.0,0.0,0.0,0.0,0.0,0.0,0.0
4,0,0.90675974,0.0,0.0,0.093240246,0.0,0.0,0.0,0.0,0.0,0.0,0.0,0.0
4,0,0.90675974,0.0,0.0,0.093240246,0.0,0.0,0.0,0.0,0.0,0.0,0.0,0.0
4,0,0.90675974,0.0,0.0,0.093240246,0.0,0.0,0.0,0.0,0.0,0.0,0.0,0.0
4,0,0.90675974,0.0,0.0,0.093240246,0.0,0.0,0.0,0.0,0.0,0.0,0.0,0.0
4,0,0.90675974,0.0,0.0,0.093240246,0.0,0.0,0.0,0.0,0.0,0.0,0.0,0.0
4,0,0.90675974,0.0,0.0,0.093240246,0.0,0.0,0.0,0.0,0.0,0.0,0.0,0.0
4,0,0.90675974,0.0,0.0,0.093240246,0.0,0.0,0.0,0.0,0.0,0.0,0.0,0.0
4,0,0.90675974,0.0,0.0,0.093240246,0.0,0.0,0.0,0.0,0.0,0.0,0.0,0.0
4,0,0.90675974,0.0,0.0,0.093240246,0.0,0.0,0.0,0.0,0.0,0.0,0.0,0.0
4,0,0.90675974,0.0,0.0,0.093240246,0.0,0.0,0.0,0.0,0.0,0.0,0.0,0.0
4,0,0.90675974,0.0,0.0,0.093240246,0.0,0.0,0.0,0.0,0.0,0.0,0.0,0.0
4,0,0.90675974,0.0,0.0,0.093240246,0.0,0.0,0.0,0.0,0.0,0.0,0.0,0.0
4,0,0.90675974,0.0,0.0,0.093240246,0.0,0.0,0.0,0.0,0.0,0.0,0.0,0.0
4,0,0.90675974,0.0,0.0,0.093240246,0.0,0.0,0.0,0.0,0.0,0.0,0.0,0.0
4,0,0.90675974,0.0,0.0,0.093240246,0.0,0.0,0.0,0.0,0.0,0.0,0.0,0.0
4,0,0.90675974,0.0,0.0,0.093240246,0.0,0.0,0.0,0.0,0.0,0.0,0.0,0.0
4,0,0.90675974,0.0,0.0,0.093240246,0.0,0.0,0.0,0.0,0.0,0.0,0.0,0.0
4,0,0.90675974,0.0,0.0,0.093240246,0.0,0.0,0.0,0.0,0.0,0.0,0.0,0.0
4,0,0.90675974,0.0,0.0,0.093240246,0.0,0.0,0.0,0.0,0.0,0.0,0.0,0.0
4,0,0.90675974,0.0,0.0,0.093240246,0.0,0.0,0.0,0.0,0.0,0.0,0.0,0.0
4,0,0.90675974,0.0,0.0,0.093240246,0.0,0.0,0.0,0.0,0.0,0.0,0.0,0.0
4,0,0.90675974,0.0,0.0,0.093240246,0.0,0.0,0.0,0.0,0.0,0.0,0.0,0.0
4,0,0.90675974,0.0,0.0,0.093240246,0.0,0.0,0.0,0.0,0.0,0.0,0.0,0.0
4,0,0.90675974,0.0,0.0,0.093240246,0.0,0.0,0.0,0.0,0.0,0.0,0.0,0.0
4,0,0.90675974,0.0,0.0,0.093240246,0.0,0.0,0.0,0.0,0.0,0.0,0.0,0.0
4,0,0.90675974,0.0,0.0,0.093240246,0.0,0.0,0.0,0.0,0.0,0.0,0.0,0.0
4,0,0.90675974,0.0,0.0,0.093240246,0.0,0.0,0.0,0.0,0.0,0.0,0.0,0.0
4,0,0.90675974,0.0,0.0,0.093240246,0.0,0.0,0.0,0.0,0.0,0.0,0.0,0.0
4,0,0.90675974,0.0,0.0,0.093240246,0.0,0.0,0.0,0.0,0.0,0.0,0.0,0.0
4,0,0.90675974,0.0,0.0,0.093240246,0.0,0.0,0.0,0.0,0.0,0.0,0.0,0.0
4,0,0.90675974,0.0,0.0,0.093240246,0.0,0.0,0.0,0.0,0.0,0.0,0.0,0.0
4,0,0.90675974,0.0,0.0,0.093240246,0.0,0.0,0.0,0.0,0.0,0.0,0.0,0.0
4,0,0.90675974,0.0,0.0,0.093240246,0.0,0.0,0.0,0.0,0.0,0.0,0.0,0.0
4,0,0.88263583,0.0,0.0,0.11736417,0.0,0.0,0.0,0.0,0.0,0.0,0.0,0.0
4,0,0.88263583,0.0,0.0,0.11736417,0.0,0.0,0.0,0.0,0.0,0.0,0.0,0.0
4,0,0.88263583,0.0,0.0,0.11736417,0.0,0.0,0.0,0.0,0.0,0.0,0.0,0.0
4,0,0.88263583,0.0,0.0,0.11736417,0.0,0.0,0.0,0.0,0.0,0.0,0.0,0.0
4,0,0.88263583,0.0,0.0,0.11736417,0.0,0.0,0.0,0.0,0.0,0.0,0.0,0.0
4,0,0.88263583,0.0,0.0,0.11736417,0.0,0.0,0.0,0.0,0.0,0.0,0.0,0.0
4,0,0.7822911,0.0,0.0,0.2177089,0.0,0.0,0.0,0.0,0.0,0.0,0.0,0.0
4,0,0.7822911,0.0,0.0,0.2177089,0.0,0.0,0.0,0.0,0.0,0.0,0.0,0.0
4,0,0.7822911,0.0,0.0,0.2177089,0.0,0.0,0.0,0.0,0.0,0.0,0.0,0.0
4,0,0.7822911,0.0,0.0,0.2177089,0.0,0.0,0.0,0.0,0.0,0.0,0.0,0.0
4,0,0.71579844,0.0,0.0,0.28420156,0.0,0.0,0.0,0.0,0.0,0.0,0.0,0.0
4,0,0.71579844,0.0,0.0,0.28420156,0.0,0.0,0.0,0.0,0.0,0.0,0.0,0.0
4,0,0.71579844,0.0,0.0,0.28420156,0.0,0.0,0.0,0.0,0.0,0.0,0.0,0.0
4,0,0.71579844,0.0,0.0,0.28420156,0.0,0.0,0.0,0.0,0.0,0.0,0.0,0.0
4,0,0.71579844,0.0,0.0,0.28420156,0.0,0.0,0.0,0.0,0.0,0.0,0.0,0.0
4,0,0.71579844,0.0,0.0,0.28420156,0.0,0.0,0.0,0.0,0.0,0.0,0.0,0.0
4,0,0.71579844,0.0,0.0,0.28420156,0.0,0.0,0.0,0.0,0.0,0.0,0.0,0.0
4,0,0.71579844,0.0,0.0,0.28420156,0.0,0.0,0.0,0.0,0.0,0.0,0.0,0.0
4,0,0.66652846,0.0,0.0,0.33347154,0.0,0.0,0.0,0.0,0.0,0.0,0.0,0.0
4,0,0.66652846,0.0,0.0,0.33347154,0.0,0.0,0.0,0.0,0.0,0.0,0.0,0.0
4,0,0.66652846,0.0,0.0,0.33347154,0.0,0.0,0.0,0.0,0.0,0.0,0.0,0.0
4,0,0.66652846,0.0,0.0,0.33347154,0.0,0.0,0.0,0.0,0.0,0.0,0.0,0.0
4,0,0.66652846,0.0,0.0,0.33347154,0.0,0.0,0.0,0.0,0.0,0.0,0.0,0.0
4,0,0.66652846,0.0,0.0,0.33347154,0.0,0.0,0.0,0.0,0.0,0.0,0.0,0.0
4,0,0.66652846,0.0,0.0,0.33347154,0.0,0.0,0.0,0.0,0.0,0.0,0.0,0.0
4,0,0.66652846,0.0,0.0,0.33347154,0.0,0.0,0.0,0.0,0.0,0.0,0.0,0.0
4,0,0.66652846,0.0,0.0,0.33347154,0.0,0.0,0.0,0.0,0.0,0.0,0.0,0.0
4,0,0.66652846,0.0,0.0,0.33347154,0.0,0.0,0.0,0.0,0.0,0.0,0.0,0.0
4,0,0.66652846,0.0,0.0,0.33347154,0.0,0.0,0.0,0.0,0.0,0.0,0.0,0.0
4,0,0.66652846,0.0,0.0,0.33347154,0.0,0.0,0.0,0.0,0.0,0.0,0.0,0.0
4,0,0.66652846,0.0,0.0,0.33347154,0.0,0.0,0.0,0.0,0.0,0.0,0.0,0.0
4,0,0.66652846,0.0,0.0,0.33347154,0.0,0.0,0.0,0.0,0.0,0.0,0.0,0.0
4,0,0.66652846,0.0,0.0,0.33347154,0.0,0.0,0.0,0.0,0.0,0.0,0.0,0.0
4,0,0.66652846,0.0,0.0,0.33347154,0.0,0.0,0.0,0.0,0.0,0.0,0.0,0.0
4,0,0.6802005,0.0,0.0,0.3197995,0.0,0.0,0.0,0.0,0.0,0.0,0.0,0.0
4,0,0.6802005,0.0,0.0,0.3197995,0.0,0.0,0.0,0.0,0.0,0.0,0.0,0.0
4,0,0.6802005,0.0,0.0,0.3197995,0.0,0.0,0.0,0.0,0.0,0.0,0.0,0.0
4,0,0.6802005,0.0,0.0,0.3197995,0.0,0.0,0.0,0.0,0.0,0.0,0.0,0.0
4,0,0.6802005,0.0,0.0,0.3197995,0.0,0.0,0.0,0.0,0.0,0.0,0.0,0.0
4,0,0.6802005,0.0,0.0,0.3197995,0.0,0.0,0.0,0.0,0.0,0.0,0.0,0.0
4,0,0.6802005,0.0,0.0,0.3197995,0.0,0.0,0.0,0.0,0.0,0.0,0.0,0.0
4,0,0.6802005,0.0,0.0,0.3197995,0.0,0.0,0.0,0.0,0.0,0.0,0.0,0.0
4,0,0.6802005,0.0,0.0,0.3197995,0.0,0.0,0.0,0.0,0.0,0.0,0.0,0.0
4,0,0.6802005,0.0,0.0,0.3197995,0.0,0.0,0.0,0.0,0.0,0.0,0.0,0.0
4,0,0.6802005,0.0,0.0,0.3197995,0.0,0.0,0.0,0.0,0.0,0.0,0.0,0.0
4,0,0.6802005,0.0,0.0,0.3197995,0.0,0.0,0.0,0.0,0.0,0.0,0.0,0.0
4,0,0.6802005,0.0,0.0,0.3197995,0.0,0.0,0.0,0.0,0.0,0.0,0.0,0.0
4,0,0.6802005,0.0,0.0,0.3197995,0.0,0.0,0.0,0.0,0.0,0.0,0.0,0.0
4,0,0.6802005,0.0,0.0,0.3197995,0.0,0.0,0.0,0.0,0.0,0.0,0.0,0.0
4,0,0.6802005,0.0,0.0,0.3197995,0.0,0.0,0.0,0.0,0.0,0.0,0.0,0.0
4,0,0.6802005,0.0,0.0,0.3197995,0.0,0.0,0.0,0.0,0.0,0.0,0.0,0.0
4,0,0.59977025,0.0,0.0,0.40022978,0.0,0.0,0.0,0.0,0.0,0.0,0.0,0.0
4,0,0.59977025,0.0,0.0,0.40022978,0.0,0.0,0.0,0.0,0.0,0.0,0.0,0.0
4,0,0.59977025,0.0,0.0,0.40022978,0.0,0.0,0.0,0.0,0.0,0.0,0.0,0.0
4,0,0.59977025,0.0,0.0,0.40022978,0.0,0.0,0.0,0.0,0.0,0.0,0.0,0.0
4,0,0.59977025,0.0,0.0,0.40022978,0.0,0.0,0.0,0.0,0.0,0.0,0.0,0.0
4,0,0.59977025,0.0,0.0,0.40022978,0.0,0.0,0.0,0.0,0.0,0.0,0.0,0.0
4,0,0.59977025,0.0,0.0,0.40022978,0.0,0.0,0.0,0.0,0.0,0.0,0.0,0.0
4,0,0.59977025,0.0,0.0,0.40022978,0.0,0.0,0.0,0.0,0.0,0.0,0.0,0.0
4,0,0.59977025,0.0,0.0,0.40022978,0.0,0.0,0.0,0.0,0.0,0.0,0.0,0.0
4,0,0.59977025,0.0,0.0,0.40022978,0.0,0.0,0.0,0.0,0.0,0.0,0.0,0.0
4,0,0.59977025,0.0,0.0,0.40022978,0.0,0.0,0.0,0.0,0.0,0.0,0.0,0.0
4,0,0.59977025,0.0,0.0,0.40022978,0.0,0.0,0.0,0.0,0.0,0.0,0.0,0.0
4,0,0.59977025,0.0,0.0,0.40022978,0.0,0.0,0.0,0.0,0.0,0.0,0.0,0.0
4,0,0.59977025,0.0,0.0,0.40022978,0.0,0.0,0.0,0.0,0.0,0.0,0.0,0.0
4,0,0.59977025,0.0,0.0,0.40022978,0.0,0.0,0.0,0.0,0.0,0.0,0.0,0.0
4,0,0.59977025,0.0,0.0,0.40022978,0.0,0.0,0.0,0.0,0.0,0.0,0.0,0.0
4,0,0.59977025,0.0,0.0,0.40022978,0.0,0.0,0.0,0.0,0.0,0.0,0.0,0.0
4,0,0.59977025,0.0,0.0,0.40022978,0.0,0.0,0.0,0.0,0.0,0.0,0.0,0.0
4,0,0.59977025,0.0,0.0,0.40022978,0.0,0.0,0.0,0.0,0.0,0.0,0.0,0.0
4,0,0.59977025,0.0,0.0,0.40022978,0.0,0.0,0.0,0.0,0.0,0.0,0.0,0.0
4,0,0.59977025,0.0,0.0,0.40022978,0.0,0.0,0.0,0.0,0.0,0.0,0.0,0.0
4,0,0.59977025,0.0,0.0,0.40022978,0.0,0.0,0.0,0.0,0.0,0.0,0.0,0.0
4,0,0.59977025,0.0,0.0,0.40022978,0.0,0.0,0.0,0.0,0.0,0.0,0.0,0.0
4,0,0.59977025,0.0,0.0,0.40022978,0.0,0.0,0.0,0.0,0.0,0.0,0.0,0.0
4,0,0.59977025,0.0,0.0,0.40022978,0.0,0.0,0.0,0.0,0.0,0.0,0.0,0.0
4,0,0.59977025,0.0,0.0,0.40022978,0.0,0.0,0.0,0.0,0.0,0.0,0.0,0.0
4,0,0.59977025,0.0,0.0,0.40022978,0.0,0.0,0.0,0.0,0.0,0.0,0.0,0.0
4,0,0.59977025,0.0,0.0,0.40022978,0.0,0.0,0.0,0.0,0.0,0.0,0.0,0.0
4,0,0.59977025,0.0,0.0,0.40022978,0.0,0.0,0.0,0.0,0.0,0.0,0.0,0.0
4,0,0.59977025,0.0,0.0,0.40022978,0.0,0.0,0.0,0.0,0.0,0.0,0.0,0.0
4,0,0.59977025,0.0,0.0,0.40022978,0.0,0.0,0.0,0.0,0.0,0.0,0.0,0.0
4,0,0.59977025,0.0,0.0,0.40022978,0.0,0.0,0.0,0.0,0.0,0.0,0.0,0.0
4,0,0.59977025,0.0,0.0,0.40022978,0.0,0.0,0.0,0.0,0.0,0.0,0.0,0.0
4,0,0.59977025,0.0,0.0,0.40022978,0.0,0.0,0.0,0.0,0.0,0.0,0.0,0.0
4,0,0.59977025,0.0,0.0,0.40022978,0.0,0.0,0.0,0.0,0.0,0.0,0.0,0.0
4,0,0.59977025,0.0,0.0,0.40022978,0.0,0.0,0.0,0.0,0.0,0.0,0.0,0.0
4,0,0.59977025,0.0,0.0,0.40022978,0.0,0.0,0.0,0.0,0.0,0.0,0.0,0.0
4,0,0.59977025,0.0,0.0,0.40022978,0.0,0.0,0.0,0.0,0.0,0.0,0.0,0.0
4,0,0.59977025,0.0,0.0,0.40022978,0.0,0.0,0.0,0.0,0.0,0.0,0.0,0.0
4,0,0.5367542,0.0,0.0,0.46324584,0.0,0.0,0.0,0.0,0.0,0.0,0.0,0.0
4,0,0.5367542,0.0,0.0,0.46324584,0.0,0.0,0.0,0.0,0.0,0.0,0.0,0.0
4,0,0.5367542,0.0,0.0,0.46324584,0.0,0.0,0.0,0.0,0.0,0.0,0.0,0.0
4,0,0.5367542,0.0,0.0,0.46324584,0.0,0.0,0.0,0.0,0.0,0.0,0.0,0.0
4,0,0.5367542,0.0,0.0,0.46324584,0.0,0.0,0.0,0.0,0.0,0.0,0.0,0.0
4,0,0.5367542,0.0,0.0,0.46324584,0.0,0.0,0.0,0.0,0.0,0.0,0.0,0.0
4,0,0.5367542,0.0,0.0,0.46324584,0.0,0.0,0.0,0.0,0.0,0.0,0.0,0.0
4,0,0.5367542,0.0,0.0,0.46324584,0.0,0.0,0.0,0.0,0.0,0.0,0.0,0.0
4,0,0.5367542,0.0,0.0,0.46324584,0.0,0.0,0.0,0.0,0.0,0.0,0.0,0.0
4,0,0.5367542,0.0,0.0,0.46324584,0.0,0.0,0.0,0.0,0.0,0.0,0.0,0.0
4,0,0.5367542,0.0,0.0,0.46324584,0.0,0.0,0.0,0.0,0.0,0.0,0.0,0.0
4,0,0.5367542,0.0,0.0,0.46324584,0.0,0.0,0.0,0.0,0.0,0.0,0.0,0.0
4,0,0.5367542,0.0,0.0,0.46324584,0.0,0.0,0.0,0.0,0.0,0.0,0.0,0.0
4,0,0.5367542,0.0,0.0,0.46324584,0.0,0.0,0.0,0.0,0.0,0.0,0.0,0.0
4,0,0.5367542,0.0,0.0,0.46324584,0.0,0.0,0.0,0.0,0.0,0.0,0.0,0.0
4,0,0.5367542,0.0,0.0,0.46324584,0.0,0.0,0.0,0.0,0.0,0.0,0.0,0.0
4,3,0.3991692,0.0,0.0,0.6008308,0.0,0.0,0.0,0.0,0.0,0.0,0.0,0.0
4,3,0.3991692,0.0,0.0,0.6008308,0.0,0.0,0.0,0.0,0.0,0.0,0.0,0.0
4,3,0.3991692,0.0,0.0,0.6008308,0.0,0.0,0.0,0.0,0.0,0.0,0.0,0.0
4,3,0.3991692,0.0,0.0,0.6008308,0.0,0.0,0.0,0.0,0.0,0.0,0.0,0.0
4,3,0.3991692,0.0,0.0,0.6008308,0.0,0.0,0.0,0.0,0.0,0.0,0.0,0.0
4,3,0.3991692,0.0,0.0,0.6008308,0.0,0.0,0.0,0.0,0.0,0.0,0.0,0.0
4,3,0.3991692,0.0,0.0,0.6008308,0.0,0.0,0.0,0.0,0.0,0.0,0.0,0.0
4,3,0.3991692,0.0,0.0,0.6008308,0.0,0.0,0.0,0.0,0.0,0.0,0.0,0.0
4,3,0.3991692,0.0,0.0,0.6008308,0.0,0.0,0.0,0.0,0.0,0.0,0.0,0.0
4,3,0.3991692,0.0,0.0,0.6008308,0.0,0.0,0.0,0.0,0.0,0.0,0.0,0.0
4,3,0.3991692,0.0,0.0,0.6008308,0.0,0.0,0.0,0.0,0.0,0.0,0.0,0.0
4,3,0.3991692,0.0,0.0,0.6008308,0.0,0.0,0.0,0.0,0.0,0.0,0.0,0.0
4,3,0.3991692,0.0,0.0,0.6008308,0.0,0.0,0.0,0.0,0.0,0.0,0.0,0.0
4,3,0.3991692,0.0,0.0,0.6008308,0.0,0.0,0.0,0.0,0.0,0.0,0.0,0.0
4,3,0.3991692,0.0,0.0,0.6008308,0.0,0.0,0.0,0.0,0.0,0.0,0.0,0.0
4,3,0.3991692,0.0,0.0,0.6008308,0.0,0.0,0.0,0.0,0.0,0.0,0.0,0.0
4,3,0.3991692,0.0,0.0,0.6008308,0.0,0.0,0.0,0.0,0.0,0.0,0.0,0.0
4,3,0.3991692,0.0,0.0,0.6008308,0.0,0.0,0.0,0.0,0.0,0.0,0.0,0.0
4,3,0.3991692,0.0,0.0,0.6008308,0.0,0.0,0.0,0.0,0.0,0.0,0.0,0.0
4,3,0.3991692,0.0,0.0,0.6008308,0.0,0.0,0.0,0.0,0.0,0.0,0.0,0.0
4,3,0.3991692,0.0,0.0,0.6008308,0.0,0.0,0.0,0.0,0.0,0.0,0.0,0.0
4,3,0.3991692,0.0,0.0,0.6008308,0.0,0.0,0.0,0.0,0.0,0.0,0.0,0.0
4,3,0.3991692,0.0,0.0,0.6008308,0.0,0.0,0.0,0.0,0.0,0.0,0.0,0.0
4,3,0.3991692,0.0,0.0,0.6008308,0.0,0.0,0.0,0.0,0.0,0.0,0.0,0.0
4,3,0.3991692,0.0,0.0,0.6008308,0.0,0.0,0.0,0.0,0.0,0.0,0.0,0.0
4,3,0.3991692,0.0,0.0,0.6008308,0.0,0.0,0.0,0.0,0.0,0.0,0.0,0.0
4,3,0.339545,0.0,0.0,0.66045505,0.0,0.0,0.0,0.0,0.0,0.0,0.0,0.0
4,3,0.339545,0.0,0.0,0.66045505,0.0,0.0,0.0,0.0,0.0,0.0,0.0,0.0
4,3,0.339545,0.0,0.0,0.66045505,0.0,0.0,0.0,0.0,0.0,0.0,0.0,0.0
4,3,0.339545,0.0,0.0,0.66045505,0.0,0.0,0.0,0.0,0.0,0.0,0.0,0.0
4,3,0.339545,0.0,0.0,0.66045505,0.0,0.0,0.0,0.0,0.0,0.0,0.0,0.0
4,3,0.339545,0.0,0.0,0.66045505,0.0,0.0,0.0,0.0,0.0,0.0,0.0,0.0
4,3,0.339545,0.0,0.0,0.66045505,0.0,0.0,0.0,0.0,0.0,0.0,0.0,0.0
4,3,0.339545,0.0,0.0,0.66045505,0.0,0.0,0.0,0.0,0.0,0.0,0.0,0.0
4,3,0.339545,0.0,0.0,0.66045505,0.0,0.0,0.0,0.0,0.0,0.0,0.0,0.0
4,3,0.339545,0.0,0.0,0.66045505,0.0,0.0,0.0,0.0,0.0,0.0,0.0,0.0
4,3,0.339545,0.0,0.0,0.66045505,0.0,0.0,0.0,0.0,0.0,0.0,0.0,0.0
4,3,0.339545,0.0,0.0,0.66045505,0.0,0.0,0.0,0.0,0.0,0.0,0.0,0.0
4,3,0.339545,0.0,0.0,0.66045505,0.0,0.0,0.0,0.0,0.0,0.0,0.0,0.0
4,3,0.339545,0.0,0.0,0.66045505,0.0,0.0,0.0,0.0,0.0,0.0,0.0,0.0
4,3,0.339545,0.0,0.0,0.66045505,0.0,0.0,0.0,0.0,0.0,0.0,0.0,0.0
4,3,0.339545,0.0,0.0,0.66045505,0.0,0.0,0.0,0.0,0.0,0.0,0.0,0.0
4,3,0.339545,0.0,0.0,0.66045505,0.0,0.0,0.0,0.0,0.0,0.0,0.0,0.0
4,3,0.339545,0.0,0.0,0.66045505,0.0,0.0,0.0,0.0,0.0,0.0,0.0,0.0
4,3,0.339545,0.0,0.0,0.66045505,0.0,0.0,0.0,0.0,0.0,0.0,0.0,0.0
4,3,0.339545,0.0,0.0,0.66045505,0.0,0.0,0.0,0.0,0.0,0.0,0.0,0.0
4,3,0.339545,0.0,0.0,0.66045505,0.0,0.0,0.0,0.0,0.0,0.0,0.0,0.0
4,3,0.339545,0.0,0.0,0.66045505,0.0,0.0,0.0,0.0,0.0,0.0,0.0,0.0
4,3,0.339545,0.0,0.0,0.66045505,0.0,0.0,0.0,0.0,0.0,0.0,0.0,0.0
4,3,0.339545,0.0,0.0,0.66045505,0.0,0.0,0.0,0.0,0.0,0.0,0.0,0.0
4,3,0.339545,0.0,0.0,0.66045505,0.0,0.0,0.0,0.0,0.0,0.0,0.0,0.0
4,3,0.339545,0.0,0.0,0.66045505,0.0,0.0,0.0,0.0,0.0,0.0,0.0,0.0
4,3,0.339545,0.0,0.0,0.66045505,0.0,0.0,0.0,0.0,0.0,0.0,0.0,0.0
4,3,0.339545,0.0,0.0,0.66045505,0.0,0.0,0.0,0.0,0.0,0.0,0.0,0.0
4,3,0.339545,0.0,0.0,0.66045505,0.0,0.0,0.0,0.0,0.0,0.0,0.0,0.0
4,3,0.339545,0.0,0.0,0.66045505,0.0,0.0,0.0,0.0,0.0,0.0,0.0,0.0
4,3,0.339545,0.0,0.0,0.66045505,0.0,0.0,0.0,0.0,0.0,0.0,0.0,0.0
4,3,0.339545,0.0,0.0,0.66045505,0.0,0.0,0.0,0.0,0.0,0.0,0.0,0.0
4,3,0.339545,0.0,0.0,0.66045505,0.0,0.0,0.0,0.0,0.0,0.0,0.0,0.0
4,3,0.339545,0.0,0.0,0.66045505,0.0,0.0,0.0,0.0,0.0,0.0,0.0,0.0
4,3,0.339545,0.0,0.0,0.66045505,0.0,0.0,0.0,0.0,0.0,0.0,0.0,0.0
4,3,0.339545,0.0,0.0,0.66045505,0.0,0.0,0.0,0.0,0.0,0.0,0.0,0.0
4,3,0.339545,0.0,0.0,0.66045505,0.0,0.0,0.0,0.0,0.0,0.0,0.0,0.0
4,3,0.339545,0.0,0.0,0.66045505,0.0,0.0,0.0,0.0,0.0,0.0,0.0,0.0
4,3,0.31204474,0.0,0.0,0.68795526,0.0,0.0,0.0,0.0,0.0,0.0,0.0,0.0
4,3,0.31204474,0.0,0.0,0.68795526,0.0,0.0,0.0,0.0,0.0,0.0,0.0,0.0
4,3,0.31204474,0.0,0.0,0.68795526,0.0,0.0,0.0,0.0,0.0,0.0,0.0,0.0
4,3,0.31204474,0.0,0.0,0.68795526,0.0,0.0,0.0,0.0,0.0,0.0,0.0,0.0
4,3,0.31204474,0.0,0.0,0.68795526,0.0,0.0,0.0,0.0,0.0,0.0,0.0,0.0
4,3,0.31204474,0.0,0.0,0.68795526,0.0,0.0,0.0,0.0,0.0,0.0,0.0,0.0
4,3,0.31204474,0.0,0.0,0.68795526,0.0,0.0,0.0,0.0,0.0,0.0,0.0,0.0
4,3,0.31204474,0.0,0.0,0.68795526,0.0,0.0,0.0,0.0,0.0,0.0,0.0,0.0
4,3,0.31204474,0.0,0.0,0.68795526,0.0,0.0,0.0,0.0,0.0,0.0,0.0,0.0
4,3,0.31204474,0.0,0.0,0.68795526,0.0,0.0,0.0,0.0,0.0,0.0,0.0,0.0
4,3,0.31204474,0.0,0.0,0.68795526,0.0,0.0,0.0,0.0,0.0,0.0,0.0,0.0
4,3,0.31204474,0.0,0.0,0.68795526,0.0,0.0,0.0,0.0,0.0,0.0,0.0,0.0
4,3,0.31204474,0.0,0.0,0.68795526,0.0,0.0,0.0,0.0,0.0,0.0,0.0,0.0
4,3,0.31204474,0.0,0.0,0.68795526,0.0,0.0,0.0,0.0,0.0,0.0,0.0,0.0
4,3,0.31204474,0.0,0.0,0.68795526,0.0,0.0,0.0,0.0,0.0,0.0,0.0,0.0
4,3,0.31204474,0.0,0.0,0.68795526,0.0,0.0,0.0,0.0,0.0,0.0,0.0,0.0
4,3,0.31204474,0.0,0.0,0.68795526,0.0,0.0,0.0,0.0,0.0,0.0,0.0,0.0
4,3,0.31204474,0.0,0.0,0.68795526,0.0,0.0,0.0,0.0,0.0,0.0,0.0,0.0
4,3,0.31204474,0.0,0.0,0.68795526,0.0,0.0,0.0,0.0,0.0,0.0,0.0,0.0
4,3,0.31204474,0.0,0.0,0.68795526,0.0,0.0,0.0,0.0,0.0,0.0,0.0,0.0
4,3,0.31204474,0.0,0.0,0.68795526,0.0,0.0,0.0,0.0,0.0,0.0,0.0,0.0
4,3,0.31204474,0.0,0.0,0.68795526,0.0,0.0,0.0,0.0,0.0,0.0,0.0,0.0
4,3,0.31204474,0.0,0.0,0.68795526,0.0,0.0,0.0,0.0,0.0,0.0,0.0,0.0
4,3,0.31204474,0.0,0.0,0.68795526,0.0,0.0,0.0,0.0,0.0,0.0,0.0,0.0
4,3,0.31204474,0.0,0.0,0.68795526,0.0,0.0,0.0,0.0,0.0,0.0,0.0,0.0
4,3,0.31204474,0.0,0.0,0.68795526,0.0,0.0,0.0,0.0,0.0,0.0,0.0,0.0
4,3,0.31204474,0.0,0.0,0.68795526,0.0,0.0,0.0,0.0,0.0,0.0,0.0,0.0
4,3,0.31204474,0.0,0.0,0.68795526,0.0,0.0,0.0,0.0,0.0,0.0,0.0,0.0
4,3,0.31204474,0.0,0.0,0.68795526,0.0,0.0,0.0,0.0,0.0,0.0,0.0,0.0
4,3,0.31204474,0.0,0.0,0.68795526,0.0,0.0,0.0,0.0,0.0,0.0,0.0,0.0
4,3,0.31204474,0.0,0.0,0.68795526,0.0,0.0,0.0,0.0,0.0,0.0,0.0,0.0
4,3,0.31204474,0.0,0.0,0.68795526,0.0,0.0,0.0,0.0,0.0,0.0,0.0,0.0
4,3,0.31204474,0.0,0.0,0.68795526,0.0,0.0,0.0,0.0,0.0,0.0,0.0,0.0
4,3,0.31204474,0.0,0.0,0.68795526,0.0,0.0,0.0,0.0,0.0,0.0,0.0,0.0
4,3,0.31204474,0.0,0.0,0.68795526,0.0,0.0,0.0,0.0,0.0,0.0,0.0,0.0
4,3,0.31204474,0.0,0.0,0.68795526,0.0,0.0,0.0,0.0,0.0,0.0,0.0,0.0
4,3,0.31204474,0.0,0.0,0.68795526,0.0,0.0,0.0,0.0,0.0,0.0,0.0,0.0
4,3,0.31204474,0.0,0.0,0.68795526,0.0,0.0,0.0,0.0,0.0,0.0,0.0,0.0
4,3,0.31204474,0.0,0.0,0.68795526,0.0,0.0,0.0,0.0,0.0,0.0,0.0,0.0
4,3,0.31204474,0.0,0.0,0.68795526,0.0,0.0,0.0,0.0,0.0,0.0,0.0,0.0
4,3,0.31204474,0.0,0.0,0.68795526,0.0,0.0,0.0,0.0,0.0,0.0,0.0,0.0
4,3,0.31204474,0.0,0.0,0.68795526,0.0,0.0,0.0,0.0,0.0,0.0,0.0,0.0
4,3,0.31204474,0.0,0.0,0.68795526,0.0,0.0,0.0,0.0,0.0,0.0,0.0,0.0
4,3,0.31204474,0.0,0.0,0.68795526,0.0,0.0,0.0,0.0,0.0,0.0,0.0,0.0
4,3,0.31204474,0.0,0.0,0.68795526,0.0,0.0,0.0,0.0,0.0,0.0,0.0,0.0
4,3,0.31204474,0.0,0.0,0.68795526,0.0,0.0,0.0,0.0,0.0,0.0,0.0,0.0
4,3,0.31204474,0.0,0.0,0.68795526,0.0,0.0,0.0,0.0,0.0,0.0,0.0,0.0
4,3,0.31204474,0.0,0.0,0.68795526,0.0,0.0,0.0,0.0,0.0,0.0,0.0,0.0
4,3,0.31204474,0.0,0.0,0.68795526,0.0,0.0,0.0,0.0,0.0,0.0,0.0,0.0
4,3,0.31204474,0.0,0.0,0.68795526,0.0,0.0,0.0,0.0,0.0,0.0,0.0,0.0
4,3,0.31204474,0.0,0.0,0.68795526,0.0,0.0,0.0,0.0,0.0,0.0,0.0,0.0
4,3,0.31204474,0.0,0.0,0.68795526,0.0,0.0,0.0,0.0,0.0,0.0,0.0,0.0
4,3,0.31204474,0.0,0.0,0.68795526,0.0,0.0,0.0,0.0,0.0,0.0,0.0,0.0
4,3,0.31204474,0.0,0.0,0.68795526,0.0,0.0,0.0,0.0,0.0,0.0,0.0,0.0
4,3,0.31204474,0.0,0.0,0.68795526,0.0,0.0,0.0,0.0,0.0,0.0,0.0,0.0
4,3,0.31204474,0.0,0.0,0.68795526,0.0,0.0,0.0,0.0,0.0,0.0,0.0,0.0
4,3,0.31204474,0.0,0.0,0.68795526,0.0,0.0,0.0,0.0,0.0,0.0,0.0,0.0
4,3,0.31204474,0.0,0.0,0.68795526,0.0,0.0,0.0,0.0,0.0,0.0,0.0,0.0
4,3,0.31204474,0.0,0.0,0.68795526,0.0,0.0,0.0,0.0,0.0,0.0,0.0,0.0
4,3,0.31204474,0.0,0.0,0.68795526,0.0,0.0,0.0,0.0,0.0,0.0,0.0,0.0
4,3,0.31204474,0.0,0.0,0.68795526,0.0,0.0,0.0,0.0,0.0,0.0,0.0,0.0
4,3,0.31204474,0.0,0.0,0.68795526,0.0,0.0,0.0,0.0,0.0,0.0,0.0,0.0
4,3,0.31204474,0.0,0.0,0.68795526,0.0,0.0,0.0,0.0,0.0,0.0,0.0,0.0
4,3,0.31204474,0.0,0.0,0.68795526,0.0,0.0,0.0,0.0,0.0,0.0,0.0,0.0
4,3,0.31204474,0.0,0.0,0.68795526,0.0,0.0,0.0,0.0,0.0,0.0,0.0,0.0
4,3,0.31204474,0.0,0.0,0.68795526,0.0,0.0,0.0,0.0,0.0,0.0,0.0,0.0
4,3,0.31204474,0.0,0.0,0.68795526,0.0,0.0,0.0,0.0,0.0,0.0,0.0,0.0
4,3,0.31204474,0.0,0.0,0.68795526,0.0,0.0,0.0,0.0,0.0,0.0,0.0,0.0
4,3,0.31204474,0.0,0.0,0.68795526,0.0,0.0,0.0,0.0,0.0,0.0,0.0,0.0
4,3,0.31204474,0.0,0.0,0.68795526,0.0,0.0,0.0,0.0,0.0,0.0,0.0,0.0
4,3,0.31204474,0.0,0.0,0.68795526,0.0,0.0,0.0,0.0,0.0,0.0,0.0,0.0
4,3,0.31204474,0.0,0.0,0.68795526,0.0,0.0,0.0,0.0,0.0,0.0,0.0,0.0
4,3,0.31204474,0.0,0.0,0.68795526,0.0,0.0,0.0,0.0,0.0,0.0,0.0,0.0
4,3,0.31204474,0.0,0.0,0.68795526,0.0,0.0,0.0,0.0,0.0,0.0,0.0,0.0
4,3,0.31204474,0.0,0.0,0.68795526,0.0,0.0,0.0,0.0,0.0,0.0,0.0,0.0
4,3,0.31204474,0.0,0.0,0.68795526,0.0,0.0,0.0,0.0,0.0,0.0,0.0,0.0
4,3,0.31204474,0.0,0.0,0.68795526,0.0,0.0,0.0,0.0,0.0,0.0,0.0,0.0
4,3,0.31204474,0.0,0.0,0.68795526,0.0,0.0,0.0,0.0,0.0,0.0,0.0,0.0
4,3,0.31204474,0.0,0.0,0.68795526,0.0,0.0,0.0,0.0,0.0,0.0,0.0,0.0
4,3,0.31204474,0.0,0.0,0.68795526,0.0,0.0,0.0,0.0,0.0,0.0,0.0,0.0
4,3,0.31204474,0.0,0.0,0.68795526,0.0,0.0,0.0,0.0,0.0,0.0,0.0,0.0
4,3,0.31204474,0.0,0.0,0.68795526,0.0,0.0,0.0,0.0,0.0,0.0,0.0,0.0
4,3,0.31204474,0.0,0.0,0.68795526,0.0,0.0,0.0,0.0,0.0,0.0,0.0,0.0
4,3,0.31204474,0.0,0.0,0.68795526,0.0,0.0,0.0,0.0,0.0,0.0,0.0,0.0
4,3,0.31204474,0.0,0.0,0.68795526,0.0,0.0,0.0,0.0,0.0,0.0,0.0,0.0
4,3,0.31204474,0.0,0.0,0.68795526,0.0,0.0,0.0,0.0,0.0,0.0,0.0,0.0
4,3,0.31204474,0.0,0.0,0.68795526,0.0,0.0,0.0,0.0,0.0,0.0,0.0,0.0
4,3,0.31204474,0.0,0.0,0.68795526,0.0,0.0,0.0,0.0,0.0,0.0,0.0,0.0
4,3,0.31204474,0.0,0.0,0.68795526,0.0,0.0,0.0,0.0,0.0,0.0,0.0,0.0
4,3,0.31204474,0.0,0.0,0.68795526,0.0,0.0,0.0,0.0,0.0,0.0,0.0,0.0
4,3,0.31204474,0.0,0.0,0.68795526,0.0,0.0,0.0,0.0,0.0,0.0,0.0,0.0
4,3,0.31204474,0.0,0.0,0.68795526,0.0,0.0,0.0,0.0,0.0,0.0,0.0,0.0
4,3,0.31204474,0.0,0.0,0.68795526,0.0,0.0,0.0,0.0,0.0,0.0,0.0,0.0
4,3,0.31204474,0.0,0.0,0.68795526,0.0,0.0,0.0,0.0,0.0,0.0,0.0,0.0
4,3,0.31204474,0.0,0.0,0.68795526,0.0,0.0,0.0,0.0,0.0,0.0,0.0,0.0
4,3,0.31204474,0.0,0.0,0.68795526,0.0,0.0,0.0,0.0,0.0,0.0,0.0,0.0
4,3,0.31204474,0.0,0.0,0.68795526,0.0,0.0,0.0,0.0,0.0,0.0,0.0,0.0
4,3,0.31204474,0.0,0.0,0.68795526,0.0,0.0,0.0,0.0,0.0,0.0,0.0,0.0
4,3,0.31204474,0.0,0.0,0.68795526,0.0,0.0,0.0,0.0,0.0,0.0,0.0,0.0
4,3,0.31204474,0.0,0.0,0.68795526,0.0,0.0,0.0,0.0,0.0,0.0,0.0,0.0
4,3,0.31204474,0.0,0.0,0.68795526,0.0,0.0,0.0,0.0,0.0,0.0,0.0,0.0
4,3,0.31204474,0.0,0.0,0.68795526,0.0,0.0,0.0,0.0,0.0,0.0,0.0,0.0
4,3,0.31204474,0.0,0.0,0.68795526,0.0,0.0,0.0,0.0,0.0,0.0,0.0,0.0
4,3,0.31204474,0.0,0.0,0.68795526,0.0,0.0,0.0,0.0,0.0,0.0,0.0,0.0
4,3,0.31204474,0.0,0.0,0.68795526,0.0,0.0,0.0,0.0,0.0,0.0,0.0,0.0
4,3,0.31204474,0.0,0.0,0.68795526,0.0,0.0,0.0,0.0,0.0,0.0,0.0,0.0
4,3,0.31204474,0.0,0.0,0.68795526,0.0,0.0,0.0,0.0,0.0,0.0,0.0,0.0
4,3,0.31204474,0.0,0.0,0.68795526,0.0,0.0,0.0,0.0,0.0,0.0,0.0,0.0
4,3,0.31204474,0.0,0.0,0.68795526,0.0,0.0,0.0,0.0,0.0,0.0,0.0,0.0
4,3,0.31204474,0.0,0.0,0.68795526,0.0,0.0,0.0,0.0,0.0,0.0,0.0,0.0
4,3,0.31204474,0.0,0.0,0.68795526,0.0,0.0,0.0,0.0,0.0,0.0,0.0,0.0
4,3,0.31204474,0.0,0.0,0.68795526,0.0,0.0,0.0,0.0,0.0,0.0,0.0,0.0
4,3,0.31204474,0.0,0.0,0.68795526,0.0,0.0,0.0,0.0,0.0,0.0,0.0,0.0
4,3,0.31204474,0.0,0.0,0.68795526,0.0,0.0,0.0,0.0,0.0,0.0,0.0,0.0
4,3,0.31204474,0.0,0.0,0.68795526,0.0,0.0,0.0,0.0,0.0,0.0,0.0,0.0
4,3,0.31204474,0.0,0.0,0.68795526,0.0,0.0,0.0,0.0,0.0,0.0,0.0,0.0
4,3,0.31204474,0.0,0.0,0.68795526,0.0,0.0,0.0,0.0,0.0,0.0,0.0,0.0
4,3,0.31204474,0.0,0.0,0.68795526,0.0,0.0,0.0,0.0,0.0,0.0,0.0,0.0
4,3,0.31204474,0.0,0.0,0.68795526,0.0,0.0,0.0,0.0,0.0,0.0,0.0,0.0
4,3,0.31204474,0.0,0.0,0.68795526,0.0,0.0,0.0,0.0,0.0,0.0,0.0,0.0
4,3,0.31204474,0.0,0.0,0.68795526,0.0,0.0,0.0,0.0,0.0,0.0,0.0,0.0
4,3,0.31204474,0.0,0.0,0.68795526,0.0,0.0,0.0,0.0,0.0,0.0,0.0,0.0
4,3,0.31204474,0.0,0.0,0.68795526,0.0,0.0,0.0,0.0,0.0,0.0,0.0,0.0
4,3,0.31204474,0.0,0.0,0.68795526,0.0,0.0,0.0,0.0,0.0,0.0,0.0,0.0
4,3,0.31204474,0.0,0.0,0.68795526,0.0,0.0,0.0,0.0,0.0,0.0,0.0,0.0
4,3,0.31204474,0.0,0.0,0.68795526,0.0,0.0,0.0,0.0,0.0,0.0,0.0,0.0
4,3,0.31204474,0.0,0.0,0.68795526,0.0,0.0,0.0,0.0,0.0,0.0,0.0,0.0
4,3,0.31204474,0.0,0.0,0.68795526,0.0,0.0,0.0,0.0,0.0,0.0,0.0,0.0
4,3,0.31204474,0.0,0.0,0.68795526,0.0,0.0,0.0,0.0,0.0,0.0,0.0,0.0
4,3,0.31204474,0.0,0.0,0.68795526,0.0,0.0,0.0,0.0,0.0,0.0,0.0,0.0
4,3,0.31204474,0.0,0.0,0.68795526,0.0,0.0,0.0,0.0,0.0,0.0,0.0,0.0
4,3,0.31204474,0.0,0.0,0.68795526,0.0,0.0,0.0,0.0,0.0,0.0,0.0,0.0
4,3,0.31204474,0.0,0.0,0.68795526,0.0,0.0,0.0,0.0,0.0,0.0,0.0,0.0
4,3,0.31204474,0.0,0.0,0.68795526,0.0,0.0,0.0,0.0,0.0,0.0,0.0,0.0
4,3,0.31204474,0.0,0.0,0.68795526,0.0,0.0,0.0,0.0,0.0,0.0,0.0,0.0
4,3,0.31204474,0.0,0.0,0.68795526,0.0,0.0,0.0,0.0,0.0,0.0,0.0,0.0
4,3,0.39247507,0.0,0.0,0.607525,0.0,0.0,0.0,0.0,0.0,0.0,0.0,0.0
4,3,0.39247507,0.0,0.0,0.607525,0.0,0.0,0.0,0.0,0.0,0.0,0.0,0.0
4,3,0.39247507,0.0,0.0,0.607525,0.0,0.0,0.0,0.0,0.0,0.0,0.0,0.0
4,3,0.39247507,0.0,0.0,0.607525,0.0,0.0,0.0,0.0,0.0,0.0,0.0,0.0
4,3,0.39247507,0.0,0.0,0.607525,0.0,0.0,0.0,0.0,0.0,0.0,0.0,0.0
4,3,0.39247507,0.0,0.0,0.607525,0.0,0.0,0.0,0.0,0.0,0.0,0.0,0.0
4,3,0.39247507,0.0,0.0,0.607525,0.0,0.0,0.0,0.0,0.0,0.0,0.0,0.0
4,3,0.39247507,0.0,0.0,0.607525,0.0,0.0,0.0,0.0,0.0,0.0,0.0,0.0
4,3,0.39247507,0.0,0.0,0.607525,0.0,0.0,0.0,0.0,0.0,0.0,0.0,0.0
4,3,0.39247507,0.0,0.0,0.607525,0.0,0.0,0.0,0.0,0.0,0.0,0.0,0.0
4,3,0.39247507,0.0,0.0,0.607525,0.0,0.0,0.0,0.0,0.0,0.0,0.0,0.0
4,3,0.39247507,0.0,0.0,0.607525,0.0,0.0,0.0,0.0,0.0,0.0,0.0,0.0
4,3,0.39247507,0.0,0.0,0.607525,0.0,0.0,0.0,0.0,0.0,0.0,0.0,0.0
4,3,0.39247507,0.0,0.0,0.607525,0.0,0.0,0.0,0.0,0.0,0.0,0.0,0.0
4,3,0.39247507,0.0,0.0,0.607525,0.0,0.0,0.0,0.0,0.0,0.0,0.0,0.0
4,3,0.39247507,0.0,0.0,0.607525,0.0,0.0,0.0,0.0,0.0,0.0,0.0,0.0
4,3,0.39247507,0.0,0.0,0.607525,0.0,0.0,0.0,0.0,0.0,0.0,0.0,0.0
4,3,0.39247507,0.0,0.0,0.607525,0.0,0.0,0.0,0.0,0.0,0.0,0.0,0.0
4,3,0.39247507,0.0,0.0,0.607525,0.0,0.0,0.0,0.0,0.0,0.0,0.0,0.0
4,3,0.39247507,0.0,0.0,0.607525,0.0,0.0,0.0,0.0,0.0,0.0,0.0,0.0
4,3,0.39247507,0.0,0.0,0.607525,0.0,0.0,0.0,0.0,0.0,0.0,0.0,0.0
4,3,0.39247507,0.0,0.0,0.607525,0.0,0.0,0.0,0.0,0.0,0.0,0.0,0.0
4,3,0.39247507,0.0,0.0,0.607525,0.0,0.0,0.0,0.0,0.0,0.0,0.0,0.0
4,3,0.39247507,0.0,0.0,0.607525,0.0,0.0,0.0,0.0,0.0,0.0,0.0,0.0
4,3,0.39247507,0.0,0.0,0.607525,0.0,0.0,0.0,0.0,0.0,0.0,0.0,0.0
4,3,0.39247507,0.0,0.0,0.607525,0.0,0.0,0.0,0.0,0.0,0.0,0.0,0.0
4,3,0.39247507,0.0,0.0,0.607525,0.0,0.0,0.0,0.0,0.0,0.0,0.0,0.0
4,3,0.39247507,0.0,0.0,0.607525,0.0,0.0,0.0,0.0,0.0,0.0,0.0,0.0
4,3,0.39247507,0.0,0.0,0.607525,0.0,0.0,0.0,0.0,0.0,0.0,0.0,0.0
4,3,0.39247507,0.0,0.0,0.607525,0.0,0.0,0.0,0.0,0.0,0.0,0.0,0.0
4,3,0.39247507,0.0,0.0,0.607525,0.0,0.0,0.0,0.0,0.0,0.0,0.0,0.0
4,3,0.39247507,0.0,0.0,0.607525,0.0,0.0,0.0,0.0,0.0,0.0,0.0,0.0
4,3,0.39247507,0.0,0.0,0.607525,0.0,0.0,0.0,0.0,0.0,0.0,0.0,0.0
4,3,0.39247507,0.0,0.0,0.607525,0.0,0.0,0.0,0.0,0.0,0.0,0.0,0.0
4,3,0.39247507,0.0,0.0,0.607525,0.0,0.0,0.0,0.0,0.0,0.0,0.0,0.0
4,3,0.39247507,0.0,0.0,0.607525,0.0,0.0,0.0,0.0,0.0,0.0,0.0,0.0
4,3,0.39247507,0.0,0.0,0.607525,0.0,0.0,0.0,0.0,0.0,0.0,0.0,0.0
4,3,0.39247507,0.0,0.0,0.607525,0.0,0.0,0.0,0.0,0.0,0.0,0.0,0.0
4,3,0.39247507,0.0,0.0,0.607525,0.0,0.0,0.0,0.0,0.0,0.0,0.0,0.0
4,3,0.39247507,0.0,0.0,0.607525,0.0,0.0,0.0,0.0,0.0,0.0,0.0,0.0
4,3,0.4324539,0.0,0.0,0.56754607,0.0,0.0,0.0,0.0,0.0,0.0,0.0,0.0
4,3,0.4324539,0.0,0.0,0.56754607,0.0,0.0,0.0,0.0,0.0,0.0,0.0,0.0
4,3,0.4324539,0.0,0.0,0.56754607,0.0,0.0,0.0,0.0,0.0,0.0,0.0,0.0
4,3,0.4324539,0.0,0.0,0.56754607,0.0,0.0,0.0,0.0,0.0,0.0,0.0,0.0
4,3,0.4324539,0.0,0.0,0.56754607,0.0,0.0,0.0,0.0,0.0,0.0,0.0,0.0
4,3,0.4324539,0.0,0.0,0.56754607,0.0,0.0,0.0,0.0,0.0,0.0,0.0,0.0
4,3,0.4324539,0.0,0.0,0.56754607,0.0,0.0,0.0,0.0,0.0,0.0,0.0,0.0
4,3,0.4324539,0.0,0.0,0.56754607,0.0,0.0,0.0,0.0,0.0,0.0,0.0,0.0
4,3,0.4324539,0.0,0.0,0.56754607,0.0,0.0,0.0,0.0,0.0,0.0,0.0,0.0
4,3,0.4324539,0.0,0.0,0.56754607,0.0,0.0,0.0,0.0,0.0,0.0,0.0,0.0
4,3,0.4324539,0.0,0.0,0.56754607,0.0,0.0,0.0,0.0,0.0,0.0,0.0,0.0
4,3,0.4324539,0.0,0.0,0.56754607,0.0,0.0,0.0,0.0,0.0,0.0,0.0,0.0
4,3,0.4324539,0.0,0.0,0.56754607,0.0,0.0,0.0,0.0,0.0,0.0,0.0,0.0
4,3,0.4324539,0.0,0.0,0.56754607,0.0,0.0,0.0,0.0,0.0,0.0,0.0,0.0
4,3,0.4324539,0.0,0.0,0.56754607,0.0,0.0,0.0,0.0,0.0,0.0,0.0,0.0
4,3,0.4324539,0.0,0.0,0.56754607,0.0,0.0,0.0,0.0,0.0,0.0,0.0,0.0
4,3,0.4324539,0.0,0.0,0.56754607,0.0,0.0,0.0,0.0,0.0,0.0,0.0,0.0
4,3,0.4324539,0.0,0.0,0.56754607,0.0,0.0,0.0,0.0,0.0,0.0,0.0,0.0
4,3,0.4324539,0.0,0.0,0.56754607,0.0,0.0,0.0,0.0,0.0,0.0,0.0,0.0
4,3,0.4324539,0.0,0.0,0.56754607,0.0,0.0,0.0,0.0,0.0,0.0,0.0,0.0
4,3,0.4324539,0.0,0.0,0.56754607,0.0,0.0,0.0,0.0,0.0,0.0,0.0,0.0
4,3,0.4324539,0.0,0.0,0.56754607,0.0,0.0,0.0,0.0,0.0,0.0,0.0,0.0
4,3,0.4324539,0.0,0.0,0.56754607,0.0,0.0,0.0,0.0,0.0,0.0,0.0,0.0
4,3,0.4324539,0.0,0.0,0.56754607,0.0,0.0,0.0,0.0,0.0,0.0,0.0,0.0
4,3,0.4324539,0.0,0.0,0.56754607,0.0,0.0,0.0,0.0,0.0,0.0,0.0,0.0
4,3,0.4324539,0.0,0.0,0.56754607,0.0,0.0,0.0,0.0,0.0,0.0,0.0,0.0
4,3,0.4324539,0.0,0.0,0.56754607,0.0,0.0,0.0,0.0,0.0,0.0,0.0,0.0
4,3,0.4324539,0.0,0.0,0.56754607,0.0,0.0,0.0,0.0,0.0,0.0,0.0,0.0
4,3,0.4324539,0.0,0.0,0.56754607,0.0,0.0,0.0,0.0,0.0,0.0,0.0,0.0
4,3,0.4324539,0.0,0.0,0.56754607,0.0,0.0,0.0,0.0,0.0,0.0,0.0,0.0
4,3,0.4324539,0.0,0.0,0.56754607,0.0,0.0,0.0,0.0,0.0,0.0,0.0,0.0
4,3,0.4324539,0.0,0.0,0.56754607,0.0,0.0,0.0,0.0,0.0,0.0,0.0,0.0
4,3,0.4324539,0.0,0.0,0.56754607,0.0,0.0,0.0,0.0,0.0,0.0,0.0,0.0
4,3,0.4324539,0.0,0.0,0.56754607,0.0,0.0,0.0,0.0,0.0,0.0,0.0,0.0
4,3,0.4324539,0.0,0.0,0.56754607,0.0,0.0,0.0,0.0,0.0,0.0,0.0,0.0
4,3,0.4324539,0.0,0.0,0.56754607,0.0,0.0,0.0,0.0,0.0,0.0,0.0,0.0
4,3,0.4324539,0.0,0.0,0.56754607,0.0,0.0,0.0,0.0,0.0,0.0,0.0,0.0
4,3,0.4324539,0.0,0.0,0.56754607,0.0,0.0,0.0,0.0,0.0,0.0,0.0,0.0
4,3,0.4324539,0.0,0.0,0.56754607,0.0,0.0,0.0,0.0,0.0,0.0,0.0,0.0
4,3,0.4324539,0.0,0.0,0.56754607,0.0,0.0,0.0,0.0,0.0,0.0,0.0,0.0
4,3,0.4324539,0.0,0.0,0.56754607,0.0,0.0,0.0,0.0,0.0,0.0,0.0,0.0
4,3,0.4324539,0.0,0.0,0.56754607,0.0,0.0,0.0,0.0,0.0,0.0,0.0,0.0
4,3,0.4324539,0.0,0.0,0.56754607,0.0,0.0,0.0,0.0,0.0,0.0,0.0,0.0
4,3,0.4324539,0.0,0.0,0.56754607,0.0,0.0,0.0,0.0,0.0,0.0,0.0,0.0
4,3,0.4324539,0.0,0.0,0.56754607,0.0,0.0,0.0,0.0,0.0,0.0,0.0,0.0
4,3,0.4324539,0.0,0.0,0.56754607,0.0,0.0,0.0,0.0,0.0,0.0,0.0,0.0
4,3,0.4324539,0.0,0.0,0.56754607,0.0,0.0,0.0,0.0,0.0,0.0,0.0,0.0
4,3,0.4324539,0.0,0.0,0.56754607,0.0,0.0,0.0,0.0,0.0,0.0,0.0,0.0
4,3,0.4324539,0.0,0.0,0.56754607,0.0,0.0,0.0,0.0,0.0,0.0,0.0,0.0
4,3,0.4324539,0.0,0.0,0.56754607,0.0,0.0,0.0,0.0,0.0,0.0,0.0,0.0
4,3,0.4324539,0.0,0.0,0.56754607,0.0,0.0,0.0,0.0,0.0,0.0,0.0,0.0
4,3,0.4324539,0.0,0.0,0.56754607,0.0,0.0,0.0,0.0,0.0,0.0,0.0,0.0
4,3,0.4324539,0.0,0.0,0.56754607,0.0,0.0,0.0,0.0,0.0,0.0,0.0,0.0
4,3,0.4324539,0.0,0.0,0.56754607,0.0,0.0,0.0,0.0,0.0,0.0,0.0,0.0
4,3,0.4324539,0.0,0.0,0.56754607,0.0,0.0,0.0,0.0,0.0,0.0,0.0,0.0
4,3,0.4324539,0.0,0.0,0.56754607,0.0,0.0,0.0,0.0,0.0,0.0,0.0,0.0
4,3,0.4324539,0.0,0.0,0.56754607,0.0,0.0,0.0,0.0,0.0,0.0,0.0,0.0
4,3,0.4324539,0.0,0.0,0.56754607,0.0,0.0,0.0,0.0,0.0,0.0,0.0,0.0
4,3,0.4324539,0.0,0.0,0.56754607,0.0,0.0,0.0,0.0,0.0,0.0,0.0,0.0
4,3,0.4324539,0.0,0.0,0.56754607,0.0,0.0,0.0,0.0,0.0,0.0,0.0,0.0
4,3,0.4324539,0.0,0.0,0.56754607,0.0,0.0,0.0,0.0,0.0,0.0,0.0,0.0
4,3,0.4324539,0.0,0.0,0.56754607,0.0,0.0,0.0,0.0,0.0,0.0,0.0,0.0
4,3,0.45657787,0.0,0.0,0.54342216,0.0,0.0,0.0,0.0,0.0,0.0,0.0,0.0
4,3,0.45657787,0.0,0.0,0.54342216,0.0,0.0,0.0,0.0,0.0,0.0,0.0,0.0
4,3,0.45657787,0.0,0.0,0.54342216,0.0,0.0,0.0,0.0,0.0,0.0,0.0,0.0
4,3,0.45657787,0.0,0.0,0.54342216,0.0,0.0,0.0,0.0,0.0,0.0,0.0,0.0
4,3,0.45657787,0.0,0.0,0.54342216,0.0,0.0,0.0,0.0,0.0,0.0,0.0,0.0
4,3,0.45657787,0.0,0.0,0.54342216,0.0,0.0,0.0,0.0,0.0,0.0,0.0,0.0
4,3,0.45657787,0.0,0.0,0.54342216,0.0,0.0,0.0,0.0,0.0,0.0,0.0,0.0
4,3,0.45657787,0.0,0.0,0.54342216,0.0,0.0,0.0,0.0,0.0,0.0,0.0,0.0
4,3,0.45657787,0.0,0.0,0.54342216,0.0,0.0,0.0,0.0,0.0,0.0,0.0,0.0
4,3,0.45657787,0.0,0.0,0.54342216,0.0,0.0,0.0,0.0,0.0,0.0,0.0,0.0
4,3,0.45657787,0.0,0.0,0.54342216,0.0,0.0,0.0,0.0,0.0,0.0,0.0,0.0
4,3,0.45657787,0.0,0.0,0.54342216,0.0,0.0,0.0,0.0,0.0,0.0,0.0,0.0
4,3,0.45657787,0.0,0.0,0.54342216,0.0,0.0,0.0,0.0,0.0,0.0,0.0,0.0
4,3,0.45657787,0.0,0.0,0.54342216,0.0,0.0,0.0,0.0,0.0,0.0,0.0,0.0
4,3,0.45657787,0.0,0.0,0.54342216,0.0,0.0,0.0,0.0,0.0,0.0,0.0,0.0
4,3,0.45657787,0.0,0.0,0.54342216,0.0,0.0,0.0,0.0,0.0,0.0,0.0,0.0
4,3,0.45657787,0.0,0.0,0.54342216,0.0,0.0,0.0,0.0,0.0,0.0,0.0,0.0
4,3,0.45657787,0.0,0.0,0.54342216,0.0,0.0,0.0,0.0,0.0,0.0,0.0,0.0
4,0,0.7111928,0.0,0.0,0.2888072,0.0,0.0,0.0,0.0,0.0,0.0,0.0,0.0
4,0,0.7111928,0.0,0.0,0.2888072,0.0,0.0,0.0,0.0,0.0,0.0,0.0,0.0
4,0,0.7111928,0.0,0.0,0.2888072,0.0,0.0,0.0,0.0,0.0,0.0,0.0,0.0
4,0,0.7111928,0.0,0.0,0.2888072,0.0,0.0,0.0,0.0,0.0,0.0,0.0,0.0
4,0,0.7111928,0.0,0.0,0.2888072,0.0,0.0,0.0,0.0,0.0,0.0,0.0,0.0
4,0,0.7111928,0.0,0.0,0.2888072,0.0,0.0,0.0,0.0,0.0,0.0,0.0,0.0
4,0,0.7111928,0.0,0.0,0.2888072,0.0,0.0,0.0,0.0,0.0,0.0,0.0,0.0
4,0,0.7111928,0.0,0.0,0.2888072,0.0,0.0,0.0,0.0,0.0,0.0,0.0,0.0
4,0,0.7111928,0.0,0.0,0.2888072,0.0,0.0,0.0,0.0,0.0,0.0,0.0,0.0
4,0,0.7111928,0.0,0.0,0.2888072,0.0,0.0,0.0,0.0,0.0,0.0,0.0,0.0
4,0,0.7111928,0.0,0.0,0.2888072,0.0,0.0,0.0,0.0,0.0,0.0,0.0,0.0
4,0,0.7111928,0.0,0.0,0.2888072,0.0,0.0,0.0,0.0,0.0,0.0,0.0,0.0
4,0,0.7111928,0.0,0.0,0.2888072,0.0,0.0,0.0,0.0,0.0,0.0,0.0,0.0
4,0,0.7111928,0.0,0.0,0.2888072,0.0,0.0,0.0,0.0,0.0,0.0,0.0,0.0
4,0,0.7111928,0.0,0.0,0.2888072,0.0,0.0,0.0,0.0,0.0,0.0,0.0,0.0
4,0,0.7111928,0.0,0.0,0.2888072,0.0,0.0,0.0,0.0,0.0,0.0,0.0,0.0
4,0,0.6975208,0.0,0.0,0.30247924,0.0,0.0,0.0,0.0,0.0,0.0,0.0,0.0
4,0,0.6975208,0.0,0.0,0.30247924,0.0,0.0,0.0,0.0,0.0,0.0,0.0,0.0
4,0,0.6975208,0.0,0.0,0.30247924,0.0,0.0,0.0,0.0,0.0,0.0,0.0,0.0
4,0,0.6975208,0.0,0.0,0.30247924,0.0,0.0,0.0,0.0,0.0,0.0,0.0,0.0
4,0,0.6975208,0.0,0.0,0.30247924,0.0,0.0,0.0,0.0,0.0,0.0,0.0,0.0
4,0,0.6975208,0.0,0.0,0.30247924,0.0,0.0,0.0,0.0,0.0,0.0,0.0,0.0
4,0,0.6975208,0.0,0.0,0.30247924,0.0,0.0,0.0,0.0,0.0,0.0,0.0,0.0
4,0,0.6975208,0.0,0.0,0.30247924,0.0,0.0,0.0,0.0,0.0,0.0,0.0,0.0
4,0,0.77532005,0.0,0.0,0.22467995,0.0,0.0,0.0,0.0,0.0,0.0,0.0,0.0
4,0,0.77532005,0.0,0.0,0.22467995,0.0,0.0,0.0,0.0,0.0,0.0,0.0,0.0
4,0,0.77532005,0.0,0.0,0.22467995,0.0,0.0,0.0,0.0,0.0,0.0,0.0,0.0
4,0,0.77532005,0.0,0.0,0.22467995,0.0,0.0,0.0,0.0,0.0,0.0,0.0,0.0
4,0,0.77532005,0.0,0.0,0.22467995,0.0,0.0,0.0,0.0,0.0,0.0,0.0,0.0
4,0,0.77532005,0.0,0.0,0.22467995,0.0,0.0,0.0,0.0,0.0,0.0,0.0,0.0
4,0,0.77532005,0.0,0.0,0.22467995,0.0,0.0,0.0,0.0,0.0,0.0,0.0,0.0
4,0,0.77532005,0.0,0.0,0.22467995,0.0,0.0,0.0,0.0,0.0,0.0,0.0,0.0
4,0,0.77532005,0.0,0.0,0.22467995,0.0,0.0,0.0,0.0,0.0,0.0,0.0,0.0
4,0,0.77532005,0.0,0.0,0.22467995,0.0,0.0,0.0,0.0,0.0,0.0,0.0,0.0
4,0,0.77532005,0.0,0.0,0.22467995,0.0,0.0,0.0,0.0,0.0,0.0,0.0,0.0
4,0,0.77532005,0.0,0.0,0.22467995,0.0,0.0,0.0,0.0,0.0,0.0,0.0,0.0
4,0,0.84159464,0.0,0.0,0.15840538,0.0,0.0,0.0,0.0,0.0,0.0,0.0,0.0
4,0,0.84159464,0.0,0.0,0.15840538,0.0,0.0,0.0,0.0,0.0,0.0,0.0,0.0
4,0,0.84159464,0.0,0.0,0.15840538,0.0,0.0,0.0,0.0,0.0,0.0,0.0,0.0
4,0,0.84159464,0.0,0.0,0.15840538,0.0,0.0,0.0,0.0,0.0,0.0,0.0,0.0
4,0,0.84159464,0.0,0.0,0.15840538,0.0,0.0,0.0,0.0,0.0,0.0,0.0,0.0
4,0,0.84159464,0.0,0.0,0.15840538,0.0,0.0,0.0,0.0,0.0,0.0,0.0,0.0
4,0,0.84159464,0.05476542,0.0,0.10363997,0.0,0.0,0.0,0.0,0.0,0.0,0.0,0.0
4,0,0.84159464,0.05476542,0.0,0.10363997,0.0,0.0,0.0,0.0,0.0,0.0,0.0,0.0
4,0,0.84159464,0.05476542,0.0,0.10363997,0.0,0.0,0.0,0.0,0.0,0.0,0.0,0.0
4,0,0.84159464,0.05476542,0.0,0.10363997,0.0,0.0,0.0,0.0,0.0,0.0,0.0,0.0
4,0,0.84159464,0.05476542,0.0,0.10363997,0.0,0.0,0.0,0.0,0.0,0.0,0.0,0.0
4,0,0.84159464,0.05476542,0.0,0.10363997,0.0,0.0,0.0,0.0,0.0,0.0,0.0,0.0
4,0,0.84159464,0.05476542,0.0,0.10363997,0.0,0.0,0.0,0.0,0.0,0.0,0.0,0.0
4,0,0.84159464,0.05476542,0.0,0.10363997,0.0,0.0,0.0,0.0,0.0,0.0,0.0,0.0
4,0,0.84159464,0.05476542,0.0,0.10363997,0.0,0.0,0.0,0.0,0.0,0.0,0.0,0.0
4,0,0.84159464,0.05476542,0.0,0.10363997,0.0,0.0,0.0,0.0,0.0,0.0,0.0,0.0
4,0,0.84159464,0.05476542,0.0,0.10363997,0.0,0.0,0.0,0.0,0.0,0.0,0.0,0.0
4,0,0.84159464,0.05476542,0.0,0.10363997,0.0,0.0,0.0,0.0,0.0,0.0,0.0,0.0
4,0,0.84159464,0.05476542,0.0,0.10363997,0.0,0.0,0.0,0.0,0.0,0.0,0.0,0.0
4,0,0.84159464,0.05476542,0.0,0.10363997,0.0,0.0,0.0,0.0,0.0,0.0,0.0,0.0
4,0,0.84159464,0.05476542,0.0,0.10363997,0.0,0.0,0.0,0.0,0.0,0.0,0.0,0.0
4,0,0.84159464,0.05476542,0.0,0.10363997,0.0,0.0,0.0,0.0,0.0,0.0,0.0,0.0
4,0,0.84159464,0.05476542,0.0,0.10363997,0.0,0.0,0.0,0.0,0.0,0.0,0.0,0.0
4,0,0.84159464,0.05476542,0.0,0.10363997,0.0,0.0,0.0,0.0,0.0,0.0,0.0,0.0
4,0,0.84159464,0.05476542,0.0,0.10363997,0.0,0.0,0.0,0.0,0.0,0.0,0.0,0.0
4,0,0.84159464,0.05476542,0.0,0.10363997,0.0,0.0,0.0,0.0,0.0,0.0,0.0,0.0
4,0,0.84159464,0.05476542,0.0,0.10363997,0.0,0.0,0.0,0.0,0.0,0.0,0.0,0.0
4,0,0.84159464,0.05476542,0.0,0.10363997,0.0,0.0,0.0,0.0,0.0,0.0,0.0,0.0
4,0,0.84159464,0.05476542,0.0,0.10363997,0.0,0.0,0.0,0.0,0.0,0.0,0.0,0.0
4,0,0.84159464,0.05476542,0.0,0.10363997,0.0,0.0,0.0,0.0,0.0,0.0,0.0,0.0
4,0,0.84159464,0.05476542,0.0,0.10363997,0.0,0.0,0.0,0.0,0.0,0.0,0.0,0.0
4,0,0.84159464,0.05476542,0.0,0.10363997,0.0,0.0,0.0,0.0,0.0,0.0,0.0,0.0
4,0,0.84159464,0.05476542,0.0,0.10363997,0.0,0.0,0.0,0.0,0.0,0.0,0.0,0.0
4,0,0.84159464,0.05476542,0.0,0.10363997,0.0,0.0,0.0,0.0,0.0,0.0,0.0,0.0
4,0,0.84159464,0.05476542,0.0,0.10363997,0.0,0.0,0.0,0.0,0.0,0.0,0.0,0.0
4,0,0.84159464,0.05476542,0.0,0.10363997,0.0,0.0,0.0,0.0,0.0,0.0,0.0,0.0
4,0,0.84159464,0.05476542,0.0,0.10363997,0.0,0.0,0.0,0.0,0.0,0.0,0.0,0.0
4,0,0.84159464,0.05476542,0.0,0.10363997,0.0,0.0,0.0,0.0,0.0,0.0,0.0,0.0
4,0,0.84159464,0.05476542,0.0,0.10363997,0.0,0.0,0.0,0.0,0.0,0.0,0.0,0.0
4,0,0.84159464,0.05476542,0.0,0.10363997,0.0,0.0,0.0,0.0,0.0,0.0,0.0,0.0
4,0,0.84159464,0.05476542,0.0,0.10363997,0.0,0.0,0.0,0.0,0.0,0.0,0.0,0.0
4,0,0.84159464,0.05476542,0.0,0.10363997,0.0,0.0,0.0,0.0,0.0,0.0,0.0,0.0
4,0,0.84159464,0.05476542,0.0,0.10363997,0.0,0.0,0.0,0.0,0.0,0.0,0.0,0.0
4,0,0.84159464,0.05476542,0.0,0.10363997,0.0,0.0,0.0,0.0,0.0,0.0,0.0,0.0
4,0,0.84159464,0.05476542,0.0,0.10363997,0.0,0.0,0.0,0.0,0.0,0.0,0.0,0.0
4,0,0.84159464,0.05476542,0.0,0.10363997,0.0,0.0,0.0,0.0,0.0,0.0,0.0,0.0
4,0,0.84159464,0.05476542,0.0,0.10363997,0.0,0.0,0.0,0.0,0.0,0.0,0.0,0.0
4,0,0.84159464,0.05476542,0.0,0.10363997,0.0,0.0,0.0,0.0,0.0,0.0,0.0,0.0
4,0,0.84159464,0.05476542,0.0,0.10363997,0.0,0.0,0.0,0.0,0.0,0.0,0.0,0.0
4,0,0.84159464,0.05476542,0.0,0.10363997,0.0,0.0,0.0,0.0,0.0,0.0,0.0,0.0
4,0,0.84159464,0.05476542,0.0,0.10363997,0.0,0.0,0.0,0.0,0.0,0.0,0.0,0.0
4,0,0.84159464,0.05476542,0.0,0.10363997,0.0,0.0,0.0,0.0,0.0,0.0,0.0,0.0
4,0,0.84159464,0.05476542,0.0,0.10363997,0.0,0.0,0.0,0.0,0.0,0.0,0.0,0.0
4,0,0.84159464,0.05476542,0.0,0.10363997,0.0,0.0,0.0,0.0,0.0,0.0,0.0,0.0
4,0,0.84159464,0.05476542,0.0,0.10363997,0.0,0.0,0.0,0.0,0.0,0.0,0.0,0.0
4,0,0.84159464,0.05476542,0.0,0.10363997,0.0,0.0,0.0,0.0,0.0,0.0,0.0,0.0
4,0,0.84159464,0.05476542,0.0,0.10363997,0.0,0.0,0.0,0.0,0.0,0.0,0.0,0.0
4,0,0.84159464,0.05476542,0.0,0.10363997,0.0,0.0,0.0,0.0,0.0,0.0,0.0,0.0
4,0,0.84159464,0.05476542,0.0,0.10363997,0.0,0.0,0.0,0.0,0.0,0.0,0.0,0.0
4,0,0.84159464,0.05476542,0.0,0.10363997,0.0,0.0,0.0,0.0,0.0,0.0,0.0,0.0
4,0,0.84159464,0.05476542,0.0,0.10363997,0.0,0.0,0.0,0.0,0.0,0.0,0.0,0.0
4,0,0.84159464,0.05476542,0.0,0.10363997,0.0,0.0,0.0,0.0,0.0,0.0,0.0,0.0
4,0,0.84159464,0.05476542,0.0,0.10363997,0.0,0.0,0.0,0.0,0.0,0.0,0.0,0.0
4,0,0.84159464,0.05476542,0.0,0.10363997,0.0,0.0,0.0,0.0,0.0,0.0,0.0,0.0
4,0,0.84159464,0.05476542,0.0,0.10363997,0.0,0.0,0.0,0.0,0.0,0.0,0.0,0.0
4,0,0.84159464,0.05476542,0.0,0.10363997,0.0,0.0,0.0,0.0,0.0,0.0,0.0,0.0
4,0,0.84159464,0.05476542,0.0,0.10363997,0.0,0.0,0.0,0.0,0.0,0.0,0.0,0.0
4,0,0.84159464,0.05476542,0.0,0.10363997,0.0,0.0,0.0,0.0,0.0,0.0,0.0,0.0
4,0,0.84159464,0.05476542,0.0,0.10363997,0.0,0.0,0.0,0.0,0.0,0.0,0.0,0.0
4,0,0.84159464,0.05476542,0.0,0.10363997,0.0,0.0,0.0,0.0,0.0,0.0,0.0,0.0
4,0,0.84159464,0.05476542,0.0,0.10363997,0.0,0.0,0.0,0.0,0.0,0.0,0.0,0.0
4,0,0.84159464,0.05476542,0.0,0.10363997,0.0,0.0,0.0,0.0,0.0,0.0,0.0,0.0
4,0,0.84159464,0.05476542,0.0,0.10363997,0.0,0.0,0.0,0.0,0.0,0.0,0.0,0.0
4,0,0.84159464,0.05476542,0.0,0.10363997,0.0,0.0,0.0,0.0,0.0,0.0,0.0,0.0
4,0,0.84159464,0.05476542,0.0,0.10363997,0.0,0.0,0.0,0.0,0.0,0.0,0.0,0.0
4,0,0.84159464,0.05476542,0.0,0.10363997,0.0,0.0,0.0,0.0,0.0,0.0,0.0,0.0
4,0,0.84159464,0.05476542,0.0,0.10363997,0.0,0.0,0.0,0.0,0.0,0.0,0.0,0.0
4,0,0.84159464,0.05476542,0.0,0.10363997,0.0,0.0,0.0,0.0,0.0,0.0,0.0,0.0
4,0,0.84159464,0.05476542,0.0,0.10363997,0.0,0.0,0.0,0.0,0.0,0.0,0.0,0.0
4,0,0.84159464,0.05476542,0.0,0.10363997,0.0,0.0,0.0,0.0,0.0,0.0,0.0,0.0
4,0,0.84159464,0.05476542,0.0,0.10363997,0.0,0.0,0.0,0.0,0.0,0.0,0.0,0.0
4,0,0.84159464,0.05476542,0.0,0.10363997,0.0,0.0,0.0,0.0,0.0,0.0,0.0,0.0
4,0,0.84159464,0.05476542,0.0,0.10363997,0.0,0.0,0.0,0.0,0.0,0.0,0.0,0.0
4,0,0.84159464,0.05476542,0.0,0.10363997,0.0,0.0,0.0,0.0,0.0,0.0,0.0,0.0
4,0,0.84159464,0.05476542,0.0,0.10363997,0.0,0.0,0.0,0.0,0.0,0.0,0.0,0.0
4,0,0.84159464,0.05476542,0.0,0.10363997,0.0,0.0,0.0,0.0,0.0,0.0,0.0,0.0
4,0,0.84159464,0.05476542,0.0,0.10363997,0.0,0.0,0.0,0.0,0.0,0.0,0.0,0.0
4,0,0.84159464,0.05476542,0.0,0.10363997,0.0,0.0,0.0,0.0,0.0,0.0,0.0,0.0
4,0,0.84159464,0.05476542,0.0,0.10363997,0.0,0.0,0.0,0.0,0.0,0.0,0.0,0.0
4,0,0.84159464,0.05476542,0.0,0.10363997,0.0,0.0,0.0,0.0,0.0,0.0,0.0,0.0
4,0,0.84159464,0.05476542,0.0,0.10363997,0.0,0.0,0.0,0.0,0.0,0.0,0.0,0.0
4,0,0.84159464,0.05476542,0.0,0.10363997,0.0,0.0,0.0,0.0,0.0,0.0,0.0,0.0
4,0,0.84159464,0.05476542,0.0,0.10363997,0.0,0.0,0.0,0.0,0.0,0.0,0.0,0.0
4,0,0.84159464,0.05476542,0.0,0.10363997,0.0,0.0,0.0,0.0,0.0,0.0,0.0,0.0
4,0,0.84159464,0.05476542,0.0,0.10363997,0.0,0.0,0.0,0.0,0.0,0.0,0.0,0.0
4,0,0.84159464,0.05476542,0.0,0.10363997,0.0,0.0,0.0,0.0,0.0,0.0,0.0,0.0
4,0,0.84159464,0.05476542,0.0,0.10363997,0.0,0.0,0.0,0.0,0.0,0.0,0.0,0.0
4,0,0.84159464,0.05476542,0.0,0.10363997,0.0,0.0,0.0,0.0,0.0,0.0,0.0,0.0
4,0,0.84159464,0.05476542,0.0,0.10363997,0.0,0.0,0.0,0.0,0.0,0.0,0.0,0.0
4,0,0.84159464,0.05476542,0.0,0.10363997,0.0,0.0,0.0,0.0,0.0,0.0,0.0,0.0
4,0,0.84159464,0.05476542,0.0,0.10363997,0.0,0.0,0.0,0.0,0.0,0.0,0.0,0.0
4,0,0.84159464,0.05476542,0.0,0.10363997,0.0,0.0,0.0,0.0,0.0,0.0,0.0,0.0
4,0,0.84159464,0.05476542,0.0,0.10363997,0.0,0.0,0.0,0.0,0.0,0.0,0.0,0.0
4,0,0.84159464,0.05476542,0.0,0.10363997,0.0,0.0,0.0,0.0,0.0,0.0,0.0,0.0
4,0,0.84159464,0.05476542,0.0,0.10363997,0.0,0.0,0.0,0.0,0.0,0.0,0.0,0.0
4,0,0.84159464,0.05476542,0.0,0.10363997,0.0,0.0,0.0,0.0,0.0,0.0,0.0,0.0
4,0,0.84159464,0.05476542,0.0,0.10363997,0.0,0.0,0.0,0.0,0.0,0.0,0.0,0.0
4,0,0.84159464,0.05476542,0.0,0.10363997,0.0,0.0,0.0,0.0,0.0,0.0,0.0,0.0
4,0,0.8948708,0.054765422,0.0,0.050363757,0.0,0.0,0.0,0.0,0.0,0.0,0.0,0.0
4,0,0.8948708,0.054765422,0.0,0.050363757,0.0,0.0,0.0,0.0,0.0,0.0,0.0,0.0
4,0,0.8948708,0.054765422,0.0,0.050363757,0.0,0.0,0.0,0.0,0.0,0.0,0.0,0.0
4,0,0.8948708,0.054765422,0.0,0.050363757,0.0,0.0,0.0,0.0,0.0,0.0,0.0,0.0
4,0,0.8948708,0.054765422,0.0,0.050363757,0.0,0.0,0.0,0.0,0.0,0.0,0.0,0.0
4,0,0.8948708,0.054765422,0.0,0.050363757,0.0,0.0,0.0,0.0,0.0,0.0,0.0,0.0
4,0,0.8948708,0.054765422,0.0,0.050363757,0.0,0.0,0.0,0.0,0.0,0.0,0.0,0.0
4,0,0.8948708,0.054765422,0.0,0.050363757,0.0,0.0,0.0,0.0,0.0,0.0,0.0,0.0
4,0,0.8948708,0.054765422,0.0,0.050363757,0.0,0.0,0.0,0.0,0.0,0.0,0.0,0.0
4,0,0.8948708,0.054765422,0.0,0.050363757,0.0,0.0,0.0,0.0,0.0,0.0,0.0,0.0
4,0,0.8948708,0.054765422,0.0,0.050363757,0.0,0.0,0.0,0.0,0.0,0.0,0.0,0.0
4,0,0.8948708,0.054765422,0.0,0.050363757,0.0,0.0,0.0,0.0,0.0,0.0,0.0,0.0
4,0,0.8948708,0.054765422,0.0,0.050363757,0.0,0.0,0.0,0.0,0.0,0.0,0.0,0.0
4,0,0.8948708,0.054765422,0.0,0.050363757,0.0,0.0,0.0,0.0,0.0,0.0,0.0,0.0
4,0,0.8948708,0.054765422,0.0,0.050363757,0.0,0.0,0.0,0.0,0.0,0.0,0.0,0.0
4,0,0.8948708,0.054765422,0.0,0.050363757,0.0,0.0,0.0,0.0,0.0,0.0,0.0,0.0
4,0,0.8948708,0.054765422,0.0,0.050363757,0.0,0.0,0.0,0.0,0.0,0.0,0.0,0.0
4,0,0.8948708,0.054765422,0.0,0.050363757,0.0,0.0,0.0,0.0,0.0,0.0,0.0,0.0
4,0,0.8948708,0.054765422,0.0,0.050363757,0.0,0.0,0.0,0.0,0.0,0.0,0.0,0.0
4,0,0.8948708,0.054765422,0.0,0.050363757,0.0,0.0,0.0,0.0,0.0,0.0,0.0,0.0
4,0,0.8948708,0.054765422,0.0,0.050363757,0.0,0.0,0.0,0.0,0.0,0.0,0.0,0.0
4,0,0.8948708,0.054765422,0.0,0.050363757,0.0,0.0,0.0,0.0,0.0,0.0,0.0,0.0
4,0,0.8948708,0.054765422,0.0,0.050363757,0.0,0.0,0.0,0.0,0.0,0.0,0.0,0.0
4,0,0.8948708,0.054765422,0.0,0.050363757,0.0,0.0,0.0,0.0,0.0,0.0,0.0,0.0
4,0,0.8948708,0.054765422,0.0,0.050363757,0.0,0.0,0.0,0.0,0.0,0.0,0.0,0.0
4,0,0.8948708,0.054765422,0.0,0.050363757,0.0,0.0,0.0,0.0,0.0,0.0,0.0,0.0
4,0,0.8948708,0.054765422,0.0,0.050363757,0.0,0.0,0.0,0.0,0.0,0.0,0.0,0.0
4,0,0.8948708,0.054765422,0.0,0.050363757,0.0,0.0,0.0,0.0,0.0,0.0,0.0,0.0
4,0,0.8948708,0.054765422,0.0,0.050363757,0.0,0.0,0.0,0.0,0.0,0.0,0.0,0.0
4,0,0.8948708,0.054765422,0.0,0.050363757,0.0,0.0,0.0,0.0,0.0,0.0,0.0,0.0
4,0,0.8948708,0.054765422,0.0,0.050363757,0.0,0.0,0.0,0.0,0.0,0.0,0.0,0.0
4,0,0.8948708,0.054765422,0.0,0.050363757,0.0,0.0,0.0,0.0,0.0,0.0,0.0,0.0
4,0,0.8948708,0.054765422,0.0,0.050363757,0.0,0.0,0.0,0.0,0.0,0.0,0.0,0.0
4,0,0.8948708,0.054765422,0.0,0.050363757,0.0,0.0,0.0,0.0,0.0,0.0,0.0,0.0
4,0,0.8948708,0.054765422,0.0,0.050363757,0.0,0.0,0.0,0.0,0.0,0.0,0.0,0.0
4,0,0.8948708,0.054765422,0.0,0.050363757,0.0,0.0,0.0,0.0,0.0,0.0,0.0,0.0
4,0,0.8948708,0.054765422,0.0,0.050363757,0.0,0.0,0.0,0.0,0.0,0.0,0.0,0.0
4,0,0.8948708,0.054765422,0.0,0.050363757,0.0,0.0,0.0,0.0,0.0,0.0,0.0,0.0
4,0,0.8948708,0.054765422,0.0,0.050363757,0.0,0.0,0.0,0.0,0.0,0.0,0.0,0.0
4,0,0.8948708,0.054765422,0.0,0.050363757,0.0,0.0,0.0,0.0,0.0,0.0,0.0,0.0
4,0,0.8948708,0.054765422,0.0,0.050363757,0.0,0.0,0.0,0.0,0.0,0.0,0.0,0.0
4,0,0.8948708,0.054765422,0.0,0.050363757,0.0,0.0,0.0,0.0,0.0,0.0,0.0,0.0
4,0,0.8948708,0.054765422,0.0,0.050363757,0.0,0.0,0.0,0.0,0.0,0.0,0.0,0.0
4,0,0.8948708,0.054765422,0.0,0.050363757,0.0,0.0,0.0,0.0,0.0,0.0,0.0,0.0
4,0,0.8948708,0.054765422,0.0,0.050363757,0.0,0.0,0.0,0.0,0.0,0.0,0.0,0.0
4,0,0.8948708,0.054765422,0.0,0.050363757,0.0,0.0,0.0,0.0,0.0,0.0,0.0,0.0
4,0,0.8948708,0.054765422,0.0,0.050363757,0.0,0.0,0.0,0.0,0.0,0.0,0.0,0.0
4,0,0.8948708,0.054765422,0.0,0.050363757,0.0,0.0,0.0,0.0,0.0,0.0,0.0,0.0
4,0,0.8948708,0.054765422,0.0,0.050363757,0.0,0.0,0.0,0.0,0.0,0.0,0.0,0.0
4,0,0.8948708,0.054765422,0.0,0.050363757,0.0,0.0,0.0,0.0,0.0,0.0,0.0,0.0
4,0,0.8948708,0.054765422,0.0,0.050363757,0.0,0.0,0.0,0.0,0.0,0.0,0.0,0.0
4,0,0.8948708,0.054765422,0.0,0.050363757,0.0,0.0,0.0,0.0,0.0,0.0,0.0,0.0
4,0,0.8948708,0.054765422,0.0,0.050363757,0.0,0.0,0.0,0.0,0.0,0.0,0.0,0.0
4,0,0.8948708,0.054765422,0.0,0.050363757,0.0,0.0,0.0,0.0,0.0,0.0,0.0,0.0
4,0,0.8948708,0.054765422,0.0,0.050363757,0.0,0.0,0.0,0.0,0.0,0.0,0.0,0.0
4,0,0.8948708,0.054765422,0.0,0.050363757,0.0,0.0,0.0,0.0,0.0,0.0,0.0,0.0
4,0,0.8948708,0.054765422,0.0,0.050363757,0.0,0.0,0.0,0.0,0.0,0.0,0.0,0.0
4,0,0.8948708,0.054765422,0.0,0.050363757,0.0,0.0,0.0,0.0,0.0,0.0,0.0,0.0
4,0,0.8948708,0.054765422,0.0,0.050363757,0.0,0.0,0.0,0.0,0.0,0.0,0.0,0.0
4,0,0.8948708,0.054765422,0.0,0.050363757,0.0,0.0,0.0,0.0,0.0,0.0,0.0,0.0
4,0,0.8948708,0.054765422,0.0,0.050363757,0.0,0.0,0.0,0.0,0.0,0.0,0.0,0.0
4,0,0.8948708,0.054765422,0.0,0.050363757,0.0,0.0,0.0,0.0,0.0,0.0,0.0,0.0
4,0,0.8948708,0.054765422,0.0,0.050363757,0.0,0.0,0.0,0.0,0.0,0.0,0.0,0.0
4,0,0.8948708,0.054765422,0.0,0.050363757,0.0,0.0,0.0,0.0,0.0,0.0,0.0,0.0
4,0,0.8948708,0.054765422,0.0,0.050363757,0.0,0.0,0.0,0.0,0.0,0.0,0.0,0.0
4,0,0.8948708,0.054765422,0.0,0.050363757,0.0,0.0,0.0,0.0,0.0,0.0,0.0,0.0
4,0,0.8948708,0.054765422,0.0,0.050363757,0.0,0.0,0.0,0.0,0.0,0.0,0.0,0.0
4,0,0.8948708,0.054765422,0.0,0.050363757,0.0,0.0,0.0,0.0,0.0,0.0,0.0,0.0
4,0,0.8948708,0.054765422,0.0,0.050363757,0.0,0.0,0.0,0.0,0.0,0.0,0.0,0.0
4,0,0.8948708,0.054765422,0.0,0.050363757,0.0,0.0,0.0,0.0,0.0,0.0,0.0,0.0
4,0,0.8948708,0.054765422,0.0,0.050363757,0.0,0.0,0.0,0.0,0.0,0.0,0.0,0.0
4,0,0.8948708,0.054765422,0.0,0.050363757,0.0,0.0,0.0,0.0,0.0,0.0,0.0,0.0
4,0,0.8948708,0.054765422,0.0,0.050363757,0.0,0.0,0.0,0.0,0.0,0.0,0.0,0.0
4,0,0.8948708,0.054765422,0.0,0.050363757,0.0,0.0,0.0,0.0,0.0,0.0,0.0,0.0
4,0,0.8948708,0.054765422,0.0,0.050363757,0.0,0.0,0.0,0.0,0.0,0.0,0.0,0.0
4,0,0.8948708,0.054765422,0.0,0.050363757,0.0,0.0,0.0,0.0,0.0,0.0,0.0,0.0
4,0,0.8948708,0.054765422,0.0,0.050363757,0.0,0.0,0.0,0.0,0.0,0.0,0.0,0.0
4,0,0.8948708,0.054765422,0.0,0.050363757,0.0,0.0,0.0,0.0,0.0,0.0,0.0,0.0
4,0,0.8948708,0.054765422,0.0,0.050363757,0.0,0.0,0.0,0.0,0.0,0.0,0.0,0.0
4,0,0.8948708,0.054765422,0.0,0.050363757,0.0,0.0,0.0,0.0,0.0,0.0,0.0,0.0
4,0,0.8948708,0.054765422,0.0,0.050363757,0.0,0.0,0.0,0.0,0.0,0.0,0.0,0.0
4,0,0.8948708,0.054765422,0.0,0.050363757,0.0,0.0,0.0,0.0,0.0,0.0,0.0,0.0
4,0,0.8948708,0.054765422,0.0,0.050363757,0.0,0.0,0.0,0.0,0.0,0.0,0.0,0.0
4,0,0.8948708,0.054765422,0.0,0.050363757,0.0,0.0,0.0,0.0,0.0,0.0,0.0,0.0
4,0,0.8948708,0.054765422,0.0,0.050363757,0.0,0.0,0.0,0.0,0.0,0.0,0.0,0.0
4,0,0.8948708,0.054765422,0.0,0.050363757,0.0,0.0,0.0,0.0,0.0,0.0,0.0,0.0
4,0,0.8948708,0.054765422,0.0,0.050363757,0.0,0.0,0.0,0.0,0.0,0.0,0.0,0.0
4,0,0.8948708,0.054765422,0.0,0.050363757,0.0,0.0,0.0,0.0,0.0,0.0,0.0,0.0
4,0,0.8948708,0.054765422,0.0,0.050363757,0.0,0.0,0.0,0.0,0.0,0.0,0.0,0.0
4,0,0.8948708,0.054765422,0.0,0.050363757,0.0,0.0,0.0,0.0,0.0,0.0,0.0,0.0
4,0,0.8948708,0.054765422,0.0,0.050363757,0.0,0.0,0.0,0.0,0.0,0.0,0.0,0.0
4,0,0.8948708,0.054765422,0.0,0.050363757,0.0,0.0,0.0,0.0,0.0,0.0,0.0,0.0
4,0,0.8948708,0.054765422,0.0,0.050363757,0.0,0.0,0.0,0.0,0.0,0.0,0.0,0.0
4,0,0.8948708,0.054765422,0.0,0.050363757,0.0,0.0,0.0,0.0,0.0,0.0,0.0,0.0
4,0,0.8948708,0.054765422,0.0,0.050363757,0.0,0.0,0.0,0.0,0.0,0.0,0.0,0.0
4,0,0.8948708,0.054765422,0.0,0.050363757,0.0,0.0,0.0,0.0,0.0,0.0,0.0,0.0
4,0,0.8948708,0.054765422,0.0,0.050363757,0.0,0.0,0.0,0.0,0.0,0.0,0.0,0.0
4,0,0.8948708,0.054765422,0.0,0.050363757,0.0,0.0,0.0,0.0,0.0,0.0,0.0,0.0
4,0,0.8948708,0.054765422,0.0,0.050363757,0.0,0.0,0.0,0.0,0.0,0.0,0.0,0.0
4,0,0.8948708,0.054765422,0.0,0.050363757,0.0,0.0,0.0,0.0,0.0,0.0,0.0,0.0
4,0,0.8948708,0.054765422,0.0,0.050363757,0.0,0.0,0.0,0.0,0.0,0.0,0.0,0.0
4,0,0.8948708,0.054765422,0.0,0.050363757,0.0,0.0,0.0,0.0,0.0,0.0,0.0,0.0
4,0,0.8948708,0.054765422,0.0,0.050363757,0.0,0.0,0.0,0.0,0.0,0.0,0.0,0.0
4,0,0.8948708,0.054765422,0.0,0.050363757,0.0,0.0,0.0,0.0,0.0,0.0,0.0,0.0
4,0,0.8948708,0.054765422,0.0,0.050363757,0.0,0.0,0.0,0.0,0.0,0.0,0.0,0.0
4,0,0.8948708,0.054765422,0.0,0.050363757,0.0,0.0,0.0,0.0,0.0,0.0,0.0,0.0
4,0,0.8948708,0.054765422,0.0,0.050363757,0.0,0.0,0.0,0.0,0.0,0.0,0.0,0.0
4,0,0.8948708,0.054765422,0.0,0.050363757,0.0,0.0,0.0,0.0,0.0,0.0,0.0,0.0
4,0,0.8948708,0.054765422,0.0,0.050363757,0.0,0.0,0.0,0.0,0.0,0.0,0.0,0.0
4,0,0.8948708,0.054765422,0.0,0.050363757,0.0,0.0,0.0,0.0,0.0,0.0,0.0,0.0
4,0,0.8948708,0.054765422,0.0,0.050363757,0.0,0.0,0.0,0.0,0.0,0.0,0.0,0.0
4,0,0.8948708,0.054765422,0.0,0.050363757,0.0,0.0,0.0,0.0,0.0,0.0,0.0,0.0
4,0,0.8504329,0.054765422,0.0,0.09480174,0.0,0.0,0.0,0.0,0.0,0.0,0.0,0.0
4,0,0.8504329,0.054765422,0.0,0.09480174,0.0,0.0,0.0,0.0,0.0,0.0,0.0,0.0
4,0,0.8504329,0.054765422,0.0,0.09480174,0.0,0.0,0.0,0.0,0.0,0.0,0.0,0.0
4,0,0.8504329,0.054765422,0.0,0.09480174,0.0,0.0,0.0,0.0,0.0,0.0,0.0,0.0
4,0,0.8504329,0.054765422,0.0,0.09480174,0.0,0.0,0.0,0.0,0.0,0.0,0.0,0.0
4,0,0.8504329,0.054765422,0.0,0.09480174,0.0,0.0,0.0,0.0,0.0,0.0,0.0,0.0
4,0,0.8504329,0.054765422,0.0,0.09480174,0.0,0.0,0.0,0.0,0.0,0.0,0.0,0.0
4,0,0.8504329,0.054765422,0.0,0.09480174,0.0,0.0,0.0,0.0,0.0,0.0,0.0,0.0
4,0,0.8504329,0.054765422,0.0,0.09480174,0.0,0.0,0.0,0.0,0.0,0.0,0.0,0.0
4,0,0.8504329,0.054765422,0.0,0.09480174,0.0,0.0,0.0,0.0,0.0,0.0,0.0,0.0
4,0,0.8504329,0.054765422,0.0,0.09480174,0.0,0.0,0.0,0.0,0.0,0.0,0.0,0.0
4,0,0.8504329,0.054765422,0.0,0.09480174,0.0,0.0,0.0,0.0,0.0,0.0,0.0,0.0
4,0,0.8504329,0.054765422,0.0,0.09480174,0.0,0.0,0.0,0.0,0.0,0.0,0.0,0.0
4,0,0.8504329,0.054765422,0.0,0.09480174,0.0,0.0,0.0,0.0,0.0,0.0,0.0,0.0
4,0,0.8504329,0.054765422,0.0,0.09480174,0.0,0.0,0.0,0.0,0.0,0.0,0.0,0.0
4,0,0.8504329,0.054765422,0.0,0.09480174,0.0,0.0,0.0,0.0,0.0,0.0,0.0,0.0
4,0,0.8504329,0.054765422,0.0,0.09480174,0.0,0.0,0.0,0.0,0.0,0.0,0.0,0.0
4,0,0.8504329,0.054765422,0.0,0.09480174,0.0,0.0,0.0,0.0,0.0,0.0,0.0,0.0
4,0,0.8504329,0.054765422,0.0,0.09480174,0.0,0.0,0.0,0.0,0.0,0.0,0.0,0.0
4,0,0.8504329,0.054765422,0.0,0.09480174,0.0,0.0,0.0,0.0,0.0,0.0,0.0,0.0
4,0,0.8504329,0.054765422,0.0,0.09480174,0.0,0.0,0.0,0.0,0.0,0.0,0.0,0.0
4,0,0.8504329,0.054765422,0.0,0.09480174,0.0,0.0,0.0,0.0,0.0,0.0,0.0,0.0
4,0,0.8504329,0.054765422,0.0,0.09480174,0.0,0.0,0.0,0.0,0.0,0.0,0.0,0.0
4,0,0.8504329,0.054765422,0.0,0.09480174,0.0,0.0,0.0,0.0,0.0,0.0,0.0,0.0
4,0,0.8504329,0.054765422,0.0,0.09480174,0.0,0.0,0.0,0.0,0.0,0.0,0.0,0.0
4,0,0.8504329,0.054765422,0.0,0.09480174,0.0,0.0,0.0,0.0,0.0,0.0,0.0,0.0
4,0,0.8504329,0.054765422,0.0,0.09480174,0.0,0.0,0.0,0.0,0.0,0.0,0.0,0.0
4,0,0.8504329,0.054765422,0.0,0.09480174,0.0,0.0,0.0,0.0,0.0,0.0,0.0,0.0
4,0,0.79715663,0.054765422,0.0,0.14807793,0.0,0.0,0.0,0.0,0.0,0.0,0.0,0.0
4,0,0.79715663,0.054765422,0.0,0.14807793,0.0,0.0,0.0,0.0,0.0,0.0,0.0,0.0
4,0,0.79715663,0.054765422,0.0,0.14807793,0.0,0.0,0.0,0.0,0.0,0.0,0.0,0.0
4,0,0.79715663,0.054765422,0.0,0.14807793,0.0,0.0,0.0,0.0,0.0,0.0,0.0,0.0
4,0,0.7676856,0.054765422,0.0,0.17754899,0.0,0.0,0.0,0.0,0.0,0.0,0.0,0.0
4,0,0.7676856,0.054765422,0.0,0.17754899,0.0,0.0,0.0,0.0,0.0,0.0,0.0,0.0
4,0,0.7676856,0.054765422,0.0,0.17754899,0.0,0.0,0.0,0.0,0.0,0.0,0.0,0.0
4,0,0.7676856,0.054765422,0.0,0.17754899,0.0,0.0,0.0,0.0,0.0,0.0,0.0,0.0
4,0,0.7676856,0.0,0.0,0.23231442,0.0,0.0,0.0,0.0,0.0,0.0,0.0,0.0
4,0,0.7676856,0.0,0.0,0.23231442,0.0,0.0,0.0,0.0,0.0,0.0,0.0,0.0
4,0,0.7676856,0.0,0.0,0.23231442,0.0,0.0,0.0,0.0,0.0,0.0,0.0,0.0
4,0,0.7676856,0.0,0.0,0.23231442,0.0,0.0,0.0,0.0,0.0,0.0,0.0,0.0
4,0,0.7676856,0.0,0.0,0.23231442,0.0,0.0,0.0,0.0,0.0,0.0,0.0,0.0
4,0,0.7676856,0.0,0.0,0.23231442,0.0,0.0,0.0,0.0,0.0,0.0,0.0,0.0
4,0,0.7676856,0.0,0.0,0.23231442,0.0,0.0,0.0,0.0,0.0,0.0,0.0,0.0
4,0,0.7676856,0.0,0.0,0.23231442,0.0,0.0,0.0,0.0,0.0,0.0,0.0,0.0
4,0,0.7676856,0.0,0.0,0.23231442,0.0,0.0,0.0,0.0,0.0,0.0,0.0,0.0
4,0,0.7676856,0.0,0.0,0.23231442,0.0,0.0,0.0,0.0,0.0,0.0,0.0,0.0
4,0,0.7676856,0.0,0.0,0.23231442,0.0,0.0,0.0,0.0,0.0,0.0,0.0,0.0
4,0,0.7676856,0.0,0.0,0.23231442,0.0,0.0,0.0,0.0,0.0,0.0,0.0,0.0
4,0,0.7676856,0.0,0.0,0.23231442,0.0,0.0,0.0,0.0,0.0,0.0,0.0,0.0
4,0,0.7676856,0.0,0.0,0.23231442,0.0,0.0,0.0,0.0,0.0,0.0,0.0,0.0
4,0,0.7676856,0.0,0.0,0.23231442,0.0,0.0,0.0,0.0,0.0,0.0,0.0,0.0
4,0,0.7676856,0.0,0.0,0.23231442,0.0,0.0,0.0,0.0,0.0,0.0,0.0,0.0
4,0,0.7676856,0.0,0.0,0.23231442,0.0,0.0,0.0,0.0,0.0,0.0,0.0,0.0
4,0,0.7676856,0.0,0.0,0.23231442,0.0,0.0,0.0,0.0,0.0,0.0,0.0,0.0
4,0,0.7676856,0.0,0.0,0.23231442,0.0,0.0,0.0,0.0,0.0,0.0,0.0,0.0
4,0,0.7676856,0.0,0.0,0.23231442,0.0,0.0,0.0,0.0,0.0,0.0,0.0,0.0
4,0,0.7676856,0.0,0.0,0.23231442,0.0,0.0,0.0,0.0,0.0,0.0,0.0,0.0
4,0,0.7676856,0.0,0.0,0.23231442,0.0,0.0,0.0,0.0,0.0,0.0,0.0,0.0
4,0,0.7676856,0.0,0.0,0.23231442,0.0,0.0,0.0,0.0,0.0,0.0,0.0,0.0
4,0,0.7676856,0.0,0.0,0.23231442,0.0,0.0,0.0,0.0,0.0,0.0,0.0,0.0
4,0,0.7676856,0.0,0.0,0.23231442,0.0,0.0,0.0,0.0,0.0,0.0,0.0,0.0
4,0,0.7676856,0.0,0.0,0.23231442,0.0,0.0,0.0,0.0,0.0,0.0,0.0,0.0
4,0,0.6906524,0.0,0.0,0.30934763,0.0,0.0,0.0,0.0,0.0,0.0,0.0,0.0
4,0,0.6906524,0.0,0.0,0.30934763,0.0,0.0,0.0,0.0,0.0,0.0,0.0,0.0
4,0,0.6906524,0.0,0.0,0.30934763,0.0,0.0,0.0,0.0,0.0,0.0,0.0,0.0
4,0,0.6906524,0.0,0.0,0.30934763,0.0,0.0,0.0,0.0,0.0,0.0,0.0,0.0
4,0,0.6906524,0.0,0.0,0.30934763,0.0,0.0,0.0,0.0,0.0,0.0,0.0,0.0
4,0,0.6906524,0.0,0.0,0.30934763,0.0,0.0,0.0,0.0,0.0,0.0,0.0,0.0
4,0,0.6906524,0.0,0.0,0.30934763,0.0,0.0,0.0,0.0,0.0,0.0,0.0,0.0
4,0,0.6906524,0.0,0.0,0.30934763,0.0,0.0,0.0,0.0,0.0,0.0,0.0,0.0
4,0,0.6906524,0.0,0.0,0.30934763,0.0,0.0,0.0,0.0,0.0,0.0,0.0,0.0
4,0,0.6906524,0.0,0.0,0.30934763,0.0,0.0,0.0,0.0,0.0,0.0,0.0,0.0
4,0,0.6906524,0.0,0.0,0.30934763,0.0,0.0,0.0,0.0,0.0,0.0,0.0,0.0
4,0,0.6906524,0.0,0.0,0.30934763,0.0,0.0,0.0,0.0,0.0,0.0,0.0,0.0
4,0,0.6906524,0.0,0.0,0.30934763,0.0,0.0,0.0,0.0,0.0,0.0,0.0,0.0
4,0,0.6906524,0.0,0.0,0.30934763,0.0,0.0,0.0,0.0,0.0,0.0,0.0,0.0
4,0,0.6906524,0.0,0.0,0.30934763,0.0,0.0,0.0,0.0,0.0,0.0,0.0,0.0
4,0,0.6906524,0.0,0.0,0.30934763,0.0,0.0,0.0,0.0,0.0,0.0,0.0,0.0
4,0,0.6906524,0.0,0.0,0.30934763,0.0,0.0,0.0,0.0,0.0,0.0,0.0,0.0
4,0,0.6906524,0.0,0.0,0.30934763,0.0,0.0,0.0,0.0,0.0,0.0,0.0,0.0
4,0,0.6310281,0.0,0.0,0.36897188,0.0,0.0,0.0,0.0,0.0,0.0,0.0,0.0
4,0,0.6310281,0.0,0.0,0.36897188,0.0,0.0,0.0,0.0,0.0,0.0,0.0,0.0
4,0,0.6310281,0.0,0.0,0.36897188,0.0,0.0,0.0,0.0,0.0,0.0,0.0,0.0
4,0,0.6310281,0.0,0.0,0.36897188,0.0,0.0,0.0,0.0,0.0,0.0,0.0,0.0
4,0,0.6310281,0.0,0.0,0.36897188,0.0,0.0,0.0,0.0,0.0,0.0,0.0,0.0
4,0,0.6310281,0.0,0.0,0.36897188,0.0,0.0,0.0,0.0,0.0,0.0,0.0,0.0
4,0,0.6310281,0.0,0.0,0.36897188,0.0,0.0,0.0,0.0,0.0,0.0,0.0,0.0
4,0,0.6310281,0.0,0.0,0.36897188,0.0,0.0,0.0,0.0,0.0,0.0,0.0,0.0
4,0,0.6310281,0.0,0.0,0.36897188,0.0,0.0,0.0,0.0,0.0,0.0,0.0,0.0
4,0,0.6310281,0.0,0.0,0.36897188,0.0,0.0,0.0,0.0,0.0,0.0,0.0,0.0
4,0,0.6310281,0.0,0.0,0.36897188,0.0,0.0,0.0,0.0,0.0,0.0,0.0,0.0
4,0,0.6310281,0.0,0.0,0.36897188,0.0,0.0,0.0,0.0,0.0,0.0,0.0,0.0
4,0,0.6310281,0.0,0.0,0.36897188,0.0,0.0,0.0,0.0,0.0,0.0,0.0,0.0
4,0,0.6310281,0.0,0.0,0.36897188,0.0,0.0,0.0,0.0,0.0,0.0,0.0,0.0
4,0,0.6310281,0.0,0.0,0.36897188,0.0,0.0,0.0,0.0,0.0,0.0,0.0,0.0
4,0,0.6310281,0.0,0.0,0.36897188,0.0,0.0,0.0,0.0,0.0,0.0,0.0,0.0
4,0,0.6310281,0.0,0.0,0.36897188,0.0,0.0,0.0,0.0,0.0,0.0,0.0,0.0
4,0,0.6310281,0.0,0.0,0.36897188,0.0,0.0,0.0,0.0,0.0,0.0,0.0,0.0
4,0,0.6310281,0.0,0.0,0.36897188,0.0,0.0,0.0,0.0,0.0,0.0,0.0,0.0
4,0,0.6310281,0.0,0.0,0.36897188,0.0,0.0,0.0,0.0,0.0,0.0,0.0,0.0
4,0,0.6069042,0.0,0.0,0.3930958,0.0,0.0,0.0,0.0,0.0,0.0,0.0,0.0
4,0,0.6069042,0.0,0.0,0.3930958,0.0,0.0,0.0,0.0,0.0,0.0,0.0,0.0
4,0,0.6069042,0.0,0.0,0.3930958,0.0,0.0,0.0,0.0,0.0,0.0,0.0,0.0
4,0,0.6069042,0.0,0.0,0.3930958,0.0,0.0,0.0,0.0,0.0,0.0,0.0,0.0
4,0,0.6069042,0.0,0.0,0.3930958,0.0,0.0,0.0,0.0,0.0,0.0,0.0,0.0
4,0,0.6069042,0.0,0.0,0.3930958,0.0,0.0,0.0,0.0,0.0,0.0,0.0,0.0
4,0,0.6069042,0.0,0.0,0.3930958,0.0,0.0,0.0,0.0,0.0,0.0,0.0,0.0
4,0,0.6069042,0.0,0.0,0.3930958,0.0,0.0,0.0,0.0,0.0,0.0,0.0,0.0
4,0,0.6069042,0.0,0.0,0.3930958,0.0,0.0,0.0,0.0,0.0,0.0,0.0,0.0
4,0,0.6069042,0.0,0.0,0.3930958,0.0,0.0,0.0,0.0,0.0,0.0,0.0,0.0
4,0,0.6069042,0.0,0.0,0.3930958,0.0,0.0,0.0,0.0,0.0,0.0,0.0,0.0
4,0,0.6069042,0.0,0.0,0.3930958,0.0,0.0,0.0,0.0,0.0,0.0,0.0,0.0
4,0,0.6069042,0.0,0.0,0.3930958,0.0,0.0,0.0,0.0,0.0,0.0,0.0,0.0
4,0,0.6069042,0.0,0.0,0.3930958,0.0,0.0,0.0,0.0,0.0,0.0,0.0,0.0
4,0,0.6069042,0.0,0.0,0.3930958,0.0,0.0,0.0,0.0,0.0,0.0,0.0,0.0
4,0,0.6069042,0.0,0.0,0.3930958,0.0,0.0,0.0,0.0,0.0,0.0,0.0,0.0
4,0,0.6069042,0.0,0.0,0.3930958,0.0,0.0,0.0,0.0,0.0,0.0,0.0,0.0
4,0,0.6069042,0.0,0.0,0.3930958,0.0,0.0,0.0,0.0,0.0,0.0,0.0,0.0
4,0,0.6069042,0.0,0.0,0.3930958,0.0,0.0,0.0,0.0,0.0,0.0,0.0,0.0
4,0,0.6069042,0.0,0.0,0.3930958,0.0,0.0,0.0,0.0,0.0,0.0,0.0,0.0
4,0,0.6069042,0.0,0.0,0.3930958,0.0,0.0,0.0,0.0,0.0,0.0,0.0,0.0
4,0,0.6069042,0.0,0.0,0.3930958,0.0,0.0,0.0,0.0,0.0,0.0,0.0,0.0
4,0,0.6069042,0.0,0.0,0.3930958,0.0,0.0,0.0,0.0,0.0,0.0,0.0,0.0
4,0,0.6069042,0.0,0.0,0.3930958,0.0,0.0,0.0,0.0,0.0,0.0,0.0,0.0
4,0,0.6069042,0.0,0.0,0.3930958,0.0,0.0,0.0,0.0,0.0,0.0,0.0,0.0
4,0,0.6069042,0.0,0.0,0.3930958,0.0,0.0,0.0,0.0,0.0,0.0,0.0,0.0
4,0,0.6069042,0.0,0.0,0.3930958,0.0,0.0,0.0,0.0,0.0,0.0,0.0,0.0
4,0,0.6069042,0.0,0.0,0.3930958,0.0,0.0,0.0,0.0,0.0,0.0,0.0,0.0
4,3,0.378803,0.0,0.0,0.621197,0.0,0.0,0.0,0.0,0.0,0.0,0.0,0.0
4,3,0.378803,0.0,0.0,0.621197,0.0,0.0,0.0,0.0,0.0,0.0,0.0,0.0
4,3,0.378803,0.0,0.0,0.621197,0.0,0.0,0.0,0.0,0.0,0.0,0.0,0.0
4,3,0.378803,0.0,0.0,0.621197,0.0,0.0,0.0,0.0,0.0,0.0,0.0,0.0
4,3,0.378803,0.0,0.0,0.621197,0.0,0.0,0.0,0.0,0.0,0.0,0.0,0.0
4,3,0.378803,0.0,0.0,0.621197,0.0,0.0,0.0,0.0,0.0,0.0,0.0,0.0
4,3,0.378803,0.0,0.0,0.621197,0.0,0.0,0.0,0.0,0.0,0.0,0.0,0.0
4,3,0.378803,0.0,0.0,0.621197,0.0,0.0,0.0,0.0,0.0,0.0,0.0,0.0
4,3,0.378803,0.0,0.0,0.621197,0.0,0.0,0.0,0.0,0.0,0.0,0.0,0.0
4,3,0.378803,0.0,0.0,0.621197,0.0,0.0,0.0,0.0,0.0,0.0,0.0,0.0
4,3,0.378803,0.0,0.0,0.621197,0.0,0.0,0.0,0.0,0.0,0.0,0.0,0.0
4,3,0.378803,0.0,0.0,0.621197,0.0,0.0,0.0,0.0,0.0,0.0,0.0,0.0
4,3,0.378803,0.0,0.0,0.621197,0.0,0.0,0.0,0.0,0.0,0.0,0.0,0.0
4,3,0.378803,0.0,0.0,0.621197,0.0,0.0,0.0,0.0,0.0,0.0,0.0,0.0
4,3,0.378803,0.0,0.0,0.621197,0.0,0.0,0.0,0.0,0.0,0.0,0.0,0.0
4,3,0.378803,0.0,0.0,0.621197,0.0,0.0,0.0,0.0,0.0,0.0,0.0,0.0
4,3,0.378803,0.0,0.0,0.621197,0.0,0.0,0.0,0.0,0.0,0.0,0.0,0.0
4,3,0.378803,0.0,0.0,0.621197,0.0,0.0,0.0,0.0,0.0,0.0,0.0,0.0
4,3,0.378803,0.0,0.0,0.621197,0.0,0.0,0.0,0.0,0.0,0.0,0.0,0.0
4,3,0.378803,0.0,0.0,0.621197,0.0,0.0,0.0,0.0,0.0,0.0,0.0,0.0
4,3,0.378803,0.0,0.0,0.621197,0.0,0.0,0.0,0.0,0.0,0.0,0.0,0.0
4,3,0.378803,0.0,0.0,0.621197,0.0,0.0,0.0,0.0,0.0,0.0,0.0,0.0
4,3,0.378803,0.0,0.0,0.621197,0.0,0.0,0.0,0.0,0.0,0.0,0.0,0.0
4,3,0.378803,0.0,0.0,0.621197,0.0,0.0,0.0,0.0,0.0,0.0,0.0,0.0
4,3,0.378803,0.0,0.0,0.621197,0.0,0.0,0.0,0.0,0.0,0.0,0.0,0.0
4,3,0.378803,0.0,0.0,0.621197,0.0,0.0,0.0,0.0,0.0,0.0,0.0,0.0
4,3,0.378803,0.0,0.0,0.621197,0.0,0.0,0.0,0.0,0.0,0.0,0.0,0.0
4,3,0.378803,0.0,0.0,0.621197,0.0,0.0,0.0,0.0,0.0,0.0,0.0,0.0
4,3,0.378803,0.0,0.0,0.621197,0.0,0.0,0.0,0.0,0.0,0.0,0.0,0.0
4,3,0.378803,0.0,0.0,0.621197,0.0,0.0,0.0,0.0,0.0,0.0,0.0,0.0
4,3,0.378803,0.0,0.0,0.621197,0.0,0.0,0.0,0.0,0.0,0.0,0.0,0.0
4,3,0.378803,0.0,0.0,0.621197,0.0,0.0,0.0,0.0,0.0,0.0,0.0,0.0
4,3,0.378803,0.0,0.0,0.621197,0.0,0.0,0.0,0.0,0.0,0.0,0.0,0.0
4,3,0.378803,0.0,0.0,0.621197,0.0,0.0,0.0,0.0,0.0,0.0,0.0,0.0
4,3,0.378803,0.0,0.0,0.621197,0.0,0.0,0.0,0.0,0.0,0.0,0.0,0.0
4,3,0.378803,0.0,0.0,0.621197,0.0,0.0,0.0,0.0,0.0,0.0,0.0,0.0
4,3,0.378803,0.0,0.0,0.621197,0.0,0.0,0.0,0.0,0.0,0.0,0.0,0.0
4,3,0.378803,0.0,0.0,0.621197,0.0,0.0,0.0,0.0,0.0,0.0,0.0,0.0
4,3,0.378803,0.0,0.0,0.621197,0.0,0.0,0.0,0.0,0.0,0.0,0.0,0.0
4,3,0.378803,0.0,0.0,0.621197,0.0,0.0,0.0,0.0,0.0,0.0,0.0,0.0
4,3,0.378803,0.0,0.0,0.621197,0.0,0.0,0.0,0.0,0.0,0.0,0.0,0.0
4,3,0.378803,0.0,0.0,0.621197,0.0,0.0,0.0,0.0,0.0,0.0,0.0,0.0
4,3,0.378803,0.0,0.0,0.621197,0.0,0.0,0.0,0.0,0.0,0.0,0.0,0.0
4,3,0.378803,0.0,0.0,0.621197,0.0,0.0,0.0,0.0,0.0,0.0,0.0,0.0
4,3,0.378803,0.0,0.0,0.621197,0.0,0.0,0.0,0.0,0.0,0.0,0.0,0.0
4,3,0.378803,0.0,0.0,0.621197,0.0,0.0,0.0,0.0,0.0,0.0,0.0,0.0
4,3,0.378803,0.0,0.0,0.621197,0.0,0.0,0.0,0.0,0.0,0.0,0.0,0.0
4,3,0.378803,0.0,0.0,0.621197,0.0,0.0,0.0,0.0,0.0,0.0,0.0,0.0
4,3,0.378803,0.0,0.0,0.621197,0.0,0.0,0.0,0.0,0.0,0.0,0.0,0.0
4,3,0.378803,0.0,0.0,0.621197,0.0,0.0,0.0,0.0,0.0,0.0,0.0,0.0
4,3,0.378803,0.0,0.0,0.621197,0.0,0.0,0.0,0.0,0.0,0.0,0.0,0.0
4,3,0.378803,0.0,0.0,0.621197,0.0,0.0,0.0,0.0,0.0,0.0,0.0,0.0
4,3,0.378803,0.0,0.0,0.621197,0.0,0.0,0.0,0.0,0.0,0.0,0.0,0.0
4,3,0.378803,0.0,0.0,0.621197,0.0,0.0,0.0,0.0,0.0,0.0,0.0,0.0
4,3,0.378803,0.0,0.0,0.621197,0.0,0.0,0.0,0.0,0.0,0.0,0.0,0.0
4,3,0.378803,0.0,0.0,0.621197,0.0,0.0,0.0,0.0,0.0,0.0,0.0,0.0
4,3,0.378803,0.0,0.0,0.621197,0.0,0.0,0.0,0.0,0.0,0.0,0.0,0.0
4,3,0.29837272,0.0,0.0,0.7016273,0.0,0.0,0.0,0.0,0.0,0.0,0.0,0.0
4,3,0.29837272,0.0,0.0,0.7016273,0.0,0.0,0.0,0.0,0.0,0.0,0.0,0.0
4,3,0.29837272,0.0,0.0,0.7016273,0.0,0.0,0.0,0.0,0.0,0.0,0.0,0.0
4,3,0.29837272,0.0,0.0,0.7016273,0.0,0.0,0.0,0.0,0.0,0.0,0.0,0.0
4,3,0.29837272,0.0,0.0,0.7016273,0.0,0.0,0.0,0.0,0.0,0.0,0.0,0.0
4,3,0.29837272,0.0,0.0,0.7016273,0.0,0.0,0.0,0.0,0.0,0.0,0.0,0.0
4,3,0.29837272,0.0,0.0,0.7016273,0.0,0.0,0.0,0.0,0.0,0.0,0.0,0.0
4,3,0.29837272,0.0,0.0,0.7016273,0.0,0.0,0.0,0.0,0.0,0.0,0.0,0.0
4,3,0.29837272,0.0,0.0,0.7016273,0.0,0.0,0.0,0.0,0.0,0.0,0.0,0.0
4,3,0.29837272,0.0,0.0,0.7016273,0.0,0.0,0.0,0.0,0.0,0.0,0.0,0.0
4,3,0.29837272,0.0,0.0,0.7016273,0.0,0.0,0.0,0.0,0.0,0.0,0.0,0.0
4,3,0.29837272,0.0,0.0,0.7016273,0.0,0.0,0.0,0.0,0.0,0.0,0.0,0.0
4,3,0.29837272,0.0,0.0,0.7016273,0.0,0.0,0.0,0.0,0.0,0.0,0.0,0.0
4,3,0.29837272,0.0,0.0,0.7016273,0.0,0.0,0.0,0.0,0.0,0.0,0.0,0.0
4,3,0.29837272,0.0,0.0,0.7016273,0.0,0.0,0.0,0.0,0.0,0.0,0.0,0.0
4,3,0.29837272,0.0,0.0,0.7016273,0.0,0.0,0.0,0.0,0.0,0.0,0.0,0.0
4,3,0.29837272,0.0,0.0,0.7016273,0.0,0.0,0.0,0.0,0.0,0.0,0.0,0.0
4,3,0.29837272,0.0,0.0,0.7016273,0.0,0.0,0.0,0.0,0.0,0.0,0.0,0.0
4,3,0.29837272,0.0,0.0,0.7016273,0.0,0.0,0.0,0.0,0.0,0.0,0.0,0.0
4,3,0.29837272,0.0,0.0,0.7016273,0.0,0.0,0.0,0.0,0.0,0.0,0.0,0.0
4,3,0.29837272,0.0,0.0,0.7016273,0.0,0.0,0.0,0.0,0.0,0.0,0.0,0.0
4,3,0.29837272,0.0,0.0,0.7016273,0.0,0.0,0.0,0.0,0.0,0.0,0.0,0.0
4,3,0.29837272,0.0,0.0,0.7016273,0.0,0.0,0.0,0.0,0.0,0.0,0.0,0.0
4,3,0.29837272,0.0,0.0,0.7016273,0.0,0.0,0.0,0.0,0.0,0.0,0.0,0.0
4,3,0.29837272,0.0,0.0,0.7016273,0.0,0.0,0.0,0.0,0.0,0.0,0.0,0.0
4,3,0.29837272,0.0,0.0,0.7016273,0.0,0.0,0.0,0.0,0.0,0.0,0.0,0.0
4,3,0.29837272,0.0,0.0,0.7016273,0.0,0.0,0.0,0.0,0.0,0.0,0.0,0.0
4,3,0.29837272,0.0,0.0,0.7016273,0.0,0.0,0.0,0.0,0.0,0.0,0.0,0.0
4,3,0.29837272,0.0,0.0,0.7016273,0.0,0.0,0.0,0.0,0.0,0.0,0.0,0.0
4,3,0.29837272,0.0,0.0,0.7016273,0.0,0.0,0.0,0.0,0.0,0.0,0.0,0.0
4,3,0.29837272,0.0,0.0,0.7016273,0.0,0.0,0.0,0.0,0.0,0.0,0.0,0.0
4,3,0.29837272,0.0,0.0,0.7016273,0.0,0.0,0.0,0.0,0.0,0.0,0.0,0.0
4,3,0.29837272,0.0,0.0,0.7016273,0.0,0.0,0.0,0.0,0.0,0.0,0.0,0.0
4,3,0.29837272,0.0,0.0,0.7016273,0.0,0.0,0.0,0.0,0.0,0.0,0.0,0.0
4,3,0.29837272,0.0,0.0,0.7016273,0.0,0.0,0.0,0.0,0.0,0.0,0.0,0.0
4,3,0.29837272,0.0,0.0,0.7016273,0.0,0.0,0.0,0.0,0.0,0.0,0.0,0.0
4,3,0.29837272,0.0,0.0,0.7016273,0.0,0.0,0.0,0.0,0.0,0.0,0.0,0.0
4,3,0.29837272,0.0,0.0,0.7016273,0.0,0.0,0.0,0.0,0.0,0.0,0.0,0.0
4,3,0.29837272,0.0,0.0,0.7016273,0.0,0.0,0.0,0.0,0.0,0.0,0.0,0.0
4,3,0.29837272,0.0,0.0,0.7016273,0.0,0.0,0.0,0.0,0.0,0.0,0.0,0.0
4,3,0.29837272,0.0,0.0,0.7016273,0.0,0.0,0.0,0.0,0.0,0.0,0.0,0.0
4,3,0.29837272,0.0,0.0,0.7016273,0.0,0.0,0.0,0.0,0.0,0.0,0.0,0.0
4,3,0.29837272,0.0,0.0,0.7016273,0.0,0.0,0.0,0.0,0.0,0.0,0.0,0.0
4,3,0.29837272,0.0,0.0,0.7016273,0.0,0.0,0.0,0.0,0.0,0.0,0.0,0.0
4,3,0.29837272,0.0,0.0,0.7016273,0.0,0.0,0.0,0.0,0.0,0.0,0.0,0.0
4,3,0.29837272,0.0,0.0,0.7016273,0.0,0.0,0.0,0.0,0.0,0.0,0.0,0.0
4,3,0.29837272,0.0,0.0,0.7016273,0.0,0.0,0.0,0.0,0.0,0.0,0.0,0.0
4,3,0.29837272,0.0,0.0,0.7016273,0.0,0.0,0.0,0.0,0.0,0.0,0.0,0.0
4,3,0.29837272,0.0,0.0,0.7016273,0.0,0.0,0.0,0.0,0.0,0.0,0.0,0.0
4,3,0.29837272,0.0,0.0,0.7016273,0.0,0.0,0.0,0.0,0.0,0.0,0.0,0.0
4,3,0.29837272,0.0,0.0,0.7016273,0.0,0.0,0.0,0.0,0.0,0.0,0.0,0.0
4,3,0.378803,0.0,0.0,0.621197,0.0,0.0,0.0,0.0,0.0,0.0,0.0,0.0
4,3,0.378803,0.0,0.0,0.621197,0.0,0.0,0.0,0.0,0.0,0.0,0.0,0.0
4,3,0.378803,0.0,0.0,0.621197,0.0,0.0,0.0,0.0,0.0,0.0,0.0,0.0
4,3,0.378803,0.0,0.0,0.621197,0.0,0.0,0.0,0.0,0.0,0.0,0.0,0.0
4,3,0.378803,0.0,0.0,0.621197,0.0,0.0,0.0,0.0,0.0,0.0,0.0,0.0
4,3,0.378803,0.0,0.0,0.621197,0.0,0.0,0.0,0.0,0.0,0.0,0.0,0.0
4,3,0.378803,0.0,0.0,0.621197,0.0,0.0,0.0,0.0,0.0,0.0,0.0,0.0
4,3,0.378803,0.0,0.0,0.621197,0.0,0.0,0.0,0.0,0.0,0.0,0.0,0.0
4,3,0.378803,0.0,0.0,0.621197,0.0,0.0,0.0,0.0,0.0,0.0,0.0,0.0
4,3,0.378803,0.0,0.0,0.621197,0.0,0.0,0.0,0.0,0.0,0.0,0.0,0.0
4,3,0.378803,0.0,0.0,0.621197,0.0,0.0,0.0,0.0,0.0,0.0,0.0,0.0
4,3,0.378803,0.0,0.0,0.621197,0.0,0.0,0.0,0.0,0.0,0.0,0.0,0.0
4,3,0.378803,0.0,0.0,0.621197,0.0,0.0,0.0,0.0,0.0,0.0,0.0,0.0
4,3,0.378803,0.0,0.0,0.621197,0.0,0.0,0.0,0.0,0.0,0.0,0.0,0.0
4,3,0.378803,0.0,0.0,0.621197,0.0,0.0,0.0,0.0,0.0,0.0,0.0,0.0
4,3,0.378803,0.0,0.0,0.621197,0.0,0.0,0.0,0.0,0.0,0.0,0.0,0.0
4,3,0.378803,0.0,0.0,0.621197,0.0,0.0,0.0,0.0,0.0,0.0,0.0,0.0
4,3,0.378803,0.0,0.0,0.621197,0.0,0.0,0.0,0.0,0.0,0.0,0.0,0.0
4,3,0.378803,0.0,0.0,0.621197,0.0,0.0,0.0,0.0,0.0,0.0,0.0,0.0
4,3,0.378803,0.0,0.0,0.621197,0.0,0.0,0.0,0.0,0.0,0.0,0.0,0.0
4,3,0.40630326,0.0,0.0,0.5936968,0.0,0.0,0.0,0.0,0.0,0.0,0.0,0.0
4,3,0.40630326,0.0,0.0,0.5936968,0.0,0.0,0.0,0.0,0.0,0.0,0.0,0.0
4,3,0.40630326,0.0,0.0,0.5936968,0.0,0.0,0.0,0.0,0.0,0.0,0.0,0.0
4,3,0.40630326,0.0,0.0,0.5936968,0.0,0.0,0.0,0.0,0.0,0.0,0.0,0.0
4,3,0.40630326,0.0,0.0,0.5936968,0.0,0.0,0.0,0.0,0.0,0.0,0.0,0.0
4,3,0.40630326,0.0,0.0,0.5936968,0.0,0.0,0.0,0.0,0.0,0.0,0.0,0.0
4,3,0.40630326,0.0,0.0,0.5936968,0.0,0.0,0.0,0.0,0.0,0.0,0.0,0.0
4,3,0.40630326,0.0,0.0,0.5936968,0.0,0.0,0.0,0.0,0.0,0.0,0.0,0.0
4,3,0.40630326,0.0,0.0,0.5936968,0.0,0.0,0.0,0.0,0.0,0.0,0.0,0.0
4,3,0.40630326,0.0,0.0,0.5936968,0.0,0.0,0.0,0.0,0.0,0.0,0.0,0.0
4,3,0.40630326,0.0,0.0,0.5936968,0.0,0.0,0.0,0.0,0.0,0.0,0.0,0.0
4,3,0.40630326,0.0,0.0,0.5936968,0.0,0.0,0.0,0.0,0.0,0.0,0.0,0.0
4,3,0.40630326,0.0,0.0,0.5936968,0.0,0.0,0.0,0.0,0.0,0.0,0.0,0.0
4,3,0.40630326,0.0,0.0,0.5936968,0.0,0.0,0.0,0.0,0.0,0.0,0.0,0.0
4,3,0.40630326,0.0,0.0,0.5936968,0.0,0.0,0.0,0.0,0.0,0.0,0.0,0.0
4,3,0.40630326,0.0,0.0,0.5936968,0.0,0.0,0.0,0.0,0.0,0.0,0.0,0.0
4,3,0.40630326,0.0,0.0,0.5936968,0.0,0.0,0.0,0.0,0.0,0.0,0.0,0.0
4,3,0.40630326,0.0,0.0,0.5936968,0.0,0.0,0.0,0.0,0.0,0.0,0.0,0.0
4,3,0.40630326,0.0,0.0,0.5936968,0.0,0.0,0.0,0.0,0.0,0.0,0.0,0.0
4,3,0.40630326,0.0,0.0,0.5936968,0.0,0.0,0.0,0.0,0.0,0.0,0.0,0.0
4,3,0.40630326,0.0,0.0,0.5936968,0.0,0.0,0.0,0.0,0.0,0.0,0.0,0.0
4,3,0.40630326,0.0,0.0,0.5936968,0.0,0.0,0.0,0.0,0.0,0.0,0.0,0.0
4,3,0.40630326,0.0,0.0,0.5936968,0.0,0.0,0.0,0.0,0.0,0.0,0.0,0.0
4,3,0.40630326,0.0,0.0,0.5936968,0.0,0.0,0.0,0.0,0.0,0.0,0.0,0.0
4,3,0.40630326,0.0,0.0,0.5936968,0.0,0.0,0.0,0.0,0.0,0.0,0.0,0.0
4,3,0.40630326,0.0,0.0,0.5936968,0.0,0.0,0.0,0.0,0.0,0.0,0.0,0.0
4,3,0.40630326,0.0,0.0,0.5936968,0.0,0.0,0.0,0.0,0.0,0.0,0.0,0.0
4,3,0.40630326,0.0,0.0,0.5936968,0.0,0.0,0.0,0.0,0.0,0.0,0.0,0.0
4,3,0.40630326,0.0,0.0,0.5936968,0.0,0.0,0.0,0.0,0.0,0.0,0.0,0.0
4,3,0.40630326,0.0,0.0,0.5936968,0.0,0.0,0.0,0.0,0.0,0.0,0.0,0.0
4,3,0.40630326,0.0,0.0,0.5936968,0.0,0.0,0.0,0.0,0.0,0.0,0.0,0.0
4,3,0.40630326,0.0,0.0,0.5936968,0.0,0.0,0.0,0.0,0.0,0.0,0.0,0.0
4,3,0.40630326,0.0,0.0,0.5936968,0.0,0.0,0.0,0.0,0.0,0.0,0.0,0.0
4,3,0.40630326,0.0,0.0,0.5936968,0.0,0.0,0.0,0.0,0.0,0.0,0.0,0.0
4,3,0.40630326,0.0,0.0,0.5936968,0.0,0.0,0.0,0.0,0.0,0.0,0.0,0.0
4,3,0.40630326,0.0,0.0,0.5936968,0.0,0.0,0.0,0.0,0.0,0.0,0.0,0.0
4,3,0.40630326,0.0,0.0,0.5936968,0.0,0.0,0.0,0.0,0.0,0.0,0.0,0.0
4,3,0.40630326,0.0,0.0,0.5936968,0.0,0.0,0.0,0.0,0.0,0.0,0.0,0.0
4,3,0.40630326,0.0,0.0,0.5936968,0.0,0.0,0.0,0.0,0.0,0.0,0.0,0.0
4,3,0.40630326,0.0,0.0,0.5936968,0.0,0.0,0.0,0.0,0.0,0.0,0.0,0.0
4,3,0.40630326,0.0,0.0,0.5936968,0.0,0.0,0.0,0.0,0.0,0.0,0.0,0.0
4,3,0.40630326,0.0,0.0,0.5936968,0.0,0.0,0.0,0.0,0.0,0.0,0.0,0.0
4,3,0.40630326,0.0,0.0,0.5936968,0.0,0.0,0.0,0.0,0.0,0.0,0.0,0.0
4,3,0.40630326,0.0,0.0,0.5936968,0.0,0.0,0.0,0.0,0.0,0.0,0.0,0.0
4,3,0.40630326,0.0,0.0,0.5936968,0.0,0.0,0.0,0.0,0.0,0.0,0.0,0.0
4,3,0.40630326,0.0,0.0,0.5936968,0.0,0.0,0.0,0.0,0.0,0.0,0.0,0.0
4,3,0.40630326,0.0,0.0,0.5936968,0.0,0.0,0.0,0.0,0.0,0.0,0.0,0.0
4,3,0.40630326,0.0,0.0,0.5936968,0.0,0.0,0.0,0.0,0.0,0.0,0.0,0.0
4,3,0.40630326,0.0,0.0,0.5936968,0.0,0.0,0.0,0.0,0.0,0.0,0.0,0.0
4,3,0.40630326,0.0,0.0,0.5936968,0.0,0.0,0.0,0.0,0.0,0.0,0.0,0.0
4,3,0.40630326,0.0,0.0,0.5936968,0.0,0.0,0.0,0.0,0.0,0.0,0.0,0.0
4,3,0.40630326,0.0,0.0,0.5936968,0.0,0.0,0.0,0.0,0.0,0.0,0.0,0.0
4,3,0.40630326,0.0,0.0,0.5936968,0.0,0.0,0.0,0.0,0.0,0.0,0.0,0.0
4,3,0.40630326,0.0,0.0,0.5936968,0.0,0.0,0.0,0.0,0.0,0.0,0.0,0.0
4,3,0.40630326,0.0,0.0,0.5936968,0.0,0.0,0.0,0.0,0.0,0.0,0.0,0.0
4,3,0.40630326,0.0,0.0,0.5936968,0.0,0.0,0.0,0.0,0.0,0.0,0.0,0.0
4,3,0.40630326,0.0,0.0,0.5936968,0.0,0.0,0.0,0.0,0.0,0.0,0.0,0.0
4,3,0.40630326,0.0,0.0,0.5936968,0.0,0.0,0.0,0.0,0.0,0.0,0.0,0.0
4,3,0.40630326,0.0,0.0,0.5936968,0.0,0.0,0.0,0.0,0.0,0.0,0.0,0.0
4,3,0.40630326,0.0,0.0,0.5936968,0.0,0.0,0.0,0.0,0.0,0.0,0.0,0.0
4,3,0.40630326,0.0,0.0,0.5936968,0.0,0.0,0.0,0.0,0.0,0.0,0.0,0.0
4,3,0.40630326,0.0,0.0,0.5936968,0.0,0.0,0.0,0.0,0.0,0.0,0.0,0.0
4,3,0.40630326,0.0,0.0,0.5936968,0.0,0.0,0.0,0.0,0.0,0.0,0.0,0.0
4,3,0.40630326,0.0,0.0,0.5936968,0.0,0.0,0.0,0.0,0.0,0.0,0.0,0.0
4,3,0.40630326,0.0,0.0,0.5936968,0.0,0.0,0.0,0.0,0.0,0.0,0.0,0.0
4,3,0.40630326,0.0,0.0,0.5936968,0.0,0.0,0.0,0.0,0.0,0.0,0.0,0.0
4,3,0.40630326,0.0,0.0,0.5936968,0.0,0.0,0.0,0.0,0.0,0.0,0.0,0.0
4,3,0.40630326,0.0,0.0,0.5936968,0.0,0.0,0.0,0.0,0.0,0.0,0.0,0.0
4,3,0.40630326,0.0,0.0,0.5936968,0.0,0.0,0.0,0.0,0.0,0.0,0.0,0.0
4,3,0.40630326,0.0,0.0,0.5936968,0.0,0.0,0.0,0.0,0.0,0.0,0.0,0.0
4,3,0.40630326,0.0,0.0,0.5936968,0.0,0.0,0.0,0.0,0.0,0.0,0.0,0.0
4,3,0.40630326,0.0,0.0,0.5936968,0.0,0.0,0.0,0.0,0.0,0.0,0.0,0.0
4,3,0.40630326,0.0,0.0,0.5936968,0.0,0.0,0.0,0.0,0.0,0.0,0.0,0.0
4,3,0.40630326,0.0,0.0,0.5936968,0.0,0.0,0.0,0.0,0.0,0.0,0.0,0.0
4,3,0.40630326,0.0,0.0,0.5936968,0.0,0.0,0.0,0.0,0.0,0.0,0.0,0.0
4,3,0.40630326,0.0,0.0,0.5936968,0.0,0.0,0.0,0.0,0.0,0.0,0.0,0.0
4,3,0.40630326,0.0,0.0,0.5936968,0.0,0.0,0.0,0.0,0.0,0.0,0.0,0.0
4,3,0.40630326,0.0,0.0,0.5936968,0.0,0.0,0.0,0.0,0.0,0.0,0.0,0.0
4,3,0.40630326,0.0,0.0,0.5936968,0.0,0.0,0.0,0.0,0.0,0.0,0.0,0.0
4,3,0.40630326,0.0,0.0,0.5936968,0.0,0.0,0.0,0.0,0.0,0.0,0.0,0.0
4,3,0.32587293,0.0,0.0,0.6741271,0.0,0.0,0.0,0.0,0.0,0.0,0.0,0.0
4,3,0.32587293,0.0,0.0,0.6741271,0.0,0.0,0.0,0.0,0.0,0.0,0.0,0.0
4,3,0.32587293,0.0,0.0,0.6741271,0.0,0.0,0.0,0.0,0.0,0.0,0.0,0.0
4,3,0.32587293,0.0,0.0,0.6741271,0.0,0.0,0.0,0.0,0.0,0.0,0.0,0.0
4,3,0.32587293,0.0,0.0,0.6741271,0.0,0.0,0.0,0.0,0.0,0.0,0.0,0.0
4,3,0.32587293,0.0,0.0,0.6741271,0.0,0.0,0.0,0.0,0.0,0.0,0.0,0.0
4,3,0.32587293,0.0,0.0,0.6741271,0.0,0.0,0.0,0.0,0.0,0.0,0.0,0.0
4,3,0.32587293,0.0,0.0,0.6741271,0.0,0.0,0.0,0.0,0.0,0.0,0.0,0.0
4,3,0.32587293,0.0,0.0,0.6741271,0.0,0.0,0.0,0.0,0.0,0.0,0.0,0.0
4,3,0.32587293,0.0,0.0,0.6741271,0.0,0.0,0.0,0.0,0.0,0.0,0.0,0.0
4,3,0.32587293,0.0,0.0,0.6741271,0.0,0.0,0.0,0.0,0.0,0.0,0.0,0.0
4,3,0.32587293,0.0,0.0,0.6741271,0.0,0.0,0.0,0.0,0.0,0.0,0.0,0.0
4,3,0.32587293,0.0,0.0,0.6741271,0.0,0.0,0.0,0.0,0.0,0.0,0.0,0.0
4,3,0.32587293,0.0,0.0,0.6741271,0.0,0.0,0.0,0.0,0.0,0.0,0.0,0.0
4,3,0.32587293,0.0,0.0,0.6741271,0.0,0.0,0.0,0.0,0.0,0.0,0.0,0.0
4,3,0.32587293,0.0,0.0,0.6741271,0.0,0.0,0.0,0.0,0.0,0.0,0.0,0.0
4,3,0.32587293,0.0,0.0,0.6741271,0.0,0.0,0.0,0.0,0.0,0.0,0.0,0.0
4,3,0.32587293,0.0,0.0,0.6741271,0.0,0.0,0.0,0.0,0.0,0.0,0.0,0.0
4,3,0.32587293,0.0,0.0,0.6741271,0.0,0.0,0.0,0.0,0.0,0.0,0.0,0.0
4,3,0.32587293,0.0,0.0,0.6741271,0.0,0.0,0.0,0.0,0.0,0.0,0.0,0.0
4,3,0.32587293,0.0,0.0,0.6741271,0.0,0.0,0.0,0.0,0.0,0.0,0.0,0.0
4,3,0.32587293,0.0,0.0,0.6741271,0.0,0.0,0.0,0.0,0.0,0.0,0.0,0.0
4,3,0.32587293,0.0,0.0,0.6741271,0.0,0.0,0.0,0.0,0.0,0.0,0.0,0.0
4,3,0.32587293,0.0,0.0,0.6741271,0.0,0.0,0.0,0.0,0.0,0.0,0.0,0.0
4,3,0.32587293,0.0,0.0,0.6741271,0.0,0.0,0.0,0.0,0.0,0.0,0.0,0.0
4,3,0.32587293,0.0,0.0,0.6741271,0.0,0.0,0.0,0.0,0.0,0.0,0.0,0.0
4,3,0.32587293,0.0,0.0,0.6741271,0.0,0.0,0.0,0.0,0.0,0.0,0.0,0.0
4,3,0.32587293,0.0,0.0,0.6741271,0.0,0.0,0.0,0.0,0.0,0.0,0.0,0.0
4,3,0.32587293,0.0,0.0,0.6741271,0.0,0.0,0.0,0.0,0.0,0.0,0.0,0.0
4,3,0.32587293,0.0,0.0,0.6741271,0.0,0.0,0.0,0.0,0.0,0.0,0.0,0.0
4,3,0.32587293,0.0,0.0,0.6741271,0.0,0.0,0.0,0.0,0.0,0.0,0.0,0.0
4,3,0.32587293,0.0,0.0,0.6741271,0.0,0.0,0.0,0.0,0.0,0.0,0.0,0.0
4,3,0.38888898,0.0,0.0,0.61111104,0.0,0.0,0.0,0.0,0.0,0.0,0.0,0.0
4,3,0.38888898,0.0,0.0,0.61111104,0.0,0.0,0.0,0.0,0.0,0.0,0.0,0.0
4,3,0.38888898,0.0,0.0,0.61111104,0.0,0.0,0.0,0.0,0.0,0.0,0.0,0.0
4,3,0.38888898,0.0,0.0,0.61111104,0.0,0.0,0.0,0.0,0.0,0.0,0.0,0.0
4,3,0.38888898,0.0,0.0,0.61111104,0.0,0.0,0.0,0.0,0.0,0.0,0.0,0.0
4,3,0.38888898,0.0,0.0,0.61111104,0.0,0.0,0.0,0.0,0.0,0.0,0.0,0.0
4,3,0.38888898,0.0,0.0,0.61111104,0.0,0.0,0.0,0.0,0.0,0.0,0.0,0.0
4,3,0.38888898,0.0,0.0,0.61111104,0.0,0.0,0.0,0.0,0.0,0.0,0.0,0.0
4,3,0.38888898,0.0,0.0,0.61111104,0.0,0.0,0.0,0.0,0.0,0.0,0.0,0.0
4,3,0.38888898,0.0,0.0,0.61111104,0.0,0.0,0.0,0.0,0.0,0.0,0.0,0.0
4,3,0.38888898,0.0,0.0,0.61111104,0.0,0.0,0.0,0.0,0.0,0.0,0.0,0.0
4,3,0.38888898,0.0,0.0,0.61111104,0.0,0.0,0.0,0.0,0.0,0.0,0.0,0.0
4,3,0.38888898,0.0,0.0,0.61111104,0.0,0.0,0.0,0.0,0.0,0.0,0.0,0.0
4,3,0.38888898,0.0,0.0,0.61111104,0.0,0.0,0.0,0.0,0.0,0.0,0.0,0.0
4,3,0.38888898,0.0,0.0,0.61111104,0.0,0.0,0.0,0.0,0.0,0.0,0.0,0.0
4,3,0.38888898,0.0,0.0,0.61111104,0.0,0.0,0.0,0.0,0.0,0.0,0.0,0.0
4,3,0.38888898,0.0,0.0,0.61111104,0.0,0.0,0.0,0.0,0.0,0.0,0.0,0.0
4,3,0.38888898,0.0,0.0,0.61111104,0.0,0.0,0.0,0.0,0.0,0.0,0.0,0.0
4,3,0.38888898,0.0,0.0,0.61111104,0.0,0.0,0.0,0.0,0.0,0.0,0.0,0.0
4,3,0.46931928,0.0,0.0,0.5306808,0.0,0.0,0.0,0.0,0.0,0.0,0.0,0.0
4,3,0.46931928,0.0,0.0,0.5306808,0.0,0.0,0.0,0.0,0.0,0.0,0.0,0.0
4,3,0.46931928,0.0,0.0,0.5306808,0.0,0.0,0.0,0.0,0.0,0.0,0.0,0.0
4,3,0.46931928,0.0,0.0,0.5306808,0.0,0.0,0.0,0.0,0.0,0.0,0.0,0.0
4,3,0.46931928,0.0,0.0,0.5306808,0.0,0.0,0.0,0.0,0.0,0.0,0.0,0.0
4,3,0.46931928,0.0,0.0,0.5306808,0.0,0.0,0.0,0.0,0.0,0.0,0.0,0.0
4,3,0.46931928,0.0,0.0,0.5306808,0.0,0.0,0.0,0.0,0.0,0.0,0.0,0.0
4,3,0.46931928,0.0,0.0,0.5306808,0.0,0.0,0.0,0.0,0.0,0.0,0.0,0.0
4,3,0.46931928,0.0,0.0,0.5306808,0.0,0.0,0.0,0.0,0.0,0.0,0.0,0.0
4,3,0.46931928,0.0,0.0,0.5306808,0.0,0.0,0.0,0.0,0.0,0.0,0.0,0.0
4,3,0.46931928,0.0,0.0,0.5306808,0.0,0.0,0.0,0.0,0.0,0.0,0.0,0.0
4,3,0.46931928,0.0,0.0,0.5306808,0.0,0.0,0.0,0.0,0.0,0.0,0.0,0.0
4,3,0.46931928,0.0,0.0,0.5306808,0.0,0.0,0.0,0.0,0.0,0.0,0.0,0.0
4,3,0.46931928,0.0,0.0,0.5306808,0.0,0.0,0.0,0.0,0.0,0.0,0.0,0.0
4,3,0.46931928,0.0,0.0,0.5306808,0.0,0.0,0.0,0.0,0.0,0.0,0.0,0.0
4,3,0.46931928,0.0,0.0,0.5306808,0.0,0.0,0.0,0.0,0.0,0.0,0.0,0.0
4,3,0.46931928,0.0,0.0,0.5306808,0.0,0.0,0.0,0.0,0.0,0.0,0.0,0.0
4,3,0.46931928,0.0,0.0,0.5306808,0.0,0.0,0.0,0.0,0.0,0.0,0.0,0.0
4,3,0.46931928,0.0,0.0,0.5306808,0.0,0.0,0.0,0.0,0.0,0.0,0.0,0.0
4,3,0.46931928,0.0,0.0,0.5306808,0.0,0.0,0.0,0.0,0.0,0.0,0.0,0.0
4,3,0.46931928,0.0,0.0,0.5306808,0.0,0.0,0.0,0.0,0.0,0.0,0.0,0.0
4,3,0.46931928,0.0,0.0,0.5306808,0.0,0.0,0.0,0.0,0.0,0.0,0.0,0.0
4,3,0.46931928,0.0,0.0,0.5306808,0.0,0.0,0.0,0.0,0.0,0.0,0.0,0.0
4,3,0.46931928,0.0,0.0,0.5306808,0.0,0.0,0.0,0.0,0.0,0.0,0.0,0.0
4,3,0.46931928,0.0,0.0,0.5306808,0.0,0.0,0.0,0.0,0.0,0.0,0.0,0.0
4,3,0.46931928,0.0,0.0,0.5306808,0.0,0.0,0.0,0.0,0.0,0.0,0.0,0.0
4,3,0.46931928,0.0,0.0,0.5306808,0.0,0.0,0.0,0.0,0.0,0.0,0.0,0.0
4,3,0.46931928,0.0,0.0,0.5306808,0.0,0.0,0.0,0.0,0.0,0.0,0.0,0.0
4,3,0.46931928,0.0,0.0,0.5306808,0.0,0.0,0.0,0.0,0.0,0.0,0.0,0.0
4,3,0.49583307,0.0,0.0,0.50416696,0.0,0.0,0.0,0.0,0.0,0.0,0.0,0.0
4,3,0.49583307,0.0,0.0,0.50416696,0.0,0.0,0.0,0.0,0.0,0.0,0.0,0.0
4,3,0.49583307,0.0,0.0,0.50416696,0.0,0.0,0.0,0.0,0.0,0.0,0.0,0.0
4,3,0.49583307,0.0,0.0,0.50416696,0.0,0.0,0.0,0.0,0.0,0.0,0.0,0.0
4,3,0.49583307,0.0,0.0,0.50416696,0.0,0.0,0.0,0.0,0.0,0.0,0.0,0.0
4,3,0.49583307,0.0,0.0,0.50416696,0.0,0.0,0.0,0.0,0.0,0.0,0.0,0.0
4,3,0.49583307,0.0,0.0,0.50416696,0.0,0.0,0.0,0.0,0.0,0.0,0.0,0.0
4,3,0.49583307,0.0,0.0,0.50416696,0.0,0.0,0.0,0.0,0.0,0.0,0.0,0.0
4,3,0.49583307,0.0,0.0,0.50416696,0.0,0.0,0.0,0.0,0.0,0.0,0.0,0.0
4,3,0.49583307,0.0,0.0,0.50416696,0.0,0.0,0.0,0.0,0.0,0.0,0.0,0.0
4,3,0.49583307,0.0,0.0,0.50416696,0.0,0.0,0.0,0.0,0.0,0.0,0.0,0.0
4,3,0.49583307,0.0,0.0,0.50416696,0.0,0.0,0.0,0.0,0.0,0.0,0.0,0.0
4,3,0.49583307,0.0,0.0,0.50416696,0.0,0.0,0.0,0.0,0.0,0.0,0.0,0.0
4,3,0.49583307,0.0,0.0,0.50416696,0.0,0.0,0.0,0.0,0.0,0.0,0.0,0.0
4,3,0.49583307,0.0,0.0,0.50416696,0.0,0.0,0.0,0.0,0.0,0.0,0.0,0.0
4,3,0.49583307,0.0,0.0,0.50416696,0.0,0.0,0.0,0.0,0.0,0.0,0.0,0.0
4,3,0.49583307,0.0,0.0,0.50416696,0.0,0.0,0.0,0.0,0.0,0.0,0.0,0.0
4,3,0.49583307,0.0,0.0,0.50416696,0.0,0.0,0.0,0.0,0.0,0.0,0.0,0.0
4,3,0.49583307,0.0,0.0,0.50416696,0.0,0.0,0.0,0.0,0.0,0.0,0.0,0.0
4,3,0.49583307,0.0,0.0,0.50416696,0.0,0.0,0.0,0.0,0.0,0.0,0.0,0.0
4,3,0.49583307,0.0,0.0,0.50416696,0.0,0.0,0.0,0.0,0.0,0.0,0.0,0.0
4,3,0.49583307,0.0,0.0,0.50416696,0.0,0.0,0.0,0.0,0.0,0.0,0.0,0.0
4,3,0.49583307,0.0,0.0,0.50416696,0.0,0.0,0.0,0.0,0.0,0.0,0.0,0.0
4,3,0.49583307,0.0,0.0,0.50416696,0.0,0.0,0.0,0.0,0.0,0.0,0.0,0.0
4,3,0.49583307,0.0,0.0,0.50416696,0.0,0.0,0.0,0.0,0.0,0.0,0.0,0.0
4,3,0.49583307,0.0,0.0,0.50416696,0.0,0.0,0.0,0.0,0.0,0.0,0.0,0.0
4,3,0.49583307,0.0,0.0,0.50416696,0.0,0.0,0.0,0.0,0.0,0.0,0.0,0.0
4,3,0.49583307,0.0,0.0,0.50416696,0.0,0.0,0.0,0.0,0.0,0.0,0.0,0.0
4,3,0.49583307,0.0,0.0,0.50416696,0.0,0.0,0.0,0.0,0.0,0.0,0.0,0.0
4,3,0.49583307,0.0,0.0,0.50416696,0.0,0.0,0.0,0.0,0.0,0.0,0.0,0.0
4,3,0.49583307,0.0,0.0,0.50416696,0.0,0.0,0.0,0.0,0.0,0.0,0.0,0.0
4,3,0.49583307,0.0,0.0,0.50416696,0.0,0.0,0.0,0.0,0.0,0.0,0.0,0.0
4,0,0.6733969,0.0,0.0,0.32660314,0.0,0.0,0.0,0.0,0.0,0.0,0.0,0.0
4,0,0.6733969,0.0,0.0,0.32660314,0.0,0.0,0.0,0.0,0.0,0.0,0.0,0.0
4,0,0.6733969,0.0,0.0,0.32660314,0.0,0.0,0.0,0.0,0.0,0.0,0.0,0.0
4,0,0.6733969,0.0,0.0,0.32660314,0.0,0.0,0.0,0.0,0.0,0.0,0.0,0.0
4,0,0.6733969,0.0,0.0,0.32660314,0.0,0.0,0.0,0.0,0.0,0.0,0.0,0.0
4,0,0.6733969,0.0,0.0,0.32660314,0.0,0.0,0.0,0.0,0.0,0.0,0.0,0.0
4,0,0.6733969,0.0,0.0,0.32660314,0.0,0.0,0.0,0.0,0.0,0.0,0.0,0.0
4,0,0.6733969,0.0,0.0,0.32660314,0.0,0.0,0.0,0.0,0.0,0.0,0.0,0.0
4,0,0.6733969,0.0,0.0,0.32660314,0.0,0.0,0.0,0.0,0.0,0.0,0.0,0.0
4,0,0.6733969,0.0,0.0,0.32660314,0.0,0.0,0.0,0.0,0.0,0.0,0.0,0.0
4,0,0.6733969,0.0,0.0,0.32660314,0.0,0.0,0.0,0.0,0.0,0.0,0.0,0.0
4,0,0.6733969,0.0,0.0,0.32660314,0.0,0.0,0.0,0.0,0.0,0.0,0.0,0.0
4,0,0.6733969,0.0,0.0,0.32660314,0.0,0.0,0.0,0.0,0.0,0.0,0.0,0.0
4,0,0.6733969,0.0,0.0,0.32660314,0.0,0.0,0.0,0.0,0.0,0.0,0.0,0.0
4,0,0.6733969,0.0,0.0,0.32660314,0.0,0.0,0.0,0.0,0.0,0.0,0.0,0.0
4,0,0.6733969,0.0,0.0,0.32660314,0.0,0.0,0.0,0.0,0.0,0.0,0.0,0.0
4,0,0.6733969,0.0,0.0,0.32660314,0.0,0.0,0.0,0.0,0.0,0.0,0.0,0.0
4,0,0.6733969,0.0,0.0,0.32660314,0.0,0.0,0.0,0.0,0.0,0.0,0.0,0.0
4,0,0.6733969,0.0,0.0,0.32660314,0.0,0.0,0.0,0.0,0.0,0.0,0.0,0.0
4,0,0.6733969,0.0,0.0,0.32660314,0.0,0.0,0.0,0.0,0.0,0.0,0.0,0.0
4,0,0.6733969,0.0,0.0,0.32660314,0.0,0.0,0.0,0.0,0.0,0.0,0.0,0.0
4,0,0.6733969,0.0,0.0,0.32660314,0.0,0.0,0.0,0.0,0.0,0.0,0.0,0.0
4,0,0.6733969,0.0,0.0,0.32660314,0.0,0.0,0.0,0.0,0.0,0.0,0.0,0.0
4,0,0.77374154,0.0,0.0,0.22625843,0.0,0.0,0.0,0.0,0.0,0.0,0.0,0.0
4,0,0.77374154,0.0,0.0,0.22625843,0.0,0.0,0.0,0.0,0.0,0.0,0.0,0.0
4,0,0.77374154,0.0,0.0,0.22625843,0.0,0.0,0.0,0.0,0.0,0.0,0.0,0.0
4,0,0.77374154,0.0,0.0,0.22625843,0.0,0.0,0.0,0.0,0.0,0.0,0.0,0.0
4,0,0.77374154,0.0,0.0,0.22625843,0.0,0.0,0.0,0.0,0.0,0.0,0.0,0.0
4,0,0.77374154,0.0,0.0,0.22625843,0.0,0.0,0.0,0.0,0.0,0.0,0.0,0.0
4,0,0.77374154,0.0,0.0,0.22625843,0.0,0.0,0.0,0.0,0.0,0.0,0.0,0.0
4,0,0.77374154,0.0,0.0,0.22625843,0.0,0.0,0.0,0.0,0.0,0.0,0.0,0.0
4,0,0.77374154,0.0,0.0,0.22625843,0.0,0.0,0.0,0.0,0.0,0.0,0.0,0.0
4,0,0.7737416,0.04927,0.0,0.17698842,0.0,0.0,0.0,0.0,0.0,0.0,0.0,0.0
4,0,0.7737416,0.04927,0.0,0.17698842,0.0,0.0,0.0,0.0,0.0,0.0,0.0,0.0
4,0,0.7737416,0.04927,0.0,0.17698842,0.0,0.0,0.0,0.0,0.0,0.0,0.0,0.0
4,0,0.7737416,0.04927,0.0,0.17698842,0.0,0.0,0.0,0.0,0.0,0.0,0.0,0.0
4,0,0.7737416,0.04927,0.0,0.17698842,0.0,0.0,0.0,0.0,0.0,0.0,0.0,0.0
4,0,0.7737416,0.04927,0.0,0.17698842,0.0,0.0,0.0,0.0,0.0,0.0,0.0,0.0
4,0,0.7737416,0.04927,0.0,0.17698842,0.0,0.0,0.0,0.0,0.0,0.0,0.0,0.0
4,0,0.7737416,0.04927,0.0,0.17698842,0.0,0.0,0.0,0.0,0.0,0.0,0.0,0.0
4,0,0.7737416,0.04927,0.0,0.17698842,0.0,0.0,0.0,0.0,0.0,0.0,0.0,0.0
4,0,0.7737416,0.04927,0.0,0.17698842,0.0,0.0,0.0,0.0,0.0,0.0,0.0,0.0
4,0,0.7737416,0.04927,0.0,0.17698842,0.0,0.0,0.0,0.0,0.0,0.0,0.0,0.0
4,0,0.7737416,0.04927,0.0,0.17698842,0.0,0.0,0.0,0.0,0.0,0.0,0.0,0.0
4,0,0.7737416,0.04927,0.0,0.17698842,0.0,0.0,0.0,0.0,0.0,0.0,0.0,0.0
4,0,0.7737416,0.04927,0.0,0.17698842,0.0,0.0,0.0,0.0,0.0,0.0,0.0,0.0
4,0,0.7737416,0.04927,0.0,0.17698842,0.0,0.0,0.0,0.0,0.0,0.0,0.0,0.0
4,0,0.7737416,0.04927,0.0,0.17698842,0.0,0.0,0.0,0.0,0.0,0.0,0.0,0.0
4,0,0.7737416,0.04927,0.0,0.17698842,0.0,0.0,0.0,0.0,0.0,0.0,0.0,0.0
4,0,0.7737416,0.04927,0.0,0.17698842,0.0,0.0,0.0,0.0,0.0,0.0,0.0,0.0
4,0,0.7737416,0.04927,0.0,0.17698842,0.0,0.0,0.0,0.0,0.0,0.0,0.0,0.0
4,0,0.7737416,0.04927,0.0,0.17698842,0.0,0.0,0.0,0.0,0.0,0.0,0.0,0.0
4,0,0.83336586,0.04927,0.0,0.117364176,0.0,0.0,0.0,0.0,0.0,0.0,0.0,0.0
4,0,0.83336586,0.04927,0.0,0.117364176,0.0,0.0,0.0,0.0,0.0,0.0,0.0,0.0
4,0,0.83336586,0.04927,0.0,0.117364176,0.0,0.0,0.0,0.0,0.0,0.0,0.0,0.0
4,0,0.83336586,0.04927,0.0,0.117364176,0.0,0.0,0.0,0.0,0.0,0.0,0.0,0.0
4,0,0.83336586,0.04927,0.0,0.117364176,0.0,0.0,0.0,0.0,0.0,0.0,0.0,0.0
4,0,0.83336586,0.04927,0.0,0.117364176,0.0,0.0,0.0,0.0,0.0,0.0,0.0,0.0
4,0,0.83336586,0.04927,0.0,0.117364176,0.0,0.0,0.0,0.0,0.0,0.0,0.0,0.0
4,0,0.83336586,0.04927,0.0,0.117364176,0.0,0.0,0.0,0.0,0.0,0.0,0.0,0.0
4,0,0.83336586,0.04927,0.0,0.117364176,0.0,0.0,0.0,0.0,0.0,0.0,0.0,0.0
4,0,0.83336586,0.04927,0.0,0.117364176,0.0,0.0,0.0,0.0,0.0,0.0,0.0,0.0
4,0,0.83336586,0.04927,0.0,0.117364176,0.0,0.0,0.0,0.0,0.0,0.0,0.0,0.0
4,0,0.83336586,0.04927,0.0,0.117364176,0.0,0.0,0.0,0.0,0.0,0.0,0.0,0.0
4,0,0.83336586,0.04927,0.0,0.117364176,0.0,0.0,0.0,0.0,0.0,0.0,0.0,0.0
4,0,0.83336586,0.04927,0.0,0.117364176,0.0,0.0,0.0,0.0,0.0,0.0,0.0,0.0
4,0,0.83336586,0.04927,0.0,0.117364176,0.0,0.0,0.0,0.0,0.0,0.0,0.0,0.0
4,0,0.83336586,0.04927,0.0,0.117364176,0.0,0.0,0.0,0.0,0.0,0.0,0.0,0.0
4,0,0.83336586,0.04927,0.0,0.117364176,0.0,0.0,0.0,0.0,0.0,0.0,0.0,0.0
4,0,0.83336586,0.04927,0.0,0.117364176,0.0,0.0,0.0,0.0,0.0,0.0,0.0,0.0
4,0,0.83336586,0.04927,0.0,0.117364176,0.0,0.0,0.0,0.0,0.0,0.0,0.0,0.0
4,0,0.83336586,0.04927,0.0,0.117364176,0.0,0.0,0.0,0.0,0.0,0.0,0.0,0.0
4,0,0.83336586,0.04927,0.0,0.117364176,0.0,0.0,0.0,0.0,0.0,0.0,0.0,0.0
4,0,0.83336586,0.04927,0.0,0.117364176,0.0,0.0,0.0,0.0,0.0,0.0,0.0,0.0
4,0,0.83336586,0.04927,0.0,0.117364176,0.0,0.0,0.0,0.0,0.0,0.0,0.0,0.0
4,0,0.83336586,0.04927,0.0,0.117364176,0.0,0.0,0.0,0.0,0.0,0.0,0.0,0.0
4,0,0.83336586,0.04927,0.0,0.117364176,0.0,0.0,0.0,0.0,0.0,0.0,0.0,0.0
4,0,0.83336586,0.04927,0.0,0.117364176,0.0,0.0,0.0,0.0,0.0,0.0,0.0,0.0
4,0,0.83336586,0.04927,0.0,0.117364176,0.0,0.0,0.0,0.0,0.0,0.0,0.0,0.0
4,0,0.83336586,0.04927,0.0,0.117364176,0.0,0.0,0.0,0.0,0.0,0.0,0.0,0.0
4,0,0.83336586,0.04927,0.0,0.117364176,0.0,0.0,0.0,0.0,0.0,0.0,0.0,0.0
4,0,0.83336586,0.04927,0.0,0.117364176,0.0,0.0,0.0,0.0,0.0,0.0,0.0,0.0
4,0,0.83336586,0.04927,0.0,0.117364176,0.0,0.0,0.0,0.0,0.0,0.0,0.0,0.0
4,0,0.83336586,0.04927,0.0,0.117364176,0.0,0.0,0.0,0.0,0.0,0.0,0.0,0.0
4,0,0.83336586,0.04927,0.0,0.117364176,0.0,0.0,0.0,0.0,0.0,0.0,0.0,0.0
4,0,0.83336586,0.04927,0.0,0.117364176,0.0,0.0,0.0,0.0,0.0,0.0,0.0,0.0
4,0,0.83336586,0.04927,0.0,0.117364176,0.0,0.0,0.0,0.0,0.0,0.0,0.0,0.0
4,0,0.83336586,0.04927,0.0,0.117364176,0.0,0.0,0.0,0.0,0.0,0.0,0.0,0.0
4,0,0.83336586,0.04927,0.0,0.117364176,0.0,0.0,0.0,0.0,0.0,0.0,0.0,0.0
4,0,0.83336586,0.04927,0.0,0.117364176,0.0,0.0,0.0,0.0,0.0,0.0,0.0,0.0
4,0,0.83336586,0.04927,0.0,0.117364176,0.0,0.0,0.0,0.0,0.0,0.0,0.0,0.0
4,0,0.83336586,0.04927,0.0,0.117364176,0.0,0.0,0.0,0.0,0.0,0.0,0.0,0.0
4,0,0.83336586,0.04927,0.0,0.117364176,0.0,0.0,0.0,0.0,0.0,0.0,0.0,0.0
4,0,0.83336586,0.04927,0.0,0.117364176,0.0,0.0,0.0,0.0,0.0,0.0,0.0,0.0
4,0,0.85748976,0.049269997,0.0,0.093240246,0.0,0.0,0.0,0.0,0.0,0.0,0.0,0.0
4,0,0.85748976,0.049269997,0.0,0.093240246,0.0,0.0,0.0,0.0,0.0,0.0,0.0,0.0
4,0,0.85748976,0.049269997,0.0,0.093240246,0.0,0.0,0.0,0.0,0.0,0.0,0.0,0.0
4,0,0.85748976,0.049269997,0.0,0.093240246,0.0,0.0,0.0,0.0,0.0,0.0,0.0,0.0
4,0,0.85748976,0.049269997,0.0,0.093240246,0.0,0.0,0.0,0.0,0.0,0.0,0.0,0.0
4,0,0.85748976,0.049269997,0.0,0.093240246,0.0,0.0,0.0,0.0,0.0,0.0,0.0,0.0
4,0,0.85748976,0.049269997,0.0,0.093240246,0.0,0.0,0.0,0.0,0.0,0.0,0.0,0.0
4,0,0.85748976,0.049269997,0.0,0.093240246,0.0,0.0,0.0,0.0,0.0,0.0,0.0,0.0
4,0,0.85748976,0.049269997,0.0,0.093240246,0.0,0.0,0.0,0.0,0.0,0.0,0.0,0.0
4,0,0.85748976,0.049269997,0.0,0.093240246,0.0,0.0,0.0,0.0,0.0,0.0,0.0,0.0
4,0,0.85748976,0.049269997,0.0,0.093240246,0.0,0.0,0.0,0.0,0.0,0.0,0.0,0.0
4,0,0.85748976,0.049269997,0.0,0.093240246,0.0,0.0,0.0,0.0,0.0,0.0,0.0,0.0
4,0,0.85748976,0.049269997,0.0,0.093240246,0.0,0.0,0.0,0.0,0.0,0.0,0.0,0.0
4,0,0.85748976,0.049269997,0.0,0.093240246,0.0,0.0,0.0,0.0,0.0,0.0,0.0,0.0
4,0,0.85748976,0.049269997,0.0,0.093240246,0.0,0.0,0.0,0.0,0.0,0.0,0.0,0.0
4,0,0.85748976,0.049269997,0.0,0.093240246,0.0,0.0,0.0,0.0,0.0,0.0,0.0,0.0
4,0,0.85748976,0.049269997,0.0,0.093240246,0.0,0.0,0.0,0.0,0.0,0.0,0.0,0.0
4,0,0.85748976,0.049269997,0.0,0.093240246,0.0,0.0,0.0,0.0,0.0,0.0,0.0,0.0
4,0,0.90542,0.04927,0.0,0.04531002,0.0,0.0,0.0,0.0,0.0,0.0,0.0,0.0
4,0,0.90542,0.04927,0.0,0.04531002,0.0,0.0,0.0,0.0,0.0,0.0,0.0,0.0
4,0,0.90542,0.04927,0.0,0.04531002,0.0,0.0,0.0,0.0,0.0,0.0,0.0,0.0
4,0,0.90542,0.04927,0.0,0.04531002,0.0,0.0,0.0,0.0,0.0,0.0,0.0,0.0
4,0,0.90542,0.04927,0.0,0.04531002,0.0,0.0,0.0,0.0,0.0,0.0,0.0,0.0
4,0,0.90542,0.04927,0.0,0.04531002,0.0,0.0,0.0,0.0,0.0,0.0,0.0,0.0
4,0,0.90542,0.04927,0.0,0.04531002,0.0,0.0,0.0,0.0,0.0,0.0,0.0,0.0
4,0,0.90542,0.04927,0.0,0.04531002,0.0,0.0,0.0,0.0,0.0,0.0,0.0,0.0
4,0,0.90542,0.04927,0.0,0.04531002,0.0,0.0,0.0,0.0,0.0,0.0,0.0,0.0
4,0,0.90542,0.04927,0.0,0.04531002,0.0,0.0,0.0,0.0,0.0,0.0,0.0,0.0
4,0,0.90542,0.04927,0.0,0.04531002,0.0,0.0,0.0,0.0,0.0,0.0,0.0,0.0
4,0,0.90542,0.04927,0.0,0.04531002,0.0,0.0,0.0,0.0,0.0,0.0,0.0,0.0
4,0,0.90542,0.04927,0.0,0.04531002,0.0,0.0,0.0,0.0,0.0,0.0,0.0,0.0
4,0,0.90542,0.04927,0.0,0.04531002,0.0,0.0,0.0,0.0,0.0,0.0,0.0,0.0
4,0,0.90542,0.04927,0.0,0.04531002,0.0,0.0,0.0,0.0,0.0,0.0,0.0,0.0
4,0,0.90542,0.04927,0.0,0.04531002,0.0,0.0,0.0,0.0,0.0,0.0,0.0,0.0
4,0,0.91909206,0.04927,0.0,0.031637974,0.0,0.0,0.0,0.0,0.0,0.0,0.0,0.0
4,0,0.91909206,0.04927,0.0,0.031637974,0.0,0.0,0.0,0.0,0.0,0.0,0.0,0.0
4,0,0.91909206,0.04927,0.0,0.031637974,0.0,0.0,0.0,0.0,0.0,0.0,0.0,0.0
4,0,0.91909206,0.04927,0.0,0.031637974,0.0,0.0,0.0,0.0,0.0,0.0,0.0,0.0
4,0,0.91909206,0.04927,0.0,0.031637974,0.0,0.0,0.0,0.0,0.0,0.0,0.0,0.0
4,0,0.91909206,0.04927,0.0,0.031637974,0.0,0.0,0.0,0.0,0.0,0.0,0.0,0.0
4,0,0.91909206,0.04927,0.0,0.031637974,0.0,0.0,0.0,0.0,0.0,0.0,0.0,0.0
4,0,0.91909206,0.04927,0.0,0.031637974,0.0,0.0,0.0,0.0,0.0,0.0,0.0,0.0
4,0,0.91909206,0.04927,0.0,0.031637974,0.0,0.0,0.0,0.0,0.0,0.0,0.0,0.0
4,0,0.91909206,0.04927,0.0,0.031637974,0.0,0.0,0.0,0.0,0.0,0.0,0.0,0.0
4,0,0.91909206,0.04927,0.0,0.031637974,0.0,0.0,0.0,0.0,0.0,0.0,0.0,0.0
4,0,0.91909206,0.04927,0.0,0.031637974,0.0,0.0,0.0,0.0,0.0,0.0,0.0,0.0
4,0,0.91909206,0.04927,0.0,0.031637974,0.0,0.0,0.0,0.0,0.0,0.0,0.0,0.0
4,0,0.91909206,0.04927,0.0,0.031637974,0.0,0.0,0.0,0.0,0.0,0.0,0.0,0.0
4,0,0.91909206,0.04927,0.0,0.031637974,0.0,0.0,0.0,0.0,0.0,0.0,0.0,0.0
4,0,0.91909206,0.04927,0.0,0.031637974,0.0,0.0,0.0,0.0,0.0,0.0,0.0,0.0
4,0,0.91909206,0.04927,0.0,0.031637974,0.0,0.0,0.0,0.0,0.0,0.0,0.0,0.0
4,0,0.91909206,0.04927,0.0,0.031637974,0.0,0.0,0.0,0.0,0.0,0.0,0.0,0.0
4,0,0.91909206,0.04927,0.0,0.031637974,0.0,0.0,0.0,0.0,0.0,0.0,0.0,0.0
4,0,0.91909206,0.04927,0.0,0.031637974,0.0,0.0,0.0,0.0,0.0,0.0,0.0,0.0
4,0,0.91909206,0.04927,0.0,0.031637974,0.0,0.0,0.0,0.0,0.0,0.0,0.0,0.0
4,0,0.91909206,0.04927,0.0,0.031637974,0.0,0.0,0.0,0.0,0.0,0.0,0.0,0.0
4,0,0.91909206,0.04927,0.0,0.031637974,0.0,0.0,0.0,0.0,0.0,0.0,0.0,0.0
4,0,0.91909206,0.04927,0.0,0.031637974,0.0,0.0,0.0,0.0,0.0,0.0,0.0,0.0
4,0,0.91909206,0.04927,0.0,0.031637974,0.0,0.0,0.0,0.0,0.0,0.0,0.0,0.0
4,0,0.91909206,0.04927,0.0,0.031637974,0.0,0.0,0.0,0.0,0.0,0.0,0.0,0.0
4,0,0.91909206,0.04927,0.0,0.031637974,0.0,0.0,0.0,0.0,0.0,0.0,0.0,0.0
4,0,0.91909206,0.04927,0.0,0.031637974,0.0,0.0,0.0,0.0,0.0,0.0,0.0,0.0
4,0,0.91909206,0.04927,0.0,0.031637974,0.0,0.0,0.0,0.0,0.0,0.0,0.0,0.0
4,0,0.91909206,0.04927,0.0,0.031637974,0.0,0.0,0.0,0.0,0.0,0.0,0.0,0.0
4,0,0.91909206,0.04927,0.0,0.031637974,0.0,0.0,0.0,0.0,0.0,0.0,0.0,0.0
4,0,0.91909206,0.04927,0.0,0.031637974,0.0,0.0,0.0,0.0,0.0,0.0,0.0,0.0
4,0,0.91909206,0.04927,0.0,0.031637974,0.0,0.0,0.0,0.0,0.0,0.0,0.0,0.0
4,0,0.91909206,0.04927,0.0,0.031637974,0.0,0.0,0.0,0.0,0.0,0.0,0.0,0.0
4,0,0.91909206,0.04927,0.0,0.031637974,0.0,0.0,0.0,0.0,0.0,0.0,0.0,0.0
4,0,0.91909206,0.04927,0.0,0.031637974,0.0,0.0,0.0,0.0,0.0,0.0,0.0,0.0
4,0,0.91909206,0.04927,0.0,0.031637974,0.0,0.0,0.0,0.0,0.0,0.0,0.0,0.0
4,0,0.91909206,0.04927,0.0,0.031637974,0.0,0.0,0.0,0.0,0.0,0.0,0.0,0.0
4,0,0.91909206,0.04927,0.0,0.031637974,0.0,0.0,0.0,0.0,0.0,0.0,0.0,0.0
4,0,0.91909206,0.04927,0.0,0.031637974,0.0,0.0,0.0,0.0,0.0,0.0,0.0,0.0
4,0,0.91909206,0.04927,0.0,0.031637974,0.0,0.0,0.0,0.0,0.0,0.0,0.0,0.0
4,0,0.91909206,0.04927,0.0,0.031637974,0.0,0.0,0.0,0.0,0.0,0.0,0.0,0.0
4,0,0.91909206,0.04927,0.0,0.031637974,0.0,0.0,0.0,0.0,0.0,0.0,0.0,0.0
4,0,0.91909206,0.04927,0.0,0.031637974,0.0,0.0,0.0,0.0,0.0,0.0,0.0,0.0
4,0,0.91909206,0.04927,0.0,0.031637974,0.0,0.0,0.0,0.0,0.0,0.0,0.0,0.0
4,0,0.91909206,0.04927,0.0,0.031637974,0.0,0.0,0.0,0.0,0.0,0.0,0.0,0.0
4,0,0.91909206,0.04927,0.0,0.031637974,0.0,0.0,0.0,0.0,0.0,0.0,0.0,0.0
4,0,0.91909206,0.04927,0.0,0.031637974,0.0,0.0,0.0,0.0,0.0,0.0,0.0,0.0
4,0,0.91909206,0.04927,0.031637974,0.0,0.0,0.0,0.0,0.0,0.0,0.0,0.0,0.0
4,0,0.91909206,0.04927,0.031637974,0.0,0.0,0.0,0.0,0.0,0.0,0.0,0.0,0.0
4,0,0.91909206,0.04927,0.031637974,0.0,0.0,0.0,0.0,0.0,0.0,0.0,0.0,0.0
4,0,0.91909206,0.04927,0.031637974,0.0,0.0,0.0,0.0,0.0,0.0,0.0,0.0,0.0
4,0,0.91909206,0.04927,0.031637974,0.0,0.0,0.0,0.0,0.0,0.0,0.0,0.0,0.0
4,0,0.91909206,0.04927,0.031637974,0.0,0.0,0.0,0.0,0.0,0.0,0.0,0.0,0.0
4,0,0.91909206,0.04927,0.031637974,0.0,0.0,0.0,0.0,0.0,0.0,0.0,0.0,0.0
4,0,0.91909206,0.04927,0.031637974,0.0,0.0,0.0,0.0,0.0,0.0,0.0,0.0,0.0
4,0,0.91909206,0.04927,0.031637974,0.0,0.0,0.0,0.0,0.0,0.0,0.0,0.0,0.0
4,0,0.91909206,0.04927,0.031637974,0.0,0.0,0.0,0.0,0.0,0.0,0.0,0.0,0.0
4,0,0.91909206,0.04927,0.031637974,0.0,0.0,0.0,0.0,0.0,0.0,0.0,0.0,0.0
4,0,0.91909206,0.04927,0.031637974,0.0,0.0,0.0,0.0,0.0,0.0,0.0,0.0,0.0
4,0,0.91909206,0.04927,0.031637974,0.0,0.0,0.0,0.0,0.0,0.0,0.0,0.0,0.0
4,0,0.91909206,0.04927,0.031637974,0.0,0.0,0.0,0.0,0.0,0.0,0.0,0.0,0.0
4,0,0.91909206,0.04927,0.031637974,0.0,0.0,0.0,0.0,0.0,0.0,0.0,0.0,0.0
4,0,0.91909206,0.04927,0.031637974,0.0,0.0,0.0,0.0,0.0,0.0,0.0,0.0,0.0
4,0,0.91909206,0.04927,0.031637974,0.0,0.0,0.0,0.0,0.0,0.0,0.0,0.0,0.0
4,0,0.91909206,0.04927,0.031637974,0.0,0.0,0.0,0.0,0.0,0.0,0.0,0.0,0.0
4,0,0.91909206,0.04927,0.031637974,0.0,0.0,0.0,0.0,0.0,0.0,0.0,0.0,0.0
4,0,0.91909206,0.04927,0.031637974,0.0,0.0,0.0,0.0,0.0,0.0,0.0,0.0,0.0
4,0,0.91909206,0.04927,0.031637974,0.0,0.0,0.0,0.0,0.0,0.0,0.0,0.0,0.0
4,0,0.91909206,0.04927,0.031637974,0.0,0.0,0.0,0.0,0.0,0.0,0.0,0.0,0.0
4,0,0.91909206,0.04927,0.031637974,0.0,0.0,0.0,0.0,0.0,0.0,0.0,0.0,0.0
4,0,0.91909206,0.04927,0.031637974,0.0,0.0,0.0,0.0,0.0,0.0,0.0,0.0,0.0
4,0,0.91909206,0.04927,0.031637974,0.0,0.0,0.0,0.0,0.0,0.0,0.0,0.0,0.0
4,0,0.91909206,0.04927,0.031637974,0.0,0.0,0.0,0.0,0.0,0.0,0.0,0.0,0.0
4,0,0.91909206,0.04927,0.031637974,0.0,0.0,0.0,0.0,0.0,0.0,0.0,0.0,0.0
4,0,0.91909206,0.04927,0.031637974,0.0,0.0,0.0,0.0,0.0,0.0,0.0,0.0,0.0
4,0,0.91909206,0.04927,0.031637974,0.0,0.0,0.0,0.0,0.0,0.0,0.0,0.0,0.0
4,0,0.91909206,0.04927,0.031637974,0.0,0.0,0.0,0.0,0.0,0.0,0.0,0.0,0.0
4,0,0.91909206,0.04927,0.031637974,0.0,0.0,0.0,0.0,0.0,0.0,0.0,0.0,0.0
4,0,0.91909206,0.04927,0.031637974,0.0,0.0,0.0,0.0,0.0,0.0,0.0,0.0,0.0
4,0,0.91909206,0.04927,0.031637974,0.0,0.0,0.0,0.0,0.0,0.0,0.0,0.0,0.0
4,0,0.91909206,0.04927,0.031637974,0.0,0.0,0.0,0.0,0.0,0.0,0.0,0.0,0.0
4,0,0.91909206,0.04927,0.031637974,0.0,0.0,0.0,0.0,0.0,0.0,0.0,0.0,0.0
4,0,0.91909206,0.04927,0.031637974,0.0,0.0,0.0,0.0,0.0,0.0,0.0,0.0,0.0
4,0,0.91909206,0.04927,0.031637974,0.0,0.0,0.0,0.0,0.0,0.0,0.0,0.0,0.0
4,0,0.91909206,0.04927,0.031637974,0.0,0.0,0.0,0.0,0.0,0.0,0.0,0.0,0.0
4,0,0.91909206,0.04927,0.0,0.031637974,0.0,0.0,0.0,0.0,0.0,0.0,0.0,0.0
4,0,0.91909206,0.04927,0.0,0.031637974,0.0,0.0,0.0,0.0,0.0,0.0,0.0,0.0
4,0,0.91909206,0.04927,0.0,0.031637974,0.0,0.0,0.0,0.0,0.0,0.0,0.0,0.0
4,0,0.91909206,0.04927,0.0,0.031637974,0.0,0.0,0.0,0.0,0.0,0.0,0.0,0.0
4,0,0.91909206,0.04927,0.0,0.031637974,0.0,0.0,0.0,0.0,0.0,0.0,0.0,0.0
4,0,0.91909206,0.04927,0.0,0.031637974,0.0,0.0,0.0,0.0,0.0,0.0,0.0,0.0
4,0,0.91909206,0.04927,0.0,0.031637974,0.0,0.0,0.0,0.0,0.0,0.0,0.0,0.0
4,0,0.91909206,0.04927,0.0,0.031637974,0.0,0.0,0.0,0.0,0.0,0.0,0.0,0.0
4,0,0.91909206,0.04927,0.0,0.031637974,0.0,0.0,0.0,0.0,0.0,0.0,0.0,0.0
4,0,0.91909206,0.04927,0.0,0.031637974,0.0,0.0,0.0,0.0,0.0,0.0,0.0,0.0
4,0,0.91909206,0.04927,0.0,0.031637974,0.0,0.0,0.0,0.0,0.0,0.0,0.0,0.0
4,0,0.91909206,0.04927,0.0,0.031637974,0.0,0.0,0.0,0.0,0.0,0.0,0.0,0.0
4,0,0.91909206,0.04927,0.0,0.031637974,0.0,0.0,0.0,0.0,0.0,0.0,0.0,0.0
4,0,0.91909206,0.04927,0.0,0.031637974,0.0,0.0,0.0,0.0,0.0,0.0,0.0,0.0
4,0,0.91909206,0.04927,0.0,0.031637974,0.0,0.0,0.0,0.0,0.0,0.0,0.0,0.0
4,0,0.91909206,0.04927,0.0,0.031637974,0.0,0.0,0.0,0.0,0.0,0.0,0.0,0.0
4,0,0.91909206,0.04927,0.0,0.031637974,0.0,0.0,0.0,0.0,0.0,0.0,0.0,0.0
4,0,0.91909206,0.04927,0.0,0.031637974,0.0,0.0,0.0,0.0,0.0,0.0,0.0,0.0
4,0,0.91909206,0.04927,0.0,0.031637974,0.0,0.0,0.0,0.0,0.0,0.0,0.0,0.0
4,0,0.91909206,0.04927,0.0,0.031637974,0.0,0.0,0.0,0.0,0.0,0.0,0.0,0.0
4,0,0.91909206,0.04927,0.0,0.031637974,0.0,0.0,0.0,0.0,0.0,0.0,0.0,0.0
4,0,0.91909206,0.04927,0.0,0.031637974,0.0,0.0,0.0,0.0,0.0,0.0,0.0,0.0
4,0,0.91909206,0.04927,0.0,0.031637974,0.0,0.0,0.0,0.0,0.0,0.0,0.0,0.0
4,0,0.91909206,0.04927,0.0,0.031637974,0.0,0.0,0.0,0.0,0.0,0.0,0.0,0.0
4,0,0.91909206,0.04927,0.0,0.031637974,0.0,0.0,0.0,0.0,0.0,0.0,0.0,0.0
4,0,0.91909206,0.04927,0.0,0.031637974,0.0,0.0,0.0,0.0,0.0,0.0,0.0,0.0
4,0,0.91909206,0.04927,0.0,0.031637974,0.0,0.0,0.0,0.0,0.0,0.0,0.0,0.0
4,0,0.91909206,0.04927,0.0,0.031637974,0.0,0.0,0.0,0.0,0.0,0.0,0.0,0.0
4,0,0.91909206,0.04927,0.0,0.031637974,0.0,0.0,0.0,0.0,0.0,0.0,0.0,0.0
4,0,0.91909206,0.04927,0.0,0.031637974,0.0,0.0,0.0,0.0,0.0,0.0,0.0,0.0
4,0,0.91909206,0.04927,0.0,0.031637974,0.0,0.0,0.0,0.0,0.0,0.0,0.0,0.0
4,0,0.91909206,0.04927,0.0,0.031637974,0.0,0.0,0.0,0.0,0.0,0.0,0.0,0.0
4,0,0.91909206,0.04927,0.0,0.031637974,0.0,0.0,0.0,0.0,0.0,0.0,0.0,0.0
4,0,0.91909206,0.04927,0.0,0.031637974,0.0,0.0,0.0,0.0,0.0,0.0,0.0,0.0
4,0,0.91909206,0.04927,0.0,0.031637974,0.0,0.0,0.0,0.0,0.0,0.0,0.0,0.0
4,0,0.91909206,0.04927,0.0,0.031637974,0.0,0.0,0.0,0.0,0.0,0.0,0.0,0.0
4,0,0.91909206,0.04927,0.0,0.031637974,0.0,0.0,0.0,0.0,0.0,0.0,0.0,0.0
4,0,0.91909206,0.04927,0.0,0.031637974,0.0,0.0,0.0,0.0,0.0,0.0,0.0,0.0
4,0,0.91909206,0.04927,0.0,0.031637974,0.0,0.0,0.0,0.0,0.0,0.0,0.0,0.0
4,0,0.91909206,0.04927,0.0,0.031637974,0.0,0.0,0.0,0.0,0.0,0.0,0.0,0.0
4,0,0.91909206,0.04927,0.0,0.031637974,0.0,0.0,0.0,0.0,0.0,0.0,0.0,0.0
4,0,0.91909206,0.04927,0.0,0.031637974,0.0,0.0,0.0,0.0,0.0,0.0,0.0,0.0
4,0,0.89257824,0.049269997,0.0,0.058151755,0.0,0.0,0.0,0.0,0.0,0.0,0.0,0.0
4,0,0.89257824,0.049269997,0.0,0.058151755,0.0,0.0,0.0,0.0,0.0,0.0,0.0,0.0
4,0,0.89257824,0.049269997,0.0,0.058151755,0.0,0.0,0.0,0.0,0.0,0.0,0.0,0.0
4,0,0.89257824,0.049269997,0.0,0.058151755,0.0,0.0,0.0,0.0,0.0,0.0,0.0,0.0
4,0,0.89257824,0.049269997,0.0,0.058151755,0.0,0.0,0.0,0.0,0.0,0.0,0.0,0.0
4,0,0.89257824,0.049269997,0.0,0.058151755,0.0,0.0,0.0,0.0,0.0,0.0,0.0,0.0
4,0,0.89257824,0.049269997,0.0,0.058151755,0.0,0.0,0.0,0.0,0.0,0.0,0.0,0.0
4,0,0.89257824,0.049269997,0.0,0.058151755,0.0,0.0,0.0,0.0,0.0,0.0,0.0,0.0
4,0,0.89257824,0.049269997,0.0,0.058151755,0.0,0.0,0.0,0.0,0.0,0.0,0.0,0.0
4,0,0.89257824,0.049269997,0.0,0.058151755,0.0,0.0,0.0,0.0,0.0,0.0,0.0,0.0
4,0,0.89257824,0.049269997,0.0,0.058151755,0.0,0.0,0.0,0.0,0.0,0.0,0.0,0.0
4,0,0.89257824,0.049269997,0.0,0.058151755,0.0,0.0,0.0,0.0,0.0,0.0,0.0,0.0
4,0,0.89257824,0.049269997,0.0,0.058151755,0.0,0.0,0.0,0.0,0.0,0.0,0.0,0.0
4,0,0.89257824,0.049269997,0.0,0.058151755,0.0,0.0,0.0,0.0,0.0,0.0,0.0,0.0
4,0,0.89257824,0.049269997,0.0,0.058151755,0.0,0.0,0.0,0.0,0.0,0.0,0.0,0.0
4,0,0.89257824,0.049269997,0.0,0.058151755,0.0,0.0,0.0,0.0,0.0,0.0,0.0,0.0
4,0,0.89257824,0.049269997,0.0,0.058151755,0.0,0.0,0.0,0.0,0.0,0.0,0.0,0.0
4,0,0.89257824,0.049269997,0.0,0.058151755,0.0,0.0,0.0,0.0,0.0,0.0,0.0,0.0
4,0,0.89257824,0.049269997,0.0,0.058151755,0.0,0.0,0.0,0.0,0.0,0.0,0.0,0.0
4,0,0.89257824,0.049269997,0.0,0.058151755,0.0,0.0,0.0,0.0,0.0,0.0,0.0,0.0
4,0,0.89257824,0.049269997,0.0,0.058151755,0.0,0.0,0.0,0.0,0.0,0.0,0.0,0.0
4,0,0.89257824,0.049269997,0.0,0.058151755,0.0,0.0,0.0,0.0,0.0,0.0,0.0,0.0
4,0,0.89257824,0.049269997,0.0,0.058151755,0.0,0.0,0.0,0.0,0.0,0.0,0.0,0.0
4,0,0.89257824,0.049269997,0.0,0.058151755,0.0,0.0,0.0,0.0,0.0,0.0,0.0,0.0
4,0,0.89257824,0.049269997,0.0,0.058151755,0.0,0.0,0.0,0.0,0.0,0.0,0.0,0.0
4,0,0.89257824,0.049269997,0.0,0.058151755,0.0,0.0,0.0,0.0,0.0,0.0,0.0,0.0
4,0,0.89257824,0.0,0.0,0.10742175,0.0,0.0,0.0,0.0,0.0,0.0,0.0,0.0
4,0,0.89257824,0.0,0.0,0.10742175,0.0,0.0,0.0,0.0,0.0,0.0,0.0,0.0
4,0,0.89257824,0.0,0.0,0.10742175,0.0,0.0,0.0,0.0,0.0,0.0,0.0,0.0
4,0,0.89257824,0.0,0.0,0.10742175,0.0,0.0,0.0,0.0,0.0,0.0,0.0,0.0
4,0,0.89257824,0.0,0.0,0.10742175,0.0,0.0,0.0,0.0,0.0,0.0,0.0,0.0
4,0,0.89257824,0.0,0.0,0.10742175,0.0,0.0,0.0,0.0,0.0,0.0,0.0,0.0
4,0,0.89257824,0.0,0.0,0.10742175,0.0,0.0,0.0,0.0,0.0,0.0,0.0,0.0
4,0,0.89257824,0.0,0.0,0.10742175,0.0,0.0,0.0,0.0,0.0,0.0,0.0,0.0
4,0,0.89257824,0.0,0.03163797,0.075783774,0.0,0.0,0.0,0.0,0.0,0.0,0.0,0.0
4,0,0.89257824,0.0,0.03163797,0.075783774,0.0,0.0,0.0,0.0,0.0,0.0,0.0,0.0
4,0,0.89257824,0.0,0.03163797,0.075783774,0.0,0.0,0.0,0.0,0.0,0.0,0.0,0.0
4,0,0.89257824,0.0,0.03163797,0.075783774,0.0,0.0,0.0,0.0,0.0,0.0,0.0,0.0
4,0,0.89257824,0.0,0.03163797,0.075783774,0.0,0.0,0.0,0.0,0.0,0.0,0.0,0.0
4,0,0.89257824,0.0,0.03163797,0.075783774,0.0,0.0,0.0,0.0,0.0,0.0,0.0,0.0
4,0,0.89257824,0.0,0.03163797,0.075783774,0.0,0.0,0.0,0.0,0.0,0.0,0.0,0.0
4,0,0.89257824,0.0,0.03163797,0.075783774,0.0,0.0,0.0,0.0,0.0,0.0,0.0,0.0
4,0,0.89257824,0.0,0.03163797,0.075783774,0.0,0.0,0.0,0.0,0.0,0.0,0.0,0.0
4,0,0.89257824,0.0,0.03163797,0.075783774,0.0,0.0,0.0,0.0,0.0,0.0,0.0,0.0
4,0,0.89257824,0.0,0.03163797,0.075783774,0.0,0.0,0.0,0.0,0.0,0.0,0.0,0.0
4,0,0.89257824,0.0,0.03163797,0.075783774,0.0,0.0,0.0,0.0,0.0,0.0,0.0,0.0
4,0,0.89257824,0.0,0.03163797,0.075783774,0.0,0.0,0.0,0.0,0.0,0.0,0.0,0.0
4,0,0.89257824,0.0,0.03163797,0.075783774,0.0,0.0,0.0,0.0,0.0,0.0,0.0,0.0
4,0,0.89257824,0.0,0.03163797,0.075783774,0.0,0.0,0.0,0.0,0.0,0.0,0.0,0.0
4,0,0.89257824,0.0,0.03163797,0.075783774,0.0,0.0,0.0,0.0,0.0,0.0,0.0,0.0
4,0,0.89257824,0.0,0.03163797,0.075783774,0.0,0.0,0.0,0.0,0.0,0.0,0.0,0.0
4,0,0.89257824,0.0,0.03163797,0.075783774,0.0,0.0,0.0,0.0,0.0,0.0,0.0,0.0
4,0,0.89257824,0.0,0.03163797,0.075783774,0.0,0.0,0.0,0.0,0.0,0.0,0.0,0.0
4,0,0.89257824,0.0,0.03163797,0.075783774,0.0,0.0,0.0,0.0,0.0,0.0,0.0,0.0
4,0,0.89257824,0.0,0.03163797,0.075783774,0.0,0.0,0.0,0.0,0.0,0.0,0.0,0.0
4,0,0.89257824,0.0,0.03163797,0.075783774,0.0,0.0,0.0,0.0,0.0,0.0,0.0,0.0
4,0,0.89257824,0.0,0.03163797,0.075783774,0.0,0.0,0.0,0.0,0.0,0.0,0.0,0.0
4,0,0.89257824,0.0,0.03163797,0.075783774,0.0,0.0,0.0,0.0,0.0,0.0,0.0,0.0
4,0,0.89257824,0.0,0.03163797,0.075783774,0.0,0.0,0.0,0.0,0.0,0.0,0.0,0.0
4,0,0.89257824,0.0,0.03163797,0.075783774,0.0,0.0,0.0,0.0,0.0,0.0,0.0,0.0
4,0,0.89257824,0.0,0.03163797,0.075783774,0.0,0.0,0.0,0.0,0.0,0.0,0.0,0.0
4,0,0.7922335,0.0,0.03163797,0.17612852,0.0,0.0,0.0,0.0,0.0,0.0,0.0,0.0
4,0,0.7922335,0.0,0.03163797,0.17612852,0.0,0.0,0.0,0.0,0.0,0.0,0.0,0.0
4,0,0.7922335,0.0,0.03163797,0.17612852,0.0,0.0,0.0,0.0,0.0,0.0,0.0,0.0
4,0,0.7922335,0.0,0.03163797,0.17612852,0.0,0.0,0.0,0.0,0.0,0.0,0.0,0.0
4,0,0.7922335,0.0,0.03163797,0.17612852,0.0,0.0,0.0,0.0,0.0,0.0,0.0,0.0
4,0,0.7922335,0.0,0.03163797,0.17612852,0.0,0.0,0.0,0.0,0.0,0.0,0.0,0.0
4,0,0.7922335,0.0,0.03163797,0.17612852,0.0,0.0,0.0,0.0,0.0,0.0,0.0,0.0
4,0,0.7922335,0.0,0.03163797,0.17612852,0.0,0.0,0.0,0.0,0.0,0.0,0.0,0.0
4,0,0.7922335,0.0,0.03163797,0.17612852,0.0,0.0,0.0,0.0,0.0,0.0,0.0,0.0
4,0,0.7922335,0.0,0.03163797,0.17612852,0.0,0.0,0.0,0.0,0.0,0.0,0.0,0.0
4,0,0.7922335,0.0,0.03163797,0.17612852,0.0,0.0,0.0,0.0,0.0,0.0,0.0,0.0
4,0,0.7922335,0.0,0.0,0.20776649,0.0,0.0,0.0,0.0,0.0,0.0,0.0,0.0
4,0,0.7922335,0.0,0.0,0.20776649,0.0,0.0,0.0,0.0,0.0,0.0,0.0,0.0
4,0,0.7922335,0.0,0.0,0.20776649,0.0,0.0,0.0,0.0,0.0,0.0,0.0,0.0
4,0,0.7922335,0.0,0.0,0.20776649,0.0,0.0,0.0,0.0,0.0,0.0,0.0,0.0
4,0,0.7922335,0.0,0.0,0.20776649,0.0,0.0,0.0,0.0,0.0,0.0,0.0,0.0
4,0,0.7922335,0.0,0.0,0.20776649,0.0,0.0,0.0,0.0,0.0,0.0,0.0,0.0
4,0,0.7922335,0.0,0.0,0.20776649,0.0,0.0,0.0,0.0,0.0,0.0,0.0,0.0
4,0,0.7922335,0.0,0.0,0.20776649,0.0,0.0,0.0,0.0,0.0,0.0,0.0,0.0
4,0,0.7043244,0.0,0.0,0.29567558,0.0,0.0,0.0,0.0,0.0,0.0,0.0,0.0
4,0,0.7043244,0.0,0.0,0.29567558,0.0,0.0,0.0,0.0,0.0,0.0,0.0,0.0
4,0,0.7043244,0.0,0.0,0.29567558,0.0,0.0,0.0,0.0,0.0,0.0,0.0,0.0
4,0,0.7043244,0.0,0.0,0.29567558,0.0,0.0,0.0,0.0,0.0,0.0,0.0,0.0
4,0,0.7043244,0.0,0.0,0.29567558,0.0,0.0,0.0,0.0,0.0,0.0,0.0,0.0
4,0,0.7043244,0.0,0.0,0.29567558,0.0,0.0,0.0,0.0,0.0,0.0,0.0,0.0
4,0,0.7043244,0.0,0.0,0.29567558,0.0,0.0,0.0,0.0,0.0,0.0,0.0,0.0
4,0,0.7043244,0.0,0.0,0.29567558,0.0,0.0,0.0,0.0,0.0,0.0,0.0,0.0
4,0,0.7043244,0.0,0.0,0.29567558,0.0,0.0,0.0,0.0,0.0,0.0,0.0,0.0
4,0,0.7043244,0.0,0.0,0.29567558,0.0,0.0,0.0,0.0,0.0,0.0,0.0,0.0
4,0,0.7043244,0.0,0.0,0.29567558,0.0,0.0,0.0,0.0,0.0,0.0,0.0,0.0
4,0,0.7043244,0.0,0.0,0.29567558,0.0,0.0,0.0,0.0,0.0,0.0,0.0,0.0
4,0,0.7043244,0.0,0.0,0.29567558,0.0,0.0,0.0,0.0,0.0,0.0,0.0,0.0
4,0,0.7043244,0.0,0.0,0.29567558,0.0,0.0,0.0,0.0,0.0,0.0,0.0,0.0
4,0,0.7043244,0.0,0.0,0.29567558,0.0,0.0,0.0,0.0,0.0,0.0,0.0,0.0
4,0,0.7043244,0.0,0.0,0.29567558,0.0,0.0,0.0,0.0,0.0,0.0,0.0,0.0
4,0,0.5816841,0.0,0.0,0.41831586,0.0,0.0,0.0,0.0,0.0,0.0,0.0,0.0
4,0,0.5816841,0.0,0.0,0.41831586,0.0,0.0,0.0,0.0,0.0,0.0,0.0,0.0
4,0,0.5816841,0.0,0.0,0.41831586,0.0,0.0,0.0,0.0,0.0,0.0,0.0,0.0
4,0,0.5816841,0.0,0.0,0.41831586,0.0,0.0,0.0,0.0,0.0,0.0,0.0,0.0
4,0,0.5816841,0.0,0.0,0.41831586,0.0,0.0,0.0,0.0,0.0,0.0,0.0,0.0
4,0,0.5816841,0.0,0.0,0.41831586,0.0,0.0,0.0,0.0,0.0,0.0,0.0,0.0
4,0,0.5816841,0.0,0.0,0.41831586,0.0,0.0,0.0,0.0,0.0,0.0,0.0,0.0
4,0,0.5816841,0.0,0.0,0.41831586,0.0,0.0,0.0,0.0,0.0,0.0,0.0,0.0
4,0,0.5816841,0.0,0.0,0.41831586,0.0,0.0,0.0,0.0,0.0,0.0,0.0,0.0
4,0,0.5816841,0.0,0.0,0.41831586,0.0,0.0,0.0,0.0,0.0,0.0,0.0,0.0
4,0,0.5816841,0.0,0.0,0.41831586,0.0,0.0,0.0,0.0,0.0,0.0,0.0,0.0
4,0,0.5816841,0.0,0.0,0.41831586,0.0,0.0,0.0,0.0,0.0,0.0,0.0,0.0
4,0,0.5816841,0.0,0.0,0.41831586,0.0,0.0,0.0,0.0,0.0,0.0,0.0,0.0
4,0,0.5816841,0.0,0.0,0.41831586,0.0,0.0,0.0,0.0,0.0,0.0,0.0,0.0
4,0,0.55756027,0.0,0.0,0.4424398,0.0,0.0,0.0,0.0,0.0,0.0,0.0,0.0
4,0,0.55756027,0.0,0.0,0.4424398,0.0,0.0,0.0,0.0,0.0,0.0,0.0,0.0
4,0,0.55756027,0.0,0.0,0.4424398,0.0,0.0,0.0,0.0,0.0,0.0,0.0,0.0
4,0,0.55756027,0.0,0.0,0.4424398,0.0,0.0,0.0,0.0,0.0,0.0,0.0,0.0
4,0,0.55756027,0.0,0.0,0.4424398,0.0,0.0,0.0,0.0,0.0,0.0,0.0,0.0
4,0,0.55756027,0.0,0.0,0.4424398,0.0,0.0,0.0,0.0,0.0,0.0,0.0,0.0
4,0,0.55756027,0.0,0.0,0.4424398,0.0,0.0,0.0,0.0,0.0,0.0,0.0,0.0
4,0,0.55756027,0.0,0.0,0.4424398,0.0,0.0,0.0,0.0,0.0,0.0,0.0,0.0
4,0,0.55756027,0.0,0.0,0.4424398,0.0,0.0,0.0,0.0,0.0,0.0,0.0,0.0
4,0,0.55756027,0.0,0.0,0.4424398,0.0,0.0,0.0,0.0,0.0,0.0,0.0,0.0
4,0,0.55756027,0.0,0.0,0.4424398,0.0,0.0,0.0,0.0,0.0,0.0,0.0,0.0
4,0,0.55756027,0.0,0.0,0.4424398,0.0,0.0,0.0,0.0,0.0,0.0,0.0,0.0
4,0,0.55756027,0.0,0.0,0.4424398,0.0,0.0,0.0,0.0,0.0,0.0,0.0,0.0
4,0,0.55756027,0.0,0.0,0.4424398,0.0,0.0,0.0,0.0,0.0,0.0,0.0,0.0
4,0,0.55756027,0.0,0.0,0.4424398,0.0,0.0,0.0,0.0,0.0,0.0,0.0,0.0
4,0,0.55756027,0.0,0.0,0.4424398,0.0,0.0,0.0,0.0,0.0,0.0,0.0,0.0
4,0,0.55756027,0.0,0.0,0.4424398,0.0,0.0,0.0,0.0,0.0,0.0,0.0,0.0
4,0,0.55756027,0.0,0.0,0.4424398,0.0,0.0,0.0,0.0,0.0,0.0,0.0,0.0
4,3,0.41997525,0.0,0.0,0.5800247,0.0,0.0,0.0,0.0,0.0,0.0,0.0,0.0
4,3,0.41997525,0.0,0.0,0.5800247,0.0,0.0,0.0,0.0,0.0,0.0,0.0,0.0
4,3,0.41997525,0.0,0.0,0.5800247,0.0,0.0,0.0,0.0,0.0,0.0,0.0,0.0
4,3,0.41997525,0.0,0.0,0.5800247,0.0,0.0,0.0,0.0,0.0,0.0,0.0,0.0
4,3,0.41997525,0.0,0.0,0.5800247,0.0,0.0,0.0,0.0,0.0,0.0,0.0,0.0
4,3,0.41997525,0.0,0.0,0.5800247,0.0,0.0,0.0,0.0,0.0,0.0,0.0,0.0
4,3,0.41997525,0.0,0.0,0.5800247,0.0,0.0,0.0,0.0,0.0,0.0,0.0,0.0
4,3,0.41997525,0.0,0.0,0.5800247,0.0,0.0,0.0,0.0,0.0,0.0,0.0,0.0
4,3,0.41997525,0.0,0.0,0.5800247,0.0,0.0,0.0,0.0,0.0,0.0,0.0,0.0
4,3,0.41997525,0.0,0.0,0.5800247,0.0,0.0,0.0,0.0,0.0,0.0,0.0,0.0
4,3,0.41997525,0.0,0.0,0.5800247,0.0,0.0,0.0,0.0,0.0,0.0,0.0,0.0
4,3,0.41997525,0.0,0.0,0.5800247,0.0,0.0,0.0,0.0,0.0,0.0,0.0,0.0
4,3,0.41997525,0.0,0.0,0.5800247,0.0,0.0,0.0,0.0,0.0,0.0,0.0,0.0
4,3,0.41997525,0.0,0.0,0.5800247,0.0,0.0,0.0,0.0,0.0,0.0,0.0,0.0
4,3,0.339545,0.0,0.0,0.66045505,0.0,0.0,0.0,0.0,0.0,0.0,0.0,0.0
4,3,0.339545,0.0,0.0,0.66045505,0.0,0.0,0.0,0.0,0.0,0.0,0.0,0.0
4,3,0.32587293,0.0,0.0,0.6741271,0.0,0.0,0.0,0.0,0.0,0.0,0.0,0.0
4,3,0.32587293,0.0,0.0,0.6741271,0.0,0.0,0.0,0.0,0.0,0.0,0.0,0.0
4,3,0.32587293,0.0,0.0,0.6741271,0.0,0.0,0.0,0.0,0.0,0.0,0.0,0.0
4,3,0.32587293,0.0,0.0,0.6741271,0.0,0.0,0.0,0.0,0.0,0.0,0.0,0.0
4,3,0.32587293,0.0,0.0,0.6741271,0.0,0.0,0.0,0.0,0.0,0.0,0.0,0.0
4,3,0.32587293,0.0,0.0,0.6741271,0.0,0.0,0.0,0.0,0.0,0.0,0.0,0.0
4,3,0.32587293,0.0,0.0,0.6741271,0.0,0.0,0.0,0.0,0.0,0.0,0.0,0.0
4,3,0.32587293,0.0,0.0,0.6741271,0.0,0.0,0.0,0.0,0.0,0.0,0.0,0.0
4,3,0.32587293,0.0,0.0,0.6741271,0.0,0.0,0.0,0.0,0.0,0.0,0.0,0.0
4,3,0.32587293,0.0,0.0,0.6741271,0.0,0.0,0.0,0.0,0.0,0.0,0.0,0.0
4,3,0.32587293,0.0,0.0,0.6741271,0.0,0.0,0.0,0.0,0.0,0.0,0.0,0.0
4,3,0.32587293,0.0,0.0,0.6741271,0.0,0.0,0.0,0.0,0.0,0.0,0.0,0.0
4,3,0.32587293,0.0,0.0,0.6741271,0.0,0.0,0.0,0.0,0.0,0.0,0.0,0.0
4,3,0.32587293,0.0,0.0,0.6741271,0.0,0.0,0.0,0.0,0.0,0.0,0.0,0.0
4,3,0.32587293,0.0,0.0,0.6741271,0.0,0.0,0.0,0.0,0.0,0.0,0.0,0.0
4,3,0.32587293,0.0,0.0,0.6741271,0.0,0.0,0.0,0.0,0.0,0.0,0.0,0.0
4,3,0.32587293,0.0,0.0,0.6741271,0.0,0.0,0.0,0.0,0.0,0.0,0.0,0.0
4,3,0.32587293,0.0,0.0,0.6741271,0.0,0.0,0.0,0.0,0.0,0.0,0.0,0.0
4,3,0.32587293,0.0,0.0,0.6741271,0.0,0.0,0.0,0.0,0.0,0.0,0.0,0.0
4,3,0.32587293,0.0,0.0,0.6741271,0.0,0.0,0.0,0.0,0.0,0.0,0.0,0.0
4,3,0.32587293,0.0,0.0,0.6741271,0.0,0.0,0.0,0.0,0.0,0.0,0.0,0.0
4,3,0.32587293,0.0,0.0,0.6741271,0.0,0.0,0.0,0.0,0.0,0.0,0.0,0.0
4,3,0.32587293,0.0,0.0,0.6741271,0.0,0.0,0.0,0.0,0.0,0.0,0.0,0.0
4,3,0.32587293,0.0,0.0,0.6741271,0.0,0.0,0.0,0.0,0.0,0.0,0.0,0.0
4,3,0.32587293,0.0,0.0,0.6741271,0.0,0.0,0.0,0.0,0.0,0.0,0.0,0.0
4,3,0.32587293,0.0,0.0,0.6741271,0.0,0.0,0.0,0.0,0.0,0.0,0.0,0.0
4,3,0.32587293,0.0,0.0,0.6741271,0.0,0.0,0.0,0.0,0.0,0.0,0.0,0.0
4,3,0.32587293,0.0,0.0,0.6741271,0.0,0.0,0.0,0.0,0.0,0.0,0.0,0.0
4,3,0.32587293,0.0,0.0,0.6741271,0.0,0.0,0.0,0.0,0.0,0.0,0.0,0.0
4,3,0.32587293,0.0,0.0,0.6741271,0.0,0.0,0.0,0.0,0.0,0.0,0.0,0.0
4,3,0.32587293,0.0,0.0,0.6741271,0.0,0.0,0.0,0.0,0.0,0.0,0.0,0.0
4,3,0.32587293,0.0,0.0,0.6741271,0.0,0.0,0.0,0.0,0.0,0.0,0.0,0.0
4,3,0.32587293,0.0,0.0,0.6741271,0.0,0.0,0.0,0.0,0.0,0.0,0.0,0.0
4,3,0.32587293,0.0,0.0,0.6741271,0.0,0.0,0.0,0.0,0.0,0.0,0.0,0.0
4,3,0.32587293,0.0,0.0,0.6741271,0.0,0.0,0.0,0.0,0.0,0.0,0.0,0.0
4,3,0.32587293,0.0,0.0,0.6741271,0.0,0.0,0.0,0.0,0.0,0.0,0.0,0.0
4,3,0.32587293,0.0,0.0,0.6741271,0.0,0.0,0.0,0.0,0.0,0.0,0.0,0.0
4,3,0.32587293,0.0,0.0,0.6741271,0.0,0.0,0.0,0.0,0.0,0.0,0.0,0.0
4,3,0.32587293,0.0,0.0,0.6741271,0.0,0.0,0.0,0.0,0.0,0.0,0.0,0.0
4,3,0.32587293,0.0,0.0,0.6741271,0.0,0.0,0.0,0.0,0.0,0.0,0.0,0.0
4,3,0.32587293,0.0,0.0,0.6741271,0.0,0.0,0.0,0.0,0.0,0.0,0.0,0.0
4,3,0.32587293,0.0,0.0,0.6741271,0.0,0.0,0.0,0.0,0.0,0.0,0.0,0.0
4,3,0.32587293,0.0,0.0,0.6741271,0.0,0.0,0.0,0.0,0.0,0.0,0.0,0.0
4,3,0.32587293,0.0,0.0,0.6741271,0.0,0.0,0.0,0.0,0.0,0.0,0.0,0.0
4,3,0.32587293,0.0,0.0,0.6741271,0.0,0.0,0.0,0.0,0.0,0.0,0.0,0.0
4,3,0.32587293,0.0,0.0,0.6741271,0.0,0.0,0.0,0.0,0.0,0.0,0.0,0.0
4,3,0.32587293,0.0,0.0,0.6741271,0.0,0.0,0.0,0.0,0.0,0.0,0.0,0.0
4,3,0.32587293,0.0,0.0,0.6741271,0.0,0.0,0.0,0.0,0.0,0.0,0.0,0.0
4,3,0.29837272,0.0,0.0,0.7016273,0.0,0.0,0.0,0.0,0.0,0.0,0.0,0.0
4,3,0.29837272,0.0,0.0,0.7016273,0.0,0.0,0.0,0.0,0.0,0.0,0.0,0.0
4,3,0.29837272,0.0,0.0,0.7016273,0.0,0.0,0.0,0.0,0.0,0.0,0.0,0.0
4,3,0.29837272,0.0,0.0,0.7016273,0.0,0.0,0.0,0.0,0.0,0.0,0.0,0.0
4,3,0.29837272,0.0,0.0,0.7016273,0.0,0.0,0.0,0.0,0.0,0.0,0.0,0.0
4,3,0.29837272,0.0,0.0,0.7016273,0.0,0.0,0.0,0.0,0.0,0.0,0.0,0.0
4,3,0.29837272,0.0,0.0,0.7016273,0.0,0.0,0.0,0.0,0.0,0.0,0.0,0.0
4,3,0.29837272,0.0,0.0,0.7016273,0.0,0.0,0.0,0.0,0.0,0.0,0.0,0.0
4,3,0.29837272,0.0,0.0,0.7016273,0.0,0.0,0.0,0.0,0.0,0.0,0.0,0.0
4,3,0.29837272,0.0,0.0,0.7016273,0.0,0.0,0.0,0.0,0.0,0.0,0.0,0.0
4,3,0.29837272,0.0,0.0,0.7016273,0.0,0.0,0.0,0.0,0.0,0.0,0.0,0.0
4,3,0.29837272,0.0,0.0,0.7016273,0.0,0.0,0.0,0.0,0.0,0.0,0.0,0.0
4,3,0.29837272,0.0,0.0,0.7016273,0.0,0.0,0.0,0.0,0.0,0.0,0.0,0.0
4,3,0.29837272,0.0,0.0,0.7016273,0.0,0.0,0.0,0.0,0.0,0.0,0.0,0.0
4,3,0.29837272,0.0,0.0,0.7016273,0.0,0.0,0.0,0.0,0.0,0.0,0.0,0.0
4,3,0.29837272,0.0,0.0,0.7016273,0.0,0.0,0.0,0.0,0.0,0.0,0.0,0.0
4,3,0.29837272,0.0,0.0,0.7016273,0.0,0.0,0.0,0.0,0.0,0.0,0.0,0.0
4,3,0.29837272,0.0,0.0,0.7016273,0.0,0.0,0.0,0.0,0.0,0.0,0.0,0.0
4,3,0.29837272,0.0,0.0,0.7016273,0.0,0.0,0.0,0.0,0.0,0.0,0.0,0.0
4,3,0.29837272,0.0,0.0,0.7016273,0.0,0.0,0.0,0.0,0.0,0.0,0.0,0.0
4,3,0.29837272,0.0,0.0,0.7016273,0.0,0.0,0.0,0.0,0.0,0.0,0.0,0.0
4,3,0.29837272,0.0,0.0,0.7016273,0.0,0.0,0.0,0.0,0.0,0.0,0.0,0.0
4,3,0.29837272,0.0,0.0,0.7016273,0.0,0.0,0.0,0.0,0.0,0.0,0.0,0.0
4,3,0.29837272,0.0,0.0,0.7016273,0.0,0.0,0.0,0.0,0.0,0.0,0.0,0.0
4,3,0.29837272,0.0,0.0,0.7016273,0.0,0.0,0.0,0.0,0.0,0.0,0.0,0.0
4,3,0.29837272,0.0,0.0,0.7016273,0.0,0.0,0.0,0.0,0.0,0.0,0.0,0.0
4,3,0.29837272,0.0,0.0,0.7016273,0.0,0.0,0.0,0.0,0.0,0.0,0.0,0.0
4,3,0.29837272,0.0,0.0,0.7016273,0.0,0.0,0.0,0.0,0.0,0.0,0.0,0.0
4,3,0.29837272,0.0,0.0,0.7016273,0.0,0.0,0.0,0.0,0.0,0.0,0.0,0.0
4,3,0.29837272,0.0,0.0,0.7016273,0.0,0.0,0.0,0.0,0.0,0.0,0.0,0.0
4,3,0.29837272,0.0,0.0,0.7016273,0.0,0.0,0.0,0.0,0.0,0.0,0.0,0.0
4,3,0.29837272,0.0,0.0,0.7016273,0.0,0.0,0.0,0.0,0.0,0.0,0.0,0.0
4,3,0.29837272,0.0,0.0,0.7016273,0.0,0.0,0.0,0.0,0.0,0.0,0.0,0.0
4,3,0.29837272,0.0,0.0,0.7016273,0.0,0.0,0.0,0.0,0.0,0.0,0.0,0.0
4,3,0.29837272,0.0,0.0,0.7016273,0.0,0.0,0.0,0.0,0.0,0.0,0.0,0.0
4,3,0.29837272,0.0,0.0,0.7016273,0.0,0.0,0.0,0.0,0.0,0.0,0.0,0.0
4,3,0.29837272,0.0,0.0,0.7016273,0.0,0.0,0.0,0.0,0.0,0.0,0.0,0.0
4,3,0.29837272,0.0,0.0,0.7016273,0.0,0.0,0.0,0.0,0.0,0.0,0.0,0.0
4,3,0.29837272,0.0,0.0,0.7016273,0.0,0.0,0.0,0.0,0.0,0.0,0.0,0.0
4,3,0.29837272,0.0,0.0,0.7016273,0.0,0.0,0.0,0.0,0.0,0.0,0.0,0.0
4,3,0.29837272,0.0,0.0,0.7016273,0.0,0.0,0.0,0.0,0.0,0.0,0.0,0.0
4,3,0.29837272,0.0,0.0,0.7016273,0.0,0.0,0.0,0.0,0.0,0.0,0.0,0.0
4,3,0.29837272,0.0,0.0,0.7016273,0.0,0.0,0.0,0.0,0.0,0.0,0.0,0.0
4,3,0.29837272,0.0,0.0,0.7016273,0.0,0.0,0.0,0.0,0.0,0.0,0.0,0.0
4,3,0.29837272,0.0,0.0,0.7016273,0.0,0.0,0.0,0.0,0.0,0.0,0.0,0.0
4,3,0.29837272,0.0,0.0,0.7016273,0.0,0.0,0.0,0.0,0.0,0.0,0.0,0.0
4,3,0.29837272,0.0,0.0,0.7016273,0.0,0.0,0.0,0.0,0.0,0.0,0.0,0.0
4,3,0.29837272,0.0,0.0,0.7016273,0.0,0.0,0.0,0.0,0.0,0.0,0.0,0.0
4,3,0.29837272,0.0,0.0,0.7016273,0.0,0.0,0.0,0.0,0.0,0.0,0.0,0.0
4,3,0.29837272,0.0,0.0,0.7016273,0.0,0.0,0.0,0.0,0.0,0.0,0.0,0.0
4,3,0.29837272,0.0,0.0,0.7016273,0.0,0.0,0.0,0.0,0.0,0.0,0.0,0.0
4,3,0.29837272,0.0,0.0,0.7016273,0.0,0.0,0.0,0.0,0.0,0.0,0.0,0.0
4,3,0.29837272,0.0,0.0,0.7016273,0.0,0.0,0.0,0.0,0.0,0.0,0.0,0.0
4,3,0.29837272,0.0,0.0,0.7016273,0.0,0.0,0.0,0.0,0.0,0.0,0.0,0.0
4,3,0.29837272,0.0,0.0,0.7016273,0.0,0.0,0.0,0.0,0.0,0.0,0.0,0.0
4,3,0.29837272,0.0,0.0,0.7016273,0.0,0.0,0.0,0.0,0.0,0.0,0.0,0.0
4,3,0.29837272,0.0,0.0,0.7016273,0.0,0.0,0.0,0.0,0.0,0.0,0.0,0.0
4,3,0.29837272,0.0,0.0,0.7016273,0.0,0.0,0.0,0.0,0.0,0.0,0.0,0.0
4,3,0.29837272,0.0,0.0,0.7016273,0.0,0.0,0.0,0.0,0.0,0.0,0.0,0.0
4,3,0.29837272,0.0,0.0,0.7016273,0.0,0.0,0.0,0.0,0.0,0.0,0.0,0.0
4,3,0.29837272,0.0,0.0,0.7016273,0.0,0.0,0.0,0.0,0.0,0.0,0.0,0.0
4,3,0.29837272,0.0,0.0,0.7016273,0.0,0.0,0.0,0.0,0.0,0.0,0.0,0.0
4,3,0.29837272,0.0,0.0,0.7016273,0.0,0.0,0.0,0.0,0.0,0.0,0.0,0.0
4,3,0.29837272,0.0,0.0,0.7016273,0.0,0.0,0.0,0.0,0.0,0.0,0.0,0.0
4,3,0.29837272,0.0,0.0,0.7016273,0.0,0.0,0.0,0.0,0.0,0.0,0.0,0.0
4,3,0.29837272,0.0,0.0,0.7016273,0.0,0.0,0.0,0.0,0.0,0.0,0.0,0.0
4,3,0.29837272,0.0,0.0,0.7016273,0.0,0.0,0.0,0.0,0.0,0.0,0.0,0.0
4,3,0.29837272,0.0,0.0,0.7016273,0.0,0.0,0.0,0.0,0.0,0.0,0.0,0.0
4,3,0.29837272,0.0,0.0,0.7016273,0.0,0.0,0.0,0.0,0.0,0.0,0.0,0.0
4,3,0.29837272,0.0,0.0,0.7016273,0.0,0.0,0.0,0.0,0.0,0.0,0.0,0.0
4,3,0.29837272,0.0,0.0,0.7016273,0.0,0.0,0.0,0.0,0.0,0.0,0.0,0.0
4,3,0.29837272,0.0,0.0,0.7016273,0.0,0.0,0.0,0.0,0.0,0.0,0.0,0.0
4,3,0.29837272,0.0,0.0,0.7016273,0.0,0.0,0.0,0.0,0.0,0.0,0.0,0.0
4,3,0.29837272,0.0,0.0,0.7016273,0.0,0.0,0.0,0.0,0.0,0.0,0.0,0.0
4,3,0.29837272,0.0,0.0,0.7016273,0.0,0.0,0.0,0.0,0.0,0.0,0.0,0.0
4,3,0.29837272,0.0,0.0,0.7016273,0.0,0.0,0.0,0.0,0.0,0.0,0.0,0.0
4,3,0.29837272,0.0,0.0,0.7016273,0.0,0.0,0.0,0.0,0.0,0.0,0.0,0.0
4,3,0.29837272,0.0,0.0,0.7016273,0.0,0.0,0.0,0.0,0.0,0.0,0.0,0.0
4,3,0.29837272,0.0,0.0,0.7016273,0.0,0.0,0.0,0.0,0.0,0.0,0.0,0.0
4,3,0.29837272,0.0,0.0,0.7016273,0.0,0.0,0.0,0.0,0.0,0.0,0.0,0.0
4,3,0.29837272,0.0,0.0,0.7016273,0.0,0.0,0.0,0.0,0.0,0.0,0.0,0.0
4,3,0.29837272,0.0,0.0,0.7016273,0.0,0.0,0.0,0.0,0.0,0.0,0.0,0.0
4,3,0.29837272,0.0,0.0,0.7016273,0.0,0.0,0.0,0.0,0.0,0.0,0.0,0.0
4,3,0.29837272,0.0,0.0,0.7016273,0.0,0.0,0.0,0.0,0.0,0.0,0.0,0.0
4,3,0.29837272,0.0,0.0,0.7016273,0.0,0.0,0.0,0.0,0.0,0.0,0.0,0.0
4,3,0.29837272,0.0,0.0,0.7016273,0.0,0.0,0.0,0.0,0.0,0.0,0.0,0.0
4,3,0.29837272,0.0,0.0,0.7016273,0.0,0.0,0.0,0.0,0.0,0.0,0.0,0.0
4,3,0.29837272,0.0,0.0,0.7016273,0.0,0.0,0.0,0.0,0.0,0.0,0.0,0.0
4,3,0.29837272,0.0,0.0,0.7016273,0.0,0.0,0.0,0.0,0.0,0.0,0.0,0.0
4,3,0.29837272,0.0,0.0,0.7016273,0.0,0.0,0.0,0.0,0.0,0.0,0.0,0.0
4,3,0.29837272,0.0,0.0,0.7016273,0.0,0.0,0.0,0.0,0.0,0.0,0.0,0.0
4,3,0.29837272,0.0,0.0,0.7016273,0.0,0.0,0.0,0.0,0.0,0.0,0.0,0.0
4,3,0.29837272,0.0,0.0,0.7016273,0.0,0.0,0.0,0.0,0.0,0.0,0.0,0.0
4,3,0.29837272,0.0,0.0,0.7016273,0.0,0.0,0.0,0.0,0.0,0.0,0.0,0.0
4,3,0.29837272,0.0,0.0,0.7016273,0.0,0.0,0.0,0.0,0.0,0.0,0.0,0.0
4,3,0.29837272,0.0,0.0,0.7016273,0.0,0.0,0.0,0.0,0.0,0.0,0.0,0.0
4,3,0.29837272,0.0,0.0,0.7016273,0.0,0.0,0.0,0.0,0.0,0.0,0.0,0.0
4,3,0.29837272,0.0,0.0,0.7016273,0.0,0.0,0.0,0.0,0.0,0.0,0.0,0.0
4,3,0.29837272,0.0,0.0,0.7016273,0.0,0.0,0.0,0.0,0.0,0.0,0.0,0.0
4,3,0.29837272,0.0,0.0,0.7016273,0.0,0.0,0.0,0.0,0.0,0.0,0.0,0.0
4,3,0.29837272,0.0,0.0,0.7016273,0.0,0.0,0.0,0.0,0.0,0.0,0.0,0.0
4,3,0.29837272,0.0,0.0,0.7016273,0.0,0.0,0.0,0.0,0.0,0.0,0.0,0.0
4,3,0.29837272,0.0,0.0,0.7016273,0.0,0.0,0.0,0.0,0.0,0.0,0.0,0.0
4,3,0.29837272,0.0,0.0,0.7016273,0.0,0.0,0.0,0.0,0.0,0.0,0.0,0.0
4,3,0.29837272,0.0,0.0,0.7016273,0.0,0.0,0.0,0.0,0.0,0.0,0.0,0.0
4,3,0.29837272,0.0,0.0,0.7016273,0.0,0.0,0.0,0.0,0.0,0.0,0.0,0.0
4,3,0.29837272,0.0,0.0,0.7016273,0.0,0.0,0.0,0.0,0.0,0.0,0.0,0.0
4,3,0.29837272,0.0,0.0,0.7016273,0.0,0.0,0.0,0.0,0.0,0.0,0.0,0.0
4,3,0.29837272,0.0,0.0,0.7016273,0.0,0.0,0.0,0.0,0.0,0.0,0.0,0.0
4,3,0.29837272,0.0,0.0,0.7016273,0.0,0.0,0.0,0.0,0.0,0.0,0.0,0.0
4,3,0.29837272,0.0,0.0,0.7016273,0.0,0.0,0.0,0.0,0.0,0.0,0.0,0.0
4,3,0.29837272,0.0,0.0,0.7016273,0.0,0.0,0.0,0.0,0.0,0.0,0.0,0.0
4,3,0.29837272,0.0,0.0,0.7016273,0.0,0.0,0.0,0.0,0.0,0.0,0.0,0.0
4,3,0.29837272,0.0,0.0,0.7016273,0.0,0.0,0.0,0.0,0.0,0.0,0.0,0.0
4,3,0.29837272,0.0,0.0,0.7016273,0.0,0.0,0.0,0.0,0.0,0.0,0.0,0.0
4,3,0.29837272,0.0,0.0,0.7016273,0.0,0.0,0.0,0.0,0.0,0.0,0.0,0.0
4,3,0.29837272,0.0,0.0,0.7016273,0.0,0.0,0.0,0.0,0.0,0.0,0.0,0.0
4,3,0.29837272,0.0,0.0,0.7016273,0.0,0.0,0.0,0.0,0.0,0.0,0.0,0.0
4,3,0.29837272,0.0,0.0,0.7016273,0.0,0.0,0.0,0.0,0.0,0.0,0.0,0.0
4,3,0.29837272,0.0,0.0,0.7016273,0.0,0.0,0.0,0.0,0.0,0.0,0.0,0.0
4,3,0.29837272,0.0,0.0,0.7016273,0.0,0.0,0.0,0.0,0.0,0.0,0.0,0.0
4,3,0.29837272,0.0,0.0,0.7016273,0.0,0.0,0.0,0.0,0.0,0.0,0.0,0.0
4,3,0.29837272,0.0,0.0,0.7016273,0.0,0.0,0.0,0.0,0.0,0.0,0.0,0.0
4,3,0.29837272,0.0,0.0,0.7016273,0.0,0.0,0.0,0.0,0.0,0.0,0.0,0.0
4,3,0.29837272,0.0,0.0,0.7016273,0.0,0.0,0.0,0.0,0.0,0.0,0.0,0.0
4,3,0.29837272,0.0,0.0,0.7016273,0.0,0.0,0.0,0.0,0.0,0.0,0.0,0.0
4,3,0.29837272,0.0,0.0,0.7016273,0.0,0.0,0.0,0.0,0.0,0.0,0.0,0.0
4,3,0.29837272,0.0,0.0,0.7016273,0.0,0.0,0.0,0.0,0.0,0.0,0.0,0.0
4,3,0.32587293,0.0,0.0,0.6741271,0.0,0.0,0.0,0.0,0.0,0.0,0.0,0.0
4,3,0.32587293,0.0,0.0,0.6741271,0.0,0.0,0.0,0.0,0.0,0.0,0.0,0.0
4,3,0.32587293,0.0,0.0,0.6741271,0.0,0.0,0.0,0.0,0.0,0.0,0.0,0.0
4,3,0.32587293,0.0,0.0,0.6741271,0.0,0.0,0.0,0.0,0.0,0.0,0.0,0.0
4,3,0.32587293,0.0,0.0,0.6741271,0.0,0.0,0.0,0.0,0.0,0.0,0.0,0.0
4,3,0.32587293,0.0,0.0,0.6741271,0.0,0.0,0.0,0.0,0.0,0.0,0.0,0.0
4,3,0.32587293,0.0,0.0,0.6741271,0.0,0.0,0.0,0.0,0.0,0.0,0.0,0.0
4,3,0.32587293,0.0,0.0,0.6741271,0.0,0.0,0.0,0.0,0.0,0.0,0.0,0.0
4,3,0.32587293,0.0,0.0,0.6741271,0.0,0.0,0.0,0.0,0.0,0.0,0.0,0.0
4,3,0.32587293,0.0,0.0,0.6741271,0.0,0.0,0.0,0.0,0.0,0.0,0.0,0.0
4,3,0.32587293,0.0,0.0,0.6741271,0.0,0.0,0.0,0.0,0.0,0.0,0.0,0.0
4,3,0.32587293,0.0,0.0,0.6741271,0.0,0.0,0.0,0.0,0.0,0.0,0.0,0.0
4,3,0.32587293,0.0,0.0,0.6741271,0.0,0.0,0.0,0.0,0.0,0.0,0.0,0.0
4,3,0.32587293,0.0,0.0,0.6741271,0.0,0.0,0.0,0.0,0.0,0.0,0.0,0.0
4,3,0.32587293,0.0,0.0,0.6741271,0.0,0.0,0.0,0.0,0.0,0.0,0.0,0.0
4,3,0.32587293,0.0,0.0,0.6741271,0.0,0.0,0.0,0.0,0.0,0.0,0.0,0.0
4,3,0.32587293,0.0,0.0,0.6741271,0.0,0.0,0.0,0.0,0.0,0.0,0.0,0.0
4,3,0.32587293,0.0,0.0,0.6741271,0.0,0.0,0.0,0.0,0.0,0.0,0.0,0.0
4,3,0.32587293,0.0,0.0,0.6741271,0.0,0.0,0.0,0.0,0.0,0.0,0.0,0.0
4,3,0.32587293,0.0,0.0,0.6741271,0.0,0.0,0.0,0.0,0.0,0.0,0.0,0.0
4,3,0.32587293,0.0,0.0,0.6741271,0.0,0.0,0.0,0.0,0.0,0.0,0.0,0.0
4,3,0.32587293,0.0,0.0,0.6741271,0.0,0.0,0.0,0.0,0.0,0.0,0.0,0.0
4,3,0.32587293,0.0,0.0,0.6741271,0.0,0.0,0.0,0.0,0.0,0.0,0.0,0.0
4,3,0.32587293,0.0,0.0,0.6741271,0.0,0.0,0.0,0.0,0.0,0.0,0.0,0.0
4,3,0.32587293,0.0,0.0,0.6741271,0.0,0.0,0.0,0.0,0.0,0.0,0.0,0.0
4,3,0.32587293,0.0,0.0,0.6741271,0.0,0.0,0.0,0.0,0.0,0.0,0.0,0.0
4,3,0.32587293,0.0,0.0,0.6741271,0.0,0.0,0.0,0.0,0.0,0.0,0.0,0.0
4,3,0.32587293,0.0,0.0,0.6741271,0.0,0.0,0.0,0.0,0.0,0.0,0.0,0.0
4,3,0.35437545,0.0,0.0,0.6456245,0.0,0.0,0.0,0.0,0.0,0.0,0.0,0.0
4,3,0.35437545,0.0,0.0,0.6456245,0.0,0.0,0.0,0.0,0.0,0.0,0.0,0.0
4,3,0.35437545,0.0,0.0,0.6456245,0.0,0.0,0.0,0.0,0.0,0.0,0.0,0.0
4,3,0.35437545,0.0,0.0,0.6456245,0.0,0.0,0.0,0.0,0.0,0.0,0.0,0.0
4,3,0.35437545,0.0,0.0,0.6456245,0.0,0.0,0.0,0.0,0.0,0.0,0.0,0.0
4,3,0.35437545,0.0,0.0,0.6456245,0.0,0.0,0.0,0.0,0.0,0.0,0.0,0.0
4,3,0.35437545,0.0,0.0,0.6456245,0.0,0.0,0.0,0.0,0.0,0.0,0.0,0.0
4,3,0.35437545,0.0,0.0,0.6456245,0.0,0.0,0.0,0.0,0.0,0.0,0.0,0.0
4,3,0.35437545,0.0,0.0,0.6456245,0.0,0.0,0.0,0.0,0.0,0.0,0.0,0.0
4,3,0.35437545,0.0,0.0,0.6456245,0.0,0.0,0.0,0.0,0.0,0.0,0.0,0.0
4,3,0.35437545,0.0,0.0,0.6456245,0.0,0.0,0.0,0.0,0.0,0.0,0.0,0.0
4,3,0.35437545,0.0,0.0,0.6456245,0.0,0.0,0.0,0.0,0.0,0.0,0.0,0.0
4,3,0.35437545,0.0,0.0,0.6456245,0.0,0.0,0.0,0.0,0.0,0.0,0.0,0.0
4,3,0.35437545,0.0,0.0,0.6456245,0.0,0.0,0.0,0.0,0.0,0.0,0.0,0.0
4,3,0.35437545,0.0,0.0,0.6456245,0.0,0.0,0.0,0.0,0.0,0.0,0.0,0.0
4,3,0.35437545,0.0,0.0,0.6456245,0.0,0.0,0.0,0.0,0.0,0.0,0.0,0.0
4,3,0.35437545,0.0,0.0,0.6456245,0.0,0.0,0.0,0.0,0.0,0.0,0.0,0.0
4,3,0.35437545,0.0,0.0,0.6456245,0.0,0.0,0.0,0.0,0.0,0.0,0.0,0.0
4,3,0.35437545,0.0,0.0,0.6456245,0.0,0.0,0.0,0.0,0.0,0.0,0.0,0.0
4,3,0.35437545,0.0,0.0,0.6456245,0.0,0.0,0.0,0.0,0.0,0.0,0.0,0.0
4,3,0.35437545,0.0,0.0,0.6456245,0.0,0.0,0.0,0.0,0.0,0.0,0.0,0.0
4,3,0.35437545,0.0,0.0,0.6456245,0.0,0.0,0.0,0.0,0.0,0.0,0.0,0.0
4,3,0.35437545,0.0,0.0,0.6456245,0.0,0.0,0.0,0.0,0.0,0.0,0.0,0.0
4,3,0.35437545,0.0,0.0,0.6456245,0.0,0.0,0.0,0.0,0.0,0.0,0.0,0.0
4,3,0.35437545,0.0,0.0,0.6456245,0.0,0.0,0.0,0.0,0.0,0.0,0.0,0.0
4,3,0.35437545,0.0,0.0,0.6456245,0.0,0.0,0.0,0.0,0.0,0.0,0.0,0.0
4,3,0.35437545,0.0,0.0,0.6456245,0.0,0.0,0.0,0.0,0.0,0.0,0.0,0.0
4,3,0.35437545,0.0,0.0,0.6456245,0.0,0.0,0.0,0.0,0.0,0.0,0.0,0.0
4,3,0.35437545,0.0,0.0,0.6456245,0.0,0.0,0.0,0.0,0.0,0.0,0.0,0.0
4,3,0.35437545,0.0,0.0,0.6456245,0.0,0.0,0.0,0.0,0.0,0.0,0.0,0.0
4,3,0.35437545,0.0,0.0,0.6456245,0.0,0.0,0.0,0.0,0.0,0.0,0.0,0.0
4,3,0.35437545,0.0,0.0,0.6456245,0.0,0.0,0.0,0.0,0.0,0.0,0.0,0.0
4,3,0.35437545,0.0,0.0,0.6456245,0.0,0.0,0.0,0.0,0.0,0.0,0.0,0.0
4,3,0.35437545,0.0,0.0,0.6456245,0.0,0.0,0.0,0.0,0.0,0.0,0.0,0.0
4,3,0.35437545,0.0,0.0,0.6456245,0.0,0.0,0.0,0.0,0.0,0.0,0.0,0.0
4,3,0.35437545,0.0,0.0,0.6456245,0.0,0.0,0.0,0.0,0.0,0.0,0.0,0.0
4,3,0.35437545,0.0,0.0,0.6456245,0.0,0.0,0.0,0.0,0.0,0.0,0.0,0.0
4,3,0.35437545,0.0,0.0,0.6456245,0.0,0.0,0.0,0.0,0.0,0.0,0.0,0.0
4,3,0.35437545,0.0,0.0,0.6456245,0.0,0.0,0.0,0.0,0.0,0.0,0.0,0.0
4,3,0.35437545,0.0,0.0,0.6456245,0.0,0.0,0.0,0.0,0.0,0.0,0.0,0.0
4,3,0.35437545,0.0,0.0,0.6456245,0.0,0.0,0.0,0.0,0.0,0.0,0.0,0.0
4,3,0.35437545,0.0,0.0,0.6456245,0.0,0.0,0.0,0.0,0.0,0.0,0.0,0.0
4,3,0.35437545,0.0,0.0,0.6456245,0.0,0.0,0.0,0.0,0.0,0.0,0.0,0.0
4,3,0.35437545,0.0,0.0,0.6456245,0.0,0.0,0.0,0.0,0.0,0.0,0.0,0.0
4,3,0.35437545,0.0,0.0,0.6456245,0.0,0.0,0.0,0.0,0.0,0.0,0.0,0.0
4,3,0.35437545,0.0,0.0,0.6456245,0.0,0.0,0.0,0.0,0.0,0.0,0.0,0.0
4,3,0.35437545,0.0,0.0,0.6456245,0.0,0.0,0.0,0.0,0.0,0.0,0.0,0.0
4,3,0.35437545,0.0,0.0,0.6456245,0.0,0.0,0.0,0.0,0.0,0.0,0.0,0.0
4,3,0.35437545,0.0,0.0,0.6456245,0.0,0.0,0.0,0.0,0.0,0.0,0.0,0.0
4,3,0.35437545,0.0,0.0,0.6456245,0.0,0.0,0.0,0.0,0.0,0.0,0.0,0.0
4,3,0.35437545,0.0,0.0,0.6456245,0.0,0.0,0.0,0.0,0.0,0.0,0.0,0.0
4,3,0.35437545,0.0,0.0,0.6456245,0.0,0.0,0.0,0.0,0.0,0.0,0.0,0.0
4,3,0.35437545,0.0,0.0,0.6456245,0.0,0.0,0.0,0.0,0.0,0.0,0.0,0.0
4,3,0.35437545,0.0,0.0,0.6456245,0.0,0.0,0.0,0.0,0.0,0.0,0.0,0.0
4,3,0.35437545,0.0,0.0,0.6456245,0.0,0.0,0.0,0.0,0.0,0.0,0.0,0.0
4,3,0.35437545,0.0,0.0,0.6456245,0.0,0.0,0.0,0.0,0.0,0.0,0.0,0.0
4,3,0.35437545,0.0,0.0,0.6456245,0.0,0.0,0.0,0.0,0.0,0.0,0.0,0.0
4,3,0.35437545,0.0,0.0,0.6456245,0.0,0.0,0.0,0.0,0.0,0.0,0.0,0.0
4,3,0.35437545,0.0,0.0,0.6456245,0.0,0.0,0.0,0.0,0.0,0.0,0.0,0.0
4,3,0.35437545,0.0,0.0,0.6456245,0.0,0.0,0.0,0.0,0.0,0.0,0.0,0.0
4,3,0.35437545,0.0,0.0,0.6456245,0.0,0.0,0.0,0.0,0.0,0.0,0.0,0.0
4,3,0.35437545,0.0,0.0,0.6456245,0.0,0.0,0.0,0.0,0.0,0.0,0.0,0.0
4,3,0.35437545,0.0,0.0,0.6456245,0.0,0.0,0.0,0.0,0.0,0.0,0.0,0.0
4,3,0.35437545,0.0,0.0,0.6456245,0.0,0.0,0.0,0.0,0.0,0.0,0.0,0.0
4,3,0.35437545,0.0,0.0,0.6456245,0.0,0.0,0.0,0.0,0.0,0.0,0.0,0.0
4,3,0.35437545,0.0,0.0,0.6456245,0.0,0.0,0.0,0.0,0.0,0.0,0.0,0.0
4,3,0.35437545,0.0,0.0,0.6456245,0.0,0.0,0.0,0.0,0.0,0.0,0.0,0.0
4,3,0.35437545,0.0,0.0,0.6456245,0.0,0.0,0.0,0.0,0.0,0.0,0.0,0.0
4,3,0.39785105,0.0,0.0,0.6021489,0.0,0.0,0.0,0.0,0.0,0.0,0.0,0.0
4,3,0.39785105,0.0,0.0,0.6021489,0.0,0.0,0.0,0.0,0.0,0.0,0.0,0.0
4,3,0.39785105,0.0,0.0,0.6021489,0.0,0.0,0.0,0.0,0.0,0.0,0.0,0.0
4,3,0.39785105,0.0,0.0,0.6021489,0.0,0.0,0.0,0.0,0.0,0.0,0.0,0.0
4,3,0.39785105,0.0,0.0,0.6021489,0.0,0.0,0.0,0.0,0.0,0.0,0.0,0.0
4,3,0.39785105,0.0,0.0,0.6021489,0.0,0.0,0.0,0.0,0.0,0.0,0.0,0.0
4,3,0.39785105,0.0,0.0,0.6021489,0.0,0.0,0.0,0.0,0.0,0.0,0.0,0.0
4,3,0.39785105,0.0,0.0,0.6021489,0.0,0.0,0.0,0.0,0.0,0.0,0.0,0.0
4,3,0.39785105,0.0,0.0,0.6021489,0.0,0.0,0.0,0.0,0.0,0.0,0.0,0.0
4,3,0.39785105,0.0,0.0,0.6021489,0.0,0.0,0.0,0.0,0.0,0.0,0.0,0.0
4,3,0.46269035,0.0,0.0,0.5373096,0.0,0.0,0.0,0.0,0.0,0.0,0.0,0.0
4,3,0.46269035,0.0,0.0,0.5373096,0.0,0.0,0.0,0.0,0.0,0.0,0.0,0.0
4,3,0.46269035,0.0,0.0,0.5373096,0.0,0.0,0.0,0.0,0.0,0.0,0.0,0.0
4,3,0.46269035,0.0,0.0,0.5373096,0.0,0.0,0.0,0.0,0.0,0.0,0.0,0.0
4,3,0.46269035,0.0,0.0,0.5373096,0.0,0.0,0.0,0.0,0.0,0.0,0.0,0.0
4,3,0.46269035,0.0,0.0,0.5373096,0.0,0.0,0.0,0.0,0.0,0.0,0.0,0.0
4,0,0.5312181,0.0,0.0,0.4687819,0.0,0.0,0.0,0.0,0.0,0.0,0.0,0.0
4,0,0.5312181,0.0,0.0,0.4687819,0.0,0.0,0.0,0.0,0.0,0.0,0.0,0.0
4,0,0.5312181,0.0,0.0,0.4687819,0.0,0.0,0.0,0.0,0.0,0.0,0.0,0.0
4,0,0.5312181,0.0,0.0,0.4687819,0.0,0.0,0.0,0.0,0.0,0.0,0.0,0.0
4,0,0.5312181,0.0,0.0,0.4687819,0.0,0.0,0.0,0.0,0.0,0.0,0.0,0.0
4,0,0.5312181,0.0,0.0,0.4687819,0.0,0.0,0.0,0.0,0.0,0.0,0.0,0.0
4,0,0.5312181,0.0,0.0,0.4687819,0.0,0.0,0.0,0.0,0.0,0.0,0.0,0.0
4,0,0.5312181,0.0,0.0,0.4687819,0.0,0.0,0.0,0.0,0.0,0.0,0.0,0.0
4,0,0.5312181,0.0,0.0,0.4687819,0.0,0.0,0.0,0.0,0.0,0.0,0.0,0.0
4,0,0.5312181,0.0,0.0,0.4687819,0.0,0.0,0.0,0.0,0.0,0.0,0.0,0.0
4,0,0.5312181,0.0,0.0,0.4687819,0.0,0.0,0.0,0.0,0.0,0.0,0.0,0.0
4,0,0.5312181,0.0,0.0,0.4687819,0.0,0.0,0.0,0.0,0.0,0.0,0.0,0.0
4,0,0.5312181,0.0,0.0,0.4687819,0.0,0.0,0.0,0.0,0.0,0.0,0.0,0.0
4,0,0.5312181,0.0,0.0,0.4687819,0.0,0.0,0.0,0.0,0.0,0.0,0.0,0.0
4,0,0.5312181,0.0,0.0,0.4687819,0.0,0.0,0.0,0.0,0.0,0.0,0.0,0.0
4,0,0.5312181,0.0,0.0,0.4687819,0.0,0.0,0.0,0.0,0.0,0.0,0.0,0.0
4,0,0.5312181,0.0,0.0,0.4687819,0.0,0.0,0.0,0.0,0.0,0.0,0.0,0.0
4,0,0.5312181,0.0,0.0,0.4687819,0.0,0.0,0.0,0.0,0.0,0.0,0.0,0.0
4,0,0.5574521,0.0,0.0,0.44254798,0.0,0.0,0.0,0.0,0.0,0.0,0.0,0.0
4,0,0.5574521,0.0,0.0,0.44254798,0.0,0.0,0.0,0.0,0.0,0.0,0.0,0.0
4,0,0.5574521,0.0,0.0,0.44254798,0.0,0.0,0.0,0.0,0.0,0.0,0.0,0.0
4,0,0.5574521,0.0,0.0,0.44254798,0.0,0.0,0.0,0.0,0.0,0.0,0.0,0.0
4,0,0.5574521,0.0,0.0,0.44254798,0.0,0.0,0.0,0.0,0.0,0.0,0.0,0.0
4,0,0.5574521,0.0,0.0,0.44254798,0.0,0.0,0.0,0.0,0.0,0.0,0.0,0.0
4,0,0.5574521,0.0,0.0,0.44254798,0.0,0.0,0.0,0.0,0.0,0.0,0.0,0.0
4,0,0.5574521,0.0,0.0,0.44254798,0.0,0.0,0.0,0.0,0.0,0.0,0.0,0.0
4,0,0.5574521,0.0,0.0,0.44254798,0.0,0.0,0.0,0.0,0.0,0.0,0.0,0.0
4,0,0.5574521,0.0,0.0,0.44254798,0.0,0.0,0.0,0.0,0.0,0.0,0.0,0.0
4,0,0.5574521,0.0,0.0,0.44254798,0.0,0.0,0.0,0.0,0.0,0.0,0.0,0.0
4,0,0.5574521,0.0,0.0,0.44254798,0.0,0.0,0.0,0.0,0.0,0.0,0.0,0.0
4,0,0.5574521,0.0,0.0,0.44254798,0.0,0.0,0.0,0.0,0.0,0.0,0.0,0.0
4,0,0.5574521,0.0,0.0,0.44254798,0.0,0.0,0.0,0.0,0.0,0.0,0.0,0.0
4,0,0.5574521,0.0,0.0,0.44254798,0.0,0.0,0.0,0.0,0.0,0.0,0.0,0.0
4,0,0.5574521,0.0,0.0,0.44254798,0.0,0.0,0.0,0.0,0.0,0.0,0.0,0.0
4,0,0.5574521,0.0,0.0,0.44254798,0.0,0.0,0.0,0.0,0.0,0.0,0.0,0.0
4,0,0.5574521,0.0,0.0,0.44254798,0.0,0.0,0.0,0.0,0.0,0.0,0.0,0.0
4,0,0.5574521,0.0,0.0,0.44254798,0.0,0.0,0.0,0.0,0.0,0.0,0.0,0.0
4,0,0.5574521,0.0,0.0,0.44254798,0.0,0.0,0.0,0.0,0.0,0.0,0.0,0.0
4,0,0.5574521,0.0,0.0,0.44254798,0.0,0.0,0.0,0.0,0.0,0.0,0.0,0.0
4,0,0.5574521,0.0,0.0,0.44254798,0.0,0.0,0.0,0.0,0.0,0.0,0.0,0.0
4,0,0.5574521,0.0,0.0,0.44254798,0.0,0.0,0.0,0.0,0.0,0.0,0.0,0.0
4,0,0.5574521,0.0,0.0,0.44254798,0.0,0.0,0.0,0.0,0.0,0.0,0.0,0.0
4,0,0.5574521,0.0,0.0,0.44254798,0.0,0.0,0.0,0.0,0.0,0.0,0.0,0.0
4,0,0.5574521,0.0,0.0,0.44254798,0.0,0.0,0.0,0.0,0.0,0.0,0.0,0.0
4,0,0.5574521,0.0535794,0.0,0.38896853,0.0,0.0,0.0,0.0,0.0,0.0,0.0,0.0
4,0,0.5574521,0.0535794,0.0,0.38896853,0.0,0.0,0.0,0.0,0.0,0.0,0.0,0.0
4,0,0.5574521,0.0535794,0.0,0.38896853,0.0,0.0,0.0,0.0,0.0,0.0,0.0,0.0
4,0,0.5574521,0.0535794,0.0,0.38896853,0.0,0.0,0.0,0.0,0.0,0.0,0.0,0.0
4,0,0.5574521,0.0535794,0.0,0.38896853,0.0,0.0,0.0,0.0,0.0,0.0,0.0,0.0
4,0,0.5574521,0.0535794,0.0,0.38896853,0.0,0.0,0.0,0.0,0.0,0.0,0.0,0.0
4,0,0.5574521,0.0535794,0.0,0.38896853,0.0,0.0,0.0,0.0,0.0,0.0,0.0,0.0
4,0,0.5574521,0.0535794,0.0,0.38896853,0.0,0.0,0.0,0.0,0.0,0.0,0.0,0.0
4,0,0.5574521,0.0535794,0.0,0.38896853,0.0,0.0,0.0,0.0,0.0,0.0,0.0,0.0
4,0,0.5574521,0.0535794,0.0,0.38896853,0.0,0.0,0.0,0.0,0.0,0.0,0.0,0.0
4,0,0.5574521,0.0535794,0.0,0.38896853,0.0,0.0,0.0,0.0,0.0,0.0,0.0,0.0
4,0,0.5574521,0.0535794,0.0,0.38896853,0.0,0.0,0.0,0.0,0.0,0.0,0.0,0.0
4,0,0.5574521,0.0535794,0.0,0.38896853,0.0,0.0,0.0,0.0,0.0,0.0,0.0,0.0
4,0,0.5574521,0.0535794,0.0,0.38896853,0.0,0.0,0.0,0.0,0.0,0.0,0.0,0.0
4,0,0.5574521,0.0535794,0.0,0.38896853,0.0,0.0,0.0,0.0,0.0,0.0,0.0,0.0
4,0,0.5574521,0.0535794,0.0,0.38896853,0.0,0.0,0.0,0.0,0.0,0.0,0.0,0.0
4,0,0.5574521,0.0535794,0.0,0.38896853,0.0,0.0,0.0,0.0,0.0,0.0,0.0,0.0
4,0,0.5574521,0.0535794,0.0,0.38896853,0.0,0.0,0.0,0.0,0.0,0.0,0.0,0.0
4,0,0.5574521,0.0535794,0.0,0.38896853,0.0,0.0,0.0,0.0,0.0,0.0,0.0,0.0
4,0,0.5574521,0.0535794,0.0,0.38896853,0.0,0.0,0.0,0.0,0.0,0.0,0.0,0.0
4,0,0.5574521,0.0535794,0.0,0.38896853,0.0,0.0,0.0,0.0,0.0,0.0,0.0,0.0
4,0,0.5574521,0.0535794,0.0,0.38896853,0.0,0.0,0.0,0.0,0.0,0.0,0.0,0.0
4,0,0.5574521,0.0535794,0.0,0.38896853,0.0,0.0,0.0,0.0,0.0,0.0,0.0,0.0
4,0,0.5574521,0.0535794,0.0,0.38896853,0.0,0.0,0.0,0.0,0.0,0.0,0.0,0.0
4,0,0.5574521,0.0535794,0.0,0.38896853,0.0,0.0,0.0,0.0,0.0,0.0,0.0,0.0
4,0,0.5574521,0.0535794,0.0,0.38896853,0.0,0.0,0.0,0.0,0.0,0.0,0.0,0.0
4,0,0.5574521,0.0535794,0.0,0.38896853,0.0,0.0,0.0,0.0,0.0,0.0,0.0,0.0
4,0,0.5574521,0.0535794,0.0,0.38896853,0.0,0.0,0.0,0.0,0.0,0.0,0.0,0.0
4,0,0.5574521,0.0535794,0.0,0.38896853,0.0,0.0,0.0,0.0,0.0,0.0,0.0,0.0
4,0,0.5574521,0.0535794,0.0,0.38896853,0.0,0.0,0.0,0.0,0.0,0.0,0.0,0.0
4,0,0.5574521,0.0535794,0.0,0.38896853,0.0,0.0,0.0,0.0,0.0,0.0,0.0,0.0
4,0,0.5574521,0.0535794,0.0,0.38896853,0.0,0.0,0.0,0.0,0.0,0.0,0.0,0.0
4,0,0.5574521,0.0535794,0.0,0.38896853,0.0,0.0,0.0,0.0,0.0,0.0,0.0,0.0
4,0,0.5574521,0.0535794,0.0,0.38896853,0.0,0.0,0.0,0.0,0.0,0.0,0.0,0.0
4,0,0.5574521,0.0535794,0.0,0.38896853,0.0,0.0,0.0,0.0,0.0,0.0,0.0,0.0
4,0,0.5574521,0.0535794,0.0,0.38896853,0.0,0.0,0.0,0.0,0.0,0.0,0.0,0.0
4,0,0.7070709,0.053579405,0.0,0.23934972,0.0,0.0,0.0,0.0,0.0,0.0,0.0,0.0
4,0,0.7070709,0.053579405,0.0,0.23934972,0.0,0.0,0.0,0.0,0.0,0.0,0.0,0.0
4,0,0.7070709,0.053579405,0.0,0.23934972,0.0,0.0,0.0,0.0,0.0,0.0,0.0,0.0
4,0,0.7070709,0.053579405,0.0,0.23934972,0.0,0.0,0.0,0.0,0.0,0.0,0.0,0.0
4,0,0.7070709,0.053579405,0.0,0.23934972,0.0,0.0,0.0,0.0,0.0,0.0,0.0,0.0
4,0,0.7070709,0.053579405,0.0,0.23934972,0.0,0.0,0.0,0.0,0.0,0.0,0.0,0.0
4,0,0.7070709,0.053579405,0.0,0.23934972,0.0,0.0,0.0,0.0,0.0,0.0,0.0,0.0
4,0,0.7070709,0.053579405,0.0,0.23934972,0.0,0.0,0.0,0.0,0.0,0.0,0.0,0.0
4,0,0.7070709,0.053579405,0.0,0.23934972,0.0,0.0,0.0,0.0,0.0,0.0,0.0,0.0
4,0,0.7070709,0.053579405,0.0,0.23934972,0.0,0.0,0.0,0.0,0.0,0.0,0.0,0.0
4,0,0.7070709,0.053579405,0.0,0.23934972,0.0,0.0,0.0,0.0,0.0,0.0,0.0,0.0
4,0,0.7070709,0.053579405,0.0,0.23934972,0.0,0.0,0.0,0.0,0.0,0.0,0.0,0.0
4,0,0.7070709,0.053579405,0.0,0.23934972,0.0,0.0,0.0,0.0,0.0,0.0,0.0,0.0
4,0,0.7070709,0.053579405,0.0,0.23934972,0.0,0.0,0.0,0.0,0.0,0.0,0.0,0.0
4,0,0.7070709,0.053579405,0.0,0.23934972,0.0,0.0,0.0,0.0,0.0,0.0,0.0,0.0
4,0,0.7070709,0.053579405,0.0,0.23934972,0.0,0.0,0.0,0.0,0.0,0.0,0.0,0.0
4,0,0.7591933,0.053579405,0.0,0.1872273,0.0,0.0,0.0,0.0,0.0,0.0,0.0,0.0
4,0,0.7591933,0.053579405,0.0,0.1872273,0.0,0.0,0.0,0.0,0.0,0.0,0.0,0.0
4,0,0.7591933,0.053579405,0.0,0.1872273,0.0,0.0,0.0,0.0,0.0,0.0,0.0,0.0
4,0,0.7591933,0.053579405,0.0,0.1872273,0.0,0.0,0.0,0.0,0.0,0.0,0.0,0.0
4,0,0.7591933,0.053579405,0.0,0.1872273,0.0,0.0,0.0,0.0,0.0,0.0,0.0,0.0
4,0,0.7591933,0.053579405,0.0,0.1872273,0.0,0.0,0.0,0.0,0.0,0.0,0.0,0.0
4,0,0.7591933,0.053579405,0.0,0.1872273,0.0,0.0,0.0,0.0,0.0,0.0,0.0,0.0
4,0,0.7591933,0.053579405,0.0,0.1872273,0.0,0.0,0.0,0.0,0.0,0.0,0.0,0.0
4,0,0.7591933,0.053579405,0.0,0.1872273,0.0,0.0,0.0,0.0,0.0,0.0,0.0,0.0
4,0,0.7591933,0.053579405,0.0,0.1872273,0.0,0.0,0.0,0.0,0.0,0.0,0.0,0.0
4,0,0.7591933,0.053579405,0.0,0.1872273,0.0,0.0,0.0,0.0,0.0,0.0,0.0,0.0
4,0,0.7591933,0.053579405,0.0,0.1872273,0.0,0.0,0.0,0.0,0.0,0.0,0.0,0.0
4,0,0.7591933,0.053579405,0.0,0.1872273,0.0,0.0,0.0,0.0,0.0,0.0,0.0,0.0
4,0,0.7591933,0.053579405,0.0,0.1872273,0.0,0.0,0.0,0.0,0.0,0.0,0.0,0.0
4,0,0.7591933,0.053579405,0.0,0.1872273,0.0,0.0,0.0,0.0,0.0,0.0,0.0,0.0
4,0,0.7591933,0.053579405,0.0,0.1872273,0.0,0.0,0.0,0.0,0.0,0.0,0.0,0.0
4,0,0.78802615,0.053579405,0.0,0.15839446,0.0,0.0,0.0,0.0,0.0,0.0,0.0,0.0
4,0,0.78802615,0.053579405,0.0,0.15839446,0.0,0.0,0.0,0.0,0.0,0.0,0.0,0.0
4,0,0.78802615,0.053579405,0.0,0.15839446,0.0,0.0,0.0,0.0,0.0,0.0,0.0,0.0
4,0,0.78802615,0.053579405,0.0,0.15839446,0.0,0.0,0.0,0.0,0.0,0.0,0.0,0.0
4,0,0.78802615,0.053579405,0.0,0.15839446,0.0,0.0,0.0,0.0,0.0,0.0,0.0,0.0
4,0,0.78802615,0.053579405,0.0,0.15839446,0.0,0.0,0.0,0.0,0.0,0.0,0.0,0.0
4,0,0.78802615,0.053579405,0.0,0.15839446,0.0,0.0,0.0,0.0,0.0,0.0,0.0,0.0
4,0,0.78802615,0.053579405,0.0,0.15839446,0.0,0.0,0.0,0.0,0.0,0.0,0.0,0.0
4,0,0.80289406,0.053579405,0.0,0.14352658,0.0,0.0,0.0,0.0,0.0,0.0,0.0,0.0
4,0,0.80289406,0.053579405,0.0,0.14352658,0.0,0.0,0.0,0.0,0.0,0.0,0.0,0.0
4,0,0.80289406,0.053579405,0.0,0.14352658,0.0,0.0,0.0,0.0,0.0,0.0,0.0,0.0
4,0,0.80289406,0.053579405,0.0,0.14352658,0.0,0.0,0.0,0.0,0.0,0.0,0.0,0.0
4,0,0.80289406,0.053579405,0.0,0.14352658,0.0,0.0,0.0,0.0,0.0,0.0,0.0,0.0
4,0,0.80289406,0.053579405,0.0,0.14352658,0.0,0.0,0.0,0.0,0.0,0.0,0.0,0.0
4,0,0.80289406,0.053579405,0.0,0.14352658,0.0,0.0,0.0,0.0,0.0,0.0,0.0,0.0
4,0,0.80289406,0.053579405,0.0,0.14352658,0.0,0.0,0.0,0.0,0.0,0.0,0.0,0.0
4,0,0.80289406,0.053579405,0.0,0.14352658,0.0,0.0,0.0,0.0,0.0,0.0,0.0,0.0
4,0,0.80289406,0.053579405,0.0,0.14352658,0.0,0.0,0.0,0.0,0.0,0.0,0.0,0.0
4,0,0.80289406,0.053579405,0.0,0.14352658,0.0,0.0,0.0,0.0,0.0,0.0,0.0,0.0
4,0,0.80289406,0.053579405,0.0,0.14352658,0.0,0.0,0.0,0.0,0.0,0.0,0.0,0.0
4,0,0.80289406,0.053579405,0.0,0.14352658,0.0,0.0,0.0,0.0,0.0,0.0,0.0,0.0
4,0,0.80289406,0.053579405,0.0,0.14352658,0.0,0.0,0.0,0.0,0.0,0.0,0.0,0.0
4,0,0.80289406,0.053579405,0.0,0.14352658,0.0,0.0,0.0,0.0,0.0,0.0,0.0,0.0
4,0,0.80289406,0.053579405,0.0,0.14352658,0.0,0.0,0.0,0.0,0.0,0.0,0.0,0.0
4,0,0.80289406,0.053579405,0.0,0.14352658,0.0,0.0,0.0,0.0,0.0,0.0,0.0,0.0
4,0,0.80289406,0.053579405,0.0,0.14352658,0.0,0.0,0.0,0.0,0.0,0.0,0.0,0.0
4,0,0.80289406,0.053579405,0.0,0.14352658,0.0,0.0,0.0,0.0,0.0,0.0,0.0,0.0
4,0,0.80289406,0.053579405,0.0,0.14352658,0.0,0.0,0.0,0.0,0.0,0.0,0.0,0.0
4,0,0.80289406,0.053579405,0.0,0.14352658,0.0,0.0,0.0,0.0,0.0,0.0,0.0,0.0
4,0,0.80289406,0.053579405,0.0,0.14352658,0.0,0.0,0.0,0.0,0.0,0.0,0.0,0.0
4,0,0.80289406,0.053579405,0.0,0.14352658,0.0,0.0,0.0,0.0,0.0,0.0,0.0,0.0
4,0,0.80289406,0.053579405,0.0,0.14352658,0.0,0.0,0.0,0.0,0.0,0.0,0.0,0.0
4,0,0.77406126,0.05357941,0.0,0.1435266,0.028832816,0.0,0.0,0.0,0.0,0.0,0.0,0.0
4,0,0.77406126,0.05357941,0.0,0.1435266,0.028832816,0.0,0.0,0.0,0.0,0.0,0.0,0.0
4,0,0.77406126,0.05357941,0.0,0.1435266,0.028832816,0.0,0.0,0.0,0.0,0.0,0.0,0.0
4,0,0.77406126,0.05357941,0.0,0.1435266,0.028832816,0.0,0.0,0.0,0.0,0.0,0.0,0.0
4,0,0.77406126,0.05357941,0.0,0.1435266,0.028832816,0.0,0.0,0.0,0.0,0.0,0.0,0.0
4,0,0.77406126,0.05357941,0.0,0.1435266,0.028832816,0.0,0.0,0.0,0.0,0.0,0.0,0.0
4,0,0.77406126,0.05357941,0.0,0.1435266,0.028832816,0.0,0.0,0.0,0.0,0.0,0.0,0.0
4,0,0.77406126,0.05357941,0.0,0.1435266,0.028832816,0.0,0.0,0.0,0.0,0.0,0.0,0.0
4,0,0.77406126,0.05357941,0.0,0.1435266,0.028832816,0.0,0.0,0.0,0.0,0.0,0.0,0.0
4,0,0.77406126,0.05357941,0.0,0.1435266,0.028832816,0.0,0.0,0.0,0.0,0.0,0.0,0.0
4,0,0.77406126,0.05357941,0.0,0.1435266,0.028832816,0.0,0.0,0.0,0.0,0.0,0.0,0.0
4,0,0.77406126,0.05357941,0.0,0.1435266,0.028832816,0.0,0.0,0.0,0.0,0.0,0.0,0.0
4,0,0.77406126,0.05357941,0.0,0.1435266,0.028832816,0.0,0.0,0.0,0.0,0.0,0.0,0.0
4,0,0.77406126,0.05357941,0.0,0.1435266,0.028832816,0.0,0.0,0.0,0.0,0.0,0.0,0.0
4,0,0.77406126,0.05357941,0.0,0.1435266,0.028832816,0.0,0.0,0.0,0.0,0.0,0.0,0.0
4,0,0.77406126,0.05357941,0.0,0.1435266,0.028832816,0.0,0.0,0.0,0.0,0.0,0.0,0.0
4,0,0.77406126,0.05357941,0.0,0.1435266,0.028832816,0.0,0.0,0.0,0.0,0.0,0.0,0.0
4,0,0.77406126,0.05357941,0.0,0.1435266,0.028832816,0.0,0.0,0.0,0.0,0.0,0.0,0.0
4,0,0.77406126,0.05357941,0.0,0.1435266,0.028832816,0.0,0.0,0.0,0.0,0.0,0.0,0.0
4,0,0.77406126,0.05357941,0.0,0.1435266,0.028832816,0.0,0.0,0.0,0.0,0.0,0.0,0.0
4,0,0.77406126,0.05357941,0.0,0.1435266,0.028832816,0.0,0.0,0.0,0.0,0.0,0.0,0.0
4,0,0.77406126,0.05357941,0.0,0.1435266,0.028832816,0.0,0.0,0.0,0.0,0.0,0.0,0.0
4,0,0.77406126,0.05357941,0.0,0.1435266,0.028832816,0.0,0.0,0.0,0.0,0.0,0.0,0.0
4,0,0.77406126,0.05357941,0.0,0.1435266,0.028832816,0.0,0.0,0.0,0.0,0.0,0.0,0.0
4,0,0.77406126,0.05357941,0.0,0.1435266,0.028832816,0.0,0.0,0.0,0.0,0.0,0.0,0.0
4,0,0.77406126,0.05357941,0.0,0.1435266,0.028832816,0.0,0.0,0.0,0.0,0.0,0.0,0.0
4,0,0.77406126,0.05357941,0.0,0.1435266,0.028832816,0.0,0.0,0.0,0.0,0.0,0.0,0.0
4,0,0.77406126,0.05357941,0.0,0.1435266,0.028832816,0.0,0.0,0.0,0.0,0.0,0.0,0.0
4,0,0.77406126,0.05357941,0.0,0.1435266,0.028832816,0.0,0.0,0.0,0.0,0.0,0.0,0.0
4,0,0.77406126,0.05357941,0.0,0.1435266,0.028832816,0.0,0.0,0.0,0.0,0.0,0.0,0.0
4,0,0.77406126,0.05357941,0.0,0.1435266,0.028832816,0.0,0.0,0.0,0.0,0.0,0.0,0.0
4,0,0.77406126,0.05357941,0.0,0.1435266,0.028832816,0.0,0.0,0.0,0.0,0.0,0.0,0.0
4,0,0.77406126,0.05357941,0.0,0.1435266,0.028832816,0.0,0.0,0.0,0.0,0.0,0.0,0.0
4,0,0.77406126,0.05357941,0.0,0.1435266,0.028832816,0.0,0.0,0.0,0.0,0.0,0.0,0.0
4,0,0.77406126,0.05357941,0.0,0.1435266,0.028832816,0.0,0.0,0.0,0.0,0.0,0.0,0.0
4,0,0.77406126,0.05357941,0.0,0.1435266,0.028832816,0.0,0.0,0.0,0.0,0.0,0.0,0.0
4,0,0.77406126,0.05357941,0.0,0.1435266,0.028832816,0.0,0.0,0.0,0.0,0.0,0.0,0.0
4,0,0.77406126,0.05357941,0.0,0.1435266,0.028832816,0.0,0.0,0.0,0.0,0.0,0.0,0.0
4,0,0.77406126,0.05357941,0.0,0.1435266,0.028832816,0.0,0.0,0.0,0.0,0.0,0.0,0.0
4,0,0.77406126,0.05357941,0.0,0.1435266,0.028832816,0.0,0.0,0.0,0.0,0.0,0.0,0.0
4,0,0.77406126,0.05357941,0.0,0.1435266,0.028832816,0.0,0.0,0.0,0.0,0.0,0.0,0.0
4,0,0.77406126,0.05357941,0.0,0.1435266,0.028832816,0.0,0.0,0.0,0.0,0.0,0.0,0.0
4,0,0.77406126,0.05357941,0.0,0.1435266,0.028832816,0.0,0.0,0.0,0.0,0.0,0.0,0.0
4,0,0.77406126,0.05357941,0.0,0.1435266,0.028832816,0.0,0.0,0.0,0.0,0.0,0.0,0.0
4,0,0.77406126,0.05357941,0.0,0.1435266,0.028832816,0.0,0.0,0.0,0.0,0.0,0.0,0.0
4,0,0.77406126,0.05357941,0.0,0.1435266,0.028832816,0.0,0.0,0.0,0.0,0.0,0.0,0.0
4,0,0.77406126,0.05357941,0.0,0.1435266,0.028832816,0.0,0.0,0.0,0.0,0.0,0.0,0.0
4,0,0.77406126,0.05357941,0.0,0.1435266,0.028832816,0.0,0.0,0.0,0.0,0.0,0.0,0.0
4,0,0.77406126,0.05357941,0.0,0.1435266,0.028832816,0.0,0.0,0.0,0.0,0.0,0.0,0.0
4,0,0.77406126,0.05357941,0.0,0.1435266,0.028832816,0.0,0.0,0.0,0.0,0.0,0.0,0.0
4,0,0.77406126,0.05357941,0.0,0.1435266,0.028832816,0.0,0.0,0.0,0.0,0.0,0.0,0.0
4,0,0.77406126,0.05357941,0.0,0.1435266,0.028832816,0.0,0.0,0.0,0.0,0.0,0.0,0.0
4,0,0.77406126,0.05357941,0.0,0.1435266,0.028832816,0.0,0.0,0.0,0.0,0.0,0.0,0.0
4,0,0.77406126,0.05357941,0.0,0.1435266,0.028832816,0.0,0.0,0.0,0.0,0.0,0.0,0.0
4,0,0.77406126,0.05357941,0.0,0.1435266,0.028832816,0.0,0.0,0.0,0.0,0.0,0.0,0.0
4,0,0.77406126,0.05357941,0.0,0.1435266,0.028832816,0.0,0.0,0.0,0.0,0.0,0.0,0.0
4,0,0.77406126,0.05357941,0.0,0.1435266,0.028832816,0.0,0.0,0.0,0.0,0.0,0.0,0.0
4,0,0.77406126,0.05357941,0.0,0.1435266,0.028832816,0.0,0.0,0.0,0.0,0.0,0.0,0.0
4,0,0.77406126,0.05357941,0.0,0.1435266,0.028832816,0.0,0.0,0.0,0.0,0.0,0.0,0.0
4,0,0.77406126,0.05357941,0.0,0.1435266,0.028832816,0.0,0.0,0.0,0.0,0.0,0.0,0.0
4,0,0.77406126,0.05357941,0.0,0.1435266,0.028832816,0.0,0.0,0.0,0.0,0.0,0.0,0.0
4,0,0.77406126,0.05357941,0.0,0.1435266,0.028832816,0.0,0.0,0.0,0.0,0.0,0.0,0.0
4,0,0.77406126,0.05357941,0.0,0.1435266,0.028832816,0.0,0.0,0.0,0.0,0.0,0.0,0.0
4,0,0.77406126,0.05357941,0.0,0.1435266,0.028832816,0.0,0.0,0.0,0.0,0.0,0.0,0.0
4,0,0.77406126,0.05357941,0.0,0.1435266,0.028832816,0.0,0.0,0.0,0.0,0.0,0.0,0.0
4,0,0.77406126,0.05357941,0.0,0.1435266,0.028832816,0.0,0.0,0.0,0.0,0.0,0.0,0.0
4,0,0.77406126,0.05357941,0.0,0.1435266,0.028832816,0.0,0.0,0.0,0.0,0.0,0.0,0.0
4,0,0.77406126,0.05357941,0.0,0.1435266,0.028832816,0.0,0.0,0.0,0.0,0.0,0.0,0.0
4,0,0.77406126,0.05357941,0.0,0.1435266,0.028832816,0.0,0.0,0.0,0.0,0.0,0.0,0.0
4,0,0.77406126,0.05357941,0.0,0.1435266,0.028832816,0.0,0.0,0.0,0.0,0.0,0.0,0.0
4,0,0.77406126,0.05357941,0.0,0.1435266,0.028832816,0.0,0.0,0.0,0.0,0.0,0.0,0.0
4,0,0.77406126,0.05357941,0.0,0.1435266,0.028832816,0.0,0.0,0.0,0.0,0.0,0.0,0.0
4,0,0.77406126,0.05357941,0.0,0.1435266,0.028832816,0.0,0.0,0.0,0.0,0.0,0.0,0.0
4,0,0.77406126,0.05357941,0.0,0.1435266,0.028832816,0.0,0.0,0.0,0.0,0.0,0.0,0.0
4,0,0.77406126,0.05357941,0.0,0.1435266,0.028832816,0.0,0.0,0.0,0.0,0.0,0.0,0.0
4,0,0.77406126,0.05357941,0.0,0.1435266,0.028832816,0.0,0.0,0.0,0.0,0.0,0.0,0.0
4,0,0.77406126,0.05357941,0.0,0.1435266,0.028832816,0.0,0.0,0.0,0.0,0.0,0.0,0.0
4,0,0.77406126,0.05357941,0.0,0.1435266,0.028832816,0.0,0.0,0.0,0.0,0.0,0.0,0.0
4,0,0.7922336,0.04927,0.0,0.13198271,0.026513783,0.0,0.0,0.0,0.0,0.0,0.0,0.0
4,0,0.7922336,0.04927,0.0,0.13198271,0.026513783,0.0,0.0,0.0,0.0,0.0,0.0,0.0
4,0,0.7922336,0.04927,0.0,0.13198271,0.026513783,0.0,0.0,0.0,0.0,0.0,0.0,0.0
4,0,0.7922336,0.04927,0.0,0.13198271,0.026513783,0.0,0.0,0.0,0.0,0.0,0.0,0.0
4,0,0.7922336,0.04927,0.0,0.13198271,0.026513783,0.0,0.0,0.0,0.0,0.0,0.0,0.0
4,0,0.7922336,0.04927,0.0,0.13198271,0.026513783,0.0,0.0,0.0,0.0,0.0,0.0,0.0
4,0,0.7922336,0.04927,0.0,0.13198271,0.026513783,0.0,0.0,0.0,0.0,0.0,0.0,0.0
4,0,0.7922336,0.04927,0.0,0.13198271,0.026513783,0.0,0.0,0.0,0.0,0.0,0.0,0.0
4,0,0.7922336,0.04927,0.0,0.13198271,0.026513783,0.0,0.0,0.0,0.0,0.0,0.0,0.0
4,0,0.7922336,0.04927,0.0,0.13198271,0.026513783,0.0,0.0,0.0,0.0,0.0,0.0,0.0
4,0,0.7922336,0.04927,0.0,0.13198271,0.026513783,0.0,0.0,0.0,0.0,0.0,0.0,0.0
4,0,0.7922336,0.04927,0.0,0.13198271,0.026513783,0.0,0.0,0.0,0.0,0.0,0.0,0.0
4,0,0.7922336,0.04927,0.0,0.13198271,0.026513783,0.0,0.0,0.0,0.0,0.0,0.0,0.0
4,0,0.7922336,0.04927,0.0,0.13198271,0.026513783,0.0,0.0,0.0,0.0,0.0,0.0,0.0
4,0,0.7922336,0.04927,0.0,0.13198271,0.026513783,0.0,0.0,0.0,0.0,0.0,0.0,0.0
4,0,0.7922336,0.04927,0.0,0.13198271,0.026513783,0.0,0.0,0.0,0.0,0.0,0.0,0.0
4,0,0.7922336,0.04927,0.0,0.13198271,0.026513783,0.0,0.0,0.0,0.0,0.0,0.0,0.0
4,0,0.7922336,0.04927,0.0,0.13198271,0.026513783,0.0,0.0,0.0,0.0,0.0,0.0,0.0
4,0,0.7922336,0.04927,0.0,0.13198271,0.026513783,0.0,0.0,0.0,0.0,0.0,0.0,0.0
4,0,0.7922336,0.04927,0.0,0.13198271,0.026513783,0.0,0.0,0.0,0.0,0.0,0.0,0.0
4,0,0.7922336,0.04927,0.0,0.13198271,0.026513783,0.0,0.0,0.0,0.0,0.0,0.0,0.0
4,0,0.7922336,0.04927,0.0,0.13198271,0.026513783,0.0,0.0,0.0,0.0,0.0,0.0,0.0
4,0,0.7922336,0.04927,0.0,0.13198271,0.026513783,0.0,0.0,0.0,0.0,0.0,0.0,0.0
4,0,0.7922336,0.04927,0.0,0.13198271,0.026513783,0.0,0.0,0.0,0.0,0.0,0.0,0.0
4,0,0.7922336,0.04927,0.0,0.13198271,0.026513783,0.0,0.0,0.0,0.0,0.0,0.0,0.0
4,0,0.7922336,0.04927,0.0,0.13198271,0.026513783,0.0,0.0,0.0,0.0,0.0,0.0,0.0
4,0,0.7922336,0.04927,0.0,0.13198271,0.026513783,0.0,0.0,0.0,0.0,0.0,0.0,0.0
4,0,0.7922336,0.04927,0.0,0.13198271,0.026513783,0.0,0.0,0.0,0.0,0.0,0.0,0.0
4,0,0.7922336,0.04927,0.0,0.13198271,0.026513783,0.0,0.0,0.0,0.0,0.0,0.0,0.0
4,0,0.7922336,0.04927,0.0,0.13198271,0.026513783,0.0,0.0,0.0,0.0,0.0,0.0,0.0
4,0,0.7922336,0.04927,0.0,0.13198271,0.026513783,0.0,0.0,0.0,0.0,0.0,0.0,0.0
4,0,0.7922336,0.04927,0.0,0.13198271,0.026513783,0.0,0.0,0.0,0.0,0.0,0.0,0.0
4,0,0.7922336,0.04927,0.0,0.13198271,0.026513783,0.0,0.0,0.0,0.0,0.0,0.0,0.0
4,0,0.7922336,0.04927,0.0,0.13198271,0.026513783,0.0,0.0,0.0,0.0,0.0,0.0,0.0
4,0,0.7922336,0.04927,0.0,0.13198271,0.026513783,0.0,0.0,0.0,0.0,0.0,0.0,0.0
4,0,0.7922336,0.04927,0.0,0.13198271,0.026513783,0.0,0.0,0.0,0.0,0.0,0.0,0.0
4,0,0.7922336,0.04927,0.0,0.13198271,0.026513783,0.0,0.0,0.0,0.0,0.0,0.0,0.0
4,0,0.7922336,0.04927,0.0,0.13198271,0.026513783,0.0,0.0,0.0,0.0,0.0,0.0,0.0
4,0,0.7922336,0.04927,0.0,0.13198271,0.026513783,0.0,0.0,0.0,0.0,0.0,0.0,0.0
4,0,0.7922336,0.04927,0.0,0.13198271,0.026513783,0.0,0.0,0.0,0.0,0.0,0.0,0.0
4,0,0.7922336,0.04927,0.0,0.13198271,0.026513783,0.0,0.0,0.0,0.0,0.0,0.0,0.0
4,0,0.7922336,0.04927,0.0,0.13198271,0.026513783,0.0,0.0,0.0,0.0,0.0,0.0,0.0
4,0,0.7922336,0.04927,0.0,0.13198271,0.026513783,0.0,0.0,0.0,0.0,0.0,0.0,0.0
4,0,0.7922336,0.04927,0.0,0.13198271,0.026513783,0.0,0.0,0.0,0.0,0.0,0.0,0.0
4,0,0.7922336,0.04927,0.0,0.13198271,0.026513783,0.0,0.0,0.0,0.0,0.0,0.0,0.0
4,0,0.7922336,0.04927,0.0,0.13198271,0.026513783,0.0,0.0,0.0,0.0,0.0,0.0,0.0
4,0,0.7922336,0.04927,0.0,0.13198271,0.026513783,0.0,0.0,0.0,0.0,0.0,0.0,0.0
4,0,0.7922336,0.04927,0.0,0.13198271,0.026513783,0.0,0.0,0.0,0.0,0.0,0.0,0.0
4,0,0.7922336,0.04927,0.0,0.13198271,0.026513783,0.0,0.0,0.0,0.0,0.0,0.0,0.0
4,0,0.7922336,0.04927,0.0,0.13198271,0.026513783,0.0,0.0,0.0,0.0,0.0,0.0,0.0
4,0,0.7922336,0.04927,0.0,0.13198271,0.026513783,0.0,0.0,0.0,0.0,0.0,0.0,0.0
4,0,0.7922336,0.04927,0.0,0.13198271,0.026513783,0.0,0.0,0.0,0.0,0.0,0.0,0.0
4,0,0.7922336,0.04927,0.0,0.13198271,0.026513783,0.0,0.0,0.0,0.0,0.0,0.0,0.0
4,0,0.7922336,0.04927,0.0,0.13198271,0.026513783,0.0,0.0,0.0,0.0,0.0,0.0,0.0
4,0,0.7922336,0.04927,0.0,0.13198271,0.026513783,0.0,0.0,0.0,0.0,0.0,0.0,0.0
4,0,0.7922336,0.04927,0.0,0.13198271,0.026513783,0.0,0.0,0.0,0.0,0.0,0.0,0.0
4,0,0.7922336,0.04927,0.0,0.13198271,0.026513783,0.0,0.0,0.0,0.0,0.0,0.0,0.0
4,0,0.7922336,0.04927,0.0,0.13198271,0.026513783,0.0,0.0,0.0,0.0,0.0,0.0,0.0
4,0,0.7922336,0.04927,0.0,0.13198271,0.026513783,0.0,0.0,0.0,0.0,0.0,0.0,0.0
4,0,0.7922336,0.04927,0.0,0.13198271,0.026513783,0.0,0.0,0.0,0.0,0.0,0.0,0.0
4,0,0.7922336,0.04927,0.0,0.13198271,0.026513783,0.0,0.0,0.0,0.0,0.0,0.0,0.0
4,0,0.7922336,0.04927,0.0,0.13198271,0.026513783,0.0,0.0,0.0,0.0,0.0,0.0,0.0
4,0,0.7922336,0.04927,0.0,0.13198271,0.026513783,0.0,0.0,0.0,0.0,0.0,0.0,0.0
4,0,0.7922336,0.04927,0.0,0.13198271,0.026513783,0.0,0.0,0.0,0.0,0.0,0.0,0.0
4,0,0.7922336,0.04927,0.0,0.13198271,0.026513783,0.0,0.0,0.0,0.0,0.0,0.0,0.0
4,0,0.7922336,0.04927,0.0,0.13198271,0.026513783,0.0,0.0,0.0,0.0,0.0,0.0,0.0
4,0,0.7922336,0.04927,0.0,0.13198271,0.026513783,0.0,0.0,0.0,0.0,0.0,0.0,0.0
4,0,0.7922336,0.04927,0.0,0.13198271,0.026513783,0.0,0.0,0.0,0.0,0.0,0.0,0.0
4,0,0.7922336,0.04927,0.0,0.13198271,0.026513783,0.0,0.0,0.0,0.0,0.0,0.0,0.0
4,0,0.7922336,0.04927,0.0,0.13198271,0.026513783,0.0,0.0,0.0,0.0,0.0,0.0,0.0
4,0,0.7922336,0.04927,0.0,0.13198271,0.026513783,0.0,0.0,0.0,0.0,0.0,0.0,0.0
4,0,0.7922336,0.04927,0.0,0.13198271,0.026513783,0.0,0.0,0.0,0.0,0.0,0.0,0.0
4,0,0.7922336,0.04927,0.0,0.13198271,0.026513783,0.0,0.0,0.0,0.0,0.0,0.0,0.0
4,0,0.7922336,0.04927,0.0,0.13198271,0.026513783,0.0,0.0,0.0,0.0,0.0,0.0,0.0
4,0,0.7922336,0.04927,0.0,0.13198271,0.026513783,0.0,0.0,0.0,0.0,0.0,0.0,0.0
4,0,0.7922336,0.04927,0.0,0.13198271,0.026513783,0.0,0.0,0.0,0.0,0.0,0.0,0.0
4,0,0.7922336,0.04927,0.0,0.13198271,0.026513783,0.0,0.0,0.0,0.0,0.0,0.0,0.0
4,0,0.7922336,0.04927,0.0,0.13198271,0.026513783,0.0,0.0,0.0,0.0,0.0,0.0,0.0
4,0,0.7922336,0.0,0.0,0.1812527,0.026513783,0.0,0.0,0.0,0.0,0.0,0.0,0.0
4,0,0.7922336,0.0,0.0,0.1812527,0.026513783,0.0,0.0,0.0,0.0,0.0,0.0,0.0
4,0,0.7922336,0.0,0.0,0.1812527,0.026513783,0.0,0.0,0.0,0.0,0.0,0.0,0.0
4,0,0.7922336,0.0,0.0,0.1812527,0.026513783,0.0,0.0,0.0,0.0,0.0,0.0,0.0
4,0,0.7922335,0.0,0.0,0.20776649,0.0,0.0,0.0,0.0,0.0,0.0,0.0,0.0
4,0,0.7922335,0.0,0.0,0.20776649,0.0,0.0,0.0,0.0,0.0,0.0,0.0,0.0
4,0,0.7922335,0.0,0.0,0.20776649,0.0,0.0,0.0,0.0,0.0,0.0,0.0,0.0
4,0,0.7922335,0.0,0.0,0.20776649,0.0,0.0,0.0,0.0,0.0,0.0,0.0,0.0
4,0,0.7922335,0.0,0.0,0.20776649,0.0,0.0,0.0,0.0,0.0,0.0,0.0,0.0
4,0,0.7922335,0.0,0.0,0.20776649,0.0,0.0,0.0,0.0,0.0,0.0,0.0,0.0
4,0,0.7922335,0.0,0.0,0.20776649,0.0,0.0,0.0,0.0,0.0,0.0,0.0,0.0
4,0,0.7922335,0.0,0.0,0.20776649,0.0,0.0,0.0,0.0,0.0,0.0,0.0,0.0
4,0,0.7922335,0.0,0.0,0.20776649,0.0,0.0,0.0,0.0,0.0,0.0,0.0,0.0
4,0,0.7922335,0.0,0.0,0.20776649,0.0,0.0,0.0,0.0,0.0,0.0,0.0,0.0
4,0,0.7922335,0.0,0.0,0.20776649,0.0,0.0,0.0,0.0,0.0,0.0,0.0,0.0
4,0,0.7922335,0.0,0.0,0.20776649,0.0,0.0,0.0,0.0,0.0,0.0,0.0,0.0
4,0,0.7922335,0.0,0.0,0.20776649,0.0,0.0,0.0,0.0,0.0,0.0,0.0,0.0
4,0,0.7922335,0.0,0.0,0.20776649,0.0,0.0,0.0,0.0,0.0,0.0,0.0,0.0
4,0,0.7922335,0.0,0.0,0.20776649,0.0,0.0,0.0,0.0,0.0,0.0,0.0,0.0
4,0,0.7922335,0.0,0.0,0.20776649,0.0,0.0,0.0,0.0,0.0,0.0,0.0,0.0
4,0,0.7443033,0.0,0.0,0.25569674,0.0,0.0,0.0,0.0,0.0,0.0,0.0,0.0
4,0,0.7443033,0.0,0.0,0.25569674,0.0,0.0,0.0,0.0,0.0,0.0,0.0,0.0
4,0,0.7443033,0.0,0.0,0.25569674,0.0,0.0,0.0,0.0,0.0,0.0,0.0,0.0
4,0,0.7443033,0.0,0.0,0.25569674,0.0,0.0,0.0,0.0,0.0,0.0,0.0,0.0
4,0,0.7443033,0.0,0.0,0.25569674,0.0,0.0,0.0,0.0,0.0,0.0,0.0,0.0
4,0,0.7443033,0.0,0.0,0.25569674,0.0,0.0,0.0,0.0,0.0,0.0,0.0,0.0
4,0,0.7443033,0.0,0.0,0.25569674,0.0,0.0,0.0,0.0,0.0,0.0,0.0,0.0
4,0,0.7443033,0.0,0.0,0.25569674,0.0,0.0,0.0,0.0,0.0,0.0,0.0,0.0
4,0,0.7443033,0.0,0.0,0.25569674,0.0,0.0,0.0,0.0,0.0,0.0,0.0,0.0
4,0,0.7443033,0.0,0.0,0.25569674,0.0,0.0,0.0,0.0,0.0,0.0,0.0,0.0
4,0,0.7443033,0.0,0.0,0.25569674,0.0,0.0,0.0,0.0,0.0,0.0,0.0,0.0
4,0,0.7443033,0.0,0.0,0.25569674,0.0,0.0,0.0,0.0,0.0,0.0,0.0,0.0
4,0,0.7443033,0.0,0.0,0.25569674,0.0,0.0,0.0,0.0,0.0,0.0,0.0,0.0
4,0,0.7443033,0.0,0.0,0.25569674,0.0,0.0,0.0,0.0,0.0,0.0,0.0,0.0
4,0,0.7443033,0.0,0.0,0.25569674,0.0,0.0,0.0,0.0,0.0,0.0,0.0,0.0
4,0,0.7443033,0.0,0.0,0.25569674,0.0,0.0,0.0,0.0,0.0,0.0,0.0,0.0
4,0,0.7443033,0.0,0.0,0.25569674,0.0,0.0,0.0,0.0,0.0,0.0,0.0,0.0
4,0,0.7443033,0.0,0.0,0.25569674,0.0,0.0,0.0,0.0,0.0,0.0,0.0,0.0
4,0,0.7443033,0.0,0.0,0.25569674,0.0,0.0,0.0,0.0,0.0,0.0,0.0,0.0
4,0,0.7443033,0.0,0.0,0.25569674,0.0,0.0,0.0,0.0,0.0,0.0,0.0,0.0
4,0,0.7443033,0.0,0.0,0.25569674,0.0,0.0,0.0,0.0,0.0,0.0,0.0,0.0
4,0,0.7443033,0.0,0.0,0.25569674,0.0,0.0,0.0,0.0,0.0,0.0,0.0,0.0
4,0,0.7443033,0.0,0.0,0.25569674,0.0,0.0,0.0,0.0,0.0,0.0,0.0,0.0
4,0,0.7443033,0.0,0.0,0.25569674,0.0,0.0,0.0,0.0,0.0,0.0,0.0,0.0
4,0,0.7443033,0.0,0.0,0.25569674,0.0,0.0,0.0,0.0,0.0,0.0,0.0,0.0
4,0,0.7443033,0.0,0.0,0.25569674,0.0,0.0,0.0,0.0,0.0,0.0,0.0,0.0
4,0,0.7443033,0.0,0.0,0.25569674,0.0,0.0,0.0,0.0,0.0,0.0,0.0,0.0
4,0,0.7443033,0.0,0.0,0.25569674,0.0,0.0,0.0,0.0,0.0,0.0,0.0,0.0
4,0,0.7443033,0.0,0.0,0.25569674,0.0,0.0,0.0,0.0,0.0,0.0,0.0,0.0
4,0,0.7443033,0.0,0.0,0.25569674,0.0,0.0,0.0,0.0,0.0,0.0,0.0,0.0
4,0,0.7443033,0.0,0.0,0.25569674,0.0,0.0,0.0,0.0,0.0,0.0,0.0,0.0
4,0,0.7443033,0.0,0.0,0.25569674,0.0,0.0,0.0,0.0,0.0,0.0,0.0,0.0
4,0,0.7443033,0.0,0.0,0.25569674,0.0,0.0,0.0,0.0,0.0,0.0,0.0,0.0
4,0,0.7443033,0.0,0.0,0.25569674,0.0,0.0,0.0,0.0,0.0,0.0,0.0,0.0
4,0,0.7443033,0.0,0.0,0.25569674,0.0,0.0,0.0,0.0,0.0,0.0,0.0,0.0
4,0,0.7443033,0.0,0.0,0.25569674,0.0,0.0,0.0,0.0,0.0,0.0,0.0,0.0
4,0,0.7443033,0.0,0.0,0.25569674,0.0,0.0,0.0,0.0,0.0,0.0,0.0,0.0
4,0,0.7443033,0.0,0.0,0.25569674,0.0,0.0,0.0,0.0,0.0,0.0,0.0,0.0
4,0,0.7443033,0.0,0.0,0.25569674,0.0,0.0,0.0,0.0,0.0,0.0,0.0,0.0
4,0,0.7443033,0.0,0.0,0.25569674,0.0,0.0,0.0,0.0,0.0,0.0,0.0,0.0
4,0,0.7443033,0.0,0.0,0.25569674,0.0,0.0,0.0,0.0,0.0,0.0,0.0,0.0
4,0,0.7443033,0.0,0.0,0.25569674,0.0,0.0,0.0,0.0,0.0,0.0,0.0,0.0
4,0,0.7443033,0.0,0.0,0.25569674,0.0,0.0,0.0,0.0,0.0,0.0,0.0,0.0
4,0,0.7443033,0.0,0.0,0.25569674,0.0,0.0,0.0,0.0,0.0,0.0,0.0,0.0
4,0,0.7443033,0.0,0.0,0.25569674,0.0,0.0,0.0,0.0,0.0,0.0,0.0,0.0
4,0,0.7443033,0.0,0.0,0.25569674,0.0,0.0,0.0,0.0,0.0,0.0,0.0,0.0
4,0,0.7443033,0.0,0.0,0.25569674,0.0,0.0,0.0,0.0,0.0,0.0,0.0,0.0
4,0,0.7443033,0.0,0.0,0.25569674,0.0,0.0,0.0,0.0,0.0,0.0,0.0,0.0
4,0,0.7443033,0.0,0.0,0.25569674,0.0,0.0,0.0,0.0,0.0,0.0,0.0,0.0
4,0,0.7443033,0.0,0.0,0.25569674,0.0,0.0,0.0,0.0,0.0,0.0,0.0,0.0
4,0,0.7443033,0.0,0.0,0.25569674,0.0,0.0,0.0,0.0,0.0,0.0,0.0,0.0
4,0,0.7443033,0.0,0.0,0.25569674,0.0,0.0,0.0,0.0,0.0,0.0,0.0,0.0
4,0,0.7443033,0.0,0.0,0.25569674,0.0,0.0,0.0,0.0,0.0,0.0,0.0,0.0
4,0,0.7443033,0.0,0.0,0.25569674,0.0,0.0,0.0,0.0,0.0,0.0,0.0,0.0
4,0,0.7443033,0.0,0.0,0.25569674,0.0,0.0,0.0,0.0,0.0,0.0,0.0,0.0
4,0,0.7443033,0.0,0.0,0.25569674,0.0,0.0,0.0,0.0,0.0,0.0,0.0,0.0
4,0,0.7443033,0.0,0.0,0.25569674,0.0,0.0,0.0,0.0,0.0,0.0,0.0,0.0
4,0,0.7443033,0.0,0.0,0.25569674,0.0,0.0,0.0,0.0,0.0,0.0,0.0,0.0
4,0,0.7443033,0.0,0.0,0.25569674,0.0,0.0,0.0,0.0,0.0,0.0,0.0,0.0
4,0,0.7443033,0.0,0.0,0.25569674,0.0,0.0,0.0,0.0,0.0,0.0,0.0,0.0
4,0,0.7443033,0.0,0.0,0.25569674,0.0,0.0,0.0,0.0,0.0,0.0,0.0,0.0
4,0,0.7443033,0.0,0.0,0.25569674,0.0,0.0,0.0,0.0,0.0,0.0,0.0,0.0
4,0,0.7443033,0.0,0.0,0.25569674,0.0,0.0,0.0,0.0,0.0,0.0,0.0,0.0
4,0,0.7443033,0.0,0.0,0.25569674,0.0,0.0,0.0,0.0,0.0,0.0,0.0,0.0
4,0,0.621663,0.0,0.0,0.378337,0.0,0.0,0.0,0.0,0.0,0.0,0.0,0.0
4,0,0.621663,0.0,0.0,0.378337,0.0,0.0,0.0,0.0,0.0,0.0,0.0,0.0
4,0,0.621663,0.0,0.0,0.378337,0.0,0.0,0.0,0.0,0.0,0.0,0.0,0.0
4,0,0.621663,0.0,0.0,0.378337,0.0,0.0,0.0,0.0,0.0,0.0,0.0,0.0
4,0,0.621663,0.0,0.0,0.378337,0.0,0.0,0.0,0.0,0.0,0.0,0.0,0.0
4,0,0.621663,0.0,0.0,0.378337,0.0,0.0,0.0,0.0,0.0,0.0,0.0,0.0
4,0,0.621663,0.0,0.0,0.378337,0.0,0.0,0.0,0.0,0.0,0.0,0.0,0.0
4,0,0.621663,0.0,0.0,0.378337,0.0,0.0,0.0,0.0,0.0,0.0,0.0,0.0
4,0,0.5838671,0.0,0.0,0.41613296,0.0,0.0,0.0,0.0,0.0,0.0,0.0,0.0
4,0,0.5838671,0.0,0.0,0.41613296,0.0,0.0,0.0,0.0,0.0,0.0,0.0,0.0
4,0,0.5838671,0.0,0.0,0.41613296,0.0,0.0,0.0,0.0,0.0,0.0,0.0,0.0
4,0,0.5838671,0.0,0.0,0.41613296,0.0,0.0,0.0,0.0,0.0,0.0,0.0,0.0
4,0,0.5838671,0.0,0.0,0.41613296,0.0,0.0,0.0,0.0,0.0,0.0,0.0,0.0
4,0,0.5838671,0.0,0.0,0.41613296,0.0,0.0,0.0,0.0,0.0,0.0,0.0,0.0
4,0,0.5838671,0.0,0.0,0.41613296,0.0,0.0,0.0,0.0,0.0,0.0,0.0,0.0
4,0,0.5838671,0.0,0.0,0.41613296,0.0,0.0,0.0,0.0,0.0,0.0,0.0,0.0
4,3,0.4187819,0.0,0.0,0.5812181,0.0,0.0,0.0,0.0,0.0,0.0,0.0,0.0
4,3,0.4187819,0.0,0.0,0.5812181,0.0,0.0,0.0,0.0,0.0,0.0,0.0,0.0
4,3,0.4187819,0.0,0.0,0.5812181,0.0,0.0,0.0,0.0,0.0,0.0,0.0,0.0
4,3,0.4187819,0.0,0.0,0.5812181,0.0,0.0,0.0,0.0,0.0,0.0,0.0,0.0
4,3,0.4187819,0.0,0.0,0.5812181,0.0,0.0,0.0,0.0,0.0,0.0,0.0,0.0
4,3,0.4187819,0.0,0.0,0.5812181,0.0,0.0,0.0,0.0,0.0,0.0,0.0,0.0
4,3,0.4187819,0.0,0.0,0.5812181,0.0,0.0,0.0,0.0,0.0,0.0,0.0,0.0
4,3,0.4187819,0.0,0.0,0.5812181,0.0,0.0,0.0,0.0,0.0,0.0,0.0,0.0
4,3,0.4187819,0.0,0.0,0.5812181,0.0,0.0,0.0,0.0,0.0,0.0,0.0,0.0
4,3,0.4187819,0.0,0.0,0.5812181,0.0,0.0,0.0,0.0,0.0,0.0,0.0,0.0
4,3,0.4187819,0.0,0.0,0.5812181,0.0,0.0,0.0,0.0,0.0,0.0,0.0,0.0
4,3,0.4187819,0.0,0.0,0.5812181,0.0,0.0,0.0,0.0,0.0,0.0,0.0,0.0
4,3,0.4187819,0.0,0.0,0.5812181,0.0,0.0,0.0,0.0,0.0,0.0,0.0,0.0
4,3,0.4187819,0.0,0.0,0.5812181,0.0,0.0,0.0,0.0,0.0,0.0,0.0,0.0
4,3,0.4187819,0.0,0.0,0.5812181,0.0,0.0,0.0,0.0,0.0,0.0,0.0,0.0
4,3,0.4187819,0.0,0.0,0.5812181,0.0,0.0,0.0,0.0,0.0,0.0,0.0,0.0
4,3,0.4187819,0.0,0.0,0.5812181,0.0,0.0,0.0,0.0,0.0,0.0,0.0,0.0
4,3,0.4187819,0.0,0.0,0.5812181,0.0,0.0,0.0,0.0,0.0,0.0,0.0,0.0
4,3,0.4187819,0.0,0.0,0.5812181,0.0,0.0,0.0,0.0,0.0,0.0,0.0,0.0
4,3,0.4187819,0.0,0.0,0.5812181,0.0,0.0,0.0,0.0,0.0,0.0,0.0,0.0
4,3,0.4187819,0.0,0.0,0.5812181,0.0,0.0,0.0,0.0,0.0,0.0,0.0,0.0
4,3,0.4187819,0.0,0.0,0.5812181,0.0,0.0,0.0,0.0,0.0,0.0,0.0,0.0
4,3,0.4187819,0.0,0.0,0.5812181,0.0,0.0,0.0,0.0,0.0,0.0,0.0,0.0
4,3,0.4187819,0.0,0.0,0.5812181,0.0,0.0,0.0,0.0,0.0,0.0,0.0,0.0
4,3,0.3383516,0.0,0.0,0.66164845,0.0,0.0,0.0,0.0,0.0,0.0,0.0,0.0
4,3,0.3383516,0.0,0.0,0.66164845,0.0,0.0,0.0,0.0,0.0,0.0,0.0,0.0
4,3,0.3383516,0.0,0.0,0.66164845,0.0,0.0,0.0,0.0,0.0,0.0,0.0,0.0
4,3,0.3383516,0.0,0.0,0.66164845,0.0,0.0,0.0,0.0,0.0,0.0,0.0,0.0
4,3,0.3383516,0.0,0.0,0.66164845,0.0,0.0,0.0,0.0,0.0,0.0,0.0,0.0
4,3,0.3383516,0.0,0.0,0.66164845,0.0,0.0,0.0,0.0,0.0,0.0,0.0,0.0
4,3,0.3383516,0.0,0.0,0.66164845,0.0,0.0,0.0,0.0,0.0,0.0,0.0,0.0
4,3,0.3383516,0.0,0.0,0.66164845,0.0,0.0,0.0,0.0,0.0,0.0,0.0,0.0
4,3,0.29837272,0.0,0.0,0.7016273,0.0,0.0,0.0,0.0,0.0,0.0,0.0,0.0
4,3,0.29837272,0.0,0.0,0.7016273,0.0,0.0,0.0,0.0,0.0,0.0,0.0,0.0
4,3,0.29837272,0.0,0.0,0.7016273,0.0,0.0,0.0,0.0,0.0,0.0,0.0,0.0
4,3,0.29837272,0.0,0.0,0.7016273,0.0,0.0,0.0,0.0,0.0,0.0,0.0,0.0
4,3,0.29837272,0.0,0.0,0.7016273,0.0,0.0,0.0,0.0,0.0,0.0,0.0,0.0
4,3,0.29837272,0.0,0.0,0.7016273,0.0,0.0,0.0,0.0,0.0,0.0,0.0,0.0
4,3,0.29837272,0.0,0.0,0.7016273,0.0,0.0,0.0,0.0,0.0,0.0,0.0,0.0
4,3,0.29837272,0.0,0.0,0.7016273,0.0,0.0,0.0,0.0,0.0,0.0,0.0,0.0
4,3,0.29837272,0.0,0.0,0.7016273,0.0,0.0,0.0,0.0,0.0,0.0,0.0,0.0
4,3,0.29837272,0.0,0.0,0.7016273,0.0,0.0,0.0,0.0,0.0,0.0,0.0,0.0
4,3,0.29837272,0.0,0.0,0.7016273,0.0,0.0,0.0,0.0,0.0,0.0,0.0,0.0
4,3,0.29837272,0.0,0.0,0.7016273,0.0,0.0,0.0,0.0,0.0,0.0,0.0,0.0
4,3,0.29837272,0.0,0.0,0.7016273,0.0,0.0,0.0,0.0,0.0,0.0,0.0,0.0
4,3,0.29837272,0.0,0.0,0.7016273,0.0,0.0,0.0,0.0,0.0,0.0,0.0,0.0
4,3,0.29837272,0.0,0.0,0.7016273,0.0,0.0,0.0,0.0,0.0,0.0,0.0,0.0
4,3,0.29837272,0.0,0.0,0.7016273,0.0,0.0,0.0,0.0,0.0,0.0,0.0,0.0
4,3,0.29837272,0.0,0.0,0.7016273,0.0,0.0,0.0,0.0,0.0,0.0,0.0,0.0
4,3,0.29837272,0.0,0.0,0.7016273,0.0,0.0,0.0,0.0,0.0,0.0,0.0,0.0
4,3,0.29837272,0.0,0.0,0.7016273,0.0,0.0,0.0,0.0,0.0,0.0,0.0,0.0
4,3,0.29837272,0.0,0.0,0.7016273,0.0,0.0,0.0,0.0,0.0,0.0,0.0,0.0
4,3,0.29837272,0.0,0.0,0.7016273,0.0,0.0,0.0,0.0,0.0,0.0,0.0,0.0
4,3,0.29837272,0.0,0.0,0.7016273,0.0,0.0,0.0,0.0,0.0,0.0,0.0,0.0
4,3,0.29837272,0.0,0.0,0.7016273,0.0,0.0,0.0,0.0,0.0,0.0,0.0,0.0
4,3,0.29837272,0.0,0.0,0.7016273,0.0,0.0,0.0,0.0,0.0,0.0,0.0,0.0
4,3,0.29837272,0.0,0.0,0.7016273,0.0,0.0,0.0,0.0,0.0,0.0,0.0,0.0
4,3,0.29837272,0.0,0.0,0.7016273,0.0,0.0,0.0,0.0,0.0,0.0,0.0,0.0
4,3,0.29837272,0.0,0.0,0.7016273,0.0,0.0,0.0,0.0,0.0,0.0,0.0,0.0
4,3,0.29837272,0.0,0.0,0.7016273,0.0,0.0,0.0,0.0,0.0,0.0,0.0,0.0
4,3,0.29837272,0.0,0.0,0.7016273,0.0,0.0,0.0,0.0,0.0,0.0,0.0,0.0
4,3,0.29837272,0.0,0.0,0.7016273,0.0,0.0,0.0,0.0,0.0,0.0,0.0,0.0
4,3,0.29837272,0.0,0.0,0.7016273,0.0,0.0,0.0,0.0,0.0,0.0,0.0,0.0
4,3,0.29837272,0.0,0.0,0.7016273,0.0,0.0,0.0,0.0,0.0,0.0,0.0,0.0
4,3,0.29837272,0.0,0.0,0.7016273,0.0,0.0,0.0,0.0,0.0,0.0,0.0,0.0
4,3,0.29837272,0.0,0.0,0.7016273,0.0,0.0,0.0,0.0,0.0,0.0,0.0,0.0
4,3,0.29837272,0.0,0.0,0.7016273,0.0,0.0,0.0,0.0,0.0,0.0,0.0,0.0
4,3,0.29837272,0.0,0.0,0.7016273,0.0,0.0,0.0,0.0,0.0,0.0,0.0,0.0
4,3,0.29837272,0.0,0.0,0.7016273,0.0,0.0,0.0,0.0,0.0,0.0,0.0,0.0
4,3,0.29837272,0.0,0.0,0.7016273,0.0,0.0,0.0,0.0,0.0,0.0,0.0,0.0
4,3,0.29837272,0.0,0.0,0.7016273,0.0,0.0,0.0,0.0,0.0,0.0,0.0,0.0
4,3,0.29837272,0.0,0.0,0.7016273,0.0,0.0,0.0,0.0,0.0,0.0,0.0,0.0
4,3,0.29837272,0.0,0.0,0.7016273,0.0,0.0,0.0,0.0,0.0,0.0,0.0,0.0
4,3,0.29837272,0.0,0.0,0.7016273,0.0,0.0,0.0,0.0,0.0,0.0,0.0,0.0
4,3,0.29837272,0.0,0.0,0.7016273,0.0,0.0,0.0,0.0,0.0,0.0,0.0,0.0
4,3,0.29837272,0.0,0.0,0.7016273,0.0,0.0,0.0,0.0,0.0,0.0,0.0,0.0
4,3,0.29837272,0.0,0.0,0.7016273,0.0,0.0,0.0,0.0,0.0,0.0,0.0,0.0
4,3,0.29837272,0.0,0.0,0.7016273,0.0,0.0,0.0,0.0,0.0,0.0,0.0,0.0
4,3,0.29837272,0.0,0.0,0.7016273,0.0,0.0,0.0,0.0,0.0,0.0,0.0,0.0
4,3,0.29837272,0.0,0.0,0.7016273,0.0,0.0,0.0,0.0,0.0,0.0,0.0,0.0
4,3,0.29837272,0.0,0.0,0.7016273,0.0,0.0,0.0,0.0,0.0,0.0,0.0,0.0
4,3,0.29837272,0.0,0.0,0.7016273,0.0,0.0,0.0,0.0,0.0,0.0,0.0,0.0
4,3,0.29837272,0.0,0.0,0.7016273,0.0,0.0,0.0,0.0,0.0,0.0,0.0,0.0
4,3,0.29837272,0.0,0.0,0.7016273,0.0,0.0,0.0,0.0,0.0,0.0,0.0,0.0
4,3,0.29837272,0.0,0.0,0.7016273,0.0,0.0,0.0,0.0,0.0,0.0,0.0,0.0
4,3,0.29837272,0.0,0.0,0.7016273,0.0,0.0,0.0,0.0,0.0,0.0,0.0,0.0
4,3,0.29837272,0.0,0.0,0.7016273,0.0,0.0,0.0,0.0,0.0,0.0,0.0,0.0
4,3,0.29837272,0.0,0.0,0.7016273,0.0,0.0,0.0,0.0,0.0,0.0,0.0,0.0
4,3,0.29837272,0.0,0.0,0.7016273,0.0,0.0,0.0,0.0,0.0,0.0,0.0,0.0
4,3,0.29837272,0.0,0.0,0.7016273,0.0,0.0,0.0,0.0,0.0,0.0,0.0,0.0
4,3,0.29837272,0.0,0.0,0.7016273,0.0,0.0,0.0,0.0,0.0,0.0,0.0,0.0
4,3,0.29837272,0.0,0.0,0.7016273,0.0,0.0,0.0,0.0,0.0,0.0,0.0,0.0
4,3,0.29837272,0.0,0.0,0.7016273,0.0,0.0,0.0,0.0,0.0,0.0,0.0,0.0
4,3,0.29837272,0.0,0.0,0.7016273,0.0,0.0,0.0,0.0,0.0,0.0,0.0,0.0
4,3,0.29837272,0.0,0.0,0.7016273,0.0,0.0,0.0,0.0,0.0,0.0,0.0,0.0
4,3,0.29837272,0.0,0.0,0.7016273,0.0,0.0,0.0,0.0,0.0,0.0,0.0,0.0
4,3,0.29837272,0.0,0.0,0.7016273,0.0,0.0,0.0,0.0,0.0,0.0,0.0,0.0
4,3,0.29837272,0.0,0.0,0.7016273,0.0,0.0,0.0,0.0,0.0,0.0,0.0,0.0
4,3,0.29837272,0.0,0.0,0.7016273,0.0,0.0,0.0,0.0,0.0,0.0,0.0,0.0
4,3,0.29837272,0.0,0.0,0.7016273,0.0,0.0,0.0,0.0,0.0,0.0,0.0,0.0
4,3,0.29837272,0.0,0.0,0.7016273,0.0,0.0,0.0,0.0,0.0,0.0,0.0,0.0
4,3,0.29837272,0.0,0.0,0.7016273,0.0,0.0,0.0,0.0,0.0,0.0,0.0,0.0
4,3,0.29837272,0.0,0.0,0.7016273,0.0,0.0,0.0,0.0,0.0,0.0,0.0,0.0
4,3,0.29837272,0.0,0.0,0.7016273,0.0,0.0,0.0,0.0,0.0,0.0,0.0,0.0
4,3,0.29837272,0.0,0.0,0.7016273,0.0,0.0,0.0,0.0,0.0,0.0,0.0,0.0
4,3,0.29837272,0.0,0.0,0.7016273,0.0,0.0,0.0,0.0,0.0,0.0,0.0,0.0
4,3,0.29837272,0.0,0.0,0.7016273,0.0,0.0,0.0,0.0,0.0,0.0,0.0,0.0
4,3,0.29837272,0.0,0.0,0.7016273,0.0,0.0,0.0,0.0,0.0,0.0,0.0,0.0
4,3,0.29837272,0.0,0.0,0.7016273,0.0,0.0,0.0,0.0,0.0,0.0,0.0,0.0
4,3,0.29837272,0.0,0.0,0.7016273,0.0,0.0,0.0,0.0,0.0,0.0,0.0,0.0
4,3,0.29837272,0.0,0.0,0.7016273,0.0,0.0,0.0,0.0,0.0,0.0,0.0,0.0
4,3,0.29837272,0.0,0.0,0.7016273,0.0,0.0,0.0,0.0,0.0,0.0,0.0,0.0
4,3,0.29837272,0.0,0.0,0.7016273,0.0,0.0,0.0,0.0,0.0,0.0,0.0,0.0
4,3,0.29837272,0.0,0.0,0.7016273,0.0,0.0,0.0,0.0,0.0,0.0,0.0,0.0
4,3,0.29837272,0.0,0.0,0.7016273,0.0,0.0,0.0,0.0,0.0,0.0,0.0,0.0
4,3,0.29837272,0.0,0.0,0.7016273,0.0,0.0,0.0,0.0,0.0,0.0,0.0,0.0
4,3,0.29837272,0.0,0.0,0.7016273,0.0,0.0,0.0,0.0,0.0,0.0,0.0,0.0
4,3,0.29837272,0.0,0.0,0.7016273,0.0,0.0,0.0,0.0,0.0,0.0,0.0,0.0
4,3,0.29837272,0.0,0.0,0.7016273,0.0,0.0,0.0,0.0,0.0,0.0,0.0,0.0
4,3,0.29837272,0.0,0.0,0.7016273,0.0,0.0,0.0,0.0,0.0,0.0,0.0,0.0
4,3,0.29837272,0.0,0.0,0.7016273,0.0,0.0,0.0,0.0,0.0,0.0,0.0,0.0
4,3,0.29837272,0.0,0.0,0.7016273,0.0,0.0,0.0,0.0,0.0,0.0,0.0,0.0
4,3,0.29837272,0.0,0.0,0.7016273,0.0,0.0,0.0,0.0,0.0,0.0,0.0,0.0
4,3,0.29837272,0.0,0.0,0.7016273,0.0,0.0,0.0,0.0,0.0,0.0,0.0,0.0
4,3,0.29837272,0.0,0.0,0.7016273,0.0,0.0,0.0,0.0,0.0,0.0,0.0,0.0
4,3,0.29837272,0.0,0.0,0.7016273,0.0,0.0,0.0,0.0,0.0,0.0,0.0,0.0
4,3,0.29837272,0.0,0.0,0.7016273,0.0,0.0,0.0,0.0,0.0,0.0,0.0,0.0
4,3,0.29837272,0.0,0.0,0.7016273,0.0,0.0,0.0,0.0,0.0,0.0,0.0,0.0
4,3,0.29837272,0.0,0.0,0.7016273,0.0,0.0,0.0,0.0,0.0,0.0,0.0,0.0
4,3,0.29837272,0.0,0.0,0.7016273,0.0,0.0,0.0,0.0,0.0,0.0,0.0,0.0
4,3,0.29837272,0.0,0.0,0.7016273,0.0,0.0,0.0,0.0,0.0,0.0,0.0,0.0
4,3,0.29837272,0.0,0.0,0.7016273,0.0,0.0,0.0,0.0,0.0,0.0,0.0,0.0
4,3,0.29837272,0.0,0.0,0.7016273,0.0,0.0,0.0,0.0,0.0,0.0,0.0,0.0
4,3,0.29837272,0.0,0.0,0.7016273,0.0,0.0,0.0,0.0,0.0,0.0,0.0,0.0
4,3,0.29837272,0.0,0.0,0.7016273,0.0,0.0,0.0,0.0,0.0,0.0,0.0,0.0
4,3,0.29837272,0.0,0.0,0.7016273,0.0,0.0,0.0,0.0,0.0,0.0,0.0,0.0
4,3,0.29837272,0.0,0.0,0.7016273,0.0,0.0,0.0,0.0,0.0,0.0,0.0,0.0
4,3,0.29837272,0.0,0.0,0.7016273,0.0,0.0,0.0,0.0,0.0,0.0,0.0,0.0
4,3,0.29837272,0.0,0.0,0.7016273,0.0,0.0,0.0,0.0,0.0,0.0,0.0,0.0
4,3,0.29837272,0.0,0.0,0.7016273,0.0,0.0,0.0,0.0,0.0,0.0,0.0,0.0
4,3,0.29837272,0.0,0.0,0.7016273,0.0,0.0,0.0,0.0,0.0,0.0,0.0,0.0
4,3,0.29837272,0.0,0.0,0.7016273,0.0,0.0,0.0,0.0,0.0,0.0,0.0,0.0
4,3,0.29837272,0.0,0.0,0.7016273,0.0,0.0,0.0,0.0,0.0,0.0,0.0,0.0
4,3,0.29837272,0.0,0.0,0.7016273,0.0,0.0,0.0,0.0,0.0,0.0,0.0,0.0
4,3,0.29837272,0.0,0.0,0.7016273,0.0,0.0,0.0,0.0,0.0,0.0,0.0,0.0
4,3,0.29837272,0.0,0.0,0.7016273,0.0,0.0,0.0,0.0,0.0,0.0,0.0,0.0
4,3,0.29837272,0.0,0.0,0.7016273,0.0,0.0,0.0,0.0,0.0,0.0,0.0,0.0
4,3,0.29837272,0.0,0.0,0.7016273,0.0,0.0,0.0,0.0,0.0,0.0,0.0,0.0
4,3,0.29837272,0.0,0.0,0.7016273,0.0,0.0,0.0,0.0,0.0,0.0,0.0,0.0
4,3,0.29837272,0.0,0.0,0.7016273,0.0,0.0,0.0,0.0,0.0,0.0,0.0,0.0
4,3,0.29837272,0.0,0.0,0.7016273,0.0,0.0,0.0,0.0,0.0,0.0,0.0,0.0
4,3,0.29837272,0.0,0.0,0.7016273,0.0,0.0,0.0,0.0,0.0,0.0,0.0,0.0
4,3,0.29837272,0.0,0.0,0.7016273,0.0,0.0,0.0,0.0,0.0,0.0,0.0,0.0
4,3,0.29837272,0.0,0.0,0.7016273,0.0,0.0,0.0,0.0,0.0,0.0,0.0,0.0
4,3,0.29837272,0.0,0.0,0.7016273,0.0,0.0,0.0,0.0,0.0,0.0,0.0,0.0
4,3,0.29837272,0.0,0.0,0.7016273,0.0,0.0,0.0,0.0,0.0,0.0,0.0,0.0
4,3,0.29837272,0.0,0.0,0.7016273,0.0,0.0,0.0,0.0,0.0,0.0,0.0,0.0
4,3,0.29837272,0.0,0.0,0.7016273,0.0,0.0,0.0,0.0,0.0,0.0,0.0,0.0
4,3,0.29837272,0.0,0.0,0.7016273,0.0,0.0,0.0,0.0,0.0,0.0,0.0,0.0
4,3,0.29837272,0.0,0.0,0.7016273,0.0,0.0,0.0,0.0,0.0,0.0,0.0,0.0
4,3,0.29837272,0.0,0.0,0.7016273,0.0,0.0,0.0,0.0,0.0,0.0,0.0,0.0
4,3,0.29837272,0.0,0.0,0.7016273,0.0,0.0,0.0,0.0,0.0,0.0,0.0,0.0
4,3,0.29837272,0.0,0.0,0.7016273,0.0,0.0,0.0,0.0,0.0,0.0,0.0,0.0
4,3,0.29837272,0.0,0.0,0.7016273,0.0,0.0,0.0,0.0,0.0,0.0,0.0,0.0
4,3,0.29837272,0.0,0.0,0.7016273,0.0,0.0,0.0,0.0,0.0,0.0,0.0,0.0
4,3,0.29837272,0.0,0.0,0.7016273,0.0,0.0,0.0,0.0,0.0,0.0,0.0,0.0
4,3,0.29837272,0.0,0.0,0.7016273,0.0,0.0,0.0,0.0,0.0,0.0,0.0,0.0
4,3,0.29837272,0.0,0.0,0.7016273,0.0,0.0,0.0,0.0,0.0,0.0,0.0,0.0
4,3,0.29837272,0.0,0.0,0.7016273,0.0,0.0,0.0,0.0,0.0,0.0,0.0,0.0
4,3,0.29837272,0.0,0.0,0.7016273,0.0,0.0,0.0,0.0,0.0,0.0,0.0,0.0
4,3,0.29837272,0.0,0.0,0.7016273,0.0,0.0,0.0,0.0,0.0,0.0,0.0,0.0
4,3,0.29837272,0.0,0.0,0.7016273,0.0,0.0,0.0,0.0,0.0,0.0,0.0,0.0
4,3,0.29837272,0.0,0.0,0.7016273,0.0,0.0,0.0,0.0,0.0,0.0,0.0,0.0
4,3,0.29837272,0.0,0.0,0.7016273,0.0,0.0,0.0,0.0,0.0,0.0,0.0,0.0
4,3,0.29837272,0.0,0.0,0.7016273,0.0,0.0,0.0,0.0,0.0,0.0,0.0,0.0
4,3,0.29837272,0.0,0.0,0.7016273,0.0,0.0,0.0,0.0,0.0,0.0,0.0,0.0
4,3,0.29837272,0.0,0.0,0.7016273,0.0,0.0,0.0,0.0,0.0,0.0,0.0,0.0
4,3,0.29837272,0.0,0.0,0.7016273,0.0,0.0,0.0,0.0,0.0,0.0,0.0,0.0
4,3,0.29837272,0.0,0.0,0.7016273,0.0,0.0,0.0,0.0,0.0,0.0,0.0,0.0
4,3,0.29837272,0.0,0.0,0.7016273,0.0,0.0,0.0,0.0,0.0,0.0,0.0,0.0
4,3,0.29837272,0.0,0.0,0.7016273,0.0,0.0,0.0,0.0,0.0,0.0,0.0,0.0
4,3,0.29837272,0.0,0.0,0.7016273,0.0,0.0,0.0,0.0,0.0,0.0,0.0,0.0
4,3,0.29837272,0.0,0.0,0.7016273,0.0,0.0,0.0,0.0,0.0,0.0,0.0,0.0
4,3,0.29837272,0.0,0.0,0.7016273,0.0,0.0,0.0,0.0,0.0,0.0,0.0,0.0
4,3,0.29837272,0.0,0.0,0.7016273,0.0,0.0,0.0,0.0,0.0,0.0,0.0,0.0
4,3,0.29837272,0.0,0.0,0.7016273,0.0,0.0,0.0,0.0,0.0,0.0,0.0,0.0
4,3,0.29837272,0.0,0.0,0.7016273,0.0,0.0,0.0,0.0,0.0,0.0,0.0,0.0
4,3,0.29837272,0.0,0.0,0.7016273,0.0,0.0,0.0,0.0,0.0,0.0,0.0,0.0
4,3,0.29837272,0.0,0.0,0.7016273,0.0,0.0,0.0,0.0,0.0,0.0,0.0,0.0
4,3,0.29837272,0.0,0.0,0.7016273,0.0,0.0,0.0,0.0,0.0,0.0,0.0,0.0
4,3,0.29837272,0.0,0.0,0.7016273,0.0,0.0,0.0,0.0,0.0,0.0,0.0,0.0
4,3,0.29837272,0.0,0.0,0.7016273,0.0,0.0,0.0,0.0,0.0,0.0,0.0,0.0
4,3,0.29837272,0.0,0.0,0.7016273,0.0,0.0,0.0,0.0,0.0,0.0,0.0,0.0
4,3,0.29837272,0.0,0.0,0.7016273,0.0,0.0,0.0,0.0,0.0,0.0,0.0,0.0
4,3,0.29837272,0.0,0.0,0.7016273,0.0,0.0,0.0,0.0,0.0,0.0,0.0,0.0
4,3,0.29837272,0.0,0.0,0.7016273,0.0,0.0,0.0,0.0,0.0,0.0,0.0,0.0
4,3,0.29837272,0.0,0.0,0.7016273,0.0,0.0,0.0,0.0,0.0,0.0,0.0,0.0
4,3,0.29837272,0.0,0.0,0.7016273,0.0,0.0,0.0,0.0,0.0,0.0,0.0,0.0
4,3,0.29837272,0.0,0.0,0.7016273,0.0,0.0,0.0,0.0,0.0,0.0,0.0,0.0
4,3,0.29837272,0.0,0.0,0.7016273,0.0,0.0,0.0,0.0,0.0,0.0,0.0,0.0
4,3,0.29837272,0.0,0.0,0.7016273,0.0,0.0,0.0,0.0,0.0,0.0,0.0,0.0
4,3,0.29837272,0.0,0.0,0.7016273,0.0,0.0,0.0,0.0,0.0,0.0,0.0,0.0
4,3,0.29837272,0.0,0.0,0.7016273,0.0,0.0,0.0,0.0,0.0,0.0,0.0,0.0
4,3,0.29837272,0.0,0.0,0.7016273,0.0,0.0,0.0,0.0,0.0,0.0,0.0,0.0
4,3,0.29837272,0.0,0.0,0.7016273,0.0,0.0,0.0,0.0,0.0,0.0,0.0,0.0
4,3,0.29837272,0.0,0.0,0.7016273,0.0,0.0,0.0,0.0,0.0,0.0,0.0,0.0
4,3,0.29837272,0.0,0.0,0.7016273,0.0,0.0,0.0,0.0,0.0,0.0,0.0,0.0
4,3,0.29837272,0.0,0.0,0.7016273,0.0,0.0,0.0,0.0,0.0,0.0,0.0,0.0
4,3,0.29837272,0.0,0.0,0.7016273,0.0,0.0,0.0,0.0,0.0,0.0,0.0,0.0
4,3,0.29837272,0.0,0.0,0.7016273,0.0,0.0,0.0,0.0,0.0,0.0,0.0,0.0
4,3,0.29837272,0.0,0.0,0.7016273,0.0,0.0,0.0,0.0,0.0,0.0,0.0,0.0
4,3,0.29837272,0.0,0.0,0.7016273,0.0,0.0,0.0,0.0,0.0,0.0,0.0,0.0
4,3,0.29837272,0.0,0.0,0.7016273,0.0,0.0,0.0,0.0,0.0,0.0,0.0,0.0
4,3,0.29837272,0.0,0.0,0.7016273,0.0,0.0,0.0,0.0,0.0,0.0,0.0,0.0
4,3,0.29837272,0.0,0.0,0.7016273,0.0,0.0,0.0,0.0,0.0,0.0,0.0,0.0
4,3,0.29837272,0.0,0.0,0.7016273,0.0,0.0,0.0,0.0,0.0,0.0,0.0,0.0
4,3,0.29837272,0.0,0.0,0.7016273,0.0,0.0,0.0,0.0,0.0,0.0,0.0,0.0
4,3,0.29837272,0.0,0.0,0.7016273,0.0,0.0,0.0,0.0,0.0,0.0,0.0,0.0
4,3,0.29837272,0.0,0.0,0.7016273,0.0,0.0,0.0,0.0,0.0,0.0,0.0,0.0
4,3,0.29837272,0.0,0.0,0.7016273,0.0,0.0,0.0,0.0,0.0,0.0,0.0,0.0
4,3,0.29837272,0.0,0.0,0.7016273,0.0,0.0,0.0,0.0,0.0,0.0,0.0,0.0
4,3,0.29837272,0.0,0.0,0.7016273,0.0,0.0,0.0,0.0,0.0,0.0,0.0,0.0
4,3,0.29837272,0.0,0.0,0.7016273,0.0,0.0,0.0,0.0,0.0,0.0,0.0,0.0
4,3,0.29837272,0.0,0.0,0.7016273,0.0,0.0,0.0,0.0,0.0,0.0,0.0,0.0
4,3,0.29837272,0.0,0.0,0.7016273,0.0,0.0,0.0,0.0,0.0,0.0,0.0,0.0
4,3,0.29837272,0.0,0.0,0.7016273,0.0,0.0,0.0,0.0,0.0,0.0,0.0,0.0
4,3,0.29837272,0.0,0.0,0.7016273,0.0,0.0,0.0,0.0,0.0,0.0,0.0,0.0
4,3,0.29837272,0.0,0.0,0.7016273,0.0,0.0,0.0,0.0,0.0,0.0,0.0,0.0
4,3,0.29837272,0.0,0.0,0.7016273,0.0,0.0,0.0,0.0,0.0,0.0,0.0,0.0
4,3,0.29837272,0.0,0.0,0.7016273,0.0,0.0,0.0,0.0,0.0,0.0,0.0,0.0
4,3,0.29837272,0.0,0.0,0.7016273,0.0,0.0,0.0,0.0,0.0,0.0,0.0,0.0
4,3,0.29837272,0.0,0.0,0.7016273,0.0,0.0,0.0,0.0,0.0,0.0,0.0,0.0
4,3,0.29837272,0.0,0.0,0.7016273,0.0,0.0,0.0,0.0,0.0,0.0,0.0,0.0
4,3,0.29837272,0.0,0.0,0.7016273,0.0,0.0,0.0,0.0,0.0,0.0,0.0,0.0
4,3,0.29837272,0.0,0.0,0.7016273,0.0,0.0,0.0,0.0,0.0,0.0,0.0,0.0
4,3,0.29837272,0.0,0.0,0.7016273,0.0,0.0,0.0,0.0,0.0,0.0,0.0,0.0
4,3,0.29837272,0.0,0.0,0.7016273,0.0,0.0,0.0,0.0,0.0,0.0,0.0,0.0
4,3,0.29837272,0.0,0.0,0.7016273,0.0,0.0,0.0,0.0,0.0,0.0,0.0,0.0
4,3,0.29837272,0.0,0.0,0.7016273,0.0,0.0,0.0,0.0,0.0,0.0,0.0,0.0
4,3,0.29837272,0.0,0.0,0.7016273,0.0,0.0,0.0,0.0,0.0,0.0,0.0,0.0
4,3,0.29837272,0.0,0.0,0.7016273,0.0,0.0,0.0,0.0,0.0,0.0,0.0,0.0
4,3,0.29837272,0.0,0.0,0.7016273,0.0,0.0,0.0,0.0,0.0,0.0,0.0,0.0
4,3,0.29837272,0.0,0.0,0.7016273,0.0,0.0,0.0,0.0,0.0,0.0,0.0,0.0
4,3,0.29837272,0.0,0.0,0.7016273,0.0,0.0,0.0,0.0,0.0,0.0,0.0,0.0
4,3,0.29837272,0.0,0.0,0.7016273,0.0,0.0,0.0,0.0,0.0,0.0,0.0,0.0
4,3,0.29837272,0.0,0.0,0.7016273,0.0,0.0,0.0,0.0,0.0,0.0,0.0,0.0
4,3,0.29837272,0.0,0.0,0.7016273,0.0,0.0,0.0,0.0,0.0,0.0,0.0,0.0
4,3,0.29837272,0.0,0.0,0.7016273,0.0,0.0,0.0,0.0,0.0,0.0,0.0,0.0
4,3,0.29837272,0.0,0.0,0.7016273,0.0,0.0,0.0,0.0,0.0,0.0,0.0,0.0
4,3,0.29837272,0.0,0.0,0.7016273,0.0,0.0,0.0,0.0,0.0,0.0,0.0,0.0
4,3,0.29837272,0.0,0.0,0.7016273,0.0,0.0,0.0,0.0,0.0,0.0,0.0,0.0
4,3,0.29837272,0.0,0.0,0.7016273,0.0,0.0,0.0,0.0,0.0,0.0,0.0,0.0
4,3,0.29837272,0.0,0.0,0.7016273,0.0,0.0,0.0,0.0,0.0,0.0,0.0,0.0
4,3,0.29837272,0.0,0.0,0.7016273,0.0,0.0,0.0,0.0,0.0,0.0,0.0,0.0
4,3,0.29837272,0.0,0.0,0.7016273,0.0,0.0,0.0,0.0,0.0,0.0,0.0,0.0
4,3,0.29837272,0.0,0.0,0.7016273,0.0,0.0,0.0,0.0,0.0,0.0,0.0,0.0
4,3,0.29837272,0.039978858,0.0,0.66164845,0.0,0.0,0.0,0.0,0.0,0.0,0.0,0.0
4,3,0.29837272,0.039978858,0.0,0.66164845,0.0,0.0,0.0,0.0,0.0,0.0,0.0,0.0
4,3,0.29837272,0.039978858,0.0,0.66164845,0.0,0.0,0.0,0.0,0.0,0.0,0.0,0.0
4,3,0.29837272,0.039978858,0.0,0.66164845,0.0,0.0,0.0,0.0,0.0,0.0,0.0,0.0
4,3,0.29837272,0.039978858,0.0,0.66164845,0.0,0.0,0.0,0.0,0.0,0.0,0.0,0.0
4,3,0.29837272,0.039978858,0.0,0.66164845,0.0,0.0,0.0,0.0,0.0,0.0,0.0,0.0
4,3,0.29837272,0.039978858,0.0,0.66164845,0.0,0.0,0.0,0.0,0.0,0.0,0.0,0.0
4,3,0.29837272,0.039978858,0.0,0.66164845,0.0,0.0,0.0,0.0,0.0,0.0,0.0,0.0
4,3,0.29837272,0.039978858,0.0,0.66164845,0.0,0.0,0.0,0.0,0.0,0.0,0.0,0.0
4,3,0.29837272,0.039978858,0.0,0.66164845,0.0,0.0,0.0,0.0,0.0,0.0,0.0,0.0
4,3,0.29837272,0.039978858,0.0,0.66164845,0.0,0.0,0.0,0.0,0.0,0.0,0.0,0.0
4,3,0.29837272,0.039978858,0.0,0.66164845,0.0,0.0,0.0,0.0,0.0,0.0,0.0,0.0
4,3,0.29837272,0.039978858,0.0,0.66164845,0.0,0.0,0.0,0.0,0.0,0.0,0.0,0.0
4,3,0.29837272,0.039978858,0.0,0.66164845,0.0,0.0,0.0,0.0,0.0,0.0,0.0,0.0
4,3,0.29837272,0.039978858,0.0,0.66164845,0.0,0.0,0.0,0.0,0.0,0.0,0.0,0.0
4,3,0.29837272,0.039978858,0.0,0.66164845,0.0,0.0,0.0,0.0,0.0,0.0,0.0,0.0
4,3,0.29837272,0.039978858,0.0,0.66164845,0.0,0.0,0.0,0.0,0.0,0.0,0.0,0.0
4,3,0.29837272,0.039978858,0.0,0.66164845,0.0,0.0,0.0,0.0,0.0,0.0,0.0,0.0
4,3,0.29837272,0.039978858,0.0,0.66164845,0.0,0.0,0.0,0.0,0.0,0.0,0.0,0.0
4,3,0.29837272,0.039978858,0.0,0.66164845,0.0,0.0,0.0,0.0,0.0,0.0,0.0,0.0
4,3,0.29837272,0.039978858,0.0,0.66164845,0.0,0.0,0.0,0.0,0.0,0.0,0.0,0.0
4,3,0.29837272,0.039978858,0.0,0.66164845,0.0,0.0,0.0,0.0,0.0,0.0,0.0,0.0
4,3,0.29837272,0.039978858,0.0,0.66164845,0.0,0.0,0.0,0.0,0.0,0.0,0.0,0.0
4,3,0.29837272,0.039978858,0.0,0.66164845,0.0,0.0,0.0,0.0,0.0,0.0,0.0,0.0
4,3,0.29837272,0.039978858,0.0,0.66164845,0.0,0.0,0.0,0.0,0.0,0.0,0.0,0.0
4,3,0.378803,0.039978858,0.0,0.5812181,0.0,0.0,0.0,0.0,0.0,0.0,0.0,0.0
4,3,0.378803,0.039978858,0.0,0.5812181,0.0,0.0,0.0,0.0,0.0,0.0,0.0,0.0
4,3,0.378803,0.039978858,0.0,0.5812181,0.0,0.0,0.0,0.0,0.0,0.0,0.0,0.0
4,3,0.378803,0.039978858,0.0,0.5812181,0.0,0.0,0.0,0.0,0.0,0.0,0.0,0.0
4,3,0.378803,0.039978858,0.0,0.5812181,0.0,0.0,0.0,0.0,0.0,0.0,0.0,0.0
4,3,0.378803,0.039978858,0.0,0.5812181,0.0,0.0,0.0,0.0,0.0,0.0,0.0,0.0
4,3,0.378803,0.039978858,0.0,0.5812181,0.0,0.0,0.0,0.0,0.0,0.0,0.0,0.0
4,3,0.378803,0.039978858,0.0,0.5812181,0.0,0.0,0.0,0.0,0.0,0.0,0.0,0.0
4,3,0.378803,0.039978858,0.0,0.5812181,0.0,0.0,0.0,0.0,0.0,0.0,0.0,0.0
4,3,0.378803,0.039978858,0.0,0.5812181,0.0,0.0,0.0,0.0,0.0,0.0,0.0,0.0
4,3,0.378803,0.039978858,0.0,0.5812181,0.0,0.0,0.0,0.0,0.0,0.0,0.0,0.0
4,3,0.378803,0.039978858,0.0,0.5812181,0.0,0.0,0.0,0.0,0.0,0.0,0.0,0.0
4,3,0.378803,0.039978858,0.0,0.5812181,0.0,0.0,0.0,0.0,0.0,0.0,0.0,0.0
4,3,0.378803,0.039978858,0.0,0.5812181,0.0,0.0,0.0,0.0,0.0,0.0,0.0,0.0
4,3,0.378803,0.039978858,0.0,0.5812181,0.0,0.0,0.0,0.0,0.0,0.0,0.0,0.0
4,3,0.378803,0.039978858,0.0,0.5812181,0.0,0.0,0.0,0.0,0.0,0.0,0.0,0.0
4,3,0.378803,0.039978858,0.0,0.5812181,0.0,0.0,0.0,0.0,0.0,0.0,0.0,0.0
4,3,0.378803,0.039978858,0.0,0.5812181,0.0,0.0,0.0,0.0,0.0,0.0,0.0,0.0
4,3,0.378803,0.039978858,0.0,0.5812181,0.0,0.0,0.0,0.0,0.0,0.0,0.0,0.0
4,3,0.378803,0.039978858,0.0,0.5812181,0.0,0.0,0.0,0.0,0.0,0.0,0.0,0.0
4,3,0.378803,0.039978858,0.0,0.5812181,0.0,0.0,0.0,0.0,0.0,0.0,0.0,0.0
4,3,0.378803,0.039978858,0.0,0.5812181,0.0,0.0,0.0,0.0,0.0,0.0,0.0,0.0
4,3,0.378803,0.039978858,0.0,0.5812181,0.0,0.0,0.0,0.0,0.0,0.0,0.0,0.0
4,3,0.378803,0.039978858,0.0,0.5812181,0.0,0.0,0.0,0.0,0.0,0.0,0.0,0.0
4,3,0.378803,0.039978858,0.0,0.5812181,0.0,0.0,0.0,0.0,0.0,0.0,0.0,0.0
4,3,0.378803,0.039978858,0.0,0.5812181,0.0,0.0,0.0,0.0,0.0,0.0,0.0,0.0
4,3,0.378803,0.039978858,0.0,0.5812181,0.0,0.0,0.0,0.0,0.0,0.0,0.0,0.0
4,3,0.378803,0.039978858,0.0,0.5812181,0.0,0.0,0.0,0.0,0.0,0.0,0.0,0.0
4,3,0.378803,0.039978858,0.0,0.5812181,0.0,0.0,0.0,0.0,0.0,0.0,0.0,0.0
4,3,0.378803,0.039978858,0.0,0.5812181,0.0,0.0,0.0,0.0,0.0,0.0,0.0,0.0
4,3,0.378803,0.039978858,0.0,0.5812181,0.0,0.0,0.0,0.0,0.0,0.0,0.0,0.0
4,3,0.378803,0.039978858,0.0,0.5812181,0.0,0.0,0.0,0.0,0.0,0.0,0.0,0.0
4,3,0.378803,0.039978858,0.0,0.5812181,0.0,0.0,0.0,0.0,0.0,0.0,0.0,0.0
4,3,0.4384273,0.039978858,0.0,0.52159387,0.0,0.0,0.0,0.0,0.0,0.0,0.0,0.0
4,3,0.4384273,0.039978858,0.0,0.52159387,0.0,0.0,0.0,0.0,0.0,0.0,0.0,0.0
4,3,0.4384273,0.039978858,0.0,0.52159387,0.0,0.0,0.0,0.0,0.0,0.0,0.0,0.0
4,3,0.4384273,0.039978858,0.0,0.52159387,0.0,0.0,0.0,0.0,0.0,0.0,0.0,0.0
4,3,0.4384273,0.039978858,0.0,0.52159387,0.0,0.0,0.0,0.0,0.0,0.0,0.0,0.0
4,3,0.4384273,0.039978858,0.0,0.52159387,0.0,0.0,0.0,0.0,0.0,0.0,0.0,0.0
4,0,0.5014433,0.039978858,0.0,0.45857787,0.0,0.0,0.0,0.0,0.0,0.0,0.0,0.0
4,0,0.5014433,0.039978858,0.0,0.45857787,0.0,0.0,0.0,0.0,0.0,0.0,0.0,0.0
4,0,0.5014433,0.039978858,0.0,0.45857787,0.0,0.0,0.0,0.0,0.0,0.0,0.0,0.0
4,0,0.5014433,0.039978858,0.0,0.45857787,0.0,0.0,0.0,0.0,0.0,0.0,0.0,0.0
4,0,0.5014433,0.039978858,0.0,0.45857787,0.0,0.0,0.0,0.0,0.0,0.0,0.0,0.0
4,0,0.5014433,0.039978858,0.0,0.45857787,0.0,0.0,0.0,0.0,0.0,0.0,0.0,0.0
4,0,0.5014433,0.039978858,0.0,0.45857787,0.0,0.0,0.0,0.0,0.0,0.0,0.0,0.0
4,0,0.5014433,0.039978858,0.0,0.45857787,0.0,0.0,0.0,0.0,0.0,0.0,0.0,0.0
4,0,0.5014433,0.039978858,0.0,0.45857787,0.0,0.0,0.0,0.0,0.0,0.0,0.0,0.0
4,0,0.5014433,0.039978858,0.0,0.45857787,0.0,0.0,0.0,0.0,0.0,0.0,0.0,0.0
4,0,0.5014433,0.039978858,0.0,0.45857787,0.0,0.0,0.0,0.0,0.0,0.0,0.0,0.0
4,0,0.5014433,0.039978858,0.0,0.45857787,0.0,0.0,0.0,0.0,0.0,0.0,0.0,0.0
4,0,0.52556723,0.039978858,0.0,0.43445393,0.0,0.0,0.0,0.0,0.0,0.0,0.0,0.0
4,0,0.52556723,0.039978858,0.0,0.43445393,0.0,0.0,0.0,0.0,0.0,0.0,0.0,0.0
4,0,0.52556723,0.039978858,0.0,0.43445393,0.0,0.0,0.0,0.0,0.0,0.0,0.0,0.0
4,0,0.52556723,0.039978858,0.0,0.43445393,0.0,0.0,0.0,0.0,0.0,0.0,0.0,0.0
4,0,0.52556723,0.039978858,0.0,0.43445393,0.0,0.0,0.0,0.0,0.0,0.0,0.0,0.0
4,0,0.52556723,0.039978858,0.0,0.43445393,0.0,0.0,0.0,0.0,0.0,0.0,0.0,0.0
4,0,0.52556723,0.039978858,0.0,0.43445393,0.0,0.0,0.0,0.0,0.0,0.0,0.0,0.0
4,0,0.52556723,0.039978858,0.0,0.43445393,0.0,0.0,0.0,0.0,0.0,0.0,0.0,0.0
4,0,0.52556723,0.039978858,0.0,0.43445393,0.0,0.0,0.0,0.0,0.0,0.0,0.0,0.0
4,0,0.52556723,0.039978858,0.0,0.43445393,0.0,0.0,0.0,0.0,0.0,0.0,0.0,0.0
4,0,0.52556723,0.039978858,0.0,0.43445393,0.0,0.0,0.0,0.0,0.0,0.0,0.0,0.0
4,0,0.52556723,0.039978858,0.0,0.43445393,0.0,0.0,0.0,0.0,0.0,0.0,0.0,0.0
4,0,0.52556723,0.039978858,0.0,0.43445393,0.0,0.0,0.0,0.0,0.0,0.0,0.0,0.0
4,0,0.52556723,0.039978858,0.0,0.43445393,0.0,0.0,0.0,0.0,0.0,0.0,0.0,0.0
4,0,0.52556723,0.039978858,0.0,0.43445393,0.0,0.0,0.0,0.0,0.0,0.0,0.0,0.0
4,0,0.52556723,0.039978858,0.0,0.43445393,0.0,0.0,0.0,0.0,0.0,0.0,0.0,0.0
4,0,0.52556723,0.039978858,0.0,0.43445393,0.0,0.0,0.0,0.0,0.0,0.0,0.0,0.0
4,0,0.52556723,0.039978858,0.0,0.43445393,0.0,0.0,0.0,0.0,0.0,0.0,0.0,0.0
4,0,0.52556723,0.039978858,0.0,0.43445393,0.0,0.0,0.0,0.0,0.0,0.0,0.0,0.0
4,0,0.52556723,0.039978858,0.0,0.43445393,0.0,0.0,0.0,0.0,0.0,0.0,0.0,0.0
4,0,0.52556723,0.039978858,0.0,0.43445393,0.0,0.0,0.0,0.0,0.0,0.0,0.0,0.0
4,0,0.52556723,0.039978858,0.0,0.43445393,0.0,0.0,0.0,0.0,0.0,0.0,0.0,0.0
4,0,0.52556723,0.039978858,0.0,0.43445393,0.0,0.0,0.0,0.0,0.0,0.0,0.0,0.0
4,0,0.52556723,0.039978858,0.0,0.43445393,0.0,0.0,0.0,0.0,0.0,0.0,0.0,0.0
4,0,0.52556723,0.039978858,0.0,0.43445393,0.0,0.0,0.0,0.0,0.0,0.0,0.0,0.0
4,0,0.52556723,0.039978858,0.0,0.43445393,0.0,0.0,0.0,0.0,0.0,0.0,0.0,0.0
4,0,0.52556723,0.039978858,0.0,0.43445393,0.0,0.0,0.0,0.0,0.0,0.0,0.0,0.0
4,0,0.52556723,0.039978858,0.0,0.43445393,0.0,0.0,0.0,0.0,0.0,0.0,0.0,0.0
4,0,0.52556723,0.039978858,0.0,0.43445393,0.0,0.0,0.0,0.0,0.0,0.0,0.0,0.0
4,0,0.52556723,0.039978858,0.0,0.43445393,0.0,0.0,0.0,0.0,0.0,0.0,0.0,0.0
4,0,0.52556723,0.039978858,0.0,0.43445393,0.0,0.0,0.0,0.0,0.0,0.0,0.0,0.0
4,0,0.52556723,0.039978858,0.0,0.43445393,0.0,0.0,0.0,0.0,0.0,0.0,0.0,0.0
4,0,0.52556723,0.039978858,0.0,0.43445393,0.0,0.0,0.0,0.0,0.0,0.0,0.0,0.0
4,0,0.52556723,0.039978858,0.0,0.43445393,0.0,0.0,0.0,0.0,0.0,0.0,0.0,0.0
4,0,0.52556723,0.039978858,0.0,0.43445393,0.0,0.0,0.0,0.0,0.0,0.0,0.0,0.0
4,0,0.52556723,0.039978858,0.0,0.43445393,0.0,0.0,0.0,0.0,0.0,0.0,0.0,0.0
4,0,0.5734975,0.039978858,0.0,0.3865237,0.0,0.0,0.0,0.0,0.0,0.0,0.0,0.0
4,0,0.5734975,0.039978858,0.0,0.3865237,0.0,0.0,0.0,0.0,0.0,0.0,0.0,0.0
4,0,0.5734975,0.039978858,0.0,0.3865237,0.0,0.0,0.0,0.0,0.0,0.0,0.0,0.0
4,0,0.5734975,0.039978858,0.0,0.3865237,0.0,0.0,0.0,0.0,0.0,0.0,0.0,0.0
4,0,0.5734975,0.039978858,0.0,0.3865237,0.0,0.0,0.0,0.0,0.0,0.0,0.0,0.0
4,0,0.5734975,0.039978858,0.0,0.3865237,0.0,0.0,0.0,0.0,0.0,0.0,0.0,0.0
4,0,0.5734975,0.039978858,0.0,0.3865237,0.0,0.0,0.0,0.0,0.0,0.0,0.0,0.0
4,0,0.5734975,0.039978858,0.0,0.3865237,0.0,0.0,0.0,0.0,0.0,0.0,0.0,0.0
4,0,0.5734975,0.039978858,0.0,0.3865237,0.0,0.0,0.0,0.0,0.0,0.0,0.0,0.0
4,0,0.5734975,0.039978858,0.0,0.3865237,0.0,0.0,0.0,0.0,0.0,0.0,0.0,0.0
4,0,0.5734975,0.039978858,0.0,0.3865237,0.0,0.0,0.0,0.0,0.0,0.0,0.0,0.0
4,0,0.5734975,0.039978858,0.0,0.3865237,0.0,0.0,0.0,0.0,0.0,0.0,0.0,0.0
4,0,0.5734975,0.039978858,0.0,0.3865237,0.0,0.0,0.0,0.0,0.0,0.0,0.0,0.0
4,0,0.5734975,0.039978858,0.0,0.3865237,0.0,0.0,0.0,0.0,0.0,0.0,0.0,0.0
4,0,0.5734975,0.039978858,0.0,0.3865237,0.0,0.0,0.0,0.0,0.0,0.0,0.0,0.0
4,0,0.5734975,0.039978858,0.0,0.3865237,0.0,0.0,0.0,0.0,0.0,0.0,0.0,0.0
4,0,0.7385826,0.039978858,0.0,0.22143853,0.0,0.0,0.0,0.0,0.0,0.0,0.0,0.0
4,0,0.7385826,0.039978858,0.0,0.22143853,0.0,0.0,0.0,0.0,0.0,0.0,0.0,0.0
4,0,0.7385826,0.039978858,0.0,0.22143853,0.0,0.0,0.0,0.0,0.0,0.0,0.0,0.0
4,0,0.7385826,0.039978858,0.0,0.22143853,0.0,0.0,0.0,0.0,0.0,0.0,0.0,0.0
4,0,0.7385826,0.039978858,0.0,0.22143853,0.0,0.0,0.0,0.0,0.0,0.0,0.0,0.0
4,0,0.7385826,0.039978858,0.0,0.22143853,0.0,0.0,0.0,0.0,0.0,0.0,0.0,0.0
4,0,0.7385826,0.039978858,0.0,0.22143853,0.0,0.0,0.0,0.0,0.0,0.0,0.0,0.0
4,0,0.7385826,0.039978858,0.0,0.22143853,0.0,0.0,0.0,0.0,0.0,0.0,0.0,0.0
4,0,0.7385826,0.039978858,0.0,0.22143853,0.0,0.0,0.0,0.0,0.0,0.0,0.0,0.0
4,0,0.7385826,0.039978858,0.0,0.22143853,0.0,0.0,0.0,0.0,0.0,0.0,0.0,0.0
4,0,0.7385826,0.039978858,0.0,0.22143853,0.0,0.0,0.0,0.0,0.0,0.0,0.0,0.0
4,0,0.7385826,0.039978858,0.0,0.22143853,0.0,0.0,0.0,0.0,0.0,0.0,0.0,0.0
4,0,0.7385826,0.039978858,0.0,0.22143853,0.0,0.0,0.0,0.0,0.0,0.0,0.0,0.0
4,0,0.7385826,0.039978858,0.0,0.22143853,0.0,0.0,0.0,0.0,0.0,0.0,0.0,0.0
4,0,0.7385826,0.039978858,0.0,0.22143853,0.0,0.0,0.0,0.0,0.0,0.0,0.0,0.0
4,0,0.7385826,0.039978858,0.0,0.22143853,0.0,0.0,0.0,0.0,0.0,0.0,0.0,0.0
4,0,0.7385826,0.039978858,0.0,0.22143853,0.0,0.0,0.0,0.0,0.0,0.0,0.0,0.0
4,0,0.7385826,0.039978858,0.0,0.22143853,0.0,0.0,0.0,0.0,0.0,0.0,0.0,0.0
4,0,0.7385826,0.039978858,0.0,0.22143853,0.0,0.0,0.0,0.0,0.0,0.0,0.0,0.0
4,0,0.7385826,0.039978858,0.0,0.22143853,0.0,0.0,0.0,0.0,0.0,0.0,0.0,0.0
4,0,0.7385826,0.039978858,0.0,0.22143853,0.0,0.0,0.0,0.0,0.0,0.0,0.0,0.0
4,0,0.7385826,0.039978858,0.0,0.22143853,0.0,0.0,0.0,0.0,0.0,0.0,0.0,0.0
4,0,0.7385826,0.039978858,0.0,0.22143853,0.0,0.0,0.0,0.0,0.0,0.0,0.0,0.0
4,0,0.7385826,0.039978858,0.0,0.22143853,0.0,0.0,0.0,0.0,0.0,0.0,0.0,0.0
4,0,0.7385826,0.039978858,0.0,0.22143853,0.0,0.0,0.0,0.0,0.0,0.0,0.0,0.0
4,0,0.7385826,0.039978858,0.0,0.22143853,0.0,0.0,0.0,0.0,0.0,0.0,0.0,0.0
4,0,0.7385826,0.039978858,0.0,0.22143853,0.0,0.0,0.0,0.0,0.0,0.0,0.0,0.0
4,0,0.7385826,0.039978858,0.0,0.22143853,0.0,0.0,0.0,0.0,0.0,0.0,0.0,0.0
4,0,0.7385826,0.039978858,0.0,0.22143853,0.0,0.0,0.0,0.0,0.0,0.0,0.0,0.0
4,0,0.7385826,0.039978858,0.0,0.22143853,0.0,0.0,0.0,0.0,0.0,0.0,0.0,0.0
4,0,0.7385826,0.039978858,0.0,0.22143853,0.0,0.0,0.0,0.0,0.0,0.0,0.0,0.0
4,0,0.7385826,0.039978858,0.0,0.22143853,0.0,0.0,0.0,0.0,0.0,0.0,0.0,0.0
4,0,0.7385827,0.03997886,0.0,0.19492476,0.026513783,0.0,0.0,0.0,0.0,0.0,0.0,0.0
4,0,0.7385827,0.03997886,0.0,0.19492476,0.026513783,0.0,0.0,0.0,0.0,0.0,0.0,0.0
4,0,0.7385827,0.03997886,0.0,0.19492476,0.026513783,0.0,0.0,0.0,0.0,0.0,0.0,0.0
4,0,0.7385827,0.03997886,0.0,0.19492476,0.026513783,0.0,0.0,0.0,0.0,0.0,0.0,0.0
4,0,0.7385827,0.03997886,0.0,0.19492476,0.026513783,0.0,0.0,0.0,0.0,0.0,0.0,0.0
4,0,0.7385827,0.03997886,0.0,0.19492476,0.026513783,0.0,0.0,0.0,0.0,0.0,0.0,0.0
4,0,0.7385827,0.03997886,0.0,0.19492476,0.026513783,0.0,0.0,0.0,0.0,0.0,0.0,0.0
4,0,0.7385827,0.03997886,0.0,0.19492476,0.026513783,0.0,0.0,0.0,0.0,0.0,0.0,0.0
4,0,0.7385827,0.03997886,0.0,0.19492476,0.026513783,0.0,0.0,0.0,0.0,0.0,0.0,0.0
4,0,0.7385827,0.03997886,0.0,0.19492476,0.026513783,0.0,0.0,0.0,0.0,0.0,0.0,0.0
4,0,0.7385827,0.03997886,0.0,0.19492476,0.026513783,0.0,0.0,0.0,0.0,0.0,0.0,0.0
4,0,0.7385827,0.03997886,0.0,0.19492476,0.026513783,0.0,0.0,0.0,0.0,0.0,0.0,0.0
4,0,0.7385827,0.03997886,0.0,0.19492476,0.026513783,0.0,0.0,0.0,0.0,0.0,0.0,0.0
4,0,0.7385827,0.03997886,0.0,0.19492476,0.026513783,0.0,0.0,0.0,0.0,0.0,0.0,0.0
4,0,0.7385827,0.03997886,0.0,0.19492476,0.026513783,0.0,0.0,0.0,0.0,0.0,0.0,0.0
4,0,0.7385827,0.03997886,0.0,0.19492476,0.026513783,0.0,0.0,0.0,0.0,0.0,0.0,0.0
4,0,0.7385827,0.03997886,0.0,0.19492476,0.026513783,0.0,0.0,0.0,0.0,0.0,0.0,0.0
4,0,0.7385827,0.03997886,0.0,0.19492476,0.026513783,0.0,0.0,0.0,0.0,0.0,0.0,0.0
4,0,0.7385827,0.03997886,0.0,0.19492476,0.026513783,0.0,0.0,0.0,0.0,0.0,0.0,0.0
4,0,0.7385827,0.03997886,0.0,0.19492476,0.026513783,0.0,0.0,0.0,0.0,0.0,0.0,0.0
4,0,0.7385827,0.03997886,0.0,0.19492476,0.026513783,0.0,0.0,0.0,0.0,0.0,0.0,0.0
4,0,0.7385827,0.03997886,0.0,0.19492476,0.026513783,0.0,0.0,0.0,0.0,0.0,0.0,0.0
4,0,0.7385827,0.03997886,0.0,0.19492476,0.026513783,0.0,0.0,0.0,0.0,0.0,0.0,0.0
4,0,0.7385827,0.03997886,0.0,0.19492476,0.026513783,0.0,0.0,0.0,0.0,0.0,0.0,0.0
4,0,0.7385827,0.03997886,0.0,0.19492476,0.026513783,0.0,0.0,0.0,0.0,0.0,0.0,0.0
4,0,0.7385827,0.03997886,0.0,0.19492476,0.026513783,0.0,0.0,0.0,0.0,0.0,0.0,0.0
4,0,0.7385827,0.03997886,0.0,0.19492476,0.026513783,0.0,0.0,0.0,0.0,0.0,0.0,0.0
4,0,0.7385827,0.03997886,0.0,0.19492476,0.026513783,0.0,0.0,0.0,0.0,0.0,0.0,0.0
4,0,0.7385827,0.03997886,0.0,0.19492476,0.026513783,0.0,0.0,0.0,0.0,0.0,0.0,0.0
4,0,0.7385827,0.03997886,0.0,0.19492476,0.026513783,0.0,0.0,0.0,0.0,0.0,0.0,0.0
4,0,0.7385827,0.03997886,0.0,0.19492476,0.026513783,0.0,0.0,0.0,0.0,0.0,0.0,0.0
4,0,0.7385827,0.03997886,0.0,0.19492476,0.026513783,0.0,0.0,0.0,0.0,0.0,0.0,0.0
4,0,0.7385827,0.03997886,0.0,0.19492476,0.026513783,0.0,0.0,0.0,0.0,0.0,0.0,0.0
4,0,0.7385827,0.03997886,0.0,0.19492476,0.026513783,0.0,0.0,0.0,0.0,0.0,0.0,0.0
4,0,0.7385827,0.03997886,0.0,0.19492476,0.026513783,0.0,0.0,0.0,0.0,0.0,0.0,0.0
4,0,0.7385827,0.03997886,0.0,0.19492476,0.026513783,0.0,0.0,0.0,0.0,0.0,0.0,0.0
4,0,0.7385827,0.03997886,0.0,0.19492476,0.026513783,0.0,0.0,0.0,0.0,0.0,0.0,0.0
4,0,0.7385827,0.03997886,0.0,0.19492476,0.026513783,0.0,0.0,0.0,0.0,0.0,0.0,0.0
4,0,0.7385827,0.03997886,0.0,0.19492476,0.026513783,0.0,0.0,0.0,0.0,0.0,0.0,0.0
4,0,0.7385827,0.03997886,0.0,0.19492476,0.026513783,0.0,0.0,0.0,0.0,0.0,0.0,0.0
4,0,0.7385827,0.03997886,0.0,0.19492476,0.026513783,0.0,0.0,0.0,0.0,0.0,0.0,0.0
4,0,0.7385827,0.03997886,0.0,0.19492476,0.026513783,0.0,0.0,0.0,0.0,0.0,0.0,0.0
4,0,0.7385827,0.03997886,0.0,0.19492476,0.026513783,0.0,0.0,0.0,0.0,0.0,0.0,0.0
4,0,0.7385827,0.03997886,0.0,0.19492476,0.026513783,0.0,0.0,0.0,0.0,0.0,0.0,0.0
4,0,0.7385827,0.03997886,0.0,0.19492476,0.026513783,0.0,0.0,0.0,0.0,0.0,0.0,0.0
4,0,0.7385827,0.03997886,0.0,0.19492476,0.026513783,0.0,0.0,0.0,0.0,0.0,0.0,0.0
4,0,0.7385827,0.03997886,0.0,0.19492476,0.026513783,0.0,0.0,0.0,0.0,0.0,0.0,0.0
4,0,0.7385827,0.03997886,0.0,0.19492476,0.026513783,0.0,0.0,0.0,0.0,0.0,0.0,0.0
4,0,0.7385827,0.03997886,0.0,0.19492476,0.026513783,0.0,0.0,0.0,0.0,0.0,0.0,0.0
4,0,0.7385827,0.03997886,0.0,0.19492476,0.026513783,0.0,0.0,0.0,0.0,0.0,0.0,0.0
4,0,0.7385827,0.03997886,0.0,0.19492476,0.026513783,0.0,0.0,0.0,0.0,0.0,0.0,0.0
4,0,0.7385827,0.03997886,0.0,0.19492476,0.026513783,0.0,0.0,0.0,0.0,0.0,0.0,0.0
4,0,0.7385827,0.03997886,0.0,0.19492476,0.026513783,0.0,0.0,0.0,0.0,0.0,0.0,0.0
4,0,0.7385827,0.03997886,0.0,0.19492476,0.026513783,0.0,0.0,0.0,0.0,0.0,0.0,0.0
4,0,0.7385827,0.03997886,0.0,0.19492476,0.026513783,0.0,0.0,0.0,0.0,0.0,0.0,0.0
4,0,0.7385827,0.03997886,0.0,0.19492476,0.026513783,0.0,0.0,0.0,0.0,0.0,0.0,0.0
4,0,0.7385827,0.03997886,0.0,0.19492476,0.026513783,0.0,0.0,0.0,0.0,0.0,0.0,0.0
4,0,0.7385827,0.03997886,0.0,0.19492476,0.026513783,0.0,0.0,0.0,0.0,0.0,0.0,0.0
4,0,0.7385827,0.03997886,0.0,0.19492476,0.026513783,0.0,0.0,0.0,0.0,0.0,0.0,0.0
4,0,0.7385827,0.03997886,0.0,0.19492476,0.026513783,0.0,0.0,0.0,0.0,0.0,0.0,0.0
4,0,0.7385827,0.03997886,0.0,0.19492476,0.026513783,0.0,0.0,0.0,0.0,0.0,0.0,0.0
4,0,0.7385827,0.03997886,0.0,0.19492476,0.026513783,0.0,0.0,0.0,0.0,0.0,0.0,0.0
4,0,0.7385827,0.03997886,0.0,0.19492476,0.026513783,0.0,0.0,0.0,0.0,0.0,0.0,0.0
4,0,0.7385827,0.03997886,0.0,0.19492476,0.026513783,0.0,0.0,0.0,0.0,0.0,0.0,0.0
4,0,0.7385827,0.03997886,0.0,0.19492476,0.026513783,0.0,0.0,0.0,0.0,0.0,0.0,0.0
4,0,0.7385827,0.03997886,0.0,0.19492476,0.026513783,0.0,0.0,0.0,0.0,0.0,0.0,0.0
4,0,0.7385827,0.03997886,0.0,0.19492476,0.026513783,0.0,0.0,0.0,0.0,0.0,0.0,0.0
4,0,0.7385827,0.03997886,0.0,0.19492476,0.026513783,0.0,0.0,0.0,0.0,0.0,0.0,0.0
4,0,0.7385827,0.03997886,0.0,0.19492476,0.026513783,0.0,0.0,0.0,0.0,0.0,0.0,0.0
4,0,0.7385827,0.03997886,0.0,0.19492476,0.026513783,0.0,0.0,0.0,0.0,0.0,0.0,0.0
4,0,0.7385827,0.03997886,0.0,0.19492476,0.026513783,0.0,0.0,0.0,0.0,0.0,0.0,0.0
4,0,0.7385827,0.03997886,0.0,0.19492476,0.026513783,0.0,0.0,0.0,0.0,0.0,0.0,0.0
4,0,0.7385827,0.03997886,0.0,0.19492476,0.026513783,0.0,0.0,0.0,0.0,0.0,0.0,0.0
4,0,0.7385827,0.03997886,0.0,0.19492476,0.026513783,0.0,0.0,0.0,0.0,0.0,0.0,0.0
4,0,0.7385827,0.03997886,0.0,0.19492476,0.026513783,0.0,0.0,0.0,0.0,0.0,0.0,0.0
4,0,0.7385827,0.03997886,0.0,0.19492476,0.026513783,0.0,0.0,0.0,0.0,0.0,0.0,0.0
4,0,0.7385827,0.03997886,0.0,0.19492476,0.026513783,0.0,0.0,0.0,0.0,0.0,0.0,0.0
4,0,0.7385827,0.03997886,0.0,0.19492476,0.026513783,0.0,0.0,0.0,0.0,0.0,0.0,0.0
4,0,0.7385827,0.03997886,0.0,0.19492476,0.026513783,0.0,0.0,0.0,0.0,0.0,0.0,0.0
4,0,0.7385827,0.03997886,0.0,0.19492476,0.026513783,0.0,0.0,0.0,0.0,0.0,0.0,0.0
4,0,0.7385827,0.03997886,0.0,0.19492476,0.026513783,0.0,0.0,0.0,0.0,0.0,0.0,0.0
4,0,0.7385827,0.03997886,0.0,0.19492476,0.026513783,0.0,0.0,0.0,0.0,0.0,0.0,0.0
4,0,0.7385827,0.03997886,0.0,0.19492476,0.026513783,0.0,0.0,0.0,0.0,0.0,0.0,0.0
4,0,0.7385827,0.03997886,0.0,0.19492476,0.026513783,0.0,0.0,0.0,0.0,0.0,0.0,0.0
4,0,0.7385827,0.03997886,0.0,0.19492476,0.026513783,0.0,0.0,0.0,0.0,0.0,0.0,0.0
4,0,0.7385827,0.03997886,0.0,0.19492476,0.026513783,0.0,0.0,0.0,0.0,0.0,0.0,0.0
4,0,0.7385827,0.03997886,0.0,0.19492476,0.026513783,0.0,0.0,0.0,0.0,0.0,0.0,0.0
4,0,0.7385827,0.03997886,0.0,0.19492476,0.026513783,0.0,0.0,0.0,0.0,0.0,0.0,0.0
4,0,0.7385827,0.03997886,0.0,0.19492476,0.026513783,0.0,0.0,0.0,0.0,0.0,0.0,0.0
4,0,0.7385827,0.03997886,0.0,0.19492476,0.026513783,0.0,0.0,0.0,0.0,0.0,0.0,0.0
4,0,0.7385827,0.03997886,0.0,0.19492476,0.026513783,0.0,0.0,0.0,0.0,0.0,0.0,0.0
4,0,0.7385827,0.03997886,0.0,0.19492476,0.026513783,0.0,0.0,0.0,0.0,0.0,0.0,0.0
4,0,0.7385827,0.03997886,0.0,0.19492476,0.026513783,0.0,0.0,0.0,0.0,0.0,0.0,0.0
4,0,0.7385827,0.03997886,0.0,0.19492476,0.026513783,0.0,0.0,0.0,0.0,0.0,0.0,0.0
4,0,0.7385827,0.03997886,0.0,0.19492476,0.026513783,0.0,0.0,0.0,0.0,0.0,0.0,0.0
4,0,0.7385827,0.03997886,0.0,0.19492476,0.026513783,0.0,0.0,0.0,0.0,0.0,0.0,0.0
4,0,0.7385827,0.03997886,0.0,0.19492476,0.026513783,0.0,0.0,0.0,0.0,0.0,0.0,0.0
4,0,0.7385827,0.03997886,0.0,0.19492476,0.026513783,0.0,0.0,0.0,0.0,0.0,0.0,0.0
4,0,0.7385827,0.03997886,0.0,0.19492476,0.026513783,0.0,0.0,0.0,0.0,0.0,0.0,0.0
4,0,0.7385827,0.03997886,0.0,0.19492476,0.026513783,0.0,0.0,0.0,0.0,0.0,0.0,0.0
4,0,0.7385827,0.03997886,0.0,0.19492476,0.026513783,0.0,0.0,0.0,0.0,0.0,0.0,0.0
4,0,0.7385827,0.03997886,0.0,0.19492476,0.026513783,0.0,0.0,0.0,0.0,0.0,0.0,0.0
4,0,0.7385827,0.03997886,0.0,0.19492476,0.026513783,0.0,0.0,0.0,0.0,0.0,0.0,0.0
4,0,0.7385827,0.03997886,0.0,0.19492476,0.026513783,0.0,0.0,0.0,0.0,0.0,0.0,0.0
4,0,0.7385827,0.03997886,0.0,0.19492476,0.026513783,0.0,0.0,0.0,0.0,0.0,0.0,0.0
4,0,0.7385827,0.03997886,0.0,0.19492476,0.026513783,0.0,0.0,0.0,0.0,0.0,0.0,0.0
4,0,0.7385827,0.03997886,0.0,0.19492476,0.026513783,0.0,0.0,0.0,0.0,0.0,0.0,0.0
4,0,0.7385827,0.03997886,0.0,0.19492476,0.026513783,0.0,0.0,0.0,0.0,0.0,0.0,0.0
4,0,0.82096183,0.04443798,0.0,0.10512918,0.029471047,0.0,0.0,0.0,0.0,0.0,0.0,0.0
4,0,0.82096183,0.04443798,0.0,0.10512918,0.029471047,0.0,0.0,0.0,0.0,0.0,0.0,0.0
4,0,0.82096183,0.04443798,0.0,0.10512918,0.029471047,0.0,0.0,0.0,0.0,0.0,0.0,0.0
4,0,0.82096183,0.04443798,0.0,0.10512918,0.029471047,0.0,0.0,0.0,0.0,0.0,0.0,0.0
4,0,0.82096183,0.04443798,0.0,0.10512918,0.029471047,0.0,0.0,0.0,0.0,0.0,0.0,0.0
4,0,0.82096183,0.04443798,0.0,0.10512918,0.029471047,0.0,0.0,0.0,0.0,0.0,0.0,0.0
4,0,0.82096183,0.04443798,0.0,0.10512918,0.029471047,0.0,0.0,0.0,0.0,0.0,0.0,0.0
4,0,0.82096183,0.04443798,0.0,0.10512918,0.029471047,0.0,0.0,0.0,0.0,0.0,0.0,0.0
4,0,0.82096183,0.04443798,0.0,0.10512918,0.029471047,0.0,0.0,0.0,0.0,0.0,0.0,0.0
4,0,0.82096183,0.04443798,0.0,0.10512918,0.029471047,0.0,0.0,0.0,0.0,0.0,0.0,0.0
4,0,0.82096183,0.04443798,0.0,0.10512918,0.029471047,0.0,0.0,0.0,0.0,0.0,0.0,0.0
4,0,0.82096183,0.04443798,0.0,0.10512918,0.029471047,0.0,0.0,0.0,0.0,0.0,0.0,0.0
4,0,0.82096183,0.04443798,0.0,0.10512918,0.029471047,0.0,0.0,0.0,0.0,0.0,0.0,0.0
4,0,0.82096183,0.04443798,0.0,0.10512918,0.029471047,0.0,0.0,0.0,0.0,0.0,0.0,0.0
4,0,0.82096183,0.04443798,0.0,0.10512918,0.029471047,0.0,0.0,0.0,0.0,0.0,0.0,0.0
4,0,0.82096183,0.04443798,0.0,0.10512918,0.029471047,0.0,0.0,0.0,0.0,0.0,0.0,0.0
4,0,0.82096183,0.04443798,0.0,0.10512918,0.029471047,0.0,0.0,0.0,0.0,0.0,0.0,0.0
4,0,0.82096183,0.04443798,0.0,0.10512918,0.029471047,0.0,0.0,0.0,0.0,0.0,0.0,0.0
4,0,0.82096183,0.04443798,0.0,0.10512918,0.029471047,0.0,0.0,0.0,0.0,0.0,0.0,0.0
4,0,0.82096183,0.04443798,0.0,0.10512918,0.029471047,0.0,0.0,0.0,0.0,0.0,0.0,0.0
4,0,0.82096183,0.04443798,0.0,0.10512918,0.029471047,0.0,0.0,0.0,0.0,0.0,0.0,0.0
4,0,0.82096183,0.04443798,0.0,0.10512918,0.029471047,0.0,0.0,0.0,0.0,0.0,0.0,0.0
4,0,0.82096183,0.04443798,0.0,0.10512918,0.029471047,0.0,0.0,0.0,0.0,0.0,0.0,0.0
4,0,0.82096183,0.04443798,0.0,0.10512918,0.029471047,0.0,0.0,0.0,0.0,0.0,0.0,0.0
4,0,0.82096183,0.04443798,0.0,0.10512918,0.029471047,0.0,0.0,0.0,0.0,0.0,0.0,0.0
4,0,0.82096183,0.04443798,0.0,0.10512918,0.029471047,0.0,0.0,0.0,0.0,0.0,0.0,0.0
4,0,0.82096183,0.04443798,0.0,0.10512918,0.029471047,0.0,0.0,0.0,0.0,0.0,0.0,0.0
4,0,0.82096183,0.04443798,0.0,0.10512918,0.029471047,0.0,0.0,0.0,0.0,0.0,0.0,0.0
4,0,0.82096183,0.04443798,0.0,0.10512918,0.029471047,0.0,0.0,0.0,0.0,0.0,0.0,0.0
4,0,0.82096183,0.04443798,0.0,0.10512918,0.029471047,0.0,0.0,0.0,0.0,0.0,0.0,0.0
4,0,0.82096183,0.04443798,0.0,0.10512918,0.029471047,0.0,0.0,0.0,0.0,0.0,0.0,0.0
4,0,0.82096183,0.04443798,0.0,0.10512918,0.029471047,0.0,0.0,0.0,0.0,0.0,0.0,0.0
4,0,0.82096183,0.04443798,0.0,0.10512918,0.029471047,0.0,0.0,0.0,0.0,0.0,0.0,0.0
4,0,0.82096183,0.04443798,0.0,0.10512918,0.029471047,0.0,0.0,0.0,0.0,0.0,0.0,0.0
4,0,0.82096183,0.04443798,0.0,0.10512918,0.029471047,0.0,0.0,0.0,0.0,0.0,0.0,0.0
4,0,0.82096183,0.04443798,0.0,0.10512918,0.029471047,0.0,0.0,0.0,0.0,0.0,0.0,0.0
4,0,0.82096183,0.04443798,0.0,0.10512918,0.029471047,0.0,0.0,0.0,0.0,0.0,0.0,0.0
4,0,0.82096183,0.04443798,0.0,0.10512918,0.029471047,0.0,0.0,0.0,0.0,0.0,0.0,0.0
4,0,0.82096183,0.04443798,0.0,0.10512918,0.029471047,0.0,0.0,0.0,0.0,0.0,0.0,0.0
4,0,0.82096183,0.04443798,0.0,0.10512918,0.029471047,0.0,0.0,0.0,0.0,0.0,0.0,0.0
4,0,0.82096183,0.04443798,0.0,0.10512918,0.029471047,0.0,0.0,0.0,0.0,0.0,0.0,0.0
4,0,0.82096183,0.04443798,0.0,0.10512918,0.029471047,0.0,0.0,0.0,0.0,0.0,0.0,0.0
4,0,0.82096183,0.04443798,0.0,0.10512918,0.029471047,0.0,0.0,0.0,0.0,0.0,0.0,0.0
4,0,0.82096183,0.04443798,0.0,0.10512918,0.029471047,0.0,0.0,0.0,0.0,0.0,0.0,0.0
4,0,0.82096183,0.04443798,0.0,0.10512918,0.029471047,0.0,0.0,0.0,0.0,0.0,0.0,0.0
4,0,0.82096183,0.04443798,0.0,0.10512918,0.029471047,0.0,0.0,0.0,0.0,0.0,0.0,0.0
4,0,0.82096183,0.04443798,0.0,0.10512918,0.029471047,0.0,0.0,0.0,0.0,0.0,0.0,0.0
4,0,0.82096183,0.04443798,0.0,0.10512918,0.029471047,0.0,0.0,0.0,0.0,0.0,0.0,0.0
4,0,0.82096183,0.04443798,0.0,0.10512918,0.029471047,0.0,0.0,0.0,0.0,0.0,0.0,0.0
4,0,0.82096183,0.04443798,0.0,0.10512918,0.029471047,0.0,0.0,0.0,0.0,0.0,0.0,0.0
4,0,0.82096183,0.04443798,0.0,0.10512918,0.029471047,0.0,0.0,0.0,0.0,0.0,0.0,0.0
4,0,0.82096183,0.04443798,0.0,0.10512918,0.029471047,0.0,0.0,0.0,0.0,0.0,0.0,0.0
4,0,0.82096183,0.04443798,0.0,0.10512918,0.029471047,0.0,0.0,0.0,0.0,0.0,0.0,0.0
4,0,0.82096183,0.04443798,0.0,0.10512918,0.029471047,0.0,0.0,0.0,0.0,0.0,0.0,0.0
4,0,0.82096183,0.04443798,0.0,0.10512918,0.029471047,0.0,0.0,0.0,0.0,0.0,0.0,0.0
4,0,0.82096183,0.04443798,0.0,0.10512918,0.029471047,0.0,0.0,0.0,0.0,0.0,0.0,0.0
4,0,0.82096183,0.04443798,0.0,0.10512918,0.029471047,0.0,0.0,0.0,0.0,0.0,0.0,0.0
4,0,0.82096183,0.04443798,0.0,0.10512918,0.029471047,0.0,0.0,0.0,0.0,0.0,0.0,0.0
4,0,0.82096183,0.04443798,0.0,0.10512918,0.029471047,0.0,0.0,0.0,0.0,0.0,0.0,0.0
4,0,0.82096183,0.04443798,0.0,0.10512918,0.029471047,0.0,0.0,0.0,0.0,0.0,0.0,0.0
4,0,0.82096183,0.04443798,0.0,0.10512918,0.029471047,0.0,0.0,0.0,0.0,0.0,0.0,0.0
4,0,0.82096183,0.04443798,0.0,0.10512918,0.029471047,0.0,0.0,0.0,0.0,0.0,0.0,0.0
4,0,0.82096183,0.04443798,0.0,0.10512918,0.029471047,0.0,0.0,0.0,0.0,0.0,0.0,0.0
4,0,0.82096183,0.04443798,0.0,0.10512918,0.029471047,0.0,0.0,0.0,0.0,0.0,0.0,0.0
4,0,0.82096183,0.04443798,0.0,0.10512918,0.029471047,0.0,0.0,0.0,0.0,0.0,0.0,0.0
4,0,0.82096183,0.04443798,0.0,0.10512918,0.029471047,0.0,0.0,0.0,0.0,0.0,0.0,0.0
4,0,0.82096183,0.04443798,0.0,0.10512918,0.029471047,0.0,0.0,0.0,0.0,0.0,0.0,0.0
4,0,0.82096183,0.04443798,0.0,0.10512918,0.029471047,0.0,0.0,0.0,0.0,0.0,0.0,0.0
4,0,0.82096183,0.0,0.0,0.14956716,0.029471047,0.0,0.0,0.0,0.0,0.0,0.0,0.0
4,0,0.82096183,0.0,0.0,0.14956716,0.029471047,0.0,0.0,0.0,0.0,0.0,0.0,0.0
4,0,0.82096183,0.0,0.0,0.14956716,0.029471047,0.0,0.0,0.0,0.0,0.0,0.0,0.0
4,0,0.82096183,0.0,0.0,0.14956716,0.029471047,0.0,0.0,0.0,0.0,0.0,0.0,0.0
4,0,0.82096183,0.0,0.0,0.14956716,0.029471047,0.0,0.0,0.0,0.0,0.0,0.0,0.0
4,0,0.82096183,0.0,0.0,0.14956716,0.029471047,0.0,0.0,0.0,0.0,0.0,0.0,0.0
4,0,0.82096183,0.0,0.0,0.14956716,0.029471047,0.0,0.0,0.0,0.0,0.0,0.0,0.0
4,0,0.82096183,0.0,0.0,0.14956716,0.029471047,0.0,0.0,0.0,0.0,0.0,0.0,0.0
4,0,0.7385827,0.0,0.0,0.23490362,0.026513783,0.0,0.0,0.0,0.0,0.0,0.0,0.0
4,0,0.7385827,0.0,0.0,0.23490362,0.026513783,0.0,0.0,0.0,0.0,0.0,0.0,0.0
4,0,0.7385827,0.0,0.0,0.23490362,0.026513783,0.0,0.0,0.0,0.0,0.0,0.0,0.0
4,0,0.7385827,0.0,0.0,0.23490362,0.026513783,0.0,0.0,0.0,0.0,0.0,0.0,0.0
4,0,0.7385827,0.0,0.0,0.23490362,0.026513783,0.0,0.0,0.0,0.0,0.0,0.0,0.0
4,0,0.7385827,0.0,0.0,0.23490362,0.026513783,0.0,0.0,0.0,0.0,0.0,0.0,0.0
4,0,0.7385827,0.0,0.0,0.23490362,0.026513783,0.0,0.0,0.0,0.0,0.0,0.0,0.0
4,0,0.7385827,0.0,0.0,0.23490362,0.026513783,0.0,0.0,0.0,0.0,0.0,0.0,0.0
4,0,0.7385827,0.0,0.0,0.23490362,0.026513783,0.0,0.0,0.0,0.0,0.0,0.0,0.0
4,0,0.7385827,0.0,0.0,0.23490362,0.026513783,0.0,0.0,0.0,0.0,0.0,0.0,0.0
4,0,0.7385827,0.0,0.0,0.23490362,0.026513783,0.0,0.0,0.0,0.0,0.0,0.0,0.0
4,0,0.7385827,0.0,0.0,0.23490362,0.026513783,0.0,0.0,0.0,0.0,0.0,0.0,0.0
4,0,0.7385827,0.0,0.0,0.23490362,0.026513783,0.0,0.0,0.0,0.0,0.0,0.0,0.0
4,0,0.7385827,0.0,0.0,0.23490362,0.026513783,0.0,0.0,0.0,0.0,0.0,0.0,0.0
4,0,0.7385827,0.0,0.0,0.23490362,0.026513783,0.0,0.0,0.0,0.0,0.0,0.0,0.0
4,0,0.7385827,0.0,0.0,0.23490362,0.026513783,0.0,0.0,0.0,0.0,0.0,0.0,0.0
4,0,0.7385827,0.0,0.0,0.23490362,0.026513783,0.0,0.0,0.0,0.0,0.0,0.0,0.0
4,0,0.7385827,0.0,0.0,0.23490362,0.026513783,0.0,0.0,0.0,0.0,0.0,0.0,0.0
4,0,0.7385827,0.0,0.0,0.23490362,0.026513783,0.0,0.0,0.0,0.0,0.0,0.0,0.0
4,0,0.7385827,0.0,0.0,0.23490362,0.026513783,0.0,0.0,0.0,0.0,0.0,0.0,0.0
4,0,0.7385827,0.0,0.0,0.23490362,0.026513783,0.0,0.0,0.0,0.0,0.0,0.0,0.0
4,0,0.7385827,0.0,0.0,0.23490362,0.026513783,0.0,0.0,0.0,0.0,0.0,0.0,0.0
4,0,0.7385827,0.0,0.0,0.23490362,0.026513783,0.0,0.0,0.0,0.0,0.0,0.0,0.0
4,0,0.7385827,0.0,0.0,0.23490362,0.026513783,0.0,0.0,0.0,0.0,0.0,0.0,0.0
4,0,0.7385827,0.0,0.0,0.23490362,0.026513783,0.0,0.0,0.0,0.0,0.0,0.0,0.0
4,0,0.7385827,0.0,0.0,0.23490362,0.026513783,0.0,0.0,0.0,0.0,0.0,0.0,0.0
4,0,0.7385827,0.0,0.0,0.23490362,0.026513783,0.0,0.0,0.0,0.0,0.0,0.0,0.0
4,0,0.7385827,0.0,0.0,0.23490362,0.026513783,0.0,0.0,0.0,0.0,0.0,0.0,0.0
4,0,0.7385827,0.0,0.0,0.23490362,0.026513783,0.0,0.0,0.0,0.0,0.0,0.0,0.0
4,0,0.7385827,0.0,0.0,0.23490362,0.026513783,0.0,0.0,0.0,0.0,0.0,0.0,0.0
4,0,0.7385827,0.0,0.0,0.23490362,0.026513783,0.0,0.0,0.0,0.0,0.0,0.0,0.0
4,0,0.7385827,0.0,0.0,0.23490362,0.026513783,0.0,0.0,0.0,0.0,0.0,0.0,0.0
4,0,0.7385827,0.0,0.0,0.23490362,0.026513783,0.0,0.0,0.0,0.0,0.0,0.0,0.0
4,0,0.7385827,0.0,0.0,0.23490362,0.026513783,0.0,0.0,0.0,0.0,0.0,0.0,0.0
4,0,0.7385827,0.0,0.0,0.23490362,0.026513783,0.0,0.0,0.0,0.0,0.0,0.0,0.0
4,0,0.7385827,0.0,0.0,0.23490362,0.026513783,0.0,0.0,0.0,0.0,0.0,0.0,0.0
4,0,0.7385827,0.0,0.0,0.23490362,0.026513783,0.0,0.0,0.0,0.0,0.0,0.0,0.0
4,0,0.7385827,0.0,0.0,0.23490362,0.026513783,0.0,0.0,0.0,0.0,0.0,0.0,0.0
4,0,0.7385827,0.0,0.0,0.23490362,0.026513783,0.0,0.0,0.0,0.0,0.0,0.0,0.0
4,0,0.7385827,0.0,0.0,0.23490362,0.026513783,0.0,0.0,0.0,0.0,0.0,0.0,0.0
4,0,0.60099775,0.0,0.0,0.37248856,0.026513783,0.0,0.0,0.0,0.0,0.0,0.0,0.0
4,0,0.60099775,0.0,0.0,0.37248856,0.026513783,0.0,0.0,0.0,0.0,0.0,0.0,0.0
4,0,0.60099775,0.0,0.0,0.37248856,0.026513783,0.0,0.0,0.0,0.0,0.0,0.0,0.0
4,0,0.60099775,0.0,0.0,0.37248856,0.026513783,0.0,0.0,0.0,0.0,0.0,0.0,0.0
4,0,0.60099775,0.0,0.0,0.37248856,0.026513783,0.0,0.0,0.0,0.0,0.0,0.0,0.0
4,0,0.60099775,0.0,0.0,0.37248856,0.026513783,0.0,0.0,0.0,0.0,0.0,0.0,0.0
4,0,0.60099775,0.0,0.0,0.37248856,0.026513783,0.0,0.0,0.0,0.0,0.0,0.0,0.0
4,0,0.60099775,0.0,0.0,0.37248856,0.026513783,0.0,0.0,0.0,0.0,0.0,0.0,0.0
4,0,0.60099775,0.0,0.0,0.37248856,0.026513783,0.0,0.0,0.0,0.0,0.0,0.0,0.0
4,0,0.60099775,0.0,0.0,0.37248856,0.026513783,0.0,0.0,0.0,0.0,0.0,0.0,0.0
4,0,0.60099775,0.0,0.0,0.37248856,0.026513783,0.0,0.0,0.0,0.0,0.0,0.0,0.0
4,0,0.60099775,0.0,0.0,0.37248856,0.026513783,0.0,0.0,0.0,0.0,0.0,0.0,0.0
4,0,0.60099775,0.0,0.0,0.37248856,0.026513783,0.0,0.0,0.0,0.0,0.0,0.0,0.0
4,0,0.60099775,0.0,0.0,0.37248856,0.026513783,0.0,0.0,0.0,0.0,0.0,0.0,0.0
4,0,0.60099775,0.0,0.0,0.37248856,0.026513783,0.0,0.0,0.0,0.0,0.0,0.0,0.0
4,0,0.60099775,0.0,0.0,0.37248856,0.026513783,0.0,0.0,0.0,0.0,0.0,0.0,0.0
4,0,0.60099775,0.0,0.0,0.37248856,0.026513783,0.0,0.0,0.0,0.0,0.0,0.0,0.0
4,0,0.60099775,0.0,0.0,0.37248856,0.026513783,0.0,0.0,0.0,0.0,0.0,0.0,0.0
4,0,0.60099775,0.0,0.0,0.37248856,0.026513783,0.0,0.0,0.0,0.0,0.0,0.0,0.0
4,0,0.60099775,0.0,0.0,0.37248856,0.026513783,0.0,0.0,0.0,0.0,0.0,0.0,0.0
4,0,0.60099775,0.0,0.0,0.37248856,0.026513783,0.0,0.0,0.0,0.0,0.0,0.0,0.0
4,0,0.60099775,0.0,0.0,0.37248856,0.026513783,0.0,0.0,0.0,0.0,0.0,0.0,0.0
4,0,0.60099775,0.0,0.0,0.37248856,0.026513783,0.0,0.0,0.0,0.0,0.0,0.0,0.0
4,0,0.60099775,0.0,0.0,0.37248856,0.026513783,0.0,0.0,0.0,0.0,0.0,0.0,0.0
4,0,0.60099775,0.0,0.0,0.37248856,0.026513783,0.0,0.0,0.0,0.0,0.0,0.0,0.0
4,0,0.60099775,0.0,0.0,0.37248856,0.026513783,0.0,0.0,0.0,0.0,0.0,0.0,0.0
4,0,0.60099775,0.0,0.0,0.37248856,0.026513783,0.0,0.0,0.0,0.0,0.0,0.0,0.0
4,0,0.60099775,0.0,0.0,0.37248856,0.026513783,0.0,0.0,0.0,0.0,0.0,0.0,0.0
4,0,0.60099775,0.0,0.0,0.37248856,0.026513783,0.0,0.0,0.0,0.0,0.0,0.0,0.0
4,0,0.60099775,0.0,0.0,0.37248856,0.026513783,0.0,0.0,0.0,0.0,0.0,0.0,0.0
4,0,0.60099775,0.0,0.0,0.37248856,0.026513783,0.0,0.0,0.0,0.0,0.0,0.0,0.0
4,0,0.60099775,0.0,0.0,0.37248856,0.026513783,0.0,0.0,0.0,0.0,0.0,0.0,0.0
4,0,0.6009977,0.0,0.0,0.3990023,0.0,0.0,0.0,0.0,0.0,0.0,0.0,0.0
4,0,0.6009977,0.0,0.0,0.3990023,0.0,0.0,0.0,0.0,0.0,0.0,0.0,0.0
4,0,0.6009977,0.0,0.0,0.3990023,0.0,0.0,0.0,0.0,0.0,0.0,0.0,0.0
4,0,0.6009977,0.0,0.0,0.3990023,0.0,0.0,0.0,0.0,0.0,0.0,0.0,0.0
4,0,0.55306745,0.0,0.0,0.44693255,0.0,0.0,0.0,0.0,0.0,0.0,0.0,0.0
4,0,0.55306745,0.0,0.0,0.44693255,0.0,0.0,0.0,0.0,0.0,0.0,0.0,0.0
4,0,0.55306745,0.0,0.0,0.44693255,0.0,0.0,0.0,0.0,0.0,0.0,0.0,0.0
4,0,0.55306745,0.0,0.0,0.44693255,0.0,0.0,0.0,0.0,0.0,0.0,0.0,0.0
4,0,0.55306745,0.0,0.0,0.44693255,0.0,0.0,0.0,0.0,0.0,0.0,0.0,0.0
4,0,0.55306745,0.0,0.0,0.44693255,0.0,0.0,0.0,0.0,0.0,0.0,0.0,0.0
4,0,0.55306745,0.0,0.0,0.44693255,0.0,0.0,0.0,0.0,0.0,0.0,0.0,0.0
4,0,0.55306745,0.0,0.0,0.44693255,0.0,0.0,0.0,0.0,0.0,0.0,0.0,0.0
4,0,0.55306745,0.0,0.03163797,0.4152946,0.0,0.0,0.0,0.0,0.0,0.0,0.0,0.0
4,0,0.55306745,0.0,0.03163797,0.4152946,0.0,0.0,0.0,0.0,0.0,0.0,0.0,0.0
4,0,0.55306745,0.0,0.03163797,0.4152946,0.0,0.0,0.0,0.0,0.0,0.0,0.0,0.0
4,0,0.55306745,0.0,0.03163797,0.4152946,0.0,0.0,0.0,0.0,0.0,0.0,0.0,0.0
4,0,0.55306745,0.0,0.03163797,0.4152946,0.0,0.0,0.0,0.0,0.0,0.0,0.0,0.0
4,3,0.47263718,0.0,0.03163797,0.49572492,0.0,0.0,0.0,0.0,0.0,0.0,0.0,0.0
4,3,0.47263718,0.0,0.03163797,0.49572492,0.0,0.0,0.0,0.0,0.0,0.0,0.0,0.0
4,3,0.47263718,0.0,0.03163797,0.49572492,0.0,0.0,0.0,0.0,0.0,0.0,0.0,0.0
4,3,0.47263718,0.0,0.03163797,0.49572492,0.0,0.0,0.0,0.0,0.0,0.0,0.0,0.0
4,3,0.47263718,0.0,0.03163797,0.49572492,0.0,0.0,0.0,0.0,0.0,0.0,0.0,0.0
4,3,0.47263718,0.0,0.03163797,0.49572492,0.0,0.0,0.0,0.0,0.0,0.0,0.0,0.0
4,3,0.47263718,0.0,0.03163797,0.49572492,0.0,0.0,0.0,0.0,0.0,0.0,0.0,0.0
4,3,0.47263718,0.0,0.03163797,0.49572492,0.0,0.0,0.0,0.0,0.0,0.0,0.0,0.0
4,3,0.47263718,0.0,0.03163797,0.49572492,0.0,0.0,0.0,0.0,0.0,0.0,0.0,0.0
4,3,0.47263718,0.0,0.03163797,0.49572492,0.0,0.0,0.0,0.0,0.0,0.0,0.0,0.0
4,3,0.47263718,0.0,0.03163797,0.49572492,0.0,0.0,0.0,0.0,0.0,0.0,0.0,0.0
4,3,0.47263718,0.0,0.03163797,0.49572492,0.0,0.0,0.0,0.0,0.0,0.0,0.0,0.0
4,3,0.47263718,0.0,0.03163797,0.49572492,0.0,0.0,0.0,0.0,0.0,0.0,0.0,0.0
4,3,0.47263718,0.0,0.03163797,0.49572492,0.0,0.0,0.0,0.0,0.0,0.0,0.0,0.0
4,3,0.47263718,0.0,0.03163797,0.49572492,0.0,0.0,0.0,0.0,0.0,0.0,0.0,0.0
4,3,0.34999686,0.0,0.03163797,0.6183652,0.0,0.0,0.0,0.0,0.0,0.0,0.0,0.0
4,3,0.34999686,0.0,0.03163797,0.6183652,0.0,0.0,0.0,0.0,0.0,0.0,0.0,0.0
4,3,0.32587293,0.0,0.03163797,0.64248914,0.0,0.0,0.0,0.0,0.0,0.0,0.0,0.0
4,3,0.32587293,0.0,0.03163797,0.64248914,0.0,0.0,0.0,0.0,0.0,0.0,0.0,0.0
4,3,0.32587293,0.0,0.03163797,0.64248914,0.0,0.0,0.0,0.0,0.0,0.0,0.0,0.0
4,3,0.32587293,0.0,0.03163797,0.64248914,0.0,0.0,0.0,0.0,0.0,0.0,0.0,0.0
4,3,0.32587293,0.0,0.03163797,0.64248914,0.0,0.0,0.0,0.0,0.0,0.0,0.0,0.0
4,3,0.32587293,0.0,0.03163797,0.64248914,0.0,0.0,0.0,0.0,0.0,0.0,0.0,0.0
4,3,0.32587293,0.0,0.03163797,0.64248914,0.0,0.0,0.0,0.0,0.0,0.0,0.0,0.0
4,3,0.32587293,0.0,0.03163797,0.64248914,0.0,0.0,0.0,0.0,0.0,0.0,0.0,0.0
4,3,0.32587293,0.0,0.03163797,0.64248914,0.0,0.0,0.0,0.0,0.0,0.0,0.0,0.0
4,3,0.32587293,0.0,0.03163797,0.64248914,0.0,0.0,0.0,0.0,0.0,0.0,0.0,0.0
4,3,0.32587293,0.0,0.03163797,0.64248914,0.0,0.0,0.0,0.0,0.0,0.0,0.0,0.0
4,3,0.32587293,0.0,0.03163797,0.64248914,0.0,0.0,0.0,0.0,0.0,0.0,0.0,0.0
4,3,0.32587293,0.0,0.03163797,0.64248914,0.0,0.0,0.0,0.0,0.0,0.0,0.0,0.0
4,3,0.32587293,0.0,0.03163797,0.64248914,0.0,0.0,0.0,0.0,0.0,0.0,0.0,0.0
4,3,0.32587293,0.0,0.03163797,0.64248914,0.0,0.0,0.0,0.0,0.0,0.0,0.0,0.0
4,3,0.32587293,0.0,0.03163797,0.64248914,0.0,0.0,0.0,0.0,0.0,0.0,0.0,0.0
4,3,0.32587293,0.0,0.0,0.6741271,0.0,0.0,0.0,0.0,0.0,0.0,0.0,0.0
4,3,0.32587293,0.0,0.0,0.6741271,0.0,0.0,0.0,0.0,0.0,0.0,0.0,0.0
4,3,0.32587293,0.0,0.0,0.6741271,0.0,0.0,0.0,0.0,0.0,0.0,0.0,0.0
4,3,0.32587293,0.0,0.0,0.6741271,0.0,0.0,0.0,0.0,0.0,0.0,0.0,0.0
4,3,0.32587293,0.0,0.0,0.6741271,0.0,0.0,0.0,0.0,0.0,0.0,0.0,0.0
4,3,0.32587293,0.0,0.0,0.6741271,0.0,0.0,0.0,0.0,0.0,0.0,0.0,0.0
4,3,0.32587293,0.0,0.0,0.6741271,0.0,0.0,0.0,0.0,0.0,0.0,0.0,0.0
4,3,0.32587293,0.0,0.0,0.6741271,0.0,0.0,0.0,0.0,0.0,0.0,0.0,0.0
4,3,0.32587293,0.0,0.0,0.6741271,0.0,0.0,0.0,0.0,0.0,0.0,0.0,0.0
4,3,0.32587293,0.0,0.0,0.6741271,0.0,0.0,0.0,0.0,0.0,0.0,0.0,0.0
4,3,0.32587293,0.0,0.0,0.6741271,0.0,0.0,0.0,0.0,0.0,0.0,0.0,0.0
4,3,0.32587293,0.0,0.0,0.6741271,0.0,0.0,0.0,0.0,0.0,0.0,0.0,0.0
4,3,0.32587293,0.0,0.0,0.6741271,0.0,0.0,0.0,0.0,0.0,0.0,0.0,0.0
4,3,0.32587293,0.0,0.0,0.6741271,0.0,0.0,0.0,0.0,0.0,0.0,0.0,0.0
4,3,0.32587293,0.0,0.0,0.6741271,0.0,0.0,0.0,0.0,0.0,0.0,0.0,0.0
4,3,0.32587293,0.0,0.0,0.6741271,0.0,0.0,0.0,0.0,0.0,0.0,0.0,0.0
4,3,0.32587293,0.0,0.0,0.6741271,0.0,0.0,0.0,0.0,0.0,0.0,0.0,0.0
4,3,0.32587293,0.0,0.0,0.6741271,0.0,0.0,0.0,0.0,0.0,0.0,0.0,0.0
4,3,0.32587293,0.0,0.0,0.6741271,0.0,0.0,0.0,0.0,0.0,0.0,0.0,0.0
4,3,0.32587293,0.0,0.0,0.6741271,0.0,0.0,0.0,0.0,0.0,0.0,0.0,0.0
4,3,0.32587293,0.0,0.0,0.6741271,0.0,0.0,0.0,0.0,0.0,0.0,0.0,0.0
4,3,0.32587293,0.0,0.0,0.6741271,0.0,0.0,0.0,0.0,0.0,0.0,0.0,0.0
4,3,0.32587293,0.0,0.0,0.6741271,0.0,0.0,0.0,0.0,0.0,0.0,0.0,0.0
4,3,0.32587293,0.0,0.0,0.6741271,0.0,0.0,0.0,0.0,0.0,0.0,0.0,0.0
4,3,0.32587293,0.0,0.0,0.6741271,0.0,0.0,0.0,0.0,0.0,0.0,0.0,0.0
4,3,0.32587293,0.0,0.0,0.6741271,0.0,0.0,0.0,0.0,0.0,0.0,0.0,0.0
4,3,0.32587293,0.0,0.0,0.6741271,0.0,0.0,0.0,0.0,0.0,0.0,0.0,0.0
4,3,0.32587293,0.0,0.0,0.6741271,0.0,0.0,0.0,0.0,0.0,0.0,0.0,0.0
4,3,0.32587293,0.0,0.0,0.6741271,0.0,0.0,0.0,0.0,0.0,0.0,0.0,0.0
4,3,0.32587293,0.0,0.0,0.6741271,0.0,0.0,0.0,0.0,0.0,0.0,0.0,0.0
4,3,0.32587293,0.0,0.0,0.6741271,0.0,0.0,0.0,0.0,0.0,0.0,0.0,0.0
4,3,0.32587293,0.0,0.0,0.6741271,0.0,0.0,0.0,0.0,0.0,0.0,0.0,0.0
4,3,0.32587293,0.0,0.0,0.6741271,0.0,0.0,0.0,0.0,0.0,0.0,0.0,0.0
4,3,0.32587293,0.0,0.0,0.6741271,0.0,0.0,0.0,0.0,0.0,0.0,0.0,0.0
4,3,0.32587293,0.0,0.0,0.6741271,0.0,0.0,0.0,0.0,0.0,0.0,0.0,0.0
4,3,0.32587293,0.0,0.0,0.6741271,0.0,0.0,0.0,0.0,0.0,0.0,0.0,0.0
4,3,0.32587293,0.0,0.0,0.6741271,0.0,0.0,0.0,0.0,0.0,0.0,0.0,0.0
4,3,0.32587293,0.0,0.0,0.6741271,0.0,0.0,0.0,0.0,0.0,0.0,0.0,0.0
4,3,0.32587293,0.0,0.0,0.6741271,0.0,0.0,0.0,0.0,0.0,0.0,0.0,0.0
4,3,0.32587293,0.0,0.0,0.6741271,0.0,0.0,0.0,0.0,0.0,0.0,0.0,0.0
4,3,0.32587293,0.0,0.0,0.6741271,0.0,0.0,0.0,0.0,0.0,0.0,0.0,0.0
4,3,0.32587293,0.0,0.0,0.6741271,0.0,0.0,0.0,0.0,0.0,0.0,0.0,0.0
4,3,0.32587293,0.0,0.0,0.6741271,0.0,0.0,0.0,0.0,0.0,0.0,0.0,0.0
4,3,0.32587293,0.0,0.0,0.6741271,0.0,0.0,0.0,0.0,0.0,0.0,0.0,0.0
4,3,0.32587293,0.0,0.0,0.6741271,0.0,0.0,0.0,0.0,0.0,0.0,0.0,0.0
4,3,0.32587293,0.0,0.0,0.6741271,0.0,0.0,0.0,0.0,0.0,0.0,0.0,0.0
4,3,0.29837272,0.0,0.0,0.7016273,0.0,0.0,0.0,0.0,0.0,0.0,0.0,0.0
4,3,0.29837272,0.0,0.0,0.7016273,0.0,0.0,0.0,0.0,0.0,0.0,0.0,0.0
4,3,0.29837272,0.0,0.0,0.7016273,0.0,0.0,0.0,0.0,0.0,0.0,0.0,0.0
4,3,0.29837272,0.0,0.0,0.7016273,0.0,0.0,0.0,0.0,0.0,0.0,0.0,0.0
4,3,0.29837272,0.0,0.0,0.7016273,0.0,0.0,0.0,0.0,0.0,0.0,0.0,0.0
4,3,0.29837272,0.0,0.0,0.7016273,0.0,0.0,0.0,0.0,0.0,0.0,0.0,0.0
4,3,0.29837272,0.0,0.0,0.7016273,0.0,0.0,0.0,0.0,0.0,0.0,0.0,0.0
4,3,0.29837272,0.0,0.0,0.7016273,0.0,0.0,0.0,0.0,0.0,0.0,0.0,0.0
4,3,0.29837272,0.0,0.0,0.7016273,0.0,0.0,0.0,0.0,0.0,0.0,0.0,0.0
4,3,0.29837272,0.0,0.0,0.7016273,0.0,0.0,0.0,0.0,0.0,0.0,0.0,0.0
4,3,0.29837272,0.0,0.0,0.7016273,0.0,0.0,0.0,0.0,0.0,0.0,0.0,0.0
4,3,0.29837272,0.0,0.0,0.7016273,0.0,0.0,0.0,0.0,0.0,0.0,0.0,0.0
4,3,0.29837272,0.0,0.0,0.7016273,0.0,0.0,0.0,0.0,0.0,0.0,0.0,0.0
4,3,0.29837272,0.0,0.0,0.7016273,0.0,0.0,0.0,0.0,0.0,0.0,0.0,0.0
4,3,0.29837272,0.0,0.0,0.7016273,0.0,0.0,0.0,0.0,0.0,0.0,0.0,0.0
4,3,0.29837272,0.0,0.0,0.7016273,0.0,0.0,0.0,0.0,0.0,0.0,0.0,0.0
4,3,0.29837272,0.0,0.0,0.7016273,0.0,0.0,0.0,0.0,0.0,0.0,0.0,0.0
4,3,0.29837272,0.0,0.0,0.7016273,0.0,0.0,0.0,0.0,0.0,0.0,0.0,0.0
4,3,0.29837272,0.0,0.0,0.7016273,0.0,0.0,0.0,0.0,0.0,0.0,0.0,0.0
4,3,0.29837272,0.0,0.0,0.7016273,0.0,0.0,0.0,0.0,0.0,0.0,0.0,0.0
4,3,0.29837272,0.0,0.0,0.7016273,0.0,0.0,0.0,0.0,0.0,0.0,0.0,0.0
4,3,0.29837272,0.0,0.0,0.7016273,0.0,0.0,0.0,0.0,0.0,0.0,0.0,0.0
4,3,0.29837272,0.0,0.0,0.7016273,0.0,0.0,0.0,0.0,0.0,0.0,0.0,0.0
4,3,0.29837272,0.0,0.0,0.7016273,0.0,0.0,0.0,0.0,0.0,0.0,0.0,0.0
4,3,0.29837272,0.0,0.0,0.7016273,0.0,0.0,0.0,0.0,0.0,0.0,0.0,0.0
4,3,0.29837272,0.0,0.0,0.7016273,0.0,0.0,0.0,0.0,0.0,0.0,0.0,0.0
4,3,0.29837272,0.0,0.0,0.7016273,0.0,0.0,0.0,0.0,0.0,0.0,0.0,0.0
4,3,0.29837272,0.0,0.0,0.7016273,0.0,0.0,0.0,0.0,0.0,0.0,0.0,0.0
4,3,0.29837272,0.0,0.0,0.7016273,0.0,0.0,0.0,0.0,0.0,0.0,0.0,0.0
4,3,0.29837272,0.0,0.0,0.7016273,0.0,0.0,0.0,0.0,0.0,0.0,0.0,0.0
4,3,0.29837272,0.0,0.03163797,0.66998935,0.0,0.0,0.0,0.0,0.0,0.0,0.0,0.0
4,3,0.29837272,0.0,0.03163797,0.66998935,0.0,0.0,0.0,0.0,0.0,0.0,0.0,0.0
4,3,0.36138874,0.0,0.03163797,0.60697335,0.0,0.0,0.0,0.0,0.0,0.0,0.0,0.0
4,3,0.36138874,0.0,0.03163797,0.60697335,0.0,0.0,0.0,0.0,0.0,0.0,0.0,0.0
4,3,0.36138874,0.0,0.03163797,0.60697335,0.0,0.0,0.0,0.0,0.0,0.0,0.0,0.0
4,3,0.36138874,0.0,0.03163797,0.60697335,0.0,0.0,0.0,0.0,0.0,0.0,0.0,0.0
4,3,0.36138874,0.0,0.03163797,0.60697335,0.0,0.0,0.0,0.0,0.0,0.0,0.0,0.0
4,3,0.36138874,0.0,0.03163797,0.60697335,0.0,0.0,0.0,0.0,0.0,0.0,0.0,0.0
4,3,0.36138874,0.0,0.03163797,0.60697335,0.0,0.0,0.0,0.0,0.0,0.0,0.0,0.0
4,3,0.36138874,0.0,0.03163797,0.60697335,0.0,0.0,0.0,0.0,0.0,0.0,0.0,0.0
4,3,0.36138874,0.0,0.03163797,0.60697335,0.0,0.0,0.0,0.0,0.0,0.0,0.0,0.0
4,3,0.36138874,0.0,0.03163797,0.60697335,0.0,0.0,0.0,0.0,0.0,0.0,0.0,0.0
4,3,0.36138874,0.0,0.03163797,0.60697335,0.0,0.0,0.0,0.0,0.0,0.0,0.0,0.0
4,3,0.36138874,0.0,0.03163797,0.60697335,0.0,0.0,0.0,0.0,0.0,0.0,0.0,0.0
4,3,0.36138874,0.0,0.03163797,0.60697335,0.0,0.0,0.0,0.0,0.0,0.0,0.0,0.0
4,3,0.36138874,0.0,0.03163797,0.60697335,0.0,0.0,0.0,0.0,0.0,0.0,0.0,0.0
4,3,0.36138874,0.0,0.03163797,0.60697335,0.0,0.0,0.0,0.0,0.0,0.0,0.0,0.0
4,3,0.36138874,0.0,0.03163797,0.60697335,0.0,0.0,0.0,0.0,0.0,0.0,0.0,0.0
4,3,0.36138874,0.0,0.03163797,0.60697335,0.0,0.0,0.0,0.0,0.0,0.0,0.0,0.0
4,3,0.36138874,0.0,0.03163797,0.60697335,0.0,0.0,0.0,0.0,0.0,0.0,0.0,0.0
4,3,0.36138874,0.0,0.03163797,0.60697335,0.0,0.0,0.0,0.0,0.0,0.0,0.0,0.0
4,3,0.36138874,0.0,0.03163797,0.60697335,0.0,0.0,0.0,0.0,0.0,0.0,0.0,0.0
4,3,0.36138874,0.0,0.03163797,0.60697335,0.0,0.0,0.0,0.0,0.0,0.0,0.0,0.0
4,3,0.36138874,0.0,0.03163797,0.60697335,0.0,0.0,0.0,0.0,0.0,0.0,0.0,0.0
4,3,0.36138874,0.0,0.03163797,0.60697335,0.0,0.0,0.0,0.0,0.0,0.0,0.0,0.0
4,3,0.36138874,0.0,0.03163797,0.60697335,0.0,0.0,0.0,0.0,0.0,0.0,0.0,0.0
4,3,0.36138874,0.0,0.03163797,0.60697335,0.0,0.0,0.0,0.0,0.0,0.0,0.0,0.0
4,3,0.36138874,0.0,0.03163797,0.60697335,0.0,0.0,0.0,0.0,0.0,0.0,0.0,0.0
4,3,0.36138874,0.0,0.03163797,0.60697335,0.0,0.0,0.0,0.0,0.0,0.0,0.0,0.0
4,3,0.36138874,0.0,0.03163797,0.60697335,0.0,0.0,0.0,0.0,0.0,0.0,0.0,0.0
4,3,0.36138874,0.0,0.03163797,0.60697335,0.0,0.0,0.0,0.0,0.0,0.0,0.0,0.0
4,3,0.36138874,0.0,0.03163797,0.60697335,0.0,0.0,0.0,0.0,0.0,0.0,0.0,0.0
4,3,0.36138874,0.0,0.03163797,0.60697335,0.0,0.0,0.0,0.0,0.0,0.0,0.0,0.0
4,3,0.36138874,0.0,0.03163797,0.60697335,0.0,0.0,0.0,0.0,0.0,0.0,0.0,0.0
4,3,0.36138874,0.0,0.03163797,0.60697335,0.0,0.0,0.0,0.0,0.0,0.0,0.0,0.0
4,3,0.36138874,0.0,0.03163797,0.60697335,0.0,0.0,0.0,0.0,0.0,0.0,0.0,0.0
4,3,0.36138874,0.0,0.03163797,0.60697335,0.0,0.0,0.0,0.0,0.0,0.0,0.0,0.0
4,3,0.36138874,0.0,0.03163797,0.60697335,0.0,0.0,0.0,0.0,0.0,0.0,0.0,0.0
4,3,0.36138874,0.0,0.0,0.6386113,0.0,0.0,0.0,0.0,0.0,0.0,0.0,0.0
4,3,0.36138874,0.0,0.0,0.6386113,0.0,0.0,0.0,0.0,0.0,0.0,0.0,0.0
4,3,0.36138874,0.0,0.0,0.6386113,0.0,0.0,0.0,0.0,0.0,0.0,0.0,0.0
4,3,0.36138874,0.0,0.0,0.6386113,0.0,0.0,0.0,0.0,0.0,0.0,0.0,0.0
4,3,0.36138874,0.0,0.0,0.6386113,0.0,0.0,0.0,0.0,0.0,0.0,0.0,0.0
4,3,0.36138874,0.0,0.0,0.6386113,0.0,0.0,0.0,0.0,0.0,0.0,0.0,0.0
4,3,0.36138874,0.0,0.0,0.6386113,0.0,0.0,0.0,0.0,0.0,0.0,0.0,0.0
4,3,0.36138874,0.0,0.0,0.6386113,0.0,0.0,0.0,0.0,0.0,0.0,0.0,0.0
4,3,0.36138874,0.0,0.0,0.6386113,0.0,0.0,0.0,0.0,0.0,0.0,0.0,0.0
4,3,0.36138874,0.0,0.0,0.6386113,0.0,0.0,0.0,0.0,0.0,0.0,0.0,0.0
4,3,0.36138874,0.0,0.0,0.6386113,0.0,0.0,0.0,0.0,0.0,0.0,0.0,0.0
4,3,0.36138874,0.0,0.0,0.6386113,0.0,0.0,0.0,0.0,0.0,0.0,0.0,0.0
4,3,0.29837272,0.0,0.0,0.7016273,0.0,0.0,0.0,0.0,0.0,0.0,0.0,0.0
4,3,0.29837272,0.0,0.0,0.7016273,0.0,0.0,0.0,0.0,0.0,0.0,0.0,0.0
4,3,0.29837272,0.0,0.0,0.7016273,0.0,0.0,0.0,0.0,0.0,0.0,0.0,0.0
4,3,0.29837272,0.0,0.0,0.7016273,0.0,0.0,0.0,0.0,0.0,0.0,0.0,0.0
4,3,0.29837272,0.0,0.0,0.7016273,0.0,0.0,0.0,0.0,0.0,0.0,0.0,0.0
4,3,0.29837272,0.0,0.0,0.7016273,0.0,0.0,0.0,0.0,0.0,0.0,0.0,0.0
4,3,0.29837272,0.0,0.0,0.7016273,0.0,0.0,0.0,0.0,0.0,0.0,0.0,0.0
4,3,0.29837272,0.0,0.0,0.7016273,0.0,0.0,0.0,0.0,0.0,0.0,0.0,0.0
4,3,0.29837272,0.0,0.0,0.7016273,0.0,0.0,0.0,0.0,0.0,0.0,0.0,0.0
4,3,0.29837272,0.0,0.0,0.7016273,0.0,0.0,0.0,0.0,0.0,0.0,0.0,0.0
4,3,0.29837272,0.0,0.0,0.7016273,0.0,0.0,0.0,0.0,0.0,0.0,0.0,0.0
4,3,0.29837272,0.0,0.0,0.7016273,0.0,0.0,0.0,0.0,0.0,0.0,0.0,0.0
4,3,0.29837272,0.0,0.0,0.7016273,0.0,0.0,0.0,0.0,0.0,0.0,0.0,0.0
4,3,0.29837272,0.0,0.0,0.7016273,0.0,0.0,0.0,0.0,0.0,0.0,0.0,0.0
4,3,0.29837272,0.0,0.0,0.7016273,0.0,0.0,0.0,0.0,0.0,0.0,0.0,0.0
4,3,0.29837272,0.0,0.0,0.7016273,0.0,0.0,0.0,0.0,0.0,0.0,0.0,0.0
4,3,0.29837272,0.0,0.0,0.7016273,0.0,0.0,0.0,0.0,0.0,0.0,0.0,0.0
4,3,0.29837272,0.0,0.0,0.7016273,0.0,0.0,0.0,0.0,0.0,0.0,0.0,0.0
4,3,0.29837272,0.0,0.0,0.7016273,0.0,0.0,0.0,0.0,0.0,0.0,0.0,0.0
4,3,0.29837272,0.0,0.0,0.7016273,0.0,0.0,0.0,0.0,0.0,0.0,0.0,0.0
4,3,0.29837272,0.0,0.0,0.7016273,0.0,0.0,0.0,0.0,0.0,0.0,0.0,0.0
4,3,0.29837272,0.0,0.0,0.7016273,0.0,0.0,0.0,0.0,0.0,0.0,0.0,0.0
4,3,0.29837272,0.0,0.0,0.7016273,0.0,0.0,0.0,0.0,0.0,0.0,0.0,0.0
4,3,0.29837272,0.0,0.0,0.7016273,0.0,0.0,0.0,0.0,0.0,0.0,0.0,0.0
4,3,0.29837272,0.0,0.0,0.7016273,0.0,0.0,0.0,0.0,0.0,0.0,0.0,0.0
4,3,0.29837272,0.0,0.0,0.7016273,0.0,0.0,0.0,0.0,0.0,0.0,0.0,0.0
4,3,0.29837272,0.0,0.0,0.7016273,0.0,0.0,0.0,0.0,0.0,0.0,0.0,0.0
4,3,0.29837272,0.0,0.0,0.7016273,0.0,0.0,0.0,0.0,0.0,0.0,0.0,0.0
4,3,0.29837272,0.0,0.0,0.7016273,0.0,0.0,0.0,0.0,0.0,0.0,0.0,0.0
4,3,0.29837272,0.0,0.0,0.7016273,0.0,0.0,0.0,0.0,0.0,0.0,0.0,0.0
4,3,0.29837272,0.0,0.0,0.7016273,0.0,0.0,0.0,0.0,0.0,0.0,0.0,0.0
4,3,0.29837272,0.0,0.0,0.7016273,0.0,0.0,0.0,0.0,0.0,0.0,0.0,0.0
4,3,0.29837272,0.0,0.0,0.7016273,0.0,0.0,0.0,0.0,0.0,0.0,0.0,0.0
4,3,0.29837272,0.0,0.0,0.7016273,0.0,0.0,0.0,0.0,0.0,0.0,0.0,0.0
4,3,0.29837272,0.0,0.0,0.7016273,0.0,0.0,0.0,0.0,0.0,0.0,0.0,0.0
4,3,0.29837272,0.0,0.0,0.7016273,0.0,0.0,0.0,0.0,0.0,0.0,0.0,0.0
4,3,0.29837272,0.0,0.0,0.7016273,0.0,0.0,0.0,0.0,0.0,0.0,0.0,0.0
4,3,0.29837272,0.0,0.0,0.7016273,0.0,0.0,0.0,0.0,0.0,0.0,0.0,0.0
4,3,0.29837272,0.0,0.0,0.7016273,0.0,0.0,0.0,0.0,0.0,0.0,0.0,0.0
4,3,0.29837272,0.0,0.0,0.7016273,0.0,0.0,0.0,0.0,0.0,0.0,0.0,0.0
4,3,0.29837272,0.0,0.0,0.7016273,0.0,0.0,0.0,0.0,0.0,0.0,0.0,0.0
4,3,0.29837272,0.0,0.0,0.7016273,0.0,0.0,0.0,0.0,0.0,0.0,0.0,0.0
4,3,0.29837272,0.0,0.0,0.7016273,0.0,0.0,0.0,0.0,0.0,0.0,0.0,0.0
4,3,0.29837272,0.0,0.0,0.7016273,0.0,0.0,0.0,0.0,0.0,0.0,0.0,0.0
4,3,0.29837272,0.0,0.0,0.7016273,0.0,0.0,0.0,0.0,0.0,0.0,0.0,0.0
4,3,0.29837272,0.0,0.0,0.7016273,0.0,0.0,0.0,0.0,0.0,0.0,0.0,0.0
4,3,0.29837272,0.0,0.0,0.7016273,0.0,0.0,0.0,0.0,0.0,0.0,0.0,0.0
4,3,0.29837272,0.0,0.0,0.7016273,0.0,0.0,0.0,0.0,0.0,0.0,0.0,0.0
4,3,0.29837272,0.0,0.0,0.7016273,0.0,0.0,0.0,0.0,0.0,0.0,0.0,0.0
4,3,0.29837272,0.0,0.0,0.7016273,0.0,0.0,0.0,0.0,0.0,0.0,0.0,0.0
4,3,0.29837272,0.0,0.0,0.7016273,0.0,0.0,0.0,0.0,0.0,0.0,0.0,0.0
4,3,0.29837272,0.0,0.0,0.7016273,0.0,0.0,0.0,0.0,0.0,0.0,0.0,0.0
4,3,0.29837272,0.0,0.0,0.7016273,0.0,0.0,0.0,0.0,0.0,0.0,0.0,0.0
4,3,0.29837272,0.0,0.0,0.7016273,0.0,0.0,0.0,0.0,0.0,0.0,0.0,0.0
4,3,0.29837272,0.0,0.0,0.7016273,0.0,0.0,0.0,0.0,0.0,0.0,0.0,0.0
4,3,0.29837272,0.0,0.0,0.7016273,0.0,0.0,0.0,0.0,0.0,0.0,0.0,0.0
4,3,0.29837272,0.0,0.0,0.7016273,0.0,0.0,0.0,0.0,0.0,0.0,0.0,0.0
4,3,0.29837272,0.0,0.0,0.7016273,0.0,0.0,0.0,0.0,0.0,0.0,0.0,0.0
4,3,0.29837272,0.0,0.0,0.7016273,0.0,0.0,0.0,0.0,0.0,0.0,0.0,0.0
4,3,0.29837272,0.0,0.0,0.7016273,0.0,0.0,0.0,0.0,0.0,0.0,0.0,0.0
4,3,0.29837272,0.0,0.0,0.7016273,0.0,0.0,0.0,0.0,0.0,0.0,0.0,0.0
4,3,0.29837272,0.0,0.0,0.7016273,0.0,0.0,0.0,0.0,0.0,0.0,0.0,0.0
4,3,0.29837272,0.0,0.0,0.7016273,0.0,0.0,0.0,0.0,0.0,0.0,0.0,0.0
4,3,0.29837272,0.0,0.0,0.7016273,0.0,0.0,0.0,0.0,0.0,0.0,0.0,0.0
4,3,0.29837272,0.0,0.0,0.7016273,0.0,0.0,0.0,0.0,0.0,0.0,0.0,0.0
4,3,0.29837272,0.0,0.0,0.7016273,0.0,0.0,0.0,0.0,0.0,0.0,0.0,0.0
4,3,0.29837272,0.0,0.0,0.7016273,0.0,0.0,0.0,0.0,0.0,0.0,0.0,0.0
4,3,0.29837272,0.0,0.0,0.7016273,0.0,0.0,0.0,0.0,0.0,0.0,0.0,0.0
4,3,0.29837272,0.0,0.0,0.7016273,0.0,0.0,0.0,0.0,0.0,0.0,0.0,0.0
4,3,0.29837272,0.0,0.0,0.7016273,0.0,0.0,0.0,0.0,0.0,0.0,0.0,0.0
4,3,0.29837272,0.0,0.0,0.7016273,0.0,0.0,0.0,0.0,0.0,0.0,0.0,0.0
4,3,0.29837272,0.0,0.0,0.7016273,0.0,0.0,0.0,0.0,0.0,0.0,0.0,0.0
4,3,0.29837272,0.0,0.0,0.7016273,0.0,0.0,0.0,0.0,0.0,0.0,0.0,0.0
4,3,0.29837272,0.0,0.0,0.7016273,0.0,0.0,0.0,0.0,0.0,0.0,0.0,0.0
4,3,0.29837272,0.0,0.0,0.7016273,0.0,0.0,0.0,0.0,0.0,0.0,0.0,0.0
4,3,0.29837272,0.0,0.0,0.7016273,0.0,0.0,0.0,0.0,0.0,0.0,0.0,0.0
4,3,0.29837272,0.0,0.0,0.7016273,0.0,0.0,0.0,0.0,0.0,0.0,0.0,0.0
4,3,0.29837272,0.0,0.0,0.7016273,0.0,0.0,0.0,0.0,0.0,0.0,0.0,0.0
4,3,0.29837272,0.0,0.0,0.7016273,0.0,0.0,0.0,0.0,0.0,0.0,0.0,0.0
4,3,0.29837272,0.0,0.0,0.7016273,0.0,0.0,0.0,0.0,0.0,0.0,0.0,0.0
4,3,0.29837272,0.0,0.0,0.7016273,0.0,0.0,0.0,0.0,0.0,0.0,0.0,0.0
4,3,0.29837272,0.0,0.0,0.7016273,0.0,0.0,0.0,0.0,0.0,0.0,0.0,0.0
4,3,0.29837272,0.0,0.0,0.7016273,0.0,0.0,0.0,0.0,0.0,0.0,0.0,0.0
4,3,0.29837272,0.0,0.0,0.7016273,0.0,0.0,0.0,0.0,0.0,0.0,0.0,0.0
4,3,0.29837272,0.0,0.0,0.7016273,0.0,0.0,0.0,0.0,0.0,0.0,0.0,0.0
4,3,0.29837272,0.0,0.0,0.7016273,0.0,0.0,0.0,0.0,0.0,0.0,0.0,0.0
4,3,0.29837272,0.0,0.0,0.7016273,0.0,0.0,0.0,0.0,0.0,0.0,0.0,0.0
4,3,0.29837272,0.0,0.0,0.7016273,0.0,0.0,0.0,0.0,0.0,0.0,0.0,0.0
4,3,0.29837272,0.0,0.0,0.7016273,0.0,0.0,0.0,0.0,0.0,0.0,0.0,0.0
4,3,0.29837272,0.0,0.0,0.7016273,0.0,0.0,0.0,0.0,0.0,0.0,0.0,0.0
4,3,0.29837272,0.0,0.0,0.7016273,0.0,0.0,0.0,0.0,0.0,0.0,0.0,0.0
4,3,0.29837272,0.0,0.0,0.7016273,0.0,0.0,0.0,0.0,0.0,0.0,0.0,0.0
4,3,0.29837272,0.0,0.0,0.7016273,0.0,0.0,0.0,0.0,0.0,0.0,0.0,0.0
4,3,0.29837272,0.0,0.0,0.7016273,0.0,0.0,0.0,0.0,0.0,0.0,0.0,0.0
4,3,0.29837272,0.0,0.0,0.7016273,0.0,0.0,0.0,0.0,0.0,0.0,0.0,0.0
4,3,0.29837272,0.0,0.0,0.7016273,0.0,0.0,0.0,0.0,0.0,0.0,0.0,0.0
4,3,0.29837272,0.0,0.0,0.7016273,0.0,0.0,0.0,0.0,0.0,0.0,0.0,0.0
4,3,0.29837272,0.0,0.0,0.7016273,0.0,0.0,0.0,0.0,0.0,0.0,0.0,0.0
4,3,0.29837272,0.0,0.0,0.7016273,0.0,0.0,0.0,0.0,0.0,0.0,0.0,0.0
4,3,0.29837272,0.0,0.0,0.7016273,0.0,0.0,0.0,0.0,0.0,0.0,0.0,0.0
4,3,0.29837272,0.0,0.0,0.7016273,0.0,0.0,0.0,0.0,0.0,0.0,0.0,0.0
4,3,0.29837272,0.0,0.0,0.7016273,0.0,0.0,0.0,0.0,0.0,0.0,0.0,0.0
4,3,0.29837272,0.0,0.0,0.7016273,0.0,0.0,0.0,0.0,0.0,0.0,0.0,0.0
4,3,0.29837272,0.0,0.0,0.7016273,0.0,0.0,0.0,0.0,0.0,0.0,0.0,0.0
4,3,0.29837272,0.0,0.0,0.7016273,0.0,0.0,0.0,0.0,0.0,0.0,0.0,0.0
4,3,0.29837272,0.0,0.0,0.7016273,0.0,0.0,0.0,0.0,0.0,0.0,0.0,0.0
4,3,0.29837272,0.0,0.0,0.7016273,0.0,0.0,0.0,0.0,0.0,0.0,0.0,0.0
4,3,0.29837272,0.0,0.0,0.7016273,0.0,0.0,0.0,0.0,0.0,0.0,0.0,0.0
4,3,0.29837272,0.0,0.0,0.7016273,0.0,0.0,0.0,0.0,0.0,0.0,0.0,0.0
4,3,0.29837272,0.0,0.0,0.7016273,0.0,0.0,0.0,0.0,0.0,0.0,0.0,0.0
4,3,0.29837272,0.0,0.0,0.7016273,0.0,0.0,0.0,0.0,0.0,0.0,0.0,0.0
4,3,0.29837272,0.0,0.0,0.7016273,0.0,0.0,0.0,0.0,0.0,0.0,0.0,0.0
4,3,0.29837272,0.0,0.0,0.7016273,0.0,0.0,0.0,0.0,0.0,0.0,0.0,0.0
4,3,0.29837272,0.0,0.0,0.7016273,0.0,0.0,0.0,0.0,0.0,0.0,0.0,0.0
4,3,0.29837272,0.0,0.0,0.7016273,0.0,0.0,0.0,0.0,0.0,0.0,0.0,0.0
4,3,0.29837272,0.0,0.0,0.7016273,0.0,0.0,0.0,0.0,0.0,0.0,0.0,0.0
4,3,0.29837272,0.0,0.0,0.7016273,0.0,0.0,0.0,0.0,0.0,0.0,0.0,0.0
4,3,0.29837272,0.0,0.0,0.7016273,0.0,0.0,0.0,0.0,0.0,0.0,0.0,0.0
4,3,0.29837272,0.0,0.0,0.7016273,0.0,0.0,0.0,0.0,0.0,0.0,0.0,0.0
4,3,0.29837272,0.0,0.0,0.7016273,0.0,0.0,0.0,0.0,0.0,0.0,0.0,0.0
4,3,0.29837272,0.0,0.0,0.7016273,0.0,0.0,0.0,0.0,0.0,0.0,0.0,0.0
4,3,0.29837272,0.0,0.0,0.7016273,0.0,0.0,0.0,0.0,0.0,0.0,0.0,0.0
4,3,0.29837272,0.0,0.0,0.7016273,0.0,0.0,0.0,0.0,0.0,0.0,0.0,0.0
4,3,0.29837272,0.0,0.0,0.7016273,0.0,0.0,0.0,0.0,0.0,0.0,0.0,0.0
4,3,0.29837272,0.0,0.0,0.7016273,0.0,0.0,0.0,0.0,0.0,0.0,0.0,0.0
4,3,0.29837272,0.0,0.0,0.7016273,0.0,0.0,0.0,0.0,0.0,0.0,0.0,0.0
4,3,0.29837272,0.0,0.0,0.7016273,0.0,0.0,0.0,0.0,0.0,0.0,0.0,0.0
4,3,0.29837272,0.0,0.0,0.7016273,0.0,0.0,0.0,0.0,0.0,0.0,0.0,0.0
4,3,0.29837272,0.0,0.0,0.7016273,0.0,0.0,0.0,0.0,0.0,0.0,0.0,0.0
4,3,0.29837272,0.0,0.0,0.7016273,0.0,0.0,0.0,0.0,0.0,0.0,0.0,0.0
4,3,0.29837272,0.0,0.0,0.7016273,0.0,0.0,0.0,0.0,0.0,0.0,0.0,0.0
4,3,0.29837272,0.0,0.0,0.7016273,0.0,0.0,0.0,0.0,0.0,0.0,0.0,0.0
4,3,0.29837272,0.0,0.0,0.7016273,0.0,0.0,0.0,0.0,0.0,0.0,0.0,0.0
4,3,0.29837272,0.0,0.0,0.7016273,0.0,0.0,0.0,0.0,0.0,0.0,0.0,0.0
4,3,0.29837272,0.0,0.0,0.7016273,0.0,0.0,0.0,0.0,0.0,0.0,0.0,0.0
4,3,0.29837272,0.0,0.0,0.7016273,0.0,0.0,0.0,0.0,0.0,0.0,0.0,0.0
4,3,0.29837272,0.0,0.0,0.7016273,0.0,0.0,0.0,0.0,0.0,0.0,0.0,0.0
4,3,0.29837272,0.0,0.0,0.7016273,0.0,0.0,0.0,0.0,0.0,0.0,0.0,0.0
4,3,0.29837272,0.0,0.0,0.7016273,0.0,0.0,0.0,0.0,0.0,0.0,0.0,0.0
4,3,0.29837272,0.0,0.0,0.7016273,0.0,0.0,0.0,0.0,0.0,0.0,0.0,0.0
4,3,0.29837272,0.0,0.0,0.7016273,0.0,0.0,0.0,0.0,0.0,0.0,0.0,0.0
4,3,0.29837272,0.0,0.0,0.7016273,0.0,0.0,0.0,0.0,0.0,0.0,0.0,0.0
4,3,0.29837272,0.0,0.0,0.7016273,0.0,0.0,0.0,0.0,0.0,0.0,0.0,0.0
4,3,0.29837272,0.0,0.0,0.7016273,0.0,0.0,0.0,0.0,0.0,0.0,0.0,0.0
4,3,0.36138874,0.0,0.0,0.6386113,0.0,0.0,0.0,0.0,0.0,0.0,0.0,0.0
4,3,0.36138874,0.0,0.0,0.6386113,0.0,0.0,0.0,0.0,0.0,0.0,0.0,0.0
4,3,0.36138874,0.0,0.0,0.6386113,0.0,0.0,0.0,0.0,0.0,0.0,0.0,0.0
4,3,0.36138874,0.0,0.0,0.6386113,0.0,0.0,0.0,0.0,0.0,0.0,0.0,0.0
4,3,0.36138874,0.0,0.0,0.6386113,0.0,0.0,0.0,0.0,0.0,0.0,0.0,0.0
4,3,0.36138874,0.0,0.0,0.6386113,0.0,0.0,0.0,0.0,0.0,0.0,0.0,0.0
4,3,0.36138874,0.0,0.0,0.6386113,0.0,0.0,0.0,0.0,0.0,0.0,0.0,0.0
4,3,0.36138874,0.0,0.0,0.6386113,0.0,0.0,0.0,0.0,0.0,0.0,0.0,0.0
4,3,0.36138874,0.0,0.0,0.6386113,0.0,0.0,0.0,0.0,0.0,0.0,0.0,0.0
4,3,0.36138874,0.0,0.0,0.6386113,0.0,0.0,0.0,0.0,0.0,0.0,0.0,0.0
4,3,0.30915564,0.0,0.0,0.69084436,0.0,0.0,0.0,0.0,0.0,0.0,0.0,0.0
4,3,0.30915564,0.0,0.0,0.69084436,0.0,0.0,0.0,0.0,0.0,0.0,0.0,0.0
4,3,0.30915564,0.0,0.0,0.69084436,0.0,0.0,0.0,0.0,0.0,0.0,0.0,0.0
4,3,0.30915564,0.0,0.0,0.69084436,0.0,0.0,0.0,0.0,0.0,0.0,0.0,0.0
4,3,0.30915564,0.0,0.0,0.69084436,0.0,0.0,0.0,0.0,0.0,0.0,0.0,0.0
4,3,0.30915564,0.0,0.0,0.69084436,0.0,0.0,0.0,0.0,0.0,0.0,0.0,0.0
4,3,0.30915564,0.0,0.0,0.69084436,0.0,0.0,0.0,0.0,0.0,0.0,0.0,0.0
4,3,0.30915564,0.0,0.0,0.69084436,0.0,0.0,0.0,0.0,0.0,0.0,0.0,0.0
4,3,0.30915564,0.0,0.0,0.69084436,0.0,0.0,0.0,0.0,0.0,0.0,0.0,0.0
4,3,0.30915564,0.0,0.0,0.69084436,0.0,0.0,0.0,0.0,0.0,0.0,0.0,0.0
4,3,0.30915564,0.0,0.0,0.69084436,0.0,0.0,0.0,0.0,0.0,0.0,0.0,0.0
4,3,0.30915564,0.0,0.0,0.69084436,0.0,0.0,0.0,0.0,0.0,0.0,0.0,0.0
4,3,0.30915564,0.0,0.0,0.69084436,0.0,0.0,0.0,0.0,0.0,0.0,0.0,0.0
4,3,0.30915564,0.0,0.0,0.69084436,0.0,0.0,0.0,0.0,0.0,0.0,0.0,0.0
4,3,0.30915564,0.0,0.0,0.69084436,0.0,0.0,0.0,0.0,0.0,0.0,0.0,0.0
4,3,0.30915564,0.0,0.0,0.69084436,0.0,0.0,0.0,0.0,0.0,0.0,0.0,0.0
4,3,0.30915564,0.0,0.0,0.69084436,0.0,0.0,0.0,0.0,0.0,0.0,0.0,0.0
4,3,0.30915564,0.0,0.0,0.69084436,0.0,0.0,0.0,0.0,0.0,0.0,0.0,0.0
4,3,0.30915564,0.0,0.0,0.69084436,0.0,0.0,0.0,0.0,0.0,0.0,0.0,0.0
4,3,0.30915564,0.0,0.0,0.69084436,0.0,0.0,0.0,0.0,0.0,0.0,0.0,0.0
4,3,0.30915564,0.0,0.0,0.69084436,0.0,0.0,0.0,0.0,0.0,0.0,0.0,0.0
4,3,0.30915564,0.0,0.0,0.69084436,0.0,0.0,0.0,0.0,0.0,0.0,0.0,0.0
4,3,0.33665588,0.0,0.0,0.66334414,0.0,0.0,0.0,0.0,0.0,0.0,0.0,0.0
4,3,0.33665588,0.0,0.0,0.66334414,0.0,0.0,0.0,0.0,0.0,0.0,0.0,0.0
4,3,0.33665588,0.0,0.0,0.66334414,0.0,0.0,0.0,0.0,0.0,0.0,0.0,0.0
4,3,0.33665588,0.0,0.0,0.66334414,0.0,0.0,0.0,0.0,0.0,0.0,0.0,0.0
4,3,0.33665588,0.0,0.0,0.66334414,0.0,0.0,0.0,0.0,0.0,0.0,0.0,0.0
4,3,0.33665588,0.0,0.0,0.66334414,0.0,0.0,0.0,0.0,0.0,0.0,0.0,0.0
4,3,0.33665588,0.0,0.0,0.66334414,0.0,0.0,0.0,0.0,0.0,0.0,0.0,0.0
4,3,0.33665588,0.0,0.0,0.66334414,0.0,0.0,0.0,0.0,0.0,0.0,0.0,0.0
4,3,0.33665588,0.0,0.0,0.66334414,0.0,0.0,0.0,0.0,0.0,0.0,0.0,0.0
4,3,0.33665588,0.0,0.0,0.66334414,0.0,0.0,0.0,0.0,0.0,0.0,0.0,0.0
4,3,0.33665588,0.0,0.0,0.66334414,0.0,0.0,0.0,0.0,0.0,0.0,0.0,0.0
4,3,0.33665588,0.0,0.0,0.66334414,0.0,0.0,0.0,0.0,0.0,0.0,0.0,0.0
4,3,0.33665588,0.0,0.0,0.66334414,0.0,0.0,0.0,0.0,0.0,0.0,0.0,0.0
4,3,0.33665588,0.0,0.0,0.66334414,0.0,0.0,0.0,0.0,0.0,0.0,0.0,0.0
4,3,0.33665588,0.0,0.0,0.66334414,0.0,0.0,0.0,0.0,0.0,0.0,0.0,0.0
4,3,0.33665588,0.0,0.0,0.66334414,0.0,0.0,0.0,0.0,0.0,0.0,0.0,0.0
4,3,0.3845861,0.039978858,0.0,0.57543504,0.0,0.0,0.0,0.0,0.0,0.0,0.0,0.0
4,3,0.3845861,0.039978858,0.0,0.57543504,0.0,0.0,0.0,0.0,0.0,0.0,0.0,0.0
4,3,0.3845861,0.039978858,0.0,0.57543504,0.0,0.0,0.0,0.0,0.0,0.0,0.0,0.0
4,3,0.3845861,0.039978858,0.0,0.57543504,0.0,0.0,0.0,0.0,0.0,0.0,0.0,0.0
4,3,0.4274816,0.04443797,0.0,0.5280804,0.0,0.0,0.0,0.0,0.0,0.0,0.0,0.0
4,3,0.4274816,0.04443797,0.0,0.5280804,0.0,0.0,0.0,0.0,0.0,0.0,0.0,0.0
4,3,0.4274816,0.04443797,0.0,0.5280804,0.0,0.0,0.0,0.0,0.0,0.0,0.0,0.0
4,3,0.4274816,0.04443797,0.0,0.5280804,0.0,0.0,0.0,0.0,0.0,0.0,0.0,0.0
4,3,0.4274816,0.04443797,0.0,0.5280804,0.0,0.0,0.0,0.0,0.0,0.0,0.0,0.0
4,3,0.4274816,0.04443797,0.0,0.5280804,0.0,0.0,0.0,0.0,0.0,0.0,0.0,0.0
4,3,0.4274816,0.04443797,0.0,0.5280804,0.0,0.0,0.0,0.0,0.0,0.0,0.0,0.0
4,3,0.4274816,0.04443797,0.0,0.5280804,0.0,0.0,0.0,0.0,0.0,0.0,0.0,0.0
4,3,0.4274816,0.04443797,0.0,0.5280804,0.0,0.0,0.0,0.0,0.0,0.0,0.0,0.0
4,3,0.4274816,0.04443797,0.0,0.5280804,0.0,0.0,0.0,0.0,0.0,0.0,0.0,0.0
4,3,0.4274816,0.04443797,0.0,0.5280804,0.0,0.0,0.0,0.0,0.0,0.0,0.0,0.0
4,3,0.4274816,0.04443797,0.0,0.5280804,0.0,0.0,0.0,0.0,0.0,0.0,0.0,0.0
4,3,0.4274816,0.04443797,0.0,0.5280804,0.0,0.0,0.0,0.0,0.0,0.0,0.0,0.0
4,3,0.4274816,0.04443797,0.0,0.5280804,0.0,0.0,0.0,0.0,0.0,0.0,0.0,0.0
4,3,0.4274816,0.04443797,0.0,0.5280804,0.0,0.0,0.0,0.0,0.0,0.0,0.0,0.0
4,3,0.4274816,0.04443797,0.0,0.5280804,0.0,0.0,0.0,0.0,0.0,0.0,0.0,0.0
4,3,0.4274816,0.04443797,0.0,0.5280804,0.0,0.0,0.0,0.0,0.0,0.0,0.0,0.0
4,3,0.4274816,0.04443797,0.0,0.5280804,0.0,0.0,0.0,0.0,0.0,0.0,0.0,0.0
4,3,0.4274816,0.04443797,0.0,0.5280804,0.0,0.0,0.0,0.0,0.0,0.0,0.0,0.0
4,3,0.4274816,0.04443797,0.0,0.5280804,0.0,0.0,0.0,0.0,0.0,0.0,0.0,0.0
4,3,0.4274816,0.04443797,0.0,0.5280804,0.0,0.0,0.0,0.0,0.0,0.0,0.0,0.0
4,3,0.4274816,0.04443797,0.0,0.5280804,0.0,0.0,0.0,0.0,0.0,0.0,0.0,0.0
4,3,0.4274816,0.04443797,0.0,0.5280804,0.0,0.0,0.0,0.0,0.0,0.0,0.0,0.0
4,3,0.4274816,0.04443797,0.0,0.5280804,0.0,0.0,0.0,0.0,0.0,0.0,0.0,0.0
4,3,0.4274816,0.04443797,0.0,0.5280804,0.0,0.0,0.0,0.0,0.0,0.0,0.0,0.0
4,3,0.4274816,0.04443797,0.0,0.5280804,0.0,0.0,0.0,0.0,0.0,0.0,0.0,0.0
4,3,0.4274816,0.04443797,0.0,0.5280804,0.0,0.0,0.0,0.0,0.0,0.0,0.0,0.0
4,3,0.4274816,0.04443797,0.0,0.5280804,0.0,0.0,0.0,0.0,0.0,0.0,0.0,0.0
4,3,0.4274816,0.04443797,0.0,0.5280804,0.0,0.0,0.0,0.0,0.0,0.0,0.0,0.0
4,3,0.4274816,0.04443797,0.0,0.5280804,0.0,0.0,0.0,0.0,0.0,0.0,0.0,0.0
4,3,0.4274816,0.04443797,0.0,0.5280804,0.0,0.0,0.0,0.0,0.0,0.0,0.0,0.0
4,3,0.4274816,0.04443797,0.0,0.5280804,0.0,0.0,0.0,0.0,0.0,0.0,0.0,0.0
4,3,0.4274816,0.04443797,0.0,0.5280804,0.0,0.0,0.0,0.0,0.0,0.0,0.0,0.0
4,3,0.4274816,0.04443797,0.0,0.5280804,0.0,0.0,0.0,0.0,0.0,0.0,0.0,0.0
4,3,0.4274816,0.04443797,0.0,0.5280804,0.0,0.0,0.0,0.0,0.0,0.0,0.0,0.0
4,3,0.4274816,0.04443797,0.0,0.5280804,0.0,0.0,0.0,0.0,0.0,0.0,0.0,0.0
4,3,0.4274816,0.04443797,0.0,0.5280804,0.0,0.0,0.0,0.0,0.0,0.0,0.0,0.0
4,3,0.4274816,0.04443797,0.0,0.5280804,0.0,0.0,0.0,0.0,0.0,0.0,0.0,0.0
4,3,0.4274816,0.04443797,0.0,0.5280804,0.0,0.0,0.0,0.0,0.0,0.0,0.0,0.0
4,3,0.4274816,0.04443797,0.0,0.5280804,0.0,0.0,0.0,0.0,0.0,0.0,0.0,0.0
4,3,0.4274816,0.04443797,0.0,0.5280804,0.0,0.0,0.0,0.0,0.0,0.0,0.0,0.0
4,3,0.4274816,0.04443797,0.0,0.5280804,0.0,0.0,0.0,0.0,0.0,0.0,0.0,0.0
4,3,0.4274816,0.04443797,0.0,0.5280804,0.0,0.0,0.0,0.0,0.0,0.0,0.0,0.0
4,3,0.4274816,0.04443797,0.0,0.5280804,0.0,0.0,0.0,0.0,0.0,0.0,0.0,0.0
4,0,0.5804124,0.044437975,0.0,0.3456786,0.029471045,0.0,0.0,0.0,0.0,0.0,0.0,0.0
4,0,0.5804124,0.044437975,0.0,0.3456786,0.029471045,0.0,0.0,0.0,0.0,0.0,0.0,0.0
4,0,0.5804124,0.044437975,0.0,0.3456786,0.029471045,0.0,0.0,0.0,0.0,0.0,0.0,0.0
4,0,0.5804124,0.044437975,0.0,0.3456786,0.029471045,0.0,0.0,0.0,0.0,0.0,0.0,0.0
4,0,0.5804124,0.044437975,0.0,0.3456786,0.029471045,0.0,0.0,0.0,0.0,0.0,0.0,0.0
4,0,0.5804124,0.044437975,0.0,0.3456786,0.029471045,0.0,0.0,0.0,0.0,0.0,0.0,0.0
4,0,0.5804124,0.044437975,0.0,0.3456786,0.029471045,0.0,0.0,0.0,0.0,0.0,0.0,0.0
4,0,0.5804124,0.044437975,0.0,0.3456786,0.029471045,0.0,0.0,0.0,0.0,0.0,0.0,0.0
4,0,0.5804124,0.044437975,0.0,0.3456786,0.029471045,0.0,0.0,0.0,0.0,0.0,0.0,0.0
4,0,0.5804124,0.044437975,0.0,0.3456786,0.029471045,0.0,0.0,0.0,0.0,0.0,0.0,0.0
4,0,0.5804124,0.044437975,0.0,0.3456786,0.029471045,0.0,0.0,0.0,0.0,0.0,0.0,0.0
4,0,0.5804124,0.044437975,0.0,0.3456786,0.029471045,0.0,0.0,0.0,0.0,0.0,0.0,0.0
4,0,0.5804124,0.044437975,0.0,0.3456786,0.029471045,0.0,0.0,0.0,0.0,0.0,0.0,0.0
4,0,0.5804124,0.044437975,0.0,0.3456786,0.029471045,0.0,0.0,0.0,0.0,0.0,0.0,0.0
4,0,0.5804124,0.044437975,0.0,0.3456786,0.029471045,0.0,0.0,0.0,0.0,0.0,0.0,0.0
4,0,0.5804124,0.044437975,0.0,0.3456786,0.029471045,0.0,0.0,0.0,0.0,0.0,0.0,0.0
4,0,0.5804124,0.044437975,0.0,0.3456786,0.029471045,0.0,0.0,0.0,0.0,0.0,0.0,0.0
4,0,0.5804124,0.044437975,0.0,0.3456786,0.029471045,0.0,0.0,0.0,0.0,0.0,0.0,0.0
4,0,0.5804124,0.044437975,0.0,0.3456786,0.029471045,0.0,0.0,0.0,0.0,0.0,0.0,0.0
4,0,0.5804124,0.044437975,0.0,0.3456786,0.029471045,0.0,0.0,0.0,0.0,0.0,0.0,0.0
4,0,0.5804124,0.044437975,0.0,0.3456786,0.029471045,0.0,0.0,0.0,0.0,0.0,0.0,0.0
4,0,0.5804124,0.044437975,0.0,0.3456786,0.029471045,0.0,0.0,0.0,0.0,0.0,0.0,0.0
4,0,0.5804124,0.044437975,0.0,0.3456786,0.029471045,0.0,0.0,0.0,0.0,0.0,0.0,0.0
4,0,0.5804124,0.044437975,0.0,0.3456786,0.029471045,0.0,0.0,0.0,0.0,0.0,0.0,0.0
4,0,0.5804124,0.044437975,0.0,0.3456786,0.029471045,0.0,0.0,0.0,0.0,0.0,0.0,0.0
4,0,0.5804124,0.044437975,0.0,0.3456786,0.029471045,0.0,0.0,0.0,0.0,0.0,0.0,0.0
4,0,0.5804124,0.044437975,0.0,0.3456786,0.029471045,0.0,0.0,0.0,0.0,0.0,0.0,0.0
4,0,0.5804124,0.044437975,0.0,0.3456786,0.029471045,0.0,0.0,0.0,0.0,0.0,0.0,0.0
4,0,0.5804124,0.044437975,0.0,0.3456786,0.029471045,0.0,0.0,0.0,0.0,0.0,0.0,0.0
4,0,0.5804124,0.044437975,0.0,0.3456786,0.029471045,0.0,0.0,0.0,0.0,0.0,0.0,0.0
4,0,0.5804124,0.044437975,0.0,0.3456786,0.029471045,0.0,0.0,0.0,0.0,0.0,0.0,0.0
4,0,0.5804124,0.044437975,0.0,0.3456786,0.029471045,0.0,0.0,0.0,0.0,0.0,0.0,0.0
4,0,0.5804124,0.044437975,0.0,0.3456786,0.029471045,0.0,0.0,0.0,0.0,0.0,0.0,0.0
4,0,0.5804124,0.044437975,0.0,0.3456786,0.029471045,0.0,0.0,0.0,0.0,0.0,0.0,0.0
4,0,0.5804124,0.044437975,0.0,0.3456786,0.029471045,0.0,0.0,0.0,0.0,0.0,0.0,0.0
4,0,0.5804124,0.044437975,0.0,0.3456786,0.029471045,0.0,0.0,0.0,0.0,0.0,0.0,0.0
4,0,0.6466869,0.04443798,0.0,0.27940407,0.029471047,0.0,0.0,0.0,0.0,0.0,0.0,0.0
4,0,0.6466869,0.04443798,0.0,0.27940407,0.029471047,0.0,0.0,0.0,0.0,0.0,0.0,0.0
4,0,0.6466869,0.04443798,0.0,0.27940407,0.029471047,0.0,0.0,0.0,0.0,0.0,0.0,0.0
4,0,0.6466869,0.04443798,0.0,0.27940407,0.029471047,0.0,0.0,0.0,0.0,0.0,0.0,0.0
4,0,0.6466869,0.04443798,0.0,0.27940407,0.029471047,0.0,0.0,0.0,0.0,0.0,0.0,0.0
4,0,0.6466869,0.04443798,0.0,0.27940407,0.029471047,0.0,0.0,0.0,0.0,0.0,0.0,0.0
4,0,0.6466869,0.04443798,0.0,0.27940407,0.029471047,0.0,0.0,0.0,0.0,0.0,0.0,0.0
4,0,0.6466869,0.04443798,0.0,0.27940407,0.029471047,0.0,0.0,0.0,0.0,0.0,0.0,0.0
4,0,0.6466869,0.04443798,0.0,0.27940407,0.029471047,0.0,0.0,0.0,0.0,0.0,0.0,0.0
4,0,0.6466869,0.04443798,0.0,0.27940407,0.029471047,0.0,0.0,0.0,0.0,0.0,0.0,0.0
4,0,0.6466869,0.04443798,0.0,0.27940407,0.029471047,0.0,0.0,0.0,0.0,0.0,0.0,0.0
4,0,0.6466869,0.04443798,0.0,0.27940407,0.029471047,0.0,0.0,0.0,0.0,0.0,0.0,0.0
4,0,0.6466869,0.04443798,0.0,0.27940407,0.029471047,0.0,0.0,0.0,0.0,0.0,0.0,0.0
4,0,0.6466869,0.04443798,0.0,0.27940407,0.029471047,0.0,0.0,0.0,0.0,0.0,0.0,0.0
4,0,0.6466869,0.04443798,0.0,0.27940407,0.029471047,0.0,0.0,0.0,0.0,0.0,0.0,0.0
4,0,0.6466869,0.04443798,0.0,0.27940407,0.029471047,0.0,0.0,0.0,0.0,0.0,0.0,0.0
4,0,0.6466869,0.04443798,0.0,0.27940407,0.029471047,0.0,0.0,0.0,0.0,0.0,0.0,0.0
4,0,0.6466869,0.04443798,0.0,0.27940407,0.029471047,0.0,0.0,0.0,0.0,0.0,0.0,0.0
4,0,0.6466869,0.04443798,0.0,0.27940407,0.029471047,0.0,0.0,0.0,0.0,0.0,0.0,0.0
4,0,0.6466869,0.04443798,0.0,0.27940407,0.029471047,0.0,0.0,0.0,0.0,0.0,0.0,0.0
4,0,0.6466869,0.04443798,0.0,0.27940407,0.029471047,0.0,0.0,0.0,0.0,0.0,0.0,0.0
4,0,0.6466869,0.04443798,0.0,0.27940407,0.029471047,0.0,0.0,0.0,0.0,0.0,0.0,0.0
4,0,0.7101777,0.048800834,0.0,0.20865703,0.032364473,0.0,0.0,0.0,0.0,0.0,0.0,0.0
4,0,0.7101777,0.048800834,0.0,0.20865703,0.032364473,0.0,0.0,0.0,0.0,0.0,0.0,0.0
4,0,0.7101777,0.048800834,0.0,0.20865703,0.032364473,0.0,0.0,0.0,0.0,0.0,0.0,0.0
4,0,0.7101777,0.048800834,0.0,0.20865703,0.032364473,0.0,0.0,0.0,0.0,0.0,0.0,0.0
4,0,0.7101777,0.048800834,0.0,0.20865703,0.032364473,0.0,0.0,0.0,0.0,0.0,0.0,0.0
4,0,0.7101777,0.048800834,0.0,0.20865703,0.032364473,0.0,0.0,0.0,0.0,0.0,0.0,0.0
4,0,0.7101777,0.048800834,0.0,0.20865703,0.032364473,0.0,0.0,0.0,0.0,0.0,0.0,0.0
4,0,0.7101777,0.048800834,0.0,0.20865703,0.032364473,0.0,0.0,0.0,0.0,0.0,0.0,0.0
4,0,0.7101777,0.048800834,0.0,0.20865703,0.032364473,0.0,0.0,0.0,0.0,0.0,0.0,0.0
4,0,0.7101777,0.048800834,0.0,0.20865703,0.032364473,0.0,0.0,0.0,0.0,0.0,0.0,0.0
4,0,0.7101777,0.048800834,0.0,0.20865703,0.032364473,0.0,0.0,0.0,0.0,0.0,0.0,0.0
4,0,0.7101777,0.048800834,0.0,0.20865703,0.032364473,0.0,0.0,0.0,0.0,0.0,0.0,0.0
4,0,0.7101777,0.048800834,0.0,0.20865703,0.032364473,0.0,0.0,0.0,0.0,0.0,0.0,0.0
4,0,0.7101777,0.048800834,0.0,0.20865703,0.032364473,0.0,0.0,0.0,0.0,0.0,0.0,0.0
4,0,0.7101777,0.048800834,0.0,0.20865703,0.032364473,0.0,0.0,0.0,0.0,0.0,0.0,0.0
4,0,0.7101777,0.048800834,0.0,0.20865703,0.032364473,0.0,0.0,0.0,0.0,0.0,0.0,0.0
4,0,0.7101777,0.048800834,0.0,0.20865703,0.032364473,0.0,0.0,0.0,0.0,0.0,0.0,0.0
4,0,0.7101777,0.048800834,0.0,0.20865703,0.032364473,0.0,0.0,0.0,0.0,0.0,0.0,0.0
4,0,0.7101777,0.048800834,0.0,0.20865703,0.032364473,0.0,0.0,0.0,0.0,0.0,0.0,0.0
4,0,0.7101777,0.048800834,0.0,0.20865703,0.032364473,0.0,0.0,0.0,0.0,0.0,0.0,0.0
4,0,0.7101777,0.048800834,0.0,0.20865703,0.032364473,0.0,0.0,0.0,0.0,0.0,0.0,0.0
4,0,0.7101777,0.048800834,0.0,0.20865703,0.032364473,0.0,0.0,0.0,0.0,0.0,0.0,0.0
4,0,0.7101777,0.048800834,0.0,0.20865703,0.032364473,0.0,0.0,0.0,0.0,0.0,0.0,0.0
4,0,0.7101777,0.048800834,0.0,0.20865703,0.032364473,0.0,0.0,0.0,0.0,0.0,0.0,0.0
4,0,0.7101777,0.048800834,0.0,0.20865703,0.032364473,0.0,0.0,0.0,0.0,0.0,0.0,0.0
4,0,0.7101777,0.048800834,0.0,0.20865703,0.032364473,0.0,0.0,0.0,0.0,0.0,0.0,0.0
4,0,0.7101777,0.048800834,0.0,0.20865703,0.032364473,0.0,0.0,0.0,0.0,0.0,0.0,0.0
4,0,0.7101777,0.048800834,0.0,0.20865703,0.032364473,0.0,0.0,0.0,0.0,0.0,0.0,0.0
4,0,0.7101777,0.048800834,0.0,0.20865703,0.032364473,0.0,0.0,0.0,0.0,0.0,0.0,0.0
4,0,0.7101777,0.048800834,0.0,0.20865703,0.032364473,0.0,0.0,0.0,0.0,0.0,0.0,0.0
4,0,0.7101777,0.048800834,0.0,0.20865703,0.032364473,0.0,0.0,0.0,0.0,0.0,0.0,0.0
4,0,0.7101777,0.048800834,0.0,0.20865703,0.032364473,0.0,0.0,0.0,0.0,0.0,0.0,0.0
4,0,0.7101776,0.048800826,0.0,0.17003761,0.070983864,0.0,0.0,0.0,0.0,0.0,0.0,0.0
4,0,0.7101776,0.048800826,0.0,0.17003761,0.070983864,0.0,0.0,0.0,0.0,0.0,0.0,0.0
4,0,0.7101776,0.048800826,0.0,0.17003761,0.070983864,0.0,0.0,0.0,0.0,0.0,0.0,0.0
4,0,0.7101776,0.048800826,0.0,0.17003761,0.070983864,0.0,0.0,0.0,0.0,0.0,0.0,0.0
4,0,0.7101776,0.048800826,0.0,0.17003761,0.070983864,0.0,0.0,0.0,0.0,0.0,0.0,0.0
4,0,0.7101776,0.048800826,0.0,0.17003761,0.070983864,0.0,0.0,0.0,0.0,0.0,0.0,0.0
4,0,0.7101776,0.048800826,0.0,0.17003761,0.070983864,0.0,0.0,0.0,0.0,0.0,0.0,0.0
4,0,0.7101776,0.048800826,0.0,0.17003761,0.070983864,0.0,0.0,0.0,0.0,0.0,0.0,0.0
4,0,0.7101776,0.048800826,0.0,0.17003761,0.070983864,0.0,0.0,0.0,0.0,0.0,0.0,0.0
4,0,0.7101776,0.048800826,0.0,0.17003761,0.070983864,0.0,0.0,0.0,0.0,0.0,0.0,0.0
4,0,0.7101776,0.048800826,0.0,0.17003761,0.070983864,0.0,0.0,0.0,0.0,0.0,0.0,0.0
4,0,0.7101776,0.048800826,0.0,0.17003761,0.070983864,0.0,0.0,0.0,0.0,0.0,0.0,0.0
4,0,0.7101776,0.048800826,0.0,0.17003761,0.070983864,0.0,0.0,0.0,0.0,0.0,0.0,0.0
4,0,0.7101776,0.048800826,0.0,0.17003761,0.070983864,0.0,0.0,0.0,0.0,0.0,0.0,0.0
4,0,0.7101776,0.048800826,0.0,0.17003761,0.070983864,0.0,0.0,0.0,0.0,0.0,0.0,0.0
4,0,0.7101776,0.048800826,0.0,0.17003761,0.070983864,0.0,0.0,0.0,0.0,0.0,0.0,0.0
4,0,0.7101776,0.048800826,0.0,0.17003761,0.070983864,0.0,0.0,0.0,0.0,0.0,0.0,0.0
4,0,0.7101776,0.048800826,0.0,0.17003761,0.070983864,0.0,0.0,0.0,0.0,0.0,0.0,0.0
4,0,0.7101776,0.048800826,0.0,0.17003761,0.070983864,0.0,0.0,0.0,0.0,0.0,0.0,0.0
4,0,0.7101776,0.048800826,0.0,0.17003761,0.070983864,0.0,0.0,0.0,0.0,0.0,0.0,0.0
4,0,0.7101776,0.048800826,0.0,0.17003761,0.070983864,0.0,0.0,0.0,0.0,0.0,0.0,0.0
4,0,0.7101776,0.048800826,0.0,0.17003761,0.070983864,0.0,0.0,0.0,0.0,0.0,0.0,0.0
4,0,0.7101776,0.048800826,0.0,0.17003761,0.070983864,0.0,0.0,0.0,0.0,0.0,0.0,0.0
4,0,0.7101776,0.048800826,0.0,0.17003761,0.070983864,0.0,0.0,0.0,0.0,0.0,0.0,0.0
4,0,0.7101776,0.048800826,0.0,0.17003761,0.070983864,0.0,0.0,0.0,0.0,0.0,0.0,0.0
4,0,0.7101776,0.048800826,0.0,0.17003761,0.070983864,0.0,0.0,0.0,0.0,0.0,0.0,0.0
4,0,0.7101776,0.048800826,0.0,0.17003761,0.070983864,0.0,0.0,0.0,0.0,0.0,0.0,0.0
4,0,0.7101776,0.048800826,0.0,0.17003761,0.070983864,0.0,0.0,0.0,0.0,0.0,0.0,0.0
4,0,0.7101776,0.048800826,0.0,0.17003761,0.070983864,0.0,0.0,0.0,0.0,0.0,0.0,0.0
4,0,0.7101776,0.048800826,0.0,0.17003761,0.070983864,0.0,0.0,0.0,0.0,0.0,0.0,0.0
4,0,0.7101776,0.048800826,0.0,0.17003761,0.070983864,0.0,0.0,0.0,0.0,0.0,0.0,0.0
4,0,0.7101776,0.048800826,0.0,0.17003761,0.070983864,0.0,0.0,0.0,0.0,0.0,0.0,0.0
4,0,0.7101776,0.048800826,0.0,0.17003761,0.070983864,0.0,0.0,0.0,0.0,0.0,0.0,0.0
4,0,0.7101776,0.048800826,0.0,0.17003761,0.070983864,0.0,0.0,0.0,0.0,0.0,0.0,0.0
4,0,0.7101776,0.048800826,0.0,0.17003761,0.070983864,0.0,0.0,0.0,0.0,0.0,0.0,0.0
4,0,0.7101776,0.048800826,0.0,0.17003761,0.070983864,0.0,0.0,0.0,0.0,0.0,0.0,0.0
4,0,0.7101776,0.048800826,0.0,0.17003761,0.070983864,0.0,0.0,0.0,0.0,0.0,0.0,0.0
4,0,0.7101776,0.048800826,0.0,0.17003761,0.070983864,0.0,0.0,0.0,0.0,0.0,0.0,0.0
4,0,0.71017766,0.04880083,0.0,0.060142208,0.18087927,0.0,0.0,0.0,0.0,0.0,0.0,0.0
4,0,0.71017766,0.04880083,0.0,0.060142208,0.18087927,0.0,0.0,0.0,0.0,0.0,0.0,0.0
4,0,0.71017766,0.04880083,0.0,0.060142208,0.18087927,0.0,0.0,0.0,0.0,0.0,0.0,0.0
4,0,0.71017766,0.04880083,0.0,0.060142208,0.18087927,0.0,0.0,0.0,0.0,0.0,0.0,0.0
4,0,0.71017766,0.04880083,0.0,0.060142208,0.18087927,0.0,0.0,0.0,0.0,0.0,0.0,0.0
4,0,0.71017766,0.04880083,0.0,0.060142208,0.18087927,0.0,0.0,0.0,0.0,0.0,0.0,0.0
4,0,0.71017766,0.04880083,0.0,0.060142208,0.18087927,0.0,0.0,0.0,0.0,0.0,0.0,0.0
4,0,0.71017766,0.04880083,0.0,0.060142208,0.18087927,0.0,0.0,0.0,0.0,0.0,0.0,0.0
4,0,0.71017766,0.04880083,0.0,0.060142208,0.18087927,0.0,0.0,0.0,0.0,0.0,0.0,0.0
4,0,0.71017766,0.04880083,0.0,0.060142208,0.18087927,0.0,0.0,0.0,0.0,0.0,0.0,0.0
4,0,0.71017766,0.04880083,0.0,0.060142208,0.18087927,0.0,0.0,0.0,0.0,0.0,0.0,0.0
4,0,0.71017766,0.04880083,0.0,0.060142208,0.18087927,0.0,0.0,0.0,0.0,0.0,0.0,0.0
4,0,0.71017766,0.04880083,0.0,0.060142208,0.18087927,0.0,0.0,0.0,0.0,0.0,0.0,0.0
4,0,0.71017766,0.04880083,0.0,0.060142208,0.18087927,0.0,0.0,0.0,0.0,0.0,0.0,0.0
4,0,0.71017766,0.04880083,0.0,0.060142208,0.18087927,0.0,0.0,0.0,0.0,0.0,0.0,0.0
4,0,0.71017766,0.04880083,0.0,0.060142208,0.18087927,0.0,0.0,0.0,0.0,0.0,0.0,0.0
4,0,0.6332562,0.04880083,0.0,0.060142208,0.25780076,0.0,0.0,0.0,0.0,0.0,0.0,0.0
4,0,0.6332562,0.04880083,0.0,0.060142208,0.25780076,0.0,0.0,0.0,0.0,0.0,0.0,0.0
4,0,0.6332562,0.04880083,0.0,0.060142208,0.25780076,0.0,0.0,0.0,0.0,0.0,0.0,0.0
4,0,0.6332562,0.04880083,0.0,0.060142208,0.25780076,0.0,0.0,0.0,0.0,0.0,0.0,0.0
4,0,0.6332562,0.04880083,0.0,0.060142208,0.25780076,0.0,0.0,0.0,0.0,0.0,0.0,0.0
4,0,0.6332562,0.04880083,0.0,0.060142208,0.25780076,0.0,0.0,0.0,0.0,0.0,0.0,0.0
4,0,0.6332562,0.04880083,0.0,0.060142208,0.25780076,0.0,0.0,0.0,0.0,0.0,0.0,0.0
4,0,0.6332562,0.04880083,0.0,0.060142208,0.25780076,0.0,0.0,0.0,0.0,0.0,0.0,0.0
4,0,0.6332562,0.04880083,0.0,0.060142208,0.25780076,0.0,0.0,0.0,0.0,0.0,0.0,0.0
4,0,0.6332562,0.04880083,0.0,0.060142208,0.25780076,0.0,0.0,0.0,0.0,0.0,0.0,0.0
4,0,0.6332562,0.04880083,0.0,0.060142208,0.25780076,0.0,0.0,0.0,0.0,0.0,0.0,0.0
4,0,0.6332562,0.04880083,0.0,0.060142208,0.25780076,0.0,0.0,0.0,0.0,0.0,0.0,0.0
4,0,0.6332562,0.04880083,0.0,0.060142208,0.25780076,0.0,0.0,0.0,0.0,0.0,0.0,0.0
4,0,0.6332562,0.04880083,0.0,0.060142208,0.25780076,0.0,0.0,0.0,0.0,0.0,0.0,0.0
4,0,0.46046898,0.048800826,0.0,0.060142204,0.430588,0.0,0.0,0.0,0.0,0.0,0.0,0.0
4,0,0.46046898,0.048800826,0.0,0.060142204,0.430588,0.0,0.0,0.0,0.0,0.0,0.0,0.0
4,0,0.4193025,0.13383923,0.0,0.05476542,0.3920929,0.0,0.0,0.0,0.0,0.0,0.0,0.0
4,0,0.4193025,0.13383923,0.0,0.05476542,0.3920929,0.0,0.0,0.0,0.0,0.0,0.0,0.0
4,4,0.4193025,0.13383923,0.0,0.0,0.4468583,0.0,0.0,0.0,0.0,0.0,0.0,0.0
4,4,0.4193025,0.13383923,0.0,0.0,0.4468583,0.0,0.0,0.0,0.0,0.0,0.0,0.0
4,4,0.4193025,0.13383923,0.0,0.0,0.4468583,0.0,0.0,0.0,0.0,0.0,0.0,0.0
4,4,0.4193025,0.13383923,0.0,0.0,0.4468583,0.0,0.0,0.0,0.0,0.0,0.0,0.0
4,4,0.4193025,0.13383923,0.0,0.0,0.4468583,0.0,0.0,0.0,0.0,0.0,0.0,0.0
4,4,0.4193025,0.13383923,0.0,0.0,0.4468583,0.0,0.0,0.0,0.0,0.0,0.0,0.0
4,4,0.4193025,0.13383923,0.0,0.0,0.4468583,0.0,0.0,0.0,0.0,0.0,0.0,0.0
4,4,0.4193025,0.13383923,0.0,0.0,0.4468583,0.0,0.0,0.0,0.0,0.0,0.0,0.0
4,4,0.4193025,0.13383923,0.0,0.0,0.4468583,0.0,0.0,0.0,0.0,0.0,0.0,0.0
4,4,0.4193025,0.13383923,0.0,0.0,0.4468583,0.0,0.0,0.0,0.0,0.0,0.0,0.0
4,4,0.4193025,0.13383923,0.0,0.0,0.4468583,0.0,0.0,0.0,0.0,0.0,0.0,0.0
4,4,0.4193025,0.13383923,0.0,0.0,0.4468583,0.0,0.0,0.0,0.0,0.0,0.0,0.0
4,4,0.4193025,0.13383923,0.0,0.0,0.4468583,0.0,0.0,0.0,0.0,0.0,0.0,0.0
4,4,0.4193025,0.13383923,0.0,0.0,0.4468583,0.0,0.0,0.0,0.0,0.0,0.0,0.0
4,4,0.36602628,0.14267746,0.0,0.0,0.49129626,0.0,0.0,0.0,0.0,0.0,0.0,0.0
4,4,0.36602628,0.14267746,0.0,0.0,0.49129626,0.0,0.0,0.0,0.0,0.0,0.0,0.0
4,4,0.36602628,0.14267746,0.0,0.0,0.49129626,0.0,0.0,0.0,0.0,0.0,0.0,0.0
4,4,0.36602628,0.14267746,0.0,0.0,0.49129626,0.0,0.0,0.0,0.0,0.0,0.0,0.0
4,4,0.36602628,0.14267746,0.0,0.0,0.49129626,0.0,0.0,0.0,0.0,0.0,0.0,0.0
4,4,0.36602628,0.14267746,0.0,0.0,0.49129626,0.0,0.0,0.0,0.0,0.0,0.0,0.0
4,4,0.36602628,0.14267746,0.0,0.0,0.49129626,0.0,0.0,0.0,0.0,0.0,0.0,0.0
4,4,0.36602628,0.14267746,0.0,0.0,0.49129626,0.0,0.0,0.0,0.0,0.0,0.0,0.0
4,4,0.36602628,0.14267746,0.0,0.0,0.49129626,0.0,0.0,0.0,0.0,0.0,0.0,0.0
4,4,0.36602628,0.14267746,0.0,0.0,0.49129626,0.0,0.0,0.0,0.0,0.0,0.0,0.0
4,4,0.36602628,0.14267746,0.0,0.0,0.49129626,0.0,0.0,0.0,0.0,0.0,0.0,0.0
4,4,0.36602628,0.14267746,0.0,0.0,0.49129626,0.0,0.0,0.0,0.0,0.0,0.0,0.0
4,4,0.36602628,0.14267746,0.0,0.0,0.49129626,0.0,0.0,0.0,0.0,0.0,0.0,0.0
4,4,0.36602628,0.14267746,0.0,0.0,0.49129626,0.0,0.0,0.0,0.0,0.0,0.0,0.0
4,4,0.36602628,0.14267746,0.0,0.0,0.49129626,0.0,0.0,0.0,0.0,0.0,0.0,0.0
4,4,0.36602628,0.14267746,0.0,0.0,0.49129626,0.0,0.0,0.0,0.0,0.0,0.0,0.0
4,4,0.18828337,0.14717628,0.0,0.0,0.66454035,0.0,0.0,0.0,0.0,0.0,0.0,0.0
4,4,0.18828337,0.14717628,0.0,0.0,0.66454035,0.0,0.0,0.0,0.0,0.0,0.0,0.0
4,4,0.18828337,0.14717628,0.0,0.0,0.66454035,0.0,0.0,0.0,0.0,0.0,0.0,0.0
4,4,0.18828337,0.14717628,0.0,0.0,0.66454035,0.0,0.0,0.0,0.0,0.0,0.0,0.0
4,4,0.18828337,0.14717628,0.0,0.0,0.66454035,0.0,0.0,0.0,0.0,0.0,0.0,0.0
4,4,0.18828337,0.14717628,0.0,0.0,0.66454035,0.0,0.0,0.0,0.0,0.0,0.0,0.0
4,4,0.18828337,0.14717628,0.0,0.0,0.66454035,0.0,0.0,0.0,0.0,0.0,0.0,0.0
4,4,0.18828337,0.14717628,0.0,0.0,0.66454035,0.0,0.0,0.0,0.0,0.0,0.0,0.0
4,4,0.18828337,0.14717628,0.0,0.0,0.66454035,0.0,0.0,0.0,0.0,0.0,0.0,0.0
4,4,0.18828337,0.14717628,0.0,0.0,0.66454035,0.0,0.0,0.0,0.0,0.0,0.0,0.0
4,4,0.18828337,0.14717628,0.0,0.0,0.66454035,0.0,0.0,0.0,0.0,0.0,0.0,0.0
4,4,0.18828337,0.14717628,0.0,0.0,0.66454035,0.0,0.0,0.0,0.0,0.0,0.0,0.0
4,4,0.18828337,0.14717628,0.0,0.0,0.66454035,0.0,0.0,0.0,0.0,0.0,0.0,0.0
4,4,0.18828337,0.14717628,0.0,0.0,0.66454035,0.0,0.0,0.0,0.0,0.0,0.0,0.0
4,4,0.18828337,0.14717628,0.0,0.0,0.66454035,0.0,0.0,0.0,0.0,0.0,0.0,0.0
4,4,0.18828337,0.14717628,0.0,0.0,0.66454035,0.0,0.0,0.0,0.0,0.0,0.0,0.0
4,4,0.18828337,0.14717628,0.0,0.0,0.66454035,0.0,0.0,0.0,0.0,0.0,0.0,0.0
4,4,0.18828337,0.14717628,0.0,0.0,0.66454035,0.0,0.0,0.0,0.0,0.0,0.0,0.0
4,4,0.18828337,0.14717628,0.0,0.0,0.66454035,0.0,0.0,0.0,0.0,0.0,0.0,0.0
4,4,0.18828337,0.14717628,0.0,0.0,0.66454035,0.0,0.0,0.0,0.0,0.0,0.0,0.0
4,4,0.18828337,0.14717628,0.0,0.0,0.66454035,0.0,0.0,0.0,0.0,0.0,0.0,0.0
4,4,0.18828337,0.14717628,0.0,0.0,0.66454035,0.0,0.0,0.0,0.0,0.0,0.0,0.0
4,4,0.18828337,0.14717628,0.0,0.0,0.66454035,0.0,0.0,0.0,0.0,0.0,0.0,0.0
4,4,0.18828337,0.14717628,0.0,0.0,0.66454035,0.0,0.0,0.0,0.0,0.0,0.0,0.0
4,4,0.0,0.14717628,0.0,0.0,0.8528237,0.0,0.0,0.0,0.0,0.0,0.0,0.0
4,4,0.0,0.14717628,0.0,0.0,0.8528237,0.0,0.0,0.0,0.0,0.0,0.0,0.0
4,4,0.0,0.14717628,0.0,0.0,0.8528237,0.0,0.0,0.0,0.0,0.0,0.0,0.0
4,4,0.0,0.14717628,0.0,0.0,0.8528237,0.0,0.0,0.0,0.0,0.0,0.0,0.0
4,4,0.0,0.14717628,0.0,0.0,0.8528237,0.0,0.0,0.0,0.0,0.0,0.0,0.0
4,4,0.0,0.14717628,0.0,0.0,0.8528237,0.0,0.0,0.0,0.0,0.0,0.0,0.0
4,4,0.0,0.14717628,0.0,0.0,0.8528237,0.0,0.0,0.0,0.0,0.0,0.0,0.0
4,4,0.0,0.14717628,0.0,0.0,0.8528237,0.0,0.0,0.0,0.0,0.0,0.0,0.0
4,4,0.0,0.14717628,0.0,0.0,0.8528237,0.0,0.0,0.0,0.0,0.0,0.0,0.0
4,4,0.0,0.14717628,0.0,0.0,0.8528237,0.0,0.0,0.0,0.0,0.0,0.0,0.0
4,4,0.0,0.14717628,0.0,0.0,0.8528237,0.0,0.0,0.0,0.0,0.0,0.0,0.0
4,4,0.0,0.14717628,0.0,0.0,0.8528237,0.0,0.0,0.0,0.0,0.0,0.0,0.0
4,4,0.0,0.14717628,0.0,0.0,0.8528237,0.0,0.0,0.0,0.0,0.0,0.0,0.0
4,4,0.0,0.14717628,0.0,0.0,0.8528237,0.0,0.0,0.0,0.0,0.0,0.0,0.0
4,4,0.0,0.14717628,0.0,0.0,0.8528237,0.0,0.0,0.0,0.0,0.0,0.0,0.0
4,4,0.0,0.14717628,0.0,0.0,0.8528237,0.0,0.0,0.0,0.0,0.0,0.0,0.0
4,4,0.0,0.14717628,0.0,0.0,0.8528237,0.0,0.0,0.0,0.0,0.0,0.0,0.0
4,4,0.0,0.14717628,0.0,0.0,0.8528237,0.0,0.0,0.0,0.0,0.0,0.0,0.0
4,4,0.0,0.14717628,0.0,0.0,0.8528237,0.0,0.0,0.0,0.0,0.0,0.0,0.0
4,4,0.0,0.14717628,0.0,0.0,0.8528237,0.0,0.0,0.0,0.0,0.0,0.0,0.0
4,4,0.0,0.14717628,0.0,0.0,0.8528237,0.0,0.0,0.0,0.0,0.0,0.0,0.0
4,4,0.0,0.14717628,0.0,0.0,0.8528237,0.0,0.0,0.0,0.0,0.0,0.0,0.0
4,4,0.0,0.14717628,0.0,0.0,0.8528237,0.0,0.0,0.0,0.0,0.0,0.0,0.0
4,4,0.0,0.14717628,0.0,0.0,0.8528237,0.0,0.0,0.0,0.0,0.0,0.0,0.0
4,4,0.0,0.14717628,0.0,0.0,0.8528237,0.0,0.0,0.0,0.0,0.0,0.0,0.0
4,4,0.0,0.14717628,0.0,0.0,0.8528237,0.0,0.0,0.0,0.0,0.0,0.0,0.0
4,4,0.0,0.14717628,0.0,0.0,0.8528237,0.0,0.0,0.0,0.0,0.0,0.0,0.0
4,4,0.0,0.14717628,0.0,0.0,0.8528237,0.0,0.0,0.0,0.0,0.0,0.0,0.0
4,4,0.0,0.14717628,0.0,0.0,0.8528237,0.0,0.0,0.0,0.0,0.0,0.0,0.0
4,4,0.0,0.14717628,0.0,0.0,0.8528237,0.0,0.0,0.0,0.0,0.0,0.0,0.0
4,4,0.0,0.14717628,0.0,0.0,0.8528237,0.0,0.0,0.0,0.0,0.0,0.0,0.0
4,4,0.0,0.14717628,0.0,0.0,0.8528237,0.0,0.0,0.0,0.0,0.0,0.0,0.0
4,4,0.0,0.14717628,0.0,0.0,0.8528237,0.0,0.0,0.0,0.0,0.0,0.0,0.0
4,4,0.0,0.14717628,0.0,0.0,0.8528237,0.0,0.0,0.0,0.0,0.0,0.0,0.0
4,4,0.0,0.14717628,0.0,0.0,0.8528237,0.0,0.0,0.0,0.0,0.0,0.0,0.0
4,4,0.0,0.14717628,0.0,0.0,0.8528237,0.0,0.0,0.0,0.0,0.0,0.0,0.0
4,4,0.0,0.14717628,0.0,0.0,0.8528237,0.0,0.0,0.0,0.0,0.0,0.0,0.0
4,4,0.0,0.14717628,0.0,0.0,0.8528237,0.0,0.0,0.0,0.0,0.0,0.0,0.0
4,4,0.0,0.14717628,0.0,0.0,0.8528237,0.0,0.0,0.0,0.0,0.0,0.0,0.0
4,4,0.0,0.14717628,0.0,0.0,0.8528237,0.0,0.0,0.0,0.0,0.0,0.0,0.0
5,4,0.0,0.14717628,0.0,0.0,0.8528237,0.0,0.0,0.0,0.0,0.0,0.0,0.0
5,4,0.0,0.14717628,0.0,0.0,0.8528237,0.0,0.0,0.0,0.0,0.0,0.0,0.0
5,4,0.0,0.14717628,0.0,0.0,0.8528237,0.0,0.0,0.0,0.0,0.0,0.0,0.0
5,4,0.0,0.14717628,0.0,0.0,0.8528237,0.0,0.0,0.0,0.0,0.0,0.0,0.0
5,4,0.0,0.14717628,0.0,0.0,0.8528237,0.0,0.0,0.0,0.0,0.0,0.0,0.0
5,4,0.0,0.14717628,0.0,0.0,0.8528237,0.0,0.0,0.0,0.0,0.0,0.0,0.0
5,4,0.0,0.14717628,0.0,0.0,0.8528237,0.0,0.0,0.0,0.0,0.0,0.0,0.0
5,4,0.0,0.14717628,0.0,0.0,0.8528237,0.0,0.0,0.0,0.0,0.0,0.0,0.0
5,4,0.0,0.14717628,0.0,0.0,0.8528237,0.0,0.0,0.0,0.0,0.0,0.0,0.0
5,4,0.0,0.14717628,0.0,0.0,0.8528237,0.0,0.0,0.0,0.0,0.0,0.0,0.0
5,4,0.0,0.14717628,0.0,0.0,0.8528237,0.0,0.0,0.0,0.0,0.0,0.0,0.0
5,4,0.0,0.14717628,0.0,0.0,0.8528237,0.0,0.0,0.0,0.0,0.0,0.0,0.0
5,4,0.0,0.14717628,0.0,0.0,0.8528237,0.0,0.0,0.0,0.0,0.0,0.0,0.0
5,4,0.0,0.14717628,0.0,0.0,0.8528237,0.0,0.0,0.0,0.0,0.0,0.0,0.0
5,4,0.0,0.14717628,0.0,0.0,0.8528237,0.0,0.0,0.0,0.0,0.0,0.0,0.0
5,4,0.0,0.14717628,0.0,0.0,0.8528237,0.0,0.0,0.0,0.0,0.0,0.0,0.0
5,4,0.0,0.14717628,0.0,0.0,0.8528237,0.0,0.0,0.0,0.0,0.0,0.0,0.0
5,4,0.0,0.14717628,0.0,0.0,0.8528237,0.0,0.0,0.0,0.0,0.0,0.0,0.0
5,4,0.0,0.14717628,0.0,0.0,0.8528237,0.0,0.0,0.0,0.0,0.0,0.0,0.0
5,4,0.0,0.14717628,0.0,0.0,0.8528237,0.0,0.0,0.0,0.0,0.0,0.0,0.0
5,4,0.0,0.14717628,0.0,0.0,0.8528237,0.0,0.0,0.0,0.0,0.0,0.0,0.0
5,4,0.0,0.14717628,0.0,0.0,0.8528237,0.0,0.0,0.0,0.0,0.0,0.0,0.0
5,4,0.0,0.14717628,0.0,0.0,0.8528237,0.0,0.0,0.0,0.0,0.0,0.0,0.0
5,4,0.0,0.14717628,0.0,0.0,0.8528237,0.0,0.0,0.0,0.0,0.0,0.0,0.0
5,4,0.0,0.14717628,0.0,0.0,0.8528237,0.0,0.0,0.0,0.0,0.0,0.0,0.0
5,4,0.0,0.14717628,0.0,0.0,0.8528237,0.0,0.0,0.0,0.0,0.0,0.0,0.0
5,4,0.0,0.14717628,0.0,0.0,0.8528237,0.0,0.0,0.0,0.0,0.0,0.0,0.0
5,4,0.0,0.14717628,0.0,0.0,0.8528237,0.0,0.0,0.0,0.0,0.0,0.0,0.0
5,4,0.0,0.14717628,0.0,0.0,0.8528237,0.0,0.0,0.0,0.0,0.0,0.0,0.0
5,4,0.0,0.14717628,0.0,0.0,0.8528237,0.0,0.0,0.0,0.0,0.0,0.0,0.0
5,4,0.0,0.14717628,0.0,0.0,0.8528237,0.0,0.0,0.0,0.0,0.0,0.0,0.0
5,4,0.0,0.14717628,0.0,0.0,0.8528237,0.0,0.0,0.0,0.0,0.0,0.0,0.0
5,4,0.0,0.09222019,0.0,0.0,0.9077798,0.0,0.0,0.0,0.0,0.0,0.0,0.0
5,4,0.0,0.09222019,0.0,0.0,0.9077798,0.0,0.0,0.0,0.0,0.0,0.0,0.0
5,4,0.0,0.09222019,0.0,0.0,0.9077798,0.0,0.0,0.0,0.0,0.0,0.0,0.0
5,4,0.0,0.09222019,0.0,0.0,0.9077798,0.0,0.0,0.0,0.0,0.0,0.0,0.0
5,4,0.0,0.09222019,0.0,0.0,0.9077798,0.0,0.0,0.0,0.0,0.0,0.0,0.0
5,4,0.0,0.09222019,0.0,0.0,0.9077798,0.0,0.0,0.0,0.0,0.0,0.0,0.0
5,4,0.0,0.09222019,0.0,0.0,0.9077798,0.0,0.0,0.0,0.0,0.0,0.0,0.0
5,4,0.0,0.09222019,0.0,0.0,0.9077798,0.0,0.0,0.0,0.0,0.0,0.0,0.0
5,4,0.0,0.09222019,0.0,0.0,0.9077798,0.0,0.0,0.0,0.0,0.0,0.0,0.0
5,4,0.0,0.09222019,0.0,0.0,0.9077798,0.0,0.0,0.0,0.0,0.0,0.0,0.0
5,4,0.0,0.09222019,0.0,0.0,0.9077798,0.0,0.0,0.0,0.0,0.0,0.0,0.0
5,4,0.0,0.09222019,0.0,0.0,0.9077798,0.0,0.0,0.0,0.0,0.0,0.0,0.0
5,4,0.0,0.09222019,0.0,0.0,0.9077798,0.0,0.0,0.0,0.0,0.0,0.0,0.0
5,4,0.0,0.09222019,0.0,0.0,0.9077798,0.0,0.0,0.0,0.0,0.0,0.0,0.0
5,4,0.0,0.09222019,0.0,0.0,0.9077798,0.0,0.0,0.0,0.0,0.0,0.0,0.0
5,4,0.0,0.09222019,0.0,0.0,0.9077798,0.0,0.0,0.0,0.0,0.0,0.0,0.0
5,4,0.0,0.09222019,0.0,0.0,0.9077798,0.0,0.0,0.0,0.0,0.0,0.0,0.0
5,4,0.0,0.09222019,0.0,0.0,0.9077798,0.0,0.0,0.0,0.0,0.0,0.0,0.0
5,4,0.0,0.09222019,0.0,0.0,0.9077798,0.0,0.0,0.0,0.0,0.0,0.0,0.0
5,4,0.0,0.09222019,0.0,0.0,0.9077798,0.0,0.0,0.0,0.0,0.0,0.0,0.0
5,4,0.0,0.09222019,0.0,0.0,0.9077798,0.0,0.0,0.0,0.0,0.0,0.0,0.0
5,4,0.0,0.09222019,0.0,0.0,0.9077798,0.0,0.0,0.0,0.0,0.0,0.0,0.0
5,4,0.0,0.09222019,0.0,0.0,0.9077798,0.0,0.0,0.0,0.0,0.0,0.0,0.0
5,4,0.0,0.09222019,0.0,0.0,0.9077798,0.0,0.0,0.0,0.0,0.0,0.0,0.0
5,4,0.0,0.09222019,0.0,0.0,0.9077798,0.0,0.0,0.0,0.0,0.0,0.0,0.0
5,4,0.0,0.09222019,0.0,0.0,0.9077798,0.0,0.0,0.0,0.0,0.0,0.0,0.0
5,4,0.0,0.09222019,0.0,0.0,0.9077798,0.0,0.0,0.0,0.0,0.0,0.0,0.0
5,4,0.0,0.09222019,0.0,0.0,0.9077798,0.0,0.0,0.0,0.0,0.0,0.0,0.0
5,4,0.0,0.09222019,0.0,0.0,0.9077798,0.0,0.0,0.0,0.0,0.0,0.0,0.0
5,4,0.0,0.09222019,0.0,0.0,0.9077798,0.0,0.0,0.0,0.0,0.0,0.0,0.0
5,4,0.0,0.09222019,0.0,0.0,0.9077798,0.0,0.0,0.0,0.0,0.0,0.0,0.0
5,4,0.0,0.09222019,0.0,0.0,0.9077798,0.0,0.0,0.0,0.0,0.0,0.0,0.0
5,4,0.0,0.08940125,0.0,0.0,0.8800312,0.0,0.0,0.03056752,0.0,0.0,0.0,0.0
5,4,0.0,0.08940125,0.0,0.0,0.8800312,0.0,0.0,0.03056752,0.0,0.0,0.0,0.0
5,4,0.0,0.08940125,0.0,0.0,0.8800312,0.0,0.0,0.03056752,0.0,0.0,0.0,0.0
5,4,0.0,0.08940125,0.0,0.0,0.8800312,0.0,0.0,0.03056752,0.0,0.0,0.0,0.0
5,4,0.0,0.08940125,0.0,0.0,0.8800312,0.0,0.0,0.03056752,0.0,0.0,0.0,0.0
5,4,0.0,0.08940125,0.0,0.0,0.8800312,0.0,0.0,0.03056752,0.0,0.0,0.0,0.0
5,4,0.0,0.08940125,0.0,0.0,0.8800312,0.0,0.0,0.03056752,0.0,0.0,0.0,0.0
5,4,0.0,0.08940125,0.0,0.0,0.8800312,0.0,0.0,0.03056752,0.0,0.0,0.0,0.0
5,4,0.0,0.08940125,0.0,0.0,0.8800312,0.0,0.0,0.03056752,0.0,0.0,0.0,0.0
5,4,0.0,0.08940125,0.0,0.0,0.8800312,0.0,0.0,0.03056752,0.0,0.0,0.0,0.0
5,4,0.0,0.08940125,0.0,0.0,0.8800312,0.0,0.0,0.03056752,0.0,0.0,0.0,0.0
5,4,0.0,0.08940125,0.0,0.0,0.8800312,0.0,0.0,0.03056752,0.0,0.0,0.0,0.0
5,4,0.0,0.08940125,0.0,0.0,0.8800312,0.0,0.0,0.03056752,0.0,0.0,0.0,0.0
5,4,0.0,0.08940125,0.0,0.0,0.8800312,0.0,0.0,0.03056752,0.0,0.0,0.0,0.0
5,4,0.0,0.08940125,0.0,0.0,0.8800312,0.0,0.0,0.03056752,0.0,0.0,0.0,0.0
5,4,0.0,0.08940125,0.0,0.0,0.8800312,0.0,0.0,0.03056752,0.0,0.0,0.0,0.0
5,4,0.0,0.08940125,0.0,0.0,0.8800312,0.0,0.0,0.03056752,0.0,0.0,0.0,0.0
5,4,0.0,0.08940125,0.0,0.0,0.8800312,0.0,0.0,0.03056752,0.0,0.0,0.0,0.0
5,4,0.0,0.08940125,0.0,0.0,0.8800312,0.0,0.0,0.03056752,0.0,0.0,0.0,0.0
5,4,0.0,0.08940125,0.0,0.0,0.8800312,0.0,0.0,0.03056752,0.0,0.0,0.0,0.0
5,4,0.0,0.08940125,0.0,0.0,0.8800312,0.0,0.0,0.03056752,0.0,0.0,0.0,0.0
5,4,0.0,0.08940125,0.0,0.0,0.8800312,0.0,0.0,0.03056752,0.0,0.0,0.0,0.0
5,4,0.0,0.08940125,0.0,0.0,0.8800312,0.0,0.0,0.03056752,0.0,0.0,0.0,0.0
5,4,0.0,0.08940125,0.0,0.0,0.8800312,0.0,0.0,0.03056752,0.0,0.0,0.0,0.0
5,4,0.0,0.08940125,0.0,0.0,0.8800312,0.0,0.0,0.03056752,0.0,0.0,0.0,0.0
5,4,0.0,0.08940125,0.0,0.0,0.8800312,0.0,0.0,0.03056752,0.0,0.0,0.0,0.0
5,4,0.0,0.08940125,0.0,0.0,0.8800312,0.0,0.0,0.03056752,0.0,0.0,0.0,0.0
5,4,0.0,0.08940125,0.0,0.0,0.8800312,0.0,0.0,0.03056752,0.0,0.0,0.0,0.0
5,4,0.0,0.08940125,0.0,0.0,0.8800312,0.0,0.0,0.03056752,0.0,0.0,0.0,0.0
5,4,0.0,0.08940125,0.0,0.0,0.8800312,0.0,0.0,0.03056752,0.0,0.0,0.0,0.0
5,4,0.0,0.08940125,0.0,0.0,0.8800312,0.0,0.0,0.03056752,0.0,0.0,0.0,0.0
5,4,0.0,0.08940125,0.0,0.0,0.8800312,0.0,0.0,0.03056752,0.0,0.0,0.0,0.0
5,4,0.0,0.08940125,0.0,0.0,0.8800312,0.0,0.0,0.03056752,0.0,0.0,0.0,0.0
5,4,0.0,0.08940125,0.0,0.0,0.8800312,0.0,0.0,0.03056752,0.0,0.0,0.0,0.0
5,4,0.0,0.08940125,0.0,0.0,0.8800312,0.0,0.0,0.03056752,0.0,0.0,0.0,0.0
5,4,0.0,0.08940125,0.0,0.0,0.8800312,0.0,0.0,0.03056752,0.0,0.0,0.0,0.0
5,4,0.0,0.08940125,0.0,0.0,0.8800312,0.0,0.0,0.03056752,0.0,0.0,0.0,0.0
5,4,0.0,0.08940125,0.0,0.0,0.8800312,0.0,0.0,0.03056752,0.0,0.0,0.0,0.0
5,4,0.0,0.08940125,0.0,0.0,0.8800312,0.0,0.0,0.03056752,0.0,0.0,0.0,0.0
5,4,0.0,0.08940125,0.0,0.0,0.8800312,0.0,0.0,0.03056752,0.0,0.0,0.0,0.0
5,4,0.0,0.08940125,0.0,0.0,0.8800312,0.0,0.0,0.03056752,0.0,0.0,0.0,0.0
5,4,0.0,0.08940125,0.0,0.0,0.8800312,0.0,0.0,0.03056752,0.0,0.0,0.0,0.0
5,4,0.0,0.08940125,0.0,0.0,0.8800312,0.0,0.0,0.03056752,0.0,0.0,0.0,0.0
5,4,0.0,0.08940125,0.0,0.0,0.8800312,0.0,0.0,0.03056752,0.0,0.0,0.0,0.0
5,4,0.0,0.08940125,0.0,0.0,0.8800312,0.0,0.0,0.03056752,0.0,0.0,0.0,0.0
5,4,0.0,0.08940125,0.0,0.0,0.8800312,0.0,0.0,0.03056752,0.0,0.0,0.0,0.0
5,4,0.0,0.08940125,0.0,0.0,0.8800312,0.0,0.0,0.03056752,0.0,0.0,0.0,0.0
5,4,0.0,0.08940125,0.0,0.0,0.8800312,0.0,0.0,0.03056752,0.0,0.0,0.0,0.0
5,4,0.0,0.08940125,0.0,0.0,0.8800312,0.0,0.0,0.03056752,0.0,0.0,0.0,0.0
5,4,0.0,0.08940125,0.0,0.0,0.8800312,0.0,0.0,0.03056752,0.0,0.0,0.0,0.0
5,4,0.0,0.08940125,0.0,0.0,0.8800312,0.0,0.0,0.03056752,0.0,0.0,0.0,0.0
5,4,0.0,0.08940125,0.0,0.0,0.8800312,0.0,0.0,0.03056752,0.0,0.0,0.0,0.0
5,4,0.0,0.08940125,0.0,0.0,0.8800312,0.0,0.0,0.03056752,0.0,0.0,0.0,0.0
5,4,0.0,0.08940125,0.0,0.0,0.8800312,0.0,0.0,0.03056752,0.0,0.0,0.0,0.0
5,4,0.0,0.08940125,0.0,0.0,0.8800312,0.0,0.0,0.03056752,0.0,0.0,0.0,0.0
5,4,0.0,0.08940125,0.0,0.0,0.8800312,0.0,0.0,0.03056752,0.0,0.0,0.0,0.0
5,4,0.0,0.08940125,0.0,0.0,0.8800312,0.0,0.0,0.03056752,0.0,0.0,0.0,0.0
5,4,0.0,0.08940125,0.0,0.0,0.8800312,0.0,0.0,0.03056752,0.0,0.0,0.0,0.0
5,4,0.0,0.08940125,0.0,0.0,0.8800312,0.0,0.0,0.03056752,0.0,0.0,0.0,0.0
5,4,0.0,0.08940125,0.0,0.0,0.8800312,0.0,0.0,0.03056752,0.0,0.0,0.0,0.0
5,4,0.0,0.08940125,0.0,0.0,0.8800312,0.0,0.0,0.03056752,0.0,0.0,0.0,0.0
5,4,0.0,0.08940125,0.0,0.0,0.8800312,0.0,0.0,0.03056752,0.0,0.0,0.0,0.0
5,4,0.0,0.08940125,0.0,0.0,0.8800312,0.0,0.0,0.03056752,0.0,0.0,0.0,0.0
5,4,0.0,0.08940125,0.0,0.0,0.8800312,0.0,0.0,0.03056752,0.0,0.0,0.0,0.0
5,4,0.0,0.08940125,0.0,0.0,0.8800312,0.0,0.0,0.03056752,0.0,0.0,0.0,0.0
5,4,0.0,0.08940125,0.0,0.0,0.8800312,0.0,0.0,0.03056752,0.0,0.0,0.0,0.0
5,4,0.0,0.08940125,0.0,0.0,0.8800312,0.0,0.0,0.03056752,0.0,0.0,0.0,0.0
5,4,0.0,0.08940125,0.0,0.0,0.8800312,0.0,0.0,0.03056752,0.0,0.0,0.0,0.0
5,4,0.0,0.08940125,0.0,0.0,0.8800312,0.0,0.0,0.03056752,0.0,0.0,0.0,0.0
5,4,0.0,0.08940125,0.0,0.0,0.8800312,0.0,0.0,0.03056752,0.0,0.0,0.0,0.0
5,4,0.0,0.08940125,0.0,0.0,0.8800312,0.0,0.0,0.03056752,0.0,0.0,0.0,0.0
5,4,0.0,0.08940125,0.0,0.0,0.8800312,0.0,0.0,0.03056752,0.0,0.0,0.0,0.0
5,4,0.0,0.08940125,0.0,0.0,0.8800312,0.0,0.0,0.03056752,0.0,0.0,0.0,0.0
5,4,0.0,0.08940125,0.0,0.0,0.8219722,0.0,0.0,0.08862654,0.0,0.0,0.0,0.0
5,4,0.0,0.08940125,0.0,0.0,0.8219722,0.0,0.0,0.08862654,0.0,0.0,0.0,0.0
5,4,0.0,0.08940125,0.0,0.0,0.8219722,0.0,0.0,0.08862654,0.0,0.0,0.0,0.0
5,4,0.0,0.08940125,0.0,0.0,0.8219722,0.0,0.0,0.08862654,0.0,0.0,0.0,0.0
5,4,0.0,0.08940125,0.0,0.0,0.8219722,0.0,0.0,0.08862654,0.0,0.0,0.0,0.0
5,4,0.0,0.08940125,0.0,0.0,0.8219722,0.0,0.0,0.08862654,0.0,0.0,0.0,0.0
5,4,0.0,0.08940125,0.0,0.0,0.8219722,0.0,0.0,0.08862654,0.0,0.0,0.0,0.0
5,4,0.0,0.08940125,0.0,0.0,0.8219722,0.0,0.0,0.08862654,0.0,0.0,0.0,0.0
5,4,0.0,0.08940125,0.0,0.0,0.8219722,0.0,0.0,0.08862654,0.0,0.0,0.0,0.0
5,4,0.0,0.08940125,0.0,0.0,0.8219722,0.0,0.0,0.08862654,0.0,0.0,0.0,0.0
5,4,0.0,0.08940125,0.0,0.0,0.8219722,0.0,0.0,0.08862654,0.0,0.0,0.0,0.0
5,4,0.0,0.08940125,0.0,0.0,0.8219722,0.0,0.0,0.08862654,0.0,0.0,0.0,0.0
5,4,0.0,0.08940125,0.0,0.0,0.8219722,0.0,0.0,0.08862654,0.0,0.0,0.0,0.0
5,4,0.0,0.08940125,0.0,0.0,0.8219722,0.0,0.0,0.08862654,0.0,0.0,0.0,0.0
5,4,0.0,0.08940125,0.0,0.0,0.8219722,0.0,0.0,0.08862654,0.0,0.0,0.0,0.0
5,4,0.0,0.08940125,0.0,0.0,0.8219722,0.0,0.0,0.08862654,0.0,0.0,0.0,0.0
5,4,0.0,0.08940125,0.0,0.0,0.8219722,0.0,0.0,0.08862654,0.0,0.0,0.0,0.0
5,4,0.0,0.08940125,0.0,0.0,0.8219722,0.0,0.0,0.08862654,0.0,0.0,0.0,0.0
5,4,0.0,0.08940125,0.0,0.0,0.8219722,0.0,0.0,0.08862654,0.0,0.0,0.0,0.0
5,4,0.0,0.08940125,0.0,0.0,0.8219722,0.0,0.0,0.08862654,0.0,0.0,0.0,0.0
5,4,0.0,0.08940125,0.0,0.0,0.8219722,0.0,0.0,0.08862654,0.0,0.0,0.0,0.0
5,4,0.0,0.08940125,0.0,0.0,0.8219722,0.0,0.0,0.08862654,0.0,0.0,0.0,0.0
5,4,0.0,0.0,0.0,0.0,0.9113735,0.0,0.0,0.08862654,0.0,0.0,0.0,0.0
5,4,0.0,0.0,0.0,0.0,0.9113735,0.0,0.0,0.08862654,0.0,0.0,0.0,0.0
5,4,0.0,0.0,0.0,0.0,0.9113735,0.0,0.0,0.08862654,0.0,0.0,0.0,0.0
5,4,0.0,0.0,0.0,0.0,0.9113735,0.0,0.0,0.08862654,0.0,0.0,0.0,0.0
5,4,0.0,0.0,0.0,0.0,0.9113735,0.0,0.0,0.08862654,0.0,0.0,0.0,0.0
5,4,0.0,0.0,0.0,0.0,0.9113735,0.0,0.0,0.08862654,0.0,0.0,0.0,0.0
5,4,0.0,0.0,0.0,0.0,0.9113735,0.0,0.0,0.08862654,0.0,0.0,0.0,0.0
5,4,0.0,0.0,0.0,0.0,0.9113735,0.0,0.0,0.08862654,0.0,0.0,0.0,0.0
5,4,0.0,0.0,0.0,0.0,0.9113735,0.0,0.0,0.08862654,0.0,0.0,0.0,0.0
5,4,0.0,0.0,0.0,0.0,0.9113735,0.0,0.0,0.08862654,0.0,0.0,0.0,0.0
5,4,0.0,0.0,0.0,0.0,0.9113735,0.0,0.0,0.08862654,0.0,0.0,0.0,0.0
5,4,0.0,0.0,0.0,0.0,0.9113735,0.0,0.0,0.08862654,0.0,0.0,0.0,0.0
5,4,0.0,0.0,0.0,0.0,0.9113735,0.0,0.0,0.08862654,0.0,0.0,0.0,0.0
5,4,0.0,0.0,0.0,0.0,0.9113735,0.0,0.0,0.08862654,0.0,0.0,0.0,0.0
5,4,0.0,0.0,0.0,0.0,0.9113735,0.0,0.0,0.08862654,0.0,0.0,0.0,0.0
5,4,0.0,0.0,0.0,0.0,0.9113735,0.0,0.0,0.08862654,0.0,0.0,0.0,0.0
5,4,0.0,0.0,0.0,0.0,0.9113735,0.0,0.0,0.08862654,0.0,0.0,0.0,0.0
5,4,0.0,0.0,0.0,0.0,0.9113735,0.0,0.0,0.08862654,0.0,0.0,0.0,0.0
5,4,0.0,0.0,0.0,0.0,0.9113735,0.0,0.0,0.08862654,0.0,0.0,0.0,0.0
5,4,0.0,0.0,0.0,0.0,0.9113735,0.0,0.0,0.08862654,0.0,0.0,0.0,0.0
5,4,0.0,0.0,0.0,0.0,0.9113735,0.0,0.0,0.08862654,0.0,0.0,0.0,0.0
5,4,0.0,0.0,0.0,0.0,0.9113735,0.0,0.0,0.08862654,0.0,0.0,0.0,0.0
5,4,0.0,0.0,0.0,0.0,0.9113735,0.0,0.0,0.08862654,0.0,0.0,0.0,0.0
5,4,0.0,0.0,0.0,0.0,0.9113735,0.0,0.0,0.08862654,0.0,0.0,0.0,0.0
5,4,0.0,0.0,0.0,0.0,0.9113735,0.0,0.0,0.08862654,0.0,0.0,0.0,0.0
5,4,0.0,0.0,0.0,0.0,0.9113735,0.0,0.0,0.08862654,0.0,0.0,0.0,0.0
5,4,0.0,0.0,0.0,0.0,0.9113735,0.0,0.0,0.08862654,0.0,0.0,0.0,0.0
5,4,0.0,0.0,0.0,0.0,0.9113735,0.0,0.0,0.08862654,0.0,0.0,0.0,0.0
5,4,0.0,0.0,0.0,0.0,0.9113735,0.0,0.0,0.08862654,0.0,0.0,0.0,0.0
5,4,0.0,0.0,0.0,0.0,0.9113735,0.0,0.0,0.08862654,0.0,0.0,0.0,0.0
5,4,0.0,0.0,0.0,0.0,0.9113735,0.0,0.0,0.08862654,0.0,0.0,0.0,0.0
5,4,0.0,0.0,0.0,0.0,0.9113735,0.0,0.0,0.08862654,0.0,0.0,0.0,0.0
5,4,0.0,0.0,0.0,0.0,0.9113735,0.0,0.0,0.08862654,0.0,0.0,0.0,0.0
5,4,0.0,0.0,0.0,0.0,0.7890103,0.0,0.0,0.21098977,0.0,0.0,0.0,0.0
5,4,0.0,0.0,0.0,0.0,0.7890103,0.0,0.0,0.21098977,0.0,0.0,0.0,0.0
5,4,0.0,0.0,0.0,0.0,0.7890103,0.0,0.0,0.21098977,0.0,0.0,0.0,0.0
5,4,0.0,0.0,0.0,0.0,0.7890103,0.0,0.0,0.21098977,0.0,0.0,0.0,0.0
5,4,0.0,0.0,0.0,0.0,0.7890103,0.0,0.0,0.21098977,0.0,0.0,0.0,0.0
5,4,0.0,0.0,0.0,0.0,0.7890103,0.0,0.0,0.21098977,0.0,0.0,0.0,0.0
5,4,0.0,0.0,0.0,0.0,0.7890103,0.0,0.0,0.21098977,0.0,0.0,0.0,0.0
5,4,0.0,0.0,0.0,0.0,0.7890103,0.0,0.0,0.21098977,0.0,0.0,0.0,0.0
5,4,0.0,0.0,0.0,0.0,0.7890103,0.0,0.0,0.21098977,0.0,0.0,0.0,0.0
5,4,0.0,0.0,0.0,0.0,0.7890103,0.0,0.0,0.21098977,0.0,0.0,0.0,0.0
5,4,0.0,0.0,0.0,0.0,0.7890103,0.0,0.0,0.21098977,0.0,0.0,0.0,0.0
5,4,0.0,0.0,0.0,0.0,0.7890103,0.0,0.0,0.21098977,0.0,0.0,0.0,0.0
5,4,0.0,0.0,0.0,0.0,0.7890103,0.0,0.0,0.21098977,0.0,0.0,0.0,0.0
5,4,0.0,0.0,0.0,0.0,0.7890103,0.0,0.0,0.21098977,0.0,0.0,0.0,0.0
5,4,0.0,0.0,0.0,0.0,0.7890103,0.0,0.0,0.21098977,0.0,0.0,0.0,0.0
5,4,0.0,0.0,0.0,0.0,0.7890103,0.0,0.0,0.21098977,0.0,0.0,0.0,0.0
5,4,0.0,0.0,0.0,0.0,0.7890103,0.0,0.0,0.21098977,0.0,0.0,0.0,0.0
5,4,0.0,0.0,0.0,0.0,0.7890103,0.0,0.0,0.21098977,0.0,0.0,0.0,0.0
5,4,0.0,0.0,0.0,0.0,0.7890103,0.0,0.0,0.21098977,0.0,0.0,0.0,0.0
5,4,0.0,0.0,0.0,0.0,0.7890103,0.0,0.0,0.21098977,0.0,0.0,0.0,0.0
5,4,0.0,0.0,0.0,0.0,0.7890103,0.0,0.0,0.21098977,0.0,0.0,0.0,0.0
5,4,0.0,0.0,0.0,0.0,0.7890103,0.0,0.0,0.21098977,0.0,0.0,0.0,0.0
5,4,0.0,0.0,0.0,0.0,0.7890103,0.0,0.0,0.21098977,0.0,0.0,0.0,0.0
5,4,0.0,0.0,0.0,0.0,0.7890103,0.0,0.0,0.21098977,0.0,0.0,0.0,0.0
5,4,0.0,0.0,0.0,0.0,0.7890103,0.0,0.0,0.21098977,0.0,0.0,0.0,0.0
5,4,0.0,0.0,0.0,0.0,0.7890103,0.0,0.0,0.21098977,0.0,0.0,0.0,0.0
5,4,0.0,0.0,0.0,0.0,0.810182,0.0,0.0,0.18981805,0.0,0.0,0.0,0.0
5,4,0.0,0.0,0.0,0.0,0.810182,0.0,0.0,0.18981805,0.0,0.0,0.0,0.0
5,4,0.0,0.0,0.0,0.0,0.810182,0.0,0.0,0.18981805,0.0,0.0,0.0,0.0
5,4,0.0,0.0,0.0,0.0,0.810182,0.0,0.0,0.18981805,0.0,0.0,0.0,0.0
5,4,0.0,0.0,0.0,0.0,0.810182,0.0,0.0,0.18981805,0.0,0.0,0.0,0.0
5,4,0.0,0.0,0.0,0.0,0.810182,0.0,0.0,0.18981805,0.0,0.0,0.0,0.0
5,4,0.0,0.0,0.0,0.0,0.810182,0.0,0.0,0.18981805,0.0,0.0,0.0,0.0
5,4,0.0,0.0,0.0,0.0,0.810182,0.0,0.0,0.18981805,0.0,0.0,0.0,0.0
5,4,0.0,0.0,0.0,0.0,0.810182,0.0,0.0,0.18981805,0.0,0.0,0.0,0.0
5,4,0.0,0.0,0.0,0.0,0.810182,0.0,0.0,0.18981805,0.0,0.0,0.0,0.0
5,4,0.0,0.0,0.0,0.0,0.810182,0.0,0.0,0.18981805,0.0,0.0,0.0,0.0
5,4,0.0,0.0,0.0,0.0,0.810182,0.0,0.0,0.18981805,0.0,0.0,0.0,0.0
5,4,0.0,0.0,0.0,0.0,0.810182,0.0,0.0,0.18981805,0.0,0.0,0.0,0.0
5,4,0.0,0.0,0.0,0.0,0.810182,0.0,0.0,0.18981805,0.0,0.0,0.0,0.0
5,4,0.0,0.0,0.0,0.0,0.810182,0.0,0.0,0.18981805,0.0,0.0,0.0,0.0
5,4,0.0,0.0,0.0,0.0,0.810182,0.0,0.0,0.18981805,0.0,0.0,0.0,0.0
5,4,0.0,0.0,0.0,0.0,0.810182,0.0,0.0,0.18981805,0.0,0.0,0.0,0.0
5,4,0.0,0.0,0.0,0.0,0.810182,0.0,0.0,0.18981805,0.0,0.0,0.0,0.0
5,4,0.0,0.0,0.0,0.0,0.810182,0.0,0.0,0.18981805,0.0,0.0,0.0,0.0
5,4,0.0,0.0,0.0,0.0,0.810182,0.0,0.0,0.18981805,0.0,0.0,0.0,0.0
5,4,0.0,0.0,0.0,0.0,0.810182,0.0,0.0,0.18981805,0.0,0.0,0.0,0.0
5,4,0.0,0.0,0.0,0.0,0.810182,0.0,0.0,0.18981805,0.0,0.0,0.0,0.0
5,4,0.0,0.0,0.0,0.0,0.810182,0.0,0.0,0.18981805,0.0,0.0,0.0,0.0
5,4,0.0,0.0522331,0.0,0.0,0.810182,0.0,0.0,0.13758495,0.0,0.0,0.0,0.0
5,4,0.0,0.0522331,0.0,0.0,0.810182,0.0,0.0,0.13758495,0.0,0.0,0.0,0.0
5,4,0.0,0.0522331,0.0,0.0,0.810182,0.0,0.0,0.13758495,0.0,0.0,0.0,0.0
5,4,0.0,0.0522331,0.0,0.0,0.810182,0.0,0.0,0.13758495,0.0,0.0,0.0,0.0
5,4,0.0,0.0522331,0.0,0.0,0.810182,0.0,0.0,0.13758495,0.0,0.0,0.0,0.0
5,4,0.0,0.0522331,0.0,0.0,0.810182,0.0,0.0,0.13758495,0.0,0.0,0.0,0.0
5,4,0.0,0.0522331,0.0,0.0,0.810182,0.0,0.0,0.13758495,0.0,0.0,0.0,0.0
5,4,0.0,0.0522331,0.0,0.0,0.810182,0.0,0.0,0.13758495,0.0,0.0,0.0,0.0
5,4,0.0,0.0522331,0.0,0.0,0.810182,0.0,0.0,0.13758495,0.0,0.0,0.0,0.0
5,4,0.0,0.0522331,0.0,0.0,0.810182,0.0,0.0,0.13758495,0.0,0.0,0.0,0.0
5,4,0.0,0.0522331,0.0,0.0,0.810182,0.0,0.0,0.13758495,0.0,0.0,0.0,0.0
5,4,0.0,0.0522331,0.0,0.0,0.810182,0.0,0.0,0.13758495,0.0,0.0,0.0,0.0
5,4,0.0,0.0522331,0.0,0.0,0.810182,0.0,0.0,0.13758495,0.0,0.0,0.0,0.0
5,4,0.0,0.0522331,0.0,0.0,0.810182,0.0,0.0,0.13758495,0.0,0.0,0.0,0.0
5,4,0.0,0.0522331,0.0,0.0,0.810182,0.0,0.0,0.13758495,0.0,0.0,0.0,0.0
5,4,0.0,0.0522331,0.0,0.0,0.810182,0.0,0.0,0.13758495,0.0,0.0,0.0,0.0
5,4,0.0,0.0522331,0.0,0.0,0.810182,0.0,0.0,0.13758495,0.0,0.0,0.0,0.0
5,4,0.0,0.0522331,0.0,0.0,0.810182,0.0,0.0,0.13758495,0.0,0.0,0.0,0.0
5,4,0.0,0.0522331,0.0,0.0,0.810182,0.0,0.0,0.13758495,0.0,0.0,0.0,0.0
5,4,0.0,0.0522331,0.0,0.0,0.810182,0.0,0.0,0.13758495,0.0,0.0,0.0,0.0
5,4,0.0,0.0522331,0.0,0.0,0.810182,0.0,0.0,0.13758495,0.0,0.0,0.0,0.0
5,4,0.0,0.0522331,0.0,0.0,0.810182,0.0,0.0,0.13758495,0.0,0.0,0.0,0.0
5,4,0.0,0.0522331,0.0,0.0,0.810182,0.0,0.0,0.13758495,0.0,0.0,0.0,0.0
5,4,0.0,0.0522331,0.0,0.0,0.810182,0.0,0.0,0.13758495,0.0,0.0,0.0,0.0
5,4,0.0,0.0522331,0.0,0.0,0.810182,0.0,0.0,0.13758495,0.0,0.0,0.0,0.0
5,4,0.0,0.0522331,0.0,0.0,0.810182,0.0,0.0,0.13758495,0.0,0.0,0.0,0.0
5,4,0.0,0.0522331,0.0,0.0,0.810182,0.0,0.0,0.13758495,0.0,0.0,0.0,0.0
5,4,0.0,0.0522331,0.0,0.0,0.810182,0.0,0.0,0.13758495,0.0,0.0,0.0,0.0
5,4,0.0,0.0522331,0.0,0.0,0.810182,0.0,0.0,0.13758495,0.0,0.0,0.0,0.0
5,4,0.0,0.0522331,0.0,0.0,0.810182,0.0,0.0,0.13758495,0.0,0.0,0.0,0.0
5,4,0.0,0.0522331,0.0,0.0,0.810182,0.0,0.0,0.13758495,0.0,0.0,0.0,0.0
5,4,0.0,0.0522331,0.0,0.0,0.810182,0.0,0.0,0.13758495,0.0,0.0,0.0,0.0
5,4,0.0,0.0522331,0.0,0.0,0.810182,0.0,0.0,0.13758495,0.0,0.0,0.0,0.0
5,4,0.0,0.0522331,0.0,0.0,0.810182,0.0,0.0,0.13758495,0.0,0.0,0.0,0.0
5,4,0.0,0.0522331,0.0,0.0,0.810182,0.0,0.0,0.13758495,0.0,0.0,0.0,0.0
5,4,0.0,0.0522331,0.0,0.0,0.810182,0.0,0.0,0.13758495,0.0,0.0,0.0,0.0
5,4,0.0,0.0522331,0.0,0.0,0.810182,0.0,0.0,0.13758495,0.0,0.0,0.0,0.0
5,4,0.0,0.0522331,0.0,0.0,0.810182,0.0,0.0,0.13758495,0.0,0.0,0.0,0.0
5,4,0.0,0.0522331,0.0,0.0,0.810182,0.0,0.0,0.13758495,0.0,0.0,0.0,0.0
5,4,0.0,0.0522331,0.0,0.0,0.810182,0.0,0.0,0.13758495,0.0,0.0,0.0,0.0
5,4,0.0,0.0522331,0.0,0.0,0.810182,0.0,0.0,0.13758495,0.0,0.0,0.0,0.0
5,4,0.0,0.0522331,0.0,0.0,0.810182,0.0,0.0,0.13758495,0.0,0.0,0.0,0.0
5,4,0.0,0.0522331,0.0,0.0,0.810182,0.0,0.0,0.13758495,0.0,0.0,0.0,0.0
5,4,0.0,0.0522331,0.0,0.0,0.810182,0.0,0.0,0.13758495,0.0,0.0,0.0,0.0
5,4,0.0,0.0522331,0.0,0.0,0.810182,0.0,0.0,0.13758495,0.0,0.0,0.0,0.0
5,4,0.0,0.0522331,0.0,0.0,0.810182,0.0,0.0,0.13758495,0.0,0.0,0.0,0.0
5,4,0.0,0.0522331,0.0,0.0,0.810182,0.0,0.0,0.13758495,0.0,0.0,0.0,0.0
5,4,0.0,0.0522331,0.0,0.0,0.7836682,0.026513781,0.0,0.13758495,0.0,0.0,0.0,0.0
5,4,0.0,0.0522331,0.0,0.0,0.7836682,0.026513781,0.0,0.13758495,0.0,0.0,0.0,0.0
5,4,0.0,0.0522331,0.0,0.0,0.7836682,0.026513781,0.0,0.13758495,0.0,0.0,0.0,0.0
5,4,0.0,0.0522331,0.0,0.0,0.7836682,0.026513781,0.0,0.13758495,0.0,0.0,0.0,0.0
5,4,0.0,0.0522331,0.0,0.0,0.7836682,0.026513781,0.0,0.13758495,0.0,0.0,0.0,0.0
5,4,0.0,0.0522331,0.0,0.0,0.7836682,0.026513781,0.0,0.13758495,0.0,0.0,0.0,0.0
5,4,0.0,0.0522331,0.0,0.0,0.7836682,0.026513781,0.0,0.13758495,0.0,0.0,0.0,0.0
5,4,0.0,0.0522331,0.0,0.0,0.7836682,0.026513781,0.0,0.13758495,0.0,0.0,0.0,0.0
5,4,0.0,0.0522331,0.0,0.0,0.7836682,0.026513781,0.0,0.13758495,0.0,0.0,0.0,0.0
5,4,0.0,0.0522331,0.0,0.0,0.7836682,0.026513781,0.0,0.13758495,0.0,0.0,0.0,0.0
5,4,0.0,0.0522331,0.0,0.0,0.7836682,0.026513781,0.0,0.13758495,0.0,0.0,0.0,0.0
5,4,0.0,0.0522331,0.0,0.0,0.7836682,0.026513781,0.0,0.13758495,0.0,0.0,0.0,0.0
5,4,0.0,0.0522331,0.0,0.0,0.7836682,0.026513781,0.0,0.13758495,0.0,0.0,0.0,0.0
5,4,0.0,0.0522331,0.0,0.0,0.7836682,0.026513781,0.0,0.13758495,0.0,0.0,0.0,0.0
5,4,0.0,0.0522331,0.0,0.0,0.7836682,0.026513781,0.0,0.13758495,0.0,0.0,0.0,0.0
5,4,0.0,0.0522331,0.0,0.0,0.7836682,0.026513781,0.0,0.13758495,0.0,0.0,0.0,0.0
5,4,0.0,0.0522331,0.0,0.0,0.7836682,0.026513781,0.0,0.13758495,0.0,0.0,0.0,0.0
5,4,0.0,0.0522331,0.0,0.0,0.7836682,0.026513781,0.0,0.13758495,0.0,0.0,0.0,0.0
5,4,0.0,0.0522331,0.0,0.0,0.7836682,0.026513781,0.0,0.13758495,0.0,0.0,0.0,0.0
5,4,0.0,0.0522331,0.0,0.0,0.7836682,0.026513781,0.0,0.13758495,0.0,0.0,0.0,0.0
5,4,0.0,0.0522331,0.0,0.0,0.7836682,0.026513781,0.0,0.13758495,0.0,0.0,0.0,0.0
5,4,0.0,0.0522331,0.0,0.0,0.7836682,0.026513781,0.0,0.13758495,0.0,0.0,0.0,0.0
5,4,0.0,0.0522331,0.0,0.0,0.7836682,0.026513781,0.0,0.13758495,0.0,0.0,0.0,0.0
5,4,0.0,0.0522331,0.0,0.0,0.7836682,0.026513781,0.0,0.13758495,0.0,0.0,0.0,0.0
5,4,0.0,0.0522331,0.0,0.0,0.7836682,0.026513781,0.0,0.13758495,0.0,0.0,0.0,0.0
5,4,0.0,0.0522331,0.0,0.0,0.7836682,0.026513781,0.0,0.13758495,0.0,0.0,0.0,0.0
5,4,0.0,0.0522331,0.0,0.0,0.7836682,0.026513781,0.0,0.13758495,0.0,0.0,0.0,0.0
5,4,0.0,0.0522331,0.0,0.0,0.7836682,0.026513781,0.0,0.13758495,0.0,0.0,0.0,0.0
5,4,0.0,0.0522331,0.0,0.0,0.7836682,0.026513781,0.0,0.13758495,0.0,0.0,0.0,0.0
5,4,0.0,0.0522331,0.0,0.0,0.7836682,0.026513781,0.0,0.13758495,0.0,0.0,0.0,0.0
5,4,0.0,0.0522331,0.0,0.0,0.7836682,0.026513781,0.0,0.13758495,0.0,0.0,0.0,0.0
5,4,0.0,0.0522331,0.0,0.0,0.7836682,0.026513781,0.0,0.13758495,0.0,0.0,0.0,0.0
5,4,0.0,0.052233096,0.0,0.0,0.92125314,0.026513781,0.0,0.0,0.0,0.0,0.0,0.0
5,4,0.0,0.052233096,0.0,0.0,0.92125314,0.026513781,0.0,0.0,0.0,0.0,0.0,0.0
5,4,0.0,0.052233096,0.0,0.0,0.92125314,0.026513781,0.0,0.0,0.0,0.0,0.0,0.0
5,4,0.0,0.052233096,0.0,0.0,0.92125314,0.026513781,0.0,0.0,0.0,0.0,0.0,0.0
5,4,0.0,0.052233096,0.0,0.0,0.92125314,0.026513781,0.0,0.0,0.0,0.0,0.0,0.0
5,4,0.0,0.052233096,0.0,0.0,0.92125314,0.026513781,0.0,0.0,0.0,0.0,0.0,0.0
5,4,0.0,0.052233096,0.0,0.0,0.92125314,0.026513781,0.0,0.0,0.0,0.0,0.0,0.0
5,4,0.0,0.052233096,0.0,0.0,0.92125314,0.026513781,0.0,0.0,0.0,0.0,0.0,0.0
5,4,0.0,0.052233096,0.0,0.0,0.92125314,0.026513781,0.0,0.0,0.0,0.0,0.0,0.0
5,4,0.0,0.052233096,0.0,0.0,0.92125314,0.026513781,0.0,0.0,0.0,0.0,0.0,0.0
5,4,0.0,0.052233096,0.0,0.0,0.92125314,0.026513781,0.0,0.0,0.0,0.0,0.0,0.0
5,4,0.0,0.052233096,0.0,0.0,0.92125314,0.026513781,0.0,0.0,0.0,0.0,0.0,0.0
5,4,0.0,0.052233096,0.0,0.0,0.92125314,0.026513781,0.0,0.0,0.0,0.0,0.0,0.0
5,4,0.0,0.052233096,0.0,0.0,0.92125314,0.026513781,0.0,0.0,0.0,0.0,0.0,0.0
5,4,0.0,0.052233096,0.0,0.0,0.92125314,0.026513781,0.0,0.0,0.0,0.0,0.0,0.0
5,4,0.0,0.052233096,0.0,0.0,0.92125314,0.026513781,0.0,0.0,0.0,0.0,0.0,0.0
5,4,0.0,0.052233096,0.0,0.0,0.92125314,0.026513781,0.0,0.0,0.0,0.0,0.0,0.0
5,4,0.0,0.052233096,0.0,0.0,0.92125314,0.026513781,0.0,0.0,0.0,0.0,0.0,0.0
5,4,0.0,0.052233096,0.0,0.0,0.92125314,0.026513781,0.0,0.0,0.0,0.0,0.0,0.0
5,4,0.0,0.052233096,0.0,0.0,0.92125314,0.026513781,0.0,0.0,0.0,0.0,0.0,0.0
5,4,0.0,0.052233096,0.0,0.0,0.92125314,0.026513781,0.0,0.0,0.0,0.0,0.0,0.0
5,4,0.0,0.052233096,0.0,0.0,0.92125314,0.026513781,0.0,0.0,0.0,0.0,0.0,0.0
5,4,0.0,0.052233096,0.0,0.0,0.92125314,0.026513781,0.0,0.0,0.0,0.0,0.0,0.0
5,4,0.0,0.052233096,0.0,0.0,0.92125314,0.026513781,0.0,0.0,0.0,0.0,0.0,0.0
5,4,0.0,0.052233096,0.0,0.0,0.92125314,0.026513781,0.0,0.0,0.0,0.0,0.0,0.0
5,4,0.0,0.052233096,0.0,0.0,0.92125314,0.026513781,0.0,0.0,0.0,0.0,0.0,0.0
5,4,0.0,0.052233096,0.0,0.0,0.92125314,0.026513781,0.0,0.0,0.0,0.0,0.0,0.0
5,4,0.0,0.052233096,0.0,0.0,0.92125314,0.026513781,0.0,0.0,0.0,0.0,0.0,0.0
5,4,0.0,0.052233096,0.0,0.0,0.92125314,0.026513781,0.0,0.0,0.0,0.0,0.0,0.0
5,4,0.0,0.052233096,0.0,0.0,0.92125314,0.026513781,0.0,0.0,0.0,0.0,0.0,0.0
5,4,0.0,0.052233096,0.0,0.0,0.92125314,0.026513781,0.0,0.0,0.0,0.0,0.0,0.0
5,4,0.0,0.052233096,0.0,0.0,0.92125314,0.026513781,0.0,0.0,0.0,0.0,0.0,0.0
5,4,0.0,0.052233096,0.0,0.0,0.92125314,0.026513781,0.0,0.0,0.0,0.0,0.0,0.0
5,4,0.0,0.052233096,0.0,0.0,0.92125314,0.026513781,0.0,0.0,0.0,0.0,0.0,0.0
5,4,0.0,0.052233096,0.0,0.0,0.92125314,0.026513781,0.0,0.0,0.0,0.0,0.0,0.0
5,4,0.0,0.052233096,0.0,0.0,0.92125314,0.026513781,0.0,0.0,0.0,0.0,0.0,0.0
5,4,0.0,0.052233096,0.0,0.0,0.92125314,0.026513781,0.0,0.0,0.0,0.0,0.0,0.0
5,4,0.0,0.052233096,0.0,0.0,0.92125314,0.026513781,0.0,0.0,0.0,0.0,0.0,0.0
5,4,0.0,0.052233096,0.0,0.0,0.92125314,0.026513781,0.0,0.0,0.0,0.0,0.0,0.0
5,4,0.0,0.052233096,0.0,0.0,0.92125314,0.026513781,0.0,0.0,0.0,0.0,0.0,0.0
5,4,0.0,0.052233096,0.0,0.0,0.92125314,0.026513781,0.0,0.0,0.0,0.0,0.0,0.0
5,4,0.0,0.052233096,0.0,0.0,0.92125314,0.026513781,0.0,0.0,0.0,0.0,0.0,0.0
5,4,0.0,0.052233096,0.0,0.0,0.92125314,0.026513781,0.0,0.0,0.0,0.0,0.0,0.0
5,4,0.0,0.052233096,0.0,0.0,0.92125314,0.026513781,0.0,0.0,0.0,0.0,0.0,0.0
5,4,0.0,0.052233096,0.0,0.0,0.92125314,0.026513781,0.0,0.0,0.0,0.0,0.0,0.0
5,4,0.0,0.052233096,0.0,0.0,0.92125314,0.026513781,0.0,0.0,0.0,0.0,0.0,0.0
5,4,0.0,0.052233096,0.0,0.0,0.92125314,0.026513781,0.0,0.0,0.0,0.0,0.0,0.0
5,4,0.0,0.052233096,0.0,0.0,0.92125314,0.026513781,0.0,0.0,0.0,0.0,0.0,0.0
5,4,0.0,0.052233096,0.0,0.0,0.92125314,0.026513781,0.0,0.0,0.0,0.0,0.0,0.0
5,4,0.0,0.052233096,0.0,0.0,0.92125314,0.026513781,0.0,0.0,0.0,0.0,0.0,0.0
5,4,0.0,0.052233096,0.0,0.0,0.92125314,0.026513781,0.0,0.0,0.0,0.0,0.0,0.0
5,4,0.0,0.052233096,0.0,0.0,0.92125314,0.026513781,0.0,0.0,0.0,0.0,0.0,0.0
5,4,0.0,0.052233096,0.0,0.0,0.92125314,0.026513781,0.0,0.0,0.0,0.0,0.0,0.0
5,4,0.0,0.052233096,0.0,0.0,0.92125314,0.026513781,0.0,0.0,0.0,0.0,0.0,0.0
5,4,0.0,0.052233096,0.0,0.0,0.92125314,0.026513781,0.0,0.0,0.0,0.0,0.0,0.0
5,4,0.0,0.052233096,0.0,0.0,0.92125314,0.026513781,0.0,0.0,0.0,0.0,0.0,0.0
5,4,0.0,0.052233096,0.0,0.0,0.92125314,0.026513781,0.0,0.0,0.0,0.0,0.0,0.0
5,4,0.0,0.052233096,0.0,0.0,0.92125314,0.026513781,0.0,0.0,0.0,0.0,0.0,0.0
5,4,0.0,0.052233096,0.0,0.0,0.92125314,0.026513781,0.0,0.0,0.0,0.0,0.0,0.0
5,4,0.0,0.052233096,0.0,0.0,0.92125314,0.026513781,0.0,0.0,0.0,0.0,0.0,0.0
5,4,0.0,0.052233096,0.0,0.0,0.92125314,0.026513781,0.0,0.0,0.0,0.0,0.0,0.0
5,4,0.0,0.052233096,0.0,0.0,0.92125314,0.026513781,0.0,0.0,0.0,0.0,0.0,0.0
5,4,0.0,0.052233096,0.0,0.0,0.92125314,0.026513781,0.0,0.0,0.0,0.0,0.0,0.0
5,4,0.0,0.052233096,0.0,0.0,0.92125314,0.026513781,0.0,0.0,0.0,0.0,0.0,0.0
5,4,0.0,0.052233096,0.0,0.0,0.92125314,0.026513781,0.0,0.0,0.0,0.0,0.0,0.0
5,4,0.0,0.052233096,0.0,0.0,0.92125314,0.026513781,0.0,0.0,0.0,0.0,0.0,0.0
5,4,0.0,0.052233096,0.0,0.0,0.92125314,0.026513781,0.0,0.0,0.0,0.0,0.0,0.0
5,4,0.0,0.052233096,0.0,0.0,0.92125314,0.026513781,0.0,0.0,0.0,0.0,0.0,0.0
5,4,0.0,0.052233096,0.0,0.0,0.92125314,0.026513781,0.0,0.0,0.0,0.0,0.0,0.0
5,4,0.0,0.052233096,0.0,0.0,0.92125314,0.026513781,0.0,0.0,0.0,0.0,0.0,0.0
5,4,0.0,0.052233096,0.0,0.0,0.92125314,0.026513781,0.0,0.0,0.0,0.0,0.0,0.0
5,4,0.0,0.052233096,0.0,0.0,0.92125314,0.026513781,0.0,0.0,0.0,0.0,0.0,0.0
5,4,0.0,0.052233096,0.0,0.0,0.92125314,0.026513781,0.0,0.0,0.0,0.0,0.0,0.0
5,4,0.0,0.052233096,0.0,0.0,0.92125314,0.026513781,0.0,0.0,0.0,0.0,0.0,0.0
5,4,0.0,0.052233096,0.0,0.0,0.92125314,0.026513781,0.0,0.0,0.0,0.0,0.0,0.0
5,4,0.0,0.052233096,0.0,0.0,0.92125314,0.026513781,0.0,0.0,0.0,0.0,0.0,0.0
5,4,0.0,0.052233096,0.0,0.0,0.92125314,0.026513781,0.0,0.0,0.0,0.0,0.0,0.0
5,4,0.0,0.052233096,0.0,0.0,0.92125314,0.026513781,0.0,0.0,0.0,0.0,0.0,0.0
5,4,0.0,0.052233096,0.0,0.0,0.92125314,0.026513781,0.0,0.0,0.0,0.0,0.0,0.0
5,4,0.0,0.052233096,0.0,0.0,0.92125314,0.026513781,0.0,0.0,0.0,0.0,0.0,0.0
5,4,0.0,0.052233096,0.0,0.0,0.92125314,0.026513781,0.0,0.0,0.0,0.0,0.0,0.0
5,4,0.0,0.052233096,0.0,0.0,0.92125314,0.026513781,0.0,0.0,0.0,0.0,0.0,0.0
5,4,0.0,0.052233096,0.0,0.0,0.92125314,0.026513781,0.0,0.0,0.0,0.0,0.0,0.0
5,4,0.0,0.052233096,0.0,0.0,0.92125314,0.026513781,0.0,0.0,0.0,0.0,0.0,0.0
5,4,0.0,0.052233096,0.03163797,0.0,0.8896152,0.026513781,0.0,0.0,0.0,0.0,0.0,0.0
5,4,0.0,0.052233096,0.03163797,0.0,0.8896152,0.026513781,0.0,0.0,0.0,0.0,0.0,0.0
5,4,0.0,0.052233096,0.03163797,0.0,0.8896152,0.026513781,0.0,0.0,0.0,0.0,0.0,0.0
5,4,0.0,0.052233096,0.03163797,0.0,0.8896152,0.026513781,0.0,0.0,0.0,0.0,0.0,0.0
5,4,0.0,0.052233096,0.03163797,0.0,0.8896152,0.026513781,0.0,0.0,0.0,0.0,0.0,0.0
5,4,0.0,0.052233096,0.03163797,0.0,0.8896152,0.026513781,0.0,0.0,0.0,0.0,0.0,0.0
5,4,0.0,0.052233096,0.03163797,0.0,0.8896152,0.026513781,0.0,0.0,0.0,0.0,0.0,0.0
5,4,0.0,0.052233096,0.03163797,0.0,0.8896152,0.026513781,0.0,0.0,0.0,0.0,0.0,0.0
5,4,0.0,0.052233096,0.03163797,0.0,0.8896152,0.026513781,0.0,0.0,0.0,0.0,0.0,0.0
5,4,0.0,0.052233096,0.03163797,0.0,0.8896152,0.026513781,0.0,0.0,0.0,0.0,0.0,0.0
5,4,0.0,0.052233096,0.03163797,0.0,0.8896152,0.026513781,0.0,0.0,0.0,0.0,0.0,0.0
5,4,0.0,0.052233096,0.03163797,0.0,0.8896152,0.026513781,0.0,0.0,0.0,0.0,0.0,0.0
5,4,0.026513781,0.052233096,0.03163797,0.0,0.8896152,0.0,0.0,0.0,0.0,0.0,0.0,0.0
5,4,0.026513781,0.052233096,0.03163797,0.0,0.8896152,0.0,0.0,0.0,0.0,0.0,0.0,0.0
5,4,0.026513781,0.052233096,0.03163797,0.0,0.8896152,0.0,0.0,0.0,0.0,0.0,0.0,0.0
5,4,0.026513781,0.052233096,0.03163797,0.0,0.8896152,0.0,0.0,0.0,0.0,0.0,0.0,0.0
5,4,0.026513781,0.052233096,0.03163797,0.0,0.8896152,0.0,0.0,0.0,0.0,0.0,0.0,0.0
5,4,0.026513781,0.052233096,0.03163797,0.0,0.8896152,0.0,0.0,0.0,0.0,0.0,0.0,0.0
5,4,0.026513781,0.052233096,0.03163797,0.0,0.8896152,0.0,0.0,0.0,0.0,0.0,0.0,0.0
5,4,0.026513781,0.052233096,0.03163797,0.0,0.8896152,0.0,0.0,0.0,0.0,0.0,0.0,0.0
5,4,0.026513781,0.052233096,0.03163797,0.0,0.8896152,0.0,0.0,0.0,0.0,0.0,0.0,0.0
5,4,0.026513781,0.052233096,0.03163797,0.0,0.8896152,0.0,0.0,0.0,0.0,0.0,0.0,0.0
5,4,0.026513781,0.052233096,0.03163797,0.0,0.8896152,0.0,0.0,0.0,0.0,0.0,0.0,0.0
5,4,0.026513781,0.052233096,0.03163797,0.0,0.8896152,0.0,0.0,0.0,0.0,0.0,0.0,0.0
5,4,0.026513781,0.052233096,0.03163797,0.0,0.8896152,0.0,0.0,0.0,0.0,0.0,0.0,0.0
5,4,0.026513781,0.052233096,0.03163797,0.0,0.8896152,0.0,0.0,0.0,0.0,0.0,0.0,0.0
5,4,0.026513781,0.052233096,0.03163797,0.0,0.8896152,0.0,0.0,0.0,0.0,0.0,0.0,0.0
5,4,0.026513781,0.052233096,0.03163797,0.0,0.8896152,0.0,0.0,0.0,0.0,0.0,0.0,0.0
5,4,0.026513781,0.052233096,0.03163797,0.0,0.8896152,0.0,0.0,0.0,0.0,0.0,0.0,0.0
5,4,0.026513781,0.052233096,0.03163797,0.0,0.8896152,0.0,0.0,0.0,0.0,0.0,0.0,0.0
5,4,0.026513781,0.052233096,0.03163797,0.0,0.8896152,0.0,0.0,0.0,0.0,0.0,0.0,0.0
5,4,0.026513781,0.052233096,0.03163797,0.0,0.8896152,0.0,0.0,0.0,0.0,0.0,0.0,0.0
5,4,0.026513781,0.052233096,0.03163797,0.0,0.8896152,0.0,0.0,0.0,0.0,0.0,0.0,0.0
5,4,0.026513781,0.052233096,0.03163797,0.0,0.8896152,0.0,0.0,0.0,0.0,0.0,0.0,0.0
5,4,0.026513781,0.052233096,0.03163797,0.0,0.8896152,0.0,0.0,0.0,0.0,0.0,0.0,0.0
5,4,0.026513781,0.052233096,0.03163797,0.0,0.8896152,0.0,0.0,0.0,0.0,0.0,0.0,0.0
5,4,0.026513781,0.052233096,0.03163797,0.0,0.8896152,0.0,0.0,0.0,0.0,0.0,0.0,0.0
5,4,0.026513781,0.052233096,0.03163797,0.0,0.8896152,0.0,0.0,0.0,0.0,0.0,0.0,0.0
5,4,0.026513781,0.052233096,0.03163797,0.0,0.8896152,0.0,0.0,0.0,0.0,0.0,0.0,0.0
5,4,0.026513781,0.052233096,0.03163797,0.0,0.8896152,0.0,0.0,0.0,0.0,0.0,0.0,0.0
5,4,0.026513781,0.052233096,0.03163797,0.0,0.8896152,0.0,0.0,0.0,0.0,0.0,0.0,0.0
5,4,0.026513781,0.052233096,0.03163797,0.0,0.8896152,0.0,0.0,0.0,0.0,0.0,0.0,0.0
5,4,0.026513781,0.052233096,0.03163797,0.0,0.8896152,0.0,0.0,0.0,0.0,0.0,0.0,0.0
5,4,0.026513781,0.052233096,0.03163797,0.0,0.8896152,0.0,0.0,0.0,0.0,0.0,0.0,0.0
5,4,0.026513781,0.0522331,0.031637974,0.0,0.86211497,0.0,0.0,0.0,0.0,0.02750023,0.0,0.0
5,4,0.026513781,0.0522331,0.031637974,0.0,0.86211497,0.0,0.0,0.0,0.0,0.02750023,0.0,0.0
5,4,0.026513781,0.0522331,0.031637974,0.0,0.86211497,0.0,0.0,0.0,0.0,0.02750023,0.0,0.0
5,4,0.026513781,0.0522331,0.031637974,0.0,0.86211497,0.0,0.0,0.0,0.0,0.02750023,0.0,0.0
5,4,0.026513781,0.0522331,0.031637974,0.0,0.86211497,0.0,0.0,0.0,0.0,0.02750023,0.0,0.0
5,4,0.026513781,0.0522331,0.031637974,0.0,0.86211497,0.0,0.0,0.0,0.0,0.02750023,0.0,0.0
5,4,0.026513781,0.0522331,0.031637974,0.0,0.86211497,0.0,0.0,0.0,0.0,0.02750023,0.0,0.0
5,4,0.026513781,0.0522331,0.031637974,0.0,0.86211497,0.0,0.0,0.0,0.0,0.02750023,0.0,0.0
5,4,0.026513781,0.0522331,0.031637974,0.0,0.86211497,0.0,0.0,0.0,0.0,0.02750023,0.0,0.0
5,4,0.026513781,0.0522331,0.031637974,0.0,0.86211497,0.0,0.0,0.0,0.0,0.02750023,0.0,0.0
5,4,0.026513781,0.0522331,0.031637974,0.0,0.86211497,0.0,0.0,0.0,0.0,0.02750023,0.0,0.0
5,4,0.026513781,0.0522331,0.031637974,0.0,0.86211497,0.0,0.0,0.0,0.0,0.02750023,0.0,0.0
5,4,0.026513781,0.0522331,0.031637974,0.0,0.86211497,0.0,0.0,0.0,0.0,0.02750023,0.0,0.0
5,4,0.026513781,0.0522331,0.031637974,0.0,0.86211497,0.0,0.0,0.0,0.0,0.02750023,0.0,0.0
5,4,0.026513781,0.0522331,0.031637974,0.0,0.86211497,0.0,0.0,0.0,0.0,0.02750023,0.0,0.0
5,4,0.026513781,0.0522331,0.031637974,0.0,0.86211497,0.0,0.0,0.0,0.0,0.02750023,0.0,0.0
5,4,0.026513781,0.0522331,0.031637974,0.0,0.86211497,0.0,0.0,0.0,0.0,0.02750023,0.0,0.0
5,4,0.026513781,0.0522331,0.031637974,0.0,0.86211497,0.0,0.0,0.0,0.0,0.02750023,0.0,0.0
5,4,0.026513781,0.0522331,0.031637974,0.0,0.86211497,0.0,0.0,0.0,0.0,0.02750023,0.0,0.0
5,4,0.026513781,0.0522331,0.031637974,0.0,0.86211497,0.0,0.0,0.0,0.0,0.02750023,0.0,0.0
5,4,0.026513781,0.0522331,0.031637974,0.0,0.86211497,0.0,0.0,0.0,0.0,0.02750023,0.0,0.0
5,4,0.026513781,0.0522331,0.031637974,0.0,0.86211497,0.0,0.0,0.0,0.0,0.02750023,0.0,0.0
5,4,0.026513781,0.0522331,0.031637974,0.0,0.86211497,0.0,0.0,0.0,0.0,0.02750023,0.0,0.0
5,4,0.026513781,0.0522331,0.031637974,0.0,0.86211497,0.0,0.0,0.0,0.0,0.02750023,0.0,0.0
5,4,0.026513781,0.0522331,0.031637974,0.0,0.86211497,0.0,0.0,0.0,0.0,0.02750023,0.0,0.0
5,4,0.026513781,0.0522331,0.031637974,0.0,0.86211497,0.0,0.0,0.0,0.0,0.02750023,0.0,0.0
5,4,0.026513781,0.0522331,0.031637974,0.0,0.86211497,0.0,0.0,0.0,0.0,0.02750023,0.0,0.0
5,4,0.026513781,0.0522331,0.031637974,0.0,0.86211497,0.0,0.0,0.0,0.0,0.02750023,0.0,0.0
5,4,0.026513781,0.0522331,0.031637974,0.0,0.86211497,0.0,0.0,0.0,0.0,0.02750023,0.0,0.0
5,4,0.026513781,0.0522331,0.031637974,0.0,0.86211497,0.0,0.0,0.0,0.0,0.02750023,0.0,0.0
5,4,0.026513781,0.0522331,0.031637974,0.0,0.86211497,0.0,0.0,0.0,0.0,0.02750023,0.0,0.0
5,4,0.026513781,0.0522331,0.031637974,0.0,0.86211497,0.0,0.0,0.0,0.0,0.02750023,0.0,0.0
5,4,0.029610708,0.058334153,0.07998199,0.0,0.8013608,0.0,0.0,0.0,0.0,0.03071238,0.0,0.0
5,4,0.029610708,0.058334153,0.07998199,0.0,0.8013608,0.0,0.0,0.0,0.0,0.03071238,0.0,0.0
5,4,0.029610708,0.058334153,0.07998199,0.0,0.8013608,0.0,0.0,0.0,0.0,0.03071238,0.0,0.0
5,4,0.029610708,0.058334153,0.07998199,0.0,0.8013608,0.0,0.0,0.0,0.0,0.03071238,0.0,0.0
5,4,0.029610708,0.058334153,0.07998199,0.0,0.8013608,0.0,0.0,0.0,0.0,0.03071238,0.0,0.0
5,4,0.029610708,0.058334153,0.07998199,0.0,0.8013608,0.0,0.0,0.0,0.0,0.03071238,0.0,0.0
5,4,0.029610708,0.058334153,0.07998199,0.0,0.8013608,0.0,0.0,0.0,0.0,0.03071238,0.0,0.0
5,4,0.029610708,0.058334153,0.07998199,0.0,0.8013608,0.0,0.0,0.0,0.0,0.03071238,0.0,0.0
5,4,0.029610708,0.058334153,0.07998199,0.0,0.8013608,0.0,0.0,0.0,0.0,0.03071238,0.0,0.0
5,4,0.029610708,0.058334153,0.07998199,0.0,0.8013608,0.0,0.0,0.0,0.0,0.03071238,0.0,0.0
5,4,0.029610708,0.058334153,0.07998199,0.0,0.8013608,0.0,0.0,0.0,0.0,0.03071238,0.0,0.0
5,4,0.029610708,0.058334153,0.07998199,0.0,0.8013608,0.0,0.0,0.0,0.0,0.03071238,0.0,0.0
5,4,0.029610708,0.058334153,0.07998199,0.0,0.8013608,0.0,0.0,0.0,0.0,0.03071238,0.0,0.0
5,4,0.029610708,0.058334153,0.07998199,0.0,0.8013608,0.0,0.0,0.0,0.0,0.03071238,0.0,0.0
5,4,0.029610708,0.058334153,0.07998199,0.0,0.8013608,0.0,0.0,0.0,0.0,0.03071238,0.0,0.0
5,4,0.029610708,0.058334153,0.07998199,0.0,0.8013608,0.0,0.0,0.0,0.0,0.03071238,0.0,0.0
5,4,0.029610708,0.058334153,0.07998199,0.0,0.8013608,0.0,0.0,0.0,0.0,0.03071238,0.0,0.0
5,4,0.029610708,0.058334153,0.07998199,0.0,0.8013608,0.0,0.0,0.0,0.0,0.03071238,0.0,0.0
5,4,0.029610708,0.058334153,0.07998199,0.0,0.8013608,0.0,0.0,0.0,0.0,0.03071238,0.0,0.0
5,4,0.029610708,0.058334153,0.07998199,0.0,0.8013608,0.0,0.0,0.0,0.0,0.03071238,0.0,0.0
5,4,0.029610708,0.058334153,0.07998199,0.0,0.8013608,0.0,0.0,0.0,0.0,0.03071238,0.0,0.0
5,4,0.029610708,0.058334153,0.07998199,0.0,0.8013608,0.0,0.0,0.0,0.0,0.03071238,0.0,0.0
5,4,0.029610708,0.058334153,0.07998199,0.0,0.8013608,0.0,0.0,0.0,0.0,0.03071238,0.0,0.0
5,4,0.029610708,0.058334153,0.07998199,0.0,0.8013608,0.0,0.0,0.0,0.0,0.03071238,0.0,0.0
5,4,0.029610708,0.058334153,0.07998199,0.0,0.8013608,0.0,0.0,0.0,0.0,0.03071238,0.0,0.0
5,4,0.029610708,0.058334153,0.07998199,0.0,0.8013608,0.0,0.0,0.0,0.0,0.03071238,0.0,0.0
5,4,0.029610708,0.058334153,0.07998199,0.0,0.8013608,0.0,0.0,0.0,0.0,0.03071238,0.0,0.0
5,4,0.029610708,0.058334153,0.07998199,0.0,0.8013608,0.0,0.0,0.0,0.0,0.03071238,0.0,0.0
5,4,0.029610708,0.0,0.07998199,0.0,0.85969496,0.0,0.0,0.0,0.0,0.03071238,0.0,0.0
5,4,0.029610708,0.0,0.07998199,0.0,0.85969496,0.0,0.0,0.0,0.0,0.03071238,0.0,0.0
5,4,0.029610708,0.0,0.07998199,0.0,0.85969496,0.0,0.0,0.0,0.0,0.03071238,0.0,0.0
5,4,0.029610708,0.0,0.07998199,0.0,0.85969496,0.0,0.0,0.0,0.0,0.03071238,0.0,0.0
5,4,0.029610708,0.0,0.07998199,0.0,0.85969496,0.0,0.0,0.0,0.0,0.03071238,0.0,0.0
5,4,0.029610708,0.0,0.07998199,0.0,0.85969496,0.0,0.0,0.0,0.0,0.03071238,0.0,0.0
5,4,0.029610708,0.0,0.07998199,0.0,0.85969496,0.0,0.0,0.0,0.0,0.03071238,0.0,0.0
5,4,0.029610708,0.0,0.07998199,0.0,0.85969496,0.0,0.0,0.0,0.0,0.03071238,0.0,0.0
5,4,0.029610708,0.0,0.07998199,0.0,0.85969496,0.0,0.0,0.0,0.0,0.03071238,0.0,0.0
5,4,0.029610708,0.0,0.07998199,0.0,0.85969496,0.0,0.0,0.0,0.0,0.03071238,0.0,0.0
5,4,0.029610708,0.0,0.044648565,0.0,0.8950284,0.0,0.0,0.0,0.0,0.03071238,0.0,0.0
5,4,0.029610708,0.0,0.044648565,0.0,0.8950284,0.0,0.0,0.0,0.0,0.03071238,0.0,0.0
5,4,0.029610708,0.0,0.044648565,0.0,0.8950284,0.0,0.0,0.0,0.0,0.03071238,0.0,0.0
5,4,0.029610708,0.0,0.044648565,0.0,0.8950284,0.0,0.0,0.0,0.0,0.03071238,0.0,0.0
5,4,0.029610708,0.0,0.044648565,0.0,0.8950284,0.0,0.0,0.0,0.0,0.03071238,0.0,0.0
5,4,0.029610708,0.0,0.044648565,0.0,0.8950284,0.0,0.0,0.0,0.0,0.03071238,0.0,0.0
5,4,0.029610708,0.0,0.044648565,0.0,0.8950284,0.0,0.0,0.0,0.0,0.03071238,0.0,0.0
5,4,0.029610708,0.0,0.044648565,0.0,0.8950284,0.0,0.0,0.0,0.0,0.03071238,0.0,0.0
5,4,0.029610708,0.0,0.044648565,0.0,0.8950284,0.0,0.0,0.0,0.0,0.03071238,0.0,0.0
5,4,0.029610708,0.0,0.044648565,0.0,0.8950284,0.0,0.0,0.0,0.0,0.03071238,0.0,0.0
5,4,0.029610708,0.0,0.044648565,0.0,0.8950284,0.0,0.0,0.0,0.0,0.03071238,0.0,0.0
5,4,0.029610708,0.0,0.044648565,0.0,0.8950284,0.0,0.0,0.0,0.0,0.03071238,0.0,0.0
5,4,0.029610708,0.0,0.044648565,0.0,0.8950284,0.0,0.0,0.0,0.0,0.03071238,0.0,0.0
5,4,0.029610708,0.0,0.044648565,0.0,0.8950284,0.0,0.0,0.0,0.0,0.03071238,0.0,0.0
5,4,0.029610708,0.0,0.044648565,0.0,0.8950284,0.0,0.0,0.0,0.0,0.03071238,0.0,0.0
5,4,0.029610708,0.0,0.044648565,0.0,0.8950284,0.0,0.0,0.0,0.0,0.03071238,0.0,0.0
5,4,0.029610708,0.0,0.044648565,0.0,0.8950284,0.0,0.0,0.0,0.0,0.03071238,0.0,0.0
5,4,0.029610708,0.0,0.044648565,0.0,0.8950284,0.0,0.0,0.0,0.0,0.03071238,0.0,0.0
5,4,0.029610708,0.0,0.044648565,0.0,0.8950284,0.0,0.0,0.0,0.0,0.03071238,0.0,0.0
5,4,0.029610708,0.0,0.044648565,0.0,0.8950284,0.0,0.0,0.0,0.0,0.03071238,0.0,0.0
5,4,0.029610708,0.0,0.044648565,0.0,0.8950284,0.0,0.0,0.0,0.0,0.03071238,0.0,0.0
5,4,0.029610708,0.0,0.044648565,0.0,0.8950284,0.0,0.0,0.0,0.0,0.03071238,0.0,0.0
5,4,0.029610708,0.0,0.044648565,0.0,0.8950284,0.0,0.0,0.0,0.0,0.03071238,0.0,0.0
5,4,0.029610708,0.0,0.044648565,0.0,0.8950284,0.0,0.0,0.0,0.0,0.03071238,0.0,0.0
5,4,0.029610708,0.0,0.044648565,0.0,0.8950284,0.0,0.0,0.0,0.0,0.03071238,0.0,0.0
5,4,0.029610708,0.0,0.044648565,0.0,0.8950284,0.0,0.0,0.0,0.0,0.03071238,0.0,0.0
5,4,0.029610708,0.0,0.044648565,0.0,0.8950284,0.0,0.0,0.0,0.0,0.03071238,0.0,0.0
5,4,0.029610708,0.0,0.044648565,0.0,0.8950284,0.0,0.0,0.0,0.0,0.03071238,0.0,0.0
5,4,0.029610708,0.0,0.044648565,0.0,0.8950284,0.0,0.0,0.0,0.0,0.03071238,0.0,0.0
5,4,0.029610708,0.0,0.044648565,0.0,0.8950284,0.0,0.0,0.0,0.0,0.03071238,0.0,0.0
5,4,0.029610708,0.0,0.044648565,0.0,0.8950284,0.0,0.0,0.0,0.0,0.03071238,0.0,0.0
5,4,0.029610708,0.0,0.044648565,0.0,0.8950284,0.0,0.0,0.0,0.0,0.03071238,0.0,0.0
5,4,0.029610708,0.0,0.044648565,0.0,0.8950284,0.0,0.0,0.0,0.0,0.03071238,0.0,0.0
5,4,0.029610708,0.0,0.044648565,0.0,0.8950284,0.0,0.0,0.0,0.0,0.03071238,0.0,0.0
5,4,0.029610708,0.0,0.044648565,0.0,0.8950284,0.0,0.0,0.0,0.0,0.03071238,0.0,0.0
5,4,0.029610708,0.0,0.044648565,0.0,0.8950284,0.0,0.0,0.0,0.0,0.03071238,0.0,0.0
5,4,0.029610708,0.0,0.044648565,0.0,0.8950284,0.0,0.0,0.0,0.0,0.03071238,0.0,0.0
5,4,0.029610708,0.0,0.044648565,0.0,0.8950284,0.0,0.0,0.0,0.0,0.03071238,0.0,0.0
5,4,0.029610708,0.0,0.044648565,0.0,0.8950284,0.0,0.0,0.0,0.0,0.03071238,0.0,0.0
5,4,0.029610708,0.0,0.044648565,0.0,0.8950284,0.0,0.0,0.0,0.0,0.03071238,0.0,0.0
5,4,0.029610708,0.0,0.044648565,0.0,0.8950284,0.0,0.0,0.0,0.0,0.03071238,0.0,0.0
5,4,0.029610708,0.0,0.044648565,0.0,0.8950284,0.0,0.0,0.0,0.0,0.03071238,0.0,0.0
5,4,0.029610708,0.0,0.044648565,0.0,0.8950284,0.0,0.0,0.0,0.0,0.03071238,0.0,0.0
5,4,0.029610708,0.0,0.044648565,0.0,0.8950284,0.0,0.0,0.0,0.0,0.03071238,0.0,0.0
5,4,0.029610708,0.0,0.044648565,0.0,0.8950284,0.0,0.0,0.0,0.0,0.03071238,0.0,0.0
5,4,0.029610708,0.0,0.044648565,0.0,0.8950284,0.0,0.0,0.0,0.0,0.03071238,0.0,0.0
5,4,0.029610708,0.0,0.044648565,0.0,0.8950284,0.0,0.0,0.0,0.0,0.03071238,0.0,0.0
5,4,0.029610708,0.0,0.044648565,0.0,0.8950284,0.0,0.0,0.0,0.0,0.03071238,0.0,0.0
5,4,0.029610708,0.0,0.044648565,0.0,0.8950284,0.0,0.0,0.0,0.0,0.03071238,0.0,0.0
5,4,0.029610708,0.0,0.044648565,0.0,0.8950284,0.0,0.0,0.0,0.0,0.03071238,0.0,0.0
5,4,0.029610708,0.0,0.044648565,0.0,0.8950284,0.0,0.0,0.0,0.0,0.03071238,0.0,0.0
5,4,0.029610708,0.0,0.044648565,0.0,0.8950284,0.0,0.0,0.0,0.0,0.03071238,0.0,0.0
5,4,0.029610708,0.0,0.044648565,0.0,0.8950284,0.0,0.0,0.0,0.0,0.03071238,0.0,0.0
5,4,0.029610708,0.0,0.044648565,0.0,0.8950284,0.0,0.0,0.0,0.0,0.03071238,0.0,0.0
5,4,0.029610708,0.0,0.044648565,0.0,0.8950284,0.0,0.0,0.0,0.0,0.03071238,0.0,0.0
5,4,0.029610708,0.0,0.044648565,0.0,0.8950284,0.0,0.0,0.0,0.0,0.03071238,0.0,0.0
5,4,0.029610708,0.0,0.044648565,0.0,0.8950284,0.0,0.0,0.0,0.0,0.03071238,0.0,0.0
5,4,0.029610708,0.0,0.044648565,0.0,0.8950284,0.0,0.0,0.0,0.0,0.03071238,0.0,0.0
5,4,0.029610708,0.0,0.044648565,0.0,0.8950284,0.0,0.0,0.0,0.0,0.03071238,0.0,0.0
5,4,0.029610708,0.0,0.044648565,0.0,0.8950284,0.0,0.0,0.0,0.0,0.03071238,0.0,0.0
5,4,0.029610708,0.0,0.044648565,0.0,0.8950284,0.0,0.0,0.0,0.0,0.03071238,0.0,0.0
5,4,0.029610708,0.0,0.044648565,0.0,0.8950284,0.0,0.0,0.0,0.0,0.03071238,0.0,0.0
5,4,0.029610708,0.0,0.044648565,0.0,0.8950284,0.0,0.0,0.0,0.0,0.03071238,0.0,0.0
5,4,0.029610708,0.0,0.044648565,0.0,0.8950284,0.0,0.0,0.0,0.0,0.03071238,0.0,0.0
5,4,0.029610708,0.0,0.044648565,0.0,0.8950284,0.0,0.0,0.0,0.0,0.03071238,0.0,0.0
5,4,0.029610708,0.0,0.044648565,0.0,0.8950284,0.0,0.0,0.0,0.0,0.03071238,0.0,0.0
5,4,0.029610708,0.0,0.044648565,0.0,0.8950284,0.0,0.0,0.0,0.0,0.03071238,0.0,0.0
5,4,0.029610708,0.0,0.044648565,0.0,0.8950284,0.0,0.0,0.0,0.0,0.03071238,0.0,0.0
5,4,0.029610708,0.0,0.044648565,0.0,0.8950284,0.0,0.0,0.0,0.0,0.03071238,0.0,0.0
5,4,0.029610708,0.0,0.044648565,0.0,0.8950284,0.0,0.0,0.0,0.0,0.03071238,0.0,0.0
5,4,0.029610708,0.0,0.044648565,0.0,0.8950284,0.0,0.0,0.0,0.0,0.03071238,0.0,0.0
5,4,0.029610708,0.0,0.044648565,0.0,0.8950284,0.0,0.0,0.0,0.0,0.03071238,0.0,0.0
5,4,0.029610708,0.0,0.044648565,0.0,0.8950284,0.0,0.0,0.0,0.0,0.03071238,0.0,0.0
5,4,0.029610708,0.0,0.044648565,0.0,0.8950284,0.0,0.0,0.0,0.0,0.03071238,0.0,0.0
5,4,0.029610708,0.0,0.044648565,0.0,0.8950284,0.0,0.0,0.0,0.0,0.03071238,0.0,0.0
5,4,0.029610708,0.0,0.044648565,0.0,0.8950284,0.0,0.0,0.0,0.0,0.03071238,0.0,0.0
5,4,0.029610708,0.0,0.07998199,0.0,0.85969496,0.0,0.0,0.0,0.0,0.03071238,0.0,0.0
5,4,0.029610708,0.0,0.07998199,0.0,0.85969496,0.0,0.0,0.0,0.0,0.03071238,0.0,0.0
5,4,0.029610708,0.0,0.07998199,0.0,0.85969496,0.0,0.0,0.0,0.0,0.03071238,0.0,0.0
5,4,0.029610708,0.0,0.07998199,0.0,0.85969496,0.0,0.0,0.0,0.0,0.03071238,0.0,0.0
5,4,0.029610708,0.0,0.07998199,0.0,0.85969496,0.0,0.0,0.0,0.0,0.03071238,0.0,0.0
5,4,0.029610708,0.0,0.07998199,0.0,0.85969496,0.0,0.0,0.0,0.0,0.03071238,0.0,0.0
5,4,0.029610708,0.0,0.07998199,0.0,0.85969496,0.0,0.0,0.0,0.0,0.03071238,0.0,0.0
5,4,0.029610708,0.0,0.07998199,0.0,0.85969496,0.0,0.0,0.0,0.0,0.03071238,0.0,0.0
5,4,0.029610708,0.0,0.07998199,0.0,0.85969496,0.0,0.0,0.0,0.0,0.03071238,0.0,0.0
5,4,0.029610708,0.0,0.07998199,0.0,0.85969496,0.0,0.0,0.0,0.0,0.03071238,0.0,0.0
5,4,0.029610708,0.0,0.07998199,0.0,0.85969496,0.0,0.0,0.0,0.0,0.03071238,0.0,0.0
5,4,0.029610708,0.0,0.07998199,0.0,0.85969496,0.0,0.0,0.0,0.0,0.03071238,0.0,0.0
5,4,0.029610708,0.0,0.07998199,0.0,0.85969496,0.0,0.0,0.0,0.0,0.03071238,0.0,0.0
5,4,0.029610708,0.0,0.07998199,0.0,0.85969496,0.0,0.0,0.0,0.0,0.03071238,0.0,0.0
5,4,0.029610708,0.0,0.07998199,0.0,0.85969496,0.0,0.0,0.0,0.0,0.03071238,0.0,0.0
5,4,0.029610708,0.0,0.07998199,0.0,0.85969496,0.0,0.0,0.0,0.0,0.03071238,0.0,0.0
5,4,0.029610708,0.0,0.07998199,0.0,0.85969496,0.0,0.0,0.0,0.0,0.03071238,0.0,0.0
5,4,0.029610708,0.0,0.07998199,0.0,0.85969496,0.0,0.0,0.0,0.0,0.03071238,0.0,0.0
5,4,0.029610708,0.0,0.07998199,0.0,0.85969496,0.0,0.0,0.0,0.0,0.03071238,0.0,0.0
5,4,0.029610708,0.0,0.07998199,0.0,0.85969496,0.0,0.0,0.0,0.0,0.03071238,0.0,0.0
5,4,0.029610708,0.0,0.07998199,0.0,0.85969496,0.0,0.0,0.0,0.0,0.03071238,0.0,0.0
5,4,0.029610708,0.0,0.07998199,0.0,0.85969496,0.0,0.0,0.0,0.0,0.03071238,0.0,0.0
5,4,0.029610708,0.0,0.07998199,0.0,0.85969496,0.0,0.0,0.0,0.0,0.03071238,0.0,0.0
5,4,0.029610708,0.0,0.07998199,0.0,0.85969496,0.0,0.0,0.0,0.0,0.03071238,0.0,0.0
5,4,0.029610708,0.0,0.07998199,0.0,0.85969496,0.0,0.0,0.0,0.0,0.03071238,0.0,0.0
5,4,0.029610708,0.0,0.07998199,0.0,0.85969496,0.0,0.0,0.0,0.0,0.03071238,0.0,0.0
5,4,0.029610708,0.0,0.07998199,0.0,0.85969496,0.0,0.0,0.0,0.0,0.03071238,0.0,0.0
5,4,0.029610708,0.0,0.07998199,0.0,0.85969496,0.0,0.0,0.0,0.0,0.03071238,0.0,0.0
5,4,0.029610708,0.0,0.07998199,0.0,0.85969496,0.0,0.0,0.0,0.0,0.03071238,0.0,0.0
5,4,0.029610708,0.0,0.07998199,0.0,0.85969496,0.0,0.0,0.0,0.0,0.03071238,0.0,0.0
5,4,0.029610708,0.0,0.07998199,0.0,0.85969496,0.0,0.0,0.0,0.0,0.03071238,0.0,0.0
5,4,0.029610708,0.0,0.07998199,0.0,0.85969496,0.0,0.0,0.0,0.0,0.03071238,0.0,0.0
5,4,0.029610708,0.0,0.07998199,0.0,0.85969496,0.0,0.0,0.0,0.0,0.03071238,0.0,0.0
5,4,0.029610708,0.0,0.07998199,0.0,0.85969496,0.0,0.0,0.0,0.0,0.03071238,0.0,0.0
5,4,0.029610708,0.0,0.07998199,0.0,0.85969496,0.0,0.0,0.0,0.0,0.03071238,0.0,0.0
5,4,0.029610708,0.0,0.07998199,0.0,0.85969496,0.0,0.0,0.0,0.0,0.03071238,0.0,0.0
5,4,0.029610708,0.0,0.07998199,0.0,0.85969496,0.0,0.0,0.0,0.0,0.03071238,0.0,0.0
5,4,0.029610708,0.0,0.07998199,0.0,0.85969496,0.0,0.0,0.0,0.0,0.03071238,0.0,0.0
5,4,0.029610708,0.0,0.044648565,0.0,0.8950284,0.0,0.0,0.0,0.0,0.03071238,0.0,0.0
5,4,0.029610708,0.0,0.044648565,0.0,0.8950284,0.0,0.0,0.0,0.0,0.03071238,0.0,0.0
5,4,0.029610708,0.0,0.044648565,0.0,0.8950284,0.0,0.0,0.0,0.0,0.03071238,0.0,0.0
5,4,0.029610708,0.0,0.044648565,0.0,0.8950284,0.0,0.0,0.0,0.0,0.03071238,0.0,0.0
5,4,0.029610708,0.0,0.044648565,0.0,0.8950284,0.0,0.0,0.0,0.0,0.03071238,0.0,0.0
5,4,0.029610708,0.0,0.044648565,0.0,0.8950284,0.0,0.0,0.0,0.0,0.03071238,0.0,0.0
5,4,0.029610708,0.0,0.044648565,0.0,0.8950284,0.0,0.0,0.0,0.0,0.03071238,0.0,0.0
5,4,0.029610708,0.0,0.044648565,0.0,0.8950284,0.0,0.0,0.0,0.0,0.03071238,0.0,0.0
5,4,0.026513783,0.0,0.03997886,0.0,0.9060072,0.0,0.0,0.0,0.0,0.027500233,0.0,0.0
5,4,0.026513783,0.0,0.03997886,0.0,0.9060072,0.0,0.0,0.0,0.0,0.027500233,0.0,0.0
5,4,0.026513783,0.0,0.03997886,0.0,0.9060072,0.0,0.0,0.0,0.0,0.027500233,0.0,0.0
5,4,0.026513783,0.0,0.03997886,0.0,0.9060072,0.0,0.0,0.0,0.0,0.027500233,0.0,0.0
5,4,0.026513783,0.0,0.03997886,0.0,0.9060072,0.0,0.0,0.0,0.0,0.027500233,0.0,0.0
5,4,0.026513783,0.0,0.03997886,0.0,0.9060072,0.0,0.0,0.0,0.0,0.027500233,0.0,0.0
5,4,0.026513783,0.0,0.03997886,0.0,0.9060072,0.0,0.0,0.0,0.0,0.027500233,0.0,0.0
5,4,0.026513783,0.0,0.03997886,0.0,0.9060072,0.0,0.0,0.0,0.0,0.027500233,0.0,0.0
5,4,0.026513783,0.0,0.03997886,0.0,0.9060072,0.0,0.0,0.0,0.0,0.027500233,0.0,0.0
5,4,0.026513783,0.0,0.03997886,0.0,0.9060072,0.0,0.0,0.0,0.0,0.027500233,0.0,0.0
5,4,0.026513783,0.0,0.03997886,0.0,0.9060072,0.0,0.0,0.0,0.0,0.027500233,0.0,0.0
5,4,0.026513783,0.0,0.03997886,0.0,0.9060072,0.0,0.0,0.0,0.0,0.027500233,0.0,0.0
5,4,0.026513783,0.0,0.03997886,0.0,0.9060072,0.0,0.0,0.0,0.0,0.027500233,0.0,0.0
5,4,0.026513783,0.0,0.03997886,0.0,0.9060072,0.0,0.0,0.0,0.0,0.027500233,0.0,0.0
5,4,0.026513783,0.0,0.03997886,0.0,0.9060072,0.0,0.0,0.0,0.0,0.027500233,0.0,0.0
5,4,0.026513783,0.0,0.03997886,0.0,0.9060072,0.0,0.0,0.0,0.0,0.027500233,0.0,0.0
5,4,0.026513783,0.0,0.03997886,0.0,0.9060072,0.0,0.0,0.0,0.0,0.027500233,0.0,0.0
5,4,0.026513783,0.0,0.03997886,0.0,0.9060072,0.0,0.0,0.0,0.0,0.027500233,0.0,0.0
5,4,0.026513783,0.0,0.03997886,0.0,0.9060072,0.0,0.0,0.0,0.0,0.027500233,0.0,0.0
5,4,0.026513783,0.0,0.03997886,0.0,0.9060072,0.0,0.0,0.0,0.0,0.027500233,0.0,0.0
5,4,0.026513783,0.0,0.03997886,0.0,0.9060072,0.0,0.0,0.0,0.0,0.027500233,0.0,0.0
5,4,0.026513783,0.0,0.03997886,0.0,0.9060072,0.0,0.0,0.0,0.0,0.027500233,0.0,0.0
5,4,0.026513783,0.0,0.03997886,0.0,0.9060072,0.0,0.0,0.0,0.0,0.027500233,0.0,0.0
5,4,0.026513783,0.0,0.03997886,0.0,0.9060072,0.0,0.0,0.0,0.0,0.027500233,0.0,0.0
5,4,0.026513783,0.0,0.03997886,0.0,0.9060072,0.0,0.0,0.0,0.0,0.027500233,0.0,0.0
5,4,0.026513783,0.0,0.03997886,0.0,0.9060072,0.0,0.0,0.0,0.0,0.027500233,0.0,0.0
5,4,0.026513783,0.0,0.03997886,0.0,0.9060072,0.0,0.0,0.0,0.0,0.027500233,0.0,0.0
5,4,0.026513783,0.0,0.03997886,0.0,0.9060072,0.0,0.0,0.0,0.0,0.027500233,0.0,0.0
5,4,0.026513783,0.0,0.03997886,0.0,0.9060072,0.0,0.0,0.0,0.0,0.027500233,0.0,0.0
5,4,0.026513783,0.0,0.03997886,0.0,0.9060072,0.0,0.0,0.0,0.0,0.027500233,0.0,0.0
5,4,0.026513783,0.0,0.03997886,0.0,0.9060072,0.0,0.0,0.0,0.0,0.027500233,0.0,0.0
5,4,0.026513783,0.0,0.03997886,0.0,0.9060072,0.0,0.0,0.0,0.0,0.027500233,0.0,0.0
5,4,0.026513783,0.0,0.03997886,0.0,0.9060072,0.0,0.0,0.0,0.0,0.027500233,0.0,0.0
5,4,0.026513783,0.0,0.03997886,0.0,0.9060072,0.0,0.0,0.0,0.0,0.027500233,0.0,0.0
5,4,0.026513783,0.0,0.03997886,0.0,0.9060072,0.0,0.0,0.0,0.0,0.027500233,0.0,0.0
5,4,0.026513783,0.0,0.03997886,0.0,0.9060072,0.0,0.0,0.0,0.0,0.027500233,0.0,0.0
5,4,0.026513783,0.0,0.03997886,0.0,0.9060072,0.0,0.0,0.0,0.0,0.027500233,0.0,0.0
5,4,0.026513783,0.0,0.03997886,0.0,0.9060072,0.0,0.0,0.0,0.0,0.027500233,0.0,0.0
5,4,0.026513783,0.0,0.03997886,0.0,0.9060072,0.0,0.0,0.0,0.0,0.027500233,0.0,0.0
5,4,0.026513783,0.0,0.03997886,0.0,0.9060072,0.0,0.0,0.0,0.0,0.027500233,0.0,0.0
5,4,0.026513783,0.0,0.03997886,0.0,0.9060072,0.0,0.0,0.0,0.0,0.027500233,0.0,0.0
5,4,0.026513783,0.0,0.03997886,0.0,0.9060072,0.0,0.0,0.0,0.0,0.027500233,0.0,0.0
5,4,0.026513783,0.0,0.03997886,0.0,0.9060072,0.0,0.0,0.0,0.0,0.027500233,0.0,0.0
5,4,0.026513783,0.0,0.03997886,0.0,0.9060072,0.0,0.0,0.0,0.0,0.027500233,0.0,0.0
5,4,0.026513783,0.0,0.03997886,0.0,0.9060072,0.0,0.0,0.0,0.0,0.027500233,0.0,0.0
5,4,0.026513783,0.0,0.03997886,0.0,0.9060072,0.0,0.0,0.0,0.0,0.027500233,0.0,0.0
5,4,0.026513783,0.0,0.03997886,0.0,0.9060072,0.0,0.0,0.0,0.0,0.027500233,0.0,0.0
5,4,0.026513783,0.0,0.03997886,0.0,0.9060072,0.0,0.0,0.0,0.0,0.027500233,0.0,0.0
5,4,0.026513783,0.0,0.03997886,0.0,0.9060072,0.0,0.0,0.0,0.0,0.027500233,0.0,0.0
5,4,0.026513783,0.0,0.03997886,0.0,0.9060072,0.0,0.0,0.0,0.0,0.027500233,0.0,0.0
5,4,0.026513783,0.0,0.03997886,0.0,0.9060072,0.0,0.0,0.0,0.0,0.027500233,0.0,0.0
5,4,0.026513783,0.0,0.03997886,0.0,0.9060072,0.0,0.0,0.0,0.0,0.027500233,0.0,0.0
5,4,0.026513783,0.0,0.03997886,0.0,0.9060072,0.0,0.0,0.0,0.0,0.027500233,0.0,0.0
5,4,0.026513783,0.0,0.03997886,0.0,0.9060072,0.0,0.0,0.0,0.0,0.027500233,0.0,0.0
5,4,0.026513783,0.0,0.03997886,0.0,0.9060072,0.0,0.0,0.0,0.0,0.027500233,0.0,0.0
5,4,0.026513783,0.0,0.03997886,0.0,0.9060072,0.0,0.0,0.0,0.0,0.027500233,0.0,0.0
5,4,0.026513783,0.0,0.03997886,0.0,0.9060072,0.0,0.0,0.0,0.0,0.027500233,0.0,0.0
5,4,0.026513783,0.0,0.03997886,0.0,0.9060072,0.0,0.0,0.0,0.0,0.027500233,0.0,0.0
5,4,0.026513783,0.0,0.03997886,0.0,0.9060072,0.0,0.0,0.0,0.0,0.027500233,0.0,0.0
5,4,0.026513783,0.0,0.03997886,0.0,0.9060072,0.0,0.0,0.0,0.0,0.027500233,0.0,0.0
5,4,0.026513783,0.0,0.03997886,0.0,0.9060072,0.0,0.0,0.0,0.0,0.027500233,0.0,0.0
5,4,0.026513783,0.0,0.03997886,0.0,0.9060072,0.0,0.0,0.0,0.0,0.027500233,0.0,0.0
5,4,0.026513783,0.0,0.03997886,0.0,0.9060072,0.0,0.0,0.0,0.0,0.027500233,0.0,0.0
5,4,0.026513783,0.0,0.03997886,0.0,0.9060072,0.0,0.0,0.0,0.0,0.027500233,0.0,0.0
5,4,0.0,0.0,0.0,0.0,1.0,0.0,0.0,0.0,0.0,0.0,0.0,0.0
5,4,0.0,0.0,0.0,0.0,1.0,0.0,0.0,0.0,0.0,0.0,0.0,0.0
5,4,0.0,0.0,0.0,0.0,1.0,0.0,0.0,0.0,0.0,0.0,0.0,0.0
5,4,0.0,0.0,0.0,0.0,1.0,0.0,0.0,0.0,0.0,0.0,0.0,0.0
5,4,0.0,0.0,0.0,0.0,1.0,0.0,0.0,0.0,0.0,0.0,0.0,0.0
5,4,0.0,0.0,0.0,0.0,1.0,0.0,0.0,0.0,0.0,0.0,0.0,0.0
5,4,0.0,0.0,0.0,0.0,1.0,0.0,0.0,0.0,0.0,0.0,0.0,0.0
5,4,0.0,0.0,0.0,0.0,1.0,0.0,0.0,0.0,0.0,0.0,0.0,0.0
5,4,0.0,0.0,0.0,0.0,1.0,0.0,0.0,0.0,0.0,0.0,0.0,0.0
5,4,0.0,0.0,0.0,0.0,1.0,0.0,0.0,0.0,0.0,0.0,0.0,0.0
5,4,0.0,0.0,0.0,0.0,1.0,0.0,0.0,0.0,0.0,0.0,0.0,0.0
5,4,0.0,0.0,0.0,0.0,1.0,0.0,0.0,0.0,0.0,0.0,0.0,0.0
5,4,0.0,0.0,0.0,0.0,1.0,0.0,0.0,0.0,0.0,0.0,0.0,0.0
5,4,0.0,0.0,0.0,0.0,1.0,0.0,0.0,0.0,0.0,0.0,0.0,0.0
5,4,0.0,0.0,0.0,0.0,1.0,0.0,0.0,0.0,0.0,0.0,0.0,0.0
5,4,0.0,0.0,0.0,0.0,1.0,0.0,0.0,0.0,0.0,0.0,0.0,0.0
5,4,0.0,0.0,0.0,0.0,1.0,0.0,0.0,0.0,0.0,0.0,0.0,0.0
5,4,0.0,0.0,0.0,0.0,1.0,0.0,0.0,0.0,0.0,0.0,0.0,0.0
5,4,0.0,0.0,0.0,0.0,1.0,0.0,0.0,0.0,0.0,0.0,0.0,0.0
5,4,0.0,0.0,0.0,0.0,1.0,0.0,0.0,0.0,0.0,0.0,0.0,0.0
5,4,0.0,0.0,0.0,0.0,1.0,0.0,0.0,0.0,0.0,0.0,0.0,0.0
5,4,0.0,0.0,0.0,0.0,1.0,0.0,0.0,0.0,0.0,0.0,0.0,0.0
5,4,0.0,0.0,0.0,0.0,1.0,0.0,0.0,0.0,0.0,0.0,0.0,0.0
5,4,0.0,0.0,0.0,0.0,1.0,0.0,0.0,0.0,0.0,0.0,0.0,0.0
5,4,0.0,0.0,0.0,0.0,1.0,0.0,0.0,0.0,0.0,0.0,0.0,0.0
5,4,0.0,0.0,0.0,0.0,1.0,0.0,0.0,0.0,0.0,0.0,0.0,0.0
5,4,0.0,0.0,0.0,0.0,1.0,0.0,0.0,0.0,0.0,0.0,0.0,0.0
5,4,0.0,0.0,0.0,0.0,1.0,0.0,0.0,0.0,0.0,0.0,0.0,0.0
5,4,0.0,0.0,0.0,0.0,1.0,0.0,0.0,0.0,0.0,0.0,0.0,0.0
5,4,0.0,0.0,0.0,0.0,1.0,0.0,0.0,0.0,0.0,0.0,0.0,0.0
5,4,0.0,0.0,0.0,0.0,1.0,0.0,0.0,0.0,0.0,0.0,0.0,0.0
5,4,0.0,0.0,0.0,0.0,1.0,0.0,0.0,0.0,0.0,0.0,0.0,0.0
5,4,0.0,0.0,0.0,0.0,1.0,0.0,0.0,0.0,0.0,0.0,0.0,0.0
5,4,0.0,0.0,0.0,0.0,1.0,0.0,0.0,0.0,0.0,0.0,0.0,0.0
5,4,0.0,0.0,0.0,0.0,1.0,0.0,0.0,0.0,0.0,0.0,0.0,0.0
5,4,0.0,0.0,0.0,0.0,1.0,0.0,0.0,0.0,0.0,0.0,0.0,0.0
5,4,0.0,0.0,0.0,0.0,1.0,0.0,0.0,0.0,0.0,0.0,0.0,0.0
5,4,0.0,0.0,0.0,0.0,1.0,0.0,0.0,0.0,0.0,0.0,0.0,0.0
5,4,0.0,0.0,0.0,0.0,1.0,0.0,0.0,0.0,0.0,0.0,0.0,0.0
5,4,0.0,0.0,0.0,0.0,1.0,0.0,0.0,0.0,0.0,0.0,0.0,0.0
5,4,0.0,0.0,0.0,0.0,1.0,0.0,0.0,0.0,0.0,0.0,0.0,0.0
5,4,0.0,0.0,0.0,0.0,1.0,0.0,0.0,0.0,0.0,0.0,0.0,0.0
5,4,0.0,0.0,0.0,0.0,1.0,0.0,0.0,0.0,0.0,0.0,0.0,0.0
5,4,0.0,0.0,0.0,0.0,1.0,0.0,0.0,0.0,0.0,0.0,0.0,0.0
5,4,0.0,0.0,0.0,0.0,1.0,0.0,0.0,0.0,0.0,0.0,0.0,0.0
5,4,0.0,0.0,0.0,0.0,1.0,0.0,0.0,0.0,0.0,0.0,0.0,0.0
5,4,0.0,0.0,0.0,0.0,1.0,0.0,0.0,0.0,0.0,0.0,0.0,0.0
5,4,0.0,0.0,0.0,0.0,1.0,0.0,0.0,0.0,0.0,0.0,0.0,0.0
5,4,0.0,0.0,0.0,0.0,1.0,0.0,0.0,0.0,0.0,0.0,0.0,0.0
5,4,0.0,0.0,0.0,0.0,1.0,0.0,0.0,0.0,0.0,0.0,0.0,0.0
5,4,0.0,0.0,0.0,0.0,1.0,0.0,0.0,0.0,0.0,0.0,0.0,0.0
5,4,0.0,0.0,0.0,0.0,1.0,0.0,0.0,0.0,0.0,0.0,0.0,0.0
5,4,0.0,0.0,0.0,0.0,1.0,0.0,0.0,0.0,0.0,0.0,0.0,0.0
5,4,0.0,0.0,0.0,0.0,1.0,0.0,0.0,0.0,0.0,0.0,0.0,0.0
5,4,0.0,0.0,0.0,0.0,1.0,0.0,0.0,0.0,0.0,0.0,0.0,0.0
5,4,0.0,0.0,0.0,0.0,1.0,0.0,0.0,0.0,0.0,0.0,0.0,0.0
5,4,0.0,0.0,0.0,0.0,1.0,0.0,0.0,0.0,0.0,0.0,0.0,0.0
5,4,0.0,0.0,0.0,0.0,1.0,0.0,0.0,0.0,0.0,0.0,0.0,0.0
5,4,0.0,0.0,0.0,0.0,1.0,0.0,0.0,0.0,0.0,0.0,0.0,0.0
5,4,0.0,0.0,0.0,0.0,1.0,0.0,0.0,0.0,0.0,0.0,0.0,0.0
5,4,0.0,0.0,0.0,0.0,1.0,0.0,0.0,0.0,0.0,0.0,0.0,0.0
5,4,0.0,0.0,0.0,0.0,1.0,0.0,0.0,0.0,0.0,0.0,0.0,0.0
5,4,0.0,0.0,0.0,0.0,1.0,0.0,0.0,0.0,0.0,0.0,0.0,0.0
5,4,0.0,0.0,0.0,0.0,1.0,0.0,0.0,0.0,0.0,0.0,0.0,0.0
5,4,0.0,0.0,0.0,0.0,1.0,0.0,0.0,0.0,0.0,0.0,0.0,0.0
5,4,0.0,0.0,0.0,0.0,1.0,0.0,0.0,0.0,0.0,0.0,0.0,0.0
5,4,0.0,0.0,0.0,0.0,1.0,0.0,0.0,0.0,0.0,0.0,0.0,0.0
5,4,0.0,0.0,0.0,0.0,1.0,0.0,0.0,0.0,0.0,0.0,0.0,0.0
5,4,0.0,0.0,0.0,0.0,1.0,0.0,0.0,0.0,0.0,0.0,0.0,0.0
5,4,0.0,0.0,0.0,0.0,1.0,0.0,0.0,0.0,0.0,0.0,0.0,0.0
5,4,0.0,0.0,0.0,0.0,1.0,0.0,0.0,0.0,0.0,0.0,0.0,0.0
5,4,0.0,0.0,0.0,0.0,1.0,0.0,0.0,0.0,0.0,0.0,0.0,0.0
5,4,0.0,0.0,0.0,0.0,1.0,0.0,0.0,0.0,0.0,0.0,0.0,0.0
5,4,0.0,0.0,0.0,0.0,1.0,0.0,0.0,0.0,0.0,0.0,0.0,0.0
5,4,0.0,0.0,0.0,0.0,1.0,0.0,0.0,0.0,0.0,0.0,0.0,0.0
5,4,0.0,0.0,0.0,0.0,1.0,0.0,0.0,0.0,0.0,0.0,0.0,0.0
5,4,0.0,0.0,0.0,0.0,1.0,0.0,0.0,0.0,0.0,0.0,0.0,0.0
5,4,0.0,0.0,0.0,0.0,1.0,0.0,0.0,0.0,0.0,0.0,0.0,0.0
5,4,0.0,0.0,0.0,0.0,1.0,0.0,0.0,0.0,0.0,0.0,0.0,0.0
5,4,0.0,0.0,0.0,0.0,1.0,0.0,0.0,0.0,0.0,0.0,0.0,0.0
5,4,0.0,0.0,0.0,0.0,1.0,0.0,0.0,0.0,0.0,0.0,0.0,0.0
5,4,0.0,0.0,0.0,0.0,1.0,0.0,0.0,0.0,0.0,0.0,0.0,0.0
5,4,0.0,0.0,0.0,0.0,1.0,0.0,0.0,0.0,0.0,0.0,0.0,0.0
5,4,0.0,0.0,0.0,0.0,1.0,0.0,0.0,0.0,0.0,0.0,0.0,0.0
5,4,0.0,0.0,0.0,0.0,1.0,0.0,0.0,0.0,0.0,0.0,0.0,0.0
5,4,0.0,0.0,0.0,0.0,1.0,0.0,0.0,0.0,0.0,0.0,0.0,0.0
5,4,0.0,0.0,0.0,0.0,1.0,0.0,0.0,0.0,0.0,0.0,0.0,0.0
5,4,0.0,0.0,0.0,0.0,1.0,0.0,0.0,0.0,0.0,0.0,0.0,0.0
5,4,0.0,0.0,0.0,0.0,1.0,0.0,0.0,0.0,0.0,0.0,0.0,0.0
5,4,0.0,0.0,0.0,0.0,1.0,0.0,0.0,0.0,0.0,0.0,0.0,0.0
5,4,0.0,0.0,0.0,0.0,1.0,0.0,0.0,0.0,0.0,0.0,0.0,0.0
5,4,0.0,0.0,0.0,0.0,1.0,0.0,0.0,0.0,0.0,0.0,0.0,0.0
5,4,0.0,0.0,0.0,0.0,1.0,0.0,0.0,0.0,0.0,0.0,0.0,0.0
5,4,0.0,0.0,0.0,0.0,1.0,0.0,0.0,0.0,0.0,0.0,0.0,0.0
5,4,0.0,0.0,0.0,0.0,1.0,0.0,0.0,0.0,0.0,0.0,0.0,0.0
5,4,0.0,0.0,0.0,0.0,1.0,0.0,0.0,0.0,0.0,0.0,0.0,0.0
5,4,0.0,0.0,0.0,0.0,1.0,0.0,0.0,0.0,0.0,0.0,0.0,0.0
5,4,0.0,0.0,0.0,0.0,1.0,0.0,0.0,0.0,0.0,0.0,0.0,0.0
5,4,0.0,0.0,0.0,0.0,1.0,0.0,0.0,0.0,0.0,0.0,0.0,0.0
5,4,0.0,0.0,0.0,0.0,1.0,0.0,0.0,0.0,0.0,0.0,0.0,0.0
5,4,0.0,0.0,0.0,0.0,1.0,0.0,0.0,0.0,0.0,0.0,0.0,0.0
5,4,0.0,0.0,0.0,0.0,1.0,0.0,0.0,0.0,0.0,0.0,0.0,0.0
5,4,0.0,0.0,0.0,0.0,1.0,0.0,0.0,0.0,0.0,0.0,0.0,0.0
5,4,0.0,0.0,0.0,0.0,1.0,0.0,0.0,0.0,0.0,0.0,0.0,0.0
5,4,0.0,0.0,0.0,0.0,1.0,0.0,0.0,0.0,0.0,0.0,0.0,0.0
5,4,0.0,0.0,0.0,0.0,1.0,0.0,0.0,0.0,0.0,0.0,0.0,0.0
5,4,0.0,0.0,0.0,0.0,1.0,0.0,0.0,0.0,0.0,0.0,0.0,0.0
5,4,0.0,0.0,0.0,0.0,1.0,0.0,0.0,0.0,0.0,0.0,0.0,0.0
5,4,0.0,0.0,0.0,0.0,1.0,0.0,0.0,0.0,0.0,0.0,0.0,0.0
5,4,0.0,0.0,0.0,0.0,1.0,0.0,0.0,0.0,0.0,0.0,0.0,0.0
5,4,0.0,0.0,0.0,0.0,1.0,0.0,0.0,0.0,0.0,0.0,0.0,0.0
5,4,0.0,0.0,0.0,0.0,1.0,0.0,0.0,0.0,0.0,0.0,0.0,0.0
5,4,0.0,0.0,0.0,0.0,1.0,0.0,0.0,0.0,0.0,0.0,0.0,0.0
5,4,0.0,0.0,0.0,0.0,1.0,0.0,0.0,0.0,0.0,0.0,0.0,0.0
5,4,0.0,0.0,0.0,0.0,1.0,0.0,0.0,0.0,0.0,0.0,0.0,0.0
5,4,0.0,0.0,0.0,0.0,1.0,0.0,0.0,0.0,0.0,0.0,0.0,0.0
5,4,0.0,0.0,0.0,0.0,1.0,0.0,0.0,0.0,0.0,0.0,0.0,0.0
5,4,0.0,0.0,0.0,0.0,1.0,0.0,0.0,0.0,0.0,0.0,0.0,0.0
5,4,0.0,0.0,0.0,0.0,1.0,0.0,0.0,0.0,0.0,0.0,0.0,0.0
5,4,0.0,0.0,0.0,0.0,1.0,0.0,0.0,0.0,0.0,0.0,0.0,0.0
5,4,0.0,0.0,0.0,0.0,1.0,0.0,0.0,0.0,0.0,0.0,0.0,0.0
5,4,0.0,0.0,0.0,0.0,1.0,0.0,0.0,0.0,0.0,0.0,0.0,0.0
5,4,0.0,0.0,0.0,0.0,1.0,0.0,0.0,0.0,0.0,0.0,0.0,0.0
5,4,0.0,0.0,0.0,0.0,1.0,0.0,0.0,0.0,0.0,0.0,0.0,0.0
5,4,0.0,0.0,0.0,0.0,1.0,0.0,0.0,0.0,0.0,0.0,0.0,0.0
5,4,0.0,0.0,0.0,0.0,1.0,0.0,0.0,0.0,0.0,0.0,0.0,0.0
5,4,0.0,0.0,0.0,0.0,1.0,0.0,0.0,0.0,0.0,0.0,0.0,0.0
5,4,0.0,0.0,0.0,0.0,1.0,0.0,0.0,0.0,0.0,0.0,0.0,0.0
5,4,0.0,0.0,0.0,0.0,1.0,0.0,0.0,0.0,0.0,0.0,0.0,0.0
5,4,0.0,0.0,0.0,0.0,1.0,0.0,0.0,0.0,0.0,0.0,0.0,0.0
5,4,0.0,0.0,0.0,0.0,1.0,0.0,0.0,0.0,0.0,0.0,0.0,0.0
5,4,0.0,0.0,0.0,0.0,1.0,0.0,0.0,0.0,0.0,0.0,0.0,0.0
5,4,0.0,0.0,0.0,0.0,1.0,0.0,0.0,0.0,0.0,0.0,0.0,0.0
5,4,0.0,0.0,0.0,0.0,1.0,0.0,0.0,0.0,0.0,0.0,0.0,0.0
5,4,0.0,0.0,0.0,0.0,1.0,0.0,0.0,0.0,0.0,0.0,0.0,0.0
5,4,0.0,0.0,0.0,0.0,1.0,0.0,0.0,0.0,0.0,0.0,0.0,0.0
5,4,0.0,0.0,0.0,0.0,1.0,0.0,0.0,0.0,0.0,0.0,0.0,0.0
5,4,0.0,0.0,0.0,0.0,1.0,0.0,0.0,0.0,0.0,0.0,0.0,0.0
5,4,0.0,0.0,0.0,0.0,1.0,0.0,0.0,0.0,0.0,0.0,0.0,0.0
5,4,0.0,0.0,0.0,0.0,1.0,0.0,0.0,0.0,0.0,0.0,0.0,0.0
5,4,0.0,0.0,0.0,0.0,1.0,0.0,0.0,0.0,0.0,0.0,0.0,0.0
5,4,0.0,0.0,0.0,0.0,1.0,0.0,0.0,0.0,0.0,0.0,0.0,0.0
5,4,0.0,0.0,0.0,0.0,1.0,0.0,0.0,0.0,0.0,0.0,0.0,0.0
5,4,0.0,0.0,0.0,0.0,1.0,0.0,0.0,0.0,0.0,0.0,0.0,0.0
5,4,0.0,0.0,0.0,0.0,1.0,0.0,0.0,0.0,0.0,0.0,0.0,0.0
5,4,0.0,0.0,0.0,0.0,1.0,0.0,0.0,0.0,0.0,0.0,0.0,0.0
5,4,0.0,0.0,0.0,0.0,1.0,0.0,0.0,0.0,0.0,0.0,0.0,0.0
5,4,0.0,0.0,0.0,0.0,1.0,0.0,0.0,0.0,0.0,0.0,0.0,0.0
5,4,0.0,0.0,0.0,0.0,1.0,0.0,0.0,0.0,0.0,0.0,0.0,0.0
5,4,0.0,0.0,0.0,0.0,1.0,0.0,0.0,0.0,0.0,0.0,0.0,0.0
5,4,0.0,0.0,0.0,0.0,1.0,0.0,0.0,0.0,0.0,0.0,0.0,0.0
5,4,0.0,0.0,0.0,0.0,1.0,0.0,0.0,0.0,0.0,0.0,0.0,0.0
5,4,0.0,0.0,0.0,0.0,1.0,0.0,0.0,0.0,0.0,0.0,0.0,0.0
5,4,0.0,0.0,0.0,0.0,1.0,0.0,0.0,0.0,0.0,0.0,0.0,0.0
5,4,0.0,0.0,0.0,0.0,1.0,0.0,0.0,0.0,0.0,0.0,0.0,0.0
5,4,0.0,0.0,0.0,0.0,1.0,0.0,0.0,0.0,0.0,0.0,0.0,0.0
5,4,0.0,0.0,0.0,0.0,1.0,0.0,0.0,0.0,0.0,0.0,0.0,0.0
5,4,0.0,0.0,0.0,0.0,1.0,0.0,0.0,0.0,0.0,0.0,0.0,0.0
5,4,0.0,0.0,0.0,0.0,1.0,0.0,0.0,0.0,0.0,0.0,0.0,0.0
5,4,0.0,0.0,0.0,0.0,1.0,0.0,0.0,0.0,0.0,0.0,0.0,0.0
5,4,0.0,0.0,0.0,0.0,1.0,0.0,0.0,0.0,0.0,0.0,0.0,0.0
5,4,0.0,0.0,0.0,0.0,1.0,0.0,0.0,0.0,0.0,0.0,0.0,0.0
5,4,0.0,0.0,0.0,0.0,1.0,0.0,0.0,0.0,0.0,0.0,0.0,0.0
5,4,0.0,0.0,0.0,0.0,1.0,0.0,0.0,0.0,0.0,0.0,0.0,0.0
5,4,0.0,0.0,0.0,0.0,1.0,0.0,0.0,0.0,0.0,0.0,0.0,0.0
5,4,0.0,0.0,0.0,0.0,1.0,0.0,0.0,0.0,0.0,0.0,0.0,0.0
5,4,0.0,0.0,0.0,0.0,1.0,0.0,0.0,0.0,0.0,0.0,0.0,0.0
5,4,0.0,0.0,0.0,0.0,1.0,0.0,0.0,0.0,0.0,0.0,0.0,0.0
5,4,0.0,0.0,0.0,0.0,1.0,0.0,0.0,0.0,0.0,0.0,0.0,0.0
5,4,0.0,0.0,0.0,0.0,1.0,0.0,0.0,0.0,0.0,0.0,0.0,0.0
5,4,0.0,0.0,0.0,0.0,1.0,0.0,0.0,0.0,0.0,0.0,0.0,0.0
5,4,0.0,0.0,0.0,0.0,1.0,0.0,0.0,0.0,0.0,0.0,0.0,0.0
5,4,0.0,0.0,0.0,0.0,1.0,0.0,0.0,0.0,0.0,0.0,0.0,0.0
5,4,0.0,0.0,0.0,0.0,1.0,0.0,0.0,0.0,0.0,0.0,0.0,0.0
5,4,0.0,0.0,0.0,0.0,1.0,0.0,0.0,0.0,0.0,0.0,0.0,0.0
5,4,0.0,0.0,0.0,0.0,1.0,0.0,0.0,0.0,0.0,0.0,0.0,0.0
5,4,0.0,0.0,0.0,0.0,1.0,0.0,0.0,0.0,0.0,0.0,0.0,0.0
5,4,0.0,0.0,0.0,0.0,1.0,0.0,0.0,0.0,0.0,0.0,0.0,0.0
5,4,0.0,0.0,0.0,0.0,1.0,0.0,0.0,0.0,0.0,0.0,0.0,0.0
5,4,0.0,0.0,0.0,0.0,1.0,0.0,0.0,0.0,0.0,0.0,0.0,0.0
5,4,0.0,0.0,0.0,0.0,1.0,0.0,0.0,0.0,0.0,0.0,0.0,0.0
5,4,0.0,0.0,0.0,0.0,1.0,0.0,0.0,0.0,0.0,0.0,0.0,0.0
5,4,0.0,0.0,0.0,0.0,1.0,0.0,0.0,0.0,0.0,0.0,0.0,0.0
5,4,0.0,0.0,0.0,0.0,1.0,0.0,0.0,0.0,0.0,0.0,0.0,0.0
5,4,0.0,0.0,0.0,0.0,1.0,0.0,0.0,0.0,0.0,0.0,0.0,0.0
5,4,0.0,0.0,0.0,0.0,1.0,0.0,0.0,0.0,0.0,0.0,0.0,0.0
5,4,0.0,0.0,0.0,0.0,1.0,0.0,0.0,0.0,0.0,0.0,0.0,0.0
5,4,0.0,0.0,0.0,0.0,1.0,0.0,0.0,0.0,0.0,0.0,0.0,0.0
5,4,0.0,0.0,0.0,0.0,1.0,0.0,0.0,0.0,0.0,0.0,0.0,0.0
5,4,0.0,0.0,0.0,0.0,1.0,0.0,0.0,0.0,0.0,0.0,0.0,0.0
5,4,0.0,0.0,0.0,0.0,1.0,0.0,0.0,0.0,0.0,0.0,0.0,0.0
5,4,0.0,0.0,0.0,0.0,1.0,0.0,0.0,0.0,0.0,0.0,0.0,0.0
5,4,0.0,0.0,0.0,0.0,1.0,0.0,0.0,0.0,0.0,0.0,0.0,0.0
5,4,0.0,0.0,0.0,0.0,1.0,0.0,0.0,0.0,0.0,0.0,0.0,0.0
5,4,0.0,0.0,0.0,0.0,1.0,0.0,0.0,0.0,0.0,0.0,0.0,0.0
5,4,0.0,0.0,0.0,0.0,1.0,0.0,0.0,0.0,0.0,0.0,0.0,0.0
5,4,0.0,0.0,0.0,0.0,1.0,0.0,0.0,0.0,0.0,0.0,0.0,0.0
5,4,0.0,0.0,0.0,0.0,1.0,0.0,0.0,0.0,0.0,0.0,0.0,0.0
5,4,0.0,0.0,0.0,0.0,1.0,0.0,0.0,0.0,0.0,0.0,0.0,0.0
5,4,0.0,0.0,0.0,0.0,1.0,0.0,0.0,0.0,0.0,0.0,0.0,0.0
5,4,0.0,0.0,0.0,0.0,1.0,0.0,0.0,0.0,0.0,0.0,0.0,0.0
5,4,0.0,0.0,0.0,0.0,1.0,0.0,0.0,0.0,0.0,0.0,0.0,0.0
5,4,0.0,0.0,0.0,0.0,1.0,0.0,0.0,0.0,0.0,0.0,0.0,0.0
5,4,0.0,0.0,0.0,0.0,1.0,0.0,0.0,0.0,0.0,0.0,0.0,0.0
5,4,0.0,0.0,0.0,0.0,1.0,0.0,0.0,0.0,0.0,0.0,0.0,0.0
5,4,0.0,0.0,0.0,0.0,1.0,0.0,0.0,0.0,0.0,0.0,0.0,0.0
5,4,0.0,0.0,0.0,0.0,1.0,0.0,0.0,0.0,0.0,0.0,0.0,0.0
5,4,0.0,0.0,0.0,0.0,1.0,0.0,0.0,0.0,0.0,0.0,0.0,0.0
5,4,0.0,0.0,0.0,0.0,1.0,0.0,0.0,0.0,0.0,0.0,0.0,0.0
5,4,0.0,0.0,0.0,0.0,1.0,0.0,0.0,0.0,0.0,0.0,0.0,0.0
5,4,0.0,0.0,0.0,0.0,1.0,0.0,0.0,0.0,0.0,0.0,0.0,0.0
5,4,0.0,0.0,0.0,0.0,1.0,0.0,0.0,0.0,0.0,0.0,0.0,0.0
5,4,0.0,0.0,0.0,0.0,1.0,0.0,0.0,0.0,0.0,0.0,0.0,0.0
5,4,0.0,0.0,0.0,0.0,1.0,0.0,0.0,0.0,0.0,0.0,0.0,0.0
5,4,0.0,0.0,0.0,0.0,1.0,0.0,0.0,0.0,0.0,0.0,0.0,0.0
5,4,0.0,0.0,0.0,0.0,1.0,0.0,0.0,0.0,0.0,0.0,0.0,0.0
5,4,0.0,0.0,0.0,0.0,1.0,0.0,0.0,0.0,0.0,0.0,0.0,0.0
5,4,0.0,0.0,0.0,0.0,1.0,0.0,0.0,0.0,0.0,0.0,0.0,0.0
5,4,0.0,0.0,0.0,0.0,1.0,0.0,0.0,0.0,0.0,0.0,0.0,0.0
5,4,0.0,0.0,0.0,0.0,1.0,0.0,0.0,0.0,0.0,0.0,0.0,0.0
5,4,0.0,0.0,0.0,0.0,1.0,0.0,0.0,0.0,0.0,0.0,0.0,0.0
5,4,0.0,0.0,0.0,0.0,1.0,0.0,0.0,0.0,0.0,0.0,0.0,0.0
5,4,0.0,0.0,0.0,0.0,1.0,0.0,0.0,0.0,0.0,0.0,0.0,0.0
5,4,0.0,0.0,0.0,0.0,1.0,0.0,0.0,0.0,0.0,0.0,0.0,0.0
5,4,0.0,0.0,0.0,0.0,1.0,0.0,0.0,0.0,0.0,0.0,0.0,0.0
5,4,0.0,0.0,0.0,0.0,1.0,0.0,0.0,0.0,0.0,0.0,0.0,0.0
5,4,0.0,0.0,0.0,0.0,1.0,0.0,0.0,0.0,0.0,0.0,0.0,0.0
5,4,0.0,0.0,0.0,0.0,1.0,0.0,0.0,0.0,0.0,0.0,0.0,0.0
5,4,0.0,0.0,0.0,0.0,1.0,0.0,0.0,0.0,0.0,0.0,0.0,0.0
5,4,0.0,0.0,0.0,0.0,1.0,0.0,0.0,0.0,0.0,0.0,0.0,0.0
5,4,0.0,0.0,0.0,0.0,1.0,0.0,0.0,0.0,0.0,0.0,0.0,0.0
5,4,0.0,0.0,0.0,0.0,1.0,0.0,0.0,0.0,0.0,0.0,0.0,0.0
5,4,0.0,0.0,0.0,0.0,1.0,0.0,0.0,0.0,0.0,0.0,0.0,0.0
5,4,0.0,0.0,0.0,0.0,1.0,0.0,0.0,0.0,0.0,0.0,0.0,0.0
5,4,0.0,0.0,0.0,0.0,1.0,0.0,0.0,0.0,0.0,0.0,0.0,0.0
5,4,0.0,0.0,0.0,0.0,1.0,0.0,0.0,0.0,0.0,0.0,0.0,0.0
5,4,0.0,0.0,0.0,0.0,1.0,0.0,0.0,0.0,0.0,0.0,0.0,0.0
5,4,0.0,0.0,0.0,0.0,1.0,0.0,0.0,0.0,0.0,0.0,0.0,0.0
5,4,0.0,0.0,0.0,0.0,1.0,0.0,0.0,0.0,0.0,0.0,0.0,0.0
5,4,0.0,0.0,0.0,0.0,1.0,0.0,0.0,0.0,0.0,0.0,0.0,0.0
5,4,0.0,0.0,0.0,0.0,1.0,0.0,0.0,0.0,0.0,0.0,0.0,0.0
5,4,0.0,0.0,0.0,0.0,1.0,0.0,0.0,0.0,0.0,0.0,0.0,0.0
5,4,0.0,0.0,0.0,0.0,1.0,0.0,0.0,0.0,0.0,0.0,0.0,0.0
5,4,0.0,0.0,0.0,0.0,1.0,0.0,0.0,0.0,0.0,0.0,0.0,0.0
5,4,0.0,0.0,0.0,0.0,1.0,0.0,0.0,0.0,0.0,0.0,0.0,0.0
5,4,0.0,0.0,0.0,0.0,1.0,0.0,0.0,0.0,0.0,0.0,0.0,0.0
5,4,0.0,0.0,0.0,0.0,1.0,0.0,0.0,0.0,0.0,0.0,0.0,0.0
5,4,0.0,0.0,0.0,0.0,1.0,0.0,0.0,0.0,0.0,0.0,0.0,0.0
5,4,0.0,0.0,0.0,0.0,1.0,0.0,0.0,0.0,0.0,0.0,0.0,0.0
5,4,0.0,0.0,0.0,0.0,1.0,0.0,0.0,0.0,0.0,0.0,0.0,0.0
5,4,0.0,0.0,0.0,0.0,1.0,0.0,0.0,0.0,0.0,0.0,0.0,0.0
5,4,0.0,0.0,0.0,0.0,1.0,0.0,0.0,0.0,0.0,0.0,0.0,0.0
5,4,0.0,0.0,0.0,0.0,1.0,0.0,0.0,0.0,0.0,0.0,0.0,0.0
5,4,0.0,0.0,0.0,0.0,1.0,0.0,0.0,0.0,0.0,0.0,0.0,0.0
5,4,0.0,0.0,0.0,0.0,1.0,0.0,0.0,0.0,0.0,0.0,0.0,0.0
5,4,0.0,0.0,0.0,0.0,1.0,0.0,0.0,0.0,0.0,0.0,0.0,0.0
5,4,0.0,0.0,0.0,0.0,1.0,0.0,0.0,0.0,0.0,0.0,0.0,0.0
5,4,0.0,0.0,0.0,0.0,1.0,0.0,0.0,0.0,0.0,0.0,0.0,0.0
5,4,0.0,0.0,0.0,0.0,1.0,0.0,0.0,0.0,0.0,0.0,0.0,0.0
5,4,0.0,0.0,0.0,0.0,1.0,0.0,0.0,0.0,0.0,0.0,0.0,0.0
5,4,0.0,0.0,0.0,0.0,1.0,0.0,0.0,0.0,0.0,0.0,0.0,0.0
5,4,0.0,0.0,0.0,0.0,1.0,0.0,0.0,0.0,0.0,0.0,0.0,0.0
5,4,0.0,0.0,0.0,0.0,1.0,0.0,0.0,0.0,0.0,0.0,0.0,0.0
5,4,0.0,0.0,0.0,0.0,1.0,0.0,0.0,0.0,0.0,0.0,0.0,0.0
5,4,0.0,0.0,0.0,0.0,1.0,0.0,0.0,0.0,0.0,0.0,0.0,0.0
5,4,0.0,0.0,0.0,0.0,1.0,0.0,0.0,0.0,0.0,0.0,0.0,0.0
5,4,0.0,0.0,0.0,0.0,1.0,0.0,0.0,0.0,0.0,0.0,0.0,0.0
5,4,0.0,0.0,0.0,0.0,1.0,0.0,0.0,0.0,0.0,0.0,0.0,0.0
5,4,0.0,0.0,0.0,0.0,1.0,0.0,0.0,0.0,0.0,0.0,0.0,0.0
5,4,0.0,0.0,0.0,0.0,1.0,0.0,0.0,0.0,0.0,0.0,0.0,0.0
5,4,0.0,0.0,0.0,0.0,1.0,0.0,0.0,0.0,0.0,0.0,0.0,0.0
5,4,0.0,0.0,0.0,0.0,1.0,0.0,0.0,0.0,0.0,0.0,0.0,0.0
5,4,0.0,0.0,0.0,0.0,1.0,0.0,0.0,0.0,0.0,0.0,0.0,0.0
5,4,0.0,0.0,0.0,0.0,1.0,0.0,0.0,0.0,0.0,0.0,0.0,0.0
5,4,0.0,0.0,0.0,0.0,1.0,0.0,0.0,0.0,0.0,0.0,0.0,0.0
5,4,0.0,0.0,0.0,0.0,1.0,0.0,0.0,0.0,0.0,0.0,0.0,0.0
5,4,0.0,0.0,0.0,0.0,1.0,0.0,0.0,0.0,0.0,0.0,0.0,0.0
5,4,0.0,0.0,0.0,0.0,1.0,0.0,0.0,0.0,0.0,0.0,0.0,0.0
5,4,0.0,0.0,0.0,0.0,1.0,0.0,0.0,0.0,0.0,0.0,0.0,0.0
5,4,0.0,0.0,0.0,0.0,1.0,0.0,0.0,0.0,0.0,0.0,0.0,0.0
5,4,0.0,0.0,0.0,0.0,1.0,0.0,0.0,0.0,0.0,0.0,0.0,0.0
5,4,0.0,0.0,0.0,0.0,1.0,0.0,0.0,0.0,0.0,0.0,0.0,0.0
5,4,0.0,0.0,0.0,0.0,1.0,0.0,0.0,0.0,0.0,0.0,0.0,0.0
5,4,0.0,0.0,0.0,0.0,1.0,0.0,0.0,0.0,0.0,0.0,0.0,0.0
5,4,0.0,0.0,0.0,0.0,1.0,0.0,0.0,0.0,0.0,0.0,0.0,0.0
5,4,0.0,0.0,0.0,0.0,1.0,0.0,0.0,0.0,0.0,0.0,0.0,0.0
5,4,0.0,0.0,0.0,0.0,1.0,0.0,0.0,0.0,0.0,0.0,0.0,0.0
5,4,0.0,0.0,0.0,0.0,1.0,0.0,0.0,0.0,0.0,0.0,0.0,0.0
5,4,0.0,0.0,0.0,0.0,1.0,0.0,0.0,0.0,0.0,0.0,0.0,0.0
5,4,0.0,0.0,0.0,0.0,1.0,0.0,0.0,0.0,0.0,0.0,0.0,0.0
5,4,0.0,0.0,0.0,0.0,1.0,0.0,0.0,0.0,0.0,0.0,0.0,0.0
5,4,0.0,0.0,0.0,0.0,1.0,0.0,0.0,0.0,0.0,0.0,0.0,0.0
5,4,0.0,0.0,0.0,0.0,1.0,0.0,0.0,0.0,0.0,0.0,0.0,0.0
5,4,0.0,0.0,0.0,0.0,1.0,0.0,0.0,0.0,0.0,0.0,0.0,0.0
5,4,0.0,0.0,0.0,0.0,1.0,0.0,0.0,0.0,0.0,0.0,0.0,0.0
5,4,0.0,0.0,0.0,0.0,1.0,0.0,0.0,0.0,0.0,0.0,0.0,0.0
5,4,0.0,0.0,0.0,0.0,1.0,0.0,0.0,0.0,0.0,0.0,0.0,0.0
5,4,0.0,0.0,0.0,0.0,1.0,0.0,0.0,0.0,0.0,0.0,0.0,0.0
5,4,0.0,0.0,0.0,0.0,1.0,0.0,0.0,0.0,0.0,0.0,0.0,0.0
5,4,0.0,0.0,0.0,0.0,1.0,0.0,0.0,0.0,0.0,0.0,0.0,0.0
5,4,0.0,0.0,0.0,0.0,1.0,0.0,0.0,0.0,0.0,0.0,0.0,0.0
5,4,0.0,0.0,0.0,0.0,1.0,0.0,0.0,0.0,0.0,0.0,0.0,0.0
5,4,0.0,0.0,0.0,0.0,1.0,0.0,0.0,0.0,0.0,0.0,0.0,0.0
5,4,0.0,0.0,0.0,0.0,1.0,0.0,0.0,0.0,0.0,0.0,0.0,0.0
5,4,0.0,0.0,0.0,0.0,1.0,0.0,0.0,0.0,0.0,0.0,0.0,0.0
5,4,0.0,0.0,0.0,0.0,1.0,0.0,0.0,0.0,0.0,0.0,0.0,0.0
5,4,0.0,0.0,0.0,0.0,1.0,0.0,0.0,0.0,0.0,0.0,0.0,0.0
5,4,0.0,0.0,0.0,0.0,1.0,0.0,0.0,0.0,0.0,0.0,0.0,0.0
5,4,0.0,0.0,0.0,0.0,1.0,0.0,0.0,0.0,0.0,0.0,0.0,0.0
5,4,0.0,0.0,0.0,0.0,1.0,0.0,0.0,0.0,0.0,0.0,0.0,0.0
5,4,0.0,0.0,0.0,0.0,1.0,0.0,0.0,0.0,0.0,0.0,0.0,0.0
5,4,0.0,0.0,0.0,0.0,1.0,0.0,0.0,0.0,0.0,0.0,0.0,0.0
5,4,0.0,0.0,0.0,0.0,1.0,0.0,0.0,0.0,0.0,0.0,0.0,0.0
5,4,0.0,0.0,0.0,0.0,1.0,0.0,0.0,0.0,0.0,0.0,0.0,0.0
5,4,0.0,0.0,0.0,0.0,1.0,0.0,0.0,0.0,0.0,0.0,0.0,0.0
5,4,0.0,0.0,0.0,0.0,1.0,0.0,0.0,0.0,0.0,0.0,0.0,0.0
5,4,0.0,0.0,0.0,0.0,1.0,0.0,0.0,0.0,0.0,0.0,0.0,0.0
5,4,0.0,0.0,0.0,0.0,1.0,0.0,0.0,0.0,0.0,0.0,0.0,0.0
5,4,0.0,0.0,0.0,0.0,1.0,0.0,0.0,0.0,0.0,0.0,0.0,0.0
5,4,0.0,0.0,0.0,0.0,1.0,0.0,0.0,0.0,0.0,0.0,0.0,0.0
5,4,0.0,0.0,0.0,0.0,1.0,0.0,0.0,0.0,0.0,0.0,0.0,0.0
5,4,0.0,0.0,0.0,0.0,1.0,0.0,0.0,0.0,0.0,0.0,0.0,0.0
5,4,0.0,0.0,0.0,0.0,1.0,0.0,0.0,0.0,0.0,0.0,0.0,0.0
5,4,0.0,0.0,0.0,0.0,1.0,0.0,0.0,0.0,0.0,0.0,0.0,0.0
5,4,0.0,0.0,0.0,0.0,1.0,0.0,0.0,0.0,0.0,0.0,0.0,0.0
5,4,0.0,0.0,0.0,0.0,1.0,0.0,0.0,0.0,0.0,0.0,0.0,0.0
5,4,0.0,0.0,0.0,0.0,1.0,0.0,0.0,0.0,0.0,0.0,0.0,0.0
5,4,0.0,0.0,0.0,0.0,1.0,0.0,0.0,0.0,0.0,0.0,0.0,0.0
5,4,0.0,0.0,0.0,0.0,1.0,0.0,0.0,0.0,0.0,0.0,0.0,0.0
5,4,0.0,0.0,0.0,0.0,1.0,0.0,0.0,0.0,0.0,0.0,0.0,0.0
5,4,0.0,0.0,0.0,0.0,1.0,0.0,0.0,0.0,0.0,0.0,0.0,0.0
5,4,0.0,0.0,0.0,0.0,1.0,0.0,0.0,0.0,0.0,0.0,0.0,0.0
5,4,0.0,0.0,0.0,0.0,1.0,0.0,0.0,0.0,0.0,0.0,0.0,0.0
5,4,0.0,0.0,0.0,0.0,1.0,0.0,0.0,0.0,0.0,0.0,0.0,0.0
5,4,0.0,0.0,0.0,0.0,1.0,0.0,0.0,0.0,0.0,0.0,0.0,0.0
5,4,0.0,0.0,0.0,0.0,1.0,0.0,0.0,0.0,0.0,0.0,0.0,0.0
5,4,0.0,0.0,0.0,0.0,1.0,0.0,0.0,0.0,0.0,0.0,0.0,0.0
5,4,0.0,0.0,0.0,0.0,1.0,0.0,0.0,0.0,0.0,0.0,0.0,0.0
5,4,0.0,0.0,0.0,0.0,1.0,0.0,0.0,0.0,0.0,0.0,0.0,0.0
5,4,0.0,0.0,0.0,0.0,1.0,0.0,0.0,0.0,0.0,0.0,0.0,0.0
5,4,0.0,0.0,0.0,0.0,1.0,0.0,0.0,0.0,0.0,0.0,0.0,0.0
5,4,0.0,0.0,0.0,0.0,1.0,0.0,0.0,0.0,0.0,0.0,0.0,0.0
5,4,0.0,0.0,0.0,0.0,1.0,0.0,0.0,0.0,0.0,0.0,0.0,0.0
5,4,0.0,0.0,0.0,0.0,1.0,0.0,0.0,0.0,0.0,0.0,0.0,0.0
5,4,0.0,0.0,0.0,0.0,1.0,0.0,0.0,0.0,0.0,0.0,0.0,0.0
5,4,0.0,0.0,0.0,0.0,1.0,0.0,0.0,0.0,0.0,0.0,0.0,0.0
5,4,0.0,0.0,0.0,0.0,1.0,0.0,0.0,0.0,0.0,0.0,0.0,0.0
5,4,0.0,0.0,0.0,0.0,1.0,0.0,0.0,0.0,0.0,0.0,0.0,0.0
5,4,0.0,0.0,0.0,0.0,1.0,0.0,0.0,0.0,0.0,0.0,0.0,0.0
5,4,0.0,0.0,0.0,0.0,1.0,0.0,0.0,0.0,0.0,0.0,0.0,0.0
5,4,0.0,0.0,0.0,0.0,1.0,0.0,0.0,0.0,0.0,0.0,0.0,0.0
5,4,0.0,0.0,0.0,0.0,1.0,0.0,0.0,0.0,0.0,0.0,0.0,0.0
5,4,0.0,0.0,0.0,0.0,1.0,0.0,0.0,0.0,0.0,0.0,0.0,0.0
5,4,0.0,0.0,0.0,0.0,1.0,0.0,0.0,0.0,0.0,0.0,0.0,0.0
5,4,0.0,0.0,0.0,0.0,1.0,0.0,0.0,0.0,0.0,0.0,0.0,0.0
5,4,0.0,0.0,0.0,0.0,1.0,0.0,0.0,0.0,0.0,0.0,0.0,0.0
5,4,0.0,0.0,0.0,0.0,1.0,0.0,0.0,0.0,0.0,0.0,0.0,0.0
5,4,0.0,0.0,0.0,0.0,1.0,0.0,0.0,0.0,0.0,0.0,0.0,0.0
5,4,0.0,0.0,0.0,0.0,1.0,0.0,0.0,0.0,0.0,0.0,0.0,0.0
5,4,0.0,0.0,0.0,0.0,1.0,0.0,0.0,0.0,0.0,0.0,0.0,0.0
5,4,0.0,0.0,0.0,0.0,1.0,0.0,0.0,0.0,0.0,0.0,0.0,0.0
5,4,0.0,0.0,0.0,0.0,1.0,0.0,0.0,0.0,0.0,0.0,0.0,0.0
5,4,0.0,0.0,0.0,0.0,1.0,0.0,0.0,0.0,0.0,0.0,0.0,0.0
5,4,0.0,0.0,0.0,0.0,1.0,0.0,0.0,0.0,0.0,0.0,0.0,0.0
5,4,0.0,0.0,0.0,0.0,1.0,0.0,0.0,0.0,0.0,0.0,0.0,0.0
5,4,0.0,0.0,0.0,0.0,1.0,0.0,0.0,0.0,0.0,0.0,0.0,0.0
5,4,0.0,0.0,0.0,0.0,1.0,0.0,0.0,0.0,0.0,0.0,0.0,0.0
5,4,0.0,0.0,0.0,0.0,1.0,0.0,0.0,0.0,0.0,0.0,0.0,0.0
5,4,0.0,0.0,0.0,0.0,1.0,0.0,0.0,0.0,0.0,0.0,0.0,0.0
5,4,0.0,0.0,0.0,0.0,1.0,0.0,0.0,0.0,0.0,0.0,0.0,0.0
5,4,0.0,0.0,0.0,0.0,1.0,0.0,0.0,0.0,0.0,0.0,0.0,0.0
5,4,0.0,0.0,0.0,0.0,1.0,0.0,0.0,0.0,0.0,0.0,0.0,0.0
5,4,0.0,0.0,0.0,0.0,1.0,0.0,0.0,0.0,0.0,0.0,0.0,0.0
5,4,0.0,0.0,0.0,0.0,1.0,0.0,0.0,0.0,0.0,0.0,0.0,0.0
5,4,0.0,0.0,0.0,0.0,1.0,0.0,0.0,0.0,0.0,0.0,0.0,0.0
5,4,0.0,0.0,0.0,0.0,1.0,0.0,0.0,0.0,0.0,0.0,0.0,0.0
5,4,0.0,0.0,0.0,0.0,1.0,0.0,0.0,0.0,0.0,0.0,0.0,0.0
5,4,0.0,0.0,0.0,0.0,1.0,0.0,0.0,0.0,0.0,0.0,0.0,0.0
5,4,0.0,0.0,0.0,0.0,1.0,0.0,0.0,0.0,0.0,0.0,0.0,0.0
5,4,0.0,0.0,0.0,0.0,1.0,0.0,0.0,0.0,0.0,0.0,0.0,0.0
5,4,0.0,0.0,0.0,0.0,1.0,0.0,0.0,0.0,0.0,0.0,0.0,0.0
5,4,0.0,0.0,0.0,0.0,1.0,0.0,0.0,0.0,0.0,0.0,0.0,0.0
5,4,0.0,0.0,0.0,0.0,1.0,0.0,0.0,0.0,0.0,0.0,0.0,0.0
5,4,0.0,0.0,0.0,0.0,1.0,0.0,0.0,0.0,0.0,0.0,0.0,0.0
5,4,0.0,0.0,0.0,0.0,1.0,0.0,0.0,0.0,0.0,0.0,0.0,0.0
5,4,0.0,0.0,0.0,0.0,1.0,0.0,0.0,0.0,0.0,0.0,0.0,0.0
5,4,0.0,0.0,0.0,0.0,1.0,0.0,0.0,0.0,0.0,0.0,0.0,0.0
5,4,0.0,0.0,0.0,0.0,1.0,0.0,0.0,0.0,0.0,0.0,0.0,0.0
5,4,0.0,0.0,0.0,0.0,1.0,0.0,0.0,0.0,0.0,0.0,0.0,0.0
5,4,0.0,0.0,0.0,0.0,1.0,0.0,0.0,0.0,0.0,0.0,0.0,0.0
5,4,0.0,0.0,0.0,0.0,1.0,0.0,0.0,0.0,0.0,0.0,0.0,0.0
5,4,0.0,0.0,0.0,0.0,1.0,0.0,0.0,0.0,0.0,0.0,0.0,0.0
5,4,0.0,0.0,0.0,0.0,0.98632795,0.0,0.0,0.013672048,0.0,0.0,0.0,0.0
5,4,0.0,0.0,0.0,0.0,0.98632795,0.0,0.0,0.013672048,0.0,0.0,0.0,0.0
5,4,0.0,0.0,0.0,0.0,0.98632795,0.0,0.0,0.013672048,0.0,0.0,0.0,0.0
5,4,0.0,0.0,0.0,0.0,0.98632795,0.0,0.0,0.013672048,0.0,0.0,0.0,0.0
5,4,0.0,0.0,0.0,0.0,0.98632795,0.0,0.0,0.013672048,0.0,0.0,0.0,0.0
5,4,0.0,0.0,0.0,0.0,0.98632795,0.0,0.0,0.013672048,0.0,0.0,0.0,0.0
5,4,0.0,0.0,0.0,0.0,0.98632795,0.0,0.0,0.013672048,0.0,0.0,0.0,0.0
5,4,0.0,0.0,0.0,0.0,0.98632795,0.0,0.0,0.013672048,0.0,0.0,0.0,0.0
5,4,0.0,0.0,0.0,0.0,0.98632795,0.0,0.0,0.013672048,0.0,0.0,0.0,0.0
5,4,0.0,0.0,0.0,0.0,0.98632795,0.0,0.0,0.013672048,0.0,0.0,0.0,0.0
5,4,0.0,0.0,0.0,0.0,0.98632795,0.0,0.0,0.013672048,0.0,0.0,0.0,0.0
5,4,0.0,0.0,0.0,0.0,0.98632795,0.0,0.0,0.013672048,0.0,0.0,0.0,0.0
5,4,0.0,0.0,0.0,0.0,0.98632795,0.0,0.0,0.013672048,0.0,0.0,0.0,0.0
5,4,0.0,0.0,0.0,0.0,0.98632795,0.0,0.0,0.013672048,0.0,0.0,0.0,0.0
5,4,0.0,0.0,0.0,0.0,0.98632795,0.0,0.0,0.013672048,0.0,0.0,0.0,0.0
5,4,0.0,0.0,0.0,0.0,0.98632795,0.0,0.0,0.013672048,0.0,0.0,0.0,0.0
5,4,0.0,0.0,0.0,0.0,0.98632795,0.0,0.0,0.013672048,0.0,0.0,0.0,0.0
5,4,0.0,0.0,0.0,0.0,0.98632795,0.0,0.0,0.013672048,0.0,0.0,0.0,0.0
5,4,0.0,0.0,0.0,0.0,0.98632795,0.0,0.0,0.013672048,0.0,0.0,0.0,0.0
5,4,0.0,0.0,0.0,0.0,0.98632795,0.0,0.0,0.013672048,0.0,0.0,0.0,0.0
5,4,0.0,0.0,0.0,0.0,0.98632795,0.0,0.0,0.013672048,0.0,0.0,0.0,0.0
5,4,0.0,0.0,0.0,0.0,0.98632795,0.0,0.0,0.013672048,0.0,0.0,0.0,0.0
5,4,0.0,0.0,0.0,0.0,0.98632795,0.0,0.0,0.013672048,0.0,0.0,0.0,0.0
5,4,0.0,0.0,0.0,0.0,0.98632795,0.0,0.0,0.013672048,0.0,0.0,0.0,0.0
5,4,0.0,0.0,0.0,0.0,0.98632795,0.0,0.0,0.013672048,0.0,0.0,0.0,0.0
5,4,0.0,0.0,0.0,0.0,0.98632795,0.0,0.0,0.013672048,0.0,0.0,0.0,0.0
5,4,0.0,0.0,0.0,0.0,0.98632795,0.0,0.0,0.013672048,0.0,0.0,0.0,0.0
5,4,0.0,0.0,0.0,0.0,0.98632795,0.0,0.0,0.013672048,0.0,0.0,0.0,0.0
5,4,0.0,0.0,0.0,0.0,0.98632795,0.0,0.0,0.013672048,0.0,0.0,0.0,0.0
5,4,0.0,0.0,0.0,0.0,0.98632795,0.0,0.0,0.013672048,0.0,0.0,0.0,0.0
5,4,0.0,0.0,0.0,0.0,0.98632795,0.0,0.0,0.013672048,0.0,0.0,0.0,0.0
5,4,0.0,0.0,0.0,0.0,0.98632795,0.0,0.0,0.013672048,0.0,0.0,0.0,0.0
5,4,0.0,0.0,0.0,0.0,0.98632795,0.0,0.0,0.013672048,0.0,0.0,0.0,0.0
5,4,0.0,0.0,0.0,0.0,0.98632795,0.0,0.0,0.013672048,0.0,0.0,0.0,0.0
5,4,0.0,0.0,0.0,0.0,0.98632795,0.0,0.0,0.013672048,0.0,0.0,0.0,0.0
5,4,0.0,0.0,0.0,0.0,0.98632795,0.0,0.0,0.013672048,0.0,0.0,0.0,0.0
5,4,0.0,0.0,0.0,0.0,0.98632795,0.0,0.0,0.013672048,0.0,0.0,0.0,0.0
5,4,0.0,0.0,0.0,0.0,0.98632795,0.0,0.0,0.013672048,0.0,0.0,0.0,0.0
5,4,0.0,0.0,0.0,0.0,0.98632795,0.0,0.0,0.013672048,0.0,0.0,0.0,0.0
5,4,0.0,0.0,0.0,0.0,0.98632795,0.0,0.0,0.013672048,0.0,0.0,0.0,0.0
5,4,0.0,0.0,0.0,0.0,0.98632795,0.0,0.0,0.013672048,0.0,0.0,0.0,0.0
5,4,0.0,0.0,0.0,0.0,0.98632795,0.0,0.0,0.013672048,0.0,0.0,0.0,0.0
5,4,0.0,0.0,0.0,0.0,0.98632795,0.0,0.0,0.013672048,0.0,0.0,0.0,0.0
5,4,0.0,0.0,0.0,0.0,0.98632795,0.0,0.0,0.013672048,0.0,0.0,0.0,0.0
5,4,0.0,0.0,0.0,0.0,0.98632795,0.0,0.0,0.013672048,0.0,0.0,0.0,0.0
5,4,0.0,0.0,0.0,0.0,0.98632795,0.0,0.0,0.013672048,0.0,0.0,0.0,0.0
5,4,0.0,0.0,0.0,0.0,0.98632795,0.0,0.0,0.013672048,0.0,0.0,0.0,0.0
5,4,0.0,0.0,0.0,0.0,0.98632795,0.0,0.0,0.013672048,0.0,0.0,0.0,0.0
5,4,0.0,0.0,0.0,0.0,0.98632795,0.0,0.0,0.013672048,0.0,0.0,0.0,0.0
5,4,0.0,0.0,0.0,0.0,0.98632795,0.0,0.0,0.013672048,0.0,0.0,0.0,0.0
5,4,0.0,0.0,0.0,0.0,0.98632795,0.0,0.0,0.013672048,0.0,0.0,0.0,0.0
5,4,0.0,0.0,0.0,0.0,0.98632795,0.0,0.0,0.013672048,0.0,0.0,0.0,0.0
5,4,0.0,0.0,0.0,0.0,0.98632795,0.0,0.0,0.013672048,0.0,0.0,0.0,0.0
5,4,0.0,0.0,0.0,0.0,0.98632795,0.0,0.0,0.013672048,0.0,0.0,0.0,0.0
5,4,0.0,0.0,0.0,0.0,0.98632795,0.0,0.0,0.013672048,0.0,0.0,0.0,0.0
5,4,0.0,0.0,0.0,0.0,0.98632795,0.0,0.0,0.013672048,0.0,0.0,0.0,0.0
5,4,0.0,0.0,0.0,0.0,0.98632795,0.0,0.0,0.013672048,0.0,0.0,0.0,0.0
5,4,0.0,0.0,0.0,0.0,0.98632795,0.0,0.0,0.013672048,0.0,0.0,0.0,0.0
5,4,0.0,0.0,0.0,0.0,0.98632795,0.0,0.0,0.013672048,0.0,0.0,0.0,0.0
5,4,0.0,0.0,0.0,0.0,0.98632795,0.0,0.0,0.013672048,0.0,0.0,0.0,0.0
5,4,0.0,0.0,0.0,0.0,0.98632795,0.0,0.0,0.013672048,0.0,0.0,0.0,0.0
5,4,0.0,0.0,0.0,0.0,0.98632795,0.0,0.0,0.013672048,0.0,0.0,0.0,0.0
5,4,0.0,0.0,0.0,0.0,0.98632795,0.0,0.0,0.013672048,0.0,0.0,0.0,0.0
5,4,0.0,0.0,0.0,0.0,0.98632795,0.0,0.0,0.013672048,0.0,0.0,0.0,0.0
5,4,0.0,0.0,0.0,0.0,0.98632795,0.0,0.0,0.013672048,0.0,0.0,0.0,0.0
5,4,0.0,0.0,0.0,0.0,0.98632795,0.0,0.0,0.013672048,0.0,0.0,0.0,0.0
5,4,0.0,0.0,0.0,0.0,0.98632795,0.0,0.0,0.013672048,0.0,0.0,0.0,0.0
5,4,0.0,0.0,0.0,0.0,0.98632795,0.0,0.0,0.013672048,0.0,0.0,0.0,0.0
5,4,0.0,0.0,0.0,0.0,0.98632795,0.0,0.0,0.013672048,0.0,0.0,0.0,0.0
5,4,0.0,0.0,0.0,0.0,0.98632795,0.0,0.0,0.013672048,0.0,0.0,0.0,0.0
5,4,0.0,0.0,0.0,0.0,0.98632795,0.0,0.0,0.013672048,0.0,0.0,0.0,0.0
5,4,0.0,0.0,0.0,0.0,0.98632795,0.0,0.0,0.013672048,0.0,0.0,0.0,0.0
5,4,0.0,0.0,0.0,0.0,0.98632795,0.0,0.0,0.013672048,0.0,0.0,0.0,0.0
5,4,0.0,0.0,0.0,0.0,0.98632795,0.0,0.0,0.013672048,0.0,0.0,0.0,0.0
5,4,0.0,0.0,0.0,0.0,0.98632795,0.0,0.0,0.013672048,0.0,0.0,0.0,0.0
5,4,0.0,0.0,0.0,0.0,0.98632795,0.0,0.0,0.013672048,0.0,0.0,0.0,0.0
5,4,0.0,0.0,0.0,0.0,0.98632795,0.0,0.0,0.013672048,0.0,0.0,0.0,0.0
5,4,0.0,0.0,0.0,0.0,0.98632795,0.0,0.0,0.013672048,0.0,0.0,0.0,0.0
5,4,0.0,0.0,0.0,0.0,0.98632795,0.0,0.0,0.013672048,0.0,0.0,0.0,0.0
5,4,0.0,0.0,0.0,0.0,0.98632795,0.0,0.0,0.013672048,0.0,0.0,0.0,0.0
5,4,0.0,0.0,0.0,0.0,0.98632795,0.0,0.0,0.013672048,0.0,0.0,0.0,0.0
5,4,0.0,0.0,0.0,0.0,0.98632795,0.0,0.0,0.013672048,0.0,0.0,0.0,0.0
5,4,0.0,0.0,0.0,0.0,0.98632795,0.0,0.0,0.013672048,0.0,0.0,0.0,0.0
5,4,0.0,0.0,0.0,0.0,0.98632795,0.0,0.0,0.013672048,0.0,0.0,0.0,0.0
5,4,0.0,0.0,0.0,0.0,0.98632795,0.0,0.0,0.013672048,0.0,0.0,0.0,0.0
5,4,0.0,0.0,0.0,0.0,0.98632795,0.0,0.0,0.013672048,0.0,0.0,0.0,0.0
5,4,0.0,0.0,0.0,0.0,0.98632795,0.0,0.0,0.013672048,0.0,0.0,0.0,0.0
5,4,0.0,0.0,0.0,0.0,0.98632795,0.0,0.0,0.013672048,0.0,0.0,0.0,0.0
5,4,0.0,0.0,0.0,0.0,0.98632795,0.0,0.0,0.013672048,0.0,0.0,0.0,0.0
5,4,0.0,0.0,0.0,0.0,0.98632795,0.0,0.0,0.013672048,0.0,0.0,0.0,0.0
5,4,0.0,0.0,0.0,0.0,0.98632795,0.0,0.0,0.013672048,0.0,0.0,0.0,0.0
5,4,0.0,0.0,0.0,0.0,0.98632795,0.0,0.0,0.013672048,0.0,0.0,0.0,0.0
5,4,0.0,0.0,0.0,0.0,0.98632795,0.0,0.0,0.013672048,0.0,0.0,0.0,0.0
5,4,0.0,0.0,0.0,0.0,0.98632795,0.0,0.0,0.013672048,0.0,0.0,0.0,0.0
5,4,0.0,0.0,0.0,0.0,0.98632795,0.0,0.0,0.013672048,0.0,0.0,0.0,0.0
5,4,0.0,0.0,0.0,0.0,0.98632795,0.0,0.0,0.013672048,0.0,0.0,0.0,0.0
5,4,0.0,0.0,0.0,0.0,0.98632795,0.0,0.0,0.013672048,0.0,0.0,0.0,0.0
5,4,0.0,0.0,0.0,0.0,0.98632795,0.0,0.0,0.013672048,0.0,0.0,0.0,0.0
5,4,0.0,0.0,0.0,0.0,0.98632795,0.0,0.0,0.013672048,0.0,0.0,0.0,0.0
5,4,0.0,0.0,0.0,0.0,0.98632795,0.0,0.0,0.013672048,0.0,0.0,0.0,0.0
5,4,0.0,0.0,0.0,0.0,0.98632795,0.0,0.0,0.013672048,0.0,0.0,0.0,0.0
5,4,0.0,0.0,0.0,0.0,0.98632795,0.0,0.0,0.013672048,0.0,0.0,0.0,0.0
5,4,0.0,0.0,0.0,0.0,0.98632795,0.0,0.0,0.013672048,0.0,0.0,0.0,0.0
5,4,0.0,0.0,0.0,0.0,0.98632795,0.0,0.0,0.013672048,0.0,0.0,0.0,0.0
5,4,0.0,0.0,0.0,0.0,0.98632795,0.0,0.0,0.013672048,0.0,0.0,0.0,0.0
5,4,0.0,0.0,0.0,0.0,0.98632795,0.0,0.0,0.013672048,0.0,0.0,0.0,0.0
5,4,0.0,0.0,0.0,0.0,0.98632795,0.0,0.0,0.013672048,0.0,0.0,0.0,0.0
5,4,0.0,0.0,0.0,0.0,0.98632795,0.0,0.0,0.013672048,0.0,0.0,0.0,0.0
5,4,0.0,0.0,0.0,0.0,0.98632795,0.0,0.0,0.013672048,0.0,0.0,0.0,0.0
5,4,0.0,0.0,0.0,0.0,0.98632795,0.0,0.0,0.013672048,0.0,0.0,0.0,0.0
5,4,0.0,0.0,0.0,0.0,0.98632795,0.0,0.0,0.013672048,0.0,0.0,0.0,0.0
5,4,0.0,0.0,0.0,0.0,0.98632795,0.0,0.0,0.013672048,0.0,0.0,0.0,0.0
5,4,0.0,0.0,0.0,0.0,0.98632795,0.0,0.0,0.013672048,0.0,0.0,0.0,0.0
5,4,0.0,0.0,0.0,0.0,0.98632795,0.0,0.0,0.013672048,0.0,0.0,0.0,0.0
5,4,0.0,0.0,0.0,0.0,0.98632795,0.0,0.0,0.013672048,0.0,0.0,0.0,0.0
5,4,0.0,0.0,0.0,0.0,0.98632795,0.0,0.0,0.013672048,0.0,0.0,0.0,0.0
5,4,0.0,0.0,0.0,0.0,0.98632795,0.0,0.0,0.013672048,0.0,0.0,0.0,0.0
5,4,0.0,0.0,0.0,0.0,0.98632795,0.0,0.0,0.013672048,0.0,0.0,0.0,0.0
5,4,0.0,0.0,0.0,0.0,0.98632795,0.0,0.0,0.013672048,0.0,0.0,0.0,0.0
5,4,0.0,0.0,0.0,0.0,0.98632795,0.0,0.0,0.013672048,0.0,0.0,0.0,0.0
5,4,0.0,0.0,0.0,0.0,0.98632795,0.0,0.0,0.013672048,0.0,0.0,0.0,0.0
5,4,0.0,0.0,0.0,0.0,0.98632795,0.0,0.0,0.013672048,0.0,0.0,0.0,0.0
5,4,0.0,0.0,0.0,0.0,0.98632795,0.0,0.0,0.013672048,0.0,0.0,0.0,0.0
5,4,0.0,0.0,0.0,0.0,0.98632795,0.0,0.0,0.013672048,0.0,0.0,0.0,0.0
5,4,0.0,0.0,0.0,0.0,0.98632795,0.0,0.0,0.013672048,0.0,0.0,0.0,0.0
5,4,0.0,0.0,0.0,0.0,0.98632795,0.0,0.0,0.013672048,0.0,0.0,0.0,0.0
5,4,0.0,0.0,0.0,0.0,0.98632795,0.0,0.0,0.013672048,0.0,0.0,0.0,0.0
5,4,0.0,0.0,0.0,0.0,0.98632795,0.0,0.0,0.013672048,0.0,0.0,0.0,0.0
5,4,0.0,0.0,0.0,0.0,0.98632795,0.0,0.0,0.013672048,0.0,0.0,0.0,0.0
5,4,0.0,0.0,0.0,0.0,0.98632795,0.0,0.0,0.013672048,0.0,0.0,0.0,0.0
5,4,0.0,0.0,0.0,0.0,0.98632795,0.0,0.0,0.013672048,0.0,0.0,0.0,0.0
5,4,0.0,0.0,0.0,0.0,0.98632795,0.0,0.0,0.013672048,0.0,0.0,0.0,0.0
5,4,0.0,0.0,0.0,0.0,0.98632795,0.0,0.0,0.013672048,0.0,0.0,0.0,0.0
5,4,0.0,0.0,0.0,0.0,0.98632795,0.0,0.0,0.013672048,0.0,0.0,0.0,0.0
5,4,0.0,0.0,0.0,0.0,0.98632795,0.0,0.0,0.013672048,0.0,0.0,0.0,0.0
5,4,0.0,0.0,0.0,0.0,0.98632795,0.0,0.0,0.013672048,0.0,0.0,0.0,0.0
5,4,0.0,0.0,0.0,0.0,1.0,0.0,0.0,0.0,0.0,0.0,0.0,0.0
5,4,0.0,0.0,0.0,0.0,1.0,0.0,0.0,0.0,0.0,0.0,0.0,0.0
5,4,0.0,0.0,0.0,0.0,1.0,0.0,0.0,0.0,0.0,0.0,0.0,0.0
5,4,0.0,0.0,0.0,0.0,1.0,0.0,0.0,0.0,0.0,0.0,0.0,0.0
5,4,0.0,0.0,0.0,0.0,1.0,0.0,0.0,0.0,0.0,0.0,0.0,0.0
5,4,0.0,0.0,0.0,0.0,1.0,0.0,0.0,0.0,0.0,0.0,0.0,0.0
5,4,0.0,0.0,0.0,0.0,1.0,0.0,0.0,0.0,0.0,0.0,0.0,0.0
5,4,0.0,0.0,0.0,0.0,1.0,0.0,0.0,0.0,0.0,0.0,0.0,0.0
5,4,0.0,0.0,0.0,0.0,1.0,0.0,0.0,0.0,0.0,0.0,0.0,0.0
5,4,0.0,0.0,0.0,0.0,1.0,0.0,0.0,0.0,0.0,0.0,0.0,0.0
5,4,0.0,0.0,0.0,0.0,1.0,0.0,0.0,0.0,0.0,0.0,0.0,0.0
5,4,0.0,0.0,0.0,0.0,1.0,0.0,0.0,0.0,0.0,0.0,0.0,0.0
5,4,0.0,0.0,0.0,0.0,1.0,0.0,0.0,0.0,0.0,0.0,0.0,0.0
5,4,0.0,0.0,0.0,0.0,1.0,0.0,0.0,0.0,0.0,0.0,0.0,0.0
5,4,0.0,0.0,0.0,0.0,1.0,0.0,0.0,0.0,0.0,0.0,0.0,0.0
5,4,0.0,0.0,0.0,0.0,1.0,0.0,0.0,0.0,0.0,0.0,0.0,0.0
5,4,0.0,0.0,0.0,0.0,1.0,0.0,0.0,0.0,0.0,0.0,0.0,0.0
5,4,0.0,0.0,0.0,0.0,1.0,0.0,0.0,0.0,0.0,0.0,0.0,0.0
5,4,0.0,0.0,0.0,0.0,1.0,0.0,0.0,0.0,0.0,0.0,0.0,0.0
5,4,0.0,0.0,0.0,0.0,1.0,0.0,0.0,0.0,0.0,0.0,0.0,0.0
5,4,0.0,0.0,0.0,0.0,1.0,0.0,0.0,0.0,0.0,0.0,0.0,0.0
5,4,0.0,0.0,0.0,0.0,1.0,0.0,0.0,0.0,0.0,0.0,0.0,0.0
5,4,0.0,0.0,0.0,0.0,1.0,0.0,0.0,0.0,0.0,0.0,0.0,0.0
5,4,0.0,0.0,0.0,0.0,1.0,0.0,0.0,0.0,0.0,0.0,0.0,0.0
5,4,0.0,0.0,0.0,0.0,1.0,0.0,0.0,0.0,0.0,0.0,0.0,0.0
5,4,0.0,0.0,0.0,0.0,1.0,0.0,0.0,0.0,0.0,0.0,0.0,0.0
5,4,0.0,0.0,0.0,0.0,1.0,0.0,0.0,0.0,0.0,0.0,0.0,0.0
5,4,0.0,0.0,0.0,0.0,1.0,0.0,0.0,0.0,0.0,0.0,0.0,0.0
5,4,0.0,0.0,0.0,0.0,1.0,0.0,0.0,0.0,0.0,0.0,0.0,0.0
5,4,0.0,0.0,0.0,0.0,1.0,0.0,0.0,0.0,0.0,0.0,0.0,0.0
5,4,0.0,0.0,0.0,0.0,1.0,0.0,0.0,0.0,0.0,0.0,0.0,0.0
5,4,0.0,0.0,0.0,0.0,1.0,0.0,0.0,0.0,0.0,0.0,0.0,0.0
5,4,0.0,0.0,0.0,0.0,1.0,0.0,0.0,0.0,0.0,0.0,0.0,0.0
5,4,0.0,0.0,0.0,0.0,1.0,0.0,0.0,0.0,0.0,0.0,0.0,0.0
5,4,0.0,0.0,0.0,0.0,1.0,0.0,0.0,0.0,0.0,0.0,0.0,0.0
5,4,0.0,0.0,0.0,0.0,1.0,0.0,0.0,0.0,0.0,0.0,0.0,0.0
5,4,0.0,0.0,0.0,0.0,1.0,0.0,0.0,0.0,0.0,0.0,0.0,0.0
5,4,0.0,0.0,0.0,0.0,1.0,0.0,0.0,0.0,0.0,0.0,0.0,0.0
5,4,0.0,0.0,0.0,0.0,1.0,0.0,0.0,0.0,0.0,0.0,0.0,0.0
5,4,0.0,0.0,0.0,0.0,1.0,0.0,0.0,0.0,0.0,0.0,0.0,0.0
5,4,0.0,0.0,0.0,0.0,1.0,0.0,0.0,0.0,0.0,0.0,0.0,0.0
5,4,0.0,0.0,0.0,0.0,1.0,0.0,0.0,0.0,0.0,0.0,0.0,0.0
5,4,0.0,0.0,0.0,0.0,1.0,0.0,0.0,0.0,0.0,0.0,0.0,0.0
5,4,0.0,0.0,0.0,0.0,1.0,0.0,0.0,0.0,0.0,0.0,0.0,0.0
5,4,0.0,0.0,0.0,0.0,1.0,0.0,0.0,0.0,0.0,0.0,0.0,0.0
5,4,0.0,0.0,0.0,0.0,1.0,0.0,0.0,0.0,0.0,0.0,0.0,0.0
5,4,0.0,0.0,0.0,0.0,1.0,0.0,0.0,0.0,0.0,0.0,0.0,0.0
5,4,0.0,0.0,0.0,0.0,1.0,0.0,0.0,0.0,0.0,0.0,0.0,0.0
5,4,0.0,0.0,0.0,0.0,1.0,0.0,0.0,0.0,0.0,0.0,0.0,0.0
5,4,0.0,0.0,0.0,0.0,1.0,0.0,0.0,0.0,0.0,0.0,0.0,0.0
5,4,0.0,0.0,0.0,0.0,1.0,0.0,0.0,0.0,0.0,0.0,0.0,0.0
5,4,0.0,0.0,0.0,0.0,1.0,0.0,0.0,0.0,0.0,0.0,0.0,0.0
5,4,0.0,0.0,0.0,0.0,1.0,0.0,0.0,0.0,0.0,0.0,0.0,0.0
5,4,0.0,0.0,0.0,0.0,1.0,0.0,0.0,0.0,0.0,0.0,0.0,0.0
5,4,0.0,0.0,0.0,0.0,1.0,0.0,0.0,0.0,0.0,0.0,0.0,0.0
5,4,0.0,0.0,0.0,0.0,1.0,0.0,0.0,0.0,0.0,0.0,0.0,0.0
5,4,0.0,0.0,0.0,0.0,1.0,0.0,0.0,0.0,0.0,0.0,0.0,0.0
5,4,0.0,0.0,0.0,0.0,1.0,0.0,0.0,0.0,0.0,0.0,0.0,0.0
5,4,0.0,0.0,0.0,0.0,1.0,0.0,0.0,0.0,0.0,0.0,0.0,0.0
5,4,0.0,0.0,0.0,0.0,1.0,0.0,0.0,0.0,0.0,0.0,0.0,0.0
5,4,0.0,0.0,0.0,0.0,1.0,0.0,0.0,0.0,0.0,0.0,0.0,0.0
5,4,0.0,0.0,0.0,0.0,1.0,0.0,0.0,0.0,0.0,0.0,0.0,0.0
5,4,0.0,0.0,0.0,0.0,1.0,0.0,0.0,0.0,0.0,0.0,0.0,0.0
5,4,0.0,0.0,0.0,0.0,1.0,0.0,0.0,0.0,0.0,0.0,0.0,0.0
5,4,0.0,0.0,0.0,0.0,1.0,0.0,0.0,0.0,0.0,0.0,0.0,0.0
5,4,0.0,0.0,0.0,0.0,1.0,0.0,0.0,0.0,0.0,0.0,0.0,0.0
5,4,0.0,0.0,0.0,0.0,1.0,0.0,0.0,0.0,0.0,0.0,0.0,0.0
5,4,0.0,0.0,0.0,0.0,1.0,0.0,0.0,0.0,0.0,0.0,0.0,0.0
5,4,0.0,0.0,0.0,0.0,1.0,0.0,0.0,0.0,0.0,0.0,0.0,0.0
5,4,0.0,0.0,0.0,0.0,1.0,0.0,0.0,0.0,0.0,0.0,0.0,0.0
5,4,0.0,0.0,0.0,0.0,1.0,0.0,0.0,0.0,0.0,0.0,0.0,0.0
5,4,0.0,0.0,0.0,0.0,1.0,0.0,0.0,0.0,0.0,0.0,0.0,0.0
5,4,0.0,0.0,0.0,0.0,1.0,0.0,0.0,0.0,0.0,0.0,0.0,0.0
5,4,0.0,0.0,0.0,0.0,1.0,0.0,0.0,0.0,0.0,0.0,0.0,0.0
5,4,0.0,0.0,0.0,0.0,1.0,0.0,0.0,0.0,0.0,0.0,0.0,0.0
5,4,0.0,0.0,0.0,0.0,1.0,0.0,0.0,0.0,0.0,0.0,0.0,0.0
5,4,0.0,0.0,0.0,0.0,1.0,0.0,0.0,0.0,0.0,0.0,0.0,0.0
5,4,0.0,0.0,0.0,0.0,1.0,0.0,0.0,0.0,0.0,0.0,0.0,0.0
5,4,0.0,0.0,0.0,0.0,1.0,0.0,0.0,0.0,0.0,0.0,0.0,0.0
5,4,0.0,0.0,0.0,0.0,1.0,0.0,0.0,0.0,0.0,0.0,0.0,0.0
5,4,0.0,0.0,0.0,0.0,1.0,0.0,0.0,0.0,0.0,0.0,0.0,0.0
5,4,0.0,0.0,0.0,0.0,1.0,0.0,0.0,0.0,0.0,0.0,0.0,0.0
5,4,0.0,0.0,0.0,0.0,1.0,0.0,0.0,0.0,0.0,0.0,0.0,0.0
5,4,0.0,0.0,0.0,0.0,1.0,0.0,0.0,0.0,0.0,0.0,0.0,0.0
5,4,0.0,0.0,0.0,0.0,1.0,0.0,0.0,0.0,0.0,0.0,0.0,0.0
5,4,0.0,0.0,0.0,0.0,1.0,0.0,0.0,0.0,0.0,0.0,0.0,0.0
5,4,0.0,0.0,0.0,0.0,1.0,0.0,0.0,0.0,0.0,0.0,0.0,0.0
5,4,0.0,0.0,0.0,0.0,1.0,0.0,0.0,0.0,0.0,0.0,0.0,0.0
5,4,0.0,0.0,0.0,0.0,1.0,0.0,0.0,0.0,0.0,0.0,0.0,0.0
5,4,0.0,0.0,0.0,0.0,1.0,0.0,0.0,0.0,0.0,0.0,0.0,0.0
5,4,0.0,0.0,0.0,0.0,1.0,0.0,0.0,0.0,0.0,0.0,0.0,0.0
5,4,0.0,0.0,0.0,0.0,1.0,0.0,0.0,0.0,0.0,0.0,0.0,0.0
5,4,0.0,0.0,0.0,0.0,1.0,0.0,0.0,0.0,0.0,0.0,0.0,0.0
5,4,0.0,0.0,0.0,0.0,1.0,0.0,0.0,0.0,0.0,0.0,0.0,0.0
5,4,0.0,0.0,0.0,0.0,1.0,0.0,0.0,0.0,0.0,0.0,0.0,0.0
5,4,0.0,0.0,0.0,0.0,1.0,0.0,0.0,0.0,0.0,0.0,0.0,0.0
5,4,0.0,0.0,0.0,0.0,1.0,0.0,0.0,0.0,0.0,0.0,0.0,0.0
5,4,0.0,0.0,0.0,0.0,1.0,0.0,0.0,0.0,0.0,0.0,0.0,0.0
5,4,0.0,0.0,0.0,0.0,1.0,0.0,0.0,0.0,0.0,0.0,0.0,0.0
5,4,0.0,0.0,0.0,0.0,1.0,0.0,0.0,0.0,0.0,0.0,0.0,0.0
5,4,0.0,0.0,0.0,0.0,1.0,0.0,0.0,0.0,0.0,0.0,0.0,0.0
5,4,0.0,0.0,0.0,0.0,1.0,0.0,0.0,0.0,0.0,0.0,0.0,0.0
5,4,0.0,0.0,0.0,0.0,1.0,0.0,0.0,0.0,0.0,0.0,0.0,0.0
5,4,0.0,0.0,0.0,0.0,1.0,0.0,0.0,0.0,0.0,0.0,0.0,0.0
5,4,0.0,0.0,0.0,0.0,1.0,0.0,0.0,0.0,0.0,0.0,0.0,0.0
5,4,0.0,0.0,0.0,0.0,1.0,0.0,0.0,0.0,0.0,0.0,0.0,0.0
5,4,0.0,0.0,0.0,0.0,1.0,0.0,0.0,0.0,0.0,0.0,0.0,0.0
5,4,0.0,0.0,0.0,0.0,1.0,0.0,0.0,0.0,0.0,0.0,0.0,0.0
5,4,0.0,0.0,0.0,0.0,1.0,0.0,0.0,0.0,0.0,0.0,0.0,0.0
5,4,0.0,0.0,0.0,0.0,1.0,0.0,0.0,0.0,0.0,0.0,0.0,0.0
5,4,0.0,0.0,0.0,0.0,1.0,0.0,0.0,0.0,0.0,0.0,0.0,0.0
5,4,0.0,0.0,0.0,0.0,1.0,0.0,0.0,0.0,0.0,0.0,0.0,0.0
5,4,0.0,0.0,0.0,0.0,1.0,0.0,0.0,0.0,0.0,0.0,0.0,0.0
5,4,0.0,0.0,0.0,0.0,1.0,0.0,0.0,0.0,0.0,0.0,0.0,0.0
5,4,0.0,0.0,0.0,0.0,1.0,0.0,0.0,0.0,0.0,0.0,0.0,0.0
5,4,0.0,0.0,0.0,0.0,1.0,0.0,0.0,0.0,0.0,0.0,0.0,0.0
5,4,0.0,0.0,0.0,0.0,1.0,0.0,0.0,0.0,0.0,0.0,0.0,0.0
5,4,0.0,0.0,0.0,0.0,1.0,0.0,0.0,0.0,0.0,0.0,0.0,0.0
5,4,0.0,0.0,0.0,0.0,1.0,0.0,0.0,0.0,0.0,0.0,0.0,0.0
5,4,0.0,0.0,0.0,0.0,1.0,0.0,0.0,0.0,0.0,0.0,0.0,0.0
5,4,0.0,0.0,0.0,0.0,1.0,0.0,0.0,0.0,0.0,0.0,0.0,0.0
5,4,0.0,0.0,0.0,0.0,1.0,0.0,0.0,0.0,0.0,0.0,0.0,0.0
5,4,0.0,0.0,0.0,0.0,1.0,0.0,0.0,0.0,0.0,0.0,0.0,0.0
5,4,0.0,0.0,0.0,0.0,1.0,0.0,0.0,0.0,0.0,0.0,0.0,0.0
5,4,0.0,0.0,0.0,0.0,1.0,0.0,0.0,0.0,0.0,0.0,0.0,0.0
5,4,0.0,0.0,0.0,0.0,1.0,0.0,0.0,0.0,0.0,0.0,0.0,0.0
5,4,0.0,0.0,0.0,0.0,1.0,0.0,0.0,0.0,0.0,0.0,0.0,0.0
5,4,0.0,0.0,0.0,0.0,1.0,0.0,0.0,0.0,0.0,0.0,0.0,0.0
5,4,0.0,0.0,0.0,0.0,1.0,0.0,0.0,0.0,0.0,0.0,0.0,0.0
5,4,0.0,0.0,0.0,0.0,1.0,0.0,0.0,0.0,0.0,0.0,0.0,0.0
5,4,0.0,0.0,0.0,0.0,1.0,0.0,0.0,0.0,0.0,0.0,0.0,0.0
5,4,0.0,0.0,0.0,0.0,1.0,0.0,0.0,0.0,0.0,0.0,0.0,0.0
5,4,0.0,0.0,0.0,0.0,1.0,0.0,0.0,0.0,0.0,0.0,0.0,0.0
5,4,0.0,0.0,0.0,0.0,1.0,0.0,0.0,0.0,0.0,0.0,0.0,0.0
5,4,0.0,0.0,0.0,0.0,1.0,0.0,0.0,0.0,0.0,0.0,0.0,0.0
5,4,0.0,0.0,0.0,0.0,1.0,0.0,0.0,0.0,0.0,0.0,0.0,0.0
5,4,0.0,0.0,0.0,0.0,1.0,0.0,0.0,0.0,0.0,0.0,0.0,0.0
5,4,0.0,0.0,0.0,0.0,1.0,0.0,0.0,0.0,0.0,0.0,0.0,0.0
5,4,0.0,0.0,0.0,0.0,1.0,0.0,0.0,0.0,0.0,0.0,0.0,0.0
5,4,0.0,0.0,0.0,0.0,1.0,0.0,0.0,0.0,0.0,0.0,0.0,0.0
5,4,0.0,0.0,0.0,0.0,1.0,0.0,0.0,0.0,0.0,0.0,0.0,0.0
5,4,0.0,0.0,0.0,0.0,1.0,0.0,0.0,0.0,0.0,0.0,0.0,0.0
5,4,0.0,0.0,0.0,0.0,1.0,0.0,0.0,0.0,0.0,0.0,0.0,0.0
5,4,0.0,0.0,0.0,0.0,1.0,0.0,0.0,0.0,0.0,0.0,0.0,0.0
5,4,0.0,0.0,0.0,0.0,1.0,0.0,0.0,0.0,0.0,0.0,0.0,0.0
5,4,0.0,0.0,0.0,0.0,1.0,0.0,0.0,0.0,0.0,0.0,0.0,0.0
5,4,0.0,0.0,0.0,0.0,1.0,0.0,0.0,0.0,0.0,0.0,0.0,0.0
5,4,0.0,0.0,0.0,0.0,1.0,0.0,0.0,0.0,0.0,0.0,0.0,0.0
5,4,0.0,0.0,0.0,0.0,1.0,0.0,0.0,0.0,0.0,0.0,0.0,0.0
5,4,0.0,0.0,0.0,0.0,1.0,0.0,0.0,0.0,0.0,0.0,0.0,0.0
5,4,0.0,0.0,0.0,0.0,1.0,0.0,0.0,0.0,0.0,0.0,0.0,0.0
5,4,0.0,0.0,0.0,0.0,1.0,0.0,0.0,0.0,0.0,0.0,0.0,0.0
5,4,0.0,0.0,0.0,0.0,1.0,0.0,0.0,0.0,0.0,0.0,0.0,0.0
5,4,0.0,0.0,0.0,0.0,1.0,0.0,0.0,0.0,0.0,0.0,0.0,0.0
5,4,0.0,0.0,0.0,0.0,1.0,0.0,0.0,0.0,0.0,0.0,0.0,0.0
5,4,0.0,0.0,0.0,0.0,1.0,0.0,0.0,0.0,0.0,0.0,0.0,0.0
5,4,0.0,0.0,0.0,0.0,1.0,0.0,0.0,0.0,0.0,0.0,0.0,0.0
5,4,0.0,0.0,0.0,0.0,1.0,0.0,0.0,0.0,0.0,0.0,0.0,0.0
5,4,0.0,0.0,0.0,0.0,1.0,0.0,0.0,0.0,0.0,0.0,0.0,0.0
5,4,0.0,0.0,0.0,0.0,1.0,0.0,0.0,0.0,0.0,0.0,0.0,0.0
5,4,0.0,0.0,0.0,0.0,1.0,0.0,0.0,0.0,0.0,0.0,0.0,0.0
5,4,0.0,0.0,0.0,0.0,1.0,0.0,0.0,0.0,0.0,0.0,0.0,0.0
5,4,0.0,0.0,0.0,0.0,1.0,0.0,0.0,0.0,0.0,0.0,0.0,0.0
5,4,0.0,0.0,0.0,0.0,1.0,0.0,0.0,0.0,0.0,0.0,0.0,0.0
5,4,0.0,0.0,0.0,0.0,1.0,0.0,0.0,0.0,0.0,0.0,0.0,0.0
5,4,0.0,0.0,0.0,0.0,1.0,0.0,0.0,0.0,0.0,0.0,0.0,0.0
5,4,0.0,0.0,0.0,0.0,1.0,0.0,0.0,0.0,0.0,0.0,0.0,0.0
5,4,0.0,0.0,0.0,0.0,1.0,0.0,0.0,0.0,0.0,0.0,0.0,0.0
5,4,0.0,0.0,0.0,0.0,1.0,0.0,0.0,0.0,0.0,0.0,0.0,0.0
5,4,0.0,0.0,0.0,0.0,1.0,0.0,0.0,0.0,0.0,0.0,0.0,0.0
5,4,0.0,0.0,0.0,0.0,1.0,0.0,0.0,0.0,0.0,0.0,0.0,0.0
5,4,0.0,0.0,0.0,0.0,1.0,0.0,0.0,0.0,0.0,0.0,0.0,0.0
5,4,0.0,0.0,0.0,0.0,1.0,0.0,0.0,0.0,0.0,0.0,0.0,0.0
5,4,0.0,0.0,0.0,0.0,1.0,0.0,0.0,0.0,0.0,0.0,0.0,0.0
5,4,0.0,0.0,0.0,0.0,1.0,0.0,0.0,0.0,0.0,0.0,0.0,0.0
5,4,0.0,0.0,0.0,0.0,1.0,0.0,0.0,0.0,0.0,0.0,0.0,0.0
5,4,0.0,0.0,0.0,0.0,1.0,0.0,0.0,0.0,0.0,0.0,0.0,0.0
5,4,0.0,0.0,0.0,0.0,1.0,0.0,0.0,0.0,0.0,0.0,0.0,0.0
5,4,0.0,0.0,0.0,0.0,1.0,0.0,0.0,0.0,0.0,0.0,0.0,0.0
5,4,0.0,0.0,0.0,0.0,1.0,0.0,0.0,0.0,0.0,0.0,0.0,0.0
5,4,0.0,0.0,0.0,0.0,1.0,0.0,0.0,0.0,0.0,0.0,0.0,0.0
5,4,0.0,0.0,0.0,0.0,1.0,0.0,0.0,0.0,0.0,0.0,0.0,0.0
5,4,0.0,0.0,0.0,0.0,1.0,0.0,0.0,0.0,0.0,0.0,0.0,0.0
5,4,0.0,0.0,0.0,0.0,1.0,0.0,0.0,0.0,0.0,0.0,0.0,0.0
5,4,0.0,0.0,0.0,0.0,1.0,0.0,0.0,0.0,0.0,0.0,0.0,0.0
5,4,0.0,0.0,0.0,0.0,1.0,0.0,0.0,0.0,0.0,0.0,0.0,0.0
5,4,0.0,0.0,0.0,0.0,1.0,0.0,0.0,0.0,0.0,0.0,0.0,0.0
5,4,0.0,0.0,0.0,0.0,1.0,0.0,0.0,0.0,0.0,0.0,0.0,0.0
5,4,0.0,0.0,0.0,0.0,1.0,0.0,0.0,0.0,0.0,0.0,0.0,0.0
5,4,0.0,0.0,0.0,0.0,1.0,0.0,0.0,0.0,0.0,0.0,0.0,0.0
5,4,0.0,0.0,0.0,0.0,1.0,0.0,0.0,0.0,0.0,0.0,0.0,0.0
5,4,0.0,0.0,0.0,0.0,1.0,0.0,0.0,0.0,0.0,0.0,0.0,0.0
5,4,0.0,0.0,0.0,0.0,1.0,0.0,0.0,0.0,0.0,0.0,0.0,0.0
5,4,0.0,0.0,0.0,0.0,1.0,0.0,0.0,0.0,0.0,0.0,0.0,0.0
5,4,0.0,0.0,0.0,0.0,1.0,0.0,0.0,0.0,0.0,0.0,0.0,0.0
5,4,0.0,0.0,0.0,0.0,1.0,0.0,0.0,0.0,0.0,0.0,0.0,0.0
5,4,0.0,0.0,0.0,0.0,1.0,0.0,0.0,0.0,0.0,0.0,0.0,0.0
5,4,0.0,0.0,0.0,0.0,1.0,0.0,0.0,0.0,0.0,0.0,0.0,0.0
5,4,0.0,0.0,0.0,0.0,1.0,0.0,0.0,0.0,0.0,0.0,0.0,0.0
5,4,0.0,0.0,0.0,0.0,1.0,0.0,0.0,0.0,0.0,0.0,0.0,0.0
5,4,0.0,0.0,0.0,0.0,1.0,0.0,0.0,0.0,0.0,0.0,0.0,0.0
5,4,0.0,0.0,0.0,0.0,1.0,0.0,0.0,0.0,0.0,0.0,0.0,0.0
5,4,0.0,0.0,0.0,0.0,1.0,0.0,0.0,0.0,0.0,0.0,0.0,0.0
5,4,0.0,0.0,0.0,0.0,1.0,0.0,0.0,0.0,0.0,0.0,0.0,0.0
5,4,0.0,0.0,0.0,0.0,1.0,0.0,0.0,0.0,0.0,0.0,0.0,0.0
5,4,0.0,0.0,0.0,0.0,1.0,0.0,0.0,0.0,0.0,0.0,0.0,0.0
5,4,0.0,0.0,0.0,0.0,1.0,0.0,0.0,0.0,0.0,0.0,0.0,0.0
5,4,0.0,0.0,0.0,0.0,1.0,0.0,0.0,0.0,0.0,0.0,0.0,0.0
5,4,0.0,0.0,0.0,0.0,1.0,0.0,0.0,0.0,0.0,0.0,0.0,0.0
5,4,0.0,0.0,0.0,0.0,1.0,0.0,0.0,0.0,0.0,0.0,0.0,0.0
5,4,0.0,0.0,0.0,0.0,1.0,0.0,0.0,0.0,0.0,0.0,0.0,0.0
5,4,0.0,0.0,0.0,0.0,1.0,0.0,0.0,0.0,0.0,0.0,0.0,0.0
5,4,0.0,0.0,0.0,0.0,1.0,0.0,0.0,0.0,0.0,0.0,0.0,0.0
5,4,0.0,0.0,0.0,0.0,1.0,0.0,0.0,0.0,0.0,0.0,0.0,0.0
5,4,0.0,0.0,0.0,0.0,1.0,0.0,0.0,0.0,0.0,0.0,0.0,0.0
5,4,0.0,0.0,0.0,0.0,1.0,0.0,0.0,0.0,0.0,0.0,0.0,0.0
5,4,0.0,0.0,0.0,0.0,1.0,0.0,0.0,0.0,0.0,0.0,0.0,0.0
5,4,0.0,0.0,0.0,0.0,1.0,0.0,0.0,0.0,0.0,0.0,0.0,0.0
5,4,0.0,0.0,0.0,0.0,1.0,0.0,0.0,0.0,0.0,0.0,0.0,0.0
5,4,0.0,0.0,0.0,0.0,1.0,0.0,0.0,0.0,0.0,0.0,0.0,0.0
5,4,0.0,0.0,0.0,0.0,1.0,0.0,0.0,0.0,0.0,0.0,0.0,0.0
5,4,0.0,0.0,0.0,0.0,1.0,0.0,0.0,0.0,0.0,0.0,0.0,0.0
5,4,0.0,0.0,0.0,0.0,1.0,0.0,0.0,0.0,0.0,0.0,0.0,0.0
5,4,0.0,0.0,0.0,0.0,1.0,0.0,0.0,0.0,0.0,0.0,0.0,0.0
5,4,0.0,0.0,0.0,0.0,1.0,0.0,0.0,0.0,0.0,0.0,0.0,0.0
5,4,0.0,0.0,0.0,0.0,1.0,0.0,0.0,0.0,0.0,0.0,0.0,0.0
5,4,0.0,0.0,0.0,0.0,1.0,0.0,0.0,0.0,0.0,0.0,0.0,0.0
5,4,0.0,0.0,0.0,0.0,1.0,0.0,0.0,0.0,0.0,0.0,0.0,0.0
5,4,0.0,0.0,0.0,0.0,1.0,0.0,0.0,0.0,0.0,0.0,0.0,0.0
5,4,0.0,0.0,0.0,0.0,1.0,0.0,0.0,0.0,0.0,0.0,0.0,0.0
5,4,0.0,0.0,0.0,0.0,1.0,0.0,0.0,0.0,0.0,0.0,0.0,0.0
5,4,0.0,0.0,0.0,0.0,1.0,0.0,0.0,0.0,0.0,0.0,0.0,0.0
5,4,0.0,0.0,0.0,0.0,1.0,0.0,0.0,0.0,0.0,0.0,0.0,0.0
5,4,0.0,0.0,0.0,0.0,1.0,0.0,0.0,0.0,0.0,0.0,0.0,0.0
5,4,0.0,0.0,0.0,0.0,1.0,0.0,0.0,0.0,0.0,0.0,0.0,0.0
5,4,0.0,0.0,0.0,0.0,1.0,0.0,0.0,0.0,0.0,0.0,0.0,0.0
5,4,0.0,0.0,0.0,0.0,1.0,0.0,0.0,0.0,0.0,0.0,0.0,0.0
5,4,0.0,0.0,0.0,0.0,1.0,0.0,0.0,0.0,0.0,0.0,0.0,0.0
5,4,0.0,0.0,0.0,0.0,1.0,0.0,0.0,0.0,0.0,0.0,0.0,0.0
5,4,0.0,0.0,0.0,0.0,1.0,0.0,0.0,0.0,0.0,0.0,0.0,0.0
5,4,0.0,0.0,0.0,0.0,1.0,0.0,0.0,0.0,0.0,0.0,0.0,0.0
5,4,0.0,0.0,0.0,0.0,1.0,0.0,0.0,0.0,0.0,0.0,0.0,0.0
5,4,0.0,0.0,0.0,0.0,1.0,0.0,0.0,0.0,0.0,0.0,0.0,0.0
5,4,0.0,0.0,0.0,0.0,1.0,0.0,0.0,0.0,0.0,0.0,0.0,0.0
5,4,0.0,0.0,0.0,0.0,1.0,0.0,0.0,0.0,0.0,0.0,0.0,0.0
5,4,0.0,0.0,0.0,0.0,1.0,0.0,0.0,0.0,0.0,0.0,0.0,0.0
5,4,0.0,0.0,0.0,0.0,1.0,0.0,0.0,0.0,0.0,0.0,0.0,0.0
5,4,0.0,0.0,0.0,0.0,1.0,0.0,0.0,0.0,0.0,0.0,0.0,0.0
5,4,0.0,0.0,0.0,0.0,1.0,0.0,0.0,0.0,0.0,0.0,0.0,0.0
5,4,0.0,0.0,0.0,0.0,1.0,0.0,0.0,0.0,0.0,0.0,0.0,0.0
5,4,0.0,0.0,0.0,0.0,1.0,0.0,0.0,0.0,0.0,0.0,0.0,0.0
5,4,0.0,0.0,0.0,0.0,1.0,0.0,0.0,0.0,0.0,0.0,0.0,0.0
5,4,0.0,0.0,0.0,0.0,1.0,0.0,0.0,0.0,0.0,0.0,0.0,0.0
5,4,0.0,0.0,0.0,0.0,1.0,0.0,0.0,0.0,0.0,0.0,0.0,0.0
5,4,0.0,0.0,0.0,0.0,1.0,0.0,0.0,0.0,0.0,0.0,0.0,0.0
5,4,0.0,0.0,0.0,0.0,1.0,0.0,0.0,0.0,0.0,0.0,0.0,0.0
5,4,0.0,0.0,0.0,0.0,1.0,0.0,0.0,0.0,0.0,0.0,0.0,0.0
5,4,0.0,0.0,0.0,0.0,1.0,0.0,0.0,0.0,0.0,0.0,0.0,0.0
5,4,0.0,0.0,0.0,0.0,1.0,0.0,0.0,0.0,0.0,0.0,0.0,0.0
5,4,0.0,0.0,0.0,0.0,1.0,0.0,0.0,0.0,0.0,0.0,0.0,0.0
5,4,0.0,0.0,0.0,0.0,1.0,0.0,0.0,0.0,0.0,0.0,0.0,0.0
5,4,0.0,0.0,0.0,0.0,1.0,0.0,0.0,0.0,0.0,0.0,0.0,0.0
5,4,0.0,0.0,0.0,0.0,1.0,0.0,0.0,0.0,0.0,0.0,0.0,0.0
5,4,0.0,0.0,0.0,0.0,1.0,0.0,0.0,0.0,0.0,0.0,0.0,0.0
5,4,0.0,0.0,0.0,0.0,1.0,0.0,0.0,0.0,0.0,0.0,0.0,0.0
5,4,0.0,0.0,0.0,0.0,1.0,0.0,0.0,0.0,0.0,0.0,0.0,0.0
5,4,0.0,0.0,0.0,0.0,1.0,0.0,0.0,0.0,0.0,0.0,0.0,0.0
5,4,0.0,0.0,0.0,0.0,1.0,0.0,0.0,0.0,0.0,0.0,0.0,0.0
5,4,0.0,0.0,0.0,0.0,1.0,0.0,0.0,0.0,0.0,0.0,0.0,0.0
5,4,0.0,0.0,0.0,0.0,1.0,0.0,0.0,0.0,0.0,0.0,0.0,0.0
5,4,0.0,0.0,0.0,0.0,1.0,0.0,0.0,0.0,0.0,0.0,0.0,0.0
5,4,0.0,0.0,0.0,0.0,1.0,0.0,0.0,0.0,0.0,0.0,0.0,0.0
5,4,0.0,0.0,0.0,0.0,1.0,0.0,0.0,0.0,0.0,0.0,0.0,0.0
5,4,0.0,0.0,0.0,0.0,1.0,0.0,0.0,0.0,0.0,0.0,0.0,0.0
5,4,0.0,0.0,0.0,0.0,1.0,0.0,0.0,0.0,0.0,0.0,0.0,0.0
5,4,0.0,0.0,0.0,0.0,1.0,0.0,0.0,0.0,0.0,0.0,0.0,0.0
5,4,0.0,0.0,0.0,0.0,1.0,0.0,0.0,0.0,0.0,0.0,0.0,0.0
5,4,0.0,0.0,0.0,0.0,1.0,0.0,0.0,0.0,0.0,0.0,0.0,0.0
5,4,0.0,0.0,0.0,0.0,1.0,0.0,0.0,0.0,0.0,0.0,0.0,0.0
5,4,0.0,0.0,0.0,0.0,1.0,0.0,0.0,0.0,0.0,0.0,0.0,0.0
5,4,0.0,0.0,0.0,0.0,1.0,0.0,0.0,0.0,0.0,0.0,0.0,0.0
5,4,0.0,0.0,0.0,0.0,1.0,0.0,0.0,0.0,0.0,0.0,0.0,0.0
5,4,0.0,0.0,0.0,0.0,1.0,0.0,0.0,0.0,0.0,0.0,0.0,0.0
5,4,0.0,0.0,0.0,0.0,1.0,0.0,0.0,0.0,0.0,0.0,0.0,0.0
5,4,0.0,0.0,0.0,0.0,1.0,0.0,0.0,0.0,0.0,0.0,0.0,0.0
5,4,0.0,0.0,0.0,0.0,1.0,0.0,0.0,0.0,0.0,0.0,0.0,0.0
5,4,0.0,0.0,0.0,0.0,1.0,0.0,0.0,0.0,0.0,0.0,0.0,0.0
5,4,0.0,0.0,0.0,0.0,1.0,0.0,0.0,0.0,0.0,0.0,0.0,0.0
5,4,0.0,0.0,0.0,0.0,1.0,0.0,0.0,0.0,0.0,0.0,0.0,0.0
5,4,0.0,0.0,0.0,0.0,1.0,0.0,0.0,0.0,0.0,0.0,0.0,0.0
5,4,0.0,0.0,0.0,0.0,1.0,0.0,0.0,0.0,0.0,0.0,0.0,0.0
5,4,0.0,0.0,0.0,0.0,1.0,0.0,0.0,0.0,0.0,0.0,0.0,0.0
5,4,0.0,0.0,0.0,0.0,1.0,0.0,0.0,0.0,0.0,0.0,0.0,0.0
5,4,0.0,0.0,0.0,0.0,1.0,0.0,0.0,0.0,0.0,0.0,0.0,0.0
5,4,0.0,0.0,0.0,0.0,1.0,0.0,0.0,0.0,0.0,0.0,0.0,0.0
5,4,0.0,0.0,0.0,0.0,1.0,0.0,0.0,0.0,0.0,0.0,0.0,0.0
5,4,0.0,0.0,0.0,0.0,1.0,0.0,0.0,0.0,0.0,0.0,0.0,0.0
5,4,0.0,0.0,0.0,0.0,1.0,0.0,0.0,0.0,0.0,0.0,0.0,0.0
5,4,0.0,0.0,0.0,0.0,1.0,0.0,0.0,0.0,0.0,0.0,0.0,0.0
5,4,0.0,0.0,0.0,0.0,1.0,0.0,0.0,0.0,0.0,0.0,0.0,0.0
5,4,0.0,0.0,0.0,0.0,1.0,0.0,0.0,0.0,0.0,0.0,0.0,0.0
5,4,0.0,0.0,0.0,0.0,1.0,0.0,0.0,0.0,0.0,0.0,0.0,0.0
5,4,0.0,0.0,0.0,0.0,1.0,0.0,0.0,0.0,0.0,0.0,0.0,0.0
5,4,0.0,0.0,0.0,0.0,1.0,0.0,0.0,0.0,0.0,0.0,0.0,0.0
5,4,0.0,0.0,0.0,0.0,1.0,0.0,0.0,0.0,0.0,0.0,0.0,0.0
5,4,0.0,0.0,0.0,0.0,1.0,0.0,0.0,0.0,0.0,0.0,0.0,0.0
5,4,0.0,0.0,0.0,0.0,1.0,0.0,0.0,0.0,0.0,0.0,0.0,0.0
5,4,0.0,0.0,0.0,0.0,1.0,0.0,0.0,0.0,0.0,0.0,0.0,0.0
5,4,0.0,0.0,0.0,0.0,1.0,0.0,0.0,0.0,0.0,0.0,0.0,0.0
5,4,0.0,0.0,0.0,0.0,1.0,0.0,0.0,0.0,0.0,0.0,0.0,0.0
5,4,0.0,0.0,0.0,0.0,1.0,0.0,0.0,0.0,0.0,0.0,0.0,0.0
5,4,0.0,0.0,0.0,0.0,1.0,0.0,0.0,0.0,0.0,0.0,0.0,0.0
5,4,0.0,0.0,0.0,0.0,1.0,0.0,0.0,0.0,0.0,0.0,0.0,0.0
5,4,0.0,0.0,0.0,0.0,1.0,0.0,0.0,0.0,0.0,0.0,0.0,0.0
5,4,0.0,0.0,0.0,0.0,1.0,0.0,0.0,0.0,0.0,0.0,0.0,0.0
5,4,0.0,0.0,0.0,0.0,1.0,0.0,0.0,0.0,0.0,0.0,0.0,0.0
5,4,0.0,0.0,0.0,0.0,1.0,0.0,0.0,0.0,0.0,0.0,0.0,0.0
5,4,0.0,0.0,0.0,0.0,1.0,0.0,0.0,0.0,0.0,0.0,0.0,0.0
5,4,0.0,0.0,0.0,0.0,1.0,0.0,0.0,0.0,0.0,0.0,0.0,0.0
5,4,0.0,0.0,0.0,0.0,1.0,0.0,0.0,0.0,0.0,0.0,0.0,0.0
5,4,0.0,0.0,0.0,0.0,1.0,0.0,0.0,0.0,0.0,0.0,0.0,0.0
5,4,0.0,0.0,0.0,0.0,1.0,0.0,0.0,0.0,0.0,0.0,0.0,0.0
5,4,0.0,0.0,0.0,0.0,1.0,0.0,0.0,0.0,0.0,0.0,0.0,0.0
5,4,0.0,0.0,0.0,0.0,1.0,0.0,0.0,0.0,0.0,0.0,0.0,0.0
5,4,0.0,0.0,0.0,0.0,1.0,0.0,0.0,0.0,0.0,0.0,0.0,0.0
5,4,0.0,0.0,0.0,0.0,1.0,0.0,0.0,0.0,0.0,0.0,0.0,0.0
5,4,0.0,0.0,0.0,0.0,1.0,0.0,0.0,0.0,0.0,0.0,0.0,0.0
5,4,0.0,0.0,0.0,0.0,1.0,0.0,0.0,0.0,0.0,0.0,0.0,0.0
5,4,0.0,0.0,0.0,0.0,1.0,0.0,0.0,0.0,0.0,0.0,0.0,0.0
5,4,0.0,0.0,0.0,0.0,1.0,0.0,0.0,0.0,0.0,0.0,0.0,0.0
5,4,0.0,0.0,0.0,0.0,1.0,0.0,0.0,0.0,0.0,0.0,0.0,0.0
5,4,0.0,0.0,0.0,0.0,1.0,0.0,0.0,0.0,0.0,0.0,0.0,0.0
5,4,0.0,0.0,0.0,0.0,1.0,0.0,0.0,0.0,0.0,0.0,0.0,0.0
5,4,0.0,0.0,0.0,0.0,1.0,0.0,0.0,0.0,0.0,0.0,0.0,0.0
5,4,0.0,0.0,0.0,0.0,1.0,0.0,0.0,0.0,0.0,0.0,0.0,0.0
5,4,0.0,0.0,0.0,0.0,1.0,0.0,0.0,0.0,0.0,0.0,0.0,0.0
5,4,0.0,0.0,0.0,0.0,1.0,0.0,0.0,0.0,0.0,0.0,0.0,0.0
5,4,0.0,0.0,0.0,0.0,1.0,0.0,0.0,0.0,0.0,0.0,0.0,0.0
5,4,0.0,0.0,0.0,0.0,1.0,0.0,0.0,0.0,0.0,0.0,0.0,0.0
5,4,0.0,0.0,0.0,0.0,1.0,0.0,0.0,0.0,0.0,0.0,0.0,0.0
5,4,0.0,0.0,0.0,0.0,1.0,0.0,0.0,0.0,0.0,0.0,0.0,0.0
5,4,0.0,0.0,0.0,0.0,1.0,0.0,0.0,0.0,0.0,0.0,0.0,0.0
5,4,0.0,0.0,0.0,0.0,1.0,0.0,0.0,0.0,0.0,0.0,0.0,0.0
5,4,0.0,0.0,0.0,0.0,1.0,0.0,0.0,0.0,0.0,0.0,0.0,0.0
5,4,0.0,0.0,0.0,0.0,1.0,0.0,0.0,0.0,0.0,0.0,0.0,0.0
5,4,0.0,0.0,0.0,0.0,1.0,0.0,0.0,0.0,0.0,0.0,0.0,0.0
5,4,0.0,0.0,0.0,0.0,1.0,0.0,0.0,0.0,0.0,0.0,0.0,0.0
5,4,0.0,0.0,0.0,0.0,1.0,0.0,0.0,0.0,0.0,0.0,0.0,0.0
5,4,0.0,0.0,0.0,0.0,1.0,0.0,0.0,0.0,0.0,0.0,0.0,0.0
5,4,0.0,0.0,0.0,0.0,1.0,0.0,0.0,0.0,0.0,0.0,0.0,0.0
5,4,0.0,0.0,0.0,0.0,1.0,0.0,0.0,0.0,0.0,0.0,0.0,0.0
5,4,0.0,0.0,0.0,0.0,1.0,0.0,0.0,0.0,0.0,0.0,0.0,0.0
5,4,0.0,0.0,0.0,0.0,1.0,0.0,0.0,0.0,0.0,0.0,0.0,0.0
5,4,0.0,0.0,0.0,0.0,1.0,0.0,0.0,0.0,0.0,0.0,0.0,0.0
5,4,0.0,0.0,0.0,0.0,1.0,0.0,0.0,0.0,0.0,0.0,0.0,0.0
5,4,0.0,0.0,0.0,0.0,1.0,0.0,0.0,0.0,0.0,0.0,0.0,0.0
5,4,0.0,0.0,0.0,0.0,1.0,0.0,0.0,0.0,0.0,0.0,0.0,0.0
5,4,0.0,0.0,0.0,0.0,1.0,0.0,0.0,0.0,0.0,0.0,0.0,0.0
5,4,0.0,0.0,0.0,0.0,1.0,0.0,0.0,0.0,0.0,0.0,0.0,0.0
5,4,0.0,0.0,0.0,0.0,1.0,0.0,0.0,0.0,0.0,0.0,0.0,0.0
5,4,0.0,0.0,0.0,0.0,1.0,0.0,0.0,0.0,0.0,0.0,0.0,0.0
5,4,0.0,0.0,0.0,0.0,1.0,0.0,0.0,0.0,0.0,0.0,0.0,0.0
5,4,0.0,0.0,0.0,0.0,1.0,0.0,0.0,0.0,0.0,0.0,0.0,0.0
5,4,0.0,0.0,0.0,0.0,1.0,0.0,0.0,0.0,0.0,0.0,0.0,0.0
5,4,0.0,0.0,0.0,0.0,1.0,0.0,0.0,0.0,0.0,0.0,0.0,0.0
5,4,0.0,0.0,0.0,0.0,1.0,0.0,0.0,0.0,0.0,0.0,0.0,0.0
5,4,0.0,0.0,0.0,0.0,1.0,0.0,0.0,0.0,0.0,0.0,0.0,0.0
5,4,0.0,0.0,0.0,0.0,1.0,0.0,0.0,0.0,0.0,0.0,0.0,0.0
5,4,0.0,0.0,0.0,0.0,1.0,0.0,0.0,0.0,0.0,0.0,0.0,0.0
5,4,0.0,0.0,0.0,0.0,1.0,0.0,0.0,0.0,0.0,0.0,0.0,0.0
5,4,0.0,0.0,0.0,0.0,1.0,0.0,0.0,0.0,0.0,0.0,0.0,0.0
5,4,0.0,0.0,0.0,0.0,1.0,0.0,0.0,0.0,0.0,0.0,0.0,0.0
5,4,0.0,0.0,0.0,0.0,1.0,0.0,0.0,0.0,0.0,0.0,0.0,0.0
5,4,0.0,0.0,0.0,0.0,1.0,0.0,0.0,0.0,0.0,0.0,0.0,0.0
5,4,0.0,0.0,0.0,0.0,1.0,0.0,0.0,0.0,0.0,0.0,0.0,0.0
5,4,0.0,0.0,0.0,0.0,1.0,0.0,0.0,0.0,0.0,0.0,0.0,0.0
5,4,0.0,0.0,0.0,0.0,1.0,0.0,0.0,0.0,0.0,0.0,0.0,0.0
5,4,0.0,0.0,0.0,0.0,1.0,0.0,0.0,0.0,0.0,0.0,0.0,0.0
5,4,0.0,0.0,0.0,0.0,1.0,0.0,0.0,0.0,0.0,0.0,0.0,0.0
5,4,0.0,0.0,0.0,0.0,1.0,0.0,0.0,0.0,0.0,0.0,0.0,0.0
5,4,0.0,0.0,0.0,0.0,1.0,0.0,0.0,0.0,0.0,0.0,0.0,0.0
5,4,0.0,0.0,0.0,0.0,1.0,0.0,0.0,0.0,0.0,0.0,0.0,0.0
5,4,0.0,0.0,0.0,0.0,1.0,0.0,0.0,0.0,0.0,0.0,0.0,0.0
5,4,0.0,0.0,0.0,0.0,1.0,0.0,0.0,0.0,0.0,0.0,0.0,0.0
5,4,0.0,0.0,0.0,0.0,1.0,0.0,0.0,0.0,0.0,0.0,0.0,0.0
5,4,0.0,0.0,0.0,0.0,1.0,0.0,0.0,0.0,0.0,0.0,0.0,0.0
5,4,0.0,0.0,0.0,0.0,1.0,0.0,0.0,0.0,0.0,0.0,0.0,0.0
5,4,0.0,0.0,0.0,0.0,1.0,0.0,0.0,0.0,0.0,0.0,0.0,0.0
5,4,0.0,0.0,0.0,0.0,1.0,0.0,0.0,0.0,0.0,0.0,0.0,0.0
5,4,0.0,0.0,0.0,0.0,1.0,0.0,0.0,0.0,0.0,0.0,0.0,0.0
5,4,0.0,0.0,0.0,0.0,1.0,0.0,0.0,0.0,0.0,0.0,0.0,0.0
5,4,0.0,0.0,0.0,0.0,1.0,0.0,0.0,0.0,0.0,0.0,0.0,0.0
5,4,0.0,0.0,0.0,0.0,1.0,0.0,0.0,0.0,0.0,0.0,0.0,0.0
5,4,0.0,0.0,0.0,0.0,1.0,0.0,0.0,0.0,0.0,0.0,0.0,0.0
5,4,0.0,0.0,0.0,0.0,1.0,0.0,0.0,0.0,0.0,0.0,0.0,0.0
5,4,0.0,0.0,0.0,0.0,1.0,0.0,0.0,0.0,0.0,0.0,0.0,0.0
5,4,0.0,0.0,0.0,0.0,1.0,0.0,0.0,0.0,0.0,0.0,0.0,0.0
5,4,0.0,0.0,0.0,0.0,1.0,0.0,0.0,0.0,0.0,0.0,0.0,0.0
5,4,0.0,0.0,0.0,0.0,1.0,0.0,0.0,0.0,0.0,0.0,0.0,0.0
5,4,0.0,0.0,0.0,0.0,1.0,0.0,0.0,0.0,0.0,0.0,0.0,0.0
5,4,0.026513783,0.0,0.0,0.0,0.97348624,0.0,0.0,0.0,0.0,0.0,0.0,0.0
5,4,0.026513783,0.0,0.0,0.0,0.97348624,0.0,0.0,0.0,0.0,0.0,0.0,0.0
5,4,0.026513783,0.0,0.0,0.0,0.97348624,0.0,0.0,0.0,0.0,0.0,0.0,0.0
5,4,0.026513783,0.0,0.0,0.0,0.97348624,0.0,0.0,0.0,0.0,0.0,0.0,0.0
5,4,0.026513783,0.0,0.0,0.0,0.97348624,0.0,0.0,0.0,0.0,0.0,0.0,0.0
5,4,0.026513783,0.0,0.0,0.0,0.97348624,0.0,0.0,0.0,0.0,0.0,0.0,0.0
5,4,0.026513783,0.0,0.0,0.0,0.97348624,0.0,0.0,0.0,0.0,0.0,0.0,0.0
5,4,0.026513783,0.0,0.0,0.0,0.97348624,0.0,0.0,0.0,0.0,0.0,0.0,0.0
5,4,0.026513783,0.0,0.0,0.0,0.97348624,0.0,0.0,0.0,0.0,0.0,0.0,0.0
5,4,0.026513783,0.0,0.0,0.0,0.97348624,0.0,0.0,0.0,0.0,0.0,0.0,0.0
5,4,0.026513783,0.0,0.0,0.0,0.97348624,0.0,0.0,0.0,0.0,0.0,0.0,0.0
5,4,0.026513783,0.0,0.0,0.0,0.97348624,0.0,0.0,0.0,0.0,0.0,0.0,0.0
5,4,0.026513783,0.0,0.0,0.0,0.97348624,0.0,0.0,0.0,0.0,0.0,0.0,0.0
5,4,0.026513783,0.0,0.0,0.0,0.97348624,0.0,0.0,0.0,0.0,0.0,0.0,0.0
5,4,0.026513783,0.0,0.0,0.0,0.97348624,0.0,0.0,0.0,0.0,0.0,0.0,0.0
5,4,0.026513783,0.0,0.0,0.0,0.97348624,0.0,0.0,0.0,0.0,0.0,0.0,0.0
5,4,0.026513783,0.0,0.0,0.0,0.97348624,0.0,0.0,0.0,0.0,0.0,0.0,0.0
5,4,0.026513783,0.0,0.0,0.0,0.97348624,0.0,0.0,0.0,0.0,0.0,0.0,0.0
5,4,0.026513783,0.0,0.0,0.0,0.97348624,0.0,0.0,0.0,0.0,0.0,0.0,0.0
5,4,0.026513783,0.0,0.0,0.0,0.97348624,0.0,0.0,0.0,0.0,0.0,0.0,0.0
5,4,0.026513783,0.0,0.0,0.0,0.97348624,0.0,0.0,0.0,0.0,0.0,0.0,0.0
5,4,0.026513783,0.0,0.0,0.0,0.97348624,0.0,0.0,0.0,0.0,0.0,0.0,0.0
5,4,0.026513783,0.0,0.0,0.0,0.97348624,0.0,0.0,0.0,0.0,0.0,0.0,0.0
5,4,0.026513783,0.0,0.0,0.0,0.97348624,0.0,0.0,0.0,0.0,0.0,0.0,0.0
5,4,0.026513783,0.0,0.0,0.0,0.97348624,0.0,0.0,0.0,0.0,0.0,0.0,0.0
5,4,0.026513783,0.0,0.0,0.0,0.97348624,0.0,0.0,0.0,0.0,0.0,0.0,0.0
5,4,0.026513783,0.0,0.0,0.0,0.97348624,0.0,0.0,0.0,0.0,0.0,0.0,0.0
5,4,0.026513783,0.0,0.0,0.0,0.97348624,0.0,0.0,0.0,0.0,0.0,0.0,0.0
5,4,0.026513783,0.0,0.0,0.0,0.97348624,0.0,0.0,0.0,0.0,0.0,0.0,0.0
5,4,0.026513783,0.0,0.0,0.0,0.97348624,0.0,0.0,0.0,0.0,0.0,0.0,0.0
5,4,0.026513783,0.0,0.0,0.0,0.97348624,0.0,0.0,0.0,0.0,0.0,0.0,0.0
5,4,0.026513783,0.0,0.0,0.0,0.97348624,0.0,0.0,0.0,0.0,0.0,0.0,0.0
5,4,0.026513783,0.0,0.0,0.0,0.97348624,0.0,0.0,0.0,0.0,0.0,0.0,0.0
5,4,0.026513783,0.0,0.0,0.0,0.97348624,0.0,0.0,0.0,0.0,0.0,0.0,0.0
5,4,0.026513783,0.0,0.0,0.0,0.97348624,0.0,0.0,0.0,0.0,0.0,0.0,0.0
5,4,0.026513783,0.0,0.0,0.0,0.97348624,0.0,0.0,0.0,0.0,0.0,0.0,0.0
5,4,0.026513783,0.0,0.0,0.0,0.97348624,0.0,0.0,0.0,0.0,0.0,0.0,0.0
5,4,0.026513783,0.0,0.0,0.0,0.97348624,0.0,0.0,0.0,0.0,0.0,0.0,0.0
5,4,0.026513783,0.0,0.0,0.0,0.97348624,0.0,0.0,0.0,0.0,0.0,0.0,0.0
5,4,0.026513783,0.0,0.0,0.0,0.97348624,0.0,0.0,0.0,0.0,0.0,0.0,0.0
5,4,0.026513783,0.0,0.0,0.0,0.97348624,0.0,0.0,0.0,0.0,0.0,0.0,0.0
5,4,0.026513783,0.0,0.0,0.0,0.97348624,0.0,0.0,0.0,0.0,0.0,0.0,0.0
5,4,0.026513783,0.0,0.0,0.0,0.97348624,0.0,0.0,0.0,0.0,0.0,0.0,0.0
5,4,0.026513783,0.0,0.0,0.0,0.97348624,0.0,0.0,0.0,0.0,0.0,0.0,0.0
5,4,0.026513783,0.0,0.0,0.0,0.97348624,0.0,0.0,0.0,0.0,0.0,0.0,0.0
5,4,0.026513783,0.0,0.0,0.0,0.97348624,0.0,0.0,0.0,0.0,0.0,0.0,0.0
5,4,0.026513783,0.0,0.0,0.0,0.97348624,0.0,0.0,0.0,0.0,0.0,0.0,0.0
5,4,0.026513783,0.0,0.0,0.0,0.97348624,0.0,0.0,0.0,0.0,0.0,0.0,0.0
5,4,0.026513783,0.0,0.0,0.0,0.97348624,0.0,0.0,0.0,0.0,0.0,0.0,0.0
5,4,0.026513783,0.0,0.0,0.0,0.97348624,0.0,0.0,0.0,0.0,0.0,0.0,0.0
5,4,0.026513783,0.0,0.0,0.0,0.97348624,0.0,0.0,0.0,0.0,0.0,0.0,0.0
5,4,0.026513783,0.0,0.0,0.0,0.97348624,0.0,0.0,0.0,0.0,0.0,0.0,0.0
5,4,0.026513783,0.0,0.0,0.0,0.97348624,0.0,0.0,0.0,0.0,0.0,0.0,0.0
5,4,0.026513783,0.0,0.0,0.0,0.97348624,0.0,0.0,0.0,0.0,0.0,0.0,0.0
5,4,0.026513783,0.0,0.0,0.0,0.97348624,0.0,0.0,0.0,0.0,0.0,0.0,0.0
5,4,0.026513783,0.0,0.0,0.0,0.97348624,0.0,0.0,0.0,0.0,0.0,0.0,0.0
5,4,0.026513783,0.0,0.0,0.0,0.97348624,0.0,0.0,0.0,0.0,0.0,0.0,0.0
5,4,0.026513783,0.0,0.0,0.0,0.97348624,0.0,0.0,0.0,0.0,0.0,0.0,0.0
5,4,0.026513783,0.0,0.0,0.0,0.97348624,0.0,0.0,0.0,0.0,0.0,0.0,0.0
5,4,0.026513783,0.0,0.0,0.0,0.97348624,0.0,0.0,0.0,0.0,0.0,0.0,0.0
5,4,0.026513783,0.0,0.0,0.0,0.97348624,0.0,0.0,0.0,0.0,0.0,0.0,0.0
5,4,0.026513783,0.0,0.0,0.0,0.97348624,0.0,0.0,0.0,0.0,0.0,0.0,0.0
5,4,0.026513783,0.0,0.0,0.0,0.97348624,0.0,0.0,0.0,0.0,0.0,0.0,0.0
5,4,0.026513783,0.0,0.0,0.0,0.97348624,0.0,0.0,0.0,0.0,0.0,0.0,0.0
5,4,0.026513783,0.0,0.0,0.0,0.97348624,0.0,0.0,0.0,0.0,0.0,0.0,0.0
5,4,0.026513783,0.0,0.0,0.0,0.97348624,0.0,0.0,0.0,0.0,0.0,0.0,0.0
5,4,0.026513783,0.0,0.0,0.0,0.97348624,0.0,0.0,0.0,0.0,0.0,0.0,0.0
5,4,0.026513783,0.0,0.0,0.0,0.97348624,0.0,0.0,0.0,0.0,0.0,0.0,0.0
5,4,0.026513783,0.0,0.0,0.0,0.97348624,0.0,0.0,0.0,0.0,0.0,0.0,0.0
5,4,0.026513783,0.0,0.0,0.0,0.97348624,0.0,0.0,0.0,0.0,0.0,0.0,0.0
5,4,0.026513783,0.0,0.0,0.0,0.97348624,0.0,0.0,0.0,0.0,0.0,0.0,0.0
5,4,0.026513783,0.0,0.0,0.0,0.97348624,0.0,0.0,0.0,0.0,0.0,0.0,0.0
5,4,0.026513783,0.0,0.0,0.0,0.97348624,0.0,0.0,0.0,0.0,0.0,0.0,0.0
5,4,0.026513783,0.0,0.0,0.0,0.97348624,0.0,0.0,0.0,0.0,0.0,0.0,0.0
5,4,0.026513783,0.0,0.0,0.0,0.97348624,0.0,0.0,0.0,0.0,0.0,0.0,0.0
5,4,0.026513783,0.0,0.0,0.0,0.97348624,0.0,0.0,0.0,0.0,0.0,0.0,0.0
5,4,0.026513783,0.0,0.0,0.0,0.97348624,0.0,0.0,0.0,0.0,0.0,0.0,0.0
5,4,0.026513783,0.0,0.0,0.0,0.97348624,0.0,0.0,0.0,0.0,0.0,0.0,0.0
5,4,0.026513783,0.0,0.0,0.0,0.97348624,0.0,0.0,0.0,0.0,0.0,0.0,0.0
5,4,0.026513783,0.0,0.0,0.0,0.97348624,0.0,0.0,0.0,0.0,0.0,0.0,0.0
5,4,0.026513783,0.0,0.0,0.0,0.97348624,0.0,0.0,0.0,0.0,0.0,0.0,0.0
5,4,0.026513783,0.0,0.0,0.0,0.97348624,0.0,0.0,0.0,0.0,0.0,0.0,0.0
5,4,0.026513783,0.0,0.0,0.0,0.97348624,0.0,0.0,0.0,0.0,0.0,0.0,0.0
5,4,0.026513783,0.0,0.0,0.0,0.97348624,0.0,0.0,0.0,0.0,0.0,0.0,0.0
5,4,0.026513783,0.0,0.0,0.0,0.97348624,0.0,0.0,0.0,0.0,0.0,0.0,0.0
5,4,0.026513783,0.0,0.0,0.0,0.97348624,0.0,0.0,0.0,0.0,0.0,0.0,0.0
5,4,0.026513783,0.0,0.0,0.0,0.97348624,0.0,0.0,0.0,0.0,0.0,0.0,0.0
5,4,0.026513783,0.0,0.0,0.0,0.97348624,0.0,0.0,0.0,0.0,0.0,0.0,0.0
5,4,0.026513783,0.0,0.0,0.0,0.97348624,0.0,0.0,0.0,0.0,0.0,0.0,0.0
5,4,0.026513783,0.0,0.0,0.0,0.97348624,0.0,0.0,0.0,0.0,0.0,0.0,0.0
5,4,0.026513783,0.0,0.0,0.0,0.97348624,0.0,0.0,0.0,0.0,0.0,0.0,0.0
5,4,0.026513783,0.0,0.0,0.0,0.97348624,0.0,0.0,0.0,0.0,0.0,0.0,0.0
5,4,0.026513783,0.0,0.0,0.0,0.97348624,0.0,0.0,0.0,0.0,0.0,0.0,0.0
5,4,0.026513783,0.0,0.0,0.0,0.97348624,0.0,0.0,0.0,0.0,0.0,0.0,0.0
5,4,0.026513783,0.0,0.0,0.0,0.97348624,0.0,0.0,0.0,0.0,0.0,0.0,0.0
5,4,0.026513783,0.0,0.0,0.0,0.97348624,0.0,0.0,0.0,0.0,0.0,0.0,0.0
5,4,0.026513783,0.0,0.0,0.0,0.97348624,0.0,0.0,0.0,0.0,0.0,0.0,0.0
5,4,0.026513783,0.0,0.0,0.0,0.97348624,0.0,0.0,0.0,0.0,0.0,0.0,0.0
5,4,0.026513783,0.0,0.0,0.0,0.97348624,0.0,0.0,0.0,0.0,0.0,0.0,0.0
5,4,0.026513783,0.0,0.0,0.0,0.97348624,0.0,0.0,0.0,0.0,0.0,0.0,0.0
5,4,0.026513783,0.0,0.0,0.0,0.97348624,0.0,0.0,0.0,0.0,0.0,0.0,0.0
5,4,0.026513783,0.0,0.0,0.0,0.97348624,0.0,0.0,0.0,0.0,0.0,0.0,0.0
5,4,0.026513783,0.0,0.0,0.0,0.97348624,0.0,0.0,0.0,0.0,0.0,0.0,0.0
5,4,0.026513783,0.0,0.0,0.0,0.97348624,0.0,0.0,0.0,0.0,0.0,0.0,0.0
5,4,0.026513783,0.0,0.0,0.0,0.97348624,0.0,0.0,0.0,0.0,0.0,0.0,0.0
5,4,0.026513783,0.0,0.0,0.0,0.97348624,0.0,0.0,0.0,0.0,0.0,0.0,0.0
5,4,0.026513783,0.0,0.0,0.0,0.97348624,0.0,0.0,0.0,0.0,0.0,0.0,0.0
5,4,0.026513783,0.0,0.0,0.0,0.97348624,0.0,0.0,0.0,0.0,0.0,0.0,0.0
5,4,0.026513783,0.0,0.0,0.0,0.97348624,0.0,0.0,0.0,0.0,0.0,0.0,0.0
5,4,0.026513783,0.0,0.0,0.0,0.97348624,0.0,0.0,0.0,0.0,0.0,0.0,0.0
5,4,0.026513783,0.0,0.0,0.0,0.97348624,0.0,0.0,0.0,0.0,0.0,0.0,0.0
5,4,0.026513783,0.0,0.0,0.0,0.97348624,0.0,0.0,0.0,0.0,0.0,0.0,0.0
5,4,0.026513783,0.0,0.0,0.0,0.97348624,0.0,0.0,0.0,0.0,0.0,0.0,0.0
5,4,0.026513783,0.0,0.0,0.0,0.97348624,0.0,0.0,0.0,0.0,0.0,0.0,0.0
5,4,0.026513783,0.0,0.0,0.0,0.97348624,0.0,0.0,0.0,0.0,0.0,0.0,0.0
5,4,0.026513783,0.0,0.0,0.0,0.97348624,0.0,0.0,0.0,0.0,0.0,0.0,0.0
5,4,0.026513783,0.0,0.0,0.0,0.97348624,0.0,0.0,0.0,0.0,0.0,0.0,0.0
5,4,0.026513783,0.0,0.0,0.0,0.97348624,0.0,0.0,0.0,0.0,0.0,0.0,0.0
5,4,0.026513783,0.0,0.0,0.0,0.97348624,0.0,0.0,0.0,0.0,0.0,0.0,0.0
5,4,0.026513783,0.0,0.0,0.0,0.97348624,0.0,0.0,0.0,0.0,0.0,0.0,0.0
5,4,0.026513783,0.0,0.0,0.0,0.97348624,0.0,0.0,0.0,0.0,0.0,0.0,0.0
5,4,0.026513783,0.0,0.0,0.0,0.97348624,0.0,0.0,0.0,0.0,0.0,0.0,0.0
5,4,0.026513783,0.0,0.0,0.0,0.97348624,0.0,0.0,0.0,0.0,0.0,0.0,0.0
5,4,0.026513783,0.0,0.0,0.0,0.97348624,0.0,0.0,0.0,0.0,0.0,0.0,0.0
5,4,0.026513783,0.0,0.0,0.0,0.97348624,0.0,0.0,0.0,0.0,0.0,0.0,0.0
5,4,0.026513783,0.0,0.0,0.0,0.97348624,0.0,0.0,0.0,0.0,0.0,0.0,0.0
5,4,0.026513783,0.0,0.0,0.0,0.97348624,0.0,0.0,0.0,0.0,0.0,0.0,0.0
5,4,0.026513783,0.0,0.0,0.0,0.97348624,0.0,0.0,0.0,0.0,0.0,0.0,0.0
5,4,0.026513783,0.0,0.0,0.0,0.97348624,0.0,0.0,0.0,0.0,0.0,0.0,0.0
5,4,0.026513783,0.0,0.0,0.0,0.97348624,0.0,0.0,0.0,0.0,0.0,0.0,0.0
5,4,0.026513783,0.0,0.0,0.0,0.97348624,0.0,0.0,0.0,0.0,0.0,0.0,0.0
5,4,0.026513783,0.0,0.0,0.0,0.97348624,0.0,0.0,0.0,0.0,0.0,0.0,0.0
5,4,0.026513783,0.0,0.0,0.0,0.97348624,0.0,0.0,0.0,0.0,0.0,0.0,0.0
5,4,0.026513783,0.0,0.0,0.0,0.97348624,0.0,0.0,0.0,0.0,0.0,0.0,0.0
5,4,0.026513783,0.0,0.0,0.0,0.97348624,0.0,0.0,0.0,0.0,0.0,0.0,0.0
5,4,0.026513783,0.0,0.0,0.0,0.97348624,0.0,0.0,0.0,0.0,0.0,0.0,0.0
5,4,0.026513783,0.0,0.0,0.0,0.97348624,0.0,0.0,0.0,0.0,0.0,0.0,0.0
5,4,0.026513783,0.0,0.0,0.0,0.97348624,0.0,0.0,0.0,0.0,0.0,0.0,0.0
5,4,0.026513783,0.0,0.0,0.0,0.97348624,0.0,0.0,0.0,0.0,0.0,0.0,0.0
5,4,0.026513783,0.0,0.0,0.0,0.97348624,0.0,0.0,0.0,0.0,0.0,0.0,0.0
5,4,0.026513783,0.0,0.0,0.0,0.97348624,0.0,0.0,0.0,0.0,0.0,0.0,0.0
5,4,0.026513783,0.0,0.0,0.0,0.97348624,0.0,0.0,0.0,0.0,0.0,0.0,0.0
5,4,0.026513783,0.0,0.0,0.0,0.97348624,0.0,0.0,0.0,0.0,0.0,0.0,0.0
5,4,0.026513783,0.0,0.0,0.0,0.97348624,0.0,0.0,0.0,0.0,0.0,0.0,0.0
5,4,0.040185835,0.0,0.0,0.0,0.9598142,0.0,0.0,0.0,0.0,0.0,0.0,0.0
5,4,0.040185835,0.0,0.0,0.0,0.9598142,0.0,0.0,0.0,0.0,0.0,0.0,0.0
5,4,0.040185835,0.0,0.0,0.0,0.9598142,0.0,0.0,0.0,0.0,0.0,0.0,0.0
5,4,0.040185835,0.0,0.0,0.0,0.9598142,0.0,0.0,0.0,0.0,0.0,0.0,0.0
5,4,0.040185835,0.0,0.0,0.0,0.9598142,0.0,0.0,0.0,0.0,0.0,0.0,0.0
5,4,0.040185835,0.0,0.0,0.0,0.9598142,0.0,0.0,0.0,0.0,0.0,0.0,0.0
5,4,0.040185835,0.0,0.0,0.0,0.9598142,0.0,0.0,0.0,0.0,0.0,0.0,0.0
5,4,0.040185835,0.0,0.0,0.0,0.9598142,0.0,0.0,0.0,0.0,0.0,0.0,0.0
5,4,0.040185835,0.0,0.0,0.0,0.9598142,0.0,0.0,0.0,0.0,0.0,0.0,0.0
5,4,0.040185835,0.0,0.0,0.0,0.9598142,0.0,0.0,0.0,0.0,0.0,0.0,0.0
5,4,0.040185835,0.0,0.0,0.0,0.9598142,0.0,0.0,0.0,0.0,0.0,0.0,0.0
5,4,0.040185835,0.0,0.0,0.0,0.9598142,0.0,0.0,0.0,0.0,0.0,0.0,0.0
5,4,0.040185835,0.0,0.0,0.0,0.9598142,0.0,0.0,0.0,0.0,0.0,0.0,0.0
5,4,0.040185835,0.0,0.0,0.0,0.9598142,0.0,0.0,0.0,0.0,0.0,0.0,0.0
5,4,0.040185835,0.0,0.0,0.0,0.9598142,0.0,0.0,0.0,0.0,0.0,0.0,0.0
5,4,0.04370069,0.0,0.0,0.0,0.9562993,0.0,0.0,0.0,0.0,0.0,0.0,0.0
5,4,0.04370069,0.0,0.0,0.0,0.9562993,0.0,0.0,0.0,0.0,0.0,0.0,0.0
5,4,0.04370069,0.0,0.0,0.0,0.9562993,0.0,0.0,0.0,0.0,0.0,0.0,0.0
5,4,0.04370069,0.0,0.0,0.0,0.9562993,0.0,0.0,0.0,0.0,0.0,0.0,0.0
5,4,0.04370069,0.0,0.0,0.0,0.9562993,0.0,0.0,0.0,0.0,0.0,0.0,0.0
5,4,0.04370069,0.0,0.0,0.0,0.9562993,0.0,0.0,0.0,0.0,0.0,0.0,0.0
5,4,0.04370069,0.0,0.0,0.0,0.9562993,0.0,0.0,0.0,0.0,0.0,0.0,0.0
5,4,0.04370069,0.0,0.0,0.0,0.9562993,0.0,0.0,0.0,0.0,0.0,0.0,0.0
5,4,0.04370069,0.0,0.0,0.0,0.9562993,0.0,0.0,0.0,0.0,0.0,0.0,0.0
5,4,0.04370069,0.0,0.0,0.0,0.9562993,0.0,0.0,0.0,0.0,0.0,0.0,0.0
5,4,0.04370069,0.0,0.0,0.0,0.9562993,0.0,0.0,0.0,0.0,0.0,0.0,0.0
5,4,0.04370069,0.0,0.0,0.0,0.9562993,0.0,0.0,0.0,0.0,0.0,0.0,0.0
5,4,0.04370069,0.0,0.0,0.0,0.9562993,0.0,0.0,0.0,0.0,0.0,0.0,0.0
5,4,0.04370069,0.0,0.0,0.0,0.9562993,0.0,0.0,0.0,0.0,0.0,0.0,0.0
5,4,0.04370069,0.0,0.0,0.0,0.9562993,0.0,0.0,0.0,0.0,0.0,0.0,0.0
5,4,0.04370069,0.0,0.0,0.0,0.9562993,0.0,0.0,0.0,0.0,0.0,0.0,0.0
5,4,0.04370069,0.0,0.0,0.0,0.9562993,0.0,0.0,0.0,0.0,0.0,0.0,0.0
5,4,0.04370069,0.0,0.0,0.0,0.9562993,0.0,0.0,0.0,0.0,0.0,0.0,0.0
5,4,0.04370069,0.0,0.0,0.0,0.9562993,0.0,0.0,0.0,0.0,0.0,0.0,0.0
5,4,0.04370069,0.0,0.0,0.0,0.9562993,0.0,0.0,0.0,0.0,0.0,0.0,0.0
5,4,0.04370069,0.0,0.0,0.0,0.9562993,0.0,0.0,0.0,0.0,0.0,0.0,0.0
5,4,0.04370069,0.0,0.0,0.0,0.9562993,0.0,0.0,0.0,0.0,0.0,0.0,0.0
5,4,0.04370069,0.0,0.0,0.0,0.9562993,0.0,0.0,0.0,0.0,0.0,0.0,0.0
5,4,0.04370069,0.0,0.0,0.0,0.9562993,0.0,0.0,0.0,0.0,0.0,0.0,0.0
5,4,0.04370069,0.0,0.0,0.0,0.9562993,0.0,0.0,0.0,0.0,0.0,0.0,0.0
5,4,0.04370069,0.0,0.0,0.0,0.9562993,0.0,0.0,0.0,0.0,0.0,0.0,0.0
5,4,0.04370069,0.0,0.0,0.0,0.9562993,0.0,0.0,0.0,0.0,0.0,0.0,0.0
5,4,0.04370069,0.0,0.0,0.0,0.9562993,0.0,0.0,0.0,0.0,0.0,0.0,0.0
5,4,0.04370069,0.0,0.0,0.0,0.9562993,0.0,0.0,0.0,0.0,0.0,0.0,0.0
5,4,0.04370069,0.0,0.0,0.0,0.9562993,0.0,0.0,0.0,0.0,0.0,0.0,0.0
5,4,0.04370069,0.0,0.0,0.0,0.9562993,0.0,0.0,0.0,0.0,0.0,0.0,0.0
5,4,0.04370069,0.0,0.0,0.0,0.9562993,0.0,0.0,0.0,0.0,0.0,0.0,0.0
5,4,0.04370069,0.0,0.0,0.0,0.9562993,0.0,0.0,0.0,0.0,0.0,0.0,0.0
5,4,0.04370069,0.0,0.043475617,0.0,0.91282374,0.0,0.0,0.0,0.0,0.0,0.0,0.0
5,4,0.04370069,0.0,0.043475617,0.0,0.91282374,0.0,0.0,0.0,0.0,0.0,0.0,0.0
5,4,0.04370069,0.0,0.043475617,0.0,0.91282374,0.0,0.0,0.0,0.0,0.0,0.0,0.0
5,4,0.04370069,0.0,0.043475617,0.0,0.91282374,0.0,0.0,0.0,0.0,0.0,0.0,0.0
5,4,0.04370069,0.0,0.043475617,0.0,0.91282374,0.0,0.0,0.0,0.0,0.0,0.0,0.0
5,4,0.04370069,0.0,0.043475617,0.0,0.91282374,0.0,0.0,0.0,0.0,0.0,0.0,0.0
5,4,0.04370069,0.0,0.043475617,0.0,0.91282374,0.0,0.0,0.0,0.0,0.0,0.0,0.0
5,4,0.04370069,0.0,0.043475617,0.0,0.91282374,0.0,0.0,0.0,0.0,0.0,0.0,0.0
5,4,0.04370069,0.0,0.043475617,0.0,0.91282374,0.0,0.0,0.0,0.0,0.0,0.0,0.0
5,4,0.04370069,0.0,0.043475617,0.0,0.91282374,0.0,0.0,0.0,0.0,0.0,0.0,0.0
5,4,0.04370069,0.0,0.043475617,0.0,0.91282374,0.0,0.0,0.0,0.0,0.0,0.0,0.0
5,4,0.04370069,0.0,0.043475617,0.0,0.91282374,0.0,0.0,0.0,0.0,0.0,0.0,0.0
5,4,0.04370069,0.0,0.043475617,0.0,0.91282374,0.0,0.0,0.0,0.0,0.0,0.0,0.0
5,4,0.04370069,0.0,0.043475617,0.0,0.91282374,0.0,0.0,0.0,0.0,0.0,0.0,0.0
5,4,0.04370069,0.0,0.043475617,0.0,0.91282374,0.0,0.0,0.0,0.0,0.0,0.0,0.0
5,4,0.04370069,0.0,0.043475617,0.0,0.91282374,0.0,0.0,0.0,0.0,0.0,0.0,0.0
5,4,0.04370069,0.0,0.043475617,0.0,0.91282374,0.0,0.0,0.0,0.0,0.0,0.0,0.0
5,4,0.04370069,0.0,0.043475617,0.0,0.91282374,0.0,0.0,0.0,0.0,0.0,0.0,0.0
5,4,0.04370069,0.0,0.043475617,0.0,0.91282374,0.0,0.0,0.0,0.0,0.0,0.0,0.0
5,4,0.04370069,0.0,0.043475617,0.0,0.91282374,0.0,0.0,0.0,0.0,0.0,0.0,0.0
5,4,0.04370069,0.0,0.043475617,0.0,0.91282374,0.0,0.0,0.0,0.0,0.0,0.0,0.0
5,4,0.04370069,0.0,0.043475617,0.0,0.91282374,0.0,0.0,0.0,0.0,0.0,0.0,0.0
5,4,0.04370069,0.0,0.043475617,0.0,0.91282374,0.0,0.0,0.0,0.0,0.0,0.0,0.0
5,4,0.04370069,0.0,0.043475617,0.0,0.91282374,0.0,0.0,0.0,0.0,0.0,0.0,0.0
5,4,0.04370069,0.0,0.043475617,0.0,0.91282374,0.0,0.0,0.0,0.0,0.0,0.0,0.0
5,4,0.04370069,0.0,0.043475617,0.0,0.91282374,0.0,0.0,0.0,0.0,0.0,0.0,0.0
5,4,0.04370069,0.0,0.043475617,0.0,0.91282374,0.0,0.0,0.0,0.0,0.0,0.0,0.0
5,4,0.04370069,0.0,0.043475617,0.0,0.91282374,0.0,0.0,0.0,0.0,0.0,0.0,0.0
5,4,0.04370069,0.0,0.043475617,0.0,0.91282374,0.0,0.0,0.0,0.0,0.0,0.0,0.0
5,4,0.04370069,0.0,0.043475617,0.0,0.91282374,0.0,0.0,0.0,0.0,0.0,0.0,0.0
5,4,0.04370069,0.0,0.043475617,0.0,0.91282374,0.0,0.0,0.0,0.0,0.0,0.0,0.0
5,4,0.04370069,0.0,0.043475617,0.0,0.91282374,0.0,0.0,0.0,0.0,0.0,0.0,0.0
5,4,0.04370069,0.0,0.043475617,0.0,0.91282374,0.0,0.0,0.0,0.0,0.0,0.0,0.0
5,4,0.04370069,0.0,0.043475617,0.0,0.91282374,0.0,0.0,0.0,0.0,0.0,0.0,0.0
5,4,0.04370069,0.0,0.043475617,0.0,0.91282374,0.0,0.0,0.0,0.0,0.0,0.0,0.0
5,4,0.04370069,0.0,0.043475617,0.0,0.91282374,0.0,0.0,0.0,0.0,0.0,0.0,0.0
5,4,0.04370069,0.0,0.043475617,0.0,0.91282374,0.0,0.0,0.0,0.0,0.0,0.0,0.0
5,4,0.04370069,0.0,0.043475617,0.0,0.91282374,0.0,0.0,0.0,0.0,0.0,0.0,0.0
5,4,0.04370069,0.0,0.043475617,0.0,0.91282374,0.0,0.0,0.0,0.0,0.0,0.0,0.0
5,4,0.04370069,0.0,0.043475617,0.0,0.91282374,0.0,0.0,0.0,0.0,0.0,0.0,0.0
5,4,0.04370069,0.0,0.043475617,0.0,0.91282374,0.0,0.0,0.0,0.0,0.0,0.0,0.0
5,4,0.04370069,0.0,0.043475617,0.0,0.91282374,0.0,0.0,0.0,0.0,0.0,0.0,0.0
5,4,0.04370069,0.0,0.043475617,0.0,0.91282374,0.0,0.0,0.0,0.0,0.0,0.0,0.0
5,4,0.04370069,0.0,0.043475617,0.0,0.91282374,0.0,0.0,0.0,0.0,0.0,0.0,0.0
5,4,0.04370069,0.0,0.043475617,0.0,0.91282374,0.0,0.0,0.0,0.0,0.0,0.0,0.0
5,4,0.04370069,0.0,0.043475617,0.0,0.91282374,0.0,0.0,0.0,0.0,0.0,0.0,0.0
5,4,0.04370069,0.0,0.043475617,0.0,0.91282374,0.0,0.0,0.0,0.0,0.0,0.0,0.0
5,4,0.04370069,0.0,0.043475617,0.0,0.91282374,0.0,0.0,0.0,0.0,0.0,0.0,0.0
5,4,0.04370069,0.0,0.043475617,0.0,0.91282374,0.0,0.0,0.0,0.0,0.0,0.0,0.0
5,4,0.04370069,0.0,0.043475617,0.0,0.91282374,0.0,0.0,0.0,0.0,0.0,0.0,0.0
5,4,0.04370069,0.0,0.043475617,0.0,0.91282374,0.0,0.0,0.0,0.0,0.0,0.0,0.0
5,4,0.04370069,0.0,0.043475617,0.0,0.91282374,0.0,0.0,0.0,0.0,0.0,0.0,0.0
5,4,0.04370069,0.0,0.043475617,0.0,0.91282374,0.0,0.0,0.0,0.0,0.0,0.0,0.0
5,4,0.04370069,0.0,0.043475617,0.0,0.91282374,0.0,0.0,0.0,0.0,0.0,0.0,0.0
5,4,0.04370069,0.0,0.043475617,0.0,0.91282374,0.0,0.0,0.0,0.0,0.0,0.0,0.0
5,4,0.04370069,0.0,0.043475617,0.0,0.91282374,0.0,0.0,0.0,0.0,0.0,0.0,0.0
5,4,0.04370069,0.0,0.043475617,0.0,0.91282374,0.0,0.0,0.0,0.0,0.0,0.0,0.0
5,4,0.04370069,0.0,0.043475617,0.0,0.91282374,0.0,0.0,0.0,0.0,0.0,0.0,0.0
5,4,0.04370069,0.0,0.043475617,0.0,0.91282374,0.0,0.0,0.0,0.0,0.0,0.0,0.0
5,4,0.04370069,0.0,0.043475617,0.0,0.91282374,0.0,0.0,0.0,0.0,0.0,0.0,0.0
5,4,0.04370069,0.0,0.043475617,0.0,0.91282374,0.0,0.0,0.0,0.0,0.0,0.0,0.0
5,4,0.04370069,0.0,0.043475617,0.0,0.91282374,0.0,0.0,0.0,0.0,0.0,0.0,0.0
5,4,0.04370069,0.0,0.043475617,0.0,0.91282374,0.0,0.0,0.0,0.0,0.0,0.0,0.0
5,4,0.04370069,0.0,0.043475617,0.0,0.91282374,0.0,0.0,0.0,0.0,0.0,0.0,0.0
5,4,0.04370069,0.0,0.043475617,0.0,0.91282374,0.0,0.0,0.0,0.0,0.0,0.0,0.0
5,4,0.04370069,0.0,0.043475617,0.0,0.91282374,0.0,0.0,0.0,0.0,0.0,0.0,0.0
5,4,0.04370069,0.0,0.043475617,0.0,0.91282374,0.0,0.0,0.0,0.0,0.0,0.0,0.0
5,4,0.04370069,0.0,0.043475617,0.0,0.91282374,0.0,0.0,0.0,0.0,0.0,0.0,0.0
5,4,0.04370069,0.0,0.043475617,0.0,0.91282374,0.0,0.0,0.0,0.0,0.0,0.0,0.0
5,4,0.04370069,0.0,0.043475617,0.0,0.91282374,0.0,0.0,0.0,0.0,0.0,0.0,0.0
5,4,0.04370069,0.0,0.043475617,0.0,0.91282374,0.0,0.0,0.0,0.0,0.0,0.0,0.0
5,4,0.04370069,0.0,0.043475617,0.0,0.91282374,0.0,0.0,0.0,0.0,0.0,0.0,0.0
5,4,0.04370069,0.0,0.043475617,0.0,0.91282374,0.0,0.0,0.0,0.0,0.0,0.0,0.0
5,4,0.04370069,0.0,0.043475617,0.0,0.91282374,0.0,0.0,0.0,0.0,0.0,0.0,0.0
5,4,0.04370069,0.0,0.043475617,0.0,0.91282374,0.0,0.0,0.0,0.0,0.0,0.0,0.0
5,4,0.04370069,0.0,0.043475617,0.0,0.91282374,0.0,0.0,0.0,0.0,0.0,0.0,0.0
5,4,0.04370069,0.0,0.043475617,0.0,0.91282374,0.0,0.0,0.0,0.0,0.0,0.0,0.0
5,4,0.04370069,0.0,0.043475617,0.0,0.91282374,0.0,0.0,0.0,0.0,0.0,0.0,0.0
5,4,0.04370069,0.0,0.043475617,0.0,0.91282374,0.0,0.0,0.0,0.0,0.0,0.0,0.0
5,4,0.04370069,0.0,0.043475617,0.0,0.91282374,0.0,0.0,0.0,0.0,0.0,0.0,0.0
5,4,0.04370069,0.0,0.043475617,0.0,0.91282374,0.0,0.0,0.0,0.0,0.0,0.0,0.0
5,4,0.04370069,0.0,0.043475617,0.0,0.91282374,0.0,0.0,0.0,0.0,0.0,0.0,0.0
5,4,0.04370069,0.0,0.043475617,0.0,0.91282374,0.0,0.0,0.0,0.0,0.0,0.0,0.0
5,4,0.04370069,0.0,0.043475617,0.0,0.91282374,0.0,0.0,0.0,0.0,0.0,0.0,0.0
5,4,0.04370069,0.0,0.043475617,0.0,0.91282374,0.0,0.0,0.0,0.0,0.0,0.0,0.0
5,4,0.04370069,0.0,0.043475617,0.0,0.91282374,0.0,0.0,0.0,0.0,0.0,0.0,0.0
5,4,0.04370069,0.0,0.043475617,0.0,0.91282374,0.0,0.0,0.0,0.0,0.0,0.0,0.0
5,4,0.04370069,0.0,0.043475617,0.0,0.91282374,0.0,0.0,0.0,0.0,0.0,0.0,0.0
5,4,0.04370069,0.0,0.043475617,0.0,0.91282374,0.0,0.0,0.0,0.0,0.0,0.0,0.0
5,4,0.04370069,0.0,0.043475617,0.0,0.91282374,0.0,0.0,0.0,0.0,0.0,0.0,0.0
5,4,0.04370069,0.0,0.043475617,0.0,0.91282374,0.0,0.0,0.0,0.0,0.0,0.0,0.0
5,4,0.04370069,0.0,0.043475617,0.0,0.91282374,0.0,0.0,0.0,0.0,0.0,0.0,0.0
5,4,0.04370069,0.0,0.043475617,0.0,0.91282374,0.0,0.0,0.0,0.0,0.0,0.0,0.0
5,4,0.04370069,0.0,0.043475617,0.0,0.91282374,0.0,0.0,0.0,0.0,0.0,0.0,0.0
5,4,0.04370069,0.0,0.043475617,0.0,0.91282374,0.0,0.0,0.0,0.0,0.0,0.0,0.0
5,4,0.04370069,0.0,0.043475617,0.0,0.91282374,0.0,0.0,0.0,0.0,0.0,0.0,0.0
5,4,0.04370069,0.0,0.043475617,0.0,0.91282374,0.0,0.0,0.0,0.0,0.0,0.0,0.0
5,4,0.04370069,0.0,0.043475617,0.0,0.91282374,0.0,0.0,0.0,0.0,0.0,0.0,0.0
5,4,0.04370069,0.0,0.043475617,0.0,0.91282374,0.0,0.0,0.0,0.0,0.0,0.0,0.0
5,4,0.04370069,0.0,0.043475617,0.0,0.91282374,0.0,0.0,0.0,0.0,0.0,0.0,0.0
5,4,0.04370069,0.0,0.043475617,0.0,0.91282374,0.0,0.0,0.0,0.0,0.0,0.0,0.0
5,4,0.04370069,0.0,0.043475617,0.0,0.91282374,0.0,0.0,0.0,0.0,0.0,0.0,0.0
5,4,0.04370069,0.0,0.043475617,0.0,0.91282374,0.0,0.0,0.0,0.0,0.0,0.0,0.0
5,4,0.04370069,0.0,0.043475617,0.0,0.91282374,0.0,0.0,0.0,0.0,0.0,0.0,0.0
5,4,0.04370069,0.0,0.043475617,0.0,0.91282374,0.0,0.0,0.0,0.0,0.0,0.0,0.0
5,4,0.04370069,0.0,0.043475617,0.0,0.91282374,0.0,0.0,0.0,0.0,0.0,0.0,0.0
5,4,0.04370069,0.0,0.043475617,0.0,0.91282374,0.0,0.0,0.0,0.0,0.0,0.0,0.0
5,4,0.04370069,0.0,0.043475617,0.0,0.91282374,0.0,0.0,0.0,0.0,0.0,0.0,0.0
5,4,0.04370069,0.0,0.043475617,0.0,0.91282374,0.0,0.0,0.0,0.0,0.0,0.0,0.0
5,4,0.04370069,0.0,0.043475617,0.0,0.91282374,0.0,0.0,0.0,0.0,0.0,0.0,0.0
5,4,0.04370069,0.0,0.043475617,0.0,0.91282374,0.0,0.0,0.0,0.0,0.0,0.0,0.0
5,4,0.04370069,0.0,0.043475617,0.0,0.91282374,0.0,0.0,0.0,0.0,0.0,0.0,0.0
5,4,0.04370069,0.0,0.043475617,0.0,0.91282374,0.0,0.0,0.0,0.0,0.0,0.0,0.0
5,4,0.04370069,0.0,0.043475617,0.0,0.91282374,0.0,0.0,0.0,0.0,0.0,0.0,0.0
5,4,0.04370069,0.0,0.043475617,0.0,0.91282374,0.0,0.0,0.0,0.0,0.0,0.0,0.0
5,4,0.04370069,0.0,0.043475617,0.0,0.91282374,0.0,0.0,0.0,0.0,0.0,0.0,0.0
5,4,0.04370069,0.0,0.043475617,0.0,0.91282374,0.0,0.0,0.0,0.0,0.0,0.0,0.0
5,4,0.04370069,0.0,0.043475617,0.0,0.91282374,0.0,0.0,0.0,0.0,0.0,0.0,0.0
5,4,0.04370069,0.0,0.043475617,0.0,0.91282374,0.0,0.0,0.0,0.0,0.0,0.0,0.0
5,4,0.04370069,0.0,0.043475617,0.0,0.91282374,0.0,0.0,0.0,0.0,0.0,0.0,0.0
5,4,0.040185835,0.0,0.03997886,0.0,0.9198353,0.0,0.0,0.0,0.0,0.0,0.0,0.0
5,4,0.040185835,0.0,0.03997886,0.0,0.9198353,0.0,0.0,0.0,0.0,0.0,0.0,0.0
5,4,0.040185835,0.0,0.03997886,0.0,0.9198353,0.0,0.0,0.0,0.0,0.0,0.0,0.0
5,4,0.040185835,0.0,0.03997886,0.0,0.9198353,0.0,0.0,0.0,0.0,0.0,0.0,0.0
5,4,0.040185835,0.0,0.03997886,0.0,0.9198353,0.0,0.0,0.0,0.0,0.0,0.0,0.0
5,4,0.040185835,0.0,0.03997886,0.0,0.9198353,0.0,0.0,0.0,0.0,0.0,0.0,0.0
5,4,0.040185835,0.0,0.03997886,0.0,0.9198353,0.0,0.0,0.0,0.0,0.0,0.0,0.0
5,4,0.040185835,0.0,0.03997886,0.0,0.9198353,0.0,0.0,0.0,0.0,0.0,0.0,0.0
5,4,0.040185835,0.0,0.03997886,0.0,0.9198353,0.0,0.0,0.0,0.0,0.0,0.0,0.0
5,4,0.040185835,0.0,0.03997886,0.0,0.9198353,0.0,0.0,0.0,0.0,0.0,0.0,0.0
5,4,0.040185835,0.0,0.03997886,0.0,0.9198353,0.0,0.0,0.0,0.0,0.0,0.0,0.0
5,4,0.040185835,0.0,0.03997886,0.0,0.9198353,0.0,0.0,0.0,0.0,0.0,0.0,0.0
5,4,0.040185835,0.0,0.03997886,0.0,0.9198353,0.0,0.0,0.0,0.0,0.0,0.0,0.0
5,4,0.040185835,0.0,0.03997886,0.0,0.9198353,0.0,0.0,0.0,0.0,0.0,0.0,0.0
5,4,0.040185835,0.0,0.03997886,0.0,0.9198353,0.0,0.0,0.0,0.0,0.0,0.0,0.0
5,4,0.040185835,0.0,0.03997886,0.0,0.9198353,0.0,0.0,0.0,0.0,0.0,0.0,0.0
5,4,0.040185835,0.0,0.03997886,0.0,0.9198353,0.0,0.0,0.0,0.0,0.0,0.0,0.0
5,4,0.040185835,0.0,0.03997886,0.0,0.9198353,0.0,0.0,0.0,0.0,0.0,0.0,0.0
5,4,0.040185835,0.0,0.03997886,0.0,0.9198353,0.0,0.0,0.0,0.0,0.0,0.0,0.0
5,4,0.040185835,0.0,0.03997886,0.0,0.9198353,0.0,0.0,0.0,0.0,0.0,0.0,0.0
5,4,0.040185835,0.0,0.03997886,0.0,0.9198353,0.0,0.0,0.0,0.0,0.0,0.0,0.0
5,4,0.040185835,0.0,0.03997886,0.0,0.9198353,0.0,0.0,0.0,0.0,0.0,0.0,0.0
5,4,0.040185835,0.0,0.03997886,0.0,0.9198353,0.0,0.0,0.0,0.0,0.0,0.0,0.0
5,4,0.040185835,0.0,0.03997886,0.0,0.9198353,0.0,0.0,0.0,0.0,0.0,0.0,0.0
5,4,0.040185835,0.0,0.03997886,0.0,0.9198353,0.0,0.0,0.0,0.0,0.0,0.0,0.0
5,4,0.040185835,0.0,0.03997886,0.0,0.9198353,0.0,0.0,0.0,0.0,0.0,0.0,0.0
5,4,0.040185835,0.0,0.03997886,0.0,0.9198353,0.0,0.0,0.0,0.0,0.0,0.0,0.0
5,4,0.040185835,0.0,0.03997886,0.0,0.9198353,0.0,0.0,0.0,0.0,0.0,0.0,0.0
5,4,0.040185835,0.0,0.03997886,0.0,0.9198353,0.0,0.0,0.0,0.0,0.0,0.0,0.0
5,4,0.040185835,0.0,0.03997886,0.0,0.9198353,0.0,0.0,0.0,0.0,0.0,0.0,0.0
5,4,0.040185835,0.0,0.03997886,0.0,0.9198353,0.0,0.0,0.0,0.0,0.0,0.0,0.0
5,4,0.040185835,0.0,0.03997886,0.0,0.9198353,0.0,0.0,0.0,0.0,0.0,0.0,0.0
5,4,0.040185835,0.0,0.03997886,0.0,0.9198353,0.0,0.0,0.0,0.0,0.0,0.0,0.0
5,4,0.040185835,0.0,0.03997886,0.0,0.9198353,0.0,0.0,0.0,0.0,0.0,0.0,0.0
5,4,0.040185835,0.0,0.03997886,0.0,0.9198353,0.0,0.0,0.0,0.0,0.0,0.0,0.0
5,4,0.040185835,0.0,0.03997886,0.0,0.9198353,0.0,0.0,0.0,0.0,0.0,0.0,0.0
5,4,0.040185835,0.0,0.03997886,0.0,0.9198353,0.0,0.0,0.0,0.0,0.0,0.0,0.0
5,4,0.040185835,0.0,0.03997886,0.0,0.9198353,0.0,0.0,0.0,0.0,0.0,0.0,0.0
5,4,0.040185835,0.0,0.03997886,0.0,0.9198353,0.0,0.0,0.0,0.0,0.0,0.0,0.0
5,4,0.040185835,0.0,0.03997886,0.0,0.9198353,0.0,0.0,0.0,0.0,0.0,0.0,0.0
5,4,0.04018583,0.0,0.039978858,0.0,0.78225034,0.0,0.0,0.13758495,0.0,0.0,0.0,0.0
5,4,0.04018583,0.0,0.039978858,0.0,0.78225034,0.0,0.0,0.13758495,0.0,0.0,0.0,0.0
5,4,0.04018583,0.0,0.039978858,0.0,0.78225034,0.0,0.0,0.13758495,0.0,0.0,0.0,0.0
5,4,0.04018583,0.0,0.039978858,0.0,0.78225034,0.0,0.0,0.13758495,0.0,0.0,0.0,0.0
5,4,0.04018583,0.0,0.039978858,0.0,0.78225034,0.0,0.0,0.13758495,0.0,0.0,0.0,0.0
5,4,0.04018583,0.0,0.039978858,0.0,0.78225034,0.0,0.0,0.13758495,0.0,0.0,0.0,0.0
5,4,0.04018583,0.0,0.039978858,0.0,0.78225034,0.0,0.0,0.13758495,0.0,0.0,0.0,0.0
5,4,0.04018583,0.0,0.039978858,0.0,0.78225034,0.0,0.0,0.13758495,0.0,0.0,0.0,0.0
5,4,0.04018583,0.0,0.039978858,0.0,0.78225034,0.0,0.0,0.13758495,0.0,0.0,0.0,0.0
5,4,0.04018583,0.0,0.039978858,0.0,0.78225034,0.0,0.0,0.13758495,0.0,0.0,0.0,0.0
5,4,0.04018583,0.0,0.039978858,0.0,0.78225034,0.0,0.0,0.13758495,0.0,0.0,0.0,0.0
5,4,0.04018583,0.0,0.039978858,0.0,0.78225034,0.0,0.0,0.13758495,0.0,0.0,0.0,0.0
5,4,0.04018583,0.0,0.039978858,0.0,0.78225034,0.0,0.0,0.13758495,0.0,0.0,0.0,0.0
5,4,0.04018583,0.0,0.039978858,0.0,0.78225034,0.0,0.0,0.13758495,0.0,0.0,0.0,0.0
5,4,0.04018583,0.0,0.039978858,0.0,0.78225034,0.0,0.0,0.13758495,0.0,0.0,0.0,0.0
5,4,0.04018583,0.0,0.039978858,0.0,0.78225034,0.0,0.0,0.13758495,0.0,0.0,0.0,0.0
5,4,0.04018583,0.0,0.039978858,0.0,0.78225034,0.0,0.0,0.13758495,0.0,0.0,0.0,0.0
5,4,0.04018583,0.0,0.039978858,0.0,0.78225034,0.0,0.0,0.13758495,0.0,0.0,0.0,0.0
5,4,0.04018583,0.0,0.039978858,0.0,0.78225034,0.0,0.0,0.13758495,0.0,0.0,0.0,0.0
5,4,0.04018583,0.0,0.039978858,0.0,0.78225034,0.0,0.0,0.13758495,0.0,0.0,0.0,0.0
5,4,0.04018583,0.0,0.039978858,0.0,0.78225034,0.0,0.0,0.13758495,0.0,0.0,0.0,0.0
5,4,0.04018583,0.0,0.039978858,0.0,0.78225034,0.0,0.0,0.13758495,0.0,0.0,0.0,0.0
5,4,0.04018583,0.0,0.039978858,0.0,0.78225034,0.0,0.0,0.13758495,0.0,0.0,0.0,0.0
5,4,0.04018583,0.0,0.039978858,0.0,0.78225034,0.0,0.0,0.13758495,0.0,0.0,0.0,0.0
5,4,0.04018583,0.0,0.039978858,0.0,0.78225034,0.0,0.0,0.13758495,0.0,0.0,0.0,0.0
5,4,0.04018583,0.0,0.039978858,0.0,0.78225034,0.0,0.0,0.13758495,0.0,0.0,0.0,0.0
5,4,0.04018583,0.0,0.039978858,0.0,0.78225034,0.0,0.0,0.13758495,0.0,0.0,0.0,0.0
5,4,0.04018583,0.0,0.039978858,0.0,0.78225034,0.0,0.0,0.13758495,0.0,0.0,0.0,0.0
5,4,0.04018583,0.0,0.039978858,0.0,0.78225034,0.0,0.0,0.13758495,0.0,0.0,0.0,0.0
5,4,0.04018583,0.0,0.039978858,0.0,0.78225034,0.0,0.0,0.13758495,0.0,0.0,0.0,0.0
5,4,0.04018583,0.0,0.039978858,0.0,0.78225034,0.0,0.0,0.13758495,0.0,0.0,0.0,0.0
5,4,0.04018583,0.0,0.039978858,0.0,0.78225034,0.0,0.0,0.13758495,0.0,0.0,0.0,0.0
5,4,0.04018583,0.0,0.039978858,0.0,0.78225034,0.0,0.0,0.13758495,0.0,0.0,0.0,0.0
5,4,0.04018583,0.0,0.039978858,0.0,0.78225034,0.0,0.0,0.13758495,0.0,0.0,0.0,0.0
5,4,0.04018583,0.0,0.039978858,0.0,0.78225034,0.0,0.0,0.13758495,0.0,0.0,0.0,0.0
5,4,0.04018583,0.0,0.039978858,0.0,0.78225034,0.0,0.0,0.13758495,0.0,0.0,0.0,0.0
5,4,0.04018583,0.0,0.039978858,0.0,0.78225034,0.0,0.0,0.13758495,0.0,0.0,0.0,0.0
5,4,0.04018583,0.0,0.039978858,0.0,0.78225034,0.0,0.0,0.13758495,0.0,0.0,0.0,0.0
5,4,0.04018583,0.0,0.039978858,0.0,0.78225034,0.0,0.0,0.13758495,0.0,0.0,0.0,0.0
5,4,0.04018583,0.0,0.039978858,0.0,0.78225034,0.0,0.0,0.13758495,0.0,0.0,0.0,0.0
5,4,0.04018583,0.0,0.039978858,0.0,0.78225034,0.0,0.0,0.13758495,0.0,0.0,0.0,0.0
5,4,0.04018583,0.0,0.039978858,0.0,0.78225034,0.0,0.0,0.13758495,0.0,0.0,0.0,0.0
5,4,0.04018583,0.0,0.039978858,0.0,0.78225034,0.0,0.0,0.13758495,0.0,0.0,0.0,0.0
5,4,0.04018583,0.0,0.039978858,0.0,0.78225034,0.0,0.0,0.13758495,0.0,0.0,0.0,0.0
5,4,0.04018583,0.0,0.039978858,0.0,0.78225034,0.0,0.0,0.13758495,0.0,0.0,0.0,0.0
5,4,0.04018583,0.0,0.039978858,0.0,0.78225034,0.0,0.0,0.13758495,0.0,0.0,0.0,0.0
5,4,0.04018583,0.0,0.039978858,0.0,0.78225034,0.0,0.0,0.13758495,0.0,0.0,0.0,0.0
5,4,0.04018583,0.0,0.039978858,0.0,0.78225034,0.0,0.0,0.13758495,0.0,0.0,0.0,0.0
5,4,0.04018583,0.0,0.039978858,0.0,0.78225034,0.0,0.0,0.13758495,0.0,0.0,0.0,0.0
5,4,0.04018583,0.0,0.039978858,0.0,0.78225034,0.0,0.0,0.13758495,0.0,0.0,0.0,0.0
5,4,0.04018583,0.0,0.039978858,0.0,0.78225034,0.0,0.0,0.13758495,0.0,0.0,0.0,0.0
5,4,0.04018583,0.0,0.039978858,0.0,0.78225034,0.0,0.0,0.13758495,0.0,0.0,0.0,0.0
5,4,0.04018583,0.0,0.039978858,0.0,0.78225034,0.0,0.0,0.13758495,0.0,0.0,0.0,0.0
5,4,0.04018583,0.0,0.039978858,0.0,0.78225034,0.0,0.0,0.13758495,0.0,0.0,0.0,0.0
5,4,0.04018583,0.0,0.039978858,0.0,0.78225034,0.0,0.0,0.13758495,0.0,0.0,0.0,0.0
5,4,0.04018583,0.0,0.039978858,0.0,0.78225034,0.0,0.0,0.13758495,0.0,0.0,0.0,0.0
5,4,0.04018583,0.0,0.039978858,0.0,0.78225034,0.0,0.0,0.13758495,0.0,0.0,0.0,0.0
5,4,0.04018583,0.0,0.039978858,0.0,0.78225034,0.0,0.0,0.13758495,0.0,0.0,0.0,0.0
5,4,0.04018583,0.0,0.039978858,0.0,0.78225034,0.0,0.0,0.13758495,0.0,0.0,0.0,0.0
5,4,0.04018583,0.0,0.039978858,0.0,0.78225034,0.0,0.0,0.13758495,0.0,0.0,0.0,0.0
5,4,0.04018583,0.0,0.039978858,0.0,0.78225034,0.0,0.0,0.13758495,0.0,0.0,0.0,0.0
5,4,0.04018583,0.0,0.039978858,0.0,0.78225034,0.0,0.0,0.13758495,0.0,0.0,0.0,0.0
5,4,0.04018583,0.0,0.039978858,0.0,0.78225034,0.0,0.0,0.13758495,0.0,0.0,0.0,0.0
5,4,0.04018583,0.0,0.039978858,0.0,0.78225034,0.0,0.0,0.13758495,0.0,0.0,0.0,0.0
5,4,0.0,0.0,0.0,0.0,0.8624151,0.0,0.0,0.13758495,0.0,0.0,0.0,0.0
5,4,0.0,0.0,0.0,0.0,0.8624151,0.0,0.0,0.13758495,0.0,0.0,0.0,0.0
5,4,0.0,0.0,0.0,0.0,0.8624151,0.0,0.0,0.13758495,0.0,0.0,0.0,0.0
5,4,0.0,0.0,0.0,0.0,0.8624151,0.0,0.0,0.13758495,0.0,0.0,0.0,0.0
5,4,0.0,0.0,0.0,0.0,0.8624151,0.0,0.0,0.13758495,0.0,0.0,0.0,0.0
5,4,0.0,0.0,0.0,0.0,0.8624151,0.0,0.0,0.13758495,0.0,0.0,0.0,0.0
5,4,0.0,0.0,0.0,0.0,0.8624151,0.0,0.0,0.13758495,0.0,0.0,0.0,0.0
5,4,0.0,0.0,0.0,0.0,0.8624151,0.0,0.0,0.13758495,0.0,0.0,0.0,0.0
5,4,0.0,0.0,0.0,0.0,0.8624151,0.0,0.0,0.13758495,0.0,0.0,0.0,0.0
5,4,0.0,0.0,0.0,0.0,0.8624151,0.0,0.0,0.13758495,0.0,0.0,0.0,0.0
5,4,0.0,0.0,0.0,0.0,0.8624151,0.0,0.0,0.13758495,0.0,0.0,0.0,0.0
5,4,0.0,0.0,0.0,0.0,0.8624151,0.0,0.0,0.13758495,0.0,0.0,0.0,0.0
5,4,0.0,0.0,0.0,0.0,0.8624151,0.0,0.0,0.13758495,0.0,0.0,0.0,0.0
5,4,0.0,0.0,0.0,0.0,0.8624151,0.0,0.0,0.13758495,0.0,0.0,0.0,0.0
5,4,0.0,0.0,0.0,0.0,0.8624151,0.0,0.0,0.13758495,0.0,0.0,0.0,0.0
5,4,0.0,0.0,0.0,0.0,0.8624151,0.0,0.0,0.13758495,0.0,0.0,0.0,0.0
5,4,0.0,0.0,0.0,0.0,0.8624151,0.0,0.0,0.13758495,0.0,0.0,0.0,0.0
5,4,0.0,0.0,0.0,0.0,0.8624151,0.0,0.0,0.13758495,0.0,0.0,0.0,0.0
5,4,0.0,0.0,0.0,0.0,0.8624151,0.0,0.0,0.13758495,0.0,0.0,0.0,0.0
5,4,0.0,0.0,0.0,0.0,0.8624151,0.0,0.0,0.13758495,0.0,0.0,0.0,0.0
5,4,0.0,0.0,0.0,0.0,0.8624151,0.0,0.0,0.13758495,0.0,0.0,0.0,0.0
5,4,0.0,0.0,0.0,0.0,0.8624151,0.0,0.0,0.13758495,0.0,0.0,0.0,0.0
5,4,0.0,0.0,0.0,0.0,0.8624151,0.0,0.0,0.13758495,0.0,0.0,0.0,0.0
5,4,0.0,0.0,0.0,0.0,0.8624151,0.0,0.0,0.13758495,0.0,0.0,0.0,0.0
5,4,0.0,0.0,0.0,0.0,0.8624151,0.0,0.0,0.13758495,0.0,0.0,0.0,0.0
5,4,0.0,0.0,0.0,0.0,0.8624151,0.0,0.0,0.13758495,0.0,0.0,0.0,0.0
5,4,0.0,0.0,0.0,0.0,0.8624151,0.0,0.0,0.13758495,0.0,0.0,0.0,0.0
5,4,0.0,0.0,0.0,0.0,0.8624151,0.0,0.0,0.13758495,0.0,0.0,0.0,0.0
5,4,0.0,0.0,0.0,0.0,0.8624151,0.0,0.0,0.13758495,0.0,0.0,0.0,0.0
5,4,0.0,0.0,0.0,0.0,0.8624151,0.0,0.0,0.13758495,0.0,0.0,0.0,0.0
5,4,0.0,0.0,0.0,0.0,0.8624151,0.0,0.0,0.13758495,0.0,0.0,0.0,0.0
5,4,0.0,0.0,0.0,0.0,0.8624151,0.0,0.0,0.13758495,0.0,0.0,0.0,0.0
5,4,0.0,0.0,0.0,0.0,0.8624151,0.0,0.0,0.13758495,0.0,0.0,0.0,0.0
5,4,0.0,0.0,0.0,0.0,0.8624151,0.0,0.0,0.13758495,0.0,0.0,0.0,0.0
5,4,0.0,0.0,0.0,0.0,0.8624151,0.0,0.0,0.13758495,0.0,0.0,0.0,0.0
5,4,0.0,0.0,0.0,0.0,0.8624151,0.0,0.0,0.13758495,0.0,0.0,0.0,0.0
5,4,0.0,0.0,0.0,0.0,0.8624151,0.0,0.0,0.13758495,0.0,0.0,0.0,0.0
5,4,0.0,0.0,0.0,0.0,0.8624151,0.0,0.0,0.13758495,0.0,0.0,0.0,0.0
5,4,0.0,0.0,0.0,0.0,0.8624151,0.0,0.0,0.13758495,0.0,0.0,0.0,0.0
5,4,0.0,0.0,0.0,0.0,0.8624151,0.0,0.0,0.13758495,0.0,0.0,0.0,0.0
5,4,0.0,0.0,0.0,0.0,0.8624151,0.0,0.0,0.13758495,0.0,0.0,0.0,0.0
5,4,0.0,0.0,0.0,0.0,0.8624151,0.0,0.0,0.13758495,0.0,0.0,0.0,0.0
5,4,0.0,0.0,0.0,0.0,0.8624151,0.0,0.0,0.13758495,0.0,0.0,0.0,0.0
5,4,0.0,0.0,0.0,0.0,0.8624151,0.0,0.0,0.13758495,0.0,0.0,0.0,0.0
5,4,0.0,0.0,0.0,0.0,0.8624151,0.0,0.0,0.13758495,0.0,0.0,0.0,0.0
5,4,0.0,0.0,0.0,0.0,0.8624151,0.0,0.0,0.13758495,0.0,0.0,0.0,0.0
5,4,0.0,0.0,0.0,0.0,0.8624151,0.0,0.0,0.13758495,0.0,0.0,0.0,0.0
5,4,0.0,0.0,0.0,0.0,0.8624151,0.0,0.0,0.13758495,0.0,0.0,0.0,0.0
5,4,0.0,0.0,0.0,0.0,0.8624151,0.0,0.0,0.13758495,0.0,0.0,0.0,0.0
5,4,0.0,0.0,0.0,0.0,0.8624151,0.0,0.0,0.13758495,0.0,0.0,0.0,0.0
5,4,0.0,0.0,0.0,0.0,0.8624151,0.0,0.0,0.13758495,0.0,0.0,0.0,0.0
5,4,0.0,0.0,0.0,0.0,0.8624151,0.0,0.0,0.13758495,0.0,0.0,0.0,0.0
5,4,0.0,0.0,0.0,0.0,0.8624151,0.0,0.0,0.13758495,0.0,0.0,0.0,0.0
5,4,0.0,0.0,0.0,0.0,0.8624151,0.0,0.0,0.13758495,0.0,0.0,0.0,0.0
5,4,0.0,0.0,0.0,0.0,0.8624151,0.0,0.0,0.13758495,0.0,0.0,0.0,0.0
5,4,0.0,0.0,0.0,0.0,0.8624151,0.0,0.0,0.13758495,0.0,0.0,0.0,0.0
5,4,0.0,0.0,0.0,0.0,0.8624151,0.0,0.0,0.13758495,0.0,0.0,0.0,0.0
5,4,0.0,0.0,0.0,0.0,0.8624151,0.0,0.0,0.13758495,0.0,0.0,0.0,0.0
5,4,0.0,0.0,0.0,0.0,0.8624151,0.0,0.0,0.13758495,0.0,0.0,0.0,0.0
5,4,0.0,0.0,0.0,0.0,0.8624151,0.0,0.0,0.13758495,0.0,0.0,0.0,0.0
5,4,0.0,0.0,0.0,0.0,0.8624151,0.0,0.0,0.13758495,0.0,0.0,0.0,0.0
5,4,0.0,0.0,0.0,0.0,0.8624151,0.0,0.0,0.13758495,0.0,0.0,0.0,0.0
5,4,0.0,0.0,0.0,0.0,0.8624151,0.0,0.0,0.13758495,0.0,0.0,0.0,0.0
5,4,0.0,0.0,0.0,0.0,0.8624151,0.0,0.0,0.13758495,0.0,0.0,0.0,0.0
5,4,0.0,0.0,0.0,0.0,1.0,0.0,0.0,0.0,0.0,0.0,0.0,0.0
5,4,0.0,0.0,0.0,0.0,1.0,0.0,0.0,0.0,0.0,0.0,0.0,0.0
5,4,0.0,0.0,0.0,0.0,1.0,0.0,0.0,0.0,0.0,0.0,0.0,0.0
5,4,0.0,0.0,0.0,0.0,1.0,0.0,0.0,0.0,0.0,0.0,0.0,0.0
5,4,0.0,0.0,0.0,0.0,1.0,0.0,0.0,0.0,0.0,0.0,0.0,0.0
5,4,0.0,0.0,0.0,0.0,1.0,0.0,0.0,0.0,0.0,0.0,0.0,0.0
5,4,0.0,0.0,0.0,0.0,1.0,0.0,0.0,0.0,0.0,0.0,0.0,0.0
5,4,0.0,0.0,0.0,0.0,1.0,0.0,0.0,0.0,0.0,0.0,0.0,0.0
5,4,0.0,0.0,0.0,0.0,1.0,0.0,0.0,0.0,0.0,0.0,0.0,0.0
5,4,0.0,0.0,0.0,0.0,1.0,0.0,0.0,0.0,0.0,0.0,0.0,0.0
5,4,0.0,0.0,0.0,0.0,1.0,0.0,0.0,0.0,0.0,0.0,0.0,0.0
5,4,0.0,0.0,0.0,0.0,1.0,0.0,0.0,0.0,0.0,0.0,0.0,0.0
5,4,0.0,0.0,0.0,0.0,1.0,0.0,0.0,0.0,0.0,0.0,0.0,0.0
5,4,0.0,0.0,0.0,0.0,1.0,0.0,0.0,0.0,0.0,0.0,0.0,0.0
5,4,0.0,0.0,0.0,0.0,1.0,0.0,0.0,0.0,0.0,0.0,0.0,0.0
5,4,0.0,0.0,0.0,0.0,1.0,0.0,0.0,0.0,0.0,0.0,0.0,0.0
5,4,0.0,0.0,0.0,0.0,1.0,0.0,0.0,0.0,0.0,0.0,0.0,0.0
5,4,0.0,0.0,0.0,0.0,1.0,0.0,0.0,0.0,0.0,0.0,0.0,0.0
5,4,0.0,0.0,0.0,0.0,1.0,0.0,0.0,0.0,0.0,0.0,0.0,0.0
5,4,0.0,0.0,0.0,0.0,1.0,0.0,0.0,0.0,0.0,0.0,0.0,0.0
5,4,0.0,0.0,0.0,0.0,1.0,0.0,0.0,0.0,0.0,0.0,0.0,0.0
5,4,0.0,0.0,0.0,0.0,1.0,0.0,0.0,0.0,0.0,0.0,0.0,0.0
5,4,0.0,0.0,0.0,0.0,1.0,0.0,0.0,0.0,0.0,0.0,0.0,0.0
5,4,0.0,0.0,0.0,0.0,1.0,0.0,0.0,0.0,0.0,0.0,0.0,0.0
5,4,0.0,0.0,0.0,0.0,1.0,0.0,0.0,0.0,0.0,0.0,0.0,0.0
5,4,0.0,0.0,0.0,0.0,1.0,0.0,0.0,0.0,0.0,0.0,0.0,0.0
5,4,0.0,0.0,0.0,0.0,1.0,0.0,0.0,0.0,0.0,0.0,0.0,0.0
5,4,0.0,0.0,0.0,0.0,1.0,0.0,0.0,0.0,0.0,0.0,0.0,0.0
5,4,0.0,0.0,0.0,0.0,1.0,0.0,0.0,0.0,0.0,0.0,0.0,0.0
5,4,0.0,0.0,0.0,0.0,1.0,0.0,0.0,0.0,0.0,0.0,0.0,0.0
5,4,0.0,0.0,0.0,0.0,1.0,0.0,0.0,0.0,0.0,0.0,0.0,0.0
5,4,0.0,0.0,0.0,0.0,1.0,0.0,0.0,0.0,0.0,0.0,0.0,0.0
5,4,0.0,0.0,0.0,0.0,1.0,0.0,0.0,0.0,0.0,0.0,0.0,0.0
5,4,0.0,0.0,0.0,0.0,1.0,0.0,0.0,0.0,0.0,0.0,0.0,0.0
5,4,0.0,0.0,0.0,0.0,1.0,0.0,0.0,0.0,0.0,0.0,0.0,0.0
5,4,0.0,0.0,0.0,0.0,1.0,0.0,0.0,0.0,0.0,0.0,0.0,0.0
5,4,0.0,0.0,0.0,0.0,1.0,0.0,0.0,0.0,0.0,0.0,0.0,0.0
5,4,0.0,0.0,0.0,0.0,1.0,0.0,0.0,0.0,0.0,0.0,0.0,0.0
5,4,0.0,0.0,0.0,0.0,1.0,0.0,0.0,0.0,0.0,0.0,0.0,0.0
5,4,0.0,0.0,0.0,0.0,1.0,0.0,0.0,0.0,0.0,0.0,0.0,0.0
5,4,0.0,0.0,0.0,0.0,1.0,0.0,0.0,0.0,0.0,0.0,0.0,0.0
5,4,0.0,0.0,0.0,0.0,1.0,0.0,0.0,0.0,0.0,0.0,0.0,0.0
5,4,0.0,0.0,0.0,0.0,1.0,0.0,0.0,0.0,0.0,0.0,0.0,0.0
5,4,0.0,0.0,0.0,0.0,1.0,0.0,0.0,0.0,0.0,0.0,0.0,0.0
5,4,0.0,0.0,0.0,0.0,1.0,0.0,0.0,0.0,0.0,0.0,0.0,0.0
5,4,0.0,0.0,0.0,0.0,1.0,0.0,0.0,0.0,0.0,0.0,0.0,0.0
5,4,0.0,0.0,0.0,0.0,1.0,0.0,0.0,0.0,0.0,0.0,0.0,0.0
5,4,0.0,0.0,0.0,0.0,1.0,0.0,0.0,0.0,0.0,0.0,0.0,0.0
5,4,0.0,0.0,0.0,0.0,1.0,0.0,0.0,0.0,0.0,0.0,0.0,0.0
5,4,0.0,0.0,0.0,0.0,1.0,0.0,0.0,0.0,0.0,0.0,0.0,0.0
5,4,0.0,0.0,0.0,0.0,1.0,0.0,0.0,0.0,0.0,0.0,0.0,0.0
5,4,0.0,0.0,0.0,0.0,1.0,0.0,0.0,0.0,0.0,0.0,0.0,0.0
5,4,0.0,0.0,0.0,0.0,1.0,0.0,0.0,0.0,0.0,0.0,0.0,0.0
5,4,0.0,0.0,0.0,0.0,1.0,0.0,0.0,0.0,0.0,0.0,0.0,0.0
5,4,0.0,0.0,0.0,0.0,1.0,0.0,0.0,0.0,0.0,0.0,0.0,0.0
5,4,0.0,0.0,0.0,0.0,1.0,0.0,0.0,0.0,0.0,0.0,0.0,0.0
5,4,0.0,0.0,0.0,0.0,1.0,0.0,0.0,0.0,0.0,0.0,0.0,0.0
5,4,0.0,0.0,0.0,0.0,1.0,0.0,0.0,0.0,0.0,0.0,0.0,0.0
5,4,0.0,0.0,0.0,0.0,1.0,0.0,0.0,0.0,0.0,0.0,0.0,0.0
5,4,0.0,0.0,0.0,0.0,1.0,0.0,0.0,0.0,0.0,0.0,0.0,0.0
5,4,0.0,0.0,0.0,0.0,1.0,0.0,0.0,0.0,0.0,0.0,0.0,0.0
5,4,0.0,0.0,0.0,0.0,1.0,0.0,0.0,0.0,0.0,0.0,0.0,0.0
5,4,0.0,0.0,0.0,0.0,1.0,0.0,0.0,0.0,0.0,0.0,0.0,0.0
5,4,0.0,0.0,0.0,0.0,1.0,0.0,0.0,0.0,0.0,0.0,0.0,0.0
5,4,0.0,0.0,0.0,0.0,1.0,0.0,0.0,0.0,0.0,0.0,0.0,0.0
5,4,0.0,0.0,0.0,0.0,1.0,0.0,0.0,0.0,0.0,0.0,0.0,0.0
5,4,0.0,0.0,0.0,0.0,1.0,0.0,0.0,0.0,0.0,0.0,0.0,0.0
5,4,0.0,0.0,0.0,0.0,1.0,0.0,0.0,0.0,0.0,0.0,0.0,0.0
5,4,0.0,0.0,0.0,0.0,1.0,0.0,0.0,0.0,0.0,0.0,0.0,0.0
5,4,0.0,0.0,0.0,0.0,1.0,0.0,0.0,0.0,0.0,0.0,0.0,0.0
5,4,0.0,0.0,0.0,0.0,1.0,0.0,0.0,0.0,0.0,0.0,0.0,0.0
5,4,0.0,0.0,0.0,0.0,1.0,0.0,0.0,0.0,0.0,0.0,0.0,0.0
5,4,0.0,0.0,0.0,0.0,1.0,0.0,0.0,0.0,0.0,0.0,0.0,0.0
5,4,0.0,0.0,0.0,0.0,1.0,0.0,0.0,0.0,0.0,0.0,0.0,0.0
5,4,0.0,0.0,0.0,0.0,1.0,0.0,0.0,0.0,0.0,0.0,0.0,0.0
5,4,0.0,0.0,0.0,0.0,1.0,0.0,0.0,0.0,0.0,0.0,0.0,0.0
5,4,0.0,0.0,0.0,0.0,1.0,0.0,0.0,0.0,0.0,0.0,0.0,0.0
5,4,0.0,0.0,0.0,0.0,1.0,0.0,0.0,0.0,0.0,0.0,0.0,0.0
5,4,0.0,0.0,0.0,0.0,1.0,0.0,0.0,0.0,0.0,0.0,0.0,0.0
5,4,0.0,0.0,0.0,0.0,1.0,0.0,0.0,0.0,0.0,0.0,0.0,0.0
5,4,0.0,0.0,0.0,0.0,1.0,0.0,0.0,0.0,0.0,0.0,0.0,0.0
5,4,0.0,0.0,0.0,0.0,1.0,0.0,0.0,0.0,0.0,0.0,0.0,0.0
5,4,0.0,0.0,0.0,0.0,1.0,0.0,0.0,0.0,0.0,0.0,0.0,0.0
5,4,0.0,0.0,0.0,0.0,1.0,0.0,0.0,0.0,0.0,0.0,0.0,0.0
5,4,0.0,0.0,0.0,0.0,1.0,0.0,0.0,0.0,0.0,0.0,0.0,0.0
5,4,0.0,0.0,0.0,0.0,1.0,0.0,0.0,0.0,0.0,0.0,0.0,0.0
5,4,0.0,0.0,0.0,0.0,1.0,0.0,0.0,0.0,0.0,0.0,0.0,0.0
5,4,0.0,0.0,0.0,0.0,1.0,0.0,0.0,0.0,0.0,0.0,0.0,0.0
5,4,0.0,0.0,0.0,0.0,1.0,0.0,0.0,0.0,0.0,0.0,0.0,0.0
5,4,0.0,0.0,0.0,0.0,1.0,0.0,0.0,0.0,0.0,0.0,0.0,0.0
5,4,0.0,0.0,0.0,0.0,1.0,0.0,0.0,0.0,0.0,0.0,0.0,0.0
5,4,0.0,0.0,0.0,0.0,1.0,0.0,0.0,0.0,0.0,0.0,0.0,0.0
5,4,0.0,0.0,0.0,0.0,1.0,0.0,0.0,0.0,0.0,0.0,0.0,0.0
5,4,0.0,0.0,0.0,0.0,1.0,0.0,0.0,0.0,0.0,0.0,0.0,0.0
5,4,0.0,0.0,0.0,0.0,1.0,0.0,0.0,0.0,0.0,0.0,0.0,0.0
5,4,0.0,0.0,0.0,0.0,1.0,0.0,0.0,0.0,0.0,0.0,0.0,0.0
5,4,0.0,0.0,0.0,0.0,1.0,0.0,0.0,0.0,0.0,0.0,0.0,0.0
5,4,0.0,0.0,0.0,0.0,1.0,0.0,0.0,0.0,0.0,0.0,0.0,0.0
5,4,0.0,0.0,0.0,0.0,1.0,0.0,0.0,0.0,0.0,0.0,0.0,0.0
5,4,0.0,0.0,0.0,0.0,1.0,0.0,0.0,0.0,0.0,0.0,0.0,0.0
5,4,0.0,0.0,0.0,0.0,1.0,0.0,0.0,0.0,0.0,0.0,0.0,0.0
5,4,0.0,0.0,0.0,0.0,1.0,0.0,0.0,0.0,0.0,0.0,0.0,0.0
5,4,0.0,0.0,0.0,0.0,1.0,0.0,0.0,0.0,0.0,0.0,0.0,0.0
5,4,0.0,0.0,0.0,0.0,1.0,0.0,0.0,0.0,0.0,0.0,0.0,0.0
5,4,0.0,0.0,0.0,0.0,1.0,0.0,0.0,0.0,0.0,0.0,0.0,0.0
5,4,0.0,0.0,0.0,0.0,1.0,0.0,0.0,0.0,0.0,0.0,0.0,0.0
5,4,0.0,0.0,0.0,0.0,1.0,0.0,0.0,0.0,0.0,0.0,0.0,0.0
5,4,0.0,0.0,0.0,0.0,1.0,0.0,0.0,0.0,0.0,0.0,0.0,0.0
5,4,0.0,0.0,0.0,0.0,1.0,0.0,0.0,0.0,0.0,0.0,0.0,0.0
5,4,0.0,0.0,0.0,0.0,1.0,0.0,0.0,0.0,0.0,0.0,0.0,0.0
5,4,0.0,0.0,0.0,0.0,1.0,0.0,0.0,0.0,0.0,0.0,0.0,0.0
5,4,0.0,0.0,0.0,0.0,1.0,0.0,0.0,0.0,0.0,0.0,0.0,0.0
5,4,0.0,0.0,0.0,0.0,1.0,0.0,0.0,0.0,0.0,0.0,0.0,0.0
5,4,0.0,0.0,0.0,0.0,1.0,0.0,0.0,0.0,0.0,0.0,0.0,0.0
5,4,0.0,0.0,0.0,0.0,1.0,0.0,0.0,0.0,0.0,0.0,0.0,0.0
5,4,0.0,0.0,0.0,0.0,1.0,0.0,0.0,0.0,0.0,0.0,0.0,0.0
5,4,0.0,0.0,0.0,0.0,1.0,0.0,0.0,0.0,0.0,0.0,0.0,0.0
5,4,0.0,0.0,0.0,0.0,1.0,0.0,0.0,0.0,0.0,0.0,0.0,0.0
5,4,0.0,0.0,0.0,0.0,1.0,0.0,0.0,0.0,0.0,0.0,0.0,0.0
5,4,0.0,0.0,0.0,0.0,1.0,0.0,0.0,0.0,0.0,0.0,0.0,0.0
5,4,0.0,0.0,0.0,0.0,1.0,0.0,0.0,0.0,0.0,0.0,0.0,0.0
5,4,0.0,0.0,0.0,0.0,1.0,0.0,0.0,0.0,0.0,0.0,0.0,0.0
5,4,0.0,0.0,0.0,0.0,1.0,0.0,0.0,0.0,0.0,0.0,0.0,0.0
5,4,0.0,0.0,0.0,0.0,1.0,0.0,0.0,0.0,0.0,0.0,0.0,0.0
5,4,0.0,0.0,0.0,0.0,1.0,0.0,0.0,0.0,0.0,0.0,0.0,0.0
5,4,0.0,0.0,0.0,0.0,1.0,0.0,0.0,0.0,0.0,0.0,0.0,0.0
5,4,0.0,0.0,0.0,0.0,1.0,0.0,0.0,0.0,0.0,0.0,0.0,0.0
5,4,0.0,0.0,0.0,0.0,1.0,0.0,0.0,0.0,0.0,0.0,0.0,0.0
5,4,0.0,0.0,0.0,0.0,1.0,0.0,0.0,0.0,0.0,0.0,0.0,0.0
5,4,0.0,0.0,0.0,0.0,1.0,0.0,0.0,0.0,0.0,0.0,0.0,0.0
5,4,0.0,0.0,0.0,0.0,1.0,0.0,0.0,0.0,0.0,0.0,0.0,0.0
5,4,0.0,0.0,0.0,0.0,1.0,0.0,0.0,0.0,0.0,0.0,0.0,0.0
5,4,0.0,0.0,0.0,0.0,1.0,0.0,0.0,0.0,0.0,0.0,0.0,0.0
5,4,0.0,0.0,0.0,0.0,1.0,0.0,0.0,0.0,0.0,0.0,0.0,0.0
5,4,0.0,0.0,0.0,0.0,1.0,0.0,0.0,0.0,0.0,0.0,0.0,0.0
5,4,0.0,0.0,0.0,0.0,1.0,0.0,0.0,0.0,0.0,0.0,0.0,0.0
5,4,0.0,0.0,0.0,0.0,1.0,0.0,0.0,0.0,0.0,0.0,0.0,0.0
5,4,0.0,0.0,0.0,0.0,1.0,0.0,0.0,0.0,0.0,0.0,0.0,0.0
5,4,0.0,0.0,0.0,0.0,1.0,0.0,0.0,0.0,0.0,0.0,0.0,0.0
5,4,0.0,0.0,0.0,0.0,1.0,0.0,0.0,0.0,0.0,0.0,0.0,0.0
5,4,0.0,0.0,0.0,0.0,1.0,0.0,0.0,0.0,0.0,0.0,0.0,0.0
5,4,0.0,0.0,0.0,0.0,1.0,0.0,0.0,0.0,0.0,0.0,0.0,0.0
5,4,0.0,0.0,0.0,0.0,1.0,0.0,0.0,0.0,0.0,0.0,0.0,0.0
5,4,0.0,0.0,0.0,0.0,1.0,0.0,0.0,0.0,0.0,0.0,0.0,0.0
5,4,0.0,0.0,0.0,0.0,1.0,0.0,0.0,0.0,0.0,0.0,0.0,0.0
5,4,0.0,0.0,0.0,0.0,1.0,0.0,0.0,0.0,0.0,0.0,0.0,0.0
5,4,0.0,0.0,0.0,0.0,1.0,0.0,0.0,0.0,0.0,0.0,0.0,0.0
5,4,0.0,0.0,0.0,0.0,1.0,0.0,0.0,0.0,0.0,0.0,0.0,0.0
5,4,0.0,0.0,0.0,0.0,1.0,0.0,0.0,0.0,0.0,0.0,0.0,0.0
5,4,0.0,0.0,0.0,0.0,1.0,0.0,0.0,0.0,0.0,0.0,0.0,0.0
5,4,0.0,0.0,0.0,0.0,1.0,0.0,0.0,0.0,0.0,0.0,0.0,0.0
5,4,0.0,0.0,0.0,0.0,1.0,0.0,0.0,0.0,0.0,0.0,0.0,0.0
5,4,0.0,0.0,0.0,0.0,1.0,0.0,0.0,0.0,0.0,0.0,0.0,0.0
5,4,0.0,0.0,0.0,0.0,1.0,0.0,0.0,0.0,0.0,0.0,0.0,0.0
5,4,0.0,0.0,0.0,0.0,1.0,0.0,0.0,0.0,0.0,0.0,0.0,0.0
5,4,0.0,0.0,0.0,0.0,1.0,0.0,0.0,0.0,0.0,0.0,0.0,0.0
5,4,0.0,0.0,0.0,0.0,1.0,0.0,0.0,0.0,0.0,0.0,0.0,0.0
5,4,0.0,0.0,0.0,0.0,1.0,0.0,0.0,0.0,0.0,0.0,0.0,0.0
5,4,0.0,0.0,0.0,0.0,1.0,0.0,0.0,0.0,0.0,0.0,0.0,0.0
5,4,0.0,0.0,0.0,0.0,1.0,0.0,0.0,0.0,0.0,0.0,0.0,0.0
5,4,0.0,0.0,0.0,0.0,1.0,0.0,0.0,0.0,0.0,0.0,0.0,0.0
5,4,0.0,0.0,0.0,0.0,1.0,0.0,0.0,0.0,0.0,0.0,0.0,0.0
5,4,0.0,0.0,0.0,0.0,1.0,0.0,0.0,0.0,0.0,0.0,0.0,0.0
5,4,0.0,0.0,0.0,0.0,1.0,0.0,0.0,0.0,0.0,0.0,0.0,0.0
5,4,0.0,0.0,0.0,0.0,1.0,0.0,0.0,0.0,0.0,0.0,0.0,0.0
5,4,0.0,0.0,0.0,0.0,1.0,0.0,0.0,0.0,0.0,0.0,0.0,0.0
5,4,0.0,0.0,0.0,0.0,1.0,0.0,0.0,0.0,0.0,0.0,0.0,0.0
5,4,0.0,0.0,0.0,0.0,1.0,0.0,0.0,0.0,0.0,0.0,0.0,0.0
5,4,0.0,0.0,0.0,0.0,1.0,0.0,0.0,0.0,0.0,0.0,0.0,0.0
5,4,0.0,0.0,0.0,0.0,1.0,0.0,0.0,0.0,0.0,0.0,0.0,0.0
5,4,0.0,0.0,0.0,0.0,1.0,0.0,0.0,0.0,0.0,0.0,0.0,0.0
5,4,0.0,0.0,0.0,0.0,1.0,0.0,0.0,0.0,0.0,0.0,0.0,0.0
5,4,0.0,0.0,0.0,0.0,1.0,0.0,0.0,0.0,0.0,0.0,0.0,0.0
5,4,0.0,0.0,0.0,0.0,1.0,0.0,0.0,0.0,0.0,0.0,0.0,0.0
5,4,0.0,0.0,0.0,0.0,1.0,0.0,0.0,0.0,0.0,0.0,0.0,0.0
5,4,0.0,0.0,0.0,0.0,1.0,0.0,0.0,0.0,0.0,0.0,0.0,0.0
5,4,0.0,0.0,0.0,0.0,1.0,0.0,0.0,0.0,0.0,0.0,0.0,0.0
5,4,0.0,0.0,0.0,0.0,1.0,0.0,0.0,0.0,0.0,0.0,0.0,0.0
5,4,0.0,0.0,0.0,0.0,1.0,0.0,0.0,0.0,0.0,0.0,0.0,0.0
5,4,0.0,0.0,0.0,0.0,1.0,0.0,0.0,0.0,0.0,0.0,0.0,0.0
5,4,0.0,0.0,0.0,0.0,1.0,0.0,0.0,0.0,0.0,0.0,0.0,0.0
5,4,0.0,0.0,0.0,0.0,1.0,0.0,0.0,0.0,0.0,0.0,0.0,0.0
5,4,0.0,0.0,0.0,0.0,1.0,0.0,0.0,0.0,0.0,0.0,0.0,0.0
5,4,0.0,0.0,0.0,0.0,1.0,0.0,0.0,0.0,0.0,0.0,0.0,0.0
5,4,0.0,0.0,0.0,0.0,1.0,0.0,0.0,0.0,0.0,0.0,0.0,0.0
5,4,0.0,0.0,0.0,0.0,1.0,0.0,0.0,0.0,0.0,0.0,0.0,0.0
5,4,0.0,0.0,0.0,0.0,1.0,0.0,0.0,0.0,0.0,0.0,0.0,0.0
5,4,0.0,0.0,0.0,0.0,1.0,0.0,0.0,0.0,0.0,0.0,0.0,0.0
5,4,0.0,0.0,0.0,0.0,1.0,0.0,0.0,0.0,0.0,0.0,0.0,0.0
5,4,0.0,0.0,0.0,0.0,1.0,0.0,0.0,0.0,0.0,0.0,0.0,0.0
5,4,0.0,0.0,0.0,0.0,1.0,0.0,0.0,0.0,0.0,0.0,0.0,0.0
5,4,0.0,0.0,0.0,0.0,1.0,0.0,0.0,0.0,0.0,0.0,0.0,0.0
5,4,0.0,0.0,0.0,0.0,1.0,0.0,0.0,0.0,0.0,0.0,0.0,0.0
5,4,0.0,0.0,0.0,0.0,1.0,0.0,0.0,0.0,0.0,0.0,0.0,0.0
5,4,0.0,0.0,0.0,0.0,1.0,0.0,0.0,0.0,0.0,0.0,0.0,0.0
5,4,0.0,0.0,0.0,0.0,1.0,0.0,0.0,0.0,0.0,0.0,0.0,0.0
5,4,0.0,0.0,0.0,0.0,1.0,0.0,0.0,0.0,0.0,0.0,0.0,0.0
5,4,0.0,0.0,0.0,0.0,1.0,0.0,0.0,0.0,0.0,0.0,0.0,0.0
5,4,0.0,0.0,0.0,0.0,1.0,0.0,0.0,0.0,0.0,0.0,0.0,0.0
5,4,0.0,0.0,0.0,0.0,1.0,0.0,0.0,0.0,0.0,0.0,0.0,0.0
5,4,0.0,0.0,0.0,0.0,1.0,0.0,0.0,0.0,0.0,0.0,0.0,0.0
5,4,0.0,0.0,0.0,0.0,1.0,0.0,0.0,0.0,0.0,0.0,0.0,0.0
5,4,0.0,0.0,0.0,0.0,1.0,0.0,0.0,0.0,0.0,0.0,0.0,0.0
5,4,0.0,0.0,0.0,0.0,1.0,0.0,0.0,0.0,0.0,0.0,0.0,0.0
5,4,0.0,0.0,0.0,0.0,1.0,0.0,0.0,0.0,0.0,0.0,0.0,0.0
5,4,0.0,0.0,0.0,0.0,1.0,0.0,0.0,0.0,0.0,0.0,0.0,0.0
5,4,0.0,0.0,0.0,0.0,1.0,0.0,0.0,0.0,0.0,0.0,0.0,0.0
5,4,0.0,0.0,0.0,0.0,1.0,0.0,0.0,0.0,0.0,0.0,0.0,0.0
5,4,0.0,0.0,0.0,0.0,0.98632795,0.0,0.0,0.013672048,0.0,0.0,0.0,0.0
5,4,0.0,0.0,0.0,0.0,0.98632795,0.0,0.0,0.013672048,0.0,0.0,0.0,0.0
5,4,0.0,0.0,0.0,0.0,0.98632795,0.0,0.0,0.013672048,0.0,0.0,0.0,0.0
5,4,0.0,0.0,0.0,0.0,0.98632795,0.0,0.0,0.013672048,0.0,0.0,0.0,0.0
5,4,0.0,0.0,0.0,0.0,0.98632795,0.0,0.0,0.013672048,0.0,0.0,0.0,0.0
5,4,0.0,0.0,0.0,0.0,0.98632795,0.0,0.0,0.013672048,0.0,0.0,0.0,0.0
5,4,0.0,0.0,0.0,0.0,0.98632795,0.0,0.0,0.013672048,0.0,0.0,0.0,0.0
5,4,0.0,0.0,0.0,0.0,0.98632795,0.0,0.0,0.013672048,0.0,0.0,0.0,0.0
5,4,0.0,0.0,0.0,0.0,0.98632795,0.0,0.0,0.013672048,0.0,0.0,0.0,0.0
5,4,0.0,0.0,0.0,0.0,0.98632795,0.0,0.0,0.013672048,0.0,0.0,0.0,0.0
5,4,0.0,0.0,0.0,0.0,0.98632795,0.0,0.0,0.013672048,0.0,0.0,0.0,0.0
5,4,0.0,0.0,0.0,0.0,0.98632795,0.0,0.0,0.013672048,0.0,0.0,0.0,0.0
5,4,0.0,0.0,0.0,0.0,0.98632795,0.0,0.0,0.013672048,0.0,0.0,0.0,0.0
5,4,0.0,0.0,0.0,0.0,0.98632795,0.0,0.0,0.013672048,0.0,0.0,0.0,0.0
5,4,0.0,0.0,0.0,0.0,0.98632795,0.0,0.0,0.013672048,0.0,0.0,0.0,0.0
5,4,0.0,0.0,0.0,0.0,0.98632795,0.0,0.0,0.013672048,0.0,0.0,0.0,0.0
5,4,0.0,0.0,0.0,0.0,0.98632795,0.0,0.0,0.013672048,0.0,0.0,0.0,0.0
5,4,0.0,0.0,0.0,0.0,0.98632795,0.0,0.0,0.013672048,0.0,0.0,0.0,0.0
5,4,0.0,0.0,0.0,0.0,0.98632795,0.0,0.0,0.013672048,0.0,0.0,0.0,0.0
5,4,0.0,0.0,0.0,0.0,0.98632795,0.0,0.0,0.013672048,0.0,0.0,0.0,0.0
5,4,0.0,0.0,0.0,0.0,0.98632795,0.0,0.0,0.013672048,0.0,0.0,0.0,0.0
5,4,0.0,0.0,0.0,0.0,0.98632795,0.0,0.0,0.013672048,0.0,0.0,0.0,0.0
5,4,0.0,0.0,0.0,0.0,0.98632795,0.0,0.0,0.013672048,0.0,0.0,0.0,0.0
5,4,0.0,0.0,0.0,0.0,0.98632795,0.0,0.0,0.013672048,0.0,0.0,0.0,0.0
5,4,0.0,0.0,0.0,0.0,0.98632795,0.0,0.0,0.013672048,0.0,0.0,0.0,0.0
5,4,0.0,0.0,0.0,0.0,0.98632795,0.0,0.0,0.013672048,0.0,0.0,0.0,0.0
5,4,0.0,0.0,0.0,0.0,0.98632795,0.0,0.0,0.013672048,0.0,0.0,0.0,0.0
5,4,0.0,0.0,0.0,0.0,0.98632795,0.0,0.0,0.013672048,0.0,0.0,0.0,0.0
5,4,0.0,0.0,0.0,0.0,0.98632795,0.0,0.0,0.013672048,0.0,0.0,0.0,0.0
5,4,0.0,0.0,0.0,0.0,0.98632795,0.0,0.0,0.013672048,0.0,0.0,0.0,0.0
5,4,0.0,0.0,0.0,0.0,0.98632795,0.0,0.0,0.013672048,0.0,0.0,0.0,0.0
5,4,0.0,0.0,0.0,0.0,0.98632795,0.0,0.0,0.013672048,0.0,0.0,0.0,0.0
5,4,0.0,0.0,0.0,0.0,0.98632795,0.0,0.0,0.013672048,0.0,0.0,0.0,0.0
5,4,0.0,0.0,0.0,0.0,0.98632795,0.0,0.0,0.013672048,0.0,0.0,0.0,0.0
5,4,0.0,0.0,0.0,0.0,0.98632795,0.0,0.0,0.013672048,0.0,0.0,0.0,0.0
5,4,0.0,0.0,0.0,0.0,0.98632795,0.0,0.0,0.013672048,0.0,0.0,0.0,0.0
5,4,0.0,0.0,0.0,0.0,0.98632795,0.0,0.0,0.013672048,0.0,0.0,0.0,0.0
5,4,0.0,0.0,0.0,0.0,0.98632795,0.0,0.0,0.013672048,0.0,0.0,0.0,0.0
5,4,0.0,0.0,0.0,0.0,0.98632795,0.0,0.0,0.013672048,0.0,0.0,0.0,0.0
5,4,0.0,0.0,0.0,0.0,0.98632795,0.0,0.0,0.013672048,0.0,0.0,0.0,0.0
5,4,0.0,0.0,0.0,0.0,0.98632795,0.0,0.0,0.013672048,0.0,0.0,0.0,0.0
5,4,0.0,0.0,0.0,0.0,0.98632795,0.0,0.0,0.013672048,0.0,0.0,0.0,0.0
5,4,0.0,0.0,0.0,0.0,0.98632795,0.0,0.0,0.013672048,0.0,0.0,0.0,0.0
5,4,0.0,0.0,0.0,0.0,0.98632795,0.0,0.0,0.013672048,0.0,0.0,0.0,0.0
5,4,0.0,0.0,0.0,0.0,0.98632795,0.0,0.0,0.013672048,0.0,0.0,0.0,0.0
5,4,0.0,0.0,0.0,0.0,0.98632795,0.0,0.0,0.013672048,0.0,0.0,0.0,0.0
5,4,0.0,0.0,0.0,0.0,0.98632795,0.0,0.0,0.013672048,0.0,0.0,0.0,0.0
5,4,0.0,0.0,0.0,0.0,0.98632795,0.0,0.0,0.013672048,0.0,0.0,0.0,0.0
5,4,0.0,0.0,0.0,0.0,0.98632795,0.0,0.0,0.013672048,0.0,0.0,0.0,0.0
5,4,0.0,0.0,0.0,0.0,0.98632795,0.0,0.0,0.013672048,0.0,0.0,0.0,0.0
5,4,0.0,0.0,0.0,0.0,0.98632795,0.0,0.0,0.013672048,0.0,0.0,0.0,0.0
5,4,0.0,0.0,0.0,0.0,0.98632795,0.0,0.0,0.013672048,0.0,0.0,0.0,0.0
5,4,0.0,0.0,0.0,0.0,0.98632795,0.0,0.0,0.013672048,0.0,0.0,0.0,0.0
5,4,0.0,0.0,0.0,0.0,0.98632795,0.0,0.0,0.013672048,0.0,0.0,0.0,0.0
5,4,0.0,0.0,0.0,0.0,0.98632795,0.0,0.0,0.013672048,0.0,0.0,0.0,0.0
5,4,0.0,0.0,0.0,0.0,0.98632795,0.0,0.0,0.013672048,0.0,0.0,0.0,0.0
5,4,0.0,0.0,0.0,0.0,0.98632795,0.0,0.0,0.013672048,0.0,0.0,0.0,0.0
5,4,0.0,0.0,0.0,0.0,0.98632795,0.0,0.0,0.013672048,0.0,0.0,0.0,0.0
5,4,0.0,0.0,0.0,0.0,0.98632795,0.0,0.0,0.013672048,0.0,0.0,0.0,0.0
5,4,0.0,0.0,0.0,0.0,0.98632795,0.0,0.0,0.013672048,0.0,0.0,0.0,0.0
5,4,0.0,0.0,0.0,0.0,0.98632795,0.0,0.0,0.013672048,0.0,0.0,0.0,0.0
5,4,0.0,0.0,0.0,0.0,0.98632795,0.0,0.0,0.013672048,0.0,0.0,0.0,0.0
5,4,0.0,0.0,0.0,0.0,0.98632795,0.0,0.0,0.013672048,0.0,0.0,0.0,0.0
5,4,0.0,0.0,0.0,0.0,0.98632795,0.0,0.0,0.013672048,0.0,0.0,0.0,0.0
5,4,0.0,0.0,0.0,0.0,0.98632795,0.0,0.0,0.013672048,0.0,0.0,0.0,0.0
5,4,0.0,0.0,0.0,0.0,0.98632795,0.0,0.0,0.013672048,0.0,0.0,0.0,0.0
5,4,0.0,0.0,0.0,0.0,0.98632795,0.0,0.0,0.013672048,0.0,0.0,0.0,0.0
5,4,0.0,0.0,0.0,0.0,0.98632795,0.0,0.0,0.013672048,0.0,0.0,0.0,0.0
5,4,0.0,0.0,0.0,0.0,0.98632795,0.0,0.0,0.013672048,0.0,0.0,0.0,0.0
5,4,0.0,0.0,0.0,0.0,0.98632795,0.0,0.0,0.013672048,0.0,0.0,0.0,0.0
5,4,0.0,0.0,0.0,0.0,0.98632795,0.0,0.0,0.013672048,0.0,0.0,0.0,0.0
5,4,0.0,0.0,0.0,0.0,0.98632795,0.0,0.0,0.013672048,0.0,0.0,0.0,0.0
5,4,0.0,0.0,0.0,0.0,0.98632795,0.0,0.0,0.013672048,0.0,0.0,0.0,0.0
5,4,0.0,0.0,0.0,0.0,0.98632795,0.0,0.0,0.013672048,0.0,0.0,0.0,0.0
5,4,0.0,0.0,0.0,0.0,0.98632795,0.0,0.0,0.013672048,0.0,0.0,0.0,0.0
5,4,0.0,0.0,0.0,0.0,0.98632795,0.0,0.0,0.013672048,0.0,0.0,0.0,0.0
5,4,0.0,0.0,0.0,0.0,0.98632795,0.0,0.0,0.013672048,0.0,0.0,0.0,0.0
5,4,0.0,0.0,0.0,0.0,0.98632795,0.0,0.0,0.013672048,0.0,0.0,0.0,0.0
5,4,0.0,0.0,0.0,0.0,0.98632795,0.0,0.0,0.013672048,0.0,0.0,0.0,0.0
5,4,0.0,0.0,0.0,0.0,0.98632795,0.0,0.0,0.013672048,0.0,0.0,0.0,0.0
5,4,0.0,0.0,0.0,0.0,0.98632795,0.0,0.0,0.013672048,0.0,0.0,0.0,0.0
5,4,0.0,0.0,0.0,0.0,0.98632795,0.0,0.0,0.013672048,0.0,0.0,0.0,0.0
5,4,0.0,0.0,0.0,0.0,0.98632795,0.0,0.0,0.013672048,0.0,0.0,0.0,0.0
5,4,0.0,0.0,0.0,0.0,0.98632795,0.0,0.0,0.013672048,0.0,0.0,0.0,0.0
5,4,0.0,0.0,0.0,0.0,0.98632795,0.0,0.0,0.013672048,0.0,0.0,0.0,0.0
5,4,0.0,0.0,0.0,0.0,0.98632795,0.0,0.0,0.013672048,0.0,0.0,0.0,0.0
5,4,0.0,0.0,0.0,0.0,0.98632795,0.0,0.0,0.013672048,0.0,0.0,0.0,0.0
5,4,0.0,0.0,0.0,0.0,0.98632795,0.0,0.0,0.013672048,0.0,0.0,0.0,0.0
5,4,0.0,0.0,0.0,0.0,0.98632795,0.0,0.0,0.013672048,0.0,0.0,0.0,0.0
5,4,0.0,0.0,0.0,0.0,0.98632795,0.0,0.0,0.013672048,0.0,0.0,0.0,0.0
5,4,0.0,0.0,0.0,0.0,0.98632795,0.0,0.0,0.013672048,0.0,0.0,0.0,0.0
5,4,0.0,0.0,0.0,0.0,0.98632795,0.0,0.0,0.013672048,0.0,0.0,0.0,0.0
5,4,0.0,0.0,0.0,0.0,0.98632795,0.0,0.0,0.013672048,0.0,0.0,0.0,0.0
5,4,0.0,0.0,0.0,0.0,0.98632795,0.0,0.0,0.013672048,0.0,0.0,0.0,0.0
5,4,0.0,0.0,0.0,0.0,0.98632795,0.0,0.0,0.013672048,0.0,0.0,0.0,0.0
5,4,0.0,0.0,0.0,0.0,0.98632795,0.0,0.0,0.013672048,0.0,0.0,0.0,0.0
5,4,0.0,0.0,0.0,0.0,0.98632795,0.0,0.0,0.013672048,0.0,0.0,0.0,0.0
5,4,0.0,0.0,0.0,0.0,0.98632795,0.0,0.0,0.013672048,0.0,0.0,0.0,0.0
5,4,0.0,0.0,0.0,0.0,0.98632795,0.0,0.0,0.013672048,0.0,0.0,0.0,0.0
5,4,0.0,0.0,0.0,0.0,0.98632795,0.0,0.0,0.013672048,0.0,0.0,0.0,0.0
5,4,0.0,0.0,0.0,0.0,0.98632795,0.0,0.0,0.013672048,0.0,0.0,0.0,0.0
5,4,0.0,0.0,0.0,0.0,0.98632795,0.0,0.0,0.013672048,0.0,0.0,0.0,0.0
5,4,0.0,0.0,0.0,0.0,0.98632795,0.0,0.0,0.013672048,0.0,0.0,0.0,0.0
5,4,0.0,0.0,0.0,0.0,0.98632795,0.0,0.0,0.013672048,0.0,0.0,0.0,0.0
5,4,0.0,0.0,0.0,0.0,0.98632795,0.0,0.0,0.013672048,0.0,0.0,0.0,0.0
5,4,0.0,0.0,0.0,0.0,0.98632795,0.0,0.0,0.013672048,0.0,0.0,0.0,0.0
5,4,0.0,0.0,0.0,0.0,0.98632795,0.0,0.0,0.013672048,0.0,0.0,0.0,0.0
5,4,0.0,0.0,0.0,0.0,0.98632795,0.0,0.0,0.013672048,0.0,0.0,0.0,0.0
5,4,0.0,0.0,0.0,0.0,0.98632795,0.0,0.0,0.013672048,0.0,0.0,0.0,0.0
5,4,0.0,0.0,0.0,0.0,0.98632795,0.0,0.0,0.013672048,0.0,0.0,0.0,0.0
5,4,0.0,0.0,0.0,0.0,0.98632795,0.0,0.0,0.013672048,0.0,0.0,0.0,0.0
5,4,0.0,0.0,0.0,0.0,0.98632795,0.0,0.0,0.013672048,0.0,0.0,0.0,0.0
5,4,0.0,0.0,0.0,0.0,0.98632795,0.0,0.0,0.013672048,0.0,0.0,0.0,0.0
5,4,0.0,0.0,0.0,0.0,0.98632795,0.0,0.0,0.013672048,0.0,0.0,0.0,0.0
5,4,0.0,0.0,0.0,0.0,0.98632795,0.0,0.0,0.013672048,0.0,0.0,0.0,0.0
5,4,0.0,0.0,0.0,0.0,0.98632795,0.0,0.0,0.013672048,0.0,0.0,0.0,0.0
5,4,0.0,0.0,0.0,0.0,0.98632795,0.0,0.0,0.013672048,0.0,0.0,0.0,0.0
5,4,0.0,0.0,0.0,0.0,0.98632795,0.0,0.0,0.013672048,0.0,0.0,0.0,0.0
5,4,0.0,0.0,0.0,0.0,0.98632795,0.0,0.0,0.013672048,0.0,0.0,0.0,0.0
5,4,0.0,0.0,0.0,0.0,0.98632795,0.0,0.0,0.013672048,0.0,0.0,0.0,0.0
5,4,0.0,0.0,0.0,0.0,0.98632795,0.0,0.0,0.013672048,0.0,0.0,0.0,0.0
5,4,0.0,0.0,0.0,0.0,0.98632795,0.0,0.0,0.013672048,0.0,0.0,0.0,0.0
5,4,0.0,0.0,0.0,0.0,0.98632795,0.0,0.0,0.013672048,0.0,0.0,0.0,0.0
5,4,0.0,0.0,0.0,0.0,0.98632795,0.0,0.0,0.013672048,0.0,0.0,0.0,0.0
5,4,0.0,0.0,0.0,0.0,0.98632795,0.0,0.0,0.013672048,0.0,0.0,0.0,0.0
5,4,0.0,0.0,0.0,0.0,0.98632795,0.0,0.0,0.013672048,0.0,0.0,0.0,0.0
5,4,0.0,0.0,0.0,0.0,0.98632795,0.0,0.0,0.013672048,0.0,0.0,0.0,0.0
5,4,0.0,0.0,0.0,0.0,0.98632795,0.0,0.0,0.013672048,0.0,0.0,0.0,0.0
5,4,0.0,0.0,0.0,0.0,0.98632795,0.0,0.0,0.013672048,0.0,0.0,0.0,0.0
5,4,0.0,0.0,0.0,0.0,0.98632795,0.0,0.0,0.013672048,0.0,0.0,0.0,0.0
5,4,0.0,0.0,0.0,0.0,0.98632795,0.0,0.0,0.013672048,0.0,0.0,0.0,0.0
5,4,0.0,0.0,0.0,0.0,0.98632795,0.0,0.0,0.013672048,0.0,0.0,0.0,0.0
5,4,0.0,0.0,0.0,0.0,0.98632795,0.0,0.0,0.013672048,0.0,0.0,0.0,0.0
5,4,0.0,0.0,0.0,0.0,0.98632795,0.0,0.0,0.013672048,0.0,0.0,0.0,0.0
5,4,0.0,0.0,0.0,0.0,0.98632795,0.0,0.0,0.013672048,0.0,0.0,0.0,0.0
5,4,0.0,0.0,0.0,0.0,0.98632795,0.0,0.0,0.013672048,0.0,0.0,0.0,0.0
5,4,0.0,0.0,0.0,0.0,0.98632795,0.0,0.0,0.013672048,0.0,0.0,0.0,0.0
5,4,0.0,0.0,0.0,0.0,0.98632795,0.0,0.0,0.013672048,0.0,0.0,0.0,0.0
5,4,0.0,0.0,0.0,0.0,0.98632795,0.0,0.0,0.013672048,0.0,0.0,0.0,0.0
5,4,0.0,0.0,0.0,0.0,0.98632795,0.0,0.0,0.013672048,0.0,0.0,0.0,0.0
5,4,0.0,0.0,0.0,0.0,0.98632795,0.0,0.0,0.013672048,0.0,0.0,0.0,0.0
5,4,0.0,0.0,0.0,0.0,0.98632795,0.0,0.0,0.013672048,0.0,0.0,0.0,0.0
5,4,0.0,0.0,0.0,0.0,0.98632795,0.0,0.0,0.013672048,0.0,0.0,0.0,0.0
5,4,0.0,0.0,0.0,0.0,0.98632795,0.0,0.0,0.013672048,0.0,0.0,0.0,0.0
5,4,0.0,0.0,0.0,0.0,0.98632795,0.0,0.0,0.013672048,0.0,0.0,0.0,0.0
5,4,0.0,0.0,0.0,0.0,0.98632795,0.0,0.0,0.013672048,0.0,0.0,0.0,0.0
5,4,0.0,0.0,0.0,0.0,0.98632795,0.0,0.0,0.013672048,0.0,0.0,0.0,0.0
5,4,0.0,0.0,0.0,0.0,0.98632795,0.0,0.0,0.013672048,0.0,0.0,0.0,0.0
5,4,0.0,0.0,0.0,0.0,0.98632795,0.0,0.0,0.013672048,0.0,0.0,0.0,0.0
5,4,0.0,0.0,0.0,0.0,0.98632795,0.0,0.0,0.013672048,0.0,0.0,0.0,0.0
5,4,0.0,0.0,0.0,0.0,0.98632795,0.0,0.0,0.013672048,0.0,0.0,0.0,0.0
5,4,0.0,0.0,0.0,0.0,0.98632795,0.0,0.0,0.013672048,0.0,0.0,0.0,0.0
5,4,0.0,0.0,0.0,0.0,0.98632795,0.0,0.0,0.013672048,0.0,0.0,0.0,0.0
5,4,0.0,0.0,0.0,0.0,0.98632795,0.0,0.0,0.013672048,0.0,0.0,0.0,0.0
5,4,0.0,0.0,0.0,0.0,0.98632795,0.0,0.0,0.013672048,0.0,0.0,0.0,0.0
5,4,0.0,0.0,0.0,0.0,0.98632795,0.0,0.0,0.013672048,0.0,0.0,0.0,0.0
5,4,0.0,0.0,0.0,0.0,0.98632795,0.0,0.0,0.013672048,0.0,0.0,0.0,0.0
5,4,0.0,0.0,0.0,0.0,0.98632795,0.0,0.0,0.013672048,0.0,0.0,0.0,0.0
5,4,0.0,0.0,0.0,0.0,0.98632795,0.0,0.0,0.013672048,0.0,0.0,0.0,0.0
5,4,0.0,0.0,0.0,0.0,0.98632795,0.0,0.0,0.013672048,0.0,0.0,0.0,0.0
5,4,0.0,0.0,0.0,0.0,0.98632795,0.0,0.0,0.013672048,0.0,0.0,0.0,0.0
5,4,0.0,0.0,0.0,0.0,0.98632795,0.0,0.0,0.013672048,0.0,0.0,0.0,0.0
5,4,0.0,0.0,0.0,0.0,0.98632795,0.0,0.0,0.013672048,0.0,0.0,0.0,0.0
5,4,0.0,0.0,0.0,0.0,0.98632795,0.0,0.0,0.013672048,0.0,0.0,0.0,0.0
5,4,0.0,0.0,0.0,0.0,0.98632795,0.0,0.0,0.013672048,0.0,0.0,0.0,0.0
5,4,0.0,0.0,0.0,0.0,0.98632795,0.0,0.0,0.013672048,0.0,0.0,0.0,0.0
5,4,0.0,0.0,0.0,0.0,0.98632795,0.0,0.0,0.013672048,0.0,0.0,0.0,0.0
5,4,0.0,0.0,0.0,0.0,0.98632795,0.0,0.0,0.013672048,0.0,0.0,0.0,0.0
5,4,0.0,0.0,0.0,0.0,0.98632795,0.0,0.0,0.013672048,0.0,0.0,0.0,0.0
5,4,0.0,0.0,0.0,0.0,0.98632795,0.0,0.0,0.013672048,0.0,0.0,0.0,0.0
5,4,0.0,0.0,0.0,0.0,0.98632795,0.0,0.0,0.013672048,0.0,0.0,0.0,0.0
5,4,0.0,0.0,0.0,0.0,0.98632795,0.0,0.0,0.013672048,0.0,0.0,0.0,0.0
5,4,0.0,0.0,0.0,0.0,0.98632795,0.0,0.0,0.013672048,0.0,0.0,0.0,0.0
5,4,0.0,0.0,0.0,0.0,0.98632795,0.0,0.0,0.013672048,0.0,0.0,0.0,0.0
5,4,0.0,0.0,0.0,0.0,0.98632795,0.0,0.0,0.013672048,0.0,0.0,0.0,0.0
5,4,0.0,0.0,0.0,0.0,0.98632795,0.0,0.0,0.013672048,0.0,0.0,0.0,0.0
5,4,0.0,0.0,0.0,0.0,0.98632795,0.0,0.0,0.013672048,0.0,0.0,0.0,0.0
5,4,0.0,0.0,0.0,0.0,0.98632795,0.0,0.0,0.013672048,0.0,0.0,0.0,0.0
5,4,0.0,0.0,0.0,0.0,0.98632795,0.0,0.0,0.013672048,0.0,0.0,0.0,0.0
5,4,0.0,0.0,0.0,0.0,0.98632795,0.0,0.0,0.013672048,0.0,0.0,0.0,0.0
5,4,0.0,0.0,0.0,0.0,0.98632795,0.0,0.0,0.013672048,0.0,0.0,0.0,0.0
5,4,0.0,0.0,0.0,0.0,0.98632795,0.0,0.0,0.013672048,0.0,0.0,0.0,0.0
5,4,0.0,0.0,0.0,0.0,0.98632795,0.0,0.0,0.013672048,0.0,0.0,0.0,0.0
5,4,0.0,0.0,0.0,0.0,0.98632795,0.0,0.0,0.013672048,0.0,0.0,0.0,0.0
5,4,0.0,0.0,0.0,0.0,0.98632795,0.0,0.0,0.013672048,0.0,0.0,0.0,0.0
5,4,0.0,0.0,0.0,0.0,0.98632795,0.0,0.0,0.013672048,0.0,0.0,0.0,0.0
5,4,0.0,0.0,0.0,0.0,0.98632795,0.0,0.0,0.013672048,0.0,0.0,0.0,0.0
5,4,0.0,0.0,0.0,0.0,0.98632795,0.0,0.0,0.013672048,0.0,0.0,0.0,0.0
5,4,0.0,0.0,0.0,0.0,0.98632795,0.0,0.0,0.013672048,0.0,0.0,0.0,0.0
5,4,0.0,0.0,0.0,0.0,0.98632795,0.0,0.0,0.013672048,0.0,0.0,0.0,0.0
5,4,0.0,0.0,0.0,0.0,0.98632795,0.0,0.0,0.013672048,0.0,0.0,0.0,0.0
5,4,0.0,0.0,0.0,0.0,0.98632795,0.0,0.0,0.013672048,0.0,0.0,0.0,0.0
5,4,0.0,0.0,0.0,0.0,0.98632795,0.0,0.0,0.013672048,0.0,0.0,0.0,0.0
5,4,0.0,0.0,0.0,0.0,0.98632795,0.0,0.0,0.013672048,0.0,0.0,0.0,0.0
5,4,0.0,0.0,0.0,0.0,0.98632795,0.0,0.0,0.013672048,0.0,0.0,0.0,0.0
5,4,0.0,0.0,0.0,0.0,0.98632795,0.0,0.0,0.013672048,0.0,0.0,0.0,0.0
5,4,0.0,0.0,0.0,0.0,0.98632795,0.0,0.0,0.013672048,0.0,0.0,0.0,0.0
5,4,0.0,0.0,0.0,0.0,0.98632795,0.0,0.0,0.013672048,0.0,0.0,0.0,0.0
5,4,0.0,0.0,0.0,0.0,0.98632795,0.0,0.0,0.013672048,0.0,0.0,0.0,0.0
5,4,0.0,0.0,0.0,0.0,0.98632795,0.0,0.0,0.013672048,0.0,0.0,0.0,0.0
5,4,0.0,0.0,0.0,0.0,0.98632795,0.0,0.0,0.013672048,0.0,0.0,0.0,0.0
5,4,0.0,0.0,0.0,0.0,0.98632795,0.0,0.0,0.013672048,0.0,0.0,0.0,0.0
5,4,0.0,0.0,0.0,0.0,0.98632795,0.0,0.0,0.013672048,0.0,0.0,0.0,0.0
5,4,0.0,0.0,0.0,0.0,0.98632795,0.0,0.0,0.013672048,0.0,0.0,0.0,0.0
5,4,0.0,0.0,0.0,0.0,0.98632795,0.0,0.0,0.013672048,0.0,0.0,0.0,0.0
5,4,0.0,0.0,0.0,0.0,0.98632795,0.0,0.0,0.013672048,0.0,0.0,0.0,0.0
5,4,0.0,0.0,0.0,0.0,0.98632795,0.0,0.0,0.013672048,0.0,0.0,0.0,0.0
5,4,0.0,0.0,0.0,0.0,0.98632795,0.0,0.0,0.013672048,0.0,0.0,0.0,0.0
5,4,0.0,0.0,0.0,0.0,0.98632795,0.0,0.0,0.013672048,0.0,0.0,0.0,0.0
5,4,0.0,0.0,0.0,0.0,0.98632795,0.0,0.0,0.013672048,0.0,0.0,0.0,0.0
5,4,0.0,0.0,0.0,0.0,0.98632795,0.0,0.0,0.013672048,0.0,0.0,0.0,0.0
5,4,0.0,0.0,0.0,0.0,0.98632795,0.0,0.0,0.013672048,0.0,0.0,0.0,0.0
5,4,0.0,0.0,0.0,0.0,0.98632795,0.0,0.0,0.013672048,0.0,0.0,0.0,0.0
5,4,0.0,0.0,0.0,0.0,0.98632795,0.0,0.0,0.013672048,0.0,0.0,0.0,0.0
5,4,0.0,0.0,0.0,0.0,0.98632795,0.0,0.0,0.013672048,0.0,0.0,0.0,0.0
5,4,0.0,0.0,0.0,0.0,0.98632795,0.0,0.0,0.013672048,0.0,0.0,0.0,0.0
5,4,0.0,0.0,0.0,0.0,0.98632795,0.0,0.0,0.013672048,0.0,0.0,0.0,0.0
5,4,0.0,0.0,0.0,0.0,0.98632795,0.0,0.0,0.013672048,0.0,0.0,0.0,0.0
5,4,0.0,0.0,0.0,0.0,0.98632795,0.0,0.0,0.013672048,0.0,0.0,0.0,0.0
5,4,0.0,0.0,0.0,0.0,0.98632795,0.0,0.0,0.013672048,0.0,0.0,0.0,0.0
5,4,0.0,0.0,0.0,0.0,0.98632795,0.0,0.0,0.013672048,0.0,0.0,0.0,0.0
5,4,0.0,0.0,0.0,0.0,0.98632795,0.0,0.0,0.013672048,0.0,0.0,0.0,0.0
5,4,0.0,0.0,0.0,0.0,0.98632795,0.0,0.0,0.013672048,0.0,0.0,0.0,0.0
5,4,0.0,0.0,0.0,0.0,0.98632795,0.0,0.0,0.013672048,0.0,0.0,0.0,0.0
5,4,0.0,0.0,0.0,0.0,0.98632795,0.0,0.0,0.013672048,0.0,0.0,0.0,0.0
5,4,0.0,0.0,0.0,0.0,0.98632795,0.0,0.0,0.013672048,0.0,0.0,0.0,0.0
5,4,0.0,0.0,0.0,0.0,0.98632795,0.0,0.0,0.013672048,0.0,0.0,0.0,0.0
5,4,0.0,0.0,0.0,0.0,0.98632795,0.0,0.0,0.013672048,0.0,0.0,0.0,0.0
5,4,0.0,0.0,0.0,0.0,0.98632795,0.0,0.0,0.013672048,0.0,0.0,0.0,0.0
5,4,0.0,0.0,0.0,0.0,0.98632795,0.0,0.0,0.013672048,0.0,0.0,0.0,0.0
5,4,0.0,0.0,0.0,0.0,0.98632795,0.0,0.0,0.013672048,0.0,0.0,0.0,0.0
5,4,0.0,0.0,0.0,0.0,0.98632795,0.0,0.0,0.013672048,0.0,0.0,0.0,0.0
5,4,0.0,0.0,0.0,0.0,0.98632795,0.0,0.0,0.013672048,0.0,0.0,0.0,0.0
5,4,0.0,0.0,0.0,0.0,0.98632795,0.0,0.0,0.013672048,0.0,0.0,0.0,0.0
5,4,0.0,0.0,0.0,0.0,0.98632795,0.0,0.0,0.013672048,0.0,0.0,0.0,0.0
5,4,0.0,0.0,0.0,0.0,0.98632795,0.0,0.0,0.013672048,0.0,0.0,0.0,0.0
5,4,0.0,0.0,0.0,0.0,0.98632795,0.0,0.0,0.013672048,0.0,0.0,0.0,0.0
5,4,0.0,0.0,0.0,0.0,0.98632795,0.0,0.0,0.013672048,0.0,0.0,0.0,0.0
5,4,0.0,0.0,0.0,0.0,0.98632795,0.0,0.0,0.013672048,0.0,0.0,0.0,0.0
5,4,0.0,0.0,0.0,0.0,0.98632795,0.0,0.0,0.013672048,0.0,0.0,0.0,0.0
5,4,0.0,0.0,0.0,0.0,0.98632795,0.0,0.0,0.013672048,0.0,0.0,0.0,0.0
5,4,0.0,0.0,0.0,0.0,0.98632795,0.0,0.0,0.013672048,0.0,0.0,0.0,0.0
5,4,0.0,0.0,0.0,0.0,0.98632795,0.0,0.0,0.013672048,0.0,0.0,0.0,0.0
5,4,0.0,0.0,0.0,0.0,0.98632795,0.0,0.0,0.013672048,0.0,0.0,0.0,0.0
5,4,0.0,0.0,0.0,0.0,0.98632795,0.0,0.0,0.013672048,0.0,0.0,0.0,0.0
5,4,0.0,0.0,0.0,0.0,0.98632795,0.0,0.0,0.013672048,0.0,0.0,0.0,0.0
5,4,0.0,0.0,0.0,0.0,0.98632795,0.0,0.0,0.013672048,0.0,0.0,0.0,0.0
5,4,0.0,0.0,0.0,0.0,0.98632795,0.0,0.0,0.013672048,0.0,0.0,0.0,0.0
5,4,0.0,0.0,0.0,0.0,0.98632795,0.0,0.0,0.013672048,0.0,0.0,0.0,0.0
5,4,0.0,0.0,0.0,0.0,0.98632795,0.0,0.0,0.013672048,0.0,0.0,0.0,0.0
5,4,0.0,0.0,0.0,0.0,0.98632795,0.0,0.0,0.013672048,0.0,0.0,0.0,0.0
5,4,0.0,0.0,0.0,0.0,0.98632795,0.0,0.0,0.013672048,0.0,0.0,0.0,0.0
5,4,0.0,0.0,0.0,0.0,0.98632795,0.0,0.0,0.013672048,0.0,0.0,0.0,0.0
5,4,0.0,0.0,0.0,0.0,0.98632795,0.0,0.0,0.013672048,0.0,0.0,0.0,0.0
5,4,0.0,0.0,0.0,0.0,0.98632795,0.0,0.0,0.013672048,0.0,0.0,0.0,0.0
5,4,0.0,0.0,0.0,0.0,0.98632795,0.0,0.0,0.013672048,0.0,0.0,0.0,0.0
5,4,0.0,0.0,0.0,0.0,0.98632795,0.0,0.0,0.013672048,0.0,0.0,0.0,0.0
5,4,0.0,0.0,0.0,0.0,0.98632795,0.0,0.0,0.013672048,0.0,0.0,0.0,0.0
5,4,0.0,0.0,0.0,0.0,0.98632795,0.0,0.0,0.013672048,0.0,0.0,0.0,0.0
5,4,0.0,0.0,0.0,0.0,0.98632795,0.0,0.0,0.013672048,0.0,0.0,0.0,0.0
5,4,0.0,0.0,0.0,0.0,0.98632795,0.0,0.0,0.013672048,0.0,0.0,0.0,0.0
5,4,0.0,0.0,0.0,0.0,0.98632795,0.0,0.0,0.013672048,0.0,0.0,0.0,0.0
5,4,0.0,0.0,0.0,0.0,0.98632795,0.0,0.0,0.013672048,0.0,0.0,0.0,0.0
5,4,0.0,0.0,0.0,0.0,0.98632795,0.0,0.0,0.013672048,0.0,0.0,0.0,0.0
5,4,0.0,0.0,0.0,0.0,0.98632795,0.0,0.0,0.013672048,0.0,0.0,0.0,0.0
5,4,0.0,0.0,0.0,0.0,0.98632795,0.0,0.0,0.013672048,0.0,0.0,0.0,0.0
5,4,0.0,0.0,0.0,0.0,0.98632795,0.0,0.0,0.013672048,0.0,0.0,0.0,0.0
5,4,0.0,0.0,0.0,0.0,0.98632795,0.0,0.0,0.013672048,0.0,0.0,0.0,0.0
5,4,0.0,0.0,0.0,0.0,0.98632795,0.0,0.0,0.013672048,0.0,0.0,0.0,0.0
5,4,0.0,0.0,0.0,0.0,0.98632795,0.0,0.0,0.013672048,0.0,0.0,0.0,0.0
5,4,0.0,0.0,0.0,0.0,0.98632795,0.0,0.0,0.013672048,0.0,0.0,0.0,0.0
5,4,0.0,0.0,0.0,0.0,0.98632795,0.0,0.0,0.013672048,0.0,0.0,0.0,0.0
5,4,0.0,0.0,0.0,0.0,1.0,0.0,0.0,0.0,0.0,0.0,0.0,0.0
5,4,0.0,0.0,0.0,0.0,1.0,0.0,0.0,0.0,0.0,0.0,0.0,0.0
5,4,0.0,0.0,0.0,0.0,1.0,0.0,0.0,0.0,0.0,0.0,0.0,0.0
5,4,0.0,0.0,0.0,0.0,1.0,0.0,0.0,0.0,0.0,0.0,0.0,0.0
5,4,0.0,0.0,0.0,0.0,1.0,0.0,0.0,0.0,0.0,0.0,0.0,0.0
5,4,0.0,0.0,0.0,0.0,1.0,0.0,0.0,0.0,0.0,0.0,0.0,0.0
5,4,0.0,0.0,0.0,0.0,1.0,0.0,0.0,0.0,0.0,0.0,0.0,0.0
5,4,0.0,0.0,0.0,0.0,1.0,0.0,0.0,0.0,0.0,0.0,0.0,0.0
5,4,0.0,0.0,0.0,0.0,1.0,0.0,0.0,0.0,0.0,0.0,0.0,0.0
5,4,0.0,0.0,0.0,0.0,1.0,0.0,0.0,0.0,0.0,0.0,0.0,0.0
5,4,0.0,0.0,0.0,0.0,1.0,0.0,0.0,0.0,0.0,0.0,0.0,0.0
5,4,0.0,0.0,0.0,0.0,1.0,0.0,0.0,0.0,0.0,0.0,0.0,0.0
5,4,0.0,0.0,0.0,0.0,1.0,0.0,0.0,0.0,0.0,0.0,0.0,0.0
5,4,0.0,0.0,0.0,0.0,1.0,0.0,0.0,0.0,0.0,0.0,0.0,0.0
5,4,0.0,0.0,0.0,0.0,1.0,0.0,0.0,0.0,0.0,0.0,0.0,0.0
5,4,0.0,0.0,0.0,0.0,1.0,0.0,0.0,0.0,0.0,0.0,0.0,0.0
5,4,0.0,0.0,0.0,0.0,1.0,0.0,0.0,0.0,0.0,0.0,0.0,0.0
5,4,0.0,0.0,0.0,0.0,1.0,0.0,0.0,0.0,0.0,0.0,0.0,0.0
5,4,0.0,0.0,0.0,0.0,1.0,0.0,0.0,0.0,0.0,0.0,0.0,0.0
5,4,0.0,0.0,0.0,0.0,1.0,0.0,0.0,0.0,0.0,0.0,0.0,0.0
5,4,0.0,0.0,0.0,0.0,1.0,0.0,0.0,0.0,0.0,0.0,0.0,0.0
5,4,0.0,0.0,0.0,0.0,1.0,0.0,0.0,0.0,0.0,0.0,0.0,0.0
5,4,0.0,0.0,0.0,0.0,1.0,0.0,0.0,0.0,0.0,0.0,0.0,0.0
5,4,0.0,0.0,0.0,0.0,1.0,0.0,0.0,0.0,0.0,0.0,0.0,0.0
5,4,0.0,0.0,0.0,0.0,1.0,0.0,0.0,0.0,0.0,0.0,0.0,0.0
5,4,0.0,0.0,0.0,0.0,1.0,0.0,0.0,0.0,0.0,0.0,0.0,0.0
5,4,0.0,0.0,0.0,0.0,1.0,0.0,0.0,0.0,0.0,0.0,0.0,0.0
5,4,0.0,0.0,0.0,0.0,1.0,0.0,0.0,0.0,0.0,0.0,0.0,0.0
5,4,0.0,0.0,0.0,0.0,1.0,0.0,0.0,0.0,0.0,0.0,0.0,0.0
5,4,0.0,0.0,0.0,0.0,1.0,0.0,0.0,0.0,0.0,0.0,0.0,0.0
5,4,0.0,0.0,0.0,0.0,1.0,0.0,0.0,0.0,0.0,0.0,0.0,0.0
5,4,0.0,0.0,0.0,0.0,1.0,0.0,0.0,0.0,0.0,0.0,0.0,0.0
5,4,0.0,0.0,0.0,0.0,0.8624151,0.0,0.0,0.13758495,0.0,0.0,0.0,0.0
5,4,0.0,0.0,0.0,0.0,0.8624151,0.0,0.0,0.13758495,0.0,0.0,0.0,0.0
5,4,0.0,0.0,0.0,0.0,0.8624151,0.0,0.0,0.13758495,0.0,0.0,0.0,0.0
5,4,0.0,0.0,0.0,0.0,0.8624151,0.0,0.0,0.13758495,0.0,0.0,0.0,0.0
5,4,0.0,0.0,0.0,0.0,0.8624151,0.0,0.0,0.13758495,0.0,0.0,0.0,0.0
5,4,0.0,0.0,0.0,0.0,0.8624151,0.0,0.0,0.13758495,0.0,0.0,0.0,0.0
5,4,0.0,0.0,0.0,0.0,0.8624151,0.0,0.0,0.13758495,0.0,0.0,0.0,0.0
5,4,0.0,0.0,0.0,0.0,0.8624151,0.0,0.0,0.13758495,0.0,0.0,0.0,0.0
5,4,0.0,0.0,0.0,0.0,0.8624151,0.0,0.0,0.13758495,0.0,0.0,0.0,0.0
5,4,0.0,0.0,0.0,0.0,0.8624151,0.0,0.0,0.13758495,0.0,0.0,0.0,0.0
5,4,0.0,0.0,0.0,0.0,0.8624151,0.0,0.0,0.13758495,0.0,0.0,0.0,0.0
5,4,0.0,0.0,0.0,0.0,0.8624151,0.0,0.0,0.13758495,0.0,0.0,0.0,0.0
5,4,0.0,0.0,0.0,0.0,0.8624151,0.0,0.0,0.13758495,0.0,0.0,0.0,0.0
5,4,0.0,0.0,0.0,0.0,0.8624151,0.0,0.0,0.13758495,0.0,0.0,0.0,0.0
5,4,0.0,0.0,0.0,0.0,0.8624151,0.0,0.0,0.13758495,0.0,0.0,0.0,0.0
5,4,0.0,0.0,0.0,0.0,0.8624151,0.0,0.0,0.13758495,0.0,0.0,0.0,0.0
5,4,0.0,0.0,0.0,0.0,0.8624151,0.0,0.0,0.13758495,0.0,0.0,0.0,0.0
5,4,0.0,0.0,0.0,0.0,0.8624151,0.0,0.0,0.13758495,0.0,0.0,0.0,0.0
5,4,0.0,0.0,0.0,0.0,0.8624151,0.0,0.0,0.13758495,0.0,0.0,0.0,0.0
5,4,0.0,0.0,0.0,0.0,0.8624151,0.0,0.0,0.13758495,0.0,0.0,0.0,0.0
5,4,0.0,0.0,0.0,0.0,0.8624151,0.0,0.0,0.13758495,0.0,0.0,0.0,0.0
5,4,0.0,0.0,0.0,0.0,0.8624151,0.0,0.0,0.13758495,0.0,0.0,0.0,0.0
5,4,0.0,0.0,0.0,0.0,0.8624151,0.0,0.0,0.13758495,0.0,0.0,0.0,0.0
5,4,0.0,0.0,0.0,0.0,0.8624151,0.0,0.0,0.13758495,0.0,0.0,0.0,0.0
5,4,0.0,0.0,0.0,0.0,0.8624151,0.0,0.0,0.13758495,0.0,0.0,0.0,0.0
5,4,0.0,0.0,0.0,0.0,0.8624151,0.0,0.0,0.13758495,0.0,0.0,0.0,0.0
5,4,0.0,0.0,0.0,0.0,0.8624151,0.0,0.0,0.13758495,0.0,0.0,0.0,0.0
5,4,0.0,0.0,0.0,0.0,0.8624151,0.0,0.0,0.13758495,0.0,0.0,0.0,0.0
5,4,0.0,0.0,0.0,0.0,0.8624151,0.0,0.0,0.13758495,0.0,0.0,0.0,0.0
5,4,0.0,0.0,0.0,0.0,0.8624151,0.0,0.0,0.13758495,0.0,0.0,0.0,0.0
5,4,0.0,0.0,0.0,0.0,0.8624151,0.0,0.0,0.13758495,0.0,0.0,0.0,0.0
5,4,0.0,0.0,0.0,0.0,0.8624151,0.0,0.0,0.13758495,0.0,0.0,0.0,0.0
5,4,0.0,0.0,0.0,0.0,0.8624151,0.0,0.0,0.13758495,0.0,0.0,0.0,0.0
5,4,0.0,0.0,0.0,0.0,0.8624151,0.0,0.0,0.13758495,0.0,0.0,0.0,0.0
5,4,0.0,0.0,0.0,0.0,0.8624151,0.0,0.0,0.13758495,0.0,0.0,0.0,0.0
5,4,0.0,0.0,0.0,0.0,0.8624151,0.0,0.0,0.13758495,0.0,0.0,0.0,0.0
5,4,0.0,0.0,0.0,0.0,0.8624151,0.0,0.0,0.13758495,0.0,0.0,0.0,0.0
5,4,0.0,0.0,0.0,0.0,0.8624151,0.0,0.0,0.13758495,0.0,0.0,0.0,0.0
5,4,0.0,0.0,0.0,0.0,0.8624151,0.0,0.0,0.13758495,0.0,0.0,0.0,0.0
5,4,0.0,0.0,0.0,0.0,0.8624151,0.0,0.0,0.13758495,0.0,0.0,0.0,0.0
5,4,0.0,0.0,0.0,0.0,0.8624151,0.0,0.0,0.13758495,0.0,0.0,0.0,0.0
5,4,0.0,0.0,0.0,0.0,0.8624151,0.0,0.0,0.13758495,0.0,0.0,0.0,0.0
5,4,0.0,0.0,0.0,0.0,0.8624151,0.0,0.0,0.13758495,0.0,0.0,0.0,0.0
5,4,0.0,0.0,0.0,0.0,0.8624151,0.0,0.0,0.13758495,0.0,0.0,0.0,0.0
5,4,0.0,0.0,0.0,0.0,0.8624151,0.0,0.0,0.13758495,0.0,0.0,0.0,0.0
5,4,0.0,0.0,0.0,0.0,0.8624151,0.0,0.0,0.13758495,0.0,0.0,0.0,0.0
5,4,0.0,0.0,0.0,0.0,0.8624151,0.0,0.0,0.13758495,0.0,0.0,0.0,0.0
5,4,0.0,0.0,0.0,0.0,0.8624151,0.0,0.0,0.13758495,0.0,0.0,0.0,0.0
5,4,0.0,0.0,0.0,0.0,0.8624151,0.0,0.0,0.13758495,0.0,0.0,0.0,0.0
5,4,0.0,0.0,0.0,0.0,0.8624151,0.0,0.0,0.13758495,0.0,0.0,0.0,0.0
5,4,0.0,0.0,0.0,0.0,0.8624151,0.0,0.0,0.13758495,0.0,0.0,0.0,0.0
5,4,0.0,0.0,0.0,0.0,0.8624151,0.0,0.0,0.13758495,0.0,0.0,0.0,0.0
5,4,0.0,0.0,0.0,0.0,0.8624151,0.0,0.0,0.13758495,0.0,0.0,0.0,0.0
5,4,0.0,0.0,0.0,0.0,0.8624151,0.0,0.0,0.13758495,0.0,0.0,0.0,0.0
5,4,0.0,0.0,0.0,0.0,0.8624151,0.0,0.0,0.13758495,0.0,0.0,0.0,0.0
5,4,0.0,0.0,0.0,0.0,0.8624151,0.0,0.0,0.13758495,0.0,0.0,0.0,0.0
5,4,0.0,0.0,0.0,0.0,0.8624151,0.0,0.0,0.13758495,0.0,0.0,0.0,0.0
5,4,0.0,0.0,0.0,0.0,0.8624151,0.0,0.0,0.13758495,0.0,0.0,0.0,0.0
5,4,0.0,0.0,0.0,0.0,0.8624151,0.0,0.0,0.13758495,0.0,0.0,0.0,0.0
5,4,0.0,0.0,0.0,0.0,0.8624151,0.0,0.0,0.13758495,0.0,0.0,0.0,0.0
5,4,0.0,0.0,0.0,0.0,0.8624151,0.0,0.0,0.13758495,0.0,0.0,0.0,0.0
5,4,0.0,0.0,0.0,0.0,0.8624151,0.0,0.0,0.13758495,0.0,0.0,0.0,0.0
5,4,0.0,0.0,0.0,0.0,0.8624151,0.0,0.0,0.13758495,0.0,0.0,0.0,0.0
5,4,0.0,0.0,0.0,0.0,0.8624151,0.0,0.0,0.13758495,0.0,0.0,0.0,0.0
5,4,0.0,0.0,0.0,0.0,0.8624151,0.0,0.0,0.13758495,0.0,0.0,0.0,0.0
5,4,0.0,0.0,0.0,0.0,0.8624151,0.0,0.0,0.13758495,0.0,0.0,0.0,0.0
5,4,0.0,0.0,0.0,0.0,0.8624151,0.0,0.0,0.13758495,0.0,0.0,0.0,0.0
5,4,0.0,0.0,0.0,0.0,0.8624151,0.0,0.0,0.13758495,0.0,0.0,0.0,0.0
5,4,0.0,0.0,0.0,0.0,0.8624151,0.0,0.0,0.13758495,0.0,0.0,0.0,0.0
5,4,0.0,0.0,0.0,0.0,0.8624151,0.0,0.0,0.13758495,0.0,0.0,0.0,0.0
5,4,0.0,0.0,0.0,0.0,0.8624151,0.0,0.0,0.13758495,0.0,0.0,0.0,0.0
5,4,0.0,0.0,0.0,0.0,0.8624151,0.0,0.0,0.13758495,0.0,0.0,0.0,0.0
5,4,0.0,0.0,0.0,0.0,0.8624151,0.0,0.0,0.13758495,0.0,0.0,0.0,0.0
5,4,0.0,0.0,0.0,0.0,0.8624151,0.0,0.0,0.13758495,0.0,0.0,0.0,0.0
5,4,0.0,0.0,0.0,0.0,0.8624151,0.0,0.0,0.13758495,0.0,0.0,0.0,0.0
5,4,0.0,0.0,0.0,0.0,0.8624151,0.0,0.0,0.13758495,0.0,0.0,0.0,0.0
5,4,0.0,0.0,0.0,0.0,0.8624151,0.0,0.0,0.13758495,0.0,0.0,0.0,0.0
5,4,0.0,0.0,0.0,0.0,0.8624151,0.0,0.0,0.13758495,0.0,0.0,0.0,0.0
5,4,0.0,0.0,0.0,0.0,0.8624151,0.0,0.0,0.13758495,0.0,0.0,0.0,0.0
5,4,0.0,0.0,0.0,0.0,0.8624151,0.0,0.0,0.13758495,0.0,0.0,0.0,0.0
5,4,0.0,0.0,0.0,0.0,0.8624151,0.0,0.0,0.13758495,0.0,0.0,0.0,0.0
5,4,0.0,0.0,0.0,0.0,0.8624151,0.0,0.0,0.13758495,0.0,0.0,0.0,0.0
5,4,0.0,0.0,0.0,0.0,0.8624151,0.0,0.0,0.13758495,0.0,0.0,0.0,0.0
5,4,0.0,0.0,0.0,0.0,0.8624151,0.0,0.0,0.13758495,0.0,0.0,0.0,0.0
5,4,0.0,0.0,0.0,0.0,0.8624151,0.0,0.0,0.13758495,0.0,0.0,0.0,0.0
5,4,0.0,0.0,0.0,0.0,0.8624151,0.0,0.0,0.13758495,0.0,0.0,0.0,0.0
5,4,0.0,0.0,0.0,0.0,0.8624151,0.0,0.0,0.13758495,0.0,0.0,0.0,0.0
5,4,0.0,0.0,0.0,0.0,0.8624151,0.0,0.0,0.13758495,0.0,0.0,0.0,0.0
5,4,0.0,0.0,0.0,0.0,0.8624151,0.0,0.0,0.13758495,0.0,0.0,0.0,0.0
5,4,0.0,0.0,0.0,0.0,0.8624151,0.0,0.0,0.13758495,0.0,0.0,0.0,0.0
5,4,0.0,0.0,0.0,0.0,0.8624151,0.0,0.0,0.13758495,0.0,0.0,0.0,0.0
5,4,0.0,0.0,0.0,0.0,0.8624151,0.0,0.0,0.13758495,0.0,0.0,0.0,0.0
5,4,0.0,0.0,0.0,0.0,0.8624151,0.0,0.0,0.13758495,0.0,0.0,0.0,0.0
5,4,0.0,0.0,0.0,0.0,0.8624151,0.0,0.0,0.13758495,0.0,0.0,0.0,0.0
5,4,0.0,0.0,0.0,0.0,0.8624151,0.0,0.0,0.13758495,0.0,0.0,0.0,0.0
5,4,0.0,0.0,0.0,0.0,0.8624151,0.0,0.0,0.13758495,0.0,0.0,0.0,0.0
5,4,0.0,0.0,0.0,0.0,0.8624151,0.0,0.0,0.13758495,0.0,0.0,0.0,0.0
5,4,0.0,0.0,0.0,0.0,0.8624151,0.0,0.0,0.13758495,0.0,0.0,0.0,0.0
5,4,0.0,0.0,0.0,0.0,0.8624151,0.0,0.0,0.13758495,0.0,0.0,0.0,0.0
5,4,0.0,0.0,0.0,0.0,0.8624151,0.0,0.0,0.13758495,0.0,0.0,0.0,0.0
5,4,0.0,0.0,0.0,0.0,0.8624151,0.0,0.0,0.13758495,0.0,0.0,0.0,0.0
5,4,0.0,0.0,0.0,0.0,0.8624151,0.0,0.0,0.13758495,0.0,0.0,0.0,0.0
5,4,0.0,0.0,0.0,0.0,0.8624151,0.0,0.0,0.13758495,0.0,0.0,0.0,0.0
5,4,0.0,0.0,0.0,0.0,0.8624151,0.0,0.0,0.13758495,0.0,0.0,0.0,0.0
5,4,0.0,0.0,0.0,0.0,0.8624151,0.0,0.0,0.13758495,0.0,0.0,0.0,0.0
5,4,0.0,0.0,0.0,0.0,0.8624151,0.0,0.0,0.13758495,0.0,0.0,0.0,0.0
5,4,0.0,0.0,0.0,0.0,0.8624151,0.0,0.0,0.13758495,0.0,0.0,0.0,0.0
5,4,0.0,0.0,0.0,0.0,0.8624151,0.0,0.0,0.13758495,0.0,0.0,0.0,0.0
5,4,0.0,0.0,0.0,0.0,0.8624151,0.0,0.0,0.13758495,0.0,0.0,0.0,0.0
5,4,0.0,0.0,0.0,0.0,0.8624151,0.0,0.0,0.13758495,0.0,0.0,0.0,0.0
5,4,0.0,0.0,0.0,0.0,0.8624151,0.0,0.0,0.13758495,0.0,0.0,0.0,0.0
5,4,0.0,0.0,0.0,0.0,0.8624151,0.0,0.0,0.13758495,0.0,0.0,0.0,0.0
5,4,0.0,0.0,0.0,0.0,0.8624151,0.0,0.0,0.13758495,0.0,0.0,0.0,0.0
5,4,0.0,0.0,0.0,0.0,0.8624151,0.0,0.0,0.13758495,0.0,0.0,0.0,0.0
5,4,0.0,0.0,0.0,0.0,0.8624151,0.0,0.0,0.13758495,0.0,0.0,0.0,0.0
5,4,0.0,0.0,0.0,0.0,0.8624151,0.0,0.0,0.13758495,0.0,0.0,0.0,0.0
5,4,0.0,0.0,0.0,0.0,0.8624151,0.0,0.0,0.13758495,0.0,0.0,0.0,0.0
5,4,0.0,0.0,0.0,0.0,0.8624151,0.0,0.0,0.13758495,0.0,0.0,0.0,0.0
5,4,0.0,0.0,0.0,0.0,0.8624151,0.0,0.0,0.13758495,0.0,0.0,0.0,0.0
5,4,0.0,0.0,0.0,0.0,0.8624151,0.0,0.0,0.13758495,0.0,0.0,0.0,0.0
5,4,0.0,0.0,0.0,0.0,0.8624151,0.0,0.0,0.13758495,0.0,0.0,0.0,0.0
5,4,0.0,0.0,0.0,0.0,0.8624151,0.0,0.0,0.13758495,0.0,0.0,0.0,0.0
5,4,0.0,0.0,0.0,0.0,0.8624151,0.0,0.0,0.13758495,0.0,0.0,0.0,0.0
5,4,0.0,0.0,0.0,0.0,0.8624151,0.0,0.0,0.13758495,0.0,0.0,0.0,0.0
5,4,0.0,0.0,0.0,0.0,0.8624151,0.0,0.0,0.13758495,0.0,0.0,0.0,0.0
5,4,0.0,0.0,0.0,0.0,0.8624151,0.0,0.0,0.13758495,0.0,0.0,0.0,0.0
5,4,0.0,0.0,0.0,0.0,0.8624151,0.0,0.0,0.13758495,0.0,0.0,0.0,0.0
5,4,0.0,0.0,0.0,0.0,0.8624151,0.0,0.0,0.13758495,0.0,0.0,0.0,0.0
5,4,0.0,0.0,0.0,0.0,1.0,0.0,0.0,0.0,0.0,0.0,0.0,0.0
5,4,0.0,0.0,0.0,0.0,1.0,0.0,0.0,0.0,0.0,0.0,0.0,0.0
5,4,0.0,0.0,0.0,0.0,1.0,0.0,0.0,0.0,0.0,0.0,0.0,0.0
5,4,0.0,0.0,0.0,0.0,1.0,0.0,0.0,0.0,0.0,0.0,0.0,0.0
5,4,0.0,0.0,0.0,0.0,1.0,0.0,0.0,0.0,0.0,0.0,0.0,0.0
5,4,0.0,0.0,0.0,0.0,1.0,0.0,0.0,0.0,0.0,0.0,0.0,0.0
5,4,0.0,0.0,0.0,0.0,1.0,0.0,0.0,0.0,0.0,0.0,0.0,0.0
5,4,0.0,0.0,0.0,0.0,1.0,0.0,0.0,0.0,0.0,0.0,0.0,0.0
5,4,0.0,0.0,0.0,0.0,1.0,0.0,0.0,0.0,0.0,0.0,0.0,0.0
5,4,0.0,0.0,0.0,0.0,1.0,0.0,0.0,0.0,0.0,0.0,0.0,0.0
5,4,0.0,0.0,0.0,0.0,1.0,0.0,0.0,0.0,0.0,0.0,0.0,0.0
5,4,0.0,0.0,0.0,0.0,1.0,0.0,0.0,0.0,0.0,0.0,0.0,0.0
5,4,0.0,0.0,0.0,0.0,1.0,0.0,0.0,0.0,0.0,0.0,0.0,0.0
5,4,0.0,0.0,0.0,0.0,1.0,0.0,0.0,0.0,0.0,0.0,0.0,0.0
5,4,0.0,0.0,0.0,0.0,1.0,0.0,0.0,0.0,0.0,0.0,0.0,0.0
5,4,0.0,0.0,0.0,0.0,1.0,0.0,0.0,0.0,0.0,0.0,0.0,0.0
5,4,0.0,0.0,0.0,0.0,1.0,0.0,0.0,0.0,0.0,0.0,0.0,0.0
5,4,0.0,0.0,0.0,0.0,1.0,0.0,0.0,0.0,0.0,0.0,0.0,0.0
5,4,0.0,0.0,0.0,0.0,1.0,0.0,0.0,0.0,0.0,0.0,0.0,0.0
5,4,0.0,0.0,0.0,0.0,1.0,0.0,0.0,0.0,0.0,0.0,0.0,0.0
5,4,0.0,0.0,0.0,0.0,1.0,0.0,0.0,0.0,0.0,0.0,0.0,0.0
5,4,0.0,0.0,0.0,0.0,1.0,0.0,0.0,0.0,0.0,0.0,0.0,0.0
5,4,0.0,0.0,0.0,0.0,1.0,0.0,0.0,0.0,0.0,0.0,0.0,0.0
5,4,0.0,0.0,0.0,0.0,1.0,0.0,0.0,0.0,0.0,0.0,0.0,0.0
5,4,0.0,0.0,0.0,0.0,1.0,0.0,0.0,0.0,0.0,0.0,0.0,0.0
5,4,0.0,0.0,0.0,0.0,1.0,0.0,0.0,0.0,0.0,0.0,0.0,0.0
5,4,0.0,0.0,0.0,0.0,1.0,0.0,0.0,0.0,0.0,0.0,0.0,0.0
5,4,0.0,0.0,0.0,0.0,1.0,0.0,0.0,0.0,0.0,0.0,0.0,0.0
5,4,0.0,0.0,0.0,0.0,1.0,0.0,0.0,0.0,0.0,0.0,0.0,0.0
5,4,0.0,0.0,0.0,0.0,1.0,0.0,0.0,0.0,0.0,0.0,0.0,0.0
5,4,0.0,0.0,0.0,0.0,1.0,0.0,0.0,0.0,0.0,0.0,0.0,0.0
5,4,0.0,0.0,0.0,0.0,1.0,0.0,0.0,0.0,0.0,0.0,0.0,0.0
5,4,0.0,0.0,0.0,0.0,1.0,0.0,0.0,0.0,0.0,0.0,0.0,0.0
5,4,0.0,0.0,0.0,0.0,1.0,0.0,0.0,0.0,0.0,0.0,0.0,0.0
5,4,0.0,0.0,0.0,0.0,1.0,0.0,0.0,0.0,0.0,0.0,0.0,0.0
5,4,0.0,0.0,0.0,0.0,1.0,0.0,0.0,0.0,0.0,0.0,0.0,0.0
5,4,0.0,0.0,0.0,0.0,1.0,0.0,0.0,0.0,0.0,0.0,0.0,0.0
5,4,0.0,0.0,0.0,0.0,1.0,0.0,0.0,0.0,0.0,0.0,0.0,0.0
5,4,0.0,0.0,0.0,0.0,1.0,0.0,0.0,0.0,0.0,0.0,0.0,0.0
5,4,0.0,0.0,0.0,0.0,1.0,0.0,0.0,0.0,0.0,0.0,0.0,0.0
5,4,0.0,0.0,0.0,0.0,1.0,0.0,0.0,0.0,0.0,0.0,0.0,0.0
5,4,0.0,0.0,0.0,0.0,1.0,0.0,0.0,0.0,0.0,0.0,0.0,0.0
5,4,0.0,0.0,0.0,0.0,1.0,0.0,0.0,0.0,0.0,0.0,0.0,0.0
5,4,0.0,0.0,0.0,0.0,1.0,0.0,0.0,0.0,0.0,0.0,0.0,0.0
5,4,0.0,0.0,0.0,0.0,1.0,0.0,0.0,0.0,0.0,0.0,0.0,0.0
5,4,0.0,0.0,0.0,0.0,1.0,0.0,0.0,0.0,0.0,0.0,0.0,0.0
5,4,0.0,0.0,0.0,0.0,1.0,0.0,0.0,0.0,0.0,0.0,0.0,0.0
5,4,0.0,0.0,0.0,0.0,1.0,0.0,0.0,0.0,0.0,0.0,0.0,0.0
5,4,0.0,0.0,0.0,0.0,1.0,0.0,0.0,0.0,0.0,0.0,0.0,0.0
5,4,0.0,0.0,0.0,0.0,1.0,0.0,0.0,0.0,0.0,0.0,0.0,0.0
5,4,0.0,0.0,0.0,0.0,1.0,0.0,0.0,0.0,0.0,0.0,0.0,0.0
5,4,0.0,0.0,0.0,0.0,1.0,0.0,0.0,0.0,0.0,0.0,0.0,0.0
5,4,0.0,0.0,0.0,0.0,1.0,0.0,0.0,0.0,0.0,0.0,0.0,0.0
5,4,0.0,0.0,0.0,0.0,1.0,0.0,0.0,0.0,0.0,0.0,0.0,0.0
5,4,0.0,0.0,0.0,0.0,1.0,0.0,0.0,0.0,0.0,0.0,0.0,0.0
5,4,0.0,0.0,0.0,0.0,1.0,0.0,0.0,0.0,0.0,0.0,0.0,0.0
5,4,0.0,0.0,0.0,0.0,1.0,0.0,0.0,0.0,0.0,0.0,0.0,0.0
5,4,0.0,0.0,0.0,0.0,1.0,0.0,0.0,0.0,0.0,0.0,0.0,0.0
5,4,0.0,0.0,0.0,0.0,1.0,0.0,0.0,0.0,0.0,0.0,0.0,0.0
5,4,0.0,0.0,0.0,0.0,1.0,0.0,0.0,0.0,0.0,0.0,0.0,0.0
5,4,0.0,0.0,0.0,0.0,1.0,0.0,0.0,0.0,0.0,0.0,0.0,0.0
5,4,0.0,0.0,0.0,0.0,1.0,0.0,0.0,0.0,0.0,0.0,0.0,0.0
5,4,0.0,0.0,0.0,0.0,1.0,0.0,0.0,0.0,0.0,0.0,0.0,0.0
5,4,0.0,0.0,0.0,0.0,1.0,0.0,0.0,0.0,0.0,0.0,0.0,0.0
5,4,0.0,0.0,0.0,0.0,1.0,0.0,0.0,0.0,0.0,0.0,0.0,0.0
5,4,0.0,0.0,0.0,0.0,1.0,0.0,0.0,0.0,0.0,0.0,0.0,0.0
5,4,0.0,0.0,0.0,0.0,1.0,0.0,0.0,0.0,0.0,0.0,0.0,0.0
5,4,0.0,0.0,0.0,0.0,1.0,0.0,0.0,0.0,0.0,0.0,0.0,0.0
5,4,0.0,0.0,0.0,0.0,1.0,0.0,0.0,0.0,0.0,0.0,0.0,0.0
5,4,0.0,0.0,0.0,0.0,1.0,0.0,0.0,0.0,0.0,0.0,0.0,0.0
5,4,0.0,0.0,0.0,0.0,1.0,0.0,0.0,0.0,0.0,0.0,0.0,0.0
5,4,0.0,0.0,0.0,0.0,1.0,0.0,0.0,0.0,0.0,0.0,0.0,0.0
5,4,0.0,0.0,0.0,0.0,1.0,0.0,0.0,0.0,0.0,0.0,0.0,0.0
5,4,0.0,0.0,0.0,0.0,1.0,0.0,0.0,0.0,0.0,0.0,0.0,0.0
5,4,0.0,0.0,0.0,0.0,1.0,0.0,0.0,0.0,0.0,0.0,0.0,0.0
5,4,0.0,0.0,0.0,0.0,1.0,0.0,0.0,0.0,0.0,0.0,0.0,0.0
5,4,0.0,0.0,0.0,0.0,1.0,0.0,0.0,0.0,0.0,0.0,0.0,0.0
5,4,0.0,0.0,0.0,0.0,1.0,0.0,0.0,0.0,0.0,0.0,0.0,0.0
5,4,0.0,0.0,0.0,0.0,1.0,0.0,0.0,0.0,0.0,0.0,0.0,0.0
5,4,0.0,0.0,0.0,0.0,1.0,0.0,0.0,0.0,0.0,0.0,0.0,0.0
5,4,0.0,0.0,0.0,0.0,1.0,0.0,0.0,0.0,0.0,0.0,0.0,0.0
5,4,0.0,0.0,0.0,0.0,1.0,0.0,0.0,0.0,0.0,0.0,0.0,0.0
5,4,0.0,0.0,0.0,0.0,1.0,0.0,0.0,0.0,0.0,0.0,0.0,0.0
5,4,0.0,0.0,0.0,0.0,1.0,0.0,0.0,0.0,0.0,0.0,0.0,0.0
5,4,0.0,0.0,0.0,0.0,1.0,0.0,0.0,0.0,0.0,0.0,0.0,0.0
5,4,0.0,0.0,0.0,0.0,1.0,0.0,0.0,0.0,0.0,0.0,0.0,0.0
5,4,0.0,0.0,0.0,0.0,1.0,0.0,0.0,0.0,0.0,0.0,0.0,0.0
5,4,0.0,0.0,0.0,0.0,1.0,0.0,0.0,0.0,0.0,0.0,0.0,0.0
5,4,0.0,0.0,0.0,0.0,1.0,0.0,0.0,0.0,0.0,0.0,0.0,0.0
5,4,0.0,0.0,0.0,0.0,1.0,0.0,0.0,0.0,0.0,0.0,0.0,0.0
5,4,0.0,0.0,0.0,0.0,1.0,0.0,0.0,0.0,0.0,0.0,0.0,0.0
5,4,0.0,0.0,0.0,0.0,1.0,0.0,0.0,0.0,0.0,0.0,0.0,0.0
5,4,0.0,0.0,0.0,0.0,1.0,0.0,0.0,0.0,0.0,0.0,0.0,0.0
5,4,0.0,0.0,0.0,0.0,1.0,0.0,0.0,0.0,0.0,0.0,0.0,0.0
5,4,0.0,0.0,0.0,0.0,1.0,0.0,0.0,0.0,0.0,0.0,0.0,0.0
5,4,0.0,0.0,0.0,0.0,1.0,0.0,0.0,0.0,0.0,0.0,0.0,0.0
5,4,0.0,0.0,0.0,0.0,1.0,0.0,0.0,0.0,0.0,0.0,0.0,0.0
5,4,0.0,0.0,0.0,0.0,1.0,0.0,0.0,0.0,0.0,0.0,0.0,0.0
5,4,0.0,0.0,0.0,0.0,1.0,0.0,0.0,0.0,0.0,0.0,0.0,0.0
5,4,0.0,0.0,0.0,0.0,1.0,0.0,0.0,0.0,0.0,0.0,0.0,0.0
5,4,0.0,0.0,0.0,0.0,1.0,0.0,0.0,0.0,0.0,0.0,0.0,0.0
5,4,0.0,0.0,0.0,0.0,1.0,0.0,0.0,0.0,0.0,0.0,0.0,0.0
5,4,0.0,0.0,0.0,0.0,1.0,0.0,0.0,0.0,0.0,0.0,0.0,0.0
5,4,0.0,0.0,0.0,0.0,1.0,0.0,0.0,0.0,0.0,0.0,0.0,0.0
5,4,0.0,0.0,0.0,0.0,1.0,0.0,0.0,0.0,0.0,0.0,0.0,0.0
5,4,0.0,0.0,0.0,0.0,1.0,0.0,0.0,0.0,0.0,0.0,0.0,0.0
5,4,0.0,0.0,0.0,0.0,1.0,0.0,0.0,0.0,0.0,0.0,0.0,0.0
5,4,0.0,0.0,0.0,0.0,1.0,0.0,0.0,0.0,0.0,0.0,0.0,0.0
5,4,0.0,0.0,0.0,0.0,1.0,0.0,0.0,0.0,0.0,0.0,0.0,0.0
5,4,0.0,0.0,0.0,0.0,1.0,0.0,0.0,0.0,0.0,0.0,0.0,0.0
5,4,0.0,0.0,0.0,0.0,1.0,0.0,0.0,0.0,0.0,0.0,0.0,0.0
5,4,0.0,0.0,0.0,0.0,1.0,0.0,0.0,0.0,0.0,0.0,0.0,0.0
5,4,0.0,0.0,0.0,0.0,1.0,0.0,0.0,0.0,0.0,0.0,0.0,0.0
5,4,0.0,0.0,0.0,0.0,1.0,0.0,0.0,0.0,0.0,0.0,0.0,0.0
5,4,0.0,0.0,0.0,0.0,1.0,0.0,0.0,0.0,0.0,0.0,0.0,0.0
5,4,0.0,0.0,0.0,0.0,1.0,0.0,0.0,0.0,0.0,0.0,0.0,0.0
5,4,0.0,0.0,0.0,0.0,1.0,0.0,0.0,0.0,0.0,0.0,0.0,0.0
5,4,0.0,0.0,0.0,0.0,1.0,0.0,0.0,0.0,0.0,0.0,0.0,0.0
5,4,0.0,0.0,0.0,0.0,1.0,0.0,0.0,0.0,0.0,0.0,0.0,0.0
5,4,0.0,0.0,0.0,0.0,1.0,0.0,0.0,0.0,0.0,0.0,0.0,0.0
5,4,0.0,0.0,0.0,0.0,1.0,0.0,0.0,0.0,0.0,0.0,0.0,0.0
5,4,0.0,0.0,0.0,0.0,1.0,0.0,0.0,0.0,0.0,0.0,0.0,0.0
5,4,0.0,0.0,0.0,0.0,1.0,0.0,0.0,0.0,0.0,0.0,0.0,0.0
5,4,0.0,0.0,0.0,0.0,1.0,0.0,0.0,0.0,0.0,0.0,0.0,0.0
5,4,0.0,0.0,0.0,0.0,1.0,0.0,0.0,0.0,0.0,0.0,0.0,0.0
5,4,0.0,0.0,0.0,0.0,1.0,0.0,0.0,0.0,0.0,0.0,0.0,0.0
5,4,0.0,0.0,0.0,0.0,1.0,0.0,0.0,0.0,0.0,0.0,0.0,0.0
5,4,0.0,0.0,0.0,0.0,1.0,0.0,0.0,0.0,0.0,0.0,0.0,0.0
5,4,0.0,0.0,0.0,0.0,1.0,0.0,0.0,0.0,0.0,0.0,0.0,0.0
5,4,0.0,0.0,0.0,0.0,1.0,0.0,0.0,0.0,0.0,0.0,0.0,0.0
5,4,0.0,0.0,0.0,0.0,1.0,0.0,0.0,0.0,0.0,0.0,0.0,0.0
5,4,0.0,0.0,0.0,0.0,1.0,0.0,0.0,0.0,0.0,0.0,0.0,0.0
5,4,0.0,0.0,0.0,0.0,1.0,0.0,0.0,0.0,0.0,0.0,0.0,0.0
5,4,0.0,0.0,0.0,0.0,1.0,0.0,0.0,0.0,0.0,0.0,0.0,0.0
5,4,0.0,0.0,0.0,0.0,1.0,0.0,0.0,0.0,0.0,0.0,0.0,0.0
5,4,0.0,0.0,0.0,0.0,1.0,0.0,0.0,0.0,0.0,0.0,0.0,0.0
5,4,0.0,0.0,0.0,0.0,1.0,0.0,0.0,0.0,0.0,0.0,0.0,0.0
5,4,0.0,0.0,0.0,0.0,1.0,0.0,0.0,0.0,0.0,0.0,0.0,0.0
5,4,0.0,0.0,0.0,0.0,1.0,0.0,0.0,0.0,0.0,0.0,0.0,0.0
5,4,0.0,0.0,0.0,0.0,1.0,0.0,0.0,0.0,0.0,0.0,0.0,0.0
5,4,0.0,0.0,0.0,0.0,1.0,0.0,0.0,0.0,0.0,0.0,0.0,0.0
5,4,0.0,0.0,0.0,0.0,1.0,0.0,0.0,0.0,0.0,0.0,0.0,0.0
5,4,0.0,0.0,0.0,0.0,1.0,0.0,0.0,0.0,0.0,0.0,0.0,0.0
5,4,0.0,0.0,0.0,0.0,1.0,0.0,0.0,0.0,0.0,0.0,0.0,0.0
5,4,0.0,0.0,0.0,0.0,1.0,0.0,0.0,0.0,0.0,0.0,0.0,0.0
5,4,0.0,0.0,0.0,0.0,1.0,0.0,0.0,0.0,0.0,0.0,0.0,0.0
5,4,0.0,0.0,0.0,0.0,1.0,0.0,0.0,0.0,0.0,0.0,0.0,0.0
5,4,0.0,0.0,0.0,0.0,1.0,0.0,0.0,0.0,0.0,0.0,0.0,0.0
5,4,0.0,0.0,0.0,0.0,1.0,0.0,0.0,0.0,0.0,0.0,0.0,0.0
5,4,0.0,0.0,0.0,0.0,1.0,0.0,0.0,0.0,0.0,0.0,0.0,0.0
5,4,0.0,0.0,0.0,0.0,1.0,0.0,0.0,0.0,0.0,0.0,0.0,0.0
5,4,0.0,0.0,0.0,0.0,1.0,0.0,0.0,0.0,0.0,0.0,0.0,0.0
5,4,0.0,0.0,0.0,0.0,1.0,0.0,0.0,0.0,0.0,0.0,0.0,0.0
5,4,0.0,0.0,0.0,0.0,1.0,0.0,0.0,0.0,0.0,0.0,0.0,0.0
5,4,0.0,0.0,0.0,0.0,1.0,0.0,0.0,0.0,0.0,0.0,0.0,0.0
5,4,0.0,0.0,0.0,0.0,1.0,0.0,0.0,0.0,0.0,0.0,0.0,0.0
5,4,0.0,0.0,0.0,0.0,1.0,0.0,0.0,0.0,0.0,0.0,0.0,0.0
5,4,0.0,0.0,0.0,0.0,1.0,0.0,0.0,0.0,0.0,0.0,0.0,0.0
5,4,0.0,0.0,0.0,0.0,1.0,0.0,0.0,0.0,0.0,0.0,0.0,0.0
5,4,0.0,0.0,0.0,0.0,1.0,0.0,0.0,0.0,0.0,0.0,0.0,0.0
5,4,0.0,0.0,0.0,0.0,1.0,0.0,0.0,0.0,0.0,0.0,0.0,0.0
5,4,0.0,0.0,0.0,0.0,1.0,0.0,0.0,0.0,0.0,0.0,0.0,0.0
5,4,0.0,0.0,0.0,0.0,1.0,0.0,0.0,0.0,0.0,0.0,0.0,0.0
5,4,0.0,0.0,0.0,0.0,1.0,0.0,0.0,0.0,0.0,0.0,0.0,0.0
5,4,0.0,0.0,0.0,0.0,1.0,0.0,0.0,0.0,0.0,0.0,0.0,0.0
5,4,0.0,0.0,0.0,0.0,1.0,0.0,0.0,0.0,0.0,0.0,0.0,0.0
5,4,0.0,0.0,0.0,0.0,1.0,0.0,0.0,0.0,0.0,0.0,0.0,0.0
5,4,0.0,0.0,0.0,0.0,1.0,0.0,0.0,0.0,0.0,0.0,0.0,0.0
5,4,0.0,0.0,0.0,0.0,1.0,0.0,0.0,0.0,0.0,0.0,0.0,0.0
5,4,0.0,0.0,0.0,0.0,1.0,0.0,0.0,0.0,0.0,0.0,0.0,0.0
5,4,0.0,0.0,0.0,0.0,1.0,0.0,0.0,0.0,0.0,0.0,0.0,0.0
5,4,0.0,0.0,0.0,0.0,1.0,0.0,0.0,0.0,0.0,0.0,0.0,0.0
5,4,0.0,0.0,0.0,0.0,1.0,0.0,0.0,0.0,0.0,0.0,0.0,0.0
5,4,0.0,0.0,0.0,0.0,1.0,0.0,0.0,0.0,0.0,0.0,0.0,0.0
5,4,0.0,0.0,0.0,0.0,1.0,0.0,0.0,0.0,0.0,0.0,0.0,0.0
5,4,0.0,0.0,0.0,0.0,1.0,0.0,0.0,0.0,0.0,0.0,0.0,0.0
5,4,0.0,0.0,0.0,0.0,1.0,0.0,0.0,0.0,0.0,0.0,0.0,0.0
5,4,0.0,0.0,0.0,0.0,1.0,0.0,0.0,0.0,0.0,0.0,0.0,0.0
5,4,0.0,0.0,0.0,0.0,1.0,0.0,0.0,0.0,0.0,0.0,0.0,0.0
5,4,0.0,0.0,0.0,0.0,1.0,0.0,0.0,0.0,0.0,0.0,0.0,0.0
5,4,0.0,0.0,0.0,0.0,1.0,0.0,0.0,0.0,0.0,0.0,0.0,0.0
5,4,0.0,0.0,0.0,0.0,1.0,0.0,0.0,0.0,0.0,0.0,0.0,0.0
5,4,0.0,0.0,0.0,0.0,1.0,0.0,0.0,0.0,0.0,0.0,0.0,0.0
5,4,0.0,0.0,0.0,0.0,1.0,0.0,0.0,0.0,0.0,0.0,0.0,0.0
5,4,0.0,0.0,0.0,0.0,1.0,0.0,0.0,0.0,0.0,0.0,0.0,0.0
5,4,0.0,0.0,0.0,0.0,1.0,0.0,0.0,0.0,0.0,0.0,0.0,0.0
5,4,0.0,0.0,0.0,0.0,1.0,0.0,0.0,0.0,0.0,0.0,0.0,0.0
5,4,0.0,0.0,0.0,0.0,1.0,0.0,0.0,0.0,0.0,0.0,0.0,0.0
5,4,0.0,0.0,0.0,0.0,1.0,0.0,0.0,0.0,0.0,0.0,0.0,0.0
5,4,0.0,0.0,0.0,0.0,1.0,0.0,0.0,0.0,0.0,0.0,0.0,0.0
5,4,0.0,0.0,0.0,0.0,1.0,0.0,0.0,0.0,0.0,0.0,0.0,0.0
5,4,0.0,0.0,0.0,0.0,1.0,0.0,0.0,0.0,0.0,0.0,0.0,0.0
5,4,0.0,0.0,0.0,0.0,1.0,0.0,0.0,0.0,0.0,0.0,0.0,0.0
5,4,0.0,0.0,0.0,0.0,1.0,0.0,0.0,0.0,0.0,0.0,0.0,0.0
5,4,0.0,0.0,0.0,0.0,1.0,0.0,0.0,0.0,0.0,0.0,0.0,0.0
5,4,0.0,0.0,0.0,0.0,1.0,0.0,0.0,0.0,0.0,0.0,0.0,0.0
5,4,0.0,0.0,0.0,0.0,1.0,0.0,0.0,0.0,0.0,0.0,0.0,0.0
5,4,0.0,0.0,0.0,0.0,1.0,0.0,0.0,0.0,0.0,0.0,0.0,0.0
5,4,0.0,0.0,0.0,0.0,1.0,0.0,0.0,0.0,0.0,0.0,0.0,0.0
5,4,0.0,0.0,0.0,0.0,1.0,0.0,0.0,0.0,0.0,0.0,0.0,0.0
5,4,0.0,0.0,0.0,0.0,1.0,0.0,0.0,0.0,0.0,0.0,0.0,0.0
5,4,0.0,0.0,0.0,0.0,1.0,0.0,0.0,0.0,0.0,0.0,0.0,0.0
5,4,0.0,0.0,0.0,0.0,1.0,0.0,0.0,0.0,0.0,0.0,0.0,0.0
5,4,0.0,0.0,0.0,0.0,1.0,0.0,0.0,0.0,0.0,0.0,0.0,0.0
5,4,0.0,0.0,0.0,0.0,1.0,0.0,0.0,0.0,0.0,0.0,0.0,0.0
5,4,0.0,0.0,0.0,0.0,1.0,0.0,0.0,0.0,0.0,0.0,0.0,0.0
5,4,0.0,0.0,0.0,0.0,1.0,0.0,0.0,0.0,0.0,0.0,0.0,0.0
5,4,0.0,0.0,0.0,0.0,1.0,0.0,0.0,0.0,0.0,0.0,0.0,0.0
5,4,0.0,0.0,0.0,0.0,1.0,0.0,0.0,0.0,0.0,0.0,0.0,0.0
5,4,0.0,0.0,0.0,0.0,1.0,0.0,0.0,0.0,0.0,0.0,0.0,0.0
5,4,0.0,0.0,0.0,0.0,1.0,0.0,0.0,0.0,0.0,0.0,0.0,0.0
5,4,0.0,0.0,0.0,0.0,1.0,0.0,0.0,0.0,0.0,0.0,0.0,0.0
5,4,0.0,0.0,0.0,0.0,1.0,0.0,0.0,0.0,0.0,0.0,0.0,0.0
5,4,0.0,0.0,0.0,0.0,1.0,0.0,0.0,0.0,0.0,0.0,0.0,0.0
5,4,0.0,0.0,0.0,0.0,1.0,0.0,0.0,0.0,0.0,0.0,0.0,0.0
5,4,0.0,0.0,0.0,0.0,1.0,0.0,0.0,0.0,0.0,0.0,0.0,0.0
5,4,0.0,0.0,0.0,0.0,1.0,0.0,0.0,0.0,0.0,0.0,0.0,0.0
5,4,0.0,0.0,0.0,0.0,1.0,0.0,0.0,0.0,0.0,0.0,0.0,0.0
5,4,0.0,0.0,0.0,0.0,1.0,0.0,0.0,0.0,0.0,0.0,0.0,0.0
5,4,0.0,0.0,0.0,0.0,1.0,0.0,0.0,0.0,0.0,0.0,0.0,0.0
5,4,0.0,0.0,0.0,0.0,1.0,0.0,0.0,0.0,0.0,0.0,0.0,0.0
5,4,0.0,0.0,0.0,0.0,1.0,0.0,0.0,0.0,0.0,0.0,0.0,0.0
5,4,0.0,0.0,0.0,0.0,1.0,0.0,0.0,0.0,0.0,0.0,0.0,0.0
5,4,0.0,0.0,0.0,0.0,1.0,0.0,0.0,0.0,0.0,0.0,0.0,0.0
5,4,0.0,0.0,0.0,0.0,0.97348624,0.026513783,0.0,0.0,0.0,0.0,0.0,0.0
5,4,0.0,0.0,0.0,0.0,0.97348624,0.026513783,0.0,0.0,0.0,0.0,0.0,0.0
5,4,0.0,0.0,0.0,0.0,0.97348624,0.026513783,0.0,0.0,0.0,0.0,0.0,0.0
5,4,0.0,0.0,0.0,0.0,0.97348624,0.026513783,0.0,0.0,0.0,0.0,0.0,0.0
5,4,0.0,0.0,0.0,0.0,0.97348624,0.026513783,0.0,0.0,0.0,0.0,0.0,0.0
5,4,0.0,0.0,0.0,0.0,0.97348624,0.026513783,0.0,0.0,0.0,0.0,0.0,0.0
5,4,0.0,0.0,0.0,0.0,0.97348624,0.026513783,0.0,0.0,0.0,0.0,0.0,0.0
5,4,0.0,0.0,0.0,0.0,0.97348624,0.026513783,0.0,0.0,0.0,0.0,0.0,0.0
5,4,0.0,0.0,0.0,0.0,0.97348624,0.026513783,0.0,0.0,0.0,0.0,0.0,0.0
5,4,0.0,0.0,0.0,0.0,0.97348624,0.026513783,0.0,0.0,0.0,0.0,0.0,0.0
5,4,0.0,0.0,0.0,0.0,0.97348624,0.026513783,0.0,0.0,0.0,0.0,0.0,0.0
5,4,0.0,0.0,0.0,0.0,0.97348624,0.026513783,0.0,0.0,0.0,0.0,0.0,0.0
5,4,0.0,0.0,0.0,0.0,0.97348624,0.026513783,0.0,0.0,0.0,0.0,0.0,0.0
5,4,0.0,0.0,0.0,0.0,0.97348624,0.026513783,0.0,0.0,0.0,0.0,0.0,0.0
5,4,0.0,0.0,0.0,0.0,0.97348624,0.026513783,0.0,0.0,0.0,0.0,0.0,0.0
5,4,0.0,0.0,0.0,0.0,0.97348624,0.026513783,0.0,0.0,0.0,0.0,0.0,0.0
5,4,0.0,0.0,0.0,0.0,0.97348624,0.026513783,0.0,0.0,0.0,0.0,0.0,0.0
5,4,0.0,0.0,0.0,0.0,0.97348624,0.026513783,0.0,0.0,0.0,0.0,0.0,0.0
5,4,0.0,0.0,0.0,0.0,0.97348624,0.026513783,0.0,0.0,0.0,0.0,0.0,0.0
5,4,0.0,0.0,0.0,0.0,0.97348624,0.026513783,0.0,0.0,0.0,0.0,0.0,0.0
5,4,0.0,0.0,0.0,0.0,0.97348624,0.026513783,0.0,0.0,0.0,0.0,0.0,0.0
5,4,0.0,0.0,0.0,0.0,0.97348624,0.026513783,0.0,0.0,0.0,0.0,0.0,0.0
5,4,0.0,0.0,0.0,0.0,0.97348624,0.026513783,0.0,0.0,0.0,0.0,0.0,0.0
5,4,0.0,0.0,0.0,0.0,0.97348624,0.026513783,0.0,0.0,0.0,0.0,0.0,0.0
5,4,0.0,0.0,0.0,0.0,0.97348624,0.026513783,0.0,0.0,0.0,0.0,0.0,0.0
5,4,0.0,0.0,0.0,0.0,0.97348624,0.026513783,0.0,0.0,0.0,0.0,0.0,0.0
5,4,0.0,0.0,0.0,0.0,0.97348624,0.026513783,0.0,0.0,0.0,0.0,0.0,0.0
5,4,0.0,0.0,0.0,0.0,0.97348624,0.026513783,0.0,0.0,0.0,0.0,0.0,0.0
5,4,0.0,0.0,0.0,0.0,0.97348624,0.026513783,0.0,0.0,0.0,0.0,0.0,0.0
5,4,0.0,0.0,0.0,0.0,0.97348624,0.026513783,0.0,0.0,0.0,0.0,0.0,0.0
5,4,0.0,0.0,0.0,0.0,0.97348624,0.026513783,0.0,0.0,0.0,0.0,0.0,0.0
5,4,0.0,0.0,0.0,0.0,0.97348624,0.026513783,0.0,0.0,0.0,0.0,0.0,0.0
5,4,0.0,0.0,0.0,0.0,0.97348624,0.026513783,0.0,0.0,0.0,0.0,0.0,0.0
5,4,0.0,0.0,0.0,0.0,0.97348624,0.026513783,0.0,0.0,0.0,0.0,0.0,0.0
5,4,0.0,0.0,0.0,0.0,0.97348624,0.026513783,0.0,0.0,0.0,0.0,0.0,0.0
5,4,0.0,0.0,0.0,0.0,0.97348624,0.026513783,0.0,0.0,0.0,0.0,0.0,0.0
5,4,0.0,0.0,0.0,0.0,0.97348624,0.026513783,0.0,0.0,0.0,0.0,0.0,0.0
5,4,0.0,0.0,0.0,0.0,0.97348624,0.026513783,0.0,0.0,0.0,0.0,0.0,0.0
5,4,0.0,0.0,0.0,0.0,0.97348624,0.026513783,0.0,0.0,0.0,0.0,0.0,0.0
5,4,0.0,0.0,0.0,0.0,0.97348624,0.026513783,0.0,0.0,0.0,0.0,0.0,0.0
5,4,0.0,0.0,0.0,0.0,0.97348624,0.026513783,0.0,0.0,0.0,0.0,0.0,0.0
5,4,0.0,0.0,0.0,0.0,0.97348624,0.026513783,0.0,0.0,0.0,0.0,0.0,0.0
5,4,0.0,0.0,0.0,0.0,0.97348624,0.026513783,0.0,0.0,0.0,0.0,0.0,0.0
5,4,0.0,0.0,0.0,0.0,0.97348624,0.026513783,0.0,0.0,0.0,0.0,0.0,0.0
5,4,0.0,0.0,0.0,0.0,0.97348624,0.026513783,0.0,0.0,0.0,0.0,0.0,0.0
5,4,0.0,0.0,0.0,0.0,0.97348624,0.026513783,0.0,0.0,0.0,0.0,0.0,0.0
5,4,0.0,0.0,0.0,0.0,0.97348624,0.026513783,0.0,0.0,0.0,0.0,0.0,0.0
5,4,0.0,0.0,0.0,0.0,0.97348624,0.026513783,0.0,0.0,0.0,0.0,0.0,0.0
5,4,0.0,0.0,0.0,0.0,0.97348624,0.026513783,0.0,0.0,0.0,0.0,0.0,0.0
5,4,0.0,0.0,0.0,0.0,0.97348624,0.026513783,0.0,0.0,0.0,0.0,0.0,0.0
5,4,0.0,0.0,0.0,0.0,0.97348624,0.026513783,0.0,0.0,0.0,0.0,0.0,0.0
5,4,0.0,0.0,0.0,0.0,0.97348624,0.026513783,0.0,0.0,0.0,0.0,0.0,0.0
5,4,0.0,0.0,0.0,0.0,0.97348624,0.026513783,0.0,0.0,0.0,0.0,0.0,0.0
5,4,0.0,0.0,0.0,0.0,0.97348624,0.026513783,0.0,0.0,0.0,0.0,0.0,0.0
5,4,0.0,0.0,0.0,0.0,0.97348624,0.026513783,0.0,0.0,0.0,0.0,0.0,0.0
5,4,0.0,0.0,0.0,0.0,0.97348624,0.026513783,0.0,0.0,0.0,0.0,0.0,0.0
5,4,0.0,0.0,0.0,0.0,0.97348624,0.026513783,0.0,0.0,0.0,0.0,0.0,0.0
5,4,0.0,0.0,0.0,0.0,0.97348624,0.026513783,0.0,0.0,0.0,0.0,0.0,0.0
5,4,0.0,0.0,0.0,0.0,0.97348624,0.026513783,0.0,0.0,0.0,0.0,0.0,0.0
5,4,0.0,0.0,0.0,0.0,0.97348624,0.026513783,0.0,0.0,0.0,0.0,0.0,0.0
5,4,0.0,0.0,0.0,0.0,0.97348624,0.026513783,0.0,0.0,0.0,0.0,0.0,0.0
5,4,0.0,0.0,0.0,0.0,0.97348624,0.026513783,0.0,0.0,0.0,0.0,0.0,0.0
5,4,0.0,0.0,0.0,0.0,0.97348624,0.026513783,0.0,0.0,0.0,0.0,0.0,0.0
5,4,0.0,0.0,0.0,0.0,0.97348624,0.026513783,0.0,0.0,0.0,0.0,0.0,0.0
5,4,0.0,0.0,0.0,0.0,0.97348624,0.026513783,0.0,0.0,0.0,0.0,0.0,0.0
5,4,0.0,0.0,0.0,0.0,0.97348624,0.026513783,0.0,0.0,0.0,0.0,0.0,0.0
5,4,0.0,0.0,0.0,0.0,0.97348624,0.026513783,0.0,0.0,0.0,0.0,0.0,0.0
5,4,0.0,0.0,0.0,0.0,0.97348624,0.026513783,0.0,0.0,0.0,0.0,0.0,0.0
5,4,0.0,0.0,0.0,0.0,0.97348624,0.026513783,0.0,0.0,0.0,0.0,0.0,0.0
5,4,0.0,0.0,0.0,0.0,0.97348624,0.026513783,0.0,0.0,0.0,0.0,0.0,0.0
5,4,0.0,0.0,0.0,0.0,0.97348624,0.026513783,0.0,0.0,0.0,0.0,0.0,0.0
5,4,0.0,0.0,0.0,0.0,0.97348624,0.026513783,0.0,0.0,0.0,0.0,0.0,0.0
5,4,0.0,0.0,0.0,0.0,0.97348624,0.026513783,0.0,0.0,0.0,0.0,0.0,0.0
5,4,0.0,0.0,0.0,0.0,0.97348624,0.026513783,0.0,0.0,0.0,0.0,0.0,0.0
5,4,0.0,0.0,0.0,0.0,0.97348624,0.026513783,0.0,0.0,0.0,0.0,0.0,0.0
5,4,0.0,0.0,0.0,0.0,0.97348624,0.026513783,0.0,0.0,0.0,0.0,0.0,0.0
5,4,0.0,0.0,0.0,0.0,0.97348624,0.026513783,0.0,0.0,0.0,0.0,0.0,0.0
5,4,0.0,0.0,0.0,0.0,0.97348624,0.026513783,0.0,0.0,0.0,0.0,0.0,0.0
5,4,0.0,0.0,0.0,0.0,0.97348624,0.026513783,0.0,0.0,0.0,0.0,0.0,0.0
5,4,0.0,0.0,0.0,0.0,0.97348624,0.026513783,0.0,0.0,0.0,0.0,0.0,0.0
5,4,0.0,0.0,0.0,0.0,0.97348624,0.026513783,0.0,0.0,0.0,0.0,0.0,0.0
5,4,0.0,0.0,0.0,0.0,0.97348624,0.026513783,0.0,0.0,0.0,0.0,0.0,0.0
5,4,0.0,0.0,0.0,0.0,0.97348624,0.026513783,0.0,0.0,0.0,0.0,0.0,0.0
5,4,0.0,0.0,0.0,0.0,0.97348624,0.026513783,0.0,0.0,0.0,0.0,0.0,0.0
5,4,0.0,0.0,0.0,0.0,0.97348624,0.026513783,0.0,0.0,0.0,0.0,0.0,0.0
5,4,0.0,0.0,0.0,0.0,0.97348624,0.026513783,0.0,0.0,0.0,0.0,0.0,0.0
5,4,0.0,0.0,0.0,0.0,0.97348624,0.026513783,0.0,0.0,0.0,0.0,0.0,0.0
5,4,0.0,0.0,0.0,0.0,0.97348624,0.026513783,0.0,0.0,0.0,0.0,0.0,0.0
5,4,0.0,0.0,0.0,0.0,0.97348624,0.026513783,0.0,0.0,0.0,0.0,0.0,0.0
5,4,0.0,0.0,0.0,0.0,0.97348624,0.026513783,0.0,0.0,0.0,0.0,0.0,0.0
5,4,0.0,0.0,0.0,0.0,0.97348624,0.026513783,0.0,0.0,0.0,0.0,0.0,0.0
5,4,0.0,0.0,0.0,0.0,0.97348624,0.026513783,0.0,0.0,0.0,0.0,0.0,0.0
5,4,0.0,0.0,0.0,0.0,0.97348624,0.026513783,0.0,0.0,0.0,0.0,0.0,0.0
5,4,0.0,0.0,0.0,0.0,0.97348624,0.026513783,0.0,0.0,0.0,0.0,0.0,0.0
5,4,0.0,0.0,0.0,0.0,0.97348624,0.026513783,0.0,0.0,0.0,0.0,0.0,0.0
5,4,0.0,0.0,0.0,0.0,0.97348624,0.026513783,0.0,0.0,0.0,0.0,0.0,0.0
5,4,0.0,0.0,0.0,0.0,0.97348624,0.026513783,0.0,0.0,0.0,0.0,0.0,0.0
5,4,0.0,0.0,0.0,0.0,0.97348624,0.026513783,0.0,0.0,0.0,0.0,0.0,0.0
5,4,0.0,0.0,0.0,0.0,0.97348624,0.026513783,0.0,0.0,0.0,0.0,0.0,0.0
5,4,0.0,0.0,0.0,0.0,0.97348624,0.026513783,0.0,0.0,0.0,0.0,0.0,0.0
5,4,0.0,0.0,0.0,0.0,0.97348624,0.026513783,0.0,0.0,0.0,0.0,0.0,0.0
5,4,0.0,0.0,0.0,0.0,0.97348624,0.026513783,0.0,0.0,0.0,0.0,0.0,0.0
5,4,0.0,0.0,0.0,0.0,0.97348624,0.026513783,0.0,0.0,0.0,0.0,0.0,0.0
5,4,0.0,0.0,0.0,0.0,0.97348624,0.026513783,0.0,0.0,0.0,0.0,0.0,0.0
5,4,0.0,0.0,0.0,0.0,0.97348624,0.026513783,0.0,0.0,0.0,0.0,0.0,0.0
5,4,0.0,0.0,0.0,0.0,0.97348624,0.026513783,0.0,0.0,0.0,0.0,0.0,0.0
5,4,0.0,0.0,0.0,0.0,0.97348624,0.026513783,0.0,0.0,0.0,0.0,0.0,0.0
5,4,0.0,0.0,0.0,0.0,0.97348624,0.026513783,0.0,0.0,0.0,0.0,0.0,0.0
5,4,0.0,0.0,0.0,0.0,0.97348624,0.026513783,0.0,0.0,0.0,0.0,0.0,0.0
5,4,0.0,0.0,0.0,0.0,0.97348624,0.026513783,0.0,0.0,0.0,0.0,0.0,0.0
5,4,0.0,0.0,0.0,0.0,0.97348624,0.026513783,0.0,0.0,0.0,0.0,0.0,0.0
5,4,0.0,0.0,0.0,0.0,0.97348624,0.026513783,0.0,0.0,0.0,0.0,0.0,0.0
5,4,0.0,0.0,0.0,0.0,0.97348624,0.026513783,0.0,0.0,0.0,0.0,0.0,0.0
5,4,0.0,0.0,0.0,0.0,0.97348624,0.026513783,0.0,0.0,0.0,0.0,0.0,0.0
5,4,0.0,0.0,0.0,0.0,0.97348624,0.026513783,0.0,0.0,0.0,0.0,0.0,0.0
5,4,0.0,0.0,0.0,0.0,0.97348624,0.026513783,0.0,0.0,0.0,0.0,0.0,0.0
5,4,0.0,0.0,0.0,0.0,0.97348624,0.026513783,0.0,0.0,0.0,0.0,0.0,0.0
5,4,0.0,0.0,0.0,0.0,0.97348624,0.026513783,0.0,0.0,0.0,0.0,0.0,0.0
5,4,0.0,0.0,0.0,0.0,0.97348624,0.026513783,0.0,0.0,0.0,0.0,0.0,0.0
5,4,0.0,0.0,0.0,0.0,0.97348624,0.026513783,0.0,0.0,0.0,0.0,0.0,0.0
5,4,0.0,0.0,0.0,0.0,0.97348624,0.026513783,0.0,0.0,0.0,0.0,0.0,0.0
5,4,0.0,0.0,0.0,0.0,0.97348624,0.026513783,0.0,0.0,0.0,0.0,0.0,0.0
5,4,0.0,0.0,0.0,0.0,0.97348624,0.026513783,0.0,0.0,0.0,0.0,0.0,0.0
5,4,0.0,0.0,0.0,0.0,0.97348624,0.026513783,0.0,0.0,0.0,0.0,0.0,0.0
5,4,0.0,0.0,0.0,0.0,0.97348624,0.026513783,0.0,0.0,0.0,0.0,0.0,0.0
5,4,0.0,0.0,0.0,0.0,0.97348624,0.026513783,0.0,0.0,0.0,0.0,0.0,0.0
5,4,0.0,0.0,0.0,0.0,0.97348624,0.026513783,0.0,0.0,0.0,0.0,0.0,0.0
5,4,0.0,0.0,0.0,0.0,0.97348624,0.026513783,0.0,0.0,0.0,0.0,0.0,0.0
5,4,0.0,0.0,0.0,0.0,0.97348624,0.026513783,0.0,0.0,0.0,0.0,0.0,0.0
5,4,0.0,0.0,0.0,0.0,0.97348624,0.026513783,0.0,0.0,0.0,0.0,0.0,0.0
5,4,0.0,0.0,0.0,0.0,0.97348624,0.026513783,0.0,0.0,0.0,0.0,0.0,0.0
5,4,0.0,0.0,0.0,0.0,0.97348624,0.026513783,0.0,0.0,0.0,0.0,0.0,0.0
5,4,0.0,0.0,0.0,0.0,0.97348624,0.026513783,0.0,0.0,0.0,0.0,0.0,0.0
5,4,0.0,0.0,0.0,0.0,0.97348624,0.026513783,0.0,0.0,0.0,0.0,0.0,0.0
5,4,0.0,0.0,0.0,0.0,0.97348624,0.026513783,0.0,0.0,0.0,0.0,0.0,0.0
5,4,0.0,0.0,0.0,0.0,0.97348624,0.026513783,0.0,0.0,0.0,0.0,0.0,0.0
5,4,0.0,0.0,0.0,0.0,0.97348624,0.026513783,0.0,0.0,0.0,0.0,0.0,0.0
5,4,0.0,0.0,0.0,0.0,0.97348624,0.026513783,0.0,0.0,0.0,0.0,0.0,0.0
5,4,0.0,0.0,0.0,0.0,0.97348624,0.026513783,0.0,0.0,0.0,0.0,0.0,0.0
5,4,0.0,0.0,0.0,0.0,0.97348624,0.026513783,0.0,0.0,0.0,0.0,0.0,0.0
5,4,0.0,0.0,0.0,0.0,0.97348624,0.026513783,0.0,0.0,0.0,0.0,0.0,0.0
5,4,0.0,0.0,0.0,0.0,0.97348624,0.026513783,0.0,0.0,0.0,0.0,0.0,0.0
5,4,0.0,0.0,0.0,0.0,0.97348624,0.026513783,0.0,0.0,0.0,0.0,0.0,0.0
5,4,0.0,0.0,0.0,0.0,0.97348624,0.026513783,0.0,0.0,0.0,0.0,0.0,0.0
5,4,0.0,0.0,0.0,0.0,0.97348624,0.026513783,0.0,0.0,0.0,0.0,0.0,0.0
5,4,0.0,0.0,0.0,0.0,0.97348624,0.026513783,0.0,0.0,0.0,0.0,0.0,0.0
5,4,0.0,0.0,0.0,0.0,0.97348624,0.026513783,0.0,0.0,0.0,0.0,0.0,0.0
5,4,0.0,0.0,0.0,0.0,0.97348624,0.026513783,0.0,0.0,0.0,0.0,0.0,0.0
5,4,0.0,0.0,0.0,0.0,0.97348624,0.026513783,0.0,0.0,0.0,0.0,0.0,0.0
5,4,0.0,0.0,0.0,0.0,0.97348624,0.026513783,0.0,0.0,0.0,0.0,0.0,0.0
5,4,0.0,0.0,0.0,0.0,0.97348624,0.026513783,0.0,0.0,0.0,0.0,0.0,0.0
5,4,0.0,0.0,0.0,0.0,0.97348624,0.026513783,0.0,0.0,0.0,0.0,0.0,0.0
5,4,0.0,0.0,0.0,0.0,0.97348624,0.026513783,0.0,0.0,0.0,0.0,0.0,0.0
5,4,0.0,0.0,0.0,0.0,0.97348624,0.026513783,0.0,0.0,0.0,0.0,0.0,0.0
5,4,0.0,0.0,0.0,0.0,0.97348624,0.026513783,0.0,0.0,0.0,0.0,0.0,0.0
5,4,0.0,0.0,0.0,0.0,0.97348624,0.026513783,0.0,0.0,0.0,0.0,0.0,0.0
5,4,0.0,0.0,0.0,0.0,0.97348624,0.026513783,0.0,0.0,0.0,0.0,0.0,0.0
5,4,0.0,0.0,0.0,0.0,0.97348624,0.026513783,0.0,0.0,0.0,0.0,0.0,0.0
5,4,0.0,0.0,0.0,0.0,0.97348624,0.026513783,0.0,0.0,0.0,0.0,0.0,0.0
5,4,0.0,0.0,0.0,0.0,0.97348624,0.026513783,0.0,0.0,0.0,0.0,0.0,0.0
5,4,0.0,0.0,0.0,0.0,0.97348624,0.026513783,0.0,0.0,0.0,0.0,0.0,0.0
5,4,0.0,0.0,0.0,0.0,0.97348624,0.026513783,0.0,0.0,0.0,0.0,0.0,0.0
5,4,0.0,0.0,0.0,0.0,0.97348624,0.026513783,0.0,0.0,0.0,0.0,0.0,0.0
5,4,0.0,0.0,0.0,0.0,0.97348624,0.026513783,0.0,0.0,0.0,0.0,0.0,0.0
5,4,0.0,0.0,0.0,0.0,0.97348624,0.026513783,0.0,0.0,0.0,0.0,0.0,0.0
5,4,0.0,0.0,0.0,0.0,0.97348624,0.026513783,0.0,0.0,0.0,0.0,0.0,0.0
5,4,0.0,0.0,0.0,0.0,0.97348624,0.026513783,0.0,0.0,0.0,0.0,0.0,0.0
5,4,0.0,0.0,0.0,0.0,0.97348624,0.026513783,0.0,0.0,0.0,0.0,0.0,0.0
5,4,0.0,0.0,0.0,0.0,0.97348624,0.026513783,0.0,0.0,0.0,0.0,0.0,0.0
5,4,0.0,0.0,0.0,0.0,0.97348624,0.026513783,0.0,0.0,0.0,0.0,0.0,0.0
5,4,0.0,0.0,0.0,0.0,0.97348624,0.026513783,0.0,0.0,0.0,0.0,0.0,0.0
5,4,0.0,0.0,0.0,0.0,0.97348624,0.026513783,0.0,0.0,0.0,0.0,0.0,0.0
5,4,0.0,0.0,0.0,0.0,0.97348624,0.026513783,0.0,0.0,0.0,0.0,0.0,0.0
5,4,0.0,0.0,0.0,0.0,0.97348624,0.026513783,0.0,0.0,0.0,0.0,0.0,0.0
5,4,0.0,0.0,0.0,0.0,0.97348624,0.026513783,0.0,0.0,0.0,0.0,0.0,0.0
5,4,0.0,0.0,0.0,0.0,0.97348624,0.026513783,0.0,0.0,0.0,0.0,0.0,0.0
5,4,0.0,0.0,0.0,0.0,0.97348624,0.026513783,0.0,0.0,0.0,0.0,0.0,0.0
5,4,0.0,0.0,0.0,0.0,0.97348624,0.026513783,0.0,0.0,0.0,0.0,0.0,0.0
5,4,0.0,0.0,0.0,0.0,0.97348624,0.026513783,0.0,0.0,0.0,0.0,0.0,0.0
5,4,0.0,0.0,0.0,0.0,0.97348624,0.026513783,0.0,0.0,0.0,0.0,0.0,0.0
5,4,0.0,0.0,0.0,0.0,0.97348624,0.026513783,0.0,0.0,0.0,0.0,0.0,0.0
5,4,0.0,0.0,0.0,0.0,0.97348624,0.026513783,0.0,0.0,0.0,0.0,0.0,0.0
5,4,0.0,0.0,0.0,0.0,0.97348624,0.026513783,0.0,0.0,0.0,0.0,0.0,0.0
5,4,0.0,0.0,0.0,0.0,0.97348624,0.026513783,0.0,0.0,0.0,0.0,0.0,0.0
5,4,0.0,0.0,0.0,0.0,0.97348624,0.026513783,0.0,0.0,0.0,0.0,0.0,0.0
5,4,0.0,0.0,0.0,0.0,0.97348624,0.026513783,0.0,0.0,0.0,0.0,0.0,0.0
5,4,0.0,0.0,0.0,0.0,0.97348624,0.026513783,0.0,0.0,0.0,0.0,0.0,0.0
5,4,0.0,0.0,0.0,0.0,0.97348624,0.026513783,0.0,0.0,0.0,0.0,0.0,0.0
5,4,0.0,0.0,0.0,0.0,0.97348624,0.026513783,0.0,0.0,0.0,0.0,0.0,0.0
5,4,0.0,0.0,0.0,0.0,0.97348624,0.026513783,0.0,0.0,0.0,0.0,0.0,0.0
5,4,0.0,0.0,0.0,0.0,0.97348624,0.026513783,0.0,0.0,0.0,0.0,0.0,0.0
5,4,0.0,0.0,0.0,0.0,0.97348624,0.026513783,0.0,0.0,0.0,0.0,0.0,0.0
5,4,0.026513781,0.0,0.039978858,0.0,0.9335074,0.0,0.0,0.0,0.0,0.0,0.0,0.0
5,4,0.026513781,0.0,0.039978858,0.0,0.9335074,0.0,0.0,0.0,0.0,0.0,0.0,0.0
5,4,0.026513781,0.0,0.039978858,0.0,0.9335074,0.0,0.0,0.0,0.0,0.0,0.0,0.0
5,4,0.026513781,0.0,0.039978858,0.0,0.9335074,0.0,0.0,0.0,0.0,0.0,0.0,0.0
5,4,0.026513781,0.0,0.039978858,0.0,0.9335074,0.0,0.0,0.0,0.0,0.0,0.0,0.0
5,4,0.026513781,0.0,0.039978858,0.0,0.9335074,0.0,0.0,0.0,0.0,0.0,0.0,0.0
5,4,0.026513781,0.0,0.039978858,0.0,0.9335074,0.0,0.0,0.0,0.0,0.0,0.0,0.0
5,4,0.026513781,0.0,0.039978858,0.0,0.9335074,0.0,0.0,0.0,0.0,0.0,0.0,0.0
5,4,0.026513781,0.0,0.039978858,0.0,0.9335074,0.0,0.0,0.0,0.0,0.0,0.0,0.0
5,4,0.026513781,0.0,0.039978858,0.0,0.9335074,0.0,0.0,0.0,0.0,0.0,0.0,0.0
5,4,0.026513781,0.0,0.039978858,0.0,0.9335074,0.0,0.0,0.0,0.0,0.0,0.0,0.0
5,4,0.026513781,0.0,0.039978858,0.0,0.9335074,0.0,0.0,0.0,0.0,0.0,0.0,0.0
5,4,0.026513781,0.0,0.039978858,0.0,0.9335074,0.0,0.0,0.0,0.0,0.0,0.0,0.0
5,4,0.026513781,0.0,0.039978858,0.0,0.9335074,0.0,0.0,0.0,0.0,0.0,0.0,0.0
5,4,0.026513781,0.0,0.039978858,0.0,0.9335074,0.0,0.0,0.0,0.0,0.0,0.0,0.0
5,4,0.026513781,0.0,0.039978858,0.0,0.9335074,0.0,0.0,0.0,0.0,0.0,0.0,0.0
5,4,0.026513781,0.0,0.039978858,0.0,0.9335074,0.0,0.0,0.0,0.0,0.0,0.0,0.0
5,4,0.026513781,0.0,0.039978858,0.0,0.9335074,0.0,0.0,0.0,0.0,0.0,0.0,0.0
5,4,0.026513781,0.0,0.039978858,0.0,0.9335074,0.0,0.0,0.0,0.0,0.0,0.0,0.0
5,4,0.026513781,0.0,0.039978858,0.0,0.9335074,0.0,0.0,0.0,0.0,0.0,0.0,0.0
5,4,0.026513781,0.0,0.039978858,0.0,0.9335074,0.0,0.0,0.0,0.0,0.0,0.0,0.0
5,4,0.026513781,0.0,0.039978858,0.0,0.9335074,0.0,0.0,0.0,0.0,0.0,0.0,0.0
5,4,0.026513781,0.0,0.039978858,0.0,0.9335074,0.0,0.0,0.0,0.0,0.0,0.0,0.0
5,4,0.026513781,0.0,0.039978858,0.0,0.9335074,0.0,0.0,0.0,0.0,0.0,0.0,0.0
5,4,0.026513781,0.0,0.039978858,0.0,0.9335074,0.0,0.0,0.0,0.0,0.0,0.0,0.0
5,4,0.026513781,0.0,0.039978858,0.0,0.9335074,0.0,0.0,0.0,0.0,0.0,0.0,0.0
5,4,0.026513781,0.0,0.039978858,0.0,0.9335074,0.0,0.0,0.0,0.0,0.0,0.0,0.0
5,4,0.026513781,0.0,0.039978858,0.0,0.9335074,0.0,0.0,0.0,0.0,0.0,0.0,0.0
5,4,0.026513781,0.0,0.039978858,0.0,0.9335074,0.0,0.0,0.0,0.0,0.0,0.0,0.0
5,4,0.026513781,0.0,0.039978858,0.0,0.9335074,0.0,0.0,0.0,0.0,0.0,0.0,0.0
5,4,0.026513781,0.0,0.039978858,0.0,0.9335074,0.0,0.0,0.0,0.0,0.0,0.0,0.0
5,4,0.026513781,0.0,0.039978858,0.0,0.9335074,0.0,0.0,0.0,0.0,0.0,0.0,0.0
5,4,0.026513781,0.0,0.039978858,0.0,0.9335074,0.0,0.0,0.0,0.0,0.0,0.0,0.0
5,4,0.026513781,0.0,0.039978858,0.0,0.9335074,0.0,0.0,0.0,0.0,0.0,0.0,0.0
5,4,0.026513781,0.0,0.039978858,0.0,0.9335074,0.0,0.0,0.0,0.0,0.0,0.0,0.0
5,4,0.026513781,0.0,0.039978858,0.0,0.9335074,0.0,0.0,0.0,0.0,0.0,0.0,0.0
5,4,0.026513781,0.0,0.039978858,0.0,0.9335074,0.0,0.0,0.0,0.0,0.0,0.0,0.0
5,4,0.026513781,0.0,0.039978858,0.0,0.9335074,0.0,0.0,0.0,0.0,0.0,0.0,0.0
5,4,0.026513781,0.0,0.039978858,0.0,0.9335074,0.0,0.0,0.0,0.0,0.0,0.0,0.0
5,4,0.026513781,0.0,0.039978858,0.0,0.9335074,0.0,0.0,0.0,0.0,0.0,0.0,0.0
5,4,0.026513781,0.0,0.039978858,0.0,0.9335074,0.0,0.0,0.0,0.0,0.0,0.0,0.0
5,4,0.026513781,0.0,0.039978858,0.0,0.9335074,0.0,0.0,0.0,0.0,0.0,0.0,0.0
5,4,0.026513781,0.0,0.039978858,0.0,0.9335074,0.0,0.0,0.0,0.0,0.0,0.0,0.0
5,4,0.026513781,0.0,0.039978858,0.0,0.9335074,0.0,0.0,0.0,0.0,0.0,0.0,0.0
5,4,0.026513781,0.0,0.039978858,0.0,0.9335074,0.0,0.0,0.0,0.0,0.0,0.0,0.0
5,4,0.026513781,0.0,0.039978858,0.0,0.9335074,0.0,0.0,0.0,0.0,0.0,0.0,0.0
5,4,0.026513781,0.0,0.039978858,0.0,0.9335074,0.0,0.0,0.0,0.0,0.0,0.0,0.0
5,4,0.026513781,0.0,0.039978858,0.0,0.9335074,0.0,0.0,0.0,0.0,0.0,0.0,0.0
5,4,0.026513781,0.0,0.039978858,0.0,0.9335074,0.0,0.0,0.0,0.0,0.0,0.0,0.0
5,4,0.026513781,0.0,0.039978858,0.0,0.9335074,0.0,0.0,0.0,0.0,0.0,0.0,0.0
5,4,0.026513781,0.0,0.039978858,0.0,0.9335074,0.0,0.0,0.0,0.0,0.0,0.0,0.0
5,4,0.026513781,0.0,0.039978858,0.0,0.9335074,0.0,0.0,0.0,0.0,0.0,0.0,0.0
5,4,0.026513781,0.0,0.039978858,0.0,0.9335074,0.0,0.0,0.0,0.0,0.0,0.0,0.0
5,4,0.026513781,0.0,0.039978858,0.0,0.9335074,0.0,0.0,0.0,0.0,0.0,0.0,0.0
5,4,0.026513781,0.0,0.039978858,0.0,0.9335074,0.0,0.0,0.0,0.0,0.0,0.0,0.0
5,4,0.026513781,0.0,0.039978858,0.0,0.9335074,0.0,0.0,0.0,0.0,0.0,0.0,0.0
5,4,0.026513781,0.0,0.039978858,0.0,0.9335074,0.0,0.0,0.0,0.0,0.0,0.0,0.0
5,4,0.026513781,0.0,0.039978858,0.0,0.9335074,0.0,0.0,0.0,0.0,0.0,0.0,0.0
5,4,0.026513781,0.0,0.039978858,0.0,0.9335074,0.0,0.0,0.0,0.0,0.0,0.0,0.0
5,4,0.026513781,0.0,0.039978858,0.0,0.9335074,0.0,0.0,0.0,0.0,0.0,0.0,0.0
5,4,0.026513781,0.0,0.039978858,0.0,0.9335074,0.0,0.0,0.0,0.0,0.0,0.0,0.0
5,4,0.026513781,0.0,0.039978858,0.0,0.9335074,0.0,0.0,0.0,0.0,0.0,0.0,0.0
5,4,0.026513781,0.0,0.039978858,0.0,0.9335074,0.0,0.0,0.0,0.0,0.0,0.0,0.0
5,4,0.026513781,0.0,0.039978858,0.0,0.9335074,0.0,0.0,0.0,0.0,0.0,0.0,0.0
5,4,0.026513781,0.0,0.039978858,0.0,0.9335074,0.0,0.0,0.0,0.0,0.0,0.0,0.0
5,4,0.026513781,0.0,0.039978858,0.0,0.9335074,0.0,0.0,0.0,0.0,0.0,0.0,0.0
5,4,0.026513781,0.0,0.039978858,0.0,0.9335074,0.0,0.0,0.0,0.0,0.0,0.0,0.0
5,4,0.026513781,0.0,0.039978858,0.0,0.9335074,0.0,0.0,0.0,0.0,0.0,0.0,0.0
5,4,0.026513781,0.0,0.039978858,0.0,0.9335074,0.0,0.0,0.0,0.0,0.0,0.0,0.0
5,4,0.026513781,0.0,0.039978858,0.0,0.9335074,0.0,0.0,0.0,0.0,0.0,0.0,0.0
5,4,0.026513781,0.0,0.039978858,0.0,0.9335074,0.0,0.0,0.0,0.0,0.0,0.0,0.0
5,4,0.026513781,0.0,0.039978858,0.0,0.9335074,0.0,0.0,0.0,0.0,0.0,0.0,0.0
5,4,0.026513781,0.0,0.039978858,0.0,0.9335074,0.0,0.0,0.0,0.0,0.0,0.0,0.0
5,4,0.026513781,0.0,0.039978858,0.0,0.9335074,0.0,0.0,0.0,0.0,0.0,0.0,0.0
5,4,0.026513781,0.0,0.039978858,0.0,0.9335074,0.0,0.0,0.0,0.0,0.0,0.0,0.0
5,4,0.026513781,0.0,0.039978858,0.0,0.9335074,0.0,0.0,0.0,0.0,0.0,0.0,0.0
5,4,0.026513781,0.0,0.039978858,0.0,0.9335074,0.0,0.0,0.0,0.0,0.0,0.0,0.0
5,4,0.026513781,0.0,0.039978858,0.0,0.9335074,0.0,0.0,0.0,0.0,0.0,0.0,0.0
5,4,0.026513781,0.0,0.039978858,0.0,0.9335074,0.0,0.0,0.0,0.0,0.0,0.0,0.0
5,4,0.026513781,0.0,0.039978858,0.0,0.9335074,0.0,0.0,0.0,0.0,0.0,0.0,0.0
5,4,0.026513781,0.0,0.039978858,0.0,0.9335074,0.0,0.0,0.0,0.0,0.0,0.0,0.0
5,4,0.026513781,0.0,0.039978858,0.0,0.9335074,0.0,0.0,0.0,0.0,0.0,0.0,0.0
5,4,0.026513781,0.0,0.039978858,0.0,0.9335074,0.0,0.0,0.0,0.0,0.0,0.0,0.0
5,4,0.026513781,0.0,0.039978858,0.0,0.9335074,0.0,0.0,0.0,0.0,0.0,0.0,0.0
5,4,0.026513781,0.0,0.039978858,0.0,0.9335074,0.0,0.0,0.0,0.0,0.0,0.0,0.0
5,4,0.026513781,0.0,0.039978858,0.0,0.9335074,0.0,0.0,0.0,0.0,0.0,0.0,0.0
5,4,0.026513781,0.0,0.039978858,0.0,0.9335074,0.0,0.0,0.0,0.0,0.0,0.0,0.0
5,4,0.026513781,0.0,0.039978858,0.0,0.9335074,0.0,0.0,0.0,0.0,0.0,0.0,0.0
5,4,0.026513781,0.0,0.039978858,0.0,0.9335074,0.0,0.0,0.0,0.0,0.0,0.0,0.0
5,4,0.026513781,0.0,0.039978858,0.0,0.9335074,0.0,0.0,0.0,0.0,0.0,0.0,0.0
5,4,0.026513781,0.0,0.039978858,0.0,0.9335074,0.0,0.0,0.0,0.0,0.0,0.0,0.0
5,4,0.026513781,0.0,0.039978858,0.0,0.9335074,0.0,0.0,0.0,0.0,0.0,0.0,0.0
5,4,0.026513781,0.0,0.039978858,0.0,0.9335074,0.0,0.0,0.0,0.0,0.0,0.0,0.0
5,4,0.026513781,0.0,0.039978858,0.0,0.9335074,0.0,0.0,0.0,0.0,0.0,0.0,0.0
5,4,0.026513781,0.0,0.039978858,0.0,0.9335074,0.0,0.0,0.0,0.0,0.0,0.0,0.0
5,4,0.026513781,0.0,0.039978858,0.0,0.9335074,0.0,0.0,0.0,0.0,0.0,0.0,0.0
5,4,0.026513781,0.0,0.039978858,0.0,0.9335074,0.0,0.0,0.0,0.0,0.0,0.0,0.0
5,4,0.026513781,0.0,0.039978858,0.0,0.9335074,0.0,0.0,0.0,0.0,0.0,0.0,0.0
5,4,0.026513781,0.0,0.039978858,0.0,0.9335074,0.0,0.0,0.0,0.0,0.0,0.0,0.0
5,4,0.026513781,0.0,0.039978858,0.0,0.9335074,0.0,0.0,0.0,0.0,0.0,0.0,0.0
5,4,0.026513781,0.0,0.039978858,0.0,0.9335074,0.0,0.0,0.0,0.0,0.0,0.0,0.0
5,4,0.026513781,0.0,0.039978858,0.0,0.9335074,0.0,0.0,0.0,0.0,0.0,0.0,0.0
5,4,0.026513781,0.0,0.039978858,0.0,0.9335074,0.0,0.0,0.0,0.0,0.0,0.0,0.0
5,4,0.026513781,0.0,0.039978858,0.0,0.9335074,0.0,0.0,0.0,0.0,0.0,0.0,0.0
5,4,0.026513781,0.0,0.039978858,0.0,0.9335074,0.0,0.0,0.0,0.0,0.0,0.0,0.0
5,4,0.026513781,0.0,0.039978858,0.0,0.9335074,0.0,0.0,0.0,0.0,0.0,0.0,0.0
5,4,0.026513781,0.0,0.039978858,0.0,0.9335074,0.0,0.0,0.0,0.0,0.0,0.0,0.0
5,4,0.026513781,0.0,0.039978858,0.0,0.9335074,0.0,0.0,0.0,0.0,0.0,0.0,0.0
5,4,0.026513781,0.0,0.039978858,0.0,0.9335074,0.0,0.0,0.0,0.0,0.0,0.0,0.0
5,4,0.026513781,0.0,0.039978858,0.0,0.9335074,0.0,0.0,0.0,0.0,0.0,0.0,0.0
5,4,0.026513781,0.0,0.039978858,0.0,0.9335074,0.0,0.0,0.0,0.0,0.0,0.0,0.0
5,4,0.026513781,0.0,0.039978858,0.0,0.9335074,0.0,0.0,0.0,0.0,0.0,0.0,0.0
5,4,0.026513781,0.0,0.039978858,0.0,0.9335074,0.0,0.0,0.0,0.0,0.0,0.0,0.0
5,4,0.026513781,0.0,0.039978858,0.0,0.9335074,0.0,0.0,0.0,0.0,0.0,0.0,0.0
5,4,0.026513781,0.0,0.039978858,0.0,0.9335074,0.0,0.0,0.0,0.0,0.0,0.0,0.0
5,4,0.026513781,0.0,0.039978858,0.0,0.9335074,0.0,0.0,0.0,0.0,0.0,0.0,0.0
5,4,0.026513781,0.0,0.039978858,0.0,0.9335074,0.0,0.0,0.0,0.0,0.0,0.0,0.0
5,4,0.026513781,0.0,0.039978858,0.0,0.9335074,0.0,0.0,0.0,0.0,0.0,0.0,0.0
5,4,0.026513781,0.0,0.039978858,0.0,0.9335074,0.0,0.0,0.0,0.0,0.0,0.0,0.0
5,4,0.026513781,0.0,0.039978858,0.0,0.9335074,0.0,0.0,0.0,0.0,0.0,0.0,0.0
5,4,0.026513781,0.0,0.039978858,0.0,0.9335074,0.0,0.0,0.0,0.0,0.0,0.0,0.0
5,4,0.026513781,0.0,0.039978858,0.0,0.9335074,0.0,0.0,0.0,0.0,0.0,0.0,0.0
5,4,0.026513781,0.0,0.039978858,0.0,0.9335074,0.0,0.0,0.0,0.0,0.0,0.0,0.0
5,4,0.026513781,0.0,0.039978858,0.0,0.9335074,0.0,0.0,0.0,0.0,0.0,0.0,0.0
5,4,0.026513781,0.0,0.039978858,0.0,0.9335074,0.0,0.0,0.0,0.0,0.0,0.0,0.0
5,4,0.026513781,0.0,0.039978858,0.0,0.9335074,0.0,0.0,0.0,0.0,0.0,0.0,0.0
5,4,0.026513781,0.0,0.039978858,0.0,0.9335074,0.0,0.0,0.0,0.0,0.0,0.0,0.0
5,4,0.026513781,0.0,0.039978858,0.0,0.9335074,0.0,0.0,0.0,0.0,0.0,0.0,0.0
5,4,0.0,0.0,0.039978858,0.0,0.96002114,0.0,0.0,0.0,0.0,0.0,0.0,0.0
5,4,0.0,0.0,0.039978858,0.0,0.96002114,0.0,0.0,0.0,0.0,0.0,0.0,0.0
5,4,0.0,0.0,0.039978858,0.0,0.96002114,0.0,0.0,0.0,0.0,0.0,0.0,0.0
5,4,0.0,0.0,0.039978858,0.0,0.96002114,0.0,0.0,0.0,0.0,0.0,0.0,0.0
5,4,0.0,0.0,0.039978858,0.0,0.96002114,0.0,0.0,0.0,0.0,0.0,0.0,0.0
5,4,0.0,0.0,0.039978858,0.0,0.96002114,0.0,0.0,0.0,0.0,0.0,0.0,0.0
5,4,0.0,0.0,0.039978858,0.0,0.96002114,0.0,0.0,0.0,0.0,0.0,0.0,0.0
5,4,0.0,0.0,0.039978858,0.0,0.96002114,0.0,0.0,0.0,0.0,0.0,0.0,0.0
5,4,0.0,0.0,0.039978858,0.0,0.96002114,0.0,0.0,0.0,0.0,0.0,0.0,0.0
5,4,0.0,0.0,0.039978858,0.0,0.96002114,0.0,0.0,0.0,0.0,0.0,0.0,0.0
5,4,0.0,0.0,0.039978858,0.0,0.96002114,0.0,0.0,0.0,0.0,0.0,0.0,0.0
5,4,0.0,0.0,0.039978858,0.0,0.96002114,0.0,0.0,0.0,0.0,0.0,0.0,0.0
5,4,0.0,0.0,0.039978858,0.0,0.96002114,0.0,0.0,0.0,0.0,0.0,0.0,0.0
5,4,0.0,0.0,0.039978858,0.0,0.96002114,0.0,0.0,0.0,0.0,0.0,0.0,0.0
5,4,0.0,0.0,0.039978858,0.0,0.96002114,0.0,0.0,0.0,0.0,0.0,0.0,0.0
5,4,0.0,0.0,0.039978858,0.0,0.96002114,0.0,0.0,0.0,0.0,0.0,0.0,0.0
5,4,0.0,0.0,0.039978858,0.0,0.96002114,0.0,0.0,0.0,0.0,0.0,0.0,0.0
5,4,0.0,0.0,0.039978858,0.0,0.96002114,0.0,0.0,0.0,0.0,0.0,0.0,0.0
5,4,0.0,0.0,0.039978858,0.0,0.96002114,0.0,0.0,0.0,0.0,0.0,0.0,0.0
5,4,0.0,0.0,0.039978858,0.0,0.96002114,0.0,0.0,0.0,0.0,0.0,0.0,0.0
5,4,0.0,0.0,0.039978858,0.0,0.96002114,0.0,0.0,0.0,0.0,0.0,0.0,0.0
5,4,0.0,0.0,0.039978858,0.0,0.96002114,0.0,0.0,0.0,0.0,0.0,0.0,0.0
5,4,0.0,0.0,0.039978858,0.0,0.96002114,0.0,0.0,0.0,0.0,0.0,0.0,0.0
5,4,0.0,0.0,0.039978858,0.0,0.96002114,0.0,0.0,0.0,0.0,0.0,0.0,0.0
5,4,0.0,0.0,0.039978858,0.0,0.96002114,0.0,0.0,0.0,0.0,0.0,0.0,0.0
5,4,0.0,0.0,0.039978858,0.0,0.96002114,0.0,0.0,0.0,0.0,0.0,0.0,0.0
5,4,0.0,0.0,0.039978858,0.0,0.96002114,0.0,0.0,0.0,0.0,0.0,0.0,0.0
5,4,0.0,0.0,0.039978858,0.0,0.96002114,0.0,0.0,0.0,0.0,0.0,0.0,0.0
5,4,0.0,0.0,0.039978858,0.0,0.96002114,0.0,0.0,0.0,0.0,0.0,0.0,0.0
5,4,0.0,0.0,0.039978858,0.0,0.96002114,0.0,0.0,0.0,0.0,0.0,0.0,0.0
5,4,0.0,0.0,0.039978858,0.0,0.96002114,0.0,0.0,0.0,0.0,0.0,0.0,0.0
5,4,0.0,0.0,0.039978858,0.0,0.96002114,0.0,0.0,0.0,0.0,0.0,0.0,0.0
5,4,0.0,0.0,0.17756382,0.0,0.8224362,0.0,0.0,0.0,0.0,0.0,0.0,0.0
5,4,0.0,0.0,0.17756382,0.0,0.8224362,0.0,0.0,0.0,0.0,0.0,0.0,0.0
5,4,0.0,0.0,0.17756382,0.0,0.8224362,0.0,0.0,0.0,0.0,0.0,0.0,0.0
5,4,0.0,0.0,0.17756382,0.0,0.8224362,0.0,0.0,0.0,0.0,0.0,0.0,0.0
5,4,0.0,0.0,0.17756382,0.0,0.8224362,0.0,0.0,0.0,0.0,0.0,0.0,0.0
5,4,0.0,0.0,0.17756382,0.0,0.8224362,0.0,0.0,0.0,0.0,0.0,0.0,0.0
5,4,0.0,0.0,0.17756382,0.0,0.8224362,0.0,0.0,0.0,0.0,0.0,0.0,0.0
5,4,0.0,0.0,0.17756382,0.0,0.8224362,0.0,0.0,0.0,0.0,0.0,0.0,0.0
5,4,0.0,0.0,0.17756382,0.0,0.8224362,0.0,0.0,0.0,0.0,0.0,0.0,0.0
5,4,0.0,0.0,0.17756382,0.0,0.8224362,0.0,0.0,0.0,0.0,0.0,0.0,0.0
5,4,0.0,0.0,0.17756382,0.0,0.8224362,0.0,0.0,0.0,0.0,0.0,0.0,0.0
5,4,0.0,0.0,0.17756382,0.0,0.8224362,0.0,0.0,0.0,0.0,0.0,0.0,0.0
5,4,0.0,0.0,0.17756382,0.0,0.8224362,0.0,0.0,0.0,0.0,0.0,0.0,0.0
5,4,0.0,0.0,0.17756382,0.0,0.8224362,0.0,0.0,0.0,0.0,0.0,0.0,0.0
5,4,0.0,0.0,0.17756382,0.0,0.8224362,0.0,0.0,0.0,0.0,0.0,0.0,0.0
5,4,0.0,0.0,0.17756382,0.0,0.8224362,0.0,0.0,0.0,0.0,0.0,0.0,0.0
5,4,0.0,0.0,0.17756382,0.0,0.8224362,0.0,0.0,0.0,0.0,0.0,0.0,0.0
5,4,0.0,0.0,0.17756382,0.0,0.8224362,0.0,0.0,0.0,0.0,0.0,0.0,0.0
5,4,0.0,0.0,0.17756382,0.0,0.8224362,0.0,0.0,0.0,0.0,0.0,0.0,0.0
5,4,0.0,0.0,0.17756382,0.0,0.8224362,0.0,0.0,0.0,0.0,0.0,0.0,0.0
5,4,0.0,0.0,0.17756382,0.0,0.8224362,0.0,0.0,0.0,0.0,0.0,0.0,0.0
5,4,0.0,0.0,0.17756382,0.0,0.8224362,0.0,0.0,0.0,0.0,0.0,0.0,0.0
5,4,0.0,0.0,0.17756382,0.0,0.8224362,0.0,0.0,0.0,0.0,0.0,0.0,0.0
5,4,0.0,0.0,0.17756382,0.0,0.8224362,0.0,0.0,0.0,0.0,0.0,0.0,0.0
5,4,0.0,0.0,0.17756382,0.0,0.8224362,0.0,0.0,0.0,0.0,0.0,0.0,0.0
5,4,0.0,0.0,0.17756382,0.0,0.8224362,0.0,0.0,0.0,0.0,0.0,0.0,0.0
5,4,0.0,0.0,0.17756382,0.0,0.8224362,0.0,0.0,0.0,0.0,0.0,0.0,0.0
5,4,0.0,0.0,0.17756382,0.0,0.8224362,0.0,0.0,0.0,0.0,0.0,0.0,0.0
5,4,0.0,0.0,0.17756382,0.0,0.8224362,0.0,0.0,0.0,0.0,0.0,0.0,0.0
5,4,0.0,0.0,0.17756382,0.0,0.8224362,0.0,0.0,0.0,0.0,0.0,0.0,0.0
5,4,0.0,0.0,0.17756382,0.0,0.8224362,0.0,0.0,0.0,0.0,0.0,0.0,0.0
5,4,0.0,0.0,0.17756382,0.0,0.8224362,0.0,0.0,0.0,0.0,0.0,0.0,0.0
5,4,0.0,0.0,0.17756382,0.0,0.8224362,0.0,0.0,0.0,0.0,0.0,0.0,0.0
5,4,0.0,0.0,0.17756382,0.0,0.8224362,0.0,0.0,0.0,0.0,0.0,0.0,0.0
5,4,0.0,0.0,0.17756382,0.0,0.8224362,0.0,0.0,0.0,0.0,0.0,0.0,0.0
5,4,0.0,0.0,0.17756382,0.0,0.8224362,0.0,0.0,0.0,0.0,0.0,0.0,0.0
5,4,0.0,0.0,0.17756382,0.0,0.8224362,0.0,0.0,0.0,0.0,0.0,0.0,0.0
5,4,0.0,0.0,0.17756382,0.0,0.8224362,0.0,0.0,0.0,0.0,0.0,0.0,0.0
5,4,0.0,0.0,0.17756382,0.0,0.8224362,0.0,0.0,0.0,0.0,0.0,0.0,0.0
5,4,0.0,0.0,0.17756382,0.0,0.8224362,0.0,0.0,0.0,0.0,0.0,0.0,0.0
5,4,0.0,0.0,0.17756382,0.0,0.8224362,0.0,0.0,0.0,0.0,0.0,0.0,0.0
5,4,0.0,0.0,0.17756382,0.0,0.8224362,0.0,0.0,0.0,0.0,0.0,0.0,0.0
5,4,0.0,0.0,0.17756382,0.0,0.8224362,0.0,0.0,0.0,0.0,0.0,0.0,0.0
5,4,0.0,0.0,0.17756382,0.0,0.8224362,0.0,0.0,0.0,0.0,0.0,0.0,0.0
5,4,0.0,0.0,0.17756382,0.0,0.8224362,0.0,0.0,0.0,0.0,0.0,0.0,0.0
5,4,0.0,0.0,0.17756382,0.0,0.8224362,0.0,0.0,0.0,0.0,0.0,0.0,0.0
5,4,0.0,0.0,0.17756382,0.0,0.8224362,0.0,0.0,0.0,0.0,0.0,0.0,0.0
5,4,0.0,0.0,0.17756382,0.0,0.8224362,0.0,0.0,0.0,0.0,0.0,0.0,0.0
5,4,0.0,0.0,0.17756382,0.0,0.8224362,0.0,0.0,0.0,0.0,0.0,0.0,0.0
5,4,0.0,0.0,0.17756382,0.0,0.8224362,0.0,0.0,0.0,0.0,0.0,0.0,0.0
5,4,0.0,0.0,0.17756382,0.0,0.8224362,0.0,0.0,0.0,0.0,0.0,0.0,0.0
5,4,0.0,0.0,0.17756382,0.0,0.8224362,0.0,0.0,0.0,0.0,0.0,0.0,0.0
5,4,0.0,0.0,0.17756382,0.0,0.8224362,0.0,0.0,0.0,0.0,0.0,0.0,0.0
5,4,0.0,0.0,0.17756382,0.0,0.8224362,0.0,0.0,0.0,0.0,0.0,0.0,0.0
5,4,0.0,0.0,0.17756382,0.0,0.8224362,0.0,0.0,0.0,0.0,0.0,0.0,0.0
5,4,0.0,0.0,0.17756382,0.0,0.8224362,0.0,0.0,0.0,0.0,0.0,0.0,0.0
5,4,0.0,0.0,0.17756382,0.0,0.8224362,0.0,0.0,0.0,0.0,0.0,0.0,0.0
5,4,0.0,0.0,0.17756382,0.0,0.8224362,0.0,0.0,0.0,0.0,0.0,0.0,0.0
5,4,0.0,0.0,0.17756382,0.0,0.8224362,0.0,0.0,0.0,0.0,0.0,0.0,0.0
5,4,0.0,0.0,0.17756382,0.0,0.8224362,0.0,0.0,0.0,0.0,0.0,0.0,0.0
5,4,0.0,0.0,0.17756382,0.0,0.8224362,0.0,0.0,0.0,0.0,0.0,0.0,0.0
5,4,0.0,0.0,0.17756382,0.0,0.8224362,0.0,0.0,0.0,0.0,0.0,0.0,0.0
5,4,0.0,0.0,0.17756382,0.0,0.8224362,0.0,0.0,0.0,0.0,0.0,0.0,0.0
5,4,0.0,0.0,0.17756382,0.0,0.8224362,0.0,0.0,0.0,0.0,0.0,0.0,0.0
5,4,0.0,0.0,0.0,0.0,1.0,0.0,0.0,0.0,0.0,0.0,0.0,0.0
5,4,0.0,0.0,0.0,0.0,1.0,0.0,0.0,0.0,0.0,0.0,0.0,0.0
5,4,0.0,0.0,0.0,0.0,1.0,0.0,0.0,0.0,0.0,0.0,0.0,0.0
5,4,0.0,0.0,0.0,0.0,1.0,0.0,0.0,0.0,0.0,0.0,0.0,0.0
5,4,0.0,0.0,0.0,0.0,1.0,0.0,0.0,0.0,0.0,0.0,0.0,0.0
5,4,0.0,0.0,0.0,0.0,1.0,0.0,0.0,0.0,0.0,0.0,0.0,0.0
5,4,0.0,0.0,0.0,0.0,1.0,0.0,0.0,0.0,0.0,0.0,0.0,0.0
5,4,0.0,0.0,0.0,0.0,1.0,0.0,0.0,0.0,0.0,0.0,0.0,0.0
5,4,0.0,0.0,0.0,0.0,1.0,0.0,0.0,0.0,0.0,0.0,0.0,0.0
5,4,0.0,0.0,0.0,0.0,1.0,0.0,0.0,0.0,0.0,0.0,0.0,0.0
5,4,0.0,0.0,0.0,0.0,1.0,0.0,0.0,0.0,0.0,0.0,0.0,0.0
5,4,0.0,0.0,0.0,0.0,1.0,0.0,0.0,0.0,0.0,0.0,0.0,0.0
5,4,0.0,0.0,0.0,0.0,1.0,0.0,0.0,0.0,0.0,0.0,0.0,0.0
5,4,0.0,0.0,0.0,0.0,1.0,0.0,0.0,0.0,0.0,0.0,0.0,0.0
5,4,0.0,0.0,0.0,0.0,1.0,0.0,0.0,0.0,0.0,0.0,0.0,0.0
5,4,0.0,0.0,0.0,0.0,1.0,0.0,0.0,0.0,0.0,0.0,0.0,0.0
5,4,0.0,0.0,0.0,0.0,1.0,0.0,0.0,0.0,0.0,0.0,0.0,0.0
5,4,0.0,0.0,0.0,0.0,1.0,0.0,0.0,0.0,0.0,0.0,0.0,0.0
5,4,0.0,0.0,0.0,0.0,1.0,0.0,0.0,0.0,0.0,0.0,0.0,0.0
5,4,0.0,0.0,0.0,0.0,1.0,0.0,0.0,0.0,0.0,0.0,0.0,0.0
5,4,0.0,0.0,0.0,0.0,1.0,0.0,0.0,0.0,0.0,0.0,0.0,0.0
5,4,0.0,0.0,0.0,0.0,1.0,0.0,0.0,0.0,0.0,0.0,0.0,0.0
5,4,0.0,0.0,0.0,0.0,1.0,0.0,0.0,0.0,0.0,0.0,0.0,0.0
5,4,0.0,0.0,0.0,0.0,1.0,0.0,0.0,0.0,0.0,0.0,0.0,0.0
5,4,0.0,0.0,0.0,0.0,1.0,0.0,0.0,0.0,0.0,0.0,0.0,0.0
5,4,0.0,0.0,0.0,0.0,1.0,0.0,0.0,0.0,0.0,0.0,0.0,0.0
5,4,0.0,0.0,0.0,0.0,1.0,0.0,0.0,0.0,0.0,0.0,0.0,0.0
5,4,0.0,0.0,0.0,0.0,1.0,0.0,0.0,0.0,0.0,0.0,0.0,0.0
5,4,0.0,0.0,0.0,0.0,1.0,0.0,0.0,0.0,0.0,0.0,0.0,0.0
5,4,0.0,0.0,0.0,0.0,1.0,0.0,0.0,0.0,0.0,0.0,0.0,0.0
5,4,0.0,0.0,0.0,0.0,1.0,0.0,0.0,0.0,0.0,0.0,0.0,0.0
5,4,0.0,0.0,0.0,0.0,1.0,0.0,0.0,0.0,0.0,0.0,0.0,0.0
5,4,0.0,0.0,0.0,0.0,1.0,0.0,0.0,0.0,0.0,0.0,0.0,0.0
5,4,0.0,0.0,0.0,0.0,1.0,0.0,0.0,0.0,0.0,0.0,0.0,0.0
5,4,0.0,0.0,0.0,0.0,1.0,0.0,0.0,0.0,0.0,0.0,0.0,0.0
5,4,0.0,0.0,0.0,0.0,1.0,0.0,0.0,0.0,0.0,0.0,0.0,0.0
5,4,0.0,0.0,0.0,0.0,1.0,0.0,0.0,0.0,0.0,0.0,0.0,0.0
5,4,0.0,0.0,0.0,0.0,1.0,0.0,0.0,0.0,0.0,0.0,0.0,0.0
5,4,0.0,0.0,0.0,0.0,1.0,0.0,0.0,0.0,0.0,0.0,0.0,0.0
5,4,0.0,0.0,0.0,0.0,1.0,0.0,0.0,0.0,0.0,0.0,0.0,0.0
5,4,0.0,0.0,0.0,0.0,1.0,0.0,0.0,0.0,0.0,0.0,0.0,0.0
5,4,0.0,0.0,0.0,0.0,1.0,0.0,0.0,0.0,0.0,0.0,0.0,0.0
5,4,0.0,0.0,0.0,0.0,1.0,0.0,0.0,0.0,0.0,0.0,0.0,0.0
5,4,0.0,0.0,0.0,0.0,1.0,0.0,0.0,0.0,0.0,0.0,0.0,0.0
5,4,0.0,0.0,0.0,0.0,1.0,0.0,0.0,0.0,0.0,0.0,0.0,0.0
5,4,0.0,0.0,0.0,0.0,1.0,0.0,0.0,0.0,0.0,0.0,0.0,0.0
5,4,0.0,0.0,0.0,0.0,1.0,0.0,0.0,0.0,0.0,0.0,0.0,0.0
5,4,0.0,0.0,0.0,0.0,1.0,0.0,0.0,0.0,0.0,0.0,0.0,0.0
5,4,0.0,0.0,0.0,0.0,1.0,0.0,0.0,0.0,0.0,0.0,0.0,0.0
5,4,0.0,0.0,0.0,0.0,1.0,0.0,0.0,0.0,0.0,0.0,0.0,0.0
5,4,0.0,0.0,0.0,0.0,1.0,0.0,0.0,0.0,0.0,0.0,0.0,0.0
5,4,0.0,0.0,0.0,0.0,1.0,0.0,0.0,0.0,0.0,0.0,0.0,0.0
5,4,0.0,0.0,0.0,0.0,1.0,0.0,0.0,0.0,0.0,0.0,0.0,0.0
5,4,0.0,0.0,0.0,0.0,1.0,0.0,0.0,0.0,0.0,0.0,0.0,0.0
5,4,0.0,0.0,0.0,0.0,1.0,0.0,0.0,0.0,0.0,0.0,0.0,0.0
5,4,0.0,0.0,0.0,0.0,1.0,0.0,0.0,0.0,0.0,0.0,0.0,0.0
5,4,0.0,0.0,0.0,0.0,1.0,0.0,0.0,0.0,0.0,0.0,0.0,0.0
5,4,0.0,0.0,0.0,0.0,1.0,0.0,0.0,0.0,0.0,0.0,0.0,0.0
5,4,0.0,0.0,0.0,0.0,1.0,0.0,0.0,0.0,0.0,0.0,0.0,0.0
5,4,0.0,0.0,0.0,0.0,1.0,0.0,0.0,0.0,0.0,0.0,0.0,0.0
5,4,0.0,0.0,0.0,0.0,1.0,0.0,0.0,0.0,0.0,0.0,0.0,0.0
5,4,0.0,0.0,0.0,0.0,1.0,0.0,0.0,0.0,0.0,0.0,0.0,0.0
5,4,0.0,0.0,0.0,0.0,1.0,0.0,0.0,0.0,0.0,0.0,0.0,0.0
5,4,0.0,0.0,0.0,0.0,1.0,0.0,0.0,0.0,0.0,0.0,0.0,0.0
5,4,0.0,0.0,0.0,0.0,1.0,0.0,0.0,0.0,0.0,0.0,0.0,0.0
5,4,0.0,0.0,0.0,0.0,1.0,0.0,0.0,0.0,0.0,0.0,0.0,0.0
5,4,0.0,0.0,0.0,0.0,1.0,0.0,0.0,0.0,0.0,0.0,0.0,0.0
5,4,0.0,0.0,0.0,0.0,1.0,0.0,0.0,0.0,0.0,0.0,0.0,0.0
5,4,0.0,0.0,0.0,0.0,1.0,0.0,0.0,0.0,0.0,0.0,0.0,0.0
5,4,0.0,0.0,0.0,0.0,1.0,0.0,0.0,0.0,0.0,0.0,0.0,0.0
5,4,0.0,0.0,0.0,0.0,1.0,0.0,0.0,0.0,0.0,0.0,0.0,0.0
5,4,0.0,0.0,0.0,0.0,1.0,0.0,0.0,0.0,0.0,0.0,0.0,0.0
5,4,0.0,0.0,0.0,0.0,1.0,0.0,0.0,0.0,0.0,0.0,0.0,0.0
5,4,0.0,0.0,0.0,0.0,1.0,0.0,0.0,0.0,0.0,0.0,0.0,0.0
5,4,0.0,0.0,0.0,0.0,1.0,0.0,0.0,0.0,0.0,0.0,0.0,0.0
5,4,0.0,0.0,0.0,0.0,1.0,0.0,0.0,0.0,0.0,0.0,0.0,0.0
5,4,0.0,0.0,0.0,0.0,1.0,0.0,0.0,0.0,0.0,0.0,0.0,0.0
5,4,0.0,0.0,0.0,0.0,1.0,0.0,0.0,0.0,0.0,0.0,0.0,0.0
5,4,0.0,0.0,0.0,0.0,1.0,0.0,0.0,0.0,0.0,0.0,0.0,0.0
5,4,0.0,0.0,0.0,0.0,1.0,0.0,0.0,0.0,0.0,0.0,0.0,0.0
5,4,0.0,0.0,0.0,0.0,1.0,0.0,0.0,0.0,0.0,0.0,0.0,0.0
5,4,0.0,0.0,0.0,0.0,1.0,0.0,0.0,0.0,0.0,0.0,0.0,0.0
5,4,0.0,0.0,0.0,0.0,1.0,0.0,0.0,0.0,0.0,0.0,0.0,0.0
5,4,0.0,0.0,0.0,0.0,1.0,0.0,0.0,0.0,0.0,0.0,0.0,0.0
5,4,0.0,0.0,0.0,0.0,1.0,0.0,0.0,0.0,0.0,0.0,0.0,0.0
5,4,0.0,0.0,0.0,0.0,1.0,0.0,0.0,0.0,0.0,0.0,0.0,0.0
5,4,0.0,0.0,0.0,0.0,1.0,0.0,0.0,0.0,0.0,0.0,0.0,0.0
5,4,0.0,0.0,0.0,0.0,1.0,0.0,0.0,0.0,0.0,0.0,0.0,0.0
5,4,0.0,0.0,0.0,0.0,1.0,0.0,0.0,0.0,0.0,0.0,0.0,0.0
5,4,0.0,0.0,0.0,0.0,1.0,0.0,0.0,0.0,0.0,0.0,0.0,0.0
5,4,0.0,0.0,0.0,0.0,1.0,0.0,0.0,0.0,0.0,0.0,0.0,0.0
5,4,0.0,0.0,0.0,0.0,1.0,0.0,0.0,0.0,0.0,0.0,0.0,0.0
5,4,0.0,0.0,0.0,0.0,1.0,0.0,0.0,0.0,0.0,0.0,0.0,0.0
5,4,0.0,0.0,0.0,0.0,1.0,0.0,0.0,0.0,0.0,0.0,0.0,0.0
5,4,0.0,0.0,0.0,0.0,1.0,0.0,0.0,0.0,0.0,0.0,0.0,0.0
5,4,0.0,0.0,0.0,0.0,1.0,0.0,0.0,0.0,0.0,0.0,0.0,0.0
5,4,0.0,0.0,0.0,0.0,1.0,0.0,0.0,0.0,0.0,0.0,0.0,0.0
5,4,0.0,0.0,0.0,0.0,1.0,0.0,0.0,0.0,0.0,0.0,0.0,0.0
5,4,0.0,0.0,0.0,0.0,1.0,0.0,0.0,0.0,0.0,0.0,0.0,0.0
5,4,0.0,0.0,0.0,0.0,1.0,0.0,0.0,0.0,0.0,0.0,0.0,0.0
5,4,0.0,0.0,0.0,0.0,1.0,0.0,0.0,0.0,0.0,0.0,0.0,0.0
5,4,0.0,0.0,0.0,0.0,1.0,0.0,0.0,0.0,0.0,0.0,0.0,0.0
5,4,0.0,0.0,0.0,0.0,1.0,0.0,0.0,0.0,0.0,0.0,0.0,0.0
5,4,0.0,0.0,0.0,0.0,1.0,0.0,0.0,0.0,0.0,0.0,0.0,0.0
5,4,0.0,0.0,0.0,0.0,1.0,0.0,0.0,0.0,0.0,0.0,0.0,0.0
5,4,0.0,0.0,0.0,0.0,1.0,0.0,0.0,0.0,0.0,0.0,0.0,0.0
5,4,0.0,0.0,0.0,0.0,1.0,0.0,0.0,0.0,0.0,0.0,0.0,0.0
5,4,0.0,0.0,0.0,0.0,1.0,0.0,0.0,0.0,0.0,0.0,0.0,0.0
5,4,0.0,0.0,0.0,0.0,1.0,0.0,0.0,0.0,0.0,0.0,0.0,0.0
5,4,0.0,0.0,0.0,0.0,1.0,0.0,0.0,0.0,0.0,0.0,0.0,0.0
5,4,0.0,0.0,0.0,0.0,1.0,0.0,0.0,0.0,0.0,0.0,0.0,0.0
5,4,0.0,0.0,0.0,0.0,1.0,0.0,0.0,0.0,0.0,0.0,0.0,0.0
5,4,0.0,0.0,0.0,0.0,1.0,0.0,0.0,0.0,0.0,0.0,0.0,0.0
5,4,0.0,0.0,0.0,0.0,1.0,0.0,0.0,0.0,0.0,0.0,0.0,0.0
5,4,0.0,0.0,0.0,0.0,1.0,0.0,0.0,0.0,0.0,0.0,0.0,0.0
5,4,0.0,0.0,0.0,0.0,1.0,0.0,0.0,0.0,0.0,0.0,0.0,0.0
5,4,0.0,0.0,0.0,0.0,1.0,0.0,0.0,0.0,0.0,0.0,0.0,0.0
5,4,0.0,0.0,0.0,0.0,1.0,0.0,0.0,0.0,0.0,0.0,0.0,0.0
5,4,0.0,0.0,0.0,0.0,1.0,0.0,0.0,0.0,0.0,0.0,0.0,0.0
5,4,0.0,0.0,0.0,0.0,1.0,0.0,0.0,0.0,0.0,0.0,0.0,0.0
5,4,0.0,0.0,0.0,0.0,1.0,0.0,0.0,0.0,0.0,0.0,0.0,0.0
5,4,0.0,0.0,0.0,0.0,1.0,0.0,0.0,0.0,0.0,0.0,0.0,0.0
5,4,0.0,0.0,0.0,0.0,1.0,0.0,0.0,0.0,0.0,0.0,0.0,0.0
5,4,0.0,0.0,0.0,0.0,1.0,0.0,0.0,0.0,0.0,0.0,0.0,0.0
5,4,0.0,0.0,0.0,0.0,1.0,0.0,0.0,0.0,0.0,0.0,0.0,0.0
5,4,0.0,0.0,0.0,0.0,1.0,0.0,0.0,0.0,0.0,0.0,0.0,0.0
5,4,0.0,0.0,0.0,0.0,1.0,0.0,0.0,0.0,0.0,0.0,0.0,0.0
5,4,0.0,0.0,0.0,0.0,1.0,0.0,0.0,0.0,0.0,0.0,0.0,0.0
5,4,0.0,0.0,0.0,0.0,1.0,0.0,0.0,0.0,0.0,0.0,0.0,0.0
5,4,0.0,0.0,0.0,0.0,1.0,0.0,0.0,0.0,0.0,0.0,0.0,0.0
5,4,0.0,0.0,0.0,0.0,1.0,0.0,0.0,0.0,0.0,0.0,0.0,0.0
5,4,0.0,0.0,0.0,0.0,1.0,0.0,0.0,0.0,0.0,0.0,0.0,0.0
5,4,0.0,0.0,0.0,0.0,1.0,0.0,0.0,0.0,0.0,0.0,0.0,0.0
5,4,0.0,0.0,0.0,0.0,1.0,0.0,0.0,0.0,0.0,0.0,0.0,0.0
5,4,0.0,0.0,0.0,0.0,1.0,0.0,0.0,0.0,0.0,0.0,0.0,0.0
5,4,0.0,0.0,0.0,0.0,1.0,0.0,0.0,0.0,0.0,0.0,0.0,0.0
5,4,0.0,0.0,0.0,0.0,1.0,0.0,0.0,0.0,0.0,0.0,0.0,0.0
5,4,0.0,0.0,0.0,0.0,1.0,0.0,0.0,0.0,0.0,0.0,0.0,0.0
5,4,0.0,0.0,0.0,0.0,1.0,0.0,0.0,0.0,0.0,0.0,0.0,0.0
5,4,0.0,0.0,0.0,0.0,1.0,0.0,0.0,0.0,0.0,0.0,0.0,0.0
5,4,0.0,0.0,0.0,0.0,1.0,0.0,0.0,0.0,0.0,0.0,0.0,0.0
5,4,0.0,0.0,0.0,0.0,1.0,0.0,0.0,0.0,0.0,0.0,0.0,0.0
5,4,0.0,0.0,0.0,0.0,1.0,0.0,0.0,0.0,0.0,0.0,0.0,0.0
5,4,0.0,0.0,0.0,0.0,1.0,0.0,0.0,0.0,0.0,0.0,0.0,0.0
5,4,0.0,0.0,0.0,0.0,1.0,0.0,0.0,0.0,0.0,0.0,0.0,0.0
5,4,0.0,0.0,0.0,0.0,1.0,0.0,0.0,0.0,0.0,0.0,0.0,0.0
5,4,0.0,0.0,0.0,0.0,1.0,0.0,0.0,0.0,0.0,0.0,0.0,0.0
5,4,0.0,0.0,0.0,0.0,1.0,0.0,0.0,0.0,0.0,0.0,0.0,0.0
5,4,0.0,0.0,0.0,0.0,1.0,0.0,0.0,0.0,0.0,0.0,0.0,0.0
5,4,0.0,0.0,0.0,0.0,1.0,0.0,0.0,0.0,0.0,0.0,0.0,0.0
5,4,0.0,0.0,0.0,0.0,1.0,0.0,0.0,0.0,0.0,0.0,0.0,0.0
5,4,0.0,0.0,0.0,0.0,1.0,0.0,0.0,0.0,0.0,0.0,0.0,0.0
5,4,0.0,0.0,0.0,0.0,1.0,0.0,0.0,0.0,0.0,0.0,0.0,0.0
5,4,0.0,0.0,0.0,0.0,1.0,0.0,0.0,0.0,0.0,0.0,0.0,0.0
5,4,0.0,0.0,0.0,0.0,1.0,0.0,0.0,0.0,0.0,0.0,0.0,0.0
5,4,0.0,0.0,0.0,0.0,1.0,0.0,0.0,0.0,0.0,0.0,0.0,0.0
5,4,0.0,0.0,0.0,0.0,1.0,0.0,0.0,0.0,0.0,0.0,0.0,0.0
5,4,0.0,0.0,0.0,0.0,1.0,0.0,0.0,0.0,0.0,0.0,0.0,0.0
5,4,0.0,0.0,0.0,0.0,1.0,0.0,0.0,0.0,0.0,0.0,0.0,0.0
5,4,0.0,0.0,0.0,0.0,1.0,0.0,0.0,0.0,0.0,0.0,0.0,0.0
5,4,0.0,0.0,0.0,0.0,1.0,0.0,0.0,0.0,0.0,0.0,0.0,0.0
5,4,0.0,0.0,0.0,0.0,1.0,0.0,0.0,0.0,0.0,0.0,0.0,0.0
5,4,0.0,0.0,0.0,0.0,1.0,0.0,0.0,0.0,0.0,0.0,0.0,0.0
5,4,0.0,0.0,0.0,0.0,1.0,0.0,0.0,0.0,0.0,0.0,0.0,0.0
5,4,0.0,0.0,0.0,0.0,1.0,0.0,0.0,0.0,0.0,0.0,0.0,0.0
5,4,0.0,0.0,0.0,0.0,1.0,0.0,0.0,0.0,0.0,0.0,0.0,0.0
5,4,0.0,0.0,0.0,0.0,1.0,0.0,0.0,0.0,0.0,0.0,0.0,0.0
5,4,0.0,0.0,0.0,0.0,1.0,0.0,0.0,0.0,0.0,0.0,0.0,0.0
5,4,0.0,0.0,0.0,0.0,1.0,0.0,0.0,0.0,0.0,0.0,0.0,0.0
5,4,0.0,0.0,0.0,0.0,1.0,0.0,0.0,0.0,0.0,0.0,0.0,0.0
5,4,0.0,0.0,0.0,0.0,1.0,0.0,0.0,0.0,0.0,0.0,0.0,0.0
5,4,0.0,0.0,0.0,0.0,1.0,0.0,0.0,0.0,0.0,0.0,0.0,0.0
5,4,0.0,0.0,0.0,0.0,1.0,0.0,0.0,0.0,0.0,0.0,0.0,0.0
5,4,0.0,0.0,0.0,0.0,1.0,0.0,0.0,0.0,0.0,0.0,0.0,0.0
5,4,0.0,0.0,0.0,0.0,1.0,0.0,0.0,0.0,0.0,0.0,0.0,0.0
5,4,0.0,0.0,0.0,0.0,1.0,0.0,0.0,0.0,0.0,0.0,0.0,0.0
5,4,0.0,0.0,0.0,0.0,1.0,0.0,0.0,0.0,0.0,0.0,0.0,0.0
5,4,0.0,0.0,0.0,0.0,1.0,0.0,0.0,0.0,0.0,0.0,0.0,0.0
5,4,0.0,0.0,0.0,0.0,1.0,0.0,0.0,0.0,0.0,0.0,0.0,0.0
5,4,0.0,0.0,0.0,0.0,1.0,0.0,0.0,0.0,0.0,0.0,0.0,0.0
5,4,0.0,0.0,0.0,0.0,1.0,0.0,0.0,0.0,0.0,0.0,0.0,0.0
5,4,0.0,0.0,0.0,0.0,1.0,0.0,0.0,0.0,0.0,0.0,0.0,0.0
5,4,0.0,0.0,0.0,0.0,1.0,0.0,0.0,0.0,0.0,0.0,0.0,0.0
5,4,0.0,0.0,0.0,0.0,1.0,0.0,0.0,0.0,0.0,0.0,0.0,0.0
5,4,0.0,0.0,0.0,0.0,1.0,0.0,0.0,0.0,0.0,0.0,0.0,0.0
5,4,0.0,0.0,0.0,0.0,1.0,0.0,0.0,0.0,0.0,0.0,0.0,0.0
5,4,0.0,0.0,0.0,0.0,1.0,0.0,0.0,0.0,0.0,0.0,0.0,0.0
5,4,0.0,0.0,0.0,0.0,1.0,0.0,0.0,0.0,0.0,0.0,0.0,0.0
5,4,0.0,0.0,0.0,0.0,1.0,0.0,0.0,0.0,0.0,0.0,0.0,0.0
5,4,0.0,0.0,0.0,0.0,1.0,0.0,0.0,0.0,0.0,0.0,0.0,0.0
5,4,0.0,0.0,0.0,0.0,1.0,0.0,0.0,0.0,0.0,0.0,0.0,0.0
5,4,0.0,0.0,0.0,0.0,1.0,0.0,0.0,0.0,0.0,0.0,0.0,0.0
5,4,0.0,0.0,0.0,0.0,1.0,0.0,0.0,0.0,0.0,0.0,0.0,0.0
5,4,0.0,0.0,0.0,0.0,1.0,0.0,0.0,0.0,0.0,0.0,0.0,0.0
5,4,0.0,0.0,0.0,0.0,1.0,0.0,0.0,0.0,0.0,0.0,0.0,0.0
5,4,0.0,0.0,0.0,0.0,1.0,0.0,0.0,0.0,0.0,0.0,0.0,0.0
5,4,0.0,0.0,0.0,0.0,1.0,0.0,0.0,0.0,0.0,0.0,0.0,0.0
5,4,0.0,0.0,0.0,0.0,1.0,0.0,0.0,0.0,0.0,0.0,0.0,0.0
5,4,0.0,0.0,0.0,0.0,1.0,0.0,0.0,0.0,0.0,0.0,0.0,0.0
5,4,0.0,0.0,0.0,0.0,1.0,0.0,0.0,0.0,0.0,0.0,0.0,0.0
5,4,0.0,0.0,0.0,0.0,1.0,0.0,0.0,0.0,0.0,0.0,0.0,0.0
5,4,0.0,0.0,0.0,0.0,1.0,0.0,0.0,0.0,0.0,0.0,0.0,0.0
5,4,0.0,0.0,0.0,0.0,1.0,0.0,0.0,0.0,0.0,0.0,0.0,0.0
5,4,0.0,0.0,0.0,0.0,1.0,0.0,0.0,0.0,0.0,0.0,0.0,0.0
5,4,0.0,0.0,0.0,0.0,1.0,0.0,0.0,0.0,0.0,0.0,0.0,0.0
5,4,0.0,0.0,0.0,0.0,1.0,0.0,0.0,0.0,0.0,0.0,0.0,0.0
5,4,0.0,0.0,0.0,0.0,1.0,0.0,0.0,0.0,0.0,0.0,0.0,0.0
5,4,0.0,0.0,0.0,0.0,1.0,0.0,0.0,0.0,0.0,0.0,0.0,0.0
5,4,0.0,0.0,0.0,0.0,1.0,0.0,0.0,0.0,0.0,0.0,0.0,0.0
5,4,0.0,0.0,0.0,0.0,1.0,0.0,0.0,0.0,0.0,0.0,0.0,0.0
5,4,0.0,0.0,0.0,0.0,1.0,0.0,0.0,0.0,0.0,0.0,0.0,0.0
5,4,0.0,0.0,0.0,0.0,1.0,0.0,0.0,0.0,0.0,0.0,0.0,0.0
5,4,0.0,0.0,0.0,0.0,1.0,0.0,0.0,0.0,0.0,0.0,0.0,0.0
5,4,0.0,0.0,0.0,0.0,1.0,0.0,0.0,0.0,0.0,0.0,0.0,0.0
5,4,0.0,0.0,0.0,0.0,1.0,0.0,0.0,0.0,0.0,0.0,0.0,0.0
5,4,0.0,0.0,0.0,0.0,1.0,0.0,0.0,0.0,0.0,0.0,0.0,0.0
5,4,0.0,0.0,0.0,0.0,1.0,0.0,0.0,0.0,0.0,0.0,0.0,0.0
5,4,0.0,0.0,0.0,0.0,1.0,0.0,0.0,0.0,0.0,0.0,0.0,0.0
5,4,0.0,0.0,0.0,0.0,1.0,0.0,0.0,0.0,0.0,0.0,0.0,0.0
5,4,0.0,0.0,0.0,0.0,1.0,0.0,0.0,0.0,0.0,0.0,0.0,0.0
5,4,0.0,0.0,0.0,0.0,1.0,0.0,0.0,0.0,0.0,0.0,0.0,0.0
5,4,0.0,0.0,0.0,0.0,1.0,0.0,0.0,0.0,0.0,0.0,0.0,0.0
5,4,0.0,0.0,0.0,0.0,1.0,0.0,0.0,0.0,0.0,0.0,0.0,0.0
5,4,0.0,0.0,0.0,0.0,1.0,0.0,0.0,0.0,0.0,0.0,0.0,0.0
5,4,0.0,0.0,0.0,0.0,1.0,0.0,0.0,0.0,0.0,0.0,0.0,0.0
5,4,0.0,0.0,0.0,0.0,1.0,0.0,0.0,0.0,0.0,0.0,0.0,0.0
5,4,0.0,0.0,0.0,0.0,1.0,0.0,0.0,0.0,0.0,0.0,0.0,0.0
5,4,0.0,0.0,0.0,0.0,1.0,0.0,0.0,0.0,0.0,0.0,0.0,0.0
5,4,0.0,0.0,0.0,0.0,1.0,0.0,0.0,0.0,0.0,0.0,0.0,0.0
5,4,0.0,0.0,0.0,0.0,1.0,0.0,0.0,0.0,0.0,0.0,0.0,0.0
5,4,0.0,0.0,0.0,0.0,1.0,0.0,0.0,0.0,0.0,0.0,0.0,0.0
5,4,0.0,0.0,0.0,0.0,1.0,0.0,0.0,0.0,0.0,0.0,0.0,0.0
5,4,0.0,0.0,0.0,0.0,1.0,0.0,0.0,0.0,0.0,0.0,0.0,0.0
5,4,0.0,0.0,0.0,0.0,1.0,0.0,0.0,0.0,0.0,0.0,0.0,0.0
5,4,0.0,0.0,0.0,0.0,1.0,0.0,0.0,0.0,0.0,0.0,0.0,0.0
5,4,0.0,0.0,0.0,0.0,1.0,0.0,0.0,0.0,0.0,0.0,0.0,0.0
5,4,0.0,0.0,0.0,0.0,1.0,0.0,0.0,0.0,0.0,0.0,0.0,0.0
5,4,0.0,0.0,0.0,0.0,1.0,0.0,0.0,0.0,0.0,0.0,0.0,0.0
5,4,0.0,0.0,0.0,0.0,1.0,0.0,0.0,0.0,0.0,0.0,0.0,0.0
5,4,0.0,0.0,0.0,0.0,1.0,0.0,0.0,0.0,0.0,0.0,0.0,0.0
5,4,0.0,0.0,0.0,0.0,1.0,0.0,0.0,0.0,0.0,0.0,0.0,0.0
5,4,0.0,0.0,0.0,0.0,1.0,0.0,0.0,0.0,0.0,0.0,0.0,0.0
5,4,0.0,0.0,0.0,0.0,1.0,0.0,0.0,0.0,0.0,0.0,0.0,0.0
5,4,0.0,0.0,0.0,0.0,1.0,0.0,0.0,0.0,0.0,0.0,0.0,0.0
5,4,0.0,0.0,0.0,0.0,1.0,0.0,0.0,0.0,0.0,0.0,0.0,0.0
5,4,0.0,0.0,0.0,0.0,1.0,0.0,0.0,0.0,0.0,0.0,0.0,0.0
5,4,0.0,0.0,0.0,0.0,1.0,0.0,0.0,0.0,0.0,0.0,0.0,0.0
5,4,0.0,0.0,0.0,0.0,1.0,0.0,0.0,0.0,0.0,0.0,0.0,0.0
5,4,0.0,0.0,0.0,0.0,1.0,0.0,0.0,0.0,0.0,0.0,0.0,0.0
5,4,0.0,0.0,0.0,0.0,1.0,0.0,0.0,0.0,0.0,0.0,0.0,0.0
5,4,0.0,0.0,0.0,0.0,1.0,0.0,0.0,0.0,0.0,0.0,0.0,0.0
5,4,0.0,0.0,0.0,0.0,1.0,0.0,0.0,0.0,0.0,0.0,0.0,0.0
5,4,0.0,0.0,0.0,0.0,1.0,0.0,0.0,0.0,0.0,0.0,0.0,0.0
5,4,0.0,0.0,0.0,0.0,1.0,0.0,0.0,0.0,0.0,0.0,0.0,0.0
5,4,0.0,0.0,0.0,0.0,1.0,0.0,0.0,0.0,0.0,0.0,0.0,0.0
5,4,0.0,0.0,0.0,0.0,1.0,0.0,0.0,0.0,0.0,0.0,0.0,0.0
5,4,0.0,0.0,0.0,0.0,0.97348624,0.026513783,0.0,0.0,0.0,0.0,0.0,0.0
5,4,0.0,0.0,0.0,0.0,0.97348624,0.026513783,0.0,0.0,0.0,0.0,0.0,0.0
5,4,0.0,0.0,0.0,0.0,0.97348624,0.026513783,0.0,0.0,0.0,0.0,0.0,0.0
5,4,0.0,0.0,0.0,0.0,0.97348624,0.026513783,0.0,0.0,0.0,0.0,0.0,0.0
5,4,0.0,0.0,0.0,0.0,0.97348624,0.026513783,0.0,0.0,0.0,0.0,0.0,0.0
5,4,0.0,0.0,0.0,0.0,0.97348624,0.026513783,0.0,0.0,0.0,0.0,0.0,0.0
5,4,0.0,0.0,0.0,0.0,0.97348624,0.026513783,0.0,0.0,0.0,0.0,0.0,0.0
5,4,0.0,0.0,0.0,0.0,0.97348624,0.026513783,0.0,0.0,0.0,0.0,0.0,0.0
5,4,0.0,0.0,0.0,0.0,0.97348624,0.026513783,0.0,0.0,0.0,0.0,0.0,0.0
5,4,0.0,0.0,0.0,0.0,0.97348624,0.026513783,0.0,0.0,0.0,0.0,0.0,0.0
5,4,0.0,0.0,0.0,0.0,0.97348624,0.026513783,0.0,0.0,0.0,0.0,0.0,0.0
5,4,0.0,0.0,0.0,0.0,0.97348624,0.026513783,0.0,0.0,0.0,0.0,0.0,0.0
5,4,0.0,0.0,0.0,0.0,0.97348624,0.026513783,0.0,0.0,0.0,0.0,0.0,0.0
5,4,0.0,0.0,0.0,0.0,0.97348624,0.026513783,0.0,0.0,0.0,0.0,0.0,0.0
5,4,0.0,0.0,0.0,0.0,0.97348624,0.026513783,0.0,0.0,0.0,0.0,0.0,0.0
5,4,0.0,0.0,0.0,0.0,0.97348624,0.026513783,0.0,0.0,0.0,0.0,0.0,0.0
5,4,0.0,0.0,0.0,0.0,0.97348624,0.026513783,0.0,0.0,0.0,0.0,0.0,0.0
5,4,0.0,0.0,0.0,0.0,0.97348624,0.026513783,0.0,0.0,0.0,0.0,0.0,0.0
5,4,0.0,0.0,0.0,0.0,0.97348624,0.026513783,0.0,0.0,0.0,0.0,0.0,0.0
5,4,0.0,0.0,0.0,0.0,0.97348624,0.026513783,0.0,0.0,0.0,0.0,0.0,0.0
5,4,0.0,0.0,0.0,0.0,0.97348624,0.026513783,0.0,0.0,0.0,0.0,0.0,0.0
5,4,0.0,0.0,0.0,0.0,0.97348624,0.026513783,0.0,0.0,0.0,0.0,0.0,0.0
5,4,0.0,0.0,0.0,0.0,0.97348624,0.026513783,0.0,0.0,0.0,0.0,0.0,0.0
5,4,0.0,0.0,0.0,0.0,0.97348624,0.026513783,0.0,0.0,0.0,0.0,0.0,0.0
5,4,0.0,0.0,0.0,0.0,0.97348624,0.026513783,0.0,0.0,0.0,0.0,0.0,0.0
5,4,0.0,0.0,0.0,0.0,0.97348624,0.026513783,0.0,0.0,0.0,0.0,0.0,0.0
5,4,0.0,0.0,0.0,0.0,0.97348624,0.026513783,0.0,0.0,0.0,0.0,0.0,0.0
5,4,0.0,0.0,0.0,0.0,0.97348624,0.026513783,0.0,0.0,0.0,0.0,0.0,0.0
5,4,0.0,0.0,0.0,0.0,0.97348624,0.026513783,0.0,0.0,0.0,0.0,0.0,0.0
5,4,0.0,0.0,0.0,0.0,0.97348624,0.026513783,0.0,0.0,0.0,0.0,0.0,0.0
5,4,0.0,0.0,0.0,0.0,0.97348624,0.026513783,0.0,0.0,0.0,0.0,0.0,0.0
5,4,0.0,0.0,0.0,0.0,0.97348624,0.026513783,0.0,0.0,0.0,0.0,0.0,0.0
5,4,0.0,0.0,0.0,0.0,0.97348624,0.026513783,0.0,0.0,0.0,0.0,0.0,0.0
5,4,0.0,0.0,0.0,0.0,0.97348624,0.026513783,0.0,0.0,0.0,0.0,0.0,0.0
5,4,0.0,0.0,0.0,0.0,0.97348624,0.026513783,0.0,0.0,0.0,0.0,0.0,0.0
5,4,0.0,0.0,0.0,0.0,0.97348624,0.026513783,0.0,0.0,0.0,0.0,0.0,0.0
5,4,0.0,0.0,0.0,0.0,0.97348624,0.026513783,0.0,0.0,0.0,0.0,0.0,0.0
5,4,0.0,0.0,0.0,0.0,0.97348624,0.026513783,0.0,0.0,0.0,0.0,0.0,0.0
5,4,0.0,0.0,0.0,0.0,0.97348624,0.026513783,0.0,0.0,0.0,0.0,0.0,0.0
5,4,0.0,0.0,0.0,0.0,0.97348624,0.026513783,0.0,0.0,0.0,0.0,0.0,0.0
5,4,0.0,0.0,0.0,0.0,0.97348624,0.026513783,0.0,0.0,0.0,0.0,0.0,0.0
5,4,0.0,0.0,0.0,0.0,0.97348624,0.026513783,0.0,0.0,0.0,0.0,0.0,0.0
5,4,0.0,0.0,0.0,0.0,0.97348624,0.026513783,0.0,0.0,0.0,0.0,0.0,0.0
5,4,0.0,0.0,0.0,0.0,0.97348624,0.026513783,0.0,0.0,0.0,0.0,0.0,0.0
5,4,0.0,0.0,0.0,0.0,0.97348624,0.026513783,0.0,0.0,0.0,0.0,0.0,0.0
5,4,0.0,0.0,0.0,0.0,0.97348624,0.026513783,0.0,0.0,0.0,0.0,0.0,0.0
5,4,0.0,0.0,0.0,0.0,0.97348624,0.026513783,0.0,0.0,0.0,0.0,0.0,0.0
5,4,0.0,0.0,0.0,0.0,0.97348624,0.026513783,0.0,0.0,0.0,0.0,0.0,0.0
5,4,0.0,0.0,0.0,0.0,0.97348624,0.026513783,0.0,0.0,0.0,0.0,0.0,0.0
5,4,0.0,0.0,0.0,0.0,0.97348624,0.026513783,0.0,0.0,0.0,0.0,0.0,0.0
5,4,0.0,0.0,0.0,0.0,0.97348624,0.026513783,0.0,0.0,0.0,0.0,0.0,0.0
5,4,0.0,0.0,0.0,0.0,0.97348624,0.026513783,0.0,0.0,0.0,0.0,0.0,0.0
5,4,0.0,0.0,0.0,0.0,0.97348624,0.026513783,0.0,0.0,0.0,0.0,0.0,0.0
5,4,0.0,0.0,0.0,0.0,0.97348624,0.026513783,0.0,0.0,0.0,0.0,0.0,0.0
5,4,0.0,0.0,0.0,0.0,0.97348624,0.026513783,0.0,0.0,0.0,0.0,0.0,0.0
5,4,0.0,0.0,0.0,0.0,0.97348624,0.026513783,0.0,0.0,0.0,0.0,0.0,0.0
5,4,0.0,0.0,0.0,0.0,0.97348624,0.026513783,0.0,0.0,0.0,0.0,0.0,0.0
5,4,0.0,0.0,0.0,0.0,0.97348624,0.026513783,0.0,0.0,0.0,0.0,0.0,0.0
5,4,0.0,0.0,0.0,0.0,0.97348624,0.026513783,0.0,0.0,0.0,0.0,0.0,0.0
5,4,0.0,0.0,0.0,0.0,0.97348624,0.026513783,0.0,0.0,0.0,0.0,0.0,0.0
5,4,0.0,0.0,0.0,0.0,0.97348624,0.026513783,0.0,0.0,0.0,0.0,0.0,0.0
5,4,0.0,0.0,0.0,0.0,0.97348624,0.026513783,0.0,0.0,0.0,0.0,0.0,0.0
5,4,0.0,0.0,0.0,0.0,0.97348624,0.026513783,0.0,0.0,0.0,0.0,0.0,0.0
5,4,0.0,0.0,0.0,0.0,0.97348624,0.026513783,0.0,0.0,0.0,0.0,0.0,0.0
5,4,0.0,0.0,0.0,0.0,0.97348624,0.026513783,0.0,0.0,0.0,0.0,0.0,0.0
5,4,0.0,0.0,0.0,0.0,0.97348624,0.026513783,0.0,0.0,0.0,0.0,0.0,0.0
5,4,0.0,0.0,0.0,0.0,0.97348624,0.026513783,0.0,0.0,0.0,0.0,0.0,0.0
5,4,0.0,0.0,0.0,0.0,0.97348624,0.026513783,0.0,0.0,0.0,0.0,0.0,0.0
5,4,0.0,0.0,0.0,0.0,0.97348624,0.026513783,0.0,0.0,0.0,0.0,0.0,0.0
5,4,0.0,0.0,0.0,0.0,0.97348624,0.026513783,0.0,0.0,0.0,0.0,0.0,0.0
5,4,0.0,0.0,0.0,0.0,0.97348624,0.026513783,0.0,0.0,0.0,0.0,0.0,0.0
5,4,0.0,0.0,0.0,0.0,0.97348624,0.026513783,0.0,0.0,0.0,0.0,0.0,0.0
5,4,0.0,0.0,0.0,0.0,0.97348624,0.026513783,0.0,0.0,0.0,0.0,0.0,0.0
5,4,0.0,0.0,0.0,0.0,0.97348624,0.026513783,0.0,0.0,0.0,0.0,0.0,0.0
5,4,0.0,0.0,0.0,0.0,0.97348624,0.026513783,0.0,0.0,0.0,0.0,0.0,0.0
5,4,0.0,0.0,0.0,0.0,0.97348624,0.026513783,0.0,0.0,0.0,0.0,0.0,0.0
5,4,0.0,0.0,0.0,0.0,0.97348624,0.026513783,0.0,0.0,0.0,0.0,0.0,0.0
5,4,0.0,0.0,0.0,0.0,0.97348624,0.026513783,0.0,0.0,0.0,0.0,0.0,0.0
5,4,0.0,0.0,0.0,0.0,0.97348624,0.026513783,0.0,0.0,0.0,0.0,0.0,0.0
5,4,0.0,0.0,0.0,0.0,0.97348624,0.026513783,0.0,0.0,0.0,0.0,0.0,0.0
5,4,0.0,0.0,0.0,0.0,0.97348624,0.026513783,0.0,0.0,0.0,0.0,0.0,0.0
5,4,0.0,0.0,0.0,0.0,0.97348624,0.026513783,0.0,0.0,0.0,0.0,0.0,0.0
5,4,0.0,0.0,0.0,0.0,0.97348624,0.026513783,0.0,0.0,0.0,0.0,0.0,0.0
5,4,0.0,0.0,0.0,0.0,0.97348624,0.026513783,0.0,0.0,0.0,0.0,0.0,0.0
5,4,0.0,0.0,0.0,0.0,0.97348624,0.026513783,0.0,0.0,0.0,0.0,0.0,0.0
5,4,0.0,0.0,0.0,0.0,0.97348624,0.026513783,0.0,0.0,0.0,0.0,0.0,0.0
5,4,0.0,0.0,0.0,0.0,0.97348624,0.026513783,0.0,0.0,0.0,0.0,0.0,0.0
5,4,0.0,0.0,0.0,0.0,0.97348624,0.026513783,0.0,0.0,0.0,0.0,0.0,0.0
5,4,0.0,0.0,0.0,0.0,0.97348624,0.026513783,0.0,0.0,0.0,0.0,0.0,0.0
5,4,0.0,0.0,0.0,0.0,0.97348624,0.026513783,0.0,0.0,0.0,0.0,0.0,0.0
5,4,0.0,0.0,0.0,0.0,0.97348624,0.026513783,0.0,0.0,0.0,0.0,0.0,0.0
5,4,0.0,0.0,0.0,0.0,0.97348624,0.026513783,0.0,0.0,0.0,0.0,0.0,0.0
5,4,0.0,0.0,0.0,0.0,0.97348624,0.026513783,0.0,0.0,0.0,0.0,0.0,0.0
5,4,0.0,0.0,0.0,0.0,0.97348624,0.026513783,0.0,0.0,0.0,0.0,0.0,0.0
5,4,0.0,0.0,0.0,0.0,0.97348624,0.026513783,0.0,0.0,0.0,0.0,0.0,0.0
5,4,0.0,0.0,0.0,0.0,0.97348624,0.026513783,0.0,0.0,0.0,0.0,0.0,0.0
5,4,0.0,0.0,0.0,0.0,0.97348624,0.026513783,0.0,0.0,0.0,0.0,0.0,0.0
5,4,0.0,0.0,0.0,0.0,0.97348624,0.026513783,0.0,0.0,0.0,0.0,0.0,0.0
5,4,0.0,0.0,0.0,0.0,0.97348624,0.026513783,0.0,0.0,0.0,0.0,0.0,0.0
5,4,0.0,0.0,0.0,0.0,0.97348624,0.026513783,0.0,0.0,0.0,0.0,0.0,0.0
5,4,0.0,0.0,0.0,0.0,0.97348624,0.026513783,0.0,0.0,0.0,0.0,0.0,0.0
5,4,0.0,0.0,0.0,0.0,0.97348624,0.026513783,0.0,0.0,0.0,0.0,0.0,0.0
5,4,0.0,0.0,0.0,0.0,0.97348624,0.026513783,0.0,0.0,0.0,0.0,0.0,0.0
5,4,0.0,0.0,0.0,0.0,0.97348624,0.026513783,0.0,0.0,0.0,0.0,0.0,0.0
5,4,0.0,0.0,0.0,0.0,0.97348624,0.026513783,0.0,0.0,0.0,0.0,0.0,0.0
5,4,0.0,0.0,0.0,0.0,0.97348624,0.026513783,0.0,0.0,0.0,0.0,0.0,0.0
5,4,0.0,0.0,0.0,0.0,0.97348624,0.026513783,0.0,0.0,0.0,0.0,0.0,0.0
5,4,0.0,0.0,0.0,0.0,0.97348624,0.026513783,0.0,0.0,0.0,0.0,0.0,0.0
5,4,0.0,0.0,0.0,0.0,0.97348624,0.026513783,0.0,0.0,0.0,0.0,0.0,0.0
5,4,0.0,0.0,0.0,0.0,0.97348624,0.026513783,0.0,0.0,0.0,0.0,0.0,0.0
5,4,0.0,0.0,0.0,0.0,0.97348624,0.026513783,0.0,0.0,0.0,0.0,0.0,0.0
5,4,0.0,0.0,0.0,0.0,0.97348624,0.026513783,0.0,0.0,0.0,0.0,0.0,0.0
5,4,0.0,0.0,0.0,0.0,0.97348624,0.026513783,0.0,0.0,0.0,0.0,0.0,0.0
5,4,0.0,0.0,0.0,0.0,0.97348624,0.026513783,0.0,0.0,0.0,0.0,0.0,0.0
5,4,0.0,0.0,0.0,0.0,0.97348624,0.026513783,0.0,0.0,0.0,0.0,0.0,0.0
5,4,0.0,0.0,0.0,0.0,0.97348624,0.026513783,0.0,0.0,0.0,0.0,0.0,0.0
5,4,0.0,0.0,0.0,0.0,0.97348624,0.026513783,0.0,0.0,0.0,0.0,0.0,0.0
5,4,0.0,0.0,0.0,0.0,0.97348624,0.026513783,0.0,0.0,0.0,0.0,0.0,0.0
5,4,0.0,0.0,0.0,0.0,0.97348624,0.026513783,0.0,0.0,0.0,0.0,0.0,0.0
5,4,0.0,0.0,0.0,0.0,0.97348624,0.026513783,0.0,0.0,0.0,0.0,0.0,0.0
5,4,0.0,0.0,0.0,0.0,0.97348624,0.026513783,0.0,0.0,0.0,0.0,0.0,0.0
5,4,0.0,0.0,0.0,0.0,0.97348624,0.026513783,0.0,0.0,0.0,0.0,0.0,0.0
5,4,0.0,0.0,0.0,0.0,0.97348624,0.026513783,0.0,0.0,0.0,0.0,0.0,0.0
5,4,0.0,0.0,0.0,0.0,0.97348624,0.026513783,0.0,0.0,0.0,0.0,0.0,0.0
5,4,0.0,0.0,0.0,0.0,0.97348624,0.026513783,0.0,0.0,0.0,0.0,0.0,0.0
5,4,0.0,0.0,0.0,0.0,0.97348624,0.026513783,0.0,0.0,0.0,0.0,0.0,0.0
5,4,0.0,0.0,0.0,0.0,0.97348624,0.026513783,0.0,0.0,0.0,0.0,0.0,0.0
5,4,0.0,0.0,0.0,0.0,0.97348624,0.026513783,0.0,0.0,0.0,0.0,0.0,0.0
5,4,0.0,0.0,0.0,0.0,0.97348624,0.026513783,0.0,0.0,0.0,0.0,0.0,0.0
5,4,0.0,0.0,0.0,0.0,0.97348624,0.026513783,0.0,0.0,0.0,0.0,0.0,0.0
5,4,0.0,0.0,0.0,0.0,0.97348624,0.026513783,0.0,0.0,0.0,0.0,0.0,0.0
5,4,0.0,0.0,0.0,0.0,0.97348624,0.026513783,0.0,0.0,0.0,0.0,0.0,0.0
5,4,0.0,0.0,0.0,0.0,0.97348624,0.026513783,0.0,0.0,0.0,0.0,0.0,0.0
5,4,0.0,0.0,0.0,0.0,0.97348624,0.026513783,0.0,0.0,0.0,0.0,0.0,0.0
5,4,0.0,0.0,0.0,0.0,0.97348624,0.026513783,0.0,0.0,0.0,0.0,0.0,0.0
5,4,0.0,0.0,0.0,0.0,0.97348624,0.026513783,0.0,0.0,0.0,0.0,0.0,0.0
5,4,0.0,0.0,0.0,0.0,0.97348624,0.026513783,0.0,0.0,0.0,0.0,0.0,0.0
5,4,0.0,0.0,0.0,0.0,0.97348624,0.026513783,0.0,0.0,0.0,0.0,0.0,0.0
5,4,0.0,0.0,0.0,0.0,0.97348624,0.026513783,0.0,0.0,0.0,0.0,0.0,0.0
5,4,0.0,0.0,0.0,0.0,0.97348624,0.026513783,0.0,0.0,0.0,0.0,0.0,0.0
5,4,0.0,0.0,0.0,0.0,0.97348624,0.026513783,0.0,0.0,0.0,0.0,0.0,0.0
5,4,0.0,0.0,0.0,0.0,0.97348624,0.026513783,0.0,0.0,0.0,0.0,0.0,0.0
5,4,0.0,0.0,0.0,0.0,0.97348624,0.026513783,0.0,0.0,0.0,0.0,0.0,0.0
5,4,0.0,0.0,0.0,0.0,0.97348624,0.026513783,0.0,0.0,0.0,0.0,0.0,0.0
5,4,0.0,0.0,0.0,0.0,0.97348624,0.026513783,0.0,0.0,0.0,0.0,0.0,0.0
5,4,0.0,0.0,0.0,0.0,0.97348624,0.026513783,0.0,0.0,0.0,0.0,0.0,0.0
5,4,0.0,0.0,0.0,0.0,0.97348624,0.026513783,0.0,0.0,0.0,0.0,0.0,0.0
5,4,0.0,0.0,0.0,0.0,0.97348624,0.026513783,0.0,0.0,0.0,0.0,0.0,0.0
5,4,0.0,0.0,0.0,0.0,0.97348624,0.026513783,0.0,0.0,0.0,0.0,0.0,0.0
5,4,0.0,0.0,0.0,0.0,0.97348624,0.026513783,0.0,0.0,0.0,0.0,0.0,0.0
5,4,0.0,0.0,0.0,0.0,0.97348624,0.026513783,0.0,0.0,0.0,0.0,0.0,0.0
5,4,0.0,0.0,0.0,0.0,0.97348624,0.026513783,0.0,0.0,0.0,0.0,0.0,0.0
5,4,0.0,0.0,0.0,0.0,0.97348624,0.026513783,0.0,0.0,0.0,0.0,0.0,0.0
5,4,0.0,0.0,0.0,0.0,0.97348624,0.026513783,0.0,0.0,0.0,0.0,0.0,0.0
5,4,0.0,0.0,0.0,0.0,0.97348624,0.026513783,0.0,0.0,0.0,0.0,0.0,0.0
5,4,0.0,0.0,0.0,0.0,0.97348624,0.026513783,0.0,0.0,0.0,0.0,0.0,0.0
5,4,0.0,0.0,0.0,0.0,0.97348624,0.026513783,0.0,0.0,0.0,0.0,0.0,0.0
5,4,0.0,0.0,0.0,0.0,0.97348624,0.026513783,0.0,0.0,0.0,0.0,0.0,0.0
5,4,0.0,0.0,0.0,0.0,0.97348624,0.026513783,0.0,0.0,0.0,0.0,0.0,0.0
5,4,0.0,0.0,0.0,0.0,0.97348624,0.026513783,0.0,0.0,0.0,0.0,0.0,0.0
5,4,0.0,0.0,0.0,0.0,0.97348624,0.026513783,0.0,0.0,0.0,0.0,0.0,0.0
5,4,0.0,0.0,0.0,0.0,0.97348624,0.026513783,0.0,0.0,0.0,0.0,0.0,0.0
5,4,0.0,0.0,0.0,0.0,0.97348624,0.026513783,0.0,0.0,0.0,0.0,0.0,0.0
5,4,0.0,0.0,0.0,0.0,0.97348624,0.026513783,0.0,0.0,0.0,0.0,0.0,0.0
5,4,0.0,0.0,0.0,0.0,0.97348624,0.026513783,0.0,0.0,0.0,0.0,0.0,0.0
5,4,0.0,0.0,0.0,0.0,0.97348624,0.026513783,0.0,0.0,0.0,0.0,0.0,0.0
5,4,0.0,0.0,0.0,0.0,0.97348624,0.026513783,0.0,0.0,0.0,0.0,0.0,0.0
5,4,0.0,0.0,0.0,0.0,0.97348624,0.026513783,0.0,0.0,0.0,0.0,0.0,0.0
5,4,0.013672049,0.0,0.0,0.0,0.9598142,0.026513783,0.0,0.0,0.0,0.0,0.0,0.0
5,4,0.013672049,0.0,0.0,0.0,0.9598142,0.026513783,0.0,0.0,0.0,0.0,0.0,0.0
5,4,0.013672049,0.0,0.0,0.0,0.9598142,0.026513783,0.0,0.0,0.0,0.0,0.0,0.0
5,4,0.013672049,0.0,0.0,0.0,0.9598142,0.026513783,0.0,0.0,0.0,0.0,0.0,0.0
5,4,0.013672049,0.0,0.0,0.0,0.9598142,0.026513783,0.0,0.0,0.0,0.0,0.0,0.0
5,4,0.013672049,0.0,0.0,0.0,0.9598142,0.026513783,0.0,0.0,0.0,0.0,0.0,0.0
5,4,0.013672049,0.0,0.0,0.0,0.9598142,0.026513783,0.0,0.0,0.0,0.0,0.0,0.0
5,4,0.013672049,0.0,0.0,0.0,0.9598142,0.026513783,0.0,0.0,0.0,0.0,0.0,0.0
5,4,0.013672049,0.0,0.0,0.0,0.9598142,0.026513783,0.0,0.0,0.0,0.0,0.0,0.0
5,4,0.013672049,0.0,0.0,0.0,0.9598142,0.026513783,0.0,0.0,0.0,0.0,0.0,0.0
5,4,0.013672049,0.0,0.0,0.0,0.9598142,0.026513783,0.0,0.0,0.0,0.0,0.0,0.0
5,4,0.013672049,0.0,0.0,0.0,0.9598142,0.026513783,0.0,0.0,0.0,0.0,0.0,0.0
5,4,0.013672049,0.0,0.0,0.0,0.9598142,0.026513783,0.0,0.0,0.0,0.0,0.0,0.0
5,4,0.013672049,0.0,0.0,0.0,0.9598142,0.026513783,0.0,0.0,0.0,0.0,0.0,0.0
5,4,0.013672049,0.0,0.0,0.0,0.9598142,0.026513783,0.0,0.0,0.0,0.0,0.0,0.0
5,4,0.013672049,0.0,0.0,0.0,0.9598142,0.026513783,0.0,0.0,0.0,0.0,0.0,0.0
5,4,0.013672049,0.0,0.0,0.0,0.9598142,0.026513783,0.0,0.0,0.0,0.0,0.0,0.0
5,4,0.013672049,0.0,0.0,0.0,0.9598142,0.026513783,0.0,0.0,0.0,0.0,0.0,0.0
5,4,0.013672049,0.0,0.0,0.0,0.9598142,0.026513783,0.0,0.0,0.0,0.0,0.0,0.0
5,4,0.013672049,0.0,0.0,0.0,0.9598142,0.026513783,0.0,0.0,0.0,0.0,0.0,0.0
5,4,0.013672049,0.0,0.0,0.0,0.9598142,0.026513783,0.0,0.0,0.0,0.0,0.0,0.0
5,4,0.013672049,0.0,0.0,0.0,0.9598142,0.026513783,0.0,0.0,0.0,0.0,0.0,0.0
5,4,0.013672049,0.0,0.0,0.0,0.9598142,0.026513783,0.0,0.0,0.0,0.0,0.0,0.0
5,4,0.013672049,0.0,0.0,0.0,0.9598142,0.026513783,0.0,0.0,0.0,0.0,0.0,0.0
5,4,0.013672049,0.0,0.03997886,0.0,0.9198353,0.026513783,0.0,0.0,0.0,0.0,0.0,0.0
5,4,0.013672049,0.0,0.03997886,0.0,0.9198353,0.026513783,0.0,0.0,0.0,0.0,0.0,0.0
5,4,0.013672049,0.0,0.03997886,0.0,0.9198353,0.026513783,0.0,0.0,0.0,0.0,0.0,0.0
5,4,0.013672049,0.0,0.03997886,0.0,0.9198353,0.026513783,0.0,0.0,0.0,0.0,0.0,0.0
5,4,0.013672049,0.0,0.03997886,0.0,0.9198353,0.026513783,0.0,0.0,0.0,0.0,0.0,0.0
5,4,0.013672049,0.0,0.03997886,0.0,0.9198353,0.026513783,0.0,0.0,0.0,0.0,0.0,0.0
5,4,0.013672049,0.0,0.03997886,0.0,0.9198353,0.026513783,0.0,0.0,0.0,0.0,0.0,0.0
5,4,0.013672049,0.0,0.03997886,0.0,0.9198353,0.026513783,0.0,0.0,0.0,0.0,0.0,0.0
5,4,0.013672049,0.0,0.03997886,0.0,0.9198353,0.026513783,0.0,0.0,0.0,0.0,0.0,0.0
5,4,0.013672049,0.0,0.03997886,0.0,0.9198353,0.026513783,0.0,0.0,0.0,0.0,0.0,0.0
5,4,0.013672049,0.0,0.03997886,0.0,0.9198353,0.026513783,0.0,0.0,0.0,0.0,0.0,0.0
5,4,0.013672049,0.0,0.03997886,0.0,0.9198353,0.026513783,0.0,0.0,0.0,0.0,0.0,0.0
5,4,0.013672049,0.0,0.03997886,0.0,0.9198353,0.026513783,0.0,0.0,0.0,0.0,0.0,0.0
5,4,0.013672049,0.0,0.03997886,0.0,0.9198353,0.026513783,0.0,0.0,0.0,0.0,0.0,0.0
5,4,0.013672049,0.0,0.03997886,0.0,0.9198353,0.026513783,0.0,0.0,0.0,0.0,0.0,0.0
5,4,0.013672049,0.0,0.03997886,0.0,0.9198353,0.026513783,0.0,0.0,0.0,0.0,0.0,0.0
5,4,0.013672049,0.0,0.03997886,0.0,0.9198353,0.026513783,0.0,0.0,0.0,0.0,0.0,0.0
5,4,0.013672049,0.0,0.03997886,0.0,0.9198353,0.026513783,0.0,0.0,0.0,0.0,0.0,0.0
5,4,0.013672049,0.0,0.03997886,0.0,0.9198353,0.026513783,0.0,0.0,0.0,0.0,0.0,0.0
5,4,0.013672049,0.0,0.03997886,0.0,0.9198353,0.026513783,0.0,0.0,0.0,0.0,0.0,0.0
5,4,0.013672049,0.0,0.03997886,0.0,0.9198353,0.026513783,0.0,0.0,0.0,0.0,0.0,0.0
5,4,0.013672049,0.0,0.03997886,0.0,0.9198353,0.026513783,0.0,0.0,0.0,0.0,0.0,0.0
5,4,0.013672049,0.0,0.03997886,0.0,0.9198353,0.026513783,0.0,0.0,0.0,0.0,0.0,0.0
5,4,0.013672049,0.0,0.03997886,0.0,0.9198353,0.026513783,0.0,0.0,0.0,0.0,0.0,0.0
5,4,0.013672049,0.0,0.03997886,0.0,0.9198353,0.026513783,0.0,0.0,0.0,0.0,0.0,0.0
5,4,0.013672049,0.0,0.03997886,0.0,0.9198353,0.026513783,0.0,0.0,0.0,0.0,0.0,0.0
5,4,0.013672049,0.0,0.03997886,0.0,0.9198353,0.026513783,0.0,0.0,0.0,0.0,0.0,0.0
5,4,0.013672049,0.0,0.03997886,0.0,0.9198353,0.026513783,0.0,0.0,0.0,0.0,0.0,0.0
5,4,0.013672049,0.0,0.03997886,0.0,0.9198353,0.026513783,0.0,0.0,0.0,0.0,0.0,0.0
5,4,0.013672049,0.0,0.03997886,0.0,0.9198353,0.026513783,0.0,0.0,0.0,0.0,0.0,0.0
5,4,0.013672049,0.0,0.03997886,0.0,0.9198353,0.026513783,0.0,0.0,0.0,0.0,0.0,0.0
5,4,0.013672049,0.0,0.03997886,0.0,0.9198353,0.026513783,0.0,0.0,0.0,0.0,0.0,0.0
5,4,0.013672049,0.0,0.03997886,0.0,0.9198353,0.026513783,0.0,0.0,0.0,0.0,0.0,0.0
5,4,0.013672049,0.0,0.03997886,0.0,0.9198353,0.026513783,0.0,0.0,0.0,0.0,0.0,0.0
5,4,0.013672049,0.0,0.03997886,0.0,0.9198353,0.026513783,0.0,0.0,0.0,0.0,0.0,0.0
5,4,0.013672049,0.0,0.03997886,0.0,0.9198353,0.026513783,0.0,0.0,0.0,0.0,0.0,0.0
5,4,0.013672049,0.0,0.03997886,0.0,0.9198353,0.026513783,0.0,0.0,0.0,0.0,0.0,0.0
5,4,0.013672049,0.0,0.03997886,0.0,0.9198353,0.026513783,0.0,0.0,0.0,0.0,0.0,0.0
5,4,0.013672049,0.0,0.03997886,0.0,0.9198353,0.026513783,0.0,0.0,0.0,0.0,0.0,0.0
5,4,0.013672049,0.0,0.03997886,0.0,0.9198353,0.026513783,0.0,0.0,0.0,0.0,0.0,0.0
5,4,0.013672049,0.0,0.03997886,0.0,0.9198353,0.026513783,0.0,0.0,0.0,0.0,0.0,0.0
5,4,0.013672049,0.0,0.03997886,0.0,0.9198353,0.026513783,0.0,0.0,0.0,0.0,0.0,0.0
5,4,0.013672049,0.0,0.03997886,0.0,0.9198353,0.026513783,0.0,0.0,0.0,0.0,0.0,0.0
5,4,0.013672049,0.0,0.03997886,0.0,0.9198353,0.026513783,0.0,0.0,0.0,0.0,0.0,0.0
5,4,0.013672049,0.0,0.03997886,0.0,0.9198353,0.026513783,0.0,0.0,0.0,0.0,0.0,0.0
5,4,0.013672049,0.0,0.03997886,0.0,0.9198353,0.026513783,0.0,0.0,0.0,0.0,0.0,0.0
5,4,0.013672049,0.0,0.03997886,0.0,0.9198353,0.026513783,0.0,0.0,0.0,0.0,0.0,0.0
5,4,0.013672049,0.0,0.03997886,0.0,0.9198353,0.026513783,0.0,0.0,0.0,0.0,0.0,0.0
5,4,0.013672049,0.0,0.03997886,0.0,0.9198353,0.026513783,0.0,0.0,0.0,0.0,0.0,0.0
5,4,0.013672049,0.0,0.03997886,0.0,0.9198353,0.026513783,0.0,0.0,0.0,0.0,0.0,0.0
5,4,0.013672049,0.0,0.03997886,0.0,0.9198353,0.026513783,0.0,0.0,0.0,0.0,0.0,0.0
5,4,0.013672049,0.0,0.03997886,0.0,0.9198353,0.026513783,0.0,0.0,0.0,0.0,0.0,0.0
5,4,0.013672049,0.0,0.03997886,0.0,0.9198353,0.026513783,0.0,0.0,0.0,0.0,0.0,0.0
5,4,0.013672049,0.0,0.03997886,0.0,0.9198353,0.026513783,0.0,0.0,0.0,0.0,0.0,0.0
5,4,0.013672049,0.0,0.03997886,0.0,0.9198353,0.026513783,0.0,0.0,0.0,0.0,0.0,0.0
5,4,0.013672049,0.0,0.03997886,0.0,0.9198353,0.026513783,0.0,0.0,0.0,0.0,0.0,0.0
5,4,0.013672049,0.0,0.03997886,0.0,0.9198353,0.026513783,0.0,0.0,0.0,0.0,0.0,0.0
5,4,0.013672049,0.0,0.03997886,0.0,0.9198353,0.026513783,0.0,0.0,0.0,0.0,0.0,0.0
5,4,0.013672049,0.0,0.03997886,0.0,0.9198353,0.026513783,0.0,0.0,0.0,0.0,0.0,0.0
5,4,0.013672049,0.0,0.03997886,0.0,0.9198353,0.026513783,0.0,0.0,0.0,0.0,0.0,0.0
5,4,0.013672049,0.0,0.03997886,0.0,0.9198353,0.026513783,0.0,0.0,0.0,0.0,0.0,0.0
5,4,0.013672049,0.0,0.03997886,0.0,0.9198353,0.026513783,0.0,0.0,0.0,0.0,0.0,0.0
5,4,0.013672049,0.0,0.03997886,0.0,0.9198353,0.026513783,0.0,0.0,0.0,0.0,0.0,0.0
5,4,0.013672049,0.0,0.03997886,0.0,0.9198353,0.026513783,0.0,0.0,0.0,0.0,0.0,0.0
5,4,0.013672049,0.0,0.03997886,0.0,0.9198353,0.026513783,0.0,0.0,0.0,0.0,0.0,0.0
5,4,0.013672049,0.0,0.03997886,0.0,0.9198353,0.026513783,0.0,0.0,0.0,0.0,0.0,0.0
5,4,0.013672049,0.0,0.03997886,0.0,0.9198353,0.026513783,0.0,0.0,0.0,0.0,0.0,0.0
5,4,0.013672049,0.0,0.03997886,0.0,0.9198353,0.026513783,0.0,0.0,0.0,0.0,0.0,0.0
5,4,0.013672049,0.0,0.03997886,0.0,0.9198353,0.026513783,0.0,0.0,0.0,0.0,0.0,0.0
5,4,0.013672049,0.0,0.03997886,0.0,0.9198353,0.026513783,0.0,0.0,0.0,0.0,0.0,0.0
5,4,0.013672049,0.0,0.03997886,0.0,0.9198353,0.026513783,0.0,0.0,0.0,0.0,0.0,0.0
5,4,0.013672049,0.0,0.03997886,0.0,0.9198353,0.026513783,0.0,0.0,0.0,0.0,0.0,0.0
5,4,0.013672049,0.0,0.03997886,0.0,0.9198353,0.026513783,0.0,0.0,0.0,0.0,0.0,0.0
5,4,0.013672049,0.0,0.03997886,0.0,0.9198353,0.026513783,0.0,0.0,0.0,0.0,0.0,0.0
5,4,0.013672049,0.0,0.03997886,0.0,0.9198353,0.026513783,0.0,0.0,0.0,0.0,0.0,0.0
5,4,0.013672049,0.0,0.03997886,0.0,0.9198353,0.026513783,0.0,0.0,0.0,0.0,0.0,0.0
5,4,0.013672049,0.0,0.03997886,0.0,0.9198353,0.026513783,0.0,0.0,0.0,0.0,0.0,0.0
5,4,0.013672049,0.0,0.03997886,0.0,0.9198353,0.026513783,0.0,0.0,0.0,0.0,0.0,0.0
5,4,0.013672049,0.0,0.03997886,0.0,0.9198353,0.026513783,0.0,0.0,0.0,0.0,0.0,0.0
5,4,0.013672049,0.0,0.03997886,0.0,0.9198353,0.026513783,0.0,0.0,0.0,0.0,0.0,0.0
5,4,0.013672049,0.0,0.03997886,0.0,0.9198353,0.026513783,0.0,0.0,0.0,0.0,0.0,0.0
5,4,0.013672049,0.0,0.03997886,0.0,0.9198353,0.026513783,0.0,0.0,0.0,0.0,0.0,0.0
5,4,0.013672049,0.0,0.03997886,0.0,0.9198353,0.026513783,0.0,0.0,0.0,0.0,0.0,0.0
5,4,0.013672049,0.0,0.03997886,0.0,0.9198353,0.026513783,0.0,0.0,0.0,0.0,0.0,0.0
5,4,0.013672049,0.0,0.03997886,0.0,0.9198353,0.026513783,0.0,0.0,0.0,0.0,0.0,0.0
5,4,0.013672049,0.0,0.03997886,0.0,0.9198353,0.026513783,0.0,0.0,0.0,0.0,0.0,0.0
5,4,0.013672049,0.0,0.03997886,0.0,0.9198353,0.026513783,0.0,0.0,0.0,0.0,0.0,0.0
5,4,0.013672049,0.0,0.03997886,0.0,0.9198353,0.026513783,0.0,0.0,0.0,0.0,0.0,0.0
5,4,0.013672049,0.0,0.03997886,0.0,0.9198353,0.026513783,0.0,0.0,0.0,0.0,0.0,0.0
5,4,0.013672049,0.0,0.03997886,0.0,0.9198353,0.026513783,0.0,0.0,0.0,0.0,0.0,0.0
5,4,0.013672049,0.0,0.03997886,0.0,0.9198353,0.026513783,0.0,0.0,0.0,0.0,0.0,0.0
5,4,0.013672049,0.0,0.03997886,0.0,0.9198353,0.026513783,0.0,0.0,0.0,0.0,0.0,0.0
5,4,0.013672049,0.0,0.03997886,0.0,0.9198353,0.026513783,0.0,0.0,0.0,0.0,0.0,0.0
5,4,0.013672049,0.0,0.03997886,0.0,0.9198353,0.026513783,0.0,0.0,0.0,0.0,0.0,0.0
5,4,0.013672049,0.0,0.03997886,0.0,0.9198353,0.026513783,0.0,0.0,0.0,0.0,0.0,0.0
5,4,0.013672049,0.0,0.03997886,0.0,0.9198353,0.026513783,0.0,0.0,0.0,0.0,0.0,0.0
5,4,0.013672049,0.0,0.03997886,0.0,0.9198353,0.026513783,0.0,0.0,0.0,0.0,0.0,0.0
5,4,0.013672049,0.0,0.03997886,0.0,0.9198353,0.026513783,0.0,0.0,0.0,0.0,0.0,0.0
5,4,0.013672049,0.0,0.03997886,0.0,0.9198353,0.026513783,0.0,0.0,0.0,0.0,0.0,0.0
5,4,0.013672049,0.0,0.03997886,0.0,0.9198353,0.026513783,0.0,0.0,0.0,0.0,0.0,0.0
5,4,0.013672049,0.0,0.03997886,0.0,0.9198353,0.026513783,0.0,0.0,0.0,0.0,0.0,0.0
5,4,0.013672049,0.0,0.03997886,0.0,0.9198353,0.026513783,0.0,0.0,0.0,0.0,0.0,0.0
5,4,0.013672049,0.0,0.03997886,0.0,0.9198353,0.026513783,0.0,0.0,0.0,0.0,0.0,0.0
5,4,0.013672049,0.0,0.03997886,0.0,0.9198353,0.026513783,0.0,0.0,0.0,0.0,0.0,0.0
5,4,0.013672049,0.0,0.03997886,0.0,0.9198353,0.026513783,0.0,0.0,0.0,0.0,0.0,0.0
5,4,0.013672049,0.0,0.03997886,0.0,0.9198353,0.026513783,0.0,0.0,0.0,0.0,0.0,0.0
5,4,0.013672049,0.0,0.03997886,0.0,0.9198353,0.026513783,0.0,0.0,0.0,0.0,0.0,0.0
5,4,0.013672049,0.0,0.03997886,0.0,0.9198353,0.026513783,0.0,0.0,0.0,0.0,0.0,0.0
5,4,0.013672049,0.0,0.03997886,0.0,0.9198353,0.026513783,0.0,0.0,0.0,0.0,0.0,0.0
5,4,0.013672049,0.0,0.03997886,0.0,0.9198353,0.026513783,0.0,0.0,0.0,0.0,0.0,0.0
5,4,0.013672049,0.0,0.03997886,0.0,0.9198353,0.026513783,0.0,0.0,0.0,0.0,0.0,0.0
5,4,0.013672049,0.0,0.03997886,0.0,0.9198353,0.026513783,0.0,0.0,0.0,0.0,0.0,0.0
5,4,0.013672049,0.0,0.03997886,0.0,0.9198353,0.026513783,0.0,0.0,0.0,0.0,0.0,0.0
5,4,0.013672049,0.0,0.03997886,0.0,0.9198353,0.026513783,0.0,0.0,0.0,0.0,0.0,0.0
5,4,0.013672049,0.0,0.03997886,0.0,0.9198353,0.026513783,0.0,0.0,0.0,0.0,0.0,0.0
5,4,0.013672049,0.0,0.03997886,0.0,0.9198353,0.026513783,0.0,0.0,0.0,0.0,0.0,0.0
5,4,0.013672049,0.0,0.03997886,0.0,0.9198353,0.026513783,0.0,0.0,0.0,0.0,0.0,0.0
5,4,0.013672049,0.0,0.03997886,0.0,0.9198353,0.026513783,0.0,0.0,0.0,0.0,0.0,0.0
5,4,0.013672049,0.0,0.03997886,0.0,0.9198353,0.026513783,0.0,0.0,0.0,0.0,0.0,0.0
5,4,0.013672049,0.0,0.03997886,0.0,0.9198353,0.026513783,0.0,0.0,0.0,0.0,0.0,0.0
5,4,0.013672049,0.0,0.03997886,0.0,0.9198353,0.026513783,0.0,0.0,0.0,0.0,0.0,0.0
5,4,0.013672049,0.0,0.03997886,0.0,0.9198353,0.026513783,0.0,0.0,0.0,0.0,0.0,0.0
5,4,0.013672049,0.0,0.03997886,0.0,0.9198353,0.026513783,0.0,0.0,0.0,0.0,0.0,0.0
5,4,0.013672049,0.0,0.03997886,0.0,0.9198353,0.026513783,0.0,0.0,0.0,0.0,0.0,0.0
5,4,0.013672049,0.0,0.03997886,0.0,0.9198353,0.026513783,0.0,0.0,0.0,0.0,0.0,0.0
5,4,0.013672049,0.0,0.03997886,0.0,0.9198353,0.026513783,0.0,0.0,0.0,0.0,0.0,0.0
5,4,0.013672049,0.0,0.03997886,0.0,0.9198353,0.026513783,0.0,0.0,0.0,0.0,0.0,0.0
5,4,0.013672049,0.0,0.03997886,0.0,0.9198353,0.026513783,0.0,0.0,0.0,0.0,0.0,0.0
5,4,0.013672049,0.0,0.03997886,0.0,0.9198353,0.026513783,0.0,0.0,0.0,0.0,0.0,0.0
5,4,0.013672049,0.0,0.03997886,0.0,0.9198353,0.026513783,0.0,0.0,0.0,0.0,0.0,0.0
5,4,0.013672049,0.0,0.03997886,0.0,0.9198353,0.026513783,0.0,0.0,0.0,0.0,0.0,0.0
5,4,0.013672049,0.0,0.03997886,0.0,0.9198353,0.026513783,0.0,0.0,0.0,0.0,0.0,0.0
5,4,0.013672049,0.0,0.03997886,0.0,0.9198353,0.026513783,0.0,0.0,0.0,0.0,0.0,0.0
5,4,0.013672049,0.0,0.03997886,0.0,0.9198353,0.026513783,0.0,0.0,0.0,0.0,0.0,0.0
5,4,0.013672049,0.0,0.03997886,0.0,0.9198353,0.026513783,0.0,0.0,0.0,0.0,0.0,0.0
5,4,0.013672049,0.0,0.03997886,0.0,0.9198353,0.026513783,0.0,0.0,0.0,0.0,0.0,0.0
5,4,0.013672049,0.0,0.03997886,0.0,0.9198353,0.026513783,0.0,0.0,0.0,0.0,0.0,0.0
5,4,0.013672049,0.0,0.03997886,0.0,0.9198353,0.026513783,0.0,0.0,0.0,0.0,0.0,0.0
5,4,0.013672049,0.0,0.03997886,0.0,0.9198353,0.026513783,0.0,0.0,0.0,0.0,0.0,0.0
5,4,0.013672049,0.0,0.03997886,0.0,0.9198353,0.026513783,0.0,0.0,0.0,0.0,0.0,0.0
5,4,0.013672049,0.0,0.03997886,0.0,0.9198353,0.026513783,0.0,0.0,0.0,0.0,0.0,0.0
5,4,0.013672049,0.0,0.03997886,0.0,0.9198353,0.026513783,0.0,0.0,0.0,0.0,0.0,0.0
5,4,0.013672049,0.0,0.03997886,0.0,0.9198353,0.026513783,0.0,0.0,0.0,0.0,0.0,0.0
5,4,0.013672049,0.0,0.03997886,0.0,0.9198353,0.026513783,0.0,0.0,0.0,0.0,0.0,0.0
5,4,0.013672049,0.0,0.03997886,0.0,0.9198353,0.026513783,0.0,0.0,0.0,0.0,0.0,0.0
5,4,0.013672049,0.0,0.03997886,0.0,0.9198353,0.026513783,0.0,0.0,0.0,0.0,0.0,0.0
5,4,0.013672049,0.0,0.03997886,0.0,0.9198353,0.026513783,0.0,0.0,0.0,0.0,0.0,0.0
5,4,0.013672049,0.0,0.03997886,0.0,0.9198353,0.026513783,0.0,0.0,0.0,0.0,0.0,0.0
5,4,0.013672049,0.0,0.03997886,0.0,0.9198353,0.026513783,0.0,0.0,0.0,0.0,0.0,0.0
5,4,0.013672049,0.0,0.03997886,0.0,0.9198353,0.026513783,0.0,0.0,0.0,0.0,0.0,0.0
5,4,0.013672049,0.0,0.03997886,0.0,0.9198353,0.026513783,0.0,0.0,0.0,0.0,0.0,0.0
5,4,0.013672049,0.0,0.03997886,0.0,0.9198353,0.026513783,0.0,0.0,0.0,0.0,0.0,0.0
5,4,0.013672049,0.0,0.03997886,0.0,0.9198353,0.026513783,0.0,0.0,0.0,0.0,0.0,0.0
5,4,0.013672049,0.0,0.03997886,0.0,0.9198353,0.026513783,0.0,0.0,0.0,0.0,0.0,0.0
5,4,0.013672049,0.0,0.03997886,0.0,0.9198353,0.026513783,0.0,0.0,0.0,0.0,0.0,0.0
5,4,0.013672049,0.0,0.03997886,0.0,0.9198353,0.026513783,0.0,0.0,0.0,0.0,0.0,0.0
5,4,0.013672049,0.0,0.03997886,0.0,0.9198353,0.026513783,0.0,0.0,0.0,0.0,0.0,0.0
5,4,0.013672049,0.0,0.03997886,0.0,0.9198353,0.026513783,0.0,0.0,0.0,0.0,0.0,0.0
5,4,0.013672049,0.0,0.03997886,0.0,0.9198353,0.026513783,0.0,0.0,0.0,0.0,0.0,0.0
5,4,0.013672049,0.0,0.03997886,0.0,0.9198353,0.026513783,0.0,0.0,0.0,0.0,0.0,0.0
5,4,0.013672049,0.0,0.03997886,0.0,0.9198353,0.026513783,0.0,0.0,0.0,0.0,0.0,0.0
5,4,0.013672049,0.0,0.03997886,0.0,0.9198353,0.026513783,0.0,0.0,0.0,0.0,0.0,0.0
5,4,0.013672049,0.0,0.03997886,0.0,0.9198353,0.026513783,0.0,0.0,0.0,0.0,0.0,0.0
5,4,0.013672049,0.0,0.03997886,0.0,0.9198353,0.026513783,0.0,0.0,0.0,0.0,0.0,0.0
5,4,0.013672049,0.0,0.03997886,0.0,0.9198353,0.026513783,0.0,0.0,0.0,0.0,0.0,0.0
5,4,0.013672049,0.0,0.03997886,0.0,0.9198353,0.026513783,0.0,0.0,0.0,0.0,0.0,0.0
5,4,0.013672049,0.0,0.03997886,0.0,0.9198353,0.026513783,0.0,0.0,0.0,0.0,0.0,0.0
5,4,0.013672049,0.0,0.03997886,0.0,0.9198353,0.026513783,0.0,0.0,0.0,0.0,0.0,0.0
5,4,0.013672049,0.0,0.03997886,0.0,0.9198353,0.026513783,0.0,0.0,0.0,0.0,0.0,0.0
5,4,0.013672049,0.0,0.03997886,0.0,0.9198353,0.026513783,0.0,0.0,0.0,0.0,0.0,0.0
5,4,0.013672049,0.0,0.03997886,0.0,0.9198353,0.026513783,0.0,0.0,0.0,0.0,0.0,0.0
5,4,0.013672049,0.0,0.03997886,0.0,0.9198353,0.026513783,0.0,0.0,0.0,0.0,0.0,0.0
5,4,0.013672049,0.0,0.03997886,0.0,0.9198353,0.026513783,0.0,0.0,0.0,0.0,0.0,0.0
5,4,0.013672049,0.0,0.03997886,0.0,0.9198353,0.026513783,0.0,0.0,0.0,0.0,0.0,0.0
5,4,0.013672049,0.0,0.03997886,0.0,0.9198353,0.026513783,0.0,0.0,0.0,0.0,0.0,0.0
5,4,0.013672049,0.0,0.03997886,0.0,0.9198353,0.026513783,0.0,0.0,0.0,0.0,0.0,0.0
5,4,0.013672049,0.0,0.03997886,0.0,0.9198353,0.026513783,0.0,0.0,0.0,0.0,0.0,0.0
5,4,0.013672049,0.0,0.03997886,0.0,0.9198353,0.026513783,0.0,0.0,0.0,0.0,0.0,0.0
5,4,0.013672049,0.0,0.03997886,0.0,0.9198353,0.026513783,0.0,0.0,0.0,0.0,0.0,0.0
5,4,0.013672049,0.0,0.03997886,0.0,0.9198353,0.026513783,0.0,0.0,0.0,0.0,0.0,0.0
5,4,0.013672049,0.0,0.03997886,0.0,0.9198353,0.026513783,0.0,0.0,0.0,0.0,0.0,0.0
5,4,0.013672049,0.0,0.03997886,0.0,0.9198353,0.026513783,0.0,0.0,0.0,0.0,0.0,0.0
5,4,0.013672049,0.0,0.03997886,0.0,0.9198353,0.026513783,0.0,0.0,0.0,0.0,0.0,0.0
5,4,0.013672049,0.0,0.03997886,0.0,0.9198353,0.026513783,0.0,0.0,0.0,0.0,0.0,0.0
5,4,0.013672049,0.0,0.03997886,0.0,0.9198353,0.026513783,0.0,0.0,0.0,0.0,0.0,0.0
5,4,0.013672049,0.0,0.03997886,0.0,0.9198353,0.026513783,0.0,0.0,0.0,0.0,0.0,0.0
5,4,0.013672049,0.0,0.03997886,0.0,0.9198353,0.026513783,0.0,0.0,0.0,0.0,0.0,0.0
5,4,0.013672049,0.0,0.03997886,0.0,0.9198353,0.026513783,0.0,0.0,0.0,0.0,0.0,0.0
5,4,0.013672049,0.0,0.03997886,0.0,0.9198353,0.026513783,0.0,0.0,0.0,0.0,0.0,0.0
5,4,0.013672049,0.0,0.03997886,0.0,0.9198353,0.026513783,0.0,0.0,0.0,0.0,0.0,0.0
5,4,0.013672049,0.0,0.03997886,0.0,0.9198353,0.026513783,0.0,0.0,0.0,0.0,0.0,0.0
5,4,0.013672049,0.0,0.03997886,0.0,0.9198353,0.026513783,0.0,0.0,0.0,0.0,0.0,0.0
5,4,0.013672049,0.0,0.03997886,0.0,0.9198353,0.026513783,0.0,0.0,0.0,0.0,0.0,0.0
5,4,0.013672049,0.0,0.03997886,0.0,0.9198353,0.026513783,0.0,0.0,0.0,0.0,0.0,0.0
5,4,0.013672049,0.0,0.03997886,0.0,0.9198353,0.026513783,0.0,0.0,0.0,0.0,0.0,0.0
5,4,0.013672049,0.0,0.03997886,0.0,0.9198353,0.026513783,0.0,0.0,0.0,0.0,0.0,0.0
5,4,0.013672049,0.0,0.03997886,0.0,0.9198353,0.026513783,0.0,0.0,0.0,0.0,0.0,0.0
5,4,0.013672049,0.0,0.03997886,0.0,0.9198353,0.026513783,0.0,0.0,0.0,0.0,0.0,0.0
5,4,0.013672049,0.0,0.03997886,0.0,0.9198353,0.026513783,0.0,0.0,0.0,0.0,0.0,0.0
5,4,0.013672049,0.0,0.03997886,0.0,0.9198353,0.026513783,0.0,0.0,0.0,0.0,0.0,0.0
5,4,0.013672049,0.0,0.03997886,0.0,0.9198353,0.026513783,0.0,0.0,0.0,0.0,0.0,0.0
5,4,0.013672049,0.0,0.03997886,0.0,0.9198353,0.026513783,0.0,0.0,0.0,0.0,0.0,0.0
5,4,0.013672049,0.0,0.03997886,0.0,0.9198353,0.026513783,0.0,0.0,0.0,0.0,0.0,0.0
5,4,0.013672049,0.0,0.03997886,0.0,0.9198353,0.026513783,0.0,0.0,0.0,0.0,0.0,0.0
5,4,0.013672049,0.0,0.03997886,0.0,0.9198353,0.026513783,0.0,0.0,0.0,0.0,0.0,0.0
5,4,0.013672049,0.0,0.03997886,0.0,0.9198353,0.026513783,0.0,0.0,0.0,0.0,0.0,0.0
5,4,0.013672049,0.0,0.03997886,0.0,0.9198353,0.026513783,0.0,0.0,0.0,0.0,0.0,0.0
5,4,0.013672049,0.0,0.03997886,0.0,0.9198353,0.026513783,0.0,0.0,0.0,0.0,0.0,0.0
5,4,0.013672049,0.0,0.03997886,0.0,0.9198353,0.026513783,0.0,0.0,0.0,0.0,0.0,0.0
5,4,0.013672049,0.0,0.03997886,0.0,0.9198353,0.026513783,0.0,0.0,0.0,0.0,0.0,0.0
5,4,0.013672049,0.0,0.03997886,0.0,0.9198353,0.026513783,0.0,0.0,0.0,0.0,0.0,0.0
5,4,0.013672049,0.0,0.03997886,0.0,0.9198353,0.026513783,0.0,0.0,0.0,0.0,0.0,0.0
5,4,0.013672049,0.0,0.03997886,0.0,0.9198353,0.026513783,0.0,0.0,0.0,0.0,0.0,0.0
5,4,0.013672049,0.0,0.03997886,0.0,0.9198353,0.026513783,0.0,0.0,0.0,0.0,0.0,0.0
5,4,0.013672049,0.0,0.03997886,0.0,0.9198353,0.026513783,0.0,0.0,0.0,0.0,0.0,0.0
5,4,0.013672049,0.0,0.03997886,0.0,0.9198353,0.026513783,0.0,0.0,0.0,0.0,0.0,0.0
5,4,0.013672049,0.0,0.03997886,0.0,0.9198353,0.026513783,0.0,0.0,0.0,0.0,0.0,0.0
5,4,0.013672049,0.0,0.03997886,0.0,0.9198353,0.026513783,0.0,0.0,0.0,0.0,0.0,0.0
5,4,0.013672049,0.0,0.03997886,0.0,0.9198353,0.026513783,0.0,0.0,0.0,0.0,0.0,0.0
5,4,0.013672049,0.0,0.03997886,0.0,0.9198353,0.026513783,0.0,0.0,0.0,0.0,0.0,0.0
5,4,0.013672049,0.0,0.03997886,0.0,0.9198353,0.026513783,0.0,0.0,0.0,0.0,0.0,0.0
5,4,0.013672049,0.0,0.03997886,0.0,0.9198353,0.026513783,0.0,0.0,0.0,0.0,0.0,0.0
5,4,0.013672049,0.0,0.03997886,0.0,0.9198353,0.026513783,0.0,0.0,0.0,0.0,0.0,0.0
5,4,0.013672049,0.0,0.03997886,0.0,0.9198353,0.026513783,0.0,0.0,0.0,0.0,0.0,0.0
5,4,0.013672048,0.0,0.0,0.0,0.98632795,0.0,0.0,0.0,0.0,0.0,0.0,0.0
5,4,0.013672048,0.0,0.0,0.0,0.98632795,0.0,0.0,0.0,0.0,0.0,0.0,0.0
5,4,0.013672048,0.0,0.0,0.0,0.98632795,0.0,0.0,0.0,0.0,0.0,0.0,0.0
5,4,0.013672048,0.0,0.0,0.0,0.98632795,0.0,0.0,0.0,0.0,0.0,0.0,0.0
5,4,0.013672048,0.0,0.0,0.0,0.98632795,0.0,0.0,0.0,0.0,0.0,0.0,0.0
5,4,0.013672048,0.0,0.0,0.0,0.98632795,0.0,0.0,0.0,0.0,0.0,0.0,0.0
5,4,0.013672048,0.0,0.0,0.0,0.98632795,0.0,0.0,0.0,0.0,0.0,0.0,0.0
5,4,0.013672048,0.0,0.0,0.0,0.98632795,0.0,0.0,0.0,0.0,0.0,0.0,0.0
5,4,0.013672048,0.0,0.0,0.0,0.98632795,0.0,0.0,0.0,0.0,0.0,0.0,0.0
5,4,0.013672048,0.0,0.0,0.0,0.98632795,0.0,0.0,0.0,0.0,0.0,0.0,0.0
5,4,0.013672048,0.0,0.0,0.0,0.98632795,0.0,0.0,0.0,0.0,0.0,0.0,0.0
5,4,0.013672048,0.0,0.0,0.0,0.98632795,0.0,0.0,0.0,0.0,0.0,0.0,0.0
5,4,0.013672048,0.0,0.0,0.0,0.98632795,0.0,0.0,0.0,0.0,0.0,0.0,0.0
5,4,0.013672048,0.0,0.0,0.0,0.98632795,0.0,0.0,0.0,0.0,0.0,0.0,0.0
5,4,0.013672048,0.0,0.0,0.0,0.98632795,0.0,0.0,0.0,0.0,0.0,0.0,0.0
5,4,0.013672048,0.0,0.0,0.0,0.98632795,0.0,0.0,0.0,0.0,0.0,0.0,0.0
5,4,0.013672048,0.0,0.0,0.0,0.98632795,0.0,0.0,0.0,0.0,0.0,0.0,0.0
5,4,0.013672048,0.0,0.0,0.0,0.98632795,0.0,0.0,0.0,0.0,0.0,0.0,0.0
5,4,0.013672048,0.0,0.0,0.0,0.98632795,0.0,0.0,0.0,0.0,0.0,0.0,0.0
5,4,0.013672048,0.0,0.0,0.0,0.98632795,0.0,0.0,0.0,0.0,0.0,0.0,0.0
5,4,0.013672048,0.0,0.0,0.0,0.98632795,0.0,0.0,0.0,0.0,0.0,0.0,0.0
5,4,0.013672048,0.0,0.0,0.0,0.98632795,0.0,0.0,0.0,0.0,0.0,0.0,0.0
5,4,0.013672048,0.0,0.0,0.0,0.98632795,0.0,0.0,0.0,0.0,0.0,0.0,0.0
5,4,0.013672048,0.0,0.0,0.0,0.98632795,0.0,0.0,0.0,0.0,0.0,0.0,0.0
5,4,0.0,0.0,0.0,0.0,1.0,0.0,0.0,0.0,0.0,0.0,0.0,0.0
5,4,0.0,0.0,0.0,0.0,1.0,0.0,0.0,0.0,0.0,0.0,0.0,0.0
5,4,0.0,0.0,0.0,0.0,1.0,0.0,0.0,0.0,0.0,0.0,0.0,0.0
5,4,0.0,0.0,0.0,0.0,1.0,0.0,0.0,0.0,0.0,0.0,0.0,0.0
5,4,0.0,0.0,0.0,0.0,1.0,0.0,0.0,0.0,0.0,0.0,0.0,0.0
5,4,0.0,0.0,0.0,0.0,1.0,0.0,0.0,0.0,0.0,0.0,0.0,0.0
5,4,0.0,0.0,0.0,0.0,1.0,0.0,0.0,0.0,0.0,0.0,0.0,0.0
5,4,0.0,0.0,0.0,0.0,1.0,0.0,0.0,0.0,0.0,0.0,0.0,0.0
5,4,0.0,0.0,0.0,0.0,1.0,0.0,0.0,0.0,0.0,0.0,0.0,0.0
5,4,0.0,0.0,0.0,0.0,1.0,0.0,0.0,0.0,0.0,0.0,0.0,0.0
5,4,0.0,0.0,0.0,0.0,1.0,0.0,0.0,0.0,0.0,0.0,0.0,0.0
5,4,0.0,0.0,0.0,0.0,1.0,0.0,0.0,0.0,0.0,0.0,0.0,0.0
5,4,0.0,0.0,0.0,0.0,1.0,0.0,0.0,0.0,0.0,0.0,0.0,0.0
5,4,0.0,0.0,0.0,0.0,1.0,0.0,0.0,0.0,0.0,0.0,0.0,0.0
5,4,0.0,0.0,0.0,0.0,1.0,0.0,0.0,0.0,0.0,0.0,0.0,0.0
5,4,0.0,0.0,0.0,0.0,1.0,0.0,0.0,0.0,0.0,0.0,0.0,0.0
5,4,0.0,0.0,0.0,0.0,1.0,0.0,0.0,0.0,0.0,0.0,0.0,0.0
5,4,0.0,0.0,0.0,0.0,1.0,0.0,0.0,0.0,0.0,0.0,0.0,0.0
5,4,0.0,0.0,0.0,0.0,1.0,0.0,0.0,0.0,0.0,0.0,0.0,0.0
5,4,0.0,0.0,0.0,0.0,1.0,0.0,0.0,0.0,0.0,0.0,0.0,0.0
5,4,0.0,0.0,0.0,0.0,1.0,0.0,0.0,0.0,0.0,0.0,0.0,0.0
5,4,0.0,0.0,0.0,0.0,1.0,0.0,0.0,0.0,0.0,0.0,0.0,0.0
5,4,0.0,0.0,0.0,0.0,1.0,0.0,0.0,0.0,0.0,0.0,0.0,0.0
5,4,0.0,0.0,0.0,0.0,1.0,0.0,0.0,0.0,0.0,0.0,0.0,0.0
5,4,0.0,0.0,0.0,0.0,1.0,0.0,0.0,0.0,0.0,0.0,0.0,0.0
5,4,0.0,0.0,0.0,0.0,1.0,0.0,0.0,0.0,0.0,0.0,0.0,0.0
5,4,0.0,0.0,0.0,0.0,1.0,0.0,0.0,0.0,0.0,0.0,0.0,0.0
5,4,0.0,0.0,0.0,0.0,1.0,0.0,0.0,0.0,0.0,0.0,0.0,0.0
5,4,0.0,0.0,0.0,0.0,1.0,0.0,0.0,0.0,0.0,0.0,0.0,0.0
5,4,0.0,0.0,0.0,0.0,1.0,0.0,0.0,0.0,0.0,0.0,0.0,0.0
5,4,0.0,0.0,0.0,0.0,1.0,0.0,0.0,0.0,0.0,0.0,0.0,0.0
5,4,0.0,0.0,0.0,0.0,1.0,0.0,0.0,0.0,0.0,0.0,0.0,0.0
5,4,0.0,0.0,0.0,0.0,1.0,0.0,0.0,0.0,0.0,0.0,0.0,0.0
5,4,0.0,0.0,0.0,0.0,1.0,0.0,0.0,0.0,0.0,0.0,0.0,0.0
5,4,0.0,0.0,0.0,0.0,1.0,0.0,0.0,0.0,0.0,0.0,0.0,0.0
5,4,0.0,0.0,0.0,0.0,1.0,0.0,0.0,0.0,0.0,0.0,0.0,0.0
5,4,0.0,0.0,0.0,0.0,1.0,0.0,0.0,0.0,0.0,0.0,0.0,0.0
5,4,0.0,0.0,0.0,0.0,1.0,0.0,0.0,0.0,0.0,0.0,0.0,0.0
5,4,0.0,0.0,0.0,0.0,1.0,0.0,0.0,0.0,0.0,0.0,0.0,0.0
5,4,0.0,0.0,0.0,0.0,1.0,0.0,0.0,0.0,0.0,0.0,0.0,0.0
5,4,0.0,0.0,0.0,0.0,1.0,0.0,0.0,0.0,0.0,0.0,0.0,0.0
5,4,0.0,0.0,0.0,0.0,1.0,0.0,0.0,0.0,0.0,0.0,0.0,0.0
5,4,0.0,0.0,0.0,0.0,1.0,0.0,0.0,0.0,0.0,0.0,0.0,0.0
5,4,0.0,0.0,0.0,0.0,1.0,0.0,0.0,0.0,0.0,0.0,0.0,0.0
5,4,0.0,0.0,0.0,0.0,1.0,0.0,0.0,0.0,0.0,0.0,0.0,0.0
5,4,0.0,0.0,0.0,0.0,1.0,0.0,0.0,0.0,0.0,0.0,0.0,0.0
5,4,0.0,0.0,0.0,0.0,1.0,0.0,0.0,0.0,0.0,0.0,0.0,0.0
5,4,0.0,0.0,0.0,0.0,1.0,0.0,0.0,0.0,0.0,0.0,0.0,0.0
5,4,0.0,0.0,0.0,0.0,1.0,0.0,0.0,0.0,0.0,0.0,0.0,0.0
5,4,0.0,0.0,0.0,0.0,1.0,0.0,0.0,0.0,0.0,0.0,0.0,0.0
5,4,0.0,0.0,0.0,0.0,1.0,0.0,0.0,0.0,0.0,0.0,0.0,0.0
5,4,0.0,0.0,0.0,0.0,1.0,0.0,0.0,0.0,0.0,0.0,0.0,0.0
5,4,0.0,0.0,0.0,0.0,1.0,0.0,0.0,0.0,0.0,0.0,0.0,0.0
5,4,0.0,0.0,0.0,0.0,1.0,0.0,0.0,0.0,0.0,0.0,0.0,0.0
5,4,0.0,0.0,0.0,0.0,1.0,0.0,0.0,0.0,0.0,0.0,0.0,0.0
5,4,0.0,0.0,0.0,0.0,1.0,0.0,0.0,0.0,0.0,0.0,0.0,0.0
5,4,0.0,0.0,0.0,0.0,1.0,0.0,0.0,0.0,0.0,0.0,0.0,0.0
5,4,0.0,0.0,0.0,0.0,1.0,0.0,0.0,0.0,0.0,0.0,0.0,0.0
5,4,0.0,0.0,0.0,0.0,1.0,0.0,0.0,0.0,0.0,0.0,0.0,0.0
5,4,0.0,0.0,0.0,0.0,1.0,0.0,0.0,0.0,0.0,0.0,0.0,0.0
5,4,0.0,0.0,0.0,0.0,1.0,0.0,0.0,0.0,0.0,0.0,0.0,0.0
5,4,0.0,0.0,0.0,0.0,1.0,0.0,0.0,0.0,0.0,0.0,0.0,0.0
5,4,0.0,0.0,0.0,0.0,1.0,0.0,0.0,0.0,0.0,0.0,0.0,0.0
5,4,0.0,0.0,0.0,0.0,1.0,0.0,0.0,0.0,0.0,0.0,0.0,0.0
5,4,0.0,0.0,0.0,0.0,1.0,0.0,0.0,0.0,0.0,0.0,0.0,0.0
5,4,0.0,0.0,0.0,0.0,1.0,0.0,0.0,0.0,0.0,0.0,0.0,0.0
5,4,0.0,0.0,0.0,0.0,1.0,0.0,0.0,0.0,0.0,0.0,0.0,0.0
5,4,0.0,0.0,0.0,0.0,1.0,0.0,0.0,0.0,0.0,0.0,0.0,0.0
5,4,0.0,0.0,0.0,0.0,1.0,0.0,0.0,0.0,0.0,0.0,0.0,0.0
5,4,0.0,0.0,0.0,0.0,1.0,0.0,0.0,0.0,0.0,0.0,0.0,0.0
5,4,0.0,0.0,0.0,0.0,1.0,0.0,0.0,0.0,0.0,0.0,0.0,0.0
5,4,0.0,0.0,0.0,0.0,1.0,0.0,0.0,0.0,0.0,0.0,0.0,0.0
5,4,0.0,0.0,0.0,0.0,1.0,0.0,0.0,0.0,0.0,0.0,0.0,0.0
5,4,0.0,0.0,0.0,0.0,1.0,0.0,0.0,0.0,0.0,0.0,0.0,0.0
5,4,0.0,0.0,0.0,0.0,1.0,0.0,0.0,0.0,0.0,0.0,0.0,0.0
5,4,0.0,0.0,0.0,0.0,1.0,0.0,0.0,0.0,0.0,0.0,0.0,0.0
5,4,0.0,0.0,0.0,0.0,1.0,0.0,0.0,0.0,0.0,0.0,0.0,0.0
5,4,0.0,0.0,0.0,0.0,1.0,0.0,0.0,0.0,0.0,0.0,0.0,0.0
5,4,0.0,0.0,0.0,0.0,1.0,0.0,0.0,0.0,0.0,0.0,0.0,0.0
5,4,0.0,0.0,0.0,0.0,1.0,0.0,0.0,0.0,0.0,0.0,0.0,0.0
5,4,0.0,0.0,0.0,0.0,1.0,0.0,0.0,0.0,0.0,0.0,0.0,0.0
5,4,0.0,0.0,0.0,0.0,1.0,0.0,0.0,0.0,0.0,0.0,0.0,0.0
5,4,0.0,0.0,0.0,0.0,1.0,0.0,0.0,0.0,0.0,0.0,0.0,0.0
5,4,0.0,0.0,0.0,0.0,1.0,0.0,0.0,0.0,0.0,0.0,0.0,0.0
5,4,0.0,0.0,0.0,0.0,1.0,0.0,0.0,0.0,0.0,0.0,0.0,0.0
5,4,0.0,0.0,0.0,0.0,1.0,0.0,0.0,0.0,0.0,0.0,0.0,0.0
5,4,0.0,0.0,0.0,0.0,1.0,0.0,0.0,0.0,0.0,0.0,0.0,0.0
5,4,0.0,0.0,0.0,0.0,1.0,0.0,0.0,0.0,0.0,0.0,0.0,0.0
5,4,0.0,0.0,0.0,0.0,1.0,0.0,0.0,0.0,0.0,0.0,0.0,0.0
5,4,0.0,0.0,0.0,0.0,1.0,0.0,0.0,0.0,0.0,0.0,0.0,0.0
5,4,0.0,0.0,0.0,0.0,1.0,0.0,0.0,0.0,0.0,0.0,0.0,0.0
5,4,0.0,0.0,0.0,0.0,1.0,0.0,0.0,0.0,0.0,0.0,0.0,0.0
5,4,0.0,0.0,0.0,0.0,1.0,0.0,0.0,0.0,0.0,0.0,0.0,0.0
5,4,0.0,0.0,0.0,0.0,1.0,0.0,0.0,0.0,0.0,0.0,0.0,0.0
5,4,0.0,0.0,0.0,0.0,1.0,0.0,0.0,0.0,0.0,0.0,0.0,0.0
5,4,0.0,0.0,0.0,0.0,1.0,0.0,0.0,0.0,0.0,0.0,0.0,0.0
5,4,0.0,0.0,0.0,0.0,1.0,0.0,0.0,0.0,0.0,0.0,0.0,0.0
5,4,0.0,0.0,0.0,0.0,1.0,0.0,0.0,0.0,0.0,0.0,0.0,0.0
5,4,0.0,0.0,0.0,0.0,1.0,0.0,0.0,0.0,0.0,0.0,0.0,0.0
5,4,0.0,0.0,0.0,0.0,1.0,0.0,0.0,0.0,0.0,0.0,0.0,0.0
5,4,0.0,0.0,0.0,0.0,1.0,0.0,0.0,0.0,0.0,0.0,0.0,0.0
5,4,0.0,0.0,0.0,0.0,1.0,0.0,0.0,0.0,0.0,0.0,0.0,0.0
5,4,0.0,0.0,0.0,0.0,1.0,0.0,0.0,0.0,0.0,0.0,0.0,0.0
5,4,0.0,0.0,0.0,0.0,1.0,0.0,0.0,0.0,0.0,0.0,0.0,0.0
5,4,0.0,0.0,0.0,0.0,1.0,0.0,0.0,0.0,0.0,0.0,0.0,0.0
5,4,0.0,0.0,0.0,0.0,1.0,0.0,0.0,0.0,0.0,0.0,0.0,0.0
5,4,0.0,0.0,0.0,0.0,1.0,0.0,0.0,0.0,0.0,0.0,0.0,0.0
5,4,0.0,0.0,0.0,0.0,1.0,0.0,0.0,0.0,0.0,0.0,0.0,0.0
5,4,0.0,0.0,0.0,0.0,1.0,0.0,0.0,0.0,0.0,0.0,0.0,0.0
5,4,0.0,0.0,0.0,0.0,1.0,0.0,0.0,0.0,0.0,0.0,0.0,0.0
5,4,0.0,0.0,0.0,0.0,1.0,0.0,0.0,0.0,0.0,0.0,0.0,0.0
5,4,0.0,0.0,0.0,0.0,1.0,0.0,0.0,0.0,0.0,0.0,0.0,0.0
5,4,0.0,0.0,0.0,0.0,1.0,0.0,0.0,0.0,0.0,0.0,0.0,0.0
5,4,0.0,0.0,0.0,0.0,1.0,0.0,0.0,0.0,0.0,0.0,0.0,0.0
5,4,0.0,0.0,0.0,0.0,1.0,0.0,0.0,0.0,0.0,0.0,0.0,0.0
5,4,0.0,0.0,0.0,0.0,1.0,0.0,0.0,0.0,0.0,0.0,0.0,0.0
5,4,0.0,0.0,0.0,0.0,1.0,0.0,0.0,0.0,0.0,0.0,0.0,0.0
5,4,0.0,0.0,0.0,0.0,1.0,0.0,0.0,0.0,0.0,0.0,0.0,0.0
5,4,0.0,0.0,0.0,0.0,1.0,0.0,0.0,0.0,0.0,0.0,0.0,0.0
5,4,0.0,0.0,0.0,0.0,1.0,0.0,0.0,0.0,0.0,0.0,0.0,0.0
5,4,0.0,0.0,0.0,0.0,1.0,0.0,0.0,0.0,0.0,0.0,0.0,0.0
5,4,0.0,0.0,0.0,0.0,1.0,0.0,0.0,0.0,0.0,0.0,0.0,0.0
5,4,0.0,0.0,0.0,0.0,1.0,0.0,0.0,0.0,0.0,0.0,0.0,0.0
5,4,0.0,0.0,0.0,0.0,1.0,0.0,0.0,0.0,0.0,0.0,0.0,0.0
5,4,0.0,0.0,0.0,0.0,1.0,0.0,0.0,0.0,0.0,0.0,0.0,0.0
5,4,0.0,0.0,0.0,0.0,1.0,0.0,0.0,0.0,0.0,0.0,0.0,0.0
5,4,0.0,0.0,0.0,0.0,1.0,0.0,0.0,0.0,0.0,0.0,0.0,0.0
5,4,0.0,0.0,0.0,0.0,1.0,0.0,0.0,0.0,0.0,0.0,0.0,0.0
5,4,0.0,0.0,0.0,0.0,1.0,0.0,0.0,0.0,0.0,0.0,0.0,0.0
5,4,0.0,0.0,0.0,0.0,1.0,0.0,0.0,0.0,0.0,0.0,0.0,0.0
5,4,0.0,0.0,0.0,0.0,1.0,0.0,0.0,0.0,0.0,0.0,0.0,0.0
5,4,0.0,0.0,0.0,0.0,1.0,0.0,0.0,0.0,0.0,0.0,0.0,0.0
5,4,0.0,0.0,0.0,0.0,1.0,0.0,0.0,0.0,0.0,0.0,0.0,0.0
5,4,0.0,0.0,0.0,0.0,1.0,0.0,0.0,0.0,0.0,0.0,0.0,0.0
5,4,0.0,0.0,0.0,0.0,1.0,0.0,0.0,0.0,0.0,0.0,0.0,0.0
5,4,0.0,0.0,0.0,0.0,1.0,0.0,0.0,0.0,0.0,0.0,0.0,0.0
5,4,0.0,0.0,0.0,0.0,1.0,0.0,0.0,0.0,0.0,0.0,0.0,0.0
5,4,0.0,0.0,0.0,0.0,1.0,0.0,0.0,0.0,0.0,0.0,0.0,0.0
5,4,0.0,0.0,0.0,0.0,1.0,0.0,0.0,0.0,0.0,0.0,0.0,0.0
5,4,0.0,0.0,0.0,0.0,1.0,0.0,0.0,0.0,0.0,0.0,0.0,0.0
5,4,0.0,0.0,0.0,0.0,1.0,0.0,0.0,0.0,0.0,0.0,0.0,0.0
5,4,0.0,0.0,0.0,0.0,1.0,0.0,0.0,0.0,0.0,0.0,0.0,0.0
5,4,0.0,0.0,0.0,0.0,1.0,0.0,0.0,0.0,0.0,0.0,0.0,0.0
5,4,0.0,0.0,0.0,0.0,1.0,0.0,0.0,0.0,0.0,0.0,0.0,0.0
5,4,0.0,0.0,0.0,0.0,1.0,0.0,0.0,0.0,0.0,0.0,0.0,0.0
5,4,0.0,0.0,0.0,0.0,1.0,0.0,0.0,0.0,0.0,0.0,0.0,0.0
5,4,0.0,0.0,0.0,0.0,1.0,0.0,0.0,0.0,0.0,0.0,0.0,0.0
5,4,0.0,0.0,0.0,0.0,1.0,0.0,0.0,0.0,0.0,0.0,0.0,0.0
5,4,0.0,0.0,0.0,0.0,1.0,0.0,0.0,0.0,0.0,0.0,0.0,0.0
5,4,0.0,0.0,0.0,0.0,1.0,0.0,0.0,0.0,0.0,0.0,0.0,0.0
5,4,0.0,0.0,0.0,0.0,1.0,0.0,0.0,0.0,0.0,0.0,0.0,0.0
5,4,0.0,0.0,0.0,0.0,1.0,0.0,0.0,0.0,0.0,0.0,0.0,0.0
5,4,0.0,0.0,0.0,0.0,1.0,0.0,0.0,0.0,0.0,0.0,0.0,0.0
5,4,0.0,0.0,0.0,0.0,1.0,0.0,0.0,0.0,0.0,0.0,0.0,0.0
5,4,0.0,0.0,0.0,0.0,1.0,0.0,0.0,0.0,0.0,0.0,0.0,0.0
5,4,0.0,0.0,0.0,0.0,1.0,0.0,0.0,0.0,0.0,0.0,0.0,0.0
5,4,0.0,0.0,0.0,0.0,1.0,0.0,0.0,0.0,0.0,0.0,0.0,0.0
5,4,0.0,0.0,0.0,0.0,1.0,0.0,0.0,0.0,0.0,0.0,0.0,0.0
5,4,0.0,0.0,0.0,0.0,1.0,0.0,0.0,0.0,0.0,0.0,0.0,0.0
5,4,0.0,0.0,0.0,0.0,1.0,0.0,0.0,0.0,0.0,0.0,0.0,0.0
5,4,0.0,0.0,0.0,0.0,1.0,0.0,0.0,0.0,0.0,0.0,0.0,0.0
5,4,0.0,0.0,0.0,0.0,1.0,0.0,0.0,0.0,0.0,0.0,0.0,0.0
5,4,0.0,0.0,0.0,0.0,1.0,0.0,0.0,0.0,0.0,0.0,0.0,0.0
5,4,0.0,0.0,0.0,0.0,1.0,0.0,0.0,0.0,0.0,0.0,0.0,0.0
5,4,0.0,0.0,0.0,0.0,1.0,0.0,0.0,0.0,0.0,0.0,0.0,0.0
5,4,0.0,0.0,0.0,0.0,1.0,0.0,0.0,0.0,0.0,0.0,0.0,0.0
5,4,0.0,0.0,0.0,0.0,1.0,0.0,0.0,0.0,0.0,0.0,0.0,0.0
5,4,0.0,0.0,0.0,0.0,1.0,0.0,0.0,0.0,0.0,0.0,0.0,0.0
5,4,0.0,0.0,0.0,0.0,1.0,0.0,0.0,0.0,0.0,0.0,0.0,0.0
5,4,0.0,0.0,0.0,0.0,1.0,0.0,0.0,0.0,0.0,0.0,0.0,0.0
5,4,0.0,0.0,0.0,0.0,1.0,0.0,0.0,0.0,0.0,0.0,0.0,0.0
5,4,0.0,0.0,0.0,0.0,1.0,0.0,0.0,0.0,0.0,0.0,0.0,0.0
5,4,0.0,0.0,0.0,0.0,1.0,0.0,0.0,0.0,0.0,0.0,0.0,0.0
5,4,0.0,0.0,0.0,0.0,1.0,0.0,0.0,0.0,0.0,0.0,0.0,0.0
5,4,0.0,0.0,0.0,0.0,1.0,0.0,0.0,0.0,0.0,0.0,0.0,0.0
5,4,0.0,0.0,0.0,0.0,1.0,0.0,0.0,0.0,0.0,0.0,0.0,0.0
5,4,0.0,0.0,0.0,0.0,1.0,0.0,0.0,0.0,0.0,0.0,0.0,0.0
5,4,0.0,0.0,0.0,0.0,1.0,0.0,0.0,0.0,0.0,0.0,0.0,0.0
5,4,0.0,0.0,0.0,0.0,1.0,0.0,0.0,0.0,0.0,0.0,0.0,0.0
5,4,0.0,0.0,0.0,0.0,1.0,0.0,0.0,0.0,0.0,0.0,0.0,0.0
5,4,0.0,0.0,0.0,0.0,1.0,0.0,0.0,0.0,0.0,0.0,0.0,0.0
5,4,0.0,0.0,0.0,0.0,1.0,0.0,0.0,0.0,0.0,0.0,0.0,0.0
5,4,0.0,0.0,0.0,0.0,1.0,0.0,0.0,0.0,0.0,0.0,0.0,0.0
5,4,0.0,0.0,0.0,0.0,1.0,0.0,0.0,0.0,0.0,0.0,0.0,0.0
5,4,0.0,0.0,0.0,0.0,1.0,0.0,0.0,0.0,0.0,0.0,0.0,0.0
5,4,0.0,0.0,0.0,0.0,1.0,0.0,0.0,0.0,0.0,0.0,0.0,0.0
5,4,0.0,0.0,0.0,0.0,1.0,0.0,0.0,0.0,0.0,0.0,0.0,0.0
5,4,0.0,0.0,0.0,0.0,1.0,0.0,0.0,0.0,0.0,0.0,0.0,0.0
5,4,0.0,0.0,0.0,0.0,1.0,0.0,0.0,0.0,0.0,0.0,0.0,0.0
5,4,0.0,0.0,0.0,0.0,1.0,0.0,0.0,0.0,0.0,0.0,0.0,0.0
5,4,0.0,0.0,0.0,0.0,1.0,0.0,0.0,0.0,0.0,0.0,0.0,0.0
5,4,0.0,0.0,0.0,0.0,1.0,0.0,0.0,0.0,0.0,0.0,0.0,0.0
5,4,0.0,0.0,0.0,0.0,1.0,0.0,0.0,0.0,0.0,0.0,0.0,0.0
5,4,0.0,0.0,0.0,0.0,1.0,0.0,0.0,0.0,0.0,0.0,0.0,0.0
5,4,0.0,0.0,0.0,0.0,1.0,0.0,0.0,0.0,0.0,0.0,0.0,0.0
5,4,0.0,0.0,0.0,0.0,1.0,0.0,0.0,0.0,0.0,0.0,0.0,0.0
5,4,0.0,0.0,0.0,0.0,1.0,0.0,0.0,0.0,0.0,0.0,0.0,0.0
5,4,0.0,0.0,0.0,0.0,1.0,0.0,0.0,0.0,0.0,0.0,0.0,0.0
5,4,0.0,0.0,0.0,0.0,1.0,0.0,0.0,0.0,0.0,0.0,0.0,0.0
5,4,0.0,0.0,0.0,0.0,1.0,0.0,0.0,0.0,0.0,0.0,0.0,0.0
5,4,0.0,0.0,0.0,0.0,0.8624151,0.0,0.0,0.13758495,0.0,0.0,0.0,0.0
5,4,0.0,0.0,0.0,0.0,0.8624151,0.0,0.0,0.13758495,0.0,0.0,0.0,0.0
5,4,0.0,0.0,0.0,0.0,0.8624151,0.0,0.0,0.13758495,0.0,0.0,0.0,0.0
5,4,0.0,0.0,0.0,0.0,0.8624151,0.0,0.0,0.13758495,0.0,0.0,0.0,0.0
5,4,0.0,0.0,0.0,0.0,0.8624151,0.0,0.0,0.13758495,0.0,0.0,0.0,0.0
5,4,0.0,0.0,0.0,0.0,0.8624151,0.0,0.0,0.13758495,0.0,0.0,0.0,0.0
5,4,0.0,0.0,0.0,0.0,0.8624151,0.0,0.0,0.13758495,0.0,0.0,0.0,0.0
5,4,0.0,0.0,0.0,0.0,0.8624151,0.0,0.0,0.13758495,0.0,0.0,0.0,0.0
5,4,0.0,0.0,0.0,0.0,0.8624151,0.0,0.0,0.13758495,0.0,0.0,0.0,0.0
5,4,0.0,0.0,0.0,0.0,0.8624151,0.0,0.0,0.13758495,0.0,0.0,0.0,0.0
5,4,0.0,0.0,0.0,0.0,0.8624151,0.0,0.0,0.13758495,0.0,0.0,0.0,0.0
5,4,0.0,0.0,0.0,0.0,0.8624151,0.0,0.0,0.13758495,0.0,0.0,0.0,0.0
5,4,0.0,0.0,0.0,0.0,0.8624151,0.0,0.0,0.13758495,0.0,0.0,0.0,0.0
5,4,0.0,0.0,0.0,0.0,0.8624151,0.0,0.0,0.13758495,0.0,0.0,0.0,0.0
5,4,0.0,0.0,0.0,0.0,0.8624151,0.0,0.0,0.13758495,0.0,0.0,0.0,0.0
5,4,0.0,0.0,0.0,0.0,0.8624151,0.0,0.0,0.13758495,0.0,0.0,0.0,0.0
5,4,0.0,0.0,0.0,0.0,0.8624151,0.0,0.0,0.13758495,0.0,0.0,0.0,0.0
5,4,0.0,0.0,0.0,0.0,0.8624151,0.0,0.0,0.13758495,0.0,0.0,0.0,0.0
5,4,0.0,0.0,0.0,0.0,0.8624151,0.0,0.0,0.13758495,0.0,0.0,0.0,0.0
5,4,0.0,0.0,0.0,0.0,0.8624151,0.0,0.0,0.13758495,0.0,0.0,0.0,0.0
5,4,0.0,0.0,0.0,0.0,0.8624151,0.0,0.0,0.13758495,0.0,0.0,0.0,0.0
5,4,0.0,0.0,0.0,0.0,0.8624151,0.0,0.0,0.13758495,0.0,0.0,0.0,0.0
5,4,0.0,0.0,0.0,0.0,0.8624151,0.0,0.0,0.13758495,0.0,0.0,0.0,0.0
5,4,0.0,0.0,0.0,0.0,0.8624151,0.0,0.0,0.13758495,0.0,0.0,0.0,0.0
5,4,0.0,0.0,0.0,0.0,0.8624151,0.0,0.0,0.13758495,0.0,0.0,0.0,0.0
5,4,0.0,0.0,0.0,0.0,0.8624151,0.0,0.0,0.13758495,0.0,0.0,0.0,0.0
5,4,0.0,0.0,0.0,0.0,0.8624151,0.0,0.0,0.13758495,0.0,0.0,0.0,0.0
5,4,0.0,0.0,0.0,0.0,0.8624151,0.0,0.0,0.13758495,0.0,0.0,0.0,0.0
5,4,0.0,0.0,0.0,0.0,0.8624151,0.0,0.0,0.13758495,0.0,0.0,0.0,0.0
5,4,0.0,0.0,0.0,0.0,0.8624151,0.0,0.0,0.13758495,0.0,0.0,0.0,0.0
5,4,0.0,0.0,0.0,0.0,0.8624151,0.0,0.0,0.13758495,0.0,0.0,0.0,0.0
5,4,0.0,0.0,0.0,0.0,0.8624151,0.0,0.0,0.13758495,0.0,0.0,0.0,0.0
5,4,0.0,0.0,0.0,0.0,0.8624151,0.0,0.0,0.13758495,0.0,0.0,0.0,0.0
5,4,0.0,0.0,0.0,0.0,0.8624151,0.0,0.0,0.13758495,0.0,0.0,0.0,0.0
5,4,0.0,0.0,0.0,0.0,0.8624151,0.0,0.0,0.13758495,0.0,0.0,0.0,0.0
5,4,0.0,0.0,0.0,0.0,0.8624151,0.0,0.0,0.13758495,0.0,0.0,0.0,0.0
5,4,0.0,0.0,0.0,0.0,0.8624151,0.0,0.0,0.13758495,0.0,0.0,0.0,0.0
5,4,0.0,0.0,0.0,0.0,0.8624151,0.0,0.0,0.13758495,0.0,0.0,0.0,0.0
5,4,0.0,0.0,0.0,0.0,0.8624151,0.0,0.0,0.13758495,0.0,0.0,0.0,0.0
5,4,0.0,0.0,0.0,0.0,0.8624151,0.0,0.0,0.13758495,0.0,0.0,0.0,0.0
5,4,0.0,0.0,0.0,0.0,0.8624151,0.0,0.0,0.13758495,0.0,0.0,0.0,0.0
5,4,0.0,0.0,0.0,0.0,0.8624151,0.0,0.0,0.13758495,0.0,0.0,0.0,0.0
5,4,0.0,0.0,0.0,0.0,0.8624151,0.0,0.0,0.13758495,0.0,0.0,0.0,0.0
5,4,0.0,0.0,0.0,0.0,0.8624151,0.0,0.0,0.13758495,0.0,0.0,0.0,0.0
5,4,0.0,0.0,0.0,0.0,0.8624151,0.0,0.0,0.13758495,0.0,0.0,0.0,0.0
5,4,0.0,0.0,0.0,0.0,0.8624151,0.0,0.0,0.13758495,0.0,0.0,0.0,0.0
5,4,0.0,0.0,0.0,0.0,0.8624151,0.0,0.0,0.13758495,0.0,0.0,0.0,0.0
5,4,0.0,0.0,0.0,0.0,0.8624151,0.0,0.0,0.13758495,0.0,0.0,0.0,0.0
5,4,0.0,0.0,0.0,0.0,0.8624151,0.0,0.0,0.13758495,0.0,0.0,0.0,0.0
5,4,0.0,0.0,0.0,0.0,0.8624151,0.0,0.0,0.13758495,0.0,0.0,0.0,0.0
5,4,0.0,0.0,0.0,0.0,0.8624151,0.0,0.0,0.13758495,0.0,0.0,0.0,0.0
5,4,0.0,0.0,0.0,0.0,0.8624151,0.0,0.0,0.13758495,0.0,0.0,0.0,0.0
5,4,0.0,0.0,0.0,0.0,0.8624151,0.0,0.0,0.13758495,0.0,0.0,0.0,0.0
5,4,0.0,0.0,0.0,0.0,0.8624151,0.0,0.0,0.13758495,0.0,0.0,0.0,0.0
5,4,0.0,0.0,0.0,0.0,0.8624151,0.0,0.0,0.13758495,0.0,0.0,0.0,0.0
5,4,0.0,0.0,0.0,0.0,0.8624151,0.0,0.0,0.13758495,0.0,0.0,0.0,0.0
5,4,0.0,0.0,0.0,0.0,0.8624151,0.0,0.0,0.13758495,0.0,0.0,0.0,0.0
5,4,0.0,0.0,0.0,0.0,0.8624151,0.0,0.0,0.13758495,0.0,0.0,0.0,0.0
5,4,0.0,0.0,0.0,0.0,0.8624151,0.0,0.0,0.13758495,0.0,0.0,0.0,0.0
5,4,0.0,0.0,0.0,0.0,0.8624151,0.0,0.0,0.13758495,0.0,0.0,0.0,0.0
5,4,0.0,0.0,0.0,0.0,0.8624151,0.0,0.0,0.13758495,0.0,0.0,0.0,0.0
5,4,0.0,0.0,0.0,0.0,0.8624151,0.0,0.0,0.13758495,0.0,0.0,0.0,0.0
5,4,0.0,0.0,0.0,0.0,0.8624151,0.0,0.0,0.13758495,0.0,0.0,0.0,0.0
5,4,0.0,0.0,0.0,0.0,0.8624151,0.0,0.0,0.13758495,0.0,0.0,0.0,0.0
5,4,0.0,0.0,0.0,0.0,0.8624151,0.0,0.0,0.13758495,0.0,0.0,0.0,0.0
5,4,0.0,0.0,0.0,0.0,0.8624151,0.0,0.0,0.13758495,0.0,0.0,0.0,0.0
5,4,0.0,0.0,0.0,0.0,0.8624151,0.0,0.0,0.13758495,0.0,0.0,0.0,0.0
5,4,0.0,0.0,0.0,0.0,0.8624151,0.0,0.0,0.13758495,0.0,0.0,0.0,0.0
5,4,0.0,0.0,0.0,0.0,0.8624151,0.0,0.0,0.13758495,0.0,0.0,0.0,0.0
5,4,0.0,0.0,0.0,0.0,0.8624151,0.0,0.0,0.13758495,0.0,0.0,0.0,0.0
5,4,0.0,0.0,0.0,0.0,0.8624151,0.0,0.0,0.13758495,0.0,0.0,0.0,0.0
5,4,0.0,0.0,0.0,0.0,0.8624151,0.0,0.0,0.13758495,0.0,0.0,0.0,0.0
5,4,0.0,0.0,0.0,0.0,0.848743,0.0,0.0,0.151257,0.0,0.0,0.0,0.0
5,4,0.0,0.0,0.0,0.0,0.848743,0.0,0.0,0.151257,0.0,0.0,0.0,0.0
5,4,0.0,0.0,0.0,0.0,0.848743,0.0,0.0,0.151257,0.0,0.0,0.0,0.0
5,4,0.0,0.0,0.0,0.0,0.848743,0.0,0.0,0.151257,0.0,0.0,0.0,0.0
5,4,0.0,0.0,0.0,0.0,0.848743,0.0,0.0,0.151257,0.0,0.0,0.0,0.0
5,4,0.0,0.0,0.0,0.0,0.848743,0.0,0.0,0.151257,0.0,0.0,0.0,0.0
5,4,0.0,0.0,0.0,0.0,0.848743,0.0,0.0,0.151257,0.0,0.0,0.0,0.0
5,4,0.0,0.0,0.0,0.0,0.848743,0.0,0.0,0.151257,0.0,0.0,0.0,0.0
5,4,0.0,0.0,0.0,0.0,0.848743,0.0,0.0,0.151257,0.0,0.0,0.0,0.0
5,4,0.0,0.0,0.0,0.0,0.848743,0.0,0.0,0.151257,0.0,0.0,0.0,0.0
5,4,0.0,0.0,0.0,0.0,0.848743,0.0,0.0,0.151257,0.0,0.0,0.0,0.0
5,4,0.0,0.0,0.0,0.0,0.848743,0.0,0.0,0.151257,0.0,0.0,0.0,0.0
5,4,0.0,0.0,0.0,0.0,0.848743,0.0,0.0,0.151257,0.0,0.0,0.0,0.0
5,4,0.0,0.0,0.0,0.0,0.848743,0.0,0.0,0.151257,0.0,0.0,0.0,0.0
5,4,0.0,0.0,0.0,0.0,0.848743,0.0,0.0,0.151257,0.0,0.0,0.0,0.0
5,4,0.0,0.0,0.0,0.0,0.848743,0.0,0.0,0.151257,0.0,0.0,0.0,0.0
5,4,0.0,0.0,0.0,0.0,0.848743,0.0,0.0,0.151257,0.0,0.0,0.0,0.0
5,4,0.0,0.0,0.0,0.0,0.848743,0.0,0.0,0.151257,0.0,0.0,0.0,0.0
5,4,0.0,0.0,0.0,0.0,0.848743,0.0,0.0,0.151257,0.0,0.0,0.0,0.0
5,4,0.0,0.0,0.0,0.0,0.848743,0.0,0.0,0.151257,0.0,0.0,0.0,0.0
5,4,0.0,0.0,0.0,0.0,0.848743,0.0,0.0,0.151257,0.0,0.0,0.0,0.0
5,4,0.0,0.0,0.0,0.0,0.848743,0.0,0.0,0.151257,0.0,0.0,0.0,0.0
5,4,0.0,0.0,0.0,0.0,0.848743,0.0,0.0,0.151257,0.0,0.0,0.0,0.0
5,4,0.0,0.0,0.0,0.0,0.848743,0.0,0.0,0.151257,0.0,0.0,0.0,0.0
5,4,0.0,0.0,0.0,0.0,0.848743,0.0,0.0,0.151257,0.0,0.0,0.0,0.0
5,4,0.0,0.0,0.0,0.0,0.848743,0.0,0.0,0.151257,0.0,0.0,0.0,0.0
5,4,0.0,0.0,0.0,0.0,0.848743,0.0,0.0,0.151257,0.0,0.0,0.0,0.0
5,4,0.0,0.0,0.0,0.0,0.848743,0.0,0.0,0.151257,0.0,0.0,0.0,0.0
5,4,0.0,0.0,0.0,0.0,0.848743,0.0,0.0,0.151257,0.0,0.0,0.0,0.0
5,4,0.0,0.0,0.0,0.0,0.848743,0.0,0.0,0.151257,0.0,0.0,0.0,0.0
5,4,0.0,0.0,0.0,0.0,0.848743,0.0,0.0,0.151257,0.0,0.0,0.0,0.0
5,4,0.0,0.0,0.0,0.0,0.848743,0.0,0.0,0.151257,0.0,0.0,0.0,0.0
5,4,0.0,0.0,0.0,0.0,0.848743,0.0,0.0,0.151257,0.0,0.0,0.0,0.0
5,4,0.0,0.0,0.0,0.0,0.848743,0.0,0.0,0.151257,0.0,0.0,0.0,0.0
5,4,0.0,0.0,0.0,0.0,0.848743,0.0,0.0,0.151257,0.0,0.0,0.0,0.0
5,4,0.0,0.0,0.0,0.0,0.848743,0.0,0.0,0.151257,0.0,0.0,0.0,0.0
5,4,0.0,0.0,0.0,0.0,0.848743,0.0,0.0,0.151257,0.0,0.0,0.0,0.0
5,4,0.0,0.0,0.0,0.0,0.848743,0.0,0.0,0.151257,0.0,0.0,0.0,0.0
5,4,0.0,0.0,0.0,0.0,0.848743,0.0,0.0,0.151257,0.0,0.0,0.0,0.0
5,4,0.0,0.0,0.0,0.0,0.848743,0.0,0.0,0.151257,0.0,0.0,0.0,0.0
5,4,0.0,0.0,0.0,0.0,0.848743,0.0,0.0,0.151257,0.0,0.0,0.0,0.0
5,4,0.0,0.0,0.0,0.0,0.848743,0.0,0.0,0.151257,0.0,0.0,0.0,0.0
5,4,0.0,0.0,0.0,0.0,0.848743,0.0,0.0,0.151257,0.0,0.0,0.0,0.0
5,4,0.0,0.0,0.0,0.0,0.848743,0.0,0.0,0.151257,0.0,0.0,0.0,0.0
5,4,0.0,0.0,0.0,0.0,0.848743,0.0,0.0,0.151257,0.0,0.0,0.0,0.0
5,4,0.0,0.0,0.0,0.0,0.848743,0.0,0.0,0.151257,0.0,0.0,0.0,0.0
5,4,0.0,0.0,0.0,0.0,0.848743,0.0,0.0,0.151257,0.0,0.0,0.0,0.0
5,4,0.0,0.0,0.0,0.0,0.848743,0.0,0.0,0.151257,0.0,0.0,0.0,0.0
5,4,0.0,0.0,0.0,0.0,0.848743,0.0,0.0,0.151257,0.0,0.0,0.0,0.0
5,4,0.0,0.0,0.0,0.0,0.848743,0.0,0.0,0.151257,0.0,0.0,0.0,0.0
5,4,0.0,0.0,0.0,0.0,0.848743,0.0,0.0,0.151257,0.0,0.0,0.0,0.0
5,4,0.0,0.0,0.0,0.0,0.848743,0.0,0.0,0.151257,0.0,0.0,0.0,0.0
5,4,0.0,0.0,0.0,0.0,0.848743,0.0,0.0,0.151257,0.0,0.0,0.0,0.0
5,4,0.0,0.0,0.0,0.0,0.848743,0.0,0.0,0.151257,0.0,0.0,0.0,0.0
5,4,0.0,0.0,0.0,0.0,0.848743,0.0,0.0,0.151257,0.0,0.0,0.0,0.0
5,4,0.0,0.0,0.0,0.0,0.848743,0.0,0.0,0.151257,0.0,0.0,0.0,0.0
5,4,0.0,0.0,0.0,0.0,0.848743,0.0,0.0,0.151257,0.0,0.0,0.0,0.0
5,4,0.0,0.0,0.0,0.0,0.848743,0.0,0.0,0.151257,0.0,0.0,0.0,0.0
5,4,0.0,0.0,0.0,0.0,0.848743,0.0,0.0,0.151257,0.0,0.0,0.0,0.0
5,4,0.0,0.0,0.0,0.0,0.848743,0.0,0.0,0.151257,0.0,0.0,0.0,0.0
5,4,0.0,0.0,0.0,0.0,0.848743,0.0,0.0,0.151257,0.0,0.0,0.0,0.0
5,4,0.0,0.0,0.0,0.0,0.848743,0.0,0.0,0.151257,0.0,0.0,0.0,0.0
5,4,0.0,0.0,0.0,0.0,0.848743,0.0,0.0,0.151257,0.0,0.0,0.0,0.0
5,4,0.0,0.0,0.0,0.0,0.848743,0.0,0.0,0.151257,0.0,0.0,0.0,0.0
5,4,0.0,0.0,0.0,0.0,0.848743,0.0,0.0,0.151257,0.0,0.0,0.0,0.0
5,4,0.0,0.0,0.0,0.0,0.848743,0.0,0.0,0.151257,0.0,0.0,0.0,0.0
5,4,0.0,0.0,0.0,0.0,0.848743,0.0,0.0,0.151257,0.0,0.0,0.0,0.0
5,4,0.0,0.0,0.0,0.0,0.848743,0.0,0.0,0.151257,0.0,0.0,0.0,0.0
5,4,0.0,0.0,0.0,0.0,0.848743,0.0,0.0,0.151257,0.0,0.0,0.0,0.0
5,4,0.0,0.0,0.0,0.0,0.848743,0.0,0.0,0.151257,0.0,0.0,0.0,0.0
5,4,0.0,0.0,0.0,0.0,0.848743,0.0,0.0,0.151257,0.0,0.0,0.0,0.0
5,4,0.0,0.0,0.0,0.0,0.848743,0.0,0.0,0.151257,0.0,0.0,0.0,0.0
5,4,0.0,0.0,0.0,0.0,0.848743,0.0,0.0,0.151257,0.0,0.0,0.0,0.0
5,4,0.0,0.0,0.0,0.0,0.848743,0.0,0.0,0.151257,0.0,0.0,0.0,0.0
5,4,0.0,0.0,0.0,0.0,0.848743,0.0,0.0,0.151257,0.0,0.0,0.0,0.0
5,4,0.0,0.0,0.0,0.0,0.848743,0.0,0.0,0.151257,0.0,0.0,0.0,0.0
5,4,0.0,0.0,0.0,0.0,0.848743,0.0,0.0,0.151257,0.0,0.0,0.0,0.0
5,4,0.0,0.0,0.0,0.0,0.848743,0.0,0.0,0.151257,0.0,0.0,0.0,0.0
5,4,0.0,0.0,0.0,0.0,0.848743,0.0,0.0,0.151257,0.0,0.0,0.0,0.0
5,4,0.0,0.0,0.0,0.0,0.848743,0.0,0.0,0.151257,0.0,0.0,0.0,0.0
5,4,0.0,0.0,0.0,0.0,0.848743,0.0,0.0,0.151257,0.0,0.0,0.0,0.0
5,4,0.0,0.0,0.0,0.0,0.848743,0.0,0.0,0.151257,0.0,0.0,0.0,0.0
5,4,0.0,0.0,0.0,0.0,0.848743,0.0,0.0,0.151257,0.0,0.0,0.0,0.0
5,4,0.0,0.0,0.0,0.0,0.848743,0.0,0.0,0.151257,0.0,0.0,0.0,0.0
5,4,0.0,0.0,0.0,0.0,0.848743,0.0,0.0,0.151257,0.0,0.0,0.0,0.0
5,4,0.0,0.0,0.0,0.0,0.848743,0.0,0.0,0.151257,0.0,0.0,0.0,0.0
5,4,0.0,0.0,0.0,0.0,0.848743,0.0,0.0,0.151257,0.0,0.0,0.0,0.0
5,4,0.0,0.0,0.0,0.0,0.848743,0.0,0.0,0.151257,0.0,0.0,0.0,0.0
5,4,0.0,0.0,0.0,0.0,0.848743,0.0,0.0,0.151257,0.0,0.0,0.0,0.0
5,4,0.0,0.0,0.0,0.0,0.848743,0.0,0.0,0.151257,0.0,0.0,0.0,0.0
5,4,0.0,0.0,0.0,0.0,0.848743,0.0,0.0,0.151257,0.0,0.0,0.0,0.0
5,4,0.0,0.0,0.0,0.0,0.848743,0.0,0.0,0.151257,0.0,0.0,0.0,0.0
5,4,0.0,0.0,0.0,0.0,0.848743,0.0,0.0,0.151257,0.0,0.0,0.0,0.0
5,4,0.0,0.0,0.0,0.0,0.848743,0.0,0.0,0.151257,0.0,0.0,0.0,0.0
5,4,0.0,0.0,0.0,0.0,0.848743,0.0,0.0,0.151257,0.0,0.0,0.0,0.0
5,4,0.0,0.0,0.0,0.0,0.848743,0.0,0.0,0.151257,0.0,0.0,0.0,0.0
5,4,0.0,0.0,0.0,0.0,0.848743,0.0,0.0,0.151257,0.0,0.0,0.0,0.0
5,4,0.0,0.0,0.0,0.0,0.848743,0.0,0.0,0.151257,0.0,0.0,0.0,0.0
5,4,0.0,0.0,0.0,0.0,0.848743,0.0,0.0,0.151257,0.0,0.0,0.0,0.0
5,4,0.0,0.0,0.0,0.0,0.848743,0.0,0.0,0.151257,0.0,0.0,0.0,0.0
5,4,0.0,0.0,0.0,0.0,0.848743,0.0,0.0,0.151257,0.0,0.0,0.0,0.0
5,4,0.0,0.0,0.0,0.0,0.848743,0.0,0.0,0.151257,0.0,0.0,0.0,0.0
5,4,0.0,0.0,0.0,0.0,0.848743,0.0,0.0,0.151257,0.0,0.0,0.0,0.0
5,4,0.0,0.0,0.0,0.0,0.848743,0.0,0.0,0.151257,0.0,0.0,0.0,0.0
5,4,0.0,0.0,0.0,0.0,0.848743,0.0,0.0,0.151257,0.0,0.0,0.0,0.0
5,4,0.0,0.0,0.0,0.0,0.848743,0.0,0.0,0.151257,0.0,0.0,0.0,0.0
5,4,0.0,0.0,0.0,0.0,0.848743,0.0,0.0,0.151257,0.0,0.0,0.0,0.0
5,4,0.0,0.0,0.0,0.0,0.848743,0.0,0.0,0.151257,0.0,0.0,0.0,0.0
5,4,0.0,0.0,0.0,0.0,0.848743,0.0,0.0,0.151257,0.0,0.0,0.0,0.0
5,4,0.0,0.0,0.0,0.0,0.848743,0.0,0.0,0.151257,0.0,0.0,0.0,0.0
5,4,0.0,0.0,0.0,0.0,0.848743,0.0,0.0,0.151257,0.0,0.0,0.0,0.0
5,4,0.0,0.0,0.0,0.0,0.848743,0.0,0.0,0.151257,0.0,0.0,0.0,0.0
5,4,0.0,0.0,0.0,0.0,0.848743,0.0,0.0,0.151257,0.0,0.0,0.0,0.0
5,4,0.0,0.0,0.0,0.0,0.848743,0.0,0.0,0.151257,0.0,0.0,0.0,0.0
5,4,0.0,0.0,0.0,0.0,0.848743,0.0,0.0,0.151257,0.0,0.0,0.0,0.0
5,4,0.0,0.0,0.0,0.0,0.848743,0.0,0.0,0.151257,0.0,0.0,0.0,0.0
5,4,0.0,0.0,0.0,0.0,0.848743,0.0,0.0,0.151257,0.0,0.0,0.0,0.0
5,4,0.0,0.0,0.0,0.0,0.848743,0.0,0.0,0.151257,0.0,0.0,0.0,0.0
5,4,0.0,0.0,0.0,0.0,0.848743,0.0,0.0,0.151257,0.0,0.0,0.0,0.0
5,4,0.0,0.0,0.0,0.0,0.848743,0.0,0.0,0.151257,0.0,0.0,0.0,0.0
5,4,0.0,0.0,0.0,0.0,0.848743,0.0,0.0,0.151257,0.0,0.0,0.0,0.0
5,4,0.0,0.0,0.0,0.0,0.848743,0.0,0.0,0.151257,0.0,0.0,0.0,0.0
5,4,0.0,0.0,0.0,0.0,0.848743,0.0,0.0,0.151257,0.0,0.0,0.0,0.0
5,4,0.0,0.0,0.0,0.0,0.848743,0.0,0.0,0.151257,0.0,0.0,0.0,0.0
5,4,0.0,0.0,0.0,0.0,0.848743,0.0,0.0,0.151257,0.0,0.0,0.0,0.0
5,4,0.0,0.0,0.0,0.0,0.848743,0.0,0.0,0.151257,0.0,0.0,0.0,0.0
5,4,0.0,0.0,0.0,0.0,0.848743,0.0,0.0,0.151257,0.0,0.0,0.0,0.0
5,4,0.0,0.0,0.0,0.0,0.848743,0.0,0.0,0.151257,0.0,0.0,0.0,0.0
5,4,0.0,0.0,0.0,0.0,0.848743,0.0,0.0,0.151257,0.0,0.0,0.0,0.0
5,4,0.0,0.0,0.0,0.0,0.848743,0.0,0.0,0.151257,0.0,0.0,0.0,0.0
5,4,0.0,0.0,0.0,0.0,0.848743,0.0,0.0,0.151257,0.0,0.0,0.0,0.0
5,4,0.0,0.0,0.0,0.0,0.848743,0.0,0.0,0.151257,0.0,0.0,0.0,0.0
5,4,0.0,0.0,0.0,0.0,0.848743,0.0,0.0,0.151257,0.0,0.0,0.0,0.0
5,4,0.0,0.0,0.0,0.0,0.848743,0.0,0.0,0.151257,0.0,0.0,0.0,0.0
5,4,0.0,0.0,0.0,0.0,0.848743,0.0,0.0,0.151257,0.0,0.0,0.0,0.0
5,4,0.0,0.0,0.0,0.0,0.848743,0.0,0.0,0.151257,0.0,0.0,0.0,0.0
5,4,0.0,0.0,0.0,0.0,0.8624151,0.0,0.0,0.13758495,0.0,0.0,0.0,0.0
5,4,0.0,0.0,0.0,0.0,0.8624151,0.0,0.0,0.13758495,0.0,0.0,0.0,0.0
5,4,0.0,0.0,0.0,0.0,0.8624151,0.0,0.0,0.13758495,0.0,0.0,0.0,0.0
5,4,0.0,0.0,0.0,0.0,0.8624151,0.0,0.0,0.13758495,0.0,0.0,0.0,0.0
5,4,0.0,0.0,0.0,0.0,0.8624151,0.0,0.0,0.13758495,0.0,0.0,0.0,0.0
5,4,0.0,0.0,0.0,0.0,0.8624151,0.0,0.0,0.13758495,0.0,0.0,0.0,0.0
5,4,0.0,0.0,0.0,0.0,0.8624151,0.0,0.0,0.13758495,0.0,0.0,0.0,0.0
5,4,0.0,0.0,0.0,0.0,0.8624151,0.0,0.0,0.13758495,0.0,0.0,0.0,0.0
5,4,0.0,0.0,0.0,0.0,0.8624151,0.0,0.0,0.13758495,0.0,0.0,0.0,0.0
5,4,0.0,0.0,0.0,0.0,0.8624151,0.0,0.0,0.13758495,0.0,0.0,0.0,0.0
5,4,0.0,0.0,0.0,0.0,0.8624151,0.0,0.0,0.13758495,0.0,0.0,0.0,0.0
5,4,0.0,0.0,0.0,0.0,0.8624151,0.0,0.0,0.13758495,0.0,0.0,0.0,0.0
5,4,0.0,0.0,0.0,0.0,0.8624151,0.0,0.0,0.13758495,0.0,0.0,0.0,0.0
5,4,0.0,0.0,0.0,0.0,0.8624151,0.0,0.0,0.13758495,0.0,0.0,0.0,0.0
5,4,0.0,0.0,0.0,0.0,0.8624151,0.0,0.0,0.13758495,0.0,0.0,0.0,0.0
5,4,0.0,0.0,0.0,0.0,0.8624151,0.0,0.0,0.13758495,0.0,0.0,0.0,0.0
5,4,0.0,0.0,0.0,0.03997886,0.8224362,0.0,0.0,0.13758497,0.0,0.0,0.0,0.0
5,4,0.0,0.0,0.0,0.03997886,0.8224362,0.0,0.0,0.13758497,0.0,0.0,0.0,0.0
5,4,0.0,0.0,0.0,0.03997886,0.8224362,0.0,0.0,0.13758497,0.0,0.0,0.0,0.0
5,4,0.0,0.0,0.0,0.03997886,0.8224362,0.0,0.0,0.13758497,0.0,0.0,0.0,0.0
5,4,0.0,0.0,0.0,0.03997886,0.8224362,0.0,0.0,0.13758497,0.0,0.0,0.0,0.0
5,4,0.0,0.0,0.0,0.03997886,0.8224362,0.0,0.0,0.13758497,0.0,0.0,0.0,0.0
5,4,0.0,0.0,0.0,0.03997886,0.8224362,0.0,0.0,0.13758497,0.0,0.0,0.0,0.0
5,4,0.0,0.0,0.0,0.03997886,0.8224362,0.0,0.0,0.13758497,0.0,0.0,0.0,0.0
5,4,0.0,0.0,0.0,0.03997886,0.8224362,0.0,0.0,0.13758497,0.0,0.0,0.0,0.0
5,4,0.0,0.0,0.0,0.03997886,0.8224362,0.0,0.0,0.13758497,0.0,0.0,0.0,0.0
5,4,0.0,0.0,0.0,0.03997886,0.8224362,0.0,0.0,0.13758497,0.0,0.0,0.0,0.0
5,4,0.0,0.0,0.0,0.03997886,0.8224362,0.0,0.0,0.13758497,0.0,0.0,0.0,0.0
5,4,0.0,0.0,0.0,0.03997886,0.8224362,0.0,0.0,0.13758497,0.0,0.0,0.0,0.0
5,4,0.0,0.0,0.0,0.03997886,0.8224362,0.0,0.0,0.13758497,0.0,0.0,0.0,0.0
5,4,0.0,0.0,0.0,0.03997886,0.8224362,0.0,0.0,0.13758497,0.0,0.0,0.0,0.0
5,4,0.0,0.0,0.0,0.03997886,0.8224362,0.0,0.0,0.13758497,0.0,0.0,0.0,0.0
5,4,0.0,0.0,0.0,0.03997886,0.8224362,0.0,0.0,0.13758497,0.0,0.0,0.0,0.0
5,4,0.0,0.0,0.0,0.03997886,0.8224362,0.0,0.0,0.13758497,0.0,0.0,0.0,0.0
5,4,0.0,0.0,0.0,0.03997886,0.8224362,0.0,0.0,0.13758497,0.0,0.0,0.0,0.0
5,4,0.0,0.0,0.0,0.03997886,0.8224362,0.0,0.0,0.13758497,0.0,0.0,0.0,0.0
5,4,0.0,0.0,0.0,0.03997886,0.8224362,0.0,0.0,0.13758497,0.0,0.0,0.0,0.0
5,4,0.0,0.0,0.0,0.03997886,0.8224362,0.0,0.0,0.13758497,0.0,0.0,0.0,0.0
5,4,0.0,0.0,0.0,0.03997886,0.8224362,0.0,0.0,0.13758497,0.0,0.0,0.0,0.0
5,4,0.0,0.0,0.0,0.03997886,0.8224362,0.0,0.0,0.13758497,0.0,0.0,0.0,0.0
5,4,0.0,0.0,0.0,0.03997886,0.8224362,0.0,0.0,0.13758497,0.0,0.0,0.0,0.0
5,4,0.0,0.0,0.0,0.03997886,0.8224362,0.0,0.0,0.13758497,0.0,0.0,0.0,0.0
5,4,0.0,0.0,0.0,0.03997886,0.8224362,0.0,0.0,0.13758497,0.0,0.0,0.0,0.0
5,4,0.0,0.0,0.0,0.03997886,0.8224362,0.0,0.0,0.13758497,0.0,0.0,0.0,0.0
5,4,0.0,0.0,0.0,0.03997886,0.8224362,0.0,0.0,0.13758497,0.0,0.0,0.0,0.0
5,4,0.0,0.0,0.0,0.03997886,0.8224362,0.0,0.0,0.13758497,0.0,0.0,0.0,0.0
5,4,0.0,0.0,0.0,0.03997886,0.8224362,0.0,0.0,0.13758497,0.0,0.0,0.0,0.0
5,4,0.0,0.0,0.0,0.03997886,0.8224362,0.0,0.0,0.13758497,0.0,0.0,0.0,0.0
5,4,0.0,0.0,0.0,0.039978858,0.96002114,0.0,0.0,0.0,0.0,0.0,0.0,0.0
5,4,0.0,0.0,0.0,0.039978858,0.96002114,0.0,0.0,0.0,0.0,0.0,0.0,0.0
5,4,0.0,0.0,0.0,0.039978858,0.96002114,0.0,0.0,0.0,0.0,0.0,0.0,0.0
5,4,0.0,0.0,0.0,0.039978858,0.96002114,0.0,0.0,0.0,0.0,0.0,0.0,0.0
5,4,0.0,0.0,0.0,0.039978858,0.96002114,0.0,0.0,0.0,0.0,0.0,0.0,0.0
5,4,0.0,0.0,0.0,0.039978858,0.96002114,0.0,0.0,0.0,0.0,0.0,0.0,0.0
5,4,0.0,0.0,0.0,0.039978858,0.96002114,0.0,0.0,0.0,0.0,0.0,0.0,0.0
5,4,0.0,0.0,0.0,0.039978858,0.96002114,0.0,0.0,0.0,0.0,0.0,0.0,0.0
5,4,0.0,0.0,0.0,0.039978858,0.96002114,0.0,0.0,0.0,0.0,0.0,0.0,0.0
5,4,0.0,0.0,0.0,0.039978858,0.96002114,0.0,0.0,0.0,0.0,0.0,0.0,0.0
5,4,0.0,0.0,0.0,0.039978858,0.96002114,0.0,0.0,0.0,0.0,0.0,0.0,0.0
5,4,0.0,0.0,0.0,0.039978858,0.96002114,0.0,0.0,0.0,0.0,0.0,0.0,0.0
5,4,0.0,0.0,0.0,0.039978858,0.96002114,0.0,0.0,0.0,0.0,0.0,0.0,0.0
5,4,0.0,0.0,0.0,0.039978858,0.96002114,0.0,0.0,0.0,0.0,0.0,0.0,0.0
5,4,0.0,0.0,0.0,0.039978858,0.96002114,0.0,0.0,0.0,0.0,0.0,0.0,0.0
5,4,0.0,0.0,0.0,0.039978858,0.96002114,0.0,0.0,0.0,0.0,0.0,0.0,0.0
5,4,0.0,0.0,0.0,0.039978858,0.96002114,0.0,0.0,0.0,0.0,0.0,0.0,0.0
5,4,0.0,0.0,0.0,0.039978858,0.96002114,0.0,0.0,0.0,0.0,0.0,0.0,0.0
5,4,0.0,0.0,0.0,0.039978858,0.96002114,0.0,0.0,0.0,0.0,0.0,0.0,0.0
5,4,0.0,0.0,0.0,0.039978858,0.96002114,0.0,0.0,0.0,0.0,0.0,0.0,0.0
5,4,0.0,0.0,0.0,0.039978858,0.96002114,0.0,0.0,0.0,0.0,0.0,0.0,0.0
5,4,0.0,0.0,0.0,0.039978858,0.96002114,0.0,0.0,0.0,0.0,0.0,0.0,0.0
5,4,0.0,0.0,0.0,0.039978858,0.96002114,0.0,0.0,0.0,0.0,0.0,0.0,0.0
5,4,0.0,0.0,0.0,0.039978858,0.96002114,0.0,0.0,0.0,0.0,0.0,0.0,0.0
5,4,0.0,0.0,0.0,0.039978858,0.96002114,0.0,0.0,0.0,0.0,0.0,0.0,0.0
5,4,0.0,0.0,0.0,0.039978858,0.96002114,0.0,0.0,0.0,0.0,0.0,0.0,0.0
5,4,0.0,0.0,0.0,0.039978858,0.96002114,0.0,0.0,0.0,0.0,0.0,0.0,0.0
5,4,0.0,0.0,0.0,0.039978858,0.96002114,0.0,0.0,0.0,0.0,0.0,0.0,0.0
5,4,0.0,0.0,0.0,0.039978858,0.96002114,0.0,0.0,0.0,0.0,0.0,0.0,0.0
5,4,0.0,0.0,0.0,0.039978858,0.96002114,0.0,0.0,0.0,0.0,0.0,0.0,0.0
5,4,0.0,0.0,0.0,0.039978858,0.96002114,0.0,0.0,0.0,0.0,0.0,0.0,0.0
5,4,0.0,0.0,0.0,0.039978858,0.96002114,0.0,0.0,0.0,0.0,0.0,0.0,0.0
5,4,0.0,0.0,0.0,0.039978858,0.96002114,0.0,0.0,0.0,0.0,0.0,0.0,0.0
5,4,0.0,0.0,0.0,0.039978858,0.96002114,0.0,0.0,0.0,0.0,0.0,0.0,0.0
5,4,0.0,0.0,0.0,0.039978858,0.96002114,0.0,0.0,0.0,0.0,0.0,0.0,0.0
5,4,0.0,0.0,0.0,0.039978858,0.96002114,0.0,0.0,0.0,0.0,0.0,0.0,0.0
5,4,0.0,0.0,0.0,0.039978858,0.96002114,0.0,0.0,0.0,0.0,0.0,0.0,0.0
5,4,0.0,0.0,0.0,0.039978858,0.96002114,0.0,0.0,0.0,0.0,0.0,0.0,0.0
5,4,0.0,0.0,0.0,0.039978858,0.96002114,0.0,0.0,0.0,0.0,0.0,0.0,0.0
5,4,0.0,0.0,0.0,0.039978858,0.96002114,0.0,0.0,0.0,0.0,0.0,0.0,0.0
5,4,0.0,0.0,0.0,0.039978858,0.96002114,0.0,0.0,0.0,0.0,0.0,0.0,0.0
5,4,0.0,0.0,0.0,0.039978858,0.96002114,0.0,0.0,0.0,0.0,0.0,0.0,0.0
5,4,0.0,0.0,0.0,0.039978858,0.96002114,0.0,0.0,0.0,0.0,0.0,0.0,0.0
5,4,0.0,0.0,0.0,0.039978858,0.96002114,0.0,0.0,0.0,0.0,0.0,0.0,0.0
5,4,0.0,0.0,0.0,0.039978858,0.96002114,0.0,0.0,0.0,0.0,0.0,0.0,0.0
5,4,0.0,0.0,0.0,0.039978858,0.96002114,0.0,0.0,0.0,0.0,0.0,0.0,0.0
5,4,0.0,0.0,0.0,0.039978858,0.96002114,0.0,0.0,0.0,0.0,0.0,0.0,0.0
5,4,0.0,0.0,0.0,0.039978858,0.96002114,0.0,0.0,0.0,0.0,0.0,0.0,0.0
5,4,0.0,0.0,0.0,0.039978858,0.96002114,0.0,0.0,0.0,0.0,0.0,0.0,0.0
5,4,0.0,0.0,0.0,0.039978858,0.96002114,0.0,0.0,0.0,0.0,0.0,0.0,0.0
5,4,0.0,0.0,0.0,0.039978858,0.96002114,0.0,0.0,0.0,0.0,0.0,0.0,0.0
5,4,0.0,0.0,0.0,0.039978858,0.96002114,0.0,0.0,0.0,0.0,0.0,0.0,0.0
5,4,0.0,0.0,0.0,0.039978858,0.96002114,0.0,0.0,0.0,0.0,0.0,0.0,0.0
5,4,0.0,0.0,0.0,0.039978858,0.96002114,0.0,0.0,0.0,0.0,0.0,0.0,0.0
5,4,0.0,0.0,0.0,0.039978858,0.96002114,0.0,0.0,0.0,0.0,0.0,0.0,0.0
5,4,0.0,0.0,0.0,0.039978858,0.96002114,0.0,0.0,0.0,0.0,0.0,0.0,0.0
5,4,0.0,0.0,0.0,0.039978858,0.96002114,0.0,0.0,0.0,0.0,0.0,0.0,0.0
5,4,0.0,0.0,0.0,0.039978858,0.96002114,0.0,0.0,0.0,0.0,0.0,0.0,0.0
5,4,0.0,0.0,0.0,0.039978858,0.96002114,0.0,0.0,0.0,0.0,0.0,0.0,0.0
5,4,0.0,0.0,0.0,0.039978858,0.96002114,0.0,0.0,0.0,0.0,0.0,0.0,0.0
5,4,0.0,0.0,0.0,0.039978858,0.96002114,0.0,0.0,0.0,0.0,0.0,0.0,0.0
5,4,0.0,0.0,0.0,0.039978858,0.96002114,0.0,0.0,0.0,0.0,0.0,0.0,0.0
5,4,0.0,0.0,0.0,0.039978858,0.96002114,0.0,0.0,0.0,0.0,0.0,0.0,0.0
5,4,0.0,0.0,0.0,0.039978858,0.96002114,0.0,0.0,0.0,0.0,0.0,0.0,0.0
5,4,0.026513781,0.0,0.0,0.039978858,0.9335074,0.0,0.0,0.0,0.0,0.0,0.0,0.0
5,4,0.026513781,0.0,0.0,0.039978858,0.9335074,0.0,0.0,0.0,0.0,0.0,0.0,0.0
5,4,0.026513781,0.0,0.0,0.039978858,0.9335074,0.0,0.0,0.0,0.0,0.0,0.0,0.0
5,4,0.026513781,0.0,0.0,0.039978858,0.9335074,0.0,0.0,0.0,0.0,0.0,0.0,0.0
5,4,0.026513781,0.0,0.0,0.039978858,0.9335074,0.0,0.0,0.0,0.0,0.0,0.0,0.0
5,4,0.026513781,0.0,0.0,0.039978858,0.9335074,0.0,0.0,0.0,0.0,0.0,0.0,0.0
5,4,0.026513781,0.0,0.0,0.039978858,0.9335074,0.0,0.0,0.0,0.0,0.0,0.0,0.0
5,4,0.026513781,0.0,0.0,0.039978858,0.9335074,0.0,0.0,0.0,0.0,0.0,0.0,0.0
5,4,0.026513781,0.0,0.0,0.039978858,0.9335074,0.0,0.0,0.0,0.0,0.0,0.0,0.0
5,4,0.026513781,0.0,0.0,0.039978858,0.9335074,0.0,0.0,0.0,0.0,0.0,0.0,0.0
5,4,0.026513781,0.0,0.0,0.039978858,0.9335074,0.0,0.0,0.0,0.0,0.0,0.0,0.0
5,4,0.026513781,0.0,0.0,0.039978858,0.9335074,0.0,0.0,0.0,0.0,0.0,0.0,0.0
5,4,0.026513781,0.0,0.0,0.039978858,0.9335074,0.0,0.0,0.0,0.0,0.0,0.0,0.0
5,4,0.026513781,0.0,0.0,0.039978858,0.9335074,0.0,0.0,0.0,0.0,0.0,0.0,0.0
5,4,0.026513781,0.0,0.0,0.039978858,0.9335074,0.0,0.0,0.0,0.0,0.0,0.0,0.0
5,4,0.026513781,0.0,0.0,0.039978858,0.9335074,0.0,0.0,0.0,0.0,0.0,0.0,0.0
5,4,0.026513781,0.0,0.0,0.039978858,0.9335074,0.0,0.0,0.0,0.0,0.0,0.0,0.0
5,4,0.026513781,0.0,0.0,0.039978858,0.9335074,0.0,0.0,0.0,0.0,0.0,0.0,0.0
5,4,0.026513781,0.0,0.0,0.039978858,0.9335074,0.0,0.0,0.0,0.0,0.0,0.0,0.0
5,4,0.026513781,0.0,0.0,0.039978858,0.9335074,0.0,0.0,0.0,0.0,0.0,0.0,0.0
5,4,0.026513781,0.0,0.0,0.039978858,0.9335074,0.0,0.0,0.0,0.0,0.0,0.0,0.0
5,4,0.026513781,0.0,0.0,0.039978858,0.9335074,0.0,0.0,0.0,0.0,0.0,0.0,0.0
5,4,0.026513781,0.0,0.0,0.039978858,0.9335074,0.0,0.0,0.0,0.0,0.0,0.0,0.0
5,4,0.026513781,0.0,0.0,0.039978858,0.9335074,0.0,0.0,0.0,0.0,0.0,0.0,0.0
5,4,0.026513781,0.0,0.0,0.039978858,0.9335074,0.0,0.0,0.0,0.0,0.0,0.0,0.0
5,4,0.026513781,0.0,0.0,0.039978858,0.9335074,0.0,0.0,0.0,0.0,0.0,0.0,0.0
5,4,0.026513781,0.0,0.0,0.039978858,0.9335074,0.0,0.0,0.0,0.0,0.0,0.0,0.0
5,4,0.026513781,0.0,0.0,0.039978858,0.9335074,0.0,0.0,0.0,0.0,0.0,0.0,0.0
5,4,0.026513781,0.0,0.0,0.039978858,0.9335074,0.0,0.0,0.0,0.0,0.0,0.0,0.0
5,4,0.026513781,0.0,0.0,0.039978858,0.9335074,0.0,0.0,0.0,0.0,0.0,0.0,0.0
5,4,0.026513781,0.0,0.0,0.039978858,0.9335074,0.0,0.0,0.0,0.0,0.0,0.0,0.0
5,4,0.026513781,0.0,0.0,0.039978858,0.9335074,0.0,0.0,0.0,0.0,0.0,0.0,0.0
5,4,0.0,0.0,0.0,0.039978858,0.96002114,0.0,0.0,0.0,0.0,0.0,0.0,0.0
5,4,0.0,0.0,0.0,0.039978858,0.96002114,0.0,0.0,0.0,0.0,0.0,0.0,0.0
5,4,0.0,0.0,0.0,0.039978858,0.96002114,0.0,0.0,0.0,0.0,0.0,0.0,0.0
5,4,0.0,0.0,0.0,0.039978858,0.96002114,0.0,0.0,0.0,0.0,0.0,0.0,0.0
5,4,0.0,0.0,0.0,0.039978858,0.96002114,0.0,0.0,0.0,0.0,0.0,0.0,0.0
5,4,0.0,0.0,0.0,0.039978858,0.96002114,0.0,0.0,0.0,0.0,0.0,0.0,0.0
5,4,0.0,0.0,0.0,0.039978858,0.96002114,0.0,0.0,0.0,0.0,0.0,0.0,0.0
5,4,0.0,0.0,0.0,0.039978858,0.96002114,0.0,0.0,0.0,0.0,0.0,0.0,0.0
5,4,0.0,0.0,0.0,0.039978858,0.96002114,0.0,0.0,0.0,0.0,0.0,0.0,0.0
5,4,0.0,0.0,0.0,0.039978858,0.96002114,0.0,0.0,0.0,0.0,0.0,0.0,0.0
5,4,0.0,0.0,0.0,0.039978858,0.96002114,0.0,0.0,0.0,0.0,0.0,0.0,0.0
5,4,0.0,0.0,0.0,0.039978858,0.96002114,0.0,0.0,0.0,0.0,0.0,0.0,0.0
5,4,0.0,0.0,0.0,0.039978858,0.96002114,0.0,0.0,0.0,0.0,0.0,0.0,0.0
5,4,0.0,0.0,0.0,0.039978858,0.96002114,0.0,0.0,0.0,0.0,0.0,0.0,0.0
5,4,0.0,0.0,0.0,0.039978858,0.96002114,0.0,0.0,0.0,0.0,0.0,0.0,0.0
5,4,0.0,0.0,0.0,0.039978858,0.96002114,0.0,0.0,0.0,0.0,0.0,0.0,0.0
5,4,0.0,0.0,0.0,0.039978858,0.96002114,0.0,0.0,0.0,0.0,0.0,0.0,0.0
5,4,0.0,0.0,0.0,0.039978858,0.96002114,0.0,0.0,0.0,0.0,0.0,0.0,0.0
5,4,0.0,0.0,0.0,0.039978858,0.96002114,0.0,0.0,0.0,0.0,0.0,0.0,0.0
5,4,0.0,0.0,0.0,0.039978858,0.96002114,0.0,0.0,0.0,0.0,0.0,0.0,0.0
5,4,0.0,0.0,0.0,0.039978858,0.96002114,0.0,0.0,0.0,0.0,0.0,0.0,0.0
5,4,0.0,0.0,0.0,0.039978858,0.96002114,0.0,0.0,0.0,0.0,0.0,0.0,0.0
5,4,0.0,0.0,0.0,0.039978858,0.96002114,0.0,0.0,0.0,0.0,0.0,0.0,0.0
5,4,0.0,0.0,0.0,0.039978858,0.96002114,0.0,0.0,0.0,0.0,0.0,0.0,0.0
5,4,0.0,0.0,0.0,0.039978858,0.96002114,0.0,0.0,0.0,0.0,0.0,0.0,0.0
5,4,0.0,0.0,0.0,0.039978858,0.96002114,0.0,0.0,0.0,0.0,0.0,0.0,0.0
5,4,0.0,0.0,0.0,0.039978858,0.96002114,0.0,0.0,0.0,0.0,0.0,0.0,0.0
5,4,0.0,0.0,0.0,0.039978858,0.96002114,0.0,0.0,0.0,0.0,0.0,0.0,0.0
5,4,0.0,0.0,0.0,0.039978858,0.96002114,0.0,0.0,0.0,0.0,0.0,0.0,0.0
5,4,0.0,0.0,0.0,0.039978858,0.96002114,0.0,0.0,0.0,0.0,0.0,0.0,0.0
5,4,0.0,0.0,0.0,0.039978858,0.96002114,0.0,0.0,0.0,0.0,0.0,0.0,0.0
5,4,0.0,0.0,0.0,0.039978858,0.96002114,0.0,0.0,0.0,0.0,0.0,0.0,0.0
5,4,0.0,0.0,0.0,0.039978858,0.96002114,0.0,0.0,0.0,0.0,0.0,0.0,0.0
5,4,0.0,0.0,0.0,0.039978858,0.96002114,0.0,0.0,0.0,0.0,0.0,0.0,0.0
5,4,0.0,0.0,0.0,0.039978858,0.96002114,0.0,0.0,0.0,0.0,0.0,0.0,0.0
5,4,0.0,0.0,0.0,0.039978858,0.96002114,0.0,0.0,0.0,0.0,0.0,0.0,0.0
5,4,0.0,0.0,0.0,0.039978858,0.96002114,0.0,0.0,0.0,0.0,0.0,0.0,0.0
5,4,0.0,0.0,0.0,0.039978858,0.96002114,0.0,0.0,0.0,0.0,0.0,0.0,0.0
5,4,0.0,0.0,0.0,0.039978858,0.96002114,0.0,0.0,0.0,0.0,0.0,0.0,0.0
5,4,0.0,0.0,0.0,0.039978858,0.96002114,0.0,0.0,0.0,0.0,0.0,0.0,0.0
5,4,0.0,0.0,0.0,0.039978858,0.96002114,0.0,0.0,0.0,0.0,0.0,0.0,0.0
5,4,0.0,0.0,0.0,0.039978858,0.96002114,0.0,0.0,0.0,0.0,0.0,0.0,0.0
5,4,0.0,0.0,0.0,0.039978858,0.96002114,0.0,0.0,0.0,0.0,0.0,0.0,0.0
5,4,0.0,0.0,0.0,0.039978858,0.96002114,0.0,0.0,0.0,0.0,0.0,0.0,0.0
5,4,0.0,0.0,0.0,0.039978858,0.96002114,0.0,0.0,0.0,0.0,0.0,0.0,0.0
5,4,0.0,0.0,0.0,0.039978858,0.96002114,0.0,0.0,0.0,0.0,0.0,0.0,0.0
5,4,0.0,0.0,0.0,0.039978858,0.96002114,0.0,0.0,0.0,0.0,0.0,0.0,0.0
5,4,0.0,0.0,0.0,0.039978858,0.96002114,0.0,0.0,0.0,0.0,0.0,0.0,0.0
5,4,0.0,0.0,0.0,0.039978858,0.96002114,0.0,0.0,0.0,0.0,0.0,0.0,0.0
5,4,0.0,0.0,0.0,0.039978858,0.96002114,0.0,0.0,0.0,0.0,0.0,0.0,0.0
5,4,0.0,0.0,0.0,0.039978858,0.96002114,0.0,0.0,0.0,0.0,0.0,0.0,0.0
5,4,0.0,0.0,0.0,0.039978858,0.96002114,0.0,0.0,0.0,0.0,0.0,0.0,0.0
5,4,0.0,0.0,0.0,0.039978858,0.96002114,0.0,0.0,0.0,0.0,0.0,0.0,0.0
5,4,0.0,0.0,0.0,0.039978858,0.96002114,0.0,0.0,0.0,0.0,0.0,0.0,0.0
5,4,0.0,0.0,0.0,0.039978858,0.96002114,0.0,0.0,0.0,0.0,0.0,0.0,0.0
5,4,0.0,0.0,0.0,0.039978858,0.96002114,0.0,0.0,0.0,0.0,0.0,0.0,0.0
5,4,0.0,0.0,0.0,0.039978858,0.96002114,0.0,0.0,0.0,0.0,0.0,0.0,0.0
5,4,0.0,0.0,0.0,0.039978858,0.96002114,0.0,0.0,0.0,0.0,0.0,0.0,0.0
5,4,0.0,0.0,0.0,0.039978858,0.96002114,0.0,0.0,0.0,0.0,0.0,0.0,0.0
5,4,0.0,0.0,0.0,0.039978858,0.96002114,0.0,0.0,0.0,0.0,0.0,0.0,0.0
5,4,0.0,0.0,0.0,0.039978858,0.96002114,0.0,0.0,0.0,0.0,0.0,0.0,0.0
5,4,0.0,0.0,0.0,0.039978858,0.96002114,0.0,0.0,0.0,0.0,0.0,0.0,0.0
5,4,0.0,0.0,0.0,0.039978858,0.96002114,0.0,0.0,0.0,0.0,0.0,0.0,0.0
5,4,0.0,0.0,0.0,0.039978858,0.96002114,0.0,0.0,0.0,0.0,0.0,0.0,0.0
5,4,0.026513781,0.0,0.0,0.039978858,0.9335074,0.0,0.0,0.0,0.0,0.0,0.0,0.0
5,4,0.026513781,0.0,0.0,0.039978858,0.9335074,0.0,0.0,0.0,0.0,0.0,0.0,0.0
5,4,0.026513781,0.0,0.0,0.039978858,0.9335074,0.0,0.0,0.0,0.0,0.0,0.0,0.0
5,4,0.026513781,0.0,0.0,0.039978858,0.9335074,0.0,0.0,0.0,0.0,0.0,0.0,0.0
5,4,0.026513781,0.0,0.0,0.039978858,0.9335074,0.0,0.0,0.0,0.0,0.0,0.0,0.0
5,4,0.026513781,0.0,0.0,0.039978858,0.9335074,0.0,0.0,0.0,0.0,0.0,0.0,0.0
5,4,0.026513781,0.0,0.0,0.039978858,0.9335074,0.0,0.0,0.0,0.0,0.0,0.0,0.0
5,4,0.026513781,0.0,0.0,0.039978858,0.9335074,0.0,0.0,0.0,0.0,0.0,0.0,0.0
5,4,0.026513781,0.0,0.0,0.039978858,0.9335074,0.0,0.0,0.0,0.0,0.0,0.0,0.0
5,4,0.026513781,0.0,0.0,0.039978858,0.9335074,0.0,0.0,0.0,0.0,0.0,0.0,0.0
5,4,0.026513781,0.0,0.0,0.039978858,0.9335074,0.0,0.0,0.0,0.0,0.0,0.0,0.0
5,4,0.026513781,0.0,0.0,0.039978858,0.9335074,0.0,0.0,0.0,0.0,0.0,0.0,0.0
5,4,0.026513781,0.0,0.0,0.039978858,0.9335074,0.0,0.0,0.0,0.0,0.0,0.0,0.0
5,4,0.026513781,0.0,0.0,0.039978858,0.9335074,0.0,0.0,0.0,0.0,0.0,0.0,0.0
5,4,0.026513781,0.0,0.0,0.039978858,0.9335074,0.0,0.0,0.0,0.0,0.0,0.0,0.0
5,4,0.026513781,0.0,0.0,0.039978858,0.9335074,0.0,0.0,0.0,0.0,0.0,0.0,0.0
5,4,0.026513781,0.0,0.0,0.039978858,0.9335074,0.0,0.0,0.0,0.0,0.0,0.0,0.0
5,4,0.026513781,0.0,0.0,0.039978858,0.9335074,0.0,0.0,0.0,0.0,0.0,0.0,0.0
5,4,0.026513781,0.0,0.0,0.039978858,0.9335074,0.0,0.0,0.0,0.0,0.0,0.0,0.0
5,4,0.026513781,0.0,0.0,0.039978858,0.9335074,0.0,0.0,0.0,0.0,0.0,0.0,0.0
5,4,0.026513781,0.0,0.0,0.039978858,0.9335074,0.0,0.0,0.0,0.0,0.0,0.0,0.0
5,4,0.026513781,0.0,0.0,0.039978858,0.9335074,0.0,0.0,0.0,0.0,0.0,0.0,0.0
5,4,0.026513781,0.0,0.0,0.039978858,0.9335074,0.0,0.0,0.0,0.0,0.0,0.0,0.0
5,4,0.026513781,0.0,0.0,0.039978858,0.9335074,0.0,0.0,0.0,0.0,0.0,0.0,0.0
5,4,0.026513781,0.0,0.0,0.039978858,0.9335074,0.0,0.0,0.0,0.0,0.0,0.0,0.0
5,4,0.026513781,0.0,0.0,0.039978858,0.9335074,0.0,0.0,0.0,0.0,0.0,0.0,0.0
5,4,0.026513781,0.0,0.0,0.039978858,0.9335074,0.0,0.0,0.0,0.0,0.0,0.0,0.0
5,4,0.026513781,0.0,0.0,0.039978858,0.9335074,0.0,0.0,0.0,0.0,0.0,0.0,0.0
5,4,0.026513781,0.0,0.0,0.039978858,0.9335074,0.0,0.0,0.0,0.0,0.0,0.0,0.0
5,4,0.026513781,0.0,0.0,0.039978858,0.9335074,0.0,0.0,0.0,0.0,0.0,0.0,0.0
5,4,0.026513781,0.0,0.0,0.039978858,0.9335074,0.0,0.0,0.0,0.0,0.0,0.0,0.0
5,4,0.026513781,0.0,0.0,0.039978858,0.9335074,0.0,0.0,0.0,0.0,0.0,0.0,0.0
5,4,0.0,0.0,0.0,0.0,1.0,0.0,0.0,0.0,0.0,0.0,0.0,0.0
5,4,0.0,0.0,0.0,0.0,1.0,0.0,0.0,0.0,0.0,0.0,0.0,0.0
5,4,0.0,0.0,0.0,0.0,1.0,0.0,0.0,0.0,0.0,0.0,0.0,0.0
5,4,0.0,0.0,0.0,0.0,1.0,0.0,0.0,0.0,0.0,0.0,0.0,0.0
5,4,0.0,0.0,0.0,0.0,1.0,0.0,0.0,0.0,0.0,0.0,0.0,0.0
5,4,0.0,0.0,0.0,0.0,1.0,0.0,0.0,0.0,0.0,0.0,0.0,0.0
5,4,0.0,0.0,0.0,0.0,1.0,0.0,0.0,0.0,0.0,0.0,0.0,0.0
5,4,0.0,0.0,0.0,0.0,1.0,0.0,0.0,0.0,0.0,0.0,0.0,0.0
5,4,0.0,0.0,0.0,0.0,1.0,0.0,0.0,0.0,0.0,0.0,0.0,0.0
5,4,0.0,0.0,0.0,0.0,1.0,0.0,0.0,0.0,0.0,0.0,0.0,0.0
5,4,0.0,0.0,0.0,0.0,1.0,0.0,0.0,0.0,0.0,0.0,0.0,0.0
5,4,0.0,0.0,0.0,0.0,1.0,0.0,0.0,0.0,0.0,0.0,0.0,0.0
5,4,0.0,0.0,0.0,0.0,1.0,0.0,0.0,0.0,0.0,0.0,0.0,0.0
5,4,0.0,0.0,0.0,0.0,1.0,0.0,0.0,0.0,0.0,0.0,0.0,0.0
5,4,0.0,0.0,0.0,0.0,1.0,0.0,0.0,0.0,0.0,0.0,0.0,0.0
5,4,0.0,0.0,0.0,0.0,1.0,0.0,0.0,0.0,0.0,0.0,0.0,0.0
5,4,0.0,0.0,0.0,0.0,1.0,0.0,0.0,0.0,0.0,0.0,0.0,0.0
5,4,0.0,0.0,0.0,0.0,1.0,0.0,0.0,0.0,0.0,0.0,0.0,0.0
5,4,0.0,0.0,0.0,0.0,1.0,0.0,0.0,0.0,0.0,0.0,0.0,0.0
5,4,0.0,0.0,0.0,0.0,1.0,0.0,0.0,0.0,0.0,0.0,0.0,0.0
5,4,0.0,0.0,0.0,0.0,1.0,0.0,0.0,0.0,0.0,0.0,0.0,0.0
5,4,0.0,0.0,0.0,0.0,1.0,0.0,0.0,0.0,0.0,0.0,0.0,0.0
5,4,0.0,0.0,0.0,0.0,1.0,0.0,0.0,0.0,0.0,0.0,0.0,0.0
5,4,0.0,0.0,0.0,0.0,1.0,0.0,0.0,0.0,0.0,0.0,0.0,0.0
5,4,0.0,0.0,0.0,0.0,1.0,0.0,0.0,0.0,0.0,0.0,0.0,0.0
5,4,0.0,0.0,0.0,0.0,1.0,0.0,0.0,0.0,0.0,0.0,0.0,0.0
5,4,0.0,0.0,0.0,0.0,1.0,0.0,0.0,0.0,0.0,0.0,0.0,0.0
5,4,0.0,0.0,0.0,0.0,1.0,0.0,0.0,0.0,0.0,0.0,0.0,0.0
5,4,0.0,0.0,0.0,0.0,1.0,0.0,0.0,0.0,0.0,0.0,0.0,0.0
5,4,0.0,0.0,0.0,0.0,1.0,0.0,0.0,0.0,0.0,0.0,0.0,0.0
5,4,0.0,0.0,0.0,0.0,1.0,0.0,0.0,0.0,0.0,0.0,0.0,0.0
5,4,0.0,0.0,0.0,0.0,1.0,0.0,0.0,0.0,0.0,0.0,0.0,0.0
5,4,0.0,0.0,0.0,0.0,1.0,0.0,0.0,0.0,0.0,0.0,0.0,0.0
5,4,0.0,0.0,0.0,0.0,1.0,0.0,0.0,0.0,0.0,0.0,0.0,0.0
5,4,0.0,0.0,0.0,0.0,1.0,0.0,0.0,0.0,0.0,0.0,0.0,0.0
5,4,0.0,0.0,0.0,0.0,1.0,0.0,0.0,0.0,0.0,0.0,0.0,0.0
5,4,0.0,0.0,0.0,0.0,1.0,0.0,0.0,0.0,0.0,0.0,0.0,0.0
5,4,0.0,0.0,0.0,0.0,1.0,0.0,0.0,0.0,0.0,0.0,0.0,0.0
5,4,0.0,0.0,0.0,0.0,1.0,0.0,0.0,0.0,0.0,0.0,0.0,0.0
5,4,0.0,0.0,0.0,0.0,1.0,0.0,0.0,0.0,0.0,0.0,0.0,0.0
5,4,0.0,0.0,0.0,0.0,1.0,0.0,0.0,0.0,0.0,0.0,0.0,0.0
5,4,0.0,0.0,0.0,0.0,1.0,0.0,0.0,0.0,0.0,0.0,0.0,0.0
5,4,0.0,0.0,0.0,0.0,1.0,0.0,0.0,0.0,0.0,0.0,0.0,0.0
5,4,0.0,0.0,0.0,0.0,1.0,0.0,0.0,0.0,0.0,0.0,0.0,0.0
5,4,0.0,0.0,0.0,0.0,1.0,0.0,0.0,0.0,0.0,0.0,0.0,0.0
5,4,0.0,0.0,0.0,0.0,1.0,0.0,0.0,0.0,0.0,0.0,0.0,0.0
5,4,0.0,0.0,0.0,0.0,1.0,0.0,0.0,0.0,0.0,0.0,0.0,0.0
5,4,0.0,0.0,0.0,0.0,1.0,0.0,0.0,0.0,0.0,0.0,0.0,0.0
5,4,0.0,0.0,0.0,0.0,1.0,0.0,0.0,0.0,0.0,0.0,0.0,0.0
5,4,0.0,0.0,0.0,0.0,1.0,0.0,0.0,0.0,0.0,0.0,0.0,0.0
5,4,0.0,0.0,0.0,0.0,1.0,0.0,0.0,0.0,0.0,0.0,0.0,0.0
5,4,0.0,0.0,0.0,0.0,1.0,0.0,0.0,0.0,0.0,0.0,0.0,0.0
5,4,0.0,0.0,0.0,0.0,1.0,0.0,0.0,0.0,0.0,0.0,0.0,0.0
5,4,0.0,0.0,0.0,0.0,1.0,0.0,0.0,0.0,0.0,0.0,0.0,0.0
5,4,0.0,0.0,0.0,0.0,1.0,0.0,0.0,0.0,0.0,0.0,0.0,0.0
5,4,0.0,0.0,0.0,0.0,1.0,0.0,0.0,0.0,0.0,0.0,0.0,0.0
5,4,0.0,0.0,0.0,0.0,1.0,0.0,0.0,0.0,0.0,0.0,0.0,0.0
5,4,0.0,0.0,0.0,0.0,1.0,0.0,0.0,0.0,0.0,0.0,0.0,0.0
5,4,0.0,0.0,0.0,0.0,1.0,0.0,0.0,0.0,0.0,0.0,0.0,0.0
5,4,0.0,0.0,0.0,0.0,1.0,0.0,0.0,0.0,0.0,0.0,0.0,0.0
5,4,0.0,0.0,0.0,0.0,1.0,0.0,0.0,0.0,0.0,0.0,0.0,0.0
5,4,0.0,0.0,0.0,0.0,1.0,0.0,0.0,0.0,0.0,0.0,0.0,0.0
5,4,0.0,0.0,0.0,0.0,1.0,0.0,0.0,0.0,0.0,0.0,0.0,0.0
5,4,0.0,0.0,0.0,0.0,1.0,0.0,0.0,0.0,0.0,0.0,0.0,0.0
5,4,0.0,0.0,0.0,0.0,1.0,0.0,0.0,0.0,0.0,0.0,0.0,0.0
5,4,0.0,0.0,0.0,0.0,1.0,0.0,0.0,0.0,0.0,0.0,0.0,0.0
5,4,0.0,0.0,0.0,0.0,1.0,0.0,0.0,0.0,0.0,0.0,0.0,0.0
5,4,0.0,0.0,0.0,0.0,1.0,0.0,0.0,0.0,0.0,0.0,0.0,0.0
5,4,0.0,0.0,0.0,0.0,1.0,0.0,0.0,0.0,0.0,0.0,0.0,0.0
5,4,0.0,0.0,0.0,0.0,1.0,0.0,0.0,0.0,0.0,0.0,0.0,0.0
5,4,0.0,0.0,0.0,0.0,1.0,0.0,0.0,0.0,0.0,0.0,0.0,0.0
5,4,0.0,0.0,0.0,0.0,1.0,0.0,0.0,0.0,0.0,0.0,0.0,0.0
5,4,0.0,0.0,0.0,0.0,1.0,0.0,0.0,0.0,0.0,0.0,0.0,0.0
5,4,0.0,0.0,0.0,0.0,1.0,0.0,0.0,0.0,0.0,0.0,0.0,0.0
5,4,0.0,0.0,0.0,0.0,1.0,0.0,0.0,0.0,0.0,0.0,0.0,0.0
5,4,0.0,0.0,0.0,0.0,1.0,0.0,0.0,0.0,0.0,0.0,0.0,0.0
5,4,0.0,0.0,0.0,0.0,1.0,0.0,0.0,0.0,0.0,0.0,0.0,0.0
5,4,0.0,0.0,0.0,0.0,1.0,0.0,0.0,0.0,0.0,0.0,0.0,0.0
5,4,0.0,0.0,0.0,0.0,1.0,0.0,0.0,0.0,0.0,0.0,0.0,0.0
5,4,0.0,0.0,0.0,0.0,1.0,0.0,0.0,0.0,0.0,0.0,0.0,0.0
5,4,0.0,0.0,0.0,0.0,1.0,0.0,0.0,0.0,0.0,0.0,0.0,0.0
5,4,0.0,0.0,0.0,0.0,1.0,0.0,0.0,0.0,0.0,0.0,0.0,0.0
5,4,0.0,0.0,0.0,0.0,1.0,0.0,0.0,0.0,0.0,0.0,0.0,0.0
5,4,0.0,0.0,0.0,0.0,1.0,0.0,0.0,0.0,0.0,0.0,0.0,0.0
5,4,0.0,0.0,0.0,0.0,1.0,0.0,0.0,0.0,0.0,0.0,0.0,0.0
5,4,0.0,0.0,0.0,0.0,1.0,0.0,0.0,0.0,0.0,0.0,0.0,0.0
5,4,0.0,0.0,0.0,0.0,1.0,0.0,0.0,0.0,0.0,0.0,0.0,0.0
5,4,0.0,0.0,0.0,0.0,1.0,0.0,0.0,0.0,0.0,0.0,0.0,0.0
5,4,0.0,0.0,0.0,0.0,1.0,0.0,0.0,0.0,0.0,0.0,0.0,0.0
5,4,0.0,0.0,0.0,0.0,1.0,0.0,0.0,0.0,0.0,0.0,0.0,0.0
5,4,0.0,0.0,0.0,0.0,1.0,0.0,0.0,0.0,0.0,0.0,0.0,0.0
5,4,0.0,0.0,0.0,0.0,1.0,0.0,0.0,0.0,0.0,0.0,0.0,0.0
5,4,0.0,0.0,0.0,0.0,1.0,0.0,0.0,0.0,0.0,0.0,0.0,0.0
5,4,0.0,0.0,0.0,0.0,1.0,0.0,0.0,0.0,0.0,0.0,0.0,0.0
5,4,0.0,0.0,0.0,0.0,1.0,0.0,0.0,0.0,0.0,0.0,0.0,0.0
5,4,0.0,0.0,0.0,0.0,1.0,0.0,0.0,0.0,0.0,0.0,0.0,0.0
5,4,0.0,0.0,0.0,0.0,1.0,0.0,0.0,0.0,0.0,0.0,0.0,0.0
5,4,0.0,0.0,0.0,0.0,1.0,0.0,0.0,0.0,0.0,0.0,0.0,0.0
5,4,0.0,0.0,0.0,0.0,1.0,0.0,0.0,0.0,0.0,0.0,0.0,0.0
5,4,0.0,0.0,0.0,0.0,1.0,0.0,0.0,0.0,0.0,0.0,0.0,0.0
5,4,0.0,0.0,0.0,0.0,1.0,0.0,0.0,0.0,0.0,0.0,0.0,0.0
5,4,0.0,0.0,0.0,0.0,1.0,0.0,0.0,0.0,0.0,0.0,0.0,0.0
5,4,0.0,0.0,0.0,0.0,1.0,0.0,0.0,0.0,0.0,0.0,0.0,0.0
5,4,0.0,0.0,0.0,0.0,1.0,0.0,0.0,0.0,0.0,0.0,0.0,0.0
5,4,0.0,0.0,0.0,0.0,1.0,0.0,0.0,0.0,0.0,0.0,0.0,0.0
5,4,0.0,0.0,0.0,0.0,1.0,0.0,0.0,0.0,0.0,0.0,0.0,0.0
5,4,0.0,0.0,0.0,0.0,1.0,0.0,0.0,0.0,0.0,0.0,0.0,0.0
5,4,0.0,0.0,0.0,0.0,1.0,0.0,0.0,0.0,0.0,0.0,0.0,0.0
5,4,0.0,0.0,0.0,0.0,1.0,0.0,0.0,0.0,0.0,0.0,0.0,0.0
5,4,0.0,0.0,0.0,0.0,1.0,0.0,0.0,0.0,0.0,0.0,0.0,0.0
5,4,0.0,0.0,0.0,0.0,1.0,0.0,0.0,0.0,0.0,0.0,0.0,0.0
5,4,0.0,0.0,0.0,0.0,1.0,0.0,0.0,0.0,0.0,0.0,0.0,0.0
5,4,0.0,0.0,0.0,0.0,1.0,0.0,0.0,0.0,0.0,0.0,0.0,0.0
5,4,0.0,0.0,0.0,0.0,1.0,0.0,0.0,0.0,0.0,0.0,0.0,0.0
5,4,0.0,0.0,0.0,0.0,1.0,0.0,0.0,0.0,0.0,0.0,0.0,0.0
5,4,0.0,0.0,0.0,0.0,1.0,0.0,0.0,0.0,0.0,0.0,0.0,0.0
5,4,0.0,0.0,0.0,0.0,1.0,0.0,0.0,0.0,0.0,0.0,0.0,0.0
5,4,0.0,0.0,0.0,0.0,1.0,0.0,0.0,0.0,0.0,0.0,0.0,0.0
5,4,0.0,0.0,0.0,0.0,1.0,0.0,0.0,0.0,0.0,0.0,0.0,0.0
5,4,0.0,0.0,0.0,0.0,1.0,0.0,0.0,0.0,0.0,0.0,0.0,0.0
5,4,0.0,0.0,0.0,0.0,1.0,0.0,0.0,0.0,0.0,0.0,0.0,0.0
5,4,0.0,0.0,0.0,0.0,1.0,0.0,0.0,0.0,0.0,0.0,0.0,0.0
5,4,0.0,0.0,0.0,0.0,1.0,0.0,0.0,0.0,0.0,0.0,0.0,0.0
5,4,0.0,0.0,0.0,0.0,1.0,0.0,0.0,0.0,0.0,0.0,0.0,0.0
5,4,0.0,0.0,0.0,0.0,1.0,0.0,0.0,0.0,0.0,0.0,0.0,0.0
5,4,0.0,0.0,0.0,0.0,1.0,0.0,0.0,0.0,0.0,0.0,0.0,0.0
5,4,0.0,0.0,0.0,0.0,1.0,0.0,0.0,0.0,0.0,0.0,0.0,0.0
5,4,0.0,0.0,0.0,0.0,1.0,0.0,0.0,0.0,0.0,0.0,0.0,0.0
5,4,0.0,0.0,0.0,0.0,1.0,0.0,0.0,0.0,0.0,0.0,0.0,0.0
5,4,0.0,0.0,0.0,0.0,1.0,0.0,0.0,0.0,0.0,0.0,0.0,0.0
5,4,0.0,0.0,0.0,0.0,1.0,0.0,0.0,0.0,0.0,0.0,0.0,0.0
5,4,0.0,0.0,0.0,0.0,1.0,0.0,0.0,0.0,0.0,0.0,0.0,0.0
5,4,0.0,0.0,0.0,0.0,1.0,0.0,0.0,0.0,0.0,0.0,0.0,0.0
5,4,0.0,0.0,0.0,0.0,1.0,0.0,0.0,0.0,0.0,0.0,0.0,0.0
5,4,0.0,0.0,0.0,0.0,1.0,0.0,0.0,0.0,0.0,0.0,0.0,0.0
5,4,0.0,0.0,0.0,0.0,1.0,0.0,0.0,0.0,0.0,0.0,0.0,0.0
5,4,0.0,0.0,0.0,0.0,1.0,0.0,0.0,0.0,0.0,0.0,0.0,0.0
5,4,0.0,0.0,0.0,0.0,1.0,0.0,0.0,0.0,0.0,0.0,0.0,0.0
5,4,0.0,0.0,0.0,0.0,1.0,0.0,0.0,0.0,0.0,0.0,0.0,0.0
5,4,0.0,0.0,0.0,0.0,1.0,0.0,0.0,0.0,0.0,0.0,0.0,0.0
5,4,0.0,0.0,0.0,0.0,1.0,0.0,0.0,0.0,0.0,0.0,0.0,0.0
5,4,0.0,0.0,0.0,0.0,1.0,0.0,0.0,0.0,0.0,0.0,0.0,0.0
5,4,0.0,0.0,0.0,0.0,1.0,0.0,0.0,0.0,0.0,0.0,0.0,0.0
5,4,0.0,0.0,0.0,0.0,1.0,0.0,0.0,0.0,0.0,0.0,0.0,0.0
5,4,0.0,0.0,0.0,0.0,1.0,0.0,0.0,0.0,0.0,0.0,0.0,0.0
5,4,0.0,0.0,0.0,0.0,1.0,0.0,0.0,0.0,0.0,0.0,0.0,0.0
5,4,0.0,0.0,0.0,0.0,1.0,0.0,0.0,0.0,0.0,0.0,0.0,0.0
5,4,0.0,0.0,0.0,0.0,1.0,0.0,0.0,0.0,0.0,0.0,0.0,0.0
5,4,0.0,0.0,0.0,0.0,1.0,0.0,0.0,0.0,0.0,0.0,0.0,0.0
5,4,0.0,0.0,0.0,0.0,1.0,0.0,0.0,0.0,0.0,0.0,0.0,0.0
5,4,0.0,0.0,0.0,0.0,1.0,0.0,0.0,0.0,0.0,0.0,0.0,0.0
5,4,0.0,0.0,0.0,0.0,1.0,0.0,0.0,0.0,0.0,0.0,0.0,0.0
5,4,0.0,0.0,0.0,0.0,1.0,0.0,0.0,0.0,0.0,0.0,0.0,0.0
5,4,0.0,0.0,0.0,0.0,1.0,0.0,0.0,0.0,0.0,0.0,0.0,0.0
5,4,0.0,0.0,0.0,0.0,1.0,0.0,0.0,0.0,0.0,0.0,0.0,0.0
5,4,0.0,0.0,0.0,0.0,1.0,0.0,0.0,0.0,0.0,0.0,0.0,0.0
5,4,0.0,0.0,0.0,0.0,1.0,0.0,0.0,0.0,0.0,0.0,0.0,0.0
5,4,0.0,0.0,0.0,0.0,1.0,0.0,0.0,0.0,0.0,0.0,0.0,0.0
5,4,0.0,0.0,0.0,0.0,1.0,0.0,0.0,0.0,0.0,0.0,0.0,0.0
5,4,0.0,0.0,0.0,0.0,1.0,0.0,0.0,0.0,0.0,0.0,0.0,0.0
5,4,0.0,0.0,0.0,0.0,1.0,0.0,0.0,0.0,0.0,0.0,0.0,0.0
5,4,0.0,0.0,0.0,0.0,1.0,0.0,0.0,0.0,0.0,0.0,0.0,0.0
5,4,0.0,0.0,0.0,0.0,1.0,0.0,0.0,0.0,0.0,0.0,0.0,0.0
5,4,0.0,0.0,0.0,0.0,1.0,0.0,0.0,0.0,0.0,0.0,0.0,0.0
5,4,0.0,0.0,0.0,0.0,1.0,0.0,0.0,0.0,0.0,0.0,0.0,0.0
5,4,0.0,0.0,0.0,0.0,1.0,0.0,0.0,0.0,0.0,0.0,0.0,0.0
5,4,0.0,0.0,0.0,0.0,1.0,0.0,0.0,0.0,0.0,0.0,0.0,0.0
5,4,0.0,0.0,0.0,0.0,1.0,0.0,0.0,0.0,0.0,0.0,0.0,0.0
5,4,0.0,0.0,0.0,0.0,1.0,0.0,0.0,0.0,0.0,0.0,0.0,0.0
5,4,0.0,0.0,0.0,0.0,1.0,0.0,0.0,0.0,0.0,0.0,0.0,0.0
5,4,0.0,0.0,0.0,0.0,1.0,0.0,0.0,0.0,0.0,0.0,0.0,0.0
5,4,0.0,0.0,0.0,0.0,1.0,0.0,0.0,0.0,0.0,0.0,0.0,0.0
5,4,0.0,0.0,0.0,0.0,1.0,0.0,0.0,0.0,0.0,0.0,0.0,0.0
5,4,0.0,0.0,0.0,0.0,1.0,0.0,0.0,0.0,0.0,0.0,0.0,0.0
5,4,0.0,0.0,0.0,0.0,1.0,0.0,0.0,0.0,0.0,0.0,0.0,0.0
5,4,0.0,0.0,0.0,0.0,1.0,0.0,0.0,0.0,0.0,0.0,0.0,0.0
5,4,0.0,0.0,0.0,0.0,1.0,0.0,0.0,0.0,0.0,0.0,0.0,0.0
5,4,0.0,0.0,0.0,0.0,1.0,0.0,0.0,0.0,0.0,0.0,0.0,0.0
5,4,0.0,0.0,0.0,0.0,1.0,0.0,0.0,0.0,0.0,0.0,0.0,0.0
5,4,0.0,0.0,0.0,0.0,1.0,0.0,0.0,0.0,0.0,0.0,0.0,0.0
5,4,0.0,0.0,0.0,0.0,1.0,0.0,0.0,0.0,0.0,0.0,0.0,0.0
5,4,0.0,0.0,0.0,0.0,1.0,0.0,0.0,0.0,0.0,0.0,0.0,0.0
5,4,0.0,0.0,0.0,0.0,1.0,0.0,0.0,0.0,0.0,0.0,0.0,0.0
5,4,0.0,0.0,0.0,0.0,1.0,0.0,0.0,0.0,0.0,0.0,0.0,0.0
5,4,0.0,0.0,0.0,0.0,1.0,0.0,0.0,0.0,0.0,0.0,0.0,0.0
5,4,0.0,0.0,0.0,0.0,1.0,0.0,0.0,0.0,0.0,0.0,0.0,0.0
5,4,0.0,0.0,0.0,0.0,1.0,0.0,0.0,0.0,0.0,0.0,0.0,0.0
5,4,0.0,0.0,0.0,0.0,1.0,0.0,0.0,0.0,0.0,0.0,0.0,0.0
5,4,0.0,0.0,0.0,0.0,1.0,0.0,0.0,0.0,0.0,0.0,0.0,0.0
5,4,0.0,0.0,0.0,0.0,1.0,0.0,0.0,0.0,0.0,0.0,0.0,0.0
5,4,0.0,0.0,0.0,0.0,1.0,0.0,0.0,0.0,0.0,0.0,0.0,0.0
5,4,0.0,0.0,0.0,0.0,1.0,0.0,0.0,0.0,0.0,0.0,0.0,0.0
5,4,0.0,0.0,0.0,0.0,1.0,0.0,0.0,0.0,0.0,0.0,0.0,0.0
5,4,0.0,0.0,0.0,0.0,1.0,0.0,0.0,0.0,0.0,0.0,0.0,0.0
5,4,0.0,0.0,0.0,0.0,1.0,0.0,0.0,0.0,0.0,0.0,0.0,0.0
5,4,0.0,0.0,0.0,0.0,1.0,0.0,0.0,0.0,0.0,0.0,0.0,0.0
5,4,0.0,0.0,0.0,0.0,1.0,0.0,0.0,0.0,0.0,0.0,0.0,0.0
5,4,0.0,0.0,0.0,0.0,1.0,0.0,0.0,0.0,0.0,0.0,0.0,0.0
5,4,0.0,0.0,0.0,0.0,1.0,0.0,0.0,0.0,0.0,0.0,0.0,0.0
5,4,0.0,0.0,0.0,0.0,1.0,0.0,0.0,0.0,0.0,0.0,0.0,0.0
5,4,0.0,0.0,0.0,0.0,1.0,0.0,0.0,0.0,0.0,0.0,0.0,0.0
5,4,0.0,0.0,0.0,0.0,1.0,0.0,0.0,0.0,0.0,0.0,0.0,0.0
5,4,0.0,0.0,0.0,0.0,1.0,0.0,0.0,0.0,0.0,0.0,0.0,0.0
5,4,0.0,0.0,0.0,0.0,1.0,0.0,0.0,0.0,0.0,0.0,0.0,0.0
5,4,0.0,0.0,0.0,0.0,1.0,0.0,0.0,0.0,0.0,0.0,0.0,0.0
5,4,0.0,0.0,0.0,0.0,1.0,0.0,0.0,0.0,0.0,0.0,0.0,0.0
5,4,0.0,0.0,0.0,0.0,1.0,0.0,0.0,0.0,0.0,0.0,0.0,0.0
5,4,0.0,0.0,0.0,0.0,1.0,0.0,0.0,0.0,0.0,0.0,0.0,0.0
5,4,0.0,0.0,0.0,0.0,1.0,0.0,0.0,0.0,0.0,0.0,0.0,0.0
5,4,0.0,0.0,0.0,0.0,1.0,0.0,0.0,0.0,0.0,0.0,0.0,0.0
5,4,0.0,0.0,0.0,0.0,1.0,0.0,0.0,0.0,0.0,0.0,0.0,0.0
5,4,0.0,0.0,0.0,0.0,1.0,0.0,0.0,0.0,0.0,0.0,0.0,0.0
5,4,0.0,0.0,0.0,0.0,1.0,0.0,0.0,0.0,0.0,0.0,0.0,0.0
5,4,0.0,0.0,0.0,0.0,1.0,0.0,0.0,0.0,0.0,0.0,0.0,0.0
5,4,0.0,0.0,0.0,0.0,1.0,0.0,0.0,0.0,0.0,0.0,0.0,0.0
5,4,0.0,0.0,0.0,0.0,1.0,0.0,0.0,0.0,0.0,0.0,0.0,0.0
5,4,0.0,0.0,0.0,0.0,1.0,0.0,0.0,0.0,0.0,0.0,0.0,0.0
5,4,0.0,0.0,0.0,0.0,1.0,0.0,0.0,0.0,0.0,0.0,0.0,0.0
5,4,0.0,0.0,0.0,0.0,1.0,0.0,0.0,0.0,0.0,0.0,0.0,0.0
5,4,0.0,0.0,0.0,0.0,1.0,0.0,0.0,0.0,0.0,0.0,0.0,0.0
5,4,0.0,0.0,0.0,0.0,1.0,0.0,0.0,0.0,0.0,0.0,0.0,0.0
5,4,0.0,0.0,0.0,0.0,1.0,0.0,0.0,0.0,0.0,0.0,0.0,0.0
5,4,0.0,0.0,0.0,0.0,1.0,0.0,0.0,0.0,0.0,0.0,0.0,0.0
5,4,0.0,0.0,0.0,0.0,1.0,0.0,0.0,0.0,0.0,0.0,0.0,0.0
5,4,0.0,0.0,0.0,0.0,1.0,0.0,0.0,0.0,0.0,0.0,0.0,0.0
5,4,0.0,0.0,0.0,0.0,1.0,0.0,0.0,0.0,0.0,0.0,0.0,0.0
5,4,0.0,0.0,0.0,0.0,1.0,0.0,0.0,0.0,0.0,0.0,0.0,0.0
5,4,0.0,0.0,0.0,0.0,1.0,0.0,0.0,0.0,0.0,0.0,0.0,0.0
5,4,0.0,0.0,0.0,0.0,1.0,0.0,0.0,0.0,0.0,0.0,0.0,0.0
5,4,0.0,0.0,0.0,0.0,1.0,0.0,0.0,0.0,0.0,0.0,0.0,0.0
5,4,0.0,0.0,0.0,0.0,1.0,0.0,0.0,0.0,0.0,0.0,0.0,0.0
5,4,0.0,0.0,0.0,0.0,1.0,0.0,0.0,0.0,0.0,0.0,0.0,0.0
5,4,0.0,0.0,0.0,0.0,1.0,0.0,0.0,0.0,0.0,0.0,0.0,0.0
5,4,0.0,0.0,0.0,0.0,1.0,0.0,0.0,0.0,0.0,0.0,0.0,0.0
5,4,0.0,0.0,0.0,0.0,1.0,0.0,0.0,0.0,0.0,0.0,0.0,0.0
5,4,0.0,0.0,0.0,0.0,1.0,0.0,0.0,0.0,0.0,0.0,0.0,0.0
5,4,0.0,0.0,0.0,0.0,1.0,0.0,0.0,0.0,0.0,0.0,0.0,0.0
5,4,0.0,0.0,0.0,0.0,1.0,0.0,0.0,0.0,0.0,0.0,0.0,0.0
5,4,0.0,0.0,0.0,0.0,1.0,0.0,0.0,0.0,0.0,0.0,0.0,0.0
5,4,0.0,0.0,0.0,0.0,1.0,0.0,0.0,0.0,0.0,0.0,0.0,0.0
5,4,0.0,0.0,0.0,0.0,1.0,0.0,0.0,0.0,0.0,0.0,0.0,0.0
5,4,0.0,0.0,0.0,0.0,1.0,0.0,0.0,0.0,0.0,0.0,0.0,0.0
5,4,0.0,0.0,0.0,0.0,1.0,0.0,0.0,0.0,0.0,0.0,0.0,0.0
5,4,0.0,0.0,0.0,0.0,1.0,0.0,0.0,0.0,0.0,0.0,0.0,0.0
5,4,0.0,0.0,0.0,0.0,1.0,0.0,0.0,0.0,0.0,0.0,0.0,0.0
5,4,0.0,0.0,0.0,0.0,1.0,0.0,0.0,0.0,0.0,0.0,0.0,0.0
5,4,0.0,0.0,0.0,0.0,1.0,0.0,0.0,0.0,0.0,0.0,0.0,0.0
5,4,0.0,0.0,0.0,0.0,1.0,0.0,0.0,0.0,0.0,0.0,0.0,0.0
5,4,0.0,0.0,0.0,0.0,1.0,0.0,0.0,0.0,0.0,0.0,0.0,0.0
5,4,0.0,0.0,0.0,0.0,1.0,0.0,0.0,0.0,0.0,0.0,0.0,0.0
5,4,0.0,0.0,0.0,0.0,1.0,0.0,0.0,0.0,0.0,0.0,0.0,0.0
5,4,0.0,0.0,0.0,0.0,1.0,0.0,0.0,0.0,0.0,0.0,0.0,0.0
5,4,0.0,0.0,0.0,0.0,1.0,0.0,0.0,0.0,0.0,0.0,0.0,0.0
5,4,0.0,0.0,0.0,0.0,1.0,0.0,0.0,0.0,0.0,0.0,0.0,0.0
5,4,0.0,0.0,0.0,0.0,1.0,0.0,0.0,0.0,0.0,0.0,0.0,0.0
5,4,0.0,0.0,0.0,0.0,1.0,0.0,0.0,0.0,0.0,0.0,0.0,0.0
5,4,0.0,0.0,0.0,0.0,1.0,0.0,0.0,0.0,0.0,0.0,0.0,0.0
5,4,0.0,0.0,0.0,0.0,1.0,0.0,0.0,0.0,0.0,0.0,0.0,0.0
5,4,0.0,0.0,0.0,0.0,1.0,0.0,0.0,0.0,0.0,0.0,0.0,0.0
5,4,0.0,0.0,0.0,0.0,1.0,0.0,0.0,0.0,0.0,0.0,0.0,0.0
5,4,0.0,0.0,0.0,0.0,1.0,0.0,0.0,0.0,0.0,0.0,0.0,0.0
5,4,0.0,0.0,0.0,0.0,1.0,0.0,0.0,0.0,0.0,0.0,0.0,0.0
5,4,0.0,0.0,0.0,0.0,1.0,0.0,0.0,0.0,0.0,0.0,0.0,0.0
5,4,0.0,0.0,0.0,0.0,1.0,0.0,0.0,0.0,0.0,0.0,0.0,0.0
5,4,0.0,0.0,0.0,0.0,1.0,0.0,0.0,0.0,0.0,0.0,0.0,0.0
5,4,0.0,0.0,0.0,0.0,1.0,0.0,0.0,0.0,0.0,0.0,0.0,0.0
5,4,0.0,0.0,0.0,0.0,1.0,0.0,0.0,0.0,0.0,0.0,0.0,0.0
5,4,0.0,0.0,0.0,0.0,1.0,0.0,0.0,0.0,0.0,0.0,0.0,0.0
5,4,0.0,0.0,0.0,0.0,1.0,0.0,0.0,0.0,0.0,0.0,0.0,0.0
5,4,0.0,0.0,0.0,0.0,1.0,0.0,0.0,0.0,0.0,0.0,0.0,0.0
5,4,0.0,0.0,0.0,0.0,1.0,0.0,0.0,0.0,0.0,0.0,0.0,0.0
5,4,0.0,0.0,0.0,0.0,1.0,0.0,0.0,0.0,0.0,0.0,0.0,0.0
5,4,0.0,0.0,0.0,0.0,1.0,0.0,0.0,0.0,0.0,0.0,0.0,0.0
5,4,0.0,0.0,0.0,0.0,1.0,0.0,0.0,0.0,0.0,0.0,0.0,0.0
5,4,0.0,0.0,0.0,0.0,1.0,0.0,0.0,0.0,0.0,0.0,0.0,0.0
5,4,0.0,0.0,0.0,0.0,1.0,0.0,0.0,0.0,0.0,0.0,0.0,0.0
5,4,0.0,0.0,0.0,0.0,1.0,0.0,0.0,0.0,0.0,0.0,0.0,0.0
5,4,0.0,0.0,0.0,0.0,1.0,0.0,0.0,0.0,0.0,0.0,0.0,0.0
5,4,0.0,0.0,0.0,0.0,1.0,0.0,0.0,0.0,0.0,0.0,0.0,0.0
5,4,0.0,0.0,0.0,0.0,1.0,0.0,0.0,0.0,0.0,0.0,0.0,0.0
5,4,0.0,0.0,0.0,0.0,1.0,0.0,0.0,0.0,0.0,0.0,0.0,0.0
5,4,0.0,0.0,0.0,0.0,1.0,0.0,0.0,0.0,0.0,0.0,0.0,0.0
5,4,0.0,0.0,0.0,0.0,1.0,0.0,0.0,0.0,0.0,0.0,0.0,0.0
5,4,0.0,0.0,0.0,0.0,1.0,0.0,0.0,0.0,0.0,0.0,0.0,0.0
5,4,0.0,0.0,0.0,0.0,1.0,0.0,0.0,0.0,0.0,0.0,0.0,0.0
5,4,0.0,0.0,0.0,0.0,1.0,0.0,0.0,0.0,0.0,0.0,0.0,0.0
5,4,0.0,0.0,0.0,0.0,1.0,0.0,0.0,0.0,0.0,0.0,0.0,0.0
5,4,0.0,0.0,0.0,0.0,1.0,0.0,0.0,0.0,0.0,0.0,0.0,0.0
5,4,0.0,0.0,0.0,0.0,1.0,0.0,0.0,0.0,0.0,0.0,0.0,0.0
5,4,0.0,0.0,0.0,0.0,1.0,0.0,0.0,0.0,0.0,0.0,0.0,0.0
5,4,0.0,0.0,0.0,0.0,1.0,0.0,0.0,0.0,0.0,0.0,0.0,0.0
5,4,0.0,0.0,0.0,0.0,1.0,0.0,0.0,0.0,0.0,0.0,0.0,0.0
5,4,0.0,0.0,0.0,0.0,1.0,0.0,0.0,0.0,0.0,0.0,0.0,0.0
5,4,0.0,0.0,0.0,0.0,1.0,0.0,0.0,0.0,0.0,0.0,0.0,0.0
5,4,0.0,0.0,0.0,0.0,1.0,0.0,0.0,0.0,0.0,0.0,0.0,0.0
5,4,0.0,0.0,0.0,0.0,1.0,0.0,0.0,0.0,0.0,0.0,0.0,0.0
5,4,0.0,0.0,0.0,0.0,1.0,0.0,0.0,0.0,0.0,0.0,0.0,0.0
5,4,0.0,0.0,0.0,0.0,1.0,0.0,0.0,0.0,0.0,0.0,0.0,0.0
5,4,0.0,0.0,0.0,0.0,1.0,0.0,0.0,0.0,0.0,0.0,0.0,0.0
5,4,0.0,0.0,0.0,0.0,1.0,0.0,0.0,0.0,0.0,0.0,0.0,0.0
5,4,0.0,0.0,0.0,0.0,1.0,0.0,0.0,0.0,0.0,0.0,0.0,0.0
5,4,0.0,0.0,0.0,0.0,1.0,0.0,0.0,0.0,0.0,0.0,0.0,0.0
5,4,0.0,0.0,0.0,0.0,1.0,0.0,0.0,0.0,0.0,0.0,0.0,0.0
5,4,0.0,0.0,0.0,0.0,1.0,0.0,0.0,0.0,0.0,0.0,0.0,0.0
5,4,0.0,0.0,0.0,0.0,1.0,0.0,0.0,0.0,0.0,0.0,0.0,0.0
5,4,0.0,0.0,0.0,0.0,1.0,0.0,0.0,0.0,0.0,0.0,0.0,0.0
5,4,0.0,0.0,0.0,0.0,1.0,0.0,0.0,0.0,0.0,0.0,0.0,0.0
5,4,0.0,0.0,0.0,0.0,1.0,0.0,0.0,0.0,0.0,0.0,0.0,0.0
5,4,0.0,0.0,0.0,0.0,1.0,0.0,0.0,0.0,0.0,0.0,0.0,0.0
5,4,0.0,0.0,0.0,0.0,1.0,0.0,0.0,0.0,0.0,0.0,0.0,0.0
5,4,0.0,0.0,0.0,0.0,1.0,0.0,0.0,0.0,0.0,0.0,0.0,0.0
5,4,0.0,0.0,0.0,0.0,1.0,0.0,0.0,0.0,0.0,0.0,0.0,0.0
5,4,0.0,0.0,0.0,0.0,1.0,0.0,0.0,0.0,0.0,0.0,0.0,0.0
5,4,0.0,0.0,0.0,0.0,1.0,0.0,0.0,0.0,0.0,0.0,0.0,0.0
5,4,0.0,0.0,0.0,0.0,1.0,0.0,0.0,0.0,0.0,0.0,0.0,0.0
5,4,0.0,0.0,0.0,0.0,1.0,0.0,0.0,0.0,0.0,0.0,0.0,0.0
5,4,0.0,0.0,0.0,0.0,1.0,0.0,0.0,0.0,0.0,0.0,0.0,0.0
5,4,0.0,0.0,0.0,0.0,1.0,0.0,0.0,0.0,0.0,0.0,0.0,0.0
5,4,0.0,0.0,0.0,0.0,1.0,0.0,0.0,0.0,0.0,0.0,0.0,0.0
5,4,0.0,0.0,0.0,0.0,1.0,0.0,0.0,0.0,0.0,0.0,0.0,0.0
5,4,0.0,0.0,0.0,0.0,1.0,0.0,0.0,0.0,0.0,0.0,0.0,0.0
5,4,0.0,0.0,0.0,0.0,1.0,0.0,0.0,0.0,0.0,0.0,0.0,0.0
5,4,0.0,0.0,0.0,0.0,1.0,0.0,0.0,0.0,0.0,0.0,0.0,0.0
5,4,0.0,0.0,0.0,0.0,1.0,0.0,0.0,0.0,0.0,0.0,0.0,0.0
5,4,0.0,0.0,0.0,0.0,1.0,0.0,0.0,0.0,0.0,0.0,0.0,0.0
5,4,0.0,0.0,0.0,0.0,1.0,0.0,0.0,0.0,0.0,0.0,0.0,0.0
5,4,0.0,0.0,0.0,0.0,1.0,0.0,0.0,0.0,0.0,0.0,0.0,0.0
5,4,0.0,0.0,0.0,0.0,1.0,0.0,0.0,0.0,0.0,0.0,0.0,0.0
5,4,0.0,0.0,0.0,0.0,1.0,0.0,0.0,0.0,0.0,0.0,0.0,0.0
5,4,0.0,0.0,0.0,0.0,1.0,0.0,0.0,0.0,0.0,0.0,0.0,0.0
5,4,0.0,0.0,0.0,0.0,1.0,0.0,0.0,0.0,0.0,0.0,0.0,0.0
5,4,0.0,0.0,0.0,0.0,1.0,0.0,0.0,0.0,0.0,0.0,0.0,0.0
5,4,0.0,0.0,0.0,0.0,1.0,0.0,0.0,0.0,0.0,0.0,0.0,0.0
5,4,0.0,0.0,0.0,0.0,1.0,0.0,0.0,0.0,0.0,0.0,0.0,0.0
5,4,0.0,0.0,0.0,0.0,1.0,0.0,0.0,0.0,0.0,0.0,0.0,0.0
5,4,0.0,0.0,0.0,0.0,1.0,0.0,0.0,0.0,0.0,0.0,0.0,0.0
5,4,0.0,0.0,0.0,0.0,1.0,0.0,0.0,0.0,0.0,0.0,0.0,0.0
5,4,0.0,0.0,0.0,0.0,1.0,0.0,0.0,0.0,0.0,0.0,0.0,0.0
5,4,0.0,0.0,0.0,0.0,1.0,0.0,0.0,0.0,0.0,0.0,0.0,0.0
5,4,0.0,0.0,0.0,0.0,1.0,0.0,0.0,0.0,0.0,0.0,0.0,0.0
5,4,0.0,0.0,0.0,0.0,1.0,0.0,0.0,0.0,0.0,0.0,0.0,0.0
5,4,0.0,0.0,0.0,0.0,1.0,0.0,0.0,0.0,0.0,0.0,0.0,0.0
5,4,0.0,0.03163797,0.0,0.0,0.96836203,0.0,0.0,0.0,0.0,0.0,0.0,0.0
5,4,0.0,0.03163797,0.0,0.0,0.96836203,0.0,0.0,0.0,0.0,0.0,0.0,0.0
5,4,0.0,0.03163797,0.0,0.0,0.96836203,0.0,0.0,0.0,0.0,0.0,0.0,0.0
5,4,0.0,0.03163797,0.0,0.0,0.96836203,0.0,0.0,0.0,0.0,0.0,0.0,0.0
5,4,0.0,0.03163797,0.0,0.0,0.96836203,0.0,0.0,0.0,0.0,0.0,0.0,0.0
5,4,0.0,0.03163797,0.0,0.0,0.96836203,0.0,0.0,0.0,0.0,0.0,0.0,0.0
5,4,0.0,0.03163797,0.0,0.0,0.96836203,0.0,0.0,0.0,0.0,0.0,0.0,0.0
5,4,0.0,0.03163797,0.0,0.0,0.96836203,0.0,0.0,0.0,0.0,0.0,0.0,0.0
5,4,0.0,0.03163797,0.0,0.0,0.96836203,0.0,0.0,0.0,0.0,0.0,0.0,0.0
5,4,0.0,0.03163797,0.0,0.0,0.96836203,0.0,0.0,0.0,0.0,0.0,0.0,0.0
5,4,0.0,0.031637974,0.0,0.0,0.9418483,0.026513783,0.0,0.0,0.0,0.0,0.0,0.0
5,4,0.0,0.031637974,0.0,0.0,0.9418483,0.026513783,0.0,0.0,0.0,0.0,0.0,0.0
5,4,0.0,0.031637974,0.0,0.0,0.9418483,0.026513783,0.0,0.0,0.0,0.0,0.0,0.0
5,4,0.0,0.031637974,0.0,0.0,0.9418483,0.026513783,0.0,0.0,0.0,0.0,0.0,0.0
5,4,0.0,0.031637974,0.0,0.0,0.9418483,0.026513783,0.0,0.0,0.0,0.0,0.0,0.0
5,4,0.0,0.031637974,0.0,0.0,0.9418483,0.026513783,0.0,0.0,0.0,0.0,0.0,0.0
5,4,0.0,0.031637974,0.0,0.0,0.9418483,0.026513783,0.0,0.0,0.0,0.0,0.0,0.0
5,4,0.0,0.031637974,0.0,0.0,0.9418483,0.026513783,0.0,0.0,0.0,0.0,0.0,0.0
5,4,0.0,0.031637974,0.0,0.0,0.9418483,0.026513783,0.0,0.0,0.0,0.0,0.0,0.0
5,4,0.0,0.031637974,0.0,0.0,0.9418483,0.026513783,0.0,0.0,0.0,0.0,0.0,0.0
5,4,0.0,0.031637974,0.0,0.0,0.9418483,0.026513783,0.0,0.0,0.0,0.0,0.0,0.0
5,4,0.0,0.031637974,0.0,0.0,0.9418483,0.026513783,0.0,0.0,0.0,0.0,0.0,0.0
5,4,0.0,0.031637974,0.0,0.0,0.9418483,0.026513783,0.0,0.0,0.0,0.0,0.0,0.0
5,4,0.0,0.031637974,0.0,0.0,0.9418483,0.026513783,0.0,0.0,0.0,0.0,0.0,0.0
5,4,0.0,0.031637974,0.0,0.0,0.9418483,0.026513783,0.0,0.0,0.0,0.0,0.0,0.0
5,4,0.0,0.031637974,0.0,0.0,0.9418483,0.026513783,0.0,0.0,0.0,0.0,0.0,0.0
5,4,0.0,0.031637974,0.0,0.0,0.9418483,0.026513783,0.0,0.0,0.0,0.0,0.0,0.0
5,4,0.0,0.031637974,0.0,0.0,0.9418483,0.026513783,0.0,0.0,0.0,0.0,0.0,0.0
5,4,0.0,0.031637974,0.0,0.0,0.9418483,0.026513783,0.0,0.0,0.0,0.0,0.0,0.0
5,4,0.0,0.031637974,0.0,0.0,0.9418483,0.026513783,0.0,0.0,0.0,0.0,0.0,0.0
5,4,0.0,0.031637974,0.0,0.0,0.9418483,0.026513783,0.0,0.0,0.0,0.0,0.0,0.0
5,4,0.0,0.031637974,0.0,0.0,0.9418483,0.026513783,0.0,0.0,0.0,0.0,0.0,0.0
5,4,0.0,0.031637974,0.0,0.0,0.9418483,0.026513783,0.0,0.0,0.0,0.0,0.0,0.0
5,4,0.0,0.031637974,0.0,0.0,0.9418483,0.026513783,0.0,0.0,0.0,0.0,0.0,0.0
5,4,0.0,0.031637974,0.0,0.0,0.9418483,0.026513783,0.0,0.0,0.0,0.0,0.0,0.0
5,4,0.0,0.031637974,0.0,0.0,0.9418483,0.026513783,0.0,0.0,0.0,0.0,0.0,0.0
5,4,0.0,0.031637974,0.0,0.0,0.9418483,0.026513783,0.0,0.0,0.0,0.0,0.0,0.0
5,4,0.0,0.031637974,0.0,0.0,0.9418483,0.026513783,0.0,0.0,0.0,0.0,0.0,0.0
5,4,0.0,0.031637974,0.0,0.0,0.9418483,0.026513783,0.0,0.0,0.0,0.0,0.0,0.0
5,4,0.0,0.031637974,0.0,0.0,0.9418483,0.026513783,0.0,0.0,0.0,0.0,0.0,0.0
5,4,0.0,0.031637974,0.0,0.0,0.9418483,0.026513783,0.0,0.0,0.0,0.0,0.0,0.0
5,4,0.0,0.031637974,0.0,0.0,0.9418483,0.026513783,0.0,0.0,0.0,0.0,0.0,0.0
5,4,0.0,0.058151755,0.0,0.0,0.9418482,0.0,0.0,0.0,0.0,0.0,0.0,0.0
5,4,0.0,0.058151755,0.0,0.0,0.9418482,0.0,0.0,0.0,0.0,0.0,0.0,0.0
5,4,0.0,0.058151755,0.0,0.0,0.9418482,0.0,0.0,0.0,0.0,0.0,0.0,0.0
5,4,0.0,0.058151755,0.0,0.0,0.9418482,0.0,0.0,0.0,0.0,0.0,0.0,0.0
5,4,0.0,0.058151755,0.0,0.0,0.9418482,0.0,0.0,0.0,0.0,0.0,0.0,0.0
5,4,0.0,0.058151755,0.0,0.0,0.9418482,0.0,0.0,0.0,0.0,0.0,0.0,0.0
5,4,0.0,0.058151755,0.0,0.0,0.9418482,0.0,0.0,0.0,0.0,0.0,0.0,0.0
5,4,0.0,0.058151755,0.0,0.0,0.9418482,0.0,0.0,0.0,0.0,0.0,0.0,0.0
5,4,0.0,0.058151755,0.0,0.0,0.9418482,0.0,0.0,0.0,0.0,0.0,0.0,0.0
5,4,0.0,0.058151755,0.0,0.0,0.9418482,0.0,0.0,0.0,0.0,0.0,0.0,0.0
5,4,0.0,0.058151755,0.0,0.0,0.9418482,0.0,0.0,0.0,0.0,0.0,0.0,0.0
5,4,0.0,0.058151755,0.0,0.0,0.9418482,0.0,0.0,0.0,0.0,0.0,0.0,0.0
5,4,0.0,0.058151755,0.0,0.0,0.9418482,0.0,0.0,0.0,0.0,0.0,0.0,0.0
5,4,0.0,0.058151755,0.0,0.0,0.9418482,0.0,0.0,0.0,0.0,0.0,0.0,0.0
5,4,0.0,0.058151755,0.0,0.0,0.9418482,0.0,0.0,0.0,0.0,0.0,0.0,0.0
5,4,0.0,0.058151755,0.0,0.0,0.9418482,0.0,0.0,0.0,0.0,0.0,0.0,0.0
5,4,0.0,0.058151755,0.0,0.0,0.9418482,0.0,0.0,0.0,0.0,0.0,0.0,0.0
5,4,0.0,0.058151755,0.0,0.0,0.9418482,0.0,0.0,0.0,0.0,0.0,0.0,0.0
5,4,0.0,0.058151755,0.0,0.0,0.9418482,0.0,0.0,0.0,0.0,0.0,0.0,0.0
5,4,0.0,0.058151755,0.0,0.0,0.9418482,0.0,0.0,0.0,0.0,0.0,0.0,0.0
5,4,0.0,0.058151755,0.0,0.0,0.9418482,0.0,0.0,0.0,0.0,0.0,0.0,0.0
5,4,0.0,0.058151755,0.0,0.0,0.9418482,0.0,0.0,0.0,0.0,0.0,0.0,0.0
5,4,0.0,0.058151755,0.0,0.0,0.9418482,0.0,0.0,0.0,0.0,0.0,0.0,0.0
5,4,0.0,0.058151755,0.0,0.0,0.9418482,0.0,0.0,0.0,0.0,0.0,0.0,0.0
5,4,0.0,0.058151755,0.0,0.0,0.9418482,0.0,0.0,0.0,0.0,0.0,0.0,0.0
5,4,0.0,0.058151755,0.0,0.0,0.9418482,0.0,0.0,0.0,0.0,0.0,0.0,0.0
5,4,0.0,0.058151755,0.0,0.0,0.9418482,0.0,0.0,0.0,0.0,0.0,0.0,0.0
5,4,0.0,0.058151755,0.0,0.0,0.9418482,0.0,0.0,0.0,0.0,0.0,0.0,0.0
5,4,0.0,0.058151755,0.0,0.0,0.9418482,0.0,0.0,0.0,0.0,0.0,0.0,0.0
5,4,0.0,0.058151755,0.0,0.0,0.9418482,0.0,0.0,0.0,0.0,0.0,0.0,0.0
5,4,0.0,0.058151755,0.0,0.0,0.9418482,0.0,0.0,0.0,0.0,0.0,0.0,0.0
5,4,0.0,0.058151755,0.0,0.0,0.9418482,0.0,0.0,0.0,0.0,0.0,0.0,0.0
5,4,0.0,0.058151755,0.0,0.0,0.9418482,0.0,0.0,0.0,0.0,0.0,0.0,0.0
5,4,0.0,0.058151755,0.0,0.0,0.9418482,0.0,0.0,0.0,0.0,0.0,0.0,0.0
5,4,0.0,0.058151755,0.0,0.0,0.9418482,0.0,0.0,0.0,0.0,0.0,0.0,0.0
5,4,0.0,0.058151755,0.0,0.0,0.9418482,0.0,0.0,0.0,0.0,0.0,0.0,0.0
5,4,0.0,0.058151755,0.0,0.0,0.9418482,0.0,0.0,0.0,0.0,0.0,0.0,0.0
5,4,0.0,0.058151755,0.0,0.0,0.9418482,0.0,0.0,0.0,0.0,0.0,0.0,0.0
5,4,0.0,0.058151755,0.0,0.0,0.9418482,0.0,0.0,0.0,0.0,0.0,0.0,0.0
5,4,0.0,0.058151755,0.0,0.0,0.9418482,0.0,0.0,0.0,0.0,0.0,0.0,0.0
5,4,0.0,0.058151755,0.0,0.0,0.9418482,0.0,0.0,0.0,0.0,0.0,0.0,0.0
5,4,0.0,0.058151755,0.0,0.0,0.9418482,0.0,0.0,0.0,0.0,0.0,0.0,0.0
5,4,0.0,0.058151755,0.0,0.0,0.9418482,0.0,0.0,0.0,0.0,0.0,0.0,0.0
5,4,0.0,0.058151755,0.0,0.0,0.9418482,0.0,0.0,0.0,0.0,0.0,0.0,0.0
5,4,0.0,0.058151755,0.0,0.0,0.9418482,0.0,0.0,0.0,0.0,0.0,0.0,0.0
5,4,0.0,0.058151755,0.0,0.0,0.9418482,0.0,0.0,0.0,0.0,0.0,0.0,0.0
5,4,0.0,0.058151755,0.0,0.0,0.9418482,0.0,0.0,0.0,0.0,0.0,0.0,0.0
5,4,0.0,0.058151755,0.0,0.0,0.9418482,0.0,0.0,0.0,0.0,0.0,0.0,0.0
5,4,0.0,0.058151755,0.0,0.0,0.9418482,0.0,0.0,0.0,0.0,0.0,0.0,0.0
5,4,0.0,0.058151755,0.0,0.0,0.9418482,0.0,0.0,0.0,0.0,0.0,0.0,0.0
5,4,0.0,0.058151755,0.0,0.0,0.9418482,0.0,0.0,0.0,0.0,0.0,0.0,0.0
5,4,0.0,0.058151755,0.0,0.0,0.9418482,0.0,0.0,0.0,0.0,0.0,0.0,0.0
5,4,0.0,0.058151755,0.0,0.0,0.9418482,0.0,0.0,0.0,0.0,0.0,0.0,0.0
5,4,0.0,0.058151755,0.0,0.0,0.9418482,0.0,0.0,0.0,0.0,0.0,0.0,0.0
5,4,0.0,0.058151755,0.0,0.0,0.9418482,0.0,0.0,0.0,0.0,0.0,0.0,0.0
5,4,0.0,0.058151755,0.0,0.0,0.9418482,0.0,0.0,0.0,0.0,0.0,0.0,0.0
5,4,0.0,0.058151755,0.0,0.0,0.9418482,0.0,0.0,0.0,0.0,0.0,0.0,0.0
5,4,0.0,0.058151755,0.0,0.0,0.9418482,0.0,0.0,0.0,0.0,0.0,0.0,0.0
5,4,0.0,0.058151755,0.0,0.0,0.9418482,0.0,0.0,0.0,0.0,0.0,0.0,0.0
5,4,0.0,0.058151755,0.0,0.0,0.9418482,0.0,0.0,0.0,0.0,0.0,0.0,0.0
5,4,0.0,0.058151755,0.0,0.0,0.9418482,0.0,0.0,0.0,0.0,0.0,0.0,0.0
5,4,0.0,0.058151755,0.0,0.0,0.9418482,0.0,0.0,0.0,0.0,0.0,0.0,0.0
5,4,0.0,0.058151755,0.0,0.0,0.9418482,0.0,0.0,0.0,0.0,0.0,0.0,0.0
5,4,0.0,0.058151755,0.0,0.0,0.9418482,0.0,0.0,0.0,0.0,0.0,0.0,0.0
5,4,0.0,0.05815175,0.0,0.0,0.914348,0.027500229,0.0,0.0,0.0,0.0,0.0,0.0
5,4,0.0,0.05815175,0.0,0.0,0.914348,0.027500229,0.0,0.0,0.0,0.0,0.0,0.0
5,4,0.0,0.05815175,0.0,0.0,0.914348,0.027500229,0.0,0.0,0.0,0.0,0.0,0.0
5,4,0.0,0.05815175,0.0,0.0,0.914348,0.027500229,0.0,0.0,0.0,0.0,0.0,0.0
5,4,0.0,0.05815175,0.0,0.0,0.914348,0.027500229,0.0,0.0,0.0,0.0,0.0,0.0
5,4,0.0,0.05815175,0.0,0.0,0.914348,0.027500229,0.0,0.0,0.0,0.0,0.0,0.0
5,4,0.0,0.05815175,0.0,0.0,0.914348,0.027500229,0.0,0.0,0.0,0.0,0.0,0.0
5,4,0.0,0.05815175,0.0,0.0,0.914348,0.027500229,0.0,0.0,0.0,0.0,0.0,0.0
5,4,0.0,0.05815175,0.0,0.0,0.914348,0.027500229,0.0,0.0,0.0,0.0,0.0,0.0
5,4,0.0,0.05815175,0.0,0.0,0.914348,0.027500229,0.0,0.0,0.0,0.0,0.0,0.0
5,4,0.0,0.05815175,0.0,0.0,0.914348,0.027500229,0.0,0.0,0.0,0.0,0.0,0.0
5,4,0.0,0.05815175,0.0,0.0,0.914348,0.027500229,0.0,0.0,0.0,0.0,0.0,0.0
5,4,0.0,0.05815175,0.0,0.0,0.914348,0.027500229,0.0,0.0,0.0,0.0,0.0,0.0
5,4,0.0,0.05815175,0.0,0.0,0.914348,0.027500229,0.0,0.0,0.0,0.0,0.0,0.0
5,4,0.0,0.05815175,0.0,0.0,0.914348,0.027500229,0.0,0.0,0.0,0.0,0.0,0.0
5,4,0.0,0.05815175,0.0,0.0,0.914348,0.027500229,0.0,0.0,0.0,0.0,0.0,0.0
5,4,0.0,0.05815175,0.0,0.0,0.914348,0.027500229,0.0,0.0,0.0,0.0,0.0,0.0
5,4,0.0,0.05815175,0.0,0.0,0.914348,0.027500229,0.0,0.0,0.0,0.0,0.0,0.0
5,4,0.0,0.05815175,0.0,0.0,0.914348,0.027500229,0.0,0.0,0.0,0.0,0.0,0.0
5,4,0.0,0.05815175,0.0,0.0,0.914348,0.027500229,0.0,0.0,0.0,0.0,0.0,0.0
5,4,0.0,0.05815175,0.0,0.0,0.914348,0.027500229,0.0,0.0,0.0,0.0,0.0,0.0
5,4,0.0,0.05815175,0.0,0.0,0.914348,0.027500229,0.0,0.0,0.0,0.0,0.0,0.0
5,4,0.0,0.058151755,0.0,0.0,0.86507803,0.07677023,0.0,0.0,0.0,0.0,0.0,0.0
5,4,0.0,0.058151755,0.0,0.0,0.86507803,0.07677023,0.0,0.0,0.0,0.0,0.0,0.0
5,4,0.0,0.058151755,0.0,0.0,0.86507803,0.07677023,0.0,0.0,0.0,0.0,0.0,0.0
5,4,0.0,0.058151755,0.0,0.0,0.86507803,0.07677023,0.0,0.0,0.0,0.0,0.0,0.0
5,4,0.0,0.058151755,0.0,0.0,0.7846477,0.15720053,0.0,0.0,0.0,0.0,0.0,0.0
5,4,0.0,0.058151755,0.0,0.0,0.7846477,0.15720053,0.0,0.0,0.0,0.0,0.0,0.0
5,4,0.0,0.05815175,0.0,0.0,0.73671746,0.20513074,0.0,0.0,0.0,0.0,0.0,0.0
5,4,0.0,0.15849648,0.0,0.0,0.63637275,0.20513076,0.0,0.0,0.0,0.0,0.0,0.0
5,4,0.0,0.15849648,0.0,0.0,0.63637275,0.20513076,0.0,0.0,0.0,0.0,0.0,0.0
5,4,0.0,0.15849648,0.0,0.0,0.63637275,0.20513076,0.0,0.0,0.0,0.0,0.0,0.0
5,4,0.0,0.15849648,0.0,0.0,0.57335675,0.20513076,0.06301602,0.0,0.0,0.0,0.0,0.0
5,4,0.0,0.15849648,0.0,0.0,0.57335675,0.20513076,0.06301602,0.0,0.0,0.0,0.0,0.0
5,4,0.0,0.15849648,0.0,0.0,0.57335675,0.20513076,0.06301602,0.0,0.0,0.0,0.0,0.0
5,4,0.0,0.15849648,0.0,0.0,0.57335675,0.20513076,0.06301602,0.0,0.0,0.0,0.0,0.0
5,4,0.0,0.15849648,0.0,0.0,0.57335675,0.20513076,0.06301602,0.0,0.0,0.0,0.0,0.0
5,4,0.0,0.15849648,0.0,0.0,0.57335675,0.20513076,0.06301602,0.0,0.0,0.0,0.0,0.0
5,4,0.0,0.15849648,0.0,0.0,0.57335675,0.20513076,0.06301602,0.0,0.0,0.0,0.0,0.0
5,4,0.0,0.15849648,0.0,0.0,0.52112365,0.25736386,0.06301602,0.0,0.0,0.0,0.0,0.0
5,4,0.0,0.15849648,0.0,0.0,0.52112365,0.25736386,0.06301602,0.0,0.0,0.0,0.0,0.0
5,4,0.0,0.15849648,0.0,0.0,0.52112365,0.25736386,0.06301602,0.0,0.0,0.0,0.0,0.0
5,4,0.0,0.15849648,0.0,0.0,0.52112365,0.25736386,0.06301602,0.0,0.0,0.0,0.0,0.0
5,4,0.0,0.15849648,0.0,0.0,0.52112365,0.25736386,0.06301602,0.0,0.0,0.0,0.0,0.0
5,4,0.0,0.15849648,0.0,0.0,0.52112365,0.25736386,0.06301602,0.0,0.0,0.0,0.0,0.0
5,4,0.0,0.15849648,0.0,0.0,0.52112365,0.25736386,0.06301602,0.0,0.0,0.0,0.0,0.0
5,4,0.0,0.15849648,0.0,0.0,0.52112365,0.25736386,0.06301602,0.0,0.0,0.0,0.0,0.0
5,4,0.0,0.15849648,0.0,0.0,0.52112365,0.25736386,0.06301602,0.0,0.0,0.0,0.0,0.0
5,4,0.0,0.15849648,0.0,0.0,0.52112365,0.25736386,0.06301602,0.0,0.0,0.0,0.0,0.0
5,4,0.0,0.15849648,0.0,0.0,0.52112365,0.25736386,0.06301602,0.0,0.0,0.0,0.0,0.0
5,4,0.0,0.15849648,0.0,0.0,0.52112365,0.25736386,0.06301602,0.0,0.0,0.0,0.0,0.0
5,4,0.0,0.15849648,0.0,0.0,0.52112365,0.25736386,0.06301602,0.0,0.0,0.0,0.0,0.0
5,4,0.0,0.15849648,0.0,0.0,0.52112365,0.25736386,0.06301602,0.0,0.0,0.0,0.0,0.0
5,4,0.0,0.15849648,0.0,0.0,0.52112365,0.25736386,0.06301602,0.0,0.0,0.0,0.0,0.0
5,4,0.0,0.15849648,0.0,0.0,0.52112365,0.25736386,0.06301602,0.0,0.0,0.0,0.0,0.0
5,4,0.0,0.15849648,0.0,0.0,0.52112365,0.25736386,0.06301602,0.0,0.0,0.0,0.0,0.0
5,4,0.0,0.15849648,0.0,0.0,0.41653565,0.3619519,0.06301602,0.0,0.0,0.0,0.0,0.0
5,4,0.0,0.15849648,0.0,0.0,0.41653565,0.3619519,0.06301602,0.0,0.0,0.0,0.0,0.0
5,4,0.0,0.15849648,0.0,0.0,0.41653565,0.3619519,0.06301602,0.0,0.0,0.0,0.0,0.0
5,4,0.0,0.15849648,0.0,0.0,0.41653565,0.3619519,0.06301602,0.0,0.0,0.0,0.0,0.0
5,4,0.0,0.15849648,0.0,0.0,0.41653565,0.3619519,0.06301602,0.0,0.0,0.0,0.0,0.0
5,4,0.0,0.15849648,0.0,0.0,0.41653565,0.3619519,0.06301602,0.0,0.0,0.0,0.0,0.0
5,4,0.0,0.15849648,0.0,0.0,0.41653565,0.3619519,0.06301602,0.0,0.0,0.0,0.0,0.0
5,4,0.0,0.15849648,0.0,0.0,0.41653565,0.3619519,0.06301602,0.0,0.0,0.0,0.0,0.0
5,5,0.0,0.15849648,0.0,0.0,0.2789507,0.49953684,0.06301602,0.0,0.0,0.0,0.0,0.0
5,5,0.0,0.15849648,0.0,0.0,0.2789507,0.49953684,0.06301602,0.0,0.0,0.0,0.0,0.0
5,5,0.0,0.15849648,0.0,0.0,0.2789507,0.49953684,0.06301602,0.0,0.0,0.0,0.0,0.0
5,5,0.0,0.15849648,0.0,0.0,0.2789507,0.49953684,0.06301602,0.0,0.0,0.0,0.0,0.0
5,5,0.0,0.15849648,0.0,0.0,0.2789507,0.49953684,0.06301602,0.0,0.0,0.0,0.0,0.0
5,5,0.0,0.15849648,0.0,0.0,0.2789507,0.49953684,0.06301602,0.0,0.0,0.0,0.0,0.0
5,5,0.0,0.15849648,0.0,0.0,0.2789507,0.49953684,0.06301602,0.0,0.0,0.0,0.0,0.0
5,5,0.0,0.1584965,0.0,0.0,0.13739909,0.6410884,0.06301603,0.0,0.0,0.0,0.0,0.0
5,5,0.0,0.1584965,0.0,0.0,0.13739909,0.6410884,0.06301603,0.0,0.0,0.0,0.0,0.0
5,5,0.0,0.1584965,0.0,0.0,0.13739909,0.6410884,0.06301603,0.0,0.0,0.0,0.0,0.0
5,5,0.0,0.1584965,0.0,0.0,0.13739909,0.6410884,0.06301603,0.0,0.0,0.0,0.0,0.0
5,5,0.0,0.1584965,0.0,0.0,0.13739909,0.6410884,0.06301603,0.0,0.0,0.0,0.0,0.0
5,5,0.0,0.1584965,0.0,0.0,0.13739909,0.6410884,0.06301603,0.0,0.0,0.0,0.0,0.0
5,5,0.0,0.1584965,0.0,0.0,0.13739909,0.6410884,0.06301603,0.0,0.0,0.0,0.0,0.0
5,5,0.0,0.1584965,0.0,0.0,0.13739909,0.6410884,0.06301603,0.0,0.0,0.0,0.0,0.0
5,5,0.0,0.1584965,0.0,0.0,0.13739909,0.6410884,0.06301603,0.0,0.0,0.0,0.0,0.0
5,5,0.0,0.1584965,0.0,0.0,0.13739909,0.6410884,0.06301603,0.0,0.0,0.0,0.0,0.0
5,5,0.0,0.1584965,0.0,0.0,0.13739909,0.6410884,0.06301603,0.0,0.0,0.0,0.0,0.0
5,5,0.0,0.1584965,0.0,0.0,0.13739909,0.6410884,0.06301603,0.0,0.0,0.0,0.0,0.0
5,5,0.0,0.1584965,0.0,0.0,0.13739909,0.6410884,0.06301603,0.0,0.0,0.0,0.0,0.0
5,5,0.0,0.1584965,0.0,0.0,0.13739909,0.6410884,0.06301603,0.0,0.0,0.0,0.0,0.0
5,5,0.0,0.1584965,0.0,0.0,0.13739909,0.6410884,0.06301603,0.0,0.0,0.0,0.0,0.0
5,5,0.0,0.15849648,0.0,0.0,0.07777482,0.6410884,0.06301603,0.059624266,0.0,0.0,0.0,0.0
5,5,0.0,0.15849648,0.0,0.0,0.07777482,0.6410884,0.06301603,0.059624266,0.0,0.0,0.0,0.0
5,5,0.0,0.15849648,0.0,0.0,0.07777482,0.6410884,0.06301603,0.059624266,0.0,0.0,0.0,0.0
5,5,0.0,0.15849648,0.0,0.0,0.07777482,0.6410884,0.06301603,0.059624266,0.0,0.0,0.0,0.0
5,5,0.0,0.15849648,0.0,0.0,0.07777482,0.6410884,0.06301603,0.059624266,0.0,0.0,0.0,0.0
5,5,0.0,0.15849648,0.0,0.0,0.07777482,0.6410884,0.06301603,0.059624266,0.0,0.0,0.0,0.0
5,5,0.0,0.15849648,0.0,0.0,0.07777482,0.6410884,0.06301603,0.059624266,0.0,0.0,0.0,0.0
5,5,0.0,0.15849648,0.0,0.0,0.07777482,0.6410884,0.06301603,0.059624266,0.0,0.0,0.0,0.0
5,5,0.0,0.15849648,0.0,0.0,0.05365091,0.66521233,0.06301602,0.059624262,0.0,0.0,0.0,0.0
5,5,0.0,0.15849648,0.0,0.0,0.05365091,0.66521233,0.06301602,0.059624262,0.0,0.0,0.0,0.0
5,5,0.0,0.15849648,0.0,0.0,0.05365091,0.66521233,0.06301602,0.059624262,0.0,0.0,0.0,0.0
5,5,0.0,0.15849648,0.0,0.0,0.05365091,0.66521233,0.06301602,0.059624262,0.0,0.0,0.0,0.0
5,5,0.0,0.15849648,0.0,0.0,0.05365091,0.66521233,0.06301602,0.059624262,0.0,0.0,0.0,0.0
5,5,0.0,0.15849648,0.0,0.0,0.05365091,0.66521233,0.06301602,0.059624262,0.0,0.0,0.0,0.0
5,5,0.0,0.15849648,0.0,0.0,0.05365091,0.66521233,0.06301602,0.059624262,0.0,0.0,0.0,0.0
5,5,0.0,0.15849648,0.0,0.0,0.05365091,0.66521233,0.06301602,0.059624262,0.0,0.0,0.0,0.0
5,5,0.0,0.15849648,0.0,0.0,0.05365091,0.66521233,0.06301602,0.059624262,0.0,0.0,0.0,0.0
5,5,0.0,0.15849648,0.0,0.0,0.05365091,0.66521233,0.06301602,0.059624262,0.0,0.0,0.0,0.0
5,5,0.0,0.15849648,0.0,0.0,0.05365091,0.66521233,0.06301602,0.059624262,0.0,0.0,0.0,0.0
5,5,0.0,0.15849648,0.0,0.0,0.05365091,0.66521233,0.06301602,0.059624262,0.0,0.0,0.0,0.0
5,5,0.0,0.15849648,0.0,0.0,0.05365091,0.66521233,0.06301602,0.059624262,0.0,0.0,0.0,0.0
5,5,0.0,0.15849648,0.0,0.0,0.05365091,0.66521233,0.06301602,0.059624262,0.0,0.0,0.0,0.0
5,5,0.0,0.15849648,0.0,0.0,0.05365091,0.66521233,0.06301602,0.059624262,0.0,0.0,0.0,0.0
5,5,0.0,0.15849648,0.0,0.0,0.05365091,0.66521233,0.06301602,0.059624262,0.0,0.0,0.0,0.0
5,5,0.0,0.15849648,0.0,0.0,0.05365091,0.66521233,0.06301602,0.059624262,0.0,0.0,0.0,0.0
5,5,0.0,0.15849648,0.0,0.0,0.05365091,0.66521233,0.06301602,0.059624262,0.0,0.0,0.0,0.0
5,5,0.0,0.15849648,0.0,0.0,0.013672048,0.66521233,0.10299488,0.059624262,0.0,0.0,0.0,0.0
5,5,0.0,0.15849648,0.0,0.0,0.013672048,0.66521233,0.10299488,0.059624262,0.0,0.0,0.0,0.0
5,5,0.0,0.15849648,0.0,0.0,0.013672048,0.66521233,0.10299488,0.059624262,0.0,0.0,0.0,0.0
5,5,0.0,0.15849648,0.0,0.0,0.013672048,0.66521233,0.10299488,0.059624262,0.0,0.0,0.0,0.0
6,5,0.0,0.15849648,0.0,0.0,0.013672048,0.66521233,0.10299488,0.059624262,0.0,0.0,0.0,0.0
6,5,0.0,0.15849648,0.0,0.0,0.013672048,0.66521233,0.10299488,0.059624262,0.0,0.0,0.0,0.0
6,5,0.0,0.15849648,0.0,0.0,0.013672048,0.66521233,0.10299488,0.059624262,0.0,0.0,0.0,0.0
6,5,0.0,0.15849648,0.0,0.0,0.013672048,0.66521233,0.10299488,0.059624262,0.0,0.0,0.0,0.0
6,5,0.0,0.15849648,0.0,0.0,0.013672048,0.66521233,0.10299488,0.059624262,0.0,0.0,0.0,0.0
6,5,0.0,0.15849648,0.0,0.0,0.013672048,0.66521233,0.10299488,0.059624262,0.0,0.0,0.0,0.0
6,5,0.0,0.12685852,0.0,0.0,0.013672048,0.6968503,0.10299488,0.059624262,0.0,0.0,0.0,0.0
6,5,0.0,0.12685852,0.0,0.0,0.013672048,0.6968503,0.10299488,0.059624262,0.0,0.0,0.0,0.0
6,5,0.0,0.12685852,0.0,0.0,0.013672048,0.6968503,0.10299488,0.059624262,0.0,0.0,0.0,0.0
6,5,0.0,0.12685852,0.0,0.0,0.013672048,0.6968503,0.10299488,0.059624262,0.0,0.0,0.0,0.0
6,5,0.0,0.12685852,0.0,0.0,0.013672048,0.6968503,0.10299488,0.059624262,0.0,0.0,0.0,0.0
6,5,0.0,0.12685852,0.0,0.0,0.013672048,0.6968503,0.10299488,0.059624262,0.0,0.0,0.0,0.0
6,5,0.0,0.10034475,0.0,0.0,0.026513785,0.7735384,0.03997886,0.05962427,0.0,0.0,0.0,0.0
6,5,0.0,0.10034475,0.0,0.0,0.026513785,0.7735384,0.03997886,0.05962427,0.0,0.0,0.0,0.0
6,5,0.0,0.10034475,0.0,0.0,0.026513785,0.7735384,0.03997886,0.05962427,0.0,0.0,0.0,0.0
6,5,0.0,0.10034475,0.0,0.0,0.026513785,0.7735384,0.03997886,0.05962427,0.0,0.0,0.0,0.0
6,5,0.0,0.10034475,0.0,0.0,0.026513785,0.7735384,0.03997886,0.05962427,0.0,0.0,0.0,0.0
6,5,0.0,0.10034475,0.0,0.0,0.026513785,0.7735384,0.03997886,0.05962427,0.0,0.0,0.0,0.0
6,5,0.0,0.10034475,0.0,0.0,0.026513785,0.7735384,0.03997886,0.05962427,0.0,0.0,0.0,0.0
6,5,0.0,0.10034475,0.0,0.0,0.026513785,0.7735384,0.03997886,0.05962427,0.0,0.0,0.0,0.0
6,5,0.0,0.10034475,0.0,0.0,0.026513785,0.7735384,0.03997886,0.05962427,0.0,0.0,0.0,0.0
6,5,0.0,0.10034475,0.0,0.0,0.026513785,0.7735384,0.03997886,0.05962427,0.0,0.0,0.0,0.0
6,5,0.0,0.10034475,0.0,0.0,0.026513785,0.7735384,0.03997886,0.05962427,0.0,0.0,0.0,0.0
6,5,0.0,0.10034475,0.0,0.0,0.026513785,0.7735384,0.03997886,0.05962427,0.0,0.0,0.0,0.0
6,5,0.0,0.10034475,0.0,0.0,0.026513785,0.7735384,0.03997886,0.05962427,0.0,0.0,0.0,0.0
6,5,0.0,0.10034475,0.0,0.0,0.026513785,0.7735384,0.03997886,0.05962427,0.0,0.0,0.0,0.0
6,5,0.0,0.10034475,0.0,0.0,0.026513785,0.7735384,0.03997886,0.05962427,0.0,0.0,0.0,0.0
6,5,0.0,0.10034475,0.0,0.0,0.026513785,0.7735384,0.03997886,0.05962427,0.0,0.0,0.0,0.0
6,5,0.0,0.10034475,0.0,0.0,0.026513785,0.7735384,0.03997886,0.05962427,0.0,0.0,0.0,0.0
6,5,0.0,0.10034475,0.0,0.0,0.026513785,0.7735384,0.03997886,0.05962427,0.0,0.0,0.0,0.0
6,5,0.0,0.10034475,0.0,0.0,0.026513785,0.7735384,0.03997886,0.05962427,0.0,0.0,0.0,0.0
6,5,0.0,0.10034475,0.0,0.0,0.026513785,0.7735384,0.03997886,0.05962427,0.0,0.0,0.0,0.0
6,5,0.0,0.10034475,0.0,0.0,0.026513785,0.7735384,0.03997886,0.05962427,0.0,0.0,0.0,0.0
6,5,0.0,0.10034475,0.0,0.0,0.026513785,0.7735384,0.03997886,0.05962427,0.0,0.0,0.0,0.0
6,5,0.0,0.10034475,0.0,0.0,0.026513785,0.7735384,0.03997886,0.05962427,0.0,0.0,0.0,0.0
6,5,0.0,0.10034475,0.0,0.0,0.026513785,0.7735384,0.03997886,0.05962427,0.0,0.0,0.0,0.0
6,5,0.0,0.10034475,0.0,0.0,0.026513785,0.7735384,0.03997886,0.05962427,0.0,0.0,0.0,0.0
6,5,0.0,0.10034475,0.0,0.0,0.026513785,0.7735384,0.03997886,0.05962427,0.0,0.0,0.0,0.0
6,5,0.0,0.10034475,0.0,0.0,0.026513785,0.7735384,0.03997886,0.05962427,0.0,0.0,0.0,0.0
6,5,0.0,0.10034475,0.0,0.0,0.026513785,0.7735384,0.03997886,0.05962427,0.0,0.0,0.0,0.0
6,5,0.0,0.10034475,0.0,0.0,0.026513785,0.7735384,0.03997886,0.05962427,0.0,0.0,0.0,0.0
6,5,0.0,0.10034475,0.0,0.0,0.026513785,0.7735384,0.03997886,0.05962427,0.0,0.0,0.0,0.0
6,5,0.0,0.10034475,0.0,0.0,0.026513785,0.7735384,0.03997886,0.05962427,0.0,0.0,0.0,0.0
6,5,0.0,0.10034475,0.0,0.0,0.026513785,0.7735384,0.03997886,0.05962427,0.0,0.0,0.0,0.0
6,5,0.0,0.10034475,0.0,0.0,0.026513785,0.7735384,0.03997886,0.05962427,0.0,0.0,0.0,0.0
6,5,0.0,0.10034475,0.0,0.0,0.026513785,0.7735384,0.03997886,0.05962427,0.0,0.0,0.0,0.0
6,5,0.0,0.10034475,0.0,0.0,0.026513785,0.7735384,0.03997886,0.05962427,0.0,0.0,0.0,0.0
6,5,0.0,0.10034475,0.0,0.0,0.026513785,0.7735384,0.03997886,0.05962427,0.0,0.0,0.0,0.0
6,5,0.0,0.10034475,0.0,0.0,0.026513785,0.7735384,0.03997886,0.05962427,0.0,0.0,0.0,0.0
6,5,0.0,0.10034475,0.0,0.0,0.026513785,0.7735384,0.03997886,0.05962427,0.0,0.0,0.0,0.0
6,5,0.0,0.10034475,0.0,0.0,0.026513785,0.7735384,0.03997886,0.05962427,0.0,0.0,0.0,0.0
6,5,0.0,0.10034475,0.0,0.0,0.026513785,0.7735384,0.03997886,0.05962427,0.0,0.0,0.0,0.0
6,5,0.0,0.10034475,0.0,0.0,0.026513785,0.7735384,0.03997886,0.05962427,0.0,0.0,0.0,0.0
6,5,0.0,0.10034475,0.0,0.0,0.026513785,0.7735384,0.03997886,0.05962427,0.0,0.0,0.0,0.0
6,5,0.0,0.10034475,0.0,0.0,0.026513785,0.7735384,0.03997886,0.05962427,0.0,0.0,0.0,0.0
6,5,0.0,0.10034475,0.0,0.0,0.026513785,0.7735384,0.03997886,0.05962427,0.0,0.0,0.0,0.0
6,5,0.0,0.10034475,0.0,0.0,0.026513785,0.7735384,0.03997886,0.05962427,0.0,0.0,0.0,0.0
6,5,0.0,0.10034475,0.0,0.0,0.026513785,0.7735384,0.03997886,0.05962427,0.0,0.0,0.0,0.0
6,5,0.0,0.10034475,0.0,0.0,0.026513785,0.7735384,0.03997886,0.05962427,0.0,0.0,0.0,0.0
6,5,0.0,0.10034475,0.0,0.0,0.026513785,0.7735384,0.03997886,0.05962427,0.0,0.0,0.0,0.0
6,5,0.0,0.10034475,0.0,0.0,0.026513785,0.7735384,0.03997886,0.05962427,0.0,0.0,0.0,0.0
6,5,0.0,0.10034475,0.0,0.0,0.026513785,0.7735384,0.03997886,0.05962427,0.0,0.0,0.0,0.0
6,5,0.0,0.10034475,0.0,0.0,0.026513785,0.7735384,0.03997886,0.05962427,0.0,0.0,0.0,0.0
6,5,0.0,0.10034475,0.0,0.0,0.026513785,0.7735384,0.03997886,0.05962427,0.0,0.0,0.0,0.0
6,5,0.0,0.10034475,0.0,0.0,0.026513785,0.7735384,0.03997886,0.05962427,0.0,0.0,0.0,0.0
6,5,0.0,0.10034475,0.0,0.0,0.026513785,0.7735384,0.03997886,0.05962427,0.0,0.0,0.0,0.0
6,5,0.0,0.10034475,0.0,0.0,0.026513785,0.7735384,0.03997886,0.05962427,0.0,0.0,0.0,0.0
6,5,0.0,0.10034475,0.0,0.0,0.026513785,0.7735384,0.03997886,0.05962427,0.0,0.0,0.0,0.0
6,5,0.0,0.10034475,0.0,0.0,0.026513785,0.7735384,0.03997886,0.05962427,0.0,0.0,0.0,0.0
6,5,0.0,0.10034475,0.0,0.0,0.026513785,0.7735384,0.03997886,0.05962427,0.0,0.0,0.0,0.0
6,5,0.0,0.10034475,0.0,0.0,0.026513785,0.7735384,0.03997886,0.05962427,0.0,0.0,0.0,0.0
6,5,0.0,0.10034475,0.0,0.0,0.026513785,0.7735384,0.03997886,0.05962427,0.0,0.0,0.0,0.0
6,5,0.0,0.10034475,0.0,0.0,0.026513785,0.7735384,0.03997886,0.05962427,0.0,0.0,0.0,0.0
6,5,0.0,0.10034475,0.0,0.0,0.026513785,0.7735384,0.03997886,0.05962427,0.0,0.0,0.0,0.0
6,5,0.0,0.10034475,0.0,0.0,0.026513785,0.7735384,0.03997886,0.05962427,0.0,0.0,0.0,0.0
6,5,0.0,0.10034475,0.0,0.0,0.026513785,0.7735384,0.03997886,0.05962427,0.0,0.0,0.0,0.0
6,5,0.0,0.10034475,0.0,0.0,0.026513785,0.7735384,0.03997886,0.05962427,0.0,0.0,0.0,0.0
6,5,0.0,0.10034475,0.0,0.0,0.026513785,0.7735384,0.03997886,0.05962427,0.0,0.0,0.0,0.0
6,5,0.0,0.10034475,0.0,0.0,0.026513785,0.7735384,0.03997886,0.05962427,0.0,0.0,0.0,0.0
6,5,0.0,0.10034475,0.0,0.0,0.026513785,0.7735384,0.03997886,0.05962427,0.0,0.0,0.0,0.0
6,5,0.0,0.10034475,0.0,0.0,0.026513785,0.7735384,0.03997886,0.05962427,0.0,0.0,0.0,0.0
6,5,0.0,0.10034475,0.0,0.0,0.026513785,0.7735384,0.03997886,0.05962427,0.0,0.0,0.0,0.0
6,5,0.0,0.10034475,0.0,0.0,0.026513785,0.7735384,0.03997886,0.05962427,0.0,0.0,0.0,0.0
6,5,0.0,0.10034475,0.0,0.0,0.026513785,0.7735384,0.03997886,0.05962427,0.0,0.0,0.0,0.0
6,5,0.0,0.10034475,0.0,0.0,0.026513785,0.7735384,0.03997886,0.05962427,0.0,0.0,0.0,0.0
6,5,0.0,0.10034475,0.0,0.0,0.026513785,0.7735384,0.03997886,0.05962427,0.0,0.0,0.0,0.0
6,5,0.0,0.10034475,0.0,0.0,0.026513785,0.7735384,0.03997886,0.05962427,0.0,0.0,0.0,0.0
6,5,0.0,0.10034475,0.0,0.0,0.026513785,0.7735384,0.03997886,0.05962427,0.0,0.0,0.0,0.0
6,5,0.0,0.10034475,0.0,0.0,0.026513785,0.7735384,0.03997886,0.05962427,0.0,0.0,0.0,0.0
6,5,0.0,0.10034475,0.0,0.0,0.026513785,0.7735384,0.03997886,0.05962427,0.0,0.0,0.0,0.0
6,5,0.0,0.10034475,0.0,0.0,0.026513785,0.7735384,0.03997886,0.05962427,0.0,0.0,0.0,0.0
6,5,0.0,0.10034475,0.0,0.0,0.026513785,0.7735384,0.03997886,0.05962427,0.0,0.0,0.0,0.0
6,5,0.0,0.10034475,0.0,0.0,0.026513785,0.7735384,0.03997886,0.05962427,0.0,0.0,0.0,0.0
6,5,0.0,0.10034475,0.0,0.0,0.026513785,0.7735384,0.03997886,0.05962427,0.0,0.0,0.0,0.0
6,5,0.0,0.10034475,0.0,0.0,0.026513785,0.7735384,0.03997886,0.05962427,0.0,0.0,0.0,0.0
6,5,0.0,0.10034475,0.0,0.0,0.026513785,0.7735384,0.03997886,0.05962427,0.0,0.0,0.0,0.0
6,5,0.0,0.10034475,0.0,0.0,0.026513785,0.7735384,0.03997886,0.05962427,0.0,0.0,0.0,0.0
6,5,0.0,0.10034475,0.0,0.0,0.026513785,0.7735384,0.03997886,0.05962427,0.0,0.0,0.0,0.0
6,5,0.0,0.10034475,0.0,0.0,0.026513785,0.7735384,0.03997886,0.05962427,0.0,0.0,0.0,0.0
6,5,0.0,0.10034475,0.0,0.0,0.026513785,0.7735384,0.03997886,0.05962427,0.0,0.0,0.0,0.0
6,5,0.0,0.10034475,0.0,0.0,0.026513785,0.7735384,0.03997886,0.05962427,0.0,0.0,0.0,0.0
6,5,0.0,0.10034475,0.0,0.0,0.026513785,0.7735384,0.03997886,0.05962427,0.0,0.0,0.0,0.0
6,5,0.0,0.10034475,0.0,0.0,0.026513785,0.7735384,0.03997886,0.05962427,0.0,0.0,0.0,0.0
6,5,0.0,0.10034475,0.0,0.0,0.026513785,0.7735384,0.03997886,0.05962427,0.0,0.0,0.0,0.0
6,5,0.0,0.10034475,0.0,0.0,0.026513785,0.7735384,0.03997886,0.05962427,0.0,0.0,0.0,0.0
6,5,0.0,0.10034475,0.0,0.0,0.026513785,0.7735384,0.03997886,0.05962427,0.0,0.0,0.0,0.0
6,5,0.0,0.10034475,0.0,0.0,0.026513785,0.7735384,0.03997886,0.05962427,0.0,0.0,0.0,0.0
6,5,0.0,0.10034475,0.0,0.0,0.026513785,0.7735384,0.03997886,0.05962427,0.0,0.0,0.0,0.0
6,5,0.0,0.10034475,0.0,0.0,0.026513785,0.8135173,0.0,0.05962427,0.0,0.0,0.0,0.0
6,5,0.0,0.10034475,0.0,0.0,0.026513785,0.8135173,0.0,0.05962427,0.0,0.0,0.0,0.0
6,5,0.0,0.10034475,0.0,0.0,0.026513785,0.8135173,0.0,0.05962427,0.0,0.0,0.0,0.0
6,5,0.0,0.10034475,0.0,0.0,0.026513785,0.8135173,0.0,0.05962427,0.0,0.0,0.0,0.0
6,5,0.0,0.10034475,0.0,0.0,0.026513785,0.8135173,0.0,0.05962427,0.0,0.0,0.0,0.0
6,5,0.0,0.10034475,0.0,0.0,0.026513785,0.8135173,0.0,0.05962427,0.0,0.0,0.0,0.0
6,5,0.0,0.10034475,0.0,0.0,0.026513785,0.8135173,0.0,0.05962427,0.0,0.0,0.0,0.0
6,5,0.0,0.10034475,0.0,0.0,0.026513785,0.8135173,0.0,0.05962427,0.0,0.0,0.0,0.0
6,5,0.0,0.10034475,0.0,0.0,0.026513785,0.8135173,0.0,0.05962427,0.0,0.0,0.0,0.0
6,5,0.0,0.10034475,0.0,0.0,0.026513785,0.8135173,0.0,0.05962427,0.0,0.0,0.0,0.0
6,5,0.0,0.10034475,0.0,0.0,0.026513785,0.8135173,0.0,0.05962427,0.0,0.0,0.0,0.0
6,5,0.0,0.10034475,0.0,0.0,0.026513785,0.8135173,0.0,0.05962427,0.0,0.0,0.0,0.0
6,5,0.0,0.10034475,0.0,0.0,0.026513785,0.8135173,0.0,0.05962427,0.0,0.0,0.0,0.0
6,5,0.0,0.10034475,0.0,0.0,0.026513785,0.8135173,0.0,0.05962427,0.0,0.0,0.0,0.0
6,5,0.0,0.10034475,0.0,0.0,0.026513785,0.8135173,0.0,0.05962427,0.0,0.0,0.0,0.0
6,5,0.0,0.10034475,0.0,0.0,0.026513785,0.8135173,0.0,0.05962427,0.0,0.0,0.0,0.0
6,5,0.0,0.10034475,0.0,0.0,0.026513785,0.8135173,0.0,0.05962427,0.0,0.0,0.0,0.0
6,5,0.0,0.10034475,0.0,0.0,0.026513785,0.8135173,0.0,0.05962427,0.0,0.0,0.0,0.0
6,5,0.0,0.10034475,0.0,0.0,0.026513785,0.8135173,0.0,0.05962427,0.0,0.0,0.0,0.0
6,5,0.0,0.10034475,0.0,0.0,0.026513785,0.8135173,0.0,0.05962427,0.0,0.0,0.0,0.0
6,5,0.0,0.10034475,0.0,0.0,0.026513785,0.8135173,0.0,0.05962427,0.0,0.0,0.0,0.0
6,5,0.0,0.10034475,0.0,0.0,0.026513785,0.8135173,0.0,0.05962427,0.0,0.0,0.0,0.0
6,5,0.0,0.10034475,0.0,0.0,0.026513785,0.8135173,0.0,0.05962427,0.0,0.0,0.0,0.0
6,5,0.0,0.10034475,0.0,0.0,0.026513785,0.8135173,0.0,0.05962427,0.0,0.0,0.0,0.0
6,5,0.0,0.10034475,0.0,0.0,0.026513785,0.8135173,0.0,0.05962427,0.0,0.0,0.0,0.0
6,5,0.0,0.10034475,0.0,0.0,0.026513785,0.8135173,0.0,0.05962427,0.0,0.0,0.0,0.0
6,5,0.0,0.10034475,0.0,0.0,0.026513785,0.8135173,0.0,0.05962427,0.0,0.0,0.0,0.0
6,5,0.0,0.10034475,0.0,0.0,0.026513785,0.8135173,0.0,0.05962427,0.0,0.0,0.0,0.0
6,5,0.0,0.10034475,0.0,0.0,0.026513785,0.8135173,0.0,0.05962427,0.0,0.0,0.0,0.0
6,5,0.0,0.10034475,0.0,0.0,0.026513785,0.8135173,0.0,0.05962427,0.0,0.0,0.0,0.0
6,5,0.0,0.10034475,0.0,0.0,0.026513785,0.8135173,0.0,0.05962427,0.0,0.0,0.0,0.0
6,5,0.0,0.10034475,0.0,0.0,0.026513785,0.8135173,0.0,0.05962427,0.0,0.0,0.0,0.0
6,5,0.0,0.10034475,0.0,0.0,0.026513785,0.8135173,0.0,0.05962427,0.0,0.0,0.0,0.0
6,5,0.0,0.10034475,0.0,0.0,0.026513785,0.8135173,0.0,0.05962427,0.0,0.0,0.0,0.0
6,5,0.0,0.10034475,0.0,0.0,0.026513785,0.8135173,0.0,0.05962427,0.0,0.0,0.0,0.0
6,5,0.0,0.10034475,0.0,0.0,0.026513785,0.8135173,0.0,0.05962427,0.0,0.0,0.0,0.0
6,5,0.0,0.10034475,0.0,0.0,0.026513785,0.8135173,0.0,0.05962427,0.0,0.0,0.0,0.0
6,5,0.0,0.10034475,0.0,0.0,0.026513785,0.8135173,0.0,0.05962427,0.0,0.0,0.0,0.0
6,5,0.0,0.10034475,0.0,0.0,0.026513785,0.8135173,0.0,0.05962427,0.0,0.0,0.0,0.0
6,5,0.0,0.10034475,0.0,0.0,0.026513785,0.8135173,0.0,0.05962427,0.0,0.0,0.0,0.0
6,5,0.0,0.10034475,0.0,0.0,0.026513785,0.8135173,0.0,0.05962427,0.0,0.0,0.0,0.0
6,5,0.0,0.10034475,0.0,0.0,0.026513785,0.8135173,0.0,0.05962427,0.0,0.0,0.0,0.0
6,5,0.0,0.10034475,0.0,0.0,0.026513785,0.8135173,0.0,0.05962427,0.0,0.0,0.0,0.0
6,5,0.0,0.10034475,0.0,0.0,0.026513785,0.8135173,0.0,0.05962427,0.0,0.0,0.0,0.0
6,5,0.0,0.10034475,0.0,0.0,0.026513785,0.8135173,0.0,0.05962427,0.0,0.0,0.0,0.0
6,5,0.0,0.10034475,0.0,0.0,0.026513785,0.8135173,0.0,0.05962427,0.0,0.0,0.0,0.0
6,5,0.0,0.10034475,0.0,0.0,0.026513785,0.8135173,0.0,0.05962427,0.0,0.0,0.0,0.0
6,5,0.0,0.10034475,0.0,0.0,0.026513785,0.8135173,0.0,0.05962427,0.0,0.0,0.0,0.0
6,5,0.0,0.10034475,0.0,0.0,0.026513785,0.8135173,0.0,0.05962427,0.0,0.0,0.0,0.0
6,5,0.0,0.10034475,0.0,0.0,0.026513785,0.8135173,0.0,0.05962427,0.0,0.0,0.0,0.0
6,5,0.0,0.10034475,0.0,0.0,0.026513785,0.8135173,0.0,0.05962427,0.0,0.0,0.0,0.0
6,5,0.0,0.10034475,0.0,0.0,0.026513785,0.8135173,0.0,0.05962427,0.0,0.0,0.0,0.0
6,5,0.0,0.10034475,0.0,0.0,0.026513785,0.8135173,0.0,0.05962427,0.0,0.0,0.0,0.0
6,5,0.0,0.10034475,0.0,0.0,0.026513785,0.8135173,0.0,0.05962427,0.0,0.0,0.0,0.0
6,5,0.0,0.10034475,0.0,0.0,0.026513785,0.8135173,0.0,0.05962427,0.0,0.0,0.0,0.0
6,5,0.0,0.10034475,0.0,0.0,0.026513785,0.8135173,0.0,0.05962427,0.0,0.0,0.0,0.0
6,5,0.0,0.10034475,0.0,0.0,0.026513785,0.8135173,0.0,0.05962427,0.0,0.0,0.0,0.0
6,5,0.0,0.10034475,0.0,0.0,0.026513785,0.8135173,0.0,0.05962427,0.0,0.0,0.0,0.0
6,5,0.0,0.10034475,0.0,0.0,0.026513785,0.8135173,0.0,0.05962427,0.0,0.0,0.0,0.0
6,5,0.0,0.10034475,0.0,0.0,0.026513785,0.8135173,0.0,0.05962427,0.0,0.0,0.0,0.0
6,5,0.0,0.10034475,0.0,0.0,0.026513785,0.8135173,0.0,0.05962427,0.0,0.0,0.0,0.0
6,5,0.0,0.10034475,0.0,0.0,0.026513785,0.8135173,0.0,0.05962427,0.0,0.0,0.0,0.0
6,5,0.0,0.0,0.0,0.0,0.026513783,0.913862,0.0,0.059624266,0.0,0.0,0.0,0.0
6,5,0.0,0.0,0.0,0.0,0.026513783,0.913862,0.0,0.059624266,0.0,0.0,0.0,0.0
6,5,0.0,0.0,0.0,0.0,0.0,0.94037575,0.0,0.059624262,0.0,0.0,0.0,0.0
6,5,0.0,0.0,0.0,0.0,0.0,0.94037575,0.0,0.059624262,0.0,0.0,0.0,0.0
6,5,0.0,0.0,0.0,0.0,0.0,0.94037575,0.0,0.059624262,0.0,0.0,0.0,0.0
6,5,0.0,0.0,0.0,0.0,0.0,0.94037575,0.0,0.059624262,0.0,0.0,0.0,0.0
6,5,0.0,0.0,0.0,0.0,0.0,0.94037575,0.0,0.059624262,0.0,0.0,0.0,0.0
6,5,0.0,0.0,0.0,0.0,0.0,0.94037575,0.0,0.059624262,0.0,0.0,0.0,0.0
6,5,0.0,0.0,0.0,0.0,0.0,0.94037575,0.0,0.059624262,0.0,0.0,0.0,0.0
6,5,0.0,0.0,0.0,0.0,0.0,0.94037575,0.0,0.059624262,0.0,0.0,0.0,0.0
6,5,0.0,0.0,0.0,0.0,0.0,1.0,0.0,0.0,0.0,0.0,0.0,0.0
6,5,0.0,0.0,0.0,0.0,0.0,1.0,0.0,0.0,0.0,0.0,0.0,0.0
6,5,0.0,0.0,0.0,0.0,0.0,1.0,0.0,0.0,0.0,0.0,0.0,0.0
6,5,0.0,0.0,0.0,0.0,0.0,1.0,0.0,0.0,0.0,0.0,0.0,0.0
6,5,0.0,0.0,0.0,0.0,0.0,1.0,0.0,0.0,0.0,0.0,0.0,0.0
6,5,0.0,0.0,0.0,0.0,0.0,1.0,0.0,0.0,0.0,0.0,0.0,0.0
6,5,0.0,0.0,0.0,0.0,0.0,1.0,0.0,0.0,0.0,0.0,0.0,0.0
6,5,0.0,0.0,0.0,0.0,0.0,1.0,0.0,0.0,0.0,0.0,0.0,0.0
6,5,0.0,0.0,0.0,0.0,0.0,1.0,0.0,0.0,0.0,0.0,0.0,0.0
6,5,0.0,0.0,0.0,0.0,0.0,1.0,0.0,0.0,0.0,0.0,0.0,0.0
6,5,0.0,0.0,0.0,0.0,0.0,1.0,0.0,0.0,0.0,0.0,0.0,0.0
6,5,0.0,0.0,0.0,0.0,0.0,1.0,0.0,0.0,0.0,0.0,0.0,0.0
6,5,0.0,0.0,0.0,0.0,0.0,1.0,0.0,0.0,0.0,0.0,0.0,0.0
6,5,0.0,0.0,0.0,0.0,0.0,1.0,0.0,0.0,0.0,0.0,0.0,0.0
6,5,0.0,0.0,0.0,0.0,0.0,1.0,0.0,0.0,0.0,0.0,0.0,0.0
6,5,0.0,0.0,0.0,0.0,0.0,1.0,0.0,0.0,0.0,0.0,0.0,0.0
6,5,0.0,0.0,0.0,0.0,0.0,1.0,0.0,0.0,0.0,0.0,0.0,0.0
6,5,0.0,0.0,0.0,0.0,0.0,1.0,0.0,0.0,0.0,0.0,0.0,0.0
6,5,0.0,0.0,0.0,0.0,0.0,1.0,0.0,0.0,0.0,0.0,0.0,0.0
6,5,0.0,0.0,0.0,0.0,0.0,1.0,0.0,0.0,0.0,0.0,0.0,0.0
6,5,0.0,0.0,0.0,0.0,0.0,1.0,0.0,0.0,0.0,0.0,0.0,0.0
6,5,0.0,0.0,0.0,0.0,0.0,1.0,0.0,0.0,0.0,0.0,0.0,0.0
6,5,0.0,0.0,0.0,0.0,0.0,1.0,0.0,0.0,0.0,0.0,0.0,0.0
6,5,0.0,0.0,0.0,0.0,0.0,1.0,0.0,0.0,0.0,0.0,0.0,0.0
6,5,0.0,0.0,0.0,0.0,0.0,1.0,0.0,0.0,0.0,0.0,0.0,0.0
6,5,0.0,0.0,0.0,0.0,0.0,1.0,0.0,0.0,0.0,0.0,0.0,0.0
6,5,0.0,0.0,0.0,0.0,0.0,1.0,0.0,0.0,0.0,0.0,0.0,0.0
6,5,0.0,0.0,0.0,0.0,0.0,1.0,0.0,0.0,0.0,0.0,0.0,0.0
6,5,0.0,0.0,0.0,0.0,0.0,1.0,0.0,0.0,0.0,0.0,0.0,0.0
6,5,0.0,0.0,0.0,0.0,0.0,1.0,0.0,0.0,0.0,0.0,0.0,0.0
6,5,0.0,0.0,0.0,0.0,0.0,1.0,0.0,0.0,0.0,0.0,0.0,0.0
6,5,0.0,0.0,0.0,0.0,0.0,1.0,0.0,0.0,0.0,0.0,0.0,0.0
6,5,0.0,0.0,0.0,0.0,0.0,1.0,0.0,0.0,0.0,0.0,0.0,0.0
6,5,0.0,0.0,0.0,0.0,0.0,1.0,0.0,0.0,0.0,0.0,0.0,0.0
6,5,0.0,0.0,0.0,0.0,0.0,1.0,0.0,0.0,0.0,0.0,0.0,0.0
6,5,0.0,0.0,0.0,0.0,0.0,1.0,0.0,0.0,0.0,0.0,0.0,0.0
6,5,0.0,0.0,0.0,0.0,0.0,1.0,0.0,0.0,0.0,0.0,0.0,0.0
6,5,0.0,0.0,0.0,0.0,0.0,1.0,0.0,0.0,0.0,0.0,0.0,0.0
6,5,0.0,0.0,0.0,0.0,0.0,1.0,0.0,0.0,0.0,0.0,0.0,0.0
6,5,0.0,0.0,0.0,0.0,0.0,1.0,0.0,0.0,0.0,0.0,0.0,0.0
6,5,0.0,0.0,0.0,0.0,0.0,1.0,0.0,0.0,0.0,0.0,0.0,0.0
6,5,0.0,0.0,0.0,0.0,0.0,1.0,0.0,0.0,0.0,0.0,0.0,0.0
6,5,0.0,0.0,0.0,0.0,0.0,1.0,0.0,0.0,0.0,0.0,0.0,0.0
6,5,0.0,0.0,0.0,0.0,0.0,1.0,0.0,0.0,0.0,0.0,0.0,0.0
6,5,0.0,0.0,0.0,0.0,0.0,1.0,0.0,0.0,0.0,0.0,0.0,0.0
6,5,0.0,0.0,0.0,0.0,0.0,1.0,0.0,0.0,0.0,0.0,0.0,0.0
6,5,0.0,0.0,0.0,0.0,0.0,1.0,0.0,0.0,0.0,0.0,0.0,0.0
6,5,0.0,0.0,0.0,0.0,0.0,1.0,0.0,0.0,0.0,0.0,0.0,0.0
6,5,0.0,0.0,0.0,0.0,0.0,1.0,0.0,0.0,0.0,0.0,0.0,0.0
6,5,0.0,0.0,0.0,0.0,0.0,1.0,0.0,0.0,0.0,0.0,0.0,0.0
6,5,0.0,0.0,0.0,0.0,0.0,1.0,0.0,0.0,0.0,0.0,0.0,0.0
6,5,0.0,0.0,0.0,0.0,0.0,1.0,0.0,0.0,0.0,0.0,0.0,0.0
6,5,0.0,0.0,0.0,0.0,0.0,1.0,0.0,0.0,0.0,0.0,0.0,0.0
6,5,0.0,0.0,0.0,0.0,0.0,1.0,0.0,0.0,0.0,0.0,0.0,0.0
6,5,0.0,0.0,0.0,0.0,0.0,1.0,0.0,0.0,0.0,0.0,0.0,0.0
6,5,0.0,0.0,0.0,0.0,0.0,1.0,0.0,0.0,0.0,0.0,0.0,0.0
6,5,0.0,0.0,0.0,0.0,0.0,1.0,0.0,0.0,0.0,0.0,0.0,0.0
6,5,0.0,0.0,0.0,0.0,0.0,1.0,0.0,0.0,0.0,0.0,0.0,0.0
6,5,0.0,0.0,0.0,0.0,0.0,1.0,0.0,0.0,0.0,0.0,0.0,0.0
6,5,0.0,0.0,0.0,0.0,0.0,1.0,0.0,0.0,0.0,0.0,0.0,0.0
6,5,0.0,0.0,0.0,0.0,0.0,1.0,0.0,0.0,0.0,0.0,0.0,0.0
6,5,0.0,0.0,0.0,0.0,0.0,1.0,0.0,0.0,0.0,0.0,0.0,0.0
6,5,0.0,0.0,0.0,0.0,0.0,1.0,0.0,0.0,0.0,0.0,0.0,0.0
6,5,0.0,0.0,0.0,0.0,0.0,1.0,0.0,0.0,0.0,0.0,0.0,0.0
6,5,0.0,0.0,0.0,0.0,0.0,1.0,0.0,0.0,0.0,0.0,0.0,0.0
6,5,0.0,0.0,0.0,0.0,0.0,1.0,0.0,0.0,0.0,0.0,0.0,0.0
6,5,0.0,0.0,0.0,0.0,0.0,1.0,0.0,0.0,0.0,0.0,0.0,0.0
6,5,0.0,0.0,0.0,0.0,0.0,1.0,0.0,0.0,0.0,0.0,0.0,0.0
6,5,0.0,0.0,0.0,0.0,0.0,1.0,0.0,0.0,0.0,0.0,0.0,0.0
6,5,0.0,0.0,0.0,0.0,0.0,1.0,0.0,0.0,0.0,0.0,0.0,0.0
6,5,0.0,0.0,0.0,0.0,0.0,1.0,0.0,0.0,0.0,0.0,0.0,0.0
6,5,0.0,0.0,0.0,0.0,0.0,1.0,0.0,0.0,0.0,0.0,0.0,0.0
6,5,0.0,0.0,0.0,0.0,0.0,1.0,0.0,0.0,0.0,0.0,0.0,0.0
6,5,0.0,0.0,0.0,0.0,0.0,1.0,0.0,0.0,0.0,0.0,0.0,0.0
6,5,0.0,0.0,0.0,0.0,0.0,1.0,0.0,0.0,0.0,0.0,0.0,0.0
6,5,0.0,0.0,0.0,0.0,0.0,1.0,0.0,0.0,0.0,0.0,0.0,0.0
6,5,0.0,0.0,0.0,0.0,0.0,1.0,0.0,0.0,0.0,0.0,0.0,0.0
6,5,0.0,0.0,0.0,0.0,0.0,1.0,0.0,0.0,0.0,0.0,0.0,0.0
6,5,0.0,0.0,0.0,0.0,0.0,1.0,0.0,0.0,0.0,0.0,0.0,0.0
6,5,0.0,0.0,0.0,0.0,0.0,1.0,0.0,0.0,0.0,0.0,0.0,0.0
6,5,0.0,0.0,0.0,0.0,0.0,1.0,0.0,0.0,0.0,0.0,0.0,0.0
6,5,0.0,0.0,0.0,0.0,0.0,1.0,0.0,0.0,0.0,0.0,0.0,0.0
6,5,0.0,0.0,0.0,0.0,0.0,1.0,0.0,0.0,0.0,0.0,0.0,0.0
6,5,0.0,0.0,0.0,0.0,0.0,1.0,0.0,0.0,0.0,0.0,0.0,0.0
6,5,0.0,0.0,0.0,0.0,0.0,1.0,0.0,0.0,0.0,0.0,0.0,0.0
6,5,0.0,0.0,0.0,0.0,0.0,1.0,0.0,0.0,0.0,0.0,0.0,0.0
6,5,0.0,0.0,0.0,0.0,0.0,1.0,0.0,0.0,0.0,0.0,0.0,0.0
6,5,0.0,0.0,0.0,0.0,0.0,1.0,0.0,0.0,0.0,0.0,0.0,0.0
6,5,0.0,0.0,0.0,0.0,0.0,1.0,0.0,0.0,0.0,0.0,0.0,0.0
6,5,0.0,0.0,0.0,0.0,0.0,1.0,0.0,0.0,0.0,0.0,0.0,0.0
6,5,0.0,0.0,0.0,0.0,0.0,1.0,0.0,0.0,0.0,0.0,0.0,0.0
6,5,0.0,0.0,0.0,0.0,0.0,1.0,0.0,0.0,0.0,0.0,0.0,0.0
6,5,0.0,0.0,0.0,0.0,0.0,1.0,0.0,0.0,0.0,0.0,0.0,0.0
6,5,0.0,0.0,0.0,0.0,0.0,1.0,0.0,0.0,0.0,0.0,0.0,0.0
6,5,0.0,0.0,0.0,0.0,0.0,1.0,0.0,0.0,0.0,0.0,0.0,0.0
6,5,0.0,0.0,0.0,0.0,0.0,1.0,0.0,0.0,0.0,0.0,0.0,0.0
6,5,0.0,0.0,0.0,0.0,0.0,1.0,0.0,0.0,0.0,0.0,0.0,0.0
6,5,0.0,0.0,0.0,0.0,0.0,1.0,0.0,0.0,0.0,0.0,0.0,0.0
6,5,0.0,0.0,0.0,0.0,0.0,1.0,0.0,0.0,0.0,0.0,0.0,0.0
6,5,0.0,0.0,0.0,0.0,0.0,1.0,0.0,0.0,0.0,0.0,0.0,0.0
6,5,0.0,0.0,0.0,0.0,0.0,1.0,0.0,0.0,0.0,0.0,0.0,0.0
6,5,0.0,0.0,0.0,0.0,0.0,1.0,0.0,0.0,0.0,0.0,0.0,0.0
6,5,0.0,0.0,0.0,0.0,0.0,1.0,0.0,0.0,0.0,0.0,0.0,0.0
6,5,0.0,0.0,0.0,0.0,0.0,1.0,0.0,0.0,0.0,0.0,0.0,0.0
6,5,0.0,0.0,0.0,0.0,0.0,1.0,0.0,0.0,0.0,0.0,0.0,0.0
6,5,0.0,0.0,0.0,0.0,0.0,1.0,0.0,0.0,0.0,0.0,0.0,0.0
6,5,0.0,0.0,0.0,0.0,0.0,1.0,0.0,0.0,0.0,0.0,0.0,0.0
6,5,0.0,0.0,0.0,0.0,0.0,1.0,0.0,0.0,0.0,0.0,0.0,0.0
6,5,0.0,0.0,0.0,0.0,0.0,1.0,0.0,0.0,0.0,0.0,0.0,0.0
6,5,0.0,0.0,0.0,0.0,0.0,1.0,0.0,0.0,0.0,0.0,0.0,0.0
6,5,0.0,0.0,0.0,0.0,0.0,1.0,0.0,0.0,0.0,0.0,0.0,0.0
6,5,0.0,0.0,0.0,0.0,0.0,1.0,0.0,0.0,0.0,0.0,0.0,0.0
6,5,0.0,0.0,0.0,0.0,0.0,1.0,0.0,0.0,0.0,0.0,0.0,0.0
6,5,0.0,0.0,0.0,0.0,0.0,1.0,0.0,0.0,0.0,0.0,0.0,0.0
6,5,0.0,0.0,0.0,0.0,0.0,1.0,0.0,0.0,0.0,0.0,0.0,0.0
6,5,0.0,0.0,0.0,0.0,0.0,1.0,0.0,0.0,0.0,0.0,0.0,0.0
6,5,0.0,0.0,0.0,0.0,0.0,1.0,0.0,0.0,0.0,0.0,0.0,0.0
6,5,0.0,0.0,0.0,0.0,0.0,1.0,0.0,0.0,0.0,0.0,0.0,0.0
6,5,0.0,0.0,0.0,0.0,0.0,1.0,0.0,0.0,0.0,0.0,0.0,0.0
6,5,0.0,0.0,0.0,0.0,0.0,1.0,0.0,0.0,0.0,0.0,0.0,0.0
6,5,0.0,0.0,0.0,0.0,0.0,1.0,0.0,0.0,0.0,0.0,0.0,0.0
6,5,0.0,0.0,0.0,0.0,0.0,1.0,0.0,0.0,0.0,0.0,0.0,0.0
6,5,0.0,0.0,0.0,0.0,0.0,1.0,0.0,0.0,0.0,0.0,0.0,0.0
6,5,0.0,0.0,0.0,0.0,0.0,1.0,0.0,0.0,0.0,0.0,0.0,0.0
6,5,0.0,0.0,0.0,0.0,0.0,1.0,0.0,0.0,0.0,0.0,0.0,0.0
6,5,0.0,0.0,0.0,0.0,0.0,1.0,0.0,0.0,0.0,0.0,0.0,0.0
6,5,0.0,0.0,0.0,0.0,0.0,1.0,0.0,0.0,0.0,0.0,0.0,0.0
6,5,0.0,0.0,0.0,0.0,0.0,1.0,0.0,0.0,0.0,0.0,0.0,0.0
6,5,0.0,0.0,0.0,0.0,0.0,1.0,0.0,0.0,0.0,0.0,0.0,0.0
6,5,0.0,0.0,0.0,0.0,0.0,1.0,0.0,0.0,0.0,0.0,0.0,0.0
6,5,0.0,0.0,0.0,0.0,0.0,1.0,0.0,0.0,0.0,0.0,0.0,0.0
6,5,0.0,0.0,0.0,0.0,0.0,1.0,0.0,0.0,0.0,0.0,0.0,0.0
6,5,0.0,0.0,0.0,0.0,0.0,1.0,0.0,0.0,0.0,0.0,0.0,0.0
6,5,0.0,0.0,0.0,0.0,0.0,1.0,0.0,0.0,0.0,0.0,0.0,0.0
6,5,0.0,0.0,0.0,0.0,0.0,1.0,0.0,0.0,0.0,0.0,0.0,0.0
6,5,0.0,0.0,0.0,0.0,0.0,1.0,0.0,0.0,0.0,0.0,0.0,0.0
6,5,0.0,0.0,0.0,0.0,0.0,1.0,0.0,0.0,0.0,0.0,0.0,0.0
6,5,0.0,0.0,0.0,0.0,0.0,1.0,0.0,0.0,0.0,0.0,0.0,0.0
6,5,0.0,0.0,0.0,0.0,0.0,1.0,0.0,0.0,0.0,0.0,0.0,0.0
6,5,0.0,0.0,0.0,0.0,0.0,1.0,0.0,0.0,0.0,0.0,0.0,0.0
6,5,0.0,0.0,0.0,0.0,0.0,1.0,0.0,0.0,0.0,0.0,0.0,0.0
6,5,0.0,0.0,0.0,0.0,0.0,1.0,0.0,0.0,0.0,0.0,0.0,0.0
6,5,0.0,0.0,0.0,0.0,0.0,1.0,0.0,0.0,0.0,0.0,0.0,0.0
6,5,0.0,0.0,0.0,0.0,0.0,1.0,0.0,0.0,0.0,0.0,0.0,0.0
6,5,0.0,0.0,0.0,0.0,0.0,1.0,0.0,0.0,0.0,0.0,0.0,0.0
6,5,0.0,0.0,0.0,0.0,0.0,1.0,0.0,0.0,0.0,0.0,0.0,0.0
6,5,0.0,0.0,0.0,0.0,0.0,1.0,0.0,0.0,0.0,0.0,0.0,0.0
6,5,0.0,0.0,0.0,0.0,0.0,1.0,0.0,0.0,0.0,0.0,0.0,0.0
6,5,0.0,0.0,0.0,0.0,0.0,1.0,0.0,0.0,0.0,0.0,0.0,0.0
6,5,0.0,0.0,0.0,0.0,0.0,1.0,0.0,0.0,0.0,0.0,0.0,0.0
6,5,0.0,0.0,0.0,0.0,0.0,1.0,0.0,0.0,0.0,0.0,0.0,0.0
6,5,0.0,0.0,0.0,0.0,0.0,1.0,0.0,0.0,0.0,0.0,0.0,0.0
6,5,0.0,0.0,0.0,0.0,0.0,1.0,0.0,0.0,0.0,0.0,0.0,0.0
6,5,0.0,0.0,0.0,0.0,0.0,1.0,0.0,0.0,0.0,0.0,0.0,0.0
6,5,0.0,0.0,0.0,0.0,0.0,1.0,0.0,0.0,0.0,0.0,0.0,0.0
6,5,0.0,0.0,0.0,0.0,0.0,1.0,0.0,0.0,0.0,0.0,0.0,0.0
6,5,0.0,0.0,0.0,0.0,0.0,1.0,0.0,0.0,0.0,0.0,0.0,0.0
6,5,0.0,0.0,0.0,0.0,0.0,1.0,0.0,0.0,0.0,0.0,0.0,0.0
6,5,0.0,0.0,0.0,0.0,0.0,1.0,0.0,0.0,0.0,0.0,0.0,0.0
6,5,0.0,0.0,0.0,0.0,0.0,1.0,0.0,0.0,0.0,0.0,0.0,0.0
6,5,0.0,0.0,0.0,0.0,0.0,1.0,0.0,0.0,0.0,0.0,0.0,0.0
6,5,0.0,0.0,0.0,0.0,0.0,1.0,0.0,0.0,0.0,0.0,0.0,0.0
6,5,0.0,0.0,0.0,0.0,0.0,1.0,0.0,0.0,0.0,0.0,0.0,0.0
6,5,0.0,0.0,0.0,0.0,0.0,1.0,0.0,0.0,0.0,0.0,0.0,0.0
6,5,0.0,0.0,0.0,0.0,0.0,1.0,0.0,0.0,0.0,0.0,0.0,0.0
6,5,0.0,0.0,0.0,0.0,0.0,1.0,0.0,0.0,0.0,0.0,0.0,0.0
6,5,0.0,0.0,0.0,0.0,0.0,1.0,0.0,0.0,0.0,0.0,0.0,0.0
6,5,0.0,0.0,0.0,0.0,0.0,1.0,0.0,0.0,0.0,0.0,0.0,0.0
6,5,0.0,0.0,0.0,0.0,0.0,1.0,0.0,0.0,0.0,0.0,0.0,0.0
6,5,0.0,0.0,0.0,0.0,0.0,1.0,0.0,0.0,0.0,0.0,0.0,0.0
6,5,0.0,0.0,0.0,0.0,0.0,1.0,0.0,0.0,0.0,0.0,0.0,0.0
6,5,0.0,0.0,0.0,0.0,0.0,1.0,0.0,0.0,0.0,0.0,0.0,0.0
6,5,0.0,0.0,0.0,0.0,0.0,1.0,0.0,0.0,0.0,0.0,0.0,0.0
6,5,0.0,0.0,0.0,0.0,0.0,1.0,0.0,0.0,0.0,0.0,0.0,0.0
6,5,0.0,0.0,0.0,0.0,0.0,1.0,0.0,0.0,0.0,0.0,0.0,0.0
6,5,0.0,0.0,0.0,0.0,0.0,1.0,0.0,0.0,0.0,0.0,0.0,0.0
6,5,0.0,0.0,0.0,0.0,0.0,1.0,0.0,0.0,0.0,0.0,0.0,0.0
6,5,0.0,0.0,0.0,0.0,0.0,1.0,0.0,0.0,0.0,0.0,0.0,0.0
6,5,0.0,0.0,0.0,0.0,0.0,1.0,0.0,0.0,0.0,0.0,0.0,0.0
6,5,0.0,0.0,0.0,0.0,0.0,1.0,0.0,0.0,0.0,0.0,0.0,0.0
6,5,0.0,0.0,0.0,0.0,0.0,1.0,0.0,0.0,0.0,0.0,0.0,0.0
6,5,0.0,0.0,0.0,0.0,0.0,1.0,0.0,0.0,0.0,0.0,0.0,0.0
6,5,0.0,0.0,0.0,0.0,0.0,1.0,0.0,0.0,0.0,0.0,0.0,0.0
6,5,0.0,0.0,0.0,0.0,0.0,1.0,0.0,0.0,0.0,0.0,0.0,0.0
6,5,0.0,0.0,0.0,0.0,0.0,1.0,0.0,0.0,0.0,0.0,0.0,0.0
6,5,0.0,0.0,0.0,0.0,0.0,1.0,0.0,0.0,0.0,0.0,0.0,0.0
6,5,0.0,0.0,0.0,0.0,0.0,1.0,0.0,0.0,0.0,0.0,0.0,0.0
6,5,0.0,0.0,0.0,0.0,0.0,1.0,0.0,0.0,0.0,0.0,0.0,0.0
6,5,0.0,0.0,0.0,0.0,0.0,1.0,0.0,0.0,0.0,0.0,0.0,0.0
6,5,0.0,0.0,0.0,0.0,0.0,1.0,0.0,0.0,0.0,0.0,0.0,0.0
6,5,0.0,0.0,0.0,0.0,0.0,1.0,0.0,0.0,0.0,0.0,0.0,0.0
6,5,0.0,0.0,0.0,0.0,0.0,1.0,0.0,0.0,0.0,0.0,0.0,0.0
6,5,0.0,0.0,0.0,0.0,0.0,1.0,0.0,0.0,0.0,0.0,0.0,0.0
6,5,0.0,0.0,0.0,0.0,0.0,1.0,0.0,0.0,0.0,0.0,0.0,0.0
6,5,0.0,0.0,0.0,0.0,0.0,1.0,0.0,0.0,0.0,0.0,0.0,0.0
6,5,0.0,0.0,0.0,0.0,0.0,1.0,0.0,0.0,0.0,0.0,0.0,0.0
6,5,0.0,0.0,0.0,0.0,0.0,1.0,0.0,0.0,0.0,0.0,0.0,0.0
6,5,0.0,0.0,0.0,0.0,0.0,1.0,0.0,0.0,0.0,0.0,0.0,0.0
6,5,0.0,0.0,0.0,0.0,0.0,1.0,0.0,0.0,0.0,0.0,0.0,0.0
6,5,0.0,0.0,0.0,0.0,0.0,1.0,0.0,0.0,0.0,0.0,0.0,0.0
6,5,0.0,0.0,0.0,0.0,0.0,1.0,0.0,0.0,0.0,0.0,0.0,0.0
6,5,0.0,0.0,0.0,0.0,0.0,1.0,0.0,0.0,0.0,0.0,0.0,0.0
6,5,0.0,0.0,0.0,0.0,0.0,1.0,0.0,0.0,0.0,0.0,0.0,0.0
6,5,0.0,0.0,0.0,0.0,0.0,1.0,0.0,0.0,0.0,0.0,0.0,0.0
6,5,0.0,0.0,0.0,0.0,0.0,1.0,0.0,0.0,0.0,0.0,0.0,0.0
6,5,0.0,0.0,0.0,0.0,0.0,1.0,0.0,0.0,0.0,0.0,0.0,0.0
6,5,0.0,0.0,0.0,0.0,0.0,1.0,0.0,0.0,0.0,0.0,0.0,0.0
6,5,0.0,0.0,0.0,0.0,0.0,1.0,0.0,0.0,0.0,0.0,0.0,0.0
6,5,0.0,0.0,0.0,0.0,0.0,1.0,0.0,0.0,0.0,0.0,0.0,0.0
6,5,0.0,0.0,0.0,0.0,0.0,1.0,0.0,0.0,0.0,0.0,0.0,0.0
6,5,0.0,0.0,0.0,0.0,0.0,1.0,0.0,0.0,0.0,0.0,0.0,0.0
6,5,0.0,0.0,0.0,0.0,0.0,1.0,0.0,0.0,0.0,0.0,0.0,0.0
6,5,0.0,0.0,0.0,0.0,0.0,1.0,0.0,0.0,0.0,0.0,0.0,0.0
6,5,0.0,0.0,0.0,0.0,0.0,1.0,0.0,0.0,0.0,0.0,0.0,0.0
6,5,0.0,0.0,0.0,0.0,0.0,1.0,0.0,0.0,0.0,0.0,0.0,0.0
6,5,0.0,0.0,0.0,0.0,0.0,1.0,0.0,0.0,0.0,0.0,0.0,0.0
6,5,0.0,0.0,0.0,0.0,0.0,1.0,0.0,0.0,0.0,0.0,0.0,0.0
6,5,0.0,0.0,0.0,0.0,0.0,1.0,0.0,0.0,0.0,0.0,0.0,0.0
6,5,0.0,0.0,0.0,0.0,0.0,1.0,0.0,0.0,0.0,0.0,0.0,0.0
6,5,0.0,0.0,0.0,0.0,0.0,1.0,0.0,0.0,0.0,0.0,0.0,0.0
6,5,0.0,0.0,0.0,0.0,0.0,1.0,0.0,0.0,0.0,0.0,0.0,0.0
6,5,0.0,0.0,0.0,0.0,0.0,1.0,0.0,0.0,0.0,0.0,0.0,0.0
6,5,0.0,0.0,0.0,0.0,0.0,1.0,0.0,0.0,0.0,0.0,0.0,0.0
6,5,0.0,0.0,0.0,0.0,0.0,1.0,0.0,0.0,0.0,0.0,0.0,0.0
6,5,0.0,0.0,0.0,0.0,0.0,1.0,0.0,0.0,0.0,0.0,0.0,0.0
6,5,0.0,0.0,0.0,0.0,0.0,1.0,0.0,0.0,0.0,0.0,0.0,0.0
6,5,0.0,0.0,0.0,0.0,0.0,1.0,0.0,0.0,0.0,0.0,0.0,0.0
6,5,0.0,0.0,0.0,0.0,0.0,1.0,0.0,0.0,0.0,0.0,0.0,0.0
6,5,0.0,0.0,0.0,0.0,0.0,1.0,0.0,0.0,0.0,0.0,0.0,0.0
6,5,0.0,0.0,0.0,0.0,0.0,1.0,0.0,0.0,0.0,0.0,0.0,0.0
6,5,0.0,0.0,0.0,0.0,0.0,1.0,0.0,0.0,0.0,0.0,0.0,0.0
6,5,0.0,0.0,0.0,0.0,0.0,1.0,0.0,0.0,0.0,0.0,0.0,0.0
6,5,0.0,0.0,0.0,0.0,0.0,1.0,0.0,0.0,0.0,0.0,0.0,0.0
6,5,0.0,0.0,0.0,0.0,0.0,1.0,0.0,0.0,0.0,0.0,0.0,0.0
6,5,0.0,0.0,0.0,0.0,0.0,1.0,0.0,0.0,0.0,0.0,0.0,0.0
6,5,0.0,0.0,0.0,0.0,0.0,1.0,0.0,0.0,0.0,0.0,0.0,0.0
6,5,0.0,0.0,0.0,0.0,0.0,1.0,0.0,0.0,0.0,0.0,0.0,0.0
6,5,0.0,0.0,0.0,0.0,0.0,1.0,0.0,0.0,0.0,0.0,0.0,0.0
6,5,0.0,0.0,0.0,0.0,0.0,1.0,0.0,0.0,0.0,0.0,0.0,0.0
6,5,0.0,0.0,0.0,0.0,0.0,1.0,0.0,0.0,0.0,0.0,0.0,0.0
6,5,0.0,0.0,0.0,0.0,0.0,1.0,0.0,0.0,0.0,0.0,0.0,0.0
6,5,0.0,0.0,0.0,0.0,0.0,1.0,0.0,0.0,0.0,0.0,0.0,0.0
6,5,0.0,0.0,0.0,0.0,0.0,1.0,0.0,0.0,0.0,0.0,0.0,0.0
6,5,0.0,0.0,0.0,0.0,0.0,1.0,0.0,0.0,0.0,0.0,0.0,0.0
6,5,0.0,0.0,0.0,0.0,0.0,1.0,0.0,0.0,0.0,0.0,0.0,0.0
6,5,0.0,0.0,0.0,0.0,0.0,1.0,0.0,0.0,0.0,0.0,0.0,0.0
6,5,0.0,0.0,0.0,0.0,0.0,1.0,0.0,0.0,0.0,0.0,0.0,0.0
6,5,0.0,0.0,0.0,0.0,0.0,1.0,0.0,0.0,0.0,0.0,0.0,0.0
6,5,0.0,0.0,0.0,0.0,0.0,1.0,0.0,0.0,0.0,0.0,0.0,0.0
6,5,0.0,0.0,0.0,0.0,0.0,1.0,0.0,0.0,0.0,0.0,0.0,0.0
6,5,0.0,0.0,0.0,0.0,0.0,1.0,0.0,0.0,0.0,0.0,0.0,0.0
6,5,0.0,0.0,0.0,0.0,0.0,1.0,0.0,0.0,0.0,0.0,0.0,0.0
6,5,0.0,0.0,0.0,0.0,0.0,1.0,0.0,0.0,0.0,0.0,0.0,0.0
6,5,0.0,0.0,0.0,0.0,0.0,1.0,0.0,0.0,0.0,0.0,0.0,0.0
6,5,0.0,0.0,0.0,0.0,0.0,1.0,0.0,0.0,0.0,0.0,0.0,0.0
6,5,0.0,0.0,0.0,0.0,0.0,1.0,0.0,0.0,0.0,0.0,0.0,0.0
6,5,0.0,0.0,0.0,0.0,0.0,1.0,0.0,0.0,0.0,0.0,0.0,0.0
6,5,0.0,0.0,0.0,0.0,0.0,1.0,0.0,0.0,0.0,0.0,0.0,0.0
6,5,0.0,0.0,0.0,0.0,0.0,1.0,0.0,0.0,0.0,0.0,0.0,0.0
6,5,0.0,0.0,0.0,0.0,0.0,1.0,0.0,0.0,0.0,0.0,0.0,0.0
6,5,0.0,0.0,0.0,0.0,0.0,1.0,0.0,0.0,0.0,0.0,0.0,0.0
6,5,0.0,0.0,0.0,0.0,0.0,1.0,0.0,0.0,0.0,0.0,0.0,0.0
6,5,0.0,0.0,0.0,0.0,0.0,1.0,0.0,0.0,0.0,0.0,0.0,0.0
6,5,0.0,0.0,0.0,0.0,0.0,1.0,0.0,0.0,0.0,0.0,0.0,0.0
6,5,0.0,0.0,0.0,0.0,0.0,1.0,0.0,0.0,0.0,0.0,0.0,0.0
6,5,0.0,0.0,0.0,0.0,0.0,1.0,0.0,0.0,0.0,0.0,0.0,0.0
6,5,0.0,0.0,0.0,0.0,0.0,1.0,0.0,0.0,0.0,0.0,0.0,0.0
6,5,0.0,0.0,0.0,0.0,0.0,1.0,0.0,0.0,0.0,0.0,0.0,0.0
6,5,0.0,0.0,0.0,0.0,0.0,1.0,0.0,0.0,0.0,0.0,0.0,0.0
6,5,0.0,0.0,0.0,0.0,0.0,1.0,0.0,0.0,0.0,0.0,0.0,0.0
6,5,0.0,0.0,0.0,0.0,0.0,1.0,0.0,0.0,0.0,0.0,0.0,0.0
6,5,0.0,0.0,0.0,0.0,0.0,1.0,0.0,0.0,0.0,0.0,0.0,0.0
6,5,0.0,0.0,0.0,0.0,0.0,1.0,0.0,0.0,0.0,0.0,0.0,0.0
6,5,0.0,0.0,0.0,0.0,0.0,1.0,0.0,0.0,0.0,0.0,0.0,0.0
6,5,0.0,0.0,0.0,0.0,0.0,1.0,0.0,0.0,0.0,0.0,0.0,0.0
6,5,0.0,0.0,0.0,0.0,0.0,1.0,0.0,0.0,0.0,0.0,0.0,0.0
6,5,0.0,0.0,0.0,0.0,0.0,1.0,0.0,0.0,0.0,0.0,0.0,0.0
6,5,0.0,0.0,0.0,0.0,0.0,1.0,0.0,0.0,0.0,0.0,0.0,0.0
6,5,0.0,0.0,0.0,0.0,0.0,1.0,0.0,0.0,0.0,0.0,0.0,0.0
6,5,0.0,0.0,0.0,0.0,0.0,1.0,0.0,0.0,0.0,0.0,0.0,0.0
6,5,0.0,0.0,0.0,0.0,0.0,1.0,0.0,0.0,0.0,0.0,0.0,0.0
6,5,0.0,0.0,0.0,0.0,0.0,1.0,0.0,0.0,0.0,0.0,0.0,0.0
6,5,0.0,0.0,0.0,0.0,0.0,1.0,0.0,0.0,0.0,0.0,0.0,0.0
6,5,0.0,0.0,0.0,0.0,0.0,1.0,0.0,0.0,0.0,0.0,0.0,0.0
6,5,0.0,0.0,0.0,0.0,0.0,1.0,0.0,0.0,0.0,0.0,0.0,0.0
6,5,0.0,0.0,0.0,0.0,0.0,1.0,0.0,0.0,0.0,0.0,0.0,0.0
6,5,0.0,0.0,0.0,0.0,0.0,1.0,0.0,0.0,0.0,0.0,0.0,0.0
6,5,0.0,0.0,0.0,0.0,0.0,1.0,0.0,0.0,0.0,0.0,0.0,0.0
6,5,0.0,0.0,0.0,0.0,0.0,1.0,0.0,0.0,0.0,0.0,0.0,0.0
6,5,0.0,0.0,0.0,0.0,0.0,1.0,0.0,0.0,0.0,0.0,0.0,0.0
6,5,0.0,0.0,0.0,0.0,0.0,1.0,0.0,0.0,0.0,0.0,0.0,0.0
6,5,0.0,0.0,0.0,0.0,0.0,1.0,0.0,0.0,0.0,0.0,0.0,0.0
6,5,0.0,0.0,0.0,0.0,0.0,1.0,0.0,0.0,0.0,0.0,0.0,0.0
6,5,0.0,0.0,0.0,0.0,0.0,1.0,0.0,0.0,0.0,0.0,0.0,0.0
6,5,0.0,0.0,0.0,0.0,0.0,1.0,0.0,0.0,0.0,0.0,0.0,0.0
6,5,0.0,0.0,0.0,0.0,0.0,1.0,0.0,0.0,0.0,0.0,0.0,0.0
6,5,0.0,0.0,0.0,0.0,0.0,1.0,0.0,0.0,0.0,0.0,0.0,0.0
6,5,0.0,0.0,0.0,0.0,0.0,1.0,0.0,0.0,0.0,0.0,0.0,0.0
6,5,0.0,0.0,0.0,0.0,0.0,1.0,0.0,0.0,0.0,0.0,0.0,0.0
6,5,0.0,0.0,0.0,0.0,0.0,1.0,0.0,0.0,0.0,0.0,0.0,0.0
6,5,0.0,0.0,0.0,0.0,0.0,1.0,0.0,0.0,0.0,0.0,0.0,0.0
6,5,0.0,0.0,0.0,0.0,0.0,1.0,0.0,0.0,0.0,0.0,0.0,0.0
6,5,0.0,0.0,0.0,0.0,0.0,1.0,0.0,0.0,0.0,0.0,0.0,0.0
6,5,0.0,0.0,0.0,0.0,0.0,1.0,0.0,0.0,0.0,0.0,0.0,0.0
6,5,0.0,0.0,0.0,0.0,0.0,1.0,0.0,0.0,0.0,0.0,0.0,0.0
6,5,0.0,0.0,0.0,0.0,0.0,1.0,0.0,0.0,0.0,0.0,0.0,0.0
6,5,0.0,0.0,0.0,0.0,0.0,1.0,0.0,0.0,0.0,0.0,0.0,0.0
6,5,0.0,0.0,0.0,0.0,0.0,1.0,0.0,0.0,0.0,0.0,0.0,0.0
6,5,0.0,0.0,0.0,0.0,0.0,1.0,0.0,0.0,0.0,0.0,0.0,0.0
6,5,0.0,0.0,0.0,0.0,0.0,1.0,0.0,0.0,0.0,0.0,0.0,0.0
6,5,0.0,0.0,0.0,0.0,0.0,1.0,0.0,0.0,0.0,0.0,0.0,0.0
6,5,0.0,0.0,0.0,0.0,0.0,1.0,0.0,0.0,0.0,0.0,0.0,0.0
6,5,0.0,0.0,0.0,0.0,0.0,1.0,0.0,0.0,0.0,0.0,0.0,0.0
6,5,0.0,0.0,0.0,0.0,0.0,1.0,0.0,0.0,0.0,0.0,0.0,0.0
6,5,0.0,0.0,0.0,0.0,0.0,1.0,0.0,0.0,0.0,0.0,0.0,0.0
6,5,0.0,0.0,0.0,0.0,0.0,1.0,0.0,0.0,0.0,0.0,0.0,0.0
6,5,0.0,0.0,0.0,0.0,0.0,1.0,0.0,0.0,0.0,0.0,0.0,0.0
6,5,0.0,0.0,0.0,0.0,0.0,1.0,0.0,0.0,0.0,0.0,0.0,0.0
6,5,0.0,0.0,0.0,0.0,0.0,1.0,0.0,0.0,0.0,0.0,0.0,0.0
6,5,0.0,0.0,0.0,0.0,0.0,1.0,0.0,0.0,0.0,0.0,0.0,0.0
6,5,0.0,0.0,0.0,0.0,0.0,1.0,0.0,0.0,0.0,0.0,0.0,0.0
6,5,0.0,0.0,0.0,0.0,0.0,1.0,0.0,0.0,0.0,0.0,0.0,0.0
6,5,0.0,0.0,0.0,0.0,0.0,1.0,0.0,0.0,0.0,0.0,0.0,0.0
6,5,0.0,0.0,0.0,0.0,0.0,1.0,0.0,0.0,0.0,0.0,0.0,0.0
6,5,0.0,0.0,0.0,0.0,0.0,1.0,0.0,0.0,0.0,0.0,0.0,0.0
6,5,0.0,0.0,0.0,0.0,0.0,1.0,0.0,0.0,0.0,0.0,0.0,0.0
6,5,0.0,0.0,0.0,0.0,0.0,1.0,0.0,0.0,0.0,0.0,0.0,0.0
6,5,0.0,0.0,0.0,0.0,0.0,1.0,0.0,0.0,0.0,0.0,0.0,0.0
6,5,0.0,0.0,0.0,0.0,0.0,1.0,0.0,0.0,0.0,0.0,0.0,0.0
6,5,0.0,0.0,0.0,0.0,0.0,1.0,0.0,0.0,0.0,0.0,0.0,0.0
6,5,0.0,0.0,0.0,0.0,0.0,1.0,0.0,0.0,0.0,0.0,0.0,0.0
6,5,0.0,0.0,0.0,0.0,0.0,1.0,0.0,0.0,0.0,0.0,0.0,0.0
6,5,0.0,0.0,0.0,0.0,0.0,1.0,0.0,0.0,0.0,0.0,0.0,0.0
6,5,0.0,0.0,0.0,0.0,0.0,1.0,0.0,0.0,0.0,0.0,0.0,0.0
6,5,0.0,0.0,0.0,0.0,0.0,1.0,0.0,0.0,0.0,0.0,0.0,0.0
6,5,0.0,0.0,0.0,0.0,0.0,1.0,0.0,0.0,0.0,0.0,0.0,0.0
6,5,0.0,0.0,0.0,0.0,0.0,1.0,0.0,0.0,0.0,0.0,0.0,0.0
6,5,0.0,0.0,0.0,0.0,0.0,1.0,0.0,0.0,0.0,0.0,0.0,0.0
6,5,0.0,0.0,0.0,0.0,0.0,1.0,0.0,0.0,0.0,0.0,0.0,0.0
6,5,0.0,0.0,0.0,0.0,0.0,1.0,0.0,0.0,0.0,0.0,0.0,0.0
6,5,0.0,0.0,0.0,0.0,0.0,1.0,0.0,0.0,0.0,0.0,0.0,0.0
6,5,0.0,0.0,0.0,0.0,0.0,1.0,0.0,0.0,0.0,0.0,0.0,0.0
6,5,0.0,0.0,0.0,0.0,0.0,1.0,0.0,0.0,0.0,0.0,0.0,0.0
6,5,0.0,0.0,0.0,0.0,0.0,1.0,0.0,0.0,0.0,0.0,0.0,0.0
6,5,0.0,0.0,0.0,0.0,0.0,1.0,0.0,0.0,0.0,0.0,0.0,0.0
6,5,0.0,0.0,0.0,0.0,0.0,1.0,0.0,0.0,0.0,0.0,0.0,0.0
6,5,0.0,0.0,0.0,0.0,0.0,1.0,0.0,0.0,0.0,0.0,0.0,0.0
6,5,0.0,0.0,0.0,0.0,0.0,1.0,0.0,0.0,0.0,0.0,0.0,0.0
6,5,0.0,0.0,0.0,0.0,0.0,1.0,0.0,0.0,0.0,0.0,0.0,0.0
6,5,0.0,0.0,0.0,0.0,0.0,1.0,0.0,0.0,0.0,0.0,0.0,0.0
6,5,0.0,0.0,0.0,0.0,0.0,1.0,0.0,0.0,0.0,0.0,0.0,0.0
6,5,0.0,0.0,0.0,0.0,0.0,1.0,0.0,0.0,0.0,0.0,0.0,0.0
6,5,0.0,0.0,0.0,0.0,0.0,1.0,0.0,0.0,0.0,0.0,0.0,0.0
6,5,0.0,0.0,0.0,0.0,0.0,1.0,0.0,0.0,0.0,0.0,0.0,0.0
6,5,0.0,0.0,0.0,0.0,0.0,1.0,0.0,0.0,0.0,0.0,0.0,0.0
6,5,0.0,0.0,0.0,0.0,0.0,1.0,0.0,0.0,0.0,0.0,0.0,0.0
6,5,0.0,0.0,0.0,0.0,0.0,1.0,0.0,0.0,0.0,0.0,0.0,0.0
6,5,0.0,0.0,0.0,0.0,0.0,1.0,0.0,0.0,0.0,0.0,0.0,0.0
6,5,0.0,0.0,0.0,0.0,0.0,1.0,0.0,0.0,0.0,0.0,0.0,0.0
6,5,0.0,0.0,0.0,0.0,0.0,1.0,0.0,0.0,0.0,0.0,0.0,0.0
6,5,0.0,0.0,0.0,0.0,0.0,1.0,0.0,0.0,0.0,0.0,0.0,0.0
6,5,0.0,0.0,0.0,0.0,0.0,1.0,0.0,0.0,0.0,0.0,0.0,0.0
6,5,0.0,0.0,0.0,0.0,0.0,1.0,0.0,0.0,0.0,0.0,0.0,0.0
6,5,0.0,0.0,0.0,0.0,0.0,1.0,0.0,0.0,0.0,0.0,0.0,0.0
6,5,0.0,0.0,0.0,0.0,0.0,1.0,0.0,0.0,0.0,0.0,0.0,0.0
6,5,0.0,0.0,0.0,0.0,0.0,1.0,0.0,0.0,0.0,0.0,0.0,0.0
6,5,0.0,0.0,0.0,0.0,0.0,1.0,0.0,0.0,0.0,0.0,0.0,0.0
6,5,0.0,0.0,0.0,0.0,0.0,1.0,0.0,0.0,0.0,0.0,0.0,0.0
6,5,0.0,0.0,0.0,0.0,0.0,1.0,0.0,0.0,0.0,0.0,0.0,0.0
6,5,0.0,0.0,0.0,0.0,0.0,1.0,0.0,0.0,0.0,0.0,0.0,0.0
6,5,0.0,0.0,0.0,0.0,0.0,1.0,0.0,0.0,0.0,0.0,0.0,0.0
6,5,0.0,0.0,0.0,0.0,0.0,1.0,0.0,0.0,0.0,0.0,0.0,0.0
6,5,0.0,0.0,0.0,0.0,0.0,1.0,0.0,0.0,0.0,0.0,0.0,0.0
6,5,0.0,0.0,0.0,0.0,0.0,1.0,0.0,0.0,0.0,0.0,0.0,0.0
6,5,0.0,0.0,0.0,0.0,0.0,1.0,0.0,0.0,0.0,0.0,0.0,0.0
6,5,0.0,0.0,0.0,0.0,0.0,1.0,0.0,0.0,0.0,0.0,0.0,0.0
6,5,0.0,0.0,0.0,0.0,0.0,1.0,0.0,0.0,0.0,0.0,0.0,0.0
6,5,0.0,0.0,0.0,0.0,0.0,1.0,0.0,0.0,0.0,0.0,0.0,0.0
6,5,0.0,0.0,0.0,0.0,0.0,1.0,0.0,0.0,0.0,0.0,0.0,0.0
6,5,0.0,0.0,0.0,0.0,0.0,1.0,0.0,0.0,0.0,0.0,0.0,0.0
6,5,0.0,0.0,0.0,0.0,0.0,1.0,0.0,0.0,0.0,0.0,0.0,0.0
6,5,0.0,0.0,0.0,0.0,0.0,1.0,0.0,0.0,0.0,0.0,0.0,0.0
6,5,0.0,0.0,0.0,0.0,0.0,1.0,0.0,0.0,0.0,0.0,0.0,0.0
6,5,0.0,0.0,0.0,0.0,0.0,1.0,0.0,0.0,0.0,0.0,0.0,0.0
6,5,0.0,0.0,0.0,0.0,0.0,1.0,0.0,0.0,0.0,0.0,0.0,0.0
6,5,0.0,0.0,0.0,0.0,0.0,1.0,0.0,0.0,0.0,0.0,0.0,0.0
6,5,0.0,0.0,0.0,0.0,0.0,1.0,0.0,0.0,0.0,0.0,0.0,0.0
6,5,0.0,0.0,0.0,0.0,0.0,1.0,0.0,0.0,0.0,0.0,0.0,0.0
6,5,0.0,0.0,0.0,0.0,0.0,1.0,0.0,0.0,0.0,0.0,0.0,0.0
6,5,0.0,0.0,0.0,0.0,0.0,1.0,0.0,0.0,0.0,0.0,0.0,0.0
6,5,0.0,0.0,0.0,0.0,0.0,1.0,0.0,0.0,0.0,0.0,0.0,0.0
6,5,0.0,0.0,0.0,0.0,0.0,1.0,0.0,0.0,0.0,0.0,0.0,0.0
6,5,0.0,0.0,0.0,0.0,0.0,1.0,0.0,0.0,0.0,0.0,0.0,0.0
6,5,0.0,0.0,0.0,0.0,0.0,1.0,0.0,0.0,0.0,0.0,0.0,0.0
6,5,0.0,0.0,0.0,0.0,0.0,1.0,0.0,0.0,0.0,0.0,0.0,0.0
6,5,0.0,0.0,0.0,0.0,0.0,1.0,0.0,0.0,0.0,0.0,0.0,0.0
6,5,0.0,0.0,0.0,0.0,0.0,1.0,0.0,0.0,0.0,0.0,0.0,0.0
6,5,0.0,0.0,0.0,0.0,0.0,1.0,0.0,0.0,0.0,0.0,0.0,0.0
6,5,0.0,0.0,0.0,0.0,0.0,1.0,0.0,0.0,0.0,0.0,0.0,0.0
6,5,0.0,0.0,0.0,0.0,0.0,1.0,0.0,0.0,0.0,0.0,0.0,0.0
6,5,0.0,0.0,0.0,0.0,0.0,1.0,0.0,0.0,0.0,0.0,0.0,0.0
6,5,0.0,0.0,0.0,0.0,0.0,1.0,0.0,0.0,0.0,0.0,0.0,0.0
6,5,0.0,0.0,0.0,0.0,0.0,1.0,0.0,0.0,0.0,0.0,0.0,0.0
6,5,0.0,0.0,0.0,0.0,0.0,1.0,0.0,0.0,0.0,0.0,0.0,0.0
6,5,0.0,0.0,0.0,0.0,0.0,1.0,0.0,0.0,0.0,0.0,0.0,0.0
6,5,0.0,0.0,0.0,0.0,0.0,1.0,0.0,0.0,0.0,0.0,0.0,0.0
6,5,0.0,0.0,0.0,0.0,0.0,1.0,0.0,0.0,0.0,0.0,0.0,0.0
6,5,0.0,0.0,0.0,0.0,0.0,1.0,0.0,0.0,0.0,0.0,0.0,0.0
6,5,0.0,0.0,0.0,0.0,0.0,1.0,0.0,0.0,0.0,0.0,0.0,0.0
6,5,0.0,0.0,0.0,0.0,0.0,1.0,0.0,0.0,0.0,0.0,0.0,0.0
6,5,0.0,0.0,0.0,0.0,0.0,1.0,0.0,0.0,0.0,0.0,0.0,0.0
6,5,0.0,0.0,0.0,0.0,0.0,1.0,0.0,0.0,0.0,0.0,0.0,0.0
6,5,0.0,0.0,0.0,0.0,0.0,1.0,0.0,0.0,0.0,0.0,0.0,0.0
6,5,0.0,0.0,0.0,0.0,0.0,1.0,0.0,0.0,0.0,0.0,0.0,0.0
6,5,0.0,0.0,0.0,0.0,0.0,1.0,0.0,0.0,0.0,0.0,0.0,0.0
6,5,0.0,0.0,0.0,0.0,0.0,1.0,0.0,0.0,0.0,0.0,0.0,0.0
6,5,0.0,0.0,0.0,0.0,0.0,1.0,0.0,0.0,0.0,0.0,0.0,0.0
6,5,0.0,0.0,0.0,0.0,0.0,1.0,0.0,0.0,0.0,0.0,0.0,0.0
6,5,0.0,0.0,0.0,0.0,0.0,1.0,0.0,0.0,0.0,0.0,0.0,0.0
6,5,0.0,0.0,0.0,0.0,0.0,1.0,0.0,0.0,0.0,0.0,0.0,0.0
6,5,0.0,0.0,0.0,0.0,0.0,1.0,0.0,0.0,0.0,0.0,0.0,0.0
6,5,0.0,0.0,0.0,0.0,0.0,1.0,0.0,0.0,0.0,0.0,0.0,0.0
6,5,0.0,0.0,0.0,0.0,0.0,1.0,0.0,0.0,0.0,0.0,0.0,0.0
6,5,0.0,0.0,0.0,0.0,0.0,1.0,0.0,0.0,0.0,0.0,0.0,0.0
6,5,0.0,0.0,0.0,0.0,0.0,1.0,0.0,0.0,0.0,0.0,0.0,0.0
6,5,0.0,0.0,0.0,0.0,0.0,1.0,0.0,0.0,0.0,0.0,0.0,0.0
6,5,0.0,0.0,0.0,0.0,0.0,1.0,0.0,0.0,0.0,0.0,0.0,0.0
6,5,0.0,0.0,0.0,0.0,0.0,1.0,0.0,0.0,0.0,0.0,0.0,0.0
6,5,0.0,0.0,0.0,0.0,0.0,1.0,0.0,0.0,0.0,0.0,0.0,0.0
6,5,0.0,0.0,0.0,0.0,0.0,1.0,0.0,0.0,0.0,0.0,0.0,0.0
6,5,0.0,0.0,0.0,0.0,0.0,1.0,0.0,0.0,0.0,0.0,0.0,0.0
6,5,0.0,0.0,0.0,0.0,0.0,1.0,0.0,0.0,0.0,0.0,0.0,0.0
6,5,0.0,0.0,0.0,0.0,0.0,1.0,0.0,0.0,0.0,0.0,0.0,0.0
6,5,0.0,0.0,0.0,0.0,0.0,1.0,0.0,0.0,0.0,0.0,0.0,0.0
6,5,0.0,0.0,0.0,0.0,0.0,1.0,0.0,0.0,0.0,0.0,0.0,0.0
6,5,0.0,0.0,0.0,0.0,0.0,1.0,0.0,0.0,0.0,0.0,0.0,0.0
6,5,0.0,0.0,0.0,0.0,0.0,1.0,0.0,0.0,0.0,0.0,0.0,0.0
6,5,0.0,0.0,0.0,0.0,0.0,1.0,0.0,0.0,0.0,0.0,0.0,0.0
6,5,0.0,0.0,0.0,0.0,0.0,1.0,0.0,0.0,0.0,0.0,0.0,0.0
6,5,0.0,0.0,0.0,0.0,0.0,1.0,0.0,0.0,0.0,0.0,0.0,0.0
6,5,0.0,0.0,0.0,0.0,0.0,1.0,0.0,0.0,0.0,0.0,0.0,0.0
6,5,0.0,0.0,0.0,0.0,0.0,1.0,0.0,0.0,0.0,0.0,0.0,0.0
6,5,0.0,0.0,0.0,0.0,0.0,1.0,0.0,0.0,0.0,0.0,0.0,0.0
6,5,0.0,0.0,0.0,0.0,0.0,1.0,0.0,0.0,0.0,0.0,0.0,0.0
6,5,0.0,0.0,0.0,0.0,0.0,1.0,0.0,0.0,0.0,0.0,0.0,0.0
6,5,0.0,0.0,0.0,0.0,0.0,1.0,0.0,0.0,0.0,0.0,0.0,0.0
6,5,0.0,0.0,0.0,0.0,0.0,1.0,0.0,0.0,0.0,0.0,0.0,0.0
6,5,0.0,0.0,0.0,0.0,0.0,1.0,0.0,0.0,0.0,0.0,0.0,0.0
6,5,0.0,0.0,0.0,0.0,0.0,1.0,0.0,0.0,0.0,0.0,0.0,0.0
6,5,0.0,0.0,0.0,0.0,0.0,1.0,0.0,0.0,0.0,0.0,0.0,0.0
6,5,0.0,0.0,0.0,0.0,0.0,1.0,0.0,0.0,0.0,0.0,0.0,0.0
6,5,0.0,0.0,0.0,0.0,0.0,1.0,0.0,0.0,0.0,0.0,0.0,0.0
6,5,0.0,0.0,0.0,0.0,0.0,1.0,0.0,0.0,0.0,0.0,0.0,0.0
6,5,0.0,0.0,0.0,0.0,0.0,1.0,0.0,0.0,0.0,0.0,0.0,0.0
6,5,0.0,0.0,0.0,0.0,0.0,1.0,0.0,0.0,0.0,0.0,0.0,0.0
6,5,0.0,0.0,0.0,0.0,0.0,1.0,0.0,0.0,0.0,0.0,0.0,0.0
6,5,0.0,0.0,0.0,0.0,0.0,1.0,0.0,0.0,0.0,0.0,0.0,0.0
6,5,0.0,0.0,0.0,0.0,0.0,1.0,0.0,0.0,0.0,0.0,0.0,0.0
6,5,0.0,0.0,0.0,0.0,0.0,1.0,0.0,0.0,0.0,0.0,0.0,0.0
6,5,0.0,0.0,0.0,0.0,0.0,1.0,0.0,0.0,0.0,0.0,0.0,0.0
6,5,0.0,0.0,0.0,0.0,0.0,1.0,0.0,0.0,0.0,0.0,0.0,0.0
6,5,0.0,0.0,0.0,0.0,0.0,1.0,0.0,0.0,0.0,0.0,0.0,0.0
6,5,0.0,0.0,0.0,0.0,0.0,1.0,0.0,0.0,0.0,0.0,0.0,0.0
6,5,0.0,0.0,0.0,0.0,0.0,1.0,0.0,0.0,0.0,0.0,0.0,0.0
6,5,0.0,0.0,0.0,0.0,0.0,1.0,0.0,0.0,0.0,0.0,0.0,0.0
6,5,0.0,0.0,0.0,0.0,0.0,1.0,0.0,0.0,0.0,0.0,0.0,0.0
6,5,0.0,0.0,0.0,0.0,0.0,1.0,0.0,0.0,0.0,0.0,0.0,0.0
6,5,0.0,0.0,0.0,0.0,0.0,1.0,0.0,0.0,0.0,0.0,0.0,0.0
6,5,0.0,0.0,0.0,0.0,0.0,1.0,0.0,0.0,0.0,0.0,0.0,0.0
6,5,0.0,0.0,0.0,0.0,0.0,1.0,0.0,0.0,0.0,0.0,0.0,0.0
6,5,0.0,0.0,0.0,0.0,0.0,1.0,0.0,0.0,0.0,0.0,0.0,0.0
6,5,0.0,0.0,0.0,0.0,0.0,1.0,0.0,0.0,0.0,0.0,0.0,0.0
6,5,0.0,0.0,0.0,0.0,0.0,1.0,0.0,0.0,0.0,0.0,0.0,0.0
6,5,0.0,0.0,0.0,0.0,0.0,1.0,0.0,0.0,0.0,0.0,0.0,0.0
6,5,0.0,0.0,0.0,0.0,0.0,1.0,0.0,0.0,0.0,0.0,0.0,0.0
6,5,0.0,0.0,0.0,0.0,0.0,1.0,0.0,0.0,0.0,0.0,0.0,0.0
6,5,0.0,0.0,0.0,0.0,0.0,1.0,0.0,0.0,0.0,0.0,0.0,0.0
6,5,0.0,0.0,0.0,0.0,0.0,1.0,0.0,0.0,0.0,0.0,0.0,0.0
6,5,0.0,0.0,0.0,0.0,0.0,1.0,0.0,0.0,0.0,0.0,0.0,0.0
6,5,0.0,0.0,0.0,0.0,0.0,1.0,0.0,0.0,0.0,0.0,0.0,0.0
6,5,0.0,0.0,0.0,0.0,0.0,1.0,0.0,0.0,0.0,0.0,0.0,0.0
6,5,0.0,0.0,0.0,0.0,0.0,1.0,0.0,0.0,0.0,0.0,0.0,0.0
6,5,0.0,0.0,0.0,0.0,0.0,1.0,0.0,0.0,0.0,0.0,0.0,0.0
6,5,0.0,0.0,0.0,0.0,0.0,1.0,0.0,0.0,0.0,0.0,0.0,0.0
6,5,0.0,0.0,0.0,0.0,0.0,1.0,0.0,0.0,0.0,0.0,0.0,0.0
6,5,0.0,0.0,0.0,0.0,0.0,1.0,0.0,0.0,0.0,0.0,0.0,0.0
6,5,0.0,0.0,0.0,0.0,0.0,1.0,0.0,0.0,0.0,0.0,0.0,0.0
6,5,0.0,0.0,0.0,0.0,0.0,1.0,0.0,0.0,0.0,0.0,0.0,0.0
6,5,0.0,0.0,0.0,0.0,0.0,1.0,0.0,0.0,0.0,0.0,0.0,0.0
6,5,0.0,0.0,0.0,0.0,0.0,1.0,0.0,0.0,0.0,0.0,0.0,0.0
6,5,0.0,0.0,0.0,0.0,0.0,1.0,0.0,0.0,0.0,0.0,0.0,0.0
6,5,0.0,0.0,0.0,0.0,0.0,1.0,0.0,0.0,0.0,0.0,0.0,0.0
6,5,0.0,0.0,0.0,0.0,0.0,1.0,0.0,0.0,0.0,0.0,0.0,0.0
6,5,0.0,0.0,0.0,0.0,0.0,1.0,0.0,0.0,0.0,0.0,0.0,0.0
6,5,0.0,0.0,0.0,0.0,0.0,1.0,0.0,0.0,0.0,0.0,0.0,0.0
6,5,0.0,0.0,0.0,0.0,0.0,1.0,0.0,0.0,0.0,0.0,0.0,0.0
6,5,0.0,0.0,0.0,0.0,0.0,1.0,0.0,0.0,0.0,0.0,0.0,0.0
6,5,0.0,0.0,0.0,0.0,0.0,1.0,0.0,0.0,0.0,0.0,0.0,0.0
6,5,0.0,0.0,0.0,0.0,0.0,1.0,0.0,0.0,0.0,0.0,0.0,0.0
6,5,0.0,0.0,0.0,0.0,0.0,1.0,0.0,0.0,0.0,0.0,0.0,0.0
6,5,0.0,0.0,0.0,0.0,0.0,1.0,0.0,0.0,0.0,0.0,0.0,0.0
6,5,0.0,0.0,0.0,0.0,0.0,1.0,0.0,0.0,0.0,0.0,0.0,0.0
6,5,0.0,0.0,0.0,0.0,0.0,1.0,0.0,0.0,0.0,0.0,0.0,0.0
6,5,0.0,0.0,0.0,0.0,0.0,1.0,0.0,0.0,0.0,0.0,0.0,0.0
6,5,0.0,0.0,0.0,0.0,0.0,1.0,0.0,0.0,0.0,0.0,0.0,0.0
6,5,0.0,0.0,0.0,0.0,0.0,1.0,0.0,0.0,0.0,0.0,0.0,0.0
6,5,0.0,0.0,0.0,0.0,0.0,1.0,0.0,0.0,0.0,0.0,0.0,0.0
6,5,0.0,0.0,0.0,0.0,0.0,1.0,0.0,0.0,0.0,0.0,0.0,0.0
6,5,0.0,0.0,0.0,0.0,0.0,1.0,0.0,0.0,0.0,0.0,0.0,0.0
6,5,0.0,0.0,0.0,0.0,0.0,1.0,0.0,0.0,0.0,0.0,0.0,0.0
6,5,0.0,0.0,0.0,0.0,0.0,1.0,0.0,0.0,0.0,0.0,0.0,0.0
6,5,0.0,0.0,0.0,0.0,0.0,1.0,0.0,0.0,0.0,0.0,0.0,0.0
6,5,0.0,0.0,0.0,0.0,0.0,1.0,0.0,0.0,0.0,0.0,0.0,0.0
6,5,0.0,0.0,0.0,0.0,0.0,1.0,0.0,0.0,0.0,0.0,0.0,0.0
6,5,0.0,0.0,0.0,0.0,0.0,1.0,0.0,0.0,0.0,0.0,0.0,0.0
6,5,0.0,0.0,0.0,0.0,0.0,1.0,0.0,0.0,0.0,0.0,0.0,0.0
6,5,0.0,0.0,0.0,0.0,0.0,1.0,0.0,0.0,0.0,0.0,0.0,0.0
6,5,0.0,0.0,0.0,0.0,0.0,1.0,0.0,0.0,0.0,0.0,0.0,0.0
6,5,0.0,0.0,0.0,0.0,0.0,1.0,0.0,0.0,0.0,0.0,0.0,0.0
6,5,0.0,0.0,0.0,0.0,0.0,1.0,0.0,0.0,0.0,0.0,0.0,0.0
6,5,0.0,0.0,0.0,0.0,0.0,1.0,0.0,0.0,0.0,0.0,0.0,0.0
6,5,0.0,0.0,0.0,0.0,0.0,1.0,0.0,0.0,0.0,0.0,0.0,0.0
6,5,0.0,0.0,0.0,0.0,0.0,1.0,0.0,0.0,0.0,0.0,0.0,0.0
6,5,0.0,0.0,0.0,0.0,0.0,1.0,0.0,0.0,0.0,0.0,0.0,0.0
6,5,0.0,0.0,0.0,0.0,0.0,1.0,0.0,0.0,0.0,0.0,0.0,0.0
6,5,0.0,0.0,0.0,0.0,0.0,1.0,0.0,0.0,0.0,0.0,0.0,0.0
6,5,0.0,0.0,0.0,0.0,0.0,1.0,0.0,0.0,0.0,0.0,0.0,0.0
6,5,0.0,0.0,0.0,0.0,0.0,1.0,0.0,0.0,0.0,0.0,0.0,0.0
6,5,0.0,0.0,0.0,0.0,0.0,1.0,0.0,0.0,0.0,0.0,0.0,0.0
6,5,0.0,0.0,0.0,0.0,0.0,1.0,0.0,0.0,0.0,0.0,0.0,0.0
6,5,0.0,0.0,0.0,0.0,0.0,1.0,0.0,0.0,0.0,0.0,0.0,0.0
6,5,0.0,0.0,0.0,0.0,0.0,1.0,0.0,0.0,0.0,0.0,0.0,0.0
6,5,0.0,0.0,0.0,0.0,0.0,1.0,0.0,0.0,0.0,0.0,0.0,0.0
6,5,0.0,0.0,0.0,0.0,0.0,1.0,0.0,0.0,0.0,0.0,0.0,0.0
6,5,0.0,0.0,0.0,0.0,0.0,1.0,0.0,0.0,0.0,0.0,0.0,0.0
6,5,0.0,0.0,0.0,0.0,0.0,1.0,0.0,0.0,0.0,0.0,0.0,0.0
6,5,0.0,0.0,0.0,0.0,0.0,1.0,0.0,0.0,0.0,0.0,0.0,0.0
6,5,0.0,0.0,0.0,0.0,0.0,1.0,0.0,0.0,0.0,0.0,0.0,0.0
6,5,0.0,0.0,0.0,0.0,0.0,1.0,0.0,0.0,0.0,0.0,0.0,0.0
6,5,0.0,0.0,0.0,0.0,0.0,1.0,0.0,0.0,0.0,0.0,0.0,0.0
6,5,0.0,0.0,0.0,0.0,0.0,1.0,0.0,0.0,0.0,0.0,0.0,0.0
6,5,0.0,0.0,0.0,0.0,0.0,1.0,0.0,0.0,0.0,0.0,0.0,0.0
6,5,0.0,0.0,0.0,0.0,0.0,1.0,0.0,0.0,0.0,0.0,0.0,0.0
6,5,0.0,0.0,0.0,0.0,0.0,1.0,0.0,0.0,0.0,0.0,0.0,0.0
6,5,0.0,0.0,0.0,0.0,0.0,1.0,0.0,0.0,0.0,0.0,0.0,0.0
6,5,0.0,0.0,0.0,0.0,0.0,1.0,0.0,0.0,0.0,0.0,0.0,0.0
6,5,0.0,0.0,0.0,0.0,0.0,1.0,0.0,0.0,0.0,0.0,0.0,0.0
6,5,0.0,0.0,0.0,0.0,0.0,1.0,0.0,0.0,0.0,0.0,0.0,0.0
6,5,0.0,0.0,0.0,0.0,0.0,1.0,0.0,0.0,0.0,0.0,0.0,0.0
6,5,0.0,0.0,0.0,0.0,0.0,1.0,0.0,0.0,0.0,0.0,0.0,0.0
6,5,0.0,0.0,0.0,0.0,0.0,1.0,0.0,0.0,0.0,0.0,0.0,0.0
6,5,0.0,0.0,0.0,0.0,0.0,1.0,0.0,0.0,0.0,0.0,0.0,0.0
6,5,0.0,0.0,0.0,0.0,0.0,1.0,0.0,0.0,0.0,0.0,0.0,0.0
6,5,0.0,0.0,0.0,0.0,0.0,1.0,0.0,0.0,0.0,0.0,0.0,0.0
6,5,0.0,0.0,0.0,0.0,0.0,1.0,0.0,0.0,0.0,0.0,0.0,0.0
6,5,0.0,0.0,0.0,0.0,0.0,1.0,0.0,0.0,0.0,0.0,0.0,0.0
6,5,0.0,0.0,0.0,0.0,0.0,1.0,0.0,0.0,0.0,0.0,0.0,0.0
6,5,0.0,0.0,0.0,0.0,0.0,1.0,0.0,0.0,0.0,0.0,0.0,0.0
6,5,0.0,0.0,0.0,0.0,0.0,1.0,0.0,0.0,0.0,0.0,0.0,0.0
6,5,0.0,0.0,0.0,0.0,0.0,1.0,0.0,0.0,0.0,0.0,0.0,0.0
6,5,0.0,0.0,0.0,0.0,0.0,1.0,0.0,0.0,0.0,0.0,0.0,0.0
6,5,0.0,0.0,0.0,0.0,0.0,1.0,0.0,0.0,0.0,0.0,0.0,0.0
6,5,0.0,0.0,0.0,0.0,0.0,1.0,0.0,0.0,0.0,0.0,0.0,0.0
6,5,0.0,0.0,0.0,0.0,0.0,1.0,0.0,0.0,0.0,0.0,0.0,0.0
6,5,0.0,0.0,0.0,0.0,0.0,1.0,0.0,0.0,0.0,0.0,0.0,0.0
6,5,0.0,0.0,0.0,0.0,0.0,1.0,0.0,0.0,0.0,0.0,0.0,0.0
6,5,0.0,0.0,0.0,0.0,0.0,1.0,0.0,0.0,0.0,0.0,0.0,0.0
6,5,0.0,0.0,0.0,0.0,0.0,1.0,0.0,0.0,0.0,0.0,0.0,0.0
6,5,0.0,0.0,0.0,0.0,0.0,1.0,0.0,0.0,0.0,0.0,0.0,0.0
6,5,0.0,0.0,0.0,0.0,0.0,1.0,0.0,0.0,0.0,0.0,0.0,0.0
6,5,0.0,0.0,0.0,0.0,0.0,1.0,0.0,0.0,0.0,0.0,0.0,0.0
6,5,0.0,0.0,0.0,0.0,0.0,1.0,0.0,0.0,0.0,0.0,0.0,0.0
6,5,0.0,0.0,0.0,0.0,0.0,1.0,0.0,0.0,0.0,0.0,0.0,0.0
6,5,0.0,0.0,0.0,0.0,0.0,1.0,0.0,0.0,0.0,0.0,0.0,0.0
6,5,0.0,0.0,0.0,0.0,0.0,1.0,0.0,0.0,0.0,0.0,0.0,0.0
6,5,0.0,0.0,0.0,0.0,0.0,1.0,0.0,0.0,0.0,0.0,0.0,0.0
6,5,0.0,0.0,0.0,0.0,0.0,1.0,0.0,0.0,0.0,0.0,0.0,0.0
6,5,0.0,0.0,0.0,0.0,0.0,1.0,0.0,0.0,0.0,0.0,0.0,0.0
6,5,0.0,0.0,0.0,0.0,0.0,1.0,0.0,0.0,0.0,0.0,0.0,0.0
6,5,0.0,0.0,0.0,0.0,0.0,1.0,0.0,0.0,0.0,0.0,0.0,0.0
6,5,0.0,0.0,0.0,0.0,0.0,1.0,0.0,0.0,0.0,0.0,0.0,0.0
6,5,0.0,0.0,0.0,0.0,0.0,1.0,0.0,0.0,0.0,0.0,0.0,0.0
6,5,0.0,0.0,0.0,0.0,0.0,1.0,0.0,0.0,0.0,0.0,0.0,0.0
6,5,0.0,0.0,0.0,0.0,0.0,1.0,0.0,0.0,0.0,0.0,0.0,0.0
6,5,0.0,0.0,0.0,0.0,0.0,1.0,0.0,0.0,0.0,0.0,0.0,0.0
6,5,0.0,0.0,0.0,0.0,0.0,1.0,0.0,0.0,0.0,0.0,0.0,0.0
6,5,0.0,0.0,0.0,0.0,0.0,1.0,0.0,0.0,0.0,0.0,0.0,0.0
6,5,0.0,0.0,0.0,0.0,0.0,1.0,0.0,0.0,0.0,0.0,0.0,0.0
6,5,0.0,0.0,0.0,0.0,0.0,1.0,0.0,0.0,0.0,0.0,0.0,0.0
6,5,0.0,0.0,0.0,0.0,0.0,1.0,0.0,0.0,0.0,0.0,0.0,0.0
6,5,0.0,0.0,0.0,0.0,0.0,1.0,0.0,0.0,0.0,0.0,0.0,0.0
6,5,0.0,0.0,0.0,0.0,0.0,1.0,0.0,0.0,0.0,0.0,0.0,0.0
6,5,0.0,0.0,0.0,0.0,0.0,1.0,0.0,0.0,0.0,0.0,0.0,0.0
6,5,0.0,0.0,0.0,0.0,0.0,1.0,0.0,0.0,0.0,0.0,0.0,0.0
6,5,0.0,0.0,0.0,0.0,0.0,1.0,0.0,0.0,0.0,0.0,0.0,0.0
6,5,0.0,0.0,0.0,0.0,0.0,1.0,0.0,0.0,0.0,0.0,0.0,0.0
6,5,0.0,0.0,0.0,0.0,0.0,1.0,0.0,0.0,0.0,0.0,0.0,0.0
6,5,0.0,0.0,0.0,0.0,0.0,1.0,0.0,0.0,0.0,0.0,0.0,0.0
6,5,0.0,0.0,0.0,0.0,0.0,1.0,0.0,0.0,0.0,0.0,0.0,0.0
6,5,0.0,0.0,0.0,0.0,0.0,1.0,0.0,0.0,0.0,0.0,0.0,0.0
6,5,0.0,0.0,0.0,0.0,0.0,1.0,0.0,0.0,0.0,0.0,0.0,0.0
6,5,0.0,0.0,0.0,0.0,0.0,1.0,0.0,0.0,0.0,0.0,0.0,0.0
6,5,0.0,0.0,0.0,0.0,0.0,1.0,0.0,0.0,0.0,0.0,0.0,0.0
6,5,0.0,0.0,0.0,0.0,0.0,1.0,0.0,0.0,0.0,0.0,0.0,0.0
6,5,0.0,0.0,0.0,0.0,0.0,1.0,0.0,0.0,0.0,0.0,0.0,0.0
6,5,0.0,0.0,0.0,0.0,0.0,1.0,0.0,0.0,0.0,0.0,0.0,0.0
6,5,0.0,0.0,0.0,0.0,0.0,1.0,0.0,0.0,0.0,0.0,0.0,0.0
6,5,0.0,0.0,0.0,0.0,0.0,1.0,0.0,0.0,0.0,0.0,0.0,0.0
6,5,0.0,0.0,0.0,0.0,0.0,1.0,0.0,0.0,0.0,0.0,0.0,0.0
6,5,0.0,0.0,0.0,0.0,0.0,1.0,0.0,0.0,0.0,0.0,0.0,0.0
6,5,0.0,0.0,0.0,0.0,0.0,1.0,0.0,0.0,0.0,0.0,0.0,0.0
6,5,0.0,0.0,0.0,0.0,0.0,1.0,0.0,0.0,0.0,0.0,0.0,0.0
6,5,0.0,0.0,0.0,0.0,0.0,1.0,0.0,0.0,0.0,0.0,0.0,0.0
6,5,0.0,0.0,0.0,0.0,0.0,1.0,0.0,0.0,0.0,0.0,0.0,0.0
6,5,0.0,0.0,0.0,0.0,0.0,1.0,0.0,0.0,0.0,0.0,0.0,0.0
6,5,0.0,0.0,0.0,0.0,0.0,1.0,0.0,0.0,0.0,0.0,0.0,0.0
6,5,0.0,0.0,0.0,0.0,0.0,1.0,0.0,0.0,0.0,0.0,0.0,0.0
6,5,0.0,0.0,0.0,0.0,0.0,1.0,0.0,0.0,0.0,0.0,0.0,0.0
6,5,0.0,0.0,0.0,0.0,0.0,1.0,0.0,0.0,0.0,0.0,0.0,0.0
6,5,0.0,0.0,0.0,0.0,0.0,1.0,0.0,0.0,0.0,0.0,0.0,0.0
6,5,0.0,0.0,0.0,0.0,0.0,1.0,0.0,0.0,0.0,0.0,0.0,0.0
6,5,0.0,0.0,0.0,0.0,0.0,1.0,0.0,0.0,0.0,0.0,0.0,0.0
6,5,0.0,0.0,0.0,0.0,0.0,1.0,0.0,0.0,0.0,0.0,0.0,0.0
6,5,0.0,0.0,0.0,0.0,0.0,1.0,0.0,0.0,0.0,0.0,0.0,0.0
6,5,0.0,0.0,0.0,0.0,0.0,1.0,0.0,0.0,0.0,0.0,0.0,0.0
6,5,0.0,0.0,0.0,0.0,0.0,1.0,0.0,0.0,0.0,0.0,0.0,0.0
6,5,0.0,0.0,0.0,0.0,0.0,1.0,0.0,0.0,0.0,0.0,0.0,0.0
6,5,0.0,0.0,0.0,0.0,0.0,1.0,0.0,0.0,0.0,0.0,0.0,0.0
6,5,0.0,0.0,0.0,0.0,0.0,1.0,0.0,0.0,0.0,0.0,0.0,0.0
6,5,0.0,0.0,0.0,0.0,0.0,1.0,0.0,0.0,0.0,0.0,0.0,0.0
6,5,0.0,0.0,0.0,0.0,0.0,1.0,0.0,0.0,0.0,0.0,0.0,0.0
6,5,0.0,0.0,0.0,0.0,0.0,1.0,0.0,0.0,0.0,0.0,0.0,0.0
6,5,0.0,0.0,0.0,0.0,0.0,1.0,0.0,0.0,0.0,0.0,0.0,0.0
6,5,0.0,0.0,0.0,0.0,0.0,1.0,0.0,0.0,0.0,0.0,0.0,0.0
6,5,0.0,0.0,0.0,0.0,0.0,1.0,0.0,0.0,0.0,0.0,0.0,0.0
6,5,0.0,0.0,0.0,0.0,0.0,1.0,0.0,0.0,0.0,0.0,0.0,0.0
6,5,0.0,0.0,0.0,0.0,0.0,1.0,0.0,0.0,0.0,0.0,0.0,0.0
6,5,0.0,0.0,0.0,0.0,0.0,1.0,0.0,0.0,0.0,0.0,0.0,0.0
6,5,0.0,0.0,0.0,0.0,0.0,1.0,0.0,0.0,0.0,0.0,0.0,0.0
6,5,0.0,0.0,0.0,0.0,0.0,1.0,0.0,0.0,0.0,0.0,0.0,0.0
6,5,0.0,0.0,0.0,0.0,0.0,1.0,0.0,0.0,0.0,0.0,0.0,0.0
6,5,0.0,0.0,0.0,0.0,0.0,1.0,0.0,0.0,0.0,0.0,0.0,0.0
6,5,0.0,0.0,0.0,0.0,0.0,1.0,0.0,0.0,0.0,0.0,0.0,0.0
6,5,0.0,0.0,0.0,0.0,0.0,1.0,0.0,0.0,0.0,0.0,0.0,0.0
6,5,0.0,0.0,0.0,0.0,0.0,1.0,0.0,0.0,0.0,0.0,0.0,0.0
6,5,0.0,0.0,0.0,0.0,0.0,1.0,0.0,0.0,0.0,0.0,0.0,0.0
6,5,0.0,0.0,0.0,0.0,0.0,1.0,0.0,0.0,0.0,0.0,0.0,0.0
6,5,0.0,0.0,0.0,0.0,0.0,1.0,0.0,0.0,0.0,0.0,0.0,0.0
6,5,0.0,0.0,0.0,0.0,0.0,1.0,0.0,0.0,0.0,0.0,0.0,0.0
6,5,0.0,0.0,0.0,0.0,0.0,1.0,0.0,0.0,0.0,0.0,0.0,0.0
6,5,0.0,0.0,0.0,0.0,0.0,1.0,0.0,0.0,0.0,0.0,0.0,0.0
6,5,0.0,0.0,0.0,0.0,0.0,1.0,0.0,0.0,0.0,0.0,0.0,0.0
6,5,0.0,0.0,0.0,0.0,0.0,1.0,0.0,0.0,0.0,0.0,0.0,0.0
6,5,0.0,0.0,0.0,0.0,0.0,1.0,0.0,0.0,0.0,0.0,0.0,0.0
6,5,0.0,0.0,0.0,0.0,0.0,1.0,0.0,0.0,0.0,0.0,0.0,0.0
6,5,0.0,0.0,0.0,0.0,0.0,1.0,0.0,0.0,0.0,0.0,0.0,0.0
6,5,0.0,0.0,0.0,0.0,0.0,1.0,0.0,0.0,0.0,0.0,0.0,0.0
6,5,0.0,0.0,0.0,0.0,0.0,1.0,0.0,0.0,0.0,0.0,0.0,0.0
6,5,0.0,0.0,0.0,0.0,0.0,1.0,0.0,0.0,0.0,0.0,0.0,0.0
6,5,0.0,0.0,0.0,0.0,0.0,1.0,0.0,0.0,0.0,0.0,0.0,0.0
6,5,0.0,0.0,0.0,0.0,0.0,1.0,0.0,0.0,0.0,0.0,0.0,0.0
6,5,0.0,0.0,0.0,0.0,0.0,1.0,0.0,0.0,0.0,0.0,0.0,0.0
6,5,0.0,0.0,0.0,0.0,0.0,1.0,0.0,0.0,0.0,0.0,0.0,0.0
6,5,0.0,0.0,0.0,0.0,0.0,1.0,0.0,0.0,0.0,0.0,0.0,0.0
6,5,0.0,0.0,0.0,0.0,0.0,1.0,0.0,0.0,0.0,0.0,0.0,0.0
6,5,0.0,0.0,0.0,0.0,0.0,1.0,0.0,0.0,0.0,0.0,0.0,0.0
6,5,0.0,0.0,0.0,0.0,0.0,1.0,0.0,0.0,0.0,0.0,0.0,0.0
6,5,0.0,0.0,0.0,0.0,0.0,1.0,0.0,0.0,0.0,0.0,0.0,0.0
6,5,0.0,0.0,0.0,0.0,0.0,1.0,0.0,0.0,0.0,0.0,0.0,0.0
6,5,0.0,0.0,0.0,0.0,0.0,1.0,0.0,0.0,0.0,0.0,0.0,0.0
6,5,0.0,0.0,0.0,0.0,0.0,1.0,0.0,0.0,0.0,0.0,0.0,0.0
6,5,0.0,0.0,0.0,0.0,0.0,1.0,0.0,0.0,0.0,0.0,0.0,0.0
6,5,0.0,0.0,0.0,0.0,0.0,1.0,0.0,0.0,0.0,0.0,0.0,0.0
6,5,0.0,0.0,0.0,0.0,0.0,1.0,0.0,0.0,0.0,0.0,0.0,0.0
6,5,0.0,0.0,0.0,0.0,0.0,1.0,0.0,0.0,0.0,0.0,0.0,0.0
6,5,0.0,0.0,0.0,0.0,0.0,1.0,0.0,0.0,0.0,0.0,0.0,0.0
6,5,0.0,0.0,0.0,0.0,0.0,1.0,0.0,0.0,0.0,0.0,0.0,0.0
6,5,0.0,0.0,0.0,0.0,0.0,1.0,0.0,0.0,0.0,0.0,0.0,0.0
6,5,0.0,0.0,0.0,0.0,0.0,1.0,0.0,0.0,0.0,0.0,0.0,0.0
6,5,0.0,0.0,0.0,0.0,0.0,1.0,0.0,0.0,0.0,0.0,0.0,0.0
6,5,0.0,0.0,0.0,0.0,0.0,1.0,0.0,0.0,0.0,0.0,0.0,0.0
6,5,0.0,0.0,0.0,0.0,0.0,1.0,0.0,0.0,0.0,0.0,0.0,0.0
6,5,0.0,0.0,0.0,0.0,0.0,1.0,0.0,0.0,0.0,0.0,0.0,0.0
6,5,0.0,0.0,0.0,0.0,0.0,1.0,0.0,0.0,0.0,0.0,0.0,0.0
6,5,0.0,0.0,0.0,0.0,0.0,1.0,0.0,0.0,0.0,0.0,0.0,0.0
6,5,0.0,0.0,0.0,0.0,0.0,1.0,0.0,0.0,0.0,0.0,0.0,0.0
6,5,0.0,0.0,0.0,0.0,0.0,1.0,0.0,0.0,0.0,0.0,0.0,0.0
6,5,0.0,0.0,0.0,0.0,0.0,1.0,0.0,0.0,0.0,0.0,0.0,0.0
6,5,0.0,0.0,0.0,0.0,0.0,1.0,0.0,0.0,0.0,0.0,0.0,0.0
6,5,0.0,0.0,0.0,0.0,0.0,1.0,0.0,0.0,0.0,0.0,0.0,0.0
6,5,0.0,0.0,0.0,0.0,0.0,1.0,0.0,0.0,0.0,0.0,0.0,0.0
6,5,0.0,0.0,0.0,0.0,0.0,1.0,0.0,0.0,0.0,0.0,0.0,0.0
6,5,0.0,0.0,0.0,0.0,0.0,1.0,0.0,0.0,0.0,0.0,0.0,0.0
6,5,0.0,0.0,0.0,0.0,0.0,1.0,0.0,0.0,0.0,0.0,0.0,0.0
6,5,0.0,0.0,0.0,0.0,0.0,1.0,0.0,0.0,0.0,0.0,0.0,0.0
6,5,0.0,0.0,0.0,0.0,0.0,1.0,0.0,0.0,0.0,0.0,0.0,0.0
6,5,0.0,0.0,0.0,0.0,0.0,1.0,0.0,0.0,0.0,0.0,0.0,0.0
6,5,0.0,0.0,0.0,0.0,0.0,1.0,0.0,0.0,0.0,0.0,0.0,0.0
6,5,0.0,0.0,0.0,0.0,0.0,1.0,0.0,0.0,0.0,0.0,0.0,0.0
6,5,0.0,0.0,0.0,0.0,0.0,1.0,0.0,0.0,0.0,0.0,0.0,0.0
6,5,0.0,0.0,0.0,0.0,0.0,1.0,0.0,0.0,0.0,0.0,0.0,0.0
6,5,0.0,0.0,0.0,0.0,0.0,1.0,0.0,0.0,0.0,0.0,0.0,0.0
6,5,0.0,0.0,0.0,0.0,0.0,1.0,0.0,0.0,0.0,0.0,0.0,0.0
6,5,0.0,0.0,0.0,0.0,0.0,1.0,0.0,0.0,0.0,0.0,0.0,0.0
6,5,0.0,0.0,0.0,0.0,0.0,1.0,0.0,0.0,0.0,0.0,0.0,0.0
6,5,0.0,0.0,0.0,0.0,0.0,1.0,0.0,0.0,0.0,0.0,0.0,0.0
6,5,0.0,0.0,0.0,0.0,0.0,1.0,0.0,0.0,0.0,0.0,0.0,0.0
6,5,0.0,0.0,0.0,0.0,0.0,1.0,0.0,0.0,0.0,0.0,0.0,0.0
6,5,0.0,0.0,0.0,0.0,0.0,1.0,0.0,0.0,0.0,0.0,0.0,0.0
6,5,0.0,0.0,0.0,0.0,0.0,1.0,0.0,0.0,0.0,0.0,0.0,0.0
6,5,0.0,0.0,0.0,0.0,0.0,1.0,0.0,0.0,0.0,0.0,0.0,0.0
6,5,0.0,0.0,0.0,0.0,0.0,1.0,0.0,0.0,0.0,0.0,0.0,0.0
6,5,0.0,0.0,0.0,0.0,0.0,1.0,0.0,0.0,0.0,0.0,0.0,0.0
6,5,0.0,0.0,0.0,0.0,0.0,1.0,0.0,0.0,0.0,0.0,0.0,0.0
6,5,0.0,0.0,0.0,0.0,0.0,1.0,0.0,0.0,0.0,0.0,0.0,0.0
6,5,0.0,0.0,0.0,0.0,0.0,1.0,0.0,0.0,0.0,0.0,0.0,0.0
6,5,0.0,0.0,0.0,0.0,0.0,1.0,0.0,0.0,0.0,0.0,0.0,0.0
6,5,0.0,0.0,0.0,0.0,0.0,1.0,0.0,0.0,0.0,0.0,0.0,0.0
6,5,0.0,0.0,0.0,0.0,0.0,1.0,0.0,0.0,0.0,0.0,0.0,0.0
6,5,0.0,0.0,0.0,0.0,0.0,1.0,0.0,0.0,0.0,0.0,0.0,0.0
6,5,0.0,0.0,0.0,0.0,0.0,1.0,0.0,0.0,0.0,0.0,0.0,0.0
6,5,0.0,0.0,0.0,0.0,0.0,1.0,0.0,0.0,0.0,0.0,0.0,0.0
6,5,0.0,0.0,0.0,0.0,0.0,1.0,0.0,0.0,0.0,0.0,0.0,0.0
6,5,0.0,0.0,0.0,0.0,0.0,1.0,0.0,0.0,0.0,0.0,0.0,0.0
6,5,0.0,0.0,0.0,0.0,0.0,1.0,0.0,0.0,0.0,0.0,0.0,0.0
6,5,0.0,0.0,0.0,0.0,0.0,1.0,0.0,0.0,0.0,0.0,0.0,0.0
6,5,0.0,0.0,0.0,0.0,0.0,1.0,0.0,0.0,0.0,0.0,0.0,0.0
6,5,0.0,0.0,0.0,0.0,0.0,1.0,0.0,0.0,0.0,0.0,0.0,0.0
6,5,0.0,0.0,0.0,0.0,0.0,1.0,0.0,0.0,0.0,0.0,0.0,0.0
6,5,0.0,0.0,0.0,0.0,0.0,1.0,0.0,0.0,0.0,0.0,0.0,0.0
6,5,0.0,0.0,0.0,0.0,0.0,1.0,0.0,0.0,0.0,0.0,0.0,0.0
6,5,0.0,0.0,0.0,0.0,0.0,1.0,0.0,0.0,0.0,0.0,0.0,0.0
6,5,0.0,0.0,0.0,0.0,0.0,1.0,0.0,0.0,0.0,0.0,0.0,0.0
6,5,0.0,0.0,0.0,0.0,0.0,1.0,0.0,0.0,0.0,0.0,0.0,0.0
6,5,0.0,0.0,0.0,0.0,0.0,1.0,0.0,0.0,0.0,0.0,0.0,0.0
6,5,0.0,0.0,0.0,0.0,0.0,1.0,0.0,0.0,0.0,0.0,0.0,0.0
6,5,0.0,0.0,0.0,0.0,0.0,1.0,0.0,0.0,0.0,0.0,0.0,0.0
6,5,0.0,0.0,0.0,0.0,0.0,1.0,0.0,0.0,0.0,0.0,0.0,0.0
6,5,0.0,0.0,0.0,0.0,0.0,1.0,0.0,0.0,0.0,0.0,0.0,0.0
6,5,0.0,0.0,0.0,0.0,0.0,1.0,0.0,0.0,0.0,0.0,0.0,0.0
6,5,0.0,0.0,0.0,0.0,0.0,1.0,0.0,0.0,0.0,0.0,0.0,0.0
6,5,0.0,0.0,0.0,0.0,0.0,1.0,0.0,0.0,0.0,0.0,0.0,0.0
6,5,0.0,0.0,0.0,0.0,0.0,1.0,0.0,0.0,0.0,0.0,0.0,0.0
6,5,0.0,0.0,0.0,0.0,0.0,1.0,0.0,0.0,0.0,0.0,0.0,0.0
6,5,0.0,0.0,0.0,0.0,0.0,1.0,0.0,0.0,0.0,0.0,0.0,0.0
6,5,0.0,0.0,0.0,0.0,0.0,1.0,0.0,0.0,0.0,0.0,0.0,0.0
6,5,0.0,0.0,0.0,0.0,0.0,1.0,0.0,0.0,0.0,0.0,0.0,0.0
6,5,0.0,0.0,0.0,0.0,0.0,1.0,0.0,0.0,0.0,0.0,0.0,0.0
6,5,0.0,0.0,0.0,0.0,0.0,1.0,0.0,0.0,0.0,0.0,0.0,0.0
6,5,0.0,0.0,0.0,0.0,0.0,1.0,0.0,0.0,0.0,0.0,0.0,0.0
6,5,0.0,0.0,0.0,0.0,0.0,1.0,0.0,0.0,0.0,0.0,0.0,0.0
6,5,0.0,0.0,0.0,0.0,0.0,1.0,0.0,0.0,0.0,0.0,0.0,0.0
6,5,0.0,0.0,0.0,0.0,0.0,1.0,0.0,0.0,0.0,0.0,0.0,0.0
6,5,0.0,0.0,0.0,0.0,0.0,1.0,0.0,0.0,0.0,0.0,0.0,0.0
6,5,0.0,0.0,0.0,0.0,0.0,1.0,0.0,0.0,0.0,0.0,0.0,0.0
6,5,0.0,0.0,0.0,0.0,0.0,1.0,0.0,0.0,0.0,0.0,0.0,0.0
6,5,0.0,0.0,0.0,0.0,0.0,1.0,0.0,0.0,0.0,0.0,0.0,0.0
6,5,0.0,0.0,0.0,0.0,0.0,1.0,0.0,0.0,0.0,0.0,0.0,0.0
6,5,0.0,0.0,0.0,0.0,0.0,1.0,0.0,0.0,0.0,0.0,0.0,0.0
6,5,0.0,0.0,0.0,0.0,0.0,1.0,0.0,0.0,0.0,0.0,0.0,0.0
6,5,0.0,0.0,0.0,0.0,0.0,1.0,0.0,0.0,0.0,0.0,0.0,0.0
6,5,0.0,0.0,0.0,0.0,0.0,1.0,0.0,0.0,0.0,0.0,0.0,0.0
6,5,0.0,0.0,0.0,0.0,0.0,1.0,0.0,0.0,0.0,0.0,0.0,0.0
6,5,0.0,0.0,0.0,0.0,0.0,1.0,0.0,0.0,0.0,0.0,0.0,0.0
6,5,0.0,0.0,0.0,0.0,0.0,1.0,0.0,0.0,0.0,0.0,0.0,0.0
6,5,0.0,0.0,0.0,0.0,0.0,1.0,0.0,0.0,0.0,0.0,0.0,0.0
6,5,0.0,0.0,0.0,0.0,0.0,1.0,0.0,0.0,0.0,0.0,0.0,0.0
6,5,0.0,0.0,0.0,0.0,0.0,1.0,0.0,0.0,0.0,0.0,0.0,0.0
6,5,0.0,0.0,0.0,0.0,0.0,1.0,0.0,0.0,0.0,0.0,0.0,0.0
6,5,0.0,0.0,0.0,0.0,0.0,1.0,0.0,0.0,0.0,0.0,0.0,0.0
6,5,0.0,0.0,0.0,0.0,0.0,1.0,0.0,0.0,0.0,0.0,0.0,0.0
6,5,0.0,0.0,0.0,0.0,0.0,1.0,0.0,0.0,0.0,0.0,0.0,0.0
6,5,0.0,0.0,0.0,0.0,0.0,1.0,0.0,0.0,0.0,0.0,0.0,0.0
6,5,0.0,0.0,0.0,0.0,0.0,1.0,0.0,0.0,0.0,0.0,0.0,0.0
6,5,0.0,0.0,0.0,0.0,0.0,1.0,0.0,0.0,0.0,0.0,0.0,0.0
6,5,0.0,0.0,0.0,0.0,0.0,1.0,0.0,0.0,0.0,0.0,0.0,0.0
6,5,0.0,0.0,0.0,0.0,0.0,1.0,0.0,0.0,0.0,0.0,0.0,0.0
6,5,0.0,0.0,0.0,0.0,0.0,1.0,0.0,0.0,0.0,0.0,0.0,0.0
6,5,0.0,0.0,0.0,0.0,0.0,1.0,0.0,0.0,0.0,0.0,0.0,0.0
6,5,0.0,0.0,0.0,0.0,0.0,1.0,0.0,0.0,0.0,0.0,0.0,0.0
6,5,0.0,0.0,0.0,0.0,0.0,1.0,0.0,0.0,0.0,0.0,0.0,0.0
6,5,0.0,0.0,0.0,0.0,0.0,1.0,0.0,0.0,0.0,0.0,0.0,0.0
6,5,0.0,0.0,0.0,0.0,0.0,1.0,0.0,0.0,0.0,0.0,0.0,0.0
6,5,0.0,0.0,0.0,0.0,0.0,1.0,0.0,0.0,0.0,0.0,0.0,0.0
6,5,0.0,0.0,0.0,0.0,0.0,1.0,0.0,0.0,0.0,0.0,0.0,0.0
6,5,0.0,0.0,0.0,0.0,0.0,1.0,0.0,0.0,0.0,0.0,0.0,0.0
6,5,0.0,0.0,0.0,0.0,0.0,1.0,0.0,0.0,0.0,0.0,0.0,0.0
6,5,0.0,0.0,0.0,0.0,0.0,1.0,0.0,0.0,0.0,0.0,0.0,0.0
6,5,0.0,0.0,0.0,0.0,0.0,1.0,0.0,0.0,0.0,0.0,0.0,0.0
6,5,0.0,0.0,0.0,0.0,0.0,1.0,0.0,0.0,0.0,0.0,0.0,0.0
6,5,0.0,0.0,0.0,0.0,0.0,1.0,0.0,0.0,0.0,0.0,0.0,0.0
6,5,0.0,0.0,0.0,0.0,0.0,1.0,0.0,0.0,0.0,0.0,0.0,0.0
6,5,0.0,0.0,0.0,0.0,0.0,1.0,0.0,0.0,0.0,0.0,0.0,0.0
6,5,0.0,0.0,0.0,0.0,0.0,1.0,0.0,0.0,0.0,0.0,0.0,0.0
6,5,0.0,0.0,0.0,0.0,0.0,1.0,0.0,0.0,0.0,0.0,0.0,0.0
6,5,0.0,0.0,0.0,0.0,0.0,1.0,0.0,0.0,0.0,0.0,0.0,0.0
6,5,0.0,0.0,0.0,0.0,0.0,1.0,0.0,0.0,0.0,0.0,0.0,0.0
6,5,0.0,0.0,0.0,0.0,0.0,1.0,0.0,0.0,0.0,0.0,0.0,0.0
6,5,0.0,0.0,0.0,0.0,0.0,1.0,0.0,0.0,0.0,0.0,0.0,0.0
6,5,0.0,0.0,0.0,0.0,0.0,1.0,0.0,0.0,0.0,0.0,0.0,0.0
6,5,0.0,0.0,0.0,0.0,0.0,1.0,0.0,0.0,0.0,0.0,0.0,0.0
6,5,0.0,0.0,0.0,0.0,0.0,1.0,0.0,0.0,0.0,0.0,0.0,0.0
6,5,0.0,0.0,0.0,0.0,0.0,1.0,0.0,0.0,0.0,0.0,0.0,0.0
6,5,0.0,0.0,0.0,0.0,0.0,1.0,0.0,0.0,0.0,0.0,0.0,0.0
6,5,0.0,0.0,0.0,0.0,0.0,1.0,0.0,0.0,0.0,0.0,0.0,0.0
6,5,0.0,0.0,0.0,0.0,0.0,1.0,0.0,0.0,0.0,0.0,0.0,0.0
6,5,0.0,0.0,0.0,0.0,0.0,1.0,0.0,0.0,0.0,0.0,0.0,0.0
6,5,0.0,0.0,0.0,0.0,0.0,1.0,0.0,0.0,0.0,0.0,0.0,0.0
6,5,0.0,0.0,0.0,0.0,0.0,1.0,0.0,0.0,0.0,0.0,0.0,0.0
6,5,0.0,0.0,0.0,0.0,0.0,1.0,0.0,0.0,0.0,0.0,0.0,0.0
6,5,0.0,0.0,0.0,0.0,0.0,1.0,0.0,0.0,0.0,0.0,0.0,0.0
6,5,0.0,0.0,0.0,0.0,0.0,1.0,0.0,0.0,0.0,0.0,0.0,0.0
6,5,0.0,0.0,0.0,0.0,0.0,1.0,0.0,0.0,0.0,0.0,0.0,0.0
6,5,0.0,0.0,0.0,0.0,0.0,1.0,0.0,0.0,0.0,0.0,0.0,0.0
6,5,0.0,0.0,0.0,0.0,0.0,1.0,0.0,0.0,0.0,0.0,0.0,0.0
6,5,0.0,0.0,0.0,0.0,0.0,1.0,0.0,0.0,0.0,0.0,0.0,0.0
6,5,0.0,0.0,0.0,0.0,0.0,1.0,0.0,0.0,0.0,0.0,0.0,0.0
6,5,0.0,0.0,0.0,0.0,0.0,1.0,0.0,0.0,0.0,0.0,0.0,0.0
6,5,0.0,0.0,0.0,0.0,0.0,1.0,0.0,0.0,0.0,0.0,0.0,0.0
6,5,0.0,0.0,0.0,0.0,0.0,1.0,0.0,0.0,0.0,0.0,0.0,0.0
6,5,0.0,0.0,0.0,0.0,0.0,1.0,0.0,0.0,0.0,0.0,0.0,0.0
6,5,0.0,0.0,0.0,0.0,0.0,1.0,0.0,0.0,0.0,0.0,0.0,0.0
6,5,0.0,0.0,0.0,0.0,0.0,1.0,0.0,0.0,0.0,0.0,0.0,0.0
6,5,0.0,0.0,0.0,0.0,0.0,1.0,0.0,0.0,0.0,0.0,0.0,0.0
6,5,0.0,0.0,0.0,0.0,0.0,1.0,0.0,0.0,0.0,0.0,0.0,0.0
6,5,0.0,0.0,0.0,0.0,0.0,1.0,0.0,0.0,0.0,0.0,0.0,0.0
6,5,0.0,0.0,0.0,0.0,0.0,1.0,0.0,0.0,0.0,0.0,0.0,0.0
6,5,0.0,0.0,0.0,0.0,0.0,1.0,0.0,0.0,0.0,0.0,0.0,0.0
6,5,0.0,0.0,0.0,0.0,0.0,1.0,0.0,0.0,0.0,0.0,0.0,0.0
6,5,0.0,0.0,0.0,0.0,0.0,1.0,0.0,0.0,0.0,0.0,0.0,0.0
6,5,0.0,0.0,0.0,0.0,0.0,1.0,0.0,0.0,0.0,0.0,0.0,0.0
6,5,0.0,0.0,0.0,0.0,0.0,1.0,0.0,0.0,0.0,0.0,0.0,0.0
6,5,0.0,0.0,0.0,0.0,0.0,1.0,0.0,0.0,0.0,0.0,0.0,0.0
6,5,0.0,0.0,0.0,0.0,0.0,1.0,0.0,0.0,0.0,0.0,0.0,0.0
6,5,0.0,0.0,0.0,0.0,0.0,1.0,0.0,0.0,0.0,0.0,0.0,0.0
6,5,0.0,0.0,0.0,0.0,0.0,1.0,0.0,0.0,0.0,0.0,0.0,0.0
6,5,0.0,0.0,0.0,0.0,0.0,1.0,0.0,0.0,0.0,0.0,0.0,0.0
6,5,0.0,0.0,0.0,0.0,0.0,1.0,0.0,0.0,0.0,0.0,0.0,0.0
6,5,0.0,0.0,0.0,0.0,0.0,1.0,0.0,0.0,0.0,0.0,0.0,0.0
6,5,0.0,0.0,0.0,0.0,0.0,1.0,0.0,0.0,0.0,0.0,0.0,0.0
6,5,0.0,0.0,0.0,0.0,0.0,1.0,0.0,0.0,0.0,0.0,0.0,0.0
6,5,0.0,0.0,0.0,0.0,0.0,1.0,0.0,0.0,0.0,0.0,0.0,0.0
6,5,0.0,0.0,0.0,0.0,0.0,1.0,0.0,0.0,0.0,0.0,0.0,0.0
6,5,0.0,0.0,0.0,0.0,0.0,1.0,0.0,0.0,0.0,0.0,0.0,0.0
6,5,0.0,0.0,0.0,0.0,0.0,1.0,0.0,0.0,0.0,0.0,0.0,0.0
6,5,0.0,0.0,0.0,0.0,0.0,1.0,0.0,0.0,0.0,0.0,0.0,0.0
6,5,0.0,0.0,0.0,0.0,0.0,1.0,0.0,0.0,0.0,0.0,0.0,0.0
6,5,0.0,0.0,0.0,0.0,0.0,1.0,0.0,0.0,0.0,0.0,0.0,0.0
6,5,0.0,0.0,0.0,0.0,0.0,1.0,0.0,0.0,0.0,0.0,0.0,0.0
6,5,0.0,0.0,0.0,0.0,0.0,1.0,0.0,0.0,0.0,0.0,0.0,0.0
6,5,0.0,0.0,0.0,0.0,0.0,1.0,0.0,0.0,0.0,0.0,0.0,0.0
6,5,0.0,0.0,0.0,0.0,0.0,1.0,0.0,0.0,0.0,0.0,0.0,0.0
6,5,0.0,0.0,0.0,0.0,0.0,1.0,0.0,0.0,0.0,0.0,0.0,0.0
6,5,0.0,0.0,0.0,0.0,0.0,1.0,0.0,0.0,0.0,0.0,0.0,0.0
6,5,0.0,0.0,0.0,0.0,0.0,1.0,0.0,0.0,0.0,0.0,0.0,0.0
6,5,0.0,0.0,0.0,0.0,0.0,1.0,0.0,0.0,0.0,0.0,0.0,0.0
6,5,0.0,0.0,0.0,0.0,0.0,1.0,0.0,0.0,0.0,0.0,0.0,0.0
6,5,0.0,0.0,0.0,0.0,0.0,1.0,0.0,0.0,0.0,0.0,0.0,0.0
6,5,0.0,0.0,0.0,0.0,0.0,1.0,0.0,0.0,0.0,0.0,0.0,0.0
6,5,0.0,0.0,0.0,0.0,0.0,1.0,0.0,0.0,0.0,0.0,0.0,0.0
6,5,0.0,0.0,0.0,0.0,0.0,1.0,0.0,0.0,0.0,0.0,0.0,0.0
6,5,0.0,0.0,0.0,0.0,0.0,1.0,0.0,0.0,0.0,0.0,0.0,0.0
6,5,0.0,0.0,0.0,0.0,0.0,1.0,0.0,0.0,0.0,0.0,0.0,0.0
6,5,0.0,0.0,0.0,0.0,0.0,1.0,0.0,0.0,0.0,0.0,0.0,0.0
6,5,0.0,0.0,0.0,0.0,0.0,1.0,0.0,0.0,0.0,0.0,0.0,0.0
6,5,0.0,0.0,0.0,0.0,0.0,1.0,0.0,0.0,0.0,0.0,0.0,0.0
6,5,0.0,0.0,0.0,0.0,0.0,1.0,0.0,0.0,0.0,0.0,0.0,0.0
6,5,0.0,0.0,0.0,0.0,0.0,1.0,0.0,0.0,0.0,0.0,0.0,0.0
6,5,0.0,0.0,0.0,0.0,0.0,1.0,0.0,0.0,0.0,0.0,0.0,0.0
6,5,0.0,0.0,0.0,0.0,0.0,1.0,0.0,0.0,0.0,0.0,0.0,0.0
6,5,0.0,0.0,0.0,0.0,0.0,1.0,0.0,0.0,0.0,0.0,0.0,0.0
6,5,0.0,0.0,0.0,0.0,0.0,1.0,0.0,0.0,0.0,0.0,0.0,0.0
6,5,0.0,0.0,0.0,0.0,0.0,1.0,0.0,0.0,0.0,0.0,0.0,0.0
6,5,0.0,0.0,0.0,0.0,0.0,1.0,0.0,0.0,0.0,0.0,0.0,0.0
6,5,0.0,0.0,0.0,0.0,0.0,1.0,0.0,0.0,0.0,0.0,0.0,0.0
6,5,0.0,0.0,0.0,0.0,0.0,1.0,0.0,0.0,0.0,0.0,0.0,0.0
6,5,0.0,0.0,0.0,0.0,0.0,1.0,0.0,0.0,0.0,0.0,0.0,0.0
6,5,0.0,0.0,0.0,0.0,0.0,1.0,0.0,0.0,0.0,0.0,0.0,0.0
6,5,0.0,0.0,0.0,0.0,0.0,1.0,0.0,0.0,0.0,0.0,0.0,0.0
6,5,0.0,0.0,0.0,0.0,0.0,1.0,0.0,0.0,0.0,0.0,0.0,0.0
6,5,0.0,0.0,0.0,0.0,0.0,1.0,0.0,0.0,0.0,0.0,0.0,0.0
6,5,0.0,0.0,0.0,0.0,0.0,1.0,0.0,0.0,0.0,0.0,0.0,0.0
6,5,0.0,0.0,0.0,0.0,0.0,1.0,0.0,0.0,0.0,0.0,0.0,0.0
6,5,0.0,0.0,0.0,0.0,0.0,1.0,0.0,0.0,0.0,0.0,0.0,0.0
6,5,0.0,0.0,0.0,0.0,0.0,1.0,0.0,0.0,0.0,0.0,0.0,0.0
6,5,0.0,0.0,0.0,0.0,0.0,1.0,0.0,0.0,0.0,0.0,0.0,0.0
6,5,0.0,0.0,0.0,0.0,0.0,1.0,0.0,0.0,0.0,0.0,0.0,0.0
6,5,0.0,0.0,0.0,0.0,0.0,1.0,0.0,0.0,0.0,0.0,0.0,0.0
6,5,0.0,0.0,0.0,0.0,0.0,1.0,0.0,0.0,0.0,0.0,0.0,0.0
6,5,0.0,0.0,0.0,0.0,0.0,1.0,0.0,0.0,0.0,0.0,0.0,0.0
6,5,0.0,0.0,0.0,0.0,0.0,1.0,0.0,0.0,0.0,0.0,0.0,0.0
6,5,0.0,0.0,0.0,0.0,0.0,1.0,0.0,0.0,0.0,0.0,0.0,0.0
6,5,0.0,0.0,0.0,0.0,0.0,1.0,0.0,0.0,0.0,0.0,0.0,0.0
6,5,0.0,0.0,0.0,0.0,0.0,1.0,0.0,0.0,0.0,0.0,0.0,0.0
6,5,0.0,0.0,0.0,0.0,0.0,1.0,0.0,0.0,0.0,0.0,0.0,0.0
6,5,0.0,0.0,0.0,0.0,0.0,1.0,0.0,0.0,0.0,0.0,0.0,0.0
6,5,0.0,0.0,0.0,0.0,0.0,1.0,0.0,0.0,0.0,0.0,0.0,0.0
6,5,0.0,0.0,0.0,0.0,0.0,1.0,0.0,0.0,0.0,0.0,0.0,0.0
6,5,0.0,0.0,0.0,0.0,0.0,1.0,0.0,0.0,0.0,0.0,0.0,0.0
6,5,0.0,0.0,0.0,0.0,0.0,1.0,0.0,0.0,0.0,0.0,0.0,0.0
6,5,0.0,0.0,0.0,0.0,0.0,1.0,0.0,0.0,0.0,0.0,0.0,0.0
6,5,0.0,0.0,0.0,0.0,0.0,1.0,0.0,0.0,0.0,0.0,0.0,0.0
6,5,0.0,0.0,0.0,0.0,0.0,1.0,0.0,0.0,0.0,0.0,0.0,0.0
6,5,0.0,0.0,0.0,0.0,0.0,1.0,0.0,0.0,0.0,0.0,0.0,0.0
6,5,0.0,0.0,0.0,0.0,0.0,1.0,0.0,0.0,0.0,0.0,0.0,0.0
6,5,0.0,0.0,0.0,0.0,0.0,1.0,0.0,0.0,0.0,0.0,0.0,0.0
6,5,0.0,0.0,0.0,0.0,0.0,1.0,0.0,0.0,0.0,0.0,0.0,0.0
6,5,0.0,0.0,0.0,0.0,0.0,1.0,0.0,0.0,0.0,0.0,0.0,0.0
6,5,0.0,0.0,0.0,0.0,0.0,1.0,0.0,0.0,0.0,0.0,0.0,0.0
6,5,0.0,0.0,0.0,0.0,0.0,1.0,0.0,0.0,0.0,0.0,0.0,0.0
6,5,0.0,0.0,0.0,0.0,0.0,1.0,0.0,0.0,0.0,0.0,0.0,0.0
6,5,0.0,0.0,0.0,0.0,0.0,1.0,0.0,0.0,0.0,0.0,0.0,0.0
6,5,0.0,0.0,0.0,0.0,0.0,1.0,0.0,0.0,0.0,0.0,0.0,0.0
6,5,0.0,0.0,0.0,0.0,0.0,1.0,0.0,0.0,0.0,0.0,0.0,0.0
6,5,0.0,0.0,0.0,0.0,0.0,1.0,0.0,0.0,0.0,0.0,0.0,0.0
6,5,0.0,0.0,0.0,0.0,0.0,1.0,0.0,0.0,0.0,0.0,0.0,0.0
6,5,0.0,0.0,0.0,0.0,0.0,1.0,0.0,0.0,0.0,0.0,0.0,0.0
6,5,0.0,0.0,0.0,0.0,0.0,1.0,0.0,0.0,0.0,0.0,0.0,0.0
6,5,0.0,0.0,0.0,0.0,0.0,1.0,0.0,0.0,0.0,0.0,0.0,0.0
6,5,0.0,0.0,0.0,0.0,0.0,1.0,0.0,0.0,0.0,0.0,0.0,0.0
6,5,0.0,0.0,0.0,0.0,0.0,1.0,0.0,0.0,0.0,0.0,0.0,0.0
6,5,0.0,0.0,0.0,0.0,0.0,1.0,0.0,0.0,0.0,0.0,0.0,0.0
6,5,0.0,0.0,0.0,0.0,0.0,1.0,0.0,0.0,0.0,0.0,0.0,0.0
6,5,0.0,0.0,0.0,0.0,0.0,1.0,0.0,0.0,0.0,0.0,0.0,0.0
6,5,0.0,0.0,0.0,0.0,0.0,1.0,0.0,0.0,0.0,0.0,0.0,0.0
6,5,0.0,0.0,0.0,0.0,0.0,1.0,0.0,0.0,0.0,0.0,0.0,0.0
6,5,0.0,0.0,0.0,0.0,0.0,1.0,0.0,0.0,0.0,0.0,0.0,0.0
6,5,0.0,0.0,0.0,0.0,0.0,1.0,0.0,0.0,0.0,0.0,0.0,0.0
6,5,0.0,0.0,0.0,0.0,0.0,1.0,0.0,0.0,0.0,0.0,0.0,0.0
6,5,0.0,0.0,0.0,0.0,0.0,1.0,0.0,0.0,0.0,0.0,0.0,0.0
6,5,0.0,0.0,0.0,0.0,0.0,1.0,0.0,0.0,0.0,0.0,0.0,0.0
6,5,0.0,0.0,0.0,0.0,0.0,1.0,0.0,0.0,0.0,0.0,0.0,0.0
6,5,0.0,0.0,0.0,0.0,0.0,1.0,0.0,0.0,0.0,0.0,0.0,0.0
6,5,0.0,0.0,0.0,0.0,0.0,1.0,0.0,0.0,0.0,0.0,0.0,0.0
6,5,0.0,0.0,0.0,0.0,0.0,1.0,0.0,0.0,0.0,0.0,0.0,0.0
6,5,0.0,0.0,0.0,0.0,0.0,1.0,0.0,0.0,0.0,0.0,0.0,0.0
6,5,0.0,0.0,0.0,0.0,0.0,1.0,0.0,0.0,0.0,0.0,0.0,0.0
6,5,0.0,0.0,0.0,0.0,0.0,1.0,0.0,0.0,0.0,0.0,0.0,0.0
6,5,0.0,0.0,0.0,0.0,0.0,1.0,0.0,0.0,0.0,0.0,0.0,0.0
6,5,0.0,0.0,0.0,0.0,0.0,1.0,0.0,0.0,0.0,0.0,0.0,0.0
6,5,0.0,0.0,0.0,0.0,0.0,1.0,0.0,0.0,0.0,0.0,0.0,0.0
6,5,0.0,0.0,0.0,0.0,0.0,1.0,0.0,0.0,0.0,0.0,0.0,0.0
6,5,0.0,0.0,0.0,0.0,0.0,1.0,0.0,0.0,0.0,0.0,0.0,0.0
6,5,0.0,0.0,0.0,0.0,0.0,1.0,0.0,0.0,0.0,0.0,0.0,0.0
6,5,0.0,0.0,0.0,0.0,0.0,1.0,0.0,0.0,0.0,0.0,0.0,0.0
6,5,0.0,0.0,0.0,0.0,0.0,1.0,0.0,0.0,0.0,0.0,0.0,0.0
6,5,0.0,0.0,0.0,0.0,0.0,1.0,0.0,0.0,0.0,0.0,0.0,0.0
6,5,0.0,0.0,0.0,0.0,0.0,1.0,0.0,0.0,0.0,0.0,0.0,0.0
6,5,0.0,0.0,0.0,0.0,0.0,1.0,0.0,0.0,0.0,0.0,0.0,0.0
6,5,0.0,0.0,0.0,0.0,0.0,1.0,0.0,0.0,0.0,0.0,0.0,0.0
6,5,0.0,0.0,0.0,0.0,0.0,1.0,0.0,0.0,0.0,0.0,0.0,0.0
6,5,0.0,0.0,0.0,0.0,0.0,1.0,0.0,0.0,0.0,0.0,0.0,0.0
6,5,0.0,0.0,0.0,0.0,0.0,1.0,0.0,0.0,0.0,0.0,0.0,0.0
6,5,0.0,0.0,0.0,0.0,0.0,1.0,0.0,0.0,0.0,0.0,0.0,0.0
6,5,0.0,0.0,0.0,0.0,0.0,1.0,0.0,0.0,0.0,0.0,0.0,0.0
6,5,0.0,0.0,0.0,0.0,0.0,1.0,0.0,0.0,0.0,0.0,0.0,0.0
6,5,0.0,0.0,0.0,0.0,0.0,1.0,0.0,0.0,0.0,0.0,0.0,0.0
6,5,0.0,0.0,0.0,0.0,0.0,1.0,0.0,0.0,0.0,0.0,0.0,0.0
6,5,0.0,0.0,0.0,0.0,0.0,1.0,0.0,0.0,0.0,0.0,0.0,0.0
6,5,0.0,0.0,0.0,0.0,0.0,1.0,0.0,0.0,0.0,0.0,0.0,0.0
6,5,0.0,0.0,0.0,0.0,0.0,1.0,0.0,0.0,0.0,0.0,0.0,0.0
6,5,0.0,0.0,0.0,0.0,0.0,1.0,0.0,0.0,0.0,0.0,0.0,0.0
6,5,0.0,0.0,0.0,0.0,0.0,1.0,0.0,0.0,0.0,0.0,0.0,0.0
6,5,0.0,0.0,0.0,0.0,0.0,1.0,0.0,0.0,0.0,0.0,0.0,0.0
6,5,0.0,0.0,0.0,0.0,0.0,1.0,0.0,0.0,0.0,0.0,0.0,0.0
6,5,0.0,0.0,0.0,0.0,0.0,1.0,0.0,0.0,0.0,0.0,0.0,0.0
6,5,0.0,0.0,0.0,0.0,0.0,1.0,0.0,0.0,0.0,0.0,0.0,0.0
6,5,0.0,0.0,0.0,0.0,0.0,1.0,0.0,0.0,0.0,0.0,0.0,0.0
6,5,0.0,0.0,0.0,0.0,0.0,1.0,0.0,0.0,0.0,0.0,0.0,0.0
6,5,0.0,0.0,0.0,0.0,0.0,1.0,0.0,0.0,0.0,0.0,0.0,0.0
6,5,0.0,0.0,0.0,0.0,0.0,1.0,0.0,0.0,0.0,0.0,0.0,0.0
6,5,0.0,0.0,0.0,0.0,0.0,1.0,0.0,0.0,0.0,0.0,0.0,0.0
6,5,0.0,0.0,0.0,0.0,0.0,1.0,0.0,0.0,0.0,0.0,0.0,0.0
6,5,0.0,0.0,0.0,0.0,0.0,1.0,0.0,0.0,0.0,0.0,0.0,0.0
6,5,0.0,0.0,0.0,0.0,0.0,1.0,0.0,0.0,0.0,0.0,0.0,0.0
6,5,0.0,0.0,0.0,0.0,0.0,1.0,0.0,0.0,0.0,0.0,0.0,0.0
6,5,0.0,0.0,0.0,0.0,0.0,1.0,0.0,0.0,0.0,0.0,0.0,0.0
6,5,0.0,0.0,0.0,0.0,0.0,1.0,0.0,0.0,0.0,0.0,0.0,0.0
6,5,0.0,0.0,0.0,0.0,0.0,1.0,0.0,0.0,0.0,0.0,0.0,0.0
6,5,0.0,0.0,0.0,0.0,0.0,1.0,0.0,0.0,0.0,0.0,0.0,0.0
6,5,0.0,0.0,0.0,0.0,0.0,1.0,0.0,0.0,0.0,0.0,0.0,0.0
6,5,0.0,0.0,0.0,0.0,0.0,1.0,0.0,0.0,0.0,0.0,0.0,0.0
6,5,0.0,0.0,0.0,0.0,0.0,1.0,0.0,0.0,0.0,0.0,0.0,0.0
6,5,0.0,0.0,0.0,0.0,0.0,1.0,0.0,0.0,0.0,0.0,0.0,0.0
6,5,0.0,0.0,0.0,0.0,0.0,1.0,0.0,0.0,0.0,0.0,0.0,0.0
6,5,0.0,0.0,0.0,0.0,0.0,1.0,0.0,0.0,0.0,0.0,0.0,0.0
6,5,0.0,0.0,0.0,0.0,0.0,1.0,0.0,0.0,0.0,0.0,0.0,0.0
6,5,0.0,0.0,0.0,0.0,0.0,1.0,0.0,0.0,0.0,0.0,0.0,0.0
6,5,0.0,0.0,0.0,0.0,0.0,1.0,0.0,0.0,0.0,0.0,0.0,0.0
6,5,0.0,0.0,0.0,0.0,0.0,1.0,0.0,0.0,0.0,0.0,0.0,0.0
6,5,0.0,0.0,0.0,0.0,0.0,1.0,0.0,0.0,0.0,0.0,0.0,0.0
6,5,0.0,0.0,0.0,0.0,0.0,1.0,0.0,0.0,0.0,0.0,0.0,0.0
6,5,0.0,0.0,0.0,0.0,0.0,1.0,0.0,0.0,0.0,0.0,0.0,0.0
6,5,0.0,0.0,0.0,0.0,0.0,1.0,0.0,0.0,0.0,0.0,0.0,0.0
6,5,0.0,0.0,0.0,0.0,0.0,1.0,0.0,0.0,0.0,0.0,0.0,0.0
6,5,0.0,0.0,0.0,0.0,0.0,1.0,0.0,0.0,0.0,0.0,0.0,0.0
6,5,0.0,0.0,0.0,0.0,0.0,1.0,0.0,0.0,0.0,0.0,0.0,0.0
6,5,0.0,0.0,0.0,0.0,0.0,1.0,0.0,0.0,0.0,0.0,0.0,0.0
6,5,0.0,0.0,0.0,0.0,0.0,1.0,0.0,0.0,0.0,0.0,0.0,0.0
6,5,0.0,0.0,0.0,0.0,0.0,1.0,0.0,0.0,0.0,0.0,0.0,0.0
6,5,0.0,0.0,0.0,0.0,0.0,1.0,0.0,0.0,0.0,0.0,0.0,0.0
6,5,0.0,0.0,0.0,0.0,0.0,1.0,0.0,0.0,0.0,0.0,0.0,0.0
6,5,0.0,0.0,0.0,0.0,0.0,1.0,0.0,0.0,0.0,0.0,0.0,0.0
6,5,0.0,0.0,0.0,0.0,0.0,1.0,0.0,0.0,0.0,0.0,0.0,0.0
6,5,0.0,0.0,0.0,0.0,0.0,1.0,0.0,0.0,0.0,0.0,0.0,0.0
6,5,0.0,0.0,0.0,0.0,0.0,1.0,0.0,0.0,0.0,0.0,0.0,0.0
6,5,0.0,0.0,0.0,0.0,0.0,1.0,0.0,0.0,0.0,0.0,0.0,0.0
6,5,0.0,0.0,0.0,0.0,0.0,1.0,0.0,0.0,0.0,0.0,0.0,0.0
6,5,0.0,0.0,0.0,0.0,0.0,1.0,0.0,0.0,0.0,0.0,0.0,0.0
6,5,0.0,0.0,0.0,0.0,0.0,1.0,0.0,0.0,0.0,0.0,0.0,0.0
6,5,0.0,0.0,0.0,0.0,0.0,1.0,0.0,0.0,0.0,0.0,0.0,0.0
6,5,0.0,0.0,0.0,0.0,0.0,1.0,0.0,0.0,0.0,0.0,0.0,0.0
6,5,0.0,0.0,0.0,0.0,0.0,1.0,0.0,0.0,0.0,0.0,0.0,0.0
6,5,0.0,0.0,0.0,0.0,0.0,1.0,0.0,0.0,0.0,0.0,0.0,0.0
6,5,0.0,0.0,0.0,0.0,0.0,1.0,0.0,0.0,0.0,0.0,0.0,0.0
6,5,0.0,0.0,0.0,0.0,0.0,1.0,0.0,0.0,0.0,0.0,0.0,0.0
6,5,0.0,0.0,0.0,0.0,0.0,1.0,0.0,0.0,0.0,0.0,0.0,0.0
6,5,0.0,0.0,0.0,0.0,0.0,1.0,0.0,0.0,0.0,0.0,0.0,0.0
6,5,0.0,0.0,0.0,0.0,0.0,1.0,0.0,0.0,0.0,0.0,0.0,0.0
6,5,0.0,0.0,0.0,0.0,0.0,1.0,0.0,0.0,0.0,0.0,0.0,0.0
6,5,0.0,0.0,0.0,0.0,0.0,1.0,0.0,0.0,0.0,0.0,0.0,0.0
6,5,0.0,0.0,0.0,0.0,0.0,1.0,0.0,0.0,0.0,0.0,0.0,0.0
6,5,0.0,0.0,0.0,0.0,0.0,1.0,0.0,0.0,0.0,0.0,0.0,0.0
6,5,0.0,0.0,0.0,0.0,0.0,1.0,0.0,0.0,0.0,0.0,0.0,0.0
6,5,0.0,0.0,0.0,0.0,0.0,1.0,0.0,0.0,0.0,0.0,0.0,0.0
6,5,0.0,0.0,0.0,0.0,0.0,1.0,0.0,0.0,0.0,0.0,0.0,0.0
6,5,0.0,0.0,0.0,0.0,0.0,1.0,0.0,0.0,0.0,0.0,0.0,0.0
6,5,0.0,0.0,0.0,0.0,0.0,1.0,0.0,0.0,0.0,0.0,0.0,0.0
6,5,0.0,0.0,0.0,0.0,0.0,1.0,0.0,0.0,0.0,0.0,0.0,0.0
6,5,0.0,0.0,0.0,0.0,0.0,1.0,0.0,0.0,0.0,0.0,0.0,0.0
6,5,0.0,0.0,0.0,0.0,0.0,1.0,0.0,0.0,0.0,0.0,0.0,0.0
6,5,0.0,0.0,0.0,0.0,0.0,1.0,0.0,0.0,0.0,0.0,0.0,0.0
6,5,0.0,0.0,0.0,0.0,0.0,1.0,0.0,0.0,0.0,0.0,0.0,0.0
6,5,0.0,0.0,0.0,0.0,0.0,1.0,0.0,0.0,0.0,0.0,0.0,0.0
6,5,0.0,0.0,0.0,0.0,0.0,1.0,0.0,0.0,0.0,0.0,0.0,0.0
6,5,0.0,0.0,0.0,0.0,0.0,1.0,0.0,0.0,0.0,0.0,0.0,0.0
6,5,0.0,0.0,0.0,0.0,0.0,1.0,0.0,0.0,0.0,0.0,0.0,0.0
6,5,0.0,0.0,0.0,0.0,0.0,1.0,0.0,0.0,0.0,0.0,0.0,0.0
6,5,0.0,0.0,0.0,0.0,0.0,1.0,0.0,0.0,0.0,0.0,0.0,0.0
6,5,0.0,0.0,0.0,0.0,0.0,1.0,0.0,0.0,0.0,0.0,0.0,0.0
6,5,0.0,0.0,0.0,0.0,0.0,1.0,0.0,0.0,0.0,0.0,0.0,0.0
6,5,0.0,0.0,0.0,0.0,0.0,1.0,0.0,0.0,0.0,0.0,0.0,0.0
6,5,0.0,0.0,0.0,0.0,0.0,1.0,0.0,0.0,0.0,0.0,0.0,0.0
6,5,0.0,0.0,0.0,0.0,0.0,1.0,0.0,0.0,0.0,0.0,0.0,0.0
6,5,0.0,0.0,0.0,0.0,0.0,1.0,0.0,0.0,0.0,0.0,0.0,0.0
6,5,0.0,0.0,0.0,0.0,0.0,1.0,0.0,0.0,0.0,0.0,0.0,0.0
6,5,0.0,0.0,0.0,0.0,0.0,1.0,0.0,0.0,0.0,0.0,0.0,0.0
6,5,0.0,0.0,0.0,0.0,0.0,1.0,0.0,0.0,0.0,0.0,0.0,0.0
6,5,0.0,0.0,0.0,0.0,0.0,1.0,0.0,0.0,0.0,0.0,0.0,0.0
6,5,0.0,0.0,0.0,0.0,0.0,1.0,0.0,0.0,0.0,0.0,0.0,0.0
6,5,0.0,0.0,0.0,0.0,0.0,1.0,0.0,0.0,0.0,0.0,0.0,0.0
6,5,0.0,0.0,0.0,0.0,0.0,1.0,0.0,0.0,0.0,0.0,0.0,0.0
6,5,0.0,0.0,0.0,0.0,0.0,1.0,0.0,0.0,0.0,0.0,0.0,0.0
6,5,0.0,0.0,0.0,0.0,0.0,1.0,0.0,0.0,0.0,0.0,0.0,0.0
6,5,0.0,0.0,0.0,0.0,0.0,1.0,0.0,0.0,0.0,0.0,0.0,0.0
6,5,0.0,0.0,0.0,0.0,0.0,1.0,0.0,0.0,0.0,0.0,0.0,0.0
6,5,0.0,0.0,0.0,0.0,0.0,1.0,0.0,0.0,0.0,0.0,0.0,0.0
6,5,0.0,0.0,0.0,0.0,0.0,1.0,0.0,0.0,0.0,0.0,0.0,0.0
6,5,0.0,0.0,0.0,0.0,0.0,1.0,0.0,0.0,0.0,0.0,0.0,0.0
6,5,0.0,0.0,0.0,0.0,0.0,1.0,0.0,0.0,0.0,0.0,0.0,0.0
6,5,0.0,0.0,0.0,0.0,0.0,1.0,0.0,0.0,0.0,0.0,0.0,0.0
6,5,0.0,0.0,0.0,0.0,0.0,1.0,0.0,0.0,0.0,0.0,0.0,0.0
6,5,0.0,0.0,0.0,0.0,0.0,1.0,0.0,0.0,0.0,0.0,0.0,0.0
6,5,0.0,0.0,0.0,0.0,0.0,1.0,0.0,0.0,0.0,0.0,0.0,0.0
6,5,0.0,0.0,0.0,0.0,0.0,1.0,0.0,0.0,0.0,0.0,0.0,0.0
6,5,0.0,0.0,0.0,0.0,0.0,1.0,0.0,0.0,0.0,0.0,0.0,0.0
6,5,0.0,0.0,0.0,0.0,0.0,1.0,0.0,0.0,0.0,0.0,0.0,0.0
6,5,0.0,0.0,0.0,0.0,0.0,1.0,0.0,0.0,0.0,0.0,0.0,0.0
6,5,0.0,0.0,0.0,0.0,0.0,1.0,0.0,0.0,0.0,0.0,0.0,0.0
6,5,0.0,0.0,0.0,0.0,0.0,1.0,0.0,0.0,0.0,0.0,0.0,0.0
6,5,0.0,0.0,0.0,0.0,0.0,1.0,0.0,0.0,0.0,0.0,0.0,0.0
6,5,0.0,0.0,0.0,0.0,0.0,1.0,0.0,0.0,0.0,0.0,0.0,0.0
6,5,0.0,0.0,0.0,0.0,0.0,1.0,0.0,0.0,0.0,0.0,0.0,0.0
6,5,0.0,0.0,0.0,0.0,0.0,1.0,0.0,0.0,0.0,0.0,0.0,0.0
6,5,0.0,0.0,0.0,0.0,0.0,1.0,0.0,0.0,0.0,0.0,0.0,0.0
6,5,0.0,0.0,0.0,0.0,0.0,1.0,0.0,0.0,0.0,0.0,0.0,0.0
6,5,0.0,0.0,0.0,0.0,0.0,1.0,0.0,0.0,0.0,0.0,0.0,0.0
6,5,0.0,0.0,0.0,0.0,0.0,1.0,0.0,0.0,0.0,0.0,0.0,0.0
6,5,0.0,0.0,0.0,0.0,0.0,1.0,0.0,0.0,0.0,0.0,0.0,0.0
6,5,0.0,0.0,0.0,0.0,0.0,1.0,0.0,0.0,0.0,0.0,0.0,0.0
6,5,0.0,0.0,0.0,0.0,0.0,1.0,0.0,0.0,0.0,0.0,0.0,0.0
6,5,0.0,0.0,0.0,0.0,0.0,1.0,0.0,0.0,0.0,0.0,0.0,0.0
6,5,0.0,0.0,0.0,0.0,0.0,1.0,0.0,0.0,0.0,0.0,0.0,0.0
6,5,0.0,0.0,0.0,0.0,0.0,1.0,0.0,0.0,0.0,0.0,0.0,0.0
6,5,0.0,0.0,0.0,0.0,0.0,1.0,0.0,0.0,0.0,0.0,0.0,0.0
6,5,0.0,0.0,0.0,0.0,0.0,1.0,0.0,0.0,0.0,0.0,0.0,0.0
6,5,0.0,0.0,0.0,0.0,0.0,1.0,0.0,0.0,0.0,0.0,0.0,0.0
6,5,0.0,0.0,0.0,0.0,0.0,1.0,0.0,0.0,0.0,0.0,0.0,0.0
6,5,0.0,0.0,0.0,0.0,0.0,1.0,0.0,0.0,0.0,0.0,0.0,0.0
6,5,0.0,0.0,0.0,0.0,0.0,1.0,0.0,0.0,0.0,0.0,0.0,0.0
6,5,0.0,0.0,0.0,0.0,0.0,1.0,0.0,0.0,0.0,0.0,0.0,0.0
6,5,0.0,0.0,0.0,0.0,0.0,1.0,0.0,0.0,0.0,0.0,0.0,0.0
6,5,0.0,0.0,0.0,0.0,0.0,1.0,0.0,0.0,0.0,0.0,0.0,0.0
6,5,0.0,0.0,0.0,0.0,0.0,1.0,0.0,0.0,0.0,0.0,0.0,0.0
6,5,0.0,0.0,0.0,0.0,0.0,1.0,0.0,0.0,0.0,0.0,0.0,0.0
6,5,0.0,0.0,0.0,0.0,0.0,1.0,0.0,0.0,0.0,0.0,0.0,0.0
6,5,0.0,0.0,0.0,0.0,0.0,1.0,0.0,0.0,0.0,0.0,0.0,0.0
6,5,0.0,0.0,0.0,0.0,0.0,1.0,0.0,0.0,0.0,0.0,0.0,0.0
6,5,0.0,0.0,0.0,0.0,0.0,1.0,0.0,0.0,0.0,0.0,0.0,0.0
6,5,0.0,0.0,0.0,0.0,0.0,1.0,0.0,0.0,0.0,0.0,0.0,0.0
6,5,0.0,0.0,0.0,0.0,0.0,1.0,0.0,0.0,0.0,0.0,0.0,0.0
6,5,0.0,0.0,0.0,0.0,0.0,1.0,0.0,0.0,0.0,0.0,0.0,0.0
6,5,0.0,0.0,0.0,0.0,0.0,1.0,0.0,0.0,0.0,0.0,0.0,0.0
6,5,0.0,0.0,0.0,0.0,0.0,1.0,0.0,0.0,0.0,0.0,0.0,0.0
6,5,0.0,0.0,0.0,0.0,0.0,1.0,0.0,0.0,0.0,0.0,0.0,0.0
6,5,0.0,0.0,0.0,0.0,0.0,1.0,0.0,0.0,0.0,0.0,0.0,0.0
6,5,0.0,0.0,0.0,0.0,0.0,1.0,0.0,0.0,0.0,0.0,0.0,0.0
6,5,0.0,0.0,0.0,0.0,0.0,1.0,0.0,0.0,0.0,0.0,0.0,0.0
6,5,0.0,0.0,0.0,0.0,0.0,1.0,0.0,0.0,0.0,0.0,0.0,0.0
6,5,0.0,0.0,0.0,0.0,0.0,1.0,0.0,0.0,0.0,0.0,0.0,0.0
6,5,0.0,0.0,0.0,0.0,0.0,1.0,0.0,0.0,0.0,0.0,0.0,0.0
6,5,0.0,0.0,0.0,0.0,0.0,1.0,0.0,0.0,0.0,0.0,0.0,0.0
6,5,0.0,0.0,0.0,0.0,0.0,1.0,0.0,0.0,0.0,0.0,0.0,0.0
6,5,0.0,0.0,0.0,0.0,0.0,1.0,0.0,0.0,0.0,0.0,0.0,0.0
6,5,0.0,0.0,0.0,0.0,0.0,1.0,0.0,0.0,0.0,0.0,0.0,0.0
6,5,0.0,0.0,0.0,0.0,0.0,1.0,0.0,0.0,0.0,0.0,0.0,0.0
6,5,0.0,0.0,0.0,0.0,0.0,1.0,0.0,0.0,0.0,0.0,0.0,0.0
6,5,0.0,0.0,0.0,0.0,0.0,1.0,0.0,0.0,0.0,0.0,0.0,0.0
6,5,0.0,0.0,0.0,0.0,0.0,1.0,0.0,0.0,0.0,0.0,0.0,0.0
6,5,0.0,0.0,0.0,0.0,0.0,1.0,0.0,0.0,0.0,0.0,0.0,0.0
6,5,0.0,0.0,0.0,0.0,0.0,1.0,0.0,0.0,0.0,0.0,0.0,0.0
6,5,0.0,0.0,0.0,0.0,0.0,1.0,0.0,0.0,0.0,0.0,0.0,0.0
6,5,0.0,0.0,0.0,0.0,0.0,1.0,0.0,0.0,0.0,0.0,0.0,0.0
6,5,0.0,0.0,0.0,0.0,0.0,1.0,0.0,0.0,0.0,0.0,0.0,0.0
6,5,0.0,0.0,0.0,0.0,0.0,1.0,0.0,0.0,0.0,0.0,0.0,0.0
6,5,0.0,0.0,0.0,0.0,0.0,1.0,0.0,0.0,0.0,0.0,0.0,0.0
6,5,0.0,0.0,0.0,0.0,0.0,1.0,0.0,0.0,0.0,0.0,0.0,0.0
6,5,0.0,0.0,0.0,0.0,0.0,1.0,0.0,0.0,0.0,0.0,0.0,0.0
6,5,0.0,0.0,0.0,0.0,0.0,1.0,0.0,0.0,0.0,0.0,0.0,0.0
6,5,0.0,0.0,0.0,0.0,0.0,1.0,0.0,0.0,0.0,0.0,0.0,0.0
6,5,0.0,0.0,0.0,0.0,0.0,1.0,0.0,0.0,0.0,0.0,0.0,0.0
6,5,0.0,0.0,0.0,0.0,0.0,1.0,0.0,0.0,0.0,0.0,0.0,0.0
6,5,0.0,0.0,0.0,0.0,0.0,1.0,0.0,0.0,0.0,0.0,0.0,0.0
6,5,0.0,0.0,0.0,0.0,0.0,1.0,0.0,0.0,0.0,0.0,0.0,0.0
6,5,0.0,0.0,0.0,0.0,0.0,1.0,0.0,0.0,0.0,0.0,0.0,0.0
6,5,0.0,0.0,0.0,0.0,0.0,1.0,0.0,0.0,0.0,0.0,0.0,0.0
6,5,0.0,0.0,0.0,0.0,0.0,1.0,0.0,0.0,0.0,0.0,0.0,0.0
6,5,0.0,0.0,0.0,0.0,0.0,1.0,0.0,0.0,0.0,0.0,0.0,0.0
6,5,0.0,0.0,0.0,0.0,0.0,1.0,0.0,0.0,0.0,0.0,0.0,0.0
6,5,0.0,0.0,0.0,0.0,0.0,1.0,0.0,0.0,0.0,0.0,0.0,0.0
6,5,0.0,0.0,0.0,0.0,0.0,1.0,0.0,0.0,0.0,0.0,0.0,0.0
6,5,0.0,0.0,0.0,0.0,0.0,1.0,0.0,0.0,0.0,0.0,0.0,0.0
6,5,0.0,0.0,0.0,0.0,0.0,1.0,0.0,0.0,0.0,0.0,0.0,0.0
6,5,0.0,0.0,0.0,0.0,0.0,1.0,0.0,0.0,0.0,0.0,0.0,0.0
6,5,0.0,0.0,0.0,0.0,0.0,1.0,0.0,0.0,0.0,0.0,0.0,0.0
6,5,0.0,0.0,0.0,0.0,0.0,1.0,0.0,0.0,0.0,0.0,0.0,0.0
6,5,0.0,0.0,0.0,0.0,0.0,1.0,0.0,0.0,0.0,0.0,0.0,0.0
6,5,0.0,0.0,0.0,0.0,0.0,1.0,0.0,0.0,0.0,0.0,0.0,0.0
6,5,0.0,0.0,0.0,0.0,0.0,1.0,0.0,0.0,0.0,0.0,0.0,0.0
6,5,0.0,0.0,0.0,0.0,0.0,1.0,0.0,0.0,0.0,0.0,0.0,0.0
6,5,0.0,0.0,0.0,0.0,0.0,1.0,0.0,0.0,0.0,0.0,0.0,0.0
6,5,0.0,0.0,0.0,0.0,0.0,1.0,0.0,0.0,0.0,0.0,0.0,0.0
6,5,0.0,0.0,0.0,0.0,0.0,1.0,0.0,0.0,0.0,0.0,0.0,0.0
6,5,0.0,0.0,0.0,0.0,0.0,1.0,0.0,0.0,0.0,0.0,0.0,0.0
6,5,0.0,0.0,0.0,0.0,0.0,1.0,0.0,0.0,0.0,0.0,0.0,0.0
6,5,0.0,0.0,0.0,0.0,0.0,1.0,0.0,0.0,0.0,0.0,0.0,0.0
6,5,0.0,0.0,0.0,0.0,0.0,1.0,0.0,0.0,0.0,0.0,0.0,0.0
6,5,0.0,0.0,0.0,0.0,0.0,1.0,0.0,0.0,0.0,0.0,0.0,0.0
6,5,0.0,0.0,0.0,0.0,0.0,1.0,0.0,0.0,0.0,0.0,0.0,0.0
6,5,0.0,0.0,0.0,0.0,0.0,1.0,0.0,0.0,0.0,0.0,0.0,0.0
6,5,0.0,0.0,0.0,0.0,0.0,1.0,0.0,0.0,0.0,0.0,0.0,0.0
6,5,0.0,0.0,0.0,0.0,0.0,1.0,0.0,0.0,0.0,0.0,0.0,0.0
6,5,0.0,0.0,0.0,0.0,0.0,1.0,0.0,0.0,0.0,0.0,0.0,0.0
6,5,0.0,0.0,0.0,0.0,0.0,1.0,0.0,0.0,0.0,0.0,0.0,0.0
6,5,0.0,0.0,0.0,0.0,0.0,1.0,0.0,0.0,0.0,0.0,0.0,0.0
6,5,0.0,0.0,0.0,0.0,0.0,1.0,0.0,0.0,0.0,0.0,0.0,0.0
6,5,0.0,0.0,0.0,0.0,0.0,1.0,0.0,0.0,0.0,0.0,0.0,0.0
6,5,0.0,0.0,0.0,0.0,0.0,1.0,0.0,0.0,0.0,0.0,0.0,0.0
6,5,0.0,0.0,0.0,0.0,0.0,1.0,0.0,0.0,0.0,0.0,0.0,0.0
6,5,0.0,0.0,0.0,0.0,0.0,1.0,0.0,0.0,0.0,0.0,0.0,0.0
6,5,0.0,0.0,0.0,0.0,0.0,1.0,0.0,0.0,0.0,0.0,0.0,0.0
6,5,0.0,0.0,0.0,0.0,0.0,1.0,0.0,0.0,0.0,0.0,0.0,0.0
6,5,0.0,0.0,0.0,0.0,0.0,1.0,0.0,0.0,0.0,0.0,0.0,0.0
6,5,0.0,0.0,0.0,0.0,0.0,1.0,0.0,0.0,0.0,0.0,0.0,0.0
6,5,0.0,0.0,0.0,0.0,0.0,1.0,0.0,0.0,0.0,0.0,0.0,0.0
6,5,0.0,0.0,0.0,0.0,0.0,1.0,0.0,0.0,0.0,0.0,0.0,0.0
6,5,0.0,0.0,0.0,0.0,0.0,1.0,0.0,0.0,0.0,0.0,0.0,0.0
6,5,0.0,0.0,0.0,0.0,0.0,1.0,0.0,0.0,0.0,0.0,0.0,0.0
6,5,0.0,0.0,0.0,0.0,0.0,1.0,0.0,0.0,0.0,0.0,0.0,0.0
6,5,0.0,0.0,0.0,0.0,0.0,1.0,0.0,0.0,0.0,0.0,0.0,0.0
6,5,0.0,0.0,0.0,0.0,0.0,1.0,0.0,0.0,0.0,0.0,0.0,0.0
6,5,0.0,0.0,0.0,0.0,0.0,1.0,0.0,0.0,0.0,0.0,0.0,0.0
6,5,0.0,0.0,0.0,0.0,0.0,1.0,0.0,0.0,0.0,0.0,0.0,0.0
6,5,0.0,0.0,0.0,0.0,0.0,1.0,0.0,0.0,0.0,0.0,0.0,0.0
6,5,0.0,0.0,0.0,0.0,0.0,1.0,0.0,0.0,0.0,0.0,0.0,0.0
6,5,0.0,0.0,0.0,0.0,0.0,1.0,0.0,0.0,0.0,0.0,0.0,0.0
6,5,0.0,0.0,0.0,0.0,0.0,1.0,0.0,0.0,0.0,0.0,0.0,0.0
6,5,0.0,0.0,0.0,0.0,0.0,1.0,0.0,0.0,0.0,0.0,0.0,0.0
6,5,0.0,0.0,0.0,0.0,0.0,1.0,0.0,0.0,0.0,0.0,0.0,0.0
6,5,0.0,0.0,0.0,0.0,0.0,1.0,0.0,0.0,0.0,0.0,0.0,0.0
6,5,0.0,0.0,0.0,0.0,0.0,1.0,0.0,0.0,0.0,0.0,0.0,0.0
6,5,0.0,0.0,0.0,0.0,0.0,1.0,0.0,0.0,0.0,0.0,0.0,0.0
6,5,0.0,0.0,0.0,0.0,0.0,1.0,0.0,0.0,0.0,0.0,0.0,0.0
6,5,0.0,0.0,0.0,0.0,0.0,1.0,0.0,0.0,0.0,0.0,0.0,0.0
6,5,0.0,0.0,0.0,0.0,0.0,1.0,0.0,0.0,0.0,0.0,0.0,0.0
6,5,0.0,0.0,0.0,0.0,0.0,1.0,0.0,0.0,0.0,0.0,0.0,0.0
6,5,0.0,0.0,0.0,0.0,0.0,1.0,0.0,0.0,0.0,0.0,0.0,0.0
6,5,0.0,0.0,0.0,0.0,0.0,1.0,0.0,0.0,0.0,0.0,0.0,0.0
6,5,0.0,0.0,0.0,0.0,0.0,1.0,0.0,0.0,0.0,0.0,0.0,0.0
6,5,0.0,0.0,0.0,0.0,0.0,1.0,0.0,0.0,0.0,0.0,0.0,0.0
6,5,0.0,0.0,0.0,0.0,0.0,1.0,0.0,0.0,0.0,0.0,0.0,0.0
6,5,0.0,0.0,0.0,0.0,0.0,1.0,0.0,0.0,0.0,0.0,0.0,0.0
6,5,0.0,0.0,0.0,0.0,0.0,1.0,0.0,0.0,0.0,0.0,0.0,0.0
6,5,0.0,0.0,0.0,0.0,0.0,1.0,0.0,0.0,0.0,0.0,0.0,0.0
6,5,0.0,0.0,0.0,0.0,0.0,1.0,0.0,0.0,0.0,0.0,0.0,0.0
6,5,0.0,0.0,0.0,0.0,0.0,1.0,0.0,0.0,0.0,0.0,0.0,0.0
6,5,0.0,0.0,0.0,0.0,0.0,1.0,0.0,0.0,0.0,0.0,0.0,0.0
6,5,0.0,0.0,0.0,0.0,0.0,1.0,0.0,0.0,0.0,0.0,0.0,0.0
6,5,0.0,0.0,0.0,0.0,0.0,1.0,0.0,0.0,0.0,0.0,0.0,0.0
6,5,0.0,0.0,0.0,0.0,0.0,1.0,0.0,0.0,0.0,0.0,0.0,0.0
6,5,0.0,0.0,0.0,0.0,0.0,1.0,0.0,0.0,0.0,0.0,0.0,0.0
6,5,0.0,0.0,0.0,0.0,0.0,1.0,0.0,0.0,0.0,0.0,0.0,0.0
6,5,0.0,0.0,0.0,0.0,0.0,1.0,0.0,0.0,0.0,0.0,0.0,0.0
6,5,0.0,0.0,0.0,0.0,0.0,1.0,0.0,0.0,0.0,0.0,0.0,0.0
6,5,0.0,0.0,0.0,0.0,0.0,1.0,0.0,0.0,0.0,0.0,0.0,0.0
6,5,0.0,0.0,0.0,0.0,0.0,1.0,0.0,0.0,0.0,0.0,0.0,0.0
6,5,0.0,0.0,0.0,0.0,0.0,1.0,0.0,0.0,0.0,0.0,0.0,0.0
6,5,0.0,0.0,0.0,0.0,0.0,1.0,0.0,0.0,0.0,0.0,0.0,0.0
6,5,0.0,0.0,0.0,0.0,0.0,1.0,0.0,0.0,0.0,0.0,0.0,0.0
6,5,0.0,0.0,0.0,0.0,0.0,1.0,0.0,0.0,0.0,0.0,0.0,0.0
6,5,0.0,0.0,0.0,0.0,0.0,1.0,0.0,0.0,0.0,0.0,0.0,0.0
6,5,0.0,0.0,0.0,0.0,0.0,1.0,0.0,0.0,0.0,0.0,0.0,0.0
6,5,0.0,0.0,0.0,0.0,0.0,1.0,0.0,0.0,0.0,0.0,0.0,0.0
6,5,0.0,0.0,0.0,0.0,0.0,1.0,0.0,0.0,0.0,0.0,0.0,0.0
6,5,0.0,0.0,0.0,0.0,0.0,1.0,0.0,0.0,0.0,0.0,0.0,0.0
6,5,0.0,0.0,0.0,0.0,0.0,1.0,0.0,0.0,0.0,0.0,0.0,0.0
6,5,0.0,0.0,0.0,0.0,0.0,1.0,0.0,0.0,0.0,0.0,0.0,0.0
6,5,0.0,0.0,0.0,0.0,0.0,1.0,0.0,0.0,0.0,0.0,0.0,0.0
6,5,0.0,0.0,0.0,0.0,0.0,1.0,0.0,0.0,0.0,0.0,0.0,0.0
6,5,0.0,0.0,0.0,0.0,0.0,1.0,0.0,0.0,0.0,0.0,0.0,0.0
6,5,0.0,0.0,0.0,0.0,0.0,1.0,0.0,0.0,0.0,0.0,0.0,0.0
6,5,0.0,0.0,0.0,0.0,0.0,1.0,0.0,0.0,0.0,0.0,0.0,0.0
6,5,0.0,0.0,0.0,0.0,0.0,1.0,0.0,0.0,0.0,0.0,0.0,0.0
6,5,0.0,0.0,0.0,0.0,0.0,1.0,0.0,0.0,0.0,0.0,0.0,0.0
6,5,0.0,0.0,0.0,0.0,0.0,1.0,0.0,0.0,0.0,0.0,0.0,0.0
6,5,0.0,0.0,0.0,0.0,0.0,1.0,0.0,0.0,0.0,0.0,0.0,0.0
6,5,0.0,0.0,0.0,0.0,0.0,1.0,0.0,0.0,0.0,0.0,0.0,0.0
6,5,0.0,0.0,0.0,0.0,0.0,1.0,0.0,0.0,0.0,0.0,0.0,0.0
6,5,0.0,0.0,0.0,0.0,0.0,1.0,0.0,0.0,0.0,0.0,0.0,0.0
6,5,0.0,0.0,0.0,0.0,0.0,1.0,0.0,0.0,0.0,0.0,0.0,0.0
6,5,0.0,0.0,0.0,0.0,0.0,1.0,0.0,0.0,0.0,0.0,0.0,0.0
6,5,0.0,0.0,0.0,0.0,0.0,1.0,0.0,0.0,0.0,0.0,0.0,0.0
6,5,0.0,0.0,0.0,0.0,0.0,1.0,0.0,0.0,0.0,0.0,0.0,0.0
6,5,0.0,0.0,0.0,0.0,0.0,1.0,0.0,0.0,0.0,0.0,0.0,0.0
6,5,0.0,0.0,0.0,0.0,0.0,1.0,0.0,0.0,0.0,0.0,0.0,0.0
6,5,0.0,0.0,0.0,0.0,0.0,1.0,0.0,0.0,0.0,0.0,0.0,0.0
6,5,0.0,0.0,0.0,0.0,0.0,1.0,0.0,0.0,0.0,0.0,0.0,0.0
6,5,0.0,0.0,0.0,0.0,0.0,1.0,0.0,0.0,0.0,0.0,0.0,0.0
6,5,0.0,0.0,0.0,0.0,0.0,1.0,0.0,0.0,0.0,0.0,0.0,0.0
6,5,0.0,0.0,0.0,0.0,0.0,1.0,0.0,0.0,0.0,0.0,0.0,0.0
6,5,0.0,0.0,0.0,0.0,0.0,1.0,0.0,0.0,0.0,0.0,0.0,0.0
6,5,0.0,0.0,0.0,0.0,0.0,1.0,0.0,0.0,0.0,0.0,0.0,0.0
6,5,0.0,0.0,0.0,0.0,0.0,1.0,0.0,0.0,0.0,0.0,0.0,0.0
6,5,0.0,0.0,0.0,0.0,0.0,1.0,0.0,0.0,0.0,0.0,0.0,0.0
6,5,0.0,0.0,0.0,0.0,0.0,1.0,0.0,0.0,0.0,0.0,0.0,0.0
6,5,0.0,0.0,0.0,0.0,0.0,1.0,0.0,0.0,0.0,0.0,0.0,0.0
6,5,0.0,0.0,0.0,0.0,0.0,1.0,0.0,0.0,0.0,0.0,0.0,0.0
6,5,0.0,0.0,0.0,0.0,0.0,1.0,0.0,0.0,0.0,0.0,0.0,0.0
6,5,0.0,0.0,0.0,0.0,0.0,1.0,0.0,0.0,0.0,0.0,0.0,0.0
6,5,0.0,0.0,0.0,0.0,0.0,1.0,0.0,0.0,0.0,0.0,0.0,0.0
6,5,0.0,0.0,0.0,0.0,0.0,1.0,0.0,0.0,0.0,0.0,0.0,0.0
6,5,0.0,0.0,0.0,0.0,0.0,1.0,0.0,0.0,0.0,0.0,0.0,0.0
6,5,0.0,0.0,0.0,0.0,0.0,1.0,0.0,0.0,0.0,0.0,0.0,0.0
6,5,0.0,0.0,0.0,0.0,0.0,1.0,0.0,0.0,0.0,0.0,0.0,0.0
6,5,0.0,0.0,0.0,0.0,0.0,1.0,0.0,0.0,0.0,0.0,0.0,0.0
6,5,0.0,0.0,0.0,0.0,0.0,1.0,0.0,0.0,0.0,0.0,0.0,0.0
6,5,0.0,0.0,0.0,0.0,0.0,1.0,0.0,0.0,0.0,0.0,0.0,0.0
6,5,0.0,0.0,0.0,0.0,0.0,1.0,0.0,0.0,0.0,0.0,0.0,0.0
6,5,0.0,0.0,0.0,0.0,0.0,1.0,0.0,0.0,0.0,0.0,0.0,0.0
6,5,0.0,0.0,0.0,0.0,0.0,1.0,0.0,0.0,0.0,0.0,0.0,0.0
6,5,0.0,0.0,0.0,0.0,0.0,1.0,0.0,0.0,0.0,0.0,0.0,0.0
6,5,0.0,0.0,0.0,0.0,0.0,1.0,0.0,0.0,0.0,0.0,0.0,0.0
6,5,0.0,0.0,0.0,0.0,0.0,1.0,0.0,0.0,0.0,0.0,0.0,0.0
6,5,0.0,0.0,0.0,0.0,0.0,1.0,0.0,0.0,0.0,0.0,0.0,0.0
6,5,0.0,0.0,0.0,0.0,0.0,1.0,0.0,0.0,0.0,0.0,0.0,0.0
6,5,0.0,0.0,0.0,0.0,0.0,1.0,0.0,0.0,0.0,0.0,0.0,0.0
6,5,0.0,0.0,0.0,0.0,0.0,1.0,0.0,0.0,0.0,0.0,0.0,0.0
6,5,0.0,0.0,0.0,0.0,0.0,1.0,0.0,0.0,0.0,0.0,0.0,0.0
6,5,0.0,0.0,0.0,0.0,0.0,1.0,0.0,0.0,0.0,0.0,0.0,0.0
6,5,0.0,0.0,0.0,0.0,0.0,1.0,0.0,0.0,0.0,0.0,0.0,0.0
6,5,0.0,0.0,0.0,0.0,0.0,1.0,0.0,0.0,0.0,0.0,0.0,0.0
6,5,0.0,0.0,0.0,0.0,0.0,1.0,0.0,0.0,0.0,0.0,0.0,0.0
6,5,0.0,0.0,0.0,0.0,0.0,1.0,0.0,0.0,0.0,0.0,0.0,0.0
6,5,0.0,0.0,0.0,0.0,0.0,1.0,0.0,0.0,0.0,0.0,0.0,0.0
6,5,0.0,0.0,0.0,0.0,0.0,1.0,0.0,0.0,0.0,0.0,0.0,0.0
6,5,0.0,0.0,0.0,0.0,0.0,1.0,0.0,0.0,0.0,0.0,0.0,0.0
6,5,0.0,0.0,0.0,0.0,0.0,1.0,0.0,0.0,0.0,0.0,0.0,0.0
6,5,0.0,0.0,0.0,0.0,0.0,1.0,0.0,0.0,0.0,0.0,0.0,0.0
6,5,0.0,0.0,0.0,0.0,0.0,1.0,0.0,0.0,0.0,0.0,0.0,0.0
6,5,0.0,0.0,0.0,0.0,0.0,1.0,0.0,0.0,0.0,0.0,0.0,0.0
6,5,0.0,0.0,0.0,0.0,0.0,1.0,0.0,0.0,0.0,0.0,0.0,0.0
6,5,0.0,0.0,0.0,0.0,0.0,1.0,0.0,0.0,0.0,0.0,0.0,0.0
6,5,0.0,0.0,0.0,0.0,0.0,1.0,0.0,0.0,0.0,0.0,0.0,0.0
6,5,0.0,0.0,0.0,0.0,0.0,1.0,0.0,0.0,0.0,0.0,0.0,0.0
6,5,0.0,0.0,0.0,0.0,0.0,1.0,0.0,0.0,0.0,0.0,0.0,0.0
6,5,0.0,0.0,0.0,0.0,0.0,1.0,0.0,0.0,0.0,0.0,0.0,0.0
6,5,0.0,0.0,0.0,0.0,0.0,1.0,0.0,0.0,0.0,0.0,0.0,0.0
6,5,0.0,0.0,0.0,0.0,0.0,1.0,0.0,0.0,0.0,0.0,0.0,0.0
6,5,0.0,0.0,0.0,0.0,0.0,1.0,0.0,0.0,0.0,0.0,0.0,0.0
6,5,0.0,0.0,0.0,0.0,0.0,1.0,0.0,0.0,0.0,0.0,0.0,0.0
6,5,0.0,0.0,0.0,0.0,0.0,1.0,0.0,0.0,0.0,0.0,0.0,0.0
6,5,0.0,0.0,0.0,0.0,0.0,1.0,0.0,0.0,0.0,0.0,0.0,0.0
6,5,0.0,0.0,0.0,0.0,0.0,1.0,0.0,0.0,0.0,0.0,0.0,0.0
6,5,0.0,0.0,0.0,0.0,0.0,1.0,0.0,0.0,0.0,0.0,0.0,0.0
6,5,0.0,0.0,0.0,0.0,0.0,1.0,0.0,0.0,0.0,0.0,0.0,0.0
6,5,0.0,0.0,0.0,0.0,0.0,1.0,0.0,0.0,0.0,0.0,0.0,0.0
6,5,0.0,0.0,0.0,0.0,0.0,1.0,0.0,0.0,0.0,0.0,0.0,0.0
6,5,0.0,0.0,0.0,0.0,0.0,1.0,0.0,0.0,0.0,0.0,0.0,0.0
6,5,0.0,0.0,0.0,0.0,0.0,1.0,0.0,0.0,0.0,0.0,0.0,0.0
6,5,0.0,0.0,0.0,0.0,0.0,1.0,0.0,0.0,0.0,0.0,0.0,0.0
6,5,0.0,0.0,0.0,0.0,0.0,1.0,0.0,0.0,0.0,0.0,0.0,0.0
6,5,0.0,0.0,0.0,0.0,0.0,1.0,0.0,0.0,0.0,0.0,0.0,0.0
6,5,0.0,0.0,0.0,0.0,0.0,1.0,0.0,0.0,0.0,0.0,0.0,0.0
6,5,0.0,0.0,0.0,0.0,0.0,1.0,0.0,0.0,0.0,0.0,0.0,0.0
6,5,0.0,0.0,0.0,0.0,0.0,1.0,0.0,0.0,0.0,0.0,0.0,0.0
6,5,0.0,0.0,0.0,0.0,0.0,1.0,0.0,0.0,0.0,0.0,0.0,0.0
6,5,0.0,0.0,0.0,0.0,0.0,1.0,0.0,0.0,0.0,0.0,0.0,0.0
6,5,0.0,0.0,0.0,0.0,0.0,1.0,0.0,0.0,0.0,0.0,0.0,0.0
6,5,0.0,0.0,0.0,0.0,0.0,1.0,0.0,0.0,0.0,0.0,0.0,0.0
6,5,0.0,0.0,0.0,0.0,0.0,1.0,0.0,0.0,0.0,0.0,0.0,0.0
6,5,0.0,0.0,0.0,0.0,0.0,1.0,0.0,0.0,0.0,0.0,0.0,0.0
6,5,0.0,0.0,0.0,0.0,0.0,1.0,0.0,0.0,0.0,0.0,0.0,0.0
6,5,0.0,0.0,0.0,0.0,0.0,1.0,0.0,0.0,0.0,0.0,0.0,0.0
6,5,0.0,0.0,0.0,0.0,0.0,1.0,0.0,0.0,0.0,0.0,0.0,0.0
6,5,0.0,0.0,0.0,0.0,0.0,1.0,0.0,0.0,0.0,0.0,0.0,0.0
6,5,0.0,0.0,0.0,0.0,0.0,1.0,0.0,0.0,0.0,0.0,0.0,0.0
6,5,0.0,0.0,0.0,0.0,0.0,1.0,0.0,0.0,0.0,0.0,0.0,0.0
6,5,0.0,0.0,0.0,0.0,0.0,1.0,0.0,0.0,0.0,0.0,0.0,0.0
6,5,0.0,0.0,0.0,0.0,0.0,1.0,0.0,0.0,0.0,0.0,0.0,0.0
6,5,0.0,0.0,0.0,0.0,0.0,1.0,0.0,0.0,0.0,0.0,0.0,0.0
6,5,0.0,0.0,0.0,0.0,0.0,1.0,0.0,0.0,0.0,0.0,0.0,0.0
6,5,0.0,0.0,0.0,0.0,0.0,1.0,0.0,0.0,0.0,0.0,0.0,0.0
6,5,0.0,0.0,0.0,0.0,0.0,1.0,0.0,0.0,0.0,0.0,0.0,0.0
6,5,0.0,0.0,0.0,0.0,0.0,1.0,0.0,0.0,0.0,0.0,0.0,0.0
6,5,0.0,0.0,0.0,0.0,0.0,1.0,0.0,0.0,0.0,0.0,0.0,0.0
6,5,0.0,0.0,0.0,0.0,0.0,1.0,0.0,0.0,0.0,0.0,0.0,0.0
6,5,0.0,0.0,0.0,0.0,0.0,1.0,0.0,0.0,0.0,0.0,0.0,0.0
6,5,0.0,0.0,0.0,0.0,0.0,1.0,0.0,0.0,0.0,0.0,0.0,0.0
6,5,0.0,0.0,0.0,0.0,0.0,1.0,0.0,0.0,0.0,0.0,0.0,0.0
6,5,0.0,0.0,0.0,0.0,0.0,1.0,0.0,0.0,0.0,0.0,0.0,0.0
6,5,0.0,0.0,0.0,0.0,0.0,1.0,0.0,0.0,0.0,0.0,0.0,0.0
6,5,0.0,0.0,0.0,0.0,0.0,1.0,0.0,0.0,0.0,0.0,0.0,0.0
6,5,0.0,0.0,0.0,0.0,0.0,1.0,0.0,0.0,0.0,0.0,0.0,0.0
6,5,0.0,0.0,0.0,0.0,0.0,1.0,0.0,0.0,0.0,0.0,0.0,0.0
6,5,0.0,0.0,0.0,0.0,0.0,1.0,0.0,0.0,0.0,0.0,0.0,0.0
6,5,0.0,0.0,0.0,0.0,0.0,1.0,0.0,0.0,0.0,0.0,0.0,0.0
6,5,0.0,0.0,0.0,0.0,0.0,1.0,0.0,0.0,0.0,0.0,0.0,0.0
6,5,0.0,0.0,0.0,0.0,0.0,1.0,0.0,0.0,0.0,0.0,0.0,0.0
6,5,0.0,0.0,0.0,0.0,0.0,1.0,0.0,0.0,0.0,0.0,0.0,0.0
6,5,0.0,0.0,0.0,0.0,0.0,1.0,0.0,0.0,0.0,0.0,0.0,0.0
6,5,0.0,0.0,0.0,0.0,0.0,1.0,0.0,0.0,0.0,0.0,0.0,0.0
6,5,0.0,0.0,0.0,0.0,0.0,1.0,0.0,0.0,0.0,0.0,0.0,0.0
6,5,0.0,0.0,0.0,0.0,0.0,1.0,0.0,0.0,0.0,0.0,0.0,0.0
6,5,0.0,0.0,0.0,0.0,0.0,1.0,0.0,0.0,0.0,0.0,0.0,0.0
6,5,0.0,0.0,0.0,0.0,0.0,1.0,0.0,0.0,0.0,0.0,0.0,0.0
6,5,0.0,0.0,0.0,0.0,0.0,1.0,0.0,0.0,0.0,0.0,0.0,0.0
6,5,0.0,0.0,0.0,0.0,0.0,1.0,0.0,0.0,0.0,0.0,0.0,0.0
6,5,0.0,0.0,0.0,0.0,0.0,1.0,0.0,0.0,0.0,0.0,0.0,0.0
6,5,0.0,0.0,0.0,0.0,0.0,1.0,0.0,0.0,0.0,0.0,0.0,0.0
6,5,0.0,0.0,0.0,0.0,0.0,1.0,0.0,0.0,0.0,0.0,0.0,0.0
6,5,0.0,0.0,0.0,0.0,0.0,1.0,0.0,0.0,0.0,0.0,0.0,0.0
6,5,0.0,0.0,0.0,0.0,0.0,1.0,0.0,0.0,0.0,0.0,0.0,0.0
6,5,0.0,0.0,0.0,0.0,0.0,1.0,0.0,0.0,0.0,0.0,0.0,0.0
6,5,0.0,0.0,0.0,0.0,0.0,1.0,0.0,0.0,0.0,0.0,0.0,0.0
6,5,0.0,0.0,0.0,0.0,0.0,1.0,0.0,0.0,0.0,0.0,0.0,0.0
6,5,0.0,0.0,0.0,0.0,0.0,1.0,0.0,0.0,0.0,0.0,0.0,0.0
6,5,0.0,0.0,0.0,0.0,0.0,1.0,0.0,0.0,0.0,0.0,0.0,0.0
6,5,0.0,0.0,0.0,0.0,0.0,1.0,0.0,0.0,0.0,0.0,0.0,0.0
6,5,0.0,0.0,0.0,0.0,0.0,1.0,0.0,0.0,0.0,0.0,0.0,0.0
6,5,0.0,0.0,0.0,0.0,0.0,1.0,0.0,0.0,0.0,0.0,0.0,0.0
6,5,0.0,0.0,0.0,0.0,0.0,1.0,0.0,0.0,0.0,0.0,0.0,0.0
6,5,0.0,0.0,0.0,0.0,0.0,1.0,0.0,0.0,0.0,0.0,0.0,0.0
6,5,0.0,0.0,0.0,0.0,0.0,1.0,0.0,0.0,0.0,0.0,0.0,0.0
6,5,0.0,0.0,0.0,0.0,0.0,1.0,0.0,0.0,0.0,0.0,0.0,0.0
6,5,0.0,0.0,0.0,0.0,0.0,1.0,0.0,0.0,0.0,0.0,0.0,0.0
6,5,0.0,0.0,0.0,0.0,0.0,1.0,0.0,0.0,0.0,0.0,0.0,0.0
6,5,0.0,0.0,0.0,0.0,0.0,1.0,0.0,0.0,0.0,0.0,0.0,0.0
6,5,0.0,0.0,0.0,0.0,0.0,1.0,0.0,0.0,0.0,0.0,0.0,0.0
6,5,0.0,0.0,0.0,0.0,0.0,1.0,0.0,0.0,0.0,0.0,0.0,0.0
6,5,0.0,0.0,0.0,0.0,0.0,1.0,0.0,0.0,0.0,0.0,0.0,0.0
6,5,0.0,0.0,0.0,0.0,0.0,1.0,0.0,0.0,0.0,0.0,0.0,0.0
6,5,0.0,0.0,0.0,0.0,0.0,1.0,0.0,0.0,0.0,0.0,0.0,0.0
6,5,0.0,0.0,0.0,0.0,0.0,1.0,0.0,0.0,0.0,0.0,0.0,0.0
6,5,0.0,0.0,0.0,0.0,0.0,1.0,0.0,0.0,0.0,0.0,0.0,0.0
6,5,0.0,0.0,0.0,0.0,0.0,1.0,0.0,0.0,0.0,0.0,0.0,0.0
6,5,0.0,0.0,0.0,0.0,0.0,1.0,0.0,0.0,0.0,0.0,0.0,0.0
6,5,0.0,0.0,0.0,0.0,0.0,1.0,0.0,0.0,0.0,0.0,0.0,0.0
6,5,0.0,0.0,0.0,0.0,0.0,1.0,0.0,0.0,0.0,0.0,0.0,0.0
6,5,0.0,0.0,0.0,0.0,0.0,1.0,0.0,0.0,0.0,0.0,0.0,0.0
6,5,0.0,0.0,0.0,0.0,0.0,1.0,0.0,0.0,0.0,0.0,0.0,0.0
6,5,0.0,0.0,0.0,0.0,0.0,1.0,0.0,0.0,0.0,0.0,0.0,0.0
6,5,0.0,0.0,0.0,0.0,0.0,1.0,0.0,0.0,0.0,0.0,0.0,0.0
6,5,0.0,0.0,0.0,0.0,0.0,1.0,0.0,0.0,0.0,0.0,0.0,0.0
6,5,0.0,0.0,0.0,0.0,0.0,1.0,0.0,0.0,0.0,0.0,0.0,0.0
6,5,0.0,0.0,0.0,0.0,0.0,1.0,0.0,0.0,0.0,0.0,0.0,0.0
6,5,0.0,0.0,0.0,0.0,0.0,1.0,0.0,0.0,0.0,0.0,0.0,0.0
6,5,0.0,0.0,0.0,0.0,0.0,1.0,0.0,0.0,0.0,0.0,0.0,0.0
6,5,0.0,0.0,0.0,0.0,0.0,1.0,0.0,0.0,0.0,0.0,0.0,0.0
6,5,0.0,0.0,0.0,0.0,0.0,1.0,0.0,0.0,0.0,0.0,0.0,0.0
6,5,0.0,0.0,0.0,0.0,0.0,1.0,0.0,0.0,0.0,0.0,0.0,0.0
6,5,0.0,0.0,0.0,0.0,0.0,1.0,0.0,0.0,0.0,0.0,0.0,0.0
6,5,0.0,0.0,0.0,0.0,0.0,1.0,0.0,0.0,0.0,0.0,0.0,0.0
6,5,0.0,0.0,0.0,0.0,0.0,1.0,0.0,0.0,0.0,0.0,0.0,0.0
6,5,0.0,0.0,0.0,0.0,0.0,1.0,0.0,0.0,0.0,0.0,0.0,0.0
6,5,0.0,0.0,0.0,0.0,0.0,1.0,0.0,0.0,0.0,0.0,0.0,0.0
6,5,0.0,0.0,0.0,0.0,0.0,1.0,0.0,0.0,0.0,0.0,0.0,0.0
6,5,0.0,0.0,0.0,0.0,0.0,1.0,0.0,0.0,0.0,0.0,0.0,0.0
6,5,0.0,0.0,0.0,0.0,0.0,1.0,0.0,0.0,0.0,0.0,0.0,0.0
6,5,0.0,0.0,0.0,0.0,0.0,1.0,0.0,0.0,0.0,0.0,0.0,0.0
6,5,0.0,0.0,0.0,0.0,0.0,1.0,0.0,0.0,0.0,0.0,0.0,0.0
6,5,0.0,0.0,0.0,0.0,0.0,1.0,0.0,0.0,0.0,0.0,0.0,0.0
6,5,0.0,0.0,0.0,0.0,0.0,1.0,0.0,0.0,0.0,0.0,0.0,0.0
6,5,0.0,0.0,0.0,0.0,0.0,1.0,0.0,0.0,0.0,0.0,0.0,0.0
6,5,0.0,0.0,0.0,0.0,0.0,1.0,0.0,0.0,0.0,0.0,0.0,0.0
6,5,0.0,0.0,0.0,0.0,0.0,1.0,0.0,0.0,0.0,0.0,0.0,0.0
6,5,0.0,0.0,0.0,0.0,0.0,1.0,0.0,0.0,0.0,0.0,0.0,0.0
6,5,0.0,0.0,0.0,0.0,0.0,1.0,0.0,0.0,0.0,0.0,0.0,0.0
6,5,0.0,0.0,0.0,0.0,0.0,1.0,0.0,0.0,0.0,0.0,0.0,0.0
6,5,0.0,0.0,0.0,0.0,0.0,1.0,0.0,0.0,0.0,0.0,0.0,0.0
6,5,0.0,0.0,0.0,0.0,0.0,1.0,0.0,0.0,0.0,0.0,0.0,0.0
6,5,0.0,0.0,0.0,0.0,0.0,1.0,0.0,0.0,0.0,0.0,0.0,0.0
6,5,0.0,0.0,0.0,0.0,0.0,1.0,0.0,0.0,0.0,0.0,0.0,0.0
6,5,0.0,0.0,0.0,0.0,0.0,1.0,0.0,0.0,0.0,0.0,0.0,0.0
6,5,0.0,0.0,0.0,0.0,0.0,1.0,0.0,0.0,0.0,0.0,0.0,0.0
6,5,0.0,0.0,0.0,0.0,0.0,1.0,0.0,0.0,0.0,0.0,0.0,0.0
6,5,0.0,0.0,0.0,0.0,0.0,1.0,0.0,0.0,0.0,0.0,0.0,0.0
6,5,0.0,0.0,0.0,0.0,0.0,1.0,0.0,0.0,0.0,0.0,0.0,0.0
6,5,0.0,0.0,0.0,0.0,0.0,1.0,0.0,0.0,0.0,0.0,0.0,0.0
6,5,0.0,0.0,0.0,0.0,0.0,1.0,0.0,0.0,0.0,0.0,0.0,0.0
6,5,0.0,0.0,0.0,0.0,0.0,1.0,0.0,0.0,0.0,0.0,0.0,0.0
6,5,0.0,0.0,0.0,0.0,0.0,1.0,0.0,0.0,0.0,0.0,0.0,0.0
6,5,0.0,0.0,0.0,0.0,0.0,1.0,0.0,0.0,0.0,0.0,0.0,0.0
6,5,0.0,0.0,0.0,0.0,0.0,1.0,0.0,0.0,0.0,0.0,0.0,0.0
6,5,0.0,0.0,0.0,0.0,0.0,1.0,0.0,0.0,0.0,0.0,0.0,0.0
6,5,0.0,0.0,0.0,0.0,0.0,1.0,0.0,0.0,0.0,0.0,0.0,0.0
6,5,0.0,0.0,0.0,0.0,0.0,1.0,0.0,0.0,0.0,0.0,0.0,0.0
6,5,0.0,0.0,0.0,0.0,0.0,1.0,0.0,0.0,0.0,0.0,0.0,0.0
6,5,0.0,0.0,0.0,0.0,0.0,1.0,0.0,0.0,0.0,0.0,0.0,0.0
6,5,0.0,0.0,0.0,0.0,0.0,1.0,0.0,0.0,0.0,0.0,0.0,0.0
6,5,0.0,0.0,0.0,0.0,0.0,1.0,0.0,0.0,0.0,0.0,0.0,0.0
6,5,0.0,0.0,0.0,0.0,0.0,1.0,0.0,0.0,0.0,0.0,0.0,0.0
6,5,0.0,0.0,0.0,0.0,0.0,1.0,0.0,0.0,0.0,0.0,0.0,0.0
6,5,0.0,0.0,0.0,0.0,0.0,1.0,0.0,0.0,0.0,0.0,0.0,0.0
6,5,0.0,0.0,0.0,0.0,0.0,1.0,0.0,0.0,0.0,0.0,0.0,0.0
6,5,0.0,0.0,0.0,0.0,0.0,1.0,0.0,0.0,0.0,0.0,0.0,0.0
6,5,0.0,0.0,0.0,0.0,0.0,1.0,0.0,0.0,0.0,0.0,0.0,0.0
6,5,0.0,0.0,0.0,0.0,0.0,1.0,0.0,0.0,0.0,0.0,0.0,0.0
6,5,0.0,0.0,0.0,0.0,0.0,1.0,0.0,0.0,0.0,0.0,0.0,0.0
6,5,0.0,0.0,0.0,0.0,0.0,1.0,0.0,0.0,0.0,0.0,0.0,0.0
6,5,0.0,0.0,0.0,0.0,0.0,1.0,0.0,0.0,0.0,0.0,0.0,0.0
6,5,0.0,0.0,0.0,0.0,0.0,1.0,0.0,0.0,0.0,0.0,0.0,0.0
6,5,0.0,0.0,0.0,0.0,0.0,1.0,0.0,0.0,0.0,0.0,0.0,0.0
6,5,0.0,0.0,0.0,0.0,0.0,1.0,0.0,0.0,0.0,0.0,0.0,0.0
6,5,0.0,0.0,0.0,0.0,0.0,1.0,0.0,0.0,0.0,0.0,0.0,0.0
6,5,0.0,0.0,0.0,0.0,0.0,1.0,0.0,0.0,0.0,0.0,0.0,0.0
6,5,0.0,0.0,0.0,0.0,0.0,1.0,0.0,0.0,0.0,0.0,0.0,0.0
6,5,0.0,0.0,0.0,0.0,0.0,1.0,0.0,0.0,0.0,0.0,0.0,0.0
6,5,0.0,0.0,0.0,0.0,0.0,1.0,0.0,0.0,0.0,0.0,0.0,0.0
6,5,0.0,0.0,0.0,0.0,0.0,1.0,0.0,0.0,0.0,0.0,0.0,0.0
6,5,0.0,0.0,0.0,0.0,0.0,1.0,0.0,0.0,0.0,0.0,0.0,0.0
6,5,0.0,0.0,0.0,0.0,0.0,1.0,0.0,0.0,0.0,0.0,0.0,0.0
6,5,0.0,0.0,0.0,0.0,0.0,1.0,0.0,0.0,0.0,0.0,0.0,0.0
6,5,0.0,0.0,0.0,0.0,0.0,1.0,0.0,0.0,0.0,0.0,0.0,0.0
6,5,0.0,0.0,0.0,0.0,0.0,1.0,0.0,0.0,0.0,0.0,0.0,0.0
6,5,0.0,0.0,0.0,0.0,0.0,1.0,0.0,0.0,0.0,0.0,0.0,0.0
6,5,0.0,0.0,0.0,0.0,0.0,1.0,0.0,0.0,0.0,0.0,0.0,0.0
6,5,0.0,0.0,0.0,0.0,0.0,1.0,0.0,0.0,0.0,0.0,0.0,0.0
6,5,0.0,0.0,0.0,0.0,0.0,1.0,0.0,0.0,0.0,0.0,0.0,0.0
6,5,0.0,0.0,0.0,0.0,0.0,1.0,0.0,0.0,0.0,0.0,0.0,0.0
6,5,0.0,0.0,0.0,0.0,0.0,1.0,0.0,0.0,0.0,0.0,0.0,0.0
6,5,0.0,0.0,0.0,0.0,0.0,1.0,0.0,0.0,0.0,0.0,0.0,0.0
6,5,0.0,0.0,0.0,0.0,0.0,1.0,0.0,0.0,0.0,0.0,0.0,0.0
6,5,0.0,0.0,0.0,0.0,0.0,1.0,0.0,0.0,0.0,0.0,0.0,0.0
6,5,0.0,0.0,0.0,0.0,0.0,1.0,0.0,0.0,0.0,0.0,0.0,0.0
6,5,0.0,0.0,0.0,0.0,0.0,1.0,0.0,0.0,0.0,0.0,0.0,0.0
6,5,0.0,0.0,0.0,0.0,0.0,1.0,0.0,0.0,0.0,0.0,0.0,0.0
6,5,0.0,0.0,0.0,0.0,0.0,1.0,0.0,0.0,0.0,0.0,0.0,0.0
6,5,0.0,0.0,0.0,0.0,0.0,1.0,0.0,0.0,0.0,0.0,0.0,0.0
6,5,0.0,0.0,0.0,0.0,0.0,1.0,0.0,0.0,0.0,0.0,0.0,0.0
6,5,0.0,0.0,0.0,0.0,0.0,1.0,0.0,0.0,0.0,0.0,0.0,0.0
6,5,0.0,0.0,0.0,0.0,0.0,1.0,0.0,0.0,0.0,0.0,0.0,0.0
6,5,0.0,0.0,0.0,0.0,0.0,1.0,0.0,0.0,0.0,0.0,0.0,0.0
6,5,0.0,0.0,0.0,0.0,0.0,1.0,0.0,0.0,0.0,0.0,0.0,0.0
6,5,0.0,0.0,0.0,0.0,0.0,1.0,0.0,0.0,0.0,0.0,0.0,0.0
6,5,0.0,0.0,0.0,0.0,0.0,1.0,0.0,0.0,0.0,0.0,0.0,0.0
6,5,0.0,0.0,0.0,0.0,0.0,1.0,0.0,0.0,0.0,0.0,0.0,0.0
6,5,0.0,0.0,0.0,0.0,0.0,1.0,0.0,0.0,0.0,0.0,0.0,0.0
6,5,0.0,0.0,0.0,0.0,0.0,1.0,0.0,0.0,0.0,0.0,0.0,0.0
6,5,0.0,0.0,0.0,0.0,0.0,1.0,0.0,0.0,0.0,0.0,0.0,0.0
6,5,0.0,0.0,0.0,0.0,0.0,1.0,0.0,0.0,0.0,0.0,0.0,0.0
6,5,0.0,0.0,0.0,0.0,0.0,1.0,0.0,0.0,0.0,0.0,0.0,0.0
6,5,0.0,0.0,0.0,0.0,0.0,1.0,0.0,0.0,0.0,0.0,0.0,0.0
6,5,0.0,0.0,0.0,0.0,0.0,1.0,0.0,0.0,0.0,0.0,0.0,0.0
6,5,0.0,0.0,0.0,0.0,0.0,1.0,0.0,0.0,0.0,0.0,0.0,0.0
6,5,0.0,0.0,0.0,0.0,0.0,1.0,0.0,0.0,0.0,0.0,0.0,0.0
6,5,0.0,0.0,0.0,0.0,0.0,1.0,0.0,0.0,0.0,0.0,0.0,0.0
6,5,0.0,0.0,0.0,0.0,0.0,1.0,0.0,0.0,0.0,0.0,0.0,0.0
6,5,0.0,0.0,0.0,0.0,0.0,1.0,0.0,0.0,0.0,0.0,0.0,0.0
6,5,0.0,0.0,0.0,0.0,0.0,1.0,0.0,0.0,0.0,0.0,0.0,0.0
6,5,0.0,0.0,0.0,0.0,0.0,1.0,0.0,0.0,0.0,0.0,0.0,0.0
6,5,0.0,0.0,0.0,0.0,0.0,1.0,0.0,0.0,0.0,0.0,0.0,0.0
6,5,0.0,0.0,0.0,0.0,0.0,1.0,0.0,0.0,0.0,0.0,0.0,0.0
6,5,0.0,0.0,0.0,0.0,0.0,1.0,0.0,0.0,0.0,0.0,0.0,0.0
6,5,0.0,0.0,0.0,0.0,0.0,1.0,0.0,0.0,0.0,0.0,0.0,0.0
6,5,0.0,0.0,0.0,0.0,0.0,1.0,0.0,0.0,0.0,0.0,0.0,0.0
6,5,0.0,0.0,0.0,0.0,0.0,1.0,0.0,0.0,0.0,0.0,0.0,0.0
6,5,0.0,0.0,0.0,0.0,0.0,1.0,0.0,0.0,0.0,0.0,0.0,0.0
6,5,0.0,0.0,0.0,0.0,0.0,1.0,0.0,0.0,0.0,0.0,0.0,0.0
6,5,0.0,0.0,0.0,0.0,0.0,1.0,0.0,0.0,0.0,0.0,0.0,0.0
6,5,0.0,0.0,0.0,0.0,0.0,1.0,0.0,0.0,0.0,0.0,0.0,0.0
6,5,0.0,0.0,0.0,0.0,0.0,1.0,0.0,0.0,0.0,0.0,0.0,0.0
6,5,0.0,0.0,0.0,0.0,0.0,1.0,0.0,0.0,0.0,0.0,0.0,0.0
6,5,0.0,0.0,0.0,0.0,0.0,1.0,0.0,0.0,0.0,0.0,0.0,0.0
6,5,0.0,0.0,0.0,0.0,0.0,1.0,0.0,0.0,0.0,0.0,0.0,0.0
6,5,0.0,0.0,0.0,0.0,0.0,1.0,0.0,0.0,0.0,0.0,0.0,0.0
6,5,0.0,0.0,0.0,0.0,0.0,1.0,0.0,0.0,0.0,0.0,0.0,0.0
6,5,0.0,0.0,0.0,0.0,0.0,1.0,0.0,0.0,0.0,0.0,0.0,0.0
6,5,0.0,0.0,0.0,0.0,0.0,1.0,0.0,0.0,0.0,0.0,0.0,0.0
6,5,0.0,0.0,0.0,0.0,0.0,1.0,0.0,0.0,0.0,0.0,0.0,0.0
6,5,0.0,0.0,0.0,0.0,0.0,1.0,0.0,0.0,0.0,0.0,0.0,0.0
6,5,0.0,0.0,0.0,0.0,0.0,1.0,0.0,0.0,0.0,0.0,0.0,0.0
6,5,0.0,0.0,0.0,0.0,0.0,1.0,0.0,0.0,0.0,0.0,0.0,0.0
6,5,0.0,0.0,0.0,0.0,0.0,1.0,0.0,0.0,0.0,0.0,0.0,0.0
6,5,0.0,0.0,0.0,0.0,0.0,1.0,0.0,0.0,0.0,0.0,0.0,0.0
6,5,0.0,0.0,0.0,0.0,0.0,1.0,0.0,0.0,0.0,0.0,0.0,0.0
6,5,0.0,0.0,0.0,0.0,0.0,1.0,0.0,0.0,0.0,0.0,0.0,0.0
6,5,0.0,0.0,0.0,0.0,0.0,1.0,0.0,0.0,0.0,0.0,0.0,0.0
6,5,0.0,0.0,0.0,0.0,0.0,1.0,0.0,0.0,0.0,0.0,0.0,0.0
6,5,0.0,0.0,0.0,0.0,0.0,1.0,0.0,0.0,0.0,0.0,0.0,0.0
6,5,0.0,0.0,0.0,0.0,0.0,1.0,0.0,0.0,0.0,0.0,0.0,0.0
6,5,0.0,0.0,0.0,0.0,0.0,1.0,0.0,0.0,0.0,0.0,0.0,0.0
6,5,0.0,0.0,0.0,0.0,0.0,1.0,0.0,0.0,0.0,0.0,0.0,0.0
6,5,0.0,0.0,0.0,0.0,0.0,1.0,0.0,0.0,0.0,0.0,0.0,0.0
6,5,0.0,0.0,0.0,0.0,0.0,1.0,0.0,0.0,0.0,0.0,0.0,0.0
6,5,0.0,0.0,0.0,0.0,0.0,1.0,0.0,0.0,0.0,0.0,0.0,0.0
6,5,0.0,0.0,0.0,0.0,0.0,1.0,0.0,0.0,0.0,0.0,0.0,0.0
6,5,0.0,0.0,0.0,0.0,0.0,1.0,0.0,0.0,0.0,0.0,0.0,0.0
6,5,0.0,0.0,0.0,0.0,0.0,1.0,0.0,0.0,0.0,0.0,0.0,0.0
6,5,0.0,0.0,0.0,0.0,0.0,1.0,0.0,0.0,0.0,0.0,0.0,0.0
6,5,0.0,0.0,0.0,0.0,0.0,1.0,0.0,0.0,0.0,0.0,0.0,0.0
6,5,0.0,0.0,0.0,0.0,0.0,1.0,0.0,0.0,0.0,0.0,0.0,0.0
6,5,0.0,0.0,0.0,0.0,0.0,1.0,0.0,0.0,0.0,0.0,0.0,0.0
6,5,0.0,0.0,0.0,0.0,0.0,1.0,0.0,0.0,0.0,0.0,0.0,0.0
6,5,0.0,0.0,0.0,0.0,0.0,1.0,0.0,0.0,0.0,0.0,0.0,0.0
6,5,0.0,0.0,0.0,0.0,0.0,1.0,0.0,0.0,0.0,0.0,0.0,0.0
6,5,0.0,0.0,0.0,0.0,0.0,1.0,0.0,0.0,0.0,0.0,0.0,0.0
6,5,0.0,0.0,0.0,0.0,0.0,1.0,0.0,0.0,0.0,0.0,0.0,0.0
6,5,0.0,0.0,0.0,0.0,0.0,1.0,0.0,0.0,0.0,0.0,0.0,0.0
6,5,0.0,0.0,0.0,0.0,0.0,1.0,0.0,0.0,0.0,0.0,0.0,0.0
6,5,0.0,0.0,0.0,0.0,0.0,1.0,0.0,0.0,0.0,0.0,0.0,0.0
6,5,0.0,0.0,0.0,0.0,0.0,1.0,0.0,0.0,0.0,0.0,0.0,0.0
6,5,0.0,0.0,0.0,0.0,0.0,1.0,0.0,0.0,0.0,0.0,0.0,0.0
6,5,0.0,0.0,0.0,0.0,0.0,1.0,0.0,0.0,0.0,0.0,0.0,0.0
6,5,0.0,0.0,0.0,0.0,0.0,1.0,0.0,0.0,0.0,0.0,0.0,0.0
6,5,0.0,0.0,0.0,0.0,0.0,1.0,0.0,0.0,0.0,0.0,0.0,0.0
6,5,0.0,0.0,0.0,0.0,0.0,1.0,0.0,0.0,0.0,0.0,0.0,0.0
6,5,0.0,0.0,0.0,0.0,0.0,1.0,0.0,0.0,0.0,0.0,0.0,0.0
6,5,0.0,0.0,0.0,0.0,0.0,1.0,0.0,0.0,0.0,0.0,0.0,0.0
6,5,0.0,0.0,0.0,0.0,0.0,1.0,0.0,0.0,0.0,0.0,0.0,0.0
6,5,0.0,0.0,0.0,0.0,0.0,1.0,0.0,0.0,0.0,0.0,0.0,0.0
6,5,0.0,0.0,0.0,0.0,0.0,1.0,0.0,0.0,0.0,0.0,0.0,0.0
6,5,0.0,0.0,0.0,0.0,0.0,1.0,0.0,0.0,0.0,0.0,0.0,0.0
6,5,0.0,0.0,0.0,0.0,0.0,1.0,0.0,0.0,0.0,0.0,0.0,0.0
6,5,0.0,0.0,0.0,0.0,0.0,1.0,0.0,0.0,0.0,0.0,0.0,0.0
6,5,0.0,0.0,0.0,0.0,0.0,1.0,0.0,0.0,0.0,0.0,0.0,0.0
6,5,0.0,0.0,0.0,0.0,0.0,1.0,0.0,0.0,0.0,0.0,0.0,0.0
6,5,0.0,0.0,0.0,0.0,0.0,1.0,0.0,0.0,0.0,0.0,0.0,0.0
6,5,0.0,0.0,0.0,0.0,0.0,1.0,0.0,0.0,0.0,0.0,0.0,0.0
6,5,0.0,0.0,0.0,0.0,0.0,1.0,0.0,0.0,0.0,0.0,0.0,0.0
6,5,0.0,0.0,0.0,0.0,0.0,1.0,0.0,0.0,0.0,0.0,0.0,0.0
6,5,0.0,0.0,0.0,0.0,0.0,1.0,0.0,0.0,0.0,0.0,0.0,0.0
6,5,0.0,0.0,0.0,0.0,0.0,1.0,0.0,0.0,0.0,0.0,0.0,0.0
6,5,0.0,0.0,0.0,0.0,0.0,1.0,0.0,0.0,0.0,0.0,0.0,0.0
6,5,0.0,0.0,0.0,0.0,0.0,1.0,0.0,0.0,0.0,0.0,0.0,0.0
6,5,0.0,0.0,0.0,0.0,0.0,1.0,0.0,0.0,0.0,0.0,0.0,0.0
6,5,0.0,0.0,0.0,0.0,0.0,1.0,0.0,0.0,0.0,0.0,0.0,0.0
6,5,0.0,0.0,0.0,0.0,0.0,1.0,0.0,0.0,0.0,0.0,0.0,0.0
6,5,0.0,0.0,0.0,0.0,0.0,1.0,0.0,0.0,0.0,0.0,0.0,0.0
6,5,0.0,0.0,0.0,0.0,0.0,1.0,0.0,0.0,0.0,0.0,0.0,0.0
6,5,0.0,0.0,0.0,0.0,0.0,1.0,0.0,0.0,0.0,0.0,0.0,0.0
6,5,0.0,0.0,0.0,0.0,0.0,1.0,0.0,0.0,0.0,0.0,0.0,0.0
6,5,0.0,0.0,0.0,0.0,0.0,1.0,0.0,0.0,0.0,0.0,0.0,0.0
6,5,0.0,0.0,0.0,0.0,0.0,1.0,0.0,0.0,0.0,0.0,0.0,0.0
6,5,0.0,0.0,0.0,0.0,0.0,1.0,0.0,0.0,0.0,0.0,0.0,0.0
6,5,0.0,0.0,0.0,0.0,0.0,1.0,0.0,0.0,0.0,0.0,0.0,0.0
6,5,0.0,0.0,0.0,0.0,0.0,1.0,0.0,0.0,0.0,0.0,0.0,0.0
6,5,0.0,0.0,0.0,0.0,0.0,1.0,0.0,0.0,0.0,0.0,0.0,0.0
6,5,0.0,0.0,0.0,0.0,0.0,1.0,0.0,0.0,0.0,0.0,0.0,0.0
6,5,0.0,0.0,0.0,0.0,0.0,1.0,0.0,0.0,0.0,0.0,0.0,0.0
6,5,0.0,0.0,0.0,0.0,0.0,1.0,0.0,0.0,0.0,0.0,0.0,0.0
6,5,0.0,0.0,0.0,0.0,0.0,1.0,0.0,0.0,0.0,0.0,0.0,0.0
6,5,0.0,0.0,0.0,0.0,0.0,1.0,0.0,0.0,0.0,0.0,0.0,0.0
6,5,0.0,0.0,0.0,0.0,0.0,1.0,0.0,0.0,0.0,0.0,0.0,0.0
6,5,0.0,0.0,0.0,0.0,0.0,1.0,0.0,0.0,0.0,0.0,0.0,0.0
6,5,0.0,0.0,0.0,0.0,0.0,1.0,0.0,0.0,0.0,0.0,0.0,0.0
6,5,0.0,0.0,0.0,0.0,0.0,1.0,0.0,0.0,0.0,0.0,0.0,0.0
6,5,0.0,0.0,0.0,0.0,0.0,1.0,0.0,0.0,0.0,0.0,0.0,0.0
6,5,0.0,0.0,0.0,0.0,0.0,1.0,0.0,0.0,0.0,0.0,0.0,0.0
6,5,0.0,0.0,0.0,0.0,0.0,1.0,0.0,0.0,0.0,0.0,0.0,0.0
6,5,0.0,0.0,0.0,0.0,0.0,1.0,0.0,0.0,0.0,0.0,0.0,0.0
6,5,0.0,0.0,0.0,0.0,0.0,1.0,0.0,0.0,0.0,0.0,0.0,0.0
6,5,0.0,0.0,0.0,0.0,0.0,1.0,0.0,0.0,0.0,0.0,0.0,0.0
6,5,0.0,0.0,0.0,0.0,0.0,1.0,0.0,0.0,0.0,0.0,0.0,0.0
6,5,0.0,0.0,0.0,0.0,0.0,1.0,0.0,0.0,0.0,0.0,0.0,0.0
6,5,0.0,0.0,0.0,0.0,0.0,1.0,0.0,0.0,0.0,0.0,0.0,0.0
6,5,0.0,0.0,0.0,0.0,0.0,1.0,0.0,0.0,0.0,0.0,0.0,0.0
6,5,0.0,0.0,0.0,0.0,0.0,1.0,0.0,0.0,0.0,0.0,0.0,0.0
6,5,0.0,0.0,0.0,0.0,0.0,1.0,0.0,0.0,0.0,0.0,0.0,0.0
6,5,0.0,0.0,0.0,0.0,0.0,1.0,0.0,0.0,0.0,0.0,0.0,0.0
6,5,0.0,0.0,0.0,0.0,0.0,1.0,0.0,0.0,0.0,0.0,0.0,0.0
6,5,0.0,0.0,0.0,0.0,0.0,1.0,0.0,0.0,0.0,0.0,0.0,0.0
6,5,0.0,0.0,0.0,0.0,0.0,1.0,0.0,0.0,0.0,0.0,0.0,0.0
6,5,0.0,0.0,0.0,0.0,0.0,1.0,0.0,0.0,0.0,0.0,0.0,0.0
6,5,0.0,0.0,0.0,0.0,0.0,1.0,0.0,0.0,0.0,0.0,0.0,0.0
6,5,0.0,0.0,0.0,0.0,0.0,1.0,0.0,0.0,0.0,0.0,0.0,0.0
6,5,0.0,0.0,0.0,0.0,0.0,1.0,0.0,0.0,0.0,0.0,0.0,0.0
6,5,0.0,0.0,0.0,0.0,0.0,1.0,0.0,0.0,0.0,0.0,0.0,0.0
6,5,0.0,0.0,0.0,0.0,0.0,1.0,0.0,0.0,0.0,0.0,0.0,0.0
6,5,0.0,0.0,0.0,0.0,0.0,1.0,0.0,0.0,0.0,0.0,0.0,0.0
6,5,0.0,0.0,0.0,0.0,0.0,1.0,0.0,0.0,0.0,0.0,0.0,0.0
6,5,0.0,0.0,0.0,0.0,0.0,1.0,0.0,0.0,0.0,0.0,0.0,0.0
6,5,0.0,0.0,0.0,0.0,0.0,1.0,0.0,0.0,0.0,0.0,0.0,0.0
6,5,0.0,0.0,0.0,0.0,0.0,1.0,0.0,0.0,0.0,0.0,0.0,0.0
6,5,0.0,0.0,0.0,0.0,0.0,1.0,0.0,0.0,0.0,0.0,0.0,0.0
6,5,0.0,0.0,0.0,0.0,0.0,1.0,0.0,0.0,0.0,0.0,0.0,0.0
6,5,0.0,0.0,0.0,0.0,0.0,1.0,0.0,0.0,0.0,0.0,0.0,0.0
6,5,0.0,0.0,0.0,0.0,0.0,1.0,0.0,0.0,0.0,0.0,0.0,0.0
6,5,0.0,0.0,0.0,0.0,0.0,1.0,0.0,0.0,0.0,0.0,0.0,0.0
6,5,0.0,0.0,0.0,0.0,0.0,1.0,0.0,0.0,0.0,0.0,0.0,0.0
6,5,0.0,0.0,0.0,0.0,0.0,1.0,0.0,0.0,0.0,0.0,0.0,0.0
6,5,0.0,0.0,0.0,0.0,0.0,1.0,0.0,0.0,0.0,0.0,0.0,0.0
6,5,0.0,0.0,0.0,0.0,0.0,1.0,0.0,0.0,0.0,0.0,0.0,0.0
6,5,0.0,0.0,0.0,0.0,0.0,1.0,0.0,0.0,0.0,0.0,0.0,0.0
6,5,0.0,0.0,0.0,0.0,0.0,1.0,0.0,0.0,0.0,0.0,0.0,0.0
6,5,0.0,0.0,0.0,0.0,0.0,1.0,0.0,0.0,0.0,0.0,0.0,0.0
6,5,0.0,0.0,0.0,0.0,0.0,1.0,0.0,0.0,0.0,0.0,0.0,0.0
6,5,0.0,0.0,0.0,0.0,0.0,1.0,0.0,0.0,0.0,0.0,0.0,0.0
6,5,0.0,0.0,0.0,0.0,0.0,1.0,0.0,0.0,0.0,0.0,0.0,0.0
6,5,0.0,0.0,0.0,0.0,0.0,1.0,0.0,0.0,0.0,0.0,0.0,0.0
6,5,0.0,0.0,0.0,0.0,0.0,1.0,0.0,0.0,0.0,0.0,0.0,0.0
6,5,0.0,0.0,0.0,0.0,0.0,1.0,0.0,0.0,0.0,0.0,0.0,0.0
6,5,0.0,0.0,0.0,0.0,0.0,1.0,0.0,0.0,0.0,0.0,0.0,0.0
6,5,0.0,0.0,0.0,0.0,0.0,1.0,0.0,0.0,0.0,0.0,0.0,0.0
6,5,0.0,0.0,0.0,0.0,0.0,1.0,0.0,0.0,0.0,0.0,0.0,0.0
6,5,0.0,0.0,0.0,0.0,0.0,1.0,0.0,0.0,0.0,0.0,0.0,0.0
6,5,0.0,0.0,0.0,0.0,0.0,1.0,0.0,0.0,0.0,0.0,0.0,0.0
6,5,0.0,0.0,0.0,0.0,0.0,1.0,0.0,0.0,0.0,0.0,0.0,0.0
6,5,0.0,0.0,0.0,0.0,0.0,1.0,0.0,0.0,0.0,0.0,0.0,0.0
6,5,0.0,0.0,0.0,0.0,0.0,1.0,0.0,0.0,0.0,0.0,0.0,0.0
6,5,0.0,0.0,0.0,0.0,0.0,1.0,0.0,0.0,0.0,0.0,0.0,0.0
6,5,0.0,0.0,0.0,0.0,0.0,1.0,0.0,0.0,0.0,0.0,0.0,0.0
6,5,0.0,0.0,0.0,0.0,0.0,1.0,0.0,0.0,0.0,0.0,0.0,0.0
6,5,0.0,0.0,0.0,0.0,0.0,1.0,0.0,0.0,0.0,0.0,0.0,0.0
6,5,0.0,0.0,0.0,0.0,0.0,1.0,0.0,0.0,0.0,0.0,0.0,0.0
6,5,0.0,0.0,0.0,0.0,0.0,1.0,0.0,0.0,0.0,0.0,0.0,0.0
6,5,0.0,0.0,0.0,0.0,0.0,1.0,0.0,0.0,0.0,0.0,0.0,0.0
6,5,0.0,0.0,0.0,0.0,0.0,1.0,0.0,0.0,0.0,0.0,0.0,0.0
6,5,0.0,0.0,0.0,0.0,0.0,1.0,0.0,0.0,0.0,0.0,0.0,0.0
6,5,0.0,0.0,0.0,0.0,0.0,1.0,0.0,0.0,0.0,0.0,0.0,0.0
6,5,0.0,0.0,0.0,0.0,0.0,1.0,0.0,0.0,0.0,0.0,0.0,0.0
6,5,0.0,0.0,0.0,0.0,0.0,1.0,0.0,0.0,0.0,0.0,0.0,0.0
6,5,0.0,0.0,0.0,0.0,0.0,1.0,0.0,0.0,0.0,0.0,0.0,0.0
6,5,0.0,0.0,0.0,0.0,0.0,1.0,0.0,0.0,0.0,0.0,0.0,0.0
6,5,0.0,0.0,0.0,0.0,0.0,1.0,0.0,0.0,0.0,0.0,0.0,0.0
6,5,0.0,0.0,0.0,0.0,0.0,1.0,0.0,0.0,0.0,0.0,0.0,0.0
6,5,0.0,0.0,0.0,0.0,0.0,1.0,0.0,0.0,0.0,0.0,0.0,0.0
6,5,0.0,0.0,0.0,0.0,0.0,1.0,0.0,0.0,0.0,0.0,0.0,0.0
6,5,0.0,0.0,0.0,0.0,0.0,1.0,0.0,0.0,0.0,0.0,0.0,0.0
6,5,0.0,0.0,0.0,0.0,0.0,1.0,0.0,0.0,0.0,0.0,0.0,0.0
6,5,0.0,0.0,0.0,0.0,0.0,1.0,0.0,0.0,0.0,0.0,0.0,0.0
6,5,0.0,0.0,0.0,0.0,0.0,1.0,0.0,0.0,0.0,0.0,0.0,0.0
6,5,0.0,0.0,0.0,0.0,0.0,1.0,0.0,0.0,0.0,0.0,0.0,0.0
6,5,0.0,0.0,0.0,0.0,0.0,1.0,0.0,0.0,0.0,0.0,0.0,0.0
6,5,0.0,0.0,0.0,0.0,0.0,1.0,0.0,0.0,0.0,0.0,0.0,0.0
6,5,0.0,0.0,0.0,0.0,0.0,1.0,0.0,0.0,0.0,0.0,0.0,0.0
6,5,0.0,0.0,0.0,0.0,0.0,1.0,0.0,0.0,0.0,0.0,0.0,0.0
6,5,0.0,0.0,0.0,0.0,0.0,1.0,0.0,0.0,0.0,0.0,0.0,0.0
6,5,0.0,0.0,0.0,0.0,0.0,1.0,0.0,0.0,0.0,0.0,0.0,0.0
6,5,0.0,0.0,0.0,0.0,0.0,1.0,0.0,0.0,0.0,0.0,0.0,0.0
6,5,0.0,0.0,0.0,0.0,0.0,1.0,0.0,0.0,0.0,0.0,0.0,0.0
6,5,0.0,0.0,0.0,0.0,0.0,1.0,0.0,0.0,0.0,0.0,0.0,0.0
6,5,0.0,0.0,0.0,0.0,0.0,1.0,0.0,0.0,0.0,0.0,0.0,0.0
6,5,0.0,0.0,0.0,0.0,0.0,1.0,0.0,0.0,0.0,0.0,0.0,0.0
6,5,0.0,0.0,0.0,0.0,0.0,1.0,0.0,0.0,0.0,0.0,0.0,0.0
6,5,0.0,0.0,0.0,0.0,0.0,1.0,0.0,0.0,0.0,0.0,0.0,0.0
6,5,0.0,0.0,0.0,0.0,0.0,1.0,0.0,0.0,0.0,0.0,0.0,0.0
6,5,0.0,0.0,0.0,0.0,0.0,1.0,0.0,0.0,0.0,0.0,0.0,0.0
6,5,0.0,0.0,0.0,0.0,0.0,1.0,0.0,0.0,0.0,0.0,0.0,0.0
6,5,0.0,0.0,0.0,0.0,0.0,1.0,0.0,0.0,0.0,0.0,0.0,0.0
6,5,0.0,0.0,0.0,0.0,0.0,1.0,0.0,0.0,0.0,0.0,0.0,0.0
6,5,0.0,0.0,0.0,0.0,0.0,1.0,0.0,0.0,0.0,0.0,0.0,0.0
6,5,0.0,0.0,0.0,0.0,0.0,1.0,0.0,0.0,0.0,0.0,0.0,0.0
6,5,0.0,0.0,0.0,0.0,0.0,1.0,0.0,0.0,0.0,0.0,0.0,0.0
6,5,0.0,0.0,0.0,0.0,0.0,1.0,0.0,0.0,0.0,0.0,0.0,0.0
6,5,0.0,0.0,0.0,0.0,0.0,1.0,0.0,0.0,0.0,0.0,0.0,0.0
6,5,0.0,0.0,0.0,0.0,0.0,1.0,0.0,0.0,0.0,0.0,0.0,0.0
6,5,0.0,0.0,0.0,0.0,0.0,1.0,0.0,0.0,0.0,0.0,0.0,0.0
6,5,0.0,0.0,0.0,0.0,0.0,1.0,0.0,0.0,0.0,0.0,0.0,0.0
6,5,0.0,0.0,0.0,0.0,0.0,1.0,0.0,0.0,0.0,0.0,0.0,0.0
6,5,0.0,0.0,0.0,0.0,0.0,1.0,0.0,0.0,0.0,0.0,0.0,0.0
6,5,0.0,0.0,0.0,0.0,0.0,1.0,0.0,0.0,0.0,0.0,0.0,0.0
6,5,0.0,0.0,0.0,0.0,0.0,1.0,0.0,0.0,0.0,0.0,0.0,0.0
6,5,0.0,0.0,0.0,0.0,0.0,1.0,0.0,0.0,0.0,0.0,0.0,0.0
6,5,0.0,0.0,0.0,0.0,0.0,1.0,0.0,0.0,0.0,0.0,0.0,0.0
6,5,0.0,0.0,0.0,0.0,0.0,1.0,0.0,0.0,0.0,0.0,0.0,0.0
6,5,0.0,0.0,0.0,0.0,0.0,1.0,0.0,0.0,0.0,0.0,0.0,0.0
6,5,0.0,0.0,0.0,0.0,0.0,1.0,0.0,0.0,0.0,0.0,0.0,0.0
6,5,0.0,0.0,0.0,0.0,0.0,1.0,0.0,0.0,0.0,0.0,0.0,0.0
6,5,0.0,0.0,0.0,0.0,0.0,1.0,0.0,0.0,0.0,0.0,0.0,0.0
6,5,0.0,0.0,0.0,0.0,0.0,1.0,0.0,0.0,0.0,0.0,0.0,0.0
6,5,0.0,0.0,0.0,0.0,0.0,1.0,0.0,0.0,0.0,0.0,0.0,0.0
6,5,0.0,0.0,0.0,0.0,0.0,1.0,0.0,0.0,0.0,0.0,0.0,0.0
6,5,0.0,0.0,0.0,0.0,0.0,1.0,0.0,0.0,0.0,0.0,0.0,0.0
6,5,0.0,0.0,0.0,0.0,0.0,1.0,0.0,0.0,0.0,0.0,0.0,0.0
6,5,0.0,0.0,0.0,0.0,0.0,1.0,0.0,0.0,0.0,0.0,0.0,0.0
6,5,0.0,0.0,0.0,0.0,0.0,1.0,0.0,0.0,0.0,0.0,0.0,0.0
6,5,0.0,0.0,0.0,0.0,0.0,1.0,0.0,0.0,0.0,0.0,0.0,0.0
6,5,0.0,0.0,0.0,0.0,0.0,1.0,0.0,0.0,0.0,0.0,0.0,0.0
6,5,0.0,0.0,0.0,0.0,0.0,1.0,0.0,0.0,0.0,0.0,0.0,0.0
6,5,0.0,0.0,0.0,0.0,0.0,1.0,0.0,0.0,0.0,0.0,0.0,0.0
6,5,0.0,0.0,0.0,0.0,0.0,1.0,0.0,0.0,0.0,0.0,0.0,0.0
6,5,0.0,0.0,0.0,0.0,0.0,1.0,0.0,0.0,0.0,0.0,0.0,0.0
6,5,0.0,0.0,0.0,0.0,0.0,1.0,0.0,0.0,0.0,0.0,0.0,0.0
6,5,0.0,0.0,0.0,0.0,0.0,1.0,0.0,0.0,0.0,0.0,0.0,0.0
6,5,0.0,0.0,0.0,0.0,0.0,1.0,0.0,0.0,0.0,0.0,0.0,0.0
6,5,0.0,0.0,0.0,0.0,0.0,1.0,0.0,0.0,0.0,0.0,0.0,0.0
6,5,0.0,0.0,0.0,0.0,0.0,1.0,0.0,0.0,0.0,0.0,0.0,0.0
6,5,0.0,0.0,0.0,0.0,0.0,1.0,0.0,0.0,0.0,0.0,0.0,0.0
6,5,0.0,0.0,0.0,0.0,0.0,1.0,0.0,0.0,0.0,0.0,0.0,0.0
6,5,0.0,0.0,0.0,0.0,0.0,1.0,0.0,0.0,0.0,0.0,0.0,0.0
6,5,0.0,0.0,0.0,0.0,0.0,1.0,0.0,0.0,0.0,0.0,0.0,0.0
6,5,0.0,0.0,0.0,0.0,0.0,1.0,0.0,0.0,0.0,0.0,0.0,0.0
6,5,0.0,0.0,0.0,0.0,0.0,1.0,0.0,0.0,0.0,0.0,0.0,0.0
6,5,0.0,0.0,0.0,0.0,0.0,1.0,0.0,0.0,0.0,0.0,0.0,0.0
6,5,0.0,0.0,0.0,0.0,0.0,1.0,0.0,0.0,0.0,0.0,0.0,0.0
6,5,0.0,0.0,0.0,0.0,0.0,1.0,0.0,0.0,0.0,0.0,0.0,0.0
6,5,0.0,0.0,0.0,0.0,0.0,1.0,0.0,0.0,0.0,0.0,0.0,0.0
6,5,0.0,0.0,0.0,0.0,0.0,1.0,0.0,0.0,0.0,0.0,0.0,0.0
6,5,0.0,0.0,0.0,0.0,0.0,1.0,0.0,0.0,0.0,0.0,0.0,0.0
6,5,0.0,0.0,0.0,0.0,0.0,1.0,0.0,0.0,0.0,0.0,0.0,0.0
6,5,0.0,0.0,0.0,0.0,0.0,1.0,0.0,0.0,0.0,0.0,0.0,0.0
6,5,0.0,0.0,0.0,0.0,0.0,1.0,0.0,0.0,0.0,0.0,0.0,0.0
6,5,0.0,0.0,0.0,0.0,0.0,1.0,0.0,0.0,0.0,0.0,0.0,0.0
6,5,0.0,0.0,0.0,0.0,0.0,1.0,0.0,0.0,0.0,0.0,0.0,0.0
6,5,0.0,0.0,0.0,0.0,0.0,1.0,0.0,0.0,0.0,0.0,0.0,0.0
6,5,0.0,0.0,0.0,0.0,0.0,1.0,0.0,0.0,0.0,0.0,0.0,0.0
6,5,0.0,0.0,0.0,0.0,0.0,1.0,0.0,0.0,0.0,0.0,0.0,0.0
6,5,0.0,0.0,0.0,0.0,0.0,1.0,0.0,0.0,0.0,0.0,0.0,0.0
6,5,0.0,0.0,0.0,0.0,0.0,1.0,0.0,0.0,0.0,0.0,0.0,0.0
6,5,0.0,0.0,0.0,0.0,0.0,1.0,0.0,0.0,0.0,0.0,0.0,0.0
6,5,0.0,0.0,0.0,0.0,0.0,1.0,0.0,0.0,0.0,0.0,0.0,0.0
6,5,0.0,0.0,0.0,0.0,0.0,1.0,0.0,0.0,0.0,0.0,0.0,0.0
6,5,0.0,0.0,0.0,0.0,0.0,1.0,0.0,0.0,0.0,0.0,0.0,0.0
6,5,0.0,0.0,0.0,0.0,0.0,1.0,0.0,0.0,0.0,0.0,0.0,0.0
6,5,0.0,0.0,0.0,0.0,0.0,1.0,0.0,0.0,0.0,0.0,0.0,0.0
6,5,0.0,0.0,0.0,0.0,0.0,1.0,0.0,0.0,0.0,0.0,0.0,0.0
6,5,0.0,0.0,0.0,0.0,0.0,1.0,0.0,0.0,0.0,0.0,0.0,0.0
6,5,0.0,0.0,0.0,0.0,0.0,1.0,0.0,0.0,0.0,0.0,0.0,0.0
6,5,0.0,0.0,0.0,0.0,0.0,1.0,0.0,0.0,0.0,0.0,0.0,0.0
6,5,0.0,0.0,0.0,0.0,0.0,1.0,0.0,0.0,0.0,0.0,0.0,0.0
6,5,0.0,0.0,0.0,0.0,0.0,1.0,0.0,0.0,0.0,0.0,0.0,0.0
6,5,0.0,0.0,0.0,0.0,0.0,1.0,0.0,0.0,0.0,0.0,0.0,0.0
6,5,0.0,0.0,0.0,0.0,0.0,1.0,0.0,0.0,0.0,0.0,0.0,0.0
6,5,0.0,0.0,0.0,0.0,0.0,1.0,0.0,0.0,0.0,0.0,0.0,0.0
6,5,0.0,0.0,0.0,0.0,0.0,1.0,0.0,0.0,0.0,0.0,0.0,0.0
6,5,0.0,0.0,0.0,0.0,0.0,1.0,0.0,0.0,0.0,0.0,0.0,0.0
6,5,0.0,0.0,0.0,0.0,0.0,1.0,0.0,0.0,0.0,0.0,0.0,0.0
6,5,0.0,0.0,0.0,0.0,0.0,1.0,0.0,0.0,0.0,0.0,0.0,0.0
6,5,0.0,0.0,0.0,0.0,0.0,1.0,0.0,0.0,0.0,0.0,0.0,0.0
6,5,0.0,0.0,0.0,0.0,0.0,1.0,0.0,0.0,0.0,0.0,0.0,0.0
6,5,0.0,0.0,0.0,0.0,0.0,1.0,0.0,0.0,0.0,0.0,0.0,0.0
6,5,0.0,0.0,0.0,0.0,0.0,1.0,0.0,0.0,0.0,0.0,0.0,0.0
6,5,0.0,0.0,0.0,0.0,0.0,1.0,0.0,0.0,0.0,0.0,0.0,0.0
6,5,0.0,0.0,0.0,0.0,0.0,1.0,0.0,0.0,0.0,0.0,0.0,0.0
6,5,0.0,0.0,0.0,0.0,0.0,1.0,0.0,0.0,0.0,0.0,0.0,0.0
6,5,0.0,0.0,0.0,0.0,0.0,1.0,0.0,0.0,0.0,0.0,0.0,0.0
6,5,0.0,0.0,0.0,0.0,0.0,1.0,0.0,0.0,0.0,0.0,0.0,0.0
6,5,0.0,0.0,0.0,0.0,0.0,1.0,0.0,0.0,0.0,0.0,0.0,0.0
6,5,0.0,0.0,0.0,0.0,0.0,1.0,0.0,0.0,0.0,0.0,0.0,0.0
6,5,0.0,0.0,0.0,0.0,0.0,1.0,0.0,0.0,0.0,0.0,0.0,0.0
6,5,0.0,0.0,0.0,0.0,0.0,1.0,0.0,0.0,0.0,0.0,0.0,0.0
6,5,0.0,0.0,0.0,0.0,0.0,1.0,0.0,0.0,0.0,0.0,0.0,0.0
6,5,0.0,0.0,0.0,0.0,0.0,1.0,0.0,0.0,0.0,0.0,0.0,0.0
6,5,0.0,0.0,0.0,0.0,0.0,1.0,0.0,0.0,0.0,0.0,0.0,0.0
6,5,0.0,0.0,0.0,0.0,0.0,1.0,0.0,0.0,0.0,0.0,0.0,0.0
6,5,0.0,0.0,0.0,0.0,0.0,1.0,0.0,0.0,0.0,0.0,0.0,0.0
6,5,0.0,0.0,0.0,0.0,0.0,1.0,0.0,0.0,0.0,0.0,0.0,0.0
6,5,0.0,0.0,0.0,0.0,0.0,1.0,0.0,0.0,0.0,0.0,0.0,0.0
6,5,0.0,0.0,0.0,0.0,0.0,1.0,0.0,0.0,0.0,0.0,0.0,0.0
6,5,0.0,0.0,0.0,0.0,0.0,1.0,0.0,0.0,0.0,0.0,0.0,0.0
6,5,0.0,0.0,0.0,0.0,0.0,1.0,0.0,0.0,0.0,0.0,0.0,0.0
6,5,0.0,0.0,0.0,0.0,0.0,1.0,0.0,0.0,0.0,0.0,0.0,0.0
6,5,0.0,0.0,0.0,0.0,0.0,1.0,0.0,0.0,0.0,0.0,0.0,0.0
6,5,0.0,0.0,0.0,0.0,0.0,1.0,0.0,0.0,0.0,0.0,0.0,0.0
6,5,0.0,0.0,0.0,0.0,0.0,1.0,0.0,0.0,0.0,0.0,0.0,0.0
6,5,0.0,0.0,0.0,0.0,0.0,1.0,0.0,0.0,0.0,0.0,0.0,0.0
6,5,0.0,0.0,0.0,0.0,0.0,1.0,0.0,0.0,0.0,0.0,0.0,0.0
6,5,0.0,0.0,0.0,0.0,0.0,1.0,0.0,0.0,0.0,0.0,0.0,0.0
6,5,0.0,0.0,0.0,0.0,0.0,1.0,0.0,0.0,0.0,0.0,0.0,0.0
6,5,0.0,0.0,0.0,0.0,0.0,1.0,0.0,0.0,0.0,0.0,0.0,0.0
6,5,0.0,0.0,0.0,0.0,0.0,1.0,0.0,0.0,0.0,0.0,0.0,0.0
6,5,0.0,0.0,0.0,0.0,0.0,1.0,0.0,0.0,0.0,0.0,0.0,0.0
6,5,0.0,0.0,0.0,0.0,0.0,1.0,0.0,0.0,0.0,0.0,0.0,0.0
6,5,0.0,0.0,0.0,0.0,0.0,1.0,0.0,0.0,0.0,0.0,0.0,0.0
6,5,0.0,0.0,0.0,0.0,0.0,1.0,0.0,0.0,0.0,0.0,0.0,0.0
6,5,0.0,0.0,0.0,0.0,0.0,1.0,0.0,0.0,0.0,0.0,0.0,0.0
6,5,0.0,0.0,0.0,0.0,0.0,1.0,0.0,0.0,0.0,0.0,0.0,0.0
6,5,0.0,0.0,0.0,0.0,0.0,1.0,0.0,0.0,0.0,0.0,0.0,0.0
6,5,0.0,0.0,0.0,0.0,0.0,1.0,0.0,0.0,0.0,0.0,0.0,0.0
6,5,0.0,0.0,0.0,0.0,0.0,1.0,0.0,0.0,0.0,0.0,0.0,0.0
6,5,0.0,0.0,0.0,0.0,0.0,1.0,0.0,0.0,0.0,0.0,0.0,0.0
6,5,0.0,0.0,0.0,0.0,0.0,1.0,0.0,0.0,0.0,0.0,0.0,0.0
6,5,0.0,0.0,0.0,0.0,0.0,1.0,0.0,0.0,0.0,0.0,0.0,0.0
6,5,0.0,0.0,0.0,0.0,0.0,1.0,0.0,0.0,0.0,0.0,0.0,0.0
6,5,0.0,0.0,0.0,0.0,0.0,1.0,0.0,0.0,0.0,0.0,0.0,0.0
6,5,0.0,0.0,0.0,0.0,0.0,1.0,0.0,0.0,0.0,0.0,0.0,0.0
6,5,0.0,0.0,0.0,0.0,0.0,1.0,0.0,0.0,0.0,0.0,0.0,0.0
6,5,0.0,0.0,0.0,0.0,0.0,1.0,0.0,0.0,0.0,0.0,0.0,0.0
6,5,0.0,0.0,0.0,0.0,0.0,1.0,0.0,0.0,0.0,0.0,0.0,0.0
6,5,0.0,0.0,0.0,0.0,0.0,1.0,0.0,0.0,0.0,0.0,0.0,0.0
6,5,0.0,0.0,0.0,0.0,0.0,1.0,0.0,0.0,0.0,0.0,0.0,0.0
6,5,0.0,0.0,0.0,0.0,0.0,1.0,0.0,0.0,0.0,0.0,0.0,0.0
6,5,0.0,0.0,0.0,0.0,0.0,1.0,0.0,0.0,0.0,0.0,0.0,0.0
6,5,0.0,0.0,0.0,0.0,0.0,1.0,0.0,0.0,0.0,0.0,0.0,0.0
6,5,0.0,0.0,0.0,0.0,0.0,1.0,0.0,0.0,0.0,0.0,0.0,0.0
6,5,0.0,0.0,0.0,0.0,0.0,1.0,0.0,0.0,0.0,0.0,0.0,0.0
6,5,0.0,0.0,0.0,0.0,0.0,1.0,0.0,0.0,0.0,0.0,0.0,0.0
6,5,0.0,0.0,0.0,0.0,0.0,1.0,0.0,0.0,0.0,0.0,0.0,0.0
6,5,0.0,0.0,0.0,0.0,0.0,1.0,0.0,0.0,0.0,0.0,0.0,0.0
6,5,0.0,0.0,0.0,0.0,0.0,1.0,0.0,0.0,0.0,0.0,0.0,0.0
6,5,0.0,0.0,0.0,0.0,0.0,1.0,0.0,0.0,0.0,0.0,0.0,0.0
6,5,0.0,0.0,0.0,0.0,0.0,1.0,0.0,0.0,0.0,0.0,0.0,0.0
6,5,0.0,0.0,0.0,0.0,0.0,1.0,0.0,0.0,0.0,0.0,0.0,0.0
6,5,0.0,0.0,0.0,0.0,0.0,1.0,0.0,0.0,0.0,0.0,0.0,0.0
6,5,0.0,0.0,0.0,0.0,0.0,1.0,0.0,0.0,0.0,0.0,0.0,0.0
6,5,0.0,0.0,0.0,0.0,0.0,1.0,0.0,0.0,0.0,0.0,0.0,0.0
6,5,0.0,0.0,0.0,0.0,0.0,1.0,0.0,0.0,0.0,0.0,0.0,0.0
6,5,0.0,0.0,0.0,0.0,0.0,1.0,0.0,0.0,0.0,0.0,0.0,0.0
6,5,0.0,0.0,0.0,0.0,0.0,1.0,0.0,0.0,0.0,0.0,0.0,0.0
6,5,0.0,0.0,0.0,0.0,0.0,1.0,0.0,0.0,0.0,0.0,0.0,0.0
6,5,0.0,0.0,0.0,0.0,0.0,1.0,0.0,0.0,0.0,0.0,0.0,0.0
6,5,0.0,0.0,0.0,0.0,0.0,1.0,0.0,0.0,0.0,0.0,0.0,0.0
6,5,0.0,0.0,0.0,0.0,0.0,1.0,0.0,0.0,0.0,0.0,0.0,0.0
6,5,0.0,0.0,0.0,0.0,0.0,1.0,0.0,0.0,0.0,0.0,0.0,0.0
6,5,0.0,0.0,0.0,0.0,0.0,1.0,0.0,0.0,0.0,0.0,0.0,0.0
6,5,0.0,0.0,0.0,0.0,0.0,1.0,0.0,0.0,0.0,0.0,0.0,0.0
6,5,0.0,0.0,0.0,0.0,0.0,1.0,0.0,0.0,0.0,0.0,0.0,0.0
6,5,0.0,0.0,0.0,0.0,0.0,1.0,0.0,0.0,0.0,0.0,0.0,0.0
6,5,0.0,0.0,0.0,0.0,0.0,1.0,0.0,0.0,0.0,0.0,0.0,0.0
6,5,0.0,0.0,0.0,0.0,0.0,1.0,0.0,0.0,0.0,0.0,0.0,0.0
6,5,0.0,0.0,0.0,0.0,0.0,1.0,0.0,0.0,0.0,0.0,0.0,0.0
6,5,0.0,0.0,0.0,0.0,0.0,1.0,0.0,0.0,0.0,0.0,0.0,0.0
6,5,0.0,0.0,0.0,0.0,0.0,1.0,0.0,0.0,0.0,0.0,0.0,0.0
6,5,0.0,0.0,0.0,0.0,0.0,1.0,0.0,0.0,0.0,0.0,0.0,0.0
6,5,0.0,0.0,0.0,0.0,0.0,1.0,0.0,0.0,0.0,0.0,0.0,0.0
6,5,0.0,0.0,0.0,0.0,0.0,1.0,0.0,0.0,0.0,0.0,0.0,0.0
6,5,0.0,0.0,0.0,0.0,0.0,1.0,0.0,0.0,0.0,0.0,0.0,0.0
6,5,0.0,0.0,0.0,0.0,0.0,1.0,0.0,0.0,0.0,0.0,0.0,0.0
6,5,0.0,0.0,0.0,0.0,0.0,1.0,0.0,0.0,0.0,0.0,0.0,0.0
6,5,0.0,0.0,0.0,0.0,0.0,1.0,0.0,0.0,0.0,0.0,0.0,0.0
6,5,0.0,0.0,0.0,0.0,0.0,1.0,0.0,0.0,0.0,0.0,0.0,0.0
6,5,0.0,0.0,0.0,0.0,0.0,1.0,0.0,0.0,0.0,0.0,0.0,0.0
6,5,0.0,0.0,0.0,0.0,0.0,1.0,0.0,0.0,0.0,0.0,0.0,0.0
6,5,0.0,0.0,0.0,0.0,0.0,1.0,0.0,0.0,0.0,0.0,0.0,0.0
6,5,0.0,0.0,0.0,0.0,0.0,1.0,0.0,0.0,0.0,0.0,0.0,0.0
6,5,0.0,0.0,0.0,0.0,0.0,1.0,0.0,0.0,0.0,0.0,0.0,0.0
6,5,0.0,0.0,0.0,0.0,0.0,1.0,0.0,0.0,0.0,0.0,0.0,0.0
6,5,0.0,0.0,0.0,0.0,0.0,1.0,0.0,0.0,0.0,0.0,0.0,0.0
6,5,0.0,0.0,0.0,0.0,0.0,1.0,0.0,0.0,0.0,0.0,0.0,0.0
6,5,0.0,0.0,0.0,0.0,0.0,1.0,0.0,0.0,0.0,0.0,0.0,0.0
6,5,0.0,0.0,0.0,0.0,0.0,1.0,0.0,0.0,0.0,0.0,0.0,0.0
6,5,0.0,0.0,0.0,0.0,0.0,1.0,0.0,0.0,0.0,0.0,0.0,0.0
6,5,0.0,0.0,0.0,0.0,0.0,1.0,0.0,0.0,0.0,0.0,0.0,0.0
6,5,0.0,0.0,0.0,0.0,0.0,1.0,0.0,0.0,0.0,0.0,0.0,0.0
6,5,0.0,0.0,0.0,0.0,0.0,1.0,0.0,0.0,0.0,0.0,0.0,0.0
6,5,0.0,0.0,0.0,0.0,0.0,1.0,0.0,0.0,0.0,0.0,0.0,0.0
6,5,0.0,0.0,0.0,0.0,0.0,1.0,0.0,0.0,0.0,0.0,0.0,0.0
6,5,0.0,0.0,0.0,0.0,0.0,1.0,0.0,0.0,0.0,0.0,0.0,0.0
6,5,0.0,0.0,0.0,0.0,0.0,1.0,0.0,0.0,0.0,0.0,0.0,0.0
6,5,0.0,0.0,0.0,0.0,0.0,1.0,0.0,0.0,0.0,0.0,0.0,0.0
6,5,0.0,0.0,0.0,0.0,0.0,1.0,0.0,0.0,0.0,0.0,0.0,0.0
6,5,0.0,0.0,0.0,0.0,0.0,1.0,0.0,0.0,0.0,0.0,0.0,0.0
6,5,0.0,0.0,0.0,0.0,0.0,1.0,0.0,0.0,0.0,0.0,0.0,0.0
6,5,0.0,0.0,0.0,0.0,0.0,1.0,0.0,0.0,0.0,0.0,0.0,0.0
6,5,0.0,0.0,0.0,0.0,0.0,1.0,0.0,0.0,0.0,0.0,0.0,0.0
6,5,0.0,0.0,0.0,0.0,0.0,1.0,0.0,0.0,0.0,0.0,0.0,0.0
6,5,0.0,0.0,0.0,0.0,0.0,1.0,0.0,0.0,0.0,0.0,0.0,0.0
6,5,0.0,0.0,0.0,0.0,0.0,1.0,0.0,0.0,0.0,0.0,0.0,0.0
6,5,0.0,0.0,0.0,0.0,0.0,1.0,0.0,0.0,0.0,0.0,0.0,0.0
6,5,0.0,0.0,0.0,0.0,0.0,1.0,0.0,0.0,0.0,0.0,0.0,0.0
6,5,0.0,0.0,0.0,0.0,0.0,1.0,0.0,0.0,0.0,0.0,0.0,0.0
6,5,0.0,0.0,0.0,0.0,0.0,1.0,0.0,0.0,0.0,0.0,0.0,0.0
6,5,0.0,0.0,0.0,0.0,0.0,1.0,0.0,0.0,0.0,0.0,0.0,0.0
6,5,0.0,0.0,0.0,0.0,0.0,1.0,0.0,0.0,0.0,0.0,0.0,0.0
6,5,0.0,0.0,0.0,0.0,0.0,1.0,0.0,0.0,0.0,0.0,0.0,0.0
6,5,0.0,0.0,0.0,0.0,0.0,1.0,0.0,0.0,0.0,0.0,0.0,0.0
6,5,0.0,0.0,0.0,0.0,0.0,1.0,0.0,0.0,0.0,0.0,0.0,0.0
6,5,0.0,0.0,0.0,0.0,0.0,1.0,0.0,0.0,0.0,0.0,0.0,0.0
6,5,0.0,0.0,0.0,0.0,0.0,1.0,0.0,0.0,0.0,0.0,0.0,0.0
6,5,0.0,0.0,0.0,0.0,0.0,1.0,0.0,0.0,0.0,0.0,0.0,0.0
6,5,0.0,0.0,0.0,0.0,0.0,1.0,0.0,0.0,0.0,0.0,0.0,0.0
6,5,0.0,0.0,0.0,0.0,0.0,1.0,0.0,0.0,0.0,0.0,0.0,0.0
6,5,0.0,0.0,0.0,0.0,0.0,1.0,0.0,0.0,0.0,0.0,0.0,0.0
6,5,0.0,0.0,0.0,0.0,0.0,1.0,0.0,0.0,0.0,0.0,0.0,0.0
6,5,0.0,0.0,0.0,0.0,0.0,1.0,0.0,0.0,0.0,0.0,0.0,0.0
6,5,0.0,0.0,0.0,0.0,0.0,1.0,0.0,0.0,0.0,0.0,0.0,0.0
6,5,0.0,0.0,0.0,0.0,0.0,1.0,0.0,0.0,0.0,0.0,0.0,0.0
6,5,0.0,0.0,0.0,0.0,0.0,1.0,0.0,0.0,0.0,0.0,0.0,0.0
6,5,0.0,0.0,0.0,0.0,0.0,1.0,0.0,0.0,0.0,0.0,0.0,0.0
6,5,0.0,0.0,0.0,0.0,0.0,1.0,0.0,0.0,0.0,0.0,0.0,0.0
6,5,0.0,0.0,0.0,0.0,0.0,1.0,0.0,0.0,0.0,0.0,0.0,0.0
6,5,0.0,0.0,0.0,0.0,0.0,1.0,0.0,0.0,0.0,0.0,0.0,0.0
6,5,0.0,0.0,0.0,0.0,0.0,1.0,0.0,0.0,0.0,0.0,0.0,0.0
6,5,0.0,0.0,0.0,0.0,0.0,1.0,0.0,0.0,0.0,0.0,0.0,0.0
6,5,0.0,0.0,0.0,0.0,0.0,1.0,0.0,0.0,0.0,0.0,0.0,0.0
6,5,0.0,0.0,0.0,0.0,0.0,1.0,0.0,0.0,0.0,0.0,0.0,0.0
6,5,0.0,0.047930222,0.0,0.0,0.0,0.9520698,0.0,0.0,0.0,0.0,0.0,0.0
6,5,0.0,0.047930222,0.0,0.0,0.0,0.9520698,0.0,0.0,0.0,0.0,0.0,0.0
6,5,0.0,0.047930222,0.0,0.0,0.0,0.9520698,0.0,0.0,0.0,0.0,0.0,0.0
6,5,0.0,0.047930222,0.0,0.0,0.0,0.9520698,0.0,0.0,0.0,0.0,0.0,0.0
6,5,0.0,0.047930222,0.0,0.0,0.0,0.9520698,0.0,0.0,0.0,0.0,0.0,0.0
6,5,0.0,0.047930222,0.0,0.0,0.0,0.9520698,0.0,0.0,0.0,0.0,0.0,0.0
6,5,0.0,0.047930222,0.0,0.0,0.0,0.9520698,0.0,0.0,0.0,0.0,0.0,0.0
6,5,0.0,0.047930222,0.0,0.0,0.0,0.9520698,0.0,0.0,0.0,0.0,0.0,0.0
6,5,0.0,0.047930222,0.0,0.0,0.0,0.9520698,0.0,0.0,0.0,0.0,0.0,0.0
6,5,0.0,0.047930222,0.0,0.0,0.0,0.9520698,0.0,0.0,0.0,0.0,0.0,0.0
6,5,0.0,0.047930222,0.0,0.0,0.0,0.9520698,0.0,0.0,0.0,0.0,0.0,0.0
6,5,0.0,0.047930222,0.0,0.0,0.0,0.9520698,0.0,0.0,0.0,0.0,0.0,0.0
6,5,0.0,0.047930222,0.0,0.0,0.0,0.9520698,0.0,0.0,0.0,0.0,0.0,0.0
6,5,0.0,0.047930222,0.0,0.0,0.0,0.9520698,0.0,0.0,0.0,0.0,0.0,0.0
6,5,0.0,0.047930222,0.0,0.0,0.0,0.9520698,0.0,0.0,0.0,0.0,0.0,0.0
6,5,0.0,0.047930222,0.0,0.0,0.0,0.9520698,0.0,0.0,0.0,0.0,0.0,0.0
6,5,0.0,0.047930222,0.0,0.0,0.0,0.9520698,0.0,0.0,0.0,0.0,0.0,0.0
6,5,0.0,0.047930222,0.0,0.0,0.0,0.9520698,0.0,0.0,0.0,0.0,0.0,0.0
6,5,0.0,0.047930222,0.0,0.0,0.0,0.9520698,0.0,0.0,0.0,0.0,0.0,0.0
6,5,0.0,0.047930222,0.0,0.0,0.0,0.9520698,0.0,0.0,0.0,0.0,0.0,0.0
6,5,0.0,0.047930222,0.0,0.0,0.0,0.9520698,0.0,0.0,0.0,0.0,0.0,0.0
6,5,0.0,0.047930222,0.0,0.0,0.0,0.9520698,0.0,0.0,0.0,0.0,0.0,0.0
6,5,0.0,0.047930222,0.0,0.0,0.0,0.9520698,0.0,0.0,0.0,0.0,0.0,0.0
6,5,0.0,0.047930222,0.0,0.0,0.0,0.9520698,0.0,0.0,0.0,0.0,0.0,0.0
6,5,0.0,0.047930222,0.0,0.0,0.0,0.9520698,0.0,0.0,0.0,0.0,0.0,0.0
6,5,0.0,0.047930222,0.0,0.0,0.0,0.9520698,0.0,0.0,0.0,0.0,0.0,0.0
6,5,0.0,0.047930222,0.0,0.0,0.0,0.9520698,0.0,0.0,0.0,0.0,0.0,0.0
6,5,0.0,0.047930222,0.0,0.0,0.0,0.9520698,0.0,0.0,0.0,0.0,0.0,0.0
6,5,0.0,0.047930222,0.0,0.0,0.0,0.9520698,0.0,0.0,0.0,0.0,0.0,0.0
6,5,0.0,0.047930222,0.0,0.0,0.0,0.9520698,0.0,0.0,0.0,0.0,0.0,0.0
6,5,0.0,0.047930222,0.0,0.0,0.0,0.9520698,0.0,0.0,0.0,0.0,0.0,0.0
6,5,0.0,0.047930222,0.0,0.0,0.0,0.9520698,0.0,0.0,0.0,0.0,0.0,0.0
6,5,0.0,0.047930222,0.0,0.0,0.0,0.9520698,0.0,0.0,0.0,0.0,0.0,0.0
6,5,0.0,0.047930222,0.0,0.0,0.0,0.9520698,0.0,0.0,0.0,0.0,0.0,0.0
6,5,0.0,0.047930222,0.0,0.0,0.0,0.9520698,0.0,0.0,0.0,0.0,0.0,0.0
6,5,0.0,0.047930222,0.0,0.0,0.0,0.9520698,0.0,0.0,0.0,0.0,0.0,0.0
6,5,0.0,0.047930222,0.0,0.0,0.0,0.9520698,0.0,0.0,0.0,0.0,0.0,0.0
6,5,0.0,0.047930222,0.0,0.0,0.0,0.9520698,0.0,0.0,0.0,0.0,0.0,0.0
6,5,0.0,0.047930222,0.0,0.0,0.0,0.9520698,0.0,0.0,0.0,0.0,0.0,0.0
6,5,0.0,0.047930222,0.0,0.0,0.0,0.9520698,0.0,0.0,0.0,0.0,0.0,0.0
6,5,0.0,0.047930222,0.0,0.0,0.0,0.9520698,0.0,0.0,0.0,0.0,0.0,0.0
6,5,0.0,0.047930222,0.0,0.0,0.0,0.9520698,0.0,0.0,0.0,0.0,0.0,0.0
6,5,0.0,0.047930222,0.0,0.0,0.0,0.9520698,0.0,0.0,0.0,0.0,0.0,0.0
6,5,0.0,0.047930222,0.0,0.0,0.0,0.9520698,0.0,0.0,0.0,0.0,0.0,0.0
6,5,0.0,0.047930222,0.0,0.0,0.0,0.9520698,0.0,0.0,0.0,0.0,0.0,0.0
6,5,0.0,0.047930222,0.0,0.0,0.0,0.9520698,0.0,0.0,0.0,0.0,0.0,0.0
6,5,0.0,0.047930222,0.0,0.0,0.0,0.9520698,0.0,0.0,0.0,0.0,0.0,0.0
6,5,0.0,0.047930222,0.0,0.0,0.0,0.9520698,0.0,0.0,0.0,0.0,0.0,0.0
6,5,0.0,0.047930222,0.0,0.0,0.0,0.9520698,0.0,0.0,0.0,0.0,0.0,0.0
6,5,0.0,0.047930222,0.0,0.0,0.0,0.9520698,0.0,0.0,0.0,0.0,0.0,0.0
6,5,0.0,0.047930222,0.0,0.0,0.0,0.9520698,0.0,0.0,0.0,0.0,0.0,0.0
6,5,0.0,0.047930222,0.0,0.0,0.0,0.9520698,0.0,0.0,0.0,0.0,0.0,0.0
6,5,0.0,0.047930222,0.0,0.0,0.0,0.9520698,0.0,0.0,0.0,0.0,0.0,0.0
6,5,0.0,0.047930222,0.0,0.0,0.0,0.9520698,0.0,0.0,0.0,0.0,0.0,0.0
6,5,0.0,0.047930222,0.0,0.0,0.0,0.9520698,0.0,0.0,0.0,0.0,0.0,0.0
6,5,0.0,0.047930222,0.0,0.0,0.0,0.9520698,0.0,0.0,0.0,0.0,0.0,0.0
6,5,0.0,0.047930222,0.0,0.0,0.0,0.9520698,0.0,0.0,0.0,0.0,0.0,0.0
6,5,0.0,0.047930222,0.0,0.0,0.0,0.9520698,0.0,0.0,0.0,0.0,0.0,0.0
6,5,0.0,0.047930222,0.0,0.0,0.0,0.9520698,0.0,0.0,0.0,0.0,0.0,0.0
6,5,0.0,0.047930222,0.0,0.0,0.0,0.9520698,0.0,0.0,0.0,0.0,0.0,0.0
6,5,0.0,0.047930222,0.0,0.0,0.0,0.9520698,0.0,0.0,0.0,0.0,0.0,0.0
6,5,0.0,0.047930222,0.0,0.0,0.0,0.9520698,0.0,0.0,0.0,0.0,0.0,0.0
6,5,0.0,0.047930222,0.0,0.0,0.0,0.9520698,0.0,0.0,0.0,0.0,0.0,0.0
6,5,0.0,0.047930222,0.0,0.0,0.0,0.9520698,0.0,0.0,0.0,0.0,0.0,0.0
6,5,0.0,0.047930222,0.0,0.0,0.0,0.9520698,0.0,0.0,0.0,0.0,0.0,0.0
6,5,0.0,0.047930222,0.0,0.0,0.0,0.9520698,0.0,0.0,0.0,0.0,0.0,0.0
6,5,0.0,0.047930222,0.0,0.0,0.0,0.9520698,0.0,0.0,0.0,0.0,0.0,0.0
6,5,0.0,0.047930222,0.0,0.0,0.0,0.9520698,0.0,0.0,0.0,0.0,0.0,0.0
6,5,0.0,0.047930222,0.0,0.0,0.0,0.9520698,0.0,0.0,0.0,0.0,0.0,0.0
6,5,0.0,0.047930222,0.0,0.0,0.0,0.9520698,0.0,0.0,0.0,0.0,0.0,0.0
6,5,0.0,0.047930222,0.0,0.0,0.0,0.9520698,0.0,0.0,0.0,0.0,0.0,0.0
6,5,0.0,0.047930222,0.0,0.0,0.0,0.9520698,0.0,0.0,0.0,0.0,0.0,0.0
6,5,0.0,0.047930222,0.0,0.0,0.0,0.9520698,0.0,0.0,0.0,0.0,0.0,0.0
6,5,0.0,0.047930222,0.0,0.0,0.0,0.9520698,0.0,0.0,0.0,0.0,0.0,0.0
6,5,0.0,0.047930222,0.0,0.0,0.0,0.9520698,0.0,0.0,0.0,0.0,0.0,0.0
6,5,0.0,0.047930222,0.0,0.0,0.0,0.9520698,0.0,0.0,0.0,0.0,0.0,0.0
6,5,0.0,0.047930222,0.0,0.0,0.0,0.9520698,0.0,0.0,0.0,0.0,0.0,0.0
6,5,0.0,0.047930222,0.0,0.0,0.0,0.9520698,0.0,0.0,0.0,0.0,0.0,0.0
6,5,0.0,0.047930222,0.0,0.0,0.0,0.9520698,0.0,0.0,0.0,0.0,0.0,0.0
6,5,0.0,0.047930222,0.0,0.0,0.0,0.9520698,0.0,0.0,0.0,0.0,0.0,0.0
6,5,0.0,0.047930222,0.0,0.0,0.0,0.9520698,0.0,0.0,0.0,0.0,0.0,0.0
6,5,0.0,0.047930222,0.0,0.0,0.0,0.9520698,0.0,0.0,0.0,0.0,0.0,0.0
6,5,0.0,0.047930222,0.0,0.0,0.0,0.9520698,0.0,0.0,0.0,0.0,0.0,0.0
6,5,0.0,0.047930222,0.0,0.0,0.0,0.9520698,0.0,0.0,0.0,0.0,0.0,0.0
6,5,0.0,0.047930222,0.0,0.0,0.0,0.9520698,0.0,0.0,0.0,0.0,0.0,0.0
6,5,0.0,0.047930222,0.0,0.0,0.0,0.9520698,0.0,0.0,0.0,0.0,0.0,0.0
6,5,0.0,0.047930222,0.0,0.0,0.0,0.9520698,0.0,0.0,0.0,0.0,0.0,0.0
6,5,0.0,0.047930222,0.0,0.0,0.0,0.9520698,0.0,0.0,0.0,0.0,0.0,0.0
6,5,0.0,0.047930222,0.0,0.0,0.0,0.9520698,0.0,0.0,0.0,0.0,0.0,0.0
6,5,0.0,0.047930222,0.0,0.0,0.0,0.9520698,0.0,0.0,0.0,0.0,0.0,0.0
6,5,0.0,0.047930222,0.0,0.0,0.0,0.9520698,0.0,0.0,0.0,0.0,0.0,0.0
6,5,0.0,0.047930222,0.0,0.0,0.0,0.9520698,0.0,0.0,0.0,0.0,0.0,0.0
6,5,0.0,0.047930222,0.0,0.0,0.0,0.9520698,0.0,0.0,0.0,0.0,0.0,0.0
6,5,0.0,0.047930222,0.0,0.0,0.0,0.9520698,0.0,0.0,0.0,0.0,0.0,0.0
6,5,0.0,0.047930222,0.0,0.0,0.0,0.9520698,0.0,0.0,0.0,0.0,0.0,0.0
6,5,0.0,0.047930222,0.0,0.0,0.0,0.9520698,0.0,0.0,0.0,0.0,0.0,0.0
6,5,0.0,0.047930222,0.0,0.0,0.0,0.9520698,0.0,0.0,0.0,0.0,0.0,0.0
6,5,0.0,0.047930222,0.0,0.0,0.0,0.9520698,0.0,0.0,0.0,0.0,0.0,0.0
6,5,0.0,0.047930222,0.0,0.0,0.0,0.9520698,0.0,0.0,0.0,0.0,0.0,0.0
6,5,0.0,0.047930222,0.0,0.0,0.0,0.9520698,0.0,0.0,0.0,0.0,0.0,0.0
6,5,0.0,0.047930222,0.0,0.0,0.0,0.9520698,0.0,0.0,0.0,0.0,0.0,0.0
6,5,0.0,0.047930222,0.0,0.0,0.0,0.9520698,0.0,0.0,0.0,0.0,0.0,0.0
6,5,0.0,0.047930222,0.0,0.0,0.0,0.9520698,0.0,0.0,0.0,0.0,0.0,0.0
6,5,0.0,0.047930222,0.0,0.0,0.0,0.9520698,0.0,0.0,0.0,0.0,0.0,0.0
6,5,0.0,0.047930222,0.0,0.0,0.0,0.9520698,0.0,0.0,0.0,0.0,0.0,0.0
6,5,0.0,0.047930222,0.0,0.0,0.0,0.9520698,0.0,0.0,0.0,0.0,0.0,0.0
6,5,0.0,0.047930222,0.0,0.0,0.0,0.9520698,0.0,0.0,0.0,0.0,0.0,0.0
6,5,0.0,0.047930222,0.0,0.0,0.0,0.9520698,0.0,0.0,0.0,0.0,0.0,0.0
6,5,0.0,0.047930222,0.0,0.0,0.0,0.9520698,0.0,0.0,0.0,0.0,0.0,0.0
6,5,0.0,0.047930222,0.0,0.0,0.0,0.9520698,0.0,0.0,0.0,0.0,0.0,0.0
6,5,0.0,0.047930222,0.0,0.0,0.0,0.9520698,0.0,0.0,0.0,0.0,0.0,0.0
6,5,0.0,0.047930222,0.0,0.0,0.0,0.9520698,0.0,0.0,0.0,0.0,0.0,0.0
6,5,0.0,0.047930222,0.0,0.0,0.0,0.9520698,0.0,0.0,0.0,0.0,0.0,0.0
6,5,0.0,0.047930222,0.0,0.0,0.0,0.9520698,0.0,0.0,0.0,0.0,0.0,0.0
6,5,0.0,0.047930222,0.0,0.0,0.0,0.9520698,0.0,0.0,0.0,0.0,0.0,0.0
6,5,0.0,0.047930222,0.0,0.0,0.0,0.9520698,0.0,0.0,0.0,0.0,0.0,0.0
6,5,0.0,0.047930222,0.0,0.0,0.0,0.9520698,0.0,0.0,0.0,0.0,0.0,0.0
6,5,0.0,0.047930222,0.0,0.0,0.0,0.9520698,0.0,0.0,0.0,0.0,0.0,0.0
6,5,0.0,0.047930222,0.0,0.0,0.0,0.9520698,0.0,0.0,0.0,0.0,0.0,0.0
6,5,0.0,0.047930222,0.0,0.0,0.0,0.9520698,0.0,0.0,0.0,0.0,0.0,0.0
6,5,0.0,0.047930222,0.0,0.0,0.0,0.9520698,0.0,0.0,0.0,0.0,0.0,0.0
6,5,0.0,0.047930222,0.0,0.0,0.0,0.9520698,0.0,0.0,0.0,0.0,0.0,0.0
6,5,0.0,0.047930222,0.0,0.0,0.0,0.9520698,0.0,0.0,0.0,0.0,0.0,0.0
6,5,0.0,0.047930222,0.0,0.0,0.0,0.9520698,0.0,0.0,0.0,0.0,0.0,0.0
6,5,0.0,0.047930222,0.0,0.0,0.0,0.9520698,0.0,0.0,0.0,0.0,0.0,0.0
6,5,0.0,0.047930222,0.0,0.0,0.0,0.9520698,0.0,0.0,0.0,0.0,0.0,0.0
6,5,0.0,0.047930222,0.0,0.0,0.0,0.9520698,0.0,0.0,0.0,0.0,0.0,0.0
6,5,0.0,0.047930222,0.0,0.0,0.0,0.9520698,0.0,0.0,0.0,0.0,0.0,0.0
6,5,0.0,0.047930222,0.0,0.0,0.0,0.9520698,0.0,0.0,0.0,0.0,0.0,0.0
6,5,0.0,0.047930222,0.0,0.0,0.0,0.9520698,0.0,0.0,0.0,0.0,0.0,0.0
6,5,0.0,0.047930222,0.0,0.0,0.0,0.9520698,0.0,0.0,0.0,0.0,0.0,0.0
6,5,0.0,0.047930222,0.0,0.0,0.0,0.9520698,0.0,0.0,0.0,0.0,0.0,0.0
6,5,0.0,0.047930222,0.0,0.0,0.0,0.9520698,0.0,0.0,0.0,0.0,0.0,0.0
6,5,0.0,0.047930222,0.0,0.0,0.0,0.9520698,0.0,0.0,0.0,0.0,0.0,0.0
6,5,0.0,0.047930222,0.0,0.0,0.0,0.9520698,0.0,0.0,0.0,0.0,0.0,0.0
6,5,0.0,0.047930222,0.0,0.0,0.0,0.9520698,0.0,0.0,0.0,0.0,0.0,0.0
6,5,0.0,0.047930222,0.0,0.0,0.0,0.9520698,0.0,0.0,0.0,0.0,0.0,0.0
6,5,0.0,0.047930222,0.0,0.0,0.0,0.9520698,0.0,0.0,0.0,0.0,0.0,0.0
6,5,0.0,0.047930222,0.0,0.0,0.0,0.9520698,0.0,0.0,0.0,0.0,0.0,0.0
6,5,0.0,0.047930222,0.0,0.0,0.0,0.9520698,0.0,0.0,0.0,0.0,0.0,0.0
6,5,0.0,0.047930222,0.0,0.0,0.0,0.9520698,0.0,0.0,0.0,0.0,0.0,0.0
6,5,0.0,0.047930222,0.0,0.0,0.0,0.9520698,0.0,0.0,0.0,0.0,0.0,0.0
6,5,0.0,0.047930222,0.0,0.0,0.0,0.9520698,0.0,0.0,0.0,0.0,0.0,0.0
6,5,0.0,0.047930222,0.0,0.0,0.0,0.9520698,0.0,0.0,0.0,0.0,0.0,0.0
6,5,0.0,0.047930222,0.0,0.0,0.0,0.9520698,0.0,0.0,0.0,0.0,0.0,0.0
6,5,0.0,0.047930222,0.0,0.0,0.0,0.9520698,0.0,0.0,0.0,0.0,0.0,0.0
6,5,0.0,0.047930222,0.0,0.0,0.0,0.9520698,0.0,0.0,0.0,0.0,0.0,0.0
6,5,0.0,0.047930222,0.0,0.0,0.0,0.9520698,0.0,0.0,0.0,0.0,0.0,0.0
6,5,0.0,0.047930222,0.0,0.0,0.0,0.9520698,0.0,0.0,0.0,0.0,0.0,0.0
6,5,0.0,0.047930222,0.0,0.0,0.0,0.9520698,0.0,0.0,0.0,0.0,0.0,0.0
6,5,0.0,0.047930222,0.0,0.0,0.0,0.9520698,0.0,0.0,0.0,0.0,0.0,0.0
6,5,0.0,0.047930222,0.0,0.0,0.0,0.9520698,0.0,0.0,0.0,0.0,0.0,0.0
6,5,0.0,0.047930222,0.0,0.0,0.0,0.9520698,0.0,0.0,0.0,0.0,0.0,0.0
6,5,0.0,0.047930222,0.0,0.0,0.0,0.9520698,0.0,0.0,0.0,0.0,0.0,0.0
6,5,0.0,0.047930222,0.0,0.0,0.0,0.9520698,0.0,0.0,0.0,0.0,0.0,0.0
6,5,0.0,0.047930222,0.0,0.0,0.0,0.9520698,0.0,0.0,0.0,0.0,0.0,0.0
6,5,0.0,0.047930222,0.0,0.0,0.0,0.9520698,0.0,0.0,0.0,0.0,0.0,0.0
6,5,0.0,0.047930222,0.0,0.0,0.0,0.9520698,0.0,0.0,0.0,0.0,0.0,0.0
6,5,0.0,0.047930222,0.0,0.0,0.0,0.9520698,0.0,0.0,0.0,0.0,0.0,0.0
6,5,0.0,0.047930222,0.0,0.0,0.0,0.9520698,0.0,0.0,0.0,0.0,0.0,0.0
6,5,0.0,0.047930222,0.0,0.0,0.0,0.9520698,0.0,0.0,0.0,0.0,0.0,0.0
6,5,0.0,0.047930222,0.0,0.0,0.0,0.9520698,0.0,0.0,0.0,0.0,0.0,0.0
6,5,0.0,0.047930222,0.0,0.0,0.0,0.9520698,0.0,0.0,0.0,0.0,0.0,0.0
6,5,0.0,0.047930222,0.0,0.0,0.0,0.9520698,0.0,0.0,0.0,0.0,0.0,0.0
6,5,0.0,0.047930222,0.0,0.0,0.0,0.9520698,0.0,0.0,0.0,0.0,0.0,0.0
6,5,0.0,0.047930222,0.0,0.0,0.0,0.9520698,0.0,0.0,0.0,0.0,0.0,0.0
6,5,0.0,0.047930222,0.0,0.0,0.0,0.9520698,0.0,0.0,0.0,0.0,0.0,0.0
6,5,0.0,0.047930222,0.0,0.0,0.0,0.9520698,0.0,0.0,0.0,0.0,0.0,0.0
6,5,0.0,0.047930222,0.0,0.0,0.0,0.9520698,0.0,0.0,0.0,0.0,0.0,0.0
6,5,0.0,0.047930222,0.0,0.0,0.0,0.9520698,0.0,0.0,0.0,0.0,0.0,0.0
6,5,0.0,0.047930222,0.0,0.0,0.0,0.9520698,0.0,0.0,0.0,0.0,0.0,0.0
6,5,0.0,0.047930222,0.0,0.0,0.0,0.9520698,0.0,0.0,0.0,0.0,0.0,0.0
6,5,0.0,0.047930222,0.0,0.0,0.0,0.9520698,0.0,0.0,0.0,0.0,0.0,0.0
6,5,0.0,0.047930222,0.0,0.0,0.0,0.9520698,0.0,0.0,0.0,0.0,0.0,0.0
6,5,0.0,0.047930222,0.0,0.0,0.0,0.9520698,0.0,0.0,0.0,0.0,0.0,0.0
6,5,0.0,0.047930222,0.0,0.0,0.0,0.9520698,0.0,0.0,0.0,0.0,0.0,0.0
6,5,0.0,0.047930222,0.0,0.0,0.0,0.9520698,0.0,0.0,0.0,0.0,0.0,0.0
6,5,0.0,0.047930222,0.0,0.0,0.0,0.9520698,0.0,0.0,0.0,0.0,0.0,0.0
6,5,0.0,0.047930222,0.0,0.0,0.0,0.9520698,0.0,0.0,0.0,0.0,0.0,0.0
6,5,0.0,0.047930222,0.0,0.0,0.0,0.9520698,0.0,0.0,0.0,0.0,0.0,0.0
6,5,0.0,0.047930222,0.0,0.0,0.0,0.9520698,0.0,0.0,0.0,0.0,0.0,0.0
6,5,0.0,0.047930222,0.0,0.0,0.0,0.9520698,0.0,0.0,0.0,0.0,0.0,0.0
6,5,0.0,0.047930222,0.0,0.0,0.0,0.9520698,0.0,0.0,0.0,0.0,0.0,0.0
6,5,0.0,0.047930222,0.0,0.0,0.0,0.9520698,0.0,0.0,0.0,0.0,0.0,0.0
6,5,0.0,0.047930222,0.0,0.0,0.0,0.9520698,0.0,0.0,0.0,0.0,0.0,0.0
6,5,0.0,0.047930222,0.0,0.0,0.0,0.9520698,0.0,0.0,0.0,0.0,0.0,0.0
6,5,0.0,0.047930222,0.0,0.0,0.0,0.9520698,0.0,0.0,0.0,0.0,0.0,0.0
6,5,0.0,0.047930222,0.0,0.0,0.0,0.9520698,0.0,0.0,0.0,0.0,0.0,0.0
6,5,0.0,0.047930222,0.0,0.0,0.0,0.9520698,0.0,0.0,0.0,0.0,0.0,0.0
6,5,0.0,0.047930222,0.0,0.0,0.0,0.9520698,0.0,0.0,0.0,0.0,0.0,0.0
6,5,0.0,0.047930222,0.0,0.0,0.0,0.9520698,0.0,0.0,0.0,0.0,0.0,0.0
6,5,0.0,0.047930222,0.0,0.0,0.0,0.9520698,0.0,0.0,0.0,0.0,0.0,0.0
6,5,0.0,0.047930222,0.0,0.0,0.0,0.9520698,0.0,0.0,0.0,0.0,0.0,0.0
6,5,0.0,0.047930222,0.0,0.0,0.0,0.9520698,0.0,0.0,0.0,0.0,0.0,0.0
6,5,0.0,0.047930222,0.0,0.0,0.0,0.9520698,0.0,0.0,0.0,0.0,0.0,0.0
6,5,0.0,0.047930222,0.0,0.0,0.0,0.9520698,0.0,0.0,0.0,0.0,0.0,0.0
6,5,0.0,0.047930222,0.0,0.0,0.0,0.9520698,0.0,0.0,0.0,0.0,0.0,0.0
6,5,0.0,0.047930222,0.0,0.0,0.0,0.9520698,0.0,0.0,0.0,0.0,0.0,0.0
6,5,0.0,0.047930222,0.0,0.0,0.0,0.9520698,0.0,0.0,0.0,0.0,0.0,0.0
6,5,0.0,0.047930222,0.0,0.0,0.0,0.9520698,0.0,0.0,0.0,0.0,0.0,0.0
6,5,0.0,0.047930222,0.0,0.0,0.0,0.9520698,0.0,0.0,0.0,0.0,0.0,0.0
6,5,0.0,0.047930222,0.0,0.0,0.0,0.9520698,0.0,0.0,0.0,0.0,0.0,0.0
6,5,0.0,0.047930222,0.0,0.0,0.0,0.9520698,0.0,0.0,0.0,0.0,0.0,0.0
6,5,0.0,0.047930222,0.0,0.0,0.0,0.9520698,0.0,0.0,0.0,0.0,0.0,0.0
6,5,0.0,0.047930222,0.0,0.0,0.0,0.9520698,0.0,0.0,0.0,0.0,0.0,0.0
6,5,0.0,0.047930222,0.0,0.0,0.0,0.9520698,0.0,0.0,0.0,0.0,0.0,0.0
6,5,0.0,0.047930222,0.0,0.0,0.0,0.9520698,0.0,0.0,0.0,0.0,0.0,0.0
6,5,0.0,0.047930222,0.0,0.0,0.0,0.9520698,0.0,0.0,0.0,0.0,0.0,0.0
6,5,0.0,0.047930222,0.0,0.0,0.0,0.9520698,0.0,0.0,0.0,0.0,0.0,0.0
6,5,0.0,0.047930222,0.0,0.0,0.0,0.9520698,0.0,0.0,0.0,0.0,0.0,0.0
6,5,0.0,0.047930222,0.0,0.0,0.0,0.9520698,0.0,0.0,0.0,0.0,0.0,0.0
6,5,0.0,0.047930222,0.0,0.0,0.0,0.9520698,0.0,0.0,0.0,0.0,0.0,0.0
6,5,0.0,0.047930222,0.0,0.0,0.0,0.9520698,0.0,0.0,0.0,0.0,0.0,0.0
6,5,0.0,0.047930222,0.0,0.0,0.0,0.9520698,0.0,0.0,0.0,0.0,0.0,0.0
6,5,0.0,0.047930222,0.0,0.0,0.0,0.9520698,0.0,0.0,0.0,0.0,0.0,0.0
6,5,0.0,0.047930222,0.0,0.0,0.0,0.9520698,0.0,0.0,0.0,0.0,0.0,0.0
6,5,0.0,0.047930222,0.0,0.0,0.0,0.9520698,0.0,0.0,0.0,0.0,0.0,0.0
6,5,0.0,0.047930222,0.0,0.0,0.0,0.9520698,0.0,0.0,0.0,0.0,0.0,0.0
6,5,0.0,0.047930222,0.0,0.0,0.0,0.9520698,0.0,0.0,0.0,0.0,0.0,0.0
6,5,0.0,0.047930222,0.0,0.0,0.0,0.9520698,0.0,0.0,0.0,0.0,0.0,0.0
6,5,0.0,0.047930222,0.0,0.0,0.0,0.9520698,0.0,0.0,0.0,0.0,0.0,0.0
6,5,0.0,0.047930222,0.0,0.0,0.0,0.9520698,0.0,0.0,0.0,0.0,0.0,0.0
6,5,0.0,0.047930222,0.0,0.0,0.0,0.9520698,0.0,0.0,0.0,0.0,0.0,0.0
6,5,0.0,0.047930222,0.0,0.0,0.0,0.9520698,0.0,0.0,0.0,0.0,0.0,0.0
6,5,0.0,0.047930222,0.0,0.0,0.0,0.9520698,0.0,0.0,0.0,0.0,0.0,0.0
6,5,0.0,0.047930222,0.0,0.0,0.0,0.9520698,0.0,0.0,0.0,0.0,0.0,0.0
6,5,0.0,0.047930222,0.0,0.0,0.0,0.9520698,0.0,0.0,0.0,0.0,0.0,0.0
6,5,0.0,0.047930222,0.0,0.0,0.0,0.9520698,0.0,0.0,0.0,0.0,0.0,0.0
6,5,0.0,0.047930222,0.0,0.0,0.0,0.9520698,0.0,0.0,0.0,0.0,0.0,0.0
6,5,0.0,0.047930222,0.0,0.0,0.0,0.9520698,0.0,0.0,0.0,0.0,0.0,0.0
6,5,0.0,0.047930222,0.0,0.0,0.0,0.9520698,0.0,0.0,0.0,0.0,0.0,0.0
6,5,0.0,0.047930222,0.0,0.0,0.0,0.9520698,0.0,0.0,0.0,0.0,0.0,0.0
6,5,0.0,0.047930222,0.0,0.0,0.0,0.9520698,0.0,0.0,0.0,0.0,0.0,0.0
6,5,0.0,0.047930222,0.0,0.0,0.0,0.9520698,0.0,0.0,0.0,0.0,0.0,0.0
6,5,0.0,0.047930222,0.0,0.0,0.0,0.9520698,0.0,0.0,0.0,0.0,0.0,0.0
6,5,0.0,0.047930222,0.0,0.0,0.0,0.9520698,0.0,0.0,0.0,0.0,0.0,0.0
6,5,0.0,0.047930222,0.0,0.0,0.0,0.9520698,0.0,0.0,0.0,0.0,0.0,0.0
6,5,0.0,0.047930222,0.0,0.0,0.0,0.9520698,0.0,0.0,0.0,0.0,0.0,0.0
6,5,0.0,0.047930222,0.0,0.0,0.0,0.9520698,0.0,0.0,0.0,0.0,0.0,0.0
6,5,0.0,0.047930222,0.0,0.0,0.0,0.9520698,0.0,0.0,0.0,0.0,0.0,0.0
6,5,0.0,0.047930222,0.0,0.0,0.0,0.9520698,0.0,0.0,0.0,0.0,0.0,0.0
6,5,0.0,0.047930222,0.0,0.0,0.0,0.9520698,0.0,0.0,0.0,0.0,0.0,0.0
6,5,0.0,0.047930222,0.0,0.0,0.0,0.9520698,0.0,0.0,0.0,0.0,0.0,0.0
6,5,0.0,0.047930222,0.0,0.0,0.0,0.9520698,0.0,0.0,0.0,0.0,0.0,0.0
6,5,0.0,0.047930222,0.0,0.0,0.0,0.9520698,0.0,0.0,0.0,0.0,0.0,0.0
6,5,0.0,0.047930222,0.0,0.0,0.0,0.9520698,0.0,0.0,0.0,0.0,0.0,0.0
6,5,0.0,0.047930222,0.0,0.0,0.0,0.9520698,0.0,0.0,0.0,0.0,0.0,0.0
6,5,0.0,0.047930222,0.0,0.0,0.0,0.9520698,0.0,0.0,0.0,0.0,0.0,0.0
6,5,0.0,0.047930222,0.0,0.0,0.0,0.9520698,0.0,0.0,0.0,0.0,0.0,0.0
6,5,0.0,0.047930222,0.0,0.0,0.0,0.9520698,0.0,0.0,0.0,0.0,0.0,0.0
6,5,0.0,0.047930222,0.0,0.0,0.0,0.9520698,0.0,0.0,0.0,0.0,0.0,0.0
6,5,0.0,0.047930222,0.0,0.0,0.0,0.9520698,0.0,0.0,0.0,0.0,0.0,0.0
6,5,0.0,0.047930222,0.0,0.0,0.0,0.9520698,0.0,0.0,0.0,0.0,0.0,0.0
6,5,0.0,0.047930222,0.0,0.0,0.0,0.9520698,0.0,0.0,0.0,0.0,0.0,0.0
6,5,0.0,0.047930222,0.0,0.0,0.0,0.9520698,0.0,0.0,0.0,0.0,0.0,0.0
6,5,0.0,0.047930222,0.0,0.0,0.0,0.9520698,0.0,0.0,0.0,0.0,0.0,0.0
6,5,0.0,0.047930222,0.0,0.0,0.0,0.9520698,0.0,0.0,0.0,0.0,0.0,0.0
6,5,0.0,0.047930222,0.0,0.0,0.0,0.9520698,0.0,0.0,0.0,0.0,0.0,0.0
6,5,0.0,0.047930222,0.0,0.0,0.0,0.9520698,0.0,0.0,0.0,0.0,0.0,0.0
6,5,0.0,0.047930222,0.0,0.0,0.0,0.9520698,0.0,0.0,0.0,0.0,0.0,0.0
6,5,0.0,0.047930222,0.0,0.0,0.0,0.9520698,0.0,0.0,0.0,0.0,0.0,0.0
6,5,0.0,0.047930222,0.0,0.0,0.0,0.9520698,0.0,0.0,0.0,0.0,0.0,0.0
6,5,0.0,0.047930222,0.0,0.0,0.0,0.9520698,0.0,0.0,0.0,0.0,0.0,0.0
6,5,0.0,0.047930222,0.0,0.0,0.0,0.9520698,0.0,0.0,0.0,0.0,0.0,0.0
6,5,0.0,0.047930222,0.0,0.0,0.0,0.9520698,0.0,0.0,0.0,0.0,0.0,0.0
6,5,0.0,0.047930222,0.0,0.0,0.0,0.9520698,0.0,0.0,0.0,0.0,0.0,0.0
6,5,0.0,0.047930222,0.0,0.0,0.0,0.9520698,0.0,0.0,0.0,0.0,0.0,0.0
6,5,0.0,0.047930222,0.0,0.0,0.0,0.9520698,0.0,0.0,0.0,0.0,0.0,0.0
6,5,0.0,0.047930222,0.0,0.0,0.0,0.9520698,0.0,0.0,0.0,0.0,0.0,0.0
6,5,0.0,0.047930222,0.0,0.0,0.0,0.9520698,0.0,0.0,0.0,0.0,0.0,0.0
6,5,0.0,0.047930222,0.0,0.0,0.0,0.9520698,0.0,0.0,0.0,0.0,0.0,0.0
6,5,0.0,0.047930222,0.0,0.0,0.0,0.9520698,0.0,0.0,0.0,0.0,0.0,0.0
6,5,0.0,0.047930222,0.0,0.0,0.0,0.9520698,0.0,0.0,0.0,0.0,0.0,0.0
6,5,0.0,0.047930222,0.0,0.0,0.0,0.9520698,0.0,0.0,0.0,0.0,0.0,0.0
6,5,0.0,0.047930222,0.0,0.0,0.0,0.9520698,0.0,0.0,0.0,0.0,0.0,0.0
6,5,0.0,0.047930222,0.0,0.0,0.0,0.9520698,0.0,0.0,0.0,0.0,0.0,0.0
6,5,0.0,0.047930222,0.0,0.0,0.0,0.9520698,0.0,0.0,0.0,0.0,0.0,0.0
6,5,0.0,0.047930222,0.0,0.0,0.0,0.9520698,0.0,0.0,0.0,0.0,0.0,0.0
6,5,0.0,0.047930222,0.0,0.0,0.0,0.9520698,0.0,0.0,0.0,0.0,0.0,0.0
6,5,0.0,0.047930222,0.0,0.0,0.0,0.9520698,0.0,0.0,0.0,0.0,0.0,0.0
6,5,0.0,0.047930222,0.0,0.0,0.0,0.9520698,0.0,0.0,0.0,0.0,0.0,0.0
6,5,0.0,0.047930222,0.0,0.0,0.0,0.9520698,0.0,0.0,0.0,0.0,0.0,0.0
6,5,0.0,0.047930222,0.0,0.0,0.0,0.9520698,0.0,0.0,0.0,0.0,0.0,0.0
6,5,0.0,0.047930222,0.0,0.0,0.0,0.9520698,0.0,0.0,0.0,0.0,0.0,0.0
6,5,0.0,0.047930222,0.0,0.0,0.0,0.9520698,0.0,0.0,0.0,0.0,0.0,0.0
6,5,0.0,0.047930222,0.0,0.0,0.0,0.9520698,0.0,0.0,0.0,0.0,0.0,0.0
6,5,0.0,0.047930222,0.0,0.0,0.0,0.9520698,0.0,0.0,0.0,0.0,0.0,0.0
6,5,0.0,0.047930222,0.0,0.0,0.0,0.9520698,0.0,0.0,0.0,0.0,0.0,0.0
6,5,0.0,0.047930222,0.0,0.0,0.0,0.9520698,0.0,0.0,0.0,0.0,0.0,0.0
6,5,0.0,0.047930222,0.0,0.0,0.0,0.9520698,0.0,0.0,0.0,0.0,0.0,0.0
6,5,0.0,0.047930222,0.0,0.0,0.0,0.9520698,0.0,0.0,0.0,0.0,0.0,0.0
6,5,0.0,0.047930222,0.0,0.0,0.0,0.9520698,0.0,0.0,0.0,0.0,0.0,0.0
6,5,0.0,0.047930222,0.0,0.0,0.0,0.9520698,0.0,0.0,0.0,0.0,0.0,0.0
6,5,0.0,0.047930222,0.0,0.0,0.0,0.9520698,0.0,0.0,0.0,0.0,0.0,0.0
6,5,0.0,0.047930222,0.0,0.0,0.0,0.9520698,0.0,0.0,0.0,0.0,0.0,0.0
6,5,0.0,0.047930222,0.0,0.0,0.0,0.9520698,0.0,0.0,0.0,0.0,0.0,0.0
6,5,0.0,0.047930222,0.0,0.0,0.0,0.9520698,0.0,0.0,0.0,0.0,0.0,0.0
6,5,0.0,0.047930222,0.0,0.0,0.0,0.9520698,0.0,0.0,0.0,0.0,0.0,0.0
6,5,0.0,0.047930222,0.0,0.0,0.0,0.9520698,0.0,0.0,0.0,0.0,0.0,0.0
6,5,0.0,0.047930222,0.0,0.0,0.0,0.9520698,0.0,0.0,0.0,0.0,0.0,0.0
6,5,0.0,0.047930222,0.0,0.0,0.0,0.9520698,0.0,0.0,0.0,0.0,0.0,0.0
6,5,0.0,0.047930222,0.0,0.0,0.0,0.9520698,0.0,0.0,0.0,0.0,0.0,0.0
6,5,0.0,0.047930222,0.0,0.0,0.0,0.9520698,0.0,0.0,0.0,0.0,0.0,0.0
6,5,0.0,0.047930222,0.0,0.0,0.0,0.9520698,0.0,0.0,0.0,0.0,0.0,0.0
6,5,0.0,0.047930222,0.0,0.0,0.0,0.9520698,0.0,0.0,0.0,0.0,0.0,0.0
6,5,0.0,0.047930222,0.0,0.0,0.0,0.9520698,0.0,0.0,0.0,0.0,0.0,0.0
6,5,0.0,0.047930222,0.0,0.0,0.0,0.9520698,0.0,0.0,0.0,0.0,0.0,0.0
6,5,0.0,0.047930222,0.0,0.0,0.0,0.9520698,0.0,0.0,0.0,0.0,0.0,0.0
6,5,0.0,0.047930222,0.0,0.0,0.0,0.9520698,0.0,0.0,0.0,0.0,0.0,0.0
6,5,0.0,0.047930222,0.0,0.0,0.0,0.9520698,0.0,0.0,0.0,0.0,0.0,0.0
6,5,0.0,0.047930222,0.0,0.0,0.0,0.9520698,0.0,0.0,0.0,0.0,0.0,0.0
6,5,0.0,0.047930222,0.0,0.0,0.0,0.9520698,0.0,0.0,0.0,0.0,0.0,0.0
6,5,0.0,0.047930222,0.0,0.0,0.0,0.9520698,0.0,0.0,0.0,0.0,0.0,0.0
6,5,0.0,0.047930222,0.0,0.0,0.0,0.9520698,0.0,0.0,0.0,0.0,0.0,0.0
6,5,0.0,0.047930222,0.0,0.0,0.0,0.9520698,0.0,0.0,0.0,0.0,0.0,0.0
6,5,0.0,0.047930222,0.0,0.0,0.0,0.9520698,0.0,0.0,0.0,0.0,0.0,0.0
6,5,0.0,0.047930222,0.0,0.0,0.0,0.88905376,0.06301601,0.0,0.0,0.0,0.0,0.0
6,5,0.0,0.047930222,0.0,0.0,0.0,0.88905376,0.06301601,0.0,0.0,0.0,0.0,0.0
6,5,0.0,0.047930222,0.0,0.0,0.0,0.88905376,0.06301601,0.0,0.0,0.0,0.0,0.0
6,5,0.0,0.047930222,0.0,0.0,0.0,0.88905376,0.06301601,0.0,0.0,0.0,0.0,0.0
6,5,0.0,0.047930222,0.0,0.0,0.0,0.88905376,0.06301601,0.0,0.0,0.0,0.0,0.0
6,5,0.0,0.047930222,0.0,0.0,0.0,0.88905376,0.06301601,0.0,0.0,0.0,0.0,0.0
6,5,0.0,0.047930222,0.0,0.0,0.0,0.88905376,0.06301601,0.0,0.0,0.0,0.0,0.0
6,5,0.0,0.047930222,0.0,0.0,0.0,0.88905376,0.06301601,0.0,0.0,0.0,0.0,0.0
6,5,0.0,0.047930222,0.0,0.0,0.0,0.78446573,0.16760404,0.0,0.0,0.0,0.0,0.0
6,5,0.0,0.047930222,0.0,0.0,0.0,0.78446573,0.16760404,0.0,0.0,0.0,0.0,0.0
6,5,0.0,0.047930222,0.0,0.0,0.0,0.78446573,0.16760404,0.0,0.0,0.0,0.0,0.0
6,5,0.0,0.047930222,0.0,0.0,0.0,0.78446573,0.16760404,0.0,0.0,0.0,0.0,0.0
6,5,0.0,0.047930222,0.0,0.0,0.0,0.78446573,0.16760404,0.0,0.0,0.0,0.0,0.0
6,5,0.0,0.047930222,0.0,0.0,0.0,0.78446573,0.16760404,0.0,0.0,0.0,0.0,0.0
6,5,0.0,0.047930222,0.0,0.0,0.0,0.78446573,0.16760404,0.0,0.0,0.0,0.0,0.0
6,5,0.0,0.047930222,0.0,0.0,0.0,0.78446573,0.16760404,0.0,0.0,0.0,0.0,0.0
6,5,0.0,0.047930222,0.0,0.0,0.0,0.78446573,0.16760404,0.0,0.0,0.0,0.0,0.0
6,5,0.0,0.047930222,0.0,0.0,0.0,0.78446573,0.16760404,0.0,0.0,0.0,0.0,0.0
6,5,0.0,0.047930222,0.0,0.0,0.0,0.78446573,0.16760404,0.0,0.0,0.0,0.0,0.0
6,5,0.0,0.047930222,0.0,0.0,0.0,0.78446573,0.16760404,0.0,0.0,0.0,0.0,0.0
6,5,0.0,0.047930222,0.0,0.0,0.0,0.78446573,0.16760404,0.0,0.0,0.0,0.0,0.0
6,5,0.0,0.047930222,0.0,0.0,0.0,0.78446573,0.16760404,0.0,0.0,0.0,0.0,0.0
6,5,0.0,0.047930222,0.0,0.0,0.0,0.78446573,0.16760404,0.0,0.0,0.0,0.0,0.0
6,5,0.0,0.047930222,0.0,0.0,0.0,0.78446573,0.16760404,0.0,0.0,0.0,0.0,0.0
6,5,0.0,0.047930222,0.0,0.0,0.0,0.78446573,0.16760404,0.0,0.0,0.0,0.0,0.0
6,5,0.0,0.047930222,0.0,0.0,0.0,0.78446573,0.16760404,0.0,0.0,0.0,0.0,0.0
6,5,0.0,0.047930222,0.0,0.0,0.0,0.78446573,0.16760404,0.0,0.0,0.0,0.0,0.0
6,5,0.0,0.047930222,0.0,0.0,0.0,0.78446573,0.16760404,0.0,0.0,0.0,0.0,0.0
6,5,0.0,0.047930222,0.0,0.0,0.0,0.78446573,0.16760404,0.0,0.0,0.0,0.0,0.0
6,5,0.0,0.047930222,0.0,0.0,0.0,0.78446573,0.16760404,0.0,0.0,0.0,0.0,0.0
6,5,0.0,0.047930222,0.0,0.0,0.0,0.78446573,0.16760404,0.0,0.0,0.0,0.0,0.0
6,5,0.0,0.047930222,0.0,0.0,0.0,0.78446573,0.16760404,0.0,0.0,0.0,0.0,0.0
6,5,0.0,0.047930222,0.0,0.0,0.0,0.78446573,0.16760404,0.0,0.0,0.0,0.0,0.0
6,5,0.0,0.047930222,0.0,0.0,0.0,0.78446573,0.16760404,0.0,0.0,0.0,0.0,0.0
6,5,0.0,0.047930222,0.0,0.0,0.0,0.78446573,0.16760404,0.0,0.0,0.0,0.0,0.0
6,5,0.0,0.047930222,0.0,0.0,0.0,0.78446573,0.16760404,0.0,0.0,0.0,0.0,0.0
6,5,0.0,0.047930222,0.0,0.0,0.0,0.78446573,0.16760404,0.0,0.0,0.0,0.0,0.0
6,5,0.0,0.047930222,0.0,0.0,0.0,0.78446573,0.16760404,0.0,0.0,0.0,0.0,0.0
6,5,0.0,0.047930222,0.0,0.0,0.0,0.78446573,0.16760404,0.0,0.0,0.0,0.0,0.0
6,5,0.0,0.047930222,0.0,0.0,0.0,0.78446573,0.16760404,0.0,0.0,0.0,0.0,0.0
6,5,0.0,0.047930222,0.0,0.0,0.0,0.78446573,0.16760404,0.0,0.0,0.0,0.0,0.0
6,5,0.0,0.047930222,0.0,0.0,0.0,0.78446573,0.16760404,0.0,0.0,0.0,0.0,0.0
6,5,0.0,0.047930222,0.0,0.0,0.0,0.78446573,0.16760404,0.0,0.0,0.0,0.0,0.0
6,5,0.0,0.047930222,0.0,0.0,0.0,0.78446573,0.16760404,0.0,0.0,0.0,0.0,0.0
6,5,0.0,0.047930222,0.0,0.0,0.0,0.78446573,0.16760404,0.0,0.0,0.0,0.0,0.0
6,5,0.0,0.047930222,0.0,0.0,0.0,0.78446573,0.16760404,0.0,0.0,0.0,0.0,0.0
6,5,0.0,0.047930222,0.0,0.0,0.0,0.70403546,0.24803436,0.0,0.0,0.0,0.0,0.0
6,5,0.0,0.047930222,0.0,0.0,0.0,0.70403546,0.24803436,0.0,0.0,0.0,0.0,0.0
6,5,0.0,0.0,0.0,0.0,0.0,0.6640566,0.3359434,0.0,0.0,0.0,0.0,0.0
6,5,0.0,0.0,0.0,0.0,0.0,0.6640566,0.3359434,0.0,0.0,0.0,0.0,0.0
6,5,0.0,0.0,0.0,0.0,0.0,0.6640566,0.3359434,0.0,0.0,0.0,0.0,0.0
6,5,0.0,0.0,0.0,0.0,0.0,0.6640566,0.3359434,0.0,0.0,0.0,0.0,0.0
6,5,0.0,0.0,0.0,0.0,0.0,0.6640566,0.3359434,0.0,0.0,0.0,0.0,0.0
6,5,0.0,0.0,0.0,0.0,0.0,0.6640566,0.3359434,0.0,0.0,0.0,0.0,0.0
6,5,0.0,0.0,0.0,0.0,0.0,0.6640566,0.3359434,0.0,0.0,0.0,0.0,0.0
6,5,0.0,0.0,0.0,0.0,0.0,0.6640566,0.3359434,0.0,0.0,0.0,0.0,0.0
6,5,0.0,0.0,0.0,0.0,0.0,0.6640566,0.3359434,0.0,0.0,0.0,0.0,0.0
6,5,0.0,0.0,0.0,0.0,0.0,0.6640566,0.3359434,0.0,0.0,0.0,0.0,0.0
6,5,0.0,0.0,0.0,0.0,0.0,0.6640566,0.3359434,0.0,0.0,0.0,0.0,0.0
6,5,0.0,0.0,0.0,0.0,0.0,0.6640566,0.3359434,0.0,0.0,0.0,0.0,0.0
6,5,0.0,0.0,0.0,0.0,0.0,0.6640566,0.3359434,0.0,0.0,0.0,0.0,0.0
6,5,0.0,0.0,0.0,0.0,0.0,0.6640566,0.3359434,0.0,0.0,0.0,0.0,0.0
6,5,0.0,0.0,0.0,0.0,0.0,0.6640566,0.3359434,0.0,0.0,0.0,0.0,0.0
6,5,0.0,0.0,0.0,0.0,0.0,0.522505,0.477495,0.0,0.0,0.0,0.0,0.0
6,5,0.0,0.0,0.0,0.0,0.0,0.522505,0.477495,0.0,0.0,0.0,0.0,0.0
6,5,0.0,0.0,0.0,0.0,0.0,0.522505,0.477495,0.0,0.0,0.0,0.0,0.0
6,5,0.0,0.0,0.0,0.0,0.0,0.522505,0.477495,0.0,0.0,0.0,0.0,0.0
6,5,0.0,0.0,0.0,0.0,0.0,0.522505,0.477495,0.0,0.0,0.0,0.0,0.0
6,5,0.0,0.0,0.0,0.0,0.0,0.522505,0.477495,0.0,0.0,0.0,0.0,0.0
6,5,0.0,0.0,0.0,0.0,0.0,0.522505,0.477495,0.0,0.0,0.0,0.0,0.0
6,5,0.0,0.0,0.0,0.0,0.0,0.522505,0.477495,0.0,0.0,0.0,0.0,0.0
6,5,0.0,0.0,0.0,0.0,0.0,0.522505,0.477495,0.0,0.0,0.0,0.0,0.0
6,5,0.0,0.0,0.0,0.0,0.0,0.522505,0.477495,0.0,0.0,0.0,0.0,0.0
6,5,0.0,0.0,0.0,0.0,0.0,0.522505,0.477495,0.0,0.0,0.0,0.0,0.0
6,5,0.0,0.0,0.0,0.0,0.0,0.522505,0.477495,0.0,0.0,0.0,0.0,0.0
6,5,0.0,0.0,0.0,0.0,0.0,0.522505,0.477495,0.0,0.0,0.0,0.0,0.0
6,5,0.0,0.0,0.0,0.0,0.0,0.522505,0.477495,0.0,0.0,0.0,0.0,0.0
6,5,0.0,0.0,0.0,0.0,0.0,0.522505,0.477495,0.0,0.0,0.0,0.0,0.0
6,5,0.0,0.0,0.0,0.0,0.0,0.522505,0.477495,0.0,0.0,0.0,0.0,0.0
6,5,0.0,0.0,0.0,0.0,0.0,0.522505,0.477495,0.0,0.0,0.0,0.0,0.0
6,5,0.0,0.0,0.0,0.0,0.0,0.522505,0.477495,0.0,0.0,0.0,0.0,0.0
6,5,0.0,0.0,0.0,0.0,0.0,0.522505,0.477495,0.0,0.0,0.0,0.0,0.0
6,5,0.0,0.0,0.0,0.0,0.0,0.522505,0.477495,0.0,0.0,0.0,0.0,0.0
6,5,0.0,0.0,0.0,0.0,0.0,0.522505,0.477495,0.0,0.0,0.0,0.0,0.0
6,5,0.0,0.0,0.0,0.0,0.0,0.522505,0.477495,0.0,0.0,0.0,0.0,0.0
6,5,0.0,0.0,0.0,0.0,0.0,0.522505,0.477495,0.0,0.0,0.0,0.0,0.0
6,5,0.0,0.0,0.0,0.0,0.0,0.522505,0.477495,0.0,0.0,0.0,0.0,0.0
6,5,0.0,0.0,0.0,0.0,0.0,0.522505,0.477495,0.0,0.0,0.0,0.0,0.0
6,5,0.0,0.0,0.0,0.0,0.0,0.522505,0.477495,0.0,0.0,0.0,0.0,0.0
6,5,0.0,0.0,0.0,0.0,0.0,0.522505,0.477495,0.0,0.0,0.0,0.0,0.0
6,5,0.0,0.0,0.0,0.0,0.0,0.522505,0.477495,0.0,0.0,0.0,0.0,0.0
6,5,0.0,0.0,0.0,0.0,0.0,0.522505,0.477495,0.0,0.0,0.0,0.0,0.0
6,5,0.0,0.0,0.0,0.0,0.0,0.522505,0.477495,0.0,0.0,0.0,0.0,0.0
6,5,0.0,0.0,0.0,0.0,0.0,0.522505,0.477495,0.0,0.0,0.0,0.0,0.0
6,5,0.0,0.0,0.0,0.0,0.0,0.522505,0.477495,0.0,0.0,0.0,0.0,0.0
6,5,0.0,0.0,0.0,0.0,0.0,0.522505,0.477495,0.0,0.0,0.0,0.0,0.0
6,6,0.0,0.0,0.0,0.0,0.0,0.38492003,0.61508,0.0,0.0,0.0,0.0,0.0
6,6,0.0,0.0,0.0,0.0,0.0,0.38492003,0.61508,0.0,0.0,0.0,0.0,0.0
6,6,0.0,0.0,0.0,0.0,0.0,0.38492003,0.61508,0.0,0.0,0.0,0.0,0.0
6,6,0.0,0.0,0.0,0.0,0.0,0.38492003,0.61508,0.0,0.0,0.0,0.0,0.0
6,6,0.0,0.0,0.0,0.0,0.0,0.38492003,0.61508,0.0,0.0,0.0,0.0,0.0
6,6,0.0,0.0,0.0,0.0,0.0,0.38492003,0.61508,0.0,0.0,0.0,0.0,0.0
6,6,0.0,0.0,0.0,0.0,0.0,0.35328206,0.64671797,0.0,0.0,0.0,0.0,0.0
6,6,0.0,0.0,0.0,0.0,0.0,0.35328206,0.64671797,0.0,0.0,0.0,0.0,0.0
6,6,0.0,0.0,0.0,0.0,0.0,0.35328206,0.64671797,0.0,0.0,0.0,0.0,0.0
6,6,0.0,0.0,0.0,0.0,0.0,0.35328206,0.64671797,0.0,0.0,0.0,0.0,0.0
6,6,0.0,0.0,0.0,0.0,0.0,0.35328206,0.64671797,0.0,0.0,0.0,0.0,0.0
6,6,0.0,0.0,0.0,0.0,0.0,0.35328206,0.64671797,0.0,0.0,0.0,0.0,0.0
6,6,0.0,0.0,0.0,0.0,0.0,0.30104896,0.698951,0.0,0.0,0.0,0.0,0.0
6,6,0.0,0.0,0.0,0.0,0.0,0.30104896,0.698951,0.0,0.0,0.0,0.0,0.0
6,6,0.0,0.0,0.0,0.0,0.0,0.30104896,0.698951,0.0,0.0,0.0,0.0,0.0
6,6,0.0,0.0,0.0,0.0,0.0,0.30104896,0.698951,0.0,0.0,0.0,0.0,0.0
6,6,0.0,0.0,0.0,0.0,0.0,0.30104896,0.698951,0.0,0.0,0.0,0.0,0.0
6,6,0.0,0.0,0.0,0.0,0.0,0.30104896,0.698951,0.0,0.0,0.0,0.0,0.0
6,6,0.0,0.0,0.0,0.0,0.0,0.30104896,0.698951,0.0,0.0,0.0,0.0,0.0
6,6,0.0,0.0,0.0,0.0,0.0,0.30104896,0.698951,0.0,0.0,0.0,0.0,0.0
6,6,0.0,0.0,0.0,0.0,0.0,0.30104896,0.698951,0.0,0.0,0.0,0.0,0.0
6,6,0.0,0.0,0.0,0.0,0.0,0.30104896,0.698951,0.0,0.0,0.0,0.0,0.0
6,6,0.0,0.0,0.0,0.0,0.0,0.30104896,0.698951,0.0,0.0,0.0,0.0,0.0
6,6,0.0,0.0,0.0,0.0,0.0,0.30104896,0.698951,0.0,0.0,0.0,0.0,0.0
6,6,0.0,0.0,0.0,0.0,0.0,0.30104896,0.698951,0.0,0.0,0.0,0.0,0.0
6,6,0.0,0.0,0.0,0.0,0.0,0.30104896,0.698951,0.0,0.0,0.0,0.0,0.0
6,6,0.0,0.0,0.0,0.0,0.0,0.30104896,0.698951,0.0,0.0,0.0,0.0,0.0
6,6,0.0,0.0,0.0,0.0,0.0,0.30104896,0.698951,0.0,0.0,0.0,0.0,0.0
6,6,0.0,0.0,0.0,0.0,0.0,0.30104896,0.698951,0.0,0.0,0.0,0.0,0.0
6,6,0.0,0.0,0.0,0.0,0.0,0.30104896,0.698951,0.0,0.0,0.0,0.0,0.0
6,6,0.0,0.0,0.0,0.0,0.0,0.20070425,0.7992957,0.0,0.0,0.0,0.0,0.0
6,6,0.0,0.0,0.0,0.0,0.0,0.20070425,0.7992957,0.0,0.0,0.0,0.0,0.0
6,6,0.0,0.0,0.0,0.0,0.0,0.20070425,0.7992957,0.0,0.0,0.0,0.0,0.0
6,6,0.0,0.0,0.0,0.0,0.0,0.20070425,0.7992957,0.0,0.0,0.0,0.0,0.0
6,6,0.0,0.0,0.0,0.0,0.0,0.20070425,0.7992957,0.0,0.0,0.0,0.0,0.0
6,6,0.0,0.0,0.0,0.0,0.0,0.20070425,0.7992957,0.0,0.0,0.0,0.0,0.0
6,6,0.0,0.0,0.0,0.0,0.0,0.20070425,0.7992957,0.0,0.0,0.0,0.0,0.0
6,6,0.0,0.0,0.0,0.0,0.0,0.20070425,0.7992957,0.0,0.0,0.0,0.0,0.0
6,6,0.0,0.0,0.0,0.0,0.0,0.20070425,0.7992957,0.0,0.0,0.0,0.0,0.0
6,6,0.0,0.0,0.0,0.0,0.0,0.20070425,0.7992957,0.0,0.0,0.0,0.0,0.0
6,6,0.0,0.0,0.0,0.0,0.0,0.20070425,0.7992957,0.0,0.0,0.0,0.0,0.0
6,6,0.0,0.0,0.0,0.0,0.0,0.20070425,0.7992957,0.0,0.0,0.0,0.0,0.0
6,6,0.0,0.0,0.0,0.0,0.0,0.20070425,0.7992957,0.0,0.0,0.0,0.0,0.0
6,6,0.0,0.0,0.0,0.0,0.0,0.20070425,0.7992957,0.0,0.0,0.0,0.0,0.0
6,6,0.0,0.0,0.0,0.0,0.0,0.20070425,0.7992957,0.0,0.0,0.0,0.0,0.0
6,6,0.0,0.0,0.0,0.0,0.0,0.20070425,0.7992957,0.0,0.0,0.0,0.0,0.0
6,6,0.0,0.0,0.0,0.0,0.0,0.20070425,0.7992957,0.0,0.0,0.0,0.0,0.0
6,6,0.0,0.0,0.0,0.0,0.0,0.20070425,0.7992957,0.0,0.0,0.0,0.0,0.0
6,6,0.0,0.0,0.0,0.0,0.0,0.20070425,0.7992957,0.0,0.0,0.0,0.0,0.0
6,6,0.0,0.0,0.0,0.0,0.0,0.20070425,0.7992957,0.0,0.0,0.0,0.0,0.0
6,6,0.0,0.0,0.0,0.0,0.0,0.20070425,0.7992957,0.0,0.0,0.0,0.0,0.0
6,6,0.0,0.0,0.0,0.0,0.0,0.20070425,0.7992957,0.0,0.0,0.0,0.0,0.0
6,6,0.0,0.0,0.0,0.0,0.0,0.20070425,0.7992957,0.0,0.0,0.0,0.0,0.0
6,6,0.0,0.0,0.0,0.0,0.0,0.20070425,0.7992957,0.0,0.0,0.0,0.0,0.0
6,6,0.0,0.0,0.0,0.0,0.0,0.20070425,0.7992957,0.0,0.0,0.0,0.0,0.0
6,6,0.0,0.0,0.0,0.0,0.0,0.20070425,0.7992957,0.0,0.0,0.0,0.0,0.0
6,6,0.0,0.0,0.0,0.0,0.0,0.20070425,0.7992957,0.0,0.0,0.0,0.0,0.0
6,6,0.0,0.0,0.0,0.0,0.0,0.20070425,0.7992957,0.0,0.0,0.0,0.0,0.0
6,6,0.0,0.0,0.0,0.0,0.0,0.20070425,0.7992957,0.0,0.0,0.0,0.0,0.0
6,6,0.0,0.0,0.0,0.0,0.0,0.20070425,0.7992957,0.0,0.0,0.0,0.0,0.0
6,6,0.0,0.0,0.0,0.0,0.0,0.20070425,0.7992957,0.0,0.0,0.0,0.0,0.0
6,6,0.0,0.0,0.0,0.0,0.0,0.20070425,0.7992957,0.0,0.0,0.0,0.0,0.0
6,6,0.0,0.0,0.0,0.0,0.0,0.20070425,0.7992957,0.0,0.0,0.0,0.0,0.0
6,6,0.0,0.0,0.0,0.0,0.0,0.20070425,0.7992957,0.0,0.0,0.0,0.0,0.0
6,6,0.0,0.0,0.0,0.0,0.0,0.20070425,0.7992957,0.0,0.0,0.0,0.0,0.0
6,6,0.0,0.0,0.0,0.0,0.0,0.20070425,0.7992957,0.0,0.0,0.0,0.0,0.0
6,6,0.0,0.0,0.0,0.0,0.0,0.20070425,0.7992957,0.0,0.0,0.0,0.0,0.0
6,6,0.0,0.0,0.0,0.0,0.0,0.20070425,0.7992957,0.0,0.0,0.0,0.0,0.0
6,6,0.0,0.0,0.0,0.0,0.0,0.20070425,0.7992957,0.0,0.0,0.0,0.0,0.0
6,6,0.0,0.0,0.0,0.0,0.0,0.20070425,0.7992957,0.0,0.0,0.0,0.0,0.0
6,6,0.0,0.0,0.0,0.0,0.0,0.20070425,0.7992957,0.0,0.0,0.0,0.0,0.0
6,6,0.0,0.0,0.0,0.0,0.0,0.20070425,0.7992957,0.0,0.0,0.0,0.0,0.0
6,6,0.0,0.0,0.0,0.0,0.0,0.20070425,0.7992957,0.0,0.0,0.0,0.0,0.0
6,6,0.0,0.0,0.0,0.0,0.0,0.20070425,0.7992957,0.0,0.0,0.0,0.0,0.0
6,6,0.0,0.0,0.0,0.0,0.0,0.20070425,0.7992957,0.0,0.0,0.0,0.0,0.0
6,6,0.0,0.0,0.0,0.0,0.0,0.20070425,0.7992957,0.0,0.0,0.0,0.0,0.0
6,6,0.0,0.0,0.0,0.0,0.0,0.20070425,0.7992957,0.0,0.0,0.0,0.0,0.0
6,6,0.0,0.0,0.0,0.0,0.0,0.20070425,0.7992957,0.0,0.0,0.0,0.0,0.0
6,6,0.0,0.0,0.0,0.0,0.0,0.20070425,0.7992957,0.0,0.0,0.0,0.0,0.0
6,6,0.0,0.0,0.0,0.0,0.0,0.20070425,0.7992957,0.0,0.0,0.0,0.0,0.0
6,6,0.0,0.0,0.0,0.0,0.0,0.20070425,0.7992957,0.0,0.0,0.0,0.0,0.0
6,6,0.0,0.0,0.0,0.0,0.0,0.20070425,0.7992957,0.0,0.0,0.0,0.0,0.0
6,6,0.0,0.0,0.0,0.0,0.0,0.20070425,0.7992957,0.0,0.0,0.0,0.0,0.0
6,6,0.0,0.0,0.0,0.0,0.0,0.20070425,0.7992957,0.0,0.0,0.0,0.0,0.0
6,6,0.0,0.0,0.0,0.0,0.0,0.20070425,0.7992957,0.0,0.0,0.0,0.0,0.0
6,6,0.0,0.0,0.0,0.0,0.0,0.20070425,0.7992957,0.0,0.0,0.0,0.0,0.0
6,6,0.0,0.0,0.0,0.0,0.0,0.20070425,0.7992957,0.0,0.0,0.0,0.0,0.0
6,6,0.0,0.0,0.0,0.0,0.0,0.20070425,0.7992957,0.0,0.0,0.0,0.0,0.0
6,6,0.0,0.0,0.0,0.0,0.0,0.1870322,0.8129678,0.0,0.0,0.0,0.0,0.0
6,6,0.0,0.0,0.0,0.0,0.0,0.1870322,0.8129678,0.0,0.0,0.0,0.0,0.0
6,6,0.0,0.0,0.0,0.0,0.0,0.1870322,0.8129678,0.0,0.0,0.0,0.0,0.0
6,6,0.0,0.0,0.0,0.0,0.0,0.1870322,0.8129678,0.0,0.0,0.0,0.0,0.0
6,6,0.0,0.0,0.0,0.0,0.0,0.1870322,0.8129678,0.0,0.0,0.0,0.0,0.0
6,6,0.0,0.0,0.0,0.0,0.0,0.1870322,0.8129678,0.0,0.0,0.0,0.0,0.0
6,6,0.0,0.0,0.0,0.0,0.0,0.1870322,0.8129678,0.0,0.0,0.0,0.0,0.0
6,6,0.0,0.0,0.0,0.0,0.0,0.1870322,0.8129678,0.0,0.0,0.0,0.0,0.0
6,6,0.0,0.0,0.0,0.0,0.0,0.1870322,0.8129678,0.0,0.0,0.0,0.0,0.0
6,6,0.0,0.0,0.0,0.0,0.0,0.1870322,0.8129678,0.0,0.0,0.0,0.0,0.0
6,6,0.0,0.0,0.0,0.0,0.0,0.1870322,0.8129678,0.0,0.0,0.0,0.0,0.0
6,6,0.0,0.0,0.0,0.0,0.0,0.1870322,0.8129678,0.0,0.0,0.0,0.0,0.0
6,6,0.0,0.0,0.0,0.0,0.0,0.1870322,0.8129678,0.0,0.0,0.0,0.0,0.0
6,6,0.0,0.0,0.0,0.0,0.0,0.1870322,0.8129678,0.0,0.0,0.0,0.0,0.0
6,6,0.0,0.0,0.0,0.0,0.0,0.1870322,0.8129678,0.0,0.0,0.0,0.0,0.0
6,6,0.0,0.0,0.0,0.0,0.0,0.1870322,0.8129678,0.0,0.0,0.0,0.0,0.0
6,6,0.0,0.0,0.0,0.0,0.0,0.1870322,0.8129678,0.0,0.0,0.0,0.0,0.0
6,6,0.0,0.0,0.0,0.0,0.0,0.1870322,0.8129678,0.0,0.0,0.0,0.0,0.0
6,6,0.0,0.0,0.0,0.0,0.0,0.1870322,0.8129678,0.0,0.0,0.0,0.0,0.0
6,6,0.0,0.0,0.0,0.0,0.0,0.1870322,0.8129678,0.0,0.0,0.0,0.0,0.0
6,6,0.0,0.0,0.0,0.0,0.0,0.1870322,0.8129678,0.0,0.0,0.0,0.0,0.0
6,6,0.0,0.0,0.0,0.0,0.0,0.1870322,0.8129678,0.0,0.0,0.0,0.0,0.0
6,6,0.0,0.0,0.0,0.0,0.0,0.1870322,0.8129678,0.0,0.0,0.0,0.0,0.0
6,6,0.0,0.0,0.0,0.0,0.0,0.1870322,0.8129678,0.0,0.0,0.0,0.0,0.0
6,6,0.0,0.0,0.0,0.0,0.0,0.1870322,0.8129678,0.0,0.0,0.0,0.0,0.0
6,6,0.0,0.0,0.0,0.0,0.0,0.1870322,0.8129678,0.0,0.0,0.0,0.0,0.0
6,6,0.0,0.0,0.0,0.0,0.0,0.1870322,0.8129678,0.0,0.0,0.0,0.0,0.0
6,6,0.0,0.0,0.0,0.0,0.0,0.1870322,0.8129678,0.0,0.0,0.0,0.0,0.0
6,6,0.0,0.0,0.0,0.0,0.0,0.1870322,0.8129678,0.0,0.0,0.0,0.0,0.0
6,6,0.0,0.0,0.0,0.0,0.0,0.1870322,0.8129678,0.0,0.0,0.0,0.0,0.0
6,6,0.0,0.0,0.0,0.0,0.0,0.1870322,0.8129678,0.0,0.0,0.0,0.0,0.0
6,6,0.0,0.0,0.0,0.0,0.0,0.1870322,0.8129678,0.0,0.0,0.0,0.0,0.0
6,6,0.0,0.0,0.0,0.0,0.0,0.1870322,0.8129678,0.0,0.0,0.0,0.0,0.0
6,6,0.0,0.0,0.0,0.0,0.0,0.1870322,0.8129678,0.0,0.0,0.0,0.0,0.0
6,6,0.0,0.0,0.0,0.0,0.0,0.1870322,0.8129678,0.0,0.0,0.0,0.0,0.0
6,6,0.0,0.0,0.0,0.0,0.0,0.1870322,0.8129678,0.0,0.0,0.0,0.0,0.0
6,6,0.0,0.0,0.0,0.0,0.0,0.1870322,0.8129678,0.0,0.0,0.0,0.0,0.0
6,6,0.0,0.0,0.0,0.0,0.0,0.1870322,0.8129678,0.0,0.0,0.0,0.0,0.0
6,6,0.0,0.0,0.0,0.0,0.0,0.1870322,0.8129678,0.0,0.0,0.0,0.0,0.0
6,6,0.0,0.0,0.0,0.0,0.0,0.1870322,0.8129678,0.0,0.0,0.0,0.0,0.0
6,6,0.0,0.0,0.0,0.0,0.0,0.1870322,0.8129678,0.0,0.0,0.0,0.0,0.0
6,6,0.0,0.0,0.0,0.0,0.0,0.1870322,0.8129678,0.0,0.0,0.0,0.0,0.0
6,6,0.0,0.0,0.0,0.0,0.0,0.1870322,0.8129678,0.0,0.0,0.0,0.0,0.0
6,6,0.0,0.0,0.0,0.0,0.0,0.1870322,0.8129678,0.0,0.0,0.0,0.0,0.0
6,6,0.0,0.0,0.0,0.0,0.0,0.1870322,0.8129678,0.0,0.0,0.0,0.0,0.0
6,6,0.0,0.0,0.0,0.0,0.0,0.1870322,0.8129678,0.0,0.0,0.0,0.0,0.0
6,6,0.0,0.0,0.0,0.0,0.0,0.1870322,0.8129678,0.0,0.0,0.0,0.0,0.0
6,6,0.0,0.0,0.0,0.0,0.0,0.1870322,0.8129678,0.0,0.0,0.0,0.0,0.0
6,6,0.0,0.0,0.0,0.0,0.0,0.1870322,0.8129678,0.0,0.0,0.0,0.0,0.0
6,6,0.0,0.0,0.0,0.0,0.0,0.1870322,0.8129678,0.0,0.0,0.0,0.0,0.0
6,6,0.0,0.0,0.0,0.0,0.0,0.1870322,0.8129678,0.0,0.0,0.0,0.0,0.0
6,6,0.0,0.0,0.0,0.0,0.0,0.1870322,0.8129678,0.0,0.0,0.0,0.0,0.0
6,6,0.0,0.0,0.0,0.0,0.0,0.1870322,0.8129678,0.0,0.0,0.0,0.0,0.0
6,6,0.0,0.0,0.0,0.0,0.0,0.1870322,0.8129678,0.0,0.0,0.0,0.0,0.0
6,6,0.0,0.0,0.0,0.0,0.0,0.1870322,0.8129678,0.0,0.0,0.0,0.0,0.0
6,6,0.0,0.0,0.0,0.0,0.0,0.1870322,0.8129678,0.0,0.0,0.0,0.0,0.0
6,6,0.0,0.0,0.0,0.0,0.0,0.1870322,0.8129678,0.0,0.0,0.0,0.0,0.0
6,6,0.0,0.0,0.0,0.0,0.0,0.1870322,0.8129678,0.0,0.0,0.0,0.0,0.0
6,6,0.0,0.0,0.0,0.0,0.0,0.1870322,0.8129678,0.0,0.0,0.0,0.0,0.0
6,6,0.0,0.0,0.0,0.0,0.0,0.1870322,0.8129678,0.0,0.0,0.0,0.0,0.0
6,6,0.0,0.0,0.0,0.0,0.0,0.1870322,0.8129678,0.0,0.0,0.0,0.0,0.0
6,6,0.0,0.0,0.0,0.0,0.0,0.1870322,0.8129678,0.0,0.0,0.0,0.0,0.0
6,6,0.0,0.0,0.0,0.0,0.0,0.1870322,0.8129678,0.0,0.0,0.0,0.0,0.0
6,6,0.0,0.0,0.0,0.0,0.0,0.1870322,0.8129678,0.0,0.0,0.0,0.0,0.0
6,6,0.0,0.0,0.0,0.0,0.0,0.1870322,0.8129678,0.0,0.0,0.0,0.0,0.0
6,6,0.0,0.0,0.0,0.0,0.0,0.1870322,0.8129678,0.0,0.0,0.0,0.0,0.0
6,6,0.0,0.0,0.0,0.0,0.0,0.1870322,0.8129678,0.0,0.0,0.0,0.0,0.0
6,6,0.0,0.0,0.0,0.0,0.0,0.1870322,0.8129678,0.0,0.0,0.0,0.0,0.0
6,6,0.0,0.0,0.0,0.0,0.0,0.1870322,0.8129678,0.0,0.0,0.0,0.0,0.0
6,6,0.0,0.0,0.0,0.0,0.0,0.1870322,0.8129678,0.0,0.0,0.0,0.0,0.0
6,6,0.0,0.0,0.0,0.0,0.0,0.1870322,0.8129678,0.0,0.0,0.0,0.0,0.0
6,6,0.0,0.0,0.0,0.0,0.0,0.1870322,0.8129678,0.0,0.0,0.0,0.0,0.0
6,6,0.0,0.0,0.0,0.0,0.0,0.1870322,0.8129678,0.0,0.0,0.0,0.0,0.0
6,6,0.0,0.0,0.0,0.0,0.0,0.1870322,0.8129678,0.0,0.0,0.0,0.0,0.0
6,6,0.0,0.0,0.0,0.0,0.0,0.1870322,0.8129678,0.0,0.0,0.0,0.0,0.0
6,6,0.0,0.0,0.0,0.0,0.0,0.1870322,0.8129678,0.0,0.0,0.0,0.0,0.0
6,6,0.0,0.0,0.0,0.0,0.0,0.1870322,0.8129678,0.0,0.0,0.0,0.0,0.0
6,6,0.0,0.0,0.0,0.0,0.0,0.1870322,0.8129678,0.0,0.0,0.0,0.0,0.0
6,6,0.0,0.0,0.0,0.0,0.0,0.1870322,0.8129678,0.0,0.0,0.0,0.0,0.0
6,6,0.0,0.0,0.0,0.0,0.0,0.1870322,0.8129678,0.0,0.0,0.0,0.0,0.0
6,6,0.0,0.0,0.0,0.0,0.0,0.1870322,0.8129678,0.0,0.0,0.0,0.0,0.0
6,6,0.0,0.0,0.0,0.0,0.0,0.1870322,0.8129678,0.0,0.0,0.0,0.0,0.0
6,6,0.0,0.0,0.0,0.0,0.0,0.1870322,0.8129678,0.0,0.0,0.0,0.0,0.0
6,6,0.0,0.0,0.0,0.0,0.0,0.1870322,0.8129678,0.0,0.0,0.0,0.0,0.0
6,6,0.0,0.0,0.0,0.0,0.0,0.1870322,0.8129678,0.0,0.0,0.0,0.0,0.0
6,6,0.0,0.0,0.0,0.0,0.0,0.1870322,0.8129678,0.0,0.0,0.0,0.0,0.0
6,6,0.0,0.0,0.0,0.0,0.0,0.1870322,0.8129678,0.0,0.0,0.0,0.0,0.0
6,6,0.0,0.0,0.0,0.0,0.0,0.1870322,0.8129678,0.0,0.0,0.0,0.0,0.0
6,6,0.0,0.0,0.0,0.0,0.0,0.1870322,0.8129678,0.0,0.0,0.0,0.0,0.0
6,6,0.0,0.0,0.0,0.0,0.0,0.1870322,0.8129678,0.0,0.0,0.0,0.0,0.0
6,6,0.0,0.0,0.0,0.0,0.0,0.1870322,0.8129678,0.0,0.0,0.0,0.0,0.0
6,6,0.0,0.0,0.0,0.0,0.0,0.1870322,0.8129678,0.0,0.0,0.0,0.0,0.0
6,6,0.0,0.0,0.0,0.0,0.0,0.1870322,0.8129678,0.0,0.0,0.0,0.0,0.0
6,6,0.0,0.0,0.0,0.0,0.0,0.1870322,0.8129678,0.0,0.0,0.0,0.0,0.0
6,6,0.0,0.0,0.0,0.0,0.0,0.1870322,0.8129678,0.0,0.0,0.0,0.0,0.0
6,6,0.0,0.0,0.0,0.0,0.0,0.1870322,0.8129678,0.0,0.0,0.0,0.0,0.0
6,6,0.0,0.0,0.0,0.0,0.0,0.1870322,0.8129678,0.0,0.0,0.0,0.0,0.0
6,6,0.0,0.0,0.0,0.0,0.0,0.1870322,0.8129678,0.0,0.0,0.0,0.0,0.0
6,6,0.0,0.0,0.0,0.0,0.0,0.1870322,0.8129678,0.0,0.0,0.0,0.0,0.0
6,6,0.0,0.0,0.0,0.0,0.0,0.1870322,0.8129678,0.0,0.0,0.0,0.0,0.0
6,6,0.0,0.0,0.0,0.0,0.0,0.1870322,0.8129678,0.0,0.0,0.0,0.0,0.0
6,6,0.0,0.0,0.0,0.0,0.0,0.1870322,0.8129678,0.0,0.0,0.0,0.0,0.0
6,6,0.0,0.0,0.0,0.0,0.0,0.1870322,0.8129678,0.0,0.0,0.0,0.0,0.0
6,6,0.0,0.0,0.0,0.0,0.0,0.1870322,0.8129678,0.0,0.0,0.0,0.0,0.0
7,6,0.0,0.0,0.0,0.0,0.0,0.1870322,0.8129678,0.0,0.0,0.0,0.0,0.0
7,6,0.0,0.0,0.0,0.0,0.0,0.1870322,0.8129678,0.0,0.0,0.0,0.0,0.0
7,6,0.0,0.0,0.0,0.0,0.0,0.1870322,0.8129678,0.0,0.0,0.0,0.0,0.0
7,6,0.0,0.0,0.0,0.0,0.0,0.1870322,0.8129678,0.0,0.0,0.0,0.0,0.0
7,6,0.0,0.0,0.0,0.0,0.0,0.21867016,0.7813299,0.0,0.0,0.0,0.0,0.0
7,6,0.0,0.0,0.0,0.0,0.0,0.21867016,0.7813299,0.0,0.0,0.0,0.0,0.0
7,6,0.0,0.0,0.0,0.0,0.0,0.16940017,0.83059984,0.0,0.0,0.0,0.0,0.0
7,6,0.0,0.0,0.0,0.0,0.0,0.16940017,0.83059984,0.0,0.0,0.0,0.0,0.0
7,6,0.0,0.0,0.0,0.0,0.0,0.16940017,0.83059984,0.0,0.0,0.0,0.0,0.0
7,6,0.0,0.0,0.0,0.0,0.0,0.16940017,0.83059984,0.0,0.0,0.0,0.0,0.0
7,6,0.0,0.0,0.0,0.0,0.0,0.16940017,0.83059984,0.0,0.0,0.0,0.0,0.0
7,6,0.0,0.0,0.0,0.0,0.0,0.16940017,0.83059984,0.0,0.0,0.0,0.0,0.0
7,6,0.0,0.0,0.0,0.0,0.0,0.16940017,0.83059984,0.0,0.0,0.0,0.0,0.0
7,6,0.0,0.0,0.0,0.0,0.0,0.16940017,0.83059984,0.0,0.0,0.0,0.0,0.0
7,6,0.0,0.0,0.0,0.0,0.0,0.16940017,0.83059984,0.0,0.0,0.0,0.0,0.0
7,6,0.0,0.0,0.0,0.0,0.0,0.16940017,0.83059984,0.0,0.0,0.0,0.0,0.0
7,6,0.0,0.0,0.0,0.0,0.0,0.16940017,0.83059984,0.0,0.0,0.0,0.0,0.0
7,6,0.0,0.0,0.0,0.0,0.0,0.16940017,0.83059984,0.0,0.0,0.0,0.0,0.0
7,6,0.0,0.0,0.0,0.0,0.0,0.16940017,0.83059984,0.0,0.0,0.0,0.0,0.0
7,6,0.0,0.0,0.0,0.0,0.0,0.16940017,0.83059984,0.0,0.0,0.0,0.0,0.0
7,6,0.0,0.0,0.0,0.0,0.0,0.16940017,0.83059984,0.0,0.0,0.0,0.0,0.0
7,6,0.0,0.0,0.0,0.0,0.0,0.16940017,0.83059984,0.0,0.0,0.0,0.0,0.0
7,6,0.0,0.0,0.0,0.0,0.0,0.16940017,0.83059984,0.0,0.0,0.0,0.0,0.0
7,6,0.0,0.0,0.0,0.0,0.0,0.16940017,0.83059984,0.0,0.0,0.0,0.0,0.0
7,6,0.0,0.0,0.0,0.0,0.0,0.16940017,0.83059984,0.0,0.0,0.0,0.0,0.0
7,6,0.0,0.0,0.0,0.0,0.0,0.16940017,0.83059984,0.0,0.0,0.0,0.0,0.0
7,6,0.0,0.0,0.0,0.0,0.0,0.16940017,0.83059984,0.0,0.0,0.0,0.0,0.0
7,6,0.0,0.0,0.0,0.0,0.0,0.16940017,0.83059984,0.0,0.0,0.0,0.0,0.0
7,6,0.0,0.0,0.0,0.0,0.0,0.16940017,0.83059984,0.0,0.0,0.0,0.0,0.0
7,6,0.0,0.0,0.0,0.0,0.0,0.16940017,0.83059984,0.0,0.0,0.0,0.0,0.0
7,6,0.0,0.0,0.0,0.0,0.0,0.16940017,0.83059984,0.0,0.0,0.0,0.0,0.0
7,6,0.0,0.0,0.0,0.0,0.0,0.16940017,0.83059984,0.0,0.0,0.0,0.0,0.0
7,6,0.0,0.0,0.0,0.0,0.024123915,0.14527625,0.8169278,0.013672049,0.0,0.0,0.0,0.0
7,6,0.0,0.0,0.0,0.0,0.024123915,0.14527625,0.8169278,0.013672049,0.0,0.0,0.0,0.0
7,6,0.0,0.0,0.0,0.0,0.024123915,0.14527625,0.8169278,0.013672049,0.0,0.0,0.0,0.0
7,6,0.0,0.0,0.0,0.0,0.024123915,0.14527625,0.8169278,0.013672049,0.0,0.0,0.0,0.0
7,6,0.0,0.0,0.0,0.0,0.024123915,0.14527625,0.8169278,0.013672049,0.0,0.0,0.0,0.0
7,6,0.0,0.0,0.0,0.0,0.024123915,0.14527625,0.8169278,0.013672049,0.0,0.0,0.0,0.0
7,6,0.0,0.0,0.0,0.0,0.024123915,0.14527625,0.8169278,0.013672049,0.0,0.0,0.0,0.0
7,6,0.0,0.0,0.0,0.0,0.024123915,0.14527625,0.8169278,0.013672049,0.0,0.0,0.0,0.0
7,6,0.0,0.0,0.0,0.0,0.024123915,0.14527625,0.8169278,0.013672049,0.0,0.0,0.0,0.0
7,6,0.0,0.0,0.0,0.0,0.024123915,0.14527625,0.8169278,0.013672049,0.0,0.0,0.0,0.0
7,6,0.0,0.0,0.0,0.0,0.024123915,0.14527625,0.8169278,0.013672049,0.0,0.0,0.0,0.0
7,6,0.0,0.0,0.0,0.0,0.024123915,0.14527625,0.8169278,0.013672049,0.0,0.0,0.0,0.0
7,6,0.0,0.0,0.0,0.0,0.024123915,0.14527625,0.8169278,0.013672049,0.0,0.0,0.0,0.0
7,6,0.0,0.0,0.0,0.0,0.024123915,0.14527625,0.8169278,0.013672049,0.0,0.0,0.0,0.0
7,6,0.0,0.0,0.0,0.0,0.024123915,0.14527625,0.8169278,0.013672049,0.0,0.0,0.0,0.0
7,6,0.0,0.0,0.0,0.0,0.024123915,0.14527625,0.8169278,0.013672049,0.0,0.0,0.0,0.0
7,6,0.0,0.0,0.0,0.0,0.024123915,0.14527625,0.8169278,0.013672049,0.0,0.0,0.0,0.0
7,6,0.0,0.0,0.0,0.0,0.024123915,0.14527625,0.8169278,0.013672049,0.0,0.0,0.0,0.0
7,6,0.0,0.0,0.0,0.0,0.07339392,0.14527625,0.7676578,0.013672049,0.0,0.0,0.0,0.0
7,6,0.0,0.0,0.0,0.0,0.07339392,0.14527625,0.7676578,0.013672049,0.0,0.0,0.0,0.0
7,6,0.0,0.0,0.0,0.0,0.07339392,0.14527625,0.7676578,0.013672049,0.0,0.0,0.0,0.0
7,6,0.0,0.0,0.0,0.0,0.07339392,0.14527625,0.7676578,0.013672049,0.0,0.0,0.0,0.0
7,6,0.0,0.0,0.0,0.0,0.07339392,0.14527625,0.7676578,0.013672049,0.0,0.0,0.0,0.0
7,6,0.0,0.0,0.0,0.0,0.07339392,0.14527625,0.7676578,0.013672049,0.0,0.0,0.0,0.0
7,6,0.0,0.0,0.0,0.0,0.07339392,0.14527625,0.7676578,0.013672049,0.0,0.0,0.0,0.0
7,6,0.0,0.0,0.0,0.0,0.07339392,0.14527625,0.7676578,0.013672049,0.0,0.0,0.0,0.0
7,6,0.0,0.0,0.0,0.0,0.07339392,0.14527625,0.7676578,0.013672049,0.0,0.0,0.0,0.0
7,6,0.0,0.0,0.0,0.0,0.07339392,0.14527625,0.7676578,0.013672049,0.0,0.0,0.0,0.0
7,6,0.0,0.0,0.0,0.0,0.07339392,0.08565199,0.7676578,0.073296316,0.0,0.0,0.0,0.0
7,6,0.0,0.0,0.0,0.0,0.07339392,0.08565199,0.7676578,0.073296316,0.0,0.0,0.0,0.0
7,6,0.0,0.0,0.0,0.0,0.07339392,0.08565199,0.7676578,0.073296316,0.0,0.0,0.0,0.0
7,6,0.0,0.0,0.0,0.0,0.07339392,0.08565199,0.7676578,0.073296316,0.0,0.0,0.0,0.0
7,6,0.0,0.0,0.0,0.0,0.099907696,0.0591382,0.6300729,0.21088128,0.0,0.0,0.0,0.0
7,6,0.0,0.0,0.0,0.0,0.099907696,0.0591382,0.6300729,0.21088128,0.0,0.0,0.0,0.0
7,6,0.0,0.0,0.0,0.0,0.099907696,0.0591382,0.6300729,0.21088128,0.0,0.0,0.0,0.0
7,6,0.0,0.0,0.0,0.0,0.099907696,0.0591382,0.6300729,0.21088128,0.0,0.0,0.0,0.0
7,6,0.0,0.0,0.0,0.0,0.14783792,0.059138197,0.58214265,0.21088126,0.0,0.0,0.0,0.0
7,6,0.0,0.0,0.0,0.0,0.14783792,0.059138197,0.58214265,0.21088126,0.0,0.0,0.0,0.0
7,6,0.0,0.0,0.0,0.0,0.14783792,0.059138197,0.58214265,0.21088126,0.0,0.0,0.0,0.0
7,6,0.0,0.0,0.0,0.0,0.14783792,0.059138197,0.58214265,0.21088126,0.0,0.0,0.0,0.0
7,6,0.0,0.0,0.0,0.0,0.14783792,0.059138197,0.58214265,0.21088126,0.0,0.0,0.0,0.0
7,6,0.0,0.0,0.0,0.0,0.14783792,0.059138197,0.58214265,0.21088126,0.0,0.0,0.0,0.0
7,6,0.0,0.0,0.0,0.0,0.14783792,0.059138197,0.58214265,0.21088126,0.0,0.0,0.0,0.0
7,6,0.0,0.0,0.0,0.0,0.14783792,0.059138197,0.58214265,0.21088126,0.0,0.0,0.0,0.0
7,6,0.0,0.0,0.0,0.0,0.14783792,0.059138197,0.58214265,0.21088126,0.0,0.0,0.0,0.0
7,6,0.0,0.0,0.0,0.0,0.14783792,0.059138197,0.58214265,0.21088126,0.0,0.0,0.0,0.0
7,6,0.0,0.0,0.0,0.0,0.14783792,0.059138197,0.58214265,0.21088126,0.0,0.0,0.0,0.0
7,6,0.0,0.0,0.0,0.0,0.14783792,0.059138197,0.58214265,0.21088126,0.0,0.0,0.0,0.0
7,6,0.0,0.0,0.0,0.0,0.14783792,0.059138197,0.47755462,0.3154693,0.0,0.0,0.0,0.0
7,6,0.0,0.0,0.0,0.0,0.14783792,0.059138197,0.47755462,0.3154693,0.0,0.0,0.0,0.0
7,6,0.0,0.0,0.0,0.0,0.14783792,0.059138197,0.47755462,0.3154693,0.0,0.0,0.0,0.0
7,6,0.0,0.0,0.0,0.0,0.14783792,0.059138197,0.47755462,0.3154693,0.0,0.0,0.0,0.0
7,6,0.0,0.0,0.0,0.0,0.14783792,0.059138197,0.47755462,0.3154693,0.0,0.0,0.0,0.0
7,6,0.0,0.0,0.0,0.0,0.14783792,0.059138197,0.47755462,0.3154693,0.0,0.0,0.0,0.0
7,6,0.0,0.0,0.0,0.0,0.14783792,0.059138197,0.47755462,0.3154693,0.0,0.0,0.0,0.0
7,6,0.0,0.0,0.0,0.0,0.14783792,0.059138197,0.42532152,0.3677024,0.0,0.0,0.0,0.0
7,6,0.0,0.0,0.0,0.0,0.14783792,0.059138197,0.42532152,0.3677024,0.0,0.0,0.0,0.0
7,6,0.0,0.0,0.0,0.0,0.14783792,0.059138197,0.42532152,0.3677024,0.0,0.0,0.0,0.0
7,7,0.0,0.0,0.0,0.0,0.14783792,0.059138197,0.28376994,0.509254,0.0,0.0,0.0,0.0
7,7,0.0,0.0,0.0,0.0,0.14783792,0.059138197,0.28376994,0.509254,0.0,0.0,0.0,0.0
7,7,0.0,0.0,0.0,0.0,0.14783792,0.059138197,0.28376994,0.509254,0.0,0.0,0.0,0.0
7,7,0.0,0.0,0.0,0.0,0.14783792,0.059138197,0.28376994,0.509254,0.0,0.0,0.0,0.0
7,7,0.0,0.0,0.0,0.0,0.14783792,0.059138197,0.28376994,0.509254,0.0,0.0,0.0,0.0
7,7,0.0,0.0,0.0,0.0,0.14783792,0.059138197,0.28376994,0.509254,0.0,0.0,0.0,0.0
7,7,0.0,0.0,0.0,0.0,0.12132414,0.059138197,0.18077505,0.6387626,0.0,0.0,0.0,0.0
7,7,0.0,0.0,0.0,0.0,0.12132414,0.059138197,0.18077505,0.6387626,0.0,0.0,0.0,0.0
7,7,0.0,0.0,0.0,0.0,0.12132414,0.059138197,0.18077505,0.6387626,0.0,0.0,0.0,0.0
7,7,0.0,0.0,0.0,0.0,0.12132414,0.059138197,0.18077505,0.6387626,0.0,0.0,0.0,0.0
7,7,0.0,0.0,0.0,0.0,0.12132414,0.059138197,0.18077505,0.6387626,0.0,0.0,0.0,0.0
7,7,0.0,0.0,0.0,0.0,0.12132414,0.059138197,0.18077505,0.6387626,0.0,0.0,0.0,0.0
7,7,0.0,0.0,0.0,0.0,0.12132414,0.059138197,0.18077505,0.6387626,0.0,0.0,0.0,0.0
7,7,0.0,0.0,0.0,0.0,0.12132414,0.059138197,0.18077505,0.6387626,0.0,0.0,0.0,0.0
7,7,0.0,0.0,0.0,0.0,0.12132414,0.059138197,0.18077505,0.6387626,0.0,0.0,0.0,0.0
7,7,0.0,0.0,0.0,0.0,0.12132414,0.059138197,0.18077505,0.6387626,0.0,0.0,0.0,0.0
7,7,0.0,0.0,0.0,0.0,0.12132414,0.059138197,0.18077505,0.6387626,0.0,0.0,0.0,0.0
7,7,0.0,0.0,0.0,0.0,0.12132414,0.059138197,0.18077505,0.6387626,0.0,0.0,0.0,0.0
7,7,0.0,0.0,0.0,0.0,0.12132414,0.059138197,0.18077505,0.6387626,0.0,0.0,0.0,0.0
7,7,0.0,0.0,0.0,0.0,0.12132414,0.059138197,0.18077505,0.6387626,0.0,0.0,0.0,0.0
7,7,0.0,0.0,0.0,0.0,0.12132414,0.059138197,0.18077505,0.6387626,0.0,0.0,0.0,0.0
7,7,0.0,0.0,0.0,0.0,0.12132414,0.059138197,0.18077505,0.6387626,0.0,0.0,0.0,0.0
7,7,0.0,0.0,0.0,0.0,0.12132414,0.059138197,0.18077505,0.6387626,0.0,0.0,0.0,0.0
7,7,0.0,0.0,0.0,0.0,0.12132414,0.059138197,0.18077505,0.6387626,0.0,0.0,0.0,0.0
7,7,0.0,0.0,0.0,0.0,0.12132414,0.059138197,0.18077505,0.6387626,0.0,0.0,0.0,0.0
7,7,0.0,0.0,0.0,0.0,0.12132414,0.059138197,0.18077505,0.6387626,0.0,0.0,0.0,0.0
7,7,0.0,0.0,0.0,0.0,0.12132414,0.059138197,0.18077505,0.6387626,0.0,0.0,0.0,0.0
7,7,0.0,0.0,0.0,0.0,0.12132414,0.059138197,0.10034473,0.7191929,0.0,0.0,0.0,0.0
7,7,0.0,0.0,0.0,0.0,0.12132414,0.059138197,0.10034473,0.7191929,0.0,0.0,0.0,0.0
7,7,0.0,0.0,0.0,0.0,0.12132414,0.059138197,0.10034473,0.7191929,0.0,0.0,0.0,0.0
7,7,0.0,0.0,0.0,0.0,0.12132414,0.059138197,0.10034473,0.7191929,0.0,0.0,0.0,0.0
7,7,0.0,0.0,0.0,0.0,0.12132414,0.059138197,0.10034473,0.7191929,0.0,0.0,0.0,0.0
7,7,0.0,0.0,0.0,0.0,0.12132414,0.059138197,0.10034473,0.7191929,0.0,0.0,0.0,0.0
7,7,0.0,0.0,0.0,0.0,0.12132414,0.059138197,0.10034473,0.7191929,0.0,0.0,0.0,0.0
7,7,0.0,0.0,0.0,0.0,0.12132414,0.059138197,0.10034473,0.7191929,0.0,0.0,0.0,0.0
7,7,0.0,0.0,0.0,0.0,0.12132414,0.059138197,0.10034473,0.7191929,0.0,0.0,0.0,0.0
7,7,0.0,0.0,0.0,0.0,0.12132414,0.059138197,0.10034473,0.7191929,0.0,0.0,0.0,0.0
7,7,0.0,0.0,0.0,0.0,0.12132414,0.059138197,0.10034473,0.7191929,0.0,0.0,0.0,0.0
7,7,0.0,0.0,0.0,0.0,0.121324144,0.031637974,0.10034474,0.7466932,0.0,0.0,0.0,0.0
7,7,0.0,0.0,0.0,0.0,0.121324144,0.031637974,0.10034474,0.7466932,0.0,0.0,0.0,0.0
7,7,0.0,0.0,0.0,0.0,0.121324144,0.031637974,0.10034474,0.7466932,0.0,0.0,0.0,0.0
7,7,0.0,0.0,0.0,0.0,0.121324144,0.031637974,0.10034474,0.7466932,0.0,0.0,0.0,0.0
7,7,0.0,0.0,0.0,0.0,0.121324144,0.031637974,0.10034474,0.7466932,0.0,0.0,0.0,0.0
7,7,0.0,0.0,0.0,0.0,0.121324144,0.031637974,0.10034474,0.7466932,0.0,0.0,0.0,0.0
7,7,0.0,0.0,0.0,0.0,0.12132414,0.03163797,0.0,0.8470379,0.0,0.0,0.0,0.0
7,7,0.0,0.0,0.0,0.0,0.12132414,0.03163797,0.0,0.8470379,0.0,0.0,0.0,0.0
7,7,0.0,0.0,0.0,0.0,0.12132414,0.03163797,0.0,0.8470379,0.0,0.0,0.0,0.0
7,7,0.0,0.0,0.0,0.0,0.12132414,0.03163797,0.0,0.8470379,0.0,0.0,0.0,0.0
7,7,0.0,0.0,0.0,0.0,0.12132414,0.03163797,0.0,0.8470379,0.0,0.0,0.0,0.0
7,7,0.0,0.0,0.0,0.0,0.12132414,0.03163797,0.0,0.8470379,0.0,0.0,0.0,0.0
7,7,0.0,0.0,0.0,0.0,0.12132414,0.03163797,0.0,0.8470379,0.0,0.0,0.0,0.0
7,7,0.0,0.0,0.0,0.0,0.12132414,0.03163797,0.0,0.8470379,0.0,0.0,0.0,0.0
7,7,0.0,0.0,0.0,0.0,0.12132414,0.03163797,0.0,0.8470379,0.0,0.0,0.0,0.0
7,7,0.0,0.0,0.0,0.0,0.12132414,0.03163797,0.0,0.8470379,0.0,0.0,0.0,0.0
7,7,0.0,0.0,0.0,0.0,0.12132414,0.03163797,0.0,0.8470379,0.0,0.0,0.0,0.0
7,7,0.0,0.0,0.0,0.0,0.12132414,0.03163797,0.0,0.8470379,0.0,0.0,0.0,0.0
7,7,0.0,0.0,0.0,0.0,0.12132414,0.03163797,0.0,0.8470379,0.0,0.0,0.0,0.0
7,7,0.0,0.0,0.0,0.0,0.12132414,0.03163797,0.0,0.8470379,0.0,0.0,0.0,0.0
7,7,0.0,0.0,0.0,0.0,0.12132414,0.03163797,0.0,0.8470379,0.0,0.0,0.0,0.0
7,7,0.0,0.0,0.0,0.0,0.12132414,0.03163797,0.0,0.8470379,0.0,0.0,0.0,0.0
7,7,0.0,0.0,0.0,0.0,0.12132414,0.03163797,0.0,0.8470379,0.0,0.0,0.0,0.0
7,7,0.0,0.0,0.0,0.0,0.12132414,0.03163797,0.0,0.8470379,0.0,0.0,0.0,0.0
7,7,0.0,0.0,0.0,0.0,0.12132414,0.03163797,0.0,0.8470379,0.0,0.0,0.0,0.0
7,7,0.0,0.0,0.0,0.0,0.12132414,0.03163797,0.0,0.8470379,0.0,0.0,0.0,0.0
7,7,0.0,0.0,0.0,0.0,0.12132414,0.03163797,0.0,0.8470379,0.0,0.0,0.0,0.0
7,7,0.0,0.0,0.0,0.0,0.12132414,0.03163797,0.0,0.8470379,0.0,0.0,0.0,0.0
7,7,0.0,0.0,0.0,0.0,0.12132414,0.0,0.0,0.8786759,0.0,0.0,0.0,0.0
7,7,0.0,0.0,0.0,0.0,0.12132414,0.0,0.0,0.8786759,0.0,0.0,0.0,0.0
7,7,0.0,0.0,0.0,0.0,0.12132414,0.0,0.0,0.8786759,0.0,0.0,0.0,0.0
7,7,0.0,0.0,0.0,0.0,0.12132414,0.0,0.0,0.8786759,0.0,0.0,0.0,0.0
7,7,0.0,0.0,0.0,0.0,0.12132414,0.0,0.0,0.8786759,0.0,0.0,0.0,0.0
7,7,0.0,0.0,0.0,0.0,0.12132414,0.0,0.0,0.8786759,0.0,0.0,0.0,0.0
7,7,0.0,0.0,0.0,0.0,0.12132414,0.0,0.0,0.8786759,0.0,0.0,0.0,0.0
7,7,0.0,0.0,0.0,0.0,0.12132414,0.0,0.0,0.8786759,0.0,0.0,0.0,0.0
7,7,0.0,0.0,0.0,0.0,0.12132414,0.0,0.0,0.8786759,0.0,0.0,0.0,0.0
7,7,0.0,0.0,0.0,0.0,0.12132414,0.0,0.0,0.8786759,0.0,0.0,0.0,0.0
7,7,0.0,0.0,0.0,0.0,0.12132414,0.0,0.0,0.8786759,0.0,0.0,0.0,0.0
7,7,0.0,0.0,0.0,0.0,0.12132414,0.0,0.0,0.8786759,0.0,0.0,0.0,0.0
7,7,0.0,0.0,0.0,0.0,0.09720022,0.0,0.0,0.9027998,0.0,0.0,0.0,0.0
7,7,0.0,0.0,0.0,0.0,0.09720022,0.0,0.0,0.9027998,0.0,0.0,0.0,0.0
7,7,0.0,0.0,0.0,0.0,0.09720022,0.0,0.0,0.9027998,0.0,0.0,0.0,0.0
7,7,0.0,0.0,0.0,0.0,0.09720022,0.0,0.0,0.9027998,0.0,0.0,0.0,0.0
7,7,0.0,0.0,0.0,0.0,0.09720022,0.0,0.0,0.9027998,0.0,0.0,0.0,0.0
7,7,0.0,0.0,0.0,0.0,0.09720022,0.0,0.0,0.9027998,0.0,0.0,0.0,0.0
7,7,0.0,0.0,0.0,0.0,0.09720022,0.0,0.0,0.9027998,0.0,0.0,0.0,0.0
7,7,0.0,0.0,0.0,0.0,0.09720022,0.0,0.0,0.9027998,0.0,0.0,0.0,0.0
7,7,0.0,0.0,0.0,0.0,0.09720022,0.0,0.0,0.9027998,0.0,0.0,0.0,0.0
7,7,0.0,0.0,0.0,0.0,0.09720022,0.0,0.0,0.9027998,0.0,0.0,0.0,0.0
7,7,0.0,0.0,0.0,0.0,0.09720022,0.0,0.0,0.9027998,0.0,0.0,0.0,0.0
7,7,0.0,0.0,0.0,0.0,0.09720022,0.0,0.0,0.9027998,0.0,0.0,0.0,0.0
7,7,0.0,0.0,0.0,0.0,0.09720022,0.0,0.0,0.9027998,0.0,0.0,0.0,0.0
7,7,0.0,0.0,0.0,0.0,0.09720022,0.0,0.0,0.9027998,0.0,0.0,0.0,0.0
7,7,0.0,0.0,0.0,0.0,0.09720022,0.0,0.0,0.9027998,0.0,0.0,0.0,0.0
7,7,0.0,0.0,0.0,0.0,0.09720022,0.0,0.0,0.9027998,0.0,0.0,0.0,0.0
7,7,0.0,0.0,0.0,0.0,0.09720022,0.0,0.0,0.9027998,0.0,0.0,0.0,0.0
7,7,0.0,0.0,0.0,0.0,0.09720022,0.0,0.0,0.9027998,0.0,0.0,0.0,0.0
7,7,0.0,0.0,0.0,0.0,0.09720022,0.0,0.0,0.9027998,0.0,0.0,0.0,0.0
7,7,0.0,0.0,0.0,0.0,0.09720022,0.0,0.0,0.9027998,0.0,0.0,0.0,0.0
7,7,0.0,0.0,0.0,0.0,0.09720022,0.0,0.0,0.9027998,0.0,0.0,0.0,0.0
7,7,0.0,0.0,0.0,0.0,0.09720022,0.0,0.0,0.9027998,0.0,0.0,0.0,0.0
7,7,0.0,0.0,0.0,0.0,0.09720022,0.0,0.0,0.9027998,0.0,0.0,0.0,0.0
7,7,0.0,0.0,0.0,0.0,0.09720022,0.0,0.0,0.9027998,0.0,0.0,0.0,0.0
7,7,0.0,0.0,0.0,0.0,0.09720022,0.0,0.0,0.9027998,0.0,0.0,0.0,0.0
7,7,0.0,0.0,0.0,0.0,0.09720022,0.0,0.0,0.9027998,0.0,0.0,0.0,0.0
7,7,0.0,0.0,0.0,0.0,0.09720022,0.0,0.0,0.9027998,0.0,0.0,0.0,0.0
7,7,0.0,0.0,0.0,0.0,0.09720022,0.0,0.0,0.9027998,0.0,0.0,0.0,0.0
7,7,0.0,0.0,0.0,0.0,0.09720022,0.0,0.0,0.9027998,0.0,0.0,0.0,0.0
7,7,0.0,0.0,0.0,0.0,0.09720022,0.0,0.0,0.9027998,0.0,0.0,0.0,0.0
7,7,0.0,0.0,0.0,0.0,0.09720022,0.0,0.0,0.9027998,0.0,0.0,0.0,0.0
7,7,0.0,0.0,0.0,0.0,0.09720022,0.0,0.0,0.9027998,0.0,0.0,0.0,0.0
7,7,0.0,0.0,0.0,0.0,0.09720022,0.0,0.0,0.9027998,0.0,0.0,0.0,0.0
7,7,0.0,0.0,0.0,0.0,0.09720022,0.0,0.0,0.9027998,0.0,0.0,0.0,0.0
7,7,0.0,0.0,0.0,0.0,0.09720022,0.0,0.0,0.9027998,0.0,0.0,0.0,0.0
7,7,0.0,0.0,0.0,0.0,0.09720022,0.0,0.0,0.9027998,0.0,0.0,0.0,0.0
7,7,0.0,0.0,0.0,0.0,0.09720022,0.0,0.0,0.9027998,0.0,0.0,0.0,0.0
7,7,0.0,0.0,0.0,0.0,0.09720022,0.0,0.0,0.9027998,0.0,0.0,0.0,0.0
7,7,0.0,0.0,0.0,0.0,0.09720022,0.0,0.0,0.9027998,0.0,0.0,0.0,0.0
7,7,0.0,0.0,0.0,0.0,0.09720022,0.0,0.0,0.9027998,0.0,0.0,0.0,0.0
7,7,0.0,0.0,0.0,0.0,0.09720022,0.0,0.0,0.9027998,0.0,0.0,0.0,0.0
7,7,0.0,0.0,0.0,0.0,0.09720022,0.0,0.0,0.9027998,0.0,0.0,0.0,0.0
7,7,0.0,0.0,0.0,0.0,0.09720022,0.0,0.0,0.9027998,0.0,0.0,0.0,0.0
7,7,0.0,0.0,0.0,0.0,0.09720022,0.0,0.0,0.9027998,0.0,0.0,0.0,0.0
7,7,0.0,0.0,0.0,0.0,0.09720022,0.0,0.0,0.9027998,0.0,0.0,0.0,0.0
7,7,0.0,0.0,0.0,0.0,0.09720022,0.0,0.0,0.9027998,0.0,0.0,0.0,0.0
7,7,0.0,0.0,0.0,0.0,0.09720022,0.0,0.0,0.9027998,0.0,0.0,0.0,0.0
7,7,0.0,0.0,0.0,0.0,0.09720022,0.0,0.0,0.9027998,0.0,0.0,0.0,0.0
7,7,0.0,0.0,0.0,0.0,0.09720022,0.0,0.0,0.9027998,0.0,0.0,0.0,0.0
7,7,0.0,0.0,0.0,0.0,0.09720022,0.0,0.0,0.9027998,0.0,0.0,0.0,0.0
7,7,0.0,0.0,0.0,0.0,0.09720022,0.0,0.0,0.9027998,0.0,0.0,0.0,0.0
7,7,0.0,0.0,0.0,0.0,0.09720022,0.0,0.0,0.9027998,0.0,0.0,0.0,0.0
7,7,0.0,0.0,0.0,0.0,0.09720022,0.0,0.0,0.9027998,0.0,0.0,0.0,0.0
7,7,0.0,0.0,0.0,0.0,0.09720022,0.0,0.0,0.9027998,0.0,0.0,0.0,0.0
7,7,0.0,0.0,0.0,0.0,0.09720022,0.0,0.0,0.9027998,0.0,0.0,0.0,0.0
7,7,0.0,0.0,0.0,0.0,0.09720022,0.0,0.0,0.9027998,0.0,0.0,0.0,0.0
7,7,0.0,0.0,0.0,0.0,0.09720022,0.0,0.0,0.9027998,0.0,0.0,0.0,0.0
7,7,0.0,0.0,0.0,0.0,0.09720022,0.0,0.0,0.9027998,0.0,0.0,0.0,0.0
7,7,0.0,0.0,0.0,0.0,0.09720022,0.0,0.0,0.9027998,0.0,0.0,0.0,0.0
7,7,0.0,0.0,0.0,0.0,0.09720022,0.0,0.0,0.9027998,0.0,0.0,0.0,0.0
7,7,0.0,0.0,0.0,0.0,0.09720022,0.0,0.0,0.9027998,0.0,0.0,0.0,0.0
7,7,0.0,0.0,0.0,0.0,0.09720022,0.0,0.0,0.9027998,0.0,0.0,0.0,0.0
7,7,0.0,0.0,0.0,0.0,0.09720022,0.0,0.0,0.9027998,0.0,0.0,0.0,0.0
7,7,0.0,0.0,0.0,0.0,0.09720022,0.0,0.0,0.9027998,0.0,0.0,0.0,0.0
7,7,0.0,0.0,0.0,0.0,0.09720022,0.0,0.0,0.9027998,0.0,0.0,0.0,0.0
7,7,0.0,0.0,0.0,0.0,0.09720022,0.0,0.0,0.9027998,0.0,0.0,0.0,0.0
7,7,0.0,0.0,0.0,0.0,0.09720022,0.0,0.0,0.9027998,0.0,0.0,0.0,0.0
7,7,0.0,0.0,0.0,0.0,0.09720022,0.0,0.0,0.9027998,0.0,0.0,0.0,0.0
7,7,0.0,0.0,0.0,0.0,0.09720022,0.0,0.0,0.9027998,0.0,0.0,0.0,0.0
7,7,0.0,0.0,0.0,0.0,0.09720022,0.0,0.0,0.9027998,0.0,0.0,0.0,0.0
7,7,0.0,0.0,0.0,0.0,0.09720022,0.0,0.0,0.9027998,0.0,0.0,0.0,0.0
7,7,0.0,0.0,0.0,0.0,0.09720022,0.0,0.0,0.9027998,0.0,0.0,0.0,0.0
7,7,0.0,0.0,0.0,0.0,0.09720022,0.0,0.0,0.9027998,0.0,0.0,0.0,0.0
7,7,0.0,0.0,0.0,0.0,0.09720022,0.0,0.0,0.9027998,0.0,0.0,0.0,0.0
7,7,0.0,0.0,0.0,0.0,0.09720022,0.0,0.0,0.9027998,0.0,0.0,0.0,0.0
7,7,0.0,0.0,0.0,0.0,0.09720022,0.0,0.0,0.9027998,0.0,0.0,0.0,0.0
7,7,0.0,0.0,0.0,0.0,0.09720022,0.0,0.0,0.9027998,0.0,0.0,0.0,0.0
7,7,0.0,0.0,0.0,0.0,0.09720022,0.0,0.0,0.9027998,0.0,0.0,0.0,0.0
7,7,0.0,0.0,0.0,0.0,0.09720022,0.0,0.0,0.9027998,0.0,0.0,0.0,0.0
7,7,0.0,0.0,0.0,0.0,0.09720022,0.0,0.0,0.9027998,0.0,0.0,0.0,0.0
7,7,0.0,0.0,0.0,0.0,0.09720022,0.0,0.0,0.9027998,0.0,0.0,0.0,0.0
7,7,0.0,0.0,0.0,0.0,0.09720022,0.0,0.0,0.9027998,0.0,0.0,0.0,0.0
7,7,0.0,0.0,0.0,0.0,0.09720022,0.0,0.0,0.9027998,0.0,0.0,0.0,0.0
7,7,0.0,0.0,0.0,0.0,0.09720022,0.0,0.0,0.9027998,0.0,0.0,0.0,0.0
7,7,0.0,0.0,0.0,0.0,0.09720022,0.0,0.0,0.9027998,0.0,0.0,0.0,0.0
7,7,0.0,0.0,0.0,0.0,0.09720022,0.0,0.0,0.9027998,0.0,0.0,0.0,0.0
7,7,0.0,0.0,0.0,0.0,0.09720022,0.0,0.0,0.9027998,0.0,0.0,0.0,0.0
7,7,0.0,0.0,0.0,0.0,0.09720022,0.0,0.0,0.9027998,0.0,0.0,0.0,0.0
7,7,0.0,0.0,0.0,0.0,0.09720022,0.0,0.0,0.9027998,0.0,0.0,0.0,0.0
7,7,0.0,0.0,0.0,0.0,0.09720022,0.0,0.0,0.9027998,0.0,0.0,0.0,0.0
7,7,0.0,0.0,0.0,0.0,0.09720022,0.0,0.0,0.9027998,0.0,0.0,0.0,0.0
7,7,0.0,0.0,0.0,0.0,0.09720022,0.0,0.0,0.9027998,0.0,0.0,0.0,0.0
7,7,0.0,0.0,0.0,0.0,0.09720022,0.0,0.0,0.9027998,0.0,0.0,0.0,0.0
7,7,0.0,0.0,0.0,0.0,0.09720022,0.0,0.0,0.9027998,0.0,0.0,0.0,0.0
7,7,0.0,0.0,0.0,0.0,0.09720022,0.0,0.0,0.9027998,0.0,0.0,0.0,0.0
7,7,0.0,0.0,0.0,0.0,0.09720022,0.0,0.0,0.9027998,0.0,0.0,0.0,0.0
7,7,0.0,0.0,0.0,0.0,0.09720022,0.0,0.0,0.9027998,0.0,0.0,0.0,0.0
7,7,0.0,0.0,0.0,0.0,0.09720022,0.0,0.0,0.9027998,0.0,0.0,0.0,0.0
7,7,0.0,0.0,0.0,0.0,0.09720022,0.0,0.0,0.9027998,0.0,0.0,0.0,0.0
7,7,0.0,0.0,0.0,0.0,0.09720022,0.0,0.0,0.9027998,0.0,0.0,0.0,0.0
7,7,0.0,0.0,0.0,0.0,0.09720022,0.0,0.0,0.9027998,0.0,0.0,0.0,0.0
7,7,0.0,0.0,0.0,0.0,0.09720022,0.0,0.0,0.9027998,0.0,0.0,0.0,0.0
7,7,0.0,0.0,0.0,0.0,0.09720022,0.0,0.0,0.9027998,0.0,0.0,0.0,0.0
7,7,0.0,0.0,0.0,0.0,0.09720022,0.0,0.0,0.9027998,0.0,0.0,0.0,0.0
7,7,0.0,0.0,0.0,0.0,0.09720022,0.0,0.0,0.9027998,0.0,0.0,0.0,0.0
7,7,0.0,0.0,0.0,0.0,0.09720022,0.0,0.0,0.9027998,0.0,0.0,0.0,0.0
7,7,0.0,0.0,0.0,0.0,0.09720022,0.0,0.0,0.9027998,0.0,0.0,0.0,0.0
7,7,0.0,0.0,0.0,0.0,0.09720022,0.0,0.0,0.9027998,0.0,0.0,0.0,0.0
7,7,0.0,0.0,0.0,0.0,0.09720022,0.0,0.0,0.9027998,0.0,0.0,0.0,0.0
7,7,0.0,0.0,0.0,0.0,0.09720022,0.0,0.0,0.9027998,0.0,0.0,0.0,0.0
7,7,0.0,0.0,0.0,0.0,0.09720022,0.0,0.0,0.9027998,0.0,0.0,0.0,0.0
7,7,0.0,0.0,0.0,0.0,0.09720022,0.0,0.0,0.9027998,0.0,0.0,0.0,0.0
7,7,0.0,0.0,0.0,0.0,0.09720022,0.0,0.0,0.9027998,0.0,0.0,0.0,0.0
7,7,0.0,0.0,0.0,0.0,0.09720022,0.0,0.0,0.9027998,0.0,0.0,0.0,0.0
7,7,0.0,0.0,0.0,0.0,0.09720022,0.0,0.0,0.9027998,0.0,0.0,0.0,0.0
7,7,0.0,0.0,0.0,0.0,0.09720022,0.0,0.0,0.9027998,0.0,0.0,0.0,0.0
7,7,0.0,0.0,0.0,0.0,0.09720022,0.0,0.0,0.9027998,0.0,0.0,0.0,0.0
7,7,0.0,0.0,0.0,0.0,0.09720022,0.0,0.0,0.9027998,0.0,0.0,0.0,0.0
7,7,0.0,0.0,0.0,0.0,0.09720022,0.0,0.0,0.9027998,0.0,0.0,0.0,0.0
7,7,0.0,0.0,0.0,0.0,0.09720022,0.0,0.0,0.9027998,0.0,0.0,0.0,0.0
7,7,0.0,0.0,0.0,0.0,0.09720022,0.0,0.0,0.9027998,0.0,0.0,0.0,0.0
7,7,0.0,0.0,0.0,0.0,0.09720022,0.0,0.0,0.9027998,0.0,0.0,0.0,0.0
7,7,0.0,0.0,0.0,0.0,0.09720022,0.0,0.0,0.9027998,0.0,0.0,0.0,0.0
7,7,0.0,0.0,0.0,0.0,0.09720022,0.0,0.0,0.9027998,0.0,0.0,0.0,0.0
7,7,0.0,0.0,0.0,0.0,0.09720022,0.0,0.0,0.9027998,0.0,0.0,0.0,0.0
7,7,0.0,0.0,0.0,0.0,0.09720022,0.0,0.0,0.9027998,0.0,0.0,0.0,0.0
7,7,0.0,0.0,0.0,0.0,0.09720022,0.0,0.0,0.9027998,0.0,0.0,0.0,0.0
7,7,0.0,0.0,0.0,0.0,0.09720022,0.0,0.0,0.9027998,0.0,0.0,0.0,0.0
7,7,0.0,0.0,0.0,0.0,0.09720022,0.0,0.0,0.9027998,0.0,0.0,0.0,0.0
7,7,0.0,0.0,0.0,0.0,0.09720022,0.0,0.0,0.9027998,0.0,0.0,0.0,0.0
7,7,0.0,0.0,0.0,0.0,0.09720022,0.0,0.0,0.9027998,0.0,0.0,0.0,0.0
7,7,0.0,0.0,0.0,0.0,0.09720022,0.0,0.0,0.9027998,0.0,0.0,0.0,0.0
7,7,0.0,0.0,0.049269997,0.0,0.047930222,0.0,0.0,0.9027998,0.0,0.0,0.0,0.0
7,7,0.0,0.0,0.049269997,0.0,0.047930222,0.0,0.0,0.9027998,0.0,0.0,0.0,0.0
7,7,0.0,0.0,0.049269997,0.0,0.047930222,0.0,0.0,0.9027998,0.0,0.0,0.0,0.0
7,7,0.0,0.0,0.049269997,0.0,0.047930222,0.0,0.0,0.9027998,0.0,0.0,0.0,0.0
7,7,0.0,0.0,0.049269997,0.0,0.047930222,0.0,0.0,0.9027998,0.0,0.0,0.0,0.0
7,7,0.0,0.0,0.049269997,0.0,0.047930222,0.0,0.0,0.9027998,0.0,0.0,0.0,0.0
7,7,0.0,0.0,0.049269997,0.0,0.047930222,0.0,0.0,0.9027998,0.0,0.0,0.0,0.0
7,7,0.0,0.0,0.049269997,0.0,0.047930222,0.0,0.0,0.9027998,0.0,0.0,0.0,0.0
7,7,0.0,0.0,0.049269997,0.0,0.047930222,0.0,0.0,0.9027998,0.0,0.0,0.0,0.0
7,7,0.0,0.0,0.049269997,0.0,0.047930222,0.0,0.0,0.9027998,0.0,0.0,0.0,0.0
7,7,0.0,0.0,0.049269997,0.0,0.047930222,0.0,0.0,0.9027998,0.0,0.0,0.0,0.0
7,7,0.0,0.0,0.049269997,0.0,0.047930222,0.0,0.0,0.9027998,0.0,0.0,0.0,0.0
7,7,0.0,0.0,0.049269997,0.0,0.047930222,0.0,0.0,0.9027998,0.0,0.0,0.0,0.0
7,7,0.0,0.0,0.049269997,0.0,0.047930222,0.0,0.0,0.9027998,0.0,0.0,0.0,0.0
7,7,0.0,0.0,0.049269997,0.0,0.047930222,0.0,0.0,0.9027998,0.0,0.0,0.0,0.0
7,7,0.0,0.0,0.049269997,0.0,0.047930222,0.0,0.0,0.9027998,0.0,0.0,0.0,0.0
7,7,0.0,0.0,0.049269997,0.0,0.047930222,0.0,0.0,0.9027998,0.0,0.0,0.0,0.0
7,7,0.0,0.0,0.049269997,0.0,0.047930222,0.0,0.0,0.9027998,0.0,0.0,0.0,0.0
7,7,0.0,0.0,0.049269997,0.0,0.047930222,0.0,0.0,0.9027998,0.0,0.0,0.0,0.0
7,7,0.0,0.0,0.049269997,0.0,0.047930222,0.0,0.0,0.9027998,0.0,0.0,0.0,0.0
7,7,0.0,0.0,0.049269997,0.0,0.047930222,0.0,0.0,0.9027998,0.0,0.0,0.0,0.0
7,7,0.0,0.0,0.049269997,0.0,0.047930222,0.0,0.0,0.9027998,0.0,0.0,0.0,0.0
7,7,0.0,0.0,0.049269997,0.0,0.047930222,0.0,0.0,0.9027998,0.0,0.0,0.0,0.0
7,7,0.0,0.0,0.049269997,0.0,0.047930222,0.0,0.0,0.9027998,0.0,0.0,0.0,0.0
7,7,0.0,0.0,0.049269997,0.0,0.047930222,0.0,0.0,0.9027998,0.0,0.0,0.0,0.0
7,7,0.0,0.0,0.049269997,0.0,0.047930222,0.0,0.0,0.9027998,0.0,0.0,0.0,0.0
7,7,0.0,0.0,0.049269997,0.0,0.047930222,0.0,0.0,0.9027998,0.0,0.0,0.0,0.0
7,7,0.0,0.0,0.049269997,0.0,0.047930222,0.0,0.0,0.9027998,0.0,0.0,0.0,0.0
7,7,0.0,0.0,0.049269997,0.0,0.047930222,0.0,0.0,0.9027998,0.0,0.0,0.0,0.0
7,7,0.0,0.0,0.049269997,0.0,0.047930222,0.0,0.0,0.9027998,0.0,0.0,0.0,0.0
7,7,0.0,0.0,0.049269997,0.0,0.047930222,0.0,0.0,0.9027998,0.0,0.0,0.0,0.0
7,7,0.0,0.0,0.049269997,0.0,0.047930222,0.0,0.0,0.9027998,0.0,0.0,0.0,0.0
7,7,0.0,0.0,0.049269997,0.0,0.047930222,0.0,0.0,0.9027998,0.0,0.0,0.0,0.0
7,7,0.0,0.0,0.049269997,0.0,0.047930222,0.0,0.0,0.9027998,0.0,0.0,0.0,0.0
7,7,0.0,0.0,0.049269997,0.0,0.047930222,0.0,0.0,0.9027998,0.0,0.0,0.0,0.0
7,7,0.0,0.0,0.049269997,0.0,0.047930222,0.0,0.0,0.9027998,0.0,0.0,0.0,0.0
7,7,0.0,0.0,0.049269997,0.0,0.047930222,0.0,0.0,0.9027998,0.0,0.0,0.0,0.0
7,7,0.0,0.0,0.049269997,0.0,0.047930222,0.0,0.0,0.9027998,0.0,0.0,0.0,0.0
7,7,0.0,0.0,0.049269997,0.0,0.047930222,0.0,0.0,0.9027998,0.0,0.0,0.0,0.0
7,7,0.0,0.0,0.049269997,0.0,0.047930222,0.0,0.0,0.9027998,0.0,0.0,0.0,0.0
7,7,0.0,0.0,0.049269997,0.0,0.047930222,0.0,0.0,0.9027998,0.0,0.0,0.0,0.0
7,7,0.0,0.0,0.049269997,0.0,0.047930222,0.0,0.0,0.9027998,0.0,0.0,0.0,0.0
7,7,0.0,0.0,0.049269997,0.0,0.047930222,0.0,0.0,0.9027998,0.0,0.0,0.0,0.0
7,7,0.0,0.0,0.049269997,0.0,0.047930222,0.0,0.0,0.9027998,0.0,0.0,0.0,0.0
7,7,0.0,0.0,0.049269997,0.0,0.047930222,0.0,0.0,0.9027998,0.0,0.0,0.0,0.0
7,7,0.0,0.0,0.049269997,0.0,0.047930222,0.0,0.0,0.9027998,0.0,0.0,0.0,0.0
7,7,0.0,0.0,0.049269997,0.0,0.047930222,0.0,0.0,0.9027998,0.0,0.0,0.0,0.0
7,7,0.0,0.0,0.049269997,0.0,0.047930222,0.0,0.0,0.9027998,0.0,0.0,0.0,0.0
7,7,0.0,0.0,0.049269997,0.0,0.047930222,0.0,0.0,0.9027998,0.0,0.0,0.0,0.0
7,7,0.0,0.0,0.049269997,0.0,0.047930222,0.0,0.0,0.9027998,0.0,0.0,0.0,0.0
7,7,0.0,0.0,0.049269997,0.0,0.047930222,0.0,0.0,0.9027998,0.0,0.0,0.0,0.0
7,7,0.0,0.0,0.049269997,0.0,0.047930222,0.0,0.0,0.9027998,0.0,0.0,0.0,0.0
7,7,0.0,0.0,0.04927,0.0,0.07444402,0.0,0.0,0.87628603,0.0,0.0,0.0,0.0
7,7,0.0,0.0,0.04927,0.0,0.07444402,0.0,0.0,0.87628603,0.0,0.0,0.0,0.0
7,7,0.0,0.0,0.04927,0.0,0.07444402,0.0,0.0,0.87628603,0.0,0.0,0.0,0.0
7,7,0.0,0.0,0.04927,0.0,0.07444402,0.0,0.0,0.87628603,0.0,0.0,0.0,0.0
7,7,0.0,0.0,0.04927,0.0,0.07444402,0.0,0.0,0.87628603,0.0,0.0,0.0,0.0
7,7,0.0,0.0,0.04927,0.0,0.07444402,0.0,0.0,0.87628603,0.0,0.0,0.0,0.0
7,7,0.0,0.0,0.04927,0.0,0.07444402,0.0,0.0,0.87628603,0.0,0.0,0.0,0.0
7,7,0.0,0.0,0.04927,0.0,0.07444402,0.0,0.0,0.87628603,0.0,0.0,0.0,0.0
7,7,0.0,0.0,0.04927,0.0,0.07444402,0.0,0.0,0.87628603,0.0,0.0,0.0,0.0
7,7,0.0,0.0,0.04927,0.0,0.07444402,0.0,0.0,0.87628603,0.0,0.0,0.0,0.0
7,7,0.0,0.0,0.04927,0.0,0.07444402,0.0,0.0,0.87628603,0.0,0.0,0.0,0.0
7,7,0.0,0.0,0.04927,0.0,0.07444402,0.0,0.0,0.87628603,0.0,0.0,0.0,0.0
7,7,0.0,0.0,0.04927,0.0,0.07444402,0.0,0.0,0.87628603,0.0,0.0,0.0,0.0
7,7,0.0,0.0,0.04927,0.0,0.07444402,0.0,0.0,0.87628603,0.0,0.0,0.0,0.0
7,7,0.0,0.0,0.04927,0.0,0.07444402,0.0,0.0,0.87628603,0.0,0.0,0.0,0.0
7,7,0.0,0.0,0.04927,0.0,0.07444402,0.0,0.0,0.87628603,0.0,0.0,0.0,0.0
7,7,0.0,0.0,0.04927,0.0,0.07444402,0.0,0.0,0.87628603,0.0,0.0,0.0,0.0
7,7,0.0,0.0,0.04927,0.0,0.07444402,0.0,0.0,0.87628603,0.0,0.0,0.0,0.0
7,7,0.0,0.0,0.04927,0.0,0.07444402,0.0,0.0,0.87628603,0.0,0.0,0.0,0.0
7,7,0.0,0.0,0.04927,0.0,0.07444402,0.0,0.0,0.87628603,0.0,0.0,0.0,0.0
7,7,0.0,0.0,0.04927,0.0,0.07444402,0.0,0.0,0.87628603,0.0,0.0,0.0,0.0
7,7,0.0,0.0,0.04927,0.0,0.07444402,0.0,0.0,0.87628603,0.0,0.0,0.0,0.0
7,7,0.0,0.0,0.04927,0.0,0.07444402,0.0,0.0,0.87628603,0.0,0.0,0.0,0.0
7,7,0.0,0.0,0.04927,0.0,0.07444402,0.0,0.0,0.87628603,0.0,0.0,0.0,0.0
7,7,0.0,0.0,0.04927,0.0,0.07444402,0.0,0.0,0.87628603,0.0,0.0,0.0,0.0
7,7,0.0,0.0,0.04927,0.0,0.07444402,0.0,0.0,0.87628603,0.0,0.0,0.0,0.0
7,7,0.0,0.0,0.04927,0.0,0.07444402,0.0,0.0,0.87628603,0.0,0.0,0.0,0.0
7,7,0.0,0.0,0.04927,0.0,0.07444402,0.0,0.0,0.87628603,0.0,0.0,0.0,0.0
7,7,0.0,0.0,0.04927,0.0,0.07444402,0.0,0.0,0.87628603,0.0,0.0,0.0,0.0
7,7,0.0,0.0,0.04927,0.0,0.07444402,0.0,0.0,0.87628603,0.0,0.0,0.0,0.0
7,7,0.0,0.0,0.04927,0.0,0.07444402,0.0,0.0,0.87628603,0.0,0.0,0.0,0.0
7,7,0.0,0.0,0.04927,0.0,0.07444402,0.0,0.0,0.87628603,0.0,0.0,0.0,0.0
7,7,0.0,0.0,0.04927,0.0,0.07444402,0.0,0.0,0.87628603,0.0,0.0,0.0,0.0
7,7,0.0,0.0,0.04927,0.0,0.07444402,0.0,0.0,0.87628603,0.0,0.0,0.0,0.0
7,7,0.0,0.0,0.04927,0.0,0.07444402,0.0,0.0,0.87628603,0.0,0.0,0.0,0.0
7,7,0.0,0.0,0.04927,0.0,0.07444402,0.0,0.0,0.87628603,0.0,0.0,0.0,0.0
7,7,0.0,0.0,0.04927,0.0,0.07444402,0.0,0.0,0.87628603,0.0,0.0,0.0,0.0
7,7,0.0,0.0,0.04927,0.0,0.07444402,0.0,0.0,0.87628603,0.0,0.0,0.0,0.0
7,7,0.0,0.0,0.04927,0.0,0.07444402,0.0,0.0,0.87628603,0.0,0.0,0.0,0.0
7,7,0.0,0.0,0.04927,0.0,0.07444402,0.0,0.0,0.87628603,0.0,0.0,0.0,0.0
7,7,0.0,0.0,0.04927,0.0,0.07444402,0.0,0.0,0.87628603,0.0,0.0,0.0,0.0
7,7,0.0,0.0,0.04927,0.0,0.07444402,0.0,0.0,0.87628603,0.0,0.0,0.0,0.0
7,7,0.0,0.0,0.04927,0.0,0.07444402,0.0,0.0,0.87628603,0.0,0.0,0.0,0.0
7,7,0.0,0.0,0.04927,0.0,0.07444402,0.0,0.0,0.87628603,0.0,0.0,0.0,0.0
7,7,0.0,0.0,0.04927,0.0,0.07444402,0.0,0.0,0.87628603,0.0,0.0,0.0,0.0
7,7,0.0,0.0,0.04927,0.0,0.07444402,0.0,0.0,0.87628603,0.0,0.0,0.0,0.0
7,7,0.0,0.0,0.04927,0.0,0.07444402,0.0,0.0,0.87628603,0.0,0.0,0.0,0.0
7,7,0.0,0.0,0.04927,0.0,0.07444402,0.0,0.0,0.87628603,0.0,0.0,0.0,0.0
7,7,0.0,0.0,0.04927,0.0,0.07444402,0.0,0.0,0.87628603,0.0,0.0,0.0,0.0
7,7,0.0,0.0,0.04927,0.0,0.07444402,0.0,0.0,0.87628603,0.0,0.0,0.0,0.0
7,7,0.0,0.0,0.04927,0.0,0.07444402,0.0,0.0,0.87628603,0.0,0.0,0.0,0.0
7,7,0.0,0.0,0.04927,0.0,0.07444402,0.0,0.0,0.87628603,0.0,0.0,0.0,0.0
7,7,0.0,0.0,0.04927,0.0,0.07444402,0.0,0.0,0.87628603,0.0,0.0,0.0,0.0
7,7,0.0,0.0,0.04927,0.0,0.07444402,0.0,0.0,0.87628603,0.0,0.0,0.0,0.0
7,7,0.0,0.0,0.04927,0.0,0.07444402,0.0,0.0,0.87628603,0.0,0.0,0.0,0.0
7,7,0.0,0.0,0.04927,0.0,0.07444402,0.0,0.0,0.87628603,0.0,0.0,0.0,0.0
7,7,0.0,0.0,0.04927,0.0,0.07444402,0.0,0.0,0.87628603,0.0,0.0,0.0,0.0
7,7,0.0,0.0,0.04927,0.0,0.07444402,0.0,0.0,0.87628603,0.0,0.0,0.0,0.0
7,7,0.0,0.0,0.04927,0.0,0.07444402,0.0,0.0,0.87628603,0.0,0.0,0.0,0.0
7,7,0.0,0.0,0.04927,0.0,0.07444402,0.0,0.0,0.87628603,0.0,0.0,0.0,0.0
7,7,0.0,0.0,0.04927,0.0,0.07444402,0.0,0.0,0.87628603,0.0,0.0,0.0,0.0
7,7,0.0,0.0,0.04927,0.0,0.07444402,0.0,0.0,0.87628603,0.0,0.0,0.0,0.0
7,7,0.0,0.0,0.04927,0.0,0.07444402,0.0,0.0,0.87628603,0.0,0.0,0.0,0.0
7,7,0.0,0.0,0.04927,0.0,0.07444402,0.0,0.0,0.87628603,0.0,0.0,0.0,0.0
7,7,0.0,0.0,0.04927,0.0,0.07444402,0.0,0.0,0.87628603,0.0,0.0,0.0,0.0
7,7,0.0,0.0,0.04927,0.0,0.07444402,0.0,0.0,0.87628603,0.0,0.0,0.0,0.0
7,7,0.0,0.0,0.04927,0.0,0.07444402,0.0,0.0,0.87628603,0.0,0.0,0.0,0.0
7,7,0.0,0.0,0.04927,0.0,0.07444402,0.0,0.0,0.87628603,0.0,0.0,0.0,0.0
7,7,0.0,0.0,0.04927,0.0,0.07444402,0.0,0.0,0.87628603,0.0,0.0,0.0,0.0
7,7,0.0,0.0,0.04927,0.0,0.07444402,0.0,0.0,0.87628603,0.0,0.0,0.0,0.0
7,7,0.0,0.0,0.04927,0.0,0.07444402,0.0,0.0,0.87628603,0.0,0.0,0.0,0.0
7,7,0.0,0.0,0.04927,0.0,0.07444402,0.0,0.0,0.87628603,0.0,0.0,0.0,0.0
7,7,0.0,0.0,0.04927,0.0,0.07444402,0.0,0.0,0.87628603,0.0,0.0,0.0,0.0
7,7,0.0,0.0,0.04927,0.0,0.07444402,0.0,0.0,0.87628603,0.0,0.0,0.0,0.0
7,7,0.0,0.0,0.04927,0.0,0.07444402,0.0,0.0,0.87628603,0.0,0.0,0.0,0.0
7,7,0.0,0.0,0.04927,0.0,0.07444402,0.0,0.0,0.87628603,0.0,0.0,0.0,0.0
7,7,0.0,0.0,0.04927,0.0,0.07444402,0.0,0.0,0.87628603,0.0,0.0,0.0,0.0
7,7,0.0,0.0,0.04927,0.0,0.07444402,0.0,0.0,0.87628603,0.0,0.0,0.0,0.0
7,7,0.0,0.0,0.04927,0.0,0.07444402,0.0,0.0,0.87628603,0.0,0.0,0.0,0.0
7,7,0.0,0.0,0.04927,0.0,0.07444402,0.0,0.0,0.87628603,0.0,0.0,0.0,0.0
7,7,0.0,0.0,0.04927,0.0,0.07444402,0.0,0.0,0.87628603,0.0,0.0,0.0,0.0
7,7,0.0,0.0,0.04927,0.0,0.07444402,0.0,0.0,0.87628603,0.0,0.0,0.0,0.0
7,7,0.0,0.0,0.04927,0.0,0.07444402,0.0,0.0,0.87628603,0.0,0.0,0.0,0.0
7,7,0.0,0.0,0.04927,0.0,0.07444402,0.0,0.0,0.87628603,0.0,0.0,0.0,0.0
7,7,0.0,0.0,0.04927,0.0,0.07444402,0.0,0.0,0.87628603,0.0,0.0,0.0,0.0
7,7,0.0,0.0,0.04927,0.0,0.07444402,0.0,0.0,0.87628603,0.0,0.0,0.0,0.0
7,7,0.0,0.0,0.04927,0.0,0.07444402,0.0,0.0,0.87628603,0.0,0.0,0.0,0.0
7,7,0.0,0.0,0.04927,0.0,0.07444402,0.0,0.0,0.87628603,0.0,0.0,0.0,0.0
7,7,0.0,0.0,0.04927,0.0,0.07444402,0.0,0.0,0.87628603,0.0,0.0,0.0,0.0
7,7,0.0,0.0,0.04927,0.0,0.07444402,0.0,0.0,0.87628603,0.0,0.0,0.0,0.0
7,7,0.0,0.0,0.04927,0.0,0.07444402,0.0,0.0,0.87628603,0.0,0.0,0.0,0.0
7,7,0.0,0.0,0.04927,0.0,0.07444402,0.0,0.0,0.87628603,0.0,0.0,0.0,0.0
7,7,0.0,0.0,0.04927,0.0,0.07444402,0.0,0.0,0.87628603,0.0,0.0,0.0,0.0
7,7,0.0,0.0,0.04927,0.0,0.07444402,0.0,0.0,0.87628603,0.0,0.0,0.0,0.0
7,7,0.0,0.0,0.04927,0.0,0.07444402,0.0,0.0,0.87628603,0.0,0.0,0.0,0.0
7,7,0.0,0.0,0.04927,0.0,0.07444402,0.0,0.0,0.87628603,0.0,0.0,0.0,0.0
7,7,0.0,0.0,0.04927,0.0,0.07444402,0.0,0.0,0.87628603,0.0,0.0,0.0,0.0
7,7,0.0,0.0,0.04927,0.0,0.07444402,0.0,0.0,0.87628603,0.0,0.0,0.0,0.0
7,7,0.0,0.0,0.04927,0.0,0.07444402,0.0,0.0,0.87628603,0.0,0.0,0.0,0.0
7,7,0.0,0.0,0.04927,0.0,0.07444402,0.0,0.0,0.87628603,0.0,0.0,0.0,0.0
7,7,0.0,0.0,0.04927,0.0,0.07444402,0.0,0.0,0.87628603,0.0,0.0,0.0,0.0
7,7,0.0,0.0,0.04927,0.0,0.07444402,0.0,0.0,0.87628603,0.0,0.0,0.0,0.0
7,7,0.0,0.0,0.04927,0.0,0.07444402,0.0,0.0,0.87628603,0.0,0.0,0.0,0.0
7,7,0.0,0.0,0.04927,0.0,0.07444402,0.0,0.0,0.87628603,0.0,0.0,0.0,0.0
7,7,0.0,0.0,0.04927,0.0,0.07444402,0.0,0.0,0.87628603,0.0,0.0,0.0,0.0
7,7,0.0,0.0,0.04927,0.0,0.07444402,0.0,0.0,0.87628603,0.0,0.0,0.0,0.0
7,7,0.0,0.0,0.04927,0.0,0.07444402,0.0,0.0,0.87628603,0.0,0.0,0.0,0.0
7,7,0.0,0.0,0.04927,0.0,0.07444402,0.0,0.0,0.87628603,0.0,0.0,0.0,0.0
7,7,0.0,0.0,0.04927,0.0,0.07444402,0.0,0.0,0.87628603,0.0,0.0,0.0,0.0
7,7,0.0,0.0,0.04927,0.0,0.07444402,0.0,0.0,0.87628603,0.0,0.0,0.0,0.0
7,7,0.0,0.0,0.04927,0.0,0.07444402,0.0,0.0,0.87628603,0.0,0.0,0.0,0.0
7,7,0.0,0.0,0.04927,0.0,0.07444402,0.0,0.0,0.87628603,0.0,0.0,0.0,0.0
7,7,0.0,0.0,0.04927,0.0,0.07444402,0.0,0.0,0.87628603,0.0,0.0,0.0,0.0
7,7,0.0,0.0,0.04927,0.0,0.07444402,0.0,0.0,0.87628603,0.0,0.0,0.0,0.0
7,7,0.0,0.0,0.04927,0.0,0.07444402,0.0,0.0,0.87628603,0.0,0.0,0.0,0.0
7,7,0.0,0.0,0.04927,0.0,0.07444402,0.0,0.0,0.87628603,0.0,0.0,0.0,0.0
7,7,0.0,0.0,0.04927,0.0,0.07444402,0.0,0.0,0.87628603,0.0,0.0,0.0,0.0
7,7,0.0,0.0,0.04927,0.0,0.07444402,0.0,0.0,0.87628603,0.0,0.0,0.0,0.0
7,7,0.0,0.0,0.04927,0.0,0.07444402,0.0,0.0,0.87628603,0.0,0.0,0.0,0.0
7,7,0.0,0.0,0.04927,0.0,0.07444402,0.0,0.0,0.87628603,0.0,0.0,0.0,0.0
7,7,0.0,0.0,0.04927,0.0,0.07444402,0.0,0.0,0.87628603,0.0,0.0,0.0,0.0
7,7,0.0,0.0,0.04927,0.0,0.07444402,0.0,0.0,0.87628603,0.0,0.0,0.0,0.0
7,7,0.0,0.0,0.04927,0.0,0.07444402,0.0,0.0,0.87628603,0.0,0.0,0.0,0.0
7,7,0.0,0.0,0.04927,0.0,0.07444402,0.0,0.0,0.87628603,0.0,0.0,0.0,0.0
7,7,0.0,0.0,0.04927,0.0,0.07444402,0.0,0.0,0.87628603,0.0,0.0,0.0,0.0
7,7,0.0,0.0,0.04927,0.0,0.07444402,0.0,0.0,0.87628603,0.0,0.0,0.0,0.0
7,7,0.0,0.0,0.04927,0.0,0.07444402,0.0,0.0,0.87628603,0.0,0.0,0.0,0.0
7,7,0.0,0.0,0.04927,0.0,0.07444402,0.0,0.0,0.87628603,0.0,0.0,0.0,0.0
7,7,0.0,0.0,0.04927,0.0,0.07444402,0.0,0.0,0.87628603,0.0,0.0,0.0,0.0
7,7,0.0,0.0,0.04927,0.0,0.07444402,0.0,0.0,0.87628603,0.0,0.0,0.0,0.0
7,7,0.0,0.0,0.04927,0.0,0.07444402,0.0,0.0,0.87628603,0.0,0.0,0.0,0.0
7,7,0.0,0.0,0.04927,0.0,0.07444402,0.0,0.0,0.87628603,0.0,0.0,0.0,0.0
7,7,0.0,0.0,0.04927,0.0,0.07444402,0.0,0.0,0.87628603,0.0,0.0,0.0,0.0
7,7,0.0,0.0,0.04927,0.0,0.07444402,0.0,0.0,0.87628603,0.0,0.0,0.0,0.0
7,7,0.0,0.0,0.04927,0.0,0.07444402,0.0,0.0,0.87628603,0.0,0.0,0.0,0.0
7,7,0.0,0.0,0.04927,0.0,0.07444402,0.0,0.0,0.87628603,0.0,0.0,0.0,0.0
7,7,0.0,0.0,0.04927,0.0,0.07444402,0.0,0.0,0.87628603,0.0,0.0,0.0,0.0
7,7,0.0,0.0,0.04927,0.0,0.07444402,0.0,0.0,0.87628603,0.0,0.0,0.0,0.0
7,7,0.0,0.0,0.04927,0.0,0.07444402,0.0,0.0,0.87628603,0.0,0.0,0.0,0.0
7,7,0.0,0.0,0.04927,0.0,0.07444402,0.0,0.0,0.87628603,0.0,0.0,0.0,0.0
7,7,0.0,0.0,0.04927,0.0,0.07444402,0.0,0.0,0.87628603,0.0,0.0,0.0,0.0
7,7,0.0,0.0,0.04927,0.0,0.07444402,0.0,0.0,0.87628603,0.0,0.0,0.0,0.0
7,7,0.0,0.0,0.04927,0.0,0.07444402,0.0,0.0,0.87628603,0.0,0.0,0.0,0.0
7,7,0.0,0.0,0.04927,0.0,0.07444402,0.0,0.0,0.87628603,0.0,0.0,0.0,0.0
7,7,0.0,0.0,0.04927,0.0,0.07444402,0.0,0.0,0.87628603,0.0,0.0,0.0,0.0
7,7,0.0,0.0,0.04927,0.0,0.07444402,0.0,0.0,0.87628603,0.0,0.0,0.0,0.0
7,7,0.0,0.0,0.04927,0.0,0.07444402,0.0,0.0,0.87628603,0.0,0.0,0.0,0.0
7,7,0.0,0.0,0.04927,0.0,0.07444402,0.0,0.0,0.87628603,0.0,0.0,0.0,0.0
7,7,0.0,0.0,0.04927,0.0,0.07444402,0.0,0.0,0.87628603,0.0,0.0,0.0,0.0
7,7,0.0,0.0,0.04927,0.0,0.07444402,0.0,0.0,0.87628603,0.0,0.0,0.0,0.0
7,7,0.0,0.0,0.04927,0.0,0.07444402,0.0,0.0,0.87628603,0.0,0.0,0.0,0.0
7,7,0.0,0.0,0.04927,0.0,0.07444402,0.0,0.0,0.87628603,0.0,0.0,0.0,0.0
7,7,0.0,0.0,0.04927,0.0,0.07444402,0.0,0.0,0.87628603,0.0,0.0,0.0,0.0
7,7,0.0,0.0,0.04927,0.0,0.07444402,0.0,0.0,0.87628603,0.0,0.0,0.0,0.0
7,7,0.0,0.0,0.0,0.0,0.12371401,0.0,0.0,0.876286,0.0,0.0,0.0,0.0
7,7,0.0,0.0,0.0,0.0,0.12371401,0.0,0.0,0.876286,0.0,0.0,0.0,0.0
7,7,0.0,0.0,0.0,0.0,0.12371401,0.0,0.0,0.876286,0.0,0.0,0.0,0.0
7,7,0.0,0.0,0.0,0.0,0.12371401,0.0,0.0,0.876286,0.0,0.0,0.0,0.0
7,7,0.0,0.0,0.0,0.0,0.12371401,0.0,0.0,0.876286,0.0,0.0,0.0,0.0
7,7,0.0,0.0,0.0,0.0,0.12371401,0.0,0.0,0.876286,0.0,0.0,0.0,0.0
7,7,0.0,0.0,0.0,0.0,0.12371401,0.0,0.0,0.876286,0.0,0.0,0.0,0.0
7,7,0.0,0.0,0.0,0.0,0.12371401,0.0,0.0,0.876286,0.0,0.0,0.0,0.0
7,7,0.0,0.0,0.0,0.0,0.12371401,0.0,0.0,0.876286,0.0,0.0,0.0,0.0
7,7,0.0,0.0,0.0,0.0,0.12371401,0.0,0.0,0.876286,0.0,0.0,0.0,0.0
7,7,0.0,0.0,0.0,0.0,0.12371401,0.0,0.0,0.876286,0.0,0.0,0.0,0.0
7,7,0.0,0.0,0.0,0.0,0.12371401,0.0,0.0,0.876286,0.0,0.0,0.0,0.0
7,7,0.0,0.0,0.0,0.0,0.12371401,0.0,0.0,0.876286,0.0,0.0,0.0,0.0
7,7,0.0,0.0,0.0,0.0,0.12371401,0.0,0.0,0.876286,0.0,0.0,0.0,0.0
7,7,0.0,0.0,0.0,0.0,0.12371401,0.0,0.0,0.876286,0.0,0.0,0.0,0.0
7,7,0.0,0.0,0.0,0.0,0.12371401,0.0,0.0,0.876286,0.0,0.0,0.0,0.0
7,7,0.0,0.0,0.0,0.0,0.12371401,0.0,0.0,0.876286,0.0,0.0,0.0,0.0
7,7,0.0,0.0,0.0,0.0,0.12371401,0.0,0.0,0.876286,0.0,0.0,0.0,0.0
7,7,0.0,0.0,0.0,0.0,0.12371401,0.0,0.0,0.876286,0.0,0.0,0.0,0.0
7,7,0.0,0.0,0.0,0.0,0.12371401,0.0,0.0,0.876286,0.0,0.0,0.0,0.0
7,7,0.0,0.0,0.0,0.0,0.12371401,0.0,0.0,0.876286,0.0,0.0,0.0,0.0
7,7,0.0,0.0,0.0,0.0,0.12371401,0.0,0.0,0.876286,0.0,0.0,0.0,0.0
7,7,0.0,0.0,0.0,0.0,0.12371401,0.0,0.0,0.876286,0.0,0.0,0.0,0.0
7,7,0.0,0.0,0.0,0.0,0.12371401,0.0,0.0,0.876286,0.0,0.0,0.0,0.0
7,7,0.0,0.0,0.0,0.0,0.12371401,0.0,0.0,0.876286,0.0,0.0,0.0,0.0
7,7,0.0,0.0,0.0,0.0,0.12371401,0.0,0.0,0.876286,0.0,0.0,0.0,0.0
7,7,0.0,0.0,0.0,0.0,0.12371401,0.0,0.0,0.876286,0.0,0.0,0.0,0.0
7,7,0.0,0.0,0.0,0.0,0.12371401,0.0,0.0,0.876286,0.0,0.0,0.0,0.0
7,7,0.0,0.0,0.0,0.0,0.12371401,0.0,0.0,0.876286,0.0,0.0,0.0,0.0
7,7,0.0,0.0,0.0,0.0,0.12371401,0.0,0.0,0.876286,0.0,0.0,0.0,0.0
7,7,0.0,0.0,0.0,0.0,0.12371401,0.0,0.0,0.876286,0.0,0.0,0.0,0.0
7,7,0.0,0.0,0.0,0.0,0.12371401,0.0,0.0,0.876286,0.0,0.0,0.0,0.0
7,7,0.0,0.0,0.0,0.0,0.12371401,0.0,0.0,0.876286,0.0,0.0,0.0,0.0
7,7,0.0,0.0,0.0,0.0,0.12371401,0.0,0.0,0.876286,0.0,0.0,0.0,0.0
7,7,0.0,0.0,0.0,0.0,0.12371401,0.0,0.0,0.876286,0.0,0.0,0.0,0.0
7,7,0.0,0.0,0.0,0.0,0.12371401,0.0,0.0,0.876286,0.0,0.0,0.0,0.0
7,7,0.0,0.0,0.0,0.0,0.12371401,0.0,0.0,0.876286,0.0,0.0,0.0,0.0
7,7,0.0,0.0,0.0,0.0,0.12371401,0.0,0.0,0.876286,0.0,0.0,0.0,0.0
7,7,0.0,0.0,0.0,0.0,0.12371401,0.0,0.0,0.876286,0.0,0.0,0.0,0.0
7,7,0.0,0.0,0.0,0.0,0.12371401,0.0,0.0,0.876286,0.0,0.0,0.0,0.0
7,7,0.0,0.0,0.0,0.0,0.12371401,0.0,0.0,0.876286,0.0,0.0,0.0,0.0
7,7,0.0,0.0,0.0,0.0,0.12371401,0.0,0.0,0.876286,0.0,0.0,0.0,0.0
7,7,0.0,0.0,0.0,0.0,0.12371401,0.0,0.0,0.876286,0.0,0.0,0.0,0.0
7,7,0.0,0.0,0.0,0.0,0.12371401,0.0,0.0,0.876286,0.0,0.0,0.0,0.0
7,7,0.0,0.0,0.0,0.0,0.12371401,0.0,0.0,0.876286,0.0,0.0,0.0,0.0
7,7,0.0,0.0,0.0,0.0,0.12371401,0.0,0.0,0.876286,0.0,0.0,0.0,0.0
7,7,0.0,0.0,0.0,0.0,0.12371401,0.0,0.0,0.876286,0.0,0.0,0.0,0.0
7,7,0.0,0.0,0.0,0.0,0.12371401,0.0,0.0,0.876286,0.0,0.0,0.0,0.0
7,7,0.0,0.0,0.0,0.0,0.12371401,0.0,0.0,0.876286,0.0,0.0,0.0,0.0
7,7,0.0,0.0,0.0,0.0,0.12371401,0.0,0.0,0.876286,0.0,0.0,0.0,0.0
7,7,0.0,0.0,0.0,0.0,0.12371401,0.0,0.0,0.876286,0.0,0.0,0.0,0.0
7,7,0.0,0.0,0.0,0.0,0.12371401,0.0,0.0,0.876286,0.0,0.0,0.0,0.0
7,7,0.0,0.0,0.0,0.0,0.12371401,0.0,0.0,0.876286,0.0,0.0,0.0,0.0
7,7,0.0,0.0,0.0,0.0,0.12371401,0.0,0.0,0.876286,0.0,0.0,0.0,0.0
7,7,0.0,0.0,0.0,0.0,0.12371401,0.0,0.0,0.876286,0.0,0.0,0.0,0.0
7,7,0.0,0.0,0.0,0.0,0.12371401,0.0,0.0,0.876286,0.0,0.0,0.0,0.0
7,7,0.0,0.0,0.0,0.0,0.12371401,0.0,0.0,0.876286,0.0,0.0,0.0,0.0
7,7,0.0,0.0,0.0,0.0,0.12371401,0.0,0.0,0.876286,0.0,0.0,0.0,0.0
7,7,0.0,0.0,0.0,0.0,0.12371401,0.0,0.0,0.876286,0.0,0.0,0.0,0.0
7,7,0.0,0.0,0.0,0.0,0.12371401,0.0,0.0,0.876286,0.0,0.0,0.0,0.0
7,7,0.0,0.0,0.0,0.0,0.12371401,0.0,0.0,0.876286,0.0,0.0,0.0,0.0
7,7,0.0,0.0,0.0,0.0,0.12371401,0.0,0.0,0.876286,0.0,0.0,0.0,0.0
7,7,0.0,0.0,0.0,0.0,0.12371401,0.0,0.0,0.876286,0.0,0.0,0.0,0.0
7,7,0.0,0.0,0.0,0.0,0.12371401,0.0,0.0,0.876286,0.0,0.0,0.0,0.0
7,7,0.0,0.0,0.0,0.0,0.12371401,0.0,0.0,0.876286,0.0,0.0,0.0,0.0
7,7,0.0,0.0,0.0,0.0,0.12371401,0.0,0.0,0.876286,0.0,0.0,0.0,0.0
7,7,0.0,0.0,0.0,0.0,0.12371401,0.0,0.0,0.876286,0.0,0.0,0.0,0.0
7,7,0.0,0.0,0.0,0.0,0.12371401,0.0,0.0,0.876286,0.0,0.0,0.0,0.0
7,7,0.0,0.0,0.0,0.0,0.15535198,0.0,0.0,0.844648,0.0,0.0,0.0,0.0
7,7,0.0,0.0,0.0,0.0,0.15535198,0.0,0.0,0.844648,0.0,0.0,0.0,0.0
7,7,0.0,0.0,0.0,0.0,0.1288382,0.0,0.0,0.8711618,0.0,0.0,0.0,0.0
7,7,0.0,0.0,0.0,0.0,0.1288382,0.0,0.0,0.8711618,0.0,0.0,0.0,0.0
7,7,0.0,0.0,0.0,0.0,0.1288382,0.0,0.0,0.8711618,0.0,0.0,0.0,0.0
7,7,0.0,0.0,0.0,0.0,0.1288382,0.0,0.0,0.8711618,0.0,0.0,0.0,0.0
7,7,0.0,0.0,0.0,0.0,0.1288382,0.0,0.0,0.8711618,0.0,0.0,0.0,0.0
7,7,0.0,0.0,0.0,0.0,0.1288382,0.0,0.0,0.8711618,0.0,0.0,0.0,0.0
7,7,0.0,0.0,0.0,0.0,0.1288382,0.0,0.0,0.8711618,0.0,0.0,0.0,0.0
7,7,0.0,0.0,0.0,0.0,0.1288382,0.0,0.0,0.8711618,0.0,0.0,0.0,0.0
7,7,0.0,0.0,0.0,0.0,0.1288382,0.0,0.0,0.8711618,0.0,0.0,0.0,0.0
7,7,0.0,0.0,0.0,0.0,0.1288382,0.0,0.0,0.8711618,0.0,0.0,0.0,0.0
7,7,0.0,0.0,0.0,0.0,0.1288382,0.0,0.0,0.8711618,0.0,0.0,0.0,0.0
7,7,0.0,0.0,0.0,0.0,0.1288382,0.0,0.0,0.8711618,0.0,0.0,0.0,0.0
7,7,0.0,0.0,0.0,0.0,0.1288382,0.0,0.0,0.8711618,0.0,0.0,0.0,0.0
7,7,0.0,0.0,0.0,0.0,0.1288382,0.0,0.0,0.8711618,0.0,0.0,0.0,0.0
7,7,0.0,0.0,0.0,0.0,0.1288382,0.0,0.0,0.8711618,0.0,0.0,0.0,0.0
7,7,0.0,0.0,0.0,0.0,0.1288382,0.0,0.0,0.8711618,0.0,0.0,0.0,0.0
7,7,0.0,0.0,0.0,0.0,0.1288382,0.0,0.0,0.8711618,0.0,0.0,0.0,0.0
7,7,0.0,0.0,0.0,0.0,0.1288382,0.0,0.0,0.8711618,0.0,0.0,0.0,0.0
7,7,0.0,0.0,0.0,0.0,0.1288382,0.0,0.0,0.8711618,0.0,0.0,0.0,0.0
7,7,0.0,0.0,0.0,0.0,0.1288382,0.0,0.0,0.8711618,0.0,0.0,0.0,0.0
7,7,0.0,0.0,0.0,0.0,0.1288382,0.0,0.0,0.8711618,0.0,0.0,0.0,0.0
7,7,0.0,0.0,0.0,0.0,0.1288382,0.0,0.0,0.8711618,0.0,0.0,0.0,0.0
7,7,0.0,0.0,0.0,0.0,0.1288382,0.0,0.0,0.8711618,0.0,0.0,0.0,0.0
7,7,0.0,0.0,0.0,0.0,0.1288382,0.0,0.0,0.8711618,0.0,0.0,0.0,0.0
7,7,0.0,0.0,0.0,0.0,0.1288382,0.0,0.0,0.8711618,0.0,0.0,0.0,0.0
7,7,0.0,0.0,0.0,0.0,0.1288382,0.0,0.0,0.8711618,0.0,0.0,0.0,0.0
7,7,0.0,0.0,0.0,0.0,0.1288382,0.0,0.0,0.8711618,0.0,0.0,0.0,0.0
7,7,0.0,0.0,0.0,0.0,0.1288382,0.0,0.0,0.8711618,0.0,0.0,0.0,0.0
7,7,0.0,0.0,0.0,0.0,0.1288382,0.0,0.0,0.8711618,0.0,0.0,0.0,0.0
7,7,0.0,0.0,0.0,0.0,0.1288382,0.0,0.0,0.8711618,0.0,0.0,0.0,0.0
7,7,0.0,0.0,0.0,0.0,0.1288382,0.0,0.0,0.8711618,0.0,0.0,0.0,0.0
7,7,0.0,0.0,0.0,0.0,0.1288382,0.0,0.0,0.8711618,0.0,0.0,0.0,0.0
7,7,0.0,0.0,0.0,0.0,0.1288382,0.0,0.0,0.8711618,0.0,0.0,0.0,0.0
7,7,0.0,0.0,0.0,0.0,0.1288382,0.0,0.0,0.8711618,0.0,0.0,0.0,0.0
7,7,0.0,0.0,0.0,0.0,0.1288382,0.0,0.0,0.8711618,0.0,0.0,0.0,0.0
7,7,0.0,0.0,0.0,0.0,0.1288382,0.0,0.0,0.8711618,0.0,0.0,0.0,0.0
7,7,0.0,0.0,0.0,0.0,0.09720022,0.0,0.0,0.9027998,0.0,0.0,0.0,0.0
7,7,0.0,0.0,0.0,0.0,0.09720022,0.0,0.0,0.9027998,0.0,0.0,0.0,0.0
7,7,0.0,0.0,0.0,0.0,0.09720022,0.0,0.0,0.9027998,0.0,0.0,0.0,0.0
7,7,0.0,0.0,0.0,0.0,0.09720022,0.0,0.0,0.9027998,0.0,0.0,0.0,0.0
7,7,0.0,0.0,0.0,0.0,0.09720022,0.0,0.0,0.9027998,0.0,0.0,0.0,0.0
7,7,0.0,0.0,0.0,0.0,0.09720022,0.0,0.0,0.9027998,0.0,0.0,0.0,0.0
7,7,0.0,0.0,0.0,0.0,0.09720022,0.0,0.0,0.9027998,0.0,0.0,0.0,0.0
7,7,0.0,0.0,0.0,0.0,0.09720022,0.0,0.0,0.9027998,0.0,0.0,0.0,0.0
7,7,0.0,0.0,0.0,0.0,0.09720022,0.0,0.0,0.9027998,0.0,0.0,0.0,0.0
7,7,0.0,0.0,0.0,0.0,0.09720022,0.0,0.0,0.9027998,0.0,0.0,0.0,0.0
7,7,0.0,0.0,0.0,0.0,0.09720022,0.0,0.0,0.9027998,0.0,0.0,0.0,0.0
7,7,0.0,0.0,0.0,0.0,0.09720022,0.0,0.0,0.9027998,0.0,0.0,0.0,0.0
7,7,0.0,0.0,0.0,0.0,0.09720022,0.0,0.0,0.9027998,0.0,0.0,0.0,0.0
7,7,0.0,0.0,0.0,0.0,0.09720022,0.0,0.0,0.9027998,0.0,0.0,0.0,0.0
7,7,0.0,0.0,0.0,0.0,0.09720022,0.0,0.0,0.9027998,0.0,0.0,0.0,0.0
7,7,0.0,0.0,0.0,0.0,0.09720022,0.0,0.0,0.9027998,0.0,0.0,0.0,0.0
7,7,0.0,0.0,0.0,0.0,0.09720022,0.0,0.0,0.9027998,0.0,0.0,0.0,0.0
7,7,0.0,0.0,0.0,0.0,0.09720022,0.0,0.0,0.9027998,0.0,0.0,0.0,0.0
7,7,0.0,0.0,0.0,0.0,0.09720022,0.0,0.0,0.9027998,0.0,0.0,0.0,0.0
7,7,0.0,0.0,0.0,0.0,0.09720022,0.0,0.0,0.9027998,0.0,0.0,0.0,0.0
7,7,0.0,0.0,0.0,0.0,0.09720022,0.0,0.0,0.9027998,0.0,0.0,0.0,0.0
7,7,0.0,0.0,0.0,0.0,0.09720022,0.0,0.0,0.9027998,0.0,0.0,0.0,0.0
7,7,0.0,0.0,0.0,0.0,0.09720022,0.0,0.0,0.9027998,0.0,0.0,0.0,0.0
7,7,0.0,0.0,0.0,0.0,0.09720022,0.0,0.0,0.9027998,0.0,0.0,0.0,0.0
7,7,0.0,0.0,0.0,0.0,0.09720022,0.0,0.0,0.9027998,0.0,0.0,0.0,0.0
7,7,0.0,0.0,0.0,0.0,0.09720022,0.0,0.0,0.9027998,0.0,0.0,0.0,0.0
7,7,0.0,0.0,0.0,0.0,0.09720022,0.0,0.0,0.9027998,0.0,0.0,0.0,0.0
7,7,0.0,0.0,0.0,0.0,0.09720022,0.0,0.0,0.9027998,0.0,0.0,0.0,0.0
7,7,0.0,0.0,0.0,0.0,0.09720022,0.0,0.0,0.9027998,0.0,0.0,0.0,0.0
7,7,0.0,0.0,0.0,0.0,0.09720022,0.0,0.0,0.9027998,0.0,0.0,0.0,0.0
7,7,0.0,0.0,0.0,0.0,0.09720022,0.0,0.0,0.9027998,0.0,0.0,0.0,0.0
7,7,0.0,0.0,0.0,0.0,0.09720022,0.0,0.0,0.9027998,0.0,0.0,0.0,0.0
7,7,0.0,0.0,0.0,0.0,0.09720022,0.0,0.0,0.9027998,0.0,0.0,0.0,0.0
7,7,0.0,0.0,0.0,0.0,0.09720022,0.0,0.0,0.9027998,0.0,0.0,0.0,0.0
7,7,0.0,0.0,0.0,0.0,0.09720022,0.0,0.0,0.9027998,0.0,0.0,0.0,0.0
7,7,0.0,0.0,0.0,0.0,0.09720022,0.0,0.0,0.9027998,0.0,0.0,0.0,0.0
7,7,0.0,0.0,0.0,0.0,0.09720022,0.0,0.0,0.9027998,0.0,0.0,0.0,0.0
7,7,0.0,0.0,0.0,0.0,0.09720022,0.0,0.0,0.9027998,0.0,0.0,0.0,0.0
7,7,0.0,0.0,0.0,0.0,0.09720022,0.0,0.0,0.9027998,0.0,0.0,0.0,0.0
7,7,0.0,0.0,0.0,0.0,0.09720022,0.0,0.0,0.9027998,0.0,0.0,0.0,0.0
7,7,0.0,0.0,0.0,0.0,0.09720022,0.0,0.0,0.9027998,0.0,0.0,0.0,0.0
7,7,0.0,0.0,0.0,0.0,0.09720022,0.0,0.0,0.9027998,0.0,0.0,0.0,0.0
7,7,0.0,0.0,0.0,0.0,0.09720022,0.0,0.0,0.9027998,0.0,0.0,0.0,0.0
7,7,0.0,0.0,0.0,0.0,0.09720022,0.0,0.0,0.9027998,0.0,0.0,0.0,0.0
7,7,0.0,0.0,0.0,0.0,0.09720022,0.0,0.0,0.9027998,0.0,0.0,0.0,0.0
7,7,0.0,0.0,0.0,0.0,0.09720022,0.0,0.0,0.9027998,0.0,0.0,0.0,0.0
7,7,0.0,0.0,0.0,0.0,0.09720022,0.0,0.0,0.9027998,0.0,0.0,0.0,0.0
7,7,0.0,0.0,0.0,0.0,0.09720022,0.0,0.0,0.9027998,0.0,0.0,0.0,0.0
7,7,0.0,0.0,0.0,0.0,0.09720022,0.0,0.0,0.9027998,0.0,0.0,0.0,0.0
7,7,0.0,0.0,0.0,0.0,0.09720022,0.0,0.0,0.9027998,0.0,0.0,0.0,0.0
7,7,0.0,0.0,0.0,0.0,0.09720022,0.0,0.0,0.9027998,0.0,0.0,0.0,0.0
7,7,0.0,0.0,0.0,0.0,0.09720022,0.0,0.0,0.9027998,0.0,0.0,0.0,0.0
7,7,0.0,0.0,0.0,0.0,0.09720022,0.0,0.0,0.9027998,0.0,0.0,0.0,0.0
7,7,0.0,0.0,0.0,0.0,0.09720022,0.0,0.0,0.9027998,0.0,0.0,0.0,0.0
7,7,0.0,0.0,0.0,0.0,0.09720022,0.0,0.0,0.9027998,0.0,0.0,0.0,0.0
7,7,0.0,0.0,0.0,0.0,0.09720022,0.0,0.0,0.9027998,0.0,0.0,0.0,0.0
7,7,0.0,0.0,0.0,0.0,0.09720022,0.0,0.0,0.9027998,0.0,0.0,0.0,0.0
7,7,0.0,0.0,0.0,0.0,0.09720022,0.0,0.0,0.9027998,0.0,0.0,0.0,0.0
7,7,0.0,0.0,0.0,0.0,0.09720022,0.0,0.0,0.9027998,0.0,0.0,0.0,0.0
7,7,0.0,0.0,0.0,0.0,0.09720022,0.0,0.0,0.9027998,0.0,0.0,0.0,0.0
7,7,0.0,0.0,0.0,0.0,0.09720022,0.0,0.0,0.9027998,0.0,0.0,0.0,0.0
7,7,0.0,0.0,0.0,0.0,0.09720022,0.0,0.0,0.9027998,0.0,0.0,0.0,0.0
7,7,0.0,0.0,0.0,0.0,0.09720022,0.0,0.0,0.9027998,0.0,0.0,0.0,0.0
7,7,0.0,0.0,0.0,0.0,0.09720022,0.0,0.0,0.9027998,0.0,0.0,0.0,0.0
7,7,0.0,0.0,0.0,0.0,0.09720022,0.0,0.0,0.9027998,0.0,0.0,0.0,0.0
7,7,0.0,0.0,0.0,0.0,0.09720022,0.0,0.0,0.9027998,0.0,0.0,0.0,0.0
7,7,0.0,0.0,0.0,0.0,0.09720022,0.0,0.0,0.9027998,0.0,0.0,0.0,0.0
7,7,0.0,0.0,0.0,0.0,0.09720022,0.0,0.0,0.9027998,0.0,0.0,0.0,0.0
7,7,0.0,0.0,0.0,0.0,0.09720022,0.0,0.0,0.9027998,0.0,0.0,0.0,0.0
7,7,0.0,0.0,0.0,0.0,0.09720022,0.0,0.0,0.9027998,0.0,0.0,0.0,0.0
7,7,0.0,0.0,0.0,0.0,0.09720022,0.0,0.0,0.9027998,0.0,0.0,0.0,0.0
7,7,0.0,0.0,0.0,0.0,0.09720022,0.0,0.0,0.9027998,0.0,0.0,0.0,0.0
7,7,0.0,0.0,0.0,0.0,0.09720022,0.0,0.0,0.9027998,0.0,0.0,0.0,0.0
7,7,0.0,0.0,0.0,0.0,0.09720022,0.0,0.0,0.9027998,0.0,0.0,0.0,0.0
7,7,0.0,0.0,0.0,0.0,0.09720022,0.0,0.0,0.9027998,0.0,0.0,0.0,0.0
7,7,0.0,0.0,0.0,0.0,0.09720022,0.0,0.0,0.9027998,0.0,0.0,0.0,0.0
7,7,0.0,0.0,0.0,0.0,0.1288382,0.0,0.0,0.8711618,0.0,0.0,0.0,0.0
7,7,0.0,0.0,0.0,0.0,0.1288382,0.0,0.0,0.8711618,0.0,0.0,0.0,0.0
7,7,0.0,0.0,0.0,0.0,0.1288382,0.0,0.0,0.8711618,0.0,0.0,0.0,0.0
7,7,0.0,0.0,0.0,0.0,0.1288382,0.0,0.0,0.8711618,0.0,0.0,0.0,0.0
7,7,0.0,0.0,0.0,0.0,0.1288382,0.0,0.0,0.8711618,0.0,0.0,0.0,0.0
7,7,0.0,0.0,0.0,0.0,0.1288382,0.0,0.0,0.8711618,0.0,0.0,0.0,0.0
7,7,0.0,0.0,0.0,0.0,0.1288382,0.0,0.0,0.8711618,0.0,0.0,0.0,0.0
7,7,0.0,0.0,0.0,0.0,0.1288382,0.0,0.0,0.8711618,0.0,0.0,0.0,0.0
7,7,0.0,0.0,0.0,0.0,0.1288382,0.0,0.0,0.8711618,0.0,0.0,0.0,0.0
7,7,0.0,0.0,0.0,0.0,0.1288382,0.0,0.0,0.8711618,0.0,0.0,0.0,0.0
7,7,0.0,0.0,0.0,0.0,0.1288382,0.0,0.0,0.8711618,0.0,0.0,0.0,0.0
7,7,0.0,0.0,0.0,0.0,0.1288382,0.0,0.0,0.8711618,0.0,0.0,0.0,0.0
7,7,0.0,0.0,0.0,0.0,0.1288382,0.0,0.0,0.8711618,0.0,0.0,0.0,0.0
7,7,0.0,0.0,0.0,0.0,0.1288382,0.0,0.0,0.8711618,0.0,0.0,0.0,0.0
7,7,0.0,0.0,0.0,0.0,0.1288382,0.0,0.0,0.8711618,0.0,0.0,0.0,0.0
7,7,0.0,0.0,0.0,0.0,0.1288382,0.0,0.0,0.8711618,0.0,0.0,0.0,0.0
7,7,0.0,0.0,0.0,0.0,0.1288382,0.0,0.0,0.8711618,0.0,0.0,0.0,0.0
7,7,0.0,0.0,0.0,0.0,0.1288382,0.0,0.0,0.8711618,0.0,0.0,0.0,0.0
7,7,0.0,0.0,0.0,0.0,0.1288382,0.0,0.0,0.8711618,0.0,0.0,0.0,0.0
7,7,0.0,0.0,0.0,0.0,0.1288382,0.0,0.0,0.8711618,0.0,0.0,0.0,0.0
7,7,0.0,0.0,0.0,0.0,0.1288382,0.0,0.0,0.8711618,0.0,0.0,0.0,0.0
7,7,0.0,0.0,0.0,0.0,0.1288382,0.0,0.0,0.8711618,0.0,0.0,0.0,0.0
7,7,0.0,0.0,0.0,0.0,0.1288382,0.0,0.0,0.8711618,0.0,0.0,0.0,0.0
7,7,0.0,0.0,0.0,0.0,0.1288382,0.0,0.0,0.8711618,0.0,0.0,0.0,0.0
7,7,0.0,0.0,0.0,0.0,0.1288382,0.0,0.0,0.8711618,0.0,0.0,0.0,0.0
7,7,0.0,0.0,0.0,0.0,0.1288382,0.0,0.0,0.8711618,0.0,0.0,0.0,0.0
7,7,0.0,0.0,0.0,0.0,0.1288382,0.0,0.0,0.8711618,0.0,0.0,0.0,0.0
7,7,0.0,0.0,0.0,0.0,0.1288382,0.0,0.0,0.8711618,0.0,0.0,0.0,0.0
7,7,0.0,0.0,0.0,0.0,0.1288382,0.0,0.0,0.8711618,0.0,0.0,0.0,0.0
7,7,0.0,0.0,0.0,0.0,0.1288382,0.0,0.0,0.8711618,0.0,0.0,0.0,0.0
7,7,0.0,0.0,0.0,0.0,0.1288382,0.0,0.0,0.8711618,0.0,0.0,0.0,0.0
7,7,0.0,0.0,0.0,0.0,0.1288382,0.0,0.0,0.8711618,0.0,0.0,0.0,0.0
7,7,0.0,0.0,0.0,0.0,0.1288382,0.0,0.0,0.8711618,0.0,0.0,0.0,0.0
7,7,0.0,0.0,0.0,0.0,0.1288382,0.0,0.0,0.8711618,0.0,0.0,0.0,0.0
7,7,0.0,0.0,0.0,0.0,0.1288382,0.0,0.0,0.8711618,0.0,0.0,0.0,0.0
7,7,0.0,0.0,0.0,0.0,0.1288382,0.0,0.0,0.8711618,0.0,0.0,0.0,0.0
7,7,0.0,0.0,0.0,0.0,0.1288382,0.0,0.0,0.8711618,0.0,0.0,0.0,0.0
7,7,0.0,0.0,0.0,0.0,0.1288382,0.0,0.0,0.8711618,0.0,0.0,0.0,0.0
7,7,0.0,0.0,0.0,0.0,0.1288382,0.0,0.0,0.8711618,0.0,0.0,0.0,0.0
7,7,0.0,0.0,0.0,0.0,0.1288382,0.0,0.0,0.8711618,0.0,0.0,0.0,0.0
7,7,0.0,0.0,0.0,0.0,0.1288382,0.0,0.0,0.8711618,0.0,0.0,0.0,0.0
7,7,0.0,0.0,0.0,0.0,0.1288382,0.0,0.0,0.8711618,0.0,0.0,0.0,0.0
7,7,0.0,0.0,0.0,0.0,0.1288382,0.0,0.0,0.8711618,0.0,0.0,0.0,0.0
7,7,0.0,0.0,0.0,0.0,0.1288382,0.0,0.0,0.8711618,0.0,0.0,0.0,0.0
7,7,0.0,0.0,0.0,0.0,0.1288382,0.0,0.0,0.8711618,0.0,0.0,0.0,0.0
7,7,0.0,0.0,0.0,0.0,0.1288382,0.0,0.0,0.8711618,0.0,0.0,0.0,0.0
7,7,0.0,0.0,0.0,0.0,0.1288382,0.0,0.0,0.8711618,0.0,0.0,0.0,0.0
7,7,0.0,0.0,0.0,0.0,0.1288382,0.0,0.0,0.8711618,0.0,0.0,0.0,0.0
7,7,0.0,0.0,0.0,0.0,0.1288382,0.0,0.0,0.8711618,0.0,0.0,0.0,0.0
7,7,0.0,0.0,0.0,0.0,0.1288382,0.0,0.0,0.8711618,0.0,0.0,0.0,0.0
7,7,0.0,0.0,0.0,0.0,0.1288382,0.0,0.0,0.8711618,0.0,0.0,0.0,0.0
7,7,0.0,0.0,0.0,0.0,0.1288382,0.0,0.0,0.8711618,0.0,0.0,0.0,0.0
7,7,0.0,0.0,0.0,0.0,0.1288382,0.0,0.0,0.8711618,0.0,0.0,0.0,0.0
7,7,0.0,0.0,0.0,0.0,0.1288382,0.0,0.0,0.8711618,0.0,0.0,0.0,0.0
7,7,0.0,0.0,0.0,0.0,0.1288382,0.0,0.0,0.8711618,0.0,0.0,0.0,0.0
7,7,0.0,0.0,0.0,0.0,0.1288382,0.0,0.0,0.8711618,0.0,0.0,0.0,0.0
7,7,0.0,0.0,0.0,0.0,0.1288382,0.0,0.0,0.8711618,0.0,0.0,0.0,0.0
7,7,0.0,0.0,0.0,0.0,0.1288382,0.0,0.0,0.8711618,0.0,0.0,0.0,0.0
7,7,0.0,0.0,0.0,0.0,0.1288382,0.0,0.0,0.8711618,0.0,0.0,0.0,0.0
7,7,0.0,0.0,0.0,0.0,0.1288382,0.0,0.0,0.8711618,0.0,0.0,0.0,0.0
7,7,0.0,0.0,0.0,0.0,0.1288382,0.0,0.0,0.8711618,0.0,0.0,0.0,0.0
7,7,0.0,0.0,0.0,0.0,0.1288382,0.0,0.0,0.8711618,0.0,0.0,0.0,0.0
7,7,0.0,0.0,0.0,0.0,0.1288382,0.0,0.0,0.8711618,0.0,0.0,0.0,0.0
7,7,0.0,0.0,0.0,0.0,0.1288382,0.0,0.0,0.8711618,0.0,0.0,0.0,0.0
7,7,0.0,0.0,0.0,0.0,0.1288382,0.0,0.0,0.8711618,0.0,0.0,0.0,0.0
7,7,0.0,0.0,0.0,0.0,0.1288382,0.0,0.0,0.8711618,0.0,0.0,0.0,0.0
7,7,0.0,0.0,0.0,0.0,0.1288382,0.0,0.0,0.8711618,0.0,0.0,0.0,0.0
7,7,0.0,0.0,0.0,0.0,0.1288382,0.0,0.0,0.8711618,0.0,0.0,0.0,0.0
7,7,0.0,0.0,0.0,0.0,0.1288382,0.0,0.0,0.8711618,0.0,0.0,0.0,0.0
7,7,0.0,0.0,0.0,0.0,0.1288382,0.0,0.0,0.8711618,0.0,0.0,0.0,0.0
7,7,0.0,0.0,0.0,0.0,0.1288382,0.0,0.0,0.8711618,0.0,0.0,0.0,0.0
7,7,0.0,0.0,0.0,0.0,0.1288382,0.0,0.0,0.8711618,0.0,0.0,0.0,0.0
7,7,0.0,0.0,0.0,0.0,0.1288382,0.0,0.0,0.8711618,0.0,0.0,0.0,0.0
7,7,0.0,0.0,0.0,0.0,0.1288382,0.0,0.0,0.8711618,0.0,0.0,0.0,0.0
7,7,0.0,0.0,0.0,0.0,0.1288382,0.0,0.0,0.8711618,0.0,0.0,0.0,0.0
7,7,0.0,0.0,0.0,0.0,0.1288382,0.0,0.0,0.8711618,0.0,0.0,0.0,0.0
7,7,0.0,0.0,0.0,0.0,0.1288382,0.0,0.0,0.8711618,0.0,0.0,0.0,0.0
7,7,0.0,0.0,0.0,0.0,0.1288382,0.0,0.0,0.8711618,0.0,0.0,0.0,0.0
7,7,0.0,0.0,0.0,0.0,0.1288382,0.0,0.0,0.8711618,0.0,0.0,0.0,0.0
7,7,0.0,0.0,0.0,0.0,0.1288382,0.0,0.0,0.8711618,0.0,0.0,0.0,0.0
7,7,0.0,0.0,0.0,0.0,0.1288382,0.0,0.0,0.8711618,0.0,0.0,0.0,0.0
7,7,0.0,0.0,0.0,0.0,0.1288382,0.0,0.0,0.8711618,0.0,0.0,0.0,0.0
7,7,0.0,0.0,0.0,0.0,0.1288382,0.0,0.0,0.8711618,0.0,0.0,0.0,0.0
7,7,0.0,0.0,0.0,0.0,0.1288382,0.0,0.0,0.8711618,0.0,0.0,0.0,0.0
7,7,0.0,0.0,0.0,0.0,0.1288382,0.0,0.0,0.8711618,0.0,0.0,0.0,0.0
7,7,0.0,0.0,0.0,0.0,0.1288382,0.0,0.0,0.8711618,0.0,0.0,0.0,0.0
7,7,0.0,0.0,0.0,0.0,0.1288382,0.0,0.0,0.8711618,0.0,0.0,0.0,0.0
7,7,0.0,0.0,0.0,0.0,0.1288382,0.0,0.0,0.8711618,0.0,0.0,0.0,0.0
7,7,0.0,0.0,0.0,0.0,0.1288382,0.0,0.0,0.8711618,0.0,0.0,0.0,0.0
7,7,0.0,0.0,0.0,0.0,0.1288382,0.0,0.0,0.8711618,0.0,0.0,0.0,0.0
7,7,0.0,0.0,0.0,0.0,0.1288382,0.0,0.0,0.8711618,0.0,0.0,0.0,0.0
7,7,0.0,0.0,0.0,0.0,0.1288382,0.0,0.0,0.8711618,0.0,0.0,0.0,0.0
7,7,0.0,0.0,0.0,0.0,0.1288382,0.0,0.0,0.8711618,0.0,0.0,0.0,0.0
7,7,0.0,0.0,0.0,0.0,0.1288382,0.0,0.0,0.8711618,0.0,0.0,0.0,0.0
7,7,0.0,0.0,0.0,0.0,0.1288382,0.0,0.0,0.8711618,0.0,0.0,0.0,0.0
7,7,0.0,0.0,0.0,0.0,0.1288382,0.0,0.0,0.8711618,0.0,0.0,0.0,0.0
7,7,0.0,0.0,0.0,0.0,0.1288382,0.0,0.0,0.8711618,0.0,0.0,0.0,0.0
7,7,0.0,0.0,0.0,0.0,0.1288382,0.0,0.0,0.8711618,0.0,0.0,0.0,0.0
7,7,0.0,0.0,0.0,0.0,0.1288382,0.0,0.0,0.8711618,0.0,0.0,0.0,0.0
7,7,0.0,0.0,0.0,0.0,0.1288382,0.0,0.0,0.8711618,0.0,0.0,0.0,0.0
7,7,0.0,0.0,0.0,0.0,0.1288382,0.0,0.0,0.8711618,0.0,0.0,0.0,0.0
7,7,0.0,0.0,0.0,0.0,0.1288382,0.0,0.0,0.8711618,0.0,0.0,0.0,0.0
7,7,0.0,0.0,0.0,0.0,0.1288382,0.0,0.0,0.8711618,0.0,0.0,0.0,0.0
7,7,0.0,0.0,0.0,0.0,0.1288382,0.0,0.0,0.8711618,0.0,0.0,0.0,0.0
7,7,0.0,0.0,0.0,0.0,0.1288382,0.0,0.0,0.8711618,0.0,0.0,0.0,0.0
7,7,0.0,0.0,0.0,0.0,0.1288382,0.0,0.0,0.8711618,0.0,0.0,0.0,0.0
7,7,0.0,0.0,0.0,0.0,0.1288382,0.0,0.0,0.8711618,0.0,0.0,0.0,0.0
7,7,0.0,0.0,0.0,0.0,0.1288382,0.0,0.0,0.8711618,0.0,0.0,0.0,0.0
7,7,0.0,0.0,0.0,0.0,0.1288382,0.0,0.0,0.8711618,0.0,0.0,0.0,0.0
7,7,0.0,0.0,0.0,0.0,0.1288382,0.0,0.0,0.8711618,0.0,0.0,0.0,0.0
7,7,0.0,0.0,0.0,0.0,0.1288382,0.0,0.0,0.8711618,0.0,0.0,0.0,0.0
7,7,0.0,0.0,0.0,0.0,0.1288382,0.0,0.0,0.8711618,0.0,0.0,0.0,0.0
7,7,0.0,0.0,0.0,0.0,0.1288382,0.0,0.0,0.8711618,0.0,0.0,0.0,0.0
7,7,0.0,0.0,0.0,0.0,0.1288382,0.0,0.0,0.8711618,0.0,0.0,0.0,0.0
7,7,0.0,0.0,0.0,0.0,0.1288382,0.0,0.0,0.8711618,0.0,0.0,0.0,0.0
7,7,0.0,0.0,0.0,0.0,0.1288382,0.0,0.0,0.8711618,0.0,0.0,0.0,0.0
7,7,0.0,0.0,0.0,0.0,0.1288382,0.0,0.0,0.8711618,0.0,0.0,0.0,0.0
7,7,0.0,0.0,0.0,0.0,0.1288382,0.0,0.0,0.8711618,0.0,0.0,0.0,0.0
7,7,0.0,0.0,0.0,0.0,0.1288382,0.0,0.0,0.8711618,0.0,0.0,0.0,0.0
7,7,0.0,0.0,0.0,0.0,0.1288382,0.0,0.0,0.8711618,0.0,0.0,0.0,0.0
7,7,0.0,0.0,0.0,0.0,0.1288382,0.0,0.0,0.8711618,0.0,0.0,0.0,0.0
7,7,0.0,0.0,0.0,0.0,0.1288382,0.0,0.0,0.8711618,0.0,0.0,0.0,0.0
7,7,0.0,0.0,0.0,0.0,0.1288382,0.0,0.0,0.8711618,0.0,0.0,0.0,0.0
7,7,0.0,0.0,0.0,0.0,0.1288382,0.0,0.0,0.8711618,0.0,0.0,0.0,0.0
7,7,0.0,0.0,0.0,0.0,0.1288382,0.0,0.0,0.8711618,0.0,0.0,0.0,0.0
7,7,0.0,0.0,0.0,0.0,0.1288382,0.0,0.0,0.8711618,0.0,0.0,0.0,0.0
7,7,0.0,0.0,0.0,0.0,0.1288382,0.0,0.0,0.8711618,0.0,0.0,0.0,0.0
7,7,0.0,0.0,0.0,0.0,0.1288382,0.0,0.0,0.8711618,0.0,0.0,0.0,0.0
7,7,0.0,0.0,0.0,0.0,0.1288382,0.0,0.0,0.8711618,0.0,0.0,0.0,0.0
7,7,0.0,0.0,0.0,0.0,0.1288382,0.0,0.0,0.8711618,0.0,0.0,0.0,0.0
7,7,0.0,0.0,0.0,0.0,0.1288382,0.0,0.0,0.8711618,0.0,0.0,0.0,0.0
7,7,0.0,0.0,0.0,0.0,0.1288382,0.0,0.0,0.8711618,0.0,0.0,0.0,0.0
7,7,0.0,0.0,0.0,0.0,0.1288382,0.0,0.0,0.8711618,0.0,0.0,0.0,0.0
7,7,0.0,0.0,0.0,0.0,0.1288382,0.0,0.0,0.8711618,0.0,0.0,0.0,0.0
7,7,0.0,0.0,0.0,0.0,0.1288382,0.0,0.0,0.8711618,0.0,0.0,0.0,0.0
7,7,0.0,0.0,0.0,0.0,0.1288382,0.0,0.0,0.8711618,0.0,0.0,0.0,0.0
7,7,0.0,0.0,0.0,0.0,0.1288382,0.0,0.0,0.8711618,0.0,0.0,0.0,0.0
7,7,0.0,0.0,0.0,0.0,0.1288382,0.0,0.0,0.8711618,0.0,0.0,0.0,0.0
7,7,0.0,0.0,0.0,0.0,0.1288382,0.0,0.0,0.8711618,0.0,0.0,0.0,0.0
7,7,0.0,0.0,0.0,0.0,0.1288382,0.0,0.0,0.8711618,0.0,0.0,0.0,0.0
7,7,0.0,0.0,0.0,0.0,0.1288382,0.0,0.0,0.8711618,0.0,0.0,0.0,0.0
7,7,0.0,0.0,0.0,0.0,0.1288382,0.0,0.0,0.8711618,0.0,0.0,0.0,0.0
7,7,0.0,0.0,0.0,0.0,0.1288382,0.0,0.0,0.8711618,0.0,0.0,0.0,0.0
7,7,0.0,0.0,0.0,0.0,0.1288382,0.0,0.0,0.8711618,0.0,0.0,0.0,0.0
7,7,0.0,0.0,0.0,0.0,0.1288382,0.0,0.0,0.8711618,0.0,0.0,0.0,0.0
7,7,0.0,0.0,0.0,0.0,0.1288382,0.0,0.0,0.8711618,0.0,0.0,0.0,0.0
7,7,0.0,0.0,0.0,0.0,0.1288382,0.0,0.0,0.8711618,0.0,0.0,0.0,0.0
7,7,0.0,0.0,0.0,0.0,0.1288382,0.0,0.0,0.8711618,0.0,0.0,0.0,0.0
7,7,0.0,0.0,0.0,0.0,0.1288382,0.0,0.0,0.8711618,0.0,0.0,0.0,0.0
7,7,0.0,0.0,0.0,0.0,0.1288382,0.0,0.0,0.8711618,0.0,0.0,0.0,0.0
7,7,0.0,0.0,0.0,0.0,0.1288382,0.0,0.0,0.8711618,0.0,0.0,0.0,0.0
7,7,0.0,0.0,0.0,0.0,0.1288382,0.0,0.0,0.8711618,0.0,0.0,0.0,0.0
7,7,0.0,0.0,0.0,0.0,0.1288382,0.0,0.0,0.8711618,0.0,0.0,0.0,0.0
7,7,0.0,0.0,0.0,0.0,0.1288382,0.0,0.0,0.8711618,0.0,0.0,0.0,0.0
7,7,0.0,0.0,0.0,0.0,0.1288382,0.0,0.0,0.8711618,0.0,0.0,0.0,0.0
7,7,0.0,0.0,0.0,0.0,0.1288382,0.0,0.0,0.8711618,0.0,0.0,0.0,0.0
7,7,0.0,0.0,0.0,0.0,0.1288382,0.0,0.0,0.8711618,0.0,0.0,0.0,0.0
7,7,0.0,0.0,0.0,0.0,0.1288382,0.0,0.0,0.8711618,0.0,0.0,0.0,0.0
7,7,0.0,0.0,0.0,0.0,0.1288382,0.0,0.0,0.8711618,0.0,0.0,0.0,0.0
7,7,0.0,0.0,0.0,0.0,0.1288382,0.0,0.0,0.8711618,0.0,0.0,0.0,0.0
7,7,0.0,0.0,0.0,0.0,0.1288382,0.0,0.0,0.8711618,0.0,0.0,0.0,0.0
7,7,0.0,0.0,0.0,0.0,0.1288382,0.0,0.0,0.8711618,0.0,0.0,0.0,0.0
7,7,0.0,0.0,0.0,0.0,0.1288382,0.0,0.0,0.8711618,0.0,0.0,0.0,0.0
7,7,0.0,0.0,0.0,0.0,0.1288382,0.0,0.0,0.8711618,0.0,0.0,0.0,0.0
7,7,0.0,0.0,0.0,0.0,0.1288382,0.0,0.0,0.8711618,0.0,0.0,0.0,0.0
7,7,0.0,0.0,0.0,0.0,0.1288382,0.0,0.0,0.8711618,0.0,0.0,0.0,0.0
7,7,0.0,0.0,0.0,0.0,0.1288382,0.0,0.0,0.8711618,0.0,0.0,0.0,0.0
7,7,0.0,0.0,0.0,0.0,0.1288382,0.0,0.0,0.8711618,0.0,0.0,0.0,0.0
7,7,0.0,0.0,0.0,0.0,0.1288382,0.0,0.0,0.8711618,0.0,0.0,0.0,0.0
7,7,0.0,0.0,0.0,0.0,0.1288382,0.0,0.0,0.8711618,0.0,0.0,0.0,0.0
7,7,0.0,0.0,0.0,0.0,0.1288382,0.0,0.0,0.8711618,0.0,0.0,0.0,0.0
7,7,0.0,0.0,0.0,0.0,0.1288382,0.0,0.0,0.8711618,0.0,0.0,0.0,0.0
7,7,0.0,0.0,0.0,0.0,0.1288382,0.0,0.0,0.8711618,0.0,0.0,0.0,0.0
7,7,0.0,0.0,0.0,0.0,0.1288382,0.0,0.0,0.8711618,0.0,0.0,0.0,0.0
7,7,0.0,0.0,0.0,0.0,0.1288382,0.0,0.0,0.8711618,0.0,0.0,0.0,0.0
7,7,0.0,0.0,0.0,0.0,0.1288382,0.0,0.0,0.8711618,0.0,0.0,0.0,0.0
7,7,0.0,0.0,0.0,0.0,0.1288382,0.0,0.0,0.8711618,0.0,0.0,0.0,0.0
7,7,0.0,0.0,0.0,0.0,0.1288382,0.0,0.0,0.8711618,0.0,0.0,0.0,0.0
7,7,0.0,0.0,0.0,0.0,0.1288382,0.0,0.0,0.8711618,0.0,0.0,0.0,0.0
7,7,0.0,0.0,0.0,0.0,0.1288382,0.0,0.0,0.8711618,0.0,0.0,0.0,0.0
7,7,0.0,0.0,0.0,0.0,0.1288382,0.0,0.0,0.8711618,0.0,0.0,0.0,0.0
7,7,0.0,0.0,0.0,0.0,0.1288382,0.0,0.0,0.8711618,0.0,0.0,0.0,0.0
7,7,0.0,0.0,0.0,0.0,0.1288382,0.0,0.0,0.8711618,0.0,0.0,0.0,0.0
7,7,0.0,0.0,0.0,0.0,0.1288382,0.0,0.0,0.8711618,0.0,0.0,0.0,0.0
7,7,0.0,0.0,0.0,0.0,0.1288382,0.0,0.0,0.8711618,0.0,0.0,0.0,0.0
7,7,0.0,0.0,0.0,0.0,0.1288382,0.0,0.0,0.8711618,0.0,0.0,0.0,0.0
7,7,0.0,0.0,0.0,0.0,0.1288382,0.0,0.0,0.8711618,0.0,0.0,0.0,0.0
7,7,0.0,0.0,0.0,0.0,0.1288382,0.0,0.0,0.8711618,0.0,0.0,0.0,0.0
7,7,0.0,0.0,0.0,0.0,0.1288382,0.0,0.0,0.8711618,0.0,0.0,0.0,0.0
7,7,0.0,0.0,0.0,0.0,0.1288382,0.0,0.0,0.8711618,0.0,0.0,0.0,0.0
7,7,0.0,0.0,0.0,0.0,0.1288382,0.0,0.0,0.8711618,0.0,0.0,0.0,0.0
7,7,0.0,0.0,0.0,0.0,0.1288382,0.0,0.0,0.8711618,0.0,0.0,0.0,0.0
7,7,0.0,0.0,0.0,0.0,0.1288382,0.0,0.0,0.8711618,0.0,0.0,0.0,0.0
7,7,0.0,0.0,0.0,0.0,0.1288382,0.0,0.0,0.8711618,0.0,0.0,0.0,0.0
7,7,0.0,0.0,0.0,0.0,0.1288382,0.0,0.0,0.8711618,0.0,0.0,0.0,0.0
7,7,0.0,0.0,0.0,0.0,0.1288382,0.0,0.0,0.8711618,0.0,0.0,0.0,0.0
7,7,0.0,0.0,0.0,0.0,0.1288382,0.0,0.0,0.8711618,0.0,0.0,0.0,0.0
7,7,0.0,0.0,0.0,0.0,0.1288382,0.0,0.0,0.8711618,0.0,0.0,0.0,0.0
7,7,0.0,0.0,0.0,0.0,0.1288382,0.0,0.0,0.8711618,0.0,0.0,0.0,0.0
7,7,0.0,0.0,0.0,0.0,0.1288382,0.0,0.0,0.8711618,0.0,0.0,0.0,0.0
7,7,0.0,0.0,0.0,0.0,0.1288382,0.0,0.0,0.8711618,0.0,0.0,0.0,0.0
7,7,0.0,0.0,0.0,0.0,0.1288382,0.0,0.0,0.8711618,0.0,0.0,0.0,0.0
7,7,0.0,0.0,0.0,0.0,0.1288382,0.0,0.0,0.8711618,0.0,0.0,0.0,0.0
7,7,0.0,0.0,0.0,0.0,0.1288382,0.0,0.0,0.8711618,0.0,0.0,0.0,0.0
7,7,0.0,0.0,0.0,0.0,0.1288382,0.0,0.0,0.8711618,0.0,0.0,0.0,0.0
7,7,0.0,0.0,0.0,0.0,0.1288382,0.0,0.0,0.8711618,0.0,0.0,0.0,0.0
7,7,0.0,0.0,0.0,0.0,0.1288382,0.0,0.0,0.8711618,0.0,0.0,0.0,0.0
7,7,0.0,0.0,0.0,0.0,0.1288382,0.0,0.0,0.8711618,0.0,0.0,0.0,0.0
7,7,0.0,0.0,0.0,0.0,0.1288382,0.0,0.0,0.8711618,0.0,0.0,0.0,0.0
7,7,0.0,0.0,0.0,0.0,0.1288382,0.0,0.0,0.8711618,0.0,0.0,0.0,0.0
7,7,0.0,0.0,0.0,0.0,0.1288382,0.0,0.0,0.8711618,0.0,0.0,0.0,0.0
7,7,0.0,0.0,0.0,0.0,0.1288382,0.0,0.0,0.8711618,0.0,0.0,0.0,0.0
7,7,0.0,0.0,0.0,0.0,0.1288382,0.0,0.0,0.8711618,0.0,0.0,0.0,0.0
7,7,0.0,0.0,0.0,0.0,0.1288382,0.0,0.0,0.8711618,0.0,0.0,0.0,0.0
7,7,0.0,0.0,0.0,0.0,0.1288382,0.0,0.0,0.8711618,0.0,0.0,0.0,0.0
7,7,0.0,0.0,0.0,0.0,0.1288382,0.0,0.0,0.8711618,0.0,0.0,0.0,0.0
7,7,0.0,0.0,0.0,0.0,0.1288382,0.0,0.0,0.8711618,0.0,0.0,0.0,0.0
7,7,0.0,0.0,0.0,0.0,0.1288382,0.0,0.0,0.8711618,0.0,0.0,0.0,0.0
7,7,0.0,0.0,0.0,0.0,0.1288382,0.0,0.0,0.8711618,0.0,0.0,0.0,0.0
7,7,0.0,0.0,0.0,0.0,0.1288382,0.0,0.0,0.8711618,0.0,0.0,0.0,0.0
7,7,0.0,0.0,0.0,0.0,0.1288382,0.0,0.0,0.8711618,0.0,0.0,0.0,0.0
7,7,0.0,0.0,0.0,0.0,0.1288382,0.0,0.0,0.8711618,0.0,0.0,0.0,0.0
7,7,0.0,0.0,0.0,0.0,0.1288382,0.0,0.0,0.8711618,0.0,0.0,0.0,0.0
7,7,0.0,0.0,0.0,0.0,0.1288382,0.0,0.0,0.8711618,0.0,0.0,0.0,0.0
7,7,0.0,0.0,0.0,0.0,0.1288382,0.0,0.0,0.8711618,0.0,0.0,0.0,0.0
7,7,0.0,0.0,0.0,0.0,0.1288382,0.0,0.0,0.8711618,0.0,0.0,0.0,0.0
7,7,0.0,0.0,0.0,0.0,0.1288382,0.0,0.0,0.8711618,0.0,0.0,0.0,0.0
7,7,0.0,0.0,0.0,0.0,0.1288382,0.0,0.0,0.8711618,0.0,0.0,0.0,0.0
7,7,0.0,0.0,0.0,0.0,0.1288382,0.0,0.0,0.8711618,0.0,0.0,0.0,0.0
7,7,0.0,0.0,0.0,0.0,0.1288382,0.0,0.0,0.8711618,0.0,0.0,0.0,0.0
7,7,0.0,0.0,0.0,0.0,0.1288382,0.0,0.0,0.8711618,0.0,0.0,0.0,0.0
7,7,0.0,0.0,0.0,0.0,0.1288382,0.0,0.0,0.8711618,0.0,0.0,0.0,0.0
7,7,0.0,0.0,0.0,0.0,0.1288382,0.0,0.0,0.8711618,0.0,0.0,0.0,0.0
7,7,0.0,0.0,0.0,0.0,0.1288382,0.0,0.0,0.8711618,0.0,0.0,0.0,0.0
7,7,0.0,0.0,0.0,0.0,0.1288382,0.0,0.0,0.8711618,0.0,0.0,0.0,0.0
7,7,0.0,0.0,0.0,0.0,0.1288382,0.0,0.0,0.8711618,0.0,0.0,0.0,0.0
7,7,0.0,0.0,0.0,0.0,0.1288382,0.0,0.0,0.8711618,0.0,0.0,0.0,0.0
7,7,0.0,0.0,0.0,0.0,0.1288382,0.0,0.0,0.8711618,0.0,0.0,0.0,0.0
7,7,0.0,0.0,0.0,0.0,0.1288382,0.0,0.0,0.8711618,0.0,0.0,0.0,0.0
7,7,0.0,0.0,0.0,0.0,0.1288382,0.0,0.0,0.8711618,0.0,0.0,0.0,0.0
7,7,0.0,0.0,0.0,0.0,0.1288382,0.0,0.0,0.8711618,0.0,0.0,0.0,0.0
7,7,0.0,0.0,0.0,0.0,0.1288382,0.0,0.0,0.8711618,0.0,0.0,0.0,0.0
7,7,0.0,0.0,0.0,0.0,0.1288382,0.0,0.0,0.8711618,0.0,0.0,0.0,0.0
7,7,0.0,0.0,0.0,0.0,0.1288382,0.0,0.0,0.8711618,0.0,0.0,0.0,0.0
7,7,0.0,0.0,0.0,0.0,0.1288382,0.0,0.0,0.8711618,0.0,0.0,0.0,0.0
7,7,0.0,0.0,0.0,0.0,0.1288382,0.0,0.0,0.8711618,0.0,0.0,0.0,0.0
7,7,0.0,0.0,0.0,0.0,0.1288382,0.0,0.0,0.8711618,0.0,0.0,0.0,0.0
7,7,0.0,0.0,0.0,0.0,0.1288382,0.0,0.0,0.8711618,0.0,0.0,0.0,0.0
7,7,0.0,0.0,0.0,0.0,0.1288382,0.0,0.0,0.8711618,0.0,0.0,0.0,0.0
7,7,0.0,0.0,0.0,0.0,0.1288382,0.0,0.0,0.8711618,0.0,0.0,0.0,0.0
7,7,0.0,0.0,0.0,0.0,0.1288382,0.0,0.0,0.8711618,0.0,0.0,0.0,0.0
7,7,0.0,0.0,0.0,0.0,0.1288382,0.0,0.0,0.8711618,0.0,0.0,0.0,0.0
7,7,0.0,0.0,0.0,0.0,0.1288382,0.0,0.0,0.8711618,0.0,0.0,0.0,0.0
7,7,0.0,0.0,0.0,0.0,0.1288382,0.0,0.0,0.8711618,0.0,0.0,0.0,0.0
7,7,0.0,0.0,0.0,0.0,0.1288382,0.0,0.0,0.8711618,0.0,0.0,0.0,0.0
7,7,0.0,0.0,0.0,0.0,0.1288382,0.0,0.0,0.8711618,0.0,0.0,0.0,0.0
7,7,0.0,0.0,0.0,0.0,0.1288382,0.0,0.0,0.8711618,0.0,0.0,0.0,0.0
7,7,0.0,0.0,0.0,0.0,0.1288382,0.0,0.0,0.8711618,0.0,0.0,0.0,0.0
7,7,0.0,0.0,0.0,0.0,0.1288382,0.0,0.0,0.8711618,0.0,0.0,0.0,0.0
7,7,0.0,0.0,0.0,0.0,0.1288382,0.0,0.0,0.8711618,0.0,0.0,0.0,0.0
7,7,0.0,0.0,0.0,0.0,0.1288382,0.0,0.0,0.8711618,0.0,0.0,0.0,0.0
7,7,0.0,0.0,0.0,0.0,0.1288382,0.0,0.0,0.8711618,0.0,0.0,0.0,0.0
7,7,0.0,0.0,0.0,0.0,0.1288382,0.0,0.0,0.8711618,0.0,0.0,0.0,0.0
7,7,0.0,0.0,0.0,0.0,0.1288382,0.0,0.0,0.8711618,0.0,0.0,0.0,0.0
7,7,0.0,0.0,0.0,0.0,0.1288382,0.0,0.0,0.8711618,0.0,0.0,0.0,0.0
7,7,0.0,0.0,0.0,0.0,0.1288382,0.0,0.0,0.8711618,0.0,0.0,0.0,0.0
7,7,0.0,0.0,0.0,0.0,0.1288382,0.0,0.0,0.8711618,0.0,0.0,0.0,0.0
7,7,0.0,0.0,0.0,0.0,0.1288382,0.0,0.0,0.8711618,0.0,0.0,0.0,0.0
7,7,0.0,0.0,0.0,0.049269997,0.07956819,0.0,0.0,0.8711618,0.0,0.0,0.0,0.0
7,7,0.0,0.0,0.0,0.049269997,0.07956819,0.0,0.0,0.8711618,0.0,0.0,0.0,0.0
7,7,0.0,0.0,0.0,0.049269997,0.07956819,0.0,0.0,0.8711618,0.0,0.0,0.0,0.0
7,7,0.0,0.0,0.0,0.049269997,0.07956819,0.0,0.0,0.8711618,0.0,0.0,0.0,0.0
7,7,0.0,0.0,0.0,0.049269997,0.13919246,0.0,0.0,0.81153756,0.0,0.0,0.0,0.0
7,7,0.0,0.0,0.0,0.049269997,0.13919246,0.0,0.0,0.81153756,0.0,0.0,0.0,0.0
7,7,0.0,0.0,0.0,0.049269997,0.13919246,0.0,0.0,0.81153756,0.0,0.0,0.0,0.0
7,7,0.0,0.0,0.0,0.049269997,0.13919246,0.0,0.0,0.81153756,0.0,0.0,0.0,0.0
7,7,0.0,0.0,0.0,0.049269997,0.13919246,0.0,0.0,0.81153756,0.0,0.0,0.0,0.0
7,7,0.0,0.0,0.0,0.049269997,0.13919246,0.0,0.0,0.81153756,0.0,0.0,0.0,0.0
7,7,0.0,0.0,0.0,0.049269997,0.13919246,0.0,0.0,0.81153756,0.0,0.0,0.0,0.0
7,7,0.0,0.0,0.0,0.049269997,0.13919246,0.0,0.0,0.81153756,0.0,0.0,0.0,0.0
7,7,0.0,0.0,0.0,0.049269997,0.13919246,0.0,0.0,0.81153756,0.0,0.0,0.0,0.0
7,7,0.0,0.0,0.0,0.049269997,0.13919246,0.0,0.0,0.81153756,0.0,0.0,0.0,0.0
7,7,0.0,0.0,0.0,0.049269997,0.13919246,0.0,0.0,0.81153756,0.0,0.0,0.0,0.0
7,7,0.0,0.0,0.0,0.049269997,0.13919246,0.0,0.0,0.81153756,0.0,0.0,0.0,0.0
7,7,0.0,0.0,0.0,0.049269997,0.13919246,0.0,0.0,0.81153756,0.0,0.0,0.0,0.0
7,7,0.0,0.0,0.0,0.049269997,0.13919246,0.0,0.0,0.81153756,0.0,0.0,0.0,0.0
7,7,0.0,0.0,0.0,0.049269997,0.13919246,0.0,0.0,0.81153756,0.0,0.0,0.0,0.0
7,7,0.0,0.0,0.0,0.049269997,0.13919246,0.0,0.0,0.81153756,0.0,0.0,0.0,0.0
7,7,0.0,0.0,0.0,0.049269997,0.13919246,0.0,0.0,0.81153756,0.0,0.0,0.0,0.0
7,7,0.0,0.0,0.0,0.049269997,0.13919246,0.0,0.0,0.81153756,0.0,0.0,0.0,0.0
7,7,0.0,0.0,0.0,0.049269997,0.13919246,0.0,0.0,0.81153756,0.0,0.0,0.0,0.0
7,7,0.0,0.0,0.0,0.049269997,0.13919246,0.0,0.0,0.81153756,0.0,0.0,0.0,0.0
7,7,0.0,0.0,0.0,0.049269997,0.13919246,0.0,0.0,0.81153756,0.0,0.0,0.0,0.0
7,7,0.0,0.0,0.0,0.049269997,0.13919246,0.0,0.0,0.81153756,0.0,0.0,0.0,0.0
7,7,0.0,0.0,0.0,0.049269997,0.13919246,0.0,0.0,0.81153756,0.0,0.0,0.0,0.0
7,7,0.0,0.0,0.0,0.049269997,0.13919246,0.0,0.0,0.81153756,0.0,0.0,0.0,0.0
7,7,0.0,0.0,0.0,0.049269997,0.13919246,0.0,0.0,0.81153756,0.0,0.0,0.0,0.0
7,7,0.0,0.0,0.0,0.049269997,0.13919246,0.0,0.0,0.81153756,0.0,0.0,0.0,0.0
7,7,0.0,0.0,0.0,0.049269997,0.13919246,0.0,0.0,0.81153756,0.0,0.0,0.0,0.0
7,7,0.0,0.0,0.0,0.049269997,0.13919246,0.0,0.0,0.81153756,0.0,0.0,0.0,0.0
7,7,0.0,0.0,0.0,0.049269997,0.13919246,0.0,0.0,0.81153756,0.0,0.0,0.0,0.0
7,7,0.0,0.0,0.0,0.049269997,0.13919246,0.0,0.0,0.81153756,0.0,0.0,0.0,0.0
7,7,0.0,0.0,0.0,0.049269997,0.13919246,0.0,0.0,0.81153756,0.0,0.0,0.0,0.0
7,7,0.0,0.0,0.0,0.049269997,0.13919246,0.0,0.0,0.81153756,0.0,0.0,0.0,0.0
7,7,0.0,0.0,0.0,0.049269997,0.13919246,0.0,0.0,0.81153756,0.0,0.0,0.0,0.0
7,7,0.0,0.0,0.0,0.049269997,0.13919246,0.0,0.0,0.81153756,0.0,0.0,0.0,0.0
7,7,0.0,0.0,0.0,0.049269997,0.13919246,0.0,0.0,0.81153756,0.0,0.0,0.0,0.0
7,7,0.0,0.0,0.0,0.049269997,0.13919246,0.0,0.0,0.81153756,0.0,0.0,0.0,0.0
7,7,0.0,0.0,0.0,0.049269997,0.13919246,0.0,0.0,0.81153756,0.0,0.0,0.0,0.0
7,7,0.0,0.0,0.0,0.049269997,0.13919246,0.0,0.0,0.81153756,0.0,0.0,0.0,0.0
7,7,0.0,0.0,0.0,0.049269997,0.13919246,0.0,0.0,0.81153756,0.0,0.0,0.0,0.0
7,7,0.0,0.0,0.0,0.049269997,0.13919246,0.0,0.0,0.81153756,0.0,0.0,0.0,0.0
8,7,0.0,0.0,0.0,0.049269997,0.13919246,0.0,0.0,0.81153756,0.0,0.0,0.0,0.0
8,7,0.0,0.0,0.0,0.049269997,0.13919246,0.0,0.0,0.81153756,0.0,0.0,0.0,0.0
8,7,0.0,0.0,0.0,0.049269997,0.13919246,0.0,0.0,0.81153756,0.0,0.0,0.0,0.0
8,7,0.0,0.0,0.0,0.049269997,0.13919246,0.0,0.0,0.81153756,0.0,0.0,0.0,0.0
8,7,0.0,0.0,0.0,0.049269997,0.13919246,0.0,0.0,0.81153756,0.0,0.0,0.0,0.0
8,7,0.0,0.0,0.0,0.049269997,0.13919246,0.0,0.0,0.81153756,0.0,0.0,0.0,0.0
8,7,0.0,0.0,0.0,0.049269997,0.13919246,0.0,0.0,0.81153756,0.0,0.0,0.0,0.0
8,7,0.0,0.0,0.0,0.049269997,0.13919246,0.0,0.0,0.81153756,0.0,0.0,0.0,0.0
8,7,0.0,0.0,0.0,0.049269997,0.13919246,0.0,0.0,0.81153756,0.0,0.0,0.0,0.0
8,7,0.0,0.0,0.0,0.049269997,0.13919246,0.0,0.0,0.81153756,0.0,0.0,0.0,0.0
8,7,0.0,0.0,0.0,0.049269997,0.13919246,0.0,0.0,0.81153756,0.0,0.0,0.0,0.0
8,7,0.0,0.0,0.0,0.049269997,0.13919246,0.0,0.0,0.81153756,0.0,0.0,0.0,0.0
8,7,0.0,0.0,0.0,0.049269997,0.13919246,0.0,0.0,0.81153756,0.0,0.0,0.0,0.0
8,7,0.0,0.0,0.0,0.049269997,0.13919246,0.0,0.0,0.81153756,0.0,0.0,0.0,0.0
8,7,0.0,0.0,0.0,0.049269997,0.13919246,0.0,0.0,0.81153756,0.0,0.0,0.0,0.0
8,7,0.0,0.0,0.0,0.049269997,0.13919246,0.0,0.0,0.81153756,0.0,0.0,0.0,0.0
8,7,0.0,0.0,0.0,0.049269997,0.13919246,0.0,0.0,0.81153756,0.0,0.0,0.0,0.0
8,7,0.0,0.0,0.0,0.049269997,0.13919246,0.0,0.0,0.81153756,0.0,0.0,0.0,0.0
8,7,0.0,0.0,0.0,0.049269997,0.13919246,0.0,0.0,0.81153756,0.0,0.0,0.0,0.0
8,7,0.0,0.0,0.0,0.049269997,0.13919246,0.0,0.0,0.81153756,0.0,0.0,0.0,0.0
8,7,0.0,0.0,0.0,0.049269997,0.13919246,0.0,0.0,0.81153756,0.0,0.0,0.0,0.0
8,7,0.0,0.0,0.0,0.049269997,0.13919246,0.0,0.0,0.81153756,0.0,0.0,0.0,0.0
8,7,0.0,0.0,0.0,0.049269997,0.13919246,0.0,0.0,0.81153756,0.0,0.0,0.0,0.0
8,7,0.0,0.0,0.0,0.049269997,0.13919246,0.0,0.0,0.81153756,0.0,0.0,0.0,0.0
8,7,0.0,0.0,0.0,0.049269997,0.13919246,0.0,0.0,0.81153756,0.0,0.0,0.0,0.0
8,7,0.0,0.0,0.0,0.049269997,0.13919246,0.0,0.0,0.81153756,0.0,0.0,0.0,0.0
8,7,0.0,0.0,0.0,0.049269997,0.13919246,0.0,0.0,0.81153756,0.0,0.0,0.0,0.0
8,7,0.0,0.0,0.0,0.049269997,0.13919246,0.0,0.0,0.81153756,0.0,0.0,0.0,0.0
8,7,0.0,0.0,0.0,0.049269997,0.13919246,0.0,0.0,0.81153756,0.0,0.0,0.0,0.0
8,7,0.0,0.0,0.0,0.049269997,0.13919246,0.0,0.0,0.81153756,0.0,0.0,0.0,0.0
8,7,0.0,0.0,0.0,0.049269997,0.13919246,0.0,0.0,0.81153756,0.0,0.0,0.0,0.0
8,7,0.0,0.0,0.0,0.049269997,0.13919246,0.0,0.0,0.81153756,0.0,0.0,0.0,0.0
8,7,0.0,0.0,0.0,0.049269997,0.13919246,0.0,0.0,0.81153756,0.0,0.0,0.0,0.0
8,7,0.0,0.0,0.0,0.049269997,0.13919246,0.0,0.0,0.81153756,0.0,0.0,0.0,0.0
8,7,0.0,0.0,0.0,0.049269997,0.13919246,0.0,0.0,0.81153756,0.0,0.0,0.0,0.0
8,7,0.0,0.0,0.0,0.049269997,0.13919246,0.0,0.0,0.81153756,0.0,0.0,0.0,0.0
8,7,0.0,0.0,0.0,0.049269997,0.13919246,0.0,0.0,0.81153756,0.0,0.0,0.0,0.0
8,7,0.0,0.0,0.0,0.049269997,0.13919246,0.0,0.0,0.81153756,0.0,0.0,0.0,0.0
8,7,0.0,0.0,0.0,0.049269997,0.13919246,0.0,0.0,0.81153756,0.0,0.0,0.0,0.0
8,7,0.0,0.0,0.0,0.049269997,0.13919246,0.0,0.0,0.81153756,0.0,0.0,0.0,0.0
8,7,0.0,0.0,0.0,0.049269997,0.13919246,0.0,0.0,0.81153756,0.0,0.0,0.0,0.0
8,7,0.0,0.0,0.0,0.049269997,0.13919246,0.0,0.0,0.81153756,0.0,0.0,0.0,0.0
8,7,0.0,0.0,0.0,0.049269997,0.13919246,0.0,0.0,0.81153756,0.0,0.0,0.0,0.0
8,7,0.0,0.0,0.0,0.049269997,0.13919246,0.0,0.0,0.81153756,0.0,0.0,0.0,0.0
8,7,0.0,0.0,0.0,0.049269997,0.13919246,0.0,0.0,0.81153756,0.0,0.0,0.0,0.0
8,7,0.0,0.0,0.0,0.049269997,0.13919246,0.0,0.0,0.81153756,0.0,0.0,0.0,0.0
8,7,0.0,0.0,0.0,0.049269997,0.13919246,0.0,0.0,0.81153756,0.0,0.0,0.0,0.0
8,7,0.0,0.0,0.0,0.049269997,0.13919246,0.0,0.0,0.81153756,0.0,0.0,0.0,0.0
8,7,0.0,0.0,0.0,0.049269997,0.13919246,0.0,0.0,0.81153756,0.0,0.0,0.0,0.0
8,7,0.0,0.0,0.0,0.049269997,0.13919246,0.0,0.0,0.81153756,0.0,0.0,0.0,0.0
8,7,0.0,0.0,0.0,0.049269997,0.13919246,0.0,0.0,0.81153756,0.0,0.0,0.0,0.0
8,7,0.0,0.0,0.0,0.049269997,0.13919246,0.0,0.0,0.81153756,0.0,0.0,0.0,0.0
8,7,0.0,0.0,0.0,0.049269997,0.13919246,0.0,0.0,0.81153756,0.0,0.0,0.0,0.0
8,7,0.0,0.0,0.0,0.049269997,0.13919246,0.0,0.0,0.81153756,0.0,0.0,0.0,0.0
8,7,0.0,0.0,0.0,0.049269997,0.13919246,0.0,0.0,0.81153756,0.0,0.0,0.0,0.0
8,7,0.0,0.0,0.0,0.049269997,0.13919246,0.0,0.0,0.81153756,0.0,0.0,0.0,0.0
8,7,0.0,0.0,0.0,0.049269997,0.13919246,0.0,0.0,0.81153756,0.0,0.0,0.0,0.0
8,7,0.0,0.0,0.0,0.049269997,0.13919246,0.0,0.0,0.81153756,0.0,0.0,0.0,0.0
8,7,0.0,0.0,0.0,0.049269997,0.13919246,0.0,0.0,0.81153756,0.0,0.0,0.0,0.0
8,7,0.0,0.0,0.0,0.049269997,0.13919246,0.0,0.0,0.81153756,0.0,0.0,0.0,0.0
8,7,0.0,0.0,0.0,0.049269997,0.13919246,0.0,0.0,0.81153756,0.0,0.0,0.0,0.0
8,7,0.0,0.0,0.0,0.049269997,0.13919246,0.0,0.0,0.81153756,0.0,0.0,0.0,0.0
8,7,0.0,0.0,0.0,0.049269997,0.13919246,0.0,0.0,0.81153756,0.0,0.0,0.0,0.0
8,7,0.0,0.0,0.0,0.049269997,0.13919246,0.0,0.0,0.81153756,0.0,0.0,0.0,0.0
8,7,0.0,0.0,0.0,0.049269997,0.13919246,0.0,0.0,0.81153756,0.0,0.0,0.0,0.0
8,7,0.0,0.0,0.0,0.049269997,0.13919246,0.0,0.0,0.81153756,0.0,0.0,0.0,0.0
8,7,0.0,0.0,0.0,0.049269997,0.13919246,0.0,0.0,0.81153756,0.0,0.0,0.0,0.0
8,7,0.0,0.0,0.0,0.049269997,0.13919246,0.0,0.0,0.81153756,0.0,0.0,0.0,0.0
8,7,0.0,0.0,0.0,0.049269997,0.13919246,0.0,0.0,0.81153756,0.0,0.0,0.0,0.0
8,7,0.0,0.0,0.0,0.049269997,0.13919246,0.0,0.0,0.81153756,0.0,0.0,0.0,0.0
8,7,0.0,0.0,0.0,0.049269997,0.13919246,0.0,0.0,0.81153756,0.0,0.0,0.0,0.0
8,7,0.0,0.0,0.0,0.049269997,0.13919246,0.0,0.0,0.81153756,0.0,0.0,0.0,0.0
8,7,0.0,0.0,0.0,0.049269997,0.13919246,0.0,0.0,0.81153756,0.0,0.0,0.0,0.0
8,7,0.0,0.0,0.0,0.049269997,0.13919246,0.0,0.0,0.81153756,0.0,0.0,0.0,0.0
8,7,0.0,0.0,0.0,0.049269997,0.13919246,0.0,0.0,0.81153756,0.0,0.0,0.0,0.0
8,7,0.0,0.0,0.0,0.049269997,0.13919246,0.0,0.0,0.81153756,0.0,0.0,0.0,0.0
8,7,0.0,0.0,0.0,0.04927,0.091262236,0.0,0.0,0.8594678,0.0,0.0,0.0,0.0
8,7,0.0,0.0,0.0,0.04927,0.091262236,0.0,0.0,0.8594678,0.0,0.0,0.0,0.0
8,7,0.0,0.0,0.0,0.04927,0.091262236,0.0,0.0,0.8594678,0.0,0.0,0.0,0.0
8,7,0.0,0.0,0.0,0.04927,0.091262236,0.0,0.0,0.8594678,0.0,0.0,0.0,0.0
8,7,0.0,0.0,0.0,0.04927,0.091262236,0.0,0.0,0.8594678,0.0,0.0,0.0,0.0
8,7,0.0,0.0,0.0,0.04927,0.091262236,0.0,0.0,0.8594678,0.0,0.0,0.0,0.0
8,7,0.0,0.0,0.0,0.04927,0.091262236,0.0,0.0,0.8594678,0.0,0.0,0.0,0.0
8,7,0.0,0.0,0.0,0.04927,0.091262236,0.0,0.0,0.8594678,0.0,0.0,0.0,0.0
8,7,0.0,0.0,0.0,0.04927,0.091262236,0.0,0.0,0.8594678,0.0,0.0,0.0,0.0
8,7,0.0,0.0,0.0,0.04927,0.091262236,0.0,0.0,0.8594678,0.0,0.0,0.0,0.0
8,7,0.0,0.0,0.0,0.04927,0.091262236,0.0,0.0,0.8353439,0.024123915,0.0,0.0,0.0
8,7,0.0,0.0,0.0,0.04927,0.091262236,0.0,0.0,0.8353439,0.024123915,0.0,0.0,0.0
8,7,0.0,0.0,0.0,0.04927,0.091262236,0.0,0.0,0.8353439,0.024123915,0.0,0.0,0.0
8,7,0.0,0.0,0.0,0.04927,0.091262236,0.0,0.0,0.8353439,0.024123915,0.0,0.0,0.0
8,7,0.0,0.0,0.0,0.04927,0.091262236,0.0,0.0,0.8353439,0.024123915,0.0,0.0,0.0
8,7,0.0,0.0,0.0,0.04927,0.091262236,0.0,0.0,0.8353439,0.024123915,0.0,0.0,0.0
8,7,0.0,0.0,0.0,0.04927,0.091262236,0.0,0.0,0.8353439,0.024123915,0.0,0.0,0.0
8,7,0.0,0.0,0.0,0.04927,0.091262236,0.0,0.0,0.8353439,0.024123915,0.0,0.0,0.0
8,7,0.0,0.0,0.0,0.04927,0.091262236,0.0,0.0,0.8353439,0.024123915,0.0,0.0,0.0
8,7,0.0,0.0,0.0,0.04927,0.091262236,0.0,0.0,0.8353439,0.024123915,0.0,0.0,0.0
8,7,0.0,0.0,0.0,0.04927,0.09126224,0.0,0.0,0.7349992,0.124468654,0.0,0.0,0.0
8,7,0.0,0.0,0.0,0.04927,0.09126224,0.0,0.0,0.7349992,0.124468654,0.0,0.0,0.0
8,7,0.0,0.0,0.0,0.04927,0.09126224,0.0,0.0,0.7349992,0.124468654,0.0,0.0,0.0
8,7,0.0,0.0,0.0,0.04927,0.09126224,0.0,0.0,0.7349992,0.124468654,0.0,0.0,0.0
8,7,0.0,0.0,0.0,0.0,0.091262236,0.0,0.0,0.7349991,0.17373864,0.0,0.0,0.0
8,7,0.0,0.0,0.0,0.0,0.091262236,0.0,0.0,0.7349991,0.17373864,0.0,0.0,0.0
8,7,0.0,0.0,0.0,0.0,0.091262236,0.0,0.0,0.7349991,0.17373864,0.0,0.0,0.0
8,7,0.0,0.0,0.0,0.0,0.091262236,0.0,0.0,0.7349991,0.17373864,0.0,0.0,0.0
8,7,0.0,0.0,0.0,0.0,0.09126223,0.0,0.0,0.64709,0.22166887,0.039978858,0.0,0.0
8,7,0.0,0.0,0.0,0.0,0.09126223,0.0,0.0,0.64709,0.22166887,0.039978858,0.0,0.0
8,7,0.0,0.0,0.0,0.0,0.09126223,0.0,0.0,0.64709,0.22166887,0.039978858,0.0,0.0
8,7,0.0,0.0,0.0,0.0,0.09126223,0.0,0.0,0.64709,0.22166887,0.039978858,0.0,0.0
8,7,0.0,0.0,0.0,0.0,0.09126223,0.0,0.0,0.64709,0.22166887,0.039978858,0.0,0.0
8,7,0.0,0.0,0.0,0.0,0.09126223,0.0,0.0,0.64709,0.22166887,0.039978858,0.0,0.0
8,7,0.0,0.0,0.0,0.0,0.09126223,0.0,0.0,0.64709,0.22166887,0.039978858,0.0,0.0
8,7,0.0,0.0,0.0,0.0,0.09126223,0.0,0.0,0.64709,0.22166887,0.039978858,0.0,0.0
8,7,0.0,0.0,0.0,0.0,0.09126223,0.0,0.0,0.64709,0.22166887,0.039978858,0.0,0.0
8,7,0.0,0.0,0.0,0.0,0.09126223,0.0,0.0,0.64709,0.22166887,0.039978858,0.0,0.0
8,7,0.0,0.0,0.0,0.0,0.09126223,0.0,0.0,0.64709,0.22166887,0.039978858,0.0,0.0
8,7,0.0,0.0,0.0,0.0,0.09126223,0.0,0.0,0.64709,0.22166887,0.039978858,0.0,0.0
8,7,0.0,0.0,0.0,0.0,0.09126223,0.0,0.0,0.64709,0.22166887,0.039978858,0.0,0.0
8,7,0.0,0.0,0.0,0.0,0.09126223,0.0,0.0,0.64709,0.22166887,0.039978858,0.0,0.0
8,7,0.0,0.0,0.0,0.0,0.09126223,0.0,0.0,0.64709,0.22166887,0.039978858,0.0,0.0
8,7,0.0,0.0,0.0,0.0,0.09126223,0.0,0.0,0.64709,0.22166887,0.039978858,0.0,0.0
8,7,0.0,0.0,0.0,0.0,0.09126223,0.0,0.0,0.52883,0.32625687,0.053650904,0.0,0.0
8,7,0.0,0.0,0.0,0.0,0.09126223,0.0,0.0,0.52883,0.32625687,0.053650904,0.0,0.0
8,7,0.0,0.0,0.0,0.0,0.09126223,0.0,0.0,0.52883,0.32625687,0.053650904,0.0,0.0
8,7,0.0,0.0,0.0,0.0,0.09126223,0.0,0.0,0.52883,0.32625687,0.053650904,0.0,0.0
8,7,0.0,0.0,0.0,0.0,0.09126223,0.0,0.0,0.52883,0.32625687,0.053650904,0.0,0.0
8,7,0.0,0.0,0.0,0.0,0.09126223,0.0,0.0,0.52883,0.32625687,0.053650904,0.0,0.0
8,7,0.0,0.0,0.0,0.0,0.09126223,0.0,0.0,0.52883,0.32625687,0.053650904,0.0,0.0
8,8,0.0,0.0,0.0,0.0,0.091262236,0.0,0.0,0.38727838,0.46780849,0.05365091,0.0,0.0
8,8,0.0,0.0,0.0,0.0,0.091262236,0.0,0.0,0.38727838,0.46780849,0.05365091,0.0,0.0
8,8,0.0,0.0,0.0,0.0,0.091262236,0.0,0.0,0.38727838,0.46780849,0.05365091,0.0,0.0
8,8,0.0,0.0,0.0,0.0,0.091262236,0.0,0.0,0.38727838,0.46780849,0.05365091,0.0,0.0
8,8,0.0,0.0,0.0,0.0,0.091262236,0.0,0.0,0.38727838,0.46780849,0.05365091,0.0,0.0
8,8,0.0,0.0,0.0,0.0,0.091262236,0.0,0.0,0.38727838,0.46780849,0.05365091,0.0,0.0
8,8,0.0,0.0,0.0,0.0,0.091262236,0.0,0.0,0.38727838,0.46780849,0.05365091,0.0,0.0
8,8,0.0,0.0,0.0,0.0,0.091262236,0.0,0.0,0.38727838,0.46780849,0.05365091,0.0,0.0
8,8,0.0,0.0,0.0,0.0,0.091262236,0.0,0.0,0.38727838,0.46780849,0.05365091,0.0,0.0
8,8,0.0,0.0,0.0,0.0,0.091262236,0.0,0.0,0.38727838,0.46780849,0.05365091,0.0,0.0
8,8,0.0,0.0,0.0,0.0,0.091262236,0.0,0.0,0.30684808,0.5482388,0.05365091,0.0,0.0
8,8,0.0,0.0,0.0,0.0,0.091262236,0.0,0.0,0.30684808,0.5482388,0.05365091,0.0,0.0
8,8,0.0,0.0,0.0,0.0,0.091262236,0.0,0.0,0.30684808,0.5482388,0.05365091,0.0,0.0
8,8,0.0,0.0,0.0,0.0,0.031637974,0.0,0.0,0.30684808,0.5482388,0.11327517,0.0,0.0
8,8,0.0,0.0,0.0,0.0,0.031637974,0.0,0.0,0.30684808,0.5482388,0.11327517,0.0,0.0
8,8,0.0,0.0,0.0,0.0,0.031637974,0.0,0.0,0.30684808,0.5482388,0.11327517,0.0,0.0
8,8,0.0,0.0,0.0,0.0,0.031637974,0.0,0.0,0.30684808,0.5482388,0.11327517,0.0,0.0
8,8,0.0,0.0,0.0,0.0,0.031637974,0.0,0.0,0.30684808,0.5482388,0.11327517,0.0,0.0
8,8,0.0,0.0,0.0,0.0,0.03163797,0.0,0.0,0.25461498,0.60047185,0.11327517,0.0,0.0
8,8,0.0,0.0,0.0,0.0,0.03163797,0.0,0.0,0.25461498,0.60047185,0.11327517,0.0,0.0
8,8,0.0,0.0,0.0,0.0,0.03163797,0.0,0.0,0.25461498,0.60047185,0.11327517,0.0,0.0
8,8,0.0,0.0,0.0,0.0,0.03163797,0.0,0.0,0.25461498,0.60047185,0.11327517,0.0,0.0
8,8,0.0,0.0,0.0,0.0,0.03163797,0.0,0.0,0.25461498,0.60047185,0.11327517,0.0,0.0
8,8,0.0,0.0,0.0,0.0,0.03163797,0.0,0.0,0.25461498,0.60047185,0.11327517,0.0,0.0
8,8,0.0,0.0,0.0,0.0,0.03163797,0.0,0.0,0.25461498,0.60047185,0.11327517,0.0,0.0
8,8,0.0,0.0,0.0,0.0,0.03163797,0.0,0.0,0.0,0.85508686,0.11327517,0.0,0.0
8,8,0.0,0.0,0.0,0.0,0.03163797,0.0,0.0,0.0,0.85508686,0.11327517,0.0,0.0
8,8,0.0,0.0,0.0,0.0,0.03163797,0.0,0.0,0.0,0.85508686,0.11327517,0.0,0.0
8,8,0.0,0.0,0.0,0.0,0.03163797,0.0,0.0,0.0,0.85508686,0.11327517,0.0,0.0
8,8,0.0,0.0,0.0,0.0,0.03163797,0.0,0.0,0.0,0.85508686,0.11327517,0.0,0.0
8,8,0.0,0.0,0.0,0.0,0.03163797,0.0,0.0,0.0,0.85508686,0.11327517,0.0,0.0
8,8,0.0,0.0,0.0,0.0,0.03163797,0.0,0.0,0.0,0.85508686,0.11327517,0.0,0.0
8,8,0.0,0.0,0.0,0.0,0.03163797,0.0,0.0,0.0,0.85508686,0.11327517,0.0,0.0
8,8,0.0,0.0,0.0,0.0,0.03163797,0.0,0.0,0.0,0.85508686,0.11327517,0.0,0.0
8,8,0.0,0.0,0.0,0.0,0.03163797,0.0,0.0,0.0,0.85508686,0.11327517,0.0,0.0
8,8,0.0,0.0,0.0,0.0,0.03163797,0.0,0.0,0.0,0.85508686,0.11327517,0.0,0.0
8,8,0.0,0.0,0.0,0.0,0.03163797,0.0,0.0,0.0,0.85508686,0.11327517,0.0,0.0
8,8,0.0,0.0,0.0,0.0,0.03163797,0.0,0.0,0.0,0.85508686,0.11327517,0.0,0.0
8,8,0.0,0.0,0.0,0.0,0.03163797,0.0,0.0,0.0,0.85508686,0.11327517,0.0,0.0
8,8,0.0,0.0,0.0,0.0,0.03163797,0.0,0.0,0.0,0.85508686,0.11327517,0.0,0.0
8,8,0.0,0.0,0.0,0.0,0.03163797,0.0,0.0,0.0,0.85508686,0.11327517,0.0,0.0
8,8,0.0,0.0,0.0,0.0,0.03163797,0.0,0.0,0.0,0.85508686,0.11327517,0.0,0.0
8,8,0.0,0.0,0.0,0.0,0.03163797,0.0,0.0,0.0,0.85508686,0.11327517,0.0,0.0
8,8,0.0,0.0,0.0,0.0,0.03163797,0.0,0.0,0.0,0.9147111,0.05365091,0.0,0.0
8,8,0.0,0.0,0.0,0.0,0.03163797,0.0,0.0,0.0,0.9147111,0.05365091,0.0,0.0
8,8,0.0,0.0,0.0,0.0,0.03163797,0.0,0.0,0.0,0.9147111,0.05365091,0.0,0.0
8,8,0.0,0.0,0.0,0.0,0.03163797,0.0,0.0,0.0,0.9147111,0.05365091,0.0,0.0
8,8,0.0,0.0,0.0,0.0,0.03163797,0.0,0.0,0.0,0.9147111,0.05365091,0.0,0.0
8,8,0.0,0.0,0.0,0.0,0.03163797,0.0,0.0,0.0,0.9147111,0.05365091,0.0,0.0
8,8,0.0,0.0,0.0,0.0,0.03163797,0.0,0.0,0.0,0.9147111,0.05365091,0.0,0.0
8,8,0.0,0.0,0.0,0.0,0.03163797,0.0,0.0,0.0,0.9147111,0.05365091,0.0,0.0
8,8,0.0,0.0,0.0,0.0,0.03163797,0.0,0.0,0.0,0.9147111,0.05365091,0.0,0.0
8,8,0.0,0.0,0.0,0.0,0.03163797,0.0,0.0,0.0,0.9147111,0.05365091,0.0,0.0
8,8,0.0,0.0,0.0,0.0,0.03163797,0.0,0.0,0.0,0.9147111,0.05365091,0.0,0.0
8,8,0.0,0.0,0.0,0.0,0.03163797,0.0,0.0,0.0,0.9147111,0.05365091,0.0,0.0
8,8,0.0,0.0,0.0,0.0,0.0,0.0,0.0,0.0,0.9463491,0.05365091,0.0,0.0
8,8,0.0,0.0,0.0,0.0,0.0,0.0,0.0,0.0,0.9463491,0.05365091,0.0,0.0
8,8,0.0,0.0,0.0,0.0,0.0,0.0,0.0,0.0,0.9463491,0.05365091,0.0,0.0
8,8,0.0,0.0,0.0,0.0,0.0,0.0,0.0,0.0,0.9463491,0.05365091,0.0,0.0
8,8,0.0,0.0,0.0,0.0,0.0,0.0,0.0,0.0,0.9463491,0.05365091,0.0,0.0
8,8,0.0,0.0,0.0,0.0,0.0,0.0,0.0,0.0,0.9463491,0.05365091,0.0,0.0
8,8,0.0,0.0,0.0,0.0,0.0,0.0,0.0,0.0,0.9463491,0.05365091,0.0,0.0
8,8,0.0,0.0,0.0,0.0,0.0,0.0,0.0,0.0,0.9463491,0.05365091,0.0,0.0
8,8,0.0,0.0,0.0,0.0,0.0,0.0,0.0,0.0,0.9463491,0.05365091,0.0,0.0
8,8,0.0,0.0,0.0,0.0,0.0,0.0,0.0,0.0,0.9463491,0.05365091,0.0,0.0
8,8,0.0,0.0,0.0,0.0,0.0,0.0,0.0,0.0,0.9463491,0.05365091,0.0,0.0
8,8,0.0,0.0,0.0,0.0,0.0,0.0,0.0,0.0,0.9463491,0.05365091,0.0,0.0
8,8,0.0,0.0,0.0,0.0,0.0,0.0,0.0,0.0,0.9463491,0.05365091,0.0,0.0
8,8,0.0,0.0,0.0,0.0,0.0,0.0,0.0,0.0,0.9463491,0.05365091,0.0,0.0
8,8,0.0,0.0,0.0,0.0,0.0,0.0,0.0,0.0,0.9463491,0.05365091,0.0,0.0
8,8,0.0,0.0,0.0,0.0,0.0,0.0,0.0,0.0,0.9463491,0.05365091,0.0,0.0
8,8,0.0,0.0,0.0,0.0,0.0,0.0,0.0,0.0,0.9463491,0.05365091,0.0,0.0
8,8,0.0,0.0,0.0,0.0,0.0,0.0,0.0,0.0,0.9463491,0.05365091,0.0,0.0
8,8,0.0,0.0,0.0,0.0,0.0,0.0,0.0,0.0,0.9463491,0.05365091,0.0,0.0
8,8,0.0,0.0,0.0,0.0,0.0,0.0,0.0,0.0,0.9463491,0.05365091,0.0,0.0
8,8,0.0,0.0,0.0,0.0,0.0,0.0,0.0,0.0,0.9463491,0.05365091,0.0,0.0
8,8,0.0,0.0,0.0,0.0,0.0,0.0,0.0,0.0,0.9463491,0.05365091,0.0,0.0
8,8,0.0,0.0,0.0,0.0,0.0,0.0,0.0,0.0,0.9463491,0.05365091,0.0,0.0
8,8,0.0,0.0,0.0,0.0,0.0,0.0,0.0,0.0,0.9463491,0.05365091,0.0,0.0
8,8,0.0,0.0,0.0,0.0,0.0,0.0,0.0,0.0,0.9463491,0.05365091,0.0,0.0
8,8,0.0,0.0,0.0,0.0,0.0,0.0,0.0,0.0,0.9463491,0.05365091,0.0,0.0
8,8,0.0,0.0,0.0,0.0,0.0,0.0,0.0,0.0,0.9463491,0.05365091,0.0,0.0
8,8,0.0,0.0,0.0,0.0,0.0,0.0,0.0,0.0,0.9463491,0.05365091,0.0,0.0
8,8,0.0,0.0,0.0,0.0,0.0,0.0,0.0,0.0,0.9463491,0.05365091,0.0,0.0
8,8,0.0,0.0,0.0,0.0,0.0,0.0,0.0,0.0,0.9463491,0.05365091,0.0,0.0
8,8,0.0,0.0,0.0,0.0,0.0,0.0,0.0,0.0,0.9463491,0.05365091,0.0,0.0
8,8,0.0,0.0,0.0,0.0,0.0,0.0,0.0,0.0,0.9463491,0.05365091,0.0,0.0
8,8,0.0,0.0,0.0,0.0,0.0,0.0,0.0,0.0,0.9463491,0.05365091,0.0,0.0
8,8,0.0,0.0,0.0,0.0,0.0,0.0,0.0,0.0,0.9463491,0.05365091,0.0,0.0
8,8,0.0,0.0,0.0,0.0,0.0,0.0,0.0,0.0,0.98632795,0.013672048,0.0,0.0
8,8,0.0,0.0,0.0,0.0,0.0,0.0,0.0,0.0,0.98632795,0.013672048,0.0,0.0
8,8,0.0,0.0,0.0,0.0,0.0,0.0,0.0,0.0,0.98632795,0.013672048,0.0,0.0
8,8,0.0,0.0,0.0,0.0,0.0,0.0,0.0,0.0,0.98632795,0.013672048,0.0,0.0
8,8,0.0,0.0,0.0,0.0,0.0,0.0,0.0,0.0,0.98632795,0.013672048,0.0,0.0
8,8,0.0,0.0,0.0,0.0,0.0,0.0,0.0,0.0,0.98632795,0.013672048,0.0,0.0
8,8,0.0,0.0,0.0,0.0,0.0,0.0,0.0,0.0,0.98632795,0.013672048,0.0,0.0
8,8,0.0,0.0,0.0,0.0,0.0,0.0,0.0,0.0,0.98632795,0.013672048,0.0,0.0
8,8,0.0,0.0,0.0,0.0,0.0,0.0,0.0,0.0,0.98632795,0.013672048,0.0,0.0
8,8,0.0,0.0,0.0,0.0,0.0,0.0,0.0,0.0,0.98632795,0.013672048,0.0,0.0
8,8,0.0,0.0,0.0,0.0,0.0,0.0,0.0,0.0,0.98632795,0.013672048,0.0,0.0
8,8,0.0,0.0,0.0,0.0,0.0,0.0,0.0,0.0,0.98632795,0.013672048,0.0,0.0
8,8,0.0,0.0,0.0,0.0,0.0,0.0,0.0,0.0,0.98632795,0.013672048,0.0,0.0
8,8,0.0,0.0,0.0,0.0,0.0,0.0,0.0,0.0,0.98632795,0.013672048,0.0,0.0
8,8,0.0,0.0,0.0,0.0,0.0,0.0,0.0,0.0,0.98632795,0.013672048,0.0,0.0
8,8,0.0,0.0,0.0,0.0,0.0,0.0,0.0,0.0,0.98632795,0.013672048,0.0,0.0
8,8,0.0,0.0,0.0,0.0,0.0,0.0,0.0,0.0,0.98632795,0.013672048,0.0,0.0
8,8,0.0,0.0,0.0,0.0,0.0,0.0,0.0,0.0,0.98632795,0.013672048,0.0,0.0
8,8,0.0,0.0,0.0,0.0,0.0,0.0,0.0,0.0,0.98632795,0.013672048,0.0,0.0
8,8,0.0,0.0,0.0,0.0,0.0,0.0,0.0,0.0,0.98632795,0.013672048,0.0,0.0
8,8,0.0,0.0,0.0,0.0,0.0,0.0,0.0,0.0,0.98632795,0.013672048,0.0,0.0
8,8,0.0,0.0,0.0,0.0,0.0,0.0,0.0,0.0,0.98632795,0.013672048,0.0,0.0
8,8,0.0,0.0,0.0,0.0,0.0,0.0,0.0,0.0,0.98632795,0.013672048,0.0,0.0
8,8,0.0,0.0,0.0,0.0,0.0,0.0,0.0,0.0,0.98632795,0.013672048,0.0,0.0
8,8,0.0,0.0,0.0,0.0,0.0,0.0,0.0,0.0,0.98632795,0.013672048,0.0,0.0
8,8,0.0,0.0,0.0,0.0,0.0,0.0,0.0,0.0,0.98632795,0.013672048,0.0,0.0
8,8,0.0,0.0,0.0,0.0,0.0,0.0,0.0,0.0,0.98632795,0.013672048,0.0,0.0
8,8,0.0,0.0,0.0,0.0,0.0,0.0,0.0,0.0,0.98632795,0.013672048,0.0,0.0
8,8,0.0,0.0,0.0,0.0,0.0,0.0,0.0,0.0,0.98632795,0.013672048,0.0,0.0
8,8,0.0,0.0,0.0,0.0,0.0,0.0,0.0,0.0,0.98632795,0.013672048,0.0,0.0
8,8,0.0,0.0,0.0,0.0,0.0,0.0,0.0,0.0,0.98632795,0.013672048,0.0,0.0
8,8,0.0,0.0,0.0,0.0,0.0,0.0,0.0,0.0,0.98632795,0.013672048,0.0,0.0
8,8,0.0,0.0,0.0,0.0,0.0,0.0,0.0,0.0,0.98632795,0.013672048,0.0,0.0
8,8,0.0,0.0,0.0,0.0,0.0,0.0,0.0,0.0,0.98632795,0.013672048,0.0,0.0
8,8,0.0,0.0,0.0,0.0,0.0,0.0,0.0,0.0,0.98632795,0.013672048,0.0,0.0
8,8,0.0,0.0,0.0,0.0,0.0,0.0,0.0,0.0,0.98632795,0.013672048,0.0,0.0
8,8,0.0,0.0,0.0,0.0,0.0,0.0,0.0,0.0,0.98632795,0.013672048,0.0,0.0
8,8,0.0,0.0,0.0,0.0,0.0,0.0,0.0,0.0,0.98632795,0.013672048,0.0,0.0
8,8,0.0,0.0,0.0,0.0,0.0,0.0,0.0,0.0,0.98632795,0.013672048,0.0,0.0
8,8,0.0,0.0,0.0,0.0,0.0,0.0,0.0,0.0,0.98632795,0.013672048,0.0,0.0
8,8,0.0,0.0,0.0,0.0,0.0,0.0,0.0,0.0,0.98632795,0.013672048,0.0,0.0
8,8,0.0,0.0,0.0,0.0,0.0,0.0,0.0,0.0,0.98632795,0.013672048,0.0,0.0
8,8,0.0,0.0,0.0,0.0,0.0,0.0,0.0,0.0,0.98632795,0.013672048,0.0,0.0
8,8,0.0,0.0,0.0,0.0,0.0,0.0,0.0,0.0,0.98632795,0.013672048,0.0,0.0
8,8,0.0,0.0,0.0,0.0,0.0,0.0,0.0,0.0,0.98632795,0.013672048,0.0,0.0
8,8,0.0,0.0,0.0,0.0,0.0,0.0,0.0,0.0,0.98632795,0.013672048,0.0,0.0
8,8,0.0,0.0,0.0,0.0,0.0,0.0,0.0,0.0,0.98632795,0.013672048,0.0,0.0
8,8,0.0,0.0,0.0,0.0,0.0,0.0,0.0,0.0,0.98632795,0.013672048,0.0,0.0
8,8,0.0,0.0,0.0,0.0,0.0,0.0,0.0,0.0,0.98632795,0.013672048,0.0,0.0
8,8,0.0,0.0,0.0,0.0,0.0,0.0,0.0,0.0,0.98632795,0.013672048,0.0,0.0
8,8,0.0,0.0,0.0,0.0,0.0,0.0,0.0,0.0,0.98632795,0.013672048,0.0,0.0
8,8,0.0,0.0,0.0,0.0,0.0,0.0,0.0,0.0,0.98632795,0.013672048,0.0,0.0
8,8,0.0,0.0,0.0,0.0,0.0,0.0,0.0,0.0,0.98632795,0.013672048,0.0,0.0
8,8,0.0,0.0,0.0,0.0,0.0,0.0,0.0,0.0,0.98632795,0.013672048,0.0,0.0
8,8,0.0,0.0,0.0,0.0,0.0,0.0,0.0,0.0,0.98632795,0.013672048,0.0,0.0
8,8,0.0,0.0,0.0,0.0,0.0,0.0,0.0,0.0,0.98632795,0.013672048,0.0,0.0
8,8,0.0,0.0,0.0,0.0,0.0,0.0,0.0,0.0,0.98632795,0.013672048,0.0,0.0
8,8,0.0,0.0,0.0,0.0,0.0,0.0,0.0,0.0,0.98632795,0.013672048,0.0,0.0
8,8,0.0,0.0,0.0,0.0,0.0,0.0,0.0,0.0,0.98632795,0.013672048,0.0,0.0
8,8,0.0,0.0,0.0,0.0,0.0,0.0,0.0,0.0,0.98632795,0.013672048,0.0,0.0
8,8,0.0,0.0,0.0,0.0,0.0,0.0,0.0,0.0,0.98632795,0.013672048,0.0,0.0
8,8,0.0,0.0,0.0,0.0,0.0,0.0,0.0,0.0,0.98632795,0.013672048,0.0,0.0
8,8,0.0,0.0,0.0,0.0,0.0,0.0,0.0,0.0,0.98632795,0.013672048,0.0,0.0
8,8,0.0,0.0,0.0,0.0,0.0,0.0,0.0,0.0,0.98632795,0.013672048,0.0,0.0
8,8,0.0,0.0,0.0,0.0,0.0,0.0,0.0,0.0,0.98632795,0.013672048,0.0,0.0
8,8,0.0,0.0,0.0,0.0,0.0,0.0,0.0,0.0,0.98632795,0.013672048,0.0,0.0
8,8,0.0,0.0,0.0,0.0,0.0,0.0,0.0,0.0,0.98632795,0.013672048,0.0,0.0
8,8,0.0,0.0,0.0,0.0,0.0,0.0,0.0,0.0,0.98632795,0.013672048,0.0,0.0
8,8,0.0,0.0,0.0,0.0,0.0,0.0,0.0,0.0,0.98632795,0.013672048,0.0,0.0
8,8,0.0,0.0,0.0,0.0,0.0,0.0,0.0,0.0,0.98632795,0.013672048,0.0,0.0
8,8,0.0,0.0,0.0,0.0,0.0,0.0,0.0,0.0,0.98632795,0.013672048,0.0,0.0
8,8,0.0,0.0,0.0,0.0,0.0,0.0,0.0,0.0,0.98632795,0.013672048,0.0,0.0
8,8,0.0,0.0,0.0,0.0,0.0,0.0,0.0,0.0,0.98632795,0.013672048,0.0,0.0
8,8,0.0,0.0,0.0,0.0,0.0,0.0,0.0,0.0,0.98632795,0.013672048,0.0,0.0
8,8,0.0,0.0,0.0,0.0,0.0,0.0,0.0,0.0,0.98632795,0.013672048,0.0,0.0
8,8,0.0,0.0,0.0,0.0,0.0,0.0,0.0,0.0,0.98632795,0.013672048,0.0,0.0
8,8,0.0,0.0,0.0,0.0,0.0,0.0,0.0,0.0,0.98632795,0.013672048,0.0,0.0
8,8,0.0,0.0,0.0,0.0,0.0,0.0,0.0,0.0,0.98632795,0.013672048,0.0,0.0
8,8,0.0,0.0,0.0,0.0,0.0,0.0,0.0,0.0,0.98632795,0.013672048,0.0,0.0
8,8,0.0,0.0,0.0,0.0,0.0,0.0,0.0,0.0,0.98632795,0.013672048,0.0,0.0
8,8,0.0,0.0,0.0,0.0,0.0,0.0,0.0,0.0,0.98632795,0.013672048,0.0,0.0
8,8,0.0,0.0,0.0,0.0,0.0,0.0,0.0,0.0,0.98632795,0.013672048,0.0,0.0
8,8,0.0,0.0,0.0,0.0,0.0,0.0,0.0,0.0,0.98632795,0.013672048,0.0,0.0
8,8,0.0,0.0,0.0,0.0,0.0,0.0,0.0,0.0,0.98632795,0.013672048,0.0,0.0
8,8,0.0,0.0,0.0,0.0,0.0,0.0,0.0,0.0,0.98632795,0.013672048,0.0,0.0
8,8,0.0,0.0,0.0,0.0,0.0,0.0,0.0,0.0,0.98632795,0.013672048,0.0,0.0
8,8,0.0,0.0,0.0,0.0,0.0,0.0,0.0,0.0,0.98632795,0.013672048,0.0,0.0
8,8,0.0,0.0,0.0,0.0,0.0,0.0,0.0,0.0,0.98632795,0.013672048,0.0,0.0
8,8,0.0,0.0,0.0,0.0,0.0,0.0,0.0,0.0,0.98632795,0.013672048,0.0,0.0
8,8,0.0,0.0,0.0,0.0,0.0,0.0,0.0,0.0,0.98632795,0.013672048,0.0,0.0
8,8,0.0,0.0,0.0,0.0,0.0,0.0,0.0,0.0,0.98632795,0.013672048,0.0,0.0
8,8,0.0,0.0,0.0,0.0,0.0,0.0,0.0,0.0,0.98632795,0.013672048,0.0,0.0
8,8,0.0,0.0,0.0,0.0,0.0,0.0,0.0,0.0,0.98632795,0.013672048,0.0,0.0
8,8,0.0,0.0,0.0,0.0,0.0,0.0,0.0,0.0,0.98632795,0.013672048,0.0,0.0
8,8,0.0,0.0,0.0,0.0,0.0,0.0,0.0,0.0,0.98632795,0.013672048,0.0,0.0
8,8,0.0,0.0,0.0,0.0,0.0,0.0,0.0,0.0,0.98632795,0.013672048,0.0,0.0
8,8,0.0,0.0,0.0,0.0,0.0,0.0,0.0,0.0,0.98632795,0.013672048,0.0,0.0
8,8,0.0,0.0,0.0,0.0,0.0,0.0,0.0,0.0,0.98632795,0.013672048,0.0,0.0
8,8,0.0,0.0,0.0,0.0,0.0,0.0,0.0,0.0,0.98632795,0.013672048,0.0,0.0
8,8,0.0,0.0,0.0,0.0,0.0,0.0,0.0,0.0,0.98632795,0.013672048,0.0,0.0
8,8,0.0,0.0,0.0,0.0,0.0,0.0,0.0,0.0,0.98632795,0.013672048,0.0,0.0
8,8,0.0,0.0,0.0,0.0,0.0,0.0,0.0,0.0,0.98632795,0.013672048,0.0,0.0
8,8,0.0,0.0,0.0,0.0,0.0,0.0,0.0,0.0,0.98632795,0.013672048,0.0,0.0
8,8,0.0,0.0,0.0,0.0,0.0,0.0,0.0,0.0,0.98632795,0.013672048,0.0,0.0
8,8,0.0,0.0,0.0,0.0,0.0,0.0,0.0,0.0,0.98632795,0.013672048,0.0,0.0
8,8,0.0,0.0,0.0,0.0,0.0,0.0,0.0,0.0,0.98632795,0.013672048,0.0,0.0
8,8,0.0,0.0,0.0,0.0,0.0,0.0,0.0,0.0,0.98632795,0.013672048,0.0,0.0
8,8,0.0,0.0,0.0,0.0,0.0,0.0,0.0,0.0,0.98632795,0.013672048,0.0,0.0
8,8,0.0,0.0,0.0,0.0,0.0,0.0,0.0,0.0,0.98632795,0.013672048,0.0,0.0
8,8,0.0,0.0,0.0,0.0,0.0,0.0,0.0,0.0,0.98632795,0.013672048,0.0,0.0
8,8,0.0,0.0,0.0,0.0,0.0,0.0,0.0,0.0,0.98632795,0.013672048,0.0,0.0
8,8,0.0,0.0,0.0,0.0,0.0,0.0,0.0,0.0,0.98632795,0.013672048,0.0,0.0
8,8,0.0,0.0,0.0,0.0,0.0,0.0,0.0,0.0,0.98632795,0.013672048,0.0,0.0
8,8,0.0,0.0,0.0,0.0,0.0,0.0,0.0,0.0,0.98632795,0.013672048,0.0,0.0
8,8,0.0,0.0,0.0,0.0,0.0,0.0,0.0,0.0,0.98632795,0.013672048,0.0,0.0
8,8,0.0,0.0,0.0,0.0,0.0,0.0,0.0,0.0,0.98632795,0.013672048,0.0,0.0
8,8,0.0,0.0,0.0,0.0,0.0,0.0,0.0,0.0,0.98632795,0.013672048,0.0,0.0
8,8,0.0,0.0,0.0,0.0,0.0,0.0,0.0,0.0,0.98632795,0.013672048,0.0,0.0
8,8,0.0,0.0,0.0,0.0,0.0,0.0,0.0,0.0,0.98632795,0.013672048,0.0,0.0
8,8,0.0,0.0,0.0,0.0,0.0,0.0,0.0,0.0,0.98632795,0.013672048,0.0,0.0
8,8,0.0,0.0,0.0,0.0,0.0,0.0,0.0,0.0,0.98632795,0.013672048,0.0,0.0
8,8,0.0,0.0,0.0,0.0,0.0,0.0,0.0,0.0,0.98632795,0.013672048,0.0,0.0
8,8,0.0,0.0,0.0,0.0,0.0,0.0,0.0,0.0,0.98632795,0.013672048,0.0,0.0
8,8,0.0,0.0,0.0,0.0,0.0,0.0,0.0,0.0,0.98632795,0.013672048,0.0,0.0
8,8,0.0,0.0,0.0,0.0,0.0,0.0,0.0,0.0,0.98632795,0.013672048,0.0,0.0
8,8,0.0,0.0,0.0,0.0,0.0,0.0,0.0,0.0,0.98632795,0.013672048,0.0,0.0
8,8,0.0,0.0,0.0,0.0,0.0,0.0,0.0,0.0,0.98632795,0.013672048,0.0,0.0
8,8,0.0,0.0,0.0,0.0,0.0,0.0,0.0,0.0,0.98632795,0.013672048,0.0,0.0
8,8,0.0,0.0,0.0,0.0,0.0,0.0,0.0,0.0,0.98632795,0.013672048,0.0,0.0
8,8,0.0,0.0,0.0,0.0,0.0,0.0,0.0,0.0,0.98632795,0.013672048,0.0,0.0
8,8,0.0,0.0,0.0,0.0,0.0,0.0,0.0,0.0,0.98632795,0.013672048,0.0,0.0
8,8,0.0,0.0,0.0,0.0,0.0,0.0,0.0,0.0,0.98632795,0.013672048,0.0,0.0
8,8,0.0,0.0,0.0,0.0,0.0,0.0,0.0,0.0,0.98632795,0.013672048,0.0,0.0
8,8,0.0,0.0,0.0,0.0,0.0,0.0,0.0,0.0,0.98632795,0.013672048,0.0,0.0
8,8,0.0,0.0,0.0,0.0,0.0,0.0,0.0,0.0,0.98632795,0.013672048,0.0,0.0
8,8,0.0,0.0,0.0,0.0,0.0,0.0,0.0,0.0,0.98632795,0.013672048,0.0,0.0
8,8,0.0,0.0,0.0,0.0,0.0,0.0,0.0,0.0,0.98632795,0.013672048,0.0,0.0
8,8,0.0,0.0,0.0,0.0,0.0,0.0,0.0,0.0,0.98632795,0.013672048,0.0,0.0
8,8,0.0,0.0,0.0,0.0,0.0,0.0,0.0,0.0,0.98632795,0.013672048,0.0,0.0
8,8,0.0,0.0,0.0,0.0,0.0,0.0,0.0,0.0,0.98632795,0.013672048,0.0,0.0
8,8,0.0,0.0,0.0,0.0,0.0,0.0,0.0,0.0,0.98632795,0.013672048,0.0,0.0
8,8,0.0,0.0,0.0,0.0,0.0,0.0,0.0,0.0,0.98632795,0.013672048,0.0,0.0
8,8,0.0,0.0,0.0,0.0,0.0,0.0,0.0,0.0,0.98632795,0.013672048,0.0,0.0
8,8,0.0,0.0,0.0,0.0,0.0,0.0,0.0,0.0,0.98632795,0.013672048,0.0,0.0
8,8,0.0,0.0,0.0,0.0,0.0,0.0,0.0,0.0,0.98632795,0.013672048,0.0,0.0
8,8,0.0,0.0,0.0,0.0,0.0,0.0,0.0,0.0,0.98632795,0.013672048,0.0,0.0
8,8,0.0,0.0,0.0,0.0,0.0,0.0,0.0,0.0,0.98632795,0.013672048,0.0,0.0
8,8,0.0,0.0,0.0,0.0,0.0,0.0,0.0,0.0,0.98632795,0.013672048,0.0,0.0
8,8,0.0,0.0,0.0,0.0,0.0,0.0,0.0,0.0,0.98632795,0.013672048,0.0,0.0
8,8,0.0,0.0,0.0,0.0,0.0,0.0,0.0,0.0,0.98632795,0.013672048,0.0,0.0
8,8,0.0,0.0,0.0,0.0,0.0,0.0,0.0,0.0,0.98632795,0.013672048,0.0,0.0
8,8,0.0,0.0,0.0,0.0,0.0,0.0,0.0,0.0,0.98632795,0.013672048,0.0,0.0
8,8,0.0,0.0,0.0,0.0,0.0,0.0,0.0,0.0,0.98632795,0.013672048,0.0,0.0
8,8,0.0,0.0,0.0,0.0,0.0,0.0,0.0,0.0,0.98632795,0.013672048,0.0,0.0
8,8,0.0,0.0,0.0,0.0,0.0,0.0,0.0,0.0,0.98632795,0.013672048,0.0,0.0
8,8,0.0,0.0,0.0,0.0,0.0,0.0,0.0,0.0,0.98632795,0.013672048,0.0,0.0
8,8,0.0,0.0,0.0,0.0,0.0,0.0,0.0,0.0,0.98632795,0.013672048,0.0,0.0
8,8,0.0,0.0,0.0,0.0,0.0,0.0,0.0,0.0,0.98632795,0.013672048,0.0,0.0
8,8,0.0,0.0,0.0,0.0,0.0,0.0,0.0,0.0,0.98632795,0.013672048,0.0,0.0
8,8,0.0,0.0,0.0,0.0,0.0,0.0,0.0,0.0,0.98632795,0.013672048,0.0,0.0
8,8,0.0,0.0,0.0,0.0,0.0,0.0,0.0,0.0,0.98632795,0.013672048,0.0,0.0
8,8,0.0,0.0,0.0,0.0,0.0,0.0,0.0,0.0,0.98632795,0.013672048,0.0,0.0
8,8,0.0,0.0,0.0,0.0,0.0,0.0,0.0,0.0,0.98632795,0.013672048,0.0,0.0
8,8,0.0,0.0,0.0,0.0,0.0,0.0,0.0,0.0,0.98632795,0.013672048,0.0,0.0
8,8,0.0,0.0,0.0,0.0,0.0,0.0,0.0,0.0,0.98632795,0.013672048,0.0,0.0
8,8,0.0,0.0,0.0,0.0,0.0,0.0,0.0,0.0,0.98632795,0.013672048,0.0,0.0
8,8,0.0,0.0,0.0,0.0,0.0,0.0,0.0,0.0,0.98632795,0.013672048,0.0,0.0
8,8,0.0,0.0,0.0,0.0,0.0,0.0,0.0,0.0,0.98632795,0.013672048,0.0,0.0
8,8,0.0,0.0,0.0,0.0,0.0,0.0,0.0,0.0,0.98632795,0.013672048,0.0,0.0
8,8,0.0,0.0,0.0,0.0,0.0,0.0,0.0,0.0,0.98632795,0.013672048,0.0,0.0
8,8,0.0,0.0,0.0,0.0,0.0,0.0,0.0,0.0,0.98632795,0.013672048,0.0,0.0
8,8,0.0,0.0,0.0,0.0,0.0,0.0,0.0,0.0,0.98632795,0.013672048,0.0,0.0
8,8,0.0,0.0,0.0,0.0,0.0,0.0,0.0,0.0,0.98632795,0.013672048,0.0,0.0
8,8,0.0,0.0,0.0,0.0,0.0,0.0,0.0,0.0,0.98632795,0.013672048,0.0,0.0
8,8,0.0,0.0,0.0,0.0,0.0,0.0,0.0,0.0,0.98632795,0.013672048,0.0,0.0
8,8,0.0,0.0,0.0,0.0,0.0,0.0,0.0,0.0,0.98632795,0.013672048,0.0,0.0
8,8,0.0,0.0,0.0,0.0,0.0,0.0,0.0,0.0,0.98632795,0.013672048,0.0,0.0
8,8,0.0,0.0,0.0,0.0,0.0,0.0,0.0,0.0,0.98632795,0.013672048,0.0,0.0
8,8,0.0,0.0,0.0,0.0,0.0,0.0,0.0,0.0,0.98632795,0.013672048,0.0,0.0
8,8,0.0,0.0,0.0,0.0,0.0,0.0,0.0,0.0,0.98632795,0.013672048,0.0,0.0
8,8,0.0,0.0,0.0,0.0,0.0,0.0,0.0,0.0,0.98632795,0.013672048,0.0,0.0
8,8,0.0,0.0,0.0,0.0,0.0,0.0,0.0,0.0,0.98632795,0.013672048,0.0,0.0
8,8,0.0,0.0,0.0,0.0,0.0,0.0,0.0,0.0,0.98632795,0.013672048,0.0,0.0
8,8,0.0,0.0,0.0,0.0,0.0,0.0,0.0,0.0,0.98632795,0.013672048,0.0,0.0
8,8,0.0,0.0,0.0,0.0,0.0,0.0,0.0,0.0,0.98632795,0.013672048,0.0,0.0
8,8,0.0,0.0,0.0,0.0,0.0,0.0,0.0,0.0,0.98632795,0.013672048,0.0,0.0
8,8,0.0,0.0,0.0,0.0,0.0,0.0,0.0,0.0,0.98632795,0.013672048,0.0,0.0
8,8,0.0,0.0,0.0,0.0,0.0,0.0,0.0,0.0,0.98632795,0.013672048,0.0,0.0
8,8,0.0,0.0,0.0,0.0,0.0,0.0,0.0,0.0,0.98632795,0.013672048,0.0,0.0
8,8,0.0,0.0,0.0,0.0,0.0,0.0,0.0,0.0,0.98632795,0.013672048,0.0,0.0
8,8,0.0,0.0,0.0,0.0,0.0,0.0,0.0,0.0,0.98632795,0.013672048,0.0,0.0
8,8,0.0,0.0,0.0,0.0,0.0,0.0,0.0,0.0,0.98632795,0.013672048,0.0,0.0
8,8,0.0,0.0,0.0,0.0,0.0,0.0,0.0,0.0,0.98632795,0.013672048,0.0,0.0
8,8,0.0,0.0,0.0,0.0,0.0,0.0,0.0,0.0,0.98632795,0.013672048,0.0,0.0
8,8,0.0,0.0,0.0,0.0,0.0,0.0,0.0,0.0,0.98632795,0.013672048,0.0,0.0
8,8,0.0,0.0,0.0,0.0,0.0,0.0,0.0,0.0,0.98632795,0.013672048,0.0,0.0
8,8,0.0,0.0,0.0,0.0,0.0,0.0,0.0,0.0,0.98632795,0.013672048,0.0,0.0
8,8,0.0,0.0,0.0,0.0,0.0,0.0,0.0,0.0,0.98632795,0.013672048,0.0,0.0
8,8,0.0,0.0,0.0,0.0,0.0,0.0,0.0,0.0,0.98632795,0.013672048,0.0,0.0
8,8,0.0,0.0,0.0,0.0,0.0,0.0,0.0,0.0,0.98632795,0.013672048,0.0,0.0
8,8,0.0,0.0,0.0,0.0,0.0,0.0,0.0,0.0,0.98632795,0.013672048,0.0,0.0
8,8,0.0,0.0,0.0,0.0,0.0,0.0,0.0,0.0,0.98632795,0.013672048,0.0,0.0
8,8,0.0,0.0,0.0,0.0,0.0,0.0,0.0,0.0,0.98632795,0.013672048,0.0,0.0
8,8,0.0,0.0,0.0,0.0,0.0,0.0,0.0,0.0,0.98632795,0.013672048,0.0,0.0
8,8,0.0,0.0,0.0,0.0,0.0,0.0,0.0,0.0,0.98632795,0.013672048,0.0,0.0
8,8,0.0,0.0,0.0,0.0,0.0,0.0,0.0,0.0,0.98632795,0.013672048,0.0,0.0
8,8,0.0,0.0,0.0,0.0,0.0,0.0,0.0,0.0,0.98632795,0.013672048,0.0,0.0
8,8,0.0,0.0,0.0,0.0,0.0,0.0,0.0,0.0,0.98632795,0.013672048,0.0,0.0
8,8,0.0,0.0,0.0,0.0,0.0,0.0,0.0,0.0,0.98632795,0.013672048,0.0,0.0
8,8,0.0,0.0,0.0,0.0,0.0,0.0,0.0,0.0,0.98632795,0.013672048,0.0,0.0
8,8,0.0,0.0,0.0,0.0,0.0,0.0,0.0,0.0,0.98632795,0.013672048,0.0,0.0
8,8,0.0,0.0,0.0,0.0,0.0,0.0,0.0,0.0,0.98632795,0.013672048,0.0,0.0
8,8,0.0,0.0,0.0,0.0,0.0,0.0,0.0,0.0,0.98632795,0.013672048,0.0,0.0
8,8,0.0,0.0,0.0,0.0,0.0,0.0,0.0,0.0,0.98632795,0.013672048,0.0,0.0
8,8,0.0,0.0,0.0,0.0,0.0,0.0,0.0,0.0,0.98632795,0.013672048,0.0,0.0
8,8,0.0,0.0,0.0,0.0,0.0,0.0,0.0,0.0,0.98632795,0.013672048,0.0,0.0
8,8,0.0,0.0,0.0,0.0,0.0,0.0,0.0,0.0,0.98632795,0.013672048,0.0,0.0
8,8,0.0,0.0,0.0,0.0,0.0,0.0,0.0,0.0,0.98632795,0.013672048,0.0,0.0
8,8,0.0,0.0,0.0,0.0,0.0,0.0,0.0,0.0,0.98632795,0.013672048,0.0,0.0
8,8,0.0,0.0,0.0,0.0,0.0,0.0,0.0,0.0,0.98632795,0.013672048,0.0,0.0
8,8,0.0,0.0,0.0,0.0,0.0,0.0,0.0,0.0,0.98632795,0.013672048,0.0,0.0
8,8,0.0,0.0,0.0,0.0,0.0,0.0,0.0,0.0,0.98632795,0.013672048,0.0,0.0
8,8,0.0,0.0,0.0,0.0,0.0,0.0,0.0,0.0,0.98632795,0.013672048,0.0,0.0
8,8,0.0,0.0,0.0,0.0,0.0,0.0,0.0,0.0,0.98632795,0.013672048,0.0,0.0
8,8,0.0,0.0,0.0,0.0,0.0,0.0,0.0,0.0,0.98632795,0.013672048,0.0,0.0
8,8,0.0,0.0,0.0,0.0,0.0,0.0,0.0,0.0,0.98632795,0.013672048,0.0,0.0
8,8,0.0,0.0,0.0,0.0,0.0,0.0,0.0,0.0,0.98632795,0.013672048,0.0,0.0
8,8,0.0,0.0,0.0,0.0,0.0,0.0,0.0,0.0,0.98632795,0.013672048,0.0,0.0
8,8,0.0,0.0,0.0,0.0,0.0,0.0,0.0,0.0,0.98632795,0.013672048,0.0,0.0
8,8,0.0,0.0,0.0,0.0,0.0,0.0,0.0,0.0,0.98632795,0.013672048,0.0,0.0
8,8,0.0,0.0,0.0,0.0,0.0,0.0,0.0,0.0,0.98632795,0.013672048,0.0,0.0
8,8,0.0,0.0,0.0,0.0,0.0,0.0,0.0,0.0,0.98632795,0.013672048,0.0,0.0
8,8,0.0,0.0,0.0,0.0,0.0,0.0,0.0,0.0,0.98632795,0.013672048,0.0,0.0
8,8,0.0,0.0,0.0,0.0,0.0,0.0,0.0,0.0,0.98632795,0.013672048,0.0,0.0
8,8,0.0,0.0,0.0,0.0,0.0,0.0,0.0,0.0,0.98632795,0.013672048,0.0,0.0
8,8,0.0,0.0,0.0,0.0,0.0,0.0,0.0,0.0,0.98632795,0.013672048,0.0,0.0
8,8,0.0,0.0,0.0,0.0,0.0,0.0,0.0,0.0,0.98632795,0.013672048,0.0,0.0
8,8,0.0,0.0,0.0,0.0,0.0,0.0,0.0,0.0,0.98632795,0.013672048,0.0,0.0
8,8,0.0,0.0,0.0,0.0,0.0,0.0,0.0,0.0,0.98632795,0.013672048,0.0,0.0
8,8,0.0,0.0,0.0,0.0,0.0,0.0,0.0,0.0,0.98632795,0.013672048,0.0,0.0
8,8,0.0,0.0,0.0,0.0,0.0,0.0,0.0,0.0,0.98632795,0.013672048,0.0,0.0
8,8,0.0,0.0,0.0,0.0,0.0,0.0,0.0,0.0,0.98632795,0.013672048,0.0,0.0
8,8,0.0,0.0,0.0,0.0,0.0,0.0,0.0,0.0,0.98632795,0.013672048,0.0,0.0
8,8,0.0,0.0,0.0,0.0,0.0,0.0,0.0,0.0,0.98632795,0.013672048,0.0,0.0
8,8,0.0,0.0,0.0,0.0,0.0,0.0,0.0,0.0,0.98632795,0.013672048,0.0,0.0
8,8,0.0,0.0,0.0,0.0,0.0,0.0,0.0,0.0,0.98632795,0.013672048,0.0,0.0
8,8,0.0,0.0,0.0,0.0,0.0,0.0,0.0,0.0,0.98632795,0.013672048,0.0,0.0
8,8,0.0,0.0,0.0,0.0,0.0,0.0,0.0,0.0,0.98632795,0.013672048,0.0,0.0
8,8,0.0,0.0,0.0,0.0,0.0,0.0,0.0,0.0,0.98632795,0.013672048,0.0,0.0
8,8,0.0,0.0,0.0,0.0,0.0,0.0,0.0,0.0,0.98632795,0.013672048,0.0,0.0
8,8,0.0,0.0,0.0,0.0,0.0,0.0,0.0,0.0,0.98632795,0.013672048,0.0,0.0
8,8,0.0,0.0,0.0,0.0,0.0,0.0,0.0,0.0,0.98632795,0.013672048,0.0,0.0
8,8,0.0,0.0,0.0,0.0,0.0,0.0,0.0,0.0,0.98632795,0.013672048,0.0,0.0
8,8,0.0,0.0,0.0,0.0,0.0,0.0,0.0,0.0,0.98632795,0.013672048,0.0,0.0
8,8,0.0,0.0,0.0,0.0,0.0,0.0,0.0,0.0,0.98632795,0.013672048,0.0,0.0
8,8,0.0,0.0,0.0,0.0,0.0,0.0,0.0,0.0,0.98632795,0.013672048,0.0,0.0
8,8,0.0,0.0,0.0,0.0,0.0,0.0,0.0,0.0,0.98632795,0.013672048,0.0,0.0
8,8,0.0,0.0,0.0,0.0,0.0,0.0,0.0,0.0,0.98632795,0.013672048,0.0,0.0
8,8,0.0,0.0,0.0,0.0,0.0,0.0,0.0,0.0,0.98632795,0.013672048,0.0,0.0
8,8,0.0,0.0,0.0,0.0,0.0,0.0,0.0,0.0,0.98632795,0.013672048,0.0,0.0
8,8,0.0,0.0,0.0,0.0,0.0,0.0,0.0,0.0,0.98632795,0.013672048,0.0,0.0
8,8,0.0,0.0,0.0,0.0,0.0,0.0,0.0,0.0,0.98632795,0.013672048,0.0,0.0
8,8,0.0,0.0,0.0,0.0,0.0,0.0,0.0,0.0,0.98632795,0.013672048,0.0,0.0
8,8,0.0,0.0,0.0,0.0,0.0,0.0,0.0,0.0,0.98632795,0.013672048,0.0,0.0
8,8,0.0,0.0,0.0,0.0,0.0,0.0,0.0,0.0,0.98632795,0.013672048,0.0,0.0
8,8,0.0,0.0,0.0,0.0,0.0,0.0,0.0,0.0,0.98632795,0.013672048,0.0,0.0
8,8,0.0,0.0,0.0,0.0,0.0,0.0,0.0,0.0,0.98632795,0.013672048,0.0,0.0
8,8,0.0,0.0,0.0,0.0,0.0,0.0,0.0,0.0,0.98632795,0.013672048,0.0,0.0
8,8,0.0,0.0,0.0,0.0,0.0,0.0,0.0,0.0,0.98632795,0.013672048,0.0,0.0
8,8,0.0,0.0,0.0,0.0,0.0,0.0,0.0,0.0,0.98632795,0.013672048,0.0,0.0
8,8,0.0,0.0,0.0,0.0,0.0,0.0,0.0,0.0,0.98632795,0.013672048,0.0,0.0
8,8,0.0,0.0,0.0,0.0,0.0,0.0,0.0,0.0,0.98632795,0.013672048,0.0,0.0
8,8,0.0,0.0,0.0,0.0,0.0,0.0,0.0,0.0,0.98632795,0.013672048,0.0,0.0
8,8,0.0,0.0,0.0,0.0,0.0,0.0,0.0,0.0,0.98632795,0.013672048,0.0,0.0
8,8,0.0,0.0,0.0,0.0,0.0,0.0,0.0,0.0,0.98632795,0.013672048,0.0,0.0
8,8,0.0,0.0,0.0,0.0,0.0,0.0,0.0,0.0,0.98632795,0.013672048,0.0,0.0
8,8,0.0,0.0,0.0,0.0,0.0,0.0,0.0,0.0,0.98632795,0.013672048,0.0,0.0
8,8,0.0,0.0,0.0,0.0,0.0,0.0,0.0,0.0,0.98632795,0.013672048,0.0,0.0
8,8,0.0,0.0,0.0,0.0,0.0,0.0,0.0,0.0,0.98632795,0.013672048,0.0,0.0
8,8,0.0,0.0,0.0,0.0,0.0,0.0,0.0,0.0,0.98632795,0.013672048,0.0,0.0
8,8,0.0,0.0,0.0,0.0,0.0,0.0,0.0,0.0,0.98632795,0.013672048,0.0,0.0
8,8,0.0,0.0,0.0,0.0,0.0,0.0,0.0,0.0,0.98632795,0.013672048,0.0,0.0
8,8,0.0,0.0,0.0,0.0,0.0,0.0,0.0,0.0,0.98632795,0.013672048,0.0,0.0
8,8,0.0,0.0,0.0,0.0,0.0,0.0,0.0,0.0,0.98632795,0.013672048,0.0,0.0
8,8,0.0,0.0,0.0,0.0,0.0,0.0,0.0,0.0,0.98632795,0.013672048,0.0,0.0
8,8,0.0,0.0,0.0,0.0,0.0,0.0,0.0,0.0,0.98632795,0.013672048,0.0,0.0
8,8,0.0,0.0,0.0,0.0,0.0,0.0,0.0,0.0,0.98632795,0.013672048,0.0,0.0
8,8,0.0,0.0,0.0,0.0,0.0,0.0,0.0,0.0,0.98632795,0.013672048,0.0,0.0
8,8,0.0,0.0,0.0,0.0,0.0,0.0,0.0,0.0,0.98632795,0.013672048,0.0,0.0
8,8,0.0,0.0,0.0,0.0,0.0,0.0,0.0,0.0,0.98632795,0.013672048,0.0,0.0
8,8,0.0,0.0,0.0,0.0,0.0,0.0,0.0,0.0,0.98632795,0.013672048,0.0,0.0
8,8,0.0,0.0,0.0,0.0,0.0,0.0,0.0,0.0,0.98632795,0.013672048,0.0,0.0
8,8,0.0,0.0,0.0,0.0,0.0,0.0,0.0,0.0,0.98632795,0.013672048,0.0,0.0
8,8,0.0,0.0,0.0,0.0,0.0,0.0,0.0,0.0,0.98632795,0.013672048,0.0,0.0
8,8,0.0,0.0,0.0,0.0,0.0,0.0,0.0,0.0,0.98632795,0.013672048,0.0,0.0
8,8,0.0,0.0,0.0,0.0,0.0,0.0,0.0,0.0,0.98632795,0.013672048,0.0,0.0
8,8,0.0,0.0,0.0,0.0,0.0,0.0,0.0,0.0,0.98632795,0.013672048,0.0,0.0
8,8,0.0,0.0,0.0,0.0,0.0,0.0,0.0,0.0,0.98632795,0.013672048,0.0,0.0
8,8,0.0,0.0,0.0,0.0,0.0,0.0,0.0,0.0,0.98632795,0.013672048,0.0,0.0
8,8,0.0,0.0,0.0,0.0,0.0,0.0,0.0,0.0,0.98632795,0.013672048,0.0,0.0
8,8,0.0,0.0,0.0,0.0,0.0,0.0,0.0,0.0,0.98632795,0.013672048,0.0,0.0
8,8,0.0,0.0,0.0,0.0,0.0,0.0,0.0,0.0,0.98632795,0.013672048,0.0,0.0
8,8,0.0,0.0,0.0,0.0,0.0,0.0,0.0,0.0,0.98632795,0.013672048,0.0,0.0
8,8,0.0,0.0,0.0,0.0,0.0,0.0,0.0,0.0,0.98632795,0.013672048,0.0,0.0
8,8,0.0,0.0,0.0,0.0,0.0,0.0,0.0,0.0,0.98632795,0.013672048,0.0,0.0
8,8,0.0,0.0,0.0,0.0,0.0,0.0,0.0,0.0,0.98632795,0.013672048,0.0,0.0
8,8,0.0,0.0,0.0,0.0,0.0,0.0,0.0,0.0,0.98632795,0.013672048,0.0,0.0
8,8,0.0,0.0,0.0,0.0,0.0,0.0,0.0,0.0,0.98632795,0.013672048,0.0,0.0
8,8,0.0,0.0,0.0,0.0,0.0,0.0,0.0,0.0,0.98632795,0.013672048,0.0,0.0
8,8,0.0,0.0,0.0,0.0,0.0,0.0,0.0,0.0,0.98632795,0.013672048,0.0,0.0
8,8,0.0,0.0,0.0,0.0,0.0,0.0,0.0,0.0,0.98632795,0.013672048,0.0,0.0
8,8,0.0,0.0,0.0,0.0,0.0,0.0,0.0,0.0,0.98632795,0.013672048,0.0,0.0
8,8,0.0,0.0,0.0,0.0,0.0,0.0,0.0,0.0,0.98632795,0.013672048,0.0,0.0
8,8,0.0,0.0,0.0,0.0,0.0,0.0,0.0,0.0,0.98632795,0.013672048,0.0,0.0
8,8,0.0,0.0,0.0,0.0,0.0,0.0,0.0,0.0,0.98632795,0.013672048,0.0,0.0
8,8,0.0,0.0,0.0,0.0,0.0,0.0,0.0,0.0,0.98632795,0.013672048,0.0,0.0
8,8,0.0,0.0,0.0,0.0,0.0,0.0,0.0,0.0,0.98632795,0.013672048,0.0,0.0
8,8,0.0,0.0,0.0,0.0,0.0,0.0,0.0,0.0,0.98632795,0.013672048,0.0,0.0
8,8,0.0,0.0,0.0,0.0,0.0,0.0,0.0,0.0,0.98632795,0.013672048,0.0,0.0
8,8,0.0,0.0,0.0,0.0,0.0,0.0,0.0,0.0,0.98632795,0.013672048,0.0,0.0
8,8,0.0,0.0,0.0,0.0,0.0,0.0,0.0,0.0,0.98632795,0.013672048,0.0,0.0
8,8,0.0,0.0,0.0,0.0,0.0,0.0,0.0,0.0,0.98632795,0.013672048,0.0,0.0
8,8,0.0,0.0,0.0,0.0,0.0,0.0,0.0,0.0,0.98632795,0.013672048,0.0,0.0
8,8,0.0,0.0,0.0,0.0,0.0,0.0,0.0,0.0,0.98632795,0.013672048,0.0,0.0
8,8,0.0,0.0,0.0,0.0,0.0,0.0,0.0,0.0,0.98632795,0.013672048,0.0,0.0
8,8,0.0,0.0,0.0,0.0,0.0,0.0,0.0,0.0,0.98632795,0.013672048,0.0,0.0
8,8,0.0,0.0,0.0,0.0,0.0,0.0,0.0,0.0,0.98632795,0.013672048,0.0,0.0
8,8,0.0,0.0,0.0,0.0,0.0,0.0,0.0,0.0,0.98632795,0.013672048,0.0,0.0
8,8,0.0,0.0,0.0,0.0,0.0,0.0,0.0,0.0,0.98632795,0.013672048,0.0,0.0
8,8,0.0,0.0,0.0,0.0,0.0,0.0,0.0,0.0,0.98632795,0.013672048,0.0,0.0
8,8,0.0,0.0,0.0,0.0,0.0,0.0,0.0,0.0,0.98632795,0.013672048,0.0,0.0
8,8,0.0,0.0,0.0,0.0,0.0,0.0,0.0,0.0,0.98632795,0.013672048,0.0,0.0
8,8,0.0,0.0,0.0,0.0,0.0,0.0,0.0,0.0,0.98632795,0.013672048,0.0,0.0
8,8,0.0,0.0,0.0,0.0,0.0,0.0,0.0,0.0,0.98632795,0.013672048,0.0,0.0
8,8,0.0,0.0,0.0,0.0,0.0,0.0,0.0,0.0,0.98632795,0.013672048,0.0,0.0
8,8,0.0,0.0,0.0,0.0,0.0,0.0,0.0,0.0,0.98632795,0.013672048,0.0,0.0
8,8,0.0,0.0,0.0,0.0,0.0,0.0,0.0,0.0,0.98632795,0.013672048,0.0,0.0
8,8,0.0,0.0,0.0,0.0,0.0,0.0,0.0,0.0,0.98632795,0.013672048,0.0,0.0
8,8,0.0,0.0,0.0,0.0,0.0,0.0,0.0,0.0,0.98632795,0.013672048,0.0,0.0
8,8,0.0,0.0,0.0,0.0,0.0,0.0,0.0,0.0,0.98632795,0.013672048,0.0,0.0
8,8,0.0,0.0,0.0,0.0,0.0,0.0,0.0,0.0,0.98632795,0.013672048,0.0,0.0
8,8,0.0,0.0,0.0,0.0,0.0,0.0,0.0,0.0,0.98632795,0.013672048,0.0,0.0
8,8,0.0,0.0,0.0,0.0,0.0,0.0,0.0,0.0,0.98632795,0.013672048,0.0,0.0
8,8,0.0,0.0,0.0,0.0,0.0,0.0,0.0,0.0,0.98632795,0.013672048,0.0,0.0
8,8,0.0,0.0,0.0,0.0,0.0,0.0,0.0,0.0,0.98632795,0.013672048,0.0,0.0
8,8,0.0,0.0,0.0,0.0,0.0,0.0,0.0,0.0,0.98632795,0.013672048,0.0,0.0
8,8,0.0,0.0,0.0,0.0,0.0,0.0,0.0,0.0,0.98632795,0.013672048,0.0,0.0
8,8,0.0,0.0,0.0,0.0,0.0,0.0,0.0,0.0,0.98632795,0.013672048,0.0,0.0
8,8,0.0,0.0,0.0,0.0,0.0,0.0,0.0,0.0,0.98632795,0.013672048,0.0,0.0
8,8,0.0,0.0,0.0,0.0,0.0,0.0,0.0,0.0,0.98632795,0.013672048,0.0,0.0
8,8,0.0,0.0,0.0,0.0,0.0,0.0,0.0,0.0,0.98632795,0.013672048,0.0,0.0
8,8,0.0,0.0,0.0,0.0,0.0,0.0,0.0,0.0,0.98632795,0.013672048,0.0,0.0
8,8,0.0,0.0,0.0,0.0,0.0,0.0,0.0,0.0,0.98632795,0.013672048,0.0,0.0
8,8,0.0,0.0,0.0,0.0,0.0,0.0,0.0,0.0,0.98632795,0.013672048,0.0,0.0
8,8,0.0,0.0,0.0,0.0,0.0,0.0,0.0,0.0,0.98632795,0.013672048,0.0,0.0
8,8,0.0,0.0,0.0,0.0,0.0,0.0,0.0,0.0,0.98632795,0.013672048,0.0,0.0
8,8,0.0,0.0,0.0,0.0,0.0,0.0,0.0,0.0,0.98632795,0.013672048,0.0,0.0
8,8,0.0,0.0,0.0,0.0,0.0,0.0,0.0,0.0,0.98632795,0.013672048,0.0,0.0
8,8,0.0,0.0,0.0,0.0,0.0,0.0,0.0,0.0,0.98632795,0.013672048,0.0,0.0
8,8,0.0,0.0,0.0,0.0,0.0,0.0,0.0,0.0,0.98632795,0.013672048,0.0,0.0
8,8,0.0,0.0,0.0,0.0,0.0,0.0,0.0,0.0,0.98632795,0.013672048,0.0,0.0
8,8,0.0,0.0,0.0,0.0,0.0,0.0,0.0,0.0,0.98632795,0.013672048,0.0,0.0
8,8,0.0,0.0,0.0,0.0,0.0,0.0,0.0,0.0,0.98632795,0.013672048,0.0,0.0
8,8,0.0,0.0,0.0,0.0,0.0,0.0,0.0,0.0,0.98632795,0.013672048,0.0,0.0
8,8,0.0,0.0,0.0,0.0,0.0,0.0,0.0,0.0,0.98632795,0.013672048,0.0,0.0
8,8,0.0,0.0,0.0,0.0,0.0,0.0,0.0,0.0,0.98632795,0.013672048,0.0,0.0
8,8,0.0,0.0,0.0,0.0,0.0,0.0,0.0,0.0,0.98632795,0.013672048,0.0,0.0
8,8,0.0,0.0,0.0,0.0,0.0,0.0,0.0,0.0,0.98632795,0.013672048,0.0,0.0
8,8,0.0,0.0,0.0,0.0,0.0,0.0,0.0,0.0,0.98632795,0.013672048,0.0,0.0
8,8,0.0,0.0,0.0,0.0,0.0,0.0,0.0,0.0,0.98632795,0.013672048,0.0,0.0
8,8,0.0,0.0,0.0,0.0,0.0,0.0,0.0,0.0,0.98632795,0.013672048,0.0,0.0
8,8,0.0,0.0,0.0,0.0,0.0,0.0,0.0,0.0,0.98632795,0.013672048,0.0,0.0
8,8,0.0,0.0,0.0,0.0,0.0,0.0,0.0,0.0,0.98632795,0.013672048,0.0,0.0
8,8,0.0,0.0,0.0,0.0,0.0,0.0,0.0,0.0,0.98632795,0.013672048,0.0,0.0
8,8,0.0,0.0,0.0,0.0,0.0,0.0,0.0,0.0,0.98632795,0.013672048,0.0,0.0
8,8,0.0,0.0,0.0,0.0,0.0,0.0,0.0,0.0,0.98632795,0.013672048,0.0,0.0
8,8,0.0,0.0,0.0,0.0,0.0,0.0,0.0,0.0,0.98632795,0.013672048,0.0,0.0
8,8,0.0,0.0,0.0,0.0,0.0,0.0,0.0,0.0,0.98632795,0.013672048,0.0,0.0
8,8,0.0,0.0,0.0,0.0,0.0,0.0,0.0,0.0,0.98632795,0.013672048,0.0,0.0
8,8,0.0,0.0,0.0,0.0,0.0,0.0,0.0,0.0,0.98632795,0.013672048,0.0,0.0
8,8,0.0,0.0,0.0,0.0,0.0,0.0,0.0,0.0,0.98632795,0.013672048,0.0,0.0
8,8,0.0,0.0,0.0,0.0,0.0,0.0,0.0,0.0,0.98632795,0.013672048,0.0,0.0
8,8,0.0,0.0,0.0,0.0,0.0,0.0,0.0,0.0,0.98632795,0.013672048,0.0,0.0
8,8,0.0,0.0,0.0,0.0,0.0,0.0,0.0,0.0,0.98632795,0.013672048,0.0,0.0
8,8,0.0,0.0,0.0,0.0,0.0,0.0,0.0,0.0,0.98632795,0.013672048,0.0,0.0
8,8,0.0,0.0,0.0,0.0,0.0,0.0,0.0,0.0,0.98632795,0.013672048,0.0,0.0
8,8,0.0,0.0,0.0,0.0,0.0,0.0,0.0,0.0,0.98632795,0.013672048,0.0,0.0
8,8,0.0,0.0,0.0,0.0,0.0,0.0,0.0,0.0,0.98632795,0.013672048,0.0,0.0
8,8,0.0,0.0,0.0,0.0,0.0,0.0,0.0,0.0,0.98632795,0.013672048,0.0,0.0
8,8,0.0,0.0,0.0,0.0,0.0,0.0,0.0,0.0,0.98632795,0.013672048,0.0,0.0
8,8,0.0,0.0,0.0,0.0,0.0,0.0,0.0,0.0,0.98632795,0.013672048,0.0,0.0
8,8,0.0,0.0,0.0,0.0,0.0,0.0,0.0,0.0,0.98632795,0.013672048,0.0,0.0
8,8,0.0,0.0,0.0,0.0,0.0,0.0,0.0,0.0,0.98632795,0.013672048,0.0,0.0
8,8,0.0,0.0,0.0,0.0,0.0,0.0,0.0,0.0,0.98632795,0.013672048,0.0,0.0
8,8,0.0,0.0,0.0,0.0,0.0,0.0,0.0,0.0,0.98632795,0.013672048,0.0,0.0
8,8,0.0,0.0,0.0,0.0,0.0,0.0,0.0,0.0,0.98632795,0.013672048,0.0,0.0
8,8,0.0,0.0,0.0,0.0,0.0,0.0,0.0,0.0,0.98632795,0.013672048,0.0,0.0
8,8,0.0,0.0,0.0,0.0,0.0,0.0,0.0,0.0,0.98632795,0.013672048,0.0,0.0
8,8,0.0,0.0,0.0,0.0,0.0,0.0,0.0,0.0,0.98632795,0.013672048,0.0,0.0
8,8,0.0,0.0,0.0,0.0,0.0,0.0,0.0,0.0,0.98632795,0.013672048,0.0,0.0
8,8,0.0,0.0,0.0,0.0,0.0,0.0,0.0,0.0,0.98632795,0.013672048,0.0,0.0
8,8,0.0,0.0,0.0,0.0,0.0,0.0,0.0,0.0,0.98632795,0.013672048,0.0,0.0
8,8,0.0,0.0,0.0,0.0,0.0,0.0,0.0,0.0,0.98632795,0.013672048,0.0,0.0
8,8,0.0,0.0,0.0,0.0,0.0,0.0,0.0,0.0,0.98632795,0.013672048,0.0,0.0
8,8,0.0,0.0,0.0,0.0,0.0,0.0,0.0,0.0,0.98632795,0.013672048,0.0,0.0
8,8,0.0,0.0,0.0,0.0,0.0,0.0,0.0,0.0,0.98632795,0.013672048,0.0,0.0
8,8,0.0,0.0,0.0,0.0,0.0,0.0,0.0,0.0,0.98632795,0.013672048,0.0,0.0
8,8,0.0,0.0,0.0,0.0,0.0,0.0,0.0,0.0,0.98632795,0.013672048,0.0,0.0
8,8,0.0,0.0,0.0,0.0,0.0,0.0,0.0,0.0,0.98632795,0.013672048,0.0,0.0
8,8,0.0,0.0,0.0,0.0,0.0,0.0,0.0,0.0,0.98632795,0.013672048,0.0,0.0
8,8,0.0,0.0,0.0,0.0,0.0,0.0,0.0,0.0,0.98632795,0.013672048,0.0,0.0
8,8,0.0,0.0,0.0,0.0,0.0,0.0,0.0,0.0,0.98632795,0.013672048,0.0,0.0
8,8,0.0,0.0,0.0,0.0,0.0,0.0,0.0,0.0,0.98632795,0.013672048,0.0,0.0
8,8,0.0,0.0,0.0,0.0,0.0,0.0,0.0,0.0,0.98632795,0.013672048,0.0,0.0
8,8,0.0,0.0,0.0,0.0,0.0,0.0,0.0,0.0,0.98632795,0.013672048,0.0,0.0
8,8,0.0,0.0,0.0,0.0,0.0,0.0,0.0,0.0,0.98632795,0.013672048,0.0,0.0
8,8,0.0,0.0,0.0,0.0,0.0,0.0,0.0,0.0,0.98632795,0.013672048,0.0,0.0
8,8,0.0,0.0,0.0,0.0,0.0,0.0,0.0,0.0,0.98632795,0.013672048,0.0,0.0
8,8,0.0,0.0,0.0,0.0,0.0,0.0,0.0,0.0,0.98632795,0.013672048,0.0,0.0
8,8,0.0,0.0,0.0,0.0,0.0,0.0,0.0,0.0,0.98632795,0.013672048,0.0,0.0
8,8,0.0,0.0,0.0,0.0,0.0,0.0,0.0,0.0,0.98632795,0.013672048,0.0,0.0
8,8,0.0,0.0,0.0,0.0,0.0,0.0,0.0,0.0,0.98632795,0.013672048,0.0,0.0
8,8,0.0,0.0,0.0,0.0,0.0,0.0,0.0,0.0,0.98632795,0.013672048,0.0,0.0
8,8,0.0,0.0,0.0,0.0,0.0,0.0,0.0,0.0,0.98632795,0.013672048,0.0,0.0
8,8,0.0,0.0,0.0,0.0,0.0,0.0,0.0,0.0,0.98632795,0.013672048,0.0,0.0
8,8,0.0,0.0,0.0,0.0,0.0,0.0,0.0,0.0,0.98632795,0.013672048,0.0,0.0
8,8,0.0,0.0,0.0,0.0,0.0,0.0,0.0,0.0,0.98632795,0.013672048,0.0,0.0
8,8,0.0,0.0,0.0,0.0,0.0,0.0,0.0,0.0,0.98632795,0.013672048,0.0,0.0
8,8,0.0,0.0,0.0,0.0,0.0,0.0,0.0,0.0,0.98632795,0.013672048,0.0,0.0
8,8,0.0,0.0,0.0,0.0,0.0,0.0,0.0,0.0,0.98632795,0.013672048,0.0,0.0
8,8,0.0,0.0,0.0,0.0,0.0,0.0,0.0,0.0,0.98632795,0.013672048,0.0,0.0
8,8,0.0,0.0,0.0,0.0,0.0,0.0,0.0,0.0,0.98632795,0.013672048,0.0,0.0
8,8,0.0,0.0,0.0,0.0,0.0,0.0,0.0,0.0,0.98632795,0.013672048,0.0,0.0
8,8,0.0,0.0,0.0,0.0,0.0,0.0,0.0,0.0,0.98632795,0.013672048,0.0,0.0
8,8,0.0,0.0,0.0,0.0,0.0,0.0,0.0,0.0,0.98632795,0.013672048,0.0,0.0
8,8,0.0,0.0,0.0,0.0,0.0,0.0,0.0,0.0,0.98632795,0.013672048,0.0,0.0
8,8,0.0,0.0,0.0,0.0,0.0,0.0,0.0,0.0,0.98632795,0.013672048,0.0,0.0
8,8,0.0,0.0,0.0,0.0,0.0,0.0,0.0,0.0,0.98632795,0.013672048,0.0,0.0
8,8,0.0,0.0,0.0,0.0,0.0,0.0,0.0,0.0,0.98632795,0.013672048,0.0,0.0
8,8,0.0,0.0,0.0,0.0,0.0,0.0,0.0,0.0,0.98632795,0.013672048,0.0,0.0
8,8,0.0,0.0,0.0,0.0,0.0,0.0,0.0,0.0,0.98632795,0.013672048,0.0,0.0
8,8,0.0,0.0,0.0,0.0,0.0,0.0,0.0,0.0,0.98632795,0.013672048,0.0,0.0
8,8,0.0,0.0,0.0,0.0,0.0,0.0,0.0,0.0,0.98632795,0.013672048,0.0,0.0
8,8,0.0,0.0,0.0,0.0,0.0,0.0,0.0,0.0,0.98632795,0.013672048,0.0,0.0
8,8,0.0,0.0,0.0,0.0,0.0,0.0,0.0,0.0,0.98632795,0.013672048,0.0,0.0
8,8,0.0,0.0,0.0,0.0,0.0,0.0,0.0,0.0,0.98632795,0.013672048,0.0,0.0
8,8,0.0,0.0,0.0,0.0,0.0,0.0,0.0,0.0,0.98632795,0.013672048,0.0,0.0
8,8,0.0,0.0,0.0,0.0,0.0,0.0,0.0,0.0,0.98632795,0.013672048,0.0,0.0
8,8,0.0,0.0,0.0,0.0,0.0,0.0,0.0,0.0,0.98632795,0.013672048,0.0,0.0
8,8,0.0,0.0,0.0,0.0,0.0,0.0,0.0,0.0,0.98632795,0.013672048,0.0,0.0
8,8,0.0,0.0,0.0,0.0,0.0,0.0,0.0,0.0,0.98632795,0.013672048,0.0,0.0
8,8,0.0,0.0,0.0,0.0,0.0,0.0,0.0,0.0,0.98632795,0.013672048,0.0,0.0
8,8,0.0,0.0,0.0,0.0,0.0,0.0,0.0,0.0,0.98632795,0.013672048,0.0,0.0
8,8,0.0,0.0,0.0,0.0,0.0,0.0,0.0,0.0,0.98632795,0.013672048,0.0,0.0
8,8,0.0,0.0,0.0,0.0,0.0,0.0,0.0,0.0,0.98632795,0.013672048,0.0,0.0
8,8,0.0,0.0,0.0,0.0,0.0,0.0,0.0,0.0,0.98632795,0.013672048,0.0,0.0
8,8,0.0,0.0,0.0,0.0,0.0,0.0,0.0,0.0,0.98632795,0.013672048,0.0,0.0
8,8,0.0,0.0,0.0,0.0,0.0,0.0,0.0,0.0,0.98632795,0.013672048,0.0,0.0
8,8,0.0,0.0,0.0,0.0,0.0,0.0,0.0,0.0,0.98632795,0.013672048,0.0,0.0
8,8,0.0,0.0,0.0,0.0,0.0,0.0,0.0,0.0,0.98632795,0.013672048,0.0,0.0
8,8,0.0,0.0,0.0,0.0,0.0,0.0,0.0,0.0,0.98632795,0.013672048,0.0,0.0
8,8,0.0,0.0,0.0,0.0,0.0,0.0,0.0,0.0,0.98632795,0.013672048,0.0,0.0
8,8,0.0,0.0,0.0,0.0,0.0,0.0,0.0,0.0,0.98632795,0.013672048,0.0,0.0
8,8,0.0,0.0,0.0,0.0,0.0,0.0,0.0,0.0,0.98632795,0.013672048,0.0,0.0
8,8,0.0,0.0,0.0,0.0,0.0,0.0,0.0,0.0,0.98632795,0.013672048,0.0,0.0
8,8,0.0,0.0,0.0,0.0,0.0,0.0,0.0,0.0,0.98632795,0.013672048,0.0,0.0
8,8,0.0,0.0,0.0,0.0,0.0,0.0,0.0,0.0,0.98632795,0.013672048,0.0,0.0
8,8,0.0,0.0,0.0,0.0,0.0,0.0,0.0,0.0,0.98632795,0.013672048,0.0,0.0
8,8,0.0,0.0,0.0,0.0,0.0,0.0,0.0,0.0,0.98632795,0.013672048,0.0,0.0
8,8,0.0,0.0,0.0,0.0,0.0,0.0,0.0,0.0,0.98632795,0.013672048,0.0,0.0
8,8,0.0,0.0,0.0,0.0,0.0,0.0,0.0,0.0,0.98632795,0.013672048,0.0,0.0
8,8,0.0,0.0,0.0,0.0,0.0,0.0,0.0,0.0,0.98632795,0.013672048,0.0,0.0
8,8,0.0,0.0,0.0,0.0,0.0,0.0,0.0,0.0,0.98632795,0.013672048,0.0,0.0
8,8,0.0,0.0,0.0,0.0,0.0,0.0,0.0,0.0,0.98632795,0.013672048,0.0,0.0
8,8,0.0,0.0,0.0,0.0,0.0,0.0,0.0,0.0,0.98632795,0.013672048,0.0,0.0
8,8,0.0,0.0,0.0,0.0,0.0,0.0,0.0,0.0,0.98632795,0.013672048,0.0,0.0
8,8,0.0,0.0,0.0,0.0,0.0,0.0,0.0,0.0,0.98632795,0.013672048,0.0,0.0
8,8,0.0,0.0,0.0,0.0,0.0,0.0,0.0,0.0,0.98632795,0.013672048,0.0,0.0
8,8,0.0,0.0,0.0,0.0,0.0,0.0,0.0,0.0,0.98632795,0.013672048,0.0,0.0
8,8,0.0,0.0,0.0,0.0,0.0,0.0,0.0,0.0,0.98632795,0.013672048,0.0,0.0
8,8,0.0,0.0,0.0,0.0,0.0,0.0,0.0,0.0,0.98632795,0.013672048,0.0,0.0
8,8,0.0,0.0,0.0,0.0,0.0,0.0,0.0,0.0,0.98632795,0.013672048,0.0,0.0
8,8,0.0,0.0,0.0,0.0,0.0,0.0,0.0,0.0,0.98632795,0.013672048,0.0,0.0
8,8,0.0,0.0,0.0,0.0,0.0,0.0,0.0,0.0,0.98632795,0.013672048,0.0,0.0
8,8,0.0,0.0,0.0,0.0,0.0,0.0,0.0,0.0,0.98632795,0.013672048,0.0,0.0
8,8,0.0,0.0,0.0,0.0,0.0,0.0,0.0,0.0,0.98632795,0.013672048,0.0,0.0
8,8,0.0,0.0,0.0,0.0,0.0,0.0,0.0,0.0,0.98632795,0.013672048,0.0,0.0
8,8,0.0,0.0,0.0,0.0,0.0,0.0,0.0,0.0,0.98632795,0.013672048,0.0,0.0
8,8,0.0,0.0,0.0,0.0,0.0,0.0,0.0,0.0,0.98632795,0.013672048,0.0,0.0
8,8,0.0,0.0,0.0,0.0,0.0,0.0,0.0,0.0,0.98632795,0.013672048,0.0,0.0
8,8,0.0,0.0,0.0,0.0,0.0,0.0,0.0,0.0,0.98632795,0.013672048,0.0,0.0
8,8,0.0,0.0,0.0,0.0,0.0,0.0,0.0,0.0,0.98632795,0.013672048,0.0,0.0
8,8,0.0,0.0,0.0,0.0,0.0,0.0,0.0,0.0,0.98632795,0.013672048,0.0,0.0
8,8,0.0,0.0,0.0,0.0,0.0,0.0,0.0,0.0,0.98632795,0.013672048,0.0,0.0
8,8,0.0,0.0,0.0,0.0,0.0,0.0,0.0,0.0,0.98632795,0.013672048,0.0,0.0
8,8,0.0,0.0,0.0,0.0,0.0,0.0,0.0,0.0,0.98632795,0.013672048,0.0,0.0
8,8,0.0,0.0,0.0,0.0,0.0,0.0,0.0,0.0,0.98632795,0.013672048,0.0,0.0
8,8,0.0,0.0,0.0,0.0,0.0,0.0,0.0,0.0,0.98632795,0.013672048,0.0,0.0
8,8,0.0,0.0,0.0,0.0,0.0,0.0,0.0,0.0,0.98632795,0.013672048,0.0,0.0
8,8,0.0,0.0,0.0,0.0,0.0,0.0,0.0,0.0,0.98632795,0.013672048,0.0,0.0
8,8,0.0,0.0,0.0,0.0,0.0,0.0,0.0,0.0,0.98632795,0.013672048,0.0,0.0
8,8,0.0,0.0,0.0,0.0,0.0,0.0,0.0,0.0,0.98632795,0.013672048,0.0,0.0
8,8,0.0,0.0,0.0,0.0,0.0,0.0,0.0,0.0,0.98632795,0.013672048,0.0,0.0
8,8,0.0,0.0,0.0,0.0,0.0,0.0,0.0,0.0,0.98632795,0.013672048,0.0,0.0
8,8,0.0,0.0,0.0,0.0,0.0,0.0,0.0,0.0,0.98632795,0.013672048,0.0,0.0
8,8,0.0,0.0,0.0,0.0,0.0,0.0,0.0,0.0,0.98632795,0.013672048,0.0,0.0
8,8,0.0,0.0,0.0,0.0,0.0,0.0,0.0,0.0,0.98632795,0.013672048,0.0,0.0
8,8,0.0,0.0,0.0,0.0,0.0,0.0,0.0,0.0,0.98632795,0.013672048,0.0,0.0
8,8,0.0,0.0,0.0,0.0,0.0,0.0,0.0,0.0,0.98632795,0.013672048,0.0,0.0
8,8,0.0,0.0,0.0,0.0,0.0,0.0,0.0,0.0,0.98632795,0.013672048,0.0,0.0
8,8,0.0,0.0,0.0,0.0,0.0,0.0,0.0,0.0,0.98632795,0.013672048,0.0,0.0
8,8,0.0,0.0,0.0,0.0,0.0,0.0,0.0,0.0,0.98632795,0.013672048,0.0,0.0
8,8,0.0,0.0,0.0,0.0,0.0,0.0,0.0,0.0,0.98632795,0.013672048,0.0,0.0
8,8,0.0,0.0,0.0,0.0,0.0,0.0,0.0,0.0,0.98632795,0.013672048,0.0,0.0
8,8,0.0,0.0,0.0,0.0,0.0,0.0,0.0,0.0,0.98632795,0.013672048,0.0,0.0
8,8,0.0,0.0,0.0,0.0,0.0,0.0,0.0,0.0,0.98632795,0.013672048,0.0,0.0
8,8,0.0,0.0,0.0,0.0,0.0,0.0,0.0,0.0,0.98632795,0.013672048,0.0,0.0
8,8,0.0,0.0,0.0,0.0,0.0,0.0,0.0,0.0,0.98632795,0.013672048,0.0,0.0
8,8,0.0,0.0,0.0,0.0,0.0,0.0,0.0,0.0,0.98632795,0.013672048,0.0,0.0
8,8,0.0,0.0,0.0,0.0,0.0,0.0,0.0,0.0,0.98632795,0.013672048,0.0,0.0
8,8,0.0,0.0,0.0,0.0,0.0,0.0,0.0,0.0,0.98632795,0.013672048,0.0,0.0
8,8,0.0,0.0,0.0,0.0,0.0,0.0,0.0,0.0,0.98632795,0.013672048,0.0,0.0
8,8,0.0,0.0,0.0,0.0,0.0,0.0,0.0,0.0,0.98632795,0.013672048,0.0,0.0
8,8,0.0,0.0,0.0,0.0,0.0,0.0,0.0,0.0,0.98632795,0.013672048,0.0,0.0
8,8,0.0,0.0,0.0,0.0,0.0,0.0,0.0,0.0,0.98632795,0.013672048,0.0,0.0
8,8,0.0,0.0,0.0,0.0,0.0,0.0,0.0,0.0,0.98632795,0.013672048,0.0,0.0
8,8,0.0,0.0,0.0,0.0,0.0,0.0,0.0,0.0,0.98632795,0.013672048,0.0,0.0
8,8,0.0,0.0,0.0,0.0,0.0,0.0,0.0,0.0,0.98632795,0.013672048,0.0,0.0
8,8,0.0,0.0,0.0,0.0,0.0,0.0,0.0,0.0,0.98632795,0.013672048,0.0,0.0
8,8,0.0,0.0,0.0,0.0,0.0,0.0,0.0,0.0,0.98632795,0.013672048,0.0,0.0
8,8,0.0,0.0,0.0,0.0,0.0,0.0,0.0,0.0,0.98632795,0.013672048,0.0,0.0
8,8,0.0,0.0,0.0,0.0,0.0,0.0,0.0,0.0,0.98632795,0.013672048,0.0,0.0
8,8,0.0,0.0,0.0,0.0,0.0,0.0,0.0,0.0,0.98632795,0.013672048,0.0,0.0
8,8,0.0,0.0,0.0,0.0,0.0,0.0,0.0,0.0,0.98632795,0.013672048,0.0,0.0
8,8,0.0,0.0,0.0,0.0,0.0,0.0,0.0,0.0,0.98632795,0.013672048,0.0,0.0
8,8,0.0,0.0,0.0,0.0,0.0,0.0,0.0,0.0,0.98632795,0.013672048,0.0,0.0
8,8,0.0,0.0,0.0,0.0,0.0,0.0,0.0,0.0,0.98632795,0.013672048,0.0,0.0
8,8,0.0,0.0,0.0,0.0,0.0,0.0,0.0,0.0,0.98632795,0.013672048,0.0,0.0
8,8,0.0,0.0,0.0,0.0,0.0,0.0,0.0,0.0,0.98632795,0.013672048,0.0,0.0
8,8,0.0,0.0,0.0,0.0,0.0,0.0,0.0,0.0,0.98632795,0.013672048,0.0,0.0
8,8,0.0,0.0,0.0,0.0,0.0,0.0,0.0,0.0,0.98632795,0.013672048,0.0,0.0
8,8,0.0,0.0,0.0,0.0,0.0,0.0,0.0,0.0,0.98632795,0.013672048,0.0,0.0
8,8,0.0,0.0,0.0,0.0,0.0,0.0,0.0,0.0,0.98632795,0.013672048,0.0,0.0
8,8,0.0,0.0,0.0,0.0,0.0,0.0,0.0,0.0,0.98632795,0.013672048,0.0,0.0
8,8,0.0,0.0,0.0,0.0,0.0,0.0,0.0,0.0,0.98632795,0.013672048,0.0,0.0
8,8,0.0,0.0,0.0,0.0,0.0,0.0,0.0,0.0,0.98632795,0.013672048,0.0,0.0
8,8,0.0,0.0,0.0,0.0,0.0,0.0,0.0,0.0,0.98632795,0.013672048,0.0,0.0
8,8,0.0,0.0,0.0,0.0,0.0,0.0,0.0,0.0,0.98632795,0.013672048,0.0,0.0
8,8,0.0,0.0,0.0,0.0,0.0,0.0,0.0,0.0,0.98632795,0.013672048,0.0,0.0
8,8,0.0,0.0,0.0,0.0,0.0,0.0,0.0,0.0,0.98632795,0.013672048,0.0,0.0
8,8,0.0,0.0,0.0,0.0,0.0,0.0,0.0,0.0,0.98632795,0.013672048,0.0,0.0
8,8,0.0,0.0,0.0,0.0,0.0,0.0,0.0,0.0,0.98632795,0.013672048,0.0,0.0
8,8,0.0,0.0,0.0,0.0,0.0,0.0,0.0,0.0,0.98632795,0.013672048,0.0,0.0
8,8,0.0,0.0,0.0,0.0,0.0,0.0,0.0,0.0,0.98632795,0.013672048,0.0,0.0
8,8,0.0,0.0,0.0,0.0,0.0,0.0,0.0,0.0,0.98632795,0.013672048,0.0,0.0
8,8,0.0,0.0,0.0,0.0,0.0,0.0,0.0,0.0,0.98632795,0.013672048,0.0,0.0
8,8,0.0,0.0,0.0,0.0,0.0,0.0,0.0,0.0,0.98632795,0.013672048,0.0,0.0
8,8,0.0,0.0,0.0,0.0,0.0,0.0,0.0,0.0,0.98632795,0.013672048,0.0,0.0
8,8,0.0,0.0,0.0,0.0,0.0,0.0,0.0,0.0,0.98632795,0.013672048,0.0,0.0
8,8,0.0,0.0,0.0,0.0,0.0,0.0,0.0,0.0,0.98632795,0.013672048,0.0,0.0
8,8,0.0,0.0,0.0,0.0,0.0,0.0,0.0,0.0,0.98632795,0.013672048,0.0,0.0
8,8,0.0,0.0,0.0,0.0,0.0,0.0,0.0,0.0,0.98632795,0.013672048,0.0,0.0
8,8,0.0,0.0,0.0,0.0,0.0,0.0,0.0,0.0,0.98632795,0.013672048,0.0,0.0
8,8,0.0,0.0,0.0,0.0,0.0,0.0,0.0,0.0,0.98632795,0.013672048,0.0,0.0
8,8,0.0,0.0,0.0,0.0,0.0,0.0,0.0,0.0,0.98632795,0.013672048,0.0,0.0
8,8,0.0,0.0,0.0,0.0,0.0,0.0,0.0,0.0,0.98632795,0.013672048,0.0,0.0
8,8,0.0,0.0,0.0,0.0,0.0,0.0,0.0,0.0,0.98632795,0.013672048,0.0,0.0
8,8,0.0,0.0,0.0,0.0,0.0,0.0,0.0,0.0,0.98632795,0.013672048,0.0,0.0
8,8,0.0,0.0,0.0,0.0,0.0,0.0,0.0,0.0,0.98632795,0.013672048,0.0,0.0
8,8,0.0,0.0,0.0,0.0,0.0,0.0,0.0,0.0,0.98632795,0.013672048,0.0,0.0
8,8,0.0,0.0,0.0,0.0,0.0,0.0,0.0,0.0,0.98632795,0.013672048,0.0,0.0
8,8,0.0,0.0,0.0,0.0,0.0,0.0,0.0,0.0,0.98632795,0.013672048,0.0,0.0
8,8,0.0,0.0,0.0,0.0,0.0,0.0,0.0,0.0,0.98632795,0.013672048,0.0,0.0
8,8,0.0,0.0,0.0,0.0,0.0,0.0,0.0,0.0,0.98632795,0.013672048,0.0,0.0
8,8,0.0,0.0,0.0,0.0,0.0,0.0,0.0,0.0,0.98632795,0.013672048,0.0,0.0
8,8,0.0,0.0,0.0,0.0,0.0,0.0,0.0,0.0,0.98632795,0.013672048,0.0,0.0
8,8,0.0,0.0,0.0,0.0,0.0,0.0,0.0,0.0,0.98632795,0.013672048,0.0,0.0
8,8,0.0,0.0,0.0,0.0,0.0,0.0,0.0,0.0,0.98632795,0.013672048,0.0,0.0
8,8,0.0,0.0,0.0,0.0,0.0,0.0,0.0,0.0,0.98632795,0.013672048,0.0,0.0
8,8,0.0,0.0,0.0,0.0,0.0,0.0,0.0,0.0,0.98632795,0.013672048,0.0,0.0
8,8,0.0,0.0,0.0,0.0,0.0,0.0,0.0,0.0,0.98632795,0.013672048,0.0,0.0
8,8,0.0,0.0,0.0,0.0,0.0,0.0,0.0,0.0,0.98632795,0.013672048,0.0,0.0
8,8,0.0,0.0,0.0,0.0,0.0,0.0,0.0,0.0,0.98632795,0.013672048,0.0,0.0
8,8,0.0,0.0,0.0,0.0,0.0,0.0,0.0,0.0,0.98632795,0.013672048,0.0,0.0
8,8,0.0,0.0,0.0,0.0,0.0,0.0,0.0,0.0,0.98632795,0.013672048,0.0,0.0
8,8,0.0,0.0,0.0,0.0,0.0,0.0,0.0,0.0,0.98632795,0.013672048,0.0,0.0
8,8,0.0,0.0,0.0,0.0,0.0,0.0,0.0,0.0,0.98632795,0.013672048,0.0,0.0
8,8,0.0,0.0,0.0,0.0,0.0,0.0,0.0,0.0,0.98632795,0.013672048,0.0,0.0
8,8,0.0,0.0,0.0,0.0,0.0,0.0,0.0,0.0,0.98632795,0.013672048,0.0,0.0
8,8,0.0,0.0,0.0,0.0,0.0,0.0,0.0,0.0,0.98632795,0.013672048,0.0,0.0
8,8,0.0,0.0,0.0,0.0,0.0,0.0,0.0,0.0,0.98632795,0.013672048,0.0,0.0
8,8,0.0,0.0,0.0,0.0,0.0,0.0,0.0,0.0,0.98632795,0.013672048,0.0,0.0
8,8,0.0,0.0,0.0,0.0,0.0,0.0,0.0,0.0,0.98632795,0.013672048,0.0,0.0
8,8,0.0,0.0,0.0,0.0,0.0,0.0,0.0,0.0,0.98632795,0.013672048,0.0,0.0
8,8,0.0,0.0,0.0,0.0,0.0,0.0,0.0,0.0,0.98632795,0.013672048,0.0,0.0
8,8,0.0,0.0,0.0,0.0,0.0,0.0,0.0,0.0,0.98632795,0.013672048,0.0,0.0
8,8,0.0,0.0,0.0,0.0,0.0,0.0,0.0,0.0,0.98632795,0.013672048,0.0,0.0
8,8,0.0,0.0,0.0,0.0,0.0,0.0,0.0,0.0,0.98632795,0.013672048,0.0,0.0
8,8,0.0,0.0,0.0,0.0,0.0,0.0,0.0,0.0,0.98632795,0.013672048,0.0,0.0
8,8,0.0,0.0,0.0,0.0,0.0,0.0,0.0,0.0,0.98632795,0.013672048,0.0,0.0
8,8,0.0,0.0,0.0,0.0,0.0,0.0,0.0,0.0,0.98632795,0.013672048,0.0,0.0
8,8,0.0,0.0,0.0,0.0,0.0,0.0,0.0,0.0,0.98632795,0.013672048,0.0,0.0
8,8,0.0,0.0,0.0,0.0,0.0,0.0,0.0,0.0,0.98632795,0.013672048,0.0,0.0
8,8,0.0,0.0,0.0,0.0,0.0,0.0,0.0,0.0,0.98632795,0.013672048,0.0,0.0
8,8,0.0,0.0,0.0,0.0,0.0,0.0,0.0,0.0,0.98632795,0.013672048,0.0,0.0
8,8,0.0,0.0,0.0,0.0,0.0,0.0,0.0,0.0,0.98632795,0.013672048,0.0,0.0
8,8,0.0,0.0,0.0,0.0,0.0,0.0,0.0,0.0,0.98632795,0.013672048,0.0,0.0
8,8,0.0,0.0,0.0,0.0,0.0,0.0,0.0,0.0,0.98632795,0.013672048,0.0,0.0
8,8,0.0,0.0,0.0,0.0,0.0,0.0,0.0,0.0,0.98632795,0.013672048,0.0,0.0
8,8,0.0,0.0,0.0,0.0,0.0,0.0,0.0,0.0,0.98632795,0.013672048,0.0,0.0
8,8,0.0,0.0,0.0,0.0,0.0,0.0,0.0,0.0,0.98632795,0.013672048,0.0,0.0
8,8,0.0,0.0,0.0,0.0,0.0,0.0,0.0,0.0,0.98632795,0.013672048,0.0,0.0
8,8,0.0,0.0,0.0,0.0,0.0,0.0,0.0,0.0,0.98632795,0.013672048,0.0,0.0
8,8,0.0,0.0,0.0,0.0,0.0,0.0,0.0,0.0,0.98632795,0.013672048,0.0,0.0
8,8,0.0,0.0,0.0,0.0,0.0,0.0,0.0,0.0,0.98632795,0.013672048,0.0,0.0
8,8,0.0,0.0,0.0,0.0,0.0,0.0,0.0,0.0,0.98632795,0.013672048,0.0,0.0
8,8,0.0,0.0,0.0,0.0,0.0,0.0,0.0,0.0,0.98632795,0.013672048,0.0,0.0
8,8,0.0,0.0,0.0,0.0,0.0,0.0,0.0,0.0,0.98632795,0.013672048,0.0,0.0
8,8,0.0,0.0,0.0,0.0,0.0,0.0,0.0,0.0,0.98632795,0.013672048,0.0,0.0
8,8,0.0,0.0,0.0,0.0,0.0,0.0,0.0,0.0,0.98632795,0.013672048,0.0,0.0
8,8,0.0,0.0,0.0,0.0,0.0,0.0,0.0,0.0,0.98632795,0.013672048,0.0,0.0
8,8,0.0,0.0,0.0,0.0,0.0,0.0,0.0,0.0,0.98632795,0.013672048,0.0,0.0
8,8,0.0,0.0,0.0,0.0,0.0,0.0,0.0,0.0,0.98632795,0.013672048,0.0,0.0
8,8,0.0,0.0,0.0,0.0,0.0,0.0,0.0,0.0,0.98632795,0.013672048,0.0,0.0
8,8,0.0,0.0,0.0,0.0,0.0,0.0,0.0,0.0,0.98632795,0.013672048,0.0,0.0
8,8,0.0,0.0,0.0,0.0,0.0,0.0,0.0,0.0,0.98632795,0.013672048,0.0,0.0
8,8,0.0,0.0,0.0,0.0,0.0,0.0,0.0,0.0,0.98632795,0.013672048,0.0,0.0
8,8,0.0,0.0,0.0,0.0,0.0,0.0,0.0,0.0,0.98632795,0.013672048,0.0,0.0
8,8,0.0,0.0,0.0,0.0,0.0,0.0,0.0,0.0,0.98632795,0.013672048,0.0,0.0
8,8,0.0,0.0,0.0,0.0,0.0,0.0,0.0,0.0,0.98632795,0.013672048,0.0,0.0
8,8,0.0,0.0,0.0,0.0,0.0,0.0,0.0,0.0,0.98632795,0.013672048,0.0,0.0
8,8,0.0,0.0,0.0,0.0,0.0,0.0,0.0,0.0,0.98632795,0.013672048,0.0,0.0
8,8,0.0,0.0,0.0,0.0,0.0,0.0,0.0,0.0,0.98632795,0.013672048,0.0,0.0
8,8,0.0,0.0,0.0,0.0,0.0,0.0,0.0,0.0,0.98632795,0.013672048,0.0,0.0
8,8,0.0,0.0,0.0,0.0,0.0,0.0,0.0,0.0,0.98632795,0.013672048,0.0,0.0
8,8,0.0,0.0,0.0,0.0,0.0,0.0,0.0,0.0,0.98632795,0.013672048,0.0,0.0
8,8,0.0,0.0,0.0,0.0,0.0,0.0,0.0,0.0,0.98632795,0.013672048,0.0,0.0
8,8,0.0,0.0,0.0,0.0,0.0,0.0,0.0,0.0,0.98632795,0.013672048,0.0,0.0
8,8,0.0,0.0,0.0,0.0,0.0,0.0,0.0,0.0,0.98632795,0.013672048,0.0,0.0
8,8,0.0,0.0,0.0,0.0,0.0,0.0,0.0,0.0,0.98632795,0.013672048,0.0,0.0
8,8,0.0,0.0,0.0,0.0,0.0,0.0,0.0,0.0,0.98632795,0.013672048,0.0,0.0
8,8,0.0,0.0,0.0,0.0,0.0,0.0,0.0,0.0,0.98632795,0.013672048,0.0,0.0
8,8,0.0,0.0,0.0,0.0,0.0,0.0,0.0,0.0,0.98632795,0.013672048,0.0,0.0
8,8,0.0,0.0,0.0,0.0,0.0,0.0,0.0,0.0,0.98632795,0.013672048,0.0,0.0
8,8,0.0,0.0,0.0,0.0,0.0,0.0,0.0,0.0,0.98632795,0.013672048,0.0,0.0
8,8,0.0,0.0,0.0,0.0,0.0,0.0,0.0,0.0,0.98632795,0.013672048,0.0,0.0
8,8,0.0,0.0,0.0,0.0,0.0,0.0,0.0,0.0,0.98632795,0.013672048,0.0,0.0
8,8,0.0,0.0,0.0,0.0,0.0,0.0,0.0,0.0,0.98632795,0.013672048,0.0,0.0
8,8,0.0,0.0,0.0,0.0,0.0,0.0,0.0,0.0,0.98632795,0.013672048,0.0,0.0
8,8,0.0,0.0,0.0,0.0,0.0,0.0,0.0,0.0,0.98632795,0.013672048,0.0,0.0
8,8,0.0,0.0,0.0,0.0,0.0,0.0,0.0,0.0,0.98632795,0.013672048,0.0,0.0
8,8,0.0,0.0,0.0,0.0,0.0,0.0,0.0,0.0,0.98632795,0.013672048,0.0,0.0
8,8,0.0,0.0,0.0,0.0,0.0,0.0,0.0,0.0,0.98632795,0.013672048,0.0,0.0
8,8,0.0,0.0,0.0,0.0,0.0,0.0,0.0,0.0,0.98632795,0.013672048,0.0,0.0
8,8,0.0,0.0,0.0,0.0,0.0,0.0,0.0,0.0,0.98632795,0.013672048,0.0,0.0
8,8,0.0,0.0,0.0,0.0,0.0,0.0,0.0,0.0,0.98632795,0.013672048,0.0,0.0
8,8,0.0,0.0,0.0,0.0,0.0,0.0,0.0,0.0,0.98632795,0.013672048,0.0,0.0
8,8,0.0,0.0,0.0,0.0,0.0,0.0,0.0,0.0,0.98632795,0.013672048,0.0,0.0
8,8,0.0,0.0,0.0,0.0,0.0,0.0,0.0,0.0,0.98632795,0.013672048,0.0,0.0
8,8,0.0,0.0,0.0,0.0,0.0,0.0,0.0,0.0,0.98632795,0.013672048,0.0,0.0
8,8,0.0,0.0,0.0,0.0,0.0,0.0,0.0,0.0,0.98632795,0.013672048,0.0,0.0
8,8,0.0,0.0,0.0,0.0,0.0,0.0,0.0,0.0,0.98632795,0.013672048,0.0,0.0
8,8,0.0,0.0,0.0,0.0,0.0,0.0,0.0,0.0,0.98632795,0.013672048,0.0,0.0
8,8,0.0,0.0,0.0,0.0,0.0,0.0,0.0,0.0,0.98632795,0.013672048,0.0,0.0
8,8,0.0,0.0,0.0,0.0,0.0,0.0,0.0,0.0,0.98632795,0.013672048,0.0,0.0
8,8,0.0,0.0,0.0,0.0,0.0,0.0,0.0,0.0,0.98632795,0.013672048,0.0,0.0
8,8,0.0,0.0,0.0,0.0,0.0,0.0,0.0,0.0,0.98632795,0.013672048,0.0,0.0
8,8,0.0,0.0,0.0,0.0,0.0,0.0,0.0,0.0,0.98632795,0.013672048,0.0,0.0
8,8,0.0,0.0,0.0,0.0,0.0,0.0,0.0,0.0,0.98632795,0.013672048,0.0,0.0
8,8,0.0,0.0,0.0,0.0,0.0,0.0,0.0,0.0,0.98632795,0.013672048,0.0,0.0
8,8,0.0,0.0,0.0,0.0,0.0,0.0,0.0,0.0,0.98632795,0.013672048,0.0,0.0
8,8,0.0,0.0,0.0,0.0,0.0,0.0,0.0,0.0,0.98632795,0.013672048,0.0,0.0
8,8,0.0,0.0,0.0,0.0,0.0,0.0,0.0,0.0,0.98632795,0.013672048,0.0,0.0
8,8,0.0,0.0,0.0,0.0,0.0,0.0,0.0,0.0,0.98632795,0.013672048,0.0,0.0
8,8,0.0,0.0,0.0,0.0,0.0,0.0,0.0,0.0,0.98632795,0.013672048,0.0,0.0
8,8,0.0,0.0,0.0,0.0,0.0,0.0,0.0,0.0,0.98632795,0.013672048,0.0,0.0
8,8,0.0,0.0,0.0,0.0,0.0,0.0,0.0,0.0,0.98632795,0.013672048,0.0,0.0
8,8,0.0,0.0,0.0,0.0,0.0,0.0,0.0,0.0,0.98632795,0.013672048,0.0,0.0
8,8,0.0,0.0,0.0,0.0,0.0,0.0,0.0,0.0,0.98632795,0.013672048,0.0,0.0
8,8,0.0,0.0,0.0,0.0,0.0,0.0,0.0,0.0,0.98632795,0.013672048,0.0,0.0
8,8,0.0,0.0,0.0,0.0,0.0,0.0,0.0,0.0,0.98632795,0.013672048,0.0,0.0
8,8,0.0,0.0,0.0,0.0,0.0,0.0,0.0,0.0,0.98632795,0.013672048,0.0,0.0
8,8,0.0,0.0,0.0,0.0,0.0,0.0,0.0,0.0,0.98632795,0.013672048,0.0,0.0
8,8,0.0,0.0,0.0,0.0,0.0,0.0,0.0,0.0,0.98632795,0.013672048,0.0,0.0
8,8,0.0,0.0,0.0,0.0,0.0,0.0,0.0,0.0,0.98632795,0.013672048,0.0,0.0
8,8,0.0,0.0,0.0,0.0,0.0,0.0,0.0,0.0,0.98632795,0.013672048,0.0,0.0
8,8,0.0,0.0,0.0,0.0,0.0,0.0,0.0,0.0,0.98632795,0.013672048,0.0,0.0
8,8,0.0,0.0,0.0,0.0,0.0,0.0,0.0,0.0,0.98632795,0.013672048,0.0,0.0
8,8,0.0,0.0,0.0,0.0,0.0,0.0,0.0,0.0,0.98632795,0.013672048,0.0,0.0
8,8,0.0,0.0,0.0,0.0,0.0,0.0,0.0,0.0,0.98632795,0.013672048,0.0,0.0
8,8,0.0,0.0,0.0,0.0,0.0,0.0,0.0,0.0,0.98632795,0.013672048,0.0,0.0
8,8,0.0,0.0,0.0,0.0,0.0,0.0,0.0,0.0,0.98632795,0.013672048,0.0,0.0
8,8,0.0,0.0,0.0,0.0,0.0,0.0,0.0,0.0,0.98632795,0.013672048,0.0,0.0
8,8,0.0,0.0,0.0,0.0,0.0,0.0,0.0,0.0,0.98632795,0.013672048,0.0,0.0
8,8,0.0,0.0,0.0,0.0,0.0,0.0,0.0,0.0,0.98632795,0.013672048,0.0,0.0
8,8,0.0,0.0,0.0,0.0,0.0,0.0,0.0,0.0,0.98632795,0.013672048,0.0,0.0
8,8,0.0,0.0,0.0,0.0,0.0,0.0,0.0,0.0,0.98632795,0.013672048,0.0,0.0
8,8,0.0,0.0,0.0,0.0,0.0,0.0,0.0,0.0,0.98632795,0.013672048,0.0,0.0
8,8,0.0,0.0,0.0,0.0,0.0,0.0,0.0,0.0,0.98632795,0.013672048,0.0,0.0
8,8,0.0,0.0,0.0,0.0,0.0,0.0,0.0,0.0,0.98632795,0.013672048,0.0,0.0
8,8,0.0,0.0,0.0,0.0,0.0,0.0,0.0,0.0,0.98632795,0.013672048,0.0,0.0
8,8,0.0,0.0,0.0,0.0,0.0,0.0,0.0,0.0,0.98632795,0.013672048,0.0,0.0
8,8,0.0,0.0,0.0,0.0,0.0,0.0,0.0,0.0,0.98632795,0.013672048,0.0,0.0
8,8,0.0,0.0,0.0,0.0,0.0,0.0,0.0,0.0,0.98632795,0.013672048,0.0,0.0
8,8,0.0,0.0,0.0,0.0,0.0,0.0,0.0,0.0,0.98632795,0.013672048,0.0,0.0
8,8,0.0,0.0,0.0,0.0,0.0,0.0,0.0,0.0,0.98632795,0.013672048,0.0,0.0
8,8,0.0,0.0,0.0,0.0,0.0,0.0,0.0,0.0,0.98632795,0.013672048,0.0,0.0
8,8,0.0,0.0,0.0,0.0,0.0,0.0,0.0,0.0,0.98632795,0.013672048,0.0,0.0
8,8,0.0,0.0,0.0,0.0,0.0,0.0,0.0,0.0,0.98632795,0.013672048,0.0,0.0
8,8,0.0,0.0,0.0,0.0,0.0,0.0,0.0,0.0,0.98632795,0.013672048,0.0,0.0
8,8,0.0,0.0,0.0,0.0,0.0,0.0,0.0,0.0,0.98632795,0.013672048,0.0,0.0
8,8,0.0,0.0,0.0,0.0,0.0,0.0,0.0,0.0,0.98632795,0.013672048,0.0,0.0
8,8,0.0,0.0,0.0,0.0,0.0,0.0,0.0,0.0,0.98632795,0.013672048,0.0,0.0
8,8,0.0,0.0,0.0,0.0,0.0,0.0,0.0,0.0,0.98632795,0.013672048,0.0,0.0
8,8,0.0,0.0,0.0,0.0,0.0,0.0,0.0,0.0,0.98632795,0.013672048,0.0,0.0
8,8,0.0,0.0,0.0,0.0,0.0,0.0,0.0,0.0,0.98632795,0.013672048,0.0,0.0
8,8,0.0,0.0,0.0,0.0,0.0,0.0,0.0,0.0,0.98632795,0.013672048,0.0,0.0
8,8,0.0,0.0,0.0,0.0,0.0,0.0,0.0,0.0,0.98632795,0.013672048,0.0,0.0
8,8,0.0,0.0,0.0,0.0,0.0,0.0,0.0,0.0,0.98632795,0.013672048,0.0,0.0
8,8,0.0,0.0,0.0,0.0,0.0,0.0,0.0,0.0,0.98632795,0.013672048,0.0,0.0
8,8,0.0,0.0,0.0,0.0,0.0,0.0,0.0,0.0,0.98632795,0.013672048,0.0,0.0
8,8,0.0,0.0,0.0,0.0,0.0,0.0,0.0,0.0,0.98632795,0.013672048,0.0,0.0
8,8,0.0,0.0,0.0,0.0,0.0,0.0,0.0,0.0,0.98632795,0.013672048,0.0,0.0
8,8,0.0,0.0,0.0,0.0,0.0,0.0,0.0,0.0,0.98632795,0.013672048,0.0,0.0
8,8,0.0,0.0,0.0,0.0,0.0,0.0,0.0,0.0,0.98632795,0.013672048,0.0,0.0
8,8,0.0,0.0,0.0,0.0,0.0,0.0,0.0,0.0,0.98632795,0.013672048,0.0,0.0
8,8,0.0,0.0,0.0,0.0,0.0,0.0,0.0,0.0,0.98632795,0.013672048,0.0,0.0
8,8,0.0,0.0,0.0,0.0,0.0,0.0,0.0,0.0,0.98632795,0.013672048,0.0,0.0
8,8,0.0,0.0,0.0,0.0,0.0,0.0,0.0,0.0,0.98632795,0.013672048,0.0,0.0
8,8,0.0,0.0,0.0,0.0,0.0,0.0,0.0,0.0,0.98632795,0.013672048,0.0,0.0
8,8,0.0,0.0,0.0,0.0,0.0,0.0,0.0,0.0,0.98632795,0.013672048,0.0,0.0
8,8,0.0,0.0,0.0,0.0,0.0,0.0,0.0,0.0,0.98632795,0.013672048,0.0,0.0
8,8,0.0,0.0,0.0,0.0,0.0,0.0,0.0,0.0,0.98632795,0.013672048,0.0,0.0
8,8,0.0,0.0,0.0,0.0,0.0,0.0,0.0,0.0,0.98632795,0.013672048,0.0,0.0
8,8,0.0,0.0,0.0,0.0,0.0,0.0,0.0,0.0,0.98632795,0.013672048,0.0,0.0
8,8,0.0,0.0,0.0,0.0,0.0,0.0,0.0,0.0,0.98632795,0.013672048,0.0,0.0
8,8,0.0,0.0,0.0,0.0,0.0,0.0,0.0,0.0,0.98632795,0.013672048,0.0,0.0
8,8,0.0,0.0,0.0,0.0,0.0,0.0,0.0,0.0,0.98632795,0.013672048,0.0,0.0
8,8,0.0,0.0,0.0,0.0,0.0,0.0,0.0,0.0,0.98632795,0.013672048,0.0,0.0
8,8,0.0,0.0,0.0,0.0,0.0,0.0,0.0,0.0,0.98632795,0.013672048,0.0,0.0
8,8,0.0,0.0,0.0,0.0,0.0,0.0,0.0,0.0,0.98632795,0.013672048,0.0,0.0
8,8,0.0,0.0,0.0,0.0,0.0,0.0,0.0,0.0,0.98632795,0.013672048,0.0,0.0
8,8,0.0,0.0,0.0,0.0,0.0,0.0,0.0,0.0,0.98632795,0.013672048,0.0,0.0
8,8,0.0,0.0,0.0,0.0,0.0,0.0,0.0,0.0,0.98632795,0.013672048,0.0,0.0
8,8,0.0,0.0,0.0,0.0,0.0,0.0,0.0,0.0,0.98632795,0.013672048,0.0,0.0
8,8,0.0,0.0,0.0,0.0,0.0,0.0,0.0,0.0,0.98632795,0.013672048,0.0,0.0
8,8,0.0,0.0,0.0,0.0,0.0,0.0,0.0,0.0,0.98632795,0.013672048,0.0,0.0
8,8,0.0,0.0,0.0,0.0,0.0,0.0,0.0,0.0,0.98632795,0.013672048,0.0,0.0
8,8,0.0,0.0,0.0,0.0,0.0,0.0,0.0,0.0,0.98632795,0.013672048,0.0,0.0
8,8,0.0,0.0,0.0,0.0,0.0,0.0,0.0,0.0,0.98632795,0.013672048,0.0,0.0
8,8,0.0,0.0,0.0,0.0,0.0,0.0,0.0,0.0,0.98632795,0.013672048,0.0,0.0
8,8,0.0,0.0,0.0,0.0,0.0,0.0,0.0,0.0,0.98632795,0.013672048,0.0,0.0
8,8,0.0,0.0,0.0,0.0,0.0,0.0,0.0,0.0,0.98632795,0.013672048,0.0,0.0
8,8,0.0,0.0,0.0,0.0,0.0,0.0,0.0,0.0,0.98632795,0.013672048,0.0,0.0
8,8,0.0,0.0,0.0,0.0,0.0,0.0,0.0,0.0,0.98632795,0.013672048,0.0,0.0
8,8,0.0,0.0,0.0,0.0,0.0,0.0,0.0,0.0,0.98632795,0.013672048,0.0,0.0
8,8,0.0,0.0,0.0,0.0,0.0,0.0,0.0,0.0,0.98632795,0.013672048,0.0,0.0
8,8,0.0,0.0,0.0,0.0,0.0,0.0,0.0,0.0,0.98632795,0.013672048,0.0,0.0
8,8,0.0,0.0,0.0,0.0,0.0,0.0,0.0,0.0,0.98632795,0.013672048,0.0,0.0
8,8,0.0,0.0,0.0,0.0,0.0,0.0,0.0,0.0,0.98632795,0.013672048,0.0,0.0
8,8,0.0,0.0,0.0,0.0,0.0,0.0,0.0,0.0,0.98632795,0.013672048,0.0,0.0
8,8,0.0,0.0,0.0,0.0,0.0,0.0,0.0,0.0,0.98632795,0.013672048,0.0,0.0
8,8,0.0,0.0,0.0,0.0,0.0,0.0,0.0,0.0,0.98632795,0.013672048,0.0,0.0
8,8,0.0,0.0,0.0,0.0,0.0,0.0,0.0,0.0,0.98632795,0.013672048,0.0,0.0
8,8,0.0,0.0,0.0,0.0,0.0,0.0,0.0,0.0,0.98632795,0.013672048,0.0,0.0
8,8,0.0,0.0,0.0,0.0,0.0,0.0,0.0,0.0,0.98632795,0.013672048,0.0,0.0
8,8,0.0,0.0,0.0,0.0,0.0,0.0,0.0,0.0,0.98632795,0.013672048,0.0,0.0
8,8,0.0,0.0,0.0,0.0,0.0,0.0,0.0,0.0,0.98632795,0.013672048,0.0,0.0
8,8,0.0,0.0,0.0,0.0,0.0,0.0,0.0,0.0,0.98632795,0.013672048,0.0,0.0
8,8,0.0,0.0,0.0,0.0,0.0,0.0,0.0,0.0,0.98632795,0.013672048,0.0,0.0
8,8,0.0,0.0,0.0,0.0,0.0,0.0,0.0,0.0,0.98632795,0.013672048,0.0,0.0
8,8,0.0,0.0,0.0,0.0,0.0,0.0,0.0,0.0,0.98632795,0.013672048,0.0,0.0
8,8,0.0,0.0,0.0,0.0,0.0,0.0,0.0,0.0,0.98632795,0.013672048,0.0,0.0
8,8,0.0,0.0,0.0,0.0,0.0,0.0,0.0,0.0,0.98632795,0.013672048,0.0,0.0
8,8,0.0,0.0,0.0,0.0,0.0,0.0,0.0,0.0,0.98632795,0.013672048,0.0,0.0
8,8,0.0,0.0,0.0,0.0,0.0,0.0,0.0,0.0,0.98632795,0.013672048,0.0,0.0
8,8,0.0,0.0,0.0,0.0,0.0,0.0,0.0,0.0,0.98632795,0.013672048,0.0,0.0
8,8,0.0,0.0,0.0,0.0,0.0,0.0,0.0,0.0,0.98632795,0.013672048,0.0,0.0
8,8,0.0,0.0,0.0,0.0,0.0,0.0,0.0,0.0,0.98632795,0.013672048,0.0,0.0
8,8,0.0,0.0,0.0,0.0,0.0,0.0,0.0,0.0,0.98632795,0.013672048,0.0,0.0
8,8,0.0,0.0,0.0,0.0,0.0,0.0,0.0,0.0,0.98632795,0.013672048,0.0,0.0
8,8,0.0,0.0,0.0,0.0,0.0,0.0,0.0,0.0,0.98632795,0.013672048,0.0,0.0
8,8,0.0,0.0,0.0,0.0,0.0,0.0,0.0,0.0,0.98632795,0.013672048,0.0,0.0
8,8,0.0,0.0,0.0,0.0,0.0,0.0,0.0,0.0,0.98632795,0.013672048,0.0,0.0
8,8,0.0,0.0,0.0,0.0,0.0,0.0,0.0,0.0,0.98632795,0.013672048,0.0,0.0
8,8,0.0,0.0,0.0,0.0,0.0,0.0,0.0,0.0,0.98632795,0.013672048,0.0,0.0
8,8,0.0,0.0,0.0,0.0,0.0,0.0,0.0,0.0,0.98632795,0.013672048,0.0,0.0
8,8,0.0,0.0,0.0,0.0,0.0,0.0,0.0,0.0,0.98632795,0.013672048,0.0,0.0
8,8,0.0,0.0,0.0,0.0,0.0,0.0,0.0,0.0,0.98632795,0.013672048,0.0,0.0
8,8,0.0,0.0,0.0,0.0,0.0,0.0,0.0,0.0,0.98632795,0.013672048,0.0,0.0
8,8,0.0,0.0,0.0,0.0,0.0,0.0,0.0,0.0,0.98632795,0.013672048,0.0,0.0
8,8,0.0,0.0,0.0,0.0,0.0,0.0,0.0,0.0,0.98632795,0.013672048,0.0,0.0
8,8,0.0,0.0,0.0,0.0,0.0,0.0,0.0,0.0,0.98632795,0.013672048,0.0,0.0
8,8,0.0,0.0,0.0,0.0,0.0,0.0,0.0,0.0,0.98632795,0.013672048,0.0,0.0
8,8,0.0,0.0,0.0,0.0,0.0,0.0,0.0,0.0,0.98632795,0.013672048,0.0,0.0
8,8,0.0,0.0,0.0,0.0,0.0,0.0,0.0,0.0,0.98632795,0.013672048,0.0,0.0
8,8,0.0,0.0,0.0,0.0,0.0,0.0,0.0,0.0,0.98632795,0.013672048,0.0,0.0
8,8,0.0,0.0,0.0,0.0,0.0,0.0,0.0,0.0,0.98632795,0.013672048,0.0,0.0
8,8,0.0,0.0,0.0,0.0,0.0,0.0,0.0,0.0,0.98632795,0.013672048,0.0,0.0
8,8,0.0,0.0,0.0,0.0,0.0,0.0,0.0,0.0,0.98632795,0.013672048,0.0,0.0
8,8,0.0,0.0,0.0,0.0,0.0,0.0,0.0,0.0,0.98632795,0.013672048,0.0,0.0
8,8,0.0,0.0,0.0,0.0,0.0,0.0,0.0,0.0,0.98632795,0.013672048,0.0,0.0
8,8,0.0,0.0,0.0,0.0,0.0,0.0,0.0,0.0,0.98632795,0.013672048,0.0,0.0
8,8,0.0,0.0,0.0,0.0,0.0,0.0,0.0,0.0,0.98632795,0.013672048,0.0,0.0
8,8,0.0,0.0,0.0,0.0,0.0,0.0,0.0,0.0,0.98632795,0.013672048,0.0,0.0
8,8,0.0,0.0,0.0,0.0,0.0,0.0,0.0,0.0,0.98632795,0.013672048,0.0,0.0
8,8,0.0,0.0,0.0,0.0,0.0,0.0,0.0,0.0,0.98632795,0.013672048,0.0,0.0
8,8,0.0,0.0,0.0,0.0,0.0,0.0,0.0,0.0,0.98632795,0.013672048,0.0,0.0
8,8,0.0,0.0,0.0,0.0,0.0,0.0,0.0,0.0,0.98632795,0.013672048,0.0,0.0
8,8,0.0,0.0,0.0,0.0,0.0,0.0,0.0,0.0,0.98632795,0.013672048,0.0,0.0
8,8,0.0,0.0,0.0,0.0,0.0,0.0,0.0,0.0,0.98632795,0.013672048,0.0,0.0
8,8,0.0,0.0,0.0,0.0,0.0,0.0,0.0,0.0,0.98632795,0.013672048,0.0,0.0
8,8,0.0,0.0,0.0,0.0,0.0,0.0,0.0,0.0,0.98632795,0.013672048,0.0,0.0
8,8,0.0,0.0,0.0,0.0,0.0,0.0,0.0,0.0,0.98632795,0.013672048,0.0,0.0
8,8,0.0,0.0,0.0,0.0,0.0,0.0,0.0,0.0,0.98632795,0.013672048,0.0,0.0
8,8,0.0,0.0,0.0,0.0,0.0,0.0,0.0,0.0,0.98632795,0.013672048,0.0,0.0
8,8,0.0,0.0,0.0,0.0,0.0,0.0,0.0,0.0,0.98632795,0.013672048,0.0,0.0
8,8,0.0,0.0,0.0,0.0,0.0,0.0,0.0,0.0,0.98632795,0.013672048,0.0,0.0
8,8,0.0,0.0,0.0,0.0,0.0,0.0,0.0,0.0,0.98632795,0.013672048,0.0,0.0
8,8,0.0,0.0,0.0,0.0,0.0,0.0,0.0,0.0,0.98632795,0.013672048,0.0,0.0
8,8,0.0,0.0,0.0,0.0,0.0,0.0,0.0,0.0,0.98632795,0.013672048,0.0,0.0
8,8,0.0,0.0,0.0,0.0,0.0,0.0,0.0,0.0,0.98632795,0.013672048,0.0,0.0
8,8,0.0,0.0,0.0,0.0,0.0,0.0,0.0,0.0,0.98632795,0.013672048,0.0,0.0
8,8,0.0,0.0,0.0,0.0,0.0,0.0,0.0,0.0,0.98632795,0.013672048,0.0,0.0
8,8,0.0,0.0,0.0,0.0,0.0,0.0,0.0,0.0,0.98632795,0.013672048,0.0,0.0
8,8,0.0,0.0,0.0,0.0,0.0,0.0,0.0,0.0,0.98632795,0.013672048,0.0,0.0
8,8,0.0,0.0,0.0,0.0,0.0,0.0,0.0,0.0,0.98632795,0.013672048,0.0,0.0
8,8,0.0,0.0,0.0,0.0,0.0,0.0,0.0,0.0,0.98632795,0.013672048,0.0,0.0
8,8,0.0,0.0,0.0,0.0,0.0,0.0,0.0,0.0,0.98632795,0.013672048,0.0,0.0
8,8,0.0,0.0,0.0,0.0,0.0,0.0,0.0,0.0,0.98632795,0.013672048,0.0,0.0
8,8,0.0,0.0,0.0,0.0,0.0,0.0,0.0,0.0,0.98632795,0.013672048,0.0,0.0
8,8,0.0,0.0,0.0,0.0,0.0,0.0,0.0,0.0,0.98632795,0.013672048,0.0,0.0
8,8,0.0,0.0,0.0,0.0,0.0,0.0,0.0,0.0,0.98632795,0.013672048,0.0,0.0
8,8,0.0,0.0,0.0,0.0,0.0,0.0,0.0,0.0,0.98632795,0.013672048,0.0,0.0
8,8,0.0,0.0,0.0,0.0,0.0,0.0,0.0,0.0,0.98632795,0.013672048,0.0,0.0
8,8,0.0,0.0,0.0,0.0,0.0,0.0,0.0,0.0,0.98632795,0.013672048,0.0,0.0
8,8,0.0,0.0,0.0,0.0,0.0,0.0,0.0,0.0,0.98632795,0.013672048,0.0,0.0
8,8,0.0,0.0,0.0,0.0,0.0,0.0,0.0,0.0,0.98632795,0.013672048,0.0,0.0
8,8,0.0,0.0,0.0,0.0,0.0,0.0,0.0,0.0,0.98632795,0.013672048,0.0,0.0
8,8,0.0,0.0,0.0,0.0,0.0,0.0,0.0,0.0,0.98632795,0.013672048,0.0,0.0
8,8,0.0,0.0,0.0,0.0,0.0,0.0,0.0,0.0,0.98632795,0.013672048,0.0,0.0
8,8,0.0,0.0,0.0,0.0,0.0,0.0,0.0,0.0,0.98632795,0.013672048,0.0,0.0
8,8,0.0,0.0,0.0,0.0,0.0,0.0,0.0,0.0,0.98632795,0.013672048,0.0,0.0
8,8,0.0,0.0,0.0,0.0,0.0,0.0,0.0,0.0,0.98632795,0.013672048,0.0,0.0
8,8,0.0,0.0,0.0,0.0,0.0,0.0,0.0,0.0,0.98632795,0.013672048,0.0,0.0
8,8,0.0,0.0,0.0,0.0,0.0,0.0,0.0,0.0,0.98632795,0.013672048,0.0,0.0
8,8,0.0,0.0,0.0,0.0,0.0,0.0,0.0,0.0,0.98632795,0.013672048,0.0,0.0
8,8,0.0,0.0,0.0,0.0,0.0,0.0,0.0,0.0,0.98632795,0.013672048,0.0,0.0
8,8,0.0,0.0,0.0,0.0,0.0,0.0,0.0,0.0,0.98632795,0.013672048,0.0,0.0
8,8,0.0,0.0,0.0,0.0,0.0,0.0,0.0,0.0,0.98632795,0.013672048,0.0,0.0
8,8,0.0,0.0,0.0,0.0,0.0,0.0,0.0,0.0,0.98632795,0.013672048,0.0,0.0
8,8,0.0,0.0,0.0,0.0,0.0,0.0,0.0,0.0,0.98632795,0.013672048,0.0,0.0
8,8,0.0,0.0,0.0,0.0,0.0,0.0,0.0,0.0,0.98632795,0.013672048,0.0,0.0
8,8,0.0,0.0,0.0,0.0,0.0,0.0,0.0,0.0,0.98632795,0.013672048,0.0,0.0
8,8,0.0,0.0,0.0,0.0,0.0,0.0,0.0,0.0,0.98632795,0.013672048,0.0,0.0
8,8,0.0,0.0,0.0,0.0,0.0,0.0,0.0,0.0,0.98632795,0.013672048,0.0,0.0
8,8,0.0,0.0,0.0,0.0,0.0,0.0,0.0,0.0,0.98632795,0.013672048,0.0,0.0
8,8,0.0,0.0,0.0,0.0,0.0,0.0,0.0,0.0,0.98632795,0.013672048,0.0,0.0
8,8,0.0,0.0,0.0,0.0,0.0,0.0,0.0,0.0,0.98632795,0.013672048,0.0,0.0
8,8,0.0,0.0,0.0,0.0,0.0,0.0,0.0,0.0,0.98632795,0.013672048,0.0,0.0
8,8,0.0,0.0,0.0,0.0,0.0,0.0,0.0,0.0,0.98632795,0.013672048,0.0,0.0
8,8,0.0,0.0,0.0,0.0,0.0,0.0,0.0,0.0,0.98632795,0.013672048,0.0,0.0
8,8,0.0,0.0,0.0,0.0,0.0,0.0,0.0,0.0,0.98632795,0.013672048,0.0,0.0
8,8,0.0,0.0,0.0,0.0,0.0,0.0,0.0,0.0,0.98632795,0.013672048,0.0,0.0
8,8,0.0,0.0,0.0,0.0,0.0,0.0,0.0,0.0,0.98632795,0.013672048,0.0,0.0
8,8,0.0,0.0,0.0,0.0,0.0,0.0,0.0,0.0,0.98632795,0.013672048,0.0,0.0
8,8,0.0,0.0,0.0,0.0,0.0,0.0,0.0,0.0,0.98632795,0.013672048,0.0,0.0
8,8,0.0,0.0,0.0,0.0,0.0,0.0,0.0,0.0,0.98632795,0.013672048,0.0,0.0
8,8,0.0,0.0,0.0,0.0,0.0,0.0,0.0,0.0,0.98632795,0.013672048,0.0,0.0
8,8,0.0,0.0,0.0,0.0,0.0,0.0,0.0,0.0,0.98632795,0.013672048,0.0,0.0
8,8,0.0,0.0,0.0,0.0,0.0,0.0,0.0,0.0,0.98632795,0.013672048,0.0,0.0
8,8,0.0,0.0,0.0,0.0,0.0,0.0,0.0,0.0,0.98632795,0.013672048,0.0,0.0
8,8,0.0,0.0,0.0,0.0,0.0,0.0,0.0,0.0,0.98632795,0.013672048,0.0,0.0
8,8,0.0,0.0,0.0,0.0,0.0,0.0,0.0,0.0,0.98632795,0.013672048,0.0,0.0
8,8,0.0,0.0,0.0,0.0,0.0,0.0,0.0,0.0,0.98632795,0.013672048,0.0,0.0
8,8,0.0,0.0,0.0,0.0,0.0,0.0,0.0,0.0,0.98632795,0.013672048,0.0,0.0
8,8,0.0,0.0,0.0,0.0,0.0,0.0,0.0,0.0,0.98632795,0.013672048,0.0,0.0
8,8,0.0,0.0,0.0,0.0,0.0,0.0,0.0,0.0,0.98632795,0.013672048,0.0,0.0
8,8,0.0,0.0,0.0,0.0,0.0,0.0,0.0,0.0,0.98632795,0.013672048,0.0,0.0
8,8,0.0,0.0,0.0,0.0,0.0,0.0,0.0,0.0,0.98632795,0.013672048,0.0,0.0
8,8,0.0,0.0,0.0,0.0,0.0,0.0,0.0,0.0,0.98632795,0.013672048,0.0,0.0
8,8,0.0,0.0,0.0,0.0,0.0,0.0,0.0,0.0,0.98632795,0.013672048,0.0,0.0
8,8,0.0,0.0,0.0,0.0,0.0,0.0,0.0,0.0,0.98632795,0.013672048,0.0,0.0
8,8,0.0,0.0,0.0,0.0,0.0,0.0,0.0,0.0,0.98632795,0.013672048,0.0,0.0
8,8,0.0,0.0,0.0,0.0,0.0,0.0,0.0,0.0,0.98632795,0.013672048,0.0,0.0
8,8,0.0,0.0,0.0,0.0,0.0,0.0,0.0,0.0,0.98632795,0.013672048,0.0,0.0
8,8,0.0,0.0,0.0,0.0,0.0,0.0,0.0,0.0,0.98632795,0.013672048,0.0,0.0
8,8,0.0,0.0,0.0,0.0,0.0,0.0,0.0,0.0,0.98632795,0.013672048,0.0,0.0
8,8,0.0,0.0,0.0,0.0,0.0,0.0,0.0,0.0,0.98632795,0.013672048,0.0,0.0
8,8,0.0,0.0,0.0,0.0,0.0,0.0,0.0,0.0,0.98632795,0.013672048,0.0,0.0
8,8,0.0,0.0,0.0,0.0,0.0,0.0,0.0,0.0,0.98632795,0.013672048,0.0,0.0
8,8,0.0,0.0,0.0,0.0,0.0,0.0,0.0,0.0,0.98632795,0.013672048,0.0,0.0
8,8,0.0,0.0,0.0,0.0,0.0,0.0,0.0,0.0,0.98632795,0.013672048,0.0,0.0
8,8,0.0,0.0,0.0,0.0,0.0,0.0,0.0,0.0,0.98632795,0.013672048,0.0,0.0
8,8,0.0,0.0,0.0,0.0,0.0,0.0,0.0,0.0,0.98632795,0.013672048,0.0,0.0
8,8,0.0,0.0,0.0,0.0,0.0,0.0,0.0,0.0,0.98632795,0.013672048,0.0,0.0
8,8,0.0,0.0,0.0,0.0,0.0,0.0,0.0,0.0,0.98632795,0.013672048,0.0,0.0
8,8,0.0,0.0,0.0,0.0,0.0,0.0,0.0,0.0,0.98632795,0.013672048,0.0,0.0
8,8,0.0,0.0,0.0,0.0,0.0,0.0,0.0,0.0,0.98632795,0.013672048,0.0,0.0
8,8,0.0,0.0,0.0,0.0,0.0,0.0,0.0,0.0,0.98632795,0.013672048,0.0,0.0
8,8,0.0,0.0,0.0,0.0,0.0,0.0,0.0,0.0,0.98632795,0.013672048,0.0,0.0
8,8,0.0,0.0,0.0,0.0,0.0,0.0,0.0,0.0,0.98632795,0.013672048,0.0,0.0
8,8,0.0,0.0,0.0,0.0,0.0,0.0,0.0,0.0,0.98632795,0.013672048,0.0,0.0
8,8,0.0,0.0,0.0,0.0,0.0,0.0,0.0,0.0,0.98632795,0.013672048,0.0,0.0
8,8,0.0,0.0,0.0,0.0,0.0,0.0,0.0,0.0,0.98632795,0.013672048,0.0,0.0
8,8,0.0,0.0,0.0,0.0,0.0,0.0,0.0,0.0,0.98632795,0.013672048,0.0,0.0
8,8,0.0,0.0,0.0,0.0,0.0,0.0,0.0,0.0,0.98632795,0.013672048,0.0,0.0
8,8,0.0,0.0,0.0,0.0,0.0,0.0,0.0,0.0,0.98632795,0.013672048,0.0,0.0
8,8,0.0,0.0,0.0,0.0,0.0,0.0,0.0,0.0,0.98632795,0.013672048,0.0,0.0
8,8,0.0,0.0,0.0,0.0,0.0,0.0,0.0,0.0,0.98632795,0.013672048,0.0,0.0
8,8,0.0,0.0,0.0,0.0,0.0,0.0,0.0,0.0,0.98632795,0.013672048,0.0,0.0
8,8,0.0,0.0,0.0,0.0,0.0,0.0,0.0,0.0,0.98632795,0.013672048,0.0,0.0
8,8,0.0,0.0,0.0,0.0,0.0,0.0,0.0,0.0,0.98632795,0.013672048,0.0,0.0
8,8,0.0,0.0,0.0,0.0,0.0,0.0,0.0,0.0,0.98632795,0.013672048,0.0,0.0
8,8,0.0,0.0,0.0,0.0,0.0,0.0,0.0,0.0,0.98632795,0.013672048,0.0,0.0
8,8,0.0,0.0,0.0,0.0,0.0,0.0,0.0,0.0,0.98632795,0.013672048,0.0,0.0
8,8,0.0,0.0,0.0,0.0,0.0,0.0,0.0,0.0,0.98632795,0.013672048,0.0,0.0
8,8,0.0,0.0,0.0,0.0,0.0,0.0,0.0,0.0,0.98632795,0.013672048,0.0,0.0
8,8,0.0,0.0,0.0,0.0,0.0,0.0,0.0,0.0,0.98632795,0.013672048,0.0,0.0
8,8,0.0,0.0,0.0,0.0,0.0,0.0,0.0,0.0,0.98632795,0.013672048,0.0,0.0
8,8,0.0,0.0,0.0,0.0,0.0,0.0,0.0,0.0,0.98632795,0.013672048,0.0,0.0
8,8,0.0,0.0,0.0,0.0,0.0,0.0,0.0,0.0,0.98632795,0.013672048,0.0,0.0
8,8,0.0,0.0,0.0,0.0,0.0,0.0,0.0,0.0,0.98632795,0.013672048,0.0,0.0
8,8,0.0,0.0,0.0,0.0,0.0,0.0,0.0,0.0,0.98632795,0.013672048,0.0,0.0
8,8,0.0,0.0,0.0,0.0,0.0,0.0,0.0,0.0,0.98632795,0.013672048,0.0,0.0
8,8,0.0,0.0,0.0,0.0,0.0,0.0,0.0,0.0,0.98632795,0.013672048,0.0,0.0
8,8,0.0,0.0,0.0,0.0,0.0,0.0,0.0,0.0,0.98632795,0.013672048,0.0,0.0
8,8,0.0,0.0,0.0,0.0,0.0,0.0,0.0,0.0,0.98632795,0.013672048,0.0,0.0
8,8,0.0,0.0,0.0,0.0,0.0,0.0,0.0,0.0,0.98632795,0.013672048,0.0,0.0
8,8,0.0,0.0,0.0,0.0,0.0,0.0,0.0,0.0,0.98632795,0.013672048,0.0,0.0
8,8,0.0,0.0,0.0,0.0,0.0,0.0,0.0,0.0,0.98632795,0.013672048,0.0,0.0
8,8,0.0,0.0,0.0,0.0,0.0,0.0,0.0,0.0,0.98632795,0.013672048,0.0,0.0
8,8,0.0,0.0,0.0,0.0,0.0,0.0,0.0,0.0,0.98632795,0.013672048,0.0,0.0
8,8,0.0,0.0,0.0,0.0,0.0,0.0,0.0,0.0,0.98632795,0.013672048,0.0,0.0
8,8,0.0,0.0,0.0,0.0,0.0,0.0,0.0,0.0,0.98632795,0.013672048,0.0,0.0
8,8,0.0,0.0,0.0,0.0,0.0,0.0,0.0,0.0,0.98632795,0.013672048,0.0,0.0
8,8,0.0,0.0,0.0,0.0,0.0,0.0,0.0,0.0,0.98632795,0.013672048,0.0,0.0
8,8,0.0,0.0,0.0,0.0,0.0,0.0,0.0,0.0,0.98632795,0.013672048,0.0,0.0
8,8,0.0,0.0,0.0,0.0,0.0,0.0,0.0,0.0,0.98632795,0.013672048,0.0,0.0
8,8,0.0,0.0,0.0,0.0,0.0,0.0,0.0,0.0,0.98632795,0.013672048,0.0,0.0
8,8,0.0,0.0,0.0,0.0,0.0,0.0,0.0,0.0,0.98632795,0.013672048,0.0,0.0
8,8,0.0,0.0,0.0,0.0,0.0,0.0,0.0,0.0,0.98632795,0.013672048,0.0,0.0
8,8,0.0,0.0,0.0,0.0,0.0,0.0,0.0,0.0,0.98632795,0.013672048,0.0,0.0
8,8,0.0,0.0,0.0,0.0,0.0,0.0,0.0,0.0,0.98632795,0.013672048,0.0,0.0
8,8,0.0,0.0,0.0,0.0,0.0,0.0,0.0,0.0,0.98632795,0.013672048,0.0,0.0
8,8,0.0,0.0,0.0,0.0,0.0,0.0,0.0,0.0,0.98632795,0.013672048,0.0,0.0
8,8,0.0,0.0,0.0,0.0,0.0,0.0,0.0,0.0,0.98632795,0.013672048,0.0,0.0
8,8,0.0,0.0,0.0,0.0,0.0,0.0,0.0,0.0,0.98632795,0.013672048,0.0,0.0
8,8,0.0,0.0,0.0,0.0,0.0,0.0,0.0,0.0,0.98632795,0.013672048,0.0,0.0
8,8,0.0,0.0,0.0,0.0,0.0,0.0,0.0,0.0,0.98632795,0.013672048,0.0,0.0
8,8,0.0,0.0,0.0,0.0,0.0,0.0,0.0,0.0,0.98632795,0.013672048,0.0,0.0
8,8,0.0,0.0,0.0,0.0,0.0,0.0,0.0,0.0,0.98632795,0.013672048,0.0,0.0
8,8,0.0,0.0,0.0,0.0,0.0,0.0,0.0,0.0,0.98632795,0.013672048,0.0,0.0
8,8,0.0,0.0,0.0,0.0,0.0,0.0,0.0,0.0,0.98632795,0.013672048,0.0,0.0
8,8,0.0,0.0,0.0,0.0,0.0,0.0,0.0,0.0,0.98632795,0.013672048,0.0,0.0
8,8,0.0,0.0,0.0,0.0,0.0,0.0,0.0,0.0,0.98632795,0.013672048,0.0,0.0
8,8,0.0,0.0,0.0,0.0,0.0,0.0,0.0,0.0,0.98632795,0.013672048,0.0,0.0
8,8,0.0,0.0,0.0,0.0,0.0,0.0,0.0,0.0,0.98632795,0.013672048,0.0,0.0
8,8,0.0,0.0,0.0,0.0,0.0,0.0,0.0,0.0,0.98632795,0.013672048,0.0,0.0
8,8,0.0,0.0,0.0,0.0,0.0,0.0,0.0,0.0,0.98632795,0.013672048,0.0,0.0
8,8,0.0,0.0,0.0,0.0,0.0,0.0,0.0,0.0,0.98632795,0.013672048,0.0,0.0
8,8,0.0,0.0,0.0,0.0,0.0,0.0,0.0,0.0,0.98632795,0.013672048,0.0,0.0
8,8,0.0,0.0,0.0,0.0,0.0,0.0,0.0,0.0,0.98632795,0.013672048,0.0,0.0
8,8,0.0,0.0,0.0,0.0,0.0,0.0,0.0,0.0,0.98632795,0.013672048,0.0,0.0
8,8,0.0,0.0,0.0,0.0,0.0,0.0,0.0,0.0,0.98632795,0.013672048,0.0,0.0
8,8,0.0,0.0,0.0,0.0,0.0,0.0,0.0,0.0,0.98632795,0.013672048,0.0,0.0
8,8,0.0,0.0,0.0,0.0,0.0,0.0,0.0,0.0,0.98632795,0.013672048,0.0,0.0
8,8,0.0,0.0,0.0,0.0,0.0,0.0,0.0,0.0,0.98632795,0.013672048,0.0,0.0
8,8,0.0,0.0,0.0,0.0,0.0,0.0,0.0,0.0,0.98632795,0.013672048,0.0,0.0
8,8,0.0,0.0,0.0,0.0,0.0,0.0,0.0,0.0,0.98632795,0.013672048,0.0,0.0
8,8,0.0,0.0,0.0,0.0,0.0,0.0,0.0,0.0,0.98632795,0.013672048,0.0,0.0
8,8,0.0,0.0,0.0,0.0,0.0,0.0,0.0,0.0,0.98632795,0.013672048,0.0,0.0
8,8,0.0,0.0,0.0,0.0,0.0,0.0,0.0,0.0,0.98632795,0.013672048,0.0,0.0
8,8,0.0,0.0,0.0,0.0,0.0,0.0,0.0,0.0,0.98632795,0.013672048,0.0,0.0
8,8,0.0,0.0,0.0,0.0,0.0,0.0,0.0,0.0,0.98632795,0.013672048,0.0,0.0
8,8,0.0,0.0,0.0,0.0,0.0,0.0,0.0,0.0,0.98632795,0.013672048,0.0,0.0
8,8,0.0,0.0,0.0,0.0,0.0,0.0,0.0,0.0,0.98632795,0.013672048,0.0,0.0
8,8,0.0,0.0,0.0,0.0,0.0,0.0,0.0,0.0,0.98632795,0.013672048,0.0,0.0
8,8,0.0,0.0,0.0,0.0,0.0,0.0,0.0,0.0,0.98632795,0.013672048,0.0,0.0
8,8,0.0,0.0,0.0,0.0,0.0,0.0,0.0,0.0,0.98632795,0.013672048,0.0,0.0
8,8,0.0,0.0,0.0,0.0,0.0,0.0,0.0,0.0,0.98632795,0.013672048,0.0,0.0
8,8,0.0,0.0,0.0,0.0,0.0,0.0,0.0,0.0,0.98632795,0.013672048,0.0,0.0
8,8,0.0,0.0,0.0,0.0,0.0,0.0,0.0,0.0,0.98632795,0.013672048,0.0,0.0
8,8,0.0,0.0,0.0,0.0,0.0,0.0,0.0,0.0,0.98632795,0.013672048,0.0,0.0
8,8,0.0,0.0,0.0,0.0,0.0,0.0,0.0,0.0,0.98632795,0.013672048,0.0,0.0
8,8,0.0,0.0,0.0,0.0,0.0,0.0,0.0,0.0,0.98632795,0.013672048,0.0,0.0
8,8,0.0,0.0,0.0,0.0,0.0,0.0,0.0,0.0,0.98632795,0.013672048,0.0,0.0
8,8,0.0,0.0,0.0,0.0,0.0,0.0,0.0,0.0,0.98632795,0.013672048,0.0,0.0
8,8,0.0,0.0,0.0,0.0,0.0,0.0,0.0,0.0,0.98632795,0.013672048,0.0,0.0
8,8,0.0,0.0,0.0,0.0,0.0,0.0,0.0,0.0,0.98632795,0.013672048,0.0,0.0
8,8,0.0,0.0,0.0,0.0,0.0,0.0,0.0,0.0,0.98632795,0.013672048,0.0,0.0
8,8,0.0,0.0,0.0,0.0,0.0,0.0,0.0,0.0,0.98632795,0.013672048,0.0,0.0
8,8,0.0,0.0,0.0,0.0,0.0,0.0,0.0,0.0,0.98632795,0.013672048,0.0,0.0
8,8,0.0,0.0,0.0,0.0,0.0,0.0,0.0,0.0,0.98632795,0.013672048,0.0,0.0
8,8,0.0,0.0,0.0,0.0,0.0,0.0,0.0,0.0,0.98632795,0.013672048,0.0,0.0
8,8,0.0,0.0,0.0,0.0,0.0,0.0,0.0,0.0,0.98632795,0.013672048,0.0,0.0
8,8,0.0,0.0,0.0,0.0,0.0,0.0,0.0,0.0,0.98632795,0.013672048,0.0,0.0
8,8,0.0,0.0,0.0,0.0,0.0,0.0,0.0,0.0,0.98632795,0.013672048,0.0,0.0
8,8,0.0,0.0,0.0,0.0,0.0,0.0,0.0,0.0,0.98632795,0.013672048,0.0,0.0
8,8,0.0,0.0,0.0,0.0,0.0,0.0,0.0,0.0,0.98632795,0.013672048,0.0,0.0
8,8,0.0,0.0,0.0,0.0,0.0,0.0,0.0,0.0,0.98632795,0.013672048,0.0,0.0
8,8,0.0,0.0,0.0,0.0,0.0,0.0,0.0,0.0,0.98632795,0.013672048,0.0,0.0
8,8,0.0,0.0,0.0,0.0,0.0,0.0,0.0,0.0,0.98632795,0.013672048,0.0,0.0
8,8,0.0,0.0,0.0,0.0,0.0,0.0,0.0,0.0,0.98632795,0.013672048,0.0,0.0
8,8,0.0,0.0,0.0,0.0,0.0,0.0,0.0,0.0,0.98632795,0.013672048,0.0,0.0
8,8,0.0,0.0,0.0,0.0,0.0,0.0,0.0,0.0,0.98632795,0.013672048,0.0,0.0
8,8,0.0,0.0,0.0,0.0,0.0,0.0,0.0,0.0,0.98632795,0.013672048,0.0,0.0
8,8,0.0,0.0,0.0,0.0,0.0,0.0,0.0,0.0,0.98632795,0.013672048,0.0,0.0
8,8,0.0,0.0,0.0,0.0,0.0,0.0,0.0,0.0,0.98632795,0.013672048,0.0,0.0
8,8,0.0,0.0,0.0,0.0,0.0,0.0,0.0,0.0,0.98632795,0.013672048,0.0,0.0
8,8,0.0,0.0,0.0,0.0,0.0,0.0,0.0,0.0,0.98632795,0.013672048,0.0,0.0
8,8,0.0,0.0,0.0,0.0,0.0,0.0,0.0,0.0,0.98632795,0.013672048,0.0,0.0
8,8,0.0,0.0,0.0,0.0,0.0,0.0,0.0,0.0,0.98632795,0.013672048,0.0,0.0
8,8,0.0,0.0,0.0,0.0,0.0,0.0,0.0,0.0,0.98632795,0.013672048,0.0,0.0
8,8,0.0,0.0,0.0,0.0,0.0,0.0,0.0,0.0,0.98632795,0.013672048,0.0,0.0
8,8,0.0,0.0,0.0,0.0,0.0,0.0,0.0,0.0,0.98632795,0.013672048,0.0,0.0
8,8,0.0,0.0,0.0,0.0,0.0,0.0,0.0,0.0,0.98632795,0.013672048,0.0,0.0
8,8,0.0,0.0,0.0,0.0,0.0,0.0,0.0,0.0,0.98632795,0.013672048,0.0,0.0
8,8,0.0,0.0,0.0,0.0,0.0,0.0,0.0,0.0,0.98632795,0.013672048,0.0,0.0
8,8,0.0,0.0,0.0,0.0,0.0,0.0,0.0,0.0,0.98632795,0.013672048,0.0,0.0
8,8,0.0,0.0,0.0,0.0,0.0,0.0,0.0,0.0,0.98632795,0.013672048,0.0,0.0
8,8,0.0,0.0,0.0,0.0,0.0,0.0,0.0,0.0,0.98632795,0.013672048,0.0,0.0
8,8,0.0,0.0,0.0,0.0,0.0,0.0,0.0,0.0,0.98632795,0.013672048,0.0,0.0
8,8,0.0,0.0,0.0,0.0,0.0,0.0,0.0,0.0,0.98632795,0.013672048,0.0,0.0
8,8,0.0,0.0,0.0,0.0,0.0,0.0,0.0,0.0,0.98632795,0.013672048,0.0,0.0
8,8,0.0,0.0,0.0,0.0,0.0,0.0,0.0,0.0,0.98632795,0.013672048,0.0,0.0
8,8,0.0,0.0,0.0,0.0,0.0,0.0,0.0,0.0,0.98632795,0.013672048,0.0,0.0
8,8,0.0,0.0,0.0,0.0,0.0,0.0,0.0,0.0,0.98632795,0.013672048,0.0,0.0
8,8,0.0,0.0,0.0,0.0,0.0,0.0,0.0,0.0,0.98632795,0.013672048,0.0,0.0
8,8,0.0,0.0,0.0,0.0,0.0,0.0,0.0,0.0,0.98632795,0.013672048,0.0,0.0
8,8,0.0,0.0,0.0,0.0,0.0,0.0,0.0,0.0,0.98632795,0.013672048,0.0,0.0
8,8,0.0,0.0,0.0,0.0,0.0,0.0,0.0,0.0,0.98632795,0.013672048,0.0,0.0
8,8,0.0,0.0,0.0,0.0,0.0,0.0,0.0,0.0,0.98632795,0.013672048,0.0,0.0
8,8,0.0,0.0,0.0,0.0,0.0,0.0,0.0,0.0,0.98632795,0.013672048,0.0,0.0
8,8,0.0,0.0,0.0,0.0,0.0,0.0,0.0,0.0,0.98632795,0.013672048,0.0,0.0
8,8,0.0,0.0,0.0,0.0,0.0,0.0,0.0,0.0,0.98632795,0.013672048,0.0,0.0
8,8,0.0,0.0,0.0,0.0,0.0,0.0,0.0,0.0,0.98632795,0.013672048,0.0,0.0
8,8,0.0,0.0,0.0,0.0,0.0,0.0,0.0,0.0,0.98632795,0.013672048,0.0,0.0
8,8,0.0,0.0,0.0,0.0,0.0,0.0,0.0,0.0,0.98632795,0.013672048,0.0,0.0
8,8,0.0,0.0,0.0,0.0,0.0,0.0,0.0,0.0,0.98632795,0.013672048,0.0,0.0
8,8,0.0,0.0,0.0,0.0,0.0,0.0,0.0,0.0,0.98632795,0.013672048,0.0,0.0
8,8,0.0,0.0,0.0,0.0,0.0,0.0,0.0,0.0,0.98632795,0.013672048,0.0,0.0
8,8,0.0,0.0,0.0,0.0,0.0,0.0,0.0,0.0,0.98632795,0.013672048,0.0,0.0
8,8,0.0,0.0,0.0,0.0,0.0,0.0,0.0,0.0,0.98632795,0.013672048,0.0,0.0
8,8,0.0,0.0,0.0,0.0,0.0,0.0,0.0,0.0,0.98632795,0.013672048,0.0,0.0
8,8,0.0,0.0,0.0,0.0,0.0,0.0,0.0,0.0,0.98632795,0.013672048,0.0,0.0
8,8,0.0,0.0,0.0,0.0,0.0,0.0,0.0,0.0,0.98632795,0.013672048,0.0,0.0
8,8,0.0,0.0,0.0,0.0,0.0,0.0,0.0,0.0,0.98632795,0.013672048,0.0,0.0
8,8,0.0,0.0,0.0,0.0,0.0,0.0,0.0,0.0,0.98632795,0.013672048,0.0,0.0
8,8,0.0,0.0,0.0,0.0,0.0,0.0,0.0,0.0,0.98632795,0.013672048,0.0,0.0
8,8,0.0,0.0,0.0,0.0,0.0,0.0,0.0,0.0,0.98632795,0.013672048,0.0,0.0
8,8,0.0,0.0,0.0,0.0,0.0,0.0,0.0,0.0,0.98632795,0.013672048,0.0,0.0
8,8,0.0,0.0,0.0,0.0,0.0,0.0,0.0,0.0,0.98632795,0.013672048,0.0,0.0
8,8,0.0,0.0,0.0,0.0,0.0,0.0,0.0,0.0,0.98632795,0.013672048,0.0,0.0
8,8,0.0,0.0,0.0,0.0,0.0,0.0,0.0,0.0,0.98632795,0.013672048,0.0,0.0
8,8,0.0,0.0,0.0,0.0,0.0,0.0,0.0,0.0,0.98632795,0.013672048,0.0,0.0
8,8,0.0,0.0,0.0,0.0,0.0,0.0,0.0,0.0,0.98632795,0.013672048,0.0,0.0
8,8,0.0,0.0,0.0,0.0,0.0,0.0,0.0,0.0,0.98632795,0.013672048,0.0,0.0
8,8,0.0,0.0,0.0,0.0,0.0,0.0,0.0,0.0,0.98632795,0.013672048,0.0,0.0
8,8,0.0,0.0,0.0,0.0,0.0,0.0,0.0,0.0,0.98632795,0.013672048,0.0,0.0
8,8,0.0,0.0,0.0,0.0,0.0,0.0,0.0,0.0,0.98632795,0.013672048,0.0,0.0
8,8,0.0,0.0,0.0,0.0,0.0,0.0,0.0,0.0,0.98632795,0.013672048,0.0,0.0
8,8,0.0,0.0,0.0,0.0,0.0,0.0,0.0,0.0,0.98632795,0.013672048,0.0,0.0
8,8,0.0,0.0,0.0,0.0,0.0,0.0,0.0,0.0,0.98632795,0.013672048,0.0,0.0
8,8,0.0,0.0,0.0,0.0,0.0,0.0,0.0,0.0,0.98632795,0.013672048,0.0,0.0
8,8,0.0,0.0,0.0,0.0,0.0,0.0,0.0,0.0,0.98632795,0.013672048,0.0,0.0
8,8,0.0,0.0,0.0,0.0,0.0,0.0,0.0,0.0,0.98632795,0.013672048,0.0,0.0
8,8,0.0,0.0,0.0,0.0,0.0,0.0,0.0,0.0,0.98632795,0.013672048,0.0,0.0
8,8,0.0,0.0,0.0,0.0,0.0,0.0,0.0,0.0,0.98632795,0.013672048,0.0,0.0
8,8,0.0,0.0,0.0,0.0,0.0,0.0,0.0,0.0,0.98632795,0.013672048,0.0,0.0
8,8,0.0,0.0,0.0,0.0,0.0,0.0,0.0,0.0,0.98632795,0.013672048,0.0,0.0
8,8,0.0,0.0,0.0,0.0,0.0,0.0,0.0,0.0,0.98632795,0.013672048,0.0,0.0
8,8,0.0,0.0,0.0,0.0,0.0,0.0,0.0,0.0,0.98632795,0.013672048,0.0,0.0
8,8,0.0,0.0,0.0,0.0,0.0,0.0,0.0,0.0,0.98632795,0.013672048,0.0,0.0
8,8,0.0,0.0,0.0,0.0,0.0,0.0,0.0,0.0,0.98632795,0.013672048,0.0,0.0
8,8,0.0,0.0,0.0,0.0,0.0,0.0,0.0,0.0,0.98632795,0.013672048,0.0,0.0
8,8,0.0,0.0,0.0,0.0,0.0,0.0,0.0,0.0,0.98632795,0.013672048,0.0,0.0
8,8,0.0,0.0,0.0,0.0,0.0,0.0,0.0,0.0,0.98632795,0.013672048,0.0,0.0
8,8,0.0,0.0,0.0,0.0,0.0,0.0,0.0,0.0,0.98632795,0.013672048,0.0,0.0
8,8,0.0,0.0,0.0,0.0,0.0,0.0,0.0,0.0,0.98632795,0.013672048,0.0,0.0
8,8,0.0,0.0,0.0,0.0,0.0,0.0,0.0,0.0,0.98632795,0.013672048,0.0,0.0
8,8,0.0,0.0,0.0,0.0,0.0,0.0,0.0,0.0,0.98632795,0.013672048,0.0,0.0
8,8,0.0,0.0,0.0,0.0,0.0,0.0,0.0,0.0,0.98632795,0.013672048,0.0,0.0
8,8,0.0,0.0,0.0,0.0,0.0,0.0,0.0,0.0,0.98632795,0.013672048,0.0,0.0
8,8,0.0,0.0,0.0,0.0,0.0,0.0,0.0,0.0,0.98632795,0.013672048,0.0,0.0
8,8,0.0,0.0,0.0,0.0,0.0,0.0,0.0,0.0,0.98632795,0.013672048,0.0,0.0
8,8,0.0,0.0,0.0,0.0,0.0,0.0,0.0,0.0,0.98632795,0.013672048,0.0,0.0
8,8,0.0,0.0,0.0,0.0,0.0,0.0,0.0,0.0,0.98632795,0.013672048,0.0,0.0
8,8,0.0,0.0,0.0,0.0,0.0,0.0,0.0,0.0,0.98632795,0.013672048,0.0,0.0
8,8,0.0,0.0,0.0,0.0,0.0,0.0,0.0,0.0,0.98632795,0.013672048,0.0,0.0
8,8,0.0,0.0,0.0,0.0,0.0,0.0,0.0,0.0,0.98632795,0.013672048,0.0,0.0
8,8,0.0,0.0,0.0,0.0,0.0,0.0,0.0,0.0,0.98632795,0.013672048,0.0,0.0
8,8,0.0,0.0,0.0,0.0,0.0,0.0,0.0,0.0,0.98632795,0.013672048,0.0,0.0
8,8,0.0,0.0,0.0,0.0,0.0,0.0,0.0,0.0,0.98632795,0.013672048,0.0,0.0
8,8,0.0,0.0,0.0,0.0,0.0,0.0,0.0,0.0,0.98632795,0.013672048,0.0,0.0
8,8,0.0,0.0,0.0,0.0,0.0,0.0,0.0,0.0,0.98632795,0.013672048,0.0,0.0
8,8,0.0,0.0,0.0,0.0,0.0,0.0,0.0,0.0,0.98632795,0.013672048,0.0,0.0
8,8,0.0,0.0,0.0,0.0,0.0,0.0,0.0,0.0,0.98632795,0.013672048,0.0,0.0
8,8,0.0,0.0,0.0,0.0,0.0,0.0,0.0,0.0,0.98632795,0.013672048,0.0,0.0
8,8,0.0,0.0,0.0,0.0,0.0,0.0,0.0,0.0,0.98632795,0.013672048,0.0,0.0
8,8,0.0,0.0,0.0,0.0,0.0,0.0,0.0,0.0,0.98632795,0.013672048,0.0,0.0
8,8,0.0,0.0,0.0,0.0,0.0,0.0,0.0,0.0,0.98632795,0.013672048,0.0,0.0
8,8,0.0,0.0,0.0,0.0,0.0,0.0,0.0,0.0,0.98632795,0.013672048,0.0,0.0
8,8,0.0,0.0,0.0,0.0,0.0,0.0,0.0,0.0,0.98632795,0.013672048,0.0,0.0
8,8,0.0,0.0,0.0,0.0,0.0,0.0,0.0,0.0,0.98632795,0.013672048,0.0,0.0
8,8,0.0,0.0,0.0,0.0,0.0,0.0,0.0,0.0,0.98632795,0.013672048,0.0,0.0
8,8,0.0,0.0,0.0,0.0,0.0,0.0,0.0,0.0,0.98632795,0.013672048,0.0,0.0
8,8,0.0,0.0,0.0,0.0,0.0,0.0,0.0,0.0,0.98632795,0.013672048,0.0,0.0
8,8,0.0,0.0,0.0,0.0,0.0,0.0,0.0,0.0,0.98632795,0.013672048,0.0,0.0
8,8,0.0,0.0,0.0,0.0,0.0,0.0,0.0,0.0,0.98632795,0.013672048,0.0,0.0
8,8,0.0,0.0,0.0,0.0,0.0,0.0,0.0,0.0,0.98632795,0.013672048,0.0,0.0
8,8,0.0,0.0,0.0,0.0,0.0,0.0,0.0,0.0,0.98632795,0.013672048,0.0,0.0
8,8,0.0,0.0,0.0,0.0,0.0,0.0,0.0,0.0,0.98632795,0.013672048,0.0,0.0
8,8,0.0,0.0,0.0,0.0,0.0,0.0,0.0,0.0,0.98632795,0.013672048,0.0,0.0
8,8,0.0,0.0,0.0,0.0,0.0,0.0,0.0,0.0,0.98632795,0.013672048,0.0,0.0
8,8,0.0,0.0,0.0,0.0,0.0,0.0,0.0,0.0,0.98632795,0.013672048,0.0,0.0
8,8,0.0,0.0,0.0,0.0,0.0,0.0,0.0,0.0,0.98632795,0.013672048,0.0,0.0
8,8,0.0,0.0,0.0,0.0,0.0,0.0,0.0,0.0,0.98632795,0.013672048,0.0,0.0
8,8,0.0,0.0,0.0,0.0,0.0,0.0,0.0,0.0,0.98632795,0.013672048,0.0,0.0
8,8,0.0,0.0,0.0,0.0,0.0,0.0,0.0,0.0,0.98632795,0.013672048,0.0,0.0
8,8,0.0,0.0,0.0,0.0,0.0,0.0,0.0,0.0,0.98632795,0.013672048,0.0,0.0
8,8,0.0,0.0,0.0,0.0,0.0,0.0,0.0,0.0,0.98632795,0.013672048,0.0,0.0
8,8,0.0,0.0,0.0,0.0,0.0,0.0,0.0,0.0,0.98632795,0.013672048,0.0,0.0
8,8,0.0,0.0,0.0,0.0,0.0,0.0,0.0,0.0,0.98632795,0.013672048,0.0,0.0
8,8,0.0,0.0,0.0,0.0,0.0,0.0,0.0,0.0,0.98632795,0.013672048,0.0,0.0
8,8,0.0,0.0,0.0,0.0,0.0,0.0,0.0,0.0,0.98632795,0.013672048,0.0,0.0
8,8,0.0,0.0,0.0,0.0,0.0,0.0,0.0,0.0,0.98632795,0.013672048,0.0,0.0
8,8,0.0,0.0,0.0,0.0,0.0,0.0,0.0,0.0,0.98632795,0.013672048,0.0,0.0
8,8,0.0,0.0,0.0,0.0,0.0,0.0,0.0,0.0,1.0,0.0,0.0,0.0
8,8,0.0,0.0,0.0,0.0,0.0,0.0,0.0,0.0,1.0,0.0,0.0,0.0
8,8,0.0,0.0,0.0,0.0,0.0,0.0,0.0,0.0,1.0,0.0,0.0,0.0
8,8,0.0,0.0,0.0,0.0,0.0,0.0,0.0,0.0,1.0,0.0,0.0,0.0
8,8,0.0,0.0,0.0,0.0,0.0,0.0,0.0,0.0,1.0,0.0,0.0,0.0
8,8,0.0,0.0,0.0,0.0,0.0,0.0,0.0,0.0,1.0,0.0,0.0,0.0
8,8,0.0,0.0,0.0,0.0,0.0,0.0,0.0,0.0,1.0,0.0,0.0,0.0
8,8,0.0,0.0,0.0,0.0,0.0,0.0,0.0,0.0,1.0,0.0,0.0,0.0
8,8,0.0,0.0,0.0,0.0,0.0,0.0,0.0,0.0,1.0,0.0,0.0,0.0
8,8,0.0,0.0,0.0,0.0,0.0,0.0,0.0,0.0,1.0,0.0,0.0,0.0
8,8,0.0,0.0,0.0,0.0,0.0,0.0,0.0,0.0,1.0,0.0,0.0,0.0
8,8,0.0,0.0,0.0,0.0,0.0,0.0,0.0,0.0,1.0,0.0,0.0,0.0
8,8,0.0,0.0,0.0,0.0,0.0,0.0,0.0,0.0,1.0,0.0,0.0,0.0
8,8,0.0,0.0,0.0,0.0,0.0,0.0,0.0,0.0,1.0,0.0,0.0,0.0
8,8,0.0,0.0,0.0,0.0,0.0,0.0,0.0,0.0,1.0,0.0,0.0,0.0
8,8,0.0,0.0,0.0,0.0,0.0,0.0,0.0,0.0,1.0,0.0,0.0,0.0
8,8,0.0,0.0,0.0,0.0,0.0,0.0,0.0,0.0,1.0,0.0,0.0,0.0
8,8,0.0,0.0,0.0,0.0,0.0,0.0,0.0,0.0,1.0,0.0,0.0,0.0
8,8,0.0,0.0,0.0,0.0,0.0,0.0,0.0,0.0,1.0,0.0,0.0,0.0
8,8,0.0,0.0,0.0,0.0,0.0,0.0,0.0,0.0,1.0,0.0,0.0,0.0
8,8,0.0,0.0,0.0,0.0,0.0,0.0,0.0,0.0,1.0,0.0,0.0,0.0
8,8,0.0,0.0,0.0,0.0,0.0,0.0,0.0,0.0,1.0,0.0,0.0,0.0
8,8,0.0,0.0,0.0,0.0,0.0,0.0,0.0,0.0,1.0,0.0,0.0,0.0
8,8,0.0,0.0,0.0,0.0,0.0,0.0,0.0,0.0,1.0,0.0,0.0,0.0
8,8,0.0,0.0,0.0,0.0,0.0,0.0,0.0,0.0,1.0,0.0,0.0,0.0
8,8,0.0,0.0,0.0,0.0,0.0,0.0,0.0,0.0,1.0,0.0,0.0,0.0
8,8,0.0,0.0,0.0,0.0,0.0,0.0,0.0,0.0,1.0,0.0,0.0,0.0
8,8,0.0,0.0,0.0,0.0,0.0,0.0,0.0,0.0,1.0,0.0,0.0,0.0
8,8,0.0,0.0,0.0,0.0,0.0,0.0,0.0,0.0,1.0,0.0,0.0,0.0
8,8,0.0,0.0,0.0,0.0,0.0,0.0,0.0,0.0,1.0,0.0,0.0,0.0
8,8,0.0,0.0,0.0,0.0,0.0,0.0,0.0,0.0,1.0,0.0,0.0,0.0
8,8,0.0,0.0,0.0,0.0,0.0,0.0,0.0,0.0,1.0,0.0,0.0,0.0
8,8,0.0,0.0,0.0,0.0,0.0,0.0,0.0,0.0,1.0,0.0,0.0,0.0
8,8,0.0,0.0,0.0,0.0,0.0,0.0,0.0,0.0,1.0,0.0,0.0,0.0
8,8,0.0,0.0,0.0,0.0,0.0,0.0,0.0,0.0,1.0,0.0,0.0,0.0
8,8,0.0,0.0,0.0,0.0,0.0,0.0,0.0,0.0,1.0,0.0,0.0,0.0
8,8,0.0,0.0,0.0,0.0,0.0,0.0,0.0,0.0,1.0,0.0,0.0,0.0
8,8,0.0,0.0,0.0,0.0,0.0,0.0,0.0,0.0,1.0,0.0,0.0,0.0
8,8,0.0,0.0,0.0,0.0,0.0,0.0,0.0,0.0,1.0,0.0,0.0,0.0
8,8,0.0,0.0,0.0,0.0,0.0,0.0,0.0,0.0,1.0,0.0,0.0,0.0
8,8,0.0,0.0,0.0,0.0,0.0,0.0,0.0,0.0,1.0,0.0,0.0,0.0
8,8,0.0,0.0,0.0,0.0,0.0,0.0,0.0,0.0,1.0,0.0,0.0,0.0
8,8,0.0,0.0,0.0,0.0,0.0,0.0,0.0,0.0,1.0,0.0,0.0,0.0
8,8,0.0,0.0,0.0,0.0,0.0,0.0,0.0,0.0,1.0,0.0,0.0,0.0
8,8,0.0,0.0,0.0,0.0,0.0,0.0,0.0,0.0,1.0,0.0,0.0,0.0
8,8,0.0,0.0,0.0,0.0,0.0,0.0,0.0,0.0,1.0,0.0,0.0,0.0
8,8,0.0,0.0,0.0,0.0,0.0,0.0,0.0,0.0,1.0,0.0,0.0,0.0
8,8,0.0,0.0,0.0,0.0,0.0,0.0,0.0,0.0,1.0,0.0,0.0,0.0
8,8,0.0,0.0,0.0,0.0,0.0,0.0,0.0,0.0,1.0,0.0,0.0,0.0
8,8,0.0,0.0,0.0,0.0,0.0,0.0,0.0,0.0,1.0,0.0,0.0,0.0
8,8,0.0,0.0,0.0,0.0,0.0,0.0,0.0,0.0,1.0,0.0,0.0,0.0
8,8,0.0,0.0,0.0,0.0,0.0,0.0,0.0,0.0,1.0,0.0,0.0,0.0
8,8,0.0,0.0,0.0,0.0,0.0,0.0,0.0,0.0,1.0,0.0,0.0,0.0
8,8,0.0,0.0,0.0,0.0,0.0,0.0,0.0,0.0,1.0,0.0,0.0,0.0
8,8,0.0,0.0,0.0,0.0,0.0,0.0,0.0,0.0,1.0,0.0,0.0,0.0
8,8,0.0,0.0,0.0,0.0,0.0,0.0,0.0,0.0,1.0,0.0,0.0,0.0
8,8,0.0,0.0,0.0,0.0,0.0,0.0,0.0,0.0,1.0,0.0,0.0,0.0
8,8,0.0,0.0,0.0,0.0,0.0,0.0,0.0,0.0,1.0,0.0,0.0,0.0
8,8,0.0,0.0,0.0,0.0,0.0,0.0,0.0,0.0,1.0,0.0,0.0,0.0
8,8,0.0,0.0,0.0,0.0,0.0,0.0,0.0,0.0,1.0,0.0,0.0,0.0
8,8,0.0,0.0,0.0,0.0,0.0,0.0,0.0,0.0,1.0,0.0,0.0,0.0
8,8,0.0,0.0,0.0,0.0,0.0,0.0,0.0,0.0,1.0,0.0,0.0,0.0
8,8,0.0,0.0,0.0,0.0,0.0,0.0,0.0,0.0,1.0,0.0,0.0,0.0
8,8,0.0,0.0,0.0,0.0,0.0,0.0,0.0,0.0,1.0,0.0,0.0,0.0
8,8,0.0,0.0,0.0,0.0,0.0,0.0,0.0,0.0,1.0,0.0,0.0,0.0
8,8,0.0,0.0,0.0,0.0,0.0,0.0,0.0,0.0,1.0,0.0,0.0,0.0
8,8,0.0,0.0,0.0,0.0,0.0,0.0,0.0,0.0,1.0,0.0,0.0,0.0
8,8,0.0,0.0,0.0,0.0,0.0,0.0,0.0,0.0,1.0,0.0,0.0,0.0
8,8,0.0,0.0,0.0,0.0,0.0,0.0,0.0,0.0,1.0,0.0,0.0,0.0
8,8,0.0,0.0,0.0,0.0,0.0,0.0,0.0,0.0,1.0,0.0,0.0,0.0
8,8,0.0,0.0,0.0,0.0,0.0,0.0,0.0,0.0,1.0,0.0,0.0,0.0
8,8,0.0,0.0,0.0,0.0,0.0,0.0,0.0,0.0,1.0,0.0,0.0,0.0
8,8,0.0,0.0,0.0,0.0,0.0,0.0,0.0,0.0,1.0,0.0,0.0,0.0
8,8,0.0,0.0,0.0,0.0,0.0,0.0,0.0,0.0,1.0,0.0,0.0,0.0
8,8,0.0,0.0,0.0,0.0,0.0,0.0,0.0,0.0,1.0,0.0,0.0,0.0
8,8,0.0,0.0,0.0,0.0,0.0,0.0,0.0,0.0,1.0,0.0,0.0,0.0
8,8,0.0,0.0,0.0,0.0,0.0,0.0,0.0,0.0,1.0,0.0,0.0,0.0
8,8,0.0,0.0,0.0,0.0,0.0,0.0,0.0,0.0,1.0,0.0,0.0,0.0
8,8,0.0,0.0,0.0,0.0,0.0,0.0,0.0,0.0,1.0,0.0,0.0,0.0
8,8,0.0,0.0,0.0,0.0,0.0,0.0,0.0,0.0,1.0,0.0,0.0,0.0
8,8,0.0,0.0,0.0,0.0,0.0,0.0,0.0,0.0,1.0,0.0,0.0,0.0
8,8,0.0,0.0,0.0,0.0,0.0,0.0,0.0,0.0,1.0,0.0,0.0,0.0
8,8,0.0,0.0,0.0,0.0,0.0,0.0,0.0,0.0,1.0,0.0,0.0,0.0
8,8,0.0,0.0,0.0,0.0,0.0,0.0,0.0,0.0,1.0,0.0,0.0,0.0
8,8,0.0,0.0,0.0,0.0,0.0,0.0,0.0,0.0,1.0,0.0,0.0,0.0
8,8,0.0,0.0,0.0,0.0,0.0,0.0,0.0,0.0,1.0,0.0,0.0,0.0
8,8,0.0,0.0,0.0,0.0,0.0,0.0,0.0,0.0,1.0,0.0,0.0,0.0
8,8,0.0,0.0,0.0,0.0,0.0,0.0,0.0,0.0,1.0,0.0,0.0,0.0
8,8,0.0,0.0,0.0,0.0,0.0,0.0,0.0,0.0,1.0,0.0,0.0,0.0
8,8,0.0,0.0,0.0,0.0,0.0,0.0,0.0,0.0,1.0,0.0,0.0,0.0
8,8,0.0,0.0,0.0,0.0,0.0,0.0,0.0,0.0,1.0,0.0,0.0,0.0
8,8,0.0,0.0,0.0,0.0,0.0,0.0,0.0,0.0,1.0,0.0,0.0,0.0
8,8,0.0,0.0,0.0,0.0,0.0,0.0,0.0,0.0,1.0,0.0,0.0,0.0
8,8,0.0,0.0,0.0,0.0,0.0,0.0,0.0,0.0,1.0,0.0,0.0,0.0
8,8,0.0,0.0,0.0,0.0,0.0,0.0,0.0,0.0,1.0,0.0,0.0,0.0
8,8,0.0,0.0,0.0,0.0,0.0,0.0,0.0,0.0,1.0,0.0,0.0,0.0
8,8,0.0,0.0,0.0,0.0,0.0,0.0,0.0,0.0,1.0,0.0,0.0,0.0
8,8,0.0,0.0,0.0,0.0,0.0,0.0,0.0,0.0,1.0,0.0,0.0,0.0
8,8,0.0,0.0,0.0,0.0,0.0,0.0,0.0,0.0,1.0,0.0,0.0,0.0
8,8,0.0,0.0,0.0,0.0,0.0,0.0,0.0,0.0,1.0,0.0,0.0,0.0
8,8,0.0,0.0,0.0,0.0,0.0,0.0,0.0,0.0,1.0,0.0,0.0,0.0
8,8,0.0,0.0,0.0,0.0,0.0,0.0,0.0,0.0,1.0,0.0,0.0,0.0
8,8,0.0,0.0,0.0,0.0,0.0,0.0,0.0,0.0,1.0,0.0,0.0,0.0
8,8,0.0,0.0,0.0,0.0,0.0,0.0,0.0,0.0,1.0,0.0,0.0,0.0
8,8,0.0,0.0,0.0,0.0,0.0,0.0,0.0,0.0,1.0,0.0,0.0,0.0
8,8,0.0,0.0,0.0,0.0,0.0,0.0,0.0,0.0,1.0,0.0,0.0,0.0
8,8,0.0,0.0,0.0,0.0,0.0,0.0,0.0,0.0,1.0,0.0,0.0,0.0
8,8,0.0,0.0,0.0,0.0,0.0,0.0,0.0,0.0,1.0,0.0,0.0,0.0
8,8,0.0,0.0,0.0,0.0,0.0,0.0,0.0,0.0,1.0,0.0,0.0,0.0
8,8,0.0,0.0,0.0,0.0,0.0,0.0,0.0,0.0,1.0,0.0,0.0,0.0
8,8,0.0,0.0,0.0,0.0,0.0,0.0,0.0,0.0,1.0,0.0,0.0,0.0
8,8,0.0,0.0,0.0,0.0,0.0,0.0,0.0,0.0,1.0,0.0,0.0,0.0
8,8,0.0,0.0,0.0,0.0,0.0,0.0,0.0,0.0,1.0,0.0,0.0,0.0
8,8,0.0,0.0,0.0,0.0,0.0,0.0,0.0,0.0,1.0,0.0,0.0,0.0
8,8,0.0,0.0,0.0,0.0,0.0,0.0,0.0,0.0,1.0,0.0,0.0,0.0
8,8,0.0,0.0,0.0,0.0,0.0,0.0,0.0,0.0,1.0,0.0,0.0,0.0
8,8,0.0,0.0,0.0,0.0,0.0,0.0,0.0,0.0,1.0,0.0,0.0,0.0
8,8,0.0,0.0,0.0,0.0,0.0,0.0,0.0,0.0,1.0,0.0,0.0,0.0
8,8,0.0,0.0,0.0,0.0,0.0,0.0,0.0,0.0,1.0,0.0,0.0,0.0
8,8,0.0,0.0,0.0,0.0,0.0,0.0,0.0,0.0,1.0,0.0,0.0,0.0
8,8,0.0,0.0,0.0,0.0,0.0,0.0,0.0,0.0,1.0,0.0,0.0,0.0
8,8,0.0,0.0,0.0,0.0,0.0,0.0,0.0,0.0,1.0,0.0,0.0,0.0
8,8,0.0,0.0,0.0,0.0,0.0,0.0,0.0,0.0,1.0,0.0,0.0,0.0
8,8,0.0,0.0,0.0,0.0,0.0,0.0,0.0,0.0,1.0,0.0,0.0,0.0
8,8,0.0,0.0,0.0,0.0,0.0,0.0,0.0,0.0,1.0,0.0,0.0,0.0
8,8,0.0,0.0,0.0,0.0,0.0,0.0,0.0,0.0,1.0,0.0,0.0,0.0
8,8,0.0,0.0,0.0,0.0,0.0,0.0,0.0,0.0,1.0,0.0,0.0,0.0
8,8,0.0,0.0,0.0,0.0,0.0,0.0,0.0,0.0,1.0,0.0,0.0,0.0
8,8,0.0,0.0,0.0,0.0,0.0,0.0,0.0,0.0,1.0,0.0,0.0,0.0
8,8,0.0,0.0,0.0,0.0,0.0,0.0,0.0,0.0,1.0,0.0,0.0,0.0
8,8,0.0,0.0,0.0,0.0,0.0,0.0,0.0,0.0,1.0,0.0,0.0,0.0
8,8,0.0,0.0,0.0,0.0,0.0,0.0,0.0,0.0,1.0,0.0,0.0,0.0
8,8,0.0,0.0,0.0,0.0,0.0,0.0,0.0,0.0,1.0,0.0,0.0,0.0
8,8,0.0,0.0,0.0,0.0,0.0,0.0,0.0,0.0,1.0,0.0,0.0,0.0
8,8,0.0,0.0,0.0,0.0,0.0,0.0,0.0,0.0,1.0,0.0,0.0,0.0
8,8,0.0,0.0,0.0,0.0,0.0,0.0,0.0,0.0,1.0,0.0,0.0,0.0
8,8,0.0,0.0,0.0,0.0,0.0,0.0,0.0,0.0,1.0,0.0,0.0,0.0
8,8,0.0,0.0,0.0,0.0,0.0,0.0,0.0,0.0,1.0,0.0,0.0,0.0
8,8,0.0,0.0,0.0,0.0,0.0,0.0,0.0,0.0,1.0,0.0,0.0,0.0
8,8,0.0,0.0,0.0,0.0,0.0,0.0,0.0,0.0,1.0,0.0,0.0,0.0
8,8,0.0,0.0,0.0,0.0,0.0,0.0,0.0,0.0,1.0,0.0,0.0,0.0
8,8,0.0,0.0,0.0,0.0,0.0,0.0,0.0,0.0,1.0,0.0,0.0,0.0
8,8,0.0,0.0,0.0,0.0,0.0,0.0,0.0,0.0,1.0,0.0,0.0,0.0
8,8,0.0,0.0,0.0,0.0,0.0,0.0,0.0,0.0,1.0,0.0,0.0,0.0
8,8,0.0,0.0,0.0,0.0,0.0,0.0,0.0,0.0,1.0,0.0,0.0,0.0
8,8,0.0,0.0,0.0,0.0,0.0,0.0,0.0,0.0,1.0,0.0,0.0,0.0
8,8,0.0,0.0,0.0,0.0,0.0,0.0,0.0,0.0,1.0,0.0,0.0,0.0
8,8,0.0,0.0,0.0,0.0,0.0,0.0,0.0,0.0,1.0,0.0,0.0,0.0
8,8,0.0,0.0,0.0,0.0,0.0,0.0,0.0,0.0,1.0,0.0,0.0,0.0
8,8,0.0,0.0,0.0,0.0,0.0,0.0,0.0,0.0,1.0,0.0,0.0,0.0
8,8,0.0,0.0,0.0,0.0,0.0,0.0,0.0,0.0,1.0,0.0,0.0,0.0
8,8,0.0,0.0,0.0,0.0,0.0,0.0,0.0,0.0,1.0,0.0,0.0,0.0
8,8,0.0,0.0,0.0,0.0,0.0,0.0,0.0,0.0,1.0,0.0,0.0,0.0
8,8,0.0,0.0,0.0,0.0,0.0,0.0,0.0,0.0,1.0,0.0,0.0,0.0
8,8,0.0,0.0,0.0,0.0,0.0,0.0,0.0,0.0,1.0,0.0,0.0,0.0
8,8,0.0,0.0,0.0,0.0,0.0,0.0,0.0,0.0,1.0,0.0,0.0,0.0
8,8,0.0,0.0,0.0,0.0,0.0,0.0,0.0,0.0,1.0,0.0,0.0,0.0
8,8,0.0,0.0,0.0,0.0,0.0,0.0,0.0,0.0,1.0,0.0,0.0,0.0
8,8,0.0,0.0,0.0,0.0,0.0,0.0,0.0,0.0,1.0,0.0,0.0,0.0
8,8,0.0,0.0,0.0,0.0,0.0,0.0,0.0,0.0,1.0,0.0,0.0,0.0
8,8,0.0,0.0,0.0,0.0,0.0,0.0,0.0,0.0,1.0,0.0,0.0,0.0
8,8,0.0,0.0,0.0,0.0,0.0,0.0,0.0,0.0,1.0,0.0,0.0,0.0
8,8,0.0,0.0,0.0,0.0,0.0,0.0,0.0,0.0,1.0,0.0,0.0,0.0
8,8,0.0,0.0,0.0,0.0,0.0,0.0,0.0,0.0,1.0,0.0,0.0,0.0
8,8,0.0,0.0,0.0,0.0,0.0,0.0,0.0,0.0,1.0,0.0,0.0,0.0
8,8,0.0,0.0,0.0,0.0,0.0,0.0,0.0,0.0,1.0,0.0,0.0,0.0
8,8,0.0,0.0,0.0,0.0,0.0,0.0,0.0,0.0,1.0,0.0,0.0,0.0
8,8,0.0,0.0,0.0,0.0,0.0,0.0,0.0,0.0,1.0,0.0,0.0,0.0
8,8,0.0,0.0,0.0,0.0,0.0,0.0,0.0,0.0,1.0,0.0,0.0,0.0
8,8,0.0,0.0,0.0,0.0,0.0,0.0,0.0,0.0,1.0,0.0,0.0,0.0
8,8,0.0,0.0,0.0,0.0,0.0,0.0,0.0,0.0,1.0,0.0,0.0,0.0
8,8,0.0,0.0,0.0,0.0,0.0,0.0,0.0,0.0,1.0,0.0,0.0,0.0
8,8,0.0,0.0,0.0,0.0,0.0,0.0,0.0,0.0,1.0,0.0,0.0,0.0
8,8,0.0,0.0,0.0,0.0,0.0,0.0,0.0,0.0,1.0,0.0,0.0,0.0
8,8,0.0,0.0,0.0,0.0,0.0,0.0,0.0,0.0,1.0,0.0,0.0,0.0
8,8,0.0,0.0,0.0,0.0,0.0,0.0,0.0,0.0,1.0,0.0,0.0,0.0
8,8,0.0,0.0,0.0,0.0,0.0,0.0,0.0,0.0,1.0,0.0,0.0,0.0
8,8,0.0,0.0,0.0,0.0,0.0,0.0,0.0,0.0,1.0,0.0,0.0,0.0
8,8,0.0,0.0,0.0,0.0,0.0,0.0,0.0,0.0,1.0,0.0,0.0,0.0
8,8,0.0,0.0,0.0,0.0,0.0,0.0,0.0,0.0,1.0,0.0,0.0,0.0
8,8,0.0,0.0,0.0,0.0,0.0,0.0,0.0,0.0,1.0,0.0,0.0,0.0
8,8,0.0,0.0,0.0,0.0,0.0,0.0,0.0,0.0,1.0,0.0,0.0,0.0
8,8,0.0,0.0,0.0,0.0,0.0,0.0,0.0,0.0,1.0,0.0,0.0,0.0
8,8,0.0,0.0,0.0,0.0,0.0,0.0,0.0,0.0,1.0,0.0,0.0,0.0
8,8,0.0,0.0,0.0,0.0,0.0,0.0,0.0,0.0,1.0,0.0,0.0,0.0
8,8,0.0,0.0,0.0,0.0,0.0,0.0,0.0,0.0,1.0,0.0,0.0,0.0
8,8,0.0,0.0,0.0,0.0,0.0,0.0,0.0,0.0,1.0,0.0,0.0,0.0
8,8,0.0,0.0,0.0,0.0,0.0,0.0,0.0,0.0,1.0,0.0,0.0,0.0
8,8,0.0,0.0,0.0,0.0,0.0,0.0,0.0,0.0,1.0,0.0,0.0,0.0
8,8,0.0,0.0,0.0,0.0,0.0,0.0,0.0,0.0,1.0,0.0,0.0,0.0
8,8,0.0,0.0,0.0,0.0,0.0,0.0,0.0,0.0,1.0,0.0,0.0,0.0
8,8,0.0,0.0,0.0,0.0,0.0,0.0,0.0,0.0,1.0,0.0,0.0,0.0
8,8,0.0,0.0,0.0,0.0,0.0,0.0,0.0,0.0,1.0,0.0,0.0,0.0
8,8,0.0,0.0,0.0,0.0,0.0,0.0,0.0,0.0,1.0,0.0,0.0,0.0
8,8,0.0,0.0,0.0,0.0,0.0,0.0,0.0,0.0,1.0,0.0,0.0,0.0
8,8,0.0,0.0,0.0,0.0,0.0,0.0,0.0,0.0,1.0,0.0,0.0,0.0
8,8,0.0,0.0,0.0,0.0,0.0,0.0,0.0,0.0,1.0,0.0,0.0,0.0
8,8,0.0,0.0,0.0,0.0,0.0,0.0,0.0,0.0,1.0,0.0,0.0,0.0
8,8,0.0,0.0,0.0,0.0,0.0,0.0,0.0,0.0,1.0,0.0,0.0,0.0
8,8,0.0,0.0,0.0,0.0,0.0,0.0,0.0,0.0,1.0,0.0,0.0,0.0
8,8,0.0,0.0,0.0,0.0,0.0,0.0,0.0,0.0,1.0,0.0,0.0,0.0
8,8,0.0,0.0,0.0,0.0,0.0,0.0,0.0,0.0,1.0,0.0,0.0,0.0
8,8,0.0,0.0,0.0,0.0,0.0,0.0,0.0,0.0,1.0,0.0,0.0,0.0
8,8,0.0,0.0,0.0,0.0,0.0,0.0,0.0,0.0,1.0,0.0,0.0,0.0
8,8,0.0,0.0,0.0,0.0,0.0,0.0,0.0,0.0,1.0,0.0,0.0,0.0
8,8,0.0,0.0,0.0,0.0,0.0,0.0,0.0,0.0,1.0,0.0,0.0,0.0
8,8,0.0,0.0,0.0,0.0,0.0,0.0,0.0,0.0,1.0,0.0,0.0,0.0
8,8,0.0,0.0,0.0,0.0,0.0,0.0,0.0,0.0,1.0,0.0,0.0,0.0
8,8,0.0,0.0,0.0,0.0,0.0,0.0,0.0,0.0,1.0,0.0,0.0,0.0
8,8,0.0,0.0,0.0,0.0,0.0,0.0,0.0,0.0,1.0,0.0,0.0,0.0
8,8,0.0,0.0,0.0,0.0,0.0,0.0,0.0,0.0,1.0,0.0,0.0,0.0
8,8,0.0,0.0,0.0,0.0,0.0,0.0,0.0,0.0,1.0,0.0,0.0,0.0
8,8,0.0,0.0,0.0,0.0,0.0,0.0,0.0,0.0,1.0,0.0,0.0,0.0
8,8,0.0,0.0,0.0,0.0,0.0,0.0,0.0,0.0,1.0,0.0,0.0,0.0
8,8,0.0,0.0,0.0,0.0,0.0,0.0,0.0,0.0,1.0,0.0,0.0,0.0
8,8,0.0,0.0,0.0,0.0,0.0,0.0,0.0,0.0,1.0,0.0,0.0,0.0
8,8,0.0,0.0,0.0,0.0,0.0,0.0,0.0,0.0,1.0,0.0,0.0,0.0
8,8,0.0,0.0,0.0,0.0,0.0,0.0,0.0,0.0,1.0,0.0,0.0,0.0
8,8,0.0,0.0,0.0,0.0,0.0,0.0,0.0,0.0,1.0,0.0,0.0,0.0
8,8,0.0,0.0,0.0,0.0,0.0,0.0,0.0,0.0,1.0,0.0,0.0,0.0
8,8,0.0,0.0,0.0,0.0,0.0,0.0,0.0,0.0,1.0,0.0,0.0,0.0
8,8,0.0,0.0,0.0,0.0,0.0,0.0,0.0,0.0,1.0,0.0,0.0,0.0
8,8,0.0,0.0,0.0,0.0,0.0,0.0,0.0,0.0,1.0,0.0,0.0,0.0
8,8,0.0,0.0,0.0,0.0,0.0,0.0,0.0,0.0,1.0,0.0,0.0,0.0
8,8,0.0,0.0,0.0,0.0,0.0,0.0,0.0,0.0,1.0,0.0,0.0,0.0
8,8,0.0,0.0,0.0,0.0,0.0,0.0,0.0,0.0,1.0,0.0,0.0,0.0
8,8,0.0,0.0,0.0,0.0,0.0,0.0,0.0,0.0,1.0,0.0,0.0,0.0
8,8,0.0,0.0,0.0,0.0,0.0,0.0,0.0,0.0,1.0,0.0,0.0,0.0
8,8,0.0,0.0,0.0,0.0,0.0,0.0,0.0,0.0,1.0,0.0,0.0,0.0
8,8,0.0,0.0,0.0,0.0,0.0,0.0,0.0,0.0,1.0,0.0,0.0,0.0
8,8,0.0,0.0,0.0,0.0,0.0,0.0,0.0,0.0,1.0,0.0,0.0,0.0
8,8,0.0,0.0,0.0,0.0,0.0,0.0,0.0,0.0,1.0,0.0,0.0,0.0
8,8,0.0,0.0,0.0,0.0,0.0,0.0,0.0,0.0,1.0,0.0,0.0,0.0
8,8,0.0,0.0,0.0,0.0,0.0,0.0,0.0,0.0,1.0,0.0,0.0,0.0
8,8,0.0,0.0,0.0,0.0,0.0,0.0,0.0,0.0,1.0,0.0,0.0,0.0
8,8,0.0,0.0,0.0,0.0,0.0,0.0,0.0,0.0,1.0,0.0,0.0,0.0
8,8,0.0,0.0,0.0,0.0,0.0,0.0,0.0,0.0,1.0,0.0,0.0,0.0
8,8,0.0,0.0,0.0,0.0,0.0,0.0,0.0,0.0,1.0,0.0,0.0,0.0
8,8,0.0,0.0,0.0,0.0,0.0,0.0,0.0,0.0,1.0,0.0,0.0,0.0
8,8,0.0,0.0,0.0,0.0,0.0,0.0,0.0,0.0,1.0,0.0,0.0,0.0
8,8,0.0,0.0,0.0,0.0,0.0,0.0,0.0,0.0,1.0,0.0,0.0,0.0
8,8,0.0,0.0,0.0,0.0,0.0,0.0,0.0,0.0,1.0,0.0,0.0,0.0
8,8,0.0,0.0,0.0,0.0,0.0,0.0,0.0,0.0,1.0,0.0,0.0,0.0
8,8,0.0,0.0,0.0,0.0,0.0,0.0,0.0,0.0,1.0,0.0,0.0,0.0
8,8,0.0,0.0,0.0,0.0,0.0,0.0,0.0,0.0,1.0,0.0,0.0,0.0
8,8,0.0,0.0,0.0,0.0,0.0,0.0,0.0,0.0,1.0,0.0,0.0,0.0
8,8,0.0,0.0,0.0,0.0,0.0,0.0,0.0,0.0,1.0,0.0,0.0,0.0
8,8,0.0,0.0,0.0,0.0,0.0,0.0,0.0,0.0,1.0,0.0,0.0,0.0
8,8,0.0,0.0,0.0,0.0,0.0,0.0,0.0,0.0,1.0,0.0,0.0,0.0
8,8,0.0,0.0,0.0,0.0,0.0,0.0,0.0,0.0,1.0,0.0,0.0,0.0
8,8,0.0,0.0,0.0,0.0,0.0,0.0,0.0,0.0,1.0,0.0,0.0,0.0
8,8,0.0,0.0,0.0,0.0,0.0,0.0,0.0,0.0,1.0,0.0,0.0,0.0
8,8,0.0,0.0,0.0,0.0,0.0,0.0,0.0,0.0,1.0,0.0,0.0,0.0
8,8,0.0,0.0,0.0,0.0,0.0,0.0,0.0,0.0,1.0,0.0,0.0,0.0
8,8,0.0,0.0,0.0,0.0,0.0,0.0,0.0,0.0,1.0,0.0,0.0,0.0
8,8,0.0,0.0,0.0,0.0,0.0,0.0,0.0,0.0,1.0,0.0,0.0,0.0
8,8,0.0,0.0,0.0,0.0,0.0,0.0,0.0,0.0,1.0,0.0,0.0,0.0
8,8,0.0,0.0,0.0,0.0,0.0,0.0,0.0,0.0,1.0,0.0,0.0,0.0
8,8,0.0,0.0,0.0,0.0,0.0,0.0,0.0,0.0,1.0,0.0,0.0,0.0
8,8,0.0,0.0,0.0,0.0,0.0,0.0,0.0,0.0,1.0,0.0,0.0,0.0
8,8,0.0,0.0,0.0,0.0,0.0,0.0,0.0,0.0,1.0,0.0,0.0,0.0
8,8,0.0,0.0,0.0,0.0,0.0,0.0,0.0,0.0,1.0,0.0,0.0,0.0
8,8,0.0,0.0,0.0,0.0,0.0,0.0,0.0,0.0,1.0,0.0,0.0,0.0
8,8,0.0,0.0,0.0,0.0,0.0,0.0,0.0,0.0,1.0,0.0,0.0,0.0
8,8,0.0,0.0,0.0,0.0,0.0,0.0,0.0,0.0,1.0,0.0,0.0,0.0
8,8,0.0,0.0,0.0,0.0,0.0,0.0,0.0,0.0,1.0,0.0,0.0,0.0
8,8,0.0,0.0,0.0,0.0,0.0,0.0,0.0,0.0,1.0,0.0,0.0,0.0
8,8,0.0,0.0,0.0,0.0,0.0,0.0,0.0,0.0,1.0,0.0,0.0,0.0
8,8,0.0,0.0,0.0,0.0,0.0,0.0,0.0,0.0,1.0,0.0,0.0,0.0
8,8,0.0,0.0,0.0,0.0,0.0,0.0,0.0,0.0,1.0,0.0,0.0,0.0
8,8,0.0,0.0,0.0,0.0,0.0,0.0,0.0,0.0,1.0,0.0,0.0,0.0
8,8,0.0,0.0,0.0,0.0,0.0,0.0,0.0,0.0,1.0,0.0,0.0,0.0
8,8,0.0,0.0,0.0,0.0,0.0,0.0,0.0,0.0,1.0,0.0,0.0,0.0
8,8,0.0,0.0,0.0,0.0,0.0,0.0,0.0,0.0,1.0,0.0,0.0,0.0
8,8,0.0,0.0,0.0,0.0,0.0,0.0,0.0,0.0,1.0,0.0,0.0,0.0
8,8,0.0,0.0,0.0,0.0,0.0,0.0,0.0,0.0,1.0,0.0,0.0,0.0
8,8,0.0,0.0,0.0,0.0,0.0,0.0,0.0,0.0,1.0,0.0,0.0,0.0
8,8,0.0,0.0,0.0,0.0,0.0,0.0,0.0,0.0,1.0,0.0,0.0,0.0
8,8,0.0,0.0,0.0,0.0,0.0,0.0,0.0,0.0,1.0,0.0,0.0,0.0
8,8,0.0,0.0,0.0,0.0,0.0,0.0,0.0,0.0,1.0,0.0,0.0,0.0
8,8,0.0,0.0,0.0,0.0,0.0,0.0,0.0,0.0,1.0,0.0,0.0,0.0
8,8,0.0,0.0,0.0,0.0,0.0,0.0,0.0,0.0,1.0,0.0,0.0,0.0
8,8,0.0,0.0,0.0,0.0,0.0,0.0,0.0,0.0,1.0,0.0,0.0,0.0
8,8,0.0,0.0,0.0,0.0,0.0,0.0,0.0,0.0,1.0,0.0,0.0,0.0
8,8,0.0,0.0,0.0,0.0,0.0,0.0,0.0,0.0,1.0,0.0,0.0,0.0
8,8,0.0,0.0,0.0,0.0,0.0,0.0,0.0,0.0,1.0,0.0,0.0,0.0
8,8,0.0,0.0,0.0,0.0,0.0,0.0,0.0,0.0,1.0,0.0,0.0,0.0
8,8,0.0,0.0,0.0,0.0,0.0,0.0,0.0,0.0,1.0,0.0,0.0,0.0
8,8,0.0,0.0,0.0,0.0,0.0,0.0,0.0,0.0,1.0,0.0,0.0,0.0
8,8,0.0,0.0,0.0,0.0,0.0,0.0,0.0,0.0,1.0,0.0,0.0,0.0
8,8,0.0,0.0,0.0,0.0,0.0,0.0,0.0,0.0,1.0,0.0,0.0,0.0
8,8,0.0,0.0,0.0,0.0,0.0,0.0,0.0,0.0,1.0,0.0,0.0,0.0
8,8,0.0,0.0,0.0,0.0,0.0,0.0,0.0,0.0,1.0,0.0,0.0,0.0
8,8,0.0,0.0,0.0,0.0,0.0,0.0,0.0,0.0,1.0,0.0,0.0,0.0
8,8,0.0,0.0,0.0,0.0,0.0,0.0,0.0,0.0,1.0,0.0,0.0,0.0
8,8,0.0,0.0,0.0,0.0,0.0,0.0,0.0,0.0,1.0,0.0,0.0,0.0
8,8,0.0,0.0,0.0,0.0,0.0,0.0,0.0,0.0,1.0,0.0,0.0,0.0
8,8,0.0,0.0,0.0,0.0,0.0,0.0,0.0,0.0,1.0,0.0,0.0,0.0
8,8,0.0,0.0,0.0,0.0,0.0,0.0,0.0,0.0,1.0,0.0,0.0,0.0
8,8,0.0,0.0,0.0,0.0,0.0,0.0,0.0,0.0,1.0,0.0,0.0,0.0
8,8,0.0,0.0,0.0,0.0,0.0,0.0,0.0,0.0,1.0,0.0,0.0,0.0
8,8,0.0,0.0,0.0,0.0,0.0,0.0,0.0,0.0,1.0,0.0,0.0,0.0
8,8,0.0,0.0,0.0,0.0,0.0,0.0,0.0,0.0,1.0,0.0,0.0,0.0
8,8,0.0,0.0,0.0,0.0,0.0,0.0,0.0,0.0,1.0,0.0,0.0,0.0
8,8,0.0,0.0,0.0,0.0,0.0,0.0,0.0,0.0,1.0,0.0,0.0,0.0
8,8,0.0,0.0,0.0,0.0,0.0,0.0,0.0,0.0,1.0,0.0,0.0,0.0
8,8,0.0,0.0,0.0,0.0,0.0,0.0,0.0,0.0,1.0,0.0,0.0,0.0
8,8,0.0,0.0,0.0,0.0,0.0,0.0,0.0,0.0,1.0,0.0,0.0,0.0
8,8,0.0,0.0,0.0,0.0,0.0,0.0,0.0,0.0,1.0,0.0,0.0,0.0
8,8,0.0,0.0,0.0,0.0,0.0,0.0,0.0,0.0,1.0,0.0,0.0,0.0
8,8,0.0,0.0,0.0,0.0,0.0,0.0,0.0,0.0,1.0,0.0,0.0,0.0
8,8,0.0,0.0,0.0,0.0,0.0,0.0,0.0,0.0,1.0,0.0,0.0,0.0
8,8,0.0,0.0,0.0,0.0,0.0,0.0,0.0,0.0,1.0,0.0,0.0,0.0
8,8,0.0,0.0,0.0,0.0,0.0,0.0,0.0,0.0,1.0,0.0,0.0,0.0
8,8,0.0,0.0,0.0,0.0,0.0,0.0,0.0,0.0,1.0,0.0,0.0,0.0
8,8,0.0,0.0,0.0,0.0,0.0,0.0,0.0,0.0,1.0,0.0,0.0,0.0
8,8,0.0,0.0,0.0,0.0,0.0,0.0,0.0,0.0,1.0,0.0,0.0,0.0
8,8,0.0,0.0,0.0,0.0,0.0,0.0,0.0,0.0,1.0,0.0,0.0,0.0
8,8,0.0,0.0,0.0,0.0,0.0,0.0,0.0,0.0,1.0,0.0,0.0,0.0
8,8,0.0,0.0,0.0,0.0,0.0,0.0,0.0,0.0,1.0,0.0,0.0,0.0
8,8,0.0,0.0,0.0,0.0,0.0,0.0,0.0,0.0,1.0,0.0,0.0,0.0
8,8,0.0,0.0,0.0,0.0,0.0,0.0,0.0,0.0,1.0,0.0,0.0,0.0
8,8,0.0,0.0,0.0,0.0,0.0,0.0,0.0,0.0,1.0,0.0,0.0,0.0
8,8,0.0,0.0,0.0,0.0,0.0,0.0,0.0,0.0,1.0,0.0,0.0,0.0
8,8,0.0,0.0,0.0,0.0,0.0,0.0,0.0,0.0,1.0,0.0,0.0,0.0
8,8,0.0,0.0,0.0,0.0,0.0,0.0,0.0,0.0,1.0,0.0,0.0,0.0
8,8,0.0,0.0,0.0,0.0,0.0,0.0,0.0,0.0,1.0,0.0,0.0,0.0
8,8,0.0,0.0,0.0,0.0,0.0,0.0,0.0,0.0,1.0,0.0,0.0,0.0
8,8,0.0,0.0,0.0,0.0,0.0,0.0,0.0,0.0,1.0,0.0,0.0,0.0
8,8,0.0,0.0,0.0,0.0,0.0,0.0,0.0,0.0,1.0,0.0,0.0,0.0
8,8,0.0,0.0,0.0,0.0,0.0,0.0,0.0,0.0,1.0,0.0,0.0,0.0
8,8,0.0,0.0,0.0,0.0,0.0,0.0,0.0,0.0,1.0,0.0,0.0,0.0
8,8,0.0,0.0,0.0,0.0,0.0,0.0,0.0,0.0,1.0,0.0,0.0,0.0
8,8,0.0,0.0,0.0,0.0,0.0,0.0,0.0,0.0,1.0,0.0,0.0,0.0
8,8,0.0,0.0,0.0,0.0,0.0,0.0,0.0,0.0,1.0,0.0,0.0,0.0
8,8,0.0,0.0,0.0,0.0,0.0,0.0,0.0,0.0,1.0,0.0,0.0,0.0
8,8,0.0,0.0,0.0,0.0,0.0,0.0,0.0,0.0,1.0,0.0,0.0,0.0
8,8,0.0,0.0,0.0,0.0,0.0,0.0,0.0,0.0,1.0,0.0,0.0,0.0
8,8,0.0,0.0,0.0,0.0,0.0,0.0,0.0,0.0,1.0,0.0,0.0,0.0
8,8,0.0,0.0,0.0,0.0,0.0,0.0,0.0,0.0,1.0,0.0,0.0,0.0
8,8,0.0,0.0,0.0,0.0,0.0,0.0,0.0,0.0,1.0,0.0,0.0,0.0
8,8,0.0,0.0,0.0,0.0,0.0,0.0,0.0,0.0,1.0,0.0,0.0,0.0
8,8,0.0,0.0,0.0,0.0,0.0,0.0,0.0,0.0,1.0,0.0,0.0,0.0
8,8,0.0,0.0,0.0,0.0,0.0,0.0,0.0,0.0,1.0,0.0,0.0,0.0
8,8,0.0,0.0,0.0,0.0,0.0,0.0,0.0,0.0,1.0,0.0,0.0,0.0
8,8,0.0,0.0,0.0,0.0,0.0,0.0,0.0,0.0,1.0,0.0,0.0,0.0
8,8,0.0,0.0,0.0,0.0,0.0,0.0,0.0,0.0,1.0,0.0,0.0,0.0
8,8,0.0,0.0,0.0,0.0,0.0,0.0,0.0,0.0,1.0,0.0,0.0,0.0
8,8,0.0,0.0,0.0,0.0,0.0,0.0,0.0,0.0,1.0,0.0,0.0,0.0
8,8,0.0,0.0,0.0,0.0,0.0,0.0,0.0,0.0,1.0,0.0,0.0,0.0
8,8,0.0,0.0,0.0,0.0,0.0,0.0,0.0,0.0,1.0,0.0,0.0,0.0
8,8,0.0,0.0,0.0,0.0,0.0,0.0,0.0,0.0,1.0,0.0,0.0,0.0
8,8,0.0,0.0,0.0,0.0,0.0,0.0,0.0,0.0,1.0,0.0,0.0,0.0
8,8,0.0,0.0,0.0,0.0,0.0,0.0,0.0,0.0,1.0,0.0,0.0,0.0
8,8,0.0,0.0,0.0,0.0,0.0,0.0,0.0,0.0,1.0,0.0,0.0,0.0
8,8,0.0,0.0,0.0,0.0,0.0,0.0,0.0,0.0,1.0,0.0,0.0,0.0
8,8,0.0,0.0,0.0,0.0,0.0,0.0,0.0,0.0,1.0,0.0,0.0,0.0
8,8,0.0,0.0,0.0,0.0,0.0,0.0,0.0,0.0,1.0,0.0,0.0,0.0
8,8,0.0,0.0,0.0,0.0,0.0,0.0,0.0,0.0,1.0,0.0,0.0,0.0
8,8,0.0,0.0,0.0,0.0,0.0,0.0,0.0,0.0,1.0,0.0,0.0,0.0
8,8,0.0,0.0,0.0,0.0,0.0,0.0,0.0,0.0,1.0,0.0,0.0,0.0
8,8,0.0,0.0,0.0,0.0,0.0,0.0,0.0,0.0,1.0,0.0,0.0,0.0
8,8,0.0,0.0,0.0,0.0,0.0,0.0,0.0,0.0,1.0,0.0,0.0,0.0
8,8,0.0,0.0,0.0,0.0,0.0,0.0,0.0,0.0,1.0,0.0,0.0,0.0
8,8,0.0,0.0,0.0,0.0,0.0,0.0,0.0,0.0,1.0,0.0,0.0,0.0
8,8,0.0,0.0,0.0,0.0,0.0,0.0,0.0,0.0,1.0,0.0,0.0,0.0
8,8,0.0,0.0,0.0,0.0,0.0,0.0,0.0,0.0,1.0,0.0,0.0,0.0
8,8,0.0,0.0,0.0,0.0,0.0,0.0,0.0,0.0,1.0,0.0,0.0,0.0
8,8,0.0,0.0,0.0,0.0,0.0,0.0,0.0,0.0,1.0,0.0,0.0,0.0
8,8,0.0,0.0,0.0,0.0,0.0,0.0,0.0,0.0,1.0,0.0,0.0,0.0
8,8,0.0,0.0,0.0,0.0,0.0,0.0,0.0,0.0,1.0,0.0,0.0,0.0
8,8,0.0,0.0,0.0,0.0,0.0,0.0,0.0,0.0,1.0,0.0,0.0,0.0
8,8,0.0,0.0,0.0,0.0,0.0,0.0,0.0,0.0,1.0,0.0,0.0,0.0
8,8,0.0,0.0,0.0,0.0,0.0,0.0,0.0,0.0,1.0,0.0,0.0,0.0
8,8,0.0,0.0,0.0,0.0,0.0,0.0,0.0,0.0,1.0,0.0,0.0,0.0
8,8,0.0,0.0,0.0,0.0,0.0,0.0,0.0,0.0,1.0,0.0,0.0,0.0
8,8,0.0,0.0,0.0,0.0,0.0,0.0,0.0,0.0,1.0,0.0,0.0,0.0
8,8,0.0,0.0,0.0,0.0,0.0,0.0,0.0,0.0,1.0,0.0,0.0,0.0
8,8,0.0,0.0,0.0,0.0,0.0,0.0,0.0,0.0,1.0,0.0,0.0,0.0
8,8,0.0,0.0,0.0,0.0,0.0,0.0,0.0,0.0,1.0,0.0,0.0,0.0
8,8,0.0,0.0,0.0,0.0,0.0,0.0,0.0,0.0,1.0,0.0,0.0,0.0
8,8,0.0,0.0,0.0,0.0,0.0,0.0,0.0,0.0,1.0,0.0,0.0,0.0
8,8,0.0,0.0,0.0,0.0,0.0,0.0,0.0,0.0,1.0,0.0,0.0,0.0
8,8,0.0,0.0,0.0,0.0,0.0,0.0,0.0,0.0,1.0,0.0,0.0,0.0
8,8,0.0,0.0,0.0,0.0,0.0,0.0,0.0,0.0,1.0,0.0,0.0,0.0
8,8,0.0,0.0,0.0,0.0,0.0,0.0,0.0,0.0,1.0,0.0,0.0,0.0
8,8,0.0,0.0,0.0,0.0,0.0,0.0,0.0,0.0,1.0,0.0,0.0,0.0
8,8,0.0,0.0,0.0,0.0,0.0,0.0,0.0,0.0,1.0,0.0,0.0,0.0
8,8,0.0,0.0,0.0,0.0,0.0,0.0,0.0,0.0,1.0,0.0,0.0,0.0
8,8,0.0,0.0,0.0,0.0,0.0,0.0,0.0,0.0,1.0,0.0,0.0,0.0
8,8,0.0,0.0,0.0,0.0,0.0,0.0,0.0,0.0,1.0,0.0,0.0,0.0
8,8,0.0,0.0,0.0,0.0,0.0,0.0,0.0,0.0,1.0,0.0,0.0,0.0
8,8,0.0,0.0,0.0,0.0,0.0,0.0,0.0,0.0,1.0,0.0,0.0,0.0
8,8,0.0,0.0,0.0,0.0,0.0,0.0,0.0,0.0,1.0,0.0,0.0,0.0
8,8,0.0,0.0,0.0,0.0,0.0,0.0,0.0,0.0,1.0,0.0,0.0,0.0
8,8,0.0,0.0,0.0,0.0,0.0,0.0,0.0,0.0,1.0,0.0,0.0,0.0
8,8,0.0,0.0,0.0,0.0,0.0,0.0,0.0,0.0,1.0,0.0,0.0,0.0
8,8,0.0,0.0,0.0,0.0,0.0,0.0,0.0,0.0,1.0,0.0,0.0,0.0
8,8,0.0,0.0,0.0,0.0,0.0,0.0,0.0,0.0,1.0,0.0,0.0,0.0
8,8,0.0,0.0,0.0,0.0,0.0,0.0,0.0,0.0,1.0,0.0,0.0,0.0
8,8,0.0,0.0,0.0,0.0,0.0,0.0,0.0,0.0,1.0,0.0,0.0,0.0
8,8,0.0,0.0,0.0,0.0,0.0,0.0,0.0,0.0,1.0,0.0,0.0,0.0
8,8,0.0,0.0,0.0,0.0,0.0,0.0,0.0,0.0,1.0,0.0,0.0,0.0
8,8,0.0,0.0,0.0,0.0,0.0,0.0,0.0,0.0,1.0,0.0,0.0,0.0
8,8,0.0,0.0,0.0,0.0,0.0,0.0,0.0,0.0,1.0,0.0,0.0,0.0
8,8,0.0,0.0,0.0,0.0,0.0,0.0,0.0,0.0,1.0,0.0,0.0,0.0
8,8,0.0,0.0,0.0,0.0,0.0,0.0,0.0,0.0,1.0,0.0,0.0,0.0
8,8,0.0,0.0,0.0,0.0,0.0,0.0,0.0,0.0,1.0,0.0,0.0,0.0
8,8,0.0,0.0,0.0,0.0,0.0,0.0,0.0,0.0,1.0,0.0,0.0,0.0
8,8,0.0,0.0,0.0,0.0,0.0,0.0,0.0,0.0,1.0,0.0,0.0,0.0
8,8,0.0,0.0,0.0,0.0,0.0,0.0,0.0,0.0,1.0,0.0,0.0,0.0
8,8,0.0,0.0,0.0,0.0,0.0,0.0,0.0,0.0,1.0,0.0,0.0,0.0
8,8,0.0,0.0,0.0,0.0,0.0,0.0,0.0,0.0,1.0,0.0,0.0,0.0
8,8,0.0,0.0,0.0,0.0,0.0,0.0,0.0,0.0,1.0,0.0,0.0,0.0
8,8,0.0,0.0,0.0,0.0,0.0,0.0,0.0,0.0,1.0,0.0,0.0,0.0
8,8,0.0,0.0,0.0,0.0,0.0,0.0,0.0,0.0,1.0,0.0,0.0,0.0
8,8,0.0,0.0,0.0,0.0,0.0,0.0,0.0,0.0,1.0,0.0,0.0,0.0
8,8,0.0,0.0,0.0,0.0,0.0,0.0,0.0,0.0,1.0,0.0,0.0,0.0
8,8,0.0,0.0,0.0,0.0,0.0,0.0,0.0,0.0,1.0,0.0,0.0,0.0
8,8,0.0,0.0,0.0,0.0,0.0,0.0,0.0,0.0,1.0,0.0,0.0,0.0
8,8,0.0,0.0,0.0,0.0,0.0,0.0,0.0,0.0,1.0,0.0,0.0,0.0
8,8,0.0,0.0,0.0,0.0,0.0,0.0,0.0,0.0,1.0,0.0,0.0,0.0
8,8,0.0,0.0,0.0,0.0,0.0,0.0,0.0,0.0,1.0,0.0,0.0,0.0
8,8,0.0,0.0,0.0,0.0,0.0,0.0,0.0,0.0,1.0,0.0,0.0,0.0
8,8,0.0,0.0,0.0,0.0,0.0,0.0,0.0,0.0,1.0,0.0,0.0,0.0
8,8,0.0,0.0,0.0,0.0,0.0,0.0,0.0,0.0,1.0,0.0,0.0,0.0
8,8,0.0,0.0,0.0,0.0,0.0,0.0,0.0,0.0,1.0,0.0,0.0,0.0
8,8,0.0,0.0,0.0,0.0,0.0,0.0,0.0,0.0,1.0,0.0,0.0,0.0
8,8,0.0,0.0,0.0,0.0,0.0,0.0,0.0,0.0,1.0,0.0,0.0,0.0
8,8,0.0,0.0,0.0,0.0,0.0,0.0,0.0,0.0,1.0,0.0,0.0,0.0
8,8,0.0,0.0,0.0,0.0,0.0,0.0,0.0,0.0,1.0,0.0,0.0,0.0
8,8,0.0,0.0,0.0,0.0,0.0,0.0,0.0,0.0,1.0,0.0,0.0,0.0
8,8,0.0,0.0,0.0,0.0,0.0,0.0,0.0,0.0,1.0,0.0,0.0,0.0
8,8,0.0,0.0,0.0,0.0,0.0,0.0,0.0,0.0,1.0,0.0,0.0,0.0
8,8,0.0,0.0,0.0,0.0,0.0,0.0,0.0,0.0,1.0,0.0,0.0,0.0
8,8,0.0,0.0,0.0,0.0,0.0,0.0,0.0,0.0,1.0,0.0,0.0,0.0
8,8,0.0,0.0,0.0,0.0,0.0,0.0,0.0,0.0,1.0,0.0,0.0,0.0
8,8,0.0,0.0,0.0,0.0,0.0,0.0,0.0,0.0,1.0,0.0,0.0,0.0
8,8,0.0,0.0,0.0,0.0,0.0,0.0,0.0,0.0,1.0,0.0,0.0,0.0
8,8,0.0,0.0,0.0,0.0,0.0,0.0,0.0,0.0,1.0,0.0,0.0,0.0
8,8,0.0,0.0,0.0,0.0,0.0,0.0,0.0,0.0,1.0,0.0,0.0,0.0
8,8,0.0,0.0,0.0,0.0,0.0,0.0,0.0,0.0,1.0,0.0,0.0,0.0
8,8,0.0,0.0,0.0,0.0,0.0,0.0,0.0,0.0,1.0,0.0,0.0,0.0
8,8,0.0,0.0,0.0,0.0,0.0,0.0,0.0,0.0,1.0,0.0,0.0,0.0
8,8,0.0,0.0,0.0,0.0,0.0,0.0,0.0,0.0,1.0,0.0,0.0,0.0
8,8,0.0,0.0,0.0,0.0,0.0,0.0,0.0,0.0,1.0,0.0,0.0,0.0
8,8,0.0,0.0,0.0,0.0,0.0,0.0,0.0,0.0,1.0,0.0,0.0,0.0
8,8,0.0,0.0,0.0,0.0,0.0,0.0,0.0,0.0,1.0,0.0,0.0,0.0
8,8,0.0,0.0,0.0,0.0,0.0,0.0,0.0,0.0,1.0,0.0,0.0,0.0
8,8,0.0,0.0,0.0,0.0,0.0,0.0,0.0,0.0,1.0,0.0,0.0,0.0
8,8,0.0,0.0,0.0,0.0,0.0,0.0,0.0,0.0,1.0,0.0,0.0,0.0
8,8,0.0,0.0,0.0,0.0,0.0,0.0,0.0,0.0,1.0,0.0,0.0,0.0
8,8,0.0,0.0,0.0,0.0,0.0,0.0,0.0,0.0,1.0,0.0,0.0,0.0
8,8,0.0,0.0,0.0,0.0,0.0,0.0,0.0,0.0,1.0,0.0,0.0,0.0
8,8,0.0,0.0,0.0,0.0,0.0,0.0,0.0,0.0,1.0,0.0,0.0,0.0
8,8,0.0,0.0,0.0,0.0,0.0,0.0,0.0,0.0,1.0,0.0,0.0,0.0
8,8,0.0,0.0,0.0,0.0,0.0,0.0,0.0,0.0,1.0,0.0,0.0,0.0
8,8,0.0,0.0,0.0,0.0,0.0,0.0,0.0,0.0,1.0,0.0,0.0,0.0
8,8,0.0,0.0,0.0,0.0,0.0,0.0,0.0,0.0,1.0,0.0,0.0,0.0
8,8,0.0,0.0,0.0,0.0,0.0,0.0,0.0,0.0,1.0,0.0,0.0,0.0
8,8,0.0,0.0,0.0,0.0,0.0,0.0,0.0,0.0,1.0,0.0,0.0,0.0
8,8,0.0,0.0,0.0,0.0,0.0,0.0,0.0,0.0,1.0,0.0,0.0,0.0
8,8,0.0,0.0,0.0,0.0,0.0,0.0,0.0,0.0,1.0,0.0,0.0,0.0
8,8,0.0,0.0,0.0,0.0,0.0,0.0,0.0,0.0,1.0,0.0,0.0,0.0
8,8,0.0,0.0,0.0,0.0,0.0,0.0,0.0,0.0,1.0,0.0,0.0,0.0
8,8,0.0,0.0,0.0,0.0,0.0,0.0,0.0,0.0,1.0,0.0,0.0,0.0
8,8,0.0,0.0,0.0,0.0,0.0,0.0,0.0,0.0,1.0,0.0,0.0,0.0
8,8,0.0,0.0,0.0,0.0,0.0,0.0,0.0,0.0,1.0,0.0,0.0,0.0
8,8,0.0,0.0,0.0,0.0,0.0,0.0,0.0,0.0,1.0,0.0,0.0,0.0
8,8,0.0,0.0,0.0,0.0,0.0,0.0,0.0,0.0,1.0,0.0,0.0,0.0
8,8,0.0,0.0,0.0,0.0,0.0,0.0,0.0,0.0,1.0,0.0,0.0,0.0
8,8,0.0,0.0,0.0,0.0,0.0,0.0,0.0,0.0,1.0,0.0,0.0,0.0
8,8,0.0,0.0,0.0,0.0,0.0,0.0,0.0,0.0,1.0,0.0,0.0,0.0
8,8,0.0,0.0,0.0,0.0,0.0,0.0,0.0,0.0,1.0,0.0,0.0,0.0
8,8,0.0,0.0,0.0,0.0,0.0,0.0,0.0,0.0,1.0,0.0,0.0,0.0
8,8,0.0,0.0,0.0,0.0,0.0,0.0,0.0,0.0,1.0,0.0,0.0,0.0
8,8,0.0,0.0,0.0,0.0,0.0,0.0,0.0,0.0,1.0,0.0,0.0,0.0
8,8,0.0,0.0,0.0,0.0,0.0,0.0,0.0,0.0,1.0,0.0,0.0,0.0
8,8,0.0,0.0,0.0,0.0,0.0,0.0,0.0,0.0,1.0,0.0,0.0,0.0
8,8,0.0,0.0,0.0,0.0,0.0,0.0,0.0,0.0,1.0,0.0,0.0,0.0
8,8,0.0,0.0,0.0,0.0,0.0,0.0,0.0,0.0,1.0,0.0,0.0,0.0
8,8,0.0,0.0,0.0,0.0,0.0,0.0,0.0,0.0,1.0,0.0,0.0,0.0
8,8,0.0,0.0,0.0,0.0,0.0,0.0,0.0,0.0,1.0,0.0,0.0,0.0
8,8,0.0,0.0,0.0,0.0,0.0,0.0,0.0,0.0,1.0,0.0,0.0,0.0
8,8,0.0,0.0,0.0,0.0,0.0,0.0,0.0,0.0,1.0,0.0,0.0,0.0
8,8,0.0,0.0,0.0,0.0,0.0,0.0,0.0,0.0,1.0,0.0,0.0,0.0
8,8,0.0,0.0,0.0,0.0,0.0,0.0,0.0,0.0,1.0,0.0,0.0,0.0
8,8,0.0,0.0,0.0,0.0,0.0,0.0,0.0,0.0,1.0,0.0,0.0,0.0
8,8,0.0,0.0,0.0,0.0,0.0,0.0,0.0,0.0,1.0,0.0,0.0,0.0
8,8,0.0,0.0,0.0,0.0,0.0,0.0,0.0,0.0,1.0,0.0,0.0,0.0
8,8,0.0,0.0,0.0,0.0,0.0,0.0,0.0,0.0,1.0,0.0,0.0,0.0
8,8,0.0,0.0,0.0,0.0,0.0,0.0,0.0,0.0,1.0,0.0,0.0,0.0
8,8,0.0,0.0,0.0,0.0,0.0,0.0,0.0,0.0,1.0,0.0,0.0,0.0
8,8,0.0,0.0,0.0,0.0,0.0,0.0,0.0,0.0,1.0,0.0,0.0,0.0
8,8,0.0,0.0,0.0,0.0,0.0,0.0,0.0,0.0,1.0,0.0,0.0,0.0
8,8,0.0,0.0,0.0,0.0,0.0,0.0,0.0,0.0,1.0,0.0,0.0,0.0
8,8,0.0,0.0,0.0,0.0,0.0,0.0,0.0,0.0,1.0,0.0,0.0,0.0
8,8,0.0,0.0,0.0,0.0,0.0,0.0,0.0,0.0,1.0,0.0,0.0,0.0
8,8,0.0,0.0,0.0,0.0,0.0,0.0,0.0,0.0,1.0,0.0,0.0,0.0
8,8,0.0,0.0,0.0,0.0,0.0,0.0,0.0,0.0,1.0,0.0,0.0,0.0
8,8,0.0,0.0,0.0,0.0,0.0,0.0,0.0,0.0,1.0,0.0,0.0,0.0
8,8,0.0,0.0,0.0,0.0,0.0,0.0,0.0,0.0,1.0,0.0,0.0,0.0
8,8,0.0,0.0,0.0,0.0,0.0,0.0,0.0,0.0,1.0,0.0,0.0,0.0
8,8,0.0,0.0,0.0,0.0,0.0,0.0,0.0,0.0,1.0,0.0,0.0,0.0
8,8,0.0,0.0,0.0,0.0,0.0,0.0,0.0,0.0,1.0,0.0,0.0,0.0
8,8,0.0,0.0,0.0,0.0,0.0,0.0,0.0,0.0,1.0,0.0,0.0,0.0
8,8,0.0,0.0,0.0,0.0,0.0,0.0,0.0,0.0,1.0,0.0,0.0,0.0
8,8,0.0,0.0,0.0,0.0,0.0,0.0,0.0,0.0,1.0,0.0,0.0,0.0
8,8,0.0,0.0,0.0,0.0,0.0,0.0,0.0,0.0,1.0,0.0,0.0,0.0
8,8,0.0,0.0,0.0,0.0,0.0,0.0,0.0,0.0,1.0,0.0,0.0,0.0
8,8,0.0,0.0,0.0,0.0,0.0,0.0,0.0,0.0,1.0,0.0,0.0,0.0
8,8,0.0,0.0,0.0,0.0,0.0,0.0,0.0,0.0,1.0,0.0,0.0,0.0
8,8,0.0,0.0,0.0,0.0,0.0,0.0,0.0,0.0,1.0,0.0,0.0,0.0
8,8,0.0,0.0,0.0,0.0,0.0,0.0,0.0,0.0,1.0,0.0,0.0,0.0
8,8,0.0,0.0,0.0,0.0,0.0,0.0,0.0,0.0,1.0,0.0,0.0,0.0
8,8,0.0,0.0,0.0,0.0,0.0,0.0,0.0,0.0,1.0,0.0,0.0,0.0
8,8,0.0,0.0,0.0,0.0,0.0,0.0,0.0,0.0,1.0,0.0,0.0,0.0
8,8,0.0,0.0,0.0,0.0,0.0,0.0,0.0,0.0,1.0,0.0,0.0,0.0
8,8,0.0,0.0,0.0,0.0,0.0,0.0,0.0,0.0,1.0,0.0,0.0,0.0
8,8,0.0,0.0,0.0,0.0,0.0,0.0,0.0,0.0,1.0,0.0,0.0,0.0
8,8,0.0,0.0,0.0,0.0,0.0,0.0,0.0,0.0,1.0,0.0,0.0,0.0
8,8,0.0,0.0,0.0,0.0,0.0,0.0,0.0,0.0,1.0,0.0,0.0,0.0
8,8,0.0,0.0,0.0,0.0,0.0,0.0,0.0,0.0,1.0,0.0,0.0,0.0
8,8,0.0,0.0,0.0,0.0,0.0,0.0,0.0,0.0,1.0,0.0,0.0,0.0
8,8,0.0,0.0,0.0,0.0,0.0,0.0,0.0,0.0,1.0,0.0,0.0,0.0
8,8,0.0,0.0,0.0,0.0,0.0,0.0,0.0,0.0,1.0,0.0,0.0,0.0
8,8,0.0,0.0,0.0,0.0,0.0,0.0,0.0,0.0,1.0,0.0,0.0,0.0
8,8,0.0,0.0,0.0,0.0,0.0,0.0,0.0,0.0,1.0,0.0,0.0,0.0
8,8,0.0,0.0,0.0,0.0,0.0,0.0,0.0,0.0,1.0,0.0,0.0,0.0
8,8,0.0,0.0,0.0,0.0,0.0,0.0,0.0,0.0,1.0,0.0,0.0,0.0
8,8,0.0,0.0,0.0,0.0,0.0,0.0,0.0,0.0,1.0,0.0,0.0,0.0
8,8,0.0,0.0,0.0,0.0,0.0,0.0,0.0,0.0,1.0,0.0,0.0,0.0
8,8,0.0,0.0,0.0,0.0,0.0,0.0,0.0,0.0,1.0,0.0,0.0,0.0
8,8,0.0,0.0,0.0,0.0,0.0,0.0,0.0,0.0,1.0,0.0,0.0,0.0
8,8,0.0,0.0,0.0,0.0,0.0,0.0,0.0,0.0,1.0,0.0,0.0,0.0
8,8,0.0,0.0,0.0,0.0,0.0,0.0,0.0,0.0,1.0,0.0,0.0,0.0
8,8,0.0,0.0,0.0,0.0,0.0,0.0,0.0,0.0,1.0,0.0,0.0,0.0
8,8,0.0,0.0,0.0,0.0,0.0,0.0,0.0,0.0,1.0,0.0,0.0,0.0
8,8,0.0,0.0,0.0,0.0,0.0,0.0,0.0,0.0,1.0,0.0,0.0,0.0
8,8,0.0,0.0,0.0,0.0,0.0,0.0,0.0,0.0,1.0,0.0,0.0,0.0
8,8,0.0,0.0,0.0,0.0,0.0,0.0,0.0,0.0,1.0,0.0,0.0,0.0
8,8,0.0,0.0,0.0,0.0,0.0,0.0,0.0,0.0,1.0,0.0,0.0,0.0
8,8,0.0,0.0,0.0,0.0,0.0,0.0,0.0,0.0,1.0,0.0,0.0,0.0
8,8,0.0,0.0,0.0,0.0,0.0,0.0,0.0,0.0,1.0,0.0,0.0,0.0
8,8,0.0,0.0,0.0,0.0,0.0,0.0,0.0,0.0,1.0,0.0,0.0,0.0
8,8,0.0,0.0,0.0,0.0,0.0,0.0,0.0,0.0,1.0,0.0,0.0,0.0
8,8,0.0,0.0,0.0,0.0,0.0,0.0,0.0,0.0,1.0,0.0,0.0,0.0
8,8,0.0,0.0,0.0,0.0,0.0,0.0,0.0,0.0,1.0,0.0,0.0,0.0
8,8,0.0,0.0,0.0,0.0,0.0,0.0,0.0,0.0,1.0,0.0,0.0,0.0
8,8,0.0,0.0,0.0,0.0,0.0,0.0,0.0,0.0,1.0,0.0,0.0,0.0
8,8,0.0,0.0,0.0,0.0,0.0,0.0,0.0,0.0,1.0,0.0,0.0,0.0
8,8,0.0,0.0,0.0,0.0,0.0,0.0,0.0,0.0,1.0,0.0,0.0,0.0
8,8,0.0,0.0,0.0,0.0,0.0,0.0,0.0,0.0,1.0,0.0,0.0,0.0
8,8,0.0,0.0,0.0,0.0,0.0,0.0,0.0,0.0,1.0,0.0,0.0,0.0
8,8,0.0,0.0,0.0,0.0,0.0,0.0,0.0,0.0,1.0,0.0,0.0,0.0
8,8,0.0,0.0,0.0,0.0,0.0,0.0,0.0,0.0,1.0,0.0,0.0,0.0
8,8,0.0,0.0,0.0,0.0,0.0,0.0,0.0,0.0,1.0,0.0,0.0,0.0
8,8,0.0,0.0,0.0,0.0,0.0,0.0,0.0,0.0,1.0,0.0,0.0,0.0
8,8,0.0,0.0,0.0,0.0,0.0,0.0,0.0,0.0,1.0,0.0,0.0,0.0
8,8,0.0,0.0,0.0,0.0,0.0,0.0,0.0,0.0,1.0,0.0,0.0,0.0
8,8,0.0,0.0,0.0,0.0,0.0,0.0,0.0,0.0,1.0,0.0,0.0,0.0
8,8,0.0,0.0,0.0,0.0,0.0,0.0,0.0,0.0,1.0,0.0,0.0,0.0
8,8,0.0,0.0,0.0,0.0,0.0,0.0,0.0,0.0,1.0,0.0,0.0,0.0
8,8,0.0,0.0,0.0,0.0,0.0,0.0,0.0,0.0,1.0,0.0,0.0,0.0
8,8,0.0,0.0,0.0,0.0,0.0,0.0,0.0,0.0,1.0,0.0,0.0,0.0
8,8,0.0,0.0,0.0,0.0,0.0,0.0,0.0,0.0,1.0,0.0,0.0,0.0
8,8,0.0,0.0,0.0,0.0,0.0,0.0,0.0,0.0,1.0,0.0,0.0,0.0
8,8,0.0,0.0,0.0,0.0,0.0,0.0,0.0,0.0,1.0,0.0,0.0,0.0
8,8,0.0,0.0,0.0,0.0,0.0,0.0,0.0,0.0,1.0,0.0,0.0,0.0
8,8,0.0,0.0,0.0,0.0,0.0,0.0,0.0,0.0,1.0,0.0,0.0,0.0
8,8,0.0,0.0,0.0,0.0,0.0,0.0,0.0,0.0,1.0,0.0,0.0,0.0
8,8,0.0,0.0,0.0,0.0,0.0,0.0,0.0,0.0,1.0,0.0,0.0,0.0
8,8,0.0,0.0,0.0,0.0,0.0,0.0,0.0,0.0,1.0,0.0,0.0,0.0
8,8,0.0,0.0,0.0,0.0,0.0,0.0,0.0,0.0,1.0,0.0,0.0,0.0
8,8,0.0,0.0,0.0,0.0,0.0,0.0,0.0,0.0,1.0,0.0,0.0,0.0
8,8,0.0,0.0,0.0,0.0,0.0,0.0,0.0,0.0,1.0,0.0,0.0,0.0
8,8,0.0,0.0,0.0,0.0,0.0,0.0,0.0,0.0,1.0,0.0,0.0,0.0
8,8,0.0,0.0,0.0,0.0,0.0,0.0,0.0,0.0,1.0,0.0,0.0,0.0
8,8,0.0,0.0,0.0,0.0,0.0,0.0,0.0,0.0,1.0,0.0,0.0,0.0
8,8,0.0,0.0,0.0,0.0,0.0,0.0,0.0,0.0,1.0,0.0,0.0,0.0
8,8,0.0,0.0,0.0,0.0,0.0,0.0,0.0,0.0,1.0,0.0,0.0,0.0
8,8,0.0,0.0,0.0,0.0,0.0,0.0,0.0,0.0,1.0,0.0,0.0,0.0
8,8,0.0,0.0,0.0,0.0,0.0,0.0,0.0,0.0,1.0,0.0,0.0,0.0
8,8,0.0,0.0,0.0,0.0,0.0,0.0,0.0,0.0,1.0,0.0,0.0,0.0
8,8,0.0,0.0,0.0,0.0,0.0,0.0,0.0,0.0,1.0,0.0,0.0,0.0
8,8,0.0,0.0,0.0,0.0,0.0,0.0,0.0,0.0,1.0,0.0,0.0,0.0
8,8,0.0,0.0,0.0,0.0,0.0,0.0,0.0,0.0,1.0,0.0,0.0,0.0
8,8,0.0,0.0,0.0,0.0,0.0,0.0,0.0,0.0,1.0,0.0,0.0,0.0
8,8,0.0,0.0,0.0,0.0,0.0,0.0,0.0,0.0,1.0,0.0,0.0,0.0
8,8,0.0,0.0,0.0,0.0,0.0,0.0,0.0,0.0,1.0,0.0,0.0,0.0
8,8,0.0,0.0,0.0,0.0,0.0,0.0,0.0,0.0,1.0,0.0,0.0,0.0
8,8,0.0,0.0,0.0,0.0,0.0,0.0,0.0,0.0,1.0,0.0,0.0,0.0
8,8,0.0,0.0,0.0,0.0,0.0,0.0,0.0,0.0,1.0,0.0,0.0,0.0
8,8,0.0,0.0,0.0,0.0,0.0,0.0,0.0,0.0,1.0,0.0,0.0,0.0
8,8,0.0,0.0,0.0,0.0,0.0,0.0,0.0,0.0,1.0,0.0,0.0,0.0
8,8,0.0,0.0,0.0,0.0,0.0,0.0,0.0,0.0,1.0,0.0,0.0,0.0
8,8,0.0,0.0,0.0,0.0,0.0,0.0,0.0,0.0,1.0,0.0,0.0,0.0
8,8,0.0,0.0,0.0,0.0,0.0,0.0,0.0,0.0,1.0,0.0,0.0,0.0
8,8,0.0,0.0,0.0,0.0,0.0,0.0,0.0,0.0,1.0,0.0,0.0,0.0
8,8,0.0,0.0,0.0,0.0,0.0,0.0,0.0,0.0,1.0,0.0,0.0,0.0
8,8,0.0,0.0,0.0,0.0,0.0,0.0,0.0,0.0,1.0,0.0,0.0,0.0
8,8,0.0,0.0,0.0,0.0,0.0,0.0,0.0,0.0,1.0,0.0,0.0,0.0
8,8,0.0,0.0,0.0,0.0,0.0,0.0,0.0,0.0,1.0,0.0,0.0,0.0
8,8,0.0,0.0,0.0,0.0,0.0,0.0,0.0,0.0,1.0,0.0,0.0,0.0
8,8,0.0,0.0,0.0,0.0,0.0,0.0,0.0,0.0,1.0,0.0,0.0,0.0
8,8,0.0,0.0,0.0,0.0,0.0,0.0,0.0,0.0,1.0,0.0,0.0,0.0
8,8,0.0,0.0,0.0,0.0,0.0,0.0,0.0,0.0,1.0,0.0,0.0,0.0
8,8,0.0,0.0,0.0,0.0,0.0,0.0,0.0,0.0,1.0,0.0,0.0,0.0
8,8,0.0,0.0,0.0,0.0,0.0,0.0,0.0,0.0,1.0,0.0,0.0,0.0
8,8,0.0,0.0,0.0,0.0,0.0,0.0,0.0,0.0,1.0,0.0,0.0,0.0
8,8,0.0,0.0,0.0,0.0,0.0,0.0,0.0,0.0,1.0,0.0,0.0,0.0
8,8,0.0,0.0,0.0,0.0,0.0,0.0,0.0,0.0,1.0,0.0,0.0,0.0
8,8,0.0,0.0,0.0,0.0,0.0,0.0,0.0,0.0,1.0,0.0,0.0,0.0
8,8,0.0,0.0,0.0,0.0,0.0,0.0,0.0,0.0,1.0,0.0,0.0,0.0
8,8,0.0,0.0,0.0,0.0,0.0,0.0,0.0,0.0,1.0,0.0,0.0,0.0
8,8,0.0,0.0,0.0,0.0,0.0,0.0,0.0,0.0,1.0,0.0,0.0,0.0
8,8,0.0,0.0,0.0,0.0,0.0,0.0,0.0,0.0,1.0,0.0,0.0,0.0
8,8,0.0,0.0,0.0,0.0,0.0,0.0,0.0,0.0,1.0,0.0,0.0,0.0
8,8,0.0,0.0,0.0,0.0,0.0,0.0,0.0,0.0,1.0,0.0,0.0,0.0
8,8,0.0,0.0,0.0,0.0,0.0,0.0,0.0,0.0,1.0,0.0,0.0,0.0
8,8,0.0,0.0,0.0,0.0,0.0,0.0,0.0,0.0,1.0,0.0,0.0,0.0
8,8,0.0,0.0,0.0,0.0,0.0,0.0,0.0,0.0,1.0,0.0,0.0,0.0
8,8,0.0,0.0,0.0,0.0,0.0,0.0,0.0,0.0,1.0,0.0,0.0,0.0
8,8,0.0,0.0,0.0,0.0,0.0,0.0,0.0,0.0,1.0,0.0,0.0,0.0
8,8,0.0,0.0,0.0,0.0,0.0,0.0,0.0,0.0,1.0,0.0,0.0,0.0
8,8,0.0,0.0,0.0,0.0,0.0,0.0,0.0,0.0,1.0,0.0,0.0,0.0
8,8,0.0,0.0,0.0,0.0,0.0,0.0,0.0,0.0,1.0,0.0,0.0,0.0
8,8,0.0,0.0,0.0,0.0,0.0,0.0,0.0,0.0,1.0,0.0,0.0,0.0
8,8,0.0,0.0,0.0,0.0,0.0,0.0,0.0,0.0,1.0,0.0,0.0,0.0
8,8,0.0,0.0,0.0,0.0,0.0,0.0,0.0,0.0,1.0,0.0,0.0,0.0
8,8,0.0,0.0,0.0,0.0,0.0,0.0,0.0,0.0,1.0,0.0,0.0,0.0
8,8,0.0,0.0,0.0,0.0,0.0,0.0,0.0,0.0,1.0,0.0,0.0,0.0
8,8,0.0,0.0,0.0,0.0,0.0,0.0,0.0,0.0,1.0,0.0,0.0,0.0
8,8,0.0,0.0,0.0,0.0,0.0,0.0,0.0,0.0,1.0,0.0,0.0,0.0
8,8,0.0,0.0,0.0,0.0,0.0,0.0,0.0,0.0,1.0,0.0,0.0,0.0
8,8,0.0,0.0,0.0,0.0,0.0,0.0,0.0,0.0,1.0,0.0,0.0,0.0
8,8,0.0,0.0,0.0,0.0,0.0,0.0,0.0,0.0,1.0,0.0,0.0,0.0
8,8,0.0,0.0,0.0,0.0,0.0,0.0,0.0,0.0,1.0,0.0,0.0,0.0
8,8,0.0,0.0,0.0,0.0,0.0,0.0,0.0,0.0,1.0,0.0,0.0,0.0
8,8,0.0,0.0,0.0,0.0,0.0,0.0,0.0,0.0,1.0,0.0,0.0,0.0
8,8,0.0,0.0,0.0,0.0,0.0,0.0,0.0,0.0,1.0,0.0,0.0,0.0
8,8,0.0,0.0,0.0,0.0,0.0,0.0,0.0,0.0,1.0,0.0,0.0,0.0
8,8,0.0,0.0,0.0,0.0,0.0,0.0,0.0,0.0,1.0,0.0,0.0,0.0
8,8,0.0,0.0,0.0,0.0,0.0,0.0,0.0,0.0,1.0,0.0,0.0,0.0
8,8,0.0,0.0,0.0,0.0,0.0,0.0,0.0,0.0,1.0,0.0,0.0,0.0
8,8,0.0,0.0,0.0,0.0,0.0,0.0,0.0,0.0,1.0,0.0,0.0,0.0
8,8,0.0,0.0,0.0,0.0,0.0,0.0,0.0,0.0,1.0,0.0,0.0,0.0
8,8,0.0,0.0,0.0,0.0,0.0,0.0,0.0,0.0,1.0,0.0,0.0,0.0
8,8,0.0,0.0,0.0,0.0,0.0,0.0,0.0,0.0,1.0,0.0,0.0,0.0
8,8,0.0,0.0,0.0,0.0,0.0,0.0,0.0,0.0,1.0,0.0,0.0,0.0
8,8,0.0,0.0,0.0,0.0,0.0,0.0,0.0,0.0,1.0,0.0,0.0,0.0
8,8,0.0,0.0,0.0,0.0,0.0,0.0,0.0,0.0,1.0,0.0,0.0,0.0
8,8,0.0,0.0,0.0,0.0,0.0,0.0,0.0,0.0,1.0,0.0,0.0,0.0
8,8,0.0,0.0,0.0,0.0,0.0,0.0,0.0,0.0,1.0,0.0,0.0,0.0
8,8,0.0,0.0,0.0,0.0,0.0,0.0,0.0,0.0,1.0,0.0,0.0,0.0
8,8,0.0,0.0,0.0,0.0,0.0,0.0,0.0,0.0,1.0,0.0,0.0,0.0
8,8,0.0,0.0,0.0,0.0,0.0,0.0,0.0,0.0,1.0,0.0,0.0,0.0
8,8,0.0,0.0,0.0,0.0,0.0,0.0,0.0,0.0,1.0,0.0,0.0,0.0
8,8,0.0,0.0,0.0,0.0,0.0,0.0,0.0,0.0,1.0,0.0,0.0,0.0
8,8,0.0,0.0,0.0,0.0,0.0,0.0,0.0,0.0,1.0,0.0,0.0,0.0
8,8,0.0,0.0,0.0,0.0,0.0,0.0,0.0,0.0,1.0,0.0,0.0,0.0
8,8,0.0,0.0,0.0,0.0,0.0,0.0,0.0,0.0,1.0,0.0,0.0,0.0
8,8,0.0,0.0,0.0,0.0,0.0,0.0,0.0,0.0,1.0,0.0,0.0,0.0
8,8,0.0,0.0,0.0,0.0,0.0,0.0,0.0,0.0,1.0,0.0,0.0,0.0
8,8,0.0,0.0,0.0,0.0,0.0,0.0,0.0,0.0,1.0,0.0,0.0,0.0
8,8,0.0,0.0,0.0,0.0,0.0,0.0,0.0,0.0,1.0,0.0,0.0,0.0
8,8,0.0,0.0,0.0,0.0,0.0,0.0,0.0,0.0,1.0,0.0,0.0,0.0
8,8,0.0,0.0,0.0,0.0,0.0,0.0,0.0,0.0,1.0,0.0,0.0,0.0
8,8,0.0,0.0,0.0,0.0,0.0,0.0,0.0,0.0,1.0,0.0,0.0,0.0
8,8,0.0,0.0,0.0,0.0,0.0,0.0,0.0,0.0,1.0,0.0,0.0,0.0
8,8,0.0,0.0,0.0,0.0,0.0,0.0,0.0,0.0,1.0,0.0,0.0,0.0
8,8,0.0,0.0,0.0,0.0,0.0,0.0,0.0,0.0,1.0,0.0,0.0,0.0
8,8,0.0,0.0,0.0,0.0,0.0,0.0,0.0,0.0,1.0,0.0,0.0,0.0
8,8,0.0,0.0,0.0,0.0,0.0,0.0,0.0,0.0,1.0,0.0,0.0,0.0
8,8,0.0,0.0,0.0,0.0,0.0,0.0,0.0,0.0,1.0,0.0,0.0,0.0
8,8,0.0,0.0,0.0,0.0,0.0,0.0,0.0,0.0,1.0,0.0,0.0,0.0
8,8,0.0,0.0,0.0,0.0,0.0,0.0,0.0,0.0,1.0,0.0,0.0,0.0
8,8,0.0,0.0,0.0,0.0,0.0,0.0,0.0,0.0,1.0,0.0,0.0,0.0
8,8,0.0,0.0,0.0,0.0,0.0,0.0,0.0,0.0,1.0,0.0,0.0,0.0
8,8,0.0,0.0,0.0,0.0,0.0,0.0,0.0,0.0,1.0,0.0,0.0,0.0
8,8,0.0,0.0,0.0,0.0,0.0,0.0,0.0,0.0,1.0,0.0,0.0,0.0
8,8,0.0,0.0,0.0,0.0,0.0,0.0,0.0,0.0,1.0,0.0,0.0,0.0
8,8,0.0,0.0,0.0,0.0,0.0,0.0,0.0,0.0,1.0,0.0,0.0,0.0
8,8,0.0,0.0,0.0,0.0,0.0,0.0,0.0,0.0,1.0,0.0,0.0,0.0
8,8,0.0,0.0,0.0,0.0,0.0,0.0,0.0,0.0,1.0,0.0,0.0,0.0
8,8,0.0,0.0,0.0,0.0,0.0,0.0,0.0,0.0,1.0,0.0,0.0,0.0
8,8,0.0,0.0,0.0,0.0,0.0,0.0,0.0,0.0,1.0,0.0,0.0,0.0
8,8,0.0,0.0,0.0,0.0,0.0,0.0,0.0,0.0,1.0,0.0,0.0,0.0
8,8,0.0,0.0,0.0,0.0,0.0,0.0,0.0,0.0,1.0,0.0,0.0,0.0
8,8,0.0,0.0,0.0,0.0,0.0,0.0,0.0,0.0,1.0,0.0,0.0,0.0
8,8,0.0,0.0,0.0,0.0,0.0,0.0,0.0,0.0,1.0,0.0,0.0,0.0
8,8,0.0,0.0,0.0,0.0,0.0,0.0,0.0,0.0,1.0,0.0,0.0,0.0
8,8,0.0,0.0,0.0,0.0,0.0,0.0,0.0,0.0,1.0,0.0,0.0,0.0
8,8,0.0,0.0,0.0,0.0,0.0,0.0,0.0,0.0,1.0,0.0,0.0,0.0
8,8,0.0,0.0,0.0,0.0,0.0,0.0,0.0,0.0,1.0,0.0,0.0,0.0
8,8,0.0,0.0,0.0,0.0,0.0,0.0,0.0,0.0,1.0,0.0,0.0,0.0
8,8,0.0,0.0,0.0,0.0,0.0,0.0,0.0,0.0,1.0,0.0,0.0,0.0
8,8,0.0,0.0,0.0,0.0,0.0,0.0,0.0,0.0,1.0,0.0,0.0,0.0
8,8,0.0,0.0,0.0,0.0,0.0,0.0,0.0,0.0,1.0,0.0,0.0,0.0
8,8,0.0,0.0,0.0,0.0,0.0,0.0,0.0,0.0,1.0,0.0,0.0,0.0
8,8,0.0,0.0,0.0,0.0,0.0,0.0,0.0,0.0,1.0,0.0,0.0,0.0
8,8,0.0,0.0,0.0,0.0,0.0,0.0,0.0,0.0,1.0,0.0,0.0,0.0
8,8,0.0,0.0,0.0,0.0,0.0,0.0,0.0,0.0,1.0,0.0,0.0,0.0
8,8,0.0,0.0,0.0,0.0,0.0,0.0,0.0,0.0,1.0,0.0,0.0,0.0
8,8,0.0,0.0,0.0,0.0,0.0,0.0,0.0,0.0,1.0,0.0,0.0,0.0
8,8,0.0,0.0,0.0,0.0,0.0,0.0,0.0,0.0,1.0,0.0,0.0,0.0
8,8,0.0,0.0,0.0,0.0,0.0,0.0,0.0,0.0,1.0,0.0,0.0,0.0
8,8,0.0,0.0,0.0,0.0,0.0,0.0,0.0,0.0,1.0,0.0,0.0,0.0
8,8,0.0,0.0,0.0,0.0,0.0,0.0,0.0,0.0,1.0,0.0,0.0,0.0
8,8,0.0,0.0,0.0,0.0,0.0,0.0,0.0,0.0,1.0,0.0,0.0,0.0
8,8,0.0,0.0,0.0,0.0,0.0,0.0,0.0,0.0,1.0,0.0,0.0,0.0
8,8,0.0,0.0,0.0,0.0,0.0,0.0,0.0,0.0,1.0,0.0,0.0,0.0
8,8,0.0,0.0,0.0,0.0,0.0,0.0,0.0,0.0,1.0,0.0,0.0,0.0
8,8,0.0,0.0,0.0,0.0,0.0,0.0,0.0,0.0,1.0,0.0,0.0,0.0
8,8,0.0,0.0,0.0,0.0,0.0,0.0,0.0,0.0,1.0,0.0,0.0,0.0
8,8,0.0,0.0,0.0,0.0,0.0,0.0,0.0,0.0,1.0,0.0,0.0,0.0
8,8,0.0,0.0,0.0,0.0,0.0,0.0,0.0,0.0,1.0,0.0,0.0,0.0
8,8,0.0,0.0,0.0,0.0,0.0,0.0,0.0,0.0,1.0,0.0,0.0,0.0
8,8,0.0,0.0,0.0,0.0,0.0,0.0,0.0,0.0,1.0,0.0,0.0,0.0
8,8,0.0,0.0,0.0,0.0,0.0,0.0,0.0,0.0,1.0,0.0,0.0,0.0
8,8,0.0,0.0,0.0,0.0,0.0,0.0,0.0,0.0,1.0,0.0,0.0,0.0
8,8,0.0,0.0,0.0,0.0,0.0,0.0,0.0,0.0,1.0,0.0,0.0,0.0
8,8,0.0,0.0,0.0,0.0,0.0,0.0,0.0,0.0,1.0,0.0,0.0,0.0
8,8,0.0,0.0,0.0,0.0,0.0,0.0,0.0,0.0,1.0,0.0,0.0,0.0
8,8,0.0,0.0,0.0,0.0,0.0,0.0,0.0,0.0,1.0,0.0,0.0,0.0
8,8,0.0,0.0,0.0,0.0,0.0,0.0,0.0,0.0,1.0,0.0,0.0,0.0
8,8,0.0,0.0,0.0,0.0,0.0,0.0,0.0,0.0,1.0,0.0,0.0,0.0
8,8,0.0,0.0,0.0,0.0,0.0,0.0,0.0,0.0,1.0,0.0,0.0,0.0
8,8,0.0,0.0,0.0,0.0,0.0,0.0,0.0,0.0,1.0,0.0,0.0,0.0
8,8,0.0,0.0,0.0,0.0,0.0,0.0,0.0,0.0,1.0,0.0,0.0,0.0
8,8,0.0,0.0,0.0,0.0,0.0,0.0,0.0,0.0,1.0,0.0,0.0,0.0
8,8,0.0,0.0,0.0,0.0,0.0,0.0,0.0,0.0,1.0,0.0,0.0,0.0
8,8,0.0,0.0,0.0,0.0,0.0,0.0,0.0,0.0,1.0,0.0,0.0,0.0
8,8,0.0,0.0,0.0,0.0,0.0,0.0,0.0,0.0,1.0,0.0,0.0,0.0
8,8,0.0,0.0,0.0,0.0,0.0,0.0,0.0,0.0,1.0,0.0,0.0,0.0
8,8,0.0,0.0,0.0,0.0,0.0,0.0,0.0,0.0,1.0,0.0,0.0,0.0
8,8,0.0,0.0,0.0,0.0,0.0,0.0,0.0,0.0,1.0,0.0,0.0,0.0
8,8,0.0,0.0,0.0,0.0,0.0,0.0,0.0,0.0,1.0,0.0,0.0,0.0
8,8,0.0,0.0,0.0,0.0,0.0,0.0,0.0,0.0,1.0,0.0,0.0,0.0
8,8,0.0,0.0,0.0,0.0,0.0,0.0,0.0,0.0,1.0,0.0,0.0,0.0
8,8,0.0,0.0,0.0,0.0,0.0,0.0,0.0,0.0,1.0,0.0,0.0,0.0
8,8,0.0,0.0,0.0,0.0,0.0,0.0,0.0,0.0,1.0,0.0,0.0,0.0
8,8,0.0,0.0,0.0,0.0,0.0,0.0,0.0,0.0,1.0,0.0,0.0,0.0
8,8,0.0,0.0,0.0,0.0,0.0,0.0,0.0,0.0,1.0,0.0,0.0,0.0
8,8,0.0,0.0,0.0,0.0,0.0,0.0,0.0,0.0,1.0,0.0,0.0,0.0
8,8,0.0,0.0,0.0,0.0,0.0,0.0,0.0,0.0,1.0,0.0,0.0,0.0
8,8,0.0,0.0,0.0,0.0,0.0,0.0,0.0,0.0,1.0,0.0,0.0,0.0
8,8,0.0,0.0,0.0,0.0,0.0,0.0,0.0,0.0,1.0,0.0,0.0,0.0
8,8,0.0,0.0,0.0,0.0,0.0,0.0,0.0,0.0,1.0,0.0,0.0,0.0
8,8,0.0,0.0,0.0,0.0,0.0,0.0,0.0,0.0,1.0,0.0,0.0,0.0
8,8,0.0,0.0,0.0,0.0,0.0,0.0,0.0,0.0,1.0,0.0,0.0,0.0
8,8,0.0,0.0,0.0,0.0,0.0,0.0,0.0,0.0,1.0,0.0,0.0,0.0
8,8,0.0,0.0,0.0,0.0,0.0,0.0,0.0,0.0,1.0,0.0,0.0,0.0
8,8,0.0,0.0,0.0,0.0,0.0,0.0,0.0,0.0,1.0,0.0,0.0,0.0
8,8,0.0,0.0,0.0,0.0,0.0,0.0,0.0,0.0,1.0,0.0,0.0,0.0
8,8,0.0,0.0,0.0,0.0,0.0,0.0,0.0,0.0,1.0,0.0,0.0,0.0
8,8,0.0,0.0,0.0,0.0,0.0,0.0,0.0,0.0,1.0,0.0,0.0,0.0
8,8,0.0,0.0,0.0,0.0,0.0,0.0,0.0,0.0,1.0,0.0,0.0,0.0
8,8,0.0,0.0,0.0,0.0,0.0,0.0,0.0,0.0,1.0,0.0,0.0,0.0
8,8,0.0,0.0,0.0,0.0,0.0,0.0,0.0,0.0,1.0,0.0,0.0,0.0
8,8,0.0,0.0,0.0,0.0,0.0,0.0,0.0,0.0,1.0,0.0,0.0,0.0
8,8,0.0,0.0,0.0,0.0,0.0,0.0,0.0,0.0,1.0,0.0,0.0,0.0
8,8,0.0,0.0,0.0,0.0,0.0,0.0,0.0,0.0,1.0,0.0,0.0,0.0
8,8,0.0,0.0,0.0,0.0,0.0,0.0,0.0,0.0,1.0,0.0,0.0,0.0
8,8,0.0,0.0,0.0,0.0,0.0,0.0,0.0,0.0,1.0,0.0,0.0,0.0
8,8,0.0,0.0,0.0,0.0,0.0,0.0,0.0,0.0,1.0,0.0,0.0,0.0
8,8,0.0,0.0,0.0,0.0,0.0,0.0,0.0,0.0,1.0,0.0,0.0,0.0
8,8,0.0,0.0,0.0,0.0,0.0,0.0,0.0,0.0,1.0,0.0,0.0,0.0
8,8,0.0,0.0,0.0,0.0,0.0,0.0,0.0,0.0,1.0,0.0,0.0,0.0
8,8,0.0,0.0,0.0,0.0,0.0,0.0,0.0,0.0,1.0,0.0,0.0,0.0
8,8,0.0,0.0,0.0,0.0,0.0,0.0,0.0,0.0,1.0,0.0,0.0,0.0
8,8,0.0,0.0,0.0,0.0,0.0,0.0,0.0,0.0,1.0,0.0,0.0,0.0
8,8,0.0,0.0,0.0,0.0,0.0,0.0,0.0,0.0,1.0,0.0,0.0,0.0
8,8,0.0,0.0,0.0,0.0,0.0,0.0,0.0,0.0,1.0,0.0,0.0,0.0
8,8,0.0,0.0,0.0,0.0,0.0,0.0,0.0,0.0,1.0,0.0,0.0,0.0
8,8,0.0,0.0,0.0,0.0,0.0,0.0,0.0,0.0,1.0,0.0,0.0,0.0
8,8,0.0,0.0,0.0,0.0,0.0,0.0,0.0,0.0,1.0,0.0,0.0,0.0
8,8,0.0,0.0,0.0,0.0,0.0,0.0,0.0,0.0,1.0,0.0,0.0,0.0
8,8,0.0,0.0,0.0,0.0,0.0,0.0,0.0,0.0,1.0,0.0,0.0,0.0
8,8,0.0,0.0,0.0,0.0,0.0,0.0,0.0,0.0,1.0,0.0,0.0,0.0
8,8,0.0,0.0,0.0,0.0,0.0,0.0,0.0,0.0,1.0,0.0,0.0,0.0
8,8,0.0,0.0,0.0,0.0,0.0,0.0,0.0,0.0,1.0,0.0,0.0,0.0
8,8,0.0,0.0,0.0,0.0,0.0,0.0,0.0,0.0,1.0,0.0,0.0,0.0
8,8,0.0,0.0,0.0,0.0,0.0,0.0,0.0,0.0,1.0,0.0,0.0,0.0
8,8,0.0,0.0,0.0,0.0,0.0,0.0,0.0,0.0,1.0,0.0,0.0,0.0
8,8,0.0,0.0,0.0,0.0,0.0,0.0,0.0,0.0,1.0,0.0,0.0,0.0
8,8,0.0,0.0,0.0,0.0,0.0,0.0,0.0,0.0,1.0,0.0,0.0,0.0
8,8,0.0,0.0,0.0,0.0,0.0,0.0,0.0,0.0,1.0,0.0,0.0,0.0
8,8,0.0,0.0,0.0,0.0,0.0,0.0,0.0,0.0,1.0,0.0,0.0,0.0
8,8,0.0,0.0,0.0,0.0,0.0,0.0,0.0,0.0,1.0,0.0,0.0,0.0
8,8,0.0,0.0,0.0,0.0,0.0,0.0,0.0,0.0,1.0,0.0,0.0,0.0
8,8,0.0,0.0,0.0,0.0,0.0,0.0,0.0,0.0,1.0,0.0,0.0,0.0
8,8,0.0,0.0,0.0,0.0,0.0,0.0,0.0,0.0,1.0,0.0,0.0,0.0
8,8,0.0,0.0,0.0,0.0,0.0,0.0,0.0,0.0,1.0,0.0,0.0,0.0
8,8,0.0,0.0,0.0,0.0,0.0,0.0,0.0,0.0,1.0,0.0,0.0,0.0
8,8,0.0,0.0,0.0,0.0,0.0,0.0,0.0,0.0,1.0,0.0,0.0,0.0
8,8,0.0,0.0,0.0,0.0,0.0,0.0,0.0,0.0,1.0,0.0,0.0,0.0
8,8,0.0,0.0,0.0,0.0,0.0,0.0,0.0,0.0,1.0,0.0,0.0,0.0
8,8,0.0,0.0,0.0,0.0,0.0,0.0,0.0,0.0,1.0,0.0,0.0,0.0
8,8,0.0,0.0,0.0,0.0,0.0,0.0,0.0,0.0,1.0,0.0,0.0,0.0
8,8,0.0,0.0,0.0,0.0,0.0,0.0,0.0,0.0,1.0,0.0,0.0,0.0
8,8,0.0,0.0,0.0,0.0,0.0,0.0,0.0,0.0,1.0,0.0,0.0,0.0
8,8,0.0,0.0,0.0,0.0,0.0,0.0,0.0,0.0,1.0,0.0,0.0,0.0
8,8,0.0,0.0,0.0,0.0,0.0,0.0,0.0,0.0,1.0,0.0,0.0,0.0
8,8,0.0,0.0,0.0,0.0,0.0,0.0,0.0,0.0,1.0,0.0,0.0,0.0
8,8,0.0,0.0,0.0,0.0,0.0,0.0,0.0,0.0,1.0,0.0,0.0,0.0
8,8,0.0,0.0,0.0,0.0,0.0,0.0,0.0,0.0,1.0,0.0,0.0,0.0
8,8,0.0,0.0,0.0,0.0,0.0,0.0,0.0,0.0,1.0,0.0,0.0,0.0
8,8,0.0,0.0,0.0,0.0,0.0,0.0,0.0,0.0,1.0,0.0,0.0,0.0
8,8,0.0,0.0,0.0,0.0,0.0,0.0,0.0,0.0,1.0,0.0,0.0,0.0
8,8,0.0,0.0,0.0,0.0,0.0,0.0,0.0,0.0,1.0,0.0,0.0,0.0
8,8,0.0,0.0,0.0,0.0,0.0,0.0,0.0,0.0,1.0,0.0,0.0,0.0
8,8,0.0,0.0,0.0,0.0,0.0,0.0,0.0,0.0,1.0,0.0,0.0,0.0
8,8,0.0,0.0,0.0,0.0,0.0,0.0,0.0,0.0,1.0,0.0,0.0,0.0
8,8,0.0,0.0,0.0,0.0,0.0,0.0,0.0,0.0,1.0,0.0,0.0,0.0
8,8,0.0,0.0,0.0,0.0,0.0,0.0,0.0,0.0,1.0,0.0,0.0,0.0
8,8,0.0,0.0,0.0,0.0,0.0,0.0,0.0,0.0,1.0,0.0,0.0,0.0
8,8,0.0,0.0,0.0,0.0,0.0,0.0,0.0,0.0,1.0,0.0,0.0,0.0
8,8,0.0,0.0,0.0,0.0,0.0,0.0,0.0,0.0,1.0,0.0,0.0,0.0
8,8,0.0,0.0,0.0,0.0,0.0,0.0,0.0,0.0,1.0,0.0,0.0,0.0
8,8,0.0,0.0,0.0,0.0,0.0,0.0,0.0,0.0,1.0,0.0,0.0,0.0
8,8,0.0,0.0,0.0,0.0,0.0,0.0,0.0,0.0,1.0,0.0,0.0,0.0
8,8,0.0,0.0,0.0,0.0,0.0,0.0,0.0,0.0,1.0,0.0,0.0,0.0
8,8,0.0,0.0,0.0,0.0,0.0,0.0,0.0,0.0,1.0,0.0,0.0,0.0
8,8,0.0,0.0,0.0,0.0,0.0,0.0,0.0,0.0,1.0,0.0,0.0,0.0
8,8,0.0,0.0,0.0,0.0,0.0,0.0,0.0,0.0,1.0,0.0,0.0,0.0
8,8,0.0,0.0,0.0,0.0,0.0,0.0,0.0,0.0,1.0,0.0,0.0,0.0
8,8,0.0,0.0,0.0,0.0,0.0,0.0,0.0,0.0,1.0,0.0,0.0,0.0
8,8,0.0,0.0,0.0,0.0,0.0,0.0,0.0,0.0,1.0,0.0,0.0,0.0
8,8,0.0,0.0,0.0,0.0,0.0,0.0,0.0,0.0,1.0,0.0,0.0,0.0
8,8,0.0,0.0,0.0,0.0,0.0,0.0,0.0,0.0,1.0,0.0,0.0,0.0
8,8,0.0,0.0,0.0,0.0,0.0,0.0,0.0,0.0,1.0,0.0,0.0,0.0
8,8,0.0,0.0,0.0,0.0,0.0,0.0,0.0,0.0,1.0,0.0,0.0,0.0
8,8,0.0,0.0,0.0,0.0,0.0,0.0,0.0,0.0,1.0,0.0,0.0,0.0
8,8,0.0,0.0,0.0,0.0,0.0,0.0,0.0,0.0,1.0,0.0,0.0,0.0
8,8,0.0,0.0,0.0,0.0,0.0,0.0,0.0,0.0,1.0,0.0,0.0,0.0
8,8,0.0,0.0,0.0,0.0,0.0,0.0,0.0,0.0,1.0,0.0,0.0,0.0
8,8,0.0,0.0,0.0,0.0,0.0,0.0,0.0,0.0,1.0,0.0,0.0,0.0
8,8,0.0,0.0,0.0,0.0,0.0,0.0,0.0,0.0,1.0,0.0,0.0,0.0
8,8,0.0,0.0,0.0,0.0,0.0,0.0,0.0,0.0,1.0,0.0,0.0,0.0
8,8,0.0,0.0,0.0,0.0,0.0,0.0,0.0,0.0,1.0,0.0,0.0,0.0
8,8,0.0,0.0,0.0,0.0,0.0,0.0,0.0,0.0,1.0,0.0,0.0,0.0
8,8,0.0,0.0,0.0,0.0,0.0,0.0,0.0,0.0,1.0,0.0,0.0,0.0
8,8,0.0,0.0,0.0,0.0,0.0,0.0,0.0,0.0,1.0,0.0,0.0,0.0
8,8,0.0,0.0,0.0,0.0,0.0,0.0,0.0,0.0,1.0,0.0,0.0,0.0
8,8,0.0,0.0,0.0,0.0,0.0,0.0,0.0,0.0,1.0,0.0,0.0,0.0
8,8,0.0,0.0,0.0,0.0,0.0,0.0,0.0,0.0,1.0,0.0,0.0,0.0
8,8,0.0,0.0,0.0,0.0,0.0,0.0,0.0,0.0,1.0,0.0,0.0,0.0
8,8,0.0,0.0,0.0,0.0,0.0,0.0,0.0,0.0,1.0,0.0,0.0,0.0
8,8,0.0,0.0,0.0,0.0,0.0,0.0,0.0,0.0,1.0,0.0,0.0,0.0
8,8,0.0,0.0,0.0,0.0,0.0,0.0,0.0,0.0,1.0,0.0,0.0,0.0
8,8,0.0,0.0,0.0,0.0,0.0,0.0,0.0,0.0,1.0,0.0,0.0,0.0
8,8,0.0,0.0,0.0,0.0,0.0,0.0,0.0,0.0,1.0,0.0,0.0,0.0
8,8,0.0,0.0,0.0,0.0,0.0,0.0,0.0,0.0,1.0,0.0,0.0,0.0
8,8,0.0,0.0,0.0,0.0,0.0,0.0,0.0,0.0,1.0,0.0,0.0,0.0
8,8,0.0,0.0,0.0,0.0,0.0,0.0,0.0,0.0,1.0,0.0,0.0,0.0
8,8,0.0,0.0,0.0,0.0,0.0,0.0,0.0,0.0,1.0,0.0,0.0,0.0
8,8,0.0,0.0,0.0,0.0,0.0,0.0,0.0,0.0,1.0,0.0,0.0,0.0
8,8,0.0,0.0,0.0,0.0,0.0,0.0,0.0,0.0,1.0,0.0,0.0,0.0
8,8,0.0,0.0,0.0,0.0,0.0,0.0,0.0,0.0,1.0,0.0,0.0,0.0
8,8,0.0,0.0,0.0,0.0,0.0,0.0,0.0,0.0,1.0,0.0,0.0,0.0
8,8,0.0,0.0,0.0,0.0,0.0,0.0,0.0,0.0,1.0,0.0,0.0,0.0
8,8,0.0,0.0,0.0,0.0,0.0,0.0,0.0,0.0,1.0,0.0,0.0,0.0
8,8,0.0,0.0,0.0,0.0,0.0,0.0,0.0,0.0,1.0,0.0,0.0,0.0
8,8,0.0,0.0,0.0,0.0,0.0,0.0,0.0,0.0,1.0,0.0,0.0,0.0
8,8,0.0,0.0,0.0,0.0,0.0,0.0,0.0,0.0,1.0,0.0,0.0,0.0
8,8,0.0,0.0,0.0,0.0,0.0,0.0,0.0,0.0,1.0,0.0,0.0,0.0
8,8,0.0,0.0,0.0,0.0,0.0,0.0,0.0,0.0,1.0,0.0,0.0,0.0
8,8,0.0,0.0,0.0,0.0,0.0,0.0,0.0,0.0,1.0,0.0,0.0,0.0
8,8,0.0,0.0,0.0,0.0,0.0,0.0,0.0,0.0,1.0,0.0,0.0,0.0
8,8,0.0,0.0,0.0,0.0,0.0,0.0,0.0,0.0,1.0,0.0,0.0,0.0
8,8,0.0,0.0,0.0,0.0,0.0,0.0,0.0,0.0,1.0,0.0,0.0,0.0
8,8,0.0,0.0,0.0,0.0,0.0,0.0,0.0,0.0,1.0,0.0,0.0,0.0
8,8,0.0,0.0,0.0,0.0,0.0,0.0,0.0,0.0,1.0,0.0,0.0,0.0
8,8,0.0,0.0,0.0,0.0,0.0,0.0,0.0,0.0,1.0,0.0,0.0,0.0
8,8,0.0,0.0,0.0,0.0,0.0,0.0,0.0,0.0,1.0,0.0,0.0,0.0
8,8,0.0,0.0,0.0,0.0,0.0,0.0,0.0,0.0,1.0,0.0,0.0,0.0
8,8,0.0,0.0,0.0,0.0,0.0,0.0,0.0,0.0,1.0,0.0,0.0,0.0
8,8,0.0,0.0,0.0,0.0,0.0,0.0,0.0,0.0,1.0,0.0,0.0,0.0
8,8,0.0,0.0,0.0,0.0,0.0,0.0,0.0,0.0,1.0,0.0,0.0,0.0
8,8,0.0,0.0,0.0,0.0,0.0,0.0,0.0,0.0,1.0,0.0,0.0,0.0
8,8,0.0,0.0,0.0,0.0,0.0,0.0,0.0,0.0,1.0,0.0,0.0,0.0
8,8,0.0,0.0,0.0,0.0,0.0,0.0,0.0,0.0,1.0,0.0,0.0,0.0
8,8,0.0,0.0,0.0,0.0,0.0,0.0,0.0,0.0,1.0,0.0,0.0,0.0
8,8,0.0,0.0,0.0,0.0,0.0,0.0,0.0,0.0,1.0,0.0,0.0,0.0
8,8,0.0,0.0,0.0,0.0,0.0,0.0,0.0,0.0,1.0,0.0,0.0,0.0
8,8,0.0,0.0,0.0,0.0,0.0,0.0,0.0,0.0,1.0,0.0,0.0,0.0
8,8,0.0,0.0,0.0,0.0,0.0,0.0,0.0,0.0,1.0,0.0,0.0,0.0
8,8,0.0,0.0,0.0,0.0,0.0,0.0,0.0,0.0,1.0,0.0,0.0,0.0
8,8,0.0,0.0,0.0,0.0,0.0,0.0,0.0,0.0,1.0,0.0,0.0,0.0
8,8,0.0,0.0,0.0,0.0,0.0,0.0,0.0,0.0,1.0,0.0,0.0,0.0
8,8,0.0,0.0,0.0,0.0,0.0,0.0,0.0,0.0,1.0,0.0,0.0,0.0
8,8,0.0,0.0,0.0,0.0,0.0,0.0,0.0,0.0,1.0,0.0,0.0,0.0
8,8,0.0,0.0,0.0,0.0,0.0,0.0,0.0,0.0,1.0,0.0,0.0,0.0
8,8,0.0,0.0,0.0,0.0,0.0,0.0,0.0,0.0,1.0,0.0,0.0,0.0
8,8,0.0,0.0,0.0,0.0,0.0,0.0,0.0,0.0,1.0,0.0,0.0,0.0
8,8,0.0,0.0,0.0,0.0,0.0,0.0,0.0,0.0,1.0,0.0,0.0,0.0
8,8,0.0,0.0,0.0,0.0,0.0,0.0,0.0,0.0,1.0,0.0,0.0,0.0
8,8,0.0,0.0,0.0,0.0,0.0,0.0,0.0,0.0,1.0,0.0,0.0,0.0
8,8,0.0,0.0,0.0,0.0,0.0,0.0,0.0,0.0,1.0,0.0,0.0,0.0
8,8,0.0,0.0,0.0,0.0,0.0,0.0,0.0,0.0,1.0,0.0,0.0,0.0
8,8,0.0,0.0,0.0,0.0,0.0,0.0,0.0,0.0,1.0,0.0,0.0,0.0
8,8,0.0,0.0,0.0,0.0,0.0,0.0,0.0,0.0,1.0,0.0,0.0,0.0
8,8,0.0,0.0,0.0,0.0,0.0,0.0,0.0,0.0,1.0,0.0,0.0,0.0
8,8,0.0,0.0,0.0,0.0,0.0,0.0,0.0,0.0,1.0,0.0,0.0,0.0
8,8,0.0,0.0,0.0,0.0,0.0,0.0,0.0,0.0,1.0,0.0,0.0,0.0
8,8,0.0,0.0,0.0,0.0,0.0,0.0,0.0,0.0,1.0,0.0,0.0,0.0
8,8,0.0,0.0,0.0,0.0,0.0,0.0,0.0,0.0,1.0,0.0,0.0,0.0
8,8,0.0,0.0,0.0,0.0,0.0,0.0,0.0,0.0,1.0,0.0,0.0,0.0
8,8,0.0,0.0,0.0,0.0,0.0,0.0,0.0,0.0,1.0,0.0,0.0,0.0
8,8,0.0,0.0,0.0,0.0,0.0,0.0,0.0,0.0,1.0,0.0,0.0,0.0
8,8,0.0,0.0,0.0,0.0,0.0,0.0,0.0,0.0,1.0,0.0,0.0,0.0
8,8,0.0,0.0,0.0,0.0,0.0,0.0,0.0,0.0,1.0,0.0,0.0,0.0
8,8,0.0,0.0,0.0,0.0,0.0,0.0,0.0,0.0,1.0,0.0,0.0,0.0
8,8,0.0,0.0,0.0,0.0,0.0,0.0,0.0,0.0,1.0,0.0,0.0,0.0
8,8,0.0,0.0,0.0,0.0,0.0,0.0,0.0,0.0,1.0,0.0,0.0,0.0
8,8,0.0,0.0,0.0,0.0,0.0,0.0,0.0,0.0,1.0,0.0,0.0,0.0
8,8,0.0,0.0,0.0,0.0,0.0,0.0,0.0,0.0,1.0,0.0,0.0,0.0
8,8,0.0,0.0,0.0,0.0,0.0,0.0,0.0,0.0,1.0,0.0,0.0,0.0
8,8,0.0,0.0,0.0,0.0,0.0,0.0,0.0,0.0,1.0,0.0,0.0,0.0
8,8,0.0,0.0,0.0,0.0,0.0,0.0,0.0,0.0,1.0,0.0,0.0,0.0
8,8,0.0,0.0,0.0,0.0,0.0,0.0,0.0,0.0,1.0,0.0,0.0,0.0
8,8,0.0,0.0,0.0,0.0,0.0,0.0,0.0,0.0,1.0,0.0,0.0,0.0
8,8,0.0,0.0,0.0,0.0,0.0,0.0,0.0,0.0,1.0,0.0,0.0,0.0
8,8,0.0,0.0,0.0,0.0,0.0,0.0,0.0,0.0,1.0,0.0,0.0,0.0
8,8,0.0,0.0,0.0,0.0,0.0,0.0,0.0,0.0,1.0,0.0,0.0,0.0
8,8,0.0,0.0,0.0,0.0,0.0,0.0,0.0,0.0,1.0,0.0,0.0,0.0
8,8,0.0,0.0,0.0,0.0,0.0,0.0,0.0,0.0,1.0,0.0,0.0,0.0
8,8,0.0,0.0,0.0,0.0,0.0,0.0,0.0,0.0,1.0,0.0,0.0,0.0
8,8,0.0,0.0,0.0,0.0,0.0,0.0,0.0,0.0,1.0,0.0,0.0,0.0
8,8,0.0,0.0,0.0,0.0,0.0,0.0,0.0,0.0,1.0,0.0,0.0,0.0
8,8,0.0,0.0,0.0,0.0,0.0,0.0,0.0,0.0,1.0,0.0,0.0,0.0
8,8,0.0,0.0,0.0,0.0,0.0,0.0,0.0,0.0,1.0,0.0,0.0,0.0
8,8,0.0,0.0,0.0,0.0,0.0,0.0,0.0,0.0,1.0,0.0,0.0,0.0
8,8,0.0,0.0,0.0,0.0,0.0,0.0,0.0,0.0,1.0,0.0,0.0,0.0
8,8,0.0,0.0,0.0,0.0,0.0,0.0,0.0,0.0,1.0,0.0,0.0,0.0
8,8,0.0,0.0,0.0,0.0,0.0,0.0,0.0,0.0,1.0,0.0,0.0,0.0
8,8,0.0,0.0,0.0,0.0,0.0,0.0,0.0,0.0,1.0,0.0,0.0,0.0
8,8,0.0,0.0,0.0,0.0,0.0,0.0,0.0,0.0,1.0,0.0,0.0,0.0
8,8,0.0,0.0,0.0,0.0,0.0,0.0,0.0,0.0,1.0,0.0,0.0,0.0
8,8,0.0,0.0,0.0,0.0,0.0,0.0,0.0,0.0,1.0,0.0,0.0,0.0
8,8,0.0,0.0,0.0,0.0,0.0,0.0,0.0,0.0,1.0,0.0,0.0,0.0
8,8,0.0,0.0,0.0,0.0,0.0,0.0,0.0,0.0,1.0,0.0,0.0,0.0
8,8,0.0,0.0,0.0,0.0,0.0,0.0,0.0,0.0,1.0,0.0,0.0,0.0
8,8,0.0,0.0,0.0,0.0,0.0,0.0,0.0,0.0,1.0,0.0,0.0,0.0
8,8,0.0,0.0,0.0,0.0,0.0,0.0,0.0,0.0,1.0,0.0,0.0,0.0
8,8,0.0,0.0,0.0,0.0,0.0,0.0,0.0,0.0,1.0,0.0,0.0,0.0
8,8,0.0,0.0,0.0,0.0,0.0,0.0,0.0,0.0,1.0,0.0,0.0,0.0
8,8,0.0,0.0,0.0,0.0,0.0,0.0,0.0,0.0,1.0,0.0,0.0,0.0
8,8,0.0,0.0,0.0,0.0,0.0,0.0,0.0,0.0,1.0,0.0,0.0,0.0
8,8,0.0,0.0,0.0,0.0,0.0,0.0,0.0,0.0,1.0,0.0,0.0,0.0
8,8,0.0,0.0,0.0,0.0,0.0,0.0,0.0,0.0,1.0,0.0,0.0,0.0
8,8,0.0,0.0,0.0,0.0,0.0,0.0,0.0,0.0,1.0,0.0,0.0,0.0
8,8,0.0,0.0,0.0,0.0,0.0,0.0,0.0,0.0,1.0,0.0,0.0,0.0
8,8,0.0,0.0,0.0,0.0,0.0,0.0,0.0,0.0,1.0,0.0,0.0,0.0
8,8,0.0,0.0,0.0,0.0,0.0,0.0,0.0,0.0,1.0,0.0,0.0,0.0
8,8,0.0,0.0,0.0,0.0,0.0,0.0,0.0,0.0,1.0,0.0,0.0,0.0
8,8,0.0,0.0,0.0,0.0,0.0,0.0,0.0,0.0,1.0,0.0,0.0,0.0
8,8,0.0,0.0,0.0,0.0,0.0,0.0,0.0,0.0,1.0,0.0,0.0,0.0
8,8,0.0,0.0,0.0,0.0,0.0,0.0,0.0,0.0,1.0,0.0,0.0,0.0
8,8,0.0,0.0,0.0,0.0,0.0,0.0,0.0,0.0,1.0,0.0,0.0,0.0
8,8,0.0,0.0,0.0,0.0,0.0,0.0,0.0,0.0,1.0,0.0,0.0,0.0
8,8,0.0,0.0,0.0,0.0,0.0,0.0,0.0,0.0,1.0,0.0,0.0,0.0
8,8,0.0,0.0,0.0,0.0,0.0,0.0,0.0,0.0,1.0,0.0,0.0,0.0
8,8,0.0,0.0,0.0,0.0,0.0,0.0,0.0,0.0,1.0,0.0,0.0,0.0
8,8,0.0,0.0,0.0,0.0,0.0,0.0,0.0,0.0,1.0,0.0,0.0,0.0
8,8,0.0,0.0,0.0,0.0,0.0,0.0,0.0,0.0,1.0,0.0,0.0,0.0
8,8,0.0,0.0,0.0,0.0,0.0,0.0,0.0,0.0,1.0,0.0,0.0,0.0
8,8,0.0,0.0,0.0,0.0,0.0,0.0,0.0,0.0,1.0,0.0,0.0,0.0
8,8,0.0,0.0,0.0,0.0,0.0,0.0,0.0,0.0,1.0,0.0,0.0,0.0
8,8,0.0,0.0,0.0,0.0,0.0,0.0,0.0,0.0,1.0,0.0,0.0,0.0
8,8,0.0,0.0,0.0,0.0,0.0,0.0,0.0,0.0,1.0,0.0,0.0,0.0
8,8,0.0,0.0,0.0,0.0,0.0,0.0,0.0,0.0,1.0,0.0,0.0,0.0
8,8,0.0,0.0,0.0,0.0,0.0,0.0,0.0,0.0,1.0,0.0,0.0,0.0
8,8,0.0,0.0,0.0,0.0,0.0,0.0,0.0,0.0,1.0,0.0,0.0,0.0
8,8,0.0,0.0,0.0,0.0,0.0,0.0,0.0,0.0,1.0,0.0,0.0,0.0
8,8,0.0,0.0,0.0,0.0,0.0,0.0,0.0,0.0,1.0,0.0,0.0,0.0
8,8,0.0,0.0,0.0,0.0,0.0,0.0,0.0,0.0,1.0,0.0,0.0,0.0
8,8,0.0,0.0,0.0,0.0,0.0,0.0,0.0,0.0,1.0,0.0,0.0,0.0
8,8,0.0,0.0,0.0,0.0,0.0,0.0,0.0,0.0,1.0,0.0,0.0,0.0
8,8,0.0,0.0,0.0,0.0,0.0,0.0,0.0,0.0,1.0,0.0,0.0,0.0
8,8,0.0,0.0,0.0,0.0,0.0,0.0,0.0,0.0,1.0,0.0,0.0,0.0
8,8,0.0,0.0,0.0,0.0,0.0,0.0,0.0,0.0,1.0,0.0,0.0,0.0
8,8,0.0,0.0,0.0,0.0,0.0,0.0,0.0,0.0,1.0,0.0,0.0,0.0
8,8,0.0,0.0,0.0,0.0,0.0,0.0,0.0,0.0,1.0,0.0,0.0,0.0
8,8,0.0,0.0,0.0,0.0,0.0,0.0,0.0,0.0,1.0,0.0,0.0,0.0
8,8,0.0,0.0,0.0,0.0,0.0,0.0,0.0,0.0,1.0,0.0,0.0,0.0
8,8,0.0,0.0,0.0,0.0,0.0,0.0,0.0,0.0,1.0,0.0,0.0,0.0
8,8,0.0,0.0,0.0,0.0,0.0,0.0,0.0,0.0,1.0,0.0,0.0,0.0
8,8,0.0,0.0,0.0,0.0,0.0,0.0,0.0,0.0,1.0,0.0,0.0,0.0
8,8,0.0,0.0,0.0,0.0,0.0,0.0,0.0,0.0,1.0,0.0,0.0,0.0
8,8,0.0,0.0,0.0,0.0,0.0,0.0,0.0,0.0,1.0,0.0,0.0,0.0
8,8,0.0,0.0,0.0,0.0,0.0,0.0,0.0,0.0,1.0,0.0,0.0,0.0
8,8,0.0,0.0,0.0,0.0,0.0,0.0,0.0,0.0,1.0,0.0,0.0,0.0
8,8,0.0,0.0,0.0,0.0,0.0,0.0,0.0,0.0,1.0,0.0,0.0,0.0
8,8,0.0,0.0,0.0,0.0,0.0,0.0,0.0,0.0,1.0,0.0,0.0,0.0
8,8,0.0,0.0,0.0,0.0,0.0,0.0,0.0,0.0,1.0,0.0,0.0,0.0
8,8,0.0,0.0,0.0,0.0,0.0,0.0,0.0,0.0,1.0,0.0,0.0,0.0
8,8,0.0,0.0,0.0,0.0,0.0,0.0,0.0,0.0,1.0,0.0,0.0,0.0
8,8,0.0,0.0,0.0,0.0,0.0,0.0,0.0,0.0,1.0,0.0,0.0,0.0
8,8,0.0,0.0,0.0,0.0,0.0,0.0,0.0,0.0,1.0,0.0,0.0,0.0
8,8,0.0,0.0,0.0,0.0,0.0,0.0,0.0,0.0,1.0,0.0,0.0,0.0
8,8,0.0,0.0,0.0,0.0,0.0,0.0,0.0,0.0,1.0,0.0,0.0,0.0
8,8,0.0,0.0,0.0,0.0,0.0,0.0,0.0,0.0,1.0,0.0,0.0,0.0
8,8,0.0,0.0,0.0,0.0,0.0,0.0,0.0,0.0,1.0,0.0,0.0,0.0
8,8,0.0,0.0,0.0,0.0,0.0,0.0,0.0,0.0,1.0,0.0,0.0,0.0
8,8,0.0,0.0,0.0,0.0,0.0,0.0,0.0,0.0,1.0,0.0,0.0,0.0
8,8,0.0,0.0,0.0,0.0,0.0,0.0,0.0,0.0,1.0,0.0,0.0,0.0
8,8,0.0,0.0,0.0,0.0,0.0,0.0,0.0,0.0,1.0,0.0,0.0,0.0
8,8,0.0,0.0,0.0,0.0,0.0,0.0,0.0,0.0,1.0,0.0,0.0,0.0
8,8,0.0,0.0,0.0,0.0,0.0,0.0,0.0,0.0,1.0,0.0,0.0,0.0
8,8,0.0,0.0,0.0,0.0,0.0,0.0,0.0,0.0,1.0,0.0,0.0,0.0
8,8,0.0,0.0,0.0,0.0,0.0,0.0,0.0,0.0,1.0,0.0,0.0,0.0
8,8,0.0,0.0,0.0,0.0,0.0,0.0,0.0,0.0,1.0,0.0,0.0,0.0
8,8,0.0,0.0,0.0,0.0,0.0,0.0,0.0,0.0,1.0,0.0,0.0,0.0
8,8,0.0,0.0,0.0,0.0,0.0,0.0,0.0,0.0,1.0,0.0,0.0,0.0
8,8,0.0,0.0,0.0,0.0,0.0,0.0,0.0,0.0,1.0,0.0,0.0,0.0
8,8,0.0,0.0,0.0,0.0,0.0,0.0,0.0,0.0,1.0,0.0,0.0,0.0
8,8,0.0,0.0,0.0,0.0,0.0,0.0,0.0,0.0,1.0,0.0,0.0,0.0
8,8,0.0,0.0,0.0,0.0,0.0,0.0,0.0,0.0,1.0,0.0,0.0,0.0
8,8,0.0,0.0,0.0,0.0,0.0,0.0,0.0,0.0,1.0,0.0,0.0,0.0
8,8,0.0,0.0,0.0,0.0,0.0,0.0,0.0,0.0,1.0,0.0,0.0,0.0
8,8,0.0,0.0,0.0,0.0,0.0,0.0,0.0,0.0,1.0,0.0,0.0,0.0
8,8,0.0,0.0,0.0,0.0,0.0,0.0,0.0,0.0,1.0,0.0,0.0,0.0
8,8,0.0,0.0,0.0,0.0,0.0,0.0,0.0,0.0,1.0,0.0,0.0,0.0
8,8,0.0,0.0,0.0,0.0,0.0,0.0,0.0,0.0,1.0,0.0,0.0,0.0
8,8,0.0,0.0,0.0,0.0,0.0,0.0,0.0,0.0,1.0,0.0,0.0,0.0
8,8,0.0,0.0,0.0,0.0,0.0,0.0,0.0,0.0,1.0,0.0,0.0,0.0
8,8,0.0,0.0,0.0,0.0,0.0,0.0,0.0,0.0,1.0,0.0,0.0,0.0
8,8,0.0,0.0,0.0,0.0,0.0,0.0,0.0,0.0,1.0,0.0,0.0,0.0
8,8,0.0,0.0,0.0,0.0,0.0,0.0,0.0,0.0,1.0,0.0,0.0,0.0
8,8,0.0,0.0,0.0,0.0,0.0,0.0,0.0,0.0,1.0,0.0,0.0,0.0
8,8,0.0,0.0,0.0,0.0,0.0,0.0,0.0,0.0,1.0,0.0,0.0,0.0
8,8,0.0,0.0,0.0,0.0,0.0,0.0,0.0,0.0,1.0,0.0,0.0,0.0
8,8,0.0,0.0,0.0,0.0,0.0,0.0,0.0,0.0,1.0,0.0,0.0,0.0
8,8,0.0,0.0,0.0,0.0,0.0,0.0,0.0,0.0,1.0,0.0,0.0,0.0
8,8,0.0,0.0,0.0,0.0,0.0,0.0,0.0,0.0,1.0,0.0,0.0,0.0
8,8,0.0,0.0,0.0,0.0,0.0,0.0,0.0,0.0,1.0,0.0,0.0,0.0
8,8,0.0,0.0,0.0,0.0,0.0,0.0,0.0,0.0,1.0,0.0,0.0,0.0
8,8,0.0,0.0,0.0,0.0,0.0,0.0,0.0,0.0,1.0,0.0,0.0,0.0
8,8,0.0,0.0,0.0,0.0,0.0,0.0,0.0,0.0,1.0,0.0,0.0,0.0
8,8,0.0,0.0,0.0,0.0,0.0,0.0,0.0,0.0,1.0,0.0,0.0,0.0
8,8,0.0,0.0,0.0,0.0,0.0,0.0,0.0,0.0,1.0,0.0,0.0,0.0
8,8,0.0,0.0,0.0,0.0,0.0,0.0,0.0,0.0,1.0,0.0,0.0,0.0
8,8,0.0,0.0,0.0,0.0,0.0,0.0,0.0,0.0,1.0,0.0,0.0,0.0
8,8,0.0,0.0,0.0,0.0,0.0,0.0,0.0,0.0,1.0,0.0,0.0,0.0
8,8,0.0,0.0,0.0,0.0,0.0,0.0,0.0,0.0,1.0,0.0,0.0,0.0
8,8,0.0,0.0,0.0,0.0,0.0,0.0,0.0,0.0,1.0,0.0,0.0,0.0
8,8,0.0,0.0,0.0,0.0,0.0,0.0,0.0,0.0,1.0,0.0,0.0,0.0
8,8,0.0,0.0,0.0,0.0,0.0,0.0,0.0,0.0,1.0,0.0,0.0,0.0
8,8,0.0,0.0,0.0,0.0,0.0,0.0,0.0,0.0,1.0,0.0,0.0,0.0
8,8,0.0,0.0,0.0,0.0,0.0,0.0,0.0,0.0,1.0,0.0,0.0,0.0
8,8,0.0,0.0,0.0,0.0,0.0,0.0,0.0,0.0,1.0,0.0,0.0,0.0
8,8,0.0,0.0,0.0,0.0,0.0,0.0,0.0,0.0,1.0,0.0,0.0,0.0
8,8,0.0,0.0,0.0,0.0,0.0,0.0,0.0,0.0,1.0,0.0,0.0,0.0
8,8,0.0,0.0,0.0,0.0,0.0,0.0,0.0,0.0,1.0,0.0,0.0,0.0
8,8,0.0,0.0,0.0,0.0,0.0,0.0,0.0,0.0,1.0,0.0,0.0,0.0
8,8,0.0,0.0,0.0,0.0,0.0,0.0,0.0,0.0,1.0,0.0,0.0,0.0
8,8,0.0,0.0,0.0,0.0,0.0,0.0,0.0,0.0,1.0,0.0,0.0,0.0
8,8,0.0,0.0,0.0,0.0,0.0,0.0,0.0,0.0,1.0,0.0,0.0,0.0
8,8,0.0,0.0,0.0,0.0,0.0,0.0,0.0,0.0,1.0,0.0,0.0,0.0
8,8,0.0,0.0,0.0,0.0,0.0,0.0,0.0,0.0,1.0,0.0,0.0,0.0
8,8,0.0,0.0,0.0,0.0,0.0,0.0,0.0,0.0,1.0,0.0,0.0,0.0
8,8,0.0,0.0,0.0,0.0,0.0,0.0,0.0,0.0,1.0,0.0,0.0,0.0
8,8,0.0,0.0,0.0,0.0,0.0,0.0,0.0,0.0,1.0,0.0,0.0,0.0
8,8,0.0,0.0,0.0,0.0,0.0,0.0,0.0,0.0,1.0,0.0,0.0,0.0
8,8,0.0,0.0,0.0,0.0,0.0,0.0,0.0,0.0,1.0,0.0,0.0,0.0
8,8,0.0,0.0,0.0,0.0,0.0,0.0,0.0,0.0,1.0,0.0,0.0,0.0
8,8,0.0,0.0,0.0,0.0,0.0,0.0,0.0,0.0,1.0,0.0,0.0,0.0
8,8,0.0,0.0,0.0,0.0,0.0,0.0,0.0,0.0,1.0,0.0,0.0,0.0
8,8,0.0,0.0,0.0,0.0,0.0,0.0,0.0,0.0,1.0,0.0,0.0,0.0
8,8,0.0,0.0,0.0,0.0,0.0,0.0,0.0,0.0,1.0,0.0,0.0,0.0
8,8,0.0,0.0,0.0,0.0,0.0,0.0,0.0,0.0,1.0,0.0,0.0,0.0
8,8,0.0,0.0,0.0,0.0,0.0,0.0,0.0,0.0,1.0,0.0,0.0,0.0
8,8,0.0,0.0,0.0,0.0,0.0,0.0,0.0,0.0,1.0,0.0,0.0,0.0
8,8,0.0,0.0,0.0,0.0,0.0,0.0,0.0,0.0,1.0,0.0,0.0,0.0
8,8,0.0,0.0,0.0,0.0,0.0,0.0,0.0,0.0,1.0,0.0,0.0,0.0
8,8,0.0,0.0,0.0,0.0,0.0,0.0,0.0,0.0,1.0,0.0,0.0,0.0
8,8,0.0,0.0,0.0,0.0,0.0,0.0,0.0,0.0,1.0,0.0,0.0,0.0
8,8,0.0,0.0,0.0,0.0,0.0,0.0,0.0,0.0,1.0,0.0,0.0,0.0
8,8,0.0,0.0,0.0,0.0,0.0,0.0,0.0,0.0,1.0,0.0,0.0,0.0
8,8,0.0,0.0,0.0,0.0,0.0,0.0,0.0,0.0,1.0,0.0,0.0,0.0
8,8,0.0,0.0,0.0,0.0,0.0,0.0,0.0,0.0,1.0,0.0,0.0,0.0
8,8,0.0,0.0,0.0,0.0,0.0,0.0,0.0,0.0,1.0,0.0,0.0,0.0
8,8,0.0,0.0,0.0,0.0,0.0,0.0,0.0,0.0,1.0,0.0,0.0,0.0
8,8,0.0,0.0,0.0,0.0,0.0,0.0,0.0,0.0,1.0,0.0,0.0,0.0
8,8,0.0,0.0,0.0,0.0,0.0,0.0,0.0,0.0,1.0,0.0,0.0,0.0
8,8,0.0,0.0,0.0,0.0,0.0,0.0,0.0,0.0,1.0,0.0,0.0,0.0
8,8,0.0,0.0,0.0,0.0,0.0,0.0,0.0,0.0,1.0,0.0,0.0,0.0
8,8,0.0,0.0,0.0,0.0,0.0,0.0,0.0,0.0,1.0,0.0,0.0,0.0
8,8,0.0,0.0,0.0,0.0,0.0,0.0,0.0,0.0,1.0,0.0,0.0,0.0
8,8,0.0,0.0,0.0,0.0,0.0,0.0,0.0,0.0,1.0,0.0,0.0,0.0
8,8,0.0,0.0,0.0,0.0,0.0,0.0,0.0,0.0,1.0,0.0,0.0,0.0
8,8,0.0,0.0,0.0,0.0,0.0,0.0,0.0,0.0,1.0,0.0,0.0,0.0
8,8,0.0,0.0,0.0,0.0,0.0,0.0,0.0,0.0,1.0,0.0,0.0,0.0
8,8,0.0,0.0,0.0,0.0,0.0,0.0,0.0,0.0,1.0,0.0,0.0,0.0
8,8,0.0,0.0,0.0,0.0,0.0,0.0,0.0,0.0,1.0,0.0,0.0,0.0
8,8,0.0,0.0,0.0,0.0,0.0,0.0,0.0,0.0,1.0,0.0,0.0,0.0
8,8,0.0,0.0,0.0,0.0,0.0,0.0,0.0,0.0,1.0,0.0,0.0,0.0
8,8,0.0,0.0,0.0,0.0,0.0,0.0,0.0,0.0,1.0,0.0,0.0,0.0
8,8,0.0,0.0,0.0,0.0,0.0,0.0,0.0,0.0,1.0,0.0,0.0,0.0
8,8,0.0,0.0,0.0,0.0,0.0,0.0,0.0,0.0,1.0,0.0,0.0,0.0
8,8,0.0,0.0,0.0,0.0,0.0,0.0,0.0,0.0,1.0,0.0,0.0,0.0
8,8,0.0,0.0,0.0,0.0,0.0,0.0,0.0,0.0,1.0,0.0,0.0,0.0
8,8,0.0,0.0,0.0,0.0,0.0,0.0,0.0,0.0,1.0,0.0,0.0,0.0
8,8,0.0,0.0,0.0,0.0,0.0,0.0,0.0,0.0,1.0,0.0,0.0,0.0
8,8,0.0,0.0,0.0,0.0,0.0,0.0,0.0,0.0,1.0,0.0,0.0,0.0
8,8,0.0,0.0,0.0,0.0,0.0,0.0,0.0,0.0,1.0,0.0,0.0,0.0
8,8,0.0,0.0,0.0,0.0,0.0,0.0,0.0,0.0,1.0,0.0,0.0,0.0
8,8,0.0,0.0,0.0,0.0,0.0,0.0,0.0,0.0,1.0,0.0,0.0,0.0
8,8,0.0,0.0,0.0,0.0,0.0,0.0,0.0,0.0,1.0,0.0,0.0,0.0
8,8,0.0,0.0,0.0,0.0,0.0,0.0,0.0,0.0,1.0,0.0,0.0,0.0
8,8,0.0,0.0,0.0,0.0,0.0,0.0,0.0,0.0,1.0,0.0,0.0,0.0
8,8,0.0,0.0,0.0,0.0,0.0,0.0,0.0,0.0,1.0,0.0,0.0,0.0
8,8,0.0,0.0,0.0,0.0,0.0,0.0,0.0,0.0,1.0,0.0,0.0,0.0
8,8,0.0,0.0,0.0,0.0,0.0,0.0,0.0,0.0,1.0,0.0,0.0,0.0
8,8,0.0,0.0,0.0,0.0,0.0,0.0,0.0,0.0,1.0,0.0,0.0,0.0
8,8,0.0,0.0,0.0,0.0,0.0,0.0,0.0,0.0,1.0,0.0,0.0,0.0
8,8,0.0,0.0,0.0,0.0,0.0,0.0,0.0,0.0,1.0,0.0,0.0,0.0
8,8,0.0,0.0,0.0,0.0,0.0,0.0,0.0,0.0,1.0,0.0,0.0,0.0
8,8,0.0,0.0,0.0,0.0,0.0,0.0,0.0,0.0,1.0,0.0,0.0,0.0
8,8,0.0,0.0,0.0,0.0,0.0,0.0,0.0,0.0,1.0,0.0,0.0,0.0
8,8,0.0,0.0,0.0,0.0,0.0,0.0,0.0,0.0,1.0,0.0,0.0,0.0
8,8,0.0,0.0,0.0,0.0,0.0,0.0,0.0,0.0,1.0,0.0,0.0,0.0
8,8,0.0,0.0,0.0,0.0,0.0,0.0,0.0,0.0,1.0,0.0,0.0,0.0
8,8,0.0,0.0,0.0,0.0,0.0,0.0,0.0,0.0,1.0,0.0,0.0,0.0
8,8,0.0,0.0,0.0,0.0,0.0,0.0,0.0,0.0,1.0,0.0,0.0,0.0
8,8,0.0,0.0,0.0,0.0,0.0,0.0,0.0,0.0,1.0,0.0,0.0,0.0
8,8,0.0,0.0,0.0,0.0,0.0,0.0,0.0,0.0,1.0,0.0,0.0,0.0
8,8,0.0,0.0,0.0,0.0,0.0,0.0,0.0,0.0,1.0,0.0,0.0,0.0
8,8,0.0,0.0,0.0,0.0,0.0,0.0,0.0,0.0,1.0,0.0,0.0,0.0
8,8,0.0,0.0,0.0,0.0,0.0,0.0,0.0,0.0,1.0,0.0,0.0,0.0
8,8,0.0,0.0,0.0,0.0,0.0,0.0,0.0,0.0,1.0,0.0,0.0,0.0
8,8,0.0,0.0,0.0,0.0,0.0,0.0,0.0,0.0,1.0,0.0,0.0,0.0
8,8,0.0,0.0,0.0,0.0,0.0,0.0,0.0,0.0,1.0,0.0,0.0,0.0
8,8,0.0,0.0,0.0,0.0,0.0,0.0,0.0,0.0,1.0,0.0,0.0,0.0
8,8,0.0,0.0,0.0,0.0,0.0,0.0,0.0,0.0,1.0,0.0,0.0,0.0
8,8,0.0,0.0,0.0,0.0,0.0,0.0,0.0,0.0,1.0,0.0,0.0,0.0
8,8,0.0,0.0,0.0,0.0,0.0,0.0,0.0,0.0,1.0,0.0,0.0,0.0
8,8,0.0,0.0,0.0,0.0,0.0,0.0,0.0,0.0,1.0,0.0,0.0,0.0
8,8,0.0,0.0,0.0,0.0,0.0,0.0,0.0,0.0,1.0,0.0,0.0,0.0
8,8,0.0,0.0,0.0,0.0,0.0,0.0,0.0,0.0,1.0,0.0,0.0,0.0
8,8,0.0,0.0,0.0,0.0,0.0,0.0,0.0,0.0,1.0,0.0,0.0,0.0
8,8,0.0,0.0,0.0,0.0,0.0,0.0,0.0,0.0,1.0,0.0,0.0,0.0
8,8,0.0,0.0,0.0,0.0,0.0,0.0,0.0,0.0,1.0,0.0,0.0,0.0
8,8,0.0,0.0,0.0,0.0,0.0,0.0,0.0,0.0,1.0,0.0,0.0,0.0
8,8,0.0,0.0,0.0,0.0,0.0,0.0,0.0,0.0,1.0,0.0,0.0,0.0
8,8,0.0,0.0,0.0,0.0,0.0,0.0,0.0,0.0,1.0,0.0,0.0,0.0
8,8,0.0,0.0,0.0,0.0,0.0,0.0,0.0,0.0,1.0,0.0,0.0,0.0
8,8,0.0,0.0,0.0,0.0,0.0,0.0,0.0,0.0,1.0,0.0,0.0,0.0
8,8,0.0,0.0,0.0,0.0,0.0,0.0,0.0,0.0,1.0,0.0,0.0,0.0
8,8,0.0,0.0,0.0,0.0,0.0,0.0,0.0,0.0,1.0,0.0,0.0,0.0
8,8,0.0,0.0,0.0,0.0,0.0,0.0,0.0,0.0,1.0,0.0,0.0,0.0
8,8,0.0,0.0,0.0,0.0,0.0,0.0,0.0,0.0,1.0,0.0,0.0,0.0
8,8,0.0,0.0,0.0,0.0,0.0,0.0,0.0,0.0,1.0,0.0,0.0,0.0
8,8,0.0,0.0,0.0,0.0,0.0,0.0,0.0,0.0,1.0,0.0,0.0,0.0
8,8,0.0,0.0,0.0,0.0,0.0,0.0,0.0,0.0,1.0,0.0,0.0,0.0
8,8,0.0,0.0,0.0,0.0,0.0,0.0,0.0,0.0,1.0,0.0,0.0,0.0
8,8,0.0,0.0,0.0,0.0,0.0,0.0,0.0,0.0,1.0,0.0,0.0,0.0
8,8,0.0,0.0,0.0,0.0,0.0,0.0,0.0,0.0,1.0,0.0,0.0,0.0
8,8,0.0,0.0,0.0,0.0,0.0,0.0,0.0,0.0,1.0,0.0,0.0,0.0
8,8,0.0,0.0,0.0,0.0,0.0,0.0,0.0,0.0,1.0,0.0,0.0,0.0
8,8,0.0,0.0,0.0,0.0,0.0,0.0,0.0,0.0,1.0,0.0,0.0,0.0
8,8,0.0,0.0,0.0,0.0,0.0,0.0,0.0,0.0,1.0,0.0,0.0,0.0
8,8,0.0,0.0,0.0,0.0,0.0,0.0,0.0,0.0,1.0,0.0,0.0,0.0
8,8,0.0,0.0,0.0,0.0,0.0,0.0,0.0,0.0,1.0,0.0,0.0,0.0
8,8,0.0,0.0,0.0,0.0,0.0,0.0,0.0,0.0,1.0,0.0,0.0,0.0
8,8,0.0,0.0,0.0,0.0,0.0,0.0,0.0,0.0,1.0,0.0,0.0,0.0
8,8,0.0,0.0,0.0,0.0,0.0,0.0,0.0,0.0,1.0,0.0,0.0,0.0
8,8,0.0,0.0,0.0,0.0,0.0,0.0,0.0,0.0,1.0,0.0,0.0,0.0
8,8,0.0,0.0,0.0,0.0,0.0,0.0,0.0,0.0,1.0,0.0,0.0,0.0
8,8,0.0,0.0,0.0,0.0,0.0,0.0,0.0,0.0,1.0,0.0,0.0,0.0
8,8,0.0,0.0,0.0,0.0,0.0,0.0,0.0,0.0,1.0,0.0,0.0,0.0
8,8,0.0,0.0,0.0,0.0,0.0,0.0,0.0,0.0,1.0,0.0,0.0,0.0
8,8,0.0,0.0,0.0,0.0,0.0,0.0,0.0,0.0,1.0,0.0,0.0,0.0
8,8,0.0,0.0,0.0,0.0,0.0,0.0,0.0,0.0,1.0,0.0,0.0,0.0
8,8,0.0,0.0,0.0,0.0,0.0,0.0,0.0,0.0,1.0,0.0,0.0,0.0
8,8,0.0,0.0,0.0,0.0,0.0,0.0,0.0,0.0,1.0,0.0,0.0,0.0
8,8,0.0,0.0,0.0,0.0,0.0,0.0,0.0,0.0,1.0,0.0,0.0,0.0
8,8,0.0,0.0,0.0,0.0,0.0,0.0,0.0,0.0,1.0,0.0,0.0,0.0
8,8,0.0,0.0,0.0,0.0,0.0,0.0,0.0,0.0,1.0,0.0,0.0,0.0
8,8,0.0,0.0,0.0,0.0,0.0,0.0,0.0,0.0,1.0,0.0,0.0,0.0
8,8,0.0,0.0,0.0,0.0,0.0,0.0,0.0,0.0,1.0,0.0,0.0,0.0
8,8,0.0,0.0,0.0,0.0,0.0,0.0,0.0,0.0,1.0,0.0,0.0,0.0
8,8,0.0,0.0,0.0,0.0,0.0,0.0,0.0,0.0,1.0,0.0,0.0,0.0
8,8,0.0,0.0,0.0,0.0,0.0,0.0,0.0,0.0,1.0,0.0,0.0,0.0
8,8,0.0,0.0,0.0,0.0,0.0,0.0,0.0,0.0,1.0,0.0,0.0,0.0
8,8,0.0,0.0,0.0,0.0,0.0,0.0,0.0,0.0,1.0,0.0,0.0,0.0
8,8,0.0,0.0,0.0,0.0,0.0,0.0,0.0,0.0,1.0,0.0,0.0,0.0
8,8,0.0,0.0,0.0,0.0,0.0,0.0,0.0,0.0,1.0,0.0,0.0,0.0
8,8,0.0,0.0,0.0,0.0,0.0,0.0,0.0,0.0,1.0,0.0,0.0,0.0
8,8,0.0,0.0,0.0,0.0,0.0,0.0,0.0,0.0,1.0,0.0,0.0,0.0
8,8,0.0,0.0,0.0,0.0,0.0,0.0,0.0,0.0,1.0,0.0,0.0,0.0
8,8,0.0,0.0,0.0,0.0,0.0,0.0,0.0,0.0,1.0,0.0,0.0,0.0
8,8,0.0,0.0,0.0,0.0,0.0,0.0,0.0,0.0,1.0,0.0,0.0,0.0
8,8,0.0,0.0,0.0,0.0,0.0,0.0,0.0,0.0,1.0,0.0,0.0,0.0
8,8,0.0,0.0,0.0,0.0,0.0,0.0,0.0,0.0,1.0,0.0,0.0,0.0
8,8,0.0,0.0,0.0,0.0,0.0,0.0,0.0,0.0,1.0,0.0,0.0,0.0
8,8,0.0,0.0,0.0,0.0,0.0,0.0,0.0,0.0,1.0,0.0,0.0,0.0
8,8,0.0,0.0,0.0,0.0,0.0,0.0,0.0,0.0,1.0,0.0,0.0,0.0
8,8,0.0,0.0,0.0,0.0,0.0,0.0,0.0,0.0,1.0,0.0,0.0,0.0
8,8,0.0,0.0,0.0,0.0,0.0,0.0,0.0,0.0,1.0,0.0,0.0,0.0
8,8,0.0,0.0,0.0,0.0,0.0,0.0,0.0,0.0,1.0,0.0,0.0,0.0
8,8,0.0,0.0,0.0,0.0,0.0,0.0,0.0,0.0,1.0,0.0,0.0,0.0
8,8,0.0,0.0,0.0,0.0,0.0,0.0,0.0,0.0,1.0,0.0,0.0,0.0
8,8,0.0,0.0,0.0,0.0,0.0,0.0,0.0,0.0,1.0,0.0,0.0,0.0
8,8,0.0,0.0,0.0,0.0,0.0,0.0,0.0,0.0,1.0,0.0,0.0,0.0
8,8,0.0,0.0,0.0,0.0,0.0,0.0,0.0,0.0,1.0,0.0,0.0,0.0
8,8,0.0,0.0,0.0,0.0,0.0,0.0,0.0,0.0,1.0,0.0,0.0,0.0
8,8,0.0,0.0,0.0,0.0,0.0,0.0,0.0,0.0,1.0,0.0,0.0,0.0
8,8,0.0,0.0,0.0,0.0,0.0,0.0,0.0,0.0,1.0,0.0,0.0,0.0
8,8,0.0,0.0,0.0,0.0,0.0,0.0,0.0,0.0,1.0,0.0,0.0,0.0
8,8,0.0,0.0,0.0,0.0,0.0,0.0,0.0,0.0,1.0,0.0,0.0,0.0
8,8,0.0,0.0,0.0,0.0,0.0,0.0,0.0,0.0,1.0,0.0,0.0,0.0
8,8,0.0,0.0,0.0,0.0,0.0,0.0,0.0,0.0,1.0,0.0,0.0,0.0
8,8,0.0,0.0,0.0,0.0,0.0,0.0,0.0,0.0,1.0,0.0,0.0,0.0
8,8,0.0,0.0,0.0,0.0,0.0,0.0,0.0,0.0,1.0,0.0,0.0,0.0
8,8,0.0,0.0,0.0,0.0,0.0,0.0,0.0,0.0,1.0,0.0,0.0,0.0
8,8,0.0,0.0,0.0,0.0,0.0,0.0,0.0,0.0,1.0,0.0,0.0,0.0
8,8,0.0,0.0,0.0,0.0,0.0,0.0,0.0,0.0,1.0,0.0,0.0,0.0
8,8,0.0,0.0,0.0,0.0,0.0,0.0,0.0,0.0,1.0,0.0,0.0,0.0
8,8,0.0,0.0,0.0,0.0,0.0,0.0,0.0,0.0,1.0,0.0,0.0,0.0
8,8,0.0,0.0,0.0,0.0,0.0,0.0,0.0,0.0,1.0,0.0,0.0,0.0
8,8,0.0,0.0,0.0,0.0,0.0,0.0,0.0,0.0,1.0,0.0,0.0,0.0
8,8,0.0,0.0,0.0,0.0,0.0,0.0,0.0,0.0,1.0,0.0,0.0,0.0
8,8,0.0,0.0,0.0,0.0,0.0,0.0,0.0,0.0,1.0,0.0,0.0,0.0
8,8,0.0,0.0,0.0,0.0,0.0,0.0,0.0,0.0,1.0,0.0,0.0,0.0
8,8,0.0,0.0,0.0,0.0,0.0,0.0,0.0,0.0,1.0,0.0,0.0,0.0
8,8,0.0,0.0,0.0,0.0,0.0,0.0,0.0,0.0,1.0,0.0,0.0,0.0
8,8,0.0,0.0,0.0,0.0,0.0,0.0,0.0,0.0,1.0,0.0,0.0,0.0
8,8,0.0,0.0,0.0,0.0,0.0,0.0,0.0,0.0,1.0,0.0,0.0,0.0
8,8,0.0,0.0,0.0,0.0,0.0,0.0,0.0,0.0,1.0,0.0,0.0,0.0
8,8,0.0,0.0,0.0,0.0,0.0,0.0,0.0,0.0,1.0,0.0,0.0,0.0
8,8,0.0,0.0,0.0,0.0,0.0,0.0,0.0,0.0,1.0,0.0,0.0,0.0
8,8,0.0,0.0,0.0,0.0,0.0,0.0,0.0,0.0,1.0,0.0,0.0,0.0
8,8,0.0,0.0,0.0,0.0,0.0,0.0,0.0,0.0,1.0,0.0,0.0,0.0
8,8,0.0,0.0,0.0,0.0,0.0,0.0,0.0,0.0,1.0,0.0,0.0,0.0
8,8,0.0,0.0,0.0,0.0,0.0,0.0,0.0,0.0,1.0,0.0,0.0,0.0
8,8,0.0,0.0,0.0,0.0,0.0,0.0,0.0,0.0,1.0,0.0,0.0,0.0
8,8,0.0,0.0,0.0,0.0,0.0,0.0,0.0,0.0,1.0,0.0,0.0,0.0
8,8,0.0,0.0,0.0,0.0,0.0,0.0,0.0,0.0,1.0,0.0,0.0,0.0
8,8,0.0,0.0,0.0,0.0,0.0,0.0,0.0,0.0,1.0,0.0,0.0,0.0
8,8,0.0,0.0,0.0,0.0,0.0,0.0,0.0,0.0,1.0,0.0,0.0,0.0
8,8,0.0,0.0,0.0,0.0,0.0,0.0,0.0,0.0,1.0,0.0,0.0,0.0
8,8,0.0,0.0,0.0,0.0,0.0,0.0,0.0,0.0,1.0,0.0,0.0,0.0
8,8,0.0,0.0,0.0,0.0,0.0,0.0,0.0,0.0,1.0,0.0,0.0,0.0
8,8,0.0,0.0,0.0,0.0,0.0,0.0,0.0,0.0,1.0,0.0,0.0,0.0
8,8,0.0,0.0,0.0,0.0,0.0,0.0,0.0,0.0,1.0,0.0,0.0,0.0
8,8,0.0,0.0,0.0,0.0,0.0,0.0,0.0,0.0,1.0,0.0,0.0,0.0
8,8,0.0,0.0,0.0,0.0,0.0,0.0,0.0,0.0,1.0,0.0,0.0,0.0
8,8,0.0,0.0,0.0,0.0,0.0,0.0,0.0,0.0,1.0,0.0,0.0,0.0
8,8,0.0,0.0,0.0,0.0,0.0,0.0,0.0,0.0,1.0,0.0,0.0,0.0
8,8,0.0,0.0,0.0,0.0,0.0,0.0,0.0,0.0,1.0,0.0,0.0,0.0
8,8,0.0,0.0,0.0,0.0,0.0,0.0,0.0,0.0,1.0,0.0,0.0,0.0
8,8,0.0,0.0,0.0,0.0,0.0,0.0,0.0,0.0,1.0,0.0,0.0,0.0
8,8,0.0,0.0,0.0,0.0,0.0,0.0,0.0,0.0,1.0,0.0,0.0,0.0
8,8,0.0,0.0,0.0,0.0,0.0,0.0,0.0,0.0,1.0,0.0,0.0,0.0
8,8,0.0,0.0,0.0,0.0,0.0,0.0,0.0,0.0,1.0,0.0,0.0,0.0
8,8,0.0,0.0,0.0,0.0,0.0,0.0,0.0,0.0,1.0,0.0,0.0,0.0
8,8,0.0,0.0,0.0,0.0,0.0,0.0,0.0,0.0,1.0,0.0,0.0,0.0
8,8,0.0,0.0,0.0,0.0,0.0,0.0,0.0,0.0,1.0,0.0,0.0,0.0
8,8,0.0,0.0,0.0,0.0,0.0,0.0,0.0,0.0,1.0,0.0,0.0,0.0
8,8,0.0,0.0,0.0,0.0,0.0,0.0,0.0,0.0,1.0,0.0,0.0,0.0
8,8,0.0,0.0,0.0,0.0,0.0,0.0,0.0,0.0,1.0,0.0,0.0,0.0
8,8,0.0,0.0,0.0,0.0,0.0,0.0,0.0,0.0,1.0,0.0,0.0,0.0
8,8,0.0,0.0,0.0,0.0,0.0,0.0,0.0,0.0,1.0,0.0,0.0,0.0
8,8,0.0,0.0,0.0,0.0,0.0,0.0,0.0,0.0,1.0,0.0,0.0,0.0
8,8,0.0,0.0,0.0,0.0,0.0,0.0,0.0,0.0,1.0,0.0,0.0,0.0
8,8,0.0,0.0,0.0,0.0,0.0,0.0,0.0,0.0,1.0,0.0,0.0,0.0
8,8,0.0,0.0,0.0,0.0,0.0,0.0,0.0,0.0,1.0,0.0,0.0,0.0
8,8,0.0,0.0,0.0,0.0,0.0,0.0,0.0,0.0,1.0,0.0,0.0,0.0
8,8,0.0,0.0,0.0,0.0,0.0,0.0,0.0,0.0,1.0,0.0,0.0,0.0
8,8,0.0,0.0,0.0,0.0,0.0,0.0,0.0,0.0,1.0,0.0,0.0,0.0
8,8,0.0,0.0,0.0,0.0,0.0,0.0,0.0,0.0,1.0,0.0,0.0,0.0
8,8,0.0,0.0,0.0,0.0,0.0,0.0,0.0,0.0,1.0,0.0,0.0,0.0
8,8,0.0,0.0,0.0,0.0,0.0,0.0,0.0,0.0,1.0,0.0,0.0,0.0
8,8,0.0,0.0,0.0,0.0,0.0,0.0,0.0,0.0,1.0,0.0,0.0,0.0
8,8,0.0,0.0,0.0,0.0,0.0,0.0,0.0,0.0,1.0,0.0,0.0,0.0
8,8,0.0,0.0,0.0,0.0,0.0,0.0,0.0,0.0,1.0,0.0,0.0,0.0
8,8,0.0,0.0,0.0,0.0,0.0,0.0,0.0,0.0,1.0,0.0,0.0,0.0
8,8,0.0,0.0,0.0,0.0,0.0,0.0,0.0,0.0,1.0,0.0,0.0,0.0
8,8,0.0,0.0,0.0,0.0,0.0,0.0,0.0,0.0,1.0,0.0,0.0,0.0
8,8,0.0,0.0,0.0,0.0,0.0,0.0,0.0,0.0,1.0,0.0,0.0,0.0
8,8,0.0,0.0,0.0,0.0,0.0,0.0,0.0,0.0,1.0,0.0,0.0,0.0
8,8,0.0,0.0,0.0,0.0,0.0,0.0,0.0,0.0,1.0,0.0,0.0,0.0
8,8,0.0,0.0,0.0,0.0,0.0,0.0,0.0,0.0,1.0,0.0,0.0,0.0
8,8,0.0,0.0,0.0,0.0,0.0,0.0,0.0,0.0,1.0,0.0,0.0,0.0
8,8,0.0,0.0,0.0,0.0,0.0,0.0,0.0,0.0,1.0,0.0,0.0,0.0
8,8,0.0,0.0,0.0,0.0,0.0,0.0,0.0,0.0,1.0,0.0,0.0,0.0
8,8,0.0,0.0,0.0,0.0,0.0,0.0,0.0,0.0,1.0,0.0,0.0,0.0
8,8,0.0,0.0,0.0,0.0,0.0,0.0,0.0,0.0,1.0,0.0,0.0,0.0
8,8,0.0,0.0,0.0,0.0,0.0,0.0,0.0,0.0,1.0,0.0,0.0,0.0
8,8,0.0,0.0,0.0,0.0,0.0,0.0,0.0,0.0,1.0,0.0,0.0,0.0
8,8,0.0,0.0,0.0,0.0,0.0,0.0,0.0,0.0,1.0,0.0,0.0,0.0
8,8,0.0,0.0,0.0,0.0,0.0,0.0,0.0,0.0,1.0,0.0,0.0,0.0
8,8,0.0,0.0,0.0,0.0,0.0,0.0,0.0,0.0,1.0,0.0,0.0,0.0
8,8,0.0,0.0,0.0,0.0,0.0,0.0,0.0,0.0,1.0,0.0,0.0,0.0
8,8,0.0,0.0,0.0,0.0,0.0,0.0,0.0,0.0,1.0,0.0,0.0,0.0
8,8,0.0,0.0,0.0,0.0,0.0,0.0,0.0,0.0,1.0,0.0,0.0,0.0
8,8,0.0,0.0,0.0,0.0,0.0,0.0,0.0,0.0,1.0,0.0,0.0,0.0
8,8,0.0,0.0,0.0,0.0,0.0,0.0,0.0,0.0,1.0,0.0,0.0,0.0
8,8,0.0,0.0,0.0,0.0,0.0,0.0,0.0,0.0,1.0,0.0,0.0,0.0
8,8,0.0,0.0,0.0,0.0,0.0,0.0,0.0,0.0,1.0,0.0,0.0,0.0
8,8,0.0,0.0,0.0,0.0,0.0,0.0,0.0,0.0,1.0,0.0,0.0,0.0
8,8,0.0,0.0,0.0,0.0,0.0,0.0,0.0,0.0,1.0,0.0,0.0,0.0
8,8,0.0,0.0,0.0,0.0,0.0,0.0,0.0,0.0,1.0,0.0,0.0,0.0
8,8,0.0,0.0,0.0,0.0,0.0,0.0,0.0,0.0,1.0,0.0,0.0,0.0
8,8,0.0,0.0,0.0,0.0,0.0,0.0,0.0,0.0,1.0,0.0,0.0,0.0
8,8,0.0,0.0,0.0,0.0,0.0,0.0,0.0,0.0,1.0,0.0,0.0,0.0
8,8,0.0,0.0,0.0,0.0,0.0,0.0,0.0,0.0,1.0,0.0,0.0,0.0
8,8,0.0,0.0,0.0,0.0,0.0,0.0,0.0,0.0,1.0,0.0,0.0,0.0
8,8,0.0,0.0,0.0,0.0,0.0,0.0,0.0,0.0,1.0,0.0,0.0,0.0
8,8,0.0,0.0,0.0,0.0,0.0,0.0,0.0,0.0,1.0,0.0,0.0,0.0
8,8,0.0,0.0,0.0,0.0,0.0,0.0,0.0,0.0,1.0,0.0,0.0,0.0
8,8,0.0,0.0,0.0,0.0,0.0,0.0,0.0,0.0,1.0,0.0,0.0,0.0
8,8,0.0,0.0,0.0,0.0,0.0,0.0,0.0,0.0,1.0,0.0,0.0,0.0
8,8,0.0,0.0,0.0,0.0,0.0,0.0,0.0,0.0,1.0,0.0,0.0,0.0
8,8,0.0,0.0,0.0,0.0,0.0,0.0,0.0,0.0,1.0,0.0,0.0,0.0
8,8,0.0,0.0,0.0,0.0,0.0,0.0,0.0,0.0,1.0,0.0,0.0,0.0
8,8,0.0,0.0,0.0,0.0,0.0,0.0,0.0,0.0,1.0,0.0,0.0,0.0
8,8,0.0,0.0,0.0,0.0,0.0,0.0,0.0,0.0,1.0,0.0,0.0,0.0
8,8,0.0,0.0,0.0,0.0,0.0,0.0,0.0,0.0,1.0,0.0,0.0,0.0
8,8,0.0,0.0,0.0,0.0,0.0,0.0,0.0,0.0,1.0,0.0,0.0,0.0
8,8,0.0,0.0,0.0,0.0,0.0,0.0,0.0,0.0,1.0,0.0,0.0,0.0
8,8,0.0,0.0,0.0,0.0,0.0,0.0,0.0,0.0,1.0,0.0,0.0,0.0
8,8,0.0,0.0,0.0,0.0,0.0,0.0,0.0,0.0,1.0,0.0,0.0,0.0
8,8,0.0,0.0,0.0,0.0,0.0,0.0,0.0,0.0,1.0,0.0,0.0,0.0
8,8,0.0,0.0,0.0,0.0,0.0,0.0,0.0,0.0,1.0,0.0,0.0,0.0
8,8,0.0,0.0,0.0,0.0,0.0,0.0,0.0,0.0,1.0,0.0,0.0,0.0
8,8,0.0,0.0,0.0,0.0,0.0,0.0,0.0,0.0,1.0,0.0,0.0,0.0
8,8,0.0,0.0,0.0,0.0,0.0,0.0,0.0,0.0,1.0,0.0,0.0,0.0
8,8,0.0,0.0,0.0,0.0,0.0,0.0,0.0,0.0,1.0,0.0,0.0,0.0
8,8,0.0,0.0,0.0,0.0,0.0,0.0,0.0,0.0,1.0,0.0,0.0,0.0
8,8,0.0,0.0,0.0,0.0,0.0,0.0,0.0,0.0,1.0,0.0,0.0,0.0
8,8,0.0,0.0,0.0,0.0,0.0,0.0,0.0,0.0,1.0,0.0,0.0,0.0
8,8,0.0,0.0,0.0,0.0,0.0,0.0,0.0,0.0,1.0,0.0,0.0,0.0
8,8,0.0,0.0,0.0,0.0,0.0,0.0,0.0,0.0,1.0,0.0,0.0,0.0
8,8,0.0,0.0,0.0,0.0,0.0,0.0,0.0,0.0,1.0,0.0,0.0,0.0
8,8,0.0,0.0,0.0,0.0,0.0,0.0,0.0,0.0,1.0,0.0,0.0,0.0
8,8,0.0,0.0,0.0,0.0,0.0,0.0,0.0,0.0,1.0,0.0,0.0,0.0
8,8,0.0,0.0,0.0,0.0,0.0,0.0,0.0,0.0,1.0,0.0,0.0,0.0
8,8,0.0,0.0,0.0,0.0,0.0,0.0,0.0,0.0,1.0,0.0,0.0,0.0
8,8,0.0,0.0,0.0,0.0,0.0,0.0,0.0,0.0,1.0,0.0,0.0,0.0
8,8,0.0,0.0,0.0,0.0,0.0,0.0,0.0,0.0,1.0,0.0,0.0,0.0
8,8,0.0,0.0,0.0,0.0,0.0,0.0,0.0,0.0,1.0,0.0,0.0,0.0
8,8,0.0,0.0,0.0,0.0,0.0,0.0,0.0,0.0,1.0,0.0,0.0,0.0
8,8,0.0,0.0,0.0,0.0,0.0,0.0,0.0,0.0,1.0,0.0,0.0,0.0
8,8,0.0,0.0,0.0,0.0,0.0,0.0,0.0,0.0,1.0,0.0,0.0,0.0
8,8,0.0,0.0,0.0,0.0,0.0,0.0,0.0,0.0,1.0,0.0,0.0,0.0
8,8,0.0,0.0,0.0,0.0,0.0,0.0,0.0,0.0,1.0,0.0,0.0,0.0
8,8,0.0,0.0,0.0,0.0,0.0,0.0,0.0,0.0,1.0,0.0,0.0,0.0
8,8,0.0,0.0,0.0,0.0,0.0,0.0,0.0,0.0,1.0,0.0,0.0,0.0
8,8,0.0,0.0,0.0,0.0,0.0,0.0,0.0,0.0,1.0,0.0,0.0,0.0
8,8,0.0,0.0,0.0,0.0,0.0,0.0,0.0,0.0,1.0,0.0,0.0,0.0
8,8,0.0,0.0,0.0,0.0,0.0,0.0,0.0,0.0,1.0,0.0,0.0,0.0
8,8,0.0,0.0,0.0,0.0,0.0,0.0,0.0,0.0,1.0,0.0,0.0,0.0
8,8,0.0,0.0,0.0,0.0,0.0,0.0,0.0,0.0,1.0,0.0,0.0,0.0
8,8,0.0,0.0,0.0,0.0,0.0,0.0,0.0,0.0,1.0,0.0,0.0,0.0
8,8,0.0,0.0,0.0,0.0,0.0,0.0,0.0,0.0,1.0,0.0,0.0,0.0
8,8,0.0,0.0,0.0,0.0,0.0,0.0,0.0,0.0,1.0,0.0,0.0,0.0
8,8,0.0,0.0,0.0,0.0,0.0,0.0,0.0,0.0,1.0,0.0,0.0,0.0
8,8,0.0,0.0,0.0,0.0,0.0,0.0,0.0,0.0,1.0,0.0,0.0,0.0
8,8,0.0,0.0,0.0,0.0,0.0,0.0,0.0,0.0,1.0,0.0,0.0,0.0
8,8,0.0,0.0,0.0,0.0,0.0,0.0,0.0,0.0,1.0,0.0,0.0,0.0
8,8,0.0,0.0,0.0,0.0,0.0,0.0,0.0,0.0,1.0,0.0,0.0,0.0
8,8,0.0,0.0,0.0,0.0,0.0,0.0,0.0,0.0,1.0,0.0,0.0,0.0
8,8,0.0,0.0,0.0,0.0,0.0,0.0,0.0,0.0,1.0,0.0,0.0,0.0
8,8,0.0,0.0,0.0,0.0,0.0,0.0,0.0,0.0,1.0,0.0,0.0,0.0
8,8,0.0,0.0,0.0,0.0,0.0,0.0,0.0,0.0,1.0,0.0,0.0,0.0
8,8,0.0,0.0,0.0,0.0,0.0,0.0,0.0,0.0,1.0,0.0,0.0,0.0
8,8,0.0,0.0,0.0,0.0,0.0,0.0,0.0,0.0,1.0,0.0,0.0,0.0
8,8,0.0,0.0,0.0,0.0,0.0,0.0,0.0,0.0,1.0,0.0,0.0,0.0
8,8,0.0,0.0,0.0,0.0,0.0,0.0,0.0,0.0,1.0,0.0,0.0,0.0
8,8,0.0,0.0,0.0,0.0,0.0,0.0,0.0,0.0,1.0,0.0,0.0,0.0
8,8,0.0,0.0,0.0,0.0,0.0,0.0,0.0,0.0,1.0,0.0,0.0,0.0
8,8,0.0,0.0,0.0,0.0,0.0,0.0,0.0,0.0,1.0,0.0,0.0,0.0
8,8,0.0,0.0,0.0,0.0,0.0,0.0,0.0,0.0,1.0,0.0,0.0,0.0
8,8,0.0,0.0,0.0,0.0,0.0,0.0,0.0,0.0,1.0,0.0,0.0,0.0
8,8,0.0,0.0,0.0,0.0,0.0,0.0,0.0,0.0,1.0,0.0,0.0,0.0
8,8,0.0,0.0,0.0,0.0,0.0,0.0,0.0,0.0,1.0,0.0,0.0,0.0
8,8,0.0,0.0,0.0,0.0,0.0,0.0,0.0,0.0,1.0,0.0,0.0,0.0
8,8,0.0,0.0,0.0,0.0,0.0,0.0,0.0,0.0,1.0,0.0,0.0,0.0
8,8,0.0,0.0,0.0,0.0,0.0,0.0,0.0,0.0,1.0,0.0,0.0,0.0
8,8,0.0,0.0,0.0,0.0,0.0,0.0,0.0,0.0,1.0,0.0,0.0,0.0
8,8,0.0,0.0,0.0,0.0,0.0,0.0,0.0,0.0,1.0,0.0,0.0,0.0
8,8,0.0,0.0,0.0,0.0,0.0,0.0,0.0,0.0,1.0,0.0,0.0,0.0
8,8,0.0,0.0,0.0,0.0,0.0,0.0,0.0,0.0,1.0,0.0,0.0,0.0
8,8,0.0,0.0,0.0,0.0,0.0,0.0,0.0,0.0,1.0,0.0,0.0,0.0
8,8,0.0,0.0,0.0,0.0,0.0,0.0,0.0,0.0,1.0,0.0,0.0,0.0
8,8,0.0,0.0,0.0,0.0,0.0,0.0,0.0,0.0,1.0,0.0,0.0,0.0
8,8,0.0,0.0,0.0,0.0,0.0,0.0,0.0,0.0,1.0,0.0,0.0,0.0
8,8,0.0,0.0,0.0,0.0,0.0,0.0,0.0,0.0,1.0,0.0,0.0,0.0
8,8,0.0,0.0,0.0,0.0,0.0,0.0,0.0,0.0,1.0,0.0,0.0,0.0
8,8,0.0,0.0,0.0,0.0,0.0,0.0,0.0,0.0,1.0,0.0,0.0,0.0
8,8,0.0,0.0,0.0,0.0,0.0,0.0,0.0,0.0,1.0,0.0,0.0,0.0
8,8,0.0,0.0,0.0,0.0,0.0,0.0,0.0,0.0,1.0,0.0,0.0,0.0
8,8,0.0,0.0,0.0,0.0,0.0,0.0,0.0,0.0,1.0,0.0,0.0,0.0
8,8,0.0,0.0,0.0,0.0,0.0,0.0,0.0,0.0,1.0,0.0,0.0,0.0
8,8,0.0,0.0,0.0,0.0,0.0,0.0,0.0,0.0,1.0,0.0,0.0,0.0
8,8,0.0,0.0,0.0,0.0,0.0,0.0,0.0,0.0,1.0,0.0,0.0,0.0
8,8,0.0,0.0,0.0,0.0,0.0,0.0,0.0,0.0,1.0,0.0,0.0,0.0
8,8,0.0,0.0,0.0,0.0,0.0,0.0,0.0,0.0,1.0,0.0,0.0,0.0
8,8,0.0,0.0,0.0,0.0,0.0,0.0,0.0,0.0,1.0,0.0,0.0,0.0
8,8,0.0,0.0,0.0,0.0,0.0,0.0,0.0,0.0,1.0,0.0,0.0,0.0
8,8,0.0,0.0,0.0,0.0,0.0,0.0,0.0,0.0,1.0,0.0,0.0,0.0
8,8,0.0,0.0,0.0,0.0,0.0,0.0,0.0,0.0,1.0,0.0,0.0,0.0
8,8,0.0,0.0,0.0,0.0,0.0,0.0,0.0,0.0,1.0,0.0,0.0,0.0
8,8,0.0,0.0,0.0,0.0,0.0,0.0,0.0,0.0,1.0,0.0,0.0,0.0
8,8,0.0,0.0,0.0,0.0,0.0,0.0,0.0,0.0,1.0,0.0,0.0,0.0
8,8,0.0,0.0,0.0,0.0,0.0,0.0,0.0,0.0,1.0,0.0,0.0,0.0
8,8,0.0,0.0,0.0,0.0,0.0,0.0,0.0,0.0,1.0,0.0,0.0,0.0
8,8,0.0,0.0,0.0,0.0,0.0,0.0,0.0,0.0,1.0,0.0,0.0,0.0
8,8,0.0,0.0,0.0,0.0,0.0,0.0,0.0,0.0,1.0,0.0,0.0,0.0
8,8,0.0,0.0,0.0,0.0,0.0,0.0,0.0,0.0,1.0,0.0,0.0,0.0
8,8,0.0,0.0,0.0,0.0,0.0,0.0,0.0,0.0,1.0,0.0,0.0,0.0
8,8,0.0,0.0,0.0,0.0,0.0,0.0,0.0,0.0,1.0,0.0,0.0,0.0
8,8,0.0,0.0,0.0,0.0,0.0,0.0,0.0,0.0,1.0,0.0,0.0,0.0
8,8,0.0,0.0,0.0,0.0,0.0,0.0,0.0,0.0,1.0,0.0,0.0,0.0
8,8,0.0,0.0,0.0,0.0,0.0,0.0,0.0,0.0,1.0,0.0,0.0,0.0
8,8,0.0,0.0,0.0,0.0,0.0,0.0,0.0,0.0,1.0,0.0,0.0,0.0
8,8,0.0,0.0,0.0,0.0,0.0,0.0,0.0,0.0,1.0,0.0,0.0,0.0
8,8,0.0,0.0,0.0,0.0,0.0,0.0,0.0,0.0,1.0,0.0,0.0,0.0
8,8,0.0,0.0,0.0,0.0,0.0,0.0,0.0,0.0,1.0,0.0,0.0,0.0
8,8,0.0,0.0,0.0,0.0,0.0,0.0,0.0,0.0,1.0,0.0,0.0,0.0
8,8,0.0,0.0,0.0,0.0,0.0,0.0,0.0,0.0,1.0,0.0,0.0,0.0
8,8,0.0,0.0,0.0,0.0,0.0,0.0,0.0,0.0,1.0,0.0,0.0,0.0
8,8,0.0,0.0,0.0,0.0,0.0,0.0,0.0,0.0,1.0,0.0,0.0,0.0
8,8,0.0,0.0,0.0,0.0,0.0,0.0,0.0,0.0,1.0,0.0,0.0,0.0
8,8,0.0,0.0,0.0,0.0,0.0,0.0,0.0,0.0,1.0,0.0,0.0,0.0
8,8,0.0,0.0,0.0,0.0,0.0,0.0,0.0,0.0,1.0,0.0,0.0,0.0
8,8,0.0,0.0,0.0,0.0,0.0,0.0,0.0,0.0,1.0,0.0,0.0,0.0
8,8,0.0,0.0,0.0,0.0,0.0,0.0,0.0,0.0,1.0,0.0,0.0,0.0
8,8,0.0,0.0,0.0,0.0,0.0,0.0,0.0,0.0,1.0,0.0,0.0,0.0
8,8,0.0,0.0,0.0,0.0,0.0,0.0,0.0,0.0,1.0,0.0,0.0,0.0
8,8,0.0,0.0,0.0,0.0,0.0,0.0,0.0,0.0,1.0,0.0,0.0,0.0
8,8,0.0,0.0,0.0,0.0,0.0,0.0,0.0,0.0,1.0,0.0,0.0,0.0
8,8,0.0,0.0,0.0,0.0,0.0,0.0,0.0,0.0,1.0,0.0,0.0,0.0
8,8,0.0,0.0,0.0,0.0,0.0,0.0,0.0,0.0,1.0,0.0,0.0,0.0
8,8,0.0,0.0,0.0,0.0,0.0,0.0,0.0,0.0,1.0,0.0,0.0,0.0
8,8,0.0,0.0,0.0,0.0,0.0,0.0,0.0,0.0,1.0,0.0,0.0,0.0
8,8,0.0,0.0,0.0,0.0,0.0,0.0,0.0,0.0,1.0,0.0,0.0,0.0
8,8,0.0,0.0,0.0,0.0,0.0,0.0,0.0,0.0,1.0,0.0,0.0,0.0
8,8,0.0,0.0,0.0,0.0,0.0,0.0,0.0,0.0,1.0,0.0,0.0,0.0
8,8,0.0,0.0,0.0,0.0,0.0,0.0,0.0,0.0,1.0,0.0,0.0,0.0
8,8,0.0,0.0,0.0,0.0,0.0,0.0,0.0,0.0,1.0,0.0,0.0,0.0
8,8,0.0,0.0,0.0,0.0,0.0,0.0,0.0,0.0,1.0,0.0,0.0,0.0
8,8,0.0,0.0,0.0,0.0,0.0,0.0,0.0,0.0,1.0,0.0,0.0,0.0
8,8,0.0,0.0,0.0,0.0,0.0,0.0,0.0,0.0,1.0,0.0,0.0,0.0
8,8,0.0,0.0,0.0,0.0,0.0,0.0,0.0,0.0,1.0,0.0,0.0,0.0
8,8,0.0,0.0,0.0,0.0,0.0,0.0,0.0,0.0,1.0,0.0,0.0,0.0
8,8,0.0,0.0,0.0,0.0,0.0,0.0,0.0,0.0,1.0,0.0,0.0,0.0
8,8,0.0,0.0,0.0,0.0,0.0,0.0,0.0,0.0,1.0,0.0,0.0,0.0
8,8,0.0,0.0,0.0,0.0,0.0,0.0,0.0,0.0,1.0,0.0,0.0,0.0
8,8,0.0,0.0,0.0,0.0,0.0,0.0,0.0,0.0,1.0,0.0,0.0,0.0
8,8,0.0,0.0,0.0,0.0,0.0,0.0,0.0,0.0,1.0,0.0,0.0,0.0
8,8,0.0,0.0,0.0,0.0,0.0,0.0,0.0,0.0,1.0,0.0,0.0,0.0
8,8,0.0,0.0,0.0,0.0,0.0,0.0,0.0,0.0,1.0,0.0,0.0,0.0
8,8,0.0,0.0,0.0,0.0,0.0,0.0,0.0,0.0,1.0,0.0,0.0,0.0
8,8,0.0,0.0,0.0,0.0,0.0,0.0,0.0,0.0,1.0,0.0,0.0,0.0
8,8,0.0,0.0,0.0,0.0,0.0,0.0,0.0,0.0,1.0,0.0,0.0,0.0
8,8,0.0,0.0,0.0,0.0,0.0,0.0,0.0,0.0,1.0,0.0,0.0,0.0
8,8,0.0,0.0,0.0,0.0,0.0,0.0,0.0,0.0,1.0,0.0,0.0,0.0
8,8,0.0,0.0,0.0,0.0,0.0,0.0,0.0,0.0,1.0,0.0,0.0,0.0
8,8,0.0,0.0,0.0,0.0,0.0,0.0,0.0,0.0,1.0,0.0,0.0,0.0
8,8,0.0,0.0,0.0,0.0,0.0,0.0,0.0,0.0,1.0,0.0,0.0,0.0
8,8,0.0,0.0,0.0,0.0,0.0,0.0,0.0,0.0,1.0,0.0,0.0,0.0
8,8,0.0,0.0,0.0,0.0,0.0,0.0,0.0,0.0,1.0,0.0,0.0,0.0
8,8,0.0,0.0,0.0,0.0,0.0,0.0,0.0,0.0,1.0,0.0,0.0,0.0
8,8,0.0,0.0,0.0,0.0,0.0,0.0,0.0,0.0,1.0,0.0,0.0,0.0
8,8,0.0,0.0,0.0,0.0,0.0,0.0,0.0,0.0,1.0,0.0,0.0,0.0
8,8,0.0,0.0,0.0,0.0,0.0,0.0,0.0,0.0,1.0,0.0,0.0,0.0
8,8,0.0,0.0,0.0,0.0,0.0,0.0,0.0,0.0,1.0,0.0,0.0,0.0
8,8,0.0,0.0,0.0,0.0,0.0,0.0,0.0,0.0,1.0,0.0,0.0,0.0
8,8,0.0,0.0,0.0,0.0,0.0,0.0,0.0,0.0,1.0,0.0,0.0,0.0
8,8,0.0,0.0,0.0,0.0,0.0,0.0,0.0,0.0,1.0,0.0,0.0,0.0
8,8,0.0,0.0,0.0,0.0,0.0,0.0,0.0,0.0,1.0,0.0,0.0,0.0
8,8,0.0,0.0,0.0,0.0,0.0,0.0,0.0,0.0,1.0,0.0,0.0,0.0
8,8,0.0,0.0,0.0,0.0,0.0,0.0,0.0,0.0,1.0,0.0,0.0,0.0
8,8,0.0,0.0,0.0,0.0,0.0,0.0,0.0,0.0,1.0,0.0,0.0,0.0
8,8,0.0,0.0,0.0,0.0,0.0,0.0,0.0,0.0,1.0,0.0,0.0,0.0
8,8,0.0,0.0,0.0,0.0,0.0,0.0,0.0,0.0,1.0,0.0,0.0,0.0
8,8,0.0,0.0,0.0,0.0,0.0,0.0,0.0,0.0,1.0,0.0,0.0,0.0
8,8,0.0,0.0,0.0,0.0,0.0,0.0,0.0,0.0,1.0,0.0,0.0,0.0
8,8,0.0,0.0,0.0,0.0,0.0,0.0,0.0,0.0,1.0,0.0,0.0,0.0
8,8,0.0,0.0,0.0,0.0,0.0,0.0,0.0,0.0,1.0,0.0,0.0,0.0
8,8,0.0,0.0,0.0,0.0,0.0,0.0,0.0,0.0,1.0,0.0,0.0,0.0
8,8,0.0,0.0,0.0,0.0,0.0,0.0,0.0,0.0,1.0,0.0,0.0,0.0
8,8,0.0,0.0,0.0,0.0,0.0,0.0,0.0,0.0,1.0,0.0,0.0,0.0
8,8,0.0,0.0,0.0,0.0,0.0,0.0,0.0,0.0,1.0,0.0,0.0,0.0
8,8,0.0,0.0,0.0,0.0,0.0,0.0,0.0,0.0,1.0,0.0,0.0,0.0
8,8,0.0,0.0,0.0,0.0,0.0,0.0,0.0,0.0,1.0,0.0,0.0,0.0
8,8,0.0,0.0,0.0,0.0,0.0,0.0,0.0,0.0,1.0,0.0,0.0,0.0
8,8,0.0,0.0,0.0,0.0,0.0,0.0,0.0,0.0,1.0,0.0,0.0,0.0
8,8,0.0,0.0,0.0,0.0,0.0,0.0,0.0,0.0,1.0,0.0,0.0,0.0
8,8,0.0,0.0,0.0,0.0,0.0,0.0,0.0,0.0,1.0,0.0,0.0,0.0
8,8,0.0,0.0,0.0,0.0,0.0,0.0,0.0,0.0,1.0,0.0,0.0,0.0
8,8,0.0,0.0,0.0,0.0,0.0,0.0,0.0,0.0,1.0,0.0,0.0,0.0
8,8,0.0,0.0,0.0,0.0,0.0,0.0,0.0,0.0,1.0,0.0,0.0,0.0
8,8,0.0,0.0,0.0,0.0,0.0,0.0,0.0,0.0,1.0,0.0,0.0,0.0
8,8,0.0,0.0,0.0,0.0,0.0,0.0,0.0,0.0,1.0,0.0,0.0,0.0
8,8,0.0,0.0,0.0,0.0,0.0,0.0,0.0,0.0,1.0,0.0,0.0,0.0
8,8,0.0,0.0,0.0,0.0,0.0,0.0,0.0,0.0,1.0,0.0,0.0,0.0
8,8,0.0,0.0,0.0,0.0,0.0,0.0,0.0,0.0,1.0,0.0,0.0,0.0
8,8,0.0,0.0,0.0,0.0,0.0,0.0,0.0,0.0,1.0,0.0,0.0,0.0
8,8,0.0,0.0,0.0,0.0,0.0,0.0,0.0,0.0,1.0,0.0,0.0,0.0
8,8,0.0,0.0,0.0,0.0,0.0,0.0,0.0,0.0,1.0,0.0,0.0,0.0
8,8,0.0,0.0,0.0,0.0,0.0,0.0,0.0,0.0,1.0,0.0,0.0,0.0
8,8,0.0,0.0,0.0,0.0,0.0,0.0,0.0,0.0,1.0,0.0,0.0,0.0
8,8,0.0,0.0,0.0,0.0,0.0,0.0,0.0,0.0,1.0,0.0,0.0,0.0
8,8,0.0,0.0,0.0,0.0,0.0,0.0,0.0,0.0,1.0,0.0,0.0,0.0
8,8,0.0,0.0,0.0,0.0,0.0,0.0,0.0,0.0,1.0,0.0,0.0,0.0
8,8,0.0,0.0,0.0,0.0,0.0,0.0,0.0,0.0,1.0,0.0,0.0,0.0
8,8,0.0,0.0,0.0,0.0,0.0,0.0,0.0,0.0,1.0,0.0,0.0,0.0
8,8,0.0,0.0,0.0,0.0,0.0,0.0,0.0,0.0,1.0,0.0,0.0,0.0
8,8,0.0,0.0,0.0,0.0,0.0,0.0,0.0,0.0,1.0,0.0,0.0,0.0
8,8,0.0,0.0,0.0,0.0,0.0,0.0,0.0,0.0,1.0,0.0,0.0,0.0
8,8,0.0,0.0,0.0,0.0,0.0,0.0,0.0,0.0,1.0,0.0,0.0,0.0
8,8,0.0,0.0,0.0,0.0,0.0,0.0,0.0,0.0,1.0,0.0,0.0,0.0
8,8,0.0,0.0,0.0,0.0,0.0,0.0,0.0,0.0,1.0,0.0,0.0,0.0
8,8,0.0,0.0,0.0,0.0,0.0,0.0,0.0,0.0,1.0,0.0,0.0,0.0
8,8,0.0,0.0,0.0,0.0,0.0,0.0,0.0,0.0,1.0,0.0,0.0,0.0
8,8,0.0,0.0,0.0,0.0,0.0,0.0,0.0,0.0,1.0,0.0,0.0,0.0
8,8,0.0,0.0,0.0,0.0,0.0,0.0,0.0,0.0,1.0,0.0,0.0,0.0
8,8,0.0,0.0,0.0,0.0,0.0,0.0,0.0,0.0,1.0,0.0,0.0,0.0
8,8,0.0,0.0,0.0,0.0,0.0,0.0,0.0,0.0,1.0,0.0,0.0,0.0
8,8,0.0,0.0,0.0,0.0,0.0,0.0,0.0,0.0,1.0,0.0,0.0,0.0
8,8,0.0,0.0,0.0,0.0,0.0,0.0,0.0,0.0,1.0,0.0,0.0,0.0
8,8,0.0,0.0,0.0,0.0,0.0,0.0,0.0,0.0,1.0,0.0,0.0,0.0
8,8,0.0,0.0,0.0,0.0,0.0,0.0,0.0,0.0,1.0,0.0,0.0,0.0
8,8,0.0,0.0,0.0,0.0,0.0,0.0,0.0,0.0,1.0,0.0,0.0,0.0
8,8,0.0,0.0,0.0,0.0,0.0,0.0,0.0,0.0,1.0,0.0,0.0,0.0
8,8,0.0,0.0,0.0,0.0,0.0,0.0,0.0,0.0,1.0,0.0,0.0,0.0
8,8,0.0,0.0,0.0,0.0,0.0,0.0,0.0,0.0,1.0,0.0,0.0,0.0
8,8,0.0,0.0,0.0,0.0,0.0,0.0,0.0,0.0,1.0,0.0,0.0,0.0
8,8,0.0,0.0,0.0,0.0,0.0,0.0,0.0,0.0,1.0,0.0,0.0,0.0
8,8,0.0,0.0,0.0,0.0,0.0,0.0,0.0,0.0,1.0,0.0,0.0,0.0
8,8,0.0,0.0,0.0,0.0,0.0,0.0,0.0,0.0,1.0,0.0,0.0,0.0
8,8,0.0,0.0,0.0,0.0,0.0,0.0,0.0,0.0,1.0,0.0,0.0,0.0
8,8,0.0,0.0,0.0,0.0,0.0,0.0,0.0,0.0,1.0,0.0,0.0,0.0
8,8,0.0,0.0,0.0,0.0,0.0,0.0,0.0,0.0,1.0,0.0,0.0,0.0
8,8,0.0,0.0,0.0,0.0,0.0,0.0,0.0,0.0,1.0,0.0,0.0,0.0
8,8,0.0,0.0,0.0,0.0,0.0,0.0,0.0,0.0,1.0,0.0,0.0,0.0
8,8,0.0,0.0,0.0,0.0,0.0,0.0,0.0,0.0,1.0,0.0,0.0,0.0
8,8,0.0,0.0,0.0,0.0,0.0,0.0,0.0,0.0,1.0,0.0,0.0,0.0
8,8,0.0,0.0,0.0,0.0,0.0,0.0,0.0,0.0,1.0,0.0,0.0,0.0
8,8,0.0,0.0,0.0,0.0,0.0,0.0,0.0,0.0,1.0,0.0,0.0,0.0
8,8,0.0,0.0,0.0,0.0,0.0,0.0,0.0,0.0,1.0,0.0,0.0,0.0
8,8,0.0,0.0,0.0,0.0,0.0,0.0,0.0,0.0,1.0,0.0,0.0,0.0
8,8,0.0,0.0,0.0,0.0,0.0,0.0,0.0,0.0,1.0,0.0,0.0,0.0
8,8,0.0,0.0,0.0,0.0,0.0,0.0,0.0,0.0,1.0,0.0,0.0,0.0
8,8,0.0,0.0,0.0,0.0,0.0,0.0,0.0,0.0,1.0,0.0,0.0,0.0
8,8,0.0,0.0,0.0,0.0,0.0,0.0,0.0,0.0,1.0,0.0,0.0,0.0
8,8,0.0,0.0,0.0,0.0,0.0,0.0,0.0,0.0,1.0,0.0,0.0,0.0
8,8,0.0,0.0,0.0,0.0,0.0,0.0,0.0,0.0,1.0,0.0,0.0,0.0
8,8,0.0,0.0,0.0,0.0,0.0,0.0,0.0,0.0,1.0,0.0,0.0,0.0
8,8,0.0,0.0,0.0,0.0,0.0,0.0,0.0,0.0,1.0,0.0,0.0,0.0
8,8,0.0,0.0,0.0,0.0,0.0,0.0,0.0,0.0,1.0,0.0,0.0,0.0
8,8,0.0,0.0,0.0,0.0,0.0,0.0,0.0,0.0,1.0,0.0,0.0,0.0
8,8,0.0,0.0,0.0,0.0,0.0,0.0,0.0,0.0,1.0,0.0,0.0,0.0
8,8,0.0,0.0,0.0,0.0,0.0,0.0,0.0,0.0,1.0,0.0,0.0,0.0
8,8,0.0,0.0,0.0,0.0,0.0,0.0,0.0,0.0,1.0,0.0,0.0,0.0
8,8,0.0,0.0,0.0,0.0,0.0,0.0,0.0,0.0,1.0,0.0,0.0,0.0
8,8,0.0,0.0,0.0,0.0,0.0,0.0,0.0,0.0,1.0,0.0,0.0,0.0
8,8,0.0,0.0,0.0,0.0,0.0,0.0,0.0,0.0,1.0,0.0,0.0,0.0
8,8,0.0,0.0,0.0,0.0,0.0,0.0,0.0,0.0,1.0,0.0,0.0,0.0
8,8,0.0,0.0,0.0,0.0,0.0,0.0,0.0,0.0,1.0,0.0,0.0,0.0
8,8,0.0,0.0,0.0,0.0,0.0,0.0,0.0,0.0,1.0,0.0,0.0,0.0
8,8,0.0,0.0,0.0,0.0,0.0,0.0,0.0,0.0,1.0,0.0,0.0,0.0
8,8,0.0,0.0,0.0,0.0,0.0,0.0,0.0,0.0,1.0,0.0,0.0,0.0
8,8,0.0,0.0,0.0,0.0,0.0,0.0,0.0,0.0,1.0,0.0,0.0,0.0
8,8,0.0,0.0,0.0,0.0,0.0,0.0,0.0,0.0,1.0,0.0,0.0,0.0
8,8,0.0,0.0,0.0,0.0,0.0,0.0,0.0,0.0,1.0,0.0,0.0,0.0
8,8,0.0,0.0,0.0,0.0,0.0,0.0,0.0,0.0,1.0,0.0,0.0,0.0
8,8,0.0,0.0,0.0,0.0,0.0,0.0,0.0,0.0,1.0,0.0,0.0,0.0
8,8,0.0,0.0,0.0,0.0,0.0,0.0,0.0,0.0,1.0,0.0,0.0,0.0
8,8,0.0,0.0,0.0,0.0,0.0,0.0,0.0,0.0,1.0,0.0,0.0,0.0
8,8,0.0,0.0,0.0,0.0,0.0,0.0,0.0,0.0,1.0,0.0,0.0,0.0
8,8,0.0,0.0,0.0,0.0,0.0,0.0,0.0,0.0,1.0,0.0,0.0,0.0
8,8,0.0,0.0,0.0,0.0,0.0,0.0,0.0,0.0,1.0,0.0,0.0,0.0
8,8,0.0,0.0,0.0,0.0,0.0,0.0,0.0,0.0,1.0,0.0,0.0,0.0
8,8,0.0,0.0,0.0,0.0,0.0,0.0,0.0,0.0,1.0,0.0,0.0,0.0
8,8,0.0,0.0,0.0,0.0,0.0,0.0,0.0,0.0,1.0,0.0,0.0,0.0
8,8,0.0,0.0,0.0,0.0,0.0,0.0,0.0,0.0,1.0,0.0,0.0,0.0
8,8,0.0,0.0,0.0,0.0,0.0,0.0,0.0,0.0,1.0,0.0,0.0,0.0
8,8,0.0,0.0,0.0,0.0,0.0,0.0,0.0,0.0,1.0,0.0,0.0,0.0
8,8,0.0,0.0,0.0,0.0,0.0,0.0,0.0,0.0,1.0,0.0,0.0,0.0
8,8,0.0,0.0,0.0,0.0,0.0,0.0,0.0,0.0,1.0,0.0,0.0,0.0
8,8,0.0,0.0,0.0,0.0,0.0,0.0,0.0,0.0,1.0,0.0,0.0,0.0
8,8,0.0,0.0,0.0,0.0,0.0,0.0,0.0,0.0,1.0,0.0,0.0,0.0
8,8,0.0,0.0,0.0,0.0,0.0,0.0,0.0,0.0,1.0,0.0,0.0,0.0
8,8,0.0,0.0,0.0,0.0,0.0,0.0,0.0,0.0,1.0,0.0,0.0,0.0
8,8,0.0,0.0,0.0,0.0,0.0,0.0,0.0,0.0,1.0,0.0,0.0,0.0
8,8,0.0,0.0,0.0,0.0,0.0,0.0,0.0,0.0,1.0,0.0,0.0,0.0
8,8,0.0,0.0,0.0,0.0,0.0,0.0,0.0,0.0,1.0,0.0,0.0,0.0
8,8,0.0,0.0,0.0,0.0,0.0,0.0,0.0,0.0,1.0,0.0,0.0,0.0
8,8,0.0,0.0,0.0,0.0,0.0,0.0,0.0,0.0,1.0,0.0,0.0,0.0
8,8,0.0,0.0,0.0,0.0,0.0,0.0,0.0,0.0,1.0,0.0,0.0,0.0
8,8,0.0,0.0,0.0,0.0,0.0,0.0,0.0,0.0,1.0,0.0,0.0,0.0
8,8,0.0,0.0,0.0,0.0,0.0,0.0,0.0,0.0,1.0,0.0,0.0,0.0
8,8,0.0,0.0,0.0,0.0,0.0,0.0,0.0,0.0,1.0,0.0,0.0,0.0
8,8,0.0,0.0,0.0,0.0,0.0,0.0,0.0,0.0,1.0,0.0,0.0,0.0
8,8,0.0,0.0,0.0,0.0,0.0,0.0,0.0,0.0,1.0,0.0,0.0,0.0
8,8,0.0,0.0,0.0,0.0,0.0,0.0,0.0,0.0,1.0,0.0,0.0,0.0
8,8,0.0,0.0,0.0,0.0,0.0,0.0,0.0,0.0,1.0,0.0,0.0,0.0
8,8,0.0,0.0,0.0,0.0,0.0,0.0,0.0,0.0,1.0,0.0,0.0,0.0
8,8,0.0,0.0,0.0,0.0,0.0,0.0,0.0,0.0,1.0,0.0,0.0,0.0
8,8,0.0,0.0,0.0,0.0,0.0,0.0,0.0,0.0,1.0,0.0,0.0,0.0
8,8,0.0,0.0,0.0,0.0,0.0,0.0,0.0,0.0,1.0,0.0,0.0,0.0
8,8,0.0,0.0,0.0,0.0,0.0,0.0,0.0,0.0,1.0,0.0,0.0,0.0
8,8,0.0,0.0,0.0,0.0,0.0,0.0,0.0,0.0,1.0,0.0,0.0,0.0
8,8,0.0,0.0,0.0,0.0,0.0,0.0,0.0,0.0,1.0,0.0,0.0,0.0
8,8,0.0,0.0,0.0,0.0,0.0,0.0,0.0,0.0,1.0,0.0,0.0,0.0
8,8,0.0,0.0,0.0,0.0,0.0,0.0,0.0,0.0,1.0,0.0,0.0,0.0
8,8,0.0,0.0,0.0,0.0,0.0,0.0,0.0,0.0,1.0,0.0,0.0,0.0
8,8,0.0,0.0,0.0,0.0,0.0,0.0,0.0,0.0,1.0,0.0,0.0,0.0
8,8,0.0,0.0,0.0,0.0,0.0,0.0,0.0,0.0,1.0,0.0,0.0,0.0
8,8,0.0,0.0,0.0,0.0,0.0,0.0,0.0,0.0,1.0,0.0,0.0,0.0
8,8,0.0,0.0,0.0,0.0,0.0,0.0,0.0,0.0,1.0,0.0,0.0,0.0
8,8,0.0,0.0,0.0,0.0,0.0,0.0,0.0,0.0,1.0,0.0,0.0,0.0
8,8,0.0,0.0,0.0,0.0,0.0,0.0,0.0,0.0,1.0,0.0,0.0,0.0
8,8,0.0,0.0,0.0,0.0,0.0,0.0,0.0,0.0,1.0,0.0,0.0,0.0
8,8,0.0,0.0,0.0,0.0,0.0,0.0,0.0,0.0,1.0,0.0,0.0,0.0
8,8,0.0,0.0,0.0,0.0,0.0,0.0,0.0,0.0,1.0,0.0,0.0,0.0
8,8,0.0,0.0,0.0,0.0,0.0,0.0,0.0,0.0,1.0,0.0,0.0,0.0
8,8,0.0,0.0,0.0,0.0,0.0,0.0,0.0,0.0,1.0,0.0,0.0,0.0
8,8,0.0,0.0,0.0,0.0,0.0,0.0,0.0,0.0,1.0,0.0,0.0,0.0
8,8,0.0,0.0,0.0,0.0,0.0,0.0,0.0,0.0,1.0,0.0,0.0,0.0
8,8,0.0,0.0,0.0,0.0,0.0,0.0,0.0,0.0,1.0,0.0,0.0,0.0
8,8,0.0,0.0,0.0,0.0,0.0,0.0,0.0,0.0,1.0,0.0,0.0,0.0
8,8,0.0,0.0,0.0,0.0,0.0,0.0,0.0,0.0,1.0,0.0,0.0,0.0
8,8,0.0,0.0,0.0,0.0,0.0,0.0,0.0,0.0,1.0,0.0,0.0,0.0
8,8,0.0,0.0,0.0,0.0,0.0,0.0,0.0,0.0,1.0,0.0,0.0,0.0
8,8,0.0,0.0,0.0,0.0,0.0,0.0,0.0,0.0,1.0,0.0,0.0,0.0
8,8,0.0,0.0,0.0,0.0,0.0,0.0,0.0,0.0,1.0,0.0,0.0,0.0
8,8,0.0,0.0,0.0,0.0,0.0,0.0,0.0,0.0,1.0,0.0,0.0,0.0
8,8,0.0,0.0,0.0,0.0,0.0,0.0,0.0,0.0,1.0,0.0,0.0,0.0
8,8,0.0,0.0,0.0,0.0,0.0,0.0,0.0,0.0,1.0,0.0,0.0,0.0
8,8,0.0,0.0,0.0,0.0,0.0,0.0,0.0,0.0,1.0,0.0,0.0,0.0
8,8,0.0,0.0,0.0,0.0,0.0,0.0,0.0,0.0,1.0,0.0,0.0,0.0
8,8,0.0,0.0,0.0,0.0,0.0,0.0,0.0,0.0,1.0,0.0,0.0,0.0
8,8,0.0,0.0,0.0,0.0,0.0,0.0,0.0,0.0,1.0,0.0,0.0,0.0
8,8,0.0,0.0,0.0,0.0,0.0,0.0,0.0,0.0,1.0,0.0,0.0,0.0
8,8,0.0,0.0,0.0,0.0,0.0,0.0,0.0,0.0,1.0,0.0,0.0,0.0
8,8,0.0,0.0,0.0,0.0,0.0,0.0,0.0,0.0,1.0,0.0,0.0,0.0
8,8,0.0,0.0,0.0,0.0,0.0,0.0,0.0,0.0,1.0,0.0,0.0,0.0
8,8,0.0,0.0,0.0,0.0,0.0,0.0,0.0,0.0,1.0,0.0,0.0,0.0
8,8,0.0,0.0,0.0,0.0,0.0,0.0,0.0,0.0,1.0,0.0,0.0,0.0
8,8,0.0,0.0,0.0,0.0,0.0,0.0,0.0,0.0,1.0,0.0,0.0,0.0
8,8,0.0,0.0,0.0,0.0,0.0,0.0,0.0,0.0,1.0,0.0,0.0,0.0
8,8,0.0,0.0,0.0,0.0,0.0,0.0,0.0,0.0,1.0,0.0,0.0,0.0
8,8,0.0,0.0,0.0,0.0,0.0,0.0,0.0,0.0,1.0,0.0,0.0,0.0
8,8,0.0,0.0,0.0,0.0,0.0,0.0,0.0,0.0,1.0,0.0,0.0,0.0
8,8,0.0,0.0,0.0,0.0,0.0,0.0,0.0,0.0,1.0,0.0,0.0,0.0
8,8,0.0,0.0,0.0,0.0,0.0,0.0,0.0,0.0,1.0,0.0,0.0,0.0
8,8,0.0,0.0,0.0,0.0,0.0,0.0,0.0,0.0,1.0,0.0,0.0,0.0
8,8,0.0,0.0,0.0,0.0,0.0,0.0,0.0,0.0,1.0,0.0,0.0,0.0
8,8,0.0,0.0,0.0,0.0,0.0,0.0,0.0,0.0,1.0,0.0,0.0,0.0
8,8,0.0,0.0,0.0,0.0,0.0,0.0,0.0,0.0,1.0,0.0,0.0,0.0
8,8,0.0,0.0,0.0,0.0,0.0,0.0,0.0,0.0,1.0,0.0,0.0,0.0
8,8,0.0,0.0,0.0,0.0,0.0,0.0,0.0,0.0,1.0,0.0,0.0,0.0
8,8,0.0,0.0,0.0,0.0,0.0,0.0,0.0,0.0,1.0,0.0,0.0,0.0
8,8,0.0,0.0,0.0,0.0,0.0,0.0,0.0,0.0,1.0,0.0,0.0,0.0
8,8,0.0,0.0,0.0,0.0,0.0,0.0,0.0,0.0,1.0,0.0,0.0,0.0
8,8,0.0,0.0,0.0,0.0,0.0,0.0,0.0,0.0,1.0,0.0,0.0,0.0
8,8,0.0,0.0,0.0,0.0,0.0,0.0,0.0,0.0,1.0,0.0,0.0,0.0
8,8,0.0,0.0,0.0,0.0,0.0,0.0,0.0,0.0,1.0,0.0,0.0,0.0
8,8,0.0,0.0,0.0,0.0,0.0,0.0,0.0,0.0,1.0,0.0,0.0,0.0
8,8,0.0,0.0,0.0,0.0,0.0,0.0,0.0,0.0,1.0,0.0,0.0,0.0
8,8,0.0,0.0,0.0,0.0,0.0,0.0,0.0,0.0,1.0,0.0,0.0,0.0
8,8,0.0,0.0,0.0,0.0,0.0,0.0,0.0,0.0,1.0,0.0,0.0,0.0
8,8,0.0,0.0,0.0,0.0,0.0,0.0,0.0,0.0,1.0,0.0,0.0,0.0
8,8,0.0,0.0,0.0,0.0,0.0,0.0,0.0,0.0,1.0,0.0,0.0,0.0
8,8,0.0,0.0,0.0,0.0,0.0,0.0,0.0,0.0,1.0,0.0,0.0,0.0
8,8,0.0,0.0,0.0,0.0,0.0,0.0,0.0,0.0,1.0,0.0,0.0,0.0
8,8,0.0,0.0,0.0,0.0,0.0,0.0,0.0,0.0,1.0,0.0,0.0,0.0
8,8,0.0,0.0,0.0,0.0,0.0,0.0,0.0,0.0,1.0,0.0,0.0,0.0
8,8,0.0,0.0,0.0,0.0,0.0,0.0,0.0,0.0,1.0,0.0,0.0,0.0
8,8,0.0,0.0,0.0,0.0,0.0,0.0,0.0,0.0,1.0,0.0,0.0,0.0
8,8,0.0,0.0,0.0,0.0,0.0,0.0,0.0,0.0,1.0,0.0,0.0,0.0
8,8,0.0,0.0,0.0,0.0,0.0,0.0,0.0,0.0,1.0,0.0,0.0,0.0
8,8,0.0,0.0,0.0,0.0,0.0,0.0,0.0,0.0,1.0,0.0,0.0,0.0
8,8,0.0,0.0,0.0,0.0,0.0,0.0,0.0,0.0,1.0,0.0,0.0,0.0
8,8,0.0,0.0,0.0,0.0,0.0,0.0,0.0,0.0,1.0,0.0,0.0,0.0
8,8,0.0,0.0,0.0,0.0,0.0,0.0,0.0,0.0,1.0,0.0,0.0,0.0
8,8,0.0,0.0,0.0,0.0,0.0,0.0,0.0,0.0,1.0,0.0,0.0,0.0
8,8,0.0,0.0,0.0,0.0,0.0,0.0,0.0,0.0,1.0,0.0,0.0,0.0
8,8,0.0,0.0,0.0,0.0,0.0,0.0,0.0,0.0,1.0,0.0,0.0,0.0
8,8,0.0,0.0,0.0,0.0,0.0,0.0,0.0,0.0,1.0,0.0,0.0,0.0
8,8,0.0,0.0,0.0,0.0,0.0,0.0,0.0,0.0,1.0,0.0,0.0,0.0
8,8,0.0,0.0,0.0,0.0,0.0,0.0,0.0,0.0,1.0,0.0,0.0,0.0
8,8,0.0,0.0,0.0,0.0,0.0,0.0,0.0,0.0,1.0,0.0,0.0,0.0
8,8,0.0,0.0,0.0,0.0,0.0,0.0,0.0,0.0,1.0,0.0,0.0,0.0
8,8,0.0,0.0,0.0,0.0,0.0,0.0,0.0,0.0,1.0,0.0,0.0,0.0
8,8,0.0,0.0,0.0,0.0,0.0,0.0,0.0,0.0,1.0,0.0,0.0,0.0
8,8,0.0,0.0,0.0,0.0,0.0,0.0,0.0,0.0,1.0,0.0,0.0,0.0
8,8,0.0,0.0,0.0,0.0,0.0,0.0,0.0,0.0,1.0,0.0,0.0,0.0
8,8,0.0,0.0,0.0,0.0,0.0,0.0,0.0,0.0,1.0,0.0,0.0,0.0
8,8,0.0,0.0,0.0,0.0,0.0,0.0,0.0,0.0,1.0,0.0,0.0,0.0
8,8,0.0,0.0,0.0,0.0,0.0,0.0,0.0,0.0,1.0,0.0,0.0,0.0
8,8,0.0,0.0,0.0,0.0,0.0,0.0,0.0,0.0,1.0,0.0,0.0,0.0
8,8,0.0,0.0,0.0,0.0,0.0,0.0,0.0,0.0,1.0,0.0,0.0,0.0
8,8,0.0,0.0,0.0,0.0,0.0,0.0,0.0,0.0,1.0,0.0,0.0,0.0
8,8,0.0,0.0,0.0,0.0,0.0,0.0,0.0,0.0,1.0,0.0,0.0,0.0
8,8,0.0,0.0,0.0,0.0,0.0,0.0,0.0,0.0,1.0,0.0,0.0,0.0
8,8,0.0,0.0,0.0,0.0,0.0,0.0,0.0,0.0,1.0,0.0,0.0,0.0
8,8,0.0,0.0,0.0,0.0,0.0,0.0,0.0,0.0,1.0,0.0,0.0,0.0
8,8,0.0,0.0,0.0,0.0,0.0,0.0,0.0,0.0,1.0,0.0,0.0,0.0
8,8,0.0,0.0,0.0,0.0,0.0,0.0,0.0,0.0,1.0,0.0,0.0,0.0
8,8,0.0,0.0,0.0,0.0,0.0,0.0,0.0,0.0,1.0,0.0,0.0,0.0
8,8,0.0,0.0,0.0,0.0,0.0,0.0,0.0,0.0,1.0,0.0,0.0,0.0
8,8,0.0,0.0,0.0,0.0,0.0,0.0,0.0,0.0,1.0,0.0,0.0,0.0
8,8,0.0,0.0,0.0,0.0,0.0,0.0,0.0,0.0,1.0,0.0,0.0,0.0
8,8,0.0,0.0,0.0,0.0,0.0,0.0,0.0,0.0,1.0,0.0,0.0,0.0
8,8,0.0,0.0,0.0,0.0,0.0,0.0,0.0,0.0,1.0,0.0,0.0,0.0
8,8,0.0,0.0,0.0,0.0,0.0,0.0,0.0,0.0,1.0,0.0,0.0,0.0
8,8,0.0,0.0,0.0,0.0,0.0,0.0,0.0,0.0,1.0,0.0,0.0,0.0
8,8,0.0,0.0,0.0,0.0,0.0,0.0,0.0,0.0,1.0,0.0,0.0,0.0
8,8,0.0,0.0,0.0,0.0,0.0,0.0,0.0,0.0,1.0,0.0,0.0,0.0
8,8,0.0,0.0,0.0,0.0,0.0,0.0,0.0,0.0,1.0,0.0,0.0,0.0
8,8,0.0,0.0,0.0,0.0,0.0,0.0,0.0,0.0,1.0,0.0,0.0,0.0
8,8,0.0,0.0,0.0,0.0,0.0,0.0,0.0,0.0,1.0,0.0,0.0,0.0
8,8,0.0,0.0,0.0,0.0,0.0,0.0,0.0,0.0,1.0,0.0,0.0,0.0
8,8,0.0,0.0,0.0,0.0,0.0,0.0,0.0,0.0,1.0,0.0,0.0,0.0
8,8,0.0,0.0,0.0,0.0,0.0,0.0,0.0,0.0,1.0,0.0,0.0,0.0
8,8,0.0,0.0,0.0,0.0,0.0,0.0,0.0,0.0,1.0,0.0,0.0,0.0
8,8,0.0,0.0,0.0,0.0,0.0,0.0,0.0,0.0,1.0,0.0,0.0,0.0
8,8,0.0,0.0,0.0,0.0,0.0,0.0,0.0,0.0,1.0,0.0,0.0,0.0
8,8,0.0,0.0,0.0,0.0,0.0,0.0,0.0,0.0,1.0,0.0,0.0,0.0
8,8,0.0,0.0,0.0,0.0,0.0,0.0,0.0,0.0,1.0,0.0,0.0,0.0
8,8,0.0,0.0,0.0,0.0,0.0,0.0,0.0,0.0,1.0,0.0,0.0,0.0
8,8,0.0,0.0,0.0,0.0,0.0,0.0,0.0,0.0,1.0,0.0,0.0,0.0
8,8,0.0,0.0,0.0,0.0,0.0,0.0,0.0,0.0,1.0,0.0,0.0,0.0
8,8,0.0,0.0,0.0,0.0,0.0,0.0,0.0,0.0,1.0,0.0,0.0,0.0
8,8,0.0,0.0,0.0,0.0,0.0,0.0,0.0,0.0,1.0,0.0,0.0,0.0
8,8,0.0,0.0,0.0,0.0,0.0,0.0,0.0,0.0,1.0,0.0,0.0,0.0
8,8,0.0,0.0,0.0,0.0,0.0,0.0,0.0,0.0,1.0,0.0,0.0,0.0
8,8,0.0,0.0,0.0,0.0,0.0,0.0,0.0,0.0,1.0,0.0,0.0,0.0
8,8,0.0,0.0,0.0,0.0,0.0,0.0,0.0,0.0,1.0,0.0,0.0,0.0
8,8,0.0,0.0,0.0,0.0,0.0,0.0,0.0,0.0,1.0,0.0,0.0,0.0
8,8,0.0,0.0,0.0,0.0,0.0,0.0,0.0,0.0,1.0,0.0,0.0,0.0
8,8,0.0,0.0,0.0,0.0,0.0,0.0,0.0,0.0,1.0,0.0,0.0,0.0
8,8,0.0,0.0,0.0,0.0,0.0,0.0,0.0,0.0,1.0,0.0,0.0,0.0
8,8,0.0,0.0,0.0,0.0,0.0,0.0,0.0,0.0,1.0,0.0,0.0,0.0
8,8,0.0,0.0,0.0,0.0,0.0,0.0,0.0,0.0,1.0,0.0,0.0,0.0
8,8,0.0,0.0,0.0,0.0,0.0,0.0,0.0,0.0,1.0,0.0,0.0,0.0
8,8,0.0,0.0,0.0,0.0,0.0,0.0,0.0,0.0,1.0,0.0,0.0,0.0
8,8,0.0,0.0,0.0,0.0,0.0,0.0,0.0,0.0,1.0,0.0,0.0,0.0
8,8,0.0,0.0,0.0,0.0,0.0,0.0,0.0,0.0,1.0,0.0,0.0,0.0
8,8,0.0,0.0,0.0,0.0,0.0,0.0,0.0,0.0,1.0,0.0,0.0,0.0
8,8,0.0,0.0,0.0,0.0,0.0,0.0,0.0,0.0,1.0,0.0,0.0,0.0
8,8,0.0,0.0,0.0,0.0,0.0,0.0,0.0,0.0,1.0,0.0,0.0,0.0
8,8,0.0,0.0,0.0,0.0,0.0,0.0,0.0,0.0,1.0,0.0,0.0,0.0
8,8,0.0,0.0,0.0,0.0,0.0,0.0,0.0,0.0,1.0,0.0,0.0,0.0
8,8,0.0,0.0,0.0,0.0,0.0,0.0,0.0,0.0,1.0,0.0,0.0,0.0
8,8,0.0,0.0,0.0,0.0,0.0,0.0,0.0,0.0,1.0,0.0,0.0,0.0
8,8,0.0,0.0,0.0,0.0,0.0,0.0,0.0,0.0,1.0,0.0,0.0,0.0
8,8,0.0,0.0,0.0,0.0,0.0,0.0,0.0,0.0,1.0,0.0,0.0,0.0
8,8,0.0,0.0,0.0,0.0,0.0,0.0,0.0,0.0,1.0,0.0,0.0,0.0
8,8,0.0,0.0,0.0,0.0,0.0,0.0,0.0,0.0,1.0,0.0,0.0,0.0
8,8,0.0,0.0,0.0,0.0,0.0,0.0,0.0,0.0,1.0,0.0,0.0,0.0
8,8,0.0,0.0,0.0,0.0,0.0,0.0,0.0,0.0,1.0,0.0,0.0,0.0
8,8,0.0,0.0,0.0,0.0,0.0,0.0,0.0,0.0,1.0,0.0,0.0,0.0
8,8,0.0,0.0,0.0,0.0,0.0,0.0,0.0,0.0,1.0,0.0,0.0,0.0
8,8,0.0,0.0,0.0,0.0,0.0,0.0,0.0,0.0,1.0,0.0,0.0,0.0
8,8,0.0,0.0,0.0,0.0,0.0,0.0,0.0,0.0,1.0,0.0,0.0,0.0
8,8,0.0,0.0,0.0,0.0,0.0,0.0,0.0,0.0,1.0,0.0,0.0,0.0
8,8,0.0,0.0,0.0,0.0,0.0,0.0,0.0,0.0,1.0,0.0,0.0,0.0
8,8,0.0,0.0,0.0,0.0,0.0,0.0,0.0,0.0,1.0,0.0,0.0,0.0
8,8,0.0,0.0,0.0,0.0,0.0,0.0,0.0,0.0,1.0,0.0,0.0,0.0
8,8,0.0,0.0,0.0,0.0,0.0,0.0,0.0,0.0,1.0,0.0,0.0,0.0
8,8,0.0,0.0,0.0,0.0,0.0,0.0,0.0,0.0,1.0,0.0,0.0,0.0
8,8,0.0,0.0,0.0,0.0,0.0,0.0,0.0,0.0,1.0,0.0,0.0,0.0
8,8,0.0,0.0,0.0,0.0,0.0,0.0,0.0,0.0,1.0,0.0,0.0,0.0
8,8,0.0,0.0,0.0,0.0,0.0,0.0,0.0,0.0,1.0,0.0,0.0,0.0
8,8,0.0,0.0,0.0,0.0,0.0,0.0,0.0,0.0,1.0,0.0,0.0,0.0
8,8,0.0,0.0,0.0,0.0,0.0,0.0,0.0,0.0,1.0,0.0,0.0,0.0
8,8,0.0,0.0,0.0,0.0,0.0,0.0,0.0,0.0,1.0,0.0,0.0,0.0
8,8,0.0,0.0,0.0,0.0,0.0,0.0,0.0,0.0,1.0,0.0,0.0,0.0
8,8,0.0,0.0,0.0,0.0,0.0,0.0,0.0,0.0,1.0,0.0,0.0,0.0
8,8,0.0,0.0,0.0,0.0,0.0,0.0,0.0,0.0,1.0,0.0,0.0,0.0
8,8,0.0,0.0,0.0,0.0,0.0,0.0,0.0,0.0,1.0,0.0,0.0,0.0
8,8,0.0,0.0,0.0,0.0,0.0,0.0,0.0,0.0,1.0,0.0,0.0,0.0
8,8,0.0,0.0,0.0,0.0,0.0,0.0,0.0,0.0,1.0,0.0,0.0,0.0
8,8,0.0,0.0,0.0,0.0,0.0,0.0,0.0,0.0,1.0,0.0,0.0,0.0
8,8,0.0,0.0,0.0,0.0,0.0,0.0,0.0,0.0,1.0,0.0,0.0,0.0
8,8,0.0,0.0,0.0,0.0,0.0,0.0,0.0,0.0,1.0,0.0,0.0,0.0
8,8,0.0,0.0,0.0,0.0,0.0,0.0,0.0,0.0,1.0,0.0,0.0,0.0
8,8,0.0,0.0,0.0,0.0,0.0,0.0,0.0,0.0,1.0,0.0,0.0,0.0
8,8,0.0,0.0,0.0,0.0,0.0,0.0,0.0,0.0,1.0,0.0,0.0,0.0
8,8,0.0,0.0,0.0,0.0,0.0,0.0,0.0,0.0,1.0,0.0,0.0,0.0
8,8,0.0,0.0,0.0,0.0,0.0,0.0,0.0,0.0,1.0,0.0,0.0,0.0
8,8,0.0,0.0,0.0,0.0,0.0,0.0,0.0,0.0,1.0,0.0,0.0,0.0
8,8,0.0,0.0,0.0,0.0,0.0,0.0,0.0,0.0,1.0,0.0,0.0,0.0
8,8,0.0,0.0,0.0,0.0,0.0,0.0,0.0,0.0,1.0,0.0,0.0,0.0
8,8,0.0,0.0,0.0,0.0,0.0,0.0,0.0,0.0,1.0,0.0,0.0,0.0
8,8,0.0,0.0,0.0,0.0,0.0,0.0,0.0,0.0,1.0,0.0,0.0,0.0
8,8,0.0,0.0,0.0,0.0,0.0,0.0,0.0,0.0,1.0,0.0,0.0,0.0
8,8,0.0,0.0,0.0,0.0,0.0,0.0,0.0,0.0,1.0,0.0,0.0,0.0
8,8,0.0,0.0,0.0,0.0,0.0,0.0,0.0,0.0,1.0,0.0,0.0,0.0
8,8,0.0,0.0,0.0,0.0,0.0,0.0,0.0,0.0,1.0,0.0,0.0,0.0
8,8,0.0,0.0,0.0,0.0,0.0,0.0,0.0,0.0,1.0,0.0,0.0,0.0
8,8,0.0,0.0,0.0,0.0,0.0,0.0,0.0,0.0,1.0,0.0,0.0,0.0
8,8,0.0,0.0,0.0,0.0,0.0,0.0,0.0,0.0,1.0,0.0,0.0,0.0
8,8,0.0,0.0,0.0,0.0,0.0,0.0,0.0,0.0,1.0,0.0,0.0,0.0
8,8,0.0,0.0,0.0,0.0,0.0,0.0,0.0,0.0,1.0,0.0,0.0,0.0
8,8,0.0,0.0,0.0,0.0,0.0,0.0,0.0,0.0,1.0,0.0,0.0,0.0
8,8,0.0,0.0,0.0,0.0,0.0,0.0,0.0,0.0,1.0,0.0,0.0,0.0
8,8,0.0,0.0,0.0,0.0,0.0,0.0,0.0,0.0,1.0,0.0,0.0,0.0
8,8,0.0,0.0,0.0,0.0,0.0,0.0,0.0,0.0,1.0,0.0,0.0,0.0
8,8,0.0,0.0,0.0,0.0,0.0,0.0,0.0,0.0,1.0,0.0,0.0,0.0
8,8,0.0,0.0,0.0,0.0,0.0,0.0,0.0,0.0,1.0,0.0,0.0,0.0
8,8,0.0,0.0,0.0,0.0,0.0,0.0,0.0,0.0,1.0,0.0,0.0,0.0
8,8,0.0,0.0,0.0,0.0,0.0,0.0,0.0,0.0,1.0,0.0,0.0,0.0
8,8,0.0,0.0,0.0,0.0,0.0,0.0,0.0,0.0,1.0,0.0,0.0,0.0
8,8,0.0,0.0,0.0,0.0,0.0,0.0,0.0,0.0,1.0,0.0,0.0,0.0
8,8,0.0,0.0,0.0,0.0,0.0,0.0,0.0,0.0,1.0,0.0,0.0,0.0
8,8,0.0,0.0,0.0,0.0,0.0,0.0,0.0,0.0,1.0,0.0,0.0,0.0
8,8,0.0,0.0,0.0,0.0,0.0,0.0,0.0,0.0,1.0,0.0,0.0,0.0
8,8,0.0,0.0,0.0,0.0,0.0,0.0,0.0,0.0,1.0,0.0,0.0,0.0
8,8,0.0,0.0,0.0,0.0,0.0,0.0,0.0,0.0,1.0,0.0,0.0,0.0
8,8,0.0,0.0,0.0,0.0,0.0,0.0,0.0,0.0,1.0,0.0,0.0,0.0
8,8,0.0,0.0,0.0,0.0,0.0,0.0,0.0,0.0,1.0,0.0,0.0,0.0
8,8,0.0,0.0,0.0,0.0,0.0,0.0,0.0,0.0,1.0,0.0,0.0,0.0
8,8,0.0,0.0,0.0,0.0,0.0,0.0,0.0,0.0,1.0,0.0,0.0,0.0
8,8,0.0,0.0,0.0,0.0,0.0,0.0,0.0,0.0,1.0,0.0,0.0,0.0
8,8,0.0,0.0,0.0,0.0,0.0,0.0,0.0,0.0,1.0,0.0,0.0,0.0
8,8,0.0,0.0,0.0,0.0,0.0,0.0,0.0,0.0,1.0,0.0,0.0,0.0
8,8,0.0,0.0,0.0,0.0,0.0,0.0,0.0,0.0,1.0,0.0,0.0,0.0
8,8,0.0,0.0,0.0,0.0,0.0,0.0,0.0,0.0,1.0,0.0,0.0,0.0
8,8,0.0,0.0,0.0,0.0,0.0,0.0,0.0,0.0,1.0,0.0,0.0,0.0
8,8,0.0,0.0,0.0,0.0,0.0,0.0,0.0,0.0,1.0,0.0,0.0,0.0
8,8,0.0,0.0,0.0,0.0,0.0,0.0,0.0,0.0,1.0,0.0,0.0,0.0
8,8,0.0,0.0,0.0,0.0,0.0,0.0,0.0,0.0,1.0,0.0,0.0,0.0
8,8,0.0,0.0,0.0,0.0,0.0,0.0,0.0,0.0,1.0,0.0,0.0,0.0
8,8,0.0,0.0,0.0,0.0,0.0,0.0,0.0,0.0,1.0,0.0,0.0,0.0
8,8,0.0,0.0,0.0,0.0,0.0,0.0,0.0,0.0,1.0,0.0,0.0,0.0
8,8,0.0,0.0,0.0,0.0,0.0,0.0,0.0,0.0,1.0,0.0,0.0,0.0
8,8,0.0,0.0,0.0,0.0,0.0,0.0,0.0,0.0,1.0,0.0,0.0,0.0
8,8,0.0,0.0,0.0,0.0,0.0,0.0,0.0,0.0,1.0,0.0,0.0,0.0
8,8,0.0,0.0,0.0,0.0,0.0,0.0,0.0,0.0,1.0,0.0,0.0,0.0
8,8,0.0,0.0,0.0,0.0,0.0,0.0,0.0,0.0,1.0,0.0,0.0,0.0
8,8,0.0,0.0,0.0,0.0,0.0,0.0,0.0,0.0,1.0,0.0,0.0,0.0
8,8,0.0,0.0,0.0,0.0,0.0,0.0,0.0,0.0,1.0,0.0,0.0,0.0
8,8,0.0,0.0,0.0,0.0,0.0,0.0,0.0,0.0,1.0,0.0,0.0,0.0
8,8,0.0,0.0,0.0,0.0,0.0,0.0,0.0,0.0,1.0,0.0,0.0,0.0
8,8,0.0,0.0,0.0,0.0,0.0,0.0,0.0,0.0,1.0,0.0,0.0,0.0
8,8,0.0,0.0,0.0,0.0,0.0,0.0,0.0,0.0,1.0,0.0,0.0,0.0
8,8,0.0,0.0,0.0,0.0,0.0,0.0,0.0,0.0,1.0,0.0,0.0,0.0
8,8,0.0,0.0,0.0,0.0,0.0,0.0,0.0,0.0,1.0,0.0,0.0,0.0
8,8,0.0,0.0,0.0,0.0,0.0,0.0,0.0,0.0,1.0,0.0,0.0,0.0
8,8,0.0,0.0,0.0,0.0,0.0,0.0,0.0,0.0,1.0,0.0,0.0,0.0
8,8,0.0,0.0,0.0,0.0,0.0,0.0,0.0,0.0,1.0,0.0,0.0,0.0
8,8,0.0,0.0,0.0,0.0,0.0,0.0,0.0,0.0,1.0,0.0,0.0,0.0
8,8,0.0,0.0,0.0,0.0,0.0,0.0,0.0,0.0,1.0,0.0,0.0,0.0
8,8,0.0,0.0,0.0,0.0,0.0,0.0,0.0,0.0,1.0,0.0,0.0,0.0
8,8,0.0,0.0,0.0,0.0,0.0,0.0,0.0,0.0,1.0,0.0,0.0,0.0
8,8,0.0,0.0,0.0,0.0,0.0,0.0,0.0,0.0,1.0,0.0,0.0,0.0
8,8,0.0,0.0,0.0,0.0,0.0,0.0,0.0,0.0,1.0,0.0,0.0,0.0
8,8,0.0,0.0,0.0,0.0,0.0,0.0,0.0,0.0,1.0,0.0,0.0,0.0
8,8,0.0,0.0,0.0,0.0,0.0,0.0,0.0,0.0,1.0,0.0,0.0,0.0
8,8,0.0,0.0,0.0,0.0,0.0,0.0,0.0,0.0,1.0,0.0,0.0,0.0
8,8,0.0,0.0,0.0,0.0,0.0,0.0,0.0,0.0,1.0,0.0,0.0,0.0
8,8,0.0,0.0,0.0,0.0,0.0,0.0,0.0,0.0,1.0,0.0,0.0,0.0
8,8,0.0,0.0,0.0,0.0,0.0,0.0,0.0,0.0,1.0,0.0,0.0,0.0
8,8,0.0,0.0,0.0,0.0,0.0,0.0,0.0,0.0,1.0,0.0,0.0,0.0
8,8,0.0,0.0,0.0,0.0,0.0,0.0,0.0,0.0,1.0,0.0,0.0,0.0
8,8,0.0,0.0,0.0,0.0,0.0,0.0,0.0,0.0,1.0,0.0,0.0,0.0
8,8,0.0,0.0,0.0,0.0,0.0,0.0,0.0,0.0,1.0,0.0,0.0,0.0
8,8,0.0,0.0,0.0,0.0,0.0,0.0,0.0,0.0,1.0,0.0,0.0,0.0
8,8,0.0,0.0,0.0,0.0,0.0,0.0,0.0,0.0,1.0,0.0,0.0,0.0
8,8,0.0,0.0,0.0,0.0,0.0,0.0,0.0,0.0,1.0,0.0,0.0,0.0
8,8,0.0,0.0,0.0,0.0,0.0,0.0,0.0,0.0,1.0,0.0,0.0,0.0
8,8,0.0,0.0,0.0,0.0,0.0,0.0,0.0,0.0,1.0,0.0,0.0,0.0
8,8,0.0,0.0,0.0,0.0,0.0,0.0,0.0,0.0,1.0,0.0,0.0,0.0
8,8,0.0,0.0,0.0,0.0,0.0,0.0,0.0,0.0,1.0,0.0,0.0,0.0
8,8,0.0,0.0,0.0,0.0,0.0,0.0,0.0,0.0,1.0,0.0,0.0,0.0
8,8,0.0,0.0,0.0,0.0,0.0,0.0,0.0,0.0,1.0,0.0,0.0,0.0
8,8,0.0,0.0,0.0,0.0,0.0,0.0,0.0,0.0,1.0,0.0,0.0,0.0
8,8,0.0,0.0,0.0,0.0,0.0,0.0,0.0,0.0,1.0,0.0,0.0,0.0
8,8,0.0,0.0,0.0,0.0,0.0,0.0,0.0,0.0,1.0,0.0,0.0,0.0
8,8,0.0,0.0,0.0,0.0,0.0,0.0,0.0,0.0,1.0,0.0,0.0,0.0
8,8,0.0,0.0,0.0,0.0,0.0,0.0,0.0,0.0,1.0,0.0,0.0,0.0
8,8,0.0,0.0,0.0,0.0,0.0,0.0,0.0,0.0,1.0,0.0,0.0,0.0
8,8,0.0,0.0,0.0,0.0,0.0,0.0,0.0,0.0,1.0,0.0,0.0,0.0
8,8,0.0,0.0,0.0,0.0,0.0,0.0,0.0,0.0,1.0,0.0,0.0,0.0
8,8,0.0,0.0,0.0,0.0,0.0,0.0,0.0,0.0,1.0,0.0,0.0,0.0
8,8,0.0,0.0,0.0,0.0,0.0,0.0,0.0,0.0,1.0,0.0,0.0,0.0
8,8,0.0,0.0,0.0,0.0,0.0,0.0,0.0,0.0,1.0,0.0,0.0,0.0
8,8,0.0,0.0,0.0,0.0,0.0,0.0,0.0,0.0,1.0,0.0,0.0,0.0
8,8,0.0,0.0,0.0,0.0,0.0,0.0,0.0,0.0,1.0,0.0,0.0,0.0
8,8,0.0,0.0,0.0,0.0,0.0,0.0,0.0,0.0,1.0,0.0,0.0,0.0
8,8,0.0,0.0,0.0,0.0,0.0,0.0,0.0,0.0,1.0,0.0,0.0,0.0
8,8,0.0,0.0,0.0,0.0,0.0,0.0,0.0,0.0,1.0,0.0,0.0,0.0
8,8,0.0,0.0,0.0,0.0,0.0,0.0,0.0,0.0,1.0,0.0,0.0,0.0
8,8,0.0,0.0,0.0,0.0,0.0,0.0,0.0,0.0,1.0,0.0,0.0,0.0
8,8,0.0,0.0,0.0,0.0,0.0,0.0,0.0,0.0,1.0,0.0,0.0,0.0
8,8,0.0,0.0,0.0,0.0,0.0,0.0,0.0,0.0,1.0,0.0,0.0,0.0
8,8,0.0,0.0,0.0,0.0,0.0,0.0,0.0,0.0,1.0,0.0,0.0,0.0
8,8,0.0,0.0,0.0,0.0,0.0,0.0,0.0,0.0,1.0,0.0,0.0,0.0
8,8,0.0,0.0,0.0,0.0,0.0,0.0,0.0,0.0,1.0,0.0,0.0,0.0
8,8,0.0,0.0,0.0,0.0,0.0,0.0,0.0,0.0,1.0,0.0,0.0,0.0
8,8,0.0,0.0,0.0,0.0,0.0,0.0,0.0,0.0,1.0,0.0,0.0,0.0
8,8,0.0,0.0,0.0,0.0,0.0,0.0,0.0,0.0,1.0,0.0,0.0,0.0
8,8,0.0,0.0,0.0,0.0,0.0,0.0,0.0,0.0,1.0,0.0,0.0,0.0
8,8,0.0,0.0,0.0,0.0,0.0,0.0,0.0,0.0,1.0,0.0,0.0,0.0
8,8,0.0,0.0,0.0,0.0,0.0,0.0,0.0,0.0,1.0,0.0,0.0,0.0
8,8,0.0,0.0,0.0,0.0,0.0,0.0,0.0,0.0,1.0,0.0,0.0,0.0
8,8,0.0,0.0,0.0,0.0,0.0,0.0,0.0,0.0,1.0,0.0,0.0,0.0
8,8,0.0,0.0,0.0,0.0,0.0,0.0,0.0,0.0,1.0,0.0,0.0,0.0
8,8,0.0,0.0,0.0,0.0,0.0,0.0,0.0,0.0,1.0,0.0,0.0,0.0
8,8,0.0,0.0,0.0,0.0,0.0,0.0,0.0,0.0,1.0,0.0,0.0,0.0
8,8,0.0,0.0,0.0,0.0,0.0,0.0,0.0,0.0,1.0,0.0,0.0,0.0
8,8,0.0,0.0,0.0,0.0,0.0,0.0,0.0,0.0,1.0,0.0,0.0,0.0
8,8,0.0,0.0,0.0,0.0,0.0,0.0,0.0,0.0,1.0,0.0,0.0,0.0
8,8,0.0,0.0,0.0,0.0,0.0,0.0,0.0,0.0,1.0,0.0,0.0,0.0
8,8,0.0,0.0,0.0,0.0,0.0,0.0,0.0,0.0,1.0,0.0,0.0,0.0
8,8,0.0,0.0,0.0,0.0,0.0,0.0,0.0,0.0,1.0,0.0,0.0,0.0
8,8,0.0,0.0,0.0,0.0,0.0,0.0,0.0,0.0,1.0,0.0,0.0,0.0
8,8,0.0,0.0,0.0,0.0,0.0,0.0,0.0,0.0,1.0,0.0,0.0,0.0
8,8,0.0,0.0,0.0,0.0,0.0,0.0,0.0,0.0,1.0,0.0,0.0,0.0
8,8,0.0,0.0,0.0,0.0,0.0,0.0,0.0,0.0,1.0,0.0,0.0,0.0
8,8,0.0,0.0,0.0,0.0,0.0,0.0,0.0,0.0,1.0,0.0,0.0,0.0
8,8,0.0,0.0,0.0,0.0,0.0,0.0,0.0,0.0,1.0,0.0,0.0,0.0
8,8,0.0,0.0,0.0,0.0,0.0,0.0,0.0,0.0,1.0,0.0,0.0,0.0
8,8,0.0,0.0,0.0,0.0,0.0,0.0,0.0,0.0,1.0,0.0,0.0,0.0
8,8,0.0,0.0,0.0,0.0,0.0,0.0,0.0,0.0,1.0,0.0,0.0,0.0
8,8,0.0,0.0,0.0,0.0,0.0,0.0,0.0,0.0,1.0,0.0,0.0,0.0
8,8,0.0,0.0,0.0,0.0,0.0,0.0,0.0,0.0,1.0,0.0,0.0,0.0
8,8,0.0,0.0,0.0,0.0,0.0,0.0,0.0,0.0,1.0,0.0,0.0,0.0
8,8,0.0,0.0,0.0,0.0,0.0,0.0,0.0,0.0,1.0,0.0,0.0,0.0
8,8,0.0,0.0,0.0,0.0,0.0,0.0,0.0,0.0,1.0,0.0,0.0,0.0
8,8,0.0,0.0,0.0,0.0,0.0,0.0,0.0,0.0,1.0,0.0,0.0,0.0
8,8,0.0,0.0,0.0,0.0,0.0,0.0,0.0,0.0,1.0,0.0,0.0,0.0
8,8,0.0,0.0,0.0,0.0,0.0,0.0,0.0,0.0,1.0,0.0,0.0,0.0
8,8,0.0,0.0,0.0,0.0,0.0,0.0,0.0,0.0,1.0,0.0,0.0,0.0
8,8,0.0,0.0,0.0,0.0,0.0,0.0,0.0,0.0,1.0,0.0,0.0,0.0
8,8,0.0,0.0,0.0,0.0,0.0,0.0,0.0,0.0,1.0,0.0,0.0,0.0
8,8,0.0,0.0,0.0,0.0,0.0,0.0,0.0,0.0,1.0,0.0,0.0,0.0
8,8,0.0,0.0,0.0,0.0,0.0,0.0,0.0,0.0,1.0,0.0,0.0,0.0
8,8,0.0,0.0,0.0,0.0,0.0,0.0,0.0,0.0,1.0,0.0,0.0,0.0
8,8,0.0,0.0,0.0,0.0,0.0,0.0,0.0,0.0,1.0,0.0,0.0,0.0
8,8,0.0,0.0,0.0,0.0,0.0,0.0,0.0,0.0,1.0,0.0,0.0,0.0
8,8,0.0,0.0,0.0,0.0,0.0,0.0,0.0,0.0,1.0,0.0,0.0,0.0
8,8,0.0,0.0,0.0,0.0,0.0,0.0,0.0,0.0,1.0,0.0,0.0,0.0
8,8,0.0,0.0,0.0,0.0,0.0,0.0,0.0,0.0,1.0,0.0,0.0,0.0
8,8,0.0,0.0,0.0,0.0,0.0,0.0,0.0,0.0,1.0,0.0,0.0,0.0
8,8,0.0,0.0,0.0,0.0,0.0,0.0,0.0,0.0,1.0,0.0,0.0,0.0
8,8,0.0,0.0,0.0,0.0,0.0,0.0,0.0,0.0,1.0,0.0,0.0,0.0
8,8,0.0,0.0,0.0,0.0,0.0,0.0,0.0,0.0,1.0,0.0,0.0,0.0
8,8,0.0,0.0,0.0,0.0,0.0,0.0,0.0,0.0,1.0,0.0,0.0,0.0
8,8,0.0,0.0,0.0,0.0,0.0,0.0,0.0,0.0,1.0,0.0,0.0,0.0
8,8,0.0,0.0,0.0,0.0,0.0,0.0,0.0,0.0,1.0,0.0,0.0,0.0
8,8,0.0,0.0,0.0,0.0,0.0,0.0,0.0,0.0,1.0,0.0,0.0,0.0
8,8,0.0,0.0,0.0,0.0,0.0,0.0,0.0,0.0,1.0,0.0,0.0,0.0
8,8,0.0,0.0,0.0,0.0,0.0,0.0,0.0,0.0,1.0,0.0,0.0,0.0
8,8,0.0,0.0,0.0,0.0,0.0,0.0,0.0,0.0,1.0,0.0,0.0,0.0
8,8,0.0,0.0,0.0,0.0,0.0,0.0,0.0,0.0,1.0,0.0,0.0,0.0
8,8,0.0,0.0,0.0,0.0,0.0,0.0,0.0,0.0,1.0,0.0,0.0,0.0
8,8,0.0,0.0,0.0,0.0,0.0,0.0,0.0,0.0,1.0,0.0,0.0,0.0
8,8,0.0,0.0,0.0,0.0,0.0,0.0,0.0,0.0,1.0,0.0,0.0,0.0
8,8,0.0,0.0,0.0,0.0,0.0,0.0,0.0,0.0,1.0,0.0,0.0,0.0
8,8,0.0,0.0,0.0,0.0,0.0,0.0,0.0,0.0,1.0,0.0,0.0,0.0
8,8,0.0,0.0,0.0,0.0,0.0,0.0,0.0,0.0,1.0,0.0,0.0,0.0
8,8,0.0,0.0,0.0,0.0,0.0,0.0,0.0,0.0,1.0,0.0,0.0,0.0
8,8,0.0,0.0,0.0,0.0,0.0,0.0,0.0,0.0,1.0,0.0,0.0,0.0
8,8,0.0,0.0,0.0,0.0,0.0,0.0,0.0,0.0,1.0,0.0,0.0,0.0
8,8,0.0,0.0,0.0,0.0,0.0,0.0,0.0,0.0,1.0,0.0,0.0,0.0
8,8,0.0,0.0,0.0,0.0,0.0,0.0,0.0,0.0,1.0,0.0,0.0,0.0
8,8,0.0,0.0,0.0,0.0,0.0,0.0,0.0,0.0,1.0,0.0,0.0,0.0
8,8,0.0,0.0,0.0,0.0,0.0,0.0,0.0,0.0,1.0,0.0,0.0,0.0
8,8,0.0,0.0,0.0,0.0,0.0,0.0,0.0,0.0,1.0,0.0,0.0,0.0
8,8,0.0,0.0,0.0,0.0,0.0,0.0,0.0,0.0,1.0,0.0,0.0,0.0
8,8,0.0,0.0,0.0,0.0,0.0,0.0,0.0,0.0,1.0,0.0,0.0,0.0
8,8,0.0,0.0,0.0,0.0,0.0,0.0,0.0,0.0,1.0,0.0,0.0,0.0
8,8,0.0,0.0,0.0,0.0,0.0,0.0,0.0,0.0,1.0,0.0,0.0,0.0
8,8,0.0,0.0,0.0,0.0,0.0,0.0,0.0,0.0,1.0,0.0,0.0,0.0
8,8,0.0,0.0,0.0,0.0,0.0,0.0,0.0,0.0,1.0,0.0,0.0,0.0
8,8,0.0,0.0,0.0,0.0,0.0,0.0,0.0,0.0,1.0,0.0,0.0,0.0
8,8,0.0,0.0,0.0,0.0,0.0,0.0,0.0,0.0,1.0,0.0,0.0,0.0
8,8,0.0,0.0,0.0,0.0,0.0,0.0,0.0,0.0,1.0,0.0,0.0,0.0
8,8,0.0,0.0,0.0,0.0,0.0,0.0,0.0,0.0,1.0,0.0,0.0,0.0
8,8,0.0,0.0,0.0,0.0,0.0,0.0,0.0,0.0,1.0,0.0,0.0,0.0
8,8,0.0,0.0,0.0,0.0,0.0,0.0,0.0,0.0,1.0,0.0,0.0,0.0
8,8,0.0,0.0,0.0,0.0,0.0,0.0,0.0,0.0,1.0,0.0,0.0,0.0
8,8,0.0,0.0,0.0,0.0,0.0,0.0,0.0,0.0,1.0,0.0,0.0,0.0
8,8,0.0,0.0,0.0,0.0,0.0,0.0,0.0,0.0,1.0,0.0,0.0,0.0
8,8,0.0,0.0,0.0,0.0,0.0,0.0,0.0,0.0,1.0,0.0,0.0,0.0
8,8,0.0,0.0,0.0,0.0,0.0,0.0,0.0,0.0,1.0,0.0,0.0,0.0
8,8,0.0,0.0,0.0,0.0,0.0,0.0,0.0,0.0,1.0,0.0,0.0,0.0
8,8,0.0,0.0,0.0,0.0,0.0,0.0,0.0,0.0,1.0,0.0,0.0,0.0
8,8,0.0,0.0,0.0,0.0,0.0,0.0,0.0,0.0,1.0,0.0,0.0,0.0
8,8,0.0,0.0,0.0,0.0,0.0,0.0,0.0,0.0,1.0,0.0,0.0,0.0
8,8,0.0,0.0,0.0,0.0,0.0,0.0,0.0,0.0,1.0,0.0,0.0,0.0
8,8,0.0,0.0,0.0,0.0,0.0,0.0,0.0,0.0,1.0,0.0,0.0,0.0
8,8,0.0,0.0,0.0,0.0,0.0,0.0,0.0,0.0,1.0,0.0,0.0,0.0
8,8,0.0,0.0,0.0,0.0,0.0,0.0,0.0,0.0,1.0,0.0,0.0,0.0
8,8,0.0,0.0,0.0,0.0,0.0,0.0,0.0,0.0,1.0,0.0,0.0,0.0
8,8,0.0,0.0,0.0,0.0,0.0,0.0,0.0,0.0,1.0,0.0,0.0,0.0
8,8,0.0,0.0,0.0,0.0,0.0,0.0,0.0,0.0,1.0,0.0,0.0,0.0
8,8,0.0,0.0,0.0,0.0,0.0,0.0,0.0,0.0,1.0,0.0,0.0,0.0
8,8,0.0,0.0,0.0,0.0,0.0,0.0,0.0,0.0,1.0,0.0,0.0,0.0
8,8,0.0,0.0,0.0,0.0,0.0,0.0,0.0,0.0,1.0,0.0,0.0,0.0
8,8,0.0,0.0,0.0,0.0,0.0,0.0,0.0,0.0,1.0,0.0,0.0,0.0
8,8,0.0,0.0,0.0,0.0,0.0,0.0,0.0,0.0,1.0,0.0,0.0,0.0
8,8,0.0,0.0,0.0,0.0,0.0,0.0,0.0,0.0,1.0,0.0,0.0,0.0
8,8,0.0,0.0,0.0,0.0,0.0,0.0,0.0,0.0,1.0,0.0,0.0,0.0
8,8,0.0,0.0,0.0,0.0,0.0,0.0,0.0,0.0,1.0,0.0,0.0,0.0
8,8,0.0,0.0,0.0,0.0,0.0,0.0,0.0,0.0,1.0,0.0,0.0,0.0
8,8,0.0,0.0,0.0,0.0,0.0,0.0,0.0,0.0,1.0,0.0,0.0,0.0
8,8,0.0,0.0,0.0,0.0,0.0,0.0,0.0,0.0,1.0,0.0,0.0,0.0
8,8,0.0,0.0,0.0,0.0,0.0,0.0,0.0,0.0,1.0,0.0,0.0,0.0
8,8,0.0,0.0,0.0,0.0,0.0,0.0,0.0,0.0,1.0,0.0,0.0,0.0
8,8,0.0,0.0,0.0,0.0,0.0,0.0,0.0,0.0,1.0,0.0,0.0,0.0
8,8,0.0,0.0,0.0,0.0,0.0,0.0,0.0,0.0,1.0,0.0,0.0,0.0
8,8,0.0,0.0,0.0,0.0,0.0,0.0,0.0,0.0,1.0,0.0,0.0,0.0
8,8,0.0,0.0,0.0,0.0,0.0,0.0,0.0,0.0,1.0,0.0,0.0,0.0
8,8,0.0,0.0,0.0,0.0,0.0,0.0,0.0,0.0,1.0,0.0,0.0,0.0
8,8,0.0,0.0,0.0,0.0,0.0,0.0,0.0,0.0,1.0,0.0,0.0,0.0
8,8,0.0,0.0,0.0,0.0,0.0,0.0,0.0,0.0,1.0,0.0,0.0,0.0
8,8,0.0,0.0,0.0,0.0,0.0,0.0,0.0,0.0,1.0,0.0,0.0,0.0
8,8,0.0,0.0,0.0,0.0,0.0,0.0,0.0,0.0,1.0,0.0,0.0,0.0
8,8,0.0,0.0,0.0,0.0,0.0,0.0,0.0,0.0,1.0,0.0,0.0,0.0
8,8,0.0,0.0,0.0,0.0,0.0,0.0,0.0,0.0,1.0,0.0,0.0,0.0
8,8,0.0,0.0,0.0,0.0,0.0,0.0,0.0,0.0,1.0,0.0,0.0,0.0
8,8,0.0,0.0,0.0,0.0,0.0,0.0,0.0,0.0,1.0,0.0,0.0,0.0
8,8,0.0,0.0,0.0,0.0,0.0,0.0,0.0,0.0,1.0,0.0,0.0,0.0
8,8,0.0,0.0,0.0,0.0,0.0,0.0,0.0,0.0,1.0,0.0,0.0,0.0
8,8,0.0,0.0,0.0,0.0,0.0,0.0,0.0,0.0,1.0,0.0,0.0,0.0
8,8,0.0,0.0,0.0,0.0,0.0,0.0,0.0,0.0,1.0,0.0,0.0,0.0
8,8,0.0,0.0,0.0,0.0,0.0,0.0,0.0,0.0,1.0,0.0,0.0,0.0
8,8,0.0,0.0,0.0,0.0,0.0,0.0,0.0,0.0,1.0,0.0,0.0,0.0
8,8,0.0,0.0,0.0,0.0,0.0,0.0,0.0,0.0,1.0,0.0,0.0,0.0
8,8,0.0,0.0,0.0,0.0,0.0,0.0,0.0,0.0,1.0,0.0,0.0,0.0
8,8,0.0,0.0,0.0,0.0,0.0,0.0,0.0,0.0,1.0,0.0,0.0,0.0
8,8,0.0,0.0,0.0,0.0,0.0,0.0,0.0,0.0,1.0,0.0,0.0,0.0
8,8,0.0,0.0,0.0,0.0,0.0,0.0,0.0,0.0,1.0,0.0,0.0,0.0
8,8,0.0,0.0,0.0,0.0,0.0,0.0,0.0,0.0,1.0,0.0,0.0,0.0
8,8,0.0,0.0,0.0,0.0,0.0,0.0,0.0,0.0,1.0,0.0,0.0,0.0
8,8,0.0,0.0,0.0,0.0,0.0,0.0,0.0,0.0,1.0,0.0,0.0,0.0
8,8,0.0,0.0,0.0,0.0,0.0,0.0,0.0,0.0,1.0,0.0,0.0,0.0
8,8,0.0,0.0,0.0,0.0,0.0,0.0,0.0,0.0,1.0,0.0,0.0,0.0
8,8,0.0,0.0,0.0,0.0,0.0,0.0,0.0,0.0,1.0,0.0,0.0,0.0
8,8,0.0,0.0,0.0,0.0,0.0,0.0,0.0,0.0,1.0,0.0,0.0,0.0
8,8,0.0,0.0,0.0,0.0,0.0,0.0,0.0,0.0,1.0,0.0,0.0,0.0
8,8,0.0,0.0,0.0,0.0,0.0,0.0,0.0,0.0,1.0,0.0,0.0,0.0
8,8,0.0,0.0,0.0,0.0,0.0,0.0,0.0,0.0,1.0,0.0,0.0,0.0
8,8,0.0,0.0,0.0,0.0,0.0,0.0,0.0,0.0,1.0,0.0,0.0,0.0
8,8,0.0,0.0,0.0,0.0,0.0,0.0,0.0,0.0,1.0,0.0,0.0,0.0
8,8,0.0,0.0,0.0,0.0,0.0,0.0,0.0,0.0,1.0,0.0,0.0,0.0
8,8,0.0,0.0,0.0,0.0,0.0,0.0,0.0,0.0,1.0,0.0,0.0,0.0
8,8,0.0,0.0,0.0,0.0,0.0,0.0,0.0,0.0,1.0,0.0,0.0,0.0
8,8,0.0,0.0,0.0,0.0,0.0,0.0,0.0,0.0,1.0,0.0,0.0,0.0
8,8,0.0,0.0,0.0,0.0,0.0,0.0,0.0,0.0,1.0,0.0,0.0,0.0
8,8,0.0,0.0,0.0,0.0,0.0,0.0,0.0,0.0,1.0,0.0,0.0,0.0
8,8,0.0,0.0,0.0,0.0,0.0,0.0,0.0,0.0,1.0,0.0,0.0,0.0
8,8,0.0,0.0,0.0,0.0,0.0,0.0,0.0,0.0,1.0,0.0,0.0,0.0
8,8,0.0,0.0,0.0,0.0,0.0,0.0,0.0,0.0,1.0,0.0,0.0,0.0
8,8,0.0,0.0,0.0,0.0,0.0,0.0,0.0,0.0,1.0,0.0,0.0,0.0
8,8,0.0,0.0,0.0,0.0,0.0,0.0,0.0,0.0,1.0,0.0,0.0,0.0
8,8,0.0,0.0,0.0,0.0,0.0,0.0,0.0,0.0,1.0,0.0,0.0,0.0
8,8,0.0,0.0,0.0,0.0,0.0,0.0,0.0,0.0,1.0,0.0,0.0,0.0
8,8,0.0,0.0,0.0,0.0,0.0,0.0,0.0,0.0,1.0,0.0,0.0,0.0
8,8,0.0,0.0,0.0,0.0,0.0,0.0,0.0,0.0,1.0,0.0,0.0,0.0
8,8,0.0,0.0,0.0,0.0,0.0,0.0,0.0,0.0,1.0,0.0,0.0,0.0
8,8,0.0,0.0,0.0,0.0,0.0,0.0,0.0,0.0,1.0,0.0,0.0,0.0
8,8,0.0,0.0,0.0,0.0,0.0,0.0,0.0,0.0,1.0,0.0,0.0,0.0
8,8,0.0,0.0,0.0,0.0,0.0,0.0,0.0,0.0,1.0,0.0,0.0,0.0
8,8,0.0,0.0,0.0,0.0,0.0,0.0,0.0,0.0,1.0,0.0,0.0,0.0
8,8,0.0,0.0,0.0,0.0,0.0,0.0,0.0,0.0,1.0,0.0,0.0,0.0
8,8,0.0,0.0,0.0,0.0,0.0,0.0,0.0,0.0,1.0,0.0,0.0,0.0
8,8,0.0,0.0,0.0,0.0,0.0,0.0,0.0,0.0,1.0,0.0,0.0,0.0
8,8,0.0,0.0,0.0,0.0,0.0,0.0,0.0,0.0,1.0,0.0,0.0,0.0
8,8,0.0,0.0,0.0,0.0,0.0,0.0,0.0,0.0,1.0,0.0,0.0,0.0
8,8,0.0,0.0,0.0,0.0,0.0,0.0,0.0,0.0,1.0,0.0,0.0,0.0
8,8,0.0,0.0,0.0,0.0,0.0,0.0,0.0,0.0,1.0,0.0,0.0,0.0
8,8,0.0,0.0,0.0,0.0,0.0,0.0,0.0,0.0,1.0,0.0,0.0,0.0
8,8,0.0,0.0,0.0,0.0,0.0,0.0,0.0,0.0,1.0,0.0,0.0,0.0
8,8,0.0,0.0,0.0,0.0,0.0,0.0,0.0,0.0,1.0,0.0,0.0,0.0
8,8,0.0,0.0,0.0,0.0,0.0,0.0,0.0,0.0,1.0,0.0,0.0,0.0
8,8,0.0,0.0,0.0,0.0,0.0,0.0,0.0,0.0,1.0,0.0,0.0,0.0
8,8,0.0,0.0,0.0,0.0,0.0,0.0,0.0,0.0,1.0,0.0,0.0,0.0
8,8,0.0,0.0,0.0,0.0,0.0,0.0,0.0,0.0,1.0,0.0,0.0,0.0
8,8,0.0,0.0,0.0,0.0,0.0,0.0,0.0,0.0,1.0,0.0,0.0,0.0
8,8,0.0,0.0,0.0,0.0,0.0,0.0,0.0,0.0,1.0,0.0,0.0,0.0
8,8,0.0,0.0,0.0,0.0,0.0,0.0,0.0,0.0,1.0,0.0,0.0,0.0
8,8,0.0,0.0,0.0,0.0,0.0,0.0,0.0,0.0,1.0,0.0,0.0,0.0
8,8,0.0,0.0,0.0,0.0,0.0,0.0,0.0,0.0,1.0,0.0,0.0,0.0
8,8,0.0,0.0,0.0,0.0,0.0,0.0,0.0,0.0,1.0,0.0,0.0,0.0
8,8,0.0,0.0,0.0,0.0,0.0,0.0,0.0,0.0,1.0,0.0,0.0,0.0
8,8,0.0,0.0,0.0,0.0,0.0,0.0,0.0,0.0,1.0,0.0,0.0,0.0
8,8,0.0,0.0,0.0,0.0,0.0,0.0,0.0,0.0,1.0,0.0,0.0,0.0
8,8,0.0,0.0,0.0,0.0,0.0,0.0,0.0,0.0,1.0,0.0,0.0,0.0
8,8,0.0,0.0,0.0,0.0,0.0,0.0,0.0,0.0,1.0,0.0,0.0,0.0
8,8,0.0,0.0,0.0,0.0,0.0,0.0,0.0,0.0,1.0,0.0,0.0,0.0
8,8,0.0,0.0,0.0,0.0,0.0,0.0,0.0,0.0,1.0,0.0,0.0,0.0
8,8,0.0,0.0,0.0,0.0,0.0,0.0,0.0,0.0,1.0,0.0,0.0,0.0
8,8,0.0,0.0,0.0,0.0,0.0,0.0,0.0,0.0,1.0,0.0,0.0,0.0
8,8,0.0,0.0,0.0,0.0,0.0,0.0,0.0,0.0,1.0,0.0,0.0,0.0
8,8,0.0,0.0,0.0,0.0,0.0,0.0,0.0,0.0,1.0,0.0,0.0,0.0
8,8,0.0,0.0,0.0,0.0,0.0,0.0,0.0,0.0,1.0,0.0,0.0,0.0
8,8,0.0,0.0,0.0,0.0,0.0,0.0,0.0,0.0,1.0,0.0,0.0,0.0
8,8,0.0,0.0,0.0,0.0,0.0,0.0,0.0,0.0,1.0,0.0,0.0,0.0
8,8,0.0,0.0,0.0,0.0,0.0,0.0,0.0,0.0,1.0,0.0,0.0,0.0
8,8,0.0,0.0,0.0,0.0,0.0,0.0,0.0,0.0,1.0,0.0,0.0,0.0
8,8,0.0,0.0,0.0,0.0,0.0,0.0,0.0,0.0,1.0,0.0,0.0,0.0
8,8,0.0,0.0,0.0,0.0,0.0,0.0,0.0,0.0,1.0,0.0,0.0,0.0
8,8,0.0,0.0,0.0,0.0,0.0,0.0,0.0,0.0,1.0,0.0,0.0,0.0
8,8,0.0,0.0,0.0,0.0,0.0,0.0,0.0,0.0,1.0,0.0,0.0,0.0
8,8,0.0,0.0,0.0,0.0,0.0,0.0,0.0,0.0,1.0,0.0,0.0,0.0
8,8,0.0,0.0,0.0,0.0,0.0,0.0,0.0,0.0,1.0,0.0,0.0,0.0
8,8,0.0,0.0,0.0,0.0,0.0,0.0,0.0,0.0,1.0,0.0,0.0,0.0
8,8,0.0,0.0,0.0,0.0,0.0,0.0,0.0,0.0,1.0,0.0,0.0,0.0
8,8,0.0,0.0,0.0,0.0,0.0,0.0,0.0,0.0,1.0,0.0,0.0,0.0
8,8,0.0,0.0,0.0,0.0,0.0,0.0,0.0,0.0,1.0,0.0,0.0,0.0
8,8,0.0,0.0,0.0,0.0,0.0,0.0,0.0,0.0,1.0,0.0,0.0,0.0
8,8,0.0,0.0,0.0,0.0,0.0,0.0,0.0,0.0,1.0,0.0,0.0,0.0
8,8,0.0,0.0,0.0,0.0,0.0,0.0,0.0,0.0,1.0,0.0,0.0,0.0
8,8,0.0,0.0,0.0,0.0,0.0,0.0,0.0,0.0,1.0,0.0,0.0,0.0
8,8,0.0,0.0,0.0,0.0,0.0,0.0,0.0,0.0,1.0,0.0,0.0,0.0
8,8,0.0,0.0,0.0,0.0,0.0,0.0,0.0,0.0,1.0,0.0,0.0,0.0
8,8,0.0,0.0,0.0,0.0,0.0,0.0,0.0,0.0,1.0,0.0,0.0,0.0
8,8,0.0,0.0,0.0,0.0,0.0,0.0,0.0,0.0,1.0,0.0,0.0,0.0
8,8,0.0,0.0,0.0,0.0,0.0,0.0,0.0,0.0,1.0,0.0,0.0,0.0
8,8,0.0,0.0,0.0,0.0,0.0,0.0,0.0,0.0,1.0,0.0,0.0,0.0
8,8,0.0,0.0,0.0,0.0,0.0,0.0,0.0,0.0,1.0,0.0,0.0,0.0
8,8,0.0,0.0,0.0,0.0,0.0,0.0,0.0,0.0,1.0,0.0,0.0,0.0
8,8,0.0,0.0,0.0,0.0,0.0,0.0,0.0,0.0,1.0,0.0,0.0,0.0
8,8,0.0,0.0,0.0,0.0,0.0,0.0,0.0,0.0,1.0,0.0,0.0,0.0
8,8,0.0,0.0,0.0,0.0,0.0,0.0,0.0,0.0,1.0,0.0,0.0,0.0
8,8,0.0,0.0,0.0,0.0,0.0,0.0,0.0,0.0,1.0,0.0,0.0,0.0
8,8,0.0,0.0,0.0,0.0,0.0,0.0,0.0,0.0,1.0,0.0,0.0,0.0
8,8,0.0,0.0,0.0,0.0,0.0,0.0,0.0,0.0,1.0,0.0,0.0,0.0
8,8,0.0,0.0,0.0,0.0,0.0,0.0,0.0,0.0,1.0,0.0,0.0,0.0
8,8,0.0,0.0,0.0,0.0,0.0,0.0,0.0,0.0,1.0,0.0,0.0,0.0
8,8,0.0,0.0,0.0,0.0,0.0,0.0,0.0,0.0,1.0,0.0,0.0,0.0
8,8,0.0,0.0,0.0,0.0,0.0,0.0,0.0,0.0,1.0,0.0,0.0,0.0
8,8,0.0,0.0,0.0,0.0,0.0,0.0,0.0,0.0,1.0,0.0,0.0,0.0
8,8,0.0,0.0,0.0,0.0,0.0,0.0,0.0,0.0,1.0,0.0,0.0,0.0
8,8,0.0,0.0,0.0,0.0,0.0,0.0,0.0,0.0,1.0,0.0,0.0,0.0
8,8,0.0,0.0,0.0,0.0,0.0,0.0,0.0,0.0,1.0,0.0,0.0,0.0
8,8,0.0,0.0,0.0,0.0,0.0,0.0,0.0,0.0,1.0,0.0,0.0,0.0
8,8,0.0,0.0,0.0,0.0,0.0,0.0,0.0,0.0,1.0,0.0,0.0,0.0
8,8,0.0,0.0,0.0,0.0,0.0,0.0,0.0,0.0,1.0,0.0,0.0,0.0
8,8,0.0,0.0,0.0,0.0,0.0,0.0,0.0,0.0,1.0,0.0,0.0,0.0
8,8,0.0,0.0,0.0,0.0,0.0,0.0,0.0,0.0,1.0,0.0,0.0,0.0
8,8,0.0,0.0,0.0,0.0,0.0,0.0,0.0,0.0,1.0,0.0,0.0,0.0
8,8,0.0,0.0,0.0,0.0,0.0,0.0,0.0,0.0,1.0,0.0,0.0,0.0
8,8,0.0,0.0,0.0,0.0,0.0,0.0,0.0,0.0,1.0,0.0,0.0,0.0
8,8,0.0,0.0,0.0,0.0,0.0,0.0,0.0,0.0,1.0,0.0,0.0,0.0
8,8,0.0,0.0,0.0,0.0,0.0,0.0,0.0,0.0,1.0,0.0,0.0,0.0
8,8,0.0,0.0,0.0,0.0,0.0,0.0,0.0,0.0,1.0,0.0,0.0,0.0
8,8,0.0,0.0,0.0,0.0,0.0,0.0,0.0,0.0,1.0,0.0,0.0,0.0
8,8,0.0,0.0,0.0,0.0,0.0,0.0,0.0,0.0,1.0,0.0,0.0,0.0
8,8,0.0,0.0,0.0,0.0,0.0,0.0,0.0,0.0,1.0,0.0,0.0,0.0
8,8,0.0,0.0,0.0,0.0,0.0,0.0,0.0,0.0,1.0,0.0,0.0,0.0
8,8,0.0,0.0,0.0,0.0,0.0,0.0,0.0,0.0,1.0,0.0,0.0,0.0
8,8,0.0,0.0,0.0,0.0,0.0,0.0,0.0,0.0,1.0,0.0,0.0,0.0
8,8,0.0,0.0,0.0,0.0,0.0,0.0,0.0,0.0,1.0,0.0,0.0,0.0
8,8,0.0,0.0,0.0,0.0,0.0,0.0,0.0,0.0,1.0,0.0,0.0,0.0
8,8,0.0,0.0,0.0,0.0,0.0,0.0,0.0,0.0,1.0,0.0,0.0,0.0
8,8,0.0,0.0,0.0,0.0,0.0,0.0,0.0,0.0,1.0,0.0,0.0,0.0
8,8,0.0,0.0,0.0,0.0,0.0,0.0,0.0,0.0,1.0,0.0,0.0,0.0
8,8,0.0,0.0,0.0,0.0,0.0,0.0,0.0,0.0,1.0,0.0,0.0,0.0
8,8,0.0,0.0,0.0,0.0,0.0,0.0,0.0,0.0,1.0,0.0,0.0,0.0
8,8,0.0,0.0,0.0,0.0,0.0,0.0,0.0,0.0,1.0,0.0,0.0,0.0
8,8,0.0,0.0,0.0,0.0,0.0,0.0,0.0,0.0,1.0,0.0,0.0,0.0
8,8,0.0,0.0,0.0,0.0,0.0,0.0,0.0,0.0,1.0,0.0,0.0,0.0
8,8,0.0,0.0,0.0,0.0,0.0,0.0,0.0,0.0,1.0,0.0,0.0,0.0
8,8,0.0,0.0,0.0,0.0,0.0,0.0,0.0,0.0,1.0,0.0,0.0,0.0
8,8,0.0,0.0,0.0,0.0,0.0,0.0,0.0,0.0,1.0,0.0,0.0,0.0
8,8,0.0,0.0,0.0,0.0,0.0,0.0,0.0,0.0,1.0,0.0,0.0,0.0
8,8,0.0,0.0,0.0,0.0,0.0,0.0,0.0,0.0,1.0,0.0,0.0,0.0
8,8,0.0,0.0,0.0,0.0,0.0,0.0,0.0,0.0,1.0,0.0,0.0,0.0
8,8,0.0,0.0,0.0,0.0,0.0,0.0,0.0,0.0,1.0,0.0,0.0,0.0
8,8,0.0,0.0,0.0,0.0,0.0,0.0,0.0,0.0,1.0,0.0,0.0,0.0
8,8,0.0,0.0,0.0,0.0,0.0,0.0,0.0,0.0,1.0,0.0,0.0,0.0
8,8,0.0,0.0,0.0,0.0,0.0,0.0,0.0,0.0,1.0,0.0,0.0,0.0
8,8,0.0,0.0,0.0,0.0,0.0,0.0,0.0,0.0,1.0,0.0,0.0,0.0
8,8,0.0,0.0,0.0,0.0,0.0,0.0,0.0,0.0,1.0,0.0,0.0,0.0
8,8,0.0,0.0,0.0,0.0,0.0,0.0,0.0,0.0,1.0,0.0,0.0,0.0
8,8,0.0,0.0,0.0,0.0,0.0,0.0,0.0,0.0,1.0,0.0,0.0,0.0
8,8,0.0,0.0,0.0,0.0,0.0,0.0,0.0,0.0,1.0,0.0,0.0,0.0
8,8,0.0,0.0,0.0,0.0,0.0,0.0,0.0,0.0,1.0,0.0,0.0,0.0
8,8,0.0,0.0,0.0,0.0,0.0,0.0,0.0,0.0,1.0,0.0,0.0,0.0
8,8,0.0,0.0,0.0,0.0,0.0,0.0,0.0,0.0,1.0,0.0,0.0,0.0
8,8,0.0,0.0,0.0,0.0,0.0,0.0,0.0,0.0,1.0,0.0,0.0,0.0
8,8,0.0,0.0,0.0,0.0,0.0,0.0,0.0,0.0,1.0,0.0,0.0,0.0
8,8,0.0,0.0,0.0,0.0,0.0,0.0,0.0,0.0,1.0,0.0,0.0,0.0
8,8,0.0,0.0,0.0,0.0,0.0,0.0,0.0,0.0,1.0,0.0,0.0,0.0
8,8,0.0,0.0,0.0,0.0,0.0,0.0,0.0,0.0,1.0,0.0,0.0,0.0
8,8,0.0,0.0,0.0,0.0,0.0,0.0,0.0,0.0,1.0,0.0,0.0,0.0
8,8,0.0,0.0,0.0,0.0,0.0,0.0,0.0,0.0,1.0,0.0,0.0,0.0
8,8,0.0,0.0,0.0,0.0,0.0,0.0,0.0,0.0,1.0,0.0,0.0,0.0
8,8,0.0,0.0,0.0,0.0,0.0,0.0,0.0,0.0,1.0,0.0,0.0,0.0
8,8,0.0,0.0,0.0,0.0,0.0,0.0,0.0,0.0,1.0,0.0,0.0,0.0
8,8,0.0,0.0,0.0,0.0,0.0,0.0,0.0,0.0,1.0,0.0,0.0,0.0
8,8,0.0,0.0,0.0,0.0,0.0,0.0,0.0,0.0,1.0,0.0,0.0,0.0
8,8,0.0,0.0,0.0,0.0,0.0,0.0,0.0,0.0,1.0,0.0,0.0,0.0
8,8,0.0,0.0,0.0,0.0,0.0,0.0,0.0,0.0,1.0,0.0,0.0,0.0
8,8,0.0,0.0,0.0,0.0,0.0,0.0,0.0,0.0,1.0,0.0,0.0,0.0
8,8,0.0,0.0,0.0,0.0,0.0,0.0,0.0,0.0,1.0,0.0,0.0,0.0
8,8,0.0,0.0,0.0,0.0,0.0,0.0,0.0,0.0,1.0,0.0,0.0,0.0
8,8,0.0,0.0,0.0,0.0,0.0,0.0,0.0,0.0,1.0,0.0,0.0,0.0
8,8,0.0,0.0,0.0,0.0,0.0,0.0,0.0,0.0,1.0,0.0,0.0,0.0
8,8,0.0,0.0,0.0,0.0,0.0,0.0,0.0,0.0,1.0,0.0,0.0,0.0
8,8,0.0,0.0,0.0,0.0,0.0,0.0,0.0,0.0,1.0,0.0,0.0,0.0
8,8,0.0,0.0,0.0,0.0,0.0,0.0,0.0,0.0,1.0,0.0,0.0,0.0
8,8,0.0,0.0,0.0,0.0,0.0,0.0,0.0,0.0,1.0,0.0,0.0,0.0
8,8,0.0,0.0,0.0,0.0,0.0,0.0,0.0,0.0,1.0,0.0,0.0,0.0
8,8,0.0,0.0,0.0,0.0,0.0,0.0,0.0,0.0,1.0,0.0,0.0,0.0
8,8,0.0,0.0,0.0,0.0,0.0,0.0,0.0,0.0,1.0,0.0,0.0,0.0
8,8,0.0,0.0,0.0,0.0,0.0,0.0,0.0,0.0,1.0,0.0,0.0,0.0
8,8,0.0,0.0,0.0,0.0,0.0,0.0,0.0,0.0,1.0,0.0,0.0,0.0
8,8,0.0,0.0,0.0,0.0,0.0,0.0,0.0,0.0,1.0,0.0,0.0,0.0
8,8,0.0,0.0,0.0,0.0,0.0,0.0,0.0,0.0,1.0,0.0,0.0,0.0
8,8,0.0,0.0,0.0,0.0,0.0,0.0,0.0,0.0,1.0,0.0,0.0,0.0
8,8,0.0,0.0,0.0,0.0,0.0,0.0,0.0,0.0,1.0,0.0,0.0,0.0
8,8,0.0,0.0,0.0,0.0,0.0,0.0,0.0,0.0,1.0,0.0,0.0,0.0
8,8,0.0,0.0,0.0,0.0,0.0,0.0,0.0,0.0,1.0,0.0,0.0,0.0
8,8,0.0,0.0,0.0,0.0,0.0,0.0,0.0,0.0,1.0,0.0,0.0,0.0
8,8,0.0,0.0,0.0,0.0,0.0,0.0,0.0,0.0,1.0,0.0,0.0,0.0
8,8,0.0,0.0,0.0,0.0,0.0,0.0,0.0,0.0,1.0,0.0,0.0,0.0
8,8,0.0,0.0,0.0,0.0,0.0,0.0,0.0,0.0,1.0,0.0,0.0,0.0
8,8,0.0,0.0,0.0,0.0,0.0,0.0,0.0,0.0,1.0,0.0,0.0,0.0
8,8,0.0,0.0,0.0,0.0,0.0,0.0,0.0,0.0,1.0,0.0,0.0,0.0
8,8,0.0,0.0,0.0,0.0,0.0,0.0,0.0,0.0,1.0,0.0,0.0,0.0
8,8,0.0,0.0,0.0,0.0,0.0,0.0,0.0,0.0,1.0,0.0,0.0,0.0
8,8,0.0,0.0,0.0,0.0,0.0,0.0,0.0,0.0,1.0,0.0,0.0,0.0
8,8,0.0,0.0,0.0,0.0,0.0,0.0,0.0,0.0,1.0,0.0,0.0,0.0
8,8,0.0,0.0,0.0,0.0,0.0,0.0,0.0,0.0,1.0,0.0,0.0,0.0
8,8,0.0,0.0,0.0,0.0,0.0,0.0,0.0,0.0,1.0,0.0,0.0,0.0
8,8,0.0,0.0,0.0,0.0,0.0,0.0,0.0,0.0,1.0,0.0,0.0,0.0
8,8,0.0,0.0,0.0,0.0,0.0,0.0,0.0,0.0,1.0,0.0,0.0,0.0
8,8,0.0,0.0,0.0,0.0,0.0,0.0,0.0,0.0,1.0,0.0,0.0,0.0
8,8,0.0,0.0,0.0,0.0,0.0,0.0,0.0,0.0,1.0,0.0,0.0,0.0
8,8,0.0,0.0,0.0,0.0,0.0,0.0,0.0,0.0,1.0,0.0,0.0,0.0
8,8,0.0,0.0,0.0,0.0,0.0,0.0,0.0,0.0,1.0,0.0,0.0,0.0
8,8,0.0,0.0,0.0,0.0,0.0,0.0,0.0,0.0,1.0,0.0,0.0,0.0
8,8,0.0,0.0,0.0,0.0,0.0,0.0,0.0,0.0,1.0,0.0,0.0,0.0
8,8,0.0,0.0,0.0,0.0,0.0,0.0,0.0,0.0,1.0,0.0,0.0,0.0
8,8,0.0,0.0,0.0,0.0,0.0,0.0,0.0,0.0,1.0,0.0,0.0,0.0
8,8,0.0,0.0,0.0,0.0,0.0,0.0,0.0,0.0,1.0,0.0,0.0,0.0
8,8,0.0,0.0,0.0,0.0,0.0,0.0,0.0,0.0,1.0,0.0,0.0,0.0
8,8,0.0,0.0,0.0,0.0,0.0,0.0,0.0,0.0,1.0,0.0,0.0,0.0
8,8,0.0,0.0,0.0,0.0,0.0,0.0,0.0,0.0,1.0,0.0,0.0,0.0
8,8,0.0,0.0,0.0,0.0,0.0,0.0,0.0,0.0,1.0,0.0,0.0,0.0
8,8,0.0,0.0,0.0,0.0,0.0,0.0,0.0,0.0,1.0,0.0,0.0,0.0
8,8,0.0,0.0,0.0,0.0,0.0,0.0,0.0,0.0,1.0,0.0,0.0,0.0
8,8,0.0,0.0,0.0,0.0,0.0,0.0,0.0,0.0,1.0,0.0,0.0,0.0
8,8,0.0,0.0,0.0,0.0,0.0,0.0,0.0,0.0,1.0,0.0,0.0,0.0
8,8,0.0,0.0,0.0,0.0,0.0,0.0,0.0,0.0,1.0,0.0,0.0,0.0
8,8,0.0,0.0,0.0,0.0,0.0,0.0,0.0,0.0,1.0,0.0,0.0,0.0
8,8,0.0,0.0,0.0,0.0,0.0,0.0,0.0,0.0,1.0,0.0,0.0,0.0
8,8,0.0,0.0,0.0,0.0,0.0,0.0,0.0,0.0,1.0,0.0,0.0,0.0
8,8,0.0,0.0,0.0,0.0,0.0,0.0,0.0,0.0,1.0,0.0,0.0,0.0
8,8,0.0,0.0,0.0,0.0,0.0,0.0,0.0,0.0,1.0,0.0,0.0,0.0
8,8,0.0,0.0,0.0,0.0,0.0,0.0,0.0,0.0,1.0,0.0,0.0,0.0
8,8,0.0,0.0,0.0,0.0,0.0,0.0,0.0,0.0,1.0,0.0,0.0,0.0
8,8,0.0,0.0,0.0,0.0,0.0,0.0,0.0,0.0,1.0,0.0,0.0,0.0
8,8,0.0,0.0,0.0,0.0,0.0,0.0,0.0,0.0,1.0,0.0,0.0,0.0
8,8,0.0,0.0,0.0,0.0,0.0,0.0,0.0,0.0,1.0,0.0,0.0,0.0
8,8,0.0,0.0,0.0,0.0,0.0,0.0,0.0,0.0,1.0,0.0,0.0,0.0
8,8,0.0,0.0,0.0,0.0,0.0,0.0,0.0,0.0,1.0,0.0,0.0,0.0
8,8,0.0,0.0,0.0,0.0,0.0,0.0,0.0,0.0,1.0,0.0,0.0,0.0
8,8,0.0,0.0,0.0,0.0,0.0,0.0,0.0,0.0,1.0,0.0,0.0,0.0
8,8,0.0,0.0,0.0,0.0,0.0,0.0,0.0,0.0,1.0,0.0,0.0,0.0
8,8,0.0,0.0,0.0,0.0,0.0,0.0,0.0,0.0,1.0,0.0,0.0,0.0
8,8,0.0,0.0,0.0,0.0,0.0,0.0,0.0,0.0,1.0,0.0,0.0,0.0
8,8,0.0,0.0,0.0,0.0,0.0,0.0,0.0,0.0,1.0,0.0,0.0,0.0
8,8,0.0,0.0,0.0,0.0,0.0,0.0,0.0,0.0,1.0,0.0,0.0,0.0
8,8,0.0,0.0,0.0,0.0,0.0,0.0,0.0,0.0,1.0,0.0,0.0,0.0
8,8,0.0,0.0,0.0,0.0,0.0,0.0,0.0,0.0,1.0,0.0,0.0,0.0
8,8,0.0,0.0,0.0,0.0,0.0,0.0,0.0,0.0,1.0,0.0,0.0,0.0
8,8,0.0,0.0,0.0,0.0,0.0,0.0,0.0,0.0,1.0,0.0,0.0,0.0
8,8,0.0,0.0,0.0,0.0,0.0,0.0,0.0,0.0,1.0,0.0,0.0,0.0
8,8,0.0,0.0,0.0,0.0,0.0,0.0,0.0,0.0,1.0,0.0,0.0,0.0
8,8,0.0,0.0,0.0,0.0,0.0,0.0,0.0,0.0,1.0,0.0,0.0,0.0
8,8,0.0,0.0,0.0,0.0,0.0,0.0,0.0,0.0,1.0,0.0,0.0,0.0
8,8,0.0,0.0,0.0,0.0,0.0,0.0,0.0,0.0,1.0,0.0,0.0,0.0
8,8,0.0,0.0,0.0,0.0,0.0,0.0,0.0,0.0,1.0,0.0,0.0,0.0
8,8,0.0,0.0,0.0,0.0,0.0,0.0,0.0,0.0,1.0,0.0,0.0,0.0
8,8,0.0,0.0,0.0,0.0,0.0,0.0,0.0,0.0,1.0,0.0,0.0,0.0
8,8,0.0,0.0,0.0,0.0,0.0,0.0,0.0,0.0,1.0,0.0,0.0,0.0
8,8,0.0,0.0,0.0,0.0,0.0,0.0,0.0,0.0,1.0,0.0,0.0,0.0
8,8,0.0,0.0,0.0,0.0,0.0,0.0,0.0,0.0,1.0,0.0,0.0,0.0
8,8,0.0,0.0,0.0,0.0,0.0,0.0,0.0,0.0,1.0,0.0,0.0,0.0
8,8,0.0,0.0,0.0,0.0,0.0,0.0,0.0,0.0,1.0,0.0,0.0,0.0
8,8,0.0,0.0,0.0,0.0,0.0,0.0,0.0,0.0,1.0,0.0,0.0,0.0
8,8,0.0,0.0,0.0,0.0,0.0,0.0,0.0,0.0,1.0,0.0,0.0,0.0
8,8,0.0,0.0,0.0,0.0,0.0,0.0,0.0,0.0,1.0,0.0,0.0,0.0
8,8,0.0,0.0,0.0,0.0,0.0,0.0,0.0,0.0,1.0,0.0,0.0,0.0
8,8,0.0,0.0,0.0,0.0,0.0,0.0,0.0,0.0,1.0,0.0,0.0,0.0
8,8,0.0,0.0,0.0,0.0,0.0,0.0,0.0,0.0,1.0,0.0,0.0,0.0
8,8,0.0,0.0,0.0,0.0,0.0,0.0,0.0,0.0,1.0,0.0,0.0,0.0
8,8,0.0,0.0,0.0,0.0,0.0,0.0,0.0,0.0,1.0,0.0,0.0,0.0
8,8,0.0,0.0,0.0,0.0,0.0,0.0,0.0,0.0,1.0,0.0,0.0,0.0
8,8,0.0,0.0,0.0,0.0,0.0,0.0,0.0,0.0,1.0,0.0,0.0,0.0
8,8,0.0,0.0,0.0,0.0,0.0,0.0,0.0,0.0,1.0,0.0,0.0,0.0
8,8,0.0,0.0,0.0,0.0,0.0,0.0,0.0,0.0,1.0,0.0,0.0,0.0
8,8,0.0,0.0,0.0,0.0,0.0,0.0,0.0,0.0,1.0,0.0,0.0,0.0
8,8,0.0,0.0,0.0,0.0,0.0,0.0,0.0,0.0,1.0,0.0,0.0,0.0
8,8,0.0,0.0,0.0,0.0,0.0,0.0,0.0,0.0,1.0,0.0,0.0,0.0
8,8,0.0,0.0,0.0,0.0,0.0,0.0,0.0,0.0,1.0,0.0,0.0,0.0
8,8,0.0,0.0,0.0,0.0,0.0,0.0,0.0,0.0,1.0,0.0,0.0,0.0
8,8,0.0,0.0,0.0,0.0,0.0,0.0,0.0,0.0,1.0,0.0,0.0,0.0
8,8,0.0,0.0,0.0,0.0,0.0,0.0,0.0,0.0,1.0,0.0,0.0,0.0
8,8,0.0,0.0,0.0,0.0,0.0,0.0,0.0,0.0,1.0,0.0,0.0,0.0
8,8,0.0,0.0,0.0,0.0,0.0,0.0,0.0,0.0,1.0,0.0,0.0,0.0
8,8,0.0,0.0,0.0,0.0,0.0,0.0,0.0,0.0,1.0,0.0,0.0,0.0
8,8,0.0,0.0,0.0,0.0,0.0,0.0,0.0,0.0,1.0,0.0,0.0,0.0
8,8,0.0,0.0,0.0,0.0,0.0,0.0,0.0,0.0,1.0,0.0,0.0,0.0
8,8,0.0,0.0,0.0,0.0,0.0,0.0,0.0,0.0,1.0,0.0,0.0,0.0
8,8,0.0,0.0,0.0,0.0,0.0,0.0,0.0,0.0,1.0,0.0,0.0,0.0
8,8,0.0,0.0,0.0,0.0,0.0,0.0,0.0,0.0,1.0,0.0,0.0,0.0
8,8,0.0,0.0,0.0,0.0,0.0,0.0,0.0,0.0,1.0,0.0,0.0,0.0
8,8,0.0,0.0,0.0,0.0,0.0,0.0,0.0,0.0,1.0,0.0,0.0,0.0
8,8,0.0,0.0,0.0,0.0,0.0,0.0,0.0,0.0,1.0,0.0,0.0,0.0
8,8,0.0,0.0,0.0,0.0,0.0,0.0,0.0,0.0,1.0,0.0,0.0,0.0
8,8,0.0,0.0,0.0,0.0,0.0,0.0,0.0,0.0,1.0,0.0,0.0,0.0
8,8,0.0,0.0,0.0,0.0,0.0,0.0,0.0,0.0,1.0,0.0,0.0,0.0
8,8,0.0,0.0,0.0,0.0,0.0,0.0,0.0,0.0,1.0,0.0,0.0,0.0
8,8,0.0,0.0,0.0,0.0,0.0,0.0,0.0,0.0,1.0,0.0,0.0,0.0
8,8,0.0,0.0,0.0,0.0,0.0,0.0,0.0,0.0,1.0,0.0,0.0,0.0
8,8,0.0,0.0,0.0,0.0,0.0,0.0,0.0,0.0,1.0,0.0,0.0,0.0
8,8,0.0,0.0,0.0,0.0,0.0,0.0,0.0,0.0,1.0,0.0,0.0,0.0
8,8,0.0,0.0,0.0,0.0,0.0,0.0,0.0,0.0,1.0,0.0,0.0,0.0
8,8,0.0,0.0,0.0,0.0,0.0,0.0,0.0,0.0,1.0,0.0,0.0,0.0
8,8,0.0,0.0,0.0,0.0,0.0,0.0,0.0,0.0,1.0,0.0,0.0,0.0
8,8,0.0,0.0,0.0,0.0,0.0,0.0,0.0,0.0,1.0,0.0,0.0,0.0
8,8,0.0,0.0,0.0,0.0,0.0,0.0,0.0,0.0,1.0,0.0,0.0,0.0
8,8,0.0,0.0,0.0,0.0,0.0,0.0,0.0,0.0,1.0,0.0,0.0,0.0
8,8,0.0,0.0,0.0,0.0,0.0,0.0,0.0,0.0,1.0,0.0,0.0,0.0
8,8,0.0,0.0,0.0,0.0,0.0,0.0,0.0,0.0,1.0,0.0,0.0,0.0
8,8,0.0,0.0,0.0,0.0,0.0,0.0,0.0,0.0,1.0,0.0,0.0,0.0
8,8,0.0,0.0,0.0,0.0,0.0,0.0,0.0,0.0,1.0,0.0,0.0,0.0
8,8,0.0,0.0,0.0,0.0,0.0,0.0,0.0,0.0,1.0,0.0,0.0,0.0
8,8,0.0,0.0,0.0,0.0,0.0,0.0,0.0,0.0,1.0,0.0,0.0,0.0
8,8,0.0,0.0,0.0,0.0,0.0,0.0,0.0,0.0,1.0,0.0,0.0,0.0
8,8,0.0,0.0,0.0,0.0,0.0,0.0,0.0,0.0,1.0,0.0,0.0,0.0
8,8,0.0,0.0,0.0,0.0,0.0,0.0,0.0,0.0,1.0,0.0,0.0,0.0
8,8,0.0,0.0,0.0,0.0,0.0,0.0,0.0,0.0,1.0,0.0,0.0,0.0
8,8,0.0,0.0,0.0,0.0,0.0,0.0,0.0,0.0,1.0,0.0,0.0,0.0
8,8,0.0,0.0,0.0,0.0,0.0,0.0,0.0,0.0,1.0,0.0,0.0,0.0
8,8,0.0,0.0,0.0,0.0,0.0,0.0,0.0,0.0,1.0,0.0,0.0,0.0
8,8,0.0,0.0,0.0,0.0,0.0,0.0,0.0,0.0,1.0,0.0,0.0,0.0
8,8,0.0,0.0,0.0,0.0,0.0,0.0,0.0,0.0,1.0,0.0,0.0,0.0
8,8,0.0,0.0,0.0,0.0,0.0,0.0,0.0,0.0,1.0,0.0,0.0,0.0
8,8,0.0,0.0,0.0,0.0,0.0,0.0,0.0,0.0,1.0,0.0,0.0,0.0
8,8,0.0,0.0,0.0,0.0,0.0,0.0,0.0,0.0,1.0,0.0,0.0,0.0
8,8,0.0,0.0,0.0,0.0,0.0,0.0,0.0,0.0,1.0,0.0,0.0,0.0
8,8,0.0,0.0,0.0,0.0,0.0,0.0,0.0,0.0,1.0,0.0,0.0,0.0
8,8,0.0,0.0,0.0,0.0,0.0,0.0,0.0,0.0,1.0,0.0,0.0,0.0
8,8,0.0,0.0,0.0,0.0,0.0,0.0,0.0,0.0,1.0,0.0,0.0,0.0
8,8,0.0,0.0,0.0,0.0,0.0,0.0,0.0,0.0,1.0,0.0,0.0,0.0
8,8,0.0,0.0,0.0,0.0,0.0,0.0,0.0,0.0,1.0,0.0,0.0,0.0
8,8,0.0,0.0,0.0,0.0,0.0,0.0,0.0,0.0,1.0,0.0,0.0,0.0
8,8,0.0,0.0,0.0,0.0,0.0,0.0,0.0,0.0,1.0,0.0,0.0,0.0
8,8,0.0,0.0,0.0,0.0,0.0,0.0,0.0,0.0,1.0,0.0,0.0,0.0
8,8,0.0,0.0,0.0,0.0,0.0,0.0,0.0,0.0,1.0,0.0,0.0,0.0
8,8,0.0,0.0,0.0,0.0,0.0,0.0,0.0,0.0,1.0,0.0,0.0,0.0
8,8,0.0,0.0,0.0,0.0,0.0,0.0,0.0,0.0,1.0,0.0,0.0,0.0
8,8,0.0,0.0,0.0,0.0,0.0,0.0,0.0,0.0,1.0,0.0,0.0,0.0
8,8,0.0,0.0,0.0,0.0,0.0,0.0,0.0,0.0,1.0,0.0,0.0,0.0
8,8,0.0,0.0,0.0,0.0,0.0,0.0,0.0,0.0,1.0,0.0,0.0,0.0
8,8,0.0,0.0,0.0,0.0,0.0,0.0,0.0,0.0,1.0,0.0,0.0,0.0
8,8,0.0,0.0,0.0,0.0,0.0,0.0,0.0,0.0,1.0,0.0,0.0,0.0
8,8,0.0,0.0,0.0,0.0,0.0,0.0,0.0,0.0,1.0,0.0,0.0,0.0
8,8,0.0,0.0,0.0,0.0,0.0,0.0,0.0,0.0,1.0,0.0,0.0,0.0
8,8,0.0,0.0,0.0,0.0,0.0,0.0,0.0,0.0,1.0,0.0,0.0,0.0
8,8,0.0,0.0,0.0,0.0,0.0,0.0,0.0,0.0,1.0,0.0,0.0,0.0
8,8,0.0,0.0,0.0,0.0,0.0,0.0,0.0,0.0,1.0,0.0,0.0,0.0
8,8,0.0,0.0,0.0,0.0,0.0,0.0,0.0,0.0,1.0,0.0,0.0,0.0
8,8,0.0,0.0,0.0,0.0,0.0,0.0,0.0,0.0,1.0,0.0,0.0,0.0
8,8,0.0,0.0,0.0,0.0,0.0,0.0,0.0,0.0,1.0,0.0,0.0,0.0
8,8,0.0,0.0,0.0,0.0,0.0,0.0,0.0,0.0,1.0,0.0,0.0,0.0
8,8,0.0,0.0,0.0,0.0,0.0,0.0,0.0,0.0,1.0,0.0,0.0,0.0
8,8,0.0,0.0,0.0,0.0,0.0,0.0,0.0,0.0,1.0,0.0,0.0,0.0
8,8,0.0,0.0,0.0,0.0,0.0,0.0,0.0,0.0,1.0,0.0,0.0,0.0
8,8,0.0,0.0,0.0,0.0,0.0,0.0,0.0,0.0,1.0,0.0,0.0,0.0
8,8,0.0,0.0,0.0,0.0,0.0,0.0,0.0,0.0,1.0,0.0,0.0,0.0
8,8,0.0,0.0,0.0,0.0,0.0,0.0,0.0,0.0,1.0,0.0,0.0,0.0
8,8,0.0,0.0,0.0,0.0,0.0,0.0,0.0,0.0,1.0,0.0,0.0,0.0
8,8,0.0,0.0,0.0,0.0,0.0,0.0,0.0,0.0,1.0,0.0,0.0,0.0
8,8,0.0,0.0,0.0,0.0,0.0,0.0,0.0,0.0,1.0,0.0,0.0,0.0
8,8,0.0,0.0,0.0,0.0,0.0,0.0,0.0,0.0,1.0,0.0,0.0,0.0
8,8,0.0,0.0,0.0,0.0,0.0,0.0,0.0,0.0,1.0,0.0,0.0,0.0
8,8,0.0,0.0,0.0,0.0,0.0,0.0,0.0,0.0,1.0,0.0,0.0,0.0
8,8,0.0,0.0,0.0,0.0,0.0,0.0,0.0,0.0,1.0,0.0,0.0,0.0
8,8,0.0,0.0,0.0,0.0,0.0,0.0,0.0,0.0,1.0,0.0,0.0,0.0
8,8,0.0,0.0,0.0,0.0,0.0,0.0,0.0,0.0,1.0,0.0,0.0,0.0
8,8,0.0,0.0,0.0,0.0,0.0,0.0,0.0,0.0,1.0,0.0,0.0,0.0
8,8,0.0,0.0,0.0,0.0,0.0,0.0,0.0,0.0,1.0,0.0,0.0,0.0
8,8,0.0,0.0,0.0,0.0,0.0,0.0,0.0,0.0,1.0,0.0,0.0,0.0
8,8,0.0,0.0,0.0,0.0,0.0,0.0,0.0,0.0,1.0,0.0,0.0,0.0
8,8,0.0,0.0,0.0,0.0,0.0,0.0,0.0,0.0,1.0,0.0,0.0,0.0
8,8,0.0,0.0,0.0,0.0,0.0,0.0,0.0,0.0,1.0,0.0,0.0,0.0
8,8,0.0,0.0,0.0,0.0,0.0,0.0,0.0,0.0,1.0,0.0,0.0,0.0
8,8,0.0,0.0,0.0,0.0,0.0,0.0,0.0,0.0,1.0,0.0,0.0,0.0
8,8,0.0,0.0,0.0,0.0,0.0,0.0,0.0,0.0,1.0,0.0,0.0,0.0
8,8,0.0,0.0,0.0,0.0,0.0,0.0,0.0,0.0,1.0,0.0,0.0,0.0
8,8,0.0,0.0,0.0,0.0,0.0,0.0,0.0,0.0,1.0,0.0,0.0,0.0
8,8,0.0,0.0,0.0,0.0,0.0,0.0,0.0,0.0,1.0,0.0,0.0,0.0
8,8,0.0,0.0,0.0,0.0,0.0,0.0,0.0,0.0,1.0,0.0,0.0,0.0
8,8,0.0,0.0,0.0,0.0,0.0,0.0,0.0,0.0,1.0,0.0,0.0,0.0
8,8,0.0,0.0,0.0,0.0,0.0,0.0,0.0,0.0,1.0,0.0,0.0,0.0
8,8,0.0,0.0,0.0,0.0,0.0,0.0,0.0,0.0,1.0,0.0,0.0,0.0
8,8,0.0,0.0,0.0,0.0,0.0,0.0,0.0,0.0,1.0,0.0,0.0,0.0
8,8,0.0,0.0,0.0,0.0,0.0,0.0,0.0,0.0,1.0,0.0,0.0,0.0
8,8,0.0,0.0,0.0,0.0,0.0,0.0,0.0,0.0,1.0,0.0,0.0,0.0
8,8,0.0,0.0,0.0,0.0,0.0,0.0,0.0,0.0,1.0,0.0,0.0,0.0
8,8,0.0,0.0,0.0,0.0,0.0,0.0,0.0,0.0,1.0,0.0,0.0,0.0
8,8,0.0,0.0,0.0,0.0,0.0,0.0,0.0,0.0,1.0,0.0,0.0,0.0
8,8,0.0,0.0,0.0,0.0,0.0,0.0,0.0,0.0,1.0,0.0,0.0,0.0
8,8,0.0,0.0,0.0,0.0,0.0,0.0,0.0,0.0,1.0,0.0,0.0,0.0
8,8,0.0,0.0,0.0,0.0,0.0,0.0,0.0,0.0,1.0,0.0,0.0,0.0
8,8,0.0,0.0,0.0,0.0,0.0,0.0,0.0,0.0,1.0,0.0,0.0,0.0
8,8,0.0,0.0,0.0,0.0,0.0,0.0,0.0,0.0,1.0,0.0,0.0,0.0
8,8,0.0,0.0,0.0,0.0,0.0,0.0,0.0,0.0,1.0,0.0,0.0,0.0
8,8,0.0,0.0,0.0,0.0,0.0,0.0,0.0,0.0,1.0,0.0,0.0,0.0
8,8,0.0,0.0,0.0,0.0,0.0,0.0,0.0,0.0,1.0,0.0,0.0,0.0
8,8,0.0,0.0,0.0,0.0,0.0,0.0,0.0,0.0,1.0,0.0,0.0,0.0
8,8,0.0,0.0,0.0,0.0,0.0,0.0,0.0,0.0,1.0,0.0,0.0,0.0
8,8,0.0,0.0,0.0,0.0,0.0,0.0,0.0,0.0,1.0,0.0,0.0,0.0
8,8,0.0,0.0,0.0,0.0,0.0,0.0,0.0,0.0,1.0,0.0,0.0,0.0
8,8,0.0,0.0,0.0,0.0,0.0,0.0,0.0,0.0,1.0,0.0,0.0,0.0
8,8,0.0,0.0,0.0,0.0,0.0,0.0,0.0,0.0,1.0,0.0,0.0,0.0
8,8,0.0,0.0,0.0,0.0,0.0,0.0,0.0,0.0,1.0,0.0,0.0,0.0
8,8,0.0,0.0,0.0,0.0,0.0,0.0,0.0,0.0,1.0,0.0,0.0,0.0
8,8,0.0,0.0,0.0,0.0,0.0,0.0,0.0,0.0,1.0,0.0,0.0,0.0
8,8,0.0,0.0,0.0,0.0,0.0,0.0,0.0,0.0,1.0,0.0,0.0,0.0
8,8,0.0,0.0,0.0,0.0,0.0,0.0,0.0,0.0,1.0,0.0,0.0,0.0
8,8,0.0,0.0,0.0,0.0,0.0,0.0,0.0,0.0,1.0,0.0,0.0,0.0
8,8,0.0,0.0,0.0,0.0,0.0,0.0,0.0,0.0,1.0,0.0,0.0,0.0
8,8,0.0,0.0,0.0,0.0,0.0,0.0,0.0,0.0,1.0,0.0,0.0,0.0
8,8,0.0,0.0,0.0,0.0,0.0,0.0,0.0,0.0,1.0,0.0,0.0,0.0
8,8,0.0,0.0,0.0,0.0,0.0,0.0,0.0,0.0,1.0,0.0,0.0,0.0
8,8,0.0,0.0,0.0,0.0,0.0,0.0,0.0,0.0,1.0,0.0,0.0,0.0
8,8,0.0,0.0,0.0,0.0,0.0,0.0,0.0,0.0,1.0,0.0,0.0,0.0
8,8,0.0,0.0,0.0,0.0,0.0,0.0,0.0,0.0,1.0,0.0,0.0,0.0
8,8,0.0,0.0,0.0,0.0,0.0,0.0,0.0,0.0,1.0,0.0,0.0,0.0
8,8,0.0,0.0,0.0,0.0,0.0,0.0,0.0,0.0,1.0,0.0,0.0,0.0
8,8,0.0,0.0,0.0,0.0,0.0,0.0,0.0,0.0,1.0,0.0,0.0,0.0
8,8,0.0,0.0,0.0,0.0,0.0,0.0,0.0,0.0,1.0,0.0,0.0,0.0
8,8,0.0,0.0,0.0,0.0,0.0,0.0,0.0,0.0,1.0,0.0,0.0,0.0
8,8,0.0,0.0,0.0,0.0,0.0,0.0,0.0,0.0,1.0,0.0,0.0,0.0
8,8,0.0,0.0,0.0,0.0,0.0,0.0,0.0,0.0,1.0,0.0,0.0,0.0
8,8,0.0,0.0,0.0,0.0,0.0,0.0,0.0,0.0,1.0,0.0,0.0,0.0
8,8,0.0,0.0,0.0,0.0,0.0,0.0,0.0,0.0,1.0,0.0,0.0,0.0
8,8,0.0,0.0,0.0,0.0,0.0,0.0,0.0,0.0,1.0,0.0,0.0,0.0
8,8,0.0,0.0,0.0,0.0,0.0,0.0,0.0,0.0,1.0,0.0,0.0,0.0
8,8,0.0,0.0,0.0,0.0,0.0,0.0,0.0,0.0,1.0,0.0,0.0,0.0
8,8,0.0,0.0,0.0,0.0,0.0,0.0,0.0,0.0,1.0,0.0,0.0,0.0
8,8,0.0,0.0,0.0,0.0,0.0,0.0,0.0,0.0,1.0,0.0,0.0,0.0
8,8,0.0,0.0,0.0,0.0,0.0,0.0,0.0,0.0,1.0,0.0,0.0,0.0
8,8,0.0,0.0,0.0,0.0,0.0,0.0,0.0,0.0,1.0,0.0,0.0,0.0
8,8,0.0,0.0,0.0,0.0,0.0,0.0,0.0,0.0,1.0,0.0,0.0,0.0
8,8,0.0,0.0,0.0,0.0,0.0,0.0,0.0,0.0,1.0,0.0,0.0,0.0
8,8,0.0,0.0,0.0,0.0,0.0,0.0,0.0,0.0,1.0,0.0,0.0,0.0
8,8,0.0,0.0,0.0,0.0,0.0,0.0,0.0,0.0,1.0,0.0,0.0,0.0
8,8,0.0,0.0,0.0,0.0,0.0,0.0,0.0,0.0,1.0,0.0,0.0,0.0
8,8,0.0,0.0,0.0,0.0,0.0,0.0,0.0,0.0,1.0,0.0,0.0,0.0
8,8,0.0,0.0,0.0,0.0,0.0,0.0,0.0,0.0,1.0,0.0,0.0,0.0
8,8,0.0,0.0,0.0,0.0,0.0,0.0,0.0,0.0,1.0,0.0,0.0,0.0
8,8,0.0,0.0,0.0,0.0,0.0,0.0,0.0,0.0,1.0,0.0,0.0,0.0
8,8,0.0,0.0,0.0,0.0,0.0,0.0,0.0,0.0,1.0,0.0,0.0,0.0
8,8,0.0,0.0,0.0,0.0,0.0,0.0,0.0,0.0,1.0,0.0,0.0,0.0
8,8,0.0,0.0,0.0,0.0,0.0,0.0,0.0,0.0,1.0,0.0,0.0,0.0
8,8,0.0,0.0,0.0,0.0,0.0,0.0,0.0,0.0,1.0,0.0,0.0,0.0
8,8,0.0,0.0,0.0,0.0,0.0,0.0,0.0,0.0,1.0,0.0,0.0,0.0
8,8,0.0,0.0,0.0,0.0,0.0,0.0,0.0,0.0,1.0,0.0,0.0,0.0
8,8,0.0,0.0,0.0,0.0,0.0,0.0,0.0,0.0,1.0,0.0,0.0,0.0
8,8,0.0,0.0,0.0,0.0,0.0,0.0,0.0,0.0,1.0,0.0,0.0,0.0
8,8,0.0,0.0,0.0,0.0,0.0,0.0,0.0,0.0,1.0,0.0,0.0,0.0
8,8,0.0,0.0,0.0,0.0,0.0,0.0,0.0,0.0,1.0,0.0,0.0,0.0
8,8,0.0,0.0,0.0,0.0,0.0,0.0,0.0,0.0,1.0,0.0,0.0,0.0
8,8,0.0,0.0,0.0,0.0,0.0,0.0,0.0,0.0,1.0,0.0,0.0,0.0
8,8,0.0,0.0,0.0,0.0,0.0,0.0,0.0,0.0,1.0,0.0,0.0,0.0
8,8,0.0,0.0,0.0,0.0,0.0,0.0,0.0,0.0,1.0,0.0,0.0,0.0
8,8,0.0,0.0,0.0,0.0,0.0,0.0,0.0,0.0,1.0,0.0,0.0,0.0
8,8,0.0,0.0,0.0,0.0,0.0,0.0,0.0,0.0,1.0,0.0,0.0,0.0
8,8,0.0,0.0,0.0,0.0,0.0,0.0,0.0,0.0,1.0,0.0,0.0,0.0
8,8,0.0,0.0,0.0,0.0,0.0,0.0,0.0,0.0,1.0,0.0,0.0,0.0
8,8,0.0,0.0,0.0,0.0,0.0,0.0,0.0,0.0,1.0,0.0,0.0,0.0
8,8,0.0,0.0,0.0,0.0,0.0,0.0,0.0,0.0,1.0,0.0,0.0,0.0
8,8,0.0,0.0,0.0,0.0,0.0,0.0,0.0,0.0,1.0,0.0,0.0,0.0
8,8,0.0,0.0,0.0,0.0,0.0,0.0,0.0,0.0,1.0,0.0,0.0,0.0
8,8,0.0,0.0,0.0,0.0,0.0,0.0,0.0,0.0,1.0,0.0,0.0,0.0
8,8,0.0,0.0,0.0,0.0,0.0,0.0,0.0,0.0,1.0,0.0,0.0,0.0
8,8,0.0,0.0,0.0,0.0,0.0,0.0,0.0,0.0,1.0,0.0,0.0,0.0
8,8,0.0,0.0,0.0,0.0,0.0,0.0,0.0,0.0,1.0,0.0,0.0,0.0
8,8,0.0,0.0,0.0,0.0,0.0,0.0,0.0,0.0,1.0,0.0,0.0,0.0
8,8,0.0,0.0,0.0,0.0,0.0,0.0,0.0,0.0,1.0,0.0,0.0,0.0
8,8,0.0,0.0,0.0,0.0,0.0,0.0,0.0,0.0,1.0,0.0,0.0,0.0
8,8,0.0,0.0,0.0,0.0,0.0,0.0,0.0,0.0,1.0,0.0,0.0,0.0
8,8,0.0,0.0,0.0,0.0,0.0,0.0,0.0,0.0,1.0,0.0,0.0,0.0
8,8,0.0,0.0,0.0,0.0,0.0,0.0,0.0,0.0,1.0,0.0,0.0,0.0
8,8,0.0,0.0,0.0,0.0,0.0,0.0,0.0,0.0,1.0,0.0,0.0,0.0
8,8,0.0,0.0,0.0,0.0,0.0,0.0,0.0,0.0,1.0,0.0,0.0,0.0
8,8,0.0,0.0,0.0,0.0,0.0,0.0,0.0,0.0,1.0,0.0,0.0,0.0
8,8,0.0,0.0,0.0,0.0,0.0,0.0,0.0,0.0,1.0,0.0,0.0,0.0
8,8,0.0,0.0,0.0,0.0,0.0,0.0,0.0,0.0,1.0,0.0,0.0,0.0
8,8,0.0,0.0,0.0,0.0,0.0,0.0,0.0,0.0,1.0,0.0,0.0,0.0
8,8,0.0,0.0,0.0,0.0,0.0,0.0,0.0,0.0,1.0,0.0,0.0,0.0
8,8,0.0,0.0,0.0,0.0,0.0,0.0,0.0,0.0,1.0,0.0,0.0,0.0
8,8,0.0,0.0,0.0,0.0,0.0,0.0,0.0,0.0,1.0,0.0,0.0,0.0
8,8,0.0,0.0,0.0,0.0,0.0,0.0,0.0,0.0,1.0,0.0,0.0,0.0
8,8,0.0,0.0,0.0,0.0,0.0,0.0,0.0,0.0,1.0,0.0,0.0,0.0
8,8,0.0,0.0,0.0,0.0,0.0,0.0,0.0,0.0,1.0,0.0,0.0,0.0
8,8,0.0,0.0,0.0,0.0,0.0,0.0,0.0,0.0,1.0,0.0,0.0,0.0
8,8,0.0,0.0,0.0,0.0,0.0,0.0,0.0,0.0,1.0,0.0,0.0,0.0
8,8,0.0,0.0,0.0,0.0,0.0,0.0,0.0,0.0,1.0,0.0,0.0,0.0
8,8,0.0,0.0,0.0,0.0,0.0,0.0,0.0,0.0,1.0,0.0,0.0,0.0
8,8,0.0,0.0,0.0,0.0,0.0,0.0,0.0,0.0,1.0,0.0,0.0,0.0
8,8,0.0,0.0,0.0,0.0,0.0,0.0,0.0,0.0,1.0,0.0,0.0,0.0
8,8,0.0,0.0,0.0,0.0,0.0,0.0,0.0,0.0,1.0,0.0,0.0,0.0
8,8,0.0,0.0,0.0,0.0,0.0,0.0,0.0,0.0,1.0,0.0,0.0,0.0
8,8,0.0,0.0,0.0,0.0,0.0,0.0,0.0,0.0,1.0,0.0,0.0,0.0
8,8,0.0,0.0,0.0,0.0,0.0,0.0,0.0,0.0,1.0,0.0,0.0,0.0
8,8,0.0,0.0,0.0,0.0,0.0,0.0,0.0,0.0,1.0,0.0,0.0,0.0
8,8,0.0,0.0,0.0,0.0,0.0,0.0,0.0,0.0,1.0,0.0,0.0,0.0
8,8,0.0,0.0,0.0,0.0,0.0,0.0,0.0,0.0,1.0,0.0,0.0,0.0
8,8,0.0,0.0,0.0,0.0,0.0,0.0,0.0,0.0,1.0,0.0,0.0,0.0
8,8,0.0,0.0,0.0,0.0,0.0,0.0,0.0,0.0,1.0,0.0,0.0,0.0
8,8,0.0,0.0,0.0,0.0,0.0,0.0,0.0,0.0,1.0,0.0,0.0,0.0
8,8,0.0,0.0,0.0,0.0,0.0,0.0,0.0,0.0,1.0,0.0,0.0,0.0
8,8,0.0,0.0,0.0,0.0,0.0,0.0,0.0,0.0,1.0,0.0,0.0,0.0
8,8,0.0,0.0,0.0,0.0,0.0,0.0,0.0,0.0,1.0,0.0,0.0,0.0
8,8,0.0,0.0,0.0,0.0,0.0,0.0,0.0,0.0,1.0,0.0,0.0,0.0
8,8,0.0,0.0,0.0,0.0,0.0,0.0,0.0,0.0,1.0,0.0,0.0,0.0
8,8,0.0,0.0,0.0,0.0,0.0,0.0,0.0,0.0,1.0,0.0,0.0,0.0
8,8,0.0,0.0,0.0,0.0,0.0,0.0,0.0,0.0,1.0,0.0,0.0,0.0
8,8,0.0,0.0,0.0,0.0,0.0,0.0,0.0,0.0,1.0,0.0,0.0,0.0
8,8,0.0,0.0,0.0,0.0,0.0,0.0,0.0,0.0,1.0,0.0,0.0,0.0
8,8,0.0,0.0,0.0,0.0,0.0,0.0,0.0,0.0,1.0,0.0,0.0,0.0
8,8,0.0,0.0,0.0,0.0,0.0,0.0,0.0,0.0,1.0,0.0,0.0,0.0
8,8,0.0,0.0,0.0,0.0,0.0,0.0,0.0,0.0,1.0,0.0,0.0,0.0
8,8,0.0,0.0,0.0,0.0,0.0,0.0,0.0,0.0,1.0,0.0,0.0,0.0
8,8,0.0,0.0,0.0,0.0,0.0,0.0,0.0,0.0,1.0,0.0,0.0,0.0
8,8,0.0,0.0,0.0,0.0,0.0,0.0,0.0,0.0,1.0,0.0,0.0,0.0
8,8,0.0,0.0,0.0,0.0,0.0,0.0,0.0,0.0,1.0,0.0,0.0,0.0
8,8,0.0,0.0,0.0,0.0,0.0,0.0,0.0,0.0,1.0,0.0,0.0,0.0
8,8,0.0,0.0,0.0,0.0,0.0,0.0,0.0,0.0,1.0,0.0,0.0,0.0
8,8,0.0,0.0,0.0,0.0,0.0,0.0,0.0,0.0,1.0,0.0,0.0,0.0
8,8,0.0,0.0,0.0,0.0,0.0,0.0,0.0,0.0,1.0,0.0,0.0,0.0
8,8,0.0,0.0,0.0,0.0,0.0,0.0,0.0,0.0,1.0,0.0,0.0,0.0
8,8,0.0,0.0,0.0,0.0,0.0,0.0,0.0,0.0,1.0,0.0,0.0,0.0
8,8,0.0,0.0,0.0,0.0,0.0,0.0,0.0,0.0,1.0,0.0,0.0,0.0
8,8,0.0,0.0,0.0,0.0,0.0,0.0,0.0,0.0,1.0,0.0,0.0,0.0
8,8,0.0,0.0,0.0,0.0,0.0,0.0,0.0,0.0,1.0,0.0,0.0,0.0
8,8,0.0,0.0,0.0,0.0,0.0,0.0,0.0,0.0,1.0,0.0,0.0,0.0
8,8,0.0,0.0,0.0,0.0,0.0,0.0,0.0,0.0,1.0,0.0,0.0,0.0
8,8,0.0,0.0,0.0,0.0,0.0,0.0,0.0,0.0,1.0,0.0,0.0,0.0
8,8,0.0,0.0,0.0,0.0,0.0,0.0,0.0,0.0,1.0,0.0,0.0,0.0
8,8,0.0,0.0,0.0,0.0,0.0,0.0,0.0,0.0,1.0,0.0,0.0,0.0
8,8,0.0,0.0,0.0,0.0,0.0,0.0,0.0,0.0,1.0,0.0,0.0,0.0
8,8,0.0,0.0,0.0,0.0,0.0,0.0,0.0,0.0,1.0,0.0,0.0,0.0
8,8,0.0,0.0,0.0,0.0,0.0,0.0,0.0,0.0,1.0,0.0,0.0,0.0
8,8,0.0,0.0,0.0,0.0,0.0,0.0,0.0,0.0,1.0,0.0,0.0,0.0
8,8,0.0,0.0,0.0,0.0,0.0,0.0,0.0,0.0,1.0,0.0,0.0,0.0
8,8,0.0,0.0,0.0,0.0,0.0,0.0,0.0,0.0,1.0,0.0,0.0,0.0
8,8,0.0,0.0,0.0,0.0,0.0,0.0,0.0,0.0,1.0,0.0,0.0,0.0
8,8,0.0,0.0,0.0,0.0,0.0,0.0,0.0,0.0,1.0,0.0,0.0,0.0
8,8,0.0,0.0,0.0,0.0,0.0,0.0,0.0,0.0,1.0,0.0,0.0,0.0
8,8,0.0,0.0,0.0,0.0,0.0,0.0,0.0,0.0,1.0,0.0,0.0,0.0
8,8,0.0,0.0,0.0,0.0,0.0,0.0,0.0,0.0,1.0,0.0,0.0,0.0
8,8,0.0,0.0,0.0,0.0,0.0,0.0,0.0,0.0,1.0,0.0,0.0,0.0
8,8,0.0,0.0,0.0,0.0,0.0,0.0,0.0,0.0,1.0,0.0,0.0,0.0
8,8,0.0,0.0,0.0,0.0,0.0,0.0,0.0,0.0,1.0,0.0,0.0,0.0
8,8,0.0,0.0,0.0,0.0,0.0,0.0,0.0,0.0,1.0,0.0,0.0,0.0
8,8,0.0,0.0,0.0,0.0,0.0,0.0,0.0,0.0,1.0,0.0,0.0,0.0
8,8,0.0,0.0,0.0,0.0,0.0,0.0,0.0,0.0,1.0,0.0,0.0,0.0
8,8,0.0,0.0,0.0,0.0,0.0,0.0,0.0,0.0,1.0,0.0,0.0,0.0
8,8,0.0,0.0,0.0,0.0,0.0,0.0,0.0,0.0,1.0,0.0,0.0,0.0
8,8,0.0,0.0,0.0,0.0,0.0,0.0,0.0,0.0,1.0,0.0,0.0,0.0
8,8,0.0,0.0,0.0,0.0,0.0,0.0,0.0,0.0,1.0,0.0,0.0,0.0
8,8,0.0,0.0,0.0,0.0,0.0,0.0,0.0,0.0,1.0,0.0,0.0,0.0
8,8,0.0,0.0,0.0,0.0,0.0,0.0,0.0,0.0,1.0,0.0,0.0,0.0
8,8,0.0,0.0,0.0,0.0,0.0,0.0,0.0,0.0,1.0,0.0,0.0,0.0
8,8,0.0,0.0,0.0,0.0,0.0,0.0,0.0,0.0,1.0,0.0,0.0,0.0
8,8,0.0,0.0,0.0,0.0,0.0,0.0,0.0,0.0,1.0,0.0,0.0,0.0
8,8,0.0,0.0,0.0,0.0,0.0,0.0,0.0,0.0,1.0,0.0,0.0,0.0
8,8,0.0,0.0,0.0,0.0,0.0,0.0,0.0,0.0,1.0,0.0,0.0,0.0
8,8,0.0,0.0,0.0,0.0,0.0,0.0,0.0,0.0,1.0,0.0,0.0,0.0
8,8,0.0,0.0,0.0,0.0,0.0,0.0,0.0,0.0,1.0,0.0,0.0,0.0
8,8,0.0,0.0,0.0,0.0,0.0,0.0,0.0,0.0,1.0,0.0,0.0,0.0
8,8,0.0,0.0,0.0,0.0,0.0,0.0,0.0,0.0,1.0,0.0,0.0,0.0
8,8,0.0,0.0,0.0,0.0,0.0,0.0,0.0,0.0,1.0,0.0,0.0,0.0
8,8,0.0,0.0,0.0,0.0,0.0,0.0,0.0,0.0,1.0,0.0,0.0,0.0
8,8,0.0,0.0,0.0,0.0,0.0,0.0,0.0,0.0,1.0,0.0,0.0,0.0
8,8,0.0,0.0,0.0,0.0,0.0,0.0,0.0,0.0,1.0,0.0,0.0,0.0
8,8,0.0,0.0,0.0,0.0,0.0,0.0,0.0,0.0,1.0,0.0,0.0,0.0
8,8,0.0,0.0,0.0,0.0,0.0,0.0,0.0,0.0,1.0,0.0,0.0,0.0
8,8,0.0,0.0,0.0,0.0,0.0,0.0,0.0,0.0,1.0,0.0,0.0,0.0
8,8,0.0,0.0,0.0,0.0,0.0,0.0,0.0,0.0,1.0,0.0,0.0,0.0
8,8,0.0,0.0,0.0,0.0,0.0,0.0,0.0,0.0,1.0,0.0,0.0,0.0
8,8,0.0,0.0,0.0,0.0,0.0,0.0,0.0,0.0,1.0,0.0,0.0,0.0
8,8,0.0,0.0,0.0,0.0,0.0,0.0,0.0,0.0,1.0,0.0,0.0,0.0
8,8,0.0,0.0,0.0,0.0,0.0,0.0,0.0,0.0,1.0,0.0,0.0,0.0
8,8,0.0,0.0,0.0,0.0,0.0,0.0,0.0,0.0,1.0,0.0,0.0,0.0
8,8,0.0,0.0,0.0,0.0,0.0,0.0,0.0,0.0,1.0,0.0,0.0,0.0
8,8,0.0,0.0,0.0,0.0,0.0,0.0,0.0,0.0,1.0,0.0,0.0,0.0
8,8,0.0,0.0,0.0,0.0,0.0,0.0,0.0,0.0,1.0,0.0,0.0,0.0
8,8,0.0,0.0,0.0,0.0,0.0,0.0,0.0,0.0,1.0,0.0,0.0,0.0
8,8,0.0,0.0,0.0,0.0,0.0,0.0,0.0,0.0,1.0,0.0,0.0,0.0
8,8,0.0,0.0,0.0,0.0,0.0,0.0,0.0,0.0,1.0,0.0,0.0,0.0
8,8,0.0,0.0,0.0,0.0,0.0,0.0,0.0,0.0,1.0,0.0,0.0,0.0
8,8,0.0,0.0,0.0,0.0,0.0,0.0,0.0,0.0,1.0,0.0,0.0,0.0
8,8,0.0,0.0,0.0,0.0,0.0,0.0,0.0,0.0,1.0,0.0,0.0,0.0
8,8,0.0,0.0,0.0,0.0,0.0,0.0,0.0,0.0,1.0,0.0,0.0,0.0
8,8,0.0,0.0,0.0,0.0,0.0,0.0,0.0,0.0,1.0,0.0,0.0,0.0
8,8,0.0,0.0,0.0,0.0,0.0,0.0,0.0,0.0,1.0,0.0,0.0,0.0
8,8,0.0,0.0,0.0,0.0,0.0,0.0,0.0,0.0,1.0,0.0,0.0,0.0
8,8,0.0,0.0,0.0,0.0,0.0,0.0,0.0,0.0,1.0,0.0,0.0,0.0
8,8,0.0,0.0,0.0,0.0,0.0,0.0,0.0,0.0,1.0,0.0,0.0,0.0
8,8,0.0,0.0,0.0,0.0,0.0,0.0,0.0,0.0,1.0,0.0,0.0,0.0
8,8,0.0,0.0,0.0,0.0,0.0,0.0,0.0,0.0,1.0,0.0,0.0,0.0
8,8,0.0,0.0,0.0,0.0,0.0,0.0,0.0,0.0,1.0,0.0,0.0,0.0
8,8,0.0,0.0,0.0,0.0,0.0,0.0,0.0,0.0,1.0,0.0,0.0,0.0
8,8,0.0,0.0,0.0,0.0,0.0,0.0,0.0,0.0,1.0,0.0,0.0,0.0
8,8,0.0,0.0,0.0,0.0,0.0,0.0,0.0,0.0,1.0,0.0,0.0,0.0
8,8,0.0,0.0,0.0,0.0,0.0,0.0,0.0,0.0,1.0,0.0,0.0,0.0
8,8,0.0,0.0,0.0,0.0,0.0,0.0,0.0,0.0,1.0,0.0,0.0,0.0
8,8,0.0,0.0,0.0,0.0,0.0,0.0,0.0,0.0,1.0,0.0,0.0,0.0
8,8,0.0,0.0,0.0,0.0,0.0,0.0,0.0,0.0,1.0,0.0,0.0,0.0
8,8,0.0,0.0,0.0,0.0,0.0,0.0,0.0,0.0,1.0,0.0,0.0,0.0
8,8,0.0,0.0,0.0,0.0,0.0,0.0,0.0,0.0,1.0,0.0,0.0,0.0
8,8,0.0,0.0,0.0,0.0,0.0,0.0,0.0,0.0,1.0,0.0,0.0,0.0
8,8,0.0,0.0,0.0,0.0,0.0,0.0,0.0,0.0,1.0,0.0,0.0,0.0
8,8,0.0,0.0,0.0,0.0,0.0,0.0,0.0,0.0,1.0,0.0,0.0,0.0
8,8,0.0,0.0,0.0,0.0,0.0,0.0,0.0,0.0,1.0,0.0,0.0,0.0
8,8,0.0,0.0,0.0,0.0,0.0,0.0,0.0,0.0,1.0,0.0,0.0,0.0
8,8,0.0,0.0,0.0,0.0,0.0,0.0,0.0,0.0,1.0,0.0,0.0,0.0
8,8,0.0,0.0,0.0,0.0,0.0,0.0,0.0,0.0,1.0,0.0,0.0,0.0
8,8,0.0,0.0,0.0,0.0,0.0,0.0,0.0,0.0,1.0,0.0,0.0,0.0
8,8,0.0,0.0,0.0,0.0,0.0,0.0,0.0,0.0,1.0,0.0,0.0,0.0
8,8,0.0,0.0,0.0,0.0,0.0,0.0,0.0,0.0,1.0,0.0,0.0,0.0
8,8,0.0,0.0,0.0,0.0,0.0,0.0,0.0,0.0,1.0,0.0,0.0,0.0
8,8,0.0,0.0,0.0,0.0,0.0,0.0,0.0,0.0,1.0,0.0,0.0,0.0
8,8,0.0,0.0,0.0,0.0,0.0,0.0,0.0,0.0,1.0,0.0,0.0,0.0
8,8,0.0,0.0,0.0,0.0,0.0,0.0,0.0,0.0,1.0,0.0,0.0,0.0
8,8,0.0,0.0,0.0,0.0,0.0,0.0,0.0,0.0,1.0,0.0,0.0,0.0
8,8,0.0,0.0,0.0,0.0,0.0,0.0,0.0,0.0,1.0,0.0,0.0,0.0
8,8,0.0,0.0,0.0,0.0,0.0,0.0,0.0,0.0,1.0,0.0,0.0,0.0
8,8,0.0,0.0,0.0,0.0,0.0,0.0,0.0,0.0,1.0,0.0,0.0,0.0
8,8,0.0,0.0,0.0,0.0,0.0,0.0,0.0,0.0,1.0,0.0,0.0,0.0
8,8,0.0,0.0,0.0,0.0,0.0,0.0,0.0,0.0,1.0,0.0,0.0,0.0
8,8,0.0,0.0,0.0,0.0,0.0,0.0,0.0,0.0,1.0,0.0,0.0,0.0
8,8,0.0,0.0,0.0,0.0,0.0,0.0,0.0,0.0,1.0,0.0,0.0,0.0
8,8,0.0,0.0,0.0,0.0,0.0,0.0,0.0,0.0,1.0,0.0,0.0,0.0
8,8,0.0,0.0,0.0,0.0,0.0,0.0,0.0,0.0,1.0,0.0,0.0,0.0
8,8,0.0,0.0,0.0,0.0,0.0,0.0,0.0,0.0,1.0,0.0,0.0,0.0
8,8,0.0,0.0,0.0,0.0,0.0,0.0,0.0,0.0,1.0,0.0,0.0,0.0
8,8,0.0,0.0,0.0,0.0,0.0,0.0,0.0,0.0,1.0,0.0,0.0,0.0
8,8,0.0,0.0,0.0,0.0,0.0,0.0,0.0,0.0,1.0,0.0,0.0,0.0
8,8,0.0,0.0,0.0,0.0,0.0,0.0,0.0,0.0,1.0,0.0,0.0,0.0
8,8,0.0,0.0,0.0,0.0,0.0,0.0,0.0,0.0,1.0,0.0,0.0,0.0
8,8,0.0,0.0,0.0,0.0,0.0,0.0,0.0,0.0,1.0,0.0,0.0,0.0
8,8,0.0,0.0,0.0,0.0,0.0,0.0,0.0,0.0,1.0,0.0,0.0,0.0
8,8,0.0,0.0,0.0,0.0,0.0,0.0,0.0,0.0,1.0,0.0,0.0,0.0
8,8,0.0,0.0,0.0,0.0,0.0,0.0,0.0,0.0,1.0,0.0,0.0,0.0
8,8,0.0,0.0,0.0,0.0,0.0,0.0,0.0,0.0,1.0,0.0,0.0,0.0
8,8,0.0,0.0,0.0,0.0,0.0,0.0,0.0,0.0,1.0,0.0,0.0,0.0
8,8,0.0,0.0,0.0,0.0,0.0,0.0,0.0,0.0,1.0,0.0,0.0,0.0
8,8,0.0,0.0,0.0,0.0,0.0,0.0,0.0,0.0,1.0,0.0,0.0,0.0
8,8,0.0,0.0,0.0,0.0,0.0,0.0,0.0,0.0,1.0,0.0,0.0,0.0
8,8,0.0,0.0,0.0,0.0,0.0,0.0,0.0,0.0,1.0,0.0,0.0,0.0
8,8,0.0,0.0,0.0,0.0,0.0,0.0,0.0,0.0,1.0,0.0,0.0,0.0
8,8,0.0,0.0,0.0,0.0,0.0,0.0,0.0,0.0,1.0,0.0,0.0,0.0
8,8,0.0,0.0,0.0,0.0,0.0,0.0,0.0,0.0,1.0,0.0,0.0,0.0
8,8,0.0,0.0,0.0,0.0,0.0,0.0,0.0,0.0,1.0,0.0,0.0,0.0
8,8,0.0,0.0,0.0,0.0,0.0,0.0,0.0,0.0,1.0,0.0,0.0,0.0
8,8,0.0,0.0,0.0,0.0,0.0,0.0,0.0,0.0,1.0,0.0,0.0,0.0
8,8,0.0,0.0,0.0,0.0,0.0,0.0,0.0,0.0,1.0,0.0,0.0,0.0
8,8,0.0,0.0,0.0,0.0,0.0,0.0,0.0,0.0,1.0,0.0,0.0,0.0
8,8,0.0,0.0,0.0,0.0,0.0,0.0,0.0,0.0,1.0,0.0,0.0,0.0
8,8,0.0,0.0,0.0,0.0,0.0,0.0,0.0,0.0,1.0,0.0,0.0,0.0
8,8,0.0,0.0,0.0,0.0,0.0,0.0,0.0,0.0,1.0,0.0,0.0,0.0
8,8,0.0,0.0,0.0,0.0,0.0,0.0,0.0,0.0,1.0,0.0,0.0,0.0
8,8,0.0,0.0,0.0,0.0,0.0,0.0,0.0,0.0,1.0,0.0,0.0,0.0
8,8,0.0,0.0,0.0,0.0,0.0,0.0,0.0,0.0,1.0,0.0,0.0,0.0
8,8,0.0,0.0,0.0,0.0,0.0,0.0,0.0,0.0,1.0,0.0,0.0,0.0
8,8,0.0,0.0,0.0,0.0,0.0,0.0,0.0,0.0,1.0,0.0,0.0,0.0
8,8,0.0,0.0,0.0,0.0,0.0,0.0,0.0,0.0,1.0,0.0,0.0,0.0
8,8,0.0,0.0,0.0,0.0,0.0,0.0,0.0,0.0,1.0,0.0,0.0,0.0
8,8,0.0,0.0,0.0,0.0,0.0,0.0,0.0,0.0,1.0,0.0,0.0,0.0
8,8,0.0,0.0,0.0,0.0,0.0,0.0,0.0,0.0,1.0,0.0,0.0,0.0
8,8,0.0,0.0,0.0,0.0,0.0,0.0,0.0,0.0,1.0,0.0,0.0,0.0
8,8,0.0,0.0,0.0,0.0,0.0,0.0,0.0,0.0,1.0,0.0,0.0,0.0
8,8,0.0,0.0,0.0,0.0,0.0,0.0,0.0,0.0,1.0,0.0,0.0,0.0
8,8,0.0,0.0,0.0,0.0,0.0,0.0,0.0,0.0,1.0,0.0,0.0,0.0
8,8,0.0,0.0,0.0,0.0,0.0,0.0,0.0,0.0,1.0,0.0,0.0,0.0
8,8,0.0,0.0,0.0,0.0,0.0,0.0,0.0,0.0,1.0,0.0,0.0,0.0
8,8,0.0,0.0,0.0,0.0,0.0,0.0,0.0,0.0,1.0,0.0,0.0,0.0
8,8,0.0,0.0,0.0,0.0,0.0,0.0,0.0,0.0,1.0,0.0,0.0,0.0
8,8,0.0,0.0,0.0,0.0,0.0,0.0,0.0,0.0,1.0,0.0,0.0,0.0
8,8,0.0,0.0,0.0,0.0,0.0,0.0,0.0,0.0,1.0,0.0,0.0,0.0
8,8,0.0,0.0,0.0,0.0,0.0,0.0,0.0,0.0,1.0,0.0,0.0,0.0
8,8,0.0,0.0,0.0,0.0,0.0,0.0,0.0,0.0,1.0,0.0,0.0,0.0
8,8,0.0,0.0,0.0,0.0,0.0,0.0,0.0,0.0,1.0,0.0,0.0,0.0
8,8,0.0,0.0,0.0,0.0,0.0,0.0,0.0,0.0,1.0,0.0,0.0,0.0
8,8,0.0,0.0,0.0,0.0,0.0,0.0,0.0,0.0,1.0,0.0,0.0,0.0
8,8,0.0,0.0,0.0,0.0,0.0,0.0,0.0,0.0,1.0,0.0,0.0,0.0
8,8,0.0,0.0,0.0,0.0,0.0,0.0,0.0,0.0,1.0,0.0,0.0,0.0
8,8,0.0,0.0,0.0,0.0,0.0,0.0,0.0,0.0,1.0,0.0,0.0,0.0
8,8,0.0,0.0,0.0,0.0,0.0,0.0,0.0,0.0,1.0,0.0,0.0,0.0
8,8,0.0,0.0,0.0,0.0,0.0,0.0,0.0,0.0,1.0,0.0,0.0,0.0
8,8,0.0,0.0,0.0,0.0,0.0,0.0,0.0,0.0,1.0,0.0,0.0,0.0
8,8,0.0,0.0,0.0,0.0,0.0,0.0,0.0,0.0,1.0,0.0,0.0,0.0
8,8,0.0,0.0,0.0,0.0,0.0,0.0,0.0,0.0,1.0,0.0,0.0,0.0
8,8,0.0,0.0,0.0,0.0,0.0,0.0,0.0,0.0,1.0,0.0,0.0,0.0
8,8,0.0,0.0,0.0,0.0,0.0,0.0,0.0,0.0,1.0,0.0,0.0,0.0
8,8,0.0,0.0,0.0,0.0,0.0,0.0,0.0,0.0,1.0,0.0,0.0,0.0
8,8,0.0,0.0,0.0,0.0,0.0,0.0,0.0,0.0,1.0,0.0,0.0,0.0
8,8,0.0,0.0,0.0,0.0,0.0,0.0,0.0,0.0,1.0,0.0,0.0,0.0
8,8,0.0,0.0,0.0,0.0,0.0,0.0,0.0,0.0,1.0,0.0,0.0,0.0
8,8,0.0,0.0,0.0,0.0,0.0,0.0,0.0,0.0,1.0,0.0,0.0,0.0
8,8,0.0,0.0,0.0,0.0,0.0,0.0,0.0,0.0,1.0,0.0,0.0,0.0
8,8,0.0,0.0,0.0,0.0,0.0,0.0,0.0,0.0,1.0,0.0,0.0,0.0
8,8,0.0,0.0,0.0,0.0,0.0,0.0,0.0,0.0,1.0,0.0,0.0,0.0
8,8,0.0,0.0,0.0,0.0,0.0,0.0,0.0,0.0,1.0,0.0,0.0,0.0
8,8,0.0,0.0,0.0,0.0,0.0,0.0,0.0,0.0,1.0,0.0,0.0,0.0
8,8,0.0,0.0,0.0,0.0,0.0,0.0,0.0,0.0,1.0,0.0,0.0,0.0
8,8,0.0,0.0,0.0,0.0,0.0,0.0,0.0,0.0,1.0,0.0,0.0,0.0
8,8,0.0,0.0,0.0,0.0,0.0,0.0,0.0,0.0,1.0,0.0,0.0,0.0
8,8,0.0,0.0,0.0,0.0,0.0,0.0,0.0,0.0,1.0,0.0,0.0,0.0
8,8,0.0,0.0,0.0,0.0,0.0,0.0,0.0,0.0,1.0,0.0,0.0,0.0
8,8,0.0,0.0,0.0,0.0,0.0,0.0,0.0,0.0,1.0,0.0,0.0,0.0
8,8,0.0,0.0,0.0,0.0,0.0,0.0,0.0,0.0,1.0,0.0,0.0,0.0
8,8,0.0,0.0,0.0,0.0,0.0,0.0,0.0,0.0,1.0,0.0,0.0,0.0
8,8,0.0,0.0,0.0,0.0,0.0,0.0,0.0,0.0,1.0,0.0,0.0,0.0
8,8,0.0,0.0,0.0,0.0,0.0,0.0,0.0,0.0,1.0,0.0,0.0,0.0
8,8,0.0,0.0,0.0,0.0,0.0,0.0,0.0,0.0,1.0,0.0,0.0,0.0
8,8,0.0,0.0,0.0,0.0,0.0,0.0,0.0,0.0,1.0,0.0,0.0,0.0
8,8,0.0,0.0,0.0,0.0,0.0,0.0,0.0,0.0,1.0,0.0,0.0,0.0
8,8,0.0,0.0,0.0,0.0,0.0,0.0,0.0,0.0,1.0,0.0,0.0,0.0
8,8,0.0,0.0,0.0,0.0,0.0,0.0,0.0,0.0,1.0,0.0,0.0,0.0
8,8,0.0,0.0,0.0,0.0,0.0,0.0,0.0,0.0,1.0,0.0,0.0,0.0
8,8,0.0,0.0,0.0,0.0,0.0,0.0,0.0,0.0,1.0,0.0,0.0,0.0
8,8,0.0,0.0,0.0,0.0,0.0,0.0,0.0,0.0,1.0,0.0,0.0,0.0
8,8,0.0,0.0,0.0,0.0,0.0,0.0,0.0,0.0,1.0,0.0,0.0,0.0
8,8,0.0,0.0,0.0,0.0,0.0,0.0,0.0,0.0,1.0,0.0,0.0,0.0
8,8,0.0,0.0,0.0,0.0,0.0,0.0,0.0,0.0,1.0,0.0,0.0,0.0
8,8,0.0,0.0,0.0,0.0,0.0,0.0,0.0,0.0,1.0,0.0,0.0,0.0
8,8,0.0,0.0,0.0,0.0,0.0,0.0,0.0,0.0,1.0,0.0,0.0,0.0
8,8,0.0,0.0,0.0,0.0,0.0,0.0,0.0,0.0,1.0,0.0,0.0,0.0
8,8,0.0,0.0,0.0,0.0,0.0,0.0,0.0,0.0,1.0,0.0,0.0,0.0
8,8,0.0,0.0,0.0,0.0,0.0,0.0,0.0,0.0,1.0,0.0,0.0,0.0
8,8,0.0,0.0,0.0,0.0,0.0,0.0,0.0,0.0,1.0,0.0,0.0,0.0
8,8,0.0,0.0,0.0,0.0,0.0,0.0,0.0,0.0,1.0,0.0,0.0,0.0
8,8,0.0,0.0,0.0,0.0,0.0,0.0,0.0,0.0,1.0,0.0,0.0,0.0
8,8,0.0,0.0,0.0,0.0,0.0,0.0,0.0,0.0,1.0,0.0,0.0,0.0
8,8,0.0,0.0,0.0,0.0,0.0,0.0,0.0,0.0,1.0,0.0,0.0,0.0
8,8,0.0,0.0,0.0,0.0,0.0,0.0,0.0,0.0,1.0,0.0,0.0,0.0
8,8,0.0,0.0,0.0,0.0,0.0,0.0,0.0,0.0,1.0,0.0,0.0,0.0
8,8,0.0,0.0,0.0,0.0,0.0,0.0,0.0,0.0,1.0,0.0,0.0,0.0
8,8,0.0,0.0,0.0,0.0,0.0,0.0,0.0,0.0,1.0,0.0,0.0,0.0
8,8,0.0,0.0,0.0,0.0,0.0,0.0,0.0,0.0,1.0,0.0,0.0,0.0
8,8,0.0,0.0,0.0,0.0,0.0,0.0,0.0,0.0,1.0,0.0,0.0,0.0
8,8,0.0,0.0,0.0,0.0,0.0,0.0,0.0,0.0,1.0,0.0,0.0,0.0
8,8,0.0,0.0,0.0,0.0,0.0,0.0,0.0,0.0,1.0,0.0,0.0,0.0
8,8,0.0,0.0,0.0,0.0,0.0,0.0,0.0,0.0,1.0,0.0,0.0,0.0
8,8,0.0,0.0,0.0,0.0,0.0,0.0,0.0,0.0,1.0,0.0,0.0,0.0
8,8,0.0,0.0,0.0,0.0,0.0,0.0,0.0,0.0,1.0,0.0,0.0,0.0
8,8,0.0,0.0,0.0,0.0,0.0,0.0,0.0,0.0,1.0,0.0,0.0,0.0
8,8,0.0,0.0,0.0,0.0,0.0,0.0,0.0,0.0,1.0,0.0,0.0,0.0
8,8,0.0,0.0,0.0,0.0,0.0,0.0,0.0,0.0,1.0,0.0,0.0,0.0
8,8,0.0,0.0,0.0,0.0,0.0,0.0,0.0,0.0,1.0,0.0,0.0,0.0
8,8,0.0,0.0,0.0,0.0,0.0,0.0,0.0,0.0,1.0,0.0,0.0,0.0
8,8,0.0,0.0,0.0,0.0,0.0,0.0,0.0,0.0,1.0,0.0,0.0,0.0
8,8,0.0,0.0,0.0,0.0,0.0,0.0,0.0,0.0,1.0,0.0,0.0,0.0
8,8,0.0,0.0,0.0,0.0,0.0,0.0,0.0,0.0,1.0,0.0,0.0,0.0
8,8,0.0,0.0,0.0,0.0,0.0,0.0,0.0,0.0,1.0,0.0,0.0,0.0
8,8,0.0,0.0,0.0,0.0,0.0,0.0,0.0,0.0,1.0,0.0,0.0,0.0
8,8,0.0,0.0,0.0,0.0,0.0,0.0,0.0,0.0,1.0,0.0,0.0,0.0
8,8,0.0,0.0,0.0,0.0,0.0,0.0,0.0,0.0,1.0,0.0,0.0,0.0
8,8,0.0,0.0,0.0,0.0,0.0,0.0,0.0,0.0,1.0,0.0,0.0,0.0
8,8,0.0,0.0,0.0,0.0,0.0,0.0,0.0,0.0,1.0,0.0,0.0,0.0
8,8,0.0,0.0,0.0,0.0,0.0,0.0,0.0,0.0,1.0,0.0,0.0,0.0
8,8,0.0,0.0,0.0,0.0,0.0,0.0,0.0,0.0,1.0,0.0,0.0,0.0
8,8,0.0,0.0,0.0,0.0,0.0,0.0,0.0,0.0,1.0,0.0,0.0,0.0
8,8,0.0,0.0,0.0,0.0,0.0,0.0,0.0,0.0,1.0,0.0,0.0,0.0
8,8,0.0,0.0,0.0,0.0,0.0,0.0,0.0,0.0,1.0,0.0,0.0,0.0
8,8,0.0,0.0,0.0,0.0,0.0,0.0,0.0,0.0,1.0,0.0,0.0,0.0
8,8,0.0,0.0,0.0,0.0,0.0,0.0,0.0,0.0,1.0,0.0,0.0,0.0
8,8,0.0,0.0,0.0,0.0,0.0,0.0,0.0,0.0,1.0,0.0,0.0,0.0
8,8,0.0,0.0,0.0,0.0,0.0,0.0,0.0,0.0,1.0,0.0,0.0,0.0
8,8,0.0,0.0,0.0,0.0,0.0,0.0,0.0,0.0,1.0,0.0,0.0,0.0
8,8,0.0,0.0,0.0,0.0,0.0,0.0,0.0,0.0,1.0,0.0,0.0,0.0
8,8,0.0,0.0,0.0,0.0,0.0,0.0,0.0,0.0,1.0,0.0,0.0,0.0
8,8,0.0,0.0,0.0,0.0,0.0,0.0,0.0,0.0,1.0,0.0,0.0,0.0
8,8,0.0,0.0,0.0,0.0,0.0,0.0,0.0,0.0,1.0,0.0,0.0,0.0
8,8,0.0,0.0,0.0,0.0,0.0,0.0,0.0,0.0,1.0,0.0,0.0,0.0
8,8,0.0,0.0,0.0,0.0,0.0,0.0,0.0,0.0,1.0,0.0,0.0,0.0
8,8,0.0,0.0,0.0,0.0,0.0,0.0,0.0,0.0,1.0,0.0,0.0,0.0
8,8,0.0,0.0,0.0,0.0,0.0,0.0,0.0,0.0,1.0,0.0,0.0,0.0
8,8,0.0,0.0,0.0,0.0,0.0,0.0,0.0,0.0,1.0,0.0,0.0,0.0
8,8,0.0,0.0,0.0,0.0,0.0,0.0,0.0,0.0,1.0,0.0,0.0,0.0
8,8,0.0,0.0,0.0,0.0,0.0,0.0,0.0,0.0,1.0,0.0,0.0,0.0
8,8,0.0,0.0,0.0,0.0,0.0,0.0,0.0,0.0,1.0,0.0,0.0,0.0
8,8,0.0,0.0,0.0,0.0,0.0,0.0,0.0,0.0,1.0,0.0,0.0,0.0
8,8,0.0,0.0,0.0,0.0,0.0,0.0,0.0,0.0,1.0,0.0,0.0,0.0
8,8,0.0,0.0,0.0,0.0,0.0,0.0,0.0,0.0,1.0,0.0,0.0,0.0
8,8,0.0,0.0,0.0,0.0,0.0,0.0,0.0,0.0,1.0,0.0,0.0,0.0
8,8,0.0,0.0,0.0,0.0,0.0,0.0,0.0,0.0,1.0,0.0,0.0,0.0
8,8,0.0,0.0,0.0,0.0,0.0,0.0,0.0,0.0,1.0,0.0,0.0,0.0
8,8,0.0,0.0,0.0,0.0,0.0,0.0,0.0,0.0,1.0,0.0,0.0,0.0
8,8,0.0,0.0,0.0,0.0,0.0,0.0,0.0,0.0,1.0,0.0,0.0,0.0
8,8,0.0,0.0,0.0,0.0,0.0,0.0,0.0,0.0,1.0,0.0,0.0,0.0
8,8,0.0,0.0,0.0,0.0,0.0,0.0,0.0,0.0,1.0,0.0,0.0,0.0
8,8,0.0,0.0,0.0,0.0,0.0,0.0,0.0,0.0,1.0,0.0,0.0,0.0
8,8,0.0,0.0,0.0,0.0,0.0,0.0,0.0,0.0,1.0,0.0,0.0,0.0
8,8,0.0,0.0,0.0,0.0,0.0,0.0,0.0,0.0,1.0,0.0,0.0,0.0
8,8,0.0,0.0,0.0,0.0,0.0,0.0,0.0,0.0,1.0,0.0,0.0,0.0
8,8,0.0,0.0,0.0,0.0,0.0,0.0,0.0,0.0,1.0,0.0,0.0,0.0
8,8,0.0,0.0,0.0,0.0,0.0,0.0,0.0,0.0,1.0,0.0,0.0,0.0
8,8,0.0,0.0,0.0,0.0,0.0,0.0,0.0,0.0,1.0,0.0,0.0,0.0
8,8,0.0,0.0,0.0,0.0,0.0,0.0,0.0,0.0,1.0,0.0,0.0,0.0
8,8,0.0,0.0,0.0,0.0,0.0,0.0,0.0,0.0,1.0,0.0,0.0,0.0
8,8,0.0,0.0,0.0,0.0,0.0,0.0,0.0,0.0,1.0,0.0,0.0,0.0
8,8,0.0,0.0,0.0,0.0,0.0,0.0,0.0,0.0,1.0,0.0,0.0,0.0
8,8,0.0,0.0,0.0,0.0,0.0,0.0,0.0,0.0,1.0,0.0,0.0,0.0
8,8,0.0,0.0,0.0,0.0,0.0,0.0,0.0,0.0,1.0,0.0,0.0,0.0
8,8,0.0,0.0,0.0,0.0,0.0,0.0,0.0,0.0,1.0,0.0,0.0,0.0
8,8,0.0,0.0,0.0,0.0,0.0,0.0,0.0,0.0,1.0,0.0,0.0,0.0
8,8,0.0,0.0,0.0,0.0,0.0,0.0,0.0,0.0,1.0,0.0,0.0,0.0
8,8,0.0,0.0,0.0,0.0,0.0,0.0,0.0,0.0,1.0,0.0,0.0,0.0
8,8,0.0,0.0,0.0,0.0,0.0,0.0,0.0,0.0,1.0,0.0,0.0,0.0
8,8,0.0,0.0,0.0,0.0,0.0,0.0,0.0,0.0,1.0,0.0,0.0,0.0
8,8,0.0,0.0,0.0,0.0,0.0,0.0,0.0,0.0,1.0,0.0,0.0,0.0
8,8,0.0,0.0,0.0,0.0,0.0,0.0,0.0,0.0,1.0,0.0,0.0,0.0
8,8,0.0,0.0,0.0,0.0,0.0,0.0,0.0,0.0,1.0,0.0,0.0,0.0
8,8,0.0,0.0,0.0,0.0,0.0,0.0,0.0,0.0,1.0,0.0,0.0,0.0
8,8,0.0,0.0,0.0,0.0,0.0,0.0,0.0,0.0,1.0,0.0,0.0,0.0
8,8,0.0,0.0,0.0,0.0,0.0,0.0,0.0,0.0,1.0,0.0,0.0,0.0
8,8,0.0,0.0,0.0,0.0,0.0,0.0,0.0,0.0,1.0,0.0,0.0,0.0
8,8,0.0,0.0,0.0,0.0,0.0,0.0,0.0,0.0,1.0,0.0,0.0,0.0
8,8,0.0,0.0,0.0,0.0,0.0,0.0,0.0,0.0,1.0,0.0,0.0,0.0
8,8,0.0,0.0,0.0,0.0,0.0,0.0,0.0,0.0,1.0,0.0,0.0,0.0
8,8,0.0,0.0,0.0,0.0,0.0,0.0,0.0,0.0,1.0,0.0,0.0,0.0
8,8,0.0,0.0,0.0,0.0,0.0,0.0,0.0,0.0,1.0,0.0,0.0,0.0
8,8,0.0,0.0,0.0,0.0,0.0,0.0,0.0,0.0,1.0,0.0,0.0,0.0
8,8,0.0,0.0,0.0,0.0,0.0,0.0,0.0,0.0,1.0,0.0,0.0,0.0
8,8,0.0,0.0,0.0,0.0,0.0,0.0,0.0,0.0,1.0,0.0,0.0,0.0
8,8,0.0,0.0,0.0,0.0,0.0,0.0,0.0,0.0,1.0,0.0,0.0,0.0
8,8,0.0,0.0,0.0,0.0,0.0,0.0,0.0,0.0,1.0,0.0,0.0,0.0
8,8,0.0,0.0,0.0,0.0,0.0,0.0,0.0,0.0,1.0,0.0,0.0,0.0
8,8,0.0,0.0,0.0,0.0,0.0,0.0,0.0,0.0,1.0,0.0,0.0,0.0
8,8,0.0,0.0,0.0,0.0,0.0,0.0,0.0,0.0,1.0,0.0,0.0,0.0
8,8,0.0,0.0,0.0,0.0,0.0,0.0,0.0,0.0,1.0,0.0,0.0,0.0
8,8,0.0,0.0,0.0,0.0,0.0,0.0,0.0,0.0,1.0,0.0,0.0,0.0
8,8,0.0,0.0,0.0,0.0,0.0,0.0,0.0,0.0,1.0,0.0,0.0,0.0
8,8,0.0,0.0,0.0,0.0,0.0,0.0,0.0,0.0,1.0,0.0,0.0,0.0
8,8,0.0,0.0,0.0,0.0,0.0,0.0,0.0,0.0,1.0,0.0,0.0,0.0
8,8,0.0,0.0,0.0,0.0,0.0,0.0,0.0,0.0,1.0,0.0,0.0,0.0
8,8,0.0,0.0,0.0,0.0,0.0,0.0,0.0,0.0,1.0,0.0,0.0,0.0
8,8,0.0,0.0,0.0,0.0,0.0,0.0,0.0,0.0,1.0,0.0,0.0,0.0
8,8,0.0,0.0,0.0,0.0,0.0,0.0,0.0,0.0,1.0,0.0,0.0,0.0
8,8,0.0,0.0,0.0,0.0,0.0,0.0,0.0,0.0,1.0,0.0,0.0,0.0
8,8,0.0,0.0,0.0,0.0,0.0,0.0,0.0,0.0,1.0,0.0,0.0,0.0
8,8,0.0,0.0,0.0,0.0,0.0,0.0,0.0,0.0,1.0,0.0,0.0,0.0
8,8,0.0,0.0,0.0,0.0,0.0,0.0,0.0,0.0,1.0,0.0,0.0,0.0
8,8,0.0,0.0,0.0,0.0,0.0,0.0,0.0,0.0,1.0,0.0,0.0,0.0
8,8,0.0,0.0,0.0,0.0,0.0,0.0,0.0,0.0,1.0,0.0,0.0,0.0
8,8,0.0,0.0,0.0,0.0,0.0,0.0,0.0,0.0,1.0,0.0,0.0,0.0
8,8,0.0,0.0,0.0,0.0,0.0,0.0,0.0,0.0,1.0,0.0,0.0,0.0
8,8,0.0,0.0,0.0,0.0,0.0,0.0,0.0,0.0,1.0,0.0,0.0,0.0
8,8,0.0,0.0,0.0,0.0,0.0,0.0,0.0,0.0,1.0,0.0,0.0,0.0
8,8,0.0,0.0,0.0,0.0,0.0,0.0,0.0,0.0,1.0,0.0,0.0,0.0
8,8,0.0,0.0,0.0,0.0,0.0,0.0,0.0,0.0,1.0,0.0,0.0,0.0
8,8,0.0,0.0,0.0,0.0,0.0,0.0,0.0,0.0,1.0,0.0,0.0,0.0
8,8,0.0,0.0,0.0,0.0,0.0,0.0,0.0,0.0,1.0,0.0,0.0,0.0
8,8,0.0,0.0,0.0,0.0,0.0,0.0,0.0,0.0,1.0,0.0,0.0,0.0
8,8,0.0,0.0,0.0,0.0,0.0,0.0,0.0,0.0,1.0,0.0,0.0,0.0
8,8,0.0,0.0,0.0,0.0,0.0,0.0,0.0,0.0,1.0,0.0,0.0,0.0
8,8,0.0,0.0,0.0,0.0,0.0,0.0,0.0,0.0,1.0,0.0,0.0,0.0
8,8,0.0,0.0,0.0,0.0,0.0,0.0,0.0,0.0,1.0,0.0,0.0,0.0
8,8,0.0,0.0,0.0,0.0,0.0,0.0,0.0,0.0,1.0,0.0,0.0,0.0
8,8,0.0,0.0,0.0,0.0,0.0,0.0,0.0,0.0,1.0,0.0,0.0,0.0
8,8,0.0,0.0,0.0,0.0,0.0,0.0,0.0,0.0,1.0,0.0,0.0,0.0
8,8,0.0,0.0,0.0,0.0,0.0,0.0,0.0,0.0,1.0,0.0,0.0,0.0
8,8,0.0,0.0,0.0,0.0,0.0,0.0,0.0,0.0,1.0,0.0,0.0,0.0
8,8,0.0,0.0,0.0,0.0,0.0,0.0,0.0,0.0,1.0,0.0,0.0,0.0
8,8,0.0,0.0,0.0,0.0,0.0,0.0,0.0,0.0,1.0,0.0,0.0,0.0
8,8,0.0,0.0,0.0,0.0,0.0,0.0,0.0,0.0,1.0,0.0,0.0,0.0
8,8,0.0,0.0,0.0,0.0,0.0,0.0,0.0,0.0,1.0,0.0,0.0,0.0
8,8,0.0,0.0,0.0,0.0,0.0,0.0,0.0,0.0,1.0,0.0,0.0,0.0
8,8,0.0,0.0,0.0,0.0,0.0,0.0,0.0,0.0,1.0,0.0,0.0,0.0
8,8,0.0,0.0,0.0,0.0,0.0,0.0,0.0,0.0,1.0,0.0,0.0,0.0
8,8,0.0,0.0,0.0,0.0,0.0,0.0,0.0,0.0,1.0,0.0,0.0,0.0
8,8,0.0,0.0,0.0,0.0,0.0,0.0,0.0,0.0,1.0,0.0,0.0,0.0
8,8,0.0,0.0,0.0,0.0,0.0,0.0,0.0,0.0,1.0,0.0,0.0,0.0
8,8,0.0,0.0,0.0,0.0,0.0,0.0,0.0,0.0,1.0,0.0,0.0,0.0
8,8,0.0,0.0,0.0,0.0,0.0,0.0,0.0,0.0,1.0,0.0,0.0,0.0
8,8,0.0,0.0,0.0,0.0,0.0,0.0,0.0,0.0,1.0,0.0,0.0,0.0
8,8,0.0,0.0,0.0,0.0,0.0,0.0,0.0,0.0,1.0,0.0,0.0,0.0
8,8,0.0,0.0,0.0,0.0,0.0,0.0,0.0,0.0,1.0,0.0,0.0,0.0
8,8,0.0,0.0,0.0,0.0,0.0,0.0,0.0,0.0,1.0,0.0,0.0,0.0
8,8,0.0,0.0,0.0,0.0,0.0,0.0,0.0,0.0,1.0,0.0,0.0,0.0
8,8,0.0,0.0,0.0,0.0,0.0,0.0,0.0,0.0,1.0,0.0,0.0,0.0
8,8,0.0,0.0,0.0,0.0,0.0,0.0,0.0,0.0,1.0,0.0,0.0,0.0
8,8,0.0,0.0,0.0,0.0,0.0,0.0,0.0,0.0,1.0,0.0,0.0,0.0
8,8,0.0,0.0,0.0,0.0,0.0,0.0,0.0,0.0,1.0,0.0,0.0,0.0
8,8,0.0,0.0,0.0,0.0,0.0,0.0,0.0,0.0,1.0,0.0,0.0,0.0
8,8,0.0,0.0,0.0,0.0,0.0,0.0,0.0,0.0,1.0,0.0,0.0,0.0
8,8,0.0,0.0,0.0,0.0,0.0,0.0,0.0,0.0,1.0,0.0,0.0,0.0
8,8,0.0,0.0,0.0,0.0,0.0,0.0,0.0,0.0,1.0,0.0,0.0,0.0
8,8,0.0,0.0,0.0,0.0,0.0,0.0,0.0,0.0,1.0,0.0,0.0,0.0
8,8,0.0,0.0,0.0,0.0,0.0,0.0,0.0,0.0,1.0,0.0,0.0,0.0
8,8,0.0,0.0,0.0,0.0,0.0,0.0,0.0,0.0,1.0,0.0,0.0,0.0
8,8,0.0,0.0,0.0,0.0,0.0,0.0,0.0,0.0,1.0,0.0,0.0,0.0
8,8,0.0,0.0,0.0,0.0,0.0,0.0,0.0,0.0,1.0,0.0,0.0,0.0
8,8,0.0,0.0,0.0,0.0,0.0,0.0,0.0,0.0,1.0,0.0,0.0,0.0
8,8,0.0,0.0,0.0,0.0,0.0,0.0,0.0,0.0,1.0,0.0,0.0,0.0
8,8,0.0,0.0,0.0,0.0,0.0,0.0,0.0,0.0,1.0,0.0,0.0,0.0
8,8,0.0,0.0,0.0,0.0,0.0,0.0,0.0,0.0,1.0,0.0,0.0,0.0
8,8,0.0,0.0,0.0,0.0,0.0,0.0,0.0,0.0,1.0,0.0,0.0,0.0
8,8,0.0,0.0,0.0,0.0,0.0,0.0,0.0,0.0,1.0,0.0,0.0,0.0
8,8,0.0,0.0,0.0,0.0,0.0,0.0,0.0,0.0,1.0,0.0,0.0,0.0
8,8,0.0,0.0,0.0,0.0,0.0,0.0,0.0,0.0,1.0,0.0,0.0,0.0
8,8,0.0,0.0,0.0,0.0,0.0,0.0,0.0,0.0,1.0,0.0,0.0,0.0
8,8,0.0,0.0,0.0,0.0,0.0,0.0,0.0,0.0,1.0,0.0,0.0,0.0
8,8,0.0,0.0,0.0,0.0,0.0,0.0,0.0,0.0,1.0,0.0,0.0,0.0
8,8,0.0,0.0,0.0,0.0,0.0,0.0,0.0,0.0,1.0,0.0,0.0,0.0
8,8,0.0,0.0,0.0,0.0,0.0,0.0,0.0,0.0,1.0,0.0,0.0,0.0
8,8,0.0,0.0,0.0,0.0,0.0,0.0,0.0,0.0,1.0,0.0,0.0,0.0
8,8,0.0,0.0,0.0,0.0,0.0,0.0,0.0,0.0,1.0,0.0,0.0,0.0
8,8,0.0,0.0,0.0,0.0,0.0,0.0,0.0,0.0,1.0,0.0,0.0,0.0
8,8,0.0,0.0,0.0,0.0,0.0,0.0,0.0,0.0,1.0,0.0,0.0,0.0
8,8,0.0,0.0,0.0,0.0,0.0,0.0,0.0,0.0,1.0,0.0,0.0,0.0
8,8,0.0,0.0,0.0,0.0,0.0,0.0,0.0,0.0,1.0,0.0,0.0,0.0
8,8,0.0,0.0,0.0,0.0,0.0,0.0,0.0,0.0,1.0,0.0,0.0,0.0
8,8,0.0,0.0,0.0,0.0,0.0,0.0,0.0,0.0,1.0,0.0,0.0,0.0
8,8,0.0,0.0,0.0,0.0,0.0,0.0,0.0,0.0,1.0,0.0,0.0,0.0
8,8,0.0,0.0,0.0,0.0,0.0,0.0,0.0,0.0,1.0,0.0,0.0,0.0
8,8,0.0,0.0,0.0,0.0,0.0,0.0,0.0,0.0,1.0,0.0,0.0,0.0
8,8,0.0,0.0,0.0,0.0,0.0,0.0,0.0,0.0,1.0,0.0,0.0,0.0
8,8,0.0,0.0,0.0,0.0,0.0,0.0,0.0,0.0,1.0,0.0,0.0,0.0
8,8,0.0,0.0,0.0,0.0,0.0,0.0,0.0,0.0,1.0,0.0,0.0,0.0
8,8,0.0,0.0,0.0,0.0,0.0,0.0,0.0,0.0,1.0,0.0,0.0,0.0
8,8,0.0,0.0,0.0,0.0,0.0,0.0,0.0,0.0,1.0,0.0,0.0,0.0
8,8,0.0,0.0,0.0,0.0,0.0,0.0,0.0,0.0,1.0,0.0,0.0,0.0
8,8,0.0,0.0,0.0,0.0,0.0,0.0,0.0,0.0,1.0,0.0,0.0,0.0
8,8,0.0,0.0,0.0,0.0,0.0,0.0,0.0,0.0,1.0,0.0,0.0,0.0
8,8,0.0,0.0,0.0,0.0,0.0,0.0,0.0,0.0,1.0,0.0,0.0,0.0
8,8,0.0,0.0,0.0,0.0,0.0,0.0,0.0,0.0,1.0,0.0,0.0,0.0
8,8,0.0,0.0,0.0,0.0,0.0,0.0,0.0,0.0,1.0,0.0,0.0,0.0
8,8,0.0,0.0,0.0,0.0,0.0,0.0,0.0,0.0,1.0,0.0,0.0,0.0
8,8,0.0,0.0,0.0,0.0,0.0,0.0,0.0,0.0,1.0,0.0,0.0,0.0
8,8,0.0,0.0,0.0,0.0,0.0,0.0,0.0,0.0,1.0,0.0,0.0,0.0
8,8,0.0,0.0,0.0,0.0,0.0,0.0,0.0,0.0,1.0,0.0,0.0,0.0
8,8,0.0,0.0,0.0,0.0,0.0,0.0,0.0,0.0,1.0,0.0,0.0,0.0
8,8,0.0,0.0,0.0,0.0,0.0,0.0,0.0,0.0,1.0,0.0,0.0,0.0
8,8,0.0,0.0,0.0,0.0,0.0,0.0,0.0,0.0,1.0,0.0,0.0,0.0
8,8,0.0,0.0,0.0,0.0,0.0,0.0,0.0,0.0,1.0,0.0,0.0,0.0
8,8,0.0,0.0,0.0,0.0,0.0,0.0,0.0,0.0,1.0,0.0,0.0,0.0
8,8,0.0,0.0,0.0,0.0,0.0,0.0,0.0,0.0,1.0,0.0,0.0,0.0
8,8,0.0,0.0,0.0,0.0,0.0,0.0,0.0,0.0,1.0,0.0,0.0,0.0
8,8,0.0,0.0,0.0,0.0,0.0,0.0,0.0,0.0,1.0,0.0,0.0,0.0
8,8,0.0,0.0,0.0,0.0,0.0,0.0,0.0,0.0,1.0,0.0,0.0,0.0
8,8,0.0,0.0,0.0,0.0,0.0,0.0,0.0,0.0,1.0,0.0,0.0,0.0
8,8,0.0,0.0,0.0,0.0,0.0,0.0,0.0,0.0,1.0,0.0,0.0,0.0
8,8,0.0,0.0,0.0,0.0,0.0,0.0,0.0,0.0,1.0,0.0,0.0,0.0
8,8,0.0,0.0,0.0,0.0,0.0,0.0,0.0,0.0,1.0,0.0,0.0,0.0
8,8,0.0,0.0,0.0,0.0,0.0,0.0,0.0,0.0,1.0,0.0,0.0,0.0
8,8,0.0,0.0,0.0,0.0,0.0,0.0,0.0,0.0,1.0,0.0,0.0,0.0
8,8,0.0,0.0,0.0,0.0,0.0,0.0,0.0,0.0,1.0,0.0,0.0,0.0
8,8,0.0,0.0,0.0,0.0,0.0,0.0,0.0,0.0,1.0,0.0,0.0,0.0
8,8,0.0,0.0,0.0,0.0,0.0,0.0,0.0,0.0,1.0,0.0,0.0,0.0
8,8,0.0,0.0,0.0,0.0,0.0,0.0,0.0,0.0,1.0,0.0,0.0,0.0
8,8,0.0,0.0,0.0,0.0,0.0,0.0,0.0,0.0,1.0,0.0,0.0,0.0
8,8,0.0,0.0,0.0,0.0,0.0,0.0,0.0,0.0,1.0,0.0,0.0,0.0
8,8,0.0,0.0,0.0,0.0,0.0,0.0,0.0,0.0,1.0,0.0,0.0,0.0
8,8,0.0,0.0,0.0,0.0,0.0,0.0,0.0,0.0,1.0,0.0,0.0,0.0
8,8,0.0,0.0,0.0,0.0,0.0,0.0,0.0,0.0,1.0,0.0,0.0,0.0
8,8,0.0,0.0,0.0,0.0,0.0,0.0,0.0,0.0,1.0,0.0,0.0,0.0
8,8,0.0,0.0,0.0,0.0,0.0,0.0,0.0,0.0,1.0,0.0,0.0,0.0
8,8,0.0,0.0,0.0,0.0,0.0,0.0,0.0,0.0,1.0,0.0,0.0,0.0
8,8,0.0,0.0,0.0,0.0,0.0,0.0,0.0,0.0,1.0,0.0,0.0,0.0
8,8,0.0,0.0,0.0,0.0,0.0,0.0,0.0,0.0,1.0,0.0,0.0,0.0
8,8,0.0,0.0,0.0,0.0,0.0,0.0,0.0,0.0,1.0,0.0,0.0,0.0
8,8,0.0,0.0,0.0,0.0,0.0,0.0,0.0,0.0,1.0,0.0,0.0,0.0
8,8,0.0,0.0,0.0,0.0,0.0,0.0,0.0,0.0,1.0,0.0,0.0,0.0
8,8,0.0,0.0,0.0,0.0,0.0,0.0,0.0,0.0,1.0,0.0,0.0,0.0
8,8,0.0,0.0,0.0,0.0,0.0,0.0,0.0,0.0,1.0,0.0,0.0,0.0
8,8,0.0,0.0,0.0,0.0,0.0,0.0,0.0,0.0,1.0,0.0,0.0,0.0
8,8,0.0,0.0,0.0,0.0,0.0,0.0,0.0,0.0,1.0,0.0,0.0,0.0
8,8,0.0,0.0,0.0,0.0,0.0,0.0,0.0,0.0,1.0,0.0,0.0,0.0
8,8,0.0,0.0,0.0,0.0,0.0,0.0,0.0,0.0,1.0,0.0,0.0,0.0
8,8,0.0,0.0,0.0,0.0,0.0,0.0,0.0,0.0,1.0,0.0,0.0,0.0
8,8,0.0,0.0,0.0,0.0,0.0,0.0,0.0,0.0,1.0,0.0,0.0,0.0
8,8,0.0,0.0,0.0,0.0,0.0,0.0,0.0,0.0,1.0,0.0,0.0,0.0
8,8,0.0,0.0,0.0,0.0,0.0,0.0,0.0,0.0,1.0,0.0,0.0,0.0
8,8,0.0,0.0,0.0,0.0,0.0,0.0,0.0,0.0,1.0,0.0,0.0,0.0
8,8,0.0,0.0,0.0,0.0,0.0,0.0,0.0,0.0,1.0,0.0,0.0,0.0
8,8,0.0,0.0,0.0,0.0,0.0,0.0,0.0,0.0,1.0,0.0,0.0,0.0
8,8,0.0,0.0,0.0,0.0,0.0,0.0,0.0,0.0,1.0,0.0,0.0,0.0
8,8,0.0,0.0,0.0,0.0,0.0,0.0,0.0,0.0,1.0,0.0,0.0,0.0
8,8,0.0,0.0,0.0,0.0,0.0,0.0,0.0,0.0,1.0,0.0,0.0,0.0
8,8,0.0,0.0,0.0,0.0,0.0,0.0,0.0,0.0,1.0,0.0,0.0,0.0
8,8,0.0,0.0,0.0,0.0,0.0,0.0,0.0,0.0,1.0,0.0,0.0,0.0
8,8,0.0,0.0,0.0,0.0,0.0,0.0,0.0,0.0,1.0,0.0,0.0,0.0
8,8,0.0,0.0,0.0,0.0,0.0,0.0,0.0,0.0,1.0,0.0,0.0,0.0
8,8,0.0,0.0,0.0,0.0,0.0,0.0,0.0,0.0,1.0,0.0,0.0,0.0
8,8,0.0,0.0,0.0,0.0,0.0,0.0,0.0,0.0,1.0,0.0,0.0,0.0
8,8,0.0,0.0,0.0,0.0,0.0,0.0,0.0,0.0,1.0,0.0,0.0,0.0
8,8,0.0,0.0,0.0,0.0,0.0,0.0,0.0,0.0,1.0,0.0,0.0,0.0
8,8,0.0,0.0,0.0,0.0,0.0,0.0,0.0,0.0,1.0,0.0,0.0,0.0
8,8,0.0,0.0,0.0,0.0,0.0,0.0,0.0,0.0,1.0,0.0,0.0,0.0
8,8,0.0,0.0,0.0,0.0,0.0,0.0,0.0,0.0,1.0,0.0,0.0,0.0
8,8,0.0,0.0,0.0,0.0,0.0,0.0,0.0,0.0,1.0,0.0,0.0,0.0
8,8,0.0,0.0,0.0,0.0,0.0,0.0,0.0,0.0,1.0,0.0,0.0,0.0
8,8,0.0,0.0,0.0,0.0,0.0,0.0,0.0,0.0,1.0,0.0,0.0,0.0
8,8,0.0,0.0,0.0,0.0,0.0,0.0,0.0,0.0,1.0,0.0,0.0,0.0
8,8,0.0,0.0,0.0,0.0,0.0,0.0,0.0,0.0,1.0,0.0,0.0,0.0
8,8,0.0,0.0,0.0,0.0,0.0,0.0,0.0,0.0,1.0,0.0,0.0,0.0
8,8,0.0,0.0,0.0,0.0,0.0,0.0,0.0,0.0,1.0,0.0,0.0,0.0
8,8,0.0,0.0,0.0,0.0,0.0,0.0,0.0,0.0,1.0,0.0,0.0,0.0
8,8,0.0,0.0,0.0,0.0,0.0,0.0,0.0,0.0,1.0,0.0,0.0,0.0
8,8,0.0,0.0,0.0,0.0,0.0,0.0,0.0,0.0,1.0,0.0,0.0,0.0
8,8,0.0,0.0,0.0,0.0,0.0,0.0,0.0,0.0,1.0,0.0,0.0,0.0
8,8,0.0,0.0,0.0,0.0,0.0,0.0,0.0,0.0,1.0,0.0,0.0,0.0
8,8,0.0,0.0,0.0,0.0,0.0,0.0,0.0,0.0,1.0,0.0,0.0,0.0
8,8,0.0,0.0,0.0,0.0,0.0,0.0,0.0,0.0,1.0,0.0,0.0,0.0
8,8,0.0,0.0,0.0,0.0,0.0,0.0,0.0,0.0,1.0,0.0,0.0,0.0
8,8,0.0,0.0,0.0,0.0,0.0,0.0,0.0,0.0,1.0,0.0,0.0,0.0
8,8,0.0,0.0,0.0,0.0,0.0,0.0,0.0,0.0,1.0,0.0,0.0,0.0
8,8,0.0,0.0,0.0,0.0,0.0,0.0,0.0,0.0,1.0,0.0,0.0,0.0
8,8,0.0,0.0,0.0,0.0,0.0,0.0,0.0,0.0,1.0,0.0,0.0,0.0
8,8,0.0,0.0,0.0,0.0,0.0,0.0,0.0,0.0,1.0,0.0,0.0,0.0
8,8,0.0,0.0,0.0,0.0,0.0,0.0,0.0,0.0,1.0,0.0,0.0,0.0
8,8,0.0,0.0,0.0,0.0,0.0,0.0,0.0,0.0,1.0,0.0,0.0,0.0
8,8,0.0,0.0,0.0,0.0,0.0,0.0,0.0,0.0,1.0,0.0,0.0,0.0
8,8,0.0,0.0,0.0,0.0,0.0,0.0,0.0,0.0,1.0,0.0,0.0,0.0
8,8,0.0,0.0,0.0,0.0,0.0,0.0,0.0,0.0,1.0,0.0,0.0,0.0
8,8,0.0,0.0,0.0,0.0,0.0,0.0,0.0,0.0,1.0,0.0,0.0,0.0
8,8,0.0,0.0,0.0,0.0,0.0,0.0,0.0,0.0,1.0,0.0,0.0,0.0
8,8,0.0,0.0,0.0,0.0,0.0,0.0,0.0,0.0,1.0,0.0,0.0,0.0
8,8,0.0,0.0,0.0,0.0,0.0,0.0,0.0,0.0,1.0,0.0,0.0,0.0
8,8,0.0,0.0,0.0,0.0,0.0,0.0,0.0,0.0,1.0,0.0,0.0,0.0
8,8,0.0,0.0,0.0,0.0,0.0,0.0,0.0,0.0,1.0,0.0,0.0,0.0
8,8,0.0,0.0,0.0,0.0,0.0,0.0,0.0,0.0,1.0,0.0,0.0,0.0
8,8,0.0,0.0,0.0,0.0,0.0,0.0,0.0,0.0,1.0,0.0,0.0,0.0
8,8,0.0,0.0,0.0,0.0,0.0,0.0,0.0,0.0,1.0,0.0,0.0,0.0
8,8,0.0,0.0,0.0,0.0,0.0,0.0,0.0,0.0,1.0,0.0,0.0,0.0
8,8,0.0,0.0,0.0,0.0,0.0,0.0,0.0,0.0,1.0,0.0,0.0,0.0
8,8,0.0,0.0,0.0,0.0,0.0,0.0,0.0,0.0,1.0,0.0,0.0,0.0
8,8,0.0,0.0,0.0,0.0,0.0,0.0,0.0,0.0,1.0,0.0,0.0,0.0
8,8,0.0,0.0,0.0,0.0,0.0,0.0,0.0,0.0,1.0,0.0,0.0,0.0
8,8,0.0,0.0,0.0,0.0,0.0,0.0,0.0,0.0,1.0,0.0,0.0,0.0
8,8,0.0,0.0,0.0,0.0,0.0,0.0,0.0,0.0,1.0,0.0,0.0,0.0
8,8,0.0,0.0,0.0,0.0,0.0,0.0,0.0,0.0,1.0,0.0,0.0,0.0
8,8,0.0,0.0,0.0,0.0,0.0,0.0,0.0,0.0,1.0,0.0,0.0,0.0
8,8,0.0,0.0,0.0,0.0,0.0,0.0,0.0,0.0,1.0,0.0,0.0,0.0
8,8,0.0,0.0,0.0,0.0,0.0,0.0,0.0,0.0,1.0,0.0,0.0,0.0
8,8,0.0,0.0,0.0,0.0,0.0,0.0,0.0,0.0,1.0,0.0,0.0,0.0
8,8,0.0,0.0,0.0,0.0,0.0,0.0,0.0,0.0,1.0,0.0,0.0,0.0
8,8,0.0,0.0,0.0,0.0,0.0,0.0,0.0,0.0,1.0,0.0,0.0,0.0
8,8,0.0,0.0,0.0,0.0,0.0,0.0,0.0,0.0,1.0,0.0,0.0,0.0
8,8,0.0,0.0,0.0,0.0,0.0,0.0,0.0,0.0,1.0,0.0,0.0,0.0
8,8,0.0,0.0,0.0,0.0,0.0,0.0,0.0,0.0,1.0,0.0,0.0,0.0
8,8,0.0,0.0,0.0,0.0,0.0,0.0,0.0,0.0,1.0,0.0,0.0,0.0
8,8,0.0,0.0,0.0,0.0,0.0,0.0,0.0,0.0,1.0,0.0,0.0,0.0
8,8,0.0,0.0,0.0,0.0,0.0,0.0,0.0,0.0,1.0,0.0,0.0,0.0
8,8,0.0,0.0,0.0,0.0,0.0,0.0,0.0,0.0,1.0,0.0,0.0,0.0
8,8,0.0,0.0,0.0,0.0,0.0,0.0,0.0,0.0,1.0,0.0,0.0,0.0
8,8,0.0,0.0,0.0,0.0,0.0,0.0,0.0,0.0,1.0,0.0,0.0,0.0
8,8,0.0,0.0,0.0,0.0,0.0,0.0,0.0,0.0,1.0,0.0,0.0,0.0
8,8,0.0,0.0,0.0,0.0,0.0,0.0,0.0,0.0,1.0,0.0,0.0,0.0
8,8,0.0,0.0,0.0,0.0,0.0,0.0,0.0,0.0,1.0,0.0,0.0,0.0
8,8,0.0,0.0,0.0,0.0,0.0,0.0,0.0,0.0,1.0,0.0,0.0,0.0
8,8,0.0,0.0,0.0,0.0,0.0,0.0,0.0,0.0,1.0,0.0,0.0,0.0
8,8,0.0,0.0,0.0,0.0,0.0,0.0,0.0,0.0,1.0,0.0,0.0,0.0
8,8,0.0,0.0,0.0,0.0,0.0,0.0,0.0,0.0,1.0,0.0,0.0,0.0
8,8,0.0,0.0,0.0,0.0,0.0,0.0,0.0,0.0,1.0,0.0,0.0,0.0
8,8,0.0,0.0,0.0,0.0,0.0,0.0,0.0,0.0,1.0,0.0,0.0,0.0
8,8,0.0,0.0,0.0,0.0,0.0,0.0,0.0,0.0,1.0,0.0,0.0,0.0
8,8,0.0,0.0,0.0,0.0,0.0,0.0,0.0,0.0,1.0,0.0,0.0,0.0
8,8,0.0,0.0,0.0,0.0,0.0,0.0,0.0,0.0,1.0,0.0,0.0,0.0
8,8,0.0,0.0,0.0,0.0,0.0,0.0,0.0,0.0,1.0,0.0,0.0,0.0
8,8,0.0,0.0,0.0,0.0,0.0,0.0,0.0,0.0,1.0,0.0,0.0,0.0
8,8,0.0,0.0,0.0,0.0,0.0,0.0,0.0,0.0,1.0,0.0,0.0,0.0
8,8,0.0,0.0,0.0,0.0,0.0,0.0,0.0,0.0,1.0,0.0,0.0,0.0
8,8,0.0,0.0,0.0,0.0,0.0,0.0,0.0,0.0,1.0,0.0,0.0,0.0
8,8,0.0,0.0,0.0,0.0,0.0,0.0,0.0,0.0,1.0,0.0,0.0,0.0
8,8,0.0,0.0,0.0,0.0,0.0,0.0,0.0,0.0,1.0,0.0,0.0,0.0
8,8,0.0,0.0,0.0,0.0,0.0,0.0,0.0,0.0,1.0,0.0,0.0,0.0
8,8,0.0,0.0,0.0,0.0,0.0,0.0,0.0,0.0,1.0,0.0,0.0,0.0
8,8,0.0,0.0,0.0,0.0,0.0,0.0,0.0,0.0,1.0,0.0,0.0,0.0
8,8,0.0,0.0,0.0,0.0,0.0,0.0,0.0,0.0,1.0,0.0,0.0,0.0
8,8,0.0,0.0,0.0,0.0,0.0,0.0,0.0,0.0,1.0,0.0,0.0,0.0
8,8,0.0,0.0,0.0,0.0,0.0,0.0,0.0,0.0,1.0,0.0,0.0,0.0
8,8,0.0,0.0,0.0,0.0,0.0,0.0,0.0,0.0,1.0,0.0,0.0,0.0
8,8,0.0,0.0,0.0,0.0,0.0,0.0,0.0,0.0,1.0,0.0,0.0,0.0
8,8,0.0,0.0,0.0,0.0,0.0,0.0,0.0,0.0,1.0,0.0,0.0,0.0
8,8,0.0,0.0,0.0,0.0,0.0,0.0,0.0,0.0,1.0,0.0,0.0,0.0
8,8,0.0,0.0,0.0,0.0,0.0,0.0,0.0,0.0,1.0,0.0,0.0,0.0
8,8,0.0,0.0,0.0,0.0,0.0,0.0,0.0,0.0,1.0,0.0,0.0,0.0
8,8,0.0,0.0,0.0,0.0,0.0,0.0,0.0,0.0,1.0,0.0,0.0,0.0
8,8,0.0,0.0,0.0,0.0,0.0,0.0,0.0,0.0,1.0,0.0,0.0,0.0
8,8,0.0,0.0,0.0,0.0,0.0,0.0,0.0,0.0,1.0,0.0,0.0,0.0
8,8,0.0,0.0,0.0,0.0,0.0,0.0,0.0,0.0,1.0,0.0,0.0,0.0
8,8,0.0,0.0,0.0,0.0,0.0,0.0,0.0,0.0,1.0,0.0,0.0,0.0
8,8,0.0,0.0,0.0,0.0,0.0,0.0,0.0,0.0,1.0,0.0,0.0,0.0
8,8,0.0,0.0,0.0,0.0,0.0,0.0,0.0,0.0,1.0,0.0,0.0,0.0
8,8,0.0,0.0,0.0,0.0,0.0,0.0,0.0,0.0,1.0,0.0,0.0,0.0
8,8,0.0,0.0,0.0,0.0,0.0,0.0,0.0,0.0,1.0,0.0,0.0,0.0
8,8,0.0,0.0,0.0,0.0,0.0,0.0,0.0,0.0,1.0,0.0,0.0,0.0
8,8,0.0,0.0,0.0,0.0,0.0,0.0,0.0,0.0,1.0,0.0,0.0,0.0
8,8,0.0,0.0,0.0,0.0,0.0,0.0,0.0,0.0,1.0,0.0,0.0,0.0
8,8,0.0,0.0,0.0,0.0,0.0,0.0,0.0,0.0,1.0,0.0,0.0,0.0
8,8,0.0,0.0,0.0,0.0,0.0,0.0,0.0,0.0,1.0,0.0,0.0,0.0
8,8,0.0,0.0,0.0,0.0,0.0,0.0,0.0,0.0,1.0,0.0,0.0,0.0
8,8,0.0,0.0,0.0,0.0,0.0,0.0,0.0,0.0,1.0,0.0,0.0,0.0
8,8,0.0,0.0,0.0,0.0,0.0,0.0,0.0,0.0,1.0,0.0,0.0,0.0
8,8,0.0,0.0,0.0,0.0,0.0,0.0,0.0,0.0,1.0,0.0,0.0,0.0
8,8,0.0,0.0,0.0,0.0,0.0,0.0,0.0,0.0,1.0,0.0,0.0,0.0
8,8,0.0,0.0,0.0,0.0,0.0,0.0,0.0,0.0,1.0,0.0,0.0,0.0
8,8,0.0,0.0,0.0,0.0,0.0,0.0,0.0,0.0,1.0,0.0,0.0,0.0
8,8,0.0,0.0,0.0,0.0,0.0,0.0,0.0,0.0,1.0,0.0,0.0,0.0
8,8,0.0,0.0,0.0,0.0,0.0,0.0,0.0,0.0,1.0,0.0,0.0,0.0
8,8,0.0,0.0,0.0,0.0,0.0,0.0,0.0,0.0,1.0,0.0,0.0,0.0
8,8,0.0,0.0,0.0,0.0,0.0,0.0,0.0,0.0,1.0,0.0,0.0,0.0
8,8,0.0,0.0,0.0,0.0,0.0,0.0,0.0,0.0,1.0,0.0,0.0,0.0
8,8,0.0,0.0,0.0,0.0,0.0,0.0,0.0,0.0,1.0,0.0,0.0,0.0
8,8,0.0,0.0,0.0,0.0,0.0,0.0,0.0,0.0,1.0,0.0,0.0,0.0
8,8,0.0,0.0,0.0,0.0,0.0,0.0,0.0,0.0,1.0,0.0,0.0,0.0
8,8,0.0,0.0,0.0,0.0,0.0,0.0,0.0,0.0,1.0,0.0,0.0,0.0
8,8,0.0,0.0,0.0,0.0,0.0,0.0,0.0,0.0,1.0,0.0,0.0,0.0
8,8,0.0,0.0,0.0,0.0,0.0,0.0,0.0,0.0,1.0,0.0,0.0,0.0
8,8,0.0,0.0,0.0,0.0,0.0,0.0,0.0,0.0,1.0,0.0,0.0,0.0
8,8,0.0,0.0,0.0,0.0,0.0,0.0,0.0,0.0,1.0,0.0,0.0,0.0
8,8,0.0,0.0,0.0,0.0,0.0,0.0,0.0,0.0,1.0,0.0,0.0,0.0
8,8,0.0,0.0,0.0,0.0,0.0,0.0,0.0,0.0,1.0,0.0,0.0,0.0
8,8,0.0,0.0,0.0,0.0,0.0,0.0,0.0,0.0,1.0,0.0,0.0,0.0
8,8,0.0,0.0,0.0,0.0,0.0,0.0,0.0,0.0,1.0,0.0,0.0,0.0
8,8,0.0,0.0,0.0,0.0,0.0,0.0,0.0,0.0,1.0,0.0,0.0,0.0
8,8,0.0,0.0,0.0,0.0,0.0,0.0,0.0,0.0,1.0,0.0,0.0,0.0
8,8,0.0,0.0,0.0,0.0,0.0,0.0,0.0,0.0,1.0,0.0,0.0,0.0
8,8,0.0,0.0,0.0,0.0,0.0,0.0,0.0,0.0,1.0,0.0,0.0,0.0
8,8,0.0,0.0,0.0,0.0,0.0,0.0,0.0,0.0,1.0,0.0,0.0,0.0
8,8,0.0,0.0,0.0,0.0,0.0,0.0,0.0,0.0,1.0,0.0,0.0,0.0
8,8,0.0,0.0,0.0,0.0,0.0,0.0,0.0,0.0,1.0,0.0,0.0,0.0
8,8,0.0,0.0,0.0,0.0,0.0,0.0,0.0,0.0,1.0,0.0,0.0,0.0
8,8,0.0,0.0,0.0,0.0,0.0,0.0,0.0,0.0,1.0,0.0,0.0,0.0
8,8,0.0,0.0,0.0,0.0,0.0,0.0,0.0,0.0,1.0,0.0,0.0,0.0
8,8,0.0,0.0,0.0,0.0,0.0,0.0,0.0,0.0,1.0,0.0,0.0,0.0
8,8,0.0,0.0,0.0,0.0,0.0,0.0,0.0,0.0,1.0,0.0,0.0,0.0
8,8,0.0,0.0,0.0,0.0,0.0,0.0,0.0,0.0,1.0,0.0,0.0,0.0
8,8,0.0,0.0,0.0,0.0,0.0,0.0,0.0,0.0,1.0,0.0,0.0,0.0
8,8,0.0,0.0,0.0,0.0,0.0,0.0,0.0,0.0,1.0,0.0,0.0,0.0
8,8,0.0,0.0,0.0,0.0,0.0,0.0,0.0,0.0,1.0,0.0,0.0,0.0
8,8,0.0,0.0,0.0,0.0,0.0,0.0,0.0,0.0,1.0,0.0,0.0,0.0
8,8,0.0,0.0,0.0,0.0,0.0,0.0,0.0,0.0,1.0,0.0,0.0,0.0
8,8,0.0,0.0,0.0,0.0,0.0,0.0,0.0,0.0,1.0,0.0,0.0,0.0
8,8,0.0,0.0,0.0,0.0,0.0,0.0,0.0,0.0,1.0,0.0,0.0,0.0
8,8,0.0,0.0,0.0,0.0,0.0,0.0,0.0,0.0,1.0,0.0,0.0,0.0
8,8,0.0,0.0,0.0,0.0,0.0,0.0,0.0,0.0,1.0,0.0,0.0,0.0
8,8,0.0,0.0,0.0,0.0,0.0,0.0,0.0,0.0,1.0,0.0,0.0,0.0
8,8,0.0,0.0,0.0,0.0,0.0,0.0,0.0,0.0,1.0,0.0,0.0,0.0
8,8,0.0,0.0,0.0,0.0,0.0,0.0,0.0,0.0,1.0,0.0,0.0,0.0
8,8,0.0,0.0,0.0,0.0,0.0,0.0,0.0,0.0,1.0,0.0,0.0,0.0
8,8,0.0,0.0,0.0,0.0,0.0,0.0,0.0,0.0,1.0,0.0,0.0,0.0
8,8,0.0,0.0,0.0,0.0,0.0,0.0,0.0,0.0,1.0,0.0,0.0,0.0
8,8,0.0,0.0,0.0,0.0,0.0,0.0,0.0,0.0,1.0,0.0,0.0,0.0
8,8,0.0,0.0,0.0,0.0,0.0,0.0,0.0,0.0,1.0,0.0,0.0,0.0
8,8,0.0,0.0,0.0,0.0,0.0,0.0,0.0,0.0,1.0,0.0,0.0,0.0
8,8,0.0,0.0,0.0,0.0,0.0,0.0,0.0,0.0,1.0,0.0,0.0,0.0
8,8,0.0,0.0,0.0,0.0,0.0,0.0,0.0,0.0,1.0,0.0,0.0,0.0
8,8,0.0,0.0,0.0,0.0,0.0,0.0,0.0,0.0,1.0,0.0,0.0,0.0
8,8,0.0,0.0,0.0,0.0,0.0,0.0,0.0,0.0,1.0,0.0,0.0,0.0
8,8,0.0,0.0,0.0,0.0,0.0,0.0,0.0,0.0,1.0,0.0,0.0,0.0
8,8,0.0,0.0,0.0,0.0,0.0,0.0,0.0,0.0,1.0,0.0,0.0,0.0
8,8,0.0,0.0,0.0,0.0,0.0,0.0,0.0,0.0,1.0,0.0,0.0,0.0
8,8,0.0,0.0,0.0,0.0,0.0,0.0,0.0,0.0,1.0,0.0,0.0,0.0
8,8,0.0,0.0,0.0,0.0,0.0,0.0,0.0,0.0,1.0,0.0,0.0,0.0
8,8,0.0,0.0,0.0,0.0,0.0,0.0,0.0,0.0,1.0,0.0,0.0,0.0
8,8,0.0,0.0,0.0,0.0,0.0,0.0,0.0,0.0,1.0,0.0,0.0,0.0
8,8,0.0,0.0,0.0,0.0,0.0,0.0,0.0,0.0,1.0,0.0,0.0,0.0
8,8,0.0,0.0,0.0,0.0,0.0,0.0,0.0,0.0,1.0,0.0,0.0,0.0
8,8,0.0,0.0,0.0,0.0,0.0,0.0,0.0,0.0,1.0,0.0,0.0,0.0
8,8,0.0,0.0,0.0,0.0,0.0,0.0,0.0,0.0,1.0,0.0,0.0,0.0
8,8,0.0,0.0,0.0,0.0,0.0,0.0,0.0,0.0,1.0,0.0,0.0,0.0
8,8,0.0,0.0,0.0,0.0,0.0,0.0,0.0,0.0,1.0,0.0,0.0,0.0
8,8,0.0,0.0,0.0,0.0,0.0,0.0,0.0,0.0,1.0,0.0,0.0,0.0
8,8,0.0,0.0,0.0,0.0,0.0,0.0,0.0,0.0,1.0,0.0,0.0,0.0
8,8,0.0,0.0,0.0,0.0,0.0,0.0,0.0,0.0,1.0,0.0,0.0,0.0
8,8,0.0,0.0,0.0,0.0,0.0,0.0,0.0,0.0,1.0,0.0,0.0,0.0
8,8,0.0,0.0,0.0,0.0,0.0,0.0,0.0,0.0,1.0,0.0,0.0,0.0
8,8,0.0,0.0,0.0,0.0,0.0,0.0,0.0,0.0,1.0,0.0,0.0,0.0
8,8,0.0,0.0,0.0,0.0,0.0,0.0,0.0,0.0,1.0,0.0,0.0,0.0
8,8,0.0,0.0,0.0,0.0,0.0,0.0,0.0,0.0,1.0,0.0,0.0,0.0
8,8,0.0,0.0,0.0,0.0,0.0,0.0,0.0,0.0,1.0,0.0,0.0,0.0
8,8,0.0,0.0,0.0,0.0,0.0,0.0,0.0,0.0,1.0,0.0,0.0,0.0
8,8,0.0,0.0,0.0,0.0,0.0,0.0,0.0,0.0,1.0,0.0,0.0,0.0
8,8,0.0,0.0,0.0,0.0,0.0,0.0,0.0,0.0,1.0,0.0,0.0,0.0
8,8,0.0,0.0,0.0,0.0,0.0,0.0,0.0,0.0,1.0,0.0,0.0,0.0
8,8,0.0,0.0,0.0,0.0,0.0,0.0,0.0,0.0,1.0,0.0,0.0,0.0
8,8,0.0,0.0,0.0,0.0,0.0,0.0,0.0,0.0,1.0,0.0,0.0,0.0
8,8,0.0,0.0,0.0,0.0,0.0,0.0,0.0,0.0,1.0,0.0,0.0,0.0
8,8,0.0,0.0,0.0,0.0,0.0,0.0,0.0,0.0,1.0,0.0,0.0,0.0
8,8,0.0,0.0,0.0,0.0,0.0,0.0,0.0,0.0,1.0,0.0,0.0,0.0
8,8,0.0,0.0,0.0,0.0,0.0,0.0,0.0,0.0,1.0,0.0,0.0,0.0
8,8,0.0,0.0,0.0,0.0,0.0,0.0,0.0,0.0,1.0,0.0,0.0,0.0
8,8,0.0,0.0,0.0,0.0,0.0,0.0,0.0,0.0,1.0,0.0,0.0,0.0
8,8,0.0,0.0,0.0,0.0,0.0,0.0,0.0,0.0,1.0,0.0,0.0,0.0
8,8,0.0,0.0,0.0,0.0,0.0,0.0,0.0,0.0,1.0,0.0,0.0,0.0
8,8,0.0,0.0,0.0,0.0,0.0,0.0,0.0,0.0,1.0,0.0,0.0,0.0
8,8,0.0,0.0,0.0,0.0,0.0,0.0,0.0,0.0,1.0,0.0,0.0,0.0
8,8,0.0,0.0,0.0,0.0,0.0,0.0,0.0,0.0,1.0,0.0,0.0,0.0
8,8,0.0,0.0,0.0,0.0,0.0,0.0,0.0,0.0,1.0,0.0,0.0,0.0
8,8,0.0,0.0,0.0,0.0,0.0,0.0,0.0,0.0,1.0,0.0,0.0,0.0
8,8,0.0,0.0,0.0,0.0,0.0,0.0,0.0,0.0,1.0,0.0,0.0,0.0
8,8,0.0,0.0,0.0,0.0,0.0,0.0,0.0,0.0,1.0,0.0,0.0,0.0
8,8,0.0,0.0,0.0,0.0,0.0,0.0,0.0,0.0,1.0,0.0,0.0,0.0
8,8,0.0,0.0,0.0,0.0,0.0,0.0,0.0,0.0,1.0,0.0,0.0,0.0
8,8,0.0,0.0,0.0,0.0,0.0,0.0,0.0,0.0,1.0,0.0,0.0,0.0
8,8,0.0,0.0,0.0,0.0,0.0,0.0,0.0,0.0,1.0,0.0,0.0,0.0
8,8,0.0,0.0,0.0,0.0,0.0,0.0,0.0,0.0,1.0,0.0,0.0,0.0
8,8,0.0,0.0,0.0,0.0,0.0,0.0,0.0,0.0,1.0,0.0,0.0,0.0
8,8,0.0,0.0,0.0,0.0,0.0,0.0,0.0,0.0,1.0,0.0,0.0,0.0
8,8,0.0,0.0,0.0,0.0,0.0,0.0,0.0,0.0,1.0,0.0,0.0,0.0
8,8,0.0,0.0,0.0,0.0,0.0,0.0,0.0,0.0,1.0,0.0,0.0,0.0
8,8,0.0,0.0,0.0,0.0,0.0,0.0,0.0,0.0,1.0,0.0,0.0,0.0
8,8,0.0,0.0,0.0,0.0,0.0,0.0,0.0,0.0,1.0,0.0,0.0,0.0
8,8,0.0,0.0,0.0,0.0,0.0,0.0,0.0,0.0,1.0,0.0,0.0,0.0
8,8,0.0,0.0,0.0,0.0,0.0,0.0,0.0,0.0,1.0,0.0,0.0,0.0
8,8,0.0,0.0,0.0,0.0,0.0,0.0,0.0,0.0,1.0,0.0,0.0,0.0
8,8,0.0,0.0,0.0,0.0,0.0,0.0,0.0,0.0,1.0,0.0,0.0,0.0
8,8,0.0,0.0,0.0,0.0,0.0,0.0,0.0,0.0,1.0,0.0,0.0,0.0
8,8,0.0,0.0,0.0,0.0,0.0,0.0,0.0,0.0,1.0,0.0,0.0,0.0
8,8,0.0,0.0,0.0,0.0,0.0,0.0,0.0,0.0,1.0,0.0,0.0,0.0
8,8,0.0,0.0,0.0,0.0,0.0,0.0,0.0,0.0,1.0,0.0,0.0,0.0
8,8,0.0,0.0,0.0,0.0,0.0,0.0,0.0,0.0,1.0,0.0,0.0,0.0
8,8,0.0,0.0,0.0,0.0,0.0,0.0,0.0,0.0,1.0,0.0,0.0,0.0
8,8,0.0,0.0,0.0,0.0,0.0,0.0,0.0,0.0,1.0,0.0,0.0,0.0
8,8,0.0,0.0,0.0,0.0,0.0,0.0,0.0,0.0,1.0,0.0,0.0,0.0
8,8,0.0,0.0,0.0,0.0,0.0,0.0,0.0,0.0,1.0,0.0,0.0,0.0
8,8,0.0,0.0,0.0,0.0,0.0,0.0,0.0,0.0,1.0,0.0,0.0,0.0
8,8,0.0,0.0,0.0,0.0,0.0,0.0,0.0,0.0,1.0,0.0,0.0,0.0
8,8,0.0,0.0,0.0,0.0,0.0,0.0,0.0,0.0,1.0,0.0,0.0,0.0
8,8,0.0,0.0,0.0,0.0,0.0,0.0,0.0,0.0,1.0,0.0,0.0,0.0
8,8,0.0,0.0,0.0,0.0,0.0,0.0,0.0,0.0,1.0,0.0,0.0,0.0
8,8,0.0,0.0,0.0,0.0,0.0,0.0,0.0,0.0,1.0,0.0,0.0,0.0
8,8,0.0,0.0,0.0,0.0,0.0,0.0,0.0,0.0,1.0,0.0,0.0,0.0
8,8,0.0,0.0,0.0,0.0,0.0,0.0,0.0,0.0,1.0,0.0,0.0,0.0
8,8,0.0,0.0,0.0,0.0,0.0,0.0,0.0,0.0,1.0,0.0,0.0,0.0
8,8,0.0,0.0,0.0,0.0,0.0,0.0,0.0,0.0,1.0,0.0,0.0,0.0
8,8,0.0,0.0,0.0,0.0,0.0,0.0,0.0,0.0,1.0,0.0,0.0,0.0
8,8,0.0,0.0,0.0,0.0,0.0,0.0,0.0,0.0,1.0,0.0,0.0,0.0
8,8,0.0,0.0,0.0,0.0,0.0,0.0,0.0,0.0,1.0,0.0,0.0,0.0
8,8,0.0,0.0,0.0,0.0,0.0,0.0,0.0,0.0,1.0,0.0,0.0,0.0
8,8,0.0,0.0,0.0,0.0,0.0,0.0,0.0,0.0,1.0,0.0,0.0,0.0
8,8,0.0,0.0,0.0,0.0,0.0,0.0,0.0,0.0,1.0,0.0,0.0,0.0
8,8,0.0,0.0,0.0,0.0,0.0,0.0,0.0,0.0,1.0,0.0,0.0,0.0
8,8,0.0,0.0,0.0,0.0,0.0,0.0,0.0,0.0,1.0,0.0,0.0,0.0
8,8,0.0,0.0,0.0,0.0,0.0,0.0,0.0,0.0,1.0,0.0,0.0,0.0
8,8,0.0,0.0,0.0,0.0,0.0,0.0,0.0,0.0,1.0,0.0,0.0,0.0
8,8,0.0,0.0,0.0,0.0,0.0,0.0,0.0,0.0,1.0,0.0,0.0,0.0
8,8,0.0,0.0,0.0,0.0,0.0,0.0,0.0,0.0,1.0,0.0,0.0,0.0
8,8,0.0,0.0,0.0,0.0,0.0,0.0,0.0,0.0,1.0,0.0,0.0,0.0
8,8,0.0,0.0,0.0,0.0,0.0,0.0,0.0,0.0,1.0,0.0,0.0,0.0
8,8,0.0,0.0,0.0,0.0,0.0,0.0,0.0,0.0,1.0,0.0,0.0,0.0
8,8,0.0,0.0,0.0,0.0,0.0,0.0,0.0,0.0,1.0,0.0,0.0,0.0
8,8,0.0,0.0,0.0,0.0,0.0,0.0,0.0,0.0,1.0,0.0,0.0,0.0
8,8,0.0,0.0,0.0,0.0,0.0,0.0,0.0,0.0,1.0,0.0,0.0,0.0
8,8,0.0,0.0,0.0,0.0,0.0,0.0,0.0,0.0,1.0,0.0,0.0,0.0
8,8,0.0,0.0,0.0,0.0,0.0,0.0,0.0,0.0,1.0,0.0,0.0,0.0
8,8,0.0,0.0,0.0,0.0,0.0,0.0,0.0,0.0,1.0,0.0,0.0,0.0
8,8,0.0,0.0,0.0,0.0,0.0,0.0,0.0,0.0,1.0,0.0,0.0,0.0
8,8,0.0,0.0,0.0,0.0,0.0,0.0,0.0,0.0,1.0,0.0,0.0,0.0
8,8,0.0,0.0,0.0,0.0,0.0,0.0,0.0,0.0,1.0,0.0,0.0,0.0
8,8,0.0,0.0,0.0,0.0,0.0,0.0,0.0,0.0,1.0,0.0,0.0,0.0
8,8,0.0,0.0,0.0,0.0,0.0,0.0,0.0,0.0,1.0,0.0,0.0,0.0
8,8,0.0,0.0,0.0,0.0,0.0,0.0,0.0,0.0,1.0,0.0,0.0,0.0
8,8,0.0,0.0,0.0,0.0,0.0,0.0,0.0,0.0,1.0,0.0,0.0,0.0
8,8,0.0,0.0,0.0,0.0,0.0,0.0,0.0,0.0,1.0,0.0,0.0,0.0
8,8,0.0,0.0,0.0,0.0,0.0,0.0,0.0,0.0,1.0,0.0,0.0,0.0
8,8,0.0,0.0,0.0,0.0,0.0,0.0,0.0,0.0,1.0,0.0,0.0,0.0
8,8,0.0,0.0,0.0,0.0,0.0,0.0,0.0,0.0,1.0,0.0,0.0,0.0
8,8,0.0,0.0,0.0,0.0,0.0,0.0,0.0,0.0,1.0,0.0,0.0,0.0
8,8,0.0,0.0,0.0,0.0,0.0,0.0,0.0,0.0,1.0,0.0,0.0,0.0
8,8,0.0,0.0,0.0,0.0,0.0,0.0,0.0,0.0,1.0,0.0,0.0,0.0
8,8,0.0,0.0,0.0,0.0,0.0,0.0,0.0,0.0,1.0,0.0,0.0,0.0
8,8,0.0,0.0,0.0,0.0,0.0,0.0,0.0,0.0,1.0,0.0,0.0,0.0
8,8,0.0,0.0,0.0,0.0,0.0,0.0,0.0,0.0,1.0,0.0,0.0,0.0
8,8,0.0,0.0,0.0,0.0,0.0,0.0,0.0,0.0,1.0,0.0,0.0,0.0
8,8,0.0,0.0,0.0,0.0,0.0,0.0,0.0,0.0,1.0,0.0,0.0,0.0
8,8,0.0,0.0,0.0,0.0,0.0,0.0,0.0,0.0,1.0,0.0,0.0,0.0
8,8,0.0,0.0,0.0,0.0,0.0,0.0,0.0,0.0,1.0,0.0,0.0,0.0
8,8,0.0,0.0,0.0,0.0,0.0,0.0,0.0,0.0,1.0,0.0,0.0,0.0
8,8,0.0,0.0,0.0,0.0,0.0,0.0,0.0,0.0,1.0,0.0,0.0,0.0
8,8,0.0,0.0,0.0,0.0,0.0,0.0,0.0,0.0,1.0,0.0,0.0,0.0
8,8,0.0,0.0,0.0,0.0,0.0,0.0,0.0,0.0,1.0,0.0,0.0,0.0
8,8,0.0,0.0,0.0,0.0,0.0,0.0,0.0,0.0,1.0,0.0,0.0,0.0
8,8,0.0,0.0,0.0,0.0,0.0,0.0,0.0,0.0,1.0,0.0,0.0,0.0
8,8,0.0,0.0,0.0,0.0,0.0,0.0,0.0,0.0,1.0,0.0,0.0,0.0
8,8,0.0,0.0,0.0,0.0,0.0,0.0,0.0,0.0,1.0,0.0,0.0,0.0
8,8,0.0,0.0,0.0,0.0,0.0,0.0,0.0,0.0,1.0,0.0,0.0,0.0
8,8,0.0,0.0,0.0,0.0,0.0,0.0,0.0,0.0,1.0,0.0,0.0,0.0
8,8,0.0,0.0,0.0,0.0,0.0,0.0,0.0,0.0,1.0,0.0,0.0,0.0
8,8,0.0,0.0,0.0,0.0,0.0,0.0,0.0,0.0,1.0,0.0,0.0,0.0
8,8,0.0,0.0,0.0,0.0,0.0,0.0,0.0,0.0,1.0,0.0,0.0,0.0
8,8,0.0,0.0,0.0,0.0,0.0,0.0,0.0,0.0,1.0,0.0,0.0,0.0
8,8,0.0,0.0,0.0,0.0,0.0,0.0,0.0,0.0,1.0,0.0,0.0,0.0
8,8,0.0,0.0,0.0,0.0,0.0,0.0,0.0,0.0,1.0,0.0,0.0,0.0
8,8,0.0,0.0,0.0,0.0,0.0,0.0,0.0,0.0,1.0,0.0,0.0,0.0
8,8,0.0,0.0,0.0,0.0,0.0,0.0,0.0,0.0,1.0,0.0,0.0,0.0
8,8,0.0,0.0,0.0,0.0,0.0,0.0,0.0,0.0,1.0,0.0,0.0,0.0
8,8,0.0,0.0,0.0,0.0,0.0,0.0,0.0,0.0,1.0,0.0,0.0,0.0
8,8,0.0,0.0,0.0,0.0,0.0,0.0,0.0,0.0,1.0,0.0,0.0,0.0
8,8,0.0,0.0,0.0,0.0,0.0,0.0,0.0,0.0,1.0,0.0,0.0,0.0
8,8,0.0,0.0,0.0,0.0,0.0,0.0,0.0,0.0,1.0,0.0,0.0,0.0
8,8,0.0,0.0,0.0,0.0,0.0,0.0,0.0,0.0,1.0,0.0,0.0,0.0
8,8,0.0,0.0,0.0,0.0,0.0,0.0,0.0,0.0,1.0,0.0,0.0,0.0
8,8,0.0,0.0,0.0,0.0,0.0,0.0,0.0,0.0,1.0,0.0,0.0,0.0
8,8,0.0,0.0,0.0,0.0,0.0,0.0,0.0,0.0,1.0,0.0,0.0,0.0
8,8,0.0,0.0,0.0,0.0,0.0,0.0,0.0,0.0,1.0,0.0,0.0,0.0
8,8,0.0,0.0,0.0,0.0,0.0,0.0,0.0,0.0,1.0,0.0,0.0,0.0
8,8,0.0,0.0,0.0,0.0,0.0,0.0,0.0,0.0,1.0,0.0,0.0,0.0
8,8,0.0,0.0,0.0,0.0,0.0,0.0,0.0,0.0,1.0,0.0,0.0,0.0
8,8,0.0,0.0,0.0,0.0,0.0,0.0,0.0,0.0,1.0,0.0,0.0,0.0
8,8,0.0,0.0,0.0,0.0,0.0,0.0,0.0,0.0,1.0,0.0,0.0,0.0
8,8,0.0,0.0,0.0,0.0,0.0,0.0,0.0,0.0,1.0,0.0,0.0,0.0
8,8,0.0,0.0,0.0,0.0,0.0,0.0,0.0,0.0,1.0,0.0,0.0,0.0
8,8,0.0,0.0,0.0,0.0,0.0,0.0,0.0,0.0,1.0,0.0,0.0,0.0
8,8,0.0,0.0,0.0,0.0,0.0,0.0,0.0,0.0,1.0,0.0,0.0,0.0
8,8,0.0,0.0,0.0,0.0,0.0,0.0,0.0,0.0,1.0,0.0,0.0,0.0
8,8,0.0,0.0,0.0,0.0,0.0,0.0,0.0,0.0,1.0,0.0,0.0,0.0
8,8,0.0,0.0,0.0,0.0,0.0,0.0,0.0,0.0,1.0,0.0,0.0,0.0
8,8,0.0,0.0,0.0,0.0,0.0,0.0,0.0,0.0,1.0,0.0,0.0,0.0
8,8,0.0,0.0,0.0,0.0,0.0,0.0,0.0,0.0,1.0,0.0,0.0,0.0
8,8,0.0,0.0,0.0,0.0,0.0,0.0,0.0,0.0,1.0,0.0,0.0,0.0
8,8,0.0,0.0,0.0,0.0,0.0,0.0,0.0,0.0,1.0,0.0,0.0,0.0
8,8,0.0,0.0,0.0,0.0,0.0,0.0,0.0,0.0,1.0,0.0,0.0,0.0
8,8,0.0,0.0,0.0,0.0,0.0,0.0,0.0,0.0,1.0,0.0,0.0,0.0
8,8,0.0,0.0,0.0,0.0,0.0,0.0,0.0,0.0,1.0,0.0,0.0,0.0
8,8,0.0,0.0,0.0,0.0,0.0,0.0,0.0,0.0,1.0,0.0,0.0,0.0
8,8,0.0,0.0,0.0,0.0,0.0,0.0,0.0,0.0,1.0,0.0,0.0,0.0
8,8,0.0,0.0,0.0,0.0,0.0,0.0,0.0,0.0,1.0,0.0,0.0,0.0
8,8,0.0,0.0,0.0,0.0,0.0,0.0,0.0,0.0,1.0,0.0,0.0,0.0
8,8,0.0,0.0,0.0,0.0,0.0,0.0,0.0,0.0,1.0,0.0,0.0,0.0
8,8,0.0,0.0,0.0,0.0,0.0,0.0,0.0,0.0,1.0,0.0,0.0,0.0
8,8,0.0,0.0,0.0,0.0,0.0,0.0,0.0,0.0,1.0,0.0,0.0,0.0
8,8,0.0,0.0,0.0,0.0,0.0,0.0,0.0,0.0,1.0,0.0,0.0,0.0
8,8,0.0,0.0,0.0,0.0,0.0,0.0,0.0,0.0,1.0,0.0,0.0,0.0
8,8,0.0,0.0,0.0,0.0,0.0,0.0,0.0,0.0,1.0,0.0,0.0,0.0
8,8,0.0,0.0,0.0,0.0,0.0,0.0,0.0,0.0,1.0,0.0,0.0,0.0
8,8,0.0,0.0,0.0,0.0,0.0,0.0,0.0,0.0,1.0,0.0,0.0,0.0
8,8,0.0,0.0,0.0,0.0,0.0,0.0,0.0,0.0,1.0,0.0,0.0,0.0
8,8,0.0,0.0,0.0,0.0,0.0,0.0,0.0,0.0,1.0,0.0,0.0,0.0
8,8,0.0,0.0,0.0,0.0,0.0,0.0,0.0,0.0,1.0,0.0,0.0,0.0
8,8,0.0,0.0,0.0,0.0,0.0,0.0,0.0,0.0,1.0,0.0,0.0,0.0
8,8,0.0,0.0,0.0,0.0,0.0,0.0,0.0,0.0,1.0,0.0,0.0,0.0
8,8,0.0,0.0,0.0,0.0,0.0,0.0,0.0,0.0,1.0,0.0,0.0,0.0
8,8,0.0,0.0,0.0,0.0,0.0,0.0,0.0,0.0,1.0,0.0,0.0,0.0
8,8,0.0,0.0,0.0,0.0,0.0,0.0,0.0,0.0,1.0,0.0,0.0,0.0
8,8,0.0,0.0,0.0,0.0,0.0,0.0,0.0,0.0,1.0,0.0,0.0,0.0
8,8,0.0,0.0,0.0,0.0,0.0,0.0,0.0,0.0,1.0,0.0,0.0,0.0
8,8,0.0,0.0,0.0,0.0,0.0,0.0,0.0,0.0,1.0,0.0,0.0,0.0
8,8,0.0,0.0,0.0,0.0,0.0,0.0,0.0,0.0,1.0,0.0,0.0,0.0
8,8,0.0,0.0,0.0,0.0,0.0,0.0,0.0,0.0,1.0,0.0,0.0,0.0
8,8,0.0,0.0,0.0,0.0,0.0,0.0,0.0,0.0,1.0,0.0,0.0,0.0
8,8,0.0,0.0,0.0,0.0,0.0,0.0,0.0,0.0,1.0,0.0,0.0,0.0
8,8,0.0,0.0,0.0,0.0,0.0,0.0,0.0,0.0,1.0,0.0,0.0,0.0
8,8,0.0,0.0,0.0,0.0,0.0,0.0,0.0,0.0,1.0,0.0,0.0,0.0
8,8,0.0,0.0,0.0,0.0,0.0,0.0,0.0,0.0,1.0,0.0,0.0,0.0
8,8,0.0,0.0,0.0,0.0,0.0,0.0,0.0,0.0,1.0,0.0,0.0,0.0
8,8,0.0,0.0,0.0,0.0,0.0,0.0,0.0,0.0,1.0,0.0,0.0,0.0
8,8,0.0,0.0,0.0,0.0,0.0,0.0,0.0,0.0,1.0,0.0,0.0,0.0
8,8,0.0,0.0,0.0,0.0,0.0,0.0,0.0,0.0,1.0,0.0,0.0,0.0
8,8,0.0,0.0,0.0,0.0,0.0,0.0,0.0,0.0,1.0,0.0,0.0,0.0
8,8,0.0,0.0,0.0,0.0,0.0,0.0,0.0,0.0,1.0,0.0,0.0,0.0
8,8,0.0,0.0,0.0,0.0,0.0,0.0,0.0,0.0,1.0,0.0,0.0,0.0
8,8,0.0,0.0,0.0,0.0,0.0,0.0,0.0,0.0,1.0,0.0,0.0,0.0
8,8,0.0,0.0,0.0,0.0,0.0,0.0,0.0,0.0,1.0,0.0,0.0,0.0
8,8,0.0,0.0,0.0,0.0,0.0,0.0,0.0,0.0,1.0,0.0,0.0,0.0
8,8,0.0,0.0,0.0,0.0,0.0,0.0,0.0,0.0,1.0,0.0,0.0,0.0
8,8,0.0,0.0,0.0,0.0,0.0,0.0,0.0,0.0,1.0,0.0,0.0,0.0
8,8,0.0,0.0,0.0,0.0,0.0,0.0,0.0,0.0,1.0,0.0,0.0,0.0
8,8,0.0,0.0,0.0,0.0,0.0,0.0,0.0,0.0,1.0,0.0,0.0,0.0
8,8,0.0,0.0,0.0,0.0,0.0,0.0,0.0,0.0,1.0,0.0,0.0,0.0
8,8,0.0,0.0,0.0,0.0,0.0,0.0,0.0,0.0,1.0,0.0,0.0,0.0
8,8,0.0,0.0,0.0,0.0,0.0,0.0,0.0,0.0,1.0,0.0,0.0,0.0
8,8,0.0,0.0,0.0,0.0,0.0,0.0,0.0,0.0,1.0,0.0,0.0,0.0
8,8,0.0,0.0,0.0,0.0,0.0,0.0,0.0,0.0,1.0,0.0,0.0,0.0
8,8,0.0,0.0,0.0,0.0,0.0,0.0,0.0,0.0,1.0,0.0,0.0,0.0
8,8,0.0,0.0,0.0,0.0,0.0,0.0,0.0,0.0,1.0,0.0,0.0,0.0
8,8,0.0,0.0,0.0,0.0,0.0,0.0,0.0,0.0,1.0,0.0,0.0,0.0
8,8,0.0,0.0,0.0,0.0,0.0,0.0,0.0,0.0,1.0,0.0,0.0,0.0
8,8,0.0,0.0,0.0,0.0,0.0,0.0,0.0,0.0,1.0,0.0,0.0,0.0
8,8,0.0,0.0,0.0,0.0,0.0,0.0,0.0,0.0,1.0,0.0,0.0,0.0
8,8,0.0,0.0,0.0,0.0,0.0,0.0,0.0,0.0,1.0,0.0,0.0,0.0
8,8,0.0,0.0,0.0,0.0,0.0,0.0,0.0,0.0,1.0,0.0,0.0,0.0
8,8,0.0,0.0,0.0,0.0,0.0,0.0,0.0,0.0,1.0,0.0,0.0,0.0
8,8,0.0,0.0,0.0,0.0,0.0,0.0,0.0,0.0,1.0,0.0,0.0,0.0
8,8,0.0,0.0,0.0,0.0,0.0,0.0,0.0,0.0,1.0,0.0,0.0,0.0
8,8,0.0,0.0,0.0,0.0,0.0,0.0,0.0,0.0,1.0,0.0,0.0,0.0
8,8,0.0,0.0,0.0,0.0,0.0,0.0,0.0,0.0,1.0,0.0,0.0,0.0
8,8,0.0,0.0,0.0,0.0,0.0,0.0,0.0,0.0,1.0,0.0,0.0,0.0
8,8,0.0,0.0,0.0,0.0,0.0,0.0,0.0,0.0,1.0,0.0,0.0,0.0
8,8,0.0,0.0,0.0,0.0,0.0,0.0,0.0,0.0,1.0,0.0,0.0,0.0
8,8,0.0,0.0,0.0,0.0,0.0,0.0,0.0,0.0,1.0,0.0,0.0,0.0
8,8,0.0,0.0,0.0,0.0,0.0,0.0,0.0,0.0,1.0,0.0,0.0,0.0
8,8,0.0,0.0,0.0,0.0,0.0,0.0,0.0,0.0,1.0,0.0,0.0,0.0
8,8,0.0,0.0,0.0,0.0,0.0,0.0,0.0,0.0,1.0,0.0,0.0,0.0
8,8,0.0,0.0,0.0,0.0,0.0,0.0,0.0,0.0,1.0,0.0,0.0,0.0
8,8,0.0,0.0,0.0,0.0,0.0,0.0,0.0,0.0,1.0,0.0,0.0,0.0
8,8,0.0,0.0,0.0,0.0,0.0,0.0,0.0,0.0,1.0,0.0,0.0,0.0
8,8,0.0,0.0,0.0,0.0,0.0,0.0,0.0,0.0,1.0,0.0,0.0,0.0
8,8,0.0,0.0,0.0,0.0,0.0,0.0,0.0,0.0,1.0,0.0,0.0,0.0
8,8,0.0,0.0,0.0,0.0,0.0,0.0,0.0,0.0,1.0,0.0,0.0,0.0
8,8,0.0,0.0,0.0,0.0,0.0,0.0,0.0,0.0,1.0,0.0,0.0,0.0
8,8,0.0,0.0,0.0,0.0,0.0,0.0,0.0,0.0,1.0,0.0,0.0,0.0
8,8,0.0,0.0,0.0,0.0,0.0,0.0,0.0,0.0,1.0,0.0,0.0,0.0
8,8,0.0,0.0,0.0,0.0,0.0,0.0,0.0,0.0,1.0,0.0,0.0,0.0
8,8,0.0,0.0,0.0,0.0,0.0,0.0,0.0,0.0,1.0,0.0,0.0,0.0
8,8,0.0,0.0,0.0,0.0,0.0,0.0,0.0,0.0,1.0,0.0,0.0,0.0
8,8,0.0,0.0,0.0,0.0,0.0,0.0,0.0,0.0,1.0,0.0,0.0,0.0
8,8,0.0,0.0,0.0,0.0,0.0,0.0,0.0,0.0,1.0,0.0,0.0,0.0
8,8,0.0,0.0,0.0,0.0,0.0,0.0,0.0,0.0,1.0,0.0,0.0,0.0
8,8,0.0,0.0,0.0,0.0,0.0,0.0,0.0,0.0,1.0,0.0,0.0,0.0
8,8,0.0,0.0,0.0,0.0,0.0,0.0,0.0,0.0,1.0,0.0,0.0,0.0
8,8,0.0,0.0,0.0,0.0,0.0,0.0,0.0,0.0,1.0,0.0,0.0,0.0
8,8,0.0,0.0,0.0,0.0,0.0,0.0,0.0,0.0,1.0,0.0,0.0,0.0
8,8,0.0,0.0,0.0,0.0,0.0,0.0,0.0,0.0,1.0,0.0,0.0,0.0
8,8,0.0,0.0,0.0,0.0,0.0,0.0,0.0,0.0,1.0,0.0,0.0,0.0
8,8,0.0,0.0,0.0,0.0,0.0,0.0,0.0,0.0,1.0,0.0,0.0,0.0
8,8,0.0,0.0,0.0,0.0,0.0,0.0,0.0,0.0,1.0,0.0,0.0,0.0
8,8,0.0,0.0,0.0,0.0,0.0,0.0,0.0,0.0,1.0,0.0,0.0,0.0
8,8,0.0,0.0,0.0,0.0,0.0,0.0,0.0,0.0,1.0,0.0,0.0,0.0
8,8,0.0,0.0,0.0,0.0,0.0,0.0,0.0,0.0,1.0,0.0,0.0,0.0
8,8,0.0,0.0,0.0,0.0,0.0,0.0,0.0,0.0,1.0,0.0,0.0,0.0
8,8,0.0,0.0,0.0,0.0,0.0,0.0,0.0,0.0,1.0,0.0,0.0,0.0
8,8,0.0,0.0,0.0,0.0,0.0,0.0,0.0,0.0,1.0,0.0,0.0,0.0
8,8,0.0,0.0,0.0,0.0,0.0,0.0,0.0,0.0,1.0,0.0,0.0,0.0
8,8,0.0,0.0,0.0,0.0,0.0,0.0,0.0,0.0,1.0,0.0,0.0,0.0
8,8,0.0,0.0,0.0,0.0,0.0,0.0,0.0,0.0,1.0,0.0,0.0,0.0
8,8,0.0,0.0,0.0,0.0,0.0,0.0,0.0,0.0,1.0,0.0,0.0,0.0
8,8,0.0,0.0,0.0,0.0,0.0,0.0,0.0,0.0,1.0,0.0,0.0,0.0
8,8,0.0,0.0,0.0,0.0,0.0,0.0,0.0,0.0,1.0,0.0,0.0,0.0
8,8,0.0,0.0,0.0,0.0,0.0,0.0,0.0,0.0,1.0,0.0,0.0,0.0
8,8,0.0,0.0,0.0,0.0,0.0,0.0,0.0,0.0,1.0,0.0,0.0,0.0
8,8,0.0,0.0,0.0,0.0,0.0,0.0,0.0,0.0,1.0,0.0,0.0,0.0
8,8,0.0,0.0,0.0,0.0,0.0,0.0,0.0,0.0,1.0,0.0,0.0,0.0
8,8,0.0,0.0,0.0,0.0,0.0,0.0,0.0,0.0,1.0,0.0,0.0,0.0
8,8,0.0,0.0,0.0,0.0,0.0,0.0,0.0,0.0,1.0,0.0,0.0,0.0
8,8,0.0,0.0,0.0,0.0,0.0,0.0,0.0,0.0,1.0,0.0,0.0,0.0
8,8,0.0,0.0,0.0,0.0,0.0,0.0,0.0,0.0,1.0,0.0,0.0,0.0
8,8,0.0,0.0,0.0,0.0,0.0,0.0,0.0,0.0,1.0,0.0,0.0,0.0
8,8,0.0,0.0,0.0,0.0,0.0,0.0,0.0,0.0,1.0,0.0,0.0,0.0
8,8,0.0,0.0,0.0,0.0,0.0,0.0,0.0,0.0,1.0,0.0,0.0,0.0
8,8,0.0,0.0,0.0,0.0,0.0,0.0,0.0,0.0,1.0,0.0,0.0,0.0
8,8,0.0,0.0,0.0,0.0,0.0,0.0,0.0,0.0,1.0,0.0,0.0,0.0
8,8,0.0,0.0,0.0,0.0,0.0,0.0,0.0,0.0,1.0,0.0,0.0,0.0
8,8,0.0,0.0,0.0,0.0,0.0,0.0,0.0,0.0,1.0,0.0,0.0,0.0
8,8,0.0,0.0,0.0,0.0,0.0,0.0,0.0,0.0,1.0,0.0,0.0,0.0
8,8,0.0,0.0,0.0,0.0,0.0,0.0,0.0,0.0,1.0,0.0,0.0,0.0
8,8,0.0,0.0,0.0,0.0,0.0,0.0,0.0,0.0,1.0,0.0,0.0,0.0
8,8,0.0,0.0,0.0,0.0,0.0,0.0,0.0,0.0,1.0,0.0,0.0,0.0
8,8,0.0,0.0,0.0,0.0,0.0,0.0,0.0,0.0,1.0,0.0,0.0,0.0
8,8,0.0,0.0,0.0,0.0,0.0,0.0,0.0,0.0,1.0,0.0,0.0,0.0
8,8,0.0,0.0,0.0,0.0,0.0,0.0,0.0,0.0,1.0,0.0,0.0,0.0
8,8,0.0,0.0,0.0,0.0,0.0,0.0,0.0,0.0,1.0,0.0,0.0,0.0
8,8,0.0,0.0,0.0,0.0,0.0,0.0,0.0,0.0,1.0,0.0,0.0,0.0
8,8,0.0,0.0,0.0,0.0,0.0,0.0,0.0,0.0,1.0,0.0,0.0,0.0
8,8,0.0,0.0,0.0,0.0,0.0,0.0,0.0,0.0,1.0,0.0,0.0,0.0
8,8,0.0,0.0,0.0,0.0,0.0,0.0,0.0,0.0,1.0,0.0,0.0,0.0
8,8,0.0,0.0,0.0,0.0,0.0,0.0,0.0,0.0,1.0,0.0,0.0,0.0
8,8,0.0,0.0,0.0,0.0,0.0,0.0,0.0,0.0,1.0,0.0,0.0,0.0
8,8,0.0,0.0,0.0,0.0,0.0,0.0,0.0,0.0,1.0,0.0,0.0,0.0
8,8,0.0,0.0,0.0,0.0,0.0,0.0,0.0,0.0,1.0,0.0,0.0,0.0
8,8,0.0,0.0,0.0,0.0,0.0,0.0,0.0,0.0,1.0,0.0,0.0,0.0
8,8,0.0,0.0,0.0,0.0,0.0,0.0,0.0,0.0,1.0,0.0,0.0,0.0
8,8,0.0,0.0,0.0,0.0,0.0,0.0,0.0,0.0,1.0,0.0,0.0,0.0
8,8,0.0,0.0,0.0,0.0,0.0,0.0,0.0,0.0,1.0,0.0,0.0,0.0
8,8,0.0,0.0,0.0,0.0,0.0,0.0,0.0,0.0,1.0,0.0,0.0,0.0
8,8,0.0,0.0,0.0,0.0,0.0,0.0,0.0,0.0,1.0,0.0,0.0,0.0
8,8,0.0,0.0,0.0,0.0,0.0,0.0,0.0,0.0,1.0,0.0,0.0,0.0
8,8,0.0,0.0,0.0,0.0,0.0,0.0,0.0,0.0,1.0,0.0,0.0,0.0
8,8,0.0,0.0,0.0,0.0,0.0,0.0,0.0,0.0,1.0,0.0,0.0,0.0
8,8,0.0,0.0,0.0,0.0,0.0,0.0,0.0,0.0,1.0,0.0,0.0,0.0
8,8,0.0,0.0,0.0,0.0,0.0,0.0,0.0,0.0,1.0,0.0,0.0,0.0
8,8,0.0,0.0,0.0,0.0,0.0,0.0,0.0,0.0,1.0,0.0,0.0,0.0
8,8,0.0,0.0,0.0,0.0,0.0,0.0,0.0,0.0,1.0,0.0,0.0,0.0
8,8,0.0,0.0,0.0,0.0,0.0,0.0,0.0,0.0,1.0,0.0,0.0,0.0
8,8,0.0,0.0,0.0,0.0,0.0,0.0,0.0,0.0,1.0,0.0,0.0,0.0
8,8,0.0,0.0,0.0,0.0,0.0,0.0,0.0,0.0,1.0,0.0,0.0,0.0
8,8,0.0,0.0,0.0,0.0,0.0,0.0,0.0,0.0,1.0,0.0,0.0,0.0
8,8,0.0,0.0,0.0,0.0,0.0,0.0,0.0,0.0,1.0,0.0,0.0,0.0
8,8,0.0,0.0,0.0,0.0,0.0,0.0,0.0,0.0,1.0,0.0,0.0,0.0
8,8,0.0,0.0,0.0,0.0,0.0,0.0,0.0,0.0,1.0,0.0,0.0,0.0
8,8,0.0,0.0,0.0,0.0,0.0,0.0,0.0,0.0,1.0,0.0,0.0,0.0
8,8,0.0,0.0,0.0,0.0,0.0,0.0,0.0,0.0,1.0,0.0,0.0,0.0
8,8,0.0,0.0,0.0,0.0,0.0,0.0,0.0,0.0,1.0,0.0,0.0,0.0
8,8,0.0,0.0,0.0,0.0,0.0,0.0,0.0,0.0,1.0,0.0,0.0,0.0
8,8,0.0,0.0,0.0,0.0,0.0,0.0,0.0,0.0,1.0,0.0,0.0,0.0
8,8,0.0,0.0,0.0,0.0,0.0,0.0,0.0,0.0,1.0,0.0,0.0,0.0
8,8,0.0,0.0,0.0,0.0,0.0,0.0,0.0,0.0,1.0,0.0,0.0,0.0
8,8,0.0,0.0,0.0,0.0,0.0,0.0,0.0,0.0,1.0,0.0,0.0,0.0
8,8,0.0,0.0,0.0,0.0,0.0,0.0,0.0,0.0,1.0,0.0,0.0,0.0
8,8,0.0,0.0,0.0,0.0,0.0,0.0,0.0,0.0,1.0,0.0,0.0,0.0
8,8,0.0,0.0,0.0,0.0,0.0,0.0,0.0,0.0,1.0,0.0,0.0,0.0
8,8,0.0,0.0,0.0,0.0,0.0,0.0,0.0,0.0,1.0,0.0,0.0,0.0
8,8,0.0,0.0,0.0,0.0,0.0,0.0,0.0,0.0,1.0,0.0,0.0,0.0
8,8,0.0,0.0,0.0,0.0,0.0,0.0,0.0,0.0,1.0,0.0,0.0,0.0
8,8,0.0,0.0,0.0,0.0,0.0,0.0,0.0,0.0,1.0,0.0,0.0,0.0
8,8,0.0,0.0,0.0,0.0,0.0,0.0,0.0,0.0,1.0,0.0,0.0,0.0
8,8,0.0,0.0,0.0,0.0,0.0,0.0,0.0,0.0,1.0,0.0,0.0,0.0
8,8,0.0,0.0,0.0,0.0,0.0,0.0,0.0,0.0,1.0,0.0,0.0,0.0
8,8,0.0,0.0,0.0,0.0,0.0,0.0,0.0,0.0,1.0,0.0,0.0,0.0
8,8,0.0,0.0,0.0,0.0,0.0,0.0,0.0,0.0,1.0,0.0,0.0,0.0
8,8,0.0,0.0,0.0,0.0,0.0,0.0,0.0,0.0,1.0,0.0,0.0,0.0
8,8,0.0,0.0,0.0,0.0,0.0,0.0,0.0,0.0,1.0,0.0,0.0,0.0
8,8,0.0,0.0,0.0,0.0,0.0,0.0,0.0,0.0,1.0,0.0,0.0,0.0
8,8,0.0,0.0,0.0,0.0,0.0,0.0,0.0,0.0,1.0,0.0,0.0,0.0
8,8,0.0,0.0,0.0,0.0,0.0,0.0,0.0,0.0,1.0,0.0,0.0,0.0
8,8,0.0,0.0,0.0,0.0,0.0,0.0,0.0,0.0,1.0,0.0,0.0,0.0
8,8,0.0,0.0,0.0,0.0,0.0,0.0,0.0,0.0,1.0,0.0,0.0,0.0
8,8,0.0,0.0,0.0,0.0,0.0,0.0,0.0,0.0,1.0,0.0,0.0,0.0
8,8,0.0,0.0,0.0,0.0,0.0,0.0,0.0,0.0,1.0,0.0,0.0,0.0
8,8,0.0,0.0,0.0,0.0,0.0,0.0,0.0,0.0,1.0,0.0,0.0,0.0
8,8,0.0,0.0,0.0,0.0,0.0,0.0,0.0,0.0,1.0,0.0,0.0,0.0
8,8,0.0,0.0,0.0,0.0,0.0,0.0,0.0,0.0,1.0,0.0,0.0,0.0
8,8,0.0,0.0,0.0,0.0,0.0,0.0,0.0,0.0,1.0,0.0,0.0,0.0
8,8,0.0,0.0,0.0,0.0,0.0,0.0,0.0,0.0,1.0,0.0,0.0,0.0
8,8,0.0,0.0,0.0,0.0,0.0,0.0,0.0,0.0,1.0,0.0,0.0,0.0
8,8,0.0,0.0,0.0,0.0,0.0,0.0,0.0,0.0,1.0,0.0,0.0,0.0
8,8,0.0,0.0,0.0,0.0,0.0,0.0,0.0,0.0,1.0,0.0,0.0,0.0
8,8,0.0,0.0,0.0,0.0,0.0,0.0,0.0,0.0,1.0,0.0,0.0,0.0
8,8,0.0,0.0,0.0,0.0,0.0,0.0,0.0,0.0,1.0,0.0,0.0,0.0
8,8,0.0,0.0,0.0,0.0,0.0,0.0,0.0,0.0,1.0,0.0,0.0,0.0
8,8,0.0,0.0,0.0,0.0,0.0,0.0,0.0,0.0,1.0,0.0,0.0,0.0
8,8,0.0,0.0,0.0,0.0,0.0,0.0,0.0,0.0,1.0,0.0,0.0,0.0
8,8,0.0,0.0,0.0,0.0,0.0,0.0,0.0,0.0,1.0,0.0,0.0,0.0
8,8,0.0,0.0,0.0,0.0,0.0,0.0,0.0,0.0,1.0,0.0,0.0,0.0
8,8,0.0,0.0,0.0,0.0,0.0,0.0,0.0,0.0,1.0,0.0,0.0,0.0
8,8,0.0,0.0,0.0,0.0,0.0,0.0,0.0,0.0,0.98632795,0.013672048,0.0,0.0
8,8,0.0,0.0,0.0,0.0,0.0,0.0,0.0,0.0,0.98632795,0.013672048,0.0,0.0
8,8,0.0,0.0,0.0,0.0,0.0,0.0,0.0,0.0,0.98632795,0.013672048,0.0,0.0
8,8,0.0,0.0,0.0,0.0,0.0,0.0,0.0,0.0,0.98632795,0.013672048,0.0,0.0
8,8,0.0,0.0,0.0,0.0,0.0,0.0,0.0,0.0,0.98632795,0.013672048,0.0,0.0
8,8,0.0,0.0,0.0,0.0,0.0,0.0,0.0,0.0,0.98632795,0.013672048,0.0,0.0
8,8,0.0,0.0,0.0,0.0,0.0,0.0,0.0,0.0,0.98632795,0.013672048,0.0,0.0
8,8,0.0,0.0,0.0,0.0,0.0,0.0,0.0,0.0,0.98632795,0.013672048,0.0,0.0
8,8,0.0,0.0,0.0,0.0,0.0,0.0,0.0,0.0,0.95882773,0.041172277,0.0,0.0
8,8,0.0,0.0,0.0,0.0,0.0,0.0,0.0,0.0,0.95882773,0.041172277,0.0,0.0
8,8,0.0,0.0,0.0,0.0,0.0,0.0,0.0,0.0,0.95882773,0.041172277,0.0,0.0
8,8,0.0,0.0,0.0,0.0,0.0,0.0,0.0,0.0,0.95882773,0.041172277,0.0,0.0
8,8,0.0,0.0,0.0,0.0,0.0,0.0,0.0,0.0,0.95882773,0.041172277,0.0,0.0
8,8,0.0,0.0,0.0,0.0,0.0,0.0,0.0,0.0,0.95882773,0.041172277,0.0,0.0
8,8,0.0,0.0,0.0,0.0,0.0,0.0,0.0,0.0,0.95882773,0.041172277,0.0,0.0
8,8,0.0,0.0,0.0,0.0,0.0,0.0,0.0,0.0,0.95882773,0.041172277,0.0,0.0
8,8,0.0,0.0,0.0,0.0,0.0,0.0,0.0,0.0,0.95882773,0.041172277,0.0,0.0
8,8,0.0,0.0,0.0,0.0,0.0,0.0,0.0,0.0,0.95882773,0.041172277,0.0,0.0
8,8,0.0,0.0,0.0,0.0,0.0,0.0,0.0,0.0,0.95882773,0.041172277,0.0,0.0
8,8,0.0,0.0,0.0,0.0,0.0,0.0,0.0,0.0,0.95882773,0.041172277,0.0,0.0
8,8,0.0,0.0,0.0,0.0,0.0,0.0,0.0,0.0,0.95882773,0.041172277,0.0,0.0
8,8,0.0,0.0,0.0,0.0,0.0,0.0,0.0,0.0,0.95882773,0.041172277,0.0,0.0
8,8,0.0,0.0,0.0,0.0,0.0,0.0,0.0,0.0,0.95882773,0.041172277,0.0,0.0
8,8,0.0,0.0,0.0,0.0,0.0,0.0,0.0,0.0,0.95882773,0.041172277,0.0,0.0
8,8,0.0,0.0,0.0,0.0,0.0,0.0,0.0,0.0,0.95882773,0.041172277,0.0,0.0
8,8,0.0,0.0,0.0,0.0,0.0,0.0,0.0,0.0,0.95882773,0.041172277,0.0,0.0
8,8,0.0,0.0,0.0,0.0,0.0,0.0,0.0,0.0,0.95882773,0.041172277,0.0,0.0
8,8,0.0,0.0,0.0,0.0,0.0,0.0,0.0,0.0,0.95882773,0.041172277,0.0,0.0
8,8,0.0,0.0,0.0,0.0,0.0,0.0,0.0,0.0,0.95882773,0.041172277,0.0,0.0
8,8,0.0,0.0,0.0,0.0,0.0,0.0,0.0,0.0,0.95882773,0.041172277,0.0,0.0
8,8,0.0,0.0,0.0,0.0,0.0,0.0,0.0,0.0,0.95882773,0.041172277,0.0,0.0
8,8,0.0,0.0,0.0,0.0,0.0,0.0,0.0,0.0,0.95882773,0.041172277,0.0,0.0
8,8,0.0,0.0,0.0,0.0,0.0,0.0,0.0,0.0,0.95882773,0.041172277,0.0,0.0
8,8,0.0,0.0,0.0,0.0,0.0,0.0,0.0,0.0,0.95882773,0.041172277,0.0,0.0
8,8,0.0,0.0,0.0,0.0,0.0,0.0,0.0,0.0,0.95882773,0.041172277,0.0,0.0
8,8,0.0,0.0,0.0,0.0,0.0,0.0,0.0,0.0,0.95882773,0.041172277,0.0,0.0
8,8,0.0,0.0,0.0,0.0,0.0,0.0,0.0,0.0,0.95882773,0.041172277,0.0,0.0
8,8,0.0,0.0,0.0,0.0,0.0,0.0,0.0,0.0,0.95882773,0.041172277,0.0,0.0
8,8,0.0,0.0,0.0,0.0,0.0,0.0,0.0,0.0,0.95882773,0.041172277,0.0,0.0
8,8,0.0,0.0,0.0,0.0,0.0,0.0,0.0,0.0,0.95882773,0.041172277,0.0,0.0
8,8,0.0,0.0,0.0,0.0,0.0,0.0,0.0,0.0,0.95882773,0.041172277,0.0,0.0
8,8,0.0,0.0,0.0,0.0,0.0,0.0,0.0,0.0,0.95882773,0.041172277,0.0,0.0
8,8,0.0,0.0,0.0,0.0,0.0,0.0,0.0,0.0,0.95882773,0.041172277,0.0,0.0
8,8,0.0,0.0,0.0,0.0,0.0,0.0,0.0,0.0,0.95882773,0.041172277,0.0,0.0
8,8,0.0,0.0,0.0,0.0,0.0,0.0,0.0,0.0,0.95882773,0.041172277,0.0,0.0
8,8,0.0,0.0,0.0,0.0,0.0,0.0,0.0,0.0,0.95882773,0.041172277,0.0,0.0
8,8,0.0,0.0,0.0,0.0,0.0,0.0,0.0,0.0,0.95882773,0.041172277,0.0,0.0
8,8,0.0,0.0,0.0,0.0,0.0,0.0,0.0,0.0,0.95882773,0.041172277,0.0,0.0
8,8,0.0,0.0,0.0,0.0,0.0,0.0,0.0,0.0,0.95882773,0.041172277,0.0,0.0
8,8,0.0,0.0,0.0,0.0,0.0,0.0,0.0,0.0,0.95882773,0.041172277,0.0,0.0
8,8,0.0,0.0,0.0,0.0,0.0,0.0,0.0,0.0,0.95882773,0.041172277,0.0,0.0
8,8,0.0,0.0,0.0,0.0,0.0,0.0,0.0,0.0,0.95882773,0.041172277,0.0,0.0
8,8,0.0,0.0,0.0,0.0,0.0,0.0,0.0,0.0,0.95882773,0.041172277,0.0,0.0
8,8,0.0,0.0,0.0,0.0,0.0,0.0,0.0,0.0,0.95882773,0.041172277,0.0,0.0
8,8,0.0,0.0,0.0,0.0,0.0,0.0,0.0,0.0,0.95882773,0.041172277,0.0,0.0
8,8,0.0,0.0,0.0,0.0,0.0,0.0,0.0,0.0,0.95882773,0.041172277,0.0,0.0
8,8,0.0,0.0,0.0,0.0,0.0,0.0,0.0,0.0,0.95882773,0.041172277,0.0,0.0
8,8,0.0,0.0,0.0,0.0,0.0,0.0,0.0,0.0,0.95882773,0.041172277,0.0,0.0
8,8,0.0,0.0,0.0,0.0,0.0,0.0,0.0,0.0,0.95882773,0.041172277,0.0,0.0
8,8,0.0,0.0,0.0,0.0,0.0,0.0,0.0,0.0,0.95882773,0.041172277,0.0,0.0
8,8,0.0,0.0,0.0,0.0,0.0,0.0,0.0,0.0,0.95882773,0.041172277,0.0,0.0
8,8,0.0,0.0,0.0,0.0,0.0,0.0,0.0,0.0,0.95882773,0.041172277,0.0,0.0
8,8,0.0,0.0,0.0,0.0,0.0,0.0,0.0,0.0,0.95882773,0.041172277,0.0,0.0
8,8,0.0,0.0,0.0,0.0,0.0,0.0,0.0,0.0,0.95882773,0.041172277,0.0,0.0
8,8,0.0,0.0,0.0,0.0,0.0,0.0,0.0,0.0,0.95882773,0.041172277,0.0,0.0
8,8,0.0,0.0,0.0,0.0,0.0,0.0,0.0,0.0,0.95882773,0.041172277,0.0,0.0
8,8,0.0,0.0,0.0,0.0,0.0,0.0,0.0,0.0,0.95882773,0.041172277,0.0,0.0
8,8,0.0,0.0,0.0,0.0,0.0,0.0,0.0,0.0,0.95882773,0.041172277,0.0,0.0
8,8,0.0,0.0,0.0,0.0,0.0,0.0,0.0,0.0,0.95882773,0.041172277,0.0,0.0
8,8,0.0,0.0,0.0,0.0,0.0,0.0,0.0,0.0,0.95882773,0.041172277,0.0,0.0
8,8,0.0,0.0,0.0,0.0,0.0,0.0,0.0,0.0,0.95882773,0.041172277,0.0,0.0
8,8,0.0,0.0,0.0,0.0,0.0,0.0,0.0,0.0,0.95882773,0.041172277,0.0,0.0
8,8,0.0,0.0,0.0,0.0,0.0,0.0,0.0,0.0,0.95882773,0.041172277,0.0,0.0
8,8,0.0,0.0,0.0,0.0,0.0,0.0,0.0,0.0,0.95882773,0.041172277,0.0,0.0
8,8,0.0,0.0,0.0,0.0,0.0,0.0,0.0,0.0,0.95882773,0.041172277,0.0,0.0
8,8,0.0,0.0,0.0,0.0,0.0,0.0,0.0,0.0,0.95882773,0.041172277,0.0,0.0
8,8,0.0,0.0,0.0,0.0,0.0,0.0,0.0,0.0,0.95882773,0.041172277,0.0,0.0
8,8,0.0,0.0,0.0,0.0,0.0,0.0,0.0,0.0,0.95882773,0.041172277,0.0,0.0
8,8,0.0,0.0,0.0,0.0,0.0,0.0,0.0,0.0,0.95882773,0.041172277,0.0,0.0
8,8,0.0,0.0,0.0,0.0,0.0,0.0,0.0,0.0,0.95882773,0.041172277,0.0,0.0
8,8,0.0,0.0,0.0,0.0,0.0,0.0,0.0,0.0,0.95882773,0.041172277,0.0,0.0
8,8,0.0,0.0,0.0,0.0,0.0,0.0,0.0,0.0,0.95882773,0.041172277,0.0,0.0
8,8,0.0,0.0,0.0,0.0,0.0,0.0,0.0,0.0,0.95882773,0.041172277,0.0,0.0
8,8,0.0,0.0,0.0,0.0,0.0,0.0,0.0,0.0,0.95882773,0.041172277,0.0,0.0
8,8,0.0,0.0,0.0,0.0,0.0,0.0,0.0,0.0,0.95882773,0.041172277,0.0,0.0
8,8,0.0,0.0,0.0,0.0,0.0,0.0,0.0,0.0,0.95882773,0.041172277,0.0,0.0
8,8,0.0,0.0,0.0,0.0,0.0,0.0,0.0,0.0,0.95882773,0.041172277,0.0,0.0
8,8,0.0,0.0,0.0,0.0,0.0,0.0,0.0,0.0,0.95882773,0.041172277,0.0,0.0
8,8,0.0,0.0,0.0,0.0,0.0,0.0,0.0,0.0,0.95882773,0.041172277,0.0,0.0
8,8,0.0,0.0,0.0,0.0,0.0,0.0,0.0,0.0,0.95882773,0.041172277,0.0,0.0
8,8,0.0,0.0,0.0,0.0,0.0,0.0,0.0,0.0,0.95882773,0.041172277,0.0,0.0
8,8,0.0,0.0,0.0,0.0,0.0,0.0,0.0,0.0,0.95882773,0.041172277,0.0,0.0
8,8,0.0,0.0,0.0,0.0,0.0,0.0,0.0,0.0,0.95882773,0.041172277,0.0,0.0
8,8,0.0,0.0,0.0,0.0,0.0,0.0,0.0,0.0,0.95882773,0.041172277,0.0,0.0
8,8,0.0,0.0,0.0,0.0,0.0,0.0,0.0,0.0,0.95882773,0.041172277,0.0,0.0
8,8,0.0,0.0,0.0,0.0,0.0,0.0,0.0,0.0,0.95882773,0.041172277,0.0,0.0
8,8,0.0,0.0,0.0,0.0,0.0,0.0,0.0,0.0,0.95882773,0.041172277,0.0,0.0
8,8,0.0,0.0,0.0,0.0,0.0,0.0,0.0,0.0,0.95882773,0.041172277,0.0,0.0
8,8,0.0,0.0,0.0,0.0,0.0,0.0,0.0,0.0,0.95882773,0.041172277,0.0,0.0
8,8,0.0,0.0,0.0,0.0,0.0,0.0,0.0,0.0,0.95882773,0.041172277,0.0,0.0
8,8,0.0,0.0,0.0,0.0,0.0,0.0,0.0,0.0,0.95882773,0.041172277,0.0,0.0
8,8,0.0,0.0,0.0,0.0,0.0,0.0,0.0,0.0,0.95882773,0.041172277,0.0,0.0
8,8,0.0,0.0,0.0,0.0,0.0,0.0,0.0,0.0,0.8783974,0.12160259,0.0,0.0
8,8,0.0,0.0,0.0,0.0,0.0,0.0,0.0,0.0,0.8783974,0.12160259,0.0,0.0
8,8,0.0,0.0,0.0,0.0,0.0,0.0,0.0,0.0,0.8783974,0.12160259,0.0,0.0
8,8,0.0,0.0,0.0,0.0,0.0,0.0,0.0,0.0,0.8783974,0.12160259,0.0,0.0
8,8,0.0,0.0,0.0,0.0,0.0,0.0,0.0,0.0,0.8783974,0.12160259,0.0,0.0
8,8,0.0,0.0,0.0,0.0,0.0,0.0,0.0,0.0,0.8783974,0.12160259,0.0,0.0
8,8,0.0,0.0,0.0,0.0,0.0,0.0,0.0,0.0,0.8783974,0.12160259,0.0,0.0
8,8,0.0,0.0,0.0,0.0,0.0,0.0,0.0,0.0,0.8783974,0.12160259,0.0,0.0
8,8,0.0,0.0,0.0,0.0,0.0,0.0,0.0,0.0,0.8783974,0.12160259,0.0,0.0
8,8,0.0,0.0,0.0,0.0,0.0,0.0,0.0,0.0,0.8783974,0.12160259,0.0,0.0
8,8,0.0,0.0,0.0,0.0,0.0,0.0,0.0,0.0,0.8783974,0.12160259,0.0,0.0
8,8,0.0,0.0,0.0,0.0,0.0,0.0,0.0,0.0,0.8783974,0.12160259,0.0,0.0
8,8,0.0,0.0,0.0,0.0,0.0,0.0,0.0,0.0,0.8783974,0.12160259,0.0,0.0
8,8,0.0,0.0,0.0,0.0,0.0,0.0,0.0,0.0,0.8783974,0.12160259,0.0,0.0
8,8,0.0,0.0,0.0,0.0,0.0,0.0,0.0,0.0,0.8783974,0.12160259,0.0,0.0
8,8,0.0,0.0,0.0,0.0,0.0,0.0,0.0,0.0,0.8783974,0.12160259,0.0,0.0
8,8,0.0,0.0,0.0,0.0,0.0,0.0,0.0,0.0,0.8783974,0.12160259,0.0,0.0
8,8,0.0,0.0,0.0,0.0,0.0,0.0,0.0,0.0,0.8783974,0.12160259,0.0,0.0
9,8,0.0,0.0,0.0,0.0,0.0,0.0,0.0,0.0,0.8783974,0.12160259,0.0,0.0
9,8,0.0,0.0,0.0,0.0,0.0,0.0,0.0,0.0,0.8783974,0.12160259,0.0,0.0
9,8,0.0,0.0,0.0,0.0,0.0,0.0,0.0,0.0,0.8783974,0.12160259,0.0,0.0
9,8,0.0,0.0,0.0,0.0,0.0,0.0,0.0,0.0,0.8783974,0.12160259,0.0,0.0
9,8,0.0,0.0,0.0,0.0,0.0,0.0,0.0,0.0,0.8783974,0.12160259,0.0,0.0
9,8,0.0,0.0,0.0,0.0,0.0,0.0,0.0,0.0,0.8783974,0.12160259,0.0,0.0
9,8,0.0,0.0,0.0,0.0,0.0,0.0,0.0,0.0,0.8783974,0.12160259,0.0,0.0
9,8,0.0,0.0,0.0,0.0,0.0,0.0,0.0,0.0,0.8783974,0.12160259,0.0,0.0
9,8,0.0,0.0,0.0,0.0,0.0,0.0,0.0,0.0,0.8783974,0.12160259,0.0,0.0
9,8,0.0,0.0,0.0,0.0,0.0,0.0,0.0,0.0,0.8783974,0.12160259,0.0,0.0
9,8,0.0,0.0,0.0,0.0,0.0,0.0,0.0,0.0,0.8783974,0.12160259,0.0,0.0
9,8,0.0,0.0,0.0,0.0,0.0,0.0,0.0,0.0,0.8783974,0.12160259,0.0,0.0
9,8,0.0,0.0,0.0,0.0,0.0,0.0,0.0,0.0,0.8783974,0.12160259,0.0,0.0
9,8,0.0,0.0,0.0,0.0,0.0,0.0,0.0,0.0,0.8783974,0.12160259,0.0,0.0
9,8,0.0,0.0,0.0,0.0,0.0,0.0,0.0,0.0,0.8783974,0.12160259,0.0,0.0
9,8,0.0,0.0,0.0,0.0,0.0,0.0,0.0,0.0,0.8783974,0.12160259,0.0,0.0
9,8,0.0,0.0,0.0,0.0,0.0,0.0,0.0,0.0,0.8783974,0.12160259,0.0,0.0
9,8,0.0,0.0,0.0,0.0,0.0,0.0,0.0,0.0,0.8783974,0.12160259,0.0,0.0
9,8,0.0,0.0,0.0,0.0,0.0,0.0,0.0,0.0,0.8783974,0.12160259,0.0,0.0
9,8,0.0,0.0,0.0,0.0,0.0,0.0,0.0,0.0,0.8783974,0.12160259,0.0,0.0
9,8,0.0,0.0,0.0,0.0,0.0,0.0,0.0,0.0,0.8783974,0.12160259,0.0,0.0
9,8,0.0,0.0,0.0,0.0,0.0,0.0,0.0,0.0,0.8783974,0.12160259,0.0,0.0
9,8,0.0,0.0,0.0,0.0,0.0,0.0,0.0,0.0,0.8783974,0.12160259,0.0,0.0
9,8,0.0,0.0,0.0,0.0,0.0,0.0,0.0,0.0,0.8783974,0.12160259,0.0,0.0
9,8,0.0,0.0,0.0,0.0,0.0,0.0,0.0,0.0,0.8783974,0.12160259,0.0,0.0
9,8,0.0,0.0,0.0,0.0,0.0,0.0,0.0,0.0,0.8783974,0.12160259,0.0,0.0
9,8,0.0,0.0,0.0,0.0,0.0,0.0,0.0,0.0,0.8783974,0.12160259,0.0,0.0
9,8,0.0,0.0,0.0,0.0,0.0,0.0,0.0,0.0,0.8783974,0.12160259,0.0,0.0
9,8,0.0,0.0,0.0,0.0,0.0,0.0,0.0,0.0,0.8783974,0.12160259,0.0,0.0
9,8,0.0,0.0,0.0,0.0,0.0,0.0,0.0,0.0,0.8783974,0.12160259,0.0,0.0
9,8,0.0,0.0,0.0,0.0,0.0,0.0,0.0,0.0,0.8783974,0.12160259,0.0,0.0
9,8,0.0,0.0,0.0,0.0,0.0,0.0,0.0,0.0,0.8783974,0.12160259,0.0,0.0
9,8,0.0,0.0,0.0,0.0,0.0,0.0,0.0,0.0,0.83841854,0.16158146,0.0,0.0
9,8,0.0,0.0,0.0,0.0,0.0,0.0,0.0,0.0,0.83841854,0.16158146,0.0,0.0
9,8,0.0,0.0,0.0,0.0,0.0,0.0,0.0,0.0,0.83841854,0.16158146,0.0,0.0
9,8,0.0,0.0,0.0,0.0,0.0,0.0,0.0,0.0,0.83841854,0.16158146,0.0,0.0
9,8,0.0,0.0,0.0,0.0,0.0,0.0,0.0,0.0,0.83841854,0.16158146,0.0,0.0
9,8,0.0,0.0,0.0,0.0,0.0,0.0,0.0,0.0,0.83841854,0.16158146,0.0,0.0
9,8,0.0,0.0,0.0,0.0,0.0,0.0,0.0,0.0,0.83841854,0.16158146,0.0,0.0
9,8,0.0,0.0,0.0,0.0,0.0,0.0,0.0,0.0,0.83841854,0.16158146,0.0,0.0
9,8,0.0,0.0,0.0,0.0,0.0,0.0,0.0,0.0,0.83841854,0.16158146,0.0,0.0
9,8,0.0,0.0,0.0,0.0,0.0,0.0,0.0,0.0,0.83841854,0.16158146,0.0,0.0
9,8,0.0,0.0,0.0,0.0,0.0,0.0,0.0,0.0,0.83841854,0.16158146,0.0,0.0
9,8,0.0,0.0,0.0,0.0,0.0,0.0,0.0,0.0,0.83841854,0.16158146,0.0,0.0
9,8,0.0,0.0,0.0,0.0,0.0,0.0,0.0,0.0,0.83841854,0.16158146,0.0,0.0
9,8,0.0,0.0,0.0,0.0,0.0,0.0,0.0,0.0,0.83841854,0.16158146,0.0,0.0
9,8,0.0,0.0,0.0,0.0,0.0,0.0,0.0,0.0,0.83841854,0.16158146,0.0,0.0
9,8,0.0,0.0,0.0,0.0,0.0,0.0,0.0,0.0,0.83841854,0.16158146,0.0,0.0
9,8,0.0,0.0,0.0,0.0,0.0,0.0,0.0,0.0,0.83841854,0.16158146,0.0,0.0
9,8,0.0,0.0,0.0,0.0,0.0,0.0,0.0,0.0,0.83841854,0.16158146,0.0,0.0
9,8,0.0,0.0,0.0,0.0,0.0,0.0,0.0,0.0,0.83841854,0.16158146,0.0,0.0
9,8,0.0,0.0,0.0,0.0,0.0,0.0,0.0,0.0,0.83841854,0.16158146,0.0,0.0
9,8,0.0,0.0,0.0,0.0,0.0,0.0,0.0,0.0,0.83841854,0.16158146,0.0,0.0
9,8,0.0,0.0,0.0,0.0,0.0,0.0,0.0,0.0,0.83841854,0.16158146,0.0,0.0
9,8,0.0,0.0,0.0,0.0,0.0,0.0,0.0,0.0,0.83841854,0.16158146,0.0,0.0
9,8,0.0,0.0,0.0,0.0,0.0,0.0,0.0,0.0,0.83841854,0.16158146,0.0,0.0
9,8,0.0,0.0,0.0,0.0,0.0,0.0,0.0,0.0,0.83841854,0.16158146,0.0,0.0
9,8,0.0,0.0,0.0,0.0,0.0,0.0,0.0,0.0,0.83841854,0.16158146,0.0,0.0
9,8,0.0,0.0,0.0,0.0,0.0,0.0,0.0,0.0,0.83841854,0.16158146,0.0,0.0
9,8,0.0,0.0,0.0,0.0,0.0,0.0,0.0,0.0,0.83841854,0.16158146,0.0,0.0
9,8,0.0,0.0,0.0,0.0,0.0,0.0,0.0,0.0,0.83841854,0.16158146,0.0,0.0
9,8,0.0,0.0,0.0,0.0,0.0,0.0,0.0,0.0,0.83841854,0.16158146,0.0,0.0
9,8,0.0,0.0,0.0,0.0,0.0,0.0,0.0,0.0,0.83841854,0.16158146,0.0,0.0
9,8,0.0,0.0,0.0,0.0,0.0,0.0,0.0,0.0,0.83841854,0.16158146,0.0,0.0
9,8,0.0,0.0,0.0,0.0,0.0,0.0,0.0,0.0,0.83841854,0.16158146,0.0,0.0
9,8,0.0,0.0,0.0,0.0,0.0,0.0,0.0,0.0,0.83841854,0.16158146,0.0,0.0
9,8,0.0,0.0,0.0,0.0,0.0,0.0,0.0,0.0,0.83841854,0.16158146,0.0,0.0
9,8,0.0,0.0,0.0,0.0,0.0,0.0,0.0,0.0,0.83841854,0.16158146,0.0,0.0
9,8,0.0,0.0,0.0,0.0,0.0,0.0,0.0,0.0,0.83841854,0.16158146,0.0,0.0
9,8,0.0,0.0,0.0,0.0,0.0,0.0,0.0,0.0,0.83841854,0.16158146,0.0,0.0
9,8,0.0,0.0,0.0,0.0,0.0,0.0,0.0,0.0,0.83841854,0.16158146,0.0,0.0
9,8,0.0,0.0,0.0,0.0,0.0,0.0,0.0,0.0,0.83841854,0.16158146,0.0,0.0
9,8,0.0,0.0,0.0,0.0,0.0,0.0,0.0,0.0,0.83841854,0.16158146,0.0,0.0
9,8,0.0,0.0,0.0,0.0,0.0,0.0,0.0,0.0,0.83841854,0.16158146,0.0,0.0
9,8,0.0,0.0,0.0,0.0,0.0,0.0,0.0,0.0,0.83841854,0.16158146,0.0,0.0
9,8,0.0,0.0,0.0,0.0,0.0,0.0,0.0,0.0,0.83841854,0.16158146,0.0,0.0
9,8,0.0,0.0,0.0,0.0,0.0,0.0,0.0,0.0,0.83841854,0.16158146,0.0,0.0
9,8,0.0,0.0,0.0,0.0,0.0,0.0,0.0,0.0,0.696867,0.30313304,0.0,0.0
9,8,0.0,0.0,0.0,0.0,0.0,0.0,0.0,0.0,0.696867,0.30313304,0.0,0.0
9,8,0.0,0.0,0.0,0.0,0.0,0.0,0.0,0.0,0.696867,0.30313304,0.0,0.0
9,8,0.0,0.0,0.0,0.0,0.0,0.0,0.0,0.0,0.59227896,0.407721,0.0,0.0
9,8,0.0,0.0,0.0,0.0,0.0,0.0,0.0,0.0,0.59227896,0.407721,0.0,0.0
9,8,0.0,0.0,0.0,0.0,0.0,0.0,0.0,0.0,0.59227896,0.407721,0.0,0.0
9,8,0.0,0.0,0.0,0.0,0.0,0.0,0.0,0.0,0.59227896,0.407721,0.0,0.0
9,8,0.0,0.0,0.0,0.0,0.0,0.0,0.0,0.0,0.59227896,0.407721,0.0,0.0
9,8,0.0,0.0,0.0,0.0,0.0,0.0,0.0,0.0,0.59227896,0.407721,0.0,0.0
9,8,0.0,0.0,0.0,0.0,0.0,0.0,0.0,0.0,0.59227896,0.407721,0.0,0.0
9,8,0.0,0.0,0.0,0.0,0.0,0.0,0.0,0.0,0.59227896,0.407721,0.0,0.0
9,8,0.0,0.0,0.0,0.0,0.0,0.0,0.0,0.0,0.59227896,0.407721,0.0,0.0
9,8,0.0,0.0,0.0,0.0,0.0,0.0,0.0,0.0,0.59227896,0.407721,0.0,0.0
9,8,0.0,0.0,0.0,0.0,0.0,0.0,0.0,0.0,0.53265476,0.4673453,0.0,0.0
9,8,0.0,0.0,0.0,0.0,0.0,0.0,0.0,0.0,0.53265476,0.4673453,0.0,0.0
9,8,0.0,0.0,0.0,0.0,0.0,0.0,0.0,0.0,0.53265476,0.4673453,0.0,0.0
9,8,0.0,0.0,0.0,0.0,0.0,0.0,0.0,0.0,0.53265476,0.4673453,0.0,0.0
9,8,0.0,0.0,0.0,0.0,0.0,0.0,0.0,0.0,0.53265476,0.4673453,0.0,0.0
9,8,0.0,0.0,0.0,0.0,0.0,0.0,0.0,0.0,0.53265476,0.4673453,0.0,0.0
9,8,0.0,0.0,0.0,0.0,0.0,0.0,0.0,0.0,0.53265476,0.4673453,0.0,0.0
9,8,0.0,0.0,0.0,0.0,0.0,0.0,0.0,0.0,0.53265476,0.4673453,0.0,0.0
9,8,0.0,0.0,0.0,0.0,0.0,0.0,0.0,0.0,0.53265476,0.4673453,0.0,0.0
9,8,0.0,0.0,0.0,0.0,0.0,0.0,0.0,0.0,0.53265476,0.4673453,0.0,0.0
9,8,0.0,0.0,0.0,0.0,0.0,0.0,0.0,0.0,0.53265476,0.4673453,0.0,0.0
9,8,0.0,0.0,0.0,0.0,0.0,0.0,0.0,0.0,0.53265476,0.4673453,0.0,0.0
9,8,0.0,0.0,0.0,0.0,0.0,0.0,0.0,0.0,0.53265476,0.4673453,0.0,0.0
9,8,0.0,0.0,0.0,0.0,0.0,0.0,0.0,0.0,0.53265476,0.4673453,0.0,0.0
9,8,0.0,0.0,0.0,0.0,0.0,0.0,0.0,0.0,0.53265476,0.4673453,0.0,0.0
9,8,0.0,0.0,0.0,0.0,0.0,0.0,0.0,0.0,0.53265476,0.4673453,0.0,0.0
9,9,0.0,0.0,0.0,0.0,0.0,0.0,0.0,0.0,0.48338473,0.51661533,0.0,0.0
9,9,0.0,0.0,0.0,0.0,0.0,0.0,0.0,0.0,0.48338473,0.51661533,0.0,0.0
9,9,0.0,0.0,0.0,0.0,0.0,0.0,0.0,0.0,0.48338473,0.51661533,0.0,0.0
9,9,0.0,0.0,0.0,0.0,0.0,0.0,0.0,0.0,0.48338473,0.51661533,0.0,0.0
9,9,0.0,0.0,0.0,0.0,0.0,0.0,0.0,0.0,0.48338473,0.51661533,0.0,0.0
9,9,0.0,0.0,0.0,0.0,0.0,0.0,0.0,0.0,0.48338473,0.51661533,0.0,0.0
9,9,0.0,0.0,0.0,0.0,0.0,0.0,0.0,0.0,0.45687094,0.5431291,0.0,0.0
9,9,0.0,0.0,0.0,0.0,0.0,0.0,0.0,0.0,0.45687094,0.5431291,0.0,0.0
9,9,0.0,0.0,0.0,0.0,0.0,0.0,0.0,0.0,0.45687094,0.5431291,0.0,0.0
9,9,0.0,0.0,0.0,0.0,0.0,0.0,0.0,0.0,0.45687094,0.5431291,0.0,0.0
9,9,0.0,0.0,0.0,0.0,0.0,0.0,0.0,0.0,0.45687094,0.5431291,0.0,0.0
9,9,0.0,0.0,0.0,0.0,0.0,0.0,0.0,0.0,0.45687094,0.5431291,0.0,0.0
9,9,0.0,0.0,0.0,0.0,0.0,0.0,0.0,0.0,0.45687094,0.5431291,0.0,0.0
9,9,0.0,0.0,0.0,0.0,0.0,0.0,0.0,0.0,0.45687094,0.5431291,0.0,0.0
9,9,0.0,0.0,0.0,0.0,0.0,0.0,0.0,0.0,0.45687094,0.5431291,0.0,0.0
9,9,0.0,0.0,0.0,0.0,0.0,0.0,0.0,0.0,0.45687094,0.5431291,0.0,0.0
9,9,0.0,0.0,0.0,0.0,0.0,0.0,0.0,0.0,0.45687094,0.5431291,0.0,0.0
9,9,0.0,0.0,0.0,0.0,0.0,0.0,0.0,0.0,0.45687094,0.5431291,0.0,0.0
9,9,0.0,0.0,0.0,0.0,0.0,0.0,0.0,0.0,0.45687094,0.5431291,0.0,0.0
9,9,0.0,0.0,0.0,0.0,0.0,0.0,0.0,0.0,0.45687094,0.5431291,0.0,0.0
9,9,0.0,0.0,0.0,0.0,0.0,0.0,0.0,0.0,0.45687094,0.5431291,0.0,0.0
9,9,0.0,0.0,0.0,0.0,0.0,0.0,0.0,0.0,0.45687094,0.5431291,0.0,0.0
9,9,0.0,0.0,0.0,0.0,0.0,0.0,0.0,0.0,0.3565262,0.6434738,0.0,0.0
9,9,0.0,0.0,0.0,0.0,0.0,0.0,0.0,0.0,0.3042931,0.6957069,0.0,0.0
9,9,0.0,0.0,0.0,0.0,0.0,0.0,0.0,0.0,0.3042931,0.6957069,0.0,0.0
9,9,0.0,0.0,0.0,0.0,0.0,0.0,0.0,0.0,0.3042931,0.6957069,0.0,0.0
9,9,0.0,0.0,0.0,0.0,0.0,0.0,0.0,0.0,0.3042931,0.6957069,0.0,0.0
9,9,0.0,0.0,0.0,0.0,0.0,0.0,0.0,0.0,0.3042931,0.6957069,0.0,0.0
9,9,0.0,0.0,0.0,0.0,0.0,0.0,0.0,0.0,0.3042931,0.6957069,0.0,0.0
9,9,0.0,0.0,0.0,0.0,0.0,0.0,0.0,0.0,0.3042931,0.6957069,0.0,0.0
9,9,0.0,0.0,0.0,0.0,0.0,0.0,0.0,0.0,0.3042931,0.6957069,0.0,0.0
9,9,0.0,0.0,0.0,0.0,0.0,0.0,0.0,0.0,0.3042931,0.6957069,0.0,0.0
9,9,0.0,0.0,0.0,0.0,0.0,0.0,0.0,0.0,0.3042931,0.6957069,0.0,0.0
9,9,0.0,0.0,0.0,0.0,0.0,0.0,0.0,0.0,0.3042931,0.6957069,0.0,0.0
9,9,0.0,0.0,0.0,0.0,0.0,0.0,0.0,0.0,0.3042931,0.6957069,0.0,0.0
9,9,0.0,0.0,0.0,0.0,0.0,0.0,0.0,0.0,0.3042931,0.6957069,0.0,0.0
9,9,0.0,0.0,0.0,0.0,0.0,0.0,0.0,0.0,0.3042931,0.6957069,0.0,0.0
9,9,0.0,0.0,0.0,0.0,0.0,0.0,0.0,0.0,0.3042931,0.6957069,0.0,0.0
9,9,0.0,0.0,0.0,0.0,0.0,0.0,0.0,0.0,0.055761885,0.9442381,0.0,0.0
9,9,0.0,0.0,0.0,0.0,0.0,0.0,0.0,0.0,0.055761885,0.9442381,0.0,0.0
9,9,0.0,0.0,0.0,0.0,0.0,0.0,0.0,0.0,0.055761885,0.9442381,0.0,0.0
9,9,0.0,0.0,0.0,0.0,0.0,0.0,0.0,0.0,0.055761885,0.9442381,0.0,0.0
9,9,0.0,0.0,0.0,0.0,0.0,0.0,0.0,0.0,0.055761885,0.9442381,0.0,0.0
9,9,0.0,0.0,0.0,0.0,0.0,0.0,0.0,0.0,0.055761885,0.9442381,0.0,0.0
9,9,0.0,0.0,0.0,0.0,0.0,0.0,0.0,0.0,0.055761885,0.9442381,0.0,0.0
9,9,0.0,0.0,0.0,0.0,0.0,0.0,0.0,0.0,0.055761885,0.9442381,0.0,0.0
9,9,0.0,0.0,0.0,0.0,0.0,0.0,0.0,0.0,0.055761885,0.9442381,0.0,0.0
9,9,0.0,0.0,0.0,0.0,0.0,0.0,0.0,0.0,0.055761885,0.9442381,0.0,0.0
9,9,0.0,0.0,0.0,0.0,0.0,0.0,0.0,0.0,0.055761885,0.9442381,0.0,0.0
9,9,0.0,0.0,0.0,0.0,0.0,0.0,0.0,0.0,0.055761885,0.9442381,0.0,0.0
9,9,0.0,0.0,0.0,0.0,0.0,0.0,0.0,0.0,0.055761885,0.9442381,0.0,0.0
9,9,0.0,0.0,0.0,0.0,0.0,0.0,0.0,0.0,0.055761885,0.9442381,0.0,0.0
9,9,0.0,0.0,0.0,0.0,0.0,0.0,0.0,0.0,0.055761885,0.9442381,0.0,0.0
9,9,0.0,0.0,0.0,0.0,0.0,0.0,0.0,0.0,0.055761885,0.9442381,0.0,0.0
9,9,0.0,0.0,0.0,0.0,0.0,0.0,0.0,0.0,0.055761885,0.9442381,0.0,0.0
9,9,0.0,0.0,0.0,0.0,0.0,0.0,0.0,0.0,0.055761885,0.9442381,0.0,0.0
9,9,0.0,0.0,0.0,0.0,0.0,0.0,0.0,0.0,0.055761885,0.9442381,0.0,0.0
9,9,0.0,0.0,0.0,0.0,0.0,0.0,0.0,0.0,0.055761885,0.9442381,0.0,0.0
9,9,0.0,0.0,0.0,0.0,0.0,0.0,0.0,0.0,0.055761885,0.9442381,0.0,0.0
9,9,0.0,0.0,0.0,0.0,0.0,0.0,0.0,0.0,0.055761885,0.9442381,0.0,0.0
9,9,0.0,0.0,0.0,0.0,0.0,0.0,0.0,0.0,0.055761885,0.9442381,0.0,0.0
9,9,0.0,0.0,0.0,0.0,0.0,0.0,0.0,0.0,0.055761885,0.9442381,0.0,0.0
9,9,0.0,0.0,0.0,0.0,0.0,0.0,0.0,0.0,0.055761885,0.9442381,0.0,0.0
9,9,0.0,0.0,0.0,0.0,0.0,0.0,0.0,0.0,0.055761885,0.9442381,0.0,0.0
9,9,0.0,0.0,0.0,0.0,0.0,0.0,0.0,0.0,0.055761885,0.9442381,0.0,0.0
9,9,0.0,0.0,0.0,0.0,0.0,0.0,0.0,0.0,0.055761885,0.9442381,0.0,0.0
9,9,0.0,0.0,0.0,0.0,0.0,0.0,0.0,0.0,0.055761885,0.9442381,0.0,0.0
9,9,0.0,0.0,0.0,0.0,0.0,0.0,0.0,0.0,0.055761885,0.9442381,0.0,0.0
9,9,0.0,0.0,0.0,0.0,0.0,0.0,0.0,0.0,0.055761885,0.9442381,0.0,0.0
9,9,0.0,0.0,0.0,0.0,0.0,0.0,0.0,0.0,0.055761885,0.9442381,0.0,0.0
9,9,0.0,0.0,0.0,0.0,0.0,0.0,0.0,0.0,0.055761885,0.9442381,0.0,0.0
9,9,0.0,0.0,0.0,0.0,0.0,0.0,0.0,0.0,0.055761885,0.9442381,0.0,0.0
9,9,0.0,0.0,0.0,0.0,0.0,0.0,0.0,0.0,0.055761885,0.9442381,0.0,0.0
9,9,0.0,0.0,0.0,0.0,0.0,0.0,0.0,0.0,0.055761885,0.9442381,0.0,0.0
9,9,0.0,0.0,0.0,0.0,0.0,0.0,0.0,0.0,0.055761885,0.9442381,0.0,0.0
9,9,0.0,0.0,0.0,0.0,0.0,0.0,0.0,0.0,0.055761885,0.9442381,0.0,0.0
9,9,0.0,0.0,0.0,0.0,0.0,0.0,0.0,0.0,0.055761885,0.9442381,0.0,0.0
9,9,0.0,0.0,0.0,0.0,0.0,0.0,0.0,0.0,0.055761885,0.9442381,0.0,0.0
9,9,0.0,0.0,0.0,0.0,0.0,0.0,0.0,0.0,0.055761885,0.9442381,0.0,0.0
9,9,0.0,0.0,0.0,0.0,0.0,0.0,0.0,0.0,0.055761885,0.9442381,0.0,0.0
9,9,0.0,0.0,0.0,0.0,0.0,0.0,0.0,0.0,0.055761885,0.9442381,0.0,0.0
9,9,0.0,0.0,0.0,0.0,0.0,0.0,0.0,0.0,0.055761885,0.9442381,0.0,0.0
9,9,0.0,0.0,0.0,0.0,0.0,0.0,0.0,0.0,0.055761885,0.9442381,0.0,0.0
9,9,0.0,0.0,0.0,0.0,0.0,0.0,0.0,0.0,0.055761885,0.9442381,0.0,0.0
9,9,0.0,0.0,0.0,0.0,0.0,0.0,0.0,0.0,0.055761885,0.9442381,0.0,0.0
9,9,0.0,0.0,0.0,0.0,0.0,0.0,0.0,0.0,0.055761885,0.9442381,0.0,0.0
9,9,0.0,0.0,0.0,0.0,0.0,0.0,0.0,0.0,0.055761885,0.9442381,0.0,0.0
9,9,0.0,0.0,0.0,0.0,0.0,0.0,0.0,0.0,0.055761885,0.9442381,0.0,0.0
9,9,0.0,0.0,0.0,0.0,0.0,0.0,0.0,0.0,0.055761885,0.9442381,0.0,0.0
9,9,0.0,0.0,0.0,0.0,0.0,0.0,0.0,0.0,0.055761885,0.9442381,0.0,0.0
9,9,0.0,0.0,0.0,0.0,0.0,0.0,0.0,0.0,0.055761885,0.9442381,0.0,0.0
9,9,0.0,0.0,0.0,0.0,0.0,0.0,0.0,0.0,0.055761885,0.9442381,0.0,0.0
9,9,0.0,0.0,0.0,0.0,0.0,0.0,0.0,0.0,0.024123913,0.9758761,0.0,0.0
9,9,0.0,0.0,0.0,0.0,0.0,0.0,0.0,0.0,0.024123913,0.9758761,0.0,0.0
9,9,0.0,0.0,0.0,0.0,0.0,0.0,0.0,0.0,0.024123913,0.9758761,0.0,0.0
9,9,0.0,0.0,0.0,0.0,0.0,0.0,0.0,0.0,0.024123913,0.9758761,0.0,0.0
9,9,0.0,0.0,0.0,0.0,0.0,0.0,0.0,0.0,0.024123913,0.9758761,0.0,0.0
9,9,0.0,0.0,0.0,0.0,0.0,0.0,0.0,0.0,0.024123913,0.9758761,0.0,0.0
9,9,0.0,0.0,0.0,0.0,0.0,0.0,0.0,0.0,0.024123913,0.9758761,0.0,0.0
9,9,0.0,0.0,0.0,0.0,0.0,0.0,0.0,0.0,0.024123913,0.9758761,0.0,0.0
9,9,0.0,0.0,0.0,0.0,0.0,0.0,0.0,0.0,0.024123913,0.9758761,0.0,0.0
9,9,0.0,0.0,0.0,0.0,0.0,0.0,0.0,0.0,0.024123913,0.9758761,0.0,0.0
9,9,0.0,0.0,0.0,0.0,0.0,0.0,0.0,0.0,0.024123913,0.9758761,0.0,0.0
9,9,0.0,0.0,0.0,0.0,0.0,0.0,0.0,0.0,0.024123913,0.9758761,0.0,0.0
9,9,0.0,0.0,0.0,0.0,0.0,0.0,0.0,0.0,0.024123913,0.9758761,0.0,0.0
9,9,0.0,0.0,0.0,0.0,0.0,0.0,0.0,0.0,0.024123913,0.9758761,0.0,0.0
9,9,0.0,0.0,0.0,0.0,0.0,0.0,0.0,0.0,0.024123913,0.9758761,0.0,0.0
9,9,0.0,0.0,0.0,0.0,0.0,0.0,0.0,0.0,0.024123913,0.9758761,0.0,0.0
9,9,0.0,0.0,0.0,0.0,0.0,0.0,0.0,0.0,0.024123913,0.9758761,0.0,0.0
9,9,0.0,0.0,0.0,0.0,0.0,0.0,0.0,0.0,0.024123913,0.9758761,0.0,0.0
9,9,0.0,0.0,0.0,0.0,0.0,0.0,0.0,0.0,0.024123913,0.9758761,0.0,0.0
9,9,0.0,0.0,0.0,0.0,0.0,0.0,0.0,0.0,0.024123913,0.9758761,0.0,0.0
9,9,0.0,0.0,0.0,0.0,0.0,0.0,0.0,0.0,0.024123913,0.9758761,0.0,0.0
9,9,0.0,0.0,0.0,0.0,0.0,0.0,0.0,0.0,0.024123913,0.9758761,0.0,0.0
9,9,0.0,0.0,0.0,0.0,0.0,0.0,0.0,0.0,0.024123913,0.9758761,0.0,0.0
9,9,0.0,0.0,0.0,0.0,0.0,0.0,0.0,0.0,0.024123913,0.9758761,0.0,0.0
9,9,0.0,0.0,0.0,0.0,0.0,0.0,0.0,0.0,0.024123913,0.9758761,0.0,0.0
9,9,0.0,0.0,0.0,0.0,0.0,0.0,0.0,0.0,0.024123913,0.9758761,0.0,0.0
9,9,0.0,0.0,0.0,0.0,0.0,0.0,0.0,0.0,0.024123913,0.9758761,0.0,0.0
9,9,0.0,0.0,0.0,0.0,0.0,0.0,0.0,0.0,0.024123913,0.9758761,0.0,0.0
9,9,0.0,0.0,0.0,0.0,0.0,0.0,0.0,0.0,0.024123913,0.9758761,0.0,0.0
9,9,0.0,0.0,0.0,0.0,0.0,0.0,0.0,0.0,0.024123913,0.9758761,0.0,0.0
9,9,0.0,0.0,0.0,0.0,0.0,0.0,0.0,0.0,0.024123913,0.9758761,0.0,0.0
9,9,0.0,0.0,0.0,0.0,0.0,0.0,0.0,0.0,0.024123913,0.9758761,0.0,0.0
9,9,0.0,0.0,0.0,0.0,0.0,0.0,0.0,0.0,0.024123913,0.9758761,0.0,0.0
9,9,0.0,0.0,0.0,0.0,0.0,0.0,0.0,0.0,0.024123913,0.9758761,0.0,0.0
9,9,0.0,0.0,0.0,0.0,0.0,0.0,0.0,0.0,0.024123913,0.9758761,0.0,0.0
9,9,0.0,0.0,0.0,0.0,0.0,0.0,0.0,0.0,0.024123913,0.9758761,0.0,0.0
9,9,0.0,0.0,0.0,0.0,0.0,0.0,0.0,0.0,0.024123913,0.9758761,0.0,0.0
9,9,0.0,0.0,0.0,0.0,0.0,0.0,0.0,0.0,0.024123913,0.9758761,0.0,0.0
9,9,0.0,0.0,0.0,0.0,0.0,0.0,0.0,0.0,0.024123913,0.9758761,0.0,0.0
9,9,0.0,0.0,0.0,0.0,0.0,0.0,0.0,0.0,0.024123913,0.9758761,0.0,0.0
9,9,0.0,0.0,0.0,0.0,0.0,0.0,0.0,0.0,0.024123913,0.9758761,0.0,0.0
9,9,0.0,0.0,0.0,0.0,0.0,0.0,0.0,0.0,0.024123913,0.9758761,0.0,0.0
9,9,0.0,0.0,0.0,0.0,0.0,0.0,0.0,0.0,0.024123913,0.9758761,0.0,0.0
9,9,0.0,0.0,0.0,0.0,0.0,0.0,0.0,0.0,0.024123913,0.9758761,0.0,0.0
9,9,0.0,0.0,0.0,0.0,0.0,0.0,0.0,0.0,0.024123913,0.9758761,0.0,0.0
9,9,0.0,0.0,0.0,0.0,0.0,0.0,0.0,0.0,0.024123913,0.9758761,0.0,0.0
9,9,0.0,0.0,0.0,0.0,0.0,0.0,0.0,0.0,0.024123913,0.9758761,0.0,0.0
9,9,0.0,0.0,0.0,0.0,0.0,0.0,0.0,0.0,0.024123913,0.9758761,0.0,0.0
9,9,0.0,0.0,0.0,0.0,0.0,0.0,0.0,0.0,0.024123913,0.9758761,0.0,0.0
9,9,0.0,0.0,0.0,0.0,0.0,0.0,0.0,0.0,0.024123913,0.9758761,0.0,0.0
9,9,0.0,0.0,0.0,0.0,0.0,0.0,0.0,0.0,0.024123913,0.9758761,0.0,0.0
9,9,0.0,0.0,0.0,0.0,0.0,0.0,0.0,0.0,0.024123913,0.9758761,0.0,0.0
9,9,0.0,0.0,0.0,0.0,0.0,0.0,0.0,0.0,0.024123913,0.9758761,0.0,0.0
9,9,0.0,0.0,0.0,0.0,0.0,0.0,0.0,0.0,0.024123913,0.9758761,0.0,0.0
9,9,0.0,0.0,0.0,0.0,0.0,0.0,0.0,0.0,0.024123913,0.9758761,0.0,0.0
9,9,0.0,0.0,0.0,0.0,0.0,0.0,0.0,0.0,0.024123913,0.9758761,0.0,0.0
9,9,0.0,0.0,0.0,0.0,0.0,0.0,0.0,0.0,0.024123913,0.9758761,0.0,0.0
9,9,0.0,0.0,0.0,0.0,0.0,0.0,0.0,0.0,0.024123913,0.9758761,0.0,0.0
9,9,0.0,0.0,0.0,0.0,0.0,0.0,0.0,0.0,0.024123913,0.9758761,0.0,0.0
9,9,0.0,0.0,0.0,0.0,0.0,0.0,0.0,0.0,0.024123913,0.9758761,0.0,0.0
9,9,0.0,0.0,0.0,0.0,0.0,0.0,0.0,0.0,0.024123913,0.9758761,0.0,0.0
9,9,0.0,0.0,0.0,0.0,0.0,0.0,0.0,0.0,0.024123913,0.9758761,0.0,0.0
9,9,0.0,0.0,0.0,0.0,0.0,0.0,0.0,0.0,0.024123913,0.9758761,0.0,0.0
9,9,0.0,0.0,0.0,0.0,0.0,0.0,0.0,0.0,0.024123913,0.9758761,0.0,0.0
9,9,0.0,0.0,0.0,0.0,0.0,0.0,0.0,0.0,0.024123913,0.9758761,0.0,0.0
9,9,0.0,0.0,0.0,0.0,0.0,0.0,0.0,0.0,0.024123913,0.9758761,0.0,0.0
9,9,0.0,0.0,0.0,0.0,0.0,0.0,0.0,0.0,0.024123913,0.9758761,0.0,0.0
9,9,0.0,0.0,0.0,0.0,0.0,0.0,0.0,0.0,0.024123913,0.9758761,0.0,0.0
9,9,0.0,0.0,0.0,0.0,0.0,0.0,0.0,0.0,0.024123913,0.9758761,0.0,0.0
9,9,0.0,0.0,0.0,0.0,0.0,0.0,0.0,0.0,0.024123913,0.9758761,0.0,0.0
9,9,0.0,0.0,0.0,0.0,0.0,0.0,0.0,0.0,0.024123913,0.9758761,0.0,0.0
9,9,0.0,0.0,0.0,0.0,0.0,0.0,0.0,0.0,0.024123913,0.9758761,0.0,0.0
9,9,0.0,0.0,0.0,0.0,0.0,0.0,0.0,0.0,0.024123913,0.9758761,0.0,0.0
9,9,0.0,0.0,0.0,0.0,0.0,0.0,0.0,0.0,0.024123913,0.9758761,0.0,0.0
9,9,0.0,0.0,0.0,0.0,0.0,0.0,0.0,0.0,0.024123913,0.9758761,0.0,0.0
9,9,0.0,0.0,0.0,0.0,0.0,0.0,0.0,0.0,0.024123913,0.9758761,0.0,0.0
9,9,0.0,0.0,0.0,0.0,0.0,0.0,0.0,0.0,0.024123913,0.9758761,0.0,0.0
9,9,0.0,0.0,0.0,0.0,0.0,0.0,0.0,0.0,0.024123913,0.9758761,0.0,0.0
9,9,0.0,0.0,0.0,0.0,0.0,0.0,0.0,0.0,0.024123913,0.9758761,0.0,0.0
9,9,0.0,0.0,0.0,0.0,0.0,0.0,0.0,0.0,0.024123913,0.9758761,0.0,0.0
9,9,0.0,0.0,0.0,0.0,0.0,0.0,0.0,0.0,0.024123913,0.9758761,0.0,0.0
9,9,0.0,0.0,0.0,0.0,0.0,0.0,0.0,0.0,0.024123913,0.9758761,0.0,0.0
9,9,0.0,0.0,0.0,0.0,0.0,0.0,0.0,0.0,0.024123913,0.9758761,0.0,0.0
9,9,0.0,0.0,0.0,0.0,0.0,0.0,0.0,0.0,0.024123913,0.9758761,0.0,0.0
9,9,0.0,0.0,0.0,0.0,0.0,0.0,0.0,0.0,0.024123913,0.9758761,0.0,0.0
9,9,0.0,0.0,0.0,0.0,0.0,0.0,0.0,0.0,0.024123913,0.9758761,0.0,0.0
9,9,0.0,0.0,0.0,0.0,0.0,0.0,0.0,0.0,0.024123913,0.9758761,0.0,0.0
9,9,0.0,0.0,0.0,0.0,0.0,0.0,0.0,0.0,0.024123913,0.9758761,0.0,0.0
9,9,0.0,0.0,0.0,0.0,0.0,0.0,0.0,0.0,0.024123913,0.9758761,0.0,0.0
9,9,0.0,0.0,0.0,0.0,0.0,0.0,0.0,0.0,0.024123913,0.9758761,0.0,0.0
9,9,0.0,0.0,0.0,0.0,0.0,0.0,0.0,0.0,0.024123913,0.9758761,0.0,0.0
9,9,0.0,0.0,0.0,0.0,0.0,0.0,0.0,0.0,0.024123913,0.9758761,0.0,0.0
9,9,0.0,0.0,0.0,0.0,0.0,0.0,0.0,0.0,0.024123913,0.9758761,0.0,0.0
9,9,0.0,0.0,0.0,0.0,0.0,0.0,0.0,0.0,0.024123913,0.9758761,0.0,0.0
9,9,0.0,0.0,0.0,0.0,0.0,0.0,0.0,0.0,0.024123913,0.9758761,0.0,0.0
9,9,0.0,0.0,0.0,0.0,0.0,0.0,0.0,0.0,0.024123913,0.9758761,0.0,0.0
9,9,0.0,0.0,0.0,0.0,0.0,0.0,0.0,0.0,0.024123913,0.9758761,0.0,0.0
9,9,0.0,0.0,0.0,0.0,0.0,0.0,0.0,0.0,0.024123913,0.9758761,0.0,0.0
9,9,0.0,0.0,0.0,0.0,0.0,0.0,0.0,0.0,0.024123913,0.9758761,0.0,0.0
9,9,0.0,0.0,0.0,0.0,0.0,0.0,0.0,0.0,0.024123913,0.9758761,0.0,0.0
9,9,0.0,0.0,0.0,0.0,0.0,0.0,0.0,0.0,0.024123913,0.9758761,0.0,0.0
9,9,0.0,0.0,0.0,0.0,0.0,0.0,0.0,0.0,0.024123913,0.9758761,0.0,0.0
9,9,0.0,0.0,0.0,0.0,0.0,0.0,0.0,0.0,0.024123913,0.9758761,0.0,0.0
9,9,0.0,0.0,0.0,0.0,0.0,0.0,0.0,0.0,0.024123913,0.9758761,0.0,0.0
9,9,0.0,0.0,0.0,0.0,0.0,0.0,0.0,0.0,0.024123913,0.9758761,0.0,0.0
9,9,0.0,0.0,0.0,0.0,0.0,0.0,0.0,0.0,0.024123913,0.9758761,0.0,0.0
9,9,0.0,0.0,0.0,0.0,0.0,0.0,0.0,0.0,0.024123913,0.9758761,0.0,0.0
9,9,0.0,0.0,0.0,0.0,0.0,0.0,0.0,0.0,0.024123913,0.9758761,0.0,0.0
9,9,0.0,0.0,0.0,0.0,0.0,0.0,0.0,0.0,0.024123913,0.9758761,0.0,0.0
9,9,0.0,0.0,0.0,0.0,0.0,0.0,0.0,0.0,0.024123913,0.9758761,0.0,0.0
9,9,0.0,0.0,0.0,0.0,0.0,0.0,0.0,0.0,0.024123913,0.9758761,0.0,0.0
9,9,0.0,0.0,0.0,0.0,0.0,0.0,0.0,0.0,0.024123913,0.9758761,0.0,0.0
9,9,0.0,0.0,0.0,0.0,0.0,0.0,0.0,0.0,0.024123913,0.9758761,0.0,0.0
9,9,0.0,0.0,0.0,0.0,0.0,0.0,0.0,0.0,0.024123913,0.9758761,0.0,0.0
9,9,0.0,0.0,0.0,0.0,0.0,0.0,0.0,0.0,0.024123913,0.9758761,0.0,0.0
9,9,0.0,0.0,0.0,0.0,0.0,0.0,0.0,0.0,0.024123913,0.9758761,0.0,0.0
9,9,0.0,0.0,0.0,0.0,0.0,0.0,0.0,0.0,0.024123913,0.9758761,0.0,0.0
9,9,0.0,0.0,0.0,0.0,0.0,0.0,0.0,0.0,0.024123913,0.9758761,0.0,0.0
9,9,0.0,0.0,0.0,0.0,0.0,0.0,0.0,0.0,0.024123913,0.9758761,0.0,0.0
9,9,0.0,0.0,0.0,0.0,0.0,0.0,0.0,0.0,0.024123913,0.9758761,0.0,0.0
9,9,0.0,0.0,0.0,0.0,0.0,0.0,0.0,0.0,0.024123913,0.9758761,0.0,0.0
9,9,0.0,0.0,0.0,0.0,0.0,0.0,0.0,0.0,0.024123913,0.9758761,0.0,0.0
9,9,0.0,0.0,0.0,0.0,0.0,0.0,0.0,0.0,0.024123913,0.9758761,0.0,0.0
9,9,0.0,0.0,0.0,0.0,0.0,0.0,0.0,0.0,0.024123913,0.9758761,0.0,0.0
9,9,0.0,0.0,0.0,0.0,0.0,0.0,0.0,0.0,0.024123913,0.9758761,0.0,0.0
9,9,0.0,0.0,0.0,0.0,0.0,0.0,0.0,0.0,0.024123913,0.9758761,0.0,0.0
9,9,0.0,0.0,0.0,0.0,0.0,0.0,0.0,0.0,0.024123913,0.9758761,0.0,0.0
9,9,0.0,0.0,0.0,0.0,0.0,0.0,0.0,0.0,0.024123913,0.9758761,0.0,0.0
9,9,0.0,0.0,0.0,0.0,0.0,0.0,0.0,0.0,0.024123913,0.9758761,0.0,0.0
9,9,0.0,0.0,0.0,0.0,0.0,0.0,0.0,0.0,0.024123913,0.9758761,0.0,0.0
9,9,0.0,0.0,0.0,0.0,0.0,0.0,0.0,0.0,0.024123913,0.9758761,0.0,0.0
9,9,0.0,0.0,0.0,0.0,0.0,0.0,0.0,0.0,0.024123913,0.9758761,0.0,0.0
9,9,0.0,0.0,0.0,0.0,0.0,0.0,0.0,0.0,0.024123913,0.9758761,0.0,0.0
9,9,0.0,0.0,0.0,0.0,0.0,0.0,0.0,0.0,0.024123913,0.9758761,0.0,0.0
9,9,0.0,0.0,0.0,0.0,0.0,0.0,0.0,0.0,0.024123913,0.9758761,0.0,0.0
9,9,0.0,0.0,0.0,0.0,0.0,0.0,0.0,0.0,0.024123913,0.9758761,0.0,0.0
9,9,0.0,0.0,0.0,0.0,0.0,0.0,0.0,0.0,0.024123913,0.9758761,0.0,0.0
9,9,0.0,0.0,0.0,0.0,0.0,0.0,0.0,0.0,0.024123913,0.9758761,0.0,0.0
9,9,0.0,0.0,0.0,0.0,0.0,0.0,0.0,0.0,0.024123913,0.9758761,0.0,0.0
9,9,0.0,0.0,0.0,0.0,0.0,0.0,0.0,0.0,0.024123913,0.9758761,0.0,0.0
9,9,0.0,0.0,0.0,0.0,0.0,0.0,0.0,0.0,0.024123913,0.9758761,0.0,0.0
9,9,0.0,0.0,0.0,0.0,0.0,0.0,0.0,0.0,0.024123913,0.9758761,0.0,0.0
9,9,0.0,0.0,0.0,0.0,0.0,0.0,0.0,0.0,0.024123913,0.9758761,0.0,0.0
9,9,0.0,0.0,0.0,0.0,0.0,0.0,0.0,0.0,0.024123913,0.9758761,0.0,0.0
9,9,0.0,0.0,0.0,0.0,0.0,0.0,0.0,0.0,0.024123913,0.9758761,0.0,0.0
9,9,0.0,0.0,0.0,0.0,0.0,0.0,0.0,0.0,0.024123913,0.9758761,0.0,0.0
9,9,0.0,0.0,0.0,0.0,0.0,0.0,0.0,0.0,0.024123913,0.9758761,0.0,0.0
9,9,0.0,0.0,0.0,0.0,0.0,0.0,0.0,0.0,0.024123913,0.9758761,0.0,0.0
9,9,0.0,0.0,0.0,0.0,0.0,0.0,0.0,0.0,0.024123913,0.9758761,0.0,0.0
9,9,0.0,0.0,0.0,0.0,0.0,0.0,0.0,0.0,0.024123913,0.9758761,0.0,0.0
9,9,0.0,0.0,0.0,0.0,0.0,0.0,0.0,0.0,0.024123913,0.9758761,0.0,0.0
9,9,0.0,0.0,0.0,0.0,0.0,0.0,0.0,0.0,0.024123913,0.9758761,0.0,0.0
9,9,0.0,0.0,0.0,0.0,0.0,0.0,0.0,0.0,0.024123913,0.9758761,0.0,0.0
9,9,0.0,0.0,0.0,0.0,0.0,0.0,0.0,0.0,0.024123913,0.9758761,0.0,0.0
9,9,0.0,0.0,0.0,0.0,0.0,0.0,0.0,0.0,0.024123913,0.9758761,0.0,0.0
9,9,0.0,0.0,0.0,0.0,0.0,0.0,0.0,0.0,0.024123913,0.9758761,0.0,0.0
9,9,0.0,0.0,0.0,0.0,0.0,0.0,0.0,0.0,0.024123913,0.9758761,0.0,0.0
9,9,0.0,0.0,0.0,0.0,0.0,0.0,0.0,0.0,0.024123913,0.9758761,0.0,0.0
9,9,0.0,0.0,0.0,0.0,0.0,0.0,0.0,0.0,0.024123913,0.9758761,0.0,0.0
9,9,0.0,0.0,0.0,0.0,0.0,0.0,0.0,0.0,0.024123913,0.9758761,0.0,0.0
9,9,0.0,0.0,0.0,0.0,0.0,0.0,0.0,0.0,0.024123913,0.9758761,0.0,0.0
9,9,0.0,0.0,0.0,0.0,0.0,0.0,0.0,0.0,0.024123913,0.9758761,0.0,0.0
9,9,0.0,0.0,0.0,0.0,0.0,0.0,0.0,0.0,0.024123913,0.9758761,0.0,0.0
9,9,0.0,0.0,0.0,0.0,0.0,0.0,0.0,0.0,0.024123913,0.9758761,0.0,0.0
9,9,0.0,0.0,0.0,0.0,0.0,0.0,0.0,0.0,0.024123913,0.9758761,0.0,0.0
9,9,0.0,0.0,0.0,0.0,0.0,0.0,0.0,0.0,0.024123913,0.9758761,0.0,0.0
9,9,0.0,0.0,0.0,0.0,0.0,0.0,0.0,0.0,0.024123913,0.9758761,0.0,0.0
9,9,0.0,0.0,0.0,0.0,0.0,0.0,0.0,0.0,0.024123913,0.9758761,0.0,0.0
9,9,0.0,0.0,0.0,0.0,0.0,0.0,0.0,0.0,0.024123913,0.9758761,0.0,0.0
9,9,0.0,0.0,0.0,0.0,0.0,0.0,0.0,0.0,0.024123913,0.9758761,0.0,0.0
9,9,0.0,0.0,0.0,0.0,0.0,0.0,0.0,0.0,0.024123913,0.9758761,0.0,0.0
9,9,0.0,0.0,0.0,0.0,0.0,0.0,0.0,0.0,0.024123913,0.9758761,0.0,0.0
9,9,0.0,0.0,0.0,0.0,0.0,0.0,0.0,0.0,0.024123913,0.9758761,0.0,0.0
9,9,0.0,0.0,0.0,0.0,0.0,0.0,0.0,0.0,0.024123913,0.9758761,0.0,0.0
9,9,0.0,0.0,0.0,0.0,0.0,0.0,0.0,0.0,0.024123913,0.9758761,0.0,0.0
9,9,0.0,0.0,0.0,0.0,0.0,0.0,0.0,0.0,0.024123913,0.9758761,0.0,0.0
9,9,0.0,0.0,0.0,0.0,0.0,0.0,0.0,0.0,0.024123913,0.9758761,0.0,0.0
9,9,0.0,0.0,0.0,0.0,0.0,0.0,0.0,0.0,0.024123913,0.9758761,0.0,0.0
9,9,0.0,0.0,0.0,0.0,0.0,0.0,0.0,0.0,0.024123913,0.9758761,0.0,0.0
9,9,0.0,0.0,0.0,0.0,0.0,0.0,0.0,0.0,0.024123913,0.9758761,0.0,0.0
9,9,0.0,0.0,0.0,0.0,0.0,0.0,0.0,0.0,0.024123913,0.9758761,0.0,0.0
9,9,0.0,0.0,0.0,0.0,0.0,0.0,0.0,0.0,0.024123913,0.9758761,0.0,0.0
9,9,0.0,0.0,0.0,0.0,0.0,0.0,0.0,0.0,0.024123913,0.9758761,0.0,0.0
9,9,0.0,0.0,0.0,0.0,0.0,0.0,0.0,0.0,0.024123913,0.9758761,0.0,0.0
9,9,0.0,0.0,0.0,0.0,0.0,0.0,0.0,0.0,0.024123913,0.9758761,0.0,0.0
9,9,0.0,0.0,0.0,0.0,0.0,0.0,0.0,0.0,0.024123913,0.9758761,0.0,0.0
9,9,0.0,0.0,0.0,0.0,0.0,0.0,0.0,0.0,0.024123913,0.9758761,0.0,0.0
9,9,0.0,0.0,0.0,0.0,0.0,0.0,0.0,0.0,0.024123913,0.9758761,0.0,0.0
9,9,0.0,0.0,0.0,0.0,0.0,0.0,0.0,0.0,0.024123913,0.9758761,0.0,0.0
9,9,0.0,0.0,0.0,0.0,0.0,0.0,0.0,0.0,0.024123913,0.9758761,0.0,0.0
9,9,0.0,0.0,0.0,0.0,0.0,0.0,0.0,0.0,0.024123913,0.9758761,0.0,0.0
9,9,0.0,0.0,0.0,0.0,0.0,0.0,0.0,0.0,0.024123913,0.9758761,0.0,0.0
9,9,0.0,0.0,0.0,0.0,0.0,0.0,0.0,0.0,0.024123913,0.9758761,0.0,0.0
9,9,0.0,0.0,0.0,0.0,0.0,0.0,0.0,0.0,0.024123913,0.9758761,0.0,0.0
9,9,0.0,0.0,0.0,0.0,0.0,0.0,0.0,0.0,0.024123913,0.9758761,0.0,0.0
9,9,0.0,0.0,0.0,0.0,0.0,0.0,0.0,0.0,0.024123913,0.9758761,0.0,0.0
9,9,0.0,0.0,0.0,0.0,0.0,0.0,0.0,0.0,0.024123913,0.9758761,0.0,0.0
9,9,0.0,0.0,0.0,0.0,0.0,0.0,0.0,0.0,0.024123913,0.9758761,0.0,0.0
9,9,0.0,0.0,0.0,0.0,0.0,0.0,0.0,0.0,0.024123913,0.9758761,0.0,0.0
9,9,0.0,0.0,0.0,0.0,0.0,0.0,0.0,0.0,0.024123913,0.9758761,0.0,0.0
9,9,0.0,0.0,0.0,0.0,0.0,0.0,0.0,0.0,0.024123913,0.9758761,0.0,0.0
9,9,0.0,0.0,0.0,0.0,0.0,0.0,0.0,0.0,0.024123913,0.9758761,0.0,0.0
9,9,0.0,0.0,0.0,0.0,0.0,0.0,0.0,0.0,0.024123913,0.9758761,0.0,0.0
9,9,0.0,0.0,0.0,0.0,0.0,0.0,0.0,0.0,0.024123913,0.9758761,0.0,0.0
9,9,0.0,0.0,0.0,0.0,0.0,0.0,0.0,0.0,0.024123913,0.9758761,0.0,0.0
9,9,0.0,0.0,0.0,0.0,0.0,0.0,0.0,0.0,0.024123913,0.9758761,0.0,0.0
9,9,0.0,0.0,0.0,0.0,0.0,0.0,0.0,0.0,0.024123913,0.9758761,0.0,0.0
9,9,0.0,0.0,0.0,0.0,0.0,0.0,0.0,0.0,0.024123913,0.9758761,0.0,0.0
9,9,0.0,0.0,0.0,0.0,0.0,0.0,0.0,0.0,0.024123913,0.9758761,0.0,0.0
9,9,0.0,0.0,0.0,0.0,0.0,0.0,0.0,0.0,0.024123913,0.9758761,0.0,0.0
9,9,0.0,0.0,0.0,0.0,0.0,0.0,0.0,0.0,0.024123913,0.9758761,0.0,0.0
9,9,0.0,0.0,0.0,0.0,0.0,0.0,0.0,0.0,0.024123913,0.9758761,0.0,0.0
9,9,0.0,0.0,0.0,0.0,0.0,0.0,0.0,0.0,0.024123913,0.9758761,0.0,0.0
9,9,0.0,0.0,0.0,0.0,0.0,0.0,0.0,0.0,0.024123913,0.9758761,0.0,0.0
9,9,0.0,0.0,0.0,0.0,0.0,0.0,0.0,0.0,0.024123913,0.9758761,0.0,0.0
9,9,0.0,0.0,0.0,0.0,0.0,0.0,0.0,0.0,0.024123913,0.9758761,0.0,0.0
9,9,0.0,0.0,0.0,0.0,0.0,0.0,0.0,0.0,0.024123913,0.9758761,0.0,0.0
9,9,0.0,0.0,0.0,0.0,0.0,0.0,0.0,0.0,0.024123913,0.9758761,0.0,0.0
9,9,0.0,0.0,0.0,0.0,0.0,0.0,0.0,0.0,0.024123913,0.9758761,0.0,0.0
9,9,0.0,0.0,0.0,0.0,0.0,0.0,0.0,0.0,0.024123913,0.9758761,0.0,0.0
9,9,0.0,0.0,0.0,0.0,0.0,0.0,0.0,0.0,0.024123913,0.9758761,0.0,0.0
9,9,0.0,0.0,0.0,0.0,0.0,0.0,0.0,0.0,0.024123913,0.9758761,0.0,0.0
9,9,0.0,0.0,0.0,0.0,0.0,0.0,0.0,0.0,0.024123913,0.9758761,0.0,0.0
9,9,0.0,0.0,0.0,0.0,0.0,0.0,0.0,0.0,0.024123913,0.9758761,0.0,0.0
9,9,0.0,0.0,0.0,0.0,0.0,0.0,0.0,0.0,0.024123913,0.9758761,0.0,0.0
9,9,0.0,0.0,0.0,0.0,0.0,0.0,0.0,0.0,0.024123913,0.9758761,0.0,0.0
9,9,0.0,0.0,0.0,0.0,0.0,0.0,0.0,0.0,0.024123913,0.9758761,0.0,0.0
9,9,0.0,0.0,0.0,0.0,0.0,0.0,0.0,0.0,0.024123913,0.9758761,0.0,0.0
9,9,0.0,0.0,0.0,0.0,0.0,0.0,0.0,0.0,0.024123913,0.9758761,0.0,0.0
9,9,0.0,0.0,0.0,0.0,0.0,0.0,0.0,0.0,0.024123913,0.9758761,0.0,0.0
9,9,0.0,0.0,0.0,0.0,0.0,0.0,0.0,0.0,0.024123913,0.9758761,0.0,0.0
9,9,0.0,0.0,0.0,0.0,0.0,0.0,0.0,0.0,0.024123913,0.9758761,0.0,0.0
9,9,0.0,0.0,0.0,0.0,0.0,0.0,0.0,0.0,0.024123913,0.9758761,0.0,0.0
9,9,0.0,0.0,0.0,0.0,0.0,0.0,0.0,0.0,0.024123913,0.9758761,0.0,0.0
9,9,0.0,0.0,0.0,0.0,0.0,0.0,0.0,0.0,0.024123913,0.9758761,0.0,0.0
9,9,0.0,0.0,0.0,0.0,0.0,0.0,0.0,0.0,0.024123913,0.9758761,0.0,0.0
9,9,0.0,0.0,0.0,0.0,0.0,0.0,0.0,0.0,0.024123913,0.9758761,0.0,0.0
9,9,0.0,0.0,0.0,0.0,0.0,0.0,0.0,0.0,0.024123913,0.9758761,0.0,0.0
9,9,0.0,0.0,0.0,0.0,0.0,0.0,0.0,0.0,0.024123913,0.9758761,0.0,0.0
9,9,0.0,0.0,0.0,0.0,0.0,0.0,0.0,0.0,0.024123913,0.9758761,0.0,0.0
9,9,0.0,0.0,0.0,0.0,0.0,0.0,0.0,0.0,0.024123913,0.9758761,0.0,0.0
9,9,0.0,0.0,0.0,0.0,0.0,0.0,0.0,0.0,0.024123913,0.9758761,0.0,0.0
9,9,0.0,0.0,0.0,0.0,0.0,0.0,0.0,0.0,0.024123913,0.9758761,0.0,0.0
9,9,0.0,0.0,0.0,0.0,0.0,0.0,0.0,0.0,0.024123913,0.9758761,0.0,0.0
9,9,0.0,0.0,0.0,0.0,0.0,0.0,0.0,0.0,0.024123913,0.9758761,0.0,0.0
9,9,0.0,0.0,0.0,0.0,0.0,0.0,0.0,0.0,0.024123913,0.9758761,0.0,0.0
9,9,0.0,0.0,0.0,0.0,0.0,0.0,0.0,0.0,0.024123913,0.9758761,0.0,0.0
9,9,0.0,0.0,0.0,0.0,0.0,0.0,0.0,0.0,0.024123913,0.9758761,0.0,0.0
9,9,0.0,0.0,0.0,0.0,0.0,0.0,0.0,0.0,0.024123913,0.9758761,0.0,0.0
9,9,0.0,0.0,0.0,0.0,0.0,0.0,0.0,0.0,0.024123913,0.9758761,0.0,0.0
9,9,0.0,0.0,0.0,0.0,0.0,0.0,0.0,0.0,0.024123913,0.9758761,0.0,0.0
9,9,0.0,0.0,0.0,0.0,0.0,0.0,0.0,0.0,0.024123913,0.9758761,0.0,0.0
9,9,0.0,0.0,0.0,0.0,0.0,0.0,0.0,0.0,0.024123913,0.9758761,0.0,0.0
9,9,0.0,0.0,0.0,0.0,0.0,0.0,0.0,0.0,0.024123913,0.9758761,0.0,0.0
9,9,0.0,0.0,0.0,0.0,0.0,0.0,0.0,0.0,0.024123913,0.9758761,0.0,0.0
9,9,0.0,0.0,0.0,0.0,0.0,0.0,0.0,0.0,0.024123913,0.9758761,0.0,0.0
9,9,0.0,0.0,0.0,0.0,0.0,0.0,0.0,0.0,0.024123913,0.9758761,0.0,0.0
9,9,0.0,0.0,0.0,0.0,0.0,0.0,0.0,0.0,0.024123913,0.9758761,0.0,0.0
9,9,0.0,0.0,0.0,0.0,0.0,0.0,0.0,0.0,0.024123913,0.9758761,0.0,0.0
9,9,0.0,0.0,0.0,0.0,0.0,0.0,0.0,0.0,0.024123913,0.9758761,0.0,0.0
9,9,0.0,0.0,0.0,0.0,0.0,0.0,0.0,0.0,0.024123913,0.9758761,0.0,0.0
9,9,0.0,0.0,0.0,0.0,0.0,0.0,0.0,0.0,0.024123913,0.9758761,0.0,0.0
9,9,0.0,0.0,0.0,0.0,0.0,0.0,0.0,0.0,0.024123913,0.9758761,0.0,0.0
9,9,0.0,0.0,0.0,0.0,0.0,0.0,0.0,0.0,0.024123913,0.9758761,0.0,0.0
9,9,0.0,0.0,0.0,0.0,0.0,0.0,0.0,0.0,0.024123913,0.9758761,0.0,0.0
9,9,0.0,0.0,0.0,0.0,0.0,0.0,0.0,0.0,0.024123913,0.9758761,0.0,0.0
9,9,0.0,0.0,0.0,0.0,0.0,0.0,0.0,0.0,0.024123913,0.9758761,0.0,0.0
9,9,0.0,0.0,0.0,0.0,0.0,0.0,0.0,0.0,0.024123913,0.9758761,0.0,0.0
9,9,0.0,0.0,0.0,0.0,0.0,0.0,0.0,0.0,0.024123913,0.9758761,0.0,0.0
9,9,0.0,0.0,0.0,0.0,0.0,0.0,0.0,0.0,0.024123913,0.9758761,0.0,0.0
9,9,0.0,0.0,0.0,0.0,0.0,0.0,0.0,0.0,0.024123913,0.9758761,0.0,0.0
9,9,0.0,0.0,0.0,0.0,0.0,0.0,0.0,0.0,0.024123913,0.9758761,0.0,0.0
9,9,0.0,0.0,0.0,0.0,0.0,0.0,0.0,0.0,0.024123913,0.9758761,0.0,0.0
9,9,0.0,0.0,0.0,0.0,0.0,0.0,0.0,0.0,0.024123913,0.9758761,0.0,0.0
9,9,0.0,0.0,0.0,0.0,0.0,0.0,0.0,0.0,0.024123913,0.9758761,0.0,0.0
9,9,0.0,0.0,0.0,0.0,0.0,0.0,0.0,0.0,0.024123913,0.9758761,0.0,0.0
9,9,0.0,0.0,0.0,0.0,0.0,0.0,0.0,0.0,0.024123913,0.9758761,0.0,0.0
9,9,0.0,0.0,0.0,0.0,0.0,0.0,0.0,0.0,0.024123913,0.9758761,0.0,0.0
9,9,0.0,0.0,0.0,0.0,0.0,0.0,0.0,0.0,0.024123913,0.9758761,0.0,0.0
9,9,0.0,0.0,0.0,0.0,0.0,0.0,0.0,0.0,0.024123913,0.9758761,0.0,0.0
9,9,0.0,0.0,0.0,0.0,0.0,0.0,0.0,0.0,0.024123913,0.9758761,0.0,0.0
9,9,0.0,0.0,0.0,0.0,0.0,0.0,0.0,0.0,0.024123913,0.9758761,0.0,0.0
9,9,0.0,0.0,0.0,0.0,0.0,0.0,0.0,0.0,0.024123913,0.9758761,0.0,0.0
9,9,0.0,0.0,0.0,0.0,0.0,0.0,0.0,0.0,0.024123913,0.9758761,0.0,0.0
9,9,0.0,0.0,0.0,0.0,0.0,0.0,0.0,0.0,0.024123913,0.9758761,0.0,0.0
9,9,0.0,0.0,0.0,0.0,0.0,0.0,0.0,0.0,0.024123913,0.9758761,0.0,0.0
9,9,0.0,0.0,0.0,0.0,0.0,0.0,0.0,0.0,0.024123913,0.9758761,0.0,0.0
9,9,0.0,0.0,0.0,0.0,0.0,0.0,0.0,0.0,0.024123913,0.9758761,0.0,0.0
9,9,0.0,0.0,0.0,0.0,0.0,0.0,0.0,0.0,0.024123913,0.9758761,0.0,0.0
9,9,0.0,0.0,0.0,0.0,0.0,0.0,0.0,0.0,0.024123913,0.9758761,0.0,0.0
9,9,0.0,0.0,0.0,0.0,0.0,0.0,0.0,0.0,0.024123913,0.9758761,0.0,0.0
9,9,0.0,0.0,0.0,0.0,0.0,0.0,0.0,0.0,0.024123913,0.9758761,0.0,0.0
9,9,0.0,0.0,0.0,0.0,0.0,0.0,0.0,0.0,0.024123913,0.9758761,0.0,0.0
9,9,0.0,0.0,0.0,0.0,0.0,0.0,0.0,0.0,0.024123913,0.9758761,0.0,0.0
9,9,0.0,0.0,0.0,0.0,0.0,0.0,0.0,0.0,0.024123913,0.9758761,0.0,0.0
9,9,0.0,0.0,0.0,0.0,0.0,0.0,0.0,0.0,0.024123913,0.9758761,0.0,0.0
9,9,0.0,0.0,0.0,0.0,0.0,0.0,0.0,0.0,0.024123913,0.9758761,0.0,0.0
9,9,0.0,0.0,0.0,0.0,0.0,0.0,0.0,0.0,0.024123913,0.9758761,0.0,0.0
9,9,0.0,0.0,0.0,0.0,0.0,0.0,0.0,0.0,0.024123913,0.9758761,0.0,0.0
9,9,0.0,0.0,0.0,0.0,0.0,0.0,0.0,0.0,0.024123913,0.9758761,0.0,0.0
9,9,0.0,0.0,0.0,0.0,0.0,0.0,0.0,0.0,0.024123913,0.9758761,0.0,0.0
9,9,0.0,0.0,0.0,0.0,0.0,0.0,0.0,0.0,0.024123913,0.9758761,0.0,0.0
9,9,0.0,0.0,0.0,0.0,0.0,0.0,0.0,0.0,0.024123913,0.9758761,0.0,0.0
9,9,0.0,0.0,0.0,0.0,0.0,0.0,0.0,0.0,0.024123913,0.9758761,0.0,0.0
9,9,0.0,0.0,0.0,0.0,0.0,0.0,0.0,0.0,0.024123913,0.9758761,0.0,0.0
9,9,0.0,0.0,0.0,0.0,0.0,0.0,0.0,0.0,0.024123913,0.9758761,0.0,0.0
9,9,0.0,0.0,0.0,0.0,0.0,0.0,0.0,0.0,0.024123913,0.9758761,0.0,0.0
9,9,0.0,0.0,0.0,0.0,0.0,0.0,0.0,0.0,0.024123913,0.9758761,0.0,0.0
9,9,0.0,0.0,0.0,0.0,0.0,0.0,0.0,0.0,0.024123913,0.9758761,0.0,0.0
9,9,0.0,0.0,0.0,0.0,0.0,0.0,0.0,0.0,0.024123913,0.9758761,0.0,0.0
9,9,0.0,0.0,0.0,0.0,0.0,0.0,0.0,0.0,0.024123913,0.9758761,0.0,0.0
9,9,0.0,0.0,0.0,0.0,0.0,0.0,0.0,0.0,0.024123913,0.9758761,0.0,0.0
9,9,0.0,0.0,0.0,0.0,0.0,0.0,0.0,0.0,0.024123913,0.9758761,0.0,0.0
9,9,0.0,0.0,0.0,0.0,0.0,0.0,0.0,0.0,0.024123913,0.9758761,0.0,0.0
9,9,0.0,0.0,0.0,0.0,0.0,0.0,0.0,0.0,0.024123913,0.9758761,0.0,0.0
9,9,0.0,0.0,0.0,0.0,0.0,0.0,0.0,0.0,0.024123913,0.9758761,0.0,0.0
9,9,0.0,0.0,0.0,0.0,0.0,0.0,0.0,0.0,0.024123913,0.9758761,0.0,0.0
9,9,0.0,0.0,0.0,0.0,0.0,0.0,0.0,0.0,0.024123913,0.9758761,0.0,0.0
9,9,0.0,0.0,0.0,0.0,0.0,0.0,0.0,0.0,0.024123913,0.9758761,0.0,0.0
9,9,0.0,0.0,0.0,0.0,0.0,0.0,0.0,0.0,0.024123913,0.9758761,0.0,0.0
9,9,0.0,0.0,0.0,0.0,0.0,0.0,0.0,0.0,0.024123913,0.9758761,0.0,0.0
9,9,0.0,0.0,0.0,0.0,0.0,0.0,0.0,0.0,0.024123913,0.9758761,0.0,0.0
9,9,0.0,0.0,0.0,0.0,0.0,0.0,0.0,0.0,0.024123913,0.9758761,0.0,0.0
9,9,0.0,0.0,0.0,0.0,0.0,0.0,0.0,0.0,0.024123913,0.9758761,0.0,0.0
9,9,0.0,0.0,0.0,0.0,0.0,0.0,0.0,0.0,0.024123913,0.9758761,0.0,0.0
9,9,0.0,0.0,0.0,0.0,0.0,0.0,0.0,0.0,0.024123913,0.9758761,0.0,0.0
9,9,0.0,0.0,0.0,0.0,0.0,0.0,0.0,0.0,0.024123913,0.9758761,0.0,0.0
9,9,0.0,0.0,0.0,0.0,0.0,0.0,0.0,0.0,0.024123913,0.9758761,0.0,0.0
9,9,0.0,0.0,0.0,0.0,0.0,0.0,0.0,0.0,0.024123913,0.9758761,0.0,0.0
9,9,0.0,0.0,0.0,0.0,0.0,0.0,0.0,0.0,0.024123913,0.9758761,0.0,0.0
9,9,0.0,0.0,0.0,0.0,0.0,0.0,0.0,0.0,0.024123913,0.9758761,0.0,0.0
9,9,0.0,0.0,0.0,0.0,0.0,0.0,0.0,0.0,0.024123913,0.9758761,0.0,0.0
9,9,0.0,0.0,0.0,0.0,0.0,0.0,0.0,0.0,0.024123913,0.9758761,0.0,0.0
9,9,0.0,0.0,0.0,0.0,0.0,0.0,0.0,0.0,0.024123913,0.9758761,0.0,0.0
9,9,0.0,0.0,0.0,0.0,0.0,0.0,0.0,0.0,0.024123913,0.9758761,0.0,0.0
9,9,0.0,0.0,0.0,0.0,0.0,0.0,0.0,0.0,0.024123913,0.9758761,0.0,0.0
9,9,0.0,0.0,0.0,0.0,0.0,0.0,0.0,0.0,0.024123913,0.9758761,0.0,0.0
9,9,0.0,0.0,0.0,0.0,0.0,0.0,0.0,0.0,0.024123913,0.9758761,0.0,0.0
9,9,0.0,0.0,0.0,0.0,0.0,0.0,0.0,0.0,0.024123913,0.9758761,0.0,0.0
9,9,0.0,0.0,0.0,0.0,0.0,0.0,0.0,0.0,0.024123913,0.9758761,0.0,0.0
9,9,0.0,0.0,0.0,0.0,0.0,0.0,0.0,0.0,0.024123913,0.9758761,0.0,0.0
9,9,0.0,0.0,0.0,0.0,0.0,0.0,0.0,0.0,0.024123913,0.9758761,0.0,0.0
9,9,0.0,0.0,0.0,0.0,0.0,0.0,0.0,0.0,0.024123913,0.9758761,0.0,0.0
9,9,0.0,0.0,0.0,0.0,0.0,0.0,0.0,0.0,0.024123913,0.9758761,0.0,0.0
9,9,0.0,0.0,0.0,0.0,0.0,0.0,0.0,0.0,0.024123913,0.9758761,0.0,0.0
9,9,0.0,0.0,0.0,0.0,0.0,0.0,0.0,0.0,0.024123913,0.9758761,0.0,0.0
9,9,0.0,0.0,0.0,0.0,0.0,0.0,0.0,0.0,0.024123913,0.9758761,0.0,0.0
9,9,0.0,0.0,0.0,0.0,0.0,0.0,0.0,0.0,0.024123913,0.9758761,0.0,0.0
9,9,0.0,0.0,0.0,0.0,0.0,0.0,0.0,0.0,0.024123913,0.9758761,0.0,0.0
9,9,0.0,0.0,0.0,0.0,0.0,0.0,0.0,0.0,0.024123913,0.9758761,0.0,0.0
9,9,0.0,0.0,0.0,0.0,0.0,0.0,0.0,0.0,0.024123913,0.9758761,0.0,0.0
9,9,0.0,0.0,0.0,0.0,0.0,0.0,0.0,0.0,0.024123913,0.9758761,0.0,0.0
9,9,0.0,0.0,0.0,0.0,0.0,0.0,0.0,0.0,0.024123913,0.9758761,0.0,0.0
9,9,0.0,0.0,0.0,0.0,0.0,0.0,0.0,0.0,0.024123913,0.9758761,0.0,0.0
9,9,0.0,0.0,0.0,0.0,0.0,0.0,0.0,0.0,0.024123913,0.9758761,0.0,0.0
9,9,0.0,0.0,0.0,0.0,0.0,0.0,0.0,0.0,0.024123913,0.9758761,0.0,0.0
9,9,0.0,0.0,0.0,0.0,0.0,0.0,0.0,0.0,0.024123913,0.9758761,0.0,0.0
9,9,0.0,0.0,0.0,0.0,0.0,0.0,0.0,0.0,0.024123913,0.9758761,0.0,0.0
9,9,0.0,0.0,0.0,0.0,0.0,0.0,0.0,0.0,0.024123913,0.9758761,0.0,0.0
9,9,0.0,0.0,0.0,0.0,0.0,0.0,0.0,0.0,0.024123913,0.9758761,0.0,0.0
9,9,0.0,0.0,0.0,0.0,0.0,0.0,0.0,0.0,0.024123913,0.9758761,0.0,0.0
9,9,0.0,0.0,0.0,0.0,0.0,0.0,0.0,0.0,0.024123913,0.9758761,0.0,0.0
9,9,0.0,0.0,0.0,0.0,0.0,0.0,0.0,0.0,0.024123913,0.9758761,0.0,0.0
9,9,0.0,0.0,0.0,0.0,0.0,0.0,0.0,0.0,0.024123913,0.9758761,0.0,0.0
9,9,0.0,0.0,0.0,0.0,0.0,0.0,0.0,0.0,0.024123913,0.9758761,0.0,0.0
9,9,0.0,0.0,0.0,0.0,0.0,0.0,0.0,0.0,0.024123913,0.9758761,0.0,0.0
9,9,0.0,0.0,0.0,0.0,0.0,0.0,0.0,0.0,0.024123913,0.9758761,0.0,0.0
9,9,0.0,0.0,0.0,0.0,0.0,0.0,0.0,0.0,0.024123913,0.9758761,0.0,0.0
9,9,0.0,0.0,0.0,0.0,0.0,0.0,0.0,0.0,0.024123913,0.9758761,0.0,0.0
9,9,0.0,0.0,0.0,0.0,0.0,0.0,0.0,0.0,0.024123913,0.9758761,0.0,0.0
9,9,0.0,0.0,0.0,0.0,0.0,0.0,0.0,0.0,0.024123913,0.9758761,0.0,0.0
9,9,0.0,0.0,0.0,0.0,0.0,0.0,0.0,0.0,0.024123913,0.9758761,0.0,0.0
9,9,0.0,0.0,0.0,0.0,0.0,0.0,0.0,0.0,0.024123913,0.9758761,0.0,0.0
9,9,0.0,0.0,0.0,0.0,0.0,0.0,0.0,0.0,0.024123913,0.9758761,0.0,0.0
9,9,0.0,0.0,0.0,0.0,0.0,0.0,0.0,0.0,0.024123913,0.9758761,0.0,0.0
9,9,0.0,0.0,0.0,0.0,0.0,0.0,0.0,0.0,0.024123913,0.9758761,0.0,0.0
9,9,0.0,0.0,0.0,0.0,0.0,0.0,0.0,0.0,0.024123913,0.9758761,0.0,0.0
9,9,0.0,0.0,0.0,0.0,0.0,0.0,0.0,0.0,0.024123913,0.9758761,0.0,0.0
9,9,0.0,0.0,0.0,0.0,0.0,0.0,0.0,0.0,0.024123913,0.9758761,0.0,0.0
9,9,0.0,0.0,0.0,0.0,0.0,0.0,0.0,0.0,0.024123913,0.9758761,0.0,0.0
9,9,0.0,0.0,0.0,0.0,0.0,0.0,0.0,0.0,0.024123913,0.9758761,0.0,0.0
9,9,0.0,0.0,0.0,0.0,0.0,0.0,0.0,0.0,0.024123913,0.9758761,0.0,0.0
9,9,0.0,0.0,0.0,0.0,0.0,0.0,0.0,0.0,0.024123913,0.9758761,0.0,0.0
9,9,0.0,0.0,0.0,0.0,0.0,0.0,0.0,0.0,0.024123913,0.9758761,0.0,0.0
9,9,0.0,0.0,0.0,0.0,0.0,0.0,0.0,0.0,0.024123913,0.9758761,0.0,0.0
9,9,0.0,0.0,0.0,0.0,0.0,0.0,0.0,0.0,0.024123913,0.9758761,0.0,0.0
9,9,0.0,0.0,0.0,0.0,0.0,0.0,0.0,0.0,0.024123913,0.9758761,0.0,0.0
9,9,0.0,0.0,0.0,0.0,0.0,0.0,0.0,0.0,0.024123913,0.9758761,0.0,0.0
9,9,0.0,0.0,0.0,0.0,0.0,0.0,0.0,0.0,0.024123913,0.9758761,0.0,0.0
9,9,0.0,0.0,0.0,0.0,0.0,0.0,0.0,0.0,0.024123913,0.9758761,0.0,0.0
9,9,0.0,0.0,0.0,0.0,0.0,0.0,0.0,0.0,0.024123913,0.9758761,0.0,0.0
9,9,0.0,0.0,0.0,0.0,0.0,0.0,0.0,0.0,0.024123913,0.9758761,0.0,0.0
9,9,0.0,0.0,0.0,0.0,0.0,0.0,0.0,0.0,0.024123913,0.9758761,0.0,0.0
9,9,0.0,0.0,0.0,0.0,0.0,0.0,0.0,0.0,0.024123913,0.9758761,0.0,0.0
9,9,0.0,0.0,0.0,0.0,0.0,0.0,0.0,0.0,0.024123913,0.9758761,0.0,0.0
9,9,0.0,0.0,0.0,0.0,0.0,0.0,0.0,0.0,0.024123913,0.9758761,0.0,0.0
9,9,0.0,0.0,0.0,0.0,0.0,0.0,0.0,0.0,0.024123913,0.9758761,0.0,0.0
9,9,0.0,0.0,0.0,0.0,0.0,0.0,0.0,0.0,0.024123913,0.9758761,0.0,0.0
9,9,0.0,0.0,0.0,0.0,0.0,0.0,0.0,0.0,0.024123913,0.9758761,0.0,0.0
9,9,0.0,0.0,0.0,0.0,0.0,0.0,0.0,0.0,0.024123913,0.9758761,0.0,0.0
9,9,0.0,0.0,0.0,0.0,0.0,0.0,0.0,0.0,0.024123913,0.9758761,0.0,0.0
9,9,0.0,0.0,0.0,0.0,0.0,0.0,0.0,0.0,0.024123913,0.9758761,0.0,0.0
9,9,0.0,0.0,0.0,0.0,0.0,0.0,0.0,0.0,0.024123913,0.9758761,0.0,0.0
9,9,0.0,0.0,0.0,0.0,0.0,0.0,0.0,0.0,0.024123913,0.9758761,0.0,0.0
9,9,0.0,0.0,0.0,0.0,0.0,0.0,0.0,0.0,0.024123913,0.9758761,0.0,0.0
9,9,0.0,0.0,0.0,0.0,0.0,0.0,0.0,0.0,0.024123913,0.9758761,0.0,0.0
9,9,0.0,0.0,0.0,0.0,0.0,0.0,0.0,0.0,0.024123913,0.9758761,0.0,0.0
9,9,0.0,0.0,0.0,0.0,0.0,0.0,0.0,0.0,0.024123913,0.9758761,0.0,0.0
9,9,0.0,0.0,0.0,0.0,0.0,0.0,0.0,0.0,0.024123913,0.9758761,0.0,0.0
9,9,0.0,0.0,0.0,0.0,0.0,0.0,0.0,0.0,0.024123913,0.9758761,0.0,0.0
9,9,0.0,0.0,0.0,0.0,0.0,0.0,0.0,0.0,0.024123913,0.9758761,0.0,0.0
9,9,0.0,0.0,0.0,0.0,0.0,0.0,0.0,0.0,0.024123913,0.9758761,0.0,0.0
9,9,0.0,0.0,0.0,0.0,0.0,0.0,0.0,0.0,0.024123913,0.9758761,0.0,0.0
9,9,0.0,0.0,0.0,0.0,0.0,0.0,0.0,0.0,0.024123913,0.9758761,0.0,0.0
9,9,0.0,0.0,0.0,0.0,0.0,0.0,0.0,0.0,0.024123913,0.9758761,0.0,0.0
9,9,0.0,0.0,0.0,0.0,0.0,0.0,0.0,0.0,0.024123913,0.9758761,0.0,0.0
9,9,0.0,0.0,0.0,0.0,0.0,0.0,0.0,0.0,0.024123913,0.9758761,0.0,0.0
9,9,0.0,0.0,0.0,0.0,0.0,0.0,0.0,0.0,0.024123913,0.9758761,0.0,0.0
9,9,0.0,0.0,0.0,0.0,0.0,0.0,0.0,0.0,0.024123913,0.9758761,0.0,0.0
9,9,0.0,0.0,0.0,0.0,0.0,0.0,0.0,0.0,0.024123913,0.9758761,0.0,0.0
9,9,0.0,0.0,0.0,0.0,0.0,0.0,0.0,0.0,0.024123913,0.9758761,0.0,0.0
9,9,0.0,0.0,0.0,0.0,0.0,0.0,0.0,0.0,0.024123913,0.9758761,0.0,0.0
9,9,0.0,0.0,0.0,0.0,0.0,0.0,0.0,0.0,0.024123913,0.9758761,0.0,0.0
9,9,0.0,0.0,0.0,0.0,0.0,0.0,0.0,0.0,0.024123913,0.9758761,0.0,0.0
9,9,0.0,0.0,0.0,0.0,0.0,0.0,0.0,0.0,0.024123913,0.9758761,0.0,0.0
9,9,0.0,0.0,0.0,0.0,0.0,0.0,0.0,0.0,0.024123913,0.9758761,0.0,0.0
9,9,0.0,0.0,0.0,0.0,0.0,0.0,0.0,0.0,0.024123913,0.9758761,0.0,0.0
9,9,0.0,0.0,0.0,0.0,0.0,0.0,0.0,0.0,0.024123913,0.9758761,0.0,0.0
9,9,0.0,0.0,0.0,0.0,0.0,0.0,0.0,0.0,0.024123913,0.9758761,0.0,0.0
9,9,0.0,0.0,0.0,0.0,0.0,0.0,0.0,0.0,0.024123913,0.9758761,0.0,0.0
9,9,0.0,0.0,0.0,0.0,0.0,0.0,0.0,0.0,0.024123913,0.9758761,0.0,0.0
9,9,0.0,0.0,0.0,0.0,0.0,0.0,0.0,0.0,0.024123913,0.9758761,0.0,0.0
9,9,0.0,0.0,0.0,0.0,0.0,0.0,0.0,0.0,0.024123913,0.9758761,0.0,0.0
9,9,0.0,0.0,0.0,0.0,0.0,0.0,0.0,0.0,0.024123913,0.9758761,0.0,0.0
9,9,0.0,0.0,0.0,0.0,0.0,0.0,0.0,0.0,0.024123913,0.9758761,0.0,0.0
9,9,0.0,0.0,0.0,0.0,0.0,0.0,0.0,0.0,0.024123913,0.9758761,0.0,0.0
9,9,0.0,0.0,0.0,0.0,0.0,0.0,0.0,0.0,0.024123913,0.9758761,0.0,0.0
9,9,0.0,0.0,0.0,0.0,0.0,0.0,0.0,0.0,0.024123913,0.9758761,0.0,0.0
9,9,0.0,0.0,0.0,0.0,0.0,0.0,0.0,0.0,0.024123913,0.9758761,0.0,0.0
9,9,0.0,0.0,0.0,0.0,0.0,0.0,0.0,0.0,0.024123913,0.9758761,0.0,0.0
9,9,0.0,0.0,0.0,0.0,0.0,0.0,0.0,0.0,0.024123913,0.9758761,0.0,0.0
9,9,0.0,0.0,0.0,0.0,0.0,0.0,0.0,0.0,0.024123913,0.9758761,0.0,0.0
9,9,0.0,0.0,0.0,0.0,0.0,0.0,0.0,0.0,0.024123913,0.9758761,0.0,0.0
9,9,0.0,0.0,0.0,0.0,0.0,0.0,0.0,0.0,0.024123913,0.9758761,0.0,0.0
9,9,0.0,0.0,0.0,0.0,0.0,0.0,0.0,0.0,0.024123913,0.9758761,0.0,0.0
9,9,0.0,0.0,0.0,0.0,0.0,0.0,0.0,0.0,0.024123913,0.9758761,0.0,0.0
9,9,0.0,0.0,0.0,0.0,0.0,0.0,0.0,0.0,0.024123913,0.9758761,0.0,0.0
9,9,0.0,0.0,0.0,0.0,0.0,0.0,0.0,0.0,0.024123913,0.9758761,0.0,0.0
9,9,0.0,0.0,0.0,0.0,0.0,0.0,0.0,0.0,0.024123913,0.9758761,0.0,0.0
9,9,0.0,0.0,0.0,0.0,0.0,0.0,0.0,0.0,0.024123913,0.9758761,0.0,0.0
9,9,0.0,0.0,0.0,0.0,0.0,0.0,0.0,0.0,0.024123913,0.9758761,0.0,0.0
9,9,0.0,0.0,0.0,0.0,0.0,0.0,0.0,0.0,0.024123913,0.9758761,0.0,0.0
9,9,0.0,0.0,0.0,0.0,0.0,0.0,0.0,0.0,0.024123913,0.9758761,0.0,0.0
9,9,0.0,0.0,0.0,0.0,0.0,0.0,0.0,0.0,0.024123913,0.9758761,0.0,0.0
9,9,0.0,0.0,0.0,0.0,0.0,0.0,0.0,0.0,0.024123913,0.9758761,0.0,0.0
9,9,0.0,0.0,0.0,0.0,0.0,0.0,0.0,0.0,0.024123913,0.9758761,0.0,0.0
9,9,0.0,0.0,0.0,0.0,0.0,0.0,0.0,0.0,0.024123913,0.9758761,0.0,0.0
9,9,0.0,0.0,0.0,0.0,0.0,0.0,0.0,0.0,0.024123913,0.9758761,0.0,0.0
9,9,0.0,0.0,0.0,0.0,0.0,0.0,0.0,0.0,0.024123913,0.9758761,0.0,0.0
9,9,0.0,0.0,0.0,0.0,0.0,0.0,0.0,0.0,0.024123913,0.9758761,0.0,0.0
9,9,0.0,0.0,0.0,0.0,0.0,0.0,0.0,0.0,0.024123913,0.9758761,0.0,0.0
9,9,0.0,0.0,0.0,0.0,0.0,0.0,0.0,0.0,0.024123913,0.9758761,0.0,0.0
9,9,0.0,0.0,0.0,0.0,0.0,0.0,0.0,0.0,0.024123913,0.9758761,0.0,0.0
9,9,0.0,0.0,0.0,0.0,0.0,0.0,0.0,0.0,0.024123913,0.9758761,0.0,0.0
9,9,0.0,0.0,0.0,0.0,0.0,0.0,0.0,0.0,0.024123913,0.9758761,0.0,0.0
9,9,0.0,0.0,0.0,0.0,0.0,0.0,0.0,0.0,0.024123913,0.9758761,0.0,0.0
9,9,0.0,0.0,0.0,0.0,0.0,0.0,0.0,0.0,0.024123913,0.9758761,0.0,0.0
9,9,0.0,0.0,0.0,0.0,0.0,0.0,0.0,0.0,0.024123913,0.9758761,0.0,0.0
9,9,0.0,0.0,0.0,0.0,0.0,0.0,0.0,0.0,0.024123913,0.9758761,0.0,0.0
9,9,0.0,0.0,0.0,0.0,0.0,0.0,0.0,0.0,0.024123913,0.9758761,0.0,0.0
9,9,0.0,0.0,0.0,0.0,0.0,0.0,0.0,0.0,0.024123913,0.9758761,0.0,0.0
9,9,0.0,0.0,0.0,0.0,0.0,0.0,0.0,0.0,0.024123913,0.9758761,0.0,0.0
9,9,0.0,0.0,0.0,0.0,0.0,0.0,0.0,0.0,0.024123913,0.9758761,0.0,0.0
9,9,0.0,0.0,0.0,0.0,0.0,0.0,0.0,0.0,0.024123913,0.9758761,0.0,0.0
9,9,0.0,0.0,0.0,0.0,0.0,0.0,0.0,0.0,0.024123913,0.9758761,0.0,0.0
9,9,0.0,0.0,0.0,0.0,0.0,0.0,0.0,0.0,0.024123913,0.9758761,0.0,0.0
9,9,0.0,0.0,0.0,0.0,0.0,0.0,0.0,0.0,0.024123913,0.9758761,0.0,0.0
9,9,0.0,0.0,0.0,0.0,0.0,0.0,0.0,0.0,0.024123913,0.9758761,0.0,0.0
9,9,0.0,0.0,0.0,0.0,0.0,0.0,0.0,0.0,0.024123913,0.9758761,0.0,0.0
9,9,0.0,0.0,0.0,0.0,0.0,0.0,0.0,0.0,0.024123913,0.9758761,0.0,0.0
9,9,0.0,0.0,0.0,0.0,0.0,0.0,0.0,0.0,0.024123913,0.9758761,0.0,0.0
9,9,0.0,0.0,0.0,0.0,0.0,0.0,0.0,0.0,0.024123913,0.9758761,0.0,0.0
9,9,0.0,0.0,0.0,0.0,0.0,0.0,0.0,0.0,0.024123913,0.9758761,0.0,0.0
9,9,0.0,0.0,0.0,0.0,0.0,0.0,0.0,0.0,0.024123913,0.9758761,0.0,0.0
9,9,0.0,0.0,0.0,0.0,0.0,0.0,0.0,0.0,0.024123913,0.9758761,0.0,0.0
9,9,0.0,0.0,0.0,0.0,0.0,0.0,0.0,0.0,0.024123913,0.9758761,0.0,0.0
9,9,0.0,0.0,0.0,0.0,0.0,0.0,0.0,0.0,0.024123913,0.9758761,0.0,0.0
9,9,0.0,0.0,0.0,0.0,0.0,0.0,0.0,0.0,0.024123913,0.9758761,0.0,0.0
9,9,0.0,0.0,0.0,0.0,0.0,0.0,0.0,0.0,0.024123913,0.9758761,0.0,0.0
9,9,0.0,0.0,0.0,0.0,0.0,0.0,0.0,0.0,0.024123913,0.9758761,0.0,0.0
9,9,0.0,0.0,0.0,0.0,0.0,0.0,0.0,0.0,0.024123913,0.9758761,0.0,0.0
9,9,0.0,0.0,0.0,0.0,0.0,0.0,0.0,0.0,0.024123913,0.9758761,0.0,0.0
9,9,0.0,0.0,0.0,0.0,0.0,0.0,0.0,0.0,0.024123913,0.9758761,0.0,0.0
9,9,0.0,0.0,0.0,0.0,0.0,0.0,0.0,0.0,0.024123913,0.9758761,0.0,0.0
9,9,0.0,0.0,0.0,0.0,0.0,0.0,0.0,0.0,0.024123913,0.9758761,0.0,0.0
9,9,0.0,0.0,0.0,0.0,0.0,0.0,0.0,0.0,0.024123913,0.9758761,0.0,0.0
9,9,0.0,0.0,0.0,0.0,0.0,0.0,0.0,0.0,0.024123913,0.9758761,0.0,0.0
9,9,0.0,0.0,0.0,0.0,0.0,0.0,0.0,0.0,0.024123913,0.9758761,0.0,0.0
9,9,0.0,0.0,0.0,0.0,0.0,0.0,0.0,0.0,0.024123913,0.9758761,0.0,0.0
9,9,0.0,0.0,0.0,0.0,0.0,0.0,0.0,0.0,0.024123913,0.9758761,0.0,0.0
9,9,0.0,0.0,0.0,0.0,0.0,0.0,0.0,0.0,0.024123913,0.9758761,0.0,0.0
9,9,0.0,0.0,0.0,0.0,0.0,0.0,0.0,0.0,0.024123913,0.9758761,0.0,0.0
9,9,0.0,0.0,0.0,0.0,0.0,0.0,0.0,0.0,0.024123913,0.9758761,0.0,0.0
9,9,0.0,0.0,0.0,0.0,0.0,0.0,0.0,0.0,0.024123913,0.9758761,0.0,0.0
9,9,0.0,0.0,0.0,0.0,0.0,0.0,0.0,0.0,0.024123913,0.9758761,0.0,0.0
9,9,0.0,0.0,0.0,0.0,0.0,0.0,0.0,0.0,0.024123913,0.9758761,0.0,0.0
9,9,0.0,0.0,0.0,0.0,0.0,0.0,0.0,0.0,0.024123913,0.9758761,0.0,0.0
9,9,0.0,0.0,0.0,0.0,0.0,0.0,0.0,0.0,0.024123913,0.9758761,0.0,0.0
9,9,0.0,0.0,0.0,0.0,0.0,0.0,0.0,0.0,0.024123913,0.9758761,0.0,0.0
9,9,0.0,0.0,0.0,0.0,0.0,0.0,0.0,0.0,0.024123913,0.9758761,0.0,0.0
9,9,0.0,0.0,0.0,0.0,0.0,0.0,0.0,0.0,0.024123913,0.9758761,0.0,0.0
9,9,0.0,0.0,0.0,0.0,0.0,0.0,0.0,0.0,0.024123913,0.9758761,0.0,0.0
9,9,0.0,0.0,0.0,0.0,0.0,0.0,0.0,0.0,0.024123913,0.9758761,0.0,0.0
9,9,0.0,0.0,0.0,0.0,0.0,0.0,0.0,0.0,0.024123913,0.9758761,0.0,0.0
9,9,0.0,0.0,0.0,0.0,0.0,0.0,0.0,0.0,0.024123913,0.9758761,0.0,0.0
9,9,0.0,0.0,0.0,0.0,0.0,0.0,0.0,0.0,0.024123913,0.9758761,0.0,0.0
9,9,0.0,0.0,0.0,0.0,0.0,0.0,0.0,0.0,0.024123913,0.9758761,0.0,0.0
9,9,0.0,0.0,0.0,0.0,0.0,0.0,0.0,0.0,0.024123913,0.9758761,0.0,0.0
9,9,0.0,0.0,0.0,0.0,0.0,0.0,0.0,0.0,0.024123913,0.9758761,0.0,0.0
9,9,0.0,0.0,0.0,0.0,0.0,0.0,0.0,0.0,0.024123913,0.9758761,0.0,0.0
9,9,0.0,0.0,0.0,0.0,0.0,0.0,0.0,0.0,0.024123913,0.9758761,0.0,0.0
9,9,0.0,0.0,0.0,0.0,0.0,0.0,0.0,0.0,0.024123913,0.9758761,0.0,0.0
9,9,0.0,0.0,0.0,0.0,0.0,0.0,0.0,0.0,0.024123913,0.9758761,0.0,0.0
9,9,0.0,0.0,0.0,0.0,0.0,0.0,0.0,0.0,0.024123913,0.9758761,0.0,0.0
9,9,0.0,0.0,0.0,0.0,0.0,0.0,0.0,0.0,0.024123913,0.9758761,0.0,0.0
9,9,0.0,0.0,0.0,0.0,0.0,0.0,0.0,0.0,0.024123913,0.9758761,0.0,0.0
9,9,0.0,0.0,0.0,0.0,0.0,0.0,0.0,0.0,0.024123913,0.9758761,0.0,0.0
9,9,0.0,0.0,0.0,0.0,0.0,0.0,0.0,0.0,0.024123913,0.9758761,0.0,0.0
9,9,0.0,0.0,0.0,0.0,0.0,0.0,0.0,0.0,0.024123913,0.9758761,0.0,0.0
9,9,0.0,0.0,0.0,0.0,0.0,0.0,0.0,0.0,0.024123913,0.9758761,0.0,0.0
9,9,0.0,0.0,0.0,0.0,0.0,0.0,0.0,0.0,0.024123913,0.9758761,0.0,0.0
9,9,0.0,0.0,0.0,0.0,0.0,0.0,0.0,0.0,0.024123913,0.9758761,0.0,0.0
9,9,0.0,0.0,0.0,0.0,0.0,0.0,0.0,0.0,0.024123913,0.9758761,0.0,0.0
9,9,0.0,0.0,0.0,0.0,0.0,0.0,0.0,0.0,0.024123913,0.9758761,0.0,0.0
9,9,0.0,0.0,0.0,0.0,0.0,0.0,0.0,0.0,0.024123913,0.9758761,0.0,0.0
9,9,0.0,0.0,0.0,0.0,0.0,0.0,0.0,0.0,0.024123913,0.9758761,0.0,0.0
9,9,0.0,0.0,0.0,0.0,0.0,0.0,0.0,0.0,0.024123913,0.9758761,0.0,0.0
9,9,0.0,0.0,0.0,0.0,0.0,0.0,0.0,0.0,0.024123913,0.9758761,0.0,0.0
9,9,0.0,0.0,0.0,0.0,0.0,0.0,0.0,0.0,0.024123913,0.9758761,0.0,0.0
9,9,0.0,0.0,0.0,0.0,0.0,0.0,0.0,0.0,0.024123913,0.9758761,0.0,0.0
9,9,0.0,0.0,0.0,0.0,0.0,0.0,0.0,0.0,0.024123913,0.9758761,0.0,0.0
9,9,0.0,0.0,0.0,0.0,0.0,0.0,0.0,0.0,0.024123913,0.9758761,0.0,0.0
9,9,0.0,0.0,0.0,0.0,0.0,0.0,0.0,0.0,0.024123913,0.9758761,0.0,0.0
9,9,0.0,0.0,0.0,0.0,0.0,0.0,0.0,0.0,0.024123913,0.9758761,0.0,0.0
9,9,0.0,0.0,0.0,0.0,0.0,0.0,0.0,0.0,0.024123913,0.9758761,0.0,0.0
9,9,0.0,0.0,0.0,0.0,0.0,0.0,0.0,0.0,0.024123913,0.9758761,0.0,0.0
9,9,0.0,0.0,0.0,0.0,0.0,0.0,0.0,0.0,0.024123913,0.9758761,0.0,0.0
9,9,0.0,0.0,0.0,0.0,0.0,0.0,0.0,0.0,0.024123913,0.9758761,0.0,0.0
9,9,0.0,0.0,0.0,0.0,0.0,0.0,0.0,0.0,0.024123913,0.9758761,0.0,0.0
9,9,0.0,0.0,0.0,0.0,0.0,0.0,0.0,0.0,0.024123913,0.9758761,0.0,0.0
9,9,0.0,0.0,0.0,0.0,0.0,0.0,0.0,0.0,0.024123913,0.9758761,0.0,0.0
9,9,0.0,0.0,0.0,0.0,0.0,0.0,0.0,0.0,0.024123913,0.9758761,0.0,0.0
9,9,0.0,0.0,0.0,0.0,0.0,0.0,0.0,0.0,0.024123913,0.9758761,0.0,0.0
9,9,0.0,0.0,0.0,0.0,0.0,0.0,0.0,0.0,0.024123913,0.9758761,0.0,0.0
9,9,0.0,0.0,0.0,0.0,0.0,0.0,0.0,0.0,0.024123913,0.9758761,0.0,0.0
9,9,0.0,0.0,0.0,0.0,0.0,0.0,0.0,0.0,0.024123913,0.9758761,0.0,0.0
9,9,0.0,0.0,0.0,0.0,0.0,0.0,0.0,0.0,0.024123913,0.9758761,0.0,0.0
9,9,0.0,0.0,0.0,0.0,0.0,0.0,0.0,0.0,0.024123913,0.9758761,0.0,0.0
9,9,0.0,0.0,0.0,0.0,0.0,0.0,0.0,0.0,0.024123913,0.9758761,0.0,0.0
9,9,0.0,0.0,0.0,0.0,0.0,0.0,0.0,0.0,0.024123913,0.9758761,0.0,0.0
9,9,0.0,0.0,0.0,0.0,0.0,0.0,0.0,0.0,0.024123913,0.9758761,0.0,0.0
9,9,0.0,0.0,0.0,0.0,0.0,0.0,0.0,0.0,0.024123913,0.9758761,0.0,0.0
9,9,0.0,0.0,0.0,0.0,0.0,0.0,0.0,0.0,0.024123913,0.9758761,0.0,0.0
9,9,0.0,0.0,0.0,0.0,0.0,0.0,0.0,0.0,0.024123913,0.9758761,0.0,0.0
9,9,0.0,0.0,0.0,0.0,0.0,0.0,0.0,0.0,0.024123913,0.9758761,0.0,0.0
9,9,0.0,0.0,0.0,0.0,0.0,0.0,0.0,0.0,0.024123913,0.9758761,0.0,0.0
9,9,0.0,0.0,0.0,0.0,0.0,0.0,0.0,0.0,0.024123913,0.9758761,0.0,0.0
9,9,0.0,0.0,0.0,0.0,0.0,0.0,0.0,0.0,0.024123913,0.9758761,0.0,0.0
9,9,0.0,0.0,0.0,0.0,0.0,0.0,0.0,0.0,0.024123913,0.9758761,0.0,0.0
9,9,0.0,0.0,0.0,0.0,0.0,0.0,0.0,0.0,0.024123913,0.9758761,0.0,0.0
9,9,0.0,0.0,0.0,0.0,0.0,0.0,0.0,0.0,0.024123913,0.9758761,0.0,0.0
9,9,0.0,0.0,0.0,0.0,0.0,0.0,0.0,0.0,0.024123913,0.9758761,0.0,0.0
9,9,0.0,0.0,0.0,0.0,0.0,0.0,0.0,0.0,0.024123913,0.9758761,0.0,0.0
9,9,0.0,0.0,0.0,0.0,0.0,0.0,0.0,0.0,0.024123913,0.9758761,0.0,0.0
9,9,0.0,0.0,0.0,0.0,0.0,0.0,0.0,0.0,0.024123913,0.9758761,0.0,0.0
9,9,0.0,0.0,0.0,0.0,0.0,0.0,0.0,0.0,0.024123913,0.9758761,0.0,0.0
9,9,0.0,0.0,0.0,0.0,0.0,0.0,0.0,0.0,0.024123913,0.9758761,0.0,0.0
9,9,0.0,0.0,0.0,0.0,0.0,0.0,0.0,0.0,0.024123913,0.9758761,0.0,0.0
9,9,0.0,0.0,0.0,0.0,0.0,0.0,0.0,0.0,0.024123913,0.9758761,0.0,0.0
9,9,0.0,0.0,0.0,0.0,0.0,0.0,0.0,0.0,0.024123913,0.9758761,0.0,0.0
9,9,0.0,0.0,0.0,0.0,0.0,0.0,0.0,0.0,0.024123913,0.9758761,0.0,0.0
9,9,0.0,0.0,0.0,0.0,0.0,0.0,0.0,0.0,0.024123913,0.9758761,0.0,0.0
9,9,0.0,0.0,0.0,0.0,0.0,0.0,0.0,0.0,0.024123913,0.9758761,0.0,0.0
9,9,0.0,0.0,0.0,0.0,0.0,0.0,0.0,0.0,0.024123913,0.9758761,0.0,0.0
9,9,0.0,0.0,0.0,0.0,0.0,0.0,0.0,0.0,0.024123913,0.9758761,0.0,0.0
9,9,0.0,0.0,0.0,0.0,0.0,0.0,0.0,0.0,0.024123913,0.9758761,0.0,0.0
9,9,0.0,0.0,0.0,0.0,0.0,0.0,0.0,0.0,0.024123913,0.9758761,0.0,0.0
9,9,0.0,0.0,0.0,0.0,0.0,0.0,0.0,0.0,0.024123913,0.9758761,0.0,0.0
9,9,0.0,0.0,0.0,0.0,0.0,0.0,0.0,0.0,0.024123913,0.9758761,0.0,0.0
9,9,0.0,0.0,0.0,0.0,0.0,0.0,0.0,0.0,0.024123913,0.9758761,0.0,0.0
9,9,0.0,0.0,0.0,0.0,0.0,0.0,0.0,0.0,0.024123913,0.9758761,0.0,0.0
9,9,0.0,0.0,0.0,0.0,0.0,0.0,0.0,0.0,0.024123913,0.9758761,0.0,0.0
9,9,0.0,0.0,0.0,0.0,0.0,0.0,0.0,0.0,0.024123913,0.9758761,0.0,0.0
9,9,0.0,0.0,0.0,0.0,0.0,0.0,0.0,0.0,0.024123913,0.9758761,0.0,0.0
9,9,0.0,0.0,0.0,0.0,0.0,0.0,0.0,0.0,0.024123913,0.9758761,0.0,0.0
9,9,0.0,0.0,0.0,0.0,0.0,0.0,0.0,0.0,0.024123913,0.9758761,0.0,0.0
9,9,0.0,0.0,0.0,0.0,0.0,0.0,0.0,0.0,0.024123913,0.9758761,0.0,0.0
9,9,0.0,0.0,0.0,0.0,0.0,0.0,0.0,0.0,0.024123913,0.9758761,0.0,0.0
9,9,0.0,0.0,0.0,0.0,0.0,0.0,0.0,0.0,0.024123913,0.9758761,0.0,0.0
9,9,0.0,0.0,0.0,0.0,0.0,0.0,0.0,0.0,0.024123913,0.9758761,0.0,0.0
9,9,0.0,0.0,0.0,0.0,0.0,0.0,0.0,0.0,0.024123913,0.9758761,0.0,0.0
9,9,0.0,0.0,0.0,0.0,0.0,0.0,0.0,0.0,0.024123913,0.9758761,0.0,0.0
9,9,0.0,0.0,0.0,0.0,0.0,0.0,0.0,0.0,0.024123913,0.9758761,0.0,0.0
9,9,0.0,0.0,0.0,0.0,0.0,0.0,0.0,0.0,0.024123913,0.9758761,0.0,0.0
9,9,0.0,0.0,0.0,0.0,0.0,0.0,0.0,0.0,0.024123913,0.9758761,0.0,0.0
9,9,0.0,0.0,0.0,0.0,0.0,0.0,0.0,0.0,0.024123913,0.9758761,0.0,0.0
9,9,0.0,0.0,0.0,0.0,0.0,0.0,0.0,0.0,0.024123913,0.9758761,0.0,0.0
9,9,0.0,0.0,0.0,0.0,0.0,0.0,0.0,0.0,0.024123913,0.9758761,0.0,0.0
9,9,0.0,0.0,0.0,0.0,0.0,0.0,0.0,0.0,0.024123913,0.9758761,0.0,0.0
9,9,0.0,0.0,0.0,0.0,0.0,0.0,0.0,0.0,0.024123913,0.9758761,0.0,0.0
9,9,0.0,0.0,0.0,0.0,0.0,0.0,0.0,0.0,0.024123913,0.9758761,0.0,0.0
9,9,0.0,0.0,0.0,0.0,0.0,0.0,0.0,0.0,0.024123913,0.9758761,0.0,0.0
9,9,0.0,0.0,0.0,0.0,0.0,0.0,0.0,0.0,0.024123913,0.9758761,0.0,0.0
9,9,0.0,0.0,0.0,0.0,0.0,0.0,0.0,0.0,0.024123913,0.9758761,0.0,0.0
9,9,0.0,0.0,0.0,0.0,0.0,0.0,0.0,0.0,0.024123913,0.9758761,0.0,0.0
9,9,0.0,0.0,0.0,0.0,0.0,0.0,0.0,0.0,0.024123913,0.9758761,0.0,0.0
9,9,0.0,0.0,0.0,0.0,0.0,0.0,0.0,0.0,0.024123913,0.9758761,0.0,0.0
9,9,0.0,0.0,0.0,0.0,0.0,0.0,0.0,0.0,0.024123913,0.9758761,0.0,0.0
9,9,0.0,0.0,0.0,0.0,0.0,0.0,0.0,0.0,0.024123913,0.9758761,0.0,0.0
9,9,0.0,0.0,0.0,0.0,0.0,0.0,0.0,0.0,0.024123913,0.9758761,0.0,0.0
9,9,0.0,0.0,0.0,0.0,0.0,0.0,0.0,0.0,0.024123913,0.9758761,0.0,0.0
9,9,0.0,0.0,0.0,0.0,0.0,0.0,0.0,0.0,0.024123913,0.9758761,0.0,0.0
9,9,0.0,0.0,0.0,0.0,0.0,0.0,0.0,0.0,0.024123913,0.9758761,0.0,0.0
9,9,0.0,0.0,0.0,0.0,0.0,0.0,0.0,0.0,0.024123913,0.9758761,0.0,0.0
9,9,0.0,0.0,0.0,0.0,0.0,0.0,0.0,0.0,0.024123913,0.9758761,0.0,0.0
9,9,0.0,0.0,0.0,0.0,0.0,0.0,0.0,0.0,0.024123913,0.9758761,0.0,0.0
9,9,0.0,0.0,0.0,0.0,0.0,0.0,0.0,0.0,0.024123913,0.9758761,0.0,0.0
9,9,0.0,0.0,0.0,0.0,0.0,0.0,0.0,0.0,0.024123913,0.9758761,0.0,0.0
9,9,0.0,0.0,0.0,0.0,0.0,0.0,0.0,0.0,0.024123913,0.9758761,0.0,0.0
9,9,0.0,0.0,0.0,0.0,0.0,0.0,0.0,0.0,0.024123913,0.9758761,0.0,0.0
9,9,0.0,0.0,0.0,0.0,0.0,0.0,0.0,0.0,0.024123913,0.9758761,0.0,0.0
9,9,0.0,0.0,0.0,0.0,0.0,0.0,0.0,0.0,0.024123913,0.9758761,0.0,0.0
9,9,0.0,0.0,0.0,0.0,0.0,0.0,0.0,0.0,0.024123913,0.9758761,0.0,0.0
9,9,0.0,0.0,0.0,0.0,0.0,0.0,0.0,0.0,0.024123913,0.9758761,0.0,0.0
9,9,0.0,0.0,0.0,0.0,0.0,0.0,0.0,0.0,0.024123913,0.9758761,0.0,0.0
9,9,0.0,0.0,0.0,0.0,0.0,0.0,0.0,0.0,0.024123913,0.9758761,0.0,0.0
9,9,0.0,0.0,0.0,0.0,0.0,0.0,0.0,0.0,0.024123913,0.9758761,0.0,0.0
9,9,0.0,0.0,0.0,0.0,0.0,0.0,0.0,0.0,0.024123913,0.9758761,0.0,0.0
9,9,0.0,0.0,0.0,0.0,0.0,0.0,0.0,0.0,0.024123913,0.9758761,0.0,0.0
9,9,0.0,0.0,0.0,0.0,0.0,0.0,0.0,0.0,0.024123913,0.9758761,0.0,0.0
9,9,0.0,0.0,0.0,0.0,0.0,0.0,0.0,0.0,0.024123913,0.9758761,0.0,0.0
9,9,0.0,0.0,0.0,0.0,0.0,0.0,0.0,0.0,0.024123913,0.9758761,0.0,0.0
9,9,0.0,0.0,0.0,0.0,0.0,0.0,0.0,0.0,0.024123913,0.9758761,0.0,0.0
9,9,0.0,0.0,0.0,0.0,0.0,0.0,0.0,0.0,0.024123913,0.9758761,0.0,0.0
9,9,0.0,0.0,0.0,0.0,0.0,0.0,0.0,0.0,0.024123913,0.9758761,0.0,0.0
9,9,0.0,0.0,0.0,0.0,0.0,0.0,0.0,0.0,0.024123913,0.9758761,0.0,0.0
9,9,0.0,0.0,0.0,0.0,0.0,0.0,0.0,0.0,0.024123913,0.9758761,0.0,0.0
9,9,0.0,0.0,0.0,0.0,0.0,0.0,0.0,0.0,0.024123913,0.9758761,0.0,0.0
9,9,0.0,0.0,0.0,0.0,0.0,0.0,0.0,0.0,0.024123913,0.9758761,0.0,0.0
9,9,0.0,0.0,0.0,0.0,0.0,0.0,0.0,0.0,0.024123913,0.9758761,0.0,0.0
9,9,0.0,0.0,0.0,0.0,0.0,0.0,0.0,0.0,0.024123913,0.9758761,0.0,0.0
9,9,0.0,0.0,0.0,0.0,0.0,0.0,0.0,0.0,0.024123913,0.9758761,0.0,0.0
9,9,0.0,0.0,0.0,0.0,0.0,0.0,0.0,0.0,0.024123913,0.9758761,0.0,0.0
9,9,0.0,0.0,0.0,0.0,0.0,0.0,0.0,0.0,0.024123913,0.9758761,0.0,0.0
9,9,0.0,0.0,0.0,0.0,0.0,0.0,0.0,0.0,0.024123913,0.9758761,0.0,0.0
9,9,0.0,0.0,0.0,0.0,0.0,0.0,0.0,0.0,0.024123913,0.9758761,0.0,0.0
9,9,0.0,0.0,0.0,0.0,0.0,0.0,0.0,0.0,0.024123913,0.9758761,0.0,0.0
9,9,0.0,0.0,0.0,0.0,0.0,0.0,0.0,0.0,0.024123913,0.9758761,0.0,0.0
9,9,0.0,0.0,0.0,0.0,0.0,0.0,0.0,0.0,0.024123913,0.9758761,0.0,0.0
9,9,0.0,0.0,0.0,0.0,0.0,0.0,0.0,0.0,0.024123913,0.9758761,0.0,0.0
9,9,0.0,0.0,0.0,0.0,0.0,0.0,0.0,0.0,0.024123913,0.9758761,0.0,0.0
9,9,0.0,0.0,0.0,0.0,0.0,0.0,0.0,0.0,0.024123913,0.9758761,0.0,0.0
9,9,0.0,0.0,0.0,0.0,0.0,0.0,0.0,0.0,0.024123913,0.9758761,0.0,0.0
9,9,0.0,0.0,0.0,0.0,0.0,0.0,0.0,0.0,0.024123913,0.9758761,0.0,0.0
9,9,0.0,0.0,0.0,0.0,0.0,0.0,0.0,0.0,0.024123913,0.9758761,0.0,0.0
9,9,0.0,0.0,0.0,0.0,0.0,0.0,0.0,0.0,0.024123913,0.9758761,0.0,0.0
9,9,0.0,0.0,0.0,0.0,0.0,0.0,0.0,0.0,0.024123913,0.9758761,0.0,0.0
9,9,0.0,0.0,0.0,0.0,0.0,0.0,0.0,0.0,0.024123913,0.9758761,0.0,0.0
9,9,0.0,0.0,0.0,0.0,0.0,0.0,0.0,0.0,0.024123913,0.9758761,0.0,0.0
9,9,0.0,0.0,0.0,0.0,0.0,0.0,0.0,0.0,0.024123913,0.9758761,0.0,0.0
9,9,0.0,0.0,0.0,0.0,0.0,0.0,0.0,0.0,0.024123913,0.9758761,0.0,0.0
9,9,0.0,0.0,0.0,0.0,0.0,0.0,0.0,0.0,0.024123913,0.9758761,0.0,0.0
9,9,0.0,0.0,0.0,0.0,0.0,0.0,0.0,0.0,0.024123913,0.9758761,0.0,0.0
9,9,0.0,0.0,0.0,0.0,0.0,0.0,0.0,0.0,0.024123913,0.9758761,0.0,0.0
9,9,0.0,0.0,0.0,0.0,0.0,0.0,0.0,0.0,0.024123913,0.9758761,0.0,0.0
9,9,0.0,0.0,0.0,0.0,0.0,0.0,0.0,0.0,0.024123913,0.9758761,0.0,0.0
9,9,0.0,0.0,0.0,0.0,0.0,0.0,0.0,0.0,0.024123913,0.9758761,0.0,0.0
9,9,0.0,0.0,0.0,0.0,0.0,0.0,0.0,0.0,0.024123913,0.9758761,0.0,0.0
9,9,0.0,0.0,0.0,0.0,0.0,0.0,0.0,0.0,0.024123913,0.9758761,0.0,0.0
9,9,0.0,0.0,0.0,0.0,0.0,0.0,0.0,0.0,0.024123913,0.9758761,0.0,0.0
9,9,0.0,0.0,0.0,0.0,0.0,0.0,0.0,0.0,0.024123913,0.9758761,0.0,0.0
9,9,0.0,0.0,0.0,0.0,0.0,0.0,0.0,0.0,0.024123913,0.9758761,0.0,0.0
9,9,0.0,0.0,0.0,0.0,0.0,0.0,0.0,0.0,0.024123913,0.9758761,0.0,0.0
9,9,0.0,0.0,0.0,0.0,0.0,0.0,0.0,0.0,0.024123913,0.9758761,0.0,0.0
9,9,0.0,0.0,0.0,0.0,0.0,0.0,0.0,0.0,0.024123913,0.9758761,0.0,0.0
9,9,0.0,0.0,0.0,0.0,0.0,0.0,0.0,0.0,0.024123913,0.9758761,0.0,0.0
9,9,0.0,0.0,0.0,0.0,0.0,0.0,0.0,0.0,0.024123913,0.9758761,0.0,0.0
9,9,0.0,0.0,0.0,0.0,0.0,0.0,0.0,0.0,0.024123913,0.9758761,0.0,0.0
9,9,0.0,0.0,0.0,0.0,0.0,0.0,0.0,0.0,0.024123913,0.9758761,0.0,0.0
9,9,0.0,0.0,0.0,0.0,0.0,0.0,0.0,0.0,0.024123913,0.9758761,0.0,0.0
9,9,0.0,0.0,0.0,0.0,0.0,0.0,0.0,0.0,0.024123913,0.9758761,0.0,0.0
9,9,0.0,0.0,0.0,0.0,0.0,0.0,0.0,0.0,0.024123913,0.9758761,0.0,0.0
9,9,0.0,0.0,0.0,0.0,0.0,0.0,0.0,0.0,0.024123913,0.9758761,0.0,0.0
9,9,0.0,0.0,0.0,0.0,0.0,0.0,0.0,0.0,0.024123913,0.9758761,0.0,0.0
9,9,0.0,0.0,0.0,0.0,0.0,0.0,0.0,0.0,0.024123913,0.9758761,0.0,0.0
9,9,0.0,0.0,0.0,0.0,0.0,0.0,0.0,0.0,0.024123913,0.9758761,0.0,0.0
9,9,0.0,0.0,0.0,0.0,0.0,0.0,0.0,0.0,0.024123913,0.9758761,0.0,0.0
9,9,0.0,0.0,0.0,0.0,0.0,0.0,0.0,0.0,0.024123913,0.9758761,0.0,0.0
9,9,0.0,0.0,0.0,0.0,0.0,0.0,0.0,0.0,0.024123913,0.9758761,0.0,0.0
9,9,0.0,0.0,0.0,0.0,0.0,0.0,0.0,0.0,0.024123913,0.9758761,0.0,0.0
9,9,0.0,0.0,0.0,0.0,0.0,0.0,0.0,0.0,0.024123913,0.9758761,0.0,0.0
9,9,0.0,0.0,0.0,0.0,0.0,0.0,0.0,0.0,0.024123913,0.9758761,0.0,0.0
9,9,0.0,0.0,0.0,0.0,0.0,0.0,0.0,0.0,0.024123913,0.9758761,0.0,0.0
9,9,0.0,0.0,0.0,0.0,0.0,0.0,0.0,0.0,0.024123913,0.9758761,0.0,0.0
9,9,0.0,0.0,0.0,0.0,0.0,0.0,0.0,0.0,0.024123913,0.9758761,0.0,0.0
9,9,0.0,0.0,0.0,0.0,0.0,0.0,0.0,0.0,0.024123913,0.9758761,0.0,0.0
9,9,0.0,0.0,0.0,0.0,0.0,0.0,0.0,0.0,0.024123913,0.9758761,0.0,0.0
9,9,0.0,0.0,0.0,0.0,0.0,0.0,0.0,0.0,0.024123913,0.9758761,0.0,0.0
9,9,0.0,0.0,0.0,0.0,0.0,0.0,0.0,0.0,0.024123913,0.9758761,0.0,0.0
9,9,0.0,0.0,0.0,0.0,0.0,0.0,0.0,0.0,0.024123913,0.9758761,0.0,0.0
9,9,0.0,0.0,0.0,0.0,0.0,0.0,0.0,0.0,0.024123913,0.9758761,0.0,0.0
9,9,0.0,0.0,0.0,0.0,0.0,0.0,0.0,0.0,0.024123913,0.9758761,0.0,0.0
9,9,0.0,0.0,0.0,0.0,0.0,0.0,0.0,0.0,0.024123913,0.9758761,0.0,0.0
9,9,0.0,0.0,0.0,0.0,0.0,0.0,0.0,0.0,0.024123913,0.9758761,0.0,0.0
9,9,0.0,0.0,0.0,0.0,0.0,0.0,0.0,0.0,0.024123913,0.9758761,0.0,0.0
9,9,0.0,0.0,0.0,0.0,0.0,0.0,0.0,0.0,0.024123913,0.9758761,0.0,0.0
9,9,0.0,0.0,0.0,0.0,0.0,0.0,0.0,0.0,0.024123913,0.9758761,0.0,0.0
9,9,0.0,0.0,0.0,0.0,0.0,0.0,0.0,0.0,0.024123913,0.9758761,0.0,0.0
9,9,0.0,0.0,0.0,0.0,0.0,0.0,0.0,0.0,0.024123913,0.9758761,0.0,0.0
9,9,0.0,0.0,0.0,0.0,0.0,0.0,0.0,0.0,0.024123913,0.9758761,0.0,0.0
9,9,0.0,0.0,0.0,0.0,0.0,0.0,0.0,0.0,0.024123913,0.9758761,0.0,0.0
9,9,0.0,0.0,0.0,0.0,0.0,0.0,0.0,0.0,0.024123913,0.9758761,0.0,0.0
9,9,0.0,0.0,0.0,0.0,0.0,0.0,0.0,0.0,0.024123913,0.9758761,0.0,0.0
9,9,0.0,0.0,0.0,0.0,0.0,0.0,0.0,0.0,0.024123913,0.9758761,0.0,0.0
9,9,0.0,0.0,0.0,0.0,0.0,0.0,0.0,0.0,0.024123913,0.9758761,0.0,0.0
9,9,0.0,0.0,0.0,0.0,0.0,0.0,0.0,0.0,0.024123913,0.9758761,0.0,0.0
9,9,0.0,0.0,0.0,0.0,0.0,0.0,0.0,0.0,0.024123913,0.9758761,0.0,0.0
9,9,0.0,0.0,0.0,0.0,0.0,0.0,0.0,0.0,0.024123913,0.9758761,0.0,0.0
9,9,0.0,0.0,0.0,0.0,0.0,0.0,0.0,0.0,0.024123913,0.9758761,0.0,0.0
9,9,0.0,0.0,0.0,0.0,0.0,0.0,0.0,0.0,0.024123913,0.9758761,0.0,0.0
9,9,0.0,0.0,0.0,0.0,0.0,0.0,0.0,0.0,0.024123913,0.9758761,0.0,0.0
9,9,0.0,0.0,0.0,0.0,0.0,0.0,0.0,0.0,0.024123913,0.9758761,0.0,0.0
9,9,0.0,0.0,0.0,0.0,0.0,0.0,0.0,0.0,0.024123913,0.9758761,0.0,0.0
9,9,0.0,0.0,0.0,0.0,0.0,0.0,0.0,0.0,0.024123913,0.9758761,0.0,0.0
9,9,0.0,0.0,0.0,0.0,0.0,0.0,0.0,0.0,0.024123913,0.9758761,0.0,0.0
9,9,0.0,0.0,0.0,0.0,0.0,0.0,0.0,0.0,0.024123913,0.9758761,0.0,0.0
9,9,0.0,0.0,0.0,0.0,0.0,0.0,0.0,0.0,0.024123913,0.9758761,0.0,0.0
9,9,0.0,0.0,0.0,0.0,0.0,0.0,0.0,0.0,0.024123913,0.9758761,0.0,0.0
9,9,0.0,0.0,0.0,0.0,0.0,0.0,0.0,0.0,0.024123913,0.9758761,0.0,0.0
9,9,0.0,0.0,0.0,0.0,0.0,0.0,0.0,0.0,0.024123913,0.9758761,0.0,0.0
9,9,0.0,0.0,0.0,0.0,0.0,0.0,0.0,0.0,0.024123913,0.9758761,0.0,0.0
9,9,0.0,0.0,0.0,0.0,0.0,0.0,0.0,0.0,0.024123913,0.9758761,0.0,0.0
9,9,0.0,0.0,0.0,0.0,0.0,0.0,0.0,0.0,0.024123913,0.9758761,0.0,0.0
9,9,0.0,0.0,0.0,0.0,0.0,0.0,0.0,0.0,0.024123913,0.9758761,0.0,0.0
9,9,0.0,0.0,0.0,0.0,0.0,0.0,0.0,0.0,0.024123913,0.9758761,0.0,0.0
9,9,0.0,0.0,0.0,0.0,0.0,0.0,0.0,0.0,0.024123913,0.9758761,0.0,0.0
9,9,0.0,0.0,0.0,0.0,0.0,0.0,0.0,0.0,0.024123913,0.9758761,0.0,0.0
9,9,0.0,0.0,0.0,0.0,0.0,0.0,0.0,0.0,0.024123913,0.9758761,0.0,0.0
9,9,0.0,0.0,0.0,0.0,0.0,0.0,0.0,0.0,0.024123913,0.9758761,0.0,0.0
9,9,0.0,0.0,0.0,0.0,0.0,0.0,0.0,0.0,0.024123913,0.9758761,0.0,0.0
9,9,0.0,0.0,0.0,0.0,0.0,0.0,0.0,0.0,0.024123913,0.9758761,0.0,0.0
9,9,0.0,0.0,0.0,0.0,0.0,0.0,0.0,0.0,0.024123913,0.9758761,0.0,0.0
9,9,0.0,0.0,0.0,0.0,0.0,0.0,0.0,0.0,0.024123913,0.9758761,0.0,0.0
9,9,0.0,0.0,0.0,0.0,0.0,0.0,0.0,0.0,0.024123913,0.9758761,0.0,0.0
9,9,0.0,0.0,0.0,0.0,0.0,0.0,0.0,0.0,0.024123913,0.9758761,0.0,0.0
9,9,0.0,0.0,0.0,0.0,0.0,0.0,0.0,0.0,0.024123913,0.9758761,0.0,0.0
9,9,0.0,0.0,0.0,0.0,0.0,0.0,0.0,0.0,0.024123913,0.9758761,0.0,0.0
9,9,0.0,0.0,0.0,0.0,0.0,0.0,0.0,0.0,0.024123913,0.9758761,0.0,0.0
9,9,0.0,0.0,0.0,0.0,0.0,0.0,0.0,0.0,0.024123913,0.9758761,0.0,0.0
9,9,0.0,0.0,0.0,0.0,0.0,0.0,0.0,0.0,0.024123913,0.9758761,0.0,0.0
9,9,0.0,0.0,0.0,0.0,0.0,0.0,0.0,0.0,0.024123913,0.9758761,0.0,0.0
9,9,0.0,0.0,0.0,0.0,0.0,0.0,0.0,0.0,0.024123913,0.9758761,0.0,0.0
9,9,0.0,0.0,0.0,0.0,0.0,0.0,0.0,0.0,0.024123913,0.9758761,0.0,0.0
9,9,0.0,0.0,0.0,0.0,0.0,0.0,0.0,0.0,0.024123913,0.9758761,0.0,0.0
9,9,0.0,0.0,0.0,0.0,0.0,0.0,0.0,0.0,0.024123913,0.9758761,0.0,0.0
9,9,0.0,0.0,0.0,0.0,0.0,0.0,0.0,0.0,0.024123913,0.9758761,0.0,0.0
9,9,0.0,0.0,0.0,0.0,0.0,0.0,0.0,0.0,0.024123913,0.9758761,0.0,0.0
9,9,0.0,0.0,0.0,0.0,0.0,0.0,0.0,0.0,0.024123913,0.9758761,0.0,0.0
9,9,0.0,0.0,0.0,0.0,0.0,0.0,0.0,0.0,0.024123913,0.9758761,0.0,0.0
9,9,0.0,0.0,0.0,0.0,0.0,0.0,0.0,0.0,0.024123913,0.9758761,0.0,0.0
9,9,0.0,0.0,0.0,0.0,0.0,0.0,0.0,0.0,0.024123913,0.9758761,0.0,0.0
9,9,0.0,0.0,0.0,0.0,0.0,0.0,0.0,0.0,0.024123913,0.9758761,0.0,0.0
9,9,0.0,0.0,0.0,0.0,0.0,0.0,0.0,0.0,0.024123913,0.9758761,0.0,0.0
9,9,0.0,0.0,0.0,0.0,0.0,0.0,0.0,0.0,0.024123913,0.9758761,0.0,0.0
9,9,0.0,0.0,0.0,0.0,0.0,0.0,0.0,0.0,0.024123913,0.9758761,0.0,0.0
9,9,0.0,0.0,0.0,0.0,0.0,0.0,0.0,0.0,0.024123913,0.9758761,0.0,0.0
9,9,0.0,0.0,0.0,0.0,0.0,0.0,0.0,0.0,0.024123913,0.9758761,0.0,0.0
9,9,0.0,0.0,0.0,0.0,0.0,0.0,0.0,0.0,0.024123913,0.9758761,0.0,0.0
9,9,0.0,0.0,0.0,0.0,0.0,0.0,0.0,0.0,0.024123913,0.9758761,0.0,0.0
9,9,0.0,0.0,0.0,0.0,0.0,0.0,0.0,0.0,0.024123913,0.9758761,0.0,0.0
9,9,0.0,0.0,0.0,0.0,0.0,0.0,0.0,0.0,0.024123913,0.9758761,0.0,0.0
9,9,0.0,0.0,0.0,0.0,0.0,0.0,0.0,0.0,0.024123913,0.9758761,0.0,0.0
9,9,0.0,0.0,0.0,0.0,0.0,0.0,0.0,0.0,0.024123913,0.9758761,0.0,0.0
9,9,0.0,0.0,0.0,0.0,0.0,0.0,0.0,0.0,0.024123913,0.9758761,0.0,0.0
9,9,0.0,0.0,0.0,0.0,0.0,0.0,0.0,0.0,0.024123913,0.9758761,0.0,0.0
9,9,0.0,0.0,0.0,0.0,0.0,0.0,0.0,0.0,0.024123913,0.9758761,0.0,0.0
9,9,0.0,0.0,0.0,0.0,0.0,0.0,0.0,0.0,0.024123913,0.9758761,0.0,0.0
9,9,0.0,0.0,0.0,0.0,0.0,0.0,0.0,0.0,0.024123913,0.9758761,0.0,0.0
9,9,0.0,0.0,0.0,0.0,0.0,0.0,0.0,0.0,0.024123913,0.9758761,0.0,0.0
9,9,0.0,0.0,0.0,0.0,0.0,0.0,0.0,0.0,0.024123913,0.9758761,0.0,0.0
9,9,0.0,0.0,0.0,0.0,0.0,0.0,0.0,0.0,0.024123913,0.9758761,0.0,0.0
9,9,0.0,0.0,0.0,0.0,0.0,0.0,0.0,0.0,0.024123913,0.9758761,0.0,0.0
9,9,0.0,0.0,0.0,0.0,0.0,0.0,0.0,0.0,0.024123913,0.9758761,0.0,0.0
9,9,0.0,0.0,0.0,0.0,0.0,0.0,0.0,0.0,0.024123913,0.9758761,0.0,0.0
9,9,0.0,0.0,0.0,0.0,0.0,0.0,0.0,0.0,0.024123913,0.9758761,0.0,0.0
9,9,0.0,0.0,0.0,0.0,0.0,0.0,0.0,0.0,0.024123913,0.9758761,0.0,0.0
9,9,0.0,0.0,0.0,0.0,0.0,0.0,0.0,0.0,0.024123913,0.9758761,0.0,0.0
9,9,0.0,0.0,0.0,0.0,0.0,0.0,0.0,0.0,0.024123913,0.9758761,0.0,0.0
9,9,0.0,0.0,0.0,0.0,0.0,0.0,0.0,0.0,0.024123913,0.9758761,0.0,0.0
9,9,0.0,0.0,0.0,0.0,0.0,0.0,0.0,0.0,0.024123913,0.9758761,0.0,0.0
9,9,0.0,0.0,0.0,0.0,0.0,0.0,0.0,0.0,0.024123913,0.9758761,0.0,0.0
9,9,0.0,0.0,0.0,0.0,0.0,0.0,0.0,0.0,0.024123913,0.9758761,0.0,0.0
9,9,0.0,0.0,0.0,0.0,0.0,0.0,0.0,0.0,0.024123913,0.9758761,0.0,0.0
9,9,0.0,0.0,0.0,0.0,0.0,0.0,0.0,0.0,0.024123913,0.9758761,0.0,0.0
9,9,0.0,0.0,0.0,0.0,0.0,0.0,0.0,0.0,0.024123913,0.9758761,0.0,0.0
9,9,0.0,0.0,0.0,0.0,0.0,0.0,0.0,0.0,0.024123913,0.9758761,0.0,0.0
9,9,0.0,0.0,0.0,0.0,0.0,0.0,0.0,0.0,0.024123913,0.9758761,0.0,0.0
9,9,0.0,0.0,0.0,0.0,0.0,0.0,0.0,0.0,0.024123913,0.9758761,0.0,0.0
9,9,0.0,0.0,0.0,0.0,0.0,0.0,0.0,0.0,0.024123913,0.9758761,0.0,0.0
9,9,0.0,0.0,0.0,0.0,0.0,0.0,0.0,0.0,0.024123913,0.9758761,0.0,0.0
9,9,0.0,0.0,0.0,0.0,0.0,0.0,0.0,0.0,0.024123913,0.9758761,0.0,0.0
9,9,0.0,0.0,0.0,0.0,0.0,0.0,0.0,0.0,0.024123913,0.9758761,0.0,0.0
9,9,0.0,0.0,0.0,0.0,0.0,0.0,0.0,0.0,0.024123913,0.9758761,0.0,0.0
9,9,0.0,0.0,0.0,0.0,0.0,0.0,0.0,0.0,0.024123913,0.9758761,0.0,0.0
9,9,0.0,0.0,0.0,0.0,0.0,0.0,0.0,0.0,0.024123913,0.9758761,0.0,0.0
9,9,0.0,0.0,0.0,0.0,0.0,0.0,0.0,0.0,0.024123913,0.9758761,0.0,0.0
9,9,0.0,0.0,0.0,0.0,0.0,0.0,0.0,0.0,0.024123913,0.9758761,0.0,0.0
9,9,0.0,0.0,0.0,0.0,0.0,0.0,0.0,0.0,0.024123913,0.9758761,0.0,0.0
9,9,0.0,0.0,0.0,0.0,0.0,0.0,0.0,0.0,0.024123913,0.9758761,0.0,0.0
9,9,0.0,0.0,0.0,0.0,0.0,0.0,0.0,0.0,0.024123913,0.9758761,0.0,0.0
9,9,0.0,0.0,0.0,0.0,0.0,0.0,0.0,0.0,0.024123913,0.9758761,0.0,0.0
9,9,0.0,0.0,0.0,0.0,0.0,0.0,0.0,0.0,0.024123913,0.9758761,0.0,0.0
9,9,0.0,0.0,0.0,0.0,0.0,0.0,0.0,0.0,0.024123913,0.9758761,0.0,0.0
9,9,0.0,0.0,0.0,0.0,0.0,0.0,0.0,0.0,0.024123913,0.9758761,0.0,0.0
9,9,0.0,0.0,0.0,0.0,0.0,0.0,0.0,0.0,0.024123913,0.9758761,0.0,0.0
9,9,0.0,0.0,0.0,0.0,0.0,0.0,0.0,0.0,0.024123913,0.9758761,0.0,0.0
9,9,0.0,0.0,0.0,0.0,0.0,0.0,0.0,0.0,0.024123913,0.9758761,0.0,0.0
9,9,0.0,0.0,0.0,0.0,0.0,0.0,0.0,0.0,0.024123913,0.9758761,0.0,0.0
9,9,0.0,0.0,0.0,0.0,0.0,0.0,0.0,0.0,0.024123913,0.9758761,0.0,0.0
9,9,0.0,0.0,0.0,0.0,0.0,0.0,0.0,0.0,0.024123913,0.9758761,0.0,0.0
9,9,0.0,0.0,0.0,0.0,0.0,0.0,0.0,0.0,0.024123913,0.9758761,0.0,0.0
9,9,0.0,0.0,0.0,0.0,0.0,0.0,0.0,0.0,0.024123913,0.9758761,0.0,0.0
9,9,0.0,0.0,0.0,0.0,0.0,0.0,0.0,0.0,0.024123913,0.9758761,0.0,0.0
9,9,0.0,0.0,0.0,0.0,0.0,0.0,0.0,0.0,0.024123913,0.9758761,0.0,0.0
9,9,0.0,0.0,0.0,0.0,0.0,0.0,0.0,0.0,0.024123913,0.9758761,0.0,0.0
9,9,0.0,0.0,0.0,0.0,0.0,0.0,0.0,0.0,0.024123913,0.9758761,0.0,0.0
9,9,0.0,0.0,0.0,0.0,0.0,0.0,0.0,0.0,0.024123913,0.9758761,0.0,0.0
9,9,0.0,0.0,0.0,0.0,0.0,0.0,0.0,0.0,0.024123913,0.9758761,0.0,0.0
9,9,0.0,0.0,0.0,0.0,0.0,0.0,0.0,0.0,0.024123913,0.9758761,0.0,0.0
9,9,0.0,0.0,0.0,0.0,0.0,0.0,0.0,0.0,0.024123913,0.9758761,0.0,0.0
9,9,0.0,0.0,0.0,0.0,0.0,0.0,0.0,0.0,0.024123913,0.9758761,0.0,0.0
9,9,0.0,0.0,0.0,0.0,0.0,0.0,0.0,0.0,0.024123913,0.9758761,0.0,0.0
9,9,0.0,0.0,0.0,0.0,0.0,0.0,0.0,0.0,0.024123913,0.9758761,0.0,0.0
9,9,0.0,0.0,0.0,0.0,0.0,0.0,0.0,0.0,0.024123913,0.9758761,0.0,0.0
9,9,0.0,0.0,0.0,0.0,0.0,0.0,0.0,0.0,0.024123913,0.9758761,0.0,0.0
9,9,0.0,0.0,0.0,0.0,0.0,0.0,0.0,0.0,0.024123913,0.9758761,0.0,0.0
9,9,0.0,0.0,0.0,0.0,0.0,0.0,0.0,0.0,0.024123913,0.9758761,0.0,0.0
9,9,0.0,0.0,0.0,0.0,0.0,0.0,0.0,0.0,0.024123913,0.9758761,0.0,0.0
9,9,0.0,0.0,0.0,0.0,0.0,0.0,0.0,0.0,0.024123913,0.9758761,0.0,0.0
9,9,0.0,0.0,0.0,0.0,0.0,0.0,0.0,0.0,0.024123913,0.9758761,0.0,0.0
9,9,0.0,0.0,0.0,0.0,0.0,0.0,0.0,0.0,0.024123913,0.9758761,0.0,0.0
9,9,0.0,0.0,0.0,0.0,0.0,0.0,0.0,0.0,0.024123913,0.9758761,0.0,0.0
9,9,0.0,0.0,0.0,0.0,0.0,0.0,0.0,0.0,0.024123913,0.9758761,0.0,0.0
9,9,0.0,0.0,0.0,0.0,0.0,0.0,0.0,0.0,0.024123913,0.9758761,0.0,0.0
9,9,0.0,0.0,0.0,0.0,0.0,0.0,0.0,0.0,0.024123913,0.9758761,0.0,0.0
9,9,0.0,0.0,0.0,0.0,0.0,0.0,0.0,0.0,0.024123913,0.9758761,0.0,0.0
9,9,0.0,0.0,0.0,0.0,0.0,0.0,0.0,0.0,0.024123913,0.9758761,0.0,0.0
9,9,0.0,0.0,0.0,0.0,0.0,0.0,0.0,0.0,0.024123913,0.9758761,0.0,0.0
9,9,0.0,0.0,0.0,0.0,0.0,0.0,0.0,0.0,0.024123913,0.9758761,0.0,0.0
9,9,0.0,0.0,0.0,0.0,0.0,0.0,0.0,0.0,0.024123913,0.9758761,0.0,0.0
9,9,0.0,0.0,0.0,0.0,0.0,0.0,0.0,0.0,0.024123913,0.9758761,0.0,0.0
9,9,0.0,0.0,0.0,0.0,0.0,0.0,0.0,0.0,0.024123913,0.9758761,0.0,0.0
9,9,0.0,0.0,0.0,0.0,0.0,0.0,0.0,0.0,0.024123913,0.9758761,0.0,0.0
9,9,0.0,0.0,0.0,0.0,0.0,0.0,0.0,0.0,0.024123913,0.9758761,0.0,0.0
9,9,0.0,0.0,0.0,0.0,0.0,0.0,0.0,0.0,0.024123913,0.9758761,0.0,0.0
9,9,0.0,0.0,0.0,0.0,0.0,0.0,0.0,0.0,0.024123913,0.9758761,0.0,0.0
9,9,0.0,0.0,0.0,0.0,0.0,0.0,0.0,0.0,0.024123913,0.9758761,0.0,0.0
9,9,0.0,0.0,0.0,0.0,0.0,0.0,0.0,0.0,0.024123913,0.9758761,0.0,0.0
9,9,0.0,0.0,0.0,0.0,0.0,0.0,0.0,0.0,0.024123913,0.9758761,0.0,0.0
9,9,0.0,0.0,0.0,0.0,0.0,0.0,0.0,0.0,0.024123913,0.9758761,0.0,0.0
9,9,0.0,0.0,0.0,0.0,0.0,0.0,0.0,0.0,0.024123913,0.9758761,0.0,0.0
9,9,0.0,0.0,0.0,0.0,0.0,0.0,0.0,0.0,0.024123913,0.9758761,0.0,0.0
9,9,0.0,0.0,0.0,0.0,0.0,0.0,0.0,0.0,0.024123913,0.9758761,0.0,0.0
9,9,0.0,0.0,0.0,0.0,0.0,0.0,0.0,0.0,0.024123913,0.9758761,0.0,0.0
9,9,0.0,0.0,0.0,0.0,0.0,0.0,0.0,0.0,0.024123913,0.9758761,0.0,0.0
9,9,0.0,0.0,0.0,0.0,0.0,0.0,0.0,0.0,0.024123913,0.9758761,0.0,0.0
9,9,0.0,0.0,0.0,0.0,0.0,0.0,0.0,0.0,0.024123913,0.9758761,0.0,0.0
9,9,0.0,0.0,0.0,0.0,0.0,0.0,0.0,0.0,0.024123913,0.9758761,0.0,0.0
9,9,0.0,0.0,0.0,0.0,0.0,0.0,0.0,0.0,0.024123913,0.9758761,0.0,0.0
9,9,0.0,0.0,0.0,0.0,0.0,0.0,0.0,0.0,0.024123913,0.9758761,0.0,0.0
9,9,0.0,0.0,0.0,0.0,0.0,0.0,0.0,0.0,0.024123913,0.9758761,0.0,0.0
9,9,0.0,0.0,0.0,0.0,0.0,0.0,0.0,0.0,0.024123913,0.9758761,0.0,0.0
9,9,0.0,0.0,0.0,0.0,0.0,0.0,0.0,0.0,0.024123913,0.9758761,0.0,0.0
9,9,0.0,0.0,0.0,0.0,0.0,0.0,0.0,0.0,0.024123913,0.9758761,0.0,0.0
9,9,0.0,0.0,0.0,0.0,0.0,0.0,0.0,0.0,0.024123913,0.9758761,0.0,0.0
9,9,0.0,0.0,0.0,0.0,0.0,0.0,0.0,0.0,0.024123913,0.9758761,0.0,0.0
9,9,0.0,0.0,0.0,0.0,0.0,0.0,0.0,0.0,0.024123913,0.9758761,0.0,0.0
9,9,0.0,0.0,0.0,0.0,0.0,0.0,0.0,0.0,0.024123913,0.9758761,0.0,0.0
9,9,0.0,0.0,0.0,0.0,0.0,0.0,0.0,0.0,0.024123913,0.9758761,0.0,0.0
9,9,0.0,0.0,0.0,0.0,0.0,0.0,0.0,0.0,0.024123913,0.9758761,0.0,0.0
9,9,0.0,0.0,0.0,0.0,0.0,0.0,0.0,0.0,0.024123913,0.9758761,0.0,0.0
9,9,0.0,0.0,0.0,0.0,0.0,0.0,0.0,0.0,0.024123913,0.9758761,0.0,0.0
9,9,0.0,0.0,0.0,0.0,0.0,0.0,0.0,0.0,0.024123913,0.9758761,0.0,0.0
9,9,0.0,0.0,0.0,0.0,0.0,0.0,0.0,0.0,0.024123913,0.9758761,0.0,0.0
9,9,0.0,0.0,0.0,0.0,0.0,0.0,0.0,0.0,0.024123913,0.9758761,0.0,0.0
9,9,0.0,0.0,0.0,0.0,0.0,0.0,0.0,0.0,0.024123913,0.9758761,0.0,0.0
9,9,0.0,0.0,0.0,0.0,0.0,0.0,0.0,0.0,0.024123913,0.9758761,0.0,0.0
9,9,0.0,0.0,0.0,0.0,0.0,0.0,0.0,0.0,0.024123913,0.9758761,0.0,0.0
9,9,0.0,0.0,0.0,0.0,0.0,0.0,0.0,0.0,0.024123913,0.9758761,0.0,0.0
9,9,0.0,0.0,0.0,0.0,0.0,0.0,0.0,0.0,0.024123913,0.9758761,0.0,0.0
9,9,0.0,0.0,0.0,0.0,0.0,0.0,0.0,0.0,0.024123913,0.9758761,0.0,0.0
9,9,0.0,0.0,0.0,0.0,0.0,0.0,0.0,0.0,0.024123913,0.9758761,0.0,0.0
9,9,0.0,0.0,0.0,0.0,0.0,0.0,0.0,0.0,0.024123913,0.9758761,0.0,0.0
9,9,0.0,0.0,0.0,0.0,0.0,0.0,0.0,0.0,0.024123913,0.9758761,0.0,0.0
9,9,0.0,0.0,0.0,0.0,0.0,0.0,0.0,0.0,0.024123913,0.9758761,0.0,0.0
9,9,0.0,0.0,0.0,0.0,0.0,0.0,0.0,0.0,0.024123913,0.9758761,0.0,0.0
9,9,0.0,0.0,0.0,0.0,0.0,0.0,0.0,0.0,0.024123913,0.9758761,0.0,0.0
9,9,0.0,0.0,0.0,0.0,0.0,0.0,0.0,0.0,0.024123913,0.9758761,0.0,0.0
9,9,0.0,0.0,0.0,0.0,0.0,0.0,0.0,0.0,0.024123913,0.9758761,0.0,0.0
9,9,0.0,0.0,0.0,0.0,0.0,0.0,0.0,0.0,0.024123913,0.9758761,0.0,0.0
9,9,0.0,0.0,0.0,0.0,0.0,0.0,0.0,0.0,0.024123913,0.9758761,0.0,0.0
9,9,0.0,0.0,0.0,0.0,0.0,0.0,0.0,0.0,0.024123913,0.9758761,0.0,0.0
9,9,0.0,0.0,0.0,0.0,0.0,0.0,0.0,0.0,0.024123913,0.9758761,0.0,0.0
9,9,0.0,0.0,0.0,0.0,0.0,0.0,0.0,0.0,0.024123913,0.9758761,0.0,0.0
9,9,0.0,0.0,0.0,0.0,0.0,0.0,0.0,0.0,0.024123913,0.9758761,0.0,0.0
9,9,0.0,0.0,0.0,0.0,0.0,0.0,0.0,0.0,0.024123913,0.9758761,0.0,0.0
9,9,0.0,0.0,0.0,0.0,0.0,0.0,0.0,0.0,0.024123913,0.9758761,0.0,0.0
9,9,0.0,0.0,0.0,0.0,0.0,0.0,0.0,0.0,0.024123913,0.9758761,0.0,0.0
9,9,0.0,0.0,0.0,0.0,0.0,0.0,0.0,0.0,0.024123913,0.9758761,0.0,0.0
9,9,0.0,0.0,0.0,0.0,0.0,0.0,0.0,0.0,0.024123913,0.9758761,0.0,0.0
9,9,0.0,0.0,0.0,0.0,0.0,0.0,0.0,0.0,0.024123913,0.9758761,0.0,0.0
9,9,0.0,0.0,0.0,0.0,0.0,0.0,0.0,0.0,0.024123913,0.9758761,0.0,0.0
9,9,0.0,0.0,0.0,0.0,0.0,0.0,0.0,0.0,0.024123913,0.9758761,0.0,0.0
9,9,0.0,0.0,0.0,0.0,0.0,0.0,0.0,0.0,0.024123913,0.9758761,0.0,0.0
9,9,0.0,0.0,0.0,0.0,0.0,0.0,0.0,0.0,0.024123913,0.9758761,0.0,0.0
9,9,0.0,0.0,0.0,0.0,0.0,0.0,0.0,0.0,0.024123913,0.9758761,0.0,0.0
9,9,0.0,0.0,0.0,0.0,0.0,0.0,0.0,0.0,0.024123913,0.9758761,0.0,0.0
9,9,0.0,0.0,0.0,0.0,0.0,0.0,0.0,0.0,0.024123913,0.9758761,0.0,0.0
9,9,0.0,0.0,0.0,0.0,0.0,0.0,0.0,0.0,0.024123913,0.9758761,0.0,0.0
9,9,0.0,0.0,0.0,0.0,0.0,0.0,0.0,0.0,0.024123913,0.9758761,0.0,0.0
9,9,0.0,0.0,0.0,0.0,0.0,0.0,0.0,0.0,0.024123913,0.9758761,0.0,0.0
9,9,0.0,0.0,0.0,0.0,0.0,0.0,0.0,0.0,0.024123913,0.9758761,0.0,0.0
9,9,0.0,0.0,0.0,0.0,0.0,0.0,0.0,0.0,0.024123913,0.9758761,0.0,0.0
9,9,0.0,0.0,0.0,0.0,0.0,0.0,0.0,0.0,0.024123913,0.9758761,0.0,0.0
9,9,0.0,0.0,0.0,0.0,0.0,0.0,0.0,0.0,0.024123913,0.9758761,0.0,0.0
9,9,0.0,0.0,0.0,0.0,0.0,0.0,0.0,0.0,0.024123913,0.9758761,0.0,0.0
9,9,0.0,0.0,0.0,0.0,0.0,0.0,0.0,0.0,0.024123913,0.9758761,0.0,0.0
9,9,0.0,0.0,0.0,0.0,0.0,0.0,0.0,0.0,0.024123913,0.9758761,0.0,0.0
9,9,0.0,0.0,0.0,0.0,0.0,0.0,0.0,0.0,0.024123913,0.9758761,0.0,0.0
9,9,0.0,0.0,0.0,0.0,0.0,0.0,0.0,0.0,0.024123913,0.9758761,0.0,0.0
9,9,0.0,0.0,0.0,0.0,0.0,0.0,0.0,0.0,0.024123913,0.9758761,0.0,0.0
9,9,0.0,0.0,0.0,0.0,0.0,0.0,0.0,0.0,0.024123913,0.9758761,0.0,0.0
9,9,0.0,0.0,0.0,0.0,0.0,0.0,0.0,0.0,0.024123913,0.9758761,0.0,0.0
9,9,0.0,0.0,0.0,0.0,0.0,0.0,0.0,0.0,0.024123913,0.9758761,0.0,0.0
9,9,0.0,0.0,0.0,0.0,0.0,0.0,0.0,0.0,0.024123913,0.9758761,0.0,0.0
9,9,0.0,0.0,0.0,0.0,0.0,0.0,0.0,0.0,0.024123913,0.9758761,0.0,0.0
9,9,0.0,0.0,0.0,0.0,0.0,0.0,0.0,0.0,0.024123913,0.9758761,0.0,0.0
9,9,0.0,0.0,0.0,0.0,0.0,0.0,0.0,0.0,0.024123913,0.9758761,0.0,0.0
9,9,0.0,0.0,0.0,0.0,0.0,0.0,0.0,0.0,0.024123913,0.9758761,0.0,0.0
9,9,0.0,0.0,0.0,0.0,0.0,0.0,0.0,0.0,0.024123913,0.9758761,0.0,0.0
9,9,0.0,0.0,0.0,0.0,0.0,0.0,0.0,0.0,0.024123913,0.9758761,0.0,0.0
9,9,0.0,0.0,0.0,0.0,0.0,0.0,0.0,0.0,0.024123913,0.9758761,0.0,0.0
9,9,0.0,0.0,0.0,0.0,0.0,0.0,0.0,0.0,0.024123913,0.9758761,0.0,0.0
9,9,0.0,0.0,0.0,0.0,0.0,0.0,0.0,0.0,0.024123913,0.9758761,0.0,0.0
9,9,0.0,0.0,0.0,0.0,0.0,0.0,0.0,0.0,0.024123913,0.9758761,0.0,0.0
9,9,0.0,0.0,0.0,0.0,0.0,0.0,0.0,0.0,0.024123913,0.9758761,0.0,0.0
9,9,0.0,0.0,0.0,0.0,0.0,0.0,0.0,0.0,0.024123913,0.9758761,0.0,0.0
9,9,0.0,0.0,0.0,0.0,0.0,0.0,0.0,0.0,0.024123913,0.9758761,0.0,0.0
9,9,0.0,0.0,0.0,0.0,0.0,0.0,0.0,0.0,0.024123913,0.9758761,0.0,0.0
9,9,0.0,0.0,0.0,0.0,0.0,0.0,0.0,0.0,0.024123913,0.9758761,0.0,0.0
9,9,0.0,0.0,0.0,0.0,0.0,0.0,0.0,0.0,0.024123913,0.9758761,0.0,0.0
9,9,0.0,0.0,0.0,0.0,0.0,0.0,0.0,0.0,0.024123913,0.9758761,0.0,0.0
9,9,0.0,0.0,0.0,0.0,0.0,0.0,0.0,0.0,0.024123913,0.9758761,0.0,0.0
9,9,0.0,0.0,0.0,0.0,0.0,0.0,0.0,0.0,0.024123913,0.9758761,0.0,0.0
9,9,0.0,0.0,0.0,0.0,0.0,0.0,0.0,0.0,0.024123913,0.9758761,0.0,0.0
9,9,0.0,0.0,0.0,0.0,0.0,0.0,0.0,0.0,0.024123913,0.9758761,0.0,0.0
9,9,0.0,0.0,0.0,0.0,0.0,0.0,0.0,0.0,0.024123913,0.9758761,0.0,0.0
9,9,0.0,0.0,0.0,0.0,0.0,0.0,0.0,0.0,0.024123913,0.9758761,0.0,0.0
9,9,0.0,0.0,0.0,0.0,0.0,0.0,0.0,0.0,0.024123913,0.9758761,0.0,0.0
9,9,0.0,0.0,0.0,0.0,0.0,0.0,0.0,0.0,0.024123913,0.9758761,0.0,0.0
9,9,0.0,0.0,0.0,0.0,0.0,0.0,0.0,0.0,0.024123913,0.9758761,0.0,0.0
9,9,0.0,0.0,0.0,0.0,0.0,0.0,0.0,0.0,0.024123913,0.9758761,0.0,0.0
9,9,0.0,0.0,0.0,0.0,0.0,0.0,0.0,0.0,0.024123913,0.9758761,0.0,0.0
9,9,0.0,0.0,0.0,0.0,0.0,0.0,0.0,0.0,0.024123913,0.9758761,0.0,0.0
9,9,0.0,0.0,0.0,0.0,0.0,0.0,0.0,0.0,0.024123913,0.9758761,0.0,0.0
9,9,0.0,0.0,0.0,0.0,0.0,0.0,0.0,0.0,0.024123913,0.9758761,0.0,0.0
9,9,0.0,0.0,0.0,0.0,0.0,0.0,0.0,0.0,0.024123913,0.9758761,0.0,0.0
9,9,0.0,0.0,0.0,0.0,0.0,0.0,0.0,0.0,0.024123913,0.9758761,0.0,0.0
9,9,0.0,0.0,0.0,0.0,0.0,0.0,0.0,0.0,0.024123913,0.9758761,0.0,0.0
9,9,0.0,0.0,0.0,0.0,0.0,0.0,0.0,0.0,0.024123913,0.9758761,0.0,0.0
9,9,0.0,0.0,0.0,0.0,0.0,0.0,0.0,0.0,0.024123913,0.9758761,0.0,0.0
9,9,0.0,0.0,0.0,0.0,0.0,0.0,0.0,0.0,0.024123913,0.9758761,0.0,0.0
9,9,0.0,0.0,0.0,0.0,0.0,0.0,0.0,0.0,0.024123913,0.9758761,0.0,0.0
9,9,0.0,0.0,0.0,0.0,0.0,0.0,0.0,0.0,0.024123913,0.9758761,0.0,0.0
9,9,0.0,0.0,0.0,0.0,0.0,0.0,0.0,0.0,0.024123913,0.9758761,0.0,0.0
9,9,0.0,0.0,0.0,0.0,0.0,0.0,0.0,0.0,0.024123913,0.9758761,0.0,0.0
9,9,0.0,0.0,0.0,0.0,0.0,0.0,0.0,0.0,0.024123913,0.9758761,0.0,0.0
9,9,0.0,0.0,0.0,0.0,0.0,0.0,0.0,0.0,0.024123913,0.9758761,0.0,0.0
9,9,0.0,0.0,0.0,0.0,0.0,0.0,0.0,0.0,0.024123913,0.9758761,0.0,0.0
9,9,0.0,0.0,0.0,0.0,0.0,0.0,0.0,0.0,0.024123913,0.9758761,0.0,0.0
9,9,0.0,0.0,0.0,0.0,0.0,0.0,0.0,0.0,0.024123913,0.9758761,0.0,0.0
9,9,0.0,0.0,0.0,0.0,0.0,0.0,0.0,0.0,0.024123913,0.9758761,0.0,0.0
9,9,0.0,0.0,0.0,0.0,0.0,0.0,0.0,0.0,0.024123913,0.9758761,0.0,0.0
9,9,0.0,0.0,0.0,0.0,0.0,0.0,0.0,0.0,0.024123913,0.9758761,0.0,0.0
9,9,0.0,0.0,0.0,0.0,0.0,0.0,0.0,0.0,0.024123913,0.9758761,0.0,0.0
9,9,0.0,0.0,0.0,0.0,0.0,0.0,0.0,0.0,0.024123913,0.9758761,0.0,0.0
9,9,0.0,0.0,0.0,0.0,0.0,0.0,0.0,0.0,0.024123913,0.9758761,0.0,0.0
9,9,0.0,0.0,0.0,0.0,0.0,0.0,0.0,0.0,0.024123913,0.9758761,0.0,0.0
9,9,0.0,0.0,0.0,0.0,0.0,0.0,0.0,0.0,0.024123913,0.9758761,0.0,0.0
9,9,0.0,0.0,0.0,0.0,0.0,0.0,0.0,0.0,0.024123913,0.9758761,0.0,0.0
9,9,0.0,0.0,0.0,0.0,0.0,0.0,0.0,0.0,0.024123913,0.9758761,0.0,0.0
9,9,0.0,0.0,0.0,0.0,0.0,0.0,0.0,0.0,0.024123913,0.9758761,0.0,0.0
9,9,0.0,0.0,0.0,0.0,0.0,0.0,0.0,0.0,0.024123913,0.9758761,0.0,0.0
9,9,0.0,0.0,0.0,0.0,0.0,0.0,0.0,0.0,0.024123913,0.9758761,0.0,0.0
9,9,0.0,0.0,0.0,0.0,0.0,0.0,0.0,0.0,0.024123913,0.9758761,0.0,0.0
9,9,0.0,0.0,0.0,0.0,0.0,0.0,0.0,0.0,0.024123913,0.9758761,0.0,0.0
9,9,0.0,0.0,0.0,0.0,0.0,0.0,0.0,0.0,0.024123913,0.9758761,0.0,0.0
9,9,0.0,0.0,0.0,0.0,0.0,0.0,0.0,0.0,0.024123913,0.9758761,0.0,0.0
9,9,0.0,0.0,0.0,0.0,0.0,0.0,0.0,0.0,0.024123913,0.9758761,0.0,0.0
9,9,0.0,0.0,0.0,0.0,0.0,0.0,0.0,0.0,0.024123913,0.9758761,0.0,0.0
9,9,0.0,0.0,0.0,0.0,0.0,0.0,0.0,0.0,0.024123913,0.9758761,0.0,0.0
9,9,0.0,0.0,0.0,0.0,0.0,0.0,0.0,0.0,0.024123913,0.9758761,0.0,0.0
9,9,0.0,0.0,0.0,0.0,0.0,0.0,0.0,0.0,0.024123913,0.9758761,0.0,0.0
9,9,0.0,0.0,0.0,0.0,0.0,0.0,0.0,0.0,0.024123913,0.9758761,0.0,0.0
9,9,0.0,0.0,0.0,0.0,0.0,0.0,0.0,0.0,0.024123913,0.9758761,0.0,0.0
9,9,0.0,0.0,0.0,0.0,0.0,0.0,0.0,0.0,0.024123913,0.9758761,0.0,0.0
9,9,0.0,0.0,0.0,0.0,0.0,0.0,0.0,0.0,0.024123913,0.9758761,0.0,0.0
9,9,0.0,0.0,0.0,0.0,0.0,0.0,0.0,0.0,0.024123913,0.9758761,0.0,0.0
9,9,0.0,0.0,0.0,0.0,0.0,0.0,0.0,0.0,0.024123913,0.9758761,0.0,0.0
9,9,0.0,0.0,0.0,0.0,0.0,0.0,0.0,0.0,0.024123913,0.9758761,0.0,0.0
9,9,0.0,0.0,0.0,0.0,0.0,0.0,0.0,0.0,0.024123913,0.9758761,0.0,0.0
9,9,0.0,0.0,0.0,0.0,0.0,0.0,0.0,0.0,0.024123913,0.9758761,0.0,0.0
9,9,0.0,0.0,0.0,0.0,0.0,0.0,0.0,0.0,0.024123913,0.9758761,0.0,0.0
9,9,0.0,0.0,0.0,0.0,0.0,0.0,0.0,0.0,0.024123913,0.9758761,0.0,0.0
9,9,0.0,0.0,0.0,0.0,0.0,0.0,0.0,0.0,0.024123913,0.9758761,0.0,0.0
9,9,0.0,0.0,0.0,0.0,0.0,0.0,0.0,0.0,0.024123913,0.9758761,0.0,0.0
9,9,0.0,0.0,0.0,0.0,0.0,0.0,0.0,0.0,0.024123913,0.9758761,0.0,0.0
9,9,0.0,0.0,0.0,0.0,0.0,0.0,0.0,0.0,0.024123913,0.9758761,0.0,0.0
9,9,0.0,0.0,0.0,0.0,0.0,0.0,0.0,0.0,0.024123913,0.9758761,0.0,0.0
9,9,0.0,0.0,0.0,0.0,0.0,0.0,0.0,0.0,0.024123913,0.9758761,0.0,0.0
9,9,0.0,0.0,0.0,0.0,0.0,0.0,0.0,0.0,0.024123913,0.9758761,0.0,0.0
9,9,0.0,0.0,0.0,0.0,0.0,0.0,0.0,0.0,0.024123913,0.9758761,0.0,0.0
9,9,0.0,0.0,0.0,0.0,0.0,0.0,0.0,0.0,0.024123913,0.9758761,0.0,0.0
9,9,0.0,0.0,0.0,0.0,0.0,0.0,0.0,0.0,0.024123913,0.9758761,0.0,0.0
9,9,0.0,0.0,0.0,0.0,0.0,0.0,0.0,0.0,0.024123913,0.9758761,0.0,0.0
9,9,0.0,0.0,0.0,0.0,0.0,0.0,0.0,0.0,0.024123913,0.9758761,0.0,0.0
9,9,0.0,0.0,0.0,0.0,0.0,0.0,0.0,0.0,0.024123913,0.9758761,0.0,0.0
9,9,0.0,0.0,0.0,0.0,0.0,0.0,0.0,0.0,0.024123913,0.9758761,0.0,0.0
9,9,0.0,0.0,0.0,0.0,0.0,0.0,0.0,0.0,0.024123913,0.9758761,0.0,0.0
9,9,0.0,0.0,0.0,0.0,0.0,0.0,0.0,0.0,0.024123913,0.9758761,0.0,0.0
9,9,0.0,0.0,0.0,0.0,0.0,0.0,0.0,0.0,0.024123913,0.9758761,0.0,0.0
9,9,0.0,0.0,0.0,0.0,0.0,0.0,0.0,0.0,0.024123913,0.9758761,0.0,0.0
9,9,0.0,0.0,0.0,0.0,0.0,0.0,0.0,0.0,0.024123913,0.9758761,0.0,0.0
9,9,0.0,0.0,0.0,0.0,0.0,0.0,0.0,0.0,0.024123913,0.9758761,0.0,0.0
9,9,0.0,0.0,0.0,0.0,0.0,0.0,0.0,0.0,0.024123913,0.9758761,0.0,0.0
9,9,0.0,0.0,0.0,0.0,0.0,0.0,0.0,0.0,0.024123913,0.9758761,0.0,0.0
9,9,0.0,0.0,0.0,0.0,0.0,0.0,0.0,0.0,0.024123913,0.9758761,0.0,0.0
9,9,0.0,0.0,0.0,0.0,0.0,0.0,0.0,0.0,0.024123913,0.9758761,0.0,0.0
9,9,0.0,0.0,0.0,0.0,0.0,0.0,0.0,0.0,0.024123913,0.9758761,0.0,0.0
9,9,0.0,0.0,0.0,0.0,0.0,0.0,0.0,0.0,0.024123913,0.9758761,0.0,0.0
9,9,0.0,0.0,0.0,0.0,0.0,0.0,0.0,0.0,0.024123913,0.9758761,0.0,0.0
9,9,0.0,0.0,0.0,0.0,0.0,0.0,0.0,0.0,0.024123913,0.9758761,0.0,0.0
9,9,0.0,0.0,0.0,0.0,0.0,0.0,0.0,0.0,0.024123913,0.9758761,0.0,0.0
9,9,0.0,0.0,0.0,0.0,0.0,0.0,0.0,0.0,0.024123913,0.9758761,0.0,0.0
9,9,0.0,0.0,0.0,0.0,0.0,0.0,0.0,0.0,0.024123913,0.9758761,0.0,0.0
9,9,0.0,0.0,0.0,0.0,0.0,0.0,0.0,0.0,0.024123913,0.9758761,0.0,0.0
9,9,0.0,0.0,0.0,0.0,0.0,0.0,0.0,0.0,0.024123913,0.9758761,0.0,0.0
9,9,0.0,0.0,0.0,0.0,0.0,0.0,0.0,0.0,0.024123913,0.9758761,0.0,0.0
9,9,0.0,0.0,0.0,0.0,0.0,0.0,0.0,0.0,0.024123913,0.9758761,0.0,0.0
9,9,0.0,0.0,0.0,0.0,0.0,0.0,0.0,0.0,0.024123913,0.9758761,0.0,0.0
9,9,0.0,0.0,0.0,0.0,0.0,0.0,0.0,0.0,0.024123913,0.9758761,0.0,0.0
9,9,0.0,0.0,0.0,0.0,0.0,0.0,0.0,0.0,0.024123913,0.9758761,0.0,0.0
9,9,0.0,0.0,0.0,0.0,0.0,0.0,0.0,0.0,0.024123913,0.9758761,0.0,0.0
9,9,0.0,0.0,0.0,0.0,0.0,0.0,0.0,0.0,0.024123913,0.9758761,0.0,0.0
9,9,0.0,0.0,0.0,0.0,0.0,0.0,0.0,0.0,0.024123913,0.9758761,0.0,0.0
9,9,0.0,0.0,0.0,0.0,0.0,0.0,0.0,0.0,0.024123913,0.9758761,0.0,0.0
9,9,0.0,0.0,0.0,0.0,0.0,0.0,0.0,0.0,0.024123913,0.9758761,0.0,0.0
9,9,0.0,0.0,0.0,0.0,0.0,0.0,0.0,0.0,0.024123913,0.9758761,0.0,0.0
9,9,0.0,0.0,0.0,0.0,0.0,0.0,0.0,0.0,0.024123913,0.9758761,0.0,0.0
9,9,0.0,0.0,0.0,0.0,0.0,0.0,0.0,0.0,0.024123913,0.9758761,0.0,0.0
9,9,0.0,0.0,0.0,0.0,0.0,0.0,0.0,0.0,0.024123913,0.9758761,0.0,0.0
9,9,0.0,0.0,0.0,0.0,0.0,0.0,0.0,0.0,0.024123913,0.9758761,0.0,0.0
9,9,0.0,0.0,0.0,0.0,0.0,0.0,0.0,0.0,0.024123913,0.9758761,0.0,0.0
9,9,0.0,0.0,0.0,0.0,0.0,0.0,0.0,0.0,0.024123913,0.9758761,0.0,0.0
9,9,0.0,0.0,0.0,0.0,0.0,0.0,0.0,0.0,0.024123913,0.9758761,0.0,0.0
9,9,0.0,0.0,0.0,0.0,0.0,0.0,0.0,0.0,0.024123913,0.9758761,0.0,0.0
9,9,0.0,0.0,0.0,0.0,0.0,0.0,0.0,0.0,0.024123913,0.9758761,0.0,0.0
9,9,0.0,0.0,0.0,0.0,0.0,0.0,0.0,0.0,0.024123913,0.9758761,0.0,0.0
9,9,0.0,0.0,0.0,0.0,0.0,0.0,0.0,0.0,0.024123913,0.9758761,0.0,0.0
9,9,0.0,0.0,0.0,0.0,0.0,0.0,0.0,0.0,0.024123913,0.9758761,0.0,0.0
9,9,0.0,0.0,0.0,0.0,0.0,0.0,0.0,0.0,0.024123913,0.9758761,0.0,0.0
9,9,0.0,0.0,0.0,0.0,0.0,0.0,0.0,0.0,0.024123913,0.9758761,0.0,0.0
9,9,0.0,0.0,0.0,0.0,0.0,0.0,0.0,0.0,0.024123913,0.9758761,0.0,0.0
9,9,0.0,0.0,0.0,0.0,0.0,0.0,0.0,0.0,0.024123913,0.9758761,0.0,0.0
9,9,0.0,0.0,0.0,0.0,0.0,0.0,0.0,0.0,0.024123913,0.9758761,0.0,0.0
9,9,0.0,0.0,0.0,0.0,0.0,0.0,0.0,0.0,0.024123913,0.9758761,0.0,0.0
9,9,0.0,0.0,0.0,0.0,0.0,0.0,0.0,0.0,0.024123913,0.9758761,0.0,0.0
9,9,0.0,0.0,0.0,0.0,0.0,0.0,0.0,0.0,0.024123913,0.9758761,0.0,0.0
9,9,0.0,0.0,0.0,0.0,0.0,0.0,0.0,0.0,0.024123913,0.9758761,0.0,0.0
9,9,0.0,0.0,0.0,0.0,0.0,0.0,0.0,0.0,0.024123913,0.9758761,0.0,0.0
9,9,0.0,0.0,0.0,0.0,0.0,0.0,0.0,0.0,0.024123913,0.9758761,0.0,0.0
9,9,0.0,0.0,0.0,0.0,0.0,0.0,0.0,0.0,0.024123913,0.9758761,0.0,0.0
9,9,0.0,0.0,0.0,0.0,0.0,0.0,0.0,0.0,0.024123913,0.9758761,0.0,0.0
9,9,0.0,0.0,0.0,0.0,0.0,0.0,0.0,0.0,0.024123913,0.9758761,0.0,0.0
9,9,0.0,0.0,0.0,0.0,0.0,0.0,0.0,0.0,0.024123913,0.9758761,0.0,0.0
9,9,0.0,0.0,0.0,0.0,0.0,0.0,0.0,0.0,0.024123913,0.9758761,0.0,0.0
9,9,0.0,0.0,0.0,0.0,0.0,0.0,0.0,0.0,0.024123913,0.9758761,0.0,0.0
9,9,0.0,0.0,0.0,0.0,0.0,0.0,0.0,0.0,0.024123913,0.9758761,0.0,0.0
9,9,0.0,0.0,0.0,0.0,0.0,0.0,0.0,0.0,0.024123913,0.9758761,0.0,0.0
9,9,0.0,0.0,0.0,0.0,0.0,0.0,0.0,0.0,0.024123913,0.9758761,0.0,0.0
9,9,0.0,0.0,0.0,0.0,0.0,0.0,0.0,0.0,0.024123913,0.9758761,0.0,0.0
9,9,0.0,0.0,0.0,0.0,0.0,0.0,0.0,0.0,0.024123913,0.9758761,0.0,0.0
9,9,0.0,0.0,0.0,0.0,0.0,0.0,0.0,0.0,0.024123913,0.9758761,0.0,0.0
9,9,0.0,0.0,0.0,0.0,0.0,0.0,0.0,0.0,0.024123913,0.9758761,0.0,0.0
9,9,0.0,0.0,0.0,0.0,0.0,0.0,0.0,0.0,0.024123913,0.9758761,0.0,0.0
9,9,0.0,0.0,0.0,0.0,0.0,0.0,0.0,0.0,0.024123913,0.9758761,0.0,0.0
9,9,0.0,0.0,0.0,0.0,0.0,0.0,0.0,0.0,0.024123913,0.9758761,0.0,0.0
9,9,0.0,0.0,0.0,0.0,0.0,0.0,0.0,0.0,0.024123913,0.9758761,0.0,0.0
9,9,0.0,0.0,0.0,0.0,0.0,0.0,0.0,0.0,0.024123913,0.9758761,0.0,0.0
9,9,0.0,0.0,0.0,0.0,0.0,0.0,0.0,0.0,0.024123913,0.9758761,0.0,0.0
9,9,0.0,0.0,0.0,0.0,0.0,0.0,0.0,0.0,0.024123913,0.9758761,0.0,0.0
9,9,0.0,0.0,0.0,0.0,0.0,0.0,0.0,0.0,0.024123913,0.9758761,0.0,0.0
9,9,0.0,0.0,0.0,0.0,0.0,0.0,0.0,0.0,0.024123913,0.9758761,0.0,0.0
9,9,0.0,0.0,0.0,0.0,0.0,0.0,0.0,0.0,0.024123913,0.9758761,0.0,0.0
9,9,0.0,0.0,0.0,0.0,0.0,0.0,0.0,0.0,0.024123913,0.9758761,0.0,0.0
9,9,0.0,0.0,0.0,0.0,0.0,0.0,0.0,0.0,0.024123913,0.9758761,0.0,0.0
9,9,0.0,0.0,0.0,0.0,0.0,0.0,0.0,0.0,0.024123913,0.9758761,0.0,0.0
9,9,0.0,0.0,0.0,0.0,0.0,0.0,0.0,0.0,0.024123913,0.9758761,0.0,0.0
9,9,0.0,0.0,0.0,0.0,0.0,0.0,0.0,0.0,0.024123913,0.9758761,0.0,0.0
9,9,0.0,0.0,0.0,0.0,0.0,0.0,0.0,0.0,0.024123913,0.9758761,0.0,0.0
9,9,0.0,0.0,0.0,0.0,0.0,0.0,0.0,0.0,0.024123913,0.9758761,0.0,0.0
9,9,0.0,0.0,0.0,0.0,0.0,0.0,0.0,0.0,0.024123913,0.9758761,0.0,0.0
9,9,0.0,0.0,0.0,0.0,0.0,0.0,0.0,0.0,0.024123913,0.9758761,0.0,0.0
9,9,0.0,0.0,0.0,0.0,0.0,0.0,0.0,0.0,0.024123913,0.9758761,0.0,0.0
9,9,0.0,0.0,0.0,0.0,0.0,0.0,0.0,0.0,0.024123913,0.9758761,0.0,0.0
9,9,0.0,0.0,0.0,0.0,0.0,0.0,0.0,0.0,0.024123913,0.9758761,0.0,0.0
9,9,0.0,0.0,0.0,0.0,0.0,0.0,0.0,0.0,0.024123913,0.9758761,0.0,0.0
9,9,0.0,0.0,0.0,0.0,0.0,0.0,0.0,0.0,0.024123913,0.9758761,0.0,0.0
9,9,0.0,0.0,0.0,0.0,0.0,0.0,0.0,0.0,0.024123913,0.9758761,0.0,0.0
9,9,0.0,0.0,0.0,0.0,0.0,0.0,0.0,0.0,0.024123913,0.9758761,0.0,0.0
9,9,0.0,0.0,0.0,0.0,0.0,0.0,0.0,0.0,0.024123913,0.9758761,0.0,0.0
9,9,0.0,0.0,0.0,0.0,0.0,0.0,0.0,0.0,0.024123913,0.9758761,0.0,0.0
9,9,0.0,0.0,0.0,0.0,0.0,0.0,0.0,0.0,0.024123913,0.9758761,0.0,0.0
9,9,0.0,0.0,0.0,0.0,0.0,0.0,0.0,0.0,0.024123913,0.9758761,0.0,0.0
9,9,0.0,0.0,0.0,0.0,0.0,0.0,0.0,0.0,0.024123913,0.9758761,0.0,0.0
9,9,0.0,0.0,0.0,0.0,0.0,0.0,0.0,0.0,0.024123913,0.9758761,0.0,0.0
9,9,0.0,0.0,0.0,0.0,0.0,0.0,0.0,0.0,0.024123913,0.9758761,0.0,0.0
9,9,0.0,0.0,0.0,0.0,0.0,0.0,0.0,0.0,0.024123913,0.9758761,0.0,0.0
9,9,0.0,0.0,0.0,0.0,0.0,0.0,0.0,0.0,0.024123913,0.9758761,0.0,0.0
9,9,0.0,0.0,0.0,0.0,0.0,0.0,0.0,0.0,0.024123913,0.9758761,0.0,0.0
9,9,0.0,0.0,0.0,0.0,0.0,0.0,0.0,0.0,0.024123913,0.9758761,0.0,0.0
9,9,0.0,0.0,0.0,0.0,0.0,0.0,0.0,0.0,0.024123913,0.9758761,0.0,0.0
9,9,0.0,0.0,0.0,0.0,0.0,0.0,0.0,0.0,0.024123913,0.9758761,0.0,0.0
9,9,0.0,0.0,0.0,0.0,0.0,0.0,0.0,0.0,0.024123913,0.9758761,0.0,0.0
9,9,0.0,0.0,0.0,0.0,0.0,0.0,0.0,0.0,0.024123913,0.9758761,0.0,0.0
9,9,0.0,0.0,0.0,0.0,0.0,0.0,0.0,0.0,0.024123913,0.9758761,0.0,0.0
9,9,0.0,0.0,0.0,0.0,0.0,0.0,0.0,0.0,0.024123913,0.9758761,0.0,0.0
9,9,0.0,0.0,0.0,0.0,0.0,0.0,0.0,0.0,0.024123913,0.9758761,0.0,0.0
9,9,0.0,0.0,0.0,0.0,0.0,0.0,0.0,0.0,0.024123913,0.9758761,0.0,0.0
9,9,0.0,0.0,0.0,0.0,0.0,0.0,0.0,0.0,0.024123913,0.9758761,0.0,0.0
9,9,0.0,0.0,0.0,0.0,0.0,0.0,0.0,0.0,0.024123913,0.9758761,0.0,0.0
9,9,0.0,0.0,0.0,0.0,0.0,0.0,0.0,0.0,0.024123913,0.9758761,0.0,0.0
9,9,0.0,0.0,0.0,0.0,0.0,0.0,0.0,0.0,0.024123913,0.9758761,0.0,0.0
9,9,0.0,0.0,0.0,0.0,0.0,0.0,0.0,0.0,0.024123913,0.9758761,0.0,0.0
9,9,0.0,0.0,0.0,0.0,0.0,0.0,0.0,0.0,0.024123913,0.9758761,0.0,0.0
9,9,0.0,0.0,0.0,0.0,0.0,0.0,0.0,0.0,0.024123913,0.9758761,0.0,0.0
9,9,0.0,0.0,0.0,0.0,0.0,0.0,0.0,0.0,0.024123913,0.9758761,0.0,0.0
9,9,0.0,0.0,0.0,0.0,0.0,0.0,0.0,0.0,0.024123913,0.9758761,0.0,0.0
9,9,0.0,0.0,0.0,0.0,0.0,0.0,0.0,0.0,0.024123913,0.9758761,0.0,0.0
9,9,0.0,0.0,0.0,0.0,0.0,0.0,0.0,0.0,0.024123913,0.9758761,0.0,0.0
9,9,0.0,0.0,0.0,0.0,0.0,0.0,0.0,0.0,0.024123913,0.9758761,0.0,0.0
9,9,0.0,0.0,0.0,0.0,0.0,0.0,0.0,0.0,0.024123913,0.9758761,0.0,0.0
9,9,0.0,0.0,0.0,0.0,0.0,0.0,0.0,0.0,0.024123913,0.9758761,0.0,0.0
9,9,0.0,0.0,0.0,0.0,0.0,0.0,0.0,0.0,0.024123913,0.9758761,0.0,0.0
9,9,0.0,0.0,0.0,0.0,0.0,0.0,0.0,0.0,0.024123913,0.9758761,0.0,0.0
9,9,0.0,0.0,0.0,0.0,0.0,0.0,0.0,0.0,0.024123913,0.9758761,0.0,0.0
9,9,0.0,0.0,0.0,0.0,0.0,0.0,0.0,0.0,0.024123913,0.9758761,0.0,0.0
9,9,0.0,0.0,0.0,0.0,0.0,0.0,0.0,0.0,0.024123913,0.9758761,0.0,0.0
9,9,0.0,0.0,0.0,0.0,0.0,0.0,0.0,0.0,0.024123913,0.9758761,0.0,0.0
9,9,0.0,0.0,0.0,0.0,0.0,0.0,0.0,0.0,0.024123913,0.9758761,0.0,0.0
9,9,0.0,0.0,0.0,0.0,0.0,0.0,0.0,0.0,0.024123913,0.9758761,0.0,0.0
9,9,0.0,0.0,0.0,0.0,0.0,0.0,0.0,0.0,0.024123913,0.9758761,0.0,0.0
9,9,0.0,0.0,0.0,0.0,0.0,0.0,0.0,0.0,0.024123913,0.9758761,0.0,0.0
9,9,0.0,0.0,0.0,0.0,0.0,0.0,0.0,0.0,0.024123913,0.9758761,0.0,0.0
9,9,0.0,0.0,0.0,0.0,0.0,0.0,0.0,0.0,0.024123913,0.9758761,0.0,0.0
9,9,0.0,0.0,0.0,0.0,0.0,0.0,0.0,0.0,0.024123913,0.9758761,0.0,0.0
9,9,0.0,0.0,0.0,0.0,0.0,0.0,0.0,0.0,0.024123913,0.9758761,0.0,0.0
9,9,0.0,0.0,0.0,0.0,0.0,0.0,0.0,0.0,0.024123913,0.9758761,0.0,0.0
9,9,0.0,0.0,0.0,0.0,0.0,0.0,0.0,0.0,0.024123913,0.9758761,0.0,0.0
9,9,0.0,0.0,0.0,0.0,0.0,0.0,0.0,0.0,0.024123913,0.9758761,0.0,0.0
9,9,0.0,0.0,0.0,0.0,0.0,0.0,0.0,0.0,0.024123913,0.9758761,0.0,0.0
9,9,0.0,0.0,0.0,0.0,0.0,0.0,0.0,0.0,0.024123913,0.9758761,0.0,0.0
9,9,0.0,0.0,0.0,0.0,0.0,0.0,0.0,0.0,0.024123913,0.9758761,0.0,0.0
9,9,0.0,0.0,0.0,0.0,0.0,0.0,0.0,0.0,0.024123913,0.9758761,0.0,0.0
9,9,0.0,0.0,0.0,0.0,0.0,0.0,0.0,0.0,0.024123913,0.9758761,0.0,0.0
9,9,0.0,0.0,0.0,0.0,0.0,0.0,0.0,0.0,0.024123913,0.9758761,0.0,0.0
9,9,0.0,0.0,0.0,0.0,0.0,0.0,0.0,0.0,0.024123913,0.9758761,0.0,0.0
9,9,0.0,0.0,0.0,0.0,0.0,0.0,0.0,0.0,0.024123913,0.9758761,0.0,0.0
9,9,0.0,0.0,0.0,0.0,0.0,0.0,0.0,0.0,0.024123913,0.9758761,0.0,0.0
9,9,0.0,0.0,0.0,0.0,0.0,0.0,0.0,0.0,0.024123913,0.9758761,0.0,0.0
9,9,0.0,0.0,0.0,0.0,0.0,0.0,0.0,0.0,0.024123913,0.9758761,0.0,0.0
9,9,0.0,0.0,0.0,0.0,0.0,0.0,0.0,0.0,0.024123913,0.9758761,0.0,0.0
9,9,0.0,0.0,0.0,0.0,0.0,0.0,0.0,0.0,0.024123913,0.9758761,0.0,0.0
9,9,0.0,0.0,0.0,0.0,0.0,0.0,0.0,0.0,0.024123913,0.9758761,0.0,0.0
9,9,0.0,0.0,0.0,0.0,0.0,0.0,0.0,0.0,0.024123913,0.9758761,0.0,0.0
9,9,0.0,0.0,0.0,0.0,0.0,0.0,0.0,0.0,0.024123913,0.9758761,0.0,0.0
9,9,0.0,0.0,0.0,0.0,0.0,0.0,0.0,0.0,0.024123913,0.9758761,0.0,0.0
9,9,0.0,0.0,0.0,0.0,0.0,0.0,0.0,0.0,0.024123913,0.9758761,0.0,0.0
9,9,0.0,0.0,0.0,0.0,0.0,0.0,0.0,0.0,0.024123913,0.9758761,0.0,0.0
9,9,0.0,0.0,0.0,0.0,0.0,0.0,0.0,0.0,0.024123913,0.9758761,0.0,0.0
9,9,0.0,0.0,0.0,0.0,0.0,0.0,0.0,0.0,0.024123913,0.9758761,0.0,0.0
9,9,0.0,0.0,0.0,0.0,0.0,0.0,0.0,0.0,0.024123913,0.9758761,0.0,0.0
9,9,0.0,0.0,0.0,0.0,0.0,0.0,0.0,0.0,0.024123913,0.9758761,0.0,0.0
9,9,0.0,0.0,0.0,0.0,0.0,0.0,0.0,0.0,0.024123913,0.9758761,0.0,0.0
9,9,0.0,0.0,0.0,0.0,0.0,0.0,0.0,0.0,0.024123913,0.9758761,0.0,0.0
9,9,0.0,0.0,0.0,0.0,0.0,0.0,0.0,0.0,0.024123913,0.9758761,0.0,0.0
9,9,0.0,0.0,0.0,0.0,0.0,0.0,0.0,0.0,0.024123913,0.9758761,0.0,0.0
9,9,0.0,0.0,0.0,0.0,0.0,0.0,0.0,0.0,0.024123913,0.9758761,0.0,0.0
9,9,0.0,0.0,0.0,0.0,0.0,0.0,0.0,0.0,0.024123913,0.9758761,0.0,0.0
9,9,0.0,0.0,0.0,0.0,0.0,0.0,0.0,0.0,0.024123913,0.9758761,0.0,0.0
9,9,0.0,0.0,0.0,0.0,0.0,0.0,0.0,0.0,0.024123913,0.9758761,0.0,0.0
9,9,0.0,0.0,0.0,0.0,0.0,0.0,0.0,0.0,0.024123913,0.9758761,0.0,0.0
9,9,0.0,0.0,0.0,0.0,0.0,0.0,0.0,0.0,0.024123913,0.9758761,0.0,0.0
9,9,0.0,0.0,0.0,0.0,0.0,0.0,0.0,0.0,0.024123913,0.9758761,0.0,0.0
9,9,0.0,0.0,0.0,0.0,0.0,0.0,0.0,0.0,0.024123913,0.9758761,0.0,0.0
9,9,0.0,0.0,0.0,0.0,0.0,0.0,0.0,0.0,0.024123913,0.9758761,0.0,0.0
9,9,0.0,0.0,0.0,0.0,0.0,0.0,0.0,0.0,0.024123913,0.9758761,0.0,0.0
9,9,0.0,0.0,0.0,0.0,0.0,0.0,0.0,0.0,0.024123913,0.9758761,0.0,0.0
9,9,0.0,0.0,0.0,0.0,0.0,0.0,0.0,0.0,0.024123913,0.9758761,0.0,0.0
9,9,0.0,0.0,0.0,0.0,0.0,0.0,0.0,0.0,0.024123913,0.9758761,0.0,0.0
9,9,0.0,0.0,0.0,0.0,0.0,0.0,0.0,0.0,0.024123913,0.9758761,0.0,0.0
9,9,0.0,0.0,0.0,0.0,0.0,0.0,0.0,0.0,0.024123913,0.9758761,0.0,0.0
9,9,0.0,0.0,0.0,0.0,0.0,0.0,0.0,0.0,0.024123913,0.9758761,0.0,0.0
9,9,0.0,0.0,0.0,0.0,0.0,0.0,0.0,0.0,0.024123913,0.9758761,0.0,0.0
9,9,0.0,0.0,0.0,0.0,0.0,0.0,0.0,0.0,0.024123913,0.9758761,0.0,0.0
9,9,0.0,0.0,0.0,0.0,0.0,0.0,0.0,0.0,0.024123913,0.9758761,0.0,0.0
9,9,0.0,0.0,0.0,0.0,0.0,0.0,0.0,0.0,0.024123913,0.9758761,0.0,0.0
9,9,0.0,0.0,0.0,0.0,0.0,0.0,0.0,0.0,0.024123913,0.9758761,0.0,0.0
9,9,0.0,0.0,0.0,0.0,0.0,0.0,0.0,0.0,0.024123913,0.9758761,0.0,0.0
9,9,0.0,0.0,0.0,0.0,0.0,0.0,0.0,0.0,0.024123913,0.9758761,0.0,0.0
9,9,0.0,0.0,0.0,0.0,0.0,0.0,0.0,0.0,0.024123913,0.9758761,0.0,0.0
9,9,0.0,0.0,0.0,0.0,0.0,0.0,0.0,0.0,0.024123913,0.9758761,0.0,0.0
9,9,0.0,0.0,0.0,0.0,0.0,0.0,0.0,0.0,0.024123913,0.9758761,0.0,0.0
9,9,0.0,0.0,0.0,0.0,0.0,0.0,0.0,0.0,0.024123913,0.9758761,0.0,0.0
9,9,0.0,0.0,0.0,0.0,0.0,0.0,0.0,0.0,0.024123913,0.9758761,0.0,0.0
9,9,0.0,0.0,0.0,0.0,0.0,0.0,0.0,0.0,0.024123913,0.9758761,0.0,0.0
9,9,0.0,0.0,0.0,0.0,0.0,0.0,0.0,0.0,0.024123913,0.9758761,0.0,0.0
9,9,0.0,0.0,0.0,0.0,0.0,0.0,0.0,0.0,0.024123913,0.9758761,0.0,0.0
9,9,0.0,0.0,0.0,0.0,0.0,0.0,0.0,0.0,0.024123913,0.9758761,0.0,0.0
9,9,0.0,0.0,0.0,0.0,0.0,0.0,0.0,0.0,0.024123913,0.9758761,0.0,0.0
9,9,0.0,0.0,0.0,0.0,0.0,0.0,0.0,0.0,0.024123913,0.9758761,0.0,0.0
9,9,0.0,0.0,0.0,0.0,0.0,0.0,0.0,0.0,0.024123913,0.9758761,0.0,0.0
9,9,0.0,0.0,0.0,0.0,0.0,0.0,0.0,0.0,0.024123913,0.9758761,0.0,0.0
9,9,0.0,0.0,0.0,0.0,0.0,0.0,0.0,0.0,0.024123913,0.9758761,0.0,0.0
9,9,0.0,0.0,0.0,0.0,0.0,0.0,0.0,0.0,0.024123913,0.9758761,0.0,0.0
9,9,0.0,0.0,0.0,0.0,0.0,0.0,0.0,0.0,0.024123913,0.9758761,0.0,0.0
9,9,0.0,0.0,0.0,0.0,0.0,0.0,0.0,0.0,0.024123913,0.9758761,0.0,0.0
9,9,0.0,0.0,0.0,0.0,0.0,0.0,0.0,0.0,0.024123913,0.9758761,0.0,0.0
9,9,0.0,0.0,0.0,0.0,0.0,0.0,0.0,0.0,0.024123913,0.9758761,0.0,0.0
9,9,0.0,0.0,0.0,0.0,0.0,0.0,0.0,0.0,0.024123913,0.9758761,0.0,0.0
9,9,0.0,0.0,0.0,0.0,0.0,0.0,0.0,0.0,0.024123913,0.9758761,0.0,0.0
9,9,0.0,0.0,0.0,0.0,0.0,0.0,0.0,0.0,0.024123913,0.9758761,0.0,0.0
9,9,0.0,0.0,0.0,0.0,0.0,0.0,0.0,0.0,0.024123913,0.9758761,0.0,0.0
9,9,0.0,0.0,0.0,0.0,0.0,0.0,0.0,0.0,0.024123913,0.9758761,0.0,0.0
9,9,0.0,0.0,0.0,0.0,0.0,0.0,0.0,0.0,0.024123913,0.9758761,0.0,0.0
9,9,0.0,0.0,0.0,0.0,0.0,0.0,0.0,0.0,0.024123913,0.9758761,0.0,0.0
9,9,0.0,0.0,0.0,0.0,0.0,0.0,0.0,0.0,0.024123913,0.9758761,0.0,0.0
9,9,0.0,0.0,0.0,0.0,0.0,0.0,0.0,0.0,0.024123913,0.9758761,0.0,0.0
9,9,0.0,0.0,0.0,0.0,0.0,0.0,0.0,0.0,0.024123913,0.9758761,0.0,0.0
9,9,0.0,0.0,0.0,0.0,0.0,0.0,0.0,0.0,0.024123913,0.9758761,0.0,0.0
9,9,0.0,0.0,0.0,0.0,0.0,0.0,0.0,0.0,0.024123913,0.9758761,0.0,0.0
9,9,0.0,0.0,0.0,0.0,0.0,0.0,0.0,0.0,0.024123913,0.9758761,0.0,0.0
9,9,0.0,0.0,0.0,0.0,0.0,0.0,0.0,0.0,0.024123913,0.9758761,0.0,0.0
9,9,0.0,0.0,0.0,0.0,0.0,0.0,0.0,0.0,0.024123913,0.9758761,0.0,0.0
9,9,0.0,0.0,0.0,0.0,0.0,0.0,0.0,0.0,0.024123913,0.9758761,0.0,0.0
9,9,0.0,0.0,0.0,0.0,0.0,0.0,0.0,0.0,0.024123913,0.9758761,0.0,0.0
9,9,0.0,0.0,0.0,0.0,0.0,0.0,0.0,0.0,0.024123913,0.9758761,0.0,0.0
9,9,0.0,0.0,0.0,0.0,0.0,0.0,0.0,0.0,0.024123913,0.9758761,0.0,0.0
9,9,0.0,0.0,0.0,0.0,0.0,0.0,0.0,0.0,0.024123913,0.9758761,0.0,0.0
9,9,0.0,0.0,0.0,0.0,0.0,0.0,0.0,0.0,0.024123913,0.9758761,0.0,0.0
9,9,0.0,0.0,0.0,0.0,0.0,0.0,0.0,0.0,0.024123913,0.9758761,0.0,0.0
9,9,0.0,0.0,0.0,0.0,0.0,0.0,0.0,0.0,0.024123913,0.9758761,0.0,0.0
9,9,0.0,0.0,0.0,0.0,0.0,0.0,0.0,0.0,0.024123913,0.9758761,0.0,0.0
9,9,0.0,0.0,0.0,0.0,0.0,0.0,0.0,0.0,0.024123913,0.9758761,0.0,0.0
9,9,0.0,0.0,0.0,0.0,0.0,0.0,0.0,0.0,0.024123913,0.9758761,0.0,0.0
9,9,0.0,0.0,0.0,0.0,0.0,0.0,0.0,0.0,0.024123913,0.9758761,0.0,0.0
9,9,0.0,0.0,0.0,0.0,0.0,0.0,0.0,0.0,0.024123913,0.9758761,0.0,0.0
9,9,0.0,0.0,0.0,0.0,0.0,0.0,0.0,0.0,0.024123913,0.9758761,0.0,0.0
9,9,0.0,0.0,0.0,0.0,0.0,0.0,0.0,0.0,0.024123913,0.9758761,0.0,0.0
9,9,0.0,0.0,0.0,0.0,0.0,0.0,0.0,0.0,0.024123913,0.9758761,0.0,0.0
9,9,0.0,0.0,0.0,0.0,0.0,0.0,0.0,0.0,0.024123913,0.9758761,0.0,0.0
9,9,0.0,0.0,0.0,0.0,0.0,0.0,0.0,0.0,0.024123913,0.9758761,0.0,0.0
9,9,0.0,0.0,0.0,0.0,0.0,0.0,0.0,0.0,0.024123913,0.9758761,0.0,0.0
9,9,0.0,0.0,0.0,0.0,0.0,0.0,0.0,0.0,0.024123913,0.9758761,0.0,0.0
9,9,0.0,0.0,0.0,0.0,0.0,0.0,0.0,0.0,0.024123913,0.9758761,0.0,0.0
9,9,0.0,0.0,0.0,0.0,0.0,0.0,0.0,0.0,0.024123913,0.9758761,0.0,0.0
9,9,0.0,0.0,0.0,0.0,0.0,0.0,0.0,0.0,0.024123913,0.9758761,0.0,0.0
9,9,0.0,0.0,0.0,0.0,0.0,0.0,0.0,0.0,0.024123913,0.9758761,0.0,0.0
9,9,0.0,0.0,0.0,0.0,0.0,0.0,0.0,0.0,0.024123913,0.9758761,0.0,0.0
9,9,0.0,0.0,0.0,0.0,0.0,0.0,0.0,0.0,0.024123913,0.9758761,0.0,0.0
9,9,0.0,0.0,0.0,0.0,0.0,0.0,0.0,0.0,0.024123913,0.9758761,0.0,0.0
9,9,0.0,0.0,0.0,0.0,0.0,0.0,0.0,0.0,0.024123913,0.9758761,0.0,0.0
9,9,0.0,0.0,0.0,0.0,0.0,0.0,0.0,0.0,0.024123913,0.9758761,0.0,0.0
9,9,0.0,0.0,0.0,0.0,0.0,0.0,0.0,0.0,0.024123913,0.9758761,0.0,0.0
9,9,0.0,0.0,0.0,0.0,0.0,0.0,0.0,0.0,0.024123913,0.9758761,0.0,0.0
9,9,0.0,0.0,0.0,0.0,0.0,0.0,0.0,0.0,0.024123913,0.9758761,0.0,0.0
9,9,0.0,0.0,0.0,0.0,0.0,0.0,0.0,0.0,0.024123913,0.9758761,0.0,0.0
9,9,0.0,0.0,0.0,0.0,0.0,0.0,0.0,0.0,0.024123913,0.9758761,0.0,0.0
9,9,0.0,0.0,0.0,0.0,0.0,0.0,0.0,0.0,0.024123913,0.9758761,0.0,0.0
9,9,0.0,0.0,0.0,0.0,0.0,0.0,0.0,0.0,0.024123913,0.9758761,0.0,0.0
9,9,0.0,0.0,0.0,0.0,0.0,0.0,0.0,0.0,0.024123913,0.9758761,0.0,0.0
9,9,0.0,0.0,0.0,0.0,0.0,0.0,0.0,0.0,0.024123913,0.9758761,0.0,0.0
9,9,0.0,0.0,0.0,0.0,0.0,0.0,0.0,0.0,0.024123913,0.9758761,0.0,0.0
9,9,0.0,0.0,0.0,0.0,0.0,0.0,0.0,0.0,0.024123913,0.9758761,0.0,0.0
9,9,0.0,0.0,0.0,0.0,0.0,0.0,0.0,0.0,0.024123913,0.9758761,0.0,0.0
9,9,0.0,0.0,0.0,0.0,0.0,0.0,0.0,0.0,0.024123913,0.9758761,0.0,0.0
9,9,0.0,0.0,0.0,0.0,0.0,0.0,0.0,0.0,0.024123913,0.9758761,0.0,0.0
9,9,0.0,0.0,0.0,0.0,0.0,0.0,0.0,0.0,0.024123913,0.9758761,0.0,0.0
9,9,0.0,0.0,0.0,0.0,0.0,0.0,0.0,0.0,0.024123913,0.9758761,0.0,0.0
9,9,0.0,0.0,0.0,0.0,0.0,0.0,0.0,0.0,0.024123913,0.9758761,0.0,0.0
9,9,0.0,0.0,0.0,0.0,0.0,0.0,0.0,0.0,0.024123913,0.9758761,0.0,0.0
9,9,0.0,0.0,0.0,0.0,0.0,0.0,0.0,0.0,0.024123913,0.9758761,0.0,0.0
9,9,0.0,0.0,0.0,0.0,0.0,0.0,0.0,0.0,0.024123913,0.9758761,0.0,0.0
9,9,0.0,0.0,0.0,0.0,0.0,0.0,0.0,0.0,0.024123913,0.9758761,0.0,0.0
9,9,0.0,0.0,0.0,0.0,0.0,0.0,0.0,0.0,0.024123913,0.9758761,0.0,0.0
9,9,0.0,0.0,0.0,0.0,0.0,0.0,0.0,0.0,0.024123913,0.9758761,0.0,0.0
9,9,0.0,0.0,0.0,0.0,0.0,0.0,0.0,0.0,0.024123913,0.9758761,0.0,0.0
9,9,0.0,0.0,0.0,0.0,0.0,0.0,0.0,0.0,0.024123913,0.9758761,0.0,0.0
9,9,0.0,0.0,0.0,0.0,0.0,0.0,0.0,0.0,0.024123913,0.9758761,0.0,0.0
9,9,0.0,0.0,0.0,0.0,0.0,0.0,0.0,0.0,0.024123913,0.9758761,0.0,0.0
9,9,0.0,0.0,0.0,0.0,0.0,0.0,0.0,0.0,0.024123913,0.9758761,0.0,0.0
9,9,0.0,0.0,0.0,0.0,0.0,0.0,0.0,0.0,0.024123913,0.9758761,0.0,0.0
9,9,0.0,0.0,0.0,0.0,0.0,0.0,0.0,0.0,0.024123913,0.9758761,0.0,0.0
9,9,0.0,0.0,0.0,0.0,0.0,0.0,0.0,0.0,0.024123913,0.9758761,0.0,0.0
9,9,0.0,0.0,0.0,0.0,0.0,0.0,0.0,0.0,0.024123913,0.9758761,0.0,0.0
9,9,0.0,0.0,0.0,0.0,0.0,0.0,0.0,0.0,0.024123913,0.9758761,0.0,0.0
9,9,0.0,0.0,0.0,0.0,0.0,0.0,0.0,0.0,0.024123913,0.9758761,0.0,0.0
9,9,0.0,0.0,0.0,0.0,0.0,0.0,0.0,0.0,0.024123913,0.9758761,0.0,0.0
9,9,0.0,0.0,0.0,0.0,0.0,0.0,0.0,0.0,0.024123913,0.9758761,0.0,0.0
9,9,0.0,0.0,0.0,0.0,0.0,0.0,0.0,0.0,0.024123913,0.9758761,0.0,0.0
9,9,0.0,0.0,0.0,0.0,0.0,0.0,0.0,0.0,0.024123913,0.9758761,0.0,0.0
9,9,0.0,0.0,0.0,0.0,0.0,0.0,0.0,0.0,0.024123913,0.9758761,0.0,0.0
9,9,0.0,0.0,0.0,0.0,0.0,0.0,0.0,0.0,0.024123913,0.9758761,0.0,0.0
9,9,0.0,0.0,0.0,0.0,0.0,0.0,0.0,0.0,0.024123913,0.9758761,0.0,0.0
9,9,0.0,0.0,0.0,0.0,0.0,0.0,0.0,0.0,0.024123913,0.9758761,0.0,0.0
9,9,0.0,0.0,0.0,0.0,0.0,0.0,0.0,0.0,0.024123913,0.9758761,0.0,0.0
9,9,0.0,0.0,0.0,0.0,0.0,0.0,0.0,0.0,0.024123913,0.9758761,0.0,0.0
9,9,0.0,0.0,0.0,0.0,0.0,0.0,0.0,0.0,0.024123913,0.9758761,0.0,0.0
9,9,0.0,0.0,0.0,0.0,0.0,0.0,0.0,0.0,0.024123913,0.9758761,0.0,0.0
9,9,0.0,0.0,0.0,0.0,0.0,0.0,0.0,0.0,0.024123913,0.9758761,0.0,0.0
9,9,0.0,0.0,0.0,0.0,0.0,0.0,0.0,0.0,0.024123913,0.9758761,0.0,0.0
9,9,0.0,0.0,0.0,0.0,0.0,0.0,0.0,0.0,0.024123913,0.9758761,0.0,0.0
9,9,0.0,0.0,0.0,0.0,0.0,0.0,0.0,0.0,0.024123913,0.9758761,0.0,0.0
9,9,0.0,0.0,0.0,0.0,0.0,0.0,0.0,0.0,0.024123913,0.9758761,0.0,0.0
9,9,0.0,0.0,0.0,0.0,0.0,0.0,0.0,0.0,0.024123913,0.9758761,0.0,0.0
9,9,0.0,0.0,0.0,0.0,0.0,0.0,0.0,0.0,0.024123913,0.9758761,0.0,0.0
9,9,0.0,0.0,0.0,0.0,0.0,0.0,0.0,0.0,0.024123913,0.9758761,0.0,0.0
9,9,0.0,0.0,0.0,0.0,0.0,0.0,0.0,0.0,0.024123913,0.9758761,0.0,0.0
9,9,0.0,0.0,0.0,0.0,0.0,0.0,0.0,0.0,0.024123913,0.9758761,0.0,0.0
9,9,0.0,0.0,0.0,0.0,0.0,0.0,0.0,0.0,0.024123913,0.9758761,0.0,0.0
9,9,0.0,0.0,0.0,0.0,0.0,0.0,0.0,0.0,0.024123913,0.9758761,0.0,0.0
9,9,0.0,0.0,0.0,0.0,0.0,0.0,0.0,0.0,0.024123913,0.9758761,0.0,0.0
9,9,0.0,0.0,0.0,0.0,0.0,0.0,0.0,0.0,0.024123913,0.9758761,0.0,0.0
9,9,0.0,0.0,0.0,0.0,0.0,0.0,0.0,0.0,0.024123913,0.9758761,0.0,0.0
9,9,0.0,0.0,0.0,0.0,0.0,0.0,0.0,0.0,0.024123913,0.9758761,0.0,0.0
9,9,0.0,0.0,0.0,0.0,0.0,0.0,0.0,0.0,0.024123913,0.9758761,0.0,0.0
9,9,0.0,0.0,0.0,0.0,0.0,0.0,0.0,0.0,0.024123913,0.9758761,0.0,0.0
9,9,0.0,0.0,0.0,0.0,0.0,0.0,0.0,0.0,0.024123913,0.9758761,0.0,0.0
9,9,0.0,0.0,0.0,0.0,0.0,0.0,0.0,0.0,0.024123913,0.9758761,0.0,0.0
9,9,0.0,0.0,0.0,0.0,0.0,0.0,0.0,0.0,0.024123913,0.9758761,0.0,0.0
9,9,0.0,0.0,0.0,0.0,0.0,0.0,0.0,0.0,0.024123913,0.9758761,0.0,0.0
9,9,0.0,0.0,0.0,0.0,0.0,0.0,0.0,0.0,0.024123913,0.9758761,0.0,0.0
9,9,0.0,0.0,0.0,0.0,0.0,0.0,0.0,0.0,0.024123913,0.9758761,0.0,0.0
9,9,0.0,0.0,0.0,0.0,0.0,0.0,0.0,0.0,0.024123913,0.9758761,0.0,0.0
9,9,0.0,0.0,0.0,0.0,0.0,0.0,0.0,0.0,0.024123913,0.9758761,0.0,0.0
9,9,0.0,0.0,0.0,0.0,0.0,0.0,0.0,0.0,0.024123913,0.9758761,0.0,0.0
9,9,0.0,0.0,0.0,0.0,0.0,0.0,0.0,0.0,0.024123913,0.9758761,0.0,0.0
9,9,0.0,0.0,0.0,0.0,0.0,0.0,0.0,0.0,0.024123913,0.9758761,0.0,0.0
9,9,0.0,0.0,0.0,0.0,0.0,0.0,0.0,0.0,0.024123913,0.9758761,0.0,0.0
9,9,0.0,0.0,0.0,0.0,0.0,0.0,0.0,0.0,0.024123913,0.9758761,0.0,0.0
9,9,0.0,0.0,0.0,0.0,0.0,0.0,0.0,0.0,0.024123913,0.9758761,0.0,0.0
9,9,0.0,0.0,0.0,0.0,0.0,0.0,0.0,0.0,0.024123913,0.9758761,0.0,0.0
9,9,0.0,0.0,0.0,0.0,0.0,0.0,0.0,0.0,0.024123913,0.9758761,0.0,0.0
9,9,0.0,0.0,0.0,0.0,0.0,0.0,0.0,0.0,0.024123913,0.9758761,0.0,0.0
9,9,0.0,0.0,0.0,0.0,0.0,0.0,0.0,0.0,0.024123913,0.9758761,0.0,0.0
9,9,0.0,0.0,0.0,0.0,0.0,0.0,0.0,0.0,0.024123913,0.9758761,0.0,0.0
9,9,0.0,0.0,0.0,0.0,0.0,0.0,0.0,0.0,0.024123913,0.9758761,0.0,0.0
9,9,0.0,0.0,0.0,0.0,0.0,0.0,0.0,0.0,0.024123913,0.9758761,0.0,0.0
9,9,0.0,0.0,0.0,0.0,0.0,0.0,0.0,0.0,0.024123913,0.9758761,0.0,0.0
9,9,0.0,0.0,0.0,0.0,0.0,0.0,0.0,0.0,0.024123913,0.9758761,0.0,0.0
9,9,0.0,0.0,0.0,0.0,0.0,0.0,0.0,0.0,0.024123913,0.9758761,0.0,0.0
9,9,0.0,0.0,0.0,0.0,0.0,0.0,0.0,0.0,0.024123913,0.9758761,0.0,0.0
9,9,0.0,0.0,0.0,0.0,0.0,0.0,0.0,0.0,0.024123913,0.9758761,0.0,0.0
9,9,0.0,0.0,0.0,0.0,0.0,0.0,0.0,0.0,0.024123913,0.9758761,0.0,0.0
9,9,0.0,0.0,0.0,0.0,0.0,0.0,0.0,0.0,0.024123913,0.9758761,0.0,0.0
9,9,0.0,0.0,0.0,0.0,0.0,0.0,0.0,0.0,0.024123913,0.9758761,0.0,0.0
9,9,0.0,0.0,0.0,0.0,0.0,0.0,0.0,0.0,0.024123913,0.9758761,0.0,0.0
9,9,0.0,0.0,0.0,0.0,0.0,0.0,0.0,0.0,0.024123913,0.9758761,0.0,0.0
9,9,0.0,0.0,0.0,0.0,0.0,0.0,0.0,0.0,0.024123913,0.9758761,0.0,0.0
9,9,0.0,0.0,0.0,0.0,0.0,0.0,0.0,0.0,0.024123913,0.9758761,0.0,0.0
9,9,0.0,0.0,0.0,0.0,0.0,0.0,0.0,0.0,0.024123913,0.9758761,0.0,0.0
9,9,0.0,0.0,0.0,0.0,0.0,0.0,0.0,0.0,0.024123913,0.9758761,0.0,0.0
9,9,0.0,0.0,0.0,0.0,0.0,0.0,0.0,0.0,0.024123913,0.9758761,0.0,0.0
9,9,0.0,0.0,0.0,0.0,0.0,0.0,0.0,0.0,0.024123913,0.9758761,0.0,0.0
9,9,0.0,0.0,0.0,0.0,0.0,0.0,0.0,0.0,0.024123913,0.9758761,0.0,0.0
9,9,0.0,0.0,0.0,0.0,0.0,0.0,0.0,0.0,0.024123913,0.9758761,0.0,0.0
9,9,0.0,0.0,0.0,0.0,0.0,0.0,0.0,0.0,0.024123913,0.9758761,0.0,0.0
9,9,0.0,0.0,0.0,0.0,0.0,0.0,0.0,0.0,0.024123913,0.9758761,0.0,0.0
9,9,0.0,0.0,0.0,0.0,0.0,0.0,0.0,0.0,0.024123913,0.9758761,0.0,0.0
9,9,0.0,0.0,0.0,0.0,0.0,0.0,0.0,0.0,0.024123913,0.9758761,0.0,0.0
9,9,0.0,0.0,0.0,0.0,0.0,0.0,0.0,0.0,0.024123913,0.9758761,0.0,0.0
9,9,0.0,0.0,0.0,0.0,0.0,0.0,0.0,0.0,0.024123913,0.9758761,0.0,0.0
9,9,0.0,0.0,0.0,0.0,0.0,0.0,0.0,0.0,0.024123913,0.9758761,0.0,0.0
9,9,0.0,0.0,0.0,0.0,0.0,0.0,0.0,0.0,0.024123913,0.9758761,0.0,0.0
9,9,0.0,0.0,0.0,0.0,0.0,0.0,0.0,0.0,0.024123913,0.9758761,0.0,0.0
9,9,0.0,0.0,0.0,0.0,0.0,0.0,0.0,0.0,0.024123913,0.9758761,0.0,0.0
9,9,0.0,0.0,0.0,0.0,0.0,0.0,0.0,0.0,0.024123913,0.9758761,0.0,0.0
9,9,0.0,0.0,0.0,0.0,0.0,0.0,0.0,0.0,0.024123913,0.9758761,0.0,0.0
9,9,0.0,0.0,0.0,0.0,0.0,0.0,0.0,0.0,0.024123913,0.9758761,0.0,0.0
9,9,0.0,0.0,0.0,0.0,0.0,0.0,0.0,0.0,0.024123913,0.9758761,0.0,0.0
9,9,0.0,0.0,0.0,0.0,0.0,0.0,0.0,0.0,0.024123913,0.9758761,0.0,0.0
9,9,0.0,0.0,0.0,0.0,0.0,0.0,0.0,0.0,0.024123913,0.9758761,0.0,0.0
9,9,0.0,0.0,0.0,0.0,0.0,0.0,0.0,0.0,0.024123913,0.9758761,0.0,0.0
9,9,0.0,0.0,0.0,0.0,0.0,0.0,0.0,0.0,0.024123913,0.9758761,0.0,0.0
9,9,0.0,0.0,0.0,0.0,0.0,0.0,0.0,0.0,0.024123913,0.9758761,0.0,0.0
9,9,0.0,0.0,0.0,0.0,0.0,0.0,0.0,0.0,0.024123913,0.9758761,0.0,0.0
9,9,0.0,0.0,0.0,0.0,0.0,0.0,0.0,0.0,0.024123913,0.9758761,0.0,0.0
9,9,0.0,0.0,0.0,0.0,0.0,0.0,0.0,0.0,0.024123913,0.9758761,0.0,0.0
9,9,0.0,0.0,0.0,0.0,0.0,0.0,0.0,0.0,0.024123913,0.9758761,0.0,0.0
9,9,0.0,0.0,0.0,0.0,0.0,0.0,0.0,0.0,0.024123913,0.9758761,0.0,0.0
9,9,0.0,0.0,0.0,0.0,0.0,0.0,0.0,0.0,0.024123913,0.9758761,0.0,0.0
9,9,0.0,0.0,0.0,0.0,0.0,0.0,0.0,0.0,0.024123913,0.9758761,0.0,0.0
9,9,0.0,0.0,0.0,0.0,0.0,0.0,0.0,0.0,0.024123913,0.9758761,0.0,0.0
9,9,0.0,0.0,0.0,0.0,0.0,0.0,0.0,0.0,0.024123913,0.9758761,0.0,0.0
9,9,0.0,0.0,0.0,0.0,0.0,0.0,0.0,0.0,0.024123913,0.9758761,0.0,0.0
9,9,0.0,0.0,0.0,0.0,0.0,0.0,0.0,0.0,0.024123913,0.9758761,0.0,0.0
9,9,0.0,0.0,0.0,0.0,0.0,0.0,0.0,0.0,0.024123913,0.9758761,0.0,0.0
9,9,0.0,0.0,0.0,0.0,0.0,0.0,0.0,0.0,0.024123913,0.9758761,0.0,0.0
9,9,0.0,0.0,0.0,0.0,0.0,0.0,0.0,0.0,0.024123913,0.9758761,0.0,0.0
9,9,0.0,0.0,0.0,0.0,0.0,0.0,0.0,0.0,0.024123913,0.9758761,0.0,0.0
9,9,0.0,0.0,0.0,0.0,0.0,0.0,0.0,0.0,0.024123913,0.9758761,0.0,0.0
9,9,0.0,0.0,0.0,0.0,0.0,0.0,0.0,0.0,0.024123913,0.9758761,0.0,0.0
9,9,0.0,0.0,0.0,0.0,0.0,0.0,0.0,0.0,0.024123913,0.9758761,0.0,0.0
9,9,0.0,0.0,0.0,0.0,0.0,0.0,0.0,0.0,0.024123913,0.9758761,0.0,0.0
9,9,0.0,0.0,0.0,0.0,0.0,0.0,0.0,0.0,0.024123913,0.9758761,0.0,0.0
9,9,0.0,0.0,0.0,0.0,0.0,0.0,0.0,0.0,0.024123913,0.9758761,0.0,0.0
9,9,0.0,0.0,0.0,0.0,0.0,0.0,0.0,0.0,0.024123913,0.9758761,0.0,0.0
9,9,0.0,0.0,0.0,0.0,0.0,0.0,0.0,0.0,0.024123913,0.9758761,0.0,0.0
9,9,0.0,0.0,0.0,0.0,0.0,0.0,0.0,0.0,0.024123913,0.9758761,0.0,0.0
9,9,0.0,0.0,0.0,0.0,0.0,0.0,0.0,0.0,0.024123913,0.9758761,0.0,0.0
9,9,0.0,0.0,0.0,0.0,0.0,0.0,0.0,0.0,0.024123913,0.9758761,0.0,0.0
9,9,0.0,0.0,0.0,0.0,0.0,0.0,0.0,0.0,0.024123913,0.9758761,0.0,0.0
9,9,0.0,0.0,0.0,0.0,0.0,0.0,0.0,0.0,0.024123913,0.9758761,0.0,0.0
9,9,0.0,0.0,0.0,0.0,0.0,0.0,0.0,0.0,0.024123913,0.9758761,0.0,0.0
9,9,0.0,0.0,0.0,0.0,0.0,0.0,0.0,0.0,0.024123913,0.9758761,0.0,0.0
9,9,0.0,0.0,0.0,0.0,0.0,0.0,0.0,0.0,0.024123913,0.9758761,0.0,0.0
9,9,0.0,0.0,0.0,0.0,0.0,0.0,0.0,0.0,0.024123913,0.9758761,0.0,0.0
9,9,0.0,0.0,0.0,0.0,0.0,0.0,0.0,0.0,0.024123913,0.9758761,0.0,0.0
9,9,0.0,0.0,0.0,0.0,0.0,0.0,0.0,0.0,0.024123913,0.9758761,0.0,0.0
9,9,0.0,0.0,0.0,0.0,0.0,0.0,0.0,0.0,0.024123913,0.9758761,0.0,0.0
9,9,0.0,0.0,0.0,0.0,0.0,0.0,0.0,0.0,0.024123913,0.9758761,0.0,0.0
9,9,0.0,0.0,0.0,0.0,0.0,0.0,0.0,0.0,0.024123913,0.9758761,0.0,0.0
9,9,0.0,0.0,0.0,0.0,0.0,0.0,0.0,0.0,0.024123913,0.9758761,0.0,0.0
9,9,0.0,0.0,0.0,0.0,0.0,0.0,0.0,0.0,0.024123913,0.9758761,0.0,0.0
9,9,0.0,0.0,0.0,0.0,0.0,0.0,0.0,0.0,0.024123913,0.9758761,0.0,0.0
9,9,0.0,0.0,0.0,0.0,0.0,0.0,0.0,0.0,0.024123913,0.9758761,0.0,0.0
9,9,0.0,0.0,0.0,0.0,0.0,0.0,0.0,0.0,0.024123913,0.9758761,0.0,0.0
9,9,0.0,0.0,0.0,0.0,0.0,0.0,0.0,0.0,0.024123913,0.9758761,0.0,0.0
9,9,0.0,0.0,0.0,0.0,0.0,0.0,0.0,0.0,0.024123913,0.9758761,0.0,0.0
9,9,0.0,0.0,0.0,0.0,0.0,0.0,0.0,0.0,0.024123913,0.9758761,0.0,0.0
9,9,0.0,0.0,0.0,0.0,0.0,0.0,0.0,0.0,0.024123913,0.9758761,0.0,0.0
9,9,0.0,0.0,0.0,0.0,0.0,0.0,0.0,0.0,0.024123913,0.9758761,0.0,0.0
9,9,0.0,0.0,0.0,0.0,0.0,0.0,0.0,0.0,0.024123913,0.9758761,0.0,0.0
9,9,0.0,0.0,0.0,0.0,0.0,0.0,0.0,0.0,0.024123913,0.9758761,0.0,0.0
9,9,0.0,0.0,0.0,0.0,0.0,0.0,0.0,0.0,0.024123913,0.9758761,0.0,0.0
9,9,0.0,0.0,0.0,0.0,0.0,0.0,0.0,0.0,0.024123913,0.9758761,0.0,0.0
9,9,0.0,0.0,0.0,0.0,0.0,0.0,0.0,0.0,0.024123913,0.9758761,0.0,0.0
9,9,0.0,0.0,0.0,0.0,0.0,0.0,0.0,0.0,0.024123913,0.9758761,0.0,0.0
9,9,0.0,0.0,0.0,0.0,0.0,0.0,0.0,0.0,0.024123913,0.9758761,0.0,0.0
9,9,0.0,0.0,0.0,0.0,0.0,0.0,0.0,0.0,0.024123913,0.9758761,0.0,0.0
9,9,0.0,0.0,0.0,0.0,0.0,0.0,0.0,0.0,0.024123913,0.9758761,0.0,0.0
9,9,0.0,0.0,0.0,0.0,0.0,0.0,0.0,0.0,0.024123913,0.9758761,0.0,0.0
9,9,0.0,0.0,0.0,0.0,0.0,0.0,0.0,0.0,0.024123913,0.9758761,0.0,0.0
9,9,0.0,0.0,0.0,0.0,0.0,0.0,0.0,0.0,0.024123913,0.9758761,0.0,0.0
9,9,0.0,0.0,0.0,0.0,0.0,0.0,0.0,0.0,0.024123913,0.9758761,0.0,0.0
9,9,0.0,0.0,0.0,0.0,0.0,0.0,0.0,0.0,0.024123913,0.9758761,0.0,0.0
9,9,0.0,0.0,0.0,0.0,0.0,0.0,0.0,0.0,0.024123913,0.9758761,0.0,0.0
9,9,0.0,0.0,0.0,0.0,0.0,0.0,0.0,0.0,0.024123913,0.9758761,0.0,0.0
9,9,0.0,0.0,0.0,0.0,0.0,0.0,0.0,0.0,0.024123913,0.9758761,0.0,0.0
9,9,0.0,0.0,0.0,0.0,0.0,0.0,0.0,0.0,0.024123913,0.9758761,0.0,0.0
9,9,0.0,0.0,0.0,0.0,0.0,0.0,0.0,0.0,0.024123913,0.9758761,0.0,0.0
9,9,0.0,0.0,0.0,0.0,0.0,0.0,0.0,0.0,0.024123913,0.9758761,0.0,0.0
9,9,0.0,0.0,0.0,0.0,0.0,0.0,0.0,0.0,0.024123913,0.9758761,0.0,0.0
9,9,0.0,0.0,0.0,0.0,0.0,0.0,0.0,0.0,0.024123913,0.9758761,0.0,0.0
9,9,0.0,0.0,0.0,0.0,0.0,0.0,0.0,0.0,0.024123913,0.9758761,0.0,0.0
9,9,0.0,0.0,0.0,0.0,0.0,0.0,0.0,0.0,0.024123913,0.9758761,0.0,0.0
9,9,0.0,0.0,0.0,0.0,0.0,0.0,0.0,0.0,0.024123913,0.9758761,0.0,0.0
9,9,0.0,0.0,0.0,0.0,0.0,0.0,0.0,0.0,0.024123913,0.9758761,0.0,0.0
9,9,0.0,0.0,0.0,0.0,0.0,0.0,0.0,0.0,0.024123913,0.9758761,0.0,0.0
9,9,0.0,0.0,0.0,0.0,0.0,0.0,0.0,0.0,0.024123913,0.9758761,0.0,0.0
9,9,0.0,0.0,0.0,0.0,0.0,0.0,0.0,0.0,0.024123913,0.9758761,0.0,0.0
9,9,0.0,0.0,0.0,0.0,0.0,0.0,0.0,0.0,0.024123913,0.9758761,0.0,0.0
9,9,0.0,0.0,0.0,0.0,0.0,0.0,0.0,0.0,0.024123913,0.9758761,0.0,0.0
9,9,0.0,0.0,0.0,0.0,0.0,0.0,0.0,0.0,0.024123913,0.9758761,0.0,0.0
9,9,0.0,0.0,0.0,0.0,0.0,0.0,0.0,0.0,0.024123913,0.9758761,0.0,0.0
9,9,0.0,0.0,0.0,0.0,0.0,0.0,0.0,0.0,0.024123913,0.9758761,0.0,0.0
9,9,0.0,0.0,0.0,0.0,0.0,0.0,0.0,0.0,0.024123913,0.9758761,0.0,0.0
9,9,0.0,0.0,0.0,0.0,0.0,0.0,0.0,0.0,0.024123913,0.9758761,0.0,0.0
9,9,0.0,0.0,0.0,0.0,0.0,0.0,0.0,0.0,0.024123913,0.9758761,0.0,0.0
9,9,0.0,0.0,0.0,0.0,0.0,0.0,0.0,0.0,0.024123913,0.9758761,0.0,0.0
9,9,0.0,0.0,0.0,0.0,0.0,0.0,0.0,0.0,0.024123913,0.9758761,0.0,0.0
9,9,0.0,0.0,0.0,0.0,0.0,0.0,0.0,0.0,0.024123913,0.9758761,0.0,0.0
9,9,0.0,0.0,0.0,0.0,0.0,0.0,0.0,0.0,0.024123913,0.9758761,0.0,0.0
9,9,0.0,0.0,0.0,0.0,0.0,0.0,0.0,0.0,0.024123913,0.9758761,0.0,0.0
9,9,0.0,0.0,0.0,0.0,0.0,0.0,0.0,0.0,0.024123913,0.9758761,0.0,0.0
9,9,0.0,0.0,0.0,0.0,0.0,0.0,0.0,0.0,0.024123913,0.9758761,0.0,0.0
9,9,0.0,0.0,0.0,0.0,0.0,0.0,0.0,0.0,0.024123913,0.9758761,0.0,0.0
9,9,0.0,0.0,0.0,0.0,0.0,0.0,0.0,0.0,0.024123913,0.9758761,0.0,0.0
9,9,0.0,0.0,0.0,0.0,0.0,0.0,0.0,0.0,0.024123913,0.9758761,0.0,0.0
9,9,0.0,0.0,0.0,0.0,0.0,0.0,0.0,0.0,0.024123913,0.9758761,0.0,0.0
9,9,0.0,0.0,0.0,0.0,0.0,0.0,0.0,0.0,0.024123913,0.9758761,0.0,0.0
9,9,0.0,0.0,0.0,0.0,0.0,0.0,0.0,0.0,0.024123913,0.9758761,0.0,0.0
9,9,0.0,0.0,0.0,0.0,0.0,0.0,0.0,0.0,0.024123913,0.9758761,0.0,0.0
9,9,0.0,0.0,0.0,0.0,0.0,0.0,0.0,0.0,0.024123913,0.9758761,0.0,0.0
9,9,0.0,0.0,0.0,0.0,0.0,0.0,0.0,0.0,0.024123913,0.9758761,0.0,0.0
9,9,0.0,0.0,0.0,0.0,0.0,0.0,0.0,0.0,0.024123913,0.9758761,0.0,0.0
9,9,0.0,0.0,0.0,0.0,0.0,0.0,0.0,0.0,0.024123913,0.9758761,0.0,0.0
9,9,0.0,0.0,0.0,0.0,0.0,0.0,0.0,0.0,0.024123913,0.9758761,0.0,0.0
9,9,0.0,0.0,0.0,0.0,0.0,0.0,0.0,0.0,0.024123913,0.9758761,0.0,0.0
9,9,0.0,0.0,0.0,0.0,0.0,0.0,0.0,0.0,0.024123913,0.9758761,0.0,0.0
9,9,0.0,0.0,0.0,0.0,0.0,0.0,0.0,0.0,0.024123913,0.9758761,0.0,0.0
9,9,0.0,0.0,0.0,0.0,0.0,0.0,0.0,0.0,0.024123913,0.9758761,0.0,0.0
9,9,0.0,0.0,0.0,0.0,0.0,0.0,0.0,0.0,0.024123913,0.9758761,0.0,0.0
9,9,0.0,0.0,0.0,0.0,0.0,0.0,0.0,0.0,0.024123913,0.9758761,0.0,0.0
9,9,0.0,0.0,0.0,0.0,0.0,0.0,0.0,0.0,0.024123913,0.9758761,0.0,0.0
9,9,0.0,0.0,0.0,0.0,0.0,0.0,0.0,0.0,0.024123913,0.9758761,0.0,0.0
9,9,0.0,0.0,0.0,0.0,0.0,0.0,0.0,0.0,0.024123913,0.9758761,0.0,0.0
9,9,0.0,0.0,0.0,0.0,0.0,0.0,0.0,0.0,0.024123913,0.9758761,0.0,0.0
9,9,0.0,0.0,0.0,0.0,0.0,0.0,0.0,0.0,0.024123913,0.9758761,0.0,0.0
9,9,0.0,0.0,0.0,0.0,0.0,0.0,0.0,0.0,0.024123913,0.9758761,0.0,0.0
9,9,0.0,0.0,0.0,0.0,0.0,0.0,0.0,0.0,0.024123913,0.9758761,0.0,0.0
9,9,0.0,0.0,0.0,0.0,0.0,0.0,0.0,0.0,0.024123913,0.9758761,0.0,0.0
9,9,0.0,0.0,0.0,0.0,0.0,0.0,0.0,0.0,0.024123913,0.9758761,0.0,0.0
9,9,0.0,0.0,0.0,0.0,0.0,0.0,0.0,0.0,0.024123913,0.9758761,0.0,0.0
9,9,0.0,0.0,0.0,0.0,0.0,0.0,0.0,0.0,0.024123913,0.9758761,0.0,0.0
9,9,0.0,0.0,0.0,0.0,0.0,0.0,0.0,0.0,0.024123913,0.9758761,0.0,0.0
9,9,0.0,0.0,0.0,0.0,0.0,0.0,0.0,0.0,0.024123913,0.9758761,0.0,0.0
9,9,0.0,0.0,0.0,0.0,0.0,0.0,0.0,0.0,0.024123913,0.9758761,0.0,0.0
9,9,0.0,0.0,0.0,0.0,0.0,0.0,0.0,0.0,0.024123913,0.9758761,0.0,0.0
9,9,0.0,0.0,0.0,0.0,0.0,0.0,0.0,0.0,0.024123913,0.9758761,0.0,0.0
9,9,0.0,0.0,0.0,0.0,0.0,0.0,0.0,0.0,0.024123913,0.9758761,0.0,0.0
9,9,0.0,0.0,0.0,0.0,0.0,0.0,0.0,0.0,0.024123913,0.9758761,0.0,0.0
9,9,0.0,0.0,0.0,0.0,0.0,0.0,0.0,0.0,0.024123913,0.9758761,0.0,0.0
9,9,0.0,0.0,0.0,0.0,0.0,0.0,0.0,0.0,0.024123913,0.9758761,0.0,0.0
9,9,0.0,0.0,0.0,0.0,0.0,0.0,0.0,0.0,0.024123913,0.9758761,0.0,0.0
9,9,0.0,0.0,0.0,0.0,0.0,0.0,0.0,0.0,0.024123913,0.9758761,0.0,0.0
9,9,0.0,0.0,0.0,0.0,0.0,0.0,0.0,0.0,0.024123913,0.9758761,0.0,0.0
9,9,0.0,0.0,0.0,0.0,0.0,0.0,0.0,0.0,0.024123913,0.9758761,0.0,0.0
9,9,0.0,0.0,0.0,0.0,0.0,0.0,0.0,0.0,0.024123913,0.9758761,0.0,0.0
9,9,0.0,0.0,0.0,0.0,0.0,0.0,0.0,0.0,0.024123913,0.9758761,0.0,0.0
9,9,0.0,0.0,0.0,0.0,0.0,0.0,0.0,0.0,0.024123913,0.9758761,0.0,0.0
9,9,0.0,0.0,0.0,0.0,0.0,0.0,0.0,0.0,0.024123913,0.9758761,0.0,0.0
9,9,0.0,0.0,0.0,0.0,0.0,0.0,0.0,0.0,0.024123913,0.9758761,0.0,0.0
9,9,0.0,0.0,0.0,0.0,0.0,0.0,0.0,0.0,0.024123913,0.9758761,0.0,0.0
9,9,0.0,0.0,0.0,0.0,0.0,0.0,0.0,0.0,0.024123913,0.9758761,0.0,0.0
9,9,0.0,0.0,0.0,0.0,0.0,0.0,0.0,0.0,0.024123913,0.9758761,0.0,0.0
9,9,0.0,0.0,0.0,0.0,0.0,0.0,0.0,0.0,0.024123913,0.9758761,0.0,0.0
9,9,0.0,0.0,0.0,0.0,0.0,0.0,0.0,0.0,0.024123913,0.9758761,0.0,0.0
9,9,0.0,0.0,0.0,0.0,0.0,0.0,0.0,0.0,0.024123913,0.9758761,0.0,0.0
9,9,0.0,0.0,0.0,0.0,0.0,0.0,0.0,0.0,0.024123913,0.9758761,0.0,0.0
9,9,0.0,0.0,0.0,0.0,0.0,0.0,0.0,0.0,0.024123913,0.9758761,0.0,0.0
9,9,0.0,0.0,0.0,0.0,0.0,0.0,0.0,0.0,0.024123913,0.9758761,0.0,0.0
9,9,0.0,0.0,0.0,0.0,0.0,0.0,0.0,0.0,0.024123913,0.9758761,0.0,0.0
9,9,0.0,0.0,0.0,0.0,0.0,0.0,0.0,0.0,0.024123913,0.9758761,0.0,0.0
9,9,0.0,0.0,0.0,0.0,0.0,0.0,0.0,0.0,0.024123913,0.9758761,0.0,0.0
9,9,0.0,0.0,0.0,0.0,0.0,0.0,0.0,0.0,0.024123913,0.9758761,0.0,0.0
9,9,0.0,0.0,0.0,0.0,0.0,0.0,0.0,0.0,0.024123913,0.9758761,0.0,0.0
9,9,0.0,0.0,0.0,0.0,0.0,0.0,0.0,0.0,0.024123913,0.9758761,0.0,0.0
9,9,0.0,0.0,0.0,0.0,0.0,0.0,0.0,0.0,0.024123913,0.9758761,0.0,0.0
9,9,0.0,0.0,0.0,0.0,0.0,0.0,0.0,0.0,0.024123913,0.9758761,0.0,0.0
9,9,0.0,0.0,0.0,0.0,0.0,0.0,0.0,0.0,0.024123913,0.9758761,0.0,0.0
9,9,0.0,0.0,0.0,0.0,0.0,0.0,0.0,0.0,0.024123913,0.9758761,0.0,0.0
9,9,0.0,0.0,0.0,0.0,0.0,0.0,0.0,0.0,0.024123913,0.9758761,0.0,0.0
9,9,0.0,0.0,0.0,0.0,0.0,0.0,0.0,0.0,0.024123913,0.9758761,0.0,0.0
9,9,0.0,0.0,0.0,0.0,0.0,0.0,0.0,0.0,0.024123913,0.9758761,0.0,0.0
9,9,0.0,0.0,0.0,0.0,0.0,0.0,0.0,0.0,0.024123913,0.9758761,0.0,0.0
9,9,0.0,0.0,0.0,0.0,0.0,0.0,0.0,0.0,0.024123913,0.9758761,0.0,0.0
9,9,0.0,0.0,0.0,0.0,0.0,0.0,0.0,0.0,0.024123913,0.9758761,0.0,0.0
9,9,0.0,0.0,0.0,0.0,0.0,0.0,0.0,0.0,0.024123913,0.9758761,0.0,0.0
9,9,0.0,0.0,0.0,0.0,0.0,0.0,0.0,0.0,0.024123913,0.9758761,0.0,0.0
9,9,0.0,0.0,0.0,0.0,0.0,0.0,0.0,0.0,0.024123913,0.9758761,0.0,0.0
9,9,0.0,0.0,0.0,0.0,0.0,0.0,0.0,0.0,0.024123913,0.9758761,0.0,0.0
9,9,0.0,0.0,0.0,0.0,0.0,0.0,0.0,0.0,0.024123913,0.9758761,0.0,0.0
9,9,0.0,0.0,0.0,0.0,0.0,0.0,0.0,0.0,0.024123913,0.9758761,0.0,0.0
9,9,0.0,0.0,0.0,0.0,0.0,0.0,0.0,0.0,0.024123913,0.9758761,0.0,0.0
9,9,0.0,0.0,0.0,0.0,0.0,0.0,0.0,0.0,0.024123913,0.9758761,0.0,0.0
9,9,0.0,0.0,0.0,0.0,0.0,0.0,0.0,0.0,0.024123913,0.9758761,0.0,0.0
9,9,0.0,0.0,0.0,0.0,0.0,0.0,0.0,0.0,0.024123913,0.9758761,0.0,0.0
9,9,0.0,0.0,0.0,0.0,0.0,0.0,0.0,0.0,0.024123913,0.9758761,0.0,0.0
9,9,0.0,0.0,0.0,0.0,0.0,0.0,0.0,0.0,0.024123913,0.9758761,0.0,0.0
9,9,0.0,0.0,0.0,0.0,0.0,0.0,0.0,0.0,0.024123913,0.9758761,0.0,0.0
9,9,0.0,0.0,0.0,0.0,0.0,0.0,0.0,0.0,0.024123913,0.9758761,0.0,0.0
9,9,0.0,0.0,0.0,0.0,0.0,0.0,0.0,0.0,0.024123913,0.9758761,0.0,0.0
9,9,0.0,0.0,0.0,0.0,0.0,0.0,0.0,0.0,0.024123913,0.9758761,0.0,0.0
9,9,0.0,0.0,0.0,0.0,0.0,0.0,0.0,0.0,0.024123913,0.9758761,0.0,0.0
9,9,0.0,0.0,0.0,0.0,0.0,0.0,0.0,0.0,0.024123913,0.9758761,0.0,0.0
9,9,0.0,0.0,0.0,0.0,0.0,0.0,0.0,0.0,0.024123913,0.9758761,0.0,0.0
9,9,0.0,0.0,0.0,0.0,0.0,0.0,0.0,0.0,0.024123913,0.9758761,0.0,0.0
9,9,0.0,0.0,0.0,0.0,0.0,0.0,0.0,0.0,0.024123913,0.9758761,0.0,0.0
9,9,0.0,0.0,0.0,0.0,0.0,0.0,0.0,0.0,0.024123913,0.9758761,0.0,0.0
9,9,0.0,0.0,0.0,0.0,0.0,0.0,0.0,0.0,0.024123913,0.9758761,0.0,0.0
9,9,0.0,0.0,0.0,0.0,0.0,0.0,0.0,0.0,0.024123913,0.9758761,0.0,0.0
9,9,0.0,0.0,0.0,0.0,0.0,0.0,0.0,0.0,0.024123913,0.9758761,0.0,0.0
9,9,0.0,0.0,0.0,0.0,0.0,0.0,0.0,0.0,0.024123913,0.9758761,0.0,0.0
9,9,0.0,0.0,0.0,0.0,0.0,0.0,0.0,0.0,0.024123913,0.9758761,0.0,0.0
9,9,0.0,0.0,0.0,0.0,0.0,0.0,0.0,0.0,0.024123913,0.9758761,0.0,0.0
9,9,0.0,0.0,0.0,0.0,0.0,0.0,0.0,0.0,0.024123913,0.9758761,0.0,0.0
9,9,0.0,0.0,0.0,0.0,0.0,0.0,0.0,0.0,0.024123913,0.9758761,0.0,0.0
9,9,0.0,0.0,0.0,0.0,0.0,0.0,0.0,0.0,0.024123913,0.9758761,0.0,0.0
9,9,0.0,0.0,0.0,0.0,0.0,0.0,0.0,0.0,0.024123913,0.9758761,0.0,0.0
9,9,0.0,0.0,0.0,0.0,0.0,0.0,0.0,0.0,0.024123913,0.9758761,0.0,0.0
9,9,0.0,0.0,0.0,0.0,0.0,0.0,0.0,0.0,0.024123913,0.9758761,0.0,0.0
9,9,0.0,0.0,0.0,0.0,0.0,0.0,0.0,0.0,0.024123913,0.9758761,0.0,0.0
9,9,0.0,0.0,0.0,0.0,0.0,0.0,0.0,0.0,0.024123913,0.9758761,0.0,0.0
9,9,0.0,0.0,0.0,0.0,0.0,0.0,0.0,0.0,0.024123913,0.9758761,0.0,0.0
9,9,0.0,0.0,0.0,0.0,0.0,0.0,0.0,0.0,0.024123913,0.9758761,0.0,0.0
9,9,0.0,0.0,0.0,0.0,0.0,0.0,0.0,0.0,0.024123913,0.9758761,0.0,0.0
9,9,0.0,0.0,0.0,0.0,0.0,0.0,0.0,0.0,0.024123913,0.9758761,0.0,0.0
9,9,0.0,0.0,0.0,0.0,0.0,0.0,0.0,0.0,0.024123913,0.9758761,0.0,0.0
9,9,0.0,0.0,0.0,0.0,0.0,0.0,0.0,0.0,0.024123913,0.9758761,0.0,0.0
9,9,0.0,0.0,0.0,0.0,0.0,0.0,0.0,0.0,0.024123913,0.9758761,0.0,0.0
9,9,0.0,0.0,0.0,0.0,0.0,0.0,0.0,0.0,0.024123913,0.9758761,0.0,0.0
9,9,0.0,0.0,0.0,0.0,0.0,0.0,0.0,0.0,0.024123913,0.9758761,0.0,0.0
9,9,0.0,0.0,0.0,0.0,0.0,0.0,0.0,0.0,0.024123913,0.9758761,0.0,0.0
9,9,0.0,0.0,0.0,0.0,0.0,0.0,0.0,0.0,0.024123913,0.9758761,0.0,0.0
9,9,0.0,0.0,0.0,0.0,0.0,0.0,0.0,0.0,0.024123913,0.9758761,0.0,0.0
9,9,0.0,0.0,0.0,0.0,0.0,0.0,0.0,0.0,0.024123913,0.9758761,0.0,0.0
9,9,0.0,0.0,0.0,0.0,0.0,0.0,0.0,0.0,0.024123913,0.9758761,0.0,0.0
9,9,0.0,0.0,0.0,0.0,0.0,0.0,0.0,0.0,0.024123913,0.9758761,0.0,0.0
9,9,0.0,0.0,0.0,0.0,0.0,0.0,0.0,0.0,0.024123913,0.9758761,0.0,0.0
9,9,0.0,0.0,0.0,0.0,0.0,0.0,0.0,0.0,0.024123913,0.9758761,0.0,0.0
9,9,0.0,0.0,0.0,0.0,0.0,0.0,0.0,0.0,0.024123913,0.9758761,0.0,0.0
9,9,0.0,0.0,0.0,0.0,0.0,0.0,0.0,0.0,0.024123913,0.9758761,0.0,0.0
9,9,0.0,0.0,0.0,0.0,0.0,0.0,0.0,0.0,0.024123913,0.9758761,0.0,0.0
9,9,0.0,0.0,0.0,0.0,0.0,0.0,0.0,0.0,0.024123913,0.9758761,0.0,0.0
9,9,0.0,0.0,0.0,0.0,0.0,0.0,0.0,0.0,0.024123913,0.9758761,0.0,0.0
9,9,0.0,0.0,0.0,0.0,0.0,0.0,0.0,0.0,0.024123913,0.9758761,0.0,0.0
9,9,0.0,0.0,0.0,0.0,0.0,0.0,0.0,0.0,0.024123913,0.9758761,0.0,0.0
9,9,0.0,0.0,0.0,0.0,0.0,0.0,0.0,0.0,0.024123913,0.9758761,0.0,0.0
9,9,0.0,0.0,0.0,0.0,0.0,0.0,0.0,0.0,0.024123913,0.9758761,0.0,0.0
9,9,0.0,0.0,0.0,0.0,0.0,0.0,0.0,0.0,0.024123913,0.9758761,0.0,0.0
9,9,0.0,0.0,0.0,0.0,0.0,0.0,0.0,0.0,0.024123913,0.9758761,0.0,0.0
9,9,0.0,0.0,0.0,0.0,0.0,0.0,0.0,0.0,0.024123913,0.9758761,0.0,0.0
9,9,0.0,0.0,0.0,0.0,0.0,0.0,0.0,0.0,0.024123913,0.9758761,0.0,0.0
9,9,0.0,0.0,0.0,0.0,0.0,0.0,0.0,0.0,0.024123913,0.9758761,0.0,0.0
9,9,0.0,0.0,0.0,0.0,0.0,0.0,0.0,0.0,0.024123913,0.9758761,0.0,0.0
9,9,0.0,0.0,0.0,0.0,0.0,0.0,0.0,0.0,0.024123913,0.9758761,0.0,0.0
9,9,0.0,0.0,0.0,0.0,0.0,0.0,0.0,0.0,0.024123913,0.9758761,0.0,0.0
9,9,0.0,0.0,0.0,0.0,0.0,0.0,0.0,0.0,0.024123913,0.9758761,0.0,0.0
9,9,0.0,0.0,0.0,0.0,0.0,0.0,0.0,0.0,0.024123913,0.9758761,0.0,0.0
9,9,0.0,0.0,0.0,0.0,0.0,0.0,0.0,0.0,0.024123913,0.9758761,0.0,0.0
9,9,0.0,0.0,0.0,0.0,0.0,0.0,0.0,0.0,0.024123913,0.9758761,0.0,0.0
9,9,0.0,0.0,0.0,0.0,0.0,0.0,0.0,0.0,0.024123913,0.9758761,0.0,0.0
9,9,0.0,0.0,0.0,0.0,0.0,0.0,0.0,0.0,0.024123913,0.9758761,0.0,0.0
9,9,0.0,0.0,0.0,0.0,0.0,0.0,0.0,0.0,0.024123913,0.9758761,0.0,0.0
9,9,0.0,0.0,0.0,0.0,0.0,0.0,0.0,0.0,0.024123913,0.9758761,0.0,0.0
9,9,0.0,0.0,0.0,0.0,0.0,0.0,0.0,0.0,0.024123913,0.9758761,0.0,0.0
9,9,0.0,0.0,0.0,0.0,0.0,0.0,0.0,0.0,0.024123913,0.9758761,0.0,0.0
9,9,0.0,0.0,0.0,0.0,0.0,0.0,0.0,0.0,0.024123913,0.9758761,0.0,0.0
9,9,0.0,0.0,0.0,0.0,0.0,0.0,0.0,0.0,0.024123913,0.9758761,0.0,0.0
9,9,0.0,0.0,0.0,0.0,0.0,0.0,0.0,0.0,0.024123913,0.9758761,0.0,0.0
9,9,0.0,0.0,0.0,0.0,0.0,0.0,0.0,0.0,0.024123913,0.9758761,0.0,0.0
9,9,0.0,0.0,0.0,0.0,0.0,0.0,0.0,0.0,0.024123913,0.9758761,0.0,0.0
9,9,0.0,0.0,0.0,0.0,0.0,0.0,0.0,0.0,0.024123913,0.9758761,0.0,0.0
9,9,0.0,0.0,0.0,0.0,0.0,0.0,0.0,0.0,0.024123913,0.9758761,0.0,0.0
9,9,0.0,0.0,0.0,0.0,0.0,0.0,0.0,0.0,0.024123913,0.9758761,0.0,0.0
9,9,0.0,0.0,0.0,0.0,0.0,0.0,0.0,0.0,0.024123913,0.9758761,0.0,0.0
9,9,0.0,0.0,0.0,0.0,0.0,0.0,0.0,0.0,0.024123913,0.9758761,0.0,0.0
9,9,0.0,0.0,0.0,0.0,0.0,0.0,0.0,0.0,0.024123913,0.9758761,0.0,0.0
9,9,0.0,0.0,0.0,0.0,0.0,0.0,0.0,0.0,0.024123913,0.9758761,0.0,0.0
9,9,0.0,0.0,0.0,0.0,0.0,0.0,0.0,0.0,0.024123913,0.9758761,0.0,0.0
9,9,0.0,0.0,0.0,0.0,0.0,0.0,0.0,0.0,0.024123913,0.9758761,0.0,0.0
9,9,0.0,0.0,0.0,0.0,0.0,0.0,0.0,0.0,0.024123913,0.9758761,0.0,0.0
9,9,0.0,0.0,0.0,0.0,0.0,0.0,0.0,0.0,0.024123913,0.9758761,0.0,0.0
9,9,0.0,0.0,0.0,0.0,0.0,0.0,0.0,0.0,0.024123913,0.9758761,0.0,0.0
9,9,0.0,0.0,0.0,0.0,0.0,0.0,0.0,0.0,0.024123913,0.9758761,0.0,0.0
9,9,0.0,0.0,0.0,0.0,0.0,0.0,0.0,0.0,0.024123913,0.9758761,0.0,0.0
9,9,0.0,0.0,0.0,0.0,0.0,0.0,0.0,0.0,0.024123913,0.9758761,0.0,0.0
9,9,0.0,0.0,0.0,0.0,0.0,0.0,0.0,0.0,0.024123913,0.9758761,0.0,0.0
9,9,0.0,0.0,0.0,0.0,0.0,0.0,0.0,0.0,0.024123913,0.9758761,0.0,0.0
9,9,0.0,0.0,0.0,0.0,0.0,0.0,0.0,0.0,0.024123913,0.9758761,0.0,0.0
9,9,0.0,0.0,0.0,0.0,0.0,0.0,0.0,0.0,0.024123913,0.9758761,0.0,0.0
9,9,0.0,0.0,0.0,0.0,0.0,0.0,0.0,0.0,0.024123913,0.9758761,0.0,0.0
9,9,0.0,0.0,0.0,0.0,0.0,0.0,0.0,0.0,0.024123913,0.9758761,0.0,0.0
9,9,0.0,0.0,0.0,0.0,0.0,0.0,0.0,0.0,0.024123913,0.9758761,0.0,0.0
9,9,0.0,0.0,0.0,0.0,0.0,0.0,0.0,0.0,0.024123913,0.9758761,0.0,0.0
9,9,0.0,0.0,0.0,0.0,0.0,0.0,0.0,0.0,0.024123913,0.9758761,0.0,0.0
9,9,0.0,0.0,0.0,0.0,0.0,0.0,0.0,0.0,0.024123913,0.9758761,0.0,0.0
9,9,0.0,0.0,0.0,0.0,0.0,0.0,0.0,0.0,0.024123913,0.9758761,0.0,0.0
9,9,0.0,0.0,0.0,0.0,0.0,0.0,0.0,0.0,0.024123913,0.9758761,0.0,0.0
9,9,0.0,0.0,0.0,0.0,0.0,0.0,0.0,0.0,0.024123913,0.9758761,0.0,0.0
9,9,0.0,0.0,0.0,0.0,0.0,0.0,0.0,0.0,0.024123913,0.9758761,0.0,0.0
9,9,0.0,0.0,0.0,0.0,0.0,0.0,0.0,0.0,0.024123913,0.9758761,0.0,0.0
9,9,0.0,0.0,0.0,0.0,0.0,0.0,0.0,0.0,0.024123913,0.9758761,0.0,0.0
9,9,0.0,0.0,0.0,0.0,0.0,0.0,0.0,0.0,0.024123913,0.9758761,0.0,0.0
9,9,0.0,0.0,0.0,0.0,0.0,0.0,0.0,0.0,0.024123913,0.9758761,0.0,0.0
9,9,0.0,0.0,0.0,0.0,0.0,0.0,0.0,0.0,0.024123913,0.9758761,0.0,0.0
9,9,0.0,0.0,0.0,0.0,0.0,0.0,0.0,0.0,0.024123913,0.9758761,0.0,0.0
9,9,0.0,0.0,0.0,0.0,0.0,0.0,0.0,0.0,0.024123913,0.9758761,0.0,0.0
9,9,0.0,0.0,0.0,0.0,0.0,0.0,0.0,0.0,0.024123913,0.9758761,0.0,0.0
9,9,0.0,0.0,0.0,0.0,0.0,0.0,0.0,0.0,0.024123913,0.9758761,0.0,0.0
9,9,0.0,0.0,0.0,0.0,0.0,0.0,0.0,0.0,0.024123913,0.9758761,0.0,0.0
9,9,0.0,0.0,0.0,0.0,0.0,0.0,0.0,0.0,0.024123913,0.9758761,0.0,0.0
9,9,0.0,0.0,0.0,0.0,0.0,0.0,0.0,0.0,0.024123913,0.9758761,0.0,0.0
9,9,0.0,0.0,0.0,0.0,0.0,0.0,0.0,0.0,0.024123913,0.9758761,0.0,0.0
9,9,0.0,0.0,0.0,0.0,0.0,0.0,0.0,0.0,0.024123913,0.9758761,0.0,0.0
9,9,0.0,0.0,0.0,0.0,0.0,0.0,0.0,0.0,0.024123913,0.9758761,0.0,0.0
9,9,0.0,0.0,0.0,0.0,0.0,0.0,0.0,0.0,0.024123913,0.9758761,0.0,0.0
9,9,0.0,0.0,0.0,0.0,0.0,0.0,0.0,0.0,0.024123913,0.9758761,0.0,0.0
9,9,0.0,0.0,0.0,0.0,0.0,0.0,0.0,0.0,0.024123913,0.9758761,0.0,0.0
9,9,0.0,0.0,0.0,0.0,0.0,0.0,0.0,0.0,0.024123913,0.9758761,0.0,0.0
9,9,0.0,0.0,0.0,0.0,0.0,0.0,0.0,0.0,0.024123913,0.9758761,0.0,0.0
9,9,0.0,0.0,0.0,0.0,0.0,0.0,0.0,0.0,0.024123913,0.9758761,0.0,0.0
9,9,0.0,0.0,0.0,0.0,0.0,0.0,0.0,0.0,0.024123913,0.9758761,0.0,0.0
9,9,0.0,0.0,0.0,0.0,0.0,0.0,0.0,0.0,0.024123913,0.9758761,0.0,0.0
9,9,0.0,0.0,0.0,0.0,0.0,0.0,0.0,0.0,0.024123913,0.9758761,0.0,0.0
9,9,0.0,0.0,0.0,0.0,0.0,0.0,0.0,0.0,0.024123913,0.9758761,0.0,0.0
9,9,0.0,0.0,0.0,0.0,0.0,0.0,0.0,0.0,0.024123913,0.9758761,0.0,0.0
9,9,0.0,0.0,0.0,0.0,0.0,0.0,0.0,0.0,0.024123913,0.9758761,0.0,0.0
9,9,0.0,0.0,0.0,0.0,0.0,0.0,0.0,0.0,0.024123913,0.9758761,0.0,0.0
9,9,0.0,0.0,0.0,0.0,0.0,0.0,0.0,0.0,0.024123913,0.9758761,0.0,0.0
9,9,0.0,0.0,0.0,0.0,0.0,0.0,0.0,0.0,0.024123913,0.9758761,0.0,0.0
9,9,0.0,0.0,0.0,0.0,0.0,0.0,0.0,0.0,0.024123913,0.9758761,0.0,0.0
9,9,0.0,0.0,0.0,0.0,0.0,0.0,0.0,0.0,0.024123913,0.9758761,0.0,0.0
9,9,0.0,0.0,0.0,0.0,0.0,0.0,0.0,0.0,0.024123913,0.9758761,0.0,0.0
9,9,0.0,0.0,0.0,0.0,0.0,0.0,0.0,0.0,0.024123913,0.9758761,0.0,0.0
9,9,0.0,0.0,0.0,0.0,0.0,0.0,0.0,0.0,0.024123913,0.9758761,0.0,0.0
9,9,0.0,0.0,0.0,0.0,0.0,0.0,0.0,0.0,0.024123913,0.9758761,0.0,0.0
9,9,0.0,0.0,0.0,0.0,0.0,0.0,0.0,0.0,0.024123913,0.9758761,0.0,0.0
9,9,0.0,0.0,0.0,0.0,0.0,0.0,0.0,0.0,0.024123913,0.9758761,0.0,0.0
9,9,0.0,0.0,0.0,0.0,0.0,0.0,0.0,0.0,0.024123913,0.9758761,0.0,0.0
9,9,0.0,0.0,0.0,0.0,0.0,0.0,0.0,0.0,0.024123913,0.9758761,0.0,0.0
9,9,0.0,0.0,0.0,0.0,0.0,0.0,0.0,0.0,0.024123913,0.9758761,0.0,0.0
9,9,0.0,0.0,0.0,0.0,0.0,0.0,0.0,0.0,0.024123913,0.9758761,0.0,0.0
9,9,0.0,0.0,0.0,0.0,0.0,0.0,0.0,0.0,0.024123913,0.9758761,0.0,0.0
9,9,0.0,0.0,0.0,0.0,0.0,0.0,0.0,0.0,0.024123913,0.9758761,0.0,0.0
9,9,0.0,0.0,0.0,0.0,0.0,0.0,0.0,0.0,0.024123913,0.9758761,0.0,0.0
9,9,0.0,0.0,0.0,0.0,0.0,0.0,0.0,0.0,0.024123913,0.9758761,0.0,0.0
9,9,0.0,0.0,0.0,0.0,0.0,0.0,0.0,0.0,0.024123913,0.9758761,0.0,0.0
9,9,0.0,0.0,0.0,0.0,0.0,0.0,0.0,0.0,0.024123913,0.9758761,0.0,0.0
9,9,0.0,0.0,0.0,0.0,0.0,0.0,0.0,0.0,0.024123913,0.9758761,0.0,0.0
9,9,0.0,0.0,0.0,0.0,0.0,0.0,0.0,0.0,0.024123913,0.9758761,0.0,0.0
9,9,0.0,0.0,0.0,0.0,0.0,0.0,0.0,0.0,0.024123913,0.9758761,0.0,0.0
9,9,0.0,0.0,0.0,0.0,0.0,0.0,0.0,0.0,0.024123913,0.9758761,0.0,0.0
9,9,0.0,0.0,0.0,0.0,0.0,0.0,0.0,0.0,0.024123913,0.9758761,0.0,0.0
9,9,0.0,0.0,0.0,0.0,0.0,0.0,0.0,0.0,0.024123913,0.9758761,0.0,0.0
9,9,0.0,0.0,0.0,0.0,0.0,0.0,0.0,0.0,0.024123913,0.9758761,0.0,0.0
9,9,0.0,0.0,0.0,0.0,0.0,0.0,0.0,0.0,0.024123913,0.9758761,0.0,0.0
9,9,0.0,0.0,0.0,0.0,0.0,0.0,0.0,0.0,0.024123913,0.9758761,0.0,0.0
9,9,0.0,0.0,0.0,0.0,0.0,0.0,0.0,0.0,0.024123913,0.9758761,0.0,0.0
9,9,0.0,0.0,0.0,0.0,0.0,0.0,0.0,0.0,0.024123913,0.9758761,0.0,0.0
9,9,0.0,0.0,0.0,0.0,0.0,0.0,0.0,0.0,0.024123913,0.9758761,0.0,0.0
9,9,0.0,0.0,0.0,0.0,0.0,0.0,0.0,0.0,0.024123913,0.9758761,0.0,0.0
9,9,0.0,0.0,0.0,0.0,0.0,0.0,0.0,0.0,0.024123913,0.9758761,0.0,0.0
9,9,0.0,0.0,0.0,0.0,0.0,0.0,0.0,0.0,0.024123913,0.9758761,0.0,0.0
9,9,0.0,0.0,0.0,0.0,0.0,0.0,0.0,0.0,0.024123913,0.9758761,0.0,0.0
9,9,0.0,0.0,0.0,0.0,0.0,0.0,0.0,0.0,0.024123913,0.9758761,0.0,0.0
9,9,0.0,0.0,0.0,0.0,0.0,0.0,0.0,0.0,0.024123913,0.9758761,0.0,0.0
9,9,0.0,0.0,0.0,0.0,0.0,0.0,0.0,0.0,0.024123913,0.9758761,0.0,0.0
9,9,0.0,0.0,0.0,0.0,0.0,0.0,0.0,0.0,0.024123913,0.9758761,0.0,0.0
9,9,0.0,0.0,0.0,0.0,0.0,0.0,0.0,0.0,0.024123913,0.9758761,0.0,0.0
9,9,0.0,0.0,0.0,0.0,0.0,0.0,0.0,0.0,0.024123913,0.9758761,0.0,0.0
9,9,0.0,0.0,0.0,0.0,0.0,0.0,0.0,0.0,0.024123913,0.9758761,0.0,0.0
9,9,0.0,0.0,0.0,0.0,0.0,0.0,0.0,0.0,0.024123913,0.9758761,0.0,0.0
9,9,0.0,0.0,0.0,0.0,0.0,0.0,0.0,0.0,0.024123913,0.9758761,0.0,0.0
9,9,0.0,0.0,0.0,0.0,0.0,0.0,0.0,0.0,0.024123913,0.9758761,0.0,0.0
9,9,0.0,0.0,0.0,0.0,0.0,0.0,0.0,0.0,0.024123913,0.9758761,0.0,0.0
9,9,0.0,0.0,0.0,0.0,0.0,0.0,0.0,0.0,0.024123913,0.9758761,0.0,0.0
9,9,0.0,0.0,0.0,0.0,0.0,0.0,0.0,0.0,0.024123913,0.9758761,0.0,0.0
9,9,0.0,0.0,0.0,0.0,0.0,0.0,0.0,0.0,0.024123913,0.9758761,0.0,0.0
9,9,0.0,0.0,0.0,0.0,0.0,0.0,0.0,0.0,0.024123913,0.9758761,0.0,0.0
9,9,0.0,0.0,0.0,0.0,0.0,0.0,0.0,0.0,0.024123913,0.9758761,0.0,0.0
9,9,0.0,0.0,0.0,0.0,0.0,0.0,0.0,0.0,0.024123913,0.9758761,0.0,0.0
9,9,0.0,0.0,0.0,0.0,0.0,0.0,0.0,0.0,0.024123913,0.9758761,0.0,0.0
9,9,0.0,0.0,0.0,0.0,0.0,0.0,0.0,0.0,0.024123913,0.9758761,0.0,0.0
9,9,0.0,0.0,0.0,0.0,0.0,0.0,0.0,0.0,0.024123913,0.9758761,0.0,0.0
9,9,0.0,0.0,0.0,0.0,0.0,0.0,0.0,0.0,0.024123913,0.9758761,0.0,0.0
9,9,0.0,0.0,0.0,0.0,0.0,0.0,0.0,0.0,0.024123913,0.9758761,0.0,0.0
9,9,0.0,0.0,0.0,0.0,0.0,0.0,0.0,0.0,0.024123913,0.9758761,0.0,0.0
9,9,0.0,0.0,0.0,0.0,0.0,0.0,0.0,0.0,0.024123913,0.9758761,0.0,0.0
9,9,0.0,0.0,0.0,0.0,0.0,0.0,0.0,0.0,0.024123913,0.9758761,0.0,0.0
9,9,0.0,0.0,0.0,0.0,0.0,0.0,0.0,0.0,0.024123913,0.9758761,0.0,0.0
9,9,0.0,0.0,0.0,0.0,0.0,0.0,0.0,0.0,0.024123913,0.9758761,0.0,0.0
9,9,0.0,0.0,0.0,0.0,0.0,0.0,0.0,0.0,0.024123913,0.9758761,0.0,0.0
9,9,0.0,0.0,0.0,0.0,0.0,0.0,0.0,0.0,0.024123913,0.9758761,0.0,0.0
9,9,0.0,0.0,0.0,0.0,0.0,0.0,0.0,0.0,0.024123913,0.9758761,0.0,0.0
9,9,0.0,0.0,0.0,0.0,0.0,0.0,0.0,0.0,0.024123913,0.9758761,0.0,0.0
9,9,0.0,0.0,0.0,0.0,0.0,0.0,0.0,0.0,0.024123913,0.9758761,0.0,0.0
9,9,0.0,0.0,0.0,0.0,0.0,0.0,0.0,0.0,0.024123913,0.9758761,0.0,0.0
9,9,0.0,0.0,0.0,0.0,0.0,0.0,0.0,0.0,0.024123913,0.9758761,0.0,0.0
9,9,0.0,0.0,0.0,0.0,0.0,0.0,0.0,0.0,0.024123913,0.9758761,0.0,0.0
9,9,0.0,0.0,0.0,0.0,0.0,0.0,0.0,0.0,0.024123913,0.9758761,0.0,0.0
9,9,0.0,0.0,0.0,0.0,0.0,0.0,0.0,0.0,0.024123913,0.9758761,0.0,0.0
9,9,0.0,0.0,0.0,0.0,0.0,0.0,0.0,0.0,0.024123913,0.9758761,0.0,0.0
9,9,0.0,0.0,0.0,0.0,0.0,0.0,0.0,0.0,0.024123913,0.9758761,0.0,0.0
9,9,0.0,0.0,0.0,0.0,0.0,0.0,0.0,0.0,0.024123913,0.9758761,0.0,0.0
9,9,0.0,0.0,0.0,0.0,0.0,0.0,0.0,0.0,0.024123913,0.9758761,0.0,0.0
9,9,0.0,0.0,0.0,0.0,0.0,0.0,0.0,0.0,0.024123913,0.9758761,0.0,0.0
9,9,0.0,0.0,0.0,0.0,0.0,0.0,0.0,0.0,0.024123913,0.9758761,0.0,0.0
9,9,0.0,0.0,0.0,0.0,0.0,0.0,0.0,0.0,0.024123913,0.9758761,0.0,0.0
9,9,0.0,0.0,0.0,0.0,0.0,0.0,0.0,0.0,0.024123913,0.9758761,0.0,0.0
9,9,0.0,0.0,0.0,0.0,0.0,0.0,0.0,0.0,0.024123913,0.9758761,0.0,0.0
9,9,0.0,0.0,0.0,0.0,0.0,0.0,0.0,0.0,0.024123913,0.9758761,0.0,0.0
9,9,0.0,0.0,0.0,0.0,0.0,0.0,0.0,0.0,0.024123913,0.9758761,0.0,0.0
9,9,0.0,0.0,0.0,0.0,0.0,0.0,0.0,0.0,0.024123913,0.9758761,0.0,0.0
9,9,0.0,0.0,0.0,0.0,0.0,0.0,0.0,0.0,0.024123913,0.9758761,0.0,0.0
9,9,0.0,0.0,0.0,0.0,0.0,0.0,0.0,0.0,0.024123913,0.9758761,0.0,0.0
9,9,0.0,0.0,0.0,0.0,0.0,0.0,0.0,0.0,0.024123913,0.9758761,0.0,0.0
9,9,0.0,0.0,0.0,0.0,0.0,0.0,0.0,0.0,0.024123913,0.9758761,0.0,0.0
9,9,0.0,0.0,0.0,0.0,0.0,0.0,0.0,0.0,0.024123913,0.9758761,0.0,0.0
9,9,0.0,0.0,0.0,0.0,0.0,0.0,0.0,0.0,0.024123913,0.9758761,0.0,0.0
9,9,0.0,0.0,0.0,0.0,0.0,0.0,0.0,0.0,0.024123913,0.9758761,0.0,0.0
9,9,0.0,0.0,0.0,0.0,0.0,0.0,0.0,0.0,0.024123913,0.9758761,0.0,0.0
9,9,0.0,0.0,0.0,0.0,0.0,0.0,0.0,0.0,0.024123913,0.9758761,0.0,0.0
9,9,0.0,0.0,0.0,0.0,0.0,0.0,0.0,0.0,0.024123913,0.9758761,0.0,0.0
9,9,0.0,0.0,0.0,0.0,0.0,0.0,0.0,0.0,0.024123913,0.9758761,0.0,0.0
9,9,0.0,0.0,0.0,0.0,0.0,0.0,0.0,0.0,0.024123913,0.9758761,0.0,0.0
9,9,0.0,0.0,0.0,0.0,0.0,0.0,0.0,0.0,0.024123913,0.9758761,0.0,0.0
9,9,0.0,0.0,0.0,0.0,0.0,0.0,0.0,0.0,0.024123913,0.9758761,0.0,0.0
9,9,0.0,0.0,0.0,0.0,0.0,0.0,0.0,0.0,0.024123913,0.9758761,0.0,0.0
9,9,0.0,0.0,0.0,0.0,0.0,0.0,0.0,0.0,0.024123913,0.9758761,0.0,0.0
9,9,0.0,0.0,0.0,0.0,0.0,0.0,0.0,0.0,0.024123913,0.9758761,0.0,0.0
9,9,0.0,0.0,0.0,0.0,0.0,0.0,0.0,0.0,0.024123913,0.9758761,0.0,0.0
9,9,0.0,0.0,0.0,0.0,0.0,0.0,0.0,0.0,0.024123913,0.9758761,0.0,0.0
9,9,0.0,0.0,0.0,0.0,0.0,0.0,0.0,0.0,0.024123913,0.9758761,0.0,0.0
9,9,0.0,0.0,0.0,0.0,0.0,0.0,0.0,0.0,0.024123913,0.9758761,0.0,0.0
9,9,0.0,0.0,0.0,0.0,0.0,0.0,0.0,0.0,0.024123913,0.9758761,0.0,0.0
9,9,0.0,0.0,0.0,0.0,0.0,0.0,0.0,0.0,0.024123913,0.9758761,0.0,0.0
9,9,0.0,0.0,0.0,0.0,0.0,0.0,0.0,0.0,0.024123913,0.9758761,0.0,0.0
9,9,0.0,0.0,0.0,0.0,0.0,0.0,0.0,0.0,0.024123913,0.9758761,0.0,0.0
9,9,0.0,0.0,0.0,0.0,0.0,0.0,0.0,0.0,0.024123913,0.9758761,0.0,0.0
9,9,0.0,0.0,0.0,0.0,0.0,0.0,0.0,0.0,0.024123913,0.9758761,0.0,0.0
9,9,0.0,0.0,0.0,0.0,0.0,0.0,0.0,0.0,0.024123913,0.9758761,0.0,0.0
9,9,0.0,0.0,0.0,0.0,0.0,0.0,0.0,0.0,0.024123913,0.9758761,0.0,0.0
9,9,0.0,0.0,0.0,0.0,0.0,0.0,0.0,0.0,0.024123913,0.9758761,0.0,0.0
9,9,0.0,0.0,0.0,0.0,0.0,0.0,0.0,0.0,0.024123913,0.9758761,0.0,0.0
9,9,0.0,0.0,0.0,0.0,0.0,0.0,0.0,0.0,0.024123913,0.9758761,0.0,0.0
9,9,0.0,0.0,0.0,0.0,0.0,0.0,0.0,0.0,0.024123913,0.9758761,0.0,0.0
9,9,0.0,0.0,0.0,0.0,0.0,0.0,0.0,0.0,0.024123913,0.9758761,0.0,0.0
9,9,0.0,0.0,0.0,0.0,0.0,0.0,0.0,0.0,0.024123913,0.9758761,0.0,0.0
9,9,0.0,0.0,0.0,0.0,0.0,0.0,0.0,0.0,0.024123913,0.9758761,0.0,0.0
9,9,0.0,0.0,0.0,0.0,0.0,0.0,0.0,0.0,0.024123913,0.9758761,0.0,0.0
9,9,0.0,0.0,0.0,0.0,0.0,0.0,0.0,0.0,0.024123913,0.9758761,0.0,0.0
9,9,0.0,0.0,0.0,0.0,0.0,0.0,0.0,0.0,0.024123913,0.9758761,0.0,0.0
9,9,0.0,0.0,0.0,0.0,0.0,0.0,0.0,0.0,0.024123913,0.9758761,0.0,0.0
9,9,0.0,0.0,0.0,0.0,0.0,0.0,0.0,0.0,0.024123913,0.9758761,0.0,0.0
9,9,0.0,0.0,0.0,0.0,0.0,0.0,0.0,0.0,0.024123913,0.9758761,0.0,0.0
9,9,0.0,0.0,0.0,0.0,0.0,0.0,0.0,0.0,0.024123913,0.9758761,0.0,0.0
9,9,0.0,0.0,0.0,0.0,0.0,0.0,0.0,0.0,0.024123913,0.9758761,0.0,0.0
9,9,0.0,0.0,0.0,0.0,0.0,0.0,0.0,0.0,0.024123913,0.9758761,0.0,0.0
9,9,0.0,0.0,0.0,0.0,0.0,0.0,0.0,0.0,0.024123913,0.9758761,0.0,0.0
9,9,0.0,0.0,0.0,0.0,0.0,0.0,0.0,0.0,0.024123913,0.9758761,0.0,0.0
9,9,0.0,0.0,0.0,0.0,0.0,0.0,0.0,0.0,0.024123913,0.9758761,0.0,0.0
9,9,0.0,0.0,0.0,0.0,0.0,0.0,0.0,0.0,0.024123913,0.9758761,0.0,0.0
9,9,0.0,0.0,0.0,0.0,0.0,0.0,0.0,0.0,0.024123913,0.9758761,0.0,0.0
9,9,0.0,0.0,0.0,0.0,0.0,0.0,0.0,0.0,0.024123913,0.9758761,0.0,0.0
9,9,0.0,0.0,0.0,0.0,0.0,0.0,0.0,0.0,0.024123913,0.9758761,0.0,0.0
9,9,0.0,0.0,0.0,0.0,0.0,0.0,0.0,0.0,0.024123913,0.9758761,0.0,0.0
9,9,0.0,0.0,0.0,0.0,0.0,0.0,0.0,0.0,0.024123913,0.9758761,0.0,0.0
9,9,0.0,0.0,0.0,0.0,0.0,0.0,0.0,0.0,0.024123913,0.9758761,0.0,0.0
9,9,0.0,0.0,0.0,0.0,0.0,0.0,0.0,0.0,0.024123913,0.9758761,0.0,0.0
9,9,0.0,0.0,0.0,0.0,0.0,0.0,0.0,0.0,0.024123913,0.9758761,0.0,0.0
9,9,0.0,0.0,0.0,0.0,0.0,0.0,0.0,0.0,0.024123913,0.9758761,0.0,0.0
9,9,0.0,0.0,0.0,0.0,0.0,0.0,0.0,0.0,0.024123913,0.9758761,0.0,0.0
9,9,0.0,0.0,0.0,0.0,0.0,0.0,0.0,0.0,0.024123913,0.9758761,0.0,0.0
9,9,0.0,0.0,0.0,0.0,0.0,0.0,0.0,0.0,0.024123913,0.9758761,0.0,0.0
9,9,0.0,0.0,0.0,0.0,0.0,0.0,0.0,0.0,0.024123913,0.9758761,0.0,0.0
9,9,0.0,0.0,0.0,0.0,0.0,0.0,0.0,0.0,0.024123913,0.9758761,0.0,0.0
9,9,0.0,0.0,0.0,0.0,0.0,0.0,0.0,0.0,0.024123913,0.9758761,0.0,0.0
9,9,0.0,0.0,0.0,0.0,0.0,0.0,0.0,0.0,0.024123913,0.9758761,0.0,0.0
9,9,0.0,0.0,0.0,0.0,0.0,0.0,0.0,0.0,0.024123913,0.9758761,0.0,0.0
9,9,0.0,0.0,0.0,0.0,0.0,0.0,0.0,0.0,0.024123913,0.9758761,0.0,0.0
9,9,0.0,0.0,0.0,0.0,0.0,0.0,0.0,0.0,0.024123913,0.9758761,0.0,0.0
9,9,0.0,0.0,0.0,0.0,0.0,0.0,0.0,0.0,0.024123913,0.9758761,0.0,0.0
9,9,0.0,0.0,0.0,0.0,0.0,0.0,0.0,0.0,0.024123913,0.9758761,0.0,0.0
9,9,0.0,0.0,0.0,0.0,0.0,0.0,0.0,0.0,0.024123913,0.9758761,0.0,0.0
9,9,0.0,0.0,0.0,0.0,0.0,0.0,0.0,0.0,0.024123913,0.9758761,0.0,0.0
9,9,0.0,0.0,0.0,0.0,0.0,0.0,0.0,0.0,0.024123913,0.9758761,0.0,0.0
9,9,0.0,0.0,0.0,0.0,0.0,0.0,0.0,0.0,0.024123913,0.9758761,0.0,0.0
9,9,0.0,0.0,0.0,0.0,0.0,0.0,0.0,0.0,0.024123913,0.9758761,0.0,0.0
9,9,0.0,0.0,0.0,0.0,0.0,0.0,0.0,0.0,0.024123913,0.9758761,0.0,0.0
9,9,0.0,0.0,0.0,0.0,0.0,0.0,0.0,0.0,0.024123913,0.9758761,0.0,0.0
9,9,0.0,0.0,0.0,0.0,0.0,0.0,0.0,0.0,0.024123913,0.9758761,0.0,0.0
9,9,0.0,0.0,0.0,0.0,0.0,0.0,0.0,0.0,0.024123913,0.9758761,0.0,0.0
9,9,0.0,0.0,0.0,0.0,0.0,0.0,0.0,0.0,0.024123913,0.9758761,0.0,0.0
9,9,0.0,0.0,0.0,0.0,0.0,0.0,0.0,0.0,0.024123913,0.9758761,0.0,0.0
9,9,0.0,0.0,0.0,0.0,0.0,0.0,0.0,0.0,0.024123913,0.9758761,0.0,0.0
9,9,0.0,0.0,0.0,0.0,0.0,0.0,0.0,0.0,0.024123913,0.9758761,0.0,0.0
9,9,0.0,0.0,0.0,0.0,0.0,0.0,0.0,0.0,0.024123913,0.9758761,0.0,0.0
9,9,0.0,0.0,0.0,0.0,0.0,0.0,0.0,0.0,0.024123913,0.9758761,0.0,0.0
9,9,0.0,0.0,0.0,0.0,0.0,0.0,0.0,0.0,0.024123913,0.9758761,0.0,0.0
9,9,0.0,0.0,0.0,0.0,0.0,0.0,0.0,0.0,0.024123913,0.9758761,0.0,0.0
9,9,0.0,0.0,0.0,0.0,0.0,0.0,0.0,0.0,0.024123913,0.9758761,0.0,0.0
9,9,0.0,0.0,0.0,0.0,0.0,0.0,0.0,0.0,0.024123913,0.9758761,0.0,0.0
9,9,0.0,0.0,0.0,0.0,0.0,0.0,0.0,0.0,0.024123913,0.9758761,0.0,0.0
9,9,0.0,0.0,0.0,0.0,0.0,0.0,0.0,0.0,0.024123913,0.9758761,0.0,0.0
9,9,0.0,0.0,0.0,0.0,0.0,0.0,0.0,0.0,0.024123913,0.9758761,0.0,0.0
9,9,0.0,0.0,0.0,0.0,0.0,0.0,0.0,0.0,0.024123913,0.9758761,0.0,0.0
9,9,0.0,0.0,0.0,0.0,0.0,0.0,0.0,0.0,0.024123913,0.9758761,0.0,0.0
9,9,0.0,0.0,0.0,0.0,0.0,0.0,0.0,0.0,0.024123913,0.9758761,0.0,0.0
9,9,0.0,0.0,0.0,0.0,0.0,0.0,0.0,0.0,0.024123913,0.9758761,0.0,0.0
9,9,0.0,0.0,0.0,0.0,0.0,0.0,0.0,0.0,0.024123913,0.9758761,0.0,0.0
9,9,0.0,0.0,0.0,0.0,0.0,0.0,0.0,0.0,0.024123913,0.9758761,0.0,0.0
9,9,0.0,0.0,0.0,0.0,0.0,0.0,0.0,0.0,0.024123913,0.9758761,0.0,0.0
9,9,0.0,0.0,0.0,0.0,0.0,0.0,0.0,0.0,0.024123913,0.9758761,0.0,0.0
9,9,0.0,0.0,0.0,0.0,0.0,0.0,0.0,0.0,0.024123913,0.9758761,0.0,0.0
9,9,0.0,0.0,0.0,0.0,0.0,0.0,0.0,0.0,0.024123913,0.9758761,0.0,0.0
9,9,0.0,0.0,0.0,0.0,0.0,0.0,0.0,0.0,0.024123913,0.9758761,0.0,0.0
9,9,0.0,0.0,0.0,0.0,0.0,0.0,0.0,0.0,0.024123913,0.9758761,0.0,0.0
9,9,0.0,0.0,0.0,0.0,0.0,0.0,0.0,0.0,0.024123913,0.9758761,0.0,0.0
9,9,0.0,0.0,0.0,0.0,0.0,0.0,0.0,0.0,0.024123913,0.9758761,0.0,0.0
9,9,0.0,0.0,0.0,0.0,0.0,0.0,0.0,0.0,0.024123913,0.9758761,0.0,0.0
9,9,0.0,0.0,0.0,0.0,0.0,0.0,0.0,0.0,0.024123913,0.9758761,0.0,0.0
9,9,0.0,0.0,0.0,0.0,0.0,0.0,0.0,0.0,0.024123913,0.9758761,0.0,0.0
9,9,0.0,0.0,0.0,0.0,0.0,0.0,0.0,0.0,0.024123913,0.9758761,0.0,0.0
9,9,0.0,0.0,0.0,0.0,0.0,0.0,0.0,0.0,0.024123913,0.9758761,0.0,0.0
9,9,0.0,0.0,0.0,0.0,0.0,0.0,0.0,0.0,0.024123913,0.9758761,0.0,0.0
9,9,0.0,0.0,0.0,0.0,0.0,0.0,0.0,0.0,0.024123913,0.9758761,0.0,0.0
9,9,0.0,0.0,0.0,0.0,0.0,0.0,0.0,0.0,0.024123913,0.9758761,0.0,0.0
9,9,0.0,0.0,0.0,0.0,0.0,0.0,0.0,0.0,0.024123913,0.9758761,0.0,0.0
9,9,0.0,0.0,0.0,0.0,0.0,0.0,0.0,0.0,0.024123913,0.9758761,0.0,0.0
9,9,0.0,0.0,0.0,0.0,0.0,0.0,0.0,0.0,0.024123913,0.9758761,0.0,0.0
9,9,0.0,0.0,0.0,0.0,0.0,0.0,0.0,0.0,0.024123913,0.9758761,0.0,0.0
9,9,0.0,0.0,0.0,0.0,0.0,0.0,0.0,0.0,0.024123913,0.9758761,0.0,0.0
9,9,0.0,0.0,0.0,0.0,0.0,0.0,0.0,0.0,0.024123913,0.9758761,0.0,0.0
9,9,0.0,0.0,0.0,0.0,0.0,0.0,0.0,0.0,0.024123913,0.9758761,0.0,0.0
9,9,0.0,0.0,0.0,0.0,0.0,0.0,0.0,0.0,0.024123913,0.9758761,0.0,0.0
9,9,0.0,0.0,0.0,0.0,0.0,0.0,0.0,0.0,0.024123913,0.9758761,0.0,0.0
9,9,0.0,0.0,0.0,0.0,0.0,0.0,0.0,0.0,0.024123913,0.9758761,0.0,0.0
9,9,0.0,0.0,0.0,0.0,0.0,0.0,0.0,0.0,0.024123913,0.9758761,0.0,0.0
9,9,0.0,0.0,0.0,0.0,0.0,0.0,0.0,0.0,0.024123913,0.9758761,0.0,0.0
9,9,0.0,0.0,0.0,0.0,0.0,0.0,0.0,0.0,0.024123913,0.9758761,0.0,0.0
9,9,0.0,0.0,0.0,0.0,0.0,0.0,0.0,0.0,0.024123913,0.9758761,0.0,0.0
9,9,0.0,0.0,0.0,0.0,0.0,0.0,0.0,0.0,0.024123913,0.9758761,0.0,0.0
9,9,0.0,0.0,0.0,0.0,0.0,0.0,0.0,0.0,0.024123913,0.9758761,0.0,0.0
9,9,0.0,0.0,0.0,0.0,0.0,0.0,0.0,0.0,0.024123913,0.9758761,0.0,0.0
9,9,0.0,0.0,0.0,0.0,0.0,0.0,0.0,0.0,0.024123913,0.9758761,0.0,0.0
9,9,0.0,0.0,0.0,0.0,0.0,0.0,0.0,0.0,0.024123913,0.9758761,0.0,0.0
9,9,0.0,0.0,0.0,0.0,0.0,0.0,0.0,0.0,0.024123913,0.9758761,0.0,0.0
9,9,0.0,0.0,0.0,0.0,0.0,0.0,0.0,0.0,0.024123913,0.9758761,0.0,0.0
9,9,0.0,0.0,0.0,0.0,0.0,0.0,0.0,0.0,0.024123913,0.9758761,0.0,0.0
9,9,0.0,0.0,0.0,0.0,0.0,0.0,0.0,0.0,0.024123913,0.9758761,0.0,0.0
9,9,0.0,0.0,0.0,0.0,0.0,0.0,0.0,0.0,0.024123913,0.9758761,0.0,0.0
9,9,0.0,0.0,0.0,0.0,0.0,0.0,0.0,0.0,0.024123913,0.9758761,0.0,0.0
9,9,0.0,0.0,0.0,0.0,0.0,0.0,0.0,0.0,0.024123913,0.9758761,0.0,0.0
9,9,0.0,0.0,0.0,0.0,0.0,0.0,0.0,0.0,0.024123913,0.9758761,0.0,0.0
9,9,0.0,0.0,0.0,0.0,0.0,0.0,0.0,0.0,0.024123913,0.9758761,0.0,0.0
9,9,0.0,0.0,0.0,0.0,0.0,0.0,0.0,0.0,0.024123913,0.9758761,0.0,0.0
9,9,0.0,0.0,0.0,0.0,0.0,0.0,0.0,0.0,0.024123913,0.9758761,0.0,0.0
9,9,0.0,0.0,0.0,0.0,0.0,0.0,0.0,0.0,0.024123913,0.9758761,0.0,0.0
9,9,0.0,0.0,0.0,0.0,0.0,0.0,0.0,0.0,0.024123913,0.9758761,0.0,0.0
9,9,0.0,0.0,0.0,0.0,0.0,0.0,0.0,0.0,0.024123913,0.9758761,0.0,0.0
9,9,0.0,0.0,0.0,0.0,0.0,0.0,0.0,0.0,0.024123913,0.9758761,0.0,0.0
9,9,0.0,0.0,0.0,0.0,0.0,0.0,0.0,0.0,0.024123913,0.9758761,0.0,0.0
9,9,0.0,0.0,0.0,0.0,0.0,0.0,0.0,0.0,0.024123913,0.9758761,0.0,0.0
9,9,0.0,0.0,0.0,0.0,0.0,0.0,0.0,0.0,0.024123913,0.9758761,0.0,0.0
9,9,0.0,0.0,0.0,0.0,0.0,0.0,0.0,0.0,0.024123913,0.9758761,0.0,0.0
9,9,0.0,0.0,0.0,0.0,0.0,0.0,0.0,0.0,0.024123913,0.9758761,0.0,0.0
9,9,0.0,0.0,0.0,0.0,0.0,0.0,0.0,0.0,0.024123913,0.9758761,0.0,0.0
9,9,0.0,0.0,0.0,0.0,0.0,0.0,0.0,0.0,0.024123913,0.9758761,0.0,0.0
9,9,0.0,0.0,0.0,0.0,0.0,0.0,0.0,0.0,0.024123913,0.9758761,0.0,0.0
9,9,0.0,0.0,0.0,0.0,0.0,0.0,0.0,0.0,0.024123913,0.9758761,0.0,0.0
9,9,0.0,0.0,0.0,0.0,0.0,0.0,0.0,0.0,0.024123913,0.9758761,0.0,0.0
9,9,0.0,0.0,0.0,0.0,0.0,0.0,0.0,0.0,0.024123913,0.9758761,0.0,0.0
9,9,0.0,0.0,0.0,0.0,0.0,0.0,0.0,0.0,0.024123913,0.9758761,0.0,0.0
9,9,0.0,0.0,0.0,0.0,0.0,0.0,0.0,0.0,0.024123913,0.9758761,0.0,0.0
9,9,0.0,0.0,0.0,0.0,0.0,0.0,0.0,0.0,0.024123913,0.9758761,0.0,0.0
9,9,0.0,0.0,0.0,0.0,0.0,0.0,0.0,0.0,0.024123913,0.9758761,0.0,0.0
9,9,0.0,0.0,0.0,0.0,0.0,0.0,0.0,0.0,0.024123913,0.9758761,0.0,0.0
9,9,0.0,0.0,0.0,0.0,0.0,0.0,0.0,0.0,0.024123913,0.9758761,0.0,0.0
9,9,0.0,0.0,0.0,0.0,0.0,0.0,0.0,0.0,0.024123913,0.9758761,0.0,0.0
9,9,0.0,0.0,0.0,0.0,0.0,0.0,0.0,0.0,0.024123913,0.9758761,0.0,0.0
9,9,0.0,0.0,0.0,0.0,0.0,0.0,0.0,0.0,0.024123913,0.9758761,0.0,0.0
9,9,0.0,0.0,0.0,0.0,0.0,0.0,0.0,0.0,0.024123913,0.9758761,0.0,0.0
9,9,0.0,0.0,0.0,0.0,0.0,0.0,0.0,0.0,0.024123913,0.9758761,0.0,0.0
9,9,0.0,0.0,0.0,0.0,0.0,0.0,0.0,0.0,0.024123913,0.9758761,0.0,0.0
9,9,0.0,0.0,0.0,0.0,0.0,0.0,0.0,0.0,0.024123913,0.9758761,0.0,0.0
9,9,0.0,0.0,0.0,0.0,0.0,0.0,0.0,0.0,0.024123913,0.9758761,0.0,0.0
9,9,0.0,0.0,0.0,0.0,0.0,0.0,0.0,0.0,0.024123913,0.9758761,0.0,0.0
9,9,0.0,0.0,0.0,0.0,0.0,0.0,0.0,0.0,0.024123913,0.9758761,0.0,0.0
9,9,0.0,0.0,0.0,0.0,0.0,0.0,0.0,0.0,0.024123913,0.9758761,0.0,0.0
9,9,0.0,0.0,0.0,0.0,0.0,0.0,0.0,0.0,0.024123913,0.9758761,0.0,0.0
9,9,0.0,0.0,0.0,0.0,0.0,0.0,0.0,0.0,0.024123913,0.9758761,0.0,0.0
9,9,0.0,0.0,0.0,0.0,0.0,0.0,0.0,0.0,0.024123913,0.9758761,0.0,0.0
9,9,0.0,0.0,0.0,0.0,0.0,0.0,0.0,0.0,0.024123913,0.9758761,0.0,0.0
9,9,0.0,0.0,0.0,0.0,0.0,0.0,0.0,0.0,0.024123913,0.9758761,0.0,0.0
9,9,0.0,0.0,0.0,0.0,0.0,0.0,0.0,0.0,0.024123913,0.9758761,0.0,0.0
9,9,0.0,0.0,0.0,0.0,0.0,0.0,0.0,0.0,0.024123913,0.9758761,0.0,0.0
9,9,0.0,0.0,0.0,0.0,0.0,0.0,0.0,0.0,0.024123913,0.9758761,0.0,0.0
9,9,0.0,0.0,0.0,0.0,0.0,0.0,0.0,0.0,0.024123913,0.9758761,0.0,0.0
9,9,0.0,0.0,0.0,0.0,0.0,0.0,0.0,0.0,0.024123913,0.9758761,0.0,0.0
9,9,0.0,0.0,0.0,0.0,0.0,0.0,0.0,0.0,0.024123913,0.9758761,0.0,0.0
9,9,0.0,0.0,0.0,0.0,0.0,0.0,0.0,0.0,0.024123913,0.9758761,0.0,0.0
9,9,0.0,0.0,0.0,0.0,0.0,0.0,0.0,0.0,0.024123913,0.9758761,0.0,0.0
9,9,0.0,0.0,0.0,0.0,0.0,0.0,0.0,0.0,0.024123913,0.9758761,0.0,0.0
9,9,0.0,0.0,0.0,0.0,0.0,0.0,0.0,0.0,0.024123913,0.9758761,0.0,0.0
9,9,0.0,0.0,0.0,0.0,0.0,0.0,0.0,0.0,0.024123913,0.9758761,0.0,0.0
9,9,0.0,0.0,0.0,0.0,0.0,0.0,0.0,0.0,0.024123913,0.9758761,0.0,0.0
9,9,0.0,0.0,0.0,0.0,0.0,0.0,0.0,0.0,0.024123913,0.9758761,0.0,0.0
9,9,0.0,0.0,0.0,0.0,0.0,0.0,0.0,0.0,0.024123913,0.9758761,0.0,0.0
9,9,0.0,0.0,0.0,0.0,0.0,0.0,0.0,0.0,0.024123913,0.9758761,0.0,0.0
9,9,0.0,0.0,0.0,0.0,0.0,0.0,0.0,0.0,0.024123913,0.9758761,0.0,0.0
9,9,0.0,0.0,0.0,0.0,0.0,0.0,0.0,0.0,0.024123913,0.9758761,0.0,0.0
9,9,0.0,0.0,0.0,0.0,0.0,0.0,0.0,0.0,0.024123913,0.9758761,0.0,0.0
9,9,0.0,0.0,0.0,0.0,0.0,0.0,0.0,0.0,0.024123913,0.9758761,0.0,0.0
9,9,0.0,0.0,0.0,0.0,0.0,0.0,0.0,0.0,0.024123913,0.9758761,0.0,0.0
9,9,0.0,0.0,0.0,0.0,0.0,0.0,0.0,0.0,0.024123913,0.9758761,0.0,0.0
9,9,0.0,0.0,0.0,0.0,0.0,0.0,0.0,0.0,0.024123913,0.9758761,0.0,0.0
9,9,0.0,0.0,0.0,0.0,0.0,0.0,0.0,0.0,0.024123913,0.9758761,0.0,0.0
9,9,0.0,0.0,0.0,0.0,0.0,0.0,0.0,0.0,0.024123913,0.9758761,0.0,0.0
9,9,0.0,0.0,0.0,0.0,0.0,0.0,0.0,0.0,0.024123913,0.9758761,0.0,0.0
9,9,0.0,0.0,0.0,0.0,0.0,0.0,0.0,0.0,0.024123913,0.9758761,0.0,0.0
9,9,0.0,0.0,0.0,0.0,0.0,0.0,0.0,0.0,0.024123913,0.9758761,0.0,0.0
9,9,0.0,0.0,0.0,0.0,0.0,0.0,0.0,0.0,0.024123913,0.9758761,0.0,0.0
9,9,0.0,0.0,0.0,0.0,0.0,0.0,0.0,0.0,0.024123913,0.9758761,0.0,0.0
9,9,0.0,0.0,0.0,0.0,0.0,0.0,0.0,0.0,0.024123913,0.9758761,0.0,0.0
9,9,0.0,0.0,0.0,0.0,0.0,0.0,0.0,0.0,0.024123913,0.9758761,0.0,0.0
9,9,0.0,0.0,0.0,0.0,0.0,0.0,0.0,0.0,0.024123913,0.9758761,0.0,0.0
9,9,0.0,0.0,0.0,0.0,0.0,0.0,0.0,0.0,0.024123913,0.9758761,0.0,0.0
9,9,0.0,0.0,0.0,0.0,0.0,0.0,0.0,0.0,0.024123913,0.9758761,0.0,0.0
9,9,0.0,0.0,0.0,0.0,0.0,0.0,0.0,0.0,0.024123913,0.9758761,0.0,0.0
9,9,0.0,0.0,0.0,0.0,0.0,0.0,0.0,0.0,0.024123913,0.9758761,0.0,0.0
9,9,0.0,0.0,0.0,0.0,0.0,0.0,0.0,0.0,0.024123913,0.9758761,0.0,0.0
9,9,0.0,0.0,0.0,0.0,0.0,0.0,0.0,0.0,0.024123913,0.9758761,0.0,0.0
9,9,0.0,0.0,0.0,0.0,0.0,0.0,0.0,0.0,0.024123913,0.9758761,0.0,0.0
9,9,0.0,0.0,0.0,0.0,0.0,0.0,0.0,0.0,0.024123913,0.9758761,0.0,0.0
9,9,0.0,0.0,0.0,0.0,0.0,0.0,0.0,0.0,0.024123913,0.9758761,0.0,0.0
9,9,0.0,0.0,0.0,0.0,0.0,0.0,0.0,0.0,0.024123913,0.9758761,0.0,0.0
9,9,0.0,0.0,0.0,0.0,0.0,0.0,0.0,0.0,0.024123913,0.9758761,0.0,0.0
9,9,0.0,0.0,0.0,0.0,0.0,0.0,0.0,0.0,0.024123913,0.9758761,0.0,0.0
9,9,0.0,0.0,0.0,0.0,0.0,0.0,0.0,0.0,0.024123913,0.9758761,0.0,0.0
9,9,0.0,0.0,0.0,0.0,0.0,0.0,0.0,0.0,0.024123913,0.9758761,0.0,0.0
9,9,0.0,0.0,0.0,0.0,0.0,0.0,0.0,0.0,0.024123913,0.9758761,0.0,0.0
9,9,0.0,0.0,0.0,0.0,0.0,0.0,0.0,0.0,0.024123913,0.9758761,0.0,0.0
9,9,0.0,0.0,0.0,0.0,0.0,0.0,0.0,0.0,0.024123913,0.9758761,0.0,0.0
9,9,0.0,0.0,0.0,0.0,0.0,0.0,0.0,0.0,0.024123913,0.9758761,0.0,0.0
9,9,0.0,0.0,0.0,0.0,0.0,0.0,0.0,0.0,0.024123913,0.9758761,0.0,0.0
9,9,0.0,0.0,0.0,0.0,0.0,0.0,0.0,0.0,0.024123913,0.9758761,0.0,0.0
9,9,0.0,0.0,0.0,0.0,0.0,0.0,0.0,0.0,0.024123913,0.9758761,0.0,0.0
9,9,0.0,0.0,0.0,0.0,0.0,0.0,0.0,0.0,0.024123913,0.9758761,0.0,0.0
9,9,0.0,0.0,0.0,0.0,0.0,0.0,0.0,0.0,0.024123913,0.9758761,0.0,0.0
9,9,0.0,0.0,0.0,0.0,0.0,0.0,0.0,0.0,0.024123913,0.9758761,0.0,0.0
9,9,0.0,0.0,0.0,0.0,0.0,0.0,0.0,0.0,0.024123913,0.9758761,0.0,0.0
9,9,0.0,0.0,0.0,0.0,0.0,0.0,0.0,0.0,0.024123913,0.9758761,0.0,0.0
9,9,0.0,0.0,0.0,0.0,0.0,0.0,0.0,0.0,0.024123913,0.9758761,0.0,0.0
9,9,0.0,0.0,0.0,0.0,0.0,0.0,0.0,0.0,0.024123913,0.9758761,0.0,0.0
9,9,0.0,0.0,0.0,0.0,0.0,0.0,0.0,0.0,0.024123913,0.9758761,0.0,0.0
9,9,0.0,0.0,0.0,0.0,0.0,0.0,0.0,0.0,0.024123913,0.9758761,0.0,0.0
9,9,0.0,0.0,0.0,0.0,0.0,0.0,0.0,0.0,0.024123913,0.9758761,0.0,0.0
9,9,0.0,0.0,0.0,0.0,0.0,0.0,0.0,0.0,0.024123913,0.9758761,0.0,0.0
9,9,0.0,0.0,0.0,0.0,0.0,0.0,0.0,0.0,0.024123913,0.9758761,0.0,0.0
9,9,0.0,0.0,0.0,0.0,0.0,0.0,0.0,0.0,0.024123913,0.9758761,0.0,0.0
9,9,0.0,0.0,0.0,0.0,0.0,0.0,0.0,0.0,0.024123913,0.9758761,0.0,0.0
9,9,0.0,0.0,0.0,0.0,0.0,0.0,0.0,0.0,0.024123913,0.9758761,0.0,0.0
9,9,0.0,0.0,0.0,0.0,0.0,0.0,0.0,0.0,0.024123913,0.9758761,0.0,0.0
9,9,0.0,0.0,0.0,0.0,0.0,0.0,0.0,0.0,0.024123913,0.9758761,0.0,0.0
9,9,0.0,0.0,0.0,0.0,0.0,0.0,0.0,0.0,0.024123913,0.9758761,0.0,0.0
9,9,0.0,0.0,0.0,0.0,0.0,0.0,0.0,0.0,0.024123913,0.9758761,0.0,0.0
9,9,0.0,0.0,0.0,0.0,0.0,0.0,0.0,0.0,0.024123913,0.9758761,0.0,0.0
9,9,0.0,0.0,0.0,0.0,0.0,0.0,0.0,0.0,0.024123913,0.9758761,0.0,0.0
9,9,0.0,0.0,0.0,0.0,0.0,0.0,0.0,0.0,0.024123913,0.9758761,0.0,0.0
9,9,0.0,0.0,0.0,0.0,0.0,0.0,0.0,0.0,0.024123913,0.9758761,0.0,0.0
9,9,0.0,0.0,0.0,0.0,0.0,0.0,0.0,0.0,0.024123913,0.9758761,0.0,0.0
9,9,0.0,0.0,0.0,0.0,0.0,0.0,0.0,0.0,0.024123913,0.9758761,0.0,0.0
9,9,0.0,0.0,0.0,0.0,0.0,0.0,0.0,0.0,0.024123913,0.9758761,0.0,0.0
9,9,0.0,0.0,0.0,0.0,0.0,0.0,0.0,0.0,0.024123913,0.9758761,0.0,0.0
9,9,0.0,0.0,0.0,0.0,0.0,0.0,0.0,0.0,0.024123913,0.9758761,0.0,0.0
9,9,0.0,0.0,0.0,0.0,0.0,0.0,0.0,0.0,0.024123913,0.9758761,0.0,0.0
9,9,0.0,0.0,0.0,0.0,0.0,0.0,0.0,0.0,0.024123913,0.9758761,0.0,0.0
9,9,0.0,0.0,0.0,0.0,0.0,0.0,0.0,0.0,0.024123913,0.9758761,0.0,0.0
9,9,0.0,0.0,0.0,0.0,0.0,0.0,0.0,0.0,0.024123913,0.9758761,0.0,0.0
9,9,0.0,0.0,0.0,0.0,0.0,0.0,0.0,0.0,0.024123913,0.9758761,0.0,0.0
9,9,0.0,0.0,0.0,0.0,0.0,0.0,0.0,0.0,0.024123913,0.9758761,0.0,0.0
9,9,0.0,0.0,0.0,0.0,0.0,0.0,0.0,0.0,0.024123913,0.9758761,0.0,0.0
9,9,0.0,0.0,0.0,0.0,0.0,0.0,0.0,0.0,0.024123913,0.9758761,0.0,0.0
9,9,0.0,0.0,0.0,0.0,0.0,0.0,0.0,0.0,0.024123913,0.9758761,0.0,0.0
9,9,0.0,0.0,0.0,0.0,0.0,0.0,0.0,0.0,0.024123913,0.9758761,0.0,0.0
9,9,0.0,0.0,0.0,0.0,0.0,0.0,0.0,0.0,0.024123913,0.9758761,0.0,0.0
9,9,0.0,0.0,0.0,0.0,0.0,0.0,0.0,0.0,0.024123913,0.9758761,0.0,0.0
9,9,0.0,0.0,0.0,0.0,0.0,0.0,0.0,0.0,0.024123913,0.9758761,0.0,0.0
9,9,0.0,0.0,0.0,0.0,0.0,0.0,0.0,0.0,0.024123913,0.9758761,0.0,0.0
9,9,0.0,0.0,0.0,0.0,0.0,0.0,0.0,0.0,0.024123913,0.9758761,0.0,0.0
9,9,0.0,0.0,0.0,0.0,0.0,0.0,0.0,0.0,0.024123913,0.9758761,0.0,0.0
9,9,0.0,0.0,0.0,0.0,0.0,0.0,0.0,0.0,0.024123913,0.9758761,0.0,0.0
9,9,0.0,0.0,0.0,0.0,0.0,0.0,0.0,0.0,0.024123913,0.9758761,0.0,0.0
9,9,0.0,0.0,0.0,0.0,0.0,0.0,0.0,0.0,0.024123913,0.9758761,0.0,0.0
9,9,0.0,0.0,0.0,0.0,0.0,0.0,0.0,0.0,0.024123913,0.9758761,0.0,0.0
9,9,0.0,0.0,0.0,0.0,0.0,0.0,0.0,0.0,0.024123913,0.9758761,0.0,0.0
9,9,0.0,0.0,0.0,0.0,0.0,0.0,0.0,0.0,0.024123913,0.9758761,0.0,0.0
9,9,0.0,0.0,0.0,0.0,0.0,0.0,0.0,0.0,0.024123913,0.9758761,0.0,0.0
9,9,0.0,0.0,0.0,0.0,0.0,0.0,0.0,0.0,0.024123913,0.9758761,0.0,0.0
9,9,0.0,0.0,0.0,0.0,0.0,0.0,0.0,0.0,0.024123913,0.9758761,0.0,0.0
9,9,0.0,0.0,0.0,0.0,0.0,0.0,0.0,0.0,0.024123913,0.9758761,0.0,0.0
9,9,0.0,0.0,0.0,0.0,0.0,0.0,0.0,0.0,0.024123913,0.9758761,0.0,0.0
9,9,0.0,0.0,0.0,0.0,0.0,0.0,0.0,0.0,0.024123913,0.9758761,0.0,0.0
9,9,0.0,0.0,0.0,0.0,0.0,0.0,0.0,0.0,0.024123913,0.9758761,0.0,0.0
9,9,0.0,0.0,0.0,0.0,0.0,0.0,0.0,0.0,0.024123913,0.9758761,0.0,0.0
9,9,0.0,0.0,0.0,0.0,0.0,0.0,0.0,0.0,0.024123913,0.9758761,0.0,0.0
9,9,0.0,0.0,0.0,0.0,0.0,0.0,0.0,0.0,0.024123913,0.9758761,0.0,0.0
9,9,0.0,0.0,0.0,0.0,0.0,0.0,0.0,0.0,0.024123913,0.9758761,0.0,0.0
9,9,0.0,0.0,0.0,0.0,0.0,0.0,0.0,0.0,0.024123913,0.9758761,0.0,0.0
9,9,0.0,0.0,0.0,0.0,0.0,0.0,0.0,0.0,0.024123913,0.9758761,0.0,0.0
9,9,0.0,0.0,0.0,0.0,0.0,0.0,0.0,0.0,0.024123913,0.9758761,0.0,0.0
9,9,0.0,0.0,0.0,0.0,0.0,0.0,0.0,0.0,0.024123913,0.9758761,0.0,0.0
9,9,0.0,0.0,0.0,0.0,0.0,0.0,0.0,0.0,0.024123913,0.9758761,0.0,0.0
9,9,0.0,0.0,0.0,0.0,0.0,0.0,0.0,0.0,0.024123913,0.9758761,0.0,0.0
9,9,0.0,0.0,0.0,0.0,0.0,0.0,0.0,0.0,0.024123913,0.9758761,0.0,0.0
9,9,0.0,0.0,0.0,0.0,0.0,0.0,0.0,0.0,0.024123913,0.9758761,0.0,0.0
9,9,0.0,0.0,0.0,0.0,0.0,0.0,0.0,0.0,0.024123913,0.9758761,0.0,0.0
9,9,0.0,0.0,0.0,0.0,0.0,0.0,0.0,0.0,0.024123913,0.9758761,0.0,0.0
9,9,0.0,0.0,0.0,0.0,0.0,0.0,0.0,0.0,0.024123913,0.9758761,0.0,0.0
9,9,0.0,0.0,0.0,0.0,0.0,0.0,0.0,0.0,0.024123913,0.9758761,0.0,0.0
9,9,0.0,0.0,0.0,0.0,0.0,0.0,0.0,0.0,0.024123913,0.9758761,0.0,0.0
9,9,0.0,0.0,0.0,0.0,0.0,0.0,0.0,0.0,0.024123913,0.9758761,0.0,0.0
9,9,0.0,0.0,0.0,0.0,0.0,0.0,0.0,0.0,0.024123913,0.9758761,0.0,0.0
9,9,0.0,0.0,0.0,0.0,0.0,0.0,0.0,0.0,0.024123913,0.9758761,0.0,0.0
9,9,0.0,0.0,0.0,0.0,0.0,0.0,0.0,0.0,0.024123913,0.9758761,0.0,0.0
9,9,0.0,0.0,0.0,0.0,0.0,0.0,0.0,0.0,0.024123913,0.9758761,0.0,0.0
9,9,0.0,0.0,0.0,0.0,0.0,0.0,0.0,0.0,0.024123913,0.9758761,0.0,0.0
9,9,0.0,0.0,0.0,0.0,0.0,0.0,0.0,0.0,0.024123913,0.9758761,0.0,0.0
9,9,0.0,0.0,0.0,0.0,0.0,0.0,0.0,0.0,0.024123913,0.9758761,0.0,0.0
9,9,0.0,0.0,0.0,0.0,0.0,0.0,0.0,0.0,0.024123913,0.9758761,0.0,0.0
9,9,0.0,0.0,0.0,0.0,0.0,0.0,0.0,0.0,0.024123913,0.9758761,0.0,0.0
9,9,0.0,0.0,0.0,0.0,0.0,0.0,0.0,0.0,0.024123913,0.9758761,0.0,0.0
9,9,0.0,0.0,0.0,0.0,0.0,0.0,0.0,0.0,0.024123913,0.9758761,0.0,0.0
9,9,0.0,0.0,0.0,0.0,0.0,0.0,0.0,0.0,0.024123913,0.9758761,0.0,0.0
9,9,0.0,0.0,0.0,0.0,0.0,0.0,0.0,0.0,0.024123913,0.9758761,0.0,0.0
9,9,0.0,0.0,0.0,0.0,0.0,0.0,0.0,0.0,0.024123913,0.9758761,0.0,0.0
9,9,0.0,0.0,0.0,0.0,0.0,0.0,0.0,0.0,0.024123913,0.9758761,0.0,0.0
9,9,0.0,0.0,0.0,0.0,0.0,0.0,0.0,0.0,0.024123913,0.9758761,0.0,0.0
9,9,0.0,0.0,0.0,0.0,0.0,0.0,0.0,0.0,0.024123913,0.9758761,0.0,0.0
9,9,0.0,0.0,0.0,0.0,0.0,0.0,0.0,0.0,0.024123913,0.9758761,0.0,0.0
9,9,0.0,0.0,0.0,0.0,0.0,0.0,0.0,0.0,0.024123913,0.9758761,0.0,0.0
9,9,0.0,0.0,0.0,0.0,0.0,0.0,0.0,0.0,0.024123913,0.9758761,0.0,0.0
9,9,0.0,0.0,0.0,0.0,0.0,0.0,0.0,0.0,0.024123913,0.9758761,0.0,0.0
9,9,0.0,0.0,0.0,0.0,0.0,0.0,0.0,0.0,0.024123913,0.9758761,0.0,0.0
9,9,0.0,0.0,0.0,0.0,0.0,0.0,0.0,0.0,0.024123913,0.9758761,0.0,0.0
9,9,0.0,0.0,0.0,0.0,0.0,0.0,0.0,0.0,0.024123913,0.9758761,0.0,0.0
9,9,0.0,0.0,0.0,0.0,0.0,0.0,0.0,0.0,0.024123913,0.9758761,0.0,0.0
9,9,0.0,0.0,0.0,0.0,0.0,0.0,0.0,0.0,0.024123913,0.9758761,0.0,0.0
9,9,0.0,0.0,0.0,0.0,0.0,0.0,0.0,0.0,0.024123913,0.9758761,0.0,0.0
9,9,0.0,0.0,0.0,0.0,0.0,0.0,0.0,0.0,0.024123913,0.9758761,0.0,0.0
9,9,0.0,0.0,0.0,0.0,0.0,0.0,0.0,0.0,0.024123913,0.9758761,0.0,0.0
9,9,0.0,0.0,0.0,0.0,0.0,0.0,0.0,0.0,0.024123913,0.9758761,0.0,0.0
9,9,0.0,0.0,0.0,0.0,0.0,0.0,0.0,0.0,0.024123913,0.9758761,0.0,0.0
9,9,0.0,0.0,0.0,0.0,0.0,0.0,0.0,0.0,0.024123913,0.9758761,0.0,0.0
9,9,0.0,0.0,0.0,0.0,0.0,0.0,0.0,0.0,0.024123913,0.9758761,0.0,0.0
9,9,0.0,0.0,0.0,0.0,0.0,0.0,0.0,0.0,0.024123913,0.9758761,0.0,0.0
9,9,0.0,0.0,0.0,0.0,0.0,0.0,0.0,0.0,0.024123913,0.9758761,0.0,0.0
9,9,0.0,0.0,0.0,0.0,0.0,0.0,0.0,0.0,0.024123913,0.9758761,0.0,0.0
9,9,0.0,0.0,0.0,0.0,0.0,0.0,0.0,0.0,0.024123913,0.9758761,0.0,0.0
9,9,0.0,0.0,0.0,0.0,0.0,0.0,0.0,0.0,0.024123913,0.9758761,0.0,0.0
9,9,0.0,0.0,0.0,0.0,0.0,0.0,0.0,0.0,0.024123913,0.9758761,0.0,0.0
9,9,0.0,0.0,0.0,0.0,0.0,0.0,0.0,0.0,0.024123913,0.9758761,0.0,0.0
9,9,0.0,0.0,0.0,0.0,0.0,0.0,0.0,0.0,0.024123913,0.9758761,0.0,0.0
9,9,0.0,0.0,0.0,0.0,0.0,0.0,0.0,0.0,0.024123913,0.9758761,0.0,0.0
9,9,0.0,0.0,0.0,0.0,0.0,0.0,0.0,0.0,0.024123913,0.9758761,0.0,0.0
9,9,0.0,0.0,0.0,0.0,0.0,0.0,0.0,0.0,0.024123913,0.9758761,0.0,0.0
9,9,0.0,0.0,0.0,0.0,0.0,0.0,0.0,0.0,0.024123913,0.9758761,0.0,0.0
9,9,0.0,0.0,0.0,0.0,0.0,0.0,0.0,0.0,0.024123913,0.9758761,0.0,0.0
9,9,0.0,0.0,0.0,0.0,0.0,0.0,0.0,0.0,0.024123913,0.9758761,0.0,0.0
9,9,0.0,0.0,0.0,0.0,0.0,0.0,0.0,0.0,0.024123913,0.9758761,0.0,0.0
9,9,0.0,0.0,0.0,0.0,0.0,0.0,0.0,0.0,0.024123913,0.9758761,0.0,0.0
9,9,0.0,0.0,0.0,0.0,0.0,0.0,0.0,0.0,0.024123913,0.9758761,0.0,0.0
9,9,0.0,0.0,0.0,0.0,0.0,0.0,0.0,0.0,0.024123913,0.9758761,0.0,0.0
9,9,0.0,0.0,0.0,0.0,0.0,0.0,0.0,0.0,0.024123913,0.9758761,0.0,0.0
9,9,0.0,0.0,0.0,0.0,0.0,0.0,0.0,0.0,0.024123913,0.9758761,0.0,0.0
9,9,0.0,0.0,0.0,0.0,0.0,0.0,0.0,0.0,0.024123913,0.9758761,0.0,0.0
9,9,0.0,0.0,0.0,0.0,0.0,0.0,0.0,0.0,0.024123913,0.9758761,0.0,0.0
9,9,0.0,0.0,0.0,0.0,0.0,0.0,0.0,0.0,0.024123913,0.9758761,0.0,0.0
9,9,0.0,0.0,0.0,0.0,0.0,0.0,0.0,0.0,0.024123913,0.9758761,0.0,0.0
9,9,0.0,0.0,0.0,0.0,0.0,0.0,0.0,0.0,0.024123913,0.9758761,0.0,0.0
9,9,0.0,0.0,0.0,0.0,0.0,0.0,0.0,0.0,0.024123913,0.9758761,0.0,0.0
9,9,0.0,0.0,0.0,0.0,0.0,0.0,0.0,0.0,0.024123913,0.9758761,0.0,0.0
9,9,0.0,0.0,0.0,0.0,0.0,0.0,0.0,0.0,0.024123913,0.9758761,0.0,0.0
9,9,0.0,0.0,0.0,0.0,0.0,0.0,0.0,0.0,0.024123913,0.9758761,0.0,0.0
9,9,0.0,0.0,0.0,0.0,0.0,0.0,0.0,0.0,0.024123913,0.9758761,0.0,0.0
9,9,0.0,0.0,0.0,0.0,0.0,0.0,0.0,0.0,0.024123913,0.9758761,0.0,0.0
9,9,0.0,0.0,0.0,0.0,0.0,0.0,0.0,0.0,0.024123913,0.9758761,0.0,0.0
9,9,0.0,0.0,0.0,0.0,0.0,0.0,0.0,0.0,0.024123913,0.9758761,0.0,0.0
9,9,0.0,0.0,0.0,0.0,0.0,0.0,0.0,0.0,0.024123913,0.9758761,0.0,0.0
9,9,0.0,0.0,0.0,0.0,0.0,0.0,0.0,0.0,0.024123913,0.9758761,0.0,0.0
9,9,0.0,0.0,0.0,0.0,0.0,0.0,0.0,0.0,0.024123913,0.9758761,0.0,0.0
9,9,0.0,0.0,0.0,0.0,0.0,0.0,0.0,0.0,0.024123913,0.9758761,0.0,0.0
9,9,0.0,0.0,0.0,0.0,0.0,0.0,0.0,0.0,0.024123913,0.9758761,0.0,0.0
9,9,0.0,0.0,0.0,0.0,0.0,0.0,0.0,0.0,0.024123913,0.9758761,0.0,0.0
9,9,0.0,0.0,0.0,0.0,0.0,0.0,0.0,0.0,0.024123913,0.9758761,0.0,0.0
9,9,0.0,0.0,0.0,0.0,0.0,0.0,0.0,0.0,0.024123913,0.9758761,0.0,0.0
9,9,0.0,0.0,0.0,0.0,0.0,0.0,0.0,0.0,0.024123913,0.9758761,0.0,0.0
9,9,0.0,0.0,0.0,0.0,0.0,0.0,0.0,0.0,0.024123913,0.9758761,0.0,0.0
9,9,0.0,0.0,0.0,0.0,0.0,0.0,0.0,0.0,0.024123913,0.9758761,0.0,0.0
9,9,0.0,0.0,0.0,0.0,0.0,0.0,0.0,0.0,0.024123913,0.9758761,0.0,0.0
9,9,0.0,0.0,0.0,0.0,0.0,0.0,0.0,0.0,0.024123913,0.9758761,0.0,0.0
9,9,0.0,0.0,0.0,0.0,0.0,0.0,0.0,0.0,0.024123913,0.9758761,0.0,0.0
9,9,0.0,0.0,0.0,0.0,0.0,0.0,0.0,0.0,0.024123913,0.9758761,0.0,0.0
9,9,0.0,0.0,0.0,0.0,0.0,0.0,0.0,0.0,0.024123913,0.9758761,0.0,0.0
9,9,0.0,0.0,0.0,0.0,0.0,0.0,0.0,0.0,0.024123913,0.9758761,0.0,0.0
9,9,0.0,0.0,0.0,0.0,0.0,0.0,0.0,0.0,0.024123913,0.9758761,0.0,0.0
9,9,0.0,0.0,0.0,0.0,0.0,0.0,0.0,0.0,0.024123913,0.9758761,0.0,0.0
9,9,0.0,0.0,0.0,0.0,0.0,0.0,0.0,0.0,0.024123913,0.9758761,0.0,0.0
9,9,0.0,0.0,0.0,0.0,0.0,0.0,0.0,0.0,0.024123913,0.9758761,0.0,0.0
9,9,0.0,0.0,0.0,0.0,0.0,0.0,0.0,0.0,0.024123913,0.9758761,0.0,0.0
9,9,0.0,0.0,0.0,0.0,0.0,0.0,0.0,0.0,0.024123913,0.9758761,0.0,0.0
9,9,0.0,0.0,0.0,0.0,0.0,0.0,0.0,0.0,0.024123913,0.9758761,0.0,0.0
9,9,0.0,0.0,0.0,0.0,0.0,0.0,0.0,0.0,0.024123913,0.9758761,0.0,0.0
9,9,0.0,0.0,0.0,0.0,0.0,0.0,0.0,0.0,0.024123913,0.9758761,0.0,0.0
9,9,0.0,0.0,0.0,0.0,0.0,0.0,0.0,0.0,0.024123913,0.9758761,0.0,0.0
9,9,0.0,0.0,0.0,0.0,0.0,0.0,0.0,0.0,0.024123913,0.9758761,0.0,0.0
9,9,0.0,0.0,0.0,0.0,0.0,0.0,0.0,0.0,0.024123913,0.9758761,0.0,0.0
9,9,0.0,0.0,0.0,0.0,0.0,0.0,0.0,0.0,0.024123913,0.9758761,0.0,0.0
9,9,0.0,0.0,0.0,0.0,0.0,0.0,0.0,0.0,0.024123913,0.9758761,0.0,0.0
9,9,0.0,0.0,0.0,0.0,0.0,0.0,0.0,0.0,0.024123913,0.9758761,0.0,0.0
9,9,0.0,0.0,0.0,0.0,0.0,0.0,0.0,0.0,0.024123913,0.9758761,0.0,0.0
9,9,0.0,0.0,0.0,0.0,0.0,0.0,0.0,0.0,0.024123913,0.9758761,0.0,0.0
9,9,0.0,0.0,0.0,0.0,0.0,0.0,0.0,0.0,0.024123913,0.9758761,0.0,0.0
9,9,0.0,0.0,0.0,0.0,0.0,0.0,0.0,0.0,0.024123913,0.9758761,0.0,0.0
9,9,0.0,0.0,0.0,0.0,0.0,0.0,0.0,0.0,0.024123913,0.9758761,0.0,0.0
9,9,0.0,0.0,0.0,0.0,0.0,0.0,0.0,0.0,0.024123913,0.9758761,0.0,0.0
9,9,0.0,0.0,0.0,0.0,0.0,0.0,0.0,0.0,0.024123913,0.9758761,0.0,0.0
9,9,0.0,0.0,0.0,0.0,0.0,0.0,0.0,0.0,0.024123913,0.9758761,0.0,0.0
9,9,0.0,0.0,0.0,0.0,0.0,0.0,0.0,0.0,0.024123913,0.9758761,0.0,0.0
9,9,0.0,0.0,0.0,0.0,0.0,0.0,0.0,0.0,0.024123913,0.9758761,0.0,0.0
9,9,0.0,0.0,0.0,0.0,0.0,0.0,0.0,0.0,0.024123913,0.9758761,0.0,0.0
9,9,0.0,0.0,0.0,0.0,0.0,0.0,0.0,0.0,0.024123913,0.9758761,0.0,0.0
9,9,0.0,0.0,0.0,0.0,0.0,0.0,0.0,0.0,0.024123913,0.9758761,0.0,0.0
9,9,0.0,0.0,0.0,0.0,0.0,0.0,0.0,0.0,0.024123913,0.9758761,0.0,0.0
9,9,0.0,0.0,0.0,0.0,0.0,0.0,0.0,0.0,0.024123913,0.9758761,0.0,0.0
9,9,0.0,0.0,0.0,0.0,0.0,0.0,0.0,0.0,0.024123913,0.9758761,0.0,0.0
9,9,0.0,0.0,0.0,0.0,0.0,0.0,0.0,0.0,0.024123913,0.9758761,0.0,0.0
9,9,0.0,0.0,0.0,0.0,0.0,0.0,0.0,0.0,0.024123913,0.9758761,0.0,0.0
9,9,0.0,0.0,0.0,0.0,0.0,0.0,0.0,0.0,0.024123913,0.9758761,0.0,0.0
9,9,0.0,0.0,0.0,0.0,0.0,0.0,0.0,0.0,0.024123913,0.9758761,0.0,0.0
9,9,0.0,0.0,0.0,0.0,0.0,0.0,0.0,0.0,0.024123913,0.9758761,0.0,0.0
9,9,0.0,0.0,0.0,0.0,0.0,0.0,0.0,0.0,0.024123913,0.9758761,0.0,0.0
9,9,0.0,0.0,0.0,0.0,0.0,0.0,0.0,0.0,0.024123913,0.9758761,0.0,0.0
9,9,0.0,0.0,0.0,0.0,0.0,0.0,0.0,0.0,0.024123913,0.9758761,0.0,0.0
9,9,0.0,0.0,0.0,0.0,0.0,0.0,0.0,0.0,0.024123913,0.9758761,0.0,0.0
9,9,0.0,0.0,0.0,0.0,0.0,0.0,0.0,0.0,0.024123913,0.9758761,0.0,0.0
9,9,0.0,0.0,0.0,0.0,0.0,0.0,0.0,0.0,0.024123913,0.9758761,0.0,0.0
9,9,0.0,0.0,0.0,0.0,0.0,0.0,0.0,0.0,0.024123913,0.9758761,0.0,0.0
9,9,0.0,0.0,0.0,0.0,0.0,0.0,0.0,0.0,0.024123913,0.9758761,0.0,0.0
9,9,0.0,0.0,0.0,0.0,0.0,0.0,0.0,0.0,0.024123913,0.9758761,0.0,0.0
9,9,0.0,0.0,0.0,0.0,0.0,0.0,0.0,0.0,0.024123913,0.9758761,0.0,0.0
9,9,0.0,0.0,0.0,0.0,0.0,0.0,0.0,0.0,0.024123913,0.9758761,0.0,0.0
9,9,0.0,0.0,0.0,0.0,0.0,0.0,0.0,0.0,0.024123913,0.9758761,0.0,0.0
9,9,0.0,0.0,0.0,0.0,0.0,0.0,0.0,0.0,0.024123913,0.9758761,0.0,0.0
9,9,0.0,0.0,0.0,0.0,0.0,0.0,0.0,0.0,0.024123913,0.9758761,0.0,0.0
9,9,0.0,0.0,0.0,0.0,0.0,0.0,0.0,0.0,0.024123913,0.9758761,0.0,0.0
9,9,0.0,0.0,0.0,0.0,0.0,0.0,0.0,0.0,0.024123913,0.9758761,0.0,0.0
9,9,0.0,0.0,0.0,0.0,0.0,0.0,0.0,0.0,0.024123913,0.9758761,0.0,0.0
9,9,0.0,0.0,0.0,0.0,0.0,0.0,0.0,0.0,0.024123913,0.9758761,0.0,0.0
9,9,0.0,0.0,0.0,0.0,0.0,0.0,0.0,0.0,0.024123913,0.9758761,0.0,0.0
9,9,0.0,0.0,0.0,0.0,0.0,0.0,0.0,0.0,0.024123913,0.9758761,0.0,0.0
9,9,0.0,0.0,0.0,0.0,0.0,0.0,0.0,0.0,0.024123913,0.9758761,0.0,0.0
9,9,0.0,0.0,0.0,0.0,0.0,0.0,0.0,0.0,0.024123913,0.9758761,0.0,0.0
9,9,0.0,0.0,0.0,0.0,0.0,0.0,0.0,0.0,0.024123913,0.9758761,0.0,0.0
9,9,0.0,0.0,0.0,0.0,0.0,0.0,0.0,0.0,0.024123913,0.9758761,0.0,0.0
9,9,0.0,0.0,0.0,0.0,0.0,0.0,0.0,0.0,0.024123913,0.9758761,0.0,0.0
9,9,0.0,0.0,0.0,0.0,0.0,0.0,0.0,0.0,0.024123913,0.9758761,0.0,0.0
9,9,0.0,0.0,0.0,0.0,0.0,0.0,0.0,0.0,0.024123913,0.9758761,0.0,0.0
9,9,0.0,0.0,0.0,0.0,0.0,0.0,0.0,0.0,0.024123913,0.9758761,0.0,0.0
9,9,0.0,0.0,0.0,0.0,0.0,0.0,0.0,0.0,0.024123913,0.9758761,0.0,0.0
9,9,0.0,0.0,0.0,0.0,0.0,0.0,0.0,0.0,0.024123913,0.9758761,0.0,0.0
9,9,0.0,0.0,0.0,0.0,0.0,0.0,0.0,0.0,0.024123913,0.9758761,0.0,0.0
9,9,0.0,0.0,0.0,0.0,0.0,0.0,0.0,0.0,0.024123913,0.9758761,0.0,0.0
9,9,0.0,0.0,0.0,0.0,0.0,0.0,0.0,0.0,0.024123913,0.9758761,0.0,0.0
9,9,0.0,0.0,0.0,0.0,0.0,0.0,0.0,0.0,0.024123913,0.9758761,0.0,0.0
9,9,0.0,0.0,0.0,0.0,0.0,0.0,0.0,0.0,0.024123913,0.9758761,0.0,0.0
9,9,0.0,0.0,0.0,0.0,0.0,0.0,0.0,0.0,0.024123913,0.9758761,0.0,0.0
9,9,0.0,0.0,0.0,0.0,0.0,0.0,0.0,0.0,0.024123913,0.9758761,0.0,0.0
9,9,0.0,0.0,0.0,0.0,0.0,0.0,0.0,0.0,0.024123913,0.9758761,0.0,0.0
9,9,0.0,0.0,0.0,0.0,0.0,0.0,0.0,0.0,0.024123913,0.9758761,0.0,0.0
9,9,0.0,0.0,0.0,0.0,0.0,0.0,0.0,0.0,0.024123913,0.9758761,0.0,0.0
9,9,0.0,0.0,0.0,0.0,0.0,0.0,0.0,0.0,0.024123913,0.9758761,0.0,0.0
9,9,0.0,0.0,0.0,0.0,0.0,0.0,0.0,0.0,0.024123913,0.9758761,0.0,0.0
9,9,0.0,0.0,0.0,0.0,0.0,0.0,0.0,0.0,0.024123913,0.9758761,0.0,0.0
9,9,0.0,0.0,0.0,0.0,0.0,0.0,0.0,0.0,0.024123913,0.9758761,0.0,0.0
9,9,0.0,0.0,0.0,0.0,0.0,0.0,0.0,0.0,0.024123913,0.9758761,0.0,0.0
9,9,0.0,0.0,0.0,0.0,0.0,0.0,0.0,0.0,0.024123913,0.9758761,0.0,0.0
9,9,0.0,0.0,0.0,0.0,0.0,0.0,0.0,0.0,0.024123913,0.9758761,0.0,0.0
9,9,0.0,0.0,0.0,0.0,0.0,0.0,0.0,0.0,0.024123913,0.9758761,0.0,0.0
9,9,0.0,0.0,0.0,0.0,0.0,0.0,0.0,0.0,0.024123913,0.9758761,0.0,0.0
9,9,0.0,0.0,0.0,0.0,0.0,0.0,0.0,0.0,0.024123913,0.9758761,0.0,0.0
9,9,0.0,0.0,0.0,0.0,0.0,0.0,0.0,0.0,0.024123913,0.9758761,0.0,0.0
9,9,0.0,0.0,0.0,0.0,0.0,0.0,0.0,0.0,0.024123913,0.9758761,0.0,0.0
9,9,0.0,0.0,0.0,0.0,0.0,0.0,0.0,0.0,0.024123913,0.9758761,0.0,0.0
9,9,0.0,0.0,0.0,0.0,0.0,0.0,0.0,0.0,0.024123913,0.9758761,0.0,0.0
9,9,0.0,0.0,0.0,0.0,0.0,0.0,0.0,0.0,0.024123913,0.9758761,0.0,0.0
9,9,0.0,0.0,0.0,0.0,0.0,0.0,0.0,0.0,0.024123913,0.9758761,0.0,0.0
9,9,0.0,0.0,0.0,0.0,0.0,0.0,0.0,0.0,0.024123913,0.9758761,0.0,0.0
9,9,0.0,0.0,0.0,0.0,0.0,0.0,0.0,0.0,0.024123913,0.9758761,0.0,0.0
9,9,0.0,0.0,0.0,0.0,0.0,0.0,0.0,0.0,0.024123913,0.9758761,0.0,0.0
9,9,0.0,0.0,0.0,0.0,0.0,0.0,0.0,0.0,0.024123913,0.9758761,0.0,0.0
9,9,0.0,0.0,0.0,0.0,0.0,0.0,0.0,0.0,0.024123913,0.9758761,0.0,0.0
9,9,0.0,0.0,0.0,0.0,0.0,0.0,0.0,0.0,0.024123913,0.9758761,0.0,0.0
9,9,0.0,0.0,0.0,0.0,0.0,0.0,0.0,0.0,0.024123913,0.9758761,0.0,0.0
9,9,0.0,0.0,0.0,0.0,0.0,0.0,0.0,0.0,0.024123913,0.9758761,0.0,0.0
9,9,0.0,0.0,0.0,0.0,0.0,0.0,0.0,0.0,0.024123913,0.9758761,0.0,0.0
9,9,0.0,0.0,0.0,0.0,0.0,0.0,0.0,0.0,0.024123913,0.9758761,0.0,0.0
9,9,0.0,0.0,0.0,0.0,0.0,0.0,0.0,0.0,0.024123913,0.9758761,0.0,0.0
9,9,0.0,0.0,0.0,0.0,0.0,0.0,0.0,0.0,0.024123913,0.9758761,0.0,0.0
9,9,0.0,0.0,0.0,0.0,0.0,0.0,0.0,0.0,0.024123913,0.9758761,0.0,0.0
9,9,0.0,0.0,0.0,0.0,0.0,0.0,0.0,0.0,0.024123913,0.9758761,0.0,0.0
9,9,0.0,0.0,0.0,0.0,0.0,0.0,0.0,0.0,0.024123913,0.9758761,0.0,0.0
9,9,0.0,0.0,0.0,0.0,0.0,0.0,0.0,0.0,0.024123913,0.9758761,0.0,0.0
9,9,0.0,0.0,0.0,0.0,0.0,0.0,0.0,0.0,0.024123913,0.9758761,0.0,0.0
9,9,0.0,0.0,0.0,0.0,0.0,0.0,0.0,0.0,0.024123913,0.9758761,0.0,0.0
9,9,0.0,0.0,0.0,0.0,0.0,0.0,0.0,0.0,0.024123913,0.9758761,0.0,0.0
9,9,0.0,0.0,0.0,0.0,0.0,0.0,0.0,0.0,0.024123913,0.9758761,0.0,0.0
9,9,0.0,0.0,0.0,0.0,0.0,0.0,0.0,0.0,0.024123913,0.9758761,0.0,0.0
9,9,0.0,0.0,0.0,0.0,0.0,0.0,0.0,0.0,0.024123913,0.9758761,0.0,0.0
9,9,0.0,0.0,0.0,0.0,0.0,0.0,0.0,0.0,0.024123913,0.9758761,0.0,0.0
9,9,0.0,0.0,0.0,0.0,0.0,0.0,0.0,0.0,0.024123913,0.9758761,0.0,0.0
9,9,0.0,0.0,0.0,0.0,0.0,0.0,0.0,0.0,0.024123913,0.9758761,0.0,0.0
9,9,0.0,0.0,0.0,0.0,0.0,0.0,0.0,0.0,0.024123913,0.9758761,0.0,0.0
9,9,0.0,0.0,0.0,0.0,0.0,0.0,0.0,0.0,0.024123913,0.9758761,0.0,0.0
9,9,0.0,0.0,0.0,0.0,0.0,0.0,0.0,0.0,0.024123913,0.9758761,0.0,0.0
9,9,0.0,0.0,0.0,0.0,0.0,0.0,0.0,0.0,0.024123913,0.9758761,0.0,0.0
9,9,0.0,0.0,0.0,0.0,0.0,0.0,0.0,0.0,0.024123913,0.9758761,0.0,0.0
9,9,0.0,0.0,0.0,0.0,0.0,0.0,0.0,0.0,0.024123913,0.9758761,0.0,0.0
9,9,0.0,0.0,0.0,0.0,0.0,0.0,0.0,0.0,0.024123913,0.9758761,0.0,0.0
9,9,0.0,0.0,0.0,0.0,0.0,0.0,0.0,0.0,0.024123913,0.9758761,0.0,0.0
9,9,0.0,0.0,0.0,0.0,0.0,0.0,0.0,0.0,0.024123913,0.9758761,0.0,0.0
9,9,0.0,0.0,0.0,0.0,0.0,0.0,0.0,0.0,0.024123913,0.9758761,0.0,0.0
9,9,0.0,0.0,0.0,0.0,0.0,0.0,0.0,0.0,0.024123913,0.9758761,0.0,0.0
9,9,0.0,0.0,0.0,0.0,0.0,0.0,0.0,0.0,0.024123913,0.9758761,0.0,0.0
9,9,0.0,0.0,0.0,0.0,0.0,0.0,0.0,0.0,0.024123913,0.9758761,0.0,0.0
9,9,0.0,0.0,0.0,0.0,0.0,0.0,0.0,0.0,0.024123913,0.9758761,0.0,0.0
9,9,0.0,0.0,0.0,0.0,0.0,0.0,0.0,0.0,0.024123913,0.9758761,0.0,0.0
9,9,0.0,0.0,0.0,0.0,0.0,0.0,0.0,0.0,0.024123913,0.9758761,0.0,0.0
9,9,0.0,0.0,0.0,0.0,0.0,0.0,0.0,0.0,0.024123913,0.9758761,0.0,0.0
9,9,0.0,0.0,0.0,0.0,0.0,0.0,0.0,0.0,0.024123913,0.9758761,0.0,0.0
9,9,0.0,0.0,0.0,0.0,0.0,0.0,0.0,0.0,0.024123913,0.9758761,0.0,0.0
9,9,0.0,0.0,0.0,0.0,0.0,0.0,0.0,0.0,0.024123913,0.9758761,0.0,0.0
9,9,0.0,0.0,0.0,0.0,0.0,0.0,0.0,0.0,0.024123913,0.9758761,0.0,0.0
9,9,0.0,0.0,0.0,0.0,0.0,0.0,0.0,0.0,0.024123913,0.9758761,0.0,0.0
9,9,0.0,0.0,0.0,0.0,0.0,0.0,0.0,0.0,0.024123913,0.9758761,0.0,0.0
9,9,0.0,0.0,0.0,0.0,0.0,0.0,0.0,0.0,0.024123913,0.9758761,0.0,0.0
9,9,0.0,0.0,0.0,0.0,0.0,0.0,0.0,0.0,0.024123913,0.9758761,0.0,0.0
9,9,0.0,0.0,0.0,0.0,0.0,0.0,0.0,0.0,0.024123913,0.9758761,0.0,0.0
9,9,0.0,0.0,0.0,0.0,0.0,0.0,0.0,0.0,0.024123913,0.9758761,0.0,0.0
9,9,0.0,0.0,0.0,0.0,0.0,0.0,0.0,0.0,0.024123913,0.9758761,0.0,0.0
9,9,0.0,0.0,0.0,0.0,0.0,0.0,0.0,0.0,0.024123913,0.9758761,0.0,0.0
9,9,0.0,0.0,0.0,0.0,0.0,0.0,0.0,0.0,0.024123913,0.9758761,0.0,0.0
9,9,0.0,0.0,0.0,0.0,0.0,0.0,0.0,0.0,0.024123913,0.9758761,0.0,0.0
9,9,0.0,0.0,0.0,0.0,0.0,0.0,0.0,0.0,0.024123913,0.9758761,0.0,0.0
9,9,0.0,0.0,0.0,0.0,0.0,0.0,0.0,0.0,0.024123913,0.9758761,0.0,0.0
9,9,0.0,0.0,0.0,0.0,0.0,0.0,0.0,0.0,0.024123913,0.9758761,0.0,0.0
9,9,0.0,0.0,0.0,0.0,0.0,0.0,0.0,0.0,0.024123913,0.9758761,0.0,0.0
9,9,0.0,0.0,0.0,0.0,0.0,0.0,0.0,0.0,0.024123913,0.9758761,0.0,0.0
9,9,0.0,0.0,0.0,0.0,0.0,0.0,0.0,0.0,0.024123913,0.9758761,0.0,0.0
9,9,0.0,0.0,0.0,0.0,0.0,0.0,0.0,0.0,0.024123913,0.9758761,0.0,0.0
9,9,0.0,0.0,0.0,0.0,0.0,0.0,0.0,0.0,0.024123913,0.9758761,0.0,0.0
9,9,0.0,0.0,0.0,0.0,0.0,0.0,0.0,0.0,0.024123913,0.9758761,0.0,0.0
9,9,0.0,0.0,0.0,0.0,0.0,0.0,0.0,0.0,0.024123913,0.9758761,0.0,0.0
9,9,0.0,0.0,0.0,0.0,0.0,0.0,0.0,0.0,0.024123913,0.9758761,0.0,0.0
9,9,0.0,0.0,0.0,0.0,0.0,0.0,0.0,0.0,0.024123913,0.9758761,0.0,0.0
9,9,0.0,0.0,0.0,0.0,0.0,0.0,0.0,0.0,0.024123913,0.9758761,0.0,0.0
9,9,0.0,0.0,0.0,0.0,0.0,0.0,0.0,0.0,0.024123913,0.9758761,0.0,0.0
9,9,0.0,0.0,0.0,0.0,0.0,0.0,0.0,0.0,0.024123913,0.9758761,0.0,0.0
9,9,0.0,0.0,0.0,0.0,0.0,0.0,0.0,0.0,0.024123913,0.9758761,0.0,0.0
9,9,0.0,0.0,0.0,0.0,0.0,0.0,0.0,0.0,0.024123913,0.9758761,0.0,0.0
9,9,0.0,0.0,0.0,0.0,0.0,0.0,0.0,0.0,0.024123913,0.9758761,0.0,0.0
9,9,0.0,0.0,0.0,0.0,0.0,0.0,0.0,0.0,0.024123913,0.9758761,0.0,0.0
9,9,0.0,0.0,0.0,0.0,0.0,0.0,0.0,0.0,0.024123913,0.9758761,0.0,0.0
9,9,0.0,0.0,0.0,0.0,0.0,0.0,0.0,0.0,0.024123913,0.9758761,0.0,0.0
9,9,0.0,0.0,0.0,0.0,0.0,0.0,0.0,0.0,0.024123913,0.9758761,0.0,0.0
9,9,0.0,0.0,0.0,0.0,0.0,0.0,0.0,0.0,0.024123913,0.9758761,0.0,0.0
9,9,0.0,0.0,0.0,0.0,0.0,0.0,0.0,0.0,0.024123913,0.9758761,0.0,0.0
9,9,0.0,0.0,0.0,0.0,0.0,0.0,0.0,0.0,0.024123913,0.9758761,0.0,0.0
9,9,0.0,0.0,0.0,0.0,0.0,0.0,0.0,0.0,0.024123913,0.9758761,0.0,0.0
9,9,0.0,0.0,0.0,0.0,0.0,0.0,0.0,0.0,0.024123913,0.9758761,0.0,0.0
9,9,0.0,0.0,0.0,0.0,0.0,0.0,0.0,0.0,0.024123913,0.9758761,0.0,0.0
9,9,0.0,0.0,0.0,0.0,0.0,0.0,0.0,0.0,0.024123913,0.9758761,0.0,0.0
9,9,0.0,0.0,0.0,0.0,0.0,0.0,0.0,0.0,0.024123913,0.9758761,0.0,0.0
9,9,0.0,0.0,0.0,0.0,0.0,0.0,0.0,0.0,0.024123913,0.9758761,0.0,0.0
9,9,0.0,0.0,0.0,0.0,0.0,0.0,0.0,0.0,0.024123913,0.9758761,0.0,0.0
9,9,0.0,0.0,0.0,0.0,0.0,0.0,0.0,0.0,0.024123913,0.9758761,0.0,0.0
9,9,0.0,0.0,0.0,0.0,0.0,0.0,0.0,0.0,0.024123913,0.9758761,0.0,0.0
9,9,0.0,0.0,0.0,0.0,0.0,0.0,0.0,0.0,0.024123913,0.9758761,0.0,0.0
9,9,0.0,0.0,0.0,0.0,0.0,0.0,0.0,0.0,0.024123913,0.9758761,0.0,0.0
9,9,0.0,0.0,0.0,0.0,0.0,0.0,0.0,0.0,0.024123913,0.9758761,0.0,0.0
9,9,0.0,0.0,0.0,0.0,0.0,0.0,0.0,0.0,0.024123913,0.9758761,0.0,0.0
9,9,0.0,0.0,0.0,0.0,0.0,0.0,0.0,0.0,0.024123913,0.9758761,0.0,0.0
9,9,0.0,0.0,0.0,0.0,0.0,0.0,0.0,0.0,0.024123913,0.9758761,0.0,0.0
9,9,0.0,0.0,0.0,0.0,0.0,0.0,0.0,0.0,0.024123913,0.9758761,0.0,0.0
9,9,0.0,0.0,0.0,0.0,0.0,0.0,0.0,0.0,0.024123913,0.9758761,0.0,0.0
9,9,0.0,0.0,0.0,0.0,0.0,0.0,0.0,0.0,0.024123913,0.9758761,0.0,0.0
9,9,0.0,0.0,0.0,0.0,0.0,0.0,0.0,0.0,0.024123913,0.9758761,0.0,0.0
9,9,0.0,0.0,0.0,0.0,0.0,0.0,0.0,0.0,0.024123913,0.9758761,0.0,0.0
9,9,0.0,0.0,0.0,0.0,0.0,0.0,0.0,0.0,0.024123913,0.9758761,0.0,0.0
9,9,0.0,0.0,0.0,0.0,0.0,0.0,0.0,0.0,0.024123913,0.9758761,0.0,0.0
9,9,0.0,0.0,0.0,0.0,0.0,0.0,0.0,0.0,0.024123913,0.9758761,0.0,0.0
9,9,0.0,0.0,0.0,0.0,0.0,0.0,0.0,0.0,0.024123913,0.9758761,0.0,0.0
9,9,0.0,0.0,0.0,0.0,0.0,0.0,0.0,0.0,0.024123913,0.9758761,0.0,0.0
9,9,0.0,0.0,0.0,0.0,0.0,0.0,0.0,0.0,0.024123913,0.9758761,0.0,0.0
9,9,0.0,0.0,0.0,0.0,0.0,0.0,0.0,0.0,0.024123913,0.9758761,0.0,0.0
9,9,0.0,0.0,0.0,0.0,0.0,0.0,0.0,0.0,0.024123913,0.9758761,0.0,0.0
9,9,0.0,0.0,0.0,0.0,0.0,0.0,0.0,0.0,0.024123913,0.9758761,0.0,0.0
9,9,0.0,0.0,0.0,0.0,0.0,0.0,0.0,0.0,0.024123913,0.9758761,0.0,0.0
9,9,0.0,0.0,0.0,0.0,0.0,0.0,0.0,0.0,0.024123913,0.9758761,0.0,0.0
9,9,0.0,0.0,0.0,0.0,0.0,0.0,0.0,0.0,0.024123913,0.9758761,0.0,0.0
9,9,0.0,0.0,0.0,0.0,0.0,0.0,0.0,0.0,0.024123913,0.9758761,0.0,0.0
9,9,0.0,0.0,0.0,0.0,0.0,0.0,0.0,0.0,0.024123913,0.9758761,0.0,0.0
9,9,0.0,0.0,0.0,0.0,0.0,0.0,0.0,0.0,0.024123913,0.9758761,0.0,0.0
9,9,0.0,0.0,0.0,0.0,0.0,0.0,0.0,0.0,0.024123913,0.9758761,0.0,0.0
9,9,0.0,0.0,0.0,0.0,0.0,0.0,0.0,0.0,0.024123913,0.9758761,0.0,0.0
9,9,0.0,0.0,0.0,0.0,0.0,0.0,0.0,0.0,0.024123913,0.9758761,0.0,0.0
9,9,0.0,0.0,0.0,0.0,0.0,0.0,0.0,0.0,0.024123913,0.9758761,0.0,0.0
9,9,0.0,0.0,0.0,0.0,0.0,0.0,0.0,0.0,0.024123913,0.9758761,0.0,0.0
9,9,0.0,0.0,0.0,0.0,0.0,0.0,0.0,0.0,0.024123913,0.9758761,0.0,0.0
9,9,0.0,0.0,0.0,0.0,0.0,0.0,0.0,0.0,0.024123913,0.9758761,0.0,0.0
9,9,0.0,0.0,0.0,0.0,0.0,0.0,0.0,0.0,0.024123913,0.9758761,0.0,0.0
9,9,0.0,0.0,0.0,0.0,0.0,0.0,0.0,0.0,0.024123913,0.9758761,0.0,0.0
9,9,0.0,0.0,0.0,0.0,0.0,0.0,0.0,0.0,0.024123913,0.9758761,0.0,0.0
9,9,0.0,0.0,0.0,0.0,0.0,0.0,0.0,0.0,0.024123913,0.9758761,0.0,0.0
9,9,0.0,0.0,0.0,0.0,0.0,0.0,0.0,0.0,0.024123913,0.9758761,0.0,0.0
9,9,0.0,0.0,0.0,0.0,0.0,0.0,0.0,0.0,0.024123913,0.9758761,0.0,0.0
9,9,0.0,0.0,0.0,0.0,0.0,0.0,0.0,0.0,0.024123913,0.9758761,0.0,0.0
9,9,0.0,0.0,0.0,0.0,0.0,0.0,0.0,0.0,0.024123913,0.9758761,0.0,0.0
9,9,0.0,0.0,0.0,0.0,0.0,0.0,0.0,0.0,0.024123913,0.9758761,0.0,0.0
9,9,0.0,0.0,0.0,0.0,0.0,0.0,0.0,0.0,0.024123913,0.9758761,0.0,0.0
9,9,0.0,0.0,0.0,0.0,0.0,0.0,0.0,0.0,0.024123913,0.9758761,0.0,0.0
9,9,0.0,0.0,0.0,0.0,0.0,0.0,0.0,0.0,0.024123913,0.9758761,0.0,0.0
9,9,0.0,0.0,0.0,0.0,0.0,0.0,0.0,0.0,0.024123913,0.9758761,0.0,0.0
9,9,0.0,0.0,0.0,0.0,0.0,0.0,0.0,0.0,0.024123913,0.9758761,0.0,0.0
9,9,0.0,0.0,0.0,0.0,0.0,0.0,0.0,0.0,0.024123913,0.9758761,0.0,0.0
9,9,0.0,0.0,0.0,0.0,0.0,0.0,0.0,0.0,0.024123913,0.9758761,0.0,0.0
9,9,0.0,0.0,0.0,0.0,0.0,0.0,0.0,0.0,0.024123913,0.9758761,0.0,0.0
9,9,0.0,0.0,0.0,0.0,0.0,0.0,0.0,0.0,0.024123913,0.9758761,0.0,0.0
9,9,0.0,0.0,0.0,0.0,0.0,0.0,0.0,0.0,0.024123913,0.9758761,0.0,0.0
9,9,0.0,0.0,0.0,0.0,0.0,0.0,0.0,0.0,0.024123913,0.9758761,0.0,0.0
9,9,0.0,0.0,0.0,0.0,0.0,0.0,0.0,0.0,0.024123913,0.9758761,0.0,0.0
9,9,0.0,0.0,0.0,0.0,0.0,0.0,0.0,0.0,0.024123913,0.9758761,0.0,0.0
9,9,0.0,0.0,0.0,0.0,0.0,0.0,0.0,0.0,0.024123913,0.9758761,0.0,0.0
9,9,0.0,0.0,0.0,0.0,0.0,0.0,0.0,0.0,0.024123913,0.9758761,0.0,0.0
9,9,0.0,0.0,0.0,0.0,0.0,0.0,0.0,0.0,0.024123913,0.9758761,0.0,0.0
9,9,0.0,0.0,0.0,0.0,0.0,0.0,0.0,0.0,0.024123913,0.9758761,0.0,0.0
9,9,0.0,0.0,0.0,0.0,0.0,0.0,0.0,0.0,0.024123913,0.9758761,0.0,0.0
9,9,0.0,0.0,0.0,0.0,0.0,0.0,0.0,0.0,0.024123913,0.9758761,0.0,0.0
9,9,0.0,0.0,0.0,0.0,0.0,0.0,0.0,0.0,0.024123913,0.9758761,0.0,0.0
9,9,0.0,0.0,0.0,0.0,0.0,0.0,0.0,0.0,0.024123913,0.9758761,0.0,0.0
9,9,0.0,0.0,0.0,0.0,0.0,0.0,0.0,0.0,0.024123913,0.9758761,0.0,0.0
9,9,0.0,0.0,0.0,0.0,0.0,0.0,0.0,0.0,0.024123913,0.9758761,0.0,0.0
9,9,0.0,0.0,0.0,0.0,0.0,0.0,0.0,0.0,0.024123913,0.9758761,0.0,0.0
9,9,0.0,0.0,0.0,0.0,0.0,0.0,0.0,0.0,0.024123913,0.9758761,0.0,0.0
9,9,0.0,0.0,0.0,0.0,0.0,0.0,0.0,0.0,0.024123913,0.9758761,0.0,0.0
9,9,0.0,0.0,0.0,0.0,0.0,0.0,0.0,0.0,0.024123913,0.9758761,0.0,0.0
9,9,0.0,0.0,0.0,0.0,0.0,0.0,0.0,0.0,0.024123913,0.9758761,0.0,0.0
9,9,0.0,0.0,0.0,0.0,0.0,0.0,0.0,0.0,0.024123913,0.9758761,0.0,0.0
9,9,0.0,0.0,0.0,0.0,0.0,0.0,0.0,0.0,0.024123913,0.9758761,0.0,0.0
9,9,0.0,0.0,0.0,0.0,0.0,0.0,0.0,0.0,0.024123913,0.9758761,0.0,0.0
9,9,0.0,0.0,0.0,0.0,0.0,0.0,0.0,0.0,0.024123913,0.9758761,0.0,0.0
9,9,0.0,0.0,0.0,0.0,0.0,0.0,0.0,0.0,0.024123913,0.9758761,0.0,0.0
9,9,0.0,0.0,0.0,0.0,0.0,0.0,0.0,0.0,0.024123913,0.9758761,0.0,0.0
9,9,0.0,0.0,0.0,0.0,0.0,0.0,0.0,0.0,0.024123913,0.9758761,0.0,0.0
9,9,0.0,0.0,0.0,0.0,0.0,0.0,0.0,0.0,0.024123913,0.9758761,0.0,0.0
9,9,0.0,0.0,0.0,0.0,0.0,0.0,0.0,0.0,0.024123913,0.9758761,0.0,0.0
9,9,0.0,0.0,0.0,0.0,0.0,0.0,0.0,0.0,0.024123913,0.9758761,0.0,0.0
9,9,0.0,0.0,0.0,0.0,0.0,0.0,0.0,0.0,0.024123913,0.9758761,0.0,0.0
9,9,0.0,0.0,0.0,0.0,0.0,0.0,0.0,0.0,0.024123913,0.9758761,0.0,0.0
9,9,0.0,0.0,0.0,0.0,0.0,0.0,0.0,0.0,0.024123913,0.9758761,0.0,0.0
9,9,0.0,0.0,0.0,0.0,0.0,0.0,0.0,0.0,0.024123913,0.9758761,0.0,0.0
9,9,0.0,0.0,0.0,0.0,0.0,0.0,0.0,0.0,0.024123913,0.9758761,0.0,0.0
9,9,0.0,0.0,0.0,0.0,0.0,0.0,0.0,0.0,0.024123913,0.9758761,0.0,0.0
9,9,0.0,0.0,0.0,0.0,0.0,0.0,0.0,0.0,0.024123913,0.9758761,0.0,0.0
9,9,0.0,0.0,0.0,0.0,0.0,0.0,0.0,0.0,0.024123913,0.9758761,0.0,0.0
9,9,0.0,0.0,0.0,0.0,0.0,0.0,0.0,0.0,0.024123913,0.9758761,0.0,0.0
9,9,0.0,0.0,0.0,0.0,0.0,0.0,0.0,0.0,0.024123913,0.9758761,0.0,0.0
9,9,0.0,0.0,0.0,0.0,0.0,0.0,0.0,0.0,0.024123913,0.9758761,0.0,0.0
9,9,0.0,0.0,0.0,0.0,0.0,0.0,0.0,0.0,0.024123913,0.9758761,0.0,0.0
9,9,0.0,0.0,0.0,0.0,0.0,0.0,0.0,0.0,0.024123913,0.9758761,0.0,0.0
9,9,0.0,0.0,0.0,0.0,0.0,0.0,0.0,0.0,0.024123913,0.9758761,0.0,0.0
9,9,0.0,0.0,0.0,0.0,0.0,0.0,0.0,0.0,0.024123913,0.9758761,0.0,0.0
9,9,0.0,0.0,0.0,0.0,0.0,0.0,0.0,0.0,0.024123913,0.9758761,0.0,0.0
9,9,0.0,0.0,0.0,0.0,0.0,0.0,0.0,0.0,0.024123913,0.9758761,0.0,0.0
9,9,0.0,0.0,0.0,0.0,0.0,0.0,0.0,0.0,0.024123913,0.9758761,0.0,0.0
9,9,0.0,0.0,0.0,0.0,0.0,0.0,0.0,0.0,0.024123913,0.9758761,0.0,0.0
9,9,0.0,0.0,0.0,0.0,0.0,0.0,0.0,0.0,0.024123913,0.9758761,0.0,0.0
9,9,0.0,0.0,0.0,0.0,0.0,0.0,0.0,0.0,0.024123913,0.9758761,0.0,0.0
9,9,0.0,0.0,0.0,0.0,0.0,0.0,0.0,0.0,0.024123913,0.9758761,0.0,0.0
9,9,0.0,0.0,0.0,0.0,0.0,0.0,0.0,0.0,0.024123913,0.9758761,0.0,0.0
9,9,0.0,0.0,0.0,0.0,0.0,0.0,0.0,0.0,0.024123913,0.9758761,0.0,0.0
9,9,0.0,0.0,0.0,0.0,0.0,0.0,0.0,0.0,0.024123913,0.9758761,0.0,0.0
9,9,0.0,0.0,0.0,0.0,0.0,0.0,0.0,0.0,0.024123913,0.9758761,0.0,0.0
9,9,0.0,0.0,0.0,0.0,0.0,0.0,0.0,0.0,0.024123913,0.9758761,0.0,0.0
9,9,0.0,0.0,0.0,0.0,0.0,0.0,0.0,0.0,0.024123913,0.9758761,0.0,0.0
9,9,0.0,0.0,0.0,0.0,0.0,0.0,0.0,0.0,0.024123913,0.9758761,0.0,0.0
9,9,0.0,0.0,0.0,0.0,0.0,0.0,0.0,0.0,0.024123913,0.9758761,0.0,0.0
9,9,0.0,0.0,0.0,0.0,0.0,0.0,0.0,0.0,0.024123913,0.9758761,0.0,0.0
9,9,0.0,0.0,0.0,0.0,0.0,0.0,0.0,0.0,0.024123913,0.9758761,0.0,0.0
9,9,0.0,0.0,0.0,0.0,0.0,0.0,0.0,0.0,0.024123913,0.9758761,0.0,0.0
9,9,0.0,0.0,0.0,0.0,0.0,0.0,0.0,0.0,0.024123913,0.9758761,0.0,0.0
9,9,0.0,0.0,0.0,0.0,0.0,0.0,0.0,0.0,0.024123913,0.9758761,0.0,0.0
9,9,0.0,0.0,0.0,0.0,0.0,0.0,0.0,0.0,0.024123913,0.9758761,0.0,0.0
9,9,0.0,0.0,0.0,0.0,0.0,0.0,0.0,0.0,0.024123913,0.9758761,0.0,0.0
9,9,0.0,0.0,0.0,0.0,0.0,0.0,0.0,0.0,0.024123913,0.9758761,0.0,0.0
9,9,0.0,0.0,0.0,0.0,0.0,0.0,0.0,0.0,0.024123913,0.9758761,0.0,0.0
9,9,0.0,0.0,0.0,0.0,0.0,0.0,0.0,0.0,0.024123913,0.9758761,0.0,0.0
9,9,0.0,0.0,0.0,0.0,0.0,0.0,0.0,0.0,0.024123913,0.9758761,0.0,0.0
9,9,0.0,0.0,0.0,0.0,0.0,0.0,0.0,0.0,0.024123913,0.9758761,0.0,0.0
9,9,0.0,0.0,0.0,0.0,0.0,0.0,0.0,0.0,0.024123913,0.9758761,0.0,0.0
9,9,0.0,0.0,0.0,0.0,0.0,0.0,0.0,0.0,0.024123913,0.9758761,0.0,0.0
9,9,0.0,0.0,0.0,0.0,0.0,0.0,0.0,0.0,0.024123913,0.9758761,0.0,0.0
9,9,0.0,0.0,0.0,0.0,0.0,0.0,0.0,0.0,0.024123913,0.9758761,0.0,0.0
9,9,0.0,0.0,0.0,0.0,0.0,0.0,0.0,0.0,0.024123913,0.9758761,0.0,0.0
9,9,0.0,0.0,0.0,0.0,0.0,0.0,0.0,0.0,0.024123913,0.9758761,0.0,0.0
9,9,0.0,0.0,0.0,0.0,0.0,0.0,0.0,0.0,0.024123913,0.9758761,0.0,0.0
9,9,0.0,0.0,0.0,0.0,0.0,0.0,0.0,0.0,0.024123913,0.9758761,0.0,0.0
9,9,0.0,0.0,0.0,0.0,0.0,0.0,0.0,0.0,0.024123913,0.9758761,0.0,0.0
9,9,0.0,0.0,0.0,0.0,0.0,0.0,0.0,0.0,0.024123913,0.9758761,0.0,0.0
9,9,0.0,0.0,0.0,0.0,0.0,0.0,0.0,0.0,0.024123913,0.9758761,0.0,0.0
9,9,0.0,0.0,0.0,0.0,0.0,0.0,0.0,0.0,0.024123913,0.9758761,0.0,0.0
9,9,0.0,0.0,0.0,0.0,0.0,0.0,0.0,0.0,0.024123913,0.9758761,0.0,0.0
9,9,0.0,0.0,0.0,0.0,0.0,0.0,0.0,0.0,0.024123913,0.9758761,0.0,0.0
9,9,0.0,0.0,0.0,0.0,0.0,0.0,0.0,0.0,0.024123913,0.9758761,0.0,0.0
9,9,0.0,0.0,0.0,0.0,0.0,0.0,0.0,0.0,0.024123913,0.9758761,0.0,0.0
9,9,0.0,0.0,0.0,0.0,0.0,0.0,0.0,0.0,0.024123913,0.9758761,0.0,0.0
9,9,0.0,0.0,0.0,0.0,0.0,0.0,0.0,0.0,0.024123913,0.9758761,0.0,0.0
9,9,0.0,0.0,0.0,0.0,0.0,0.0,0.0,0.0,0.024123913,0.9758761,0.0,0.0
9,9,0.0,0.0,0.0,0.0,0.0,0.0,0.0,0.0,0.024123913,0.9758761,0.0,0.0
9,9,0.0,0.0,0.0,0.0,0.0,0.0,0.0,0.0,0.024123913,0.9758761,0.0,0.0
9,9,0.0,0.0,0.0,0.0,0.0,0.0,0.0,0.0,0.024123913,0.9758761,0.0,0.0
9,9,0.0,0.0,0.0,0.0,0.0,0.0,0.0,0.0,0.024123913,0.9758761,0.0,0.0
9,9,0.0,0.0,0.0,0.0,0.0,0.0,0.0,0.0,0.024123913,0.9758761,0.0,0.0
9,9,0.0,0.0,0.0,0.0,0.0,0.0,0.0,0.0,0.024123913,0.9758761,0.0,0.0
9,9,0.0,0.0,0.0,0.0,0.0,0.0,0.0,0.0,0.024123913,0.9758761,0.0,0.0
9,9,0.0,0.0,0.0,0.0,0.0,0.0,0.0,0.0,0.024123913,0.9758761,0.0,0.0
9,9,0.0,0.0,0.0,0.0,0.0,0.0,0.0,0.0,0.024123913,0.9758761,0.0,0.0
9,9,0.0,0.0,0.0,0.0,0.0,0.0,0.0,0.0,0.024123913,0.9758761,0.0,0.0
9,9,0.0,0.0,0.0,0.0,0.0,0.0,0.0,0.0,0.024123913,0.9758761,0.0,0.0
9,9,0.0,0.0,0.0,0.0,0.0,0.0,0.0,0.0,0.024123913,0.9758761,0.0,0.0
9,9,0.0,0.0,0.0,0.0,0.0,0.0,0.0,0.0,0.024123913,0.9758761,0.0,0.0
9,9,0.0,0.0,0.0,0.0,0.0,0.0,0.0,0.0,0.024123913,0.9758761,0.0,0.0
9,9,0.0,0.0,0.0,0.0,0.0,0.0,0.0,0.0,0.024123913,0.9758761,0.0,0.0
9,9,0.0,0.0,0.0,0.0,0.0,0.0,0.0,0.0,0.024123913,0.9758761,0.0,0.0
9,9,0.0,0.0,0.0,0.0,0.0,0.0,0.0,0.0,0.024123913,0.9758761,0.0,0.0
9,9,0.0,0.0,0.0,0.0,0.0,0.0,0.0,0.0,0.024123913,0.9758761,0.0,0.0
9,9,0.0,0.0,0.0,0.0,0.0,0.0,0.0,0.0,0.024123913,0.9758761,0.0,0.0
9,9,0.0,0.0,0.0,0.0,0.0,0.0,0.0,0.0,0.024123913,0.9758761,0.0,0.0
9,9,0.0,0.0,0.0,0.0,0.0,0.0,0.0,0.0,0.024123913,0.9758761,0.0,0.0
9,9,0.0,0.0,0.0,0.0,0.0,0.0,0.0,0.0,0.024123913,0.9758761,0.0,0.0
9,9,0.0,0.0,0.0,0.0,0.0,0.0,0.0,0.0,0.024123913,0.9758761,0.0,0.0
9,9,0.0,0.0,0.0,0.0,0.0,0.0,0.0,0.0,0.024123913,0.9758761,0.0,0.0
9,9,0.0,0.0,0.0,0.0,0.0,0.0,0.0,0.0,0.024123913,0.9758761,0.0,0.0
9,9,0.0,0.0,0.0,0.0,0.0,0.0,0.0,0.0,0.024123913,0.9758761,0.0,0.0
9,9,0.0,0.0,0.0,0.0,0.0,0.0,0.0,0.0,0.024123913,0.9758761,0.0,0.0
9,9,0.0,0.0,0.0,0.0,0.0,0.0,0.0,0.0,0.024123913,0.9758761,0.0,0.0
9,9,0.0,0.0,0.0,0.0,0.0,0.0,0.0,0.0,0.024123913,0.9758761,0.0,0.0
9,9,0.0,0.0,0.0,0.0,0.0,0.0,0.0,0.0,0.024123913,0.9758761,0.0,0.0
9,9,0.0,0.0,0.0,0.0,0.0,0.0,0.0,0.0,0.024123913,0.9758761,0.0,0.0
9,9,0.0,0.0,0.0,0.0,0.0,0.0,0.0,0.0,0.024123913,0.9758761,0.0,0.0
9,9,0.0,0.0,0.0,0.0,0.0,0.0,0.0,0.0,0.024123913,0.9758761,0.0,0.0
9,9,0.0,0.0,0.0,0.0,0.0,0.0,0.0,0.0,0.024123913,0.9758761,0.0,0.0
9,9,0.0,0.0,0.0,0.0,0.0,0.0,0.0,0.0,0.024123913,0.9758761,0.0,0.0
9,9,0.0,0.0,0.0,0.0,0.0,0.0,0.0,0.0,0.024123913,0.9758761,0.0,0.0
9,9,0.0,0.0,0.0,0.0,0.0,0.0,0.0,0.0,0.024123913,0.9758761,0.0,0.0
9,9,0.0,0.0,0.0,0.0,0.0,0.0,0.0,0.0,0.024123913,0.9758761,0.0,0.0
9,9,0.0,0.0,0.0,0.0,0.0,0.0,0.0,0.0,0.024123913,0.9758761,0.0,0.0
9,9,0.0,0.0,0.0,0.0,0.0,0.0,0.0,0.0,0.024123913,0.9758761,0.0,0.0
9,9,0.0,0.0,0.0,0.0,0.0,0.0,0.0,0.0,0.024123913,0.9758761,0.0,0.0
9,9,0.0,0.0,0.0,0.0,0.0,0.0,0.0,0.0,0.024123913,0.9758761,0.0,0.0
9,9,0.0,0.0,0.0,0.0,0.0,0.0,0.0,0.0,0.024123913,0.9758761,0.0,0.0
9,9,0.0,0.0,0.0,0.0,0.0,0.0,0.0,0.0,0.024123913,0.9758761,0.0,0.0
9,9,0.0,0.0,0.0,0.0,0.0,0.0,0.0,0.0,0.024123913,0.9758761,0.0,0.0
9,9,0.0,0.0,0.0,0.0,0.0,0.0,0.0,0.0,0.024123913,0.9758761,0.0,0.0
9,9,0.0,0.0,0.0,0.0,0.0,0.0,0.0,0.0,0.024123913,0.9758761,0.0,0.0
9,9,0.0,0.0,0.0,0.0,0.0,0.0,0.0,0.0,0.024123913,0.9758761,0.0,0.0
9,9,0.0,0.0,0.0,0.0,0.0,0.0,0.0,0.0,0.024123913,0.9758761,0.0,0.0
9,9,0.0,0.0,0.0,0.0,0.0,0.0,0.0,0.0,0.024123913,0.9758761,0.0,0.0
9,9,0.0,0.0,0.0,0.0,0.0,0.0,0.0,0.0,0.024123913,0.9758761,0.0,0.0
9,9,0.0,0.0,0.0,0.0,0.0,0.0,0.0,0.0,0.024123913,0.9758761,0.0,0.0
9,9,0.0,0.0,0.0,0.0,0.0,0.0,0.0,0.0,0.024123913,0.9758761,0.0,0.0
9,9,0.0,0.0,0.0,0.0,0.0,0.0,0.0,0.0,0.024123913,0.9758761,0.0,0.0
9,9,0.0,0.0,0.0,0.0,0.0,0.0,0.0,0.0,0.024123913,0.9758761,0.0,0.0
9,9,0.0,0.0,0.0,0.0,0.0,0.0,0.0,0.0,0.024123913,0.9758761,0.0,0.0
9,9,0.0,0.0,0.0,0.0,0.0,0.0,0.0,0.0,0.024123913,0.9758761,0.0,0.0
9,9,0.0,0.0,0.0,0.0,0.0,0.0,0.0,0.0,0.024123913,0.9758761,0.0,0.0
9,9,0.0,0.0,0.0,0.0,0.0,0.0,0.0,0.0,0.024123913,0.9758761,0.0,0.0
9,9,0.0,0.0,0.0,0.0,0.0,0.0,0.0,0.0,0.024123913,0.9758761,0.0,0.0
9,9,0.0,0.0,0.0,0.0,0.0,0.0,0.0,0.0,0.024123913,0.9758761,0.0,0.0
9,9,0.0,0.0,0.0,0.0,0.0,0.0,0.0,0.0,0.024123913,0.9758761,0.0,0.0
9,9,0.0,0.0,0.0,0.0,0.0,0.0,0.0,0.0,0.024123913,0.9758761,0.0,0.0
9,9,0.0,0.0,0.0,0.0,0.0,0.0,0.0,0.0,0.024123913,0.9758761,0.0,0.0
9,9,0.0,0.0,0.0,0.0,0.0,0.0,0.0,0.0,0.024123913,0.9758761,0.0,0.0
9,9,0.0,0.0,0.0,0.0,0.0,0.0,0.0,0.0,0.024123913,0.9758761,0.0,0.0
9,9,0.0,0.0,0.0,0.0,0.0,0.0,0.0,0.0,0.024123913,0.9758761,0.0,0.0
9,9,0.0,0.0,0.0,0.0,0.0,0.0,0.0,0.0,0.024123913,0.9758761,0.0,0.0
9,9,0.0,0.0,0.0,0.0,0.0,0.0,0.0,0.0,0.024123913,0.9758761,0.0,0.0
9,9,0.0,0.0,0.0,0.0,0.0,0.0,0.0,0.0,0.024123913,0.9758761,0.0,0.0
9,9,0.0,0.0,0.0,0.0,0.0,0.0,0.0,0.0,0.024123913,0.9758761,0.0,0.0
9,9,0.0,0.0,0.0,0.0,0.0,0.0,0.0,0.0,0.024123913,0.9758761,0.0,0.0
9,9,0.0,0.0,0.0,0.0,0.0,0.0,0.0,0.0,0.024123913,0.9758761,0.0,0.0
9,9,0.0,0.0,0.0,0.0,0.0,0.0,0.0,0.0,0.024123913,0.9758761,0.0,0.0
9,9,0.0,0.0,0.0,0.0,0.0,0.0,0.0,0.0,0.024123913,0.9758761,0.0,0.0
9,9,0.0,0.0,0.0,0.0,0.0,0.0,0.0,0.0,0.024123913,0.9758761,0.0,0.0
9,9,0.0,0.0,0.0,0.0,0.0,0.0,0.0,0.0,0.024123913,0.9758761,0.0,0.0
9,9,0.0,0.0,0.0,0.0,0.0,0.0,0.0,0.0,0.024123913,0.9758761,0.0,0.0
9,9,0.0,0.0,0.0,0.0,0.0,0.0,0.0,0.0,0.024123913,0.9758761,0.0,0.0
9,9,0.0,0.0,0.0,0.0,0.0,0.0,0.0,0.0,0.024123913,0.9758761,0.0,0.0
9,9,0.0,0.0,0.0,0.0,0.0,0.0,0.0,0.0,0.024123913,0.9758761,0.0,0.0
9,9,0.0,0.0,0.0,0.0,0.0,0.0,0.0,0.0,0.024123913,0.9758761,0.0,0.0
9,9,0.0,0.0,0.0,0.0,0.0,0.0,0.0,0.0,0.024123913,0.9758761,0.0,0.0
9,9,0.0,0.0,0.0,0.0,0.0,0.0,0.0,0.0,0.024123913,0.9758761,0.0,0.0
9,9,0.0,0.0,0.0,0.0,0.0,0.0,0.0,0.0,0.024123913,0.9758761,0.0,0.0
9,9,0.0,0.0,0.0,0.0,0.0,0.0,0.0,0.0,0.024123913,0.9758761,0.0,0.0
9,9,0.0,0.0,0.0,0.0,0.0,0.0,0.0,0.0,0.024123913,0.9758761,0.0,0.0
9,9,0.0,0.0,0.0,0.0,0.0,0.0,0.0,0.0,0.024123913,0.9758761,0.0,0.0
9,9,0.0,0.0,0.0,0.0,0.0,0.0,0.0,0.0,0.024123913,0.9758761,0.0,0.0
9,9,0.0,0.0,0.0,0.0,0.0,0.0,0.0,0.0,0.024123913,0.9758761,0.0,0.0
9,9,0.0,0.0,0.0,0.0,0.0,0.0,0.0,0.0,0.024123913,0.9758761,0.0,0.0
9,9,0.0,0.0,0.0,0.0,0.0,0.0,0.0,0.0,0.024123913,0.9758761,0.0,0.0
9,9,0.0,0.0,0.0,0.0,0.0,0.0,0.0,0.0,0.024123913,0.9758761,0.0,0.0
9,9,0.0,0.0,0.0,0.0,0.0,0.0,0.0,0.0,0.024123913,0.9758761,0.0,0.0
9,9,0.0,0.0,0.0,0.0,0.0,0.0,0.0,0.0,0.024123913,0.9758761,0.0,0.0
9,9,0.0,0.0,0.0,0.0,0.0,0.0,0.0,0.0,0.024123913,0.9758761,0.0,0.0
9,9,0.0,0.0,0.0,0.0,0.0,0.0,0.0,0.0,0.024123913,0.9758761,0.0,0.0
9,9,0.0,0.0,0.0,0.0,0.0,0.0,0.0,0.0,0.024123913,0.9758761,0.0,0.0
9,9,0.0,0.0,0.0,0.0,0.0,0.0,0.0,0.0,0.024123913,0.9758761,0.0,0.0
9,9,0.0,0.0,0.0,0.0,0.0,0.0,0.0,0.0,0.024123913,0.9758761,0.0,0.0
9,9,0.0,0.0,0.0,0.0,0.0,0.0,0.0,0.0,0.024123913,0.9758761,0.0,0.0
9,9,0.0,0.0,0.0,0.0,0.0,0.0,0.0,0.0,0.024123913,0.9758761,0.0,0.0
9,9,0.0,0.0,0.0,0.0,0.0,0.0,0.0,0.0,0.024123913,0.9758761,0.0,0.0
9,9,0.0,0.0,0.0,0.0,0.0,0.0,0.0,0.0,0.024123913,0.9758761,0.0,0.0
9,9,0.0,0.0,0.0,0.0,0.0,0.0,0.0,0.0,0.024123913,0.9758761,0.0,0.0
9,9,0.0,0.0,0.0,0.0,0.0,0.0,0.0,0.0,0.024123913,0.9758761,0.0,0.0
9,9,0.0,0.0,0.0,0.0,0.0,0.0,0.0,0.0,0.024123913,0.9758761,0.0,0.0
9,9,0.0,0.0,0.0,0.0,0.0,0.0,0.0,0.0,0.024123913,0.9758761,0.0,0.0
9,9,0.0,0.0,0.0,0.0,0.0,0.0,0.0,0.0,0.024123913,0.9758761,0.0,0.0
9,9,0.0,0.0,0.0,0.0,0.0,0.0,0.0,0.0,0.024123913,0.9758761,0.0,0.0
9,9,0.0,0.0,0.0,0.0,0.0,0.0,0.0,0.0,0.024123913,0.9758761,0.0,0.0
9,9,0.0,0.0,0.0,0.0,0.0,0.0,0.0,0.0,0.024123913,0.9758761,0.0,0.0
9,9,0.0,0.0,0.0,0.0,0.0,0.0,0.0,0.0,0.024123913,0.9758761,0.0,0.0
9,9,0.0,0.0,0.0,0.0,0.0,0.0,0.0,0.0,0.024123913,0.9758761,0.0,0.0
9,9,0.0,0.0,0.0,0.0,0.0,0.0,0.0,0.0,0.024123913,0.9758761,0.0,0.0
9,9,0.0,0.0,0.0,0.0,0.0,0.0,0.0,0.0,0.024123913,0.9758761,0.0,0.0
9,9,0.0,0.0,0.0,0.0,0.0,0.0,0.0,0.0,0.024123913,0.9758761,0.0,0.0
9,9,0.0,0.0,0.0,0.0,0.0,0.0,0.0,0.0,0.024123913,0.9758761,0.0,0.0
9,9,0.0,0.0,0.0,0.0,0.0,0.0,0.0,0.0,0.024123913,0.9758761,0.0,0.0
9,9,0.0,0.0,0.0,0.0,0.0,0.0,0.0,0.0,0.024123913,0.9758761,0.0,0.0
9,9,0.0,0.0,0.0,0.0,0.0,0.0,0.0,0.0,0.024123913,0.9758761,0.0,0.0
9,9,0.0,0.0,0.0,0.0,0.0,0.0,0.0,0.0,0.024123913,0.9758761,0.0,0.0
9,9,0.0,0.0,0.0,0.0,0.0,0.0,0.0,0.0,0.024123913,0.9758761,0.0,0.0
9,9,0.0,0.0,0.0,0.0,0.0,0.0,0.0,0.0,0.024123913,0.9758761,0.0,0.0
9,9,0.0,0.0,0.0,0.0,0.0,0.0,0.0,0.0,0.024123913,0.9758761,0.0,0.0
9,9,0.0,0.0,0.0,0.0,0.0,0.0,0.0,0.0,0.024123913,0.9758761,0.0,0.0
9,9,0.0,0.0,0.0,0.0,0.0,0.0,0.0,0.0,0.024123913,0.9758761,0.0,0.0
9,9,0.0,0.0,0.0,0.0,0.0,0.0,0.0,0.0,0.024123913,0.9758761,0.0,0.0
9,9,0.0,0.0,0.0,0.0,0.0,0.0,0.0,0.0,0.024123913,0.9758761,0.0,0.0
9,9,0.0,0.0,0.0,0.0,0.0,0.0,0.0,0.0,0.024123913,0.9758761,0.0,0.0
9,9,0.0,0.0,0.0,0.0,0.0,0.0,0.0,0.0,0.024123913,0.9758761,0.0,0.0
9,9,0.0,0.0,0.0,0.0,0.0,0.0,0.0,0.0,0.024123913,0.9758761,0.0,0.0
9,9,0.0,0.0,0.0,0.0,0.0,0.0,0.0,0.0,0.024123913,0.9758761,0.0,0.0
9,9,0.0,0.0,0.0,0.0,0.0,0.0,0.0,0.0,0.024123913,0.9758761,0.0,0.0
9,9,0.0,0.0,0.0,0.0,0.0,0.0,0.0,0.0,0.024123913,0.9758761,0.0,0.0
9,9,0.0,0.0,0.0,0.0,0.0,0.0,0.0,0.0,0.024123913,0.9758761,0.0,0.0
9,9,0.0,0.0,0.0,0.0,0.0,0.0,0.0,0.0,0.024123913,0.9758761,0.0,0.0
9,9,0.0,0.0,0.0,0.0,0.0,0.0,0.0,0.0,0.024123913,0.9758761,0.0,0.0
9,9,0.0,0.0,0.0,0.0,0.0,0.0,0.0,0.0,0.024123913,0.9758761,0.0,0.0
9,9,0.0,0.0,0.0,0.0,0.0,0.0,0.0,0.0,0.024123913,0.9758761,0.0,0.0
9,9,0.0,0.0,0.0,0.0,0.0,0.0,0.0,0.0,0.024123913,0.9758761,0.0,0.0
9,9,0.0,0.0,0.0,0.0,0.0,0.0,0.0,0.0,0.024123913,0.9758761,0.0,0.0
9,9,0.0,0.0,0.0,0.0,0.0,0.0,0.0,0.0,0.024123913,0.9758761,0.0,0.0
9,9,0.0,0.0,0.0,0.0,0.0,0.0,0.0,0.0,0.024123913,0.9758761,0.0,0.0
9,9,0.0,0.0,0.0,0.0,0.0,0.0,0.0,0.0,0.024123913,0.9758761,0.0,0.0
9,9,0.0,0.0,0.0,0.0,0.0,0.0,0.0,0.0,0.024123913,0.9758761,0.0,0.0
9,9,0.0,0.0,0.0,0.0,0.0,0.0,0.0,0.0,0.024123913,0.9758761,0.0,0.0
9,9,0.0,0.0,0.0,0.0,0.0,0.0,0.0,0.0,0.024123913,0.9758761,0.0,0.0
9,9,0.0,0.0,0.0,0.0,0.0,0.0,0.0,0.0,0.024123913,0.9758761,0.0,0.0
9,9,0.0,0.0,0.0,0.0,0.0,0.0,0.0,0.0,0.024123913,0.9758761,0.0,0.0
9,9,0.0,0.0,0.0,0.0,0.0,0.0,0.0,0.0,0.024123913,0.9758761,0.0,0.0
9,9,0.0,0.0,0.0,0.0,0.0,0.0,0.0,0.0,0.024123913,0.9758761,0.0,0.0
9,9,0.0,0.0,0.0,0.0,0.0,0.0,0.0,0.0,0.024123913,0.9758761,0.0,0.0
9,9,0.0,0.0,0.0,0.0,0.0,0.0,0.0,0.0,0.024123913,0.9758761,0.0,0.0
9,9,0.0,0.0,0.0,0.0,0.0,0.0,0.0,0.0,0.024123913,0.9758761,0.0,0.0
9,9,0.0,0.0,0.0,0.0,0.0,0.0,0.0,0.0,0.024123913,0.9758761,0.0,0.0
9,9,0.0,0.0,0.0,0.0,0.0,0.0,0.0,0.0,0.024123913,0.9758761,0.0,0.0
9,9,0.0,0.0,0.0,0.0,0.0,0.0,0.0,0.0,0.024123913,0.9758761,0.0,0.0
9,9,0.0,0.0,0.0,0.0,0.0,0.0,0.0,0.0,0.024123913,0.9758761,0.0,0.0
9,9,0.0,0.0,0.0,0.0,0.0,0.0,0.0,0.0,0.024123913,0.9758761,0.0,0.0
9,9,0.0,0.0,0.0,0.0,0.0,0.0,0.0,0.0,0.024123913,0.9758761,0.0,0.0
9,9,0.0,0.0,0.0,0.0,0.0,0.0,0.0,0.0,0.024123913,0.9758761,0.0,0.0
9,9,0.0,0.0,0.0,0.0,0.0,0.0,0.0,0.0,0.024123913,0.9758761,0.0,0.0
9,9,0.0,0.0,0.0,0.0,0.0,0.0,0.0,0.0,0.024123913,0.9758761,0.0,0.0
9,9,0.0,0.0,0.0,0.0,0.0,0.0,0.0,0.0,0.024123913,0.9758761,0.0,0.0
9,9,0.0,0.0,0.0,0.0,0.0,0.0,0.0,0.0,0.024123913,0.9758761,0.0,0.0
9,9,0.0,0.0,0.0,0.0,0.0,0.0,0.0,0.0,0.024123913,0.9758761,0.0,0.0
9,9,0.0,0.0,0.0,0.0,0.0,0.0,0.0,0.0,0.024123913,0.9758761,0.0,0.0
9,9,0.0,0.0,0.0,0.0,0.0,0.0,0.0,0.0,0.024123913,0.9758761,0.0,0.0
9,9,0.0,0.0,0.0,0.0,0.0,0.0,0.0,0.0,0.024123913,0.9758761,0.0,0.0
9,9,0.0,0.0,0.0,0.0,0.0,0.0,0.0,0.0,0.024123913,0.9758761,0.0,0.0
9,9,0.0,0.0,0.0,0.0,0.0,0.0,0.0,0.0,0.024123913,0.9758761,0.0,0.0
9,9,0.0,0.0,0.0,0.0,0.0,0.0,0.0,0.0,0.024123913,0.9758761,0.0,0.0
9,9,0.0,0.0,0.0,0.0,0.0,0.0,0.0,0.0,0.024123913,0.9758761,0.0,0.0
9,9,0.0,0.0,0.0,0.0,0.0,0.0,0.0,0.0,0.024123913,0.9758761,0.0,0.0
9,9,0.0,0.0,0.0,0.0,0.0,0.0,0.0,0.0,0.024123913,0.9758761,0.0,0.0
9,9,0.0,0.0,0.0,0.0,0.0,0.0,0.0,0.0,0.024123913,0.9758761,0.0,0.0
9,9,0.0,0.0,0.0,0.0,0.0,0.0,0.0,0.0,0.024123913,0.9758761,0.0,0.0
9,9,0.0,0.0,0.0,0.0,0.0,0.0,0.0,0.0,0.024123913,0.9758761,0.0,0.0
9,9,0.0,0.0,0.0,0.0,0.0,0.0,0.0,0.0,0.024123913,0.9758761,0.0,0.0
9,9,0.0,0.0,0.0,0.0,0.0,0.0,0.0,0.0,0.024123913,0.9758761,0.0,0.0
9,9,0.0,0.0,0.0,0.0,0.0,0.0,0.0,0.0,0.024123913,0.9758761,0.0,0.0
9,9,0.0,0.0,0.0,0.0,0.0,0.0,0.0,0.0,0.024123913,0.9758761,0.0,0.0
9,9,0.0,0.0,0.0,0.0,0.0,0.0,0.0,0.0,0.024123913,0.9758761,0.0,0.0
9,9,0.0,0.0,0.0,0.0,0.0,0.0,0.0,0.0,0.024123913,0.9758761,0.0,0.0
9,9,0.0,0.0,0.0,0.0,0.0,0.0,0.0,0.0,0.024123913,0.9758761,0.0,0.0
9,9,0.0,0.0,0.0,0.0,0.0,0.0,0.0,0.0,0.024123913,0.9758761,0.0,0.0
9,9,0.0,0.0,0.0,0.0,0.0,0.0,0.0,0.0,0.024123913,0.9758761,0.0,0.0
9,9,0.0,0.0,0.0,0.0,0.0,0.0,0.0,0.0,0.024123913,0.9758761,0.0,0.0
9,9,0.0,0.0,0.0,0.0,0.0,0.0,0.0,0.0,0.024123913,0.9758761,0.0,0.0
9,9,0.0,0.0,0.0,0.0,0.0,0.0,0.0,0.0,0.024123913,0.9758761,0.0,0.0
9,9,0.0,0.0,0.0,0.0,0.0,0.0,0.0,0.0,0.024123913,0.9758761,0.0,0.0
9,9,0.0,0.0,0.0,0.0,0.0,0.0,0.0,0.0,0.024123913,0.9758761,0.0,0.0
9,9,0.0,0.0,0.0,0.0,0.0,0.0,0.0,0.0,0.024123913,0.9758761,0.0,0.0
9,9,0.0,0.0,0.0,0.0,0.0,0.0,0.0,0.0,0.024123913,0.9758761,0.0,0.0
9,9,0.0,0.0,0.0,0.0,0.0,0.0,0.0,0.0,0.024123913,0.9758761,0.0,0.0
9,9,0.0,0.0,0.0,0.0,0.0,0.0,0.0,0.0,0.024123913,0.9758761,0.0,0.0
9,9,0.0,0.0,0.0,0.0,0.0,0.0,0.0,0.0,0.024123913,0.9758761,0.0,0.0
9,9,0.0,0.0,0.0,0.0,0.0,0.0,0.0,0.0,0.024123913,0.9758761,0.0,0.0
9,9,0.0,0.0,0.0,0.0,0.0,0.0,0.0,0.0,0.024123913,0.9758761,0.0,0.0
9,9,0.0,0.0,0.0,0.0,0.0,0.0,0.0,0.0,0.024123913,0.9758761,0.0,0.0
9,9,0.0,0.0,0.0,0.0,0.0,0.0,0.0,0.0,0.024123913,0.9758761,0.0,0.0
9,9,0.0,0.0,0.0,0.0,0.0,0.0,0.0,0.0,0.024123913,0.9758761,0.0,0.0
9,9,0.0,0.0,0.0,0.0,0.0,0.0,0.0,0.0,0.024123913,0.9758761,0.0,0.0
9,9,0.0,0.0,0.0,0.0,0.0,0.0,0.0,0.0,0.024123913,0.9758761,0.0,0.0
9,9,0.0,0.0,0.0,0.0,0.0,0.0,0.0,0.0,0.024123913,0.9758761,0.0,0.0
9,9,0.0,0.0,0.0,0.0,0.0,0.0,0.0,0.0,0.024123913,0.9758761,0.0,0.0
9,9,0.0,0.0,0.0,0.0,0.0,0.0,0.0,0.0,0.024123913,0.9758761,0.0,0.0
9,9,0.0,0.0,0.0,0.0,0.0,0.0,0.0,0.0,0.024123913,0.9758761,0.0,0.0
9,9,0.0,0.0,0.0,0.0,0.0,0.0,0.0,0.0,0.024123913,0.9758761,0.0,0.0
9,9,0.0,0.0,0.0,0.0,0.0,0.0,0.0,0.0,0.024123913,0.9758761,0.0,0.0
9,9,0.0,0.0,0.0,0.0,0.0,0.0,0.0,0.0,0.024123913,0.9758761,0.0,0.0
9,9,0.0,0.0,0.0,0.0,0.0,0.0,0.0,0.0,0.024123913,0.9758761,0.0,0.0
9,9,0.0,0.0,0.0,0.0,0.0,0.0,0.0,0.0,0.024123913,0.9758761,0.0,0.0
9,9,0.0,0.0,0.0,0.0,0.0,0.0,0.0,0.0,0.024123913,0.9758761,0.0,0.0
9,9,0.0,0.0,0.0,0.0,0.0,0.0,0.0,0.0,0.024123913,0.9758761,0.0,0.0
9,9,0.0,0.0,0.0,0.0,0.0,0.0,0.0,0.0,0.024123913,0.9758761,0.0,0.0
9,9,0.0,0.0,0.0,0.0,0.0,0.0,0.0,0.0,0.024123913,0.9758761,0.0,0.0
9,9,0.0,0.0,0.0,0.0,0.0,0.0,0.0,0.0,0.024123913,0.9758761,0.0,0.0
9,9,0.0,0.0,0.0,0.0,0.0,0.0,0.0,0.0,0.024123913,0.9758761,0.0,0.0
9,9,0.0,0.0,0.0,0.0,0.0,0.0,0.0,0.0,0.024123913,0.9758761,0.0,0.0
9,9,0.0,0.0,0.0,0.0,0.0,0.0,0.0,0.0,0.024123913,0.9758761,0.0,0.0
9,9,0.0,0.0,0.0,0.0,0.0,0.0,0.0,0.0,0.024123913,0.9758761,0.0,0.0
9,9,0.0,0.0,0.0,0.0,0.0,0.0,0.0,0.0,0.024123913,0.9758761,0.0,0.0
9,9,0.0,0.0,0.0,0.0,0.0,0.0,0.0,0.0,0.024123913,0.9758761,0.0,0.0
9,9,0.0,0.0,0.0,0.0,0.0,0.0,0.0,0.0,0.024123913,0.9758761,0.0,0.0
9,9,0.0,0.0,0.0,0.0,0.0,0.0,0.0,0.0,0.024123913,0.9758761,0.0,0.0
9,9,0.0,0.0,0.0,0.0,0.0,0.0,0.0,0.0,0.024123913,0.9758761,0.0,0.0
9,9,0.0,0.0,0.0,0.0,0.0,0.0,0.0,0.0,0.024123913,0.9758761,0.0,0.0
9,9,0.0,0.0,0.0,0.0,0.0,0.0,0.0,0.0,0.024123913,0.9758761,0.0,0.0
9,9,0.0,0.0,0.0,0.0,0.0,0.0,0.0,0.0,0.024123913,0.9758761,0.0,0.0
9,9,0.0,0.0,0.0,0.0,0.0,0.0,0.0,0.0,0.024123913,0.9758761,0.0,0.0
9,9,0.0,0.0,0.0,0.0,0.0,0.0,0.0,0.0,0.024123913,0.9758761,0.0,0.0
9,9,0.0,0.0,0.0,0.0,0.0,0.0,0.0,0.0,0.024123913,0.9758761,0.0,0.0
9,9,0.0,0.0,0.0,0.0,0.0,0.0,0.0,0.0,0.024123913,0.9758761,0.0,0.0
9,9,0.0,0.0,0.0,0.0,0.0,0.0,0.0,0.0,0.024123913,0.9758761,0.0,0.0
9,9,0.0,0.0,0.0,0.0,0.0,0.0,0.0,0.0,0.024123913,0.9758761,0.0,0.0
9,9,0.0,0.0,0.0,0.0,0.0,0.0,0.0,0.0,0.024123913,0.9758761,0.0,0.0
9,9,0.0,0.0,0.0,0.0,0.0,0.0,0.0,0.0,0.024123913,0.9758761,0.0,0.0
9,9,0.0,0.0,0.0,0.0,0.0,0.0,0.0,0.0,0.024123913,0.9758761,0.0,0.0
9,9,0.0,0.0,0.0,0.0,0.0,0.0,0.0,0.0,0.024123913,0.9758761,0.0,0.0
9,9,0.0,0.0,0.0,0.0,0.0,0.0,0.0,0.0,0.024123913,0.9758761,0.0,0.0
9,9,0.0,0.0,0.0,0.0,0.0,0.0,0.0,0.0,0.024123913,0.9758761,0.0,0.0
9,9,0.0,0.0,0.0,0.0,0.0,0.0,0.0,0.0,0.024123913,0.9758761,0.0,0.0
9,9,0.0,0.0,0.0,0.0,0.0,0.0,0.0,0.0,0.024123913,0.9758761,0.0,0.0
9,9,0.0,0.0,0.0,0.0,0.0,0.0,0.0,0.0,0.024123913,0.9758761,0.0,0.0
9,9,0.0,0.0,0.0,0.0,0.0,0.0,0.0,0.0,0.024123913,0.9758761,0.0,0.0
9,9,0.0,0.0,0.0,0.0,0.0,0.0,0.0,0.0,0.024123913,0.9758761,0.0,0.0
9,9,0.0,0.0,0.0,0.0,0.0,0.0,0.0,0.0,0.024123913,0.9758761,0.0,0.0
9,9,0.0,0.0,0.0,0.0,0.0,0.0,0.0,0.0,0.024123913,0.9758761,0.0,0.0
9,9,0.0,0.0,0.0,0.0,0.0,0.0,0.0,0.0,0.024123913,0.9758761,0.0,0.0
9,9,0.0,0.0,0.0,0.0,0.0,0.0,0.0,0.0,0.024123913,0.9758761,0.0,0.0
9,9,0.0,0.0,0.0,0.0,0.0,0.0,0.0,0.0,0.024123913,0.9758761,0.0,0.0
9,9,0.0,0.0,0.0,0.0,0.0,0.0,0.0,0.0,0.024123913,0.9758761,0.0,0.0
9,9,0.0,0.0,0.0,0.0,0.0,0.0,0.0,0.0,0.024123913,0.9758761,0.0,0.0
9,9,0.0,0.0,0.0,0.0,0.0,0.0,0.0,0.0,0.024123913,0.9758761,0.0,0.0
9,9,0.0,0.0,0.0,0.0,0.0,0.0,0.0,0.0,0.024123913,0.9758761,0.0,0.0
9,9,0.0,0.0,0.0,0.0,0.0,0.0,0.0,0.0,0.024123913,0.9758761,0.0,0.0
9,9,0.0,0.0,0.0,0.0,0.0,0.0,0.0,0.0,0.024123913,0.9758761,0.0,0.0
9,9,0.0,0.0,0.0,0.0,0.0,0.0,0.0,0.0,0.024123913,0.9758761,0.0,0.0
9,9,0.0,0.0,0.0,0.0,0.0,0.0,0.0,0.0,0.024123913,0.9758761,0.0,0.0
9,9,0.0,0.0,0.0,0.0,0.0,0.0,0.0,0.0,0.024123913,0.9758761,0.0,0.0
9,9,0.0,0.0,0.0,0.0,0.0,0.0,0.0,0.0,0.024123913,0.9758761,0.0,0.0
9,9,0.0,0.0,0.0,0.0,0.0,0.0,0.0,0.0,0.024123913,0.9758761,0.0,0.0
9,9,0.0,0.0,0.0,0.0,0.0,0.0,0.0,0.0,0.024123913,0.9758761,0.0,0.0
9,9,0.0,0.0,0.0,0.0,0.0,0.0,0.0,0.0,0.024123913,0.9758761,0.0,0.0
9,9,0.0,0.0,0.0,0.0,0.0,0.0,0.0,0.0,0.024123913,0.9758761,0.0,0.0
9,9,0.0,0.0,0.0,0.0,0.0,0.0,0.0,0.0,0.024123913,0.9758761,0.0,0.0
9,9,0.0,0.0,0.0,0.0,0.0,0.0,0.0,0.0,0.024123913,0.9758761,0.0,0.0
9,9,0.0,0.0,0.0,0.0,0.0,0.0,0.0,0.0,0.024123913,0.9758761,0.0,0.0
9,9,0.0,0.0,0.0,0.0,0.0,0.0,0.0,0.0,0.024123913,0.9758761,0.0,0.0
9,9,0.0,0.0,0.0,0.0,0.0,0.0,0.0,0.0,0.024123913,0.9758761,0.0,0.0
9,9,0.0,0.0,0.0,0.0,0.0,0.0,0.0,0.0,0.024123913,0.9758761,0.0,0.0
9,9,0.0,0.0,0.0,0.0,0.0,0.0,0.0,0.0,0.024123913,0.9758761,0.0,0.0
9,9,0.0,0.0,0.0,0.0,0.0,0.0,0.0,0.0,0.024123913,0.9758761,0.0,0.0
9,9,0.0,0.0,0.0,0.0,0.0,0.0,0.0,0.0,0.024123913,0.9758761,0.0,0.0
9,9,0.0,0.0,0.0,0.0,0.0,0.0,0.0,0.0,0.024123913,0.9758761,0.0,0.0
9,9,0.0,0.0,0.0,0.0,0.0,0.0,0.0,0.0,0.024123913,0.9758761,0.0,0.0
9,9,0.0,0.0,0.0,0.0,0.0,0.0,0.0,0.0,0.024123913,0.9758761,0.0,0.0
9,9,0.0,0.0,0.0,0.0,0.0,0.0,0.0,0.0,0.024123913,0.9758761,0.0,0.0
9,9,0.0,0.0,0.0,0.0,0.0,0.0,0.0,0.0,0.024123913,0.9758761,0.0,0.0
9,9,0.0,0.0,0.0,0.0,0.0,0.0,0.0,0.0,0.024123913,0.9758761,0.0,0.0
9,9,0.0,0.0,0.0,0.0,0.0,0.0,0.0,0.0,0.024123913,0.9758761,0.0,0.0
9,9,0.0,0.0,0.0,0.0,0.0,0.0,0.0,0.0,0.024123913,0.9758761,0.0,0.0
9,9,0.0,0.0,0.0,0.0,0.0,0.0,0.0,0.0,0.024123913,0.9758761,0.0,0.0
9,9,0.0,0.0,0.0,0.0,0.0,0.0,0.0,0.0,0.024123913,0.9758761,0.0,0.0
9,9,0.0,0.0,0.0,0.0,0.0,0.0,0.0,0.0,0.024123913,0.9758761,0.0,0.0
9,9,0.0,0.0,0.0,0.0,0.0,0.0,0.0,0.0,0.024123913,0.9758761,0.0,0.0
9,9,0.0,0.0,0.0,0.0,0.0,0.0,0.0,0.0,0.024123913,0.9758761,0.0,0.0
9,9,0.0,0.0,0.0,0.0,0.0,0.0,0.0,0.0,0.024123913,0.9758761,0.0,0.0
9,9,0.0,0.0,0.0,0.0,0.0,0.0,0.0,0.0,0.024123913,0.9758761,0.0,0.0
9,9,0.0,0.0,0.0,0.0,0.0,0.0,0.0,0.0,0.024123913,0.9758761,0.0,0.0
9,9,0.0,0.0,0.0,0.0,0.0,0.0,0.0,0.0,0.024123913,0.9758761,0.0,0.0
9,9,0.0,0.0,0.0,0.0,0.0,0.0,0.0,0.0,0.024123913,0.9758761,0.0,0.0
9,9,0.0,0.0,0.0,0.0,0.0,0.0,0.0,0.0,0.024123913,0.9758761,0.0,0.0
9,9,0.0,0.0,0.0,0.0,0.0,0.0,0.0,0.0,0.024123913,0.9758761,0.0,0.0
9,9,0.0,0.0,0.0,0.0,0.0,0.0,0.0,0.0,0.024123913,0.9758761,0.0,0.0
9,9,0.0,0.0,0.0,0.0,0.0,0.0,0.0,0.0,0.024123913,0.9758761,0.0,0.0
9,9,0.0,0.0,0.0,0.0,0.0,0.0,0.0,0.0,0.024123913,0.9758761,0.0,0.0
9,9,0.0,0.0,0.0,0.0,0.0,0.0,0.0,0.0,0.024123913,0.9758761,0.0,0.0
9,9,0.0,0.0,0.0,0.0,0.0,0.0,0.0,0.0,0.024123913,0.9758761,0.0,0.0
9,9,0.0,0.0,0.0,0.0,0.0,0.0,0.0,0.0,0.024123913,0.9758761,0.0,0.0
9,9,0.0,0.0,0.0,0.0,0.0,0.0,0.0,0.0,0.024123913,0.9758761,0.0,0.0
9,9,0.0,0.0,0.0,0.0,0.0,0.0,0.0,0.0,0.024123913,0.9758761,0.0,0.0
9,9,0.0,0.0,0.0,0.0,0.0,0.0,0.0,0.0,0.024123913,0.9758761,0.0,0.0
9,9,0.0,0.0,0.0,0.0,0.0,0.0,0.0,0.0,0.024123913,0.9758761,0.0,0.0
9,9,0.0,0.0,0.0,0.0,0.0,0.0,0.0,0.0,0.024123913,0.9758761,0.0,0.0
9,9,0.0,0.0,0.0,0.0,0.0,0.0,0.0,0.0,0.024123913,0.9758761,0.0,0.0
9,9,0.0,0.0,0.0,0.0,0.0,0.0,0.0,0.0,0.024123913,0.9758761,0.0,0.0
9,9,0.0,0.0,0.0,0.0,0.0,0.0,0.0,0.0,0.024123913,0.9758761,0.0,0.0
9,9,0.0,0.0,0.0,0.0,0.0,0.0,0.0,0.0,0.024123913,0.9758761,0.0,0.0
9,9,0.0,0.0,0.0,0.0,0.0,0.0,0.0,0.0,0.024123913,0.9758761,0.0,0.0
9,9,0.0,0.0,0.0,0.0,0.0,0.0,0.0,0.0,0.024123913,0.9758761,0.0,0.0
9,9,0.0,0.0,0.0,0.0,0.0,0.0,0.0,0.0,0.024123913,0.9758761,0.0,0.0
9,9,0.0,0.0,0.0,0.0,0.0,0.0,0.0,0.0,0.024123913,0.9758761,0.0,0.0
9,9,0.0,0.0,0.0,0.0,0.0,0.0,0.0,0.0,0.024123913,0.9758761,0.0,0.0
9,9,0.0,0.0,0.0,0.0,0.0,0.0,0.0,0.0,0.024123913,0.9758761,0.0,0.0
9,9,0.0,0.0,0.0,0.0,0.0,0.0,0.0,0.0,0.024123913,0.9758761,0.0,0.0
9,9,0.0,0.0,0.0,0.0,0.0,0.0,0.0,0.0,0.024123913,0.9758761,0.0,0.0
9,9,0.0,0.0,0.0,0.0,0.0,0.0,0.0,0.0,0.024123913,0.9758761,0.0,0.0
9,9,0.0,0.0,0.0,0.0,0.0,0.0,0.0,0.0,0.024123913,0.9758761,0.0,0.0
9,9,0.0,0.0,0.0,0.0,0.0,0.0,0.0,0.0,0.024123913,0.9758761,0.0,0.0
9,9,0.0,0.0,0.0,0.0,0.0,0.0,0.0,0.0,0.024123913,0.9758761,0.0,0.0
9,9,0.0,0.0,0.0,0.0,0.0,0.0,0.0,0.0,0.024123913,0.9758761,0.0,0.0
9,9,0.0,0.0,0.0,0.0,0.0,0.0,0.0,0.0,0.024123913,0.9758761,0.0,0.0
9,9,0.0,0.0,0.0,0.0,0.0,0.0,0.0,0.0,0.024123913,0.9758761,0.0,0.0
9,9,0.0,0.0,0.0,0.0,0.0,0.0,0.0,0.0,0.024123913,0.9758761,0.0,0.0
9,9,0.0,0.0,0.0,0.0,0.0,0.0,0.0,0.0,0.024123913,0.9758761,0.0,0.0
9,9,0.0,0.0,0.0,0.0,0.0,0.0,0.0,0.0,0.024123913,0.9758761,0.0,0.0
9,9,0.0,0.0,0.0,0.0,0.0,0.0,0.0,0.0,0.024123913,0.9758761,0.0,0.0
9,9,0.0,0.0,0.0,0.0,0.0,0.0,0.0,0.0,0.024123913,0.9758761,0.0,0.0
9,9,0.0,0.0,0.0,0.0,0.0,0.0,0.0,0.0,0.024123913,0.9758761,0.0,0.0
9,9,0.0,0.0,0.0,0.0,0.0,0.0,0.0,0.0,0.024123913,0.9758761,0.0,0.0
9,9,0.0,0.0,0.0,0.0,0.0,0.0,0.0,0.0,0.024123913,0.9758761,0.0,0.0
9,9,0.0,0.0,0.0,0.0,0.0,0.0,0.0,0.0,0.024123913,0.9758761,0.0,0.0
9,9,0.0,0.0,0.0,0.0,0.0,0.0,0.0,0.0,0.024123913,0.9758761,0.0,0.0
9,9,0.0,0.0,0.0,0.0,0.0,0.0,0.0,0.0,0.024123913,0.9758761,0.0,0.0
9,9,0.0,0.0,0.0,0.0,0.0,0.0,0.0,0.0,0.024123913,0.9758761,0.0,0.0
9,9,0.0,0.0,0.0,0.0,0.0,0.0,0.0,0.0,0.024123913,0.9758761,0.0,0.0
9,9,0.0,0.0,0.0,0.0,0.0,0.0,0.0,0.0,0.024123913,0.9758761,0.0,0.0
9,9,0.0,0.0,0.0,0.0,0.0,0.0,0.0,0.0,0.024123913,0.9758761,0.0,0.0
9,9,0.0,0.0,0.0,0.0,0.0,0.0,0.0,0.0,0.024123913,0.9758761,0.0,0.0
9,9,0.0,0.0,0.0,0.0,0.0,0.0,0.0,0.0,0.024123913,0.9758761,0.0,0.0
9,9,0.0,0.0,0.0,0.0,0.0,0.0,0.0,0.0,0.024123913,0.9758761,0.0,0.0
9,9,0.0,0.0,0.0,0.0,0.0,0.0,0.0,0.0,0.024123913,0.9758761,0.0,0.0
9,9,0.0,0.0,0.0,0.0,0.0,0.0,0.0,0.0,0.024123913,0.9758761,0.0,0.0
9,9,0.0,0.0,0.0,0.0,0.0,0.0,0.0,0.0,0.024123913,0.9758761,0.0,0.0
9,9,0.0,0.0,0.0,0.0,0.0,0.0,0.0,0.0,0.024123913,0.9758761,0.0,0.0
9,9,0.0,0.0,0.0,0.0,0.0,0.0,0.0,0.0,0.024123913,0.9758761,0.0,0.0
9,9,0.0,0.0,0.0,0.0,0.0,0.0,0.0,0.0,0.024123913,0.9758761,0.0,0.0
9,9,0.0,0.0,0.0,0.0,0.0,0.0,0.0,0.0,0.024123913,0.9758761,0.0,0.0
9,9,0.0,0.0,0.0,0.0,0.0,0.0,0.0,0.0,0.024123913,0.9758761,0.0,0.0
9,9,0.0,0.0,0.0,0.0,0.0,0.0,0.0,0.0,0.024123913,0.9758761,0.0,0.0
9,9,0.0,0.0,0.0,0.0,0.0,0.0,0.0,0.0,0.024123913,0.9758761,0.0,0.0
9,9,0.0,0.0,0.0,0.0,0.0,0.0,0.0,0.0,0.024123913,0.9758761,0.0,0.0
9,9,0.0,0.0,0.0,0.0,0.0,0.0,0.0,0.0,0.024123913,0.9758761,0.0,0.0
9,9,0.0,0.0,0.0,0.0,0.0,0.0,0.0,0.0,0.024123913,0.9758761,0.0,0.0
9,9,0.0,0.0,0.0,0.0,0.0,0.0,0.0,0.0,0.024123913,0.9758761,0.0,0.0
9,9,0.0,0.0,0.0,0.0,0.0,0.0,0.0,0.0,0.024123913,0.9758761,0.0,0.0
9,9,0.0,0.0,0.0,0.0,0.0,0.0,0.0,0.0,0.024123913,0.9758761,0.0,0.0
9,9,0.0,0.0,0.0,0.0,0.0,0.0,0.0,0.0,0.024123913,0.9758761,0.0,0.0
9,9,0.0,0.0,0.0,0.0,0.0,0.0,0.0,0.0,0.024123913,0.9758761,0.0,0.0
9,9,0.0,0.0,0.0,0.0,0.0,0.0,0.0,0.0,0.024123913,0.9758761,0.0,0.0
9,9,0.0,0.0,0.0,0.0,0.0,0.0,0.0,0.0,0.024123913,0.9758761,0.0,0.0
9,9,0.0,0.0,0.0,0.0,0.0,0.0,0.0,0.0,0.024123913,0.9758761,0.0,0.0
9,9,0.0,0.0,0.0,0.0,0.0,0.0,0.0,0.0,0.024123913,0.9758761,0.0,0.0
9,9,0.0,0.0,0.0,0.0,0.0,0.0,0.0,0.0,0.024123913,0.9758761,0.0,0.0
9,9,0.0,0.0,0.0,0.0,0.0,0.0,0.0,0.0,0.024123913,0.9758761,0.0,0.0
9,9,0.0,0.0,0.0,0.0,0.0,0.0,0.0,0.0,0.024123913,0.9758761,0.0,0.0
9,9,0.0,0.0,0.0,0.0,0.0,0.0,0.0,0.0,0.024123913,0.9758761,0.0,0.0
9,9,0.0,0.0,0.0,0.0,0.0,0.0,0.0,0.0,0.024123913,0.9758761,0.0,0.0
9,9,0.0,0.0,0.0,0.0,0.0,0.0,0.0,0.0,0.024123913,0.9758761,0.0,0.0
9,9,0.0,0.0,0.0,0.0,0.0,0.0,0.0,0.0,0.024123913,0.9758761,0.0,0.0
9,9,0.0,0.0,0.0,0.0,0.0,0.0,0.0,0.0,0.024123913,0.9758761,0.0,0.0
9,9,0.0,0.0,0.0,0.0,0.0,0.0,0.0,0.0,0.024123913,0.9758761,0.0,0.0
9,9,0.0,0.0,0.0,0.0,0.0,0.0,0.0,0.0,0.024123913,0.9758761,0.0,0.0
9,9,0.0,0.0,0.0,0.0,0.0,0.0,0.0,0.0,0.024123913,0.9758761,0.0,0.0
9,9,0.0,0.0,0.0,0.0,0.0,0.0,0.0,0.0,0.024123913,0.9758761,0.0,0.0
9,9,0.0,0.0,0.0,0.0,0.0,0.0,0.0,0.0,0.024123913,0.9758761,0.0,0.0
9,9,0.0,0.0,0.0,0.0,0.0,0.0,0.0,0.0,0.024123913,0.9758761,0.0,0.0
9,9,0.0,0.0,0.0,0.0,0.0,0.0,0.0,0.0,0.024123913,0.9758761,0.0,0.0
9,9,0.0,0.0,0.0,0.0,0.0,0.0,0.0,0.0,0.024123913,0.9758761,0.0,0.0
9,9,0.0,0.0,0.0,0.0,0.0,0.0,0.0,0.0,0.024123913,0.9758761,0.0,0.0
9,9,0.0,0.0,0.0,0.0,0.0,0.0,0.0,0.0,0.024123913,0.9758761,0.0,0.0
9,9,0.0,0.0,0.0,0.0,0.0,0.0,0.0,0.0,0.024123913,0.9758761,0.0,0.0
9,9,0.0,0.0,0.0,0.0,0.0,0.0,0.0,0.0,0.024123913,0.9758761,0.0,0.0
9,9,0.0,0.0,0.0,0.0,0.0,0.0,0.0,0.0,0.024123913,0.9758761,0.0,0.0
9,9,0.0,0.0,0.0,0.0,0.0,0.0,0.0,0.0,0.024123913,0.9758761,0.0,0.0
9,9,0.0,0.0,0.0,0.0,0.0,0.0,0.0,0.0,0.024123913,0.9758761,0.0,0.0
9,9,0.0,0.0,0.0,0.0,0.0,0.0,0.0,0.0,0.024123913,0.9758761,0.0,0.0
9,9,0.0,0.0,0.0,0.0,0.0,0.0,0.0,0.0,0.024123913,0.9758761,0.0,0.0
9,9,0.0,0.0,0.0,0.0,0.0,0.0,0.0,0.0,0.024123913,0.9758761,0.0,0.0
9,9,0.0,0.0,0.0,0.0,0.0,0.0,0.0,0.0,0.024123913,0.9758761,0.0,0.0
9,9,0.0,0.0,0.0,0.0,0.0,0.0,0.0,0.0,0.024123913,0.9758761,0.0,0.0
9,9,0.0,0.0,0.0,0.0,0.0,0.0,0.0,0.0,0.024123913,0.9758761,0.0,0.0
9,9,0.0,0.0,0.0,0.0,0.0,0.0,0.0,0.0,0.024123913,0.9758761,0.0,0.0
9,9,0.0,0.0,0.0,0.0,0.0,0.0,0.0,0.0,0.024123913,0.9758761,0.0,0.0
9,9,0.0,0.0,0.0,0.0,0.0,0.0,0.0,0.0,0.024123913,0.9758761,0.0,0.0
9,9,0.0,0.0,0.0,0.0,0.0,0.0,0.0,0.0,0.024123913,0.9758761,0.0,0.0
9,9,0.0,0.0,0.0,0.0,0.0,0.0,0.0,0.0,0.024123913,0.9758761,0.0,0.0
9,9,0.0,0.0,0.0,0.0,0.0,0.0,0.0,0.0,0.024123913,0.9758761,0.0,0.0
9,9,0.0,0.0,0.0,0.0,0.0,0.0,0.0,0.0,0.024123913,0.9758761,0.0,0.0
9,9,0.0,0.0,0.0,0.0,0.0,0.0,0.0,0.0,0.024123913,0.9758761,0.0,0.0
9,9,0.0,0.0,0.0,0.0,0.0,0.0,0.0,0.0,0.024123913,0.9758761,0.0,0.0
9,9,0.0,0.0,0.0,0.0,0.0,0.0,0.0,0.0,0.024123913,0.9758761,0.0,0.0
9,9,0.0,0.0,0.0,0.0,0.0,0.0,0.0,0.0,0.024123913,0.9758761,0.0,0.0
9,9,0.0,0.0,0.0,0.0,0.0,0.0,0.0,0.0,0.024123913,0.9758761,0.0,0.0
9,9,0.0,0.0,0.0,0.0,0.0,0.0,0.0,0.0,0.024123913,0.9758761,0.0,0.0
9,9,0.0,0.0,0.0,0.0,0.0,0.0,0.0,0.0,0.024123913,0.9758761,0.0,0.0
9,9,0.0,0.0,0.0,0.0,0.0,0.0,0.0,0.0,0.024123913,0.9758761,0.0,0.0
9,9,0.0,0.0,0.0,0.0,0.0,0.0,0.0,0.0,0.024123913,0.9758761,0.0,0.0
9,9,0.0,0.0,0.0,0.0,0.0,0.0,0.0,0.0,0.024123913,0.9758761,0.0,0.0
9,9,0.0,0.0,0.0,0.0,0.0,0.0,0.0,0.0,0.024123913,0.9758761,0.0,0.0
9,9,0.0,0.0,0.0,0.0,0.0,0.0,0.0,0.0,0.024123913,0.9758761,0.0,0.0
9,9,0.0,0.0,0.0,0.0,0.0,0.0,0.0,0.0,0.024123913,0.9758761,0.0,0.0
9,9,0.0,0.0,0.0,0.0,0.0,0.0,0.0,0.0,0.024123913,0.9758761,0.0,0.0
9,9,0.0,0.0,0.0,0.0,0.0,0.0,0.0,0.0,0.024123913,0.9758761,0.0,0.0
9,9,0.0,0.0,0.0,0.0,0.0,0.0,0.0,0.0,0.024123913,0.9758761,0.0,0.0
9,9,0.0,0.0,0.0,0.0,0.0,0.0,0.0,0.0,0.024123913,0.9758761,0.0,0.0
9,9,0.0,0.0,0.0,0.0,0.0,0.0,0.0,0.0,0.024123913,0.9758761,0.0,0.0
9,9,0.0,0.0,0.0,0.0,0.0,0.0,0.0,0.0,0.024123913,0.9758761,0.0,0.0
9,9,0.0,0.0,0.0,0.0,0.0,0.0,0.0,0.0,0.024123913,0.9758761,0.0,0.0
9,9,0.0,0.0,0.0,0.0,0.0,0.0,0.0,0.0,0.024123913,0.9758761,0.0,0.0
9,9,0.0,0.0,0.0,0.0,0.0,0.0,0.0,0.0,0.024123913,0.9758761,0.0,0.0
9,9,0.0,0.0,0.0,0.0,0.0,0.0,0.0,0.0,0.024123913,0.9758761,0.0,0.0
9,9,0.0,0.0,0.0,0.0,0.0,0.0,0.0,0.0,0.024123913,0.9758761,0.0,0.0
9,9,0.0,0.0,0.0,0.0,0.0,0.0,0.0,0.0,0.024123913,0.9758761,0.0,0.0
9,9,0.0,0.0,0.0,0.0,0.0,0.0,0.0,0.0,0.024123913,0.9758761,0.0,0.0
9,9,0.0,0.0,0.0,0.0,0.0,0.0,0.0,0.0,0.024123913,0.9758761,0.0,0.0
9,9,0.0,0.0,0.0,0.0,0.0,0.0,0.0,0.0,0.024123913,0.9758761,0.0,0.0
9,9,0.0,0.0,0.0,0.0,0.0,0.0,0.0,0.0,0.024123913,0.9758761,0.0,0.0
9,9,0.0,0.0,0.0,0.0,0.0,0.0,0.0,0.0,0.024123913,0.9758761,0.0,0.0
9,9,0.0,0.0,0.0,0.0,0.0,0.0,0.0,0.0,0.024123913,0.9758761,0.0,0.0
9,9,0.0,0.0,0.0,0.0,0.0,0.0,0.0,0.0,0.024123913,0.9758761,0.0,0.0
9,9,0.0,0.0,0.0,0.0,0.0,0.0,0.0,0.0,0.024123913,0.9758761,0.0,0.0
9,9,0.0,0.0,0.0,0.0,0.0,0.0,0.0,0.0,0.024123913,0.9758761,0.0,0.0
9,9,0.0,0.0,0.0,0.0,0.0,0.0,0.0,0.0,0.024123913,0.9758761,0.0,0.0
9,9,0.0,0.0,0.0,0.0,0.0,0.0,0.0,0.0,0.024123913,0.9758761,0.0,0.0
9,9,0.0,0.0,0.0,0.0,0.0,0.0,0.0,0.0,0.024123913,0.9758761,0.0,0.0
9,9,0.0,0.0,0.0,0.0,0.0,0.0,0.0,0.0,0.024123913,0.9758761,0.0,0.0
9,9,0.0,0.0,0.0,0.0,0.0,0.0,0.0,0.0,0.024123913,0.9758761,0.0,0.0
9,9,0.0,0.0,0.0,0.0,0.0,0.0,0.0,0.0,0.024123913,0.9758761,0.0,0.0
9,9,0.0,0.0,0.0,0.0,0.0,0.0,0.0,0.0,0.024123913,0.9758761,0.0,0.0
9,9,0.0,0.0,0.0,0.0,0.0,0.0,0.0,0.0,0.024123913,0.9758761,0.0,0.0
9,9,0.0,0.0,0.0,0.0,0.0,0.0,0.0,0.0,0.024123913,0.9758761,0.0,0.0
9,9,0.0,0.0,0.0,0.0,0.0,0.0,0.0,0.0,0.024123913,0.9758761,0.0,0.0
9,9,0.0,0.0,0.0,0.0,0.0,0.0,0.0,0.0,0.024123913,0.9758761,0.0,0.0
9,9,0.0,0.0,0.0,0.0,0.0,0.0,0.0,0.0,0.024123913,0.9758761,0.0,0.0
9,9,0.0,0.0,0.0,0.0,0.0,0.0,0.0,0.0,0.024123913,0.9758761,0.0,0.0
9,9,0.0,0.0,0.0,0.0,0.0,0.0,0.0,0.0,0.024123913,0.9758761,0.0,0.0
9,9,0.0,0.0,0.0,0.0,0.0,0.0,0.0,0.0,0.024123913,0.9758761,0.0,0.0
9,9,0.0,0.0,0.0,0.0,0.0,0.0,0.0,0.0,0.024123913,0.9758761,0.0,0.0
9,9,0.0,0.0,0.0,0.0,0.0,0.0,0.0,0.0,0.024123913,0.9758761,0.0,0.0
9,9,0.0,0.0,0.0,0.0,0.0,0.0,0.0,0.0,0.024123913,0.9758761,0.0,0.0
9,9,0.0,0.0,0.0,0.0,0.0,0.0,0.0,0.0,0.024123913,0.9758761,0.0,0.0
9,9,0.0,0.0,0.0,0.0,0.0,0.0,0.0,0.0,0.024123913,0.9758761,0.0,0.0
9,9,0.0,0.0,0.0,0.0,0.0,0.0,0.0,0.0,0.024123913,0.9758761,0.0,0.0
9,9,0.0,0.0,0.0,0.0,0.0,0.0,0.0,0.0,0.024123913,0.9758761,0.0,0.0
9,9,0.0,0.0,0.0,0.0,0.0,0.0,0.0,0.0,0.024123913,0.9758761,0.0,0.0
9,9,0.0,0.0,0.0,0.0,0.0,0.0,0.0,0.0,0.024123913,0.9758761,0.0,0.0
9,9,0.0,0.0,0.0,0.0,0.0,0.0,0.0,0.0,0.024123913,0.9758761,0.0,0.0
9,9,0.0,0.0,0.0,0.0,0.0,0.0,0.0,0.0,0.024123913,0.9758761,0.0,0.0
9,9,0.0,0.0,0.0,0.0,0.0,0.0,0.0,0.0,0.024123913,0.9758761,0.0,0.0
9,9,0.0,0.0,0.0,0.0,0.0,0.0,0.0,0.0,0.024123913,0.9758761,0.0,0.0
9,9,0.0,0.0,0.0,0.0,0.0,0.0,0.0,0.0,0.024123913,0.9758761,0.0,0.0
9,9,0.0,0.0,0.0,0.0,0.0,0.0,0.0,0.0,0.024123913,0.9758761,0.0,0.0
9,9,0.0,0.0,0.0,0.0,0.0,0.0,0.0,0.0,0.024123913,0.9758761,0.0,0.0
9,9,0.0,0.0,0.0,0.0,0.0,0.0,0.0,0.0,0.024123913,0.9758761,0.0,0.0
9,9,0.0,0.0,0.0,0.0,0.0,0.0,0.0,0.0,0.024123913,0.9758761,0.0,0.0
9,9,0.0,0.0,0.0,0.0,0.0,0.0,0.0,0.0,0.024123913,0.9758761,0.0,0.0
9,9,0.0,0.0,0.0,0.0,0.0,0.0,0.0,0.0,0.024123913,0.9758761,0.0,0.0
9,9,0.0,0.0,0.0,0.0,0.0,0.0,0.0,0.0,0.024123913,0.9758761,0.0,0.0
9,9,0.0,0.0,0.0,0.0,0.0,0.0,0.0,0.0,0.024123913,0.9758761,0.0,0.0
9,9,0.0,0.0,0.0,0.0,0.0,0.0,0.0,0.0,0.024123913,0.9758761,0.0,0.0
9,9,0.0,0.0,0.0,0.0,0.0,0.0,0.0,0.0,0.024123913,0.9758761,0.0,0.0
9,9,0.0,0.0,0.0,0.0,0.0,0.0,0.0,0.0,0.024123913,0.9758761,0.0,0.0
9,9,0.0,0.0,0.0,0.0,0.0,0.0,0.0,0.0,0.024123913,0.9758761,0.0,0.0
9,9,0.0,0.0,0.0,0.0,0.0,0.0,0.0,0.0,0.024123913,0.9758761,0.0,0.0
9,9,0.0,0.0,0.0,0.0,0.0,0.0,0.0,0.0,0.024123913,0.9758761,0.0,0.0
9,9,0.0,0.0,0.0,0.0,0.0,0.0,0.0,0.0,0.024123913,0.9758761,0.0,0.0
9,9,0.0,0.0,0.0,0.0,0.0,0.0,0.0,0.0,0.024123913,0.9758761,0.0,0.0
9,9,0.0,0.0,0.0,0.0,0.0,0.0,0.0,0.0,0.024123913,0.9758761,0.0,0.0
9,9,0.0,0.0,0.0,0.0,0.0,0.0,0.0,0.0,0.024123913,0.9758761,0.0,0.0
9,9,0.0,0.0,0.0,0.0,0.0,0.0,0.0,0.0,0.024123913,0.9758761,0.0,0.0
9,9,0.0,0.0,0.0,0.0,0.0,0.0,0.0,0.0,0.024123913,0.9758761,0.0,0.0
9,9,0.0,0.0,0.0,0.0,0.0,0.0,0.0,0.0,0.024123913,0.9758761,0.0,0.0
9,9,0.0,0.0,0.0,0.0,0.0,0.0,0.0,0.0,0.024123913,0.9758761,0.0,0.0
9,9,0.0,0.0,0.0,0.0,0.0,0.0,0.0,0.0,0.024123913,0.9758761,0.0,0.0
9,9,0.0,0.0,0.0,0.0,0.0,0.0,0.0,0.0,0.024123913,0.9758761,0.0,0.0
9,9,0.0,0.0,0.0,0.0,0.0,0.0,0.0,0.0,0.024123913,0.9758761,0.0,0.0
9,9,0.0,0.0,0.0,0.0,0.0,0.0,0.0,0.0,0.024123913,0.9758761,0.0,0.0
9,9,0.0,0.0,0.0,0.0,0.0,0.0,0.0,0.0,0.024123913,0.9758761,0.0,0.0
9,9,0.0,0.0,0.0,0.0,0.0,0.0,0.0,0.0,0.024123913,0.9758761,0.0,0.0
9,9,0.0,0.0,0.0,0.0,0.0,0.0,0.0,0.0,0.024123913,0.9758761,0.0,0.0
9,9,0.0,0.0,0.0,0.0,0.0,0.0,0.0,0.0,0.024123913,0.9758761,0.0,0.0
9,9,0.0,0.0,0.0,0.0,0.0,0.0,0.0,0.0,0.024123913,0.9758761,0.0,0.0
9,9,0.0,0.0,0.0,0.0,0.0,0.0,0.0,0.0,0.024123913,0.9758761,0.0,0.0
9,9,0.0,0.0,0.0,0.0,0.0,0.0,0.0,0.0,0.024123913,0.9758761,0.0,0.0
9,9,0.0,0.0,0.0,0.0,0.0,0.0,0.0,0.0,0.024123913,0.9758761,0.0,0.0
9,9,0.0,0.0,0.0,0.0,0.0,0.0,0.0,0.0,0.024123913,0.9758761,0.0,0.0
9,9,0.0,0.0,0.0,0.0,0.0,0.0,0.0,0.0,0.024123913,0.9758761,0.0,0.0
9,9,0.0,0.0,0.0,0.0,0.0,0.0,0.0,0.0,0.024123913,0.9758761,0.0,0.0
9,9,0.0,0.0,0.0,0.0,0.0,0.0,0.0,0.0,0.024123913,0.9758761,0.0,0.0
9,9,0.0,0.0,0.0,0.0,0.0,0.0,0.0,0.0,0.024123913,0.9758761,0.0,0.0
9,9,0.0,0.0,0.0,0.0,0.0,0.0,0.0,0.0,0.024123913,0.9758761,0.0,0.0
9,9,0.0,0.0,0.0,0.0,0.0,0.0,0.0,0.0,0.024123913,0.9758761,0.0,0.0
9,9,0.0,0.0,0.0,0.0,0.0,0.0,0.0,0.0,0.024123913,0.9758761,0.0,0.0
9,9,0.0,0.0,0.0,0.0,0.0,0.0,0.0,0.0,0.024123913,0.9758761,0.0,0.0
9,9,0.0,0.0,0.0,0.0,0.0,0.0,0.0,0.0,0.024123913,0.9758761,0.0,0.0
9,9,0.0,0.0,0.0,0.0,0.0,0.0,0.0,0.0,0.024123913,0.9758761,0.0,0.0
9,9,0.0,0.0,0.0,0.0,0.0,0.0,0.0,0.0,0.024123913,0.9758761,0.0,0.0
9,9,0.0,0.0,0.0,0.0,0.0,0.0,0.0,0.0,0.024123913,0.9758761,0.0,0.0
9,9,0.0,0.0,0.0,0.0,0.0,0.0,0.0,0.0,0.024123913,0.9758761,0.0,0.0
9,9,0.0,0.0,0.0,0.0,0.0,0.0,0.0,0.0,0.024123913,0.9758761,0.0,0.0
9,9,0.0,0.0,0.0,0.0,0.0,0.0,0.0,0.0,0.024123913,0.9758761,0.0,0.0
9,9,0.0,0.0,0.0,0.0,0.0,0.0,0.0,0.0,0.024123913,0.9758761,0.0,0.0
9,9,0.0,0.0,0.0,0.0,0.0,0.0,0.0,0.0,0.024123913,0.9758761,0.0,0.0
9,9,0.0,0.0,0.0,0.0,0.0,0.0,0.0,0.0,0.024123913,0.9758761,0.0,0.0
9,9,0.0,0.0,0.0,0.0,0.0,0.0,0.0,0.0,0.024123913,0.9758761,0.0,0.0
9,9,0.0,0.0,0.0,0.0,0.0,0.0,0.0,0.0,0.024123913,0.9758761,0.0,0.0
9,9,0.0,0.0,0.0,0.0,0.0,0.0,0.0,0.0,0.024123913,0.9758761,0.0,0.0
9,9,0.0,0.0,0.0,0.0,0.0,0.0,0.0,0.0,0.024123913,0.9758761,0.0,0.0
9,9,0.0,0.0,0.0,0.0,0.0,0.0,0.0,0.0,0.024123913,0.9758761,0.0,0.0
9,9,0.0,0.0,0.0,0.0,0.0,0.0,0.0,0.0,0.024123913,0.9758761,0.0,0.0
9,9,0.0,0.0,0.0,0.0,0.0,0.0,0.0,0.0,0.024123913,0.9758761,0.0,0.0
9,9,0.0,0.0,0.0,0.0,0.0,0.0,0.0,0.0,0.024123913,0.9758761,0.0,0.0
9,9,0.0,0.0,0.0,0.0,0.0,0.0,0.0,0.0,0.024123913,0.9758761,0.0,0.0
9,9,0.0,0.0,0.0,0.0,0.0,0.0,0.0,0.0,0.024123913,0.9758761,0.0,0.0
9,9,0.0,0.0,0.0,0.0,0.0,0.0,0.0,0.0,0.024123913,0.9758761,0.0,0.0
9,9,0.0,0.0,0.0,0.0,0.0,0.0,0.0,0.0,0.024123913,0.9758761,0.0,0.0
9,9,0.0,0.0,0.0,0.0,0.0,0.0,0.0,0.0,0.024123913,0.9758761,0.0,0.0
9,9,0.0,0.0,0.0,0.0,0.0,0.0,0.0,0.0,0.024123913,0.9758761,0.0,0.0
9,9,0.0,0.0,0.0,0.0,0.0,0.0,0.0,0.0,0.024123913,0.9758761,0.0,0.0
9,9,0.0,0.0,0.0,0.0,0.0,0.0,0.0,0.0,0.024123913,0.9758761,0.0,0.0
9,9,0.0,0.0,0.0,0.0,0.0,0.0,0.0,0.0,0.024123913,0.9758761,0.0,0.0
9,9,0.0,0.0,0.0,0.0,0.0,0.0,0.0,0.0,0.024123913,0.9758761,0.0,0.0
9,9,0.0,0.0,0.0,0.0,0.0,0.0,0.0,0.0,0.024123913,0.9758761,0.0,0.0
9,9,0.0,0.0,0.0,0.0,0.0,0.0,0.0,0.0,0.024123913,0.9758761,0.0,0.0
9,9,0.0,0.0,0.0,0.0,0.0,0.0,0.0,0.0,0.024123913,0.9758761,0.0,0.0
9,9,0.0,0.0,0.0,0.0,0.0,0.0,0.0,0.0,0.024123913,0.9758761,0.0,0.0
9,9,0.0,0.0,0.0,0.0,0.0,0.0,0.0,0.0,0.024123913,0.9758761,0.0,0.0
9,9,0.0,0.0,0.0,0.0,0.0,0.0,0.0,0.0,0.024123913,0.9758761,0.0,0.0
9,9,0.0,0.0,0.0,0.0,0.0,0.0,0.0,0.0,0.024123913,0.9758761,0.0,0.0
9,9,0.0,0.0,0.0,0.0,0.0,0.0,0.0,0.0,0.024123913,0.9758761,0.0,0.0
9,9,0.0,0.0,0.0,0.0,0.0,0.0,0.0,0.0,0.024123913,0.9758761,0.0,0.0
9,9,0.0,0.0,0.0,0.0,0.0,0.0,0.0,0.0,0.024123913,0.9758761,0.0,0.0
9,9,0.0,0.0,0.0,0.0,0.0,0.0,0.0,0.0,0.024123913,0.9758761,0.0,0.0
9,9,0.0,0.0,0.0,0.0,0.0,0.0,0.0,0.0,0.024123913,0.9758761,0.0,0.0
9,9,0.0,0.0,0.0,0.0,0.0,0.0,0.0,0.0,0.024123913,0.9758761,0.0,0.0
9,9,0.0,0.0,0.0,0.0,0.0,0.0,0.0,0.0,0.024123913,0.9758761,0.0,0.0
9,9,0.0,0.0,0.0,0.0,0.0,0.0,0.0,0.0,0.024123913,0.9758761,0.0,0.0
9,9,0.0,0.0,0.0,0.0,0.0,0.0,0.0,0.0,0.024123913,0.9758761,0.0,0.0
9,9,0.0,0.0,0.0,0.0,0.0,0.0,0.0,0.0,0.024123913,0.9758761,0.0,0.0
9,9,0.0,0.0,0.0,0.0,0.0,0.0,0.0,0.0,0.024123913,0.9758761,0.0,0.0
9,9,0.0,0.0,0.0,0.0,0.0,0.0,0.0,0.0,0.024123913,0.9758761,0.0,0.0
9,9,0.0,0.0,0.0,0.0,0.0,0.0,0.0,0.0,0.024123913,0.9758761,0.0,0.0
9,9,0.0,0.0,0.0,0.0,0.0,0.0,0.0,0.0,0.024123913,0.9758761,0.0,0.0
9,9,0.0,0.0,0.0,0.0,0.0,0.0,0.0,0.0,0.024123913,0.9758761,0.0,0.0
9,9,0.0,0.0,0.0,0.0,0.0,0.0,0.0,0.0,0.024123913,0.9758761,0.0,0.0
9,9,0.0,0.0,0.0,0.0,0.0,0.0,0.0,0.0,0.024123913,0.9758761,0.0,0.0
9,9,0.0,0.0,0.0,0.0,0.0,0.0,0.0,0.0,0.024123913,0.9758761,0.0,0.0
9,9,0.0,0.0,0.0,0.0,0.0,0.0,0.0,0.0,0.024123913,0.9758761,0.0,0.0
9,9,0.0,0.0,0.0,0.0,0.0,0.0,0.0,0.0,0.024123913,0.9758761,0.0,0.0
9,9,0.0,0.0,0.0,0.0,0.0,0.0,0.0,0.0,0.024123913,0.9758761,0.0,0.0
9,9,0.0,0.0,0.0,0.0,0.0,0.0,0.0,0.0,0.024123913,0.9758761,0.0,0.0
9,9,0.0,0.0,0.0,0.0,0.0,0.0,0.0,0.0,0.024123913,0.9758761,0.0,0.0
9,9,0.0,0.0,0.0,0.0,0.0,0.0,0.0,0.0,0.024123913,0.9758761,0.0,0.0
9,9,0.0,0.0,0.0,0.0,0.0,0.0,0.0,0.0,0.024123913,0.9758761,0.0,0.0
9,9,0.0,0.0,0.0,0.0,0.0,0.0,0.0,0.0,0.024123913,0.9758761,0.0,0.0
9,9,0.0,0.0,0.0,0.0,0.0,0.0,0.0,0.0,0.024123913,0.9758761,0.0,0.0
9,9,0.0,0.0,0.0,0.0,0.0,0.0,0.0,0.0,0.024123913,0.9758761,0.0,0.0
9,9,0.0,0.0,0.0,0.0,0.0,0.0,0.0,0.0,0.024123913,0.9758761,0.0,0.0
9,9,0.0,0.0,0.0,0.0,0.0,0.0,0.0,0.0,0.024123913,0.9758761,0.0,0.0
9,9,0.0,0.0,0.0,0.0,0.0,0.0,0.0,0.0,0.024123913,0.9758761,0.0,0.0
9,9,0.0,0.0,0.0,0.0,0.0,0.0,0.0,0.0,0.024123913,0.9758761,0.0,0.0
9,9,0.0,0.0,0.0,0.0,0.0,0.0,0.0,0.0,0.024123913,0.9758761,0.0,0.0
9,9,0.0,0.0,0.0,0.0,0.0,0.0,0.0,0.0,0.024123913,0.9758761,0.0,0.0
9,9,0.0,0.0,0.0,0.0,0.0,0.0,0.0,0.0,0.024123913,0.9758761,0.0,0.0
9,9,0.0,0.0,0.0,0.0,0.0,0.0,0.0,0.0,0.024123913,0.9758761,0.0,0.0
9,9,0.0,0.0,0.0,0.0,0.0,0.0,0.0,0.0,0.024123913,0.9758761,0.0,0.0
9,9,0.0,0.0,0.0,0.0,0.0,0.0,0.0,0.0,0.024123913,0.9758761,0.0,0.0
9,9,0.0,0.0,0.0,0.0,0.0,0.0,0.0,0.0,0.024123913,0.9758761,0.0,0.0
9,9,0.0,0.0,0.0,0.0,0.0,0.0,0.0,0.0,0.024123913,0.9758761,0.0,0.0
9,9,0.0,0.0,0.0,0.0,0.0,0.0,0.0,0.0,0.024123913,0.9758761,0.0,0.0
9,9,0.0,0.0,0.0,0.0,0.0,0.0,0.0,0.0,0.024123913,0.9758761,0.0,0.0
9,9,0.0,0.0,0.0,0.0,0.0,0.0,0.0,0.0,0.024123913,0.9758761,0.0,0.0
9,9,0.0,0.0,0.0,0.0,0.0,0.0,0.0,0.0,0.024123913,0.9758761,0.0,0.0
9,9,0.0,0.0,0.0,0.0,0.0,0.0,0.0,0.0,0.024123913,0.9758761,0.0,0.0
9,9,0.0,0.0,0.0,0.0,0.0,0.0,0.0,0.0,0.024123913,0.9758761,0.0,0.0
9,9,0.0,0.0,0.0,0.0,0.0,0.0,0.0,0.0,0.024123913,0.9758761,0.0,0.0
9,9,0.0,0.0,0.0,0.0,0.0,0.0,0.0,0.0,0.024123913,0.9758761,0.0,0.0
9,9,0.0,0.0,0.0,0.0,0.0,0.0,0.0,0.0,0.024123913,0.9758761,0.0,0.0
9,9,0.0,0.0,0.0,0.0,0.0,0.0,0.0,0.0,0.024123913,0.9758761,0.0,0.0
9,9,0.0,0.0,0.0,0.0,0.0,0.0,0.0,0.0,0.024123913,0.9758761,0.0,0.0
9,9,0.0,0.0,0.0,0.0,0.0,0.0,0.0,0.0,0.024123913,0.9758761,0.0,0.0
9,9,0.0,0.0,0.0,0.0,0.0,0.0,0.0,0.0,0.024123913,0.9758761,0.0,0.0
9,9,0.0,0.0,0.0,0.0,0.0,0.0,0.0,0.0,0.024123913,0.9758761,0.0,0.0
9,9,0.0,0.0,0.0,0.0,0.0,0.0,0.0,0.0,0.024123913,0.9758761,0.0,0.0
9,9,0.0,0.0,0.0,0.0,0.0,0.0,0.0,0.0,0.024123913,0.9758761,0.0,0.0
9,9,0.0,0.0,0.0,0.0,0.0,0.0,0.0,0.0,0.024123913,0.9758761,0.0,0.0
9,9,0.0,0.0,0.0,0.0,0.0,0.0,0.0,0.0,0.024123913,0.9758761,0.0,0.0
9,9,0.0,0.0,0.0,0.0,0.0,0.0,0.0,0.0,0.024123913,0.9758761,0.0,0.0
9,9,0.0,0.0,0.0,0.0,0.0,0.0,0.0,0.0,0.024123913,0.9758761,0.0,0.0
9,9,0.0,0.0,0.0,0.0,0.0,0.0,0.0,0.0,0.024123913,0.9758761,0.0,0.0
9,9,0.0,0.0,0.0,0.0,0.0,0.0,0.0,0.0,0.024123913,0.9758761,0.0,0.0
9,9,0.0,0.0,0.0,0.0,0.0,0.0,0.0,0.0,0.024123913,0.9758761,0.0,0.0
9,9,0.0,0.0,0.0,0.0,0.0,0.0,0.0,0.0,0.024123913,0.9758761,0.0,0.0
9,9,0.0,0.0,0.0,0.0,0.0,0.0,0.0,0.0,0.024123913,0.9758761,0.0,0.0
9,9,0.0,0.0,0.0,0.0,0.0,0.0,0.0,0.0,0.024123913,0.9758761,0.0,0.0
9,9,0.0,0.0,0.0,0.0,0.0,0.0,0.0,0.0,0.024123913,0.9758761,0.0,0.0
9,9,0.0,0.0,0.0,0.0,0.0,0.0,0.0,0.0,0.024123913,0.9758761,0.0,0.0
9,9,0.0,0.0,0.0,0.0,0.0,0.0,0.0,0.0,0.024123913,0.9758761,0.0,0.0
9,9,0.0,0.0,0.0,0.0,0.0,0.0,0.0,0.0,0.024123913,0.9758761,0.0,0.0
9,9,0.0,0.0,0.0,0.0,0.0,0.0,0.0,0.0,0.024123913,0.9758761,0.0,0.0
9,9,0.0,0.0,0.0,0.0,0.0,0.0,0.0,0.0,0.024123913,0.9758761,0.0,0.0
9,9,0.0,0.0,0.0,0.0,0.0,0.0,0.0,0.0,0.024123913,0.9758761,0.0,0.0
9,9,0.0,0.0,0.0,0.0,0.0,0.0,0.0,0.0,0.024123913,0.9758761,0.0,0.0
9,9,0.0,0.0,0.0,0.0,0.0,0.0,0.0,0.0,0.024123913,0.9758761,0.0,0.0
9,9,0.0,0.0,0.0,0.0,0.0,0.0,0.0,0.0,0.024123913,0.9758761,0.0,0.0
9,9,0.0,0.0,0.0,0.0,0.0,0.0,0.0,0.0,0.024123913,0.9758761,0.0,0.0
9,9,0.0,0.0,0.0,0.0,0.0,0.0,0.0,0.0,0.024123913,0.9758761,0.0,0.0
9,9,0.0,0.0,0.0,0.0,0.0,0.0,0.0,0.0,0.024123913,0.9758761,0.0,0.0
9,9,0.0,0.0,0.0,0.0,0.0,0.0,0.0,0.0,0.024123913,0.9758761,0.0,0.0
9,9,0.0,0.0,0.0,0.0,0.0,0.0,0.0,0.0,0.024123913,0.9758761,0.0,0.0
9,9,0.0,0.0,0.0,0.0,0.0,0.0,0.0,0.0,0.024123913,0.9758761,0.0,0.0
9,9,0.0,0.0,0.0,0.0,0.0,0.0,0.0,0.0,0.024123913,0.9758761,0.0,0.0
9,9,0.0,0.0,0.0,0.0,0.0,0.0,0.0,0.0,0.024123913,0.9758761,0.0,0.0
9,9,0.0,0.0,0.0,0.0,0.0,0.0,0.0,0.0,0.024123913,0.9758761,0.0,0.0
9,9,0.0,0.0,0.0,0.0,0.0,0.0,0.0,0.0,0.024123913,0.9758761,0.0,0.0
9,9,0.0,0.0,0.0,0.0,0.0,0.0,0.0,0.0,0.024123913,0.9758761,0.0,0.0
9,9,0.0,0.0,0.0,0.0,0.0,0.0,0.0,0.0,0.024123913,0.9758761,0.0,0.0
9,9,0.0,0.0,0.0,0.0,0.0,0.0,0.0,0.0,0.024123913,0.9758761,0.0,0.0
9,9,0.0,0.0,0.0,0.0,0.0,0.0,0.0,0.0,0.024123913,0.9758761,0.0,0.0
9,9,0.0,0.0,0.0,0.0,0.0,0.0,0.0,0.0,0.024123913,0.9758761,0.0,0.0
9,9,0.0,0.0,0.0,0.0,0.0,0.0,0.0,0.0,0.024123913,0.9758761,0.0,0.0
9,9,0.0,0.0,0.0,0.0,0.0,0.0,0.0,0.0,0.024123913,0.9758761,0.0,0.0
9,9,0.0,0.0,0.0,0.0,0.0,0.0,0.0,0.0,0.024123913,0.9758761,0.0,0.0
9,9,0.0,0.0,0.0,0.0,0.0,0.0,0.0,0.0,0.024123913,0.9758761,0.0,0.0
9,9,0.0,0.0,0.0,0.0,0.0,0.0,0.0,0.0,0.024123913,0.9758761,0.0,0.0
9,9,0.0,0.0,0.0,0.0,0.0,0.0,0.0,0.0,0.024123913,0.9758761,0.0,0.0
9,9,0.0,0.0,0.0,0.0,0.0,0.0,0.0,0.0,0.024123913,0.9758761,0.0,0.0
9,9,0.0,0.0,0.0,0.0,0.0,0.0,0.0,0.0,0.024123913,0.9758761,0.0,0.0
9,9,0.0,0.0,0.0,0.0,0.0,0.0,0.0,0.0,0.024123913,0.9758761,0.0,0.0
9,9,0.0,0.0,0.0,0.0,0.0,0.0,0.0,0.0,0.024123913,0.9758761,0.0,0.0
9,9,0.0,0.0,0.0,0.0,0.0,0.0,0.0,0.0,0.024123913,0.9758761,0.0,0.0
9,9,0.0,0.0,0.0,0.0,0.0,0.0,0.0,0.0,0.024123913,0.9758761,0.0,0.0
9,9,0.0,0.0,0.0,0.0,0.0,0.0,0.0,0.0,0.024123913,0.9758761,0.0,0.0
9,9,0.0,0.0,0.0,0.0,0.0,0.0,0.0,0.0,0.024123913,0.9758761,0.0,0.0
9,9,0.0,0.0,0.0,0.0,0.0,0.0,0.0,0.0,0.024123913,0.9758761,0.0,0.0
9,9,0.0,0.0,0.0,0.0,0.0,0.0,0.0,0.0,0.024123913,0.9758761,0.0,0.0
9,9,0.0,0.0,0.0,0.0,0.0,0.0,0.0,0.0,0.024123913,0.9758761,0.0,0.0
9,9,0.0,0.0,0.0,0.0,0.0,0.0,0.0,0.0,0.024123913,0.9758761,0.0,0.0
9,9,0.0,0.0,0.0,0.0,0.0,0.0,0.0,0.0,0.024123913,0.9758761,0.0,0.0
9,9,0.0,0.0,0.0,0.0,0.0,0.0,0.0,0.0,0.024123913,0.9758761,0.0,0.0
9,9,0.0,0.0,0.0,0.0,0.0,0.0,0.0,0.0,0.024123913,0.9758761,0.0,0.0
9,9,0.0,0.0,0.0,0.0,0.0,0.0,0.0,0.0,0.024123913,0.9758761,0.0,0.0
9,9,0.0,0.0,0.0,0.0,0.0,0.0,0.0,0.0,0.024123913,0.9758761,0.0,0.0
9,9,0.0,0.0,0.0,0.0,0.0,0.0,0.0,0.0,0.024123913,0.9758761,0.0,0.0
9,9,0.0,0.0,0.0,0.0,0.0,0.0,0.0,0.0,0.024123913,0.9758761,0.0,0.0
9,9,0.0,0.0,0.0,0.0,0.0,0.0,0.0,0.0,0.024123913,0.9758761,0.0,0.0
9,9,0.0,0.0,0.0,0.0,0.0,0.0,0.0,0.0,0.024123913,0.9758761,0.0,0.0
9,9,0.0,0.0,0.0,0.0,0.0,0.0,0.0,0.0,0.024123913,0.9758761,0.0,0.0
9,9,0.0,0.0,0.0,0.0,0.0,0.0,0.0,0.0,0.024123913,0.9758761,0.0,0.0
9,9,0.0,0.0,0.0,0.0,0.0,0.0,0.0,0.0,0.024123913,0.9758761,0.0,0.0
9,9,0.0,0.0,0.0,0.0,0.0,0.0,0.0,0.0,0.024123913,0.9758761,0.0,0.0
9,9,0.0,0.0,0.0,0.0,0.0,0.0,0.0,0.0,0.024123913,0.9758761,0.0,0.0
9,9,0.0,0.0,0.0,0.0,0.0,0.0,0.0,0.0,0.024123913,0.9758761,0.0,0.0
9,9,0.0,0.0,0.0,0.0,0.0,0.0,0.0,0.0,0.024123913,0.9758761,0.0,0.0
9,9,0.0,0.0,0.0,0.0,0.0,0.0,0.0,0.0,0.024123913,0.9758761,0.0,0.0
9,9,0.0,0.0,0.0,0.0,0.0,0.0,0.0,0.0,0.024123913,0.9758761,0.0,0.0
9,9,0.0,0.0,0.0,0.0,0.0,0.0,0.0,0.0,0.024123913,0.9758761,0.0,0.0
9,9,0.0,0.0,0.0,0.0,0.0,0.0,0.0,0.0,0.024123913,0.9758761,0.0,0.0
9,9,0.0,0.0,0.0,0.0,0.0,0.0,0.0,0.0,0.024123913,0.9758761,0.0,0.0
9,9,0.0,0.0,0.0,0.0,0.0,0.0,0.0,0.0,0.024123913,0.9758761,0.0,0.0
9,9,0.0,0.0,0.0,0.0,0.0,0.0,0.0,0.0,0.024123913,0.9758761,0.0,0.0
9,9,0.0,0.0,0.0,0.0,0.0,0.0,0.0,0.0,0.024123913,0.9758761,0.0,0.0
9,9,0.0,0.0,0.0,0.0,0.0,0.0,0.0,0.0,0.024123913,0.9758761,0.0,0.0
9,9,0.0,0.0,0.0,0.0,0.0,0.0,0.0,0.0,0.024123913,0.9758761,0.0,0.0
9,9,0.0,0.0,0.0,0.0,0.0,0.0,0.0,0.0,0.024123913,0.9758761,0.0,0.0
9,9,0.0,0.0,0.0,0.0,0.0,0.0,0.0,0.0,0.024123913,0.9758761,0.0,0.0
9,9,0.0,0.0,0.0,0.0,0.0,0.0,0.0,0.0,0.024123913,0.9758761,0.0,0.0
9,9,0.0,0.0,0.0,0.0,0.0,0.0,0.0,0.0,0.024123913,0.9758761,0.0,0.0
9,9,0.0,0.0,0.0,0.0,0.0,0.0,0.0,0.0,0.024123913,0.9758761,0.0,0.0
9,9,0.0,0.0,0.0,0.0,0.0,0.0,0.0,0.0,0.024123913,0.9758761,0.0,0.0
9,9,0.0,0.0,0.0,0.0,0.0,0.0,0.0,0.0,0.024123913,0.9758761,0.0,0.0
9,9,0.0,0.0,0.0,0.0,0.0,0.0,0.0,0.0,0.024123913,0.9758761,0.0,0.0
9,9,0.0,0.0,0.0,0.0,0.0,0.0,0.0,0.0,0.024123913,0.9758761,0.0,0.0
9,9,0.0,0.0,0.0,0.0,0.0,0.0,0.0,0.0,0.024123913,0.9758761,0.0,0.0
9,9,0.0,0.0,0.0,0.0,0.0,0.0,0.0,0.0,0.024123913,0.9758761,0.0,0.0
9,9,0.0,0.0,0.0,0.0,0.0,0.0,0.0,0.0,0.024123913,0.9758761,0.0,0.0
9,9,0.0,0.0,0.0,0.0,0.0,0.0,0.0,0.0,0.024123913,0.9758761,0.0,0.0
9,9,0.0,0.0,0.0,0.0,0.0,0.0,0.0,0.0,0.024123913,0.9758761,0.0,0.0
9,9,0.0,0.0,0.0,0.0,0.0,0.0,0.0,0.0,0.024123913,0.9758761,0.0,0.0
9,9,0.0,0.0,0.0,0.0,0.0,0.0,0.0,0.0,0.024123913,0.9758761,0.0,0.0
9,9,0.0,0.0,0.0,0.0,0.0,0.0,0.0,0.0,0.024123913,0.9758761,0.0,0.0
9,9,0.0,0.0,0.0,0.0,0.0,0.0,0.0,0.0,0.024123913,0.9758761,0.0,0.0
9,9,0.0,0.0,0.0,0.0,0.0,0.0,0.0,0.0,0.024123913,0.9758761,0.0,0.0
9,9,0.0,0.0,0.0,0.0,0.0,0.0,0.0,0.0,0.024123913,0.9758761,0.0,0.0
9,9,0.0,0.0,0.0,0.0,0.0,0.0,0.0,0.0,0.024123913,0.9758761,0.0,0.0
9,9,0.0,0.0,0.0,0.0,0.0,0.0,0.0,0.0,0.024123913,0.9758761,0.0,0.0
9,9,0.0,0.0,0.0,0.0,0.0,0.0,0.0,0.0,0.024123913,0.9758761,0.0,0.0
9,9,0.0,0.0,0.0,0.0,0.0,0.0,0.0,0.0,0.024123913,0.9758761,0.0,0.0
9,9,0.0,0.0,0.0,0.0,0.0,0.0,0.0,0.0,0.024123913,0.9758761,0.0,0.0
9,9,0.0,0.0,0.0,0.0,0.0,0.0,0.0,0.0,0.024123913,0.9758761,0.0,0.0
9,9,0.0,0.0,0.0,0.0,0.0,0.0,0.0,0.0,0.024123913,0.9758761,0.0,0.0
9,9,0.0,0.0,0.0,0.0,0.0,0.0,0.0,0.0,0.024123913,0.9758761,0.0,0.0
9,9,0.0,0.0,0.0,0.0,0.0,0.0,0.0,0.0,0.024123913,0.9758761,0.0,0.0
9,9,0.0,0.0,0.0,0.0,0.0,0.0,0.0,0.0,0.024123913,0.9758761,0.0,0.0
9,9,0.0,0.0,0.0,0.0,0.0,0.0,0.0,0.0,0.024123913,0.9758761,0.0,0.0
9,9,0.0,0.0,0.0,0.0,0.0,0.0,0.0,0.0,0.024123913,0.9758761,0.0,0.0
9,9,0.0,0.0,0.0,0.0,0.0,0.0,0.0,0.0,0.024123913,0.9758761,0.0,0.0
9,9,0.0,0.0,0.0,0.0,0.0,0.0,0.0,0.0,0.024123913,0.9758761,0.0,0.0
9,9,0.0,0.0,0.0,0.0,0.0,0.0,0.0,0.0,0.024123913,0.9758761,0.0,0.0
9,9,0.0,0.0,0.0,0.0,0.0,0.0,0.0,0.0,0.024123913,0.9758761,0.0,0.0
9,9,0.0,0.0,0.0,0.0,0.0,0.0,0.0,0.0,0.024123913,0.9758761,0.0,0.0
9,9,0.0,0.0,0.0,0.0,0.0,0.0,0.0,0.0,0.024123913,0.9758761,0.0,0.0
9,9,0.0,0.0,0.0,0.0,0.0,0.0,0.0,0.0,0.024123913,0.9758761,0.0,0.0
9,9,0.0,0.0,0.0,0.0,0.0,0.0,0.0,0.0,0.024123913,0.9758761,0.0,0.0
9,9,0.0,0.0,0.0,0.0,0.0,0.0,0.0,0.0,0.024123913,0.9758761,0.0,0.0
9,9,0.0,0.0,0.0,0.0,0.0,0.0,0.0,0.0,0.024123913,0.9758761,0.0,0.0
9,9,0.0,0.0,0.0,0.0,0.0,0.0,0.0,0.0,0.024123913,0.9758761,0.0,0.0
9,9,0.0,0.0,0.0,0.0,0.0,0.0,0.0,0.0,0.024123913,0.9758761,0.0,0.0
9,9,0.0,0.0,0.0,0.0,0.0,0.0,0.0,0.0,0.024123913,0.9758761,0.0,0.0
9,9,0.0,0.0,0.0,0.0,0.0,0.0,0.0,0.0,0.024123913,0.9758761,0.0,0.0
9,9,0.0,0.0,0.0,0.0,0.0,0.0,0.0,0.0,0.024123913,0.9758761,0.0,0.0
9,9,0.0,0.0,0.0,0.0,0.0,0.0,0.0,0.0,0.024123913,0.9758761,0.0,0.0
9,9,0.0,0.0,0.0,0.0,0.0,0.0,0.0,0.0,0.024123913,0.9758761,0.0,0.0
9,9,0.0,0.0,0.0,0.0,0.0,0.0,0.0,0.0,0.024123913,0.9758761,0.0,0.0
9,9,0.0,0.0,0.0,0.0,0.0,0.0,0.0,0.0,0.024123913,0.9758761,0.0,0.0
9,9,0.0,0.0,0.0,0.0,0.0,0.0,0.0,0.0,0.024123913,0.9758761,0.0,0.0
9,9,0.0,0.0,0.0,0.0,0.0,0.0,0.0,0.0,0.024123913,0.9758761,0.0,0.0
9,9,0.0,0.0,0.0,0.0,0.0,0.0,0.0,0.0,0.024123913,0.9758761,0.0,0.0
9,9,0.0,0.0,0.0,0.0,0.0,0.0,0.0,0.0,0.024123913,0.9758761,0.0,0.0
9,9,0.0,0.0,0.0,0.0,0.0,0.0,0.0,0.0,0.024123913,0.9758761,0.0,0.0
9,9,0.0,0.0,0.0,0.0,0.0,0.0,0.0,0.0,0.024123913,0.9758761,0.0,0.0
9,9,0.0,0.0,0.0,0.0,0.0,0.0,0.0,0.0,0.024123913,0.9758761,0.0,0.0
9,9,0.0,0.0,0.0,0.0,0.0,0.0,0.0,0.0,0.024123913,0.9758761,0.0,0.0
9,9,0.0,0.0,0.0,0.0,0.0,0.0,0.0,0.0,0.024123913,0.9758761,0.0,0.0
9,9,0.0,0.0,0.0,0.0,0.0,0.0,0.0,0.0,0.024123913,0.9758761,0.0,0.0
9,9,0.0,0.0,0.0,0.0,0.0,0.0,0.0,0.0,0.024123913,0.9758761,0.0,0.0
9,9,0.0,0.0,0.0,0.0,0.0,0.0,0.0,0.0,0.024123913,0.9758761,0.0,0.0
9,9,0.0,0.0,0.0,0.0,0.0,0.0,0.0,0.0,0.024123913,0.9758761,0.0,0.0
9,9,0.0,0.0,0.0,0.0,0.0,0.0,0.0,0.0,0.024123913,0.9758761,0.0,0.0
9,9,0.0,0.0,0.0,0.0,0.0,0.0,0.0,0.0,0.024123913,0.9758761,0.0,0.0
9,9,0.0,0.0,0.0,0.0,0.0,0.0,0.0,0.0,0.024123913,0.9758761,0.0,0.0
9,9,0.0,0.0,0.0,0.0,0.0,0.0,0.0,0.0,0.024123913,0.9758761,0.0,0.0
9,9,0.0,0.0,0.0,0.0,0.0,0.0,0.0,0.0,0.024123913,0.9758761,0.0,0.0
9,9,0.0,0.0,0.0,0.0,0.0,0.0,0.0,0.0,0.024123913,0.9758761,0.0,0.0
9,9,0.0,0.0,0.0,0.0,0.0,0.0,0.0,0.0,0.024123913,0.9758761,0.0,0.0
9,9,0.0,0.0,0.0,0.0,0.0,0.0,0.0,0.0,0.024123913,0.9758761,0.0,0.0
9,9,0.0,0.0,0.0,0.0,0.0,0.0,0.0,0.0,0.024123913,0.9758761,0.0,0.0
9,9,0.0,0.0,0.0,0.0,0.0,0.0,0.0,0.0,0.024123913,0.9758761,0.0,0.0
9,9,0.0,0.0,0.0,0.0,0.0,0.0,0.0,0.0,0.024123913,0.9758761,0.0,0.0
9,9,0.0,0.0,0.0,0.0,0.0,0.0,0.0,0.0,0.024123913,0.9758761,0.0,0.0
9,9,0.0,0.0,0.0,0.0,0.0,0.0,0.0,0.0,0.024123913,0.9758761,0.0,0.0
9,9,0.0,0.0,0.0,0.0,0.0,0.0,0.0,0.0,0.024123913,0.9758761,0.0,0.0
9,9,0.0,0.0,0.0,0.0,0.0,0.0,0.0,0.0,0.024123913,0.9758761,0.0,0.0
9,9,0.0,0.0,0.0,0.0,0.0,0.0,0.0,0.0,0.024123913,0.9758761,0.0,0.0
9,9,0.0,0.0,0.0,0.0,0.0,0.0,0.0,0.0,0.024123913,0.9758761,0.0,0.0
9,9,0.0,0.0,0.0,0.0,0.0,0.0,0.0,0.0,0.024123913,0.9758761,0.0,0.0
9,9,0.0,0.0,0.0,0.0,0.0,0.0,0.0,0.0,0.024123913,0.9758761,0.0,0.0
9,9,0.0,0.0,0.0,0.0,0.0,0.0,0.0,0.0,0.024123913,0.9758761,0.0,0.0
9,9,0.0,0.0,0.0,0.0,0.0,0.0,0.0,0.0,0.024123913,0.9758761,0.0,0.0
9,9,0.0,0.0,0.0,0.0,0.0,0.0,0.0,0.0,0.024123913,0.9758761,0.0,0.0
9,9,0.0,0.0,0.0,0.0,0.0,0.0,0.0,0.0,0.024123913,0.9758761,0.0,0.0
9,9,0.0,0.0,0.0,0.0,0.0,0.0,0.0,0.0,0.024123913,0.9758761,0.0,0.0
9,9,0.0,0.0,0.0,0.0,0.0,0.0,0.0,0.0,0.024123913,0.9758761,0.0,0.0
9,9,0.0,0.0,0.0,0.0,0.0,0.0,0.0,0.0,0.024123913,0.9758761,0.0,0.0
9,9,0.0,0.0,0.0,0.0,0.0,0.0,0.0,0.0,0.024123913,0.9758761,0.0,0.0
9,9,0.0,0.0,0.0,0.0,0.0,0.0,0.0,0.0,0.024123913,0.9758761,0.0,0.0
9,9,0.0,0.0,0.0,0.0,0.0,0.0,0.0,0.0,0.024123913,0.9758761,0.0,0.0
9,9,0.0,0.0,0.0,0.0,0.0,0.0,0.0,0.0,0.024123913,0.9758761,0.0,0.0
9,9,0.0,0.0,0.0,0.0,0.0,0.0,0.0,0.0,0.024123913,0.9758761,0.0,0.0
9,9,0.0,0.0,0.0,0.0,0.0,0.0,0.0,0.0,0.024123913,0.9758761,0.0,0.0
9,9,0.0,0.0,0.0,0.0,0.0,0.0,0.0,0.0,0.024123913,0.9758761,0.0,0.0
9,9,0.0,0.0,0.0,0.0,0.0,0.0,0.0,0.0,0.024123913,0.9758761,0.0,0.0
9,9,0.0,0.0,0.0,0.0,0.0,0.0,0.0,0.0,0.024123913,0.9758761,0.0,0.0
9,9,0.0,0.0,0.0,0.0,0.0,0.0,0.0,0.0,0.024123913,0.9758761,0.0,0.0
9,9,0.0,0.0,0.0,0.0,0.0,0.0,0.0,0.0,0.024123913,0.9758761,0.0,0.0
9,9,0.0,0.0,0.0,0.0,0.0,0.0,0.0,0.0,0.024123913,0.9758761,0.0,0.0
9,9,0.0,0.0,0.0,0.0,0.0,0.0,0.0,0.0,0.024123913,0.9758761,0.0,0.0
9,9,0.0,0.0,0.0,0.0,0.0,0.0,0.0,0.0,0.024123913,0.9758761,0.0,0.0
9,9,0.0,0.0,0.0,0.0,0.0,0.0,0.0,0.0,0.024123913,0.9758761,0.0,0.0
9,9,0.0,0.0,0.0,0.0,0.0,0.0,0.0,0.0,0.024123913,0.9758761,0.0,0.0
9,9,0.0,0.0,0.0,0.0,0.0,0.0,0.0,0.0,0.024123913,0.9758761,0.0,0.0
9,9,0.0,0.0,0.0,0.0,0.0,0.0,0.0,0.0,0.024123913,0.9758761,0.0,0.0
9,9,0.0,0.0,0.0,0.0,0.0,0.0,0.0,0.0,0.024123913,0.9758761,0.0,0.0
9,9,0.0,0.0,0.0,0.0,0.0,0.0,0.0,0.0,0.024123913,0.9758761,0.0,0.0
9,9,0.0,0.0,0.0,0.0,0.0,0.0,0.0,0.0,0.024123913,0.9758761,0.0,0.0
9,9,0.0,0.0,0.0,0.0,0.0,0.0,0.0,0.0,0.024123913,0.9758761,0.0,0.0
9,9,0.0,0.0,0.0,0.0,0.0,0.0,0.0,0.0,0.024123913,0.9758761,0.0,0.0
9,9,0.0,0.0,0.0,0.0,0.0,0.0,0.0,0.0,0.024123913,0.9758761,0.0,0.0
9,9,0.0,0.0,0.0,0.0,0.0,0.0,0.0,0.0,0.024123913,0.9758761,0.0,0.0
9,9,0.0,0.0,0.0,0.0,0.0,0.0,0.0,0.0,0.024123913,0.9758761,0.0,0.0
9,9,0.0,0.0,0.0,0.0,0.0,0.0,0.0,0.0,0.024123913,0.9758761,0.0,0.0
9,9,0.0,0.0,0.0,0.0,0.0,0.0,0.0,0.0,0.024123913,0.9758761,0.0,0.0
9,9,0.0,0.0,0.0,0.0,0.0,0.0,0.0,0.0,0.024123913,0.9758761,0.0,0.0
9,9,0.0,0.0,0.0,0.0,0.0,0.0,0.0,0.0,0.024123913,0.9758761,0.0,0.0
9,9,0.0,0.0,0.0,0.0,0.0,0.0,0.0,0.0,0.024123913,0.9758761,0.0,0.0
9,9,0.0,0.0,0.0,0.0,0.0,0.0,0.0,0.0,0.024123913,0.9758761,0.0,0.0
9,9,0.0,0.0,0.0,0.0,0.0,0.0,0.0,0.0,0.024123913,0.9758761,0.0,0.0
9,9,0.0,0.0,0.0,0.0,0.0,0.0,0.0,0.0,0.024123913,0.9758761,0.0,0.0
9,9,0.0,0.0,0.0,0.0,0.0,0.0,0.0,0.0,0.024123913,0.9758761,0.0,0.0
9,9,0.0,0.0,0.0,0.0,0.0,0.0,0.0,0.0,0.024123913,0.9758761,0.0,0.0
9,9,0.0,0.0,0.0,0.0,0.0,0.0,0.0,0.0,0.024123913,0.9758761,0.0,0.0
9,9,0.0,0.0,0.0,0.0,0.0,0.0,0.0,0.0,0.024123913,0.9758761,0.0,0.0
9,9,0.0,0.0,0.0,0.0,0.0,0.0,0.0,0.0,0.024123913,0.9758761,0.0,0.0
9,9,0.0,0.0,0.0,0.0,0.0,0.0,0.0,0.0,0.024123913,0.9758761,0.0,0.0
9,9,0.0,0.0,0.0,0.0,0.0,0.0,0.0,0.0,0.024123913,0.9758761,0.0,0.0
9,9,0.0,0.0,0.0,0.0,0.0,0.0,0.0,0.0,0.024123913,0.9758761,0.0,0.0
9,9,0.0,0.0,0.0,0.0,0.0,0.0,0.0,0.0,0.024123913,0.9758761,0.0,0.0
9,9,0.0,0.0,0.0,0.0,0.0,0.0,0.0,0.0,0.024123913,0.9758761,0.0,0.0
9,9,0.0,0.0,0.0,0.0,0.0,0.0,0.0,0.0,0.024123913,0.9758761,0.0,0.0
9,9,0.0,0.0,0.0,0.0,0.0,0.0,0.0,0.0,0.024123913,0.9758761,0.0,0.0
9,9,0.0,0.0,0.0,0.0,0.0,0.0,0.0,0.0,0.024123913,0.9758761,0.0,0.0
9,9,0.0,0.0,0.0,0.0,0.0,0.0,0.0,0.0,0.024123913,0.9758761,0.0,0.0
9,9,0.0,0.0,0.0,0.0,0.0,0.0,0.0,0.0,0.024123913,0.9758761,0.0,0.0
9,9,0.0,0.0,0.0,0.0,0.0,0.0,0.0,0.0,0.024123913,0.9758761,0.0,0.0
9,9,0.0,0.0,0.0,0.0,0.0,0.0,0.0,0.0,0.024123913,0.9758761,0.0,0.0
9,9,0.0,0.0,0.0,0.0,0.0,0.0,0.0,0.0,0.024123913,0.9758761,0.0,0.0
9,9,0.0,0.0,0.0,0.0,0.0,0.0,0.0,0.0,0.024123913,0.9758761,0.0,0.0
9,9,0.0,0.0,0.0,0.0,0.0,0.0,0.0,0.0,0.024123913,0.9758761,0.0,0.0
9,9,0.0,0.0,0.0,0.0,0.0,0.0,0.0,0.0,0.024123913,0.9758761,0.0,0.0
9,9,0.0,0.0,0.0,0.0,0.0,0.0,0.0,0.0,0.024123913,0.9758761,0.0,0.0
9,9,0.0,0.0,0.0,0.0,0.0,0.0,0.0,0.0,0.024123913,0.9758761,0.0,0.0
9,9,0.0,0.0,0.0,0.0,0.0,0.0,0.0,0.0,0.024123913,0.9758761,0.0,0.0
9,9,0.0,0.0,0.0,0.0,0.0,0.0,0.0,0.0,0.024123913,0.9758761,0.0,0.0
9,9,0.0,0.0,0.0,0.0,0.0,0.0,0.0,0.0,0.024123913,0.9758761,0.0,0.0
9,9,0.0,0.0,0.0,0.0,0.0,0.0,0.0,0.0,0.024123913,0.9758761,0.0,0.0
9,9,0.0,0.0,0.0,0.0,0.0,0.0,0.0,0.0,0.024123913,0.9758761,0.0,0.0
9,9,0.0,0.0,0.0,0.0,0.0,0.0,0.0,0.0,0.024123913,0.9758761,0.0,0.0
9,9,0.0,0.0,0.0,0.0,0.0,0.0,0.0,0.0,0.024123913,0.9758761,0.0,0.0
9,9,0.0,0.0,0.0,0.0,0.0,0.0,0.0,0.0,0.024123913,0.9758761,0.0,0.0
9,9,0.0,0.0,0.0,0.0,0.0,0.0,0.0,0.0,0.024123913,0.9758761,0.0,0.0
9,9,0.0,0.0,0.0,0.0,0.0,0.0,0.0,0.0,0.024123913,0.9758761,0.0,0.0
9,9,0.0,0.0,0.0,0.0,0.0,0.0,0.0,0.0,0.024123913,0.9758761,0.0,0.0
9,9,0.0,0.0,0.0,0.0,0.0,0.0,0.0,0.0,0.024123913,0.9758761,0.0,0.0
9,9,0.0,0.0,0.0,0.0,0.0,0.0,0.0,0.0,0.024123913,0.9758761,0.0,0.0
9,9,0.0,0.0,0.0,0.0,0.0,0.0,0.0,0.0,0.024123913,0.9758761,0.0,0.0
9,9,0.0,0.0,0.0,0.0,0.0,0.0,0.0,0.0,0.024123913,0.9758761,0.0,0.0
9,9,0.0,0.0,0.0,0.0,0.0,0.0,0.0,0.0,0.024123913,0.9758761,0.0,0.0
9,9,0.0,0.0,0.0,0.0,0.0,0.0,0.0,0.0,0.024123913,0.9758761,0.0,0.0
9,9,0.0,0.0,0.0,0.0,0.0,0.0,0.0,0.0,0.024123913,0.9758761,0.0,0.0
9,9,0.0,0.0,0.0,0.0,0.0,0.0,0.0,0.0,0.024123913,0.9758761,0.0,0.0
9,9,0.0,0.0,0.0,0.0,0.0,0.0,0.0,0.0,0.024123913,0.9758761,0.0,0.0
9,9,0.0,0.0,0.0,0.0,0.0,0.0,0.0,0.0,0.024123913,0.9758761,0.0,0.0
9,9,0.0,0.0,0.0,0.0,0.0,0.0,0.0,0.0,0.024123913,0.9758761,0.0,0.0
9,9,0.0,0.0,0.0,0.0,0.0,0.0,0.0,0.0,0.024123913,0.9758761,0.0,0.0
9,9,0.0,0.0,0.0,0.0,0.0,0.0,0.0,0.0,0.024123913,0.9758761,0.0,0.0
9,9,0.0,0.0,0.0,0.0,0.0,0.0,0.0,0.0,0.024123913,0.9758761,0.0,0.0
9,9,0.0,0.0,0.0,0.0,0.0,0.0,0.0,0.0,0.024123913,0.9758761,0.0,0.0
9,9,0.0,0.0,0.0,0.0,0.0,0.0,0.0,0.0,0.024123913,0.9758761,0.0,0.0
9,9,0.0,0.0,0.0,0.0,0.0,0.0,0.0,0.0,0.024123913,0.9758761,0.0,0.0
9,9,0.0,0.0,0.0,0.0,0.0,0.0,0.0,0.0,0.024123913,0.9758761,0.0,0.0
9,9,0.0,0.0,0.0,0.0,0.0,0.0,0.0,0.0,0.024123913,0.9758761,0.0,0.0
9,9,0.0,0.0,0.0,0.0,0.0,0.0,0.0,0.0,0.024123913,0.9758761,0.0,0.0
9,9,0.0,0.0,0.0,0.0,0.0,0.0,0.0,0.0,0.024123913,0.9758761,0.0,0.0
9,9,0.0,0.0,0.0,0.0,0.0,0.0,0.0,0.0,0.024123913,0.9758761,0.0,0.0
9,9,0.0,0.0,0.0,0.0,0.0,0.0,0.0,0.0,0.024123913,0.9758761,0.0,0.0
9,9,0.0,0.0,0.0,0.0,0.0,0.0,0.0,0.0,0.024123913,0.9758761,0.0,0.0
9,9,0.0,0.0,0.0,0.0,0.0,0.0,0.0,0.0,0.024123913,0.9758761,0.0,0.0
9,9,0.0,0.0,0.0,0.0,0.0,0.0,0.0,0.0,0.024123913,0.9758761,0.0,0.0
9,9,0.0,0.0,0.0,0.0,0.0,0.0,0.0,0.0,0.024123913,0.9758761,0.0,0.0
9,9,0.0,0.0,0.0,0.0,0.0,0.0,0.0,0.0,0.024123913,0.9758761,0.0,0.0
9,9,0.0,0.0,0.0,0.0,0.0,0.0,0.0,0.0,0.024123913,0.9758761,0.0,0.0
9,9,0.0,0.0,0.0,0.0,0.0,0.0,0.0,0.0,0.024123913,0.9758761,0.0,0.0
9,9,0.0,0.0,0.0,0.0,0.0,0.0,0.0,0.0,0.024123913,0.9758761,0.0,0.0
9,9,0.0,0.0,0.0,0.0,0.0,0.0,0.0,0.0,0.024123913,0.9758761,0.0,0.0
9,9,0.0,0.0,0.0,0.0,0.0,0.0,0.0,0.0,0.024123913,0.9758761,0.0,0.0
9,9,0.0,0.0,0.0,0.0,0.0,0.0,0.0,0.0,0.024123913,0.9758761,0.0,0.0
9,9,0.0,0.0,0.0,0.0,0.0,0.0,0.0,0.0,0.024123913,0.9758761,0.0,0.0
9,9,0.0,0.0,0.0,0.0,0.0,0.0,0.0,0.0,0.024123913,0.9758761,0.0,0.0
9,9,0.0,0.0,0.0,0.0,0.0,0.0,0.0,0.0,0.024123913,0.9758761,0.0,0.0
9,9,0.0,0.0,0.0,0.0,0.0,0.0,0.0,0.0,0.024123913,0.9758761,0.0,0.0
9,9,0.0,0.0,0.0,0.0,0.0,0.0,0.0,0.0,0.024123913,0.9758761,0.0,0.0
9,9,0.0,0.0,0.0,0.0,0.0,0.0,0.0,0.0,0.024123913,0.9758761,0.0,0.0
9,9,0.0,0.0,0.0,0.0,0.0,0.0,0.0,0.0,0.024123913,0.9758761,0.0,0.0
9,9,0.0,0.0,0.0,0.0,0.0,0.0,0.0,0.0,0.024123913,0.9758761,0.0,0.0
9,9,0.0,0.0,0.0,0.0,0.0,0.0,0.0,0.0,0.024123913,0.9758761,0.0,0.0
9,9,0.0,0.0,0.0,0.0,0.0,0.0,0.0,0.0,0.024123913,0.9758761,0.0,0.0
9,9,0.0,0.0,0.0,0.0,0.0,0.0,0.0,0.0,0.024123913,0.9758761,0.0,0.0
9,9,0.0,0.0,0.0,0.0,0.0,0.0,0.0,0.0,0.024123913,0.9758761,0.0,0.0
9,9,0.0,0.0,0.0,0.0,0.0,0.0,0.0,0.0,0.024123913,0.9758761,0.0,0.0
9,9,0.0,0.0,0.0,0.0,0.0,0.0,0.0,0.0,0.024123913,0.9758761,0.0,0.0
9,9,0.0,0.0,0.0,0.0,0.0,0.0,0.0,0.0,0.024123913,0.9758761,0.0,0.0
9,9,0.0,0.0,0.0,0.0,0.0,0.0,0.0,0.0,0.024123913,0.9758761,0.0,0.0
9,9,0.0,0.0,0.0,0.0,0.0,0.0,0.0,0.0,0.024123913,0.9758761,0.0,0.0
9,9,0.0,0.0,0.0,0.0,0.0,0.0,0.0,0.0,0.024123913,0.9758761,0.0,0.0
9,9,0.0,0.0,0.0,0.0,0.0,0.0,0.0,0.0,0.024123913,0.9758761,0.0,0.0
9,9,0.0,0.0,0.0,0.0,0.0,0.0,0.0,0.0,0.024123913,0.9758761,0.0,0.0
9,9,0.0,0.0,0.0,0.0,0.0,0.0,0.0,0.0,0.024123913,0.9758761,0.0,0.0
9,9,0.0,0.0,0.0,0.0,0.0,0.0,0.0,0.0,0.024123913,0.9758761,0.0,0.0
9,9,0.0,0.0,0.0,0.0,0.0,0.0,0.0,0.0,0.024123913,0.9758761,0.0,0.0
9,9,0.0,0.0,0.0,0.0,0.0,0.0,0.0,0.0,0.024123913,0.9758761,0.0,0.0
9,9,0.0,0.0,0.0,0.0,0.0,0.0,0.0,0.0,0.024123913,0.9758761,0.0,0.0
9,9,0.0,0.0,0.0,0.0,0.0,0.0,0.0,0.0,0.024123913,0.9758761,0.0,0.0
9,9,0.0,0.0,0.0,0.0,0.0,0.0,0.0,0.0,0.024123913,0.9758761,0.0,0.0
9,9,0.0,0.0,0.0,0.0,0.0,0.0,0.0,0.0,0.024123913,0.9758761,0.0,0.0
9,9,0.0,0.0,0.0,0.0,0.0,0.0,0.0,0.0,0.024123913,0.9758761,0.0,0.0
9,9,0.0,0.0,0.0,0.0,0.0,0.0,0.0,0.0,0.024123913,0.9758761,0.0,0.0
9,9,0.0,0.0,0.0,0.0,0.0,0.0,0.0,0.0,0.024123913,0.9758761,0.0,0.0
9,9,0.0,0.0,0.0,0.0,0.0,0.0,0.0,0.0,0.024123913,0.9758761,0.0,0.0
9,9,0.0,0.0,0.0,0.0,0.0,0.0,0.0,0.0,0.024123913,0.9758761,0.0,0.0
9,9,0.0,0.0,0.0,0.0,0.0,0.0,0.0,0.0,0.024123913,0.9758761,0.0,0.0
9,9,0.0,0.0,0.0,0.0,0.0,0.0,0.0,0.0,0.024123913,0.9758761,0.0,0.0
9,9,0.0,0.0,0.0,0.0,0.0,0.0,0.0,0.0,0.024123913,0.9758761,0.0,0.0
9,9,0.0,0.0,0.0,0.0,0.0,0.0,0.0,0.0,0.024123913,0.9758761,0.0,0.0
9,9,0.0,0.0,0.0,0.0,0.0,0.0,0.0,0.0,0.024123913,0.9758761,0.0,0.0
9,9,0.0,0.0,0.0,0.0,0.0,0.0,0.0,0.0,0.024123913,0.9758761,0.0,0.0
9,9,0.0,0.0,0.0,0.0,0.0,0.0,0.0,0.0,0.024123913,0.9758761,0.0,0.0
9,9,0.0,0.0,0.0,0.0,0.0,0.0,0.0,0.0,0.024123913,0.9758761,0.0,0.0
9,9,0.0,0.0,0.0,0.0,0.0,0.0,0.0,0.0,0.024123913,0.9758761,0.0,0.0
9,9,0.0,0.0,0.0,0.0,0.0,0.0,0.0,0.0,0.024123913,0.9758761,0.0,0.0
9,9,0.0,0.0,0.0,0.0,0.0,0.0,0.0,0.0,0.024123913,0.9758761,0.0,0.0
9,9,0.0,0.0,0.0,0.0,0.0,0.0,0.0,0.0,0.024123913,0.9758761,0.0,0.0
9,9,0.0,0.0,0.0,0.0,0.0,0.0,0.0,0.0,0.024123913,0.9758761,0.0,0.0
9,9,0.0,0.0,0.0,0.0,0.0,0.0,0.0,0.0,0.024123913,0.9758761,0.0,0.0
9,9,0.0,0.0,0.0,0.0,0.0,0.0,0.0,0.0,0.024123913,0.9758761,0.0,0.0
9,9,0.0,0.0,0.0,0.0,0.0,0.0,0.0,0.0,0.024123913,0.9758761,0.0,0.0
9,9,0.0,0.0,0.0,0.0,0.0,0.0,0.0,0.0,0.024123913,0.9758761,0.0,0.0
9,9,0.0,0.0,0.0,0.0,0.0,0.0,0.0,0.0,0.024123913,0.9758761,0.0,0.0
9,9,0.0,0.0,0.0,0.0,0.0,0.0,0.0,0.0,0.024123913,0.9758761,0.0,0.0
9,9,0.0,0.0,0.0,0.0,0.0,0.0,0.0,0.0,0.024123913,0.9758761,0.0,0.0
9,9,0.0,0.0,0.0,0.0,0.0,0.0,0.0,0.0,0.024123913,0.9758761,0.0,0.0
9,9,0.0,0.0,0.0,0.0,0.0,0.0,0.0,0.0,0.024123913,0.9758761,0.0,0.0
9,9,0.0,0.0,0.0,0.0,0.0,0.0,0.0,0.0,0.024123913,0.9758761,0.0,0.0
9,9,0.0,0.0,0.0,0.0,0.0,0.0,0.0,0.0,0.024123913,0.9758761,0.0,0.0
9,9,0.0,0.0,0.0,0.0,0.0,0.0,0.0,0.0,0.024123913,0.9758761,0.0,0.0
9,9,0.0,0.0,0.0,0.0,0.0,0.0,0.0,0.0,0.024123913,0.9758761,0.0,0.0
9,9,0.0,0.0,0.0,0.0,0.0,0.0,0.0,0.0,0.024123913,0.9758761,0.0,0.0
9,9,0.0,0.0,0.0,0.0,0.0,0.0,0.0,0.0,0.024123913,0.9758761,0.0,0.0
9,9,0.0,0.0,0.0,0.0,0.0,0.0,0.0,0.0,0.024123913,0.9758761,0.0,0.0
9,9,0.0,0.0,0.0,0.0,0.0,0.0,0.0,0.0,0.024123913,0.9758761,0.0,0.0
9,9,0.0,0.0,0.0,0.0,0.0,0.0,0.0,0.0,0.024123913,0.9758761,0.0,0.0
9,9,0.0,0.0,0.0,0.0,0.0,0.0,0.0,0.0,0.024123913,0.9758761,0.0,0.0
9,9,0.0,0.0,0.0,0.0,0.0,0.0,0.0,0.0,0.024123913,0.9758761,0.0,0.0
9,9,0.0,0.0,0.0,0.0,0.0,0.0,0.0,0.0,0.024123913,0.9758761,0.0,0.0
9,9,0.0,0.0,0.0,0.0,0.0,0.0,0.0,0.0,0.024123913,0.9758761,0.0,0.0
9,9,0.0,0.0,0.0,0.0,0.0,0.0,0.0,0.0,0.024123913,0.9758761,0.0,0.0
9,9,0.0,0.0,0.0,0.0,0.0,0.0,0.0,0.0,0.024123913,0.9758761,0.0,0.0
9,9,0.0,0.0,0.0,0.0,0.0,0.0,0.0,0.0,0.024123913,0.9758761,0.0,0.0
9,9,0.0,0.0,0.0,0.0,0.0,0.0,0.0,0.0,0.024123913,0.9758761,0.0,0.0
9,9,0.0,0.0,0.0,0.0,0.0,0.0,0.0,0.0,0.024123913,0.9758761,0.0,0.0
9,9,0.0,0.0,0.0,0.0,0.0,0.0,0.0,0.0,0.024123913,0.9758761,0.0,0.0
9,9,0.0,0.0,0.0,0.0,0.0,0.0,0.0,0.0,0.024123913,0.9758761,0.0,0.0
9,9,0.0,0.0,0.0,0.0,0.0,0.0,0.0,0.0,0.024123913,0.9758761,0.0,0.0
9,9,0.0,0.0,0.0,0.0,0.0,0.0,0.0,0.0,0.024123913,0.9758761,0.0,0.0
9,9,0.0,0.0,0.0,0.0,0.0,0.0,0.0,0.0,0.024123913,0.9758761,0.0,0.0
9,9,0.0,0.0,0.0,0.0,0.0,0.0,0.0,0.0,0.024123913,0.9758761,0.0,0.0
9,9,0.0,0.0,0.0,0.0,0.0,0.0,0.0,0.0,0.024123913,0.9758761,0.0,0.0
9,9,0.0,0.0,0.0,0.0,0.0,0.0,0.0,0.0,0.024123913,0.9758761,0.0,0.0
9,9,0.0,0.0,0.0,0.0,0.0,0.0,0.0,0.0,0.024123913,0.9758761,0.0,0.0
9,9,0.0,0.0,0.0,0.0,0.0,0.0,0.0,0.0,0.024123913,0.9758761,0.0,0.0
9,9,0.0,0.0,0.0,0.0,0.0,0.0,0.0,0.0,0.024123913,0.9758761,0.0,0.0
9,9,0.0,0.0,0.0,0.0,0.0,0.0,0.0,0.0,0.024123913,0.9758761,0.0,0.0
9,9,0.0,0.0,0.0,0.0,0.0,0.0,0.0,0.0,0.024123913,0.9758761,0.0,0.0
9,9,0.0,0.0,0.0,0.0,0.0,0.0,0.0,0.0,0.024123913,0.9758761,0.0,0.0
9,9,0.0,0.0,0.0,0.0,0.0,0.0,0.0,0.0,0.024123913,0.9758761,0.0,0.0
9,9,0.0,0.0,0.0,0.0,0.0,0.0,0.0,0.0,0.024123913,0.9758761,0.0,0.0
9,9,0.0,0.0,0.0,0.0,0.0,0.0,0.0,0.0,0.024123913,0.9758761,0.0,0.0
9,9,0.0,0.0,0.0,0.0,0.0,0.0,0.0,0.0,0.024123913,0.9758761,0.0,0.0
9,9,0.0,0.0,0.0,0.0,0.0,0.0,0.0,0.0,0.024123913,0.9758761,0.0,0.0
9,9,0.0,0.0,0.0,0.0,0.0,0.0,0.0,0.0,0.024123913,0.9758761,0.0,0.0
9,9,0.0,0.0,0.0,0.0,0.0,0.0,0.0,0.0,0.024123913,0.9758761,0.0,0.0
9,9,0.0,0.0,0.0,0.0,0.0,0.0,0.0,0.0,0.024123913,0.9758761,0.0,0.0
9,9,0.0,0.0,0.0,0.0,0.0,0.0,0.0,0.0,0.024123913,0.9758761,0.0,0.0
9,9,0.0,0.0,0.0,0.0,0.0,0.0,0.0,0.0,0.024123913,0.9758761,0.0,0.0
9,9,0.0,0.0,0.0,0.0,0.0,0.0,0.0,0.0,0.024123913,0.9758761,0.0,0.0
9,9,0.0,0.0,0.0,0.0,0.0,0.0,0.0,0.0,0.024123913,0.9758761,0.0,0.0
9,9,0.0,0.0,0.0,0.0,0.0,0.0,0.0,0.0,0.024123913,0.9758761,0.0,0.0
9,9,0.0,0.0,0.0,0.0,0.0,0.0,0.0,0.0,0.024123913,0.9758761,0.0,0.0
9,9,0.0,0.0,0.0,0.0,0.0,0.0,0.0,0.0,0.024123913,0.9758761,0.0,0.0
9,9,0.0,0.0,0.0,0.0,0.0,0.0,0.0,0.0,0.024123913,0.9758761,0.0,0.0
9,9,0.0,0.0,0.0,0.0,0.0,0.0,0.0,0.0,0.024123913,0.9758761,0.0,0.0
9,9,0.0,0.0,0.0,0.0,0.0,0.0,0.0,0.0,0.024123913,0.9758761,0.0,0.0
9,9,0.0,0.0,0.0,0.0,0.0,0.0,0.0,0.0,0.024123913,0.9758761,0.0,0.0
9,9,0.0,0.0,0.0,0.0,0.0,0.0,0.0,0.0,0.024123913,0.9758761,0.0,0.0
9,9,0.0,0.0,0.0,0.0,0.0,0.0,0.0,0.0,0.024123913,0.9758761,0.0,0.0
9,9,0.0,0.0,0.0,0.0,0.0,0.0,0.0,0.0,0.024123913,0.9758761,0.0,0.0
9,9,0.0,0.0,0.0,0.0,0.0,0.0,0.0,0.0,0.024123913,0.9758761,0.0,0.0
9,9,0.0,0.0,0.0,0.0,0.0,0.0,0.0,0.0,0.024123913,0.9758761,0.0,0.0
9,9,0.0,0.0,0.0,0.0,0.0,0.0,0.0,0.0,0.024123913,0.9758761,0.0,0.0
9,9,0.0,0.0,0.0,0.0,0.0,0.0,0.0,0.0,0.024123913,0.9758761,0.0,0.0
9,9,0.0,0.0,0.0,0.0,0.0,0.0,0.0,0.0,0.024123913,0.9758761,0.0,0.0
9,9,0.0,0.0,0.0,0.0,0.0,0.0,0.0,0.0,0.024123913,0.9758761,0.0,0.0
9,9,0.0,0.0,0.0,0.0,0.0,0.0,0.0,0.0,0.024123913,0.9758761,0.0,0.0
9,9,0.0,0.0,0.0,0.0,0.0,0.0,0.0,0.0,0.024123913,0.9758761,0.0,0.0
9,9,0.0,0.0,0.0,0.0,0.0,0.0,0.0,0.0,0.024123913,0.9758761,0.0,0.0
9,9,0.0,0.0,0.0,0.0,0.0,0.0,0.0,0.0,0.024123913,0.9758761,0.0,0.0
9,9,0.0,0.0,0.0,0.0,0.0,0.0,0.0,0.0,0.024123913,0.9758761,0.0,0.0
9,9,0.0,0.0,0.0,0.0,0.0,0.0,0.0,0.0,0.024123913,0.9758761,0.0,0.0
9,9,0.0,0.0,0.0,0.0,0.0,0.0,0.0,0.0,0.024123913,0.9758761,0.0,0.0
9,9,0.0,0.0,0.0,0.0,0.0,0.0,0.0,0.0,0.024123913,0.9758761,0.0,0.0
9,9,0.0,0.0,0.0,0.0,0.0,0.0,0.0,0.0,0.024123913,0.9758761,0.0,0.0
9,9,0.0,0.0,0.0,0.0,0.0,0.0,0.0,0.0,0.024123913,0.9758761,0.0,0.0
9,9,0.0,0.0,0.0,0.0,0.0,0.0,0.0,0.0,0.024123913,0.9758761,0.0,0.0
9,9,0.0,0.0,0.0,0.0,0.0,0.0,0.0,0.0,0.024123913,0.9758761,0.0,0.0
9,9,0.0,0.0,0.0,0.0,0.0,0.0,0.0,0.0,0.024123913,0.9758761,0.0,0.0
9,9,0.0,0.0,0.0,0.0,0.0,0.0,0.0,0.0,0.024123913,0.9758761,0.0,0.0
9,9,0.0,0.0,0.0,0.0,0.0,0.0,0.0,0.0,0.024123913,0.9758761,0.0,0.0
9,9,0.0,0.0,0.0,0.0,0.0,0.0,0.0,0.0,0.024123913,0.9758761,0.0,0.0
9,9,0.0,0.0,0.0,0.0,0.0,0.0,0.0,0.0,0.024123913,0.9758761,0.0,0.0
9,9,0.0,0.0,0.0,0.0,0.0,0.0,0.0,0.0,0.024123913,0.9758761,0.0,0.0
9,9,0.0,0.0,0.0,0.0,0.0,0.0,0.0,0.0,0.024123913,0.9758761,0.0,0.0
9,9,0.0,0.0,0.0,0.0,0.0,0.0,0.0,0.0,0.024123913,0.9758761,0.0,0.0
9,9,0.0,0.0,0.0,0.0,0.0,0.0,0.0,0.0,0.024123913,0.9758761,0.0,0.0
9,9,0.0,0.0,0.0,0.0,0.0,0.0,0.0,0.0,0.024123913,0.9758761,0.0,0.0
9,9,0.0,0.0,0.0,0.0,0.0,0.0,0.0,0.0,0.024123913,0.9758761,0.0,0.0
9,9,0.0,0.0,0.0,0.0,0.0,0.0,0.0,0.0,0.024123913,0.9758761,0.0,0.0
9,9,0.0,0.0,0.0,0.0,0.0,0.0,0.0,0.0,0.024123913,0.9758761,0.0,0.0
9,9,0.0,0.0,0.0,0.0,0.0,0.0,0.0,0.0,0.024123913,0.9758761,0.0,0.0
9,9,0.0,0.0,0.0,0.0,0.0,0.0,0.0,0.0,0.024123913,0.9758761,0.0,0.0
9,9,0.0,0.0,0.0,0.0,0.0,0.0,0.0,0.0,0.024123913,0.9758761,0.0,0.0
9,9,0.0,0.0,0.0,0.0,0.0,0.0,0.0,0.0,0.024123913,0.9758761,0.0,0.0
9,9,0.0,0.0,0.0,0.0,0.0,0.0,0.0,0.0,0.024123913,0.9758761,0.0,0.0
9,9,0.0,0.0,0.0,0.0,0.0,0.0,0.0,0.0,0.024123913,0.9758761,0.0,0.0
9,9,0.0,0.0,0.0,0.0,0.0,0.0,0.0,0.0,0.024123913,0.9758761,0.0,0.0
9,9,0.0,0.0,0.0,0.0,0.0,0.0,0.0,0.0,0.024123913,0.9758761,0.0,0.0
9,9,0.0,0.0,0.0,0.0,0.0,0.0,0.0,0.0,0.024123913,0.9758761,0.0,0.0
9,9,0.0,0.0,0.0,0.0,0.0,0.0,0.0,0.0,0.024123913,0.9758761,0.0,0.0
9,9,0.0,0.0,0.0,0.0,0.0,0.0,0.0,0.0,0.024123913,0.9758761,0.0,0.0
9,9,0.0,0.0,0.0,0.0,0.0,0.0,0.0,0.0,0.024123913,0.9758761,0.0,0.0
9,9,0.0,0.0,0.0,0.0,0.0,0.0,0.0,0.0,0.024123913,0.9758761,0.0,0.0
9,9,0.0,0.0,0.0,0.0,0.0,0.0,0.0,0.0,0.024123913,0.9758761,0.0,0.0
9,9,0.0,0.0,0.0,0.0,0.0,0.0,0.0,0.0,0.024123913,0.9758761,0.0,0.0
9,9,0.0,0.0,0.0,0.0,0.0,0.0,0.0,0.0,0.024123913,0.9758761,0.0,0.0
9,9,0.0,0.0,0.0,0.0,0.0,0.0,0.0,0.0,0.024123913,0.9758761,0.0,0.0
9,9,0.0,0.0,0.0,0.0,0.0,0.0,0.0,0.0,0.024123913,0.9758761,0.0,0.0
9,9,0.0,0.0,0.0,0.0,0.0,0.0,0.0,0.0,0.024123913,0.9758761,0.0,0.0
9,9,0.0,0.0,0.0,0.0,0.0,0.0,0.0,0.0,0.024123913,0.9758761,0.0,0.0
9,9,0.0,0.0,0.0,0.0,0.0,0.0,0.0,0.0,0.024123913,0.9758761,0.0,0.0
9,9,0.0,0.0,0.0,0.0,0.0,0.0,0.0,0.0,0.024123913,0.9758761,0.0,0.0
9,9,0.0,0.0,0.0,0.0,0.0,0.0,0.0,0.0,0.024123913,0.9758761,0.0,0.0
9,9,0.0,0.0,0.0,0.0,0.0,0.0,0.0,0.0,0.024123913,0.9758761,0.0,0.0
9,9,0.0,0.0,0.0,0.0,0.0,0.0,0.0,0.0,0.024123913,0.9758761,0.0,0.0
9,9,0.0,0.0,0.0,0.0,0.0,0.0,0.0,0.0,0.024123913,0.9758761,0.0,0.0
9,9,0.0,0.0,0.0,0.0,0.0,0.0,0.0,0.0,0.024123913,0.9758761,0.0,0.0
9,9,0.0,0.0,0.0,0.0,0.0,0.0,0.0,0.0,0.024123913,0.9758761,0.0,0.0
9,9,0.0,0.0,0.0,0.0,0.0,0.0,0.0,0.0,0.024123913,0.9758761,0.0,0.0
9,9,0.0,0.0,0.0,0.0,0.0,0.0,0.0,0.0,0.024123913,0.9758761,0.0,0.0
9,9,0.0,0.0,0.0,0.0,0.0,0.0,0.0,0.0,0.024123913,0.9758761,0.0,0.0
9,9,0.0,0.0,0.0,0.0,0.0,0.0,0.0,0.0,0.024123913,0.9758761,0.0,0.0
9,9,0.0,0.0,0.0,0.0,0.0,0.0,0.0,0.0,0.024123913,0.9758761,0.0,0.0
9,9,0.0,0.0,0.0,0.0,0.0,0.0,0.0,0.0,0.024123913,0.9758761,0.0,0.0
9,9,0.0,0.0,0.0,0.0,0.0,0.0,0.0,0.0,0.024123913,0.9758761,0.0,0.0
9,9,0.0,0.0,0.0,0.0,0.0,0.0,0.0,0.0,0.024123913,0.9758761,0.0,0.0
9,9,0.0,0.0,0.0,0.0,0.0,0.0,0.0,0.0,0.024123913,0.9758761,0.0,0.0
9,9,0.0,0.0,0.0,0.0,0.0,0.0,0.0,0.0,0.024123913,0.9758761,0.0,0.0
9,9,0.0,0.0,0.0,0.0,0.0,0.0,0.0,0.0,0.024123913,0.9758761,0.0,0.0
9,9,0.0,0.0,0.0,0.0,0.0,0.0,0.0,0.0,0.024123913,0.9758761,0.0,0.0
9,9,0.0,0.0,0.0,0.0,0.0,0.0,0.0,0.0,0.024123913,0.9758761,0.0,0.0
9,9,0.0,0.0,0.0,0.0,0.0,0.0,0.0,0.0,0.024123913,0.9758761,0.0,0.0
9,9,0.0,0.0,0.0,0.0,0.0,0.0,0.0,0.0,0.024123913,0.9758761,0.0,0.0
9,9,0.0,0.0,0.0,0.0,0.0,0.0,0.0,0.0,0.024123913,0.9758761,0.0,0.0
9,9,0.0,0.0,0.0,0.0,0.0,0.0,0.0,0.0,0.024123913,0.9758761,0.0,0.0
9,9,0.0,0.0,0.0,0.0,0.0,0.0,0.0,0.0,0.024123913,0.9758761,0.0,0.0
9,9,0.0,0.0,0.0,0.0,0.0,0.0,0.0,0.0,0.024123913,0.9758761,0.0,0.0
9,9,0.0,0.0,0.0,0.0,0.0,0.0,0.0,0.0,0.024123913,0.9758761,0.0,0.0
9,9,0.0,0.0,0.0,0.0,0.0,0.0,0.0,0.0,0.024123913,0.9758761,0.0,0.0
9,9,0.0,0.0,0.0,0.0,0.0,0.0,0.0,0.0,0.024123913,0.9758761,0.0,0.0
9,9,0.0,0.0,0.0,0.0,0.0,0.0,0.0,0.0,0.024123913,0.9758761,0.0,0.0
9,9,0.0,0.0,0.0,0.0,0.0,0.0,0.0,0.0,0.024123913,0.9758761,0.0,0.0
9,9,0.0,0.0,0.0,0.0,0.0,0.0,0.0,0.0,0.024123913,0.9758761,0.0,0.0
9,9,0.0,0.0,0.0,0.0,0.0,0.0,0.0,0.0,0.024123913,0.9758761,0.0,0.0
9,9,0.0,0.0,0.0,0.0,0.0,0.0,0.0,0.0,0.024123913,0.9758761,0.0,0.0
9,9,0.0,0.0,0.0,0.0,0.0,0.0,0.0,0.0,0.024123913,0.9758761,0.0,0.0
9,9,0.0,0.0,0.0,0.0,0.0,0.0,0.0,0.0,0.024123913,0.9758761,0.0,0.0
9,9,0.0,0.0,0.0,0.0,0.0,0.0,0.0,0.0,0.024123913,0.9758761,0.0,0.0
9,9,0.0,0.0,0.0,0.0,0.0,0.0,0.0,0.0,0.024123913,0.9758761,0.0,0.0
9,9,0.0,0.0,0.0,0.0,0.0,0.0,0.0,0.0,0.024123913,0.9758761,0.0,0.0
9,9,0.0,0.0,0.0,0.0,0.0,0.0,0.0,0.0,0.024123913,0.9758761,0.0,0.0
9,9,0.0,0.0,0.0,0.0,0.0,0.0,0.0,0.0,0.024123913,0.9758761,0.0,0.0
9,9,0.0,0.0,0.0,0.0,0.0,0.0,0.0,0.0,0.024123913,0.9758761,0.0,0.0
9,9,0.0,0.0,0.0,0.0,0.0,0.0,0.0,0.0,0.024123913,0.9758761,0.0,0.0
9,9,0.0,0.0,0.0,0.0,0.0,0.0,0.0,0.0,0.024123913,0.9758761,0.0,0.0
9,9,0.0,0.0,0.0,0.0,0.0,0.0,0.0,0.0,0.024123913,0.9758761,0.0,0.0
9,9,0.0,0.0,0.0,0.0,0.0,0.0,0.0,0.0,0.024123913,0.9758761,0.0,0.0
9,9,0.0,0.0,0.0,0.0,0.0,0.0,0.0,0.0,0.024123913,0.9758761,0.0,0.0
9,9,0.0,0.0,0.0,0.0,0.0,0.0,0.0,0.0,0.024123913,0.9758761,0.0,0.0
9,9,0.0,0.0,0.0,0.0,0.0,0.0,0.0,0.0,0.024123913,0.9758761,0.0,0.0
9,9,0.0,0.0,0.0,0.0,0.0,0.0,0.0,0.0,0.024123913,0.9758761,0.0,0.0
9,9,0.0,0.0,0.0,0.0,0.0,0.0,0.0,0.0,0.024123913,0.9758761,0.0,0.0
9,9,0.0,0.0,0.0,0.0,0.0,0.0,0.0,0.0,0.024123913,0.9758761,0.0,0.0
9,9,0.0,0.0,0.0,0.0,0.0,0.0,0.0,0.0,0.024123913,0.9758761,0.0,0.0
9,9,0.0,0.0,0.0,0.0,0.0,0.0,0.0,0.0,0.024123913,0.9758761,0.0,0.0
9,9,0.0,0.0,0.0,0.0,0.0,0.0,0.0,0.0,0.024123913,0.9758761,0.0,0.0
9,9,0.0,0.0,0.0,0.0,0.0,0.0,0.0,0.0,0.024123913,0.9758761,0.0,0.0
9,9,0.0,0.0,0.0,0.0,0.0,0.0,0.0,0.0,0.024123913,0.9758761,0.0,0.0
9,9,0.0,0.0,0.0,0.0,0.0,0.0,0.0,0.0,0.024123913,0.9758761,0.0,0.0
9,9,0.0,0.0,0.0,0.0,0.0,0.0,0.0,0.0,0.024123913,0.9758761,0.0,0.0
9,9,0.0,0.0,0.0,0.0,0.0,0.0,0.0,0.0,0.024123913,0.9758761,0.0,0.0
9,9,0.0,0.0,0.0,0.0,0.0,0.0,0.0,0.0,0.024123913,0.9758761,0.0,0.0
9,9,0.0,0.0,0.0,0.0,0.0,0.0,0.0,0.0,0.024123913,0.9758761,0.0,0.0
9,9,0.0,0.0,0.0,0.0,0.0,0.0,0.0,0.0,0.024123913,0.9758761,0.0,0.0
9,9,0.0,0.0,0.0,0.0,0.0,0.0,0.0,0.0,0.024123913,0.9758761,0.0,0.0
9,9,0.0,0.0,0.0,0.0,0.0,0.0,0.0,0.0,0.024123913,0.9758761,0.0,0.0
9,9,0.0,0.0,0.0,0.0,0.0,0.0,0.0,0.0,0.024123913,0.9758761,0.0,0.0
9,9,0.0,0.0,0.0,0.0,0.0,0.0,0.0,0.0,0.024123913,0.9758761,0.0,0.0
9,9,0.0,0.0,0.0,0.0,0.0,0.0,0.0,0.0,0.024123913,0.9758761,0.0,0.0
9,9,0.0,0.0,0.0,0.0,0.0,0.0,0.0,0.0,0.024123913,0.9758761,0.0,0.0
9,9,0.0,0.0,0.0,0.0,0.0,0.0,0.0,0.0,0.024123913,0.9758761,0.0,0.0
9,9,0.0,0.0,0.0,0.0,0.0,0.0,0.0,0.0,0.024123913,0.9758761,0.0,0.0
9,9,0.0,0.0,0.0,0.0,0.0,0.0,0.0,0.0,0.024123913,0.9758761,0.0,0.0
9,9,0.0,0.0,0.0,0.0,0.0,0.0,0.0,0.0,0.024123913,0.9758761,0.0,0.0
9,9,0.0,0.0,0.0,0.0,0.0,0.0,0.0,0.0,0.024123913,0.9758761,0.0,0.0
9,9,0.0,0.0,0.0,0.0,0.0,0.0,0.0,0.0,0.024123913,0.9758761,0.0,0.0
9,9,0.0,0.0,0.0,0.037795965,0.0,0.0,0.0,0.0,0.0,0.96220404,0.0,0.0
9,9,0.0,0.0,0.0,0.037795965,0.0,0.0,0.0,0.0,0.0,0.96220404,0.0,0.0
9,9,0.0,0.0,0.0,0.037795965,0.0,0.0,0.0,0.0,0.0,0.96220404,0.0,0.0
9,9,0.0,0.0,0.0,0.037795965,0.0,0.0,0.0,0.0,0.0,0.96220404,0.0,0.0
9,9,0.0,0.0,0.0,0.037795965,0.0,0.0,0.0,0.0,0.0,0.96220404,0.0,0.0
9,9,0.0,0.0,0.0,0.037795965,0.0,0.0,0.0,0.0,0.0,0.96220404,0.0,0.0
9,9,0.0,0.0,0.0,0.037795965,0.0,0.0,0.0,0.0,0.0,0.96220404,0.0,0.0
9,9,0.0,0.0,0.0,0.037795965,0.0,0.0,0.0,0.0,0.0,0.96220404,0.0,0.0
9,9,0.0,0.0,0.0,0.037795965,0.0,0.0,0.0,0.0,0.0,0.96220404,0.0,0.0
9,9,0.0,0.0,0.0,0.037795965,0.0,0.0,0.0,0.0,0.0,0.96220404,0.0,0.0
9,9,0.0,0.0,0.0,0.037795965,0.0,0.0,0.0,0.0,0.0,0.96220404,0.0,0.0
9,9,0.0,0.0,0.0,0.037795965,0.0,0.0,0.0,0.0,0.0,0.96220404,0.0,0.0
9,9,0.0,0.0,0.0,0.037795965,0.0,0.0,0.0,0.0,0.0,0.96220404,0.0,0.0
9,9,0.0,0.0,0.0,0.037795965,0.0,0.0,0.0,0.0,0.0,0.96220404,0.0,0.0
9,9,0.0,0.0,0.0,0.037795965,0.0,0.0,0.0,0.0,0.0,0.96220404,0.0,0.0
9,9,0.0,0.0,0.0,0.09002906,0.0,0.0,0.0,0.0,0.0,0.90997094,0.0,0.0
9,9,0.0,0.0,0.0,0.15304507,0.0,0.0,0.0,0.0,0.0,0.84695494,0.0,0.0
9,9,0.0,0.0,0.0,0.15304507,0.0,0.0,0.0,0.0,0.0,0.84695494,0.0,0.0
9,9,0.0,0.0,0.0,0.15304507,0.0,0.0,0.0,0.0,0.0,0.84695494,0.0,0.0
9,9,0.0,0.0,0.0,0.15304507,0.0,0.0,0.0,0.0,0.0,0.84695494,0.0,0.0
9,9,0.0,0.0,0.0,0.15304507,0.0,0.0,0.0,0.0,0.0,0.84695494,0.0,0.0
9,9,0.0,0.0,0.0,0.15304507,0.0,0.0,0.0,0.0,0.0,0.84695494,0.0,0.0
9,9,0.0,0.0,0.0,0.15304507,0.0,0.0,0.0,0.0,0.0,0.84695494,0.0,0.0
9,9,0.0,0.0,0.0,0.15304507,0.0,0.0,0.0,0.0,0.0,0.84695494,0.0,0.0
9,9,0.0,0.0,0.0,0.15304507,0.0,0.0,0.0,0.0,0.0,0.84695494,0.0,0.0
9,9,0.0,0.0,0.0,0.15304507,0.0,0.0,0.0,0.0,0.0,0.84695494,0.0,0.0
9,9,0.0,0.0,0.0,0.20231508,0.0,0.0,0.0,0.0,0.0,0.7976849,0.0,0.0
9,9,0.0,0.0,0.0,0.20231508,0.0,0.0,0.0,0.0,0.0,0.7976849,0.0,0.0
9,9,0.0,0.0,0.0,0.20231508,0.0,0.0,0.0,0.0,0.0,0.7976849,0.0,0.0
9,9,0.0,0.0,0.0,0.20231508,0.0,0.0,0.0,0.0,0.0,0.7976849,0.0,0.0
9,9,0.0,0.0,0.0,0.20231508,0.0,0.0,0.0,0.0,0.0,0.7976849,0.0,0.0
9,9,0.0,0.0,0.0,0.20231508,0.0,0.0,0.0,0.0,0.0,0.7976849,0.0,0.0
9,9,0.0,0.0,0.13758495,0.22882883,0.0,0.0,0.0,0.0,0.0,0.6335862,0.0,0.0
9,9,0.0,0.0,0.13758495,0.22882883,0.0,0.0,0.0,0.0,0.0,0.6335862,0.0,0.0
9,9,0.0,0.0,0.13758495,0.22882883,0.0,0.0,0.0,0.0,0.0,0.6335862,0.0,0.0
9,9,0.0,0.0,0.13758495,0.22882883,0.0,0.0,0.0,0.0,0.0,0.6335862,0.0,0.0
9,9,0.0,0.0,0.13758495,0.22882883,0.0,0.0,0.0,0.0,0.0,0.6335862,0.0,0.0
9,9,0.0,0.0,0.13758495,0.22882883,0.0,0.0,0.0,0.0,0.0,0.6335862,0.0,0.0
9,9,0.0,0.0,0.13758495,0.22882883,0.0,0.0,0.0,0.0,0.0,0.6335862,0.0,0.0
9,9,0.0,0.0,0.13758495,0.22882883,0.0,0.0,0.0,0.0,0.0,0.6335862,0.0,0.0
9,9,0.0,0.0,0.13758495,0.22882883,0.0,0.0,0.0,0.0,0.0,0.6335862,0.0,0.0
9,9,0.0,0.0,0.13758495,0.22882883,0.0,0.0,0.0,0.0,0.0,0.6335862,0.0,0.0
9,9,0.0,0.0,0.13758495,0.22882883,0.0,0.0,0.0,0.0,0.0,0.6335862,0.0,0.0
9,9,0.0,0.0,0.13758495,0.22882883,0.0,0.0,0.0,0.0,0.0,0.6335862,0.0,0.0
9,9,0.0,0.0,0.13758495,0.22882883,0.0,0.0,0.0,0.0,0.0,0.6335862,0.0,0.0
9,9,0.0,0.0,0.13758495,0.22882883,0.0,0.0,0.0,0.0,0.0,0.6335862,0.0,0.0
9,9,0.0,0.0,0.13758495,0.22882883,0.0,0.0,0.0,0.0,0.0,0.6335862,0.0,0.0
9,9,0.0,0.0,0.13758495,0.22882883,0.0,0.0,0.0,0.0,0.0,0.6335862,0.0,0.0
9,9,0.0,0.0,0.13758495,0.22882883,0.0,0.0,0.0,0.0,0.0,0.6335862,0.0,0.0
9,9,0.0,0.0,0.13758495,0.22882883,0.0,0.0,0.0,0.0,0.0,0.6335862,0.0,0.0
9,9,0.0,0.0,0.13758495,0.22882883,0.0,0.0,0.0,0.0,0.0,0.6335862,0.0,0.0
9,9,0.0,0.0,0.13758495,0.22882883,0.0,0.0,0.0,0.0,0.0,0.6335862,0.0,0.0
9,9,0.0,0.0,0.13758495,0.22882883,0.0,0.0,0.0,0.0,0.0,0.6335862,0.0,0.0
9,9,0.0,0.0,0.13758495,0.22882883,0.0,0.0,0.0,0.0,0.0,0.6335862,0.0,0.0
9,9,0.0,0.0,0.13758495,0.22882883,0.0,0.0,0.0,0.0,0.0,0.6335862,0.0,0.0
9,9,0.0,0.0,0.13758495,0.22882883,0.0,0.0,0.0,0.0,0.0,0.6335862,0.0,0.0
9,9,0.0,0.0,0.13758495,0.22882883,0.0,0.0,0.0,0.0,0.0,0.6335862,0.0,0.0
9,9,0.0,0.0,0.13758495,0.22882883,0.0,0.0,0.0,0.0,0.0,0.6335862,0.0,0.0
9,9,0.0,0.0,0.13758495,0.22882883,0.0,0.0,0.0,0.0,0.0,0.6335862,0.0,0.0
9,9,0.0,0.0,0.13758495,0.22882883,0.0,0.0,0.0,0.0,0.0,0.6335862,0.0,0.0
9,9,0.0,0.0,0.13758495,0.22882883,0.0,0.0,0.0,0.0,0.0,0.6335862,0.0,0.0
9,9,0.0,0.0,0.13758495,0.22882883,0.0,0.0,0.0,0.0,0.0,0.6335862,0.0,0.0
9,9,0.0,0.0,0.13758495,0.22882883,0.0,0.0,0.0,0.0,0.0,0.6335862,0.0,0.0
9,9,0.0,0.0,0.13758495,0.22882883,0.0,0.0,0.0,0.0,0.0,0.6335862,0.0,0.0
9,9,0.0,0.0,0.13758495,0.22882883,0.0,0.0,0.0,0.0,0.0,0.6335862,0.0,0.0
9,9,0.0,0.0,0.13758495,0.22882883,0.0,0.0,0.0,0.0,0.0,0.6335862,0.0,0.0
9,9,0.0,0.0,0.13758495,0.22882883,0.0,0.0,0.0,0.0,0.0,0.6335862,0.0,0.0
9,9,0.0,0.0,0.13758495,0.22882883,0.0,0.0,0.0,0.0,0.0,0.6335862,0.0,0.0
9,9,0.0,0.0,0.13758495,0.22882883,0.0,0.0,0.0,0.0,0.0,0.6335862,0.0,0.0
9,9,0.0,0.0,0.13758495,0.22882883,0.0,0.0,0.0,0.0,0.0,0.6335862,0.0,0.0
9,9,0.0,0.0,0.13758495,0.22882883,0.0,0.0,0.0,0.0,0.0,0.6335862,0.0,0.0
9,9,0.0,0.0,0.13758495,0.22882883,0.0,0.0,0.0,0.0,0.0,0.6335862,0.0,0.0
9,9,0.0,0.0,0.13758495,0.2767591,0.0,0.0,0.0,0.0,0.0,0.585656,0.0,0.0
9,9,0.0,0.0,0.13758495,0.2767591,0.0,0.0,0.0,0.0,0.0,0.585656,0.0,0.0
9,9,0.0,0.0,0.13758495,0.2767591,0.0,0.0,0.0,0.0,0.0,0.585656,0.0,0.0
9,9,0.0,0.0,0.13758495,0.2767591,0.0,0.0,0.0,0.0,0.0,0.585656,0.0,0.0
9,9,0.0,0.0,0.13758495,0.2767591,0.0,0.0,0.0,0.0,0.0,0.585656,0.0,0.0
9,9,0.0,0.0,0.13758495,0.2767591,0.0,0.0,0.0,0.0,0.0,0.585656,0.0,0.0
9,9,0.0,0.0,0.13758495,0.2767591,0.0,0.0,0.0,0.0,0.0,0.585656,0.0,0.0
9,9,0.0,0.0,0.13758495,0.2767591,0.0,0.0,0.0,0.0,0.0,0.585656,0.0,0.0
9,9,0.0,0.0,0.13758495,0.2767591,0.0,0.0,0.0,0.0,0.0,0.585656,0.0,0.0
9,9,0.0,0.0,0.13758495,0.2767591,0.0,0.0,0.0,0.0,0.0,0.585656,0.0,0.0
9,9,0.0,0.0,0.13758495,0.2767591,0.0,0.0,0.0,0.0,0.0,0.585656,0.0,0.0
9,9,0.0,0.0,0.13758495,0.2767591,0.0,0.0,0.0,0.0,0.0,0.585656,0.0,0.0
9,9,0.0,0.0,0.13758495,0.2767591,0.0,0.0,0.0,0.0,0.0,0.585656,0.0,0.0
9,9,0.0,0.0,0.13758495,0.2767591,0.0,0.0,0.0,0.0,0.0,0.585656,0.0,0.0
9,9,0.0,0.0,0.13758495,0.2767591,0.0,0.0,0.0,0.0,0.0,0.585656,0.0,0.0
9,9,0.0,0.0,0.13758495,0.2767591,0.0,0.0,0.0,0.0,0.0,0.585656,0.0,0.0
9,9,0.0,0.0,0.13758495,0.2767591,0.0,0.0,0.0,0.0,0.0,0.585656,0.0,0.0
9,9,0.0,0.0,0.13758495,0.2767591,0.0,0.0,0.0,0.0,0.0,0.585656,0.0,0.0
9,9,0.0,0.0,0.13758495,0.2767591,0.0,0.0,0.0,0.0,0.0,0.585656,0.0,0.0
9,9,0.0,0.0,0.13758495,0.2767591,0.0,0.0,0.0,0.0,0.0,0.585656,0.0,0.0
9,9,0.0,0.0,0.13758495,0.2767591,0.0,0.0,0.0,0.0,0.0,0.585656,0.0,0.0
9,9,0.0,0.0,0.13758495,0.2767591,0.0,0.0,0.0,0.0,0.0,0.585656,0.0,0.0
9,9,0.0,0.0,0.13758495,0.2767591,0.0,0.0,0.0,0.0,0.0,0.585656,0.0,0.0
9,9,0.0,0.0,0.13758495,0.2767591,0.0,0.0,0.0,0.0,0.0,0.585656,0.0,0.0
9,9,0.0,0.0,0.13758495,0.38134712,0.0,0.0,0.0,0.0,0.0,0.48106796,0.0,0.0
9,9,0.0,0.0,0.13758495,0.38134712,0.0,0.0,0.0,0.0,0.0,0.48106796,0.0,0.0
9,9,0.0,0.0,0.13758495,0.38134712,0.0,0.0,0.0,0.0,0.0,0.48106796,0.0,0.0
9,9,0.0,0.0,0.13758495,0.38134712,0.0,0.0,0.0,0.0,0.0,0.48106796,0.0,0.0
9,9,0.0,0.0,0.13758495,0.38134712,0.0,0.0,0.0,0.0,0.0,0.48106796,0.0,0.0
9,9,0.0,0.0,0.13758495,0.38134712,0.0,0.0,0.0,0.0,0.0,0.48106796,0.0,0.0
9,9,0.0,0.0,0.13758495,0.38134712,0.0,0.0,0.0,0.0,0.0,0.48106796,0.0,0.0
9,9,0.0,0.0,0.13758495,0.38134712,0.0,0.0,0.0,0.0,0.0,0.48106796,0.0,0.0
9,9,0.0,0.0,0.13758495,0.38134712,0.0,0.0,0.0,0.0,0.0,0.48106796,0.0,0.0
9,9,0.0,0.0,0.13758495,0.38134712,0.0,0.0,0.0,0.0,0.0,0.48106796,0.0,0.0
9,9,0.0,0.0,0.13758495,0.38134712,0.0,0.0,0.0,0.0,0.0,0.48106796,0.0,0.0
9,9,0.0,0.0,0.13758495,0.38134712,0.0,0.0,0.0,0.0,0.0,0.48106796,0.0,0.0
9,9,0.0,0.0,0.13758495,0.38134712,0.0,0.0,0.0,0.0,0.0,0.48106796,0.0,0.0
9,9,0.0,0.0,0.13758495,0.38134712,0.0,0.0,0.0,0.0,0.0,0.48106796,0.0,0.0
9,9,0.0,0.0,0.13758495,0.38134712,0.0,0.0,0.0,0.0,0.0,0.48106796,0.0,0.0
9,9,0.0,0.0,0.13758495,0.38134712,0.0,0.0,0.0,0.0,0.0,0.48106796,0.0,0.0
9,9,0.0,0.0,0.13758495,0.38134712,0.0,0.0,0.0,0.0,0.0,0.48106796,0.0,0.0
9,9,0.0,0.0,0.13758495,0.38134712,0.0,0.0,0.0,0.0,0.0,0.48106796,0.0,0.0
9,9,0.0,0.0,0.13758495,0.38134712,0.0,0.0,0.0,0.0,0.0,0.48106796,0.0,0.0
9,9,0.0,0.0,0.13758495,0.38134712,0.0,0.0,0.0,0.0,0.0,0.48106796,0.0,0.0
9,9,0.0,0.0,0.13758495,0.38134712,0.0,0.0,0.0,0.0,0.0,0.48106796,0.0,0.0
9,9,0.0,0.0,0.13758495,0.38134712,0.0,0.0,0.0,0.0,0.0,0.48106796,0.0,0.0
9,9,0.0,0.0,0.13758495,0.38134712,0.0,0.0,0.0,0.0,0.0,0.48106796,0.0,0.0
9,9,0.0,0.0,0.13758495,0.38134712,0.0,0.0,0.0,0.0,0.0,0.48106796,0.0,0.0
9,9,0.0,0.0,0.13758495,0.38134712,0.0,0.0,0.0,0.0,0.0,0.48106796,0.0,0.0
9,9,0.0,0.0,0.13758495,0.38134712,0.0,0.0,0.0,0.0,0.0,0.48106796,0.0,0.0
9,9,0.0,0.0,0.13758495,0.38134712,0.0,0.0,0.0,0.0,0.0,0.48106796,0.0,0.0
9,9,0.0,0.0,0.13758495,0.38134712,0.0,0.0,0.0,0.0,0.0,0.48106796,0.0,0.0
9,9,0.0,0.0,0.13758495,0.38134712,0.0,0.0,0.0,0.0,0.0,0.48106796,0.0,0.0
9,9,0.0,0.0,0.13758495,0.38134712,0.0,0.0,0.0,0.0,0.0,0.48106796,0.0,0.0
9,9,0.0,0.0,0.13758495,0.38134712,0.0,0.0,0.0,0.0,0.0,0.48106796,0.0,0.0
9,9,0.0,0.0,0.13758495,0.38134712,0.0,0.0,0.0,0.0,0.0,0.48106796,0.0,0.0
9,9,0.0,0.0,0.13758495,0.38134712,0.0,0.0,0.0,0.0,0.0,0.48106796,0.0,0.0
9,9,0.0,0.0,0.13758495,0.38134712,0.0,0.0,0.0,0.0,0.0,0.48106796,0.0,0.0
9,9,0.0,0.0,0.13758495,0.38134712,0.0,0.0,0.0,0.0,0.0,0.48106796,0.0,0.0
9,9,0.0,0.0,0.13758495,0.38134712,0.0,0.0,0.0,0.0,0.0,0.48106796,0.0,0.0
9,9,0.0,0.0,0.13758495,0.38134712,0.0,0.0,0.0,0.0,0.0,0.48106796,0.0,0.0
9,9,0.0,0.0,0.13758495,0.38134712,0.0,0.0,0.0,0.0,0.0,0.48106796,0.0,0.0
9,9,0.0,0.0,0.13758495,0.38134712,0.0,0.0,0.0,0.0,0.0,0.48106796,0.0,0.0
9,9,0.0,0.0,0.13758495,0.38134712,0.0,0.0,0.0,0.0,0.0,0.48106796,0.0,0.0
9,9,0.0,0.0,0.13758495,0.38134712,0.0,0.0,0.0,0.0,0.0,0.48106796,0.0,0.0
9,9,0.0,0.0,0.13758495,0.38134712,0.0,0.0,0.0,0.0,0.0,0.48106796,0.0,0.0
9,9,0.0,0.0,0.13758495,0.38134712,0.0,0.0,0.0,0.0,0.0,0.48106796,0.0,0.0
9,9,0.0,0.0,0.13758495,0.38134712,0.0,0.0,0.0,0.0,0.0,0.48106796,0.0,0.0
9,9,0.0,0.0,0.13758495,0.38134712,0.0,0.0,0.0,0.0,0.0,0.48106796,0.0,0.0
9,9,0.0,0.0,0.13758495,0.38134712,0.0,0.0,0.0,0.0,0.0,0.48106796,0.0,0.0
9,9,0.0,0.0,0.13758495,0.38134712,0.0,0.0,0.0,0.0,0.0,0.48106796,0.0,0.0
9,9,0.0,0.0,0.13758495,0.38134712,0.0,0.0,0.0,0.0,0.0,0.48106796,0.0,0.0
9,9,0.0,0.0,0.13758495,0.38134712,0.0,0.0,0.0,0.0,0.0,0.48106796,0.0,0.0
9,9,0.0,0.0,0.13758495,0.38134712,0.0,0.0,0.0,0.0,0.0,0.48106796,0.0,0.0
9,9,0.0,0.0,0.13758495,0.38134712,0.0,0.0,0.0,0.0,0.0,0.48106796,0.0,0.0
9,9,0.0,0.0,0.13758495,0.38134712,0.0,0.0,0.0,0.0,0.0,0.48106796,0.0,0.0
9,9,0.0,0.0,0.13758495,0.38134712,0.0,0.0,0.0,0.0,0.0,0.48106796,0.0,0.0
9,9,0.0,0.0,0.13758495,0.38134712,0.0,0.0,0.0,0.0,0.0,0.48106796,0.0,0.0
9,9,0.0,0.0,0.13758495,0.38134712,0.0,0.0,0.0,0.0,0.0,0.48106796,0.0,0.0
9,9,0.0,0.0,0.13758495,0.38134712,0.0,0.0,0.0,0.0,0.0,0.48106796,0.0,0.0
9,9,0.0,0.0,0.13758495,0.38134712,0.0,0.0,0.0,0.0,0.0,0.48106796,0.0,0.0
9,9,0.0,0.0,0.13758495,0.38134712,0.0,0.0,0.0,0.0,0.0,0.48106796,0.0,0.0
9,9,0.0,0.0,0.13758495,0.38134712,0.0,0.0,0.0,0.0,0.0,0.48106796,0.0,0.0
9,9,0.0,0.0,0.13758495,0.38134712,0.0,0.0,0.0,0.0,0.0,0.48106796,0.0,0.0
9,9,0.0,0.0,0.13758495,0.38134712,0.0,0.0,0.0,0.0,0.0,0.48106796,0.0,0.0
9,9,0.0,0.0,0.13758495,0.38134712,0.0,0.0,0.0,0.0,0.0,0.48106796,0.0,0.0
9,9,0.0,0.0,0.13758495,0.38134712,0.0,0.0,0.0,0.0,0.0,0.48106796,0.0,0.0
9,9,0.0,0.0,0.13758495,0.38134712,0.0,0.0,0.0,0.0,0.0,0.48106796,0.0,0.0
9,9,0.0,0.0,0.13758495,0.38134712,0.0,0.0,0.0,0.0,0.0,0.48106796,0.0,0.0
9,9,0.0,0.0,0.13758495,0.38134712,0.0,0.0,0.0,0.0,0.0,0.48106796,0.0,0.0
9,9,0.0,0.0,0.13758495,0.38134712,0.0,0.0,0.0,0.0,0.0,0.48106796,0.0,0.0
9,9,0.0,0.0,0.13758495,0.38134712,0.0,0.0,0.0,0.0,0.0,0.48106796,0.0,0.0
9,9,0.0,0.0,0.13758495,0.38134712,0.0,0.0,0.0,0.0,0.0,0.48106796,0.0,0.0
9,9,0.0,0.0,0.13758495,0.38134712,0.0,0.0,0.0,0.0,0.0,0.48106796,0.0,0.0
9,9,0.0,0.0,0.13758495,0.38134712,0.0,0.0,0.0,0.0,0.0,0.48106796,0.0,0.0
9,9,0.0,0.0,0.13758495,0.38134712,0.0,0.0,0.0,0.0,0.0,0.48106796,0.0,0.0
9,9,0.0,0.0,0.13758495,0.38134712,0.0,0.0,0.0,0.0,0.0,0.48106796,0.0,0.0
9,9,0.0,0.0,0.13758495,0.38134712,0.0,0.0,0.0,0.0,0.0,0.48106796,0.0,0.0
9,9,0.0,0.0,0.13758495,0.38134712,0.0,0.0,0.0,0.0,0.0,0.48106796,0.0,0.0
9,9,0.0,0.0,0.13758495,0.38134712,0.0,0.0,0.0,0.0,0.0,0.48106796,0.0,0.0
9,9,0.0,0.0,0.13758495,0.38134712,0.0,0.0,0.0,0.0,0.0,0.48106796,0.0,0.0
9,9,0.0,0.0,0.13758495,0.38134712,0.0,0.0,0.0,0.0,0.0,0.48106796,0.0,0.0
9,9,0.0,0.0,0.13758495,0.38134712,0.0,0.0,0.0,0.0,0.0,0.48106796,0.0,0.0
9,9,0.0,0.0,0.13758495,0.38134712,0.0,0.0,0.0,0.0,0.0,0.48106796,0.0,0.0
10,9,0.0,0.0,0.13758495,0.38134712,0.0,0.0,0.0,0.0,0.0,0.48106796,0.0,0.0
10,9,0.0,0.0,0.13758495,0.38134712,0.0,0.0,0.0,0.0,0.0,0.48106796,0.0,0.0
10,9,0.0,0.0,0.13758495,0.38134712,0.0,0.0,0.0,0.0,0.0,0.48106796,0.0,0.0
10,9,0.0,0.0,0.13758495,0.38134712,0.0,0.0,0.0,0.0,0.0,0.48106796,0.0,0.0
10,9,0.0,0.0,0.13758495,0.38134712,0.0,0.0,0.0,0.0,0.0,0.48106796,0.0,0.0
10,9,0.0,0.0,0.13758495,0.38134712,0.0,0.0,0.0,0.0,0.0,0.48106796,0.0,0.0
10,9,0.0,0.0,0.13758495,0.38134712,0.0,0.0,0.0,0.0,0.0,0.48106796,0.0,0.0
10,9,0.0,0.0,0.13758495,0.38134712,0.0,0.0,0.0,0.0,0.0,0.48106796,0.0,0.0
10,9,0.0,0.0,0.13758495,0.38134712,0.0,0.0,0.0,0.0,0.0,0.48106796,0.0,0.0
10,9,0.0,0.0,0.13758495,0.38134712,0.0,0.0,0.0,0.0,0.0,0.48106796,0.0,0.0
10,9,0.0,0.0,0.13758495,0.38134712,0.0,0.0,0.0,0.0,0.0,0.48106796,0.0,0.0
10,9,0.0,0.0,0.13758495,0.38134712,0.0,0.0,0.0,0.0,0.0,0.48106796,0.0,0.0
10,9,0.0,0.0,0.13758495,0.38134712,0.0,0.0,0.0,0.0,0.0,0.48106796,0.0,0.0
10,9,0.0,0.0,0.13758495,0.38134712,0.0,0.0,0.0,0.0,0.0,0.48106796,0.0,0.0
10,9,0.0,0.0,0.13758495,0.38134712,0.0,0.0,0.0,0.0,0.0,0.48106796,0.0,0.0
10,9,0.0,0.0,0.13758495,0.38134712,0.0,0.0,0.0,0.0,0.0,0.48106796,0.0,0.0
10,9,0.0,0.0,0.13758495,0.38134712,0.0,0.0,0.0,0.0,0.0,0.48106796,0.0,0.0
10,9,0.0,0.0,0.13758495,0.38134712,0.0,0.0,0.0,0.0,0.0,0.48106796,0.0,0.0
10,9,0.0,0.0,0.13758495,0.38134712,0.0,0.0,0.0,0.0,0.0,0.48106796,0.0,0.0
10,9,0.0,0.0,0.13758495,0.38134712,0.0,0.0,0.0,0.0,0.0,0.48106796,0.0,0.0
10,9,0.0,0.0,0.13758495,0.38134712,0.0,0.0,0.0,0.0,0.0,0.48106796,0.0,0.0
10,9,0.0,0.0,0.13758495,0.38134712,0.0,0.0,0.0,0.0,0.0,0.48106796,0.0,0.0
10,9,0.0,0.0,0.13758495,0.38134712,0.0,0.0,0.0,0.0,0.0,0.48106796,0.0,0.0
10,9,0.0,0.0,0.13758495,0.38134712,0.0,0.0,0.0,0.0,0.0,0.48106796,0.0,0.0
10,9,0.0,0.0,0.13758495,0.38134712,0.0,0.0,0.0,0.0,0.0,0.48106796,0.0,0.0
10,9,0.0,0.0,0.13758495,0.38134712,0.0,0.0,0.0,0.0,0.0,0.48106796,0.0,0.0
10,9,0.0,0.0,0.13758495,0.38134712,0.0,0.0,0.0,0.0,0.0,0.48106796,0.0,0.0
10,9,0.0,0.0,0.13758495,0.38134712,0.0,0.0,0.0,0.0,0.0,0.48106796,0.0,0.0
10,9,0.0,0.0,0.13758495,0.38134712,0.0,0.0,0.0,0.0,0.0,0.48106796,0.0,0.0
10,9,0.0,0.0,0.13758495,0.38134712,0.0,0.0,0.0,0.0,0.0,0.48106796,0.0,0.0
10,9,0.0,0.0,0.13758495,0.38134712,0.0,0.0,0.0,0.0,0.0,0.48106796,0.0,0.0
10,9,0.0,0.0,0.13758495,0.38134712,0.0,0.0,0.0,0.0,0.0,0.48106796,0.0,0.0
10,9,0.0,0.0,0.13758495,0.38134712,0.0,0.0,0.0,0.0,0.0,0.48106796,0.0,0.0
10,9,0.0,0.0,0.13758495,0.38134712,0.0,0.0,0.0,0.0,0.0,0.48106796,0.0,0.0
10,9,0.0,0.0,0.13758495,0.38134712,0.0,0.0,0.0,0.0,0.0,0.48106796,0.0,0.0
10,9,0.0,0.0,0.13758495,0.38134712,0.0,0.0,0.0,0.0,0.0,0.48106796,0.0,0.0
10,9,0.0,0.0,0.13758495,0.38134712,0.0,0.0,0.0,0.0,0.0,0.48106796,0.0,0.0
10,9,0.0,0.0,0.13758495,0.38134712,0.0,0.0,0.0,0.0,0.0,0.48106796,0.0,0.0
10,9,0.0,0.0,0.13758495,0.38134712,0.0,0.0,0.0,0.0,0.0,0.48106796,0.0,0.0
10,9,0.0,0.0,0.13758495,0.38134712,0.0,0.0,0.0,0.0,0.0,0.48106796,0.0,0.0
10,9,0.0,0.0,0.13758495,0.38134712,0.0,0.0,0.0,0.0,0.0,0.48106796,0.0,0.0
10,9,0.0,0.0,0.13758495,0.38134712,0.0,0.0,0.0,0.0,0.0,0.48106796,0.0,0.0
10,9,0.0,0.0,0.13758495,0.38134712,0.0,0.0,0.0,0.0,0.0,0.48106796,0.0,0.0
10,9,0.0,0.0,0.13758495,0.38134712,0.0,0.0,0.0,0.0,0.0,0.48106796,0.0,0.0
10,9,0.0,0.0,0.13758495,0.38134712,0.0,0.0,0.0,0.0,0.0,0.48106796,0.0,0.0
10,9,0.0,0.0,0.13758495,0.38134712,0.0,0.0,0.0,0.0,0.0,0.48106796,0.0,0.0
10,9,0.0,0.0,0.13758495,0.38134712,0.0,0.0,0.0,0.0,0.0,0.48106796,0.0,0.0
10,9,0.0,0.0,0.13758495,0.38134712,0.0,0.0,0.0,0.0,0.0,0.48106796,0.0,0.0
10,9,0.0,0.0,0.13758495,0.38134712,0.0,0.0,0.0,0.0,0.0,0.48106796,0.0,0.0
10,9,0.0,0.0,0.13758495,0.38134712,0.0,0.0,0.0,0.0,0.0,0.48106796,0.0,0.0
10,9,0.0,0.0,0.13758495,0.38134712,0.0,0.0,0.0,0.0,0.0,0.48106796,0.0,0.0
10,9,0.0,0.0,0.13758495,0.38134712,0.0,0.0,0.0,0.0,0.0,0.48106796,0.0,0.0
10,9,0.0,0.0,0.13758495,0.38134712,0.0,0.0,0.0,0.0,0.0,0.48106796,0.0,0.0
10,9,0.0,0.0,0.13758495,0.38134712,0.0,0.0,0.0,0.0,0.0,0.48106796,0.0,0.0
10,9,0.0,0.0,0.13758495,0.38134712,0.0,0.0,0.0,0.0,0.0,0.48106796,0.0,0.0
10,9,0.0,0.0,0.13758495,0.38134712,0.0,0.0,0.0,0.0,0.0,0.48106796,0.0,0.0
10,9,0.0,0.0,0.13758495,0.38134712,0.0,0.0,0.0,0.0,0.0,0.48106796,0.0,0.0
10,9,0.0,0.0,0.13758495,0.38134712,0.0,0.0,0.0,0.0,0.0,0.48106796,0.0,0.0
10,9,0.0,0.0,0.13758495,0.38134712,0.0,0.0,0.0,0.0,0.0,0.48106796,0.0,0.0
10,9,0.0,0.0,0.13758495,0.38134712,0.0,0.0,0.0,0.0,0.0,0.48106796,0.0,0.0
10,9,0.0,0.0,0.13758495,0.38134712,0.0,0.0,0.0,0.0,0.0,0.48106796,0.0,0.0
10,9,0.0,0.0,0.13758495,0.38134712,0.0,0.0,0.0,0.0,0.0,0.48106796,0.0,0.0
10,9,0.0,0.0,0.13758495,0.38134712,0.0,0.0,0.0,0.0,0.0,0.48106796,0.0,0.0
10,9,0.0,0.0,0.13758495,0.38134712,0.0,0.0,0.0,0.0,0.0,0.48106796,0.0,0.0
10,9,0.0,0.0,0.13758495,0.38134712,0.0,0.0,0.0,0.0,0.0,0.48106796,0.0,0.0
10,9,0.0,0.0,0.13758495,0.38134712,0.0,0.0,0.0,0.0,0.0,0.48106796,0.0,0.0
10,9,0.0,0.0,0.13758495,0.38134712,0.0,0.0,0.0,0.0,0.0,0.48106796,0.0,0.0
10,9,0.0,0.0,0.13758495,0.38134712,0.0,0.0,0.0,0.0,0.0,0.48106796,0.0,0.0
10,9,0.0,0.0,0.13758495,0.38134712,0.0,0.0,0.0,0.0,0.0,0.48106796,0.0,0.0
10,9,0.0,0.0,0.13758495,0.38134712,0.0,0.0,0.0,0.0,0.0,0.48106796,0.0,0.0
10,9,0.0,0.0,0.13758495,0.38134712,0.0,0.0,0.0,0.0,0.0,0.48106796,0.0,0.0
10,9,0.0,0.0,0.13758495,0.38134712,0.0,0.0,0.0,0.0,0.0,0.48106796,0.0,0.0
10,9,0.0,0.0,0.13758495,0.38134712,0.0,0.0,0.0,0.0,0.0,0.48106796,0.0,0.0
10,9,0.0,0.0,0.13758495,0.38134712,0.0,0.0,0.0,0.0,0.0,0.48106796,0.0,0.0
10,9,0.0,0.0,0.13758495,0.38134712,0.0,0.0,0.0,0.0,0.0,0.48106796,0.0,0.0
10,9,0.0,0.0,0.13758495,0.38134712,0.0,0.0,0.0,0.0,0.0,0.48106796,0.0,0.0
10,9,0.0,0.0,0.13758495,0.38134712,0.0,0.0,0.0,0.0,0.0,0.48106796,0.0,0.0
10,9,0.0,0.0,0.13758495,0.38134712,0.0,0.0,0.0,0.0,0.0,0.48106796,0.0,0.0
10,9,0.0,0.0,0.13758495,0.38134712,0.0,0.0,0.0,0.0,0.0,0.48106796,0.0,0.0
10,9,0.0,0.0,0.13758495,0.38134712,0.0,0.0,0.0,0.0,0.0,0.48106796,0.0,0.0
10,9,0.0,0.0,0.13758495,0.35483333,0.0,0.0,0.0,0.0,0.0,0.48106796,0.026513781,0.0
10,9,0.0,0.0,0.13758495,0.35483333,0.0,0.0,0.0,0.0,0.0,0.48106796,0.026513781,0.0
10,9,0.0,0.0,0.13758495,0.35483333,0.0,0.0,0.0,0.0,0.0,0.48106796,0.026513781,0.0
10,9,0.0,0.0,0.13758495,0.35483333,0.0,0.0,0.0,0.0,0.0,0.48106796,0.026513781,0.0
10,9,0.0,0.0,0.13758495,0.35483333,0.0,0.0,0.0,0.0,0.0,0.48106796,0.026513781,0.0
10,9,0.0,0.0,0.13758495,0.35483333,0.0,0.0,0.0,0.0,0.0,0.48106796,0.026513781,0.0
10,9,0.0,0.0,0.13758495,0.35483333,0.0,0.0,0.0,0.0,0.0,0.48106796,0.026513781,0.0
10,9,0.0,0.0,0.13758495,0.35483333,0.0,0.0,0.0,0.0,0.0,0.48106796,0.026513781,0.0
10,9,0.0,0.0,0.13758495,0.35483333,0.0,0.0,0.0,0.0,0.0,0.48106796,0.026513781,0.0
10,9,0.0,0.0,0.13758495,0.35483333,0.0,0.0,0.0,0.0,0.0,0.48106796,0.026513781,0.0
10,9,0.0,0.0,0.13758495,0.35483333,0.0,0.0,0.0,0.0,0.0,0.48106796,0.026513781,0.0
10,9,0.0,0.0,0.13758495,0.35483333,0.0,0.0,0.0,0.0,0.0,0.48106796,0.026513781,0.0
10,9,0.0,0.0,0.13758495,0.3069031,0.0,0.0,0.0,0.0,0.0,0.48106796,0.07444401,0.0
10,9,0.0,0.0,0.13758495,0.3069031,0.0,0.0,0.0,0.0,0.0,0.48106796,0.07444401,0.0
10,9,0.0,0.0,0.13758495,0.3069031,0.0,0.0,0.0,0.0,0.0,0.48106796,0.07444401,0.0
10,9,0.0,0.0,0.13758495,0.3069031,0.0,0.0,0.0,0.0,0.0,0.48106796,0.07444401,0.0
10,9,0.0,0.0,0.13758495,0.3069031,0.0,0.0,0.0,0.0,0.0,0.48106796,0.07444401,0.0
10,9,0.0,0.0,0.13758495,0.3069031,0.0,0.0,0.0,0.0,0.0,0.48106796,0.07444401,0.0
10,9,0.0,0.0,0.13758495,0.3069031,0.0,0.0,0.0,0.0,0.0,0.48106796,0.07444401,0.0
10,9,0.0,0.0,0.13758495,0.3069031,0.0,0.0,0.0,0.0,0.0,0.48106796,0.07444401,0.0
10,9,0.0,0.0,0.13758495,0.3069031,0.0,0.0,0.0,0.0,0.0,0.48106796,0.07444401,0.0
10,9,0.0,0.0,0.13758495,0.3069031,0.0,0.0,0.0,0.0,0.0,0.48106796,0.07444401,0.0
10,9,0.0,0.0,0.13758495,0.3069031,0.0,0.0,0.0,0.0,0.0,0.48106796,0.07444401,0.0
10,9,0.0,0.0,0.13758495,0.3069031,0.0,0.0,0.0,0.0,0.0,0.48106796,0.07444401,0.0
10,9,0.0,0.0,0.13758495,0.3069031,0.0,0.0,0.0,0.0,0.0,0.48106796,0.07444401,0.0
10,9,0.0,0.0,0.13758495,0.3069031,0.0,0.0,0.0,0.0,0.0,0.48106796,0.07444401,0.0
10,9,0.0,0.0,0.13758495,0.25763312,0.0,0.0,0.0,0.0,0.0,0.48106796,0.12371401,0.0
10,9,0.0,0.0,0.13758495,0.25763312,0.0,0.0,0.0,0.0,0.0,0.48106796,0.12371401,0.0
10,9,0.0,0.0,0.13758495,0.25763312,0.0,0.0,0.0,0.0,0.0,0.48106796,0.12371401,0.0
10,9,0.0,0.0,0.13758495,0.25763312,0.0,0.0,0.0,0.0,0.0,0.48106796,0.12371401,0.0
10,9,0.0,0.0,0.13758495,0.25763312,0.0,0.0,0.0,0.0,0.0,0.48106796,0.12371401,0.0
10,9,0.0,0.0,0.13758495,0.25763312,0.0,0.0,0.0,0.0,0.0,0.48106796,0.12371401,0.0
10,9,0.0,0.0,0.13758495,0.25763312,0.0,0.0,0.0,0.0,0.0,0.48106796,0.12371401,0.0
10,9,0.0,0.0,0.13758495,0.25763312,0.0,0.0,0.0,0.0,0.0,0.48106796,0.12371401,0.0
10,9,0.0,0.0,0.13758495,0.25763312,0.0,0.0,0.0,0.0,0.0,0.48106796,0.12371401,0.0
10,9,0.0,0.0,0.13758495,0.25763312,0.0,0.0,0.0,0.0,0.0,0.48106796,0.12371401,0.0
10,9,0.0,0.0,0.13758495,0.25763312,0.0,0.0,0.0,0.0,0.0,0.48106796,0.12371401,0.0
10,9,0.0,0.0,0.13758495,0.25763312,0.0,0.0,0.0,0.0,0.0,0.48106796,0.12371401,0.0
10,9,0.0,0.0,0.13758495,0.25763312,0.0,0.0,0.0,0.0,0.0,0.48106796,0.12371401,0.0
10,9,0.0,0.0,0.13758495,0.25763312,0.0,0.0,0.0,0.0,0.0,0.48106796,0.12371401,0.0
10,9,0.0,0.0,0.13758495,0.15304507,0.0,0.0,0.0,0.0,0.0,0.48106796,0.22830202,0.0
10,9,0.0,0.0,0.13758495,0.15304507,0.0,0.0,0.0,0.0,0.0,0.48106796,0.22830202,0.0
10,9,0.0,0.0,0.13758495,0.15304507,0.0,0.0,0.0,0.0,0.0,0.48106796,0.22830202,0.0
10,9,0.0,0.0,0.13758495,0.15304507,0.0,0.0,0.0,0.0,0.0,0.48106796,0.22830202,0.0
10,9,0.0,0.0,0.13758495,0.15304507,0.0,0.0,0.0,0.0,0.0,0.3807232,0.32864678,0.0
10,9,0.0,0.0,0.13758495,0.15304507,0.0,0.0,0.0,0.0,0.0,0.3807232,0.32864678,0.0
10,9,0.0,0.0,0.13758495,0.15304507,0.0,0.0,0.0,0.0,0.0,0.3807232,0.32864678,0.0
10,9,0.0,0.0,0.13758495,0.15304507,0.0,0.0,0.0,0.0,0.0,0.3807232,0.32864678,0.0
10,9,0.0,0.0,0.13758495,0.15304507,0.0,0.0,0.0,0.0,0.0,0.3807232,0.32864678,0.0
10,9,0.0,0.0,0.13758495,0.15304507,0.0,0.0,0.0,0.0,0.0,0.3807232,0.32864678,0.0
10,9,0.0,0.0,0.13758495,0.15304507,0.0,0.0,0.0,0.0,0.0,0.3807232,0.32864678,0.0
10,9,0.0,0.0,0.13758495,0.15304507,0.0,0.0,0.0,0.0,0.0,0.3807232,0.32864678,0.0
10,9,0.0,0.0,0.13758495,0.15304507,0.0,0.0,0.0,0.0,0.0,0.3807232,0.32864678,0.0
10,9,0.0,0.0,0.13758495,0.15304507,0.0,0.0,0.0,0.0,0.0,0.3807232,0.32864678,0.0
10,9,0.0,0.0,0.13758495,0.15304507,0.0,0.0,0.0,0.0,0.0,0.3807232,0.32864678,0.0
10,9,0.0,0.0,0.13758495,0.15304507,0.0,0.0,0.0,0.0,0.0,0.3807232,0.32864678,0.0
10,9,0.0,0.0,0.13758495,0.15304507,0.0,0.0,0.0,0.0,0.0,0.3807232,0.32864678,0.0
10,9,0.0,0.0,0.13758495,0.15304507,0.0,0.0,0.0,0.0,0.0,0.3807232,0.32864678,0.0
10,9,0.0,0.0,0.13758495,0.15304507,0.0,0.0,0.0,0.0,0.0,0.3807232,0.32864678,0.0
10,9,0.0,0.0,0.13758495,0.15304507,0.0,0.0,0.0,0.0,0.0,0.3807232,0.32864678,0.0
10,9,0.0,0.0,0.13758495,0.15304507,0.0,0.0,0.0,0.0,0.0,0.3807232,0.32864678,0.0
10,9,0.0,0.0,0.13758495,0.15304507,0.0,0.0,0.0,0.0,0.0,0.3807232,0.32864678,0.0
10,9,0.0,0.0,0.13758495,0.15304507,0.0,0.0,0.0,0.0,0.0,0.3807232,0.32864678,0.0
10,9,0.0,0.0,0.13758495,0.15304507,0.0,0.0,0.0,0.0,0.0,0.3807232,0.32864678,0.0
10,9,0.0,0.0,0.13758495,0.15304507,0.0,0.0,0.0,0.0,0.0,0.3807232,0.32864678,0.0
10,9,0.0,0.0,0.13758495,0.15304507,0.0,0.0,0.0,0.0,0.0,0.3807232,0.32864678,0.0
10,9,0.0,0.0,0.13758495,0.15304507,0.0,0.0,0.0,0.0,0.0,0.3807232,0.32864678,0.0
10,9,0.0,0.0,0.13758495,0.15304507,0.0,0.0,0.0,0.0,0.0,0.3807232,0.32864678,0.0
10,9,0.0,0.0,0.13758495,0.15304507,0.0,0.0,0.0,0.0,0.0,0.3807232,0.32864678,0.0
10,9,0.0,0.0,0.13758495,0.15304507,0.0,0.0,0.0,0.0,0.0,0.3807232,0.32864678,0.0
10,9,0.0,0.0,0.13758495,0.15304507,0.0,0.0,0.0,0.0,0.0,0.3807232,0.32864678,0.0
10,9,0.0,0.0,0.13758495,0.15304507,0.0,0.0,0.0,0.0,0.0,0.3807232,0.32864678,0.0
10,9,0.0,0.0,0.13758495,0.15304507,0.0,0.0,0.0,0.0,0.0,0.3807232,0.32864678,0.0
10,9,0.0,0.0,0.13758495,0.15304507,0.0,0.0,0.0,0.0,0.0,0.3807232,0.32864678,0.0
10,9,0.0,0.0,0.13758495,0.15304507,0.0,0.0,0.0,0.0,0.0,0.3807232,0.32864678,0.0
10,9,0.0,0.0,0.13758495,0.15304507,0.0,0.0,0.0,0.0,0.0,0.3807232,0.32864678,0.0
10,9,0.0,0.0,0.13758495,0.15304507,0.0,0.0,0.0,0.0,0.0,0.3807232,0.32864678,0.0
10,9,0.0,0.0,0.13758495,0.15304507,0.0,0.0,0.0,0.0,0.0,0.3807232,0.32864678,0.0
10,9,0.0,0.0,0.13758495,0.15304507,0.0,0.0,0.0,0.0,0.0,0.3807232,0.32864678,0.0
10,9,0.0,0.0,0.13758495,0.15304507,0.0,0.0,0.0,0.0,0.0,0.3807232,0.32864678,0.0
10,9,0.0,0.0,0.13758495,0.15304507,0.0,0.0,0.0,0.0,0.0,0.3807232,0.32864678,0.0
10,9,0.0,0.0,0.13758495,0.15304507,0.0,0.0,0.0,0.0,0.0,0.3807232,0.32864678,0.0
10,10,0.0,0.0,0.13758495,0.15304507,0.0,0.0,0.0,0.0,0.0,0.3002929,0.40907708,0.0
10,10,0.0,0.0,0.13758495,0.15304507,0.0,0.0,0.0,0.0,0.0,0.3002929,0.40907708,0.0
10,10,0.0,0.0,0.13758495,0.12892117,0.0,0.0,0.0,0.0,0.0,0.3002929,0.433201,0.0
10,10,0.0,0.0,0.13758495,0.12892117,0.0,0.0,0.0,0.0,0.0,0.3002929,0.433201,0.0
10,10,0.0,0.0,0.13758495,0.12892117,0.0,0.0,0.0,0.0,0.0,0.3002929,0.433201,0.0
10,10,0.0,0.0,0.13758495,0.12892117,0.0,0.0,0.0,0.0,0.0,0.3002929,0.433201,0.0
10,10,0.0,0.0,0.13758495,0.12892117,0.0,0.0,0.0,0.0,0.0,0.3002929,0.433201,0.0
10,10,0.0,0.0,0.13758495,0.12892117,0.0,0.0,0.0,0.0,0.0,0.3002929,0.433201,0.0
10,10,0.0,0.0,0.13758494,0.12892115,0.0,0.0,0.0,0.0,0.0,0.09911705,0.6343768,0.0
10,10,0.0,0.0,0.13758494,0.12892115,0.0,0.0,0.0,0.0,0.0,0.09911705,0.6343768,0.0
10,10,0.0,0.0,0.13758494,0.12892115,0.0,0.0,0.0,0.0,0.0,0.09911705,0.6343768,0.0
10,10,0.0,0.0,0.13758494,0.12892115,0.0,0.0,0.0,0.0,0.0,0.09911705,0.6343768,0.0
10,10,0.0,0.0,0.13758494,0.12892115,0.0,0.0,0.0,0.0,0.0,0.09911705,0.6343768,0.0
10,10,0.0,0.0,0.13758494,0.12892115,0.0,0.0,0.0,0.0,0.0,0.09911705,0.6343768,0.0
10,10,0.0,0.0,0.0,0.06590514,0.0,0.0,0.0,0.0,0.0,0.059138194,0.87495667,0.0
10,10,0.0,0.0,0.0,0.06590514,0.0,0.0,0.0,0.0,0.0,0.059138194,0.87495667,0.0
10,10,0.0,0.0,0.0,0.06590514,0.0,0.0,0.0,0.0,0.0,0.059138194,0.87495667,0.0
10,10,0.0,0.0,0.0,0.06590514,0.0,0.0,0.0,0.0,0.0,0.059138194,0.87495667,0.0
10,10,0.0,0.0,0.0,0.06590514,0.0,0.0,0.0,0.0,0.0,0.059138194,0.87495667,0.0
10,10,0.0,0.0,0.0,0.06590514,0.0,0.0,0.0,0.0,0.0,0.059138194,0.87495667,0.0
10,10,0.0,0.0,0.0,0.06590514,0.0,0.0,0.0,0.0,0.0,0.059138194,0.87495667,0.0
10,10,0.0,0.0,0.0,0.06590514,0.0,0.0,0.0,0.0,0.0,0.059138194,0.87495667,0.0
10,10,0.0,0.0,0.0,0.06590514,0.0,0.0,0.0,0.0,0.0,0.059138194,0.87495667,0.0
10,10,0.0,0.0,0.0,0.06590514,0.0,0.0,0.0,0.0,0.0,0.059138194,0.87495667,0.0
10,10,0.0,0.0,0.0,0.06590514,0.0,0.0,0.0,0.0,0.0,0.059138194,0.87495667,0.0
10,10,0.0,0.0,0.0,0.06590514,0.0,0.0,0.0,0.0,0.0,0.059138194,0.87495667,0.0
10,10,0.0,0.0,0.0,0.06590515,0.0,0.0,0.0,0.0,0.0,0.02750023,0.90659463,0.0
10,10,0.0,0.0,0.0,0.06590515,0.0,0.0,0.0,0.0,0.0,0.02750023,0.90659463,0.0
10,10,0.0,0.0,0.0,0.06590515,0.0,0.0,0.0,0.0,0.0,0.02750023,0.90659463,0.0
10,10,0.0,0.0,0.0,0.06590515,0.0,0.0,0.0,0.0,0.0,0.02750023,0.90659463,0.0
10,10,0.0,0.0,0.0,0.06590515,0.0,0.0,0.0,0.0,0.0,0.02750023,0.90659463,0.0
10,10,0.0,0.0,0.0,0.06590515,0.0,0.0,0.0,0.0,0.0,0.02750023,0.90659463,0.0
10,10,0.0,0.0,0.0,0.06590515,0.0,0.0,0.0,0.0,0.0,0.02750023,0.90659463,0.0
10,10,0.0,0.0,0.0,0.06590515,0.0,0.0,0.0,0.0,0.0,0.02750023,0.90659463,0.0
10,10,0.0,0.0,0.0,0.06590515,0.0,0.0,0.0,0.0,0.0,0.02750023,0.90659463,0.0
10,10,0.0,0.0,0.0,0.06590515,0.0,0.0,0.0,0.0,0.0,0.02750023,0.90659463,0.0
10,10,0.0,0.0,0.0,0.06590515,0.0,0.0,0.0,0.0,0.0,0.02750023,0.90659463,0.0
10,10,0.0,0.0,0.0,0.06590515,0.0,0.0,0.0,0.0,0.0,0.02750023,0.90659463,0.0
10,10,0.0,0.0,0.0,0.06590515,0.0,0.0,0.0,0.0,0.0,0.02750023,0.90659463,0.0
10,10,0.0,0.0,0.0,0.06590515,0.0,0.0,0.0,0.0,0.0,0.02750023,0.90659463,0.0
10,10,0.0,0.0,0.0,0.06590515,0.0,0.0,0.0,0.0,0.0,0.02750023,0.90659463,0.0
10,10,0.0,0.0,0.0,0.06590515,0.0,0.0,0.0,0.0,0.0,0.02750023,0.90659463,0.0
10,10,0.0,0.0,0.0,0.06590515,0.0,0.0,0.0,0.0,0.0,0.02750023,0.90659463,0.0
10,10,0.0,0.0,0.0,0.06590515,0.0,0.0,0.0,0.0,0.0,0.02750023,0.90659463,0.0
10,10,0.0,0.0,0.0,0.06590515,0.0,0.0,0.0,0.0,0.0,0.02750023,0.90659463,0.0
10,10,0.0,0.0,0.0,0.06590515,0.0,0.0,0.0,0.0,0.0,0.02750023,0.90659463,0.0
10,10,0.0,0.0,0.0,0.013672048,0.0,0.0,0.0,0.0,0.0,0.02750023,0.95882773,0.0
10,10,0.0,0.0,0.0,0.013672048,0.0,0.0,0.0,0.0,0.0,0.02750023,0.95882773,0.0
10,10,0.0,0.0,0.0,0.013672048,0.0,0.0,0.0,0.0,0.0,0.02750023,0.95882773,0.0
10,10,0.0,0.0,0.0,0.013672048,0.0,0.0,0.0,0.0,0.0,0.02750023,0.95882773,0.0
10,10,0.0,0.0,0.0,0.013672048,0.0,0.0,0.0,0.0,0.0,0.02750023,0.95882773,0.0
10,10,0.0,0.0,0.0,0.013672048,0.0,0.0,0.0,0.0,0.0,0.02750023,0.95882773,0.0
10,10,0.0,0.0,0.0,0.013672048,0.0,0.0,0.0,0.0,0.0,0.02750023,0.95882773,0.0
10,10,0.0,0.0,0.0,0.013672048,0.0,0.0,0.0,0.0,0.0,0.02750023,0.95882773,0.0
10,10,0.0,0.0,0.0,0.013672048,0.0,0.0,0.0,0.0,0.0,0.02750023,0.95882773,0.0
10,10,0.0,0.0,0.0,0.013672048,0.0,0.0,0.0,0.0,0.0,0.02750023,0.95882773,0.0
10,10,0.0,0.0,0.0,0.013672048,0.0,0.0,0.0,0.0,0.0,0.02750023,0.95882773,0.0
10,10,0.0,0.0,0.0,0.013672048,0.0,0.0,0.0,0.0,0.0,0.02750023,0.95882773,0.0
10,10,0.0,0.0,0.0,0.013672048,0.0,0.0,0.0,0.0,0.0,0.02750023,0.95882773,0.0
10,10,0.0,0.0,0.0,0.013672048,0.0,0.0,0.0,0.0,0.0,0.02750023,0.95882773,0.0
10,10,0.0,0.0,0.0,0.013672048,0.0,0.0,0.0,0.0,0.0,0.02750023,0.95882773,0.0
10,10,0.0,0.0,0.0,0.013672048,0.0,0.0,0.0,0.0,0.0,0.02750023,0.95882773,0.0
10,10,0.0,0.0,0.0,0.013672048,0.0,0.0,0.0,0.0,0.0,0.02750023,0.95882773,0.0
10,10,0.0,0.0,0.0,0.013672048,0.0,0.0,0.0,0.0,0.0,0.02750023,0.95882773,0.0
10,10,0.0,0.0,0.0,0.013672048,0.0,0.0,0.0,0.0,0.0,0.02750023,0.95882773,0.0
10,10,0.0,0.0,0.0,0.013672048,0.0,0.0,0.0,0.0,0.0,0.02750023,0.95882773,0.0
10,10,0.0,0.0,0.0,0.013672048,0.0,0.0,0.0,0.0,0.0,0.02750023,0.95882773,0.0
10,10,0.0,0.0,0.0,0.013672048,0.0,0.0,0.0,0.0,0.0,0.02750023,0.95882773,0.0
10,10,0.0,0.0,0.0,0.013672048,0.0,0.0,0.0,0.0,0.0,0.02750023,0.95882773,0.0
10,10,0.0,0.0,0.0,0.013672048,0.0,0.0,0.0,0.0,0.0,0.02750023,0.95882773,0.0
10,10,0.0,0.0,0.0,0.0,0.0,0.0,0.0,0.0,0.0,0.02750023,0.9724998,0.0
10,10,0.0,0.0,0.0,0.0,0.0,0.0,0.0,0.0,0.0,0.02750023,0.9724998,0.0
10,10,0.0,0.0,0.0,0.0,0.0,0.0,0.0,0.0,0.0,0.02750023,0.9724998,0.0
10,10,0.0,0.0,0.0,0.0,0.0,0.0,0.0,0.0,0.0,0.02750023,0.9724998,0.0
10,10,0.0,0.0,0.0,0.0,0.0,0.0,0.0,0.0,0.0,0.02750023,0.9724998,0.0
10,10,0.0,0.0,0.0,0.0,0.0,0.0,0.0,0.0,0.0,0.02750023,0.9724998,0.0
10,10,0.0,0.0,0.0,0.0,0.0,0.0,0.0,0.0,0.0,0.02750023,0.9724998,0.0
10,10,0.0,0.0,0.0,0.0,0.0,0.0,0.0,0.0,0.0,0.02750023,0.9724998,0.0
10,10,0.0,0.0,0.0,0.0,0.0,0.0,0.0,0.0,0.0,0.0,1.0,0.0
10,10,0.0,0.0,0.0,0.0,0.0,0.0,0.0,0.0,0.0,0.0,1.0,0.0
10,10,0.0,0.0,0.0,0.0,0.0,0.0,0.0,0.0,0.0,0.0,1.0,0.0
10,10,0.0,0.0,0.0,0.0,0.0,0.0,0.0,0.0,0.0,0.0,1.0,0.0
10,10,0.0,0.0,0.0,0.0,0.0,0.0,0.0,0.0,0.0,0.0,1.0,0.0
10,10,0.0,0.0,0.0,0.0,0.0,0.0,0.0,0.0,0.0,0.0,1.0,0.0
10,10,0.0,0.0,0.0,0.0,0.0,0.0,0.0,0.0,0.0,0.0,1.0,0.0
10,10,0.0,0.0,0.0,0.0,0.0,0.0,0.0,0.0,0.0,0.0,1.0,0.0
10,10,0.0,0.0,0.0,0.0,0.0,0.0,0.0,0.0,0.0,0.0,1.0,0.0
10,10,0.0,0.0,0.0,0.0,0.0,0.0,0.0,0.0,0.0,0.0,1.0,0.0
10,10,0.0,0.0,0.0,0.0,0.0,0.0,0.0,0.0,0.0,0.0,1.0,0.0
10,10,0.0,0.0,0.0,0.0,0.0,0.0,0.0,0.0,0.0,0.0,1.0,0.0
10,10,0.0,0.0,0.0,0.0,0.0,0.0,0.0,0.0,0.0,0.0,1.0,0.0
10,10,0.0,0.0,0.0,0.0,0.0,0.0,0.0,0.0,0.0,0.0,1.0,0.0
10,10,0.0,0.0,0.0,0.0,0.0,0.0,0.0,0.0,0.0,0.0,1.0,0.0
10,10,0.0,0.0,0.0,0.0,0.0,0.0,0.0,0.0,0.0,0.0,1.0,0.0
10,10,0.0,0.0,0.0,0.0,0.0,0.0,0.0,0.0,0.0,0.0,1.0,0.0
10,10,0.0,0.0,0.0,0.0,0.0,0.0,0.0,0.0,0.0,0.0,1.0,0.0
10,10,0.0,0.0,0.0,0.0,0.0,0.0,0.0,0.0,0.0,0.0,1.0,0.0
10,10,0.0,0.0,0.0,0.0,0.0,0.0,0.0,0.0,0.0,0.0,1.0,0.0
10,10,0.0,0.0,0.0,0.0,0.0,0.0,0.0,0.0,0.0,0.0,1.0,0.0
10,10,0.0,0.0,0.0,0.0,0.0,0.0,0.0,0.0,0.0,0.0,1.0,0.0
10,10,0.0,0.0,0.0,0.0,0.0,0.0,0.0,0.0,0.0,0.0,1.0,0.0
10,10,0.0,0.0,0.0,0.0,0.0,0.0,0.0,0.0,0.0,0.0,1.0,0.0
10,10,0.0,0.0,0.0,0.0,0.0,0.0,0.0,0.0,0.0,0.0,1.0,0.0
10,10,0.0,0.0,0.0,0.0,0.0,0.0,0.0,0.0,0.0,0.0,1.0,0.0
10,10,0.0,0.0,0.0,0.0,0.0,0.0,0.0,0.0,0.0,0.0,1.0,0.0
10,10,0.0,0.0,0.0,0.0,0.0,0.0,0.0,0.0,0.0,0.0,1.0,0.0
10,10,0.0,0.0,0.0,0.0,0.0,0.0,0.0,0.0,0.0,0.0,1.0,0.0
10,10,0.0,0.0,0.0,0.0,0.0,0.0,0.0,0.0,0.0,0.0,1.0,0.0
10,10,0.0,0.0,0.0,0.0,0.0,0.0,0.0,0.0,0.0,0.0,1.0,0.0
10,10,0.0,0.0,0.0,0.0,0.0,0.0,0.0,0.0,0.0,0.0,1.0,0.0
10,10,0.0,0.0,0.0,0.0,0.0,0.0,0.0,0.0,0.0,0.0,1.0,0.0
10,10,0.0,0.0,0.0,0.0,0.0,0.0,0.0,0.0,0.0,0.0,1.0,0.0
10,10,0.0,0.0,0.0,0.0,0.0,0.0,0.0,0.0,0.0,0.0,1.0,0.0
10,10,0.0,0.0,0.0,0.0,0.0,0.0,0.0,0.0,0.0,0.0,1.0,0.0
10,10,0.0,0.0,0.0,0.0,0.0,0.0,0.0,0.0,0.0,0.0,1.0,0.0
10,10,0.0,0.0,0.0,0.0,0.0,0.0,0.0,0.0,0.0,0.0,1.0,0.0
10,10,0.0,0.0,0.0,0.0,0.0,0.0,0.0,0.0,0.0,0.0,1.0,0.0
10,10,0.0,0.0,0.0,0.0,0.0,0.0,0.0,0.0,0.0,0.0,1.0,0.0
10,10,0.0,0.0,0.0,0.0,0.0,0.0,0.0,0.0,0.0,0.0,1.0,0.0
10,10,0.0,0.0,0.0,0.0,0.0,0.0,0.0,0.0,0.0,0.0,1.0,0.0
10,10,0.0,0.0,0.0,0.0,0.0,0.0,0.0,0.0,0.0,0.0,1.0,0.0
10,10,0.0,0.0,0.0,0.0,0.0,0.0,0.0,0.0,0.0,0.0,1.0,0.0
10,10,0.0,0.0,0.0,0.0,0.0,0.0,0.0,0.0,0.0,0.0,1.0,0.0
10,10,0.0,0.0,0.0,0.0,0.0,0.0,0.0,0.0,0.0,0.0,1.0,0.0
10,10,0.0,0.0,0.0,0.0,0.0,0.0,0.0,0.0,0.0,0.0,1.0,0.0
10,10,0.0,0.0,0.0,0.0,0.0,0.0,0.0,0.0,0.0,0.0,1.0,0.0
10,10,0.0,0.0,0.0,0.0,0.0,0.0,0.0,0.0,0.0,0.0,1.0,0.0
10,10,0.0,0.0,0.0,0.0,0.0,0.0,0.0,0.0,0.0,0.0,1.0,0.0
10,10,0.0,0.0,0.0,0.0,0.0,0.0,0.0,0.0,0.0,0.0,1.0,0.0
10,10,0.0,0.0,0.0,0.0,0.0,0.0,0.0,0.0,0.0,0.0,1.0,0.0
10,10,0.0,0.0,0.0,0.0,0.0,0.0,0.0,0.0,0.0,0.0,1.0,0.0
10,10,0.0,0.0,0.0,0.0,0.0,0.0,0.0,0.0,0.0,0.0,1.0,0.0
10,10,0.0,0.0,0.0,0.0,0.0,0.0,0.0,0.0,0.0,0.0,1.0,0.0
10,10,0.0,0.0,0.0,0.0,0.0,0.0,0.0,0.0,0.0,0.0,1.0,0.0
10,10,0.0,0.0,0.0,0.0,0.0,0.0,0.0,0.0,0.0,0.0,1.0,0.0
10,10,0.0,0.0,0.0,0.0,0.0,0.0,0.0,0.0,0.0,0.0,1.0,0.0
10,10,0.0,0.0,0.0,0.0,0.0,0.0,0.0,0.0,0.0,0.0,1.0,0.0
10,10,0.0,0.0,0.0,0.0,0.0,0.0,0.0,0.0,0.0,0.0,1.0,0.0
10,10,0.0,0.0,0.0,0.0,0.0,0.0,0.0,0.0,0.0,0.0,1.0,0.0
10,10,0.0,0.0,0.0,0.0,0.0,0.0,0.0,0.0,0.0,0.0,1.0,0.0
10,10,0.0,0.0,0.0,0.0,0.0,0.0,0.0,0.0,0.0,0.0,1.0,0.0
10,10,0.0,0.0,0.0,0.0,0.0,0.0,0.0,0.0,0.0,0.0,1.0,0.0
10,10,0.0,0.0,0.0,0.0,0.0,0.0,0.0,0.0,0.0,0.0,1.0,0.0
10,10,0.0,0.0,0.0,0.0,0.0,0.0,0.0,0.0,0.0,0.0,1.0,0.0
10,10,0.0,0.0,0.0,0.0,0.0,0.0,0.0,0.0,0.0,0.0,1.0,0.0
10,10,0.0,0.0,0.0,0.0,0.0,0.0,0.0,0.0,0.0,0.0,1.0,0.0
10,10,0.0,0.0,0.0,0.0,0.0,0.0,0.0,0.0,0.0,0.0,1.0,0.0
10,10,0.0,0.0,0.0,0.0,0.0,0.0,0.0,0.0,0.0,0.0,1.0,0.0
10,10,0.0,0.0,0.0,0.0,0.0,0.0,0.0,0.0,0.0,0.0,1.0,0.0
10,10,0.0,0.0,0.0,0.0,0.0,0.0,0.0,0.0,0.0,0.0,1.0,0.0
10,10,0.0,0.0,0.0,0.0,0.0,0.0,0.0,0.0,0.0,0.0,1.0,0.0
10,10,0.0,0.0,0.0,0.0,0.0,0.0,0.0,0.0,0.0,0.0,1.0,0.0
10,10,0.0,0.0,0.0,0.0,0.0,0.0,0.0,0.0,0.0,0.0,1.0,0.0
10,10,0.0,0.0,0.0,0.0,0.0,0.0,0.0,0.0,0.0,0.0,1.0,0.0
10,10,0.0,0.0,0.0,0.0,0.0,0.0,0.0,0.0,0.0,0.0,1.0,0.0
10,10,0.0,0.0,0.0,0.0,0.0,0.0,0.0,0.0,0.0,0.0,1.0,0.0
10,10,0.0,0.0,0.0,0.0,0.0,0.0,0.0,0.0,0.0,0.0,1.0,0.0
10,10,0.0,0.0,0.0,0.0,0.0,0.0,0.0,0.0,0.0,0.0,1.0,0.0
10,10,0.0,0.0,0.0,0.0,0.0,0.0,0.0,0.0,0.0,0.0,1.0,0.0
10,10,0.0,0.0,0.0,0.0,0.0,0.0,0.0,0.0,0.0,0.0,1.0,0.0
10,10,0.0,0.0,0.0,0.0,0.0,0.0,0.0,0.0,0.0,0.0,1.0,0.0
10,10,0.0,0.0,0.0,0.0,0.0,0.0,0.0,0.0,0.0,0.0,1.0,0.0
10,10,0.0,0.0,0.0,0.0,0.0,0.0,0.0,0.0,0.0,0.0,1.0,0.0
10,10,0.0,0.0,0.0,0.0,0.0,0.0,0.0,0.0,0.0,0.0,1.0,0.0
10,10,0.0,0.0,0.0,0.0,0.0,0.0,0.0,0.0,0.0,0.0,1.0,0.0
10,10,0.0,0.0,0.0,0.0,0.0,0.0,0.0,0.0,0.0,0.0,1.0,0.0
10,10,0.0,0.0,0.0,0.0,0.0,0.0,0.0,0.0,0.0,0.0,1.0,0.0
10,10,0.0,0.0,0.0,0.0,0.0,0.0,0.0,0.0,0.0,0.0,1.0,0.0
10,10,0.0,0.0,0.0,0.0,0.0,0.0,0.0,0.0,0.0,0.0,1.0,0.0
10,10,0.0,0.0,0.0,0.0,0.0,0.0,0.0,0.0,0.0,0.0,1.0,0.0
10,10,0.0,0.0,0.0,0.0,0.0,0.0,0.0,0.0,0.0,0.0,1.0,0.0
10,10,0.0,0.0,0.0,0.0,0.0,0.0,0.0,0.0,0.0,0.0,1.0,0.0
10,10,0.0,0.0,0.0,0.0,0.0,0.0,0.0,0.0,0.0,0.0,1.0,0.0
10,10,0.0,0.0,0.0,0.0,0.0,0.0,0.0,0.0,0.0,0.0,1.0,0.0
10,10,0.0,0.0,0.0,0.0,0.0,0.0,0.0,0.0,0.0,0.0,1.0,0.0
10,10,0.0,0.0,0.0,0.0,0.0,0.0,0.0,0.0,0.0,0.0,1.0,0.0
10,10,0.0,0.0,0.0,0.0,0.0,0.0,0.0,0.0,0.0,0.0,1.0,0.0
10,10,0.0,0.0,0.0,0.0,0.0,0.0,0.0,0.0,0.0,0.0,1.0,0.0
10,10,0.0,0.0,0.0,0.0,0.0,0.0,0.0,0.0,0.0,0.0,1.0,0.0
10,10,0.0,0.0,0.0,0.0,0.0,0.0,0.0,0.0,0.0,0.0,1.0,0.0
10,10,0.0,0.0,0.0,0.0,0.0,0.0,0.0,0.0,0.0,0.0,1.0,0.0
10,10,0.0,0.0,0.0,0.0,0.0,0.0,0.0,0.0,0.0,0.0,1.0,0.0
10,10,0.0,0.0,0.0,0.0,0.0,0.0,0.0,0.0,0.0,0.0,1.0,0.0
10,10,0.0,0.0,0.0,0.0,0.0,0.0,0.0,0.0,0.0,0.0,1.0,0.0
10,10,0.0,0.0,0.0,0.0,0.0,0.0,0.0,0.0,0.0,0.0,1.0,0.0
10,10,0.0,0.0,0.0,0.0,0.0,0.0,0.0,0.0,0.0,0.0,1.0,0.0
10,10,0.0,0.0,0.0,0.0,0.0,0.0,0.0,0.0,0.0,0.0,1.0,0.0
10,10,0.0,0.0,0.0,0.0,0.0,0.0,0.0,0.0,0.0,0.0,1.0,0.0
10,10,0.0,0.0,0.0,0.0,0.0,0.0,0.0,0.0,0.0,0.0,1.0,0.0
10,10,0.0,0.0,0.0,0.0,0.0,0.0,0.0,0.0,0.0,0.0,1.0,0.0
10,10,0.0,0.0,0.0,0.0,0.0,0.0,0.0,0.0,0.0,0.0,1.0,0.0
10,10,0.0,0.0,0.0,0.0,0.0,0.0,0.0,0.0,0.0,0.0,1.0,0.0
10,10,0.0,0.0,0.0,0.0,0.0,0.0,0.0,0.0,0.0,0.0,1.0,0.0
10,10,0.0,0.0,0.0,0.0,0.0,0.0,0.0,0.0,0.0,0.0,1.0,0.0
10,10,0.0,0.0,0.0,0.0,0.0,0.0,0.0,0.0,0.0,0.0,1.0,0.0
10,10,0.0,0.0,0.0,0.0,0.0,0.0,0.0,0.0,0.0,0.0,1.0,0.0
10,10,0.0,0.0,0.0,0.0,0.0,0.0,0.0,0.0,0.0,0.0,1.0,0.0
10,10,0.0,0.0,0.0,0.0,0.0,0.0,0.0,0.0,0.0,0.0,1.0,0.0
10,10,0.0,0.0,0.0,0.0,0.0,0.0,0.0,0.0,0.0,0.0,1.0,0.0
10,10,0.0,0.0,0.0,0.0,0.0,0.0,0.0,0.0,0.0,0.0,1.0,0.0
10,10,0.0,0.0,0.0,0.0,0.0,0.0,0.0,0.0,0.0,0.0,1.0,0.0
10,10,0.0,0.0,0.0,0.0,0.0,0.0,0.0,0.0,0.0,0.0,1.0,0.0
10,10,0.0,0.0,0.0,0.0,0.0,0.0,0.0,0.0,0.0,0.0,1.0,0.0
10,10,0.0,0.0,0.0,0.0,0.0,0.0,0.0,0.0,0.0,0.0,1.0,0.0
10,10,0.0,0.0,0.0,0.0,0.0,0.0,0.0,0.0,0.0,0.0,1.0,0.0
10,10,0.0,0.0,0.0,0.0,0.0,0.0,0.0,0.0,0.0,0.0,1.0,0.0
10,10,0.0,0.0,0.0,0.0,0.0,0.0,0.0,0.0,0.0,0.0,1.0,0.0
10,10,0.0,0.0,0.0,0.0,0.0,0.0,0.0,0.0,0.0,0.0,1.0,0.0
10,10,0.0,0.0,0.0,0.0,0.0,0.0,0.0,0.0,0.0,0.0,1.0,0.0
10,10,0.0,0.0,0.0,0.0,0.0,0.0,0.0,0.0,0.0,0.0,1.0,0.0
10,10,0.0,0.0,0.0,0.0,0.0,0.0,0.0,0.0,0.0,0.0,1.0,0.0
10,10,0.0,0.0,0.0,0.0,0.0,0.0,0.0,0.0,0.0,0.0,1.0,0.0
10,10,0.0,0.0,0.0,0.0,0.0,0.0,0.0,0.0,0.0,0.0,1.0,0.0
10,10,0.0,0.0,0.0,0.0,0.0,0.0,0.0,0.0,0.0,0.0,1.0,0.0
10,10,0.0,0.0,0.0,0.0,0.0,0.0,0.0,0.0,0.0,0.0,1.0,0.0
10,10,0.0,0.0,0.0,0.0,0.0,0.0,0.0,0.0,0.0,0.0,1.0,0.0
10,10,0.0,0.0,0.0,0.0,0.0,0.0,0.0,0.0,0.0,0.0,1.0,0.0
10,10,0.0,0.0,0.0,0.0,0.0,0.0,0.0,0.0,0.0,0.0,1.0,0.0
10,10,0.0,0.0,0.0,0.0,0.0,0.0,0.0,0.0,0.0,0.0,1.0,0.0
10,10,0.0,0.0,0.0,0.0,0.0,0.0,0.0,0.0,0.0,0.0,1.0,0.0
10,10,0.0,0.0,0.0,0.0,0.0,0.0,0.0,0.0,0.0,0.0,1.0,0.0
10,10,0.0,0.0,0.0,0.0,0.0,0.0,0.0,0.0,0.0,0.0,1.0,0.0
10,10,0.0,0.0,0.0,0.0,0.0,0.0,0.0,0.0,0.0,0.0,1.0,0.0
10,10,0.0,0.0,0.0,0.0,0.0,0.0,0.0,0.0,0.0,0.0,1.0,0.0
10,10,0.0,0.0,0.0,0.0,0.0,0.0,0.0,0.0,0.0,0.0,1.0,0.0
10,10,0.0,0.0,0.0,0.0,0.0,0.0,0.0,0.0,0.0,0.0,1.0,0.0
10,10,0.0,0.0,0.0,0.0,0.0,0.0,0.0,0.0,0.0,0.0,1.0,0.0
10,10,0.0,0.0,0.0,0.0,0.0,0.0,0.0,0.0,0.0,0.0,1.0,0.0
10,10,0.0,0.0,0.0,0.0,0.0,0.0,0.0,0.0,0.0,0.0,1.0,0.0
10,10,0.0,0.0,0.0,0.0,0.0,0.0,0.0,0.0,0.0,0.0,1.0,0.0
10,10,0.0,0.0,0.0,0.0,0.0,0.0,0.0,0.0,0.0,0.0,1.0,0.0
10,10,0.0,0.0,0.0,0.0,0.0,0.0,0.0,0.0,0.0,0.0,1.0,0.0
10,10,0.0,0.0,0.0,0.0,0.0,0.0,0.0,0.0,0.0,0.0,1.0,0.0
10,10,0.0,0.0,0.0,0.0,0.0,0.0,0.0,0.0,0.0,0.0,1.0,0.0
10,10,0.0,0.0,0.0,0.0,0.0,0.0,0.0,0.0,0.0,0.0,1.0,0.0
10,10,0.0,0.0,0.0,0.0,0.0,0.0,0.0,0.0,0.0,0.0,1.0,0.0
10,10,0.0,0.0,0.0,0.0,0.0,0.0,0.0,0.0,0.0,0.0,1.0,0.0
10,10,0.0,0.0,0.0,0.0,0.0,0.0,0.0,0.0,0.0,0.0,1.0,0.0
10,10,0.0,0.0,0.0,0.0,0.0,0.0,0.0,0.0,0.0,0.0,1.0,0.0
10,10,0.0,0.0,0.0,0.0,0.0,0.0,0.0,0.0,0.0,0.0,1.0,0.0
10,10,0.0,0.0,0.0,0.0,0.0,0.0,0.0,0.0,0.0,0.0,1.0,0.0
10,10,0.0,0.0,0.0,0.0,0.0,0.0,0.0,0.0,0.0,0.0,1.0,0.0
10,10,0.0,0.0,0.0,0.0,0.0,0.0,0.0,0.0,0.0,0.0,1.0,0.0
10,10,0.0,0.0,0.0,0.0,0.0,0.0,0.0,0.0,0.0,0.0,1.0,0.0
10,10,0.0,0.0,0.0,0.0,0.0,0.0,0.0,0.0,0.0,0.0,1.0,0.0
10,10,0.0,0.0,0.0,0.0,0.0,0.0,0.0,0.0,0.0,0.0,1.0,0.0
10,10,0.0,0.0,0.0,0.0,0.0,0.0,0.0,0.0,0.0,0.0,1.0,0.0
10,10,0.0,0.0,0.0,0.0,0.0,0.0,0.0,0.0,0.0,0.0,1.0,0.0
10,10,0.0,0.0,0.0,0.0,0.0,0.0,0.0,0.0,0.0,0.0,1.0,0.0
10,10,0.0,0.0,0.0,0.0,0.0,0.0,0.0,0.0,0.0,0.0,1.0,0.0
10,10,0.0,0.0,0.0,0.0,0.0,0.0,0.0,0.0,0.0,0.0,1.0,0.0
10,10,0.0,0.0,0.0,0.0,0.0,0.0,0.0,0.0,0.0,0.0,1.0,0.0
10,10,0.0,0.0,0.0,0.0,0.0,0.0,0.0,0.0,0.0,0.0,1.0,0.0
10,10,0.0,0.0,0.0,0.0,0.0,0.0,0.0,0.0,0.0,0.0,1.0,0.0
10,10,0.0,0.0,0.0,0.0,0.0,0.0,0.0,0.0,0.0,0.0,1.0,0.0
10,10,0.0,0.0,0.0,0.0,0.0,0.0,0.0,0.0,0.0,0.0,1.0,0.0
10,10,0.0,0.0,0.0,0.0,0.0,0.0,0.0,0.0,0.0,0.0,1.0,0.0
10,10,0.0,0.0,0.0,0.0,0.0,0.0,0.0,0.0,0.0,0.0,1.0,0.0
10,10,0.0,0.0,0.0,0.0,0.0,0.0,0.0,0.0,0.0,0.0,1.0,0.0
10,10,0.0,0.0,0.0,0.0,0.0,0.0,0.0,0.0,0.0,0.0,1.0,0.0
10,10,0.0,0.0,0.0,0.0,0.0,0.0,0.0,0.0,0.0,0.0,1.0,0.0
10,10,0.0,0.0,0.0,0.0,0.0,0.0,0.0,0.0,0.0,0.0,1.0,0.0
10,10,0.0,0.0,0.0,0.0,0.0,0.0,0.0,0.0,0.0,0.0,1.0,0.0
10,10,0.0,0.0,0.0,0.0,0.0,0.0,0.0,0.0,0.0,0.0,1.0,0.0
10,10,0.0,0.0,0.0,0.0,0.0,0.0,0.0,0.0,0.0,0.0,1.0,0.0
10,10,0.0,0.0,0.0,0.0,0.0,0.0,0.0,0.0,0.0,0.0,1.0,0.0
10,10,0.0,0.0,0.0,0.0,0.0,0.0,0.0,0.0,0.0,0.0,1.0,0.0
10,10,0.0,0.0,0.0,0.0,0.0,0.0,0.0,0.0,0.0,0.0,1.0,0.0
10,10,0.0,0.0,0.0,0.0,0.0,0.0,0.0,0.0,0.0,0.0,1.0,0.0
10,10,0.0,0.0,0.0,0.0,0.0,0.0,0.0,0.0,0.0,0.0,1.0,0.0
10,10,0.0,0.0,0.0,0.0,0.0,0.0,0.0,0.0,0.0,0.0,1.0,0.0
10,10,0.0,0.0,0.0,0.0,0.0,0.0,0.0,0.0,0.0,0.0,1.0,0.0
10,10,0.0,0.0,0.0,0.0,0.0,0.0,0.0,0.0,0.0,0.0,1.0,0.0
10,10,0.0,0.0,0.0,0.0,0.0,0.0,0.0,0.0,0.0,0.0,1.0,0.0
10,10,0.0,0.0,0.0,0.0,0.0,0.0,0.0,0.0,0.0,0.0,1.0,0.0
10,10,0.0,0.0,0.0,0.0,0.0,0.0,0.0,0.0,0.0,0.0,1.0,0.0
10,10,0.0,0.0,0.0,0.0,0.0,0.0,0.0,0.0,0.0,0.0,1.0,0.0
10,10,0.0,0.0,0.0,0.0,0.0,0.0,0.0,0.0,0.0,0.0,1.0,0.0
10,10,0.0,0.0,0.0,0.0,0.0,0.0,0.0,0.0,0.0,0.0,1.0,0.0
10,10,0.0,0.0,0.0,0.0,0.0,0.0,0.0,0.0,0.0,0.0,1.0,0.0
10,10,0.0,0.0,0.0,0.0,0.0,0.0,0.0,0.0,0.0,0.0,1.0,0.0
10,10,0.0,0.0,0.0,0.0,0.0,0.0,0.0,0.0,0.0,0.0,1.0,0.0
10,10,0.0,0.0,0.0,0.0,0.0,0.0,0.0,0.0,0.0,0.0,1.0,0.0
10,10,0.0,0.0,0.0,0.0,0.0,0.0,0.0,0.0,0.0,0.0,1.0,0.0
10,10,0.0,0.0,0.0,0.0,0.0,0.0,0.0,0.0,0.0,0.0,1.0,0.0
10,10,0.0,0.0,0.0,0.0,0.0,0.0,0.0,0.0,0.0,0.0,1.0,0.0
10,10,0.0,0.0,0.0,0.0,0.0,0.0,0.0,0.0,0.0,0.0,1.0,0.0
10,10,0.0,0.0,0.0,0.0,0.0,0.0,0.0,0.0,0.0,0.0,1.0,0.0
10,10,0.0,0.0,0.0,0.0,0.0,0.0,0.0,0.0,0.0,0.0,1.0,0.0
10,10,0.0,0.0,0.0,0.0,0.0,0.0,0.0,0.0,0.0,0.0,1.0,0.0
10,10,0.0,0.0,0.0,0.0,0.0,0.0,0.0,0.0,0.0,0.0,1.0,0.0
10,10,0.0,0.0,0.0,0.0,0.0,0.0,0.0,0.0,0.0,0.0,1.0,0.0
10,10,0.0,0.0,0.0,0.0,0.0,0.0,0.0,0.0,0.0,0.0,1.0,0.0
10,10,0.0,0.0,0.0,0.0,0.0,0.0,0.0,0.0,0.0,0.0,1.0,0.0
10,10,0.0,0.0,0.0,0.0,0.0,0.0,0.0,0.0,0.0,0.0,1.0,0.0
10,10,0.0,0.0,0.0,0.0,0.0,0.0,0.0,0.0,0.0,0.0,1.0,0.0
10,10,0.0,0.0,0.0,0.0,0.0,0.0,0.0,0.0,0.0,0.0,1.0,0.0
10,10,0.0,0.0,0.0,0.0,0.0,0.0,0.0,0.0,0.0,0.0,1.0,0.0
10,10,0.0,0.0,0.0,0.0,0.0,0.0,0.0,0.0,0.0,0.0,1.0,0.0
10,10,0.0,0.0,0.0,0.0,0.0,0.0,0.0,0.0,0.0,0.0,1.0,0.0
10,10,0.0,0.0,0.0,0.0,0.0,0.0,0.0,0.0,0.0,0.0,1.0,0.0
10,10,0.0,0.0,0.0,0.0,0.0,0.0,0.0,0.0,0.0,0.0,1.0,0.0
10,10,0.0,0.0,0.0,0.0,0.0,0.0,0.0,0.0,0.0,0.0,1.0,0.0
10,10,0.0,0.0,0.0,0.0,0.0,0.0,0.0,0.0,0.0,0.0,1.0,0.0
10,10,0.0,0.0,0.0,0.0,0.0,0.0,0.0,0.0,0.0,0.0,1.0,0.0
10,10,0.0,0.0,0.0,0.0,0.0,0.0,0.0,0.0,0.0,0.0,1.0,0.0
10,10,0.0,0.0,0.0,0.0,0.0,0.0,0.0,0.0,0.0,0.0,1.0,0.0
10,10,0.0,0.0,0.0,0.0,0.0,0.0,0.0,0.0,0.0,0.0,1.0,0.0
10,10,0.0,0.0,0.0,0.0,0.0,0.0,0.0,0.0,0.0,0.0,1.0,0.0
10,10,0.0,0.0,0.0,0.0,0.0,0.0,0.0,0.0,0.0,0.0,1.0,0.0
10,10,0.0,0.0,0.0,0.0,0.0,0.0,0.0,0.0,0.0,0.0,1.0,0.0
10,10,0.0,0.0,0.0,0.0,0.0,0.0,0.0,0.0,0.0,0.0,1.0,0.0
10,10,0.0,0.0,0.0,0.0,0.0,0.0,0.0,0.0,0.0,0.0,1.0,0.0
10,10,0.0,0.0,0.0,0.0,0.0,0.0,0.0,0.0,0.0,0.0,1.0,0.0
10,10,0.0,0.0,0.0,0.0,0.0,0.0,0.0,0.0,0.0,0.0,1.0,0.0
10,10,0.0,0.0,0.0,0.0,0.0,0.0,0.0,0.0,0.0,0.0,1.0,0.0
10,10,0.0,0.0,0.0,0.0,0.0,0.0,0.0,0.0,0.0,0.0,1.0,0.0
10,10,0.0,0.0,0.0,0.0,0.0,0.0,0.0,0.0,0.0,0.0,1.0,0.0
10,10,0.0,0.0,0.0,0.0,0.0,0.0,0.0,0.0,0.0,0.0,1.0,0.0
10,10,0.0,0.0,0.0,0.0,0.0,0.0,0.0,0.0,0.0,0.0,1.0,0.0
10,10,0.0,0.0,0.0,0.0,0.0,0.0,0.0,0.0,0.0,0.0,1.0,0.0
10,10,0.0,0.0,0.0,0.0,0.0,0.0,0.0,0.0,0.0,0.0,1.0,0.0
10,10,0.0,0.0,0.0,0.0,0.0,0.0,0.0,0.0,0.0,0.0,1.0,0.0
10,10,0.0,0.0,0.0,0.0,0.0,0.0,0.0,0.0,0.0,0.0,1.0,0.0
10,10,0.0,0.0,0.0,0.0,0.0,0.0,0.0,0.0,0.0,0.0,1.0,0.0
10,10,0.0,0.0,0.0,0.0,0.0,0.0,0.0,0.0,0.0,0.0,1.0,0.0
10,10,0.0,0.0,0.0,0.0,0.0,0.0,0.0,0.0,0.0,0.0,1.0,0.0
10,10,0.0,0.0,0.0,0.0,0.0,0.0,0.0,0.0,0.0,0.0,1.0,0.0
10,10,0.0,0.0,0.0,0.0,0.0,0.0,0.0,0.0,0.0,0.0,1.0,0.0
10,10,0.0,0.0,0.0,0.0,0.0,0.0,0.0,0.0,0.0,0.0,1.0,0.0
10,10,0.0,0.0,0.0,0.0,0.0,0.0,0.0,0.0,0.0,0.0,1.0,0.0
10,10,0.0,0.0,0.0,0.0,0.0,0.0,0.0,0.0,0.0,0.0,1.0,0.0
10,10,0.0,0.0,0.0,0.0,0.0,0.0,0.0,0.0,0.0,0.0,1.0,0.0
10,10,0.0,0.0,0.0,0.0,0.0,0.0,0.0,0.0,0.0,0.0,1.0,0.0
10,10,0.0,0.0,0.0,0.0,0.0,0.0,0.0,0.0,0.0,0.0,1.0,0.0
10,10,0.0,0.0,0.0,0.0,0.0,0.0,0.0,0.0,0.0,0.0,1.0,0.0
10,10,0.0,0.0,0.0,0.0,0.0,0.0,0.0,0.0,0.0,0.0,1.0,0.0
10,10,0.0,0.0,0.0,0.0,0.0,0.0,0.0,0.0,0.0,0.0,1.0,0.0
10,10,0.0,0.0,0.0,0.0,0.0,0.0,0.0,0.0,0.0,0.0,1.0,0.0
10,10,0.0,0.0,0.0,0.0,0.0,0.0,0.0,0.0,0.0,0.0,1.0,0.0
10,10,0.0,0.0,0.0,0.0,0.0,0.0,0.0,0.0,0.0,0.0,1.0,0.0
10,10,0.0,0.0,0.0,0.0,0.0,0.0,0.0,0.0,0.0,0.0,1.0,0.0
10,10,0.0,0.0,0.0,0.0,0.0,0.0,0.0,0.0,0.0,0.0,1.0,0.0
10,10,0.0,0.0,0.0,0.0,0.0,0.0,0.0,0.0,0.0,0.0,1.0,0.0
10,10,0.0,0.0,0.0,0.0,0.0,0.0,0.0,0.0,0.0,0.0,1.0,0.0
10,10,0.0,0.0,0.0,0.0,0.0,0.0,0.0,0.0,0.0,0.0,1.0,0.0
10,10,0.0,0.0,0.0,0.0,0.0,0.0,0.0,0.0,0.0,0.0,1.0,0.0
10,10,0.0,0.0,0.0,0.0,0.0,0.0,0.0,0.0,0.0,0.0,1.0,0.0
10,10,0.0,0.0,0.0,0.0,0.0,0.0,0.0,0.0,0.0,0.0,1.0,0.0
10,10,0.0,0.0,0.0,0.0,0.0,0.0,0.0,0.0,0.0,0.0,1.0,0.0
10,10,0.0,0.0,0.0,0.0,0.0,0.0,0.0,0.0,0.0,0.0,1.0,0.0
10,10,0.0,0.0,0.0,0.0,0.0,0.0,0.0,0.0,0.0,0.0,1.0,0.0
10,10,0.0,0.0,0.0,0.0,0.0,0.0,0.0,0.0,0.0,0.0,1.0,0.0
10,10,0.0,0.0,0.0,0.0,0.0,0.0,0.0,0.0,0.0,0.0,1.0,0.0
10,10,0.0,0.0,0.0,0.0,0.0,0.0,0.0,0.0,0.0,0.0,1.0,0.0
10,10,0.0,0.0,0.0,0.0,0.0,0.0,0.0,0.0,0.0,0.0,1.0,0.0
10,10,0.0,0.0,0.0,0.0,0.0,0.0,0.0,0.0,0.0,0.0,1.0,0.0
10,10,0.0,0.0,0.0,0.0,0.0,0.0,0.0,0.0,0.0,0.0,1.0,0.0
10,10,0.0,0.0,0.0,0.0,0.0,0.0,0.0,0.0,0.0,0.0,1.0,0.0
10,10,0.0,0.0,0.0,0.0,0.0,0.0,0.0,0.0,0.0,0.0,1.0,0.0
10,10,0.0,0.0,0.0,0.0,0.0,0.0,0.0,0.0,0.0,0.0,1.0,0.0
10,10,0.0,0.0,0.0,0.0,0.0,0.0,0.0,0.0,0.0,0.0,1.0,0.0
10,10,0.0,0.0,0.0,0.0,0.0,0.0,0.0,0.0,0.0,0.0,1.0,0.0
10,10,0.0,0.0,0.0,0.0,0.0,0.0,0.0,0.0,0.0,0.0,1.0,0.0
10,10,0.0,0.0,0.0,0.0,0.0,0.0,0.0,0.0,0.0,0.0,1.0,0.0
10,10,0.0,0.0,0.0,0.0,0.0,0.0,0.0,0.0,0.0,0.0,1.0,0.0
10,10,0.0,0.0,0.0,0.0,0.0,0.0,0.0,0.0,0.0,0.0,1.0,0.0
10,10,0.0,0.0,0.0,0.0,0.0,0.0,0.0,0.0,0.0,0.0,1.0,0.0
10,10,0.0,0.0,0.0,0.0,0.0,0.0,0.0,0.0,0.0,0.0,1.0,0.0
10,10,0.0,0.0,0.0,0.0,0.0,0.0,0.0,0.0,0.0,0.0,1.0,0.0
10,10,0.0,0.0,0.0,0.0,0.0,0.0,0.0,0.0,0.0,0.0,1.0,0.0
10,10,0.0,0.0,0.0,0.0,0.0,0.0,0.0,0.0,0.0,0.0,1.0,0.0
10,10,0.0,0.0,0.0,0.0,0.0,0.0,0.0,0.0,0.0,0.0,1.0,0.0
10,10,0.0,0.0,0.0,0.0,0.0,0.0,0.0,0.0,0.0,0.0,1.0,0.0
10,10,0.0,0.0,0.0,0.0,0.0,0.0,0.0,0.0,0.0,0.0,1.0,0.0
10,10,0.0,0.0,0.0,0.0,0.0,0.0,0.0,0.0,0.0,0.0,1.0,0.0
10,10,0.0,0.0,0.0,0.0,0.0,0.0,0.0,0.0,0.0,0.0,1.0,0.0
10,10,0.0,0.0,0.0,0.0,0.0,0.0,0.0,0.0,0.0,0.0,1.0,0.0
10,10,0.0,0.0,0.0,0.0,0.0,0.0,0.0,0.0,0.0,0.0,1.0,0.0
10,10,0.0,0.0,0.0,0.0,0.0,0.0,0.0,0.0,0.0,0.0,1.0,0.0
10,10,0.0,0.0,0.0,0.0,0.0,0.0,0.0,0.0,0.0,0.0,1.0,0.0
10,10,0.0,0.0,0.0,0.0,0.0,0.0,0.0,0.0,0.0,0.0,1.0,0.0
10,10,0.0,0.0,0.0,0.0,0.0,0.0,0.0,0.0,0.0,0.0,1.0,0.0
10,10,0.0,0.0,0.0,0.0,0.0,0.0,0.0,0.0,0.0,0.0,1.0,0.0
10,10,0.0,0.0,0.0,0.0,0.0,0.0,0.0,0.0,0.0,0.0,1.0,0.0
10,10,0.0,0.0,0.0,0.0,0.0,0.0,0.0,0.0,0.0,0.0,1.0,0.0
10,10,0.0,0.0,0.0,0.0,0.0,0.0,0.0,0.0,0.0,0.0,1.0,0.0
10,10,0.0,0.0,0.0,0.0,0.0,0.0,0.0,0.0,0.0,0.0,1.0,0.0
10,10,0.0,0.0,0.0,0.0,0.0,0.0,0.0,0.0,0.0,0.0,1.0,0.0
10,10,0.0,0.0,0.0,0.0,0.0,0.0,0.0,0.0,0.0,0.0,1.0,0.0
10,10,0.0,0.0,0.0,0.0,0.0,0.0,0.0,0.0,0.0,0.0,1.0,0.0
10,10,0.0,0.0,0.0,0.0,0.0,0.0,0.0,0.0,0.0,0.0,1.0,0.0
10,10,0.0,0.0,0.0,0.0,0.0,0.0,0.0,0.0,0.0,0.0,1.0,0.0
10,10,0.0,0.0,0.0,0.0,0.0,0.0,0.0,0.0,0.0,0.0,1.0,0.0
10,10,0.0,0.0,0.0,0.0,0.0,0.0,0.0,0.0,0.0,0.0,1.0,0.0
10,10,0.0,0.0,0.0,0.0,0.0,0.0,0.0,0.0,0.0,0.0,1.0,0.0
10,10,0.0,0.0,0.0,0.0,0.0,0.0,0.0,0.0,0.0,0.0,1.0,0.0
10,10,0.0,0.0,0.0,0.0,0.0,0.0,0.0,0.0,0.0,0.0,1.0,0.0
10,10,0.0,0.0,0.0,0.0,0.0,0.0,0.0,0.0,0.0,0.0,1.0,0.0
10,10,0.0,0.0,0.0,0.0,0.0,0.0,0.0,0.0,0.0,0.0,1.0,0.0
10,10,0.0,0.0,0.0,0.0,0.0,0.0,0.0,0.0,0.0,0.0,1.0,0.0
10,10,0.0,0.0,0.0,0.0,0.0,0.0,0.0,0.0,0.0,0.0,1.0,0.0
10,10,0.0,0.0,0.0,0.0,0.0,0.0,0.0,0.0,0.0,0.0,1.0,0.0
10,10,0.0,0.0,0.0,0.0,0.0,0.0,0.0,0.0,0.0,0.0,1.0,0.0
10,10,0.0,0.0,0.0,0.0,0.0,0.0,0.0,0.0,0.0,0.0,1.0,0.0
10,10,0.0,0.0,0.0,0.0,0.0,0.0,0.0,0.0,0.0,0.0,1.0,0.0
10,10,0.0,0.0,0.0,0.0,0.0,0.0,0.0,0.0,0.0,0.0,1.0,0.0
10,10,0.0,0.0,0.0,0.0,0.0,0.0,0.0,0.0,0.0,0.0,1.0,0.0
10,10,0.0,0.0,0.0,0.0,0.0,0.0,0.0,0.0,0.0,0.0,1.0,0.0
10,10,0.0,0.0,0.0,0.0,0.0,0.0,0.0,0.0,0.0,0.0,1.0,0.0
10,10,0.0,0.0,0.0,0.0,0.0,0.0,0.0,0.0,0.0,0.0,1.0,0.0
10,10,0.0,0.0,0.0,0.0,0.0,0.0,0.0,0.0,0.0,0.0,1.0,0.0
10,10,0.0,0.0,0.0,0.0,0.0,0.0,0.0,0.0,0.0,0.0,1.0,0.0
10,10,0.0,0.0,0.0,0.0,0.0,0.0,0.0,0.0,0.0,0.0,1.0,0.0
10,10,0.0,0.0,0.0,0.0,0.0,0.0,0.0,0.0,0.0,0.0,1.0,0.0
10,10,0.0,0.0,0.0,0.0,0.0,0.0,0.0,0.0,0.0,0.0,1.0,0.0
10,10,0.0,0.0,0.0,0.0,0.0,0.0,0.0,0.0,0.0,0.0,1.0,0.0
10,10,0.0,0.0,0.0,0.0,0.0,0.0,0.0,0.0,0.0,0.0,1.0,0.0
10,10,0.0,0.0,0.0,0.0,0.0,0.0,0.0,0.0,0.0,0.0,1.0,0.0
10,10,0.0,0.0,0.0,0.0,0.0,0.0,0.0,0.0,0.0,0.0,1.0,0.0
10,10,0.0,0.0,0.0,0.0,0.0,0.0,0.0,0.0,0.0,0.0,1.0,0.0
10,10,0.0,0.0,0.0,0.0,0.0,0.0,0.0,0.0,0.0,0.0,1.0,0.0
10,10,0.0,0.0,0.0,0.0,0.0,0.0,0.0,0.0,0.0,0.0,1.0,0.0
10,10,0.0,0.0,0.0,0.0,0.0,0.0,0.0,0.0,0.0,0.0,1.0,0.0
10,10,0.0,0.0,0.0,0.0,0.0,0.0,0.0,0.0,0.0,0.0,1.0,0.0
10,10,0.0,0.0,0.0,0.0,0.0,0.0,0.0,0.0,0.0,0.0,1.0,0.0
10,10,0.0,0.0,0.0,0.0,0.0,0.0,0.0,0.0,0.0,0.0,1.0,0.0
10,10,0.0,0.0,0.0,0.0,0.0,0.0,0.0,0.0,0.0,0.0,1.0,0.0
10,10,0.0,0.0,0.0,0.0,0.0,0.0,0.0,0.0,0.0,0.0,1.0,0.0
10,10,0.0,0.0,0.0,0.0,0.0,0.0,0.0,0.0,0.0,0.0,1.0,0.0
10,10,0.0,0.0,0.0,0.0,0.0,0.0,0.0,0.0,0.0,0.0,1.0,0.0
10,10,0.0,0.0,0.0,0.0,0.0,0.0,0.0,0.0,0.0,0.0,1.0,0.0
10,10,0.0,0.0,0.0,0.0,0.0,0.0,0.0,0.0,0.0,0.0,1.0,0.0
10,10,0.0,0.0,0.0,0.0,0.0,0.0,0.0,0.0,0.0,0.0,1.0,0.0
10,10,0.0,0.0,0.0,0.0,0.0,0.0,0.0,0.0,0.0,0.0,1.0,0.0
10,10,0.0,0.0,0.0,0.0,0.0,0.0,0.0,0.0,0.0,0.0,1.0,0.0
10,10,0.0,0.0,0.0,0.0,0.0,0.0,0.0,0.0,0.0,0.0,1.0,0.0
10,10,0.0,0.0,0.0,0.0,0.0,0.0,0.0,0.0,0.0,0.0,1.0,0.0
10,10,0.0,0.0,0.0,0.0,0.0,0.0,0.0,0.0,0.0,0.0,1.0,0.0
10,10,0.0,0.0,0.0,0.0,0.0,0.0,0.0,0.0,0.0,0.0,1.0,0.0
10,10,0.0,0.0,0.0,0.0,0.0,0.0,0.0,0.0,0.0,0.0,1.0,0.0
10,10,0.0,0.0,0.0,0.0,0.0,0.0,0.0,0.0,0.0,0.0,1.0,0.0
10,10,0.0,0.0,0.0,0.0,0.0,0.0,0.0,0.0,0.0,0.0,1.0,0.0
10,10,0.0,0.0,0.0,0.0,0.0,0.0,0.0,0.0,0.0,0.0,1.0,0.0
10,10,0.0,0.0,0.0,0.0,0.0,0.0,0.0,0.0,0.0,0.0,1.0,0.0
10,10,0.0,0.0,0.0,0.0,0.0,0.0,0.0,0.0,0.0,0.0,1.0,0.0
10,10,0.0,0.0,0.0,0.0,0.0,0.0,0.0,0.0,0.0,0.0,1.0,0.0
10,10,0.0,0.0,0.0,0.0,0.0,0.0,0.0,0.0,0.0,0.0,1.0,0.0
10,10,0.0,0.0,0.0,0.0,0.0,0.0,0.0,0.0,0.0,0.0,1.0,0.0
10,10,0.0,0.0,0.0,0.0,0.0,0.0,0.0,0.0,0.0,0.0,1.0,0.0
10,10,0.0,0.0,0.0,0.0,0.0,0.0,0.0,0.0,0.0,0.0,1.0,0.0
10,10,0.0,0.0,0.0,0.0,0.0,0.0,0.0,0.0,0.0,0.0,1.0,0.0
10,10,0.0,0.0,0.0,0.0,0.0,0.0,0.0,0.0,0.0,0.0,1.0,0.0
10,10,0.0,0.0,0.0,0.0,0.0,0.0,0.0,0.0,0.0,0.0,1.0,0.0
10,10,0.0,0.0,0.0,0.0,0.0,0.0,0.0,0.0,0.0,0.0,1.0,0.0
10,10,0.0,0.0,0.0,0.0,0.0,0.0,0.0,0.0,0.0,0.0,1.0,0.0
10,10,0.0,0.0,0.0,0.0,0.0,0.0,0.0,0.0,0.0,0.0,1.0,0.0
10,10,0.0,0.0,0.0,0.0,0.0,0.0,0.0,0.0,0.0,0.0,1.0,0.0
10,10,0.0,0.0,0.0,0.0,0.0,0.0,0.0,0.0,0.0,0.0,1.0,0.0
10,10,0.0,0.0,0.0,0.0,0.0,0.0,0.0,0.0,0.0,0.0,1.0,0.0
10,10,0.0,0.0,0.0,0.0,0.0,0.0,0.0,0.0,0.0,0.0,1.0,0.0
10,10,0.0,0.0,0.0,0.0,0.0,0.0,0.0,0.0,0.0,0.0,1.0,0.0
10,10,0.0,0.0,0.0,0.0,0.0,0.0,0.0,0.0,0.0,0.0,1.0,0.0
10,10,0.0,0.0,0.0,0.0,0.0,0.0,0.0,0.0,0.0,0.0,1.0,0.0
10,10,0.0,0.0,0.0,0.0,0.0,0.0,0.0,0.0,0.0,0.0,1.0,0.0
10,10,0.0,0.0,0.0,0.0,0.0,0.0,0.0,0.0,0.0,0.0,1.0,0.0
10,10,0.0,0.0,0.0,0.0,0.0,0.0,0.0,0.0,0.0,0.0,1.0,0.0
10,10,0.0,0.0,0.0,0.0,0.0,0.0,0.0,0.0,0.0,0.0,1.0,0.0
10,10,0.0,0.0,0.0,0.0,0.0,0.0,0.0,0.0,0.0,0.0,1.0,0.0
10,10,0.0,0.0,0.0,0.0,0.0,0.0,0.0,0.0,0.0,0.0,1.0,0.0
10,10,0.0,0.0,0.0,0.0,0.0,0.0,0.0,0.0,0.0,0.0,1.0,0.0
10,10,0.0,0.0,0.0,0.0,0.0,0.0,0.0,0.0,0.0,0.0,1.0,0.0
10,10,0.0,0.0,0.0,0.0,0.0,0.0,0.0,0.0,0.0,0.0,1.0,0.0
10,10,0.0,0.0,0.0,0.0,0.0,0.0,0.0,0.0,0.0,0.0,1.0,0.0
10,10,0.0,0.0,0.0,0.0,0.0,0.0,0.0,0.0,0.0,0.0,1.0,0.0
10,10,0.0,0.0,0.0,0.0,0.0,0.0,0.0,0.0,0.0,0.0,1.0,0.0
10,10,0.0,0.0,0.0,0.0,0.0,0.0,0.0,0.0,0.0,0.0,1.0,0.0
10,10,0.0,0.0,0.0,0.0,0.0,0.0,0.0,0.0,0.0,0.0,1.0,0.0
10,10,0.0,0.0,0.0,0.0,0.0,0.0,0.0,0.0,0.0,0.0,1.0,0.0
10,10,0.0,0.0,0.0,0.0,0.0,0.0,0.0,0.0,0.0,0.0,1.0,0.0
10,10,0.0,0.0,0.0,0.0,0.0,0.0,0.0,0.0,0.0,0.0,1.0,0.0
10,10,0.0,0.0,0.0,0.0,0.0,0.0,0.0,0.0,0.0,0.0,1.0,0.0
10,10,0.0,0.0,0.0,0.0,0.0,0.0,0.0,0.0,0.0,0.0,1.0,0.0
10,10,0.0,0.0,0.0,0.0,0.0,0.0,0.0,0.0,0.0,0.0,1.0,0.0
10,10,0.0,0.0,0.0,0.0,0.0,0.0,0.0,0.0,0.0,0.0,1.0,0.0
10,10,0.0,0.0,0.0,0.0,0.0,0.0,0.0,0.0,0.0,0.0,1.0,0.0
10,10,0.0,0.0,0.0,0.0,0.0,0.0,0.0,0.0,0.0,0.0,1.0,0.0
10,10,0.0,0.0,0.0,0.0,0.0,0.0,0.0,0.0,0.0,0.0,1.0,0.0
10,10,0.0,0.0,0.0,0.0,0.0,0.0,0.0,0.0,0.0,0.0,1.0,0.0
10,10,0.0,0.0,0.0,0.0,0.0,0.0,0.0,0.0,0.0,0.0,1.0,0.0
10,10,0.0,0.0,0.0,0.0,0.0,0.0,0.0,0.0,0.0,0.0,1.0,0.0
10,10,0.0,0.0,0.0,0.0,0.0,0.0,0.0,0.0,0.0,0.0,1.0,0.0
10,10,0.0,0.0,0.0,0.0,0.0,0.0,0.0,0.0,0.0,0.0,1.0,0.0
10,10,0.0,0.0,0.0,0.0,0.0,0.0,0.0,0.0,0.0,0.0,1.0,0.0
10,10,0.0,0.0,0.0,0.0,0.0,0.0,0.0,0.0,0.0,0.0,1.0,0.0
10,10,0.0,0.0,0.0,0.0,0.0,0.0,0.0,0.0,0.0,0.0,1.0,0.0
10,10,0.0,0.0,0.0,0.0,0.0,0.0,0.0,0.0,0.0,0.0,1.0,0.0
10,10,0.0,0.0,0.0,0.0,0.0,0.0,0.0,0.0,0.0,0.0,1.0,0.0
10,10,0.0,0.0,0.0,0.0,0.0,0.0,0.0,0.0,0.0,0.0,1.0,0.0
10,10,0.0,0.0,0.0,0.0,0.0,0.0,0.0,0.0,0.0,0.0,1.0,0.0
10,10,0.0,0.0,0.0,0.0,0.0,0.0,0.0,0.0,0.0,0.0,1.0,0.0
10,10,0.0,0.0,0.0,0.0,0.0,0.0,0.0,0.0,0.0,0.0,1.0,0.0
10,10,0.0,0.0,0.0,0.0,0.0,0.0,0.0,0.0,0.0,0.0,1.0,0.0
10,10,0.0,0.0,0.0,0.0,0.0,0.0,0.0,0.0,0.0,0.0,1.0,0.0
10,10,0.0,0.0,0.0,0.0,0.0,0.0,0.0,0.0,0.0,0.0,1.0,0.0
10,10,0.0,0.0,0.0,0.0,0.0,0.0,0.0,0.0,0.0,0.0,1.0,0.0
10,10,0.0,0.0,0.0,0.0,0.0,0.0,0.0,0.0,0.0,0.0,1.0,0.0
10,10,0.0,0.0,0.0,0.0,0.0,0.0,0.0,0.0,0.0,0.0,1.0,0.0
10,10,0.0,0.0,0.0,0.0,0.0,0.0,0.0,0.0,0.0,0.0,1.0,0.0
10,10,0.0,0.0,0.0,0.0,0.0,0.0,0.0,0.0,0.0,0.0,1.0,0.0
10,10,0.0,0.0,0.0,0.0,0.0,0.0,0.0,0.0,0.0,0.0,1.0,0.0
10,10,0.0,0.0,0.0,0.0,0.0,0.0,0.0,0.0,0.0,0.0,1.0,0.0
10,10,0.0,0.0,0.0,0.0,0.0,0.0,0.0,0.0,0.0,0.0,1.0,0.0
10,10,0.0,0.0,0.0,0.0,0.0,0.0,0.0,0.0,0.0,0.0,1.0,0.0
10,10,0.0,0.0,0.0,0.0,0.0,0.0,0.0,0.0,0.0,0.0,1.0,0.0
10,10,0.0,0.0,0.0,0.0,0.0,0.0,0.0,0.0,0.0,0.0,1.0,0.0
10,10,0.0,0.0,0.0,0.0,0.0,0.0,0.0,0.0,0.0,0.0,1.0,0.0
10,10,0.0,0.0,0.0,0.0,0.0,0.0,0.0,0.0,0.0,0.0,1.0,0.0
10,10,0.0,0.0,0.0,0.0,0.0,0.0,0.0,0.0,0.0,0.0,1.0,0.0
10,10,0.0,0.0,0.0,0.0,0.0,0.0,0.0,0.0,0.0,0.0,1.0,0.0
10,10,0.0,0.0,0.0,0.0,0.0,0.0,0.0,0.0,0.0,0.0,1.0,0.0
10,10,0.0,0.0,0.0,0.0,0.0,0.0,0.0,0.0,0.0,0.0,1.0,0.0
10,10,0.0,0.0,0.0,0.0,0.0,0.0,0.0,0.0,0.0,0.0,1.0,0.0
10,10,0.0,0.0,0.0,0.0,0.0,0.0,0.0,0.0,0.0,0.0,1.0,0.0
10,10,0.0,0.0,0.0,0.0,0.0,0.0,0.0,0.0,0.0,0.0,1.0,0.0
10,10,0.0,0.0,0.0,0.0,0.0,0.0,0.0,0.0,0.0,0.0,1.0,0.0
10,10,0.0,0.0,0.0,0.0,0.0,0.0,0.0,0.0,0.0,0.0,1.0,0.0
10,10,0.0,0.0,0.0,0.0,0.0,0.0,0.0,0.0,0.0,0.0,1.0,0.0
10,10,0.0,0.0,0.0,0.0,0.0,0.0,0.0,0.0,0.0,0.0,1.0,0.0
10,10,0.0,0.0,0.0,0.0,0.0,0.0,0.0,0.0,0.0,0.0,1.0,0.0
10,10,0.0,0.0,0.0,0.0,0.0,0.0,0.0,0.0,0.0,0.0,1.0,0.0
10,10,0.0,0.0,0.0,0.0,0.0,0.0,0.0,0.0,0.0,0.0,1.0,0.0
10,10,0.0,0.0,0.0,0.0,0.0,0.0,0.0,0.0,0.0,0.0,1.0,0.0
10,10,0.0,0.0,0.0,0.0,0.0,0.0,0.0,0.0,0.0,0.0,1.0,0.0
10,10,0.0,0.0,0.0,0.0,0.0,0.0,0.0,0.0,0.0,0.0,1.0,0.0
10,10,0.0,0.0,0.0,0.0,0.0,0.0,0.0,0.0,0.0,0.0,1.0,0.0
10,10,0.0,0.0,0.0,0.0,0.0,0.0,0.0,0.0,0.0,0.0,1.0,0.0
10,10,0.0,0.0,0.0,0.0,0.0,0.0,0.0,0.0,0.0,0.0,1.0,0.0
10,10,0.0,0.0,0.0,0.0,0.0,0.0,0.0,0.0,0.0,0.0,1.0,0.0
10,10,0.0,0.0,0.0,0.0,0.0,0.0,0.0,0.0,0.0,0.0,1.0,0.0
10,10,0.0,0.0,0.0,0.0,0.0,0.0,0.0,0.0,0.0,0.0,1.0,0.0
10,10,0.0,0.0,0.0,0.0,0.0,0.0,0.0,0.0,0.0,0.0,1.0,0.0
10,10,0.0,0.0,0.0,0.0,0.0,0.0,0.0,0.0,0.0,0.0,1.0,0.0
10,10,0.0,0.0,0.0,0.0,0.0,0.0,0.0,0.0,0.0,0.0,1.0,0.0
10,10,0.0,0.0,0.0,0.0,0.0,0.0,0.0,0.0,0.0,0.0,1.0,0.0
10,10,0.0,0.0,0.0,0.0,0.0,0.0,0.0,0.0,0.0,0.0,1.0,0.0
10,10,0.0,0.0,0.0,0.0,0.0,0.0,0.0,0.0,0.0,0.0,1.0,0.0
10,10,0.0,0.0,0.0,0.0,0.0,0.0,0.0,0.0,0.0,0.0,1.0,0.0
10,10,0.0,0.0,0.0,0.0,0.0,0.0,0.0,0.0,0.0,0.0,1.0,0.0
10,10,0.0,0.0,0.0,0.0,0.0,0.0,0.0,0.0,0.0,0.0,1.0,0.0
10,10,0.0,0.0,0.0,0.0,0.0,0.0,0.0,0.0,0.0,0.0,1.0,0.0
10,10,0.0,0.0,0.0,0.0,0.0,0.0,0.0,0.0,0.0,0.0,1.0,0.0
10,10,0.0,0.0,0.0,0.0,0.0,0.0,0.0,0.0,0.0,0.0,1.0,0.0
10,10,0.0,0.0,0.0,0.0,0.0,0.0,0.0,0.0,0.0,0.0,1.0,0.0
10,10,0.0,0.0,0.0,0.0,0.0,0.0,0.0,0.0,0.0,0.0,1.0,0.0
10,10,0.0,0.0,0.0,0.0,0.0,0.0,0.0,0.0,0.0,0.0,1.0,0.0
10,10,0.0,0.0,0.0,0.0,0.0,0.0,0.0,0.0,0.0,0.0,1.0,0.0
10,10,0.0,0.0,0.0,0.0,0.0,0.0,0.0,0.0,0.0,0.0,1.0,0.0
10,10,0.0,0.0,0.0,0.0,0.0,0.0,0.0,0.0,0.0,0.0,1.0,0.0
10,10,0.0,0.0,0.0,0.0,0.0,0.0,0.0,0.0,0.0,0.0,1.0,0.0
10,10,0.0,0.0,0.0,0.0,0.0,0.0,0.0,0.0,0.0,0.0,1.0,0.0
10,10,0.0,0.0,0.0,0.0,0.0,0.0,0.0,0.0,0.0,0.0,1.0,0.0
10,10,0.0,0.0,0.0,0.0,0.0,0.0,0.0,0.0,0.0,0.0,1.0,0.0
10,10,0.0,0.0,0.0,0.0,0.0,0.0,0.0,0.0,0.0,0.0,1.0,0.0
10,10,0.0,0.0,0.0,0.0,0.0,0.0,0.0,0.0,0.0,0.0,1.0,0.0
10,10,0.0,0.0,0.0,0.0,0.0,0.0,0.0,0.0,0.0,0.0,1.0,0.0
10,10,0.0,0.0,0.0,0.0,0.0,0.0,0.0,0.0,0.0,0.0,1.0,0.0
10,10,0.0,0.0,0.0,0.0,0.0,0.0,0.0,0.0,0.0,0.0,1.0,0.0
10,10,0.0,0.0,0.0,0.0,0.0,0.0,0.0,0.0,0.0,0.0,1.0,0.0
10,10,0.0,0.0,0.0,0.0,0.0,0.0,0.0,0.0,0.0,0.0,1.0,0.0
10,10,0.0,0.0,0.0,0.0,0.0,0.0,0.0,0.0,0.0,0.0,1.0,0.0
10,10,0.0,0.0,0.0,0.0,0.0,0.0,0.0,0.0,0.0,0.0,1.0,0.0
10,10,0.0,0.0,0.0,0.0,0.0,0.0,0.0,0.0,0.0,0.0,1.0,0.0
10,10,0.0,0.0,0.0,0.0,0.0,0.0,0.0,0.0,0.0,0.0,1.0,0.0
10,10,0.0,0.0,0.0,0.0,0.0,0.0,0.0,0.0,0.0,0.0,1.0,0.0
10,10,0.0,0.0,0.0,0.0,0.0,0.0,0.0,0.0,0.0,0.0,1.0,0.0
10,10,0.0,0.0,0.0,0.0,0.0,0.0,0.0,0.0,0.0,0.0,1.0,0.0
10,10,0.0,0.0,0.0,0.0,0.0,0.0,0.0,0.0,0.0,0.0,1.0,0.0
10,10,0.0,0.0,0.0,0.0,0.0,0.0,0.0,0.0,0.0,0.0,1.0,0.0
10,10,0.0,0.0,0.0,0.0,0.0,0.0,0.0,0.0,0.0,0.0,1.0,0.0
10,10,0.0,0.0,0.0,0.0,0.0,0.0,0.0,0.0,0.0,0.0,1.0,0.0
10,10,0.0,0.0,0.0,0.0,0.0,0.0,0.0,0.0,0.0,0.0,1.0,0.0
10,10,0.0,0.0,0.0,0.0,0.0,0.0,0.0,0.0,0.0,0.0,1.0,0.0
10,10,0.0,0.0,0.0,0.0,0.0,0.0,0.0,0.0,0.0,0.0,1.0,0.0
10,10,0.0,0.0,0.0,0.0,0.0,0.0,0.0,0.0,0.0,0.0,1.0,0.0
10,10,0.0,0.0,0.0,0.0,0.0,0.0,0.0,0.0,0.0,0.0,1.0,0.0
10,10,0.0,0.0,0.0,0.0,0.0,0.0,0.0,0.0,0.0,0.0,1.0,0.0
10,10,0.0,0.0,0.0,0.0,0.0,0.0,0.0,0.0,0.0,0.0,1.0,0.0
10,10,0.0,0.0,0.0,0.0,0.0,0.0,0.0,0.0,0.0,0.0,1.0,0.0
10,10,0.0,0.0,0.0,0.0,0.0,0.0,0.0,0.0,0.0,0.0,1.0,0.0
10,10,0.0,0.0,0.0,0.0,0.0,0.0,0.0,0.0,0.0,0.0,1.0,0.0
10,10,0.0,0.0,0.0,0.0,0.0,0.0,0.0,0.0,0.0,0.0,1.0,0.0
10,10,0.0,0.0,0.0,0.0,0.0,0.0,0.0,0.0,0.0,0.0,1.0,0.0
10,10,0.0,0.0,0.0,0.0,0.0,0.0,0.0,0.0,0.0,0.0,1.0,0.0
10,10,0.0,0.0,0.0,0.0,0.0,0.0,0.0,0.0,0.0,0.0,1.0,0.0
10,10,0.0,0.0,0.0,0.0,0.0,0.0,0.0,0.0,0.0,0.0,1.0,0.0
10,10,0.0,0.0,0.0,0.0,0.0,0.0,0.0,0.0,0.0,0.0,1.0,0.0
10,10,0.0,0.0,0.0,0.0,0.0,0.0,0.0,0.0,0.0,0.0,1.0,0.0
10,10,0.0,0.0,0.0,0.0,0.0,0.0,0.0,0.0,0.0,0.0,1.0,0.0
10,10,0.0,0.0,0.0,0.0,0.0,0.0,0.0,0.0,0.0,0.0,1.0,0.0
10,10,0.0,0.0,0.0,0.0,0.0,0.0,0.0,0.0,0.0,0.0,1.0,0.0
10,10,0.0,0.0,0.0,0.0,0.0,0.0,0.0,0.0,0.0,0.0,1.0,0.0
10,10,0.0,0.0,0.0,0.0,0.0,0.0,0.0,0.0,0.0,0.0,1.0,0.0
10,10,0.0,0.0,0.0,0.0,0.0,0.0,0.0,0.0,0.0,0.0,1.0,0.0
10,10,0.0,0.0,0.0,0.0,0.0,0.0,0.0,0.0,0.0,0.0,1.0,0.0
10,10,0.0,0.0,0.0,0.0,0.0,0.0,0.0,0.0,0.0,0.0,1.0,0.0
10,10,0.0,0.0,0.0,0.0,0.0,0.0,0.0,0.0,0.0,0.0,1.0,0.0
10,10,0.0,0.0,0.0,0.0,0.0,0.0,0.0,0.0,0.0,0.0,1.0,0.0
10,10,0.0,0.0,0.0,0.0,0.0,0.0,0.0,0.0,0.0,0.0,1.0,0.0
10,10,0.0,0.0,0.0,0.0,0.0,0.0,0.0,0.0,0.0,0.0,1.0,0.0
10,10,0.0,0.0,0.0,0.0,0.0,0.0,0.0,0.0,0.0,0.0,1.0,0.0
10,10,0.0,0.0,0.0,0.0,0.0,0.0,0.0,0.0,0.0,0.0,1.0,0.0
10,10,0.0,0.0,0.0,0.0,0.0,0.0,0.0,0.0,0.0,0.0,1.0,0.0
10,10,0.0,0.0,0.0,0.0,0.0,0.0,0.0,0.0,0.0,0.0,1.0,0.0
10,10,0.0,0.0,0.0,0.0,0.0,0.0,0.0,0.0,0.0,0.0,1.0,0.0
10,10,0.0,0.0,0.0,0.0,0.0,0.0,0.0,0.0,0.0,0.0,1.0,0.0
10,10,0.0,0.0,0.0,0.0,0.0,0.0,0.0,0.0,0.0,0.0,1.0,0.0
10,10,0.0,0.0,0.0,0.0,0.0,0.0,0.0,0.0,0.0,0.0,1.0,0.0
10,10,0.0,0.0,0.0,0.0,0.0,0.0,0.0,0.0,0.0,0.0,1.0,0.0
10,10,0.0,0.0,0.0,0.0,0.0,0.0,0.0,0.0,0.0,0.0,1.0,0.0
10,10,0.0,0.0,0.0,0.0,0.0,0.0,0.0,0.0,0.0,0.0,1.0,0.0
10,10,0.0,0.0,0.0,0.0,0.0,0.0,0.0,0.0,0.0,0.0,1.0,0.0
10,10,0.0,0.0,0.0,0.0,0.0,0.0,0.0,0.0,0.0,0.0,1.0,0.0
10,10,0.0,0.0,0.0,0.0,0.0,0.0,0.0,0.0,0.0,0.0,1.0,0.0
10,10,0.0,0.0,0.0,0.0,0.0,0.0,0.0,0.0,0.0,0.0,1.0,0.0
10,10,0.0,0.0,0.0,0.0,0.0,0.0,0.0,0.0,0.0,0.0,1.0,0.0
10,10,0.0,0.0,0.0,0.0,0.0,0.0,0.0,0.0,0.0,0.0,1.0,0.0
10,10,0.0,0.0,0.0,0.0,0.0,0.0,0.0,0.0,0.0,0.0,1.0,0.0
10,10,0.0,0.0,0.0,0.0,0.0,0.0,0.0,0.0,0.0,0.0,1.0,0.0
10,10,0.0,0.0,0.0,0.0,0.0,0.0,0.0,0.0,0.0,0.0,1.0,0.0
10,10,0.0,0.0,0.0,0.0,0.0,0.0,0.0,0.0,0.0,0.0,1.0,0.0
10,10,0.0,0.0,0.0,0.0,0.0,0.0,0.0,0.0,0.0,0.0,1.0,0.0
10,10,0.0,0.0,0.0,0.0,0.0,0.0,0.0,0.0,0.0,0.0,1.0,0.0
10,10,0.0,0.0,0.0,0.0,0.0,0.0,0.0,0.0,0.0,0.0,1.0,0.0
10,10,0.0,0.0,0.0,0.0,0.0,0.0,0.0,0.0,0.0,0.0,1.0,0.0
10,10,0.0,0.0,0.0,0.0,0.0,0.0,0.0,0.0,0.0,0.0,1.0,0.0
10,10,0.0,0.0,0.0,0.0,0.0,0.0,0.0,0.0,0.0,0.0,1.0,0.0
10,10,0.0,0.0,0.0,0.0,0.0,0.0,0.0,0.0,0.0,0.0,1.0,0.0
10,10,0.0,0.0,0.0,0.0,0.0,0.0,0.0,0.0,0.0,0.0,1.0,0.0
10,10,0.0,0.0,0.0,0.0,0.0,0.0,0.0,0.0,0.0,0.0,1.0,0.0
10,10,0.0,0.0,0.0,0.0,0.0,0.0,0.0,0.0,0.0,0.0,1.0,0.0
10,10,0.0,0.0,0.0,0.0,0.0,0.0,0.0,0.0,0.0,0.0,1.0,0.0
10,10,0.0,0.0,0.0,0.0,0.0,0.0,0.0,0.0,0.0,0.0,1.0,0.0
10,10,0.0,0.0,0.0,0.0,0.0,0.0,0.0,0.0,0.0,0.0,1.0,0.0
10,10,0.0,0.0,0.0,0.0,0.0,0.0,0.0,0.0,0.0,0.0,1.0,0.0
10,10,0.0,0.0,0.0,0.0,0.0,0.0,0.0,0.0,0.0,0.0,1.0,0.0
10,10,0.0,0.0,0.0,0.0,0.0,0.0,0.0,0.0,0.0,0.0,1.0,0.0
10,10,0.0,0.0,0.0,0.0,0.0,0.0,0.0,0.0,0.0,0.0,1.0,0.0
10,10,0.0,0.0,0.0,0.0,0.0,0.0,0.0,0.0,0.0,0.0,1.0,0.0
10,10,0.0,0.0,0.0,0.0,0.0,0.0,0.0,0.0,0.0,0.0,1.0,0.0
10,10,0.0,0.0,0.0,0.0,0.0,0.0,0.0,0.0,0.0,0.0,1.0,0.0
10,10,0.0,0.0,0.0,0.0,0.0,0.0,0.0,0.0,0.0,0.0,1.0,0.0
10,10,0.0,0.0,0.0,0.0,0.0,0.0,0.0,0.0,0.0,0.0,1.0,0.0
10,10,0.0,0.0,0.0,0.0,0.0,0.0,0.0,0.0,0.0,0.0,1.0,0.0
10,10,0.0,0.0,0.0,0.0,0.0,0.0,0.0,0.0,0.0,0.0,1.0,0.0
10,10,0.0,0.0,0.0,0.0,0.0,0.0,0.0,0.0,0.0,0.0,1.0,0.0
10,10,0.0,0.0,0.0,0.0,0.0,0.0,0.0,0.0,0.0,0.0,1.0,0.0
10,10,0.0,0.0,0.0,0.0,0.0,0.0,0.0,0.0,0.0,0.0,1.0,0.0
10,10,0.0,0.0,0.0,0.0,0.0,0.0,0.0,0.0,0.0,0.0,1.0,0.0
10,10,0.0,0.0,0.0,0.0,0.0,0.0,0.0,0.0,0.0,0.0,1.0,0.0
10,10,0.0,0.0,0.0,0.0,0.0,0.0,0.0,0.0,0.0,0.0,1.0,0.0
10,10,0.0,0.0,0.0,0.0,0.0,0.0,0.0,0.0,0.0,0.0,1.0,0.0
10,10,0.0,0.0,0.0,0.0,0.0,0.0,0.0,0.0,0.0,0.0,1.0,0.0
10,10,0.0,0.0,0.0,0.0,0.0,0.0,0.0,0.0,0.0,0.0,1.0,0.0
10,10,0.0,0.0,0.0,0.0,0.0,0.0,0.0,0.0,0.0,0.0,1.0,0.0
10,10,0.0,0.0,0.0,0.0,0.0,0.0,0.0,0.0,0.0,0.0,1.0,0.0
10,10,0.0,0.0,0.0,0.0,0.0,0.0,0.0,0.0,0.0,0.0,1.0,0.0
10,10,0.0,0.0,0.0,0.0,0.0,0.0,0.0,0.0,0.0,0.0,1.0,0.0
10,10,0.0,0.0,0.0,0.0,0.0,0.0,0.0,0.0,0.0,0.0,1.0,0.0
10,10,0.0,0.0,0.0,0.0,0.0,0.0,0.0,0.0,0.0,0.0,1.0,0.0
10,10,0.0,0.0,0.0,0.0,0.0,0.0,0.0,0.0,0.0,0.0,1.0,0.0
10,10,0.0,0.0,0.0,0.0,0.0,0.0,0.0,0.0,0.0,0.0,1.0,0.0
10,10,0.0,0.0,0.0,0.0,0.0,0.0,0.0,0.0,0.0,0.0,1.0,0.0
10,10,0.0,0.0,0.0,0.0,0.0,0.0,0.0,0.0,0.0,0.0,1.0,0.0
10,10,0.0,0.0,0.0,0.0,0.0,0.0,0.0,0.0,0.0,0.0,1.0,0.0
10,10,0.0,0.0,0.0,0.0,0.0,0.0,0.0,0.0,0.0,0.0,1.0,0.0
10,10,0.0,0.0,0.0,0.0,0.0,0.0,0.0,0.0,0.0,0.0,1.0,0.0
10,10,0.0,0.0,0.0,0.0,0.0,0.0,0.0,0.0,0.0,0.0,1.0,0.0
10,10,0.0,0.0,0.0,0.0,0.0,0.0,0.0,0.0,0.0,0.0,1.0,0.0
10,10,0.0,0.0,0.0,0.0,0.0,0.0,0.0,0.0,0.0,0.0,1.0,0.0
10,10,0.0,0.0,0.0,0.0,0.0,0.0,0.0,0.0,0.0,0.0,1.0,0.0
10,10,0.0,0.0,0.0,0.0,0.0,0.0,0.0,0.0,0.0,0.0,1.0,0.0
10,10,0.0,0.0,0.0,0.0,0.0,0.0,0.0,0.0,0.0,0.0,1.0,0.0
10,10,0.0,0.0,0.0,0.0,0.0,0.0,0.0,0.0,0.0,0.0,1.0,0.0
10,10,0.0,0.0,0.0,0.0,0.0,0.0,0.0,0.0,0.0,0.0,1.0,0.0
10,10,0.0,0.0,0.0,0.0,0.0,0.0,0.0,0.0,0.0,0.0,1.0,0.0
10,10,0.0,0.0,0.0,0.0,0.0,0.0,0.0,0.0,0.0,0.0,1.0,0.0
10,10,0.0,0.0,0.0,0.0,0.0,0.0,0.0,0.0,0.0,0.0,1.0,0.0
10,10,0.0,0.0,0.0,0.0,0.0,0.0,0.0,0.0,0.0,0.0,1.0,0.0
10,10,0.0,0.0,0.0,0.0,0.0,0.0,0.0,0.0,0.0,0.0,1.0,0.0
10,10,0.0,0.0,0.0,0.0,0.0,0.0,0.0,0.0,0.0,0.0,1.0,0.0
10,10,0.0,0.0,0.0,0.0,0.0,0.0,0.0,0.0,0.0,0.0,1.0,0.0
10,10,0.0,0.0,0.0,0.0,0.0,0.0,0.0,0.0,0.0,0.0,1.0,0.0
10,10,0.0,0.0,0.0,0.0,0.0,0.0,0.0,0.0,0.0,0.0,1.0,0.0
10,10,0.0,0.0,0.0,0.0,0.0,0.0,0.0,0.0,0.0,0.0,1.0,0.0
10,10,0.0,0.0,0.0,0.0,0.0,0.0,0.0,0.0,0.0,0.0,1.0,0.0
10,10,0.0,0.0,0.0,0.0,0.0,0.0,0.0,0.0,0.0,0.0,1.0,0.0
10,10,0.0,0.0,0.0,0.0,0.0,0.0,0.0,0.0,0.0,0.0,1.0,0.0
10,10,0.0,0.0,0.0,0.0,0.0,0.0,0.0,0.0,0.0,0.0,1.0,0.0
10,10,0.0,0.0,0.0,0.0,0.0,0.0,0.0,0.0,0.0,0.0,1.0,0.0
10,10,0.0,0.0,0.0,0.0,0.0,0.0,0.0,0.0,0.0,0.0,1.0,0.0
10,10,0.0,0.0,0.0,0.0,0.0,0.0,0.0,0.0,0.0,0.0,1.0,0.0
10,10,0.0,0.0,0.0,0.0,0.0,0.0,0.0,0.0,0.0,0.0,1.0,0.0
10,10,0.0,0.0,0.0,0.0,0.0,0.0,0.0,0.0,0.0,0.0,1.0,0.0
10,10,0.0,0.0,0.0,0.0,0.0,0.0,0.0,0.0,0.0,0.0,1.0,0.0
10,10,0.0,0.0,0.0,0.0,0.0,0.0,0.0,0.0,0.0,0.0,1.0,0.0
10,10,0.0,0.0,0.0,0.0,0.0,0.0,0.0,0.0,0.0,0.0,1.0,0.0
10,10,0.0,0.0,0.0,0.0,0.0,0.0,0.0,0.0,0.0,0.0,1.0,0.0
10,10,0.0,0.0,0.0,0.0,0.0,0.0,0.0,0.0,0.0,0.0,1.0,0.0
10,10,0.0,0.0,0.0,0.0,0.0,0.0,0.0,0.0,0.0,0.0,1.0,0.0
10,10,0.0,0.0,0.0,0.0,0.0,0.0,0.0,0.0,0.0,0.0,1.0,0.0
10,10,0.0,0.0,0.0,0.0,0.0,0.0,0.0,0.0,0.0,0.0,1.0,0.0
10,10,0.0,0.0,0.0,0.0,0.0,0.0,0.0,0.0,0.0,0.0,1.0,0.0
10,10,0.0,0.0,0.0,0.0,0.0,0.0,0.0,0.0,0.0,0.0,1.0,0.0
10,10,0.0,0.0,0.0,0.0,0.0,0.0,0.0,0.0,0.0,0.0,1.0,0.0
10,10,0.0,0.0,0.0,0.0,0.0,0.0,0.0,0.0,0.0,0.0,1.0,0.0
10,10,0.0,0.0,0.0,0.0,0.0,0.0,0.0,0.0,0.0,0.0,1.0,0.0
10,10,0.0,0.0,0.0,0.0,0.0,0.0,0.0,0.0,0.0,0.0,1.0,0.0
10,10,0.0,0.0,0.0,0.0,0.0,0.0,0.0,0.0,0.0,0.0,1.0,0.0
10,10,0.0,0.0,0.0,0.0,0.0,0.0,0.0,0.0,0.0,0.0,1.0,0.0
10,10,0.0,0.0,0.0,0.0,0.0,0.0,0.0,0.0,0.0,0.0,1.0,0.0
10,10,0.0,0.0,0.0,0.0,0.0,0.0,0.0,0.0,0.0,0.0,1.0,0.0
10,10,0.0,0.0,0.0,0.0,0.0,0.0,0.0,0.0,0.0,0.0,1.0,0.0
10,10,0.0,0.0,0.0,0.0,0.0,0.0,0.0,0.0,0.0,0.0,1.0,0.0
10,10,0.0,0.0,0.0,0.0,0.0,0.0,0.0,0.0,0.0,0.0,1.0,0.0
10,10,0.0,0.0,0.0,0.0,0.0,0.0,0.0,0.0,0.0,0.0,1.0,0.0
10,10,0.0,0.0,0.0,0.0,0.0,0.0,0.0,0.0,0.0,0.0,1.0,0.0
10,10,0.0,0.0,0.0,0.0,0.0,0.0,0.0,0.0,0.0,0.0,1.0,0.0
10,10,0.0,0.0,0.0,0.0,0.0,0.0,0.0,0.0,0.0,0.0,1.0,0.0
10,10,0.0,0.0,0.0,0.0,0.0,0.0,0.0,0.0,0.0,0.0,1.0,0.0
10,10,0.0,0.0,0.0,0.0,0.0,0.0,0.0,0.0,0.0,0.0,1.0,0.0
10,10,0.0,0.0,0.0,0.0,0.0,0.0,0.0,0.0,0.0,0.0,1.0,0.0
10,10,0.0,0.0,0.0,0.0,0.0,0.0,0.0,0.0,0.0,0.0,1.0,0.0
10,10,0.0,0.0,0.0,0.0,0.0,0.0,0.0,0.0,0.0,0.0,1.0,0.0
10,10,0.0,0.0,0.0,0.0,0.0,0.0,0.0,0.0,0.0,0.0,1.0,0.0
10,10,0.0,0.0,0.0,0.0,0.0,0.0,0.0,0.0,0.0,0.0,1.0,0.0
10,10,0.0,0.0,0.0,0.0,0.0,0.0,0.0,0.0,0.0,0.0,1.0,0.0
10,10,0.0,0.0,0.0,0.0,0.0,0.0,0.0,0.0,0.0,0.0,1.0,0.0
10,10,0.0,0.0,0.0,0.0,0.0,0.0,0.0,0.0,0.0,0.0,1.0,0.0
10,10,0.0,0.0,0.0,0.0,0.0,0.0,0.0,0.0,0.0,0.0,1.0,0.0
10,10,0.0,0.0,0.0,0.0,0.0,0.0,0.0,0.0,0.0,0.0,1.0,0.0
10,10,0.0,0.0,0.0,0.0,0.0,0.0,0.0,0.0,0.0,0.0,1.0,0.0
10,10,0.0,0.0,0.0,0.0,0.0,0.0,0.0,0.0,0.0,0.0,1.0,0.0
10,10,0.0,0.0,0.0,0.0,0.0,0.0,0.0,0.0,0.0,0.0,1.0,0.0
10,10,0.0,0.0,0.0,0.0,0.0,0.0,0.0,0.0,0.0,0.0,1.0,0.0
10,10,0.0,0.0,0.0,0.0,0.0,0.0,0.0,0.0,0.0,0.0,1.0,0.0
10,10,0.0,0.0,0.0,0.0,0.0,0.0,0.0,0.0,0.0,0.0,1.0,0.0
10,10,0.0,0.0,0.0,0.0,0.0,0.0,0.0,0.0,0.0,0.0,1.0,0.0
10,10,0.0,0.0,0.0,0.0,0.0,0.0,0.0,0.0,0.0,0.0,1.0,0.0
10,10,0.0,0.0,0.0,0.0,0.0,0.0,0.0,0.0,0.0,0.0,1.0,0.0
10,10,0.0,0.0,0.0,0.0,0.0,0.0,0.0,0.0,0.0,0.0,1.0,0.0
10,10,0.0,0.0,0.0,0.0,0.0,0.0,0.0,0.0,0.0,0.0,1.0,0.0
10,10,0.0,0.0,0.0,0.0,0.0,0.0,0.0,0.0,0.0,0.0,1.0,0.0
10,10,0.0,0.0,0.0,0.0,0.0,0.0,0.0,0.0,0.0,0.0,1.0,0.0
10,10,0.0,0.0,0.0,0.0,0.0,0.0,0.0,0.0,0.0,0.0,1.0,0.0
10,10,0.0,0.0,0.0,0.0,0.0,0.0,0.0,0.0,0.0,0.0,1.0,0.0
10,10,0.0,0.0,0.0,0.0,0.0,0.0,0.0,0.0,0.0,0.0,1.0,0.0
10,10,0.0,0.0,0.0,0.0,0.0,0.0,0.0,0.0,0.0,0.0,1.0,0.0
10,10,0.0,0.0,0.0,0.0,0.0,0.0,0.0,0.0,0.0,0.0,1.0,0.0
10,10,0.0,0.0,0.0,0.0,0.0,0.0,0.0,0.0,0.0,0.0,1.0,0.0
10,10,0.0,0.0,0.0,0.0,0.0,0.0,0.0,0.0,0.0,0.0,1.0,0.0
10,10,0.0,0.0,0.0,0.0,0.0,0.0,0.0,0.0,0.0,0.0,1.0,0.0
10,10,0.0,0.0,0.0,0.0,0.0,0.0,0.0,0.0,0.0,0.0,1.0,0.0
10,10,0.0,0.0,0.0,0.0,0.0,0.0,0.0,0.0,0.0,0.0,1.0,0.0
10,10,0.0,0.0,0.0,0.0,0.0,0.0,0.0,0.0,0.0,0.0,1.0,0.0
10,10,0.0,0.0,0.0,0.0,0.0,0.0,0.0,0.0,0.0,0.0,1.0,0.0
10,10,0.0,0.0,0.0,0.0,0.0,0.0,0.0,0.0,0.0,0.0,1.0,0.0
10,10,0.0,0.0,0.0,0.0,0.0,0.0,0.0,0.0,0.0,0.0,1.0,0.0
10,10,0.0,0.0,0.0,0.0,0.0,0.0,0.0,0.0,0.0,0.0,1.0,0.0
10,10,0.0,0.0,0.0,0.0,0.0,0.0,0.0,0.0,0.0,0.0,1.0,0.0
10,10,0.0,0.0,0.0,0.0,0.0,0.0,0.0,0.0,0.0,0.0,1.0,0.0
10,10,0.0,0.0,0.0,0.0,0.0,0.0,0.0,0.0,0.0,0.0,1.0,0.0
10,10,0.0,0.0,0.0,0.0,0.0,0.0,0.0,0.0,0.0,0.0,1.0,0.0
10,10,0.0,0.0,0.0,0.0,0.0,0.0,0.0,0.0,0.0,0.0,1.0,0.0
10,10,0.0,0.0,0.0,0.0,0.0,0.0,0.0,0.0,0.0,0.0,1.0,0.0
10,10,0.0,0.0,0.0,0.0,0.0,0.0,0.0,0.0,0.0,0.0,1.0,0.0
10,10,0.0,0.0,0.0,0.0,0.0,0.0,0.0,0.0,0.0,0.0,1.0,0.0
10,10,0.0,0.0,0.0,0.0,0.0,0.0,0.0,0.0,0.0,0.0,1.0,0.0
10,10,0.0,0.0,0.0,0.0,0.0,0.0,0.0,0.0,0.0,0.0,1.0,0.0
10,10,0.0,0.0,0.0,0.0,0.0,0.0,0.0,0.0,0.0,0.0,1.0,0.0
10,10,0.0,0.0,0.0,0.0,0.0,0.0,0.0,0.0,0.0,0.0,1.0,0.0
10,10,0.0,0.0,0.0,0.0,0.0,0.0,0.0,0.0,0.0,0.0,1.0,0.0
10,10,0.0,0.0,0.0,0.0,0.0,0.0,0.0,0.0,0.0,0.0,1.0,0.0
10,10,0.0,0.0,0.0,0.0,0.0,0.0,0.0,0.0,0.0,0.0,1.0,0.0
10,10,0.0,0.0,0.0,0.0,0.0,0.0,0.0,0.0,0.0,0.0,1.0,0.0
10,10,0.0,0.0,0.0,0.0,0.0,0.0,0.0,0.0,0.0,0.0,1.0,0.0
10,10,0.0,0.0,0.0,0.0,0.0,0.0,0.0,0.0,0.0,0.0,1.0,0.0
10,10,0.0,0.0,0.0,0.0,0.0,0.0,0.0,0.0,0.0,0.0,1.0,0.0
10,10,0.0,0.0,0.0,0.0,0.0,0.0,0.0,0.0,0.0,0.0,1.0,0.0
10,10,0.0,0.0,0.0,0.0,0.0,0.0,0.0,0.0,0.0,0.0,1.0,0.0
10,10,0.0,0.0,0.0,0.0,0.0,0.0,0.0,0.0,0.0,0.0,1.0,0.0
10,10,0.0,0.0,0.0,0.0,0.0,0.0,0.0,0.0,0.0,0.0,1.0,0.0
10,10,0.0,0.0,0.0,0.0,0.0,0.0,0.0,0.0,0.0,0.0,1.0,0.0
10,10,0.0,0.0,0.0,0.0,0.0,0.0,0.0,0.0,0.0,0.0,1.0,0.0
10,10,0.0,0.0,0.0,0.0,0.0,0.0,0.0,0.0,0.0,0.0,1.0,0.0
10,10,0.0,0.0,0.0,0.0,0.0,0.0,0.0,0.0,0.0,0.0,1.0,0.0
10,10,0.0,0.0,0.0,0.0,0.0,0.0,0.0,0.0,0.0,0.0,1.0,0.0
10,10,0.0,0.0,0.0,0.0,0.0,0.0,0.0,0.0,0.0,0.0,1.0,0.0
10,10,0.0,0.0,0.0,0.0,0.0,0.0,0.0,0.0,0.0,0.0,1.0,0.0
10,10,0.0,0.0,0.0,0.0,0.0,0.0,0.0,0.0,0.0,0.0,1.0,0.0
10,10,0.0,0.0,0.0,0.0,0.0,0.0,0.0,0.0,0.0,0.0,1.0,0.0
10,10,0.0,0.0,0.0,0.0,0.0,0.0,0.0,0.0,0.0,0.0,1.0,0.0
10,10,0.0,0.0,0.0,0.0,0.0,0.0,0.0,0.0,0.0,0.0,1.0,0.0
10,10,0.0,0.0,0.0,0.0,0.0,0.0,0.0,0.0,0.0,0.0,1.0,0.0
10,10,0.0,0.0,0.0,0.0,0.0,0.0,0.0,0.0,0.0,0.0,1.0,0.0
10,10,0.0,0.0,0.0,0.0,0.0,0.0,0.0,0.0,0.0,0.0,1.0,0.0
10,10,0.0,0.0,0.0,0.0,0.0,0.0,0.0,0.0,0.0,0.0,1.0,0.0
10,10,0.0,0.0,0.0,0.0,0.0,0.0,0.0,0.0,0.0,0.0,1.0,0.0
10,10,0.0,0.0,0.0,0.0,0.0,0.0,0.0,0.0,0.0,0.0,1.0,0.0
10,10,0.0,0.0,0.0,0.0,0.0,0.0,0.0,0.0,0.0,0.0,1.0,0.0
10,10,0.0,0.0,0.0,0.0,0.0,0.0,0.0,0.0,0.0,0.0,1.0,0.0
10,10,0.0,0.0,0.0,0.0,0.0,0.0,0.0,0.0,0.0,0.0,1.0,0.0
10,10,0.0,0.0,0.0,0.0,0.0,0.0,0.0,0.0,0.0,0.0,1.0,0.0
10,10,0.0,0.0,0.0,0.0,0.0,0.0,0.0,0.0,0.0,0.0,1.0,0.0
10,10,0.0,0.0,0.0,0.0,0.0,0.0,0.0,0.0,0.0,0.0,1.0,0.0
10,10,0.0,0.0,0.0,0.0,0.0,0.0,0.0,0.0,0.0,0.0,1.0,0.0
10,10,0.0,0.0,0.0,0.0,0.0,0.0,0.0,0.0,0.0,0.0,1.0,0.0
10,10,0.0,0.0,0.0,0.0,0.0,0.0,0.0,0.0,0.0,0.0,1.0,0.0
10,10,0.0,0.0,0.0,0.0,0.0,0.0,0.0,0.0,0.0,0.0,1.0,0.0
10,10,0.0,0.0,0.0,0.0,0.0,0.0,0.0,0.0,0.0,0.0,1.0,0.0
10,10,0.0,0.0,0.0,0.0,0.0,0.0,0.0,0.0,0.0,0.0,1.0,0.0
10,10,0.0,0.0,0.0,0.0,0.0,0.0,0.0,0.0,0.0,0.0,1.0,0.0
10,10,0.0,0.0,0.0,0.0,0.0,0.0,0.0,0.0,0.0,0.0,1.0,0.0
10,10,0.0,0.0,0.0,0.0,0.0,0.0,0.0,0.0,0.0,0.0,1.0,0.0
10,10,0.0,0.0,0.0,0.0,0.0,0.0,0.0,0.0,0.0,0.0,1.0,0.0
10,10,0.0,0.0,0.0,0.0,0.0,0.0,0.0,0.0,0.0,0.0,1.0,0.0
10,10,0.0,0.0,0.0,0.0,0.0,0.0,0.0,0.0,0.0,0.0,1.0,0.0
10,10,0.0,0.0,0.0,0.0,0.0,0.0,0.0,0.0,0.0,0.0,1.0,0.0
10,10,0.0,0.0,0.0,0.0,0.0,0.0,0.0,0.0,0.0,0.0,1.0,0.0
10,10,0.0,0.0,0.0,0.0,0.0,0.0,0.0,0.0,0.0,0.0,1.0,0.0
10,10,0.0,0.0,0.0,0.0,0.0,0.0,0.0,0.0,0.0,0.0,1.0,0.0
10,10,0.0,0.0,0.0,0.0,0.0,0.0,0.0,0.0,0.0,0.0,1.0,0.0
10,10,0.0,0.0,0.0,0.0,0.0,0.0,0.0,0.0,0.0,0.0,1.0,0.0
10,10,0.0,0.0,0.0,0.0,0.0,0.0,0.0,0.0,0.0,0.0,1.0,0.0
10,10,0.0,0.0,0.0,0.0,0.0,0.0,0.0,0.0,0.0,0.0,1.0,0.0
10,10,0.0,0.0,0.0,0.0,0.0,0.0,0.0,0.0,0.0,0.0,1.0,0.0
10,10,0.0,0.0,0.0,0.0,0.0,0.0,0.0,0.0,0.0,0.0,1.0,0.0
10,10,0.0,0.0,0.0,0.0,0.0,0.0,0.0,0.0,0.0,0.0,1.0,0.0
10,10,0.0,0.0,0.0,0.0,0.0,0.0,0.0,0.0,0.0,0.0,1.0,0.0
10,10,0.0,0.0,0.0,0.0,0.0,0.0,0.0,0.0,0.0,0.0,1.0,0.0
10,10,0.0,0.0,0.0,0.0,0.0,0.0,0.0,0.0,0.0,0.0,1.0,0.0
10,10,0.0,0.0,0.0,0.0,0.0,0.0,0.0,0.0,0.0,0.0,1.0,0.0
10,10,0.0,0.0,0.0,0.0,0.0,0.0,0.0,0.0,0.0,0.0,1.0,0.0
10,10,0.0,0.0,0.0,0.0,0.0,0.0,0.0,0.0,0.0,0.0,1.0,0.0
10,10,0.0,0.0,0.0,0.0,0.0,0.0,0.0,0.0,0.0,0.0,1.0,0.0
10,10,0.0,0.0,0.0,0.0,0.0,0.0,0.0,0.0,0.0,0.0,1.0,0.0
10,10,0.0,0.0,0.0,0.0,0.0,0.0,0.0,0.0,0.0,0.0,1.0,0.0
10,10,0.0,0.0,0.0,0.0,0.0,0.0,0.0,0.0,0.0,0.0,1.0,0.0
10,10,0.0,0.0,0.0,0.0,0.0,0.0,0.0,0.0,0.0,0.0,1.0,0.0
10,10,0.0,0.0,0.0,0.0,0.0,0.0,0.0,0.0,0.0,0.0,1.0,0.0
10,10,0.0,0.0,0.0,0.0,0.0,0.0,0.0,0.0,0.0,0.0,1.0,0.0
10,10,0.0,0.0,0.0,0.0,0.0,0.0,0.0,0.0,0.0,0.0,1.0,0.0
10,10,0.0,0.0,0.0,0.0,0.0,0.0,0.0,0.0,0.0,0.0,1.0,0.0
10,10,0.0,0.0,0.0,0.0,0.0,0.0,0.0,0.0,0.0,0.0,1.0,0.0
10,10,0.0,0.0,0.0,0.0,0.0,0.0,0.0,0.0,0.0,0.0,1.0,0.0
10,10,0.0,0.0,0.0,0.0,0.0,0.0,0.0,0.0,0.0,0.0,1.0,0.0
10,10,0.0,0.0,0.0,0.0,0.0,0.0,0.0,0.0,0.0,0.0,1.0,0.0
10,10,0.0,0.0,0.0,0.0,0.0,0.0,0.0,0.0,0.0,0.0,1.0,0.0
10,10,0.0,0.0,0.0,0.0,0.0,0.0,0.0,0.0,0.0,0.0,1.0,0.0
10,10,0.0,0.0,0.0,0.0,0.0,0.0,0.0,0.0,0.0,0.0,1.0,0.0
10,10,0.0,0.0,0.0,0.0,0.0,0.0,0.0,0.0,0.0,0.0,1.0,0.0
10,10,0.0,0.0,0.0,0.0,0.0,0.0,0.0,0.0,0.0,0.0,1.0,0.0
10,10,0.0,0.0,0.0,0.0,0.0,0.0,0.0,0.0,0.0,0.0,1.0,0.0
10,10,0.0,0.0,0.0,0.0,0.0,0.0,0.0,0.0,0.0,0.0,1.0,0.0
10,10,0.0,0.0,0.0,0.0,0.0,0.0,0.0,0.0,0.0,0.0,1.0,0.0
10,10,0.0,0.0,0.0,0.0,0.0,0.0,0.0,0.0,0.0,0.0,1.0,0.0
10,10,0.0,0.0,0.0,0.0,0.0,0.0,0.0,0.0,0.0,0.0,1.0,0.0
10,10,0.0,0.0,0.0,0.0,0.0,0.0,0.0,0.0,0.0,0.0,1.0,0.0
10,10,0.0,0.0,0.0,0.0,0.0,0.0,0.0,0.0,0.0,0.0,1.0,0.0
10,10,0.0,0.0,0.0,0.0,0.0,0.0,0.0,0.0,0.0,0.0,1.0,0.0
10,10,0.0,0.0,0.0,0.0,0.0,0.0,0.0,0.0,0.0,0.0,1.0,0.0
10,10,0.0,0.0,0.0,0.0,0.0,0.0,0.0,0.0,0.0,0.0,1.0,0.0
10,10,0.0,0.0,0.0,0.0,0.0,0.0,0.0,0.0,0.0,0.0,1.0,0.0
10,10,0.0,0.0,0.0,0.0,0.0,0.0,0.0,0.0,0.0,0.0,1.0,0.0
10,10,0.0,0.0,0.0,0.0,0.0,0.0,0.0,0.0,0.0,0.0,1.0,0.0
10,10,0.0,0.0,0.0,0.0,0.0,0.0,0.0,0.0,0.0,0.0,1.0,0.0
10,10,0.0,0.0,0.0,0.0,0.0,0.0,0.0,0.0,0.0,0.0,1.0,0.0
10,10,0.0,0.0,0.0,0.0,0.0,0.0,0.0,0.0,0.0,0.0,1.0,0.0
10,10,0.0,0.0,0.0,0.0,0.0,0.0,0.0,0.0,0.0,0.0,1.0,0.0
10,10,0.0,0.0,0.0,0.0,0.0,0.0,0.0,0.0,0.0,0.0,1.0,0.0
10,10,0.0,0.0,0.0,0.0,0.0,0.0,0.0,0.0,0.0,0.0,1.0,0.0
10,10,0.0,0.0,0.0,0.0,0.0,0.0,0.0,0.0,0.0,0.0,1.0,0.0
10,10,0.0,0.0,0.0,0.0,0.0,0.0,0.0,0.0,0.0,0.0,1.0,0.0
10,10,0.0,0.0,0.0,0.0,0.0,0.0,0.0,0.0,0.0,0.0,1.0,0.0
10,10,0.0,0.0,0.0,0.0,0.0,0.0,0.0,0.0,0.0,0.0,1.0,0.0
10,10,0.0,0.0,0.0,0.0,0.0,0.0,0.0,0.0,0.0,0.0,1.0,0.0
10,10,0.0,0.0,0.0,0.0,0.0,0.0,0.0,0.0,0.0,0.0,1.0,0.0
10,10,0.0,0.0,0.0,0.0,0.0,0.0,0.0,0.0,0.0,0.0,1.0,0.0
10,10,0.0,0.0,0.0,0.0,0.0,0.0,0.0,0.0,0.0,0.0,1.0,0.0
10,10,0.0,0.0,0.0,0.0,0.0,0.0,0.0,0.0,0.0,0.0,1.0,0.0
10,10,0.0,0.0,0.0,0.0,0.0,0.0,0.0,0.0,0.0,0.0,1.0,0.0
10,10,0.0,0.0,0.0,0.0,0.0,0.0,0.0,0.0,0.0,0.0,1.0,0.0
10,10,0.0,0.0,0.0,0.0,0.0,0.0,0.0,0.0,0.0,0.0,1.0,0.0
10,10,0.0,0.0,0.0,0.0,0.0,0.0,0.0,0.0,0.0,0.0,1.0,0.0
10,10,0.0,0.0,0.0,0.0,0.0,0.0,0.0,0.0,0.0,0.0,1.0,0.0
10,10,0.0,0.0,0.0,0.0,0.0,0.0,0.0,0.0,0.0,0.0,1.0,0.0
10,10,0.0,0.0,0.0,0.0,0.0,0.0,0.0,0.0,0.0,0.0,1.0,0.0
10,10,0.0,0.0,0.0,0.0,0.0,0.0,0.0,0.0,0.0,0.0,1.0,0.0
10,10,0.0,0.0,0.0,0.0,0.0,0.0,0.0,0.0,0.0,0.0,1.0,0.0
10,10,0.0,0.0,0.0,0.0,0.0,0.0,0.0,0.0,0.0,0.0,1.0,0.0
10,10,0.0,0.0,0.0,0.0,0.0,0.0,0.0,0.0,0.0,0.0,1.0,0.0
10,10,0.0,0.0,0.0,0.0,0.0,0.0,0.0,0.0,0.0,0.0,1.0,0.0
10,10,0.0,0.0,0.0,0.0,0.0,0.0,0.0,0.0,0.0,0.0,1.0,0.0
10,10,0.0,0.0,0.0,0.0,0.0,0.0,0.0,0.0,0.0,0.0,1.0,0.0
10,10,0.0,0.0,0.0,0.0,0.0,0.0,0.0,0.0,0.0,0.0,1.0,0.0
10,10,0.0,0.0,0.0,0.0,0.0,0.0,0.0,0.0,0.0,0.0,1.0,0.0
10,10,0.0,0.0,0.0,0.0,0.0,0.0,0.0,0.0,0.0,0.0,1.0,0.0
10,10,0.0,0.0,0.0,0.0,0.0,0.0,0.0,0.0,0.0,0.0,1.0,0.0
10,10,0.0,0.0,0.0,0.0,0.0,0.0,0.0,0.0,0.0,0.0,1.0,0.0
10,10,0.0,0.0,0.0,0.0,0.0,0.0,0.0,0.0,0.0,0.0,1.0,0.0
10,10,0.0,0.0,0.0,0.0,0.0,0.0,0.0,0.0,0.0,0.0,1.0,0.0
10,10,0.0,0.0,0.0,0.0,0.0,0.0,0.0,0.0,0.0,0.0,1.0,0.0
10,10,0.0,0.0,0.0,0.0,0.0,0.0,0.0,0.0,0.0,0.0,1.0,0.0
10,10,0.0,0.0,0.0,0.0,0.0,0.0,0.0,0.0,0.0,0.0,1.0,0.0
10,10,0.0,0.0,0.0,0.0,0.0,0.0,0.0,0.0,0.0,0.0,1.0,0.0
10,10,0.0,0.0,0.0,0.0,0.0,0.0,0.0,0.0,0.0,0.0,1.0,0.0
10,10,0.0,0.0,0.0,0.0,0.0,0.0,0.0,0.0,0.0,0.0,1.0,0.0
10,10,0.0,0.0,0.0,0.0,0.0,0.0,0.0,0.0,0.0,0.0,1.0,0.0
10,10,0.0,0.0,0.0,0.0,0.0,0.0,0.0,0.0,0.0,0.0,1.0,0.0
10,10,0.0,0.0,0.0,0.0,0.0,0.0,0.0,0.0,0.0,0.0,1.0,0.0
10,10,0.0,0.0,0.0,0.0,0.0,0.0,0.0,0.0,0.0,0.0,1.0,0.0
10,10,0.0,0.0,0.0,0.0,0.0,0.0,0.0,0.0,0.0,0.0,1.0,0.0
10,10,0.0,0.0,0.0,0.0,0.0,0.0,0.0,0.0,0.0,0.0,1.0,0.0
10,10,0.0,0.0,0.0,0.0,0.0,0.0,0.0,0.0,0.0,0.0,1.0,0.0
10,10,0.0,0.0,0.0,0.0,0.0,0.0,0.0,0.0,0.0,0.0,1.0,0.0
10,10,0.0,0.0,0.0,0.0,0.0,0.0,0.0,0.0,0.0,0.0,1.0,0.0
10,10,0.0,0.0,0.0,0.0,0.0,0.0,0.0,0.0,0.0,0.0,1.0,0.0
10,10,0.0,0.0,0.0,0.0,0.0,0.0,0.0,0.0,0.0,0.0,1.0,0.0
10,10,0.0,0.0,0.0,0.0,0.0,0.0,0.0,0.0,0.0,0.0,1.0,0.0
10,10,0.0,0.0,0.0,0.0,0.0,0.0,0.0,0.0,0.0,0.0,1.0,0.0
10,10,0.0,0.0,0.0,0.0,0.0,0.0,0.0,0.0,0.0,0.0,1.0,0.0
10,10,0.0,0.0,0.0,0.0,0.0,0.0,0.0,0.0,0.0,0.0,1.0,0.0
10,10,0.0,0.0,0.0,0.0,0.0,0.0,0.0,0.0,0.0,0.0,1.0,0.0
10,10,0.0,0.0,0.0,0.0,0.0,0.0,0.0,0.0,0.0,0.0,1.0,0.0
10,10,0.0,0.0,0.0,0.0,0.0,0.0,0.0,0.0,0.0,0.0,1.0,0.0
10,10,0.0,0.0,0.0,0.0,0.0,0.0,0.0,0.0,0.0,0.0,1.0,0.0
10,10,0.0,0.0,0.0,0.0,0.0,0.0,0.0,0.0,0.0,0.0,1.0,0.0
10,10,0.0,0.0,0.0,0.0,0.0,0.0,0.0,0.0,0.0,0.0,1.0,0.0
10,10,0.0,0.0,0.0,0.0,0.0,0.0,0.0,0.0,0.0,0.0,1.0,0.0
10,10,0.0,0.0,0.0,0.0,0.0,0.0,0.0,0.0,0.0,0.0,1.0,0.0
10,10,0.0,0.0,0.0,0.0,0.0,0.0,0.0,0.0,0.0,0.0,1.0,0.0
10,10,0.0,0.0,0.0,0.0,0.0,0.0,0.0,0.0,0.0,0.0,1.0,0.0
10,10,0.0,0.0,0.0,0.0,0.0,0.0,0.0,0.0,0.0,0.0,1.0,0.0
10,10,0.0,0.0,0.0,0.0,0.0,0.0,0.0,0.0,0.0,0.0,1.0,0.0
10,10,0.0,0.0,0.0,0.0,0.0,0.0,0.0,0.0,0.0,0.0,1.0,0.0
10,10,0.0,0.0,0.0,0.0,0.0,0.0,0.0,0.0,0.0,0.0,1.0,0.0
10,10,0.0,0.0,0.0,0.0,0.0,0.0,0.0,0.0,0.0,0.0,1.0,0.0
10,10,0.0,0.0,0.0,0.0,0.0,0.0,0.0,0.0,0.0,0.0,1.0,0.0
10,10,0.0,0.0,0.0,0.0,0.0,0.0,0.0,0.0,0.0,0.0,1.0,0.0
10,10,0.0,0.0,0.0,0.0,0.0,0.0,0.0,0.0,0.0,0.0,1.0,0.0
10,10,0.0,0.0,0.0,0.0,0.0,0.0,0.0,0.0,0.0,0.0,1.0,0.0
10,10,0.0,0.0,0.0,0.0,0.0,0.0,0.0,0.0,0.0,0.0,1.0,0.0
10,10,0.0,0.0,0.0,0.0,0.0,0.0,0.0,0.0,0.0,0.0,1.0,0.0
10,10,0.0,0.0,0.0,0.0,0.0,0.0,0.0,0.0,0.0,0.0,1.0,0.0
10,10,0.0,0.0,0.0,0.0,0.0,0.0,0.0,0.0,0.0,0.0,1.0,0.0
10,10,0.0,0.0,0.0,0.0,0.0,0.0,0.0,0.0,0.0,0.0,1.0,0.0
10,10,0.0,0.0,0.0,0.0,0.0,0.0,0.0,0.0,0.0,0.0,1.0,0.0
10,10,0.0,0.0,0.0,0.0,0.0,0.0,0.0,0.0,0.0,0.0,1.0,0.0
10,10,0.0,0.0,0.0,0.0,0.0,0.0,0.0,0.0,0.0,0.0,1.0,0.0
10,10,0.0,0.0,0.0,0.0,0.0,0.0,0.0,0.0,0.0,0.0,1.0,0.0
10,10,0.0,0.0,0.0,0.0,0.0,0.0,0.0,0.0,0.0,0.0,1.0,0.0
10,10,0.0,0.0,0.0,0.0,0.0,0.0,0.0,0.0,0.0,0.0,1.0,0.0
10,10,0.0,0.0,0.0,0.0,0.0,0.0,0.0,0.0,0.0,0.0,1.0,0.0
10,10,0.0,0.0,0.0,0.0,0.0,0.0,0.0,0.0,0.0,0.0,1.0,0.0
10,10,0.0,0.0,0.0,0.0,0.0,0.0,0.0,0.0,0.0,0.0,1.0,0.0
10,10,0.0,0.0,0.0,0.0,0.0,0.0,0.0,0.0,0.0,0.0,1.0,0.0
10,10,0.0,0.0,0.0,0.0,0.0,0.0,0.0,0.0,0.0,0.0,1.0,0.0
10,10,0.0,0.0,0.0,0.0,0.0,0.0,0.0,0.0,0.0,0.0,1.0,0.0
10,10,0.0,0.0,0.0,0.0,0.0,0.0,0.0,0.0,0.0,0.0,1.0,0.0
10,10,0.0,0.0,0.0,0.0,0.0,0.0,0.0,0.0,0.0,0.0,1.0,0.0
10,10,0.0,0.0,0.0,0.0,0.0,0.0,0.0,0.0,0.0,0.0,1.0,0.0
10,10,0.0,0.0,0.0,0.0,0.0,0.0,0.0,0.0,0.0,0.0,1.0,0.0
10,10,0.0,0.0,0.0,0.0,0.0,0.0,0.0,0.0,0.0,0.0,1.0,0.0
10,10,0.0,0.0,0.0,0.0,0.0,0.0,0.0,0.0,0.0,0.0,1.0,0.0
10,10,0.0,0.0,0.0,0.0,0.0,0.0,0.0,0.0,0.0,0.0,1.0,0.0
10,10,0.0,0.0,0.0,0.0,0.0,0.0,0.0,0.0,0.0,0.0,1.0,0.0
10,10,0.0,0.0,0.0,0.0,0.0,0.0,0.0,0.0,0.0,0.0,1.0,0.0
10,10,0.0,0.0,0.0,0.0,0.0,0.0,0.0,0.0,0.0,0.0,1.0,0.0
10,10,0.0,0.0,0.0,0.0,0.0,0.0,0.0,0.0,0.0,0.0,1.0,0.0
10,10,0.0,0.0,0.0,0.0,0.0,0.0,0.0,0.0,0.0,0.0,1.0,0.0
10,10,0.0,0.0,0.0,0.0,0.0,0.0,0.0,0.0,0.0,0.0,1.0,0.0
10,10,0.0,0.0,0.0,0.0,0.0,0.0,0.0,0.0,0.0,0.0,1.0,0.0
10,10,0.0,0.0,0.0,0.0,0.0,0.0,0.0,0.0,0.0,0.0,1.0,0.0
10,10,0.0,0.0,0.0,0.0,0.0,0.0,0.0,0.0,0.0,0.0,1.0,0.0
10,10,0.0,0.0,0.0,0.0,0.0,0.0,0.0,0.0,0.0,0.0,1.0,0.0
10,10,0.0,0.0,0.0,0.0,0.0,0.0,0.0,0.0,0.0,0.0,1.0,0.0
10,10,0.0,0.0,0.0,0.0,0.0,0.0,0.0,0.0,0.0,0.0,1.0,0.0
10,10,0.0,0.0,0.0,0.0,0.0,0.0,0.0,0.0,0.0,0.0,1.0,0.0
10,10,0.0,0.0,0.0,0.0,0.0,0.0,0.0,0.0,0.0,0.0,1.0,0.0
10,10,0.0,0.0,0.0,0.0,0.0,0.0,0.0,0.0,0.0,0.0,1.0,0.0
10,10,0.0,0.0,0.0,0.0,0.0,0.0,0.0,0.0,0.0,0.0,1.0,0.0
10,10,0.0,0.0,0.0,0.0,0.0,0.0,0.0,0.0,0.0,0.0,1.0,0.0
10,10,0.0,0.0,0.0,0.0,0.0,0.0,0.0,0.0,0.0,0.0,1.0,0.0
10,10,0.0,0.0,0.0,0.0,0.0,0.0,0.0,0.0,0.0,0.0,1.0,0.0
10,10,0.0,0.0,0.0,0.0,0.0,0.0,0.0,0.0,0.0,0.0,1.0,0.0
10,10,0.0,0.0,0.0,0.0,0.0,0.0,0.0,0.0,0.0,0.0,1.0,0.0
10,10,0.0,0.0,0.0,0.0,0.0,0.0,0.0,0.0,0.0,0.0,1.0,0.0
10,10,0.0,0.0,0.0,0.0,0.0,0.0,0.0,0.0,0.0,0.0,1.0,0.0
10,10,0.0,0.0,0.0,0.0,0.0,0.0,0.0,0.0,0.0,0.0,1.0,0.0
10,10,0.0,0.0,0.0,0.0,0.0,0.0,0.0,0.0,0.0,0.0,1.0,0.0
10,10,0.0,0.0,0.0,0.0,0.0,0.0,0.0,0.0,0.0,0.0,1.0,0.0
10,10,0.0,0.0,0.0,0.0,0.0,0.0,0.0,0.0,0.0,0.0,1.0,0.0
10,10,0.0,0.0,0.0,0.0,0.0,0.0,0.0,0.0,0.0,0.0,1.0,0.0
10,10,0.0,0.0,0.0,0.0,0.0,0.0,0.0,0.0,0.0,0.0,1.0,0.0
10,10,0.0,0.0,0.0,0.0,0.0,0.0,0.0,0.0,0.0,0.0,1.0,0.0
10,10,0.0,0.0,0.0,0.0,0.0,0.0,0.0,0.0,0.0,0.0,1.0,0.0
10,10,0.0,0.0,0.0,0.0,0.0,0.0,0.0,0.0,0.0,0.0,1.0,0.0
10,10,0.0,0.0,0.0,0.0,0.0,0.0,0.0,0.0,0.0,0.0,1.0,0.0
10,10,0.0,0.0,0.0,0.0,0.0,0.0,0.0,0.0,0.0,0.0,1.0,0.0
10,10,0.0,0.0,0.0,0.0,0.0,0.0,0.0,0.0,0.0,0.0,1.0,0.0
10,10,0.0,0.0,0.0,0.0,0.0,0.0,0.0,0.0,0.0,0.0,1.0,0.0
10,10,0.0,0.0,0.0,0.0,0.0,0.0,0.0,0.0,0.0,0.0,1.0,0.0
10,10,0.0,0.0,0.0,0.0,0.0,0.0,0.0,0.0,0.0,0.0,1.0,0.0
10,10,0.0,0.0,0.0,0.0,0.0,0.0,0.0,0.0,0.0,0.0,1.0,0.0
10,10,0.0,0.0,0.0,0.0,0.0,0.0,0.0,0.0,0.0,0.0,1.0,0.0
10,10,0.0,0.0,0.0,0.0,0.0,0.0,0.0,0.0,0.0,0.0,1.0,0.0
10,10,0.0,0.0,0.0,0.0,0.0,0.0,0.0,0.0,0.0,0.0,1.0,0.0
10,10,0.0,0.0,0.0,0.0,0.0,0.0,0.0,0.0,0.0,0.0,1.0,0.0
10,10,0.0,0.0,0.0,0.0,0.0,0.0,0.0,0.0,0.0,0.0,1.0,0.0
10,10,0.0,0.0,0.0,0.0,0.0,0.0,0.0,0.0,0.0,0.0,1.0,0.0
10,10,0.0,0.0,0.0,0.0,0.0,0.0,0.0,0.0,0.0,0.0,1.0,0.0
10,10,0.0,0.0,0.0,0.0,0.0,0.0,0.0,0.0,0.0,0.0,1.0,0.0
10,10,0.0,0.0,0.0,0.0,0.0,0.0,0.0,0.0,0.0,0.0,1.0,0.0
10,10,0.0,0.0,0.0,0.0,0.0,0.0,0.0,0.0,0.0,0.0,1.0,0.0
10,10,0.0,0.0,0.0,0.0,0.0,0.0,0.0,0.0,0.0,0.0,1.0,0.0
10,10,0.0,0.0,0.0,0.0,0.0,0.0,0.0,0.0,0.0,0.0,1.0,0.0
10,10,0.0,0.0,0.0,0.0,0.0,0.0,0.0,0.0,0.0,0.0,1.0,0.0
10,10,0.0,0.0,0.0,0.0,0.0,0.0,0.0,0.0,0.0,0.0,1.0,0.0
10,10,0.0,0.0,0.0,0.0,0.0,0.0,0.0,0.0,0.0,0.0,1.0,0.0
10,10,0.0,0.0,0.0,0.0,0.0,0.0,0.0,0.0,0.0,0.0,1.0,0.0
10,10,0.0,0.0,0.0,0.0,0.0,0.0,0.0,0.0,0.0,0.0,1.0,0.0
10,10,0.0,0.0,0.0,0.0,0.0,0.0,0.0,0.0,0.0,0.0,1.0,0.0
10,10,0.0,0.0,0.0,0.0,0.0,0.0,0.0,0.0,0.0,0.0,1.0,0.0
10,10,0.0,0.0,0.0,0.0,0.0,0.0,0.0,0.0,0.0,0.0,1.0,0.0
10,10,0.0,0.0,0.0,0.0,0.0,0.0,0.0,0.0,0.0,0.0,1.0,0.0
10,10,0.0,0.0,0.0,0.0,0.0,0.0,0.0,0.0,0.0,0.0,1.0,0.0
10,10,0.0,0.0,0.0,0.0,0.0,0.0,0.0,0.0,0.0,0.0,1.0,0.0
10,10,0.0,0.0,0.0,0.0,0.0,0.0,0.0,0.0,0.0,0.0,1.0,0.0
10,10,0.0,0.0,0.0,0.0,0.0,0.0,0.0,0.0,0.0,0.0,1.0,0.0
10,10,0.0,0.0,0.0,0.0,0.0,0.0,0.0,0.0,0.0,0.0,1.0,0.0
10,10,0.0,0.0,0.0,0.0,0.0,0.0,0.0,0.0,0.0,0.0,1.0,0.0
10,10,0.0,0.0,0.0,0.0,0.0,0.0,0.0,0.0,0.0,0.0,1.0,0.0
10,10,0.0,0.0,0.0,0.0,0.0,0.0,0.0,0.0,0.0,0.0,1.0,0.0
10,10,0.0,0.0,0.0,0.0,0.0,0.0,0.0,0.0,0.0,0.0,1.0,0.0
10,10,0.0,0.0,0.0,0.0,0.0,0.0,0.0,0.0,0.0,0.0,1.0,0.0
10,10,0.0,0.0,0.0,0.0,0.0,0.0,0.0,0.0,0.0,0.0,1.0,0.0
10,10,0.0,0.0,0.0,0.0,0.0,0.0,0.0,0.0,0.0,0.0,1.0,0.0
10,10,0.0,0.0,0.0,0.0,0.0,0.0,0.0,0.0,0.0,0.0,1.0,0.0
10,10,0.0,0.0,0.0,0.0,0.0,0.0,0.0,0.0,0.0,0.0,1.0,0.0
10,10,0.0,0.0,0.0,0.0,0.0,0.0,0.0,0.0,0.0,0.0,1.0,0.0
10,10,0.0,0.0,0.0,0.0,0.0,0.0,0.0,0.0,0.0,0.0,1.0,0.0
10,10,0.0,0.0,0.0,0.0,0.0,0.0,0.0,0.0,0.0,0.0,1.0,0.0
10,10,0.0,0.0,0.0,0.0,0.0,0.0,0.0,0.0,0.0,0.0,1.0,0.0
10,10,0.0,0.0,0.0,0.0,0.0,0.0,0.0,0.0,0.0,0.0,1.0,0.0
10,10,0.0,0.0,0.0,0.0,0.0,0.0,0.0,0.0,0.0,0.0,1.0,0.0
10,10,0.0,0.0,0.0,0.0,0.0,0.0,0.0,0.0,0.0,0.0,1.0,0.0
10,10,0.0,0.0,0.0,0.0,0.0,0.0,0.0,0.0,0.0,0.0,1.0,0.0
10,10,0.0,0.0,0.0,0.0,0.0,0.0,0.0,0.0,0.0,0.0,1.0,0.0
10,10,0.0,0.0,0.0,0.0,0.0,0.0,0.0,0.0,0.0,0.0,1.0,0.0
10,10,0.0,0.0,0.0,0.0,0.0,0.0,0.0,0.0,0.0,0.0,1.0,0.0
10,10,0.0,0.0,0.0,0.0,0.0,0.0,0.0,0.0,0.0,0.0,1.0,0.0
10,10,0.0,0.0,0.0,0.0,0.0,0.0,0.0,0.0,0.0,0.0,1.0,0.0
10,10,0.0,0.0,0.0,0.0,0.0,0.0,0.0,0.0,0.0,0.0,1.0,0.0
10,10,0.0,0.0,0.0,0.0,0.0,0.0,0.0,0.0,0.0,0.0,1.0,0.0
10,10,0.0,0.0,0.0,0.0,0.0,0.0,0.0,0.0,0.0,0.0,1.0,0.0
10,10,0.0,0.0,0.0,0.0,0.0,0.0,0.0,0.0,0.0,0.0,1.0,0.0
10,10,0.0,0.0,0.0,0.0,0.0,0.0,0.0,0.0,0.0,0.0,1.0,0.0
10,10,0.0,0.0,0.0,0.0,0.0,0.0,0.0,0.0,0.0,0.0,1.0,0.0
10,10,0.0,0.0,0.0,0.0,0.0,0.0,0.0,0.0,0.0,0.0,1.0,0.0
10,10,0.0,0.0,0.0,0.0,0.0,0.0,0.0,0.0,0.0,0.0,1.0,0.0
10,10,0.0,0.0,0.0,0.0,0.0,0.0,0.0,0.0,0.0,0.0,1.0,0.0
10,10,0.0,0.0,0.0,0.0,0.0,0.0,0.0,0.0,0.0,0.0,1.0,0.0
10,10,0.0,0.0,0.0,0.0,0.0,0.0,0.0,0.0,0.0,0.0,1.0,0.0
10,10,0.0,0.0,0.0,0.0,0.0,0.0,0.0,0.0,0.0,0.0,1.0,0.0
10,10,0.0,0.0,0.0,0.0,0.0,0.0,0.0,0.0,0.0,0.0,1.0,0.0
10,10,0.0,0.0,0.0,0.0,0.0,0.0,0.0,0.0,0.0,0.0,1.0,0.0
10,10,0.0,0.0,0.0,0.0,0.0,0.0,0.0,0.0,0.0,0.0,1.0,0.0
10,10,0.0,0.0,0.0,0.0,0.0,0.0,0.0,0.0,0.0,0.0,1.0,0.0
10,10,0.0,0.0,0.0,0.0,0.0,0.0,0.0,0.0,0.0,0.0,1.0,0.0
10,10,0.0,0.0,0.0,0.0,0.0,0.0,0.0,0.0,0.0,0.0,1.0,0.0
10,10,0.0,0.0,0.0,0.0,0.0,0.0,0.0,0.0,0.0,0.0,1.0,0.0
10,10,0.0,0.0,0.0,0.0,0.0,0.0,0.0,0.0,0.0,0.0,1.0,0.0
10,10,0.0,0.0,0.0,0.0,0.0,0.0,0.0,0.0,0.0,0.0,1.0,0.0
10,10,0.0,0.0,0.0,0.0,0.0,0.0,0.0,0.0,0.0,0.0,1.0,0.0
10,10,0.0,0.0,0.0,0.0,0.0,0.0,0.0,0.0,0.0,0.0,1.0,0.0
10,10,0.0,0.0,0.0,0.0,0.0,0.0,0.0,0.0,0.0,0.0,1.0,0.0
10,10,0.0,0.0,0.0,0.0,0.0,0.0,0.0,0.0,0.0,0.0,1.0,0.0
10,10,0.0,0.0,0.0,0.0,0.0,0.0,0.0,0.0,0.0,0.0,1.0,0.0
10,10,0.0,0.0,0.0,0.0,0.0,0.0,0.0,0.0,0.0,0.0,1.0,0.0
10,10,0.0,0.0,0.0,0.0,0.0,0.0,0.0,0.0,0.0,0.0,1.0,0.0
10,10,0.0,0.0,0.0,0.0,0.0,0.0,0.0,0.0,0.0,0.0,1.0,0.0
10,10,0.0,0.0,0.0,0.0,0.0,0.0,0.0,0.0,0.0,0.0,1.0,0.0
10,10,0.0,0.0,0.0,0.0,0.0,0.0,0.0,0.0,0.0,0.0,1.0,0.0
10,10,0.0,0.0,0.0,0.0,0.0,0.0,0.0,0.0,0.0,0.0,1.0,0.0
10,10,0.0,0.0,0.0,0.0,0.0,0.0,0.0,0.0,0.0,0.0,1.0,0.0
10,10,0.0,0.0,0.0,0.0,0.0,0.0,0.0,0.0,0.0,0.0,1.0,0.0
10,10,0.0,0.0,0.0,0.0,0.0,0.0,0.0,0.0,0.0,0.0,1.0,0.0
10,10,0.0,0.0,0.0,0.0,0.0,0.0,0.0,0.0,0.0,0.0,1.0,0.0
10,10,0.0,0.0,0.0,0.0,0.0,0.0,0.0,0.0,0.0,0.0,1.0,0.0
10,10,0.0,0.0,0.0,0.0,0.0,0.0,0.0,0.0,0.0,0.0,1.0,0.0
10,10,0.0,0.0,0.0,0.0,0.0,0.0,0.0,0.0,0.0,0.0,1.0,0.0
10,10,0.0,0.0,0.0,0.0,0.0,0.0,0.0,0.0,0.0,0.0,1.0,0.0
10,10,0.0,0.0,0.0,0.0,0.0,0.0,0.0,0.0,0.0,0.0,1.0,0.0
10,10,0.0,0.0,0.0,0.0,0.0,0.0,0.0,0.0,0.0,0.0,1.0,0.0
10,10,0.0,0.0,0.0,0.0,0.0,0.0,0.0,0.0,0.0,0.0,1.0,0.0
10,10,0.0,0.0,0.0,0.0,0.0,0.0,0.0,0.0,0.0,0.0,1.0,0.0
10,10,0.0,0.0,0.0,0.0,0.0,0.0,0.0,0.0,0.0,0.0,1.0,0.0
10,10,0.0,0.0,0.0,0.0,0.0,0.0,0.0,0.0,0.0,0.0,1.0,0.0
10,10,0.0,0.0,0.0,0.0,0.0,0.0,0.0,0.0,0.0,0.0,1.0,0.0
10,10,0.0,0.0,0.0,0.0,0.0,0.0,0.0,0.0,0.0,0.0,1.0,0.0
10,10,0.0,0.0,0.0,0.0,0.0,0.0,0.0,0.0,0.0,0.0,1.0,0.0
10,10,0.0,0.0,0.0,0.0,0.0,0.0,0.0,0.0,0.0,0.0,1.0,0.0
10,10,0.0,0.0,0.0,0.0,0.0,0.0,0.0,0.0,0.0,0.0,1.0,0.0
10,10,0.0,0.0,0.0,0.0,0.0,0.0,0.0,0.0,0.0,0.0,1.0,0.0
10,10,0.0,0.0,0.0,0.0,0.0,0.0,0.0,0.0,0.0,0.0,1.0,0.0
10,10,0.0,0.0,0.0,0.0,0.0,0.0,0.0,0.0,0.0,0.0,1.0,0.0
10,10,0.0,0.0,0.0,0.0,0.0,0.0,0.0,0.0,0.0,0.0,1.0,0.0
10,10,0.0,0.0,0.0,0.0,0.0,0.0,0.0,0.0,0.0,0.0,1.0,0.0
10,10,0.0,0.0,0.0,0.0,0.0,0.0,0.0,0.0,0.0,0.0,1.0,0.0
10,10,0.0,0.0,0.0,0.0,0.0,0.0,0.0,0.0,0.0,0.0,1.0,0.0
10,10,0.0,0.0,0.0,0.0,0.0,0.0,0.0,0.0,0.0,0.0,1.0,0.0
10,10,0.0,0.0,0.0,0.0,0.0,0.0,0.0,0.0,0.0,0.0,1.0,0.0
10,10,0.0,0.0,0.0,0.0,0.0,0.0,0.0,0.0,0.0,0.0,1.0,0.0
10,10,0.0,0.0,0.0,0.0,0.0,0.0,0.0,0.0,0.0,0.0,1.0,0.0
10,10,0.0,0.0,0.0,0.0,0.0,0.0,0.0,0.0,0.0,0.0,1.0,0.0
10,10,0.0,0.0,0.0,0.0,0.0,0.0,0.0,0.0,0.0,0.0,1.0,0.0
10,10,0.0,0.0,0.0,0.0,0.0,0.0,0.0,0.0,0.0,0.0,1.0,0.0
10,10,0.0,0.0,0.0,0.0,0.0,0.0,0.0,0.0,0.0,0.0,1.0,0.0
10,10,0.0,0.0,0.0,0.0,0.0,0.0,0.0,0.0,0.0,0.0,1.0,0.0
10,10,0.0,0.0,0.0,0.0,0.0,0.0,0.0,0.0,0.0,0.0,1.0,0.0
10,10,0.0,0.0,0.0,0.0,0.0,0.0,0.0,0.0,0.0,0.0,1.0,0.0
10,10,0.0,0.0,0.0,0.0,0.0,0.0,0.0,0.0,0.0,0.0,1.0,0.0
10,10,0.0,0.0,0.0,0.0,0.0,0.0,0.0,0.0,0.0,0.0,1.0,0.0
10,10,0.0,0.0,0.0,0.0,0.0,0.0,0.0,0.0,0.0,0.0,1.0,0.0
10,10,0.0,0.0,0.0,0.0,0.0,0.0,0.0,0.0,0.0,0.0,1.0,0.0
10,10,0.0,0.0,0.0,0.0,0.0,0.0,0.0,0.0,0.0,0.0,1.0,0.0
10,10,0.0,0.0,0.0,0.0,0.0,0.0,0.0,0.0,0.0,0.0,1.0,0.0
10,10,0.0,0.0,0.0,0.0,0.0,0.0,0.0,0.0,0.0,0.0,1.0,0.0
10,10,0.0,0.0,0.0,0.0,0.0,0.0,0.0,0.0,0.0,0.0,1.0,0.0
10,10,0.0,0.0,0.0,0.0,0.0,0.0,0.0,0.0,0.0,0.0,1.0,0.0
10,10,0.0,0.0,0.0,0.0,0.0,0.0,0.0,0.0,0.0,0.0,1.0,0.0
10,10,0.0,0.0,0.0,0.0,0.0,0.0,0.0,0.0,0.0,0.0,1.0,0.0
10,10,0.0,0.0,0.0,0.0,0.0,0.0,0.0,0.0,0.0,0.0,1.0,0.0
10,10,0.0,0.0,0.0,0.0,0.0,0.0,0.0,0.0,0.0,0.0,1.0,0.0
10,10,0.0,0.0,0.0,0.0,0.0,0.0,0.0,0.0,0.0,0.0,1.0,0.0
10,10,0.0,0.0,0.0,0.0,0.0,0.0,0.0,0.0,0.0,0.0,1.0,0.0
10,10,0.0,0.0,0.0,0.0,0.0,0.0,0.0,0.0,0.0,0.0,1.0,0.0
10,10,0.0,0.0,0.0,0.0,0.0,0.0,0.0,0.0,0.0,0.0,1.0,0.0
10,10,0.0,0.0,0.0,0.0,0.0,0.0,0.0,0.0,0.0,0.0,1.0,0.0
10,10,0.0,0.0,0.0,0.0,0.0,0.0,0.0,0.0,0.0,0.0,1.0,0.0
10,10,0.0,0.0,0.0,0.0,0.0,0.0,0.0,0.0,0.0,0.0,1.0,0.0
10,10,0.0,0.0,0.0,0.0,0.0,0.0,0.0,0.0,0.0,0.0,1.0,0.0
10,10,0.0,0.0,0.0,0.0,0.0,0.0,0.0,0.0,0.0,0.0,1.0,0.0
10,10,0.0,0.0,0.0,0.0,0.0,0.0,0.0,0.0,0.0,0.0,1.0,0.0
10,10,0.0,0.0,0.0,0.0,0.0,0.0,0.0,0.0,0.0,0.0,1.0,0.0
10,10,0.0,0.0,0.0,0.0,0.0,0.0,0.0,0.0,0.0,0.0,1.0,0.0
10,10,0.0,0.0,0.0,0.0,0.0,0.0,0.0,0.0,0.0,0.0,1.0,0.0
10,10,0.0,0.0,0.0,0.0,0.0,0.0,0.0,0.0,0.0,0.0,1.0,0.0
10,10,0.0,0.0,0.0,0.0,0.0,0.0,0.0,0.0,0.0,0.0,1.0,0.0
10,10,0.0,0.0,0.0,0.0,0.0,0.0,0.0,0.0,0.0,0.0,1.0,0.0
10,10,0.0,0.0,0.0,0.0,0.0,0.0,0.0,0.0,0.0,0.0,1.0,0.0
10,10,0.0,0.0,0.0,0.0,0.0,0.0,0.0,0.0,0.0,0.0,1.0,0.0
10,10,0.0,0.0,0.0,0.0,0.0,0.0,0.0,0.0,0.0,0.0,1.0,0.0
10,10,0.0,0.0,0.0,0.0,0.0,0.0,0.0,0.0,0.0,0.0,1.0,0.0
10,10,0.0,0.0,0.0,0.0,0.0,0.0,0.0,0.0,0.0,0.0,1.0,0.0
10,10,0.0,0.0,0.0,0.0,0.0,0.0,0.0,0.0,0.0,0.0,1.0,0.0
10,10,0.0,0.0,0.0,0.0,0.0,0.0,0.0,0.0,0.0,0.0,1.0,0.0
10,10,0.0,0.0,0.0,0.0,0.0,0.0,0.0,0.0,0.0,0.0,1.0,0.0
10,10,0.0,0.0,0.0,0.0,0.0,0.0,0.0,0.0,0.0,0.0,1.0,0.0
10,10,0.0,0.0,0.0,0.0,0.0,0.0,0.0,0.0,0.0,0.0,1.0,0.0
10,10,0.0,0.0,0.0,0.0,0.0,0.0,0.0,0.0,0.0,0.0,1.0,0.0
10,10,0.0,0.0,0.0,0.0,0.0,0.0,0.0,0.0,0.0,0.0,1.0,0.0
10,10,0.0,0.0,0.0,0.0,0.0,0.0,0.0,0.0,0.0,0.0,1.0,0.0
10,10,0.0,0.0,0.0,0.0,0.0,0.0,0.0,0.0,0.0,0.0,1.0,0.0
10,10,0.0,0.0,0.0,0.0,0.0,0.0,0.0,0.0,0.0,0.0,1.0,0.0
10,10,0.0,0.0,0.0,0.0,0.0,0.0,0.0,0.0,0.0,0.0,1.0,0.0
10,10,0.0,0.0,0.0,0.0,0.0,0.0,0.0,0.0,0.0,0.0,1.0,0.0
10,10,0.0,0.0,0.0,0.0,0.0,0.0,0.0,0.0,0.0,0.0,1.0,0.0
10,10,0.0,0.0,0.0,0.0,0.0,0.0,0.0,0.0,0.0,0.0,1.0,0.0
10,10,0.0,0.0,0.0,0.0,0.0,0.0,0.0,0.0,0.0,0.0,1.0,0.0
10,10,0.0,0.0,0.0,0.0,0.0,0.0,0.0,0.0,0.0,0.0,1.0,0.0
10,10,0.0,0.0,0.0,0.0,0.0,0.0,0.0,0.0,0.0,0.0,1.0,0.0
10,10,0.0,0.0,0.0,0.0,0.0,0.0,0.0,0.0,0.0,0.0,1.0,0.0
10,10,0.0,0.0,0.0,0.0,0.0,0.0,0.0,0.0,0.0,0.0,1.0,0.0
10,10,0.0,0.0,0.0,0.0,0.0,0.0,0.0,0.0,0.0,0.0,1.0,0.0
10,10,0.0,0.0,0.0,0.0,0.0,0.0,0.0,0.0,0.0,0.0,1.0,0.0
10,10,0.0,0.0,0.0,0.0,0.0,0.0,0.0,0.0,0.0,0.0,1.0,0.0
10,10,0.0,0.0,0.0,0.0,0.0,0.0,0.0,0.0,0.0,0.0,1.0,0.0
10,10,0.0,0.0,0.0,0.0,0.0,0.0,0.0,0.0,0.0,0.0,1.0,0.0
10,10,0.0,0.0,0.0,0.0,0.0,0.0,0.0,0.0,0.0,0.0,1.0,0.0
10,10,0.0,0.0,0.0,0.0,0.0,0.0,0.0,0.0,0.0,0.0,1.0,0.0
10,10,0.0,0.0,0.0,0.0,0.0,0.0,0.0,0.0,0.0,0.0,1.0,0.0
10,10,0.0,0.0,0.0,0.0,0.0,0.0,0.0,0.0,0.0,0.0,1.0,0.0
10,10,0.0,0.0,0.0,0.0,0.0,0.0,0.0,0.0,0.0,0.0,1.0,0.0
10,10,0.0,0.0,0.0,0.0,0.0,0.0,0.0,0.0,0.0,0.0,1.0,0.0
10,10,0.0,0.0,0.0,0.0,0.0,0.0,0.0,0.0,0.0,0.0,1.0,0.0
10,10,0.0,0.0,0.0,0.0,0.0,0.0,0.0,0.0,0.0,0.0,1.0,0.0
10,10,0.0,0.0,0.0,0.0,0.0,0.0,0.0,0.0,0.0,0.0,1.0,0.0
10,10,0.0,0.0,0.0,0.0,0.0,0.0,0.0,0.0,0.0,0.0,1.0,0.0
10,10,0.0,0.0,0.0,0.0,0.0,0.0,0.0,0.0,0.0,0.0,1.0,0.0
10,10,0.0,0.0,0.0,0.0,0.0,0.0,0.0,0.0,0.0,0.0,1.0,0.0
10,10,0.0,0.0,0.0,0.0,0.0,0.0,0.0,0.0,0.0,0.0,1.0,0.0
10,10,0.0,0.0,0.0,0.0,0.0,0.0,0.0,0.0,0.0,0.0,1.0,0.0
10,10,0.0,0.0,0.0,0.0,0.0,0.0,0.0,0.0,0.0,0.0,1.0,0.0
10,10,0.0,0.0,0.0,0.0,0.0,0.0,0.0,0.0,0.0,0.0,1.0,0.0
10,10,0.0,0.0,0.0,0.0,0.0,0.0,0.0,0.0,0.0,0.0,1.0,0.0
10,10,0.0,0.0,0.0,0.0,0.0,0.0,0.0,0.0,0.0,0.0,1.0,0.0
10,10,0.0,0.0,0.0,0.0,0.0,0.0,0.0,0.0,0.0,0.0,1.0,0.0
10,10,0.0,0.0,0.0,0.0,0.0,0.0,0.0,0.0,0.0,0.0,1.0,0.0
10,10,0.0,0.0,0.0,0.0,0.0,0.0,0.0,0.0,0.0,0.0,1.0,0.0
10,10,0.0,0.0,0.0,0.0,0.0,0.0,0.0,0.0,0.0,0.0,1.0,0.0
10,10,0.0,0.0,0.0,0.0,0.0,0.0,0.0,0.0,0.0,0.0,1.0,0.0
10,10,0.0,0.0,0.0,0.0,0.0,0.0,0.0,0.0,0.0,0.0,1.0,0.0
10,10,0.0,0.0,0.0,0.0,0.0,0.0,0.0,0.0,0.0,0.0,1.0,0.0
10,10,0.0,0.0,0.0,0.0,0.0,0.0,0.0,0.0,0.0,0.0,1.0,0.0
10,10,0.0,0.0,0.0,0.0,0.0,0.0,0.0,0.0,0.0,0.0,1.0,0.0
10,10,0.0,0.0,0.0,0.0,0.0,0.0,0.0,0.0,0.0,0.0,1.0,0.0
10,10,0.0,0.0,0.0,0.0,0.0,0.0,0.0,0.0,0.0,0.0,1.0,0.0
10,10,0.0,0.0,0.0,0.0,0.0,0.0,0.0,0.0,0.0,0.0,1.0,0.0
10,10,0.0,0.0,0.0,0.0,0.0,0.0,0.0,0.0,0.0,0.0,1.0,0.0
10,10,0.0,0.0,0.0,0.0,0.0,0.0,0.0,0.0,0.0,0.0,1.0,0.0
10,10,0.0,0.0,0.0,0.0,0.0,0.0,0.0,0.0,0.0,0.0,1.0,0.0
10,10,0.0,0.0,0.0,0.0,0.0,0.0,0.0,0.0,0.0,0.0,1.0,0.0
10,10,0.0,0.0,0.0,0.0,0.0,0.0,0.0,0.0,0.0,0.0,1.0,0.0
10,10,0.0,0.0,0.0,0.0,0.0,0.0,0.0,0.0,0.0,0.0,1.0,0.0
10,10,0.0,0.0,0.0,0.0,0.0,0.0,0.0,0.0,0.0,0.0,1.0,0.0
10,10,0.0,0.0,0.0,0.0,0.0,0.0,0.0,0.0,0.0,0.0,1.0,0.0
10,10,0.0,0.0,0.0,0.0,0.0,0.0,0.0,0.0,0.0,0.0,1.0,0.0
10,10,0.0,0.0,0.0,0.0,0.0,0.0,0.0,0.0,0.0,0.0,1.0,0.0
10,10,0.0,0.0,0.0,0.0,0.0,0.0,0.0,0.0,0.0,0.0,1.0,0.0
10,10,0.0,0.0,0.0,0.0,0.0,0.0,0.0,0.0,0.0,0.0,1.0,0.0
10,10,0.0,0.0,0.0,0.0,0.0,0.0,0.0,0.0,0.0,0.0,1.0,0.0
10,10,0.0,0.0,0.0,0.0,0.0,0.0,0.0,0.0,0.0,0.0,1.0,0.0
10,10,0.0,0.0,0.0,0.0,0.0,0.0,0.0,0.0,0.0,0.0,1.0,0.0
10,10,0.0,0.0,0.0,0.0,0.0,0.0,0.0,0.0,0.0,0.0,1.0,0.0
10,10,0.0,0.0,0.0,0.0,0.0,0.0,0.0,0.0,0.0,0.0,1.0,0.0
10,10,0.0,0.0,0.0,0.0,0.0,0.0,0.0,0.0,0.0,0.0,1.0,0.0
10,10,0.0,0.0,0.0,0.0,0.0,0.0,0.0,0.0,0.0,0.0,1.0,0.0
10,10,0.0,0.0,0.0,0.0,0.0,0.0,0.0,0.0,0.0,0.0,1.0,0.0
10,10,0.0,0.0,0.0,0.0,0.0,0.0,0.0,0.0,0.0,0.0,1.0,0.0
10,10,0.0,0.0,0.0,0.0,0.0,0.0,0.0,0.0,0.0,0.0,1.0,0.0
10,10,0.0,0.0,0.0,0.0,0.0,0.0,0.0,0.0,0.0,0.0,1.0,0.0
10,10,0.0,0.0,0.0,0.0,0.0,0.0,0.0,0.0,0.0,0.0,1.0,0.0
10,10,0.0,0.0,0.0,0.0,0.0,0.0,0.0,0.0,0.0,0.0,1.0,0.0
10,10,0.0,0.0,0.0,0.0,0.0,0.0,0.0,0.0,0.0,0.0,1.0,0.0
10,10,0.0,0.0,0.0,0.0,0.0,0.0,0.0,0.0,0.0,0.0,1.0,0.0
10,10,0.0,0.0,0.0,0.0,0.0,0.0,0.0,0.0,0.0,0.0,1.0,0.0
10,10,0.0,0.0,0.0,0.0,0.0,0.0,0.0,0.0,0.0,0.0,1.0,0.0
10,10,0.0,0.0,0.0,0.0,0.0,0.0,0.0,0.0,0.0,0.0,1.0,0.0
10,10,0.0,0.0,0.0,0.0,0.0,0.0,0.0,0.0,0.0,0.0,1.0,0.0
10,10,0.0,0.0,0.0,0.0,0.0,0.0,0.0,0.0,0.0,0.0,1.0,0.0
10,10,0.0,0.0,0.0,0.0,0.0,0.0,0.0,0.0,0.0,0.0,1.0,0.0
10,10,0.0,0.0,0.0,0.0,0.0,0.0,0.0,0.0,0.0,0.0,1.0,0.0
10,10,0.0,0.0,0.0,0.0,0.0,0.0,0.0,0.0,0.0,0.0,1.0,0.0
10,10,0.0,0.0,0.0,0.0,0.0,0.0,0.0,0.0,0.0,0.0,1.0,0.0
10,10,0.0,0.0,0.0,0.0,0.0,0.0,0.0,0.0,0.0,0.0,1.0,0.0
10,10,0.0,0.0,0.0,0.0,0.0,0.0,0.0,0.0,0.0,0.0,1.0,0.0
10,10,0.0,0.0,0.0,0.0,0.0,0.0,0.0,0.0,0.0,0.0,1.0,0.0
10,10,0.0,0.0,0.0,0.0,0.0,0.0,0.0,0.0,0.0,0.0,1.0,0.0
10,10,0.0,0.0,0.0,0.0,0.0,0.0,0.0,0.0,0.0,0.0,1.0,0.0
10,10,0.0,0.0,0.0,0.0,0.0,0.0,0.0,0.0,0.0,0.0,1.0,0.0
10,10,0.0,0.0,0.0,0.0,0.0,0.0,0.0,0.0,0.0,0.0,1.0,0.0
10,10,0.0,0.0,0.0,0.0,0.0,0.0,0.0,0.0,0.0,0.0,1.0,0.0
10,10,0.0,0.0,0.0,0.0,0.0,0.0,0.0,0.0,0.0,0.0,1.0,0.0
10,10,0.0,0.0,0.0,0.0,0.0,0.0,0.0,0.0,0.0,0.0,1.0,0.0
10,10,0.0,0.0,0.0,0.0,0.0,0.0,0.0,0.0,0.0,0.0,1.0,0.0
10,10,0.0,0.0,0.0,0.0,0.0,0.0,0.0,0.0,0.0,0.0,1.0,0.0
10,10,0.0,0.0,0.0,0.0,0.0,0.0,0.0,0.0,0.0,0.0,1.0,0.0
10,10,0.0,0.0,0.0,0.0,0.0,0.0,0.0,0.0,0.0,0.0,1.0,0.0
10,10,0.0,0.0,0.0,0.0,0.0,0.0,0.0,0.0,0.0,0.0,1.0,0.0
10,10,0.0,0.0,0.0,0.0,0.0,0.0,0.0,0.0,0.0,0.0,1.0,0.0
10,10,0.0,0.0,0.0,0.0,0.0,0.0,0.0,0.0,0.0,0.0,1.0,0.0
10,10,0.0,0.0,0.0,0.0,0.0,0.0,0.0,0.0,0.0,0.0,1.0,0.0
10,10,0.0,0.0,0.0,0.0,0.0,0.0,0.0,0.0,0.0,0.0,1.0,0.0
10,10,0.0,0.0,0.0,0.0,0.0,0.0,0.0,0.0,0.0,0.0,1.0,0.0
10,10,0.0,0.0,0.0,0.0,0.0,0.0,0.0,0.0,0.0,0.0,1.0,0.0
10,10,0.0,0.0,0.0,0.0,0.0,0.0,0.0,0.0,0.0,0.0,1.0,0.0
10,10,0.0,0.0,0.0,0.0,0.0,0.0,0.0,0.0,0.0,0.0,1.0,0.0
10,10,0.0,0.0,0.0,0.0,0.0,0.0,0.0,0.0,0.0,0.0,1.0,0.0
10,10,0.0,0.0,0.0,0.0,0.0,0.0,0.0,0.0,0.0,0.0,1.0,0.0
10,10,0.0,0.0,0.0,0.0,0.0,0.0,0.0,0.0,0.0,0.0,1.0,0.0
10,10,0.0,0.0,0.0,0.0,0.0,0.0,0.0,0.0,0.0,0.0,1.0,0.0
10,10,0.0,0.0,0.0,0.0,0.0,0.0,0.0,0.0,0.0,0.0,1.0,0.0
10,10,0.0,0.0,0.0,0.0,0.0,0.0,0.0,0.0,0.0,0.0,1.0,0.0
10,10,0.0,0.0,0.0,0.0,0.0,0.0,0.0,0.0,0.0,0.0,1.0,0.0
10,10,0.0,0.0,0.0,0.0,0.0,0.0,0.0,0.0,0.0,0.0,1.0,0.0
10,10,0.0,0.0,0.0,0.0,0.0,0.0,0.0,0.0,0.0,0.0,1.0,0.0
10,10,0.0,0.0,0.0,0.0,0.0,0.0,0.0,0.0,0.0,0.0,1.0,0.0
10,10,0.0,0.0,0.0,0.0,0.0,0.0,0.0,0.0,0.0,0.0,1.0,0.0
10,10,0.0,0.0,0.0,0.0,0.0,0.0,0.0,0.0,0.0,0.0,1.0,0.0
10,10,0.0,0.0,0.0,0.0,0.0,0.0,0.0,0.0,0.0,0.0,1.0,0.0
10,10,0.0,0.0,0.0,0.0,0.0,0.0,0.0,0.0,0.0,0.0,1.0,0.0
10,10,0.0,0.0,0.0,0.0,0.0,0.0,0.0,0.0,0.0,0.0,1.0,0.0
10,10,0.0,0.0,0.0,0.0,0.0,0.0,0.0,0.0,0.0,0.0,1.0,0.0
10,10,0.0,0.0,0.0,0.0,0.0,0.0,0.0,0.0,0.0,0.0,1.0,0.0
10,10,0.0,0.0,0.0,0.0,0.0,0.0,0.0,0.0,0.0,0.0,1.0,0.0
10,10,0.0,0.0,0.0,0.0,0.0,0.0,0.0,0.0,0.0,0.0,1.0,0.0
10,10,0.0,0.0,0.0,0.0,0.0,0.0,0.0,0.0,0.0,0.0,1.0,0.0
10,10,0.0,0.0,0.0,0.0,0.0,0.0,0.0,0.0,0.0,0.0,1.0,0.0
10,10,0.0,0.0,0.0,0.0,0.0,0.0,0.0,0.0,0.0,0.0,1.0,0.0
10,10,0.0,0.0,0.0,0.0,0.0,0.0,0.0,0.0,0.0,0.0,1.0,0.0
10,10,0.0,0.0,0.0,0.0,0.0,0.0,0.0,0.0,0.0,0.0,1.0,0.0
10,10,0.0,0.0,0.0,0.0,0.0,0.0,0.0,0.0,0.0,0.0,1.0,0.0
10,10,0.0,0.0,0.0,0.0,0.0,0.0,0.0,0.0,0.0,0.0,1.0,0.0
10,10,0.0,0.0,0.0,0.0,0.0,0.0,0.0,0.0,0.0,0.0,1.0,0.0
10,10,0.0,0.0,0.0,0.0,0.0,0.0,0.0,0.0,0.0,0.0,1.0,0.0
10,10,0.0,0.0,0.0,0.0,0.0,0.0,0.0,0.0,0.0,0.0,1.0,0.0
10,10,0.0,0.0,0.0,0.0,0.0,0.0,0.0,0.0,0.0,0.0,1.0,0.0
10,10,0.0,0.0,0.0,0.0,0.0,0.0,0.0,0.0,0.0,0.0,1.0,0.0
10,10,0.0,0.0,0.0,0.0,0.0,0.0,0.0,0.0,0.0,0.0,1.0,0.0
10,10,0.0,0.0,0.0,0.0,0.0,0.0,0.0,0.0,0.0,0.0,1.0,0.0
10,10,0.0,0.0,0.0,0.0,0.0,0.0,0.0,0.0,0.0,0.0,1.0,0.0
10,10,0.0,0.0,0.0,0.0,0.0,0.0,0.0,0.0,0.0,0.0,1.0,0.0
10,10,0.0,0.0,0.0,0.0,0.0,0.0,0.0,0.0,0.0,0.0,1.0,0.0
10,10,0.0,0.0,0.0,0.0,0.0,0.0,0.0,0.0,0.0,0.0,1.0,0.0
10,10,0.0,0.0,0.0,0.0,0.0,0.0,0.0,0.0,0.0,0.0,1.0,0.0
10,10,0.0,0.0,0.0,0.0,0.0,0.0,0.0,0.0,0.0,0.0,1.0,0.0
10,10,0.0,0.0,0.0,0.0,0.0,0.0,0.0,0.0,0.0,0.0,1.0,0.0
10,10,0.0,0.0,0.0,0.0,0.0,0.0,0.0,0.0,0.0,0.0,1.0,0.0
10,10,0.0,0.0,0.0,0.0,0.0,0.0,0.0,0.0,0.0,0.0,1.0,0.0
10,10,0.0,0.0,0.0,0.0,0.0,0.0,0.0,0.0,0.0,0.0,1.0,0.0
10,10,0.0,0.0,0.0,0.0,0.0,0.0,0.0,0.0,0.0,0.0,1.0,0.0
10,10,0.0,0.0,0.0,0.0,0.0,0.0,0.0,0.0,0.0,0.0,1.0,0.0
10,10,0.0,0.0,0.0,0.0,0.0,0.0,0.0,0.0,0.0,0.0,1.0,0.0
10,10,0.0,0.0,0.0,0.0,0.0,0.0,0.0,0.0,0.0,0.0,1.0,0.0
10,10,0.0,0.0,0.0,0.0,0.0,0.0,0.0,0.0,0.0,0.0,1.0,0.0
10,10,0.0,0.0,0.0,0.0,0.0,0.0,0.0,0.0,0.0,0.0,1.0,0.0
10,10,0.0,0.0,0.0,0.0,0.0,0.0,0.0,0.0,0.0,0.0,1.0,0.0
10,10,0.0,0.0,0.0,0.0,0.0,0.0,0.0,0.0,0.0,0.0,1.0,0.0
10,10,0.0,0.0,0.0,0.0,0.0,0.0,0.0,0.0,0.0,0.0,1.0,0.0
10,10,0.0,0.0,0.0,0.0,0.0,0.0,0.0,0.0,0.0,0.0,1.0,0.0
10,10,0.0,0.0,0.0,0.0,0.0,0.0,0.0,0.0,0.0,0.0,1.0,0.0
10,10,0.0,0.0,0.0,0.0,0.0,0.0,0.0,0.0,0.0,0.0,1.0,0.0
10,10,0.0,0.0,0.0,0.0,0.0,0.0,0.0,0.0,0.0,0.0,1.0,0.0
10,10,0.0,0.0,0.0,0.0,0.0,0.0,0.0,0.0,0.0,0.0,1.0,0.0
10,10,0.0,0.0,0.0,0.0,0.0,0.0,0.0,0.0,0.0,0.0,1.0,0.0
10,10,0.0,0.0,0.0,0.0,0.0,0.0,0.0,0.0,0.0,0.0,1.0,0.0
10,10,0.0,0.0,0.0,0.0,0.0,0.0,0.0,0.0,0.0,0.0,1.0,0.0
10,10,0.0,0.0,0.0,0.0,0.0,0.0,0.0,0.0,0.0,0.0,1.0,0.0
10,10,0.0,0.0,0.0,0.0,0.0,0.0,0.0,0.0,0.0,0.0,1.0,0.0
10,10,0.0,0.0,0.0,0.0,0.0,0.0,0.0,0.0,0.0,0.0,1.0,0.0
10,10,0.0,0.0,0.0,0.0,0.0,0.0,0.0,0.0,0.0,0.0,1.0,0.0
10,10,0.0,0.0,0.0,0.0,0.0,0.0,0.0,0.0,0.0,0.0,1.0,0.0
10,10,0.0,0.0,0.0,0.0,0.0,0.0,0.0,0.0,0.0,0.0,1.0,0.0
10,10,0.0,0.0,0.0,0.0,0.0,0.0,0.0,0.0,0.0,0.0,1.0,0.0
10,10,0.0,0.0,0.0,0.0,0.0,0.0,0.0,0.0,0.0,0.0,1.0,0.0
10,10,0.0,0.0,0.0,0.0,0.0,0.0,0.0,0.0,0.0,0.0,1.0,0.0
10,10,0.0,0.0,0.0,0.0,0.0,0.0,0.0,0.0,0.0,0.0,1.0,0.0
10,10,0.0,0.0,0.0,0.0,0.0,0.0,0.0,0.0,0.0,0.0,1.0,0.0
10,10,0.0,0.0,0.0,0.0,0.0,0.0,0.0,0.0,0.0,0.0,1.0,0.0
10,10,0.0,0.0,0.0,0.0,0.0,0.0,0.0,0.0,0.0,0.0,1.0,0.0
10,10,0.0,0.0,0.0,0.0,0.0,0.0,0.0,0.0,0.0,0.0,1.0,0.0
10,10,0.0,0.0,0.0,0.0,0.0,0.0,0.0,0.0,0.0,0.0,1.0,0.0
10,10,0.0,0.0,0.0,0.0,0.0,0.0,0.0,0.0,0.0,0.0,1.0,0.0
10,10,0.0,0.0,0.0,0.0,0.0,0.0,0.0,0.0,0.0,0.0,1.0,0.0
10,10,0.0,0.0,0.0,0.0,0.0,0.0,0.0,0.0,0.0,0.0,1.0,0.0
10,10,0.0,0.0,0.0,0.0,0.0,0.0,0.0,0.0,0.0,0.0,1.0,0.0
10,10,0.0,0.0,0.0,0.0,0.0,0.0,0.0,0.0,0.0,0.0,1.0,0.0
10,10,0.0,0.0,0.0,0.0,0.0,0.0,0.0,0.0,0.0,0.0,1.0,0.0
10,10,0.0,0.0,0.0,0.0,0.0,0.0,0.0,0.0,0.0,0.0,1.0,0.0
10,10,0.0,0.0,0.0,0.0,0.0,0.0,0.0,0.0,0.0,0.0,1.0,0.0
10,10,0.0,0.0,0.0,0.0,0.0,0.0,0.0,0.0,0.0,0.0,1.0,0.0
10,10,0.0,0.0,0.0,0.0,0.0,0.0,0.0,0.0,0.0,0.0,1.0,0.0
10,10,0.0,0.0,0.0,0.0,0.0,0.0,0.0,0.0,0.0,0.0,1.0,0.0
10,10,0.0,0.0,0.0,0.0,0.0,0.0,0.0,0.0,0.0,0.0,1.0,0.0
10,10,0.0,0.0,0.0,0.0,0.0,0.0,0.0,0.0,0.0,0.0,1.0,0.0
10,10,0.0,0.0,0.0,0.0,0.0,0.0,0.0,0.0,0.0,0.0,1.0,0.0
10,10,0.0,0.0,0.0,0.0,0.0,0.0,0.0,0.0,0.0,0.0,1.0,0.0
10,10,0.0,0.0,0.0,0.0,0.0,0.0,0.0,0.0,0.0,0.0,1.0,0.0
10,10,0.0,0.0,0.0,0.0,0.0,0.0,0.0,0.0,0.0,0.0,1.0,0.0
10,10,0.0,0.0,0.0,0.0,0.0,0.0,0.0,0.0,0.0,0.0,1.0,0.0
10,10,0.0,0.0,0.0,0.0,0.0,0.0,0.0,0.0,0.0,0.0,1.0,0.0
10,10,0.0,0.0,0.0,0.0,0.0,0.0,0.0,0.0,0.0,0.0,1.0,0.0
10,10,0.0,0.0,0.0,0.0,0.0,0.0,0.0,0.0,0.0,0.0,1.0,0.0
10,10,0.0,0.0,0.0,0.0,0.0,0.0,0.0,0.0,0.0,0.0,1.0,0.0
10,10,0.0,0.0,0.0,0.0,0.0,0.0,0.0,0.0,0.0,0.0,1.0,0.0
10,10,0.0,0.0,0.0,0.0,0.0,0.0,0.0,0.0,0.0,0.0,1.0,0.0
10,10,0.0,0.0,0.0,0.0,0.0,0.0,0.0,0.0,0.0,0.0,1.0,0.0
10,10,0.0,0.0,0.0,0.0,0.0,0.0,0.0,0.0,0.0,0.0,1.0,0.0
10,10,0.0,0.0,0.0,0.0,0.0,0.0,0.0,0.0,0.0,0.0,1.0,0.0
10,10,0.0,0.0,0.0,0.0,0.0,0.0,0.0,0.0,0.0,0.0,1.0,0.0
10,10,0.0,0.0,0.0,0.0,0.0,0.0,0.0,0.0,0.0,0.0,1.0,0.0
10,10,0.0,0.0,0.0,0.0,0.0,0.0,0.0,0.0,0.0,0.0,1.0,0.0
10,10,0.0,0.0,0.0,0.0,0.0,0.0,0.0,0.0,0.0,0.0,1.0,0.0
10,10,0.0,0.0,0.0,0.0,0.0,0.0,0.0,0.0,0.0,0.0,1.0,0.0
10,10,0.0,0.0,0.0,0.0,0.0,0.0,0.0,0.0,0.0,0.0,1.0,0.0
10,10,0.0,0.0,0.0,0.0,0.0,0.0,0.0,0.0,0.0,0.0,1.0,0.0
10,10,0.0,0.0,0.0,0.0,0.0,0.0,0.0,0.0,0.0,0.0,1.0,0.0
10,10,0.0,0.0,0.0,0.0,0.0,0.0,0.0,0.0,0.0,0.0,1.0,0.0
10,10,0.0,0.0,0.0,0.0,0.0,0.0,0.0,0.0,0.0,0.0,1.0,0.0
10,10,0.0,0.0,0.0,0.0,0.0,0.0,0.0,0.0,0.0,0.0,1.0,0.0
10,10,0.0,0.0,0.0,0.0,0.0,0.0,0.0,0.0,0.0,0.0,1.0,0.0
10,10,0.0,0.0,0.0,0.0,0.0,0.0,0.0,0.0,0.0,0.0,1.0,0.0
10,10,0.0,0.0,0.0,0.0,0.0,0.0,0.0,0.0,0.0,0.0,1.0,0.0
10,10,0.0,0.0,0.0,0.0,0.0,0.0,0.0,0.0,0.0,0.0,1.0,0.0
10,10,0.0,0.0,0.0,0.0,0.0,0.0,0.0,0.0,0.0,0.0,1.0,0.0
10,10,0.0,0.0,0.0,0.0,0.0,0.0,0.0,0.0,0.0,0.0,1.0,0.0
10,10,0.0,0.0,0.0,0.0,0.0,0.0,0.0,0.0,0.0,0.0,1.0,0.0
10,10,0.0,0.0,0.0,0.0,0.0,0.0,0.0,0.0,0.0,0.0,1.0,0.0
10,10,0.0,0.0,0.0,0.0,0.0,0.0,0.0,0.0,0.0,0.0,1.0,0.0
10,10,0.0,0.0,0.0,0.0,0.0,0.0,0.0,0.0,0.0,0.0,1.0,0.0
10,10,0.0,0.0,0.0,0.0,0.0,0.0,0.0,0.0,0.0,0.0,1.0,0.0
10,10,0.0,0.0,0.0,0.0,0.0,0.0,0.0,0.0,0.0,0.0,1.0,0.0
10,10,0.0,0.0,0.0,0.0,0.0,0.0,0.0,0.0,0.0,0.0,1.0,0.0
10,10,0.0,0.0,0.0,0.0,0.0,0.0,0.0,0.0,0.0,0.0,1.0,0.0
10,10,0.0,0.0,0.0,0.0,0.0,0.0,0.0,0.0,0.0,0.0,1.0,0.0
10,10,0.0,0.0,0.0,0.0,0.0,0.0,0.0,0.0,0.0,0.0,1.0,0.0
10,10,0.0,0.0,0.0,0.0,0.0,0.0,0.0,0.0,0.0,0.0,1.0,0.0
10,10,0.0,0.0,0.0,0.0,0.0,0.0,0.0,0.0,0.0,0.0,1.0,0.0
10,10,0.0,0.0,0.0,0.0,0.0,0.0,0.0,0.0,0.0,0.0,1.0,0.0
10,10,0.0,0.0,0.0,0.0,0.0,0.0,0.0,0.0,0.0,0.0,1.0,0.0
10,10,0.0,0.0,0.0,0.0,0.0,0.0,0.0,0.0,0.0,0.0,1.0,0.0
10,10,0.0,0.0,0.0,0.0,0.0,0.0,0.0,0.0,0.0,0.0,1.0,0.0
10,10,0.0,0.0,0.0,0.0,0.0,0.0,0.0,0.0,0.0,0.0,1.0,0.0
10,10,0.0,0.0,0.0,0.0,0.0,0.0,0.0,0.0,0.0,0.0,1.0,0.0
10,10,0.0,0.0,0.0,0.0,0.0,0.0,0.0,0.0,0.0,0.0,1.0,0.0
10,10,0.0,0.0,0.0,0.0,0.0,0.0,0.0,0.0,0.0,0.0,1.0,0.0
10,10,0.0,0.0,0.0,0.0,0.0,0.0,0.0,0.0,0.0,0.0,1.0,0.0
10,10,0.0,0.0,0.0,0.0,0.0,0.0,0.0,0.0,0.0,0.0,1.0,0.0
10,10,0.0,0.0,0.0,0.0,0.0,0.0,0.0,0.0,0.0,0.0,1.0,0.0
10,10,0.0,0.0,0.0,0.0,0.0,0.0,0.0,0.0,0.0,0.0,1.0,0.0
10,10,0.0,0.0,0.0,0.0,0.0,0.0,0.0,0.0,0.0,0.0,1.0,0.0
10,10,0.0,0.0,0.0,0.0,0.0,0.0,0.0,0.0,0.0,0.0,1.0,0.0
10,10,0.0,0.0,0.0,0.0,0.0,0.0,0.0,0.0,0.0,0.0,1.0,0.0
10,10,0.0,0.0,0.0,0.0,0.0,0.0,0.0,0.0,0.0,0.0,1.0,0.0
10,10,0.0,0.0,0.0,0.0,0.0,0.0,0.0,0.0,0.0,0.0,1.0,0.0
10,10,0.0,0.0,0.0,0.0,0.0,0.0,0.0,0.0,0.0,0.0,1.0,0.0
10,10,0.0,0.0,0.0,0.0,0.0,0.0,0.0,0.0,0.0,0.0,1.0,0.0
10,10,0.0,0.0,0.0,0.0,0.0,0.0,0.0,0.0,0.0,0.0,1.0,0.0
10,10,0.0,0.0,0.0,0.0,0.0,0.0,0.0,0.0,0.0,0.0,1.0,0.0
10,10,0.0,0.0,0.0,0.0,0.0,0.0,0.0,0.0,0.0,0.0,1.0,0.0
10,10,0.0,0.0,0.0,0.0,0.0,0.0,0.0,0.0,0.0,0.0,1.0,0.0
10,10,0.0,0.0,0.0,0.0,0.0,0.0,0.0,0.0,0.0,0.0,1.0,0.0
10,10,0.0,0.0,0.0,0.0,0.0,0.0,0.0,0.0,0.0,0.0,1.0,0.0
10,10,0.0,0.0,0.0,0.0,0.0,0.0,0.0,0.0,0.0,0.0,1.0,0.0
10,10,0.0,0.0,0.0,0.0,0.0,0.0,0.0,0.0,0.0,0.0,1.0,0.0
10,10,0.0,0.0,0.0,0.0,0.0,0.0,0.0,0.0,0.0,0.0,1.0,0.0
10,10,0.0,0.0,0.0,0.0,0.0,0.0,0.0,0.0,0.0,0.0,1.0,0.0
10,10,0.0,0.0,0.0,0.0,0.0,0.0,0.0,0.0,0.0,0.0,1.0,0.0
10,10,0.0,0.0,0.0,0.0,0.0,0.0,0.0,0.0,0.0,0.0,1.0,0.0
10,10,0.0,0.0,0.0,0.0,0.0,0.0,0.0,0.0,0.0,0.0,1.0,0.0
10,10,0.0,0.0,0.0,0.0,0.0,0.0,0.0,0.0,0.0,0.0,1.0,0.0
10,10,0.0,0.0,0.0,0.0,0.0,0.0,0.0,0.0,0.0,0.0,1.0,0.0
10,10,0.0,0.0,0.0,0.0,0.0,0.0,0.0,0.0,0.0,0.0,1.0,0.0
10,10,0.0,0.0,0.0,0.0,0.0,0.0,0.0,0.0,0.0,0.0,1.0,0.0
10,10,0.0,0.0,0.0,0.0,0.0,0.0,0.0,0.0,0.0,0.0,1.0,0.0
10,10,0.0,0.0,0.0,0.0,0.0,0.0,0.0,0.0,0.0,0.0,1.0,0.0
10,10,0.0,0.0,0.0,0.0,0.0,0.0,0.0,0.0,0.0,0.0,1.0,0.0
10,10,0.0,0.0,0.0,0.0,0.0,0.0,0.0,0.0,0.0,0.0,1.0,0.0
10,10,0.0,0.0,0.0,0.0,0.0,0.0,0.0,0.0,0.0,0.0,1.0,0.0
10,10,0.0,0.0,0.0,0.0,0.0,0.0,0.0,0.0,0.0,0.0,1.0,0.0
10,10,0.0,0.0,0.0,0.0,0.0,0.0,0.0,0.0,0.0,0.0,1.0,0.0
10,10,0.0,0.0,0.0,0.0,0.0,0.0,0.0,0.0,0.0,0.0,1.0,0.0
10,10,0.0,0.0,0.0,0.0,0.0,0.0,0.0,0.0,0.0,0.0,1.0,0.0
10,10,0.0,0.0,0.0,0.0,0.0,0.0,0.0,0.0,0.0,0.0,1.0,0.0
10,10,0.0,0.0,0.0,0.0,0.0,0.0,0.0,0.0,0.0,0.0,1.0,0.0
10,10,0.0,0.0,0.0,0.0,0.0,0.0,0.0,0.0,0.0,0.0,1.0,0.0
10,10,0.0,0.0,0.0,0.0,0.0,0.0,0.0,0.0,0.0,0.0,1.0,0.0
10,10,0.0,0.0,0.0,0.0,0.0,0.0,0.0,0.0,0.0,0.0,1.0,0.0
10,10,0.0,0.0,0.0,0.0,0.0,0.0,0.0,0.0,0.0,0.0,1.0,0.0
10,10,0.0,0.0,0.0,0.0,0.0,0.0,0.0,0.0,0.0,0.0,1.0,0.0
10,10,0.0,0.0,0.0,0.0,0.0,0.0,0.0,0.0,0.0,0.0,1.0,0.0
10,10,0.0,0.0,0.0,0.0,0.0,0.0,0.0,0.0,0.0,0.0,1.0,0.0
10,10,0.0,0.0,0.0,0.0,0.0,0.0,0.0,0.0,0.0,0.0,1.0,0.0
10,10,0.0,0.0,0.0,0.0,0.0,0.0,0.0,0.0,0.0,0.0,1.0,0.0
10,10,0.0,0.0,0.0,0.0,0.0,0.0,0.0,0.0,0.0,0.0,1.0,0.0
10,10,0.0,0.0,0.0,0.0,0.0,0.0,0.0,0.0,0.0,0.0,1.0,0.0
10,10,0.0,0.0,0.0,0.0,0.0,0.0,0.0,0.0,0.0,0.0,1.0,0.0
10,10,0.0,0.0,0.0,0.0,0.0,0.0,0.0,0.0,0.0,0.0,1.0,0.0
10,10,0.0,0.0,0.0,0.0,0.0,0.0,0.0,0.0,0.0,0.0,1.0,0.0
10,10,0.0,0.0,0.0,0.0,0.0,0.0,0.0,0.0,0.0,0.0,1.0,0.0
10,10,0.0,0.0,0.0,0.0,0.0,0.0,0.0,0.0,0.0,0.0,1.0,0.0
10,10,0.0,0.0,0.0,0.0,0.0,0.0,0.0,0.0,0.0,0.0,1.0,0.0
10,10,0.0,0.0,0.0,0.0,0.0,0.0,0.0,0.0,0.0,0.0,1.0,0.0
10,10,0.0,0.0,0.0,0.0,0.0,0.0,0.0,0.0,0.0,0.0,1.0,0.0
10,10,0.0,0.0,0.0,0.0,0.0,0.0,0.0,0.0,0.0,0.0,1.0,0.0
10,10,0.0,0.0,0.0,0.0,0.0,0.0,0.0,0.0,0.0,0.0,1.0,0.0
10,10,0.0,0.0,0.0,0.0,0.0,0.0,0.0,0.0,0.0,0.0,1.0,0.0
10,10,0.0,0.0,0.0,0.0,0.0,0.0,0.0,0.0,0.0,0.0,1.0,0.0
10,10,0.0,0.0,0.0,0.0,0.0,0.0,0.0,0.0,0.0,0.0,1.0,0.0
10,10,0.0,0.0,0.0,0.0,0.0,0.0,0.0,0.0,0.0,0.0,1.0,0.0
10,10,0.0,0.0,0.0,0.0,0.0,0.0,0.0,0.0,0.0,0.0,1.0,0.0
10,10,0.0,0.0,0.0,0.0,0.0,0.0,0.0,0.0,0.0,0.0,1.0,0.0
10,10,0.0,0.0,0.0,0.0,0.0,0.0,0.0,0.0,0.0,0.0,1.0,0.0
10,10,0.0,0.0,0.0,0.0,0.0,0.0,0.0,0.0,0.0,0.0,1.0,0.0
10,10,0.0,0.0,0.0,0.0,0.0,0.0,0.0,0.0,0.0,0.0,1.0,0.0
10,10,0.0,0.0,0.0,0.0,0.0,0.0,0.0,0.0,0.0,0.0,1.0,0.0
10,10,0.0,0.0,0.0,0.0,0.0,0.0,0.0,0.0,0.0,0.0,1.0,0.0
10,10,0.0,0.0,0.0,0.0,0.0,0.0,0.0,0.0,0.0,0.0,1.0,0.0
10,10,0.0,0.0,0.0,0.0,0.0,0.0,0.0,0.0,0.0,0.0,1.0,0.0
10,10,0.0,0.0,0.0,0.0,0.0,0.0,0.0,0.0,0.0,0.0,1.0,0.0
10,10,0.0,0.0,0.0,0.0,0.0,0.0,0.0,0.0,0.0,0.0,1.0,0.0
10,10,0.0,0.0,0.0,0.0,0.0,0.0,0.0,0.0,0.0,0.0,1.0,0.0
10,10,0.0,0.0,0.0,0.0,0.0,0.0,0.0,0.0,0.0,0.0,1.0,0.0
10,10,0.0,0.0,0.0,0.0,0.0,0.0,0.0,0.0,0.0,0.0,1.0,0.0
10,10,0.0,0.0,0.0,0.0,0.0,0.0,0.0,0.0,0.0,0.0,1.0,0.0
10,10,0.0,0.0,0.0,0.0,0.0,0.0,0.0,0.0,0.0,0.0,1.0,0.0
10,10,0.0,0.0,0.0,0.0,0.0,0.0,0.0,0.0,0.0,0.0,1.0,0.0
10,10,0.0,0.0,0.0,0.0,0.0,0.0,0.0,0.0,0.0,0.0,1.0,0.0
10,10,0.0,0.0,0.0,0.0,0.0,0.0,0.0,0.0,0.0,0.0,1.0,0.0
10,10,0.0,0.0,0.0,0.0,0.0,0.0,0.0,0.0,0.0,0.0,1.0,0.0
10,10,0.0,0.0,0.0,0.0,0.0,0.0,0.0,0.0,0.0,0.0,1.0,0.0
10,10,0.0,0.0,0.0,0.0,0.0,0.0,0.0,0.0,0.0,0.0,1.0,0.0
10,10,0.0,0.0,0.0,0.0,0.0,0.0,0.0,0.0,0.0,0.0,1.0,0.0
10,10,0.0,0.0,0.0,0.0,0.0,0.0,0.0,0.0,0.0,0.0,1.0,0.0
10,10,0.0,0.0,0.0,0.0,0.0,0.0,0.0,0.0,0.0,0.0,1.0,0.0
10,10,0.0,0.0,0.0,0.0,0.0,0.0,0.0,0.0,0.0,0.0,1.0,0.0
10,10,0.0,0.0,0.0,0.0,0.0,0.0,0.0,0.0,0.0,0.0,1.0,0.0
10,10,0.0,0.0,0.0,0.0,0.0,0.0,0.0,0.0,0.0,0.0,1.0,0.0
10,10,0.0,0.0,0.0,0.0,0.0,0.0,0.0,0.0,0.0,0.0,1.0,0.0
10,10,0.0,0.0,0.0,0.0,0.0,0.0,0.0,0.0,0.0,0.0,1.0,0.0
10,10,0.0,0.0,0.0,0.0,0.0,0.0,0.0,0.0,0.0,0.0,1.0,0.0
10,10,0.0,0.0,0.0,0.0,0.0,0.0,0.0,0.0,0.0,0.0,1.0,0.0
10,10,0.0,0.0,0.0,0.0,0.0,0.0,0.0,0.0,0.0,0.0,1.0,0.0
10,10,0.0,0.0,0.0,0.0,0.0,0.0,0.0,0.0,0.0,0.0,1.0,0.0
10,10,0.0,0.0,0.0,0.0,0.0,0.0,0.0,0.0,0.0,0.0,1.0,0.0
10,10,0.0,0.0,0.0,0.0,0.0,0.0,0.0,0.0,0.0,0.0,1.0,0.0
10,10,0.0,0.0,0.0,0.0,0.0,0.0,0.0,0.0,0.0,0.0,1.0,0.0
10,10,0.0,0.0,0.0,0.0,0.0,0.0,0.0,0.0,0.0,0.0,1.0,0.0
10,10,0.0,0.0,0.0,0.0,0.0,0.0,0.0,0.0,0.0,0.0,1.0,0.0
10,10,0.0,0.0,0.0,0.0,0.0,0.0,0.0,0.0,0.0,0.0,1.0,0.0
10,10,0.0,0.0,0.0,0.0,0.0,0.0,0.0,0.0,0.0,0.0,1.0,0.0
10,10,0.0,0.0,0.0,0.0,0.0,0.0,0.0,0.0,0.0,0.0,1.0,0.0
10,10,0.0,0.0,0.0,0.0,0.0,0.0,0.0,0.0,0.0,0.0,1.0,0.0
10,10,0.0,0.0,0.0,0.0,0.0,0.0,0.0,0.0,0.0,0.0,1.0,0.0
10,10,0.0,0.0,0.0,0.0,0.0,0.0,0.0,0.0,0.0,0.0,1.0,0.0
10,10,0.0,0.0,0.0,0.0,0.0,0.0,0.0,0.0,0.0,0.0,1.0,0.0
10,10,0.0,0.0,0.0,0.0,0.0,0.0,0.0,0.0,0.0,0.0,1.0,0.0
10,10,0.0,0.0,0.0,0.0,0.0,0.0,0.0,0.0,0.0,0.0,1.0,0.0
10,10,0.0,0.0,0.0,0.0,0.0,0.0,0.0,0.0,0.0,0.0,1.0,0.0
10,10,0.0,0.0,0.0,0.0,0.0,0.0,0.0,0.0,0.0,0.0,1.0,0.0
10,10,0.0,0.0,0.0,0.0,0.0,0.0,0.0,0.0,0.0,0.0,1.0,0.0
10,10,0.0,0.0,0.0,0.0,0.0,0.0,0.0,0.0,0.0,0.0,1.0,0.0
10,10,0.0,0.0,0.0,0.0,0.0,0.0,0.0,0.0,0.0,0.0,1.0,0.0
10,10,0.0,0.0,0.0,0.0,0.0,0.0,0.0,0.0,0.0,0.0,1.0,0.0
10,10,0.0,0.0,0.0,0.0,0.0,0.0,0.0,0.0,0.0,0.0,1.0,0.0
10,10,0.0,0.0,0.0,0.0,0.0,0.0,0.0,0.0,0.0,0.0,1.0,0.0
10,10,0.0,0.0,0.0,0.0,0.0,0.0,0.0,0.0,0.0,0.0,1.0,0.0
10,10,0.0,0.0,0.0,0.0,0.0,0.0,0.0,0.0,0.0,0.0,1.0,0.0
10,10,0.0,0.0,0.0,0.0,0.0,0.0,0.0,0.0,0.0,0.0,1.0,0.0
10,10,0.0,0.0,0.0,0.0,0.0,0.0,0.0,0.0,0.0,0.0,1.0,0.0
10,10,0.0,0.0,0.0,0.0,0.0,0.0,0.0,0.0,0.0,0.0,1.0,0.0
10,10,0.0,0.0,0.0,0.0,0.0,0.0,0.0,0.0,0.0,0.0,1.0,0.0
10,10,0.0,0.0,0.0,0.0,0.0,0.0,0.0,0.0,0.0,0.0,1.0,0.0
10,10,0.0,0.0,0.0,0.0,0.0,0.0,0.0,0.0,0.0,0.0,1.0,0.0
10,10,0.0,0.0,0.0,0.0,0.0,0.0,0.0,0.0,0.0,0.0,1.0,0.0
10,10,0.0,0.0,0.0,0.0,0.0,0.0,0.0,0.0,0.0,0.0,1.0,0.0
10,10,0.0,0.0,0.0,0.0,0.0,0.0,0.0,0.0,0.0,0.0,1.0,0.0
10,10,0.0,0.0,0.0,0.0,0.0,0.0,0.0,0.0,0.0,0.0,1.0,0.0
10,10,0.0,0.0,0.0,0.0,0.0,0.0,0.0,0.0,0.0,0.0,1.0,0.0
10,10,0.0,0.0,0.0,0.0,0.0,0.0,0.0,0.0,0.0,0.0,1.0,0.0
10,10,0.0,0.0,0.0,0.0,0.0,0.0,0.0,0.0,0.0,0.0,1.0,0.0
10,10,0.0,0.0,0.0,0.0,0.0,0.0,0.0,0.0,0.0,0.0,1.0,0.0
10,10,0.0,0.0,0.0,0.0,0.0,0.0,0.0,0.0,0.0,0.0,1.0,0.0
10,10,0.0,0.0,0.0,0.0,0.0,0.0,0.0,0.0,0.0,0.0,1.0,0.0
10,10,0.0,0.0,0.0,0.0,0.0,0.0,0.0,0.0,0.0,0.0,1.0,0.0
10,10,0.0,0.0,0.0,0.0,0.0,0.0,0.0,0.0,0.0,0.0,1.0,0.0
10,10,0.0,0.0,0.0,0.0,0.0,0.0,0.0,0.0,0.0,0.0,1.0,0.0
10,10,0.0,0.0,0.0,0.0,0.0,0.0,0.0,0.0,0.0,0.0,1.0,0.0
10,10,0.0,0.0,0.0,0.0,0.0,0.0,0.0,0.0,0.0,0.0,1.0,0.0
10,10,0.0,0.0,0.0,0.0,0.0,0.0,0.0,0.0,0.0,0.0,1.0,0.0
10,10,0.0,0.0,0.0,0.0,0.0,0.0,0.0,0.0,0.0,0.0,1.0,0.0
10,10,0.0,0.0,0.0,0.0,0.0,0.0,0.0,0.0,0.0,0.0,1.0,0.0
10,10,0.0,0.0,0.0,0.0,0.0,0.0,0.0,0.0,0.0,0.0,1.0,0.0
10,10,0.0,0.0,0.0,0.0,0.0,0.0,0.0,0.0,0.0,0.0,1.0,0.0
10,10,0.0,0.0,0.0,0.0,0.0,0.0,0.0,0.0,0.0,0.0,1.0,0.0
10,10,0.0,0.0,0.0,0.0,0.0,0.0,0.0,0.0,0.0,0.0,1.0,0.0
10,10,0.0,0.0,0.0,0.0,0.0,0.0,0.0,0.0,0.0,0.0,1.0,0.0
10,10,0.0,0.0,0.0,0.0,0.0,0.0,0.0,0.0,0.0,0.0,1.0,0.0
10,10,0.0,0.0,0.0,0.0,0.0,0.0,0.0,0.0,0.0,0.0,1.0,0.0
10,10,0.0,0.0,0.0,0.0,0.0,0.0,0.0,0.0,0.0,0.0,1.0,0.0
10,10,0.0,0.0,0.0,0.0,0.0,0.0,0.0,0.0,0.0,0.0,1.0,0.0
10,10,0.0,0.0,0.0,0.0,0.0,0.0,0.0,0.0,0.0,0.0,1.0,0.0
10,10,0.0,0.0,0.0,0.0,0.0,0.0,0.0,0.0,0.0,0.0,1.0,0.0
10,10,0.0,0.0,0.0,0.0,0.0,0.0,0.0,0.0,0.0,0.0,1.0,0.0
10,10,0.0,0.0,0.0,0.0,0.0,0.0,0.0,0.0,0.0,0.0,1.0,0.0
10,10,0.0,0.0,0.0,0.0,0.0,0.0,0.0,0.0,0.0,0.0,1.0,0.0
10,10,0.0,0.0,0.0,0.0,0.0,0.0,0.0,0.0,0.0,0.0,1.0,0.0
10,10,0.0,0.0,0.0,0.0,0.0,0.0,0.0,0.0,0.0,0.0,1.0,0.0
10,10,0.0,0.0,0.0,0.0,0.0,0.0,0.0,0.0,0.0,0.0,1.0,0.0
10,10,0.0,0.0,0.0,0.0,0.0,0.0,0.0,0.0,0.0,0.0,1.0,0.0
10,10,0.0,0.0,0.0,0.0,0.0,0.0,0.0,0.0,0.0,0.0,1.0,0.0
10,10,0.0,0.0,0.0,0.0,0.0,0.0,0.0,0.0,0.0,0.0,1.0,0.0
10,10,0.0,0.0,0.0,0.0,0.0,0.0,0.0,0.0,0.0,0.0,1.0,0.0
10,10,0.0,0.0,0.0,0.0,0.0,0.0,0.0,0.0,0.0,0.0,1.0,0.0
10,10,0.0,0.0,0.0,0.0,0.0,0.0,0.0,0.0,0.0,0.0,1.0,0.0
10,10,0.0,0.0,0.0,0.0,0.0,0.0,0.0,0.0,0.0,0.0,1.0,0.0
10,10,0.0,0.0,0.0,0.0,0.0,0.0,0.0,0.0,0.0,0.0,1.0,0.0
10,10,0.0,0.0,0.0,0.0,0.0,0.0,0.0,0.0,0.0,0.0,1.0,0.0
10,10,0.0,0.0,0.0,0.0,0.0,0.0,0.0,0.0,0.0,0.0,1.0,0.0
10,10,0.0,0.0,0.0,0.0,0.0,0.0,0.0,0.0,0.0,0.0,1.0,0.0
10,10,0.0,0.0,0.0,0.0,0.0,0.0,0.0,0.0,0.0,0.0,1.0,0.0
10,10,0.0,0.0,0.0,0.0,0.0,0.0,0.0,0.0,0.0,0.0,1.0,0.0
10,10,0.0,0.0,0.0,0.0,0.0,0.0,0.0,0.0,0.0,0.0,1.0,0.0
10,10,0.0,0.0,0.0,0.0,0.0,0.0,0.0,0.0,0.0,0.0,1.0,0.0
10,10,0.0,0.0,0.0,0.0,0.0,0.0,0.0,0.0,0.0,0.0,1.0,0.0
10,10,0.0,0.0,0.0,0.0,0.0,0.0,0.0,0.0,0.0,0.0,1.0,0.0
10,10,0.0,0.0,0.0,0.0,0.0,0.0,0.0,0.0,0.0,0.0,1.0,0.0
10,10,0.0,0.0,0.0,0.0,0.0,0.0,0.0,0.0,0.0,0.0,1.0,0.0
10,10,0.0,0.0,0.0,0.0,0.0,0.0,0.0,0.0,0.0,0.0,1.0,0.0
10,10,0.0,0.0,0.0,0.0,0.0,0.0,0.0,0.0,0.0,0.0,1.0,0.0
10,10,0.0,0.0,0.0,0.0,0.0,0.0,0.0,0.0,0.0,0.0,1.0,0.0
10,10,0.0,0.0,0.0,0.0,0.0,0.0,0.0,0.0,0.0,0.0,1.0,0.0
10,10,0.0,0.0,0.0,0.0,0.0,0.0,0.0,0.0,0.0,0.0,1.0,0.0
10,10,0.0,0.0,0.0,0.0,0.0,0.0,0.0,0.0,0.0,0.0,1.0,0.0
10,10,0.0,0.0,0.0,0.0,0.0,0.0,0.0,0.0,0.0,0.0,1.0,0.0
10,10,0.0,0.0,0.0,0.0,0.0,0.0,0.0,0.0,0.0,0.0,1.0,0.0
10,10,0.0,0.0,0.0,0.0,0.0,0.0,0.0,0.0,0.0,0.0,1.0,0.0
10,10,0.0,0.0,0.0,0.0,0.0,0.0,0.0,0.0,0.0,0.0,1.0,0.0
10,10,0.0,0.0,0.0,0.0,0.0,0.0,0.0,0.0,0.0,0.0,1.0,0.0
10,10,0.0,0.0,0.0,0.0,0.0,0.0,0.0,0.0,0.0,0.0,1.0,0.0
10,10,0.0,0.0,0.0,0.0,0.0,0.0,0.0,0.0,0.0,0.0,1.0,0.0
10,10,0.0,0.0,0.0,0.0,0.0,0.0,0.0,0.0,0.0,0.0,1.0,0.0
10,10,0.0,0.0,0.0,0.0,0.0,0.0,0.0,0.0,0.0,0.0,1.0,0.0
10,10,0.0,0.0,0.0,0.0,0.0,0.0,0.0,0.0,0.0,0.0,1.0,0.0
10,10,0.0,0.0,0.0,0.0,0.0,0.0,0.0,0.0,0.0,0.0,1.0,0.0
10,10,0.0,0.0,0.0,0.0,0.0,0.0,0.0,0.0,0.0,0.0,1.0,0.0
10,10,0.0,0.0,0.0,0.0,0.0,0.0,0.0,0.0,0.0,0.0,1.0,0.0
10,10,0.0,0.0,0.0,0.0,0.0,0.0,0.0,0.0,0.0,0.0,1.0,0.0
10,10,0.0,0.0,0.0,0.0,0.0,0.0,0.0,0.0,0.0,0.0,1.0,0.0
10,10,0.0,0.0,0.0,0.0,0.0,0.0,0.0,0.0,0.0,0.0,1.0,0.0
10,10,0.0,0.0,0.0,0.0,0.0,0.0,0.0,0.0,0.0,0.0,1.0,0.0
10,10,0.0,0.0,0.0,0.0,0.0,0.0,0.0,0.0,0.0,0.0,1.0,0.0
10,10,0.0,0.0,0.0,0.0,0.0,0.0,0.0,0.0,0.0,0.0,1.0,0.0
10,10,0.0,0.0,0.0,0.0,0.0,0.0,0.0,0.0,0.0,0.0,1.0,0.0
10,10,0.0,0.0,0.0,0.0,0.0,0.0,0.0,0.0,0.0,0.0,1.0,0.0
10,10,0.0,0.0,0.0,0.0,0.0,0.0,0.0,0.0,0.0,0.0,1.0,0.0
10,10,0.0,0.0,0.0,0.0,0.0,0.0,0.0,0.0,0.0,0.0,1.0,0.0
10,10,0.0,0.0,0.0,0.0,0.0,0.0,0.0,0.0,0.0,0.0,1.0,0.0
10,10,0.0,0.0,0.0,0.0,0.0,0.0,0.0,0.0,0.0,0.0,1.0,0.0
10,10,0.0,0.0,0.0,0.0,0.0,0.0,0.0,0.0,0.0,0.0,1.0,0.0
10,10,0.0,0.0,0.0,0.0,0.0,0.0,0.0,0.0,0.0,0.0,1.0,0.0
10,10,0.0,0.0,0.0,0.0,0.0,0.0,0.0,0.0,0.0,0.0,1.0,0.0
10,10,0.0,0.0,0.0,0.0,0.0,0.0,0.0,0.0,0.0,0.0,1.0,0.0
10,10,0.0,0.0,0.0,0.0,0.0,0.0,0.0,0.0,0.0,0.0,1.0,0.0
10,10,0.0,0.0,0.0,0.0,0.0,0.0,0.0,0.0,0.0,0.0,1.0,0.0
10,10,0.0,0.0,0.0,0.0,0.0,0.0,0.0,0.0,0.0,0.0,1.0,0.0
10,10,0.0,0.0,0.0,0.0,0.0,0.0,0.0,0.0,0.0,0.0,1.0,0.0
10,10,0.0,0.0,0.0,0.0,0.0,0.0,0.0,0.0,0.0,0.0,1.0,0.0
10,10,0.0,0.0,0.0,0.0,0.0,0.0,0.0,0.0,0.0,0.0,1.0,0.0
10,10,0.0,0.0,0.0,0.0,0.0,0.0,0.0,0.0,0.0,0.0,1.0,0.0
10,10,0.0,0.0,0.0,0.0,0.0,0.0,0.0,0.0,0.0,0.0,1.0,0.0
10,10,0.0,0.0,0.0,0.0,0.0,0.0,0.0,0.0,0.0,0.0,1.0,0.0
10,10,0.0,0.0,0.0,0.0,0.0,0.0,0.0,0.0,0.0,0.0,1.0,0.0
10,10,0.0,0.0,0.0,0.0,0.0,0.0,0.0,0.0,0.0,0.0,1.0,0.0
10,10,0.0,0.0,0.0,0.0,0.0,0.0,0.0,0.0,0.0,0.0,1.0,0.0
10,10,0.0,0.0,0.0,0.0,0.0,0.0,0.0,0.0,0.0,0.0,1.0,0.0
10,10,0.0,0.0,0.0,0.0,0.0,0.0,0.0,0.0,0.0,0.0,1.0,0.0
10,10,0.0,0.0,0.0,0.0,0.0,0.0,0.0,0.0,0.0,0.0,1.0,0.0
10,10,0.0,0.0,0.0,0.0,0.0,0.0,0.0,0.0,0.0,0.0,1.0,0.0
10,10,0.0,0.0,0.0,0.0,0.0,0.0,0.0,0.0,0.0,0.0,1.0,0.0
10,10,0.0,0.0,0.0,0.0,0.0,0.0,0.0,0.0,0.0,0.0,1.0,0.0
10,10,0.0,0.0,0.0,0.0,0.0,0.0,0.0,0.0,0.0,0.0,1.0,0.0
10,10,0.0,0.0,0.0,0.0,0.0,0.0,0.0,0.0,0.0,0.0,1.0,0.0
10,10,0.0,0.0,0.0,0.0,0.0,0.0,0.0,0.0,0.0,0.0,1.0,0.0
10,10,0.0,0.0,0.0,0.0,0.0,0.0,0.0,0.0,0.0,0.0,1.0,0.0
10,10,0.0,0.0,0.0,0.0,0.0,0.0,0.0,0.0,0.0,0.0,1.0,0.0
10,10,0.0,0.0,0.0,0.0,0.0,0.0,0.0,0.0,0.0,0.0,1.0,0.0
10,10,0.0,0.0,0.0,0.0,0.0,0.0,0.0,0.0,0.0,0.0,1.0,0.0
10,10,0.0,0.0,0.0,0.0,0.0,0.0,0.0,0.0,0.0,0.0,1.0,0.0
10,10,0.0,0.0,0.0,0.0,0.0,0.0,0.0,0.0,0.0,0.0,1.0,0.0
10,10,0.0,0.0,0.0,0.0,0.0,0.0,0.0,0.0,0.0,0.0,1.0,0.0
10,10,0.0,0.0,0.0,0.0,0.0,0.0,0.0,0.0,0.0,0.0,1.0,0.0
10,10,0.0,0.0,0.0,0.0,0.0,0.0,0.0,0.0,0.0,0.0,1.0,0.0
10,10,0.0,0.0,0.0,0.0,0.0,0.0,0.0,0.0,0.0,0.0,1.0,0.0
10,10,0.0,0.0,0.0,0.0,0.0,0.0,0.0,0.0,0.0,0.0,1.0,0.0
10,10,0.0,0.0,0.0,0.0,0.0,0.0,0.0,0.0,0.0,0.0,1.0,0.0
10,10,0.0,0.0,0.0,0.0,0.0,0.0,0.0,0.0,0.0,0.0,1.0,0.0
10,10,0.0,0.0,0.0,0.0,0.0,0.0,0.0,0.0,0.0,0.0,1.0,0.0
10,10,0.0,0.0,0.0,0.0,0.0,0.0,0.0,0.0,0.0,0.0,1.0,0.0
10,10,0.0,0.0,0.0,0.0,0.0,0.0,0.0,0.0,0.0,0.0,1.0,0.0
10,10,0.0,0.0,0.0,0.0,0.0,0.0,0.0,0.0,0.0,0.0,1.0,0.0
10,10,0.0,0.0,0.0,0.0,0.0,0.0,0.0,0.0,0.0,0.0,1.0,0.0
10,10,0.0,0.0,0.0,0.0,0.0,0.0,0.0,0.0,0.0,0.0,1.0,0.0
10,10,0.0,0.0,0.0,0.0,0.0,0.0,0.0,0.0,0.0,0.0,1.0,0.0
10,10,0.0,0.0,0.0,0.0,0.0,0.0,0.0,0.0,0.0,0.0,1.0,0.0
10,10,0.0,0.0,0.0,0.0,0.0,0.0,0.0,0.0,0.0,0.0,1.0,0.0
10,10,0.0,0.0,0.0,0.0,0.0,0.0,0.0,0.0,0.0,0.0,1.0,0.0
10,10,0.0,0.0,0.0,0.0,0.0,0.0,0.0,0.0,0.0,0.0,1.0,0.0
10,10,0.0,0.0,0.0,0.0,0.0,0.0,0.0,0.0,0.0,0.0,1.0,0.0
10,10,0.0,0.0,0.0,0.0,0.0,0.0,0.0,0.0,0.0,0.0,1.0,0.0
10,10,0.0,0.0,0.0,0.0,0.0,0.0,0.0,0.0,0.0,0.0,1.0,0.0
10,10,0.0,0.0,0.0,0.0,0.0,0.0,0.0,0.0,0.0,0.0,1.0,0.0
10,10,0.0,0.0,0.0,0.0,0.0,0.0,0.0,0.0,0.0,0.0,1.0,0.0
10,10,0.0,0.0,0.0,0.0,0.0,0.0,0.0,0.0,0.0,0.0,1.0,0.0
10,10,0.0,0.0,0.0,0.0,0.0,0.0,0.0,0.0,0.0,0.0,1.0,0.0
10,10,0.0,0.0,0.0,0.0,0.0,0.0,0.0,0.0,0.0,0.0,1.0,0.0
10,10,0.0,0.0,0.0,0.0,0.0,0.0,0.0,0.0,0.0,0.0,1.0,0.0
10,10,0.0,0.0,0.0,0.0,0.0,0.0,0.0,0.0,0.0,0.0,1.0,0.0
10,10,0.0,0.0,0.0,0.0,0.0,0.0,0.0,0.0,0.0,0.0,1.0,0.0
10,10,0.0,0.0,0.0,0.0,0.0,0.0,0.0,0.0,0.0,0.0,1.0,0.0
10,10,0.0,0.0,0.0,0.0,0.0,0.0,0.0,0.0,0.0,0.0,1.0,0.0
10,10,0.0,0.0,0.0,0.0,0.0,0.0,0.0,0.0,0.0,0.0,1.0,0.0
10,10,0.0,0.0,0.0,0.0,0.0,0.0,0.0,0.0,0.0,0.0,1.0,0.0
10,10,0.0,0.0,0.0,0.0,0.0,0.0,0.0,0.0,0.0,0.0,1.0,0.0
10,10,0.0,0.0,0.0,0.0,0.0,0.0,0.0,0.0,0.0,0.0,1.0,0.0
10,10,0.0,0.0,0.0,0.0,0.0,0.0,0.0,0.0,0.0,0.0,1.0,0.0
10,10,0.0,0.0,0.0,0.0,0.0,0.0,0.0,0.0,0.0,0.0,1.0,0.0
10,10,0.0,0.0,0.0,0.0,0.0,0.0,0.0,0.0,0.0,0.0,1.0,0.0
10,10,0.0,0.0,0.0,0.0,0.0,0.0,0.0,0.0,0.0,0.0,1.0,0.0
10,10,0.0,0.0,0.0,0.0,0.0,0.0,0.0,0.0,0.0,0.0,1.0,0.0
10,10,0.0,0.0,0.0,0.0,0.0,0.0,0.0,0.0,0.0,0.0,1.0,0.0
10,10,0.0,0.0,0.0,0.0,0.0,0.0,0.0,0.0,0.0,0.0,1.0,0.0
10,10,0.0,0.0,0.0,0.0,0.0,0.0,0.0,0.0,0.0,0.0,1.0,0.0
10,10,0.0,0.0,0.0,0.0,0.0,0.0,0.0,0.0,0.0,0.0,1.0,0.0
10,10,0.0,0.0,0.0,0.0,0.0,0.0,0.0,0.0,0.0,0.0,1.0,0.0
10,10,0.0,0.0,0.0,0.0,0.0,0.0,0.0,0.0,0.0,0.0,1.0,0.0
10,10,0.0,0.0,0.0,0.0,0.0,0.0,0.0,0.0,0.0,0.0,1.0,0.0
10,10,0.0,0.0,0.0,0.0,0.0,0.0,0.0,0.0,0.0,0.0,1.0,0.0
10,10,0.0,0.0,0.0,0.0,0.0,0.0,0.0,0.0,0.0,0.0,1.0,0.0
10,10,0.0,0.0,0.0,0.0,0.0,0.0,0.0,0.0,0.0,0.0,1.0,0.0
10,10,0.0,0.0,0.0,0.0,0.0,0.0,0.0,0.0,0.0,0.0,1.0,0.0
10,10,0.0,0.0,0.0,0.0,0.0,0.0,0.0,0.0,0.0,0.0,1.0,0.0
10,10,0.0,0.0,0.0,0.0,0.0,0.0,0.0,0.0,0.0,0.0,1.0,0.0
10,10,0.0,0.0,0.0,0.0,0.0,0.0,0.0,0.0,0.0,0.0,1.0,0.0
10,10,0.0,0.0,0.0,0.0,0.0,0.0,0.0,0.0,0.0,0.0,1.0,0.0
10,10,0.0,0.0,0.0,0.0,0.0,0.0,0.0,0.0,0.0,0.0,1.0,0.0
10,10,0.0,0.0,0.0,0.0,0.0,0.0,0.0,0.0,0.0,0.0,1.0,0.0
10,10,0.0,0.0,0.0,0.0,0.0,0.0,0.0,0.0,0.0,0.0,1.0,0.0
10,10,0.0,0.0,0.0,0.0,0.0,0.0,0.0,0.0,0.0,0.0,1.0,0.0
10,10,0.0,0.0,0.0,0.0,0.0,0.0,0.0,0.0,0.0,0.0,1.0,0.0
10,10,0.0,0.0,0.0,0.0,0.0,0.0,0.0,0.0,0.0,0.0,1.0,0.0
10,10,0.0,0.0,0.0,0.0,0.0,0.0,0.0,0.0,0.0,0.0,1.0,0.0
10,10,0.0,0.0,0.0,0.0,0.0,0.0,0.0,0.0,0.0,0.0,1.0,0.0
10,10,0.0,0.0,0.0,0.0,0.0,0.0,0.0,0.0,0.0,0.0,1.0,0.0
10,10,0.0,0.0,0.0,0.0,0.0,0.0,0.0,0.0,0.0,0.0,1.0,0.0
10,10,0.0,0.0,0.0,0.0,0.0,0.0,0.0,0.0,0.0,0.0,1.0,0.0
10,10,0.0,0.0,0.0,0.0,0.0,0.0,0.0,0.0,0.0,0.0,1.0,0.0
10,10,0.0,0.0,0.0,0.0,0.0,0.0,0.0,0.0,0.0,0.0,1.0,0.0
10,10,0.0,0.0,0.0,0.0,0.0,0.0,0.0,0.0,0.0,0.0,1.0,0.0
10,10,0.0,0.0,0.0,0.0,0.0,0.0,0.0,0.0,0.0,0.0,1.0,0.0
10,10,0.0,0.0,0.0,0.0,0.0,0.0,0.0,0.0,0.0,0.0,1.0,0.0
10,10,0.0,0.0,0.0,0.0,0.0,0.0,0.0,0.0,0.0,0.0,1.0,0.0
10,10,0.0,0.0,0.0,0.0,0.0,0.0,0.0,0.0,0.0,0.0,1.0,0.0
10,10,0.0,0.0,0.0,0.0,0.0,0.0,0.0,0.0,0.0,0.0,1.0,0.0
10,10,0.0,0.0,0.0,0.0,0.0,0.0,0.0,0.0,0.0,0.0,1.0,0.0
10,10,0.0,0.0,0.0,0.0,0.0,0.0,0.0,0.0,0.0,0.0,1.0,0.0
10,10,0.0,0.0,0.0,0.0,0.0,0.0,0.0,0.0,0.0,0.0,1.0,0.0
10,10,0.0,0.0,0.0,0.0,0.0,0.0,0.0,0.0,0.0,0.0,1.0,0.0
10,10,0.0,0.0,0.0,0.0,0.0,0.0,0.0,0.0,0.0,0.0,1.0,0.0
10,10,0.0,0.0,0.0,0.0,0.0,0.0,0.0,0.0,0.0,0.0,1.0,0.0
10,10,0.0,0.0,0.0,0.0,0.0,0.0,0.0,0.0,0.0,0.0,1.0,0.0
10,10,0.0,0.0,0.0,0.0,0.0,0.0,0.0,0.0,0.0,0.0,1.0,0.0
10,10,0.0,0.0,0.0,0.0,0.0,0.0,0.0,0.0,0.0,0.0,1.0,0.0
10,10,0.0,0.0,0.0,0.0,0.0,0.0,0.0,0.0,0.0,0.0,1.0,0.0
10,10,0.0,0.0,0.0,0.0,0.0,0.0,0.0,0.0,0.0,0.0,1.0,0.0
10,10,0.0,0.0,0.0,0.0,0.0,0.0,0.0,0.0,0.0,0.0,1.0,0.0
10,10,0.0,0.0,0.0,0.0,0.0,0.0,0.0,0.0,0.0,0.0,1.0,0.0
10,10,0.0,0.0,0.0,0.0,0.0,0.0,0.0,0.0,0.0,0.0,1.0,0.0
10,10,0.0,0.0,0.0,0.0,0.0,0.0,0.0,0.0,0.0,0.0,1.0,0.0
10,10,0.0,0.0,0.0,0.0,0.0,0.0,0.0,0.0,0.0,0.0,1.0,0.0
10,10,0.0,0.0,0.0,0.0,0.0,0.0,0.0,0.0,0.0,0.0,1.0,0.0
10,10,0.0,0.0,0.0,0.0,0.0,0.0,0.0,0.0,0.0,0.0,1.0,0.0
10,10,0.0,0.0,0.0,0.0,0.0,0.0,0.0,0.0,0.0,0.0,1.0,0.0
10,10,0.0,0.0,0.0,0.0,0.0,0.0,0.0,0.0,0.0,0.0,1.0,0.0
10,10,0.0,0.0,0.0,0.0,0.0,0.0,0.0,0.0,0.0,0.0,1.0,0.0
10,10,0.0,0.0,0.0,0.0,0.0,0.0,0.0,0.0,0.0,0.0,1.0,0.0
10,10,0.0,0.0,0.0,0.0,0.0,0.0,0.0,0.0,0.0,0.0,1.0,0.0
10,10,0.0,0.0,0.0,0.0,0.0,0.0,0.0,0.0,0.0,0.0,1.0,0.0
10,10,0.0,0.0,0.0,0.0,0.0,0.0,0.0,0.0,0.0,0.0,1.0,0.0
10,10,0.0,0.0,0.0,0.0,0.0,0.0,0.0,0.0,0.0,0.0,1.0,0.0
10,10,0.0,0.0,0.0,0.0,0.0,0.0,0.0,0.0,0.0,0.0,1.0,0.0
10,10,0.0,0.0,0.0,0.0,0.0,0.0,0.0,0.0,0.0,0.0,1.0,0.0
10,10,0.0,0.0,0.0,0.0,0.0,0.0,0.0,0.0,0.0,0.0,1.0,0.0
10,10,0.0,0.0,0.0,0.0,0.0,0.0,0.0,0.0,0.0,0.0,1.0,0.0
10,10,0.0,0.0,0.0,0.0,0.0,0.0,0.0,0.0,0.0,0.0,1.0,0.0
10,10,0.0,0.0,0.0,0.0,0.0,0.0,0.0,0.0,0.0,0.0,1.0,0.0
10,10,0.0,0.0,0.0,0.0,0.0,0.0,0.0,0.0,0.0,0.0,1.0,0.0
10,10,0.0,0.0,0.0,0.0,0.0,0.0,0.0,0.0,0.0,0.0,1.0,0.0
10,10,0.0,0.0,0.0,0.0,0.0,0.0,0.0,0.0,0.0,0.0,1.0,0.0
10,10,0.0,0.0,0.0,0.0,0.0,0.0,0.0,0.0,0.0,0.0,1.0,0.0
10,10,0.0,0.0,0.0,0.0,0.0,0.0,0.0,0.0,0.0,0.0,1.0,0.0
10,10,0.0,0.0,0.0,0.0,0.0,0.0,0.0,0.0,0.0,0.0,1.0,0.0
10,10,0.0,0.0,0.0,0.0,0.0,0.0,0.0,0.0,0.0,0.0,1.0,0.0
10,10,0.0,0.0,0.0,0.0,0.0,0.0,0.0,0.0,0.0,0.0,1.0,0.0
10,10,0.0,0.0,0.0,0.0,0.0,0.0,0.0,0.0,0.0,0.0,1.0,0.0
10,10,0.0,0.0,0.0,0.0,0.0,0.0,0.0,0.0,0.0,0.0,1.0,0.0
10,10,0.0,0.0,0.0,0.0,0.0,0.0,0.0,0.0,0.0,0.0,1.0,0.0
10,10,0.0,0.0,0.0,0.0,0.0,0.0,0.0,0.0,0.0,0.0,1.0,0.0
10,10,0.0,0.0,0.0,0.0,0.0,0.0,0.0,0.0,0.0,0.0,1.0,0.0
10,10,0.0,0.0,0.0,0.0,0.0,0.0,0.0,0.0,0.0,0.0,1.0,0.0
10,10,0.0,0.0,0.0,0.0,0.0,0.0,0.0,0.0,0.0,0.0,1.0,0.0
10,10,0.0,0.0,0.0,0.0,0.0,0.0,0.0,0.0,0.0,0.0,1.0,0.0
10,10,0.0,0.0,0.0,0.0,0.0,0.0,0.0,0.0,0.0,0.0,1.0,0.0
10,10,0.0,0.0,0.0,0.0,0.0,0.0,0.0,0.0,0.0,0.0,1.0,0.0
10,10,0.0,0.0,0.0,0.0,0.0,0.0,0.0,0.0,0.0,0.0,1.0,0.0
10,10,0.0,0.0,0.0,0.0,0.0,0.0,0.0,0.0,0.0,0.0,1.0,0.0
10,10,0.0,0.0,0.0,0.0,0.0,0.0,0.0,0.0,0.0,0.0,1.0,0.0
10,10,0.0,0.0,0.0,0.0,0.0,0.0,0.0,0.0,0.0,0.0,1.0,0.0
10,10,0.0,0.0,0.0,0.0,0.0,0.0,0.0,0.0,0.0,0.0,1.0,0.0
10,10,0.0,0.0,0.0,0.0,0.0,0.0,0.0,0.0,0.0,0.0,1.0,0.0
10,10,0.0,0.0,0.0,0.0,0.0,0.0,0.0,0.0,0.0,0.0,1.0,0.0
10,10,0.0,0.0,0.0,0.0,0.0,0.0,0.0,0.0,0.0,0.0,1.0,0.0
10,10,0.0,0.0,0.0,0.0,0.0,0.0,0.0,0.0,0.0,0.0,1.0,0.0
10,10,0.0,0.0,0.0,0.0,0.0,0.0,0.0,0.0,0.0,0.0,1.0,0.0
10,10,0.0,0.0,0.0,0.0,0.0,0.0,0.0,0.0,0.0,0.0,1.0,0.0
10,10,0.0,0.0,0.0,0.0,0.0,0.0,0.0,0.0,0.0,0.0,1.0,0.0
10,10,0.0,0.0,0.0,0.0,0.0,0.0,0.0,0.0,0.0,0.0,1.0,0.0
10,10,0.0,0.0,0.0,0.0,0.0,0.0,0.0,0.0,0.0,0.0,1.0,0.0
10,10,0.0,0.0,0.0,0.0,0.0,0.0,0.0,0.0,0.0,0.0,1.0,0.0
10,10,0.0,0.0,0.0,0.0,0.0,0.0,0.0,0.0,0.0,0.0,1.0,0.0
10,10,0.0,0.0,0.0,0.0,0.0,0.0,0.0,0.0,0.0,0.0,1.0,0.0
10,10,0.0,0.0,0.0,0.0,0.0,0.0,0.0,0.0,0.0,0.0,1.0,0.0
10,10,0.0,0.0,0.0,0.0,0.0,0.0,0.0,0.0,0.0,0.0,1.0,0.0
10,10,0.0,0.0,0.0,0.0,0.0,0.0,0.0,0.0,0.0,0.0,1.0,0.0
10,10,0.0,0.0,0.0,0.0,0.0,0.0,0.0,0.0,0.0,0.0,1.0,0.0
10,10,0.0,0.0,0.0,0.0,0.0,0.0,0.0,0.0,0.0,0.0,1.0,0.0
10,10,0.0,0.0,0.0,0.0,0.0,0.0,0.0,0.0,0.0,0.0,1.0,0.0
10,10,0.0,0.0,0.0,0.0,0.0,0.0,0.0,0.0,0.0,0.0,1.0,0.0
10,10,0.0,0.0,0.0,0.0,0.0,0.0,0.0,0.0,0.0,0.0,1.0,0.0
10,10,0.0,0.0,0.0,0.0,0.0,0.0,0.0,0.0,0.0,0.0,1.0,0.0
10,10,0.0,0.0,0.0,0.0,0.0,0.0,0.0,0.0,0.0,0.0,1.0,0.0
10,10,0.0,0.0,0.0,0.0,0.0,0.0,0.0,0.0,0.0,0.0,1.0,0.0
10,10,0.0,0.0,0.0,0.0,0.0,0.0,0.0,0.0,0.0,0.0,1.0,0.0
10,10,0.0,0.0,0.0,0.0,0.0,0.0,0.0,0.0,0.0,0.0,1.0,0.0
10,10,0.0,0.0,0.0,0.0,0.0,0.0,0.0,0.0,0.0,0.0,1.0,0.0
10,10,0.0,0.0,0.0,0.0,0.0,0.0,0.0,0.0,0.0,0.0,1.0,0.0
10,10,0.0,0.0,0.0,0.0,0.0,0.0,0.0,0.0,0.0,0.0,1.0,0.0
10,10,0.0,0.0,0.0,0.0,0.0,0.0,0.0,0.0,0.0,0.0,1.0,0.0
10,10,0.0,0.0,0.0,0.0,0.0,0.0,0.0,0.0,0.0,0.0,1.0,0.0
10,10,0.0,0.0,0.0,0.0,0.0,0.0,0.0,0.0,0.0,0.0,1.0,0.0
10,10,0.0,0.0,0.0,0.0,0.0,0.0,0.0,0.0,0.0,0.0,1.0,0.0
10,10,0.0,0.0,0.0,0.0,0.0,0.0,0.0,0.0,0.0,0.0,1.0,0.0
10,10,0.0,0.0,0.0,0.0,0.0,0.0,0.0,0.0,0.0,0.0,1.0,0.0
10,10,0.0,0.0,0.0,0.0,0.0,0.0,0.0,0.0,0.0,0.0,1.0,0.0
10,10,0.0,0.0,0.0,0.0,0.0,0.0,0.0,0.0,0.0,0.0,1.0,0.0
10,10,0.0,0.0,0.0,0.0,0.0,0.0,0.0,0.0,0.0,0.0,1.0,0.0
10,10,0.0,0.0,0.0,0.0,0.0,0.0,0.0,0.0,0.0,0.0,1.0,0.0
10,10,0.0,0.0,0.0,0.0,0.0,0.0,0.0,0.0,0.0,0.0,1.0,0.0
10,10,0.0,0.0,0.0,0.0,0.0,0.0,0.0,0.0,0.0,0.0,1.0,0.0
10,10,0.0,0.0,0.0,0.0,0.0,0.0,0.0,0.0,0.0,0.0,1.0,0.0
10,10,0.0,0.0,0.0,0.0,0.0,0.0,0.0,0.0,0.0,0.0,1.0,0.0
10,10,0.0,0.0,0.0,0.0,0.0,0.0,0.0,0.0,0.0,0.0,1.0,0.0
10,10,0.0,0.0,0.0,0.0,0.0,0.0,0.0,0.0,0.0,0.0,1.0,0.0
10,10,0.0,0.0,0.0,0.0,0.0,0.0,0.0,0.0,0.0,0.0,1.0,0.0
10,10,0.0,0.0,0.0,0.0,0.0,0.0,0.0,0.0,0.0,0.0,1.0,0.0
10,10,0.0,0.0,0.0,0.0,0.0,0.0,0.0,0.0,0.0,0.0,1.0,0.0
10,10,0.0,0.0,0.0,0.0,0.0,0.0,0.0,0.0,0.0,0.0,1.0,0.0
10,10,0.0,0.0,0.0,0.0,0.0,0.0,0.0,0.0,0.0,0.0,1.0,0.0
10,10,0.0,0.0,0.0,0.0,0.0,0.0,0.0,0.0,0.0,0.0,1.0,0.0
10,10,0.0,0.0,0.0,0.0,0.0,0.0,0.0,0.0,0.0,0.0,1.0,0.0
10,10,0.0,0.0,0.0,0.0,0.0,0.0,0.0,0.0,0.0,0.0,1.0,0.0
10,10,0.0,0.0,0.0,0.0,0.0,0.0,0.0,0.0,0.0,0.0,1.0,0.0
10,10,0.0,0.0,0.0,0.0,0.0,0.0,0.0,0.0,0.0,0.0,1.0,0.0
10,10,0.0,0.0,0.0,0.0,0.0,0.0,0.0,0.0,0.0,0.0,1.0,0.0
10,10,0.0,0.0,0.0,0.0,0.0,0.0,0.0,0.0,0.0,0.0,1.0,0.0
10,10,0.0,0.0,0.0,0.0,0.0,0.0,0.0,0.0,0.0,0.0,1.0,0.0
10,10,0.0,0.0,0.0,0.0,0.0,0.0,0.0,0.0,0.0,0.0,1.0,0.0
10,10,0.0,0.0,0.0,0.0,0.0,0.0,0.0,0.0,0.0,0.0,1.0,0.0
10,10,0.0,0.0,0.0,0.0,0.0,0.0,0.0,0.0,0.0,0.0,1.0,0.0
10,10,0.0,0.0,0.0,0.0,0.0,0.0,0.0,0.0,0.0,0.0,1.0,0.0
10,10,0.0,0.0,0.0,0.0,0.0,0.0,0.0,0.0,0.0,0.0,1.0,0.0
10,10,0.0,0.0,0.0,0.0,0.0,0.0,0.0,0.0,0.0,0.0,1.0,0.0
10,10,0.0,0.0,0.0,0.0,0.0,0.0,0.0,0.0,0.0,0.0,1.0,0.0
10,10,0.0,0.0,0.0,0.0,0.0,0.0,0.0,0.0,0.0,0.0,1.0,0.0
10,10,0.0,0.0,0.0,0.0,0.0,0.0,0.0,0.0,0.0,0.0,1.0,0.0
10,10,0.0,0.0,0.0,0.0,0.0,0.0,0.0,0.0,0.0,0.0,1.0,0.0
10,10,0.0,0.0,0.0,0.0,0.0,0.0,0.0,0.0,0.0,0.0,1.0,0.0
10,10,0.0,0.0,0.0,0.0,0.0,0.0,0.0,0.0,0.0,0.0,1.0,0.0
10,10,0.0,0.0,0.0,0.0,0.0,0.0,0.0,0.0,0.0,0.0,1.0,0.0
10,10,0.0,0.0,0.0,0.0,0.0,0.0,0.0,0.0,0.0,0.0,1.0,0.0
10,10,0.0,0.0,0.0,0.0,0.0,0.0,0.0,0.0,0.0,0.0,1.0,0.0
10,10,0.0,0.0,0.0,0.0,0.0,0.0,0.0,0.0,0.0,0.0,1.0,0.0
10,10,0.0,0.0,0.0,0.0,0.0,0.0,0.0,0.0,0.0,0.0,1.0,0.0
10,10,0.0,0.0,0.0,0.0,0.0,0.0,0.0,0.0,0.0,0.0,1.0,0.0
10,10,0.0,0.0,0.0,0.0,0.0,0.0,0.0,0.0,0.0,0.0,1.0,0.0
10,10,0.0,0.0,0.0,0.0,0.0,0.0,0.0,0.0,0.0,0.0,1.0,0.0
10,10,0.0,0.0,0.0,0.0,0.0,0.0,0.0,0.0,0.0,0.0,1.0,0.0
10,10,0.0,0.0,0.0,0.0,0.0,0.0,0.0,0.0,0.0,0.0,1.0,0.0
10,10,0.0,0.0,0.0,0.0,0.0,0.0,0.0,0.0,0.0,0.0,1.0,0.0
10,10,0.0,0.0,0.0,0.0,0.0,0.0,0.0,0.0,0.0,0.0,1.0,0.0
10,10,0.0,0.0,0.0,0.0,0.0,0.0,0.0,0.0,0.0,0.0,1.0,0.0
10,10,0.0,0.0,0.0,0.0,0.0,0.0,0.0,0.0,0.0,0.0,1.0,0.0
10,10,0.0,0.0,0.0,0.0,0.0,0.0,0.0,0.0,0.0,0.0,1.0,0.0
10,10,0.0,0.0,0.0,0.0,0.0,0.0,0.0,0.0,0.0,0.0,1.0,0.0
10,10,0.0,0.0,0.0,0.0,0.0,0.0,0.0,0.0,0.0,0.0,1.0,0.0
10,10,0.0,0.0,0.0,0.0,0.0,0.0,0.0,0.0,0.0,0.0,1.0,0.0
10,10,0.0,0.0,0.0,0.0,0.0,0.0,0.0,0.0,0.0,0.0,1.0,0.0
10,10,0.0,0.0,0.0,0.0,0.0,0.0,0.0,0.0,0.0,0.0,1.0,0.0
10,10,0.0,0.0,0.0,0.0,0.0,0.0,0.0,0.0,0.0,0.0,1.0,0.0
10,10,0.0,0.0,0.0,0.0,0.0,0.0,0.0,0.0,0.0,0.0,1.0,0.0
10,10,0.0,0.0,0.0,0.0,0.0,0.0,0.0,0.0,0.0,0.0,1.0,0.0
10,10,0.0,0.0,0.0,0.0,0.0,0.0,0.0,0.0,0.0,0.0,1.0,0.0
10,10,0.0,0.0,0.0,0.0,0.0,0.0,0.0,0.0,0.0,0.0,1.0,0.0
10,10,0.0,0.0,0.0,0.0,0.0,0.0,0.0,0.0,0.0,0.0,1.0,0.0
10,10,0.0,0.0,0.0,0.0,0.0,0.0,0.0,0.0,0.0,0.0,1.0,0.0
10,10,0.0,0.0,0.0,0.0,0.0,0.0,0.0,0.0,0.0,0.0,1.0,0.0
10,10,0.0,0.0,0.0,0.0,0.0,0.0,0.0,0.0,0.0,0.0,1.0,0.0
10,10,0.0,0.0,0.0,0.0,0.0,0.0,0.0,0.0,0.0,0.0,1.0,0.0
10,10,0.0,0.0,0.0,0.0,0.0,0.0,0.0,0.0,0.0,0.0,1.0,0.0
10,10,0.0,0.0,0.0,0.0,0.0,0.0,0.0,0.0,0.0,0.0,1.0,0.0
10,10,0.0,0.0,0.0,0.0,0.0,0.0,0.0,0.0,0.0,0.0,1.0,0.0
10,10,0.0,0.0,0.0,0.0,0.0,0.0,0.0,0.0,0.0,0.0,1.0,0.0
10,10,0.0,0.0,0.0,0.0,0.0,0.0,0.0,0.0,0.0,0.0,1.0,0.0
10,10,0.0,0.0,0.0,0.0,0.0,0.0,0.0,0.0,0.0,0.0,1.0,0.0
10,10,0.0,0.0,0.0,0.0,0.0,0.0,0.0,0.0,0.0,0.0,1.0,0.0
10,10,0.0,0.0,0.0,0.0,0.0,0.0,0.0,0.0,0.0,0.0,1.0,0.0
10,10,0.0,0.0,0.0,0.0,0.0,0.0,0.0,0.0,0.0,0.0,1.0,0.0
10,10,0.0,0.0,0.0,0.0,0.0,0.0,0.0,0.0,0.0,0.0,1.0,0.0
10,10,0.0,0.0,0.0,0.0,0.0,0.0,0.0,0.0,0.0,0.0,1.0,0.0
10,10,0.0,0.0,0.0,0.0,0.0,0.0,0.0,0.0,0.0,0.0,1.0,0.0
10,10,0.0,0.0,0.0,0.0,0.0,0.0,0.0,0.0,0.0,0.0,1.0,0.0
10,10,0.0,0.0,0.0,0.0,0.0,0.0,0.0,0.0,0.0,0.0,1.0,0.0
10,10,0.0,0.0,0.0,0.0,0.0,0.0,0.0,0.0,0.0,0.0,1.0,0.0
10,10,0.0,0.0,0.0,0.0,0.0,0.0,0.0,0.0,0.0,0.0,1.0,0.0
10,10,0.0,0.0,0.0,0.0,0.0,0.0,0.0,0.0,0.0,0.0,1.0,0.0
10,10,0.0,0.0,0.0,0.0,0.0,0.0,0.0,0.0,0.0,0.0,1.0,0.0
10,10,0.0,0.0,0.0,0.0,0.0,0.0,0.0,0.0,0.0,0.0,1.0,0.0
10,10,0.0,0.0,0.0,0.0,0.0,0.0,0.0,0.0,0.0,0.0,1.0,0.0
10,10,0.0,0.0,0.0,0.0,0.0,0.0,0.0,0.0,0.0,0.0,1.0,0.0
10,10,0.0,0.0,0.0,0.0,0.0,0.0,0.0,0.0,0.0,0.0,1.0,0.0
10,10,0.0,0.0,0.0,0.0,0.0,0.0,0.0,0.0,0.0,0.0,1.0,0.0
10,10,0.0,0.0,0.0,0.0,0.0,0.0,0.0,0.0,0.0,0.0,1.0,0.0
10,10,0.0,0.0,0.0,0.0,0.0,0.0,0.0,0.0,0.0,0.0,1.0,0.0
10,10,0.0,0.0,0.0,0.0,0.0,0.0,0.0,0.0,0.0,0.0,1.0,0.0
10,10,0.0,0.0,0.0,0.0,0.0,0.0,0.0,0.0,0.0,0.0,1.0,0.0
10,10,0.0,0.0,0.0,0.0,0.0,0.0,0.0,0.0,0.0,0.0,1.0,0.0
10,10,0.0,0.0,0.0,0.0,0.0,0.0,0.0,0.0,0.0,0.0,1.0,0.0
10,10,0.0,0.0,0.0,0.0,0.0,0.0,0.0,0.0,0.0,0.0,1.0,0.0
10,10,0.0,0.0,0.0,0.0,0.0,0.0,0.0,0.0,0.0,0.0,1.0,0.0
10,10,0.0,0.0,0.0,0.0,0.0,0.0,0.0,0.0,0.0,0.0,1.0,0.0
10,10,0.0,0.0,0.0,0.0,0.0,0.0,0.0,0.0,0.0,0.0,1.0,0.0
10,10,0.0,0.0,0.0,0.0,0.0,0.0,0.0,0.0,0.0,0.0,1.0,0.0
10,10,0.0,0.0,0.0,0.0,0.0,0.0,0.0,0.0,0.0,0.0,1.0,0.0
10,10,0.0,0.0,0.0,0.0,0.0,0.0,0.0,0.0,0.0,0.0,1.0,0.0
10,10,0.0,0.0,0.0,0.0,0.0,0.0,0.0,0.0,0.0,0.0,1.0,0.0
10,10,0.0,0.0,0.0,0.0,0.0,0.0,0.0,0.0,0.0,0.0,1.0,0.0
10,10,0.0,0.0,0.0,0.0,0.0,0.0,0.0,0.0,0.0,0.0,1.0,0.0
10,10,0.0,0.0,0.0,0.0,0.0,0.0,0.0,0.0,0.0,0.0,1.0,0.0
10,10,0.0,0.0,0.0,0.0,0.0,0.0,0.0,0.0,0.0,0.0,1.0,0.0
10,10,0.0,0.0,0.0,0.0,0.0,0.0,0.0,0.0,0.0,0.0,1.0,0.0
10,10,0.0,0.0,0.0,0.0,0.0,0.0,0.0,0.0,0.0,0.0,1.0,0.0
10,10,0.0,0.0,0.0,0.0,0.0,0.0,0.0,0.0,0.0,0.0,1.0,0.0
10,10,0.0,0.0,0.0,0.0,0.0,0.0,0.0,0.0,0.0,0.0,1.0,0.0
10,10,0.0,0.0,0.0,0.0,0.0,0.0,0.0,0.0,0.0,0.0,1.0,0.0
10,10,0.0,0.0,0.0,0.0,0.0,0.0,0.0,0.0,0.0,0.0,1.0,0.0
10,10,0.0,0.0,0.0,0.0,0.0,0.0,0.0,0.0,0.0,0.0,1.0,0.0
10,10,0.0,0.0,0.0,0.0,0.0,0.0,0.0,0.0,0.0,0.0,1.0,0.0
10,10,0.0,0.0,0.0,0.0,0.0,0.0,0.0,0.0,0.0,0.0,1.0,0.0
10,10,0.0,0.0,0.0,0.0,0.0,0.0,0.0,0.0,0.0,0.0,1.0,0.0
10,10,0.0,0.0,0.0,0.0,0.0,0.0,0.0,0.0,0.0,0.0,1.0,0.0
10,10,0.0,0.0,0.0,0.0,0.0,0.0,0.0,0.0,0.0,0.0,1.0,0.0
10,10,0.0,0.0,0.0,0.0,0.0,0.0,0.0,0.0,0.0,0.0,1.0,0.0
10,10,0.0,0.0,0.0,0.0,0.0,0.0,0.0,0.0,0.0,0.0,1.0,0.0
10,10,0.0,0.0,0.0,0.0,0.0,0.0,0.0,0.0,0.0,0.0,1.0,0.0
10,10,0.0,0.0,0.0,0.0,0.0,0.0,0.0,0.0,0.0,0.0,1.0,0.0
10,10,0.0,0.0,0.0,0.0,0.0,0.0,0.0,0.0,0.0,0.0,1.0,0.0
10,10,0.0,0.0,0.0,0.0,0.0,0.0,0.0,0.0,0.0,0.0,1.0,0.0
10,10,0.0,0.0,0.0,0.0,0.0,0.0,0.0,0.0,0.0,0.0,1.0,0.0
10,10,0.0,0.0,0.0,0.0,0.0,0.0,0.0,0.0,0.0,0.0,1.0,0.0
10,10,0.0,0.0,0.0,0.0,0.0,0.0,0.0,0.0,0.0,0.0,1.0,0.0
10,10,0.0,0.0,0.0,0.0,0.0,0.0,0.0,0.0,0.0,0.0,1.0,0.0
10,10,0.0,0.0,0.0,0.0,0.0,0.0,0.0,0.0,0.0,0.0,1.0,0.0
10,10,0.0,0.0,0.0,0.0,0.0,0.0,0.0,0.0,0.0,0.0,1.0,0.0
10,10,0.0,0.0,0.0,0.0,0.0,0.0,0.0,0.0,0.0,0.0,1.0,0.0
10,10,0.0,0.0,0.0,0.0,0.0,0.0,0.0,0.0,0.0,0.0,1.0,0.0
10,10,0.0,0.0,0.0,0.0,0.0,0.0,0.0,0.0,0.0,0.0,1.0,0.0
10,10,0.0,0.0,0.0,0.0,0.0,0.0,0.0,0.0,0.0,0.0,1.0,0.0
10,10,0.0,0.0,0.0,0.0,0.0,0.0,0.0,0.0,0.0,0.0,1.0,0.0
10,10,0.0,0.0,0.0,0.0,0.0,0.0,0.0,0.0,0.0,0.0,1.0,0.0
10,10,0.0,0.0,0.0,0.0,0.0,0.0,0.0,0.0,0.0,0.0,1.0,0.0
10,10,0.0,0.0,0.0,0.0,0.0,0.0,0.0,0.0,0.0,0.0,1.0,0.0
10,10,0.0,0.0,0.0,0.0,0.0,0.0,0.0,0.0,0.0,0.0,1.0,0.0
10,10,0.0,0.0,0.0,0.0,0.0,0.0,0.0,0.0,0.0,0.0,1.0,0.0
10,10,0.0,0.0,0.0,0.0,0.0,0.0,0.0,0.0,0.0,0.0,1.0,0.0
10,10,0.0,0.0,0.0,0.0,0.0,0.0,0.0,0.0,0.0,0.0,1.0,0.0
10,10,0.0,0.0,0.0,0.0,0.0,0.0,0.0,0.0,0.0,0.0,1.0,0.0
10,10,0.0,0.0,0.0,0.0,0.0,0.0,0.0,0.0,0.0,0.0,1.0,0.0
10,10,0.0,0.0,0.0,0.0,0.0,0.0,0.0,0.0,0.0,0.0,1.0,0.0
10,10,0.0,0.0,0.0,0.0,0.0,0.0,0.0,0.0,0.0,0.0,1.0,0.0
10,10,0.0,0.0,0.0,0.0,0.0,0.0,0.0,0.0,0.0,0.0,1.0,0.0
10,10,0.0,0.0,0.0,0.0,0.0,0.0,0.0,0.0,0.0,0.0,1.0,0.0
10,10,0.0,0.0,0.0,0.0,0.0,0.0,0.0,0.0,0.0,0.0,1.0,0.0
10,10,0.0,0.0,0.0,0.0,0.0,0.0,0.0,0.0,0.0,0.0,1.0,0.0
10,10,0.0,0.0,0.0,0.0,0.0,0.0,0.0,0.0,0.0,0.0,1.0,0.0
10,10,0.0,0.0,0.0,0.0,0.0,0.0,0.0,0.0,0.0,0.0,1.0,0.0
10,10,0.0,0.0,0.0,0.0,0.0,0.0,0.0,0.0,0.0,0.0,1.0,0.0
10,10,0.0,0.0,0.0,0.0,0.0,0.0,0.0,0.0,0.0,0.0,1.0,0.0
10,10,0.0,0.0,0.0,0.0,0.0,0.0,0.0,0.0,0.0,0.0,1.0,0.0
10,10,0.0,0.0,0.0,0.0,0.0,0.0,0.0,0.0,0.0,0.0,1.0,0.0
10,10,0.0,0.0,0.0,0.0,0.0,0.0,0.0,0.0,0.0,0.0,1.0,0.0
10,10,0.0,0.0,0.0,0.0,0.0,0.0,0.0,0.0,0.0,0.0,1.0,0.0
10,10,0.0,0.0,0.0,0.0,0.0,0.0,0.0,0.0,0.0,0.0,1.0,0.0
10,10,0.0,0.0,0.0,0.0,0.0,0.0,0.0,0.0,0.0,0.0,1.0,0.0
10,10,0.0,0.0,0.0,0.0,0.0,0.0,0.0,0.0,0.0,0.0,1.0,0.0
10,10,0.0,0.0,0.0,0.0,0.0,0.0,0.0,0.0,0.0,0.0,1.0,0.0
10,10,0.0,0.0,0.0,0.0,0.0,0.0,0.0,0.0,0.0,0.0,1.0,0.0
10,10,0.0,0.0,0.0,0.0,0.0,0.0,0.0,0.0,0.0,0.0,1.0,0.0
10,10,0.0,0.0,0.0,0.0,0.0,0.0,0.0,0.0,0.0,0.0,1.0,0.0
10,10,0.0,0.0,0.0,0.0,0.0,0.0,0.0,0.0,0.0,0.0,1.0,0.0
10,10,0.0,0.0,0.0,0.0,0.0,0.0,0.0,0.0,0.0,0.0,1.0,0.0
10,10,0.0,0.0,0.0,0.0,0.0,0.0,0.0,0.0,0.0,0.0,1.0,0.0
10,10,0.0,0.0,0.0,0.0,0.0,0.0,0.0,0.0,0.0,0.0,1.0,0.0
10,10,0.0,0.0,0.0,0.0,0.0,0.0,0.0,0.0,0.0,0.0,1.0,0.0
10,10,0.0,0.0,0.0,0.0,0.0,0.0,0.0,0.0,0.0,0.0,1.0,0.0
10,10,0.0,0.0,0.0,0.0,0.0,0.0,0.0,0.0,0.0,0.0,1.0,0.0
10,10,0.0,0.0,0.0,0.0,0.0,0.0,0.0,0.0,0.0,0.0,1.0,0.0
10,10,0.0,0.0,0.0,0.0,0.0,0.0,0.0,0.0,0.0,0.0,1.0,0.0
10,10,0.0,0.0,0.0,0.0,0.0,0.0,0.0,0.0,0.0,0.0,1.0,0.0
10,10,0.0,0.0,0.0,0.0,0.0,0.0,0.0,0.0,0.0,0.0,1.0,0.0
10,10,0.0,0.0,0.0,0.0,0.0,0.0,0.0,0.0,0.0,0.0,1.0,0.0
10,10,0.0,0.0,0.0,0.0,0.0,0.0,0.0,0.0,0.0,0.0,1.0,0.0
10,10,0.0,0.0,0.0,0.0,0.0,0.0,0.0,0.0,0.0,0.0,1.0,0.0
10,10,0.0,0.0,0.0,0.0,0.0,0.0,0.0,0.0,0.0,0.0,1.0,0.0
10,10,0.0,0.0,0.0,0.0,0.0,0.0,0.0,0.0,0.0,0.0,1.0,0.0
10,10,0.0,0.0,0.0,0.0,0.0,0.0,0.0,0.0,0.0,0.0,1.0,0.0
10,10,0.0,0.0,0.0,0.0,0.0,0.0,0.0,0.0,0.0,0.0,1.0,0.0
10,10,0.0,0.0,0.0,0.0,0.0,0.0,0.0,0.0,0.0,0.0,1.0,0.0
10,10,0.0,0.0,0.0,0.0,0.0,0.0,0.0,0.0,0.0,0.0,1.0,0.0
10,10,0.0,0.0,0.0,0.0,0.0,0.0,0.0,0.0,0.0,0.0,1.0,0.0
10,10,0.0,0.0,0.0,0.0,0.0,0.0,0.0,0.0,0.0,0.0,1.0,0.0
10,10,0.0,0.0,0.0,0.0,0.0,0.0,0.0,0.0,0.0,0.0,1.0,0.0
10,10,0.0,0.0,0.0,0.0,0.0,0.0,0.0,0.0,0.0,0.0,1.0,0.0
10,10,0.0,0.0,0.0,0.0,0.0,0.0,0.0,0.0,0.0,0.0,1.0,0.0
10,10,0.0,0.0,0.0,0.0,0.0,0.0,0.0,0.0,0.0,0.0,1.0,0.0
10,10,0.0,0.0,0.0,0.0,0.0,0.0,0.0,0.0,0.0,0.0,1.0,0.0
10,10,0.0,0.0,0.0,0.0,0.0,0.0,0.0,0.0,0.0,0.0,1.0,0.0
10,10,0.0,0.0,0.0,0.0,0.0,0.0,0.0,0.0,0.0,0.0,1.0,0.0
10,10,0.0,0.0,0.0,0.0,0.0,0.0,0.0,0.0,0.0,0.0,1.0,0.0
10,10,0.0,0.0,0.0,0.0,0.0,0.0,0.0,0.0,0.0,0.0,1.0,0.0
10,10,0.0,0.0,0.0,0.0,0.0,0.0,0.0,0.0,0.0,0.0,1.0,0.0
10,10,0.0,0.0,0.0,0.0,0.0,0.0,0.0,0.0,0.0,0.0,1.0,0.0
10,10,0.0,0.0,0.0,0.0,0.0,0.0,0.0,0.0,0.0,0.0,1.0,0.0
10,10,0.0,0.0,0.0,0.0,0.0,0.0,0.0,0.0,0.0,0.0,1.0,0.0
10,10,0.0,0.0,0.0,0.0,0.0,0.0,0.0,0.0,0.0,0.0,1.0,0.0
10,10,0.0,0.0,0.0,0.0,0.0,0.0,0.0,0.0,0.0,0.0,1.0,0.0
10,10,0.0,0.0,0.0,0.0,0.0,0.0,0.0,0.0,0.0,0.0,1.0,0.0
10,10,0.0,0.0,0.0,0.0,0.0,0.0,0.0,0.0,0.0,0.0,1.0,0.0
10,10,0.0,0.0,0.0,0.0,0.0,0.0,0.0,0.0,0.0,0.0,1.0,0.0
10,10,0.0,0.0,0.0,0.0,0.0,0.0,0.0,0.0,0.0,0.0,1.0,0.0
10,10,0.0,0.0,0.0,0.0,0.0,0.0,0.0,0.0,0.0,0.0,1.0,0.0
10,10,0.0,0.0,0.0,0.0,0.0,0.0,0.0,0.0,0.0,0.0,1.0,0.0
10,10,0.0,0.0,0.0,0.0,0.0,0.0,0.0,0.0,0.0,0.0,1.0,0.0
10,10,0.0,0.0,0.0,0.0,0.0,0.0,0.0,0.0,0.0,0.0,1.0,0.0
10,10,0.0,0.0,0.0,0.0,0.0,0.0,0.0,0.0,0.0,0.0,1.0,0.0
10,10,0.0,0.0,0.0,0.0,0.0,0.0,0.0,0.0,0.0,0.0,1.0,0.0
10,10,0.0,0.0,0.0,0.0,0.0,0.0,0.0,0.0,0.0,0.0,1.0,0.0
10,10,0.0,0.0,0.0,0.0,0.0,0.0,0.0,0.0,0.0,0.0,1.0,0.0
10,10,0.0,0.0,0.0,0.0,0.0,0.0,0.0,0.0,0.0,0.0,1.0,0.0
10,10,0.0,0.0,0.0,0.0,0.0,0.0,0.0,0.0,0.0,0.0,1.0,0.0
10,10,0.0,0.0,0.0,0.0,0.0,0.0,0.0,0.0,0.0,0.0,1.0,0.0
10,10,0.0,0.0,0.0,0.0,0.0,0.0,0.0,0.0,0.0,0.0,1.0,0.0
10,10,0.0,0.0,0.0,0.0,0.0,0.0,0.0,0.0,0.0,0.0,1.0,0.0
10,10,0.0,0.0,0.0,0.0,0.0,0.0,0.0,0.0,0.0,0.0,1.0,0.0
10,10,0.0,0.0,0.0,0.0,0.0,0.0,0.0,0.0,0.0,0.0,1.0,0.0
10,10,0.0,0.0,0.0,0.0,0.0,0.0,0.0,0.0,0.0,0.0,1.0,0.0
10,10,0.0,0.0,0.0,0.0,0.0,0.0,0.0,0.0,0.0,0.0,1.0,0.0
10,10,0.0,0.0,0.0,0.0,0.0,0.0,0.0,0.0,0.0,0.0,1.0,0.0
10,10,0.0,0.0,0.0,0.0,0.0,0.0,0.0,0.0,0.0,0.0,1.0,0.0
10,10,0.0,0.0,0.0,0.0,0.0,0.0,0.0,0.0,0.0,0.0,1.0,0.0
10,10,0.0,0.0,0.0,0.0,0.0,0.0,0.0,0.0,0.0,0.0,1.0,0.0
10,10,0.0,0.0,0.0,0.0,0.0,0.0,0.0,0.0,0.0,0.0,1.0,0.0
10,10,0.0,0.0,0.0,0.0,0.0,0.0,0.0,0.0,0.0,0.0,1.0,0.0
10,10,0.0,0.0,0.0,0.0,0.0,0.0,0.0,0.0,0.0,0.0,1.0,0.0
10,10,0.0,0.0,0.0,0.0,0.0,0.0,0.0,0.0,0.0,0.0,1.0,0.0
10,10,0.0,0.0,0.0,0.0,0.0,0.0,0.0,0.0,0.0,0.0,1.0,0.0
10,10,0.0,0.0,0.0,0.0,0.0,0.0,0.0,0.0,0.0,0.0,1.0,0.0
10,10,0.0,0.0,0.0,0.0,0.0,0.0,0.0,0.0,0.0,0.0,1.0,0.0
10,10,0.0,0.0,0.0,0.0,0.0,0.0,0.0,0.0,0.0,0.0,1.0,0.0
10,10,0.0,0.0,0.0,0.0,0.0,0.0,0.0,0.0,0.0,0.0,1.0,0.0
10,10,0.0,0.0,0.0,0.0,0.0,0.0,0.0,0.0,0.0,0.0,1.0,0.0
10,10,0.0,0.0,0.0,0.0,0.0,0.0,0.0,0.0,0.0,0.0,1.0,0.0
10,10,0.0,0.0,0.0,0.0,0.0,0.0,0.0,0.0,0.0,0.0,1.0,0.0
10,10,0.0,0.0,0.0,0.0,0.0,0.0,0.0,0.0,0.0,0.0,1.0,0.0
10,10,0.0,0.0,0.0,0.0,0.0,0.0,0.0,0.0,0.0,0.0,1.0,0.0
10,10,0.0,0.0,0.0,0.0,0.0,0.0,0.0,0.0,0.0,0.0,1.0,0.0
10,10,0.0,0.0,0.0,0.0,0.0,0.0,0.0,0.0,0.0,0.0,1.0,0.0
10,10,0.0,0.0,0.0,0.0,0.0,0.0,0.0,0.0,0.0,0.0,1.0,0.0
10,10,0.0,0.0,0.0,0.0,0.0,0.0,0.0,0.0,0.0,0.0,1.0,0.0
10,10,0.0,0.0,0.0,0.0,0.0,0.0,0.0,0.0,0.0,0.0,1.0,0.0
10,10,0.0,0.0,0.0,0.0,0.0,0.0,0.0,0.0,0.0,0.0,1.0,0.0
10,10,0.0,0.0,0.0,0.0,0.0,0.0,0.0,0.0,0.0,0.0,1.0,0.0
10,10,0.0,0.0,0.0,0.0,0.0,0.0,0.0,0.0,0.0,0.0,1.0,0.0
10,10,0.0,0.0,0.0,0.0,0.0,0.0,0.0,0.0,0.0,0.0,1.0,0.0
10,10,0.0,0.0,0.0,0.0,0.0,0.0,0.0,0.0,0.0,0.0,1.0,0.0
10,10,0.0,0.0,0.0,0.0,0.0,0.0,0.0,0.0,0.0,0.0,1.0,0.0
10,10,0.0,0.0,0.0,0.0,0.0,0.0,0.0,0.0,0.0,0.0,1.0,0.0
10,10,0.0,0.0,0.0,0.0,0.0,0.0,0.0,0.0,0.0,0.0,1.0,0.0
10,10,0.0,0.0,0.0,0.0,0.0,0.0,0.0,0.0,0.0,0.0,1.0,0.0
10,10,0.0,0.0,0.0,0.0,0.0,0.0,0.0,0.0,0.0,0.0,1.0,0.0
10,10,0.0,0.0,0.0,0.0,0.0,0.0,0.0,0.0,0.0,0.0,1.0,0.0
10,10,0.0,0.0,0.0,0.0,0.0,0.0,0.0,0.0,0.0,0.0,1.0,0.0
10,10,0.0,0.0,0.0,0.0,0.0,0.0,0.0,0.0,0.0,0.0,1.0,0.0
10,10,0.0,0.0,0.0,0.0,0.0,0.0,0.0,0.0,0.0,0.0,1.0,0.0
10,10,0.0,0.0,0.0,0.0,0.0,0.0,0.0,0.0,0.0,0.0,1.0,0.0
10,10,0.0,0.0,0.0,0.0,0.0,0.0,0.0,0.0,0.0,0.0,1.0,0.0
10,10,0.0,0.0,0.0,0.0,0.0,0.0,0.0,0.0,0.0,0.0,1.0,0.0
10,10,0.0,0.0,0.0,0.0,0.0,0.0,0.0,0.0,0.0,0.0,1.0,0.0
10,10,0.0,0.0,0.0,0.0,0.0,0.0,0.0,0.0,0.0,0.0,1.0,0.0
10,10,0.0,0.0,0.0,0.0,0.0,0.0,0.0,0.0,0.0,0.0,1.0,0.0
10,10,0.0,0.0,0.0,0.0,0.0,0.0,0.0,0.0,0.0,0.0,1.0,0.0
10,10,0.0,0.0,0.0,0.0,0.0,0.0,0.0,0.0,0.0,0.0,1.0,0.0
10,10,0.0,0.0,0.0,0.0,0.0,0.0,0.0,0.0,0.0,0.0,1.0,0.0
10,10,0.0,0.0,0.0,0.0,0.0,0.0,0.0,0.0,0.0,0.0,1.0,0.0
10,10,0.0,0.0,0.0,0.0,0.0,0.0,0.0,0.0,0.0,0.0,1.0,0.0
10,10,0.0,0.0,0.0,0.0,0.0,0.0,0.0,0.0,0.0,0.0,1.0,0.0
10,10,0.0,0.0,0.0,0.0,0.0,0.0,0.0,0.0,0.0,0.0,1.0,0.0
10,10,0.0,0.0,0.0,0.0,0.0,0.0,0.0,0.0,0.0,0.0,1.0,0.0
10,10,0.0,0.0,0.0,0.0,0.0,0.0,0.0,0.0,0.0,0.0,1.0,0.0
10,10,0.0,0.0,0.0,0.0,0.0,0.0,0.0,0.0,0.0,0.0,1.0,0.0
10,10,0.0,0.0,0.0,0.0,0.0,0.0,0.0,0.0,0.0,0.0,1.0,0.0
10,10,0.0,0.0,0.0,0.0,0.0,0.0,0.0,0.0,0.0,0.0,1.0,0.0
10,10,0.0,0.0,0.0,0.0,0.0,0.0,0.0,0.0,0.0,0.0,1.0,0.0
10,10,0.0,0.0,0.0,0.0,0.0,0.0,0.0,0.0,0.0,0.0,1.0,0.0
10,10,0.0,0.0,0.0,0.0,0.0,0.0,0.0,0.0,0.0,0.0,1.0,0.0
10,10,0.0,0.0,0.0,0.0,0.0,0.0,0.0,0.0,0.0,0.0,1.0,0.0
10,10,0.0,0.0,0.0,0.0,0.0,0.0,0.0,0.0,0.0,0.0,1.0,0.0
10,10,0.0,0.0,0.0,0.0,0.0,0.0,0.0,0.0,0.0,0.0,1.0,0.0
10,10,0.0,0.0,0.0,0.0,0.0,0.0,0.0,0.0,0.0,0.0,1.0,0.0
10,10,0.0,0.0,0.0,0.0,0.0,0.0,0.0,0.0,0.0,0.0,1.0,0.0
10,10,0.0,0.0,0.0,0.0,0.0,0.0,0.0,0.0,0.0,0.0,1.0,0.0
10,10,0.0,0.0,0.0,0.0,0.0,0.0,0.0,0.0,0.0,0.0,1.0,0.0
10,10,0.0,0.0,0.0,0.0,0.0,0.0,0.0,0.0,0.0,0.0,1.0,0.0
10,10,0.0,0.0,0.0,0.0,0.0,0.0,0.0,0.0,0.0,0.0,1.0,0.0
10,10,0.0,0.0,0.0,0.0,0.0,0.0,0.0,0.0,0.0,0.0,1.0,0.0
10,10,0.0,0.0,0.0,0.0,0.0,0.0,0.0,0.0,0.0,0.0,1.0,0.0
10,10,0.0,0.0,0.0,0.0,0.0,0.0,0.0,0.0,0.0,0.0,1.0,0.0
10,10,0.0,0.0,0.0,0.0,0.0,0.0,0.0,0.0,0.0,0.0,1.0,0.0
10,10,0.0,0.0,0.0,0.0,0.0,0.0,0.0,0.0,0.0,0.0,1.0,0.0
10,10,0.0,0.0,0.0,0.0,0.0,0.0,0.0,0.0,0.0,0.0,1.0,0.0
10,10,0.0,0.0,0.0,0.0,0.0,0.0,0.0,0.0,0.0,0.0,1.0,0.0
10,10,0.0,0.0,0.0,0.0,0.0,0.0,0.0,0.0,0.0,0.0,1.0,0.0
10,10,0.0,0.0,0.0,0.0,0.0,0.0,0.0,0.0,0.0,0.0,1.0,0.0
10,10,0.0,0.0,0.0,0.0,0.0,0.0,0.0,0.0,0.0,0.0,1.0,0.0
10,10,0.0,0.0,0.0,0.0,0.0,0.0,0.0,0.0,0.0,0.0,1.0,0.0
10,10,0.0,0.0,0.0,0.0,0.0,0.0,0.0,0.0,0.0,0.0,1.0,0.0
10,10,0.0,0.0,0.0,0.0,0.0,0.0,0.0,0.0,0.0,0.0,1.0,0.0
10,10,0.0,0.0,0.0,0.0,0.0,0.0,0.0,0.0,0.0,0.0,1.0,0.0
10,10,0.0,0.0,0.0,0.0,0.0,0.0,0.0,0.0,0.0,0.0,1.0,0.0
10,10,0.0,0.0,0.0,0.0,0.0,0.0,0.0,0.0,0.0,0.0,1.0,0.0
10,10,0.0,0.0,0.0,0.0,0.0,0.0,0.0,0.0,0.0,0.0,1.0,0.0
10,10,0.0,0.0,0.0,0.0,0.0,0.0,0.0,0.0,0.0,0.0,1.0,0.0
10,10,0.0,0.0,0.0,0.0,0.0,0.0,0.0,0.0,0.0,0.0,1.0,0.0
10,10,0.0,0.0,0.0,0.0,0.0,0.0,0.0,0.0,0.0,0.0,1.0,0.0
10,10,0.0,0.0,0.0,0.0,0.0,0.0,0.0,0.0,0.0,0.0,1.0,0.0
10,10,0.0,0.0,0.0,0.0,0.0,0.0,0.0,0.0,0.0,0.0,1.0,0.0
10,10,0.0,0.0,0.0,0.0,0.0,0.0,0.0,0.0,0.0,0.0,1.0,0.0
10,10,0.0,0.0,0.0,0.0,0.0,0.0,0.0,0.0,0.0,0.0,1.0,0.0
10,10,0.0,0.0,0.0,0.0,0.0,0.0,0.0,0.0,0.0,0.0,1.0,0.0
10,10,0.0,0.0,0.0,0.0,0.0,0.0,0.0,0.0,0.0,0.0,1.0,0.0
10,10,0.0,0.0,0.0,0.0,0.0,0.0,0.0,0.0,0.0,0.0,1.0,0.0
10,10,0.0,0.0,0.0,0.0,0.0,0.0,0.0,0.0,0.0,0.0,1.0,0.0
10,10,0.0,0.0,0.0,0.0,0.0,0.0,0.0,0.0,0.0,0.0,1.0,0.0
10,10,0.0,0.0,0.0,0.0,0.0,0.0,0.0,0.0,0.0,0.0,1.0,0.0
10,10,0.0,0.0,0.0,0.0,0.0,0.0,0.0,0.0,0.0,0.0,1.0,0.0
10,10,0.0,0.0,0.0,0.0,0.0,0.0,0.0,0.0,0.0,0.0,1.0,0.0
10,10,0.0,0.0,0.0,0.0,0.0,0.0,0.0,0.0,0.0,0.0,1.0,0.0
10,10,0.0,0.0,0.0,0.0,0.0,0.0,0.0,0.0,0.0,0.0,1.0,0.0
10,10,0.0,0.0,0.0,0.0,0.0,0.0,0.0,0.0,0.0,0.0,1.0,0.0
10,10,0.0,0.0,0.0,0.0,0.0,0.0,0.0,0.0,0.0,0.0,1.0,0.0
10,10,0.0,0.0,0.0,0.0,0.0,0.0,0.0,0.0,0.0,0.0,1.0,0.0
10,10,0.0,0.0,0.0,0.0,0.0,0.0,0.0,0.0,0.0,0.0,1.0,0.0
10,10,0.0,0.0,0.0,0.0,0.0,0.0,0.0,0.0,0.0,0.0,1.0,0.0
10,10,0.0,0.0,0.0,0.0,0.0,0.0,0.0,0.0,0.0,0.0,1.0,0.0
10,10,0.0,0.0,0.0,0.0,0.0,0.0,0.0,0.0,0.0,0.0,1.0,0.0
10,10,0.0,0.0,0.0,0.0,0.0,0.0,0.0,0.0,0.0,0.0,1.0,0.0
10,10,0.0,0.0,0.0,0.0,0.0,0.0,0.0,0.0,0.0,0.0,1.0,0.0
10,10,0.0,0.0,0.0,0.0,0.0,0.0,0.0,0.0,0.0,0.0,1.0,0.0
10,10,0.0,0.0,0.0,0.0,0.0,0.0,0.0,0.0,0.0,0.0,1.0,0.0
10,10,0.0,0.0,0.0,0.0,0.0,0.0,0.0,0.0,0.0,0.0,1.0,0.0
10,10,0.0,0.0,0.0,0.0,0.0,0.0,0.0,0.0,0.0,0.0,1.0,0.0
10,10,0.0,0.0,0.0,0.0,0.0,0.0,0.0,0.0,0.0,0.0,1.0,0.0
10,10,0.0,0.0,0.0,0.0,0.0,0.0,0.0,0.0,0.0,0.0,1.0,0.0
10,10,0.0,0.0,0.0,0.0,0.0,0.0,0.0,0.0,0.0,0.0,1.0,0.0
10,10,0.0,0.0,0.0,0.0,0.0,0.0,0.0,0.0,0.0,0.0,1.0,0.0
10,10,0.0,0.0,0.0,0.0,0.0,0.0,0.0,0.0,0.0,0.0,1.0,0.0
10,10,0.0,0.0,0.0,0.0,0.0,0.0,0.0,0.0,0.0,0.0,1.0,0.0
10,10,0.0,0.0,0.0,0.0,0.0,0.0,0.0,0.0,0.0,0.0,1.0,0.0
10,10,0.0,0.0,0.0,0.0,0.0,0.0,0.0,0.0,0.0,0.0,1.0,0.0
10,10,0.0,0.0,0.0,0.0,0.0,0.0,0.0,0.0,0.0,0.0,1.0,0.0
10,10,0.0,0.0,0.0,0.0,0.0,0.0,0.0,0.0,0.0,0.0,1.0,0.0
10,10,0.0,0.0,0.0,0.0,0.0,0.0,0.0,0.0,0.0,0.0,1.0,0.0
10,10,0.0,0.0,0.0,0.0,0.0,0.0,0.0,0.0,0.0,0.0,1.0,0.0
10,10,0.0,0.0,0.0,0.0,0.0,0.0,0.0,0.0,0.0,0.0,1.0,0.0
10,10,0.0,0.0,0.0,0.0,0.0,0.0,0.0,0.0,0.0,0.0,1.0,0.0
10,10,0.0,0.0,0.0,0.0,0.0,0.0,0.0,0.0,0.0,0.0,1.0,0.0
10,10,0.0,0.0,0.0,0.0,0.0,0.0,0.0,0.0,0.0,0.0,1.0,0.0
10,10,0.0,0.0,0.0,0.0,0.0,0.0,0.0,0.0,0.0,0.0,1.0,0.0
10,10,0.0,0.0,0.0,0.0,0.0,0.0,0.0,0.0,0.0,0.0,1.0,0.0
10,10,0.0,0.0,0.0,0.0,0.0,0.0,0.0,0.0,0.0,0.0,1.0,0.0
10,10,0.0,0.0,0.0,0.0,0.0,0.0,0.0,0.0,0.0,0.0,1.0,0.0
10,10,0.0,0.0,0.0,0.0,0.0,0.0,0.0,0.0,0.0,0.0,1.0,0.0
10,10,0.0,0.0,0.0,0.0,0.0,0.0,0.0,0.0,0.0,0.0,1.0,0.0
10,10,0.0,0.0,0.0,0.0,0.0,0.0,0.0,0.0,0.0,0.0,1.0,0.0
10,10,0.0,0.0,0.0,0.0,0.0,0.0,0.0,0.0,0.0,0.0,1.0,0.0
10,10,0.0,0.0,0.0,0.0,0.0,0.0,0.0,0.0,0.0,0.0,1.0,0.0
10,10,0.0,0.0,0.0,0.0,0.0,0.0,0.0,0.0,0.0,0.0,1.0,0.0
10,10,0.0,0.0,0.0,0.0,0.0,0.0,0.0,0.0,0.0,0.0,1.0,0.0
10,10,0.0,0.0,0.0,0.0,0.0,0.0,0.0,0.0,0.0,0.0,1.0,0.0
10,10,0.0,0.0,0.0,0.0,0.0,0.0,0.0,0.0,0.0,0.0,1.0,0.0
10,10,0.0,0.0,0.0,0.0,0.0,0.0,0.0,0.0,0.0,0.0,1.0,0.0
10,10,0.0,0.0,0.0,0.0,0.0,0.0,0.0,0.0,0.0,0.0,1.0,0.0
10,10,0.0,0.0,0.0,0.0,0.0,0.0,0.0,0.0,0.0,0.0,1.0,0.0
10,10,0.0,0.0,0.0,0.0,0.0,0.0,0.0,0.0,0.0,0.0,1.0,0.0
10,10,0.0,0.0,0.0,0.0,0.0,0.0,0.0,0.0,0.0,0.0,1.0,0.0
10,10,0.0,0.0,0.0,0.0,0.0,0.0,0.0,0.0,0.0,0.0,1.0,0.0
10,10,0.0,0.0,0.0,0.0,0.0,0.0,0.0,0.0,0.0,0.0,1.0,0.0
10,10,0.0,0.0,0.0,0.0,0.0,0.0,0.0,0.0,0.0,0.0,1.0,0.0
10,10,0.0,0.0,0.0,0.0,0.0,0.0,0.0,0.0,0.0,0.0,1.0,0.0
10,10,0.0,0.0,0.0,0.0,0.0,0.0,0.0,0.0,0.0,0.0,1.0,0.0
10,10,0.0,0.0,0.0,0.0,0.0,0.0,0.0,0.0,0.0,0.0,1.0,0.0
10,10,0.0,0.0,0.0,0.0,0.0,0.0,0.0,0.0,0.0,0.0,1.0,0.0
10,10,0.0,0.0,0.0,0.0,0.0,0.0,0.0,0.0,0.0,0.0,1.0,0.0
10,10,0.0,0.0,0.0,0.0,0.0,0.0,0.0,0.0,0.0,0.0,1.0,0.0
10,10,0.0,0.0,0.0,0.0,0.0,0.0,0.0,0.0,0.0,0.0,1.0,0.0
10,10,0.0,0.0,0.0,0.0,0.0,0.0,0.0,0.0,0.0,0.0,1.0,0.0
10,10,0.0,0.0,0.0,0.0,0.0,0.0,0.0,0.0,0.0,0.0,1.0,0.0
10,10,0.0,0.0,0.0,0.0,0.0,0.0,0.0,0.0,0.0,0.0,1.0,0.0
10,10,0.0,0.0,0.0,0.0,0.0,0.0,0.0,0.0,0.0,0.0,1.0,0.0
10,10,0.0,0.0,0.0,0.0,0.0,0.0,0.0,0.0,0.0,0.0,1.0,0.0
10,10,0.0,0.0,0.0,0.0,0.0,0.0,0.0,0.0,0.0,0.0,1.0,0.0
10,10,0.0,0.0,0.0,0.0,0.0,0.0,0.0,0.0,0.0,0.0,1.0,0.0
10,10,0.0,0.0,0.0,0.0,0.0,0.0,0.0,0.0,0.0,0.0,1.0,0.0
10,10,0.0,0.0,0.0,0.0,0.0,0.0,0.0,0.0,0.0,0.0,1.0,0.0
10,10,0.0,0.0,0.0,0.0,0.0,0.0,0.0,0.0,0.0,0.0,1.0,0.0
10,10,0.0,0.0,0.0,0.0,0.0,0.0,0.0,0.0,0.0,0.0,1.0,0.0
10,10,0.0,0.0,0.0,0.0,0.0,0.0,0.0,0.0,0.0,0.0,1.0,0.0
10,10,0.0,0.0,0.0,0.0,0.0,0.0,0.0,0.0,0.0,0.0,1.0,0.0
10,10,0.0,0.0,0.0,0.0,0.0,0.0,0.0,0.0,0.0,0.0,1.0,0.0
10,10,0.0,0.0,0.0,0.0,0.0,0.0,0.0,0.0,0.0,0.0,1.0,0.0
10,10,0.0,0.0,0.0,0.0,0.0,0.0,0.0,0.0,0.0,0.0,1.0,0.0
10,10,0.0,0.0,0.0,0.0,0.0,0.0,0.0,0.0,0.0,0.0,1.0,0.0
10,10,0.0,0.0,0.0,0.0,0.0,0.0,0.0,0.0,0.0,0.0,1.0,0.0
10,10,0.0,0.0,0.0,0.0,0.0,0.0,0.0,0.0,0.0,0.0,1.0,0.0
10,10,0.0,0.0,0.0,0.0,0.0,0.0,0.0,0.0,0.0,0.0,1.0,0.0
10,10,0.0,0.0,0.0,0.0,0.0,0.0,0.0,0.0,0.0,0.0,1.0,0.0
10,10,0.0,0.0,0.0,0.0,0.0,0.0,0.0,0.0,0.0,0.0,1.0,0.0
10,10,0.0,0.0,0.0,0.0,0.0,0.0,0.0,0.0,0.0,0.0,1.0,0.0
10,10,0.0,0.0,0.0,0.0,0.0,0.0,0.0,0.0,0.0,0.0,1.0,0.0
10,10,0.0,0.0,0.0,0.0,0.0,0.0,0.0,0.0,0.0,0.0,1.0,0.0
10,10,0.0,0.0,0.0,0.0,0.0,0.0,0.0,0.0,0.0,0.0,1.0,0.0
10,10,0.0,0.0,0.0,0.0,0.0,0.0,0.0,0.0,0.0,0.0,1.0,0.0
10,10,0.0,0.0,0.0,0.0,0.0,0.0,0.0,0.0,0.0,0.0,1.0,0.0
10,10,0.0,0.0,0.0,0.0,0.0,0.0,0.0,0.0,0.0,0.0,1.0,0.0
10,10,0.0,0.0,0.0,0.0,0.0,0.0,0.0,0.0,0.0,0.0,1.0,0.0
10,10,0.0,0.0,0.0,0.0,0.0,0.0,0.0,0.0,0.0,0.0,1.0,0.0
10,10,0.0,0.0,0.0,0.0,0.0,0.0,0.0,0.0,0.0,0.0,1.0,0.0
10,10,0.0,0.0,0.0,0.0,0.0,0.0,0.0,0.0,0.0,0.0,1.0,0.0
10,10,0.0,0.0,0.0,0.0,0.0,0.0,0.0,0.0,0.0,0.0,1.0,0.0
10,10,0.0,0.0,0.0,0.0,0.0,0.0,0.0,0.0,0.0,0.0,1.0,0.0
10,10,0.0,0.0,0.0,0.0,0.0,0.0,0.0,0.0,0.0,0.0,1.0,0.0
10,10,0.0,0.0,0.0,0.0,0.0,0.0,0.0,0.0,0.0,0.0,1.0,0.0
10,10,0.0,0.0,0.0,0.0,0.0,0.0,0.0,0.0,0.0,0.0,1.0,0.0
10,10,0.0,0.0,0.0,0.0,0.0,0.0,0.0,0.0,0.0,0.0,1.0,0.0
10,10,0.0,0.0,0.0,0.0,0.0,0.0,0.0,0.0,0.0,0.0,1.0,0.0
10,10,0.0,0.0,0.0,0.0,0.0,0.0,0.0,0.0,0.0,0.0,1.0,0.0
10,10,0.0,0.0,0.0,0.0,0.0,0.0,0.0,0.0,0.0,0.0,1.0,0.0
10,10,0.0,0.0,0.0,0.0,0.0,0.0,0.0,0.0,0.0,0.0,1.0,0.0
10,10,0.0,0.0,0.0,0.0,0.0,0.0,0.0,0.0,0.0,0.0,1.0,0.0
10,10,0.0,0.0,0.0,0.0,0.0,0.0,0.0,0.0,0.0,0.0,1.0,0.0
10,10,0.0,0.0,0.0,0.0,0.0,0.0,0.0,0.0,0.0,0.0,1.0,0.0
10,10,0.0,0.0,0.0,0.0,0.0,0.0,0.0,0.0,0.0,0.0,1.0,0.0
10,10,0.0,0.0,0.0,0.0,0.0,0.0,0.0,0.0,0.0,0.0,1.0,0.0
10,10,0.0,0.0,0.0,0.0,0.0,0.0,0.0,0.0,0.0,0.0,1.0,0.0
10,10,0.0,0.0,0.0,0.0,0.0,0.0,0.0,0.0,0.0,0.0,1.0,0.0
10,10,0.0,0.0,0.0,0.0,0.0,0.0,0.0,0.0,0.0,0.0,1.0,0.0
10,10,0.0,0.0,0.0,0.0,0.0,0.0,0.0,0.0,0.0,0.0,1.0,0.0
10,10,0.0,0.0,0.0,0.0,0.0,0.0,0.0,0.0,0.0,0.0,1.0,0.0
10,10,0.0,0.0,0.0,0.0,0.0,0.0,0.0,0.0,0.0,0.0,1.0,0.0
10,10,0.0,0.0,0.0,0.0,0.0,0.0,0.0,0.0,0.0,0.0,1.0,0.0
10,10,0.0,0.0,0.0,0.0,0.0,0.0,0.0,0.0,0.0,0.0,1.0,0.0
10,10,0.0,0.0,0.0,0.0,0.0,0.0,0.0,0.0,0.0,0.0,1.0,0.0
10,10,0.0,0.0,0.0,0.0,0.0,0.0,0.0,0.0,0.0,0.0,1.0,0.0
10,10,0.0,0.0,0.0,0.0,0.0,0.0,0.0,0.0,0.0,0.0,1.0,0.0
10,10,0.0,0.0,0.0,0.0,0.0,0.0,0.0,0.0,0.0,0.0,1.0,0.0
10,10,0.0,0.0,0.0,0.0,0.0,0.0,0.0,0.0,0.0,0.0,1.0,0.0
10,10,0.0,0.0,0.0,0.0,0.0,0.0,0.0,0.0,0.0,0.0,1.0,0.0
10,10,0.0,0.0,0.0,0.0,0.0,0.0,0.0,0.0,0.0,0.0,1.0,0.0
10,10,0.0,0.0,0.0,0.0,0.0,0.0,0.0,0.0,0.0,0.0,1.0,0.0
10,10,0.0,0.0,0.0,0.0,0.0,0.0,0.0,0.0,0.0,0.0,1.0,0.0
10,10,0.0,0.0,0.0,0.0,0.0,0.0,0.0,0.0,0.0,0.0,1.0,0.0
10,10,0.0,0.0,0.0,0.0,0.0,0.0,0.0,0.0,0.0,0.0,1.0,0.0
10,10,0.0,0.0,0.0,0.0,0.0,0.0,0.0,0.0,0.0,0.0,1.0,0.0
10,10,0.0,0.0,0.0,0.0,0.0,0.0,0.0,0.0,0.0,0.0,1.0,0.0
10,10,0.0,0.0,0.0,0.0,0.0,0.0,0.0,0.0,0.0,0.0,1.0,0.0
10,10,0.0,0.0,0.0,0.0,0.0,0.0,0.0,0.0,0.0,0.0,1.0,0.0
10,10,0.0,0.0,0.0,0.0,0.0,0.0,0.0,0.0,0.0,0.0,1.0,0.0
10,10,0.0,0.0,0.0,0.0,0.0,0.0,0.0,0.0,0.0,0.0,1.0,0.0
10,10,0.0,0.0,0.0,0.0,0.0,0.0,0.0,0.0,0.0,0.0,1.0,0.0
10,10,0.0,0.0,0.0,0.0,0.0,0.0,0.0,0.0,0.0,0.0,1.0,0.0
10,10,0.0,0.0,0.0,0.0,0.0,0.0,0.0,0.0,0.0,0.0,1.0,0.0
10,10,0.0,0.0,0.0,0.0,0.0,0.0,0.0,0.0,0.0,0.0,1.0,0.0
10,10,0.0,0.0,0.0,0.0,0.0,0.0,0.0,0.0,0.0,0.0,1.0,0.0
10,10,0.0,0.0,0.0,0.0,0.0,0.0,0.0,0.0,0.0,0.0,1.0,0.0
10,10,0.0,0.0,0.0,0.0,0.0,0.0,0.0,0.0,0.0,0.0,1.0,0.0
10,10,0.0,0.0,0.0,0.0,0.0,0.0,0.0,0.0,0.0,0.0,1.0,0.0
10,10,0.0,0.0,0.0,0.0,0.0,0.0,0.0,0.0,0.0,0.0,1.0,0.0
10,10,0.0,0.0,0.0,0.0,0.0,0.0,0.0,0.0,0.0,0.0,1.0,0.0
10,10,0.0,0.0,0.0,0.0,0.0,0.0,0.0,0.0,0.0,0.0,1.0,0.0
10,10,0.0,0.0,0.0,0.0,0.0,0.0,0.0,0.0,0.0,0.0,1.0,0.0
10,10,0.0,0.0,0.0,0.0,0.0,0.0,0.0,0.0,0.0,0.0,1.0,0.0
10,10,0.0,0.0,0.0,0.0,0.0,0.0,0.0,0.0,0.0,0.0,1.0,0.0
10,10,0.0,0.0,0.0,0.0,0.0,0.0,0.0,0.0,0.0,0.0,1.0,0.0
10,10,0.0,0.0,0.0,0.0,0.0,0.0,0.0,0.0,0.0,0.0,1.0,0.0
10,10,0.0,0.0,0.0,0.0,0.0,0.0,0.0,0.0,0.0,0.0,1.0,0.0
10,10,0.0,0.0,0.0,0.0,0.0,0.0,0.0,0.0,0.0,0.0,1.0,0.0
10,10,0.0,0.0,0.0,0.0,0.0,0.0,0.0,0.0,0.0,0.0,1.0,0.0
10,10,0.0,0.0,0.0,0.0,0.0,0.0,0.0,0.0,0.0,0.0,1.0,0.0
10,10,0.0,0.0,0.0,0.0,0.0,0.0,0.0,0.0,0.0,0.0,1.0,0.0
10,10,0.0,0.0,0.0,0.0,0.0,0.0,0.0,0.0,0.0,0.0,1.0,0.0
10,10,0.0,0.0,0.0,0.0,0.0,0.0,0.0,0.0,0.0,0.0,1.0,0.0
10,10,0.0,0.0,0.0,0.0,0.0,0.0,0.0,0.0,0.0,0.0,1.0,0.0
10,10,0.0,0.0,0.0,0.0,0.0,0.0,0.0,0.0,0.0,0.0,1.0,0.0
10,10,0.0,0.0,0.0,0.0,0.0,0.0,0.0,0.0,0.0,0.0,1.0,0.0
10,10,0.0,0.0,0.0,0.0,0.0,0.0,0.0,0.0,0.0,0.0,1.0,0.0
10,10,0.0,0.0,0.0,0.0,0.0,0.0,0.0,0.0,0.0,0.0,1.0,0.0
10,10,0.0,0.0,0.0,0.0,0.0,0.0,0.0,0.0,0.0,0.0,1.0,0.0
10,10,0.0,0.0,0.0,0.0,0.0,0.0,0.0,0.0,0.0,0.0,1.0,0.0
10,10,0.0,0.0,0.0,0.0,0.0,0.0,0.0,0.0,0.0,0.0,1.0,0.0
10,10,0.0,0.0,0.0,0.0,0.0,0.0,0.0,0.0,0.0,0.0,1.0,0.0
10,10,0.0,0.0,0.0,0.0,0.0,0.0,0.0,0.0,0.0,0.0,1.0,0.0
10,10,0.0,0.0,0.0,0.0,0.0,0.0,0.0,0.0,0.0,0.0,1.0,0.0
10,10,0.0,0.0,0.0,0.0,0.0,0.0,0.0,0.0,0.0,0.0,1.0,0.0
10,10,0.0,0.0,0.0,0.0,0.0,0.0,0.0,0.0,0.0,0.0,1.0,0.0
10,10,0.0,0.0,0.0,0.0,0.0,0.0,0.0,0.0,0.0,0.0,1.0,0.0
10,10,0.0,0.0,0.0,0.0,0.0,0.0,0.0,0.0,0.0,0.0,1.0,0.0
10,10,0.0,0.0,0.0,0.0,0.0,0.0,0.0,0.0,0.0,0.0,1.0,0.0
10,10,0.0,0.0,0.0,0.0,0.0,0.0,0.0,0.0,0.0,0.0,1.0,0.0
10,10,0.0,0.0,0.0,0.0,0.0,0.0,0.0,0.0,0.0,0.0,1.0,0.0
10,10,0.0,0.0,0.0,0.0,0.0,0.0,0.0,0.0,0.0,0.0,1.0,0.0
10,10,0.0,0.0,0.0,0.0,0.0,0.0,0.0,0.0,0.0,0.0,1.0,0.0
10,10,0.0,0.0,0.0,0.0,0.0,0.0,0.0,0.0,0.0,0.0,1.0,0.0
10,10,0.0,0.0,0.0,0.0,0.0,0.0,0.0,0.0,0.0,0.0,1.0,0.0
10,10,0.0,0.0,0.0,0.0,0.0,0.0,0.0,0.0,0.0,0.0,1.0,0.0
10,10,0.0,0.0,0.0,0.0,0.0,0.0,0.0,0.0,0.0,0.0,1.0,0.0
10,10,0.0,0.0,0.0,0.0,0.0,0.0,0.0,0.0,0.0,0.0,1.0,0.0
10,10,0.0,0.0,0.0,0.0,0.0,0.0,0.0,0.0,0.0,0.0,1.0,0.0
10,10,0.0,0.0,0.0,0.0,0.0,0.0,0.0,0.0,0.0,0.0,1.0,0.0
10,10,0.0,0.0,0.0,0.0,0.0,0.0,0.0,0.0,0.0,0.0,1.0,0.0
10,10,0.0,0.0,0.0,0.0,0.0,0.0,0.0,0.0,0.0,0.0,1.0,0.0
10,10,0.0,0.0,0.0,0.0,0.0,0.0,0.0,0.0,0.0,0.0,1.0,0.0
10,10,0.0,0.0,0.0,0.0,0.0,0.0,0.0,0.0,0.0,0.0,1.0,0.0
10,10,0.0,0.0,0.0,0.0,0.0,0.0,0.0,0.0,0.0,0.0,1.0,0.0
10,10,0.0,0.0,0.0,0.0,0.0,0.0,0.0,0.0,0.0,0.0,1.0,0.0
10,10,0.0,0.0,0.0,0.0,0.0,0.0,0.0,0.0,0.0,0.0,1.0,0.0
10,10,0.0,0.0,0.0,0.0,0.0,0.0,0.0,0.0,0.0,0.0,1.0,0.0
10,10,0.0,0.0,0.0,0.0,0.0,0.0,0.0,0.0,0.0,0.0,1.0,0.0
10,10,0.0,0.0,0.0,0.0,0.0,0.0,0.0,0.0,0.0,0.0,1.0,0.0
10,10,0.0,0.0,0.0,0.0,0.0,0.0,0.0,0.0,0.0,0.0,1.0,0.0
10,10,0.0,0.0,0.0,0.0,0.0,0.0,0.0,0.0,0.0,0.0,1.0,0.0
10,10,0.0,0.0,0.0,0.0,0.0,0.0,0.0,0.0,0.0,0.0,1.0,0.0
10,10,0.0,0.0,0.0,0.0,0.0,0.0,0.0,0.0,0.0,0.0,1.0,0.0
10,10,0.0,0.0,0.0,0.0,0.0,0.0,0.0,0.0,0.0,0.0,1.0,0.0
10,10,0.0,0.0,0.0,0.0,0.0,0.0,0.0,0.0,0.0,0.0,1.0,0.0
10,10,0.0,0.0,0.0,0.0,0.0,0.0,0.0,0.0,0.0,0.0,1.0,0.0
10,10,0.0,0.0,0.0,0.0,0.0,0.0,0.0,0.0,0.0,0.0,1.0,0.0
10,10,0.0,0.0,0.0,0.0,0.0,0.0,0.0,0.0,0.0,0.0,1.0,0.0
10,10,0.0,0.0,0.0,0.0,0.0,0.0,0.0,0.0,0.0,0.0,1.0,0.0
10,10,0.0,0.0,0.0,0.0,0.0,0.0,0.0,0.0,0.0,0.0,1.0,0.0
10,10,0.0,0.0,0.0,0.0,0.0,0.0,0.0,0.0,0.0,0.0,1.0,0.0
10,10,0.0,0.0,0.0,0.0,0.0,0.0,0.0,0.0,0.0,0.0,1.0,0.0
10,10,0.0,0.0,0.0,0.0,0.0,0.0,0.0,0.0,0.0,0.0,1.0,0.0
10,10,0.0,0.0,0.0,0.0,0.0,0.0,0.0,0.0,0.0,0.0,1.0,0.0
10,10,0.0,0.0,0.0,0.0,0.0,0.0,0.0,0.0,0.0,0.0,1.0,0.0
10,10,0.0,0.0,0.0,0.0,0.0,0.0,0.0,0.0,0.0,0.0,1.0,0.0
10,10,0.0,0.0,0.0,0.0,0.0,0.0,0.0,0.0,0.0,0.0,1.0,0.0
10,10,0.0,0.0,0.0,0.0,0.0,0.0,0.0,0.0,0.0,0.0,1.0,0.0
10,10,0.0,0.0,0.0,0.0,0.0,0.0,0.0,0.0,0.0,0.0,1.0,0.0
10,10,0.0,0.0,0.0,0.0,0.0,0.0,0.0,0.0,0.0,0.0,1.0,0.0
10,10,0.0,0.0,0.0,0.0,0.0,0.0,0.0,0.0,0.0,0.0,1.0,0.0
10,10,0.0,0.0,0.0,0.0,0.0,0.0,0.0,0.0,0.0,0.0,1.0,0.0
10,10,0.0,0.0,0.0,0.0,0.0,0.0,0.0,0.0,0.0,0.0,1.0,0.0
10,10,0.0,0.0,0.0,0.0,0.0,0.0,0.0,0.0,0.0,0.0,1.0,0.0
10,10,0.0,0.0,0.0,0.0,0.0,0.0,0.0,0.0,0.0,0.0,1.0,0.0
10,10,0.0,0.0,0.0,0.0,0.0,0.0,0.0,0.0,0.0,0.0,1.0,0.0
10,10,0.0,0.0,0.0,0.0,0.0,0.0,0.0,0.0,0.0,0.0,1.0,0.0
10,10,0.0,0.0,0.0,0.0,0.0,0.0,0.0,0.0,0.0,0.0,1.0,0.0
10,10,0.0,0.0,0.0,0.0,0.0,0.0,0.0,0.0,0.0,0.0,1.0,0.0
10,10,0.0,0.0,0.0,0.0,0.0,0.0,0.0,0.0,0.0,0.0,1.0,0.0
10,10,0.0,0.0,0.0,0.0,0.0,0.0,0.0,0.0,0.0,0.0,1.0,0.0
10,10,0.0,0.0,0.0,0.0,0.0,0.0,0.0,0.0,0.0,0.0,1.0,0.0
10,10,0.0,0.0,0.0,0.0,0.0,0.0,0.0,0.0,0.0,0.0,1.0,0.0
10,10,0.0,0.0,0.0,0.0,0.0,0.0,0.0,0.0,0.0,0.0,1.0,0.0
10,10,0.0,0.0,0.0,0.0,0.0,0.0,0.0,0.0,0.0,0.0,1.0,0.0
10,10,0.0,0.0,0.0,0.0,0.0,0.0,0.0,0.0,0.0,0.0,1.0,0.0
10,10,0.0,0.0,0.0,0.0,0.0,0.0,0.0,0.0,0.0,0.0,1.0,0.0
10,10,0.0,0.0,0.0,0.0,0.0,0.0,0.0,0.0,0.0,0.0,1.0,0.0
10,10,0.0,0.0,0.0,0.0,0.0,0.0,0.0,0.0,0.0,0.0,1.0,0.0
10,10,0.0,0.0,0.0,0.0,0.0,0.0,0.0,0.0,0.0,0.0,1.0,0.0
10,10,0.0,0.0,0.0,0.0,0.0,0.0,0.0,0.0,0.0,0.0,1.0,0.0
10,10,0.0,0.0,0.0,0.0,0.0,0.0,0.0,0.0,0.0,0.0,1.0,0.0
10,10,0.0,0.0,0.0,0.0,0.0,0.0,0.0,0.0,0.0,0.0,1.0,0.0
10,10,0.0,0.0,0.0,0.0,0.0,0.0,0.0,0.0,0.0,0.0,1.0,0.0
10,10,0.0,0.0,0.0,0.0,0.0,0.0,0.0,0.0,0.0,0.0,1.0,0.0
10,10,0.0,0.0,0.0,0.0,0.0,0.0,0.0,0.0,0.0,0.0,1.0,0.0
10,10,0.0,0.0,0.0,0.0,0.0,0.0,0.0,0.0,0.0,0.0,1.0,0.0
10,10,0.0,0.0,0.0,0.0,0.0,0.0,0.0,0.0,0.0,0.0,1.0,0.0
10,10,0.0,0.0,0.0,0.0,0.0,0.0,0.0,0.0,0.0,0.0,1.0,0.0
10,10,0.0,0.0,0.0,0.0,0.0,0.0,0.0,0.0,0.0,0.0,1.0,0.0
10,10,0.0,0.0,0.0,0.0,0.0,0.0,0.0,0.0,0.0,0.0,1.0,0.0
10,10,0.0,0.0,0.0,0.0,0.0,0.0,0.0,0.0,0.0,0.0,1.0,0.0
10,10,0.0,0.0,0.0,0.0,0.0,0.0,0.0,0.0,0.0,0.0,1.0,0.0
10,10,0.0,0.0,0.0,0.0,0.0,0.0,0.0,0.0,0.0,0.0,1.0,0.0
10,10,0.0,0.0,0.0,0.0,0.0,0.0,0.0,0.0,0.0,0.0,1.0,0.0
10,10,0.0,0.0,0.0,0.0,0.0,0.0,0.0,0.0,0.0,0.0,1.0,0.0
10,10,0.0,0.0,0.0,0.0,0.0,0.0,0.0,0.0,0.0,0.0,1.0,0.0
10,10,0.0,0.0,0.0,0.0,0.0,0.0,0.0,0.0,0.0,0.0,1.0,0.0
10,10,0.0,0.0,0.0,0.0,0.0,0.0,0.0,0.0,0.0,0.0,1.0,0.0
10,10,0.0,0.0,0.0,0.0,0.0,0.0,0.0,0.0,0.0,0.0,1.0,0.0
10,10,0.0,0.0,0.0,0.0,0.0,0.0,0.0,0.0,0.0,0.0,1.0,0.0
10,10,0.0,0.0,0.0,0.0,0.0,0.0,0.0,0.0,0.0,0.0,1.0,0.0
10,10,0.0,0.0,0.0,0.0,0.0,0.0,0.0,0.0,0.0,0.0,1.0,0.0
10,10,0.0,0.0,0.0,0.0,0.0,0.0,0.0,0.0,0.0,0.0,1.0,0.0
10,10,0.0,0.0,0.0,0.0,0.0,0.0,0.0,0.0,0.0,0.0,1.0,0.0
10,10,0.0,0.0,0.0,0.0,0.0,0.0,0.0,0.0,0.0,0.0,1.0,0.0
10,10,0.0,0.0,0.0,0.0,0.0,0.0,0.0,0.0,0.0,0.0,1.0,0.0
10,10,0.0,0.0,0.0,0.0,0.0,0.0,0.0,0.0,0.0,0.0,1.0,0.0
10,10,0.0,0.0,0.0,0.0,0.0,0.0,0.0,0.0,0.0,0.0,1.0,0.0
10,10,0.0,0.0,0.0,0.0,0.0,0.0,0.0,0.0,0.0,0.0,1.0,0.0
10,10,0.0,0.0,0.0,0.0,0.0,0.0,0.0,0.0,0.0,0.0,1.0,0.0
10,10,0.0,0.0,0.0,0.0,0.0,0.0,0.0,0.0,0.0,0.0,1.0,0.0
10,10,0.0,0.0,0.0,0.0,0.0,0.0,0.0,0.0,0.0,0.0,1.0,0.0
10,10,0.0,0.0,0.0,0.0,0.0,0.0,0.0,0.0,0.0,0.0,1.0,0.0
10,10,0.0,0.0,0.0,0.0,0.0,0.0,0.0,0.0,0.0,0.0,1.0,0.0
10,10,0.0,0.0,0.0,0.0,0.0,0.0,0.0,0.0,0.0,0.0,1.0,0.0
10,10,0.0,0.0,0.0,0.0,0.0,0.0,0.0,0.0,0.0,0.0,1.0,0.0
10,10,0.0,0.0,0.0,0.0,0.0,0.0,0.0,0.0,0.0,0.0,1.0,0.0
10,10,0.0,0.0,0.0,0.0,0.0,0.0,0.0,0.0,0.0,0.0,1.0,0.0
10,10,0.0,0.0,0.0,0.0,0.0,0.0,0.0,0.0,0.0,0.0,1.0,0.0
10,10,0.0,0.0,0.0,0.0,0.0,0.0,0.0,0.0,0.0,0.0,1.0,0.0
10,10,0.0,0.0,0.0,0.0,0.0,0.0,0.0,0.0,0.0,0.0,1.0,0.0
10,10,0.0,0.0,0.0,0.0,0.0,0.0,0.0,0.0,0.0,0.0,1.0,0.0
10,10,0.0,0.0,0.0,0.0,0.0,0.0,0.0,0.0,0.0,0.0,1.0,0.0
10,10,0.0,0.0,0.0,0.0,0.0,0.0,0.0,0.0,0.0,0.0,1.0,0.0
10,10,0.0,0.0,0.0,0.0,0.0,0.0,0.0,0.0,0.0,0.0,1.0,0.0
10,10,0.0,0.0,0.0,0.0,0.0,0.0,0.0,0.0,0.0,0.0,1.0,0.0
10,10,0.0,0.0,0.0,0.0,0.0,0.0,0.0,0.0,0.0,0.0,1.0,0.0
10,10,0.0,0.0,0.0,0.0,0.0,0.0,0.0,0.0,0.0,0.0,1.0,0.0
10,10,0.0,0.0,0.0,0.0,0.0,0.0,0.0,0.0,0.0,0.0,1.0,0.0
10,10,0.0,0.0,0.0,0.0,0.0,0.0,0.0,0.0,0.0,0.0,1.0,0.0
10,10,0.0,0.0,0.0,0.0,0.0,0.0,0.0,0.0,0.0,0.0,1.0,0.0
10,10,0.0,0.0,0.0,0.0,0.0,0.0,0.0,0.0,0.0,0.0,1.0,0.0
10,10,0.0,0.0,0.0,0.0,0.0,0.0,0.0,0.0,0.0,0.0,1.0,0.0
10,10,0.0,0.0,0.0,0.0,0.0,0.0,0.0,0.0,0.0,0.0,1.0,0.0
10,10,0.0,0.0,0.0,0.0,0.0,0.0,0.0,0.0,0.0,0.0,1.0,0.0
10,10,0.0,0.0,0.0,0.0,0.0,0.0,0.0,0.0,0.0,0.0,1.0,0.0
10,10,0.0,0.0,0.0,0.0,0.0,0.0,0.0,0.0,0.0,0.0,1.0,0.0
10,10,0.0,0.0,0.0,0.0,0.0,0.0,0.0,0.0,0.0,0.0,1.0,0.0
10,10,0.0,0.0,0.0,0.0,0.0,0.0,0.0,0.0,0.0,0.0,1.0,0.0
10,10,0.0,0.0,0.0,0.0,0.0,0.0,0.0,0.0,0.0,0.0,1.0,0.0
10,10,0.0,0.0,0.0,0.0,0.0,0.0,0.0,0.0,0.0,0.0,1.0,0.0
10,10,0.0,0.0,0.0,0.0,0.0,0.0,0.0,0.0,0.0,0.0,1.0,0.0
10,10,0.0,0.0,0.0,0.0,0.0,0.0,0.0,0.0,0.0,0.0,1.0,0.0
10,10,0.0,0.0,0.0,0.0,0.0,0.0,0.0,0.0,0.0,0.0,1.0,0.0
10,10,0.0,0.0,0.0,0.0,0.0,0.0,0.0,0.0,0.0,0.0,1.0,0.0
10,10,0.0,0.0,0.0,0.0,0.0,0.0,0.0,0.0,0.0,0.0,1.0,0.0
10,10,0.0,0.0,0.0,0.0,0.0,0.0,0.0,0.0,0.0,0.0,1.0,0.0
10,10,0.0,0.0,0.0,0.0,0.0,0.0,0.0,0.0,0.0,0.0,1.0,0.0
10,10,0.0,0.0,0.0,0.0,0.0,0.0,0.0,0.0,0.0,0.0,1.0,0.0
10,10,0.0,0.0,0.0,0.0,0.0,0.0,0.0,0.0,0.0,0.0,1.0,0.0
10,10,0.0,0.0,0.0,0.0,0.0,0.0,0.0,0.0,0.0,0.0,1.0,0.0
10,10,0.0,0.0,0.0,0.0,0.0,0.0,0.0,0.0,0.0,0.0,1.0,0.0
10,10,0.0,0.0,0.0,0.0,0.0,0.0,0.0,0.0,0.0,0.0,1.0,0.0
10,10,0.0,0.0,0.0,0.0,0.0,0.0,0.0,0.0,0.0,0.0,1.0,0.0
10,10,0.0,0.0,0.0,0.0,0.0,0.0,0.0,0.0,0.0,0.0,1.0,0.0
10,10,0.0,0.0,0.0,0.0,0.0,0.0,0.0,0.0,0.0,0.0,1.0,0.0
10,10,0.0,0.0,0.0,0.0,0.0,0.0,0.0,0.0,0.0,0.0,1.0,0.0
10,10,0.0,0.0,0.0,0.0,0.0,0.0,0.0,0.0,0.0,0.0,1.0,0.0
10,10,0.0,0.0,0.0,0.0,0.0,0.0,0.0,0.0,0.0,0.0,1.0,0.0
10,10,0.0,0.0,0.0,0.0,0.0,0.0,0.0,0.0,0.0,0.0,1.0,0.0
10,10,0.0,0.0,0.0,0.0,0.0,0.0,0.0,0.0,0.0,0.0,1.0,0.0
10,10,0.0,0.0,0.0,0.0,0.0,0.0,0.0,0.0,0.0,0.0,1.0,0.0
10,10,0.0,0.0,0.0,0.0,0.0,0.0,0.0,0.0,0.0,0.0,1.0,0.0
10,10,0.0,0.0,0.0,0.0,0.0,0.0,0.0,0.0,0.0,0.0,1.0,0.0
10,10,0.0,0.0,0.0,0.0,0.0,0.0,0.0,0.0,0.0,0.0,1.0,0.0
10,10,0.0,0.0,0.0,0.0,0.0,0.0,0.0,0.0,0.0,0.0,1.0,0.0
10,10,0.0,0.0,0.0,0.0,0.0,0.0,0.0,0.0,0.0,0.0,1.0,0.0
10,10,0.0,0.0,0.0,0.0,0.0,0.0,0.0,0.0,0.0,0.0,1.0,0.0
10,10,0.0,0.0,0.0,0.0,0.0,0.0,0.0,0.0,0.0,0.0,1.0,0.0
10,10,0.0,0.0,0.0,0.0,0.0,0.0,0.0,0.0,0.0,0.0,1.0,0.0
10,10,0.0,0.0,0.0,0.0,0.0,0.0,0.0,0.0,0.0,0.0,1.0,0.0
10,10,0.0,0.0,0.0,0.0,0.0,0.0,0.0,0.0,0.0,0.0,1.0,0.0
10,10,0.0,0.0,0.0,0.0,0.0,0.0,0.0,0.0,0.0,0.0,1.0,0.0
10,10,0.0,0.0,0.0,0.0,0.0,0.0,0.0,0.0,0.0,0.0,1.0,0.0
10,10,0.0,0.0,0.0,0.0,0.0,0.0,0.0,0.0,0.0,0.0,1.0,0.0
10,10,0.0,0.0,0.0,0.0,0.0,0.0,0.0,0.0,0.0,0.0,1.0,0.0
10,10,0.0,0.0,0.0,0.0,0.0,0.0,0.0,0.0,0.0,0.0,1.0,0.0
10,10,0.0,0.0,0.0,0.0,0.0,0.0,0.0,0.0,0.0,0.0,1.0,0.0
10,10,0.0,0.0,0.0,0.0,0.0,0.0,0.0,0.0,0.0,0.0,1.0,0.0
10,10,0.0,0.0,0.0,0.0,0.0,0.0,0.0,0.0,0.0,0.0,1.0,0.0
10,10,0.0,0.0,0.0,0.0,0.0,0.0,0.0,0.0,0.0,0.0,1.0,0.0
10,10,0.0,0.0,0.0,0.0,0.0,0.0,0.0,0.0,0.0,0.0,1.0,0.0
10,10,0.0,0.0,0.0,0.0,0.0,0.0,0.0,0.0,0.0,0.0,1.0,0.0
10,10,0.0,0.0,0.0,0.0,0.0,0.0,0.0,0.0,0.0,0.0,1.0,0.0
10,10,0.0,0.0,0.0,0.0,0.0,0.0,0.0,0.0,0.0,0.0,1.0,0.0
10,10,0.0,0.0,0.0,0.0,0.0,0.0,0.0,0.0,0.0,0.0,1.0,0.0
10,10,0.0,0.0,0.0,0.0,0.0,0.0,0.0,0.0,0.0,0.0,1.0,0.0
10,10,0.0,0.0,0.0,0.0,0.0,0.0,0.0,0.0,0.0,0.0,1.0,0.0
10,10,0.0,0.0,0.0,0.0,0.0,0.0,0.0,0.0,0.0,0.0,1.0,0.0
10,10,0.0,0.0,0.0,0.0,0.0,0.0,0.0,0.0,0.0,0.0,1.0,0.0
10,10,0.0,0.0,0.0,0.0,0.0,0.0,0.0,0.0,0.0,0.0,1.0,0.0
10,10,0.0,0.0,0.0,0.0,0.0,0.0,0.0,0.0,0.0,0.0,1.0,0.0
10,10,0.0,0.0,0.0,0.0,0.0,0.0,0.0,0.0,0.0,0.0,1.0,0.0
10,10,0.0,0.0,0.0,0.0,0.0,0.0,0.0,0.0,0.0,0.0,1.0,0.0
10,10,0.0,0.0,0.0,0.0,0.0,0.0,0.0,0.0,0.0,0.0,1.0,0.0
10,10,0.0,0.0,0.0,0.0,0.0,0.0,0.0,0.0,0.0,0.0,1.0,0.0
10,10,0.0,0.0,0.0,0.0,0.0,0.0,0.0,0.0,0.0,0.0,1.0,0.0
10,10,0.0,0.0,0.0,0.0,0.0,0.0,0.0,0.0,0.0,0.0,1.0,0.0
10,10,0.0,0.0,0.0,0.0,0.0,0.0,0.0,0.0,0.0,0.0,1.0,0.0
10,10,0.0,0.0,0.0,0.0,0.0,0.0,0.0,0.0,0.0,0.0,1.0,0.0
10,10,0.0,0.0,0.0,0.0,0.0,0.0,0.0,0.0,0.0,0.0,1.0,0.0
10,10,0.0,0.0,0.0,0.0,0.0,0.0,0.0,0.0,0.0,0.0,1.0,0.0
10,10,0.0,0.0,0.0,0.0,0.0,0.0,0.0,0.0,0.0,0.0,1.0,0.0
10,10,0.0,0.0,0.0,0.0,0.0,0.0,0.0,0.0,0.0,0.0,1.0,0.0
10,10,0.0,0.0,0.0,0.0,0.0,0.0,0.0,0.0,0.0,0.0,1.0,0.0
10,10,0.0,0.0,0.0,0.0,0.0,0.0,0.0,0.0,0.0,0.0,1.0,0.0
10,10,0.0,0.0,0.0,0.0,0.0,0.0,0.0,0.0,0.0,0.0,1.0,0.0
10,10,0.0,0.0,0.0,0.0,0.0,0.0,0.0,0.0,0.0,0.0,1.0,0.0
10,10,0.0,0.0,0.0,0.0,0.0,0.0,0.0,0.0,0.0,0.0,1.0,0.0
10,10,0.0,0.0,0.0,0.0,0.0,0.0,0.0,0.0,0.0,0.0,1.0,0.0
10,10,0.0,0.0,0.0,0.0,0.0,0.0,0.0,0.0,0.0,0.0,1.0,0.0
10,10,0.0,0.0,0.0,0.0,0.0,0.0,0.0,0.0,0.0,0.0,1.0,0.0
10,10,0.0,0.0,0.0,0.0,0.0,0.0,0.0,0.0,0.0,0.0,1.0,0.0
10,10,0.0,0.0,0.0,0.0,0.0,0.0,0.0,0.0,0.0,0.0,1.0,0.0
10,10,0.0,0.0,0.0,0.0,0.0,0.0,0.0,0.0,0.0,0.0,1.0,0.0
10,10,0.0,0.0,0.0,0.0,0.0,0.0,0.0,0.0,0.0,0.0,1.0,0.0
10,10,0.0,0.0,0.0,0.0,0.0,0.0,0.0,0.0,0.0,0.0,1.0,0.0
10,10,0.0,0.0,0.0,0.0,0.0,0.0,0.0,0.0,0.0,0.0,1.0,0.0
10,10,0.0,0.0,0.0,0.0,0.0,0.0,0.0,0.0,0.0,0.0,1.0,0.0
10,10,0.0,0.0,0.0,0.0,0.0,0.0,0.0,0.0,0.0,0.0,1.0,0.0
10,10,0.0,0.0,0.0,0.0,0.0,0.0,0.0,0.0,0.0,0.0,1.0,0.0
10,10,0.0,0.0,0.0,0.0,0.0,0.0,0.0,0.0,0.0,0.0,1.0,0.0
10,10,0.0,0.0,0.0,0.0,0.0,0.0,0.0,0.0,0.0,0.0,1.0,0.0
10,10,0.0,0.0,0.0,0.0,0.0,0.0,0.0,0.0,0.0,0.0,1.0,0.0
10,10,0.0,0.0,0.0,0.0,0.0,0.0,0.0,0.0,0.0,0.0,1.0,0.0
10,10,0.0,0.0,0.0,0.0,0.0,0.0,0.0,0.0,0.0,0.0,1.0,0.0
10,10,0.0,0.0,0.0,0.0,0.0,0.0,0.0,0.0,0.0,0.0,1.0,0.0
10,10,0.0,0.0,0.0,0.0,0.0,0.0,0.0,0.0,0.0,0.0,1.0,0.0
10,10,0.0,0.0,0.0,0.0,0.0,0.0,0.0,0.0,0.0,0.0,1.0,0.0
10,10,0.0,0.0,0.0,0.0,0.0,0.0,0.0,0.0,0.0,0.0,1.0,0.0
10,10,0.0,0.0,0.0,0.0,0.0,0.0,0.0,0.0,0.0,0.0,1.0,0.0
10,10,0.0,0.0,0.0,0.0,0.0,0.0,0.0,0.0,0.0,0.0,1.0,0.0
10,10,0.0,0.0,0.0,0.0,0.0,0.0,0.0,0.0,0.0,0.0,1.0,0.0
10,10,0.0,0.0,0.0,0.0,0.0,0.0,0.0,0.0,0.0,0.0,1.0,0.0
10,10,0.0,0.0,0.0,0.0,0.0,0.0,0.0,0.0,0.0,0.0,1.0,0.0
10,10,0.0,0.0,0.0,0.0,0.0,0.0,0.0,0.0,0.0,0.0,1.0,0.0
10,10,0.0,0.0,0.0,0.0,0.0,0.0,0.0,0.0,0.0,0.0,1.0,0.0
10,10,0.0,0.0,0.0,0.0,0.0,0.0,0.0,0.0,0.0,0.0,1.0,0.0
10,10,0.0,0.0,0.0,0.0,0.0,0.0,0.0,0.0,0.0,0.0,1.0,0.0
10,10,0.0,0.0,0.0,0.0,0.0,0.0,0.0,0.0,0.0,0.0,1.0,0.0
10,10,0.0,0.0,0.0,0.0,0.0,0.0,0.0,0.0,0.0,0.0,1.0,0.0
10,10,0.0,0.0,0.0,0.0,0.0,0.0,0.0,0.0,0.0,0.0,1.0,0.0
10,10,0.0,0.0,0.0,0.0,0.0,0.0,0.0,0.0,0.0,0.0,1.0,0.0
10,10,0.0,0.0,0.0,0.0,0.0,0.0,0.0,0.0,0.0,0.0,1.0,0.0
10,10,0.0,0.0,0.0,0.0,0.0,0.0,0.0,0.0,0.0,0.0,1.0,0.0
10,10,0.0,0.0,0.0,0.0,0.0,0.0,0.0,0.0,0.0,0.0,1.0,0.0
10,10,0.0,0.0,0.0,0.0,0.0,0.0,0.0,0.0,0.0,0.0,1.0,0.0
10,10,0.0,0.0,0.0,0.0,0.0,0.0,0.0,0.0,0.0,0.0,1.0,0.0
10,10,0.0,0.0,0.0,0.0,0.0,0.0,0.0,0.0,0.0,0.0,1.0,0.0
10,10,0.0,0.0,0.0,0.0,0.0,0.0,0.0,0.0,0.0,0.0,1.0,0.0
10,10,0.0,0.0,0.0,0.0,0.0,0.0,0.0,0.0,0.0,0.0,1.0,0.0
10,10,0.0,0.0,0.0,0.0,0.0,0.0,0.0,0.0,0.0,0.0,1.0,0.0
10,10,0.0,0.0,0.0,0.0,0.0,0.0,0.0,0.0,0.0,0.0,1.0,0.0
10,10,0.0,0.0,0.0,0.0,0.0,0.0,0.0,0.0,0.0,0.0,1.0,0.0
10,10,0.0,0.0,0.0,0.0,0.0,0.0,0.0,0.0,0.0,0.0,1.0,0.0
10,10,0.0,0.0,0.0,0.0,0.0,0.0,0.0,0.0,0.0,0.0,1.0,0.0
10,10,0.0,0.0,0.0,0.0,0.0,0.0,0.0,0.0,0.0,0.0,1.0,0.0
10,10,0.0,0.0,0.0,0.0,0.0,0.0,0.0,0.0,0.0,0.0,1.0,0.0
10,10,0.0,0.0,0.0,0.0,0.0,0.0,0.0,0.0,0.0,0.0,1.0,0.0
10,10,0.0,0.0,0.0,0.0,0.0,0.0,0.0,0.0,0.0,0.0,1.0,0.0
10,10,0.0,0.0,0.0,0.0,0.0,0.0,0.0,0.0,0.0,0.0,1.0,0.0
10,10,0.0,0.0,0.0,0.0,0.0,0.0,0.0,0.0,0.0,0.0,1.0,0.0
10,10,0.0,0.0,0.0,0.0,0.0,0.0,0.0,0.0,0.0,0.0,1.0,0.0
10,10,0.0,0.0,0.0,0.0,0.0,0.0,0.0,0.0,0.0,0.0,1.0,0.0
10,10,0.0,0.0,0.0,0.0,0.0,0.0,0.0,0.0,0.0,0.0,1.0,0.0
10,10,0.0,0.0,0.0,0.0,0.0,0.0,0.0,0.0,0.0,0.0,1.0,0.0
10,10,0.0,0.0,0.0,0.0,0.0,0.0,0.0,0.0,0.0,0.0,1.0,0.0
10,10,0.0,0.0,0.0,0.0,0.0,0.0,0.0,0.0,0.0,0.0,1.0,0.0
10,10,0.0,0.0,0.0,0.0,0.0,0.0,0.0,0.0,0.0,0.0,1.0,0.0
10,10,0.0,0.0,0.0,0.0,0.0,0.0,0.0,0.0,0.0,0.0,1.0,0.0
10,10,0.0,0.0,0.0,0.0,0.0,0.0,0.0,0.0,0.0,0.0,1.0,0.0
10,10,0.0,0.0,0.0,0.0,0.0,0.0,0.0,0.0,0.0,0.0,1.0,0.0
10,10,0.0,0.0,0.0,0.0,0.0,0.0,0.0,0.0,0.0,0.0,1.0,0.0
10,10,0.0,0.0,0.0,0.0,0.0,0.0,0.0,0.0,0.0,0.0,1.0,0.0
10,10,0.0,0.0,0.0,0.0,0.0,0.0,0.0,0.0,0.0,0.0,1.0,0.0
10,10,0.0,0.0,0.0,0.0,0.0,0.0,0.0,0.0,0.0,0.0,1.0,0.0
10,10,0.0,0.0,0.0,0.0,0.0,0.0,0.0,0.0,0.0,0.0,1.0,0.0
10,10,0.0,0.0,0.0,0.0,0.0,0.0,0.0,0.0,0.0,0.0,1.0,0.0
10,10,0.0,0.0,0.0,0.0,0.0,0.0,0.0,0.0,0.0,0.0,1.0,0.0
10,10,0.0,0.0,0.0,0.0,0.0,0.0,0.0,0.0,0.0,0.0,1.0,0.0
10,10,0.0,0.0,0.0,0.0,0.0,0.0,0.0,0.0,0.0,0.0,1.0,0.0
10,10,0.0,0.0,0.0,0.0,0.0,0.0,0.0,0.0,0.0,0.0,1.0,0.0
10,10,0.0,0.0,0.0,0.0,0.0,0.0,0.0,0.0,0.0,0.0,1.0,0.0
10,10,0.0,0.0,0.0,0.0,0.0,0.0,0.0,0.0,0.0,0.0,1.0,0.0
10,10,0.0,0.0,0.0,0.0,0.0,0.0,0.0,0.0,0.0,0.0,1.0,0.0
10,10,0.0,0.0,0.0,0.0,0.0,0.0,0.0,0.0,0.0,0.0,1.0,0.0
10,10,0.0,0.0,0.0,0.0,0.0,0.0,0.0,0.0,0.0,0.0,1.0,0.0
10,10,0.0,0.0,0.0,0.0,0.0,0.0,0.0,0.0,0.0,0.0,1.0,0.0
10,10,0.0,0.0,0.0,0.0,0.0,0.0,0.0,0.0,0.0,0.0,1.0,0.0
10,10,0.0,0.0,0.0,0.0,0.0,0.0,0.0,0.0,0.0,0.0,1.0,0.0
10,10,0.0,0.0,0.0,0.0,0.0,0.0,0.0,0.0,0.0,0.0,1.0,0.0
10,10,0.0,0.0,0.0,0.0,0.0,0.0,0.0,0.0,0.0,0.0,1.0,0.0
10,10,0.0,0.0,0.0,0.0,0.0,0.0,0.0,0.0,0.0,0.0,1.0,0.0
10,10,0.0,0.0,0.0,0.0,0.0,0.0,0.0,0.0,0.0,0.0,1.0,0.0
10,10,0.0,0.0,0.0,0.0,0.0,0.0,0.0,0.0,0.0,0.0,1.0,0.0
10,10,0.0,0.0,0.0,0.0,0.0,0.0,0.0,0.0,0.0,0.0,1.0,0.0
10,10,0.0,0.0,0.0,0.0,0.0,0.0,0.0,0.0,0.0,0.0,1.0,0.0
10,10,0.0,0.0,0.0,0.0,0.0,0.0,0.0,0.0,0.0,0.0,1.0,0.0
10,10,0.0,0.0,0.0,0.0,0.0,0.0,0.0,0.0,0.0,0.0,1.0,0.0
10,10,0.0,0.0,0.0,0.0,0.0,0.0,0.0,0.0,0.0,0.0,1.0,0.0
10,10,0.0,0.0,0.0,0.0,0.0,0.0,0.0,0.0,0.0,0.0,1.0,0.0
10,10,0.0,0.0,0.0,0.0,0.0,0.0,0.0,0.0,0.0,0.0,1.0,0.0
10,10,0.0,0.0,0.0,0.0,0.0,0.0,0.0,0.0,0.0,0.0,1.0,0.0
10,10,0.0,0.0,0.0,0.0,0.0,0.0,0.0,0.0,0.0,0.0,1.0,0.0
10,10,0.0,0.0,0.0,0.0,0.0,0.0,0.0,0.0,0.0,0.0,1.0,0.0
10,10,0.0,0.0,0.0,0.0,0.0,0.0,0.0,0.0,0.0,0.0,1.0,0.0
10,10,0.0,0.0,0.0,0.0,0.0,0.0,0.0,0.0,0.0,0.0,1.0,0.0
10,10,0.0,0.0,0.0,0.0,0.0,0.0,0.0,0.0,0.0,0.0,1.0,0.0
10,10,0.0,0.0,0.0,0.0,0.0,0.0,0.0,0.0,0.0,0.0,1.0,0.0
10,10,0.0,0.0,0.0,0.0,0.0,0.0,0.0,0.0,0.0,0.0,1.0,0.0
10,10,0.0,0.0,0.0,0.0,0.0,0.0,0.0,0.0,0.0,0.0,1.0,0.0
10,10,0.0,0.0,0.0,0.0,0.0,0.0,0.0,0.0,0.0,0.0,1.0,0.0
10,10,0.0,0.0,0.0,0.0,0.0,0.0,0.0,0.0,0.0,0.0,1.0,0.0
10,10,0.0,0.0,0.0,0.0,0.0,0.0,0.0,0.0,0.0,0.0,1.0,0.0
10,10,0.0,0.0,0.0,0.0,0.0,0.0,0.0,0.0,0.0,0.0,1.0,0.0
10,10,0.0,0.0,0.0,0.0,0.0,0.0,0.0,0.0,0.0,0.0,1.0,0.0
10,10,0.0,0.0,0.0,0.0,0.0,0.0,0.0,0.0,0.0,0.0,1.0,0.0
10,10,0.0,0.0,0.0,0.0,0.0,0.0,0.0,0.0,0.0,0.0,1.0,0.0
10,10,0.0,0.0,0.0,0.0,0.0,0.0,0.0,0.0,0.0,0.0,1.0,0.0
10,10,0.0,0.0,0.0,0.0,0.0,0.0,0.0,0.0,0.0,0.0,1.0,0.0
10,10,0.0,0.0,0.0,0.0,0.0,0.0,0.0,0.0,0.0,0.0,1.0,0.0
10,10,0.0,0.0,0.0,0.0,0.0,0.0,0.0,0.0,0.0,0.0,1.0,0.0
10,10,0.0,0.0,0.0,0.0,0.0,0.0,0.0,0.0,0.0,0.0,1.0,0.0
10,10,0.0,0.0,0.0,0.0,0.0,0.0,0.0,0.0,0.0,0.0,1.0,0.0
10,10,0.0,0.0,0.0,0.0,0.0,0.0,0.0,0.0,0.0,0.0,1.0,0.0
10,10,0.0,0.0,0.0,0.0,0.0,0.0,0.0,0.0,0.0,0.0,1.0,0.0
10,10,0.0,0.0,0.0,0.0,0.0,0.0,0.0,0.0,0.0,0.0,1.0,0.0
10,10,0.0,0.0,0.0,0.0,0.0,0.0,0.0,0.0,0.0,0.0,1.0,0.0
10,10,0.0,0.0,0.0,0.0,0.0,0.0,0.0,0.0,0.0,0.0,1.0,0.0
10,10,0.0,0.0,0.0,0.0,0.0,0.0,0.0,0.0,0.0,0.0,1.0,0.0
10,10,0.0,0.0,0.0,0.0,0.0,0.0,0.0,0.0,0.0,0.0,1.0,0.0
10,10,0.0,0.0,0.0,0.0,0.0,0.0,0.0,0.0,0.0,0.0,1.0,0.0
10,10,0.0,0.0,0.0,0.0,0.0,0.0,0.0,0.0,0.0,0.0,1.0,0.0
10,10,0.0,0.0,0.0,0.0,0.0,0.0,0.0,0.0,0.0,0.0,1.0,0.0
10,10,0.0,0.0,0.0,0.0,0.0,0.0,0.0,0.0,0.0,0.0,1.0,0.0
10,10,0.0,0.0,0.0,0.0,0.0,0.0,0.0,0.0,0.0,0.0,1.0,0.0
10,10,0.0,0.0,0.0,0.0,0.0,0.0,0.0,0.0,0.0,0.0,1.0,0.0
10,10,0.0,0.0,0.0,0.0,0.0,0.0,0.0,0.0,0.0,0.0,1.0,0.0
10,10,0.0,0.0,0.0,0.0,0.0,0.0,0.0,0.0,0.0,0.0,1.0,0.0
10,10,0.0,0.0,0.0,0.0,0.0,0.0,0.0,0.0,0.0,0.0,1.0,0.0
10,10,0.0,0.0,0.0,0.0,0.0,0.0,0.0,0.0,0.0,0.0,1.0,0.0
10,10,0.0,0.0,0.0,0.0,0.0,0.0,0.0,0.0,0.0,0.0,1.0,0.0
10,10,0.0,0.0,0.0,0.0,0.0,0.0,0.0,0.0,0.0,0.0,1.0,0.0
10,10,0.0,0.0,0.0,0.0,0.0,0.0,0.0,0.0,0.0,0.0,1.0,0.0
10,10,0.0,0.0,0.0,0.0,0.0,0.0,0.0,0.0,0.0,0.0,1.0,0.0
10,10,0.0,0.0,0.0,0.0,0.0,0.0,0.0,0.0,0.0,0.0,1.0,0.0
10,10,0.0,0.0,0.0,0.0,0.0,0.0,0.0,0.0,0.0,0.0,1.0,0.0
10,10,0.0,0.0,0.0,0.0,0.0,0.0,0.0,0.0,0.0,0.0,1.0,0.0
10,10,0.0,0.0,0.0,0.0,0.0,0.0,0.0,0.0,0.0,0.0,1.0,0.0
10,10,0.0,0.0,0.0,0.0,0.0,0.0,0.0,0.0,0.0,0.0,1.0,0.0
10,10,0.0,0.0,0.0,0.0,0.0,0.0,0.0,0.0,0.0,0.0,1.0,0.0
10,10,0.0,0.0,0.0,0.0,0.0,0.0,0.0,0.0,0.0,0.0,1.0,0.0
10,10,0.0,0.0,0.0,0.0,0.0,0.0,0.0,0.0,0.0,0.0,1.0,0.0
10,10,0.0,0.0,0.0,0.0,0.0,0.0,0.0,0.0,0.0,0.0,1.0,0.0
10,10,0.0,0.0,0.0,0.0,0.0,0.0,0.0,0.0,0.0,0.0,1.0,0.0
10,10,0.0,0.0,0.0,0.0,0.0,0.0,0.0,0.0,0.0,0.0,1.0,0.0
10,10,0.0,0.0,0.0,0.0,0.0,0.0,0.0,0.0,0.0,0.0,1.0,0.0
10,10,0.0,0.0,0.0,0.0,0.0,0.0,0.0,0.0,0.0,0.0,1.0,0.0
10,10,0.0,0.0,0.0,0.0,0.0,0.0,0.0,0.0,0.0,0.0,1.0,0.0
10,10,0.0,0.0,0.0,0.0,0.0,0.0,0.0,0.0,0.0,0.0,1.0,0.0
10,10,0.0,0.0,0.0,0.0,0.0,0.0,0.0,0.0,0.0,0.0,1.0,0.0
10,10,0.0,0.0,0.0,0.0,0.0,0.0,0.0,0.0,0.0,0.0,1.0,0.0
10,10,0.0,0.0,0.0,0.0,0.0,0.0,0.0,0.0,0.0,0.0,1.0,0.0
10,10,0.0,0.0,0.0,0.0,0.0,0.0,0.0,0.0,0.0,0.0,1.0,0.0
10,10,0.0,0.0,0.0,0.0,0.0,0.0,0.0,0.0,0.0,0.0,1.0,0.0
10,10,0.0,0.0,0.0,0.0,0.0,0.0,0.0,0.0,0.0,0.0,1.0,0.0
10,10,0.0,0.0,0.0,0.0,0.0,0.0,0.0,0.0,0.0,0.0,1.0,0.0
10,10,0.0,0.0,0.0,0.0,0.0,0.0,0.0,0.0,0.0,0.0,1.0,0.0
10,10,0.0,0.0,0.0,0.0,0.0,0.0,0.0,0.0,0.0,0.0,1.0,0.0
10,10,0.0,0.0,0.0,0.0,0.0,0.0,0.0,0.0,0.0,0.0,1.0,0.0
10,10,0.0,0.0,0.0,0.0,0.0,0.0,0.0,0.0,0.0,0.0,1.0,0.0
10,10,0.0,0.0,0.0,0.0,0.0,0.0,0.0,0.0,0.0,0.0,1.0,0.0
10,10,0.0,0.0,0.0,0.0,0.0,0.0,0.0,0.0,0.0,0.0,1.0,0.0
10,10,0.0,0.0,0.0,0.0,0.0,0.0,0.0,0.0,0.0,0.0,1.0,0.0
10,10,0.0,0.0,0.0,0.0,0.0,0.0,0.0,0.0,0.0,0.0,1.0,0.0
10,10,0.0,0.0,0.0,0.0,0.0,0.0,0.0,0.0,0.0,0.0,1.0,0.0
10,10,0.0,0.0,0.0,0.0,0.0,0.0,0.0,0.0,0.0,0.0,1.0,0.0
10,10,0.0,0.0,0.0,0.0,0.0,0.0,0.0,0.0,0.0,0.0,1.0,0.0
10,10,0.0,0.0,0.0,0.0,0.0,0.0,0.0,0.0,0.0,0.0,1.0,0.0
10,10,0.0,0.0,0.0,0.0,0.0,0.0,0.0,0.0,0.0,0.0,1.0,0.0
10,10,0.0,0.0,0.0,0.0,0.0,0.0,0.0,0.0,0.0,0.0,1.0,0.0
10,10,0.0,0.0,0.0,0.0,0.0,0.0,0.0,0.0,0.0,0.0,1.0,0.0
10,10,0.0,0.0,0.0,0.0,0.0,0.0,0.0,0.0,0.0,0.0,1.0,0.0
10,10,0.0,0.0,0.0,0.0,0.0,0.0,0.0,0.0,0.0,0.0,1.0,0.0
10,10,0.0,0.0,0.0,0.0,0.0,0.0,0.0,0.0,0.0,0.0,1.0,0.0
10,10,0.0,0.0,0.0,0.0,0.0,0.0,0.0,0.0,0.0,0.0,1.0,0.0
10,10,0.0,0.0,0.0,0.0,0.0,0.0,0.0,0.0,0.0,0.0,1.0,0.0
10,10,0.0,0.0,0.0,0.0,0.0,0.0,0.0,0.0,0.0,0.0,1.0,0.0
10,10,0.0,0.0,0.0,0.0,0.0,0.0,0.0,0.0,0.0,0.0,1.0,0.0
10,10,0.0,0.0,0.0,0.0,0.0,0.0,0.0,0.0,0.0,0.0,1.0,0.0
10,10,0.0,0.0,0.0,0.0,0.0,0.0,0.0,0.0,0.0,0.0,1.0,0.0
10,10,0.0,0.0,0.0,0.0,0.0,0.0,0.0,0.0,0.0,0.0,1.0,0.0
10,10,0.0,0.0,0.0,0.0,0.0,0.0,0.0,0.0,0.0,0.0,1.0,0.0
10,10,0.0,0.0,0.0,0.0,0.0,0.0,0.0,0.0,0.0,0.0,1.0,0.0
10,10,0.0,0.0,0.0,0.0,0.0,0.0,0.0,0.0,0.0,0.0,1.0,0.0
10,10,0.0,0.0,0.0,0.0,0.0,0.0,0.0,0.0,0.0,0.0,1.0,0.0
10,10,0.0,0.0,0.0,0.0,0.0,0.0,0.0,0.0,0.0,0.0,1.0,0.0
10,10,0.0,0.0,0.0,0.0,0.0,0.0,0.0,0.0,0.0,0.0,1.0,0.0
10,10,0.0,0.0,0.0,0.0,0.0,0.0,0.0,0.0,0.0,0.0,1.0,0.0
10,10,0.0,0.0,0.0,0.0,0.0,0.0,0.0,0.0,0.0,0.0,1.0,0.0
10,10,0.0,0.0,0.0,0.0,0.0,0.0,0.0,0.0,0.0,0.0,1.0,0.0
10,10,0.0,0.0,0.0,0.0,0.0,0.0,0.0,0.0,0.0,0.0,1.0,0.0
10,10,0.0,0.0,0.0,0.0,0.0,0.0,0.0,0.0,0.0,0.0,1.0,0.0
10,10,0.0,0.0,0.0,0.0,0.0,0.0,0.0,0.0,0.0,0.0,1.0,0.0
10,10,0.0,0.0,0.0,0.0,0.0,0.0,0.0,0.0,0.0,0.0,1.0,0.0
10,10,0.0,0.0,0.0,0.0,0.0,0.0,0.0,0.0,0.0,0.0,1.0,0.0
10,10,0.0,0.0,0.0,0.0,0.0,0.0,0.0,0.0,0.0,0.0,1.0,0.0
10,10,0.0,0.0,0.0,0.0,0.0,0.0,0.0,0.0,0.0,0.0,1.0,0.0
10,10,0.0,0.0,0.0,0.0,0.0,0.0,0.0,0.0,0.0,0.0,1.0,0.0
10,10,0.0,0.0,0.0,0.0,0.0,0.0,0.0,0.0,0.0,0.0,1.0,0.0
10,10,0.0,0.0,0.0,0.0,0.0,0.0,0.0,0.0,0.0,0.0,1.0,0.0
10,10,0.0,0.0,0.0,0.0,0.0,0.0,0.0,0.0,0.0,0.0,1.0,0.0
10,10,0.0,0.0,0.0,0.0,0.0,0.0,0.0,0.0,0.0,0.0,1.0,0.0
10,10,0.0,0.0,0.0,0.0,0.0,0.0,0.0,0.0,0.0,0.0,1.0,0.0
10,10,0.0,0.0,0.0,0.0,0.0,0.0,0.0,0.0,0.0,0.0,1.0,0.0
10,10,0.0,0.0,0.0,0.0,0.0,0.0,0.0,0.0,0.0,0.0,1.0,0.0
10,10,0.0,0.0,0.0,0.0,0.0,0.0,0.0,0.0,0.0,0.0,1.0,0.0
10,10,0.0,0.0,0.0,0.0,0.0,0.0,0.0,0.0,0.0,0.0,1.0,0.0
10,10,0.0,0.0,0.0,0.0,0.0,0.0,0.0,0.0,0.0,0.0,1.0,0.0
10,10,0.0,0.0,0.0,0.0,0.0,0.0,0.0,0.0,0.0,0.0,1.0,0.0
10,10,0.0,0.0,0.0,0.0,0.0,0.0,0.0,0.0,0.0,0.0,1.0,0.0
10,10,0.0,0.0,0.0,0.0,0.0,0.0,0.0,0.0,0.0,0.0,1.0,0.0
10,10,0.0,0.0,0.0,0.0,0.0,0.0,0.0,0.0,0.0,0.0,1.0,0.0
10,10,0.0,0.0,0.0,0.0,0.0,0.0,0.0,0.0,0.0,0.0,1.0,0.0
10,10,0.0,0.0,0.0,0.0,0.0,0.0,0.0,0.0,0.0,0.0,1.0,0.0
10,10,0.0,0.0,0.0,0.0,0.0,0.0,0.0,0.0,0.0,0.0,1.0,0.0
10,10,0.0,0.0,0.0,0.0,0.0,0.0,0.0,0.0,0.0,0.0,1.0,0.0
10,10,0.0,0.0,0.0,0.0,0.0,0.0,0.0,0.0,0.0,0.0,1.0,0.0
10,10,0.0,0.0,0.0,0.0,0.0,0.0,0.0,0.0,0.0,0.0,1.0,0.0
10,10,0.0,0.0,0.0,0.0,0.0,0.0,0.0,0.0,0.0,0.0,1.0,0.0
10,10,0.0,0.0,0.0,0.0,0.0,0.0,0.0,0.0,0.0,0.0,1.0,0.0
10,10,0.0,0.0,0.0,0.0,0.0,0.0,0.0,0.0,0.0,0.0,1.0,0.0
10,10,0.0,0.0,0.0,0.0,0.0,0.0,0.0,0.0,0.0,0.0,1.0,0.0
10,10,0.0,0.0,0.0,0.0,0.0,0.0,0.0,0.0,0.0,0.0,1.0,0.0
10,10,0.0,0.0,0.0,0.0,0.0,0.0,0.0,0.0,0.0,0.0,1.0,0.0
10,10,0.0,0.0,0.0,0.0,0.0,0.0,0.0,0.0,0.0,0.0,1.0,0.0
10,10,0.0,0.0,0.0,0.0,0.0,0.0,0.0,0.0,0.0,0.0,1.0,0.0
10,10,0.0,0.0,0.0,0.0,0.0,0.0,0.0,0.0,0.0,0.0,1.0,0.0
10,10,0.0,0.0,0.0,0.0,0.0,0.0,0.0,0.0,0.0,0.0,1.0,0.0
10,10,0.0,0.0,0.0,0.0,0.0,0.0,0.0,0.0,0.0,0.0,1.0,0.0
10,10,0.0,0.0,0.0,0.0,0.0,0.0,0.0,0.0,0.0,0.0,1.0,0.0
10,10,0.0,0.0,0.0,0.0,0.0,0.0,0.0,0.0,0.0,0.0,1.0,0.0
10,10,0.0,0.0,0.0,0.0,0.0,0.0,0.0,0.0,0.0,0.0,1.0,0.0
10,10,0.0,0.0,0.0,0.0,0.0,0.0,0.0,0.0,0.0,0.0,1.0,0.0
10,10,0.0,0.0,0.0,0.0,0.0,0.0,0.0,0.0,0.0,0.0,1.0,0.0
10,10,0.0,0.0,0.0,0.0,0.0,0.0,0.0,0.0,0.0,0.0,1.0,0.0
10,10,0.0,0.0,0.0,0.0,0.0,0.0,0.0,0.0,0.0,0.0,1.0,0.0
10,10,0.0,0.0,0.0,0.0,0.0,0.0,0.0,0.0,0.0,0.0,1.0,0.0
10,10,0.0,0.0,0.0,0.0,0.0,0.0,0.0,0.0,0.0,0.0,1.0,0.0
10,10,0.0,0.0,0.0,0.0,0.0,0.0,0.0,0.0,0.0,0.0,1.0,0.0
10,10,0.0,0.0,0.0,0.0,0.0,0.0,0.0,0.0,0.0,0.0,1.0,0.0
10,10,0.0,0.0,0.0,0.0,0.0,0.0,0.0,0.0,0.0,0.0,1.0,0.0
10,10,0.0,0.0,0.0,0.0,0.0,0.0,0.0,0.0,0.0,0.0,1.0,0.0
10,10,0.0,0.0,0.0,0.0,0.0,0.0,0.0,0.0,0.0,0.0,1.0,0.0
10,10,0.0,0.0,0.0,0.0,0.0,0.0,0.0,0.0,0.0,0.0,1.0,0.0
10,10,0.0,0.0,0.0,0.0,0.0,0.0,0.0,0.0,0.0,0.0,1.0,0.0
10,10,0.0,0.0,0.0,0.0,0.0,0.0,0.0,0.0,0.0,0.0,1.0,0.0
10,10,0.0,0.0,0.0,0.0,0.0,0.0,0.0,0.0,0.0,0.0,1.0,0.0
10,10,0.0,0.0,0.0,0.0,0.0,0.0,0.0,0.0,0.0,0.0,1.0,0.0
10,10,0.0,0.0,0.0,0.0,0.0,0.0,0.0,0.0,0.0,0.0,1.0,0.0
10,10,0.0,0.0,0.0,0.0,0.0,0.0,0.0,0.0,0.0,0.0,1.0,0.0
10,10,0.0,0.0,0.0,0.0,0.0,0.0,0.0,0.0,0.0,0.0,1.0,0.0
10,10,0.0,0.0,0.0,0.0,0.0,0.0,0.0,0.0,0.0,0.0,1.0,0.0
10,10,0.0,0.0,0.0,0.0,0.0,0.0,0.0,0.0,0.0,0.0,1.0,0.0
10,10,0.0,0.0,0.0,0.0,0.0,0.0,0.0,0.0,0.0,0.0,1.0,0.0
10,10,0.0,0.0,0.0,0.0,0.0,0.0,0.0,0.0,0.0,0.0,1.0,0.0
10,10,0.0,0.0,0.0,0.0,0.0,0.0,0.0,0.0,0.0,0.0,1.0,0.0
10,10,0.0,0.0,0.0,0.0,0.0,0.0,0.0,0.0,0.0,0.0,1.0,0.0
10,10,0.0,0.0,0.0,0.0,0.0,0.0,0.0,0.0,0.0,0.0,1.0,0.0
10,10,0.0,0.0,0.0,0.0,0.0,0.0,0.0,0.0,0.0,0.0,1.0,0.0
10,10,0.0,0.0,0.0,0.0,0.0,0.0,0.0,0.0,0.0,0.0,1.0,0.0
10,10,0.0,0.0,0.0,0.0,0.0,0.0,0.0,0.0,0.0,0.0,1.0,0.0
10,10,0.0,0.0,0.0,0.0,0.0,0.0,0.0,0.0,0.0,0.0,1.0,0.0
10,10,0.0,0.0,0.0,0.0,0.0,0.0,0.0,0.0,0.0,0.0,1.0,0.0
10,10,0.0,0.0,0.0,0.0,0.0,0.0,0.0,0.0,0.0,0.0,1.0,0.0
10,10,0.0,0.0,0.0,0.0,0.0,0.0,0.0,0.0,0.0,0.0,1.0,0.0
10,10,0.0,0.0,0.0,0.0,0.0,0.0,0.0,0.0,0.0,0.0,1.0,0.0
10,10,0.0,0.0,0.0,0.0,0.0,0.0,0.0,0.0,0.0,0.0,1.0,0.0
10,10,0.0,0.0,0.0,0.0,0.0,0.0,0.0,0.0,0.0,0.0,1.0,0.0
10,10,0.0,0.0,0.0,0.0,0.0,0.0,0.0,0.0,0.0,0.0,1.0,0.0
10,10,0.0,0.0,0.0,0.0,0.0,0.0,0.0,0.0,0.0,0.0,1.0,0.0
10,10,0.0,0.0,0.0,0.0,0.0,0.0,0.0,0.0,0.0,0.0,1.0,0.0
10,10,0.0,0.0,0.0,0.0,0.0,0.0,0.0,0.0,0.0,0.0,1.0,0.0
10,10,0.0,0.0,0.0,0.0,0.0,0.0,0.0,0.0,0.0,0.0,1.0,0.0
10,10,0.0,0.0,0.0,0.0,0.0,0.0,0.0,0.0,0.0,0.0,1.0,0.0
10,10,0.0,0.0,0.0,0.0,0.0,0.0,0.0,0.0,0.0,0.0,1.0,0.0
10,10,0.0,0.0,0.0,0.0,0.0,0.0,0.0,0.0,0.0,0.0,1.0,0.0
10,10,0.0,0.0,0.0,0.0,0.0,0.0,0.0,0.0,0.0,0.0,1.0,0.0
10,10,0.0,0.0,0.0,0.0,0.0,0.0,0.0,0.0,0.0,0.0,1.0,0.0
10,10,0.0,0.0,0.0,0.0,0.0,0.0,0.0,0.0,0.0,0.0,1.0,0.0
10,10,0.0,0.0,0.0,0.0,0.0,0.0,0.0,0.0,0.0,0.0,1.0,0.0
10,10,0.0,0.0,0.0,0.0,0.0,0.0,0.0,0.0,0.0,0.0,1.0,0.0
10,10,0.0,0.0,0.0,0.0,0.0,0.0,0.0,0.0,0.0,0.0,1.0,0.0
10,10,0.0,0.0,0.0,0.0,0.0,0.0,0.0,0.0,0.0,0.0,1.0,0.0
10,10,0.0,0.0,0.0,0.0,0.0,0.0,0.0,0.0,0.0,0.0,1.0,0.0
10,10,0.0,0.0,0.0,0.0,0.0,0.0,0.0,0.0,0.0,0.0,1.0,0.0
10,10,0.0,0.0,0.0,0.0,0.0,0.0,0.0,0.0,0.0,0.0,1.0,0.0
10,10,0.0,0.0,0.0,0.0,0.0,0.0,0.0,0.0,0.0,0.0,1.0,0.0
10,10,0.0,0.0,0.0,0.0,0.0,0.0,0.0,0.0,0.0,0.0,1.0,0.0
10,10,0.0,0.0,0.0,0.0,0.0,0.0,0.0,0.0,0.0,0.0,1.0,0.0
10,10,0.0,0.0,0.0,0.0,0.0,0.0,0.0,0.0,0.0,0.0,1.0,0.0
10,10,0.0,0.0,0.0,0.0,0.0,0.0,0.0,0.0,0.0,0.0,1.0,0.0
10,10,0.0,0.0,0.0,0.0,0.0,0.0,0.0,0.0,0.0,0.0,1.0,0.0
10,10,0.0,0.0,0.0,0.0,0.0,0.0,0.0,0.0,0.0,0.0,1.0,0.0
10,10,0.0,0.0,0.0,0.0,0.0,0.0,0.0,0.0,0.0,0.0,1.0,0.0
10,10,0.0,0.0,0.0,0.0,0.0,0.0,0.0,0.0,0.0,0.0,1.0,0.0
10,10,0.0,0.0,0.0,0.0,0.0,0.0,0.0,0.0,0.0,0.0,1.0,0.0
10,10,0.0,0.0,0.0,0.0,0.0,0.0,0.0,0.0,0.0,0.0,1.0,0.0
10,10,0.0,0.0,0.0,0.0,0.0,0.0,0.0,0.0,0.0,0.0,1.0,0.0
10,10,0.0,0.0,0.0,0.0,0.0,0.0,0.0,0.0,0.0,0.0,1.0,0.0
10,10,0.0,0.0,0.0,0.0,0.0,0.0,0.0,0.0,0.0,0.0,1.0,0.0
10,10,0.0,0.0,0.0,0.0,0.0,0.0,0.0,0.0,0.0,0.0,1.0,0.0
10,10,0.0,0.0,0.0,0.0,0.0,0.0,0.0,0.0,0.0,0.0,1.0,0.0
10,10,0.0,0.0,0.0,0.0,0.0,0.0,0.0,0.0,0.0,0.0,1.0,0.0
10,10,0.0,0.0,0.0,0.0,0.0,0.0,0.0,0.0,0.0,0.0,1.0,0.0
10,10,0.0,0.0,0.0,0.0,0.0,0.0,0.0,0.0,0.0,0.0,1.0,0.0
10,10,0.0,0.0,0.0,0.0,0.0,0.0,0.0,0.0,0.0,0.0,1.0,0.0
10,10,0.0,0.0,0.0,0.0,0.0,0.0,0.0,0.0,0.0,0.0,1.0,0.0
10,10,0.0,0.0,0.0,0.0,0.0,0.0,0.0,0.0,0.0,0.0,1.0,0.0
10,10,0.0,0.0,0.0,0.0,0.0,0.0,0.0,0.0,0.0,0.0,1.0,0.0
10,10,0.0,0.0,0.0,0.0,0.0,0.0,0.0,0.0,0.0,0.0,1.0,0.0
10,10,0.0,0.0,0.0,0.0,0.0,0.0,0.0,0.0,0.0,0.0,1.0,0.0
10,10,0.0,0.0,0.0,0.0,0.0,0.0,0.0,0.0,0.0,0.0,1.0,0.0
10,10,0.0,0.0,0.0,0.0,0.0,0.0,0.0,0.0,0.0,0.0,1.0,0.0
10,10,0.0,0.0,0.0,0.0,0.0,0.0,0.0,0.0,0.0,0.0,1.0,0.0
10,10,0.0,0.0,0.0,0.0,0.0,0.0,0.0,0.0,0.0,0.0,1.0,0.0
10,10,0.0,0.0,0.0,0.0,0.0,0.0,0.0,0.0,0.0,0.0,1.0,0.0
10,10,0.0,0.0,0.0,0.0,0.0,0.0,0.0,0.0,0.0,0.0,1.0,0.0
10,10,0.0,0.0,0.0,0.0,0.0,0.0,0.0,0.0,0.0,0.0,1.0,0.0
10,10,0.0,0.0,0.0,0.0,0.0,0.0,0.0,0.0,0.0,0.0,1.0,0.0
10,10,0.0,0.0,0.0,0.0,0.0,0.0,0.0,0.0,0.0,0.0,1.0,0.0
10,10,0.0,0.0,0.0,0.0,0.0,0.0,0.0,0.0,0.0,0.0,1.0,0.0
10,10,0.0,0.0,0.0,0.0,0.0,0.0,0.0,0.0,0.0,0.0,1.0,0.0
10,10,0.0,0.0,0.0,0.0,0.0,0.0,0.0,0.0,0.0,0.0,1.0,0.0
10,10,0.0,0.0,0.0,0.0,0.0,0.0,0.0,0.0,0.0,0.0,1.0,0.0
10,10,0.0,0.0,0.0,0.0,0.0,0.0,0.0,0.0,0.0,0.0,1.0,0.0
10,10,0.0,0.0,0.0,0.0,0.0,0.0,0.0,0.0,0.0,0.0,1.0,0.0
10,10,0.0,0.0,0.0,0.0,0.0,0.0,0.0,0.0,0.0,0.0,1.0,0.0
10,10,0.0,0.0,0.0,0.0,0.0,0.0,0.0,0.0,0.0,0.0,1.0,0.0
10,10,0.0,0.0,0.0,0.0,0.0,0.0,0.0,0.0,0.0,0.0,1.0,0.0
10,10,0.0,0.0,0.0,0.0,0.0,0.0,0.0,0.0,0.0,0.0,1.0,0.0
10,10,0.0,0.0,0.0,0.0,0.0,0.0,0.0,0.0,0.0,0.0,1.0,0.0
10,10,0.0,0.0,0.0,0.0,0.0,0.0,0.0,0.0,0.0,0.0,1.0,0.0
10,10,0.0,0.0,0.0,0.0,0.0,0.0,0.0,0.0,0.0,0.0,1.0,0.0
10,10,0.0,0.0,0.0,0.0,0.0,0.0,0.0,0.0,0.0,0.0,1.0,0.0
10,10,0.0,0.0,0.0,0.0,0.0,0.0,0.0,0.0,0.0,0.0,1.0,0.0
10,10,0.0,0.0,0.0,0.0,0.0,0.0,0.0,0.0,0.0,0.0,1.0,0.0
10,10,0.0,0.0,0.0,0.0,0.0,0.0,0.0,0.0,0.0,0.0,1.0,0.0
10,10,0.0,0.0,0.0,0.0,0.0,0.0,0.0,0.0,0.0,0.0,1.0,0.0
10,10,0.0,0.0,0.0,0.0,0.0,0.0,0.0,0.0,0.0,0.0,1.0,0.0
10,10,0.0,0.0,0.0,0.0,0.0,0.0,0.0,0.0,0.0,0.0,1.0,0.0
10,10,0.0,0.0,0.0,0.0,0.0,0.0,0.0,0.0,0.0,0.0,1.0,0.0
10,10,0.0,0.0,0.0,0.0,0.0,0.0,0.0,0.0,0.0,0.0,1.0,0.0
10,10,0.0,0.0,0.0,0.0,0.0,0.0,0.0,0.0,0.0,0.0,1.0,0.0
10,10,0.0,0.0,0.0,0.0,0.0,0.0,0.0,0.0,0.0,0.0,1.0,0.0
10,10,0.0,0.0,0.0,0.0,0.0,0.0,0.0,0.0,0.0,0.0,1.0,0.0
10,10,0.0,0.0,0.0,0.0,0.0,0.0,0.0,0.0,0.0,0.0,1.0,0.0
10,10,0.0,0.0,0.0,0.0,0.0,0.0,0.0,0.0,0.0,0.0,1.0,0.0
10,10,0.0,0.0,0.0,0.0,0.0,0.0,0.0,0.0,0.0,0.0,1.0,0.0
10,10,0.0,0.0,0.0,0.0,0.0,0.0,0.0,0.0,0.0,0.0,1.0,0.0
10,10,0.0,0.0,0.0,0.0,0.0,0.0,0.0,0.0,0.0,0.0,1.0,0.0
10,10,0.0,0.0,0.0,0.0,0.0,0.0,0.0,0.0,0.0,0.0,1.0,0.0
10,10,0.0,0.0,0.0,0.0,0.0,0.0,0.0,0.0,0.0,0.0,1.0,0.0
10,10,0.0,0.0,0.0,0.0,0.0,0.0,0.0,0.0,0.0,0.0,1.0,0.0
10,10,0.0,0.0,0.0,0.0,0.0,0.0,0.0,0.0,0.0,0.0,1.0,0.0
10,10,0.0,0.0,0.0,0.0,0.0,0.0,0.0,0.0,0.0,0.0,1.0,0.0
10,10,0.0,0.0,0.0,0.0,0.0,0.0,0.0,0.0,0.0,0.0,1.0,0.0
10,10,0.0,0.0,0.0,0.0,0.0,0.0,0.0,0.0,0.0,0.0,1.0,0.0
10,10,0.0,0.0,0.0,0.0,0.0,0.0,0.0,0.0,0.0,0.0,1.0,0.0
10,10,0.0,0.0,0.0,0.0,0.0,0.0,0.0,0.0,0.0,0.0,1.0,0.0
10,10,0.0,0.0,0.0,0.0,0.0,0.0,0.0,0.0,0.0,0.0,1.0,0.0
10,10,0.0,0.0,0.0,0.0,0.0,0.0,0.0,0.0,0.0,0.0,1.0,0.0
10,10,0.0,0.0,0.0,0.0,0.0,0.0,0.0,0.0,0.0,0.0,1.0,0.0
10,10,0.0,0.0,0.0,0.0,0.0,0.0,0.0,0.0,0.0,0.0,1.0,0.0
10,10,0.0,0.0,0.0,0.0,0.0,0.0,0.0,0.0,0.0,0.0,1.0,0.0
10,10,0.0,0.0,0.0,0.0,0.0,0.0,0.0,0.0,0.0,0.0,1.0,0.0
10,10,0.0,0.0,0.0,0.0,0.0,0.0,0.0,0.0,0.0,0.0,1.0,0.0
10,10,0.0,0.0,0.0,0.0,0.0,0.0,0.0,0.0,0.0,0.0,1.0,0.0
10,10,0.0,0.0,0.0,0.0,0.0,0.0,0.0,0.0,0.0,0.0,1.0,0.0
10,10,0.0,0.0,0.0,0.0,0.0,0.0,0.0,0.0,0.0,0.0,1.0,0.0
10,10,0.0,0.0,0.0,0.0,0.0,0.0,0.0,0.0,0.0,0.0,1.0,0.0
10,10,0.0,0.0,0.0,0.0,0.0,0.0,0.0,0.0,0.0,0.0,1.0,0.0
10,10,0.0,0.0,0.0,0.0,0.0,0.0,0.0,0.0,0.0,0.0,1.0,0.0
10,10,0.0,0.0,0.0,0.0,0.0,0.0,0.0,0.0,0.0,0.0,1.0,0.0
10,10,0.0,0.0,0.0,0.0,0.0,0.0,0.0,0.0,0.0,0.0,1.0,0.0
10,10,0.0,0.0,0.0,0.0,0.0,0.0,0.0,0.0,0.0,0.0,1.0,0.0
10,10,0.0,0.0,0.0,0.0,0.0,0.0,0.0,0.0,0.0,0.0,1.0,0.0
10,10,0.0,0.0,0.0,0.0,0.0,0.0,0.0,0.0,0.0,0.0,1.0,0.0
10,10,0.0,0.0,0.0,0.0,0.0,0.0,0.0,0.0,0.0,0.0,1.0,0.0
10,10,0.0,0.0,0.0,0.0,0.0,0.0,0.0,0.0,0.0,0.0,1.0,0.0
10,10,0.0,0.0,0.0,0.0,0.0,0.0,0.0,0.0,0.0,0.0,1.0,0.0
10,10,0.0,0.0,0.0,0.0,0.0,0.0,0.0,0.0,0.0,0.0,1.0,0.0
10,10,0.0,0.0,0.0,0.0,0.0,0.0,0.0,0.0,0.0,0.0,1.0,0.0
10,10,0.0,0.0,0.0,0.0,0.0,0.0,0.0,0.0,0.0,0.0,1.0,0.0
10,10,0.0,0.0,0.0,0.0,0.0,0.0,0.0,0.0,0.0,0.0,1.0,0.0
10,10,0.0,0.0,0.0,0.0,0.0,0.0,0.0,0.0,0.0,0.0,1.0,0.0
10,10,0.0,0.0,0.0,0.0,0.0,0.0,0.0,0.0,0.0,0.0,1.0,0.0
10,10,0.0,0.0,0.0,0.0,0.0,0.0,0.0,0.0,0.0,0.0,1.0,0.0
10,10,0.0,0.0,0.0,0.0,0.0,0.0,0.0,0.0,0.0,0.0,1.0,0.0
10,10,0.0,0.0,0.0,0.0,0.0,0.0,0.0,0.0,0.0,0.0,1.0,0.0
10,10,0.0,0.0,0.0,0.0,0.0,0.0,0.0,0.0,0.0,0.0,1.0,0.0
10,10,0.0,0.0,0.0,0.0,0.0,0.0,0.0,0.0,0.0,0.0,1.0,0.0
10,10,0.0,0.0,0.0,0.0,0.0,0.0,0.0,0.0,0.0,0.0,1.0,0.0
10,10,0.0,0.0,0.0,0.0,0.0,0.0,0.0,0.0,0.0,0.0,1.0,0.0
10,10,0.0,0.0,0.0,0.0,0.0,0.0,0.0,0.0,0.0,0.0,1.0,0.0
10,10,0.0,0.0,0.0,0.0,0.0,0.0,0.0,0.0,0.0,0.0,1.0,0.0
10,10,0.0,0.0,0.0,0.0,0.0,0.0,0.0,0.0,0.0,0.0,1.0,0.0
10,10,0.0,0.0,0.0,0.0,0.0,0.0,0.0,0.0,0.0,0.0,1.0,0.0
10,10,0.0,0.0,0.0,0.0,0.0,0.0,0.0,0.0,0.0,0.0,1.0,0.0
10,10,0.0,0.0,0.0,0.0,0.0,0.0,0.0,0.0,0.0,0.0,1.0,0.0
10,10,0.0,0.0,0.0,0.0,0.0,0.0,0.0,0.0,0.0,0.0,1.0,0.0
10,10,0.0,0.0,0.0,0.0,0.0,0.0,0.0,0.0,0.0,0.0,1.0,0.0
10,10,0.0,0.0,0.0,0.0,0.0,0.0,0.0,0.0,0.0,0.0,1.0,0.0
10,10,0.0,0.0,0.0,0.0,0.0,0.0,0.0,0.0,0.0,0.0,1.0,0.0
10,10,0.0,0.0,0.0,0.0,0.0,0.0,0.0,0.0,0.0,0.0,1.0,0.0
10,10,0.0,0.0,0.0,0.0,0.0,0.0,0.0,0.0,0.0,0.0,1.0,0.0
10,10,0.0,0.0,0.0,0.0,0.0,0.0,0.0,0.0,0.0,0.0,1.0,0.0
10,10,0.0,0.0,0.0,0.0,0.0,0.0,0.0,0.0,0.0,0.0,1.0,0.0
10,10,0.0,0.0,0.0,0.0,0.0,0.0,0.0,0.0,0.0,0.0,1.0,0.0
10,10,0.0,0.0,0.0,0.0,0.0,0.0,0.0,0.0,0.0,0.0,1.0,0.0
10,10,0.0,0.0,0.0,0.0,0.0,0.0,0.0,0.0,0.0,0.0,1.0,0.0
10,10,0.0,0.0,0.0,0.0,0.0,0.0,0.0,0.0,0.0,0.0,1.0,0.0
10,10,0.0,0.0,0.0,0.0,0.0,0.0,0.0,0.0,0.0,0.0,1.0,0.0
10,10,0.0,0.0,0.0,0.0,0.0,0.0,0.0,0.0,0.0,0.0,1.0,0.0
10,10,0.0,0.0,0.0,0.0,0.0,0.0,0.0,0.0,0.0,0.0,1.0,0.0
10,10,0.0,0.0,0.0,0.0,0.0,0.0,0.0,0.0,0.0,0.0,1.0,0.0
10,10,0.0,0.0,0.0,0.0,0.0,0.0,0.0,0.0,0.0,0.0,1.0,0.0
10,10,0.0,0.0,0.0,0.0,0.0,0.0,0.0,0.0,0.0,0.0,1.0,0.0
10,10,0.0,0.0,0.0,0.0,0.0,0.0,0.0,0.0,0.0,0.0,1.0,0.0
10,10,0.0,0.0,0.0,0.0,0.0,0.0,0.0,0.0,0.0,0.0,1.0,0.0
10,10,0.0,0.0,0.0,0.0,0.0,0.0,0.0,0.0,0.0,0.0,1.0,0.0
10,10,0.0,0.0,0.0,0.0,0.0,0.0,0.0,0.0,0.0,0.0,1.0,0.0
10,10,0.0,0.0,0.0,0.0,0.0,0.0,0.0,0.0,0.0,0.0,1.0,0.0
10,10,0.0,0.0,0.0,0.0,0.0,0.0,0.0,0.0,0.0,0.0,1.0,0.0
10,10,0.0,0.0,0.0,0.0,0.0,0.0,0.0,0.0,0.0,0.0,1.0,0.0
10,10,0.0,0.0,0.0,0.0,0.0,0.0,0.0,0.0,0.0,0.0,1.0,0.0
10,10,0.0,0.0,0.0,0.0,0.0,0.0,0.0,0.0,0.0,0.0,1.0,0.0
10,10,0.0,0.0,0.0,0.0,0.0,0.0,0.0,0.0,0.0,0.0,1.0,0.0
10,10,0.0,0.0,0.0,0.0,0.0,0.0,0.0,0.0,0.0,0.0,1.0,0.0
10,10,0.0,0.0,0.0,0.0,0.0,0.0,0.0,0.0,0.0,0.0,1.0,0.0
10,10,0.0,0.0,0.0,0.0,0.0,0.0,0.0,0.0,0.0,0.0,1.0,0.0
10,10,0.0,0.0,0.0,0.0,0.0,0.0,0.0,0.0,0.0,0.0,1.0,0.0
10,10,0.0,0.0,0.0,0.0,0.0,0.0,0.0,0.0,0.0,0.0,1.0,0.0
10,10,0.0,0.0,0.0,0.0,0.0,0.0,0.0,0.0,0.0,0.0,1.0,0.0
10,10,0.0,0.0,0.0,0.0,0.0,0.0,0.0,0.0,0.0,0.0,1.0,0.0
10,10,0.0,0.0,0.0,0.0,0.0,0.0,0.0,0.0,0.0,0.0,1.0,0.0
10,10,0.0,0.0,0.0,0.0,0.0,0.0,0.0,0.0,0.0,0.0,1.0,0.0
10,10,0.0,0.0,0.0,0.0,0.0,0.0,0.0,0.0,0.0,0.0,1.0,0.0
10,10,0.0,0.0,0.0,0.0,0.0,0.0,0.0,0.0,0.0,0.0,1.0,0.0
10,10,0.0,0.0,0.0,0.0,0.0,0.0,0.0,0.0,0.0,0.0,1.0,0.0
10,10,0.0,0.0,0.0,0.0,0.0,0.0,0.0,0.0,0.0,0.0,1.0,0.0
10,10,0.0,0.0,0.0,0.0,0.0,0.0,0.0,0.0,0.0,0.0,1.0,0.0
10,10,0.0,0.0,0.0,0.0,0.0,0.0,0.0,0.0,0.0,0.0,1.0,0.0
10,10,0.0,0.0,0.0,0.0,0.0,0.0,0.0,0.0,0.0,0.0,1.0,0.0
10,10,0.0,0.0,0.0,0.0,0.0,0.0,0.0,0.0,0.0,0.0,1.0,0.0
10,10,0.0,0.0,0.0,0.0,0.0,0.0,0.0,0.0,0.0,0.0,1.0,0.0
10,10,0.0,0.0,0.0,0.0,0.0,0.0,0.0,0.0,0.0,0.0,1.0,0.0
10,10,0.0,0.0,0.0,0.0,0.0,0.0,0.0,0.0,0.0,0.0,1.0,0.0
10,10,0.0,0.0,0.0,0.0,0.0,0.0,0.0,0.0,0.0,0.0,1.0,0.0
10,10,0.0,0.0,0.0,0.0,0.0,0.0,0.0,0.0,0.0,0.0,1.0,0.0
10,10,0.0,0.0,0.0,0.0,0.0,0.0,0.0,0.0,0.0,0.0,1.0,0.0
10,10,0.0,0.0,0.0,0.0,0.0,0.0,0.0,0.0,0.0,0.0,1.0,0.0
10,10,0.0,0.0,0.0,0.0,0.0,0.0,0.0,0.0,0.0,0.0,1.0,0.0
10,10,0.0,0.0,0.0,0.0,0.0,0.0,0.0,0.0,0.0,0.0,1.0,0.0
10,10,0.0,0.0,0.0,0.0,0.0,0.0,0.0,0.0,0.0,0.0,1.0,0.0
10,10,0.0,0.0,0.0,0.0,0.0,0.0,0.0,0.0,0.0,0.0,1.0,0.0
10,10,0.0,0.0,0.0,0.0,0.0,0.0,0.0,0.0,0.0,0.0,1.0,0.0
10,10,0.0,0.0,0.0,0.0,0.0,0.0,0.0,0.0,0.0,0.0,1.0,0.0
10,10,0.0,0.0,0.0,0.0,0.0,0.0,0.0,0.0,0.0,0.0,1.0,0.0
10,10,0.0,0.0,0.0,0.0,0.0,0.0,0.0,0.0,0.0,0.0,1.0,0.0
10,10,0.0,0.0,0.0,0.0,0.0,0.0,0.0,0.0,0.0,0.0,1.0,0.0
10,10,0.0,0.0,0.0,0.0,0.0,0.0,0.0,0.0,0.0,0.0,1.0,0.0
10,10,0.0,0.0,0.0,0.0,0.0,0.0,0.0,0.0,0.0,0.0,1.0,0.0
10,10,0.0,0.0,0.0,0.0,0.0,0.0,0.0,0.0,0.0,0.0,1.0,0.0
10,10,0.0,0.0,0.0,0.0,0.0,0.0,0.0,0.0,0.0,0.0,1.0,0.0
10,10,0.0,0.0,0.0,0.0,0.0,0.0,0.0,0.0,0.0,0.0,1.0,0.0
10,10,0.0,0.0,0.0,0.0,0.0,0.0,0.0,0.0,0.0,0.0,1.0,0.0
10,10,0.0,0.0,0.0,0.0,0.0,0.0,0.0,0.0,0.0,0.0,1.0,0.0
10,10,0.0,0.0,0.0,0.0,0.0,0.0,0.0,0.0,0.0,0.0,1.0,0.0
10,10,0.0,0.0,0.0,0.0,0.0,0.0,0.0,0.0,0.0,0.0,1.0,0.0
10,10,0.0,0.0,0.0,0.0,0.0,0.0,0.0,0.0,0.0,0.0,1.0,0.0
10,10,0.0,0.0,0.0,0.0,0.0,0.0,0.0,0.0,0.0,0.0,1.0,0.0
10,10,0.0,0.0,0.0,0.0,0.0,0.0,0.0,0.0,0.0,0.0,1.0,0.0
10,10,0.0,0.0,0.0,0.0,0.0,0.0,0.0,0.0,0.0,0.0,1.0,0.0
10,10,0.0,0.0,0.0,0.0,0.0,0.0,0.0,0.0,0.0,0.0,1.0,0.0
10,10,0.0,0.0,0.0,0.0,0.0,0.0,0.0,0.0,0.0,0.0,1.0,0.0
10,10,0.0,0.0,0.0,0.0,0.0,0.0,0.0,0.0,0.0,0.0,1.0,0.0
10,10,0.0,0.0,0.0,0.0,0.0,0.0,0.0,0.0,0.0,0.0,1.0,0.0
10,10,0.0,0.0,0.0,0.0,0.0,0.0,0.0,0.0,0.0,0.0,1.0,0.0
10,10,0.0,0.0,0.0,0.0,0.0,0.0,0.0,0.0,0.0,0.0,1.0,0.0
10,10,0.0,0.0,0.0,0.0,0.0,0.0,0.0,0.0,0.0,0.0,1.0,0.0
10,10,0.0,0.0,0.0,0.0,0.0,0.0,0.0,0.0,0.0,0.0,1.0,0.0
10,10,0.0,0.0,0.0,0.0,0.0,0.0,0.0,0.0,0.0,0.0,1.0,0.0
10,10,0.0,0.0,0.0,0.0,0.0,0.0,0.0,0.0,0.0,0.0,1.0,0.0
10,10,0.0,0.0,0.0,0.0,0.0,0.0,0.0,0.0,0.0,0.0,1.0,0.0
10,10,0.0,0.0,0.0,0.0,0.0,0.0,0.0,0.0,0.0,0.0,1.0,0.0
10,10,0.0,0.0,0.0,0.0,0.0,0.0,0.0,0.0,0.0,0.0,1.0,0.0
10,10,0.0,0.0,0.0,0.0,0.0,0.0,0.0,0.0,0.0,0.0,1.0,0.0
10,10,0.0,0.0,0.0,0.0,0.0,0.0,0.0,0.0,0.0,0.0,1.0,0.0
10,10,0.0,0.0,0.0,0.0,0.0,0.0,0.0,0.0,0.0,0.0,1.0,0.0
10,10,0.0,0.0,0.0,0.0,0.0,0.0,0.0,0.0,0.0,0.0,1.0,0.0
10,10,0.0,0.0,0.0,0.0,0.0,0.0,0.0,0.0,0.0,0.0,1.0,0.0
10,10,0.0,0.0,0.0,0.0,0.0,0.0,0.0,0.0,0.0,0.0,1.0,0.0
10,10,0.0,0.0,0.0,0.0,0.0,0.0,0.0,0.0,0.0,0.0,1.0,0.0
10,10,0.0,0.0,0.0,0.0,0.0,0.0,0.0,0.0,0.0,0.0,1.0,0.0
10,10,0.0,0.0,0.0,0.0,0.0,0.0,0.0,0.0,0.0,0.0,1.0,0.0
10,10,0.0,0.0,0.0,0.0,0.0,0.0,0.0,0.0,0.0,0.0,1.0,0.0
10,10,0.0,0.0,0.0,0.0,0.0,0.0,0.0,0.0,0.0,0.0,1.0,0.0
10,10,0.0,0.0,0.0,0.0,0.0,0.0,0.0,0.0,0.0,0.0,1.0,0.0
10,10,0.0,0.0,0.0,0.0,0.0,0.0,0.0,0.0,0.0,0.0,1.0,0.0
10,10,0.0,0.0,0.0,0.0,0.0,0.0,0.0,0.0,0.0,0.0,1.0,0.0
10,10,0.0,0.0,0.0,0.0,0.0,0.0,0.0,0.0,0.0,0.0,1.0,0.0
10,10,0.0,0.0,0.0,0.0,0.0,0.0,0.0,0.0,0.0,0.0,1.0,0.0
10,10,0.0,0.0,0.0,0.0,0.0,0.0,0.0,0.0,0.0,0.0,1.0,0.0
10,10,0.0,0.0,0.0,0.0,0.0,0.0,0.0,0.0,0.0,0.0,1.0,0.0
10,10,0.0,0.0,0.0,0.0,0.0,0.0,0.0,0.0,0.0,0.0,1.0,0.0
10,10,0.0,0.0,0.0,0.0,0.0,0.0,0.0,0.0,0.0,0.0,1.0,0.0
10,10,0.0,0.0,0.0,0.0,0.0,0.0,0.0,0.0,0.0,0.0,1.0,0.0
10,10,0.0,0.0,0.0,0.0,0.0,0.0,0.0,0.0,0.0,0.0,1.0,0.0
10,10,0.0,0.0,0.0,0.0,0.0,0.0,0.0,0.0,0.0,0.0,1.0,0.0
10,10,0.0,0.0,0.0,0.0,0.0,0.0,0.0,0.0,0.0,0.0,1.0,0.0
10,10,0.0,0.0,0.0,0.0,0.0,0.0,0.0,0.0,0.0,0.0,1.0,0.0
10,10,0.0,0.0,0.0,0.0,0.0,0.0,0.0,0.0,0.0,0.0,1.0,0.0
10,10,0.0,0.0,0.0,0.0,0.0,0.0,0.0,0.0,0.0,0.0,1.0,0.0
10,10,0.0,0.0,0.0,0.0,0.0,0.0,0.0,0.0,0.0,0.0,1.0,0.0
10,10,0.0,0.0,0.0,0.0,0.0,0.0,0.0,0.0,0.0,0.0,1.0,0.0
10,10,0.0,0.0,0.0,0.0,0.0,0.0,0.0,0.0,0.0,0.0,1.0,0.0
10,10,0.0,0.0,0.0,0.0,0.0,0.0,0.0,0.0,0.0,0.0,1.0,0.0
10,10,0.0,0.0,0.0,0.0,0.0,0.0,0.0,0.0,0.0,0.0,1.0,0.0
10,10,0.0,0.0,0.0,0.0,0.0,0.0,0.0,0.0,0.0,0.0,1.0,0.0
10,10,0.0,0.0,0.0,0.0,0.0,0.0,0.0,0.0,0.0,0.0,1.0,0.0
10,10,0.0,0.0,0.0,0.0,0.0,0.0,0.0,0.0,0.0,0.0,1.0,0.0
10,10,0.0,0.0,0.0,0.0,0.0,0.0,0.0,0.0,0.0,0.0,1.0,0.0
10,10,0.0,0.0,0.0,0.0,0.0,0.0,0.0,0.0,0.0,0.0,1.0,0.0
10,10,0.0,0.0,0.0,0.0,0.0,0.0,0.0,0.0,0.0,0.0,1.0,0.0
10,10,0.0,0.0,0.0,0.0,0.0,0.0,0.0,0.0,0.0,0.0,1.0,0.0
10,10,0.0,0.0,0.0,0.0,0.0,0.0,0.0,0.0,0.0,0.0,1.0,0.0
10,10,0.0,0.0,0.0,0.0,0.0,0.0,0.0,0.0,0.0,0.0,1.0,0.0
10,10,0.0,0.0,0.0,0.0,0.0,0.0,0.0,0.0,0.0,0.0,1.0,0.0
10,10,0.0,0.0,0.0,0.0,0.0,0.0,0.0,0.0,0.0,0.0,1.0,0.0
10,10,0.0,0.0,0.0,0.0,0.0,0.0,0.0,0.0,0.0,0.0,1.0,0.0
10,10,0.0,0.0,0.0,0.0,0.0,0.0,0.0,0.0,0.0,0.0,1.0,0.0
10,10,0.0,0.0,0.0,0.0,0.0,0.0,0.0,0.0,0.0,0.0,1.0,0.0
10,10,0.0,0.0,0.0,0.0,0.0,0.0,0.0,0.0,0.0,0.0,1.0,0.0
10,10,0.0,0.0,0.0,0.0,0.0,0.0,0.0,0.0,0.0,0.0,1.0,0.0
10,10,0.0,0.0,0.0,0.0,0.0,0.0,0.0,0.0,0.0,0.0,1.0,0.0
10,10,0.0,0.0,0.0,0.0,0.0,0.0,0.0,0.0,0.0,0.0,1.0,0.0
10,10,0.0,0.0,0.0,0.0,0.0,0.0,0.0,0.0,0.0,0.0,1.0,0.0
10,10,0.0,0.0,0.0,0.0,0.0,0.0,0.0,0.0,0.0,0.0,1.0,0.0
10,10,0.0,0.0,0.0,0.0,0.0,0.0,0.0,0.0,0.0,0.0,1.0,0.0
10,10,0.0,0.0,0.0,0.0,0.0,0.0,0.0,0.0,0.0,0.0,1.0,0.0
10,10,0.0,0.0,0.0,0.0,0.0,0.0,0.0,0.0,0.0,0.0,1.0,0.0
10,10,0.0,0.0,0.0,0.0,0.0,0.0,0.0,0.0,0.0,0.0,1.0,0.0
10,10,0.0,0.0,0.0,0.0,0.0,0.0,0.0,0.0,0.0,0.0,1.0,0.0
10,10,0.0,0.0,0.0,0.0,0.0,0.0,0.0,0.0,0.0,0.0,1.0,0.0
10,10,0.0,0.0,0.0,0.0,0.0,0.0,0.0,0.0,0.0,0.0,1.0,0.0
10,10,0.0,0.0,0.0,0.0,0.0,0.0,0.0,0.0,0.0,0.0,1.0,0.0
10,10,0.0,0.0,0.0,0.0,0.0,0.0,0.0,0.0,0.0,0.0,1.0,0.0
10,10,0.0,0.0,0.0,0.0,0.0,0.0,0.0,0.0,0.0,0.0,1.0,0.0
10,10,0.0,0.0,0.0,0.0,0.0,0.0,0.0,0.0,0.0,0.0,1.0,0.0
10,10,0.0,0.0,0.0,0.0,0.0,0.0,0.0,0.0,0.0,0.0,1.0,0.0
10,10,0.0,0.0,0.0,0.0,0.0,0.0,0.0,0.0,0.0,0.0,1.0,0.0
10,10,0.0,0.0,0.0,0.0,0.0,0.0,0.0,0.0,0.0,0.0,1.0,0.0
10,10,0.0,0.0,0.0,0.0,0.0,0.0,0.0,0.0,0.0,0.0,1.0,0.0
10,10,0.0,0.0,0.0,0.0,0.0,0.0,0.0,0.0,0.0,0.0,1.0,0.0
10,10,0.0,0.0,0.0,0.0,0.0,0.0,0.0,0.0,0.0,0.0,1.0,0.0
10,10,0.0,0.0,0.0,0.0,0.0,0.0,0.0,0.0,0.0,0.0,1.0,0.0
10,10,0.0,0.0,0.0,0.0,0.0,0.0,0.0,0.0,0.0,0.0,1.0,0.0
10,10,0.0,0.0,0.0,0.0,0.0,0.0,0.0,0.0,0.0,0.0,1.0,0.0
10,10,0.0,0.0,0.0,0.0,0.0,0.0,0.0,0.0,0.0,0.0,1.0,0.0
10,10,0.0,0.0,0.0,0.0,0.0,0.0,0.0,0.0,0.0,0.0,1.0,0.0
10,10,0.0,0.0,0.0,0.0,0.0,0.0,0.0,0.0,0.0,0.0,1.0,0.0
10,10,0.0,0.0,0.0,0.0,0.0,0.0,0.0,0.0,0.0,0.0,1.0,0.0
10,10,0.0,0.0,0.0,0.0,0.0,0.0,0.0,0.0,0.0,0.0,1.0,0.0
10,10,0.0,0.0,0.0,0.0,0.0,0.0,0.0,0.0,0.0,0.0,1.0,0.0
10,10,0.0,0.0,0.0,0.0,0.0,0.0,0.0,0.0,0.0,0.0,1.0,0.0
10,10,0.0,0.0,0.0,0.0,0.0,0.0,0.0,0.0,0.0,0.0,1.0,0.0
10,10,0.0,0.0,0.0,0.0,0.0,0.0,0.0,0.0,0.0,0.0,1.0,0.0
10,10,0.0,0.0,0.0,0.0,0.0,0.0,0.0,0.0,0.0,0.0,1.0,0.0
10,10,0.0,0.0,0.0,0.0,0.0,0.0,0.0,0.0,0.0,0.0,1.0,0.0
10,10,0.0,0.0,0.0,0.0,0.0,0.0,0.0,0.0,0.0,0.0,1.0,0.0
10,10,0.0,0.0,0.0,0.0,0.0,0.0,0.0,0.0,0.0,0.0,1.0,0.0
10,10,0.0,0.0,0.0,0.0,0.0,0.0,0.0,0.0,0.0,0.0,1.0,0.0
10,10,0.0,0.0,0.0,0.0,0.0,0.0,0.0,0.0,0.0,0.0,1.0,0.0
10,10,0.0,0.0,0.0,0.0,0.0,0.0,0.0,0.0,0.0,0.0,1.0,0.0
10,10,0.0,0.0,0.0,0.0,0.0,0.0,0.0,0.0,0.0,0.0,1.0,0.0
10,10,0.0,0.0,0.0,0.0,0.0,0.0,0.0,0.0,0.0,0.0,1.0,0.0
10,10,0.0,0.0,0.0,0.0,0.0,0.0,0.0,0.0,0.0,0.0,1.0,0.0
10,10,0.0,0.0,0.0,0.0,0.0,0.0,0.0,0.0,0.0,0.0,1.0,0.0
10,10,0.0,0.0,0.0,0.0,0.0,0.0,0.0,0.0,0.0,0.0,1.0,0.0
10,10,0.0,0.0,0.0,0.0,0.0,0.0,0.0,0.0,0.0,0.0,1.0,0.0
10,10,0.0,0.0,0.0,0.0,0.0,0.0,0.0,0.0,0.0,0.0,1.0,0.0
10,10,0.0,0.0,0.0,0.0,0.0,0.0,0.0,0.0,0.0,0.0,1.0,0.0
10,10,0.0,0.0,0.0,0.0,0.0,0.0,0.0,0.0,0.0,0.0,1.0,0.0
10,10,0.0,0.0,0.0,0.0,0.0,0.0,0.0,0.0,0.0,0.0,1.0,0.0
10,10,0.0,0.0,0.0,0.0,0.0,0.0,0.0,0.0,0.0,0.0,1.0,0.0
10,10,0.0,0.0,0.0,0.0,0.0,0.0,0.0,0.0,0.0,0.0,1.0,0.0
10,10,0.0,0.0,0.0,0.0,0.0,0.0,0.0,0.0,0.0,0.0,1.0,0.0
10,10,0.0,0.0,0.0,0.0,0.0,0.0,0.0,0.0,0.0,0.0,1.0,0.0
10,10,0.0,0.0,0.0,0.0,0.0,0.0,0.0,0.0,0.0,0.0,1.0,0.0
10,10,0.0,0.0,0.0,0.0,0.0,0.0,0.0,0.0,0.0,0.0,1.0,0.0
10,10,0.0,0.0,0.0,0.0,0.0,0.0,0.0,0.0,0.0,0.0,1.0,0.0
10,10,0.0,0.0,0.0,0.0,0.0,0.0,0.0,0.0,0.0,0.0,1.0,0.0
10,10,0.0,0.0,0.0,0.0,0.0,0.0,0.0,0.0,0.0,0.0,1.0,0.0
10,10,0.0,0.0,0.0,0.0,0.0,0.0,0.0,0.0,0.0,0.0,1.0,0.0
10,10,0.0,0.0,0.0,0.0,0.0,0.0,0.0,0.0,0.0,0.0,1.0,0.0
10,10,0.0,0.0,0.0,0.0,0.0,0.0,0.0,0.0,0.0,0.0,1.0,0.0
10,10,0.0,0.0,0.0,0.0,0.0,0.0,0.0,0.0,0.0,0.0,1.0,0.0
10,10,0.0,0.0,0.0,0.0,0.0,0.0,0.0,0.0,0.0,0.0,1.0,0.0
10,10,0.0,0.0,0.0,0.0,0.0,0.0,0.0,0.0,0.0,0.0,1.0,0.0
10,10,0.0,0.0,0.0,0.0,0.0,0.0,0.0,0.0,0.0,0.0,1.0,0.0
10,10,0.0,0.0,0.0,0.0,0.0,0.0,0.0,0.0,0.0,0.0,1.0,0.0
10,10,0.0,0.0,0.0,0.0,0.0,0.0,0.0,0.0,0.0,0.0,1.0,0.0
10,10,0.0,0.0,0.0,0.0,0.0,0.0,0.0,0.0,0.0,0.0,1.0,0.0
10,10,0.0,0.0,0.0,0.0,0.0,0.0,0.0,0.0,0.0,0.0,1.0,0.0
10,10,0.0,0.0,0.0,0.0,0.0,0.0,0.0,0.0,0.0,0.0,1.0,0.0
10,10,0.0,0.0,0.0,0.0,0.0,0.0,0.0,0.0,0.0,0.0,1.0,0.0
10,10,0.0,0.0,0.0,0.0,0.0,0.0,0.0,0.0,0.0,0.0,1.0,0.0
10,10,0.0,0.0,0.0,0.0,0.0,0.0,0.0,0.0,0.0,0.0,1.0,0.0
10,10,0.0,0.0,0.0,0.0,0.0,0.0,0.0,0.0,0.0,0.0,1.0,0.0
10,10,0.0,0.0,0.0,0.0,0.0,0.0,0.0,0.0,0.0,0.0,1.0,0.0
10,10,0.0,0.0,0.0,0.0,0.0,0.0,0.0,0.0,0.0,0.0,1.0,0.0
10,10,0.0,0.0,0.0,0.0,0.0,0.0,0.0,0.0,0.0,0.0,1.0,0.0
10,10,0.0,0.0,0.0,0.0,0.0,0.0,0.0,0.0,0.0,0.0,1.0,0.0
10,10,0.0,0.0,0.0,0.0,0.0,0.0,0.0,0.0,0.0,0.0,1.0,0.0
10,10,0.0,0.0,0.0,0.0,0.0,0.0,0.0,0.0,0.0,0.0,1.0,0.0
10,10,0.0,0.0,0.0,0.0,0.0,0.0,0.0,0.0,0.0,0.0,1.0,0.0
10,10,0.0,0.0,0.0,0.0,0.0,0.0,0.0,0.0,0.0,0.0,1.0,0.0
10,10,0.0,0.0,0.0,0.0,0.0,0.0,0.0,0.0,0.0,0.0,1.0,0.0
10,10,0.0,0.0,0.0,0.0,0.0,0.0,0.0,0.0,0.0,0.0,1.0,0.0
10,10,0.0,0.0,0.0,0.0,0.0,0.0,0.0,0.0,0.0,0.0,1.0,0.0
10,10,0.0,0.0,0.0,0.0,0.0,0.0,0.0,0.0,0.0,0.0,1.0,0.0
10,10,0.0,0.0,0.0,0.0,0.0,0.0,0.0,0.0,0.0,0.0,1.0,0.0
10,10,0.0,0.0,0.0,0.0,0.0,0.0,0.0,0.0,0.0,0.0,1.0,0.0
10,10,0.0,0.0,0.0,0.0,0.0,0.0,0.0,0.0,0.0,0.0,1.0,0.0
10,10,0.0,0.0,0.0,0.0,0.0,0.0,0.0,0.0,0.0,0.0,1.0,0.0
10,10,0.0,0.0,0.0,0.0,0.0,0.0,0.0,0.0,0.0,0.0,1.0,0.0
10,10,0.0,0.0,0.0,0.0,0.0,0.0,0.0,0.0,0.0,0.0,1.0,0.0
10,10,0.0,0.0,0.0,0.0,0.0,0.0,0.0,0.0,0.0,0.0,1.0,0.0
10,10,0.0,0.0,0.0,0.0,0.0,0.0,0.0,0.0,0.0,0.0,1.0,0.0
10,10,0.0,0.0,0.0,0.0,0.0,0.0,0.0,0.0,0.0,0.0,1.0,0.0
10,10,0.0,0.0,0.0,0.0,0.0,0.0,0.0,0.0,0.0,0.0,1.0,0.0
10,10,0.0,0.0,0.0,0.0,0.0,0.0,0.0,0.0,0.0,0.0,1.0,0.0
10,10,0.0,0.0,0.0,0.0,0.0,0.0,0.0,0.0,0.0,0.0,1.0,0.0
10,10,0.0,0.0,0.0,0.0,0.0,0.0,0.0,0.0,0.0,0.0,1.0,0.0
10,10,0.0,0.0,0.0,0.0,0.0,0.0,0.0,0.0,0.0,0.0,1.0,0.0
10,10,0.0,0.0,0.0,0.0,0.0,0.0,0.0,0.0,0.0,0.0,1.0,0.0
10,10,0.0,0.0,0.0,0.0,0.0,0.0,0.0,0.0,0.0,0.0,1.0,0.0
10,10,0.0,0.0,0.0,0.0,0.0,0.0,0.0,0.0,0.0,0.0,1.0,0.0
10,10,0.0,0.0,0.0,0.0,0.0,0.0,0.0,0.0,0.0,0.0,1.0,0.0
10,10,0.0,0.0,0.0,0.0,0.0,0.0,0.0,0.0,0.0,0.0,1.0,0.0
10,10,0.0,0.0,0.0,0.0,0.0,0.0,0.0,0.0,0.0,0.0,1.0,0.0
10,10,0.0,0.0,0.0,0.0,0.0,0.0,0.0,0.0,0.0,0.0,1.0,0.0
10,10,0.0,0.0,0.0,0.0,0.0,0.0,0.0,0.0,0.0,0.0,1.0,0.0
10,10,0.0,0.0,0.0,0.0,0.0,0.0,0.0,0.0,0.0,0.0,1.0,0.0
10,10,0.0,0.0,0.0,0.0,0.0,0.0,0.0,0.0,0.0,0.0,1.0,0.0
10,10,0.0,0.0,0.0,0.0,0.0,0.0,0.0,0.0,0.0,0.0,1.0,0.0
10,10,0.0,0.0,0.0,0.0,0.0,0.0,0.0,0.0,0.0,0.0,1.0,0.0
10,10,0.0,0.0,0.0,0.0,0.0,0.0,0.0,0.0,0.0,0.0,1.0,0.0
10,10,0.0,0.0,0.0,0.0,0.0,0.0,0.0,0.0,0.0,0.0,1.0,0.0
10,10,0.0,0.0,0.0,0.0,0.0,0.0,0.0,0.0,0.0,0.0,1.0,0.0
10,10,0.0,0.0,0.0,0.0,0.0,0.0,0.0,0.0,0.0,0.0,1.0,0.0
10,10,0.0,0.0,0.0,0.0,0.0,0.0,0.0,0.0,0.0,0.0,1.0,0.0
10,10,0.0,0.0,0.0,0.0,0.0,0.0,0.0,0.0,0.0,0.0,1.0,0.0
10,10,0.0,0.0,0.0,0.0,0.0,0.0,0.0,0.0,0.0,0.0,1.0,0.0
10,10,0.0,0.0,0.0,0.0,0.0,0.0,0.0,0.0,0.0,0.0,1.0,0.0
10,10,0.0,0.0,0.0,0.0,0.0,0.0,0.0,0.0,0.0,0.0,1.0,0.0
10,10,0.0,0.0,0.0,0.0,0.0,0.0,0.0,0.0,0.0,0.0,1.0,0.0
10,10,0.0,0.0,0.0,0.0,0.0,0.0,0.0,0.0,0.0,0.0,1.0,0.0
10,10,0.0,0.0,0.0,0.0,0.0,0.0,0.0,0.0,0.0,0.0,1.0,0.0
10,10,0.0,0.0,0.0,0.0,0.0,0.0,0.0,0.0,0.0,0.0,1.0,0.0
10,10,0.0,0.0,0.0,0.0,0.0,0.0,0.0,0.0,0.0,0.0,1.0,0.0
10,10,0.0,0.0,0.0,0.0,0.0,0.0,0.0,0.0,0.0,0.0,1.0,0.0
10,10,0.0,0.0,0.0,0.0,0.0,0.0,0.0,0.0,0.0,0.0,1.0,0.0
10,10,0.0,0.0,0.0,0.0,0.0,0.0,0.0,0.0,0.0,0.0,1.0,0.0
10,10,0.0,0.0,0.0,0.0,0.0,0.0,0.0,0.0,0.0,0.0,1.0,0.0
10,10,0.0,0.0,0.0,0.0,0.0,0.0,0.0,0.0,0.0,0.0,1.0,0.0
10,10,0.0,0.0,0.0,0.0,0.0,0.0,0.0,0.0,0.0,0.0,1.0,0.0
10,10,0.0,0.0,0.0,0.0,0.0,0.0,0.0,0.0,0.0,0.0,1.0,0.0
10,10,0.0,0.0,0.0,0.0,0.0,0.0,0.0,0.0,0.0,0.0,1.0,0.0
10,10,0.0,0.0,0.0,0.0,0.0,0.0,0.0,0.0,0.0,0.0,1.0,0.0
10,10,0.0,0.0,0.0,0.0,0.0,0.0,0.0,0.0,0.0,0.0,1.0,0.0
10,10,0.0,0.0,0.0,0.0,0.0,0.0,0.0,0.0,0.0,0.0,1.0,0.0
10,10,0.0,0.0,0.0,0.0,0.0,0.0,0.0,0.0,0.0,0.0,1.0,0.0
10,10,0.0,0.0,0.0,0.0,0.0,0.0,0.0,0.0,0.0,0.0,1.0,0.0
10,10,0.0,0.0,0.0,0.0,0.0,0.0,0.0,0.0,0.0,0.0,1.0,0.0
10,10,0.0,0.0,0.0,0.0,0.0,0.0,0.0,0.0,0.0,0.0,1.0,0.0
10,10,0.0,0.0,0.0,0.0,0.0,0.0,0.0,0.0,0.0,0.0,1.0,0.0
10,10,0.0,0.0,0.0,0.0,0.0,0.0,0.0,0.0,0.0,0.0,1.0,0.0
10,10,0.0,0.0,0.0,0.0,0.0,0.0,0.0,0.0,0.0,0.0,1.0,0.0
10,10,0.0,0.0,0.0,0.0,0.0,0.0,0.0,0.0,0.0,0.0,1.0,0.0
10,10,0.0,0.0,0.0,0.0,0.0,0.0,0.0,0.0,0.0,0.0,1.0,0.0
10,10,0.0,0.0,0.0,0.0,0.0,0.0,0.0,0.0,0.0,0.0,1.0,0.0
10,10,0.0,0.0,0.0,0.0,0.0,0.0,0.0,0.0,0.0,0.0,1.0,0.0
10,10,0.0,0.0,0.0,0.0,0.0,0.0,0.0,0.0,0.0,0.0,1.0,0.0
10,10,0.0,0.0,0.0,0.0,0.0,0.0,0.0,0.0,0.0,0.0,1.0,0.0
10,10,0.0,0.0,0.0,0.0,0.0,0.0,0.0,0.0,0.0,0.0,1.0,0.0
10,10,0.0,0.0,0.0,0.0,0.0,0.0,0.0,0.0,0.0,0.0,1.0,0.0
10,10,0.0,0.0,0.0,0.0,0.0,0.0,0.0,0.0,0.0,0.0,1.0,0.0
10,10,0.0,0.0,0.0,0.0,0.0,0.0,0.0,0.0,0.0,0.0,1.0,0.0
10,10,0.0,0.0,0.0,0.0,0.0,0.0,0.0,0.0,0.0,0.0,1.0,0.0
10,10,0.0,0.0,0.0,0.0,0.0,0.0,0.0,0.0,0.0,0.0,1.0,0.0
10,10,0.0,0.0,0.0,0.0,0.0,0.0,0.0,0.0,0.0,0.0,1.0,0.0
10,10,0.0,0.0,0.0,0.0,0.0,0.0,0.0,0.0,0.0,0.0,1.0,0.0
10,10,0.0,0.0,0.0,0.0,0.0,0.0,0.0,0.0,0.0,0.0,1.0,0.0
10,10,0.0,0.0,0.0,0.0,0.0,0.0,0.0,0.0,0.0,0.0,1.0,0.0
10,10,0.0,0.0,0.0,0.0,0.0,0.0,0.0,0.0,0.0,0.0,1.0,0.0
10,10,0.0,0.0,0.0,0.0,0.0,0.0,0.0,0.0,0.0,0.0,1.0,0.0
10,10,0.0,0.0,0.0,0.0,0.0,0.0,0.0,0.0,0.0,0.0,1.0,0.0
10,10,0.0,0.0,0.0,0.0,0.0,0.0,0.0,0.0,0.0,0.0,1.0,0.0
10,10,0.0,0.0,0.0,0.0,0.0,0.0,0.0,0.0,0.0,0.0,1.0,0.0
10,10,0.0,0.0,0.0,0.0,0.0,0.0,0.0,0.0,0.0,0.0,1.0,0.0
10,10,0.0,0.0,0.0,0.0,0.0,0.0,0.0,0.0,0.0,0.0,1.0,0.0
10,10,0.0,0.0,0.0,0.0,0.0,0.0,0.0,0.0,0.0,0.0,1.0,0.0
10,10,0.0,0.0,0.0,0.0,0.0,0.0,0.0,0.0,0.0,0.0,1.0,0.0
10,10,0.0,0.0,0.0,0.0,0.0,0.0,0.0,0.0,0.0,0.0,1.0,0.0
10,10,0.0,0.0,0.0,0.0,0.0,0.0,0.0,0.0,0.0,0.0,1.0,0.0
10,10,0.0,0.0,0.0,0.0,0.0,0.0,0.0,0.0,0.0,0.0,1.0,0.0
10,10,0.0,0.0,0.0,0.0,0.0,0.0,0.0,0.0,0.0,0.0,1.0,0.0
10,10,0.0,0.0,0.0,0.0,0.0,0.0,0.0,0.0,0.0,0.0,1.0,0.0
10,10,0.0,0.0,0.0,0.0,0.0,0.0,0.0,0.0,0.0,0.0,1.0,0.0
10,10,0.0,0.0,0.0,0.0,0.0,0.0,0.0,0.0,0.0,0.0,1.0,0.0
10,10,0.0,0.0,0.0,0.0,0.0,0.0,0.0,0.0,0.0,0.0,1.0,0.0
10,10,0.0,0.0,0.0,0.0,0.0,0.0,0.0,0.0,0.0,0.0,1.0,0.0
10,10,0.0,0.0,0.0,0.0,0.0,0.0,0.0,0.0,0.0,0.0,1.0,0.0
10,10,0.0,0.0,0.0,0.0,0.0,0.0,0.0,0.0,0.0,0.0,1.0,0.0
10,10,0.0,0.0,0.0,0.0,0.0,0.0,0.0,0.0,0.0,0.0,1.0,0.0
10,10,0.0,0.0,0.0,0.0,0.0,0.0,0.0,0.0,0.0,0.0,1.0,0.0
10,10,0.0,0.0,0.0,0.0,0.0,0.0,0.0,0.0,0.0,0.0,1.0,0.0
10,10,0.0,0.0,0.0,0.0,0.0,0.0,0.0,0.0,0.0,0.0,1.0,0.0
10,10,0.0,0.0,0.0,0.0,0.0,0.0,0.0,0.0,0.0,0.0,1.0,0.0
10,10,0.0,0.0,0.0,0.0,0.0,0.0,0.0,0.0,0.0,0.0,1.0,0.0
10,10,0.0,0.0,0.0,0.0,0.0,0.0,0.0,0.0,0.0,0.0,1.0,0.0
10,10,0.0,0.0,0.0,0.0,0.0,0.0,0.0,0.0,0.0,0.0,1.0,0.0
10,10,0.0,0.0,0.0,0.0,0.0,0.0,0.0,0.0,0.0,0.0,1.0,0.0
10,10,0.0,0.0,0.0,0.0,0.0,0.0,0.0,0.0,0.0,0.0,1.0,0.0
10,10,0.0,0.0,0.0,0.0,0.0,0.0,0.0,0.0,0.0,0.0,1.0,0.0
10,10,0.0,0.0,0.0,0.0,0.0,0.0,0.0,0.0,0.0,0.0,1.0,0.0
10,10,0.0,0.0,0.0,0.0,0.0,0.0,0.0,0.0,0.0,0.0,1.0,0.0
10,10,0.0,0.0,0.0,0.0,0.0,0.0,0.0,0.0,0.0,0.0,1.0,0.0
10,10,0.0,0.0,0.0,0.0,0.0,0.0,0.0,0.0,0.0,0.0,1.0,0.0
10,10,0.0,0.0,0.0,0.0,0.0,0.0,0.0,0.0,0.0,0.0,1.0,0.0
10,10,0.0,0.0,0.0,0.0,0.0,0.0,0.0,0.0,0.0,0.0,1.0,0.0
10,10,0.0,0.0,0.0,0.0,0.0,0.0,0.0,0.0,0.0,0.0,1.0,0.0
10,10,0.0,0.0,0.0,0.0,0.0,0.0,0.0,0.0,0.0,0.0,1.0,0.0
10,10,0.0,0.0,0.0,0.0,0.0,0.0,0.0,0.0,0.0,0.0,1.0,0.0
10,10,0.0,0.0,0.0,0.0,0.0,0.0,0.0,0.0,0.0,0.0,1.0,0.0
10,10,0.0,0.0,0.0,0.0,0.0,0.0,0.0,0.0,0.0,0.0,1.0,0.0
10,10,0.0,0.0,0.0,0.0,0.0,0.0,0.0,0.0,0.0,0.0,1.0,0.0
10,10,0.0,0.0,0.0,0.0,0.0,0.0,0.0,0.0,0.0,0.0,1.0,0.0
10,10,0.0,0.0,0.0,0.0,0.0,0.0,0.0,0.0,0.0,0.0,1.0,0.0
10,10,0.0,0.0,0.0,0.0,0.0,0.0,0.0,0.0,0.0,0.0,1.0,0.0
10,10,0.0,0.0,0.0,0.0,0.0,0.0,0.0,0.0,0.0,0.0,1.0,0.0
10,10,0.0,0.0,0.0,0.0,0.0,0.0,0.0,0.0,0.0,0.0,1.0,0.0
10,10,0.0,0.0,0.0,0.0,0.0,0.0,0.0,0.0,0.0,0.0,1.0,0.0
10,10,0.0,0.0,0.0,0.0,0.0,0.0,0.0,0.0,0.0,0.0,1.0,0.0
10,10,0.0,0.0,0.0,0.0,0.0,0.0,0.0,0.0,0.0,0.0,1.0,0.0
10,10,0.0,0.0,0.0,0.0,0.0,0.0,0.0,0.0,0.0,0.0,1.0,0.0
10,10,0.0,0.0,0.0,0.0,0.0,0.0,0.0,0.0,0.0,0.0,1.0,0.0
10,10,0.0,0.0,0.0,0.0,0.0,0.0,0.0,0.0,0.0,0.0,1.0,0.0
10,10,0.0,0.0,0.0,0.0,0.0,0.0,0.0,0.0,0.0,0.0,1.0,0.0
10,10,0.0,0.0,0.0,0.0,0.0,0.0,0.0,0.0,0.0,0.0,1.0,0.0
10,10,0.0,0.0,0.0,0.0,0.0,0.0,0.0,0.0,0.0,0.0,1.0,0.0
10,10,0.0,0.0,0.0,0.0,0.0,0.0,0.0,0.0,0.0,0.0,1.0,0.0
10,10,0.0,0.0,0.0,0.0,0.0,0.0,0.0,0.0,0.0,0.0,1.0,0.0
10,10,0.0,0.0,0.0,0.0,0.0,0.0,0.0,0.0,0.0,0.0,1.0,0.0
10,10,0.0,0.0,0.0,0.0,0.0,0.0,0.0,0.0,0.0,0.0,1.0,0.0
10,10,0.0,0.0,0.0,0.0,0.0,0.0,0.0,0.0,0.0,0.0,1.0,0.0
10,10,0.0,0.0,0.0,0.0,0.0,0.0,0.0,0.0,0.0,0.0,1.0,0.0
10,10,0.0,0.0,0.0,0.0,0.0,0.0,0.0,0.0,0.0,0.0,1.0,0.0
10,10,0.0,0.0,0.0,0.0,0.0,0.0,0.0,0.0,0.0,0.0,1.0,0.0
10,10,0.0,0.0,0.0,0.0,0.0,0.0,0.0,0.0,0.0,0.0,1.0,0.0
10,10,0.0,0.0,0.0,0.0,0.0,0.0,0.0,0.0,0.0,0.0,1.0,0.0
10,10,0.0,0.0,0.0,0.0,0.0,0.0,0.0,0.0,0.0,0.0,1.0,0.0
10,10,0.0,0.0,0.0,0.0,0.0,0.0,0.0,0.0,0.0,0.0,1.0,0.0
10,10,0.0,0.0,0.0,0.0,0.0,0.0,0.0,0.0,0.0,0.0,1.0,0.0
10,10,0.0,0.0,0.0,0.0,0.0,0.0,0.0,0.0,0.0,0.0,1.0,0.0
10,10,0.0,0.0,0.0,0.0,0.0,0.0,0.0,0.0,0.0,0.0,1.0,0.0
10,10,0.0,0.0,0.0,0.0,0.0,0.0,0.0,0.0,0.0,0.0,1.0,0.0
10,10,0.0,0.0,0.0,0.0,0.0,0.0,0.0,0.0,0.0,0.0,1.0,0.0
10,10,0.0,0.0,0.0,0.0,0.0,0.0,0.0,0.0,0.0,0.0,1.0,0.0
10,10,0.0,0.0,0.0,0.0,0.0,0.0,0.0,0.0,0.0,0.0,1.0,0.0
10,10,0.0,0.0,0.0,0.0,0.0,0.0,0.0,0.0,0.0,0.0,1.0,0.0
10,10,0.0,0.0,0.0,0.0,0.0,0.0,0.0,0.0,0.0,0.0,1.0,0.0
10,10,0.0,0.0,0.0,0.0,0.0,0.0,0.0,0.0,0.0,0.0,1.0,0.0
10,10,0.0,0.0,0.0,0.0,0.0,0.0,0.0,0.0,0.0,0.0,1.0,0.0
10,10,0.0,0.0,0.0,0.0,0.0,0.0,0.0,0.0,0.0,0.0,1.0,0.0
10,10,0.0,0.0,0.0,0.0,0.0,0.0,0.0,0.0,0.0,0.0,1.0,0.0
10,10,0.0,0.0,0.0,0.0,0.0,0.0,0.0,0.0,0.0,0.0,1.0,0.0
10,10,0.0,0.0,0.0,0.0,0.0,0.0,0.0,0.0,0.0,0.0,1.0,0.0
10,10,0.0,0.0,0.0,0.0,0.0,0.0,0.0,0.0,0.0,0.0,1.0,0.0
10,10,0.0,0.0,0.0,0.0,0.0,0.0,0.0,0.0,0.0,0.0,1.0,0.0
10,10,0.0,0.0,0.0,0.0,0.0,0.0,0.0,0.0,0.0,0.0,1.0,0.0
10,10,0.0,0.0,0.0,0.0,0.0,0.0,0.0,0.0,0.0,0.0,1.0,0.0
10,10,0.0,0.0,0.0,0.0,0.0,0.0,0.0,0.0,0.0,0.0,1.0,0.0
10,10,0.0,0.0,0.0,0.0,0.0,0.0,0.0,0.0,0.0,0.0,1.0,0.0
10,10,0.0,0.0,0.0,0.0,0.0,0.0,0.0,0.0,0.0,0.0,1.0,0.0
10,10,0.0,0.0,0.0,0.0,0.0,0.0,0.0,0.0,0.0,0.0,1.0,0.0
10,10,0.0,0.0,0.0,0.0,0.0,0.0,0.0,0.0,0.0,0.0,1.0,0.0
10,10,0.0,0.0,0.0,0.0,0.0,0.0,0.0,0.0,0.0,0.0,1.0,0.0
10,10,0.0,0.0,0.0,0.0,0.0,0.0,0.0,0.0,0.0,0.0,1.0,0.0
10,10,0.0,0.0,0.0,0.0,0.0,0.0,0.0,0.0,0.0,0.0,1.0,0.0
10,10,0.0,0.0,0.0,0.0,0.0,0.0,0.0,0.0,0.0,0.0,1.0,0.0
10,10,0.0,0.0,0.0,0.0,0.0,0.0,0.0,0.0,0.0,0.0,1.0,0.0
10,10,0.0,0.0,0.0,0.0,0.0,0.0,0.0,0.0,0.0,0.0,1.0,0.0
10,10,0.0,0.0,0.0,0.0,0.0,0.0,0.0,0.0,0.0,0.0,1.0,0.0
10,10,0.0,0.0,0.0,0.0,0.0,0.0,0.0,0.0,0.0,0.0,1.0,0.0
10,10,0.0,0.0,0.0,0.0,0.0,0.0,0.0,0.0,0.0,0.0,1.0,0.0
10,10,0.0,0.0,0.0,0.0,0.0,0.0,0.0,0.0,0.0,0.0,1.0,0.0
10,10,0.0,0.0,0.0,0.0,0.0,0.0,0.0,0.0,0.0,0.0,1.0,0.0
10,10,0.0,0.0,0.0,0.0,0.0,0.0,0.0,0.0,0.0,0.0,1.0,0.0
10,10,0.0,0.0,0.0,0.0,0.0,0.0,0.0,0.0,0.0,0.0,1.0,0.0
10,10,0.0,0.0,0.0,0.0,0.0,0.0,0.0,0.0,0.0,0.0,1.0,0.0
10,10,0.0,0.0,0.0,0.0,0.0,0.0,0.0,0.0,0.0,0.0,1.0,0.0
10,10,0.0,0.0,0.0,0.0,0.0,0.0,0.0,0.0,0.0,0.0,1.0,0.0
10,10,0.0,0.0,0.0,0.0,0.0,0.0,0.0,0.0,0.0,0.0,1.0,0.0
10,10,0.0,0.0,0.0,0.0,0.0,0.0,0.0,0.0,0.0,0.0,1.0,0.0
10,10,0.0,0.0,0.0,0.0,0.0,0.0,0.0,0.0,0.0,0.0,1.0,0.0
10,10,0.0,0.0,0.0,0.0,0.0,0.0,0.0,0.0,0.0,0.0,1.0,0.0
10,10,0.0,0.0,0.0,0.0,0.0,0.0,0.0,0.0,0.0,0.0,1.0,0.0
10,10,0.0,0.0,0.0,0.0,0.0,0.0,0.0,0.0,0.0,0.0,1.0,0.0
10,10,0.0,0.0,0.0,0.0,0.0,0.0,0.0,0.0,0.0,0.0,1.0,0.0
10,10,0.0,0.0,0.0,0.0,0.0,0.0,0.0,0.0,0.0,0.0,1.0,0.0
10,10,0.0,0.0,0.0,0.0,0.0,0.0,0.0,0.0,0.0,0.0,1.0,0.0
10,10,0.0,0.0,0.0,0.0,0.0,0.0,0.0,0.0,0.0,0.0,1.0,0.0
10,10,0.0,0.0,0.0,0.0,0.0,0.0,0.0,0.0,0.0,0.0,1.0,0.0
10,10,0.0,0.0,0.0,0.0,0.0,0.0,0.0,0.0,0.0,0.0,1.0,0.0
10,10,0.0,0.0,0.0,0.0,0.0,0.0,0.0,0.0,0.0,0.0,1.0,0.0
10,10,0.0,0.0,0.0,0.0,0.0,0.0,0.0,0.0,0.0,0.0,1.0,0.0
10,10,0.0,0.0,0.0,0.0,0.0,0.0,0.0,0.0,0.0,0.0,1.0,0.0
10,10,0.0,0.0,0.0,0.0,0.0,0.0,0.0,0.0,0.0,0.0,1.0,0.0
10,10,0.0,0.0,0.0,0.0,0.0,0.0,0.0,0.0,0.0,0.0,1.0,0.0
10,10,0.0,0.0,0.0,0.0,0.0,0.0,0.0,0.0,0.0,0.0,1.0,0.0
10,10,0.0,0.0,0.0,0.0,0.0,0.0,0.0,0.0,0.0,0.0,1.0,0.0
10,10,0.0,0.0,0.0,0.0,0.0,0.0,0.0,0.0,0.0,0.0,1.0,0.0
10,10,0.0,0.0,0.0,0.0,0.0,0.0,0.0,0.0,0.0,0.0,1.0,0.0
10,10,0.0,0.0,0.0,0.0,0.0,0.0,0.0,0.0,0.0,0.0,1.0,0.0
10,10,0.0,0.0,0.0,0.0,0.0,0.0,0.0,0.0,0.0,0.0,1.0,0.0
10,10,0.0,0.0,0.0,0.0,0.0,0.0,0.0,0.0,0.0,0.0,1.0,0.0
10,10,0.0,0.0,0.0,0.0,0.0,0.0,0.0,0.0,0.0,0.0,1.0,0.0
10,10,0.0,0.0,0.0,0.0,0.0,0.0,0.0,0.0,0.0,0.0,1.0,0.0
10,10,0.0,0.0,0.0,0.0,0.0,0.0,0.0,0.0,0.0,0.0,1.0,0.0
10,10,0.0,0.0,0.0,0.0,0.0,0.0,0.0,0.0,0.0,0.0,1.0,0.0
10,10,0.0,0.0,0.0,0.0,0.0,0.0,0.0,0.0,0.0,0.0,1.0,0.0
10,10,0.0,0.0,0.0,0.0,0.0,0.0,0.0,0.0,0.0,0.0,1.0,0.0
10,10,0.0,0.0,0.0,0.0,0.0,0.0,0.0,0.0,0.0,0.0,1.0,0.0
10,10,0.0,0.0,0.0,0.0,0.0,0.0,0.0,0.0,0.0,0.0,1.0,0.0
10,10,0.0,0.0,0.0,0.0,0.0,0.0,0.0,0.0,0.0,0.0,1.0,0.0
10,10,0.0,0.0,0.0,0.0,0.0,0.0,0.0,0.0,0.0,0.0,1.0,0.0
10,10,0.0,0.0,0.0,0.0,0.0,0.0,0.0,0.0,0.0,0.0,1.0,0.0
10,10,0.0,0.0,0.0,0.0,0.0,0.0,0.0,0.0,0.0,0.0,1.0,0.0
10,10,0.0,0.0,0.0,0.0,0.0,0.0,0.0,0.0,0.0,0.0,1.0,0.0
10,10,0.0,0.0,0.0,0.0,0.0,0.0,0.0,0.0,0.0,0.0,1.0,0.0
10,10,0.0,0.0,0.0,0.0,0.0,0.0,0.0,0.0,0.0,0.0,1.0,0.0
10,10,0.0,0.0,0.0,0.0,0.0,0.0,0.0,0.0,0.0,0.0,1.0,0.0
10,10,0.0,0.0,0.0,0.0,0.0,0.0,0.0,0.0,0.0,0.0,1.0,0.0
10,10,0.0,0.0,0.0,0.0,0.0,0.0,0.0,0.0,0.0,0.0,1.0,0.0
10,10,0.0,0.0,0.0,0.0,0.0,0.0,0.0,0.0,0.0,0.0,1.0,0.0
10,10,0.0,0.0,0.0,0.0,0.0,0.0,0.0,0.0,0.0,0.0,1.0,0.0
10,10,0.0,0.0,0.0,0.0,0.0,0.0,0.0,0.0,0.0,0.0,1.0,0.0
10,10,0.0,0.0,0.0,0.0,0.0,0.0,0.0,0.0,0.0,0.0,1.0,0.0
10,10,0.0,0.0,0.0,0.0,0.0,0.0,0.0,0.0,0.0,0.0,1.0,0.0
10,10,0.0,0.0,0.0,0.0,0.0,0.0,0.0,0.0,0.0,0.0,1.0,0.0
10,10,0.0,0.0,0.0,0.0,0.0,0.0,0.0,0.0,0.0,0.0,1.0,0.0
10,10,0.0,0.0,0.0,0.0,0.0,0.0,0.0,0.0,0.0,0.0,1.0,0.0
10,10,0.0,0.0,0.0,0.0,0.0,0.0,0.0,0.0,0.0,0.0,1.0,0.0
10,10,0.0,0.0,0.0,0.0,0.0,0.0,0.0,0.0,0.0,0.0,1.0,0.0
10,10,0.0,0.0,0.0,0.0,0.0,0.0,0.0,0.0,0.0,0.0,1.0,0.0
10,10,0.0,0.0,0.0,0.0,0.0,0.0,0.0,0.0,0.0,0.0,1.0,0.0
10,10,0.0,0.0,0.0,0.0,0.0,0.0,0.0,0.0,0.0,0.0,1.0,0.0
10,10,0.0,0.0,0.0,0.0,0.0,0.0,0.0,0.0,0.0,0.0,1.0,0.0
10,10,0.0,0.0,0.0,0.0,0.0,0.0,0.0,0.0,0.0,0.0,1.0,0.0
10,10,0.0,0.0,0.0,0.0,0.0,0.0,0.0,0.0,0.0,0.0,1.0,0.0
10,10,0.0,0.0,0.0,0.0,0.0,0.0,0.0,0.0,0.0,0.0,1.0,0.0
10,10,0.0,0.0,0.0,0.0,0.0,0.0,0.0,0.0,0.0,0.0,1.0,0.0
10,10,0.0,0.0,0.0,0.0,0.0,0.0,0.0,0.0,0.0,0.0,1.0,0.0
10,10,0.0,0.0,0.0,0.0,0.0,0.0,0.0,0.0,0.0,0.0,1.0,0.0
10,10,0.0,0.0,0.0,0.0,0.0,0.0,0.0,0.0,0.0,0.0,1.0,0.0
10,10,0.0,0.0,0.0,0.0,0.0,0.0,0.0,0.0,0.0,0.0,1.0,0.0
10,10,0.0,0.0,0.0,0.0,0.0,0.0,0.0,0.0,0.0,0.0,1.0,0.0
10,10,0.0,0.0,0.0,0.0,0.0,0.0,0.0,0.0,0.0,0.0,1.0,0.0
10,10,0.0,0.0,0.0,0.0,0.0,0.0,0.0,0.0,0.0,0.0,1.0,0.0
10,10,0.0,0.0,0.0,0.0,0.0,0.0,0.0,0.0,0.0,0.0,1.0,0.0
10,10,0.0,0.0,0.0,0.0,0.0,0.0,0.0,0.0,0.0,0.0,1.0,0.0
10,10,0.0,0.0,0.0,0.0,0.0,0.0,0.0,0.0,0.0,0.0,1.0,0.0
10,10,0.0,0.0,0.0,0.0,0.0,0.0,0.0,0.0,0.0,0.0,1.0,0.0
10,10,0.0,0.0,0.0,0.0,0.0,0.0,0.0,0.0,0.0,0.0,1.0,0.0
10,10,0.0,0.0,0.0,0.0,0.0,0.0,0.0,0.0,0.0,0.0,1.0,0.0
10,10,0.0,0.0,0.0,0.0,0.0,0.0,0.0,0.0,0.0,0.0,1.0,0.0
10,10,0.0,0.0,0.0,0.0,0.0,0.0,0.0,0.0,0.0,0.0,1.0,0.0
10,10,0.0,0.0,0.0,0.0,0.0,0.0,0.0,0.0,0.0,0.0,1.0,0.0
10,10,0.0,0.0,0.0,0.0,0.0,0.0,0.0,0.0,0.0,0.0,1.0,0.0
10,10,0.0,0.0,0.0,0.0,0.0,0.0,0.0,0.0,0.0,0.0,1.0,0.0
10,10,0.0,0.0,0.0,0.0,0.0,0.0,0.0,0.0,0.0,0.0,1.0,0.0
10,10,0.0,0.0,0.0,0.0,0.0,0.0,0.0,0.0,0.0,0.0,1.0,0.0
10,10,0.0,0.0,0.0,0.0,0.0,0.0,0.0,0.0,0.0,0.0,1.0,0.0
10,10,0.0,0.0,0.0,0.0,0.0,0.0,0.0,0.0,0.0,0.0,1.0,0.0
10,10,0.0,0.0,0.0,0.0,0.0,0.0,0.0,0.0,0.0,0.0,1.0,0.0
10,10,0.0,0.0,0.0,0.0,0.0,0.0,0.0,0.0,0.0,0.0,1.0,0.0
10,10,0.0,0.0,0.0,0.0,0.0,0.0,0.0,0.0,0.0,0.0,1.0,0.0
10,10,0.0,0.0,0.0,0.0,0.0,0.0,0.0,0.0,0.0,0.0,1.0,0.0
10,10,0.0,0.0,0.0,0.0,0.0,0.0,0.0,0.0,0.0,0.0,1.0,0.0
10,10,0.0,0.0,0.0,0.0,0.0,0.0,0.0,0.0,0.0,0.0,1.0,0.0
10,10,0.0,0.0,0.0,0.0,0.0,0.0,0.0,0.0,0.0,0.0,1.0,0.0
10,10,0.0,0.0,0.0,0.0,0.0,0.0,0.0,0.0,0.0,0.0,1.0,0.0
10,10,0.0,0.0,0.0,0.0,0.0,0.0,0.0,0.0,0.0,0.0,1.0,0.0
10,10,0.0,0.0,0.0,0.0,0.0,0.0,0.0,0.0,0.0,0.0,1.0,0.0
10,10,0.0,0.0,0.0,0.0,0.0,0.0,0.0,0.0,0.0,0.0,1.0,0.0
10,10,0.0,0.0,0.0,0.0,0.0,0.0,0.0,0.0,0.0,0.0,1.0,0.0
10,10,0.0,0.0,0.0,0.0,0.0,0.0,0.0,0.0,0.0,0.0,1.0,0.0
10,10,0.0,0.0,0.0,0.0,0.0,0.0,0.0,0.0,0.0,0.0,1.0,0.0
10,10,0.0,0.0,0.0,0.0,0.0,0.0,0.0,0.0,0.0,0.0,1.0,0.0
10,10,0.0,0.0,0.0,0.0,0.0,0.0,0.0,0.0,0.0,0.0,1.0,0.0
10,10,0.0,0.0,0.0,0.0,0.0,0.0,0.0,0.0,0.0,0.0,1.0,0.0
10,10,0.0,0.0,0.0,0.0,0.0,0.0,0.0,0.0,0.0,0.0,1.0,0.0
10,10,0.0,0.0,0.0,0.0,0.0,0.0,0.0,0.0,0.0,0.0,1.0,0.0
10,10,0.0,0.0,0.0,0.0,0.0,0.0,0.0,0.0,0.0,0.0,1.0,0.0
10,10,0.0,0.0,0.0,0.0,0.0,0.0,0.0,0.0,0.0,0.0,1.0,0.0
10,10,0.0,0.0,0.0,0.0,0.0,0.0,0.0,0.0,0.0,0.0,1.0,0.0
10,10,0.0,0.0,0.0,0.0,0.0,0.0,0.0,0.0,0.0,0.0,1.0,0.0
10,10,0.0,0.0,0.0,0.0,0.0,0.0,0.0,0.0,0.0,0.0,1.0,0.0
10,10,0.0,0.0,0.0,0.0,0.0,0.0,0.0,0.0,0.0,0.0,1.0,0.0
10,10,0.0,0.0,0.0,0.0,0.0,0.0,0.0,0.0,0.0,0.0,1.0,0.0
10,10,0.0,0.0,0.0,0.0,0.0,0.0,0.0,0.0,0.0,0.0,1.0,0.0
10,10,0.0,0.0,0.0,0.0,0.0,0.0,0.0,0.0,0.0,0.0,1.0,0.0
10,10,0.0,0.0,0.0,0.0,0.0,0.0,0.0,0.0,0.0,0.0,1.0,0.0
10,10,0.0,0.0,0.0,0.0,0.0,0.0,0.0,0.0,0.0,0.0,1.0,0.0
10,10,0.0,0.0,0.0,0.0,0.0,0.0,0.0,0.0,0.0,0.0,1.0,0.0
10,10,0.0,0.0,0.0,0.0,0.0,0.0,0.0,0.0,0.0,0.0,1.0,0.0
10,10,0.0,0.0,0.0,0.0,0.0,0.0,0.0,0.0,0.0,0.0,1.0,0.0
10,10,0.0,0.0,0.0,0.0,0.0,0.0,0.0,0.0,0.0,0.0,1.0,0.0
10,10,0.0,0.0,0.0,0.0,0.0,0.0,0.0,0.0,0.0,0.0,1.0,0.0
10,10,0.0,0.0,0.0,0.0,0.0,0.0,0.0,0.0,0.0,0.0,1.0,0.0
10,10,0.0,0.0,0.0,0.0,0.0,0.0,0.0,0.0,0.0,0.0,1.0,0.0
10,10,0.0,0.0,0.0,0.0,0.0,0.0,0.0,0.0,0.0,0.0,1.0,0.0
10,10,0.0,0.0,0.0,0.0,0.0,0.0,0.0,0.0,0.0,0.0,1.0,0.0
10,10,0.0,0.0,0.0,0.0,0.0,0.0,0.0,0.0,0.0,0.0,1.0,0.0
10,10,0.0,0.0,0.0,0.0,0.0,0.0,0.0,0.0,0.0,0.0,1.0,0.0
10,10,0.0,0.0,0.0,0.0,0.0,0.0,0.0,0.0,0.0,0.0,1.0,0.0
10,10,0.0,0.0,0.0,0.0,0.0,0.0,0.0,0.0,0.0,0.0,1.0,0.0
10,10,0.0,0.0,0.0,0.0,0.0,0.0,0.0,0.0,0.0,0.0,1.0,0.0
10,10,0.0,0.0,0.0,0.0,0.0,0.0,0.0,0.0,0.0,0.0,1.0,0.0
10,10,0.0,0.0,0.0,0.0,0.0,0.0,0.0,0.0,0.0,0.0,1.0,0.0
10,10,0.0,0.0,0.0,0.0,0.0,0.0,0.0,0.0,0.0,0.0,1.0,0.0
10,10,0.0,0.0,0.0,0.0,0.0,0.0,0.0,0.0,0.0,0.0,1.0,0.0
10,10,0.0,0.0,0.0,0.0,0.0,0.0,0.0,0.0,0.0,0.0,1.0,0.0
10,10,0.0,0.0,0.0,0.0,0.0,0.0,0.0,0.0,0.0,0.0,1.0,0.0
10,10,0.0,0.0,0.0,0.0,0.0,0.0,0.0,0.0,0.0,0.0,1.0,0.0
10,10,0.0,0.0,0.0,0.0,0.0,0.0,0.0,0.0,0.0,0.0,1.0,0.0
10,10,0.0,0.0,0.0,0.0,0.0,0.0,0.0,0.0,0.0,0.0,1.0,0.0
10,10,0.0,0.0,0.0,0.0,0.0,0.0,0.0,0.0,0.0,0.0,1.0,0.0
10,10,0.0,0.0,0.0,0.0,0.0,0.0,0.0,0.0,0.0,0.0,1.0,0.0
10,10,0.0,0.0,0.0,0.0,0.0,0.0,0.0,0.0,0.0,0.0,1.0,0.0
10,10,0.0,0.0,0.0,0.0,0.0,0.0,0.0,0.0,0.0,0.0,1.0,0.0
10,10,0.0,0.0,0.0,0.0,0.0,0.0,0.0,0.0,0.0,0.0,1.0,0.0
10,10,0.0,0.0,0.0,0.0,0.0,0.0,0.0,0.0,0.0,0.0,1.0,0.0
10,10,0.0,0.0,0.0,0.0,0.0,0.0,0.0,0.0,0.0,0.0,1.0,0.0
10,10,0.0,0.0,0.0,0.0,0.0,0.0,0.0,0.0,0.0,0.0,1.0,0.0
10,10,0.0,0.0,0.0,0.0,0.0,0.0,0.0,0.0,0.0,0.0,1.0,0.0
10,10,0.0,0.0,0.0,0.0,0.0,0.0,0.0,0.0,0.0,0.0,1.0,0.0
10,10,0.0,0.0,0.0,0.0,0.0,0.0,0.0,0.0,0.0,0.0,1.0,0.0
10,10,0.0,0.0,0.0,0.0,0.0,0.0,0.0,0.0,0.0,0.0,1.0,0.0
10,10,0.0,0.0,0.0,0.0,0.0,0.0,0.0,0.0,0.0,0.0,1.0,0.0
10,10,0.0,0.0,0.0,0.0,0.0,0.0,0.0,0.0,0.0,0.0,1.0,0.0
10,10,0.0,0.0,0.0,0.0,0.0,0.0,0.0,0.0,0.0,0.0,1.0,0.0
10,10,0.0,0.0,0.0,0.0,0.0,0.0,0.0,0.0,0.0,0.0,1.0,0.0
10,10,0.0,0.0,0.0,0.0,0.0,0.0,0.0,0.0,0.0,0.0,1.0,0.0
10,10,0.0,0.0,0.0,0.0,0.0,0.0,0.0,0.0,0.0,0.0,1.0,0.0
10,10,0.0,0.0,0.0,0.0,0.0,0.0,0.0,0.0,0.0,0.0,1.0,0.0
10,10,0.0,0.0,0.0,0.0,0.0,0.0,0.0,0.0,0.0,0.0,1.0,0.0
10,10,0.0,0.0,0.0,0.0,0.0,0.0,0.0,0.0,0.0,0.0,1.0,0.0
10,10,0.0,0.0,0.0,0.0,0.0,0.0,0.0,0.0,0.0,0.0,1.0,0.0
10,10,0.0,0.0,0.0,0.0,0.0,0.0,0.0,0.0,0.0,0.0,1.0,0.0
10,10,0.0,0.0,0.0,0.0,0.0,0.0,0.0,0.0,0.0,0.0,1.0,0.0
10,10,0.0,0.0,0.0,0.0,0.0,0.0,0.0,0.0,0.0,0.0,1.0,0.0
10,10,0.0,0.0,0.0,0.0,0.0,0.0,0.0,0.0,0.0,0.0,1.0,0.0
10,10,0.0,0.0,0.0,0.0,0.0,0.0,0.0,0.0,0.0,0.0,1.0,0.0
10,10,0.0,0.0,0.0,0.0,0.0,0.0,0.0,0.0,0.0,0.0,1.0,0.0
10,10,0.0,0.0,0.0,0.0,0.0,0.0,0.0,0.0,0.0,0.0,1.0,0.0
10,10,0.0,0.0,0.0,0.0,0.0,0.0,0.0,0.0,0.0,0.0,1.0,0.0
10,10,0.0,0.0,0.0,0.0,0.0,0.0,0.0,0.0,0.0,0.0,1.0,0.0
10,10,0.0,0.0,0.0,0.0,0.0,0.0,0.0,0.0,0.0,0.0,1.0,0.0
10,10,0.0,0.0,0.0,0.0,0.0,0.0,0.0,0.0,0.0,0.0,1.0,0.0
10,10,0.0,0.0,0.0,0.0,0.0,0.0,0.0,0.0,0.0,0.0,1.0,0.0
10,10,0.0,0.0,0.0,0.0,0.0,0.0,0.0,0.0,0.0,0.0,1.0,0.0
10,10,0.0,0.0,0.0,0.0,0.0,0.0,0.0,0.0,0.0,0.0,1.0,0.0
10,10,0.0,0.0,0.0,0.0,0.0,0.0,0.0,0.0,0.0,0.0,1.0,0.0
10,10,0.0,0.0,0.0,0.0,0.0,0.0,0.0,0.0,0.0,0.0,1.0,0.0
10,10,0.0,0.0,0.0,0.0,0.0,0.0,0.0,0.0,0.0,0.0,1.0,0.0
10,10,0.0,0.0,0.0,0.0,0.0,0.0,0.0,0.0,0.0,0.0,1.0,0.0
10,10,0.0,0.0,0.0,0.0,0.0,0.0,0.0,0.0,0.0,0.0,1.0,0.0
10,10,0.0,0.0,0.0,0.0,0.0,0.0,0.0,0.0,0.0,0.0,1.0,0.0
10,10,0.0,0.0,0.0,0.0,0.0,0.0,0.0,0.0,0.0,0.0,1.0,0.0
10,10,0.0,0.0,0.0,0.0,0.0,0.0,0.0,0.0,0.0,0.0,1.0,0.0
10,10,0.0,0.0,0.0,0.0,0.0,0.0,0.0,0.0,0.0,0.0,1.0,0.0
10,10,0.0,0.0,0.0,0.0,0.0,0.0,0.0,0.0,0.0,0.0,1.0,0.0
10,10,0.0,0.0,0.0,0.0,0.0,0.0,0.0,0.0,0.0,0.0,1.0,0.0
10,10,0.0,0.0,0.0,0.0,0.0,0.0,0.0,0.0,0.0,0.0,1.0,0.0
10,10,0.0,0.0,0.0,0.0,0.0,0.0,0.0,0.0,0.0,0.0,1.0,0.0
10,10,0.0,0.0,0.0,0.0,0.0,0.0,0.0,0.0,0.0,0.0,1.0,0.0
10,10,0.0,0.0,0.0,0.0,0.0,0.0,0.0,0.0,0.0,0.0,1.0,0.0
10,10,0.0,0.0,0.0,0.0,0.0,0.0,0.0,0.0,0.0,0.0,1.0,0.0
10,10,0.0,0.0,0.0,0.0,0.0,0.0,0.0,0.0,0.0,0.0,1.0,0.0
10,10,0.0,0.0,0.0,0.0,0.0,0.0,0.0,0.0,0.0,0.0,1.0,0.0
10,10,0.0,0.0,0.0,0.0,0.0,0.0,0.0,0.0,0.0,0.0,1.0,0.0
10,10,0.0,0.0,0.0,0.0,0.0,0.0,0.0,0.0,0.0,0.0,1.0,0.0
10,10,0.0,0.0,0.0,0.0,0.0,0.0,0.0,0.0,0.0,0.0,1.0,0.0
10,10,0.0,0.0,0.0,0.0,0.0,0.0,0.0,0.0,0.0,0.0,1.0,0.0
10,10,0.0,0.0,0.0,0.0,0.0,0.0,0.0,0.0,0.0,0.0,1.0,0.0
10,10,0.0,0.0,0.0,0.0,0.0,0.0,0.0,0.0,0.0,0.0,1.0,0.0
10,10,0.0,0.0,0.0,0.0,0.0,0.0,0.0,0.0,0.0,0.0,1.0,0.0
10,10,0.0,0.0,0.0,0.0,0.0,0.0,0.0,0.0,0.0,0.0,1.0,0.0
10,10,0.0,0.0,0.0,0.0,0.0,0.0,0.0,0.0,0.0,0.0,1.0,0.0
10,10,0.0,0.0,0.0,0.0,0.0,0.0,0.0,0.0,0.0,0.0,1.0,0.0
10,10,0.0,0.0,0.0,0.0,0.0,0.0,0.0,0.0,0.0,0.0,1.0,0.0
10,10,0.0,0.0,0.0,0.0,0.0,0.0,0.0,0.0,0.0,0.0,1.0,0.0
10,10,0.0,0.0,0.0,0.0,0.0,0.0,0.0,0.0,0.0,0.0,1.0,0.0
10,10,0.0,0.0,0.0,0.0,0.0,0.0,0.0,0.0,0.0,0.0,1.0,0.0
10,10,0.0,0.0,0.0,0.0,0.0,0.0,0.0,0.0,0.0,0.0,1.0,0.0
10,10,0.0,0.0,0.0,0.0,0.0,0.0,0.0,0.0,0.0,0.0,1.0,0.0
10,10,0.0,0.0,0.0,0.0,0.0,0.0,0.0,0.0,0.0,0.0,1.0,0.0
10,10,0.0,0.0,0.0,0.0,0.0,0.0,0.0,0.0,0.0,0.0,1.0,0.0
10,10,0.0,0.0,0.0,0.0,0.0,0.0,0.0,0.0,0.0,0.0,1.0,0.0
10,10,0.0,0.0,0.0,0.0,0.0,0.0,0.0,0.0,0.0,0.0,1.0,0.0
10,10,0.0,0.0,0.0,0.0,0.0,0.0,0.0,0.0,0.0,0.0,1.0,0.0
10,10,0.0,0.0,0.0,0.0,0.0,0.0,0.0,0.0,0.0,0.0,1.0,0.0
10,10,0.0,0.0,0.0,0.0,0.0,0.0,0.0,0.0,0.0,0.0,1.0,0.0
10,10,0.0,0.0,0.0,0.0,0.0,0.0,0.0,0.0,0.0,0.0,1.0,0.0
10,10,0.0,0.0,0.0,0.0,0.0,0.0,0.0,0.0,0.0,0.0,1.0,0.0
10,10,0.0,0.0,0.0,0.0,0.0,0.0,0.0,0.0,0.0,0.0,1.0,0.0
10,10,0.0,0.0,0.0,0.0,0.0,0.0,0.0,0.0,0.0,0.0,1.0,0.0
10,10,0.0,0.0,0.0,0.0,0.0,0.0,0.0,0.0,0.0,0.0,1.0,0.0
10,10,0.0,0.0,0.0,0.0,0.0,0.0,0.0,0.0,0.0,0.0,1.0,0.0
10,10,0.0,0.0,0.0,0.0,0.0,0.0,0.0,0.0,0.0,0.0,1.0,0.0
10,10,0.0,0.0,0.0,0.0,0.0,0.0,0.0,0.0,0.0,0.0,1.0,0.0
10,10,0.0,0.0,0.0,0.0,0.0,0.0,0.0,0.0,0.0,0.0,1.0,0.0
10,10,0.0,0.0,0.0,0.0,0.0,0.0,0.0,0.0,0.0,0.0,1.0,0.0
10,10,0.0,0.0,0.0,0.0,0.0,0.0,0.0,0.0,0.0,0.0,1.0,0.0
10,10,0.0,0.0,0.0,0.0,0.0,0.0,0.0,0.0,0.0,0.0,1.0,0.0
10,10,0.0,0.0,0.0,0.0,0.0,0.0,0.0,0.0,0.0,0.0,1.0,0.0
10,10,0.0,0.0,0.0,0.0,0.0,0.0,0.0,0.0,0.0,0.0,1.0,0.0
10,10,0.0,0.0,0.0,0.0,0.0,0.0,0.0,0.0,0.0,0.0,1.0,0.0
10,10,0.0,0.0,0.0,0.0,0.0,0.0,0.0,0.0,0.0,0.0,1.0,0.0
10,10,0.0,0.0,0.0,0.0,0.0,0.0,0.0,0.0,0.0,0.0,1.0,0.0
10,10,0.0,0.0,0.0,0.0,0.0,0.0,0.0,0.0,0.0,0.0,1.0,0.0
10,10,0.0,0.0,0.0,0.0,0.0,0.0,0.0,0.0,0.0,0.0,1.0,0.0
10,10,0.0,0.0,0.0,0.0,0.0,0.0,0.0,0.0,0.0,0.0,1.0,0.0
10,10,0.0,0.0,0.0,0.0,0.0,0.0,0.0,0.0,0.0,0.0,1.0,0.0
10,10,0.0,0.0,0.0,0.0,0.0,0.0,0.0,0.0,0.0,0.0,1.0,0.0
10,10,0.0,0.0,0.0,0.0,0.0,0.0,0.0,0.0,0.0,0.0,1.0,0.0
10,10,0.0,0.0,0.0,0.0,0.0,0.0,0.0,0.0,0.0,0.0,1.0,0.0
10,10,0.0,0.0,0.0,0.0,0.0,0.0,0.0,0.0,0.0,0.0,1.0,0.0
10,10,0.0,0.0,0.0,0.0,0.0,0.0,0.0,0.0,0.0,0.0,1.0,0.0
10,10,0.0,0.0,0.0,0.0,0.0,0.0,0.0,0.0,0.0,0.0,1.0,0.0
10,10,0.0,0.0,0.0,0.0,0.0,0.0,0.0,0.0,0.0,0.0,1.0,0.0
10,10,0.0,0.0,0.0,0.0,0.0,0.0,0.0,0.0,0.0,0.0,1.0,0.0
10,10,0.0,0.0,0.0,0.0,0.0,0.0,0.0,0.0,0.0,0.0,1.0,0.0
10,10,0.0,0.0,0.0,0.0,0.0,0.0,0.0,0.0,0.0,0.0,1.0,0.0
10,10,0.0,0.0,0.0,0.0,0.0,0.0,0.0,0.0,0.0,0.0,1.0,0.0
10,10,0.0,0.0,0.0,0.0,0.0,0.0,0.0,0.0,0.0,0.0,1.0,0.0
10,10,0.0,0.0,0.0,0.0,0.0,0.0,0.0,0.0,0.0,0.0,1.0,0.0
10,10,0.0,0.0,0.0,0.0,0.0,0.0,0.0,0.0,0.0,0.0,1.0,0.0
10,10,0.0,0.0,0.0,0.0,0.0,0.0,0.0,0.0,0.0,0.0,1.0,0.0
10,10,0.0,0.0,0.0,0.0,0.0,0.0,0.0,0.0,0.0,0.0,1.0,0.0
10,10,0.0,0.0,0.0,0.0,0.0,0.0,0.0,0.0,0.0,0.0,1.0,0.0
10,10,0.0,0.0,0.0,0.0,0.0,0.0,0.0,0.0,0.0,0.0,1.0,0.0
10,10,0.0,0.0,0.0,0.0,0.0,0.0,0.0,0.0,0.0,0.0,1.0,0.0
10,10,0.0,0.0,0.0,0.0,0.0,0.0,0.0,0.0,0.0,0.0,1.0,0.0
10,10,0.0,0.0,0.0,0.0,0.0,0.0,0.0,0.0,0.0,0.0,1.0,0.0
10,10,0.0,0.0,0.0,0.0,0.0,0.0,0.0,0.0,0.0,0.0,1.0,0.0
10,10,0.0,0.0,0.0,0.0,0.0,0.0,0.0,0.0,0.0,0.0,1.0,0.0
10,10,0.0,0.0,0.0,0.0,0.0,0.0,0.0,0.0,0.0,0.0,1.0,0.0
10,10,0.0,0.0,0.0,0.0,0.0,0.0,0.0,0.0,0.0,0.0,1.0,0.0
10,10,0.0,0.0,0.0,0.0,0.0,0.0,0.0,0.0,0.0,0.0,1.0,0.0
10,10,0.0,0.0,0.0,0.0,0.0,0.0,0.0,0.0,0.0,0.0,1.0,0.0
10,10,0.0,0.0,0.0,0.0,0.0,0.0,0.0,0.0,0.0,0.0,1.0,0.0
10,10,0.0,0.0,0.0,0.0,0.0,0.0,0.0,0.0,0.0,0.0,1.0,0.0
10,10,0.0,0.0,0.0,0.0,0.0,0.0,0.0,0.0,0.0,0.0,1.0,0.0
10,10,0.0,0.0,0.0,0.0,0.0,0.0,0.0,0.0,0.0,0.0,1.0,0.0
10,10,0.0,0.0,0.0,0.0,0.0,0.0,0.0,0.0,0.0,0.0,1.0,0.0
10,10,0.0,0.0,0.0,0.0,0.0,0.0,0.0,0.0,0.0,0.0,1.0,0.0
10,10,0.0,0.0,0.0,0.0,0.0,0.0,0.0,0.0,0.0,0.0,1.0,0.0
10,10,0.0,0.0,0.0,0.0,0.0,0.0,0.0,0.0,0.0,0.0,1.0,0.0
10,10,0.0,0.0,0.0,0.0,0.0,0.0,0.0,0.0,0.0,0.0,1.0,0.0
10,10,0.0,0.0,0.0,0.0,0.0,0.0,0.0,0.0,0.0,0.0,1.0,0.0
10,10,0.0,0.0,0.0,0.0,0.0,0.0,0.0,0.0,0.0,0.0,1.0,0.0
10,10,0.0,0.0,0.0,0.0,0.0,0.0,0.0,0.0,0.0,0.0,1.0,0.0
10,10,0.0,0.0,0.0,0.0,0.0,0.0,0.0,0.0,0.0,0.0,1.0,0.0
10,10,0.0,0.0,0.0,0.0,0.0,0.0,0.0,0.0,0.0,0.0,1.0,0.0
10,10,0.0,0.0,0.0,0.0,0.0,0.0,0.0,0.0,0.0,0.0,1.0,0.0
10,10,0.0,0.0,0.0,0.0,0.0,0.0,0.0,0.0,0.0,0.0,1.0,0.0
10,10,0.0,0.0,0.0,0.0,0.0,0.0,0.0,0.0,0.0,0.0,1.0,0.0
10,10,0.0,0.0,0.0,0.0,0.0,0.0,0.0,0.0,0.0,0.0,1.0,0.0
10,10,0.0,0.0,0.0,0.0,0.0,0.0,0.0,0.0,0.0,0.0,1.0,0.0
10,10,0.0,0.0,0.0,0.0,0.0,0.0,0.0,0.0,0.0,0.0,1.0,0.0
10,10,0.0,0.0,0.0,0.0,0.0,0.0,0.0,0.0,0.0,0.0,1.0,0.0
10,10,0.0,0.0,0.0,0.0,0.0,0.0,0.0,0.0,0.0,0.0,1.0,0.0
10,10,0.0,0.0,0.0,0.0,0.0,0.0,0.0,0.0,0.0,0.0,1.0,0.0
10,10,0.0,0.0,0.0,0.0,0.0,0.0,0.0,0.0,0.0,0.0,1.0,0.0
10,10,0.0,0.0,0.0,0.0,0.0,0.0,0.0,0.0,0.0,0.0,1.0,0.0
10,10,0.0,0.0,0.0,0.0,0.0,0.0,0.0,0.0,0.0,0.0,1.0,0.0
10,10,0.0,0.0,0.0,0.0,0.0,0.0,0.0,0.0,0.0,0.0,1.0,0.0
10,10,0.0,0.0,0.0,0.0,0.0,0.0,0.0,0.0,0.0,0.0,1.0,0.0
10,10,0.0,0.0,0.0,0.0,0.0,0.0,0.0,0.0,0.0,0.0,1.0,0.0
10,10,0.0,0.0,0.0,0.0,0.0,0.0,0.0,0.0,0.0,0.0,1.0,0.0
10,10,0.0,0.0,0.0,0.0,0.0,0.0,0.0,0.0,0.0,0.0,1.0,0.0
10,10,0.0,0.0,0.0,0.0,0.0,0.0,0.0,0.0,0.0,0.0,1.0,0.0
10,10,0.0,0.0,0.0,0.0,0.0,0.0,0.0,0.0,0.0,0.0,1.0,0.0
10,10,0.0,0.0,0.0,0.0,0.0,0.0,0.0,0.0,0.0,0.0,1.0,0.0
10,10,0.0,0.0,0.0,0.0,0.0,0.0,0.0,0.0,0.0,0.0,1.0,0.0
10,10,0.0,0.0,0.0,0.0,0.0,0.0,0.0,0.0,0.0,0.0,1.0,0.0
10,10,0.0,0.0,0.0,0.0,0.0,0.0,0.0,0.0,0.0,0.0,1.0,0.0
10,10,0.0,0.0,0.0,0.0,0.0,0.0,0.0,0.0,0.0,0.0,1.0,0.0
10,10,0.0,0.0,0.0,0.0,0.0,0.0,0.0,0.0,0.0,0.0,1.0,0.0
10,10,0.0,0.0,0.0,0.0,0.0,0.0,0.0,0.0,0.0,0.0,1.0,0.0
10,10,0.0,0.0,0.0,0.0,0.0,0.0,0.0,0.0,0.0,0.0,1.0,0.0
10,10,0.0,0.0,0.0,0.0,0.0,0.0,0.0,0.0,0.0,0.0,1.0,0.0
10,10,0.0,0.0,0.0,0.0,0.0,0.0,0.0,0.0,0.0,0.0,1.0,0.0
10,10,0.0,0.0,0.0,0.0,0.0,0.0,0.0,0.0,0.0,0.0,1.0,0.0
10,10,0.0,0.0,0.0,0.0,0.0,0.0,0.0,0.0,0.0,0.0,1.0,0.0
10,10,0.0,0.0,0.0,0.0,0.0,0.0,0.0,0.0,0.0,0.0,1.0,0.0
10,10,0.0,0.0,0.0,0.0,0.0,0.0,0.0,0.0,0.0,0.0,1.0,0.0
10,10,0.0,0.0,0.0,0.0,0.0,0.0,0.0,0.0,0.0,0.0,1.0,0.0
10,10,0.0,0.0,0.0,0.0,0.0,0.0,0.0,0.0,0.0,0.0,1.0,0.0
10,10,0.0,0.0,0.0,0.0,0.0,0.0,0.0,0.0,0.0,0.0,1.0,0.0
10,10,0.0,0.0,0.0,0.0,0.0,0.0,0.0,0.0,0.0,0.0,1.0,0.0
10,10,0.0,0.0,0.0,0.0,0.0,0.0,0.0,0.0,0.0,0.0,1.0,0.0
10,10,0.0,0.0,0.0,0.0,0.0,0.0,0.0,0.0,0.0,0.0,1.0,0.0
10,10,0.0,0.0,0.0,0.0,0.0,0.0,0.0,0.0,0.0,0.0,1.0,0.0
10,10,0.0,0.0,0.0,0.0,0.0,0.0,0.0,0.0,0.0,0.0,1.0,0.0
10,10,0.0,0.0,0.0,0.0,0.0,0.0,0.0,0.0,0.0,0.0,1.0,0.0
10,10,0.0,0.0,0.0,0.0,0.0,0.0,0.0,0.0,0.0,0.0,1.0,0.0
10,10,0.0,0.0,0.0,0.0,0.0,0.0,0.0,0.0,0.0,0.0,1.0,0.0
10,10,0.0,0.0,0.0,0.0,0.0,0.0,0.0,0.0,0.0,0.0,1.0,0.0
10,10,0.0,0.0,0.0,0.0,0.0,0.0,0.0,0.0,0.0,0.0,1.0,0.0
10,10,0.0,0.0,0.0,0.0,0.0,0.0,0.0,0.0,0.0,0.0,1.0,0.0
10,10,0.0,0.0,0.0,0.0,0.0,0.0,0.0,0.0,0.0,0.0,1.0,0.0
10,10,0.0,0.0,0.0,0.0,0.0,0.0,0.0,0.0,0.0,0.0,1.0,0.0
10,10,0.0,0.0,0.0,0.0,0.0,0.0,0.0,0.0,0.0,0.0,1.0,0.0
10,10,0.0,0.0,0.0,0.0,0.0,0.0,0.0,0.0,0.0,0.0,1.0,0.0
10,10,0.0,0.0,0.0,0.0,0.0,0.0,0.0,0.0,0.0,0.0,1.0,0.0
10,10,0.0,0.0,0.0,0.0,0.0,0.0,0.0,0.0,0.0,0.0,1.0,0.0
10,10,0.0,0.0,0.0,0.0,0.0,0.0,0.0,0.0,0.0,0.0,1.0,0.0
10,10,0.0,0.0,0.0,0.0,0.0,0.0,0.0,0.0,0.0,0.0,1.0,0.0
10,10,0.0,0.0,0.0,0.0,0.0,0.0,0.0,0.0,0.0,0.0,1.0,0.0
10,10,0.0,0.0,0.0,0.0,0.0,0.0,0.0,0.0,0.0,0.0,1.0,0.0
10,10,0.0,0.0,0.0,0.0,0.0,0.0,0.0,0.0,0.0,0.0,1.0,0.0
10,10,0.0,0.0,0.0,0.0,0.0,0.0,0.0,0.0,0.0,0.0,1.0,0.0
10,10,0.0,0.0,0.0,0.0,0.0,0.0,0.0,0.0,0.0,0.0,1.0,0.0
10,10,0.0,0.0,0.0,0.0,0.0,0.0,0.0,0.0,0.0,0.0,1.0,0.0
10,10,0.0,0.0,0.0,0.0,0.0,0.0,0.0,0.0,0.0,0.0,1.0,0.0
10,10,0.0,0.0,0.0,0.0,0.0,0.0,0.0,0.0,0.0,0.0,1.0,0.0
10,10,0.0,0.0,0.0,0.0,0.0,0.0,0.0,0.0,0.0,0.0,1.0,0.0
10,10,0.0,0.0,0.0,0.0,0.0,0.0,0.0,0.0,0.0,0.0,1.0,0.0
10,10,0.0,0.0,0.0,0.0,0.0,0.0,0.0,0.0,0.0,0.0,1.0,0.0
10,10,0.0,0.0,0.0,0.0,0.0,0.0,0.0,0.0,0.0,0.0,1.0,0.0
10,10,0.0,0.0,0.0,0.0,0.0,0.0,0.0,0.0,0.0,0.0,1.0,0.0
10,10,0.0,0.0,0.0,0.0,0.0,0.0,0.0,0.0,0.0,0.0,1.0,0.0
10,10,0.0,0.0,0.0,0.0,0.0,0.0,0.0,0.0,0.0,0.0,1.0,0.0
10,10,0.0,0.0,0.0,0.0,0.0,0.0,0.0,0.0,0.0,0.0,1.0,0.0
10,10,0.0,0.0,0.0,0.0,0.0,0.0,0.0,0.0,0.0,0.0,1.0,0.0
10,10,0.0,0.0,0.0,0.0,0.0,0.0,0.0,0.0,0.0,0.0,1.0,0.0
10,10,0.0,0.0,0.0,0.0,0.0,0.0,0.0,0.0,0.0,0.0,1.0,0.0
10,10,0.0,0.0,0.0,0.0,0.0,0.0,0.0,0.0,0.0,0.0,1.0,0.0
10,10,0.0,0.0,0.0,0.0,0.0,0.0,0.0,0.0,0.0,0.0,1.0,0.0
10,10,0.0,0.0,0.0,0.0,0.0,0.0,0.0,0.0,0.0,0.0,1.0,0.0
10,10,0.0,0.0,0.0,0.0,0.0,0.0,0.0,0.0,0.0,0.0,1.0,0.0
10,10,0.0,0.0,0.0,0.0,0.0,0.0,0.0,0.0,0.0,0.0,1.0,0.0
10,10,0.0,0.0,0.0,0.0,0.0,0.0,0.0,0.0,0.0,0.0,1.0,0.0
10,10,0.0,0.0,0.0,0.0,0.0,0.0,0.0,0.0,0.0,0.0,1.0,0.0
10,10,0.0,0.0,0.0,0.0,0.0,0.0,0.0,0.0,0.0,0.0,1.0,0.0
10,10,0.0,0.0,0.0,0.0,0.0,0.0,0.0,0.0,0.0,0.0,1.0,0.0
10,10,0.0,0.0,0.0,0.0,0.0,0.0,0.0,0.0,0.0,0.0,1.0,0.0
10,10,0.0,0.0,0.0,0.0,0.0,0.0,0.0,0.0,0.0,0.0,1.0,0.0
10,10,0.0,0.0,0.0,0.0,0.0,0.0,0.0,0.0,0.0,0.0,1.0,0.0
10,10,0.0,0.0,0.0,0.0,0.0,0.0,0.0,0.0,0.0,0.0,1.0,0.0
10,10,0.0,0.0,0.0,0.0,0.0,0.0,0.0,0.0,0.0,0.0,1.0,0.0
10,10,0.0,0.0,0.0,0.0,0.0,0.0,0.0,0.0,0.0,0.0,1.0,0.0
10,10,0.0,0.0,0.0,0.0,0.0,0.0,0.0,0.0,0.0,0.0,1.0,0.0
10,10,0.0,0.0,0.0,0.0,0.0,0.0,0.0,0.0,0.0,0.0,1.0,0.0
10,10,0.0,0.0,0.0,0.0,0.0,0.0,0.0,0.0,0.0,0.0,1.0,0.0
10,10,0.0,0.0,0.0,0.0,0.0,0.0,0.0,0.0,0.0,0.0,1.0,0.0
10,10,0.0,0.0,0.0,0.0,0.0,0.0,0.0,0.0,0.0,0.0,1.0,0.0
10,10,0.0,0.0,0.0,0.0,0.0,0.0,0.0,0.0,0.0,0.0,1.0,0.0
10,10,0.0,0.0,0.0,0.0,0.0,0.0,0.0,0.0,0.0,0.0,1.0,0.0
10,10,0.0,0.0,0.0,0.0,0.0,0.0,0.0,0.0,0.0,0.0,1.0,0.0
10,10,0.0,0.0,0.0,0.0,0.0,0.0,0.0,0.0,0.0,0.0,1.0,0.0
10,10,0.0,0.0,0.0,0.0,0.0,0.0,0.0,0.0,0.0,0.0,1.0,0.0
10,10,0.0,0.0,0.0,0.0,0.0,0.0,0.0,0.0,0.0,0.0,1.0,0.0
10,10,0.0,0.0,0.0,0.0,0.0,0.0,0.0,0.0,0.0,0.0,1.0,0.0
10,10,0.0,0.0,0.0,0.0,0.0,0.0,0.0,0.0,0.0,0.0,1.0,0.0
10,10,0.0,0.0,0.0,0.0,0.0,0.0,0.0,0.0,0.0,0.0,1.0,0.0
10,10,0.0,0.0,0.0,0.0,0.0,0.0,0.0,0.0,0.0,0.0,1.0,0.0
10,10,0.0,0.0,0.0,0.0,0.0,0.0,0.0,0.0,0.0,0.0,1.0,0.0
10,10,0.0,0.0,0.0,0.0,0.0,0.0,0.0,0.0,0.0,0.0,1.0,0.0
10,10,0.0,0.0,0.0,0.0,0.0,0.0,0.0,0.0,0.0,0.0,1.0,0.0
10,10,0.0,0.0,0.0,0.0,0.0,0.0,0.0,0.0,0.0,0.0,1.0,0.0
10,10,0.0,0.0,0.0,0.0,0.0,0.0,0.0,0.0,0.0,0.0,1.0,0.0
10,10,0.0,0.0,0.0,0.0,0.0,0.0,0.0,0.0,0.0,0.0,1.0,0.0
10,10,0.0,0.0,0.0,0.0,0.0,0.0,0.0,0.0,0.0,0.0,1.0,0.0
10,10,0.0,0.0,0.0,0.0,0.0,0.0,0.0,0.0,0.0,0.0,1.0,0.0
10,10,0.0,0.0,0.0,0.0,0.0,0.0,0.0,0.0,0.0,0.0,1.0,0.0
10,10,0.0,0.0,0.0,0.0,0.0,0.0,0.0,0.0,0.0,0.0,1.0,0.0
10,10,0.0,0.0,0.0,0.0,0.0,0.0,0.0,0.0,0.0,0.0,1.0,0.0
10,10,0.0,0.0,0.0,0.0,0.0,0.0,0.0,0.0,0.0,0.0,1.0,0.0
10,10,0.0,0.0,0.0,0.0,0.0,0.0,0.0,0.0,0.0,0.0,1.0,0.0
10,10,0.0,0.0,0.0,0.0,0.0,0.0,0.0,0.0,0.0,0.0,1.0,0.0
10,10,0.0,0.0,0.0,0.0,0.0,0.0,0.0,0.0,0.0,0.0,1.0,0.0
10,10,0.0,0.0,0.0,0.0,0.0,0.0,0.0,0.0,0.0,0.0,1.0,0.0
10,10,0.0,0.0,0.0,0.0,0.0,0.0,0.0,0.0,0.0,0.0,1.0,0.0
10,10,0.0,0.0,0.0,0.0,0.0,0.0,0.0,0.0,0.0,0.0,1.0,0.0
10,10,0.0,0.0,0.0,0.0,0.0,0.0,0.0,0.0,0.0,0.0,1.0,0.0
10,10,0.0,0.0,0.0,0.0,0.0,0.0,0.0,0.0,0.0,0.0,1.0,0.0
10,10,0.0,0.0,0.0,0.0,0.0,0.0,0.0,0.0,0.0,0.0,1.0,0.0
10,10,0.0,0.0,0.0,0.0,0.0,0.0,0.0,0.0,0.0,0.0,1.0,0.0
10,10,0.0,0.0,0.0,0.0,0.0,0.0,0.0,0.0,0.0,0.0,1.0,0.0
10,10,0.0,0.0,0.0,0.0,0.0,0.0,0.0,0.0,0.0,0.0,1.0,0.0
10,10,0.0,0.0,0.0,0.0,0.0,0.0,0.0,0.0,0.0,0.0,1.0,0.0
10,10,0.0,0.0,0.0,0.0,0.0,0.0,0.0,0.0,0.0,0.0,1.0,0.0
10,10,0.0,0.0,0.0,0.0,0.0,0.0,0.0,0.0,0.0,0.0,1.0,0.0
10,10,0.0,0.0,0.0,0.0,0.0,0.0,0.0,0.0,0.0,0.0,1.0,0.0
10,10,0.0,0.0,0.0,0.0,0.0,0.0,0.0,0.0,0.0,0.0,1.0,0.0
10,10,0.0,0.0,0.0,0.0,0.0,0.0,0.0,0.0,0.0,0.0,1.0,0.0
10,10,0.0,0.0,0.0,0.0,0.0,0.0,0.0,0.0,0.0,0.0,1.0,0.0
10,10,0.0,0.0,0.0,0.0,0.0,0.0,0.0,0.0,0.0,0.0,1.0,0.0
10,10,0.0,0.0,0.0,0.0,0.0,0.0,0.0,0.0,0.0,0.0,1.0,0.0
10,10,0.0,0.0,0.0,0.0,0.0,0.0,0.0,0.0,0.0,0.0,1.0,0.0
10,10,0.0,0.0,0.0,0.0,0.0,0.0,0.0,0.0,0.0,0.0,1.0,0.0
10,10,0.0,0.0,0.0,0.0,0.0,0.0,0.0,0.0,0.0,0.0,1.0,0.0
10,10,0.0,0.0,0.0,0.0,0.0,0.0,0.0,0.0,0.0,0.0,1.0,0.0
10,10,0.0,0.0,0.0,0.0,0.0,0.0,0.0,0.0,0.0,0.0,1.0,0.0
10,10,0.0,0.0,0.0,0.0,0.0,0.0,0.0,0.0,0.0,0.0,1.0,0.0
10,10,0.0,0.0,0.0,0.0,0.0,0.0,0.0,0.0,0.0,0.0,1.0,0.0
10,10,0.0,0.0,0.0,0.0,0.0,0.0,0.0,0.0,0.0,0.0,1.0,0.0
10,10,0.0,0.0,0.0,0.0,0.0,0.0,0.0,0.0,0.0,0.0,1.0,0.0
10,10,0.0,0.0,0.0,0.0,0.0,0.0,0.0,0.0,0.0,0.0,1.0,0.0
10,10,0.0,0.0,0.0,0.0,0.0,0.0,0.0,0.0,0.0,0.0,1.0,0.0
10,10,0.0,0.0,0.0,0.0,0.0,0.0,0.0,0.0,0.0,0.0,1.0,0.0
10,10,0.0,0.0,0.0,0.0,0.0,0.0,0.0,0.0,0.0,0.0,1.0,0.0
10,10,0.0,0.0,0.0,0.0,0.0,0.0,0.0,0.0,0.0,0.0,1.0,0.0
10,10,0.0,0.0,0.0,0.0,0.0,0.0,0.0,0.0,0.0,0.0,1.0,0.0
10,10,0.0,0.0,0.0,0.0,0.0,0.0,0.0,0.0,0.0,0.0,1.0,0.0
10,10,0.0,0.0,0.0,0.0,0.0,0.0,0.0,0.0,0.0,0.0,1.0,0.0
10,10,0.0,0.0,0.0,0.0,0.0,0.0,0.0,0.0,0.0,0.0,1.0,0.0
10,10,0.0,0.0,0.0,0.0,0.0,0.0,0.0,0.0,0.0,0.0,1.0,0.0
10,10,0.0,0.0,0.0,0.0,0.0,0.0,0.0,0.0,0.0,0.0,1.0,0.0
10,10,0.0,0.0,0.0,0.0,0.0,0.0,0.0,0.0,0.0,0.0,1.0,0.0
10,10,0.0,0.0,0.0,0.0,0.0,0.0,0.0,0.0,0.0,0.0,1.0,0.0
10,10,0.0,0.0,0.0,0.0,0.0,0.0,0.0,0.0,0.0,0.0,1.0,0.0
10,10,0.0,0.0,0.0,0.0,0.0,0.0,0.0,0.0,0.0,0.0,1.0,0.0
10,10,0.0,0.0,0.0,0.0,0.0,0.0,0.0,0.0,0.0,0.0,1.0,0.0
10,10,0.0,0.0,0.0,0.0,0.0,0.0,0.0,0.0,0.0,0.0,1.0,0.0
10,10,0.0,0.0,0.0,0.0,0.0,0.0,0.0,0.0,0.0,0.0,1.0,0.0
10,10,0.0,0.0,0.0,0.0,0.0,0.0,0.0,0.0,0.0,0.0,1.0,0.0
10,10,0.0,0.0,0.0,0.0,0.0,0.0,0.0,0.0,0.0,0.0,1.0,0.0
10,10,0.0,0.0,0.0,0.0,0.0,0.0,0.0,0.0,0.0,0.0,1.0,0.0
10,10,0.0,0.0,0.0,0.0,0.0,0.0,0.0,0.0,0.0,0.0,1.0,0.0
10,10,0.0,0.0,0.0,0.0,0.0,0.0,0.0,0.0,0.0,0.0,1.0,0.0
10,10,0.0,0.0,0.0,0.0,0.0,0.0,0.0,0.0,0.0,0.0,1.0,0.0
10,10,0.0,0.0,0.0,0.0,0.0,0.0,0.0,0.0,0.0,0.0,1.0,0.0
10,10,0.0,0.0,0.0,0.0,0.0,0.0,0.0,0.0,0.0,0.0,1.0,0.0
10,10,0.0,0.0,0.0,0.0,0.0,0.0,0.0,0.0,0.0,0.0,1.0,0.0
10,10,0.0,0.0,0.0,0.0,0.0,0.0,0.0,0.0,0.0,0.0,1.0,0.0
10,10,0.0,0.0,0.0,0.0,0.0,0.0,0.0,0.0,0.0,0.0,1.0,0.0
10,10,0.0,0.0,0.0,0.0,0.0,0.0,0.0,0.0,0.0,0.0,1.0,0.0
10,10,0.0,0.0,0.0,0.0,0.0,0.0,0.0,0.0,0.0,0.0,1.0,0.0
10,10,0.0,0.0,0.0,0.0,0.0,0.0,0.0,0.0,0.0,0.0,1.0,0.0
10,10,0.0,0.0,0.0,0.0,0.0,0.0,0.0,0.0,0.0,0.0,1.0,0.0
10,10,0.0,0.0,0.0,0.0,0.0,0.0,0.0,0.0,0.0,0.0,1.0,0.0
10,10,0.0,0.0,0.0,0.0,0.0,0.0,0.0,0.0,0.0,0.0,1.0,0.0
10,10,0.0,0.0,0.0,0.0,0.0,0.0,0.0,0.0,0.0,0.0,1.0,0.0
10,10,0.0,0.0,0.0,0.0,0.0,0.0,0.0,0.0,0.0,0.0,1.0,0.0
10,10,0.0,0.0,0.0,0.0,0.0,0.0,0.0,0.0,0.0,0.0,1.0,0.0
10,10,0.0,0.0,0.0,0.0,0.0,0.0,0.0,0.0,0.0,0.0,1.0,0.0
10,10,0.0,0.0,0.0,0.0,0.0,0.0,0.0,0.0,0.0,0.0,1.0,0.0
10,10,0.0,0.0,0.0,0.0,0.0,0.0,0.0,0.0,0.0,0.0,1.0,0.0
10,10,0.0,0.0,0.0,0.0,0.0,0.0,0.0,0.0,0.0,0.0,1.0,0.0
10,10,0.0,0.0,0.0,0.0,0.0,0.0,0.0,0.0,0.0,0.0,1.0,0.0
10,10,0.0,0.0,0.0,0.0,0.0,0.0,0.0,0.0,0.0,0.0,1.0,0.0
10,10,0.0,0.0,0.0,0.0,0.0,0.0,0.0,0.0,0.0,0.0,1.0,0.0
10,10,0.0,0.0,0.0,0.0,0.0,0.0,0.0,0.0,0.0,0.0,1.0,0.0
10,10,0.0,0.0,0.0,0.0,0.0,0.0,0.0,0.0,0.0,0.0,1.0,0.0
10,10,0.0,0.0,0.0,0.0,0.0,0.0,0.0,0.0,0.0,0.0,1.0,0.0
10,10,0.0,0.0,0.0,0.0,0.0,0.0,0.0,0.0,0.0,0.0,1.0,0.0
10,10,0.0,0.0,0.0,0.0,0.0,0.0,0.0,0.0,0.0,0.0,1.0,0.0
10,10,0.0,0.0,0.0,0.0,0.0,0.0,0.0,0.0,0.0,0.0,1.0,0.0
10,10,0.0,0.0,0.0,0.0,0.0,0.0,0.0,0.0,0.0,0.0,1.0,0.0
10,10,0.0,0.0,0.0,0.0,0.0,0.0,0.0,0.0,0.0,0.0,1.0,0.0
10,10,0.0,0.0,0.0,0.0,0.0,0.0,0.0,0.0,0.0,0.0,1.0,0.0
10,10,0.0,0.0,0.0,0.0,0.0,0.0,0.0,0.0,0.0,0.0,1.0,0.0
10,10,0.0,0.0,0.0,0.0,0.0,0.0,0.0,0.0,0.0,0.0,1.0,0.0
10,10,0.0,0.0,0.0,0.0,0.0,0.0,0.0,0.0,0.0,0.0,1.0,0.0
10,10,0.0,0.0,0.0,0.0,0.0,0.0,0.0,0.0,0.0,0.0,1.0,0.0
10,10,0.0,0.0,0.0,0.0,0.0,0.0,0.0,0.0,0.0,0.0,1.0,0.0
10,10,0.0,0.0,0.0,0.0,0.0,0.0,0.0,0.0,0.0,0.0,1.0,0.0
10,10,0.0,0.0,0.0,0.0,0.0,0.0,0.0,0.0,0.0,0.0,1.0,0.0
10,10,0.0,0.0,0.0,0.0,0.0,0.0,0.0,0.0,0.0,0.0,1.0,0.0
10,10,0.0,0.0,0.0,0.0,0.0,0.0,0.0,0.0,0.0,0.0,1.0,0.0
10,10,0.0,0.0,0.0,0.0,0.0,0.0,0.0,0.0,0.0,0.0,1.0,0.0
10,10,0.0,0.0,0.0,0.0,0.0,0.0,0.0,0.0,0.0,0.0,1.0,0.0
10,10,0.0,0.0,0.0,0.0,0.0,0.0,0.0,0.0,0.0,0.0,1.0,0.0
10,10,0.0,0.0,0.0,0.0,0.0,0.0,0.0,0.0,0.0,0.0,1.0,0.0
10,10,0.0,0.0,0.0,0.0,0.0,0.0,0.0,0.0,0.0,0.0,1.0,0.0
10,10,0.0,0.0,0.0,0.0,0.0,0.0,0.0,0.0,0.0,0.0,1.0,0.0
10,10,0.0,0.0,0.0,0.0,0.0,0.0,0.0,0.0,0.0,0.0,1.0,0.0
10,10,0.0,0.0,0.0,0.0,0.0,0.0,0.0,0.0,0.0,0.0,1.0,0.0
10,10,0.0,0.0,0.0,0.0,0.0,0.0,0.0,0.0,0.0,0.0,1.0,0.0
10,10,0.0,0.0,0.0,0.0,0.0,0.0,0.0,0.0,0.0,0.0,1.0,0.0
10,10,0.0,0.0,0.0,0.0,0.0,0.0,0.0,0.0,0.0,0.0,1.0,0.0
10,10,0.0,0.0,0.0,0.0,0.0,0.0,0.0,0.0,0.0,0.0,1.0,0.0
10,10,0.0,0.0,0.0,0.0,0.0,0.0,0.0,0.0,0.0,0.0,1.0,0.0
10,10,0.0,0.0,0.0,0.0,0.0,0.0,0.0,0.0,0.0,0.0,1.0,0.0
10,10,0.0,0.0,0.0,0.0,0.0,0.0,0.0,0.0,0.0,0.0,1.0,0.0
10,10,0.0,0.0,0.0,0.0,0.0,0.0,0.0,0.0,0.0,0.0,1.0,0.0
10,10,0.0,0.0,0.0,0.0,0.0,0.0,0.0,0.0,0.0,0.0,1.0,0.0
10,10,0.0,0.0,0.0,0.0,0.0,0.0,0.0,0.0,0.0,0.0,1.0,0.0
10,10,0.0,0.0,0.0,0.0,0.0,0.0,0.0,0.0,0.0,0.0,1.0,0.0
10,10,0.0,0.0,0.0,0.0,0.0,0.0,0.0,0.0,0.0,0.0,1.0,0.0
10,10,0.0,0.0,0.0,0.0,0.0,0.0,0.0,0.0,0.0,0.0,1.0,0.0
10,10,0.0,0.0,0.0,0.0,0.0,0.0,0.0,0.0,0.0,0.0,1.0,0.0
10,10,0.0,0.0,0.0,0.0,0.0,0.0,0.0,0.0,0.0,0.0,1.0,0.0
10,10,0.0,0.0,0.0,0.0,0.0,0.0,0.0,0.0,0.0,0.0,1.0,0.0
10,10,0.0,0.0,0.0,0.0,0.0,0.0,0.0,0.0,0.0,0.0,1.0,0.0
10,10,0.0,0.0,0.0,0.0,0.0,0.0,0.0,0.0,0.0,0.0,1.0,0.0
10,10,0.0,0.0,0.0,0.0,0.0,0.0,0.0,0.0,0.0,0.0,1.0,0.0
10,10,0.0,0.0,0.0,0.0,0.0,0.0,0.0,0.0,0.0,0.0,1.0,0.0
10,10,0.0,0.0,0.0,0.0,0.0,0.0,0.0,0.0,0.0,0.0,1.0,0.0
10,10,0.0,0.0,0.0,0.0,0.0,0.0,0.0,0.0,0.0,0.0,1.0,0.0
10,10,0.0,0.0,0.0,0.0,0.0,0.0,0.0,0.0,0.0,0.0,1.0,0.0
10,10,0.0,0.0,0.0,0.0,0.0,0.0,0.0,0.0,0.0,0.0,1.0,0.0
10,10,0.0,0.0,0.0,0.0,0.0,0.0,0.0,0.0,0.0,0.0,1.0,0.0
10,10,0.0,0.0,0.0,0.0,0.0,0.0,0.0,0.0,0.0,0.0,1.0,0.0
10,10,0.0,0.0,0.0,0.0,0.0,0.0,0.0,0.0,0.0,0.0,1.0,0.0
10,10,0.0,0.0,0.0,0.0,0.0,0.0,0.0,0.0,0.0,0.0,1.0,0.0
10,10,0.0,0.0,0.0,0.0,0.0,0.0,0.0,0.0,0.0,0.0,1.0,0.0
10,10,0.0,0.0,0.0,0.0,0.0,0.0,0.0,0.0,0.0,0.0,1.0,0.0
10,10,0.0,0.0,0.0,0.0,0.0,0.0,0.0,0.0,0.0,0.0,1.0,0.0
10,10,0.0,0.0,0.0,0.0,0.0,0.0,0.0,0.0,0.0,0.0,1.0,0.0
10,10,0.0,0.0,0.0,0.0,0.0,0.0,0.0,0.0,0.0,0.0,1.0,0.0
10,10,0.0,0.0,0.0,0.0,0.0,0.0,0.0,0.0,0.0,0.0,1.0,0.0
10,10,0.0,0.0,0.0,0.0,0.0,0.0,0.0,0.0,0.0,0.0,1.0,0.0
10,10,0.0,0.0,0.0,0.0,0.0,0.0,0.0,0.0,0.0,0.0,1.0,0.0
10,10,0.0,0.0,0.0,0.0,0.0,0.0,0.0,0.0,0.0,0.0,1.0,0.0
10,10,0.0,0.0,0.0,0.0,0.0,0.0,0.0,0.0,0.0,0.0,1.0,0.0
10,10,0.0,0.0,0.0,0.0,0.0,0.0,0.0,0.0,0.0,0.0,1.0,0.0
10,10,0.0,0.0,0.0,0.0,0.0,0.0,0.0,0.0,0.0,0.0,1.0,0.0
10,10,0.0,0.0,0.0,0.0,0.0,0.0,0.0,0.0,0.0,0.0,1.0,0.0
10,10,0.0,0.0,0.0,0.0,0.0,0.0,0.0,0.0,0.0,0.0,1.0,0.0
10,10,0.0,0.0,0.0,0.0,0.0,0.0,0.0,0.0,0.0,0.0,1.0,0.0
10,10,0.0,0.0,0.0,0.0,0.0,0.0,0.0,0.0,0.0,0.0,1.0,0.0
10,10,0.0,0.0,0.0,0.0,0.0,0.0,0.0,0.0,0.0,0.0,1.0,0.0
10,10,0.0,0.0,0.0,0.0,0.0,0.0,0.0,0.0,0.0,0.0,1.0,0.0
10,10,0.0,0.0,0.0,0.0,0.0,0.0,0.0,0.0,0.0,0.0,1.0,0.0
10,10,0.0,0.0,0.0,0.0,0.0,0.0,0.0,0.0,0.0,0.0,1.0,0.0
10,10,0.0,0.0,0.0,0.0,0.0,0.0,0.0,0.0,0.0,0.0,1.0,0.0
10,10,0.0,0.0,0.0,0.0,0.0,0.0,0.0,0.0,0.0,0.0,1.0,0.0
10,10,0.0,0.0,0.0,0.0,0.0,0.0,0.0,0.0,0.0,0.0,1.0,0.0
10,10,0.0,0.0,0.0,0.0,0.0,0.0,0.0,0.0,0.0,0.0,1.0,0.0
10,10,0.0,0.0,0.0,0.0,0.0,0.0,0.0,0.0,0.0,0.0,1.0,0.0
10,10,0.0,0.0,0.0,0.0,0.0,0.0,0.0,0.0,0.0,0.0,1.0,0.0
10,10,0.0,0.0,0.0,0.0,0.0,0.0,0.0,0.0,0.0,0.0,1.0,0.0
10,10,0.0,0.0,0.0,0.0,0.0,0.0,0.0,0.0,0.0,0.0,1.0,0.0
10,10,0.0,0.0,0.0,0.0,0.0,0.0,0.0,0.0,0.0,0.0,1.0,0.0
10,10,0.0,0.0,0.0,0.0,0.0,0.0,0.0,0.0,0.0,0.0,1.0,0.0
10,10,0.0,0.0,0.0,0.0,0.0,0.0,0.0,0.0,0.0,0.0,1.0,0.0
10,10,0.0,0.0,0.0,0.0,0.0,0.0,0.0,0.0,0.0,0.0,1.0,0.0
10,10,0.0,0.0,0.0,0.0,0.0,0.0,0.0,0.0,0.0,0.0,1.0,0.0
10,10,0.0,0.0,0.0,0.0,0.0,0.0,0.0,0.0,0.0,0.0,1.0,0.0
10,10,0.0,0.0,0.0,0.0,0.0,0.0,0.0,0.0,0.0,0.0,1.0,0.0
10,10,0.0,0.0,0.0,0.0,0.0,0.0,0.0,0.0,0.0,0.0,1.0,0.0
10,10,0.0,0.0,0.0,0.0,0.0,0.0,0.0,0.0,0.0,0.0,1.0,0.0
10,10,0.0,0.0,0.0,0.0,0.0,0.0,0.0,0.0,0.0,0.0,1.0,0.0
10,10,0.0,0.0,0.0,0.0,0.0,0.0,0.0,0.0,0.0,0.0,1.0,0.0
10,10,0.0,0.0,0.0,0.0,0.0,0.0,0.0,0.0,0.0,0.0,1.0,0.0
10,10,0.0,0.0,0.0,0.0,0.0,0.0,0.0,0.0,0.0,0.0,1.0,0.0
10,10,0.0,0.0,0.0,0.0,0.0,0.0,0.0,0.0,0.0,0.0,1.0,0.0
10,10,0.0,0.0,0.0,0.0,0.0,0.0,0.0,0.0,0.0,0.0,1.0,0.0
10,10,0.0,0.0,0.0,0.0,0.0,0.0,0.0,0.0,0.0,0.0,1.0,0.0
10,10,0.0,0.0,0.0,0.0,0.0,0.0,0.0,0.0,0.0,0.0,1.0,0.0
10,10,0.0,0.0,0.0,0.0,0.0,0.0,0.0,0.0,0.0,0.0,1.0,0.0
10,10,0.0,0.0,0.0,0.0,0.0,0.0,0.0,0.0,0.0,0.0,1.0,0.0
10,10,0.0,0.0,0.0,0.0,0.0,0.0,0.0,0.0,0.0,0.0,1.0,0.0
10,10,0.0,0.0,0.0,0.0,0.0,0.0,0.0,0.0,0.0,0.0,1.0,0.0
10,10,0.0,0.0,0.0,0.0,0.0,0.0,0.0,0.0,0.0,0.0,1.0,0.0
10,10,0.0,0.0,0.0,0.0,0.0,0.0,0.0,0.0,0.0,0.0,1.0,0.0
10,10,0.0,0.0,0.0,0.0,0.0,0.0,0.0,0.0,0.0,0.0,1.0,0.0
10,10,0.0,0.0,0.0,0.0,0.0,0.0,0.0,0.0,0.0,0.0,1.0,0.0
10,10,0.0,0.0,0.0,0.0,0.0,0.0,0.0,0.0,0.0,0.0,1.0,0.0
10,10,0.0,0.0,0.0,0.0,0.0,0.0,0.0,0.0,0.0,0.0,1.0,0.0
10,10,0.0,0.0,0.0,0.0,0.0,0.0,0.0,0.0,0.0,0.0,1.0,0.0
10,10,0.0,0.0,0.0,0.0,0.0,0.0,0.0,0.0,0.0,0.0,1.0,0.0
10,10,0.0,0.0,0.0,0.0,0.0,0.0,0.0,0.0,0.0,0.0,1.0,0.0
10,10,0.0,0.0,0.0,0.0,0.0,0.0,0.0,0.0,0.0,0.0,1.0,0.0
10,10,0.0,0.0,0.0,0.0,0.0,0.0,0.0,0.0,0.0,0.0,1.0,0.0
10,10,0.0,0.0,0.0,0.0,0.0,0.0,0.0,0.0,0.0,0.0,1.0,0.0
10,10,0.0,0.0,0.0,0.0,0.0,0.0,0.0,0.0,0.0,0.0,1.0,0.0
10,10,0.0,0.0,0.0,0.0,0.0,0.0,0.0,0.0,0.0,0.0,1.0,0.0
10,10,0.0,0.0,0.0,0.0,0.0,0.0,0.0,0.0,0.0,0.0,1.0,0.0
10,10,0.0,0.0,0.0,0.0,0.0,0.0,0.0,0.0,0.0,0.0,1.0,0.0
10,10,0.0,0.0,0.0,0.0,0.0,0.0,0.0,0.0,0.0,0.0,1.0,0.0
10,10,0.0,0.0,0.0,0.0,0.0,0.0,0.0,0.0,0.0,0.0,1.0,0.0
10,10,0.0,0.0,0.0,0.0,0.0,0.0,0.0,0.0,0.0,0.0,1.0,0.0
10,10,0.0,0.0,0.0,0.0,0.0,0.0,0.0,0.0,0.0,0.0,1.0,0.0
10,10,0.0,0.0,0.0,0.0,0.0,0.0,0.0,0.0,0.0,0.0,1.0,0.0
10,10,0.0,0.0,0.0,0.0,0.0,0.0,0.0,0.0,0.0,0.0,1.0,0.0
10,10,0.0,0.0,0.0,0.0,0.0,0.0,0.0,0.0,0.0,0.0,1.0,0.0
10,10,0.0,0.0,0.0,0.0,0.0,0.0,0.0,0.0,0.0,0.0,1.0,0.0
10,10,0.0,0.0,0.0,0.0,0.0,0.0,0.0,0.0,0.0,0.0,1.0,0.0
10,10,0.0,0.0,0.0,0.0,0.0,0.0,0.0,0.0,0.0,0.0,1.0,0.0
10,10,0.0,0.0,0.0,0.0,0.0,0.0,0.0,0.0,0.0,0.0,1.0,0.0
10,10,0.0,0.0,0.0,0.0,0.0,0.0,0.0,0.0,0.0,0.0,1.0,0.0
10,10,0.0,0.0,0.0,0.0,0.0,0.0,0.0,0.0,0.0,0.0,1.0,0.0
10,10,0.0,0.0,0.0,0.0,0.0,0.0,0.0,0.0,0.0,0.0,1.0,0.0
10,10,0.0,0.0,0.0,0.0,0.0,0.0,0.0,0.0,0.0,0.0,1.0,0.0
10,10,0.0,0.0,0.0,0.0,0.0,0.0,0.0,0.0,0.0,0.0,1.0,0.0
10,10,0.0,0.0,0.0,0.0,0.0,0.0,0.0,0.0,0.0,0.0,1.0,0.0
10,10,0.0,0.0,0.0,0.0,0.0,0.0,0.0,0.0,0.0,0.0,1.0,0.0
10,10,0.0,0.0,0.0,0.0,0.0,0.0,0.0,0.0,0.0,0.0,1.0,0.0
10,10,0.0,0.0,0.0,0.0,0.0,0.0,0.0,0.0,0.0,0.0,1.0,0.0
10,10,0.0,0.0,0.0,0.0,0.0,0.0,0.0,0.0,0.0,0.0,1.0,0.0
10,10,0.0,0.0,0.0,0.0,0.0,0.0,0.0,0.0,0.0,0.0,1.0,0.0
10,10,0.0,0.0,0.0,0.0,0.0,0.0,0.0,0.0,0.0,0.0,1.0,0.0
10,10,0.0,0.0,0.0,0.0,0.0,0.0,0.0,0.0,0.0,0.0,1.0,0.0
10,10,0.0,0.0,0.0,0.0,0.0,0.0,0.0,0.0,0.0,0.0,1.0,0.0
10,10,0.0,0.0,0.0,0.0,0.0,0.0,0.0,0.0,0.0,0.0,1.0,0.0
10,10,0.0,0.0,0.0,0.0,0.0,0.0,0.0,0.0,0.0,0.0,1.0,0.0
10,10,0.0,0.0,0.0,0.0,0.0,0.0,0.0,0.0,0.0,0.0,1.0,0.0
10,10,0.0,0.0,0.0,0.0,0.0,0.0,0.0,0.0,0.0,0.0,1.0,0.0
10,10,0.0,0.0,0.0,0.0,0.0,0.0,0.0,0.0,0.0,0.0,1.0,0.0
10,10,0.0,0.0,0.0,0.0,0.0,0.0,0.0,0.0,0.0,0.0,1.0,0.0
10,10,0.0,0.0,0.0,0.0,0.0,0.0,0.0,0.0,0.0,0.0,1.0,0.0
10,10,0.0,0.0,0.0,0.0,0.0,0.0,0.0,0.0,0.0,0.0,1.0,0.0
10,10,0.0,0.0,0.0,0.0,0.0,0.0,0.0,0.0,0.0,0.0,1.0,0.0
10,10,0.0,0.0,0.0,0.0,0.0,0.0,0.0,0.0,0.0,0.0,1.0,0.0
10,10,0.0,0.0,0.0,0.0,0.0,0.0,0.0,0.0,0.0,0.0,1.0,0.0
10,10,0.0,0.0,0.0,0.0,0.0,0.0,0.0,0.0,0.0,0.0,1.0,0.0
10,10,0.0,0.0,0.0,0.0,0.0,0.0,0.0,0.0,0.0,0.0,1.0,0.0
10,10,0.0,0.0,0.0,0.0,0.0,0.0,0.0,0.0,0.0,0.0,1.0,0.0
10,10,0.0,0.0,0.0,0.0,0.0,0.0,0.0,0.0,0.0,0.0,1.0,0.0
10,10,0.0,0.0,0.0,0.0,0.0,0.0,0.0,0.0,0.0,0.0,1.0,0.0
10,10,0.0,0.0,0.0,0.0,0.0,0.0,0.0,0.0,0.0,0.0,1.0,0.0
10,10,0.0,0.0,0.0,0.0,0.0,0.0,0.0,0.0,0.0,0.0,1.0,0.0
10,10,0.0,0.0,0.0,0.0,0.0,0.0,0.0,0.0,0.0,0.0,1.0,0.0
10,10,0.0,0.0,0.0,0.0,0.0,0.0,0.0,0.0,0.0,0.0,1.0,0.0
10,10,0.0,0.0,0.0,0.0,0.0,0.0,0.0,0.0,0.0,0.0,1.0,0.0
10,10,0.0,0.0,0.0,0.0,0.0,0.0,0.0,0.0,0.0,0.0,1.0,0.0
10,10,0.0,0.0,0.0,0.0,0.0,0.0,0.0,0.0,0.0,0.0,1.0,0.0
10,10,0.0,0.0,0.0,0.0,0.0,0.0,0.0,0.0,0.0,0.0,1.0,0.0
10,10,0.0,0.0,0.0,0.0,0.0,0.0,0.0,0.0,0.0,0.0,1.0,0.0
10,10,0.0,0.0,0.0,0.0,0.0,0.0,0.0,0.0,0.0,0.0,1.0,0.0
10,10,0.0,0.0,0.0,0.0,0.0,0.0,0.0,0.0,0.0,0.0,1.0,0.0
10,10,0.0,0.0,0.0,0.0,0.0,0.0,0.0,0.0,0.0,0.0,1.0,0.0
10,10,0.0,0.0,0.0,0.0,0.0,0.0,0.0,0.0,0.0,0.0,1.0,0.0
10,10,0.0,0.0,0.0,0.0,0.0,0.0,0.0,0.0,0.0,0.0,1.0,0.0
10,10,0.0,0.0,0.0,0.0,0.0,0.0,0.0,0.0,0.0,0.0,1.0,0.0
10,10,0.0,0.0,0.0,0.0,0.0,0.0,0.0,0.0,0.0,0.0,1.0,0.0
10,10,0.0,0.0,0.0,0.0,0.0,0.0,0.0,0.0,0.0,0.0,1.0,0.0
10,10,0.0,0.0,0.0,0.0,0.0,0.0,0.0,0.0,0.0,0.0,1.0,0.0
10,10,0.0,0.0,0.0,0.0,0.0,0.0,0.0,0.0,0.0,0.0,1.0,0.0
10,10,0.0,0.0,0.0,0.0,0.0,0.0,0.0,0.0,0.0,0.0,1.0,0.0
10,10,0.0,0.0,0.0,0.0,0.0,0.0,0.0,0.0,0.0,0.0,1.0,0.0
10,10,0.0,0.0,0.0,0.0,0.0,0.0,0.0,0.0,0.0,0.0,1.0,0.0
10,10,0.0,0.0,0.0,0.0,0.0,0.0,0.0,0.0,0.0,0.0,1.0,0.0
10,10,0.0,0.0,0.0,0.0,0.0,0.0,0.0,0.0,0.0,0.0,1.0,0.0
10,10,0.0,0.0,0.0,0.0,0.0,0.0,0.0,0.0,0.0,0.0,1.0,0.0
10,10,0.0,0.0,0.0,0.0,0.0,0.0,0.0,0.0,0.0,0.0,1.0,0.0
10,10,0.0,0.0,0.0,0.0,0.0,0.0,0.0,0.0,0.0,0.0,1.0,0.0
10,10,0.0,0.0,0.0,0.0,0.0,0.0,0.0,0.0,0.0,0.0,1.0,0.0
10,10,0.0,0.0,0.0,0.0,0.0,0.0,0.0,0.0,0.0,0.0,1.0,0.0
10,10,0.0,0.0,0.0,0.0,0.0,0.0,0.0,0.0,0.0,0.0,1.0,0.0
10,10,0.0,0.0,0.0,0.0,0.0,0.0,0.0,0.0,0.0,0.0,1.0,0.0
10,10,0.0,0.0,0.0,0.0,0.0,0.0,0.0,0.0,0.0,0.0,1.0,0.0
10,10,0.0,0.0,0.0,0.0,0.0,0.0,0.0,0.0,0.0,0.0,1.0,0.0
10,10,0.0,0.0,0.0,0.0,0.0,0.0,0.0,0.0,0.0,0.0,1.0,0.0
10,10,0.0,0.0,0.0,0.0,0.0,0.0,0.0,0.0,0.0,0.0,1.0,0.0
10,10,0.0,0.0,0.0,0.0,0.0,0.0,0.0,0.0,0.0,0.0,1.0,0.0
10,10,0.0,0.0,0.0,0.0,0.0,0.0,0.0,0.0,0.0,0.0,1.0,0.0
10,10,0.0,0.0,0.0,0.0,0.0,0.0,0.0,0.0,0.0,0.0,1.0,0.0
10,10,0.0,0.0,0.0,0.0,0.0,0.0,0.0,0.0,0.0,0.0,1.0,0.0
10,10,0.0,0.0,0.0,0.0,0.0,0.0,0.0,0.0,0.0,0.0,1.0,0.0
10,10,0.0,0.0,0.0,0.0,0.0,0.0,0.0,0.0,0.0,0.0,1.0,0.0
10,10,0.0,0.0,0.0,0.0,0.0,0.0,0.0,0.0,0.0,0.0,1.0,0.0
10,10,0.0,0.0,0.0,0.0,0.0,0.0,0.0,0.0,0.0,0.0,1.0,0.0
10,10,0.0,0.0,0.0,0.0,0.0,0.0,0.0,0.0,0.0,0.0,1.0,0.0
10,10,0.0,0.0,0.0,0.0,0.0,0.0,0.0,0.0,0.0,0.0,1.0,0.0
10,10,0.0,0.0,0.0,0.0,0.0,0.0,0.0,0.0,0.0,0.0,1.0,0.0
10,10,0.0,0.0,0.0,0.0,0.0,0.0,0.0,0.0,0.0,0.0,1.0,0.0
10,10,0.0,0.0,0.0,0.0,0.0,0.0,0.0,0.0,0.0,0.0,1.0,0.0
10,10,0.0,0.0,0.0,0.0,0.0,0.0,0.0,0.0,0.0,0.0,1.0,0.0
10,10,0.0,0.0,0.0,0.0,0.0,0.0,0.0,0.0,0.0,0.0,1.0,0.0
10,10,0.0,0.0,0.0,0.0,0.0,0.0,0.0,0.0,0.0,0.0,1.0,0.0
10,10,0.0,0.0,0.0,0.0,0.0,0.0,0.0,0.0,0.0,0.0,1.0,0.0
10,10,0.0,0.0,0.0,0.0,0.0,0.0,0.0,0.0,0.0,0.0,1.0,0.0
10,10,0.0,0.0,0.0,0.0,0.0,0.0,0.0,0.0,0.0,0.0,1.0,0.0
10,10,0.0,0.0,0.0,0.0,0.0,0.0,0.0,0.0,0.0,0.0,1.0,0.0
10,10,0.0,0.0,0.0,0.0,0.0,0.0,0.0,0.0,0.0,0.0,1.0,0.0
10,10,0.0,0.0,0.0,0.0,0.0,0.0,0.0,0.0,0.0,0.0,1.0,0.0
10,10,0.0,0.0,0.0,0.0,0.0,0.0,0.0,0.0,0.0,0.0,1.0,0.0
10,10,0.0,0.0,0.0,0.0,0.0,0.0,0.0,0.0,0.0,0.0,1.0,0.0
10,10,0.0,0.0,0.0,0.0,0.0,0.0,0.0,0.0,0.0,0.0,1.0,0.0
10,10,0.0,0.0,0.0,0.0,0.0,0.0,0.0,0.0,0.0,0.0,1.0,0.0
10,10,0.0,0.0,0.0,0.0,0.0,0.0,0.0,0.0,0.0,0.0,1.0,0.0
10,10,0.0,0.0,0.0,0.0,0.0,0.0,0.0,0.0,0.0,0.0,1.0,0.0
10,10,0.0,0.0,0.0,0.0,0.0,0.0,0.0,0.0,0.0,0.0,1.0,0.0
10,10,0.0,0.0,0.0,0.0,0.0,0.0,0.0,0.0,0.0,0.0,1.0,0.0
10,10,0.0,0.0,0.0,0.0,0.0,0.0,0.0,0.0,0.0,0.0,1.0,0.0
10,10,0.0,0.0,0.0,0.0,0.0,0.0,0.0,0.0,0.0,0.0,1.0,0.0
10,10,0.0,0.0,0.0,0.0,0.0,0.0,0.0,0.0,0.0,0.0,1.0,0.0
10,10,0.0,0.0,0.0,0.0,0.0,0.0,0.0,0.0,0.0,0.0,1.0,0.0
10,10,0.0,0.0,0.0,0.0,0.0,0.0,0.0,0.0,0.0,0.0,1.0,0.0
10,10,0.0,0.0,0.0,0.0,0.0,0.0,0.0,0.0,0.0,0.0,1.0,0.0
10,10,0.0,0.0,0.0,0.0,0.0,0.0,0.0,0.0,0.0,0.0,1.0,0.0
10,10,0.0,0.0,0.0,0.0,0.0,0.0,0.0,0.0,0.0,0.0,1.0,0.0
10,10,0.0,0.0,0.0,0.0,0.0,0.0,0.0,0.0,0.0,0.0,1.0,0.0
10,10,0.0,0.0,0.0,0.0,0.0,0.0,0.0,0.0,0.0,0.0,1.0,0.0
10,10,0.0,0.0,0.0,0.0,0.0,0.0,0.0,0.0,0.0,0.0,1.0,0.0
10,10,0.0,0.0,0.0,0.0,0.0,0.0,0.0,0.0,0.0,0.0,1.0,0.0
10,10,0.0,0.0,0.0,0.0,0.0,0.0,0.0,0.0,0.0,0.0,1.0,0.0
10,10,0.0,0.0,0.0,0.0,0.0,0.0,0.0,0.0,0.0,0.0,1.0,0.0
10,10,0.0,0.0,0.0,0.0,0.0,0.0,0.0,0.0,0.0,0.0,1.0,0.0
10,10,0.0,0.0,0.0,0.0,0.0,0.0,0.0,0.0,0.0,0.0,1.0,0.0
10,10,0.0,0.0,0.0,0.0,0.0,0.0,0.0,0.0,0.0,0.0,1.0,0.0
10,10,0.0,0.0,0.0,0.0,0.0,0.0,0.0,0.0,0.0,0.0,1.0,0.0
10,10,0.0,0.0,0.0,0.0,0.0,0.0,0.0,0.0,0.0,0.0,1.0,0.0
10,10,0.0,0.0,0.0,0.0,0.0,0.0,0.0,0.0,0.0,0.0,1.0,0.0
10,10,0.0,0.0,0.0,0.0,0.0,0.0,0.0,0.0,0.0,0.0,1.0,0.0
10,10,0.0,0.0,0.0,0.0,0.0,0.0,0.0,0.0,0.0,0.0,1.0,0.0
10,10,0.0,0.0,0.0,0.0,0.0,0.0,0.0,0.0,0.0,0.0,1.0,0.0
10,10,0.0,0.0,0.0,0.0,0.0,0.0,0.0,0.0,0.0,0.0,1.0,0.0
10,10,0.0,0.0,0.0,0.0,0.0,0.0,0.0,0.0,0.0,0.0,1.0,0.0
10,10,0.0,0.0,0.0,0.0,0.0,0.0,0.0,0.0,0.0,0.0,1.0,0.0
10,10,0.0,0.0,0.0,0.0,0.0,0.0,0.0,0.0,0.0,0.0,1.0,0.0
10,10,0.0,0.0,0.0,0.0,0.0,0.0,0.0,0.0,0.0,0.0,1.0,0.0
10,10,0.0,0.0,0.0,0.0,0.0,0.0,0.0,0.0,0.0,0.0,1.0,0.0
10,10,0.0,0.0,0.0,0.0,0.0,0.0,0.0,0.0,0.0,0.0,1.0,0.0
10,10,0.0,0.0,0.0,0.0,0.0,0.0,0.0,0.0,0.0,0.0,1.0,0.0
10,10,0.0,0.0,0.0,0.0,0.0,0.0,0.0,0.0,0.0,0.0,1.0,0.0
10,10,0.0,0.0,0.0,0.0,0.0,0.0,0.0,0.0,0.0,0.0,1.0,0.0
10,10,0.0,0.0,0.0,0.0,0.0,0.0,0.0,0.0,0.0,0.0,1.0,0.0
10,10,0.0,0.0,0.0,0.0,0.0,0.0,0.0,0.0,0.0,0.0,1.0,0.0
10,10,0.0,0.0,0.0,0.0,0.0,0.0,0.0,0.0,0.0,0.0,1.0,0.0
10,10,0.0,0.0,0.0,0.0,0.0,0.0,0.0,0.0,0.0,0.0,1.0,0.0
10,10,0.0,0.0,0.0,0.0,0.0,0.0,0.0,0.0,0.0,0.0,1.0,0.0
10,10,0.0,0.0,0.0,0.0,0.0,0.0,0.0,0.0,0.0,0.0,1.0,0.0
10,10,0.0,0.0,0.0,0.0,0.0,0.0,0.0,0.0,0.0,0.0,1.0,0.0
10,10,0.0,0.0,0.0,0.0,0.0,0.0,0.0,0.0,0.0,0.0,1.0,0.0
10,10,0.0,0.0,0.0,0.0,0.0,0.0,0.0,0.0,0.0,0.0,1.0,0.0
10,10,0.0,0.0,0.0,0.0,0.0,0.0,0.0,0.0,0.0,0.0,1.0,0.0
10,10,0.0,0.0,0.0,0.0,0.0,0.0,0.0,0.0,0.0,0.0,1.0,0.0
10,10,0.0,0.0,0.0,0.0,0.0,0.0,0.0,0.0,0.0,0.0,1.0,0.0
10,10,0.0,0.0,0.0,0.0,0.0,0.0,0.0,0.0,0.0,0.0,1.0,0.0
10,10,0.0,0.0,0.0,0.0,0.0,0.0,0.0,0.0,0.0,0.0,1.0,0.0
10,10,0.0,0.0,0.0,0.0,0.0,0.0,0.0,0.0,0.0,0.0,1.0,0.0
10,10,0.0,0.0,0.0,0.0,0.0,0.0,0.0,0.0,0.0,0.0,1.0,0.0
10,10,0.0,0.0,0.0,0.0,0.0,0.0,0.0,0.0,0.0,0.0,1.0,0.0
10,10,0.0,0.0,0.0,0.0,0.0,0.0,0.0,0.0,0.0,0.0,1.0,0.0
10,10,0.0,0.0,0.0,0.0,0.0,0.0,0.0,0.0,0.0,0.0,1.0,0.0
10,10,0.0,0.0,0.0,0.0,0.0,0.0,0.0,0.0,0.0,0.0,1.0,0.0
10,10,0.0,0.0,0.0,0.0,0.0,0.0,0.0,0.0,0.0,0.0,1.0,0.0
10,10,0.0,0.0,0.0,0.0,0.0,0.0,0.0,0.0,0.0,0.0,1.0,0.0
10,10,0.0,0.0,0.0,0.0,0.0,0.0,0.0,0.0,0.0,0.0,1.0,0.0
10,10,0.0,0.0,0.0,0.0,0.0,0.0,0.0,0.0,0.0,0.0,1.0,0.0
10,10,0.0,0.0,0.0,0.0,0.0,0.0,0.0,0.0,0.0,0.0,1.0,0.0
10,10,0.0,0.0,0.0,0.0,0.0,0.0,0.0,0.0,0.0,0.0,1.0,0.0
10,10,0.0,0.0,0.0,0.0,0.0,0.0,0.0,0.0,0.0,0.0,1.0,0.0
10,10,0.0,0.0,0.0,0.0,0.0,0.0,0.0,0.0,0.0,0.0,1.0,0.0
10,10,0.0,0.0,0.0,0.0,0.0,0.0,0.0,0.0,0.0,0.0,1.0,0.0
10,10,0.0,0.0,0.0,0.0,0.0,0.0,0.0,0.0,0.0,0.0,1.0,0.0
10,10,0.0,0.0,0.0,0.0,0.0,0.0,0.0,0.0,0.0,0.0,1.0,0.0
10,10,0.0,0.0,0.0,0.0,0.0,0.0,0.0,0.0,0.0,0.0,1.0,0.0
10,10,0.0,0.0,0.0,0.0,0.0,0.0,0.0,0.0,0.0,0.0,1.0,0.0
10,10,0.0,0.0,0.0,0.0,0.0,0.0,0.0,0.0,0.0,0.0,1.0,0.0
10,10,0.0,0.0,0.0,0.0,0.0,0.0,0.0,0.0,0.0,0.0,1.0,0.0
10,10,0.0,0.0,0.0,0.0,0.0,0.0,0.0,0.0,0.0,0.0,1.0,0.0
10,10,0.0,0.0,0.0,0.0,0.0,0.0,0.0,0.0,0.0,0.0,1.0,0.0
10,10,0.0,0.0,0.0,0.0,0.0,0.0,0.0,0.0,0.0,0.0,1.0,0.0
10,10,0.0,0.0,0.0,0.0,0.0,0.0,0.0,0.0,0.0,0.0,1.0,0.0
10,10,0.0,0.0,0.0,0.0,0.0,0.0,0.0,0.0,0.0,0.0,1.0,0.0
10,10,0.0,0.0,0.0,0.0,0.0,0.0,0.0,0.0,0.0,0.0,1.0,0.0
10,10,0.0,0.0,0.0,0.0,0.0,0.0,0.0,0.0,0.0,0.0,1.0,0.0
10,10,0.0,0.0,0.0,0.0,0.0,0.0,0.0,0.0,0.0,0.0,1.0,0.0
10,10,0.0,0.0,0.0,0.0,0.0,0.0,0.0,0.0,0.0,0.0,1.0,0.0
10,10,0.0,0.0,0.0,0.0,0.0,0.0,0.0,0.0,0.0,0.0,1.0,0.0
10,10,0.0,0.0,0.0,0.0,0.0,0.0,0.0,0.0,0.0,0.0,1.0,0.0
10,10,0.0,0.0,0.0,0.0,0.0,0.0,0.0,0.0,0.0,0.0,1.0,0.0
10,10,0.0,0.0,0.0,0.0,0.0,0.0,0.0,0.0,0.0,0.0,1.0,0.0
10,10,0.0,0.0,0.0,0.0,0.0,0.0,0.0,0.0,0.0,0.0,1.0,0.0
10,10,0.0,0.0,0.0,0.0,0.0,0.0,0.0,0.0,0.0,0.0,1.0,0.0
10,10,0.0,0.0,0.0,0.0,0.0,0.0,0.0,0.0,0.0,0.0,1.0,0.0
10,10,0.0,0.0,0.0,0.0,0.0,0.0,0.0,0.0,0.0,0.0,1.0,0.0
10,10,0.0,0.0,0.0,0.0,0.0,0.0,0.0,0.0,0.0,0.0,1.0,0.0
10,10,0.0,0.0,0.0,0.0,0.0,0.0,0.0,0.0,0.0,0.0,1.0,0.0
10,10,0.0,0.0,0.0,0.0,0.0,0.0,0.0,0.0,0.0,0.0,1.0,0.0
10,10,0.0,0.0,0.0,0.0,0.0,0.0,0.0,0.0,0.0,0.0,1.0,0.0
10,10,0.0,0.0,0.0,0.0,0.0,0.0,0.0,0.0,0.0,0.0,1.0,0.0
10,10,0.0,0.0,0.0,0.0,0.0,0.0,0.0,0.0,0.0,0.0,1.0,0.0
10,10,0.0,0.0,0.0,0.0,0.0,0.0,0.0,0.0,0.0,0.0,1.0,0.0
10,10,0.0,0.0,0.0,0.0,0.0,0.0,0.0,0.0,0.0,0.0,1.0,0.0
10,10,0.0,0.0,0.0,0.0,0.0,0.0,0.0,0.0,0.0,0.0,1.0,0.0
10,10,0.0,0.0,0.0,0.0,0.0,0.0,0.0,0.0,0.0,0.0,1.0,0.0
10,10,0.0,0.0,0.0,0.0,0.0,0.0,0.0,0.0,0.0,0.0,1.0,0.0
10,10,0.0,0.0,0.0,0.0,0.0,0.0,0.0,0.0,0.0,0.0,1.0,0.0
10,10,0.0,0.0,0.0,0.0,0.0,0.0,0.0,0.0,0.0,0.0,1.0,0.0
10,10,0.0,0.0,0.0,0.0,0.0,0.0,0.0,0.0,0.0,0.0,1.0,0.0
10,10,0.0,0.0,0.0,0.0,0.0,0.0,0.0,0.0,0.0,0.0,1.0,0.0
10,10,0.0,0.0,0.0,0.0,0.0,0.0,0.0,0.0,0.0,0.0,1.0,0.0
10,10,0.0,0.0,0.0,0.0,0.0,0.0,0.0,0.0,0.0,0.0,1.0,0.0
10,10,0.0,0.0,0.0,0.0,0.0,0.0,0.0,0.0,0.0,0.0,1.0,0.0
10,10,0.0,0.0,0.0,0.0,0.0,0.0,0.0,0.0,0.0,0.0,1.0,0.0
10,10,0.0,0.0,0.0,0.0,0.0,0.0,0.0,0.0,0.0,0.0,1.0,0.0
10,10,0.0,0.0,0.0,0.0,0.0,0.0,0.0,0.0,0.0,0.0,1.0,0.0
10,10,0.0,0.0,0.0,0.0,0.0,0.0,0.0,0.0,0.0,0.0,1.0,0.0
10,10,0.0,0.0,0.0,0.0,0.0,0.0,0.0,0.0,0.0,0.0,1.0,0.0
10,10,0.0,0.0,0.0,0.0,0.0,0.0,0.0,0.0,0.0,0.0,1.0,0.0
10,10,0.0,0.0,0.0,0.0,0.0,0.0,0.0,0.0,0.0,0.0,1.0,0.0
10,10,0.0,0.0,0.0,0.0,0.0,0.0,0.0,0.0,0.0,0.0,1.0,0.0
10,10,0.0,0.0,0.0,0.0,0.0,0.0,0.0,0.0,0.0,0.0,1.0,0.0
10,10,0.0,0.0,0.0,0.0,0.0,0.0,0.0,0.0,0.0,0.0,1.0,0.0
10,10,0.0,0.0,0.0,0.0,0.0,0.0,0.0,0.0,0.0,0.0,1.0,0.0
10,10,0.0,0.0,0.0,0.0,0.0,0.0,0.0,0.0,0.0,0.0,1.0,0.0
10,10,0.0,0.0,0.0,0.0,0.0,0.0,0.0,0.0,0.0,0.0,1.0,0.0
10,10,0.0,0.0,0.0,0.0,0.0,0.0,0.0,0.0,0.0,0.0,1.0,0.0
10,10,0.0,0.0,0.0,0.0,0.0,0.0,0.0,0.0,0.0,0.0,1.0,0.0
10,10,0.0,0.0,0.0,0.0,0.0,0.0,0.0,0.0,0.0,0.0,1.0,0.0
10,10,0.0,0.0,0.0,0.0,0.0,0.0,0.0,0.0,0.0,0.0,1.0,0.0
10,10,0.0,0.0,0.0,0.0,0.0,0.0,0.0,0.0,0.0,0.0,1.0,0.0
10,10,0.0,0.0,0.0,0.0,0.0,0.0,0.0,0.0,0.0,0.0,1.0,0.0
10,10,0.0,0.0,0.0,0.0,0.0,0.0,0.0,0.0,0.0,0.0,1.0,0.0
10,10,0.0,0.0,0.0,0.0,0.0,0.0,0.0,0.0,0.0,0.0,1.0,0.0
10,10,0.0,0.0,0.0,0.0,0.0,0.0,0.0,0.0,0.0,0.0,1.0,0.0
10,10,0.0,0.0,0.0,0.0,0.0,0.0,0.0,0.0,0.0,0.0,1.0,0.0
10,10,0.0,0.0,0.0,0.0,0.0,0.0,0.0,0.0,0.0,0.0,1.0,0.0
10,10,0.0,0.0,0.0,0.0,0.0,0.0,0.0,0.0,0.0,0.0,1.0,0.0
10,10,0.0,0.0,0.0,0.0,0.0,0.0,0.0,0.0,0.0,0.0,1.0,0.0
10,10,0.0,0.0,0.0,0.0,0.0,0.0,0.0,0.0,0.0,0.0,1.0,0.0
10,10,0.0,0.0,0.0,0.0,0.0,0.0,0.0,0.0,0.0,0.0,1.0,0.0
10,10,0.0,0.0,0.0,0.0,0.0,0.0,0.0,0.0,0.0,0.0,1.0,0.0
10,10,0.0,0.0,0.0,0.0,0.0,0.0,0.0,0.0,0.0,0.0,1.0,0.0
10,10,0.0,0.0,0.0,0.0,0.0,0.0,0.0,0.0,0.0,0.0,1.0,0.0
10,10,0.0,0.0,0.0,0.0,0.0,0.0,0.0,0.0,0.0,0.0,1.0,0.0
10,10,0.0,0.0,0.0,0.0,0.0,0.0,0.0,0.0,0.0,0.0,1.0,0.0
10,10,0.0,0.0,0.0,0.0,0.0,0.0,0.0,0.0,0.0,0.0,1.0,0.0
10,10,0.0,0.0,0.0,0.0,0.0,0.0,0.0,0.0,0.0,0.0,1.0,0.0
10,10,0.0,0.0,0.0,0.0,0.0,0.0,0.0,0.0,0.0,0.0,1.0,0.0
10,10,0.0,0.0,0.0,0.0,0.0,0.0,0.0,0.0,0.0,0.0,1.0,0.0
10,10,0.0,0.0,0.0,0.0,0.0,0.0,0.0,0.0,0.0,0.0,1.0,0.0
10,10,0.0,0.0,0.0,0.0,0.0,0.0,0.0,0.0,0.0,0.0,1.0,0.0
10,10,0.0,0.0,0.0,0.0,0.0,0.0,0.0,0.0,0.0,0.0,1.0,0.0
10,10,0.0,0.0,0.0,0.0,0.0,0.0,0.0,0.0,0.0,0.0,1.0,0.0
10,10,0.0,0.0,0.0,0.0,0.0,0.0,0.0,0.0,0.0,0.0,1.0,0.0
10,10,0.0,0.0,0.0,0.0,0.0,0.0,0.0,0.0,0.0,0.0,1.0,0.0
10,10,0.0,0.0,0.0,0.0,0.0,0.0,0.0,0.0,0.0,0.0,1.0,0.0
10,10,0.0,0.0,0.0,0.0,0.0,0.0,0.0,0.0,0.0,0.0,1.0,0.0
10,10,0.0,0.0,0.0,0.0,0.0,0.0,0.0,0.0,0.0,0.0,1.0,0.0
10,10,0.0,0.0,0.0,0.0,0.0,0.0,0.0,0.0,0.0,0.0,1.0,0.0
10,10,0.0,0.0,0.0,0.0,0.0,0.0,0.0,0.0,0.0,0.0,1.0,0.0
10,10,0.0,0.0,0.0,0.0,0.0,0.0,0.0,0.0,0.0,0.0,1.0,0.0
10,10,0.0,0.0,0.0,0.0,0.0,0.0,0.0,0.0,0.0,0.0,1.0,0.0
10,10,0.0,0.0,0.0,0.0,0.0,0.0,0.0,0.0,0.0,0.0,1.0,0.0
10,10,0.0,0.0,0.0,0.0,0.0,0.0,0.0,0.0,0.0,0.0,1.0,0.0
10,10,0.0,0.0,0.0,0.0,0.0,0.0,0.0,0.0,0.0,0.0,1.0,0.0
10,10,0.0,0.0,0.0,0.0,0.0,0.0,0.0,0.0,0.0,0.0,1.0,0.0
10,10,0.0,0.0,0.0,0.0,0.0,0.0,0.0,0.0,0.0,0.0,1.0,0.0
10,10,0.0,0.0,0.0,0.0,0.0,0.0,0.0,0.0,0.0,0.0,1.0,0.0
10,10,0.0,0.0,0.0,0.0,0.0,0.0,0.0,0.0,0.0,0.0,1.0,0.0
10,10,0.0,0.0,0.0,0.0,0.0,0.0,0.0,0.0,0.0,0.0,1.0,0.0
10,10,0.0,0.0,0.0,0.0,0.0,0.0,0.0,0.0,0.0,0.0,1.0,0.0
10,10,0.0,0.0,0.0,0.0,0.0,0.0,0.0,0.0,0.0,0.0,1.0,0.0
10,10,0.0,0.0,0.0,0.0,0.0,0.0,0.0,0.0,0.0,0.0,1.0,0.0
10,10,0.0,0.0,0.0,0.0,0.0,0.0,0.0,0.0,0.0,0.0,1.0,0.0
10,10,0.0,0.0,0.0,0.0,0.0,0.0,0.0,0.0,0.0,0.0,1.0,0.0
10,10,0.0,0.0,0.0,0.0,0.0,0.0,0.0,0.0,0.0,0.0,1.0,0.0
10,10,0.0,0.0,0.0,0.0,0.0,0.0,0.0,0.0,0.0,0.0,1.0,0.0
10,10,0.0,0.0,0.0,0.0,0.0,0.0,0.0,0.0,0.0,0.0,1.0,0.0
10,10,0.0,0.0,0.0,0.0,0.0,0.0,0.0,0.0,0.0,0.0,1.0,0.0
10,10,0.0,0.0,0.0,0.0,0.0,0.0,0.0,0.0,0.0,0.0,1.0,0.0
10,10,0.0,0.0,0.0,0.0,0.0,0.0,0.0,0.0,0.0,0.0,1.0,0.0
10,10,0.0,0.0,0.0,0.0,0.0,0.0,0.0,0.0,0.0,0.0,1.0,0.0
10,10,0.0,0.0,0.0,0.0,0.0,0.0,0.0,0.0,0.0,0.0,1.0,0.0
10,10,0.0,0.0,0.0,0.0,0.0,0.0,0.0,0.0,0.0,0.0,1.0,0.0
10,10,0.0,0.0,0.0,0.0,0.0,0.0,0.0,0.0,0.0,0.0,1.0,0.0
10,10,0.0,0.0,0.0,0.0,0.0,0.0,0.0,0.0,0.0,0.0,1.0,0.0
10,10,0.0,0.0,0.0,0.0,0.0,0.0,0.0,0.0,0.0,0.0,1.0,0.0
10,10,0.0,0.0,0.0,0.0,0.0,0.0,0.0,0.0,0.0,0.0,1.0,0.0
10,10,0.0,0.0,0.0,0.0,0.0,0.0,0.0,0.0,0.0,0.0,1.0,0.0
10,10,0.0,0.0,0.0,0.0,0.0,0.0,0.0,0.0,0.0,0.0,1.0,0.0
10,10,0.0,0.0,0.0,0.0,0.0,0.0,0.0,0.0,0.0,0.0,1.0,0.0
10,10,0.0,0.0,0.0,0.0,0.0,0.0,0.0,0.0,0.0,0.0,1.0,0.0
10,10,0.0,0.0,0.0,0.0,0.0,0.0,0.0,0.0,0.0,0.0,1.0,0.0
10,10,0.0,0.0,0.0,0.0,0.0,0.0,0.0,0.0,0.0,0.0,1.0,0.0
10,10,0.0,0.0,0.0,0.0,0.0,0.0,0.0,0.0,0.0,0.0,1.0,0.0
10,10,0.0,0.0,0.0,0.0,0.0,0.0,0.0,0.0,0.0,0.0,1.0,0.0
10,10,0.0,0.0,0.0,0.0,0.0,0.0,0.0,0.0,0.0,0.0,1.0,0.0
10,10,0.0,0.0,0.0,0.0,0.0,0.0,0.0,0.0,0.0,0.0,1.0,0.0
10,10,0.0,0.0,0.0,0.0,0.0,0.0,0.0,0.0,0.0,0.0,1.0,0.0
10,10,0.0,0.0,0.0,0.0,0.0,0.0,0.0,0.0,0.0,0.0,1.0,0.0
10,10,0.0,0.0,0.0,0.0,0.0,0.0,0.0,0.0,0.0,0.0,1.0,0.0
10,10,0.0,0.0,0.0,0.0,0.0,0.0,0.0,0.0,0.0,0.0,1.0,0.0
10,10,0.0,0.0,0.0,0.0,0.0,0.0,0.0,0.0,0.0,0.0,1.0,0.0
10,10,0.0,0.0,0.0,0.0,0.0,0.0,0.0,0.0,0.0,0.0,1.0,0.0
10,10,0.0,0.0,0.0,0.0,0.0,0.0,0.0,0.0,0.0,0.0,1.0,0.0
10,10,0.0,0.0,0.0,0.0,0.0,0.0,0.0,0.0,0.0,0.0,1.0,0.0
10,10,0.0,0.0,0.0,0.0,0.0,0.0,0.0,0.0,0.0,0.0,1.0,0.0
10,10,0.0,0.0,0.0,0.0,0.0,0.0,0.0,0.0,0.0,0.0,1.0,0.0
10,10,0.0,0.0,0.0,0.0,0.0,0.0,0.0,0.0,0.0,0.0,1.0,0.0
10,10,0.0,0.0,0.0,0.0,0.0,0.0,0.0,0.0,0.0,0.0,1.0,0.0
10,10,0.0,0.0,0.0,0.0,0.0,0.0,0.0,0.0,0.0,0.0,1.0,0.0
10,10,0.0,0.0,0.0,0.0,0.0,0.0,0.0,0.0,0.0,0.0,1.0,0.0
10,10,0.0,0.0,0.0,0.0,0.0,0.0,0.0,0.0,0.0,0.0,1.0,0.0
10,10,0.0,0.0,0.0,0.0,0.0,0.0,0.0,0.0,0.0,0.0,1.0,0.0
10,10,0.0,0.0,0.0,0.0,0.0,0.0,0.0,0.0,0.0,0.0,1.0,0.0
10,10,0.0,0.0,0.0,0.0,0.0,0.0,0.0,0.0,0.0,0.0,1.0,0.0
10,10,0.0,0.0,0.0,0.0,0.0,0.0,0.0,0.0,0.0,0.0,1.0,0.0
10,10,0.0,0.0,0.0,0.0,0.0,0.0,0.0,0.0,0.0,0.0,1.0,0.0
10,10,0.0,0.0,0.0,0.0,0.0,0.0,0.0,0.0,0.0,0.0,1.0,0.0
10,10,0.0,0.0,0.0,0.0,0.0,0.0,0.0,0.0,0.0,0.0,1.0,0.0
10,10,0.0,0.0,0.0,0.0,0.0,0.0,0.0,0.0,0.0,0.0,1.0,0.0
10,10,0.0,0.0,0.0,0.0,0.0,0.0,0.0,0.0,0.0,0.0,1.0,0.0
10,10,0.0,0.0,0.0,0.0,0.0,0.0,0.0,0.0,0.0,0.0,1.0,0.0
10,10,0.0,0.0,0.0,0.0,0.0,0.0,0.0,0.0,0.0,0.0,1.0,0.0
10,10,0.0,0.0,0.0,0.0,0.0,0.0,0.0,0.0,0.0,0.0,1.0,0.0
10,10,0.0,0.0,0.0,0.0,0.0,0.0,0.0,0.0,0.0,0.0,1.0,0.0
10,10,0.0,0.0,0.0,0.0,0.0,0.0,0.0,0.0,0.0,0.0,1.0,0.0
10,10,0.0,0.0,0.0,0.0,0.0,0.0,0.0,0.0,0.0,0.0,1.0,0.0
10,10,0.0,0.0,0.0,0.0,0.0,0.0,0.0,0.0,0.0,0.0,1.0,0.0
10,10,0.0,0.0,0.0,0.0,0.0,0.0,0.0,0.0,0.0,0.0,1.0,0.0
10,10,0.0,0.0,0.0,0.0,0.0,0.0,0.0,0.0,0.0,0.0,1.0,0.0
10,10,0.0,0.0,0.0,0.0,0.0,0.0,0.0,0.0,0.0,0.0,1.0,0.0
10,10,0.0,0.0,0.0,0.0,0.0,0.0,0.0,0.0,0.0,0.0,1.0,0.0
10,10,0.0,0.0,0.0,0.0,0.0,0.0,0.0,0.0,0.0,0.0,1.0,0.0
10,10,0.0,0.0,0.0,0.0,0.0,0.0,0.0,0.0,0.0,0.0,1.0,0.0
10,10,0.0,0.0,0.0,0.0,0.0,0.0,0.0,0.0,0.0,0.0,1.0,0.0
10,10,0.0,0.0,0.0,0.0,0.0,0.0,0.0,0.0,0.0,0.0,1.0,0.0
10,10,0.0,0.0,0.0,0.0,0.0,0.0,0.0,0.0,0.0,0.0,1.0,0.0
10,10,0.0,0.0,0.0,0.0,0.0,0.0,0.0,0.0,0.0,0.0,1.0,0.0
10,10,0.0,0.0,0.0,0.0,0.0,0.0,0.0,0.0,0.0,0.0,1.0,0.0
10,10,0.0,0.0,0.0,0.0,0.0,0.0,0.0,0.0,0.0,0.0,1.0,0.0
10,10,0.0,0.0,0.0,0.0,0.0,0.0,0.0,0.0,0.0,0.0,1.0,0.0
10,10,0.0,0.0,0.0,0.0,0.0,0.0,0.0,0.0,0.0,0.0,1.0,0.0
10,10,0.0,0.0,0.0,0.0,0.0,0.0,0.0,0.0,0.0,0.0,1.0,0.0
10,10,0.0,0.0,0.0,0.0,0.0,0.0,0.0,0.0,0.0,0.0,1.0,0.0
10,10,0.0,0.0,0.0,0.0,0.0,0.0,0.0,0.0,0.0,0.0,1.0,0.0
10,10,0.0,0.0,0.0,0.0,0.0,0.0,0.0,0.0,0.0,0.0,1.0,0.0
10,10,0.0,0.0,0.0,0.0,0.0,0.0,0.0,0.0,0.0,0.0,1.0,0.0
10,10,0.0,0.0,0.0,0.0,0.0,0.0,0.0,0.0,0.0,0.0,1.0,0.0
10,10,0.0,0.0,0.0,0.0,0.0,0.0,0.0,0.0,0.0,0.0,1.0,0.0
10,10,0.0,0.0,0.0,0.0,0.0,0.0,0.0,0.0,0.0,0.0,1.0,0.0
10,10,0.0,0.0,0.0,0.0,0.0,0.0,0.0,0.0,0.0,0.0,1.0,0.0
10,10,0.0,0.0,0.0,0.0,0.0,0.0,0.0,0.0,0.0,0.0,1.0,0.0
10,10,0.0,0.0,0.0,0.0,0.0,0.0,0.0,0.0,0.0,0.0,1.0,0.0
10,10,0.0,0.0,0.0,0.0,0.0,0.0,0.0,0.0,0.0,0.0,1.0,0.0
10,10,0.0,0.0,0.0,0.0,0.0,0.0,0.0,0.0,0.0,0.0,1.0,0.0
10,10,0.0,0.0,0.0,0.0,0.0,0.0,0.0,0.0,0.0,0.0,1.0,0.0
10,10,0.0,0.0,0.0,0.0,0.0,0.0,0.0,0.0,0.0,0.0,1.0,0.0
10,10,0.0,0.0,0.0,0.0,0.0,0.0,0.0,0.0,0.0,0.0,1.0,0.0
10,10,0.0,0.0,0.0,0.0,0.0,0.0,0.0,0.0,0.0,0.0,1.0,0.0
10,10,0.0,0.0,0.0,0.0,0.0,0.0,0.0,0.0,0.0,0.0,1.0,0.0
10,10,0.0,0.0,0.0,0.0,0.0,0.0,0.0,0.0,0.0,0.0,1.0,0.0
10,10,0.0,0.0,0.0,0.0,0.0,0.0,0.0,0.0,0.0,0.0,1.0,0.0
10,10,0.0,0.0,0.0,0.0,0.0,0.0,0.0,0.0,0.0,0.0,1.0,0.0
10,10,0.0,0.0,0.0,0.0,0.0,0.0,0.0,0.0,0.0,0.0,1.0,0.0
10,10,0.0,0.0,0.0,0.0,0.0,0.0,0.0,0.0,0.0,0.0,1.0,0.0
10,10,0.0,0.0,0.0,0.0,0.0,0.0,0.0,0.0,0.0,0.0,1.0,0.0
10,10,0.0,0.0,0.0,0.0,0.0,0.0,0.0,0.0,0.0,0.0,1.0,0.0
10,10,0.0,0.0,0.0,0.0,0.0,0.0,0.0,0.0,0.0,0.0,1.0,0.0
10,10,0.0,0.0,0.0,0.0,0.0,0.0,0.0,0.0,0.0,0.0,1.0,0.0
10,10,0.0,0.0,0.0,0.0,0.0,0.0,0.0,0.0,0.0,0.0,1.0,0.0
10,10,0.0,0.0,0.0,0.0,0.0,0.0,0.0,0.0,0.0,0.0,1.0,0.0
10,10,0.0,0.0,0.0,0.0,0.0,0.0,0.0,0.0,0.0,0.0,1.0,0.0
10,10,0.0,0.0,0.0,0.0,0.0,0.0,0.0,0.0,0.0,0.0,1.0,0.0
10,10,0.0,0.0,0.0,0.0,0.0,0.0,0.0,0.0,0.0,0.0,1.0,0.0
10,10,0.0,0.0,0.0,0.0,0.0,0.0,0.0,0.0,0.0,0.0,1.0,0.0
10,10,0.0,0.0,0.0,0.0,0.0,0.0,0.0,0.0,0.0,0.0,1.0,0.0
10,10,0.0,0.0,0.0,0.0,0.0,0.0,0.0,0.0,0.0,0.0,1.0,0.0
10,10,0.0,0.0,0.0,0.0,0.0,0.0,0.0,0.0,0.0,0.0,1.0,0.0
10,10,0.0,0.0,0.0,0.0,0.0,0.0,0.0,0.0,0.0,0.0,1.0,0.0
10,10,0.0,0.0,0.0,0.0,0.0,0.0,0.0,0.0,0.0,0.0,1.0,0.0
10,10,0.0,0.0,0.0,0.0,0.0,0.0,0.0,0.0,0.0,0.0,1.0,0.0
10,10,0.0,0.0,0.0,0.0,0.0,0.0,0.0,0.0,0.0,0.0,1.0,0.0
10,10,0.0,0.0,0.0,0.0,0.0,0.0,0.0,0.0,0.0,0.0,1.0,0.0
10,10,0.0,0.0,0.0,0.0,0.0,0.0,0.0,0.0,0.0,0.0,1.0,0.0
10,10,0.0,0.0,0.0,0.0,0.0,0.0,0.0,0.0,0.0,0.0,1.0,0.0
10,10,0.0,0.0,0.0,0.0,0.0,0.0,0.0,0.0,0.0,0.0,1.0,0.0
10,10,0.0,0.0,0.0,0.0,0.0,0.0,0.0,0.0,0.0,0.0,1.0,0.0
10,10,0.0,0.0,0.0,0.0,0.0,0.0,0.0,0.0,0.0,0.0,1.0,0.0
10,10,0.0,0.0,0.0,0.0,0.0,0.0,0.0,0.0,0.0,0.0,1.0,0.0
10,10,0.0,0.0,0.0,0.0,0.0,0.0,0.0,0.0,0.0,0.0,1.0,0.0
10,10,0.0,0.0,0.0,0.0,0.0,0.0,0.0,0.0,0.0,0.0,1.0,0.0
10,10,0.0,0.0,0.0,0.0,0.0,0.0,0.0,0.0,0.0,0.0,1.0,0.0
10,10,0.0,0.0,0.0,0.0,0.0,0.0,0.0,0.0,0.0,0.0,1.0,0.0
10,10,0.0,0.0,0.0,0.0,0.0,0.0,0.0,0.0,0.0,0.0,1.0,0.0
10,10,0.0,0.0,0.0,0.0,0.0,0.0,0.0,0.0,0.0,0.0,1.0,0.0
10,10,0.0,0.0,0.0,0.0,0.0,0.0,0.0,0.0,0.0,0.0,1.0,0.0
10,10,0.0,0.0,0.0,0.0,0.0,0.0,0.0,0.0,0.0,0.0,1.0,0.0
10,10,0.0,0.0,0.0,0.0,0.0,0.0,0.0,0.0,0.0,0.0,1.0,0.0
10,10,0.0,0.0,0.0,0.0,0.0,0.0,0.0,0.0,0.0,0.0,1.0,0.0
10,10,0.0,0.0,0.0,0.0,0.0,0.0,0.0,0.0,0.0,0.0,1.0,0.0
10,10,0.0,0.0,0.0,0.0,0.0,0.0,0.0,0.0,0.0,0.0,1.0,0.0
10,10,0.0,0.0,0.0,0.0,0.0,0.0,0.0,0.0,0.0,0.0,1.0,0.0
10,10,0.0,0.0,0.0,0.0,0.0,0.0,0.0,0.0,0.0,0.0,1.0,0.0
10,10,0.0,0.0,0.0,0.0,0.0,0.0,0.0,0.0,0.0,0.0,1.0,0.0
10,10,0.0,0.0,0.0,0.0,0.0,0.0,0.0,0.0,0.0,0.0,1.0,0.0
10,10,0.0,0.0,0.0,0.0,0.0,0.0,0.0,0.0,0.0,0.0,1.0,0.0
10,10,0.0,0.0,0.0,0.0,0.0,0.0,0.0,0.0,0.0,0.0,1.0,0.0
10,10,0.0,0.0,0.0,0.0,0.0,0.0,0.0,0.0,0.0,0.0,1.0,0.0
10,10,0.0,0.0,0.0,0.0,0.0,0.0,0.0,0.0,0.0,0.0,1.0,0.0
10,10,0.0,0.0,0.0,0.0,0.0,0.0,0.0,0.0,0.0,0.0,1.0,0.0
10,10,0.0,0.0,0.0,0.0,0.0,0.0,0.0,0.0,0.0,0.0,1.0,0.0
10,10,0.0,0.0,0.0,0.0,0.0,0.0,0.0,0.0,0.0,0.0,1.0,0.0
10,10,0.0,0.0,0.0,0.0,0.0,0.0,0.0,0.0,0.0,0.0,1.0,0.0
10,10,0.0,0.0,0.0,0.0,0.0,0.0,0.0,0.0,0.0,0.0,1.0,0.0
10,10,0.0,0.0,0.0,0.0,0.0,0.0,0.0,0.0,0.0,0.0,1.0,0.0
10,10,0.0,0.0,0.0,0.0,0.0,0.0,0.0,0.0,0.0,0.0,1.0,0.0
10,10,0.0,0.0,0.0,0.0,0.0,0.0,0.0,0.0,0.0,0.0,1.0,0.0
10,10,0.0,0.0,0.0,0.0,0.0,0.0,0.0,0.0,0.0,0.0,1.0,0.0
10,10,0.0,0.0,0.0,0.0,0.0,0.0,0.0,0.0,0.0,0.0,1.0,0.0
10,10,0.0,0.0,0.0,0.0,0.0,0.0,0.0,0.0,0.0,0.0,1.0,0.0
10,10,0.0,0.0,0.0,0.0,0.0,0.0,0.0,0.0,0.0,0.0,1.0,0.0
10,10,0.0,0.0,0.0,0.0,0.0,0.0,0.0,0.0,0.0,0.0,1.0,0.0
10,10,0.0,0.0,0.0,0.0,0.0,0.0,0.0,0.0,0.0,0.0,1.0,0.0
10,10,0.0,0.0,0.0,0.0,0.0,0.0,0.0,0.0,0.0,0.0,1.0,0.0
10,10,0.0,0.0,0.0,0.0,0.0,0.0,0.0,0.0,0.0,0.0,1.0,0.0
10,10,0.0,0.0,0.0,0.0,0.0,0.0,0.0,0.0,0.0,0.0,1.0,0.0
10,10,0.0,0.0,0.0,0.0,0.0,0.0,0.0,0.0,0.0,0.0,1.0,0.0
10,10,0.0,0.0,0.0,0.0,0.0,0.0,0.0,0.0,0.0,0.0,1.0,0.0
10,10,0.0,0.0,0.0,0.0,0.0,0.0,0.0,0.0,0.0,0.0,1.0,0.0
10,10,0.0,0.0,0.0,0.0,0.0,0.0,0.0,0.0,0.0,0.0,1.0,0.0
10,10,0.0,0.0,0.0,0.0,0.0,0.0,0.0,0.0,0.0,0.0,1.0,0.0
10,10,0.0,0.0,0.0,0.0,0.0,0.0,0.0,0.0,0.0,0.0,1.0,0.0
10,10,0.0,0.0,0.0,0.0,0.0,0.0,0.0,0.0,0.0,0.0,1.0,0.0
10,10,0.0,0.0,0.0,0.0,0.0,0.0,0.0,0.0,0.0,0.0,1.0,0.0
10,10,0.0,0.0,0.0,0.0,0.0,0.0,0.0,0.0,0.0,0.0,1.0,0.0
10,10,0.0,0.0,0.0,0.0,0.0,0.0,0.0,0.0,0.0,0.0,1.0,0.0
10,10,0.0,0.0,0.0,0.0,0.0,0.0,0.0,0.0,0.0,0.0,1.0,0.0
10,10,0.0,0.0,0.0,0.0,0.0,0.0,0.0,0.0,0.0,0.0,1.0,0.0
10,10,0.0,0.0,0.0,0.0,0.0,0.0,0.0,0.0,0.0,0.0,1.0,0.0
10,10,0.0,0.0,0.0,0.0,0.0,0.0,0.0,0.0,0.0,0.0,1.0,0.0
10,10,0.0,0.0,0.0,0.0,0.0,0.0,0.0,0.0,0.0,0.0,1.0,0.0
10,10,0.0,0.0,0.0,0.0,0.0,0.0,0.0,0.0,0.0,0.0,1.0,0.0
10,10,0.0,0.0,0.0,0.0,0.0,0.0,0.0,0.0,0.0,0.0,1.0,0.0
10,10,0.0,0.0,0.0,0.0,0.0,0.0,0.0,0.0,0.0,0.0,1.0,0.0
10,10,0.0,0.0,0.0,0.0,0.0,0.0,0.0,0.0,0.0,0.0,1.0,0.0
10,10,0.0,0.0,0.0,0.0,0.0,0.0,0.0,0.0,0.0,0.0,1.0,0.0
10,10,0.0,0.0,0.0,0.0,0.0,0.0,0.0,0.0,0.0,0.0,1.0,0.0
10,10,0.0,0.0,0.0,0.0,0.0,0.0,0.0,0.0,0.0,0.0,1.0,0.0
10,10,0.0,0.0,0.0,0.0,0.0,0.0,0.0,0.0,0.0,0.0,1.0,0.0
10,10,0.0,0.0,0.0,0.0,0.0,0.0,0.0,0.0,0.0,0.0,1.0,0.0
10,10,0.0,0.0,0.0,0.0,0.0,0.0,0.0,0.0,0.0,0.0,1.0,0.0
10,10,0.0,0.0,0.0,0.0,0.0,0.0,0.0,0.0,0.0,0.0,1.0,0.0
10,10,0.0,0.0,0.0,0.0,0.0,0.0,0.0,0.0,0.0,0.0,1.0,0.0
10,10,0.0,0.0,0.0,0.0,0.0,0.0,0.0,0.0,0.0,0.0,1.0,0.0
10,10,0.0,0.0,0.0,0.0,0.0,0.0,0.0,0.0,0.0,0.0,1.0,0.0
10,10,0.0,0.0,0.0,0.0,0.0,0.0,0.0,0.0,0.0,0.0,1.0,0.0
10,10,0.0,0.0,0.0,0.0,0.0,0.0,0.0,0.0,0.0,0.0,1.0,0.0
10,10,0.0,0.0,0.0,0.0,0.0,0.0,0.0,0.0,0.0,0.0,1.0,0.0
10,10,0.0,0.0,0.0,0.0,0.0,0.0,0.0,0.0,0.0,0.0,1.0,0.0
10,10,0.0,0.0,0.0,0.0,0.0,0.0,0.0,0.0,0.0,0.0,1.0,0.0
10,10,0.0,0.0,0.0,0.0,0.0,0.0,0.0,0.0,0.0,0.0,1.0,0.0
10,10,0.0,0.0,0.0,0.0,0.0,0.0,0.0,0.0,0.0,0.0,1.0,0.0
10,10,0.0,0.0,0.0,0.0,0.0,0.0,0.0,0.0,0.0,0.0,1.0,0.0
10,10,0.0,0.0,0.0,0.0,0.0,0.0,0.0,0.0,0.0,0.0,1.0,0.0
10,10,0.0,0.0,0.0,0.0,0.0,0.0,0.0,0.0,0.0,0.0,1.0,0.0
10,10,0.0,0.0,0.0,0.0,0.0,0.0,0.0,0.0,0.0,0.0,1.0,0.0
10,10,0.0,0.0,0.0,0.0,0.0,0.0,0.0,0.0,0.0,0.0,1.0,0.0
10,10,0.0,0.0,0.0,0.0,0.0,0.0,0.0,0.0,0.0,0.0,1.0,0.0
10,10,0.0,0.0,0.0,0.0,0.0,0.0,0.0,0.0,0.0,0.0,1.0,0.0
10,10,0.0,0.0,0.0,0.0,0.0,0.0,0.0,0.0,0.0,0.0,1.0,0.0
10,10,0.0,0.0,0.0,0.0,0.0,0.0,0.0,0.0,0.0,0.0,1.0,0.0
10,10,0.0,0.0,0.0,0.0,0.0,0.0,0.0,0.0,0.0,0.0,1.0,0.0
10,10,0.0,0.0,0.0,0.0,0.0,0.0,0.0,0.0,0.0,0.0,1.0,0.0
10,10,0.0,0.0,0.0,0.0,0.0,0.0,0.0,0.0,0.0,0.0,1.0,0.0
10,10,0.0,0.0,0.0,0.0,0.0,0.0,0.0,0.0,0.0,0.0,1.0,0.0
10,10,0.0,0.0,0.0,0.0,0.0,0.0,0.0,0.0,0.0,0.0,1.0,0.0
10,10,0.0,0.0,0.0,0.0,0.0,0.0,0.0,0.0,0.0,0.0,1.0,0.0
10,10,0.0,0.0,0.0,0.0,0.0,0.0,0.0,0.0,0.0,0.0,1.0,0.0
10,10,0.0,0.0,0.0,0.0,0.0,0.0,0.0,0.0,0.0,0.0,1.0,0.0
10,10,0.0,0.0,0.0,0.0,0.0,0.0,0.0,0.0,0.0,0.0,1.0,0.0
10,10,0.0,0.0,0.0,0.0,0.0,0.0,0.0,0.0,0.0,0.0,1.0,0.0
10,10,0.0,0.0,0.0,0.0,0.0,0.0,0.0,0.0,0.0,0.0,1.0,0.0
10,10,0.0,0.0,0.0,0.0,0.0,0.0,0.0,0.0,0.0,0.0,1.0,0.0
10,10,0.0,0.0,0.0,0.0,0.0,0.0,0.0,0.0,0.0,0.0,1.0,0.0
10,10,0.0,0.0,0.0,0.0,0.0,0.0,0.0,0.0,0.0,0.0,1.0,0.0
10,10,0.0,0.0,0.0,0.0,0.0,0.0,0.0,0.0,0.0,0.0,1.0,0.0
10,10,0.0,0.0,0.0,0.0,0.0,0.0,0.0,0.0,0.0,0.0,1.0,0.0
10,10,0.0,0.0,0.0,0.0,0.0,0.0,0.0,0.0,0.0,0.0,1.0,0.0
10,10,0.0,0.0,0.0,0.0,0.0,0.0,0.0,0.0,0.0,0.0,1.0,0.0
10,10,0.0,0.0,0.0,0.0,0.0,0.0,0.0,0.0,0.0,0.0,1.0,0.0
10,10,0.0,0.0,0.0,0.0,0.0,0.0,0.0,0.0,0.0,0.0,1.0,0.0
10,10,0.0,0.0,0.0,0.0,0.0,0.0,0.0,0.0,0.0,0.0,1.0,0.0
10,10,0.0,0.0,0.0,0.0,0.0,0.0,0.0,0.0,0.0,0.0,1.0,0.0
10,10,0.0,0.0,0.0,0.0,0.0,0.0,0.0,0.0,0.0,0.0,1.0,0.0
10,10,0.0,0.0,0.0,0.0,0.0,0.0,0.0,0.0,0.0,0.0,1.0,0.0
10,10,0.0,0.0,0.0,0.0,0.0,0.0,0.0,0.0,0.0,0.0,1.0,0.0
10,10,0.0,0.0,0.0,0.0,0.0,0.0,0.0,0.0,0.0,0.0,1.0,0.0
10,10,0.0,0.0,0.0,0.0,0.0,0.0,0.0,0.0,0.0,0.0,1.0,0.0
10,10,0.0,0.0,0.0,0.0,0.0,0.0,0.0,0.0,0.0,0.0,1.0,0.0
10,10,0.0,0.0,0.0,0.0,0.0,0.0,0.0,0.0,0.0,0.0,1.0,0.0
10,10,0.0,0.0,0.0,0.0,0.0,0.0,0.0,0.0,0.0,0.0,1.0,0.0
10,10,0.0,0.0,0.0,0.0,0.0,0.0,0.0,0.0,0.0,0.0,1.0,0.0
10,10,0.0,0.0,0.0,0.0,0.0,0.0,0.0,0.0,0.0,0.0,1.0,0.0
10,10,0.0,0.0,0.0,0.0,0.0,0.0,0.0,0.0,0.0,0.0,1.0,0.0
10,10,0.0,0.0,0.0,0.0,0.0,0.0,0.0,0.0,0.0,0.0,1.0,0.0
10,10,0.0,0.0,0.0,0.0,0.0,0.0,0.0,0.0,0.0,0.0,1.0,0.0
10,10,0.0,0.0,0.0,0.0,0.0,0.0,0.0,0.0,0.0,0.0,1.0,0.0
10,10,0.0,0.0,0.0,0.0,0.0,0.0,0.0,0.0,0.0,0.0,1.0,0.0
10,10,0.0,0.0,0.0,0.0,0.0,0.0,0.0,0.0,0.0,0.0,1.0,0.0
10,10,0.0,0.0,0.0,0.0,0.0,0.0,0.0,0.0,0.0,0.0,1.0,0.0
10,10,0.0,0.0,0.0,0.0,0.0,0.0,0.0,0.0,0.0,0.0,1.0,0.0
10,10,0.0,0.0,0.0,0.0,0.0,0.0,0.0,0.0,0.0,0.0,1.0,0.0
10,10,0.0,0.0,0.0,0.0,0.0,0.0,0.0,0.0,0.0,0.0,1.0,0.0
10,10,0.0,0.0,0.0,0.0,0.0,0.0,0.0,0.0,0.0,0.0,1.0,0.0
10,10,0.0,0.0,0.0,0.0,0.0,0.0,0.0,0.0,0.0,0.0,1.0,0.0
10,10,0.0,0.0,0.0,0.0,0.0,0.0,0.0,0.0,0.0,0.0,1.0,0.0
10,10,0.0,0.0,0.0,0.0,0.0,0.0,0.0,0.0,0.0,0.0,1.0,0.0
10,10,0.0,0.0,0.0,0.0,0.0,0.0,0.0,0.0,0.0,0.0,1.0,0.0
10,10,0.0,0.0,0.0,0.0,0.0,0.0,0.0,0.0,0.0,0.0,1.0,0.0
10,10,0.0,0.0,0.0,0.0,0.0,0.0,0.0,0.0,0.0,0.0,1.0,0.0
10,10,0.0,0.0,0.0,0.0,0.0,0.0,0.0,0.0,0.0,0.0,1.0,0.0
10,10,0.0,0.0,0.0,0.0,0.0,0.0,0.0,0.0,0.0,0.0,1.0,0.0
10,10,0.0,0.0,0.0,0.0,0.0,0.0,0.0,0.0,0.0,0.0,1.0,0.0
10,10,0.0,0.0,0.0,0.0,0.0,0.0,0.0,0.0,0.0,0.0,1.0,0.0
10,10,0.0,0.0,0.0,0.0,0.0,0.0,0.0,0.0,0.0,0.0,1.0,0.0
10,10,0.0,0.0,0.0,0.0,0.0,0.0,0.0,0.0,0.0,0.0,1.0,0.0
10,10,0.0,0.0,0.0,0.0,0.0,0.0,0.0,0.0,0.0,0.0,1.0,0.0
10,10,0.0,0.0,0.0,0.0,0.0,0.0,0.0,0.0,0.0,0.0,1.0,0.0
10,10,0.0,0.0,0.0,0.0,0.0,0.0,0.0,0.0,0.0,0.0,1.0,0.0
10,10,0.0,0.0,0.0,0.0,0.0,0.0,0.0,0.0,0.0,0.0,1.0,0.0
10,10,0.0,0.0,0.0,0.0,0.0,0.0,0.0,0.0,0.0,0.0,1.0,0.0
10,10,0.0,0.0,0.0,0.0,0.0,0.0,0.0,0.0,0.0,0.0,1.0,0.0
10,10,0.0,0.0,0.0,0.0,0.0,0.0,0.0,0.0,0.0,0.0,1.0,0.0
10,10,0.0,0.0,0.0,0.0,0.0,0.0,0.0,0.0,0.0,0.0,1.0,0.0
10,10,0.0,0.0,0.0,0.0,0.0,0.0,0.0,0.0,0.0,0.0,1.0,0.0
10,10,0.0,0.0,0.0,0.0,0.0,0.0,0.0,0.0,0.0,0.0,1.0,0.0
10,10,0.0,0.0,0.0,0.0,0.0,0.0,0.0,0.0,0.0,0.0,1.0,0.0
10,10,0.0,0.0,0.0,0.0,0.0,0.0,0.0,0.0,0.0,0.0,1.0,0.0
10,10,0.0,0.0,0.0,0.0,0.0,0.0,0.0,0.0,0.0,0.0,1.0,0.0
10,10,0.0,0.0,0.0,0.0,0.0,0.0,0.0,0.0,0.0,0.0,1.0,0.0
10,10,0.0,0.0,0.0,0.0,0.0,0.0,0.0,0.0,0.0,0.0,1.0,0.0
10,10,0.0,0.0,0.0,0.0,0.0,0.0,0.0,0.0,0.0,0.0,1.0,0.0
10,10,0.0,0.0,0.0,0.0,0.0,0.0,0.0,0.0,0.0,0.0,1.0,0.0
10,10,0.0,0.0,0.0,0.0,0.0,0.0,0.0,0.0,0.0,0.0,1.0,0.0
10,10,0.0,0.0,0.0,0.0,0.0,0.0,0.0,0.0,0.0,0.0,1.0,0.0
10,10,0.0,0.0,0.0,0.0,0.0,0.0,0.0,0.0,0.0,0.0,1.0,0.0
10,10,0.0,0.0,0.0,0.0,0.0,0.0,0.0,0.0,0.0,0.0,1.0,0.0
10,10,0.0,0.0,0.0,0.0,0.0,0.0,0.0,0.0,0.0,0.0,1.0,0.0
10,10,0.0,0.0,0.0,0.0,0.0,0.0,0.0,0.0,0.0,0.0,1.0,0.0
10,10,0.0,0.0,0.0,0.0,0.0,0.0,0.0,0.0,0.0,0.0,1.0,0.0
10,10,0.0,0.0,0.0,0.0,0.0,0.0,0.0,0.0,0.0,0.0,1.0,0.0
10,10,0.0,0.0,0.0,0.0,0.0,0.0,0.0,0.0,0.0,0.0,1.0,0.0
10,10,0.0,0.0,0.0,0.0,0.0,0.0,0.0,0.0,0.0,0.0,1.0,0.0
10,10,0.0,0.0,0.0,0.0,0.0,0.0,0.0,0.0,0.0,0.0,1.0,0.0
10,10,0.0,0.0,0.0,0.0,0.0,0.0,0.0,0.0,0.0,0.0,1.0,0.0
10,10,0.0,0.0,0.0,0.0,0.0,0.0,0.0,0.0,0.0,0.0,1.0,0.0
10,10,0.0,0.0,0.0,0.0,0.0,0.0,0.0,0.0,0.0,0.0,1.0,0.0
10,10,0.0,0.0,0.0,0.0,0.0,0.0,0.0,0.0,0.0,0.0,1.0,0.0
10,10,0.0,0.0,0.0,0.0,0.0,0.0,0.0,0.0,0.0,0.0,1.0,0.0
10,10,0.0,0.0,0.0,0.0,0.0,0.0,0.0,0.0,0.0,0.0,1.0,0.0
10,10,0.0,0.0,0.0,0.0,0.0,0.0,0.0,0.0,0.0,0.0,1.0,0.0
10,10,0.0,0.0,0.0,0.0,0.0,0.0,0.0,0.0,0.0,0.0,1.0,0.0
10,10,0.0,0.0,0.0,0.0,0.0,0.0,0.0,0.0,0.0,0.0,1.0,0.0
10,10,0.0,0.0,0.0,0.0,0.0,0.0,0.0,0.0,0.0,0.0,1.0,0.0
10,10,0.0,0.0,0.0,0.0,0.0,0.0,0.0,0.0,0.0,0.0,1.0,0.0
10,10,0.0,0.0,0.0,0.0,0.0,0.0,0.0,0.0,0.0,0.0,1.0,0.0
10,10,0.0,0.0,0.0,0.0,0.0,0.0,0.0,0.0,0.0,0.0,1.0,0.0
10,10,0.0,0.0,0.0,0.0,0.0,0.0,0.0,0.0,0.0,0.0,1.0,0.0
10,10,0.0,0.0,0.0,0.0,0.0,0.0,0.0,0.0,0.0,0.0,1.0,0.0
10,10,0.0,0.0,0.0,0.0,0.0,0.0,0.0,0.0,0.0,0.0,1.0,0.0
10,10,0.0,0.0,0.0,0.0,0.0,0.0,0.0,0.0,0.0,0.0,1.0,0.0
10,10,0.0,0.0,0.0,0.0,0.0,0.0,0.0,0.0,0.0,0.0,1.0,0.0
10,10,0.0,0.0,0.0,0.0,0.0,0.0,0.0,0.0,0.0,0.0,1.0,0.0
10,10,0.0,0.0,0.0,0.0,0.0,0.0,0.0,0.0,0.0,0.0,1.0,0.0
10,10,0.0,0.0,0.0,0.0,0.0,0.0,0.0,0.0,0.0,0.0,1.0,0.0
10,10,0.0,0.0,0.0,0.0,0.0,0.0,0.0,0.0,0.0,0.0,1.0,0.0
10,10,0.0,0.0,0.0,0.0,0.0,0.0,0.0,0.0,0.0,0.0,1.0,0.0
10,10,0.0,0.0,0.0,0.0,0.0,0.0,0.0,0.0,0.0,0.0,1.0,0.0
10,10,0.0,0.0,0.0,0.0,0.0,0.0,0.0,0.0,0.0,0.0,1.0,0.0
10,10,0.0,0.0,0.0,0.0,0.0,0.0,0.0,0.0,0.0,0.0,1.0,0.0
10,10,0.0,0.0,0.0,0.0,0.0,0.0,0.0,0.0,0.0,0.0,1.0,0.0
10,10,0.0,0.0,0.0,0.0,0.0,0.0,0.0,0.0,0.0,0.0,1.0,0.0
10,10,0.0,0.0,0.0,0.0,0.0,0.0,0.0,0.0,0.0,0.0,1.0,0.0
10,10,0.0,0.0,0.0,0.0,0.0,0.0,0.0,0.0,0.0,0.0,1.0,0.0
10,10,0.0,0.0,0.0,0.0,0.0,0.0,0.0,0.0,0.0,0.0,1.0,0.0
10,10,0.0,0.0,0.0,0.0,0.0,0.0,0.0,0.0,0.0,0.0,1.0,0.0
10,10,0.0,0.0,0.0,0.0,0.0,0.0,0.0,0.0,0.0,0.0,1.0,0.0
10,10,0.0,0.0,0.0,0.0,0.0,0.0,0.0,0.0,0.0,0.0,1.0,0.0
10,10,0.0,0.0,0.0,0.0,0.0,0.0,0.0,0.0,0.0,0.0,1.0,0.0
10,10,0.0,0.0,0.0,0.0,0.0,0.0,0.0,0.0,0.0,0.0,1.0,0.0
10,10,0.0,0.0,0.0,0.0,0.0,0.0,0.0,0.0,0.0,0.0,1.0,0.0
10,10,0.0,0.0,0.0,0.0,0.0,0.0,0.0,0.0,0.0,0.0,1.0,0.0
10,10,0.0,0.0,0.0,0.0,0.0,0.0,0.0,0.0,0.0,0.0,1.0,0.0
10,10,0.0,0.0,0.0,0.0,0.0,0.0,0.0,0.0,0.0,0.0,1.0,0.0
10,10,0.0,0.0,0.0,0.0,0.0,0.0,0.0,0.0,0.0,0.0,1.0,0.0
10,10,0.0,0.0,0.0,0.0,0.0,0.0,0.0,0.0,0.0,0.0,1.0,0.0
10,10,0.0,0.0,0.0,0.0,0.0,0.0,0.0,0.0,0.0,0.0,1.0,0.0
10,10,0.0,0.0,0.0,0.0,0.0,0.0,0.0,0.0,0.0,0.0,1.0,0.0
10,10,0.0,0.0,0.0,0.0,0.0,0.0,0.0,0.0,0.0,0.0,1.0,0.0
10,10,0.0,0.0,0.0,0.0,0.0,0.0,0.0,0.0,0.0,0.0,1.0,0.0
10,10,0.0,0.0,0.0,0.0,0.0,0.0,0.0,0.0,0.0,0.0,1.0,0.0
10,10,0.0,0.0,0.0,0.0,0.0,0.0,0.0,0.0,0.0,0.0,1.0,0.0
10,10,0.0,0.0,0.0,0.0,0.0,0.0,0.0,0.0,0.0,0.0,1.0,0.0
10,10,0.0,0.0,0.0,0.0,0.0,0.0,0.0,0.0,0.0,0.0,1.0,0.0
10,10,0.0,0.0,0.0,0.0,0.0,0.0,0.0,0.0,0.0,0.0,1.0,0.0
10,10,0.0,0.0,0.0,0.0,0.0,0.0,0.0,0.0,0.0,0.0,1.0,0.0
10,10,0.0,0.0,0.0,0.0,0.0,0.0,0.0,0.0,0.0,0.0,1.0,0.0
10,10,0.0,0.0,0.0,0.0,0.0,0.0,0.0,0.0,0.0,0.0,1.0,0.0
10,10,0.0,0.0,0.0,0.0,0.0,0.0,0.0,0.0,0.0,0.0,1.0,0.0
10,10,0.0,0.0,0.0,0.0,0.0,0.0,0.0,0.0,0.0,0.0,1.0,0.0
10,10,0.0,0.0,0.0,0.0,0.0,0.0,0.0,0.0,0.0,0.0,1.0,0.0
10,10,0.0,0.0,0.0,0.0,0.0,0.0,0.0,0.0,0.0,0.0,1.0,0.0
10,10,0.0,0.0,0.0,0.0,0.0,0.0,0.0,0.0,0.0,0.0,1.0,0.0
10,10,0.0,0.0,0.0,0.0,0.0,0.0,0.0,0.0,0.0,0.0,1.0,0.0
10,10,0.0,0.0,0.0,0.0,0.0,0.0,0.0,0.0,0.0,0.0,1.0,0.0
10,10,0.0,0.0,0.0,0.0,0.0,0.0,0.0,0.0,0.0,0.0,1.0,0.0
10,10,0.0,0.0,0.0,0.0,0.0,0.0,0.0,0.0,0.0,0.0,1.0,0.0
10,10,0.0,0.0,0.0,0.0,0.0,0.0,0.0,0.0,0.0,0.0,1.0,0.0
10,10,0.0,0.0,0.0,0.0,0.0,0.0,0.0,0.0,0.0,0.0,1.0,0.0
10,10,0.0,0.0,0.0,0.0,0.0,0.0,0.0,0.0,0.0,0.0,1.0,0.0
10,10,0.0,0.0,0.0,0.0,0.0,0.0,0.0,0.0,0.0,0.0,1.0,0.0
10,10,0.0,0.0,0.0,0.0,0.0,0.0,0.0,0.0,0.0,0.0,1.0,0.0
10,10,0.0,0.0,0.0,0.0,0.0,0.0,0.0,0.0,0.0,0.0,1.0,0.0
10,10,0.0,0.0,0.0,0.0,0.0,0.0,0.0,0.0,0.0,0.0,1.0,0.0
10,10,0.0,0.0,0.0,0.0,0.0,0.0,0.0,0.0,0.0,0.0,1.0,0.0
10,10,0.0,0.0,0.0,0.0,0.0,0.0,0.0,0.0,0.0,0.0,1.0,0.0
10,10,0.0,0.0,0.0,0.0,0.0,0.0,0.0,0.0,0.0,0.0,1.0,0.0
10,10,0.0,0.0,0.0,0.0,0.0,0.0,0.0,0.0,0.0,0.0,1.0,0.0
10,10,0.0,0.0,0.0,0.0,0.0,0.0,0.0,0.0,0.0,0.0,1.0,0.0
10,10,0.0,0.0,0.0,0.0,0.0,0.0,0.0,0.0,0.0,0.0,1.0,0.0
10,10,0.0,0.0,0.0,0.0,0.0,0.0,0.0,0.0,0.0,0.0,1.0,0.0
10,10,0.0,0.0,0.0,0.0,0.0,0.0,0.0,0.0,0.0,0.0,1.0,0.0
10,10,0.0,0.0,0.0,0.0,0.0,0.0,0.0,0.0,0.0,0.0,1.0,0.0
10,10,0.0,0.0,0.0,0.0,0.0,0.0,0.0,0.0,0.0,0.0,1.0,0.0
10,10,0.0,0.0,0.0,0.0,0.0,0.0,0.0,0.0,0.0,0.0,1.0,0.0
10,10,0.0,0.0,0.0,0.0,0.0,0.0,0.0,0.0,0.0,0.0,1.0,0.0
10,10,0.0,0.0,0.0,0.0,0.0,0.0,0.0,0.0,0.0,0.0,1.0,0.0
10,10,0.0,0.0,0.0,0.0,0.0,0.0,0.0,0.0,0.0,0.0,1.0,0.0
10,10,0.0,0.0,0.0,0.0,0.0,0.0,0.0,0.0,0.0,0.0,1.0,0.0
10,10,0.0,0.0,0.0,0.0,0.0,0.0,0.0,0.0,0.0,0.0,1.0,0.0
10,10,0.0,0.0,0.0,0.0,0.0,0.0,0.0,0.0,0.0,0.0,1.0,0.0
10,10,0.0,0.0,0.0,0.0,0.0,0.0,0.0,0.0,0.0,0.0,1.0,0.0
10,10,0.0,0.0,0.0,0.0,0.0,0.0,0.0,0.0,0.0,0.0,1.0,0.0
10,10,0.0,0.0,0.0,0.0,0.0,0.0,0.0,0.0,0.0,0.0,1.0,0.0
10,10,0.0,0.0,0.0,0.0,0.0,0.0,0.0,0.0,0.0,0.0,1.0,0.0
10,10,0.0,0.0,0.0,0.0,0.0,0.0,0.0,0.0,0.0,0.0,1.0,0.0
10,10,0.0,0.0,0.0,0.0,0.0,0.0,0.0,0.0,0.0,0.0,1.0,0.0
10,10,0.0,0.0,0.0,0.0,0.0,0.0,0.0,0.0,0.0,0.0,1.0,0.0
10,10,0.0,0.0,0.0,0.0,0.0,0.0,0.0,0.0,0.0,0.0,1.0,0.0
10,10,0.0,0.0,0.0,0.0,0.0,0.0,0.0,0.0,0.0,0.0,1.0,0.0
10,10,0.0,0.0,0.0,0.0,0.0,0.0,0.0,0.0,0.0,0.0,1.0,0.0
10,10,0.0,0.0,0.0,0.0,0.0,0.0,0.0,0.0,0.0,0.0,1.0,0.0
10,10,0.0,0.0,0.0,0.0,0.0,0.0,0.0,0.0,0.0,0.0,1.0,0.0
10,10,0.0,0.0,0.0,0.0,0.0,0.0,0.0,0.0,0.0,0.0,1.0,0.0
10,10,0.0,0.0,0.0,0.0,0.0,0.0,0.0,0.0,0.0,0.0,1.0,0.0
10,10,0.0,0.0,0.0,0.0,0.0,0.0,0.0,0.0,0.0,0.0,1.0,0.0
10,10,0.0,0.0,0.0,0.0,0.0,0.0,0.0,0.0,0.0,0.0,1.0,0.0
10,10,0.0,0.0,0.0,0.0,0.0,0.0,0.0,0.0,0.0,0.0,1.0,0.0
10,10,0.0,0.0,0.0,0.0,0.0,0.0,0.0,0.0,0.0,0.0,1.0,0.0
10,10,0.0,0.0,0.0,0.0,0.0,0.0,0.0,0.0,0.0,0.0,1.0,0.0
10,10,0.0,0.0,0.0,0.0,0.0,0.0,0.0,0.0,0.0,0.0,1.0,0.0
10,10,0.0,0.0,0.0,0.0,0.0,0.0,0.0,0.0,0.0,0.0,1.0,0.0
10,10,0.0,0.0,0.0,0.0,0.0,0.0,0.0,0.0,0.0,0.0,1.0,0.0
10,10,0.0,0.0,0.0,0.0,0.0,0.0,0.0,0.0,0.0,0.0,1.0,0.0
10,10,0.0,0.0,0.0,0.0,0.0,0.0,0.0,0.0,0.0,0.0,1.0,0.0
10,10,0.0,0.0,0.0,0.0,0.0,0.0,0.0,0.0,0.0,0.0,1.0,0.0
10,10,0.0,0.0,0.0,0.0,0.0,0.0,0.0,0.0,0.0,0.0,1.0,0.0
10,10,0.0,0.0,0.0,0.0,0.0,0.0,0.0,0.0,0.0,0.0,1.0,0.0
10,10,0.0,0.0,0.0,0.0,0.0,0.0,0.0,0.0,0.0,0.0,1.0,0.0
10,10,0.0,0.0,0.0,0.0,0.0,0.0,0.0,0.0,0.0,0.0,1.0,0.0
10,10,0.0,0.0,0.0,0.0,0.0,0.0,0.0,0.0,0.0,0.0,1.0,0.0
10,10,0.0,0.0,0.0,0.0,0.0,0.0,0.0,0.0,0.0,0.0,1.0,0.0
10,10,0.0,0.0,0.0,0.0,0.0,0.0,0.0,0.0,0.0,0.0,1.0,0.0
10,10,0.0,0.0,0.0,0.0,0.0,0.0,0.0,0.0,0.0,0.0,1.0,0.0
10,10,0.0,0.0,0.0,0.0,0.0,0.0,0.0,0.0,0.0,0.0,1.0,0.0
10,10,0.0,0.0,0.0,0.0,0.0,0.0,0.0,0.0,0.0,0.0,1.0,0.0
10,10,0.0,0.0,0.0,0.0,0.0,0.0,0.0,0.0,0.0,0.0,1.0,0.0
10,10,0.0,0.0,0.0,0.0,0.0,0.0,0.0,0.0,0.0,0.0,1.0,0.0
10,10,0.0,0.0,0.0,0.0,0.0,0.0,0.0,0.0,0.0,0.0,1.0,0.0
10,10,0.0,0.0,0.0,0.0,0.0,0.0,0.0,0.0,0.0,0.0,1.0,0.0
10,10,0.0,0.0,0.0,0.0,0.0,0.0,0.0,0.0,0.0,0.0,1.0,0.0
10,10,0.0,0.0,0.0,0.0,0.0,0.0,0.0,0.0,0.0,0.0,1.0,0.0
10,10,0.0,0.0,0.0,0.0,0.0,0.0,0.0,0.0,0.0,0.0,1.0,0.0
10,10,0.0,0.0,0.0,0.0,0.0,0.0,0.0,0.0,0.0,0.0,1.0,0.0
10,10,0.0,0.0,0.0,0.0,0.0,0.0,0.0,0.0,0.0,0.0,1.0,0.0
10,10,0.0,0.0,0.0,0.0,0.0,0.0,0.0,0.0,0.0,0.0,1.0,0.0
10,10,0.0,0.0,0.0,0.0,0.0,0.0,0.0,0.0,0.0,0.0,1.0,0.0
10,10,0.0,0.0,0.0,0.0,0.0,0.0,0.0,0.0,0.0,0.0,1.0,0.0
10,10,0.0,0.0,0.0,0.0,0.0,0.0,0.0,0.0,0.0,0.0,1.0,0.0
10,10,0.0,0.0,0.0,0.0,0.0,0.0,0.0,0.0,0.0,0.0,1.0,0.0
10,10,0.0,0.0,0.0,0.0,0.0,0.0,0.0,0.0,0.0,0.0,1.0,0.0
10,10,0.0,0.0,0.0,0.0,0.0,0.0,0.0,0.0,0.0,0.0,1.0,0.0
10,10,0.0,0.0,0.0,0.0,0.0,0.0,0.0,0.0,0.0,0.0,1.0,0.0
10,10,0.0,0.0,0.0,0.0,0.0,0.0,0.0,0.0,0.0,0.0,1.0,0.0
10,10,0.0,0.0,0.0,0.0,0.0,0.0,0.0,0.0,0.0,0.0,1.0,0.0
10,10,0.0,0.0,0.0,0.0,0.0,0.0,0.0,0.0,0.0,0.0,1.0,0.0
10,10,0.0,0.0,0.0,0.0,0.0,0.0,0.0,0.0,0.0,0.0,1.0,0.0
10,10,0.0,0.0,0.0,0.0,0.0,0.0,0.0,0.0,0.0,0.0,1.0,0.0
10,10,0.0,0.0,0.0,0.0,0.0,0.0,0.0,0.0,0.0,0.0,1.0,0.0
10,10,0.0,0.0,0.0,0.0,0.0,0.0,0.0,0.0,0.0,0.0,1.0,0.0
10,10,0.0,0.0,0.0,0.0,0.0,0.0,0.0,0.0,0.0,0.0,1.0,0.0
10,10,0.0,0.0,0.0,0.0,0.0,0.0,0.0,0.0,0.0,0.0,1.0,0.0
10,10,0.0,0.0,0.0,0.0,0.0,0.0,0.0,0.0,0.0,0.0,1.0,0.0
10,10,0.0,0.0,0.0,0.0,0.0,0.0,0.0,0.0,0.0,0.0,1.0,0.0
10,10,0.0,0.0,0.0,0.0,0.0,0.0,0.0,0.0,0.0,0.0,1.0,0.0
10,10,0.0,0.0,0.0,0.0,0.0,0.0,0.0,0.0,0.0,0.0,1.0,0.0
10,10,0.0,0.0,0.0,0.0,0.0,0.0,0.0,0.0,0.0,0.0,1.0,0.0
10,10,0.0,0.0,0.0,0.0,0.0,0.0,0.0,0.0,0.0,0.0,1.0,0.0
10,10,0.0,0.0,0.0,0.0,0.0,0.0,0.0,0.0,0.0,0.0,1.0,0.0
10,10,0.0,0.0,0.0,0.0,0.0,0.0,0.0,0.0,0.0,0.0,1.0,0.0
10,10,0.0,0.0,0.0,0.0,0.0,0.0,0.0,0.0,0.0,0.0,1.0,0.0
10,10,0.0,0.0,0.0,0.0,0.0,0.0,0.0,0.0,0.0,0.0,1.0,0.0
10,10,0.0,0.0,0.0,0.0,0.0,0.0,0.0,0.0,0.0,0.0,1.0,0.0
10,10,0.0,0.0,0.0,0.0,0.0,0.0,0.0,0.0,0.0,0.0,1.0,0.0
10,10,0.0,0.0,0.0,0.0,0.0,0.0,0.0,0.0,0.0,0.0,1.0,0.0
10,10,0.0,0.0,0.0,0.0,0.0,0.0,0.0,0.0,0.0,0.0,1.0,0.0
10,10,0.0,0.0,0.0,0.0,0.0,0.0,0.0,0.0,0.0,0.0,1.0,0.0
10,10,0.0,0.0,0.0,0.0,0.0,0.0,0.0,0.0,0.0,0.0,1.0,0.0
10,10,0.0,0.0,0.0,0.0,0.0,0.0,0.0,0.0,0.0,0.0,1.0,0.0
10,10,0.0,0.0,0.0,0.0,0.0,0.0,0.0,0.0,0.0,0.0,1.0,0.0
10,10,0.0,0.0,0.0,0.0,0.0,0.0,0.0,0.0,0.0,0.0,1.0,0.0
10,10,0.0,0.0,0.0,0.0,0.0,0.0,0.0,0.0,0.0,0.0,1.0,0.0
10,10,0.0,0.0,0.0,0.0,0.0,0.0,0.0,0.0,0.0,0.0,1.0,0.0
10,10,0.0,0.0,0.0,0.0,0.0,0.0,0.0,0.0,0.0,0.0,1.0,0.0
10,10,0.0,0.0,0.0,0.0,0.0,0.0,0.0,0.0,0.0,0.0,1.0,0.0
10,10,0.0,0.0,0.0,0.0,0.0,0.0,0.0,0.0,0.0,0.0,1.0,0.0
10,10,0.0,0.0,0.0,0.0,0.0,0.0,0.0,0.0,0.0,0.0,1.0,0.0
10,10,0.0,0.0,0.0,0.0,0.0,0.0,0.0,0.0,0.0,0.0,1.0,0.0
10,10,0.0,0.0,0.0,0.0,0.0,0.0,0.0,0.0,0.0,0.0,1.0,0.0
10,10,0.0,0.0,0.0,0.0,0.0,0.0,0.0,0.0,0.0,0.0,1.0,0.0
10,10,0.0,0.0,0.0,0.0,0.0,0.0,0.0,0.0,0.0,0.0,1.0,0.0
10,10,0.0,0.0,0.0,0.0,0.0,0.0,0.0,0.0,0.0,0.0,1.0,0.0
10,10,0.0,0.0,0.0,0.0,0.0,0.0,0.0,0.0,0.0,0.0,1.0,0.0
10,10,0.0,0.0,0.0,0.0,0.0,0.0,0.0,0.0,0.0,0.0,1.0,0.0
10,10,0.0,0.0,0.0,0.0,0.0,0.0,0.0,0.0,0.0,0.0,1.0,0.0
10,10,0.0,0.0,0.0,0.0,0.0,0.0,0.0,0.0,0.0,0.0,1.0,0.0
10,10,0.0,0.0,0.0,0.0,0.0,0.0,0.0,0.0,0.0,0.0,1.0,0.0
10,10,0.0,0.0,0.0,0.0,0.0,0.0,0.0,0.0,0.0,0.0,1.0,0.0
10,10,0.0,0.0,0.0,0.0,0.0,0.0,0.0,0.0,0.0,0.0,1.0,0.0
10,10,0.0,0.0,0.0,0.0,0.0,0.0,0.0,0.0,0.0,0.0,1.0,0.0
10,10,0.0,0.0,0.0,0.0,0.0,0.0,0.0,0.0,0.0,0.0,1.0,0.0
10,10,0.0,0.0,0.0,0.0,0.0,0.0,0.0,0.0,0.0,0.0,1.0,0.0
10,10,0.0,0.0,0.0,0.0,0.0,0.0,0.0,0.0,0.0,0.0,1.0,0.0
10,10,0.0,0.0,0.0,0.0,0.0,0.0,0.0,0.0,0.0,0.0,1.0,0.0
10,10,0.0,0.0,0.0,0.0,0.0,0.0,0.0,0.0,0.0,0.0,1.0,0.0
10,10,0.0,0.0,0.0,0.0,0.0,0.0,0.0,0.0,0.0,0.0,1.0,0.0
10,10,0.08043031,0.0,0.0,0.0,0.0,0.0,0.0,0.0,0.0,0.0,0.9195697,0.0
10,10,0.08043031,0.0,0.0,0.0,0.0,0.0,0.0,0.0,0.0,0.0,0.9195697,0.0
10,10,0.08043031,0.0,0.0,0.0,0.0,0.0,0.0,0.0,0.0,0.0,0.9195697,0.0
10,10,0.08043031,0.0,0.0,0.0,0.0,0.0,0.0,0.0,0.0,0.0,0.9195697,0.0
10,10,0.08043031,0.0,0.0,0.0,0.0,0.0,0.0,0.0,0.0,0.0,0.9195697,0.0
10,10,0.08043031,0.0,0.0,0.0,0.0,0.0,0.0,0.0,0.0,0.0,0.9195697,0.0
10,10,0.08043031,0.0,0.0,0.0,0.0,0.0,0.0,0.0,0.0,0.0,0.9195697,0.0
10,10,0.08043031,0.0,0.0,0.0,0.0,0.0,0.0,0.0,0.0,0.0,0.9195697,0.0
10,10,0.08043031,0.0,0.0,0.0,0.0,0.0,0.0,0.0,0.0,0.0,0.9195697,0.0
10,10,0.08043031,0.0,0.0,0.0,0.0,0.0,0.0,0.0,0.0,0.0,0.9195697,0.0
10,10,0.08043031,0.0,0.0,0.0,0.0,0.0,0.0,0.0,0.0,0.0,0.9195697,0.0
10,10,0.08043031,0.0,0.0,0.0,0.0,0.0,0.0,0.0,0.0,0.0,0.9195697,0.0
10,10,0.08043031,0.0,0.0,0.0,0.0,0.0,0.0,0.0,0.0,0.0,0.9195697,0.0
10,10,0.08043031,0.0,0.0,0.0,0.0,0.0,0.0,0.0,0.0,0.0,0.9195697,0.0
10,10,0.08043031,0.0,0.0,0.0,0.0,0.0,0.0,0.0,0.0,0.0,0.9195697,0.0
10,10,0.08043031,0.0,0.0,0.0,0.0,0.0,0.0,0.0,0.0,0.0,0.9195697,0.0
10,10,0.08043031,0.0,0.0,0.052233096,0.0,0.0,0.0,0.0,0.0,0.0,0.86733663,0.0
10,10,0.08043031,0.0,0.0,0.076357014,0.0,0.0,0.0,0.0,0.0,0.0,0.8432127,0.0
10,10,0.08043031,0.0,0.0,0.076357014,0.0,0.0,0.0,0.0,0.0,0.0,0.8432127,0.0
10,10,0.08043031,0.0,0.0,0.10799498,0.0,0.0,0.0,0.0,0.0,0.0,0.81157476,0.0
10,10,0.08043031,0.0,0.0,0.10799498,0.0,0.0,0.0,0.0,0.0,0.0,0.81157476,0.0
10,10,0.08043031,0.0,0.0,0.10799498,0.0,0.0,0.0,0.0,0.0,0.0,0.81157476,0.0
10,10,0.08043031,0.0,0.0,0.10799498,0.0,0.0,0.0,0.0,0.0,0.0,0.81157476,0.0
10,10,0.08043031,0.0,0.0,0.10799498,0.0,0.0,0.0,0.0,0.0,0.0,0.81157476,0.0
10,10,0.08043031,0.0,0.0,0.10799498,0.0,0.0,0.0,0.0,0.0,0.0,0.81157476,0.0
10,10,0.08043031,0.0,0.0,0.10799498,0.0,0.0,0.0,0.0,0.0,0.0,0.81157476,0.0
10,10,0.08043031,0.0,0.0,0.10799498,0.0,0.0,0.0,0.0,0.0,0.0,0.81157476,0.0
10,10,0.0804303,0.0,0.0,0.171011,0.0,0.0,0.0,0.0,0.0,0.0,0.7485587,0.0
10,10,0.0804303,0.0,0.0,0.171011,0.0,0.0,0.0,0.0,0.0,0.0,0.7485587,0.0
10,10,0.0804303,0.0,0.0,0.171011,0.0,0.0,0.0,0.0,0.0,0.0,0.7485587,0.0
10,10,0.0804303,0.0,0.0,0.171011,0.0,0.0,0.0,0.0,0.0,0.0,0.7485587,0.0
10,10,0.0804303,0.0,0.0,0.171011,0.0,0.0,0.0,0.0,0.0,0.0,0.7485587,0.0
10,10,0.0804303,0.0,0.0,0.171011,0.0,0.0,0.0,0.0,0.0,0.0,0.7485587,0.0
10,10,0.0804303,0.0,0.0,0.171011,0.0,0.0,0.0,0.0,0.0,0.0,0.7485587,0.0
10,10,0.0804303,0.0,0.0,0.171011,0.0,0.0,0.0,0.0,0.0,0.0,0.7485587,0.0
10,10,0.0804303,0.0,0.0,0.171011,0.0,0.0,0.0,0.0,0.0,0.0,0.7485587,0.0
10,10,0.0804303,0.0,0.0,0.171011,0.0,0.0,0.0,0.0,0.0,0.0,0.7485587,0.0
10,10,0.0804303,0.0,0.0,0.171011,0.0,0.0,0.0,0.0,0.0,0.0,0.7485587,0.0
10,10,0.0804303,0.0,0.0,0.171011,0.0,0.0,0.0,0.0,0.0,0.0,0.7485587,0.0
10,10,0.0804303,0.0,0.0,0.171011,0.0,0.0,0.0,0.0,0.0,0.0,0.7485587,0.0
10,10,0.0804303,0.0,0.0,0.171011,0.0,0.0,0.0,0.0,0.0,0.0,0.7485587,0.0
10,10,0.0804303,0.0,0.0,0.171011,0.0,0.0,0.0,0.0,0.0,0.0,0.7485587,0.0
10,10,0.0804303,0.0,0.0,0.171011,0.0,0.0,0.0,0.0,0.0,0.0,0.7485587,0.0
10,10,0.08043031,0.0,0.0,0.30859596,0.0,0.0,0.0,0.0,0.0,0.02750023,0.58347356,0.0
10,10,0.08043031,0.0,0.0,0.30859596,0.0,0.0,0.0,0.0,0.0,0.02750023,0.58347356,0.0
10,10,0.08043031,0.0,0.0,0.35786596,0.0,0.0,0.0,0.0,0.0,0.02750023,0.5342035,0.0
10,10,0.08043031,0.0,0.0,0.35786596,0.0,0.0,0.0,0.0,0.0,0.02750023,0.5342035,0.0
10,3,0.08043031,0.0,0.0,0.5473478,0.0,0.0,0.0,0.0,0.0,0.02750023,0.3447217,0.0
10,3,0.08043031,0.0,0.0,0.5473478,0.0,0.0,0.0,0.0,0.0,0.02750023,0.3447217,0.0
10,3,0.08043031,0.0,0.0,0.5473478,0.0,0.0,0.0,0.0,0.0,0.02750023,0.3447217,0.0
10,3,0.08043031,0.0,0.0,0.5473478,0.0,0.0,0.0,0.0,0.0,0.02750023,0.3447217,0.0
10,3,0.08043031,0.0,0.0,0.56101984,0.0,0.0,0.0,0.0,0.0,0.02750023,0.33104965,0.0
10,3,0.08043031,0.0,0.0,0.56101984,0.0,0.0,0.0,0.0,0.0,0.02750023,0.33104965,0.0
10,3,0.08043031,0.0,0.0,0.56101984,0.0,0.0,0.0,0.0,0.0,0.02750023,0.33104965,0.0
10,3,0.08043031,0.0,0.0,0.56101984,0.0,0.0,0.0,0.0,0.0,0.02750023,0.33104965,0.0
10,3,0.08043031,0.0,0.0,0.56101984,0.0,0.0,0.0,0.0,0.0,0.02750023,0.33104965,0.0
10,3,0.08043031,0.0,0.0,0.56101984,0.0,0.0,0.0,0.0,0.0,0.02750023,0.33104965,0.0
10,3,0.08043031,0.0,0.0,0.66136456,0.0,0.0,0.0,0.0,0.0,0.02750023,0.23070492,0.0
10,3,0.08043031,0.0,0.0,0.66136456,0.0,0.0,0.0,0.0,0.0,0.02750023,0.23070492,0.0
10,3,0.08043031,0.0,0.0,0.66136456,0.0,0.0,0.0,0.0,0.0,0.02750023,0.23070492,0.0
10,3,0.08043031,0.0,0.0,0.66136456,0.0,0.0,0.0,0.0,0.0,0.02750023,0.23070492,0.0
10,3,0.08043031,0.0,0.0,0.66136456,0.0,0.0,0.0,0.0,0.0,0.02750023,0.23070492,0.0
10,3,0.08043031,0.0,0.0,0.66136456,0.0,0.0,0.0,0.0,0.0,0.02750023,0.23070492,0.0
10,3,0.08043031,0.0,0.0,0.66136456,0.0,0.0,0.0,0.0,0.0,0.02750023,0.23070492,0.0
10,3,0.08043031,0.0,0.0,0.66136456,0.0,0.0,0.0,0.0,0.0,0.02750023,0.23070492,0.0
10,3,0.08043031,0.0,0.0,0.66136456,0.0,0.0,0.0,0.0,0.0,0.02750023,0.23070492,0.0
10,3,0.08043031,0.0,0.0,0.66136456,0.0,0.0,0.0,0.0,0.0,0.02750023,0.23070492,0.0
10,3,0.08043031,0.0,0.0,0.66136456,0.0,0.0,0.0,0.0,0.0,0.02750023,0.23070492,0.0
10,3,0.08043031,0.0,0.0,0.66136456,0.0,0.0,0.0,0.0,0.0,0.02750023,0.23070492,0.0
10,3,0.08043031,0.0,0.0,0.66136456,0.0,0.0,0.0,0.0,0.0,0.02750023,0.23070492,0.0
10,3,0.08043031,0.0,0.0,0.66136456,0.0,0.0,0.0,0.0,0.0,0.02750023,0.23070492,0.0
10,3,0.08043031,0.0,0.0,0.66136456,0.0,0.0,0.0,0.0,0.0,0.02750023,0.23070492,0.0
10,3,0.08043031,0.0,0.0,0.66136456,0.0,0.0,0.0,0.0,0.0,0.02750023,0.23070492,0.0
10,3,0.08043031,0.0,0.0,0.66136456,0.0,0.0,0.0,0.0,0.0,0.02750023,0.23070492,0.0
10,3,0.08043031,0.0,0.0,0.66136456,0.0,0.0,0.0,0.0,0.0,0.02750023,0.23070492,0.0
10,3,0.0804303,0.039978858,0.0,0.7659525,0.0,0.0,0.0,0.0,0.0,0.027500229,0.08613804,0.0
10,3,0.0804303,0.039978858,0.0,0.7659525,0.0,0.0,0.0,0.0,0.0,0.027500229,0.08613804,0.0
10,3,0.0804303,0.039978858,0.0,0.7659525,0.0,0.0,0.0,0.0,0.0,0.027500229,0.08613804,0.0
10,3,0.0804303,0.039978858,0.0,0.7659525,0.0,0.0,0.0,0.0,0.0,0.027500229,0.08613804,0.0
10,3,0.0804303,0.039978858,0.0,0.7659525,0.0,0.0,0.0,0.0,0.0,0.027500229,0.08613804,0.0
10,3,0.0804303,0.039978858,0.0,0.7659525,0.0,0.0,0.0,0.0,0.0,0.027500229,0.08613804,0.0
10,3,0.0804303,0.039978858,0.0,0.7659525,0.0,0.0,0.0,0.0,0.0,0.027500229,0.08613804,0.0
10,3,0.0804303,0.039978858,0.0,0.7659525,0.0,0.0,0.0,0.0,0.0,0.027500229,0.08613804,0.0
10,3,0.0804303,0.039978858,0.0,0.7659525,0.0,0.0,0.0,0.0,0.0,0.027500229,0.08613804,0.0
10,3,0.0804303,0.039978858,0.0,0.7659525,0.0,0.0,0.0,0.0,0.0,0.027500229,0.08613804,0.0
10,3,0.0804303,0.039978858,0.0,0.7659525,0.0,0.0,0.0,0.0,0.0,0.027500229,0.08613804,0.0
10,3,0.0804303,0.039978858,0.0,0.7659525,0.0,0.0,0.0,0.0,0.0,0.027500229,0.08613804,0.0
10,3,0.0804303,0.039978858,0.0,0.7659525,0.0,0.0,0.0,0.0,0.0,0.027500229,0.08613804,0.0
10,3,0.0804303,0.039978858,0.0,0.7659525,0.0,0.0,0.0,0.0,0.0,0.027500229,0.08613804,0.0
10,3,0.0804303,0.039978858,0.0,0.7659525,0.0,0.0,0.0,0.0,0.0,0.027500229,0.08613804,0.0
10,3,0.0804303,0.039978858,0.0,0.7659525,0.0,0.0,0.0,0.0,0.0,0.027500229,0.08613804,0.0
10,3,0.0804303,0.039978858,0.0,0.7659525,0.0,0.0,0.0,0.0,0.0,0.027500229,0.08613804,0.0
10,3,0.0804303,0.039978858,0.0,0.7659525,0.0,0.0,0.0,0.0,0.0,0.027500229,0.08613804,0.0
10,3,0.0804303,0.039978858,0.0,0.7659525,0.0,0.0,0.0,0.0,0.0,0.027500229,0.08613804,0.0
10,3,0.0804303,0.039978858,0.0,0.7659525,0.0,0.0,0.0,0.0,0.0,0.027500229,0.08613804,0.0
10,3,0.0804303,0.039978858,0.0,0.7659525,0.0,0.0,0.0,0.0,0.0,0.027500229,0.08613804,0.0
10,3,0.0804303,0.039978858,0.0,0.7659525,0.0,0.0,0.0,0.0,0.0,0.027500229,0.08613804,0.0
10,3,0.0804303,0.039978858,0.0,0.7659525,0.0,0.0,0.0,0.0,0.0,0.027500229,0.08613804,0.0
10,3,0.0804303,0.039978858,0.0,0.7659525,0.0,0.0,0.0,0.0,0.0,0.027500229,0.08613804,0.0
10,3,0.0804303,0.039978858,0.0,0.7659525,0.0,0.0,0.0,0.0,0.0,0.027500229,0.08613804,0.0
10,3,0.0804303,0.039978858,0.0,0.7659525,0.0,0.0,0.0,0.0,0.0,0.027500229,0.08613804,0.0
10,3,0.0804303,0.039978858,0.0,0.7659525,0.0,0.0,0.0,0.0,0.0,0.027500229,0.08613804,0.0
10,3,0.0804303,0.039978858,0.0,0.7659525,0.0,0.0,0.0,0.0,0.0,0.027500229,0.08613804,0.0
10,3,0.0804303,0.039978858,0.0,0.7659525,0.0,0.0,0.0,0.0,0.0,0.027500229,0.08613804,0.0
10,3,0.0804303,0.039978858,0.0,0.7659525,0.0,0.0,0.0,0.0,0.0,0.027500229,0.08613804,0.0
10,3,0.0804303,0.039978858,0.0,0.7659525,0.0,0.0,0.0,0.0,0.0,0.027500229,0.08613804,0.0
10,3,0.0804303,0.039978858,0.0,0.7659525,0.0,0.0,0.0,0.0,0.0,0.027500229,0.08613804,0.0
10,3,0.0804303,0.039978858,0.0,0.7659525,0.0,0.0,0.0,0.0,0.0,0.027500229,0.08613804,0.0
10,3,0.0804303,0.039978858,0.0,0.7659525,0.0,0.0,0.0,0.0,0.0,0.027500229,0.08613804,0.0
10,3,0.0804303,0.039978858,0.0,0.7659525,0.0,0.0,0.0,0.0,0.0,0.027500229,0.08613804,0.0
10,3,0.0804303,0.039978858,0.0,0.7659525,0.0,0.0,0.0,0.0,0.0,0.027500229,0.08613804,0.0
10,3,0.0804303,0.039978858,0.0,0.7659525,0.0,0.0,0.0,0.0,0.0,0.027500229,0.08613804,0.0
10,3,0.0804303,0.039978858,0.0,0.7659525,0.0,0.0,0.0,0.0,0.0,0.027500229,0.08613804,0.0
10,3,0.0804303,0.039978858,0.0,0.7659525,0.0,0.0,0.0,0.0,0.0,0.027500229,0.08613804,0.0
10,3,0.0804303,0.039978858,0.0,0.7659525,0.0,0.0,0.0,0.0,0.0,0.027500229,0.08613804,0.0
10,3,0.0804303,0.039978858,0.0,0.7659525,0.0,0.0,0.0,0.0,0.0,0.027500229,0.08613804,0.0
10,3,0.0804303,0.039978858,0.0,0.7659525,0.0,0.0,0.0,0.0,0.0,0.027500229,0.08613804,0.0
10,3,0.0804303,0.039978858,0.0,0.7659525,0.0,0.0,0.0,0.0,0.0,0.027500229,0.08613804,0.0
10,3,0.0804303,0.039978858,0.0,0.7659525,0.0,0.0,0.0,0.0,0.0,0.027500229,0.08613804,0.0
10,3,0.0804303,0.039978858,0.0,0.7659525,0.0,0.0,0.0,0.0,0.0,0.027500229,0.08613804,0.0
10,3,0.0804303,0.039978858,0.0,0.7659525,0.0,0.0,0.0,0.0,0.0,0.027500229,0.08613804,0.0
10,3,0.0804303,0.039978858,0.0,0.7659525,0.0,0.0,0.0,0.0,0.0,0.027500229,0.08613804,0.0
10,3,0.0804303,0.039978858,0.0,0.7659525,0.0,0.0,0.0,0.0,0.0,0.027500229,0.08613804,0.0
10,3,0.0804303,0.039978858,0.0,0.7659525,0.0,0.0,0.0,0.0,0.0,0.027500229,0.08613804,0.0
10,3,0.0804303,0.039978858,0.0,0.7659525,0.0,0.0,0.0,0.0,0.0,0.027500229,0.08613804,0.0
10,3,0.0804303,0.039978858,0.0,0.7659525,0.0,0.0,0.0,0.0,0.0,0.027500229,0.08613804,0.0
10,3,0.0804303,0.039978858,0.0,0.7659525,0.0,0.0,0.0,0.0,0.0,0.027500229,0.08613804,0.0
10,3,0.0804303,0.039978858,0.0,0.7659525,0.0,0.0,0.0,0.0,0.0,0.027500229,0.08613804,0.0
10,3,0.0804303,0.039978858,0.0,0.7659525,0.0,0.0,0.0,0.0,0.0,0.027500229,0.08613804,0.0
10,3,0.0804303,0.039978858,0.0,0.7659525,0.0,0.0,0.0,0.0,0.0,0.027500229,0.08613804,0.0
10,3,0.0804303,0.039978858,0.0,0.7659525,0.0,0.0,0.0,0.0,0.0,0.027500229,0.08613804,0.0
10,3,0.0804303,0.039978858,0.0,0.7659525,0.0,0.0,0.0,0.0,0.0,0.027500229,0.08613804,0.0
10,3,0.0804303,0.039978858,0.0,0.7659525,0.0,0.0,0.0,0.0,0.0,0.027500229,0.08613804,0.0
10,3,0.0804303,0.039978858,0.0,0.7659525,0.0,0.0,0.0,0.0,0.0,0.027500229,0.08613804,0.0
10,3,0.0804303,0.039978858,0.0,0.7659525,0.0,0.0,0.0,0.0,0.0,0.027500229,0.08613804,0.0
10,3,0.080430314,0.03997886,0.0,0.8255769,0.0,0.0,0.0,0.0,0.0,0.027500235,0.026513785,0.0
10,3,0.080430314,0.03997886,0.0,0.8255769,0.0,0.0,0.0,0.0,0.0,0.027500235,0.026513785,0.0
10,3,0.080430314,0.03997886,0.0,0.8255769,0.0,0.0,0.0,0.0,0.0,0.027500235,0.026513785,0.0
10,3,0.080430314,0.03997886,0.0,0.8255769,0.0,0.0,0.0,0.0,0.0,0.027500235,0.026513785,0.0
10,3,0.080430314,0.03997886,0.0,0.8255769,0.0,0.0,0.0,0.0,0.0,0.027500235,0.026513785,0.0
10,3,0.080430314,0.03997886,0.0,0.8255769,0.0,0.0,0.0,0.0,0.0,0.027500235,0.026513785,0.0
10,3,0.080430314,0.03997886,0.0,0.8255769,0.0,0.0,0.0,0.0,0.0,0.027500235,0.026513785,0.0
10,3,0.080430314,0.03997886,0.0,0.8255769,0.0,0.0,0.0,0.0,0.0,0.027500235,0.026513785,0.0
10,3,0.080430314,0.03997886,0.0,0.8255769,0.0,0.0,0.0,0.0,0.0,0.027500235,0.026513785,0.0
10,3,0.080430314,0.03997886,0.0,0.8255769,0.0,0.0,0.0,0.0,0.0,0.027500235,0.026513785,0.0
10,3,0.080430314,0.03997886,0.0,0.8255769,0.0,0.0,0.0,0.0,0.0,0.027500235,0.026513785,0.0
10,3,0.080430314,0.03997886,0.0,0.8255769,0.0,0.0,0.0,0.0,0.0,0.027500235,0.026513785,0.0
10,3,0.080430314,0.03997886,0.0,0.8255769,0.0,0.0,0.0,0.0,0.0,0.027500235,0.026513785,0.0
10,3,0.080430314,0.03997886,0.0,0.8255769,0.0,0.0,0.0,0.0,0.0,0.027500235,0.026513785,0.0
10,3,0.080430314,0.03997886,0.0,0.8255769,0.0,0.0,0.0,0.0,0.0,0.027500235,0.026513785,0.0
10,3,0.080430314,0.03997886,0.0,0.8255769,0.0,0.0,0.0,0.0,0.0,0.027500235,0.026513785,0.0
10,3,0.080430314,0.03997886,0.0,0.8255769,0.0,0.0,0.0,0.0,0.0,0.027500235,0.026513785,0.0
10,3,0.080430314,0.03997886,0.0,0.8255769,0.0,0.0,0.0,0.0,0.0,0.027500235,0.026513785,0.0
10,3,0.080430314,0.03997886,0.0,0.8255769,0.0,0.0,0.0,0.0,0.0,0.027500235,0.026513785,0.0
10,3,0.080430314,0.03997886,0.0,0.8255769,0.0,0.0,0.0,0.0,0.0,0.027500235,0.026513785,0.0
10,3,0.080430314,0.03997886,0.0,0.8255769,0.0,0.0,0.0,0.0,0.0,0.027500235,0.026513785,0.0
10,3,0.080430314,0.03997886,0.0,0.8255769,0.0,0.0,0.0,0.0,0.0,0.027500235,0.026513785,0.0
10,3,0.080430314,0.03997886,0.0,0.8255769,0.0,0.0,0.0,0.0,0.0,0.027500235,0.026513785,0.0
10,3,0.080430314,0.03997886,0.0,0.8255769,0.0,0.0,0.0,0.0,0.0,0.027500235,0.026513785,0.0
10,3,0.080430314,0.03997886,0.0,0.8255769,0.0,0.0,0.0,0.0,0.0,0.027500235,0.026513785,0.0
10,3,0.080430314,0.03997886,0.0,0.8255769,0.0,0.0,0.0,0.0,0.0,0.027500235,0.026513785,0.0
10,3,0.080430314,0.03997886,0.0,0.8255769,0.0,0.0,0.0,0.0,0.0,0.027500235,0.026513785,0.0
10,3,0.080430314,0.03997886,0.0,0.8255769,0.0,0.0,0.0,0.0,0.0,0.027500235,0.026513785,0.0
10,3,0.080430314,0.03997886,0.0,0.8255769,0.0,0.0,0.0,0.0,0.0,0.027500235,0.026513785,0.0
10,3,0.080430314,0.03997886,0.0,0.8255769,0.0,0.0,0.0,0.0,0.0,0.027500235,0.026513785,0.0
10,3,0.080430314,0.03997886,0.0,0.8255769,0.0,0.0,0.0,0.0,0.0,0.027500235,0.026513785,0.0
10,3,0.080430314,0.03997886,0.0,0.8255769,0.0,0.0,0.0,0.0,0.0,0.027500235,0.026513785,0.0
10,3,0.080430314,0.03997886,0.0,0.8255769,0.0,0.0,0.0,0.0,0.0,0.027500235,0.026513785,0.0
10,3,0.080430314,0.03997886,0.0,0.8255769,0.0,0.0,0.0,0.0,0.0,0.027500235,0.026513785,0.0
10,3,0.080430314,0.03997886,0.0,0.8255769,0.0,0.0,0.0,0.0,0.0,0.027500235,0.026513785,0.0
10,3,0.080430314,0.03997886,0.0,0.8255769,0.0,0.0,0.0,0.0,0.0,0.027500235,0.026513785,0.0
10,3,0.080430314,0.03997886,0.0,0.8255769,0.0,0.0,0.0,0.0,0.0,0.027500235,0.026513785,0.0
10,3,0.080430314,0.03997886,0.0,0.8255769,0.0,0.0,0.0,0.0,0.0,0.027500235,0.026513785,0.0
10,3,0.080430314,0.03997886,0.0,0.8255769,0.0,0.0,0.0,0.0,0.0,0.027500235,0.026513785,0.0
10,3,0.080430314,0.03997886,0.0,0.8255769,0.0,0.0,0.0,0.0,0.0,0.027500235,0.026513785,0.0
10,3,0.080430314,0.03997886,0.0,0.8255769,0.0,0.0,0.0,0.0,0.0,0.027500235,0.026513785,0.0
10,3,0.080430314,0.03997886,0.0,0.8255769,0.0,0.0,0.0,0.0,0.0,0.027500235,0.026513785,0.0
10,3,0.080430314,0.03997886,0.0,0.8255769,0.0,0.0,0.0,0.0,0.0,0.027500235,0.026513785,0.0
10,3,0.080430314,0.03997886,0.0,0.8255769,0.0,0.0,0.0,0.0,0.0,0.027500235,0.026513785,0.0
10,3,0.080430314,0.03997886,0.0,0.8255769,0.0,0.0,0.0,0.0,0.0,0.027500235,0.026513785,0.0
10,3,0.080430314,0.03997886,0.0,0.8255769,0.0,0.0,0.0,0.0,0.0,0.027500235,0.026513785,0.0
10,3,0.080430314,0.03997886,0.0,0.8255769,0.0,0.0,0.0,0.0,0.0,0.027500235,0.026513785,0.0
10,3,0.080430314,0.03997886,0.0,0.8255769,0.0,0.0,0.0,0.0,0.0,0.027500235,0.026513785,0.0
10,3,0.080430314,0.03997886,0.0,0.8255769,0.0,0.0,0.0,0.0,0.0,0.027500235,0.026513785,0.0
10,3,0.080430314,0.03997886,0.0,0.8255769,0.0,0.0,0.0,0.0,0.0,0.027500235,0.026513785,0.0
10,3,0.080430314,0.03997886,0.0,0.8255769,0.0,0.0,0.0,0.0,0.0,0.027500235,0.026513785,0.0
10,3,0.080430314,0.03997886,0.0,0.8255769,0.0,0.0,0.0,0.0,0.0,0.027500235,0.026513785,0.0
10,3,0.080430314,0.03997886,0.0,0.8255769,0.0,0.0,0.0,0.0,0.0,0.027500235,0.026513785,0.0
10,3,0.080430314,0.03997886,0.0,0.8255769,0.0,0.0,0.0,0.0,0.0,0.027500235,0.026513785,0.0
10,3,0.080430314,0.03997886,0.0,0.8255769,0.0,0.0,0.0,0.0,0.0,0.027500235,0.026513785,0.0
10,3,0.080430314,0.03997886,0.0,0.8255769,0.0,0.0,0.0,0.0,0.0,0.027500235,0.026513785,0.0
10,3,0.080430314,0.03997886,0.0,0.8255769,0.0,0.0,0.0,0.0,0.0,0.027500235,0.026513785,0.0
10,3,0.080430314,0.03997886,0.0,0.8255769,0.0,0.0,0.0,0.0,0.0,0.027500235,0.026513785,0.0
10,3,0.080430314,0.03997886,0.0,0.8255769,0.0,0.0,0.0,0.0,0.0,0.027500235,0.026513785,0.0
10,3,0.080430314,0.03997886,0.0,0.8255769,0.0,0.0,0.0,0.0,0.0,0.027500235,0.026513785,0.0
11,3,0.080430314,0.03997886,0.0,0.8255769,0.0,0.0,0.0,0.0,0.0,0.027500235,0.026513785,0.0
11,3,0.080430314,0.03997886,0.0,0.8255769,0.0,0.0,0.0,0.0,0.0,0.027500235,0.026513785,0.0
11,3,0.080430314,0.03997886,0.0,0.8255769,0.0,0.0,0.0,0.0,0.0,0.027500235,0.026513785,0.0
11,3,0.080430314,0.03997886,0.0,0.8255769,0.0,0.0,0.0,0.0,0.0,0.027500235,0.026513785,0.0
11,3,0.080430314,0.03997886,0.0,0.8255769,0.0,0.0,0.0,0.0,0.0,0.027500235,0.026513785,0.0
11,3,0.080430314,0.03997886,0.0,0.8255769,0.0,0.0,0.0,0.0,0.0,0.027500235,0.026513785,0.0
11,3,0.080430314,0.03997886,0.0,0.8255769,0.0,0.0,0.0,0.0,0.0,0.027500235,0.026513785,0.0
11,3,0.080430314,0.03997886,0.0,0.8255769,0.0,0.0,0.0,0.0,0.0,0.027500235,0.026513785,0.0
11,3,0.080430314,0.03997886,0.0,0.8255769,0.0,0.0,0.0,0.0,0.0,0.027500235,0.026513785,0.0
11,3,0.080430314,0.03997886,0.0,0.8255769,0.0,0.0,0.0,0.0,0.0,0.027500235,0.026513785,0.0
11,3,0.080430314,0.03997886,0.0,0.8255769,0.0,0.0,0.0,0.0,0.0,0.027500235,0.026513785,0.0
11,3,0.080430314,0.03997886,0.0,0.8255769,0.0,0.0,0.0,0.0,0.0,0.027500235,0.026513785,0.0
11,3,0.080430314,0.03997886,0.0,0.8255769,0.0,0.0,0.0,0.0,0.0,0.027500235,0.026513785,0.0
11,3,0.080430314,0.03997886,0.0,0.8255769,0.0,0.0,0.0,0.0,0.0,0.027500235,0.026513785,0.0
11,3,0.080430314,0.03997886,0.0,0.8255769,0.0,0.0,0.0,0.0,0.0,0.027500235,0.026513785,0.0
11,3,0.080430314,0.03997886,0.0,0.8255769,0.0,0.0,0.0,0.0,0.0,0.027500235,0.026513785,0.0
11,3,0.080430314,0.03997886,0.0,0.8255769,0.0,0.0,0.0,0.0,0.0,0.027500235,0.026513785,0.0
11,3,0.080430314,0.03997886,0.0,0.8255769,0.0,0.0,0.0,0.0,0.0,0.027500235,0.026513785,0.0
11,3,0.080430314,0.03997886,0.0,0.8255769,0.0,0.0,0.0,0.0,0.0,0.027500235,0.026513785,0.0
11,3,0.080430314,0.03997886,0.0,0.8255769,0.0,0.0,0.0,0.0,0.0,0.027500235,0.026513785,0.0
11,3,0.080430314,0.03997886,0.0,0.8255769,0.0,0.0,0.0,0.0,0.0,0.027500235,0.026513785,0.0
11,3,0.080430314,0.03997886,0.0,0.8255769,0.0,0.0,0.0,0.0,0.0,0.027500235,0.026513785,0.0
11,3,0.080430314,0.03997886,0.0,0.8255769,0.0,0.0,0.0,0.0,0.0,0.027500235,0.026513785,0.0
11,3,0.080430314,0.03997886,0.0,0.8255769,0.0,0.0,0.0,0.0,0.0,0.027500235,0.026513785,0.0
11,3,0.080430314,0.03997886,0.0,0.8255769,0.0,0.0,0.0,0.0,0.0,0.027500235,0.026513785,0.0
11,3,0.080430314,0.03997886,0.0,0.8255769,0.0,0.0,0.0,0.0,0.0,0.027500235,0.026513785,0.0
11,3,0.080430314,0.03997886,0.0,0.8255769,0.0,0.0,0.0,0.0,0.0,0.027500235,0.026513785,0.0
11,3,0.080430314,0.03997886,0.0,0.8255769,0.0,0.0,0.0,0.0,0.0,0.027500235,0.026513785,0.0
11,3,0.080430314,0.03997886,0.0,0.8255769,0.0,0.0,0.0,0.0,0.0,0.027500235,0.026513785,0.0
11,3,0.080430314,0.03997886,0.0,0.8255769,0.0,0.0,0.0,0.0,0.0,0.027500235,0.026513785,0.0
11,3,0.080430314,0.03997886,0.0,0.8255769,0.0,0.0,0.0,0.0,0.0,0.027500235,0.026513785,0.0
11,3,0.080430314,0.03997886,0.0,0.8255769,0.0,0.0,0.0,0.0,0.0,0.027500235,0.026513785,0.0
11,3,0.080430314,0.03997886,0.0,0.8255769,0.0,0.0,0.0,0.0,0.0,0.027500235,0.026513785,0.0
11,3,0.080430314,0.03997886,0.0,0.8255769,0.0,0.0,0.0,0.0,0.0,0.027500235,0.026513785,0.0
11,3,0.080430314,0.03997886,0.0,0.8255769,0.0,0.0,0.0,0.0,0.0,0.027500235,0.026513785,0.0
11,3,0.080430314,0.03997886,0.0,0.8255769,0.0,0.0,0.0,0.0,0.0,0.027500235,0.026513785,0.0
11,3,0.080430314,0.03997886,0.0,0.8255769,0.0,0.0,0.0,0.0,0.0,0.027500235,0.026513785,0.0
11,3,0.080430314,0.03997886,0.0,0.8255769,0.0,0.0,0.0,0.0,0.0,0.027500235,0.026513785,0.0
11,3,0.080430314,0.03997886,0.0,0.8255769,0.0,0.0,0.0,0.0,0.0,0.027500235,0.026513785,0.0
11,3,0.080430314,0.03997886,0.0,0.8255769,0.0,0.0,0.0,0.0,0.0,0.027500235,0.026513785,0.0
11,3,0.080430314,0.03997886,0.0,0.8255769,0.0,0.0,0.0,0.0,0.0,0.027500235,0.026513785,0.0
11,3,0.080430314,0.03997886,0.0,0.8255769,0.0,0.0,0.0,0.0,0.0,0.027500235,0.026513785,0.0
11,3,0.080430314,0.03997886,0.0,0.8255769,0.0,0.0,0.0,0.0,0.0,0.027500235,0.026513785,0.0
11,3,0.080430314,0.03997886,0.0,0.8255769,0.0,0.0,0.0,0.0,0.0,0.027500235,0.026513785,0.0
11,3,0.080430314,0.03997886,0.0,0.8255769,0.0,0.0,0.0,0.0,0.0,0.027500235,0.026513785,0.0
11,3,0.080430314,0.03997886,0.0,0.8255769,0.0,0.0,0.0,0.0,0.0,0.027500235,0.026513785,0.0
11,3,0.080430314,0.03997886,0.0,0.8255769,0.0,0.0,0.0,0.0,0.0,0.027500235,0.026513785,0.0
11,3,0.080430314,0.03997886,0.0,0.8255769,0.0,0.0,0.0,0.0,0.0,0.027500235,0.026513785,0.0
11,3,0.080430314,0.03997886,0.0,0.8255769,0.0,0.0,0.0,0.0,0.0,0.027500235,0.026513785,0.0
11,3,0.080430314,0.03997886,0.0,0.8255769,0.0,0.0,0.0,0.0,0.0,0.027500235,0.026513785,0.0
11,3,0.080430314,0.03997886,0.0,0.8255769,0.0,0.0,0.0,0.0,0.0,0.027500235,0.026513785,0.0
11,3,0.080430314,0.03997886,0.0,0.8255769,0.0,0.0,0.0,0.0,0.0,0.027500235,0.026513785,0.0
11,3,0.080430314,0.03997886,0.0,0.8255769,0.0,0.0,0.0,0.0,0.0,0.027500235,0.026513785,0.0
11,3,0.080430314,0.03997886,0.0,0.8255769,0.0,0.0,0.0,0.0,0.0,0.027500235,0.026513785,0.0
11,3,0.080430314,0.03997886,0.0,0.8255769,0.0,0.0,0.0,0.0,0.0,0.027500235,0.026513785,0.0
11,3,0.080430314,0.03997886,0.0,0.8255769,0.0,0.0,0.0,0.0,0.0,0.027500235,0.026513785,0.0
11,3,0.080430314,0.03997886,0.0,0.8255769,0.0,0.0,0.0,0.0,0.0,0.027500235,0.026513785,0.0
11,3,0.080430314,0.03997886,0.0,0.8255769,0.0,0.0,0.0,0.0,0.0,0.027500235,0.026513785,0.0
11,3,0.080430314,0.03997886,0.0,0.8255769,0.0,0.0,0.0,0.0,0.0,0.027500235,0.026513785,0.0
11,3,0.080430314,0.03997886,0.0,0.8255769,0.0,0.0,0.0,0.0,0.0,0.027500235,0.026513785,0.0
11,3,0.080430314,0.03997886,0.0,0.8255769,0.0,0.0,0.0,0.0,0.0,0.027500235,0.026513785,0.0
11,3,0.080430314,0.03997886,0.0,0.8255769,0.0,0.0,0.0,0.0,0.0,0.027500235,0.026513785,0.0
11,3,0.080430314,0.03997886,0.0,0.8255769,0.0,0.0,0.0,0.0,0.0,0.027500235,0.026513785,0.0
11,3,0.080430314,0.03997886,0.0,0.8255769,0.0,0.0,0.0,0.0,0.0,0.027500235,0.026513785,0.0
11,3,0.080430314,0.03997886,0.0,0.8255769,0.0,0.0,0.0,0.0,0.0,0.027500235,0.026513785,0.0
11,3,0.080430314,0.03997886,0.0,0.8255769,0.0,0.0,0.0,0.0,0.0,0.027500235,0.026513785,0.0
11,3,0.080430314,0.03997886,0.0,0.8255769,0.0,0.0,0.0,0.0,0.0,0.027500235,0.026513785,0.0
11,3,0.080430314,0.03997886,0.0,0.8255769,0.0,0.0,0.0,0.0,0.0,0.027500235,0.026513785,0.0
11,3,0.080430314,0.03997886,0.0,0.8255769,0.0,0.0,0.0,0.0,0.0,0.027500235,0.026513785,0.0
11,3,0.080430314,0.03997886,0.0,0.8255769,0.0,0.0,0.0,0.0,0.0,0.027500235,0.026513785,0.0
11,3,0.080430314,0.03997886,0.0,0.8255769,0.0,0.0,0.0,0.0,0.0,0.027500235,0.026513785,0.0
11,3,0.080430314,0.03997886,0.0,0.8255769,0.0,0.0,0.0,0.0,0.0,0.027500235,0.026513785,0.0
11,3,0.080430314,0.03997886,0.0,0.8255769,0.0,0.0,0.0,0.0,0.0,0.027500235,0.026513785,0.0
11,3,0.080430314,0.03997886,0.0,0.8255769,0.0,0.0,0.0,0.0,0.0,0.027500235,0.026513785,0.0
11,3,0.080430314,0.03997886,0.0,0.8255769,0.0,0.0,0.0,0.0,0.0,0.027500235,0.026513785,0.0
11,3,0.080430314,0.03997886,0.0,0.8255769,0.0,0.0,0.0,0.0,0.0,0.027500235,0.026513785,0.0
11,3,0.080430314,0.03997886,0.0,0.8255769,0.0,0.0,0.0,0.0,0.0,0.027500235,0.026513785,0.0
11,3,0.080430314,0.03997886,0.0,0.8255769,0.0,0.0,0.0,0.0,0.0,0.027500235,0.026513785,0.0
11,3,0.080430314,0.03997886,0.0,0.8255769,0.0,0.0,0.0,0.0,0.0,0.027500235,0.026513785,0.0
11,3,0.080430314,0.03997886,0.0,0.8255769,0.0,0.0,0.0,0.0,0.0,0.027500235,0.026513785,0.0
11,3,0.080430314,0.03997886,0.0,0.8255769,0.0,0.0,0.0,0.0,0.0,0.027500235,0.026513785,0.0
11,3,0.080430314,0.03997886,0.0,0.8255769,0.0,0.0,0.0,0.0,0.0,0.027500235,0.026513785,0.0
11,3,0.080430314,0.03997886,0.0,0.8255769,0.0,0.0,0.0,0.0,0.0,0.027500235,0.026513785,0.0
11,3,0.080430314,0.03997886,0.0,0.8255769,0.0,0.0,0.0,0.0,0.0,0.027500235,0.026513785,0.0
11,3,0.080430314,0.03997886,0.0,0.8255769,0.0,0.0,0.0,0.0,0.0,0.027500235,0.026513785,0.0
11,3,0.080430314,0.03997886,0.0,0.8255769,0.0,0.0,0.0,0.0,0.0,0.027500235,0.026513785,0.0
11,3,0.080430314,0.03997886,0.0,0.8255769,0.0,0.0,0.0,0.0,0.0,0.027500235,0.026513785,0.0
11,3,0.080430314,0.03997886,0.0,0.8255769,0.0,0.0,0.0,0.0,0.0,0.027500235,0.026513785,0.0
11,3,0.080430314,0.03997886,0.0,0.8255769,0.0,0.0,0.0,0.0,0.0,0.027500235,0.026513785,0.0
11,3,0.080430314,0.03997886,0.0,0.8255769,0.0,0.0,0.0,0.0,0.0,0.027500235,0.026513785,0.0
11,3,0.080430314,0.03997886,0.0,0.8255769,0.0,0.0,0.0,0.0,0.0,0.027500235,0.026513785,0.0
11,3,0.080430314,0.03997886,0.0,0.8255769,0.0,0.0,0.0,0.0,0.0,0.027500235,0.026513785,0.0
11,3,0.080430314,0.03997886,0.0,0.8255769,0.0,0.0,0.0,0.0,0.0,0.027500235,0.026513785,0.0
11,3,0.080430314,0.03997886,0.0,0.8255769,0.0,0.0,0.0,0.0,0.0,0.027500235,0.026513785,0.0
11,3,0.080430314,0.03997886,0.0,0.8255769,0.0,0.0,0.0,0.0,0.0,0.027500235,0.026513785,0.0
11,3,0.080430314,0.03997886,0.0,0.8255769,0.0,0.0,0.0,0.0,0.0,0.027500235,0.026513785,0.0
11,3,0.080430314,0.03997886,0.0,0.8255769,0.0,0.0,0.0,0.0,0.0,0.027500235,0.026513785,0.0
11,3,0.080430314,0.03997886,0.0,0.8255769,0.0,0.0,0.0,0.0,0.0,0.027500235,0.026513785,0.0
11,3,0.080430314,0.03997886,0.0,0.8255769,0.0,0.0,0.0,0.0,0.0,0.027500235,0.026513785,0.0
11,3,0.080430314,0.03997886,0.0,0.8255769,0.0,0.0,0.0,0.0,0.0,0.027500235,0.026513785,0.0
11,3,0.080430314,0.03997886,0.0,0.8255769,0.0,0.0,0.0,0.0,0.0,0.027500235,0.026513785,0.0
11,3,0.080430314,0.03997886,0.0,0.8255769,0.0,0.0,0.0,0.0,0.0,0.027500235,0.026513785,0.0
11,3,0.080430314,0.03997886,0.0,0.8255769,0.0,0.0,0.0,0.0,0.0,0.027500235,0.026513785,0.0
11,3,0.080430314,0.03997886,0.0,0.8255769,0.0,0.0,0.0,0.0,0.0,0.027500235,0.026513785,0.0
11,3,0.080430314,0.03997886,0.0,0.8255769,0.0,0.0,0.0,0.0,0.0,0.027500235,0.026513785,0.0
11,3,0.080430314,0.03997886,0.0,0.8255769,0.0,0.0,0.0,0.0,0.0,0.027500235,0.026513785,0.0
11,3,0.08043031,0.03997886,0.0,0.77630687,0.0,0.0,0.0,0.0,0.0,0.02750023,0.026513781,0.04927
11,3,0.08043031,0.03997886,0.0,0.77630687,0.0,0.0,0.0,0.0,0.0,0.02750023,0.026513781,0.04927
11,3,0.08043031,0.03997886,0.0,0.77630687,0.0,0.0,0.0,0.0,0.0,0.02750023,0.026513781,0.04927
11,3,0.08043031,0.03997886,0.0,0.77630687,0.0,0.0,0.0,0.0,0.0,0.02750023,0.026513781,0.04927
11,3,0.08043031,0.03997886,0.0,0.77630687,0.0,0.0,0.0,0.0,0.0,0.02750023,0.026513781,0.04927
11,3,0.08043031,0.03997886,0.0,0.77630687,0.0,0.0,0.0,0.0,0.0,0.02750023,0.026513781,0.04927
11,3,0.08043031,0.03997886,0.0,0.77630687,0.0,0.0,0.0,0.0,0.0,0.02750023,0.026513781,0.04927
11,3,0.08043031,0.03997886,0.0,0.77630687,0.0,0.0,0.0,0.0,0.0,0.02750023,0.026513781,0.04927
11,3,0.08043031,0.03997886,0.0,0.77630687,0.0,0.0,0.0,0.0,0.0,0.02750023,0.026513781,0.04927
11,3,0.08043031,0.03997886,0.0,0.77630687,0.0,0.0,0.0,0.0,0.0,0.02750023,0.026513781,0.04927
11,3,0.08043031,0.03997886,0.0,0.77630687,0.0,0.0,0.0,0.0,0.0,0.02750023,0.026513781,0.04927
11,3,0.08043031,0.03997886,0.0,0.77630687,0.0,0.0,0.0,0.0,0.0,0.02750023,0.026513781,0.04927
11,3,0.08043031,0.03997886,0.0,0.77630687,0.0,0.0,0.0,0.0,0.0,0.02750023,0.026513781,0.04927
11,3,0.080430314,0.03997886,0.0,0.67596215,0.0,0.0,0.0,0.0,0.0,0.027500235,0.026513785,0.14961474
11,3,0.08043031,0.03997886,0.0,0.51174986,0.0,0.0,0.0,0.0,0.0,0.02750023,0.026513781,0.313827
11,3,0.08043031,0.03997886,0.0,0.51174986,0.0,0.0,0.0,0.0,0.0,0.02750023,0.026513781,0.313827
11,3,0.08043031,0.03997886,0.0,0.51174986,0.0,0.0,0.0,0.0,0.0,0.02750023,0.026513781,0.313827
11,3,0.08043031,0.03997886,0.0,0.51174986,0.0,0.0,0.0,0.0,0.0,0.02750023,0.026513781,0.313827
11,3,0.08043031,0.03997886,0.0,0.51174986,0.0,0.0,0.0,0.0,0.0,0.02750023,0.026513781,0.313827
11,3,0.08043031,0.03997886,0.0,0.51174986,0.0,0.0,0.0,0.0,0.0,0.02750023,0.026513781,0.313827
11,3,0.08043031,0.03997886,0.0,0.51174986,0.0,0.0,0.0,0.0,0.0,0.02750023,0.026513781,0.313827
11,3,0.08043031,0.03997886,0.0,0.51174986,0.0,0.0,0.0,0.0,0.0,0.02750023,0.026513781,0.313827
11,3,0.08043031,0.03997886,0.0,0.51174986,0.0,0.0,0.0,0.0,0.0,0.02750023,0.026513781,0.313827
11,3,0.08043031,0.03997886,0.0,0.51174986,0.0,0.0,0.0,0.0,0.0,0.02750023,0.026513781,0.313827
11,3,0.08043031,0.03997886,0.0,0.51174986,0.0,0.0,0.0,0.0,0.0,0.02750023,0.026513781,0.313827
11,3,0.08043031,0.03997886,0.0,0.51174986,0.0,0.0,0.0,0.0,0.0,0.02750023,0.026513781,0.313827
11,3,0.08043031,0.03997886,0.0,0.46381962,0.0,0.0,0.0,0.0,0.0,0.02750023,0.026513781,0.36175725
11,3,0.08043031,0.03997886,0.0,0.46381962,0.0,0.0,0.0,0.0,0.0,0.02750023,0.026513781,0.36175725
11,3,0.08043031,0.03997886,0.0,0.46381962,0.0,0.0,0.0,0.0,0.0,0.02750023,0.026513781,0.36175725
11,3,0.08043031,0.03997886,0.0,0.46381962,0.0,0.0,0.0,0.0,0.0,0.02750023,0.026513781,0.36175725
11,3,0.08043031,0.03997886,0.0,0.46381962,0.0,0.0,0.0,0.0,0.0,0.02750023,0.026513781,0.36175725
11,3,0.08043031,0.03997886,0.0,0.46381962,0.0,0.0,0.0,0.0,0.0,0.02750023,0.026513781,0.36175725
11,3,0.08043031,0.03997886,0.0,0.46381962,0.0,0.0,0.0,0.0,0.0,0.02750023,0.026513781,0.36175725
11,3,0.08043031,0.03997886,0.0,0.46381962,0.0,0.0,0.0,0.0,0.0,0.02750023,0.026513781,0.36175725
11,3,0.08043031,0.03997886,0.0,0.46381962,0.0,0.0,0.0,0.0,0.0,0.02750023,0.026513781,0.36175725
11,3,0.08043031,0.03997886,0.0,0.46381962,0.0,0.0,0.0,0.0,0.0,0.02750023,0.026513781,0.36175725
11,3,0.08043031,0.03997886,0.0,0.46381962,0.0,0.0,0.0,0.0,0.0,0.02750023,0.026513781,0.36175725
11,3,0.08043031,0.03997886,0.0,0.46381962,0.0,0.0,0.0,0.0,0.0,0.02750023,0.026513781,0.36175725
11,3,0.08043031,0.03997886,0.0,0.46381962,0.0,0.0,0.0,0.0,0.0,0.02750023,0.026513781,0.36175725
11,3,0.08043031,0.03997886,0.0,0.46381962,0.0,0.0,0.0,0.0,0.0,0.02750023,0.026513781,0.36175725
11,3,0.08043031,0.03997886,0.0,0.46381962,0.0,0.0,0.0,0.0,0.0,0.02750023,0.026513781,0.36175725
11,3,0.08043031,0.03997886,0.0,0.46381962,0.0,0.0,0.0,0.0,0.0,0.02750023,0.026513781,0.36175725
11,3,0.08043031,0.03997886,0.0,0.46381962,0.0,0.0,0.0,0.0,0.0,0.02750023,0.026513781,0.36175725
11,3,0.08043031,0.03997886,0.0,0.46381962,0.0,0.0,0.0,0.0,0.0,0.02750023,0.026513781,0.36175725
11,3,0.08043031,0.03997886,0.0,0.46381962,0.0,0.0,0.0,0.0,0.0,0.02750023,0.026513781,0.36175725
11,3,0.08043031,0.03997886,0.0,0.46381962,0.0,0.0,0.0,0.0,0.0,0.02750023,0.026513781,0.36175725
11,3,0.08043031,0.03997886,0.0,0.46381962,0.0,0.0,0.0,0.0,0.0,0.02750023,0.026513781,0.36175725
11,3,0.08043031,0.03997886,0.0,0.46381962,0.0,0.0,0.0,0.0,0.0,0.02750023,0.026513781,0.36175725
11,3,0.08043031,0.03997886,0.0,0.46381962,0.0,0.0,0.0,0.0,0.0,0.02750023,0.026513781,0.36175725
11,3,0.08043031,0.03997886,0.0,0.46381962,0.0,0.0,0.0,0.0,0.0,0.02750023,0.026513781,0.36175725
11,3,0.08043031,0.03997886,0.0,0.46381962,0.0,0.0,0.0,0.0,0.0,0.02750023,0.026513781,0.36175725
11,3,0.08043031,0.03997886,0.0,0.46381962,0.0,0.0,0.0,0.0,0.0,0.02750023,0.026513781,0.36175725
11,3,0.08043031,0.03997886,0.0,0.46381962,0.0,0.0,0.0,0.0,0.0,0.02750023,0.026513781,0.36175725
11,3,0.08043031,0.03997886,0.0,0.46381962,0.0,0.0,0.0,0.0,0.0,0.02750023,0.026513781,0.36175725
11,3,0.0,0.03997886,0.0,0.46381965,0.0,0.0,0.0,0.0,0.0,0.027500233,0.026513783,0.44218758
11,3,0.0,0.03997886,0.0,0.46381965,0.0,0.0,0.0,0.0,0.0,0.027500233,0.026513783,0.44218758
11,11,0.0,0.03997886,0.0,0.4396957,0.0,0.0,0.0,0.0,0.0,0.02750023,0.026513781,0.46631148
11,11,0.0,0.03997886,0.0,0.4396957,0.0,0.0,0.0,0.0,0.0,0.02750023,0.026513781,0.46631148
11,11,0.0,0.03997886,0.0,0.4396957,0.0,0.0,0.0,0.0,0.0,0.02750023,0.026513781,0.46631148
11,11,0.0,0.039978858,0.0,0.29814407,0.0,0.0,0.0,0.0,0.0,0.02750023,0.026513781,0.60786307
11,11,0.0,0.039978858,0.0,0.29814407,0.0,0.0,0.0,0.0,0.0,0.02750023,0.026513781,0.60786307
11,11,0.0,0.039978858,0.0,0.29814407,0.0,0.0,0.0,0.0,0.0,0.02750023,0.026513781,0.60786307
11,11,0.0,0.039978858,0.0,0.09754311,0.0,0.0,0.0,0.0,0.0,0.02750023,0.0,0.8349778
11,11,0.0,0.039978858,0.0,0.09754311,0.0,0.0,0.0,0.0,0.0,0.02750023,0.0,0.8349778
11,11,0.0,0.039978858,0.0,0.09754311,0.0,0.0,0.0,0.0,0.0,0.02750023,0.0,0.8349778
11,11,0.0,0.039978858,0.0,0.09754311,0.0,0.0,0.0,0.0,0.0,0.02750023,0.0,0.8349778
11,11,0.0,0.039978858,0.0,0.09754311,0.0,0.0,0.0,0.0,0.0,0.02750023,0.0,0.8349778
11,11,0.0,0.039978858,0.0,0.09754311,0.0,0.0,0.0,0.0,0.0,0.02750023,0.0,0.8349778
11,11,0.0,0.039978858,0.0,0.09754311,0.0,0.0,0.0,0.0,0.0,0.02750023,0.0,0.8349778
11,11,0.0,0.039978858,0.0,0.09754311,0.0,0.0,0.0,0.0,0.0,0.02750023,0.0,0.8349778
11,11,0.0,0.039978858,0.0,0.09754311,0.0,0.0,0.0,0.0,0.0,0.02750023,0.0,0.8349778
11,11,0.0,0.039978858,0.0,0.09754311,0.0,0.0,0.0,0.0,0.0,0.02750023,0.0,0.8349778
11,11,0.0,0.039978858,0.0,0.09754311,0.0,0.0,0.0,0.0,0.0,0.02750023,0.0,0.8349778
11,11,0.0,0.039978858,0.0,0.09754311,0.0,0.0,0.0,0.0,0.0,0.02750023,0.0,0.8349778
11,11,0.0,0.039978858,0.0,0.09754311,0.0,0.0,0.0,0.0,0.0,0.02750023,0.0,0.8349778
11,11,0.0,0.039978858,0.0,0.09754311,0.0,0.0,0.0,0.0,0.0,0.02750023,0.0,0.8349778
11,11,0.0,0.039978858,0.0,0.09754311,0.0,0.0,0.0,0.0,0.0,0.02750023,0.0,0.8349778
11,11,0.0,0.039978858,0.0,0.09754311,0.0,0.0,0.0,0.0,0.0,0.02750023,0.0,0.8349778
11,11,0.0,0.039978858,0.0,0.09754311,0.0,0.0,0.0,0.0,0.0,0.02750023,0.0,0.8349778
11,11,0.0,0.039978858,0.0,0.09754311,0.0,0.0,0.0,0.0,0.0,0.02750023,0.0,0.8349778
11,11,0.0,0.039978858,0.0,0.09754311,0.0,0.0,0.0,0.0,0.0,0.02750023,0.0,0.8349778
11,11,0.0,0.039978858,0.0,0.09754311,0.0,0.0,0.0,0.0,0.0,0.02750023,0.0,0.8349778
11,11,0.0,0.039978858,0.0,0.09754311,0.0,0.0,0.0,0.0,0.0,0.02750023,0.0,0.8349778
11,11,0.0,0.039978858,0.0,0.09754311,0.0,0.0,0.0,0.0,0.0,0.02750023,0.0,0.8349778
11,11,0.0,0.03997886,0.0,0.04531002,0.0,0.0,0.0,0.0,0.0,0.027500233,0.0,0.8872109
11,11,0.0,0.03997886,0.0,0.04531002,0.0,0.0,0.0,0.0,0.0,0.027500233,0.0,0.8872109
11,11,0.0,0.03997886,0.0,0.04531002,0.0,0.0,0.0,0.0,0.0,0.027500233,0.0,0.8872109
11,11,0.0,0.03997886,0.0,0.04531002,0.0,0.0,0.0,0.0,0.0,0.027500233,0.0,0.8872109
11,11,0.0,0.03997886,0.0,0.04531002,0.0,0.0,0.0,0.0,0.0,0.027500233,0.0,0.8872109
11,11,0.0,0.03997886,0.0,0.04531002,0.0,0.0,0.0,0.0,0.0,0.027500233,0.0,0.8872109
11,11,0.0,0.03997886,0.0,0.04531002,0.0,0.0,0.0,0.0,0.0,0.027500233,0.0,0.8872109
11,11,0.0,0.03997886,0.0,0.04531002,0.0,0.0,0.0,0.0,0.0,0.027500233,0.0,0.8872109
11,11,0.0,0.03997886,0.0,0.04531002,0.0,0.0,0.0,0.0,0.0,0.027500233,0.0,0.8872109
11,11,0.0,0.03997886,0.0,0.04531002,0.0,0.0,0.0,0.0,0.0,0.027500233,0.0,0.8872109
11,11,0.0,0.03997886,0.0,0.04531002,0.0,0.0,0.0,0.0,0.0,0.027500233,0.0,0.8872109
11,11,0.0,0.03997886,0.0,0.04531002,0.0,0.0,0.0,0.0,0.0,0.027500233,0.0,0.8872109
11,11,0.0,0.03997886,0.0,0.04531002,0.0,0.0,0.0,0.0,0.0,0.027500233,0.0,0.8872109
11,11,0.0,0.03997886,0.0,0.04531002,0.0,0.0,0.0,0.0,0.0,0.027500233,0.0,0.8872109
11,11,0.0,0.03997886,0.0,0.013672049,0.0,0.0,0.0,0.0,0.0,0.027500233,0.0,0.9188489
11,11,0.0,0.03997886,0.0,0.013672049,0.0,0.0,0.0,0.0,0.0,0.027500233,0.0,0.9188489
11,11,0.0,0.03997886,0.0,0.013672049,0.0,0.0,0.0,0.0,0.0,0.027500233,0.0,0.9188489
11,11,0.0,0.03997886,0.0,0.013672049,0.0,0.0,0.0,0.0,0.0,0.027500233,0.0,0.9188489
11,11,0.0,0.03997886,0.0,0.013672049,0.0,0.0,0.0,0.0,0.0,0.027500233,0.0,0.9188489
11,11,0.0,0.03997886,0.0,0.013672049,0.0,0.0,0.0,0.0,0.0,0.027500233,0.0,0.9188489
11,11,0.0,0.03997886,0.0,0.013672049,0.0,0.0,0.0,0.0,0.0,0.027500233,0.0,0.9188489
11,11,0.0,0.03997886,0.0,0.013672049,0.0,0.0,0.0,0.0,0.0,0.027500233,0.0,0.9188489
11,11,0.0,0.03997886,0.0,0.013672049,0.0,0.0,0.0,0.0,0.0,0.027500233,0.0,0.9188489
11,11,0.0,0.03997886,0.0,0.013672049,0.0,0.0,0.0,0.0,0.0,0.027500233,0.0,0.9188489
11,11,0.0,0.03997886,0.0,0.013672049,0.0,0.0,0.0,0.0,0.0,0.027500233,0.0,0.9188489
11,11,0.0,0.03997886,0.0,0.013672049,0.0,0.0,0.0,0.0,0.0,0.027500233,0.0,0.9188489
11,11,0.0,0.0,0.0,0.013672048,0.0,0.0,0.0,0.0,0.0,0.02750023,0.0,0.95882773
11,11,0.0,0.0,0.0,0.013672048,0.0,0.0,0.0,0.0,0.0,0.02750023,0.0,0.95882773
11,11,0.0,0.0,0.0,0.013672048,0.0,0.0,0.0,0.0,0.0,0.02750023,0.0,0.95882773
11,11,0.0,0.0,0.0,0.013672048,0.0,0.0,0.0,0.0,0.0,0.02750023,0.0,0.95882773
11,11,0.0,0.0,0.0,0.013672048,0.0,0.0,0.0,0.0,0.0,0.02750023,0.0,0.95882773
11,11,0.0,0.0,0.0,0.013672048,0.0,0.0,0.0,0.0,0.0,0.02750023,0.0,0.95882773
11,11,0.0,0.0,0.0,0.013672048,0.0,0.0,0.0,0.0,0.0,0.02750023,0.0,0.95882773
11,11,0.0,0.0,0.0,0.013672048,0.0,0.0,0.0,0.0,0.0,0.02750023,0.0,0.95882773
11,11,0.0,0.0,0.0,0.013672048,0.0,0.0,0.0,0.0,0.0,0.02750023,0.0,0.95882773
11,11,0.0,0.0,0.0,0.013672048,0.0,0.0,0.0,0.0,0.0,0.02750023,0.0,0.95882773
11,11,0.0,0.0,0.0,0.013672048,0.0,0.0,0.0,0.0,0.0,0.02750023,0.0,0.95882773
11,11,0.0,0.0,0.0,0.013672048,0.0,0.0,0.0,0.0,0.0,0.02750023,0.0,0.95882773
11,11,0.0,0.0,0.0,0.013672048,0.0,0.0,0.0,0.0,0.0,0.02750023,0.0,0.95882773
11,11,0.0,0.0,0.0,0.013672048,0.0,0.0,0.0,0.0,0.0,0.02750023,0.0,0.95882773
11,11,0.0,0.0,0.0,0.013672048,0.0,0.0,0.0,0.0,0.0,0.02750023,0.0,0.95882773
11,11,0.0,0.0,0.0,0.013672048,0.0,0.0,0.0,0.0,0.0,0.02750023,0.0,0.95882773
11,11,0.0,0.0,0.0,0.013672048,0.0,0.0,0.0,0.0,0.0,0.0,0.0,0.98632795
11,11,0.0,0.0,0.0,0.013672048,0.0,0.0,0.0,0.0,0.0,0.0,0.0,0.98632795
11,11,0.0,0.0,0.0,0.013672048,0.0,0.0,0.0,0.0,0.0,0.0,0.0,0.98632795
11,11,0.0,0.0,0.0,0.013672048,0.0,0.0,0.0,0.0,0.0,0.0,0.0,0.98632795
11,11,0.0,0.0,0.0,0.013672048,0.0,0.0,0.0,0.0,0.0,0.0,0.0,0.98632795
11,11,0.0,0.0,0.0,0.013672048,0.0,0.0,0.0,0.0,0.0,0.0,0.0,0.98632795
11,11,0.0,0.0,0.0,0.013672048,0.0,0.0,0.0,0.0,0.0,0.0,0.0,0.98632795
11,11,0.0,0.0,0.0,0.013672048,0.0,0.0,0.0,0.0,0.0,0.0,0.0,0.98632795
11,11,0.0,0.0,0.0,0.013672048,0.0,0.0,0.0,0.0,0.0,0.0,0.0,0.98632795
11,11,0.0,0.0,0.0,0.013672048,0.0,0.0,0.0,0.0,0.0,0.0,0.0,0.98632795
11,11,0.0,0.0,0.0,0.013672048,0.0,0.0,0.0,0.0,0.0,0.0,0.0,0.98632795
11,11,0.0,0.0,0.0,0.013672048,0.0,0.0,0.0,0.0,0.0,0.0,0.0,0.98632795
11,11,0.0,0.0,0.0,0.013672048,0.0,0.0,0.0,0.0,0.0,0.0,0.0,0.98632795
11,11,0.0,0.0,0.0,0.013672048,0.0,0.0,0.0,0.0,0.0,0.0,0.0,0.98632795
11,11,0.0,0.0,0.0,0.013672048,0.0,0.0,0.0,0.0,0.0,0.0,0.0,0.98632795
11,11,0.0,0.0,0.0,0.013672048,0.0,0.0,0.0,0.0,0.0,0.0,0.0,0.98632795
11,11,0.0,0.0,0.0,0.013672048,0.0,0.0,0.0,0.0,0.0,0.0,0.0,0.98632795
11,11,0.0,0.0,0.0,0.013672048,0.0,0.0,0.0,0.0,0.0,0.0,0.0,0.98632795
11,11,0.0,0.0,0.0,0.013672048,0.0,0.0,0.0,0.0,0.0,0.0,0.0,0.98632795
11,11,0.0,0.0,0.0,0.013672048,0.0,0.0,0.0,0.0,0.0,0.0,0.0,0.98632795
11,11,0.0,0.0,0.0,0.013672048,0.0,0.0,0.0,0.0,0.0,0.0,0.0,0.98632795
11,11,0.0,0.0,0.0,0.013672048,0.0,0.0,0.0,0.0,0.0,0.0,0.0,0.98632795
11,11,0.0,0.0,0.0,0.013672048,0.0,0.0,0.0,0.0,0.0,0.0,0.0,0.98632795
11,11,0.0,0.0,0.0,0.013672048,0.0,0.0,0.0,0.0,0.0,0.0,0.0,0.98632795
11,11,0.0,0.0,0.0,0.013672048,0.0,0.0,0.0,0.0,0.0,0.0,0.0,0.98632795
11,11,0.0,0.0,0.0,0.013672048,0.0,0.0,0.0,0.0,0.0,0.0,0.0,0.98632795
11,11,0.0,0.0,0.0,0.013672048,0.0,0.0,0.0,0.0,0.0,0.0,0.0,0.98632795
11,11,0.0,0.0,0.0,0.013672048,0.0,0.0,0.0,0.0,0.0,0.0,0.0,0.98632795
11,11,0.0,0.0,0.0,0.013672048,0.0,0.0,0.0,0.0,0.0,0.0,0.0,0.98632795
11,11,0.0,0.0,0.0,0.013672048,0.0,0.0,0.0,0.0,0.0,0.0,0.0,0.98632795
11,11,0.0,0.0,0.0,0.013672048,0.0,0.0,0.0,0.0,0.0,0.0,0.0,0.98632795
11,11,0.0,0.0,0.0,0.013672048,0.0,0.0,0.0,0.0,0.0,0.0,0.0,0.98632795
11,11,0.0,0.0,0.0,0.0,0.0,0.0,0.0,0.0,0.0,0.0,0.0,1.0
11,11,0.0,0.0,0.0,0.0,0.0,0.0,0.0,0.0,0.0,0.0,0.0,1.0
11,11,0.0,0.0,0.0,0.0,0.0,0.0,0.0,0.0,0.0,0.0,0.0,1.0
11,11,0.0,0.0,0.0,0.0,0.0,0.0,0.0,0.0,0.0,0.0,0.0,1.0
11,11,0.0,0.0,0.0,0.0,0.0,0.0,0.0,0.0,0.0,0.0,0.0,1.0
11,11,0.0,0.0,0.0,0.0,0.0,0.0,0.0,0.0,0.0,0.0,0.0,1.0
11,11,0.0,0.0,0.0,0.0,0.0,0.0,0.0,0.0,0.0,0.0,0.0,1.0
11,11,0.0,0.0,0.0,0.0,0.0,0.0,0.0,0.0,0.0,0.0,0.0,1.0
11,11,0.0,0.0,0.0,0.0,0.0,0.0,0.0,0.0,0.0,0.0,0.0,1.0
11,11,0.0,0.0,0.0,0.0,0.0,0.0,0.0,0.0,0.0,0.0,0.0,1.0
11,11,0.0,0.0,0.0,0.0,0.0,0.0,0.0,0.0,0.0,0.0,0.0,1.0
11,11,0.0,0.0,0.0,0.0,0.0,0.0,0.0,0.0,0.0,0.0,0.0,1.0
11,11,0.0,0.0,0.0,0.0,0.0,0.0,0.0,0.0,0.0,0.0,0.0,1.0
11,11,0.0,0.0,0.0,0.0,0.0,0.0,0.0,0.0,0.0,0.0,0.0,1.0
11,11,0.0,0.0,0.0,0.0,0.0,0.0,0.0,0.0,0.0,0.0,0.0,1.0
11,11,0.0,0.0,0.0,0.0,0.0,0.0,0.0,0.0,0.0,0.0,0.0,1.0
11,11,0.0,0.0,0.0,0.0,0.0,0.0,0.0,0.0,0.0,0.0,0.0,1.0
11,11,0.0,0.0,0.0,0.0,0.0,0.0,0.0,0.0,0.0,0.0,0.0,1.0
11,11,0.0,0.0,0.0,0.0,0.0,0.0,0.0,0.0,0.0,0.0,0.0,1.0
11,11,0.0,0.0,0.0,0.0,0.0,0.0,0.0,0.0,0.0,0.0,0.0,1.0
11,11,0.0,0.0,0.0,0.0,0.0,0.0,0.0,0.0,0.0,0.0,0.0,1.0
11,11,0.0,0.0,0.0,0.0,0.0,0.0,0.0,0.0,0.0,0.0,0.0,1.0
11,11,0.0,0.0,0.0,0.0,0.0,0.0,0.0,0.0,0.0,0.0,0.0,1.0
11,11,0.0,0.0,0.0,0.0,0.0,0.0,0.0,0.0,0.0,0.0,0.0,1.0
11,11,0.0,0.0,0.0,0.0,0.0,0.0,0.0,0.0,0.0,0.0,0.0,1.0
11,11,0.0,0.0,0.0,0.0,0.0,0.0,0.0,0.0,0.0,0.0,0.0,1.0
11,11,0.0,0.0,0.0,0.0,0.0,0.0,0.0,0.0,0.0,0.0,0.0,1.0
11,11,0.0,0.0,0.0,0.0,0.0,0.0,0.0,0.0,0.0,0.0,0.0,1.0
11,11,0.0,0.0,0.0,0.0,0.0,0.0,0.0,0.0,0.0,0.0,0.0,1.0
11,11,0.0,0.0,0.0,0.0,0.0,0.0,0.0,0.0,0.0,0.0,0.0,1.0
11,11,0.0,0.0,0.0,0.0,0.0,0.0,0.0,0.0,0.0,0.0,0.0,1.0
11,11,0.0,0.0,0.0,0.0,0.0,0.0,0.0,0.0,0.0,0.0,0.0,1.0
11,11,0.0,0.0,0.0,0.0,0.0,0.0,0.0,0.0,0.0,0.0,0.0,1.0
11,11,0.0,0.0,0.0,0.0,0.0,0.0,0.0,0.0,0.0,0.0,0.0,1.0
11,11,0.0,0.0,0.0,0.0,0.0,0.0,0.0,0.0,0.0,0.0,0.0,1.0
11,11,0.0,0.0,0.0,0.0,0.0,0.0,0.0,0.0,0.0,0.0,0.0,1.0
11,11,0.0,0.0,0.0,0.0,0.0,0.0,0.0,0.0,0.0,0.0,0.0,1.0
11,11,0.0,0.0,0.0,0.0,0.0,0.0,0.0,0.0,0.0,0.0,0.0,1.0
11,11,0.0,0.0,0.0,0.0,0.0,0.0,0.0,0.0,0.0,0.0,0.0,1.0
11,11,0.0,0.0,0.0,0.0,0.0,0.0,0.0,0.0,0.0,0.0,0.0,1.0
11,11,0.0,0.0,0.0,0.0,0.0,0.0,0.0,0.0,0.0,0.0,0.0,1.0
11,11,0.0,0.0,0.0,0.0,0.0,0.0,0.0,0.0,0.0,0.0,0.0,1.0
11,11,0.0,0.0,0.0,0.0,0.0,0.0,0.0,0.0,0.0,0.0,0.0,1.0
11,11,0.0,0.0,0.0,0.0,0.0,0.0,0.0,0.0,0.0,0.0,0.0,1.0
11,11,0.0,0.0,0.0,0.0,0.0,0.0,0.0,0.0,0.0,0.0,0.0,1.0
11,11,0.0,0.0,0.0,0.0,0.0,0.0,0.0,0.0,0.0,0.0,0.0,1.0
11,11,0.0,0.0,0.0,0.0,0.0,0.0,0.0,0.0,0.0,0.0,0.0,1.0
11,11,0.0,0.0,0.0,0.0,0.0,0.0,0.0,0.0,0.0,0.0,0.0,1.0
11,11,0.0,0.0,0.0,0.0,0.0,0.0,0.0,0.0,0.0,0.0,0.0,1.0
11,11,0.0,0.0,0.0,0.0,0.0,0.0,0.0,0.0,0.0,0.0,0.0,1.0
11,11,0.0,0.0,0.0,0.0,0.0,0.0,0.0,0.0,0.0,0.0,0.0,1.0
11,11,0.0,0.0,0.0,0.0,0.0,0.0,0.0,0.0,0.0,0.0,0.0,1.0
11,11,0.0,0.0,0.0,0.0,0.0,0.0,0.0,0.0,0.0,0.0,0.0,1.0
11,11,0.0,0.0,0.0,0.0,0.0,0.0,0.0,0.0,0.0,0.0,0.0,1.0
11,11,0.0,0.0,0.0,0.0,0.0,0.0,0.0,0.0,0.0,0.0,0.0,1.0
11,11,0.0,0.0,0.0,0.0,0.0,0.0,0.0,0.0,0.0,0.0,0.0,1.0
11,11,0.0,0.0,0.0,0.0,0.0,0.0,0.0,0.0,0.0,0.0,0.0,1.0
11,11,0.0,0.0,0.0,0.0,0.0,0.0,0.0,0.0,0.0,0.0,0.0,1.0
11,11,0.0,0.0,0.0,0.0,0.0,0.0,0.0,0.0,0.0,0.0,0.0,1.0
11,11,0.0,0.0,0.0,0.0,0.0,0.0,0.0,0.0,0.0,0.0,0.0,1.0
11,11,0.0,0.0,0.0,0.0,0.0,0.0,0.0,0.0,0.0,0.0,0.0,1.0
11,11,0.0,0.0,0.0,0.0,0.0,0.0,0.0,0.0,0.0,0.0,0.0,1.0
11,11,0.0,0.0,0.0,0.0,0.0,0.0,0.0,0.0,0.0,0.0,0.0,1.0
11,11,0.0,0.0,0.0,0.0,0.0,0.0,0.0,0.0,0.0,0.0,0.0,1.0
11,11,0.0,0.0,0.0,0.0,0.0,0.0,0.0,0.0,0.0,0.0,0.0,1.0
11,11,0.0,0.0,0.0,0.0,0.0,0.0,0.0,0.0,0.0,0.0,0.0,1.0
11,11,0.0,0.0,0.0,0.0,0.0,0.0,0.0,0.0,0.0,0.0,0.0,1.0
11,11,0.0,0.0,0.0,0.0,0.0,0.0,0.0,0.0,0.0,0.0,0.0,1.0
11,11,0.0,0.0,0.0,0.0,0.0,0.0,0.0,0.0,0.0,0.0,0.0,1.0
11,11,0.0,0.0,0.0,0.0,0.0,0.0,0.0,0.0,0.0,0.0,0.0,1.0
11,11,0.0,0.0,0.0,0.0,0.0,0.0,0.0,0.0,0.0,0.0,0.0,1.0
11,11,0.0,0.0,0.0,0.0,0.0,0.0,0.0,0.0,0.0,0.0,0.0,1.0
11,11,0.0,0.0,0.0,0.0,0.0,0.0,0.0,0.0,0.0,0.0,0.0,1.0
11,11,0.0,0.0,0.0,0.0,0.0,0.0,0.0,0.0,0.0,0.0,0.0,1.0
11,11,0.0,0.0,0.0,0.0,0.0,0.0,0.0,0.0,0.0,0.0,0.0,1.0
11,11,0.0,0.0,0.0,0.0,0.0,0.0,0.0,0.0,0.0,0.0,0.0,1.0
11,11,0.0,0.0,0.0,0.0,0.0,0.0,0.0,0.0,0.0,0.0,0.0,1.0
11,11,0.0,0.0,0.0,0.0,0.0,0.0,0.0,0.0,0.0,0.0,0.0,1.0
11,11,0.0,0.0,0.0,0.0,0.0,0.0,0.0,0.0,0.0,0.0,0.0,1.0
11,11,0.0,0.0,0.0,0.0,0.0,0.0,0.0,0.0,0.0,0.0,0.0,1.0
11,11,0.0,0.0,0.0,0.0,0.0,0.0,0.0,0.0,0.0,0.0,0.0,1.0
11,11,0.0,0.0,0.0,0.0,0.0,0.0,0.0,0.0,0.0,0.0,0.0,1.0
11,11,0.0,0.0,0.0,0.0,0.0,0.0,0.0,0.0,0.0,0.0,0.0,1.0
11,11,0.0,0.0,0.0,0.0,0.0,0.0,0.0,0.0,0.0,0.0,0.0,1.0
11,11,0.0,0.0,0.0,0.0,0.0,0.0,0.0,0.0,0.0,0.0,0.0,1.0
11,11,0.0,0.0,0.0,0.0,0.0,0.0,0.0,0.0,0.0,0.0,0.0,1.0
11,11,0.0,0.0,0.0,0.0,0.0,0.0,0.0,0.0,0.0,0.0,0.0,1.0
11,11,0.0,0.0,0.0,0.0,0.0,0.0,0.0,0.0,0.0,0.0,0.0,1.0
11,11,0.0,0.0,0.0,0.0,0.0,0.0,0.0,0.0,0.0,0.0,0.0,1.0
11,11,0.0,0.0,0.0,0.0,0.0,0.0,0.0,0.0,0.0,0.0,0.0,1.0
11,11,0.0,0.0,0.0,0.0,0.0,0.0,0.0,0.0,0.0,0.0,0.0,1.0
11,11,0.0,0.0,0.0,0.0,0.0,0.0,0.0,0.0,0.0,0.0,0.0,1.0
11,11,0.0,0.0,0.0,0.0,0.0,0.0,0.0,0.0,0.0,0.0,0.0,1.0
11,11,0.0,0.0,0.0,0.0,0.0,0.0,0.0,0.0,0.0,0.0,0.0,1.0
11,11,0.0,0.0,0.0,0.0,0.0,0.0,0.0,0.0,0.0,0.0,0.0,1.0
11,11,0.0,0.0,0.0,0.0,0.0,0.0,0.0,0.0,0.0,0.0,0.0,1.0
11,11,0.0,0.0,0.0,0.0,0.0,0.0,0.0,0.0,0.0,0.0,0.0,1.0
11,11,0.0,0.0,0.0,0.0,0.0,0.0,0.0,0.0,0.0,0.0,0.0,1.0
11,11,0.0,0.0,0.0,0.0,0.0,0.0,0.0,0.0,0.0,0.0,0.0,1.0
11,11,0.0,0.0,0.0,0.0,0.0,0.0,0.0,0.0,0.0,0.0,0.0,1.0
11,11,0.0,0.0,0.0,0.0,0.0,0.0,0.0,0.0,0.0,0.0,0.0,1.0
11,11,0.0,0.0,0.0,0.0,0.0,0.0,0.0,0.0,0.0,0.0,0.0,1.0
11,11,0.0,0.0,0.0,0.0,0.0,0.0,0.0,0.0,0.0,0.0,0.0,1.0
11,11,0.0,0.0,0.0,0.0,0.0,0.0,0.0,0.0,0.0,0.0,0.0,1.0
11,11,0.0,0.0,0.0,0.0,0.0,0.0,0.0,0.0,0.0,0.0,0.0,1.0
11,11,0.0,0.0,0.0,0.0,0.0,0.0,0.0,0.0,0.0,0.0,0.0,1.0
11,11,0.0,0.0,0.0,0.0,0.0,0.0,0.0,0.0,0.0,0.0,0.0,1.0
11,11,0.0,0.0,0.0,0.0,0.0,0.0,0.0,0.0,0.0,0.0,0.0,1.0
11,11,0.0,0.0,0.0,0.0,0.0,0.0,0.0,0.0,0.0,0.0,0.0,1.0
11,11,0.0,0.0,0.0,0.0,0.0,0.0,0.0,0.0,0.0,0.0,0.0,1.0
11,11,0.0,0.0,0.0,0.0,0.0,0.0,0.0,0.0,0.0,0.0,0.0,1.0
11,11,0.0,0.0,0.0,0.0,0.0,0.0,0.0,0.0,0.0,0.0,0.0,1.0
11,11,0.0,0.0,0.0,0.0,0.0,0.0,0.0,0.0,0.0,0.0,0.0,1.0
11,11,0.0,0.0,0.0,0.0,0.0,0.0,0.0,0.0,0.0,0.0,0.0,1.0
11,11,0.0,0.0,0.0,0.0,0.0,0.0,0.0,0.0,0.0,0.0,0.0,1.0
11,11,0.0,0.0,0.0,0.0,0.0,0.0,0.0,0.0,0.0,0.0,0.0,1.0
11,11,0.0,0.0,0.0,0.0,0.0,0.0,0.0,0.0,0.0,0.0,0.0,1.0
11,11,0.0,0.0,0.0,0.0,0.0,0.0,0.0,0.0,0.0,0.0,0.0,1.0
11,11,0.0,0.0,0.0,0.0,0.0,0.0,0.0,0.0,0.0,0.0,0.0,1.0
11,11,0.0,0.0,0.0,0.0,0.0,0.0,0.0,0.0,0.0,0.0,0.0,1.0
11,11,0.0,0.0,0.0,0.0,0.0,0.0,0.0,0.0,0.0,0.0,0.0,1.0
11,11,0.0,0.0,0.0,0.0,0.0,0.0,0.0,0.0,0.0,0.0,0.0,1.0
11,11,0.0,0.0,0.0,0.0,0.0,0.0,0.0,0.0,0.0,0.0,0.0,1.0
11,11,0.0,0.0,0.0,0.0,0.0,0.0,0.0,0.0,0.0,0.0,0.0,1.0
11,11,0.0,0.0,0.0,0.0,0.0,0.0,0.0,0.0,0.0,0.0,0.0,1.0
11,11,0.0,0.0,0.0,0.0,0.0,0.0,0.0,0.0,0.0,0.0,0.0,1.0
11,11,0.0,0.0,0.0,0.0,0.0,0.0,0.0,0.0,0.0,0.0,0.0,1.0
11,11,0.0,0.0,0.0,0.0,0.0,0.0,0.0,0.0,0.0,0.0,0.0,1.0
11,11,0.0,0.0,0.0,0.0,0.0,0.0,0.0,0.0,0.0,0.0,0.0,1.0
11,11,0.0,0.0,0.0,0.0,0.0,0.0,0.0,0.0,0.0,0.0,0.0,1.0
11,11,0.0,0.0,0.0,0.0,0.0,0.0,0.0,0.0,0.0,0.0,0.0,1.0
11,11,0.0,0.0,0.0,0.0,0.0,0.0,0.0,0.0,0.0,0.0,0.0,1.0
11,11,0.0,0.0,0.0,0.0,0.0,0.0,0.0,0.0,0.0,0.0,0.0,1.0
11,11,0.0,0.0,0.0,0.0,0.0,0.0,0.0,0.0,0.0,0.0,0.0,1.0
11,11,0.0,0.0,0.0,0.0,0.0,0.0,0.0,0.0,0.0,0.0,0.0,1.0
11,11,0.0,0.0,0.0,0.0,0.0,0.0,0.0,0.0,0.0,0.0,0.0,1.0
11,11,0.0,0.0,0.0,0.0,0.0,0.0,0.0,0.0,0.0,0.0,0.0,1.0
11,11,0.0,0.0,0.0,0.0,0.0,0.0,0.0,0.0,0.0,0.0,0.0,1.0
11,11,0.0,0.0,0.0,0.0,0.0,0.0,0.0,0.0,0.0,0.0,0.0,1.0
11,11,0.0,0.0,0.0,0.0,0.0,0.0,0.0,0.0,0.0,0.0,0.0,1.0
11,11,0.0,0.0,0.0,0.0,0.0,0.0,0.0,0.0,0.0,0.0,0.0,1.0
11,11,0.0,0.0,0.0,0.0,0.0,0.0,0.0,0.0,0.0,0.0,0.0,1.0
11,11,0.0,0.0,0.0,0.0,0.0,0.0,0.0,0.0,0.0,0.0,0.0,1.0
11,11,0.0,0.0,0.0,0.0,0.0,0.0,0.0,0.0,0.0,0.0,0.0,1.0
11,11,0.0,0.0,0.0,0.0,0.0,0.0,0.0,0.0,0.0,0.0,0.0,1.0
11,11,0.0,0.0,0.0,0.0,0.0,0.0,0.0,0.0,0.0,0.0,0.0,1.0
11,11,0.0,0.0,0.0,0.0,0.0,0.0,0.0,0.0,0.0,0.0,0.0,1.0
11,11,0.0,0.0,0.0,0.0,0.0,0.0,0.0,0.0,0.0,0.0,0.0,1.0
11,11,0.0,0.0,0.0,0.0,0.0,0.0,0.0,0.0,0.0,0.0,0.0,1.0
11,11,0.0,0.0,0.0,0.0,0.0,0.0,0.0,0.0,0.0,0.0,0.0,1.0
11,11,0.0,0.0,0.0,0.0,0.0,0.0,0.0,0.0,0.0,0.0,0.0,1.0
11,11,0.0,0.0,0.0,0.0,0.0,0.0,0.0,0.0,0.0,0.0,0.0,1.0
11,11,0.0,0.0,0.0,0.0,0.0,0.0,0.0,0.0,0.0,0.0,0.0,1.0
11,11,0.0,0.0,0.0,0.0,0.0,0.0,0.0,0.0,0.0,0.0,0.0,1.0
11,11,0.0,0.0,0.0,0.0,0.0,0.0,0.0,0.0,0.0,0.0,0.0,1.0
11,11,0.0,0.0,0.0,0.0,0.0,0.0,0.0,0.0,0.0,0.0,0.0,1.0
11,11,0.0,0.0,0.0,0.0,0.0,0.0,0.0,0.0,0.0,0.0,0.0,1.0
11,11,0.0,0.0,0.0,0.0,0.0,0.0,0.0,0.0,0.0,0.0,0.0,1.0
11,11,0.0,0.0,0.0,0.0,0.0,0.0,0.0,0.0,0.0,0.0,0.0,1.0
11,11,0.0,0.0,0.0,0.0,0.0,0.0,0.0,0.0,0.0,0.0,0.0,1.0
11,11,0.0,0.0,0.0,0.0,0.0,0.0,0.0,0.0,0.0,0.0,0.0,1.0
11,11,0.0,0.0,0.0,0.0,0.0,0.0,0.0,0.0,0.0,0.0,0.0,1.0
11,11,0.0,0.0,0.0,0.0,0.0,0.0,0.0,0.0,0.0,0.0,0.0,1.0
11,11,0.0,0.0,0.0,0.0,0.0,0.0,0.0,0.0,0.0,0.0,0.0,1.0
11,11,0.0,0.0,0.0,0.0,0.0,0.0,0.0,0.0,0.0,0.0,0.0,1.0
11,11,0.0,0.0,0.0,0.0,0.0,0.0,0.0,0.0,0.0,0.0,0.0,1.0
11,11,0.0,0.0,0.0,0.0,0.0,0.0,0.0,0.0,0.0,0.0,0.0,1.0
11,11,0.0,0.0,0.0,0.0,0.0,0.0,0.0,0.0,0.0,0.0,0.0,1.0
11,11,0.0,0.0,0.0,0.0,0.0,0.0,0.0,0.0,0.0,0.0,0.0,1.0
11,11,0.0,0.0,0.0,0.0,0.0,0.0,0.0,0.0,0.0,0.0,0.0,1.0
11,11,0.0,0.0,0.0,0.0,0.0,0.0,0.0,0.0,0.0,0.0,0.0,1.0
11,11,0.0,0.0,0.0,0.0,0.0,0.0,0.0,0.0,0.0,0.0,0.0,1.0
11,11,0.0,0.0,0.0,0.0,0.0,0.0,0.0,0.0,0.0,0.0,0.0,1.0
11,11,0.0,0.0,0.0,0.0,0.0,0.0,0.0,0.0,0.0,0.0,0.0,1.0
11,11,0.0,0.0,0.0,0.0,0.0,0.0,0.0,0.0,0.0,0.0,0.0,1.0
11,11,0.0,0.0,0.0,0.0,0.0,0.0,0.0,0.0,0.0,0.0,0.0,1.0
11,11,0.0,0.0,0.0,0.0,0.0,0.0,0.0,0.0,0.0,0.0,0.0,1.0
11,11,0.0,0.0,0.0,0.0,0.0,0.0,0.0,0.0,0.0,0.0,0.0,1.0
11,11,0.0,0.0,0.0,0.0,0.0,0.0,0.0,0.0,0.0,0.0,0.0,1.0
11,11,0.0,0.0,0.0,0.0,0.0,0.0,0.0,0.0,0.0,0.0,0.0,1.0
11,11,0.0,0.0,0.0,0.0,0.0,0.0,0.0,0.0,0.0,0.0,0.0,1.0
11,11,0.0,0.0,0.0,0.0,0.0,0.0,0.0,0.0,0.0,0.0,0.0,1.0
11,11,0.0,0.0,0.0,0.0,0.0,0.0,0.0,0.0,0.0,0.0,0.0,1.0
11,11,0.0,0.0,0.0,0.0,0.0,0.0,0.0,0.0,0.0,0.0,0.0,1.0
11,11,0.0,0.0,0.0,0.0,0.0,0.0,0.0,0.0,0.0,0.0,0.0,1.0
11,11,0.0,0.0,0.0,0.0,0.0,0.0,0.0,0.0,0.0,0.0,0.0,1.0
11,11,0.0,0.0,0.0,0.0,0.0,0.0,0.0,0.0,0.0,0.0,0.0,1.0
11,11,0.0,0.0,0.0,0.0,0.0,0.0,0.0,0.0,0.0,0.0,0.0,1.0
11,11,0.0,0.0,0.0,0.0,0.0,0.0,0.0,0.0,0.0,0.0,0.0,1.0
11,11,0.0,0.0,0.0,0.0,0.0,0.0,0.0,0.0,0.0,0.0,0.0,1.0
11,11,0.0,0.0,0.0,0.0,0.0,0.0,0.0,0.0,0.0,0.0,0.0,1.0
11,11,0.0,0.0,0.0,0.0,0.0,0.0,0.0,0.0,0.0,0.0,0.0,1.0
11,11,0.0,0.0,0.0,0.0,0.0,0.0,0.0,0.0,0.0,0.0,0.0,1.0
11,11,0.0,0.0,0.0,0.0,0.0,0.0,0.0,0.0,0.0,0.0,0.0,1.0
11,11,0.0,0.0,0.0,0.0,0.0,0.0,0.0,0.0,0.0,0.0,0.0,1.0
11,11,0.0,0.0,0.0,0.0,0.0,0.0,0.0,0.0,0.0,0.0,0.0,1.0
11,11,0.0,0.0,0.0,0.0,0.0,0.0,0.0,0.0,0.0,0.0,0.0,1.0
11,11,0.0,0.0,0.0,0.0,0.0,0.0,0.0,0.0,0.0,0.0,0.0,1.0
11,11,0.0,0.0,0.0,0.0,0.0,0.0,0.0,0.0,0.0,0.0,0.0,1.0
11,11,0.0,0.0,0.0,0.0,0.0,0.0,0.0,0.0,0.0,0.0,0.0,1.0
11,11,0.0,0.0,0.0,0.0,0.0,0.0,0.0,0.0,0.0,0.0,0.0,1.0
11,11,0.0,0.0,0.0,0.0,0.0,0.0,0.0,0.0,0.0,0.0,0.0,1.0
11,11,0.0,0.0,0.0,0.0,0.0,0.0,0.0,0.0,0.0,0.0,0.0,1.0
11,11,0.0,0.0,0.0,0.0,0.0,0.0,0.0,0.0,0.0,0.0,0.0,1.0
11,11,0.0,0.0,0.0,0.0,0.0,0.0,0.0,0.0,0.0,0.0,0.0,1.0
11,11,0.0,0.0,0.0,0.0,0.0,0.0,0.0,0.0,0.0,0.0,0.0,1.0
11,11,0.0,0.0,0.0,0.0,0.0,0.0,0.0,0.0,0.0,0.0,0.0,1.0
11,11,0.0,0.0,0.0,0.0,0.0,0.0,0.0,0.0,0.0,0.0,0.0,1.0
11,11,0.0,0.0,0.0,0.0,0.0,0.0,0.0,0.0,0.0,0.0,0.0,1.0
11,11,0.0,0.0,0.0,0.0,0.0,0.0,0.0,0.0,0.0,0.0,0.0,1.0
11,11,0.0,0.0,0.0,0.0,0.0,0.0,0.0,0.0,0.0,0.0,0.0,1.0
11,11,0.0,0.0,0.0,0.0,0.0,0.0,0.0,0.0,0.0,0.0,0.0,1.0
11,11,0.0,0.0,0.0,0.0,0.0,0.0,0.0,0.0,0.0,0.0,0.0,1.0
11,11,0.0,0.0,0.0,0.0,0.0,0.0,0.0,0.0,0.0,0.0,0.0,1.0
11,11,0.0,0.0,0.0,0.0,0.0,0.0,0.0,0.0,0.0,0.0,0.0,1.0
11,11,0.0,0.0,0.0,0.0,0.0,0.0,0.0,0.0,0.0,0.0,0.0,1.0
11,11,0.0,0.0,0.0,0.0,0.0,0.0,0.0,0.0,0.0,0.0,0.0,1.0
11,11,0.0,0.0,0.0,0.0,0.0,0.0,0.0,0.0,0.0,0.0,0.0,1.0
11,11,0.0,0.0,0.0,0.0,0.0,0.0,0.0,0.0,0.0,0.0,0.0,1.0
11,11,0.0,0.0,0.0,0.0,0.0,0.0,0.0,0.0,0.0,0.0,0.0,1.0
11,11,0.0,0.0,0.0,0.0,0.0,0.0,0.0,0.0,0.0,0.0,0.0,1.0
11,11,0.0,0.0,0.0,0.0,0.0,0.0,0.0,0.0,0.0,0.0,0.0,1.0
11,11,0.0,0.0,0.0,0.0,0.0,0.0,0.0,0.0,0.0,0.0,0.0,1.0
11,11,0.0,0.0,0.0,0.0,0.0,0.0,0.0,0.0,0.0,0.0,0.0,1.0
11,11,0.0,0.0,0.0,0.0,0.0,0.0,0.0,0.0,0.0,0.0,0.0,1.0
11,11,0.0,0.0,0.0,0.0,0.0,0.0,0.0,0.0,0.0,0.0,0.0,1.0
11,11,0.0,0.0,0.0,0.0,0.0,0.0,0.0,0.0,0.0,0.0,0.0,1.0
11,11,0.0,0.0,0.0,0.0,0.0,0.0,0.0,0.0,0.0,0.0,0.0,1.0
11,11,0.0,0.0,0.0,0.0,0.0,0.0,0.0,0.0,0.0,0.0,0.0,1.0
11,11,0.0,0.0,0.0,0.0,0.0,0.0,0.0,0.0,0.0,0.0,0.0,1.0
11,11,0.0,0.0,0.0,0.0,0.0,0.0,0.0,0.0,0.0,0.0,0.0,1.0
11,11,0.0,0.0,0.0,0.0,0.0,0.0,0.0,0.0,0.0,0.0,0.0,1.0
11,11,0.0,0.0,0.0,0.0,0.0,0.0,0.0,0.0,0.0,0.0,0.0,1.0
11,11,0.0,0.0,0.0,0.0,0.0,0.0,0.0,0.0,0.0,0.0,0.0,1.0
11,11,0.0,0.0,0.0,0.0,0.0,0.0,0.0,0.0,0.0,0.0,0.0,1.0
11,11,0.0,0.0,0.0,0.0,0.0,0.0,0.0,0.0,0.0,0.0,0.0,1.0
11,11,0.0,0.0,0.0,0.0,0.0,0.0,0.0,0.0,0.0,0.0,0.0,1.0
11,11,0.0,0.0,0.0,0.0,0.0,0.0,0.0,0.0,0.0,0.0,0.0,1.0
11,11,0.0,0.0,0.0,0.0,0.0,0.0,0.0,0.0,0.0,0.0,0.0,1.0
11,11,0.0,0.0,0.0,0.0,0.0,0.0,0.0,0.0,0.0,0.0,0.0,1.0
11,11,0.0,0.0,0.0,0.0,0.0,0.0,0.0,0.0,0.0,0.0,0.0,1.0
11,11,0.0,0.0,0.0,0.0,0.0,0.0,0.0,0.0,0.0,0.0,0.0,1.0
11,11,0.0,0.0,0.0,0.0,0.0,0.0,0.0,0.0,0.0,0.0,0.0,1.0
11,11,0.0,0.0,0.0,0.0,0.0,0.0,0.0,0.0,0.0,0.0,0.0,1.0
11,11,0.0,0.0,0.0,0.0,0.0,0.0,0.0,0.0,0.0,0.0,0.0,1.0
11,11,0.0,0.0,0.0,0.0,0.0,0.0,0.0,0.0,0.0,0.0,0.0,1.0
11,11,0.0,0.0,0.0,0.0,0.0,0.0,0.0,0.0,0.0,0.0,0.0,1.0
11,11,0.0,0.0,0.0,0.0,0.0,0.0,0.0,0.0,0.0,0.0,0.0,1.0
11,11,0.0,0.0,0.0,0.0,0.0,0.0,0.0,0.0,0.0,0.0,0.0,1.0
11,11,0.0,0.0,0.0,0.0,0.0,0.0,0.0,0.0,0.0,0.0,0.0,1.0
11,11,0.0,0.0,0.0,0.0,0.0,0.0,0.0,0.0,0.0,0.0,0.0,1.0
11,11,0.0,0.0,0.0,0.0,0.0,0.0,0.0,0.0,0.0,0.0,0.0,1.0
11,11,0.0,0.0,0.0,0.0,0.0,0.0,0.0,0.0,0.0,0.0,0.0,1.0
11,11,0.0,0.0,0.0,0.0,0.0,0.0,0.0,0.0,0.0,0.0,0.0,1.0
11,11,0.0,0.0,0.0,0.0,0.0,0.0,0.0,0.0,0.0,0.0,0.0,1.0
11,11,0.0,0.0,0.0,0.0,0.0,0.0,0.0,0.0,0.0,0.0,0.0,1.0
11,11,0.0,0.0,0.0,0.0,0.0,0.0,0.0,0.0,0.0,0.0,0.0,1.0
11,11,0.0,0.0,0.0,0.0,0.0,0.0,0.0,0.0,0.0,0.0,0.0,1.0
11,11,0.0,0.0,0.0,0.0,0.0,0.0,0.0,0.0,0.0,0.0,0.0,1.0
11,11,0.0,0.0,0.0,0.0,0.0,0.0,0.0,0.0,0.0,0.0,0.0,1.0
11,11,0.0,0.0,0.0,0.0,0.0,0.0,0.0,0.0,0.0,0.0,0.0,1.0
11,11,0.0,0.0,0.0,0.0,0.0,0.0,0.0,0.0,0.0,0.0,0.0,1.0
11,11,0.0,0.0,0.0,0.0,0.0,0.0,0.0,0.0,0.0,0.0,0.0,1.0
11,11,0.0,0.0,0.0,0.0,0.0,0.0,0.0,0.0,0.0,0.0,0.0,1.0
11,11,0.0,0.0,0.0,0.0,0.0,0.0,0.0,0.0,0.0,0.0,0.0,1.0
11,11,0.0,0.0,0.0,0.0,0.0,0.0,0.0,0.0,0.0,0.0,0.0,1.0
11,11,0.0,0.0,0.0,0.0,0.0,0.0,0.0,0.0,0.0,0.0,0.0,1.0
11,11,0.0,0.0,0.0,0.0,0.0,0.0,0.0,0.0,0.0,0.0,0.0,1.0
11,11,0.0,0.0,0.0,0.0,0.0,0.0,0.0,0.0,0.0,0.0,0.0,1.0
11,11,0.0,0.0,0.0,0.0,0.0,0.0,0.0,0.0,0.0,0.0,0.0,1.0
11,11,0.0,0.0,0.0,0.0,0.0,0.0,0.0,0.0,0.0,0.0,0.0,1.0
11,11,0.0,0.0,0.0,0.0,0.0,0.0,0.0,0.0,0.0,0.0,0.0,1.0
11,11,0.0,0.0,0.0,0.0,0.0,0.0,0.0,0.0,0.0,0.0,0.0,1.0
11,11,0.0,0.0,0.0,0.0,0.0,0.0,0.0,0.0,0.0,0.0,0.0,1.0
11,11,0.0,0.0,0.0,0.0,0.0,0.0,0.0,0.0,0.0,0.0,0.0,1.0
11,11,0.0,0.0,0.0,0.0,0.0,0.0,0.0,0.0,0.0,0.0,0.0,1.0
11,11,0.0,0.0,0.0,0.0,0.0,0.0,0.0,0.0,0.0,0.0,0.0,1.0
11,11,0.0,0.0,0.0,0.0,0.0,0.0,0.0,0.0,0.0,0.0,0.0,1.0
11,11,0.0,0.0,0.0,0.0,0.0,0.0,0.0,0.0,0.0,0.0,0.0,1.0
11,11,0.0,0.0,0.0,0.0,0.0,0.0,0.0,0.0,0.0,0.0,0.0,1.0
11,11,0.0,0.0,0.0,0.0,0.0,0.0,0.0,0.0,0.0,0.0,0.0,1.0
11,11,0.0,0.0,0.0,0.0,0.0,0.0,0.0,0.0,0.0,0.0,0.0,1.0
11,11,0.0,0.0,0.0,0.0,0.0,0.0,0.0,0.0,0.0,0.0,0.0,1.0
11,11,0.0,0.0,0.0,0.0,0.0,0.0,0.0,0.0,0.0,0.0,0.0,1.0
11,11,0.0,0.0,0.0,0.0,0.0,0.0,0.0,0.0,0.0,0.0,0.0,1.0
11,11,0.0,0.0,0.0,0.0,0.0,0.0,0.0,0.0,0.0,0.0,0.0,1.0
11,11,0.0,0.0,0.0,0.0,0.0,0.0,0.0,0.0,0.0,0.0,0.0,1.0
11,11,0.0,0.0,0.0,0.0,0.0,0.0,0.0,0.0,0.0,0.0,0.0,1.0
11,11,0.0,0.0,0.0,0.0,0.0,0.0,0.0,0.0,0.0,0.0,0.0,1.0
11,11,0.0,0.0,0.0,0.0,0.0,0.0,0.0,0.0,0.0,0.0,0.0,1.0
11,11,0.0,0.0,0.0,0.0,0.0,0.0,0.0,0.0,0.0,0.0,0.0,1.0
11,11,0.0,0.0,0.0,0.0,0.0,0.0,0.0,0.0,0.0,0.0,0.0,1.0
11,11,0.0,0.0,0.0,0.0,0.0,0.0,0.0,0.0,0.0,0.0,0.0,1.0
11,11,0.0,0.0,0.0,0.0,0.0,0.0,0.0,0.0,0.0,0.0,0.0,1.0
11,11,0.0,0.0,0.0,0.0,0.0,0.0,0.0,0.0,0.0,0.0,0.0,1.0
11,11,0.0,0.0,0.0,0.0,0.0,0.0,0.0,0.0,0.0,0.0,0.0,1.0
11,11,0.0,0.0,0.0,0.0,0.0,0.0,0.0,0.0,0.0,0.0,0.0,1.0
11,11,0.0,0.0,0.0,0.0,0.0,0.0,0.0,0.0,0.0,0.0,0.0,1.0
11,11,0.0,0.0,0.0,0.0,0.0,0.0,0.0,0.0,0.0,0.0,0.0,1.0
11,11,0.0,0.0,0.0,0.0,0.0,0.0,0.0,0.0,0.0,0.0,0.0,1.0
11,11,0.0,0.0,0.0,0.0,0.0,0.0,0.0,0.0,0.0,0.0,0.0,1.0
11,11,0.0,0.0,0.0,0.0,0.0,0.0,0.0,0.0,0.0,0.0,0.0,1.0
11,11,0.0,0.0,0.0,0.0,0.0,0.0,0.0,0.0,0.0,0.0,0.0,1.0
11,11,0.0,0.0,0.0,0.0,0.0,0.0,0.0,0.0,0.0,0.0,0.0,1.0
11,11,0.0,0.0,0.0,0.0,0.0,0.0,0.0,0.0,0.0,0.0,0.0,1.0
11,11,0.0,0.0,0.0,0.0,0.0,0.0,0.0,0.0,0.0,0.0,0.0,1.0
11,11,0.0,0.0,0.0,0.0,0.0,0.0,0.0,0.0,0.0,0.0,0.0,1.0
11,11,0.0,0.0,0.0,0.0,0.0,0.0,0.0,0.0,0.0,0.0,0.0,1.0
11,11,0.0,0.0,0.0,0.0,0.0,0.0,0.0,0.0,0.0,0.0,0.0,1.0
11,11,0.0,0.0,0.0,0.0,0.0,0.0,0.0,0.0,0.0,0.0,0.0,1.0
11,11,0.0,0.0,0.0,0.0,0.0,0.0,0.0,0.0,0.0,0.0,0.0,1.0
11,11,0.0,0.0,0.0,0.0,0.0,0.0,0.0,0.0,0.0,0.0,0.0,1.0
11,11,0.0,0.0,0.0,0.0,0.0,0.0,0.0,0.0,0.0,0.0,0.0,1.0
11,11,0.0,0.0,0.0,0.0,0.0,0.0,0.0,0.0,0.0,0.0,0.0,1.0
11,11,0.0,0.0,0.0,0.0,0.0,0.0,0.0,0.0,0.0,0.0,0.0,1.0
11,11,0.0,0.0,0.0,0.0,0.0,0.0,0.0,0.0,0.0,0.0,0.0,1.0
11,11,0.0,0.0,0.0,0.0,0.0,0.0,0.0,0.0,0.0,0.0,0.0,1.0
11,11,0.0,0.0,0.0,0.0,0.0,0.0,0.0,0.0,0.0,0.0,0.0,1.0
11,11,0.0,0.0,0.0,0.0,0.0,0.0,0.0,0.0,0.0,0.0,0.0,1.0
11,11,0.0,0.0,0.0,0.0,0.0,0.0,0.0,0.0,0.0,0.0,0.0,1.0
11,11,0.0,0.0,0.0,0.0,0.0,0.0,0.0,0.0,0.0,0.0,0.0,1.0
11,11,0.0,0.0,0.0,0.0,0.0,0.0,0.0,0.0,0.0,0.0,0.0,1.0
11,11,0.0,0.0,0.0,0.0,0.0,0.0,0.0,0.0,0.0,0.0,0.0,1.0
11,11,0.0,0.0,0.0,0.0,0.0,0.0,0.0,0.0,0.0,0.0,0.0,1.0
11,11,0.0,0.0,0.0,0.0,0.0,0.0,0.0,0.0,0.0,0.0,0.0,1.0
11,11,0.0,0.0,0.0,0.0,0.0,0.0,0.0,0.0,0.0,0.0,0.0,1.0
11,11,0.0,0.0,0.0,0.0,0.0,0.0,0.0,0.0,0.0,0.0,0.0,1.0
11,11,0.0,0.0,0.0,0.0,0.0,0.0,0.0,0.0,0.0,0.0,0.0,1.0
11,11,0.0,0.0,0.0,0.0,0.0,0.0,0.0,0.0,0.0,0.0,0.0,1.0
11,11,0.0,0.0,0.0,0.0,0.0,0.0,0.0,0.0,0.0,0.0,0.0,1.0
11,11,0.0,0.0,0.0,0.0,0.0,0.0,0.0,0.0,0.0,0.0,0.0,1.0
11,11,0.0,0.0,0.0,0.0,0.0,0.0,0.0,0.0,0.0,0.0,0.0,1.0
11,11,0.0,0.0,0.0,0.0,0.0,0.0,0.0,0.0,0.0,0.0,0.0,1.0
11,11,0.0,0.0,0.0,0.0,0.0,0.0,0.0,0.0,0.0,0.0,0.0,1.0
11,11,0.0,0.0,0.0,0.0,0.0,0.0,0.0,0.0,0.0,0.0,0.0,1.0
11,11,0.0,0.0,0.0,0.0,0.0,0.0,0.0,0.0,0.0,0.0,0.0,1.0
11,11,0.0,0.0,0.0,0.0,0.0,0.0,0.0,0.0,0.0,0.0,0.0,1.0
11,11,0.0,0.0,0.0,0.0,0.0,0.0,0.0,0.0,0.0,0.0,0.0,1.0
11,11,0.0,0.0,0.0,0.0,0.0,0.0,0.0,0.0,0.0,0.0,0.0,1.0
11,11,0.0,0.0,0.0,0.0,0.0,0.0,0.0,0.0,0.0,0.0,0.0,1.0
11,11,0.0,0.0,0.0,0.0,0.0,0.0,0.0,0.0,0.0,0.0,0.0,1.0
11,11,0.0,0.0,0.0,0.0,0.0,0.0,0.0,0.0,0.0,0.0,0.0,1.0
11,11,0.0,0.0,0.0,0.0,0.0,0.0,0.0,0.0,0.0,0.0,0.0,1.0
11,11,0.0,0.0,0.0,0.0,0.0,0.0,0.0,0.0,0.0,0.0,0.0,1.0
11,11,0.0,0.0,0.0,0.0,0.0,0.0,0.0,0.0,0.0,0.0,0.0,1.0
11,11,0.0,0.0,0.0,0.0,0.0,0.0,0.0,0.0,0.0,0.0,0.0,1.0
11,11,0.0,0.0,0.0,0.0,0.0,0.0,0.0,0.0,0.0,0.0,0.0,1.0
11,11,0.0,0.0,0.0,0.0,0.0,0.0,0.0,0.0,0.0,0.0,0.0,1.0
11,11,0.0,0.0,0.0,0.0,0.0,0.0,0.0,0.0,0.0,0.0,0.0,1.0
11,11,0.0,0.0,0.0,0.0,0.0,0.0,0.0,0.0,0.0,0.0,0.0,1.0
11,11,0.0,0.0,0.0,0.0,0.0,0.0,0.0,0.0,0.0,0.0,0.0,1.0
11,11,0.0,0.0,0.0,0.0,0.0,0.0,0.0,0.0,0.0,0.0,0.0,1.0
11,11,0.0,0.0,0.0,0.0,0.0,0.0,0.0,0.0,0.0,0.0,0.0,1.0
11,11,0.0,0.0,0.0,0.0,0.0,0.0,0.0,0.0,0.0,0.0,0.0,1.0
11,11,0.0,0.0,0.0,0.0,0.0,0.0,0.0,0.0,0.0,0.0,0.0,1.0
11,11,0.0,0.0,0.0,0.0,0.0,0.0,0.0,0.0,0.0,0.0,0.0,1.0
11,11,0.0,0.0,0.0,0.0,0.0,0.0,0.0,0.0,0.0,0.0,0.0,1.0
11,11,0.0,0.0,0.0,0.0,0.0,0.0,0.0,0.0,0.0,0.0,0.0,1.0
11,11,0.0,0.0,0.0,0.0,0.0,0.0,0.0,0.0,0.0,0.0,0.0,1.0
11,11,0.0,0.0,0.0,0.0,0.0,0.0,0.0,0.0,0.0,0.0,0.0,1.0
11,11,0.0,0.0,0.0,0.0,0.0,0.0,0.0,0.0,0.0,0.0,0.0,1.0
11,11,0.0,0.0,0.0,0.0,0.0,0.0,0.0,0.0,0.0,0.0,0.0,1.0
11,11,0.0,0.0,0.0,0.0,0.0,0.0,0.0,0.0,0.0,0.0,0.0,1.0
11,11,0.0,0.0,0.0,0.0,0.0,0.0,0.0,0.0,0.0,0.0,0.0,1.0
11,11,0.0,0.0,0.0,0.0,0.0,0.0,0.0,0.0,0.0,0.0,0.0,1.0
11,11,0.0,0.0,0.0,0.0,0.0,0.0,0.0,0.0,0.0,0.0,0.0,1.0
11,11,0.0,0.0,0.0,0.0,0.0,0.0,0.0,0.0,0.0,0.0,0.0,1.0
11,11,0.0,0.0,0.0,0.0,0.0,0.0,0.0,0.0,0.0,0.0,0.0,1.0
11,11,0.0,0.0,0.0,0.0,0.0,0.0,0.0,0.0,0.0,0.0,0.0,1.0
11,11,0.0,0.0,0.0,0.0,0.0,0.0,0.0,0.0,0.0,0.0,0.0,1.0
11,11,0.0,0.0,0.0,0.0,0.0,0.0,0.0,0.0,0.0,0.0,0.0,1.0
11,11,0.0,0.0,0.0,0.0,0.0,0.0,0.0,0.0,0.0,0.0,0.0,1.0
11,11,0.0,0.0,0.0,0.0,0.0,0.0,0.0,0.0,0.0,0.0,0.0,1.0
11,11,0.0,0.0,0.0,0.0,0.0,0.0,0.0,0.0,0.0,0.0,0.0,1.0
11,11,0.0,0.0,0.0,0.0,0.0,0.0,0.0,0.0,0.0,0.0,0.0,1.0
11,11,0.0,0.0,0.0,0.0,0.0,0.0,0.0,0.0,0.0,0.0,0.0,1.0
11,11,0.0,0.0,0.0,0.0,0.0,0.0,0.0,0.0,0.0,0.0,0.0,1.0
11,11,0.0,0.0,0.0,0.0,0.0,0.0,0.0,0.0,0.0,0.0,0.0,1.0
11,11,0.0,0.0,0.0,0.0,0.0,0.0,0.0,0.0,0.0,0.0,0.0,1.0
11,11,0.0,0.0,0.0,0.0,0.0,0.0,0.0,0.0,0.0,0.0,0.0,1.0
11,11,0.0,0.0,0.0,0.0,0.0,0.0,0.0,0.0,0.0,0.0,0.0,1.0
11,11,0.0,0.0,0.0,0.0,0.0,0.0,0.0,0.0,0.0,0.0,0.0,1.0
11,11,0.0,0.0,0.0,0.0,0.0,0.0,0.0,0.0,0.0,0.0,0.0,1.0
11,11,0.0,0.0,0.0,0.0,0.0,0.0,0.0,0.0,0.0,0.0,0.0,1.0
11,11,0.0,0.0,0.0,0.0,0.0,0.0,0.0,0.0,0.0,0.0,0.0,1.0
11,11,0.0,0.0,0.0,0.0,0.0,0.0,0.0,0.0,0.0,0.0,0.0,1.0
11,11,0.0,0.0,0.0,0.0,0.0,0.0,0.0,0.0,0.0,0.0,0.0,1.0
11,11,0.0,0.0,0.0,0.0,0.0,0.0,0.0,0.0,0.0,0.0,0.0,1.0
11,11,0.0,0.0,0.0,0.0,0.0,0.0,0.0,0.0,0.0,0.0,0.0,1.0
11,11,0.0,0.0,0.0,0.0,0.0,0.0,0.0,0.0,0.0,0.0,0.0,1.0
11,11,0.0,0.0,0.0,0.0,0.0,0.0,0.0,0.0,0.0,0.0,0.0,1.0
11,11,0.0,0.0,0.0,0.0,0.0,0.0,0.0,0.0,0.0,0.0,0.0,1.0
11,11,0.0,0.0,0.0,0.0,0.0,0.0,0.0,0.0,0.0,0.0,0.0,1.0
11,11,0.0,0.0,0.0,0.0,0.0,0.0,0.0,0.0,0.0,0.0,0.0,1.0
11,11,0.0,0.0,0.0,0.0,0.0,0.0,0.0,0.0,0.0,0.0,0.0,1.0
11,11,0.0,0.0,0.0,0.0,0.0,0.0,0.0,0.0,0.0,0.0,0.0,1.0
11,11,0.0,0.0,0.0,0.0,0.0,0.0,0.0,0.0,0.0,0.0,0.0,1.0
11,11,0.0,0.0,0.0,0.0,0.0,0.0,0.0,0.0,0.0,0.0,0.0,1.0
11,11,0.0,0.0,0.0,0.0,0.0,0.0,0.0,0.0,0.0,0.0,0.0,1.0
11,11,0.0,0.0,0.0,0.0,0.0,0.0,0.0,0.0,0.0,0.0,0.0,1.0
11,11,0.0,0.0,0.0,0.0,0.0,0.0,0.0,0.0,0.0,0.0,0.0,1.0
11,11,0.0,0.0,0.0,0.0,0.0,0.0,0.0,0.0,0.0,0.0,0.0,1.0
11,11,0.0,0.0,0.0,0.0,0.0,0.0,0.0,0.0,0.0,0.0,0.0,1.0
11,11,0.0,0.0,0.0,0.0,0.0,0.0,0.0,0.0,0.0,0.0,0.0,1.0
11,11,0.0,0.0,0.0,0.0,0.0,0.0,0.0,0.0,0.0,0.0,0.0,1.0
11,11,0.0,0.0,0.0,0.0,0.0,0.0,0.0,0.0,0.0,0.0,0.0,1.0
11,11,0.0,0.0,0.0,0.0,0.0,0.0,0.0,0.0,0.0,0.0,0.0,1.0
11,11,0.0,0.0,0.0,0.0,0.0,0.0,0.0,0.0,0.0,0.0,0.0,1.0
11,11,0.0,0.0,0.0,0.0,0.0,0.0,0.0,0.0,0.0,0.0,0.0,1.0
11,11,0.0,0.0,0.0,0.0,0.0,0.0,0.0,0.0,0.0,0.0,0.0,1.0
11,11,0.0,0.0,0.0,0.0,0.0,0.0,0.0,0.0,0.0,0.0,0.0,1.0
11,11,0.0,0.0,0.0,0.0,0.0,0.0,0.0,0.0,0.0,0.0,0.0,1.0
11,11,0.0,0.0,0.0,0.0,0.0,0.0,0.0,0.0,0.0,0.0,0.0,1.0
11,11,0.0,0.0,0.0,0.0,0.0,0.0,0.0,0.0,0.0,0.0,0.0,1.0
11,11,0.0,0.0,0.0,0.0,0.0,0.0,0.0,0.0,0.0,0.0,0.0,1.0
11,11,0.0,0.0,0.0,0.0,0.0,0.0,0.0,0.0,0.0,0.0,0.0,1.0
11,11,0.0,0.0,0.0,0.0,0.0,0.0,0.0,0.0,0.0,0.0,0.0,1.0
11,11,0.0,0.0,0.0,0.0,0.0,0.0,0.0,0.0,0.0,0.0,0.0,1.0
11,11,0.0,0.0,0.0,0.0,0.0,0.0,0.0,0.0,0.0,0.0,0.0,1.0
11,11,0.0,0.0,0.0,0.0,0.0,0.0,0.0,0.0,0.0,0.0,0.0,1.0
11,11,0.0,0.0,0.0,0.0,0.0,0.0,0.0,0.0,0.0,0.0,0.0,1.0
11,11,0.0,0.0,0.0,0.0,0.0,0.0,0.0,0.0,0.0,0.0,0.0,1.0
11,11,0.0,0.0,0.0,0.0,0.0,0.0,0.0,0.0,0.0,0.0,0.0,1.0
11,11,0.0,0.0,0.0,0.0,0.0,0.0,0.0,0.0,0.0,0.0,0.0,1.0
11,11,0.0,0.0,0.0,0.0,0.0,0.0,0.0,0.0,0.0,0.0,0.0,1.0
11,11,0.0,0.0,0.0,0.0,0.0,0.0,0.0,0.0,0.0,0.0,0.0,1.0
11,11,0.0,0.0,0.0,0.0,0.0,0.0,0.0,0.0,0.0,0.0,0.0,1.0
11,11,0.0,0.0,0.0,0.0,0.0,0.0,0.0,0.0,0.0,0.0,0.0,1.0
11,11,0.0,0.0,0.0,0.0,0.0,0.0,0.0,0.0,0.0,0.0,0.0,1.0
11,11,0.0,0.0,0.0,0.0,0.0,0.0,0.0,0.0,0.0,0.0,0.0,1.0
11,11,0.0,0.0,0.0,0.0,0.0,0.0,0.0,0.0,0.0,0.0,0.0,1.0
11,11,0.0,0.0,0.0,0.0,0.0,0.0,0.0,0.0,0.0,0.0,0.0,1.0
11,11,0.0,0.0,0.0,0.0,0.0,0.0,0.0,0.0,0.0,0.0,0.0,1.0
11,11,0.0,0.0,0.0,0.0,0.0,0.0,0.0,0.0,0.0,0.0,0.0,1.0
11,11,0.0,0.0,0.0,0.0,0.0,0.0,0.0,0.0,0.0,0.0,0.0,1.0
11,11,0.0,0.0,0.0,0.0,0.0,0.0,0.0,0.0,0.0,0.0,0.0,1.0
11,11,0.0,0.0,0.0,0.0,0.0,0.0,0.0,0.0,0.0,0.0,0.0,1.0
11,11,0.0,0.0,0.0,0.0,0.0,0.0,0.0,0.0,0.0,0.0,0.0,1.0
11,11,0.0,0.0,0.0,0.0,0.0,0.0,0.0,0.0,0.0,0.0,0.0,1.0
11,11,0.0,0.0,0.0,0.0,0.0,0.0,0.0,0.0,0.0,0.0,0.0,1.0
11,11,0.0,0.0,0.0,0.0,0.0,0.0,0.0,0.0,0.0,0.0,0.0,1.0
11,11,0.0,0.0,0.0,0.0,0.0,0.0,0.0,0.0,0.0,0.0,0.0,1.0
11,11,0.0,0.0,0.0,0.0,0.0,0.0,0.0,0.0,0.0,0.0,0.0,1.0
11,11,0.0,0.0,0.0,0.0,0.0,0.0,0.0,0.0,0.0,0.0,0.0,1.0
11,11,0.0,0.0,0.0,0.0,0.0,0.0,0.0,0.0,0.0,0.0,0.0,1.0
11,11,0.0,0.0,0.0,0.0,0.0,0.0,0.0,0.0,0.0,0.0,0.0,1.0
11,11,0.0,0.0,0.0,0.0,0.0,0.0,0.0,0.0,0.0,0.0,0.0,1.0
11,11,0.0,0.0,0.0,0.0,0.0,0.0,0.0,0.0,0.0,0.0,0.0,1.0
11,11,0.0,0.0,0.0,0.0,0.0,0.0,0.0,0.0,0.0,0.0,0.0,1.0
11,11,0.0,0.0,0.0,0.0,0.0,0.0,0.0,0.0,0.0,0.0,0.0,1.0
11,11,0.0,0.0,0.0,0.0,0.0,0.0,0.0,0.0,0.0,0.0,0.0,1.0
11,11,0.0,0.0,0.0,0.0,0.0,0.0,0.0,0.0,0.0,0.0,0.0,1.0
11,11,0.0,0.0,0.0,0.0,0.0,0.0,0.0,0.0,0.0,0.0,0.0,1.0
11,11,0.0,0.0,0.0,0.0,0.0,0.0,0.0,0.0,0.0,0.0,0.0,1.0
11,11,0.0,0.0,0.0,0.0,0.0,0.0,0.0,0.0,0.0,0.0,0.0,1.0
11,11,0.0,0.0,0.0,0.0,0.0,0.0,0.0,0.0,0.0,0.0,0.0,1.0
11,11,0.0,0.0,0.0,0.0,0.0,0.0,0.0,0.0,0.0,0.0,0.0,1.0
11,11,0.0,0.0,0.0,0.0,0.0,0.0,0.0,0.0,0.0,0.0,0.0,1.0
11,11,0.0,0.0,0.0,0.0,0.0,0.0,0.0,0.0,0.0,0.0,0.0,1.0
11,11,0.0,0.0,0.0,0.0,0.0,0.0,0.0,0.0,0.0,0.0,0.0,1.0
11,11,0.0,0.0,0.0,0.0,0.0,0.0,0.0,0.0,0.0,0.0,0.0,1.0
11,11,0.0,0.0,0.0,0.0,0.0,0.0,0.0,0.0,0.0,0.0,0.0,1.0
11,11,0.0,0.0,0.0,0.0,0.0,0.0,0.0,0.0,0.0,0.0,0.0,1.0
11,11,0.0,0.0,0.0,0.0,0.0,0.0,0.0,0.0,0.0,0.0,0.0,1.0
11,11,0.0,0.0,0.0,0.0,0.0,0.0,0.0,0.0,0.0,0.0,0.0,1.0
11,11,0.0,0.0,0.0,0.0,0.0,0.0,0.0,0.0,0.0,0.0,0.0,1.0
11,11,0.0,0.0,0.0,0.0,0.0,0.0,0.0,0.0,0.0,0.0,0.0,1.0
11,11,0.0,0.0,0.0,0.0,0.0,0.0,0.0,0.0,0.0,0.0,0.0,1.0
11,11,0.0,0.0,0.0,0.0,0.0,0.0,0.0,0.0,0.0,0.0,0.0,1.0
11,11,0.0,0.0,0.0,0.0,0.0,0.0,0.0,0.0,0.0,0.0,0.0,1.0
11,11,0.0,0.0,0.0,0.0,0.0,0.0,0.0,0.0,0.0,0.0,0.0,1.0
11,11,0.0,0.0,0.0,0.0,0.0,0.0,0.0,0.0,0.0,0.0,0.0,1.0
11,11,0.0,0.0,0.0,0.0,0.0,0.0,0.0,0.0,0.0,0.0,0.0,1.0
11,11,0.0,0.0,0.0,0.0,0.0,0.0,0.0,0.0,0.0,0.0,0.0,1.0
11,11,0.0,0.0,0.0,0.0,0.0,0.0,0.0,0.0,0.0,0.0,0.0,1.0
11,11,0.0,0.0,0.0,0.0,0.0,0.0,0.0,0.0,0.0,0.0,0.0,1.0
11,11,0.0,0.0,0.0,0.0,0.0,0.0,0.0,0.0,0.0,0.0,0.0,1.0
11,11,0.0,0.0,0.0,0.0,0.0,0.0,0.0,0.0,0.0,0.0,0.0,1.0
11,11,0.0,0.0,0.0,0.0,0.0,0.0,0.0,0.0,0.0,0.0,0.0,1.0
11,11,0.0,0.0,0.0,0.0,0.0,0.0,0.0,0.0,0.0,0.0,0.0,1.0
11,11,0.0,0.0,0.0,0.0,0.0,0.0,0.0,0.0,0.0,0.0,0.0,1.0
11,11,0.0,0.0,0.0,0.0,0.0,0.0,0.0,0.0,0.0,0.0,0.0,1.0
11,11,0.0,0.0,0.0,0.0,0.0,0.0,0.0,0.0,0.0,0.0,0.0,1.0
11,11,0.0,0.0,0.0,0.0,0.0,0.0,0.0,0.0,0.0,0.0,0.0,1.0
11,11,0.0,0.0,0.0,0.0,0.0,0.0,0.0,0.0,0.0,0.0,0.0,1.0
11,11,0.0,0.0,0.0,0.0,0.0,0.0,0.0,0.0,0.0,0.0,0.0,1.0
11,11,0.0,0.0,0.0,0.0,0.0,0.0,0.0,0.0,0.0,0.0,0.0,1.0
11,11,0.0,0.0,0.0,0.0,0.0,0.0,0.0,0.0,0.0,0.0,0.0,1.0
11,11,0.0,0.0,0.0,0.0,0.0,0.0,0.0,0.0,0.0,0.0,0.0,1.0
11,11,0.0,0.0,0.0,0.0,0.0,0.0,0.0,0.0,0.0,0.0,0.0,1.0
11,11,0.0,0.0,0.0,0.0,0.0,0.0,0.0,0.0,0.0,0.0,0.0,1.0
11,11,0.0,0.0,0.0,0.0,0.0,0.0,0.0,0.0,0.0,0.0,0.0,1.0
11,11,0.0,0.0,0.0,0.0,0.0,0.0,0.0,0.0,0.0,0.0,0.0,1.0
11,11,0.0,0.0,0.0,0.0,0.0,0.0,0.0,0.0,0.0,0.0,0.0,1.0
11,11,0.0,0.0,0.0,0.0,0.0,0.0,0.0,0.0,0.0,0.0,0.0,1.0
11,11,0.0,0.0,0.0,0.0,0.0,0.0,0.0,0.0,0.0,0.0,0.0,1.0
11,11,0.0,0.0,0.0,0.0,0.0,0.0,0.0,0.0,0.0,0.0,0.0,1.0
11,11,0.0,0.0,0.0,0.0,0.0,0.0,0.0,0.0,0.0,0.0,0.0,1.0
11,11,0.0,0.0,0.0,0.0,0.0,0.0,0.0,0.0,0.0,0.0,0.0,1.0
11,11,0.0,0.0,0.0,0.0,0.0,0.0,0.0,0.0,0.0,0.0,0.0,1.0
11,11,0.0,0.0,0.0,0.0,0.0,0.0,0.0,0.0,0.0,0.0,0.0,1.0
11,11,0.0,0.0,0.0,0.0,0.0,0.0,0.0,0.0,0.0,0.0,0.0,1.0
11,11,0.0,0.0,0.0,0.0,0.0,0.0,0.0,0.0,0.0,0.0,0.0,1.0
11,11,0.0,0.0,0.0,0.0,0.0,0.0,0.0,0.0,0.0,0.0,0.0,1.0
11,11,0.0,0.0,0.0,0.0,0.0,0.0,0.0,0.0,0.0,0.0,0.0,1.0
11,11,0.0,0.0,0.0,0.0,0.0,0.0,0.0,0.0,0.0,0.0,0.0,1.0
11,11,0.0,0.0,0.0,0.0,0.0,0.0,0.0,0.0,0.0,0.0,0.0,1.0
11,11,0.0,0.0,0.0,0.0,0.0,0.0,0.0,0.0,0.0,0.0,0.0,1.0
11,11,0.0,0.0,0.0,0.0,0.0,0.0,0.0,0.0,0.0,0.0,0.0,1.0
11,11,0.0,0.0,0.0,0.0,0.0,0.0,0.0,0.0,0.0,0.0,0.0,1.0
11,11,0.0,0.0,0.0,0.0,0.0,0.0,0.0,0.0,0.0,0.0,0.0,1.0
11,11,0.0,0.0,0.0,0.0,0.0,0.0,0.0,0.0,0.0,0.0,0.0,1.0
11,11,0.0,0.0,0.0,0.0,0.0,0.0,0.0,0.0,0.0,0.0,0.0,1.0
11,11,0.0,0.0,0.0,0.0,0.0,0.0,0.0,0.0,0.0,0.0,0.0,1.0
11,11,0.0,0.0,0.0,0.0,0.0,0.0,0.0,0.0,0.0,0.0,0.0,1.0
11,11,0.0,0.0,0.0,0.0,0.0,0.0,0.0,0.0,0.0,0.0,0.0,1.0
11,11,0.0,0.0,0.0,0.0,0.0,0.0,0.0,0.0,0.0,0.0,0.0,1.0
11,11,0.0,0.0,0.0,0.0,0.0,0.0,0.0,0.0,0.0,0.0,0.0,1.0
11,11,0.0,0.0,0.0,0.0,0.0,0.0,0.0,0.0,0.0,0.0,0.0,1.0
11,11,0.0,0.0,0.0,0.0,0.0,0.0,0.0,0.0,0.0,0.0,0.0,1.0
11,11,0.0,0.0,0.0,0.0,0.0,0.0,0.0,0.0,0.0,0.0,0.0,1.0
11,11,0.0,0.0,0.0,0.0,0.0,0.0,0.0,0.0,0.0,0.0,0.0,1.0
11,11,0.0,0.0,0.0,0.0,0.0,0.0,0.0,0.0,0.0,0.0,0.0,1.0
11,11,0.0,0.0,0.0,0.0,0.0,0.0,0.0,0.0,0.0,0.0,0.0,1.0
11,11,0.0,0.0,0.0,0.0,0.0,0.0,0.0,0.0,0.0,0.0,0.0,1.0
11,11,0.0,0.0,0.0,0.0,0.0,0.0,0.0,0.0,0.0,0.0,0.0,1.0
11,11,0.0,0.0,0.0,0.0,0.0,0.0,0.0,0.0,0.0,0.0,0.0,1.0
11,11,0.0,0.0,0.0,0.0,0.0,0.0,0.0,0.0,0.0,0.0,0.0,1.0
11,11,0.0,0.0,0.0,0.0,0.0,0.0,0.0,0.0,0.0,0.0,0.0,1.0
11,11,0.0,0.0,0.0,0.0,0.0,0.0,0.0,0.0,0.0,0.0,0.0,1.0
11,11,0.0,0.0,0.0,0.0,0.0,0.0,0.0,0.0,0.0,0.0,0.0,1.0
11,11,0.0,0.0,0.0,0.0,0.0,0.0,0.0,0.0,0.0,0.0,0.0,1.0
11,11,0.0,0.0,0.0,0.0,0.0,0.0,0.0,0.0,0.0,0.0,0.0,1.0
11,11,0.0,0.0,0.0,0.0,0.0,0.0,0.0,0.0,0.0,0.0,0.0,1.0
11,11,0.0,0.0,0.0,0.0,0.0,0.0,0.0,0.0,0.0,0.0,0.0,1.0
11,11,0.0,0.0,0.0,0.0,0.0,0.0,0.0,0.0,0.0,0.0,0.0,1.0
11,11,0.0,0.0,0.0,0.0,0.0,0.0,0.0,0.0,0.0,0.0,0.0,1.0
11,11,0.0,0.0,0.0,0.0,0.0,0.0,0.0,0.0,0.0,0.0,0.0,1.0
11,11,0.0,0.0,0.0,0.0,0.0,0.0,0.0,0.0,0.0,0.0,0.0,1.0
11,11,0.0,0.0,0.0,0.0,0.0,0.0,0.0,0.0,0.0,0.0,0.0,1.0
11,11,0.0,0.0,0.0,0.0,0.0,0.0,0.0,0.0,0.0,0.0,0.0,1.0
11,11,0.0,0.0,0.0,0.0,0.0,0.0,0.0,0.0,0.0,0.0,0.0,1.0
11,11,0.0,0.0,0.0,0.0,0.0,0.0,0.0,0.0,0.0,0.0,0.0,1.0
11,11,0.0,0.0,0.0,0.0,0.0,0.0,0.0,0.0,0.0,0.0,0.0,1.0
11,11,0.0,0.0,0.0,0.0,0.0,0.0,0.0,0.0,0.0,0.0,0.0,1.0
11,11,0.0,0.0,0.0,0.0,0.0,0.0,0.0,0.0,0.0,0.0,0.0,1.0
11,11,0.0,0.0,0.0,0.0,0.0,0.0,0.0,0.0,0.0,0.0,0.0,1.0
11,11,0.0,0.0,0.0,0.0,0.0,0.0,0.0,0.0,0.0,0.0,0.0,1.0
11,11,0.0,0.0,0.0,0.0,0.0,0.0,0.0,0.0,0.0,0.0,0.0,1.0
11,11,0.0,0.0,0.0,0.0,0.0,0.0,0.0,0.0,0.0,0.0,0.0,1.0
11,11,0.0,0.0,0.0,0.0,0.0,0.0,0.0,0.0,0.0,0.0,0.0,1.0
11,11,0.0,0.0,0.0,0.0,0.0,0.0,0.0,0.0,0.0,0.0,0.0,1.0
11,11,0.0,0.0,0.0,0.0,0.0,0.0,0.0,0.0,0.0,0.0,0.0,1.0
11,11,0.0,0.0,0.0,0.0,0.0,0.0,0.0,0.0,0.0,0.0,0.0,1.0
11,11,0.0,0.0,0.0,0.0,0.0,0.0,0.0,0.0,0.0,0.0,0.0,1.0
11,11,0.0,0.0,0.0,0.0,0.0,0.0,0.0,0.0,0.0,0.0,0.0,1.0
11,11,0.0,0.0,0.0,0.0,0.0,0.0,0.0,0.0,0.0,0.0,0.0,1.0
11,11,0.0,0.0,0.0,0.0,0.0,0.0,0.0,0.0,0.0,0.0,0.0,1.0
11,11,0.0,0.0,0.0,0.0,0.0,0.0,0.0,0.0,0.0,0.0,0.0,1.0
11,11,0.0,0.0,0.0,0.0,0.0,0.0,0.0,0.0,0.0,0.0,0.0,1.0
11,11,0.0,0.0,0.0,0.0,0.0,0.0,0.0,0.0,0.0,0.0,0.0,1.0
11,11,0.0,0.0,0.0,0.0,0.0,0.0,0.0,0.0,0.0,0.0,0.0,1.0
11,11,0.0,0.0,0.0,0.0,0.0,0.0,0.0,0.0,0.0,0.0,0.0,1.0
11,11,0.0,0.0,0.0,0.0,0.0,0.0,0.0,0.0,0.0,0.0,0.0,1.0
11,11,0.0,0.0,0.0,0.0,0.0,0.0,0.0,0.0,0.0,0.0,0.0,1.0
11,11,0.0,0.0,0.0,0.0,0.0,0.0,0.0,0.0,0.0,0.0,0.0,1.0
11,11,0.0,0.0,0.0,0.0,0.0,0.0,0.0,0.0,0.0,0.0,0.0,1.0
11,11,0.0,0.0,0.0,0.0,0.0,0.0,0.0,0.0,0.0,0.0,0.0,1.0
11,11,0.0,0.0,0.0,0.0,0.0,0.0,0.0,0.0,0.0,0.0,0.0,1.0
11,11,0.0,0.0,0.0,0.0,0.0,0.0,0.0,0.0,0.0,0.0,0.0,1.0
11,11,0.0,0.0,0.0,0.0,0.0,0.0,0.0,0.0,0.0,0.0,0.0,1.0
11,11,0.0,0.0,0.0,0.0,0.0,0.0,0.0,0.0,0.0,0.0,0.0,1.0
11,11,0.0,0.0,0.0,0.0,0.0,0.0,0.0,0.0,0.0,0.0,0.0,1.0
11,11,0.0,0.0,0.0,0.0,0.0,0.0,0.0,0.0,0.0,0.0,0.0,1.0
11,11,0.0,0.0,0.0,0.0,0.0,0.0,0.0,0.0,0.0,0.0,0.0,1.0
11,11,0.0,0.0,0.0,0.0,0.0,0.0,0.0,0.0,0.0,0.0,0.0,1.0
11,11,0.0,0.0,0.0,0.0,0.0,0.0,0.0,0.0,0.0,0.0,0.0,1.0
11,11,0.0,0.0,0.0,0.0,0.0,0.0,0.0,0.0,0.0,0.0,0.0,1.0
11,11,0.0,0.0,0.0,0.0,0.0,0.0,0.0,0.0,0.0,0.0,0.0,1.0
11,11,0.0,0.0,0.0,0.0,0.0,0.0,0.0,0.0,0.0,0.0,0.0,1.0
11,11,0.0,0.0,0.0,0.0,0.0,0.0,0.0,0.0,0.0,0.0,0.0,1.0
11,11,0.0,0.0,0.0,0.0,0.0,0.0,0.0,0.0,0.0,0.0,0.0,1.0
11,11,0.0,0.0,0.0,0.0,0.0,0.0,0.0,0.0,0.0,0.0,0.0,1.0
11,11,0.0,0.0,0.0,0.0,0.0,0.0,0.0,0.0,0.0,0.0,0.0,1.0
11,11,0.0,0.0,0.0,0.0,0.0,0.0,0.0,0.0,0.0,0.0,0.0,1.0
11,11,0.0,0.0,0.0,0.0,0.0,0.0,0.0,0.0,0.0,0.0,0.0,1.0
11,11,0.0,0.0,0.0,0.0,0.0,0.0,0.0,0.0,0.0,0.0,0.0,1.0
11,11,0.0,0.0,0.0,0.0,0.0,0.0,0.0,0.0,0.0,0.0,0.0,1.0
11,11,0.0,0.0,0.0,0.0,0.0,0.0,0.0,0.0,0.0,0.0,0.0,1.0
11,11,0.0,0.0,0.0,0.0,0.0,0.0,0.0,0.0,0.0,0.0,0.0,1.0
11,11,0.0,0.0,0.0,0.0,0.0,0.0,0.0,0.0,0.0,0.0,0.0,1.0
11,11,0.0,0.0,0.0,0.0,0.0,0.0,0.0,0.0,0.0,0.0,0.0,1.0
11,11,0.0,0.0,0.0,0.0,0.0,0.0,0.0,0.0,0.0,0.0,0.0,1.0
11,11,0.0,0.0,0.0,0.0,0.0,0.0,0.0,0.0,0.0,0.0,0.0,1.0
11,11,0.0,0.0,0.0,0.0,0.0,0.0,0.0,0.0,0.0,0.0,0.0,1.0
11,11,0.0,0.0,0.0,0.0,0.0,0.0,0.0,0.0,0.0,0.0,0.0,1.0
11,11,0.0,0.0,0.0,0.0,0.0,0.0,0.0,0.0,0.0,0.0,0.0,1.0
11,11,0.0,0.0,0.0,0.0,0.0,0.0,0.0,0.0,0.0,0.0,0.0,1.0
11,11,0.0,0.0,0.0,0.0,0.0,0.0,0.0,0.0,0.0,0.0,0.0,1.0
11,11,0.0,0.0,0.0,0.0,0.0,0.0,0.0,0.0,0.0,0.0,0.0,1.0
11,11,0.0,0.0,0.0,0.0,0.0,0.0,0.0,0.0,0.0,0.0,0.0,1.0
11,11,0.0,0.0,0.0,0.0,0.0,0.0,0.0,0.0,0.0,0.0,0.0,1.0
11,11,0.0,0.0,0.0,0.0,0.0,0.0,0.0,0.0,0.0,0.0,0.0,1.0
11,11,0.0,0.0,0.0,0.0,0.0,0.0,0.0,0.0,0.0,0.0,0.0,1.0
11,11,0.0,0.0,0.0,0.0,0.0,0.0,0.0,0.0,0.0,0.0,0.0,1.0
11,11,0.0,0.0,0.0,0.0,0.0,0.0,0.0,0.0,0.0,0.0,0.0,1.0
11,11,0.0,0.0,0.0,0.0,0.0,0.0,0.0,0.0,0.0,0.0,0.0,1.0
11,11,0.0,0.0,0.0,0.0,0.0,0.0,0.0,0.0,0.0,0.0,0.0,1.0
11,11,0.0,0.0,0.0,0.0,0.0,0.0,0.0,0.0,0.0,0.0,0.0,1.0
11,11,0.0,0.0,0.0,0.0,0.0,0.0,0.0,0.0,0.0,0.0,0.0,1.0
11,11,0.0,0.0,0.0,0.0,0.0,0.0,0.0,0.0,0.0,0.0,0.0,1.0
11,11,0.0,0.0,0.0,0.0,0.0,0.0,0.0,0.0,0.0,0.0,0.0,1.0
11,11,0.0,0.0,0.0,0.0,0.0,0.0,0.0,0.0,0.0,0.0,0.0,1.0
11,11,0.0,0.0,0.0,0.0,0.0,0.0,0.0,0.0,0.0,0.0,0.0,1.0
11,11,0.0,0.0,0.0,0.0,0.0,0.0,0.0,0.0,0.0,0.0,0.0,1.0
11,11,0.0,0.0,0.0,0.0,0.0,0.0,0.0,0.0,0.0,0.0,0.0,1.0
11,11,0.0,0.0,0.0,0.0,0.0,0.0,0.0,0.0,0.0,0.0,0.0,1.0
11,11,0.0,0.0,0.0,0.0,0.0,0.0,0.0,0.0,0.0,0.0,0.0,1.0
11,11,0.0,0.0,0.0,0.0,0.0,0.0,0.0,0.0,0.0,0.0,0.0,1.0
11,11,0.0,0.0,0.0,0.0,0.0,0.0,0.0,0.0,0.0,0.0,0.0,1.0
11,11,0.0,0.0,0.0,0.0,0.0,0.0,0.0,0.0,0.0,0.0,0.0,1.0
11,11,0.0,0.0,0.0,0.0,0.0,0.0,0.0,0.0,0.0,0.0,0.0,1.0
11,11,0.0,0.0,0.0,0.0,0.0,0.0,0.0,0.0,0.0,0.0,0.0,1.0
11,11,0.0,0.0,0.0,0.0,0.0,0.0,0.0,0.0,0.0,0.0,0.0,1.0
11,11,0.0,0.0,0.0,0.0,0.0,0.0,0.0,0.0,0.0,0.0,0.0,1.0
11,11,0.0,0.0,0.0,0.0,0.0,0.0,0.0,0.0,0.0,0.0,0.0,1.0
11,11,0.0,0.0,0.0,0.0,0.0,0.0,0.0,0.0,0.0,0.0,0.0,1.0
11,11,0.0,0.0,0.0,0.0,0.0,0.0,0.0,0.0,0.0,0.0,0.0,1.0
11,11,0.0,0.0,0.0,0.0,0.0,0.0,0.0,0.0,0.0,0.0,0.0,1.0
11,11,0.0,0.0,0.0,0.0,0.0,0.0,0.0,0.0,0.0,0.0,0.0,1.0
11,11,0.0,0.0,0.0,0.0,0.0,0.0,0.0,0.0,0.0,0.0,0.0,1.0
11,11,0.0,0.0,0.0,0.0,0.0,0.0,0.0,0.0,0.0,0.0,0.0,1.0
11,11,0.0,0.0,0.0,0.0,0.0,0.0,0.0,0.0,0.0,0.0,0.0,1.0
11,11,0.0,0.0,0.0,0.0,0.0,0.0,0.0,0.0,0.0,0.0,0.0,1.0
11,11,0.0,0.0,0.0,0.0,0.0,0.0,0.0,0.0,0.0,0.0,0.0,1.0
11,11,0.0,0.0,0.0,0.0,0.0,0.0,0.0,0.0,0.0,0.0,0.0,1.0
11,11,0.0,0.0,0.0,0.0,0.0,0.0,0.0,0.0,0.0,0.0,0.0,1.0
11,11,0.0,0.0,0.0,0.0,0.0,0.0,0.0,0.0,0.0,0.0,0.0,1.0
11,11,0.0,0.0,0.0,0.0,0.0,0.0,0.0,0.0,0.0,0.0,0.0,1.0
11,11,0.0,0.0,0.0,0.0,0.0,0.0,0.0,0.0,0.0,0.0,0.0,1.0
11,11,0.0,0.0,0.0,0.0,0.0,0.0,0.0,0.0,0.0,0.0,0.0,1.0
11,11,0.0,0.0,0.0,0.0,0.0,0.0,0.0,0.0,0.0,0.0,0.0,1.0
11,11,0.0,0.0,0.0,0.0,0.0,0.0,0.0,0.0,0.0,0.0,0.0,1.0
11,11,0.0,0.0,0.0,0.0,0.0,0.0,0.0,0.0,0.0,0.0,0.0,1.0
11,11,0.0,0.0,0.0,0.0,0.0,0.0,0.0,0.0,0.0,0.0,0.0,1.0
11,11,0.0,0.0,0.0,0.0,0.0,0.0,0.0,0.0,0.0,0.0,0.0,1.0
11,11,0.0,0.0,0.0,0.0,0.0,0.0,0.0,0.0,0.0,0.0,0.0,1.0
11,11,0.0,0.0,0.0,0.0,0.0,0.0,0.0,0.0,0.0,0.0,0.0,1.0
11,11,0.0,0.0,0.0,0.0,0.0,0.0,0.0,0.0,0.0,0.0,0.0,1.0
11,11,0.0,0.0,0.0,0.0,0.0,0.0,0.0,0.0,0.0,0.0,0.0,1.0
11,11,0.0,0.0,0.0,0.0,0.0,0.0,0.0,0.0,0.0,0.0,0.0,1.0
11,11,0.0,0.0,0.0,0.0,0.0,0.0,0.0,0.0,0.0,0.0,0.0,1.0
11,11,0.0,0.0,0.0,0.0,0.0,0.0,0.0,0.0,0.0,0.0,0.0,1.0
11,11,0.0,0.0,0.0,0.0,0.0,0.0,0.0,0.0,0.0,0.0,0.0,1.0
11,11,0.0,0.0,0.0,0.0,0.0,0.0,0.0,0.0,0.0,0.0,0.0,1.0
11,11,0.0,0.0,0.0,0.0,0.0,0.0,0.0,0.0,0.0,0.0,0.0,1.0
11,11,0.0,0.0,0.0,0.0,0.0,0.0,0.0,0.0,0.0,0.0,0.0,1.0
11,11,0.0,0.0,0.0,0.0,0.0,0.0,0.0,0.0,0.0,0.0,0.0,1.0
11,11,0.0,0.0,0.0,0.0,0.0,0.0,0.0,0.0,0.0,0.0,0.0,1.0
11,11,0.0,0.0,0.0,0.0,0.0,0.0,0.0,0.0,0.0,0.0,0.0,1.0
11,11,0.0,0.0,0.0,0.0,0.0,0.0,0.0,0.0,0.0,0.0,0.0,1.0
11,11,0.0,0.0,0.0,0.0,0.0,0.0,0.0,0.0,0.0,0.0,0.0,1.0
11,11,0.0,0.0,0.0,0.0,0.0,0.0,0.0,0.0,0.0,0.0,0.0,1.0
11,11,0.0,0.0,0.0,0.0,0.0,0.0,0.0,0.0,0.0,0.0,0.0,1.0
11,11,0.0,0.0,0.0,0.0,0.0,0.0,0.0,0.0,0.0,0.0,0.0,1.0
11,11,0.0,0.0,0.0,0.0,0.0,0.0,0.0,0.0,0.0,0.0,0.0,1.0
11,11,0.0,0.0,0.0,0.0,0.0,0.0,0.0,0.0,0.0,0.0,0.0,1.0
11,11,0.0,0.0,0.0,0.0,0.0,0.0,0.0,0.0,0.0,0.0,0.0,1.0
11,11,0.0,0.0,0.0,0.0,0.0,0.0,0.0,0.0,0.0,0.0,0.0,1.0
11,11,0.0,0.0,0.0,0.0,0.0,0.0,0.0,0.0,0.0,0.0,0.0,1.0
11,11,0.0,0.0,0.0,0.0,0.0,0.0,0.0,0.0,0.0,0.0,0.0,1.0
11,11,0.0,0.0,0.0,0.0,0.0,0.0,0.0,0.0,0.0,0.0,0.0,1.0
11,11,0.0,0.0,0.0,0.0,0.0,0.0,0.0,0.0,0.0,0.0,0.0,1.0
11,11,0.0,0.0,0.0,0.0,0.0,0.0,0.0,0.0,0.0,0.0,0.0,1.0
11,11,0.0,0.0,0.0,0.0,0.0,0.0,0.0,0.0,0.0,0.0,0.0,1.0
11,11,0.0,0.0,0.0,0.0,0.0,0.0,0.0,0.0,0.0,0.0,0.0,1.0
11,11,0.0,0.0,0.0,0.0,0.0,0.0,0.0,0.0,0.0,0.0,0.0,1.0
11,11,0.0,0.0,0.0,0.0,0.0,0.0,0.0,0.0,0.0,0.0,0.0,1.0
11,11,0.0,0.0,0.0,0.0,0.0,0.0,0.0,0.0,0.0,0.0,0.0,1.0
11,11,0.0,0.0,0.0,0.0,0.0,0.0,0.0,0.0,0.0,0.0,0.0,1.0
11,11,0.0,0.0,0.0,0.0,0.0,0.0,0.0,0.0,0.0,0.0,0.0,1.0
11,11,0.0,0.0,0.0,0.0,0.0,0.0,0.0,0.0,0.0,0.0,0.0,1.0
11,11,0.0,0.0,0.0,0.0,0.0,0.0,0.0,0.0,0.0,0.0,0.0,1.0
11,11,0.0,0.0,0.0,0.0,0.0,0.0,0.0,0.0,0.0,0.0,0.0,1.0
11,11,0.0,0.0,0.0,0.0,0.0,0.0,0.0,0.0,0.0,0.0,0.0,1.0
11,11,0.0,0.0,0.0,0.0,0.0,0.0,0.0,0.0,0.0,0.0,0.0,1.0
11,11,0.0,0.0,0.0,0.0,0.0,0.0,0.0,0.0,0.0,0.0,0.0,1.0
11,11,0.0,0.0,0.0,0.0,0.0,0.0,0.0,0.0,0.0,0.0,0.0,1.0
11,11,0.0,0.0,0.0,0.0,0.0,0.0,0.0,0.0,0.0,0.0,0.0,1.0
11,11,0.0,0.0,0.0,0.0,0.0,0.0,0.0,0.0,0.0,0.0,0.0,1.0
11,11,0.0,0.0,0.0,0.0,0.0,0.0,0.0,0.0,0.0,0.0,0.0,1.0
11,11,0.0,0.0,0.0,0.0,0.0,0.0,0.0,0.0,0.0,0.0,0.0,1.0
11,11,0.0,0.0,0.0,0.0,0.0,0.0,0.0,0.0,0.0,0.0,0.0,1.0
11,11,0.0,0.0,0.0,0.0,0.0,0.0,0.0,0.0,0.0,0.0,0.0,1.0
11,11,0.0,0.0,0.0,0.0,0.0,0.0,0.0,0.0,0.0,0.0,0.0,1.0
11,11,0.0,0.0,0.0,0.0,0.0,0.0,0.0,0.0,0.0,0.0,0.0,1.0
11,11,0.0,0.0,0.0,0.0,0.0,0.0,0.0,0.0,0.0,0.0,0.0,1.0
11,11,0.0,0.0,0.0,0.0,0.0,0.0,0.0,0.0,0.0,0.0,0.0,1.0
11,11,0.0,0.0,0.0,0.0,0.0,0.0,0.0,0.0,0.0,0.0,0.0,1.0
11,11,0.0,0.0,0.0,0.0,0.0,0.0,0.0,0.0,0.0,0.0,0.0,1.0
11,11,0.0,0.0,0.0,0.0,0.0,0.0,0.0,0.0,0.0,0.0,0.0,1.0
11,11,0.0,0.0,0.0,0.0,0.0,0.0,0.0,0.0,0.0,0.0,0.0,1.0
11,11,0.0,0.0,0.0,0.0,0.0,0.0,0.0,0.0,0.0,0.0,0.0,1.0
11,11,0.0,0.0,0.0,0.0,0.0,0.0,0.0,0.0,0.0,0.0,0.0,1.0
11,11,0.0,0.0,0.0,0.0,0.0,0.0,0.0,0.0,0.0,0.0,0.0,1.0
11,11,0.0,0.0,0.0,0.0,0.0,0.0,0.0,0.0,0.0,0.0,0.0,1.0
11,11,0.0,0.0,0.0,0.0,0.0,0.0,0.0,0.0,0.0,0.0,0.0,1.0
11,11,0.0,0.0,0.0,0.0,0.0,0.0,0.0,0.0,0.0,0.0,0.0,1.0
11,11,0.0,0.0,0.0,0.0,0.0,0.0,0.0,0.0,0.0,0.0,0.0,1.0
11,11,0.0,0.0,0.0,0.0,0.0,0.0,0.0,0.0,0.0,0.0,0.0,1.0
11,11,0.0,0.0,0.0,0.0,0.0,0.0,0.0,0.0,0.0,0.0,0.0,1.0
11,11,0.0,0.0,0.0,0.0,0.0,0.0,0.0,0.0,0.0,0.0,0.0,1.0
11,11,0.0,0.0,0.0,0.0,0.0,0.0,0.0,0.0,0.0,0.0,0.0,1.0
11,11,0.0,0.0,0.0,0.0,0.0,0.0,0.0,0.0,0.0,0.0,0.0,1.0
11,11,0.0,0.0,0.0,0.0,0.0,0.0,0.0,0.0,0.0,0.0,0.0,1.0
11,11,0.0,0.0,0.0,0.0,0.0,0.0,0.0,0.0,0.0,0.0,0.0,1.0
11,11,0.0,0.0,0.0,0.0,0.0,0.0,0.0,0.0,0.0,0.0,0.0,1.0
11,11,0.0,0.0,0.0,0.0,0.0,0.0,0.0,0.0,0.0,0.0,0.0,1.0
11,11,0.0,0.0,0.0,0.0,0.0,0.0,0.0,0.0,0.0,0.0,0.0,1.0
11,11,0.0,0.0,0.0,0.0,0.0,0.0,0.0,0.0,0.0,0.0,0.0,1.0
11,11,0.0,0.0,0.0,0.0,0.0,0.0,0.0,0.0,0.0,0.0,0.0,1.0
11,11,0.0,0.0,0.0,0.0,0.0,0.0,0.0,0.0,0.0,0.0,0.0,1.0
11,11,0.0,0.0,0.0,0.0,0.0,0.0,0.0,0.0,0.0,0.0,0.0,1.0
11,11,0.0,0.0,0.0,0.0,0.0,0.0,0.0,0.0,0.0,0.0,0.0,1.0
11,11,0.0,0.0,0.0,0.0,0.0,0.0,0.0,0.0,0.0,0.0,0.0,1.0
11,11,0.0,0.0,0.0,0.0,0.0,0.0,0.0,0.0,0.0,0.0,0.0,1.0
11,11,0.0,0.0,0.0,0.0,0.0,0.0,0.0,0.0,0.0,0.0,0.0,1.0
11,11,0.0,0.0,0.0,0.0,0.0,0.0,0.0,0.0,0.0,0.0,0.0,1.0
11,11,0.0,0.0,0.0,0.0,0.0,0.0,0.0,0.0,0.0,0.0,0.0,1.0
11,11,0.0,0.0,0.0,0.0,0.0,0.0,0.0,0.0,0.0,0.0,0.0,1.0
11,11,0.0,0.0,0.0,0.0,0.0,0.0,0.0,0.0,0.0,0.0,0.0,1.0
11,11,0.0,0.0,0.0,0.0,0.0,0.0,0.0,0.0,0.0,0.0,0.0,1.0
11,11,0.0,0.0,0.0,0.0,0.0,0.0,0.0,0.0,0.0,0.0,0.0,1.0
11,11,0.0,0.0,0.0,0.0,0.0,0.0,0.0,0.0,0.0,0.0,0.0,1.0
11,11,0.0,0.0,0.0,0.0,0.0,0.0,0.0,0.0,0.0,0.0,0.0,1.0
11,11,0.0,0.0,0.0,0.0,0.0,0.0,0.0,0.0,0.0,0.0,0.0,1.0
11,11,0.0,0.0,0.0,0.0,0.0,0.0,0.0,0.0,0.0,0.0,0.0,1.0
11,11,0.0,0.0,0.0,0.0,0.0,0.0,0.0,0.0,0.0,0.0,0.0,1.0
11,11,0.0,0.0,0.0,0.0,0.0,0.0,0.0,0.0,0.0,0.0,0.0,1.0
11,11,0.0,0.0,0.0,0.0,0.0,0.0,0.0,0.0,0.0,0.0,0.0,1.0
11,11,0.0,0.0,0.0,0.0,0.0,0.0,0.0,0.0,0.0,0.0,0.0,1.0
11,11,0.0,0.0,0.0,0.0,0.0,0.0,0.0,0.0,0.0,0.0,0.0,1.0
11,11,0.0,0.0,0.0,0.0,0.0,0.0,0.0,0.0,0.0,0.0,0.0,1.0
11,11,0.0,0.0,0.0,0.0,0.0,0.0,0.0,0.0,0.0,0.0,0.0,1.0
11,11,0.0,0.0,0.0,0.0,0.0,0.0,0.0,0.0,0.0,0.0,0.0,1.0
11,11,0.0,0.0,0.0,0.0,0.0,0.0,0.0,0.0,0.0,0.0,0.0,1.0
11,11,0.0,0.0,0.0,0.0,0.0,0.0,0.0,0.0,0.0,0.0,0.0,1.0
11,11,0.0,0.0,0.0,0.0,0.0,0.0,0.0,0.0,0.0,0.0,0.0,1.0
11,11,0.0,0.0,0.0,0.0,0.0,0.0,0.0,0.0,0.0,0.0,0.0,1.0
11,11,0.0,0.0,0.0,0.0,0.0,0.0,0.0,0.0,0.0,0.0,0.0,1.0
11,11,0.0,0.0,0.0,0.0,0.0,0.0,0.0,0.0,0.0,0.0,0.0,1.0
11,11,0.0,0.0,0.0,0.0,0.0,0.0,0.0,0.0,0.0,0.0,0.0,1.0
11,11,0.0,0.0,0.0,0.0,0.0,0.0,0.0,0.0,0.0,0.0,0.0,1.0
11,11,0.0,0.0,0.0,0.0,0.0,0.0,0.0,0.0,0.0,0.0,0.0,1.0
11,11,0.0,0.0,0.0,0.0,0.0,0.0,0.0,0.0,0.0,0.0,0.0,1.0
11,11,0.0,0.0,0.0,0.0,0.0,0.0,0.0,0.0,0.0,0.0,0.0,1.0
11,11,0.0,0.0,0.0,0.0,0.0,0.0,0.0,0.0,0.0,0.0,0.0,1.0
11,11,0.0,0.0,0.0,0.0,0.0,0.0,0.0,0.0,0.0,0.0,0.0,1.0
11,11,0.0,0.0,0.0,0.0,0.0,0.0,0.0,0.0,0.0,0.0,0.0,1.0
11,11,0.0,0.0,0.0,0.0,0.0,0.0,0.0,0.0,0.0,0.0,0.0,1.0
11,11,0.0,0.0,0.0,0.0,0.0,0.0,0.0,0.0,0.0,0.0,0.0,1.0
11,11,0.0,0.0,0.0,0.0,0.0,0.0,0.0,0.0,0.0,0.0,0.0,1.0
11,11,0.0,0.0,0.0,0.0,0.0,0.0,0.0,0.0,0.0,0.0,0.0,1.0
11,11,0.0,0.0,0.0,0.0,0.0,0.0,0.0,0.0,0.0,0.0,0.0,1.0
11,11,0.0,0.0,0.0,0.0,0.0,0.0,0.0,0.0,0.0,0.0,0.0,1.0
11,11,0.0,0.0,0.0,0.0,0.0,0.0,0.0,0.0,0.0,0.0,0.0,1.0
11,11,0.0,0.0,0.0,0.0,0.0,0.0,0.0,0.0,0.0,0.0,0.0,1.0
11,11,0.0,0.0,0.0,0.0,0.0,0.0,0.0,0.0,0.0,0.0,0.0,1.0
11,11,0.0,0.0,0.0,0.0,0.0,0.0,0.0,0.0,0.0,0.0,0.0,1.0
11,11,0.0,0.0,0.0,0.0,0.0,0.0,0.0,0.0,0.0,0.0,0.0,1.0
11,11,0.0,0.0,0.0,0.0,0.0,0.0,0.0,0.0,0.0,0.0,0.0,1.0
11,11,0.0,0.0,0.0,0.0,0.0,0.0,0.0,0.0,0.0,0.0,0.0,1.0
11,11,0.0,0.0,0.0,0.0,0.0,0.0,0.0,0.0,0.0,0.0,0.0,1.0
11,11,0.0,0.0,0.0,0.0,0.0,0.0,0.0,0.0,0.0,0.0,0.0,1.0
11,11,0.0,0.0,0.0,0.0,0.0,0.0,0.0,0.0,0.0,0.0,0.0,1.0
11,11,0.0,0.0,0.0,0.0,0.0,0.0,0.0,0.0,0.0,0.0,0.0,1.0
11,11,0.0,0.0,0.0,0.0,0.0,0.0,0.0,0.0,0.0,0.0,0.0,1.0
11,11,0.0,0.0,0.0,0.0,0.0,0.0,0.0,0.0,0.0,0.0,0.0,1.0
11,11,0.0,0.0,0.0,0.0,0.0,0.0,0.0,0.0,0.0,0.0,0.0,1.0
11,11,0.0,0.0,0.0,0.0,0.0,0.0,0.0,0.0,0.0,0.0,0.0,1.0
11,11,0.0,0.0,0.0,0.0,0.0,0.0,0.0,0.0,0.0,0.0,0.0,1.0
11,11,0.0,0.0,0.0,0.0,0.0,0.0,0.0,0.0,0.0,0.0,0.0,1.0
11,11,0.0,0.0,0.0,0.0,0.0,0.0,0.0,0.0,0.0,0.0,0.0,1.0
11,11,0.0,0.0,0.0,0.0,0.0,0.0,0.0,0.0,0.0,0.0,0.0,1.0
11,11,0.0,0.0,0.0,0.0,0.0,0.0,0.0,0.0,0.0,0.0,0.0,1.0
11,11,0.0,0.0,0.0,0.0,0.0,0.0,0.0,0.0,0.0,0.0,0.0,1.0
11,11,0.0,0.0,0.0,0.0,0.0,0.0,0.0,0.0,0.0,0.0,0.0,1.0
11,11,0.0,0.0,0.0,0.0,0.0,0.0,0.0,0.0,0.0,0.0,0.0,1.0
11,11,0.0,0.0,0.0,0.0,0.0,0.0,0.0,0.0,0.0,0.0,0.0,1.0
11,11,0.0,0.0,0.0,0.0,0.0,0.0,0.0,0.0,0.0,0.0,0.0,1.0
11,11,0.0,0.0,0.0,0.0,0.0,0.0,0.0,0.0,0.0,0.0,0.0,1.0
11,11,0.0,0.0,0.0,0.0,0.0,0.0,0.0,0.0,0.0,0.0,0.0,1.0
11,11,0.0,0.0,0.0,0.0,0.0,0.0,0.0,0.0,0.0,0.0,0.0,1.0
11,11,0.0,0.0,0.0,0.0,0.0,0.0,0.0,0.0,0.0,0.0,0.0,1.0
11,11,0.0,0.0,0.0,0.0,0.0,0.0,0.0,0.0,0.0,0.0,0.0,1.0
11,11,0.0,0.0,0.0,0.0,0.0,0.0,0.0,0.0,0.0,0.0,0.0,1.0
11,11,0.0,0.0,0.0,0.0,0.0,0.0,0.0,0.0,0.0,0.0,0.0,1.0
11,11,0.0,0.0,0.0,0.0,0.0,0.0,0.0,0.0,0.0,0.0,0.0,1.0
11,11,0.0,0.0,0.0,0.0,0.0,0.0,0.0,0.0,0.0,0.0,0.0,1.0
11,11,0.0,0.0,0.0,0.0,0.0,0.0,0.0,0.0,0.0,0.0,0.0,1.0
11,11,0.0,0.0,0.0,0.0,0.0,0.0,0.0,0.0,0.0,0.0,0.0,1.0
11,11,0.0,0.0,0.0,0.0,0.0,0.0,0.0,0.0,0.0,0.0,0.0,1.0
11,11,0.0,0.0,0.0,0.0,0.0,0.0,0.0,0.0,0.0,0.0,0.0,1.0
11,11,0.0,0.0,0.0,0.0,0.0,0.0,0.0,0.0,0.0,0.0,0.0,1.0
11,11,0.0,0.0,0.0,0.0,0.0,0.0,0.0,0.0,0.0,0.0,0.0,1.0
11,11,0.0,0.0,0.0,0.0,0.0,0.0,0.0,0.0,0.0,0.0,0.0,1.0
11,11,0.0,0.0,0.0,0.0,0.0,0.0,0.0,0.0,0.0,0.0,0.0,1.0
11,11,0.0,0.0,0.0,0.0,0.0,0.0,0.0,0.0,0.0,0.0,0.0,1.0
11,11,0.0,0.0,0.0,0.0,0.0,0.0,0.0,0.0,0.0,0.0,0.0,1.0
11,11,0.0,0.0,0.0,0.0,0.0,0.0,0.0,0.0,0.0,0.0,0.0,1.0
11,11,0.0,0.0,0.0,0.0,0.0,0.0,0.0,0.0,0.0,0.0,0.0,1.0
11,11,0.0,0.0,0.0,0.0,0.0,0.0,0.0,0.0,0.0,0.0,0.0,1.0
11,11,0.0,0.0,0.0,0.0,0.0,0.0,0.0,0.0,0.0,0.0,0.0,1.0
11,11,0.0,0.0,0.0,0.0,0.0,0.0,0.0,0.0,0.0,0.0,0.0,1.0
11,11,0.0,0.0,0.0,0.0,0.0,0.0,0.0,0.0,0.0,0.0,0.0,1.0
11,11,0.0,0.0,0.0,0.0,0.0,0.0,0.0,0.0,0.0,0.0,0.0,1.0
11,11,0.0,0.0,0.0,0.0,0.0,0.0,0.0,0.0,0.0,0.0,0.0,1.0
11,11,0.0,0.0,0.0,0.0,0.0,0.0,0.0,0.0,0.0,0.0,0.0,1.0
11,11,0.0,0.0,0.0,0.0,0.0,0.0,0.0,0.0,0.0,0.0,0.0,1.0
11,11,0.0,0.0,0.0,0.0,0.0,0.0,0.0,0.0,0.0,0.0,0.0,1.0
11,11,0.0,0.0,0.0,0.0,0.0,0.0,0.0,0.0,0.0,0.0,0.0,1.0
11,11,0.0,0.0,0.0,0.0,0.0,0.0,0.0,0.0,0.0,0.0,0.0,1.0
11,11,0.0,0.0,0.0,0.0,0.0,0.0,0.0,0.0,0.0,0.0,0.0,1.0
11,11,0.0,0.0,0.0,0.0,0.0,0.0,0.0,0.0,0.0,0.0,0.0,1.0
11,11,0.0,0.0,0.0,0.0,0.0,0.0,0.0,0.0,0.0,0.0,0.0,1.0
11,11,0.0,0.0,0.0,0.0,0.0,0.0,0.0,0.0,0.0,0.0,0.0,1.0
11,11,0.0,0.0,0.0,0.0,0.0,0.0,0.0,0.0,0.0,0.0,0.0,1.0
11,11,0.0,0.0,0.0,0.0,0.0,0.0,0.0,0.0,0.0,0.0,0.0,1.0
11,11,0.0,0.0,0.0,0.0,0.0,0.0,0.0,0.0,0.0,0.0,0.0,1.0
11,11,0.0,0.0,0.0,0.0,0.0,0.0,0.0,0.0,0.0,0.0,0.0,1.0
11,11,0.0,0.0,0.0,0.0,0.0,0.0,0.0,0.0,0.0,0.0,0.0,1.0
11,11,0.0,0.0,0.0,0.0,0.0,0.0,0.0,0.0,0.0,0.0,0.0,1.0
11,11,0.0,0.0,0.0,0.0,0.0,0.0,0.0,0.0,0.0,0.0,0.0,1.0
11,11,0.0,0.0,0.0,0.0,0.0,0.0,0.0,0.0,0.0,0.0,0.0,1.0
11,11,0.0,0.0,0.0,0.0,0.0,0.0,0.0,0.0,0.0,0.0,0.0,1.0
11,11,0.0,0.0,0.0,0.0,0.0,0.0,0.0,0.0,0.0,0.0,0.0,1.0
11,11,0.0,0.0,0.0,0.0,0.0,0.0,0.0,0.0,0.0,0.0,0.0,1.0
11,11,0.0,0.0,0.0,0.0,0.0,0.0,0.0,0.0,0.0,0.0,0.0,1.0
11,11,0.0,0.0,0.0,0.0,0.0,0.0,0.0,0.0,0.0,0.0,0.0,1.0
11,11,0.0,0.0,0.0,0.0,0.0,0.0,0.0,0.0,0.0,0.0,0.0,1.0
11,11,0.0,0.0,0.0,0.0,0.0,0.0,0.0,0.0,0.0,0.0,0.0,1.0
11,11,0.0,0.0,0.0,0.0,0.0,0.0,0.0,0.0,0.0,0.0,0.0,1.0
11,11,0.0,0.0,0.0,0.0,0.0,0.0,0.0,0.0,0.0,0.0,0.0,1.0
11,11,0.0,0.0,0.0,0.0,0.0,0.0,0.0,0.0,0.0,0.0,0.0,1.0
11,11,0.0,0.0,0.0,0.0,0.0,0.0,0.0,0.0,0.0,0.0,0.0,1.0
11,11,0.0,0.0,0.0,0.0,0.0,0.0,0.0,0.0,0.0,0.0,0.0,1.0
11,11,0.0,0.0,0.0,0.0,0.0,0.0,0.0,0.0,0.0,0.0,0.0,1.0
11,11,0.0,0.0,0.0,0.0,0.0,0.0,0.0,0.0,0.0,0.0,0.0,1.0
11,11,0.0,0.0,0.0,0.0,0.0,0.0,0.0,0.0,0.0,0.0,0.0,1.0
11,11,0.0,0.0,0.0,0.0,0.0,0.0,0.0,0.0,0.0,0.0,0.0,1.0
11,11,0.0,0.0,0.0,0.0,0.0,0.0,0.0,0.0,0.0,0.0,0.0,1.0
11,11,0.0,0.0,0.0,0.0,0.0,0.0,0.0,0.0,0.0,0.0,0.0,1.0
11,11,0.0,0.0,0.0,0.0,0.0,0.0,0.0,0.0,0.0,0.0,0.0,1.0
11,11,0.0,0.0,0.0,0.0,0.0,0.0,0.0,0.0,0.0,0.0,0.0,1.0
11,11,0.0,0.0,0.0,0.0,0.0,0.0,0.0,0.0,0.0,0.0,0.0,1.0
11,11,0.0,0.0,0.0,0.0,0.0,0.0,0.0,0.0,0.0,0.0,0.0,1.0
11,11,0.0,0.0,0.0,0.0,0.0,0.0,0.0,0.0,0.0,0.0,0.0,1.0
11,11,0.0,0.0,0.0,0.0,0.0,0.0,0.0,0.0,0.0,0.0,0.0,1.0
11,11,0.0,0.0,0.0,0.0,0.0,0.0,0.0,0.0,0.0,0.0,0.0,1.0
11,11,0.0,0.0,0.0,0.0,0.0,0.0,0.0,0.0,0.0,0.0,0.0,1.0
11,11,0.0,0.0,0.0,0.0,0.0,0.0,0.0,0.0,0.0,0.0,0.0,1.0
11,11,0.0,0.0,0.0,0.0,0.0,0.0,0.0,0.0,0.0,0.0,0.0,1.0
11,11,0.0,0.0,0.0,0.0,0.0,0.0,0.0,0.0,0.0,0.0,0.0,1.0
11,11,0.0,0.0,0.0,0.0,0.0,0.0,0.0,0.0,0.0,0.0,0.0,1.0
11,11,0.0,0.0,0.0,0.0,0.0,0.0,0.0,0.0,0.0,0.0,0.0,1.0
11,11,0.0,0.0,0.0,0.0,0.0,0.0,0.0,0.0,0.0,0.0,0.0,1.0
11,11,0.0,0.0,0.0,0.0,0.0,0.0,0.0,0.0,0.0,0.0,0.0,1.0
11,11,0.0,0.0,0.0,0.0,0.0,0.0,0.0,0.0,0.0,0.0,0.0,1.0
11,11,0.0,0.0,0.0,0.0,0.0,0.0,0.0,0.0,0.0,0.0,0.0,1.0
11,11,0.0,0.0,0.0,0.0,0.0,0.0,0.0,0.0,0.0,0.0,0.0,1.0
11,11,0.0,0.0,0.0,0.0,0.0,0.0,0.0,0.0,0.0,0.0,0.0,1.0
11,11,0.0,0.0,0.0,0.0,0.0,0.0,0.0,0.0,0.0,0.0,0.0,1.0
11,11,0.0,0.0,0.0,0.0,0.0,0.0,0.0,0.0,0.0,0.0,0.0,1.0
11,11,0.0,0.0,0.0,0.0,0.0,0.0,0.0,0.0,0.0,0.0,0.0,1.0
11,11,0.0,0.0,0.0,0.0,0.0,0.0,0.0,0.0,0.0,0.0,0.0,1.0
11,11,0.0,0.0,0.0,0.0,0.0,0.0,0.0,0.0,0.0,0.0,0.0,1.0
11,11,0.0,0.0,0.0,0.0,0.0,0.0,0.0,0.0,0.0,0.0,0.0,1.0
11,11,0.0,0.0,0.0,0.0,0.0,0.0,0.0,0.0,0.0,0.0,0.0,1.0
11,11,0.0,0.0,0.0,0.0,0.0,0.0,0.0,0.0,0.0,0.0,0.0,1.0
11,11,0.0,0.0,0.0,0.0,0.0,0.0,0.0,0.0,0.0,0.0,0.0,1.0
11,11,0.0,0.0,0.0,0.0,0.0,0.0,0.0,0.0,0.0,0.0,0.0,1.0
11,11,0.0,0.0,0.0,0.0,0.0,0.0,0.0,0.0,0.0,0.0,0.0,1.0
11,11,0.0,0.0,0.0,0.0,0.0,0.0,0.0,0.0,0.0,0.0,0.0,1.0
11,11,0.0,0.0,0.0,0.0,0.0,0.0,0.0,0.0,0.0,0.0,0.0,1.0
11,11,0.0,0.0,0.0,0.0,0.0,0.0,0.0,0.0,0.0,0.0,0.0,1.0
11,11,0.0,0.0,0.0,0.0,0.0,0.0,0.0,0.0,0.0,0.0,0.0,1.0
11,11,0.0,0.0,0.0,0.0,0.0,0.0,0.0,0.0,0.0,0.0,0.0,1.0
11,11,0.0,0.0,0.0,0.0,0.0,0.0,0.0,0.0,0.0,0.0,0.0,1.0
11,11,0.0,0.0,0.0,0.0,0.0,0.0,0.0,0.0,0.0,0.0,0.0,1.0
11,11,0.0,0.0,0.0,0.0,0.0,0.0,0.0,0.0,0.0,0.0,0.0,1.0
11,11,0.0,0.0,0.0,0.0,0.0,0.0,0.0,0.0,0.0,0.0,0.0,1.0
11,11,0.0,0.0,0.0,0.0,0.0,0.0,0.0,0.0,0.0,0.0,0.0,1.0
11,11,0.0,0.0,0.0,0.0,0.0,0.0,0.0,0.0,0.0,0.0,0.0,1.0
11,11,0.0,0.0,0.0,0.0,0.0,0.0,0.0,0.0,0.0,0.0,0.0,1.0
11,11,0.0,0.0,0.0,0.0,0.0,0.0,0.0,0.0,0.0,0.0,0.0,1.0
11,11,0.0,0.0,0.0,0.0,0.0,0.0,0.0,0.0,0.0,0.0,0.0,1.0
11,11,0.0,0.0,0.0,0.0,0.0,0.0,0.0,0.0,0.0,0.0,0.0,1.0
11,11,0.0,0.0,0.0,0.0,0.0,0.0,0.0,0.0,0.0,0.0,0.0,1.0
11,11,0.0,0.0,0.0,0.0,0.0,0.0,0.0,0.0,0.0,0.0,0.0,1.0
11,11,0.0,0.0,0.0,0.0,0.0,0.0,0.0,0.0,0.0,0.0,0.0,1.0
11,11,0.0,0.0,0.0,0.0,0.0,0.0,0.0,0.0,0.0,0.0,0.0,1.0
11,11,0.0,0.0,0.0,0.0,0.0,0.0,0.0,0.0,0.0,0.0,0.0,1.0
11,11,0.0,0.0,0.0,0.0,0.0,0.0,0.0,0.0,0.0,0.0,0.0,1.0
11,11,0.0,0.0,0.0,0.0,0.0,0.0,0.0,0.0,0.0,0.0,0.0,1.0
11,11,0.0,0.0,0.0,0.0,0.0,0.0,0.0,0.0,0.0,0.0,0.0,1.0
11,11,0.0,0.0,0.0,0.0,0.0,0.0,0.0,0.0,0.0,0.0,0.0,1.0
11,11,0.0,0.0,0.0,0.0,0.0,0.0,0.0,0.0,0.0,0.0,0.0,1.0
11,11,0.0,0.0,0.0,0.0,0.0,0.0,0.0,0.0,0.0,0.0,0.0,1.0
11,11,0.0,0.0,0.0,0.0,0.0,0.0,0.0,0.0,0.0,0.0,0.0,1.0
11,11,0.0,0.0,0.0,0.0,0.0,0.0,0.0,0.0,0.0,0.0,0.0,1.0
11,11,0.0,0.0,0.0,0.0,0.0,0.0,0.0,0.0,0.0,0.0,0.0,1.0
11,11,0.0,0.0,0.0,0.0,0.0,0.0,0.0,0.0,0.0,0.0,0.0,1.0
11,11,0.0,0.0,0.0,0.0,0.0,0.0,0.0,0.0,0.0,0.0,0.0,1.0
11,11,0.0,0.0,0.0,0.0,0.0,0.0,0.0,0.0,0.0,0.0,0.0,1.0
11,11,0.0,0.0,0.0,0.0,0.0,0.0,0.0,0.0,0.0,0.0,0.0,1.0
11,11,0.0,0.0,0.0,0.0,0.0,0.0,0.0,0.0,0.0,0.0,0.0,1.0
11,11,0.0,0.0,0.0,0.0,0.0,0.0,0.0,0.0,0.0,0.0,0.0,1.0
11,11,0.0,0.0,0.0,0.0,0.0,0.0,0.0,0.0,0.0,0.0,0.0,1.0
11,11,0.0,0.0,0.0,0.0,0.0,0.0,0.0,0.0,0.0,0.0,0.0,1.0
11,11,0.0,0.0,0.0,0.0,0.0,0.0,0.0,0.0,0.0,0.0,0.0,1.0
11,11,0.0,0.0,0.0,0.0,0.0,0.0,0.0,0.0,0.0,0.0,0.0,1.0
11,11,0.0,0.0,0.0,0.0,0.0,0.0,0.0,0.0,0.0,0.0,0.0,1.0
11,11,0.0,0.0,0.0,0.0,0.0,0.0,0.0,0.0,0.0,0.0,0.0,1.0
11,11,0.0,0.0,0.0,0.0,0.0,0.0,0.0,0.0,0.0,0.0,0.0,1.0
11,11,0.0,0.0,0.0,0.0,0.0,0.0,0.0,0.0,0.0,0.0,0.0,1.0
11,11,0.0,0.0,0.0,0.0,0.0,0.0,0.0,0.0,0.0,0.0,0.0,1.0
11,11,0.0,0.0,0.0,0.0,0.0,0.0,0.0,0.0,0.0,0.0,0.0,1.0
11,11,0.0,0.0,0.0,0.0,0.0,0.0,0.0,0.0,0.0,0.0,0.0,1.0
11,11,0.0,0.0,0.0,0.0,0.0,0.0,0.0,0.0,0.0,0.0,0.0,1.0
11,11,0.0,0.0,0.0,0.0,0.0,0.0,0.0,0.0,0.0,0.0,0.0,1.0
11,11,0.0,0.0,0.0,0.0,0.0,0.0,0.0,0.0,0.0,0.0,0.0,1.0
11,11,0.0,0.0,0.0,0.0,0.0,0.0,0.0,0.0,0.0,0.0,0.0,1.0
11,11,0.0,0.0,0.0,0.0,0.0,0.0,0.0,0.0,0.0,0.0,0.0,1.0
11,11,0.0,0.0,0.0,0.0,0.0,0.0,0.0,0.0,0.0,0.0,0.0,1.0
11,11,0.0,0.0,0.0,0.0,0.0,0.0,0.0,0.0,0.0,0.0,0.0,1.0
11,11,0.0,0.0,0.0,0.0,0.0,0.0,0.0,0.0,0.0,0.0,0.0,1.0
11,11,0.0,0.0,0.0,0.0,0.0,0.0,0.0,0.0,0.0,0.0,0.0,1.0
11,11,0.0,0.0,0.0,0.0,0.0,0.0,0.0,0.0,0.0,0.0,0.0,1.0
11,11,0.0,0.0,0.0,0.0,0.0,0.0,0.0,0.0,0.0,0.0,0.0,1.0
11,11,0.0,0.0,0.0,0.0,0.0,0.0,0.0,0.0,0.0,0.0,0.0,1.0
11,11,0.0,0.0,0.0,0.0,0.0,0.0,0.0,0.0,0.0,0.0,0.0,1.0
11,11,0.0,0.0,0.0,0.0,0.0,0.0,0.0,0.0,0.0,0.0,0.0,1.0
11,11,0.0,0.0,0.0,0.0,0.0,0.0,0.0,0.0,0.0,0.0,0.0,1.0
11,11,0.0,0.0,0.0,0.0,0.0,0.0,0.0,0.0,0.0,0.0,0.0,1.0
11,11,0.0,0.0,0.0,0.0,0.0,0.0,0.0,0.0,0.0,0.0,0.0,1.0
11,11,0.0,0.0,0.0,0.0,0.0,0.0,0.0,0.0,0.0,0.0,0.0,1.0
11,11,0.0,0.0,0.0,0.0,0.0,0.0,0.0,0.0,0.0,0.0,0.0,1.0
11,11,0.0,0.0,0.0,0.0,0.0,0.0,0.0,0.0,0.0,0.0,0.0,1.0
11,11,0.0,0.0,0.0,0.0,0.0,0.0,0.0,0.0,0.0,0.0,0.0,1.0
11,11,0.0,0.0,0.0,0.0,0.0,0.0,0.0,0.0,0.0,0.0,0.0,1.0
11,11,0.0,0.0,0.0,0.0,0.0,0.0,0.0,0.0,0.0,0.0,0.0,1.0
11,11,0.0,0.0,0.0,0.0,0.0,0.0,0.0,0.0,0.0,0.0,0.0,1.0
11,11,0.0,0.0,0.0,0.0,0.0,0.0,0.0,0.0,0.0,0.0,0.0,1.0
11,11,0.0,0.0,0.0,0.0,0.0,0.0,0.0,0.0,0.0,0.0,0.0,1.0
11,11,0.0,0.0,0.0,0.0,0.0,0.0,0.0,0.0,0.0,0.0,0.0,1.0
11,11,0.0,0.0,0.0,0.0,0.0,0.0,0.0,0.0,0.0,0.0,0.0,1.0
11,11,0.0,0.0,0.0,0.0,0.0,0.0,0.0,0.0,0.0,0.0,0.0,1.0
11,11,0.0,0.0,0.0,0.0,0.0,0.0,0.0,0.0,0.0,0.0,0.0,1.0
11,11,0.0,0.0,0.0,0.0,0.0,0.0,0.0,0.0,0.0,0.0,0.0,1.0
11,11,0.0,0.0,0.0,0.0,0.0,0.0,0.0,0.0,0.0,0.0,0.0,1.0
11,11,0.0,0.0,0.0,0.0,0.0,0.0,0.0,0.0,0.0,0.0,0.0,1.0
11,11,0.0,0.0,0.0,0.0,0.0,0.0,0.0,0.0,0.0,0.0,0.0,1.0
11,11,0.0,0.0,0.0,0.0,0.0,0.0,0.0,0.0,0.0,0.0,0.0,1.0
11,11,0.0,0.0,0.0,0.0,0.0,0.0,0.0,0.0,0.0,0.0,0.0,1.0
11,11,0.0,0.0,0.0,0.0,0.0,0.0,0.0,0.0,0.0,0.0,0.0,1.0
11,11,0.0,0.0,0.0,0.0,0.0,0.0,0.0,0.0,0.0,0.0,0.0,1.0
11,11,0.0,0.0,0.0,0.0,0.0,0.0,0.0,0.0,0.0,0.0,0.0,1.0
11,11,0.0,0.0,0.0,0.0,0.0,0.0,0.0,0.0,0.0,0.0,0.0,1.0
11,11,0.0,0.0,0.0,0.0,0.0,0.0,0.0,0.0,0.0,0.0,0.0,1.0
11,11,0.0,0.0,0.0,0.0,0.0,0.0,0.0,0.0,0.0,0.0,0.0,1.0
11,11,0.0,0.0,0.0,0.0,0.0,0.0,0.0,0.0,0.0,0.0,0.0,1.0
11,11,0.0,0.0,0.0,0.0,0.0,0.0,0.0,0.0,0.0,0.0,0.0,1.0
11,11,0.0,0.0,0.0,0.0,0.0,0.0,0.0,0.0,0.0,0.0,0.0,1.0
11,11,0.0,0.0,0.0,0.0,0.0,0.0,0.0,0.0,0.0,0.0,0.0,1.0
11,11,0.0,0.0,0.0,0.0,0.0,0.0,0.0,0.0,0.0,0.0,0.0,1.0
11,11,0.0,0.0,0.0,0.0,0.0,0.0,0.0,0.0,0.0,0.0,0.0,1.0
11,11,0.0,0.0,0.0,0.0,0.0,0.0,0.0,0.0,0.0,0.0,0.0,1.0
11,11,0.0,0.0,0.0,0.0,0.0,0.0,0.0,0.0,0.0,0.0,0.0,1.0
11,11,0.0,0.0,0.0,0.0,0.0,0.0,0.0,0.0,0.0,0.0,0.0,1.0
11,11,0.0,0.0,0.0,0.0,0.0,0.0,0.0,0.0,0.0,0.0,0.0,1.0
11,11,0.0,0.0,0.0,0.0,0.0,0.0,0.0,0.0,0.0,0.0,0.0,1.0
11,11,0.0,0.0,0.0,0.0,0.0,0.0,0.0,0.0,0.0,0.0,0.0,1.0
11,11,0.0,0.0,0.0,0.0,0.0,0.0,0.0,0.0,0.0,0.0,0.0,1.0
11,11,0.0,0.0,0.0,0.0,0.0,0.0,0.0,0.0,0.0,0.0,0.0,1.0
11,11,0.0,0.0,0.0,0.0,0.0,0.0,0.0,0.0,0.0,0.0,0.0,1.0
11,11,0.0,0.0,0.0,0.0,0.0,0.0,0.0,0.0,0.0,0.0,0.0,1.0
11,11,0.0,0.0,0.0,0.0,0.0,0.0,0.0,0.0,0.0,0.0,0.0,1.0
11,11,0.0,0.0,0.0,0.0,0.0,0.0,0.0,0.0,0.0,0.0,0.0,1.0
11,11,0.0,0.0,0.0,0.0,0.0,0.0,0.0,0.0,0.0,0.0,0.0,1.0
11,11,0.0,0.0,0.0,0.0,0.0,0.0,0.0,0.0,0.0,0.0,0.0,1.0
11,11,0.0,0.0,0.0,0.0,0.0,0.0,0.0,0.0,0.0,0.0,0.0,1.0
11,11,0.0,0.0,0.0,0.0,0.0,0.0,0.0,0.0,0.0,0.0,0.0,1.0
11,11,0.0,0.0,0.0,0.0,0.0,0.0,0.0,0.0,0.0,0.0,0.0,1.0
11,11,0.0,0.0,0.0,0.0,0.0,0.0,0.0,0.0,0.0,0.0,0.0,1.0
11,11,0.0,0.0,0.0,0.0,0.0,0.0,0.0,0.0,0.0,0.0,0.0,1.0
11,11,0.0,0.0,0.0,0.0,0.0,0.0,0.0,0.0,0.0,0.0,0.0,1.0
11,11,0.0,0.0,0.0,0.0,0.0,0.0,0.0,0.0,0.0,0.0,0.0,1.0
11,11,0.0,0.0,0.0,0.0,0.0,0.0,0.0,0.0,0.0,0.0,0.0,1.0
11,11,0.0,0.0,0.0,0.0,0.0,0.0,0.0,0.0,0.0,0.0,0.0,1.0
11,11,0.0,0.0,0.0,0.0,0.0,0.0,0.0,0.0,0.0,0.0,0.0,1.0
11,11,0.0,0.0,0.0,0.0,0.0,0.0,0.0,0.0,0.0,0.0,0.0,1.0
11,11,0.0,0.0,0.0,0.0,0.0,0.0,0.0,0.0,0.0,0.0,0.0,1.0
11,11,0.0,0.0,0.0,0.0,0.0,0.0,0.0,0.0,0.0,0.0,0.0,1.0
11,11,0.0,0.0,0.0,0.0,0.0,0.0,0.0,0.0,0.0,0.0,0.0,1.0
11,11,0.0,0.0,0.0,0.0,0.0,0.0,0.0,0.0,0.0,0.0,0.0,1.0
11,11,0.0,0.0,0.0,0.0,0.0,0.0,0.0,0.0,0.0,0.0,0.0,1.0
11,11,0.0,0.0,0.0,0.0,0.0,0.0,0.0,0.0,0.0,0.0,0.0,1.0
11,11,0.0,0.0,0.0,0.0,0.0,0.0,0.0,0.0,0.0,0.0,0.0,1.0
11,11,0.0,0.0,0.0,0.0,0.0,0.0,0.0,0.0,0.0,0.0,0.0,1.0
11,11,0.0,0.0,0.0,0.0,0.0,0.0,0.0,0.0,0.0,0.0,0.0,1.0
11,11,0.0,0.0,0.0,0.0,0.0,0.0,0.0,0.0,0.0,0.0,0.0,1.0
11,11,0.0,0.0,0.0,0.0,0.0,0.0,0.0,0.0,0.0,0.0,0.0,1.0
11,11,0.0,0.0,0.0,0.0,0.0,0.0,0.0,0.0,0.0,0.0,0.0,1.0
11,11,0.0,0.0,0.0,0.0,0.0,0.0,0.0,0.0,0.0,0.0,0.0,1.0
11,11,0.0,0.0,0.0,0.0,0.0,0.0,0.0,0.0,0.0,0.0,0.0,1.0
11,11,0.0,0.0,0.0,0.0,0.0,0.0,0.0,0.0,0.0,0.0,0.0,1.0
11,11,0.0,0.0,0.0,0.0,0.0,0.0,0.0,0.0,0.0,0.0,0.0,1.0
11,11,0.0,0.0,0.0,0.0,0.0,0.0,0.0,0.0,0.0,0.0,0.0,1.0
11,11,0.0,0.0,0.0,0.0,0.0,0.0,0.0,0.0,0.0,0.0,0.0,1.0
11,11,0.0,0.0,0.0,0.0,0.0,0.0,0.0,0.0,0.0,0.0,0.0,1.0
11,11,0.0,0.0,0.0,0.0,0.0,0.0,0.0,0.0,0.0,0.0,0.0,1.0
11,11,0.0,0.0,0.0,0.0,0.0,0.0,0.0,0.0,0.0,0.0,0.0,1.0
11,11,0.0,0.0,0.0,0.0,0.0,0.0,0.0,0.0,0.0,0.0,0.0,1.0
11,11,0.0,0.0,0.0,0.0,0.0,0.0,0.0,0.0,0.0,0.0,0.0,1.0
11,11,0.0,0.0,0.0,0.0,0.0,0.0,0.0,0.0,0.0,0.0,0.0,1.0
11,11,0.0,0.0,0.0,0.0,0.0,0.0,0.0,0.0,0.0,0.0,0.0,1.0
11,11,0.0,0.0,0.0,0.0,0.0,0.0,0.0,0.0,0.0,0.0,0.0,1.0
11,11,0.0,0.0,0.0,0.0,0.0,0.0,0.0,0.0,0.0,0.0,0.0,1.0
11,11,0.0,0.0,0.0,0.0,0.0,0.0,0.0,0.0,0.0,0.0,0.0,1.0
11,11,0.0,0.0,0.0,0.0,0.0,0.0,0.0,0.0,0.0,0.0,0.0,1.0
11,11,0.0,0.0,0.0,0.0,0.0,0.0,0.0,0.0,0.0,0.0,0.0,1.0
11,11,0.0,0.0,0.0,0.0,0.0,0.0,0.0,0.0,0.0,0.0,0.0,1.0
11,11,0.0,0.0,0.0,0.0,0.0,0.0,0.0,0.0,0.0,0.0,0.0,1.0
11,11,0.0,0.0,0.0,0.0,0.0,0.0,0.0,0.0,0.0,0.0,0.0,1.0
11,11,0.0,0.0,0.0,0.0,0.0,0.0,0.0,0.0,0.0,0.0,0.0,1.0
11,11,0.0,0.0,0.0,0.0,0.0,0.0,0.0,0.0,0.0,0.0,0.0,1.0
11,11,0.0,0.0,0.0,0.0,0.0,0.0,0.0,0.0,0.0,0.0,0.0,1.0
11,11,0.0,0.0,0.0,0.0,0.0,0.0,0.0,0.0,0.0,0.0,0.0,1.0
11,11,0.0,0.0,0.0,0.0,0.0,0.0,0.0,0.0,0.0,0.0,0.0,1.0
11,11,0.0,0.0,0.0,0.0,0.0,0.0,0.0,0.0,0.0,0.0,0.0,1.0
11,11,0.0,0.0,0.0,0.0,0.0,0.0,0.0,0.0,0.0,0.0,0.0,1.0
11,11,0.0,0.0,0.0,0.0,0.0,0.0,0.0,0.0,0.0,0.0,0.0,1.0
11,11,0.0,0.0,0.0,0.0,0.0,0.0,0.0,0.0,0.0,0.0,0.0,1.0
11,11,0.0,0.0,0.0,0.0,0.0,0.0,0.0,0.0,0.0,0.0,0.0,1.0
11,11,0.0,0.0,0.0,0.0,0.0,0.0,0.0,0.0,0.0,0.0,0.0,1.0
11,11,0.0,0.0,0.0,0.0,0.0,0.0,0.0,0.0,0.0,0.0,0.0,1.0
11,11,0.0,0.0,0.0,0.0,0.0,0.0,0.0,0.0,0.0,0.0,0.0,1.0
11,11,0.0,0.0,0.0,0.0,0.0,0.0,0.0,0.0,0.0,0.0,0.0,1.0
11,11,0.0,0.0,0.0,0.0,0.0,0.0,0.0,0.0,0.0,0.0,0.0,1.0
11,11,0.0,0.0,0.0,0.0,0.0,0.0,0.0,0.0,0.0,0.0,0.0,1.0
11,11,0.0,0.0,0.0,0.0,0.0,0.0,0.0,0.0,0.0,0.0,0.0,1.0
11,11,0.0,0.0,0.0,0.0,0.0,0.0,0.0,0.0,0.0,0.0,0.0,1.0
11,11,0.0,0.0,0.0,0.0,0.0,0.0,0.0,0.0,0.0,0.0,0.0,1.0
11,11,0.0,0.0,0.0,0.0,0.0,0.0,0.0,0.0,0.0,0.0,0.0,1.0
11,11,0.0,0.0,0.0,0.0,0.0,0.0,0.0,0.0,0.0,0.0,0.0,1.0
11,11,0.0,0.0,0.0,0.0,0.0,0.0,0.0,0.0,0.0,0.0,0.0,1.0
11,11,0.0,0.0,0.0,0.0,0.0,0.0,0.0,0.0,0.0,0.0,0.0,1.0
11,11,0.0,0.0,0.0,0.0,0.0,0.0,0.0,0.0,0.0,0.0,0.0,1.0
11,11,0.0,0.0,0.0,0.0,0.0,0.0,0.0,0.0,0.0,0.0,0.0,1.0
11,11,0.0,0.0,0.0,0.0,0.0,0.0,0.0,0.0,0.0,0.0,0.0,1.0
11,11,0.0,0.0,0.0,0.0,0.0,0.0,0.0,0.0,0.0,0.0,0.0,1.0
11,11,0.0,0.0,0.0,0.0,0.0,0.0,0.0,0.0,0.0,0.0,0.0,1.0
11,11,0.0,0.0,0.0,0.0,0.0,0.0,0.0,0.0,0.0,0.0,0.0,1.0
11,11,0.0,0.0,0.0,0.0,0.0,0.0,0.0,0.0,0.0,0.0,0.0,1.0
11,11,0.0,0.0,0.0,0.0,0.0,0.0,0.0,0.0,0.0,0.0,0.0,1.0
11,11,0.0,0.0,0.0,0.0,0.0,0.0,0.0,0.0,0.0,0.0,0.0,1.0
11,11,0.0,0.0,0.0,0.0,0.0,0.0,0.0,0.0,0.0,0.0,0.0,1.0
11,11,0.0,0.0,0.0,0.0,0.0,0.0,0.0,0.0,0.0,0.0,0.0,1.0
11,11,0.0,0.0,0.0,0.0,0.0,0.0,0.0,0.0,0.0,0.0,0.0,1.0
11,11,0.0,0.0,0.0,0.0,0.0,0.0,0.0,0.0,0.0,0.0,0.0,1.0
11,11,0.0,0.0,0.0,0.0,0.0,0.0,0.0,0.0,0.0,0.0,0.0,1.0
11,11,0.0,0.0,0.0,0.0,0.0,0.0,0.0,0.0,0.0,0.0,0.0,1.0
11,11,0.0,0.0,0.0,0.0,0.0,0.0,0.0,0.0,0.0,0.0,0.0,1.0
11,11,0.0,0.0,0.0,0.0,0.0,0.0,0.0,0.0,0.0,0.0,0.0,1.0
11,11,0.0,0.0,0.0,0.0,0.0,0.0,0.0,0.0,0.0,0.0,0.0,1.0
11,11,0.0,0.0,0.0,0.0,0.0,0.0,0.0,0.0,0.0,0.0,0.0,1.0
11,11,0.0,0.0,0.0,0.0,0.0,0.0,0.0,0.0,0.0,0.0,0.0,1.0
11,11,0.0,0.0,0.0,0.0,0.0,0.0,0.0,0.0,0.0,0.0,0.0,1.0
11,11,0.0,0.0,0.0,0.0,0.0,0.0,0.0,0.0,0.0,0.0,0.0,1.0
11,11,0.0,0.0,0.0,0.0,0.0,0.0,0.0,0.0,0.0,0.0,0.0,1.0
11,11,0.0,0.0,0.0,0.0,0.0,0.0,0.0,0.0,0.0,0.0,0.0,1.0
11,11,0.0,0.0,0.0,0.0,0.0,0.0,0.0,0.0,0.0,0.0,0.0,1.0
11,11,0.0,0.0,0.0,0.0,0.0,0.0,0.0,0.0,0.0,0.0,0.0,1.0
11,11,0.0,0.0,0.0,0.0,0.0,0.0,0.0,0.0,0.0,0.0,0.0,1.0
11,11,0.0,0.0,0.0,0.0,0.0,0.0,0.0,0.0,0.0,0.0,0.0,1.0
11,11,0.0,0.0,0.0,0.0,0.0,0.0,0.0,0.0,0.0,0.0,0.0,1.0
11,11,0.0,0.0,0.0,0.0,0.0,0.0,0.0,0.0,0.0,0.0,0.0,1.0
11,11,0.0,0.0,0.0,0.0,0.0,0.0,0.0,0.0,0.0,0.0,0.0,1.0
11,11,0.0,0.0,0.0,0.0,0.0,0.0,0.0,0.0,0.0,0.0,0.0,1.0
11,11,0.0,0.0,0.0,0.0,0.0,0.0,0.0,0.0,0.0,0.0,0.0,1.0
11,11,0.0,0.0,0.0,0.0,0.0,0.0,0.0,0.0,0.0,0.0,0.0,1.0
11,11,0.0,0.0,0.0,0.0,0.0,0.0,0.0,0.0,0.0,0.0,0.0,1.0
11,11,0.0,0.0,0.0,0.0,0.0,0.0,0.0,0.0,0.0,0.0,0.0,1.0
11,11,0.0,0.0,0.0,0.0,0.0,0.0,0.0,0.0,0.0,0.0,0.0,1.0
11,11,0.0,0.0,0.0,0.0,0.0,0.0,0.0,0.0,0.0,0.0,0.0,1.0
11,11,0.0,0.0,0.0,0.0,0.0,0.0,0.0,0.0,0.0,0.0,0.0,1.0
11,11,0.0,0.0,0.0,0.0,0.0,0.0,0.0,0.0,0.0,0.0,0.0,1.0
11,11,0.0,0.0,0.0,0.0,0.0,0.0,0.0,0.0,0.0,0.0,0.0,1.0
11,11,0.0,0.0,0.0,0.0,0.0,0.0,0.0,0.0,0.0,0.0,0.0,1.0
11,11,0.0,0.0,0.0,0.0,0.0,0.0,0.0,0.0,0.0,0.0,0.0,1.0
11,11,0.0,0.0,0.0,0.0,0.0,0.0,0.0,0.0,0.0,0.0,0.0,1.0
11,11,0.0,0.0,0.0,0.0,0.0,0.0,0.0,0.0,0.0,0.0,0.0,1.0
11,11,0.0,0.0,0.0,0.0,0.0,0.0,0.0,0.0,0.0,0.0,0.0,1.0
11,11,0.0,0.0,0.0,0.0,0.0,0.0,0.0,0.0,0.0,0.0,0.0,1.0
11,11,0.0,0.0,0.0,0.0,0.0,0.0,0.0,0.0,0.0,0.0,0.0,1.0
11,11,0.0,0.0,0.0,0.0,0.0,0.0,0.0,0.0,0.0,0.0,0.0,1.0
11,11,0.0,0.0,0.0,0.0,0.0,0.0,0.0,0.0,0.0,0.0,0.0,1.0
11,11,0.0,0.0,0.0,0.0,0.0,0.0,0.0,0.0,0.0,0.0,0.0,1.0
11,11,0.0,0.0,0.0,0.0,0.0,0.0,0.0,0.0,0.0,0.0,0.0,1.0
11,11,0.0,0.0,0.0,0.0,0.0,0.0,0.0,0.0,0.0,0.0,0.0,1.0
11,11,0.0,0.0,0.0,0.0,0.0,0.0,0.0,0.0,0.0,0.0,0.0,1.0
11,11,0.0,0.0,0.0,0.0,0.0,0.0,0.0,0.0,0.0,0.0,0.0,1.0
11,11,0.0,0.0,0.0,0.0,0.0,0.0,0.0,0.0,0.0,0.0,0.0,1.0
11,11,0.0,0.0,0.0,0.0,0.0,0.0,0.0,0.0,0.0,0.0,0.0,1.0
11,11,0.0,0.0,0.0,0.0,0.0,0.0,0.0,0.0,0.0,0.0,0.0,1.0
11,11,0.0,0.0,0.0,0.0,0.0,0.0,0.0,0.0,0.0,0.0,0.0,1.0
11,11,0.0,0.0,0.0,0.0,0.0,0.0,0.0,0.0,0.0,0.0,0.0,1.0
11,11,0.0,0.0,0.0,0.0,0.0,0.0,0.0,0.0,0.0,0.0,0.0,1.0
11,11,0.0,0.0,0.0,0.0,0.0,0.0,0.0,0.0,0.0,0.0,0.0,1.0
11,11,0.0,0.0,0.0,0.0,0.0,0.0,0.0,0.0,0.0,0.0,0.0,1.0
11,11,0.0,0.0,0.0,0.0,0.0,0.0,0.0,0.0,0.0,0.0,0.0,1.0
11,11,0.0,0.0,0.0,0.0,0.0,0.0,0.0,0.0,0.0,0.0,0.0,1.0
11,11,0.0,0.0,0.0,0.0,0.0,0.0,0.0,0.0,0.0,0.0,0.0,1.0
11,11,0.0,0.0,0.0,0.0,0.0,0.0,0.0,0.0,0.0,0.0,0.0,1.0
11,11,0.0,0.0,0.0,0.0,0.0,0.0,0.0,0.0,0.0,0.0,0.0,1.0
11,11,0.0,0.0,0.0,0.0,0.0,0.0,0.0,0.0,0.0,0.0,0.0,1.0
11,11,0.0,0.0,0.0,0.0,0.0,0.0,0.0,0.0,0.0,0.0,0.0,1.0
11,11,0.0,0.0,0.0,0.0,0.0,0.0,0.0,0.0,0.0,0.0,0.0,1.0
11,11,0.0,0.0,0.0,0.0,0.0,0.0,0.0,0.0,0.0,0.0,0.0,1.0
11,11,0.0,0.0,0.0,0.0,0.0,0.0,0.0,0.0,0.0,0.0,0.0,1.0
11,11,0.0,0.0,0.0,0.0,0.0,0.0,0.0,0.0,0.0,0.0,0.0,1.0
11,11,0.0,0.0,0.0,0.0,0.0,0.0,0.0,0.0,0.0,0.0,0.0,1.0
11,11,0.0,0.0,0.0,0.0,0.0,0.0,0.0,0.0,0.0,0.0,0.0,1.0
11,11,0.0,0.0,0.0,0.0,0.0,0.0,0.0,0.0,0.0,0.0,0.0,1.0
11,11,0.0,0.0,0.0,0.0,0.0,0.0,0.0,0.0,0.0,0.0,0.0,1.0
11,11,0.0,0.0,0.0,0.0,0.0,0.0,0.0,0.0,0.0,0.0,0.0,1.0
11,11,0.0,0.0,0.0,0.0,0.0,0.0,0.0,0.0,0.0,0.0,0.0,1.0
11,11,0.0,0.0,0.0,0.0,0.0,0.0,0.0,0.0,0.0,0.0,0.0,1.0
11,11,0.0,0.0,0.0,0.0,0.0,0.0,0.0,0.0,0.0,0.0,0.0,1.0
11,11,0.0,0.0,0.0,0.0,0.0,0.0,0.0,0.0,0.0,0.0,0.0,1.0
11,11,0.0,0.0,0.0,0.0,0.0,0.0,0.0,0.0,0.0,0.0,0.0,1.0
11,11,0.0,0.0,0.0,0.0,0.0,0.0,0.0,0.0,0.0,0.0,0.0,1.0
11,11,0.0,0.0,0.0,0.0,0.0,0.0,0.0,0.0,0.0,0.0,0.0,1.0
11,11,0.0,0.0,0.0,0.0,0.0,0.0,0.0,0.0,0.0,0.0,0.0,1.0
11,11,0.0,0.0,0.0,0.0,0.0,0.0,0.0,0.0,0.0,0.0,0.0,1.0
11,11,0.0,0.0,0.0,0.0,0.0,0.0,0.0,0.0,0.0,0.0,0.0,1.0
11,11,0.0,0.0,0.0,0.0,0.0,0.0,0.0,0.0,0.0,0.0,0.0,1.0
11,11,0.0,0.0,0.0,0.0,0.0,0.0,0.0,0.0,0.0,0.0,0.0,1.0
11,11,0.0,0.0,0.0,0.0,0.0,0.0,0.0,0.0,0.0,0.0,0.0,1.0
11,11,0.0,0.0,0.0,0.0,0.0,0.0,0.0,0.0,0.0,0.0,0.0,1.0
11,11,0.0,0.0,0.0,0.0,0.0,0.0,0.0,0.0,0.0,0.0,0.0,1.0
11,11,0.0,0.0,0.0,0.0,0.0,0.0,0.0,0.0,0.0,0.0,0.0,1.0
11,11,0.0,0.0,0.0,0.0,0.0,0.0,0.0,0.0,0.0,0.0,0.0,1.0
11,11,0.0,0.0,0.0,0.0,0.0,0.0,0.0,0.0,0.0,0.0,0.0,1.0
11,11,0.0,0.0,0.0,0.0,0.0,0.0,0.0,0.0,0.0,0.0,0.0,1.0
11,11,0.0,0.0,0.0,0.0,0.0,0.0,0.0,0.0,0.0,0.0,0.0,1.0
11,11,0.0,0.0,0.0,0.0,0.0,0.0,0.0,0.0,0.0,0.0,0.0,1.0
11,11,0.0,0.0,0.0,0.0,0.0,0.0,0.0,0.0,0.0,0.0,0.0,1.0
11,11,0.0,0.0,0.0,0.0,0.0,0.0,0.0,0.0,0.0,0.0,0.0,1.0
11,11,0.0,0.0,0.0,0.0,0.0,0.0,0.0,0.0,0.0,0.0,0.0,1.0
11,11,0.0,0.0,0.0,0.0,0.0,0.0,0.0,0.0,0.0,0.0,0.0,1.0
11,11,0.0,0.0,0.0,0.0,0.0,0.0,0.0,0.0,0.0,0.0,0.0,1.0
11,11,0.0,0.0,0.0,0.0,0.0,0.0,0.0,0.0,0.0,0.0,0.0,1.0
11,11,0.0,0.0,0.0,0.0,0.0,0.0,0.0,0.0,0.0,0.0,0.0,1.0
11,11,0.0,0.0,0.0,0.0,0.0,0.0,0.0,0.0,0.0,0.0,0.0,1.0
11,11,0.0,0.0,0.0,0.0,0.0,0.0,0.0,0.0,0.0,0.0,0.0,1.0
11,11,0.0,0.0,0.0,0.0,0.0,0.0,0.0,0.0,0.0,0.0,0.0,1.0
11,11,0.0,0.0,0.0,0.0,0.0,0.0,0.0,0.0,0.0,0.0,0.0,1.0
11,11,0.0,0.0,0.0,0.0,0.0,0.0,0.0,0.0,0.0,0.0,0.0,1.0
11,11,0.0,0.0,0.0,0.0,0.0,0.0,0.0,0.0,0.0,0.0,0.0,1.0
11,11,0.0,0.0,0.0,0.0,0.0,0.0,0.0,0.0,0.0,0.0,0.0,1.0
11,11,0.0,0.0,0.0,0.0,0.0,0.0,0.0,0.0,0.0,0.0,0.0,1.0
11,11,0.0,0.0,0.0,0.0,0.0,0.0,0.0,0.0,0.0,0.0,0.0,1.0
11,11,0.0,0.0,0.0,0.0,0.0,0.0,0.0,0.0,0.0,0.0,0.0,1.0
11,11,0.0,0.0,0.0,0.0,0.0,0.0,0.0,0.0,0.0,0.0,0.0,1.0
11,11,0.0,0.0,0.0,0.0,0.0,0.0,0.0,0.0,0.0,0.0,0.0,1.0
11,11,0.0,0.0,0.0,0.0,0.0,0.0,0.0,0.0,0.0,0.0,0.0,1.0
11,11,0.0,0.0,0.0,0.0,0.0,0.0,0.0,0.0,0.0,0.0,0.0,1.0
11,11,0.0,0.0,0.0,0.0,0.0,0.0,0.0,0.0,0.0,0.0,0.0,1.0
11,11,0.0,0.0,0.0,0.0,0.0,0.0,0.0,0.0,0.0,0.0,0.0,1.0
11,11,0.0,0.0,0.0,0.0,0.0,0.0,0.0,0.0,0.0,0.0,0.0,1.0
11,11,0.0,0.0,0.0,0.0,0.0,0.0,0.0,0.0,0.0,0.0,0.0,1.0
11,11,0.0,0.0,0.0,0.0,0.0,0.0,0.0,0.0,0.0,0.0,0.0,1.0
11,11,0.0,0.0,0.0,0.0,0.0,0.0,0.0,0.0,0.0,0.0,0.0,1.0
11,11,0.0,0.0,0.0,0.0,0.0,0.0,0.0,0.0,0.0,0.0,0.0,1.0
11,11,0.0,0.0,0.0,0.0,0.0,0.0,0.0,0.0,0.0,0.0,0.0,1.0
11,11,0.0,0.0,0.0,0.0,0.0,0.0,0.0,0.0,0.0,0.0,0.0,1.0
11,11,0.0,0.0,0.0,0.0,0.0,0.0,0.0,0.0,0.0,0.0,0.0,1.0
11,11,0.0,0.0,0.0,0.0,0.0,0.0,0.0,0.0,0.0,0.0,0.0,1.0
11,11,0.0,0.0,0.0,0.0,0.0,0.0,0.0,0.0,0.0,0.0,0.0,1.0
11,11,0.0,0.0,0.0,0.0,0.0,0.0,0.0,0.0,0.0,0.0,0.0,1.0
11,11,0.0,0.0,0.0,0.0,0.0,0.0,0.0,0.0,0.0,0.0,0.0,1.0
11,11,0.0,0.0,0.0,0.0,0.0,0.0,0.0,0.0,0.0,0.0,0.0,1.0
11,11,0.0,0.0,0.0,0.0,0.0,0.0,0.0,0.0,0.0,0.0,0.0,1.0
11,11,0.0,0.0,0.0,0.0,0.0,0.0,0.0,0.0,0.0,0.0,0.0,1.0
11,11,0.0,0.0,0.0,0.0,0.0,0.0,0.0,0.0,0.0,0.0,0.0,1.0
11,11,0.0,0.0,0.0,0.0,0.0,0.0,0.0,0.0,0.0,0.0,0.0,1.0
11,11,0.0,0.0,0.0,0.0,0.0,0.0,0.0,0.0,0.0,0.0,0.0,1.0
11,11,0.0,0.0,0.0,0.0,0.0,0.0,0.0,0.0,0.0,0.0,0.0,1.0
11,11,0.0,0.0,0.0,0.0,0.0,0.0,0.0,0.0,0.0,0.0,0.0,1.0
11,11,0.0,0.0,0.0,0.0,0.0,0.0,0.0,0.0,0.0,0.0,0.0,1.0
11,11,0.0,0.0,0.0,0.0,0.0,0.0,0.0,0.0,0.0,0.0,0.0,1.0
11,11,0.0,0.0,0.0,0.0,0.0,0.0,0.0,0.0,0.0,0.0,0.0,1.0
11,11,0.0,0.0,0.0,0.0,0.0,0.0,0.0,0.0,0.0,0.0,0.0,1.0
11,11,0.0,0.0,0.0,0.0,0.0,0.0,0.0,0.0,0.0,0.0,0.0,1.0
11,11,0.0,0.0,0.0,0.0,0.0,0.0,0.0,0.0,0.0,0.0,0.0,1.0
11,11,0.0,0.0,0.0,0.0,0.0,0.0,0.0,0.0,0.0,0.0,0.0,1.0
11,11,0.0,0.0,0.0,0.0,0.0,0.0,0.0,0.0,0.0,0.0,0.0,1.0
11,11,0.0,0.0,0.0,0.0,0.0,0.0,0.0,0.0,0.0,0.0,0.0,1.0
11,11,0.0,0.0,0.0,0.0,0.0,0.0,0.0,0.0,0.0,0.0,0.0,1.0
11,11,0.0,0.0,0.0,0.0,0.0,0.0,0.0,0.0,0.0,0.0,0.0,1.0
11,11,0.0,0.0,0.0,0.0,0.0,0.0,0.0,0.0,0.0,0.0,0.0,1.0
11,11,0.0,0.0,0.0,0.0,0.0,0.0,0.0,0.0,0.0,0.0,0.0,1.0
11,11,0.0,0.0,0.0,0.0,0.0,0.0,0.0,0.0,0.0,0.0,0.0,1.0
11,11,0.0,0.0,0.0,0.0,0.0,0.0,0.0,0.0,0.0,0.0,0.0,1.0
11,11,0.0,0.0,0.0,0.0,0.0,0.0,0.0,0.0,0.0,0.0,0.0,1.0
11,11,0.0,0.0,0.0,0.0,0.0,0.0,0.0,0.0,0.0,0.0,0.0,1.0
11,11,0.0,0.0,0.0,0.0,0.0,0.0,0.0,0.0,0.0,0.0,0.0,1.0
11,11,0.0,0.0,0.0,0.0,0.0,0.0,0.0,0.0,0.0,0.0,0.0,1.0
11,11,0.0,0.0,0.0,0.0,0.0,0.0,0.0,0.0,0.0,0.0,0.0,1.0
11,11,0.0,0.0,0.0,0.0,0.0,0.0,0.0,0.0,0.0,0.0,0.0,1.0
11,11,0.0,0.0,0.0,0.0,0.0,0.0,0.0,0.0,0.0,0.0,0.0,1.0
11,11,0.0,0.0,0.0,0.0,0.0,0.0,0.0,0.0,0.0,0.0,0.0,1.0
11,11,0.0,0.0,0.0,0.0,0.0,0.0,0.0,0.0,0.0,0.0,0.0,1.0
11,11,0.0,0.0,0.0,0.0,0.0,0.0,0.0,0.0,0.0,0.0,0.0,1.0
11,11,0.0,0.0,0.0,0.0,0.0,0.0,0.0,0.0,0.0,0.0,0.0,1.0
11,11,0.0,0.0,0.0,0.0,0.0,0.0,0.0,0.0,0.0,0.0,0.0,1.0
11,11,0.0,0.0,0.0,0.0,0.0,0.0,0.0,0.0,0.0,0.0,0.0,1.0
11,11,0.0,0.0,0.0,0.0,0.0,0.0,0.0,0.0,0.0,0.0,0.0,1.0
11,11,0.0,0.0,0.0,0.0,0.0,0.0,0.0,0.0,0.0,0.0,0.0,1.0
11,11,0.0,0.0,0.0,0.0,0.0,0.0,0.0,0.0,0.0,0.0,0.0,1.0
11,11,0.0,0.0,0.0,0.0,0.0,0.0,0.0,0.0,0.0,0.0,0.0,1.0
11,11,0.0,0.0,0.0,0.0,0.0,0.0,0.0,0.0,0.0,0.0,0.0,1.0
11,11,0.0,0.0,0.0,0.0,0.0,0.0,0.0,0.0,0.0,0.0,0.0,1.0
11,11,0.0,0.0,0.0,0.0,0.0,0.0,0.0,0.0,0.0,0.0,0.0,1.0
11,11,0.0,0.0,0.0,0.0,0.0,0.0,0.0,0.0,0.0,0.0,0.0,1.0
11,11,0.0,0.0,0.0,0.0,0.0,0.0,0.0,0.0,0.0,0.0,0.0,1.0
11,11,0.0,0.0,0.0,0.0,0.0,0.0,0.0,0.0,0.0,0.0,0.0,1.0
11,11,0.0,0.0,0.0,0.0,0.0,0.0,0.0,0.0,0.0,0.0,0.0,1.0
11,11,0.0,0.0,0.0,0.0,0.0,0.0,0.0,0.0,0.0,0.0,0.0,1.0
11,11,0.0,0.0,0.0,0.0,0.0,0.0,0.0,0.0,0.0,0.0,0.0,1.0
11,11,0.0,0.0,0.0,0.0,0.0,0.0,0.0,0.0,0.0,0.0,0.0,1.0
11,11,0.0,0.0,0.0,0.0,0.0,0.0,0.0,0.0,0.0,0.0,0.0,1.0
11,11,0.0,0.0,0.0,0.0,0.0,0.0,0.0,0.0,0.0,0.0,0.0,1.0
11,11,0.0,0.0,0.0,0.0,0.0,0.0,0.0,0.0,0.0,0.0,0.0,1.0
11,11,0.0,0.0,0.0,0.0,0.0,0.0,0.0,0.0,0.0,0.0,0.0,1.0
11,11,0.0,0.0,0.0,0.0,0.0,0.0,0.0,0.0,0.0,0.0,0.0,1.0
11,11,0.0,0.0,0.0,0.0,0.0,0.0,0.0,0.0,0.0,0.0,0.0,1.0
11,11,0.0,0.0,0.0,0.0,0.0,0.0,0.0,0.0,0.0,0.0,0.0,1.0
11,11,0.0,0.0,0.0,0.0,0.0,0.0,0.0,0.0,0.0,0.0,0.0,1.0
11,11,0.0,0.0,0.0,0.0,0.0,0.0,0.0,0.0,0.0,0.0,0.0,1.0
11,11,0.0,0.0,0.0,0.0,0.0,0.0,0.0,0.0,0.0,0.0,0.0,1.0
11,11,0.0,0.0,0.0,0.0,0.0,0.0,0.0,0.0,0.0,0.0,0.0,1.0
11,11,0.0,0.0,0.0,0.0,0.0,0.0,0.0,0.0,0.0,0.0,0.0,1.0
11,11,0.0,0.0,0.0,0.0,0.0,0.0,0.0,0.0,0.0,0.0,0.0,1.0
11,11,0.0,0.0,0.0,0.0,0.0,0.0,0.0,0.0,0.0,0.0,0.0,1.0
11,11,0.0,0.0,0.0,0.0,0.0,0.0,0.0,0.0,0.0,0.0,0.0,1.0
11,11,0.0,0.0,0.0,0.0,0.0,0.0,0.0,0.0,0.0,0.0,0.0,1.0
11,11,0.0,0.0,0.0,0.0,0.0,0.0,0.0,0.0,0.0,0.0,0.0,1.0
11,11,0.0,0.0,0.0,0.0,0.0,0.0,0.0,0.0,0.0,0.0,0.0,1.0
11,11,0.0,0.0,0.0,0.0,0.0,0.0,0.0,0.0,0.0,0.0,0.0,1.0
11,11,0.0,0.0,0.0,0.0,0.0,0.0,0.0,0.0,0.0,0.0,0.0,1.0
11,11,0.0,0.0,0.0,0.0,0.0,0.0,0.0,0.0,0.0,0.0,0.0,1.0
11,11,0.0,0.0,0.0,0.0,0.0,0.0,0.0,0.0,0.0,0.0,0.0,1.0
11,11,0.0,0.0,0.0,0.0,0.0,0.0,0.0,0.0,0.0,0.0,0.0,1.0
11,11,0.0,0.0,0.0,0.0,0.0,0.0,0.0,0.0,0.0,0.0,0.0,1.0
11,11,0.0,0.0,0.0,0.0,0.0,0.0,0.0,0.0,0.0,0.0,0.0,1.0
11,11,0.0,0.0,0.0,0.0,0.0,0.0,0.0,0.0,0.0,0.0,0.0,1.0
11,11,0.0,0.0,0.0,0.0,0.0,0.0,0.0,0.0,0.0,0.0,0.0,1.0
11,11,0.0,0.0,0.0,0.0,0.0,0.0,0.0,0.0,0.0,0.0,0.0,1.0
11,11,0.0,0.0,0.0,0.0,0.0,0.0,0.0,0.0,0.0,0.0,0.0,1.0
11,11,0.0,0.0,0.0,0.0,0.0,0.0,0.0,0.0,0.0,0.0,0.0,1.0
11,11,0.0,0.0,0.0,0.0,0.0,0.0,0.0,0.0,0.0,0.0,0.0,1.0
11,11,0.0,0.0,0.0,0.0,0.0,0.0,0.0,0.0,0.0,0.0,0.0,1.0
11,11,0.0,0.0,0.0,0.0,0.0,0.0,0.0,0.0,0.0,0.0,0.0,1.0
11,11,0.0,0.0,0.0,0.0,0.0,0.0,0.0,0.0,0.0,0.0,0.0,1.0
11,11,0.0,0.0,0.0,0.0,0.0,0.0,0.0,0.0,0.0,0.0,0.0,1.0
11,11,0.0,0.0,0.0,0.0,0.0,0.0,0.0,0.0,0.0,0.0,0.0,1.0
11,11,0.0,0.0,0.0,0.0,0.0,0.0,0.0,0.0,0.0,0.0,0.0,1.0
11,11,0.0,0.0,0.0,0.0,0.0,0.0,0.0,0.0,0.0,0.0,0.0,1.0
11,11,0.0,0.0,0.0,0.0,0.0,0.0,0.0,0.0,0.0,0.0,0.0,1.0
11,11,0.0,0.0,0.0,0.0,0.0,0.0,0.0,0.0,0.0,0.0,0.0,1.0
11,11,0.0,0.0,0.0,0.0,0.0,0.0,0.0,0.0,0.0,0.0,0.0,1.0
11,11,0.0,0.0,0.0,0.0,0.0,0.0,0.0,0.0,0.0,0.0,0.0,1.0
11,11,0.0,0.0,0.0,0.0,0.0,0.0,0.0,0.0,0.0,0.0,0.0,1.0
11,11,0.0,0.0,0.0,0.0,0.0,0.0,0.0,0.0,0.0,0.0,0.0,1.0
11,11,0.0,0.0,0.0,0.0,0.0,0.0,0.0,0.0,0.0,0.0,0.0,1.0
11,11,0.0,0.0,0.0,0.0,0.0,0.0,0.0,0.0,0.0,0.0,0.0,1.0
11,11,0.0,0.0,0.0,0.0,0.0,0.0,0.0,0.0,0.0,0.0,0.0,1.0
11,11,0.0,0.0,0.0,0.0,0.0,0.0,0.0,0.0,0.0,0.0,0.0,1.0
11,11,0.0,0.0,0.0,0.0,0.0,0.0,0.0,0.0,0.0,0.0,0.0,1.0
11,11,0.0,0.0,0.0,0.0,0.0,0.0,0.0,0.0,0.0,0.0,0.0,1.0
11,11,0.0,0.0,0.0,0.0,0.0,0.0,0.0,0.0,0.0,0.0,0.0,1.0
11,11,0.0,0.0,0.0,0.0,0.0,0.0,0.0,0.0,0.0,0.0,0.0,1.0
11,11,0.0,0.0,0.0,0.0,0.0,0.0,0.0,0.0,0.0,0.0,0.0,1.0
11,11,0.0,0.0,0.0,0.0,0.0,0.0,0.0,0.0,0.0,0.0,0.0,1.0
11,11,0.0,0.0,0.0,0.0,0.0,0.0,0.0,0.0,0.0,0.0,0.0,1.0
11,11,0.0,0.0,0.0,0.0,0.0,0.0,0.0,0.0,0.0,0.0,0.0,1.0
11,11,0.0,0.0,0.0,0.0,0.0,0.0,0.0,0.0,0.0,0.0,0.0,1.0
11,11,0.0,0.0,0.0,0.0,0.0,0.0,0.0,0.0,0.0,0.0,0.0,1.0
11,11,0.0,0.0,0.0,0.0,0.0,0.0,0.0,0.0,0.0,0.0,0.0,1.0
11,11,0.0,0.0,0.0,0.0,0.0,0.0,0.0,0.0,0.0,0.0,0.0,1.0
11,11,0.0,0.0,0.0,0.0,0.0,0.0,0.0,0.0,0.0,0.0,0.0,1.0
11,11,0.0,0.0,0.0,0.0,0.0,0.0,0.0,0.0,0.0,0.0,0.0,1.0
11,11,0.0,0.0,0.0,0.0,0.0,0.0,0.0,0.0,0.0,0.0,0.0,1.0
11,11,0.0,0.0,0.0,0.0,0.0,0.0,0.0,0.0,0.0,0.0,0.0,1.0
11,11,0.0,0.0,0.0,0.0,0.0,0.0,0.0,0.0,0.0,0.0,0.0,1.0
11,11,0.0,0.0,0.0,0.0,0.0,0.0,0.0,0.0,0.0,0.0,0.0,1.0
11,11,0.0,0.0,0.0,0.0,0.0,0.0,0.0,0.0,0.0,0.0,0.0,1.0
11,11,0.0,0.0,0.0,0.0,0.0,0.0,0.0,0.0,0.0,0.0,0.0,1.0
11,11,0.0,0.0,0.0,0.0,0.0,0.0,0.0,0.0,0.0,0.0,0.0,1.0
11,11,0.0,0.0,0.0,0.0,0.0,0.0,0.0,0.0,0.0,0.0,0.0,1.0
11,11,0.0,0.0,0.0,0.0,0.0,0.0,0.0,0.0,0.0,0.0,0.0,1.0
11,11,0.0,0.0,0.0,0.0,0.0,0.0,0.0,0.0,0.0,0.0,0.0,1.0
11,11,0.0,0.0,0.0,0.0,0.0,0.0,0.0,0.0,0.0,0.0,0.0,1.0
11,11,0.0,0.0,0.0,0.0,0.0,0.0,0.0,0.0,0.0,0.0,0.0,1.0
11,11,0.0,0.0,0.0,0.0,0.0,0.0,0.0,0.0,0.0,0.0,0.0,1.0
11,11,0.0,0.0,0.0,0.0,0.0,0.0,0.0,0.0,0.0,0.0,0.0,1.0
11,11,0.0,0.0,0.0,0.0,0.0,0.0,0.0,0.0,0.0,0.0,0.0,1.0
11,11,0.0,0.0,0.0,0.0,0.0,0.0,0.0,0.0,0.0,0.0,0.0,1.0
11,11,0.0,0.0,0.0,0.0,0.0,0.0,0.0,0.0,0.0,0.0,0.0,1.0
11,11,0.0,0.0,0.0,0.0,0.0,0.0,0.0,0.0,0.0,0.0,0.0,1.0
11,11,0.0,0.0,0.0,0.0,0.0,0.0,0.0,0.0,0.0,0.0,0.0,1.0
11,11,0.0,0.0,0.0,0.0,0.0,0.0,0.0,0.0,0.0,0.0,0.0,1.0
11,11,0.0,0.0,0.0,0.0,0.0,0.0,0.0,0.0,0.0,0.0,0.0,1.0
11,11,0.0,0.0,0.0,0.0,0.0,0.0,0.0,0.0,0.0,0.0,0.0,1.0
11,11,0.0,0.0,0.0,0.0,0.0,0.0,0.0,0.0,0.0,0.0,0.0,1.0
11,11,0.0,0.0,0.0,0.0,0.0,0.0,0.0,0.0,0.0,0.0,0.0,1.0
11,11,0.0,0.0,0.0,0.0,0.0,0.0,0.0,0.0,0.0,0.0,0.0,1.0
11,11,0.0,0.0,0.0,0.0,0.0,0.0,0.0,0.0,0.0,0.0,0.0,1.0
11,11,0.0,0.0,0.0,0.0,0.0,0.0,0.0,0.0,0.0,0.0,0.0,1.0
11,11,0.0,0.0,0.0,0.0,0.0,0.0,0.0,0.0,0.0,0.0,0.0,1.0
11,11,0.0,0.0,0.0,0.0,0.0,0.0,0.0,0.0,0.0,0.0,0.0,1.0
11,11,0.0,0.0,0.0,0.0,0.0,0.0,0.0,0.0,0.0,0.0,0.0,1.0
11,11,0.0,0.0,0.0,0.0,0.0,0.0,0.0,0.0,0.0,0.0,0.0,1.0
11,11,0.0,0.0,0.0,0.0,0.0,0.0,0.0,0.0,0.0,0.0,0.0,1.0
11,11,0.0,0.0,0.0,0.0,0.0,0.0,0.0,0.0,0.0,0.0,0.0,1.0
11,11,0.0,0.0,0.0,0.0,0.0,0.0,0.0,0.0,0.0,0.0,0.0,1.0
11,11,0.0,0.0,0.0,0.0,0.0,0.0,0.0,0.0,0.0,0.0,0.0,1.0
11,11,0.0,0.0,0.0,0.0,0.0,0.0,0.0,0.0,0.0,0.0,0.0,1.0
11,11,0.0,0.0,0.0,0.0,0.0,0.0,0.0,0.0,0.0,0.0,0.0,1.0
11,11,0.0,0.0,0.0,0.0,0.0,0.0,0.0,0.0,0.0,0.0,0.0,1.0
11,11,0.0,0.0,0.0,0.0,0.0,0.0,0.0,0.0,0.0,0.0,0.0,1.0
11,11,0.0,0.0,0.0,0.0,0.0,0.0,0.0,0.0,0.0,0.0,0.0,1.0
11,11,0.0,0.0,0.0,0.0,0.0,0.0,0.0,0.0,0.0,0.0,0.0,1.0
11,11,0.0,0.0,0.0,0.0,0.0,0.0,0.0,0.0,0.0,0.0,0.0,1.0
11,11,0.0,0.0,0.0,0.0,0.0,0.0,0.0,0.0,0.0,0.0,0.0,1.0
11,11,0.0,0.0,0.0,0.0,0.0,0.0,0.0,0.0,0.0,0.0,0.0,1.0
11,11,0.0,0.0,0.0,0.0,0.0,0.0,0.0,0.0,0.0,0.0,0.0,1.0
11,11,0.0,0.0,0.0,0.0,0.0,0.0,0.0,0.0,0.0,0.0,0.0,1.0
11,11,0.0,0.0,0.0,0.0,0.0,0.0,0.0,0.0,0.0,0.0,0.0,1.0
11,11,0.0,0.0,0.0,0.0,0.0,0.0,0.0,0.0,0.0,0.0,0.0,1.0
11,11,0.0,0.0,0.0,0.0,0.0,0.0,0.0,0.0,0.0,0.0,0.0,1.0
11,11,0.0,0.0,0.0,0.0,0.0,0.0,0.0,0.0,0.0,0.0,0.0,1.0
11,11,0.0,0.0,0.0,0.0,0.0,0.0,0.0,0.0,0.0,0.0,0.0,1.0
11,11,0.0,0.0,0.0,0.0,0.0,0.0,0.0,0.0,0.0,0.0,0.0,1.0
11,11,0.0,0.0,0.0,0.0,0.0,0.0,0.0,0.0,0.0,0.0,0.0,1.0
11,11,0.0,0.0,0.0,0.0,0.0,0.0,0.0,0.0,0.0,0.0,0.0,1.0
11,11,0.0,0.0,0.0,0.0,0.0,0.0,0.0,0.0,0.0,0.0,0.0,1.0
11,11,0.0,0.0,0.0,0.0,0.0,0.0,0.0,0.0,0.0,0.0,0.0,1.0
11,11,0.0,0.0,0.0,0.0,0.0,0.0,0.0,0.0,0.0,0.0,0.0,1.0
11,11,0.0,0.0,0.0,0.0,0.0,0.0,0.0,0.0,0.0,0.0,0.0,1.0
11,11,0.0,0.0,0.0,0.0,0.0,0.0,0.0,0.0,0.0,0.0,0.0,1.0
11,11,0.0,0.0,0.0,0.0,0.0,0.0,0.0,0.0,0.0,0.0,0.0,1.0
11,11,0.0,0.0,0.0,0.0,0.0,0.0,0.0,0.0,0.0,0.0,0.0,1.0
11,11,0.0,0.0,0.0,0.0,0.0,0.0,0.0,0.0,0.0,0.0,0.0,1.0
11,11,0.0,0.0,0.0,0.0,0.0,0.0,0.0,0.0,0.0,0.0,0.0,1.0
11,11,0.0,0.0,0.0,0.0,0.0,0.0,0.0,0.0,0.0,0.0,0.0,1.0
11,11,0.0,0.0,0.0,0.0,0.0,0.0,0.0,0.0,0.0,0.0,0.0,1.0
11,11,0.0,0.0,0.0,0.0,0.0,0.0,0.0,0.0,0.0,0.0,0.0,1.0
11,11,0.0,0.0,0.0,0.0,0.0,0.0,0.0,0.0,0.0,0.0,0.0,1.0
11,11,0.0,0.0,0.0,0.0,0.0,0.0,0.0,0.0,0.0,0.0,0.0,1.0
11,11,0.0,0.0,0.0,0.0,0.0,0.0,0.0,0.0,0.0,0.0,0.0,1.0
11,11,0.0,0.0,0.0,0.0,0.0,0.0,0.0,0.0,0.0,0.0,0.0,1.0
11,11,0.0,0.0,0.0,0.0,0.0,0.0,0.0,0.0,0.0,0.0,0.0,1.0
11,11,0.0,0.0,0.0,0.0,0.0,0.0,0.0,0.0,0.0,0.0,0.0,1.0
11,11,0.0,0.0,0.0,0.0,0.0,0.0,0.0,0.0,0.0,0.0,0.0,1.0
11,11,0.0,0.0,0.0,0.0,0.0,0.0,0.0,0.0,0.0,0.0,0.0,1.0
11,11,0.0,0.0,0.0,0.0,0.0,0.0,0.0,0.0,0.0,0.0,0.0,1.0
11,11,0.0,0.0,0.0,0.0,0.0,0.0,0.0,0.0,0.0,0.0,0.0,1.0
11,11,0.0,0.0,0.0,0.0,0.0,0.0,0.0,0.0,0.0,0.0,0.0,1.0
11,11,0.0,0.0,0.0,0.0,0.0,0.0,0.0,0.0,0.0,0.0,0.0,1.0
11,11,0.0,0.0,0.0,0.0,0.0,0.0,0.0,0.0,0.0,0.0,0.0,1.0
11,11,0.0,0.0,0.0,0.0,0.0,0.0,0.0,0.0,0.0,0.0,0.0,1.0
11,11,0.0,0.0,0.0,0.0,0.0,0.0,0.0,0.0,0.0,0.0,0.0,1.0
11,11,0.0,0.0,0.0,0.0,0.0,0.0,0.0,0.0,0.0,0.0,0.0,1.0
11,11,0.0,0.0,0.0,0.0,0.0,0.0,0.0,0.0,0.0,0.0,0.0,1.0
11,11,0.0,0.0,0.0,0.0,0.0,0.0,0.0,0.0,0.0,0.0,0.0,1.0
11,11,0.0,0.0,0.0,0.0,0.0,0.0,0.0,0.0,0.0,0.0,0.0,1.0
11,11,0.0,0.0,0.0,0.0,0.0,0.0,0.0,0.0,0.0,0.0,0.0,1.0
11,11,0.0,0.0,0.0,0.0,0.0,0.0,0.0,0.0,0.0,0.0,0.0,1.0
11,11,0.0,0.0,0.0,0.0,0.0,0.0,0.0,0.0,0.0,0.0,0.0,1.0
11,11,0.0,0.0,0.0,0.0,0.0,0.0,0.0,0.0,0.0,0.0,0.0,1.0
11,11,0.0,0.0,0.0,0.0,0.0,0.0,0.0,0.0,0.0,0.0,0.0,1.0
11,11,0.0,0.0,0.0,0.0,0.0,0.0,0.0,0.0,0.0,0.0,0.0,1.0
11,11,0.0,0.0,0.0,0.0,0.0,0.0,0.0,0.0,0.0,0.0,0.0,1.0
11,11,0.0,0.0,0.0,0.0,0.0,0.0,0.0,0.0,0.0,0.0,0.0,1.0
11,11,0.0,0.0,0.0,0.0,0.0,0.0,0.0,0.0,0.0,0.0,0.0,1.0
11,11,0.0,0.0,0.0,0.0,0.0,0.0,0.0,0.0,0.0,0.0,0.0,1.0
11,11,0.0,0.0,0.0,0.0,0.0,0.0,0.0,0.0,0.0,0.0,0.0,1.0
11,11,0.0,0.0,0.0,0.0,0.0,0.0,0.0,0.0,0.0,0.0,0.0,1.0
11,11,0.0,0.0,0.0,0.0,0.0,0.0,0.0,0.0,0.0,0.0,0.0,1.0
11,11,0.0,0.0,0.0,0.0,0.0,0.0,0.0,0.0,0.0,0.0,0.0,1.0
11,11,0.0,0.0,0.0,0.0,0.0,0.0,0.0,0.0,0.0,0.0,0.0,1.0
11,11,0.0,0.0,0.0,0.0,0.0,0.0,0.0,0.0,0.0,0.0,0.0,1.0
11,11,0.0,0.0,0.0,0.0,0.0,0.0,0.0,0.0,0.0,0.0,0.0,1.0
11,11,0.0,0.0,0.0,0.0,0.0,0.0,0.0,0.0,0.0,0.0,0.0,1.0
11,11,0.0,0.0,0.0,0.0,0.0,0.0,0.0,0.0,0.0,0.0,0.0,1.0
11,11,0.0,0.0,0.0,0.0,0.0,0.0,0.0,0.0,0.0,0.0,0.0,1.0
11,11,0.0,0.0,0.0,0.0,0.0,0.0,0.0,0.0,0.0,0.0,0.0,1.0
11,11,0.0,0.0,0.0,0.0,0.0,0.0,0.0,0.0,0.0,0.0,0.0,1.0
11,11,0.0,0.0,0.0,0.0,0.0,0.0,0.0,0.0,0.0,0.0,0.0,1.0
11,11,0.0,0.0,0.0,0.0,0.0,0.0,0.0,0.0,0.0,0.0,0.0,1.0
11,11,0.0,0.0,0.0,0.0,0.0,0.0,0.0,0.0,0.0,0.0,0.0,1.0
11,11,0.0,0.0,0.0,0.0,0.0,0.0,0.0,0.0,0.0,0.0,0.0,1.0
11,11,0.0,0.0,0.0,0.0,0.0,0.0,0.0,0.0,0.0,0.0,0.0,1.0
11,11,0.0,0.0,0.0,0.0,0.0,0.0,0.0,0.0,0.0,0.0,0.0,1.0
11,11,0.0,0.0,0.0,0.0,0.0,0.0,0.0,0.0,0.0,0.0,0.0,1.0
11,11,0.0,0.0,0.0,0.0,0.0,0.0,0.0,0.0,0.0,0.0,0.0,1.0
11,11,0.0,0.0,0.0,0.0,0.0,0.0,0.0,0.0,0.0,0.0,0.0,1.0
11,11,0.0,0.0,0.0,0.0,0.0,0.0,0.0,0.0,0.0,0.0,0.0,1.0
11,11,0.0,0.0,0.0,0.0,0.0,0.0,0.0,0.0,0.0,0.0,0.0,1.0
11,11,0.0,0.0,0.0,0.0,0.0,0.0,0.0,0.0,0.0,0.0,0.0,1.0
11,11,0.0,0.0,0.0,0.0,0.0,0.0,0.0,0.0,0.0,0.0,0.0,1.0
11,11,0.0,0.0,0.0,0.0,0.0,0.0,0.0,0.0,0.0,0.0,0.0,1.0
11,11,0.0,0.0,0.0,0.0,0.0,0.0,0.0,0.0,0.0,0.0,0.0,1.0
11,11,0.0,0.0,0.0,0.0,0.0,0.0,0.0,0.0,0.0,0.0,0.0,1.0
11,11,0.0,0.0,0.0,0.0,0.0,0.0,0.0,0.0,0.0,0.0,0.0,1.0
11,11,0.0,0.0,0.0,0.0,0.0,0.0,0.0,0.0,0.0,0.0,0.0,1.0
11,11,0.0,0.0,0.0,0.0,0.0,0.0,0.0,0.0,0.0,0.0,0.0,1.0
11,11,0.0,0.0,0.0,0.0,0.0,0.0,0.0,0.0,0.0,0.0,0.0,1.0
11,11,0.0,0.0,0.0,0.0,0.0,0.0,0.0,0.0,0.0,0.0,0.0,1.0
11,11,0.0,0.0,0.0,0.0,0.0,0.0,0.0,0.0,0.0,0.0,0.0,1.0
11,11,0.0,0.0,0.0,0.0,0.0,0.0,0.0,0.0,0.0,0.0,0.0,1.0
11,11,0.0,0.0,0.0,0.0,0.0,0.0,0.0,0.0,0.0,0.0,0.0,1.0
11,11,0.0,0.0,0.0,0.0,0.0,0.0,0.0,0.0,0.0,0.0,0.0,1.0
11,11,0.0,0.0,0.0,0.0,0.0,0.0,0.0,0.0,0.0,0.0,0.0,1.0
11,11,0.0,0.0,0.0,0.0,0.0,0.0,0.0,0.0,0.0,0.0,0.0,1.0
11,11,0.0,0.0,0.0,0.0,0.0,0.0,0.0,0.0,0.0,0.0,0.0,1.0
11,11,0.0,0.0,0.0,0.0,0.0,0.0,0.0,0.0,0.0,0.0,0.0,1.0
11,11,0.0,0.0,0.0,0.0,0.0,0.0,0.0,0.0,0.0,0.0,0.0,1.0
11,11,0.0,0.0,0.0,0.0,0.0,0.0,0.0,0.0,0.0,0.0,0.0,1.0
11,11,0.0,0.0,0.0,0.0,0.0,0.0,0.0,0.0,0.0,0.0,0.0,1.0
11,11,0.0,0.0,0.0,0.0,0.0,0.0,0.0,0.0,0.0,0.0,0.0,1.0
11,11,0.0,0.0,0.0,0.0,0.0,0.0,0.0,0.0,0.0,0.0,0.0,1.0
11,11,0.0,0.0,0.0,0.0,0.0,0.0,0.0,0.0,0.0,0.0,0.0,1.0
11,11,0.0,0.0,0.0,0.0,0.0,0.0,0.0,0.0,0.0,0.0,0.0,1.0
11,11,0.0,0.0,0.0,0.0,0.0,0.0,0.0,0.0,0.0,0.0,0.0,1.0
11,11,0.0,0.0,0.0,0.0,0.0,0.0,0.0,0.0,0.0,0.0,0.0,1.0
11,11,0.0,0.0,0.0,0.0,0.0,0.0,0.0,0.0,0.0,0.0,0.0,1.0
11,11,0.0,0.0,0.0,0.0,0.0,0.0,0.0,0.0,0.0,0.0,0.0,1.0
11,11,0.0,0.0,0.0,0.0,0.0,0.0,0.0,0.0,0.0,0.0,0.0,1.0
11,11,0.0,0.0,0.0,0.0,0.0,0.0,0.0,0.0,0.0,0.0,0.0,1.0
11,11,0.0,0.0,0.0,0.0,0.0,0.0,0.0,0.0,0.0,0.0,0.0,1.0
11,11,0.0,0.0,0.0,0.0,0.0,0.0,0.0,0.0,0.0,0.0,0.0,1.0
11,11,0.0,0.0,0.0,0.0,0.0,0.0,0.0,0.0,0.0,0.0,0.0,1.0
11,11,0.0,0.0,0.0,0.0,0.0,0.0,0.0,0.0,0.0,0.0,0.0,1.0
11,11,0.0,0.0,0.0,0.0,0.0,0.0,0.0,0.0,0.0,0.0,0.0,1.0
11,11,0.0,0.0,0.0,0.0,0.0,0.0,0.0,0.0,0.0,0.0,0.0,1.0
11,11,0.0,0.0,0.0,0.0,0.0,0.0,0.0,0.0,0.0,0.0,0.0,1.0
11,11,0.0,0.0,0.0,0.0,0.0,0.0,0.0,0.0,0.0,0.0,0.0,1.0
11,11,0.0,0.0,0.0,0.0,0.0,0.0,0.0,0.0,0.0,0.0,0.0,1.0
11,11,0.0,0.0,0.0,0.0,0.0,0.0,0.0,0.0,0.0,0.0,0.0,1.0
11,11,0.0,0.0,0.0,0.0,0.0,0.0,0.0,0.0,0.0,0.0,0.0,1.0
11,11,0.0,0.0,0.0,0.0,0.0,0.0,0.0,0.0,0.0,0.0,0.0,1.0
11,11,0.0,0.0,0.0,0.0,0.0,0.0,0.0,0.0,0.0,0.0,0.0,1.0
11,11,0.0,0.0,0.0,0.0,0.0,0.0,0.0,0.0,0.0,0.0,0.0,1.0
11,11,0.0,0.0,0.0,0.0,0.0,0.0,0.0,0.0,0.0,0.0,0.0,1.0
11,11,0.0,0.0,0.0,0.0,0.0,0.0,0.0,0.0,0.0,0.0,0.0,1.0
11,11,0.0,0.0,0.0,0.0,0.0,0.0,0.0,0.0,0.0,0.0,0.0,1.0
11,11,0.0,0.0,0.0,0.0,0.0,0.0,0.0,0.0,0.0,0.0,0.0,1.0
11,11,0.0,0.0,0.0,0.0,0.0,0.0,0.0,0.0,0.0,0.0,0.0,1.0
11,11,0.0,0.0,0.0,0.0,0.0,0.0,0.0,0.0,0.0,0.0,0.0,1.0
11,11,0.0,0.0,0.0,0.0,0.0,0.0,0.0,0.0,0.0,0.0,0.0,1.0
11,11,0.0,0.0,0.0,0.0,0.0,0.0,0.0,0.0,0.0,0.0,0.0,1.0
11,11,0.0,0.0,0.0,0.0,0.0,0.0,0.0,0.0,0.0,0.0,0.0,1.0
11,11,0.0,0.0,0.0,0.0,0.0,0.0,0.0,0.0,0.0,0.0,0.0,1.0
11,11,0.0,0.0,0.0,0.0,0.0,0.0,0.0,0.0,0.0,0.0,0.0,1.0
11,11,0.0,0.0,0.0,0.0,0.0,0.0,0.0,0.0,0.0,0.0,0.0,1.0
11,11,0.0,0.0,0.0,0.0,0.0,0.0,0.0,0.0,0.0,0.0,0.0,1.0
11,11,0.0,0.0,0.0,0.0,0.0,0.0,0.0,0.0,0.0,0.0,0.0,1.0
11,11,0.0,0.0,0.0,0.0,0.0,0.0,0.0,0.0,0.0,0.0,0.0,1.0
11,11,0.0,0.0,0.0,0.0,0.0,0.0,0.0,0.0,0.0,0.0,0.0,1.0
11,11,0.0,0.0,0.0,0.0,0.0,0.0,0.0,0.0,0.0,0.0,0.0,1.0
11,11,0.0,0.0,0.0,0.0,0.0,0.0,0.0,0.0,0.0,0.0,0.0,1.0
11,11,0.0,0.0,0.0,0.0,0.0,0.0,0.0,0.0,0.0,0.0,0.0,1.0
11,11,0.0,0.0,0.0,0.0,0.0,0.0,0.0,0.0,0.0,0.0,0.0,1.0
11,11,0.0,0.0,0.0,0.0,0.0,0.0,0.0,0.0,0.0,0.0,0.0,1.0
11,11,0.0,0.0,0.0,0.0,0.0,0.0,0.0,0.0,0.0,0.0,0.0,1.0
11,11,0.0,0.0,0.0,0.0,0.0,0.0,0.0,0.0,0.0,0.0,0.0,1.0
11,11,0.0,0.0,0.0,0.0,0.0,0.0,0.0,0.0,0.0,0.0,0.0,1.0
11,11,0.0,0.0,0.0,0.0,0.0,0.0,0.0,0.0,0.0,0.0,0.0,1.0
11,11,0.0,0.0,0.0,0.0,0.0,0.0,0.0,0.0,0.0,0.0,0.0,1.0
11,11,0.0,0.0,0.0,0.0,0.0,0.0,0.0,0.0,0.0,0.0,0.0,1.0
11,11,0.0,0.0,0.0,0.0,0.0,0.0,0.0,0.0,0.0,0.0,0.0,1.0
11,11,0.0,0.0,0.0,0.0,0.0,0.0,0.0,0.0,0.0,0.0,0.0,1.0
11,11,0.0,0.0,0.0,0.0,0.0,0.0,0.0,0.0,0.0,0.0,0.0,1.0
11,11,0.0,0.0,0.0,0.0,0.0,0.0,0.0,0.0,0.0,0.0,0.0,1.0
11,11,0.0,0.0,0.0,0.0,0.0,0.0,0.0,0.0,0.0,0.0,0.0,1.0
11,11,0.0,0.0,0.0,0.0,0.0,0.0,0.0,0.0,0.0,0.0,0.0,1.0
11,11,0.0,0.0,0.0,0.0,0.0,0.0,0.0,0.0,0.0,0.0,0.0,1.0
11,11,0.0,0.0,0.0,0.0,0.0,0.0,0.0,0.0,0.0,0.0,0.0,1.0
11,11,0.0,0.0,0.0,0.0,0.0,0.0,0.0,0.0,0.0,0.0,0.0,1.0
11,11,0.0,0.0,0.0,0.0,0.0,0.0,0.0,0.0,0.0,0.0,0.0,1.0
11,11,0.0,0.0,0.0,0.0,0.0,0.0,0.0,0.0,0.0,0.0,0.0,1.0
11,11,0.0,0.0,0.0,0.0,0.0,0.0,0.0,0.0,0.0,0.0,0.0,1.0
11,11,0.0,0.0,0.0,0.0,0.0,0.0,0.0,0.0,0.0,0.0,0.0,1.0
11,11,0.0,0.0,0.0,0.0,0.0,0.0,0.0,0.0,0.0,0.0,0.0,1.0
11,11,0.0,0.0,0.0,0.0,0.0,0.0,0.0,0.0,0.0,0.0,0.0,1.0
11,11,0.0,0.0,0.0,0.0,0.0,0.0,0.0,0.0,0.0,0.0,0.0,1.0
11,11,0.0,0.0,0.0,0.0,0.0,0.0,0.0,0.0,0.0,0.0,0.0,1.0
11,11,0.0,0.0,0.0,0.0,0.0,0.0,0.0,0.0,0.0,0.0,0.0,1.0
11,11,0.0,0.0,0.0,0.0,0.0,0.0,0.0,0.0,0.0,0.0,0.0,1.0
11,11,0.0,0.0,0.0,0.0,0.0,0.0,0.0,0.0,0.0,0.0,0.0,1.0
11,11,0.0,0.0,0.0,0.0,0.0,0.0,0.0,0.0,0.0,0.0,0.0,1.0
11,11,0.0,0.0,0.0,0.0,0.0,0.0,0.0,0.0,0.0,0.0,0.0,1.0
11,11,0.0,0.0,0.0,0.0,0.0,0.0,0.0,0.0,0.0,0.0,0.0,1.0
11,11,0.0,0.0,0.0,0.0,0.0,0.0,0.0,0.0,0.0,0.0,0.0,1.0
11,11,0.0,0.0,0.0,0.0,0.0,0.0,0.0,0.0,0.0,0.0,0.0,1.0
11,11,0.0,0.0,0.0,0.0,0.0,0.0,0.0,0.0,0.0,0.0,0.0,1.0
11,11,0.0,0.0,0.0,0.0,0.0,0.0,0.0,0.0,0.0,0.0,0.0,1.0
11,11,0.0,0.0,0.0,0.0,0.0,0.0,0.0,0.0,0.0,0.0,0.0,1.0
11,11,0.0,0.0,0.0,0.0,0.0,0.0,0.0,0.0,0.0,0.0,0.0,1.0
11,11,0.0,0.0,0.0,0.0,0.0,0.0,0.0,0.0,0.0,0.0,0.0,1.0
11,11,0.0,0.0,0.0,0.0,0.0,0.0,0.0,0.0,0.0,0.0,0.0,1.0
11,11,0.0,0.0,0.0,0.0,0.0,0.0,0.0,0.0,0.0,0.0,0.0,1.0
11,11,0.0,0.0,0.0,0.0,0.0,0.0,0.0,0.0,0.0,0.0,0.0,1.0
11,11,0.0,0.0,0.0,0.0,0.0,0.0,0.0,0.0,0.0,0.0,0.0,1.0
11,11,0.0,0.0,0.0,0.0,0.0,0.0,0.0,0.0,0.0,0.0,0.0,1.0
11,11,0.0,0.0,0.0,0.0,0.0,0.0,0.0,0.0,0.0,0.0,0.0,1.0
11,11,0.0,0.0,0.0,0.0,0.0,0.0,0.0,0.0,0.0,0.0,0.0,1.0
11,11,0.0,0.0,0.0,0.0,0.0,0.0,0.0,0.0,0.0,0.0,0.0,1.0
11,11,0.0,0.0,0.0,0.0,0.0,0.0,0.0,0.0,0.0,0.0,0.0,1.0
11,11,0.0,0.0,0.0,0.0,0.0,0.0,0.0,0.0,0.0,0.0,0.0,1.0
11,11,0.0,0.0,0.0,0.0,0.0,0.0,0.0,0.0,0.0,0.0,0.0,1.0
11,11,0.0,0.0,0.0,0.0,0.0,0.0,0.0,0.0,0.0,0.0,0.0,1.0
11,11,0.0,0.0,0.0,0.0,0.0,0.0,0.0,0.0,0.0,0.0,0.0,1.0
11,11,0.0,0.0,0.0,0.0,0.0,0.0,0.0,0.0,0.0,0.0,0.0,1.0
11,11,0.0,0.0,0.0,0.0,0.0,0.0,0.0,0.0,0.0,0.0,0.0,1.0
11,11,0.0,0.0,0.0,0.0,0.0,0.0,0.0,0.0,0.0,0.0,0.0,1.0
11,11,0.0,0.0,0.0,0.0,0.0,0.0,0.0,0.0,0.0,0.0,0.0,1.0
11,11,0.0,0.0,0.0,0.0,0.0,0.0,0.0,0.0,0.0,0.0,0.0,1.0
11,11,0.0,0.0,0.0,0.0,0.0,0.0,0.0,0.0,0.0,0.0,0.0,1.0
11,11,0.0,0.0,0.0,0.0,0.0,0.0,0.0,0.0,0.0,0.0,0.0,1.0
11,11,0.0,0.0,0.0,0.0,0.0,0.0,0.0,0.0,0.0,0.0,0.0,1.0
11,11,0.0,0.0,0.0,0.0,0.0,0.0,0.0,0.0,0.0,0.0,0.0,1.0
11,11,0.0,0.0,0.0,0.0,0.0,0.0,0.0,0.0,0.0,0.0,0.0,1.0
11,11,0.0,0.0,0.0,0.0,0.0,0.0,0.0,0.0,0.0,0.0,0.0,1.0
11,11,0.0,0.0,0.0,0.0,0.0,0.0,0.0,0.0,0.0,0.0,0.0,1.0
11,11,0.0,0.0,0.0,0.0,0.0,0.0,0.0,0.0,0.0,0.0,0.0,1.0
11,11,0.0,0.0,0.0,0.0,0.0,0.0,0.0,0.0,0.0,0.0,0.0,1.0
11,11,0.0,0.0,0.0,0.0,0.0,0.0,0.0,0.0,0.0,0.0,0.0,1.0
11,11,0.0,0.0,0.0,0.0,0.0,0.0,0.0,0.0,0.0,0.0,0.0,1.0
11,11,0.0,0.0,0.0,0.0,0.0,0.0,0.0,0.0,0.0,0.0,0.0,1.0
11,11,0.0,0.0,0.0,0.0,0.0,0.0,0.0,0.0,0.0,0.0,0.0,1.0
11,11,0.0,0.0,0.0,0.0,0.0,0.0,0.0,0.0,0.0,0.0,0.0,1.0
11,11,0.0,0.0,0.0,0.0,0.0,0.0,0.0,0.0,0.0,0.0,0.0,1.0
11,11,0.0,0.0,0.0,0.0,0.0,0.0,0.0,0.0,0.0,0.0,0.0,1.0
11,11,0.0,0.0,0.0,0.0,0.0,0.0,0.0,0.0,0.0,0.0,0.0,1.0
11,11,0.0,0.0,0.0,0.0,0.0,0.0,0.0,0.0,0.0,0.0,0.0,1.0
11,11,0.0,0.0,0.0,0.0,0.0,0.0,0.0,0.0,0.0,0.0,0.0,1.0
11,11,0.0,0.0,0.0,0.0,0.0,0.0,0.0,0.0,0.0,0.0,0.0,1.0
11,11,0.0,0.0,0.0,0.0,0.0,0.0,0.0,0.0,0.0,0.0,0.0,1.0
11,11,0.0,0.0,0.0,0.0,0.0,0.0,0.0,0.0,0.0,0.0,0.0,1.0
11,11,0.0,0.0,0.0,0.0,0.0,0.0,0.0,0.0,0.0,0.0,0.0,1.0
11,11,0.0,0.0,0.0,0.0,0.0,0.0,0.0,0.0,0.0,0.0,0.0,1.0
11,11,0.0,0.0,0.0,0.0,0.0,0.0,0.0,0.0,0.0,0.0,0.0,1.0
11,11,0.0,0.0,0.0,0.0,0.0,0.0,0.0,0.0,0.0,0.0,0.0,1.0
11,11,0.0,0.0,0.0,0.0,0.0,0.0,0.0,0.0,0.0,0.0,0.0,1.0
11,11,0.0,0.0,0.0,0.0,0.0,0.0,0.0,0.0,0.0,0.0,0.0,1.0
11,11,0.0,0.0,0.0,0.0,0.0,0.0,0.0,0.0,0.0,0.0,0.0,1.0
11,11,0.0,0.0,0.0,0.0,0.0,0.0,0.0,0.0,0.0,0.0,0.0,1.0
11,11,0.0,0.0,0.0,0.0,0.0,0.0,0.0,0.0,0.0,0.0,0.0,1.0
11,11,0.0,0.0,0.0,0.0,0.0,0.0,0.0,0.0,0.0,0.0,0.0,1.0
11,11,0.0,0.0,0.0,0.0,0.0,0.0,0.0,0.0,0.0,0.0,0.0,1.0
11,11,0.0,0.0,0.0,0.0,0.0,0.0,0.0,0.0,0.0,0.0,0.0,1.0
11,11,0.0,0.0,0.0,0.0,0.0,0.0,0.0,0.0,0.0,0.0,0.0,1.0
11,11,0.0,0.0,0.0,0.0,0.0,0.0,0.0,0.0,0.0,0.0,0.0,1.0
11,11,0.0,0.0,0.0,0.0,0.0,0.0,0.0,0.0,0.0,0.0,0.0,1.0
11,11,0.0,0.0,0.0,0.0,0.0,0.0,0.0,0.0,0.0,0.0,0.0,1.0
11,11,0.0,0.0,0.0,0.0,0.0,0.0,0.0,0.0,0.0,0.0,0.0,1.0
11,11,0.0,0.0,0.0,0.0,0.0,0.0,0.0,0.0,0.0,0.0,0.0,1.0
11,11,0.0,0.0,0.0,0.0,0.0,0.0,0.0,0.0,0.0,0.0,0.0,1.0
11,11,0.0,0.0,0.0,0.0,0.0,0.0,0.0,0.0,0.0,0.0,0.0,1.0
11,11,0.0,0.0,0.0,0.0,0.0,0.0,0.0,0.0,0.0,0.0,0.0,1.0
11,11,0.0,0.0,0.0,0.0,0.0,0.0,0.0,0.0,0.0,0.0,0.0,1.0
11,11,0.0,0.0,0.0,0.0,0.0,0.0,0.0,0.0,0.0,0.0,0.0,1.0
11,11,0.0,0.0,0.0,0.0,0.0,0.0,0.0,0.0,0.0,0.0,0.0,1.0
11,11,0.0,0.0,0.0,0.0,0.0,0.0,0.0,0.0,0.0,0.0,0.0,1.0
11,11,0.0,0.0,0.0,0.0,0.0,0.0,0.0,0.0,0.0,0.0,0.0,1.0
11,11,0.0,0.0,0.0,0.0,0.0,0.0,0.0,0.0,0.0,0.0,0.0,1.0
11,11,0.0,0.0,0.0,0.0,0.0,0.0,0.0,0.0,0.0,0.0,0.0,1.0
11,11,0.0,0.0,0.0,0.0,0.0,0.0,0.0,0.0,0.0,0.0,0.0,1.0
11,11,0.0,0.0,0.0,0.0,0.0,0.0,0.0,0.0,0.0,0.0,0.0,1.0
11,11,0.0,0.0,0.0,0.0,0.0,0.0,0.0,0.0,0.0,0.0,0.0,1.0
11,11,0.0,0.0,0.0,0.0,0.0,0.0,0.0,0.0,0.0,0.0,0.0,1.0
11,11,0.0,0.0,0.0,0.0,0.0,0.0,0.0,0.0,0.0,0.0,0.0,1.0
11,11,0.0,0.0,0.0,0.0,0.0,0.0,0.0,0.0,0.0,0.0,0.0,1.0
11,11,0.0,0.0,0.0,0.0,0.0,0.0,0.0,0.0,0.0,0.0,0.0,1.0
11,11,0.0,0.0,0.0,0.0,0.0,0.0,0.0,0.0,0.0,0.0,0.0,1.0
11,11,0.0,0.0,0.0,0.0,0.0,0.0,0.0,0.0,0.0,0.0,0.0,1.0
11,11,0.0,0.0,0.0,0.0,0.0,0.0,0.0,0.0,0.0,0.0,0.0,1.0
11,11,0.0,0.0,0.0,0.0,0.0,0.0,0.0,0.0,0.0,0.0,0.0,1.0
11,11,0.0,0.0,0.0,0.0,0.0,0.0,0.0,0.0,0.0,0.0,0.0,1.0
11,11,0.0,0.0,0.0,0.0,0.0,0.0,0.0,0.0,0.0,0.0,0.0,1.0
11,11,0.0,0.0,0.0,0.0,0.0,0.0,0.0,0.0,0.0,0.0,0.0,1.0
11,11,0.0,0.0,0.0,0.0,0.0,0.0,0.0,0.0,0.0,0.0,0.0,1.0
11,11,0.0,0.0,0.0,0.0,0.0,0.0,0.0,0.0,0.0,0.0,0.0,1.0
11,11,0.0,0.0,0.0,0.0,0.0,0.0,0.0,0.0,0.0,0.0,0.0,1.0
11,11,0.0,0.0,0.0,0.0,0.0,0.0,0.0,0.0,0.0,0.0,0.0,1.0
11,11,0.0,0.0,0.0,0.0,0.0,0.0,0.0,0.0,0.0,0.0,0.0,1.0
11,11,0.0,0.0,0.0,0.0,0.0,0.0,0.0,0.0,0.0,0.0,0.0,1.0
11,11,0.0,0.0,0.0,0.0,0.0,0.0,0.0,0.0,0.0,0.0,0.0,1.0
11,11,0.0,0.0,0.0,0.0,0.0,0.0,0.0,0.0,0.0,0.0,0.0,1.0
11,11,0.0,0.0,0.0,0.0,0.0,0.0,0.0,0.0,0.0,0.0,0.0,1.0
11,11,0.0,0.0,0.0,0.0,0.0,0.0,0.0,0.0,0.0,0.0,0.0,1.0
11,11,0.0,0.0,0.0,0.0,0.0,0.0,0.0,0.0,0.0,0.0,0.0,1.0
11,11,0.0,0.0,0.0,0.0,0.0,0.0,0.0,0.0,0.0,0.0,0.0,1.0
11,11,0.0,0.0,0.0,0.0,0.0,0.0,0.0,0.0,0.0,0.0,0.0,1.0
11,11,0.0,0.0,0.0,0.0,0.0,0.0,0.0,0.0,0.0,0.0,0.0,1.0
11,11,0.0,0.0,0.0,0.0,0.0,0.0,0.0,0.0,0.0,0.0,0.0,1.0
11,11,0.0,0.0,0.0,0.0,0.0,0.0,0.0,0.0,0.0,0.0,0.0,1.0
11,11,0.0,0.0,0.0,0.0,0.0,0.0,0.0,0.0,0.0,0.0,0.0,1.0
11,11,0.0,0.0,0.0,0.0,0.0,0.0,0.0,0.0,0.0,0.0,0.0,1.0
11,11,0.0,0.0,0.0,0.0,0.0,0.0,0.0,0.0,0.0,0.0,0.0,1.0
11,11,0.0,0.0,0.0,0.0,0.0,0.0,0.0,0.0,0.0,0.0,0.0,1.0
11,11,0.0,0.0,0.0,0.0,0.0,0.0,0.0,0.0,0.0,0.0,0.0,1.0
11,11,0.0,0.0,0.0,0.0,0.0,0.0,0.0,0.0,0.0,0.0,0.0,1.0
11,11,0.0,0.0,0.0,0.0,0.0,0.0,0.0,0.0,0.0,0.0,0.0,1.0
11,11,0.0,0.0,0.0,0.0,0.0,0.0,0.0,0.0,0.0,0.0,0.0,1.0
11,11,0.0,0.0,0.0,0.0,0.0,0.0,0.0,0.0,0.0,0.0,0.0,1.0
11,11,0.0,0.0,0.0,0.0,0.0,0.0,0.0,0.0,0.0,0.0,0.0,1.0
11,11,0.0,0.0,0.0,0.0,0.0,0.0,0.0,0.0,0.0,0.0,0.0,1.0
11,11,0.0,0.0,0.0,0.0,0.0,0.0,0.0,0.0,0.0,0.0,0.0,1.0
11,11,0.0,0.0,0.0,0.0,0.0,0.0,0.0,0.0,0.0,0.0,0.0,1.0
11,11,0.0,0.0,0.0,0.0,0.0,0.0,0.0,0.0,0.0,0.0,0.0,1.0
11,11,0.0,0.0,0.0,0.0,0.0,0.0,0.0,0.0,0.0,0.0,0.0,1.0
11,11,0.0,0.0,0.0,0.0,0.0,0.0,0.0,0.0,0.0,0.0,0.0,1.0
11,11,0.0,0.0,0.0,0.0,0.0,0.0,0.0,0.0,0.0,0.0,0.0,1.0
11,11,0.0,0.0,0.0,0.0,0.0,0.0,0.0,0.0,0.0,0.0,0.0,1.0
11,11,0.0,0.0,0.0,0.0,0.0,0.0,0.0,0.0,0.0,0.0,0.0,1.0
11,11,0.0,0.0,0.0,0.0,0.0,0.0,0.0,0.0,0.0,0.0,0.0,1.0
11,11,0.0,0.0,0.0,0.0,0.0,0.0,0.0,0.0,0.0,0.0,0.0,1.0
11,11,0.0,0.0,0.0,0.0,0.0,0.0,0.0,0.0,0.0,0.0,0.0,1.0
11,11,0.0,0.0,0.0,0.0,0.0,0.0,0.0,0.0,0.0,0.0,0.0,1.0
11,11,0.0,0.0,0.0,0.0,0.0,0.0,0.0,0.0,0.0,0.0,0.0,1.0
11,11,0.0,0.0,0.0,0.0,0.0,0.0,0.0,0.0,0.0,0.0,0.0,1.0
11,11,0.0,0.0,0.0,0.0,0.0,0.0,0.0,0.0,0.0,0.0,0.0,1.0
11,11,0.0,0.0,0.0,0.0,0.0,0.0,0.0,0.0,0.0,0.0,0.0,1.0
11,11,0.0,0.0,0.0,0.0,0.0,0.0,0.0,0.0,0.0,0.0,0.0,1.0
11,11,0.0,0.0,0.0,0.0,0.0,0.0,0.0,0.0,0.0,0.0,0.0,1.0
11,11,0.0,0.0,0.0,0.0,0.0,0.0,0.0,0.0,0.0,0.0,0.0,1.0
11,11,0.0,0.0,0.0,0.0,0.0,0.0,0.0,0.0,0.0,0.0,0.0,1.0
11,11,0.0,0.0,0.0,0.0,0.0,0.0,0.0,0.0,0.0,0.0,0.0,1.0
11,11,0.0,0.0,0.0,0.0,0.0,0.0,0.0,0.0,0.0,0.0,0.0,1.0
11,11,0.0,0.0,0.0,0.0,0.0,0.0,0.0,0.0,0.0,0.0,0.0,1.0
11,11,0.0,0.0,0.0,0.0,0.0,0.0,0.0,0.0,0.0,0.0,0.0,1.0
11,11,0.0,0.0,0.0,0.0,0.0,0.0,0.0,0.0,0.0,0.0,0.0,1.0
11,11,0.0,0.0,0.0,0.0,0.0,0.0,0.0,0.0,0.0,0.0,0.0,1.0
11,11,0.0,0.0,0.0,0.0,0.0,0.0,0.0,0.0,0.0,0.0,0.0,1.0
11,11,0.0,0.0,0.0,0.0,0.0,0.0,0.0,0.0,0.0,0.0,0.0,1.0
11,11,0.0,0.0,0.0,0.0,0.0,0.0,0.0,0.0,0.0,0.0,0.0,1.0
11,11,0.0,0.0,0.0,0.0,0.0,0.0,0.0,0.0,0.0,0.0,0.0,1.0
11,11,0.0,0.0,0.0,0.0,0.0,0.0,0.0,0.0,0.0,0.0,0.0,1.0
11,11,0.0,0.0,0.0,0.0,0.0,0.0,0.0,0.0,0.0,0.0,0.0,1.0
11,11,0.0,0.0,0.0,0.0,0.0,0.0,0.0,0.0,0.0,0.0,0.0,1.0
11,11,0.0,0.0,0.0,0.0,0.0,0.0,0.0,0.0,0.0,0.0,0.0,1.0
11,11,0.0,0.0,0.0,0.0,0.0,0.0,0.0,0.0,0.0,0.0,0.0,1.0
11,11,0.0,0.0,0.0,0.0,0.0,0.0,0.0,0.0,0.0,0.0,0.0,1.0
11,11,0.0,0.0,0.0,0.0,0.0,0.0,0.0,0.0,0.0,0.0,0.0,1.0
11,11,0.0,0.0,0.0,0.0,0.0,0.0,0.0,0.0,0.0,0.0,0.0,1.0
11,11,0.0,0.0,0.0,0.0,0.0,0.0,0.0,0.0,0.0,0.0,0.0,1.0
11,11,0.0,0.0,0.0,0.0,0.0,0.0,0.0,0.0,0.0,0.0,0.0,1.0
11,11,0.0,0.0,0.0,0.0,0.0,0.0,0.0,0.0,0.0,0.0,0.0,1.0
11,11,0.0,0.0,0.0,0.0,0.0,0.0,0.0,0.0,0.0,0.0,0.0,1.0
11,11,0.0,0.0,0.0,0.0,0.0,0.0,0.0,0.0,0.0,0.0,0.0,1.0
11,11,0.0,0.0,0.0,0.0,0.0,0.0,0.0,0.0,0.0,0.0,0.0,1.0
11,11,0.0,0.0,0.0,0.0,0.0,0.0,0.0,0.0,0.0,0.0,0.0,1.0
11,11,0.0,0.0,0.0,0.0,0.0,0.0,0.0,0.0,0.0,0.0,0.0,1.0
11,11,0.0,0.0,0.0,0.0,0.0,0.0,0.0,0.0,0.0,0.0,0.0,1.0
11,11,0.0,0.0,0.0,0.0,0.0,0.0,0.0,0.0,0.0,0.0,0.0,1.0
11,11,0.0,0.0,0.0,0.0,0.0,0.0,0.0,0.0,0.0,0.0,0.0,1.0
11,11,0.0,0.0,0.0,0.0,0.0,0.0,0.0,0.0,0.0,0.0,0.0,1.0
11,11,0.0,0.0,0.0,0.0,0.0,0.0,0.0,0.0,0.0,0.0,0.0,1.0
11,11,0.0,0.0,0.0,0.0,0.0,0.0,0.0,0.0,0.0,0.0,0.0,1.0
11,11,0.0,0.0,0.0,0.0,0.0,0.0,0.0,0.0,0.0,0.0,0.0,1.0
11,11,0.0,0.0,0.0,0.0,0.0,0.0,0.0,0.0,0.0,0.0,0.0,1.0
11,11,0.0,0.0,0.0,0.0,0.0,0.0,0.0,0.0,0.0,0.0,0.0,1.0
11,11,0.0,0.0,0.0,0.0,0.0,0.0,0.0,0.0,0.0,0.0,0.0,1.0
11,11,0.0,0.0,0.0,0.0,0.0,0.0,0.0,0.0,0.0,0.0,0.0,1.0
11,11,0.0,0.0,0.0,0.0,0.0,0.0,0.0,0.0,0.0,0.0,0.0,1.0
11,11,0.0,0.0,0.0,0.0,0.0,0.0,0.0,0.0,0.0,0.0,0.0,1.0
11,11,0.0,0.0,0.0,0.0,0.0,0.0,0.0,0.0,0.0,0.0,0.0,1.0
11,11,0.0,0.0,0.0,0.0,0.0,0.0,0.0,0.0,0.0,0.0,0.0,1.0
11,11,0.0,0.0,0.0,0.0,0.0,0.0,0.0,0.0,0.0,0.0,0.0,1.0
11,11,0.0,0.0,0.0,0.0,0.0,0.0,0.0,0.0,0.0,0.0,0.0,1.0
11,11,0.0,0.0,0.0,0.0,0.0,0.0,0.0,0.0,0.0,0.0,0.0,1.0
11,11,0.0,0.0,0.0,0.0,0.0,0.0,0.0,0.0,0.0,0.0,0.0,1.0
11,11,0.0,0.0,0.0,0.0,0.0,0.0,0.0,0.0,0.0,0.0,0.0,1.0
11,11,0.0,0.0,0.0,0.0,0.0,0.0,0.0,0.0,0.0,0.0,0.0,1.0
11,11,0.0,0.0,0.0,0.0,0.0,0.0,0.0,0.0,0.0,0.0,0.0,1.0
11,11,0.0,0.0,0.0,0.0,0.0,0.0,0.0,0.0,0.0,0.0,0.0,1.0
11,11,0.0,0.0,0.0,0.0,0.0,0.0,0.0,0.0,0.0,0.0,0.0,1.0
11,11,0.0,0.0,0.0,0.0,0.0,0.0,0.0,0.0,0.0,0.0,0.0,1.0
11,11,0.0,0.0,0.0,0.0,0.0,0.0,0.0,0.0,0.0,0.0,0.0,1.0
11,11,0.0,0.0,0.0,0.0,0.0,0.0,0.0,0.0,0.0,0.0,0.0,1.0
11,11,0.0,0.0,0.0,0.0,0.0,0.0,0.0,0.0,0.0,0.0,0.0,1.0
11,11,0.0,0.0,0.0,0.0,0.0,0.0,0.0,0.0,0.0,0.0,0.0,1.0
11,11,0.0,0.0,0.0,0.0,0.0,0.0,0.0,0.0,0.0,0.0,0.0,1.0
11,11,0.0,0.0,0.0,0.0,0.0,0.0,0.0,0.0,0.0,0.0,0.0,1.0
11,11,0.0,0.0,0.0,0.0,0.0,0.0,0.0,0.0,0.0,0.0,0.0,1.0
11,11,0.0,0.0,0.0,0.0,0.0,0.0,0.0,0.0,0.0,0.0,0.0,1.0
11,11,0.0,0.0,0.0,0.0,0.0,0.0,0.0,0.0,0.0,0.0,0.0,1.0
11,11,0.0,0.0,0.0,0.0,0.0,0.0,0.0,0.0,0.0,0.0,0.0,1.0
11,11,0.0,0.0,0.0,0.0,0.0,0.0,0.0,0.0,0.0,0.0,0.0,1.0
11,11,0.0,0.0,0.0,0.0,0.0,0.0,0.0,0.0,0.0,0.0,0.0,1.0
11,11,0.0,0.0,0.0,0.0,0.0,0.0,0.0,0.0,0.0,0.0,0.0,1.0
11,11,0.0,0.0,0.0,0.0,0.0,0.0,0.0,0.0,0.0,0.0,0.0,1.0
11,11,0.0,0.0,0.0,0.0,0.0,0.0,0.0,0.0,0.0,0.0,0.0,1.0
11,11,0.0,0.0,0.0,0.0,0.0,0.0,0.0,0.0,0.0,0.0,0.0,1.0
11,11,0.0,0.0,0.0,0.0,0.0,0.0,0.0,0.0,0.0,0.0,0.0,1.0
11,11,0.0,0.0,0.0,0.0,0.0,0.0,0.0,0.0,0.0,0.0,0.0,1.0
11,11,0.0,0.0,0.0,0.0,0.0,0.0,0.0,0.0,0.0,0.0,0.0,1.0
11,11,0.0,0.0,0.0,0.0,0.0,0.0,0.0,0.0,0.0,0.0,0.0,1.0
11,11,0.0,0.0,0.0,0.0,0.0,0.0,0.0,0.0,0.0,0.0,0.0,1.0
11,11,0.0,0.0,0.0,0.0,0.0,0.0,0.0,0.0,0.0,0.0,0.0,1.0
11,11,0.0,0.0,0.0,0.0,0.0,0.0,0.0,0.0,0.0,0.0,0.0,1.0
11,11,0.0,0.0,0.0,0.0,0.0,0.0,0.0,0.0,0.0,0.0,0.0,1.0
11,11,0.0,0.0,0.0,0.0,0.0,0.0,0.0,0.0,0.0,0.0,0.0,1.0
11,11,0.0,0.0,0.0,0.0,0.0,0.0,0.0,0.0,0.0,0.0,0.0,1.0
11,11,0.0,0.0,0.0,0.0,0.0,0.0,0.0,0.0,0.0,0.0,0.0,1.0
11,11,0.0,0.0,0.0,0.0,0.0,0.0,0.0,0.0,0.0,0.0,0.0,1.0
11,11,0.0,0.0,0.0,0.0,0.0,0.0,0.0,0.0,0.0,0.0,0.0,1.0
11,11,0.0,0.0,0.0,0.0,0.0,0.0,0.0,0.0,0.0,0.0,0.0,1.0
11,11,0.0,0.0,0.0,0.0,0.0,0.0,0.0,0.0,0.0,0.0,0.0,1.0
11,11,0.0,0.0,0.0,0.0,0.0,0.0,0.0,0.0,0.0,0.0,0.0,1.0
11,11,0.0,0.0,0.0,0.0,0.0,0.0,0.0,0.0,0.0,0.0,0.0,1.0
11,11,0.0,0.0,0.0,0.0,0.0,0.0,0.0,0.0,0.0,0.0,0.0,1.0
11,11,0.0,0.0,0.0,0.0,0.0,0.0,0.0,0.0,0.0,0.0,0.0,1.0
11,11,0.0,0.0,0.0,0.0,0.0,0.0,0.0,0.0,0.0,0.0,0.0,1.0
11,11,0.0,0.0,0.0,0.0,0.0,0.0,0.0,0.0,0.0,0.0,0.0,1.0
11,11,0.0,0.0,0.0,0.0,0.0,0.0,0.0,0.0,0.0,0.0,0.0,1.0
11,11,0.0,0.0,0.0,0.0,0.0,0.0,0.0,0.0,0.0,0.0,0.0,1.0
11,11,0.0,0.0,0.0,0.0,0.0,0.0,0.0,0.0,0.0,0.0,0.0,1.0
11,11,0.0,0.0,0.0,0.0,0.0,0.0,0.0,0.0,0.0,0.0,0.0,1.0
11,11,0.0,0.0,0.0,0.0,0.0,0.0,0.0,0.0,0.0,0.0,0.0,1.0
11,11,0.0,0.0,0.0,0.0,0.0,0.0,0.0,0.0,0.0,0.0,0.0,1.0
11,11,0.0,0.0,0.0,0.0,0.0,0.0,0.0,0.0,0.0,0.0,0.0,1.0
11,11,0.0,0.0,0.0,0.0,0.0,0.0,0.0,0.0,0.0,0.0,0.0,1.0
11,11,0.0,0.0,0.0,0.0,0.0,0.0,0.0,0.0,0.0,0.0,0.0,1.0
11,11,0.0,0.0,0.0,0.0,0.0,0.0,0.0,0.0,0.0,0.0,0.0,1.0
11,11,0.0,0.0,0.0,0.0,0.0,0.0,0.0,0.0,0.0,0.0,0.0,1.0
11,11,0.0,0.0,0.0,0.0,0.0,0.0,0.0,0.0,0.0,0.0,0.0,1.0
11,11,0.0,0.0,0.0,0.0,0.0,0.0,0.0,0.0,0.0,0.0,0.0,1.0
11,11,0.0,0.0,0.0,0.0,0.0,0.0,0.0,0.0,0.0,0.0,0.0,1.0
11,11,0.0,0.0,0.0,0.0,0.0,0.0,0.0,0.0,0.0,0.0,0.0,1.0
11,11,0.0,0.0,0.0,0.0,0.0,0.0,0.0,0.0,0.0,0.0,0.0,1.0
11,11,0.0,0.0,0.0,0.0,0.0,0.0,0.0,0.0,0.0,0.0,0.0,1.0
11,11,0.0,0.0,0.0,0.0,0.0,0.0,0.0,0.0,0.0,0.0,0.0,1.0
11,11,0.0,0.0,0.0,0.0,0.0,0.0,0.0,0.0,0.0,0.0,0.0,1.0
11,11,0.0,0.0,0.0,0.0,0.0,0.0,0.0,0.0,0.0,0.0,0.0,1.0
11,11,0.0,0.0,0.0,0.0,0.0,0.0,0.0,0.0,0.0,0.0,0.0,1.0
11,11,0.0,0.0,0.0,0.0,0.0,0.0,0.0,0.0,0.0,0.0,0.0,1.0
11,11,0.0,0.0,0.0,0.0,0.0,0.0,0.0,0.0,0.0,0.0,0.0,1.0
11,11,0.0,0.0,0.0,0.0,0.0,0.0,0.0,0.0,0.0,0.0,0.0,1.0
11,11,0.0,0.0,0.0,0.0,0.0,0.0,0.0,0.0,0.0,0.0,0.0,1.0
11,11,0.0,0.0,0.0,0.0,0.0,0.0,0.0,0.0,0.0,0.0,0.0,1.0
11,11,0.0,0.0,0.0,0.0,0.0,0.0,0.0,0.0,0.0,0.0,0.0,1.0
11,11,0.0,0.0,0.0,0.0,0.0,0.0,0.0,0.0,0.0,0.0,0.0,1.0
11,11,0.0,0.0,0.0,0.0,0.0,0.0,0.0,0.0,0.0,0.0,0.0,1.0
11,11,0.0,0.0,0.0,0.0,0.0,0.0,0.0,0.0,0.0,0.0,0.0,1.0
11,11,0.0,0.0,0.0,0.0,0.0,0.0,0.0,0.0,0.0,0.0,0.0,1.0
11,11,0.0,0.0,0.0,0.0,0.0,0.0,0.0,0.0,0.0,0.0,0.0,1.0
11,11,0.0,0.0,0.0,0.0,0.0,0.0,0.0,0.0,0.0,0.0,0.0,1.0
11,11,0.0,0.0,0.0,0.0,0.0,0.0,0.0,0.0,0.0,0.0,0.0,1.0
11,11,0.0,0.0,0.0,0.0,0.0,0.0,0.0,0.0,0.0,0.0,0.0,1.0
11,11,0.0,0.0,0.0,0.0,0.0,0.0,0.0,0.0,0.0,0.0,0.0,1.0
11,11,0.0,0.0,0.0,0.0,0.0,0.0,0.0,0.0,0.0,0.0,0.0,1.0
11,11,0.0,0.0,0.0,0.0,0.0,0.0,0.0,0.0,0.0,0.0,0.0,1.0
11,11,0.0,0.0,0.0,0.0,0.0,0.0,0.0,0.0,0.0,0.0,0.0,1.0
11,11,0.0,0.0,0.0,0.0,0.0,0.0,0.0,0.0,0.0,0.0,0.0,1.0
11,11,0.0,0.0,0.0,0.0,0.0,0.0,0.0,0.0,0.0,0.0,0.0,1.0
11,11,0.0,0.0,0.0,0.0,0.0,0.0,0.0,0.0,0.0,0.0,0.0,1.0
11,11,0.0,0.0,0.0,0.0,0.0,0.0,0.0,0.0,0.0,0.0,0.0,1.0
11,11,0.0,0.0,0.0,0.0,0.0,0.0,0.0,0.0,0.0,0.0,0.0,1.0
11,11,0.0,0.0,0.0,0.0,0.0,0.0,0.0,0.0,0.0,0.0,0.0,1.0
11,11,0.0,0.0,0.0,0.0,0.0,0.0,0.0,0.0,0.0,0.0,0.0,1.0
11,11,0.0,0.0,0.0,0.0,0.0,0.0,0.0,0.0,0.0,0.0,0.0,1.0
11,11,0.0,0.0,0.0,0.0,0.0,0.0,0.0,0.0,0.0,0.0,0.0,1.0
11,11,0.0,0.0,0.0,0.0,0.0,0.0,0.0,0.0,0.0,0.0,0.0,1.0
11,11,0.0,0.0,0.0,0.0,0.0,0.0,0.0,0.0,0.0,0.0,0.0,1.0
11,11,0.0,0.0,0.0,0.0,0.0,0.0,0.0,0.0,0.0,0.0,0.0,1.0
11,11,0.0,0.0,0.0,0.0,0.0,0.0,0.0,0.0,0.0,0.0,0.0,1.0
11,11,0.0,0.0,0.0,0.0,0.0,0.0,0.0,0.0,0.0,0.0,0.0,1.0
11,11,0.0,0.0,0.0,0.0,0.0,0.0,0.0,0.0,0.0,0.0,0.0,1.0
11,11,0.0,0.0,0.0,0.0,0.0,0.0,0.0,0.0,0.0,0.0,0.0,1.0
11,11,0.0,0.0,0.0,0.0,0.0,0.0,0.0,0.0,0.0,0.0,0.0,1.0
11,11,0.0,0.0,0.0,0.0,0.0,0.0,0.0,0.0,0.0,0.0,0.0,1.0
11,11,0.0,0.0,0.0,0.0,0.0,0.0,0.0,0.0,0.0,0.0,0.0,1.0
11,11,0.0,0.0,0.0,0.0,0.0,0.0,0.0,0.0,0.0,0.0,0.0,1.0
11,11,0.0,0.0,0.0,0.0,0.0,0.0,0.0,0.0,0.0,0.0,0.0,1.0
11,11,0.0,0.0,0.0,0.0,0.0,0.0,0.0,0.0,0.0,0.0,0.0,1.0
11,11,0.0,0.0,0.0,0.0,0.0,0.0,0.0,0.0,0.0,0.0,0.0,1.0
11,11,0.0,0.0,0.0,0.0,0.0,0.0,0.0,0.0,0.0,0.0,0.0,1.0
11,11,0.0,0.0,0.0,0.0,0.0,0.0,0.0,0.0,0.0,0.0,0.0,1.0
11,11,0.0,0.0,0.0,0.0,0.0,0.0,0.0,0.0,0.0,0.0,0.0,1.0
11,11,0.0,0.0,0.0,0.0,0.0,0.0,0.0,0.0,0.0,0.0,0.0,1.0
11,11,0.0,0.0,0.0,0.0,0.0,0.0,0.0,0.0,0.0,0.0,0.0,1.0
11,11,0.0,0.0,0.0,0.0,0.0,0.0,0.0,0.0,0.0,0.0,0.0,1.0
11,11,0.0,0.0,0.0,0.0,0.0,0.0,0.0,0.0,0.0,0.0,0.0,1.0
11,11,0.0,0.0,0.0,0.0,0.0,0.0,0.0,0.0,0.0,0.0,0.0,1.0
11,11,0.0,0.0,0.0,0.0,0.0,0.0,0.0,0.0,0.0,0.0,0.0,1.0
11,11,0.0,0.0,0.0,0.0,0.0,0.0,0.0,0.0,0.0,0.0,0.0,1.0
11,11,0.0,0.0,0.0,0.0,0.0,0.0,0.0,0.0,0.0,0.0,0.0,1.0
11,11,0.0,0.0,0.0,0.0,0.0,0.0,0.0,0.0,0.0,0.0,0.0,1.0
11,11,0.0,0.0,0.0,0.0,0.0,0.0,0.0,0.0,0.0,0.0,0.0,1.0
11,11,0.0,0.0,0.0,0.0,0.0,0.0,0.0,0.0,0.0,0.0,0.0,1.0
11,11,0.0,0.0,0.0,0.0,0.0,0.0,0.0,0.0,0.0,0.0,0.0,1.0
11,11,0.0,0.0,0.0,0.0,0.0,0.0,0.0,0.0,0.0,0.0,0.0,1.0
11,11,0.0,0.0,0.0,0.0,0.0,0.0,0.0,0.0,0.0,0.0,0.0,1.0
11,11,0.0,0.0,0.0,0.0,0.0,0.0,0.0,0.0,0.0,0.0,0.0,1.0
11,11,0.0,0.0,0.0,0.0,0.0,0.0,0.0,0.0,0.0,0.0,0.0,1.0
11,11,0.0,0.0,0.0,0.0,0.0,0.0,0.0,0.0,0.0,0.0,0.0,1.0
11,11,0.0,0.0,0.0,0.0,0.0,0.0,0.0,0.0,0.0,0.0,0.0,1.0
11,11,0.0,0.0,0.0,0.0,0.0,0.0,0.0,0.0,0.0,0.0,0.0,1.0
11,11,0.0,0.0,0.0,0.0,0.0,0.0,0.0,0.0,0.0,0.0,0.0,1.0
11,11,0.0,0.0,0.0,0.0,0.0,0.0,0.0,0.0,0.0,0.0,0.0,1.0
11,11,0.0,0.0,0.0,0.0,0.0,0.0,0.0,0.0,0.0,0.0,0.0,1.0
11,11,0.0,0.0,0.0,0.0,0.0,0.0,0.0,0.0,0.0,0.0,0.0,1.0
11,11,0.0,0.0,0.0,0.0,0.0,0.0,0.0,0.0,0.0,0.0,0.0,1.0
11,11,0.0,0.0,0.0,0.0,0.0,0.0,0.0,0.0,0.0,0.0,0.0,1.0
11,11,0.0,0.0,0.0,0.0,0.0,0.0,0.0,0.0,0.0,0.0,0.0,1.0
11,11,0.0,0.0,0.0,0.0,0.0,0.0,0.0,0.0,0.0,0.0,0.0,1.0
11,11,0.0,0.0,0.0,0.0,0.0,0.0,0.0,0.0,0.0,0.0,0.0,1.0
11,11,0.0,0.0,0.0,0.0,0.0,0.0,0.0,0.0,0.0,0.0,0.0,1.0
11,11,0.0,0.0,0.0,0.0,0.0,0.0,0.0,0.0,0.0,0.0,0.0,1.0
11,11,0.0,0.0,0.0,0.0,0.0,0.0,0.0,0.0,0.0,0.0,0.0,1.0
11,11,0.0,0.0,0.0,0.0,0.0,0.0,0.0,0.0,0.0,0.0,0.0,1.0
11,11,0.0,0.0,0.0,0.0,0.0,0.0,0.0,0.0,0.0,0.0,0.0,1.0
11,11,0.0,0.0,0.0,0.0,0.0,0.0,0.0,0.0,0.0,0.0,0.0,1.0
11,11,0.0,0.0,0.0,0.0,0.0,0.0,0.0,0.0,0.0,0.0,0.0,1.0
11,11,0.0,0.0,0.0,0.0,0.0,0.0,0.0,0.0,0.0,0.0,0.0,1.0
11,11,0.0,0.0,0.0,0.0,0.0,0.0,0.0,0.0,0.0,0.0,0.0,1.0
11,11,0.0,0.0,0.0,0.0,0.0,0.0,0.0,0.0,0.0,0.0,0.0,1.0
11,11,0.0,0.0,0.0,0.0,0.0,0.0,0.0,0.0,0.0,0.0,0.0,1.0
11,11,0.0,0.0,0.0,0.0,0.0,0.0,0.0,0.0,0.0,0.0,0.0,1.0
11,11,0.0,0.0,0.0,0.0,0.0,0.0,0.0,0.0,0.0,0.0,0.0,1.0
11,11,0.0,0.0,0.0,0.0,0.0,0.0,0.0,0.0,0.0,0.0,0.0,1.0
11,11,0.0,0.0,0.0,0.0,0.0,0.0,0.0,0.0,0.0,0.0,0.0,1.0
11,11,0.0,0.0,0.0,0.0,0.0,0.0,0.0,0.0,0.0,0.0,0.0,1.0
11,11,0.0,0.0,0.0,0.0,0.0,0.0,0.0,0.0,0.0,0.0,0.0,1.0
11,11,0.0,0.0,0.0,0.0,0.0,0.0,0.0,0.0,0.0,0.0,0.0,1.0
11,11,0.0,0.0,0.0,0.0,0.0,0.0,0.0,0.0,0.0,0.0,0.0,1.0
11,11,0.0,0.0,0.0,0.0,0.0,0.0,0.0,0.0,0.0,0.0,0.0,1.0
11,11,0.0,0.0,0.0,0.0,0.0,0.0,0.0,0.0,0.0,0.0,0.0,1.0
11,11,0.0,0.0,0.0,0.0,0.0,0.0,0.0,0.0,0.0,0.0,0.0,1.0
11,11,0.0,0.0,0.0,0.0,0.0,0.0,0.0,0.0,0.0,0.0,0.0,1.0
11,11,0.0,0.0,0.0,0.0,0.0,0.0,0.0,0.0,0.0,0.0,0.0,1.0
11,11,0.0,0.0,0.0,0.0,0.0,0.0,0.0,0.0,0.0,0.0,0.0,1.0
11,11,0.0,0.0,0.0,0.0,0.0,0.0,0.0,0.0,0.0,0.0,0.0,1.0
11,11,0.0,0.0,0.0,0.0,0.0,0.0,0.0,0.0,0.0,0.0,0.0,1.0
11,11,0.0,0.0,0.0,0.0,0.0,0.0,0.0,0.0,0.0,0.0,0.0,1.0
11,11,0.0,0.0,0.0,0.0,0.0,0.0,0.0,0.0,0.0,0.0,0.0,1.0
11,11,0.0,0.0,0.0,0.0,0.0,0.0,0.0,0.0,0.0,0.0,0.0,1.0
11,11,0.0,0.0,0.0,0.0,0.0,0.0,0.0,0.0,0.0,0.0,0.0,1.0
11,11,0.0,0.0,0.0,0.0,0.0,0.0,0.0,0.0,0.0,0.0,0.0,1.0
11,11,0.0,0.0,0.0,0.0,0.0,0.0,0.0,0.0,0.0,0.0,0.0,1.0
11,11,0.0,0.0,0.0,0.0,0.0,0.0,0.0,0.0,0.0,0.0,0.0,1.0
11,11,0.0,0.0,0.0,0.0,0.0,0.0,0.0,0.0,0.0,0.0,0.0,1.0
11,11,0.0,0.0,0.0,0.0,0.0,0.0,0.0,0.0,0.0,0.0,0.0,1.0
11,11,0.0,0.0,0.0,0.0,0.0,0.0,0.0,0.0,0.0,0.0,0.0,1.0
11,11,0.0,0.0,0.0,0.0,0.0,0.0,0.0,0.0,0.0,0.0,0.0,1.0
11,11,0.0,0.0,0.0,0.0,0.0,0.0,0.0,0.0,0.0,0.0,0.0,1.0
11,11,0.0,0.0,0.0,0.0,0.0,0.0,0.0,0.0,0.0,0.0,0.0,1.0
11,11,0.0,0.0,0.0,0.0,0.0,0.0,0.0,0.0,0.0,0.0,0.0,1.0
11,11,0.0,0.0,0.0,0.0,0.0,0.0,0.0,0.0,0.0,0.0,0.0,1.0
11,11,0.0,0.0,0.0,0.0,0.0,0.0,0.0,0.0,0.0,0.0,0.0,1.0
11,11,0.0,0.0,0.0,0.0,0.0,0.0,0.0,0.0,0.0,0.0,0.0,1.0
11,11,0.0,0.0,0.0,0.0,0.0,0.0,0.0,0.0,0.0,0.0,0.0,1.0
11,11,0.0,0.0,0.0,0.0,0.0,0.0,0.0,0.0,0.0,0.0,0.0,1.0
11,11,0.0,0.0,0.0,0.0,0.0,0.0,0.0,0.0,0.0,0.0,0.0,1.0
11,11,0.0,0.0,0.0,0.0,0.0,0.0,0.0,0.0,0.0,0.0,0.0,1.0
11,11,0.0,0.0,0.0,0.0,0.0,0.0,0.0,0.0,0.0,0.0,0.0,1.0
11,11,0.0,0.0,0.0,0.0,0.0,0.0,0.0,0.0,0.0,0.0,0.0,1.0
11,11,0.0,0.0,0.0,0.0,0.0,0.0,0.0,0.0,0.0,0.0,0.0,1.0
11,11,0.0,0.0,0.0,0.0,0.0,0.0,0.0,0.0,0.0,0.0,0.0,1.0
11,11,0.0,0.0,0.0,0.0,0.0,0.0,0.0,0.0,0.0,0.0,0.0,1.0
11,11,0.0,0.0,0.0,0.0,0.0,0.0,0.0,0.0,0.0,0.0,0.0,1.0
11,11,0.0,0.0,0.0,0.0,0.0,0.0,0.0,0.0,0.0,0.0,0.0,1.0
11,11,0.0,0.0,0.0,0.0,0.0,0.0,0.0,0.0,0.0,0.0,0.0,1.0
11,11,0.0,0.0,0.0,0.0,0.0,0.0,0.0,0.0,0.0,0.0,0.0,1.0
11,11,0.0,0.0,0.0,0.0,0.0,0.0,0.0,0.0,0.0,0.0,0.0,1.0
11,11,0.0,0.0,0.0,0.0,0.0,0.0,0.0,0.0,0.0,0.0,0.0,1.0
11,11,0.0,0.0,0.0,0.0,0.0,0.0,0.0,0.0,0.0,0.0,0.0,1.0
11,11,0.0,0.0,0.0,0.0,0.0,0.0,0.0,0.0,0.0,0.0,0.0,1.0
11,11,0.0,0.0,0.0,0.0,0.0,0.0,0.0,0.0,0.0,0.0,0.0,1.0
11,11,0.0,0.0,0.0,0.0,0.0,0.0,0.0,0.0,0.0,0.0,0.0,1.0
11,11,0.0,0.0,0.0,0.0,0.0,0.0,0.0,0.0,0.0,0.0,0.0,1.0
11,11,0.0,0.0,0.0,0.0,0.0,0.0,0.0,0.0,0.0,0.0,0.0,1.0
11,11,0.0,0.0,0.0,0.0,0.0,0.0,0.0,0.0,0.0,0.0,0.0,1.0
11,11,0.0,0.0,0.0,0.0,0.0,0.0,0.0,0.0,0.0,0.0,0.0,1.0
11,11,0.0,0.0,0.0,0.0,0.0,0.0,0.0,0.0,0.0,0.0,0.0,1.0
11,11,0.0,0.0,0.0,0.0,0.0,0.0,0.0,0.0,0.0,0.0,0.0,1.0
11,11,0.0,0.0,0.0,0.0,0.0,0.0,0.0,0.0,0.0,0.0,0.0,1.0
11,11,0.0,0.0,0.0,0.0,0.0,0.0,0.0,0.0,0.0,0.0,0.0,1.0
11,11,0.0,0.0,0.0,0.0,0.0,0.0,0.0,0.0,0.0,0.0,0.0,1.0
11,11,0.0,0.0,0.0,0.0,0.0,0.0,0.0,0.0,0.0,0.0,0.0,1.0
11,11,0.0,0.0,0.0,0.0,0.0,0.0,0.0,0.0,0.0,0.0,0.0,1.0
11,11,0.0,0.0,0.0,0.0,0.0,0.0,0.0,0.0,0.0,0.0,0.0,1.0
11,11,0.0,0.0,0.0,0.0,0.0,0.0,0.0,0.0,0.0,0.0,0.0,1.0
11,11,0.0,0.0,0.0,0.0,0.0,0.0,0.0,0.0,0.0,0.0,0.0,1.0
11,11,0.0,0.0,0.0,0.0,0.0,0.0,0.0,0.0,0.0,0.0,0.0,1.0
11,11,0.0,0.0,0.0,0.0,0.0,0.0,0.0,0.0,0.0,0.0,0.0,1.0
11,11,0.0,0.0,0.0,0.0,0.0,0.0,0.0,0.0,0.0,0.0,0.0,1.0
11,11,0.0,0.0,0.0,0.0,0.0,0.0,0.0,0.0,0.0,0.0,0.0,1.0
11,11,0.0,0.0,0.0,0.0,0.0,0.0,0.0,0.0,0.0,0.0,0.0,1.0
11,11,0.0,0.0,0.0,0.0,0.0,0.0,0.0,0.0,0.0,0.0,0.0,1.0
11,11,0.0,0.0,0.0,0.0,0.0,0.0,0.0,0.0,0.0,0.0,0.0,1.0
11,11,0.0,0.0,0.0,0.0,0.0,0.0,0.0,0.0,0.0,0.0,0.0,1.0
11,11,0.0,0.0,0.0,0.0,0.0,0.0,0.0,0.0,0.0,0.0,0.0,1.0
11,11,0.0,0.0,0.0,0.0,0.0,0.0,0.0,0.0,0.0,0.0,0.0,1.0
11,11,0.0,0.0,0.0,0.0,0.0,0.0,0.0,0.0,0.0,0.0,0.0,1.0
11,11,0.0,0.0,0.0,0.0,0.0,0.0,0.0,0.0,0.0,0.0,0.0,1.0
11,11,0.0,0.0,0.0,0.0,0.0,0.0,0.0,0.0,0.0,0.0,0.0,1.0
11,11,0.0,0.0,0.0,0.0,0.0,0.0,0.0,0.0,0.0,0.0,0.0,1.0
11,11,0.0,0.0,0.0,0.0,0.0,0.0,0.0,0.0,0.0,0.0,0.0,1.0
11,11,0.0,0.0,0.0,0.0,0.0,0.0,0.0,0.0,0.0,0.0,0.0,1.0
11,11,0.0,0.0,0.0,0.0,0.0,0.0,0.0,0.0,0.0,0.0,0.0,1.0
11,11,0.0,0.0,0.0,0.0,0.0,0.0,0.0,0.0,0.0,0.0,0.0,1.0
11,11,0.0,0.0,0.0,0.0,0.0,0.0,0.0,0.0,0.0,0.0,0.0,1.0
11,11,0.0,0.0,0.0,0.0,0.0,0.0,0.0,0.0,0.0,0.0,0.0,1.0
11,11,0.0,0.0,0.0,0.0,0.0,0.0,0.0,0.0,0.0,0.0,0.0,1.0
11,11,0.0,0.0,0.0,0.0,0.0,0.0,0.0,0.0,0.0,0.0,0.0,1.0
11,11,0.0,0.0,0.0,0.0,0.0,0.0,0.0,0.0,0.0,0.0,0.0,1.0
11,11,0.0,0.0,0.0,0.0,0.0,0.0,0.0,0.0,0.0,0.0,0.0,1.0
11,11,0.0,0.0,0.0,0.0,0.0,0.0,0.0,0.0,0.0,0.0,0.0,1.0
11,11,0.0,0.0,0.0,0.0,0.0,0.0,0.0,0.0,0.0,0.0,0.0,1.0
11,11,0.0,0.0,0.0,0.0,0.0,0.0,0.0,0.0,0.0,0.0,0.0,1.0
11,11,0.0,0.0,0.0,0.0,0.0,0.0,0.0,0.0,0.0,0.0,0.0,1.0
11,11,0.0,0.0,0.0,0.0,0.0,0.0,0.0,0.0,0.0,0.0,0.0,1.0
11,11,0.0,0.0,0.0,0.0,0.0,0.0,0.0,0.0,0.0,0.0,0.0,1.0
11,11,0.0,0.0,0.0,0.0,0.0,0.0,0.0,0.0,0.0,0.0,0.0,1.0
11,11,0.0,0.0,0.0,0.0,0.0,0.0,0.0,0.0,0.0,0.0,0.0,1.0
11,11,0.0,0.0,0.0,0.0,0.0,0.0,0.0,0.0,0.0,0.0,0.0,1.0
11,11,0.0,0.0,0.0,0.0,0.0,0.0,0.0,0.0,0.0,0.0,0.0,1.0
11,11,0.0,0.0,0.0,0.0,0.0,0.0,0.0,0.0,0.0,0.0,0.0,1.0
11,11,0.0,0.0,0.0,0.0,0.0,0.0,0.0,0.0,0.0,0.0,0.0,1.0
11,11,0.0,0.0,0.0,0.0,0.0,0.0,0.0,0.0,0.0,0.0,0.0,1.0
11,11,0.0,0.0,0.0,0.0,0.0,0.0,0.0,0.0,0.0,0.0,0.0,1.0
11,11,0.0,0.0,0.0,0.0,0.0,0.0,0.0,0.0,0.0,0.0,0.0,1.0
11,11,0.0,0.0,0.0,0.0,0.0,0.0,0.0,0.0,0.0,0.0,0.0,1.0
11,11,0.0,0.0,0.0,0.0,0.0,0.0,0.0,0.0,0.0,0.0,0.0,1.0
11,11,0.0,0.0,0.0,0.0,0.0,0.0,0.0,0.0,0.0,0.0,0.0,1.0
11,11,0.0,0.0,0.0,0.0,0.0,0.0,0.0,0.0,0.0,0.0,0.0,1.0
11,11,0.0,0.0,0.0,0.0,0.0,0.0,0.0,0.0,0.0,0.0,0.0,1.0
11,11,0.0,0.0,0.0,0.0,0.0,0.0,0.0,0.0,0.0,0.0,0.0,1.0
11,11,0.0,0.0,0.0,0.0,0.0,0.0,0.0,0.0,0.0,0.0,0.0,1.0
11,11,0.0,0.0,0.0,0.0,0.0,0.0,0.0,0.0,0.0,0.0,0.0,1.0
11,11,0.0,0.0,0.0,0.0,0.0,0.0,0.0,0.0,0.0,0.0,0.0,1.0
11,11,0.0,0.0,0.0,0.0,0.0,0.0,0.0,0.0,0.0,0.0,0.0,1.0
11,11,0.0,0.0,0.0,0.0,0.0,0.0,0.0,0.0,0.0,0.0,0.0,1.0
11,11,0.0,0.0,0.0,0.0,0.0,0.0,0.0,0.0,0.0,0.0,0.0,1.0
11,11,0.0,0.0,0.0,0.0,0.0,0.0,0.0,0.0,0.0,0.0,0.0,1.0
11,11,0.0,0.0,0.0,0.0,0.0,0.0,0.0,0.0,0.0,0.0,0.0,1.0
11,11,0.0,0.0,0.0,0.0,0.0,0.0,0.0,0.0,0.0,0.0,0.0,1.0
11,11,0.0,0.0,0.0,0.0,0.0,0.0,0.0,0.0,0.0,0.0,0.0,1.0
11,11,0.0,0.0,0.0,0.0,0.0,0.0,0.0,0.0,0.0,0.0,0.0,1.0
11,11,0.0,0.0,0.0,0.0,0.0,0.0,0.0,0.0,0.0,0.0,0.0,1.0
11,11,0.0,0.0,0.0,0.0,0.0,0.0,0.0,0.0,0.0,0.0,0.0,1.0
11,11,0.0,0.0,0.0,0.0,0.0,0.0,0.0,0.0,0.0,0.0,0.0,1.0
11,11,0.0,0.0,0.0,0.0,0.0,0.0,0.0,0.0,0.0,0.0,0.0,1.0
11,11,0.0,0.0,0.0,0.0,0.0,0.0,0.0,0.0,0.0,0.0,0.0,1.0
11,11,0.0,0.0,0.0,0.0,0.0,0.0,0.0,0.0,0.0,0.0,0.0,1.0
11,11,0.0,0.0,0.0,0.0,0.0,0.0,0.0,0.0,0.0,0.0,0.0,1.0
11,11,0.0,0.0,0.0,0.0,0.0,0.0,0.0,0.0,0.0,0.0,0.0,1.0
11,11,0.0,0.0,0.0,0.0,0.0,0.0,0.0,0.0,0.0,0.0,0.0,1.0
11,11,0.0,0.0,0.0,0.0,0.0,0.0,0.0,0.0,0.0,0.0,0.0,1.0
11,11,0.0,0.0,0.0,0.0,0.0,0.0,0.0,0.0,0.0,0.0,0.0,1.0
11,11,0.0,0.0,0.0,0.0,0.0,0.0,0.0,0.0,0.0,0.0,0.0,1.0
11,11,0.0,0.0,0.0,0.0,0.0,0.0,0.0,0.0,0.0,0.0,0.0,1.0
11,11,0.0,0.0,0.0,0.0,0.0,0.0,0.0,0.0,0.0,0.0,0.0,1.0
11,11,0.0,0.0,0.0,0.0,0.0,0.0,0.0,0.0,0.0,0.0,0.0,1.0
11,11,0.0,0.0,0.0,0.0,0.0,0.0,0.0,0.0,0.0,0.0,0.0,1.0
11,11,0.0,0.0,0.0,0.0,0.0,0.0,0.0,0.0,0.0,0.0,0.0,1.0
11,11,0.0,0.0,0.0,0.0,0.0,0.0,0.0,0.0,0.0,0.0,0.0,1.0
11,11,0.0,0.0,0.0,0.0,0.0,0.0,0.0,0.0,0.0,0.0,0.0,1.0
11,11,0.0,0.0,0.0,0.0,0.0,0.0,0.0,0.0,0.0,0.0,0.0,1.0
11,11,0.0,0.0,0.0,0.0,0.0,0.0,0.0,0.0,0.0,0.0,0.0,1.0
11,11,0.0,0.0,0.0,0.0,0.0,0.0,0.0,0.0,0.0,0.0,0.0,1.0
11,11,0.0,0.0,0.0,0.0,0.0,0.0,0.0,0.0,0.0,0.0,0.0,1.0
11,11,0.0,0.0,0.0,0.0,0.0,0.0,0.0,0.0,0.0,0.0,0.0,1.0
11,11,0.0,0.0,0.0,0.0,0.0,0.0,0.0,0.0,0.0,0.0,0.0,1.0
11,11,0.0,0.0,0.0,0.0,0.0,0.0,0.0,0.0,0.0,0.0,0.0,1.0
11,11,0.0,0.0,0.0,0.0,0.0,0.0,0.0,0.0,0.0,0.0,0.0,1.0
11,11,0.0,0.0,0.0,0.0,0.0,0.0,0.0,0.0,0.0,0.0,0.0,1.0
11,11,0.0,0.0,0.0,0.0,0.0,0.0,0.0,0.0,0.0,0.0,0.0,1.0
11,11,0.0,0.0,0.0,0.0,0.0,0.0,0.0,0.0,0.0,0.0,0.0,1.0
11,11,0.0,0.0,0.0,0.0,0.0,0.0,0.0,0.0,0.0,0.0,0.0,1.0
11,11,0.0,0.0,0.0,0.0,0.0,0.0,0.0,0.0,0.0,0.0,0.0,1.0
11,11,0.0,0.0,0.0,0.0,0.0,0.0,0.0,0.0,0.0,0.0,0.0,1.0
11,11,0.0,0.0,0.0,0.0,0.0,0.0,0.0,0.0,0.0,0.0,0.0,1.0
11,11,0.0,0.0,0.0,0.0,0.0,0.0,0.0,0.0,0.0,0.0,0.0,1.0
11,11,0.0,0.0,0.0,0.0,0.0,0.0,0.0,0.0,0.0,0.0,0.0,1.0
11,11,0.0,0.0,0.0,0.0,0.0,0.0,0.0,0.0,0.0,0.0,0.0,1.0
11,11,0.0,0.0,0.0,0.0,0.0,0.0,0.0,0.0,0.0,0.0,0.0,1.0
11,11,0.0,0.0,0.0,0.0,0.0,0.0,0.0,0.0,0.0,0.0,0.0,1.0
11,11,0.0,0.0,0.0,0.0,0.0,0.0,0.0,0.0,0.0,0.0,0.0,1.0
11,11,0.0,0.0,0.0,0.0,0.0,0.0,0.0,0.0,0.0,0.0,0.0,1.0
11,11,0.0,0.0,0.0,0.0,0.0,0.0,0.0,0.0,0.0,0.0,0.0,1.0
11,11,0.0,0.0,0.0,0.0,0.0,0.0,0.0,0.0,0.0,0.0,0.0,1.0
11,11,0.0,0.0,0.0,0.0,0.0,0.0,0.0,0.0,0.0,0.0,0.0,1.0
11,11,0.0,0.0,0.0,0.0,0.0,0.0,0.0,0.0,0.0,0.0,0.0,1.0
11,11,0.0,0.0,0.0,0.0,0.0,0.0,0.0,0.0,0.0,0.0,0.0,1.0
11,11,0.0,0.0,0.0,0.0,0.0,0.0,0.0,0.0,0.0,0.0,0.0,1.0
11,11,0.0,0.0,0.0,0.0,0.0,0.0,0.0,0.0,0.0,0.0,0.0,1.0
11,11,0.0,0.0,0.0,0.0,0.0,0.0,0.0,0.0,0.0,0.0,0.0,1.0
11,11,0.0,0.0,0.0,0.0,0.0,0.0,0.0,0.0,0.0,0.0,0.0,1.0
11,11,0.0,0.0,0.0,0.0,0.0,0.0,0.0,0.0,0.0,0.0,0.0,1.0
11,11,0.0,0.0,0.0,0.0,0.0,0.0,0.0,0.0,0.0,0.0,0.0,1.0
11,11,0.0,0.0,0.0,0.0,0.0,0.0,0.0,0.0,0.0,0.0,0.0,1.0
11,11,0.0,0.0,0.0,0.0,0.0,0.0,0.0,0.0,0.0,0.0,0.0,1.0
11,11,0.0,0.0,0.0,0.0,0.0,0.0,0.0,0.0,0.0,0.0,0.0,1.0
11,11,0.0,0.0,0.0,0.0,0.0,0.0,0.0,0.0,0.0,0.0,0.0,1.0
11,11,0.0,0.0,0.0,0.0,0.0,0.0,0.0,0.0,0.0,0.0,0.0,1.0
11,11,0.0,0.0,0.0,0.0,0.0,0.0,0.0,0.0,0.0,0.0,0.0,1.0
11,11,0.0,0.0,0.0,0.0,0.0,0.0,0.0,0.0,0.0,0.0,0.0,1.0
11,11,0.0,0.0,0.0,0.0,0.0,0.0,0.0,0.0,0.0,0.0,0.0,1.0
11,11,0.0,0.0,0.0,0.0,0.0,0.0,0.0,0.0,0.0,0.0,0.0,1.0
11,11,0.0,0.0,0.0,0.0,0.0,0.0,0.0,0.0,0.0,0.0,0.0,1.0
11,11,0.0,0.0,0.0,0.0,0.0,0.0,0.0,0.0,0.0,0.0,0.0,1.0
11,11,0.0,0.0,0.0,0.0,0.0,0.0,0.0,0.0,0.0,0.0,0.0,1.0
11,11,0.0,0.0,0.0,0.0,0.0,0.0,0.0,0.0,0.0,0.0,0.0,1.0
11,11,0.0,0.0,0.0,0.0,0.0,0.0,0.0,0.0,0.0,0.0,0.0,1.0
11,11,0.0,0.0,0.0,0.0,0.0,0.0,0.0,0.0,0.0,0.0,0.0,1.0
11,11,0.0,0.0,0.0,0.0,0.0,0.0,0.0,0.0,0.0,0.0,0.0,1.0
11,11,0.0,0.0,0.0,0.0,0.0,0.0,0.0,0.0,0.0,0.0,0.0,1.0
11,11,0.0,0.0,0.0,0.0,0.0,0.0,0.0,0.0,0.0,0.0,0.0,1.0
11,11,0.0,0.0,0.0,0.0,0.0,0.0,0.0,0.0,0.0,0.0,0.0,1.0
11,11,0.0,0.0,0.0,0.0,0.0,0.0,0.0,0.0,0.0,0.0,0.0,1.0
11,11,0.0,0.0,0.0,0.0,0.0,0.0,0.0,0.0,0.0,0.0,0.0,1.0
11,11,0.0,0.0,0.0,0.0,0.0,0.0,0.0,0.0,0.0,0.0,0.0,1.0
11,11,0.0,0.0,0.0,0.0,0.0,0.0,0.0,0.0,0.0,0.0,0.0,1.0
11,11,0.0,0.0,0.0,0.0,0.0,0.0,0.0,0.0,0.0,0.0,0.0,1.0
11,11,0.0,0.0,0.0,0.0,0.0,0.0,0.0,0.0,0.0,0.0,0.0,1.0
11,11,0.0,0.0,0.0,0.0,0.0,0.0,0.0,0.0,0.0,0.0,0.0,1.0
11,11,0.0,0.0,0.0,0.0,0.0,0.0,0.0,0.0,0.0,0.0,0.0,1.0
11,11,0.0,0.0,0.0,0.0,0.0,0.0,0.0,0.0,0.0,0.0,0.0,1.0
11,11,0.0,0.0,0.0,0.0,0.0,0.0,0.0,0.0,0.0,0.0,0.0,1.0
11,11,0.0,0.0,0.0,0.0,0.0,0.0,0.0,0.0,0.0,0.0,0.0,1.0
11,11,0.0,0.0,0.0,0.0,0.0,0.0,0.0,0.0,0.0,0.0,0.0,1.0
11,11,0.0,0.0,0.0,0.0,0.0,0.0,0.0,0.0,0.0,0.0,0.0,1.0
11,11,0.0,0.0,0.0,0.0,0.0,0.0,0.0,0.0,0.0,0.0,0.0,1.0
11,11,0.0,0.0,0.0,0.0,0.0,0.0,0.0,0.0,0.0,0.0,0.0,1.0
11,11,0.0,0.0,0.0,0.0,0.0,0.0,0.0,0.0,0.0,0.0,0.0,1.0
11,11,0.0,0.0,0.0,0.0,0.0,0.0,0.0,0.0,0.0,0.0,0.0,1.0
11,11,0.0,0.0,0.0,0.0,0.0,0.0,0.0,0.0,0.0,0.0,0.0,1.0
11,11,0.0,0.0,0.0,0.0,0.0,0.0,0.0,0.0,0.0,0.0,0.0,1.0
11,11,0.0,0.0,0.0,0.0,0.0,0.0,0.0,0.0,0.0,0.0,0.0,1.0
11,11,0.0,0.0,0.0,0.0,0.0,0.0,0.0,0.0,0.0,0.0,0.0,1.0
11,11,0.0,0.0,0.0,0.0,0.0,0.0,0.0,0.0,0.0,0.0,0.0,1.0
11,11,0.0,0.0,0.0,0.0,0.0,0.0,0.0,0.0,0.0,0.0,0.0,1.0
11,11,0.0,0.0,0.0,0.0,0.0,0.0,0.0,0.0,0.0,0.0,0.0,1.0
11,11,0.0,0.0,0.0,0.0,0.0,0.0,0.0,0.0,0.0,0.0,0.0,1.0
11,11,0.0,0.0,0.0,0.0,0.0,0.0,0.0,0.0,0.0,0.0,0.0,1.0
11,11,0.0,0.0,0.0,0.0,0.0,0.0,0.0,0.0,0.0,0.0,0.0,1.0
11,11,0.0,0.0,0.0,0.0,0.0,0.0,0.0,0.0,0.0,0.0,0.0,1.0
11,11,0.0,0.0,0.0,0.0,0.0,0.0,0.0,0.0,0.0,0.0,0.0,1.0
11,11,0.0,0.0,0.0,0.0,0.0,0.0,0.0,0.0,0.0,0.0,0.0,1.0
11,11,0.0,0.0,0.0,0.0,0.0,0.0,0.0,0.0,0.0,0.0,0.0,1.0
11,11,0.0,0.0,0.0,0.0,0.0,0.0,0.0,0.0,0.0,0.0,0.0,1.0
11,11,0.0,0.0,0.0,0.0,0.0,0.0,0.0,0.0,0.0,0.0,0.0,1.0
11,11,0.0,0.0,0.0,0.0,0.0,0.0,0.0,0.0,0.0,0.0,0.0,1.0
11,11,0.0,0.0,0.0,0.0,0.0,0.0,0.0,0.0,0.0,0.0,0.0,1.0
11,11,0.0,0.0,0.0,0.0,0.0,0.0,0.0,0.0,0.0,0.0,0.0,1.0
11,11,0.0,0.0,0.0,0.0,0.0,0.0,0.0,0.0,0.0,0.0,0.0,1.0
11,11,0.0,0.0,0.0,0.0,0.0,0.0,0.0,0.0,0.0,0.0,0.0,1.0
11,11,0.0,0.0,0.0,0.0,0.0,0.0,0.0,0.0,0.0,0.0,0.0,1.0
11,11,0.0,0.0,0.0,0.0,0.0,0.0,0.0,0.0,0.0,0.0,0.0,1.0
11,11,0.0,0.0,0.0,0.0,0.0,0.0,0.0,0.0,0.0,0.0,0.0,1.0
11,11,0.0,0.0,0.0,0.0,0.0,0.0,0.0,0.0,0.0,0.0,0.0,1.0
11,11,0.0,0.0,0.0,0.0,0.0,0.0,0.0,0.0,0.0,0.0,0.0,1.0
11,11,0.0,0.0,0.0,0.0,0.0,0.0,0.0,0.0,0.0,0.0,0.0,1.0
11,11,0.0,0.0,0.0,0.0,0.0,0.0,0.0,0.0,0.0,0.0,0.0,1.0
11,11,0.0,0.0,0.0,0.0,0.0,0.0,0.0,0.0,0.0,0.0,0.0,1.0
11,11,0.0,0.0,0.0,0.0,0.0,0.0,0.0,0.0,0.0,0.0,0.0,1.0
11,11,0.0,0.0,0.0,0.0,0.0,0.0,0.0,0.0,0.0,0.0,0.0,1.0
11,11,0.0,0.0,0.0,0.0,0.0,0.0,0.0,0.0,0.0,0.0,0.0,1.0
11,11,0.0,0.0,0.0,0.0,0.0,0.0,0.0,0.0,0.0,0.0,0.0,1.0
11,11,0.0,0.0,0.0,0.0,0.0,0.0,0.0,0.0,0.0,0.0,0.0,1.0
11,11,0.0,0.0,0.0,0.0,0.0,0.0,0.0,0.0,0.0,0.0,0.0,1.0
11,11,0.0,0.0,0.0,0.0,0.0,0.0,0.0,0.0,0.0,0.0,0.0,1.0
11,11,0.0,0.0,0.0,0.0,0.0,0.0,0.0,0.0,0.0,0.0,0.0,1.0
11,11,0.0,0.0,0.0,0.0,0.0,0.0,0.0,0.0,0.0,0.0,0.0,1.0
11,11,0.0,0.0,0.0,0.0,0.0,0.0,0.0,0.0,0.0,0.0,0.0,1.0
11,11,0.0,0.0,0.0,0.0,0.0,0.0,0.0,0.0,0.0,0.0,0.0,1.0
11,11,0.0,0.0,0.0,0.0,0.0,0.0,0.0,0.0,0.0,0.0,0.0,1.0
11,11,0.0,0.0,0.0,0.0,0.0,0.0,0.0,0.0,0.0,0.0,0.0,1.0
11,11,0.0,0.0,0.0,0.0,0.0,0.0,0.0,0.0,0.0,0.0,0.0,1.0
11,11,0.0,0.0,0.0,0.0,0.0,0.0,0.0,0.0,0.0,0.0,0.0,1.0
11,11,0.0,0.0,0.0,0.0,0.0,0.0,0.0,0.0,0.0,0.0,0.0,1.0
11,11,0.0,0.0,0.0,0.0,0.0,0.0,0.0,0.0,0.0,0.0,0.0,1.0
11,11,0.0,0.0,0.0,0.0,0.0,0.0,0.0,0.0,0.0,0.0,0.0,1.0
11,11,0.0,0.0,0.0,0.0,0.0,0.0,0.0,0.0,0.0,0.0,0.0,1.0
11,11,0.0,0.0,0.0,0.0,0.0,0.0,0.0,0.0,0.0,0.0,0.0,1.0
11,11,0.0,0.0,0.0,0.0,0.0,0.0,0.0,0.0,0.0,0.0,0.0,1.0
11,11,0.0,0.0,0.0,0.0,0.0,0.0,0.0,0.0,0.0,0.0,0.0,1.0
11,11,0.0,0.0,0.0,0.0,0.0,0.0,0.0,0.0,0.0,0.0,0.0,1.0
11,11,0.0,0.0,0.0,0.0,0.0,0.0,0.0,0.0,0.0,0.0,0.0,1.0
11,11,0.0,0.0,0.0,0.0,0.0,0.0,0.0,0.0,0.0,0.0,0.0,1.0
11,11,0.0,0.0,0.0,0.0,0.0,0.0,0.0,0.0,0.0,0.0,0.0,1.0
11,11,0.0,0.0,0.0,0.0,0.0,0.0,0.0,0.0,0.0,0.0,0.0,1.0
11,11,0.0,0.0,0.0,0.0,0.0,0.0,0.0,0.0,0.0,0.0,0.0,1.0
11,11,0.0,0.0,0.0,0.0,0.0,0.0,0.0,0.0,0.0,0.0,0.0,1.0
11,11,0.0,0.0,0.0,0.0,0.0,0.0,0.0,0.0,0.0,0.0,0.0,1.0
11,11,0.0,0.0,0.0,0.0,0.0,0.0,0.0,0.0,0.0,0.0,0.0,1.0
11,11,0.0,0.0,0.0,0.0,0.0,0.0,0.0,0.0,0.0,0.0,0.0,1.0
11,11,0.0,0.0,0.0,0.0,0.0,0.0,0.0,0.0,0.0,0.0,0.0,1.0
11,11,0.0,0.0,0.0,0.0,0.0,0.0,0.0,0.0,0.0,0.0,0.0,1.0
11,11,0.0,0.0,0.0,0.0,0.0,0.0,0.0,0.0,0.0,0.0,0.0,1.0
11,11,0.0,0.0,0.0,0.0,0.0,0.0,0.0,0.0,0.0,0.0,0.0,1.0
11,11,0.0,0.0,0.0,0.0,0.0,0.0,0.0,0.0,0.0,0.0,0.0,1.0
11,11,0.0,0.0,0.0,0.0,0.0,0.0,0.0,0.0,0.0,0.0,0.0,1.0
11,11,0.0,0.0,0.0,0.0,0.0,0.0,0.0,0.0,0.0,0.0,0.0,1.0
11,11,0.0,0.0,0.0,0.0,0.0,0.0,0.0,0.0,0.0,0.0,0.0,1.0
11,11,0.0,0.0,0.0,0.0,0.0,0.0,0.0,0.0,0.0,0.0,0.0,1.0
11,11,0.0,0.0,0.0,0.0,0.0,0.0,0.0,0.0,0.0,0.0,0.0,1.0
11,11,0.0,0.0,0.0,0.0,0.0,0.0,0.0,0.0,0.0,0.0,0.0,1.0
11,11,0.0,0.0,0.0,0.0,0.0,0.0,0.0,0.0,0.0,0.0,0.0,1.0
11,11,0.0,0.0,0.0,0.0,0.0,0.0,0.0,0.0,0.0,0.0,0.0,1.0
11,11,0.0,0.0,0.0,0.0,0.0,0.0,0.0,0.0,0.0,0.0,0.0,1.0
11,11,0.0,0.0,0.0,0.0,0.0,0.0,0.0,0.0,0.0,0.0,0.0,1.0
11,11,0.0,0.0,0.0,0.0,0.0,0.0,0.0,0.0,0.0,0.0,0.0,1.0
11,11,0.0,0.0,0.0,0.0,0.0,0.0,0.0,0.0,0.0,0.0,0.0,1.0
11,11,0.0,0.0,0.0,0.0,0.0,0.0,0.0,0.0,0.0,0.0,0.0,1.0
11,11,0.0,0.0,0.0,0.0,0.0,0.0,0.0,0.0,0.0,0.0,0.0,1.0
11,11,0.0,0.0,0.0,0.0,0.0,0.0,0.0,0.0,0.0,0.0,0.0,1.0
11,11,0.0,0.0,0.0,0.0,0.0,0.0,0.0,0.0,0.0,0.0,0.0,1.0
11,11,0.0,0.0,0.0,0.0,0.0,0.0,0.0,0.0,0.0,0.0,0.0,1.0
11,11,0.0,0.0,0.0,0.0,0.0,0.0,0.0,0.0,0.0,0.0,0.0,1.0
11,11,0.0,0.0,0.0,0.0,0.0,0.0,0.0,0.0,0.0,0.0,0.0,1.0
11,11,0.0,0.0,0.0,0.0,0.0,0.0,0.0,0.0,0.0,0.0,0.0,1.0
11,11,0.0,0.0,0.0,0.0,0.0,0.0,0.0,0.0,0.0,0.0,0.0,1.0
11,11,0.0,0.0,0.0,0.0,0.0,0.0,0.0,0.0,0.0,0.0,0.0,1.0
11,11,0.0,0.0,0.0,0.0,0.0,0.0,0.0,0.0,0.0,0.0,0.0,1.0
11,11,0.0,0.0,0.0,0.0,0.0,0.0,0.0,0.0,0.0,0.0,0.0,1.0
11,11,0.0,0.0,0.0,0.0,0.0,0.0,0.0,0.0,0.0,0.0,0.0,1.0
11,11,0.0,0.0,0.0,0.0,0.0,0.0,0.0,0.0,0.0,0.0,0.0,1.0
11,11,0.0,0.0,0.0,0.0,0.0,0.0,0.0,0.0,0.0,0.0,0.0,1.0
11,11,0.0,0.0,0.0,0.0,0.0,0.0,0.0,0.0,0.0,0.0,0.0,1.0
11,11,0.0,0.0,0.0,0.0,0.0,0.0,0.0,0.0,0.0,0.0,0.0,1.0
11,11,0.0,0.0,0.0,0.0,0.0,0.0,0.0,0.0,0.0,0.0,0.0,1.0
11,11,0.0,0.0,0.0,0.0,0.0,0.0,0.0,0.0,0.0,0.0,0.0,1.0
11,11,0.0,0.0,0.0,0.0,0.0,0.0,0.0,0.0,0.0,0.0,0.0,1.0
11,11,0.0,0.0,0.0,0.0,0.0,0.0,0.0,0.0,0.0,0.0,0.0,1.0
11,11,0.0,0.0,0.0,0.0,0.0,0.0,0.0,0.0,0.0,0.0,0.0,1.0
11,11,0.0,0.0,0.0,0.0,0.0,0.0,0.0,0.0,0.0,0.0,0.0,1.0
11,11,0.0,0.0,0.0,0.0,0.0,0.0,0.0,0.0,0.0,0.0,0.0,1.0
11,11,0.0,0.0,0.0,0.0,0.0,0.0,0.0,0.0,0.0,0.0,0.0,1.0
11,11,0.0,0.0,0.0,0.0,0.0,0.0,0.0,0.0,0.0,0.0,0.0,1.0
11,11,0.0,0.0,0.0,0.0,0.0,0.0,0.0,0.0,0.0,0.0,0.0,1.0
11,11,0.0,0.0,0.0,0.0,0.0,0.0,0.0,0.0,0.0,0.0,0.0,1.0
11,11,0.0,0.0,0.0,0.0,0.0,0.0,0.0,0.0,0.0,0.0,0.0,1.0
11,11,0.0,0.0,0.0,0.0,0.0,0.0,0.0,0.0,0.0,0.0,0.0,1.0
11,11,0.0,0.0,0.0,0.0,0.0,0.0,0.0,0.0,0.0,0.0,0.0,1.0
11,11,0.0,0.0,0.0,0.0,0.0,0.0,0.0,0.0,0.0,0.0,0.0,1.0
11,11,0.0,0.0,0.0,0.0,0.0,0.0,0.0,0.0,0.0,0.0,0.0,1.0
11,11,0.0,0.0,0.0,0.0,0.0,0.0,0.0,0.0,0.0,0.0,0.0,1.0
11,11,0.0,0.0,0.0,0.0,0.0,0.0,0.0,0.0,0.0,0.0,0.0,1.0
11,11,0.0,0.0,0.0,0.0,0.0,0.0,0.0,0.0,0.0,0.0,0.0,1.0
11,11,0.0,0.0,0.0,0.0,0.0,0.0,0.0,0.0,0.0,0.0,0.0,1.0
11,11,0.0,0.0,0.0,0.0,0.0,0.0,0.0,0.0,0.0,0.0,0.0,1.0
11,11,0.0,0.0,0.0,0.0,0.0,0.0,0.0,0.0,0.0,0.0,0.0,1.0
11,11,0.0,0.0,0.0,0.0,0.0,0.0,0.0,0.0,0.0,0.0,0.0,1.0
11,11,0.0,0.0,0.0,0.0,0.0,0.0,0.0,0.0,0.0,0.0,0.0,1.0
11,11,0.0,0.0,0.0,0.0,0.0,0.0,0.0,0.0,0.0,0.0,0.0,1.0
11,11,0.0,0.0,0.0,0.0,0.0,0.0,0.0,0.0,0.0,0.0,0.0,1.0
11,11,0.0,0.0,0.0,0.0,0.0,0.0,0.0,0.0,0.0,0.0,0.0,1.0
11,11,0.0,0.0,0.0,0.0,0.0,0.0,0.0,0.0,0.0,0.0,0.0,1.0
11,11,0.0,0.0,0.0,0.0,0.0,0.0,0.0,0.0,0.0,0.0,0.0,1.0
11,11,0.0,0.0,0.0,0.0,0.0,0.0,0.0,0.0,0.0,0.0,0.0,1.0
11,11,0.0,0.0,0.0,0.0,0.0,0.0,0.0,0.0,0.0,0.0,0.0,1.0
11,11,0.0,0.0,0.0,0.0,0.0,0.0,0.0,0.0,0.0,0.0,0.0,1.0
11,11,0.0,0.0,0.0,0.0,0.0,0.0,0.0,0.0,0.0,0.0,0.0,1.0
11,11,0.0,0.0,0.0,0.0,0.0,0.0,0.0,0.0,0.0,0.0,0.0,1.0
11,11,0.0,0.0,0.0,0.0,0.0,0.0,0.0,0.0,0.0,0.0,0.0,1.0
11,11,0.0,0.0,0.0,0.0,0.0,0.0,0.0,0.0,0.0,0.0,0.0,1.0
11,11,0.0,0.0,0.0,0.0,0.0,0.0,0.0,0.0,0.0,0.0,0.0,1.0
11,11,0.0,0.0,0.0,0.0,0.0,0.0,0.0,0.0,0.0,0.0,0.0,1.0
11,11,0.0,0.0,0.0,0.0,0.0,0.0,0.0,0.0,0.0,0.0,0.0,1.0
11,11,0.0,0.0,0.0,0.0,0.0,0.0,0.0,0.0,0.0,0.0,0.0,1.0
11,11,0.0,0.0,0.0,0.0,0.0,0.0,0.0,0.0,0.0,0.0,0.0,1.0
11,11,0.0,0.0,0.0,0.0,0.0,0.0,0.0,0.0,0.0,0.0,0.0,1.0
11,11,0.0,0.0,0.0,0.0,0.0,0.0,0.0,0.0,0.0,0.0,0.0,1.0
11,11,0.0,0.0,0.0,0.0,0.0,0.0,0.0,0.0,0.0,0.0,0.0,1.0
11,11,0.0,0.0,0.0,0.0,0.0,0.0,0.0,0.0,0.0,0.0,0.0,1.0
11,11,0.0,0.0,0.0,0.0,0.0,0.0,0.0,0.0,0.0,0.0,0.0,1.0
11,11,0.0,0.0,0.0,0.0,0.0,0.0,0.0,0.0,0.0,0.0,0.0,1.0
11,11,0.0,0.0,0.0,0.0,0.0,0.0,0.0,0.0,0.0,0.0,0.0,1.0
11,11,0.0,0.0,0.0,0.0,0.0,0.0,0.0,0.0,0.0,0.0,0.0,1.0
11,11,0.0,0.0,0.0,0.0,0.0,0.0,0.0,0.0,0.0,0.0,0.0,1.0
11,11,0.0,0.0,0.0,0.0,0.0,0.0,0.0,0.0,0.0,0.0,0.0,1.0
11,11,0.0,0.0,0.0,0.0,0.0,0.0,0.0,0.0,0.0,0.0,0.0,1.0
11,11,0.0,0.0,0.0,0.0,0.0,0.0,0.0,0.0,0.0,0.0,0.0,1.0
11,11,0.0,0.0,0.0,0.0,0.0,0.0,0.0,0.0,0.0,0.0,0.0,1.0
11,11,0.0,0.0,0.0,0.0,0.0,0.0,0.0,0.0,0.0,0.0,0.0,1.0
11,11,0.0,0.0,0.0,0.0,0.0,0.0,0.0,0.0,0.0,0.0,0.0,1.0
11,11,0.0,0.0,0.0,0.0,0.0,0.0,0.0,0.0,0.0,0.0,0.0,1.0
11,11,0.0,0.0,0.0,0.0,0.0,0.0,0.0,0.0,0.0,0.0,0.0,1.0
11,11,0.0,0.0,0.0,0.0,0.0,0.0,0.0,0.0,0.0,0.0,0.0,1.0
11,11,0.0,0.0,0.0,0.0,0.0,0.0,0.0,0.0,0.0,0.0,0.0,1.0
11,11,0.0,0.0,0.0,0.0,0.0,0.0,0.0,0.0,0.0,0.0,0.0,1.0
11,11,0.0,0.0,0.0,0.0,0.0,0.0,0.0,0.0,0.0,0.0,0.0,1.0
11,11,0.0,0.0,0.0,0.0,0.0,0.0,0.0,0.0,0.0,0.0,0.0,1.0
11,11,0.0,0.0,0.0,0.0,0.0,0.0,0.0,0.0,0.0,0.0,0.0,1.0
11,11,0.0,0.0,0.0,0.0,0.0,0.0,0.0,0.0,0.0,0.0,0.0,1.0
11,11,0.0,0.0,0.0,0.0,0.0,0.0,0.0,0.0,0.0,0.0,0.0,1.0
11,11,0.0,0.0,0.0,0.0,0.0,0.0,0.0,0.0,0.0,0.0,0.0,1.0
11,11,0.0,0.0,0.0,0.0,0.0,0.0,0.0,0.0,0.0,0.0,0.0,1.0
11,11,0.0,0.0,0.0,0.0,0.0,0.0,0.0,0.0,0.0,0.0,0.0,1.0
11,11,0.0,0.0,0.0,0.0,0.0,0.0,0.0,0.0,0.0,0.0,0.0,1.0
11,11,0.0,0.0,0.0,0.0,0.0,0.0,0.0,0.0,0.0,0.0,0.0,1.0
11,11,0.0,0.0,0.0,0.0,0.0,0.0,0.0,0.0,0.0,0.0,0.0,1.0
11,11,0.0,0.0,0.0,0.0,0.0,0.0,0.0,0.0,0.0,0.0,0.0,1.0
11,11,0.0,0.0,0.0,0.0,0.0,0.0,0.0,0.0,0.0,0.0,0.0,1.0
11,11,0.0,0.0,0.0,0.0,0.0,0.0,0.0,0.0,0.0,0.0,0.0,1.0
11,11,0.0,0.0,0.0,0.0,0.0,0.0,0.0,0.0,0.0,0.0,0.0,1.0
11,11,0.0,0.0,0.0,0.0,0.0,0.0,0.0,0.0,0.0,0.0,0.0,1.0
11,11,0.0,0.0,0.0,0.0,0.0,0.0,0.0,0.0,0.0,0.0,0.0,1.0
11,11,0.0,0.0,0.0,0.0,0.0,0.0,0.0,0.0,0.0,0.0,0.0,1.0
11,11,0.0,0.0,0.0,0.0,0.0,0.0,0.0,0.0,0.0,0.0,0.0,1.0
11,11,0.0,0.0,0.0,0.0,0.0,0.0,0.0,0.0,0.0,0.0,0.0,1.0
11,11,0.0,0.0,0.0,0.0,0.0,0.0,0.0,0.0,0.0,0.0,0.0,1.0
11,11,0.0,0.0,0.0,0.0,0.0,0.0,0.0,0.0,0.0,0.0,0.0,1.0
11,11,0.0,0.0,0.0,0.0,0.0,0.0,0.0,0.0,0.0,0.0,0.0,1.0
11,11,0.0,0.0,0.0,0.0,0.0,0.0,0.0,0.0,0.0,0.0,0.0,1.0
11,11,0.0,0.0,0.0,0.0,0.0,0.0,0.0,0.0,0.0,0.0,0.0,1.0
11,11,0.0,0.0,0.0,0.0,0.0,0.0,0.0,0.0,0.0,0.0,0.0,1.0
11,11,0.0,0.0,0.0,0.0,0.0,0.0,0.0,0.0,0.0,0.0,0.0,1.0
11,11,0.0,0.0,0.0,0.0,0.0,0.0,0.0,0.0,0.0,0.0,0.0,1.0
11,11,0.0,0.0,0.0,0.0,0.0,0.0,0.0,0.0,0.0,0.0,0.0,1.0
11,11,0.0,0.0,0.0,0.0,0.0,0.0,0.0,0.0,0.0,0.0,0.0,1.0
11,11,0.0,0.0,0.0,0.0,0.0,0.0,0.0,0.0,0.0,0.0,0.0,1.0
11,11,0.0,0.0,0.0,0.0,0.0,0.0,0.0,0.0,0.0,0.0,0.0,1.0
11,11,0.0,0.0,0.0,0.0,0.0,0.0,0.0,0.0,0.0,0.0,0.0,1.0
11,11,0.0,0.0,0.0,0.0,0.0,0.0,0.0,0.0,0.0,0.0,0.0,1.0
11,11,0.0,0.0,0.0,0.0,0.0,0.0,0.0,0.0,0.0,0.0,0.0,1.0
11,11,0.0,0.0,0.0,0.0,0.0,0.0,0.0,0.0,0.0,0.0,0.0,1.0
11,11,0.0,0.0,0.0,0.0,0.0,0.0,0.0,0.0,0.0,0.0,0.0,1.0
11,11,0.0,0.0,0.0,0.0,0.0,0.0,0.0,0.0,0.0,0.0,0.0,1.0
11,11,0.0,0.0,0.0,0.0,0.0,0.0,0.0,0.0,0.0,0.0,0.0,1.0
11,11,0.0,0.0,0.0,0.0,0.0,0.0,0.0,0.0,0.0,0.0,0.0,1.0
11,11,0.0,0.0,0.0,0.0,0.0,0.0,0.0,0.0,0.0,0.0,0.0,1.0
11,11,0.0,0.0,0.0,0.0,0.0,0.0,0.0,0.0,0.0,0.0,0.0,1.0
11,11,0.0,0.0,0.0,0.0,0.0,0.0,0.0,0.0,0.0,0.0,0.0,1.0
11,11,0.0,0.0,0.0,0.0,0.0,0.0,0.0,0.0,0.0,0.0,0.0,1.0
11,11,0.0,0.0,0.0,0.0,0.0,0.0,0.0,0.0,0.0,0.0,0.0,1.0
11,11,0.0,0.0,0.0,0.0,0.0,0.0,0.0,0.0,0.0,0.0,0.0,1.0
11,11,0.0,0.0,0.0,0.0,0.0,0.0,0.0,0.0,0.0,0.0,0.0,1.0
11,11,0.0,0.0,0.0,0.0,0.0,0.0,0.0,0.0,0.0,0.0,0.0,1.0
11,11,0.0,0.0,0.0,0.0,0.0,0.0,0.0,0.0,0.0,0.0,0.0,1.0
11,11,0.0,0.0,0.0,0.0,0.0,0.0,0.0,0.0,0.0,0.0,0.0,1.0
11,11,0.0,0.0,0.0,0.0,0.0,0.0,0.0,0.0,0.0,0.0,0.0,1.0
11,11,0.0,0.0,0.0,0.0,0.0,0.0,0.0,0.0,0.0,0.0,0.0,1.0
11,11,0.0,0.0,0.0,0.0,0.0,0.0,0.0,0.0,0.0,0.0,0.0,1.0
11,11,0.0,0.0,0.0,0.0,0.0,0.0,0.0,0.0,0.0,0.0,0.0,1.0
11,11,0.0,0.0,0.0,0.0,0.0,0.0,0.0,0.0,0.0,0.0,0.0,1.0
11,11,0.0,0.0,0.0,0.0,0.0,0.0,0.0,0.0,0.0,0.0,0.0,1.0
11,11,0.0,0.0,0.0,0.0,0.0,0.0,0.0,0.0,0.0,0.0,0.0,1.0
11,11,0.0,0.0,0.0,0.0,0.0,0.0,0.0,0.0,0.0,0.0,0.0,1.0
11,11,0.0,0.0,0.0,0.0,0.0,0.0,0.0,0.0,0.0,0.0,0.0,1.0
11,11,0.0,0.0,0.0,0.0,0.0,0.0,0.0,0.0,0.0,0.0,0.0,1.0
11,11,0.0,0.0,0.0,0.0,0.0,0.0,0.0,0.0,0.0,0.0,0.0,1.0
11,11,0.0,0.0,0.0,0.0,0.0,0.0,0.0,0.0,0.0,0.0,0.0,1.0
11,11,0.0,0.0,0.0,0.0,0.0,0.0,0.0,0.0,0.0,0.0,0.0,1.0
11,11,0.0,0.0,0.0,0.0,0.0,0.0,0.0,0.0,0.0,0.0,0.0,1.0
11,11,0.0,0.0,0.0,0.0,0.0,0.0,0.0,0.0,0.0,0.0,0.0,1.0
11,11,0.0,0.0,0.0,0.0,0.0,0.0,0.0,0.0,0.0,0.0,0.0,1.0
11,11,0.0,0.0,0.0,0.0,0.0,0.0,0.0,0.0,0.0,0.0,0.0,1.0
11,11,0.0,0.0,0.0,0.0,0.0,0.0,0.0,0.0,0.0,0.0,0.0,1.0
11,11,0.0,0.0,0.0,0.0,0.0,0.0,0.0,0.0,0.0,0.0,0.0,1.0
11,11,0.0,0.0,0.0,0.0,0.0,0.0,0.0,0.0,0.0,0.0,0.0,1.0
11,11,0.0,0.0,0.0,0.0,0.0,0.0,0.0,0.0,0.0,0.0,0.0,1.0
11,11,0.0,0.0,0.0,0.0,0.0,0.0,0.0,0.0,0.0,0.0,0.0,1.0
11,11,0.0,0.0,0.0,0.0,0.0,0.0,0.0,0.0,0.0,0.0,0.0,1.0
11,11,0.0,0.0,0.0,0.0,0.0,0.0,0.0,0.0,0.0,0.0,0.0,1.0
11,11,0.0,0.0,0.0,0.0,0.0,0.0,0.0,0.0,0.0,0.0,0.0,1.0
11,11,0.0,0.0,0.0,0.0,0.0,0.0,0.0,0.0,0.0,0.0,0.0,1.0
11,11,0.0,0.0,0.0,0.0,0.0,0.0,0.0,0.0,0.0,0.0,0.0,1.0
11,11,0.0,0.0,0.0,0.0,0.0,0.0,0.0,0.0,0.0,0.0,0.0,1.0
11,11,0.0,0.0,0.0,0.0,0.0,0.0,0.0,0.0,0.0,0.0,0.0,1.0
11,11,0.0,0.0,0.0,0.0,0.0,0.0,0.0,0.0,0.0,0.0,0.0,1.0
11,11,0.0,0.0,0.0,0.0,0.0,0.0,0.0,0.0,0.0,0.0,0.0,1.0
11,11,0.0,0.0,0.0,0.0,0.0,0.0,0.0,0.0,0.0,0.0,0.0,1.0
11,11,0.0,0.0,0.0,0.0,0.0,0.0,0.0,0.0,0.0,0.0,0.0,1.0
11,11,0.0,0.0,0.0,0.0,0.0,0.0,0.0,0.0,0.0,0.0,0.0,1.0
11,11,0.0,0.0,0.0,0.0,0.0,0.0,0.0,0.0,0.0,0.0,0.0,1.0
11,11,0.0,0.0,0.0,0.0,0.0,0.0,0.0,0.0,0.0,0.0,0.0,1.0
11,11,0.0,0.0,0.0,0.0,0.0,0.0,0.0,0.0,0.0,0.0,0.0,1.0
11,11,0.0,0.0,0.0,0.0,0.0,0.0,0.0,0.0,0.0,0.0,0.0,1.0
11,11,0.0,0.0,0.0,0.0,0.0,0.0,0.0,0.0,0.0,0.0,0.0,1.0
11,11,0.0,0.0,0.0,0.0,0.0,0.0,0.0,0.0,0.0,0.0,0.0,1.0
11,11,0.0,0.0,0.0,0.0,0.0,0.0,0.0,0.0,0.0,0.0,0.0,1.0
11,11,0.0,0.0,0.0,0.0,0.0,0.0,0.0,0.0,0.0,0.0,0.0,1.0
11,11,0.0,0.0,0.0,0.0,0.0,0.0,0.0,0.0,0.0,0.0,0.0,1.0
11,11,0.0,0.0,0.0,0.0,0.0,0.0,0.0,0.0,0.0,0.0,0.0,1.0
11,11,0.0,0.0,0.0,0.0,0.0,0.0,0.0,0.0,0.0,0.0,0.0,1.0
11,11,0.0,0.0,0.0,0.0,0.0,0.0,0.0,0.0,0.0,0.0,0.0,1.0
11,11,0.0,0.0,0.0,0.0,0.0,0.0,0.0,0.0,0.0,0.0,0.0,1.0
11,11,0.0,0.0,0.0,0.0,0.0,0.0,0.0,0.0,0.0,0.0,0.0,1.0
11,11,0.0,0.0,0.0,0.0,0.0,0.0,0.0,0.0,0.0,0.0,0.0,1.0
11,11,0.0,0.0,0.0,0.0,0.0,0.0,0.0,0.0,0.0,0.0,0.0,1.0
11,11,0.0,0.0,0.0,0.0,0.0,0.0,0.0,0.0,0.0,0.0,0.0,1.0
11,11,0.0,0.0,0.0,0.0,0.0,0.0,0.0,0.0,0.0,0.0,0.0,1.0
11,11,0.0,0.0,0.0,0.0,0.0,0.0,0.0,0.0,0.0,0.0,0.0,1.0
11,11,0.0,0.0,0.0,0.0,0.0,0.0,0.0,0.0,0.0,0.0,0.0,1.0
11,11,0.0,0.0,0.0,0.0,0.0,0.0,0.0,0.0,0.0,0.0,0.0,1.0
11,11,0.0,0.0,0.0,0.0,0.0,0.0,0.0,0.0,0.0,0.0,0.0,1.0
11,11,0.0,0.0,0.0,0.0,0.0,0.0,0.0,0.0,0.0,0.0,0.0,1.0
11,11,0.0,0.0,0.0,0.0,0.0,0.0,0.0,0.0,0.0,0.0,0.0,1.0
11,11,0.0,0.0,0.0,0.0,0.0,0.0,0.0,0.0,0.0,0.0,0.0,1.0
11,11,0.0,0.0,0.0,0.0,0.0,0.0,0.0,0.0,0.0,0.0,0.0,1.0
11,11,0.0,0.0,0.0,0.0,0.0,0.0,0.0,0.0,0.0,0.0,0.0,1.0
11,11,0.0,0.0,0.0,0.0,0.0,0.0,0.0,0.0,0.0,0.0,0.0,1.0
11,11,0.0,0.0,0.0,0.0,0.0,0.0,0.0,0.0,0.0,0.0,0.0,1.0
11,11,0.0,0.0,0.0,0.0,0.0,0.0,0.0,0.0,0.0,0.0,0.0,1.0
11,11,0.0,0.0,0.0,0.0,0.0,0.0,0.0,0.0,0.0,0.0,0.0,1.0
11,11,0.0,0.0,0.0,0.0,0.0,0.0,0.0,0.0,0.0,0.0,0.0,1.0
11,11,0.0,0.0,0.0,0.0,0.0,0.0,0.0,0.0,0.0,0.0,0.0,1.0
11,11,0.0,0.0,0.0,0.0,0.0,0.0,0.0,0.0,0.0,0.0,0.0,1.0
11,11,0.0,0.0,0.0,0.0,0.0,0.0,0.0,0.0,0.0,0.0,0.0,1.0
11,11,0.0,0.0,0.0,0.0,0.0,0.0,0.0,0.0,0.0,0.0,0.0,1.0
11,11,0.0,0.0,0.0,0.0,0.0,0.0,0.0,0.0,0.0,0.0,0.0,1.0
11,11,0.0,0.0,0.0,0.0,0.0,0.0,0.0,0.0,0.0,0.0,0.0,1.0
11,11,0.0,0.0,0.0,0.0,0.0,0.0,0.0,0.0,0.0,0.0,0.0,1.0
11,11,0.0,0.0,0.0,0.0,0.0,0.0,0.0,0.0,0.0,0.0,0.0,1.0
11,11,0.0,0.0,0.0,0.0,0.0,0.0,0.0,0.0,0.0,0.0,0.0,1.0
11,11,0.0,0.0,0.0,0.0,0.0,0.0,0.0,0.0,0.0,0.0,0.0,1.0
11,11,0.0,0.0,0.0,0.0,0.0,0.0,0.0,0.0,0.0,0.0,0.0,1.0
11,11,0.0,0.0,0.0,0.0,0.0,0.0,0.0,0.0,0.0,0.0,0.0,1.0
11,11,0.0,0.0,0.0,0.0,0.0,0.0,0.0,0.0,0.0,0.0,0.0,1.0
11,11,0.0,0.0,0.0,0.0,0.0,0.0,0.0,0.0,0.0,0.0,0.0,1.0
11,11,0.0,0.0,0.0,0.0,0.0,0.0,0.0,0.0,0.0,0.0,0.0,1.0
11,11,0.0,0.0,0.0,0.0,0.0,0.0,0.0,0.0,0.0,0.0,0.0,1.0
11,11,0.0,0.0,0.0,0.0,0.0,0.0,0.0,0.0,0.0,0.0,0.0,1.0
11,11,0.0,0.0,0.0,0.0,0.0,0.0,0.0,0.0,0.0,0.0,0.0,1.0
11,11,0.0,0.0,0.0,0.0,0.0,0.0,0.0,0.0,0.0,0.0,0.0,1.0
11,11,0.0,0.0,0.0,0.0,0.0,0.0,0.0,0.0,0.0,0.0,0.0,1.0
11,11,0.0,0.0,0.0,0.0,0.0,0.0,0.0,0.0,0.0,0.0,0.0,1.0
11,11,0.0,0.0,0.0,0.0,0.0,0.0,0.0,0.0,0.0,0.0,0.0,1.0
11,11,0.0,0.0,0.0,0.0,0.0,0.0,0.0,0.0,0.0,0.0,0.0,1.0
11,11,0.0,0.0,0.0,0.0,0.0,0.0,0.0,0.0,0.0,0.0,0.0,1.0
11,11,0.0,0.0,0.0,0.0,0.0,0.0,0.0,0.0,0.0,0.0,0.0,1.0
11,11,0.0,0.0,0.0,0.0,0.0,0.0,0.0,0.0,0.0,0.0,0.0,1.0
11,11,0.0,0.0,0.0,0.0,0.0,0.0,0.0,0.0,0.0,0.0,0.0,1.0
11,11,0.0,0.0,0.0,0.0,0.0,0.0,0.0,0.0,0.0,0.0,0.0,1.0
11,11,0.0,0.0,0.0,0.0,0.0,0.0,0.0,0.0,0.0,0.0,0.0,1.0
11,11,0.0,0.0,0.0,0.0,0.0,0.0,0.0,0.0,0.0,0.0,0.0,1.0
11,11,0.0,0.0,0.0,0.0,0.0,0.0,0.0,0.0,0.0,0.0,0.0,1.0
11,11,0.0,0.0,0.0,0.0,0.0,0.0,0.0,0.0,0.0,0.0,0.0,1.0
11,11,0.0,0.0,0.0,0.0,0.0,0.0,0.0,0.0,0.0,0.0,0.0,1.0
11,11,0.0,0.0,0.0,0.0,0.0,0.0,0.0,0.0,0.0,0.0,0.0,1.0
11,11,0.0,0.0,0.0,0.0,0.0,0.0,0.0,0.0,0.0,0.0,0.0,1.0
11,11,0.0,0.0,0.0,0.0,0.0,0.0,0.0,0.0,0.0,0.0,0.0,1.0
11,11,0.0,0.0,0.0,0.0,0.0,0.0,0.0,0.0,0.0,0.0,0.0,1.0
11,11,0.0,0.0,0.0,0.0,0.0,0.0,0.0,0.0,0.0,0.0,0.0,1.0
11,11,0.0,0.0,0.0,0.0,0.0,0.0,0.0,0.0,0.0,0.0,0.0,1.0
11,11,0.0,0.0,0.0,0.0,0.0,0.0,0.0,0.0,0.0,0.0,0.0,1.0
11,11,0.0,0.0,0.0,0.0,0.0,0.0,0.0,0.0,0.0,0.0,0.0,1.0
11,11,0.0,0.0,0.0,0.0,0.0,0.0,0.0,0.0,0.0,0.0,0.0,1.0
11,11,0.0,0.0,0.0,0.0,0.0,0.0,0.0,0.0,0.0,0.0,0.0,1.0
11,11,0.0,0.0,0.0,0.0,0.0,0.0,0.0,0.0,0.0,0.0,0.0,1.0
11,11,0.0,0.0,0.0,0.0,0.0,0.0,0.0,0.0,0.0,0.0,0.0,1.0
11,11,0.0,0.0,0.0,0.0,0.0,0.0,0.0,0.0,0.0,0.0,0.0,1.0
11,11,0.0,0.0,0.0,0.0,0.0,0.0,0.0,0.0,0.0,0.0,0.0,1.0
11,11,0.0,0.0,0.0,0.0,0.0,0.0,0.0,0.0,0.0,0.0,0.0,1.0
11,11,0.0,0.0,0.0,0.0,0.0,0.0,0.0,0.0,0.0,0.0,0.0,1.0
11,11,0.0,0.0,0.0,0.0,0.0,0.0,0.0,0.0,0.0,0.0,0.0,1.0
11,11,0.0,0.0,0.0,0.0,0.0,0.0,0.0,0.0,0.0,0.0,0.0,1.0
11,11,0.0,0.0,0.0,0.0,0.0,0.0,0.0,0.0,0.0,0.0,0.0,1.0
11,11,0.0,0.0,0.0,0.0,0.0,0.0,0.0,0.0,0.0,0.0,0.0,1.0
11,11,0.0,0.0,0.0,0.0,0.0,0.0,0.0,0.0,0.0,0.0,0.0,1.0
11,11,0.0,0.0,0.0,0.0,0.0,0.0,0.0,0.0,0.0,0.0,0.0,1.0
11,11,0.0,0.0,0.0,0.0,0.0,0.0,0.0,0.0,0.0,0.0,0.0,1.0
11,11,0.0,0.0,0.0,0.0,0.0,0.0,0.0,0.0,0.0,0.0,0.0,1.0
11,11,0.0,0.0,0.0,0.0,0.0,0.0,0.0,0.0,0.0,0.0,0.0,1.0
11,11,0.0,0.0,0.0,0.0,0.0,0.0,0.0,0.0,0.0,0.0,0.0,1.0
11,11,0.0,0.0,0.0,0.0,0.0,0.0,0.0,0.0,0.0,0.0,0.0,1.0
11,11,0.0,0.0,0.0,0.0,0.0,0.0,0.0,0.0,0.0,0.0,0.0,1.0
11,11,0.0,0.0,0.0,0.0,0.0,0.0,0.0,0.0,0.0,0.0,0.0,1.0
11,11,0.0,0.0,0.0,0.0,0.0,0.0,0.0,0.0,0.0,0.0,0.0,1.0
11,11,0.0,0.0,0.0,0.0,0.0,0.0,0.0,0.0,0.0,0.0,0.0,1.0
11,11,0.0,0.0,0.0,0.0,0.0,0.0,0.0,0.0,0.0,0.0,0.0,1.0
11,11,0.0,0.0,0.0,0.0,0.0,0.0,0.0,0.0,0.0,0.0,0.0,1.0
11,11,0.0,0.0,0.0,0.0,0.0,0.0,0.0,0.0,0.0,0.0,0.0,1.0
11,11,0.0,0.0,0.0,0.0,0.0,0.0,0.0,0.0,0.0,0.0,0.0,1.0
11,11,0.0,0.0,0.0,0.0,0.0,0.0,0.0,0.0,0.0,0.0,0.0,1.0
11,11,0.0,0.0,0.0,0.0,0.0,0.0,0.0,0.0,0.0,0.0,0.0,1.0
11,11,0.0,0.0,0.0,0.0,0.0,0.0,0.0,0.0,0.0,0.0,0.0,1.0
11,11,0.0,0.0,0.0,0.0,0.0,0.0,0.0,0.0,0.0,0.0,0.0,1.0
11,11,0.0,0.0,0.0,0.0,0.0,0.0,0.0,0.0,0.0,0.0,0.0,1.0
11,11,0.0,0.0,0.0,0.0,0.0,0.0,0.0,0.0,0.0,0.0,0.0,1.0
11,11,0.0,0.0,0.0,0.0,0.0,0.0,0.0,0.0,0.0,0.0,0.0,1.0
11,11,0.0,0.0,0.0,0.0,0.0,0.0,0.0,0.0,0.0,0.0,0.0,1.0
11,11,0.0,0.0,0.0,0.0,0.0,0.0,0.0,0.0,0.0,0.0,0.0,1.0
11,11,0.0,0.0,0.0,0.0,0.0,0.0,0.0,0.0,0.0,0.0,0.0,1.0
11,11,0.0,0.0,0.0,0.0,0.0,0.0,0.0,0.0,0.0,0.0,0.0,1.0
11,11,0.0,0.0,0.0,0.0,0.0,0.0,0.0,0.0,0.0,0.0,0.0,1.0
11,11,0.0,0.0,0.0,0.0,0.0,0.0,0.0,0.0,0.0,0.0,0.0,1.0
11,11,0.0,0.0,0.0,0.0,0.0,0.0,0.0,0.0,0.0,0.0,0.0,1.0
11,11,0.0,0.0,0.0,0.0,0.0,0.0,0.0,0.0,0.0,0.0,0.0,1.0
11,11,0.0,0.0,0.0,0.0,0.0,0.0,0.0,0.0,0.0,0.0,0.0,1.0
11,11,0.0,0.0,0.0,0.0,0.0,0.0,0.0,0.0,0.0,0.0,0.0,1.0
11,11,0.0,0.0,0.0,0.0,0.0,0.0,0.0,0.0,0.0,0.0,0.0,1.0
11,11,0.0,0.0,0.0,0.0,0.0,0.0,0.0,0.0,0.0,0.0,0.0,1.0
11,11,0.0,0.0,0.0,0.0,0.0,0.0,0.0,0.0,0.0,0.0,0.0,1.0
11,11,0.0,0.0,0.0,0.0,0.0,0.0,0.0,0.0,0.0,0.0,0.0,1.0
11,11,0.0,0.0,0.0,0.0,0.0,0.0,0.0,0.0,0.0,0.0,0.0,1.0
11,11,0.0,0.0,0.0,0.0,0.0,0.0,0.0,0.0,0.0,0.0,0.0,1.0
11,11,0.0,0.0,0.0,0.0,0.0,0.0,0.0,0.0,0.0,0.0,0.0,1.0
11,11,0.0,0.0,0.0,0.0,0.0,0.0,0.0,0.0,0.0,0.0,0.0,1.0
11,11,0.0,0.0,0.0,0.0,0.0,0.0,0.0,0.0,0.0,0.0,0.0,1.0
11,11,0.0,0.0,0.0,0.0,0.0,0.0,0.0,0.0,0.0,0.0,0.0,1.0
11,11,0.0,0.0,0.0,0.0,0.0,0.0,0.0,0.0,0.0,0.0,0.0,1.0
11,11,0.0,0.0,0.0,0.0,0.0,0.0,0.0,0.0,0.0,0.0,0.0,1.0
11,11,0.0,0.0,0.0,0.0,0.0,0.0,0.0,0.0,0.0,0.0,0.0,1.0
11,11,0.0,0.0,0.0,0.0,0.0,0.0,0.0,0.0,0.0,0.0,0.0,1.0
11,11,0.0,0.0,0.0,0.0,0.0,0.0,0.0,0.0,0.0,0.0,0.0,1.0
11,11,0.0,0.0,0.0,0.0,0.0,0.0,0.0,0.0,0.0,0.0,0.0,1.0
11,11,0.0,0.0,0.0,0.0,0.0,0.0,0.0,0.0,0.0,0.0,0.0,1.0
11,11,0.0,0.0,0.0,0.0,0.0,0.0,0.0,0.0,0.0,0.0,0.0,1.0
11,11,0.0,0.0,0.0,0.0,0.0,0.0,0.0,0.0,0.0,0.0,0.0,1.0
11,11,0.0,0.0,0.0,0.0,0.0,0.0,0.0,0.0,0.0,0.0,0.0,1.0
11,11,0.0,0.0,0.0,0.0,0.0,0.0,0.0,0.0,0.0,0.0,0.0,1.0
11,11,0.0,0.0,0.0,0.0,0.0,0.0,0.0,0.0,0.0,0.0,0.0,1.0
11,11,0.0,0.0,0.0,0.0,0.0,0.0,0.0,0.0,0.0,0.0,0.0,1.0
11,11,0.0,0.0,0.0,0.0,0.0,0.0,0.0,0.0,0.0,0.0,0.0,1.0
11,11,0.0,0.0,0.0,0.0,0.0,0.0,0.0,0.0,0.0,0.0,0.0,1.0
11,11,0.0,0.0,0.0,0.0,0.0,0.0,0.0,0.0,0.0,0.0,0.0,1.0
11,11,0.0,0.0,0.0,0.0,0.0,0.0,0.0,0.0,0.0,0.0,0.0,1.0
11,11,0.0,0.0,0.0,0.0,0.0,0.0,0.0,0.0,0.0,0.0,0.0,1.0
11,11,0.0,0.0,0.0,0.0,0.0,0.0,0.0,0.0,0.0,0.0,0.0,1.0
11,11,0.0,0.0,0.0,0.0,0.0,0.0,0.0,0.0,0.0,0.0,0.0,1.0
11,11,0.0,0.0,0.0,0.0,0.0,0.0,0.0,0.0,0.0,0.0,0.0,1.0
11,11,0.0,0.0,0.0,0.0,0.0,0.0,0.0,0.0,0.0,0.0,0.0,1.0
11,11,0.0,0.0,0.0,0.0,0.0,0.0,0.0,0.0,0.0,0.0,0.0,1.0
11,11,0.0,0.0,0.0,0.0,0.0,0.0,0.0,0.0,0.0,0.0,0.0,1.0
11,11,0.0,0.0,0.0,0.0,0.0,0.0,0.0,0.0,0.0,0.0,0.0,1.0
11,11,0.0,0.0,0.0,0.0,0.0,0.0,0.0,0.0,0.0,0.0,0.0,1.0
11,11,0.0,0.0,0.0,0.0,0.0,0.0,0.0,0.0,0.0,0.0,0.0,1.0
11,11,0.0,0.0,0.0,0.0,0.0,0.0,0.0,0.0,0.0,0.0,0.0,1.0
11,11,0.0,0.0,0.0,0.0,0.0,0.0,0.0,0.0,0.0,0.0,0.0,1.0
11,11,0.0,0.0,0.0,0.0,0.0,0.0,0.0,0.0,0.0,0.0,0.0,1.0
11,11,0.0,0.0,0.0,0.0,0.0,0.0,0.0,0.0,0.0,0.0,0.0,1.0
11,11,0.0,0.0,0.0,0.0,0.0,0.0,0.0,0.0,0.0,0.0,0.0,1.0
11,11,0.0,0.0,0.0,0.0,0.0,0.0,0.0,0.0,0.0,0.0,0.0,1.0
11,11,0.0,0.0,0.0,0.0,0.0,0.0,0.0,0.0,0.0,0.0,0.0,1.0
11,11,0.0,0.0,0.0,0.0,0.0,0.0,0.0,0.0,0.0,0.0,0.0,1.0
11,11,0.0,0.0,0.0,0.0,0.0,0.0,0.0,0.0,0.0,0.0,0.0,1.0
11,11,0.0,0.0,0.0,0.0,0.0,0.0,0.0,0.0,0.0,0.0,0.0,1.0
11,11,0.0,0.0,0.0,0.0,0.0,0.0,0.0,0.0,0.0,0.0,0.0,1.0
11,11,0.0,0.0,0.0,0.0,0.0,0.0,0.0,0.0,0.0,0.0,0.0,1.0
11,11,0.0,0.0,0.0,0.0,0.0,0.0,0.0,0.0,0.0,0.0,0.0,1.0
11,11,0.0,0.0,0.0,0.0,0.0,0.0,0.0,0.0,0.0,0.0,0.0,1.0
11,11,0.0,0.0,0.0,0.0,0.0,0.0,0.0,0.0,0.0,0.0,0.0,1.0
11,11,0.0,0.0,0.0,0.0,0.0,0.0,0.0,0.0,0.0,0.0,0.0,1.0
11,11,0.0,0.0,0.0,0.0,0.0,0.0,0.0,0.0,0.0,0.0,0.0,1.0
11,11,0.0,0.0,0.0,0.0,0.0,0.0,0.0,0.0,0.0,0.0,0.0,1.0
11,11,0.0,0.0,0.0,0.0,0.0,0.0,0.0,0.0,0.0,0.0,0.0,1.0
11,11,0.0,0.0,0.0,0.0,0.0,0.0,0.0,0.0,0.0,0.0,0.0,1.0
11,11,0.0,0.0,0.0,0.0,0.0,0.0,0.0,0.0,0.0,0.0,0.0,1.0
11,11,0.0,0.0,0.0,0.0,0.0,0.0,0.0,0.0,0.0,0.0,0.0,1.0
11,11,0.0,0.0,0.0,0.0,0.0,0.0,0.0,0.0,0.0,0.0,0.0,1.0
11,11,0.0,0.0,0.0,0.0,0.0,0.0,0.0,0.0,0.0,0.0,0.0,1.0
11,11,0.0,0.0,0.0,0.0,0.0,0.0,0.0,0.0,0.0,0.0,0.0,1.0
11,11,0.0,0.0,0.0,0.0,0.0,0.0,0.0,0.0,0.0,0.0,0.0,1.0
11,11,0.0,0.0,0.0,0.0,0.0,0.0,0.0,0.0,0.0,0.0,0.0,1.0
11,11,0.0,0.0,0.0,0.0,0.0,0.0,0.0,0.0,0.0,0.0,0.0,1.0
11,11,0.0,0.0,0.0,0.0,0.0,0.0,0.0,0.0,0.0,0.0,0.0,1.0
11,11,0.0,0.0,0.0,0.0,0.0,0.0,0.0,0.0,0.0,0.0,0.0,1.0
12,11,0.0,0.0,0.0,0.0,0.0,0.0,0.0,0.0,0.0,0.0,0.0,1.0
12,11,0.0,0.0,0.0,0.0,0.0,0.0,0.0,0.0,0.0,0.0,0.0,1.0
12,11,0.0,0.0,0.0,0.0,0.0,0.0,0.0,0.0,0.0,0.0,0.0,1.0
12,11,0.0,0.0,0.0,0.0,0.0,0.0,0.0,0.0,0.0,0.0,0.0,1.0
12,11,0.0,0.0,0.0,0.0,0.0,0.0,0.0,0.0,0.0,0.0,0.0,1.0
12,11,0.0,0.0,0.0,0.0,0.0,0.0,0.0,0.0,0.0,0.0,0.0,1.0
12,11,0.0,0.0,0.0,0.0,0.0,0.0,0.0,0.0,0.0,0.0,0.0,1.0
12,11,0.0,0.0,0.0,0.0,0.0,0.0,0.0,0.0,0.0,0.0,0.0,1.0
12,11,0.0,0.0,0.0,0.0,0.0,0.0,0.0,0.0,0.0,0.0,0.0,1.0
12,11,0.0,0.0,0.0,0.0,0.0,0.0,0.0,0.0,0.0,0.0,0.0,1.0
12,11,0.0,0.0,0.0,0.0,0.0,0.0,0.0,0.0,0.0,0.0,0.0,1.0
12,11,0.0,0.0,0.0,0.0,0.0,0.0,0.0,0.0,0.0,0.0,0.0,1.0
12,11,0.0,0.0,0.0,0.0,0.0,0.0,0.0,0.0,0.0,0.0,0.0,1.0
12,11,0.0,0.0,0.0,0.0,0.0,0.0,0.0,0.0,0.0,0.0,0.0,1.0
12,11,0.0,0.0,0.0,0.0,0.0,0.0,0.0,0.0,0.0,0.0,0.0,1.0
12,11,0.0,0.0,0.0,0.0,0.0,0.0,0.0,0.0,0.0,0.0,0.0,1.0
12,11,0.0,0.0,0.0,0.0,0.0,0.0,0.0,0.0,0.0,0.0,0.0,1.0
12,11,0.0,0.0,0.0,0.0,0.0,0.0,0.0,0.0,0.0,0.0,0.0,1.0
12,11,0.0,0.0,0.0,0.0,0.0,0.0,0.0,0.0,0.0,0.0,0.0,1.0
12,11,0.0,0.0,0.0,0.0,0.0,0.0,0.0,0.0,0.0,0.0,0.0,1.0
12,11,0.0,0.0,0.0,0.0,0.0,0.0,0.0,0.0,0.0,0.0,0.0,1.0
12,11,0.0,0.0,0.0,0.0,0.0,0.0,0.0,0.0,0.0,0.0,0.0,1.0
12,11,0.0,0.0,0.0,0.0,0.0,0.0,0.0,0.0,0.0,0.0,0.0,1.0
12,11,0.0,0.0,0.0,0.0,0.0,0.0,0.0,0.0,0.0,0.0,0.0,1.0
12,11,0.0,0.0,0.0,0.0,0.0,0.0,0.0,0.0,0.0,0.0,0.0,1.0
12,11,0.0,0.0,0.0,0.0,0.0,0.0,0.0,0.0,0.0,0.0,0.0,1.0
12,11,0.0,0.0,0.0,0.0,0.0,0.0,0.0,0.0,0.0,0.0,0.0,1.0
12,11,0.0,0.0,0.0,0.0,0.0,0.0,0.0,0.0,0.0,0.0,0.0,1.0
12,11,0.0,0.0,0.0,0.0,0.0,0.0,0.0,0.0,0.0,0.0,0.0,1.0
12,11,0.0,0.0,0.0,0.0,0.0,0.0,0.0,0.0,0.0,0.0,0.0,1.0
12,11,0.0,0.0,0.0,0.0,0.0,0.0,0.0,0.0,0.0,0.0,0.0,1.0
12,11,0.0,0.0,0.0,0.0,0.0,0.0,0.0,0.0,0.0,0.0,0.0,1.0
12,11,0.0,0.0,0.0,0.0,0.0,0.0,0.0,0.0,0.0,0.0,0.0,1.0
12,11,0.0,0.0,0.0,0.0,0.0,0.0,0.0,0.0,0.0,0.0,0.0,1.0
12,11,0.0,0.0,0.0,0.0,0.0,0.0,0.0,0.0,0.0,0.0,0.0,1.0
12,11,0.0,0.0,0.0,0.0,0.0,0.0,0.0,0.0,0.0,0.0,0.0,1.0
12,11,0.0,0.0,0.0,0.0,0.0,0.0,0.0,0.0,0.0,0.0,0.0,1.0
12,11,0.0,0.0,0.0,0.0,0.0,0.0,0.0,0.0,0.0,0.0,0.0,1.0
12,11,0.0,0.0,0.0,0.0,0.0,0.0,0.0,0.0,0.0,0.0,0.0,1.0
12,11,0.0,0.0,0.0,0.0,0.0,0.0,0.0,0.0,0.0,0.0,0.0,1.0
12,11,0.0,0.0,0.0,0.0,0.0,0.0,0.0,0.0,0.0,0.0,0.0,1.0
12,11,0.0,0.0,0.0,0.0,0.0,0.0,0.0,0.0,0.0,0.0,0.0,1.0
12,11,0.0,0.0,0.0,0.0,0.0,0.0,0.0,0.0,0.0,0.0,0.0,1.0
12,11,0.0,0.0,0.0,0.0,0.0,0.0,0.0,0.0,0.0,0.0,0.0,1.0
12,11,0.0,0.0,0.0,0.0,0.0,0.0,0.0,0.0,0.0,0.0,0.0,1.0
12,11,0.0,0.0,0.0,0.0,0.0,0.0,0.0,0.0,0.0,0.0,0.0,1.0
12,11,0.0,0.0,0.0,0.0,0.0,0.0,0.0,0.0,0.0,0.0,0.0,1.0
12,11,0.0,0.0,0.0,0.0,0.0,0.0,0.0,0.0,0.0,0.0,0.0,1.0
12,11,0.0,0.0,0.0,0.0,0.0,0.0,0.0,0.0,0.0,0.0,0.0,1.0
12,11,0.0,0.0,0.0,0.0,0.0,0.0,0.0,0.0,0.0,0.0,0.0,1.0
12,11,0.0,0.0,0.0,0.0,0.0,0.0,0.0,0.0,0.0,0.0,0.0,1.0
12,11,0.0,0.0,0.0,0.0,0.0,0.0,0.0,0.0,0.0,0.0,0.0,1.0
12,11,0.0,0.0,0.0,0.0,0.0,0.0,0.0,0.0,0.0,0.0,0.0,1.0
12,11,0.0,0.0,0.0,0.0,0.0,0.0,0.0,0.0,0.0,0.0,0.0,1.0
12,11,0.0,0.0,0.0,0.0,0.0,0.0,0.0,0.0,0.0,0.0,0.0,1.0
12,11,0.0,0.0,0.0,0.0,0.0,0.0,0.0,0.0,0.0,0.0,0.0,1.0
12,11,0.0,0.0,0.0,0.0,0.0,0.0,0.0,0.0,0.0,0.0,0.0,1.0
12,11,0.0,0.0,0.0,0.0,0.0,0.0,0.0,0.0,0.0,0.0,0.0,1.0
12,11,0.0,0.0,0.0,0.0,0.0,0.0,0.0,0.0,0.0,0.0,0.0,1.0
12,11,0.0,0.0,0.0,0.0,0.0,0.0,0.0,0.0,0.0,0.0,0.0,1.0
12,11,0.0,0.0,0.0,0.0,0.0,0.0,0.0,0.0,0.0,0.0,0.0,1.0
12,11,0.0,0.0,0.0,0.0,0.0,0.0,0.0,0.0,0.0,0.0,0.0,1.0
12,11,0.0,0.0,0.0,0.0,0.0,0.0,0.0,0.0,0.0,0.0,0.0,1.0
12,11,0.0,0.0,0.0,0.0,0.0,0.0,0.0,0.0,0.0,0.0,0.0,1.0
12,11,0.0,0.0,0.0,0.0,0.0,0.0,0.0,0.0,0.0,0.0,0.0,1.0
12,11,0.0,0.0,0.0,0.0,0.0,0.0,0.0,0.0,0.0,0.0,0.0,1.0
12,11,0.0,0.0,0.0,0.0,0.0,0.0,0.0,0.0,0.0,0.0,0.0,1.0
12,11,0.0,0.0,0.0,0.0,0.0,0.0,0.0,0.0,0.0,0.0,0.0,1.0
12,11,0.0,0.0,0.0,0.0,0.0,0.0,0.0,0.0,0.0,0.0,0.0,1.0
12,11,0.0,0.0,0.0,0.0,0.0,0.0,0.0,0.0,0.0,0.0,0.0,1.0
12,11,0.0,0.0,0.0,0.0,0.0,0.0,0.0,0.0,0.0,0.0,0.0,1.0
12,11,0.0,0.0,0.0,0.0,0.0,0.0,0.0,0.0,0.0,0.0,0.0,1.0
12,11,0.0,0.0,0.0,0.0,0.0,0.0,0.0,0.0,0.0,0.0,0.0,1.0
12,11,0.0,0.0,0.0,0.0,0.0,0.0,0.0,0.0,0.0,0.0,0.0,1.0
12,11,0.0,0.0,0.0,0.0,0.0,0.0,0.0,0.0,0.0,0.0,0.0,1.0
12,11,0.0,0.0,0.0,0.0,0.0,0.0,0.0,0.0,0.0,0.0,0.0,1.0
12,11,0.0,0.0,0.0,0.0,0.0,0.0,0.0,0.0,0.0,0.0,0.0,1.0
12,11,0.0,0.0,0.0,0.0,0.0,0.0,0.0,0.0,0.0,0.0,0.0,1.0
12,11,0.0,0.0,0.0,0.0,0.0,0.0,0.0,0.0,0.0,0.0,0.0,1.0
12,11,0.0,0.0,0.0,0.0,0.0,0.0,0.0,0.0,0.0,0.0,0.0,1.0
12,11,0.0,0.0,0.0,0.0,0.0,0.0,0.0,0.0,0.0,0.0,0.0,1.0
12,11,0.0,0.0,0.0,0.0,0.0,0.0,0.0,0.0,0.0,0.0,0.0,1.0
12,11,0.0,0.0,0.0,0.0,0.0,0.0,0.0,0.0,0.0,0.0,0.0,1.0
12,11,0.0,0.0,0.0,0.0,0.0,0.0,0.0,0.0,0.0,0.0,0.0,1.0
12,11,0.0,0.0,0.0,0.0,0.0,0.0,0.0,0.0,0.0,0.0,0.0,1.0
12,11,0.0,0.0,0.0,0.0,0.0,0.0,0.0,0.0,0.0,0.0,0.0,1.0
12,11,0.0,0.0,0.0,0.0,0.0,0.0,0.0,0.0,0.0,0.0,0.0,1.0
12,11,0.0,0.0,0.0,0.0,0.0,0.0,0.0,0.0,0.0,0.0,0.0,1.0
12,11,0.0,0.0,0.0,0.0,0.0,0.0,0.0,0.0,0.0,0.0,0.0,1.0
12,11,0.0,0.0,0.0,0.0,0.0,0.0,0.0,0.0,0.0,0.0,0.0,1.0
12,11,0.0,0.0,0.0,0.0,0.0,0.0,0.0,0.0,0.0,0.0,0.0,1.0
12,11,0.0,0.0,0.0,0.0,0.0,0.0,0.0,0.0,0.0,0.0,0.0,1.0
12,11,0.0,0.0,0.0,0.0,0.0,0.0,0.0,0.0,0.0,0.0,0.0,1.0
12,11,0.0,0.0,0.0,0.0,0.0,0.0,0.0,0.0,0.0,0.0,0.0,1.0
12,11,0.0,0.0,0.0,0.0,0.0,0.0,0.0,0.0,0.0,0.0,0.0,1.0
12,11,0.0,0.0,0.0,0.0,0.0,0.0,0.0,0.0,0.0,0.0,0.0,1.0
12,11,0.0,0.0,0.0,0.0,0.0,0.0,0.0,0.0,0.0,0.0,0.0,1.0
12,11,0.0,0.0,0.0,0.0,0.0,0.0,0.0,0.0,0.0,0.0,0.0,1.0
12,11,0.0,0.0,0.0,0.0,0.0,0.0,0.0,0.0,0.0,0.0,0.0,1.0
12,11,0.0,0.0,0.0,0.0,0.0,0.0,0.0,0.0,0.0,0.0,0.0,1.0
12,11,0.0,0.0,0.0,0.0,0.0,0.0,0.0,0.0,0.0,0.0,0.0,1.0
12,11,0.0,0.0,0.0,0.0,0.0,0.0,0.0,0.0,0.0,0.0,0.0,1.0
12,11,0.0,0.0,0.0,0.0,0.0,0.0,0.0,0.0,0.0,0.0,0.0,1.0
12,11,0.0,0.0,0.0,0.0,0.0,0.0,0.0,0.0,0.0,0.0,0.0,1.0
12,11,0.0,0.0,0.0,0.0,0.0,0.0,0.0,0.0,0.0,0.0,0.0,1.0
12,11,0.0,0.0,0.0,0.0,0.0,0.0,0.0,0.0,0.0,0.0,0.0,1.0
12,11,0.0,0.0,0.0,0.0,0.0,0.0,0.0,0.0,0.0,0.0,0.0,1.0
12,11,0.0,0.0,0.0,0.0,0.0,0.0,0.0,0.0,0.0,0.0,0.0,1.0
12,11,0.0,0.0,0.0,0.0,0.0,0.0,0.0,0.0,0.0,0.0,0.0,1.0
12,11,0.0,0.0,0.0,0.0,0.0,0.0,0.0,0.0,0.0,0.0,0.0,1.0
12,11,0.0,0.0,0.0,0.0,0.0,0.0,0.0,0.0,0.0,0.0,0.0,1.0
12,11,0.0,0.0,0.0,0.0,0.0,0.0,0.0,0.0,0.0,0.0,0.0,1.0
12,11,0.0,0.0,0.0,0.0,0.0,0.0,0.0,0.0,0.0,0.0,0.0,1.0
12,11,0.0,0.0,0.0,0.0,0.0,0.0,0.0,0.0,0.0,0.0,0.0,1.0
12,11,0.0,0.0,0.0,0.0,0.0,0.0,0.0,0.0,0.0,0.0,0.0,1.0
12,11,0.0,0.0,0.0,0.0,0.0,0.0,0.0,0.0,0.0,0.0,0.0,1.0
12,11,0.0,0.0,0.0,0.0,0.0,0.0,0.0,0.0,0.0,0.0,0.0,1.0
12,11,0.0,0.0,0.0,0.0,0.0,0.0,0.0,0.0,0.0,0.0,0.0,1.0
12,11,0.0,0.0,0.0,0.0,0.0,0.0,0.0,0.0,0.0,0.0,0.0,1.0
12,11,0.0,0.0,0.0,0.0,0.0,0.0,0.0,0.0,0.0,0.0,0.0,1.0
12,11,0.0,0.0,0.0,0.0,0.0,0.0,0.0,0.0,0.0,0.0,0.0,1.0
12,11,0.0,0.0,0.0,0.0,0.0,0.0,0.0,0.0,0.0,0.0,0.0,1.0
12,11,0.0,0.0,0.0,0.0,0.0,0.0,0.0,0.0,0.0,0.0,0.0,1.0
12,11,0.0,0.0,0.0,0.0,0.0,0.0,0.0,0.0,0.0,0.0,0.0,1.0
12,11,0.0,0.0,0.0,0.0,0.0,0.0,0.0,0.0,0.0,0.0,0.0,1.0
12,11,0.0,0.0,0.0,0.0,0.0,0.0,0.0,0.0,0.0,0.0,0.0,1.0
12,11,0.0,0.0,0.0,0.0,0.0,0.0,0.0,0.0,0.0,0.0,0.0,1.0
12,11,0.0,0.0,0.0,0.0,0.0,0.0,0.0,0.0,0.0,0.0,0.0,1.0
12,11,0.0,0.0,0.0,0.0,0.0,0.0,0.0,0.0,0.0,0.0,0.0,1.0
12,11,0.0,0.0,0.0,0.0,0.0,0.0,0.0,0.0,0.0,0.0,0.0,1.0
12,11,0.0,0.0,0.0,0.0,0.0,0.0,0.0,0.0,0.0,0.0,0.0,1.0
12,11,0.0,0.0,0.0,0.0,0.0,0.0,0.0,0.0,0.0,0.0,0.0,1.0
12,11,0.0,0.0,0.0,0.0,0.0,0.0,0.0,0.0,0.0,0.0,0.0,1.0
12,11,0.0,0.0,0.0,0.0,0.0,0.0,0.0,0.0,0.0,0.0,0.0,1.0
12,11,0.0,0.0,0.0,0.0,0.0,0.0,0.0,0.0,0.0,0.0,0.0,1.0
12,11,0.0,0.0,0.0,0.0,0.0,0.0,0.0,0.0,0.0,0.0,0.0,1.0
12,11,0.0,0.0,0.0,0.0,0.0,0.0,0.0,0.0,0.0,0.0,0.0,1.0
12,11,0.0,0.0,0.0,0.0,0.0,0.0,0.0,0.0,0.0,0.0,0.0,1.0
12,11,0.0,0.0,0.0,0.0,0.0,0.0,0.0,0.0,0.0,0.0,0.0,1.0
12,11,0.0,0.0,0.0,0.0,0.0,0.0,0.0,0.0,0.0,0.0,0.0,1.0
12,11,0.0,0.0,0.0,0.0,0.0,0.0,0.0,0.0,0.0,0.0,0.0,1.0
12,11,0.0,0.0,0.0,0.0,0.0,0.0,0.0,0.0,0.0,0.0,0.0,1.0
12,11,0.0,0.0,0.0,0.0,0.0,0.0,0.0,0.0,0.0,0.0,0.0,1.0
12,11,0.0,0.0,0.0,0.0,0.0,0.0,0.0,0.0,0.0,0.0,0.0,1.0
12,11,0.0,0.0,0.0,0.0,0.0,0.0,0.0,0.0,0.0,0.0,0.0,1.0
12,11,0.0,0.0,0.0,0.0,0.0,0.0,0.0,0.0,0.0,0.0,0.0,1.0
12,11,0.0,0.0,0.0,0.0,0.0,0.0,0.0,0.0,0.0,0.0,0.0,1.0
12,11,0.0,0.0,0.0,0.0,0.0,0.0,0.0,0.0,0.0,0.0,0.0,1.0
12,11,0.0,0.0,0.0,0.0,0.0,0.0,0.0,0.0,0.0,0.0,0.0,1.0
12,11,0.0,0.0,0.0,0.0,0.0,0.0,0.0,0.0,0.0,0.0,0.0,1.0
12,11,0.0,0.0,0.0,0.0,0.0,0.0,0.0,0.0,0.0,0.0,0.0,1.0
12,11,0.0,0.0,0.0,0.0,0.0,0.0,0.0,0.0,0.0,0.0,0.0,1.0
12,11,0.0,0.0,0.0,0.0,0.0,0.0,0.0,0.0,0.0,0.0,0.0,1.0
12,11,0.0,0.0,0.0,0.0,0.0,0.0,0.0,0.0,0.0,0.0,0.0,1.0
12,11,0.0,0.0,0.0,0.0,0.0,0.0,0.0,0.0,0.0,0.0,0.0,1.0
12,11,0.0,0.0,0.0,0.0,0.0,0.0,0.0,0.0,0.0,0.0,0.0,1.0
12,11,0.0,0.0,0.0,0.0,0.0,0.0,0.0,0.0,0.0,0.0,0.0,1.0
12,11,0.0,0.0,0.0,0.0,0.0,0.0,0.0,0.0,0.0,0.0,0.0,1.0
12,11,0.0,0.0,0.0,0.0,0.0,0.0,0.0,0.0,0.0,0.0,0.0,1.0
12,11,0.0,0.0,0.0,0.0,0.0,0.0,0.0,0.0,0.0,0.0,0.0,1.0
12,11,0.0,0.0,0.0,0.0,0.0,0.0,0.0,0.0,0.0,0.0,0.0,1.0
12,11,0.0,0.0,0.0,0.0,0.0,0.0,0.0,0.0,0.0,0.0,0.0,1.0
12,11,0.0,0.0,0.0,0.0,0.0,0.0,0.0,0.0,0.0,0.0,0.0,1.0
12,11,0.0,0.0,0.0,0.0,0.0,0.0,0.0,0.0,0.0,0.0,0.0,1.0
12,11,0.0,0.0,0.0,0.0,0.0,0.0,0.0,0.0,0.0,0.0,0.0,1.0
12,11,0.0,0.0,0.0,0.0,0.0,0.0,0.0,0.0,0.0,0.0,0.0,1.0
12,11,0.0,0.0,0.0,0.0,0.0,0.0,0.0,0.0,0.0,0.0,0.0,1.0
12,11,0.0,0.0,0.0,0.0,0.0,0.0,0.0,0.0,0.0,0.0,0.0,1.0
12,11,0.0,0.0,0.0,0.0,0.0,0.0,0.0,0.0,0.0,0.0,0.0,1.0
12,11,0.0,0.0,0.0,0.0,0.0,0.0,0.0,0.0,0.0,0.0,0.0,1.0
12,11,0.0,0.0,0.0,0.0,0.0,0.0,0.0,0.0,0.0,0.0,0.0,1.0
12,11,0.0,0.0,0.0,0.0,0.0,0.0,0.0,0.0,0.0,0.0,0.0,1.0
12,11,0.0,0.0,0.0,0.0,0.0,0.0,0.0,0.0,0.0,0.0,0.0,1.0
12,11,0.0,0.0,0.0,0.0,0.0,0.0,0.0,0.0,0.0,0.0,0.0,1.0
12,11,0.0,0.0,0.0,0.0,0.0,0.0,0.0,0.0,0.0,0.0,0.0,1.0
12,11,0.0,0.0,0.0,0.0,0.0,0.0,0.0,0.0,0.0,0.0,0.0,1.0
12,11,0.0,0.0,0.0,0.0,0.0,0.0,0.0,0.0,0.0,0.0,0.0,1.0
12,11,0.0,0.0,0.0,0.0,0.0,0.0,0.0,0.0,0.0,0.0,0.0,1.0
12,11,0.0,0.0,0.0,0.0,0.0,0.0,0.0,0.0,0.0,0.0,0.0,1.0
12,11,0.0,0.0,0.0,0.0,0.0,0.0,0.0,0.0,0.0,0.0,0.0,1.0
12,11,0.0,0.0,0.0,0.0,0.0,0.0,0.0,0.0,0.0,0.0,0.0,1.0
12,11,0.0,0.0,0.0,0.0,0.0,0.0,0.0,0.0,0.0,0.0,0.0,1.0
12,11,0.0,0.0,0.0,0.0,0.0,0.0,0.0,0.0,0.0,0.0,0.0,1.0
12,11,0.0,0.0,0.0,0.0,0.0,0.0,0.0,0.0,0.0,0.0,0.0,1.0
12,11,0.0,0.0,0.0,0.0,0.0,0.0,0.0,0.0,0.0,0.0,0.0,1.0
12,11,0.0,0.0,0.0,0.0,0.0,0.0,0.0,0.0,0.0,0.0,0.0,1.0
12,11,0.0,0.0,0.0,0.0,0.0,0.0,0.0,0.0,0.0,0.0,0.0,1.0
12,11,0.0,0.0,0.0,0.0,0.0,0.0,0.0,0.0,0.0,0.0,0.0,1.0
12,11,0.0,0.0,0.0,0.0,0.0,0.0,0.0,0.0,0.0,0.0,0.0,1.0
12,11,0.0,0.0,0.0,0.0,0.0,0.0,0.0,0.0,0.0,0.0,0.0,1.0
12,11,0.0,0.0,0.0,0.0,0.0,0.0,0.0,0.0,0.0,0.0,0.0,1.0
12,11,0.0,0.0,0.0,0.0,0.0,0.0,0.0,0.0,0.0,0.0,0.0,1.0
12,11,0.0,0.0,0.0,0.0,0.0,0.0,0.0,0.0,0.0,0.0,0.0,1.0
12,11,0.0,0.0,0.0,0.0,0.0,0.0,0.0,0.0,0.0,0.0,0.0,1.0
12,11,0.0,0.0,0.0,0.0,0.0,0.0,0.0,0.0,0.0,0.0,0.0,1.0
12,11,0.0,0.0,0.0,0.0,0.0,0.0,0.0,0.0,0.0,0.0,0.0,1.0
12,11,0.0,0.0,0.0,0.0,0.0,0.0,0.0,0.0,0.0,0.0,0.0,1.0
12,11,0.0,0.0,0.0,0.0,0.0,0.0,0.0,0.0,0.0,0.0,0.0,1.0
12,11,0.0,0.0,0.0,0.0,0.0,0.0,0.0,0.0,0.0,0.0,0.0,1.0
12,11,0.0,0.0,0.0,0.0,0.0,0.0,0.0,0.0,0.0,0.0,0.0,1.0
12,11,0.0,0.0,0.0,0.0,0.0,0.0,0.0,0.0,0.0,0.0,0.0,1.0
12,11,0.0,0.0,0.0,0.0,0.0,0.0,0.0,0.0,0.0,0.0,0.0,1.0
12,11,0.0,0.0,0.0,0.0,0.0,0.0,0.0,0.0,0.0,0.0,0.0,1.0
12,11,0.0,0.0,0.0,0.0,0.0,0.0,0.0,0.0,0.0,0.0,0.0,1.0
12,11,0.0,0.0,0.0,0.0,0.0,0.0,0.0,0.0,0.0,0.0,0.0,1.0
12,11,0.0,0.0,0.0,0.0,0.0,0.0,0.0,0.0,0.0,0.0,0.0,1.0
12,11,0.0,0.0,0.0,0.0,0.0,0.0,0.0,0.0,0.0,0.0,0.0,1.0
12,11,0.0,0.0,0.0,0.0,0.0,0.0,0.0,0.0,0.0,0.0,0.0,1.0
12,11,0.0,0.0,0.0,0.0,0.0,0.0,0.0,0.0,0.0,0.0,0.0,1.0
12,11,0.0,0.0,0.0,0.0,0.0,0.0,0.0,0.0,0.0,0.0,0.0,1.0
12,11,0.0,0.0,0.0,0.0,0.0,0.0,0.0,0.0,0.0,0.0,0.0,1.0
12,11,0.0,0.0,0.0,0.0,0.0,0.0,0.0,0.0,0.0,0.0,0.0,1.0
12,11,0.0,0.0,0.0,0.0,0.0,0.0,0.0,0.0,0.0,0.0,0.0,1.0
12,11,0.0,0.0,0.0,0.0,0.0,0.0,0.0,0.0,0.0,0.0,0.0,1.0
12,11,0.0,0.0,0.0,0.0,0.0,0.0,0.0,0.0,0.0,0.0,0.0,1.0
12,11,0.0,0.0,0.0,0.0,0.0,0.0,0.0,0.0,0.0,0.0,0.0,1.0
12,11,0.0,0.0,0.0,0.0,0.0,0.0,0.0,0.0,0.0,0.0,0.0,1.0
12,11,0.0,0.0,0.0,0.0,0.0,0.0,0.0,0.0,0.0,0.0,0.0,1.0
12,11,0.0,0.0,0.0,0.0,0.0,0.0,0.0,0.0,0.0,0.0,0.0,1.0
12,11,0.0,0.0,0.0,0.0,0.0,0.0,0.0,0.0,0.0,0.0,0.0,1.0
12,11,0.0,0.0,0.0,0.0,0.0,0.0,0.0,0.0,0.0,0.0,0.0,1.0
12,11,0.0,0.0,0.0,0.0,0.0,0.0,0.0,0.0,0.0,0.0,0.0,1.0
12,11,0.0,0.0,0.0,0.0,0.0,0.0,0.0,0.0,0.0,0.0,0.0,1.0
12,11,0.0,0.0,0.0,0.0,0.0,0.0,0.0,0.0,0.0,0.0,0.0,1.0
12,11,0.0,0.0,0.0,0.0,0.0,0.0,0.0,0.0,0.0,0.0,0.0,1.0
12,11,0.0,0.0,0.0,0.0,0.0,0.0,0.0,0.0,0.0,0.0,0.0,1.0
12,11,0.0,0.0,0.0,0.0,0.0,0.0,0.0,0.0,0.0,0.0,0.0,1.0
12,11,0.0,0.0,0.0,0.0,0.0,0.0,0.0,0.0,0.0,0.0,0.0,1.0
12,11,0.0,0.0,0.0,0.0,0.0,0.0,0.0,0.0,0.0,0.0,0.0,1.0
12,11,0.0,0.0,0.0,0.0,0.0,0.0,0.0,0.0,0.0,0.0,0.0,1.0
12,11,0.0,0.0,0.0,0.0,0.0,0.0,0.0,0.0,0.0,0.0,0.0,1.0
12,11,0.0,0.0,0.0,0.0,0.0,0.0,0.0,0.0,0.0,0.0,0.0,1.0
12,11,0.0,0.0,0.0,0.0,0.0,0.0,0.0,0.0,0.0,0.0,0.0,1.0
12,11,0.0,0.0,0.0,0.0,0.0,0.0,0.0,0.0,0.0,0.0,0.0,1.0
12,11,0.0,0.0,0.0,0.0,0.0,0.0,0.0,0.0,0.0,0.0,0.0,1.0
12,11,0.0,0.0,0.0,0.0,0.0,0.0,0.0,0.0,0.0,0.0,0.0,1.0
12,11,0.0,0.0,0.0,0.0,0.0,0.0,0.0,0.0,0.0,0.0,0.0,1.0
12,11,0.0,0.0,0.0,0.0,0.0,0.0,0.0,0.0,0.0,0.0,0.0,1.0
12,11,0.0,0.0,0.0,0.0,0.0,0.0,0.0,0.0,0.0,0.0,0.0,1.0
12,11,0.0,0.0,0.0,0.0,0.0,0.0,0.0,0.0,0.0,0.0,0.0,1.0
12,11,0.0,0.0,0.0,0.0,0.0,0.0,0.0,0.0,0.0,0.0,0.0,1.0
12,11,0.0,0.0,0.0,0.0,0.0,0.0,0.0,0.0,0.0,0.0,0.0,1.0
12,11,0.0,0.0,0.0,0.0,0.0,0.0,0.0,0.0,0.0,0.0,0.0,1.0
12,11,0.0,0.0,0.0,0.0,0.0,0.0,0.0,0.0,0.0,0.0,0.0,1.0
12,11,0.0,0.0,0.0,0.0,0.0,0.0,0.0,0.0,0.0,0.0,0.0,1.0
12,11,0.0,0.0,0.0,0.0,0.0,0.0,0.0,0.0,0.0,0.0,0.0,1.0
12,11,0.0,0.0,0.0,0.0,0.0,0.0,0.0,0.0,0.0,0.0,0.0,1.0
12,11,0.0,0.0,0.0,0.0,0.0,0.0,0.0,0.0,0.0,0.0,0.0,1.0
12,11,0.0,0.0,0.0,0.0,0.0,0.0,0.0,0.0,0.0,0.0,0.0,1.0
12,11,0.0,0.0,0.0,0.0,0.0,0.0,0.0,0.0,0.0,0.0,0.0,1.0
12,11,0.0,0.0,0.0,0.0,0.0,0.0,0.0,0.0,0.0,0.0,0.0,1.0
12,11,0.0,0.0,0.0,0.0,0.0,0.0,0.0,0.0,0.0,0.0,0.0,1.0
12,11,0.0,0.0,0.0,0.0,0.0,0.0,0.0,0.0,0.0,0.0,0.0,1.0
12,11,0.0,0.0,0.0,0.0,0.0,0.0,0.0,0.0,0.0,0.0,0.0,1.0
12,11,0.0,0.0,0.0,0.0,0.0,0.0,0.0,0.0,0.0,0.0,0.0,1.0
12,11,0.0,0.0,0.0,0.0,0.0,0.0,0.0,0.0,0.0,0.0,0.0,1.0
12,11,0.0,0.0,0.0,0.0,0.0,0.0,0.0,0.0,0.0,0.0,0.0,1.0
12,11,0.0,0.0,0.0,0.0,0.0,0.0,0.0,0.0,0.0,0.0,0.0,1.0
12,11,0.0,0.0,0.0,0.0,0.0,0.0,0.0,0.0,0.0,0.0,0.0,1.0
12,11,0.0,0.0,0.0,0.0,0.0,0.0,0.0,0.0,0.0,0.0,0.0,1.0
12,11,0.0,0.0,0.0,0.0,0.0,0.0,0.0,0.0,0.0,0.0,0.0,1.0
12,11,0.0,0.0,0.0,0.0,0.0,0.0,0.0,0.0,0.0,0.0,0.0,1.0
12,11,0.0,0.0,0.0,0.0,0.0,0.0,0.0,0.0,0.0,0.0,0.0,1.0
12,11,0.0,0.0,0.0,0.0,0.0,0.0,0.0,0.0,0.0,0.0,0.0,1.0
12,11,0.0,0.0,0.0,0.0,0.0,0.0,0.0,0.0,0.0,0.0,0.0,1.0
12,11,0.0,0.0,0.0,0.0,0.0,0.0,0.0,0.0,0.0,0.0,0.0,1.0
12,11,0.0,0.0,0.0,0.0,0.0,0.0,0.0,0.0,0.0,0.0,0.0,1.0
12,11,0.0,0.0,0.0,0.0,0.0,0.0,0.0,0.0,0.0,0.0,0.0,1.0
12,11,0.0,0.0,0.0,0.0,0.0,0.0,0.0,0.0,0.0,0.0,0.0,1.0
12,11,0.0,0.0,0.0,0.0,0.0,0.0,0.0,0.0,0.0,0.0,0.0,1.0
12,11,0.0,0.0,0.0,0.0,0.0,0.0,0.0,0.0,0.0,0.0,0.0,1.0
12,11,0.0,0.0,0.0,0.0,0.0,0.0,0.0,0.0,0.0,0.0,0.0,1.0
12,11,0.0,0.0,0.0,0.0,0.0,0.0,0.0,0.0,0.0,0.0,0.0,1.0
12,11,0.0,0.0,0.0,0.0,0.0,0.0,0.0,0.0,0.0,0.0,0.0,1.0
12,11,0.0,0.0,0.0,0.0,0.0,0.0,0.0,0.0,0.0,0.0,0.0,1.0
12,11,0.0,0.0,0.0,0.0,0.0,0.0,0.0,0.0,0.0,0.0,0.0,1.0
12,11,0.0,0.0,0.0,0.0,0.0,0.0,0.0,0.0,0.0,0.0,0.0,1.0
12,11,0.0,0.0,0.0,0.0,0.0,0.0,0.0,0.0,0.0,0.0,0.0,1.0
12,11,0.0,0.0,0.0,0.0,0.0,0.0,0.0,0.0,0.0,0.0,0.0,1.0
12,11,0.0,0.0,0.0,0.0,0.0,0.0,0.0,0.0,0.0,0.0,0.0,1.0
12,11,0.0,0.0,0.0,0.0,0.0,0.0,0.0,0.0,0.0,0.0,0.0,1.0
12,11,0.0,0.0,0.0,0.0,0.0,0.0,0.0,0.0,0.0,0.0,0.0,1.0
12,11,0.0,0.0,0.0,0.0,0.0,0.0,0.0,0.0,0.0,0.0,0.0,1.0
12,11,0.0,0.0,0.0,0.0,0.0,0.0,0.0,0.0,0.0,0.0,0.0,1.0
12,11,0.0,0.0,0.0,0.0,0.0,0.0,0.0,0.0,0.0,0.0,0.0,1.0
12,11,0.0,0.0,0.0,0.0,0.0,0.0,0.0,0.0,0.0,0.0,0.0,1.0
12,11,0.0,0.0,0.0,0.0,0.0,0.0,0.0,0.0,0.0,0.0,0.0,1.0
12,11,0.0,0.0,0.0,0.0,0.0,0.0,0.0,0.0,0.0,0.0,0.0,1.0
12,11,0.0,0.0,0.0,0.0,0.0,0.0,0.0,0.0,0.0,0.0,0.0,1.0
12,11,0.0,0.0,0.0,0.0,0.0,0.0,0.0,0.0,0.0,0.0,0.0,1.0
12,11,0.0,0.0,0.0,0.0,0.0,0.0,0.0,0.0,0.0,0.0,0.0,1.0
12,11,0.0,0.0,0.0,0.0,0.0,0.0,0.0,0.0,0.0,0.0,0.0,1.0
12,11,0.0,0.0,0.0,0.0,0.0,0.0,0.0,0.0,0.0,0.0,0.0,1.0
12,11,0.0,0.0,0.0,0.0,0.0,0.0,0.0,0.0,0.0,0.0,0.0,1.0
12,11,0.0,0.0,0.0,0.0,0.0,0.0,0.0,0.0,0.0,0.0,0.0,1.0
12,11,0.0,0.0,0.0,0.0,0.0,0.0,0.0,0.0,0.0,0.0,0.0,1.0
12,11,0.0,0.0,0.0,0.0,0.0,0.0,0.0,0.0,0.0,0.0,0.0,1.0
12,11,0.0,0.0,0.0,0.0,0.0,0.0,0.0,0.0,0.0,0.0,0.0,1.0
12,11,0.0,0.0,0.0,0.0,0.0,0.0,0.0,0.0,0.0,0.0,0.0,1.0
12,11,0.0,0.0,0.0,0.0,0.0,0.0,0.0,0.0,0.0,0.0,0.0,1.0
12,11,0.0,0.0,0.0,0.0,0.0,0.0,0.0,0.0,0.0,0.0,0.0,1.0
12,11,0.0,0.0,0.0,0.0,0.0,0.0,0.0,0.0,0.0,0.0,0.0,1.0
12,11,0.0,0.0,0.0,0.0,0.0,0.0,0.0,0.0,0.0,0.0,0.0,1.0
12,11,0.0,0.0,0.0,0.0,0.0,0.0,0.0,0.0,0.0,0.0,0.0,1.0
12,11,0.0,0.0,0.0,0.0,0.0,0.0,0.0,0.0,0.0,0.0,0.0,1.0
12,11,0.0,0.0,0.0,0.0,0.0,0.0,0.0,0.0,0.0,0.0,0.0,1.0
12,11,0.0,0.0,0.0,0.0,0.0,0.0,0.0,0.0,0.0,0.0,0.0,1.0
12,11,0.0,0.0,0.0,0.0,0.0,0.0,0.0,0.0,0.0,0.0,0.0,1.0
12,11,0.0,0.0,0.0,0.0,0.0,0.0,0.0,0.0,0.0,0.0,0.0,1.0
12,11,0.0,0.0,0.0,0.0,0.0,0.0,0.0,0.0,0.0,0.0,0.0,1.0
12,11,0.0,0.0,0.0,0.0,0.0,0.0,0.0,0.0,0.0,0.0,0.0,1.0
12,11,0.0,0.0,0.0,0.0,0.0,0.0,0.0,0.0,0.0,0.0,0.0,1.0
12,11,0.0,0.0,0.0,0.0,0.0,0.0,0.0,0.0,0.0,0.0,0.0,1.0
12,11,0.0,0.0,0.0,0.0,0.0,0.0,0.0,0.0,0.0,0.0,0.0,1.0
12,11,0.0,0.0,0.0,0.0,0.0,0.0,0.0,0.0,0.0,0.0,0.0,1.0
12,11,0.0,0.0,0.0,0.0,0.0,0.0,0.0,0.0,0.0,0.0,0.0,1.0
12,11,0.0,0.0,0.0,0.0,0.0,0.0,0.0,0.0,0.0,0.0,0.0,1.0
12,11,0.0,0.0,0.0,0.0,0.0,0.0,0.0,0.0,0.0,0.0,0.0,1.0
12,11,0.0,0.0,0.0,0.0,0.0,0.0,0.0,0.0,0.0,0.0,0.0,1.0
12,11,0.0,0.0,0.0,0.0,0.0,0.0,0.0,0.0,0.0,0.0,0.0,1.0
12,11,0.0,0.0,0.0,0.0,0.0,0.0,0.0,0.0,0.0,0.0,0.0,1.0
12,11,0.0,0.0,0.0,0.0,0.0,0.0,0.0,0.0,0.0,0.0,0.0,1.0
12,11,0.0,0.0,0.0,0.0,0.0,0.0,0.0,0.0,0.0,0.0,0.0,1.0
12,11,0.0,0.0,0.0,0.0,0.0,0.0,0.0,0.0,0.0,0.0,0.0,1.0
12,11,0.0,0.0,0.0,0.0,0.0,0.0,0.0,0.0,0.0,0.0,0.0,1.0
12,11,0.0,0.0,0.0,0.0,0.0,0.0,0.0,0.0,0.0,0.0,0.0,1.0
12,11,0.0,0.0,0.0,0.0,0.0,0.0,0.0,0.0,0.0,0.0,0.0,1.0
12,11,0.0,0.0,0.0,0.0,0.0,0.0,0.0,0.0,0.0,0.0,0.0,1.0
12,11,0.0,0.0,0.0,0.0,0.0,0.0,0.0,0.0,0.0,0.0,0.0,1.0
12,11,0.0,0.0,0.0,0.0,0.0,0.0,0.0,0.0,0.0,0.0,0.0,1.0
12,11,0.0,0.0,0.0,0.0,0.0,0.0,0.0,0.0,0.0,0.0,0.0,1.0
12,11,0.0,0.0,0.0,0.0,0.0,0.0,0.0,0.0,0.0,0.0,0.0,1.0
12,11,0.0,0.0,0.0,0.0,0.0,0.0,0.0,0.0,0.0,0.0,0.0,1.0
12,11,0.0,0.0,0.0,0.0,0.0,0.0,0.0,0.0,0.0,0.0,0.0,1.0
12,11,0.0,0.0,0.0,0.0,0.0,0.0,0.0,0.0,0.0,0.0,0.0,1.0
12,11,0.0,0.0,0.0,0.0,0.0,0.0,0.0,0.0,0.0,0.0,0.0,1.0
12,11,0.0,0.0,0.0,0.0,0.0,0.0,0.0,0.0,0.0,0.0,0.0,1.0
12,11,0.0,0.0,0.0,0.0,0.0,0.0,0.0,0.0,0.0,0.0,0.0,1.0
12,11,0.0,0.0,0.0,0.0,0.0,0.0,0.0,0.0,0.0,0.0,0.0,1.0
12,11,0.0,0.0,0.0,0.0,0.0,0.0,0.0,0.0,0.0,0.0,0.0,1.0
12,11,0.0,0.0,0.0,0.0,0.0,0.0,0.0,0.0,0.0,0.0,0.0,1.0
12,11,0.0,0.0,0.0,0.0,0.0,0.0,0.0,0.0,0.0,0.0,0.0,1.0
12,11,0.0,0.0,0.0,0.0,0.0,0.0,0.0,0.0,0.0,0.0,0.0,1.0
12,11,0.0,0.0,0.0,0.0,0.0,0.0,0.0,0.0,0.0,0.0,0.0,1.0
12,11,0.0,0.0,0.0,0.0,0.0,0.0,0.0,0.0,0.0,0.0,0.0,1.0
12,11,0.0,0.0,0.0,0.0,0.0,0.0,0.0,0.0,0.0,0.0,0.0,1.0
12,11,0.0,0.0,0.0,0.0,0.0,0.0,0.0,0.0,0.0,0.0,0.0,1.0
12,11,0.0,0.0,0.0,0.0,0.0,0.0,0.0,0.0,0.0,0.0,0.0,1.0
12,11,0.0,0.0,0.0,0.0,0.0,0.0,0.0,0.0,0.0,0.0,0.0,1.0
12,11,0.0,0.0,0.0,0.0,0.0,0.0,0.0,0.0,0.0,0.0,0.0,1.0
12,11,0.0,0.0,0.0,0.0,0.0,0.0,0.0,0.0,0.0,0.0,0.0,1.0
12,11,0.0,0.0,0.0,0.0,0.0,0.0,0.0,0.0,0.0,0.0,0.0,1.0
12,11,0.0,0.0,0.0,0.0,0.0,0.0,0.0,0.0,0.0,0.0,0.0,1.0
12,11,0.0,0.0,0.0,0.0,0.0,0.0,0.0,0.0,0.0,0.0,0.0,1.0
12,11,0.0,0.0,0.0,0.0,0.0,0.0,0.0,0.0,0.0,0.0,0.0,1.0
12,11,0.0,0.0,0.0,0.0,0.0,0.0,0.0,0.0,0.0,0.0,0.0,1.0
12,11,0.0,0.0,0.0,0.0,0.0,0.0,0.0,0.0,0.0,0.0,0.0,1.0
12,11,0.0,0.0,0.0,0.0,0.0,0.0,0.0,0.0,0.0,0.0,0.0,1.0
12,11,0.0,0.0,0.0,0.0,0.0,0.0,0.0,0.0,0.0,0.0,0.0,1.0
12,11,0.0,0.0,0.0,0.0,0.0,0.0,0.0,0.0,0.0,0.0,0.0,1.0
12,11,0.0,0.0,0.0,0.0,0.0,0.0,0.0,0.0,0.0,0.0,0.0,1.0
12,11,0.0,0.0,0.0,0.0,0.0,0.0,0.0,0.0,0.0,0.0,0.0,1.0
12,11,0.0,0.0,0.0,0.0,0.0,0.0,0.0,0.0,0.0,0.0,0.0,1.0
12,11,0.0,0.0,0.0,0.0,0.0,0.0,0.0,0.0,0.0,0.0,0.0,1.0
12,11,0.0,0.0,0.0,0.0,0.0,0.0,0.0,0.0,0.0,0.0,0.0,1.0
12,11,0.0,0.0,0.0,0.0,0.0,0.0,0.0,0.0,0.0,0.0,0.0,1.0
12,11,0.0,0.0,0.0,0.0,0.0,0.0,0.0,0.0,0.0,0.0,0.0,1.0
12,11,0.0,0.0,0.0,0.0,0.0,0.0,0.0,0.0,0.0,0.0,0.0,1.0
12,11,0.0,0.0,0.0,0.0,0.0,0.0,0.0,0.0,0.0,0.0,0.0,1.0
12,11,0.0,0.0,0.0,0.0,0.0,0.0,0.0,0.0,0.0,0.0,0.0,1.0
12,11,0.0,0.0,0.0,0.0,0.0,0.0,0.0,0.0,0.0,0.0,0.0,1.0
12,11,0.0,0.0,0.0,0.0,0.0,0.0,0.0,0.0,0.0,0.0,0.0,1.0
12,11,0.0,0.0,0.0,0.0,0.0,0.0,0.0,0.0,0.0,0.0,0.0,1.0
12,11,0.0,0.0,0.0,0.0,0.0,0.0,0.0,0.0,0.0,0.0,0.0,1.0
12,11,0.0,0.0,0.0,0.0,0.0,0.0,0.0,0.0,0.0,0.0,0.0,1.0
12,11,0.0,0.0,0.0,0.0,0.0,0.0,0.0,0.0,0.0,0.0,0.0,1.0
12,11,0.0,0.0,0.0,0.0,0.0,0.0,0.0,0.0,0.0,0.0,0.0,1.0
12,11,0.0,0.0,0.0,0.0,0.0,0.0,0.0,0.0,0.0,0.0,0.0,1.0
12,11,0.0,0.0,0.0,0.0,0.0,0.0,0.0,0.0,0.0,0.0,0.0,1.0
12,11,0.0,0.0,0.0,0.0,0.0,0.0,0.0,0.0,0.0,0.0,0.0,1.0
12,11,0.0,0.0,0.0,0.0,0.0,0.0,0.0,0.0,0.0,0.0,0.0,1.0
12,11,0.0,0.0,0.0,0.0,0.0,0.0,0.0,0.0,0.0,0.0,0.0,1.0
12,11,0.0,0.0,0.0,0.0,0.0,0.0,0.0,0.0,0.0,0.0,0.0,1.0
12,11,0.0,0.0,0.0,0.0,0.0,0.0,0.0,0.0,0.0,0.0,0.0,1.0
12,11,0.0,0.0,0.0,0.0,0.0,0.0,0.0,0.0,0.0,0.0,0.0,1.0
12,11,0.0,0.0,0.0,0.0,0.0,0.0,0.0,0.0,0.0,0.0,0.0,1.0
12,11,0.0,0.0,0.0,0.0,0.0,0.0,0.0,0.0,0.0,0.0,0.0,1.0
12,11,0.0,0.0,0.0,0.0,0.0,0.0,0.0,0.0,0.0,0.0,0.0,1.0
12,11,0.0,0.0,0.0,0.0,0.0,0.0,0.0,0.0,0.0,0.0,0.0,1.0
12,11,0.0,0.0,0.0,0.0,0.0,0.0,0.0,0.0,0.0,0.0,0.0,1.0
12,11,0.0,0.0,0.0,0.0,0.0,0.0,0.0,0.0,0.0,0.0,0.0,1.0
12,11,0.0,0.0,0.0,0.0,0.0,0.0,0.0,0.0,0.0,0.0,0.0,1.0
12,11,0.0,0.0,0.0,0.0,0.0,0.0,0.0,0.0,0.0,0.0,0.0,1.0
12,11,0.0,0.0,0.0,0.0,0.0,0.0,0.0,0.0,0.0,0.0,0.0,1.0
12,11,0.0,0.0,0.0,0.0,0.0,0.0,0.0,0.0,0.0,0.0,0.0,1.0
12,11,0.0,0.0,0.0,0.0,0.0,0.0,0.0,0.0,0.0,0.0,0.0,1.0
12,11,0.0,0.0,0.0,0.0,0.0,0.0,0.0,0.0,0.0,0.0,0.0,1.0
12,11,0.0,0.0,0.0,0.0,0.0,0.0,0.0,0.0,0.0,0.0,0.0,1.0
12,11,0.0,0.0,0.0,0.0,0.0,0.0,0.0,0.0,0.0,0.0,0.0,1.0
12,11,0.0,0.0,0.0,0.0,0.0,0.0,0.0,0.0,0.0,0.0,0.0,1.0
12,11,0.0,0.0,0.0,0.0,0.0,0.0,0.0,0.0,0.0,0.0,0.0,1.0
12,11,0.0,0.0,0.0,0.0,0.0,0.0,0.0,0.0,0.0,0.0,0.0,1.0
12,11,0.0,0.0,0.0,0.0,0.0,0.0,0.0,0.0,0.0,0.0,0.0,1.0
12,11,0.0,0.0,0.0,0.0,0.0,0.0,0.0,0.0,0.0,0.0,0.0,1.0
12,11,0.0,0.0,0.0,0.0,0.0,0.0,0.0,0.0,0.0,0.0,0.0,1.0
12,11,0.0,0.0,0.0,0.0,0.0,0.0,0.0,0.0,0.0,0.0,0.0,1.0
12,11,0.0,0.0,0.0,0.0,0.0,0.0,0.0,0.0,0.0,0.0,0.0,1.0
12,11,0.0,0.0,0.0,0.0,0.0,0.0,0.0,0.0,0.0,0.0,0.0,1.0
12,11,0.0,0.0,0.0,0.0,0.0,0.0,0.0,0.0,0.0,0.0,0.0,1.0
12,11,0.0,0.0,0.0,0.0,0.0,0.0,0.0,0.0,0.0,0.0,0.0,1.0
12,11,0.0,0.0,0.0,0.0,0.0,0.0,0.0,0.0,0.0,0.0,0.0,1.0
12,11,0.0,0.0,0.0,0.0,0.0,0.0,0.0,0.0,0.0,0.0,0.0,1.0
12,11,0.0,0.0,0.0,0.0,0.0,0.0,0.0,0.0,0.0,0.0,0.0,1.0
12,11,0.0,0.0,0.0,0.0,0.0,0.0,0.0,0.0,0.0,0.0,0.0,1.0
12,11,0.0,0.0,0.0,0.0,0.0,0.0,0.0,0.0,0.0,0.0,0.0,1.0
12,11,0.0,0.0,0.0,0.0,0.0,0.0,0.0,0.0,0.0,0.0,0.0,1.0
12,11,0.0,0.0,0.0,0.0,0.0,0.0,0.0,0.0,0.0,0.0,0.0,1.0
12,11,0.0,0.0,0.0,0.0,0.0,0.0,0.0,0.0,0.0,0.0,0.0,1.0
12,11,0.0,0.0,0.0,0.0,0.0,0.0,0.0,0.0,0.0,0.0,0.0,1.0
12,11,0.0,0.0,0.0,0.0,0.0,0.0,0.0,0.0,0.0,0.0,0.0,1.0
12,11,0.0,0.0,0.0,0.0,0.0,0.0,0.0,0.0,0.0,0.0,0.0,1.0
12,11,0.0,0.0,0.0,0.0,0.0,0.0,0.0,0.0,0.0,0.0,0.0,1.0
12,11,0.0,0.0,0.0,0.0,0.0,0.0,0.0,0.0,0.0,0.0,0.0,1.0
12,11,0.0,0.0,0.0,0.0,0.0,0.0,0.0,0.0,0.0,0.0,0.0,1.0
12,11,0.0,0.0,0.0,0.0,0.0,0.0,0.0,0.0,0.0,0.0,0.0,1.0
12,11,0.0,0.0,0.0,0.0,0.0,0.0,0.0,0.0,0.0,0.0,0.0,1.0
12,11,0.0,0.0,0.0,0.0,0.0,0.0,0.0,0.0,0.0,0.0,0.0,1.0
12,11,0.0,0.0,0.0,0.0,0.0,0.0,0.0,0.0,0.0,0.0,0.0,1.0
12,11,0.0,0.0,0.0,0.0,0.0,0.0,0.0,0.0,0.0,0.0,0.0,1.0
12,11,0.0,0.0,0.0,0.0,0.0,0.0,0.0,0.0,0.0,0.0,0.0,1.0
12,11,0.0,0.0,0.0,0.0,0.0,0.0,0.0,0.0,0.0,0.0,0.0,1.0
12,11,0.0,0.0,0.0,0.0,0.0,0.0,0.0,0.0,0.0,0.0,0.0,1.0
12,11,0.0,0.0,0.0,0.0,0.0,0.0,0.0,0.0,0.0,0.0,0.0,1.0
12,11,0.0,0.0,0.0,0.0,0.0,0.0,0.0,0.0,0.0,0.0,0.0,1.0
12,11,0.0,0.0,0.0,0.0,0.0,0.0,0.0,0.0,0.0,0.0,0.0,1.0
12,11,0.0,0.0,0.0,0.0,0.0,0.0,0.0,0.0,0.0,0.0,0.0,1.0
12,11,0.0,0.0,0.0,0.0,0.0,0.0,0.0,0.0,0.0,0.0,0.0,1.0
12,11,0.0,0.0,0.0,0.0,0.0,0.0,0.0,0.0,0.0,0.0,0.0,1.0
12,11,0.0,0.0,0.0,0.0,0.0,0.0,0.0,0.0,0.0,0.0,0.0,1.0
12,11,0.0,0.0,0.0,0.0,0.0,0.0,0.0,0.0,0.0,0.0,0.0,1.0
12,11,0.0,0.0,0.0,0.0,0.0,0.0,0.0,0.0,0.0,0.0,0.0,1.0
12,11,0.0,0.0,0.0,0.0,0.0,0.0,0.0,0.0,0.0,0.0,0.0,1.0
12,11,0.0,0.0,0.0,0.0,0.0,0.0,0.0,0.0,0.0,0.0,0.0,1.0
12,11,0.0,0.0,0.0,0.0,0.0,0.0,0.0,0.0,0.0,0.0,0.0,1.0
12,11,0.0,0.0,0.0,0.0,0.0,0.0,0.0,0.0,0.0,0.0,0.0,1.0
12,11,0.0,0.0,0.0,0.0,0.0,0.0,0.0,0.0,0.0,0.0,0.0,1.0
12,11,0.0,0.0,0.0,0.0,0.0,0.0,0.0,0.0,0.0,0.0,0.0,1.0
12,11,0.0,0.0,0.0,0.0,0.0,0.0,0.0,0.0,0.0,0.0,0.0,1.0
12,11,0.0,0.0,0.0,0.0,0.0,0.0,0.0,0.0,0.0,0.0,0.0,1.0
12,11,0.0,0.0,0.0,0.0,0.0,0.0,0.0,0.0,0.0,0.0,0.0,1.0
12,11,0.0,0.0,0.0,0.0,0.0,0.0,0.0,0.0,0.0,0.0,0.0,1.0
12,11,0.0,0.0,0.0,0.0,0.0,0.0,0.0,0.0,0.0,0.0,0.0,1.0
12,11,0.0,0.0,0.0,0.0,0.0,0.0,0.0,0.0,0.0,0.0,0.0,1.0
12,11,0.0,0.0,0.0,0.0,0.0,0.0,0.0,0.0,0.0,0.0,0.0,1.0
12,11,0.0,0.0,0.0,0.0,0.0,0.0,0.0,0.0,0.0,0.0,0.0,1.0
12,11,0.0,0.0,0.0,0.0,0.0,0.0,0.0,0.0,0.0,0.0,0.0,1.0
12,11,0.0,0.0,0.0,0.0,0.0,0.0,0.0,0.0,0.0,0.0,0.0,1.0
12,11,0.0,0.0,0.0,0.0,0.0,0.0,0.0,0.0,0.0,0.0,0.0,1.0
12,11,0.0,0.0,0.0,0.0,0.0,0.0,0.0,0.0,0.0,0.0,0.0,1.0
12,11,0.0,0.0,0.0,0.0,0.0,0.0,0.0,0.0,0.0,0.0,0.0,1.0
12,11,0.0,0.0,0.0,0.0,0.0,0.0,0.0,0.0,0.0,0.0,0.0,1.0
12,11,0.0,0.0,0.0,0.0,0.0,0.0,0.0,0.0,0.0,0.0,0.0,1.0
12,11,0.0,0.0,0.0,0.0,0.0,0.0,0.0,0.0,0.0,0.0,0.0,1.0
12,11,0.0,0.0,0.0,0.0,0.0,0.0,0.0,0.0,0.0,0.0,0.0,1.0
12,11,0.0,0.0,0.0,0.0,0.0,0.0,0.0,0.0,0.0,0.0,0.0,1.0
12,11,0.0,0.0,0.0,0.0,0.0,0.0,0.0,0.0,0.0,0.0,0.0,1.0
12,11,0.0,0.0,0.0,0.0,0.0,0.0,0.0,0.0,0.0,0.0,0.0,1.0
12,11,0.0,0.0,0.0,0.0,0.0,0.0,0.0,0.0,0.0,0.0,0.0,1.0
12,11,0.0,0.0,0.0,0.0,0.0,0.0,0.0,0.0,0.0,0.0,0.0,1.0
12,11,0.0,0.0,0.0,0.0,0.0,0.0,0.0,0.0,0.0,0.0,0.0,1.0
12,11,0.0,0.0,0.0,0.0,0.0,0.0,0.0,0.0,0.0,0.0,0.0,1.0
12,11,0.0,0.0,0.0,0.0,0.0,0.0,0.0,0.0,0.0,0.0,0.0,1.0
12,11,0.0,0.0,0.0,0.0,0.0,0.0,0.0,0.0,0.0,0.0,0.0,1.0
12,11,0.0,0.0,0.0,0.0,0.0,0.0,0.0,0.0,0.0,0.0,0.0,1.0
12,11,0.0,0.0,0.0,0.0,0.0,0.0,0.0,0.0,0.0,0.0,0.0,1.0
12,11,0.0,0.0,0.0,0.0,0.0,0.0,0.0,0.0,0.0,0.0,0.0,1.0
12,11,0.0,0.0,0.0,0.0,0.0,0.0,0.0,0.0,0.0,0.0,0.0,1.0
12,11,0.0,0.0,0.0,0.0,0.0,0.0,0.0,0.0,0.0,0.0,0.0,1.0
12,11,0.0,0.0,0.0,0.0,0.0,0.0,0.0,0.0,0.0,0.0,0.0,1.0
12,11,0.0,0.0,0.0,0.0,0.0,0.0,0.0,0.0,0.0,0.0,0.0,1.0
12,11,0.0,0.0,0.0,0.0,0.0,0.0,0.0,0.0,0.0,0.0,0.0,1.0
12,11,0.0,0.0,0.0,0.0,0.0,0.0,0.0,0.0,0.0,0.0,0.0,1.0
12,11,0.0,0.0,0.0,0.0,0.0,0.0,0.0,0.0,0.0,0.0,0.0,1.0
12,11,0.0,0.0,0.0,0.0,0.0,0.0,0.0,0.0,0.0,0.0,0.0,1.0
12,11,0.0,0.0,0.0,0.0,0.0,0.0,0.0,0.0,0.0,0.0,0.0,1.0
12,11,0.0,0.0,0.0,0.0,0.0,0.0,0.0,0.0,0.0,0.0,0.0,1.0
12,11,0.0,0.0,0.0,0.0,0.0,0.0,0.0,0.0,0.0,0.0,0.0,1.0
12,11,0.0,0.0,0.0,0.0,0.0,0.0,0.0,0.0,0.0,0.0,0.0,1.0
12,11,0.0,0.0,0.0,0.0,0.0,0.0,0.0,0.0,0.0,0.0,0.0,1.0
12,11,0.0,0.0,0.0,0.0,0.0,0.0,0.0,0.0,0.0,0.0,0.0,1.0
12,11,0.0,0.0,0.0,0.0,0.0,0.0,0.0,0.0,0.0,0.0,0.0,1.0
12,11,0.0,0.0,0.0,0.0,0.0,0.0,0.0,0.0,0.0,0.0,0.0,1.0
12,11,0.0,0.0,0.0,0.0,0.0,0.0,0.0,0.0,0.0,0.0,0.0,1.0
12,11,0.0,0.0,0.0,0.0,0.0,0.0,0.0,0.0,0.0,0.0,0.0,1.0
12,11,0.0,0.0,0.0,0.0,0.0,0.0,0.0,0.0,0.0,0.0,0.0,1.0
12,11,0.0,0.0,0.0,0.0,0.0,0.0,0.0,0.0,0.0,0.0,0.0,1.0
12,11,0.0,0.0,0.0,0.0,0.0,0.0,0.0,0.0,0.0,0.0,0.0,1.0
12,11,0.0,0.0,0.0,0.0,0.0,0.0,0.0,0.0,0.0,0.0,0.0,1.0
12,11,0.0,0.0,0.0,0.0,0.0,0.0,0.0,0.0,0.0,0.0,0.0,1.0
12,11,0.0,0.0,0.0,0.0,0.0,0.0,0.0,0.0,0.0,0.0,0.0,1.0
12,11,0.0,0.0,0.0,0.0,0.0,0.0,0.0,0.0,0.0,0.0,0.0,1.0
12,11,0.0,0.0,0.0,0.0,0.0,0.0,0.0,0.0,0.0,0.0,0.0,1.0
12,11,0.0,0.0,0.0,0.0,0.0,0.0,0.0,0.0,0.0,0.0,0.0,1.0
12,11,0.0,0.0,0.0,0.0,0.0,0.0,0.0,0.0,0.0,0.0,0.0,1.0
12,11,0.0,0.0,0.0,0.0,0.0,0.0,0.0,0.0,0.0,0.0,0.0,1.0
12,11,0.0,0.0,0.0,0.0,0.0,0.0,0.0,0.0,0.0,0.0,0.0,1.0
12,11,0.0,0.0,0.0,0.0,0.0,0.0,0.0,0.0,0.0,0.0,0.0,1.0
12,11,0.0,0.0,0.0,0.0,0.0,0.0,0.0,0.0,0.0,0.0,0.0,1.0
12,11,0.0,0.0,0.0,0.0,0.0,0.0,0.0,0.0,0.0,0.0,0.0,1.0
12,11,0.0,0.0,0.0,0.0,0.0,0.0,0.0,0.0,0.0,0.0,0.0,1.0
12,11,0.0,0.0,0.0,0.0,0.0,0.0,0.0,0.0,0.0,0.0,0.0,1.0
12,11,0.0,0.0,0.0,0.0,0.0,0.0,0.0,0.0,0.0,0.0,0.0,1.0
12,11,0.0,0.0,0.0,0.0,0.0,0.0,0.0,0.0,0.0,0.0,0.0,1.0
12,11,0.0,0.0,0.0,0.0,0.0,0.0,0.0,0.0,0.0,0.0,0.0,1.0
12,11,0.0,0.0,0.0,0.0,0.0,0.0,0.0,0.0,0.0,0.0,0.0,1.0
12,11,0.0,0.0,0.0,0.0,0.0,0.0,0.0,0.0,0.0,0.0,0.0,1.0
12,11,0.0,0.0,0.0,0.0,0.0,0.0,0.0,0.0,0.0,0.0,0.0,1.0
12,11,0.0,0.0,0.0,0.0,0.0,0.0,0.0,0.0,0.0,0.0,0.0,1.0
12,11,0.0,0.0,0.0,0.0,0.0,0.0,0.0,0.0,0.0,0.0,0.0,1.0
12,11,0.0,0.0,0.0,0.0,0.0,0.0,0.0,0.0,0.0,0.0,0.0,1.0
12,11,0.0,0.0,0.0,0.0,0.0,0.0,0.0,0.0,0.0,0.0,0.0,1.0
12,11,0.0,0.0,0.0,0.0,0.0,0.0,0.0,0.0,0.0,0.0,0.0,1.0
12,11,0.0,0.0,0.0,0.0,0.0,0.0,0.0,0.0,0.0,0.0,0.0,1.0
12,11,0.0,0.0,0.0,0.0,0.0,0.0,0.0,0.0,0.0,0.0,0.0,1.0
12,11,0.0,0.0,0.0,0.0,0.0,0.0,0.0,0.0,0.0,0.0,0.0,1.0
12,11,0.0,0.0,0.0,0.0,0.0,0.0,0.0,0.0,0.0,0.0,0.0,1.0
12,11,0.0,0.0,0.0,0.0,0.0,0.0,0.0,0.0,0.0,0.0,0.0,1.0
12,11,0.0,0.0,0.0,0.0,0.0,0.0,0.0,0.0,0.0,0.0,0.0,1.0
12,11,0.0,0.0,0.0,0.0,0.0,0.0,0.0,0.0,0.0,0.0,0.0,1.0
12,11,0.0,0.0,0.0,0.0,0.0,0.0,0.0,0.0,0.0,0.0,0.0,1.0
12,11,0.0,0.0,0.0,0.0,0.0,0.0,0.0,0.0,0.0,0.0,0.0,1.0
12,11,0.0,0.0,0.0,0.0,0.0,0.0,0.0,0.0,0.0,0.0,0.0,1.0
12,11,0.0,0.0,0.0,0.0,0.0,0.0,0.0,0.0,0.0,0.0,0.0,1.0
12,11,0.0,0.0,0.0,0.0,0.0,0.0,0.0,0.0,0.0,0.0,0.0,1.0
12,11,0.0,0.0,0.0,0.0,0.0,0.0,0.0,0.0,0.0,0.0,0.0,1.0
12,11,0.0,0.0,0.0,0.0,0.0,0.0,0.0,0.0,0.0,0.0,0.0,1.0
12,11,0.0,0.0,0.0,0.0,0.0,0.0,0.0,0.0,0.0,0.0,0.0,1.0
12,11,0.0,0.0,0.0,0.0,0.0,0.0,0.0,0.0,0.0,0.0,0.0,1.0
12,11,0.0,0.0,0.0,0.0,0.0,0.0,0.0,0.0,0.0,0.0,0.0,1.0
12,11,0.0,0.0,0.0,0.0,0.0,0.0,0.0,0.0,0.0,0.0,0.0,1.0
12,11,0.0,0.0,0.0,0.0,0.0,0.0,0.0,0.0,0.0,0.0,0.0,1.0
12,11,0.0,0.0,0.0,0.0,0.0,0.0,0.0,0.0,0.0,0.0,0.0,1.0
12,11,0.0,0.0,0.0,0.0,0.0,0.0,0.0,0.0,0.0,0.0,0.0,1.0
12,11,0.0,0.0,0.0,0.0,0.0,0.0,0.0,0.0,0.0,0.0,0.0,1.0
12,11,0.0,0.0,0.0,0.0,0.0,0.0,0.0,0.0,0.0,0.0,0.0,1.0
12,11,0.0,0.0,0.0,0.0,0.0,0.0,0.0,0.0,0.0,0.0,0.0,1.0
12,11,0.0,0.0,0.0,0.0,0.0,0.0,0.0,0.0,0.0,0.0,0.0,1.0
12,11,0.0,0.0,0.0,0.0,0.0,0.0,0.0,0.0,0.0,0.0,0.0,1.0
12,11,0.0,0.0,0.0,0.0,0.0,0.0,0.0,0.0,0.0,0.0,0.0,1.0
12,11,0.0,0.0,0.0,0.0,0.0,0.0,0.0,0.0,0.0,0.0,0.0,1.0
12,11,0.0,0.0,0.0,0.0,0.0,0.0,0.0,0.0,0.0,0.0,0.0,1.0
12,11,0.0,0.0,0.0,0.0,0.0,0.0,0.0,0.0,0.0,0.0,0.0,1.0
12,11,0.0,0.0,0.0,0.0,0.0,0.0,0.0,0.0,0.0,0.0,0.0,1.0
12,11,0.0,0.0,0.0,0.0,0.0,0.0,0.0,0.0,0.0,0.0,0.0,1.0
12,11,0.0,0.0,0.0,0.0,0.0,0.0,0.0,0.0,0.0,0.0,0.0,1.0
12,11,0.0,0.0,0.0,0.0,0.0,0.0,0.0,0.0,0.0,0.0,0.0,1.0
12,11,0.0,0.0,0.0,0.0,0.0,0.0,0.0,0.0,0.0,0.0,0.0,1.0
12,11,0.0,0.0,0.0,0.0,0.0,0.0,0.0,0.0,0.0,0.0,0.0,1.0
12,11,0.0,0.0,0.0,0.0,0.0,0.0,0.0,0.0,0.0,0.0,0.0,1.0
12,11,0.0,0.0,0.0,0.0,0.0,0.0,0.0,0.0,0.0,0.0,0.0,1.0
12,11,0.0,0.0,0.0,0.0,0.0,0.0,0.0,0.0,0.0,0.0,0.0,1.0
12,11,0.0,0.0,0.0,0.0,0.0,0.0,0.0,0.0,0.0,0.0,0.0,1.0
12,11,0.0,0.0,0.0,0.0,0.0,0.0,0.0,0.0,0.0,0.0,0.0,1.0
12,11,0.0,0.0,0.0,0.0,0.0,0.0,0.0,0.0,0.0,0.0,0.0,1.0
12,11,0.0,0.0,0.0,0.0,0.0,0.0,0.0,0.0,0.0,0.0,0.0,1.0
12,11,0.0,0.0,0.0,0.0,0.0,0.0,0.0,0.0,0.0,0.0,0.0,1.0
12,11,0.0,0.0,0.0,0.0,0.0,0.0,0.0,0.0,0.0,0.0,0.0,1.0
12,11,0.0,0.0,0.0,0.0,0.0,0.0,0.0,0.0,0.0,0.0,0.0,1.0
12,11,0.0,0.0,0.0,0.0,0.0,0.0,0.0,0.0,0.0,0.0,0.0,1.0
12,11,0.0,0.0,0.0,0.0,0.0,0.0,0.0,0.0,0.0,0.0,0.0,1.0
12,11,0.0,0.0,0.0,0.0,0.0,0.0,0.0,0.0,0.0,0.0,0.0,1.0
12,11,0.0,0.0,0.0,0.0,0.0,0.0,0.0,0.0,0.0,0.0,0.0,1.0
12,11,0.0,0.0,0.0,0.0,0.0,0.0,0.0,0.0,0.0,0.0,0.0,1.0
12,11,0.0,0.0,0.0,0.0,0.0,0.0,0.0,0.0,0.0,0.0,0.0,1.0
12,11,0.0,0.0,0.0,0.0,0.0,0.0,0.0,0.0,0.0,0.0,0.0,1.0
12,11,0.0,0.0,0.0,0.0,0.0,0.0,0.0,0.0,0.0,0.0,0.0,1.0
12,11,0.0,0.0,0.0,0.0,0.0,0.0,0.0,0.0,0.0,0.0,0.0,1.0
12,11,0.0,0.0,0.0,0.0,0.0,0.0,0.0,0.0,0.0,0.0,0.0,1.0
12,11,0.0,0.0,0.0,0.0,0.0,0.0,0.0,0.0,0.0,0.0,0.0,1.0
12,11,0.0,0.0,0.0,0.0,0.0,0.0,0.0,0.0,0.0,0.0,0.0,1.0
12,11,0.0,0.0,0.0,0.0,0.0,0.0,0.0,0.0,0.0,0.0,0.0,1.0
12,11,0.0,0.0,0.0,0.0,0.0,0.0,0.0,0.0,0.0,0.0,0.0,1.0
12,11,0.0,0.0,0.0,0.0,0.0,0.0,0.0,0.0,0.0,0.0,0.0,1.0
12,11,0.0,0.0,0.0,0.0,0.0,0.0,0.0,0.0,0.0,0.0,0.0,1.0
12,11,0.0,0.0,0.0,0.0,0.0,0.0,0.0,0.0,0.0,0.0,0.0,1.0
12,11,0.0,0.0,0.0,0.0,0.0,0.0,0.0,0.0,0.0,0.0,0.0,1.0
12,11,0.0,0.0,0.0,0.0,0.0,0.0,0.0,0.0,0.0,0.0,0.0,1.0
12,11,0.0,0.0,0.0,0.0,0.0,0.0,0.0,0.0,0.0,0.0,0.0,1.0
12,11,0.0,0.0,0.0,0.0,0.0,0.0,0.0,0.0,0.0,0.0,0.0,1.0
12,11,0.0,0.0,0.0,0.0,0.0,0.0,0.0,0.0,0.0,0.0,0.0,1.0
12,11,0.0,0.0,0.0,0.0,0.0,0.0,0.0,0.0,0.0,0.0,0.0,1.0
12,11,0.0,0.0,0.0,0.0,0.0,0.0,0.0,0.0,0.0,0.0,0.0,1.0
12,11,0.0,0.0,0.0,0.0,0.0,0.0,0.0,0.0,0.0,0.0,0.0,1.0
12,11,0.0,0.0,0.0,0.0,0.0,0.0,0.0,0.0,0.0,0.0,0.0,1.0
12,11,0.0,0.0,0.0,0.0,0.0,0.0,0.0,0.0,0.0,0.0,0.0,1.0
12,11,0.0,0.0,0.0,0.0,0.0,0.0,0.0,0.0,0.0,0.0,0.0,1.0
12,11,0.0,0.0,0.0,0.0,0.0,0.0,0.0,0.0,0.0,0.0,0.0,1.0
12,11,0.0,0.0,0.0,0.0,0.0,0.0,0.0,0.0,0.0,0.0,0.0,1.0
12,11,0.0,0.0,0.0,0.0,0.0,0.0,0.0,0.0,0.0,0.0,0.0,1.0
12,11,0.0,0.0,0.0,0.0,0.0,0.0,0.0,0.0,0.0,0.0,0.0,1.0
12,11,0.0,0.0,0.0,0.0,0.0,0.0,0.0,0.0,0.0,0.0,0.0,1.0
12,11,0.0,0.0,0.0,0.0,0.0,0.0,0.0,0.0,0.0,0.0,0.0,1.0
12,11,0.0,0.0,0.0,0.0,0.0,0.0,0.0,0.0,0.0,0.0,0.0,1.0
12,11,0.0,0.0,0.0,0.0,0.0,0.0,0.0,0.0,0.0,0.0,0.0,1.0
12,11,0.0,0.0,0.0,0.0,0.0,0.0,0.0,0.0,0.0,0.0,0.0,1.0
12,11,0.0,0.0,0.0,0.0,0.0,0.0,0.0,0.0,0.0,0.0,0.0,1.0
12,11,0.0,0.0,0.0,0.0,0.0,0.0,0.0,0.0,0.0,0.0,0.0,1.0
12,11,0.0,0.0,0.0,0.0,0.0,0.0,0.0,0.0,0.0,0.0,0.0,1.0
12,11,0.0,0.0,0.0,0.0,0.0,0.0,0.0,0.0,0.0,0.0,0.0,1.0
12,11,0.0,0.0,0.0,0.0,0.0,0.0,0.0,0.0,0.0,0.0,0.0,1.0
12,11,0.0,0.0,0.0,0.0,0.0,0.0,0.0,0.0,0.0,0.0,0.0,1.0
12,11,0.0,0.0,0.0,0.0,0.0,0.0,0.0,0.0,0.0,0.0,0.0,1.0
12,11,0.0,0.0,0.0,0.0,0.0,0.0,0.0,0.0,0.0,0.0,0.0,1.0
12,11,0.0,0.0,0.0,0.0,0.0,0.0,0.0,0.0,0.0,0.0,0.0,1.0
12,11,0.0,0.0,0.0,0.0,0.0,0.0,0.0,0.0,0.0,0.0,0.0,1.0
12,11,0.0,0.0,0.0,0.0,0.0,0.0,0.0,0.0,0.0,0.0,0.0,1.0
12,11,0.0,0.0,0.0,0.0,0.0,0.0,0.0,0.0,0.0,0.0,0.0,1.0
12,11,0.0,0.0,0.0,0.0,0.0,0.0,0.0,0.0,0.0,0.0,0.0,1.0
12,11,0.0,0.0,0.0,0.0,0.0,0.0,0.0,0.0,0.0,0.0,0.0,1.0
12,11,0.0,0.0,0.0,0.0,0.0,0.0,0.0,0.0,0.0,0.0,0.0,1.0
12,11,0.0,0.0,0.0,0.0,0.0,0.0,0.0,0.0,0.0,0.0,0.0,1.0
12,11,0.0,0.0,0.0,0.0,0.0,0.0,0.0,0.0,0.0,0.0,0.0,1.0
12,11,0.0,0.0,0.0,0.0,0.0,0.0,0.0,0.0,0.0,0.0,0.0,1.0
12,11,0.0,0.0,0.0,0.0,0.0,0.0,0.0,0.0,0.0,0.0,0.0,1.0
12,11,0.0,0.0,0.0,0.0,0.0,0.0,0.0,0.0,0.0,0.0,0.0,1.0
12,11,0.0,0.0,0.0,0.0,0.0,0.0,0.0,0.0,0.0,0.0,0.0,1.0
12,11,0.0,0.0,0.0,0.0,0.0,0.0,0.0,0.0,0.0,0.0,0.0,1.0
12,11,0.0,0.0,0.0,0.0,0.0,0.0,0.0,0.0,0.0,0.0,0.0,1.0
12,11,0.0,0.0,0.0,0.0,0.0,0.0,0.0,0.0,0.0,0.0,0.0,1.0
12,11,0.0,0.0,0.0,0.0,0.0,0.0,0.0,0.0,0.0,0.0,0.0,1.0
12,11,0.0,0.0,0.0,0.0,0.0,0.0,0.0,0.0,0.0,0.0,0.0,1.0
12,11,0.0,0.0,0.0,0.0,0.0,0.0,0.0,0.0,0.0,0.0,0.0,1.0
12,11,0.0,0.0,0.0,0.0,0.0,0.0,0.0,0.0,0.0,0.0,0.0,1.0
12,11,0.0,0.0,0.0,0.0,0.0,0.0,0.0,0.0,0.0,0.0,0.0,1.0
12,11,0.0,0.0,0.0,0.0,0.0,0.0,0.0,0.0,0.0,0.0,0.0,1.0
12,11,0.0,0.0,0.0,0.0,0.0,0.0,0.0,0.0,0.0,0.0,0.0,1.0
12,11,0.0,0.0,0.0,0.0,0.0,0.0,0.0,0.0,0.0,0.0,0.0,1.0
12,11,0.0,0.0,0.0,0.0,0.0,0.0,0.0,0.0,0.0,0.0,0.0,1.0
12,11,0.0,0.0,0.0,0.0,0.0,0.0,0.0,0.0,0.0,0.0,0.0,1.0
12,11,0.0,0.0,0.0,0.0,0.0,0.0,0.0,0.0,0.0,0.0,0.0,1.0
12,11,0.0,0.0,0.0,0.0,0.0,0.0,0.0,0.0,0.0,0.0,0.0,1.0
12,11,0.0,0.0,0.0,0.0,0.0,0.0,0.0,0.0,0.0,0.0,0.0,1.0
12,11,0.0,0.0,0.0,0.0,0.0,0.0,0.0,0.0,0.0,0.0,0.0,1.0
12,11,0.0,0.0,0.0,0.0,0.0,0.0,0.0,0.0,0.0,0.0,0.0,1.0
12,11,0.0,0.0,0.0,0.0,0.0,0.0,0.0,0.0,0.0,0.0,0.0,1.0
12,11,0.0,0.0,0.0,0.0,0.0,0.0,0.0,0.0,0.0,0.0,0.0,1.0
12,11,0.0,0.0,0.0,0.0,0.0,0.0,0.0,0.0,0.0,0.0,0.0,1.0
12,11,0.0,0.0,0.0,0.0,0.0,0.0,0.0,0.0,0.0,0.0,0.0,1.0
12,11,0.0,0.0,0.0,0.0,0.0,0.0,0.0,0.0,0.0,0.0,0.0,1.0
12,11,0.0,0.0,0.0,0.0,0.0,0.0,0.0,0.0,0.0,0.0,0.0,1.0
12,11,0.0,0.0,0.0,0.0,0.0,0.0,0.0,0.0,0.0,0.0,0.0,1.0
12,11,0.0,0.0,0.0,0.0,0.0,0.0,0.0,0.0,0.0,0.0,0.0,1.0
12,11,0.0,0.0,0.0,0.0,0.0,0.0,0.0,0.0,0.0,0.0,0.0,1.0
12,11,0.0,0.0,0.0,0.0,0.0,0.0,0.0,0.0,0.0,0.0,0.0,1.0
12,11,0.0,0.0,0.0,0.0,0.0,0.0,0.0,0.0,0.0,0.0,0.0,1.0
12,11,0.0,0.0,0.0,0.0,0.0,0.0,0.0,0.0,0.0,0.0,0.0,1.0
12,11,0.0,0.0,0.0,0.0,0.0,0.0,0.0,0.0,0.0,0.0,0.0,1.0
12,11,0.0,0.0,0.0,0.0,0.0,0.0,0.0,0.0,0.0,0.0,0.0,1.0
12,11,0.0,0.0,0.0,0.0,0.0,0.0,0.0,0.0,0.0,0.0,0.0,1.0
12,11,0.0,0.0,0.0,0.0,0.0,0.0,0.0,0.0,0.0,0.0,0.0,1.0
12,11,0.0,0.0,0.0,0.0,0.0,0.0,0.0,0.0,0.0,0.0,0.0,1.0
12,11,0.0,0.0,0.0,0.0,0.0,0.0,0.0,0.0,0.0,0.0,0.0,1.0
12,11,0.0,0.0,0.0,0.0,0.0,0.0,0.0,0.0,0.0,0.0,0.0,1.0
12,11,0.0,0.0,0.0,0.0,0.0,0.0,0.0,0.0,0.0,0.0,0.0,1.0
12,11,0.0,0.0,0.0,0.0,0.0,0.0,0.0,0.0,0.0,0.0,0.0,1.0
12,11,0.0,0.0,0.0,0.0,0.0,0.0,0.0,0.0,0.0,0.0,0.0,1.0
12,11,0.0,0.0,0.0,0.0,0.0,0.0,0.0,0.0,0.0,0.0,0.0,1.0
12,11,0.0,0.0,0.0,0.0,0.0,0.0,0.0,0.0,0.0,0.0,0.0,1.0
12,11,0.0,0.0,0.0,0.0,0.0,0.0,0.0,0.0,0.0,0.0,0.0,1.0
12,11,0.0,0.0,0.0,0.0,0.0,0.0,0.0,0.0,0.0,0.0,0.0,1.0
12,11,0.0,0.0,0.0,0.0,0.0,0.0,0.0,0.0,0.0,0.0,0.0,1.0
12,11,0.0,0.0,0.0,0.0,0.0,0.0,0.0,0.0,0.0,0.0,0.0,1.0
12,11,0.0,0.0,0.0,0.0,0.0,0.0,0.0,0.0,0.0,0.0,0.0,1.0
12,11,0.0,0.0,0.0,0.0,0.0,0.0,0.0,0.0,0.0,0.0,0.0,1.0
12,11,0.0,0.0,0.0,0.0,0.0,0.0,0.0,0.0,0.0,0.0,0.0,1.0
12,11,0.0,0.0,0.0,0.0,0.0,0.0,0.0,0.0,0.0,0.0,0.0,1.0
12,11,0.0,0.0,0.0,0.0,0.0,0.0,0.0,0.0,0.0,0.0,0.0,1.0
12,11,0.0,0.0,0.0,0.0,0.0,0.0,0.0,0.0,0.0,0.0,0.0,1.0
12,11,0.0,0.0,0.0,0.0,0.0,0.0,0.0,0.0,0.0,0.0,0.0,1.0
12,11,0.0,0.0,0.0,0.0,0.0,0.0,0.0,0.0,0.0,0.0,0.0,1.0
12,11,0.0,0.0,0.0,0.0,0.0,0.0,0.0,0.0,0.0,0.0,0.0,1.0
12,11,0.0,0.0,0.0,0.0,0.0,0.0,0.0,0.0,0.0,0.0,0.0,1.0
12,11,0.0,0.0,0.0,0.0,0.0,0.0,0.0,0.0,0.0,0.0,0.0,1.0
12,11,0.0,0.0,0.0,0.0,0.0,0.0,0.0,0.0,0.0,0.0,0.0,1.0
12,11,0.0,0.0,0.0,0.0,0.0,0.0,0.0,0.0,0.0,0.0,0.0,1.0
12,11,0.0,0.0,0.0,0.0,0.0,0.0,0.0,0.0,0.0,0.0,0.0,1.0
12,11,0.0,0.0,0.0,0.0,0.0,0.0,0.0,0.0,0.0,0.0,0.0,1.0
12,11,0.0,0.0,0.0,0.0,0.0,0.0,0.0,0.0,0.0,0.0,0.0,1.0
12,11,0.0,0.0,0.0,0.0,0.0,0.0,0.0,0.0,0.0,0.0,0.0,1.0
12,11,0.0,0.0,0.0,0.0,0.0,0.0,0.0,0.0,0.0,0.0,0.0,1.0
12,11,0.0,0.0,0.0,0.0,0.0,0.0,0.0,0.0,0.0,0.0,0.0,1.0
12,11,0.0,0.0,0.0,0.0,0.0,0.0,0.0,0.0,0.0,0.0,0.0,1.0
12,11,0.0,0.0,0.0,0.0,0.0,0.0,0.0,0.0,0.0,0.0,0.0,1.0
12,11,0.0,0.0,0.0,0.0,0.0,0.0,0.0,0.0,0.0,0.0,0.0,1.0
12,11,0.0,0.0,0.0,0.0,0.0,0.0,0.0,0.0,0.0,0.0,0.0,1.0
12,11,0.0,0.0,0.0,0.0,0.0,0.0,0.0,0.0,0.0,0.0,0.0,1.0
12,11,0.0,0.0,0.0,0.0,0.0,0.0,0.0,0.0,0.0,0.0,0.0,1.0
12,11,0.0,0.0,0.0,0.0,0.0,0.0,0.0,0.0,0.0,0.0,0.0,1.0
12,11,0.0,0.0,0.0,0.0,0.0,0.0,0.0,0.0,0.0,0.0,0.0,1.0
12,11,0.0,0.0,0.0,0.0,0.0,0.0,0.0,0.0,0.0,0.0,0.0,1.0
12,11,0.0,0.0,0.0,0.0,0.0,0.0,0.0,0.0,0.0,0.0,0.0,1.0
12,11,0.0,0.0,0.0,0.0,0.0,0.0,0.0,0.0,0.0,0.0,0.0,1.0
12,11,0.0,0.0,0.0,0.0,0.0,0.0,0.0,0.0,0.0,0.0,0.0,1.0
12,11,0.0,0.0,0.0,0.0,0.0,0.0,0.0,0.0,0.0,0.0,0.0,1.0
12,11,0.0,0.0,0.0,0.0,0.0,0.0,0.0,0.0,0.0,0.0,0.0,1.0
12,11,0.0,0.0,0.0,0.0,0.0,0.0,0.0,0.0,0.0,0.0,0.0,1.0
12,11,0.0,0.0,0.0,0.0,0.0,0.0,0.0,0.0,0.0,0.0,0.0,1.0
12,11,0.0,0.0,0.0,0.0,0.0,0.0,0.0,0.0,0.0,0.0,0.0,1.0
12,11,0.0,0.0,0.0,0.0,0.0,0.0,0.0,0.0,0.0,0.0,0.0,1.0
12,11,0.0,0.0,0.0,0.0,0.0,0.0,0.0,0.0,0.0,0.0,0.0,1.0
12,11,0.0,0.0,0.0,0.0,0.0,0.0,0.0,0.0,0.0,0.0,0.0,1.0
12,11,0.0,0.0,0.0,0.0,0.0,0.0,0.0,0.0,0.0,0.0,0.0,1.0
12,11,0.0,0.0,0.0,0.0,0.0,0.0,0.0,0.0,0.0,0.0,0.0,1.0
12,11,0.0,0.0,0.0,0.0,0.0,0.0,0.0,0.0,0.0,0.0,0.0,1.0
12,11,0.0,0.0,0.0,0.0,0.0,0.0,0.0,0.0,0.0,0.0,0.0,1.0
12,11,0.0,0.0,0.0,0.0,0.0,0.0,0.0,0.0,0.0,0.0,0.0,1.0
12,11,0.0,0.0,0.0,0.0,0.0,0.0,0.0,0.0,0.0,0.0,0.0,1.0
12,11,0.0,0.0,0.0,0.0,0.0,0.0,0.0,0.0,0.0,0.0,0.0,1.0
12,11,0.0,0.0,0.0,0.0,0.0,0.0,0.0,0.0,0.0,0.0,0.0,1.0
12,11,0.0,0.0,0.0,0.0,0.0,0.0,0.0,0.0,0.0,0.0,0.0,1.0
12,11,0.0,0.0,0.0,0.0,0.0,0.0,0.0,0.0,0.0,0.0,0.0,1.0
12,11,0.0,0.0,0.0,0.0,0.0,0.0,0.0,0.0,0.0,0.0,0.0,1.0
12,11,0.0,0.0,0.0,0.0,0.0,0.0,0.0,0.0,0.0,0.0,0.0,1.0
12,11,0.0,0.0,0.0,0.0,0.0,0.0,0.0,0.0,0.0,0.0,0.0,1.0
12,11,0.0,0.0,0.0,0.0,0.0,0.0,0.0,0.0,0.0,0.0,0.0,1.0
12,11,0.0,0.0,0.0,0.0,0.0,0.0,0.0,0.0,0.0,0.0,0.0,1.0
12,11,0.0,0.0,0.0,0.0,0.0,0.0,0.0,0.0,0.0,0.0,0.0,1.0
12,11,0.0,0.0,0.0,0.0,0.0,0.0,0.0,0.0,0.0,0.0,0.0,1.0
12,11,0.0,0.0,0.0,0.0,0.0,0.0,0.0,0.0,0.0,0.0,0.0,1.0
12,11,0.0,0.0,0.0,0.0,0.0,0.0,0.0,0.0,0.0,0.0,0.0,1.0
12,11,0.0,0.0,0.0,0.0,0.0,0.0,0.0,0.0,0.0,0.0,0.0,1.0
12,11,0.0,0.0,0.0,0.0,0.0,0.0,0.0,0.0,0.0,0.0,0.0,1.0
12,11,0.0,0.0,0.0,0.0,0.0,0.0,0.0,0.0,0.0,0.0,0.0,1.0
12,11,0.0,0.0,0.0,0.0,0.0,0.0,0.0,0.0,0.0,0.0,0.0,1.0
12,11,0.0,0.0,0.0,0.0,0.0,0.0,0.0,0.0,0.0,0.0,0.0,1.0
12,11,0.0,0.0,0.0,0.0,0.0,0.0,0.0,0.0,0.0,0.0,0.0,1.0
12,11,0.0,0.0,0.0,0.0,0.0,0.0,0.0,0.0,0.0,0.0,0.0,1.0
12,11,0.0,0.0,0.0,0.0,0.0,0.0,0.0,0.0,0.0,0.0,0.0,1.0
12,11,0.0,0.0,0.0,0.0,0.0,0.0,0.0,0.0,0.0,0.0,0.0,1.0
12,11,0.0,0.0,0.0,0.0,0.0,0.0,0.0,0.0,0.0,0.0,0.0,1.0
12,11,0.0,0.0,0.0,0.0,0.0,0.0,0.0,0.0,0.0,0.0,0.0,1.0
12,11,0.0,0.0,0.0,0.0,0.0,0.0,0.0,0.0,0.0,0.0,0.0,1.0
12,11,0.0,0.0,0.0,0.0,0.0,0.0,0.0,0.0,0.0,0.0,0.0,1.0
12,11,0.0,0.0,0.0,0.0,0.0,0.0,0.0,0.0,0.0,0.0,0.0,1.0
12,11,0.0,0.0,0.0,0.0,0.0,0.0,0.0,0.0,0.0,0.0,0.0,1.0
12,11,0.0,0.0,0.0,0.0,0.0,0.0,0.0,0.0,0.0,0.0,0.0,1.0
12,11,0.0,0.0,0.0,0.0,0.0,0.0,0.0,0.0,0.0,0.0,0.0,1.0
12,11,0.0,0.0,0.0,0.0,0.0,0.0,0.0,0.0,0.0,0.0,0.0,1.0
12,11,0.0,0.0,0.0,0.0,0.0,0.0,0.0,0.0,0.0,0.0,0.0,1.0
12,11,0.0,0.0,0.0,0.0,0.0,0.0,0.0,0.0,0.0,0.0,0.0,1.0
12,11,0.0,0.0,0.0,0.0,0.0,0.0,0.0,0.0,0.0,0.0,0.0,1.0
12,11,0.0,0.0,0.0,0.0,0.0,0.0,0.0,0.0,0.0,0.0,0.0,1.0
12,11,0.0,0.0,0.0,0.0,0.0,0.0,0.0,0.0,0.0,0.0,0.0,1.0
12,11,0.0,0.0,0.0,0.0,0.0,0.0,0.0,0.0,0.0,0.0,0.0,1.0
12,11,0.0,0.0,0.0,0.0,0.0,0.0,0.0,0.0,0.0,0.0,0.0,1.0
12,11,0.0,0.0,0.0,0.0,0.0,0.0,0.0,0.0,0.0,0.0,0.0,1.0
12,11,0.0,0.0,0.0,0.0,0.0,0.0,0.0,0.0,0.0,0.0,0.0,1.0
12,11,0.0,0.0,0.0,0.0,0.0,0.0,0.0,0.0,0.0,0.0,0.0,1.0
12,11,0.0,0.0,0.0,0.0,0.0,0.0,0.0,0.0,0.0,0.0,0.0,1.0
12,11,0.0,0.0,0.0,0.0,0.0,0.0,0.0,0.0,0.0,0.0,0.0,1.0
12,11,0.0,0.0,0.0,0.0,0.0,0.0,0.0,0.0,0.0,0.0,0.0,1.0
12,11,0.0,0.0,0.0,0.0,0.0,0.0,0.0,0.0,0.0,0.0,0.0,1.0
12,11,0.0,0.0,0.0,0.0,0.0,0.0,0.0,0.0,0.0,0.0,0.0,1.0
12,11,0.0,0.0,0.0,0.0,0.0,0.0,0.0,0.0,0.0,0.0,0.0,1.0
12,11,0.0,0.0,0.0,0.0,0.0,0.0,0.0,0.0,0.0,0.0,0.0,1.0
12,11,0.0,0.0,0.0,0.0,0.0,0.0,0.0,0.0,0.0,0.0,0.0,1.0
12,11,0.0,0.0,0.0,0.0,0.0,0.0,0.0,0.0,0.0,0.0,0.0,1.0
12,11,0.0,0.0,0.0,0.0,0.0,0.0,0.0,0.0,0.0,0.0,0.0,1.0
12,11,0.0,0.0,0.0,0.0,0.0,0.0,0.0,0.0,0.0,0.0,0.0,1.0
12,11,0.0,0.0,0.0,0.0,0.0,0.0,0.0,0.0,0.0,0.0,0.0,1.0
12,11,0.0,0.0,0.0,0.0,0.0,0.0,0.0,0.0,0.0,0.0,0.0,1.0
12,11,0.0,0.0,0.0,0.0,0.0,0.0,0.0,0.0,0.0,0.0,0.0,1.0
12,11,0.0,0.0,0.0,0.0,0.0,0.0,0.0,0.0,0.0,0.0,0.0,1.0
12,11,0.0,0.0,0.0,0.0,0.0,0.0,0.0,0.0,0.0,0.0,0.0,1.0
12,11,0.0,0.0,0.0,0.0,0.0,0.0,0.0,0.0,0.0,0.0,0.0,1.0
12,11,0.0,0.0,0.0,0.0,0.0,0.0,0.0,0.0,0.0,0.0,0.0,1.0
12,11,0.0,0.0,0.0,0.0,0.0,0.0,0.0,0.0,0.0,0.0,0.0,1.0
12,11,0.0,0.0,0.0,0.0,0.0,0.0,0.0,0.0,0.0,0.0,0.0,1.0
12,11,0.0,0.0,0.0,0.0,0.0,0.0,0.0,0.0,0.0,0.0,0.0,1.0
12,11,0.0,0.0,0.0,0.0,0.0,0.0,0.0,0.0,0.0,0.0,0.0,1.0
12,11,0.0,0.0,0.0,0.0,0.0,0.0,0.0,0.0,0.0,0.0,0.0,1.0
12,11,0.0,0.0,0.0,0.0,0.0,0.0,0.0,0.0,0.0,0.0,0.0,1.0
12,11,0.0,0.0,0.0,0.0,0.0,0.0,0.0,0.0,0.0,0.0,0.0,1.0
12,11,0.0,0.0,0.0,0.0,0.0,0.0,0.0,0.0,0.0,0.0,0.0,1.0
12,11,0.0,0.0,0.0,0.0,0.0,0.0,0.0,0.0,0.0,0.0,0.0,1.0
12,11,0.0,0.0,0.0,0.0,0.0,0.0,0.0,0.0,0.0,0.0,0.0,1.0
12,11,0.0,0.0,0.0,0.0,0.0,0.0,0.0,0.0,0.0,0.0,0.0,1.0
12,11,0.0,0.0,0.0,0.0,0.0,0.0,0.0,0.0,0.0,0.0,0.0,1.0
12,11,0.0,0.0,0.0,0.0,0.0,0.0,0.0,0.0,0.0,0.0,0.0,1.0
12,11,0.0,0.0,0.0,0.0,0.0,0.0,0.0,0.0,0.0,0.0,0.0,1.0
12,11,0.0,0.0,0.0,0.0,0.0,0.0,0.0,0.0,0.0,0.0,0.0,1.0
12,11,0.0,0.0,0.0,0.0,0.0,0.0,0.0,0.0,0.0,0.0,0.0,1.0
12,11,0.0,0.0,0.0,0.0,0.0,0.0,0.0,0.0,0.0,0.0,0.0,1.0
12,11,0.0,0.0,0.0,0.0,0.0,0.0,0.0,0.0,0.0,0.0,0.0,1.0
12,11,0.0,0.0,0.0,0.0,0.0,0.0,0.0,0.0,0.0,0.0,0.0,1.0
12,11,0.0,0.0,0.0,0.0,0.0,0.0,0.0,0.0,0.0,0.0,0.0,1.0
12,11,0.0,0.0,0.0,0.0,0.0,0.0,0.0,0.0,0.0,0.0,0.0,1.0
12,11,0.0,0.0,0.0,0.0,0.0,0.0,0.0,0.0,0.0,0.0,0.0,1.0
12,11,0.0,0.0,0.0,0.0,0.0,0.0,0.0,0.0,0.0,0.0,0.0,1.0
12,11,0.0,0.0,0.0,0.0,0.0,0.0,0.0,0.0,0.0,0.0,0.0,1.0
12,11,0.0,0.0,0.0,0.0,0.0,0.0,0.0,0.0,0.0,0.0,0.0,1.0
12,11,0.0,0.0,0.0,0.0,0.0,0.0,0.0,0.0,0.0,0.0,0.0,1.0
12,11,0.0,0.0,0.0,0.0,0.0,0.0,0.0,0.0,0.0,0.0,0.0,1.0
12,11,0.0,0.0,0.0,0.0,0.0,0.0,0.0,0.0,0.0,0.0,0.0,1.0
12,11,0.0,0.0,0.0,0.0,0.0,0.0,0.0,0.0,0.0,0.0,0.0,1.0
12,11,0.0,0.0,0.0,0.0,0.0,0.0,0.0,0.0,0.0,0.0,0.0,1.0
12,11,0.0,0.0,0.0,0.0,0.0,0.0,0.0,0.0,0.0,0.0,0.0,1.0
12,11,0.0,0.0,0.0,0.0,0.0,0.0,0.0,0.0,0.0,0.0,0.0,1.0
12,11,0.0,0.0,0.0,0.0,0.0,0.0,0.0,0.0,0.0,0.0,0.0,1.0
12,11,0.0,0.0,0.0,0.0,0.0,0.0,0.0,0.0,0.0,0.0,0.0,1.0
12,11,0.0,0.0,0.0,0.0,0.0,0.0,0.0,0.0,0.0,0.0,0.0,1.0
12,11,0.0,0.0,0.0,0.0,0.0,0.0,0.0,0.0,0.0,0.0,0.0,1.0
12,11,0.0,0.0,0.0,0.0,0.0,0.0,0.0,0.0,0.0,0.0,0.0,1.0
12,11,0.0,0.0,0.0,0.0,0.0,0.0,0.0,0.0,0.0,0.0,0.0,1.0
12,11,0.0,0.0,0.0,0.0,0.0,0.0,0.0,0.0,0.0,0.0,0.0,1.0
12,11,0.0,0.0,0.0,0.0,0.0,0.0,0.0,0.0,0.0,0.0,0.0,1.0
12,11,0.0,0.0,0.0,0.0,0.0,0.0,0.0,0.0,0.0,0.0,0.0,1.0
12,11,0.0,0.0,0.0,0.0,0.0,0.0,0.0,0.0,0.0,0.0,0.0,1.0
12,11,0.0,0.0,0.0,0.0,0.0,0.0,0.0,0.0,0.0,0.0,0.0,1.0
12,11,0.0,0.0,0.0,0.0,0.0,0.0,0.0,0.0,0.0,0.0,0.0,1.0
12,11,0.0,0.0,0.0,0.0,0.0,0.0,0.0,0.0,0.0,0.0,0.0,1.0
12,11,0.0,0.0,0.0,0.0,0.0,0.0,0.0,0.0,0.0,0.0,0.0,1.0
12,11,0.0,0.0,0.0,0.0,0.0,0.0,0.0,0.0,0.0,0.0,0.0,1.0
12,11,0.0,0.0,0.0,0.0,0.0,0.0,0.0,0.0,0.0,0.0,0.0,1.0
12,11,0.0,0.0,0.0,0.0,0.0,0.0,0.0,0.0,0.0,0.0,0.0,1.0
12,11,0.0,0.0,0.0,0.0,0.0,0.0,0.0,0.0,0.0,0.0,0.0,1.0
12,11,0.0,0.0,0.0,0.0,0.0,0.0,0.0,0.0,0.0,0.0,0.0,1.0
12,11,0.0,0.0,0.0,0.0,0.0,0.0,0.0,0.0,0.0,0.0,0.0,1.0
12,11,0.0,0.0,0.0,0.0,0.0,0.0,0.0,0.0,0.0,0.0,0.0,1.0
12,11,0.0,0.0,0.0,0.0,0.0,0.0,0.0,0.0,0.0,0.0,0.0,1.0
12,11,0.0,0.0,0.0,0.0,0.0,0.0,0.0,0.0,0.0,0.0,0.0,1.0
12,11,0.0,0.0,0.0,0.0,0.0,0.0,0.0,0.0,0.0,0.0,0.0,1.0
12,11,0.0,0.0,0.0,0.0,0.0,0.0,0.0,0.0,0.0,0.0,0.0,1.0
12,11,0.0,0.0,0.0,0.0,0.0,0.0,0.0,0.0,0.0,0.0,0.0,1.0
12,11,0.0,0.0,0.0,0.0,0.0,0.0,0.0,0.0,0.0,0.0,0.0,1.0
12,11,0.0,0.0,0.0,0.0,0.0,0.0,0.0,0.0,0.0,0.0,0.0,1.0
12,11,0.0,0.0,0.0,0.0,0.0,0.0,0.0,0.0,0.0,0.0,0.0,1.0
12,11,0.0,0.0,0.0,0.0,0.0,0.0,0.0,0.0,0.0,0.0,0.0,1.0
12,11,0.0,0.0,0.0,0.0,0.0,0.0,0.0,0.0,0.0,0.0,0.0,1.0
12,11,0.0,0.0,0.0,0.0,0.0,0.0,0.0,0.0,0.0,0.0,0.0,1.0
12,11,0.0,0.0,0.0,0.0,0.0,0.0,0.0,0.0,0.0,0.0,0.0,1.0
12,11,0.0,0.0,0.0,0.0,0.0,0.0,0.0,0.0,0.0,0.0,0.0,1.0
12,11,0.0,0.0,0.0,0.0,0.0,0.0,0.0,0.0,0.0,0.0,0.0,1.0
12,11,0.0,0.0,0.0,0.0,0.0,0.0,0.0,0.0,0.0,0.0,0.0,1.0
12,11,0.0,0.0,0.0,0.0,0.0,0.0,0.0,0.0,0.0,0.0,0.0,1.0
12,11,0.0,0.0,0.0,0.0,0.0,0.0,0.0,0.0,0.0,0.0,0.0,1.0
12,11,0.0,0.0,0.0,0.0,0.0,0.0,0.0,0.0,0.0,0.0,0.0,1.0
12,11,0.0,0.0,0.0,0.0,0.0,0.0,0.0,0.0,0.0,0.0,0.0,1.0
12,11,0.0,0.0,0.0,0.0,0.0,0.0,0.0,0.0,0.0,0.0,0.0,1.0
12,11,0.0,0.0,0.0,0.0,0.0,0.0,0.0,0.0,0.0,0.0,0.0,1.0
12,11,0.0,0.0,0.0,0.0,0.0,0.0,0.0,0.0,0.0,0.0,0.0,1.0
12,11,0.0,0.0,0.0,0.0,0.0,0.0,0.0,0.0,0.0,0.0,0.0,1.0
12,11,0.0,0.0,0.0,0.0,0.0,0.0,0.0,0.0,0.0,0.0,0.0,1.0
12,11,0.0,0.0,0.0,0.0,0.0,0.0,0.0,0.0,0.0,0.0,0.0,1.0
12,11,0.0,0.0,0.0,0.0,0.0,0.0,0.0,0.0,0.0,0.0,0.0,1.0
12,11,0.0,0.0,0.0,0.0,0.0,0.0,0.0,0.0,0.0,0.0,0.0,1.0
12,11,0.0,0.0,0.0,0.0,0.0,0.0,0.0,0.0,0.0,0.0,0.0,1.0
12,11,0.0,0.0,0.0,0.0,0.0,0.0,0.0,0.0,0.0,0.0,0.0,1.0
12,11,0.0,0.0,0.0,0.0,0.0,0.0,0.0,0.0,0.0,0.0,0.0,1.0
12,11,0.0,0.0,0.0,0.0,0.0,0.0,0.0,0.0,0.0,0.0,0.0,1.0
12,11,0.0,0.0,0.0,0.0,0.0,0.0,0.0,0.0,0.0,0.0,0.0,1.0
12,11,0.0,0.0,0.0,0.0,0.0,0.0,0.0,0.0,0.0,0.0,0.0,1.0
12,11,0.0,0.0,0.0,0.0,0.0,0.0,0.0,0.0,0.0,0.0,0.0,1.0
12,11,0.0,0.0,0.0,0.0,0.0,0.0,0.0,0.0,0.0,0.0,0.0,1.0
12,11,0.0,0.0,0.0,0.0,0.0,0.0,0.0,0.0,0.0,0.0,0.0,1.0
12,11,0.0,0.0,0.0,0.0,0.0,0.0,0.0,0.0,0.0,0.0,0.0,1.0
12,11,0.0,0.0,0.0,0.0,0.0,0.0,0.0,0.0,0.0,0.0,0.0,1.0
12,11,0.0,0.0,0.0,0.0,0.0,0.0,0.0,0.0,0.0,0.0,0.0,1.0
12,11,0.0,0.0,0.0,0.0,0.0,0.0,0.0,0.0,0.0,0.0,0.0,1.0
12,11,0.0,0.0,0.0,0.0,0.0,0.0,0.0,0.0,0.0,0.0,0.0,1.0
12,11,0.0,0.0,0.0,0.0,0.0,0.0,0.0,0.0,0.0,0.0,0.0,1.0
12,11,0.0,0.0,0.0,0.0,0.0,0.0,0.0,0.0,0.0,0.0,0.0,1.0
12,11,0.0,0.0,0.0,0.0,0.0,0.0,0.0,0.0,0.0,0.0,0.0,1.0
12,11,0.0,0.0,0.0,0.0,0.0,0.0,0.0,0.0,0.0,0.0,0.0,1.0
12,11,0.0,0.0,0.0,0.0,0.0,0.0,0.0,0.0,0.0,0.0,0.0,1.0
12,11,0.0,0.0,0.0,0.0,0.0,0.0,0.0,0.0,0.0,0.0,0.0,1.0
12,11,0.0,0.0,0.0,0.0,0.0,0.0,0.0,0.0,0.0,0.0,0.0,1.0
12,11,0.0,0.0,0.0,0.0,0.0,0.0,0.0,0.0,0.0,0.0,0.0,1.0
12,11,0.0,0.0,0.0,0.0,0.0,0.0,0.0,0.0,0.0,0.0,0.0,1.0
12,11,0.0,0.0,0.0,0.0,0.0,0.0,0.0,0.0,0.0,0.0,0.0,1.0
12,11,0.0,0.0,0.0,0.0,0.0,0.0,0.0,0.0,0.0,0.0,0.0,1.0
12,11,0.0,0.0,0.0,0.0,0.0,0.0,0.0,0.0,0.0,0.0,0.0,1.0
12,11,0.0,0.0,0.0,0.0,0.0,0.0,0.0,0.0,0.0,0.0,0.0,1.0
12,11,0.0,0.0,0.0,0.0,0.0,0.0,0.0,0.0,0.0,0.0,0.0,1.0
12,11,0.0,0.0,0.0,0.0,0.0,0.0,0.0,0.0,0.0,0.0,0.0,1.0
12,11,0.0,0.0,0.0,0.0,0.0,0.0,0.0,0.0,0.0,0.0,0.0,1.0
12,11,0.0,0.0,0.0,0.0,0.0,0.0,0.0,0.0,0.0,0.0,0.0,1.0
12,11,0.0,0.0,0.0,0.0,0.0,0.0,0.0,0.0,0.0,0.0,0.0,1.0
12,11,0.0,0.0,0.0,0.0,0.0,0.0,0.0,0.0,0.0,0.0,0.0,1.0
12,11,0.0,0.0,0.0,0.0,0.0,0.0,0.0,0.0,0.0,0.0,0.0,1.0
12,11,0.0,0.0,0.0,0.0,0.0,0.0,0.0,0.0,0.0,0.0,0.0,1.0
12,11,0.0,0.0,0.0,0.0,0.0,0.0,0.0,0.0,0.0,0.0,0.0,1.0
12,11,0.0,0.0,0.0,0.0,0.0,0.0,0.0,0.0,0.0,0.0,0.0,1.0
12,11,0.0,0.0,0.0,0.0,0.0,0.0,0.0,0.0,0.0,0.0,0.0,1.0
12,11,0.0,0.0,0.0,0.0,0.0,0.0,0.0,0.0,0.0,0.0,0.0,1.0
12,11,0.0,0.0,0.0,0.0,0.0,0.0,0.0,0.0,0.0,0.0,0.0,1.0
12,11,0.0,0.0,0.0,0.0,0.0,0.0,0.0,0.0,0.0,0.0,0.0,1.0
12,11,0.0,0.0,0.0,0.0,0.0,0.0,0.0,0.0,0.0,0.0,0.0,1.0
12,11,0.0,0.0,0.0,0.0,0.0,0.0,0.0,0.0,0.0,0.0,0.0,1.0
12,11,0.0,0.0,0.0,0.0,0.0,0.0,0.0,0.0,0.0,0.0,0.0,1.0
12,11,0.0,0.0,0.0,0.0,0.0,0.0,0.0,0.0,0.0,0.0,0.0,1.0
12,11,0.0,0.0,0.0,0.0,0.0,0.0,0.0,0.0,0.0,0.0,0.0,1.0
12,11,0.0,0.0,0.0,0.0,0.0,0.0,0.0,0.0,0.0,0.0,0.0,1.0
12,11,0.0,0.0,0.0,0.0,0.0,0.0,0.0,0.0,0.0,0.0,0.0,1.0
12,11,0.0,0.0,0.0,0.0,0.0,0.0,0.0,0.0,0.0,0.0,0.0,1.0
12,11,0.0,0.0,0.0,0.0,0.0,0.0,0.0,0.0,0.0,0.0,0.0,1.0
12,11,0.0,0.0,0.0,0.0,0.0,0.0,0.0,0.0,0.0,0.0,0.0,1.0
12,11,0.0,0.0,0.0,0.0,0.0,0.0,0.0,0.0,0.0,0.0,0.0,1.0
12,11,0.0,0.0,0.0,0.0,0.0,0.0,0.0,0.0,0.0,0.0,0.0,1.0
12,11,0.0,0.0,0.0,0.0,0.0,0.0,0.0,0.0,0.0,0.0,0.0,1.0
12,11,0.0,0.0,0.0,0.0,0.0,0.0,0.0,0.0,0.0,0.0,0.0,1.0
12,11,0.0,0.0,0.0,0.0,0.0,0.0,0.0,0.0,0.0,0.0,0.0,1.0
12,11,0.0,0.0,0.0,0.0,0.0,0.0,0.0,0.0,0.0,0.0,0.0,1.0
12,11,0.0,0.0,0.0,0.0,0.0,0.0,0.0,0.0,0.0,0.0,0.0,1.0
12,11,0.0,0.0,0.0,0.0,0.0,0.0,0.0,0.0,0.0,0.0,0.0,1.0
12,11,0.0,0.0,0.0,0.0,0.0,0.0,0.0,0.0,0.0,0.0,0.0,1.0
12,11,0.0,0.0,0.0,0.0,0.0,0.0,0.0,0.0,0.0,0.0,0.0,1.0
12,11,0.0,0.0,0.0,0.0,0.0,0.0,0.0,0.0,0.0,0.0,0.0,1.0
12,11,0.0,0.0,0.0,0.0,0.0,0.0,0.0,0.0,0.0,0.0,0.0,1.0
12,11,0.0,0.0,0.0,0.0,0.0,0.0,0.0,0.0,0.0,0.0,0.0,1.0
12,11,0.0,0.0,0.0,0.0,0.0,0.0,0.0,0.0,0.0,0.0,0.0,1.0
12,11,0.0,0.0,0.0,0.0,0.0,0.0,0.0,0.0,0.0,0.0,0.0,1.0
12,11,0.0,0.0,0.0,0.0,0.0,0.0,0.0,0.0,0.0,0.0,0.0,1.0
12,11,0.0,0.0,0.0,0.0,0.0,0.0,0.0,0.0,0.0,0.0,0.0,1.0
12,11,0.0,0.0,0.0,0.0,0.0,0.0,0.0,0.0,0.0,0.0,0.0,1.0
12,11,0.0,0.0,0.0,0.0,0.0,0.0,0.0,0.0,0.0,0.0,0.0,1.0
12,11,0.0,0.0,0.0,0.0,0.0,0.0,0.0,0.0,0.0,0.0,0.0,1.0
12,11,0.0,0.0,0.0,0.0,0.0,0.0,0.0,0.0,0.0,0.0,0.0,1.0
12,11,0.0,0.0,0.0,0.0,0.0,0.0,0.0,0.0,0.0,0.0,0.0,1.0
12,11,0.0,0.0,0.0,0.0,0.0,0.0,0.0,0.0,0.0,0.0,0.0,1.0
12,11,0.0,0.0,0.0,0.0,0.0,0.0,0.0,0.0,0.0,0.0,0.0,1.0
12,11,0.0,0.0,0.0,0.0,0.0,0.0,0.0,0.0,0.0,0.0,0.0,1.0
12,11,0.0,0.0,0.0,0.0,0.0,0.0,0.0,0.0,0.0,0.0,0.0,1.0
12,11,0.0,0.0,0.0,0.0,0.0,0.0,0.0,0.0,0.0,0.0,0.0,1.0
12,11,0.0,0.0,0.0,0.0,0.0,0.0,0.0,0.0,0.0,0.0,0.0,1.0
12,11,0.0,0.0,0.0,0.0,0.0,0.0,0.0,0.0,0.0,0.0,0.0,1.0
12,11,0.0,0.0,0.0,0.0,0.0,0.0,0.0,0.0,0.0,0.0,0.0,1.0
12,11,0.0,0.0,0.0,0.0,0.0,0.0,0.0,0.0,0.0,0.0,0.0,1.0
12,11,0.0,0.0,0.0,0.0,0.0,0.0,0.0,0.0,0.0,0.0,0.0,1.0
12,11,0.0,0.0,0.0,0.0,0.0,0.0,0.0,0.0,0.0,0.0,0.0,1.0
12,11,0.0,0.0,0.0,0.0,0.0,0.0,0.0,0.0,0.0,0.0,0.0,1.0
12,11,0.0,0.0,0.0,0.0,0.0,0.0,0.0,0.0,0.0,0.0,0.0,1.0
12,11,0.0,0.0,0.0,0.0,0.0,0.0,0.0,0.0,0.0,0.0,0.0,1.0
12,11,0.0,0.0,0.0,0.0,0.0,0.0,0.0,0.0,0.0,0.0,0.0,1.0
12,11,0.0,0.0,0.0,0.0,0.0,0.0,0.0,0.0,0.0,0.0,0.0,1.0
12,11,0.0,0.0,0.0,0.0,0.0,0.0,0.0,0.0,0.0,0.0,0.0,1.0
12,11,0.0,0.0,0.0,0.0,0.0,0.0,0.0,0.0,0.0,0.0,0.0,1.0
12,11,0.0,0.0,0.0,0.0,0.0,0.0,0.0,0.0,0.0,0.0,0.0,1.0
12,11,0.0,0.0,0.0,0.0,0.0,0.0,0.0,0.0,0.0,0.0,0.0,1.0
12,11,0.0,0.0,0.0,0.0,0.0,0.0,0.0,0.0,0.0,0.0,0.0,1.0
12,11,0.0,0.0,0.0,0.0,0.0,0.0,0.0,0.0,0.0,0.0,0.0,1.0
12,11,0.0,0.0,0.0,0.0,0.0,0.0,0.0,0.0,0.0,0.0,0.0,1.0
12,11,0.0,0.0,0.0,0.0,0.0,0.0,0.0,0.0,0.0,0.0,0.0,1.0
12,11,0.0,0.0,0.0,0.0,0.0,0.0,0.0,0.0,0.0,0.0,0.0,1.0
12,11,0.0,0.0,0.0,0.0,0.0,0.0,0.0,0.0,0.0,0.0,0.0,1.0
12,11,0.0,0.0,0.0,0.0,0.0,0.0,0.0,0.0,0.0,0.0,0.0,1.0
12,11,0.0,0.0,0.0,0.0,0.0,0.0,0.0,0.0,0.0,0.0,0.0,1.0
12,11,0.0,0.0,0.0,0.0,0.0,0.0,0.0,0.0,0.0,0.0,0.0,1.0
12,11,0.0,0.0,0.0,0.0,0.0,0.0,0.0,0.0,0.0,0.0,0.0,1.0
12,11,0.0,0.0,0.0,0.0,0.0,0.0,0.0,0.0,0.0,0.0,0.0,1.0
12,11,0.0,0.0,0.0,0.0,0.0,0.0,0.0,0.0,0.0,0.0,0.0,1.0
12,11,0.0,0.0,0.0,0.0,0.0,0.0,0.0,0.0,0.0,0.0,0.0,1.0
12,11,0.0,0.0,0.0,0.0,0.0,0.0,0.0,0.0,0.0,0.0,0.0,1.0
12,11,0.0,0.0,0.0,0.0,0.0,0.0,0.0,0.0,0.0,0.0,0.0,1.0
12,11,0.0,0.0,0.0,0.0,0.0,0.0,0.0,0.0,0.0,0.0,0.0,1.0
12,11,0.0,0.0,0.0,0.0,0.0,0.0,0.0,0.0,0.0,0.0,0.0,1.0
12,11,0.0,0.0,0.0,0.0,0.0,0.0,0.0,0.0,0.0,0.0,0.0,1.0
12,11,0.0,0.0,0.0,0.0,0.0,0.0,0.0,0.0,0.0,0.0,0.0,1.0
12,11,0.0,0.0,0.0,0.0,0.0,0.0,0.0,0.0,0.0,0.0,0.0,1.0
12,11,0.0,0.0,0.0,0.0,0.0,0.0,0.0,0.0,0.0,0.0,0.0,1.0
12,11,0.0,0.0,0.0,0.0,0.0,0.0,0.0,0.0,0.0,0.0,0.0,1.0
12,11,0.0,0.0,0.0,0.0,0.0,0.0,0.0,0.0,0.0,0.0,0.0,1.0
12,11,0.0,0.0,0.0,0.0,0.0,0.0,0.0,0.0,0.0,0.0,0.0,1.0
12,11,0.0,0.0,0.0,0.0,0.0,0.0,0.0,0.0,0.0,0.0,0.0,1.0
12,11,0.0,0.0,0.0,0.0,0.0,0.0,0.0,0.0,0.0,0.0,0.0,1.0
12,11,0.0,0.0,0.0,0.0,0.0,0.0,0.0,0.0,0.0,0.0,0.0,1.0
12,11,0.0,0.0,0.0,0.0,0.0,0.0,0.0,0.0,0.0,0.0,0.0,1.0
12,11,0.0,0.0,0.0,0.0,0.0,0.0,0.0,0.0,0.0,0.0,0.0,1.0
12,11,0.0,0.0,0.0,0.0,0.0,0.0,0.0,0.0,0.0,0.0,0.0,1.0
12,11,0.0,0.0,0.0,0.0,0.0,0.0,0.0,0.0,0.0,0.0,0.0,1.0
12,11,0.0,0.0,0.0,0.0,0.0,0.0,0.0,0.0,0.0,0.0,0.0,1.0
12,11,0.0,0.0,0.0,0.0,0.0,0.0,0.0,0.0,0.0,0.0,0.0,1.0
12,11,0.0,0.0,0.0,0.0,0.0,0.0,0.0,0.0,0.0,0.0,0.0,1.0
12,11,0.0,0.0,0.0,0.0,0.0,0.0,0.0,0.0,0.0,0.0,0.0,1.0
12,11,0.0,0.0,0.0,0.0,0.0,0.0,0.0,0.0,0.0,0.0,0.0,1.0
12,11,0.0,0.0,0.0,0.0,0.0,0.0,0.0,0.0,0.0,0.0,0.0,1.0
12,11,0.0,0.0,0.0,0.0,0.0,0.0,0.0,0.0,0.0,0.0,0.0,1.0
12,11,0.0,0.0,0.0,0.0,0.0,0.0,0.0,0.0,0.0,0.0,0.0,1.0
12,11,0.0,0.0,0.0,0.0,0.0,0.0,0.0,0.0,0.0,0.0,0.0,1.0
12,11,0.0,0.0,0.0,0.0,0.0,0.0,0.0,0.0,0.0,0.0,0.0,1.0
12,11,0.0,0.0,0.0,0.0,0.0,0.0,0.0,0.0,0.0,0.0,0.0,1.0
12,11,0.0,0.0,0.0,0.0,0.0,0.0,0.0,0.0,0.0,0.0,0.0,1.0
12,11,0.0,0.0,0.0,0.0,0.0,0.0,0.0,0.0,0.0,0.0,0.0,1.0
12,11,0.0,0.0,0.0,0.0,0.0,0.0,0.0,0.0,0.0,0.0,0.0,1.0
12,11,0.0,0.0,0.0,0.0,0.0,0.0,0.0,0.0,0.0,0.0,0.0,1.0
12,11,0.0,0.0,0.0,0.0,0.0,0.0,0.0,0.0,0.0,0.0,0.0,1.0
12,11,0.0,0.0,0.0,0.0,0.0,0.0,0.0,0.0,0.0,0.0,0.0,1.0
12,11,0.0,0.0,0.0,0.0,0.0,0.0,0.0,0.0,0.0,0.0,0.0,1.0
12,11,0.0,0.0,0.0,0.0,0.0,0.0,0.0,0.0,0.0,0.0,0.0,1.0
12,11,0.0,0.0,0.0,0.0,0.0,0.0,0.0,0.0,0.0,0.0,0.0,1.0
12,11,0.0,0.0,0.0,0.0,0.0,0.0,0.0,0.0,0.0,0.0,0.0,1.0
12,11,0.0,0.0,0.0,0.0,0.0,0.0,0.0,0.0,0.0,0.0,0.0,1.0
12,11,0.0,0.0,0.0,0.0,0.0,0.0,0.0,0.0,0.0,0.0,0.0,1.0
12,11,0.0,0.0,0.0,0.0,0.0,0.0,0.0,0.0,0.0,0.0,0.0,1.0
12,11,0.0,0.0,0.0,0.0,0.0,0.0,0.0,0.0,0.0,0.0,0.0,1.0
12,11,0.0,0.0,0.0,0.0,0.0,0.0,0.0,0.0,0.0,0.0,0.0,1.0
12,11,0.0,0.0,0.0,0.0,0.0,0.0,0.0,0.0,0.0,0.0,0.0,1.0
12,11,0.0,0.0,0.0,0.0,0.0,0.0,0.0,0.0,0.0,0.0,0.0,1.0
12,11,0.0,0.0,0.0,0.0,0.0,0.0,0.0,0.0,0.0,0.0,0.0,1.0
12,11,0.0,0.0,0.0,0.0,0.0,0.0,0.0,0.0,0.0,0.0,0.0,1.0
12,11,0.0,0.0,0.0,0.0,0.0,0.0,0.0,0.0,0.0,0.0,0.0,1.0
12,11,0.0,0.0,0.0,0.0,0.0,0.0,0.0,0.0,0.0,0.0,0.0,1.0
12,11,0.0,0.0,0.0,0.0,0.0,0.0,0.0,0.0,0.0,0.0,0.0,1.0
12,11,0.0,0.0,0.0,0.0,0.0,0.0,0.0,0.0,0.0,0.0,0.0,1.0
12,11,0.0,0.0,0.0,0.0,0.0,0.0,0.0,0.0,0.0,0.0,0.0,1.0
12,11,0.0,0.0,0.0,0.0,0.0,0.0,0.0,0.0,0.0,0.0,0.0,1.0
12,11,0.0,0.0,0.0,0.0,0.0,0.0,0.0,0.0,0.0,0.0,0.0,1.0
12,11,0.0,0.0,0.0,0.0,0.0,0.0,0.0,0.0,0.0,0.0,0.0,1.0
12,11,0.0,0.0,0.0,0.0,0.0,0.0,0.0,0.0,0.0,0.0,0.0,1.0
12,11,0.0,0.0,0.0,0.0,0.0,0.0,0.0,0.0,0.0,0.0,0.0,1.0
12,11,0.0,0.0,0.0,0.0,0.0,0.0,0.0,0.0,0.0,0.0,0.0,1.0
12,11,0.0,0.0,0.0,0.0,0.0,0.0,0.0,0.0,0.0,0.0,0.0,1.0
12,11,0.0,0.0,0.0,0.0,0.0,0.0,0.0,0.0,0.0,0.0,0.0,1.0
12,11,0.0,0.0,0.0,0.0,0.0,0.0,0.0,0.0,0.0,0.0,0.0,1.0
12,11,0.0,0.0,0.0,0.0,0.0,0.0,0.0,0.0,0.0,0.0,0.0,1.0
12,11,0.0,0.0,0.0,0.0,0.0,0.0,0.0,0.0,0.0,0.0,0.0,1.0
12,11,0.0,0.0,0.0,0.0,0.0,0.0,0.0,0.0,0.0,0.0,0.0,1.0
12,11,0.0,0.0,0.0,0.0,0.0,0.0,0.0,0.0,0.0,0.0,0.0,1.0
12,11,0.0,0.0,0.0,0.0,0.0,0.0,0.0,0.0,0.0,0.0,0.0,1.0
12,11,0.0,0.0,0.0,0.0,0.0,0.0,0.0,0.0,0.0,0.0,0.0,1.0
12,11,0.0,0.0,0.0,0.0,0.0,0.0,0.0,0.0,0.0,0.0,0.0,1.0
12,11,0.0,0.0,0.0,0.0,0.0,0.0,0.0,0.0,0.0,0.0,0.0,1.0
12,11,0.0,0.0,0.0,0.0,0.0,0.0,0.0,0.0,0.0,0.0,0.0,1.0
12,11,0.0,0.0,0.0,0.0,0.0,0.0,0.0,0.0,0.0,0.0,0.0,1.0
12,11,0.0,0.0,0.0,0.0,0.0,0.0,0.0,0.0,0.0,0.0,0.0,1.0
12,11,0.0,0.0,0.0,0.0,0.0,0.0,0.0,0.0,0.0,0.0,0.0,1.0
12,11,0.0,0.0,0.0,0.0,0.0,0.0,0.0,0.0,0.0,0.0,0.0,1.0
12,11,0.0,0.0,0.0,0.0,0.0,0.0,0.0,0.0,0.0,0.0,0.0,1.0
12,11,0.0,0.0,0.0,0.0,0.0,0.0,0.0,0.0,0.0,0.0,0.0,1.0
12,11,0.0,0.0,0.0,0.0,0.0,0.0,0.0,0.0,0.0,0.0,0.0,1.0
12,11,0.0,0.0,0.0,0.0,0.0,0.0,0.0,0.0,0.0,0.0,0.0,1.0
12,11,0.0,0.0,0.0,0.0,0.0,0.0,0.0,0.0,0.0,0.0,0.0,1.0
12,11,0.0,0.0,0.0,0.0,0.0,0.0,0.0,0.0,0.0,0.0,0.0,1.0
12,11,0.0,0.0,0.0,0.0,0.0,0.0,0.0,0.0,0.0,0.0,0.0,1.0
12,11,0.0,0.0,0.0,0.0,0.0,0.0,0.0,0.0,0.0,0.0,0.0,1.0
12,11,0.0,0.0,0.0,0.0,0.0,0.0,0.0,0.0,0.0,0.0,0.0,1.0
12,11,0.0,0.0,0.0,0.0,0.0,0.0,0.0,0.0,0.0,0.0,0.0,1.0
12,11,0.0,0.0,0.0,0.0,0.0,0.0,0.0,0.0,0.0,0.0,0.0,1.0
12,11,0.0,0.0,0.0,0.0,0.0,0.0,0.0,0.0,0.0,0.0,0.0,1.0
12,11,0.0,0.0,0.0,0.0,0.0,0.0,0.0,0.0,0.0,0.0,0.0,1.0
12,11,0.0,0.0,0.0,0.0,0.0,0.0,0.0,0.0,0.0,0.0,0.0,1.0
12,11,0.0,0.0,0.0,0.0,0.0,0.0,0.0,0.0,0.0,0.0,0.0,1.0
12,11,0.0,0.0,0.0,0.0,0.0,0.0,0.0,0.0,0.0,0.0,0.0,1.0
12,11,0.0,0.0,0.0,0.0,0.0,0.0,0.0,0.0,0.0,0.0,0.0,1.0
12,11,0.0,0.0,0.0,0.0,0.0,0.0,0.0,0.0,0.0,0.0,0.0,1.0
12,11,0.0,0.0,0.0,0.0,0.0,0.0,0.0,0.0,0.0,0.0,0.0,1.0
12,11,0.0,0.0,0.0,0.0,0.0,0.0,0.0,0.0,0.0,0.0,0.0,1.0
12,11,0.0,0.0,0.0,0.0,0.0,0.0,0.0,0.0,0.0,0.0,0.0,1.0
12,11,0.0,0.0,0.0,0.0,0.0,0.0,0.0,0.0,0.0,0.0,0.0,1.0
12,11,0.0,0.0,0.0,0.0,0.0,0.0,0.0,0.0,0.0,0.0,0.0,1.0
12,11,0.0,0.0,0.0,0.0,0.0,0.0,0.0,0.0,0.0,0.0,0.0,1.0
12,11,0.0,0.0,0.0,0.0,0.0,0.0,0.0,0.0,0.0,0.0,0.0,1.0
12,11,0.0,0.0,0.0,0.0,0.0,0.0,0.0,0.0,0.0,0.0,0.0,1.0
12,11,0.0,0.0,0.0,0.0,0.0,0.0,0.0,0.0,0.0,0.0,0.0,1.0
12,11,0.0,0.0,0.0,0.0,0.0,0.0,0.0,0.0,0.0,0.0,0.0,1.0
12,11,0.0,0.0,0.0,0.0,0.0,0.0,0.0,0.0,0.0,0.0,0.0,1.0
12,11,0.0,0.0,0.0,0.0,0.0,0.0,0.0,0.0,0.0,0.0,0.0,1.0
12,11,0.0,0.0,0.0,0.0,0.0,0.0,0.0,0.0,0.0,0.0,0.0,1.0
12,11,0.0,0.0,0.0,0.0,0.0,0.0,0.0,0.0,0.0,0.0,0.0,1.0
12,11,0.0,0.0,0.0,0.0,0.0,0.0,0.0,0.0,0.0,0.0,0.0,1.0
12,11,0.0,0.0,0.0,0.0,0.0,0.0,0.0,0.0,0.0,0.0,0.0,1.0
12,11,0.0,0.0,0.0,0.0,0.0,0.0,0.0,0.0,0.0,0.0,0.0,1.0
12,11,0.0,0.0,0.0,0.0,0.0,0.0,0.0,0.0,0.0,0.0,0.0,1.0
12,11,0.0,0.0,0.0,0.0,0.0,0.0,0.0,0.0,0.0,0.0,0.0,1.0
12,11,0.0,0.0,0.0,0.0,0.0,0.0,0.0,0.0,0.0,0.0,0.0,1.0
12,11,0.0,0.0,0.0,0.0,0.0,0.0,0.0,0.0,0.0,0.0,0.0,1.0
12,11,0.0,0.0,0.0,0.0,0.0,0.0,0.0,0.0,0.0,0.0,0.0,1.0
12,11,0.0,0.0,0.0,0.0,0.0,0.0,0.0,0.0,0.0,0.0,0.0,1.0
12,11,0.0,0.0,0.0,0.0,0.0,0.0,0.0,0.0,0.0,0.0,0.0,1.0
12,11,0.0,0.0,0.0,0.0,0.0,0.0,0.0,0.0,0.0,0.0,0.0,1.0
12,11,0.0,0.0,0.0,0.0,0.0,0.0,0.0,0.0,0.0,0.0,0.0,1.0
12,11,0.0,0.0,0.0,0.0,0.0,0.0,0.0,0.0,0.0,0.0,0.0,1.0
12,11,0.0,0.0,0.0,0.0,0.0,0.0,0.0,0.0,0.0,0.0,0.0,1.0
12,11,0.0,0.0,0.0,0.0,0.0,0.0,0.0,0.0,0.0,0.0,0.0,1.0
12,11,0.0,0.0,0.0,0.0,0.0,0.0,0.0,0.0,0.0,0.0,0.0,1.0
12,11,0.0,0.0,0.0,0.0,0.0,0.0,0.0,0.0,0.0,0.0,0.0,1.0
12,11,0.0,0.0,0.0,0.0,0.0,0.0,0.0,0.0,0.0,0.0,0.0,1.0
12,11,0.0,0.0,0.0,0.0,0.0,0.0,0.0,0.0,0.0,0.0,0.0,1.0
12,11,0.0,0.0,0.0,0.0,0.0,0.0,0.0,0.0,0.0,0.0,0.0,1.0
12,11,0.0,0.0,0.0,0.0,0.0,0.0,0.0,0.0,0.0,0.0,0.0,1.0
12,11,0.0,0.0,0.0,0.0,0.0,0.0,0.0,0.0,0.0,0.0,0.0,1.0
12,11,0.0,0.0,0.0,0.0,0.0,0.0,0.0,0.0,0.0,0.0,0.0,1.0
12,11,0.0,0.0,0.0,0.0,0.0,0.0,0.0,0.0,0.0,0.0,0.0,1.0
12,11,0.0,0.0,0.0,0.0,0.0,0.0,0.0,0.0,0.0,0.0,0.0,1.0
12,11,0.0,0.0,0.0,0.0,0.0,0.0,0.0,0.0,0.0,0.0,0.0,1.0
12,11,0.0,0.0,0.0,0.0,0.0,0.0,0.0,0.0,0.0,0.0,0.0,1.0
12,11,0.0,0.0,0.0,0.0,0.0,0.0,0.0,0.0,0.0,0.0,0.0,1.0
12,11,0.0,0.0,0.0,0.0,0.0,0.0,0.0,0.0,0.0,0.0,0.0,1.0
12,11,0.0,0.0,0.0,0.0,0.0,0.0,0.0,0.0,0.0,0.0,0.0,1.0
12,11,0.0,0.0,0.0,0.0,0.0,0.0,0.0,0.0,0.0,0.0,0.0,1.0
12,11,0.0,0.0,0.0,0.0,0.0,0.0,0.0,0.0,0.0,0.0,0.0,1.0
12,11,0.0,0.0,0.0,0.0,0.0,0.0,0.0,0.0,0.0,0.0,0.0,1.0
12,11,0.0,0.0,0.0,0.0,0.0,0.0,0.0,0.0,0.0,0.0,0.0,1.0
12,11,0.0,0.0,0.0,0.0,0.0,0.0,0.0,0.0,0.0,0.0,0.0,1.0
12,11,0.0,0.0,0.0,0.0,0.0,0.0,0.0,0.0,0.0,0.0,0.0,1.0
12,11,0.0,0.0,0.0,0.0,0.0,0.0,0.0,0.0,0.0,0.0,0.0,1.0
12,11,0.0,0.0,0.0,0.0,0.0,0.0,0.0,0.0,0.0,0.0,0.0,1.0
12,11,0.0,0.0,0.0,0.0,0.0,0.0,0.0,0.0,0.0,0.0,0.0,1.0
12,11,0.0,0.0,0.0,0.0,0.0,0.0,0.0,0.0,0.0,0.0,0.0,1.0
12,11,0.0,0.0,0.0,0.0,0.0,0.0,0.0,0.0,0.0,0.0,0.0,1.0
12,11,0.0,0.0,0.0,0.0,0.0,0.0,0.0,0.0,0.0,0.0,0.0,1.0
12,11,0.0,0.0,0.0,0.0,0.0,0.0,0.0,0.0,0.0,0.0,0.0,1.0
12,11,0.0,0.0,0.0,0.0,0.0,0.0,0.0,0.0,0.0,0.0,0.0,1.0
12,11,0.0,0.0,0.0,0.0,0.0,0.0,0.0,0.0,0.0,0.0,0.0,1.0
12,11,0.0,0.0,0.0,0.0,0.0,0.0,0.0,0.0,0.0,0.0,0.0,1.0
12,11,0.0,0.0,0.0,0.0,0.0,0.0,0.0,0.0,0.0,0.0,0.0,1.0
12,11,0.0,0.0,0.0,0.0,0.0,0.0,0.0,0.0,0.0,0.0,0.0,1.0
12,11,0.0,0.0,0.0,0.0,0.0,0.0,0.0,0.0,0.0,0.0,0.0,1.0
12,11,0.0,0.0,0.0,0.0,0.0,0.0,0.0,0.0,0.0,0.0,0.0,1.0
12,11,0.0,0.0,0.0,0.0,0.0,0.0,0.0,0.0,0.0,0.0,0.0,1.0
12,11,0.0,0.0,0.0,0.0,0.0,0.0,0.0,0.0,0.0,0.0,0.0,1.0
12,11,0.0,0.0,0.0,0.0,0.0,0.0,0.0,0.0,0.0,0.0,0.0,1.0
12,11,0.0,0.0,0.0,0.0,0.0,0.0,0.0,0.0,0.0,0.0,0.0,1.0
12,11,0.0,0.0,0.0,0.0,0.0,0.0,0.0,0.0,0.0,0.0,0.0,1.0
12,11,0.0,0.0,0.0,0.0,0.0,0.0,0.0,0.0,0.0,0.0,0.0,1.0
12,11,0.0,0.0,0.0,0.0,0.0,0.0,0.0,0.0,0.0,0.0,0.0,1.0
12,11,0.0,0.0,0.0,0.0,0.0,0.0,0.0,0.0,0.0,0.0,0.0,1.0
12,11,0.0,0.0,0.0,0.0,0.0,0.0,0.0,0.0,0.0,0.0,0.0,1.0
12,11,0.0,0.0,0.0,0.0,0.0,0.0,0.0,0.0,0.0,0.0,0.0,1.0
12,11,0.0,0.0,0.0,0.0,0.0,0.0,0.0,0.0,0.0,0.0,0.0,1.0
12,11,0.0,0.0,0.0,0.0,0.0,0.0,0.0,0.0,0.0,0.0,0.0,1.0
12,11,0.0,0.0,0.0,0.0,0.0,0.0,0.0,0.0,0.0,0.0,0.0,1.0
12,11,0.0,0.0,0.0,0.0,0.0,0.0,0.0,0.0,0.0,0.0,0.0,1.0
12,11,0.0,0.0,0.0,0.0,0.0,0.0,0.0,0.0,0.0,0.0,0.0,1.0
12,11,0.0,0.0,0.0,0.0,0.0,0.0,0.0,0.0,0.0,0.0,0.0,1.0
12,11,0.0,0.0,0.0,0.0,0.0,0.0,0.0,0.0,0.0,0.0,0.0,1.0
12,11,0.0,0.0,0.0,0.0,0.0,0.0,0.0,0.0,0.0,0.0,0.0,1.0
12,11,0.0,0.0,0.0,0.0,0.0,0.0,0.0,0.0,0.0,0.0,0.0,1.0
12,11,0.0,0.0,0.0,0.0,0.0,0.0,0.0,0.0,0.0,0.0,0.0,1.0
12,11,0.0,0.0,0.0,0.0,0.0,0.0,0.0,0.0,0.0,0.0,0.0,1.0
12,11,0.0,0.0,0.0,0.0,0.0,0.0,0.0,0.0,0.0,0.0,0.0,1.0
12,11,0.0,0.0,0.0,0.0,0.0,0.0,0.0,0.0,0.0,0.0,0.0,1.0
12,11,0.0,0.0,0.0,0.0,0.0,0.0,0.0,0.0,0.0,0.0,0.0,1.0
12,11,0.0,0.0,0.0,0.0,0.0,0.0,0.0,0.0,0.0,0.0,0.0,1.0
12,11,0.0,0.0,0.0,0.0,0.0,0.0,0.0,0.0,0.0,0.0,0.0,1.0
12,11,0.0,0.0,0.0,0.0,0.0,0.0,0.0,0.0,0.0,0.0,0.0,1.0
12,11,0.0,0.0,0.0,0.0,0.0,0.0,0.0,0.0,0.0,0.0,0.0,1.0
12,11,0.0,0.0,0.0,0.0,0.0,0.0,0.0,0.0,0.0,0.0,0.0,1.0
12,11,0.0,0.0,0.0,0.0,0.0,0.0,0.0,0.0,0.0,0.0,0.0,1.0
12,11,0.0,0.0,0.0,0.0,0.0,0.0,0.0,0.0,0.0,0.0,0.0,1.0
12,11,0.0,0.0,0.0,0.0,0.0,0.0,0.0,0.0,0.0,0.0,0.0,1.0
12,11,0.0,0.0,0.0,0.0,0.0,0.0,0.0,0.0,0.0,0.0,0.0,1.0
12,11,0.0,0.0,0.0,0.0,0.0,0.0,0.0,0.0,0.0,0.0,0.0,1.0
12,11,0.0,0.0,0.0,0.0,0.0,0.0,0.0,0.0,0.0,0.0,0.0,1.0
12,11,0.0,0.0,0.0,0.0,0.0,0.0,0.0,0.0,0.0,0.0,0.0,1.0
12,11,0.0,0.0,0.0,0.0,0.0,0.0,0.0,0.0,0.0,0.0,0.0,1.0
12,11,0.0,0.0,0.0,0.0,0.0,0.0,0.0,0.0,0.0,0.0,0.0,1.0
12,11,0.0,0.0,0.0,0.0,0.0,0.0,0.0,0.0,0.0,0.0,0.0,1.0
12,11,0.0,0.0,0.0,0.0,0.0,0.0,0.0,0.0,0.0,0.0,0.0,1.0
12,11,0.0,0.0,0.0,0.0,0.0,0.0,0.0,0.0,0.0,0.0,0.0,1.0
12,11,0.0,0.0,0.0,0.0,0.0,0.0,0.0,0.0,0.0,0.0,0.0,1.0
12,11,0.0,0.0,0.0,0.0,0.0,0.0,0.0,0.0,0.0,0.0,0.0,1.0
12,11,0.0,0.0,0.0,0.0,0.0,0.0,0.0,0.0,0.0,0.0,0.0,1.0
12,11,0.0,0.0,0.0,0.0,0.0,0.0,0.0,0.0,0.0,0.0,0.0,1.0
12,11,0.0,0.0,0.0,0.0,0.0,0.0,0.0,0.0,0.0,0.0,0.0,1.0
12,11,0.0,0.0,0.0,0.0,0.0,0.0,0.0,0.0,0.0,0.0,0.0,1.0
12,11,0.0,0.0,0.0,0.0,0.0,0.0,0.0,0.0,0.0,0.0,0.0,1.0
12,11,0.0,0.0,0.0,0.0,0.0,0.0,0.0,0.0,0.0,0.0,0.0,1.0
12,11,0.0,0.0,0.0,0.0,0.0,0.0,0.0,0.0,0.0,0.0,0.0,1.0
12,11,0.0,0.0,0.0,0.0,0.0,0.0,0.0,0.0,0.0,0.0,0.0,1.0
12,11,0.0,0.0,0.0,0.0,0.0,0.0,0.0,0.0,0.0,0.0,0.0,1.0
12,11,0.0,0.0,0.0,0.0,0.0,0.0,0.0,0.0,0.0,0.0,0.0,1.0
12,11,0.0,0.0,0.0,0.0,0.0,0.0,0.0,0.0,0.0,0.0,0.0,1.0
12,11,0.0,0.0,0.0,0.0,0.0,0.0,0.0,0.0,0.0,0.0,0.0,1.0
12,11,0.0,0.0,0.0,0.0,0.0,0.0,0.0,0.0,0.0,0.0,0.0,1.0
12,11,0.0,0.0,0.0,0.0,0.0,0.0,0.0,0.0,0.0,0.0,0.0,1.0
12,11,0.0,0.0,0.0,0.0,0.0,0.0,0.0,0.0,0.0,0.0,0.0,1.0
12,11,0.0,0.0,0.0,0.0,0.0,0.0,0.0,0.0,0.0,0.0,0.0,1.0
12,11,0.0,0.0,0.0,0.0,0.0,0.0,0.0,0.0,0.0,0.0,0.0,1.0
12,11,0.0,0.0,0.0,0.0,0.0,0.0,0.0,0.0,0.0,0.0,0.0,1.0
12,11,0.0,0.0,0.0,0.0,0.0,0.0,0.0,0.0,0.0,0.0,0.0,1.0
12,11,0.0,0.0,0.0,0.0,0.0,0.0,0.0,0.0,0.0,0.0,0.0,1.0
12,11,0.0,0.0,0.0,0.0,0.0,0.0,0.0,0.0,0.0,0.0,0.0,1.0
12,11,0.0,0.0,0.0,0.0,0.0,0.0,0.0,0.0,0.0,0.0,0.0,1.0
12,11,0.0,0.0,0.0,0.0,0.0,0.0,0.0,0.0,0.0,0.0,0.0,1.0
12,11,0.0,0.0,0.0,0.0,0.0,0.0,0.0,0.0,0.0,0.0,0.0,1.0
12,11,0.0,0.0,0.0,0.0,0.0,0.0,0.0,0.0,0.0,0.0,0.0,1.0
12,11,0.0,0.0,0.0,0.0,0.0,0.0,0.0,0.0,0.0,0.0,0.0,1.0
12,11,0.0,0.0,0.0,0.0,0.0,0.0,0.0,0.0,0.0,0.0,0.0,1.0
12,11,0.0,0.0,0.0,0.0,0.0,0.0,0.0,0.0,0.0,0.0,0.0,1.0
12,11,0.0,0.0,0.0,0.0,0.0,0.0,0.0,0.0,0.0,0.0,0.0,1.0
12,11,0.0,0.0,0.0,0.0,0.0,0.0,0.0,0.0,0.0,0.0,0.0,1.0
12,11,0.0,0.0,0.0,0.0,0.0,0.0,0.0,0.0,0.0,0.0,0.0,1.0
12,11,0.0,0.0,0.0,0.0,0.0,0.0,0.0,0.0,0.0,0.0,0.0,1.0
12,11,0.0,0.0,0.0,0.0,0.0,0.0,0.0,0.0,0.0,0.0,0.0,1.0
12,11,0.0,0.0,0.0,0.0,0.0,0.0,0.0,0.0,0.0,0.0,0.0,1.0
12,11,0.0,0.0,0.0,0.0,0.0,0.0,0.0,0.0,0.0,0.0,0.0,1.0
12,11,0.0,0.0,0.0,0.0,0.0,0.0,0.0,0.0,0.0,0.0,0.0,1.0
12,11,0.0,0.0,0.0,0.0,0.0,0.0,0.0,0.0,0.0,0.0,0.0,1.0
12,11,0.0,0.0,0.0,0.0,0.0,0.0,0.0,0.0,0.0,0.0,0.0,1.0
12,11,0.0,0.0,0.0,0.0,0.0,0.0,0.0,0.0,0.0,0.0,0.0,1.0
12,11,0.0,0.0,0.0,0.0,0.0,0.0,0.0,0.0,0.0,0.0,0.0,1.0
12,11,0.0,0.0,0.0,0.0,0.0,0.0,0.0,0.0,0.0,0.0,0.0,1.0
12,11,0.0,0.0,0.0,0.0,0.0,0.0,0.0,0.0,0.0,0.0,0.0,1.0
12,11,0.0,0.0,0.0,0.0,0.0,0.0,0.0,0.0,0.0,0.0,0.0,1.0
12,11,0.0,0.0,0.0,0.0,0.0,0.0,0.0,0.0,0.0,0.0,0.0,1.0
12,11,0.0,0.0,0.0,0.0,0.0,0.0,0.0,0.0,0.0,0.0,0.0,1.0
12,11,0.0,0.0,0.0,0.0,0.0,0.0,0.0,0.0,0.0,0.0,0.0,1.0
12,11,0.0,0.0,0.0,0.0,0.0,0.0,0.0,0.0,0.0,0.0,0.0,1.0
12,11,0.0,0.0,0.0,0.0,0.0,0.0,0.0,0.0,0.0,0.0,0.0,1.0
12,11,0.0,0.0,0.0,0.0,0.0,0.0,0.0,0.0,0.0,0.0,0.0,1.0
12,11,0.0,0.0,0.0,0.0,0.0,0.0,0.0,0.0,0.0,0.0,0.0,1.0
12,11,0.0,0.0,0.0,0.0,0.0,0.0,0.0,0.0,0.0,0.0,0.0,1.0
12,11,0.0,0.0,0.0,0.0,0.0,0.0,0.0,0.0,0.0,0.0,0.0,1.0
12,11,0.0,0.0,0.0,0.0,0.0,0.0,0.0,0.0,0.0,0.0,0.0,1.0
12,11,0.0,0.0,0.0,0.0,0.0,0.0,0.0,0.0,0.0,0.0,0.0,1.0
12,11,0.0,0.0,0.0,0.0,0.0,0.0,0.0,0.0,0.0,0.0,0.0,1.0
12,11,0.0,0.0,0.0,0.0,0.0,0.0,0.0,0.0,0.0,0.0,0.0,1.0
12,11,0.0,0.0,0.0,0.0,0.0,0.0,0.0,0.0,0.0,0.0,0.0,1.0
12,11,0.0,0.0,0.0,0.0,0.0,0.0,0.0,0.0,0.0,0.0,0.0,1.0
12,11,0.0,0.0,0.0,0.0,0.0,0.0,0.0,0.0,0.0,0.0,0.0,1.0
12,11,0.0,0.0,0.0,0.0,0.0,0.0,0.0,0.0,0.0,0.0,0.0,1.0
12,11,0.0,0.0,0.0,0.0,0.0,0.0,0.0,0.0,0.0,0.0,0.0,1.0
12,11,0.0,0.0,0.0,0.0,0.0,0.0,0.0,0.0,0.0,0.0,0.0,1.0
12,11,0.0,0.0,0.0,0.0,0.0,0.0,0.0,0.0,0.0,0.0,0.0,1.0
12,11,0.0,0.0,0.0,0.0,0.0,0.0,0.0,0.0,0.0,0.0,0.0,1.0
12,11,0.0,0.0,0.0,0.0,0.0,0.0,0.0,0.0,0.0,0.0,0.0,1.0
12,11,0.0,0.0,0.0,0.0,0.0,0.0,0.0,0.0,0.0,0.0,0.0,1.0
12,11,0.0,0.0,0.0,0.0,0.0,0.0,0.0,0.0,0.0,0.0,0.0,1.0
12,11,0.0,0.0,0.0,0.0,0.0,0.0,0.0,0.0,0.0,0.0,0.0,1.0
12,11,0.0,0.0,0.0,0.0,0.0,0.0,0.0,0.0,0.0,0.0,0.0,1.0
12,11,0.0,0.0,0.0,0.0,0.0,0.0,0.0,0.0,0.0,0.0,0.0,1.0
12,11,0.0,0.0,0.0,0.0,0.0,0.0,0.0,0.0,0.0,0.0,0.0,1.0
12,11,0.0,0.0,0.0,0.0,0.0,0.0,0.0,0.0,0.0,0.0,0.0,1.0
12,11,0.0,0.0,0.0,0.0,0.0,0.0,0.0,0.0,0.0,0.0,0.0,1.0
12,11,0.0,0.0,0.0,0.0,0.0,0.0,0.0,0.0,0.0,0.0,0.0,1.0
12,11,0.0,0.0,0.0,0.0,0.0,0.0,0.0,0.0,0.0,0.0,0.0,1.0
12,11,0.0,0.0,0.0,0.0,0.0,0.0,0.0,0.0,0.0,0.0,0.0,1.0
12,11,0.0,0.0,0.0,0.0,0.0,0.0,0.0,0.0,0.0,0.0,0.0,1.0
12,11,0.0,0.0,0.0,0.0,0.0,0.0,0.0,0.0,0.0,0.0,0.0,1.0
12,11,0.0,0.0,0.0,0.0,0.0,0.0,0.0,0.0,0.0,0.0,0.0,1.0
12,11,0.0,0.0,0.0,0.0,0.0,0.0,0.0,0.0,0.0,0.0,0.0,1.0
12,11,0.0,0.0,0.0,0.0,0.0,0.0,0.0,0.0,0.0,0.0,0.0,1.0
12,11,0.0,0.0,0.0,0.0,0.0,0.0,0.0,0.0,0.0,0.0,0.0,1.0
12,11,0.0,0.0,0.0,0.0,0.0,0.0,0.0,0.0,0.0,0.0,0.0,1.0
12,11,0.0,0.0,0.0,0.0,0.0,0.0,0.0,0.0,0.0,0.0,0.0,1.0
12,11,0.0,0.0,0.0,0.0,0.0,0.0,0.0,0.0,0.0,0.0,0.0,1.0
12,11,0.0,0.0,0.0,0.0,0.0,0.0,0.0,0.0,0.0,0.0,0.0,1.0
12,11,0.0,0.0,0.0,0.0,0.0,0.0,0.0,0.0,0.0,0.0,0.0,1.0
12,11,0.0,0.0,0.0,0.0,0.0,0.0,0.0,0.0,0.0,0.0,0.0,1.0
12,11,0.0,0.0,0.0,0.0,0.0,0.0,0.0,0.0,0.0,0.0,0.0,1.0
12,11,0.0,0.0,0.0,0.0,0.0,0.0,0.0,0.0,0.0,0.0,0.0,1.0
12,11,0.0,0.0,0.0,0.0,0.0,0.0,0.0,0.0,0.0,0.0,0.0,1.0
12,11,0.0,0.0,0.0,0.0,0.0,0.0,0.0,0.0,0.0,0.0,0.0,1.0
12,11,0.0,0.0,0.0,0.0,0.0,0.0,0.0,0.0,0.0,0.0,0.0,1.0
12,11,0.0,0.0,0.0,0.0,0.0,0.0,0.0,0.0,0.0,0.0,0.0,1.0
12,11,0.0,0.0,0.0,0.0,0.0,0.0,0.0,0.0,0.0,0.0,0.0,1.0
12,11,0.0,0.0,0.0,0.0,0.0,0.0,0.0,0.0,0.0,0.0,0.0,1.0
12,11,0.0,0.0,0.0,0.0,0.0,0.0,0.0,0.0,0.0,0.0,0.0,1.0
12,11,0.0,0.0,0.0,0.0,0.0,0.0,0.0,0.0,0.0,0.0,0.0,1.0
12,11,0.0,0.0,0.0,0.0,0.0,0.0,0.0,0.0,0.0,0.0,0.0,1.0
12,11,0.0,0.0,0.0,0.0,0.0,0.0,0.0,0.0,0.0,0.0,0.0,1.0
12,11,0.0,0.0,0.0,0.0,0.0,0.0,0.0,0.0,0.0,0.0,0.0,1.0
12,11,0.0,0.0,0.0,0.0,0.0,0.0,0.0,0.0,0.0,0.0,0.0,1.0
12,11,0.0,0.0,0.0,0.0,0.0,0.0,0.0,0.0,0.0,0.0,0.0,1.0
12,11,0.0,0.0,0.0,0.0,0.0,0.0,0.0,0.0,0.0,0.0,0.0,1.0
12,11,0.0,0.0,0.0,0.0,0.0,0.0,0.0,0.0,0.0,0.0,0.0,1.0
12,11,0.0,0.0,0.0,0.0,0.0,0.0,0.0,0.0,0.0,0.0,0.0,1.0
12,11,0.0,0.0,0.0,0.0,0.0,0.0,0.0,0.0,0.0,0.0,0.0,1.0
12,11,0.0,0.0,0.0,0.0,0.0,0.0,0.0,0.0,0.0,0.0,0.0,1.0
12,11,0.0,0.0,0.0,0.0,0.0,0.0,0.0,0.0,0.0,0.0,0.0,1.0
12,11,0.0,0.0,0.0,0.0,0.0,0.0,0.0,0.0,0.0,0.0,0.0,1.0
12,11,0.0,0.0,0.0,0.0,0.0,0.0,0.0,0.0,0.0,0.0,0.0,1.0
12,11,0.0,0.0,0.0,0.0,0.0,0.0,0.0,0.0,0.0,0.0,0.0,1.0
12,11,0.0,0.0,0.0,0.0,0.0,0.0,0.0,0.0,0.0,0.0,0.0,1.0
12,11,0.0,0.0,0.0,0.0,0.0,0.0,0.0,0.0,0.0,0.0,0.0,1.0
12,11,0.0,0.0,0.0,0.0,0.0,0.0,0.0,0.0,0.0,0.0,0.0,1.0
12,11,0.0,0.0,0.0,0.0,0.0,0.0,0.0,0.0,0.0,0.0,0.0,1.0
12,11,0.0,0.0,0.0,0.0,0.0,0.0,0.0,0.0,0.0,0.0,0.0,1.0
12,11,0.0,0.0,0.0,0.0,0.0,0.0,0.0,0.0,0.0,0.0,0.0,1.0
12,11,0.0,0.0,0.0,0.0,0.0,0.0,0.0,0.0,0.0,0.0,0.0,1.0
12,11,0.0,0.0,0.0,0.0,0.0,0.0,0.0,0.0,0.0,0.0,0.0,1.0
12,11,0.0,0.0,0.0,0.0,0.0,0.0,0.0,0.0,0.0,0.0,0.0,1.0
12,11,0.0,0.0,0.0,0.0,0.0,0.0,0.0,0.0,0.0,0.0,0.0,1.0
12,11,0.0,0.0,0.0,0.0,0.0,0.0,0.0,0.0,0.0,0.0,0.0,1.0
12,11,0.0,0.0,0.0,0.0,0.0,0.0,0.0,0.0,0.0,0.0,0.0,1.0
12,11,0.0,0.0,0.0,0.0,0.0,0.0,0.0,0.0,0.0,0.0,0.0,1.0
12,11,0.0,0.0,0.0,0.0,0.0,0.0,0.0,0.0,0.0,0.0,0.0,1.0
12,11,0.0,0.0,0.0,0.0,0.0,0.0,0.0,0.0,0.0,0.0,0.0,1.0
12,11,0.0,0.0,0.0,0.0,0.0,0.0,0.0,0.0,0.0,0.0,0.0,1.0
12,11,0.0,0.0,0.0,0.0,0.0,0.0,0.0,0.0,0.0,0.0,0.0,1.0
12,11,0.0,0.0,0.0,0.0,0.0,0.0,0.0,0.0,0.0,0.0,0.0,1.0
12,11,0.0,0.0,0.0,0.0,0.0,0.0,0.0,0.0,0.0,0.0,0.0,1.0
12,11,0.0,0.0,0.0,0.0,0.0,0.0,0.0,0.0,0.0,0.0,0.0,1.0
12,11,0.0,0.0,0.0,0.0,0.0,0.0,0.0,0.0,0.0,0.0,0.0,1.0
12,11,0.0,0.0,0.0,0.0,0.0,0.0,0.0,0.0,0.0,0.0,0.0,1.0
12,11,0.0,0.0,0.0,0.0,0.0,0.0,0.0,0.0,0.0,0.0,0.0,1.0
12,11,0.0,0.0,0.0,0.0,0.0,0.0,0.0,0.0,0.0,0.0,0.0,1.0
12,11,0.0,0.0,0.0,0.0,0.0,0.0,0.0,0.0,0.0,0.0,0.0,1.0
12,11,0.0,0.0,0.0,0.0,0.0,0.0,0.0,0.0,0.0,0.0,0.0,1.0
12,11,0.0,0.0,0.0,0.0,0.0,0.0,0.0,0.0,0.0,0.0,0.0,1.0
12,11,0.0,0.0,0.0,0.0,0.0,0.0,0.0,0.0,0.0,0.0,0.0,1.0
12,11,0.0,0.0,0.0,0.0,0.0,0.0,0.0,0.0,0.0,0.0,0.0,1.0
12,11,0.0,0.0,0.0,0.0,0.0,0.0,0.0,0.0,0.0,0.0,0.0,1.0
12,11,0.0,0.0,0.0,0.0,0.0,0.0,0.0,0.0,0.0,0.0,0.0,1.0
12,11,0.0,0.0,0.0,0.0,0.0,0.0,0.0,0.0,0.0,0.0,0.0,1.0
12,11,0.0,0.0,0.0,0.0,0.0,0.0,0.0,0.0,0.0,0.0,0.0,1.0
12,11,0.0,0.0,0.0,0.0,0.0,0.0,0.0,0.0,0.0,0.0,0.0,1.0
12,11,0.0,0.0,0.0,0.0,0.0,0.0,0.0,0.0,0.0,0.0,0.0,1.0
12,11,0.0,0.0,0.0,0.0,0.0,0.0,0.0,0.0,0.0,0.0,0.0,1.0
12,11,0.0,0.0,0.0,0.0,0.0,0.0,0.0,0.0,0.0,0.0,0.0,1.0
12,11,0.0,0.0,0.0,0.0,0.0,0.0,0.0,0.0,0.0,0.0,0.0,1.0
12,11,0.0,0.0,0.0,0.0,0.0,0.0,0.0,0.0,0.0,0.0,0.0,1.0
12,11,0.0,0.0,0.0,0.0,0.0,0.0,0.0,0.0,0.0,0.0,0.0,1.0
12,11,0.0,0.0,0.0,0.0,0.0,0.0,0.0,0.0,0.0,0.0,0.0,1.0
12,11,0.0,0.0,0.0,0.0,0.0,0.0,0.0,0.0,0.0,0.0,0.0,1.0
12,11,0.0,0.0,0.0,0.0,0.0,0.0,0.0,0.0,0.0,0.0,0.0,1.0
12,11,0.0,0.0,0.0,0.0,0.0,0.0,0.0,0.0,0.0,0.0,0.0,1.0
12,11,0.0,0.0,0.0,0.0,0.0,0.0,0.0,0.0,0.0,0.0,0.0,1.0
12,11,0.0,0.0,0.0,0.0,0.0,0.0,0.0,0.0,0.0,0.0,0.0,1.0
12,11,0.0,0.0,0.0,0.0,0.0,0.0,0.0,0.0,0.0,0.0,0.0,1.0
12,11,0.0,0.0,0.0,0.0,0.0,0.0,0.0,0.0,0.0,0.0,0.0,1.0
12,11,0.0,0.0,0.0,0.0,0.0,0.0,0.0,0.0,0.0,0.0,0.0,1.0
12,11,0.0,0.0,0.0,0.0,0.0,0.0,0.0,0.0,0.0,0.0,0.0,1.0
12,11,0.0,0.0,0.0,0.0,0.0,0.0,0.0,0.0,0.0,0.0,0.0,1.0
12,11,0.0,0.0,0.0,0.0,0.0,0.0,0.0,0.0,0.0,0.0,0.0,1.0
12,11,0.0,0.0,0.0,0.0,0.0,0.0,0.0,0.0,0.0,0.0,0.0,1.0
12,11,0.0,0.0,0.0,0.0,0.0,0.0,0.0,0.0,0.0,0.0,0.0,1.0
12,11,0.0,0.0,0.0,0.0,0.0,0.0,0.0,0.0,0.0,0.0,0.0,1.0
12,11,0.0,0.0,0.0,0.0,0.0,0.0,0.0,0.0,0.0,0.0,0.0,1.0
12,11,0.0,0.0,0.0,0.0,0.0,0.0,0.0,0.0,0.0,0.0,0.0,1.0
12,11,0.0,0.0,0.0,0.0,0.0,0.0,0.0,0.0,0.0,0.0,0.0,1.0
12,11,0.0,0.0,0.0,0.0,0.0,0.0,0.0,0.0,0.0,0.0,0.0,1.0
12,11,0.0,0.0,0.0,0.0,0.0,0.0,0.0,0.0,0.0,0.0,0.0,1.0
12,11,0.0,0.0,0.0,0.0,0.0,0.0,0.0,0.0,0.0,0.0,0.0,1.0
12,11,0.0,0.0,0.0,0.0,0.0,0.0,0.0,0.0,0.0,0.0,0.0,1.0
12,11,0.0,0.0,0.0,0.0,0.0,0.0,0.0,0.0,0.0,0.0,0.0,1.0
12,11,0.0,0.0,0.0,0.0,0.0,0.0,0.0,0.0,0.0,0.0,0.0,1.0
12,11,0.0,0.0,0.0,0.0,0.0,0.0,0.0,0.0,0.0,0.0,0.0,1.0
12,11,0.0,0.0,0.0,0.0,0.0,0.0,0.0,0.0,0.0,0.0,0.0,1.0
12,11,0.0,0.0,0.0,0.0,0.0,0.0,0.0,0.0,0.0,0.0,0.0,1.0
12,11,0.0,0.0,0.0,0.0,0.0,0.0,0.0,0.0,0.0,0.0,0.0,1.0
12,11,0.0,0.0,0.0,0.0,0.0,0.0,0.0,0.0,0.0,0.0,0.0,1.0
12,11,0.0,0.0,0.0,0.0,0.0,0.0,0.0,0.0,0.0,0.0,0.0,1.0
12,11,0.0,0.0,0.0,0.0,0.0,0.0,0.0,0.0,0.0,0.0,0.0,1.0
12,11,0.0,0.0,0.0,0.0,0.0,0.0,0.0,0.0,0.0,0.0,0.0,1.0
12,11,0.0,0.0,0.0,0.0,0.0,0.0,0.0,0.0,0.0,0.0,0.0,1.0
12,11,0.0,0.0,0.0,0.0,0.0,0.0,0.0,0.0,0.0,0.0,0.0,1.0
12,11,0.0,0.0,0.0,0.0,0.0,0.0,0.0,0.0,0.0,0.0,0.0,1.0
12,11,0.0,0.0,0.0,0.0,0.0,0.0,0.0,0.0,0.0,0.0,0.0,1.0
12,11,0.0,0.0,0.0,0.0,0.0,0.0,0.0,0.0,0.0,0.0,0.0,1.0
12,11,0.0,0.0,0.0,0.0,0.0,0.0,0.0,0.0,0.0,0.0,0.0,1.0
12,11,0.0,0.0,0.0,0.0,0.0,0.0,0.0,0.0,0.0,0.0,0.0,1.0
12,11,0.0,0.0,0.0,0.0,0.0,0.0,0.0,0.0,0.0,0.0,0.0,1.0
12,11,0.0,0.0,0.0,0.0,0.0,0.0,0.0,0.0,0.0,0.0,0.0,1.0
12,11,0.0,0.0,0.0,0.0,0.0,0.0,0.0,0.0,0.0,0.0,0.0,1.0
12,11,0.0,0.0,0.0,0.0,0.0,0.0,0.0,0.0,0.0,0.0,0.0,1.0
12,11,0.0,0.0,0.0,0.0,0.0,0.0,0.0,0.0,0.0,0.0,0.0,1.0
12,11,0.0,0.0,0.0,0.0,0.0,0.0,0.0,0.0,0.0,0.0,0.0,1.0
12,11,0.0,0.0,0.0,0.0,0.0,0.0,0.0,0.0,0.0,0.0,0.0,1.0
12,11,0.0,0.0,0.0,0.0,0.0,0.0,0.0,0.0,0.0,0.0,0.0,1.0
12,11,0.0,0.0,0.0,0.0,0.0,0.0,0.0,0.0,0.0,0.0,0.0,1.0
12,11,0.0,0.0,0.0,0.0,0.0,0.0,0.0,0.0,0.0,0.0,0.0,1.0
12,11,0.0,0.0,0.0,0.0,0.0,0.0,0.0,0.0,0.0,0.0,0.0,1.0
12,11,0.0,0.0,0.0,0.0,0.0,0.0,0.0,0.0,0.0,0.0,0.0,1.0
12,11,0.0,0.0,0.0,0.0,0.0,0.0,0.0,0.0,0.0,0.0,0.0,1.0
12,11,0.0,0.0,0.0,0.0,0.0,0.0,0.0,0.0,0.0,0.0,0.0,1.0
12,11,0.0,0.0,0.0,0.0,0.0,0.0,0.0,0.0,0.0,0.0,0.0,1.0
12,11,0.0,0.0,0.0,0.0,0.0,0.0,0.0,0.0,0.0,0.0,0.0,1.0
12,11,0.0,0.0,0.0,0.0,0.0,0.0,0.0,0.0,0.0,0.0,0.0,1.0
12,11,0.0,0.0,0.0,0.0,0.0,0.0,0.0,0.0,0.0,0.0,0.0,1.0
12,11,0.0,0.0,0.0,0.0,0.0,0.0,0.0,0.0,0.0,0.0,0.0,1.0
12,11,0.0,0.0,0.0,0.0,0.0,0.0,0.0,0.0,0.0,0.0,0.0,1.0
12,11,0.0,0.0,0.0,0.0,0.0,0.0,0.0,0.0,0.0,0.0,0.0,1.0
12,11,0.0,0.0,0.0,0.0,0.0,0.0,0.0,0.0,0.0,0.0,0.0,1.0
12,11,0.0,0.0,0.0,0.0,0.0,0.0,0.0,0.0,0.0,0.0,0.0,1.0
12,11,0.0,0.0,0.0,0.0,0.0,0.0,0.0,0.0,0.0,0.0,0.0,1.0
12,11,0.0,0.0,0.0,0.0,0.0,0.0,0.0,0.0,0.0,0.0,0.0,1.0
12,11,0.0,0.0,0.0,0.0,0.0,0.0,0.0,0.0,0.0,0.0,0.0,1.0
12,11,0.0,0.0,0.0,0.0,0.0,0.0,0.0,0.0,0.0,0.0,0.0,1.0
12,11,0.0,0.0,0.0,0.0,0.0,0.0,0.0,0.0,0.0,0.0,0.0,1.0
12,11,0.0,0.0,0.0,0.0,0.0,0.0,0.0,0.0,0.0,0.0,0.0,1.0
12,11,0.0,0.0,0.0,0.0,0.0,0.0,0.0,0.0,0.0,0.0,0.0,1.0
12,11,0.0,0.0,0.0,0.0,0.0,0.0,0.0,0.0,0.0,0.0,0.0,1.0
12,11,0.0,0.0,0.0,0.0,0.0,0.0,0.0,0.0,0.0,0.0,0.0,1.0
12,11,0.0,0.0,0.0,0.0,0.0,0.0,0.0,0.0,0.0,0.0,0.0,1.0
12,11,0.0,0.0,0.0,0.0,0.0,0.0,0.0,0.0,0.0,0.0,0.0,1.0
12,11,0.0,0.0,0.0,0.0,0.0,0.0,0.0,0.0,0.0,0.0,0.0,1.0
12,11,0.0,0.0,0.0,0.0,0.0,0.0,0.0,0.0,0.0,0.0,0.0,1.0
12,11,0.0,0.0,0.0,0.0,0.0,0.0,0.0,0.0,0.0,0.0,0.0,1.0
12,11,0.0,0.0,0.0,0.0,0.0,0.0,0.0,0.0,0.0,0.0,0.0,1.0
12,11,0.0,0.0,0.0,0.0,0.0,0.0,0.0,0.0,0.0,0.0,0.0,1.0
12,11,0.0,0.0,0.0,0.0,0.0,0.0,0.0,0.0,0.0,0.0,0.0,1.0
12,11,0.0,0.0,0.0,0.0,0.0,0.0,0.0,0.0,0.0,0.0,0.0,1.0
12,11,0.0,0.0,0.0,0.0,0.0,0.0,0.0,0.0,0.0,0.0,0.0,1.0
12,11,0.0,0.0,0.0,0.0,0.0,0.0,0.0,0.0,0.0,0.0,0.0,1.0
12,11,0.0,0.0,0.0,0.0,0.0,0.0,0.0,0.0,0.0,0.0,0.0,1.0
12,11,0.0,0.0,0.0,0.0,0.0,0.0,0.0,0.0,0.0,0.0,0.0,1.0
12,11,0.0,0.0,0.0,0.0,0.0,0.0,0.0,0.0,0.0,0.0,0.0,1.0
12,11,0.0,0.0,0.0,0.0,0.0,0.0,0.0,0.0,0.0,0.0,0.0,1.0
12,11,0.0,0.0,0.0,0.0,0.0,0.0,0.0,0.0,0.0,0.0,0.0,1.0
12,11,0.0,0.0,0.0,0.0,0.0,0.0,0.0,0.0,0.0,0.0,0.0,1.0
12,11,0.0,0.0,0.0,0.0,0.0,0.0,0.0,0.0,0.0,0.0,0.0,1.0
12,11,0.0,0.0,0.0,0.0,0.0,0.0,0.0,0.0,0.0,0.0,0.0,1.0
12,11,0.0,0.0,0.0,0.0,0.0,0.0,0.0,0.0,0.0,0.0,0.0,1.0
12,11,0.0,0.0,0.0,0.0,0.0,0.0,0.0,0.0,0.0,0.0,0.0,1.0
12,11,0.0,0.0,0.0,0.0,0.0,0.0,0.0,0.0,0.0,0.0,0.0,1.0
12,11,0.0,0.0,0.0,0.0,0.0,0.0,0.0,0.0,0.0,0.0,0.0,1.0
12,11,0.0,0.0,0.0,0.0,0.0,0.0,0.0,0.0,0.0,0.0,0.0,1.0
12,11,0.0,0.0,0.0,0.0,0.0,0.0,0.0,0.0,0.0,0.0,0.0,1.0
12,11,0.0,0.0,0.0,0.0,0.0,0.0,0.0,0.0,0.0,0.0,0.0,1.0
12,11,0.0,0.0,0.0,0.0,0.0,0.0,0.0,0.0,0.0,0.0,0.0,1.0
12,11,0.0,0.0,0.0,0.0,0.0,0.0,0.0,0.0,0.0,0.0,0.0,1.0
12,11,0.0,0.0,0.0,0.0,0.0,0.0,0.0,0.0,0.0,0.0,0.0,1.0
12,11,0.0,0.0,0.0,0.0,0.0,0.0,0.0,0.0,0.0,0.0,0.0,1.0
12,11,0.0,0.0,0.0,0.0,0.0,0.0,0.0,0.0,0.0,0.0,0.0,1.0
12,11,0.0,0.0,0.0,0.0,0.0,0.0,0.0,0.0,0.0,0.0,0.0,1.0
12,11,0.0,0.0,0.0,0.0,0.0,0.0,0.0,0.0,0.0,0.0,0.0,1.0
12,11,0.0,0.0,0.0,0.0,0.0,0.0,0.0,0.0,0.0,0.0,0.0,1.0
12,11,0.0,0.0,0.0,0.0,0.0,0.0,0.0,0.0,0.0,0.0,0.0,1.0
12,11,0.0,0.0,0.0,0.0,0.0,0.0,0.0,0.0,0.0,0.0,0.0,1.0
12,11,0.0,0.0,0.0,0.0,0.0,0.0,0.0,0.0,0.0,0.0,0.0,1.0
12,11,0.0,0.0,0.0,0.0,0.0,0.0,0.0,0.0,0.0,0.0,0.0,1.0
12,11,0.0,0.0,0.0,0.0,0.0,0.0,0.0,0.0,0.0,0.0,0.0,1.0
12,11,0.0,0.0,0.0,0.0,0.0,0.0,0.0,0.0,0.0,0.0,0.0,1.0
12,11,0.0,0.0,0.0,0.0,0.0,0.0,0.0,0.0,0.0,0.0,0.0,1.0
12,11,0.0,0.0,0.0,0.0,0.0,0.0,0.0,0.0,0.0,0.0,0.0,1.0
12,11,0.0,0.0,0.0,0.0,0.0,0.0,0.0,0.0,0.0,0.0,0.0,1.0
12,11,0.0,0.0,0.0,0.0,0.0,0.0,0.0,0.0,0.0,0.0,0.0,1.0
12,11,0.0,0.0,0.0,0.0,0.0,0.0,0.0,0.0,0.0,0.0,0.0,1.0
12,11,0.0,0.0,0.0,0.0,0.0,0.0,0.0,0.0,0.0,0.0,0.0,1.0
12,11,0.0,0.0,0.0,0.0,0.0,0.0,0.0,0.0,0.0,0.0,0.0,1.0
12,11,0.0,0.0,0.0,0.0,0.0,0.0,0.0,0.0,0.0,0.0,0.0,1.0
12,11,0.0,0.0,0.0,0.0,0.0,0.0,0.0,0.0,0.0,0.0,0.0,1.0
12,11,0.0,0.0,0.0,0.0,0.0,0.0,0.0,0.0,0.0,0.0,0.0,1.0
12,11,0.0,0.0,0.0,0.0,0.0,0.0,0.0,0.0,0.0,0.0,0.0,1.0
12,11,0.0,0.0,0.0,0.0,0.0,0.0,0.0,0.0,0.0,0.0,0.0,1.0
12,11,0.0,0.0,0.0,0.0,0.0,0.0,0.0,0.0,0.0,0.0,0.0,1.0
12,11,0.0,0.0,0.0,0.0,0.0,0.0,0.0,0.0,0.0,0.0,0.0,1.0
12,11,0.0,0.0,0.0,0.0,0.0,0.0,0.0,0.0,0.0,0.0,0.0,1.0
12,11,0.0,0.0,0.0,0.0,0.0,0.0,0.0,0.0,0.0,0.0,0.0,1.0
12,11,0.0,0.0,0.0,0.0,0.0,0.0,0.0,0.0,0.0,0.0,0.0,1.0
12,11,0.0,0.0,0.0,0.0,0.0,0.0,0.0,0.0,0.0,0.0,0.0,1.0
12,11,0.0,0.0,0.0,0.0,0.0,0.0,0.0,0.0,0.0,0.0,0.0,1.0
12,11,0.0,0.0,0.0,0.0,0.0,0.0,0.0,0.0,0.0,0.0,0.0,1.0
12,11,0.0,0.0,0.0,0.0,0.0,0.0,0.0,0.0,0.0,0.0,0.0,1.0
12,11,0.0,0.0,0.0,0.0,0.0,0.0,0.0,0.0,0.0,0.0,0.0,1.0
12,11,0.0,0.0,0.0,0.0,0.0,0.0,0.0,0.0,0.0,0.0,0.0,1.0
12,11,0.0,0.0,0.0,0.0,0.0,0.0,0.0,0.0,0.0,0.0,0.0,1.0
12,11,0.0,0.0,0.0,0.0,0.0,0.0,0.0,0.0,0.0,0.0,0.0,1.0
12,11,0.0,0.0,0.0,0.0,0.0,0.0,0.0,0.0,0.0,0.0,0.0,1.0
12,11,0.0,0.0,0.0,0.0,0.0,0.0,0.0,0.0,0.0,0.0,0.0,1.0
12,11,0.0,0.0,0.0,0.0,0.0,0.0,0.0,0.0,0.0,0.0,0.0,1.0
12,11,0.0,0.0,0.0,0.0,0.0,0.0,0.0,0.0,0.0,0.0,0.0,1.0
12,11,0.0,0.0,0.0,0.0,0.0,0.0,0.0,0.0,0.0,0.0,0.0,1.0
12,11,0.0,0.0,0.0,0.0,0.0,0.0,0.0,0.0,0.0,0.0,0.0,1.0
12,11,0.0,0.0,0.0,0.0,0.0,0.0,0.0,0.0,0.0,0.0,0.0,1.0
12,11,0.0,0.0,0.0,0.0,0.0,0.0,0.0,0.0,0.0,0.0,0.0,1.0
12,11,0.0,0.0,0.0,0.0,0.0,0.0,0.0,0.0,0.0,0.0,0.0,1.0
12,11,0.0,0.0,0.0,0.0,0.0,0.0,0.0,0.0,0.0,0.0,0.0,1.0
12,11,0.0,0.0,0.0,0.0,0.0,0.0,0.0,0.0,0.0,0.0,0.0,1.0
12,11,0.0,0.0,0.0,0.0,0.0,0.0,0.0,0.0,0.0,0.0,0.0,1.0
12,11,0.0,0.0,0.0,0.0,0.0,0.0,0.0,0.0,0.0,0.0,0.0,1.0
12,11,0.0,0.0,0.0,0.0,0.0,0.0,0.0,0.0,0.0,0.0,0.0,1.0
12,11,0.0,0.0,0.0,0.0,0.0,0.0,0.0,0.0,0.0,0.0,0.0,1.0
12,11,0.0,0.0,0.0,0.0,0.0,0.0,0.0,0.0,0.0,0.0,0.0,1.0
12,11,0.0,0.0,0.0,0.0,0.0,0.0,0.0,0.0,0.0,0.0,0.0,1.0
12,11,0.0,0.0,0.0,0.0,0.0,0.0,0.0,0.0,0.0,0.0,0.0,1.0
12,11,0.0,0.0,0.0,0.0,0.0,0.0,0.0,0.0,0.0,0.0,0.0,1.0
12,11,0.0,0.0,0.0,0.0,0.0,0.0,0.0,0.0,0.0,0.0,0.0,1.0
12,11,0.0,0.0,0.0,0.0,0.0,0.0,0.0,0.0,0.0,0.0,0.0,1.0
12,11,0.0,0.0,0.0,0.0,0.0,0.0,0.0,0.0,0.0,0.0,0.0,1.0
12,11,0.0,0.0,0.0,0.0,0.0,0.0,0.0,0.0,0.0,0.0,0.0,1.0
12,11,0.0,0.0,0.0,0.0,0.0,0.0,0.0,0.0,0.0,0.0,0.0,1.0
12,11,0.0,0.0,0.0,0.0,0.0,0.0,0.0,0.0,0.0,0.0,0.0,1.0
12,11,0.0,0.0,0.0,0.0,0.0,0.0,0.0,0.0,0.0,0.0,0.0,1.0
12,11,0.0,0.0,0.0,0.0,0.0,0.0,0.0,0.0,0.0,0.0,0.0,1.0
12,11,0.0,0.0,0.0,0.0,0.0,0.0,0.0,0.0,0.0,0.0,0.0,1.0
12,11,0.0,0.0,0.0,0.0,0.0,0.0,0.0,0.0,0.0,0.0,0.0,1.0
12,11,0.0,0.0,0.0,0.0,0.0,0.0,0.0,0.0,0.0,0.0,0.0,1.0
12,11,0.0,0.0,0.0,0.0,0.0,0.0,0.0,0.0,0.0,0.0,0.0,1.0
12,11,0.0,0.0,0.0,0.0,0.0,0.0,0.0,0.0,0.0,0.0,0.0,1.0
12,11,0.0,0.0,0.0,0.0,0.0,0.0,0.0,0.0,0.0,0.0,0.0,1.0
12,11,0.0,0.0,0.0,0.0,0.0,0.0,0.0,0.0,0.0,0.0,0.0,1.0
12,11,0.0,0.0,0.0,0.0,0.0,0.0,0.0,0.0,0.0,0.0,0.0,1.0
12,11,0.0,0.0,0.0,0.0,0.0,0.0,0.0,0.0,0.0,0.0,0.0,1.0
12,11,0.0,0.0,0.0,0.0,0.0,0.0,0.0,0.0,0.0,0.0,0.0,1.0
12,11,0.0,0.0,0.0,0.0,0.0,0.0,0.0,0.0,0.0,0.0,0.0,1.0
12,11,0.0,0.0,0.0,0.0,0.0,0.0,0.0,0.0,0.0,0.0,0.0,1.0
12,11,0.0,0.0,0.0,0.0,0.0,0.0,0.0,0.0,0.0,0.0,0.0,1.0
12,11,0.0,0.0,0.0,0.0,0.0,0.0,0.0,0.0,0.0,0.0,0.0,1.0
12,11,0.0,0.0,0.0,0.0,0.0,0.0,0.0,0.0,0.0,0.0,0.0,1.0
12,11,0.0,0.0,0.0,0.0,0.0,0.0,0.0,0.0,0.0,0.0,0.0,1.0
12,11,0.0,0.0,0.0,0.0,0.0,0.0,0.0,0.0,0.0,0.0,0.0,1.0
12,11,0.0,0.0,0.0,0.0,0.0,0.0,0.0,0.0,0.0,0.0,0.0,1.0
12,11,0.0,0.0,0.0,0.0,0.0,0.0,0.0,0.0,0.0,0.0,0.0,1.0
12,11,0.0,0.0,0.0,0.0,0.0,0.0,0.0,0.0,0.0,0.0,0.0,1.0
12,11,0.0,0.0,0.0,0.0,0.0,0.0,0.0,0.0,0.0,0.0,0.0,1.0
12,11,0.0,0.0,0.0,0.0,0.0,0.0,0.0,0.0,0.0,0.0,0.0,1.0
12,11,0.0,0.0,0.0,0.0,0.0,0.0,0.0,0.0,0.0,0.0,0.0,1.0
12,11,0.0,0.0,0.0,0.0,0.0,0.0,0.0,0.0,0.0,0.0,0.0,1.0
12,11,0.0,0.0,0.0,0.0,0.0,0.0,0.0,0.0,0.0,0.0,0.0,1.0
12,11,0.0,0.0,0.0,0.0,0.0,0.0,0.0,0.0,0.0,0.0,0.0,1.0
12,11,0.0,0.0,0.0,0.0,0.0,0.0,0.0,0.0,0.0,0.0,0.0,1.0
12,11,0.0,0.0,0.0,0.0,0.0,0.0,0.0,0.0,0.0,0.0,0.0,1.0
12,11,0.0,0.0,0.0,0.0,0.0,0.0,0.0,0.0,0.0,0.0,0.0,1.0
12,11,0.0,0.0,0.0,0.0,0.0,0.0,0.0,0.0,0.0,0.0,0.0,1.0
12,11,0.0,0.0,0.0,0.0,0.0,0.0,0.0,0.0,0.0,0.0,0.0,1.0
12,11,0.0,0.0,0.0,0.0,0.0,0.0,0.0,0.0,0.0,0.0,0.0,1.0
12,11,0.0,0.0,0.0,0.0,0.0,0.0,0.0,0.0,0.0,0.0,0.0,1.0
12,11,0.0,0.0,0.0,0.0,0.0,0.0,0.0,0.0,0.0,0.0,0.0,1.0
12,11,0.0,0.0,0.0,0.0,0.0,0.0,0.0,0.0,0.0,0.0,0.0,1.0
12,11,0.0,0.0,0.0,0.0,0.0,0.0,0.0,0.0,0.0,0.0,0.0,1.0
12,11,0.0,0.0,0.0,0.0,0.0,0.0,0.0,0.0,0.0,0.0,0.0,1.0
12,11,0.0,0.0,0.0,0.0,0.0,0.0,0.0,0.0,0.0,0.0,0.0,1.0
12,11,0.0,0.0,0.0,0.0,0.0,0.0,0.0,0.0,0.0,0.0,0.0,1.0
12,11,0.0,0.0,0.0,0.0,0.0,0.0,0.0,0.0,0.0,0.0,0.0,1.0
12,11,0.0,0.0,0.0,0.0,0.0,0.0,0.0,0.0,0.0,0.0,0.0,1.0
12,11,0.0,0.0,0.0,0.0,0.0,0.0,0.0,0.0,0.0,0.0,0.0,1.0
12,11,0.0,0.0,0.0,0.0,0.0,0.0,0.0,0.0,0.0,0.0,0.0,1.0
12,11,0.0,0.0,0.0,0.0,0.0,0.0,0.0,0.0,0.0,0.0,0.0,1.0
12,11,0.0,0.0,0.0,0.0,0.0,0.0,0.0,0.0,0.0,0.0,0.0,1.0
12,11,0.0,0.0,0.0,0.0,0.0,0.0,0.0,0.0,0.0,0.0,0.0,1.0
12,11,0.0,0.0,0.0,0.0,0.0,0.0,0.0,0.0,0.0,0.0,0.0,1.0
12,11,0.0,0.0,0.0,0.0,0.0,0.0,0.0,0.0,0.0,0.0,0.0,1.0
12,11,0.0,0.0,0.0,0.0,0.0,0.0,0.0,0.0,0.0,0.0,0.0,1.0
12,11,0.0,0.0,0.0,0.0,0.0,0.0,0.0,0.0,0.0,0.0,0.0,1.0
12,11,0.0,0.0,0.0,0.0,0.0,0.0,0.0,0.0,0.0,0.0,0.0,1.0
12,11,0.0,0.0,0.0,0.0,0.0,0.0,0.0,0.0,0.0,0.0,0.0,1.0
12,11,0.0,0.0,0.0,0.0,0.0,0.0,0.0,0.0,0.0,0.0,0.0,1.0
12,11,0.0,0.0,0.0,0.0,0.0,0.0,0.0,0.0,0.0,0.0,0.0,1.0
12,11,0.0,0.0,0.0,0.0,0.0,0.0,0.0,0.0,0.0,0.0,0.0,1.0
12,11,0.0,0.0,0.0,0.0,0.0,0.0,0.0,0.0,0.0,0.0,0.0,1.0
12,11,0.0,0.0,0.0,0.0,0.0,0.0,0.0,0.0,0.0,0.0,0.0,1.0
12,11,0.0,0.0,0.0,0.0,0.0,0.0,0.0,0.0,0.0,0.0,0.0,1.0
12,11,0.0,0.0,0.0,0.0,0.0,0.0,0.0,0.0,0.0,0.0,0.0,1.0
12,11,0.0,0.0,0.0,0.0,0.0,0.0,0.0,0.0,0.0,0.0,0.0,1.0
12,11,0.0,0.0,0.0,0.0,0.0,0.0,0.0,0.0,0.0,0.0,0.0,1.0
12,11,0.0,0.0,0.0,0.0,0.0,0.0,0.0,0.0,0.0,0.0,0.0,1.0
12,11,0.0,0.0,0.0,0.0,0.0,0.0,0.0,0.0,0.0,0.0,0.0,1.0
12,11,0.0,0.0,0.0,0.0,0.0,0.0,0.0,0.0,0.0,0.0,0.0,1.0
12,11,0.0,0.0,0.0,0.0,0.0,0.0,0.0,0.0,0.0,0.0,0.0,1.0
12,11,0.0,0.0,0.0,0.0,0.0,0.0,0.0,0.0,0.0,0.0,0.0,1.0
12,11,0.0,0.0,0.0,0.0,0.0,0.0,0.0,0.0,0.0,0.0,0.0,1.0
12,11,0.0,0.0,0.0,0.0,0.0,0.0,0.0,0.0,0.0,0.0,0.0,1.0
12,11,0.0,0.0,0.0,0.0,0.0,0.0,0.0,0.0,0.0,0.0,0.0,1.0
12,11,0.0,0.0,0.0,0.0,0.0,0.0,0.0,0.0,0.0,0.0,0.0,1.0
12,11,0.0,0.0,0.0,0.0,0.0,0.0,0.0,0.0,0.0,0.0,0.0,1.0
12,11,0.0,0.0,0.0,0.0,0.0,0.0,0.0,0.0,0.0,0.0,0.0,1.0
12,11,0.0,0.0,0.0,0.0,0.0,0.0,0.0,0.0,0.0,0.0,0.0,1.0
12,11,0.0,0.0,0.0,0.0,0.0,0.0,0.0,0.0,0.0,0.0,0.0,1.0
12,11,0.0,0.0,0.0,0.0,0.0,0.0,0.0,0.0,0.0,0.0,0.0,1.0
12,11,0.0,0.0,0.0,0.0,0.0,0.0,0.0,0.0,0.0,0.0,0.0,1.0
12,11,0.0,0.0,0.0,0.0,0.0,0.0,0.0,0.0,0.0,0.0,0.0,1.0
12,11,0.0,0.0,0.0,0.0,0.0,0.0,0.0,0.0,0.0,0.0,0.0,1.0
12,11,0.0,0.0,0.0,0.0,0.0,0.0,0.0,0.0,0.0,0.0,0.0,1.0
12,11,0.0,0.0,0.0,0.0,0.0,0.0,0.0,0.0,0.0,0.0,0.0,1.0
12,11,0.0,0.0,0.0,0.0,0.0,0.0,0.0,0.0,0.0,0.0,0.0,1.0
12,11,0.0,0.0,0.0,0.0,0.0,0.0,0.0,0.0,0.0,0.0,0.0,1.0
12,11,0.0,0.0,0.0,0.0,0.0,0.0,0.0,0.0,0.0,0.0,0.0,1.0
12,11,0.0,0.0,0.0,0.0,0.0,0.0,0.0,0.0,0.0,0.0,0.0,1.0
12,11,0.0,0.0,0.0,0.0,0.0,0.0,0.0,0.0,0.0,0.0,0.0,1.0
12,11,0.0,0.0,0.0,0.0,0.0,0.0,0.0,0.0,0.0,0.0,0.0,1.0
12,11,0.0,0.0,0.0,0.0,0.0,0.0,0.0,0.0,0.0,0.0,0.0,1.0
12,11,0.0,0.0,0.0,0.0,0.0,0.0,0.0,0.0,0.0,0.0,0.0,1.0
12,11,0.0,0.0,0.0,0.0,0.0,0.0,0.0,0.0,0.0,0.0,0.0,1.0
12,11,0.0,0.0,0.0,0.0,0.0,0.0,0.0,0.0,0.0,0.0,0.0,1.0
12,11,0.0,0.0,0.0,0.0,0.0,0.0,0.0,0.0,0.0,0.0,0.0,1.0
12,11,0.0,0.0,0.0,0.0,0.0,0.0,0.0,0.0,0.0,0.0,0.0,1.0
12,11,0.0,0.0,0.0,0.0,0.0,0.0,0.0,0.0,0.0,0.0,0.0,1.0
12,11,0.0,0.0,0.0,0.0,0.0,0.0,0.0,0.0,0.0,0.0,0.0,1.0
12,11,0.0,0.0,0.0,0.0,0.0,0.0,0.0,0.0,0.0,0.0,0.0,1.0
12,11,0.0,0.0,0.0,0.0,0.0,0.0,0.0,0.0,0.0,0.0,0.0,1.0
12,11,0.0,0.0,0.0,0.0,0.0,0.0,0.0,0.0,0.0,0.0,0.0,1.0
12,11,0.0,0.0,0.0,0.0,0.0,0.0,0.0,0.0,0.0,0.0,0.0,1.0
12,11,0.0,0.0,0.0,0.0,0.0,0.0,0.0,0.0,0.0,0.0,0.0,1.0
12,11,0.0,0.0,0.0,0.0,0.0,0.0,0.0,0.0,0.0,0.0,0.0,1.0
12,11,0.0,0.0,0.0,0.0,0.0,0.0,0.0,0.0,0.0,0.0,0.0,1.0
12,11,0.0,0.0,0.0,0.0,0.0,0.0,0.0,0.0,0.0,0.0,0.0,1.0
12,11,0.0,0.0,0.0,0.0,0.0,0.0,0.0,0.0,0.0,0.0,0.0,1.0
12,11,0.0,0.0,0.0,0.0,0.0,0.0,0.0,0.0,0.0,0.0,0.0,1.0
12,11,0.0,0.0,0.0,0.0,0.0,0.0,0.0,0.0,0.0,0.0,0.0,1.0
12,11,0.0,0.0,0.0,0.0,0.0,0.0,0.0,0.0,0.0,0.0,0.0,1.0
12,11,0.0,0.0,0.0,0.0,0.0,0.0,0.0,0.0,0.0,0.0,0.0,1.0
12,11,0.0,0.0,0.0,0.0,0.0,0.0,0.0,0.0,0.0,0.0,0.0,1.0
12,11,0.0,0.0,0.0,0.0,0.0,0.0,0.0,0.0,0.0,0.0,0.0,1.0
12,11,0.0,0.0,0.0,0.0,0.0,0.0,0.0,0.0,0.0,0.0,0.0,1.0
12,11,0.0,0.0,0.0,0.0,0.0,0.0,0.0,0.0,0.0,0.0,0.0,1.0
12,11,0.0,0.0,0.0,0.0,0.0,0.0,0.0,0.0,0.0,0.0,0.0,1.0
12,11,0.0,0.0,0.0,0.0,0.0,0.0,0.0,0.0,0.0,0.0,0.0,1.0
12,11,0.0,0.0,0.0,0.0,0.0,0.0,0.0,0.0,0.0,0.0,0.0,1.0
12,11,0.0,0.0,0.0,0.0,0.0,0.0,0.0,0.0,0.0,0.0,0.0,1.0
12,11,0.0,0.0,0.0,0.0,0.0,0.0,0.0,0.0,0.0,0.0,0.0,1.0
12,11,0.0,0.0,0.0,0.0,0.0,0.0,0.0,0.0,0.0,0.0,0.0,1.0
12,11,0.0,0.0,0.0,0.0,0.0,0.0,0.0,0.0,0.0,0.0,0.0,1.0
12,11,0.0,0.0,0.0,0.0,0.0,0.0,0.0,0.0,0.0,0.0,0.0,1.0
12,11,0.0,0.0,0.0,0.0,0.0,0.0,0.0,0.0,0.0,0.0,0.0,1.0
12,11,0.0,0.0,0.0,0.0,0.0,0.0,0.0,0.0,0.0,0.0,0.0,1.0
12,11,0.0,0.0,0.0,0.0,0.0,0.0,0.0,0.0,0.0,0.0,0.0,1.0
12,11,0.0,0.0,0.0,0.0,0.0,0.0,0.0,0.0,0.0,0.0,0.0,1.0
12,11,0.0,0.0,0.0,0.0,0.0,0.0,0.0,0.0,0.0,0.0,0.0,1.0
12,11,0.0,0.0,0.0,0.0,0.0,0.0,0.0,0.0,0.0,0.0,0.0,1.0
12,11,0.0,0.0,0.0,0.0,0.0,0.0,0.0,0.0,0.0,0.0,0.0,1.0
12,11,0.0,0.0,0.0,0.0,0.0,0.0,0.0,0.0,0.0,0.0,0.0,1.0
12,11,0.0,0.0,0.0,0.0,0.0,0.0,0.0,0.0,0.0,0.0,0.0,1.0
12,11,0.0,0.0,0.0,0.0,0.0,0.0,0.0,0.0,0.0,0.0,0.0,1.0
12,11,0.0,0.0,0.0,0.0,0.0,0.0,0.0,0.0,0.0,0.0,0.0,1.0
12,11,0.0,0.0,0.0,0.0,0.0,0.0,0.0,0.0,0.0,0.0,0.0,1.0
12,11,0.0,0.0,0.0,0.0,0.0,0.0,0.0,0.0,0.0,0.0,0.0,1.0
12,11,0.0,0.0,0.0,0.0,0.0,0.0,0.0,0.0,0.0,0.0,0.0,1.0
12,11,0.0,0.0,0.0,0.0,0.0,0.0,0.0,0.0,0.0,0.0,0.0,1.0
12,11,0.0,0.0,0.0,0.0,0.0,0.0,0.0,0.0,0.0,0.0,0.0,1.0
12,11,0.0,0.0,0.0,0.0,0.0,0.0,0.0,0.0,0.0,0.0,0.0,1.0
12,11,0.0,0.0,0.0,0.0,0.0,0.0,0.0,0.0,0.0,0.0,0.0,1.0
12,11,0.0,0.0,0.0,0.0,0.0,0.0,0.0,0.0,0.0,0.0,0.0,1.0
12,11,0.0,0.0,0.0,0.0,0.0,0.0,0.0,0.0,0.0,0.0,0.0,1.0
12,11,0.0,0.0,0.0,0.0,0.0,0.0,0.0,0.0,0.0,0.0,0.0,1.0
12,11,0.0,0.0,0.0,0.0,0.0,0.0,0.0,0.0,0.0,0.0,0.0,1.0
12,11,0.0,0.0,0.0,0.0,0.0,0.0,0.0,0.0,0.0,0.0,0.0,1.0
12,11,0.0,0.0,0.0,0.0,0.0,0.0,0.0,0.0,0.0,0.0,0.0,1.0
12,11,0.0,0.0,0.0,0.0,0.0,0.0,0.0,0.0,0.0,0.0,0.0,1.0
12,11,0.0,0.0,0.0,0.0,0.0,0.0,0.0,0.0,0.0,0.0,0.0,1.0
12,11,0.0,0.0,0.0,0.0,0.0,0.0,0.0,0.0,0.0,0.0,0.0,1.0
12,11,0.0,0.0,0.0,0.0,0.0,0.0,0.0,0.0,0.0,0.0,0.0,1.0
12,11,0.0,0.0,0.0,0.0,0.0,0.0,0.0,0.0,0.0,0.0,0.0,1.0
12,11,0.0,0.0,0.0,0.0,0.0,0.0,0.0,0.0,0.0,0.0,0.0,1.0
12,11,0.0,0.0,0.0,0.0,0.0,0.0,0.0,0.0,0.0,0.0,0.0,1.0
12,11,0.0,0.0,0.0,0.0,0.0,0.0,0.0,0.0,0.0,0.0,0.0,1.0
12,11,0.0,0.0,0.0,0.0,0.0,0.0,0.0,0.0,0.0,0.0,0.0,1.0
12,11,0.0,0.0,0.0,0.0,0.0,0.0,0.0,0.0,0.0,0.0,0.0,1.0
12,11,0.0,0.0,0.0,0.0,0.0,0.0,0.0,0.0,0.0,0.0,0.0,1.0
12,11,0.0,0.0,0.0,0.0,0.0,0.0,0.0,0.0,0.0,0.0,0.0,1.0
12,11,0.0,0.0,0.0,0.0,0.0,0.0,0.0,0.0,0.0,0.0,0.0,1.0
12,11,0.0,0.0,0.0,0.0,0.0,0.0,0.0,0.0,0.0,0.0,0.0,1.0
12,11,0.0,0.0,0.0,0.0,0.0,0.0,0.0,0.0,0.0,0.0,0.0,1.0
12,11,0.0,0.0,0.0,0.0,0.0,0.0,0.0,0.0,0.0,0.0,0.0,1.0
12,11,0.0,0.0,0.0,0.0,0.0,0.0,0.0,0.0,0.0,0.0,0.0,1.0
12,11,0.0,0.0,0.0,0.0,0.0,0.0,0.0,0.0,0.0,0.0,0.0,1.0
12,11,0.0,0.0,0.0,0.0,0.0,0.0,0.0,0.0,0.0,0.0,0.0,1.0
12,11,0.0,0.0,0.0,0.0,0.0,0.0,0.0,0.0,0.0,0.0,0.0,1.0
12,11,0.0,0.0,0.0,0.0,0.0,0.0,0.0,0.0,0.0,0.0,0.0,1.0
12,11,0.0,0.0,0.0,0.0,0.0,0.0,0.0,0.0,0.0,0.0,0.0,1.0
12,11,0.0,0.0,0.0,0.0,0.0,0.0,0.0,0.0,0.0,0.0,0.0,1.0
12,11,0.0,0.0,0.0,0.0,0.0,0.0,0.0,0.0,0.0,0.0,0.0,1.0
12,11,0.0,0.0,0.0,0.0,0.0,0.0,0.0,0.0,0.0,0.0,0.0,1.0
12,11,0.0,0.0,0.0,0.0,0.0,0.0,0.0,0.0,0.0,0.0,0.0,1.0
12,11,0.0,0.0,0.0,0.0,0.0,0.0,0.0,0.0,0.0,0.0,0.0,1.0
12,11,0.0,0.0,0.0,0.0,0.0,0.0,0.0,0.0,0.0,0.0,0.0,1.0
12,11,0.0,0.0,0.0,0.0,0.0,0.0,0.0,0.0,0.0,0.0,0.0,1.0
12,11,0.0,0.0,0.0,0.0,0.0,0.0,0.0,0.0,0.0,0.0,0.0,1.0
12,11,0.0,0.0,0.0,0.0,0.0,0.0,0.0,0.0,0.0,0.0,0.0,1.0
12,11,0.0,0.0,0.0,0.0,0.0,0.0,0.0,0.0,0.0,0.0,0.0,1.0
12,11,0.0,0.0,0.0,0.0,0.0,0.0,0.0,0.0,0.0,0.0,0.0,1.0
12,11,0.0,0.0,0.0,0.0,0.0,0.0,0.0,0.0,0.0,0.0,0.0,1.0
12,11,0.0,0.0,0.0,0.0,0.0,0.0,0.0,0.0,0.0,0.0,0.0,1.0
12,11,0.0,0.0,0.0,0.0,0.0,0.0,0.0,0.0,0.0,0.0,0.0,1.0
12,11,0.0,0.0,0.0,0.0,0.0,0.0,0.0,0.0,0.0,0.0,0.0,1.0
12,11,0.0,0.0,0.0,0.0,0.0,0.0,0.0,0.0,0.0,0.0,0.0,1.0
12,11,0.0,0.0,0.0,0.0,0.0,0.0,0.0,0.0,0.0,0.0,0.0,1.0
12,11,0.0,0.0,0.0,0.0,0.0,0.0,0.0,0.0,0.0,0.0,0.0,1.0
12,11,0.0,0.0,0.0,0.0,0.0,0.0,0.0,0.0,0.0,0.0,0.0,1.0
12,11,0.0,0.0,0.0,0.0,0.0,0.0,0.0,0.0,0.0,0.0,0.0,1.0
12,11,0.0,0.0,0.0,0.0,0.0,0.0,0.0,0.0,0.0,0.0,0.0,1.0
12,11,0.0,0.0,0.0,0.0,0.0,0.0,0.0,0.0,0.0,0.0,0.0,1.0
12,11,0.0,0.0,0.0,0.0,0.0,0.0,0.0,0.0,0.0,0.0,0.0,1.0
12,11,0.0,0.0,0.0,0.0,0.0,0.0,0.0,0.0,0.0,0.0,0.0,1.0
12,11,0.0,0.0,0.0,0.0,0.0,0.0,0.0,0.0,0.0,0.0,0.0,1.0
12,11,0.0,0.0,0.0,0.0,0.0,0.0,0.0,0.0,0.0,0.0,0.0,1.0
12,11,0.0,0.0,0.0,0.0,0.0,0.0,0.0,0.0,0.0,0.0,0.0,1.0
12,11,0.0,0.0,0.0,0.0,0.0,0.0,0.0,0.0,0.0,0.0,0.0,1.0
12,11,0.0,0.0,0.0,0.0,0.0,0.0,0.0,0.0,0.0,0.0,0.0,1.0
12,11,0.0,0.0,0.0,0.0,0.0,0.0,0.0,0.0,0.0,0.0,0.0,1.0
12,11,0.0,0.0,0.0,0.0,0.0,0.0,0.0,0.0,0.0,0.0,0.0,1.0
12,11,0.0,0.0,0.0,0.0,0.0,0.0,0.0,0.0,0.0,0.0,0.0,1.0
12,11,0.0,0.0,0.0,0.0,0.0,0.0,0.0,0.0,0.0,0.0,0.0,1.0
12,11,0.0,0.0,0.0,0.0,0.0,0.0,0.0,0.0,0.0,0.0,0.0,1.0
12,11,0.0,0.0,0.0,0.0,0.0,0.0,0.0,0.0,0.0,0.0,0.0,1.0
12,11,0.0,0.0,0.0,0.0,0.0,0.0,0.0,0.0,0.0,0.0,0.0,1.0
12,11,0.0,0.0,0.0,0.0,0.0,0.0,0.0,0.0,0.0,0.0,0.0,1.0
12,11,0.0,0.0,0.0,0.0,0.0,0.0,0.0,0.0,0.0,0.0,0.0,1.0
12,11,0.0,0.0,0.0,0.0,0.0,0.0,0.0,0.0,0.0,0.0,0.0,1.0
12,11,0.0,0.0,0.0,0.0,0.0,0.0,0.0,0.0,0.0,0.0,0.0,1.0
12,11,0.0,0.0,0.0,0.0,0.0,0.0,0.0,0.0,0.0,0.0,0.0,1.0
12,11,0.0,0.0,0.0,0.0,0.0,0.0,0.0,0.0,0.0,0.0,0.0,1.0
12,11,0.0,0.0,0.0,0.0,0.0,0.0,0.0,0.0,0.0,0.0,0.0,1.0
12,11,0.0,0.0,0.0,0.0,0.0,0.0,0.0,0.0,0.0,0.0,0.0,1.0
12,11,0.0,0.0,0.0,0.0,0.0,0.0,0.0,0.0,0.0,0.0,0.0,1.0
12,11,0.0,0.0,0.0,0.0,0.0,0.0,0.0,0.0,0.0,0.0,0.0,1.0
12,11,0.0,0.0,0.0,0.0,0.0,0.0,0.0,0.0,0.0,0.0,0.0,1.0
12,11,0.0,0.0,0.0,0.0,0.0,0.0,0.0,0.0,0.0,0.0,0.0,1.0
12,11,0.0,0.0,0.0,0.0,0.0,0.0,0.0,0.0,0.0,0.0,0.0,1.0
12,11,0.0,0.0,0.0,0.0,0.0,0.0,0.0,0.0,0.0,0.0,0.0,1.0
12,11,0.0,0.0,0.0,0.0,0.0,0.0,0.0,0.0,0.0,0.0,0.0,1.0
12,11,0.0,0.0,0.0,0.0,0.0,0.0,0.0,0.0,0.0,0.0,0.0,1.0
12,11,0.0,0.0,0.0,0.0,0.0,0.0,0.0,0.0,0.0,0.0,0.0,1.0
12,11,0.0,0.0,0.0,0.0,0.0,0.0,0.0,0.0,0.0,0.0,0.0,1.0
12,11,0.0,0.0,0.0,0.0,0.0,0.0,0.0,0.0,0.0,0.0,0.0,1.0
12,11,0.0,0.0,0.0,0.0,0.0,0.0,0.0,0.0,0.0,0.0,0.0,1.0
12,11,0.0,0.0,0.0,0.0,0.0,0.0,0.0,0.0,0.0,0.0,0.0,1.0
12,11,0.0,0.0,0.0,0.0,0.0,0.0,0.0,0.0,0.0,0.0,0.0,1.0
12,11,0.0,0.0,0.0,0.0,0.0,0.0,0.0,0.0,0.0,0.0,0.0,1.0
12,11,0.0,0.0,0.0,0.0,0.0,0.0,0.0,0.0,0.0,0.0,0.0,1.0
12,11,0.0,0.0,0.0,0.0,0.0,0.0,0.0,0.0,0.0,0.0,0.0,1.0
12,11,0.0,0.0,0.0,0.0,0.0,0.0,0.0,0.0,0.0,0.0,0.0,1.0
12,11,0.0,0.0,0.0,0.0,0.0,0.0,0.0,0.0,0.0,0.0,0.0,1.0
12,11,0.0,0.0,0.0,0.0,0.0,0.0,0.0,0.0,0.0,0.0,0.0,1.0
12,11,0.0,0.0,0.0,0.0,0.0,0.0,0.0,0.0,0.0,0.0,0.0,1.0
12,11,0.0,0.0,0.0,0.0,0.0,0.0,0.0,0.0,0.0,0.0,0.0,1.0
12,11,0.0,0.0,0.0,0.0,0.0,0.0,0.0,0.0,0.0,0.0,0.0,1.0
12,11,0.0,0.0,0.0,0.0,0.0,0.0,0.0,0.0,0.0,0.0,0.0,1.0
12,11,0.0,0.0,0.0,0.0,0.0,0.0,0.0,0.0,0.0,0.0,0.0,1.0
12,11,0.0,0.0,0.0,0.0,0.0,0.0,0.0,0.0,0.0,0.0,0.0,1.0
12,11,0.0,0.0,0.0,0.0,0.0,0.0,0.0,0.0,0.0,0.0,0.0,1.0
12,11,0.0,0.0,0.0,0.0,0.0,0.0,0.0,0.0,0.0,0.0,0.0,1.0
12,11,0.0,0.0,0.0,0.0,0.0,0.0,0.0,0.0,0.0,0.0,0.0,1.0
12,11,0.0,0.0,0.0,0.0,0.0,0.0,0.0,0.0,0.0,0.0,0.0,1.0
12,11,0.0,0.0,0.0,0.0,0.0,0.0,0.0,0.0,0.0,0.0,0.0,1.0
12,11,0.0,0.0,0.0,0.0,0.0,0.0,0.0,0.0,0.0,0.0,0.0,1.0
12,11,0.0,0.0,0.0,0.0,0.0,0.0,0.0,0.0,0.0,0.0,0.0,1.0
12,11,0.0,0.0,0.0,0.0,0.0,0.0,0.0,0.0,0.0,0.0,0.0,1.0
12,11,0.0,0.0,0.0,0.0,0.0,0.0,0.0,0.0,0.0,0.0,0.0,1.0
12,11,0.0,0.0,0.0,0.0,0.0,0.0,0.0,0.0,0.0,0.0,0.0,1.0
12,11,0.0,0.0,0.0,0.0,0.0,0.0,0.0,0.0,0.0,0.0,0.0,1.0
12,11,0.0,0.0,0.0,0.0,0.0,0.0,0.0,0.0,0.0,0.0,0.0,1.0
12,11,0.0,0.0,0.0,0.0,0.0,0.0,0.0,0.0,0.0,0.0,0.0,1.0
12,11,0.0,0.0,0.0,0.0,0.0,0.0,0.0,0.0,0.0,0.0,0.0,1.0
12,11,0.0,0.0,0.0,0.0,0.0,0.0,0.0,0.0,0.0,0.0,0.0,1.0
12,11,0.0,0.0,0.0,0.0,0.0,0.0,0.0,0.0,0.0,0.0,0.0,1.0
12,11,0.0,0.0,0.0,0.0,0.0,0.0,0.0,0.0,0.0,0.0,0.0,1.0
12,11,0.0,0.0,0.0,0.0,0.0,0.0,0.0,0.0,0.0,0.0,0.0,1.0
12,11,0.0,0.0,0.0,0.0,0.0,0.0,0.0,0.0,0.0,0.0,0.0,1.0
12,11,0.0,0.0,0.0,0.0,0.0,0.0,0.0,0.0,0.0,0.0,0.0,1.0
12,11,0.0,0.0,0.0,0.0,0.0,0.0,0.0,0.0,0.0,0.0,0.0,1.0
12,11,0.0,0.0,0.0,0.0,0.0,0.0,0.0,0.0,0.0,0.0,0.0,1.0
12,11,0.0,0.0,0.0,0.0,0.0,0.0,0.0,0.0,0.0,0.0,0.0,1.0
12,11,0.0,0.0,0.0,0.0,0.0,0.0,0.0,0.0,0.0,0.0,0.0,1.0
12,11,0.0,0.0,0.0,0.0,0.0,0.0,0.0,0.0,0.0,0.0,0.0,1.0
12,11,0.0,0.0,0.0,0.0,0.0,0.0,0.0,0.0,0.0,0.0,0.0,1.0
12,11,0.0,0.0,0.0,0.0,0.0,0.0,0.0,0.0,0.0,0.0,0.0,1.0
12,11,0.0,0.0,0.0,0.0,0.0,0.0,0.0,0.0,0.0,0.0,0.0,1.0
12,11,0.0,0.0,0.0,0.0,0.0,0.0,0.0,0.0,0.0,0.0,0.0,1.0
12,11,0.0,0.0,0.0,0.0,0.0,0.0,0.0,0.0,0.0,0.0,0.0,1.0
12,11,0.0,0.0,0.0,0.0,0.0,0.0,0.0,0.0,0.0,0.0,0.0,1.0
12,11,0.0,0.0,0.0,0.0,0.0,0.0,0.0,0.0,0.0,0.0,0.0,1.0
12,11,0.0,0.0,0.0,0.0,0.0,0.0,0.0,0.0,0.0,0.0,0.0,1.0
12,11,0.0,0.0,0.0,0.0,0.0,0.0,0.0,0.0,0.0,0.0,0.0,1.0
12,11,0.0,0.0,0.0,0.0,0.0,0.0,0.0,0.0,0.0,0.0,0.0,1.0
12,11,0.0,0.0,0.0,0.0,0.0,0.0,0.0,0.0,0.0,0.0,0.0,1.0
12,11,0.0,0.0,0.0,0.0,0.0,0.0,0.0,0.0,0.0,0.0,0.0,1.0
12,11,0.0,0.0,0.0,0.0,0.0,0.0,0.0,0.0,0.0,0.0,0.0,1.0
12,11,0.0,0.0,0.0,0.0,0.0,0.0,0.0,0.0,0.0,0.0,0.0,1.0
12,11,0.0,0.0,0.0,0.0,0.0,0.0,0.0,0.0,0.0,0.0,0.0,1.0
12,11,0.0,0.0,0.0,0.0,0.0,0.0,0.0,0.0,0.0,0.0,0.0,1.0
12,11,0.0,0.0,0.0,0.0,0.0,0.0,0.0,0.0,0.0,0.0,0.0,1.0
12,11,0.0,0.0,0.0,0.0,0.0,0.0,0.0,0.0,0.0,0.0,0.0,1.0
12,11,0.0,0.0,0.0,0.0,0.0,0.0,0.0,0.0,0.0,0.0,0.0,1.0
12,11,0.0,0.0,0.0,0.0,0.0,0.0,0.0,0.0,0.0,0.0,0.0,1.0
12,11,0.0,0.0,0.0,0.0,0.0,0.0,0.0,0.0,0.0,0.0,0.0,1.0
12,11,0.0,0.0,0.0,0.0,0.0,0.0,0.0,0.0,0.0,0.0,0.0,1.0
12,11,0.0,0.0,0.0,0.0,0.0,0.0,0.0,0.0,0.0,0.0,0.0,1.0
12,11,0.0,0.0,0.0,0.0,0.0,0.0,0.0,0.0,0.0,0.0,0.0,1.0
12,11,0.0,0.0,0.0,0.0,0.0,0.0,0.0,0.0,0.0,0.0,0.0,1.0
12,11,0.0,0.0,0.0,0.0,0.0,0.0,0.0,0.0,0.0,0.0,0.0,1.0
12,11,0.0,0.0,0.0,0.0,0.0,0.0,0.0,0.0,0.0,0.0,0.0,1.0
12,11,0.0,0.0,0.0,0.0,0.0,0.0,0.0,0.0,0.0,0.0,0.0,1.0
12,11,0.0,0.0,0.0,0.0,0.0,0.0,0.0,0.0,0.0,0.0,0.0,1.0
12,11,0.0,0.0,0.0,0.0,0.0,0.0,0.0,0.0,0.0,0.0,0.0,1.0
12,11,0.0,0.0,0.0,0.0,0.0,0.0,0.0,0.0,0.0,0.0,0.0,1.0
12,11,0.0,0.0,0.0,0.0,0.0,0.0,0.0,0.0,0.0,0.0,0.0,1.0
12,11,0.0,0.0,0.0,0.0,0.0,0.0,0.0,0.0,0.0,0.0,0.0,1.0
12,11,0.0,0.0,0.0,0.0,0.0,0.0,0.0,0.0,0.0,0.0,0.0,1.0
12,11,0.0,0.0,0.0,0.0,0.0,0.0,0.0,0.0,0.0,0.0,0.0,1.0
12,11,0.0,0.0,0.0,0.0,0.0,0.0,0.0,0.0,0.0,0.0,0.0,1.0
12,11,0.0,0.0,0.0,0.0,0.0,0.0,0.0,0.0,0.0,0.0,0.0,1.0
12,11,0.0,0.0,0.0,0.0,0.0,0.0,0.0,0.0,0.0,0.0,0.0,1.0
12,11,0.0,0.0,0.0,0.0,0.0,0.0,0.0,0.0,0.0,0.0,0.0,1.0
12,11,0.0,0.0,0.0,0.0,0.0,0.0,0.0,0.0,0.0,0.0,0.0,1.0
12,11,0.0,0.0,0.0,0.0,0.0,0.0,0.0,0.0,0.0,0.0,0.0,1.0
12,11,0.0,0.0,0.0,0.0,0.0,0.0,0.0,0.0,0.0,0.0,0.0,1.0
12,11,0.0,0.0,0.0,0.0,0.0,0.0,0.0,0.0,0.0,0.0,0.0,1.0
12,11,0.0,0.0,0.0,0.0,0.0,0.0,0.0,0.0,0.0,0.0,0.0,1.0
12,11,0.0,0.0,0.0,0.0,0.0,0.0,0.0,0.0,0.0,0.0,0.0,1.0
12,11,0.0,0.0,0.0,0.0,0.0,0.0,0.0,0.0,0.0,0.0,0.0,1.0
12,11,0.0,0.0,0.0,0.0,0.0,0.0,0.0,0.0,0.0,0.0,0.0,1.0
12,11,0.0,0.0,0.0,0.0,0.0,0.0,0.0,0.0,0.0,0.0,0.0,1.0
12,11,0.0,0.0,0.0,0.0,0.0,0.0,0.0,0.0,0.0,0.0,0.0,1.0
12,11,0.0,0.0,0.0,0.0,0.0,0.0,0.0,0.0,0.0,0.0,0.0,1.0
12,11,0.0,0.0,0.0,0.0,0.0,0.0,0.0,0.0,0.0,0.0,0.0,1.0
12,11,0.0,0.0,0.0,0.0,0.0,0.0,0.0,0.0,0.0,0.0,0.0,1.0
12,11,0.0,0.0,0.0,0.0,0.0,0.0,0.0,0.0,0.0,0.0,0.0,1.0
12,11,0.0,0.0,0.0,0.0,0.0,0.0,0.0,0.0,0.0,0.0,0.0,1.0
12,11,0.0,0.0,0.0,0.0,0.0,0.0,0.0,0.0,0.0,0.0,0.0,1.0
12,11,0.0,0.0,0.0,0.0,0.0,0.0,0.0,0.0,0.0,0.0,0.0,1.0
12,11,0.0,0.0,0.0,0.0,0.0,0.0,0.0,0.0,0.0,0.0,0.0,1.0
12,11,0.0,0.0,0.0,0.0,0.0,0.0,0.0,0.0,0.0,0.0,0.0,1.0
12,11,0.0,0.0,0.0,0.0,0.0,0.0,0.0,0.0,0.0,0.0,0.0,1.0
12,11,0.0,0.0,0.0,0.0,0.0,0.0,0.0,0.0,0.0,0.0,0.0,1.0
12,11,0.0,0.0,0.0,0.0,0.0,0.0,0.0,0.0,0.0,0.0,0.0,1.0
12,11,0.0,0.0,0.0,0.0,0.0,0.0,0.0,0.0,0.0,0.0,0.0,1.0
12,11,0.0,0.0,0.0,0.0,0.0,0.0,0.0,0.0,0.0,0.0,0.0,1.0
12,11,0.0,0.0,0.0,0.0,0.0,0.0,0.0,0.0,0.0,0.0,0.0,1.0
12,11,0.0,0.0,0.0,0.0,0.0,0.0,0.0,0.0,0.0,0.0,0.0,1.0
12,11,0.0,0.0,0.0,0.0,0.0,0.0,0.0,0.0,0.0,0.0,0.0,1.0
12,11,0.0,0.0,0.0,0.0,0.0,0.0,0.0,0.0,0.0,0.0,0.0,1.0
12,11,0.0,0.0,0.0,0.0,0.0,0.0,0.0,0.0,0.0,0.0,0.0,1.0
12,11,0.0,0.0,0.0,0.0,0.0,0.0,0.0,0.0,0.0,0.0,0.0,1.0
12,11,0.0,0.0,0.0,0.0,0.0,0.0,0.0,0.0,0.0,0.0,0.0,1.0
12,11,0.0,0.0,0.0,0.0,0.0,0.0,0.0,0.0,0.0,0.0,0.0,1.0
12,11,0.0,0.0,0.0,0.0,0.0,0.0,0.0,0.0,0.0,0.0,0.0,1.0
12,11,0.0,0.0,0.0,0.0,0.0,0.0,0.0,0.0,0.0,0.0,0.0,1.0
12,11,0.0,0.0,0.0,0.0,0.0,0.0,0.0,0.0,0.0,0.0,0.0,1.0
12,11,0.0,0.0,0.0,0.0,0.0,0.0,0.0,0.0,0.0,0.0,0.0,1.0
12,11,0.0,0.0,0.0,0.0,0.0,0.0,0.0,0.0,0.0,0.0,0.0,1.0
12,11,0.0,0.0,0.0,0.0,0.0,0.0,0.0,0.0,0.0,0.0,0.0,1.0
12,11,0.0,0.0,0.0,0.0,0.0,0.0,0.0,0.0,0.0,0.0,0.0,1.0
12,11,0.0,0.0,0.0,0.0,0.0,0.0,0.0,0.0,0.0,0.0,0.0,1.0
12,11,0.0,0.0,0.0,0.0,0.0,0.0,0.0,0.0,0.0,0.0,0.0,1.0
12,11,0.0,0.0,0.0,0.0,0.0,0.0,0.0,0.0,0.0,0.0,0.0,1.0
12,11,0.0,0.0,0.0,0.0,0.0,0.0,0.0,0.0,0.0,0.0,0.0,1.0
12,11,0.0,0.0,0.0,0.0,0.0,0.0,0.0,0.0,0.0,0.0,0.0,1.0
12,11,0.0,0.0,0.0,0.0,0.0,0.0,0.0,0.0,0.0,0.0,0.0,1.0
12,11,0.0,0.0,0.0,0.0,0.0,0.0,0.0,0.0,0.0,0.0,0.0,1.0
12,11,0.0,0.0,0.0,0.0,0.0,0.0,0.0,0.0,0.0,0.0,0.0,1.0
12,11,0.0,0.0,0.0,0.0,0.0,0.0,0.0,0.0,0.0,0.0,0.0,1.0
12,11,0.0,0.0,0.0,0.0,0.0,0.0,0.0,0.0,0.0,0.0,0.0,1.0
12,11,0.0,0.0,0.0,0.0,0.0,0.0,0.0,0.0,0.0,0.0,0.0,1.0
12,11,0.0,0.0,0.0,0.0,0.0,0.0,0.0,0.0,0.0,0.0,0.0,1.0
12,11,0.0,0.0,0.0,0.0,0.0,0.0,0.0,0.0,0.0,0.0,0.0,1.0
12,11,0.0,0.0,0.0,0.0,0.0,0.0,0.0,0.0,0.0,0.0,0.0,1.0
12,11,0.0,0.0,0.0,0.0,0.0,0.0,0.0,0.0,0.0,0.0,0.0,1.0
12,11,0.0,0.0,0.0,0.0,0.0,0.0,0.0,0.0,0.0,0.0,0.0,1.0
12,11,0.0,0.0,0.0,0.0,0.0,0.0,0.0,0.0,0.0,0.0,0.0,1.0
12,11,0.0,0.0,0.0,0.0,0.0,0.0,0.0,0.0,0.0,0.0,0.0,1.0
12,11,0.0,0.0,0.0,0.0,0.0,0.0,0.0,0.0,0.0,0.0,0.0,1.0
12,11,0.0,0.0,0.0,0.0,0.0,0.0,0.0,0.0,0.0,0.0,0.0,1.0
12,11,0.0,0.0,0.0,0.0,0.0,0.0,0.0,0.0,0.0,0.0,0.0,1.0
12,11,0.0,0.0,0.0,0.0,0.0,0.0,0.0,0.0,0.0,0.0,0.0,1.0
12,11,0.0,0.0,0.0,0.0,0.0,0.0,0.0,0.0,0.0,0.0,0.0,1.0
12,11,0.0,0.0,0.0,0.0,0.0,0.0,0.0,0.0,0.0,0.0,0.0,1.0
12,11,0.0,0.0,0.0,0.0,0.0,0.0,0.0,0.0,0.0,0.0,0.0,1.0
12,11,0.0,0.0,0.0,0.0,0.0,0.0,0.0,0.0,0.0,0.0,0.0,1.0
12,11,0.0,0.0,0.0,0.0,0.0,0.0,0.0,0.0,0.0,0.0,0.0,1.0
12,11,0.0,0.0,0.0,0.0,0.0,0.0,0.0,0.0,0.0,0.0,0.0,1.0
12,11,0.0,0.0,0.0,0.0,0.0,0.0,0.0,0.0,0.0,0.0,0.0,1.0
12,11,0.0,0.0,0.0,0.0,0.0,0.0,0.0,0.0,0.0,0.0,0.0,1.0
12,11,0.0,0.0,0.0,0.0,0.0,0.0,0.0,0.0,0.0,0.0,0.0,1.0
12,11,0.0,0.0,0.0,0.0,0.0,0.0,0.0,0.0,0.0,0.0,0.0,1.0
12,11,0.0,0.0,0.0,0.0,0.0,0.0,0.0,0.0,0.0,0.0,0.0,1.0
12,11,0.0,0.0,0.0,0.0,0.0,0.0,0.0,0.0,0.0,0.0,0.0,1.0
12,11,0.0,0.0,0.0,0.0,0.0,0.0,0.0,0.0,0.0,0.0,0.0,1.0
12,11,0.0,0.0,0.0,0.0,0.0,0.0,0.0,0.0,0.0,0.0,0.0,1.0
12,11,0.0,0.0,0.0,0.0,0.0,0.0,0.0,0.0,0.0,0.0,0.0,1.0
12,11,0.0,0.0,0.0,0.0,0.0,0.0,0.0,0.0,0.0,0.0,0.0,1.0
12,11,0.0,0.0,0.0,0.0,0.0,0.0,0.0,0.0,0.0,0.0,0.0,1.0
12,11,0.0,0.0,0.0,0.0,0.0,0.0,0.0,0.0,0.0,0.0,0.0,1.0
12,11,0.0,0.0,0.0,0.0,0.0,0.0,0.0,0.0,0.0,0.0,0.0,1.0
12,11,0.0,0.0,0.0,0.0,0.0,0.0,0.0,0.0,0.0,0.0,0.0,1.0
12,11,0.0,0.0,0.0,0.0,0.0,0.0,0.0,0.0,0.0,0.0,0.0,1.0
12,11,0.0,0.0,0.0,0.0,0.0,0.0,0.0,0.0,0.0,0.0,0.0,1.0
12,11,0.0,0.0,0.0,0.0,0.0,0.0,0.0,0.0,0.0,0.0,0.0,1.0
12,11,0.0,0.0,0.0,0.0,0.0,0.0,0.0,0.0,0.0,0.0,0.0,1.0
12,11,0.0,0.0,0.0,0.0,0.0,0.0,0.0,0.0,0.0,0.0,0.0,1.0
12,11,0.0,0.0,0.0,0.0,0.0,0.0,0.0,0.0,0.0,0.0,0.0,1.0
12,11,0.0,0.0,0.0,0.0,0.0,0.0,0.0,0.0,0.0,0.0,0.0,1.0
12,11,0.0,0.0,0.0,0.0,0.0,0.0,0.0,0.0,0.0,0.0,0.0,1.0
12,11,0.0,0.0,0.0,0.0,0.0,0.0,0.0,0.0,0.0,0.0,0.0,1.0
12,11,0.0,0.0,0.0,0.0,0.0,0.0,0.0,0.0,0.0,0.0,0.0,1.0
12,11,0.0,0.0,0.0,0.0,0.0,0.0,0.0,0.0,0.0,0.0,0.0,1.0
12,11,0.0,0.0,0.0,0.0,0.0,0.0,0.0,0.0,0.0,0.0,0.0,1.0
12,11,0.0,0.0,0.0,0.0,0.0,0.0,0.0,0.0,0.0,0.0,0.0,1.0
12,11,0.0,0.0,0.0,0.0,0.0,0.0,0.0,0.0,0.0,0.0,0.0,1.0
12,11,0.0,0.0,0.0,0.0,0.0,0.0,0.0,0.0,0.0,0.0,0.0,1.0
12,11,0.0,0.0,0.0,0.0,0.0,0.0,0.0,0.0,0.0,0.0,0.0,1.0
12,11,0.0,0.0,0.0,0.0,0.0,0.0,0.0,0.0,0.0,0.0,0.0,1.0
12,11,0.0,0.0,0.0,0.0,0.0,0.0,0.0,0.0,0.0,0.0,0.0,1.0
12,11,0.0,0.0,0.0,0.0,0.0,0.0,0.0,0.0,0.0,0.0,0.0,1.0
12,11,0.0,0.0,0.0,0.0,0.0,0.0,0.0,0.0,0.0,0.0,0.0,1.0
12,11,0.0,0.0,0.0,0.0,0.0,0.0,0.0,0.0,0.0,0.0,0.0,1.0
12,11,0.0,0.0,0.0,0.0,0.0,0.0,0.0,0.0,0.0,0.0,0.0,1.0
12,11,0.0,0.0,0.0,0.0,0.0,0.0,0.0,0.0,0.0,0.0,0.0,1.0
12,11,0.0,0.0,0.0,0.0,0.0,0.0,0.0,0.0,0.0,0.0,0.0,1.0
12,11,0.0,0.0,0.0,0.0,0.0,0.0,0.0,0.0,0.0,0.0,0.0,1.0
12,11,0.0,0.0,0.0,0.0,0.0,0.0,0.0,0.0,0.0,0.0,0.0,1.0
12,11,0.0,0.0,0.0,0.0,0.0,0.0,0.0,0.0,0.0,0.0,0.0,1.0
12,11,0.0,0.0,0.0,0.0,0.0,0.0,0.0,0.0,0.0,0.0,0.0,1.0
12,11,0.0,0.0,0.0,0.0,0.0,0.0,0.0,0.0,0.0,0.0,0.0,1.0
12,11,0.0,0.0,0.0,0.0,0.0,0.0,0.0,0.0,0.0,0.0,0.0,1.0
12,11,0.0,0.0,0.0,0.0,0.0,0.0,0.0,0.0,0.0,0.0,0.0,1.0
12,11,0.0,0.0,0.0,0.0,0.0,0.0,0.0,0.0,0.0,0.0,0.0,1.0
12,11,0.0,0.0,0.0,0.0,0.0,0.0,0.0,0.0,0.0,0.0,0.0,1.0
12,11,0.0,0.0,0.0,0.0,0.0,0.0,0.0,0.0,0.0,0.0,0.0,1.0
12,11,0.0,0.0,0.0,0.0,0.0,0.0,0.0,0.0,0.0,0.0,0.0,1.0
12,11,0.0,0.0,0.0,0.0,0.0,0.0,0.0,0.0,0.0,0.0,0.0,1.0
12,11,0.0,0.0,0.0,0.0,0.0,0.0,0.0,0.0,0.0,0.0,0.0,1.0
12,11,0.0,0.0,0.0,0.0,0.0,0.0,0.0,0.0,0.0,0.0,0.0,1.0
12,11,0.0,0.0,0.0,0.0,0.0,0.0,0.0,0.0,0.0,0.0,0.0,1.0
12,11,0.0,0.0,0.0,0.0,0.0,0.0,0.0,0.0,0.0,0.0,0.0,1.0
12,11,0.0,0.0,0.0,0.0,0.0,0.0,0.0,0.0,0.0,0.0,0.0,1.0
12,11,0.0,0.0,0.0,0.0,0.0,0.0,0.0,0.0,0.0,0.0,0.0,1.0
12,11,0.0,0.0,0.0,0.0,0.0,0.0,0.0,0.0,0.0,0.0,0.0,1.0
12,11,0.0,0.0,0.0,0.0,0.0,0.0,0.0,0.0,0.0,0.0,0.0,1.0
12,11,0.0,0.0,0.0,0.0,0.0,0.0,0.0,0.0,0.0,0.0,0.0,1.0
12,11,0.0,0.0,0.0,0.0,0.0,0.0,0.0,0.0,0.0,0.0,0.0,1.0
12,11,0.0,0.0,0.0,0.0,0.0,0.0,0.0,0.0,0.0,0.0,0.0,1.0
12,11,0.0,0.0,0.0,0.0,0.0,0.0,0.0,0.0,0.0,0.0,0.0,1.0
12,11,0.0,0.0,0.0,0.0,0.0,0.0,0.0,0.0,0.0,0.0,0.0,1.0
12,11,0.0,0.0,0.0,0.0,0.0,0.0,0.0,0.0,0.0,0.0,0.0,1.0
12,11,0.0,0.0,0.0,0.0,0.0,0.0,0.0,0.0,0.0,0.0,0.0,1.0
12,11,0.0,0.0,0.0,0.0,0.0,0.0,0.0,0.0,0.0,0.0,0.0,1.0
12,11,0.0,0.0,0.0,0.0,0.0,0.0,0.0,0.0,0.0,0.0,0.0,1.0
12,11,0.0,0.0,0.0,0.0,0.0,0.0,0.0,0.0,0.0,0.0,0.0,1.0
12,11,0.0,0.0,0.0,0.0,0.0,0.0,0.0,0.0,0.0,0.0,0.0,1.0
12,11,0.0,0.0,0.0,0.0,0.0,0.0,0.0,0.0,0.0,0.0,0.0,1.0
12,11,0.0,0.0,0.0,0.0,0.0,0.0,0.0,0.0,0.0,0.0,0.0,1.0
12,11,0.0,0.0,0.0,0.0,0.0,0.0,0.0,0.0,0.0,0.0,0.0,1.0
12,11,0.0,0.0,0.0,0.0,0.0,0.0,0.0,0.0,0.0,0.0,0.0,1.0
12,11,0.0,0.0,0.0,0.0,0.0,0.0,0.0,0.0,0.0,0.0,0.0,1.0
12,11,0.0,0.0,0.0,0.0,0.0,0.0,0.0,0.0,0.0,0.0,0.0,1.0
12,11,0.0,0.0,0.0,0.0,0.0,0.0,0.0,0.0,0.0,0.0,0.0,1.0
12,11,0.0,0.0,0.0,0.0,0.0,0.0,0.0,0.0,0.0,0.0,0.0,1.0
12,11,0.0,0.0,0.0,0.0,0.0,0.0,0.0,0.0,0.0,0.0,0.0,1.0
12,11,0.0,0.0,0.0,0.0,0.0,0.0,0.0,0.0,0.0,0.0,0.0,1.0
12,11,0.0,0.0,0.0,0.0,0.0,0.0,0.0,0.0,0.0,0.0,0.0,1.0
12,11,0.0,0.0,0.0,0.0,0.0,0.0,0.0,0.0,0.0,0.0,0.0,1.0
12,11,0.0,0.0,0.0,0.0,0.0,0.0,0.0,0.0,0.0,0.0,0.0,1.0
12,11,0.0,0.0,0.0,0.0,0.0,0.0,0.0,0.0,0.0,0.0,0.0,1.0
12,11,0.0,0.0,0.0,0.0,0.0,0.0,0.0,0.0,0.0,0.0,0.0,1.0
12,11,0.0,0.0,0.0,0.0,0.0,0.0,0.0,0.0,0.0,0.0,0.0,1.0
12,11,0.0,0.0,0.0,0.0,0.0,0.0,0.0,0.0,0.0,0.0,0.0,1.0
12,11,0.0,0.0,0.0,0.0,0.0,0.0,0.0,0.0,0.0,0.0,0.0,1.0
12,11,0.0,0.0,0.0,0.0,0.0,0.0,0.0,0.0,0.0,0.0,0.0,1.0
12,11,0.0,0.0,0.0,0.0,0.0,0.0,0.0,0.0,0.0,0.0,0.0,1.0
12,11,0.0,0.0,0.0,0.0,0.0,0.0,0.0,0.0,0.0,0.0,0.0,1.0
12,11,0.0,0.0,0.0,0.0,0.0,0.0,0.0,0.0,0.0,0.0,0.0,1.0
12,11,0.0,0.0,0.0,0.0,0.0,0.0,0.0,0.0,0.0,0.0,0.0,1.0
12,11,0.0,0.0,0.0,0.0,0.0,0.0,0.0,0.0,0.0,0.0,0.0,1.0
12,11,0.0,0.0,0.0,0.0,0.0,0.0,0.0,0.0,0.0,0.0,0.0,1.0
12,11,0.0,0.0,0.0,0.0,0.0,0.0,0.0,0.0,0.0,0.0,0.0,1.0
12,11,0.0,0.0,0.0,0.0,0.0,0.0,0.0,0.0,0.0,0.0,0.0,1.0
12,11,0.0,0.0,0.0,0.0,0.0,0.0,0.0,0.0,0.0,0.0,0.0,1.0
12,11,0.0,0.0,0.0,0.0,0.0,0.0,0.0,0.0,0.0,0.0,0.0,1.0
12,11,0.0,0.0,0.0,0.0,0.0,0.0,0.0,0.0,0.0,0.0,0.0,1.0
12,11,0.0,0.0,0.0,0.0,0.0,0.0,0.0,0.0,0.0,0.0,0.0,1.0
12,11,0.0,0.0,0.0,0.0,0.0,0.0,0.0,0.0,0.0,0.0,0.0,1.0
12,11,0.0,0.0,0.0,0.0,0.0,0.0,0.0,0.0,0.0,0.0,0.0,1.0
12,11,0.0,0.0,0.0,0.0,0.0,0.0,0.0,0.0,0.0,0.0,0.0,1.0
12,11,0.0,0.0,0.0,0.0,0.0,0.0,0.0,0.0,0.0,0.0,0.0,1.0
12,11,0.0,0.0,0.0,0.0,0.0,0.0,0.0,0.0,0.0,0.0,0.0,1.0
12,11,0.0,0.0,0.0,0.0,0.0,0.0,0.0,0.0,0.0,0.0,0.0,1.0
12,11,0.0,0.0,0.0,0.0,0.0,0.0,0.0,0.0,0.0,0.0,0.0,1.0
12,11,0.0,0.0,0.0,0.0,0.0,0.0,0.0,0.0,0.0,0.0,0.0,1.0
12,11,0.0,0.0,0.0,0.0,0.0,0.0,0.0,0.0,0.0,0.0,0.0,1.0
12,11,0.0,0.0,0.0,0.0,0.0,0.0,0.0,0.0,0.0,0.0,0.0,1.0
12,11,0.0,0.0,0.0,0.0,0.0,0.0,0.0,0.0,0.0,0.0,0.0,1.0
12,11,0.0,0.0,0.0,0.0,0.0,0.0,0.0,0.0,0.0,0.0,0.0,1.0
12,11,0.0,0.0,0.0,0.0,0.0,0.0,0.0,0.0,0.0,0.0,0.0,1.0
12,11,0.0,0.0,0.0,0.0,0.0,0.0,0.0,0.0,0.0,0.0,0.0,1.0
12,11,0.0,0.0,0.0,0.0,0.0,0.0,0.0,0.0,0.0,0.0,0.0,1.0
12,11,0.0,0.0,0.0,0.0,0.0,0.0,0.0,0.0,0.0,0.0,0.0,1.0
12,11,0.0,0.0,0.0,0.0,0.0,0.0,0.0,0.0,0.0,0.0,0.0,1.0
12,11,0.0,0.0,0.0,0.0,0.0,0.0,0.0,0.0,0.0,0.0,0.0,1.0
12,11,0.0,0.0,0.0,0.0,0.0,0.0,0.0,0.0,0.0,0.0,0.0,1.0
12,11,0.0,0.0,0.0,0.0,0.0,0.0,0.0,0.0,0.0,0.0,0.0,1.0
12,11,0.0,0.0,0.0,0.0,0.0,0.0,0.0,0.0,0.0,0.0,0.0,1.0
12,11,0.0,0.0,0.0,0.0,0.0,0.0,0.0,0.0,0.0,0.0,0.0,1.0
12,11,0.0,0.0,0.0,0.0,0.0,0.0,0.0,0.0,0.0,0.0,0.0,1.0
12,11,0.0,0.0,0.0,0.0,0.0,0.0,0.0,0.0,0.0,0.0,0.0,1.0
12,11,0.0,0.0,0.0,0.0,0.0,0.0,0.0,0.0,0.0,0.0,0.0,1.0
12,11,0.0,0.0,0.0,0.0,0.0,0.0,0.0,0.0,0.0,0.0,0.0,1.0
12,11,0.0,0.0,0.0,0.0,0.0,0.0,0.0,0.0,0.0,0.0,0.0,1.0
12,11,0.0,0.0,0.0,0.0,0.0,0.0,0.0,0.0,0.0,0.0,0.0,1.0
12,11,0.0,0.0,0.0,0.0,0.0,0.0,0.0,0.0,0.0,0.0,0.0,1.0
12,11,0.0,0.0,0.0,0.0,0.0,0.0,0.0,0.0,0.0,0.0,0.0,1.0
12,11,0.0,0.0,0.0,0.0,0.0,0.0,0.0,0.0,0.0,0.0,0.0,1.0
12,11,0.0,0.0,0.0,0.0,0.0,0.0,0.0,0.0,0.0,0.0,0.0,1.0
12,11,0.0,0.0,0.0,0.0,0.0,0.0,0.0,0.0,0.0,0.0,0.0,1.0
12,11,0.0,0.0,0.0,0.0,0.0,0.0,0.0,0.0,0.0,0.0,0.0,1.0
12,11,0.0,0.0,0.0,0.0,0.0,0.0,0.0,0.0,0.0,0.0,0.0,1.0
12,11,0.0,0.0,0.0,0.0,0.0,0.0,0.0,0.0,0.0,0.0,0.0,1.0
12,11,0.0,0.0,0.0,0.0,0.0,0.0,0.0,0.0,0.0,0.0,0.0,1.0
12,11,0.0,0.0,0.0,0.0,0.0,0.0,0.0,0.0,0.0,0.0,0.0,1.0
12,11,0.0,0.0,0.0,0.0,0.0,0.0,0.0,0.0,0.0,0.0,0.0,1.0
12,11,0.0,0.0,0.0,0.0,0.0,0.0,0.0,0.0,0.0,0.0,0.0,1.0
12,11,0.0,0.0,0.0,0.0,0.0,0.0,0.0,0.0,0.0,0.0,0.0,1.0
12,11,0.0,0.0,0.0,0.0,0.0,0.0,0.0,0.0,0.0,0.0,0.0,1.0
12,11,0.0,0.0,0.0,0.0,0.0,0.0,0.0,0.0,0.0,0.0,0.0,1.0
12,11,0.0,0.0,0.0,0.0,0.0,0.0,0.0,0.0,0.0,0.0,0.0,1.0
12,11,0.0,0.0,0.0,0.0,0.0,0.0,0.0,0.0,0.0,0.0,0.0,1.0
12,11,0.0,0.0,0.0,0.0,0.0,0.0,0.0,0.0,0.0,0.0,0.0,1.0
12,11,0.0,0.0,0.0,0.0,0.0,0.0,0.0,0.0,0.0,0.0,0.0,1.0
12,11,0.0,0.0,0.0,0.0,0.0,0.0,0.0,0.0,0.0,0.0,0.0,1.0
12,11,0.0,0.0,0.0,0.0,0.0,0.0,0.0,0.0,0.0,0.0,0.0,1.0
12,11,0.0,0.0,0.0,0.0,0.0,0.0,0.0,0.0,0.0,0.0,0.0,1.0
12,11,0.0,0.0,0.0,0.0,0.0,0.0,0.0,0.0,0.0,0.0,0.0,1.0
12,11,0.0,0.0,0.0,0.0,0.0,0.0,0.0,0.0,0.0,0.0,0.0,1.0
12,11,0.0,0.0,0.0,0.0,0.0,0.0,0.0,0.0,0.0,0.0,0.0,1.0
12,11,0.0,0.0,0.0,0.0,0.0,0.0,0.0,0.0,0.0,0.0,0.0,1.0
12,11,0.0,0.0,0.0,0.0,0.0,0.0,0.0,0.0,0.0,0.0,0.0,1.0
12,11,0.0,0.0,0.0,0.0,0.0,0.0,0.0,0.0,0.0,0.0,0.0,1.0
12,11,0.0,0.0,0.0,0.0,0.0,0.0,0.0,0.0,0.0,0.0,0.0,1.0
12,11,0.0,0.0,0.0,0.0,0.0,0.0,0.0,0.0,0.0,0.0,0.0,1.0
12,11,0.0,0.0,0.0,0.0,0.0,0.0,0.0,0.0,0.0,0.0,0.0,1.0
12,11,0.0,0.0,0.0,0.0,0.0,0.0,0.0,0.0,0.0,0.0,0.0,1.0
12,11,0.0,0.0,0.0,0.0,0.0,0.0,0.0,0.0,0.0,0.0,0.0,1.0
12,11,0.0,0.0,0.0,0.0,0.0,0.0,0.0,0.0,0.0,0.0,0.0,1.0
12,11,0.0,0.0,0.0,0.0,0.0,0.0,0.0,0.0,0.0,0.0,0.0,1.0
12,11,0.0,0.0,0.0,0.0,0.0,0.0,0.0,0.0,0.0,0.0,0.0,1.0
12,11,0.0,0.0,0.0,0.0,0.0,0.0,0.0,0.0,0.0,0.0,0.0,1.0
12,11,0.0,0.0,0.0,0.0,0.0,0.0,0.0,0.0,0.0,0.0,0.0,1.0
12,11,0.0,0.0,0.0,0.0,0.0,0.0,0.0,0.0,0.0,0.0,0.0,1.0
12,11,0.0,0.0,0.0,0.0,0.0,0.0,0.0,0.0,0.0,0.0,0.0,1.0
12,11,0.0,0.0,0.0,0.0,0.0,0.0,0.0,0.0,0.0,0.0,0.0,1.0
12,11,0.0,0.0,0.0,0.0,0.0,0.0,0.0,0.0,0.0,0.0,0.0,1.0
12,11,0.0,0.0,0.0,0.0,0.0,0.0,0.0,0.0,0.0,0.0,0.0,1.0
12,11,0.0,0.0,0.0,0.0,0.0,0.0,0.0,0.0,0.0,0.0,0.0,1.0
12,11,0.0,0.0,0.0,0.0,0.0,0.0,0.0,0.0,0.0,0.0,0.0,1.0
12,11,0.0,0.0,0.0,0.0,0.0,0.0,0.0,0.0,0.0,0.0,0.0,1.0
12,11,0.0,0.0,0.0,0.0,0.0,0.0,0.0,0.0,0.0,0.0,0.0,1.0
12,11,0.0,0.0,0.0,0.0,0.0,0.0,0.0,0.0,0.0,0.0,0.0,1.0
12,11,0.0,0.0,0.0,0.0,0.0,0.0,0.0,0.0,0.0,0.0,0.0,1.0
12,11,0.0,0.0,0.0,0.0,0.0,0.0,0.0,0.0,0.0,0.0,0.0,1.0
12,11,0.0,0.0,0.0,0.0,0.0,0.0,0.0,0.0,0.0,0.0,0.0,1.0
12,11,0.0,0.0,0.0,0.0,0.0,0.0,0.0,0.0,0.0,0.0,0.0,1.0
12,11,0.0,0.0,0.0,0.0,0.0,0.0,0.0,0.0,0.0,0.0,0.0,1.0
12,11,0.0,0.0,0.0,0.0,0.0,0.0,0.0,0.0,0.0,0.0,0.0,1.0
12,11,0.0,0.0,0.0,0.0,0.0,0.0,0.0,0.0,0.0,0.0,0.0,1.0
12,11,0.0,0.0,0.0,0.0,0.0,0.0,0.0,0.0,0.0,0.0,0.0,1.0
12,11,0.0,0.0,0.0,0.0,0.0,0.0,0.0,0.0,0.0,0.0,0.0,1.0
12,11,0.0,0.0,0.0,0.0,0.0,0.0,0.0,0.0,0.0,0.0,0.0,1.0
12,11,0.0,0.0,0.0,0.0,0.0,0.0,0.0,0.0,0.0,0.0,0.0,1.0
12,11,0.0,0.0,0.0,0.0,0.0,0.0,0.0,0.0,0.0,0.0,0.0,1.0
12,11,0.0,0.0,0.0,0.0,0.0,0.0,0.0,0.0,0.0,0.0,0.0,1.0
12,11,0.0,0.0,0.0,0.0,0.0,0.0,0.0,0.0,0.0,0.0,0.0,1.0
12,11,0.0,0.0,0.0,0.0,0.0,0.0,0.0,0.0,0.0,0.0,0.0,1.0
12,11,0.0,0.0,0.0,0.0,0.0,0.0,0.0,0.0,0.0,0.0,0.0,1.0
12,11,0.0,0.0,0.0,0.0,0.0,0.0,0.0,0.0,0.0,0.0,0.0,1.0
12,11,0.0,0.0,0.0,0.0,0.0,0.0,0.0,0.0,0.0,0.0,0.0,1.0
12,11,0.0,0.0,0.0,0.0,0.0,0.0,0.0,0.0,0.0,0.0,0.0,1.0
12,11,0.0,0.0,0.0,0.0,0.0,0.0,0.0,0.0,0.0,0.0,0.0,1.0
12,11,0.0,0.0,0.0,0.0,0.0,0.0,0.0,0.0,0.0,0.0,0.0,1.0
12,11,0.0,0.0,0.0,0.0,0.0,0.0,0.0,0.0,0.0,0.0,0.0,1.0
12,11,0.0,0.0,0.0,0.0,0.0,0.0,0.0,0.0,0.0,0.0,0.0,1.0
12,11,0.0,0.0,0.0,0.0,0.0,0.0,0.0,0.0,0.0,0.0,0.0,1.0
12,11,0.0,0.0,0.0,0.0,0.0,0.0,0.0,0.0,0.0,0.0,0.0,1.0
12,11,0.0,0.0,0.0,0.0,0.0,0.0,0.0,0.0,0.0,0.0,0.0,1.0
12,11,0.0,0.0,0.0,0.0,0.0,0.0,0.0,0.0,0.0,0.0,0.0,1.0
12,11,0.0,0.0,0.0,0.0,0.0,0.0,0.0,0.0,0.0,0.0,0.0,1.0
12,11,0.0,0.0,0.0,0.0,0.0,0.0,0.0,0.0,0.0,0.0,0.0,1.0
12,11,0.0,0.0,0.0,0.0,0.0,0.0,0.0,0.0,0.0,0.0,0.0,1.0
12,11,0.0,0.0,0.0,0.0,0.0,0.0,0.0,0.0,0.0,0.0,0.0,1.0
12,11,0.0,0.0,0.0,0.0,0.0,0.0,0.0,0.0,0.0,0.0,0.0,1.0
12,11,0.0,0.0,0.0,0.0,0.0,0.0,0.0,0.0,0.0,0.0,0.0,1.0
12,11,0.0,0.0,0.0,0.0,0.0,0.0,0.0,0.0,0.0,0.0,0.0,1.0
12,11,0.0,0.0,0.0,0.0,0.0,0.0,0.0,0.0,0.0,0.0,0.0,1.0
12,11,0.0,0.0,0.0,0.0,0.0,0.0,0.0,0.0,0.0,0.0,0.0,1.0
12,11,0.0,0.0,0.0,0.0,0.0,0.0,0.0,0.0,0.0,0.0,0.0,1.0
12,11,0.0,0.0,0.0,0.0,0.0,0.0,0.0,0.0,0.0,0.0,0.0,1.0
12,11,0.0,0.0,0.0,0.0,0.0,0.0,0.0,0.0,0.0,0.0,0.0,1.0
12,11,0.0,0.0,0.0,0.0,0.0,0.0,0.0,0.0,0.0,0.0,0.0,1.0
12,11,0.0,0.0,0.0,0.0,0.0,0.0,0.0,0.0,0.0,0.0,0.0,1.0
12,11,0.0,0.0,0.0,0.0,0.0,0.0,0.0,0.0,0.0,0.0,0.0,1.0
12,11,0.0,0.0,0.0,0.0,0.0,0.0,0.0,0.0,0.0,0.0,0.0,1.0
12,11,0.0,0.0,0.0,0.0,0.0,0.0,0.0,0.0,0.0,0.0,0.0,1.0
12,11,0.0,0.0,0.0,0.0,0.0,0.0,0.0,0.0,0.0,0.0,0.0,1.0
12,11,0.0,0.0,0.0,0.0,0.0,0.0,0.0,0.0,0.0,0.0,0.0,1.0
12,11,0.0,0.0,0.0,0.0,0.0,0.0,0.0,0.0,0.0,0.0,0.0,1.0
12,11,0.0,0.0,0.0,0.0,0.0,0.0,0.0,0.0,0.0,0.0,0.0,1.0
12,11,0.0,0.0,0.0,0.0,0.0,0.0,0.0,0.0,0.0,0.0,0.0,1.0
12,11,0.0,0.0,0.0,0.0,0.0,0.0,0.0,0.0,0.0,0.0,0.0,1.0
12,11,0.0,0.0,0.0,0.0,0.0,0.0,0.0,0.0,0.0,0.0,0.0,1.0
12,11,0.0,0.0,0.0,0.0,0.0,0.0,0.0,0.0,0.0,0.0,0.0,1.0
12,11,0.0,0.0,0.0,0.0,0.0,0.0,0.0,0.0,0.0,0.0,0.0,1.0
12,11,0.0,0.0,0.0,0.0,0.0,0.0,0.0,0.0,0.0,0.0,0.0,1.0
12,11,0.0,0.0,0.0,0.0,0.0,0.0,0.0,0.0,0.0,0.0,0.0,1.0
12,11,0.0,0.0,0.0,0.0,0.0,0.0,0.0,0.0,0.0,0.0,0.0,1.0
12,11,0.0,0.0,0.0,0.0,0.0,0.0,0.0,0.0,0.0,0.0,0.0,1.0
12,11,0.0,0.0,0.0,0.0,0.0,0.0,0.0,0.0,0.0,0.0,0.0,1.0
12,11,0.0,0.0,0.0,0.0,0.0,0.0,0.0,0.0,0.0,0.0,0.0,1.0
12,11,0.0,0.0,0.0,0.0,0.0,0.0,0.0,0.0,0.0,0.0,0.0,1.0
12,11,0.0,0.0,0.0,0.0,0.0,0.0,0.0,0.0,0.0,0.0,0.0,1.0
12,11,0.0,0.0,0.0,0.0,0.0,0.0,0.0,0.0,0.0,0.0,0.0,1.0
12,11,0.0,0.0,0.0,0.0,0.0,0.0,0.0,0.0,0.0,0.0,0.0,1.0
12,11,0.0,0.0,0.0,0.0,0.0,0.0,0.0,0.0,0.0,0.0,0.0,1.0
12,11,0.0,0.0,0.0,0.0,0.0,0.0,0.0,0.0,0.0,0.0,0.0,1.0
12,11,0.0,0.0,0.0,0.0,0.0,0.0,0.0,0.0,0.0,0.0,0.0,1.0
12,11,0.0,0.0,0.0,0.0,0.0,0.0,0.0,0.0,0.0,0.0,0.0,1.0
12,11,0.0,0.0,0.0,0.0,0.0,0.0,0.0,0.0,0.0,0.0,0.0,1.0
12,11,0.0,0.0,0.0,0.0,0.0,0.0,0.0,0.0,0.0,0.0,0.0,1.0
12,11,0.0,0.0,0.0,0.0,0.0,0.0,0.0,0.0,0.0,0.0,0.0,1.0
12,11,0.0,0.0,0.0,0.0,0.0,0.0,0.0,0.0,0.0,0.0,0.0,1.0
12,11,0.0,0.0,0.0,0.0,0.0,0.0,0.0,0.0,0.0,0.0,0.0,1.0
12,11,0.0,0.0,0.0,0.0,0.0,0.0,0.0,0.0,0.0,0.0,0.0,1.0
12,11,0.0,0.0,0.0,0.0,0.0,0.0,0.0,0.0,0.0,0.0,0.0,1.0
12,11,0.0,0.0,0.0,0.0,0.0,0.0,0.0,0.0,0.0,0.0,0.0,1.0
12,11,0.0,0.0,0.0,0.0,0.0,0.0,0.0,0.0,0.0,0.0,0.0,1.0
12,11,0.0,0.0,0.0,0.0,0.0,0.0,0.0,0.0,0.0,0.0,0.0,1.0
12,11,0.0,0.0,0.0,0.0,0.0,0.0,0.0,0.0,0.0,0.0,0.0,1.0
12,11,0.0,0.0,0.0,0.0,0.0,0.0,0.0,0.0,0.0,0.0,0.0,1.0
12,11,0.0,0.0,0.0,0.0,0.0,0.0,0.0,0.0,0.0,0.0,0.0,1.0
12,11,0.0,0.0,0.0,0.0,0.0,0.0,0.0,0.0,0.0,0.0,0.0,1.0
12,11,0.0,0.0,0.0,0.0,0.0,0.0,0.0,0.0,0.0,0.0,0.0,1.0
12,11,0.0,0.0,0.0,0.0,0.0,0.0,0.0,0.0,0.0,0.0,0.0,1.0
12,11,0.0,0.0,0.0,0.0,0.0,0.0,0.0,0.0,0.0,0.0,0.0,1.0
12,11,0.0,0.0,0.0,0.0,0.0,0.0,0.0,0.0,0.0,0.0,0.0,1.0
12,11,0.0,0.0,0.0,0.0,0.0,0.0,0.0,0.0,0.0,0.0,0.0,1.0
12,11,0.0,0.0,0.0,0.0,0.0,0.0,0.0,0.0,0.0,0.0,0.0,1.0
12,11,0.0,0.0,0.0,0.0,0.0,0.0,0.0,0.0,0.0,0.0,0.0,1.0
12,11,0.0,0.0,0.0,0.0,0.0,0.0,0.0,0.0,0.0,0.0,0.0,1.0
12,11,0.0,0.0,0.0,0.0,0.0,0.0,0.0,0.0,0.0,0.0,0.0,1.0
12,11,0.0,0.0,0.0,0.0,0.0,0.0,0.0,0.0,0.0,0.0,0.0,1.0
12,11,0.0,0.0,0.0,0.0,0.0,0.0,0.0,0.0,0.0,0.0,0.0,1.0
12,11,0.0,0.0,0.0,0.0,0.0,0.0,0.0,0.0,0.0,0.0,0.0,1.0
12,11,0.0,0.0,0.0,0.0,0.0,0.0,0.0,0.0,0.0,0.0,0.0,1.0
12,11,0.0,0.0,0.0,0.0,0.0,0.0,0.0,0.0,0.0,0.0,0.0,1.0
12,11,0.0,0.0,0.0,0.0,0.0,0.0,0.0,0.0,0.0,0.0,0.0,1.0
12,11,0.0,0.0,0.0,0.0,0.0,0.0,0.0,0.0,0.0,0.0,0.0,1.0
12,11,0.0,0.0,0.0,0.0,0.0,0.0,0.0,0.0,0.0,0.0,0.0,1.0
12,11,0.0,0.0,0.0,0.0,0.0,0.0,0.0,0.0,0.0,0.0,0.0,1.0
12,11,0.0,0.0,0.0,0.0,0.0,0.0,0.0,0.0,0.0,0.0,0.0,1.0
12,11,0.0,0.0,0.0,0.0,0.0,0.0,0.0,0.0,0.0,0.0,0.0,1.0
12,11,0.0,0.0,0.0,0.0,0.0,0.0,0.0,0.0,0.0,0.0,0.0,1.0
12,11,0.0,0.0,0.0,0.0,0.0,0.0,0.0,0.0,0.0,0.0,0.0,1.0
12,11,0.0,0.0,0.0,0.0,0.0,0.0,0.0,0.0,0.0,0.0,0.0,1.0
12,11,0.0,0.0,0.0,0.0,0.0,0.0,0.0,0.0,0.0,0.0,0.0,1.0
12,11,0.0,0.0,0.0,0.0,0.0,0.0,0.0,0.0,0.0,0.0,0.0,1.0
12,11,0.0,0.0,0.0,0.0,0.0,0.0,0.0,0.0,0.0,0.0,0.0,1.0
12,11,0.0,0.0,0.0,0.0,0.0,0.0,0.0,0.0,0.0,0.0,0.0,1.0
12,11,0.0,0.0,0.0,0.0,0.0,0.0,0.0,0.0,0.0,0.0,0.0,1.0
12,11,0.0,0.0,0.0,0.0,0.0,0.0,0.0,0.0,0.0,0.0,0.0,1.0
12,11,0.0,0.0,0.0,0.0,0.0,0.0,0.0,0.0,0.0,0.0,0.0,1.0
12,11,0.0,0.0,0.0,0.0,0.0,0.0,0.0,0.0,0.0,0.0,0.0,1.0
12,11,0.0,0.0,0.0,0.0,0.0,0.0,0.0,0.0,0.0,0.0,0.0,1.0
12,11,0.0,0.0,0.0,0.0,0.0,0.0,0.0,0.0,0.0,0.0,0.0,1.0
12,11,0.0,0.0,0.0,0.0,0.0,0.0,0.0,0.0,0.0,0.0,0.0,1.0
12,11,0.0,0.0,0.0,0.0,0.0,0.0,0.0,0.0,0.0,0.0,0.0,1.0
12,11,0.0,0.0,0.0,0.0,0.0,0.0,0.0,0.0,0.0,0.0,0.0,1.0
12,11,0.0,0.0,0.0,0.0,0.0,0.0,0.0,0.0,0.0,0.0,0.0,1.0
12,11,0.0,0.0,0.0,0.0,0.0,0.0,0.0,0.0,0.0,0.0,0.0,1.0
12,11,0.0,0.0,0.0,0.0,0.0,0.0,0.0,0.0,0.0,0.0,0.0,1.0
12,11,0.0,0.0,0.0,0.0,0.0,0.0,0.0,0.0,0.0,0.0,0.0,1.0
12,11,0.0,0.0,0.0,0.0,0.0,0.0,0.0,0.0,0.0,0.0,0.0,1.0
12,11,0.0,0.0,0.0,0.0,0.0,0.0,0.0,0.0,0.0,0.0,0.0,1.0
12,11,0.0,0.0,0.0,0.0,0.0,0.0,0.0,0.0,0.0,0.0,0.0,1.0
12,11,0.0,0.0,0.0,0.0,0.0,0.0,0.0,0.0,0.0,0.0,0.0,1.0
12,11,0.0,0.0,0.0,0.0,0.0,0.0,0.0,0.0,0.0,0.0,0.0,1.0
12,11,0.0,0.0,0.0,0.0,0.0,0.0,0.0,0.0,0.0,0.0,0.0,1.0
12,11,0.0,0.0,0.0,0.0,0.0,0.0,0.0,0.0,0.0,0.0,0.0,1.0
12,11,0.0,0.0,0.0,0.0,0.0,0.0,0.0,0.0,0.0,0.0,0.0,1.0
12,11,0.0,0.0,0.0,0.0,0.0,0.0,0.0,0.0,0.0,0.0,0.0,1.0
12,11,0.0,0.0,0.0,0.0,0.0,0.0,0.0,0.0,0.0,0.0,0.0,1.0
12,11,0.0,0.0,0.0,0.0,0.0,0.0,0.0,0.0,0.0,0.0,0.0,1.0
12,11,0.0,0.0,0.0,0.0,0.0,0.0,0.0,0.0,0.0,0.0,0.0,1.0
12,11,0.0,0.0,0.0,0.0,0.0,0.0,0.0,0.0,0.0,0.0,0.0,1.0
12,11,0.0,0.0,0.0,0.0,0.0,0.0,0.0,0.0,0.0,0.0,0.0,1.0
12,11,0.0,0.0,0.0,0.0,0.0,0.0,0.0,0.0,0.0,0.0,0.0,1.0
12,11,0.0,0.0,0.0,0.0,0.0,0.0,0.0,0.0,0.0,0.0,0.0,1.0
12,11,0.0,0.0,0.0,0.0,0.0,0.0,0.0,0.0,0.0,0.0,0.0,1.0
12,11,0.0,0.0,0.0,0.0,0.0,0.0,0.0,0.0,0.0,0.0,0.0,1.0
12,11,0.0,0.0,0.0,0.0,0.0,0.0,0.0,0.0,0.0,0.0,0.0,1.0
12,11,0.0,0.0,0.0,0.0,0.0,0.0,0.0,0.0,0.0,0.0,0.0,1.0
12,11,0.0,0.0,0.0,0.0,0.0,0.0,0.0,0.0,0.0,0.0,0.0,1.0
12,11,0.0,0.0,0.0,0.0,0.0,0.0,0.0,0.0,0.0,0.0,0.0,1.0
12,11,0.0,0.0,0.0,0.0,0.0,0.0,0.0,0.0,0.0,0.0,0.0,1.0
12,11,0.0,0.0,0.0,0.0,0.0,0.0,0.0,0.0,0.0,0.0,0.0,1.0
12,11,0.0,0.0,0.0,0.0,0.0,0.0,0.0,0.0,0.0,0.0,0.0,1.0
12,11,0.0,0.0,0.0,0.0,0.0,0.0,0.0,0.0,0.0,0.0,0.0,1.0
12,11,0.0,0.0,0.0,0.0,0.0,0.0,0.0,0.0,0.0,0.0,0.0,1.0
12,11,0.0,0.0,0.0,0.0,0.0,0.0,0.0,0.0,0.0,0.0,0.0,1.0
12,11,0.0,0.0,0.0,0.0,0.0,0.0,0.0,0.0,0.0,0.0,0.0,1.0
12,11,0.0,0.0,0.0,0.0,0.0,0.0,0.0,0.0,0.0,0.0,0.0,1.0
12,11,0.0,0.0,0.0,0.0,0.0,0.0,0.0,0.0,0.0,0.0,0.0,1.0
12,11,0.0,0.0,0.0,0.0,0.0,0.0,0.0,0.0,0.0,0.0,0.0,1.0
12,11,0.0,0.0,0.0,0.0,0.0,0.0,0.0,0.0,0.0,0.0,0.0,1.0
12,11,0.0,0.0,0.0,0.0,0.0,0.0,0.0,0.0,0.0,0.0,0.0,1.0
12,11,0.0,0.0,0.0,0.0,0.0,0.0,0.0,0.0,0.0,0.0,0.0,1.0
12,11,0.0,0.0,0.0,0.0,0.0,0.0,0.0,0.0,0.0,0.0,0.0,1.0
12,11,0.0,0.0,0.0,0.0,0.0,0.0,0.0,0.0,0.0,0.0,0.0,1.0
12,11,0.0,0.0,0.0,0.0,0.0,0.0,0.0,0.0,0.0,0.0,0.0,1.0
12,11,0.0,0.0,0.0,0.0,0.0,0.0,0.0,0.0,0.0,0.0,0.0,1.0
12,11,0.0,0.0,0.0,0.0,0.0,0.0,0.0,0.0,0.0,0.0,0.0,1.0
12,11,0.0,0.0,0.0,0.0,0.0,0.0,0.0,0.0,0.0,0.0,0.0,1.0
12,11,0.0,0.0,0.0,0.0,0.0,0.0,0.0,0.0,0.0,0.0,0.0,1.0
12,11,0.0,0.0,0.0,0.0,0.0,0.0,0.0,0.0,0.0,0.0,0.0,1.0
12,11,0.0,0.0,0.0,0.0,0.0,0.0,0.0,0.0,0.0,0.0,0.0,1.0
12,11,0.0,0.0,0.0,0.0,0.0,0.0,0.0,0.0,0.0,0.0,0.0,1.0
12,11,0.0,0.0,0.0,0.0,0.0,0.0,0.0,0.0,0.0,0.0,0.0,1.0
12,11,0.0,0.0,0.0,0.0,0.0,0.0,0.0,0.0,0.0,0.0,0.0,1.0
12,11,0.0,0.0,0.0,0.0,0.0,0.0,0.0,0.0,0.0,0.0,0.0,1.0
12,11,0.0,0.0,0.0,0.0,0.0,0.0,0.0,0.0,0.0,0.0,0.0,1.0
12,11,0.0,0.0,0.0,0.0,0.0,0.0,0.0,0.0,0.0,0.0,0.0,1.0
12,11,0.0,0.0,0.0,0.0,0.0,0.0,0.0,0.0,0.0,0.0,0.0,1.0
12,11,0.0,0.0,0.0,0.0,0.0,0.0,0.0,0.0,0.0,0.0,0.0,1.0
12,11,0.0,0.0,0.0,0.0,0.0,0.0,0.0,0.0,0.0,0.0,0.0,1.0
12,11,0.0,0.0,0.0,0.0,0.0,0.0,0.0,0.0,0.0,0.0,0.0,1.0
12,11,0.0,0.0,0.0,0.0,0.0,0.0,0.0,0.0,0.0,0.0,0.0,1.0
12,11,0.0,0.0,0.0,0.0,0.0,0.0,0.0,0.0,0.0,0.0,0.0,1.0
12,11,0.0,0.0,0.0,0.0,0.0,0.0,0.0,0.0,0.0,0.0,0.0,1.0
12,11,0.0,0.0,0.0,0.0,0.0,0.0,0.0,0.0,0.0,0.0,0.0,1.0
12,11,0.0,0.0,0.0,0.0,0.0,0.0,0.0,0.0,0.0,0.0,0.0,1.0
12,11,0.0,0.0,0.0,0.0,0.0,0.0,0.0,0.0,0.0,0.0,0.0,1.0
12,11,0.0,0.0,0.0,0.0,0.0,0.0,0.0,0.0,0.0,0.0,0.0,1.0
12,11,0.0,0.0,0.0,0.0,0.0,0.0,0.0,0.0,0.0,0.0,0.0,1.0
12,11,0.0,0.0,0.0,0.0,0.0,0.0,0.0,0.0,0.0,0.0,0.0,1.0
12,11,0.0,0.0,0.0,0.0,0.0,0.0,0.0,0.0,0.0,0.0,0.0,1.0
12,11,0.0,0.0,0.0,0.0,0.0,0.0,0.0,0.0,0.0,0.0,0.0,1.0
12,11,0.0,0.0,0.0,0.0,0.0,0.0,0.0,0.0,0.0,0.0,0.0,1.0
12,11,0.0,0.0,0.0,0.0,0.0,0.0,0.0,0.0,0.0,0.0,0.0,1.0
12,11,0.0,0.0,0.0,0.0,0.0,0.0,0.0,0.0,0.0,0.0,0.0,1.0
12,11,0.0,0.0,0.0,0.0,0.0,0.0,0.0,0.0,0.0,0.0,0.0,1.0
12,11,0.0,0.0,0.0,0.0,0.0,0.0,0.0,0.0,0.0,0.0,0.0,1.0
12,11,0.0,0.0,0.0,0.0,0.0,0.0,0.0,0.0,0.0,0.0,0.0,1.0
12,11,0.0,0.0,0.0,0.0,0.0,0.0,0.0,0.0,0.0,0.0,0.0,1.0
12,11,0.0,0.0,0.0,0.0,0.0,0.0,0.0,0.0,0.0,0.0,0.0,1.0
12,11,0.0,0.0,0.0,0.0,0.0,0.0,0.0,0.0,0.0,0.0,0.0,1.0
12,11,0.0,0.0,0.0,0.0,0.0,0.0,0.0,0.0,0.0,0.0,0.0,1.0
12,11,0.0,0.0,0.0,0.0,0.0,0.0,0.0,0.0,0.0,0.0,0.0,1.0
12,11,0.0,0.0,0.0,0.0,0.0,0.0,0.0,0.0,0.0,0.0,0.0,1.0
12,11,0.0,0.0,0.0,0.0,0.0,0.0,0.0,0.0,0.0,0.0,0.0,1.0
12,11,0.0,0.0,0.0,0.0,0.0,0.0,0.0,0.0,0.0,0.0,0.0,1.0
12,11,0.0,0.0,0.0,0.0,0.0,0.0,0.0,0.0,0.0,0.0,0.0,1.0
12,11,0.0,0.0,0.0,0.0,0.0,0.0,0.0,0.0,0.0,0.0,0.0,1.0
12,11,0.0,0.0,0.0,0.0,0.0,0.0,0.0,0.0,0.0,0.0,0.0,1.0
12,11,0.0,0.0,0.0,0.0,0.0,0.0,0.0,0.0,0.0,0.0,0.0,1.0
12,11,0.0,0.0,0.0,0.0,0.0,0.0,0.0,0.0,0.0,0.0,0.0,1.0
12,11,0.0,0.0,0.0,0.0,0.0,0.0,0.0,0.0,0.0,0.0,0.0,1.0
12,11,0.0,0.0,0.0,0.0,0.0,0.0,0.0,0.0,0.0,0.0,0.0,1.0
12,11,0.0,0.0,0.0,0.0,0.0,0.0,0.0,0.0,0.0,0.0,0.0,1.0
12,11,0.0,0.0,0.0,0.0,0.0,0.0,0.0,0.0,0.0,0.0,0.0,1.0
12,11,0.0,0.0,0.0,0.0,0.0,0.0,0.0,0.0,0.0,0.0,0.0,1.0
12,11,0.0,0.0,0.0,0.0,0.0,0.0,0.0,0.0,0.0,0.0,0.0,1.0
12,11,0.0,0.0,0.0,0.0,0.0,0.0,0.0,0.0,0.0,0.0,0.0,1.0
12,11,0.0,0.0,0.0,0.0,0.0,0.0,0.0,0.0,0.0,0.0,0.0,1.0
12,11,0.0,0.0,0.0,0.0,0.0,0.0,0.0,0.0,0.0,0.0,0.0,1.0
12,11,0.0,0.0,0.0,0.0,0.0,0.0,0.0,0.0,0.0,0.0,0.0,1.0
12,11,0.0,0.0,0.0,0.0,0.0,0.0,0.0,0.0,0.0,0.0,0.0,1.0
12,11,0.0,0.0,0.0,0.0,0.0,0.0,0.0,0.0,0.0,0.0,0.0,1.0
12,11,0.0,0.0,0.0,0.0,0.0,0.0,0.0,0.0,0.0,0.0,0.0,1.0
12,11,0.0,0.0,0.0,0.0,0.0,0.0,0.0,0.0,0.0,0.0,0.0,1.0
12,11,0.0,0.0,0.0,0.0,0.0,0.0,0.0,0.0,0.0,0.0,0.0,1.0
12,11,0.0,0.0,0.0,0.0,0.0,0.0,0.0,0.0,0.0,0.0,0.0,1.0
12,11,0.0,0.0,0.0,0.0,0.0,0.0,0.0,0.0,0.0,0.0,0.0,1.0
12,11,0.0,0.0,0.0,0.0,0.0,0.0,0.0,0.0,0.0,0.0,0.0,1.0
12,11,0.0,0.0,0.0,0.0,0.0,0.0,0.0,0.0,0.0,0.0,0.0,1.0
12,11,0.0,0.0,0.0,0.0,0.0,0.0,0.0,0.0,0.0,0.0,0.0,1.0
12,11,0.0,0.0,0.0,0.0,0.0,0.0,0.0,0.0,0.0,0.0,0.0,1.0
12,11,0.0,0.0,0.0,0.0,0.0,0.0,0.0,0.0,0.0,0.0,0.0,1.0
12,11,0.0,0.0,0.0,0.0,0.0,0.0,0.0,0.0,0.0,0.0,0.0,1.0
12,11,0.0,0.0,0.0,0.0,0.0,0.0,0.0,0.0,0.0,0.0,0.0,1.0
12,11,0.0,0.0,0.0,0.0,0.0,0.0,0.0,0.0,0.0,0.0,0.0,1.0
12,11,0.0,0.0,0.0,0.0,0.0,0.0,0.0,0.0,0.0,0.0,0.0,1.0
12,11,0.0,0.0,0.0,0.0,0.0,0.0,0.0,0.0,0.0,0.0,0.0,1.0
12,11,0.0,0.0,0.0,0.0,0.0,0.0,0.0,0.0,0.0,0.0,0.0,1.0
12,11,0.0,0.0,0.0,0.0,0.0,0.0,0.0,0.0,0.0,0.0,0.0,1.0
12,11,0.0,0.0,0.0,0.0,0.0,0.0,0.0,0.0,0.0,0.0,0.0,1.0
12,11,0.0,0.0,0.0,0.0,0.0,0.0,0.0,0.0,0.0,0.0,0.0,1.0
12,11,0.0,0.0,0.0,0.0,0.0,0.0,0.0,0.0,0.0,0.0,0.0,1.0
12,11,0.0,0.0,0.0,0.0,0.0,0.0,0.0,0.0,0.0,0.0,0.0,1.0
12,11,0.0,0.0,0.0,0.0,0.0,0.0,0.0,0.0,0.0,0.0,0.0,1.0
12,11,0.0,0.0,0.0,0.0,0.0,0.0,0.0,0.0,0.0,0.0,0.0,1.0
12,11,0.0,0.0,0.0,0.0,0.0,0.0,0.0,0.0,0.0,0.0,0.0,1.0
12,11,0.0,0.0,0.0,0.0,0.0,0.0,0.0,0.0,0.0,0.0,0.0,1.0
12,11,0.0,0.0,0.0,0.0,0.0,0.0,0.0,0.0,0.0,0.0,0.0,1.0
12,11,0.0,0.0,0.0,0.0,0.0,0.0,0.0,0.0,0.0,0.0,0.0,1.0
12,11,0.0,0.0,0.0,0.0,0.0,0.0,0.0,0.0,0.0,0.0,0.0,1.0
12,11,0.0,0.0,0.0,0.0,0.0,0.0,0.0,0.0,0.0,0.0,0.0,1.0
12,11,0.0,0.0,0.0,0.0,0.0,0.0,0.0,0.0,0.0,0.0,0.0,1.0
12,11,0.0,0.0,0.0,0.0,0.0,0.0,0.0,0.0,0.0,0.0,0.0,1.0
12,11,0.0,0.0,0.0,0.0,0.0,0.0,0.0,0.0,0.0,0.0,0.0,1.0
12,11,0.0,0.0,0.0,0.0,0.0,0.0,0.0,0.0,0.0,0.0,0.0,1.0
12,11,0.0,0.0,0.0,0.0,0.0,0.0,0.0,0.0,0.0,0.0,0.0,1.0
12,11,0.0,0.0,0.0,0.0,0.0,0.0,0.0,0.0,0.0,0.0,0.0,1.0
12,11,0.0,0.0,0.0,0.0,0.0,0.0,0.0,0.0,0.0,0.0,0.0,1.0
12,11,0.0,0.0,0.0,0.0,0.0,0.0,0.0,0.0,0.0,0.0,0.0,1.0
12,11,0.0,0.0,0.0,0.0,0.0,0.0,0.0,0.0,0.0,0.0,0.0,1.0
12,11,0.0,0.0,0.0,0.0,0.0,0.0,0.0,0.0,0.0,0.0,0.0,1.0
12,11,0.0,0.0,0.0,0.0,0.0,0.0,0.0,0.0,0.0,0.0,0.0,1.0
12,11,0.0,0.0,0.0,0.0,0.0,0.0,0.0,0.0,0.0,0.0,0.0,1.0
12,11,0.0,0.0,0.0,0.0,0.0,0.0,0.0,0.0,0.0,0.0,0.0,1.0
12,11,0.0,0.0,0.0,0.0,0.0,0.0,0.0,0.0,0.0,0.0,0.0,1.0
12,11,0.0,0.0,0.0,0.0,0.0,0.0,0.0,0.0,0.0,0.0,0.0,1.0
12,11,0.0,0.0,0.0,0.0,0.0,0.0,0.0,0.0,0.0,0.0,0.0,1.0
12,11,0.0,0.0,0.0,0.0,0.0,0.0,0.0,0.0,0.0,0.0,0.0,1.0
12,11,0.0,0.0,0.0,0.0,0.0,0.0,0.0,0.0,0.0,0.0,0.0,1.0
12,11,0.0,0.0,0.0,0.0,0.0,0.0,0.0,0.0,0.0,0.0,0.0,1.0
12,11,0.0,0.0,0.0,0.0,0.0,0.0,0.0,0.0,0.0,0.0,0.0,1.0
12,11,0.0,0.0,0.0,0.0,0.0,0.0,0.0,0.0,0.0,0.0,0.0,1.0
12,11,0.0,0.0,0.0,0.0,0.0,0.0,0.0,0.0,0.0,0.0,0.0,1.0
12,11,0.0,0.0,0.0,0.0,0.0,0.0,0.0,0.0,0.0,0.0,0.0,1.0
12,11,0.0,0.0,0.0,0.0,0.0,0.0,0.0,0.0,0.0,0.0,0.0,1.0
12,11,0.0,0.0,0.0,0.0,0.0,0.0,0.0,0.0,0.0,0.0,0.0,1.0
12,11,0.0,0.0,0.0,0.0,0.0,0.0,0.0,0.0,0.0,0.0,0.0,1.0
12,11,0.0,0.0,0.0,0.0,0.0,0.0,0.0,0.0,0.0,0.0,0.0,1.0
12,11,0.0,0.0,0.0,0.0,0.0,0.0,0.0,0.0,0.0,0.0,0.0,1.0
12,11,0.0,0.0,0.0,0.0,0.0,0.0,0.0,0.0,0.0,0.0,0.0,1.0
12,11,0.0,0.0,0.0,0.0,0.0,0.0,0.0,0.0,0.0,0.0,0.0,1.0
12,11,0.0,0.0,0.0,0.0,0.0,0.0,0.0,0.0,0.0,0.0,0.0,1.0
12,11,0.0,0.0,0.0,0.0,0.0,0.0,0.0,0.0,0.0,0.0,0.0,1.0
12,11,0.0,0.0,0.0,0.0,0.0,0.0,0.0,0.0,0.0,0.0,0.0,1.0
12,11,0.0,0.0,0.0,0.0,0.0,0.0,0.0,0.0,0.0,0.0,0.0,1.0
12,11,0.0,0.0,0.0,0.0,0.0,0.0,0.0,0.0,0.0,0.0,0.0,1.0
12,11,0.0,0.0,0.0,0.0,0.0,0.0,0.0,0.0,0.0,0.0,0.0,1.0
12,11,0.0,0.0,0.0,0.0,0.0,0.0,0.0,0.0,0.0,0.0,0.0,1.0
12,11,0.0,0.0,0.0,0.0,0.0,0.0,0.0,0.0,0.0,0.0,0.0,1.0
12,11,0.0,0.0,0.0,0.0,0.0,0.0,0.0,0.0,0.0,0.0,0.0,1.0
12,11,0.0,0.0,0.0,0.0,0.0,0.0,0.0,0.0,0.0,0.0,0.0,1.0
12,11,0.0,0.0,0.0,0.0,0.0,0.0,0.0,0.0,0.0,0.0,0.0,1.0
12,11,0.0,0.0,0.0,0.0,0.0,0.0,0.0,0.0,0.0,0.0,0.0,1.0
12,11,0.0,0.0,0.0,0.0,0.0,0.0,0.0,0.0,0.0,0.0,0.0,1.0
12,11,0.0,0.0,0.0,0.0,0.0,0.0,0.0,0.0,0.0,0.0,0.0,1.0
12,11,0.0,0.0,0.0,0.0,0.0,0.0,0.0,0.0,0.0,0.0,0.0,1.0
12,11,0.0,0.0,0.0,0.0,0.0,0.0,0.0,0.0,0.0,0.0,0.0,1.0
12,11,0.0,0.0,0.0,0.0,0.0,0.0,0.0,0.0,0.0,0.0,0.0,1.0
12,11,0.0,0.0,0.0,0.0,0.0,0.0,0.0,0.0,0.0,0.0,0.0,1.0
12,11,0.0,0.0,0.0,0.0,0.0,0.0,0.0,0.0,0.0,0.0,0.0,1.0
12,11,0.0,0.0,0.0,0.0,0.0,0.0,0.0,0.0,0.0,0.0,0.0,1.0
12,11,0.0,0.0,0.0,0.0,0.0,0.0,0.0,0.0,0.0,0.0,0.0,1.0
12,11,0.0,0.0,0.0,0.0,0.0,0.0,0.0,0.0,0.0,0.0,0.0,1.0
12,11,0.0,0.0,0.0,0.0,0.0,0.0,0.0,0.0,0.0,0.0,0.0,1.0
12,11,0.0,0.0,0.0,0.0,0.0,0.0,0.0,0.0,0.0,0.0,0.0,1.0
12,11,0.0,0.0,0.0,0.0,0.0,0.0,0.0,0.0,0.0,0.0,0.0,1.0
12,11,0.0,0.0,0.0,0.0,0.0,0.0,0.0,0.0,0.0,0.0,0.0,1.0
12,11,0.0,0.0,0.0,0.0,0.0,0.0,0.0,0.0,0.0,0.0,0.0,1.0
12,11,0.0,0.0,0.0,0.0,0.0,0.0,0.0,0.0,0.0,0.0,0.0,1.0
12,11,0.0,0.0,0.0,0.0,0.0,0.0,0.0,0.0,0.0,0.0,0.0,1.0
12,11,0.0,0.0,0.0,0.0,0.0,0.0,0.0,0.0,0.0,0.0,0.0,1.0
12,11,0.0,0.0,0.0,0.0,0.0,0.0,0.0,0.0,0.0,0.0,0.0,1.0
12,11,0.0,0.0,0.0,0.0,0.0,0.0,0.0,0.0,0.0,0.0,0.0,1.0
12,11,0.0,0.0,0.0,0.0,0.0,0.0,0.0,0.0,0.0,0.0,0.0,1.0
12,11,0.0,0.0,0.0,0.0,0.0,0.0,0.0,0.0,0.0,0.0,0.0,1.0
12,11,0.0,0.0,0.0,0.0,0.0,0.0,0.0,0.0,0.0,0.0,0.0,1.0
12,11,0.0,0.0,0.0,0.0,0.0,0.0,0.0,0.0,0.0,0.0,0.0,1.0
12,11,0.0,0.0,0.0,0.0,0.0,0.0,0.0,0.0,0.0,0.0,0.0,1.0
12,11,0.0,0.0,0.0,0.0,0.0,0.0,0.0,0.0,0.0,0.0,0.0,1.0
12,11,0.0,0.0,0.0,0.0,0.0,0.0,0.0,0.0,0.0,0.0,0.0,1.0
12,11,0.0,0.0,0.0,0.0,0.0,0.0,0.0,0.0,0.0,0.0,0.0,1.0
12,11,0.0,0.0,0.0,0.0,0.0,0.0,0.0,0.0,0.0,0.0,0.0,1.0
12,11,0.0,0.0,0.0,0.0,0.0,0.0,0.0,0.0,0.0,0.0,0.0,1.0
12,11,0.0,0.0,0.0,0.0,0.0,0.0,0.0,0.0,0.0,0.0,0.0,1.0
12,11,0.0,0.0,0.0,0.0,0.0,0.0,0.0,0.0,0.0,0.0,0.0,1.0
12,11,0.0,0.0,0.0,0.0,0.0,0.0,0.0,0.0,0.0,0.0,0.0,1.0
12,11,0.0,0.0,0.0,0.0,0.0,0.0,0.0,0.0,0.0,0.0,0.0,1.0
12,11,0.0,0.0,0.0,0.0,0.0,0.0,0.0,0.0,0.0,0.0,0.0,1.0
12,11,0.0,0.0,0.0,0.0,0.0,0.0,0.0,0.0,0.0,0.0,0.0,1.0
12,11,0.0,0.0,0.0,0.0,0.0,0.0,0.0,0.0,0.0,0.0,0.0,1.0
12,11,0.0,0.0,0.0,0.0,0.0,0.0,0.0,0.0,0.0,0.0,0.0,1.0
12,11,0.0,0.0,0.0,0.0,0.0,0.0,0.0,0.0,0.0,0.0,0.0,1.0
12,11,0.0,0.0,0.0,0.0,0.0,0.0,0.0,0.0,0.0,0.0,0.0,1.0
12,11,0.0,0.0,0.0,0.0,0.0,0.0,0.0,0.0,0.0,0.0,0.0,1.0
12,11,0.0,0.0,0.0,0.0,0.0,0.0,0.0,0.0,0.0,0.0,0.0,1.0
12,11,0.0,0.0,0.0,0.0,0.0,0.0,0.0,0.0,0.0,0.0,0.0,1.0
12,11,0.0,0.0,0.0,0.0,0.0,0.0,0.0,0.0,0.0,0.0,0.0,1.0
12,11,0.0,0.0,0.0,0.0,0.0,0.0,0.0,0.0,0.0,0.0,0.0,1.0
12,11,0.0,0.0,0.0,0.0,0.0,0.0,0.0,0.0,0.0,0.0,0.0,1.0
12,11,0.0,0.0,0.0,0.0,0.0,0.0,0.0,0.0,0.0,0.0,0.0,1.0
12,11,0.0,0.0,0.0,0.0,0.0,0.0,0.0,0.0,0.0,0.0,0.0,1.0
12,11,0.0,0.0,0.0,0.0,0.0,0.0,0.0,0.0,0.0,0.0,0.0,1.0
12,11,0.0,0.0,0.0,0.0,0.0,0.0,0.0,0.0,0.0,0.0,0.0,1.0
12,11,0.0,0.0,0.0,0.0,0.0,0.0,0.0,0.0,0.0,0.0,0.0,1.0
12,11,0.0,0.0,0.0,0.0,0.0,0.0,0.0,0.0,0.0,0.0,0.0,1.0
12,11,0.0,0.0,0.0,0.0,0.0,0.0,0.0,0.0,0.0,0.0,0.0,1.0
12,11,0.0,0.0,0.0,0.0,0.0,0.0,0.0,0.0,0.0,0.0,0.0,1.0
12,11,0.0,0.0,0.0,0.0,0.0,0.0,0.0,0.0,0.0,0.0,0.0,1.0
12,11,0.0,0.0,0.0,0.0,0.0,0.0,0.0,0.0,0.0,0.0,0.0,1.0
12,11,0.0,0.0,0.0,0.0,0.0,0.0,0.0,0.0,0.0,0.0,0.0,1.0
12,11,0.0,0.0,0.0,0.0,0.0,0.0,0.0,0.0,0.0,0.0,0.0,1.0
12,11,0.0,0.0,0.0,0.0,0.0,0.0,0.0,0.0,0.0,0.0,0.0,1.0
12,11,0.0,0.0,0.0,0.0,0.0,0.0,0.0,0.0,0.0,0.0,0.0,1.0
12,11,0.0,0.0,0.0,0.0,0.0,0.0,0.0,0.0,0.0,0.0,0.0,1.0
12,11,0.0,0.0,0.0,0.0,0.0,0.0,0.0,0.0,0.0,0.0,0.0,1.0
12,11,0.0,0.0,0.0,0.0,0.0,0.0,0.0,0.0,0.0,0.0,0.0,1.0
12,11,0.0,0.0,0.0,0.0,0.0,0.0,0.0,0.0,0.0,0.0,0.0,1.0
12,11,0.0,0.0,0.0,0.0,0.0,0.0,0.0,0.0,0.0,0.0,0.0,1.0
12,11,0.0,0.0,0.0,0.0,0.0,0.0,0.0,0.0,0.0,0.0,0.0,1.0
12,11,0.0,0.0,0.0,0.0,0.0,0.0,0.0,0.0,0.0,0.0,0.0,1.0
12,11,0.0,0.0,0.0,0.0,0.0,0.0,0.0,0.0,0.0,0.0,0.0,1.0
12,11,0.0,0.0,0.0,0.0,0.0,0.0,0.0,0.0,0.0,0.0,0.0,1.0
12,11,0.0,0.0,0.0,0.0,0.0,0.0,0.0,0.0,0.0,0.0,0.0,1.0
12,11,0.0,0.0,0.0,0.0,0.0,0.0,0.0,0.0,0.0,0.0,0.0,1.0
12,11,0.0,0.0,0.0,0.0,0.0,0.0,0.0,0.0,0.0,0.0,0.0,1.0
12,11,0.0,0.0,0.0,0.0,0.0,0.0,0.0,0.0,0.0,0.0,0.0,1.0
12,11,0.0,0.0,0.0,0.0,0.0,0.0,0.0,0.0,0.0,0.0,0.0,1.0
12,11,0.0,0.0,0.0,0.0,0.0,0.0,0.0,0.0,0.0,0.0,0.0,1.0
12,11,0.0,0.0,0.0,0.0,0.0,0.0,0.0,0.0,0.0,0.0,0.0,1.0
12,11,0.0,0.0,0.0,0.0,0.0,0.0,0.0,0.0,0.0,0.0,0.0,1.0
12,11,0.0,0.0,0.0,0.0,0.0,0.0,0.0,0.0,0.0,0.0,0.0,1.0
12,11,0.0,0.0,0.0,0.0,0.0,0.0,0.0,0.0,0.0,0.0,0.0,1.0
12,11,0.0,0.0,0.0,0.0,0.0,0.0,0.0,0.0,0.0,0.0,0.0,1.0
12,11,0.0,0.0,0.0,0.0,0.0,0.0,0.0,0.0,0.0,0.0,0.0,1.0
12,11,0.0,0.0,0.0,0.0,0.0,0.0,0.0,0.0,0.0,0.0,0.0,1.0
12,11,0.0,0.0,0.0,0.0,0.0,0.0,0.0,0.0,0.0,0.0,0.0,1.0
12,11,0.0,0.0,0.0,0.0,0.0,0.0,0.0,0.0,0.0,0.0,0.0,1.0
12,11,0.0,0.0,0.0,0.0,0.0,0.0,0.0,0.0,0.0,0.0,0.0,1.0
12,11,0.0,0.0,0.0,0.0,0.0,0.0,0.0,0.0,0.0,0.0,0.0,1.0
12,11,0.0,0.0,0.0,0.0,0.0,0.0,0.0,0.0,0.0,0.0,0.0,1.0
12,11,0.0,0.0,0.0,0.0,0.0,0.0,0.0,0.0,0.0,0.0,0.0,1.0
12,11,0.0,0.0,0.0,0.0,0.0,0.0,0.0,0.0,0.0,0.0,0.0,1.0
12,11,0.0,0.0,0.0,0.0,0.0,0.0,0.0,0.0,0.0,0.0,0.0,1.0
12,11,0.0,0.0,0.0,0.0,0.0,0.0,0.0,0.0,0.0,0.0,0.0,1.0
12,11,0.0,0.0,0.0,0.0,0.0,0.0,0.0,0.0,0.0,0.0,0.0,1.0
12,11,0.0,0.0,0.0,0.0,0.0,0.0,0.0,0.0,0.0,0.0,0.0,1.0
12,11,0.0,0.0,0.0,0.0,0.0,0.0,0.0,0.0,0.0,0.0,0.0,1.0
12,11,0.0,0.0,0.0,0.0,0.0,0.0,0.0,0.0,0.0,0.0,0.0,1.0
12,11,0.0,0.0,0.0,0.0,0.0,0.0,0.0,0.0,0.0,0.0,0.0,1.0
12,11,0.0,0.0,0.0,0.0,0.0,0.0,0.0,0.0,0.0,0.0,0.0,1.0
12,11,0.0,0.0,0.0,0.0,0.0,0.0,0.0,0.0,0.0,0.0,0.0,1.0
12,11,0.0,0.0,0.0,0.0,0.0,0.0,0.0,0.0,0.0,0.0,0.0,1.0
12,11,0.0,0.0,0.0,0.0,0.0,0.0,0.0,0.0,0.0,0.0,0.0,1.0
12,11,0.0,0.0,0.0,0.0,0.0,0.0,0.0,0.0,0.0,0.0,0.0,1.0
12,11,0.0,0.0,0.0,0.0,0.0,0.0,0.0,0.0,0.0,0.0,0.0,1.0
12,11,0.0,0.0,0.0,0.0,0.0,0.0,0.0,0.0,0.0,0.0,0.0,1.0
12,11,0.0,0.0,0.0,0.0,0.0,0.0,0.0,0.0,0.0,0.0,0.0,1.0
12,11,0.0,0.0,0.0,0.0,0.0,0.0,0.0,0.0,0.0,0.0,0.0,1.0
12,11,0.0,0.0,0.0,0.0,0.0,0.0,0.0,0.0,0.0,0.0,0.0,1.0
12,11,0.0,0.0,0.0,0.0,0.0,0.0,0.0,0.0,0.0,0.0,0.0,1.0
12,11,0.0,0.0,0.0,0.0,0.0,0.0,0.0,0.0,0.0,0.0,0.0,1.0
12,11,0.0,0.0,0.0,0.0,0.0,0.0,0.0,0.0,0.0,0.0,0.0,1.0
12,11,0.0,0.0,0.0,0.0,0.0,0.0,0.0,0.0,0.0,0.0,0.0,1.0
12,11,0.0,0.0,0.0,0.0,0.0,0.0,0.0,0.0,0.0,0.0,0.0,1.0
12,11,0.0,0.0,0.0,0.0,0.0,0.0,0.0,0.0,0.0,0.0,0.0,1.0
12,11,0.0,0.0,0.0,0.0,0.0,0.0,0.0,0.0,0.0,0.0,0.0,1.0
12,11,0.0,0.0,0.0,0.0,0.0,0.0,0.0,0.0,0.0,0.0,0.0,1.0
12,11,0.0,0.0,0.0,0.0,0.0,0.0,0.0,0.0,0.0,0.0,0.0,1.0
12,11,0.0,0.0,0.0,0.0,0.0,0.0,0.0,0.0,0.0,0.0,0.0,1.0
12,11,0.0,0.0,0.0,0.0,0.0,0.0,0.0,0.0,0.0,0.0,0.0,1.0
12,11,0.0,0.0,0.0,0.0,0.0,0.0,0.0,0.0,0.0,0.0,0.0,1.0
12,11,0.0,0.0,0.0,0.0,0.0,0.0,0.0,0.0,0.0,0.0,0.0,1.0
12,11,0.0,0.0,0.0,0.0,0.0,0.0,0.0,0.0,0.0,0.0,0.0,1.0
12,11,0.0,0.0,0.0,0.0,0.0,0.0,0.0,0.0,0.0,0.0,0.0,1.0
12,11,0.0,0.0,0.0,0.0,0.0,0.0,0.0,0.0,0.0,0.0,0.0,1.0
12,11,0.0,0.0,0.0,0.0,0.0,0.0,0.0,0.0,0.0,0.0,0.0,1.0
12,11,0.0,0.0,0.0,0.0,0.0,0.0,0.0,0.0,0.0,0.0,0.0,1.0
12,11,0.0,0.0,0.0,0.0,0.0,0.0,0.0,0.0,0.0,0.0,0.0,1.0
12,11,0.0,0.0,0.0,0.0,0.0,0.0,0.0,0.0,0.0,0.0,0.0,1.0
12,11,0.0,0.0,0.0,0.0,0.0,0.0,0.0,0.0,0.0,0.0,0.0,1.0
12,11,0.0,0.0,0.0,0.0,0.0,0.0,0.0,0.0,0.0,0.0,0.0,1.0
12,11,0.0,0.0,0.0,0.0,0.0,0.0,0.0,0.0,0.0,0.0,0.0,1.0
12,11,0.0,0.0,0.0,0.0,0.0,0.0,0.0,0.0,0.0,0.0,0.0,1.0
12,11,0.0,0.0,0.0,0.0,0.0,0.0,0.0,0.0,0.0,0.0,0.0,1.0
12,11,0.0,0.0,0.0,0.0,0.0,0.0,0.0,0.0,0.0,0.0,0.0,1.0
12,11,0.0,0.0,0.0,0.0,0.0,0.0,0.0,0.0,0.0,0.0,0.0,1.0
12,11,0.0,0.0,0.0,0.0,0.0,0.0,0.0,0.0,0.0,0.0,0.0,1.0
12,11,0.0,0.0,0.0,0.0,0.0,0.0,0.0,0.0,0.0,0.0,0.0,1.0
12,11,0.0,0.0,0.0,0.0,0.0,0.0,0.0,0.0,0.0,0.0,0.0,1.0
12,11,0.0,0.0,0.0,0.0,0.0,0.0,0.0,0.0,0.0,0.0,0.0,1.0
12,11,0.0,0.0,0.0,0.0,0.0,0.0,0.0,0.0,0.0,0.0,0.0,1.0
12,11,0.0,0.0,0.0,0.0,0.0,0.0,0.0,0.0,0.0,0.0,0.0,1.0
12,11,0.0,0.0,0.0,0.0,0.0,0.0,0.0,0.0,0.0,0.0,0.0,1.0
12,11,0.0,0.0,0.0,0.0,0.0,0.0,0.0,0.0,0.0,0.0,0.0,1.0
12,11,0.0,0.0,0.0,0.0,0.0,0.0,0.0,0.0,0.0,0.0,0.0,1.0
12,11,0.0,0.0,0.0,0.0,0.0,0.0,0.0,0.0,0.0,0.0,0.0,1.0
12,11,0.0,0.0,0.0,0.0,0.0,0.0,0.0,0.0,0.0,0.0,0.0,1.0
12,11,0.0,0.0,0.0,0.0,0.0,0.0,0.0,0.0,0.0,0.0,0.0,1.0
12,11,0.0,0.0,0.0,0.0,0.0,0.0,0.0,0.0,0.0,0.0,0.0,1.0
12,11,0.0,0.0,0.0,0.0,0.0,0.0,0.0,0.0,0.0,0.0,0.0,1.0
12,11,0.0,0.0,0.0,0.0,0.0,0.0,0.0,0.0,0.0,0.0,0.0,1.0
12,11,0.0,0.0,0.0,0.0,0.0,0.0,0.0,0.0,0.0,0.0,0.0,1.0
12,11,0.0,0.0,0.0,0.0,0.0,0.0,0.0,0.0,0.0,0.0,0.0,1.0
12,11,0.0,0.0,0.0,0.0,0.0,0.0,0.0,0.0,0.0,0.0,0.0,1.0
12,11,0.0,0.0,0.0,0.0,0.0,0.0,0.0,0.0,0.0,0.0,0.0,1.0
12,11,0.0,0.0,0.0,0.0,0.0,0.0,0.0,0.0,0.0,0.0,0.0,1.0
12,11,0.0,0.0,0.0,0.0,0.0,0.0,0.0,0.0,0.0,0.0,0.0,1.0
12,11,0.0,0.0,0.0,0.0,0.0,0.0,0.0,0.0,0.0,0.0,0.0,1.0
12,11,0.0,0.0,0.0,0.0,0.0,0.0,0.0,0.0,0.0,0.0,0.0,1.0
12,11,0.0,0.0,0.0,0.0,0.0,0.0,0.0,0.0,0.0,0.0,0.0,1.0
12,11,0.0,0.0,0.0,0.0,0.0,0.0,0.0,0.0,0.0,0.0,0.0,1.0
12,11,0.0,0.0,0.0,0.0,0.0,0.0,0.0,0.0,0.0,0.0,0.0,1.0
12,11,0.0,0.0,0.0,0.0,0.0,0.0,0.0,0.0,0.0,0.0,0.0,1.0
12,11,0.0,0.0,0.0,0.0,0.0,0.0,0.0,0.0,0.0,0.0,0.0,1.0
12,11,0.0,0.0,0.0,0.0,0.0,0.0,0.0,0.0,0.0,0.0,0.0,1.0
12,11,0.0,0.0,0.0,0.0,0.0,0.0,0.0,0.0,0.0,0.0,0.0,1.0
12,11,0.0,0.0,0.0,0.0,0.0,0.0,0.0,0.0,0.0,0.0,0.0,1.0
12,11,0.0,0.0,0.0,0.0,0.0,0.0,0.0,0.0,0.0,0.0,0.0,1.0
12,11,0.0,0.0,0.0,0.0,0.0,0.0,0.0,0.0,0.0,0.0,0.0,1.0
12,11,0.0,0.0,0.0,0.0,0.0,0.0,0.0,0.0,0.0,0.0,0.0,1.0
12,11,0.0,0.0,0.0,0.0,0.0,0.0,0.0,0.0,0.0,0.0,0.0,1.0
12,11,0.0,0.0,0.0,0.0,0.0,0.0,0.0,0.0,0.0,0.0,0.0,1.0
12,11,0.0,0.0,0.0,0.0,0.0,0.0,0.0,0.0,0.0,0.0,0.0,1.0
12,11,0.0,0.0,0.0,0.0,0.0,0.0,0.0,0.0,0.0,0.0,0.0,1.0
12,11,0.0,0.0,0.0,0.0,0.0,0.0,0.0,0.0,0.0,0.0,0.0,1.0
12,11,0.0,0.0,0.0,0.0,0.0,0.0,0.0,0.0,0.0,0.0,0.0,1.0
12,11,0.0,0.0,0.0,0.0,0.0,0.0,0.0,0.0,0.0,0.0,0.0,1.0
12,11,0.0,0.0,0.0,0.0,0.0,0.0,0.0,0.0,0.0,0.0,0.0,1.0
12,11,0.0,0.0,0.0,0.0,0.0,0.0,0.0,0.0,0.0,0.0,0.0,1.0
12,11,0.0,0.0,0.0,0.0,0.0,0.0,0.0,0.0,0.0,0.0,0.0,1.0
12,11,0.0,0.0,0.0,0.0,0.0,0.0,0.0,0.0,0.0,0.0,0.0,1.0
12,11,0.0,0.0,0.0,0.0,0.0,0.0,0.0,0.0,0.0,0.0,0.0,1.0
12,11,0.0,0.0,0.0,0.0,0.0,0.0,0.0,0.0,0.0,0.0,0.0,1.0
12,11,0.0,0.0,0.0,0.0,0.0,0.0,0.0,0.0,0.0,0.0,0.0,1.0
12,11,0.0,0.0,0.0,0.0,0.0,0.0,0.0,0.0,0.0,0.0,0.0,1.0
12,11,0.0,0.0,0.0,0.0,0.0,0.0,0.0,0.0,0.0,0.0,0.0,1.0
12,11,0.0,0.0,0.0,0.0,0.0,0.0,0.0,0.0,0.0,0.0,0.0,1.0
12,11,0.0,0.0,0.0,0.0,0.0,0.0,0.0,0.0,0.0,0.0,0.0,1.0
12,11,0.0,0.0,0.0,0.0,0.0,0.0,0.0,0.0,0.0,0.0,0.0,1.0
12,11,0.0,0.0,0.0,0.0,0.0,0.0,0.0,0.0,0.0,0.0,0.0,1.0
12,11,0.0,0.0,0.0,0.0,0.0,0.0,0.0,0.0,0.0,0.0,0.0,1.0
12,11,0.0,0.0,0.0,0.0,0.0,0.0,0.0,0.0,0.0,0.0,0.0,1.0
12,11,0.0,0.0,0.0,0.0,0.0,0.0,0.0,0.0,0.0,0.0,0.0,1.0
12,11,0.0,0.0,0.0,0.0,0.0,0.0,0.0,0.0,0.0,0.0,0.0,1.0
12,11,0.0,0.0,0.0,0.0,0.0,0.0,0.0,0.0,0.0,0.0,0.0,1.0
12,11,0.0,0.0,0.0,0.0,0.0,0.0,0.0,0.0,0.0,0.0,0.0,1.0
12,11,0.0,0.0,0.0,0.0,0.0,0.0,0.0,0.0,0.0,0.0,0.0,1.0
12,11,0.0,0.0,0.0,0.0,0.0,0.0,0.0,0.0,0.0,0.0,0.0,1.0
12,11,0.0,0.0,0.0,0.0,0.0,0.0,0.0,0.0,0.0,0.0,0.0,1.0
12,11,0.0,0.0,0.0,0.0,0.0,0.0,0.0,0.0,0.0,0.0,0.0,1.0
12,11,0.0,0.0,0.0,0.0,0.0,0.0,0.0,0.0,0.0,0.0,0.0,1.0
12,11,0.0,0.0,0.0,0.0,0.0,0.0,0.0,0.0,0.0,0.0,0.0,1.0
12,11,0.0,0.0,0.0,0.0,0.0,0.0,0.0,0.0,0.0,0.0,0.0,1.0
12,11,0.0,0.0,0.0,0.0,0.0,0.0,0.0,0.0,0.0,0.0,0.0,1.0
12,11,0.0,0.0,0.0,0.0,0.0,0.0,0.0,0.0,0.0,0.0,0.0,1.0
12,11,0.0,0.0,0.0,0.0,0.0,0.0,0.0,0.0,0.0,0.0,0.0,1.0
12,11,0.0,0.0,0.0,0.0,0.0,0.0,0.0,0.0,0.0,0.0,0.0,1.0
12,11,0.0,0.0,0.0,0.0,0.0,0.0,0.0,0.0,0.0,0.0,0.0,1.0
12,11,0.0,0.0,0.0,0.0,0.0,0.0,0.0,0.0,0.0,0.0,0.0,1.0
12,11,0.0,0.0,0.0,0.0,0.0,0.0,0.0,0.0,0.0,0.0,0.0,1.0
12,11,0.0,0.0,0.0,0.0,0.0,0.0,0.0,0.0,0.0,0.0,0.0,1.0
12,11,0.0,0.0,0.0,0.0,0.0,0.0,0.0,0.0,0.0,0.0,0.0,1.0
12,11,0.0,0.0,0.0,0.0,0.0,0.0,0.0,0.0,0.0,0.0,0.0,1.0
12,11,0.0,0.0,0.0,0.0,0.0,0.0,0.0,0.0,0.0,0.0,0.0,1.0
12,11,0.0,0.0,0.0,0.0,0.0,0.0,0.0,0.0,0.0,0.0,0.0,1.0
12,11,0.0,0.0,0.0,0.0,0.0,0.0,0.0,0.0,0.0,0.0,0.0,1.0
12,11,0.0,0.0,0.0,0.0,0.0,0.0,0.0,0.0,0.0,0.0,0.0,1.0
12,11,0.0,0.0,0.0,0.0,0.0,0.0,0.0,0.0,0.0,0.0,0.0,1.0
12,11,0.0,0.0,0.0,0.0,0.0,0.0,0.0,0.0,0.0,0.0,0.0,1.0
12,11,0.0,0.0,0.0,0.0,0.0,0.0,0.0,0.0,0.0,0.0,0.0,1.0
12,11,0.0,0.0,0.0,0.0,0.0,0.0,0.0,0.0,0.0,0.0,0.0,1.0
12,11,0.0,0.0,0.0,0.0,0.0,0.0,0.0,0.0,0.0,0.0,0.0,1.0
12,11,0.0,0.0,0.0,0.0,0.0,0.0,0.0,0.0,0.0,0.0,0.0,1.0
12,11,0.0,0.0,0.0,0.0,0.0,0.0,0.0,0.0,0.0,0.0,0.0,1.0
12,11,0.0,0.0,0.0,0.0,0.0,0.0,0.0,0.0,0.0,0.0,0.0,1.0
12,11,0.0,0.0,0.0,0.0,0.0,0.0,0.0,0.0,0.0,0.0,0.0,1.0
12,11,0.0,0.0,0.0,0.0,0.0,0.0,0.0,0.0,0.0,0.0,0.0,1.0
12,11,0.0,0.0,0.0,0.0,0.0,0.0,0.0,0.0,0.0,0.0,0.0,1.0
12,11,0.0,0.0,0.0,0.0,0.0,0.0,0.0,0.0,0.0,0.0,0.0,1.0
12,11,0.0,0.0,0.0,0.0,0.0,0.0,0.0,0.0,0.0,0.0,0.0,1.0
12,11,0.0,0.0,0.0,0.0,0.0,0.0,0.0,0.0,0.0,0.0,0.0,1.0
12,11,0.0,0.0,0.0,0.0,0.0,0.0,0.0,0.0,0.0,0.0,0.0,1.0
12,11,0.0,0.0,0.0,0.0,0.0,0.0,0.0,0.0,0.0,0.0,0.0,1.0
12,11,0.0,0.0,0.0,0.0,0.0,0.0,0.0,0.0,0.0,0.0,0.0,1.0
12,11,0.0,0.0,0.0,0.0,0.0,0.0,0.0,0.0,0.0,0.0,0.0,1.0
12,11,0.0,0.0,0.0,0.0,0.0,0.0,0.0,0.0,0.0,0.0,0.0,1.0
12,11,0.0,0.0,0.0,0.0,0.0,0.0,0.0,0.0,0.0,0.0,0.0,1.0
12,11,0.0,0.0,0.0,0.0,0.0,0.0,0.0,0.0,0.0,0.0,0.0,1.0
12,11,0.0,0.0,0.0,0.0,0.0,0.0,0.0,0.0,0.0,0.0,0.0,1.0
12,11,0.0,0.0,0.0,0.0,0.0,0.0,0.0,0.0,0.0,0.0,0.0,1.0
12,11,0.0,0.0,0.0,0.0,0.0,0.0,0.0,0.0,0.0,0.0,0.0,1.0
12,11,0.0,0.0,0.0,0.0,0.0,0.0,0.0,0.0,0.0,0.0,0.0,1.0
12,11,0.0,0.0,0.0,0.0,0.0,0.0,0.0,0.0,0.0,0.0,0.0,1.0
12,11,0.0,0.0,0.0,0.0,0.0,0.0,0.0,0.0,0.0,0.0,0.0,1.0
12,11,0.0,0.0,0.0,0.0,0.0,0.0,0.0,0.0,0.0,0.0,0.0,1.0
12,11,0.0,0.0,0.0,0.0,0.0,0.0,0.0,0.0,0.0,0.0,0.0,1.0
12,11,0.0,0.0,0.0,0.0,0.0,0.0,0.0,0.0,0.0,0.0,0.0,1.0
12,11,0.0,0.0,0.0,0.0,0.0,0.0,0.0,0.0,0.0,0.0,0.0,1.0
12,11,0.0,0.0,0.0,0.0,0.0,0.0,0.0,0.0,0.0,0.0,0.0,1.0
12,11,0.045310017,0.0,0.0,0.0,0.0,0.0,0.0,0.0,0.0,0.0,0.0,0.95469
12,11,0.045310017,0.0,0.0,0.0,0.0,0.0,0.0,0.0,0.0,0.0,0.0,0.95469
12,11,0.045310017,0.0,0.0,0.0,0.0,0.0,0.0,0.0,0.0,0.0,0.0,0.95469
12,11,0.045310017,0.0,0.0,0.0,0.0,0.0,0.0,0.0,0.0,0.0,0.0,0.95469
12,11,0.045310017,0.0,0.0,0.0,0.0,0.0,0.0,0.0,0.0,0.0,0.0,0.95469
12,11,0.045310017,0.0,0.0,0.0,0.0,0.0,0.0,0.0,0.0,0.0,0.0,0.95469
12,11,0.045310017,0.0,0.0,0.0,0.0,0.0,0.0,0.0,0.0,0.0,0.0,0.95469
12,11,0.045310017,0.0,0.0,0.0,0.0,0.0,0.0,0.0,0.0,0.0,0.0,0.95469
12,11,0.045310017,0.0,0.0,0.0,0.0,0.0,0.0,0.0,0.0,0.0,0.0,0.95469
12,11,0.045310017,0.0,0.0,0.0,0.0,0.0,0.0,0.0,0.0,0.0,0.0,0.95469
12,11,0.045310017,0.0,0.0,0.0,0.0,0.0,0.0,0.0,0.0,0.0,0.0,0.95469
12,11,0.045310017,0.0,0.0,0.0,0.0,0.0,0.0,0.0,0.0,0.0,0.0,0.95469
12,11,0.045310017,0.0,0.0,0.0,0.0,0.0,0.0,0.0,0.0,0.0,0.0,0.95469
12,11,0.045310017,0.0,0.0,0.0,0.0,0.0,0.0,0.0,0.0,0.0,0.0,0.95469
12,11,0.045310017,0.0,0.0,0.0,0.0,0.0,0.0,0.0,0.0,0.0,0.0,0.95469
12,11,0.045310017,0.0,0.0,0.0,0.0,0.0,0.0,0.0,0.0,0.0,0.0,0.95469
12,11,0.045310017,0.0,0.0,0.0,0.0,0.0,0.0,0.0,0.0,0.0,0.0,0.95469
12,11,0.045310017,0.0,0.0,0.0,0.0,0.0,0.0,0.0,0.0,0.0,0.0,0.95469
12,11,0.045310017,0.0,0.0,0.0,0.0,0.0,0.0,0.0,0.0,0.0,0.0,0.95469
12,11,0.045310017,0.0,0.0,0.0,0.0,0.0,0.0,0.0,0.0,0.0,0.0,0.95469
12,11,0.045310017,0.0,0.0,0.0,0.0,0.0,0.0,0.0,0.0,0.0,0.0,0.95469
12,11,0.045310017,0.0,0.0,0.0,0.0,0.0,0.0,0.0,0.0,0.0,0.0,0.95469
12,11,0.045310017,0.0,0.0,0.0,0.0,0.0,0.0,0.0,0.0,0.0,0.0,0.95469
12,11,0.045310017,0.0,0.0,0.0,0.0,0.0,0.0,0.0,0.0,0.0,0.0,0.95469
12,11,0.071823806,0.0,0.0,0.0,0.0,0.0,0.0,0.0,0.0,0.0,0.0,0.9281762
12,11,0.071823806,0.0,0.0,0.0,0.0,0.0,0.0,0.0,0.0,0.0,0.0,0.9281762
12,11,0.071823806,0.0,0.0,0.0,0.0,0.0,0.0,0.0,0.0,0.0,0.0,0.9281762
12,11,0.071823806,0.0,0.0,0.0,0.0,0.0,0.0,0.0,0.0,0.0,0.0,0.9281762
12,11,0.071823806,0.0,0.0,0.0,0.0,0.0,0.0,0.0,0.0,0.0,0.0,0.9281762
12,11,0.071823806,0.0,0.0,0.0,0.0,0.0,0.0,0.0,0.0,0.0,0.0,0.9281762
12,11,0.071823806,0.0,0.0,0.0,0.0,0.0,0.0,0.0,0.0,0.0,0.0,0.9281762
12,11,0.071823806,0.0,0.0,0.0,0.0,0.0,0.0,0.0,0.0,0.0,0.0,0.9281762
12,11,0.071823806,0.0,0.0,0.0,0.0,0.0,0.0,0.0,0.0,0.0,0.0,0.9281762
12,11,0.071823806,0.0,0.0,0.0,0.0,0.0,0.0,0.0,0.0,0.0,0.0,0.9281762
12,11,0.09594771,0.0,0.0,0.0,0.0,0.0,0.0,0.0,0.0,0.0,0.0,0.90405226
12,11,0.09594771,0.0,0.0,0.0,0.0,0.0,0.0,0.0,0.0,0.0,0.0,0.90405226
12,11,0.09594771,0.0,0.0,0.0,0.0,0.0,0.0,0.0,0.0,0.0,0.0,0.90405226
12,11,0.09594771,0.0,0.0,0.0,0.0,0.0,0.0,0.0,0.0,0.0,0.0,0.90405226
12,11,0.09594771,0.0,0.0,0.0,0.0,0.0,0.0,0.0,0.0,0.0,0.0,0.90405226
12,11,0.09594771,0.0,0.0,0.0,0.0,0.0,0.0,0.0,0.0,0.0,0.0,0.90405226
12,11,0.09594771,0.0,0.0,0.0,0.0,0.0,0.0,0.0,0.0,0.0,0.0,0.90405226
12,11,0.09594771,0.0,0.0,0.0,0.0,0.0,0.0,0.0,0.0,0.0,0.0,0.90405226
12,11,0.09594771,0.0,0.0,0.0,0.0,0.0,0.0,0.0,0.0,0.0,0.0,0.90405226
12,11,0.09594771,0.0,0.0,0.0,0.0,0.0,0.0,0.0,0.0,0.0,0.0,0.90405226
12,11,0.09594771,0.0,0.0,0.0,0.0,0.0,0.0,0.0,0.0,0.0,0.0,0.90405226
12,11,0.09594771,0.0,0.0,0.0,0.0,0.0,0.0,0.0,0.0,0.0,0.0,0.90405226
12,11,0.09594771,0.0,0.0,0.0,0.0,0.0,0.0,0.0,0.0,0.0,0.0,0.90405226
12,11,0.09594771,0.0,0.0,0.0,0.0,0.0,0.0,0.0,0.0,0.0,0.0,0.90405226
12,11,0.09594771,0.0,0.0,0.0,0.0,0.0,0.0,0.0,0.0,0.0,0.0,0.90405226
12,11,0.09594771,0.0,0.0,0.0,0.0,0.0,0.0,0.0,0.0,0.0,0.0,0.90405226
12,11,0.09594771,0.0,0.0,0.0,0.0,0.0,0.0,0.0,0.0,0.0,0.0,0.90405226
12,11,0.09594771,0.0,0.0,0.0,0.0,0.0,0.0,0.0,0.0,0.0,0.0,0.90405226
12,11,0.09594771,0.0,0.0,0.0,0.0,0.0,0.0,0.0,0.0,0.0,0.0,0.90405226
12,11,0.09594771,0.0,0.0,0.0,0.0,0.0,0.0,0.0,0.0,0.0,0.0,0.90405226
12,11,0.09594771,0.0,0.0,0.0,0.0,0.0,0.0,0.0,0.0,0.0,0.0,0.90405226
12,11,0.09594771,0.0,0.0,0.0,0.0,0.0,0.0,0.0,0.0,0.0,0.0,0.90405226
12,11,0.2610329,0.0,0.0,0.0,0.0,0.0,0.0,0.0,0.0,0.0,0.0,0.7389671
12,11,0.2610329,0.0,0.0,0.0,0.0,0.0,0.0,0.0,0.0,0.0,0.0,0.7389671
12,11,0.2610329,0.0,0.0,0.0,0.0,0.0,0.0,0.0,0.0,0.0,0.0,0.7389671
12,11,0.2610329,0.0,0.0,0.0,0.0,0.0,0.0,0.0,0.0,0.0,0.0,0.7389671
12,11,0.3103029,0.0,0.0,0.0,0.0,0.0,0.0,0.0,0.0,0.0,0.0,0.6896971
12,11,0.3103029,0.0,0.0,0.0,0.0,0.0,0.0,0.0,0.0,0.0,0.0,0.6896971
12,11,0.3103029,0.0,0.0,0.0,0.0,0.0,0.0,0.0,0.0,0.0,0.0,0.6896971
12,11,0.3103029,0.0,0.0,0.0,0.0,0.0,0.0,0.0,0.0,0.0,0.0,0.6896971
12,11,0.3103029,0.0,0.0,0.0,0.0,0.0,0.0,0.0,0.0,0.0,0.0,0.6896971
12,11,0.3103029,0.0,0.0,0.0,0.0,0.0,0.0,0.0,0.0,0.0,0.0,0.6896971
12,11,0.39073318,0.0,0.0,0.0,0.0,0.0,0.0,0.0,0.0,0.0,0.0,0.6092668
12,11,0.39073318,0.0,0.0,0.0,0.0,0.0,0.0,0.0,0.0,0.0,0.0,0.6092668
12,11,0.39073318,0.0,0.0,0.0,0.0,0.0,0.0,0.0,0.0,0.0,0.0,0.6092668
12,11,0.39073318,0.0,0.0,0.0,0.0,0.0,0.0,0.0,0.0,0.0,0.0,0.6092668
12,11,0.39073318,0.0,0.0,0.0,0.0,0.0,0.0,0.0,0.0,0.0,0.0,0.6092668
12,11,0.39073318,0.0,0.0,0.0,0.0,0.0,0.0,0.0,0.0,0.0,0.0,0.6092668
12,11,0.43071204,0.0,0.0,0.0,0.0,0.0,0.0,0.0,0.0,0.0,0.0,0.56928796
12,11,0.43071204,0.0,0.0,0.0,0.0,0.0,0.0,0.0,0.0,0.0,0.0,0.56928796
12,11,0.43071204,0.0,0.0,0.0,0.0,0.0,0.0,0.0,0.0,0.0,0.0,0.56928796
12,11,0.43071204,0.0,0.0,0.0,0.0,0.0,0.0,0.0,0.0,0.0,0.0,0.56928796
12,11,0.43071204,0.0,0.0,0.0,0.0,0.0,0.0,0.0,0.0,0.0,0.0,0.56928796
12,11,0.43071204,0.0,0.0,0.0,0.0,0.0,0.0,0.0,0.0,0.0,0.0,0.56928796
12,11,0.43071204,0.0,0.0,0.0,0.0,0.0,0.0,0.0,0.0,0.0,0.0,0.56928796
12,11,0.43071204,0.0,0.0,0.0,0.0,0.0,0.0,0.0,0.0,0.0,0.0,0.56928796
12,11,0.43071204,0.0,0.0,0.0,0.0,0.0,0.0,0.0,0.0,0.0,0.0,0.56928796
12,11,0.43071204,0.0,0.0,0.0,0.0,0.0,0.0,0.0,0.0,0.0,0.0,0.56928796
12,11,0.43071204,0.0,0.0,0.0,0.0,0.0,0.0,0.0,0.0,0.0,0.0,0.56928796
12,11,0.43071204,0.0,0.0,0.0,0.0,0.0,0.0,0.0,0.0,0.0,0.0,0.56928796
12,11,0.43071204,0.0,0.0,0.0,0.0,0.0,0.0,0.0,0.0,0.0,0.0,0.56928796
12,11,0.43071204,0.0,0.0,0.0,0.0,0.0,0.0,0.0,0.0,0.0,0.0,0.56928796
12,11,0.43071204,0.0,0.0,0.0,0.0,0.0,0.0,0.0,0.0,0.0,0.0,0.56928796
12,11,0.43071204,0.0,0.0,0.0,0.0,0.0,0.0,0.0,0.0,0.0,0.0,0.56928796
12,11,0.43071204,0.0,0.0,0.0,0.0,0.0,0.0,0.0,0.0,0.0,0.0,0.56928796
12,11,0.43071204,0.0,0.0,0.0,0.0,0.0,0.0,0.0,0.0,0.0,0.0,0.56928796
12,11,0.43071204,0.0,0.0,0.0,0.0,0.0,0.0,0.0,0.0,0.0,0.0,0.56928796
12,11,0.43071204,0.0,0.0,0.0,0.0,0.0,0.0,0.0,0.0,0.0,0.0,0.56928796
12,11,0.43071204,0.0,0.0,0.0,0.0,0.0,0.0,0.0,0.0,0.0,0.0,0.56928796
12,11,0.43071204,0.0,0.0,0.0,0.0,0.0,0.0,0.0,0.0,0.0,0.0,0.56928796
12,11,0.43071204,0.0,0.0,0.0,0.0,0.0,0.0,0.0,0.0,0.0,0.0,0.56928796
12,11,0.43071204,0.0,0.0,0.0,0.0,0.0,0.0,0.0,0.0,0.0,0.0,0.56928796
12,11,0.43071204,0.0,0.0,0.0,0.0,0.0,0.0,0.0,0.0,0.0,0.0,0.56928796
12,11,0.43071204,0.0,0.0,0.0,0.0,0.0,0.0,0.0,0.0,0.0,0.0,0.56928796
12,11,0.43071204,0.0,0.0,0.0,0.0,0.0,0.0,0.0,0.0,0.0,0.0,0.56928796
12,11,0.43071204,0.0,0.0,0.0,0.0,0.0,0.0,0.0,0.0,0.0,0.0,0.56928796
12,11,0.43071204,0.0,0.0,0.0,0.0,0.0,0.0,0.0,0.0,0.0,0.0,0.56928796
12,11,0.43071204,0.0,0.0,0.0,0.0,0.0,0.0,0.0,0.0,0.0,0.0,0.56928796
12,11,0.43071204,0.0,0.0,0.0,0.0,0.0,0.0,0.0,0.0,0.0,0.0,0.56928796
12,11,0.43071204,0.0,0.0,0.0,0.0,0.0,0.0,0.0,0.0,0.0,0.0,0.56928796
