true_label,meta_K10,meta_ratio_0,meta_ratio_1,meta_ratio_2,meta_ratio_3,meta_ratio_4,meta_ratio_5,meta_ratio_6,meta_ratio_7,meta_ratio_8,meta_ratio_9
0,0,1.0,0.0,0.0,0.0,0.0,0.0,0.0,0.0,0.0,0.0
0,0,1.0,0.0,0.0,0.0,0.0,0.0,0.0,0.0,0.0,0.0
0,0,1.0,0.0,0.0,0.0,0.0,0.0,0.0,0.0,0.0,0.0
0,0,1.0,0.0,0.0,0.0,0.0,0.0,0.0,0.0,0.0,0.0
0,0,1.0,0.0,0.0,0.0,0.0,0.0,0.0,0.0,0.0,0.0
0,0,1.0,0.0,0.0,0.0,0.0,0.0,0.0,0.0,0.0,0.0
0,0,1.0,0.0,0.0,0.0,0.0,0.0,0.0,0.0,0.0,0.0
0,0,1.0,0.0,0.0,0.0,0.0,0.0,0.0,0.0,0.0,0.0
0,0,1.0,0.0,0.0,0.0,0.0,0.0,0.0,0.0,0.0,0.0
0,0,1.0,0.0,0.0,0.0,0.0,0.0,0.0,0.0,0.0,0.0
0,0,1.0,0.0,0.0,0.0,0.0,0.0,0.0,0.0,0.0,0.0
0,0,1.0,0.0,0.0,0.0,0.0,0.0,0.0,0.0,0.0,0.0
0,0,1.0,0.0,0.0,0.0,0.0,0.0,0.0,0.0,0.0,0.0
0,0,1.0,0.0,0.0,0.0,0.0,0.0,0.0,0.0,0.0,0.0
0,0,1.0,0.0,0.0,0.0,0.0,0.0,0.0,0.0,0.0,0.0
0,0,1.0,0.0,0.0,0.0,0.0,0.0,0.0,0.0,0.0,0.0
0,0,1.0,0.0,0.0,0.0,0.0,0.0,0.0,0.0,0.0,0.0
0,0,1.0,0.0,0.0,0.0,0.0,0.0,0.0,0.0,0.0,0.0
0,0,1.0,0.0,0.0,0.0,0.0,0.0,0.0,0.0,0.0,0.0
0,0,1.0,0.0,0.0,0.0,0.0,0.0,0.0,0.0,0.0,0.0
0,0,1.0,0.0,0.0,0.0,0.0,0.0,0.0,0.0,0.0,0.0
0,0,1.0,0.0,0.0,0.0,0.0,0.0,0.0,0.0,0.0,0.0
0,0,1.0,0.0,0.0,0.0,0.0,0.0,0.0,0.0,0.0,0.0
0,0,1.0,0.0,0.0,0.0,0.0,0.0,0.0,0.0,0.0,0.0
0,0,1.0,0.0,0.0,0.0,0.0,0.0,0.0,0.0,0.0,0.0
0,0,1.0,0.0,0.0,0.0,0.0,0.0,0.0,0.0,0.0,0.0
0,0,1.0,0.0,0.0,0.0,0.0,0.0,0.0,0.0,0.0,0.0
0,0,1.0,0.0,0.0,0.0,0.0,0.0,0.0,0.0,0.0,0.0
0,0,1.0,0.0,0.0,0.0,0.0,0.0,0.0,0.0,0.0,0.0
0,0,1.0,0.0,0.0,0.0,0.0,0.0,0.0,0.0,0.0,0.0
0,0,1.0,0.0,0.0,0.0,0.0,0.0,0.0,0.0,0.0,0.0
0,0,1.0,0.0,0.0,0.0,0.0,0.0,0.0,0.0,0.0,0.0
0,0,1.0,0.0,0.0,0.0,0.0,0.0,0.0,0.0,0.0,0.0
0,0,1.0,0.0,0.0,0.0,0.0,0.0,0.0,0.0,0.0,0.0
0,0,1.0,0.0,0.0,0.0,0.0,0.0,0.0,0.0,0.0,0.0
0,0,1.0,0.0,0.0,0.0,0.0,0.0,0.0,0.0,0.0,0.0
0,0,1.0,0.0,0.0,0.0,0.0,0.0,0.0,0.0,0.0,0.0
0,0,1.0,0.0,0.0,0.0,0.0,0.0,0.0,0.0,0.0,0.0
0,0,1.0,0.0,0.0,0.0,0.0,0.0,0.0,0.0,0.0,0.0
0,0,1.0,0.0,0.0,0.0,0.0,0.0,0.0,0.0,0.0,0.0
0,0,1.0,0.0,0.0,0.0,0.0,0.0,0.0,0.0,0.0,0.0
0,0,1.0,0.0,0.0,0.0,0.0,0.0,0.0,0.0,0.0,0.0
0,0,1.0,0.0,0.0,0.0,0.0,0.0,0.0,0.0,0.0,0.0
0,0,1.0,0.0,0.0,0.0,0.0,0.0,0.0,0.0,0.0,0.0
0,0,1.0,0.0,0.0,0.0,0.0,0.0,0.0,0.0,0.0,0.0
0,0,1.0,0.0,0.0,0.0,0.0,0.0,0.0,0.0,0.0,0.0
0,0,1.0,0.0,0.0,0.0,0.0,0.0,0.0,0.0,0.0,0.0
0,0,1.0,0.0,0.0,0.0,0.0,0.0,0.0,0.0,0.0,0.0
0,0,1.0,0.0,0.0,0.0,0.0,0.0,0.0,0.0,0.0,0.0
0,0,1.0,0.0,0.0,0.0,0.0,0.0,0.0,0.0,0.0,0.0
0,0,1.0,0.0,0.0,0.0,0.0,0.0,0.0,0.0,0.0,0.0
0,0,1.0,0.0,0.0,0.0,0.0,0.0,0.0,0.0,0.0,0.0
0,0,1.0,0.0,0.0,0.0,0.0,0.0,0.0,0.0,0.0,0.0
0,0,1.0,0.0,0.0,0.0,0.0,0.0,0.0,0.0,0.0,0.0
0,0,1.0,0.0,0.0,0.0,0.0,0.0,0.0,0.0,0.0,0.0
0,0,1.0,0.0,0.0,0.0,0.0,0.0,0.0,0.0,0.0,0.0
0,0,1.0,0.0,0.0,0.0,0.0,0.0,0.0,0.0,0.0,0.0
0,0,1.0,0.0,0.0,0.0,0.0,0.0,0.0,0.0,0.0,0.0
0,0,1.0,0.0,0.0,0.0,0.0,0.0,0.0,0.0,0.0,0.0
0,0,1.0,0.0,0.0,0.0,0.0,0.0,0.0,0.0,0.0,0.0
0,0,1.0,0.0,0.0,0.0,0.0,0.0,0.0,0.0,0.0,0.0
0,0,1.0,0.0,0.0,0.0,0.0,0.0,0.0,0.0,0.0,0.0
0,0,1.0,0.0,0.0,0.0,0.0,0.0,0.0,0.0,0.0,0.0
0,0,1.0,0.0,0.0,0.0,0.0,0.0,0.0,0.0,0.0,0.0
0,0,1.0,0.0,0.0,0.0,0.0,0.0,0.0,0.0,0.0,0.0
0,0,1.0,0.0,0.0,0.0,0.0,0.0,0.0,0.0,0.0,0.0
0,0,1.0,0.0,0.0,0.0,0.0,0.0,0.0,0.0,0.0,0.0
0,0,1.0,0.0,0.0,0.0,0.0,0.0,0.0,0.0,0.0,0.0
0,0,1.0,0.0,0.0,0.0,0.0,0.0,0.0,0.0,0.0,0.0
0,0,1.0,0.0,0.0,0.0,0.0,0.0,0.0,0.0,0.0,0.0
0,0,1.0,0.0,0.0,0.0,0.0,0.0,0.0,0.0,0.0,0.0
0,0,1.0,0.0,0.0,0.0,0.0,0.0,0.0,0.0,0.0,0.0
0,0,1.0,0.0,0.0,0.0,0.0,0.0,0.0,0.0,0.0,0.0
0,0,1.0,0.0,0.0,0.0,0.0,0.0,0.0,0.0,0.0,0.0
0,0,1.0,0.0,0.0,0.0,0.0,0.0,0.0,0.0,0.0,0.0
0,0,1.0,0.0,0.0,0.0,0.0,0.0,0.0,0.0,0.0,0.0
0,0,1.0,0.0,0.0,0.0,0.0,0.0,0.0,0.0,0.0,0.0
0,0,1.0,0.0,0.0,0.0,0.0,0.0,0.0,0.0,0.0,0.0
0,0,1.0,0.0,0.0,0.0,0.0,0.0,0.0,0.0,0.0,0.0
0,0,1.0,0.0,0.0,0.0,0.0,0.0,0.0,0.0,0.0,0.0
0,0,1.0,0.0,0.0,0.0,0.0,0.0,0.0,0.0,0.0,0.0
0,0,1.0,0.0,0.0,0.0,0.0,0.0,0.0,0.0,0.0,0.0
0,0,1.0,0.0,0.0,0.0,0.0,0.0,0.0,0.0,0.0,0.0
0,0,1.0,0.0,0.0,0.0,0.0,0.0,0.0,0.0,0.0,0.0
0,0,1.0,0.0,0.0,0.0,0.0,0.0,0.0,0.0,0.0,0.0
0,0,1.0,0.0,0.0,0.0,0.0,0.0,0.0,0.0,0.0,0.0
0,0,1.0,0.0,0.0,0.0,0.0,0.0,0.0,0.0,0.0,0.0
0,0,1.0,0.0,0.0,0.0,0.0,0.0,0.0,0.0,0.0,0.0
0,0,1.0,0.0,0.0,0.0,0.0,0.0,0.0,0.0,0.0,0.0
0,0,1.0,0.0,0.0,0.0,0.0,0.0,0.0,0.0,0.0,0.0
0,0,1.0,0.0,0.0,0.0,0.0,0.0,0.0,0.0,0.0,0.0
0,0,1.0,0.0,0.0,0.0,0.0,0.0,0.0,0.0,0.0,0.0
0,0,1.0,0.0,0.0,0.0,0.0,0.0,0.0,0.0,0.0,0.0
0,0,1.0,0.0,0.0,0.0,0.0,0.0,0.0,0.0,0.0,0.0
0,0,1.0,0.0,0.0,0.0,0.0,0.0,0.0,0.0,0.0,0.0
0,0,1.0,0.0,0.0,0.0,0.0,0.0,0.0,0.0,0.0,0.0
0,0,1.0,0.0,0.0,0.0,0.0,0.0,0.0,0.0,0.0,0.0
0,0,1.0,0.0,0.0,0.0,0.0,0.0,0.0,0.0,0.0,0.0
0,0,1.0,0.0,0.0,0.0,0.0,0.0,0.0,0.0,0.0,0.0
0,0,1.0,0.0,0.0,0.0,0.0,0.0,0.0,0.0,0.0,0.0
0,0,1.0,0.0,0.0,0.0,0.0,0.0,0.0,0.0,0.0,0.0
0,0,1.0,0.0,0.0,0.0,0.0,0.0,0.0,0.0,0.0,0.0
0,0,1.0,0.0,0.0,0.0,0.0,0.0,0.0,0.0,0.0,0.0
0,0,1.0,0.0,0.0,0.0,0.0,0.0,0.0,0.0,0.0,0.0
0,0,1.0,0.0,0.0,0.0,0.0,0.0,0.0,0.0,0.0,0.0
0,0,1.0,0.0,0.0,0.0,0.0,0.0,0.0,0.0,0.0,0.0
0,0,1.0,0.0,0.0,0.0,0.0,0.0,0.0,0.0,0.0,0.0
0,0,1.0,0.0,0.0,0.0,0.0,0.0,0.0,0.0,0.0,0.0
0,0,1.0,0.0,0.0,0.0,0.0,0.0,0.0,0.0,0.0,0.0
0,0,1.0,0.0,0.0,0.0,0.0,0.0,0.0,0.0,0.0,0.0
0,0,1.0,0.0,0.0,0.0,0.0,0.0,0.0,0.0,0.0,0.0
0,0,1.0,0.0,0.0,0.0,0.0,0.0,0.0,0.0,0.0,0.0
0,0,1.0,0.0,0.0,0.0,0.0,0.0,0.0,0.0,0.0,0.0
0,0,1.0,0.0,0.0,0.0,0.0,0.0,0.0,0.0,0.0,0.0
0,0,1.0,0.0,0.0,0.0,0.0,0.0,0.0,0.0,0.0,0.0
0,0,1.0,0.0,0.0,0.0,0.0,0.0,0.0,0.0,0.0,0.0
0,0,1.0,0.0,0.0,0.0,0.0,0.0,0.0,0.0,0.0,0.0
0,0,1.0,0.0,0.0,0.0,0.0,0.0,0.0,0.0,0.0,0.0
0,0,1.0,0.0,0.0,0.0,0.0,0.0,0.0,0.0,0.0,0.0
0,0,1.0,0.0,0.0,0.0,0.0,0.0,0.0,0.0,0.0,0.0
0,0,1.0,0.0,0.0,0.0,0.0,0.0,0.0,0.0,0.0,0.0
0,0,1.0,0.0,0.0,0.0,0.0,0.0,0.0,0.0,0.0,0.0
0,0,1.0,0.0,0.0,0.0,0.0,0.0,0.0,0.0,0.0,0.0
0,0,1.0,0.0,0.0,0.0,0.0,0.0,0.0,0.0,0.0,0.0
0,0,1.0,0.0,0.0,0.0,0.0,0.0,0.0,0.0,0.0,0.0
0,0,1.0,0.0,0.0,0.0,0.0,0.0,0.0,0.0,0.0,0.0
0,0,1.0,0.0,0.0,0.0,0.0,0.0,0.0,0.0,0.0,0.0
0,0,1.0,0.0,0.0,0.0,0.0,0.0,0.0,0.0,0.0,0.0
0,0,1.0,0.0,0.0,0.0,0.0,0.0,0.0,0.0,0.0,0.0
0,0,1.0,0.0,0.0,0.0,0.0,0.0,0.0,0.0,0.0,0.0
0,0,1.0,0.0,0.0,0.0,0.0,0.0,0.0,0.0,0.0,0.0
0,0,1.0,0.0,0.0,0.0,0.0,0.0,0.0,0.0,0.0,0.0
0,0,1.0,0.0,0.0,0.0,0.0,0.0,0.0,0.0,0.0,0.0
0,0,1.0,0.0,0.0,0.0,0.0,0.0,0.0,0.0,0.0,0.0
0,0,1.0,0.0,0.0,0.0,0.0,0.0,0.0,0.0,0.0,0.0
0,0,1.0,0.0,0.0,0.0,0.0,0.0,0.0,0.0,0.0,0.0
0,0,1.0,0.0,0.0,0.0,0.0,0.0,0.0,0.0,0.0,0.0
0,0,1.0,0.0,0.0,0.0,0.0,0.0,0.0,0.0,0.0,0.0
0,0,1.0,0.0,0.0,0.0,0.0,0.0,0.0,0.0,0.0,0.0
0,0,1.0,0.0,0.0,0.0,0.0,0.0,0.0,0.0,0.0,0.0
0,0,1.0,0.0,0.0,0.0,0.0,0.0,0.0,0.0,0.0,0.0
0,0,1.0,0.0,0.0,0.0,0.0,0.0,0.0,0.0,0.0,0.0
0,0,1.0,0.0,0.0,0.0,0.0,0.0,0.0,0.0,0.0,0.0
0,0,1.0,0.0,0.0,0.0,0.0,0.0,0.0,0.0,0.0,0.0
0,0,1.0,0.0,0.0,0.0,0.0,0.0,0.0,0.0,0.0,0.0
0,0,1.0,0.0,0.0,0.0,0.0,0.0,0.0,0.0,0.0,0.0
0,0,1.0,0.0,0.0,0.0,0.0,0.0,0.0,0.0,0.0,0.0
0,0,1.0,0.0,0.0,0.0,0.0,0.0,0.0,0.0,0.0,0.0
0,0,1.0,0.0,0.0,0.0,0.0,0.0,0.0,0.0,0.0,0.0
0,0,1.0,0.0,0.0,0.0,0.0,0.0,0.0,0.0,0.0,0.0
0,0,1.0,0.0,0.0,0.0,0.0,0.0,0.0,0.0,0.0,0.0
0,0,1.0,0.0,0.0,0.0,0.0,0.0,0.0,0.0,0.0,0.0
0,0,1.0,0.0,0.0,0.0,0.0,0.0,0.0,0.0,0.0,0.0
0,0,1.0,0.0,0.0,0.0,0.0,0.0,0.0,0.0,0.0,0.0
0,0,1.0,0.0,0.0,0.0,0.0,0.0,0.0,0.0,0.0,0.0
0,0,1.0,0.0,0.0,0.0,0.0,0.0,0.0,0.0,0.0,0.0
0,0,1.0,0.0,0.0,0.0,0.0,0.0,0.0,0.0,0.0,0.0
0,0,1.0,0.0,0.0,0.0,0.0,0.0,0.0,0.0,0.0,0.0
0,0,1.0,0.0,0.0,0.0,0.0,0.0,0.0,0.0,0.0,0.0
0,0,1.0,0.0,0.0,0.0,0.0,0.0,0.0,0.0,0.0,0.0
0,0,1.0,0.0,0.0,0.0,0.0,0.0,0.0,0.0,0.0,0.0
0,0,1.0,0.0,0.0,0.0,0.0,0.0,0.0,0.0,0.0,0.0
0,0,1.0,0.0,0.0,0.0,0.0,0.0,0.0,0.0,0.0,0.0
0,0,1.0,0.0,0.0,0.0,0.0,0.0,0.0,0.0,0.0,0.0
0,0,1.0,0.0,0.0,0.0,0.0,0.0,0.0,0.0,0.0,0.0
0,0,1.0,0.0,0.0,0.0,0.0,0.0,0.0,0.0,0.0,0.0
0,0,1.0,0.0,0.0,0.0,0.0,0.0,0.0,0.0,0.0,0.0
0,0,1.0,0.0,0.0,0.0,0.0,0.0,0.0,0.0,0.0,0.0
0,0,1.0,0.0,0.0,0.0,0.0,0.0,0.0,0.0,0.0,0.0
0,0,1.0,0.0,0.0,0.0,0.0,0.0,0.0,0.0,0.0,0.0
0,0,1.0,0.0,0.0,0.0,0.0,0.0,0.0,0.0,0.0,0.0
0,0,1.0,0.0,0.0,0.0,0.0,0.0,0.0,0.0,0.0,0.0
0,0,1.0,0.0,0.0,0.0,0.0,0.0,0.0,0.0,0.0,0.0
0,0,1.0,0.0,0.0,0.0,0.0,0.0,0.0,0.0,0.0,0.0
0,0,1.0,0.0,0.0,0.0,0.0,0.0,0.0,0.0,0.0,0.0
0,0,1.0,0.0,0.0,0.0,0.0,0.0,0.0,0.0,0.0,0.0
0,0,1.0,0.0,0.0,0.0,0.0,0.0,0.0,0.0,0.0,0.0
0,0,1.0,0.0,0.0,0.0,0.0,0.0,0.0,0.0,0.0,0.0
0,0,1.0,0.0,0.0,0.0,0.0,0.0,0.0,0.0,0.0,0.0
0,0,1.0,0.0,0.0,0.0,0.0,0.0,0.0,0.0,0.0,0.0
0,0,1.0,0.0,0.0,0.0,0.0,0.0,0.0,0.0,0.0,0.0
0,0,1.0,0.0,0.0,0.0,0.0,0.0,0.0,0.0,0.0,0.0
0,0,1.0,0.0,0.0,0.0,0.0,0.0,0.0,0.0,0.0,0.0
0,0,1.0,0.0,0.0,0.0,0.0,0.0,0.0,0.0,0.0,0.0
0,0,1.0,0.0,0.0,0.0,0.0,0.0,0.0,0.0,0.0,0.0
0,0,1.0,0.0,0.0,0.0,0.0,0.0,0.0,0.0,0.0,0.0
0,0,1.0,0.0,0.0,0.0,0.0,0.0,0.0,0.0,0.0,0.0
0,0,1.0,0.0,0.0,0.0,0.0,0.0,0.0,0.0,0.0,0.0
0,0,1.0,0.0,0.0,0.0,0.0,0.0,0.0,0.0,0.0,0.0
0,0,1.0,0.0,0.0,0.0,0.0,0.0,0.0,0.0,0.0,0.0
0,0,1.0,0.0,0.0,0.0,0.0,0.0,0.0,0.0,0.0,0.0
0,0,1.0,0.0,0.0,0.0,0.0,0.0,0.0,0.0,0.0,0.0
0,0,1.0,0.0,0.0,0.0,0.0,0.0,0.0,0.0,0.0,0.0
0,0,1.0,0.0,0.0,0.0,0.0,0.0,0.0,0.0,0.0,0.0
0,0,1.0,0.0,0.0,0.0,0.0,0.0,0.0,0.0,0.0,0.0
0,0,1.0,0.0,0.0,0.0,0.0,0.0,0.0,0.0,0.0,0.0
0,0,1.0,0.0,0.0,0.0,0.0,0.0,0.0,0.0,0.0,0.0
0,0,1.0,0.0,0.0,0.0,0.0,0.0,0.0,0.0,0.0,0.0
0,0,1.0,0.0,0.0,0.0,0.0,0.0,0.0,0.0,0.0,0.0
0,0,1.0,0.0,0.0,0.0,0.0,0.0,0.0,0.0,0.0,0.0
0,0,1.0,0.0,0.0,0.0,0.0,0.0,0.0,0.0,0.0,0.0
0,0,1.0,0.0,0.0,0.0,0.0,0.0,0.0,0.0,0.0,0.0
0,0,1.0,0.0,0.0,0.0,0.0,0.0,0.0,0.0,0.0,0.0
0,0,1.0,0.0,0.0,0.0,0.0,0.0,0.0,0.0,0.0,0.0
0,0,1.0,0.0,0.0,0.0,0.0,0.0,0.0,0.0,0.0,0.0
0,0,1.0,0.0,0.0,0.0,0.0,0.0,0.0,0.0,0.0,0.0
0,0,1.0,0.0,0.0,0.0,0.0,0.0,0.0,0.0,0.0,0.0
0,0,1.0,0.0,0.0,0.0,0.0,0.0,0.0,0.0,0.0,0.0
0,0,1.0,0.0,0.0,0.0,0.0,0.0,0.0,0.0,0.0,0.0
0,0,1.0,0.0,0.0,0.0,0.0,0.0,0.0,0.0,0.0,0.0
0,0,1.0,0.0,0.0,0.0,0.0,0.0,0.0,0.0,0.0,0.0
0,0,1.0,0.0,0.0,0.0,0.0,0.0,0.0,0.0,0.0,0.0
0,0,1.0,0.0,0.0,0.0,0.0,0.0,0.0,0.0,0.0,0.0
0,0,1.0,0.0,0.0,0.0,0.0,0.0,0.0,0.0,0.0,0.0
0,0,1.0,0.0,0.0,0.0,0.0,0.0,0.0,0.0,0.0,0.0
0,0,1.0,0.0,0.0,0.0,0.0,0.0,0.0,0.0,0.0,0.0
0,0,1.0,0.0,0.0,0.0,0.0,0.0,0.0,0.0,0.0,0.0
0,0,1.0,0.0,0.0,0.0,0.0,0.0,0.0,0.0,0.0,0.0
0,0,1.0,0.0,0.0,0.0,0.0,0.0,0.0,0.0,0.0,0.0
0,0,1.0,0.0,0.0,0.0,0.0,0.0,0.0,0.0,0.0,0.0
0,0,1.0,0.0,0.0,0.0,0.0,0.0,0.0,0.0,0.0,0.0
0,0,1.0,0.0,0.0,0.0,0.0,0.0,0.0,0.0,0.0,0.0
0,0,1.0,0.0,0.0,0.0,0.0,0.0,0.0,0.0,0.0,0.0
0,0,1.0,0.0,0.0,0.0,0.0,0.0,0.0,0.0,0.0,0.0
0,0,1.0,0.0,0.0,0.0,0.0,0.0,0.0,0.0,0.0,0.0
0,0,1.0,0.0,0.0,0.0,0.0,0.0,0.0,0.0,0.0,0.0
0,0,1.0,0.0,0.0,0.0,0.0,0.0,0.0,0.0,0.0,0.0
0,0,1.0,0.0,0.0,0.0,0.0,0.0,0.0,0.0,0.0,0.0
0,0,1.0,0.0,0.0,0.0,0.0,0.0,0.0,0.0,0.0,0.0
0,0,1.0,0.0,0.0,0.0,0.0,0.0,0.0,0.0,0.0,0.0
0,0,1.0,0.0,0.0,0.0,0.0,0.0,0.0,0.0,0.0,0.0
0,0,1.0,0.0,0.0,0.0,0.0,0.0,0.0,0.0,0.0,0.0
0,0,1.0,0.0,0.0,0.0,0.0,0.0,0.0,0.0,0.0,0.0
0,0,1.0,0.0,0.0,0.0,0.0,0.0,0.0,0.0,0.0,0.0
0,0,1.0,0.0,0.0,0.0,0.0,0.0,0.0,0.0,0.0,0.0
0,0,1.0,0.0,0.0,0.0,0.0,0.0,0.0,0.0,0.0,0.0
0,0,1.0,0.0,0.0,0.0,0.0,0.0,0.0,0.0,0.0,0.0
0,0,1.0,0.0,0.0,0.0,0.0,0.0,0.0,0.0,0.0,0.0
0,0,1.0,0.0,0.0,0.0,0.0,0.0,0.0,0.0,0.0,0.0
0,0,1.0,0.0,0.0,0.0,0.0,0.0,0.0,0.0,0.0,0.0
0,0,1.0,0.0,0.0,0.0,0.0,0.0,0.0,0.0,0.0,0.0
0,0,1.0,0.0,0.0,0.0,0.0,0.0,0.0,0.0,0.0,0.0
0,0,1.0,0.0,0.0,0.0,0.0,0.0,0.0,0.0,0.0,0.0
0,0,1.0,0.0,0.0,0.0,0.0,0.0,0.0,0.0,0.0,0.0
0,0,1.0,0.0,0.0,0.0,0.0,0.0,0.0,0.0,0.0,0.0
0,0,1.0,0.0,0.0,0.0,0.0,0.0,0.0,0.0,0.0,0.0
0,0,1.0,0.0,0.0,0.0,0.0,0.0,0.0,0.0,0.0,0.0
0,0,1.0,0.0,0.0,0.0,0.0,0.0,0.0,0.0,0.0,0.0
0,0,1.0,0.0,0.0,0.0,0.0,0.0,0.0,0.0,0.0,0.0
0,0,1.0,0.0,0.0,0.0,0.0,0.0,0.0,0.0,0.0,0.0
0,0,1.0,0.0,0.0,0.0,0.0,0.0,0.0,0.0,0.0,0.0
0,0,1.0,0.0,0.0,0.0,0.0,0.0,0.0,0.0,0.0,0.0
0,0,1.0,0.0,0.0,0.0,0.0,0.0,0.0,0.0,0.0,0.0
0,0,1.0,0.0,0.0,0.0,0.0,0.0,0.0,0.0,0.0,0.0
0,0,1.0,0.0,0.0,0.0,0.0,0.0,0.0,0.0,0.0,0.0
0,0,1.0,0.0,0.0,0.0,0.0,0.0,0.0,0.0,0.0,0.0
0,0,1.0,0.0,0.0,0.0,0.0,0.0,0.0,0.0,0.0,0.0
0,0,1.0,0.0,0.0,0.0,0.0,0.0,0.0,0.0,0.0,0.0
0,0,1.0,0.0,0.0,0.0,0.0,0.0,0.0,0.0,0.0,0.0
0,0,1.0,0.0,0.0,0.0,0.0,0.0,0.0,0.0,0.0,0.0
0,0,1.0,0.0,0.0,0.0,0.0,0.0,0.0,0.0,0.0,0.0
0,0,1.0,0.0,0.0,0.0,0.0,0.0,0.0,0.0,0.0,0.0
0,0,1.0,0.0,0.0,0.0,0.0,0.0,0.0,0.0,0.0,0.0
0,0,1.0,0.0,0.0,0.0,0.0,0.0,0.0,0.0,0.0,0.0
0,0,1.0,0.0,0.0,0.0,0.0,0.0,0.0,0.0,0.0,0.0
0,0,1.0,0.0,0.0,0.0,0.0,0.0,0.0,0.0,0.0,0.0
0,0,1.0,0.0,0.0,0.0,0.0,0.0,0.0,0.0,0.0,0.0
0,0,1.0,0.0,0.0,0.0,0.0,0.0,0.0,0.0,0.0,0.0
0,0,1.0,0.0,0.0,0.0,0.0,0.0,0.0,0.0,0.0,0.0
0,0,1.0,0.0,0.0,0.0,0.0,0.0,0.0,0.0,0.0,0.0
0,0,1.0,0.0,0.0,0.0,0.0,0.0,0.0,0.0,0.0,0.0
0,0,1.0,0.0,0.0,0.0,0.0,0.0,0.0,0.0,0.0,0.0
0,0,1.0,0.0,0.0,0.0,0.0,0.0,0.0,0.0,0.0,0.0
0,0,1.0,0.0,0.0,0.0,0.0,0.0,0.0,0.0,0.0,0.0
0,0,1.0,0.0,0.0,0.0,0.0,0.0,0.0,0.0,0.0,0.0
0,0,1.0,0.0,0.0,0.0,0.0,0.0,0.0,0.0,0.0,0.0
0,0,1.0,0.0,0.0,0.0,0.0,0.0,0.0,0.0,0.0,0.0
0,0,1.0,0.0,0.0,0.0,0.0,0.0,0.0,0.0,0.0,0.0
0,0,1.0,0.0,0.0,0.0,0.0,0.0,0.0,0.0,0.0,0.0
0,0,1.0,0.0,0.0,0.0,0.0,0.0,0.0,0.0,0.0,0.0
0,0,1.0,0.0,0.0,0.0,0.0,0.0,0.0,0.0,0.0,0.0
0,0,1.0,0.0,0.0,0.0,0.0,0.0,0.0,0.0,0.0,0.0
0,0,1.0,0.0,0.0,0.0,0.0,0.0,0.0,0.0,0.0,0.0
0,0,1.0,0.0,0.0,0.0,0.0,0.0,0.0,0.0,0.0,0.0
0,0,1.0,0.0,0.0,0.0,0.0,0.0,0.0,0.0,0.0,0.0
0,0,1.0,0.0,0.0,0.0,0.0,0.0,0.0,0.0,0.0,0.0
0,0,1.0,0.0,0.0,0.0,0.0,0.0,0.0,0.0,0.0,0.0
0,0,1.0,0.0,0.0,0.0,0.0,0.0,0.0,0.0,0.0,0.0
0,0,1.0,0.0,0.0,0.0,0.0,0.0,0.0,0.0,0.0,0.0
0,0,1.0,0.0,0.0,0.0,0.0,0.0,0.0,0.0,0.0,0.0
0,0,1.0,0.0,0.0,0.0,0.0,0.0,0.0,0.0,0.0,0.0
0,0,1.0,0.0,0.0,0.0,0.0,0.0,0.0,0.0,0.0,0.0
0,0,1.0,0.0,0.0,0.0,0.0,0.0,0.0,0.0,0.0,0.0
0,0,1.0,0.0,0.0,0.0,0.0,0.0,0.0,0.0,0.0,0.0
0,0,1.0,0.0,0.0,0.0,0.0,0.0,0.0,0.0,0.0,0.0
0,0,1.0,0.0,0.0,0.0,0.0,0.0,0.0,0.0,0.0,0.0
0,0,1.0,0.0,0.0,0.0,0.0,0.0,0.0,0.0,0.0,0.0
0,0,1.0,0.0,0.0,0.0,0.0,0.0,0.0,0.0,0.0,0.0
0,0,1.0,0.0,0.0,0.0,0.0,0.0,0.0,0.0,0.0,0.0
0,0,1.0,0.0,0.0,0.0,0.0,0.0,0.0,0.0,0.0,0.0
0,0,1.0,0.0,0.0,0.0,0.0,0.0,0.0,0.0,0.0,0.0
0,0,1.0,0.0,0.0,0.0,0.0,0.0,0.0,0.0,0.0,0.0
0,0,1.0,0.0,0.0,0.0,0.0,0.0,0.0,0.0,0.0,0.0
0,0,1.0,0.0,0.0,0.0,0.0,0.0,0.0,0.0,0.0,0.0
0,0,1.0,0.0,0.0,0.0,0.0,0.0,0.0,0.0,0.0,0.0
0,0,1.0,0.0,0.0,0.0,0.0,0.0,0.0,0.0,0.0,0.0
0,0,1.0,0.0,0.0,0.0,0.0,0.0,0.0,0.0,0.0,0.0
0,0,1.0,0.0,0.0,0.0,0.0,0.0,0.0,0.0,0.0,0.0
0,0,1.0,0.0,0.0,0.0,0.0,0.0,0.0,0.0,0.0,0.0
0,0,1.0,0.0,0.0,0.0,0.0,0.0,0.0,0.0,0.0,0.0
0,0,1.0,0.0,0.0,0.0,0.0,0.0,0.0,0.0,0.0,0.0
0,0,1.0,0.0,0.0,0.0,0.0,0.0,0.0,0.0,0.0,0.0
0,0,1.0,0.0,0.0,0.0,0.0,0.0,0.0,0.0,0.0,0.0
0,0,1.0,0.0,0.0,0.0,0.0,0.0,0.0,0.0,0.0,0.0
0,0,1.0,0.0,0.0,0.0,0.0,0.0,0.0,0.0,0.0,0.0
0,0,1.0,0.0,0.0,0.0,0.0,0.0,0.0,0.0,0.0,0.0
0,0,1.0,0.0,0.0,0.0,0.0,0.0,0.0,0.0,0.0,0.0
0,0,1.0,0.0,0.0,0.0,0.0,0.0,0.0,0.0,0.0,0.0
0,0,1.0,0.0,0.0,0.0,0.0,0.0,0.0,0.0,0.0,0.0
0,0,1.0,0.0,0.0,0.0,0.0,0.0,0.0,0.0,0.0,0.0
0,0,1.0,0.0,0.0,0.0,0.0,0.0,0.0,0.0,0.0,0.0
0,0,1.0,0.0,0.0,0.0,0.0,0.0,0.0,0.0,0.0,0.0
0,0,1.0,0.0,0.0,0.0,0.0,0.0,0.0,0.0,0.0,0.0
0,0,1.0,0.0,0.0,0.0,0.0,0.0,0.0,0.0,0.0,0.0
0,0,1.0,0.0,0.0,0.0,0.0,0.0,0.0,0.0,0.0,0.0
0,0,1.0,0.0,0.0,0.0,0.0,0.0,0.0,0.0,0.0,0.0
0,0,1.0,0.0,0.0,0.0,0.0,0.0,0.0,0.0,0.0,0.0
0,0,1.0,0.0,0.0,0.0,0.0,0.0,0.0,0.0,0.0,0.0
0,0,1.0,0.0,0.0,0.0,0.0,0.0,0.0,0.0,0.0,0.0
0,0,1.0,0.0,0.0,0.0,0.0,0.0,0.0,0.0,0.0,0.0
0,0,1.0,0.0,0.0,0.0,0.0,0.0,0.0,0.0,0.0,0.0
0,0,1.0,0.0,0.0,0.0,0.0,0.0,0.0,0.0,0.0,0.0
0,0,1.0,0.0,0.0,0.0,0.0,0.0,0.0,0.0,0.0,0.0
0,0,1.0,0.0,0.0,0.0,0.0,0.0,0.0,0.0,0.0,0.0
0,0,1.0,0.0,0.0,0.0,0.0,0.0,0.0,0.0,0.0,0.0
0,0,1.0,0.0,0.0,0.0,0.0,0.0,0.0,0.0,0.0,0.0
0,0,1.0,0.0,0.0,0.0,0.0,0.0,0.0,0.0,0.0,0.0
0,0,1.0,0.0,0.0,0.0,0.0,0.0,0.0,0.0,0.0,0.0
0,0,1.0,0.0,0.0,0.0,0.0,0.0,0.0,0.0,0.0,0.0
0,0,1.0,0.0,0.0,0.0,0.0,0.0,0.0,0.0,0.0,0.0
0,0,1.0,0.0,0.0,0.0,0.0,0.0,0.0,0.0,0.0,0.0
0,0,1.0,0.0,0.0,0.0,0.0,0.0,0.0,0.0,0.0,0.0
0,0,1.0,0.0,0.0,0.0,0.0,0.0,0.0,0.0,0.0,0.0
0,0,1.0,0.0,0.0,0.0,0.0,0.0,0.0,0.0,0.0,0.0
0,0,1.0,0.0,0.0,0.0,0.0,0.0,0.0,0.0,0.0,0.0
0,0,1.0,0.0,0.0,0.0,0.0,0.0,0.0,0.0,0.0,0.0
0,0,1.0,0.0,0.0,0.0,0.0,0.0,0.0,0.0,0.0,0.0
0,0,1.0,0.0,0.0,0.0,0.0,0.0,0.0,0.0,0.0,0.0
0,0,1.0,0.0,0.0,0.0,0.0,0.0,0.0,0.0,0.0,0.0
0,0,1.0,0.0,0.0,0.0,0.0,0.0,0.0,0.0,0.0,0.0
0,0,1.0,0.0,0.0,0.0,0.0,0.0,0.0,0.0,0.0,0.0
0,0,1.0,0.0,0.0,0.0,0.0,0.0,0.0,0.0,0.0,0.0
0,0,1.0,0.0,0.0,0.0,0.0,0.0,0.0,0.0,0.0,0.0
0,0,1.0,0.0,0.0,0.0,0.0,0.0,0.0,0.0,0.0,0.0
0,0,1.0,0.0,0.0,0.0,0.0,0.0,0.0,0.0,0.0,0.0
0,0,1.0,0.0,0.0,0.0,0.0,0.0,0.0,0.0,0.0,0.0
0,0,1.0,0.0,0.0,0.0,0.0,0.0,0.0,0.0,0.0,0.0
0,0,1.0,0.0,0.0,0.0,0.0,0.0,0.0,0.0,0.0,0.0
0,0,1.0,0.0,0.0,0.0,0.0,0.0,0.0,0.0,0.0,0.0
0,0,1.0,0.0,0.0,0.0,0.0,0.0,0.0,0.0,0.0,0.0
0,0,1.0,0.0,0.0,0.0,0.0,0.0,0.0,0.0,0.0,0.0
0,0,1.0,0.0,0.0,0.0,0.0,0.0,0.0,0.0,0.0,0.0
0,0,1.0,0.0,0.0,0.0,0.0,0.0,0.0,0.0,0.0,0.0
0,0,1.0,0.0,0.0,0.0,0.0,0.0,0.0,0.0,0.0,0.0
0,0,1.0,0.0,0.0,0.0,0.0,0.0,0.0,0.0,0.0,0.0
0,0,1.0,0.0,0.0,0.0,0.0,0.0,0.0,0.0,0.0,0.0
0,0,1.0,0.0,0.0,0.0,0.0,0.0,0.0,0.0,0.0,0.0
0,0,1.0,0.0,0.0,0.0,0.0,0.0,0.0,0.0,0.0,0.0
0,0,1.0,0.0,0.0,0.0,0.0,0.0,0.0,0.0,0.0,0.0
0,0,1.0,0.0,0.0,0.0,0.0,0.0,0.0,0.0,0.0,0.0
0,0,1.0,0.0,0.0,0.0,0.0,0.0,0.0,0.0,0.0,0.0
0,0,1.0,0.0,0.0,0.0,0.0,0.0,0.0,0.0,0.0,0.0
0,0,1.0,0.0,0.0,0.0,0.0,0.0,0.0,0.0,0.0,0.0
0,0,1.0,0.0,0.0,0.0,0.0,0.0,0.0,0.0,0.0,0.0
0,0,1.0,0.0,0.0,0.0,0.0,0.0,0.0,0.0,0.0,0.0
0,0,1.0,0.0,0.0,0.0,0.0,0.0,0.0,0.0,0.0,0.0
0,0,1.0,0.0,0.0,0.0,0.0,0.0,0.0,0.0,0.0,0.0
0,0,1.0,0.0,0.0,0.0,0.0,0.0,0.0,0.0,0.0,0.0
0,0,1.0,0.0,0.0,0.0,0.0,0.0,0.0,0.0,0.0,0.0
0,0,1.0,0.0,0.0,0.0,0.0,0.0,0.0,0.0,0.0,0.0
0,0,1.0,0.0,0.0,0.0,0.0,0.0,0.0,0.0,0.0,0.0
0,0,1.0,0.0,0.0,0.0,0.0,0.0,0.0,0.0,0.0,0.0
0,0,1.0,0.0,0.0,0.0,0.0,0.0,0.0,0.0,0.0,0.0
0,0,1.0,0.0,0.0,0.0,0.0,0.0,0.0,0.0,0.0,0.0
0,0,1.0,0.0,0.0,0.0,0.0,0.0,0.0,0.0,0.0,0.0
0,0,1.0,0.0,0.0,0.0,0.0,0.0,0.0,0.0,0.0,0.0
0,0,1.0,0.0,0.0,0.0,0.0,0.0,0.0,0.0,0.0,0.0
0,0,1.0,0.0,0.0,0.0,0.0,0.0,0.0,0.0,0.0,0.0
0,0,1.0,0.0,0.0,0.0,0.0,0.0,0.0,0.0,0.0,0.0
0,0,1.0,0.0,0.0,0.0,0.0,0.0,0.0,0.0,0.0,0.0
0,0,1.0,0.0,0.0,0.0,0.0,0.0,0.0,0.0,0.0,0.0
0,0,1.0,0.0,0.0,0.0,0.0,0.0,0.0,0.0,0.0,0.0
0,0,1.0,0.0,0.0,0.0,0.0,0.0,0.0,0.0,0.0,0.0
0,0,1.0,0.0,0.0,0.0,0.0,0.0,0.0,0.0,0.0,0.0
0,0,1.0,0.0,0.0,0.0,0.0,0.0,0.0,0.0,0.0,0.0
0,0,1.0,0.0,0.0,0.0,0.0,0.0,0.0,0.0,0.0,0.0
0,0,1.0,0.0,0.0,0.0,0.0,0.0,0.0,0.0,0.0,0.0
0,0,1.0,0.0,0.0,0.0,0.0,0.0,0.0,0.0,0.0,0.0
0,0,1.0,0.0,0.0,0.0,0.0,0.0,0.0,0.0,0.0,0.0
0,0,1.0,0.0,0.0,0.0,0.0,0.0,0.0,0.0,0.0,0.0
0,0,1.0,0.0,0.0,0.0,0.0,0.0,0.0,0.0,0.0,0.0
0,0,1.0,0.0,0.0,0.0,0.0,0.0,0.0,0.0,0.0,0.0
0,0,1.0,0.0,0.0,0.0,0.0,0.0,0.0,0.0,0.0,0.0
0,0,1.0,0.0,0.0,0.0,0.0,0.0,0.0,0.0,0.0,0.0
0,0,1.0,0.0,0.0,0.0,0.0,0.0,0.0,0.0,0.0,0.0
0,0,1.0,0.0,0.0,0.0,0.0,0.0,0.0,0.0,0.0,0.0
0,0,1.0,0.0,0.0,0.0,0.0,0.0,0.0,0.0,0.0,0.0
0,0,1.0,0.0,0.0,0.0,0.0,0.0,0.0,0.0,0.0,0.0
0,0,1.0,0.0,0.0,0.0,0.0,0.0,0.0,0.0,0.0,0.0
0,0,1.0,0.0,0.0,0.0,0.0,0.0,0.0,0.0,0.0,0.0
0,0,1.0,0.0,0.0,0.0,0.0,0.0,0.0,0.0,0.0,0.0
0,0,1.0,0.0,0.0,0.0,0.0,0.0,0.0,0.0,0.0,0.0
0,0,1.0,0.0,0.0,0.0,0.0,0.0,0.0,0.0,0.0,0.0
0,0,1.0,0.0,0.0,0.0,0.0,0.0,0.0,0.0,0.0,0.0
0,0,1.0,0.0,0.0,0.0,0.0,0.0,0.0,0.0,0.0,0.0
0,0,1.0,0.0,0.0,0.0,0.0,0.0,0.0,0.0,0.0,0.0
0,0,1.0,0.0,0.0,0.0,0.0,0.0,0.0,0.0,0.0,0.0
0,0,1.0,0.0,0.0,0.0,0.0,0.0,0.0,0.0,0.0,0.0
0,0,1.0,0.0,0.0,0.0,0.0,0.0,0.0,0.0,0.0,0.0
0,0,1.0,0.0,0.0,0.0,0.0,0.0,0.0,0.0,0.0,0.0
0,0,1.0,0.0,0.0,0.0,0.0,0.0,0.0,0.0,0.0,0.0
0,0,1.0,0.0,0.0,0.0,0.0,0.0,0.0,0.0,0.0,0.0
0,0,1.0,0.0,0.0,0.0,0.0,0.0,0.0,0.0,0.0,0.0
0,0,1.0,0.0,0.0,0.0,0.0,0.0,0.0,0.0,0.0,0.0
0,0,1.0,0.0,0.0,0.0,0.0,0.0,0.0,0.0,0.0,0.0
0,0,1.0,0.0,0.0,0.0,0.0,0.0,0.0,0.0,0.0,0.0
0,0,1.0,0.0,0.0,0.0,0.0,0.0,0.0,0.0,0.0,0.0
0,0,1.0,0.0,0.0,0.0,0.0,0.0,0.0,0.0,0.0,0.0
0,0,1.0,0.0,0.0,0.0,0.0,0.0,0.0,0.0,0.0,0.0
0,0,1.0,0.0,0.0,0.0,0.0,0.0,0.0,0.0,0.0,0.0
0,0,1.0,0.0,0.0,0.0,0.0,0.0,0.0,0.0,0.0,0.0
0,0,1.0,0.0,0.0,0.0,0.0,0.0,0.0,0.0,0.0,0.0
0,0,1.0,0.0,0.0,0.0,0.0,0.0,0.0,0.0,0.0,0.0
0,0,1.0,0.0,0.0,0.0,0.0,0.0,0.0,0.0,0.0,0.0
0,0,1.0,0.0,0.0,0.0,0.0,0.0,0.0,0.0,0.0,0.0
0,0,1.0,0.0,0.0,0.0,0.0,0.0,0.0,0.0,0.0,0.0
0,0,1.0,0.0,0.0,0.0,0.0,0.0,0.0,0.0,0.0,0.0
0,0,1.0,0.0,0.0,0.0,0.0,0.0,0.0,0.0,0.0,0.0
0,0,1.0,0.0,0.0,0.0,0.0,0.0,0.0,0.0,0.0,0.0
0,0,1.0,0.0,0.0,0.0,0.0,0.0,0.0,0.0,0.0,0.0
0,0,1.0,0.0,0.0,0.0,0.0,0.0,0.0,0.0,0.0,0.0
0,0,1.0,0.0,0.0,0.0,0.0,0.0,0.0,0.0,0.0,0.0
0,0,1.0,0.0,0.0,0.0,0.0,0.0,0.0,0.0,0.0,0.0
0,0,1.0,0.0,0.0,0.0,0.0,0.0,0.0,0.0,0.0,0.0
0,0,1.0,0.0,0.0,0.0,0.0,0.0,0.0,0.0,0.0,0.0
0,0,1.0,0.0,0.0,0.0,0.0,0.0,0.0,0.0,0.0,0.0
0,0,1.0,0.0,0.0,0.0,0.0,0.0,0.0,0.0,0.0,0.0
0,0,1.0,0.0,0.0,0.0,0.0,0.0,0.0,0.0,0.0,0.0
0,0,1.0,0.0,0.0,0.0,0.0,0.0,0.0,0.0,0.0,0.0
0,0,1.0,0.0,0.0,0.0,0.0,0.0,0.0,0.0,0.0,0.0
0,0,1.0,0.0,0.0,0.0,0.0,0.0,0.0,0.0,0.0,0.0
0,0,1.0,0.0,0.0,0.0,0.0,0.0,0.0,0.0,0.0,0.0
0,0,1.0,0.0,0.0,0.0,0.0,0.0,0.0,0.0,0.0,0.0
0,0,1.0,0.0,0.0,0.0,0.0,0.0,0.0,0.0,0.0,0.0
0,0,1.0,0.0,0.0,0.0,0.0,0.0,0.0,0.0,0.0,0.0
0,0,1.0,0.0,0.0,0.0,0.0,0.0,0.0,0.0,0.0,0.0
0,0,1.0,0.0,0.0,0.0,0.0,0.0,0.0,0.0,0.0,0.0
0,0,1.0,0.0,0.0,0.0,0.0,0.0,0.0,0.0,0.0,0.0
0,0,1.0,0.0,0.0,0.0,0.0,0.0,0.0,0.0,0.0,0.0
0,0,1.0,0.0,0.0,0.0,0.0,0.0,0.0,0.0,0.0,0.0
0,0,1.0,0.0,0.0,0.0,0.0,0.0,0.0,0.0,0.0,0.0
0,0,1.0,0.0,0.0,0.0,0.0,0.0,0.0,0.0,0.0,0.0
0,0,1.0,0.0,0.0,0.0,0.0,0.0,0.0,0.0,0.0,0.0
0,0,1.0,0.0,0.0,0.0,0.0,0.0,0.0,0.0,0.0,0.0
0,0,1.0,0.0,0.0,0.0,0.0,0.0,0.0,0.0,0.0,0.0
0,0,1.0,0.0,0.0,0.0,0.0,0.0,0.0,0.0,0.0,0.0
0,0,1.0,0.0,0.0,0.0,0.0,0.0,0.0,0.0,0.0,0.0
0,0,1.0,0.0,0.0,0.0,0.0,0.0,0.0,0.0,0.0,0.0
0,0,1.0,0.0,0.0,0.0,0.0,0.0,0.0,0.0,0.0,0.0
0,0,1.0,0.0,0.0,0.0,0.0,0.0,0.0,0.0,0.0,0.0
0,0,1.0,0.0,0.0,0.0,0.0,0.0,0.0,0.0,0.0,0.0
0,0,1.0,0.0,0.0,0.0,0.0,0.0,0.0,0.0,0.0,0.0
0,0,1.0,0.0,0.0,0.0,0.0,0.0,0.0,0.0,0.0,0.0
0,0,1.0,0.0,0.0,0.0,0.0,0.0,0.0,0.0,0.0,0.0
0,0,1.0,0.0,0.0,0.0,0.0,0.0,0.0,0.0,0.0,0.0
0,0,1.0,0.0,0.0,0.0,0.0,0.0,0.0,0.0,0.0,0.0
0,0,1.0,0.0,0.0,0.0,0.0,0.0,0.0,0.0,0.0,0.0
0,0,1.0,0.0,0.0,0.0,0.0,0.0,0.0,0.0,0.0,0.0
0,0,1.0,0.0,0.0,0.0,0.0,0.0,0.0,0.0,0.0,0.0
0,0,1.0,0.0,0.0,0.0,0.0,0.0,0.0,0.0,0.0,0.0
0,0,1.0,0.0,0.0,0.0,0.0,0.0,0.0,0.0,0.0,0.0
0,0,1.0,0.0,0.0,0.0,0.0,0.0,0.0,0.0,0.0,0.0
0,0,1.0,0.0,0.0,0.0,0.0,0.0,0.0,0.0,0.0,0.0
0,0,1.0,0.0,0.0,0.0,0.0,0.0,0.0,0.0,0.0,0.0
0,0,1.0,0.0,0.0,0.0,0.0,0.0,0.0,0.0,0.0,0.0
0,0,1.0,0.0,0.0,0.0,0.0,0.0,0.0,0.0,0.0,0.0
0,0,1.0,0.0,0.0,0.0,0.0,0.0,0.0,0.0,0.0,0.0
0,0,1.0,0.0,0.0,0.0,0.0,0.0,0.0,0.0,0.0,0.0
0,0,1.0,0.0,0.0,0.0,0.0,0.0,0.0,0.0,0.0,0.0
0,0,1.0,0.0,0.0,0.0,0.0,0.0,0.0,0.0,0.0,0.0
0,0,1.0,0.0,0.0,0.0,0.0,0.0,0.0,0.0,0.0,0.0
0,0,1.0,0.0,0.0,0.0,0.0,0.0,0.0,0.0,0.0,0.0
0,0,1.0,0.0,0.0,0.0,0.0,0.0,0.0,0.0,0.0,0.0
0,0,1.0,0.0,0.0,0.0,0.0,0.0,0.0,0.0,0.0,0.0
0,0,1.0,0.0,0.0,0.0,0.0,0.0,0.0,0.0,0.0,0.0
0,0,1.0,0.0,0.0,0.0,0.0,0.0,0.0,0.0,0.0,0.0
0,0,1.0,0.0,0.0,0.0,0.0,0.0,0.0,0.0,0.0,0.0
0,0,1.0,0.0,0.0,0.0,0.0,0.0,0.0,0.0,0.0,0.0
0,0,1.0,0.0,0.0,0.0,0.0,0.0,0.0,0.0,0.0,0.0
0,0,1.0,0.0,0.0,0.0,0.0,0.0,0.0,0.0,0.0,0.0
0,0,1.0,0.0,0.0,0.0,0.0,0.0,0.0,0.0,0.0,0.0
0,0,1.0,0.0,0.0,0.0,0.0,0.0,0.0,0.0,0.0,0.0
0,0,1.0,0.0,0.0,0.0,0.0,0.0,0.0,0.0,0.0,0.0
0,0,1.0,0.0,0.0,0.0,0.0,0.0,0.0,0.0,0.0,0.0
0,0,1.0,0.0,0.0,0.0,0.0,0.0,0.0,0.0,0.0,0.0
0,0,1.0,0.0,0.0,0.0,0.0,0.0,0.0,0.0,0.0,0.0
0,0,1.0,0.0,0.0,0.0,0.0,0.0,0.0,0.0,0.0,0.0
0,0,1.0,0.0,0.0,0.0,0.0,0.0,0.0,0.0,0.0,0.0
0,0,1.0,0.0,0.0,0.0,0.0,0.0,0.0,0.0,0.0,0.0
0,0,1.0,0.0,0.0,0.0,0.0,0.0,0.0,0.0,0.0,0.0
0,0,1.0,0.0,0.0,0.0,0.0,0.0,0.0,0.0,0.0,0.0
0,0,1.0,0.0,0.0,0.0,0.0,0.0,0.0,0.0,0.0,0.0
0,0,1.0,0.0,0.0,0.0,0.0,0.0,0.0,0.0,0.0,0.0
0,0,1.0,0.0,0.0,0.0,0.0,0.0,0.0,0.0,0.0,0.0
0,0,1.0,0.0,0.0,0.0,0.0,0.0,0.0,0.0,0.0,0.0
0,0,1.0,0.0,0.0,0.0,0.0,0.0,0.0,0.0,0.0,0.0
0,0,1.0,0.0,0.0,0.0,0.0,0.0,0.0,0.0,0.0,0.0
0,0,1.0,0.0,0.0,0.0,0.0,0.0,0.0,0.0,0.0,0.0
0,0,1.0,0.0,0.0,0.0,0.0,0.0,0.0,0.0,0.0,0.0
0,0,1.0,0.0,0.0,0.0,0.0,0.0,0.0,0.0,0.0,0.0
0,0,1.0,0.0,0.0,0.0,0.0,0.0,0.0,0.0,0.0,0.0
0,0,1.0,0.0,0.0,0.0,0.0,0.0,0.0,0.0,0.0,0.0
0,0,1.0,0.0,0.0,0.0,0.0,0.0,0.0,0.0,0.0,0.0
0,0,1.0,0.0,0.0,0.0,0.0,0.0,0.0,0.0,0.0,0.0
0,0,1.0,0.0,0.0,0.0,0.0,0.0,0.0,0.0,0.0,0.0
0,0,1.0,0.0,0.0,0.0,0.0,0.0,0.0,0.0,0.0,0.0
0,0,1.0,0.0,0.0,0.0,0.0,0.0,0.0,0.0,0.0,0.0
0,0,1.0,0.0,0.0,0.0,0.0,0.0,0.0,0.0,0.0,0.0
0,0,1.0,0.0,0.0,0.0,0.0,0.0,0.0,0.0,0.0,0.0
0,0,1.0,0.0,0.0,0.0,0.0,0.0,0.0,0.0,0.0,0.0
0,0,1.0,0.0,0.0,0.0,0.0,0.0,0.0,0.0,0.0,0.0
0,0,1.0,0.0,0.0,0.0,0.0,0.0,0.0,0.0,0.0,0.0
0,0,1.0,0.0,0.0,0.0,0.0,0.0,0.0,0.0,0.0,0.0
0,0,1.0,0.0,0.0,0.0,0.0,0.0,0.0,0.0,0.0,0.0
0,0,1.0,0.0,0.0,0.0,0.0,0.0,0.0,0.0,0.0,0.0
0,0,1.0,0.0,0.0,0.0,0.0,0.0,0.0,0.0,0.0,0.0
0,0,1.0,0.0,0.0,0.0,0.0,0.0,0.0,0.0,0.0,0.0
0,0,1.0,0.0,0.0,0.0,0.0,0.0,0.0,0.0,0.0,0.0
0,0,1.0,0.0,0.0,0.0,0.0,0.0,0.0,0.0,0.0,0.0
0,0,1.0,0.0,0.0,0.0,0.0,0.0,0.0,0.0,0.0,0.0
0,0,1.0,0.0,0.0,0.0,0.0,0.0,0.0,0.0,0.0,0.0
0,0,1.0,0.0,0.0,0.0,0.0,0.0,0.0,0.0,0.0,0.0
0,0,1.0,0.0,0.0,0.0,0.0,0.0,0.0,0.0,0.0,0.0
0,0,1.0,0.0,0.0,0.0,0.0,0.0,0.0,0.0,0.0,0.0
0,0,1.0,0.0,0.0,0.0,0.0,0.0,0.0,0.0,0.0,0.0
0,0,1.0,0.0,0.0,0.0,0.0,0.0,0.0,0.0,0.0,0.0
0,0,1.0,0.0,0.0,0.0,0.0,0.0,0.0,0.0,0.0,0.0
0,0,1.0,0.0,0.0,0.0,0.0,0.0,0.0,0.0,0.0,0.0
0,0,1.0,0.0,0.0,0.0,0.0,0.0,0.0,0.0,0.0,0.0
0,0,1.0,0.0,0.0,0.0,0.0,0.0,0.0,0.0,0.0,0.0
0,0,1.0,0.0,0.0,0.0,0.0,0.0,0.0,0.0,0.0,0.0
0,0,1.0,0.0,0.0,0.0,0.0,0.0,0.0,0.0,0.0,0.0
0,0,1.0,0.0,0.0,0.0,0.0,0.0,0.0,0.0,0.0,0.0
0,0,1.0,0.0,0.0,0.0,0.0,0.0,0.0,0.0,0.0,0.0
0,0,1.0,0.0,0.0,0.0,0.0,0.0,0.0,0.0,0.0,0.0
0,0,1.0,0.0,0.0,0.0,0.0,0.0,0.0,0.0,0.0,0.0
0,0,1.0,0.0,0.0,0.0,0.0,0.0,0.0,0.0,0.0,0.0
0,0,1.0,0.0,0.0,0.0,0.0,0.0,0.0,0.0,0.0,0.0
0,0,1.0,0.0,0.0,0.0,0.0,0.0,0.0,0.0,0.0,0.0
0,0,1.0,0.0,0.0,0.0,0.0,0.0,0.0,0.0,0.0,0.0
0,0,1.0,0.0,0.0,0.0,0.0,0.0,0.0,0.0,0.0,0.0
0,0,1.0,0.0,0.0,0.0,0.0,0.0,0.0,0.0,0.0,0.0
0,0,1.0,0.0,0.0,0.0,0.0,0.0,0.0,0.0,0.0,0.0
0,0,1.0,0.0,0.0,0.0,0.0,0.0,0.0,0.0,0.0,0.0
0,0,1.0,0.0,0.0,0.0,0.0,0.0,0.0,0.0,0.0,0.0
0,0,1.0,0.0,0.0,0.0,0.0,0.0,0.0,0.0,0.0,0.0
0,0,1.0,0.0,0.0,0.0,0.0,0.0,0.0,0.0,0.0,0.0
0,0,1.0,0.0,0.0,0.0,0.0,0.0,0.0,0.0,0.0,0.0
0,0,1.0,0.0,0.0,0.0,0.0,0.0,0.0,0.0,0.0,0.0
0,0,1.0,0.0,0.0,0.0,0.0,0.0,0.0,0.0,0.0,0.0
0,0,1.0,0.0,0.0,0.0,0.0,0.0,0.0,0.0,0.0,0.0
0,0,1.0,0.0,0.0,0.0,0.0,0.0,0.0,0.0,0.0,0.0
0,0,1.0,0.0,0.0,0.0,0.0,0.0,0.0,0.0,0.0,0.0
0,0,1.0,0.0,0.0,0.0,0.0,0.0,0.0,0.0,0.0,0.0
0,0,1.0,0.0,0.0,0.0,0.0,0.0,0.0,0.0,0.0,0.0
0,0,1.0,0.0,0.0,0.0,0.0,0.0,0.0,0.0,0.0,0.0
0,0,1.0,0.0,0.0,0.0,0.0,0.0,0.0,0.0,0.0,0.0
0,0,1.0,0.0,0.0,0.0,0.0,0.0,0.0,0.0,0.0,0.0
0,0,1.0,0.0,0.0,0.0,0.0,0.0,0.0,0.0,0.0,0.0
0,0,1.0,0.0,0.0,0.0,0.0,0.0,0.0,0.0,0.0,0.0
0,0,1.0,0.0,0.0,0.0,0.0,0.0,0.0,0.0,0.0,0.0
0,0,1.0,0.0,0.0,0.0,0.0,0.0,0.0,0.0,0.0,0.0
0,0,1.0,0.0,0.0,0.0,0.0,0.0,0.0,0.0,0.0,0.0
0,0,1.0,0.0,0.0,0.0,0.0,0.0,0.0,0.0,0.0,0.0
0,0,1.0,0.0,0.0,0.0,0.0,0.0,0.0,0.0,0.0,0.0
0,0,1.0,0.0,0.0,0.0,0.0,0.0,0.0,0.0,0.0,0.0
0,0,1.0,0.0,0.0,0.0,0.0,0.0,0.0,0.0,0.0,0.0
0,0,1.0,0.0,0.0,0.0,0.0,0.0,0.0,0.0,0.0,0.0
0,0,1.0,0.0,0.0,0.0,0.0,0.0,0.0,0.0,0.0,0.0
0,0,1.0,0.0,0.0,0.0,0.0,0.0,0.0,0.0,0.0,0.0
0,0,1.0,0.0,0.0,0.0,0.0,0.0,0.0,0.0,0.0,0.0
0,0,1.0,0.0,0.0,0.0,0.0,0.0,0.0,0.0,0.0,0.0
0,0,1.0,0.0,0.0,0.0,0.0,0.0,0.0,0.0,0.0,0.0
0,0,1.0,0.0,0.0,0.0,0.0,0.0,0.0,0.0,0.0,0.0
0,0,1.0,0.0,0.0,0.0,0.0,0.0,0.0,0.0,0.0,0.0
0,0,1.0,0.0,0.0,0.0,0.0,0.0,0.0,0.0,0.0,0.0
0,0,1.0,0.0,0.0,0.0,0.0,0.0,0.0,0.0,0.0,0.0
0,0,1.0,0.0,0.0,0.0,0.0,0.0,0.0,0.0,0.0,0.0
0,0,1.0,0.0,0.0,0.0,0.0,0.0,0.0,0.0,0.0,0.0
0,0,1.0,0.0,0.0,0.0,0.0,0.0,0.0,0.0,0.0,0.0
0,0,1.0,0.0,0.0,0.0,0.0,0.0,0.0,0.0,0.0,0.0
0,0,1.0,0.0,0.0,0.0,0.0,0.0,0.0,0.0,0.0,0.0
0,0,1.0,0.0,0.0,0.0,0.0,0.0,0.0,0.0,0.0,0.0
0,0,1.0,0.0,0.0,0.0,0.0,0.0,0.0,0.0,0.0,0.0
0,0,1.0,0.0,0.0,0.0,0.0,0.0,0.0,0.0,0.0,0.0
0,0,1.0,0.0,0.0,0.0,0.0,0.0,0.0,0.0,0.0,0.0
0,0,1.0,0.0,0.0,0.0,0.0,0.0,0.0,0.0,0.0,0.0
0,0,1.0,0.0,0.0,0.0,0.0,0.0,0.0,0.0,0.0,0.0
0,0,1.0,0.0,0.0,0.0,0.0,0.0,0.0,0.0,0.0,0.0
0,0,1.0,0.0,0.0,0.0,0.0,0.0,0.0,0.0,0.0,0.0
0,0,1.0,0.0,0.0,0.0,0.0,0.0,0.0,0.0,0.0,0.0
0,0,1.0,0.0,0.0,0.0,0.0,0.0,0.0,0.0,0.0,0.0
0,0,1.0,0.0,0.0,0.0,0.0,0.0,0.0,0.0,0.0,0.0
0,0,1.0,0.0,0.0,0.0,0.0,0.0,0.0,0.0,0.0,0.0
0,0,1.0,0.0,0.0,0.0,0.0,0.0,0.0,0.0,0.0,0.0
0,0,1.0,0.0,0.0,0.0,0.0,0.0,0.0,0.0,0.0,0.0
0,0,1.0,0.0,0.0,0.0,0.0,0.0,0.0,0.0,0.0,0.0
0,0,1.0,0.0,0.0,0.0,0.0,0.0,0.0,0.0,0.0,0.0
0,0,1.0,0.0,0.0,0.0,0.0,0.0,0.0,0.0,0.0,0.0
0,0,1.0,0.0,0.0,0.0,0.0,0.0,0.0,0.0,0.0,0.0
0,0,1.0,0.0,0.0,0.0,0.0,0.0,0.0,0.0,0.0,0.0
0,0,1.0,0.0,0.0,0.0,0.0,0.0,0.0,0.0,0.0,0.0
0,0,1.0,0.0,0.0,0.0,0.0,0.0,0.0,0.0,0.0,0.0
0,0,1.0,0.0,0.0,0.0,0.0,0.0,0.0,0.0,0.0,0.0
0,0,1.0,0.0,0.0,0.0,0.0,0.0,0.0,0.0,0.0,0.0
0,0,1.0,0.0,0.0,0.0,0.0,0.0,0.0,0.0,0.0,0.0
0,0,1.0,0.0,0.0,0.0,0.0,0.0,0.0,0.0,0.0,0.0
0,0,1.0,0.0,0.0,0.0,0.0,0.0,0.0,0.0,0.0,0.0
0,0,1.0,0.0,0.0,0.0,0.0,0.0,0.0,0.0,0.0,0.0
0,0,1.0,0.0,0.0,0.0,0.0,0.0,0.0,0.0,0.0,0.0
0,0,1.0,0.0,0.0,0.0,0.0,0.0,0.0,0.0,0.0,0.0
0,0,1.0,0.0,0.0,0.0,0.0,0.0,0.0,0.0,0.0,0.0
0,0,1.0,0.0,0.0,0.0,0.0,0.0,0.0,0.0,0.0,0.0
0,0,1.0,0.0,0.0,0.0,0.0,0.0,0.0,0.0,0.0,0.0
0,0,1.0,0.0,0.0,0.0,0.0,0.0,0.0,0.0,0.0,0.0
0,0,1.0,0.0,0.0,0.0,0.0,0.0,0.0,0.0,0.0,0.0
0,0,1.0,0.0,0.0,0.0,0.0,0.0,0.0,0.0,0.0,0.0
0,0,1.0,0.0,0.0,0.0,0.0,0.0,0.0,0.0,0.0,0.0
0,0,1.0,0.0,0.0,0.0,0.0,0.0,0.0,0.0,0.0,0.0
0,0,1.0,0.0,0.0,0.0,0.0,0.0,0.0,0.0,0.0,0.0
0,0,1.0,0.0,0.0,0.0,0.0,0.0,0.0,0.0,0.0,0.0
0,0,1.0,0.0,0.0,0.0,0.0,0.0,0.0,0.0,0.0,0.0
0,0,1.0,0.0,0.0,0.0,0.0,0.0,0.0,0.0,0.0,0.0
0,0,1.0,0.0,0.0,0.0,0.0,0.0,0.0,0.0,0.0,0.0
0,0,1.0,0.0,0.0,0.0,0.0,0.0,0.0,0.0,0.0,0.0
0,0,1.0,0.0,0.0,0.0,0.0,0.0,0.0,0.0,0.0,0.0
0,0,1.0,0.0,0.0,0.0,0.0,0.0,0.0,0.0,0.0,0.0
0,0,1.0,0.0,0.0,0.0,0.0,0.0,0.0,0.0,0.0,0.0
0,0,1.0,0.0,0.0,0.0,0.0,0.0,0.0,0.0,0.0,0.0
0,0,1.0,0.0,0.0,0.0,0.0,0.0,0.0,0.0,0.0,0.0
0,0,1.0,0.0,0.0,0.0,0.0,0.0,0.0,0.0,0.0,0.0
0,0,1.0,0.0,0.0,0.0,0.0,0.0,0.0,0.0,0.0,0.0
0,0,1.0,0.0,0.0,0.0,0.0,0.0,0.0,0.0,0.0,0.0
0,0,1.0,0.0,0.0,0.0,0.0,0.0,0.0,0.0,0.0,0.0
0,0,1.0,0.0,0.0,0.0,0.0,0.0,0.0,0.0,0.0,0.0
0,0,1.0,0.0,0.0,0.0,0.0,0.0,0.0,0.0,0.0,0.0
0,0,1.0,0.0,0.0,0.0,0.0,0.0,0.0,0.0,0.0,0.0
0,0,1.0,0.0,0.0,0.0,0.0,0.0,0.0,0.0,0.0,0.0
0,0,1.0,0.0,0.0,0.0,0.0,0.0,0.0,0.0,0.0,0.0
0,0,1.0,0.0,0.0,0.0,0.0,0.0,0.0,0.0,0.0,0.0
0,0,1.0,0.0,0.0,0.0,0.0,0.0,0.0,0.0,0.0,0.0
0,0,1.0,0.0,0.0,0.0,0.0,0.0,0.0,0.0,0.0,0.0
0,0,1.0,0.0,0.0,0.0,0.0,0.0,0.0,0.0,0.0,0.0
0,0,1.0,0.0,0.0,0.0,0.0,0.0,0.0,0.0,0.0,0.0
0,0,1.0,0.0,0.0,0.0,0.0,0.0,0.0,0.0,0.0,0.0
0,0,1.0,0.0,0.0,0.0,0.0,0.0,0.0,0.0,0.0,0.0
0,0,1.0,0.0,0.0,0.0,0.0,0.0,0.0,0.0,0.0,0.0
0,0,1.0,0.0,0.0,0.0,0.0,0.0,0.0,0.0,0.0,0.0
0,0,1.0,0.0,0.0,0.0,0.0,0.0,0.0,0.0,0.0,0.0
0,0,1.0,0.0,0.0,0.0,0.0,0.0,0.0,0.0,0.0,0.0
0,0,1.0,0.0,0.0,0.0,0.0,0.0,0.0,0.0,0.0,0.0
0,0,1.0,0.0,0.0,0.0,0.0,0.0,0.0,0.0,0.0,0.0
0,0,1.0,0.0,0.0,0.0,0.0,0.0,0.0,0.0,0.0,0.0
0,0,1.0,0.0,0.0,0.0,0.0,0.0,0.0,0.0,0.0,0.0
0,0,1.0,0.0,0.0,0.0,0.0,0.0,0.0,0.0,0.0,0.0
0,0,1.0,0.0,0.0,0.0,0.0,0.0,0.0,0.0,0.0,0.0
0,0,1.0,0.0,0.0,0.0,0.0,0.0,0.0,0.0,0.0,0.0
0,0,1.0,0.0,0.0,0.0,0.0,0.0,0.0,0.0,0.0,0.0
0,0,1.0,0.0,0.0,0.0,0.0,0.0,0.0,0.0,0.0,0.0
0,0,1.0,0.0,0.0,0.0,0.0,0.0,0.0,0.0,0.0,0.0
0,0,1.0,0.0,0.0,0.0,0.0,0.0,0.0,0.0,0.0,0.0
0,0,1.0,0.0,0.0,0.0,0.0,0.0,0.0,0.0,0.0,0.0
0,0,1.0,0.0,0.0,0.0,0.0,0.0,0.0,0.0,0.0,0.0
0,0,1.0,0.0,0.0,0.0,0.0,0.0,0.0,0.0,0.0,0.0
0,0,1.0,0.0,0.0,0.0,0.0,0.0,0.0,0.0,0.0,0.0
0,0,1.0,0.0,0.0,0.0,0.0,0.0,0.0,0.0,0.0,0.0
0,0,1.0,0.0,0.0,0.0,0.0,0.0,0.0,0.0,0.0,0.0
0,0,1.0,0.0,0.0,0.0,0.0,0.0,0.0,0.0,0.0,0.0
0,0,1.0,0.0,0.0,0.0,0.0,0.0,0.0,0.0,0.0,0.0
0,0,1.0,0.0,0.0,0.0,0.0,0.0,0.0,0.0,0.0,0.0
0,0,1.0,0.0,0.0,0.0,0.0,0.0,0.0,0.0,0.0,0.0
0,0,1.0,0.0,0.0,0.0,0.0,0.0,0.0,0.0,0.0,0.0
0,0,1.0,0.0,0.0,0.0,0.0,0.0,0.0,0.0,0.0,0.0
0,0,1.0,0.0,0.0,0.0,0.0,0.0,0.0,0.0,0.0,0.0
0,0,1.0,0.0,0.0,0.0,0.0,0.0,0.0,0.0,0.0,0.0
0,0,1.0,0.0,0.0,0.0,0.0,0.0,0.0,0.0,0.0,0.0
0,0,1.0,0.0,0.0,0.0,0.0,0.0,0.0,0.0,0.0,0.0
0,0,1.0,0.0,0.0,0.0,0.0,0.0,0.0,0.0,0.0,0.0
0,0,1.0,0.0,0.0,0.0,0.0,0.0,0.0,0.0,0.0,0.0
0,0,1.0,0.0,0.0,0.0,0.0,0.0,0.0,0.0,0.0,0.0
0,0,1.0,0.0,0.0,0.0,0.0,0.0,0.0,0.0,0.0,0.0
0,0,1.0,0.0,0.0,0.0,0.0,0.0,0.0,0.0,0.0,0.0
0,0,1.0,0.0,0.0,0.0,0.0,0.0,0.0,0.0,0.0,0.0
0,0,1.0,0.0,0.0,0.0,0.0,0.0,0.0,0.0,0.0,0.0
0,0,1.0,0.0,0.0,0.0,0.0,0.0,0.0,0.0,0.0,0.0
0,0,1.0,0.0,0.0,0.0,0.0,0.0,0.0,0.0,0.0,0.0
0,0,1.0,0.0,0.0,0.0,0.0,0.0,0.0,0.0,0.0,0.0
0,0,1.0,0.0,0.0,0.0,0.0,0.0,0.0,0.0,0.0,0.0
0,0,1.0,0.0,0.0,0.0,0.0,0.0,0.0,0.0,0.0,0.0
0,0,1.0,0.0,0.0,0.0,0.0,0.0,0.0,0.0,0.0,0.0
0,0,1.0,0.0,0.0,0.0,0.0,0.0,0.0,0.0,0.0,0.0
0,0,1.0,0.0,0.0,0.0,0.0,0.0,0.0,0.0,0.0,0.0
0,0,1.0,0.0,0.0,0.0,0.0,0.0,0.0,0.0,0.0,0.0
0,0,1.0,0.0,0.0,0.0,0.0,0.0,0.0,0.0,0.0,0.0
0,0,1.0,0.0,0.0,0.0,0.0,0.0,0.0,0.0,0.0,0.0
0,0,1.0,0.0,0.0,0.0,0.0,0.0,0.0,0.0,0.0,0.0
0,0,1.0,0.0,0.0,0.0,0.0,0.0,0.0,0.0,0.0,0.0
0,0,1.0,0.0,0.0,0.0,0.0,0.0,0.0,0.0,0.0,0.0
0,0,1.0,0.0,0.0,0.0,0.0,0.0,0.0,0.0,0.0,0.0
0,0,1.0,0.0,0.0,0.0,0.0,0.0,0.0,0.0,0.0,0.0
0,0,1.0,0.0,0.0,0.0,0.0,0.0,0.0,0.0,0.0,0.0
0,0,1.0,0.0,0.0,0.0,0.0,0.0,0.0,0.0,0.0,0.0
0,0,1.0,0.0,0.0,0.0,0.0,0.0,0.0,0.0,0.0,0.0
0,0,1.0,0.0,0.0,0.0,0.0,0.0,0.0,0.0,0.0,0.0
0,0,1.0,0.0,0.0,0.0,0.0,0.0,0.0,0.0,0.0,0.0
0,0,1.0,0.0,0.0,0.0,0.0,0.0,0.0,0.0,0.0,0.0
0,0,1.0,0.0,0.0,0.0,0.0,0.0,0.0,0.0,0.0,0.0
0,0,1.0,0.0,0.0,0.0,0.0,0.0,0.0,0.0,0.0,0.0
0,0,1.0,0.0,0.0,0.0,0.0,0.0,0.0,0.0,0.0,0.0
0,0,1.0,0.0,0.0,0.0,0.0,0.0,0.0,0.0,0.0,0.0
0,0,1.0,0.0,0.0,0.0,0.0,0.0,0.0,0.0,0.0,0.0
0,0,1.0,0.0,0.0,0.0,0.0,0.0,0.0,0.0,0.0,0.0
0,0,1.0,0.0,0.0,0.0,0.0,0.0,0.0,0.0,0.0,0.0
0,0,1.0,0.0,0.0,0.0,0.0,0.0,0.0,0.0,0.0,0.0
0,0,1.0,0.0,0.0,0.0,0.0,0.0,0.0,0.0,0.0,0.0
0,0,1.0,0.0,0.0,0.0,0.0,0.0,0.0,0.0,0.0,0.0
0,0,1.0,0.0,0.0,0.0,0.0,0.0,0.0,0.0,0.0,0.0
0,0,1.0,0.0,0.0,0.0,0.0,0.0,0.0,0.0,0.0,0.0
0,0,1.0,0.0,0.0,0.0,0.0,0.0,0.0,0.0,0.0,0.0
0,0,1.0,0.0,0.0,0.0,0.0,0.0,0.0,0.0,0.0,0.0
0,0,1.0,0.0,0.0,0.0,0.0,0.0,0.0,0.0,0.0,0.0
0,0,1.0,0.0,0.0,0.0,0.0,0.0,0.0,0.0,0.0,0.0
0,0,1.0,0.0,0.0,0.0,0.0,0.0,0.0,0.0,0.0,0.0
0,0,1.0,0.0,0.0,0.0,0.0,0.0,0.0,0.0,0.0,0.0
0,0,1.0,0.0,0.0,0.0,0.0,0.0,0.0,0.0,0.0,0.0
0,0,1.0,0.0,0.0,0.0,0.0,0.0,0.0,0.0,0.0,0.0
0,0,1.0,0.0,0.0,0.0,0.0,0.0,0.0,0.0,0.0,0.0
0,0,1.0,0.0,0.0,0.0,0.0,0.0,0.0,0.0,0.0,0.0
0,0,1.0,0.0,0.0,0.0,0.0,0.0,0.0,0.0,0.0,0.0
0,0,1.0,0.0,0.0,0.0,0.0,0.0,0.0,0.0,0.0,0.0
0,0,1.0,0.0,0.0,0.0,0.0,0.0,0.0,0.0,0.0,0.0
0,0,1.0,0.0,0.0,0.0,0.0,0.0,0.0,0.0,0.0,0.0
0,0,1.0,0.0,0.0,0.0,0.0,0.0,0.0,0.0,0.0,0.0
0,0,1.0,0.0,0.0,0.0,0.0,0.0,0.0,0.0,0.0,0.0
0,0,1.0,0.0,0.0,0.0,0.0,0.0,0.0,0.0,0.0,0.0
0,0,1.0,0.0,0.0,0.0,0.0,0.0,0.0,0.0,0.0,0.0
0,0,1.0,0.0,0.0,0.0,0.0,0.0,0.0,0.0,0.0,0.0
0,0,1.0,0.0,0.0,0.0,0.0,0.0,0.0,0.0,0.0,0.0
0,0,1.0,0.0,0.0,0.0,0.0,0.0,0.0,0.0,0.0,0.0
0,0,1.0,0.0,0.0,0.0,0.0,0.0,0.0,0.0,0.0,0.0
0,0,1.0,0.0,0.0,0.0,0.0,0.0,0.0,0.0,0.0,0.0
0,0,1.0,0.0,0.0,0.0,0.0,0.0,0.0,0.0,0.0,0.0
0,0,1.0,0.0,0.0,0.0,0.0,0.0,0.0,0.0,0.0,0.0
0,0,1.0,0.0,0.0,0.0,0.0,0.0,0.0,0.0,0.0,0.0
0,0,1.0,0.0,0.0,0.0,0.0,0.0,0.0,0.0,0.0,0.0
0,0,1.0,0.0,0.0,0.0,0.0,0.0,0.0,0.0,0.0,0.0
0,0,1.0,0.0,0.0,0.0,0.0,0.0,0.0,0.0,0.0,0.0
0,0,1.0,0.0,0.0,0.0,0.0,0.0,0.0,0.0,0.0,0.0
0,0,1.0,0.0,0.0,0.0,0.0,0.0,0.0,0.0,0.0,0.0
0,0,1.0,0.0,0.0,0.0,0.0,0.0,0.0,0.0,0.0,0.0
0,0,1.0,0.0,0.0,0.0,0.0,0.0,0.0,0.0,0.0,0.0
0,0,1.0,0.0,0.0,0.0,0.0,0.0,0.0,0.0,0.0,0.0
0,0,1.0,0.0,0.0,0.0,0.0,0.0,0.0,0.0,0.0,0.0
0,0,1.0,0.0,0.0,0.0,0.0,0.0,0.0,0.0,0.0,0.0
0,0,1.0,0.0,0.0,0.0,0.0,0.0,0.0,0.0,0.0,0.0
0,0,1.0,0.0,0.0,0.0,0.0,0.0,0.0,0.0,0.0,0.0
0,0,1.0,0.0,0.0,0.0,0.0,0.0,0.0,0.0,0.0,0.0
0,0,1.0,0.0,0.0,0.0,0.0,0.0,0.0,0.0,0.0,0.0
0,0,1.0,0.0,0.0,0.0,0.0,0.0,0.0,0.0,0.0,0.0
0,0,1.0,0.0,0.0,0.0,0.0,0.0,0.0,0.0,0.0,0.0
0,0,1.0,0.0,0.0,0.0,0.0,0.0,0.0,0.0,0.0,0.0
0,0,1.0,0.0,0.0,0.0,0.0,0.0,0.0,0.0,0.0,0.0
0,0,1.0,0.0,0.0,0.0,0.0,0.0,0.0,0.0,0.0,0.0
0,0,1.0,0.0,0.0,0.0,0.0,0.0,0.0,0.0,0.0,0.0
0,0,1.0,0.0,0.0,0.0,0.0,0.0,0.0,0.0,0.0,0.0
0,0,1.0,0.0,0.0,0.0,0.0,0.0,0.0,0.0,0.0,0.0
0,0,1.0,0.0,0.0,0.0,0.0,0.0,0.0,0.0,0.0,0.0
0,0,1.0,0.0,0.0,0.0,0.0,0.0,0.0,0.0,0.0,0.0
0,0,1.0,0.0,0.0,0.0,0.0,0.0,0.0,0.0,0.0,0.0
0,0,1.0,0.0,0.0,0.0,0.0,0.0,0.0,0.0,0.0,0.0
0,0,1.0,0.0,0.0,0.0,0.0,0.0,0.0,0.0,0.0,0.0
0,0,1.0,0.0,0.0,0.0,0.0,0.0,0.0,0.0,0.0,0.0
0,0,1.0,0.0,0.0,0.0,0.0,0.0,0.0,0.0,0.0,0.0
0,0,1.0,0.0,0.0,0.0,0.0,0.0,0.0,0.0,0.0,0.0
0,0,1.0,0.0,0.0,0.0,0.0,0.0,0.0,0.0,0.0,0.0
0,0,1.0,0.0,0.0,0.0,0.0,0.0,0.0,0.0,0.0,0.0
0,0,1.0,0.0,0.0,0.0,0.0,0.0,0.0,0.0,0.0,0.0
0,0,1.0,0.0,0.0,0.0,0.0,0.0,0.0,0.0,0.0,0.0
0,0,1.0,0.0,0.0,0.0,0.0,0.0,0.0,0.0,0.0,0.0
0,0,1.0,0.0,0.0,0.0,0.0,0.0,0.0,0.0,0.0,0.0
0,0,1.0,0.0,0.0,0.0,0.0,0.0,0.0,0.0,0.0,0.0
0,0,1.0,0.0,0.0,0.0,0.0,0.0,0.0,0.0,0.0,0.0
0,0,1.0,0.0,0.0,0.0,0.0,0.0,0.0,0.0,0.0,0.0
0,0,1.0,0.0,0.0,0.0,0.0,0.0,0.0,0.0,0.0,0.0
0,0,1.0,0.0,0.0,0.0,0.0,0.0,0.0,0.0,0.0,0.0
0,0,1.0,0.0,0.0,0.0,0.0,0.0,0.0,0.0,0.0,0.0
0,0,1.0,0.0,0.0,0.0,0.0,0.0,0.0,0.0,0.0,0.0
0,0,1.0,0.0,0.0,0.0,0.0,0.0,0.0,0.0,0.0,0.0
0,0,1.0,0.0,0.0,0.0,0.0,0.0,0.0,0.0,0.0,0.0
0,0,1.0,0.0,0.0,0.0,0.0,0.0,0.0,0.0,0.0,0.0
0,0,1.0,0.0,0.0,0.0,0.0,0.0,0.0,0.0,0.0,0.0
0,0,1.0,0.0,0.0,0.0,0.0,0.0,0.0,0.0,0.0,0.0
0,0,1.0,0.0,0.0,0.0,0.0,0.0,0.0,0.0,0.0,0.0
0,0,1.0,0.0,0.0,0.0,0.0,0.0,0.0,0.0,0.0,0.0
0,0,1.0,0.0,0.0,0.0,0.0,0.0,0.0,0.0,0.0,0.0
0,0,1.0,0.0,0.0,0.0,0.0,0.0,0.0,0.0,0.0,0.0
0,0,1.0,0.0,0.0,0.0,0.0,0.0,0.0,0.0,0.0,0.0
0,0,1.0,0.0,0.0,0.0,0.0,0.0,0.0,0.0,0.0,0.0
0,0,1.0,0.0,0.0,0.0,0.0,0.0,0.0,0.0,0.0,0.0
0,0,1.0,0.0,0.0,0.0,0.0,0.0,0.0,0.0,0.0,0.0
0,0,1.0,0.0,0.0,0.0,0.0,0.0,0.0,0.0,0.0,0.0
0,0,1.0,0.0,0.0,0.0,0.0,0.0,0.0,0.0,0.0,0.0
0,0,1.0,0.0,0.0,0.0,0.0,0.0,0.0,0.0,0.0,0.0
0,0,1.0,0.0,0.0,0.0,0.0,0.0,0.0,0.0,0.0,0.0
0,0,1.0,0.0,0.0,0.0,0.0,0.0,0.0,0.0,0.0,0.0
0,0,1.0,0.0,0.0,0.0,0.0,0.0,0.0,0.0,0.0,0.0
0,0,1.0,0.0,0.0,0.0,0.0,0.0,0.0,0.0,0.0,0.0
0,0,1.0,0.0,0.0,0.0,0.0,0.0,0.0,0.0,0.0,0.0
0,0,1.0,0.0,0.0,0.0,0.0,0.0,0.0,0.0,0.0,0.0
0,0,1.0,0.0,0.0,0.0,0.0,0.0,0.0,0.0,0.0,0.0
0,0,1.0,0.0,0.0,0.0,0.0,0.0,0.0,0.0,0.0,0.0
0,0,1.0,0.0,0.0,0.0,0.0,0.0,0.0,0.0,0.0,0.0
0,0,1.0,0.0,0.0,0.0,0.0,0.0,0.0,0.0,0.0,0.0
0,0,1.0,0.0,0.0,0.0,0.0,0.0,0.0,0.0,0.0,0.0
0,0,1.0,0.0,0.0,0.0,0.0,0.0,0.0,0.0,0.0,0.0
0,0,1.0,0.0,0.0,0.0,0.0,0.0,0.0,0.0,0.0,0.0
0,0,1.0,0.0,0.0,0.0,0.0,0.0,0.0,0.0,0.0,0.0
0,0,1.0,0.0,0.0,0.0,0.0,0.0,0.0,0.0,0.0,0.0
0,0,1.0,0.0,0.0,0.0,0.0,0.0,0.0,0.0,0.0,0.0
0,0,1.0,0.0,0.0,0.0,0.0,0.0,0.0,0.0,0.0,0.0
0,0,1.0,0.0,0.0,0.0,0.0,0.0,0.0,0.0,0.0,0.0
0,0,1.0,0.0,0.0,0.0,0.0,0.0,0.0,0.0,0.0,0.0
0,0,1.0,0.0,0.0,0.0,0.0,0.0,0.0,0.0,0.0,0.0
0,0,1.0,0.0,0.0,0.0,0.0,0.0,0.0,0.0,0.0,0.0
0,0,1.0,0.0,0.0,0.0,0.0,0.0,0.0,0.0,0.0,0.0
0,0,1.0,0.0,0.0,0.0,0.0,0.0,0.0,0.0,0.0,0.0
0,0,1.0,0.0,0.0,0.0,0.0,0.0,0.0,0.0,0.0,0.0
0,0,1.0,0.0,0.0,0.0,0.0,0.0,0.0,0.0,0.0,0.0
0,0,1.0,0.0,0.0,0.0,0.0,0.0,0.0,0.0,0.0,0.0
0,0,1.0,0.0,0.0,0.0,0.0,0.0,0.0,0.0,0.0,0.0
0,0,1.0,0.0,0.0,0.0,0.0,0.0,0.0,0.0,0.0,0.0
0,0,1.0,0.0,0.0,0.0,0.0,0.0,0.0,0.0,0.0,0.0
0,0,1.0,0.0,0.0,0.0,0.0,0.0,0.0,0.0,0.0,0.0
0,0,1.0,0.0,0.0,0.0,0.0,0.0,0.0,0.0,0.0,0.0
0,0,1.0,0.0,0.0,0.0,0.0,0.0,0.0,0.0,0.0,0.0
0,0,1.0,0.0,0.0,0.0,0.0,0.0,0.0,0.0,0.0,0.0
0,0,1.0,0.0,0.0,0.0,0.0,0.0,0.0,0.0,0.0,0.0
0,0,1.0,0.0,0.0,0.0,0.0,0.0,0.0,0.0,0.0,0.0
0,0,1.0,0.0,0.0,0.0,0.0,0.0,0.0,0.0,0.0,0.0
0,0,1.0,0.0,0.0,0.0,0.0,0.0,0.0,0.0,0.0,0.0
0,0,1.0,0.0,0.0,0.0,0.0,0.0,0.0,0.0,0.0,0.0
0,0,1.0,0.0,0.0,0.0,0.0,0.0,0.0,0.0,0.0,0.0
0,0,1.0,0.0,0.0,0.0,0.0,0.0,0.0,0.0,0.0,0.0
0,0,1.0,0.0,0.0,0.0,0.0,0.0,0.0,0.0,0.0,0.0
0,0,1.0,0.0,0.0,0.0,0.0,0.0,0.0,0.0,0.0,0.0
0,0,1.0,0.0,0.0,0.0,0.0,0.0,0.0,0.0,0.0,0.0
0,0,1.0,0.0,0.0,0.0,0.0,0.0,0.0,0.0,0.0,0.0
0,0,1.0,0.0,0.0,0.0,0.0,0.0,0.0,0.0,0.0,0.0
0,0,1.0,0.0,0.0,0.0,0.0,0.0,0.0,0.0,0.0,0.0
0,0,1.0,0.0,0.0,0.0,0.0,0.0,0.0,0.0,0.0,0.0
0,0,1.0,0.0,0.0,0.0,0.0,0.0,0.0,0.0,0.0,0.0
0,0,1.0,0.0,0.0,0.0,0.0,0.0,0.0,0.0,0.0,0.0
0,0,1.0,0.0,0.0,0.0,0.0,0.0,0.0,0.0,0.0,0.0
0,0,1.0,0.0,0.0,0.0,0.0,0.0,0.0,0.0,0.0,0.0
0,0,1.0,0.0,0.0,0.0,0.0,0.0,0.0,0.0,0.0,0.0
0,0,1.0,0.0,0.0,0.0,0.0,0.0,0.0,0.0,0.0,0.0
0,0,1.0,0.0,0.0,0.0,0.0,0.0,0.0,0.0,0.0,0.0
0,0,1.0,0.0,0.0,0.0,0.0,0.0,0.0,0.0,0.0,0.0
0,0,1.0,0.0,0.0,0.0,0.0,0.0,0.0,0.0,0.0,0.0
0,0,1.0,0.0,0.0,0.0,0.0,0.0,0.0,0.0,0.0,0.0
0,0,1.0,0.0,0.0,0.0,0.0,0.0,0.0,0.0,0.0,0.0
0,0,1.0,0.0,0.0,0.0,0.0,0.0,0.0,0.0,0.0,0.0
0,0,1.0,0.0,0.0,0.0,0.0,0.0,0.0,0.0,0.0,0.0
0,0,1.0,0.0,0.0,0.0,0.0,0.0,0.0,0.0,0.0,0.0
0,0,1.0,0.0,0.0,0.0,0.0,0.0,0.0,0.0,0.0,0.0
0,0,1.0,0.0,0.0,0.0,0.0,0.0,0.0,0.0,0.0,0.0
0,0,1.0,0.0,0.0,0.0,0.0,0.0,0.0,0.0,0.0,0.0
0,0,1.0,0.0,0.0,0.0,0.0,0.0,0.0,0.0,0.0,0.0
0,0,1.0,0.0,0.0,0.0,0.0,0.0,0.0,0.0,0.0,0.0
0,0,1.0,0.0,0.0,0.0,0.0,0.0,0.0,0.0,0.0,0.0
0,0,1.0,0.0,0.0,0.0,0.0,0.0,0.0,0.0,0.0,0.0
0,0,1.0,0.0,0.0,0.0,0.0,0.0,0.0,0.0,0.0,0.0
0,0,1.0,0.0,0.0,0.0,0.0,0.0,0.0,0.0,0.0,0.0
0,0,1.0,0.0,0.0,0.0,0.0,0.0,0.0,0.0,0.0,0.0
0,0,1.0,0.0,0.0,0.0,0.0,0.0,0.0,0.0,0.0,0.0
0,0,1.0,0.0,0.0,0.0,0.0,0.0,0.0,0.0,0.0,0.0
0,0,1.0,0.0,0.0,0.0,0.0,0.0,0.0,0.0,0.0,0.0
0,0,1.0,0.0,0.0,0.0,0.0,0.0,0.0,0.0,0.0,0.0
0,0,1.0,0.0,0.0,0.0,0.0,0.0,0.0,0.0,0.0,0.0
0,0,1.0,0.0,0.0,0.0,0.0,0.0,0.0,0.0,0.0,0.0
0,0,1.0,0.0,0.0,0.0,0.0,0.0,0.0,0.0,0.0,0.0
0,0,1.0,0.0,0.0,0.0,0.0,0.0,0.0,0.0,0.0,0.0
0,0,1.0,0.0,0.0,0.0,0.0,0.0,0.0,0.0,0.0,0.0
0,0,1.0,0.0,0.0,0.0,0.0,0.0,0.0,0.0,0.0,0.0
0,0,1.0,0.0,0.0,0.0,0.0,0.0,0.0,0.0,0.0,0.0
0,0,1.0,0.0,0.0,0.0,0.0,0.0,0.0,0.0,0.0,0.0
0,0,1.0,0.0,0.0,0.0,0.0,0.0,0.0,0.0,0.0,0.0
0,0,1.0,0.0,0.0,0.0,0.0,0.0,0.0,0.0,0.0,0.0
0,0,1.0,0.0,0.0,0.0,0.0,0.0,0.0,0.0,0.0,0.0
0,0,1.0,0.0,0.0,0.0,0.0,0.0,0.0,0.0,0.0,0.0
0,0,1.0,0.0,0.0,0.0,0.0,0.0,0.0,0.0,0.0,0.0
0,0,1.0,0.0,0.0,0.0,0.0,0.0,0.0,0.0,0.0,0.0
0,0,1.0,0.0,0.0,0.0,0.0,0.0,0.0,0.0,0.0,0.0
0,0,1.0,0.0,0.0,0.0,0.0,0.0,0.0,0.0,0.0,0.0
0,0,1.0,0.0,0.0,0.0,0.0,0.0,0.0,0.0,0.0,0.0
0,0,1.0,0.0,0.0,0.0,0.0,0.0,0.0,0.0,0.0,0.0
0,0,1.0,0.0,0.0,0.0,0.0,0.0,0.0,0.0,0.0,0.0
0,0,1.0,0.0,0.0,0.0,0.0,0.0,0.0,0.0,0.0,0.0
0,0,1.0,0.0,0.0,0.0,0.0,0.0,0.0,0.0,0.0,0.0
0,0,1.0,0.0,0.0,0.0,0.0,0.0,0.0,0.0,0.0,0.0
0,0,1.0,0.0,0.0,0.0,0.0,0.0,0.0,0.0,0.0,0.0
0,0,1.0,0.0,0.0,0.0,0.0,0.0,0.0,0.0,0.0,0.0
0,0,1.0,0.0,0.0,0.0,0.0,0.0,0.0,0.0,0.0,0.0
0,0,1.0,0.0,0.0,0.0,0.0,0.0,0.0,0.0,0.0,0.0
0,0,1.0,0.0,0.0,0.0,0.0,0.0,0.0,0.0,0.0,0.0
0,0,1.0,0.0,0.0,0.0,0.0,0.0,0.0,0.0,0.0,0.0
0,0,1.0,0.0,0.0,0.0,0.0,0.0,0.0,0.0,0.0,0.0
0,0,1.0,0.0,0.0,0.0,0.0,0.0,0.0,0.0,0.0,0.0
0,0,1.0,0.0,0.0,0.0,0.0,0.0,0.0,0.0,0.0,0.0
0,0,1.0,0.0,0.0,0.0,0.0,0.0,0.0,0.0,0.0,0.0
0,0,1.0,0.0,0.0,0.0,0.0,0.0,0.0,0.0,0.0,0.0
0,0,1.0,0.0,0.0,0.0,0.0,0.0,0.0,0.0,0.0,0.0
0,0,1.0,0.0,0.0,0.0,0.0,0.0,0.0,0.0,0.0,0.0
0,0,1.0,0.0,0.0,0.0,0.0,0.0,0.0,0.0,0.0,0.0
0,0,1.0,0.0,0.0,0.0,0.0,0.0,0.0,0.0,0.0,0.0
0,0,1.0,0.0,0.0,0.0,0.0,0.0,0.0,0.0,0.0,0.0
0,0,1.0,0.0,0.0,0.0,0.0,0.0,0.0,0.0,0.0,0.0
0,0,1.0,0.0,0.0,0.0,0.0,0.0,0.0,0.0,0.0,0.0
0,0,1.0,0.0,0.0,0.0,0.0,0.0,0.0,0.0,0.0,0.0
0,0,1.0,0.0,0.0,0.0,0.0,0.0,0.0,0.0,0.0,0.0
0,0,1.0,0.0,0.0,0.0,0.0,0.0,0.0,0.0,0.0,0.0
0,0,1.0,0.0,0.0,0.0,0.0,0.0,0.0,0.0,0.0,0.0
0,0,1.0,0.0,0.0,0.0,0.0,0.0,0.0,0.0,0.0,0.0
0,0,1.0,0.0,0.0,0.0,0.0,0.0,0.0,0.0,0.0,0.0
0,0,1.0,0.0,0.0,0.0,0.0,0.0,0.0,0.0,0.0,0.0
0,0,1.0,0.0,0.0,0.0,0.0,0.0,0.0,0.0,0.0,0.0
0,0,1.0,0.0,0.0,0.0,0.0,0.0,0.0,0.0,0.0,0.0
0,0,1.0,0.0,0.0,0.0,0.0,0.0,0.0,0.0,0.0,0.0
0,0,1.0,0.0,0.0,0.0,0.0,0.0,0.0,0.0,0.0,0.0
0,0,1.0,0.0,0.0,0.0,0.0,0.0,0.0,0.0,0.0,0.0
0,0,1.0,0.0,0.0,0.0,0.0,0.0,0.0,0.0,0.0,0.0
0,0,1.0,0.0,0.0,0.0,0.0,0.0,0.0,0.0,0.0,0.0
0,0,1.0,0.0,0.0,0.0,0.0,0.0,0.0,0.0,0.0,0.0
0,0,1.0,0.0,0.0,0.0,0.0,0.0,0.0,0.0,0.0,0.0
0,0,0.9365796,0.0634204,0.0,0.0,0.0,0.0,0.0,0.0,0.0,0.0
0,0,0.9365796,0.0634204,0.0,0.0,0.0,0.0,0.0,0.0,0.0,0.0
0,0,0.9365796,0.0634204,0.0,0.0,0.0,0.0,0.0,0.0,0.0,0.0
0,0,0.9365796,0.0634204,0.0,0.0,0.0,0.0,0.0,0.0,0.0,0.0
0,0,0.9365796,0.0634204,0.0,0.0,0.0,0.0,0.0,0.0,0.0,0.0
0,0,0.9365796,0.0634204,0.0,0.0,0.0,0.0,0.0,0.0,0.0,0.0
0,0,0.80176526,0.1982347,0.0,0.0,0.0,0.0,0.0,0.0,0.0,0.0
0,0,0.80176526,0.1982347,0.0,0.0,0.0,0.0,0.0,0.0,0.0,0.0
0,0,0.80176526,0.1982347,0.0,0.0,0.0,0.0,0.0,0.0,0.0,0.0
0,0,0.80176526,0.1982347,0.0,0.0,0.0,0.0,0.0,0.0,0.0,0.0
0,0,0.80176526,0.1982347,0.0,0.0,0.0,0.0,0.0,0.0,0.0,0.0
0,0,0.80176526,0.1982347,0.0,0.0,0.0,0.0,0.0,0.0,0.0,0.0
0,0,0.80176526,0.1982347,0.0,0.0,0.0,0.0,0.0,0.0,0.0,0.0
0,0,0.80176526,0.1982347,0.0,0.0,0.0,0.0,0.0,0.0,0.0,0.0
0,0,0.80176526,0.1982347,0.0,0.0,0.0,0.0,0.0,0.0,0.0,0.0
0,0,0.80176526,0.1982347,0.0,0.0,0.0,0.0,0.0,0.0,0.0,0.0
0,0,0.80176526,0.1982347,0.0,0.0,0.0,0.0,0.0,0.0,0.0,0.0
0,0,0.80176526,0.1982347,0.0,0.0,0.0,0.0,0.0,0.0,0.0,0.0
0,0,0.80176526,0.1982347,0.0,0.0,0.0,0.0,0.0,0.0,0.0,0.0
0,0,0.80176526,0.1982347,0.0,0.0,0.0,0.0,0.0,0.0,0.0,0.0
0,0,0.80176526,0.1982347,0.0,0.0,0.0,0.0,0.0,0.0,0.0,0.0
0,0,0.80176526,0.1982347,0.0,0.0,0.0,0.0,0.0,0.0,0.0,0.0
0,0,0.80176526,0.1982347,0.0,0.0,0.0,0.0,0.0,0.0,0.0,0.0
0,0,0.80176526,0.1982347,0.0,0.0,0.0,0.0,0.0,0.0,0.0,0.0
0,0,0.80176526,0.1982347,0.0,0.0,0.0,0.0,0.0,0.0,0.0,0.0
0,0,0.80176526,0.1982347,0.0,0.0,0.0,0.0,0.0,0.0,0.0,0.0
0,0,0.80176526,0.1982347,0.0,0.0,0.0,0.0,0.0,0.0,0.0,0.0
0,0,0.80176526,0.1982347,0.0,0.0,0.0,0.0,0.0,0.0,0.0,0.0
0,0,0.80176526,0.1982347,0.0,0.0,0.0,0.0,0.0,0.0,0.0,0.0
0,0,0.80176526,0.1982347,0.0,0.0,0.0,0.0,0.0,0.0,0.0,0.0
0,0,0.80176526,0.1982347,0.0,0.0,0.0,0.0,0.0,0.0,0.0,0.0
0,0,0.80176526,0.1982347,0.0,0.0,0.0,0.0,0.0,0.0,0.0,0.0
0,0,0.80176526,0.1982347,0.0,0.0,0.0,0.0,0.0,0.0,0.0,0.0
0,0,0.80176526,0.1982347,0.0,0.0,0.0,0.0,0.0,0.0,0.0,0.0
0,0,0.80176526,0.1982347,0.0,0.0,0.0,0.0,0.0,0.0,0.0,0.0
0,0,0.80176526,0.1982347,0.0,0.0,0.0,0.0,0.0,0.0,0.0,0.0
0,0,0.80176526,0.1982347,0.0,0.0,0.0,0.0,0.0,0.0,0.0,0.0
0,0,0.80176526,0.1982347,0.0,0.0,0.0,0.0,0.0,0.0,0.0,0.0
0,0,0.80176526,0.1982347,0.0,0.0,0.0,0.0,0.0,0.0,0.0,0.0
0,0,0.80176526,0.1982347,0.0,0.0,0.0,0.0,0.0,0.0,0.0,0.0
0,0,0.80176526,0.1982347,0.0,0.0,0.0,0.0,0.0,0.0,0.0,0.0
0,0,0.80176526,0.1982347,0.0,0.0,0.0,0.0,0.0,0.0,0.0,0.0
0,0,0.80176526,0.1982347,0.0,0.0,0.0,0.0,0.0,0.0,0.0,0.0
0,0,0.80176526,0.1982347,0.0,0.0,0.0,0.0,0.0,0.0,0.0,0.0
1,0,0.80176526,0.1982347,0.0,0.0,0.0,0.0,0.0,0.0,0.0,0.0
1,0,0.80176526,0.1982347,0.0,0.0,0.0,0.0,0.0,0.0,0.0,0.0
1,0,0.80176526,0.1982347,0.0,0.0,0.0,0.0,0.0,0.0,0.0,0.0
1,0,0.80176526,0.1982347,0.0,0.0,0.0,0.0,0.0,0.0,0.0,0.0
1,0,0.80176526,0.1982347,0.0,0.0,0.0,0.0,0.0,0.0,0.0,0.0
1,0,0.80176526,0.1982347,0.0,0.0,0.0,0.0,0.0,0.0,0.0,0.0
1,0,0.80176526,0.1982347,0.0,0.0,0.0,0.0,0.0,0.0,0.0,0.0
1,0,0.80176526,0.1982347,0.0,0.0,0.0,0.0,0.0,0.0,0.0,0.0
1,0,0.80176526,0.1982347,0.0,0.0,0.0,0.0,0.0,0.0,0.0,0.0
1,0,0.80176526,0.1982347,0.0,0.0,0.0,0.0,0.0,0.0,0.0,0.0
1,0,0.68011713,0.31988287,0.0,0.0,0.0,0.0,0.0,0.0,0.0,0.0
1,0,0.68011713,0.31988287,0.0,0.0,0.0,0.0,0.0,0.0,0.0,0.0
1,0,0.68011713,0.31988287,0.0,0.0,0.0,0.0,0.0,0.0,0.0,0.0
1,0,0.68011713,0.31988287,0.0,0.0,0.0,0.0,0.0,0.0,0.0,0.0
1,0,0.68011713,0.31988287,0.0,0.0,0.0,0.0,0.0,0.0,0.0,0.0
1,0,0.68011713,0.31988287,0.0,0.0,0.0,0.0,0.0,0.0,0.0,0.0
1,0,0.68011713,0.31988287,0.0,0.0,0.0,0.0,0.0,0.0,0.0,0.0
1,0,0.68011713,0.31988287,0.0,0.0,0.0,0.0,0.0,0.0,0.0,0.0
1,0,0.68011713,0.31988287,0.0,0.0,0.0,0.0,0.0,0.0,0.0,0.0
1,0,0.68011713,0.31988287,0.0,0.0,0.0,0.0,0.0,0.0,0.0,0.0
1,0,0.68011713,0.31988287,0.0,0.0,0.0,0.0,0.0,0.0,0.0,0.0
1,0,0.68011713,0.31988287,0.0,0.0,0.0,0.0,0.0,0.0,0.0,0.0
1,0,0.68011713,0.31988287,0.0,0.0,0.0,0.0,0.0,0.0,0.0,0.0
1,0,0.68011713,0.31988287,0.0,0.0,0.0,0.0,0.0,0.0,0.0,0.0
1,0,0.68011713,0.31988287,0.0,0.0,0.0,0.0,0.0,0.0,0.0,0.0
1,0,0.68011713,0.31988287,0.0,0.0,0.0,0.0,0.0,0.0,0.0,0.0
1,0,0.68011713,0.31988287,0.0,0.0,0.0,0.0,0.0,0.0,0.0,0.0
1,0,0.68011713,0.31988287,0.0,0.0,0.0,0.0,0.0,0.0,0.0,0.0
1,0,0.6142807,0.31988287,0.06583642,0.0,0.0,0.0,0.0,0.0,0.0,0.0
1,0,0.6142807,0.31988287,0.06583642,0.0,0.0,0.0,0.0,0.0,0.0,0.0
1,0,0.6142807,0.31988287,0.06583642,0.0,0.0,0.0,0.0,0.0,0.0,0.0
1,0,0.6142807,0.31988287,0.06583642,0.0,0.0,0.0,0.0,0.0,0.0,0.0
1,0,0.6142807,0.31988287,0.06583642,0.0,0.0,0.0,0.0,0.0,0.0,0.0
1,0,0.6142807,0.31988287,0.06583642,0.0,0.0,0.0,0.0,0.0,0.0,0.0
1,0,0.6142807,0.31988287,0.06583642,0.0,0.0,0.0,0.0,0.0,0.0,0.0
1,0,0.6142807,0.31988287,0.06583642,0.0,0.0,0.0,0.0,0.0,0.0,0.0
1,0,0.55185866,0.38230488,0.06583642,0.0,0.0,0.0,0.0,0.0,0.0,0.0
1,0,0.55185866,0.38230488,0.06583642,0.0,0.0,0.0,0.0,0.0,0.0,0.0
1,0,0.49166632,0.38230488,0.12602878,0.0,0.0,0.0,0.0,0.0,0.0,0.0
1,0,0.49166632,0.38230488,0.12602878,0.0,0.0,0.0,0.0,0.0,0.0,0.0
1,0,0.49166632,0.38230488,0.12602878,0.0,0.0,0.0,0.0,0.0,0.0,0.0
1,0,0.49166632,0.38230488,0.12602878,0.0,0.0,0.0,0.0,0.0,0.0,0.0
1,0,0.49166632,0.38230488,0.12602878,0.0,0.0,0.0,0.0,0.0,0.0,0.0
1,0,0.49166632,0.38230488,0.12602878,0.0,0.0,0.0,0.0,0.0,0.0,0.0
1,0,0.49166632,0.38230488,0.12602878,0.0,0.0,0.0,0.0,0.0,0.0,0.0
1,0,0.49166632,0.38230488,0.12602878,0.0,0.0,0.0,0.0,0.0,0.0,0.0
1,0,0.49166632,0.38230488,0.12602878,0.0,0.0,0.0,0.0,0.0,0.0,0.0
1,0,0.49166632,0.38230488,0.12602878,0.0,0.0,0.0,0.0,0.0,0.0,0.0
1,0,0.49166632,0.38230488,0.12602878,0.0,0.0,0.0,0.0,0.0,0.0,0.0
1,0,0.49166632,0.38230488,0.12602878,0.0,0.0,0.0,0.0,0.0,0.0,0.0
1,0,0.49166632,0.38230488,0.12602878,0.0,0.0,0.0,0.0,0.0,0.0,0.0
1,0,0.49166632,0.38230488,0.12602878,0.0,0.0,0.0,0.0,0.0,0.0,0.0
1,0,0.49166632,0.38230488,0.12602878,0.0,0.0,0.0,0.0,0.0,0.0,0.0
1,0,0.49166632,0.38230488,0.12602878,0.0,0.0,0.0,0.0,0.0,0.0,0.0
1,0,0.49166632,0.38230488,0.12602878,0.0,0.0,0.0,0.0,0.0,0.0,0.0
1,0,0.49166632,0.38230488,0.12602878,0.0,0.0,0.0,0.0,0.0,0.0,0.0
1,0,0.49166632,0.38230488,0.12602878,0.0,0.0,0.0,0.0,0.0,0.0,0.0
1,0,0.49166632,0.38230488,0.12602878,0.0,0.0,0.0,0.0,0.0,0.0,0.0
1,0,0.43260747,0.3198829,0.24750969,0.0,0.0,0.0,0.0,0.0,0.0,0.0
1,0,0.43260747,0.3198829,0.24750969,0.0,0.0,0.0,0.0,0.0,0.0,0.0
1,0,0.43260747,0.3198829,0.24750969,0.0,0.0,0.0,0.0,0.0,0.0,0.0
1,0,0.43260747,0.3198829,0.24750969,0.0,0.0,0.0,0.0,0.0,0.0,0.0
1,0,0.43260747,0.3198829,0.24750969,0.0,0.0,0.0,0.0,0.0,0.0,0.0
1,0,0.43260747,0.3198829,0.24750969,0.0,0.0,0.0,0.0,0.0,0.0,0.0
1,0,0.43260747,0.3198829,0.24750969,0.0,0.0,0.0,0.0,0.0,0.0,0.0
1,0,0.43260747,0.3198829,0.24750969,0.0,0.0,0.0,0.0,0.0,0.0,0.0
1,0,0.43260747,0.3198829,0.24750969,0.0,0.0,0.0,0.0,0.0,0.0,0.0
1,0,0.43260747,0.3198829,0.24750969,0.0,0.0,0.0,0.0,0.0,0.0,0.0
1,0,0.43260747,0.3198829,0.24750969,0.0,0.0,0.0,0.0,0.0,0.0,0.0
1,0,0.43260747,0.3198829,0.24750969,0.0,0.0,0.0,0.0,0.0,0.0,0.0
1,0,0.43260747,0.3198829,0.24750969,0.0,0.0,0.0,0.0,0.0,0.0,0.0
1,0,0.43260747,0.3198829,0.24750969,0.0,0.0,0.0,0.0,0.0,0.0,0.0
1,0,0.43260747,0.3198829,0.24750969,0.0,0.0,0.0,0.0,0.0,0.0,0.0
1,0,0.43260747,0.3198829,0.24750969,0.0,0.0,0.0,0.0,0.0,0.0,0.0
1,0,0.43260747,0.3198829,0.24750969,0.0,0.0,0.0,0.0,0.0,0.0,0.0
1,0,0.43260747,0.3198829,0.24750969,0.0,0.0,0.0,0.0,0.0,0.0,0.0
1,0,0.43260747,0.3198829,0.24750969,0.0,0.0,0.0,0.0,0.0,0.0,0.0
1,0,0.43260747,0.3198829,0.24750969,0.0,0.0,0.0,0.0,0.0,0.0,0.0
1,0,0.43260747,0.3198829,0.24750969,0.0,0.0,0.0,0.0,0.0,0.0,0.0
1,0,0.43260747,0.3198829,0.24750969,0.0,0.0,0.0,0.0,0.0,0.0,0.0
1,0,0.43260747,0.3198829,0.24750969,0.0,0.0,0.0,0.0,0.0,0.0,0.0
1,0,0.43260747,0.3198829,0.24750969,0.0,0.0,0.0,0.0,0.0,0.0,0.0
1,0,0.31235096,0.31988287,0.3677662,0.0,0.0,0.0,0.0,0.0,0.0,0.0
1,0,0.31235096,0.31988287,0.3677662,0.0,0.0,0.0,0.0,0.0,0.0,0.0
1,0,0.31235096,0.31988287,0.3677662,0.0,0.0,0.0,0.0,0.0,0.0,0.0
1,0,0.31235096,0.31988287,0.3677662,0.0,0.0,0.0,0.0,0.0,0.0,0.0
1,0,0.31235096,0.31988287,0.3677662,0.0,0.0,0.0,0.0,0.0,0.0,0.0
1,0,0.31235096,0.31988287,0.3677662,0.0,0.0,0.0,0.0,0.0,0.0,0.0
1,0,0.31235096,0.31988287,0.3677662,0.0,0.0,0.0,0.0,0.0,0.0,0.0
1,0,0.31235096,0.31988287,0.3677662,0.0,0.0,0.0,0.0,0.0,0.0,0.0
1,0,0.31235096,0.31988287,0.3677662,0.0,0.0,0.0,0.0,0.0,0.0,0.0
1,0,0.31235096,0.31988287,0.3677662,0.0,0.0,0.0,0.0,0.0,0.0,0.0
1,0,0.31235096,0.31988287,0.3677662,0.0,0.0,0.0,0.0,0.0,0.0,0.0
1,0,0.31235096,0.31988287,0.3677662,0.0,0.0,0.0,0.0,0.0,0.0,0.0
1,1,0.24343951,0.38879427,0.3677662,0.0,0.0,0.0,0.0,0.0,0.0,0.0
1,1,0.24343951,0.38879427,0.3677662,0.0,0.0,0.0,0.0,0.0,0.0,0.0
1,1,0.24343951,0.38879427,0.3677662,0.0,0.0,0.0,0.0,0.0,0.0,0.0
1,1,0.24343951,0.38879427,0.3677662,0.0,0.0,0.0,0.0,0.0,0.0,0.0
1,1,0.24343951,0.38879427,0.3677662,0.0,0.0,0.0,0.0,0.0,0.0,0.0
1,1,0.24343951,0.38879427,0.3677662,0.0,0.0,0.0,0.0,0.0,0.0,0.0
1,1,0.24343951,0.38879427,0.3677662,0.0,0.0,0.0,0.0,0.0,0.0,0.0
1,1,0.24343951,0.38879427,0.3677662,0.0,0.0,0.0,0.0,0.0,0.0,0.0
1,1,0.24343951,0.38879427,0.3677662,0.0,0.0,0.0,0.0,0.0,0.0,0.0
1,1,0.24343951,0.38879427,0.3677662,0.0,0.0,0.0,0.0,0.0,0.0,0.0
1,1,0.24343951,0.38879427,0.3677662,0.0,0.0,0.0,0.0,0.0,0.0,0.0
1,1,0.24343951,0.38879427,0.3677662,0.0,0.0,0.0,0.0,0.0,0.0,0.0
1,1,0.24343951,0.38879427,0.3677662,0.0,0.0,0.0,0.0,0.0,0.0,0.0
1,1,0.24343951,0.38879427,0.3677662,0.0,0.0,0.0,0.0,0.0,0.0,0.0
1,1,0.24343951,0.38879427,0.3677662,0.0,0.0,0.0,0.0,0.0,0.0,0.0
1,1,0.24343951,0.38879427,0.3677662,0.0,0.0,0.0,0.0,0.0,0.0,0.0
1,1,0.24343951,0.38879427,0.3677662,0.0,0.0,0.0,0.0,0.0,0.0,0.0
1,1,0.24343951,0.38879427,0.3677662,0.0,0.0,0.0,0.0,0.0,0.0,0.0
1,1,0.24343951,0.38879427,0.3677662,0.0,0.0,0.0,0.0,0.0,0.0,0.0
1,1,0.24343951,0.38879427,0.3677662,0.0,0.0,0.0,0.0,0.0,0.0,0.0
1,1,0.24343951,0.38879427,0.3677662,0.0,0.0,0.0,0.0,0.0,0.0,0.0
1,1,0.24343951,0.38879427,0.3677662,0.0,0.0,0.0,0.0,0.0,0.0,0.0
1,1,0.24343951,0.38879427,0.3677662,0.0,0.0,0.0,0.0,0.0,0.0,0.0
1,1,0.24343951,0.38879427,0.3677662,0.0,0.0,0.0,0.0,0.0,0.0,0.0
1,1,0.24343951,0.38879427,0.3677662,0.0,0.0,0.0,0.0,0.0,0.0,0.0
1,1,0.24343951,0.38879427,0.3677662,0.0,0.0,0.0,0.0,0.0,0.0,0.0
1,1,0.24343951,0.38879427,0.3677662,0.0,0.0,0.0,0.0,0.0,0.0,0.0
1,1,0.24343951,0.38879427,0.3677662,0.0,0.0,0.0,0.0,0.0,0.0,0.0
1,2,0.12272594,0.25397998,0.62329406,0.0,0.0,0.0,0.0,0.0,0.0,0.0
1,2,0.12272594,0.25397998,0.62329406,0.0,0.0,0.0,0.0,0.0,0.0,0.0
1,2,0.12272594,0.25397998,0.62329406,0.0,0.0,0.0,0.0,0.0,0.0,0.0
1,2,0.12272594,0.25397998,0.62329406,0.0,0.0,0.0,0.0,0.0,0.0,0.0
1,2,0.12272594,0.25397998,0.62329406,0.0,0.0,0.0,0.0,0.0,0.0,0.0
1,2,0.12272594,0.25397998,0.62329406,0.0,0.0,0.0,0.0,0.0,0.0,0.0
1,2,0.12272594,0.25397998,0.62329406,0.0,0.0,0.0,0.0,0.0,0.0,0.0
1,2,0.12272594,0.25397998,0.62329406,0.0,0.0,0.0,0.0,0.0,0.0,0.0
1,2,0.12272594,0.25397998,0.62329406,0.0,0.0,0.0,0.0,0.0,0.0,0.0
1,2,0.12272594,0.25397998,0.62329406,0.0,0.0,0.0,0.0,0.0,0.0,0.0
1,2,0.12272594,0.25397998,0.62329406,0.0,0.0,0.0,0.0,0.0,0.0,0.0
1,2,0.12272594,0.25397998,0.62329406,0.0,0.0,0.0,0.0,0.0,0.0,0.0
1,2,0.12272594,0.25397998,0.62329406,0.0,0.0,0.0,0.0,0.0,0.0,0.0
1,2,0.12272594,0.25397998,0.62329406,0.0,0.0,0.0,0.0,0.0,0.0,0.0
1,2,0.12272594,0.18506856,0.6922055,0.0,0.0,0.0,0.0,0.0,0.0,0.0
1,2,0.12272594,0.18506856,0.6922055,0.0,0.0,0.0,0.0,0.0,0.0,0.0
1,2,0.12272594,0.18506856,0.6922055,0.0,0.0,0.0,0.0,0.0,0.0,0.0
1,2,0.12272594,0.18506856,0.6922055,0.0,0.0,0.0,0.0,0.0,0.0,0.0
1,2,0.12272594,0.18506856,0.6922055,0.0,0.0,0.0,0.0,0.0,0.0,0.0
1,2,0.12272594,0.18506856,0.6922055,0.0,0.0,0.0,0.0,0.0,0.0,0.0
1,2,0.12272594,0.18506856,0.6922055,0.0,0.0,0.0,0.0,0.0,0.0,0.0
1,2,0.12272594,0.18506856,0.6922055,0.0,0.0,0.0,0.0,0.0,0.0,0.0
1,2,0.12272594,0.18506856,0.6922055,0.0,0.0,0.0,0.0,0.0,0.0,0.0
1,2,0.12272594,0.18506856,0.6922055,0.0,0.0,0.0,0.0,0.0,0.0,0.0
1,2,0.12272594,0.18506856,0.6922055,0.0,0.0,0.0,0.0,0.0,0.0,0.0
1,2,0.12272594,0.18506856,0.6922055,0.0,0.0,0.0,0.0,0.0,0.0,0.0
1,2,0.12272594,0.18506856,0.6922055,0.0,0.0,0.0,0.0,0.0,0.0,0.0
1,2,0.12272594,0.18506856,0.6922055,0.0,0.0,0.0,0.0,0.0,0.0,0.0
1,2,0.12272594,0.18506856,0.6922055,0.0,0.0,0.0,0.0,0.0,0.0,0.0
1,2,0.12272594,0.18506856,0.6922055,0.0,0.0,0.0,0.0,0.0,0.0,0.0
1,2,0.12272594,0.18506856,0.6922055,0.0,0.0,0.0,0.0,0.0,0.0,0.0
1,2,0.12272594,0.18506856,0.6922055,0.0,0.0,0.0,0.0,0.0,0.0,0.0
1,2,0.12272594,0.123471856,0.7538022,0.0,0.0,0.0,0.0,0.0,0.0,0.0
1,2,0.12272594,0.123471856,0.7538022,0.0,0.0,0.0,0.0,0.0,0.0,0.0
1,2,0.12272594,0.123471856,0.7538022,0.0,0.0,0.0,0.0,0.0,0.0,0.0
1,2,0.12272594,0.123471856,0.7538022,0.0,0.0,0.0,0.0,0.0,0.0,0.0
1,2,0.06428982,0.12347187,0.81223834,0.0,0.0,0.0,0.0,0.0,0.0,0.0
1,2,0.06428982,0.12347187,0.81223834,0.0,0.0,0.0,0.0,0.0,0.0,0.0
1,2,0.06428982,0.12347187,0.81223834,0.0,0.0,0.0,0.0,0.0,0.0,0.0
1,2,0.06428982,0.12347187,0.81223834,0.0,0.0,0.0,0.0,0.0,0.0,0.0
1,2,0.06428982,0.12347187,0.81223834,0.0,0.0,0.0,0.0,0.0,0.0,0.0
1,2,0.06428982,0.12347187,0.81223834,0.0,0.0,0.0,0.0,0.0,0.0,0.0
1,2,0.06428982,0.12347187,0.81223834,0.0,0.0,0.0,0.0,0.0,0.0,0.0
1,2,0.06428982,0.12347187,0.81223834,0.0,0.0,0.0,0.0,0.0,0.0,0.0
1,2,0.06428982,0.12347187,0.81223834,0.0,0.0,0.0,0.0,0.0,0.0,0.0
1,2,0.06428982,0.12347187,0.81223834,0.0,0.0,0.0,0.0,0.0,0.0,0.0
1,2,0.06428982,0.060051464,0.87565875,0.0,0.0,0.0,0.0,0.0,0.0,0.0
1,2,0.06428982,0.060051464,0.87565875,0.0,0.0,0.0,0.0,0.0,0.0,0.0
1,2,0.06428982,0.060051464,0.87565875,0.0,0.0,0.0,0.0,0.0,0.0,0.0
1,2,0.06428982,0.060051464,0.87565875,0.0,0.0,0.0,0.0,0.0,0.0,0.0
1,2,0.06428982,0.060051464,0.87565875,0.0,0.0,0.0,0.0,0.0,0.0,0.0
1,2,0.06428982,0.060051464,0.87565875,0.0,0.0,0.0,0.0,0.0,0.0,0.0
1,2,0.06428982,0.060051464,0.87565875,0.0,0.0,0.0,0.0,0.0,0.0,0.0
1,2,0.06428982,0.060051464,0.87565875,0.0,0.0,0.0,0.0,0.0,0.0,0.0
1,2,0.06428982,0.060051464,0.87565875,0.0,0.0,0.0,0.0,0.0,0.0,0.0
1,2,0.06428982,0.060051464,0.87565875,0.0,0.0,0.0,0.0,0.0,0.0,0.0
1,2,0.06428982,0.0,0.9357102,0.0,0.0,0.0,0.0,0.0,0.0,0.0
1,2,0.06428982,0.0,0.9357102,0.0,0.0,0.0,0.0,0.0,0.0,0.0
1,2,0.06428982,0.0,0.9357102,0.0,0.0,0.0,0.0,0.0,0.0,0.0
1,2,0.06428982,0.0,0.9357102,0.0,0.0,0.0,0.0,0.0,0.0,0.0
1,2,0.06428982,0.0,0.9357102,0.0,0.0,0.0,0.0,0.0,0.0,0.0
1,2,0.06428982,0.0,0.9357102,0.0,0.0,0.0,0.0,0.0,0.0,0.0
1,2,0.06428982,0.0,0.9357102,0.0,0.0,0.0,0.0,0.0,0.0,0.0
1,2,0.06428982,0.0,0.9357102,0.0,0.0,0.0,0.0,0.0,0.0,0.0
1,2,0.06428982,0.0,0.9357102,0.0,0.0,0.0,0.0,0.0,0.0,0.0
1,2,0.06428982,0.0,0.9357102,0.0,0.0,0.0,0.0,0.0,0.0,0.0
1,2,0.06428982,0.0,0.9357102,0.0,0.0,0.0,0.0,0.0,0.0,0.0
1,2,0.06428982,0.0,0.9357102,0.0,0.0,0.0,0.0,0.0,0.0,0.0
1,2,0.06428982,0.0,0.9357102,0.0,0.0,0.0,0.0,0.0,0.0,0.0
1,2,0.06428982,0.0,0.9357102,0.0,0.0,0.0,0.0,0.0,0.0,0.0
1,2,0.06428982,0.0,0.9357102,0.0,0.0,0.0,0.0,0.0,0.0,0.0
1,2,0.06428982,0.0,0.9357102,0.0,0.0,0.0,0.0,0.0,0.0,0.0
1,2,0.06428982,0.0,0.9357102,0.0,0.0,0.0,0.0,0.0,0.0,0.0
1,2,0.06428982,0.0,0.9357102,0.0,0.0,0.0,0.0,0.0,0.0,0.0
1,2,0.06428982,0.0,0.9357102,0.0,0.0,0.0,0.0,0.0,0.0,0.0
1,2,0.06428982,0.0,0.9357102,0.0,0.0,0.0,0.0,0.0,0.0,0.0
1,2,0.06428982,0.0,0.9357102,0.0,0.0,0.0,0.0,0.0,0.0,0.0
1,2,0.06428982,0.0,0.9357102,0.0,0.0,0.0,0.0,0.0,0.0,0.0
1,2,0.06428982,0.0,0.9357102,0.0,0.0,0.0,0.0,0.0,0.0,0.0
1,2,0.06428982,0.0,0.9357102,0.0,0.0,0.0,0.0,0.0,0.0,0.0
1,2,0.06428982,0.0,0.9357102,0.0,0.0,0.0,0.0,0.0,0.0,0.0
1,2,0.06428982,0.0,0.9357102,0.0,0.0,0.0,0.0,0.0,0.0,0.0
1,2,0.06428982,0.0,0.9357102,0.0,0.0,0.0,0.0,0.0,0.0,0.0
1,2,0.06428982,0.0,0.9357102,0.0,0.0,0.0,0.0,0.0,0.0,0.0
1,2,0.06428982,0.0,0.9357102,0.0,0.0,0.0,0.0,0.0,0.0,0.0
1,2,0.06428982,0.0,0.9357102,0.0,0.0,0.0,0.0,0.0,0.0,0.0
1,2,0.06428982,0.0,0.9357102,0.0,0.0,0.0,0.0,0.0,0.0,0.0
1,2,0.06428982,0.0,0.9357102,0.0,0.0,0.0,0.0,0.0,0.0,0.0
1,2,0.06428982,0.0,0.9357102,0.0,0.0,0.0,0.0,0.0,0.0,0.0
1,2,0.06428982,0.0,0.9357102,0.0,0.0,0.0,0.0,0.0,0.0,0.0
1,2,0.06428982,0.0,0.9357102,0.0,0.0,0.0,0.0,0.0,0.0,0.0
1,2,0.06428982,0.0,0.9357102,0.0,0.0,0.0,0.0,0.0,0.0,0.0
1,2,0.06428982,0.0,0.9357102,0.0,0.0,0.0,0.0,0.0,0.0,0.0
1,2,0.06428982,0.0,0.9357102,0.0,0.0,0.0,0.0,0.0,0.0,0.0
1,2,0.06428982,0.0,0.9357102,0.0,0.0,0.0,0.0,0.0,0.0,0.0
1,2,0.06428982,0.0,0.9357102,0.0,0.0,0.0,0.0,0.0,0.0,0.0
1,2,0.0,0.0,1.0,0.0,0.0,0.0,0.0,0.0,0.0,0.0
1,2,0.0,0.0,1.0,0.0,0.0,0.0,0.0,0.0,0.0,0.0
1,2,0.0,0.0,1.0,0.0,0.0,0.0,0.0,0.0,0.0,0.0
1,2,0.0,0.0,1.0,0.0,0.0,0.0,0.0,0.0,0.0,0.0
1,2,0.0,0.0,1.0,0.0,0.0,0.0,0.0,0.0,0.0,0.0
1,2,0.0,0.0,1.0,0.0,0.0,0.0,0.0,0.0,0.0,0.0
1,2,0.0,0.0,1.0,0.0,0.0,0.0,0.0,0.0,0.0,0.0
1,2,0.0,0.0,1.0,0.0,0.0,0.0,0.0,0.0,0.0,0.0
1,2,0.0,0.0,1.0,0.0,0.0,0.0,0.0,0.0,0.0,0.0
1,2,0.0,0.0,1.0,0.0,0.0,0.0,0.0,0.0,0.0,0.0
1,2,0.0,0.0,1.0,0.0,0.0,0.0,0.0,0.0,0.0,0.0
1,2,0.0,0.0,1.0,0.0,0.0,0.0,0.0,0.0,0.0,0.0
1,2,0.0,0.0,1.0,0.0,0.0,0.0,0.0,0.0,0.0,0.0
1,2,0.0,0.0,1.0,0.0,0.0,0.0,0.0,0.0,0.0,0.0
1,2,0.0,0.0,1.0,0.0,0.0,0.0,0.0,0.0,0.0,0.0
1,2,0.0,0.0,1.0,0.0,0.0,0.0,0.0,0.0,0.0,0.0
1,2,0.0,0.0,1.0,0.0,0.0,0.0,0.0,0.0,0.0,0.0
1,2,0.0,0.0,1.0,0.0,0.0,0.0,0.0,0.0,0.0,0.0
1,2,0.0,0.0,1.0,0.0,0.0,0.0,0.0,0.0,0.0,0.0
1,2,0.0,0.0,1.0,0.0,0.0,0.0,0.0,0.0,0.0,0.0
1,2,0.0,0.0,1.0,0.0,0.0,0.0,0.0,0.0,0.0,0.0
1,2,0.0,0.0,1.0,0.0,0.0,0.0,0.0,0.0,0.0,0.0
1,2,0.0,0.0,1.0,0.0,0.0,0.0,0.0,0.0,0.0,0.0
1,2,0.0,0.0,1.0,0.0,0.0,0.0,0.0,0.0,0.0,0.0
1,2,0.0,0.0,1.0,0.0,0.0,0.0,0.0,0.0,0.0,0.0
1,2,0.0,0.0,1.0,0.0,0.0,0.0,0.0,0.0,0.0,0.0
1,2,0.0,0.0,1.0,0.0,0.0,0.0,0.0,0.0,0.0,0.0
1,2,0.0,0.0,1.0,0.0,0.0,0.0,0.0,0.0,0.0,0.0
1,2,0.0,0.0,1.0,0.0,0.0,0.0,0.0,0.0,0.0,0.0
1,2,0.0,0.0,1.0,0.0,0.0,0.0,0.0,0.0,0.0,0.0
1,2,0.0,0.0,1.0,0.0,0.0,0.0,0.0,0.0,0.0,0.0
1,2,0.0,0.0,1.0,0.0,0.0,0.0,0.0,0.0,0.0,0.0
1,2,0.0,0.0,1.0,0.0,0.0,0.0,0.0,0.0,0.0,0.0
1,2,0.0,0.0,1.0,0.0,0.0,0.0,0.0,0.0,0.0,0.0
1,2,0.0,0.0,1.0,0.0,0.0,0.0,0.0,0.0,0.0,0.0
1,2,0.0,0.0,1.0,0.0,0.0,0.0,0.0,0.0,0.0,0.0
1,2,0.0,0.0,1.0,0.0,0.0,0.0,0.0,0.0,0.0,0.0
1,2,0.0,0.0,1.0,0.0,0.0,0.0,0.0,0.0,0.0,0.0
1,2,0.0,0.0,1.0,0.0,0.0,0.0,0.0,0.0,0.0,0.0
1,2,0.0,0.0,1.0,0.0,0.0,0.0,0.0,0.0,0.0,0.0
1,2,0.0,0.0,1.0,0.0,0.0,0.0,0.0,0.0,0.0,0.0
1,2,0.0,0.0,1.0,0.0,0.0,0.0,0.0,0.0,0.0,0.0
1,2,0.0,0.0,1.0,0.0,0.0,0.0,0.0,0.0,0.0,0.0
1,2,0.0,0.0,1.0,0.0,0.0,0.0,0.0,0.0,0.0,0.0
1,2,0.0,0.0,1.0,0.0,0.0,0.0,0.0,0.0,0.0,0.0
1,2,0.0,0.0,1.0,0.0,0.0,0.0,0.0,0.0,0.0,0.0
1,2,0.0,0.0,1.0,0.0,0.0,0.0,0.0,0.0,0.0,0.0
1,2,0.0,0.0,1.0,0.0,0.0,0.0,0.0,0.0,0.0,0.0
1,2,0.0,0.0,1.0,0.0,0.0,0.0,0.0,0.0,0.0,0.0
1,2,0.0,0.0,1.0,0.0,0.0,0.0,0.0,0.0,0.0,0.0
1,2,0.0,0.0,1.0,0.0,0.0,0.0,0.0,0.0,0.0,0.0
1,2,0.0,0.0,1.0,0.0,0.0,0.0,0.0,0.0,0.0,0.0
1,2,0.0,0.0,1.0,0.0,0.0,0.0,0.0,0.0,0.0,0.0
1,2,0.0,0.0,1.0,0.0,0.0,0.0,0.0,0.0,0.0,0.0
1,2,0.0,0.0,1.0,0.0,0.0,0.0,0.0,0.0,0.0,0.0
1,2,0.0,0.0,1.0,0.0,0.0,0.0,0.0,0.0,0.0,0.0
1,2,0.0,0.0,1.0,0.0,0.0,0.0,0.0,0.0,0.0,0.0
1,2,0.0,0.0,1.0,0.0,0.0,0.0,0.0,0.0,0.0,0.0
1,2,0.0,0.0,1.0,0.0,0.0,0.0,0.0,0.0,0.0,0.0
1,2,0.0,0.0,1.0,0.0,0.0,0.0,0.0,0.0,0.0,0.0
1,2,0.0,0.0,1.0,0.0,0.0,0.0,0.0,0.0,0.0,0.0
1,2,0.0,0.0,1.0,0.0,0.0,0.0,0.0,0.0,0.0,0.0
1,2,0.0,0.0,1.0,0.0,0.0,0.0,0.0,0.0,0.0,0.0
1,2,0.0,0.0,1.0,0.0,0.0,0.0,0.0,0.0,0.0,0.0
1,2,0.0,0.0,1.0,0.0,0.0,0.0,0.0,0.0,0.0,0.0
1,2,0.0,0.0,1.0,0.0,0.0,0.0,0.0,0.0,0.0,0.0
1,2,0.0,0.0,1.0,0.0,0.0,0.0,0.0,0.0,0.0,0.0
1,2,0.0,0.0,1.0,0.0,0.0,0.0,0.0,0.0,0.0,0.0
1,2,0.0,0.0,1.0,0.0,0.0,0.0,0.0,0.0,0.0,0.0
1,2,0.0,0.0,1.0,0.0,0.0,0.0,0.0,0.0,0.0,0.0
1,2,0.0,0.0,1.0,0.0,0.0,0.0,0.0,0.0,0.0,0.0
1,2,0.0,0.0,1.0,0.0,0.0,0.0,0.0,0.0,0.0,0.0
1,2,0.0,0.0,1.0,0.0,0.0,0.0,0.0,0.0,0.0,0.0
1,2,0.0,0.0,1.0,0.0,0.0,0.0,0.0,0.0,0.0,0.0
1,2,0.0,0.0,1.0,0.0,0.0,0.0,0.0,0.0,0.0,0.0
1,2,0.0,0.0,1.0,0.0,0.0,0.0,0.0,0.0,0.0,0.0
1,2,0.0,0.0,1.0,0.0,0.0,0.0,0.0,0.0,0.0,0.0
1,2,0.0,0.0,1.0,0.0,0.0,0.0,0.0,0.0,0.0,0.0
1,2,0.0,0.0,1.0,0.0,0.0,0.0,0.0,0.0,0.0,0.0
1,2,0.0,0.0,1.0,0.0,0.0,0.0,0.0,0.0,0.0,0.0
1,2,0.0,0.0,1.0,0.0,0.0,0.0,0.0,0.0,0.0,0.0
1,2,0.0,0.0,1.0,0.0,0.0,0.0,0.0,0.0,0.0,0.0
1,2,0.0,0.0,1.0,0.0,0.0,0.0,0.0,0.0,0.0,0.0
1,2,0.0,0.0,1.0,0.0,0.0,0.0,0.0,0.0,0.0,0.0
1,2,0.0,0.0,1.0,0.0,0.0,0.0,0.0,0.0,0.0,0.0
1,2,0.0,0.0,1.0,0.0,0.0,0.0,0.0,0.0,0.0,0.0
1,2,0.0,0.0,1.0,0.0,0.0,0.0,0.0,0.0,0.0,0.0
1,2,0.0,0.0,1.0,0.0,0.0,0.0,0.0,0.0,0.0,0.0
1,2,0.0,0.0,1.0,0.0,0.0,0.0,0.0,0.0,0.0,0.0
1,2,0.0,0.0,1.0,0.0,0.0,0.0,0.0,0.0,0.0,0.0
1,2,0.0,0.0,1.0,0.0,0.0,0.0,0.0,0.0,0.0,0.0
1,2,0.0,0.0,1.0,0.0,0.0,0.0,0.0,0.0,0.0,0.0
1,2,0.0,0.0,1.0,0.0,0.0,0.0,0.0,0.0,0.0,0.0
1,2,0.0,0.0,1.0,0.0,0.0,0.0,0.0,0.0,0.0,0.0
1,2,0.0,0.0,1.0,0.0,0.0,0.0,0.0,0.0,0.0,0.0
1,2,0.0,0.0,1.0,0.0,0.0,0.0,0.0,0.0,0.0,0.0
1,2,0.0,0.0,1.0,0.0,0.0,0.0,0.0,0.0,0.0,0.0
1,2,0.0,0.0,1.0,0.0,0.0,0.0,0.0,0.0,0.0,0.0
1,2,0.0,0.0,1.0,0.0,0.0,0.0,0.0,0.0,0.0,0.0
1,2,0.0,0.0,1.0,0.0,0.0,0.0,0.0,0.0,0.0,0.0
1,2,0.0,0.0,1.0,0.0,0.0,0.0,0.0,0.0,0.0,0.0
1,2,0.0,0.0,1.0,0.0,0.0,0.0,0.0,0.0,0.0,0.0
1,2,0.0,0.0,1.0,0.0,0.0,0.0,0.0,0.0,0.0,0.0
1,2,0.0,0.0,1.0,0.0,0.0,0.0,0.0,0.0,0.0,0.0
1,2,0.0,0.0,1.0,0.0,0.0,0.0,0.0,0.0,0.0,0.0
1,2,0.0,0.0,1.0,0.0,0.0,0.0,0.0,0.0,0.0,0.0
1,2,0.0,0.0,1.0,0.0,0.0,0.0,0.0,0.0,0.0,0.0
1,2,0.0,0.0,1.0,0.0,0.0,0.0,0.0,0.0,0.0,0.0
1,2,0.0,0.0,1.0,0.0,0.0,0.0,0.0,0.0,0.0,0.0
1,2,0.0,0.0,1.0,0.0,0.0,0.0,0.0,0.0,0.0,0.0
1,2,0.0,0.0,1.0,0.0,0.0,0.0,0.0,0.0,0.0,0.0
1,2,0.0,0.0,1.0,0.0,0.0,0.0,0.0,0.0,0.0,0.0
1,2,0.0,0.0,1.0,0.0,0.0,0.0,0.0,0.0,0.0,0.0
1,2,0.0,0.0,1.0,0.0,0.0,0.0,0.0,0.0,0.0,0.0
1,2,0.0,0.0,1.0,0.0,0.0,0.0,0.0,0.0,0.0,0.0
1,2,0.0,0.0,1.0,0.0,0.0,0.0,0.0,0.0,0.0,0.0
1,2,0.0,0.0,1.0,0.0,0.0,0.0,0.0,0.0,0.0,0.0
1,2,0.0,0.0,1.0,0.0,0.0,0.0,0.0,0.0,0.0,0.0
1,2,0.0,0.0,1.0,0.0,0.0,0.0,0.0,0.0,0.0,0.0
1,2,0.0,0.0,1.0,0.0,0.0,0.0,0.0,0.0,0.0,0.0
1,2,0.0,0.0,1.0,0.0,0.0,0.0,0.0,0.0,0.0,0.0
1,2,0.0,0.0,1.0,0.0,0.0,0.0,0.0,0.0,0.0,0.0
1,2,0.0,0.0,1.0,0.0,0.0,0.0,0.0,0.0,0.0,0.0
1,2,0.0,0.0,1.0,0.0,0.0,0.0,0.0,0.0,0.0,0.0
1,2,0.0,0.0,1.0,0.0,0.0,0.0,0.0,0.0,0.0,0.0
1,2,0.0,0.0,1.0,0.0,0.0,0.0,0.0,0.0,0.0,0.0
1,2,0.0,0.0,1.0,0.0,0.0,0.0,0.0,0.0,0.0,0.0
1,2,0.0,0.0,1.0,0.0,0.0,0.0,0.0,0.0,0.0,0.0
1,2,0.0,0.0,1.0,0.0,0.0,0.0,0.0,0.0,0.0,0.0
1,2,0.0,0.0,1.0,0.0,0.0,0.0,0.0,0.0,0.0,0.0
1,2,0.0,0.0,1.0,0.0,0.0,0.0,0.0,0.0,0.0,0.0
1,2,0.0,0.0,1.0,0.0,0.0,0.0,0.0,0.0,0.0,0.0
1,2,0.0,0.0,1.0,0.0,0.0,0.0,0.0,0.0,0.0,0.0
1,2,0.0,0.0,1.0,0.0,0.0,0.0,0.0,0.0,0.0,0.0
1,2,0.0,0.0,1.0,0.0,0.0,0.0,0.0,0.0,0.0,0.0
1,2,0.0,0.0,1.0,0.0,0.0,0.0,0.0,0.0,0.0,0.0
1,2,0.0,0.0,1.0,0.0,0.0,0.0,0.0,0.0,0.0,0.0
1,2,0.0,0.0,1.0,0.0,0.0,0.0,0.0,0.0,0.0,0.0
1,2,0.0,0.0,1.0,0.0,0.0,0.0,0.0,0.0,0.0,0.0
1,2,0.0,0.0,1.0,0.0,0.0,0.0,0.0,0.0,0.0,0.0
1,2,0.0,0.0,1.0,0.0,0.0,0.0,0.0,0.0,0.0,0.0
1,2,0.0,0.0,1.0,0.0,0.0,0.0,0.0,0.0,0.0,0.0
1,2,0.0,0.0,1.0,0.0,0.0,0.0,0.0,0.0,0.0,0.0
1,2,0.0,0.0,1.0,0.0,0.0,0.0,0.0,0.0,0.0,0.0
1,2,0.0,0.0,1.0,0.0,0.0,0.0,0.0,0.0,0.0,0.0
1,2,0.0,0.0,1.0,0.0,0.0,0.0,0.0,0.0,0.0,0.0
1,2,0.0,0.0,1.0,0.0,0.0,0.0,0.0,0.0,0.0,0.0
1,2,0.0,0.0,1.0,0.0,0.0,0.0,0.0,0.0,0.0,0.0
1,2,0.0,0.0,1.0,0.0,0.0,0.0,0.0,0.0,0.0,0.0
1,2,0.0,0.0,1.0,0.0,0.0,0.0,0.0,0.0,0.0,0.0
1,2,0.0,0.0,1.0,0.0,0.0,0.0,0.0,0.0,0.0,0.0
1,2,0.0,0.0,1.0,0.0,0.0,0.0,0.0,0.0,0.0,0.0
1,2,0.0,0.0,1.0,0.0,0.0,0.0,0.0,0.0,0.0,0.0
1,2,0.0,0.0,1.0,0.0,0.0,0.0,0.0,0.0,0.0,0.0
1,2,0.0,0.0,1.0,0.0,0.0,0.0,0.0,0.0,0.0,0.0
1,2,0.0,0.0,1.0,0.0,0.0,0.0,0.0,0.0,0.0,0.0
1,2,0.0,0.0,1.0,0.0,0.0,0.0,0.0,0.0,0.0,0.0
1,2,0.0,0.0,1.0,0.0,0.0,0.0,0.0,0.0,0.0,0.0
1,2,0.0,0.0,1.0,0.0,0.0,0.0,0.0,0.0,0.0,0.0
1,2,0.0,0.0,1.0,0.0,0.0,0.0,0.0,0.0,0.0,0.0
1,2,0.0,0.0,1.0,0.0,0.0,0.0,0.0,0.0,0.0,0.0
1,2,0.0,0.0,1.0,0.0,0.0,0.0,0.0,0.0,0.0,0.0
1,2,0.0,0.0,1.0,0.0,0.0,0.0,0.0,0.0,0.0,0.0
1,2,0.0,0.0,1.0,0.0,0.0,0.0,0.0,0.0,0.0,0.0
1,2,0.0,0.0,1.0,0.0,0.0,0.0,0.0,0.0,0.0,0.0
1,2,0.0,0.0,1.0,0.0,0.0,0.0,0.0,0.0,0.0,0.0
1,2,0.0,0.0,1.0,0.0,0.0,0.0,0.0,0.0,0.0,0.0
1,2,0.0,0.0,1.0,0.0,0.0,0.0,0.0,0.0,0.0,0.0
1,2,0.0,0.0,1.0,0.0,0.0,0.0,0.0,0.0,0.0,0.0
1,2,0.0,0.0,1.0,0.0,0.0,0.0,0.0,0.0,0.0,0.0
1,2,0.0,0.0,1.0,0.0,0.0,0.0,0.0,0.0,0.0,0.0
1,2,0.0,0.0,1.0,0.0,0.0,0.0,0.0,0.0,0.0,0.0
1,2,0.0,0.0,1.0,0.0,0.0,0.0,0.0,0.0,0.0,0.0
1,2,0.0,0.0,1.0,0.0,0.0,0.0,0.0,0.0,0.0,0.0
1,2,0.0,0.0,1.0,0.0,0.0,0.0,0.0,0.0,0.0,0.0
1,2,0.0,0.0,1.0,0.0,0.0,0.0,0.0,0.0,0.0,0.0
1,2,0.0,0.0,1.0,0.0,0.0,0.0,0.0,0.0,0.0,0.0
1,2,0.0,0.0,1.0,0.0,0.0,0.0,0.0,0.0,0.0,0.0
1,2,0.0,0.0,1.0,0.0,0.0,0.0,0.0,0.0,0.0,0.0
1,2,0.0,0.0,1.0,0.0,0.0,0.0,0.0,0.0,0.0,0.0
1,2,0.0,0.0,1.0,0.0,0.0,0.0,0.0,0.0,0.0,0.0
1,2,0.0,0.0,1.0,0.0,0.0,0.0,0.0,0.0,0.0,0.0
1,2,0.0,0.0,1.0,0.0,0.0,0.0,0.0,0.0,0.0,0.0
1,2,0.0,0.0,1.0,0.0,0.0,0.0,0.0,0.0,0.0,0.0
1,2,0.0,0.0,1.0,0.0,0.0,0.0,0.0,0.0,0.0,0.0
1,2,0.0,0.0,1.0,0.0,0.0,0.0,0.0,0.0,0.0,0.0
1,2,0.0,0.0,1.0,0.0,0.0,0.0,0.0,0.0,0.0,0.0
1,2,0.0,0.0,1.0,0.0,0.0,0.0,0.0,0.0,0.0,0.0
1,2,0.0,0.0,1.0,0.0,0.0,0.0,0.0,0.0,0.0,0.0
1,2,0.0,0.0,1.0,0.0,0.0,0.0,0.0,0.0,0.0,0.0
1,2,0.0,0.0,1.0,0.0,0.0,0.0,0.0,0.0,0.0,0.0
1,2,0.0,0.0,1.0,0.0,0.0,0.0,0.0,0.0,0.0,0.0
1,2,0.0,0.0,1.0,0.0,0.0,0.0,0.0,0.0,0.0,0.0
1,2,0.0,0.0,1.0,0.0,0.0,0.0,0.0,0.0,0.0,0.0
1,2,0.0,0.0,1.0,0.0,0.0,0.0,0.0,0.0,0.0,0.0
1,2,0.0,0.0,1.0,0.0,0.0,0.0,0.0,0.0,0.0,0.0
1,2,0.0,0.0,1.0,0.0,0.0,0.0,0.0,0.0,0.0,0.0
1,2,0.0,0.0,1.0,0.0,0.0,0.0,0.0,0.0,0.0,0.0
1,2,0.0,0.0,1.0,0.0,0.0,0.0,0.0,0.0,0.0,0.0
1,2,0.0,0.0,1.0,0.0,0.0,0.0,0.0,0.0,0.0,0.0
1,2,0.0,0.0,1.0,0.0,0.0,0.0,0.0,0.0,0.0,0.0
1,2,0.0,0.0,1.0,0.0,0.0,0.0,0.0,0.0,0.0,0.0
1,2,0.0,0.0,1.0,0.0,0.0,0.0,0.0,0.0,0.0,0.0
1,2,0.0,0.0,1.0,0.0,0.0,0.0,0.0,0.0,0.0,0.0
1,2,0.0,0.0,1.0,0.0,0.0,0.0,0.0,0.0,0.0,0.0
1,2,0.0,0.0,1.0,0.0,0.0,0.0,0.0,0.0,0.0,0.0
1,2,0.0,0.0,1.0,0.0,0.0,0.0,0.0,0.0,0.0,0.0
1,2,0.0,0.0,1.0,0.0,0.0,0.0,0.0,0.0,0.0,0.0
1,2,0.0,0.0,1.0,0.0,0.0,0.0,0.0,0.0,0.0,0.0
1,2,0.0,0.0,1.0,0.0,0.0,0.0,0.0,0.0,0.0,0.0
1,2,0.0,0.0,1.0,0.0,0.0,0.0,0.0,0.0,0.0,0.0
1,2,0.0,0.0,1.0,0.0,0.0,0.0,0.0,0.0,0.0,0.0
1,2,0.0,0.0,1.0,0.0,0.0,0.0,0.0,0.0,0.0,0.0
1,2,0.0,0.0,1.0,0.0,0.0,0.0,0.0,0.0,0.0,0.0
1,2,0.0,0.0,1.0,0.0,0.0,0.0,0.0,0.0,0.0,0.0
1,2,0.0,0.0,1.0,0.0,0.0,0.0,0.0,0.0,0.0,0.0
1,2,0.0,0.0,1.0,0.0,0.0,0.0,0.0,0.0,0.0,0.0
1,2,0.0,0.0,1.0,0.0,0.0,0.0,0.0,0.0,0.0,0.0
1,2,0.0,0.0,1.0,0.0,0.0,0.0,0.0,0.0,0.0,0.0
1,2,0.0,0.0,1.0,0.0,0.0,0.0,0.0,0.0,0.0,0.0
1,2,0.0,0.0,1.0,0.0,0.0,0.0,0.0,0.0,0.0,0.0
1,2,0.0,0.0,1.0,0.0,0.0,0.0,0.0,0.0,0.0,0.0
1,2,0.0,0.0,1.0,0.0,0.0,0.0,0.0,0.0,0.0,0.0
1,2,0.0,0.0,1.0,0.0,0.0,0.0,0.0,0.0,0.0,0.0
1,2,0.0,0.0,1.0,0.0,0.0,0.0,0.0,0.0,0.0,0.0
1,2,0.0,0.0,1.0,0.0,0.0,0.0,0.0,0.0,0.0,0.0
1,2,0.0,0.0,1.0,0.0,0.0,0.0,0.0,0.0,0.0,0.0
1,2,0.0,0.0,1.0,0.0,0.0,0.0,0.0,0.0,0.0,0.0
1,2,0.0,0.0,1.0,0.0,0.0,0.0,0.0,0.0,0.0,0.0
1,2,0.0,0.0,1.0,0.0,0.0,0.0,0.0,0.0,0.0,0.0
1,2,0.0,0.0,1.0,0.0,0.0,0.0,0.0,0.0,0.0,0.0
1,2,0.0,0.0,1.0,0.0,0.0,0.0,0.0,0.0,0.0,0.0
1,2,0.0,0.0,1.0,0.0,0.0,0.0,0.0,0.0,0.0,0.0
1,2,0.0,0.0,1.0,0.0,0.0,0.0,0.0,0.0,0.0,0.0
1,2,0.0,0.0,1.0,0.0,0.0,0.0,0.0,0.0,0.0,0.0
1,2,0.0,0.0,1.0,0.0,0.0,0.0,0.0,0.0,0.0,0.0
1,2,0.0,0.0,1.0,0.0,0.0,0.0,0.0,0.0,0.0,0.0
1,2,0.0,0.0,1.0,0.0,0.0,0.0,0.0,0.0,0.0,0.0
1,2,0.0,0.0,1.0,0.0,0.0,0.0,0.0,0.0,0.0,0.0
1,2,0.0,0.0,1.0,0.0,0.0,0.0,0.0,0.0,0.0,0.0
1,2,0.0,0.0,1.0,0.0,0.0,0.0,0.0,0.0,0.0,0.0
1,2,0.0,0.0,1.0,0.0,0.0,0.0,0.0,0.0,0.0,0.0
1,2,0.0,0.0,1.0,0.0,0.0,0.0,0.0,0.0,0.0,0.0
1,2,0.0,0.0,1.0,0.0,0.0,0.0,0.0,0.0,0.0,0.0
1,2,0.0,0.0,1.0,0.0,0.0,0.0,0.0,0.0,0.0,0.0
1,2,0.0,0.0,1.0,0.0,0.0,0.0,0.0,0.0,0.0,0.0
1,2,0.0,0.0,1.0,0.0,0.0,0.0,0.0,0.0,0.0,0.0
1,2,0.0,0.0,1.0,0.0,0.0,0.0,0.0,0.0,0.0,0.0
1,2,0.0,0.0,1.0,0.0,0.0,0.0,0.0,0.0,0.0,0.0
1,2,0.0,0.0,1.0,0.0,0.0,0.0,0.0,0.0,0.0,0.0
1,2,0.0,0.0,1.0,0.0,0.0,0.0,0.0,0.0,0.0,0.0
1,2,0.0,0.0,1.0,0.0,0.0,0.0,0.0,0.0,0.0,0.0
1,2,0.0,0.0,1.0,0.0,0.0,0.0,0.0,0.0,0.0,0.0
1,2,0.0,0.0,1.0,0.0,0.0,0.0,0.0,0.0,0.0,0.0
1,2,0.0,0.0,1.0,0.0,0.0,0.0,0.0,0.0,0.0,0.0
1,2,0.0,0.0,1.0,0.0,0.0,0.0,0.0,0.0,0.0,0.0
1,2,0.0,0.0,1.0,0.0,0.0,0.0,0.0,0.0,0.0,0.0
1,2,0.0,0.0,1.0,0.0,0.0,0.0,0.0,0.0,0.0,0.0
1,2,0.0,0.0,1.0,0.0,0.0,0.0,0.0,0.0,0.0,0.0
1,2,0.0,0.0,1.0,0.0,0.0,0.0,0.0,0.0,0.0,0.0
1,2,0.0,0.0,1.0,0.0,0.0,0.0,0.0,0.0,0.0,0.0
1,2,0.0,0.0,1.0,0.0,0.0,0.0,0.0,0.0,0.0,0.0
1,2,0.0,0.0,1.0,0.0,0.0,0.0,0.0,0.0,0.0,0.0
1,2,0.0,0.0,1.0,0.0,0.0,0.0,0.0,0.0,0.0,0.0
1,2,0.0,0.0,1.0,0.0,0.0,0.0,0.0,0.0,0.0,0.0
1,2,0.0,0.0,1.0,0.0,0.0,0.0,0.0,0.0,0.0,0.0
1,2,0.0,0.0,1.0,0.0,0.0,0.0,0.0,0.0,0.0,0.0
1,2,0.0,0.0,1.0,0.0,0.0,0.0,0.0,0.0,0.0,0.0
1,2,0.0,0.0,1.0,0.0,0.0,0.0,0.0,0.0,0.0,0.0
1,2,0.0,0.0,1.0,0.0,0.0,0.0,0.0,0.0,0.0,0.0
1,2,0.0,0.0,1.0,0.0,0.0,0.0,0.0,0.0,0.0,0.0
1,2,0.0,0.0,1.0,0.0,0.0,0.0,0.0,0.0,0.0,0.0
1,2,0.0,0.0,1.0,0.0,0.0,0.0,0.0,0.0,0.0,0.0
1,2,0.0,0.0,1.0,0.0,0.0,0.0,0.0,0.0,0.0,0.0
1,2,0.0,0.0,1.0,0.0,0.0,0.0,0.0,0.0,0.0,0.0
1,2,0.0,0.0,1.0,0.0,0.0,0.0,0.0,0.0,0.0,0.0
1,2,0.0,0.0,1.0,0.0,0.0,0.0,0.0,0.0,0.0,0.0
1,2,0.0,0.0,1.0,0.0,0.0,0.0,0.0,0.0,0.0,0.0
1,2,0.0,0.0,1.0,0.0,0.0,0.0,0.0,0.0,0.0,0.0
1,2,0.0,0.0,1.0,0.0,0.0,0.0,0.0,0.0,0.0,0.0
1,2,0.0,0.0,1.0,0.0,0.0,0.0,0.0,0.0,0.0,0.0
1,2,0.0,0.0,1.0,0.0,0.0,0.0,0.0,0.0,0.0,0.0
1,2,0.0,0.0,1.0,0.0,0.0,0.0,0.0,0.0,0.0,0.0
1,2,0.0,0.0,1.0,0.0,0.0,0.0,0.0,0.0,0.0,0.0
1,2,0.0,0.0,1.0,0.0,0.0,0.0,0.0,0.0,0.0,0.0
1,2,0.0,0.0,1.0,0.0,0.0,0.0,0.0,0.0,0.0,0.0
1,2,0.0,0.0,1.0,0.0,0.0,0.0,0.0,0.0,0.0,0.0
1,2,0.0,0.0,1.0,0.0,0.0,0.0,0.0,0.0,0.0,0.0
1,2,0.0,0.0,1.0,0.0,0.0,0.0,0.0,0.0,0.0,0.0
1,2,0.0,0.0,1.0,0.0,0.0,0.0,0.0,0.0,0.0,0.0
1,2,0.0,0.0,1.0,0.0,0.0,0.0,0.0,0.0,0.0,0.0
1,2,0.0,0.0,1.0,0.0,0.0,0.0,0.0,0.0,0.0,0.0
1,2,0.0,0.0,1.0,0.0,0.0,0.0,0.0,0.0,0.0,0.0
1,2,0.0,0.0,1.0,0.0,0.0,0.0,0.0,0.0,0.0,0.0
1,2,0.0,0.0,1.0,0.0,0.0,0.0,0.0,0.0,0.0,0.0
1,2,0.0,0.0,1.0,0.0,0.0,0.0,0.0,0.0,0.0,0.0
1,2,0.0,0.0,1.0,0.0,0.0,0.0,0.0,0.0,0.0,0.0
1,2,0.0,0.0,1.0,0.0,0.0,0.0,0.0,0.0,0.0,0.0
1,2,0.0,0.0,1.0,0.0,0.0,0.0,0.0,0.0,0.0,0.0
1,2,0.0,0.0,1.0,0.0,0.0,0.0,0.0,0.0,0.0,0.0
1,2,0.0,0.0,1.0,0.0,0.0,0.0,0.0,0.0,0.0,0.0
1,2,0.0,0.0,1.0,0.0,0.0,0.0,0.0,0.0,0.0,0.0
1,2,0.0,0.0,1.0,0.0,0.0,0.0,0.0,0.0,0.0,0.0
1,2,0.0,0.0,1.0,0.0,0.0,0.0,0.0,0.0,0.0,0.0
1,2,0.0,0.0,1.0,0.0,0.0,0.0,0.0,0.0,0.0,0.0
1,2,0.0,0.0,1.0,0.0,0.0,0.0,0.0,0.0,0.0,0.0
1,2,0.0,0.0,1.0,0.0,0.0,0.0,0.0,0.0,0.0,0.0
1,2,0.0,0.0,1.0,0.0,0.0,0.0,0.0,0.0,0.0,0.0
1,2,0.0,0.0,1.0,0.0,0.0,0.0,0.0,0.0,0.0,0.0
1,2,0.0,0.0,1.0,0.0,0.0,0.0,0.0,0.0,0.0,0.0
1,2,0.0,0.0,1.0,0.0,0.0,0.0,0.0,0.0,0.0,0.0
1,2,0.0,0.0,1.0,0.0,0.0,0.0,0.0,0.0,0.0,0.0
1,2,0.0,0.0,1.0,0.0,0.0,0.0,0.0,0.0,0.0,0.0
1,2,0.0,0.0,1.0,0.0,0.0,0.0,0.0,0.0,0.0,0.0
1,2,0.0,0.0,1.0,0.0,0.0,0.0,0.0,0.0,0.0,0.0
1,2,0.0,0.0,1.0,0.0,0.0,0.0,0.0,0.0,0.0,0.0
1,2,0.0,0.0,1.0,0.0,0.0,0.0,0.0,0.0,0.0,0.0
1,2,0.0,0.0,1.0,0.0,0.0,0.0,0.0,0.0,0.0,0.0
1,2,0.0,0.0,1.0,0.0,0.0,0.0,0.0,0.0,0.0,0.0
1,2,0.0,0.0,1.0,0.0,0.0,0.0,0.0,0.0,0.0,0.0
1,2,0.0,0.0,1.0,0.0,0.0,0.0,0.0,0.0,0.0,0.0
1,2,0.0,0.0,1.0,0.0,0.0,0.0,0.0,0.0,0.0,0.0
1,2,0.0,0.0,1.0,0.0,0.0,0.0,0.0,0.0,0.0,0.0
1,2,0.0,0.0,1.0,0.0,0.0,0.0,0.0,0.0,0.0,0.0
1,2,0.0,0.0,1.0,0.0,0.0,0.0,0.0,0.0,0.0,0.0
1,2,0.0,0.0,1.0,0.0,0.0,0.0,0.0,0.0,0.0,0.0
1,2,0.0,0.0,1.0,0.0,0.0,0.0,0.0,0.0,0.0,0.0
1,2,0.0,0.0,1.0,0.0,0.0,0.0,0.0,0.0,0.0,0.0
1,2,0.0,0.0,1.0,0.0,0.0,0.0,0.0,0.0,0.0,0.0
1,2,0.0,0.0,1.0,0.0,0.0,0.0,0.0,0.0,0.0,0.0
1,2,0.0,0.0,1.0,0.0,0.0,0.0,0.0,0.0,0.0,0.0
1,2,0.0,0.0,1.0,0.0,0.0,0.0,0.0,0.0,0.0,0.0
1,2,0.0,0.0,1.0,0.0,0.0,0.0,0.0,0.0,0.0,0.0
1,2,0.0,0.0,1.0,0.0,0.0,0.0,0.0,0.0,0.0,0.0
1,2,0.0,0.0,1.0,0.0,0.0,0.0,0.0,0.0,0.0,0.0
1,2,0.0,0.0,1.0,0.0,0.0,0.0,0.0,0.0,0.0,0.0
1,2,0.0,0.0,1.0,0.0,0.0,0.0,0.0,0.0,0.0,0.0
1,2,0.0,0.0,1.0,0.0,0.0,0.0,0.0,0.0,0.0,0.0
1,2,0.0,0.0,1.0,0.0,0.0,0.0,0.0,0.0,0.0,0.0
1,2,0.0,0.0,1.0,0.0,0.0,0.0,0.0,0.0,0.0,0.0
1,2,0.0,0.0,1.0,0.0,0.0,0.0,0.0,0.0,0.0,0.0
1,2,0.0,0.0,1.0,0.0,0.0,0.0,0.0,0.0,0.0,0.0
1,2,0.0,0.0,1.0,0.0,0.0,0.0,0.0,0.0,0.0,0.0
1,2,0.0,0.0,1.0,0.0,0.0,0.0,0.0,0.0,0.0,0.0
1,2,0.0,0.0,1.0,0.0,0.0,0.0,0.0,0.0,0.0,0.0
1,2,0.0,0.0,1.0,0.0,0.0,0.0,0.0,0.0,0.0,0.0
1,2,0.0,0.0,1.0,0.0,0.0,0.0,0.0,0.0,0.0,0.0
1,2,0.0,0.0,1.0,0.0,0.0,0.0,0.0,0.0,0.0,0.0
1,2,0.0,0.0,1.0,0.0,0.0,0.0,0.0,0.0,0.0,0.0
1,2,0.0,0.0,1.0,0.0,0.0,0.0,0.0,0.0,0.0,0.0
1,2,0.0,0.0,1.0,0.0,0.0,0.0,0.0,0.0,0.0,0.0
1,2,0.0,0.0,1.0,0.0,0.0,0.0,0.0,0.0,0.0,0.0
1,2,0.0,0.0,1.0,0.0,0.0,0.0,0.0,0.0,0.0,0.0
1,2,0.0,0.0,1.0,0.0,0.0,0.0,0.0,0.0,0.0,0.0
1,2,0.0,0.0,1.0,0.0,0.0,0.0,0.0,0.0,0.0,0.0
1,2,0.0,0.0,1.0,0.0,0.0,0.0,0.0,0.0,0.0,0.0
1,2,0.0,0.0,1.0,0.0,0.0,0.0,0.0,0.0,0.0,0.0
1,2,0.0,0.0,1.0,0.0,0.0,0.0,0.0,0.0,0.0,0.0
1,2,0.0,0.0,1.0,0.0,0.0,0.0,0.0,0.0,0.0,0.0
1,2,0.0,0.0,1.0,0.0,0.0,0.0,0.0,0.0,0.0,0.0
1,2,0.0,0.0,1.0,0.0,0.0,0.0,0.0,0.0,0.0,0.0
1,2,0.0,0.0,1.0,0.0,0.0,0.0,0.0,0.0,0.0,0.0
1,2,0.0,0.0,1.0,0.0,0.0,0.0,0.0,0.0,0.0,0.0
1,2,0.0,0.0,1.0,0.0,0.0,0.0,0.0,0.0,0.0,0.0
1,2,0.0,0.0,1.0,0.0,0.0,0.0,0.0,0.0,0.0,0.0
1,2,0.0,0.0,1.0,0.0,0.0,0.0,0.0,0.0,0.0,0.0
1,2,0.0,0.0,1.0,0.0,0.0,0.0,0.0,0.0,0.0,0.0
1,2,0.0,0.0,1.0,0.0,0.0,0.0,0.0,0.0,0.0,0.0
1,2,0.0,0.0,1.0,0.0,0.0,0.0,0.0,0.0,0.0,0.0
1,2,0.0,0.0,1.0,0.0,0.0,0.0,0.0,0.0,0.0,0.0
1,2,0.0,0.0,1.0,0.0,0.0,0.0,0.0,0.0,0.0,0.0
1,2,0.0,0.0,1.0,0.0,0.0,0.0,0.0,0.0,0.0,0.0
1,2,0.0,0.0,1.0,0.0,0.0,0.0,0.0,0.0,0.0,0.0
1,2,0.0,0.0,1.0,0.0,0.0,0.0,0.0,0.0,0.0,0.0
1,2,0.0,0.0,1.0,0.0,0.0,0.0,0.0,0.0,0.0,0.0
1,2,0.0,0.0,1.0,0.0,0.0,0.0,0.0,0.0,0.0,0.0
1,2,0.0,0.0,1.0,0.0,0.0,0.0,0.0,0.0,0.0,0.0
1,2,0.0,0.0,1.0,0.0,0.0,0.0,0.0,0.0,0.0,0.0
1,2,0.0,0.0,1.0,0.0,0.0,0.0,0.0,0.0,0.0,0.0
1,2,0.0,0.0,1.0,0.0,0.0,0.0,0.0,0.0,0.0,0.0
1,2,0.0,0.0,1.0,0.0,0.0,0.0,0.0,0.0,0.0,0.0
1,2,0.0,0.0,1.0,0.0,0.0,0.0,0.0,0.0,0.0,0.0
1,2,0.0,0.0,1.0,0.0,0.0,0.0,0.0,0.0,0.0,0.0
1,2,0.0,0.0,1.0,0.0,0.0,0.0,0.0,0.0,0.0,0.0
1,2,0.0,0.0,1.0,0.0,0.0,0.0,0.0,0.0,0.0,0.0
1,2,0.0,0.0,1.0,0.0,0.0,0.0,0.0,0.0,0.0,0.0
1,2,0.0,0.0,1.0,0.0,0.0,0.0,0.0,0.0,0.0,0.0
1,2,0.0,0.0,1.0,0.0,0.0,0.0,0.0,0.0,0.0,0.0
1,2,0.0,0.0,1.0,0.0,0.0,0.0,0.0,0.0,0.0,0.0
1,2,0.0,0.0,1.0,0.0,0.0,0.0,0.0,0.0,0.0,0.0
1,2,0.0,0.0,1.0,0.0,0.0,0.0,0.0,0.0,0.0,0.0
1,2,0.0,0.0,1.0,0.0,0.0,0.0,0.0,0.0,0.0,0.0
1,2,0.0,0.0,1.0,0.0,0.0,0.0,0.0,0.0,0.0,0.0
1,2,0.0,0.0,1.0,0.0,0.0,0.0,0.0,0.0,0.0,0.0
1,2,0.0,0.0,1.0,0.0,0.0,0.0,0.0,0.0,0.0,0.0
1,2,0.0,0.0,1.0,0.0,0.0,0.0,0.0,0.0,0.0,0.0
1,2,0.0,0.0,1.0,0.0,0.0,0.0,0.0,0.0,0.0,0.0
1,2,0.0,0.0,1.0,0.0,0.0,0.0,0.0,0.0,0.0,0.0
1,2,0.0,0.0,1.0,0.0,0.0,0.0,0.0,0.0,0.0,0.0
1,2,0.0,0.0,1.0,0.0,0.0,0.0,0.0,0.0,0.0,0.0
1,2,0.0,0.0,1.0,0.0,0.0,0.0,0.0,0.0,0.0,0.0
1,2,0.0,0.0,1.0,0.0,0.0,0.0,0.0,0.0,0.0,0.0
1,2,0.0,0.0,1.0,0.0,0.0,0.0,0.0,0.0,0.0,0.0
1,2,0.0,0.0,1.0,0.0,0.0,0.0,0.0,0.0,0.0,0.0
1,2,0.0,0.0,1.0,0.0,0.0,0.0,0.0,0.0,0.0,0.0
1,2,0.0,0.0,1.0,0.0,0.0,0.0,0.0,0.0,0.0,0.0
1,2,0.0,0.0,1.0,0.0,0.0,0.0,0.0,0.0,0.0,0.0
1,2,0.0,0.0,1.0,0.0,0.0,0.0,0.0,0.0,0.0,0.0
1,2,0.0,0.0,1.0,0.0,0.0,0.0,0.0,0.0,0.0,0.0
1,2,0.0,0.0,1.0,0.0,0.0,0.0,0.0,0.0,0.0,0.0
1,2,0.0,0.0,1.0,0.0,0.0,0.0,0.0,0.0,0.0,0.0
1,2,0.0,0.0,1.0,0.0,0.0,0.0,0.0,0.0,0.0,0.0
1,2,0.0,0.0,1.0,0.0,0.0,0.0,0.0,0.0,0.0,0.0
1,2,0.0,0.0,1.0,0.0,0.0,0.0,0.0,0.0,0.0,0.0
1,2,0.0,0.0,1.0,0.0,0.0,0.0,0.0,0.0,0.0,0.0
1,2,0.0,0.0,1.0,0.0,0.0,0.0,0.0,0.0,0.0,0.0
1,2,0.0,0.0,1.0,0.0,0.0,0.0,0.0,0.0,0.0,0.0
1,2,0.0,0.0,1.0,0.0,0.0,0.0,0.0,0.0,0.0,0.0
1,2,0.0,0.0,1.0,0.0,0.0,0.0,0.0,0.0,0.0,0.0
1,2,0.0,0.0,1.0,0.0,0.0,0.0,0.0,0.0,0.0,0.0
1,2,0.0,0.0,1.0,0.0,0.0,0.0,0.0,0.0,0.0,0.0
1,2,0.0,0.0,1.0,0.0,0.0,0.0,0.0,0.0,0.0,0.0
1,2,0.0,0.0,1.0,0.0,0.0,0.0,0.0,0.0,0.0,0.0
1,2,0.0,0.0,1.0,0.0,0.0,0.0,0.0,0.0,0.0,0.0
1,2,0.0,0.0,1.0,0.0,0.0,0.0,0.0,0.0,0.0,0.0
1,2,0.0,0.0,1.0,0.0,0.0,0.0,0.0,0.0,0.0,0.0
1,2,0.0,0.0,1.0,0.0,0.0,0.0,0.0,0.0,0.0,0.0
1,2,0.0,0.0,1.0,0.0,0.0,0.0,0.0,0.0,0.0,0.0
1,2,0.0,0.0,1.0,0.0,0.0,0.0,0.0,0.0,0.0,0.0
1,2,0.0,0.0,1.0,0.0,0.0,0.0,0.0,0.0,0.0,0.0
1,2,0.0,0.0,1.0,0.0,0.0,0.0,0.0,0.0,0.0,0.0
1,2,0.0,0.0,1.0,0.0,0.0,0.0,0.0,0.0,0.0,0.0
1,2,0.0,0.0,1.0,0.0,0.0,0.0,0.0,0.0,0.0,0.0
1,2,0.0,0.0,1.0,0.0,0.0,0.0,0.0,0.0,0.0,0.0
1,2,0.0,0.0,1.0,0.0,0.0,0.0,0.0,0.0,0.0,0.0
1,2,0.0,0.0,1.0,0.0,0.0,0.0,0.0,0.0,0.0,0.0
1,2,0.0,0.0,1.0,0.0,0.0,0.0,0.0,0.0,0.0,0.0
1,2,0.0,0.0,1.0,0.0,0.0,0.0,0.0,0.0,0.0,0.0
1,2,0.0,0.0,1.0,0.0,0.0,0.0,0.0,0.0,0.0,0.0
1,2,0.0,0.0,1.0,0.0,0.0,0.0,0.0,0.0,0.0,0.0
1,2,0.0,0.0,1.0,0.0,0.0,0.0,0.0,0.0,0.0,0.0
1,2,0.0,0.0,1.0,0.0,0.0,0.0,0.0,0.0,0.0,0.0
1,2,0.0,0.0,1.0,0.0,0.0,0.0,0.0,0.0,0.0,0.0
1,2,0.0,0.0,1.0,0.0,0.0,0.0,0.0,0.0,0.0,0.0
1,2,0.0,0.0,1.0,0.0,0.0,0.0,0.0,0.0,0.0,0.0
1,2,0.0,0.0,1.0,0.0,0.0,0.0,0.0,0.0,0.0,0.0
1,2,0.0,0.0,1.0,0.0,0.0,0.0,0.0,0.0,0.0,0.0
1,2,0.0,0.0,1.0,0.0,0.0,0.0,0.0,0.0,0.0,0.0
1,2,0.0,0.0,1.0,0.0,0.0,0.0,0.0,0.0,0.0,0.0
1,2,0.0,0.0,1.0,0.0,0.0,0.0,0.0,0.0,0.0,0.0
1,2,0.0,0.0,1.0,0.0,0.0,0.0,0.0,0.0,0.0,0.0
1,2,0.0,0.0,1.0,0.0,0.0,0.0,0.0,0.0,0.0,0.0
1,2,0.0,0.0,1.0,0.0,0.0,0.0,0.0,0.0,0.0,0.0
1,2,0.0,0.0,1.0,0.0,0.0,0.0,0.0,0.0,0.0,0.0
1,2,0.0,0.0,1.0,0.0,0.0,0.0,0.0,0.0,0.0,0.0
1,2,0.0,0.0,1.0,0.0,0.0,0.0,0.0,0.0,0.0,0.0
1,2,0.0,0.0,1.0,0.0,0.0,0.0,0.0,0.0,0.0,0.0
1,2,0.0,0.0,1.0,0.0,0.0,0.0,0.0,0.0,0.0,0.0
1,2,0.0,0.0,1.0,0.0,0.0,0.0,0.0,0.0,0.0,0.0
1,2,0.0,0.0,1.0,0.0,0.0,0.0,0.0,0.0,0.0,0.0
1,2,0.0,0.0,1.0,0.0,0.0,0.0,0.0,0.0,0.0,0.0
1,2,0.0,0.0,1.0,0.0,0.0,0.0,0.0,0.0,0.0,0.0
1,2,0.0,0.0,1.0,0.0,0.0,0.0,0.0,0.0,0.0,0.0
1,2,0.0,0.0,1.0,0.0,0.0,0.0,0.0,0.0,0.0,0.0
1,2,0.0,0.0,1.0,0.0,0.0,0.0,0.0,0.0,0.0,0.0
1,2,0.0,0.0,1.0,0.0,0.0,0.0,0.0,0.0,0.0,0.0
1,2,0.0,0.0,1.0,0.0,0.0,0.0,0.0,0.0,0.0,0.0
1,2,0.0,0.0,1.0,0.0,0.0,0.0,0.0,0.0,0.0,0.0
1,2,0.0,0.0,1.0,0.0,0.0,0.0,0.0,0.0,0.0,0.0
1,2,0.0,0.0,1.0,0.0,0.0,0.0,0.0,0.0,0.0,0.0
1,2,0.0,0.0,1.0,0.0,0.0,0.0,0.0,0.0,0.0,0.0
1,2,0.0,0.0,1.0,0.0,0.0,0.0,0.0,0.0,0.0,0.0
1,2,0.0,0.0,1.0,0.0,0.0,0.0,0.0,0.0,0.0,0.0
1,2,0.0,0.0,1.0,0.0,0.0,0.0,0.0,0.0,0.0,0.0
1,2,0.0,0.0,1.0,0.0,0.0,0.0,0.0,0.0,0.0,0.0
1,2,0.0,0.0,1.0,0.0,0.0,0.0,0.0,0.0,0.0,0.0
1,2,0.0,0.0,1.0,0.0,0.0,0.0,0.0,0.0,0.0,0.0
1,2,0.0,0.0,1.0,0.0,0.0,0.0,0.0,0.0,0.0,0.0
1,2,0.0,0.0,1.0,0.0,0.0,0.0,0.0,0.0,0.0,0.0
1,2,0.0,0.0,1.0,0.0,0.0,0.0,0.0,0.0,0.0,0.0
1,2,0.0,0.0,1.0,0.0,0.0,0.0,0.0,0.0,0.0,0.0
1,2,0.0,0.0,1.0,0.0,0.0,0.0,0.0,0.0,0.0,0.0
1,2,0.0,0.0,1.0,0.0,0.0,0.0,0.0,0.0,0.0,0.0
1,2,0.0,0.0,1.0,0.0,0.0,0.0,0.0,0.0,0.0,0.0
1,2,0.0,0.0,1.0,0.0,0.0,0.0,0.0,0.0,0.0,0.0
1,2,0.0,0.0,1.0,0.0,0.0,0.0,0.0,0.0,0.0,0.0
1,2,0.0,0.0,1.0,0.0,0.0,0.0,0.0,0.0,0.0,0.0
1,2,0.0,0.0,1.0,0.0,0.0,0.0,0.0,0.0,0.0,0.0
1,2,0.0,0.0,1.0,0.0,0.0,0.0,0.0,0.0,0.0,0.0
1,2,0.0,0.0,1.0,0.0,0.0,0.0,0.0,0.0,0.0,0.0
1,2,0.0,0.0,1.0,0.0,0.0,0.0,0.0,0.0,0.0,0.0
1,2,0.0,0.0,1.0,0.0,0.0,0.0,0.0,0.0,0.0,0.0
1,2,0.0,0.0,1.0,0.0,0.0,0.0,0.0,0.0,0.0,0.0
1,2,0.0,0.0,1.0,0.0,0.0,0.0,0.0,0.0,0.0,0.0
1,2,0.0,0.0,1.0,0.0,0.0,0.0,0.0,0.0,0.0,0.0
1,2,0.0,0.0,1.0,0.0,0.0,0.0,0.0,0.0,0.0,0.0
1,2,0.0,0.0,1.0,0.0,0.0,0.0,0.0,0.0,0.0,0.0
1,2,0.0,0.0,1.0,0.0,0.0,0.0,0.0,0.0,0.0,0.0
1,2,0.0,0.0,1.0,0.0,0.0,0.0,0.0,0.0,0.0,0.0
1,2,0.0,0.0,1.0,0.0,0.0,0.0,0.0,0.0,0.0,0.0
1,2,0.0,0.0,1.0,0.0,0.0,0.0,0.0,0.0,0.0,0.0
1,2,0.0,0.0,1.0,0.0,0.0,0.0,0.0,0.0,0.0,0.0
1,2,0.0,0.0,1.0,0.0,0.0,0.0,0.0,0.0,0.0,0.0
1,2,0.0,0.0,1.0,0.0,0.0,0.0,0.0,0.0,0.0,0.0
1,2,0.0,0.0,1.0,0.0,0.0,0.0,0.0,0.0,0.0,0.0
1,2,0.0,0.0,1.0,0.0,0.0,0.0,0.0,0.0,0.0,0.0
1,2,0.0,0.0,1.0,0.0,0.0,0.0,0.0,0.0,0.0,0.0
1,2,0.0,0.0,1.0,0.0,0.0,0.0,0.0,0.0,0.0,0.0
1,2,0.0,0.0,1.0,0.0,0.0,0.0,0.0,0.0,0.0,0.0
1,2,0.0,0.0,1.0,0.0,0.0,0.0,0.0,0.0,0.0,0.0
1,2,0.0,0.0,1.0,0.0,0.0,0.0,0.0,0.0,0.0,0.0
1,2,0.0,0.0,1.0,0.0,0.0,0.0,0.0,0.0,0.0,0.0
1,2,0.0,0.0,1.0,0.0,0.0,0.0,0.0,0.0,0.0,0.0
1,2,0.0,0.0,1.0,0.0,0.0,0.0,0.0,0.0,0.0,0.0
1,2,0.0,0.0,1.0,0.0,0.0,0.0,0.0,0.0,0.0,0.0
1,2,0.0,0.0,1.0,0.0,0.0,0.0,0.0,0.0,0.0,0.0
1,2,0.0,0.0,1.0,0.0,0.0,0.0,0.0,0.0,0.0,0.0
1,2,0.0,0.0,1.0,0.0,0.0,0.0,0.0,0.0,0.0,0.0
1,2,0.0,0.0,1.0,0.0,0.0,0.0,0.0,0.0,0.0,0.0
1,2,0.0,0.0,1.0,0.0,0.0,0.0,0.0,0.0,0.0,0.0
1,2,0.0,0.0,1.0,0.0,0.0,0.0,0.0,0.0,0.0,0.0
1,2,0.0,0.0,1.0,0.0,0.0,0.0,0.0,0.0,0.0,0.0
1,2,0.0,0.0,1.0,0.0,0.0,0.0,0.0,0.0,0.0,0.0
1,2,0.0,0.0,1.0,0.0,0.0,0.0,0.0,0.0,0.0,0.0
1,2,0.0,0.0,1.0,0.0,0.0,0.0,0.0,0.0,0.0,0.0
1,2,0.0,0.0,1.0,0.0,0.0,0.0,0.0,0.0,0.0,0.0
1,2,0.0,0.0,1.0,0.0,0.0,0.0,0.0,0.0,0.0,0.0
1,2,0.0,0.0,1.0,0.0,0.0,0.0,0.0,0.0,0.0,0.0
1,2,0.0,0.0,1.0,0.0,0.0,0.0,0.0,0.0,0.0,0.0
1,2,0.0,0.0,1.0,0.0,0.0,0.0,0.0,0.0,0.0,0.0
1,2,0.0,0.0,1.0,0.0,0.0,0.0,0.0,0.0,0.0,0.0
1,2,0.0,0.0,1.0,0.0,0.0,0.0,0.0,0.0,0.0,0.0
1,2,0.0,0.0,1.0,0.0,0.0,0.0,0.0,0.0,0.0,0.0
1,2,0.0,0.0,1.0,0.0,0.0,0.0,0.0,0.0,0.0,0.0
1,2,0.0,0.0,1.0,0.0,0.0,0.0,0.0,0.0,0.0,0.0
1,2,0.0,0.0,1.0,0.0,0.0,0.0,0.0,0.0,0.0,0.0
1,2,0.0,0.0,1.0,0.0,0.0,0.0,0.0,0.0,0.0,0.0
1,2,0.0,0.0,1.0,0.0,0.0,0.0,0.0,0.0,0.0,0.0
1,2,0.0,0.0,1.0,0.0,0.0,0.0,0.0,0.0,0.0,0.0
1,2,0.0,0.0,1.0,0.0,0.0,0.0,0.0,0.0,0.0,0.0
1,2,0.0,0.0,1.0,0.0,0.0,0.0,0.0,0.0,0.0,0.0
1,2,0.0,0.0,1.0,0.0,0.0,0.0,0.0,0.0,0.0,0.0
1,2,0.0,0.0,1.0,0.0,0.0,0.0,0.0,0.0,0.0,0.0
1,2,0.0,0.0,1.0,0.0,0.0,0.0,0.0,0.0,0.0,0.0
1,2,0.0,0.0,1.0,0.0,0.0,0.0,0.0,0.0,0.0,0.0
1,2,0.0,0.0,1.0,0.0,0.0,0.0,0.0,0.0,0.0,0.0
1,2,0.0,0.0,1.0,0.0,0.0,0.0,0.0,0.0,0.0,0.0
1,2,0.0,0.0,1.0,0.0,0.0,0.0,0.0,0.0,0.0,0.0
1,2,0.0,0.0,1.0,0.0,0.0,0.0,0.0,0.0,0.0,0.0
1,2,0.0,0.0,1.0,0.0,0.0,0.0,0.0,0.0,0.0,0.0
1,2,0.0,0.0,1.0,0.0,0.0,0.0,0.0,0.0,0.0,0.0
1,2,0.0,0.0,1.0,0.0,0.0,0.0,0.0,0.0,0.0,0.0
1,2,0.0,0.0,1.0,0.0,0.0,0.0,0.0,0.0,0.0,0.0
1,2,0.0,0.0,1.0,0.0,0.0,0.0,0.0,0.0,0.0,0.0
1,2,0.0,0.0,1.0,0.0,0.0,0.0,0.0,0.0,0.0,0.0
1,2,0.0,0.0,1.0,0.0,0.0,0.0,0.0,0.0,0.0,0.0
1,2,0.0,0.0,1.0,0.0,0.0,0.0,0.0,0.0,0.0,0.0
1,2,0.0,0.0,1.0,0.0,0.0,0.0,0.0,0.0,0.0,0.0
1,2,0.0,0.0,1.0,0.0,0.0,0.0,0.0,0.0,0.0,0.0
1,2,0.0,0.0,1.0,0.0,0.0,0.0,0.0,0.0,0.0,0.0
1,2,0.0,0.0,1.0,0.0,0.0,0.0,0.0,0.0,0.0,0.0
1,2,0.0,0.0,1.0,0.0,0.0,0.0,0.0,0.0,0.0,0.0
1,2,0.0,0.0,1.0,0.0,0.0,0.0,0.0,0.0,0.0,0.0
1,2,0.0,0.0,1.0,0.0,0.0,0.0,0.0,0.0,0.0,0.0
1,2,0.0,0.0,1.0,0.0,0.0,0.0,0.0,0.0,0.0,0.0
1,2,0.0,0.0,1.0,0.0,0.0,0.0,0.0,0.0,0.0,0.0
1,2,0.0,0.0,1.0,0.0,0.0,0.0,0.0,0.0,0.0,0.0
1,2,0.0,0.0,1.0,0.0,0.0,0.0,0.0,0.0,0.0,0.0
1,2,0.0,0.0,1.0,0.0,0.0,0.0,0.0,0.0,0.0,0.0
1,2,0.0,0.0,1.0,0.0,0.0,0.0,0.0,0.0,0.0,0.0
1,2,0.0,0.0,1.0,0.0,0.0,0.0,0.0,0.0,0.0,0.0
1,2,0.0,0.0,1.0,0.0,0.0,0.0,0.0,0.0,0.0,0.0
1,2,0.0,0.0,1.0,0.0,0.0,0.0,0.0,0.0,0.0,0.0
1,2,0.0,0.0,1.0,0.0,0.0,0.0,0.0,0.0,0.0,0.0
1,2,0.0,0.0,1.0,0.0,0.0,0.0,0.0,0.0,0.0,0.0
1,2,0.0,0.0,1.0,0.0,0.0,0.0,0.0,0.0,0.0,0.0
1,2,0.0,0.0,1.0,0.0,0.0,0.0,0.0,0.0,0.0,0.0
1,2,0.0,0.0,1.0,0.0,0.0,0.0,0.0,0.0,0.0,0.0
1,2,0.0,0.0,1.0,0.0,0.0,0.0,0.0,0.0,0.0,0.0
1,2,0.0,0.0,1.0,0.0,0.0,0.0,0.0,0.0,0.0,0.0
1,2,0.0,0.0,1.0,0.0,0.0,0.0,0.0,0.0,0.0,0.0
1,2,0.0,0.0,1.0,0.0,0.0,0.0,0.0,0.0,0.0,0.0
1,2,0.0,0.0,1.0,0.0,0.0,0.0,0.0,0.0,0.0,0.0
1,2,0.0,0.0,1.0,0.0,0.0,0.0,0.0,0.0,0.0,0.0
1,2,0.0,0.0,1.0,0.0,0.0,0.0,0.0,0.0,0.0,0.0
1,2,0.0,0.0,1.0,0.0,0.0,0.0,0.0,0.0,0.0,0.0
1,2,0.0,0.0,1.0,0.0,0.0,0.0,0.0,0.0,0.0,0.0
1,2,0.0,0.0,1.0,0.0,0.0,0.0,0.0,0.0,0.0,0.0
1,2,0.0,0.0,1.0,0.0,0.0,0.0,0.0,0.0,0.0,0.0
1,2,0.0,0.0,1.0,0.0,0.0,0.0,0.0,0.0,0.0,0.0
1,2,0.0,0.0,1.0,0.0,0.0,0.0,0.0,0.0,0.0,0.0
1,2,0.0,0.0,1.0,0.0,0.0,0.0,0.0,0.0,0.0,0.0
1,2,0.0,0.0,1.0,0.0,0.0,0.0,0.0,0.0,0.0,0.0
1,2,0.0,0.0,1.0,0.0,0.0,0.0,0.0,0.0,0.0,0.0
1,2,0.0,0.0,1.0,0.0,0.0,0.0,0.0,0.0,0.0,0.0
1,2,0.0,0.0,1.0,0.0,0.0,0.0,0.0,0.0,0.0,0.0
1,2,0.0,0.0,1.0,0.0,0.0,0.0,0.0,0.0,0.0,0.0
1,2,0.0,0.0,1.0,0.0,0.0,0.0,0.0,0.0,0.0,0.0
1,2,0.0,0.0,1.0,0.0,0.0,0.0,0.0,0.0,0.0,0.0
1,2,0.0,0.0,1.0,0.0,0.0,0.0,0.0,0.0,0.0,0.0
1,2,0.0,0.0,1.0,0.0,0.0,0.0,0.0,0.0,0.0,0.0
1,2,0.0,0.0,1.0,0.0,0.0,0.0,0.0,0.0,0.0,0.0
1,2,0.0,0.0,1.0,0.0,0.0,0.0,0.0,0.0,0.0,0.0
1,2,0.0,0.0,1.0,0.0,0.0,0.0,0.0,0.0,0.0,0.0
1,2,0.0,0.0,1.0,0.0,0.0,0.0,0.0,0.0,0.0,0.0
1,2,0.0,0.0,1.0,0.0,0.0,0.0,0.0,0.0,0.0,0.0
1,2,0.0,0.0,1.0,0.0,0.0,0.0,0.0,0.0,0.0,0.0
1,2,0.0,0.0,1.0,0.0,0.0,0.0,0.0,0.0,0.0,0.0
1,2,0.0,0.0,1.0,0.0,0.0,0.0,0.0,0.0,0.0,0.0
1,2,0.0,0.0,1.0,0.0,0.0,0.0,0.0,0.0,0.0,0.0
1,2,0.0,0.0,1.0,0.0,0.0,0.0,0.0,0.0,0.0,0.0
1,2,0.0,0.0,1.0,0.0,0.0,0.0,0.0,0.0,0.0,0.0
1,2,0.0,0.0,1.0,0.0,0.0,0.0,0.0,0.0,0.0,0.0
1,2,0.0,0.0,1.0,0.0,0.0,0.0,0.0,0.0,0.0,0.0
1,2,0.0,0.0,1.0,0.0,0.0,0.0,0.0,0.0,0.0,0.0
1,2,0.0,0.0,1.0,0.0,0.0,0.0,0.0,0.0,0.0,0.0
1,2,0.0,0.0,1.0,0.0,0.0,0.0,0.0,0.0,0.0,0.0
1,2,0.0,0.0,1.0,0.0,0.0,0.0,0.0,0.0,0.0,0.0
1,2,0.0,0.0,1.0,0.0,0.0,0.0,0.0,0.0,0.0,0.0
1,2,0.0,0.0,1.0,0.0,0.0,0.0,0.0,0.0,0.0,0.0
1,2,0.0,0.0,1.0,0.0,0.0,0.0,0.0,0.0,0.0,0.0
1,2,0.0,0.0,1.0,0.0,0.0,0.0,0.0,0.0,0.0,0.0
1,2,0.0,0.0,1.0,0.0,0.0,0.0,0.0,0.0,0.0,0.0
1,2,0.0,0.0,1.0,0.0,0.0,0.0,0.0,0.0,0.0,0.0
1,2,0.0,0.0,1.0,0.0,0.0,0.0,0.0,0.0,0.0,0.0
1,2,0.0,0.0,1.0,0.0,0.0,0.0,0.0,0.0,0.0,0.0
1,2,0.0,0.0,1.0,0.0,0.0,0.0,0.0,0.0,0.0,0.0
1,2,0.0,0.0,1.0,0.0,0.0,0.0,0.0,0.0,0.0,0.0
1,2,0.0,0.0,1.0,0.0,0.0,0.0,0.0,0.0,0.0,0.0
1,2,0.0,0.0,1.0,0.0,0.0,0.0,0.0,0.0,0.0,0.0
1,2,0.0,0.0,1.0,0.0,0.0,0.0,0.0,0.0,0.0,0.0
1,2,0.0,0.0,1.0,0.0,0.0,0.0,0.0,0.0,0.0,0.0
1,2,0.0,0.0,1.0,0.0,0.0,0.0,0.0,0.0,0.0,0.0
1,2,0.0,0.0,1.0,0.0,0.0,0.0,0.0,0.0,0.0,0.0
1,2,0.0,0.0,1.0,0.0,0.0,0.0,0.0,0.0,0.0,0.0
1,2,0.0,0.0,1.0,0.0,0.0,0.0,0.0,0.0,0.0,0.0
1,2,0.0,0.0,1.0,0.0,0.0,0.0,0.0,0.0,0.0,0.0
1,2,0.0,0.0,1.0,0.0,0.0,0.0,0.0,0.0,0.0,0.0
1,2,0.0,0.0,1.0,0.0,0.0,0.0,0.0,0.0,0.0,0.0
1,2,0.0,0.0,1.0,0.0,0.0,0.0,0.0,0.0,0.0,0.0
1,2,0.0,0.0,1.0,0.0,0.0,0.0,0.0,0.0,0.0,0.0
1,2,0.0,0.0,1.0,0.0,0.0,0.0,0.0,0.0,0.0,0.0
1,2,0.0,0.0,1.0,0.0,0.0,0.0,0.0,0.0,0.0,0.0
1,2,0.0,0.0,1.0,0.0,0.0,0.0,0.0,0.0,0.0,0.0
1,2,0.0,0.0,1.0,0.0,0.0,0.0,0.0,0.0,0.0,0.0
1,2,0.0,0.0,1.0,0.0,0.0,0.0,0.0,0.0,0.0,0.0
1,2,0.0,0.0,1.0,0.0,0.0,0.0,0.0,0.0,0.0,0.0
1,2,0.0,0.0,1.0,0.0,0.0,0.0,0.0,0.0,0.0,0.0
1,2,0.0,0.0,1.0,0.0,0.0,0.0,0.0,0.0,0.0,0.0
1,2,0.0,0.0,1.0,0.0,0.0,0.0,0.0,0.0,0.0,0.0
1,2,0.0,0.0,1.0,0.0,0.0,0.0,0.0,0.0,0.0,0.0
1,2,0.0,0.0,1.0,0.0,0.0,0.0,0.0,0.0,0.0,0.0
1,2,0.0,0.0,1.0,0.0,0.0,0.0,0.0,0.0,0.0,0.0
1,2,0.0,0.0,1.0,0.0,0.0,0.0,0.0,0.0,0.0,0.0
1,2,0.0,0.0,1.0,0.0,0.0,0.0,0.0,0.0,0.0,0.0
1,2,0.0,0.0,1.0,0.0,0.0,0.0,0.0,0.0,0.0,0.0
1,2,0.0,0.0,0.9384033,0.06159671,0.0,0.0,0.0,0.0,0.0,0.0
1,2,0.0,0.0,0.9384033,0.06159671,0.0,0.0,0.0,0.0,0.0,0.0
1,2,0.0,0.0,0.9384033,0.06159671,0.0,0.0,0.0,0.0,0.0,0.0
1,2,0.0,0.0,0.9384033,0.06159671,0.0,0.0,0.0,0.0,0.0,0.0
1,2,0.0,0.0,0.9384033,0.06159671,0.0,0.0,0.0,0.0,0.0,0.0
1,2,0.0,0.0,0.9384033,0.06159671,0.0,0.0,0.0,0.0,0.0,0.0
1,2,0.0,0.0,0.9384033,0.06159671,0.0,0.0,0.0,0.0,0.0,0.0
1,2,0.0,0.0,0.9384033,0.06159671,0.0,0.0,0.0,0.0,0.0,0.0
1,2,0.0,0.0,0.9384033,0.06159671,0.0,0.0,0.0,0.0,0.0,0.0
1,2,0.0,0.0,0.9384033,0.06159671,0.0,0.0,0.0,0.0,0.0,0.0
1,2,0.0,0.0,0.9384033,0.06159671,0.0,0.0,0.0,0.0,0.0,0.0
1,2,0.0,0.0,0.9384033,0.06159671,0.0,0.0,0.0,0.0,0.0,0.0
1,2,0.0,0.0,0.9384033,0.06159671,0.0,0.0,0.0,0.0,0.0,0.0
1,2,0.0,0.0,0.9384033,0.06159671,0.0,0.0,0.0,0.0,0.0,0.0
1,2,0.0,0.0,0.9384033,0.06159671,0.0,0.0,0.0,0.0,0.0,0.0
1,2,0.0,0.0,0.9384033,0.06159671,0.0,0.0,0.0,0.0,0.0,0.0
1,2,0.0,0.0,0.9384033,0.06159671,0.0,0.0,0.0,0.0,0.0,0.0
1,2,0.0,0.0,0.9384033,0.06159671,0.0,0.0,0.0,0.0,0.0,0.0
1,2,0.0,0.0,0.8694919,0.13050814,0.0,0.0,0.0,0.0,0.0,0.0
1,2,0.0,0.0,0.8694919,0.13050814,0.0,0.0,0.0,0.0,0.0,0.0
1,2,0.0,0.0,0.8694919,0.13050814,0.0,0.0,0.0,0.0,0.0,0.0
1,2,0.0,0.0,0.8694919,0.13050814,0.0,0.0,0.0,0.0,0.0,0.0
1,2,0.0,0.0,0.8694919,0.13050814,0.0,0.0,0.0,0.0,0.0,0.0
1,2,0.0,0.0,0.8694919,0.13050814,0.0,0.0,0.0,0.0,0.0,0.0
1,2,0.0,0.0,0.8694919,0.13050814,0.0,0.0,0.0,0.0,0.0,0.0
1,2,0.0,0.0,0.8694919,0.13050814,0.0,0.0,0.0,0.0,0.0,0.0
1,2,0.0,0.0,0.8694919,0.13050814,0.0,0.0,0.0,0.0,0.0,0.0
1,2,0.0,0.0,0.8694919,0.13050814,0.0,0.0,0.0,0.0,0.0,0.0
1,2,0.0,0.0,0.8694919,0.13050814,0.0,0.0,0.0,0.0,0.0,0.0
1,2,0.0,0.0,0.8694919,0.13050814,0.0,0.0,0.0,0.0,0.0,0.0
1,2,0.0,0.0,0.8694919,0.13050814,0.0,0.0,0.0,0.0,0.0,0.0
1,2,0.0,0.0,0.8694919,0.13050814,0.0,0.0,0.0,0.0,0.0,0.0
1,2,0.0,0.0,0.8694919,0.13050814,0.0,0.0,0.0,0.0,0.0,0.0
1,2,0.0,0.0,0.8694919,0.13050814,0.0,0.0,0.0,0.0,0.0,0.0
1,2,0.0,0.0,0.8694919,0.13050814,0.0,0.0,0.0,0.0,0.0,0.0
1,2,0.0,0.0,0.8694919,0.13050814,0.0,0.0,0.0,0.0,0.0,0.0
1,2,0.0,0.0,0.8694919,0.13050814,0.0,0.0,0.0,0.0,0.0,0.0
1,2,0.0,0.0,0.8694919,0.13050814,0.0,0.0,0.0,0.0,0.0,0.0
1,2,0.0,0.0,0.8694919,0.13050814,0.0,0.0,0.0,0.0,0.0,0.0
1,2,0.0,0.0,0.8694919,0.13050814,0.0,0.0,0.0,0.0,0.0,0.0
1,2,0.0,0.0,0.8694919,0.13050814,0.0,0.0,0.0,0.0,0.0,0.0
1,2,0.0,0.0,0.8694919,0.13050814,0.0,0.0,0.0,0.0,0.0,0.0
1,2,0.0,0.0,0.8694919,0.13050814,0.0,0.0,0.0,0.0,0.0,0.0
1,2,0.0,0.0,0.8694919,0.13050814,0.0,0.0,0.0,0.0,0.0,0.0
1,2,0.0,0.0,0.8694919,0.13050814,0.0,0.0,0.0,0.0,0.0,0.0
1,2,0.0,0.0,0.8694919,0.13050814,0.0,0.0,0.0,0.0,0.0,0.0
1,2,0.0,0.0,0.8694919,0.13050814,0.0,0.0,0.0,0.0,0.0,0.0
1,2,0.0,0.0,0.8694919,0.13050814,0.0,0.0,0.0,0.0,0.0,0.0
1,2,0.0,0.0,0.8694919,0.13050814,0.0,0.0,0.0,0.0,0.0,0.0
1,2,0.0,0.0,0.8694919,0.13050814,0.0,0.0,0.0,0.0,0.0,0.0
1,2,0.0,0.0,0.8694919,0.13050814,0.0,0.0,0.0,0.0,0.0,0.0
1,2,0.0,0.0,0.8694919,0.13050814,0.0,0.0,0.0,0.0,0.0,0.0
1,2,0.0,0.0,0.8694919,0.13050814,0.0,0.0,0.0,0.0,0.0,0.0
1,2,0.0,0.0,0.8694919,0.13050814,0.0,0.0,0.0,0.0,0.0,0.0
1,2,0.0,0.0,0.8694919,0.13050814,0.0,0.0,0.0,0.0,0.0,0.0
1,2,0.0,0.0,0.8694919,0.13050814,0.0,0.0,0.0,0.0,0.0,0.0
1,2,0.0,0.0,0.8694919,0.13050814,0.0,0.0,0.0,0.0,0.0,0.0
1,2,0.0,0.0,0.8694919,0.13050814,0.0,0.0,0.0,0.0,0.0,0.0
1,2,0.0,0.0,0.8694919,0.13050814,0.0,0.0,0.0,0.0,0.0,0.0
1,2,0.0,0.0,0.8694919,0.13050814,0.0,0.0,0.0,0.0,0.0,0.0
1,2,0.0,0.0,0.80944043,0.19055961,0.0,0.0,0.0,0.0,0.0,0.0
1,2,0.0,0.0,0.80944043,0.19055961,0.0,0.0,0.0,0.0,0.0,0.0
1,2,0.0,0.0,0.80944043,0.19055961,0.0,0.0,0.0,0.0,0.0,0.0
1,2,0.0,0.0,0.80944043,0.19055961,0.0,0.0,0.0,0.0,0.0,0.0
1,2,0.0,0.0,0.74919957,0.25080046,0.0,0.0,0.0,0.0,0.0,0.0
1,2,0.0,0.0,0.74919957,0.25080046,0.0,0.0,0.0,0.0,0.0,0.0
1,2,0.0,0.0,0.74919957,0.25080046,0.0,0.0,0.0,0.0,0.0,0.0
1,2,0.0,0.0,0.74919957,0.25080046,0.0,0.0,0.0,0.0,0.0,0.0
1,2,0.0,0.0,0.74919957,0.25080046,0.0,0.0,0.0,0.0,0.0,0.0
1,2,0.0,0.0,0.74919957,0.25080046,0.0,0.0,0.0,0.0,0.0,0.0
1,2,0.0,0.0,0.74919957,0.25080046,0.0,0.0,0.0,0.0,0.0,0.0
1,2,0.0,0.0,0.74919957,0.25080046,0.0,0.0,0.0,0.0,0.0,0.0
1,2,0.0,0.0,0.6896395,0.25080046,0.0,0.059560057,0.0,0.0,0.0,0.0
1,2,0.0,0.0,0.6896395,0.25080046,0.0,0.059560057,0.0,0.0,0.0,0.0
1,2,0.0,0.0,0.6896395,0.25080046,0.0,0.059560057,0.0,0.0,0.0,0.0
1,2,0.0,0.0,0.6896395,0.25080046,0.0,0.059560057,0.0,0.0,0.0,0.0
1,2,0.0,0.0,0.6896395,0.25080046,0.0,0.059560057,0.0,0.0,0.0,0.0
1,2,0.0,0.0,0.6896395,0.25080046,0.0,0.059560057,0.0,0.0,0.0,0.0
1,2,0.0,0.0,0.6896395,0.25080046,0.0,0.059560057,0.0,0.0,0.0,0.0
1,2,0.0,0.0,0.6896395,0.25080046,0.0,0.059560057,0.0,0.0,0.0,0.0
1,2,0.0,0.0,0.6896395,0.25080046,0.0,0.059560057,0.0,0.0,0.0,0.0
1,2,0.0,0.0,0.6896395,0.25080046,0.0,0.059560057,0.0,0.0,0.0,0.0
1,2,0.0,0.0,0.6896395,0.25080046,0.0,0.059560057,0.0,0.0,0.0,0.0
1,2,0.0,0.0,0.6896395,0.25080046,0.0,0.059560057,0.0,0.0,0.0,0.0
1,2,0.0,0.0,0.6896395,0.25080046,0.0,0.059560057,0.0,0.0,0.0,0.0
1,2,0.0,0.0,0.6896395,0.25080046,0.0,0.059560057,0.0,0.0,0.0,0.0
1,2,0.0,0.0,0.6896395,0.25080046,0.0,0.059560057,0.0,0.0,0.0,0.0
1,2,0.0,0.0,0.6896395,0.25080046,0.0,0.059560057,0.0,0.0,0.0,0.0
1,2,0.0,0.0,0.6896395,0.25080046,0.0,0.059560057,0.0,0.0,0.0,0.0
1,2,0.0,0.0,0.6896395,0.25080046,0.0,0.059560057,0.0,0.0,0.0,0.0
1,2,0.0,0.0,0.6896395,0.25080046,0.0,0.059560057,0.0,0.0,0.0,0.0
1,2,0.0,0.0,0.62944716,0.3109928,0.0,0.059560057,0.0,0.0,0.0,0.0
1,2,0.0,0.0,0.62944716,0.3109928,0.0,0.059560057,0.0,0.0,0.0,0.0
1,2,0.0,0.0,0.62944716,0.3109928,0.0,0.059560057,0.0,0.0,0.0,0.0
1,2,0.0,0.0,0.62944716,0.3109928,0.0,0.059560057,0.0,0.0,0.0,0.0
1,2,0.0,0.0,0.62944716,0.3109928,0.0,0.059560057,0.0,0.0,0.0,0.0
1,2,0.0,0.0,0.62944716,0.3109928,0.0,0.059560057,0.0,0.0,0.0,0.0
1,2,0.0,0.0,0.62944716,0.3109928,0.0,0.059560057,0.0,0.0,0.0,0.0
1,2,0.0,0.0,0.62944716,0.3109928,0.0,0.059560057,0.0,0.0,0.0,0.0
1,2,0.0,0.0,0.62944716,0.3109928,0.0,0.059560057,0.0,0.0,0.0,0.0
1,2,0.0,0.0,0.571011,0.3694289,0.0,0.059560053,0.0,0.0,0.0,0.0
1,2,0.0,0.0,0.571011,0.3694289,0.0,0.059560053,0.0,0.0,0.0,0.0
1,2,0.0,0.0,0.571011,0.3694289,0.0,0.059560053,0.0,0.0,0.0,0.0
1,2,0.0,0.0,0.571011,0.3694289,0.0,0.059560053,0.0,0.0,0.0,0.0
1,2,0.0,0.0,0.5067212,0.43371874,0.0,0.059560057,0.0,0.0,0.0,0.0
1,2,0.0,0.0,0.5067212,0.43371874,0.0,0.059560057,0.0,0.0,0.0,0.0
1,2,0.0,0.0,0.5067212,0.43371874,0.0,0.059560057,0.0,0.0,0.0,0.0
1,2,0.0,0.0,0.5067212,0.43371874,0.0,0.059560057,0.0,0.0,0.0,0.0
1,3,0.0,0.0,0.44602478,0.4944152,0.0,0.05956006,0.0,0.0,0.0,0.0
1,3,0.0,0.0,0.44602478,0.4944152,0.0,0.05956006,0.0,0.0,0.0,0.0
1,3,0.0,0.0,0.44602478,0.4944152,0.0,0.05956006,0.0,0.0,0.0,0.0
1,3,0.0,0.0,0.44602478,0.4944152,0.0,0.05956006,0.0,0.0,0.0,0.0
1,3,0.0,0.0,0.44602478,0.4944152,0.0,0.05956006,0.0,0.0,0.0,0.0
1,3,0.0,0.0,0.44602478,0.4944152,0.0,0.05956006,0.0,0.0,0.0,0.0
1,3,0.0,0.0,0.44602478,0.4944152,0.0,0.05956006,0.0,0.0,0.0,0.0
1,3,0.0,0.0,0.44602478,0.4944152,0.0,0.05956006,0.0,0.0,0.0,0.0
1,3,0.0,0.0,0.44602478,0.4944152,0.0,0.05956006,0.0,0.0,0.0,0.0
1,3,0.0,0.0,0.44602478,0.4944152,0.0,0.05956006,0.0,0.0,0.0,0.0
1,3,0.0,0.0,0.44602478,0.4944152,0.0,0.05956006,0.0,0.0,0.0,0.0
1,3,0.0,0.0,0.44602478,0.4944152,0.0,0.05956006,0.0,0.0,0.0,0.0
1,3,0.0,0.0,0.44602478,0.4944152,0.0,0.05956006,0.0,0.0,0.0,0.0
1,3,0.0,0.0,0.44602478,0.4944152,0.0,0.05956006,0.0,0.0,0.0,0.0
1,3,0.0,0.0,0.44602478,0.4944152,0.0,0.05956006,0.0,0.0,0.0,0.0
1,3,0.0,0.0,0.44602478,0.4944152,0.0,0.05956006,0.0,0.0,0.0,0.0
1,3,0.0,0.0,0.44602478,0.4944152,0.0,0.05956006,0.0,0.0,0.0,0.0
1,3,0.0,0.0,0.44602478,0.4944152,0.0,0.05956006,0.0,0.0,0.0,0.0
2,3,0.0,0.0,0.44602478,0.4944152,0.0,0.05956006,0.0,0.0,0.0,0.0
2,3,0.0,0.0,0.44602478,0.4944152,0.0,0.05956006,0.0,0.0,0.0,0.0
2,3,0.0,0.0,0.38555202,0.49441516,0.0,0.120032795,0.0,0.0,0.0,0.0
2,3,0.0,0.0,0.38555202,0.49441516,0.0,0.120032795,0.0,0.0,0.0,0.0
2,3,0.0,0.0,0.38555202,0.49441516,0.0,0.120032795,0.0,0.0,0.0,0.0
2,3,0.0,0.0,0.38555202,0.49441516,0.0,0.120032795,0.0,0.0,0.0,0.0
2,3,0.0,0.0,0.38555202,0.49441516,0.0,0.120032795,0.0,0.0,0.0,0.0
2,3,0.0,0.0,0.38555202,0.49441516,0.0,0.120032795,0.0,0.0,0.0,0.0
2,3,0.0,0.0,0.38555202,0.49441516,0.0,0.120032795,0.0,0.0,0.0,0.0
2,3,0.0,0.0,0.38555202,0.49441516,0.0,0.120032795,0.0,0.0,0.0,0.0
2,3,0.0,0.0,0.38555202,0.49441516,0.0,0.120032795,0.0,0.0,0.0,0.0
2,3,0.0,0.0,0.38555202,0.49441516,0.0,0.120032795,0.0,0.0,0.0,0.0
2,3,0.0,0.0,0.38555202,0.49441516,0.0,0.120032795,0.0,0.0,0.0,0.0
2,3,0.0,0.0,0.38555202,0.49441516,0.0,0.120032795,0.0,0.0,0.0,0.0
2,3,0.0,0.0,0.38555202,0.49441516,0.0,0.120032795,0.0,0.0,0.0,0.0
2,3,0.0,0.0,0.38555202,0.49441516,0.0,0.120032795,0.0,0.0,0.0,0.0
2,3,0.0,0.0,0.2562952,0.5602516,0.0634204,0.120032795,0.0,0.0,0.0,0.0
2,3,0.0,0.0,0.2562952,0.5602516,0.0634204,0.120032795,0.0,0.0,0.0,0.0
2,3,0.0,0.0,0.2562952,0.5602516,0.0634204,0.120032795,0.0,0.0,0.0,0.0
2,3,0.0,0.0,0.2562952,0.5602516,0.0634204,0.120032795,0.0,0.0,0.0,0.0
2,3,0.0,0.0,0.2562952,0.5602516,0.0634204,0.120032795,0.0,0.0,0.0,0.0
2,3,0.0,0.0,0.2562952,0.5602516,0.0634204,0.120032795,0.0,0.0,0.0,0.0
2,3,0.0,0.0,0.2562952,0.5602516,0.0634204,0.120032795,0.0,0.0,0.0,0.0
2,3,0.0,0.0,0.2562952,0.5602516,0.0634204,0.120032795,0.0,0.0,0.0,0.0
2,3,0.0,0.0,0.2562952,0.5602516,0.0634204,0.120032795,0.0,0.0,0.0,0.0
2,3,0.0,0.0,0.2562952,0.5602516,0.0634204,0.120032795,0.0,0.0,0.0,0.0
2,3,0.0,0.0,0.1348143,0.5602516,0.1224793,0.1824548,0.0,0.0,0.0,0.0
2,3,0.0,0.0,0.1348143,0.5602516,0.1224793,0.1824548,0.0,0.0,0.0,0.0
2,3,0.0,0.0,0.1348143,0.5602516,0.1224793,0.1824548,0.0,0.0,0.0,0.0
2,3,0.0,0.0,0.1348143,0.5602516,0.1224793,0.1824548,0.0,0.0,0.0,0.0
2,3,0.0,0.0,0.1348143,0.5602516,0.1224793,0.1824548,0.0,0.0,0.0,0.0
2,3,0.0,0.0,0.1348143,0.5602516,0.1224793,0.1824548,0.0,0.0,0.0,0.0
2,3,0.0,0.0,0.1348143,0.5602516,0.1224793,0.1824548,0.0,0.0,0.0,0.0
2,3,0.0,0.0,0.1348143,0.5602516,0.1224793,0.1824548,0.0,0.0,0.0,0.0
2,3,0.0,0.0,0.1348143,0.5602516,0.1224793,0.1824548,0.0,0.0,0.0,0.0
2,3,0.0,0.0,0.1348143,0.5602516,0.1224793,0.1824548,0.0,0.0,0.0,0.0
2,3,0.0,0.0,0.1348143,0.5602516,0.1224793,0.1824548,0.0,0.0,0.0,0.0
2,3,0.0,0.0,0.1348143,0.5602516,0.1224793,0.1824548,0.0,0.0,0.0,0.0
2,3,0.0,0.0,0.1348143,0.5602516,0.1224793,0.1824548,0.0,0.0,0.0,0.0
2,3,0.0,0.0,0.1348143,0.5602516,0.1224793,0.1824548,0.0,0.0,0.0,0.0
2,3,0.0,0.0,0.1348143,0.5602516,0.1224793,0.1824548,0.0,0.0,0.0,0.0
2,3,0.0,0.0,0.1348143,0.5602516,0.1224793,0.1824548,0.0,0.0,0.0,0.0
2,3,0.0,0.0,0.1348143,0.5602516,0.1224793,0.1824548,0.0,0.0,0.0,0.0
2,3,0.0,0.0,0.1348143,0.5602516,0.1224793,0.1824548,0.0,0.0,0.0,0.0
2,3,0.0,0.0,0.1348143,0.5602516,0.1224793,0.1824548,0.0,0.0,0.0,0.0
2,3,0.0,0.0,0.1348143,0.5602516,0.1224793,0.1824548,0.0,0.0,0.0,0.0
2,3,0.0,0.0,0.1348143,0.5602516,0.1224793,0.1824548,0.0,0.0,0.0,0.0
2,3,0.0,0.0,0.1348143,0.5602516,0.1224793,0.1824548,0.0,0.0,0.0,0.0
2,3,0.0,0.0,0.1348143,0.5602516,0.18490131,0.120032795,0.0,0.0,0.0,0.0
2,3,0.0,0.0,0.1348143,0.5602516,0.18490131,0.120032795,0.0,0.0,0.0,0.0
2,3,0.0,0.0,0.1348143,0.5602516,0.18490131,0.120032795,0.0,0.0,0.0,0.0
2,3,0.0,0.0,0.1348143,0.5602516,0.18490131,0.120032795,0.0,0.0,0.0,0.0
2,3,0.0,0.0,0.1348143,0.5602516,0.18490131,0.120032795,0.0,0.0,0.0,0.0
2,3,0.0,0.0,0.1348143,0.5602516,0.18490131,0.120032795,0.0,0.0,0.0,0.0
2,3,0.0,0.0,0.1348143,0.49441516,0.25073773,0.120032795,0.0,0.0,0.0,0.0
2,3,0.0,0.0,0.1348143,0.49441516,0.25073773,0.120032795,0.0,0.0,0.0,0.0
2,3,0.0,0.0,0.1348143,0.49441516,0.25073773,0.120032795,0.0,0.0,0.0,0.0
2,3,0.0,0.0,0.1348143,0.49441516,0.25073773,0.120032795,0.0,0.0,0.0,0.0
2,3,0.0,0.0,0.1348143,0.49441516,0.25073773,0.120032795,0.0,0.0,0.0,0.0
2,3,0.0,0.0,0.1348143,0.49441516,0.25073773,0.120032795,0.0,0.0,0.0,0.0
2,3,0.0,0.0,0.1348143,0.49441516,0.25073773,0.120032795,0.0,0.0,0.0,0.0
2,3,0.0,0.0,0.1348143,0.49441516,0.25073773,0.120032795,0.0,0.0,0.0,0.0
2,3,0.0,0.0,0.1348143,0.49441516,0.25073773,0.120032795,0.0,0.0,0.0,0.0
2,3,0.0,0.0,0.1348143,0.49441516,0.25073773,0.120032795,0.0,0.0,0.0,0.0
2,3,0.0,0.0,0.1348143,0.49441516,0.25073773,0.120032795,0.0,0.0,0.0,0.0
2,3,0.0,0.0,0.1348143,0.49441516,0.25073773,0.120032795,0.0,0.0,0.0,0.0
2,3,0.0,0.0,0.1348143,0.49441516,0.25073773,0.120032795,0.0,0.0,0.0,0.0
2,3,0.0,0.0,0.1348143,0.49441516,0.25073773,0.120032795,0.0,0.0,0.0,0.0
2,3,0.0,0.0,0.1348143,0.49441516,0.25073773,0.120032795,0.0,0.0,0.0,0.0
2,3,0.0,0.0,0.1348143,0.49441516,0.25073773,0.120032795,0.0,0.0,0.0,0.0
2,3,0.0,0.0,0.1348143,0.49441516,0.25073773,0.120032795,0.0,0.0,0.0,0.0
2,3,0.0,0.0,0.1348143,0.49441516,0.25073773,0.120032795,0.0,0.0,0.0,0.0
2,3,0.0,0.0,0.1348143,0.49441516,0.25073773,0.120032795,0.0,0.0,0.0,0.0
2,3,0.0,0.0,0.1348143,0.49441516,0.25073773,0.120032795,0.0,0.0,0.0,0.0
2,3,0.0,0.0,0.1348143,0.43422288,0.31093007,0.1200328,0.0,0.0,0.0,0.0
2,3,0.0,0.0,0.1348143,0.43422288,0.31093007,0.1200328,0.0,0.0,0.0,0.0
2,3,0.0,0.0,0.1348143,0.43422288,0.31093007,0.1200328,0.0,0.0,0.0,0.0
2,3,0.0,0.0,0.1348143,0.43422288,0.31093007,0.1200328,0.0,0.0,0.0,0.0
2,3,0.0,0.0,0.1348143,0.43422288,0.31093007,0.1200328,0.0,0.0,0.0,0.0
2,3,0.0,0.0,0.1348143,0.43422288,0.31093007,0.1200328,0.0,0.0,0.0,0.0
2,3,0.0,0.0,0.1348143,0.43422288,0.31093007,0.1200328,0.0,0.0,0.0,0.0
2,3,0.0,0.0,0.1348143,0.43422288,0.31093007,0.1200328,0.0,0.0,0.0,0.0
2,4,0.0,0.0,0.0,0.43422288,0.5062171,0.05956006,0.0,0.0,0.0,0.0
2,4,0.0,0.0,0.0,0.43422288,0.5062171,0.05956006,0.0,0.0,0.0,0.0
2,4,0.0,0.0,0.0,0.43422288,0.5062171,0.05956006,0.0,0.0,0.0,0.0
2,4,0.0,0.0,0.0,0.43422288,0.5062171,0.05956006,0.0,0.0,0.0,0.0
2,4,0.0,0.0,0.0,0.43422288,0.5062171,0.05956006,0.0,0.0,0.0,0.0
2,4,0.0,0.0,0.0,0.43422288,0.5062171,0.05956006,0.0,0.0,0.0,0.0
2,4,0.0,0.0,0.0,0.43422288,0.5062171,0.05956006,0.0,0.0,0.0,0.0
2,4,0.0,0.0,0.0,0.43422288,0.5062171,0.05956006,0.0,0.0,0.0,0.0
2,4,0.0,0.0,0.0,0.43422288,0.5062171,0.05956006,0.0,0.0,0.0,0.0
2,4,0.0,0.0,0.0,0.43422288,0.5062171,0.05956006,0.0,0.0,0.0,0.0
2,4,0.0,0.0,0.0,0.43422288,0.5062171,0.05956006,0.0,0.0,0.0,0.0
2,4,0.0,0.0,0.0,0.43422288,0.5062171,0.05956006,0.0,0.0,0.0,0.0
2,4,0.0,0.0,0.0,0.43422288,0.5062171,0.05956006,0.0,0.0,0.0,0.0
2,4,0.0,0.0,0.0,0.43422288,0.5062171,0.05956006,0.0,0.0,0.0,0.0
2,4,0.0,0.0,0.0,0.43422288,0.5062171,0.05956006,0.0,0.0,0.0,0.0
2,4,0.0,0.0,0.0,0.43422288,0.5062171,0.05956006,0.0,0.0,0.0,0.0
2,4,0.0,0.0,0.0,0.43422288,0.5062171,0.05956006,0.0,0.0,0.0,0.0
2,4,0.0,0.0,0.0,0.43422288,0.5062171,0.05956006,0.0,0.0,0.0,0.0
2,4,0.0,0.0,0.0,0.43422288,0.5062171,0.05956006,0.0,0.0,0.0,0.0
2,4,0.0,0.0,0.0,0.43422288,0.5062171,0.05956006,0.0,0.0,0.0,0.0
2,4,0.0,0.0,0.0,0.31347492,0.626965,0.059560057,0.0,0.0,0.0,0.0
2,4,0.0,0.0,0.0,0.31347492,0.626965,0.059560057,0.0,0.0,0.0,0.0
2,4,0.0,0.0,0.0,0.31347492,0.626965,0.059560057,0.0,0.0,0.0,0.0
2,4,0.0,0.0,0.0,0.31347492,0.626965,0.059560057,0.0,0.0,0.0,0.0
2,4,0.0,0.0,0.0,0.31347492,0.626965,0.059560057,0.0,0.0,0.0,0.0
2,4,0.0,0.0,0.0,0.31347492,0.626965,0.059560057,0.0,0.0,0.0,0.0
2,4,0.0,0.0,0.0,0.31347492,0.626965,0.059560057,0.0,0.0,0.0,0.0
2,4,0.0,0.0,0.0,0.31347492,0.626965,0.059560057,0.0,0.0,0.0,0.0
2,4,0.0,0.0,0.0,0.31347492,0.626965,0.059560057,0.0,0.0,0.0,0.0
2,4,0.0,0.0,0.0,0.31347492,0.626965,0.059560057,0.0,0.0,0.0,0.0
2,4,0.0,0.0,0.0,0.31347492,0.626965,0.059560057,0.0,0.0,0.0,0.0
2,4,0.0,0.0,0.0,0.31347492,0.626965,0.059560057,0.0,0.0,0.0,0.0
2,4,0.0,0.0,0.0,0.25187823,0.68856174,0.059560053,0.0,0.0,0.0,0.0
2,4,0.0,0.0,0.0,0.25187823,0.68856174,0.059560053,0.0,0.0,0.0,0.0
2,4,0.0,0.0,0.0,0.25187823,0.68856174,0.059560053,0.0,0.0,0.0,0.0
2,4,0.0,0.0,0.0,0.25187823,0.68856174,0.059560053,0.0,0.0,0.0,0.0
2,4,0.0,0.0,0.0,0.25187823,0.68856174,0.059560053,0.0,0.0,0.0,0.0
2,4,0.0,0.0,0.0,0.25187823,0.68856174,0.059560053,0.0,0.0,0.0,0.0
2,4,0.0,0.0,0.0,0.25187823,0.68856174,0.059560053,0.0,0.0,0.0,0.0
2,4,0.0,0.0,0.0,0.25187823,0.68856174,0.059560053,0.0,0.0,0.0,0.0
2,4,0.0,0.0,0.0,0.25187823,0.68856174,0.059560053,0.0,0.0,0.0,0.0
2,4,0.0,0.0,0.0,0.25187823,0.68856174,0.059560053,0.0,0.0,0.0,0.0
2,4,0.0,0.0,0.0,0.25187823,0.68856174,0.059560053,0.0,0.0,0.0,0.0
2,4,0.0,0.0,0.0,0.25187823,0.68856174,0.059560053,0.0,0.0,0.0,0.0
2,4,0.0,0.0,0.0,0.25187823,0.68856174,0.059560053,0.0,0.0,0.0,0.0
2,4,0.0,0.0,0.0,0.25187823,0.68856174,0.059560053,0.0,0.0,0.0,0.0
2,4,0.0,0.0,0.0,0.25187823,0.68856174,0.059560053,0.0,0.0,0.0,0.0
2,4,0.0,0.0,0.0,0.25187823,0.68856174,0.059560053,0.0,0.0,0.0,0.0
2,4,0.0,0.0,0.0,0.1875884,0.75285155,0.059560053,0.0,0.0,0.0,0.0
2,4,0.0,0.0,0.0,0.1875884,0.75285155,0.059560053,0.0,0.0,0.0,0.0
2,4,0.0,0.0,0.0,0.1875884,0.75285155,0.059560053,0.0,0.0,0.0,0.0
2,4,0.0,0.0,0.0,0.1875884,0.75285155,0.059560053,0.0,0.0,0.0,0.0
2,4,0.0,0.0,0.0,0.1875884,0.75285155,0.059560053,0.0,0.0,0.0,0.0
2,4,0.0,0.0,0.0,0.1875884,0.75285155,0.059560053,0.0,0.0,0.0,0.0
2,4,0.0,0.0,0.0,0.1875884,0.75285155,0.059560053,0.0,0.0,0.0,0.0
2,4,0.0,0.0,0.0,0.1875884,0.75285155,0.059560053,0.0,0.0,0.0,0.0
2,4,0.0,0.0,0.0,0.1875884,0.75285155,0.059560053,0.0,0.0,0.0,0.0
2,4,0.0,0.0,0.0,0.1875884,0.75285155,0.059560053,0.0,0.0,0.0,0.0
2,4,0.0,0.0,0.0,0.1875884,0.75285155,0.059560053,0.0,0.0,0.0,0.0
2,4,0.0,0.0,0.0,0.1875884,0.75285155,0.059560053,0.0,0.0,0.0,0.0
2,4,0.0,0.0,0.0,0.12734756,0.8130924,0.059560057,0.0,0.0,0.0,0.0
2,4,0.0,0.0,0.0,0.12734756,0.8130924,0.059560057,0.0,0.0,0.0,0.0
2,4,0.0,0.0,0.0,0.058436126,0.88200384,0.059560057,0.0,0.0,0.0,0.0
2,4,0.0,0.0,0.0,0.058436126,0.88200384,0.059560057,0.0,0.0,0.0,0.0
2,4,0.0,0.0,0.0,0.058436126,0.88200384,0.059560057,0.0,0.0,0.0,0.0
2,4,0.0,0.0,0.0,0.058436126,0.88200384,0.059560057,0.0,0.0,0.0,0.0
2,4,0.0,0.0,0.0,0.058436126,0.88200384,0.059560057,0.0,0.0,0.0,0.0
2,4,0.0,0.0,0.0,0.058436126,0.88200384,0.059560057,0.0,0.0,0.0,0.0
2,4,0.0,0.0,0.0,0.058436126,0.88200384,0.059560057,0.0,0.0,0.0,0.0
2,4,0.0,0.0,0.0,0.058436126,0.88200384,0.059560057,0.0,0.0,0.0,0.0
2,4,0.0,0.0,0.0,0.058436126,0.88200384,0.059560057,0.0,0.0,0.0,0.0
2,4,0.0,0.0,0.0,0.058436126,0.88200384,0.059560057,0.0,0.0,0.0,0.0
2,4,0.0,0.0,0.0,0.058436126,0.88200384,0.059560057,0.0,0.0,0.0,0.0
2,4,0.0,0.0,0.0,0.058436126,0.88200384,0.059560057,0.0,0.0,0.0,0.0
2,4,0.0,0.0,0.0,0.058436126,0.88200384,0.059560057,0.0,0.0,0.0,0.0
2,4,0.0,0.0,0.0,0.058436126,0.88200384,0.059560057,0.0,0.0,0.0,0.0
2,4,0.0,0.0,0.0,0.058436126,0.88200384,0.059560057,0.0,0.0,0.0,0.0
2,4,0.0,0.0,0.0,0.058436126,0.88200384,0.059560057,0.0,0.0,0.0,0.0
2,4,0.0,0.0,0.0,0.058436126,0.88200384,0.059560057,0.0,0.0,0.0,0.0
2,4,0.0,0.0,0.0,0.058436126,0.88200384,0.059560057,0.0,0.0,0.0,0.0
2,4,0.0,0.0,0.0,0.058436126,0.9415639,0.0,0.0,0.0,0.0,0.0
2,4,0.0,0.0,0.0,0.058436126,0.9415639,0.0,0.0,0.0,0.0,0.0
2,4,0.0,0.0,0.0,0.058436126,0.9415639,0.0,0.0,0.0,0.0,0.0
2,4,0.0,0.0,0.0,0.058436126,0.9415639,0.0,0.0,0.0,0.0,0.0
2,4,0.0,0.0,0.0,0.058436126,0.9415639,0.0,0.0,0.0,0.0,0.0
2,4,0.0,0.0,0.0,0.058436126,0.9415639,0.0,0.0,0.0,0.0,0.0
2,4,0.0,0.0,0.0,0.058436126,0.9415639,0.0,0.0,0.0,0.0,0.0
2,4,0.0,0.0,0.0,0.058436126,0.9415639,0.0,0.0,0.0,0.0,0.0
2,4,0.0,0.0,0.0,0.058436126,0.9415639,0.0,0.0,0.0,0.0,0.0
2,4,0.0,0.0,0.0,0.058436126,0.9415639,0.0,0.0,0.0,0.0,0.0
2,4,0.0,0.0,0.0,0.058436126,0.9415639,0.0,0.0,0.0,0.0,0.0
2,4,0.0,0.0,0.0,0.058436126,0.9415639,0.0,0.0,0.0,0.0,0.0
2,4,0.0,0.0,0.0,0.058436126,0.9415639,0.0,0.0,0.0,0.0,0.0
2,4,0.0,0.0,0.0,0.058436126,0.9415639,0.0,0.0,0.0,0.0,0.0
2,4,0.0,0.0,0.0,0.058436126,0.9415639,0.0,0.0,0.0,0.0,0.0
2,4,0.0,0.0,0.0,0.058436126,0.9415639,0.0,0.0,0.0,0.0,0.0
2,4,0.0,0.0,0.0,0.0,1.0,0.0,0.0,0.0,0.0,0.0
2,4,0.0,0.0,0.0,0.0,1.0,0.0,0.0,0.0,0.0,0.0
2,4,0.0,0.0,0.0,0.0,1.0,0.0,0.0,0.0,0.0,0.0
2,4,0.0,0.0,0.0,0.0,1.0,0.0,0.0,0.0,0.0,0.0
2,4,0.0,0.0,0.0,0.0,1.0,0.0,0.0,0.0,0.0,0.0
2,4,0.0,0.0,0.0,0.0,1.0,0.0,0.0,0.0,0.0,0.0
2,4,0.0,0.0,0.0,0.0,1.0,0.0,0.0,0.0,0.0,0.0
2,4,0.0,0.0,0.0,0.0,1.0,0.0,0.0,0.0,0.0,0.0
2,4,0.0,0.0,0.0,0.0,1.0,0.0,0.0,0.0,0.0,0.0
2,4,0.0,0.0,0.0,0.0,1.0,0.0,0.0,0.0,0.0,0.0
2,4,0.0,0.0,0.0,0.0,1.0,0.0,0.0,0.0,0.0,0.0
2,4,0.0,0.0,0.0,0.0,1.0,0.0,0.0,0.0,0.0,0.0
2,4,0.0,0.0,0.0,0.0,1.0,0.0,0.0,0.0,0.0,0.0
2,4,0.0,0.0,0.0,0.0,1.0,0.0,0.0,0.0,0.0,0.0
2,4,0.0,0.0,0.0,0.0,1.0,0.0,0.0,0.0,0.0,0.0
2,4,0.0,0.0,0.0,0.0,1.0,0.0,0.0,0.0,0.0,0.0
2,4,0.0,0.0,0.0,0.0,1.0,0.0,0.0,0.0,0.0,0.0
2,4,0.0,0.0,0.0,0.0,1.0,0.0,0.0,0.0,0.0,0.0
2,4,0.0,0.0,0.0,0.0,1.0,0.0,0.0,0.0,0.0,0.0
2,4,0.0,0.0,0.0,0.0,1.0,0.0,0.0,0.0,0.0,0.0
2,4,0.0,0.0,0.0,0.0,1.0,0.0,0.0,0.0,0.0,0.0
2,4,0.0,0.0,0.0,0.0,1.0,0.0,0.0,0.0,0.0,0.0
2,4,0.0,0.0,0.0,0.0,1.0,0.0,0.0,0.0,0.0,0.0
2,4,0.0,0.0,0.0,0.0,1.0,0.0,0.0,0.0,0.0,0.0
2,4,0.0,0.0,0.0,0.0,1.0,0.0,0.0,0.0,0.0,0.0
2,4,0.0,0.0,0.0,0.0,1.0,0.0,0.0,0.0,0.0,0.0
2,4,0.0,0.0,0.0,0.0,1.0,0.0,0.0,0.0,0.0,0.0
2,4,0.0,0.0,0.0,0.0,1.0,0.0,0.0,0.0,0.0,0.0
2,4,0.0,0.0,0.0,0.0,1.0,0.0,0.0,0.0,0.0,0.0
2,4,0.0,0.0,0.0,0.0,1.0,0.0,0.0,0.0,0.0,0.0
2,4,0.0,0.0,0.0,0.0,1.0,0.0,0.0,0.0,0.0,0.0
2,4,0.0,0.0,0.0,0.0,1.0,0.0,0.0,0.0,0.0,0.0
2,4,0.0,0.0,0.0,0.0,1.0,0.0,0.0,0.0,0.0,0.0
2,4,0.0,0.0,0.0,0.0,1.0,0.0,0.0,0.0,0.0,0.0
2,4,0.0,0.0,0.0,0.0,1.0,0.0,0.0,0.0,0.0,0.0
2,4,0.0,0.0,0.0,0.0,1.0,0.0,0.0,0.0,0.0,0.0
2,4,0.0,0.0,0.0,0.0,1.0,0.0,0.0,0.0,0.0,0.0
2,4,0.0,0.0,0.0,0.0,1.0,0.0,0.0,0.0,0.0,0.0
2,4,0.0,0.0,0.0,0.0,1.0,0.0,0.0,0.0,0.0,0.0
2,4,0.0,0.0,0.0,0.0,1.0,0.0,0.0,0.0,0.0,0.0
2,4,0.0,0.0,0.0,0.0,1.0,0.0,0.0,0.0,0.0,0.0
2,4,0.0,0.0,0.0,0.0,1.0,0.0,0.0,0.0,0.0,0.0
2,4,0.0,0.0,0.0,0.0,1.0,0.0,0.0,0.0,0.0,0.0
2,4,0.0,0.0,0.0,0.0,1.0,0.0,0.0,0.0,0.0,0.0
2,4,0.0,0.0,0.0,0.0,1.0,0.0,0.0,0.0,0.0,0.0
2,4,0.0,0.0,0.0,0.0,1.0,0.0,0.0,0.0,0.0,0.0
2,4,0.0,0.0,0.0,0.0,1.0,0.0,0.0,0.0,0.0,0.0
2,4,0.0,0.0,0.0,0.0,1.0,0.0,0.0,0.0,0.0,0.0
2,4,0.0,0.0,0.0,0.0,1.0,0.0,0.0,0.0,0.0,0.0
2,4,0.0,0.0,0.0,0.0,1.0,0.0,0.0,0.0,0.0,0.0
2,4,0.0,0.0,0.0,0.0,1.0,0.0,0.0,0.0,0.0,0.0
2,4,0.0,0.0,0.0,0.0,1.0,0.0,0.0,0.0,0.0,0.0
2,4,0.0,0.0,0.0,0.0,1.0,0.0,0.0,0.0,0.0,0.0
2,4,0.0,0.0,0.0,0.0,1.0,0.0,0.0,0.0,0.0,0.0
2,4,0.0,0.0,0.0,0.0,1.0,0.0,0.0,0.0,0.0,0.0
2,4,0.0,0.0,0.0,0.0,1.0,0.0,0.0,0.0,0.0,0.0
2,4,0.0,0.0,0.0,0.0,1.0,0.0,0.0,0.0,0.0,0.0
2,4,0.0,0.0,0.0,0.0,1.0,0.0,0.0,0.0,0.0,0.0
2,4,0.0,0.0,0.0,0.0,1.0,0.0,0.0,0.0,0.0,0.0
2,4,0.0,0.0,0.0,0.0,1.0,0.0,0.0,0.0,0.0,0.0
2,4,0.0,0.0,0.0,0.0,1.0,0.0,0.0,0.0,0.0,0.0
2,4,0.0,0.0,0.0,0.0,1.0,0.0,0.0,0.0,0.0,0.0
2,4,0.0,0.0,0.0,0.0,1.0,0.0,0.0,0.0,0.0,0.0
2,4,0.0,0.0,0.0,0.0,1.0,0.0,0.0,0.0,0.0,0.0
2,4,0.0,0.0,0.0,0.0,1.0,0.0,0.0,0.0,0.0,0.0
2,4,0.0,0.0,0.0,0.0,1.0,0.0,0.0,0.0,0.0,0.0
2,4,0.0,0.0,0.0,0.0,1.0,0.0,0.0,0.0,0.0,0.0
2,4,0.0,0.0,0.0,0.0,1.0,0.0,0.0,0.0,0.0,0.0
2,4,0.0,0.0,0.0,0.0,1.0,0.0,0.0,0.0,0.0,0.0
2,4,0.0,0.0,0.0,0.0,1.0,0.0,0.0,0.0,0.0,0.0
2,4,0.0,0.0,0.0,0.0,1.0,0.0,0.0,0.0,0.0,0.0
2,4,0.0,0.0,0.0,0.0,1.0,0.0,0.0,0.0,0.0,0.0
2,4,0.0,0.0,0.0,0.0,1.0,0.0,0.0,0.0,0.0,0.0
2,4,0.0,0.0,0.0,0.0,1.0,0.0,0.0,0.0,0.0,0.0
2,4,0.0,0.0,0.0,0.0,1.0,0.0,0.0,0.0,0.0,0.0
2,4,0.0,0.0,0.0,0.0,1.0,0.0,0.0,0.0,0.0,0.0
2,4,0.0,0.0,0.0,0.0,1.0,0.0,0.0,0.0,0.0,0.0
2,4,0.0,0.0,0.0,0.0,1.0,0.0,0.0,0.0,0.0,0.0
2,4,0.0,0.0,0.0,0.0,1.0,0.0,0.0,0.0,0.0,0.0
2,4,0.0,0.0,0.0,0.0,1.0,0.0,0.0,0.0,0.0,0.0
2,4,0.0,0.0,0.0,0.0,1.0,0.0,0.0,0.0,0.0,0.0
2,4,0.0,0.0,0.0,0.0,1.0,0.0,0.0,0.0,0.0,0.0
2,4,0.0,0.0,0.0,0.0,1.0,0.0,0.0,0.0,0.0,0.0
2,4,0.0,0.0,0.0,0.0,1.0,0.0,0.0,0.0,0.0,0.0
2,4,0.0,0.0,0.0,0.0,1.0,0.0,0.0,0.0,0.0,0.0
2,4,0.0,0.0,0.0,0.0,1.0,0.0,0.0,0.0,0.0,0.0
2,4,0.0,0.0,0.0,0.0,1.0,0.0,0.0,0.0,0.0,0.0
2,4,0.0,0.0,0.0,0.0,1.0,0.0,0.0,0.0,0.0,0.0
2,4,0.0,0.0,0.0,0.0,1.0,0.0,0.0,0.0,0.0,0.0
2,4,0.0,0.0,0.0,0.0,1.0,0.0,0.0,0.0,0.0,0.0
2,4,0.0,0.0,0.0,0.0,1.0,0.0,0.0,0.0,0.0,0.0
2,4,0.0,0.0,0.0,0.0,1.0,0.0,0.0,0.0,0.0,0.0
2,4,0.0,0.0,0.0,0.0,1.0,0.0,0.0,0.0,0.0,0.0
2,4,0.0,0.0,0.0,0.0,1.0,0.0,0.0,0.0,0.0,0.0
2,4,0.0,0.0,0.0,0.0,1.0,0.0,0.0,0.0,0.0,0.0
2,4,0.0,0.0,0.0,0.0,1.0,0.0,0.0,0.0,0.0,0.0
2,4,0.0,0.0,0.0,0.0,1.0,0.0,0.0,0.0,0.0,0.0
2,4,0.0,0.0,0.0,0.0,1.0,0.0,0.0,0.0,0.0,0.0
2,4,0.0,0.0,0.0,0.0,1.0,0.0,0.0,0.0,0.0,0.0
2,4,0.0,0.0,0.0,0.0,1.0,0.0,0.0,0.0,0.0,0.0
2,4,0.0,0.0,0.0,0.0,1.0,0.0,0.0,0.0,0.0,0.0
2,4,0.0,0.0,0.0,0.0,1.0,0.0,0.0,0.0,0.0,0.0
2,4,0.0,0.0,0.0,0.0,1.0,0.0,0.0,0.0,0.0,0.0
2,4,0.0,0.0,0.0,0.0,1.0,0.0,0.0,0.0,0.0,0.0
2,4,0.0,0.0,0.0,0.0,1.0,0.0,0.0,0.0,0.0,0.0
2,4,0.0,0.0,0.0,0.0,1.0,0.0,0.0,0.0,0.0,0.0
2,4,0.0,0.0,0.0,0.0,1.0,0.0,0.0,0.0,0.0,0.0
2,4,0.0,0.0,0.0,0.0,1.0,0.0,0.0,0.0,0.0,0.0
2,4,0.0,0.0,0.0,0.0,1.0,0.0,0.0,0.0,0.0,0.0
2,4,0.0,0.0,0.0,0.0,1.0,0.0,0.0,0.0,0.0,0.0
2,4,0.0,0.0,0.0,0.0,1.0,0.0,0.0,0.0,0.0,0.0
2,4,0.0,0.0,0.0,0.0,1.0,0.0,0.0,0.0,0.0,0.0
2,4,0.0,0.0,0.0,0.0,1.0,0.0,0.0,0.0,0.0,0.0
2,4,0.0,0.0,0.0,0.0,1.0,0.0,0.0,0.0,0.0,0.0
2,4,0.0,0.0,0.0,0.0,1.0,0.0,0.0,0.0,0.0,0.0
2,4,0.0,0.0,0.0,0.0,1.0,0.0,0.0,0.0,0.0,0.0
2,4,0.0,0.0,0.0,0.0,1.0,0.0,0.0,0.0,0.0,0.0
2,4,0.0,0.0,0.0,0.0,1.0,0.0,0.0,0.0,0.0,0.0
2,4,0.0,0.0,0.0,0.0,1.0,0.0,0.0,0.0,0.0,0.0
2,4,0.0,0.0,0.0,0.0,1.0,0.0,0.0,0.0,0.0,0.0
2,4,0.0,0.0,0.0,0.0,1.0,0.0,0.0,0.0,0.0,0.0
2,4,0.0,0.0,0.0,0.0,1.0,0.0,0.0,0.0,0.0,0.0
2,4,0.0,0.0,0.0,0.0,1.0,0.0,0.0,0.0,0.0,0.0
2,4,0.0,0.0,0.0,0.0,1.0,0.0,0.0,0.0,0.0,0.0
2,4,0.0,0.0,0.0,0.0,1.0,0.0,0.0,0.0,0.0,0.0
2,4,0.0,0.0,0.0,0.0,1.0,0.0,0.0,0.0,0.0,0.0
2,4,0.0,0.0,0.0,0.0,1.0,0.0,0.0,0.0,0.0,0.0
2,4,0.0,0.0,0.0,0.0,1.0,0.0,0.0,0.0,0.0,0.0
2,4,0.0,0.0,0.0,0.0,1.0,0.0,0.0,0.0,0.0,0.0
2,4,0.0,0.0,0.0,0.0,1.0,0.0,0.0,0.0,0.0,0.0
2,4,0.0,0.0,0.0,0.0,1.0,0.0,0.0,0.0,0.0,0.0
2,4,0.0,0.0,0.0,0.0,1.0,0.0,0.0,0.0,0.0,0.0
2,4,0.0,0.0,0.0,0.0,1.0,0.0,0.0,0.0,0.0,0.0
2,4,0.0,0.0,0.0,0.0,1.0,0.0,0.0,0.0,0.0,0.0
2,4,0.0,0.0,0.0,0.0,1.0,0.0,0.0,0.0,0.0,0.0
2,4,0.0,0.0,0.0,0.0,1.0,0.0,0.0,0.0,0.0,0.0
2,4,0.0,0.0,0.0,0.0,1.0,0.0,0.0,0.0,0.0,0.0
2,4,0.0,0.0,0.0,0.0,1.0,0.0,0.0,0.0,0.0,0.0
2,4,0.0,0.0,0.0,0.0,1.0,0.0,0.0,0.0,0.0,0.0
2,4,0.0,0.0,0.0,0.0,1.0,0.0,0.0,0.0,0.0,0.0
2,4,0.0,0.0,0.0,0.0,1.0,0.0,0.0,0.0,0.0,0.0
2,4,0.0,0.0,0.0,0.0,1.0,0.0,0.0,0.0,0.0,0.0
2,4,0.0,0.0,0.0,0.0,1.0,0.0,0.0,0.0,0.0,0.0
2,4,0.0,0.0,0.0,0.0,1.0,0.0,0.0,0.0,0.0,0.0
2,4,0.0,0.0,0.0,0.0,1.0,0.0,0.0,0.0,0.0,0.0
2,4,0.0,0.0,0.0,0.0,1.0,0.0,0.0,0.0,0.0,0.0
2,4,0.0,0.0,0.0,0.0,1.0,0.0,0.0,0.0,0.0,0.0
2,4,0.0,0.0,0.0,0.0,1.0,0.0,0.0,0.0,0.0,0.0
2,4,0.0,0.0,0.0,0.0,1.0,0.0,0.0,0.0,0.0,0.0
2,4,0.0,0.0,0.0,0.0,1.0,0.0,0.0,0.0,0.0,0.0
2,4,0.0,0.0,0.0,0.0,1.0,0.0,0.0,0.0,0.0,0.0
2,4,0.0,0.0,0.0,0.0,1.0,0.0,0.0,0.0,0.0,0.0
2,4,0.0,0.0,0.0,0.0,1.0,0.0,0.0,0.0,0.0,0.0
2,4,0.0,0.0,0.0,0.0,1.0,0.0,0.0,0.0,0.0,0.0
2,4,0.0,0.0,0.0,0.0,1.0,0.0,0.0,0.0,0.0,0.0
2,4,0.0,0.0,0.0,0.0,1.0,0.0,0.0,0.0,0.0,0.0
2,4,0.0,0.0,0.0,0.0,1.0,0.0,0.0,0.0,0.0,0.0
2,4,0.0,0.0,0.0,0.0,1.0,0.0,0.0,0.0,0.0,0.0
2,4,0.0,0.0,0.0,0.0,1.0,0.0,0.0,0.0,0.0,0.0
2,4,0.0,0.0,0.0,0.0,1.0,0.0,0.0,0.0,0.0,0.0
2,4,0.0,0.0,0.0,0.0,1.0,0.0,0.0,0.0,0.0,0.0
2,4,0.0,0.0,0.0,0.0,1.0,0.0,0.0,0.0,0.0,0.0
2,4,0.0,0.0,0.0,0.0,1.0,0.0,0.0,0.0,0.0,0.0
2,4,0.0,0.0,0.0,0.0,1.0,0.0,0.0,0.0,0.0,0.0
2,4,0.0,0.0,0.0,0.0,1.0,0.0,0.0,0.0,0.0,0.0
2,4,0.0,0.0,0.0,0.0,1.0,0.0,0.0,0.0,0.0,0.0
2,4,0.0,0.0,0.0,0.0,1.0,0.0,0.0,0.0,0.0,0.0
2,4,0.0,0.0,0.0,0.0,1.0,0.0,0.0,0.0,0.0,0.0
2,4,0.0,0.0,0.0,0.0,1.0,0.0,0.0,0.0,0.0,0.0
2,4,0.0,0.0,0.0,0.0,1.0,0.0,0.0,0.0,0.0,0.0
2,4,0.0,0.0,0.0,0.0,1.0,0.0,0.0,0.0,0.0,0.0
2,4,0.0,0.0,0.0,0.0,1.0,0.0,0.0,0.0,0.0,0.0
2,4,0.0,0.0,0.0,0.0,1.0,0.0,0.0,0.0,0.0,0.0
2,4,0.0,0.0,0.0,0.0,1.0,0.0,0.0,0.0,0.0,0.0
2,4,0.0,0.0,0.0,0.0,1.0,0.0,0.0,0.0,0.0,0.0
2,4,0.0,0.0,0.0,0.0,1.0,0.0,0.0,0.0,0.0,0.0
2,4,0.0,0.0,0.0,0.0,1.0,0.0,0.0,0.0,0.0,0.0
2,4,0.0,0.0,0.0,0.0,1.0,0.0,0.0,0.0,0.0,0.0
2,4,0.0,0.0,0.0,0.0,1.0,0.0,0.0,0.0,0.0,0.0
2,4,0.0,0.0,0.0,0.0,1.0,0.0,0.0,0.0,0.0,0.0
2,4,0.0,0.0,0.0,0.0,1.0,0.0,0.0,0.0,0.0,0.0
2,4,0.0,0.0,0.0,0.0,1.0,0.0,0.0,0.0,0.0,0.0
2,4,0.0,0.0,0.0,0.0,1.0,0.0,0.0,0.0,0.0,0.0
2,4,0.0,0.0,0.0,0.0,1.0,0.0,0.0,0.0,0.0,0.0
2,4,0.0,0.0,0.0,0.0,1.0,0.0,0.0,0.0,0.0,0.0
2,4,0.0,0.0,0.0,0.0,1.0,0.0,0.0,0.0,0.0,0.0
2,4,0.0,0.0,0.0,0.0,1.0,0.0,0.0,0.0,0.0,0.0
2,4,0.0,0.0,0.0,0.0,1.0,0.0,0.0,0.0,0.0,0.0
2,4,0.0,0.0,0.0,0.0,1.0,0.0,0.0,0.0,0.0,0.0
2,4,0.0,0.0,0.0,0.0,1.0,0.0,0.0,0.0,0.0,0.0
2,4,0.0,0.0,0.0,0.0,1.0,0.0,0.0,0.0,0.0,0.0
2,4,0.0,0.0,0.0,0.0,1.0,0.0,0.0,0.0,0.0,0.0
2,4,0.0,0.0,0.0,0.0,1.0,0.0,0.0,0.0,0.0,0.0
2,4,0.0,0.0,0.0,0.0,1.0,0.0,0.0,0.0,0.0,0.0
2,4,0.0,0.0,0.0,0.0,1.0,0.0,0.0,0.0,0.0,0.0
2,4,0.0,0.0,0.0,0.0,1.0,0.0,0.0,0.0,0.0,0.0
2,4,0.0,0.0,0.0,0.0,1.0,0.0,0.0,0.0,0.0,0.0
2,4,0.0,0.0,0.0,0.0,1.0,0.0,0.0,0.0,0.0,0.0
2,4,0.0,0.0,0.0,0.0,1.0,0.0,0.0,0.0,0.0,0.0
2,4,0.0,0.0,0.0,0.0,1.0,0.0,0.0,0.0,0.0,0.0
2,4,0.0,0.0,0.0,0.0,1.0,0.0,0.0,0.0,0.0,0.0
2,4,0.0,0.0,0.0,0.0,1.0,0.0,0.0,0.0,0.0,0.0
2,4,0.0,0.0,0.0,0.0,1.0,0.0,0.0,0.0,0.0,0.0
2,4,0.0,0.0,0.0,0.0,1.0,0.0,0.0,0.0,0.0,0.0
2,4,0.0,0.0,0.0,0.0,1.0,0.0,0.0,0.0,0.0,0.0
2,4,0.0,0.0,0.0,0.0,1.0,0.0,0.0,0.0,0.0,0.0
2,4,0.0,0.0,0.0,0.0,1.0,0.0,0.0,0.0,0.0,0.0
2,4,0.0,0.0,0.0,0.0,1.0,0.0,0.0,0.0,0.0,0.0
2,4,0.0,0.0,0.0,0.0,1.0,0.0,0.0,0.0,0.0,0.0
2,4,0.0,0.0,0.0,0.0,1.0,0.0,0.0,0.0,0.0,0.0
2,4,0.0,0.0,0.0,0.0,1.0,0.0,0.0,0.0,0.0,0.0
2,4,0.0,0.0,0.0,0.0,1.0,0.0,0.0,0.0,0.0,0.0
2,4,0.0,0.0,0.0,0.0,1.0,0.0,0.0,0.0,0.0,0.0
2,4,0.0,0.0,0.0,0.0,1.0,0.0,0.0,0.0,0.0,0.0
2,4,0.0,0.0,0.0,0.0,1.0,0.0,0.0,0.0,0.0,0.0
2,4,0.0,0.0,0.0,0.0,1.0,0.0,0.0,0.0,0.0,0.0
2,4,0.0,0.0,0.0,0.0,1.0,0.0,0.0,0.0,0.0,0.0
2,4,0.0,0.0,0.0,0.0,1.0,0.0,0.0,0.0,0.0,0.0
2,4,0.0,0.0,0.0,0.0,1.0,0.0,0.0,0.0,0.0,0.0
2,4,0.0,0.0,0.0,0.0,1.0,0.0,0.0,0.0,0.0,0.0
2,4,0.0,0.0,0.0,0.0,1.0,0.0,0.0,0.0,0.0,0.0
2,4,0.0,0.0,0.0,0.0,1.0,0.0,0.0,0.0,0.0,0.0
2,4,0.0,0.0,0.0,0.0,1.0,0.0,0.0,0.0,0.0,0.0
2,4,0.0,0.0,0.0,0.0,1.0,0.0,0.0,0.0,0.0,0.0
2,4,0.0,0.0,0.0,0.0,1.0,0.0,0.0,0.0,0.0,0.0
2,4,0.0,0.0,0.0,0.0,1.0,0.0,0.0,0.0,0.0,0.0
2,4,0.0,0.0,0.0,0.0,1.0,0.0,0.0,0.0,0.0,0.0
2,4,0.0,0.0,0.0,0.0,1.0,0.0,0.0,0.0,0.0,0.0
2,4,0.0,0.0,0.0,0.0,1.0,0.0,0.0,0.0,0.0,0.0
2,4,0.0,0.0,0.0,0.0,1.0,0.0,0.0,0.0,0.0,0.0
2,4,0.0,0.0,0.0,0.0,1.0,0.0,0.0,0.0,0.0,0.0
2,4,0.0,0.0,0.0,0.0,1.0,0.0,0.0,0.0,0.0,0.0
2,4,0.0,0.0,0.0,0.0,1.0,0.0,0.0,0.0,0.0,0.0
2,4,0.0,0.0,0.0,0.0,1.0,0.0,0.0,0.0,0.0,0.0
2,4,0.0,0.0,0.0,0.0,1.0,0.0,0.0,0.0,0.0,0.0
2,4,0.0,0.0,0.0,0.0,1.0,0.0,0.0,0.0,0.0,0.0
2,4,0.0,0.0,0.0,0.0,1.0,0.0,0.0,0.0,0.0,0.0
2,4,0.0,0.0,0.0,0.0,1.0,0.0,0.0,0.0,0.0,0.0
2,4,0.0,0.0,0.0,0.0,1.0,0.0,0.0,0.0,0.0,0.0
2,4,0.0,0.0,0.0,0.0,1.0,0.0,0.0,0.0,0.0,0.0
2,4,0.0,0.0,0.0,0.0,1.0,0.0,0.0,0.0,0.0,0.0
2,4,0.0,0.0,0.0,0.0,1.0,0.0,0.0,0.0,0.0,0.0
2,4,0.0,0.0,0.0,0.0,1.0,0.0,0.0,0.0,0.0,0.0
2,4,0.0,0.0,0.0,0.0,1.0,0.0,0.0,0.0,0.0,0.0
2,4,0.0,0.0,0.0,0.0,1.0,0.0,0.0,0.0,0.0,0.0
2,4,0.0,0.0,0.0,0.0,1.0,0.0,0.0,0.0,0.0,0.0
2,4,0.0,0.0,0.0,0.0,1.0,0.0,0.0,0.0,0.0,0.0
2,4,0.0,0.0,0.0,0.0,1.0,0.0,0.0,0.0,0.0,0.0
2,4,0.0,0.0,0.0,0.0,1.0,0.0,0.0,0.0,0.0,0.0
2,4,0.0,0.0,0.0,0.0,1.0,0.0,0.0,0.0,0.0,0.0
2,4,0.0,0.0,0.0,0.0,1.0,0.0,0.0,0.0,0.0,0.0
2,4,0.0,0.0,0.0,0.0,1.0,0.0,0.0,0.0,0.0,0.0
2,4,0.0,0.0,0.0,0.0,1.0,0.0,0.0,0.0,0.0,0.0
2,4,0.0,0.0,0.0,0.0,1.0,0.0,0.0,0.0,0.0,0.0
2,4,0.0,0.0,0.0,0.0,1.0,0.0,0.0,0.0,0.0,0.0
2,4,0.0,0.0,0.0,0.0,1.0,0.0,0.0,0.0,0.0,0.0
2,4,0.0,0.0,0.0,0.0,1.0,0.0,0.0,0.0,0.0,0.0
2,4,0.0,0.0,0.0,0.0,1.0,0.0,0.0,0.0,0.0,0.0
2,4,0.0,0.0,0.0,0.0,1.0,0.0,0.0,0.0,0.0,0.0
2,4,0.0,0.0,0.0,0.0,1.0,0.0,0.0,0.0,0.0,0.0
2,4,0.0,0.0,0.0,0.0,1.0,0.0,0.0,0.0,0.0,0.0
2,4,0.0,0.0,0.0,0.0,1.0,0.0,0.0,0.0,0.0,0.0
2,4,0.0,0.0,0.0,0.0,1.0,0.0,0.0,0.0,0.0,0.0
2,4,0.0,0.0,0.0,0.0,1.0,0.0,0.0,0.0,0.0,0.0
2,4,0.0,0.0,0.0,0.0,1.0,0.0,0.0,0.0,0.0,0.0
2,4,0.0,0.0,0.0,0.0,1.0,0.0,0.0,0.0,0.0,0.0
2,4,0.0,0.0,0.0,0.0,1.0,0.0,0.0,0.0,0.0,0.0
2,4,0.0,0.0,0.0,0.0,1.0,0.0,0.0,0.0,0.0,0.0
2,4,0.0,0.0,0.0,0.0,1.0,0.0,0.0,0.0,0.0,0.0
2,4,0.0,0.0,0.0,0.0,1.0,0.0,0.0,0.0,0.0,0.0
2,4,0.0,0.0,0.0,0.0,1.0,0.0,0.0,0.0,0.0,0.0
2,4,0.0,0.0,0.0,0.0,1.0,0.0,0.0,0.0,0.0,0.0
2,4,0.0,0.0,0.0,0.0,1.0,0.0,0.0,0.0,0.0,0.0
2,4,0.0,0.0,0.0,0.0,1.0,0.0,0.0,0.0,0.0,0.0
2,4,0.0,0.0,0.0,0.0,1.0,0.0,0.0,0.0,0.0,0.0
2,4,0.0,0.0,0.0,0.0,1.0,0.0,0.0,0.0,0.0,0.0
2,4,0.0,0.0,0.0,0.0,1.0,0.0,0.0,0.0,0.0,0.0
2,4,0.0,0.0,0.0,0.0,1.0,0.0,0.0,0.0,0.0,0.0
2,4,0.0,0.0,0.0,0.0,1.0,0.0,0.0,0.0,0.0,0.0
2,4,0.0,0.0,0.0,0.0,1.0,0.0,0.0,0.0,0.0,0.0
2,4,0.0,0.0,0.0,0.0,1.0,0.0,0.0,0.0,0.0,0.0
2,4,0.0,0.0,0.0,0.0,1.0,0.0,0.0,0.0,0.0,0.0
2,4,0.0,0.0,0.0,0.0,1.0,0.0,0.0,0.0,0.0,0.0
2,4,0.0,0.0,0.0,0.0,1.0,0.0,0.0,0.0,0.0,0.0
2,4,0.0,0.0,0.0,0.0,1.0,0.0,0.0,0.0,0.0,0.0
2,4,0.0,0.0,0.0,0.0,1.0,0.0,0.0,0.0,0.0,0.0
2,4,0.0,0.0,0.0,0.0,1.0,0.0,0.0,0.0,0.0,0.0
2,4,0.0,0.0,0.0,0.0,1.0,0.0,0.0,0.0,0.0,0.0
2,4,0.0,0.0,0.0,0.0,1.0,0.0,0.0,0.0,0.0,0.0
2,4,0.0,0.0,0.0,0.0,1.0,0.0,0.0,0.0,0.0,0.0
2,4,0.0,0.0,0.0,0.0,1.0,0.0,0.0,0.0,0.0,0.0
2,4,0.0,0.0,0.0,0.0,1.0,0.0,0.0,0.0,0.0,0.0
2,4,0.0,0.0,0.0,0.0,1.0,0.0,0.0,0.0,0.0,0.0
2,4,0.0,0.0,0.0,0.0,1.0,0.0,0.0,0.0,0.0,0.0
2,4,0.0,0.0,0.0,0.0,1.0,0.0,0.0,0.0,0.0,0.0
2,4,0.0,0.0,0.0,0.0,1.0,0.0,0.0,0.0,0.0,0.0
2,4,0.0,0.0,0.0,0.0,1.0,0.0,0.0,0.0,0.0,0.0
2,4,0.0,0.0,0.0,0.0,1.0,0.0,0.0,0.0,0.0,0.0
2,4,0.0,0.0,0.0,0.0,1.0,0.0,0.0,0.0,0.0,0.0
2,4,0.0,0.0,0.0,0.0,1.0,0.0,0.0,0.0,0.0,0.0
2,4,0.0,0.0,0.0,0.0,1.0,0.0,0.0,0.0,0.0,0.0
2,4,0.0,0.0,0.0,0.0,1.0,0.0,0.0,0.0,0.0,0.0
2,4,0.0,0.0,0.0,0.0,1.0,0.0,0.0,0.0,0.0,0.0
2,4,0.0,0.0,0.0,0.0,1.0,0.0,0.0,0.0,0.0,0.0
2,4,0.0,0.0,0.0,0.0,1.0,0.0,0.0,0.0,0.0,0.0
2,4,0.0,0.0,0.0,0.0,1.0,0.0,0.0,0.0,0.0,0.0
2,4,0.0,0.0,0.0,0.0,1.0,0.0,0.0,0.0,0.0,0.0
2,4,0.0,0.0,0.0,0.0,1.0,0.0,0.0,0.0,0.0,0.0
2,4,0.0,0.0,0.0,0.0,1.0,0.0,0.0,0.0,0.0,0.0
2,4,0.0,0.0,0.0,0.0,1.0,0.0,0.0,0.0,0.0,0.0
2,4,0.0,0.0,0.0,0.0,1.0,0.0,0.0,0.0,0.0,0.0
2,4,0.0,0.0,0.0,0.0,1.0,0.0,0.0,0.0,0.0,0.0
2,4,0.0,0.0,0.0,0.0,1.0,0.0,0.0,0.0,0.0,0.0
2,4,0.0,0.0,0.0,0.0,1.0,0.0,0.0,0.0,0.0,0.0
2,4,0.0,0.0,0.0,0.0,1.0,0.0,0.0,0.0,0.0,0.0
2,4,0.0,0.0,0.0,0.0,1.0,0.0,0.0,0.0,0.0,0.0
2,4,0.0,0.0,0.0,0.0,1.0,0.0,0.0,0.0,0.0,0.0
2,4,0.0,0.0,0.0,0.0,1.0,0.0,0.0,0.0,0.0,0.0
2,4,0.0,0.0,0.0,0.0,1.0,0.0,0.0,0.0,0.0,0.0
2,4,0.0,0.0,0.0,0.0,1.0,0.0,0.0,0.0,0.0,0.0
2,4,0.0,0.0,0.0,0.0,1.0,0.0,0.0,0.0,0.0,0.0
2,4,0.0,0.0,0.0,0.0,1.0,0.0,0.0,0.0,0.0,0.0
2,4,0.0,0.0,0.0,0.0,1.0,0.0,0.0,0.0,0.0,0.0
2,4,0.0,0.0,0.0,0.0,1.0,0.0,0.0,0.0,0.0,0.0
2,4,0.0,0.0,0.0,0.0,1.0,0.0,0.0,0.0,0.0,0.0
2,4,0.0,0.0,0.0,0.0,1.0,0.0,0.0,0.0,0.0,0.0
2,4,0.0,0.0,0.0,0.0,1.0,0.0,0.0,0.0,0.0,0.0
2,4,0.0,0.0,0.0,0.0,1.0,0.0,0.0,0.0,0.0,0.0
2,4,0.0,0.0,0.0,0.0,1.0,0.0,0.0,0.0,0.0,0.0
2,4,0.0,0.0,0.0,0.0,1.0,0.0,0.0,0.0,0.0,0.0
2,4,0.0,0.0,0.0,0.0,1.0,0.0,0.0,0.0,0.0,0.0
2,4,0.0,0.0,0.0,0.0,1.0,0.0,0.0,0.0,0.0,0.0
2,4,0.0,0.0,0.0,0.0,1.0,0.0,0.0,0.0,0.0,0.0
2,4,0.0,0.0,0.0,0.0,1.0,0.0,0.0,0.0,0.0,0.0
2,4,0.0,0.0,0.0,0.0,1.0,0.0,0.0,0.0,0.0,0.0
2,4,0.0,0.0,0.0,0.0,1.0,0.0,0.0,0.0,0.0,0.0
2,4,0.0,0.0,0.0,0.0,1.0,0.0,0.0,0.0,0.0,0.0
2,4,0.0,0.0,0.0,0.0,1.0,0.0,0.0,0.0,0.0,0.0
2,4,0.0,0.0,0.0,0.0,1.0,0.0,0.0,0.0,0.0,0.0
2,4,0.0,0.0,0.0,0.0,1.0,0.0,0.0,0.0,0.0,0.0
2,4,0.0,0.0,0.0,0.0,1.0,0.0,0.0,0.0,0.0,0.0
2,4,0.0,0.0,0.0,0.0,1.0,0.0,0.0,0.0,0.0,0.0
2,4,0.0,0.0,0.0,0.0,1.0,0.0,0.0,0.0,0.0,0.0
2,4,0.0,0.0,0.0,0.0,1.0,0.0,0.0,0.0,0.0,0.0
2,4,0.0,0.0,0.0,0.0,1.0,0.0,0.0,0.0,0.0,0.0
2,4,0.0,0.0,0.0,0.0,1.0,0.0,0.0,0.0,0.0,0.0
2,4,0.0,0.0,0.0,0.0,1.0,0.0,0.0,0.0,0.0,0.0
2,4,0.0,0.0,0.0,0.0,1.0,0.0,0.0,0.0,0.0,0.0
2,4,0.0,0.0,0.0,0.0,1.0,0.0,0.0,0.0,0.0,0.0
2,4,0.0,0.0,0.0,0.0,1.0,0.0,0.0,0.0,0.0,0.0
2,4,0.0,0.0,0.0,0.0,1.0,0.0,0.0,0.0,0.0,0.0
2,4,0.0,0.0,0.0,0.0,1.0,0.0,0.0,0.0,0.0,0.0
2,4,0.0,0.0,0.0,0.0,1.0,0.0,0.0,0.0,0.0,0.0
2,4,0.0,0.0,0.0,0.0,1.0,0.0,0.0,0.0,0.0,0.0
2,4,0.0,0.0,0.0,0.0,1.0,0.0,0.0,0.0,0.0,0.0
2,4,0.0,0.0,0.0,0.0,1.0,0.0,0.0,0.0,0.0,0.0
2,4,0.0,0.0,0.0,0.0,1.0,0.0,0.0,0.0,0.0,0.0
2,4,0.0,0.0,0.0,0.0,1.0,0.0,0.0,0.0,0.0,0.0
2,4,0.0,0.0,0.0,0.0,1.0,0.0,0.0,0.0,0.0,0.0
2,4,0.0,0.0,0.0,0.0,1.0,0.0,0.0,0.0,0.0,0.0
2,4,0.0,0.0,0.0,0.0,1.0,0.0,0.0,0.0,0.0,0.0
2,4,0.0,0.0,0.0,0.0,1.0,0.0,0.0,0.0,0.0,0.0
2,4,0.0,0.0,0.0,0.0,1.0,0.0,0.0,0.0,0.0,0.0
2,4,0.0,0.0,0.0,0.0,1.0,0.0,0.0,0.0,0.0,0.0
2,4,0.0,0.0,0.0,0.0,1.0,0.0,0.0,0.0,0.0,0.0
2,4,0.0,0.0,0.0,0.0,1.0,0.0,0.0,0.0,0.0,0.0
2,4,0.0,0.0,0.0,0.0,1.0,0.0,0.0,0.0,0.0,0.0
2,4,0.0,0.0,0.0,0.0,1.0,0.0,0.0,0.0,0.0,0.0
2,4,0.0,0.0,0.0,0.0,1.0,0.0,0.0,0.0,0.0,0.0
2,4,0.0,0.0,0.0,0.0,1.0,0.0,0.0,0.0,0.0,0.0
2,4,0.0,0.0,0.0,0.0,1.0,0.0,0.0,0.0,0.0,0.0
2,4,0.0,0.0,0.0,0.0,1.0,0.0,0.0,0.0,0.0,0.0
2,4,0.0,0.0,0.0,0.0,1.0,0.0,0.0,0.0,0.0,0.0
2,4,0.0,0.0,0.0,0.0,1.0,0.0,0.0,0.0,0.0,0.0
2,4,0.0,0.0,0.0,0.0,1.0,0.0,0.0,0.0,0.0,0.0
2,4,0.0,0.0,0.0,0.0,1.0,0.0,0.0,0.0,0.0,0.0
2,4,0.0,0.0,0.0,0.0,1.0,0.0,0.0,0.0,0.0,0.0
2,4,0.0,0.0,0.0,0.0,1.0,0.0,0.0,0.0,0.0,0.0
2,4,0.0,0.0,0.0,0.0,1.0,0.0,0.0,0.0,0.0,0.0
2,4,0.0,0.0,0.0,0.0,1.0,0.0,0.0,0.0,0.0,0.0
2,4,0.0,0.0,0.0,0.0,1.0,0.0,0.0,0.0,0.0,0.0
2,4,0.0,0.0,0.0,0.0,1.0,0.0,0.0,0.0,0.0,0.0
2,4,0.0,0.0,0.0,0.0,1.0,0.0,0.0,0.0,0.0,0.0
2,4,0.0,0.0,0.0,0.0,1.0,0.0,0.0,0.0,0.0,0.0
2,4,0.0,0.0,0.0,0.0,1.0,0.0,0.0,0.0,0.0,0.0
2,4,0.0,0.0,0.0,0.0,1.0,0.0,0.0,0.0,0.0,0.0
2,4,0.0,0.0,0.0,0.0,1.0,0.0,0.0,0.0,0.0,0.0
2,4,0.0,0.0,0.0,0.0,1.0,0.0,0.0,0.0,0.0,0.0
2,4,0.0,0.0,0.0,0.0,1.0,0.0,0.0,0.0,0.0,0.0
2,4,0.0,0.0,0.0,0.0,1.0,0.0,0.0,0.0,0.0,0.0
2,4,0.0,0.0,0.0,0.0,1.0,0.0,0.0,0.0,0.0,0.0
2,4,0.0,0.0,0.0,0.0,1.0,0.0,0.0,0.0,0.0,0.0
2,4,0.0,0.0,0.0,0.0,1.0,0.0,0.0,0.0,0.0,0.0
2,4,0.0,0.0,0.0,0.0,1.0,0.0,0.0,0.0,0.0,0.0
2,4,0.0,0.0,0.0,0.0,1.0,0.0,0.0,0.0,0.0,0.0
2,4,0.0,0.0,0.0,0.0,1.0,0.0,0.0,0.0,0.0,0.0
2,4,0.0,0.0,0.0,0.0,1.0,0.0,0.0,0.0,0.0,0.0
2,4,0.0,0.0,0.0,0.0,1.0,0.0,0.0,0.0,0.0,0.0
2,4,0.0,0.0,0.0,0.0,1.0,0.0,0.0,0.0,0.0,0.0
2,4,0.0,0.0,0.0,0.0,1.0,0.0,0.0,0.0,0.0,0.0
2,4,0.0,0.0,0.0,0.0,1.0,0.0,0.0,0.0,0.0,0.0
2,4,0.0,0.0,0.0,0.0,1.0,0.0,0.0,0.0,0.0,0.0
2,4,0.0,0.0,0.0,0.0,1.0,0.0,0.0,0.0,0.0,0.0
2,4,0.0,0.0,0.0,0.0,1.0,0.0,0.0,0.0,0.0,0.0
2,4,0.0,0.0,0.0,0.0,1.0,0.0,0.0,0.0,0.0,0.0
2,4,0.0,0.0,0.0,0.0,1.0,0.0,0.0,0.0,0.0,0.0
2,4,0.0,0.0,0.0,0.0,1.0,0.0,0.0,0.0,0.0,0.0
2,4,0.0,0.0,0.0,0.0,1.0,0.0,0.0,0.0,0.0,0.0
2,4,0.0,0.0,0.0,0.0,1.0,0.0,0.0,0.0,0.0,0.0
2,4,0.0,0.0,0.0,0.0,1.0,0.0,0.0,0.0,0.0,0.0
2,4,0.0,0.0,0.0,0.0,1.0,0.0,0.0,0.0,0.0,0.0
2,4,0.0,0.0,0.0,0.0,1.0,0.0,0.0,0.0,0.0,0.0
2,4,0.0,0.0,0.0,0.0,1.0,0.0,0.0,0.0,0.0,0.0
2,4,0.0,0.0,0.0,0.0,1.0,0.0,0.0,0.0,0.0,0.0
2,4,0.0,0.0,0.0,0.0,1.0,0.0,0.0,0.0,0.0,0.0
2,4,0.0,0.0,0.0,0.0,1.0,0.0,0.0,0.0,0.0,0.0
2,4,0.0,0.0,0.0,0.0,1.0,0.0,0.0,0.0,0.0,0.0
2,4,0.0,0.0,0.0,0.0,1.0,0.0,0.0,0.0,0.0,0.0
2,4,0.0,0.0,0.0,0.0,1.0,0.0,0.0,0.0,0.0,0.0
2,4,0.0,0.0,0.0,0.0,1.0,0.0,0.0,0.0,0.0,0.0
2,4,0.0,0.0,0.0,0.0,1.0,0.0,0.0,0.0,0.0,0.0
2,4,0.0,0.0,0.0,0.0,1.0,0.0,0.0,0.0,0.0,0.0
2,4,0.0,0.0,0.0,0.0,1.0,0.0,0.0,0.0,0.0,0.0
2,4,0.0,0.0,0.0,0.0,1.0,0.0,0.0,0.0,0.0,0.0
2,4,0.0,0.0,0.0,0.0,1.0,0.0,0.0,0.0,0.0,0.0
2,4,0.0,0.0,0.0,0.0,1.0,0.0,0.0,0.0,0.0,0.0
2,4,0.0,0.0,0.0,0.0,1.0,0.0,0.0,0.0,0.0,0.0
2,4,0.0,0.0,0.0,0.0,1.0,0.0,0.0,0.0,0.0,0.0
2,4,0.0,0.0,0.0,0.0,1.0,0.0,0.0,0.0,0.0,0.0
2,4,0.0,0.0,0.0,0.0,1.0,0.0,0.0,0.0,0.0,0.0
2,4,0.0,0.0,0.0,0.0,1.0,0.0,0.0,0.0,0.0,0.0
2,4,0.0,0.0,0.0,0.0,1.0,0.0,0.0,0.0,0.0,0.0
2,4,0.0,0.0,0.0,0.0,1.0,0.0,0.0,0.0,0.0,0.0
2,4,0.0,0.0,0.0,0.0,1.0,0.0,0.0,0.0,0.0,0.0
2,4,0.0,0.0,0.0,0.0,1.0,0.0,0.0,0.0,0.0,0.0
2,4,0.0,0.0,0.0,0.0,1.0,0.0,0.0,0.0,0.0,0.0
2,4,0.0,0.0,0.0,0.0,1.0,0.0,0.0,0.0,0.0,0.0
2,4,0.0,0.0,0.0,0.0,1.0,0.0,0.0,0.0,0.0,0.0
2,4,0.0,0.0,0.0,0.0,1.0,0.0,0.0,0.0,0.0,0.0
2,4,0.0,0.0,0.0,0.0,1.0,0.0,0.0,0.0,0.0,0.0
2,4,0.0,0.0,0.0,0.0,1.0,0.0,0.0,0.0,0.0,0.0
2,4,0.0,0.0,0.0,0.0,1.0,0.0,0.0,0.0,0.0,0.0
2,4,0.0,0.0,0.0,0.0,1.0,0.0,0.0,0.0,0.0,0.0
2,4,0.0,0.0,0.0,0.0,1.0,0.0,0.0,0.0,0.0,0.0
2,4,0.0,0.0,0.0,0.0,1.0,0.0,0.0,0.0,0.0,0.0
2,4,0.0,0.0,0.0,0.0,1.0,0.0,0.0,0.0,0.0,0.0
2,4,0.0,0.0,0.0,0.0,1.0,0.0,0.0,0.0,0.0,0.0
2,4,0.0,0.0,0.0,0.0,1.0,0.0,0.0,0.0,0.0,0.0
2,4,0.0,0.0,0.0,0.0,1.0,0.0,0.0,0.0,0.0,0.0
2,4,0.0,0.0,0.0,0.0,1.0,0.0,0.0,0.0,0.0,0.0
2,4,0.0,0.0,0.0,0.0,1.0,0.0,0.0,0.0,0.0,0.0
2,4,0.0,0.0,0.0,0.0,1.0,0.0,0.0,0.0,0.0,0.0
2,4,0.0,0.0,0.0,0.0,1.0,0.0,0.0,0.0,0.0,0.0
2,4,0.0,0.0,0.0,0.0,1.0,0.0,0.0,0.0,0.0,0.0
2,4,0.0,0.0,0.0,0.0,1.0,0.0,0.0,0.0,0.0,0.0
2,4,0.0,0.0,0.0,0.0,1.0,0.0,0.0,0.0,0.0,0.0
2,4,0.0,0.0,0.0,0.0,1.0,0.0,0.0,0.0,0.0,0.0
2,4,0.0,0.0,0.0,0.0,1.0,0.0,0.0,0.0,0.0,0.0
2,4,0.0,0.0,0.0,0.0,1.0,0.0,0.0,0.0,0.0,0.0
2,4,0.0,0.0,0.0,0.0,1.0,0.0,0.0,0.0,0.0,0.0
2,4,0.0,0.0,0.0,0.0,1.0,0.0,0.0,0.0,0.0,0.0
2,4,0.0,0.0,0.0,0.0,1.0,0.0,0.0,0.0,0.0,0.0
2,4,0.0,0.0,0.0,0.0,1.0,0.0,0.0,0.0,0.0,0.0
2,4,0.0,0.0,0.0,0.0,1.0,0.0,0.0,0.0,0.0,0.0
2,4,0.0,0.0,0.0,0.0,1.0,0.0,0.0,0.0,0.0,0.0
2,4,0.0,0.0,0.0,0.0,1.0,0.0,0.0,0.0,0.0,0.0
2,4,0.0,0.0,0.0,0.0,1.0,0.0,0.0,0.0,0.0,0.0
2,4,0.0,0.0,0.0,0.0,1.0,0.0,0.0,0.0,0.0,0.0
2,4,0.0,0.0,0.0,0.0,1.0,0.0,0.0,0.0,0.0,0.0
2,4,0.0,0.0,0.0,0.0,1.0,0.0,0.0,0.0,0.0,0.0
2,4,0.0,0.0,0.0,0.0,1.0,0.0,0.0,0.0,0.0,0.0
2,4,0.0,0.0,0.0,0.0,1.0,0.0,0.0,0.0,0.0,0.0
2,4,0.0,0.0,0.0,0.0,1.0,0.0,0.0,0.0,0.0,0.0
2,4,0.0,0.0,0.0,0.0,1.0,0.0,0.0,0.0,0.0,0.0
2,4,0.0,0.0,0.0,0.0,1.0,0.0,0.0,0.0,0.0,0.0
2,4,0.0,0.0,0.0,0.0,1.0,0.0,0.0,0.0,0.0,0.0
2,4,0.0,0.0,0.0,0.0,1.0,0.0,0.0,0.0,0.0,0.0
2,4,0.0,0.0,0.0,0.0,1.0,0.0,0.0,0.0,0.0,0.0
2,4,0.0,0.0,0.0,0.0,1.0,0.0,0.0,0.0,0.0,0.0
2,4,0.0,0.0,0.0,0.0,1.0,0.0,0.0,0.0,0.0,0.0
2,4,0.0,0.0,0.0,0.0,1.0,0.0,0.0,0.0,0.0,0.0
2,4,0.0,0.0,0.0,0.0,1.0,0.0,0.0,0.0,0.0,0.0
2,4,0.0,0.0,0.0,0.0,1.0,0.0,0.0,0.0,0.0,0.0
2,4,0.0,0.0,0.0,0.0,1.0,0.0,0.0,0.0,0.0,0.0
2,4,0.0,0.0,0.0,0.0,1.0,0.0,0.0,0.0,0.0,0.0
2,4,0.0,0.0,0.0,0.0,1.0,0.0,0.0,0.0,0.0,0.0
2,4,0.0,0.0,0.0,0.0,1.0,0.0,0.0,0.0,0.0,0.0
2,4,0.0,0.0,0.0,0.0,1.0,0.0,0.0,0.0,0.0,0.0
2,4,0.0,0.0,0.0,0.0,1.0,0.0,0.0,0.0,0.0,0.0
2,4,0.0,0.0,0.0,0.0,1.0,0.0,0.0,0.0,0.0,0.0
2,4,0.0,0.0,0.0,0.0,1.0,0.0,0.0,0.0,0.0,0.0
2,4,0.0,0.0,0.0,0.0,1.0,0.0,0.0,0.0,0.0,0.0
2,4,0.0,0.0,0.0,0.0,1.0,0.0,0.0,0.0,0.0,0.0
2,4,0.0,0.0,0.0,0.0,1.0,0.0,0.0,0.0,0.0,0.0
2,4,0.0,0.0,0.0,0.0,1.0,0.0,0.0,0.0,0.0,0.0
2,4,0.0,0.0,0.0,0.0,1.0,0.0,0.0,0.0,0.0,0.0
2,4,0.0,0.0,0.0,0.0,1.0,0.0,0.0,0.0,0.0,0.0
2,4,0.0,0.0,0.0,0.0,1.0,0.0,0.0,0.0,0.0,0.0
2,4,0.0,0.0,0.0,0.0,1.0,0.0,0.0,0.0,0.0,0.0
2,4,0.0,0.0,0.0,0.0,1.0,0.0,0.0,0.0,0.0,0.0
2,4,0.0,0.0,0.0,0.0,1.0,0.0,0.0,0.0,0.0,0.0
2,4,0.0,0.0,0.0,0.0,1.0,0.0,0.0,0.0,0.0,0.0
2,4,0.0,0.0,0.0,0.0,1.0,0.0,0.0,0.0,0.0,0.0
2,4,0.0,0.0,0.0,0.0,1.0,0.0,0.0,0.0,0.0,0.0
2,4,0.0,0.0,0.0,0.0,1.0,0.0,0.0,0.0,0.0,0.0
2,4,0.0,0.0,0.0,0.0,1.0,0.0,0.0,0.0,0.0,0.0
2,4,0.0,0.0,0.0,0.0,1.0,0.0,0.0,0.0,0.0,0.0
2,4,0.0,0.0,0.0,0.0,1.0,0.0,0.0,0.0,0.0,0.0
2,4,0.0,0.0,0.0,0.0,1.0,0.0,0.0,0.0,0.0,0.0
2,4,0.0,0.0,0.0,0.0,1.0,0.0,0.0,0.0,0.0,0.0
2,4,0.0,0.0,0.0,0.0,1.0,0.0,0.0,0.0,0.0,0.0
2,4,0.0,0.0,0.0,0.0,1.0,0.0,0.0,0.0,0.0,0.0
2,4,0.0,0.0,0.0,0.0,1.0,0.0,0.0,0.0,0.0,0.0
2,4,0.0,0.0,0.0,0.0,1.0,0.0,0.0,0.0,0.0,0.0
2,4,0.0,0.0,0.0,0.0,1.0,0.0,0.0,0.0,0.0,0.0
2,4,0.0,0.0,0.0,0.0,1.0,0.0,0.0,0.0,0.0,0.0
2,4,0.0,0.0,0.0,0.0,1.0,0.0,0.0,0.0,0.0,0.0
2,4,0.0,0.0,0.0,0.0,1.0,0.0,0.0,0.0,0.0,0.0
2,4,0.0,0.0,0.0,0.0,1.0,0.0,0.0,0.0,0.0,0.0
2,4,0.0,0.0,0.0,0.0,1.0,0.0,0.0,0.0,0.0,0.0
2,4,0.0,0.0,0.0,0.0,1.0,0.0,0.0,0.0,0.0,0.0
2,4,0.0,0.0,0.0,0.0,1.0,0.0,0.0,0.0,0.0,0.0
2,4,0.0,0.0,0.0,0.0,1.0,0.0,0.0,0.0,0.0,0.0
2,4,0.0,0.0,0.0,0.0,1.0,0.0,0.0,0.0,0.0,0.0
2,4,0.0,0.0,0.0,0.0,1.0,0.0,0.0,0.0,0.0,0.0
2,4,0.0,0.0,0.0,0.0,1.0,0.0,0.0,0.0,0.0,0.0
2,4,0.0,0.0,0.0,0.0,1.0,0.0,0.0,0.0,0.0,0.0
2,4,0.0,0.0,0.0,0.0,1.0,0.0,0.0,0.0,0.0,0.0
2,4,0.0,0.0,0.0,0.0,1.0,0.0,0.0,0.0,0.0,0.0
2,4,0.0,0.0,0.0,0.0,1.0,0.0,0.0,0.0,0.0,0.0
2,4,0.0,0.0,0.0,0.0,1.0,0.0,0.0,0.0,0.0,0.0
2,4,0.0,0.0,0.0,0.0,1.0,0.0,0.0,0.0,0.0,0.0
2,4,0.0,0.0,0.0,0.0,1.0,0.0,0.0,0.0,0.0,0.0
2,4,0.0,0.0,0.0,0.0,1.0,0.0,0.0,0.0,0.0,0.0
2,4,0.0,0.0,0.0,0.0,1.0,0.0,0.0,0.0,0.0,0.0
2,4,0.0,0.0,0.0,0.0,1.0,0.0,0.0,0.0,0.0,0.0
2,4,0.0,0.0,0.0,0.0,1.0,0.0,0.0,0.0,0.0,0.0
2,4,0.0,0.0,0.0,0.0,1.0,0.0,0.0,0.0,0.0,0.0
2,4,0.0,0.0,0.0,0.0,1.0,0.0,0.0,0.0,0.0,0.0
2,4,0.0,0.0,0.0,0.0,1.0,0.0,0.0,0.0,0.0,0.0
2,4,0.0,0.0,0.0,0.0,1.0,0.0,0.0,0.0,0.0,0.0
2,4,0.0,0.0,0.0,0.0,1.0,0.0,0.0,0.0,0.0,0.0
2,4,0.0,0.0,0.0,0.0,1.0,0.0,0.0,0.0,0.0,0.0
2,4,0.0,0.0,0.0,0.0,1.0,0.0,0.0,0.0,0.0,0.0
2,4,0.0,0.0,0.0,0.0,1.0,0.0,0.0,0.0,0.0,0.0
2,4,0.0,0.0,0.0,0.0,1.0,0.0,0.0,0.0,0.0,0.0
2,4,0.0,0.0,0.0,0.0,1.0,0.0,0.0,0.0,0.0,0.0
2,4,0.0,0.0,0.0,0.0,1.0,0.0,0.0,0.0,0.0,0.0
2,4,0.0,0.0,0.0,0.0,1.0,0.0,0.0,0.0,0.0,0.0
2,4,0.0,0.0,0.0,0.0,1.0,0.0,0.0,0.0,0.0,0.0
2,4,0.0,0.0,0.0,0.0,1.0,0.0,0.0,0.0,0.0,0.0
2,4,0.0,0.0,0.0,0.0,1.0,0.0,0.0,0.0,0.0,0.0
2,4,0.0,0.0,0.0,0.0,1.0,0.0,0.0,0.0,0.0,0.0
2,4,0.0,0.0,0.0,0.0,1.0,0.0,0.0,0.0,0.0,0.0
2,4,0.0,0.0,0.0,0.0,1.0,0.0,0.0,0.0,0.0,0.0
2,4,0.0,0.0,0.0,0.0,1.0,0.0,0.0,0.0,0.0,0.0
2,4,0.0,0.0,0.0,0.0,1.0,0.0,0.0,0.0,0.0,0.0
2,4,0.0,0.0,0.0,0.0,1.0,0.0,0.0,0.0,0.0,0.0
2,4,0.0,0.0,0.0,0.0,1.0,0.0,0.0,0.0,0.0,0.0
2,4,0.0,0.0,0.0,0.0,1.0,0.0,0.0,0.0,0.0,0.0
2,4,0.0,0.0,0.0,0.0,1.0,0.0,0.0,0.0,0.0,0.0
2,4,0.0,0.0,0.0,0.0,1.0,0.0,0.0,0.0,0.0,0.0
2,4,0.0,0.0,0.0,0.0,1.0,0.0,0.0,0.0,0.0,0.0
2,4,0.0,0.0,0.0,0.0,1.0,0.0,0.0,0.0,0.0,0.0
2,4,0.0,0.0,0.0,0.0,1.0,0.0,0.0,0.0,0.0,0.0
2,4,0.0,0.0,0.0,0.0,1.0,0.0,0.0,0.0,0.0,0.0
2,4,0.0,0.0,0.0,0.0,1.0,0.0,0.0,0.0,0.0,0.0
2,4,0.0,0.0,0.0,0.0,1.0,0.0,0.0,0.0,0.0,0.0
2,4,0.0,0.0,0.0,0.0,1.0,0.0,0.0,0.0,0.0,0.0
2,4,0.0,0.0,0.0,0.0,1.0,0.0,0.0,0.0,0.0,0.0
2,4,0.0,0.0,0.0,0.0,1.0,0.0,0.0,0.0,0.0,0.0
2,4,0.0,0.0,0.0,0.0,1.0,0.0,0.0,0.0,0.0,0.0
2,4,0.0,0.0,0.0,0.0,1.0,0.0,0.0,0.0,0.0,0.0
2,4,0.0,0.0,0.0,0.0,1.0,0.0,0.0,0.0,0.0,0.0
2,4,0.0,0.0,0.0,0.0,1.0,0.0,0.0,0.0,0.0,0.0
2,4,0.0,0.0,0.0,0.0,1.0,0.0,0.0,0.0,0.0,0.0
2,4,0.0,0.0,0.0,0.0,1.0,0.0,0.0,0.0,0.0,0.0
2,4,0.0,0.0,0.0,0.0,1.0,0.0,0.0,0.0,0.0,0.0
2,4,0.0,0.0,0.0,0.0,1.0,0.0,0.0,0.0,0.0,0.0
2,4,0.0,0.0,0.0,0.0,1.0,0.0,0.0,0.0,0.0,0.0
2,4,0.0,0.0,0.0,0.0,1.0,0.0,0.0,0.0,0.0,0.0
2,4,0.0,0.0,0.0,0.0,1.0,0.0,0.0,0.0,0.0,0.0
2,4,0.0,0.0,0.0,0.0,1.0,0.0,0.0,0.0,0.0,0.0
2,4,0.0,0.0,0.0,0.0,1.0,0.0,0.0,0.0,0.0,0.0
2,4,0.0,0.0,0.0,0.0,1.0,0.0,0.0,0.0,0.0,0.0
2,4,0.0,0.0,0.0,0.0,1.0,0.0,0.0,0.0,0.0,0.0
2,4,0.0,0.0,0.0,0.0,1.0,0.0,0.0,0.0,0.0,0.0
2,4,0.0,0.0,0.0,0.0,1.0,0.0,0.0,0.0,0.0,0.0
2,4,0.0,0.0,0.0,0.0,1.0,0.0,0.0,0.0,0.0,0.0
2,4,0.0,0.0,0.0,0.0,1.0,0.0,0.0,0.0,0.0,0.0
2,4,0.0,0.0,0.0,0.0,1.0,0.0,0.0,0.0,0.0,0.0
2,4,0.0,0.0,0.0,0.0,1.0,0.0,0.0,0.0,0.0,0.0
2,4,0.0,0.0,0.0,0.0,1.0,0.0,0.0,0.0,0.0,0.0
2,4,0.0,0.0,0.0,0.0,1.0,0.0,0.0,0.0,0.0,0.0
2,4,0.0,0.0,0.0,0.0,1.0,0.0,0.0,0.0,0.0,0.0
2,4,0.0,0.0,0.0,0.0,1.0,0.0,0.0,0.0,0.0,0.0
2,4,0.0,0.0,0.0,0.0,1.0,0.0,0.0,0.0,0.0,0.0
2,4,0.0,0.0,0.0,0.0,1.0,0.0,0.0,0.0,0.0,0.0
2,4,0.0,0.0,0.0,0.0,1.0,0.0,0.0,0.0,0.0,0.0
2,4,0.0,0.0,0.0,0.0,1.0,0.0,0.0,0.0,0.0,0.0
2,4,0.0,0.0,0.0,0.0,1.0,0.0,0.0,0.0,0.0,0.0
2,4,0.0,0.0,0.0,0.0,1.0,0.0,0.0,0.0,0.0,0.0
2,4,0.0,0.0,0.0,0.0,1.0,0.0,0.0,0.0,0.0,0.0
2,4,0.0,0.0,0.0,0.0,1.0,0.0,0.0,0.0,0.0,0.0
2,4,0.0,0.0,0.0,0.0,1.0,0.0,0.0,0.0,0.0,0.0
2,4,0.0,0.0,0.0,0.0,1.0,0.0,0.0,0.0,0.0,0.0
2,4,0.0,0.0,0.0,0.0,1.0,0.0,0.0,0.0,0.0,0.0
2,4,0.0,0.0,0.0,0.0,1.0,0.0,0.0,0.0,0.0,0.0
2,4,0.0,0.0,0.0,0.0,1.0,0.0,0.0,0.0,0.0,0.0
2,4,0.0,0.0,0.0,0.0,1.0,0.0,0.0,0.0,0.0,0.0
2,4,0.0,0.0,0.0,0.0,1.0,0.0,0.0,0.0,0.0,0.0
2,4,0.0,0.0,0.0,0.0,1.0,0.0,0.0,0.0,0.0,0.0
2,4,0.0,0.0,0.0,0.0,1.0,0.0,0.0,0.0,0.0,0.0
2,4,0.0,0.0,0.0,0.0,1.0,0.0,0.0,0.0,0.0,0.0
2,4,0.0,0.0,0.0,0.0,1.0,0.0,0.0,0.0,0.0,0.0
2,4,0.0,0.0,0.0,0.0,1.0,0.0,0.0,0.0,0.0,0.0
2,4,0.0,0.0,0.0,0.0,1.0,0.0,0.0,0.0,0.0,0.0
2,4,0.0,0.0,0.0,0.0,1.0,0.0,0.0,0.0,0.0,0.0
2,4,0.0,0.0,0.0,0.0,1.0,0.0,0.0,0.0,0.0,0.0
2,4,0.0,0.0,0.0,0.0,1.0,0.0,0.0,0.0,0.0,0.0
2,4,0.0,0.0,0.0,0.0,1.0,0.0,0.0,0.0,0.0,0.0
2,4,0.0,0.0,0.0,0.0,1.0,0.0,0.0,0.0,0.0,0.0
2,4,0.0,0.0,0.0,0.0,1.0,0.0,0.0,0.0,0.0,0.0
2,4,0.0,0.0,0.0,0.0,1.0,0.0,0.0,0.0,0.0,0.0
2,4,0.0,0.0,0.0,0.0,1.0,0.0,0.0,0.0,0.0,0.0
2,4,0.0,0.0,0.0,0.0,1.0,0.0,0.0,0.0,0.0,0.0
2,4,0.0,0.0,0.0,0.0,1.0,0.0,0.0,0.0,0.0,0.0
2,4,0.0,0.0,0.0,0.0,1.0,0.0,0.0,0.0,0.0,0.0
2,4,0.0,0.0,0.0,0.0,1.0,0.0,0.0,0.0,0.0,0.0
2,4,0.0,0.0,0.0,0.0,1.0,0.0,0.0,0.0,0.0,0.0
2,4,0.0,0.0,0.0,0.0,1.0,0.0,0.0,0.0,0.0,0.0
2,4,0.0,0.0,0.0,0.0,1.0,0.0,0.0,0.0,0.0,0.0
2,4,0.0,0.0,0.0,0.0,1.0,0.0,0.0,0.0,0.0,0.0
2,4,0.0,0.0,0.0,0.0,1.0,0.0,0.0,0.0,0.0,0.0
2,4,0.0,0.0,0.0,0.0,1.0,0.0,0.0,0.0,0.0,0.0
2,4,0.0,0.0,0.0,0.0,1.0,0.0,0.0,0.0,0.0,0.0
2,4,0.0,0.0,0.0,0.0,1.0,0.0,0.0,0.0,0.0,0.0
2,4,0.0,0.0,0.0,0.0,1.0,0.0,0.0,0.0,0.0,0.0
2,4,0.0,0.0,0.0,0.0,1.0,0.0,0.0,0.0,0.0,0.0
2,4,0.0,0.0,0.0,0.0,1.0,0.0,0.0,0.0,0.0,0.0
2,4,0.0,0.0,0.0,0.0,1.0,0.0,0.0,0.0,0.0,0.0
2,4,0.0,0.0,0.0,0.0,1.0,0.0,0.0,0.0,0.0,0.0
2,4,0.0,0.0,0.0,0.0,1.0,0.0,0.0,0.0,0.0,0.0
2,4,0.0,0.0,0.0,0.0,1.0,0.0,0.0,0.0,0.0,0.0
2,4,0.0,0.0,0.0,0.0,1.0,0.0,0.0,0.0,0.0,0.0
2,4,0.0,0.0,0.0,0.0,1.0,0.0,0.0,0.0,0.0,0.0
2,4,0.0,0.0,0.0,0.0,1.0,0.0,0.0,0.0,0.0,0.0
2,4,0.0,0.0,0.0,0.0,1.0,0.0,0.0,0.0,0.0,0.0
2,4,0.0,0.0,0.0,0.0,1.0,0.0,0.0,0.0,0.0,0.0
2,4,0.0,0.0,0.0,0.0,1.0,0.0,0.0,0.0,0.0,0.0
2,4,0.0,0.0,0.0,0.0,1.0,0.0,0.0,0.0,0.0,0.0
2,4,0.0,0.0,0.0,0.0,1.0,0.0,0.0,0.0,0.0,0.0
2,4,0.0,0.0,0.0,0.0,1.0,0.0,0.0,0.0,0.0,0.0
2,4,0.0,0.0,0.0,0.0,1.0,0.0,0.0,0.0,0.0,0.0
2,4,0.0,0.0,0.0,0.0,1.0,0.0,0.0,0.0,0.0,0.0
2,4,0.0,0.0,0.0,0.0,1.0,0.0,0.0,0.0,0.0,0.0
2,4,0.0,0.0,0.0,0.0,1.0,0.0,0.0,0.0,0.0,0.0
2,4,0.0,0.0,0.0,0.0,1.0,0.0,0.0,0.0,0.0,0.0
2,4,0.0,0.0,0.0,0.0,1.0,0.0,0.0,0.0,0.0,0.0
2,4,0.0,0.0,0.0,0.0,1.0,0.0,0.0,0.0,0.0,0.0
2,4,0.0,0.0,0.0,0.0,1.0,0.0,0.0,0.0,0.0,0.0
2,4,0.0,0.0,0.0,0.0,1.0,0.0,0.0,0.0,0.0,0.0
2,4,0.0,0.0,0.0,0.0,1.0,0.0,0.0,0.0,0.0,0.0
2,4,0.0,0.0,0.0,0.0,1.0,0.0,0.0,0.0,0.0,0.0
2,4,0.0,0.0,0.0,0.0,1.0,0.0,0.0,0.0,0.0,0.0
2,4,0.0,0.0,0.0,0.0,1.0,0.0,0.0,0.0,0.0,0.0
2,4,0.0,0.0,0.0,0.0,1.0,0.0,0.0,0.0,0.0,0.0
2,4,0.0,0.0,0.0,0.0,1.0,0.0,0.0,0.0,0.0,0.0
2,4,0.0,0.0,0.0,0.0,1.0,0.0,0.0,0.0,0.0,0.0
2,4,0.0,0.0,0.0,0.0,1.0,0.0,0.0,0.0,0.0,0.0
2,4,0.0,0.0,0.0,0.0,1.0,0.0,0.0,0.0,0.0,0.0
2,4,0.0,0.0,0.0,0.0,1.0,0.0,0.0,0.0,0.0,0.0
2,4,0.0,0.0,0.0,0.0,1.0,0.0,0.0,0.0,0.0,0.0
2,4,0.0,0.0,0.0,0.0,1.0,0.0,0.0,0.0,0.0,0.0
2,4,0.0,0.0,0.0,0.0,1.0,0.0,0.0,0.0,0.0,0.0
2,4,0.0,0.0,0.0,0.0,1.0,0.0,0.0,0.0,0.0,0.0
2,4,0.0,0.0,0.0,0.0,1.0,0.0,0.0,0.0,0.0,0.0
2,4,0.0,0.0,0.0,0.0,1.0,0.0,0.0,0.0,0.0,0.0
2,4,0.0,0.0,0.0,0.0,1.0,0.0,0.0,0.0,0.0,0.0
2,4,0.0,0.0,0.0,0.0,1.0,0.0,0.0,0.0,0.0,0.0
2,4,0.0,0.0,0.0,0.0,1.0,0.0,0.0,0.0,0.0,0.0
2,4,0.0,0.0,0.0,0.0,1.0,0.0,0.0,0.0,0.0,0.0
2,4,0.0,0.0,0.0,0.0,1.0,0.0,0.0,0.0,0.0,0.0
2,4,0.0,0.0,0.0,0.0,1.0,0.0,0.0,0.0,0.0,0.0
2,4,0.0,0.0,0.0,0.0,1.0,0.0,0.0,0.0,0.0,0.0
2,4,0.0,0.0,0.0,0.0,1.0,0.0,0.0,0.0,0.0,0.0
2,4,0.0,0.0,0.0,0.0,1.0,0.0,0.0,0.0,0.0,0.0
2,4,0.0,0.0,0.0,0.0,1.0,0.0,0.0,0.0,0.0,0.0
2,4,0.0,0.0,0.0,0.0,1.0,0.0,0.0,0.0,0.0,0.0
2,4,0.0,0.0,0.0,0.0,1.0,0.0,0.0,0.0,0.0,0.0
2,4,0.0,0.0,0.0,0.0,1.0,0.0,0.0,0.0,0.0,0.0
2,4,0.0,0.0,0.0,0.0,1.0,0.0,0.0,0.0,0.0,0.0
2,4,0.0,0.0,0.0,0.0,1.0,0.0,0.0,0.0,0.0,0.0
2,4,0.0,0.0,0.0,0.0,1.0,0.0,0.0,0.0,0.0,0.0
2,4,0.0,0.0,0.0,0.0,1.0,0.0,0.0,0.0,0.0,0.0
2,4,0.0,0.0,0.0,0.0,1.0,0.0,0.0,0.0,0.0,0.0
2,4,0.0,0.0,0.0,0.0,1.0,0.0,0.0,0.0,0.0,0.0
2,4,0.0,0.0,0.0,0.0,1.0,0.0,0.0,0.0,0.0,0.0
2,4,0.0,0.0,0.0,0.0,1.0,0.0,0.0,0.0,0.0,0.0
2,4,0.0,0.0,0.0,0.0,1.0,0.0,0.0,0.0,0.0,0.0
2,4,0.0,0.0,0.0,0.0,1.0,0.0,0.0,0.0,0.0,0.0
2,4,0.0,0.0,0.0,0.0,1.0,0.0,0.0,0.0,0.0,0.0
2,4,0.0,0.0,0.0,0.0,1.0,0.0,0.0,0.0,0.0,0.0
2,4,0.0,0.0,0.0,0.0,1.0,0.0,0.0,0.0,0.0,0.0
2,4,0.0,0.0,0.0,0.0,1.0,0.0,0.0,0.0,0.0,0.0
2,4,0.0,0.0,0.0,0.0,1.0,0.0,0.0,0.0,0.0,0.0
2,4,0.0,0.0,0.0,0.0,1.0,0.0,0.0,0.0,0.0,0.0
2,4,0.0,0.0,0.0,0.0,1.0,0.0,0.0,0.0,0.0,0.0
2,4,0.0,0.0,0.0,0.0,1.0,0.0,0.0,0.0,0.0,0.0
2,4,0.0,0.0,0.0,0.0,1.0,0.0,0.0,0.0,0.0,0.0
2,4,0.0,0.0,0.0,0.0,1.0,0.0,0.0,0.0,0.0,0.0
2,4,0.0,0.0,0.0,0.0,1.0,0.0,0.0,0.0,0.0,0.0
2,4,0.0,0.0,0.0,0.0,1.0,0.0,0.0,0.0,0.0,0.0
2,4,0.0,0.0,0.0,0.0,1.0,0.0,0.0,0.0,0.0,0.0
2,4,0.0,0.0,0.0,0.0,1.0,0.0,0.0,0.0,0.0,0.0
2,4,0.0,0.0,0.0,0.0,1.0,0.0,0.0,0.0,0.0,0.0
2,4,0.0,0.0,0.0,0.0,1.0,0.0,0.0,0.0,0.0,0.0
2,4,0.0,0.0,0.0,0.0,1.0,0.0,0.0,0.0,0.0,0.0
2,4,0.0,0.0,0.0,0.0,1.0,0.0,0.0,0.0,0.0,0.0
2,4,0.0,0.0,0.0,0.0,1.0,0.0,0.0,0.0,0.0,0.0
2,4,0.0,0.0,0.0,0.0,1.0,0.0,0.0,0.0,0.0,0.0
2,4,0.0,0.0,0.0,0.0,1.0,0.0,0.0,0.0,0.0,0.0
2,4,0.0,0.0,0.0,0.0,1.0,0.0,0.0,0.0,0.0,0.0
2,4,0.0,0.0,0.0,0.0,1.0,0.0,0.0,0.0,0.0,0.0
2,4,0.0,0.0,0.0,0.0,1.0,0.0,0.0,0.0,0.0,0.0
2,4,0.0,0.0,0.0,0.0,1.0,0.0,0.0,0.0,0.0,0.0
2,4,0.0,0.0,0.0,0.0,1.0,0.0,0.0,0.0,0.0,0.0
2,4,0.0,0.0,0.0,0.0,1.0,0.0,0.0,0.0,0.0,0.0
2,4,0.0,0.0,0.0,0.0,1.0,0.0,0.0,0.0,0.0,0.0
2,4,0.0,0.0,0.0,0.0,1.0,0.0,0.0,0.0,0.0,0.0
2,4,0.0,0.0,0.0,0.0,1.0,0.0,0.0,0.0,0.0,0.0
2,4,0.0,0.0,0.0,0.0,1.0,0.0,0.0,0.0,0.0,0.0
2,4,0.0,0.0,0.0,0.0,1.0,0.0,0.0,0.0,0.0,0.0
2,4,0.0,0.0,0.0,0.0,1.0,0.0,0.0,0.0,0.0,0.0
2,4,0.0,0.0,0.0,0.0,1.0,0.0,0.0,0.0,0.0,0.0
2,4,0.0,0.0,0.0,0.0,1.0,0.0,0.0,0.0,0.0,0.0
2,4,0.0,0.0,0.0,0.0,1.0,0.0,0.0,0.0,0.0,0.0
2,4,0.0,0.0,0.0,0.0,1.0,0.0,0.0,0.0,0.0,0.0
2,4,0.0,0.0,0.0,0.0,1.0,0.0,0.0,0.0,0.0,0.0
2,4,0.0,0.0,0.0,0.0,1.0,0.0,0.0,0.0,0.0,0.0
2,4,0.0,0.0,0.0,0.0,1.0,0.0,0.0,0.0,0.0,0.0
2,4,0.0,0.0,0.0,0.0,1.0,0.0,0.0,0.0,0.0,0.0
2,4,0.0,0.0,0.0,0.0,1.0,0.0,0.0,0.0,0.0,0.0
2,4,0.0,0.0,0.0,0.0,1.0,0.0,0.0,0.0,0.0,0.0
2,4,0.0,0.0,0.0,0.0,1.0,0.0,0.0,0.0,0.0,0.0
2,4,0.0,0.0,0.0,0.0,1.0,0.0,0.0,0.0,0.0,0.0
2,4,0.0,0.0,0.0,0.0,1.0,0.0,0.0,0.0,0.0,0.0
2,4,0.0,0.0,0.0,0.0,1.0,0.0,0.0,0.0,0.0,0.0
2,4,0.0,0.0,0.0,0.0,1.0,0.0,0.0,0.0,0.0,0.0
2,4,0.0,0.0,0.0,0.0,1.0,0.0,0.0,0.0,0.0,0.0
2,4,0.0,0.0,0.0,0.0,1.0,0.0,0.0,0.0,0.0,0.0
2,4,0.0,0.0,0.0,0.0,1.0,0.0,0.0,0.0,0.0,0.0
2,4,0.0,0.0,0.0,0.0,1.0,0.0,0.0,0.0,0.0,0.0
2,4,0.0,0.0,0.0,0.0,1.0,0.0,0.0,0.0,0.0,0.0
2,4,0.0,0.0,0.0,0.0,1.0,0.0,0.0,0.0,0.0,0.0
2,4,0.0,0.0,0.0,0.0,1.0,0.0,0.0,0.0,0.0,0.0
2,4,0.0,0.0,0.0,0.0,1.0,0.0,0.0,0.0,0.0,0.0
2,4,0.0,0.0,0.0,0.0,1.0,0.0,0.0,0.0,0.0,0.0
2,4,0.0,0.0,0.0,0.0,1.0,0.0,0.0,0.0,0.0,0.0
2,4,0.0,0.0,0.0,0.0,1.0,0.0,0.0,0.0,0.0,0.0
2,4,0.0,0.0,0.0,0.0,1.0,0.0,0.0,0.0,0.0,0.0
2,4,0.0,0.0,0.0,0.0,1.0,0.0,0.0,0.0,0.0,0.0
2,4,0.0,0.0,0.0,0.0,1.0,0.0,0.0,0.0,0.0,0.0
2,4,0.0,0.0,0.0,0.0,1.0,0.0,0.0,0.0,0.0,0.0
2,4,0.0,0.0,0.0,0.0,1.0,0.0,0.0,0.0,0.0,0.0
2,4,0.0,0.0,0.0,0.0,1.0,0.0,0.0,0.0,0.0,0.0
2,4,0.0,0.0,0.0,0.0,1.0,0.0,0.0,0.0,0.0,0.0
2,4,0.0,0.0,0.0,0.0,1.0,0.0,0.0,0.0,0.0,0.0
2,4,0.0,0.0,0.0,0.0,1.0,0.0,0.0,0.0,0.0,0.0
2,4,0.0,0.0,0.0,0.0,1.0,0.0,0.0,0.0,0.0,0.0
2,4,0.0,0.0,0.0,0.0,1.0,0.0,0.0,0.0,0.0,0.0
2,4,0.0,0.0,0.0,0.0,1.0,0.0,0.0,0.0,0.0,0.0
2,4,0.0,0.0,0.0,0.0,1.0,0.0,0.0,0.0,0.0,0.0
2,4,0.0,0.0,0.0,0.0,1.0,0.0,0.0,0.0,0.0,0.0
2,4,0.0,0.0,0.0,0.0,1.0,0.0,0.0,0.0,0.0,0.0
2,4,0.0,0.0,0.0,0.0,1.0,0.0,0.0,0.0,0.0,0.0
2,4,0.0,0.0,0.0,0.0,1.0,0.0,0.0,0.0,0.0,0.0
2,4,0.0,0.0,0.0,0.0,1.0,0.0,0.0,0.0,0.0,0.0
2,4,0.0,0.0,0.0,0.0,1.0,0.0,0.0,0.0,0.0,0.0
2,4,0.0,0.0,0.0,0.0,1.0,0.0,0.0,0.0,0.0,0.0
2,4,0.0,0.0,0.0,0.0,1.0,0.0,0.0,0.0,0.0,0.0
2,4,0.0,0.0,0.0,0.0,1.0,0.0,0.0,0.0,0.0,0.0
2,4,0.0,0.0,0.0,0.0,1.0,0.0,0.0,0.0,0.0,0.0
2,4,0.0,0.0,0.0,0.0,1.0,0.0,0.0,0.0,0.0,0.0
2,4,0.0,0.0,0.0,0.0,1.0,0.0,0.0,0.0,0.0,0.0
2,4,0.0,0.0,0.0,0.0,1.0,0.0,0.0,0.0,0.0,0.0
2,4,0.0,0.0,0.0,0.0,1.0,0.0,0.0,0.0,0.0,0.0
2,4,0.0,0.0,0.0,0.0,1.0,0.0,0.0,0.0,0.0,0.0
2,4,0.0,0.0,0.0,0.0,1.0,0.0,0.0,0.0,0.0,0.0
2,4,0.0,0.0,0.0,0.0,1.0,0.0,0.0,0.0,0.0,0.0
2,4,0.0,0.0,0.0,0.0,1.0,0.0,0.0,0.0,0.0,0.0
2,4,0.0,0.0,0.0,0.0,1.0,0.0,0.0,0.0,0.0,0.0
2,4,0.0,0.0,0.0,0.0,1.0,0.0,0.0,0.0,0.0,0.0
2,4,0.0,0.0,0.0,0.0,1.0,0.0,0.0,0.0,0.0,0.0
2,4,0.0,0.0,0.0,0.0,1.0,0.0,0.0,0.0,0.0,0.0
2,4,0.0,0.0,0.0,0.0,1.0,0.0,0.0,0.0,0.0,0.0
2,4,0.0,0.0,0.0,0.0,1.0,0.0,0.0,0.0,0.0,0.0
2,4,0.0,0.0,0.0,0.0,1.0,0.0,0.0,0.0,0.0,0.0
2,4,0.0,0.0,0.0,0.0,1.0,0.0,0.0,0.0,0.0,0.0
2,4,0.0,0.0,0.0,0.0,1.0,0.0,0.0,0.0,0.0,0.0
2,4,0.0,0.0,0.0,0.0,1.0,0.0,0.0,0.0,0.0,0.0
2,4,0.0,0.0,0.0,0.0,1.0,0.0,0.0,0.0,0.0,0.0
2,4,0.0,0.0,0.0,0.0,1.0,0.0,0.0,0.0,0.0,0.0
2,4,0.0,0.0,0.0,0.0,1.0,0.0,0.0,0.0,0.0,0.0
2,4,0.0,0.0,0.0,0.0,1.0,0.0,0.0,0.0,0.0,0.0
2,4,0.0,0.0,0.0,0.0,1.0,0.0,0.0,0.0,0.0,0.0
2,4,0.0,0.0,0.0,0.0,1.0,0.0,0.0,0.0,0.0,0.0
2,4,0.0,0.0,0.0,0.0,1.0,0.0,0.0,0.0,0.0,0.0
2,4,0.0,0.0,0.0,0.0,1.0,0.0,0.0,0.0,0.0,0.0
2,4,0.0,0.0,0.0,0.0,1.0,0.0,0.0,0.0,0.0,0.0
2,4,0.0,0.0,0.0,0.0,1.0,0.0,0.0,0.0,0.0,0.0
2,4,0.0,0.0,0.0,0.0,1.0,0.0,0.0,0.0,0.0,0.0
2,4,0.0,0.0,0.0,0.0,1.0,0.0,0.0,0.0,0.0,0.0
2,4,0.0,0.0,0.0,0.0,1.0,0.0,0.0,0.0,0.0,0.0
2,4,0.0,0.0,0.0,0.0,1.0,0.0,0.0,0.0,0.0,0.0
2,4,0.0,0.0,0.0,0.0,1.0,0.0,0.0,0.0,0.0,0.0
2,4,0.0,0.0,0.0,0.0,1.0,0.0,0.0,0.0,0.0,0.0
2,4,0.0,0.0,0.0,0.0,1.0,0.0,0.0,0.0,0.0,0.0
2,4,0.0,0.0,0.0,0.0,1.0,0.0,0.0,0.0,0.0,0.0
2,4,0.0,0.0,0.0,0.0,1.0,0.0,0.0,0.0,0.0,0.0
2,4,0.0,0.0,0.0,0.0,1.0,0.0,0.0,0.0,0.0,0.0
2,4,0.0,0.0,0.0,0.0,1.0,0.0,0.0,0.0,0.0,0.0
2,4,0.0,0.0,0.0,0.0,1.0,0.0,0.0,0.0,0.0,0.0
2,4,0.0,0.0,0.0,0.0,1.0,0.0,0.0,0.0,0.0,0.0
2,4,0.0,0.0,0.0,0.0,1.0,0.0,0.0,0.0,0.0,0.0
2,4,0.0,0.0,0.0,0.0,1.0,0.0,0.0,0.0,0.0,0.0
2,4,0.0,0.0,0.0,0.0,1.0,0.0,0.0,0.0,0.0,0.0
2,4,0.0,0.0,0.0,0.0,1.0,0.0,0.0,0.0,0.0,0.0
2,4,0.0,0.0,0.0,0.0,1.0,0.0,0.0,0.0,0.0,0.0
2,4,0.0,0.0,0.0,0.0,1.0,0.0,0.0,0.0,0.0,0.0
2,4,0.0,0.0,0.0,0.0,1.0,0.0,0.0,0.0,0.0,0.0
2,4,0.0,0.0,0.0,0.0,1.0,0.0,0.0,0.0,0.0,0.0
2,4,0.0,0.0,0.0,0.0,1.0,0.0,0.0,0.0,0.0,0.0
2,4,0.0,0.0,0.0,0.0,1.0,0.0,0.0,0.0,0.0,0.0
2,4,0.0,0.0,0.0,0.0,1.0,0.0,0.0,0.0,0.0,0.0
2,4,0.0,0.0,0.0,0.0,1.0,0.0,0.0,0.0,0.0,0.0
2,4,0.0,0.0,0.0,0.0,1.0,0.0,0.0,0.0,0.0,0.0
2,4,0.0,0.0,0.0,0.0,1.0,0.0,0.0,0.0,0.0,0.0
2,4,0.0,0.0,0.0,0.0,1.0,0.0,0.0,0.0,0.0,0.0
2,4,0.0,0.0,0.0,0.0,1.0,0.0,0.0,0.0,0.0,0.0
2,4,0.0,0.0,0.0,0.0,1.0,0.0,0.0,0.0,0.0,0.0
2,4,0.0,0.0,0.0,0.0,1.0,0.0,0.0,0.0,0.0,0.0
2,4,0.0,0.0,0.0,0.0,1.0,0.0,0.0,0.0,0.0,0.0
2,4,0.0,0.0,0.0,0.0,1.0,0.0,0.0,0.0,0.0,0.0
2,4,0.0,0.0,0.0,0.0,1.0,0.0,0.0,0.0,0.0,0.0
2,4,0.0,0.0,0.0,0.0,1.0,0.0,0.0,0.0,0.0,0.0
2,4,0.0,0.0,0.0,0.0,1.0,0.0,0.0,0.0,0.0,0.0
2,4,0.0,0.0,0.0,0.0,1.0,0.0,0.0,0.0,0.0,0.0
2,4,0.0,0.0,0.0,0.0,1.0,0.0,0.0,0.0,0.0,0.0
2,4,0.0,0.0,0.0,0.0,1.0,0.0,0.0,0.0,0.0,0.0
2,4,0.0,0.0,0.0,0.0,1.0,0.0,0.0,0.0,0.0,0.0
2,4,0.0,0.0,0.0,0.0,1.0,0.0,0.0,0.0,0.0,0.0
2,4,0.0,0.0,0.0,0.0,1.0,0.0,0.0,0.0,0.0,0.0
2,4,0.0,0.0,0.0,0.0,1.0,0.0,0.0,0.0,0.0,0.0
2,4,0.0,0.0,0.0,0.0,1.0,0.0,0.0,0.0,0.0,0.0
2,4,0.0,0.0,0.0,0.0,1.0,0.0,0.0,0.0,0.0,0.0
2,4,0.0,0.0,0.0,0.0,1.0,0.0,0.0,0.0,0.0,0.0
2,4,0.0,0.0,0.0,0.0,1.0,0.0,0.0,0.0,0.0,0.0
2,4,0.0,0.0,0.0,0.0,1.0,0.0,0.0,0.0,0.0,0.0
2,4,0.0,0.0,0.0,0.0,1.0,0.0,0.0,0.0,0.0,0.0
2,4,0.0,0.0,0.0,0.0,1.0,0.0,0.0,0.0,0.0,0.0
2,4,0.0,0.0,0.0,0.0,1.0,0.0,0.0,0.0,0.0,0.0
2,4,0.0,0.0,0.0,0.0,1.0,0.0,0.0,0.0,0.0,0.0
2,4,0.0,0.0,0.0,0.0,1.0,0.0,0.0,0.0,0.0,0.0
2,4,0.0,0.0,0.0,0.0,1.0,0.0,0.0,0.0,0.0,0.0
2,4,0.0,0.0,0.0,0.0,1.0,0.0,0.0,0.0,0.0,0.0
2,4,0.0,0.0,0.0,0.0,1.0,0.0,0.0,0.0,0.0,0.0
2,4,0.0,0.0,0.0,0.0,1.0,0.0,0.0,0.0,0.0,0.0
2,4,0.0,0.0,0.0,0.0,1.0,0.0,0.0,0.0,0.0,0.0
2,4,0.0,0.0,0.0,0.0,1.0,0.0,0.0,0.0,0.0,0.0
2,4,0.0,0.0,0.0,0.0,1.0,0.0,0.0,0.0,0.0,0.0
2,4,0.0,0.0,0.0,0.0,1.0,0.0,0.0,0.0,0.0,0.0
2,4,0.0,0.0,0.0,0.0,1.0,0.0,0.0,0.0,0.0,0.0
2,4,0.0,0.0,0.0,0.0,1.0,0.0,0.0,0.0,0.0,0.0
2,4,0.0,0.0,0.0,0.0,1.0,0.0,0.0,0.0,0.0,0.0
2,4,0.0,0.0,0.0,0.0,1.0,0.0,0.0,0.0,0.0,0.0
2,4,0.0,0.0,0.0,0.0,1.0,0.0,0.0,0.0,0.0,0.0
2,4,0.0,0.0,0.0,0.0,1.0,0.0,0.0,0.0,0.0,0.0
2,4,0.0,0.0,0.0,0.0,1.0,0.0,0.0,0.0,0.0,0.0
2,4,0.0,0.0,0.0,0.0,1.0,0.0,0.0,0.0,0.0,0.0
2,4,0.0,0.0,0.0,0.0,1.0,0.0,0.0,0.0,0.0,0.0
2,4,0.0,0.0,0.0,0.0,1.0,0.0,0.0,0.0,0.0,0.0
2,4,0.0,0.0,0.0,0.0,1.0,0.0,0.0,0.0,0.0,0.0
2,4,0.0,0.0,0.0,0.0,1.0,0.0,0.0,0.0,0.0,0.0
2,4,0.0,0.0,0.0,0.0,1.0,0.0,0.0,0.0,0.0,0.0
2,4,0.0,0.0,0.0,0.0,1.0,0.0,0.0,0.0,0.0,0.0
2,4,0.0,0.0,0.0,0.0,1.0,0.0,0.0,0.0,0.0,0.0
2,4,0.0,0.0,0.0,0.0,1.0,0.0,0.0,0.0,0.0,0.0
2,4,0.0,0.0,0.0,0.0,1.0,0.0,0.0,0.0,0.0,0.0
2,4,0.0,0.0,0.0,0.0,1.0,0.0,0.0,0.0,0.0,0.0
2,4,0.0,0.0,0.0,0.0,1.0,0.0,0.0,0.0,0.0,0.0
2,4,0.0,0.0,0.0,0.0,1.0,0.0,0.0,0.0,0.0,0.0
2,4,0.0,0.0,0.0,0.0,1.0,0.0,0.0,0.0,0.0,0.0
2,4,0.0,0.0,0.0,0.0,1.0,0.0,0.0,0.0,0.0,0.0
2,4,0.0,0.0,0.0,0.0,1.0,0.0,0.0,0.0,0.0,0.0
2,4,0.0,0.0,0.0,0.0,1.0,0.0,0.0,0.0,0.0,0.0
2,4,0.0,0.0,0.0,0.0,1.0,0.0,0.0,0.0,0.0,0.0
2,4,0.0,0.0,0.0,0.0,1.0,0.0,0.0,0.0,0.0,0.0
2,4,0.0,0.0,0.0,0.0,1.0,0.0,0.0,0.0,0.0,0.0
2,4,0.0,0.0,0.0,0.0,1.0,0.0,0.0,0.0,0.0,0.0
2,4,0.0,0.0,0.0,0.0,1.0,0.0,0.0,0.0,0.0,0.0
2,4,0.0,0.0,0.0,0.0,1.0,0.0,0.0,0.0,0.0,0.0
2,4,0.0,0.0,0.0,0.0,1.0,0.0,0.0,0.0,0.0,0.0
2,4,0.0,0.0,0.0,0.0,1.0,0.0,0.0,0.0,0.0,0.0
2,4,0.0,0.0,0.0,0.0,1.0,0.0,0.0,0.0,0.0,0.0
2,4,0.0,0.0,0.0,0.0,1.0,0.0,0.0,0.0,0.0,0.0
2,4,0.0,0.0,0.0,0.0,1.0,0.0,0.0,0.0,0.0,0.0
2,4,0.0,0.0,0.0,0.0,1.0,0.0,0.0,0.0,0.0,0.0
2,4,0.0,0.0,0.0,0.0,1.0,0.0,0.0,0.0,0.0,0.0
2,4,0.0,0.0,0.0,0.0,1.0,0.0,0.0,0.0,0.0,0.0
2,4,0.0,0.0,0.0,0.0,1.0,0.0,0.0,0.0,0.0,0.0
2,4,0.0,0.0,0.0,0.0,1.0,0.0,0.0,0.0,0.0,0.0
2,4,0.0,0.0,0.0,0.0,1.0,0.0,0.0,0.0,0.0,0.0
2,4,0.0,0.0,0.0,0.0,1.0,0.0,0.0,0.0,0.0,0.0
2,4,0.0,0.0,0.0,0.0,1.0,0.0,0.0,0.0,0.0,0.0
2,4,0.0,0.0,0.0,0.0,1.0,0.0,0.0,0.0,0.0,0.0
2,4,0.0,0.0,0.0,0.0,1.0,0.0,0.0,0.0,0.0,0.0
2,4,0.0,0.0,0.0,0.0,1.0,0.0,0.0,0.0,0.0,0.0
2,4,0.0,0.0,0.0,0.0,1.0,0.0,0.0,0.0,0.0,0.0
2,4,0.0,0.0,0.0,0.0,1.0,0.0,0.0,0.0,0.0,0.0
2,4,0.0,0.0,0.0,0.0,1.0,0.0,0.0,0.0,0.0,0.0
2,4,0.0,0.0,0.0,0.0,1.0,0.0,0.0,0.0,0.0,0.0
2,4,0.0,0.0,0.0,0.0,1.0,0.0,0.0,0.0,0.0,0.0
2,4,0.0,0.0,0.0,0.0,1.0,0.0,0.0,0.0,0.0,0.0
2,4,0.0,0.0,0.0,0.0,1.0,0.0,0.0,0.0,0.0,0.0
2,4,0.0,0.0,0.0,0.0,1.0,0.0,0.0,0.0,0.0,0.0
2,4,0.0,0.0,0.0,0.0,1.0,0.0,0.0,0.0,0.0,0.0
2,4,0.0,0.0,0.0,0.0,1.0,0.0,0.0,0.0,0.0,0.0
2,4,0.0,0.0,0.0,0.0,1.0,0.0,0.0,0.0,0.0,0.0
2,4,0.0,0.0,0.0,0.0,1.0,0.0,0.0,0.0,0.0,0.0
2,4,0.0,0.0,0.0,0.0,1.0,0.0,0.0,0.0,0.0,0.0
2,4,0.0,0.0,0.0,0.0,1.0,0.0,0.0,0.0,0.0,0.0
2,4,0.0,0.0,0.0,0.0,1.0,0.0,0.0,0.0,0.0,0.0
2,4,0.0,0.0,0.0,0.0,1.0,0.0,0.0,0.0,0.0,0.0
2,4,0.0,0.0,0.0,0.0,1.0,0.0,0.0,0.0,0.0,0.0
2,4,0.0,0.0,0.0,0.0,1.0,0.0,0.0,0.0,0.0,0.0
2,4,0.0,0.0,0.0,0.0,1.0,0.0,0.0,0.0,0.0,0.0
2,4,0.0,0.0,0.0,0.0,1.0,0.0,0.0,0.0,0.0,0.0
2,4,0.0,0.0,0.0,0.0,1.0,0.0,0.0,0.0,0.0,0.0
2,4,0.0,0.0,0.0,0.0,1.0,0.0,0.0,0.0,0.0,0.0
2,4,0.0,0.0,0.0,0.0,1.0,0.0,0.0,0.0,0.0,0.0
2,4,0.0,0.0,0.0,0.0,1.0,0.0,0.0,0.0,0.0,0.0
2,4,0.0,0.0,0.0,0.0,1.0,0.0,0.0,0.0,0.0,0.0
2,4,0.0,0.0,0.0,0.0,1.0,0.0,0.0,0.0,0.0,0.0
2,4,0.0,0.0,0.0,0.0,1.0,0.0,0.0,0.0,0.0,0.0
2,4,0.0,0.0,0.0,0.0,1.0,0.0,0.0,0.0,0.0,0.0
2,4,0.0,0.0,0.0,0.0,1.0,0.0,0.0,0.0,0.0,0.0
2,4,0.0,0.0,0.0,0.0,1.0,0.0,0.0,0.0,0.0,0.0
2,4,0.0,0.0,0.0,0.0,1.0,0.0,0.0,0.0,0.0,0.0
2,4,0.0,0.0,0.0,0.0,1.0,0.0,0.0,0.0,0.0,0.0
2,4,0.0,0.0,0.0,0.0,1.0,0.0,0.0,0.0,0.0,0.0
2,4,0.0,0.0,0.0,0.0,1.0,0.0,0.0,0.0,0.0,0.0
2,4,0.0,0.0,0.0,0.0,1.0,0.0,0.0,0.0,0.0,0.0
2,4,0.0,0.0,0.0,0.0,1.0,0.0,0.0,0.0,0.0,0.0
2,4,0.0,0.0,0.0,0.0,1.0,0.0,0.0,0.0,0.0,0.0
2,4,0.0,0.0,0.0,0.0,1.0,0.0,0.0,0.0,0.0,0.0
2,4,0.0,0.0,0.0,0.0,1.0,0.0,0.0,0.0,0.0,0.0
2,4,0.0,0.0,0.0,0.0,1.0,0.0,0.0,0.0,0.0,0.0
2,4,0.0,0.0,0.0,0.0,1.0,0.0,0.0,0.0,0.0,0.0
2,4,0.0,0.0,0.0,0.0,1.0,0.0,0.0,0.0,0.0,0.0
2,4,0.0,0.0,0.0,0.0,1.0,0.0,0.0,0.0,0.0,0.0
2,4,0.0,0.0,0.0,0.0,1.0,0.0,0.0,0.0,0.0,0.0
2,4,0.0,0.0,0.0,0.0,1.0,0.0,0.0,0.0,0.0,0.0
2,4,0.0,0.0,0.0,0.0,1.0,0.0,0.0,0.0,0.0,0.0
2,4,0.0,0.0,0.0,0.0,1.0,0.0,0.0,0.0,0.0,0.0
2,4,0.0,0.0,0.0,0.0,1.0,0.0,0.0,0.0,0.0,0.0
2,4,0.0,0.0,0.0,0.0,1.0,0.0,0.0,0.0,0.0,0.0
2,4,0.0,0.0,0.0,0.0,1.0,0.0,0.0,0.0,0.0,0.0
2,4,0.0,0.0,0.0,0.0,1.0,0.0,0.0,0.0,0.0,0.0
2,4,0.0,0.0,0.0,0.0,1.0,0.0,0.0,0.0,0.0,0.0
2,4,0.0,0.0,0.0,0.0,1.0,0.0,0.0,0.0,0.0,0.0
2,4,0.0,0.0,0.0,0.0,1.0,0.0,0.0,0.0,0.0,0.0
2,4,0.0,0.0,0.0,0.0,1.0,0.0,0.0,0.0,0.0,0.0
2,4,0.0,0.0,0.0,0.0,1.0,0.0,0.0,0.0,0.0,0.0
2,4,0.0,0.0,0.0,0.0,1.0,0.0,0.0,0.0,0.0,0.0
2,4,0.0,0.0,0.0,0.0,1.0,0.0,0.0,0.0,0.0,0.0
2,4,0.0,0.0,0.0,0.0,1.0,0.0,0.0,0.0,0.0,0.0
2,4,0.0,0.0,0.0,0.0,1.0,0.0,0.0,0.0,0.0,0.0
2,4,0.0,0.0,0.0,0.0,1.0,0.0,0.0,0.0,0.0,0.0
2,4,0.0,0.0,0.0,0.0,1.0,0.0,0.0,0.0,0.0,0.0
2,4,0.0,0.0,0.0,0.0,1.0,0.0,0.0,0.0,0.0,0.0
2,4,0.0,0.0,0.0,0.0,1.0,0.0,0.0,0.0,0.0,0.0
2,4,0.0,0.0,0.0,0.0,1.0,0.0,0.0,0.0,0.0,0.0
2,4,0.0,0.0,0.0,0.0,1.0,0.0,0.0,0.0,0.0,0.0
2,4,0.0,0.0,0.0,0.0,1.0,0.0,0.0,0.0,0.0,0.0
2,4,0.0,0.0,0.0,0.0,1.0,0.0,0.0,0.0,0.0,0.0
2,4,0.0,0.0,0.0,0.0,1.0,0.0,0.0,0.0,0.0,0.0
2,4,0.0,0.0,0.0,0.0,1.0,0.0,0.0,0.0,0.0,0.0
2,4,0.0,0.0,0.0,0.0,1.0,0.0,0.0,0.0,0.0,0.0
2,4,0.0,0.0,0.0,0.0,1.0,0.0,0.0,0.0,0.0,0.0
2,4,0.0,0.0,0.0,0.0,1.0,0.0,0.0,0.0,0.0,0.0
2,4,0.0,0.0,0.0,0.0,1.0,0.0,0.0,0.0,0.0,0.0
2,4,0.0,0.0,0.0,0.0,1.0,0.0,0.0,0.0,0.0,0.0
2,4,0.0,0.0,0.0,0.0,1.0,0.0,0.0,0.0,0.0,0.0
2,4,0.0,0.0,0.0,0.0,1.0,0.0,0.0,0.0,0.0,0.0
2,4,0.0,0.0,0.0,0.0,1.0,0.0,0.0,0.0,0.0,0.0
2,4,0.0,0.0,0.0,0.0,1.0,0.0,0.0,0.0,0.0,0.0
2,4,0.0,0.0,0.0,0.0,1.0,0.0,0.0,0.0,0.0,0.0
2,4,0.0,0.0,0.0,0.0,1.0,0.0,0.0,0.0,0.0,0.0
2,4,0.0,0.0,0.0,0.0,1.0,0.0,0.0,0.0,0.0,0.0
2,4,0.0,0.0,0.0,0.0,1.0,0.0,0.0,0.0,0.0,0.0
2,4,0.0,0.0,0.0,0.0,1.0,0.0,0.0,0.0,0.0,0.0
2,4,0.0,0.0,0.0,0.0,1.0,0.0,0.0,0.0,0.0,0.0
2,4,0.0,0.0,0.0,0.0,1.0,0.0,0.0,0.0,0.0,0.0
2,4,0.0,0.0,0.0,0.0,1.0,0.0,0.0,0.0,0.0,0.0
2,4,0.0,0.0,0.0,0.0,1.0,0.0,0.0,0.0,0.0,0.0
2,4,0.0,0.0,0.0,0.0,1.0,0.0,0.0,0.0,0.0,0.0
2,4,0.0,0.0,0.0,0.0,1.0,0.0,0.0,0.0,0.0,0.0
2,4,0.0,0.0,0.0,0.0,1.0,0.0,0.0,0.0,0.0,0.0
2,4,0.0,0.0,0.0,0.0,1.0,0.0,0.0,0.0,0.0,0.0
2,4,0.0,0.0,0.0,0.0,1.0,0.0,0.0,0.0,0.0,0.0
2,4,0.0,0.0,0.0,0.0,1.0,0.0,0.0,0.0,0.0,0.0
2,4,0.0,0.0,0.0,0.0,1.0,0.0,0.0,0.0,0.0,0.0
2,4,0.0,0.0,0.0,0.0,1.0,0.0,0.0,0.0,0.0,0.0
2,4,0.0,0.0,0.0,0.0,1.0,0.0,0.0,0.0,0.0,0.0
2,4,0.0,0.0,0.0,0.0,1.0,0.0,0.0,0.0,0.0,0.0
2,4,0.0,0.0,0.0,0.0,1.0,0.0,0.0,0.0,0.0,0.0
2,4,0.0,0.0,0.0,0.0,1.0,0.0,0.0,0.0,0.0,0.0
2,4,0.0,0.0,0.0,0.0,1.0,0.0,0.0,0.0,0.0,0.0
2,4,0.0,0.0,0.0,0.0,1.0,0.0,0.0,0.0,0.0,0.0
2,4,0.0,0.0,0.0,0.0,1.0,0.0,0.0,0.0,0.0,0.0
2,4,0.0,0.0,0.0,0.0,1.0,0.0,0.0,0.0,0.0,0.0
2,4,0.0,0.0,0.0,0.0,1.0,0.0,0.0,0.0,0.0,0.0
2,4,0.0,0.0,0.0,0.0,1.0,0.0,0.0,0.0,0.0,0.0
2,4,0.0,0.0,0.0,0.0,1.0,0.0,0.0,0.0,0.0,0.0
2,4,0.0,0.0,0.0,0.0,1.0,0.0,0.0,0.0,0.0,0.0
2,4,0.0,0.0,0.0,0.0,1.0,0.0,0.0,0.0,0.0,0.0
2,4,0.0,0.0,0.0,0.0,1.0,0.0,0.0,0.0,0.0,0.0
2,4,0.0,0.0,0.0,0.0,1.0,0.0,0.0,0.0,0.0,0.0
2,4,0.0,0.0,0.0,0.0,1.0,0.0,0.0,0.0,0.0,0.0
2,4,0.0,0.0,0.0,0.0,1.0,0.0,0.0,0.0,0.0,0.0
2,4,0.0,0.0,0.0,0.0,1.0,0.0,0.0,0.0,0.0,0.0
2,4,0.0,0.0,0.0,0.0,1.0,0.0,0.0,0.0,0.0,0.0
2,4,0.0,0.0,0.0,0.0,1.0,0.0,0.0,0.0,0.0,0.0
2,4,0.0,0.0,0.0,0.0,1.0,0.0,0.0,0.0,0.0,0.0
2,4,0.0,0.0,0.0,0.0,1.0,0.0,0.0,0.0,0.0,0.0
2,4,0.0,0.0,0.0,0.0,1.0,0.0,0.0,0.0,0.0,0.0
2,4,0.0,0.0,0.0,0.0,1.0,0.0,0.0,0.0,0.0,0.0
2,4,0.0,0.0,0.0,0.0,1.0,0.0,0.0,0.0,0.0,0.0
2,4,0.0,0.0,0.0,0.0,1.0,0.0,0.0,0.0,0.0,0.0
2,4,0.0,0.0,0.0,0.0,1.0,0.0,0.0,0.0,0.0,0.0
2,4,0.0,0.0,0.0,0.0,1.0,0.0,0.0,0.0,0.0,0.0
2,4,0.0,0.0,0.0,0.0,1.0,0.0,0.0,0.0,0.0,0.0
2,4,0.0,0.0,0.0,0.0,1.0,0.0,0.0,0.0,0.0,0.0
2,4,0.0,0.0,0.0,0.0,1.0,0.0,0.0,0.0,0.0,0.0
2,4,0.0,0.0,0.0,0.0,1.0,0.0,0.0,0.0,0.0,0.0
2,4,0.0,0.0,0.0,0.0,1.0,0.0,0.0,0.0,0.0,0.0
2,4,0.0,0.0,0.0,0.0,1.0,0.0,0.0,0.0,0.0,0.0
2,4,0.0,0.0,0.0,0.0,1.0,0.0,0.0,0.0,0.0,0.0
2,4,0.0,0.0,0.0,0.0,1.0,0.0,0.0,0.0,0.0,0.0
2,4,0.0,0.0,0.0,0.0,1.0,0.0,0.0,0.0,0.0,0.0
2,4,0.0,0.0,0.0,0.0,1.0,0.0,0.0,0.0,0.0,0.0
2,4,0.0,0.0,0.0,0.0,1.0,0.0,0.0,0.0,0.0,0.0
2,4,0.0,0.0,0.0,0.0,1.0,0.0,0.0,0.0,0.0,0.0
2,4,0.0,0.0,0.0,0.0,1.0,0.0,0.0,0.0,0.0,0.0
2,4,0.0,0.0,0.0,0.0,1.0,0.0,0.0,0.0,0.0,0.0
2,4,0.0,0.0,0.0,0.0,1.0,0.0,0.0,0.0,0.0,0.0
2,4,0.0,0.0,0.0,0.0,1.0,0.0,0.0,0.0,0.0,0.0
2,4,0.0,0.0,0.0,0.0,1.0,0.0,0.0,0.0,0.0,0.0
2,4,0.0,0.0,0.0,0.0,1.0,0.0,0.0,0.0,0.0,0.0
2,4,0.0,0.0,0.0,0.0,1.0,0.0,0.0,0.0,0.0,0.0
2,4,0.0,0.0,0.0,0.0,1.0,0.0,0.0,0.0,0.0,0.0
2,4,0.0,0.0,0.0,0.0,1.0,0.0,0.0,0.0,0.0,0.0
2,4,0.0,0.0,0.0,0.0,1.0,0.0,0.0,0.0,0.0,0.0
2,4,0.0,0.0,0.0,0.0,1.0,0.0,0.0,0.0,0.0,0.0
2,4,0.0,0.0,0.0,0.0,1.0,0.0,0.0,0.0,0.0,0.0
2,4,0.0,0.0,0.0,0.0,1.0,0.0,0.0,0.0,0.0,0.0
2,4,0.0,0.0,0.0,0.0,1.0,0.0,0.0,0.0,0.0,0.0
2,4,0.0,0.0,0.0,0.0,1.0,0.0,0.0,0.0,0.0,0.0
2,4,0.0,0.0,0.0,0.0,1.0,0.0,0.0,0.0,0.0,0.0
2,4,0.0,0.0,0.0,0.0,1.0,0.0,0.0,0.0,0.0,0.0
2,4,0.0,0.0,0.0,0.0,1.0,0.0,0.0,0.0,0.0,0.0
2,4,0.0,0.0,0.0,0.0,1.0,0.0,0.0,0.0,0.0,0.0
2,4,0.0,0.0,0.0,0.0,1.0,0.0,0.0,0.0,0.0,0.0
2,4,0.0,0.0,0.0,0.0,1.0,0.0,0.0,0.0,0.0,0.0
2,4,0.0,0.0,0.0,0.0,1.0,0.0,0.0,0.0,0.0,0.0
2,4,0.0,0.0,0.0,0.0,1.0,0.0,0.0,0.0,0.0,0.0
2,4,0.0,0.0,0.0,0.0,1.0,0.0,0.0,0.0,0.0,0.0
2,4,0.0,0.0,0.0,0.0,1.0,0.0,0.0,0.0,0.0,0.0
2,4,0.0,0.0,0.0,0.0,1.0,0.0,0.0,0.0,0.0,0.0
2,4,0.0,0.0,0.0,0.0,1.0,0.0,0.0,0.0,0.0,0.0
2,4,0.0,0.0,0.0,0.0,1.0,0.0,0.0,0.0,0.0,0.0
2,4,0.0,0.0,0.0,0.0,1.0,0.0,0.0,0.0,0.0,0.0
2,4,0.0,0.0,0.0,0.0,1.0,0.0,0.0,0.0,0.0,0.0
2,4,0.0,0.0,0.0,0.0,1.0,0.0,0.0,0.0,0.0,0.0
2,4,0.0,0.0,0.0,0.0,1.0,0.0,0.0,0.0,0.0,0.0
2,4,0.0,0.0,0.0,0.0,1.0,0.0,0.0,0.0,0.0,0.0
2,4,0.0,0.0,0.0,0.0,1.0,0.0,0.0,0.0,0.0,0.0
2,4,0.0,0.0,0.0,0.0,1.0,0.0,0.0,0.0,0.0,0.0
2,4,0.0,0.0,0.0,0.0,1.0,0.0,0.0,0.0,0.0,0.0
2,4,0.0,0.0,0.0,0.0,1.0,0.0,0.0,0.0,0.0,0.0
2,4,0.0,0.0,0.0,0.0,1.0,0.0,0.0,0.0,0.0,0.0
2,4,0.0,0.0,0.0,0.0,1.0,0.0,0.0,0.0,0.0,0.0
2,4,0.0,0.0,0.0,0.0,1.0,0.0,0.0,0.0,0.0,0.0
2,4,0.0,0.0,0.0,0.0,1.0,0.0,0.0,0.0,0.0,0.0
2,4,0.0,0.0,0.0,0.0,1.0,0.0,0.0,0.0,0.0,0.0
2,4,0.0,0.0,0.0,0.0,1.0,0.0,0.0,0.0,0.0,0.0
2,4,0.0,0.0,0.0,0.0,1.0,0.0,0.0,0.0,0.0,0.0
2,4,0.0,0.0,0.0,0.0,1.0,0.0,0.0,0.0,0.0,0.0
2,4,0.0,0.0,0.0,0.0,1.0,0.0,0.0,0.0,0.0,0.0
2,4,0.0,0.0,0.0,0.0,1.0,0.0,0.0,0.0,0.0,0.0
2,4,0.0,0.0,0.0,0.0,1.0,0.0,0.0,0.0,0.0,0.0
2,4,0.0,0.0,0.0,0.0,1.0,0.0,0.0,0.0,0.0,0.0
2,4,0.0,0.0,0.0,0.0,1.0,0.0,0.0,0.0,0.0,0.0
2,4,0.0,0.0,0.0,0.0,1.0,0.0,0.0,0.0,0.0,0.0
2,4,0.0,0.0,0.0,0.0,1.0,0.0,0.0,0.0,0.0,0.0
2,4,0.0,0.0,0.0,0.0,1.0,0.0,0.0,0.0,0.0,0.0
2,4,0.0,0.0,0.0,0.0,1.0,0.0,0.0,0.0,0.0,0.0
2,4,0.0,0.0,0.0,0.0,1.0,0.0,0.0,0.0,0.0,0.0
2,4,0.0,0.0,0.0,0.0,1.0,0.0,0.0,0.0,0.0,0.0
2,4,0.0,0.0,0.0,0.0,1.0,0.0,0.0,0.0,0.0,0.0
2,4,0.0,0.0,0.0,0.0,1.0,0.0,0.0,0.0,0.0,0.0
2,4,0.0,0.0,0.0,0.0,1.0,0.0,0.0,0.0,0.0,0.0
2,4,0.0,0.0,0.0,0.0,1.0,0.0,0.0,0.0,0.0,0.0
2,4,0.0,0.0,0.0,0.0,1.0,0.0,0.0,0.0,0.0,0.0
2,4,0.0,0.0,0.0,0.0,1.0,0.0,0.0,0.0,0.0,0.0
2,4,0.0,0.0,0.0,0.0,1.0,0.0,0.0,0.0,0.0,0.0
2,4,0.0,0.0,0.0,0.0,1.0,0.0,0.0,0.0,0.0,0.0
2,4,0.0,0.0,0.0,0.0,1.0,0.0,0.0,0.0,0.0,0.0
2,4,0.0,0.0,0.0,0.0,1.0,0.0,0.0,0.0,0.0,0.0
2,4,0.0,0.0,0.0,0.0,1.0,0.0,0.0,0.0,0.0,0.0
2,4,0.0,0.0,0.0,0.0,1.0,0.0,0.0,0.0,0.0,0.0
2,4,0.0,0.0,0.0,0.0,1.0,0.0,0.0,0.0,0.0,0.0
2,4,0.0,0.0,0.0,0.0,1.0,0.0,0.0,0.0,0.0,0.0
2,4,0.0,0.0,0.0,0.0,1.0,0.0,0.0,0.0,0.0,0.0
2,4,0.0,0.0,0.0,0.0,1.0,0.0,0.0,0.0,0.0,0.0
2,4,0.0,0.0,0.0,0.0,1.0,0.0,0.0,0.0,0.0,0.0
2,4,0.0,0.0,0.0,0.0,1.0,0.0,0.0,0.0,0.0,0.0
2,4,0.0,0.0,0.0,0.0,1.0,0.0,0.0,0.0,0.0,0.0
2,4,0.0,0.0,0.0,0.0,1.0,0.0,0.0,0.0,0.0,0.0
2,4,0.0,0.0,0.0,0.0,1.0,0.0,0.0,0.0,0.0,0.0
2,4,0.0,0.0,0.0,0.0,1.0,0.0,0.0,0.0,0.0,0.0
2,4,0.0,0.0,0.0,0.0,1.0,0.0,0.0,0.0,0.0,0.0
2,4,0.0,0.0,0.0,0.0,1.0,0.0,0.0,0.0,0.0,0.0
2,4,0.0,0.0,0.0,0.0,1.0,0.0,0.0,0.0,0.0,0.0
2,4,0.0,0.0,0.0,0.0,1.0,0.0,0.0,0.0,0.0,0.0
2,4,0.0,0.0,0.0,0.0,1.0,0.0,0.0,0.0,0.0,0.0
2,4,0.0,0.0,0.0,0.0,1.0,0.0,0.0,0.0,0.0,0.0
2,4,0.0,0.0,0.0,0.0,1.0,0.0,0.0,0.0,0.0,0.0
2,4,0.0,0.0,0.0,0.0,1.0,0.0,0.0,0.0,0.0,0.0
2,4,0.0,0.0,0.0,0.0,1.0,0.0,0.0,0.0,0.0,0.0
2,4,0.0,0.0,0.0,0.0,1.0,0.0,0.0,0.0,0.0,0.0
2,4,0.0,0.0,0.0,0.0,1.0,0.0,0.0,0.0,0.0,0.0
2,4,0.0,0.0,0.0,0.0,1.0,0.0,0.0,0.0,0.0,0.0
2,4,0.0,0.0,0.0,0.0,1.0,0.0,0.0,0.0,0.0,0.0
2,4,0.0,0.0,0.0,0.0,1.0,0.0,0.0,0.0,0.0,0.0
2,4,0.0,0.0,0.0,0.0,1.0,0.0,0.0,0.0,0.0,0.0
2,4,0.0,0.0,0.0,0.0,1.0,0.0,0.0,0.0,0.0,0.0
2,4,0.0,0.0,0.0,0.0,1.0,0.0,0.0,0.0,0.0,0.0
2,4,0.0,0.0,0.0,0.0,1.0,0.0,0.0,0.0,0.0,0.0
2,4,0.0,0.0,0.0,0.0,1.0,0.0,0.0,0.0,0.0,0.0
2,4,0.0,0.0,0.0,0.0,1.0,0.0,0.0,0.0,0.0,0.0
2,4,0.0,0.0,0.0,0.0,1.0,0.0,0.0,0.0,0.0,0.0
2,4,0.0,0.0,0.0,0.0,1.0,0.0,0.0,0.0,0.0,0.0
2,4,0.0,0.0,0.0,0.0,1.0,0.0,0.0,0.0,0.0,0.0
2,4,0.0,0.0,0.0,0.0,1.0,0.0,0.0,0.0,0.0,0.0
2,4,0.0,0.0,0.0,0.0,1.0,0.0,0.0,0.0,0.0,0.0
2,4,0.0,0.0,0.0,0.0,1.0,0.0,0.0,0.0,0.0,0.0
2,4,0.0,0.0,0.0,0.0,1.0,0.0,0.0,0.0,0.0,0.0
2,4,0.0,0.0,0.0,0.0,1.0,0.0,0.0,0.0,0.0,0.0
2,4,0.0,0.0,0.0,0.0,1.0,0.0,0.0,0.0,0.0,0.0
2,4,0.0,0.0,0.0,0.0,1.0,0.0,0.0,0.0,0.0,0.0
2,4,0.0,0.0,0.0,0.0,1.0,0.0,0.0,0.0,0.0,0.0
2,4,0.0,0.0,0.0,0.0,1.0,0.0,0.0,0.0,0.0,0.0
2,4,0.0,0.0,0.0,0.0,1.0,0.0,0.0,0.0,0.0,0.0
2,4,0.0,0.0,0.0,0.0,1.0,0.0,0.0,0.0,0.0,0.0
2,4,0.0,0.0,0.0,0.0,1.0,0.0,0.0,0.0,0.0,0.0
2,4,0.0,0.0,0.0,0.0,1.0,0.0,0.0,0.0,0.0,0.0
2,4,0.0,0.0,0.0,0.0,1.0,0.0,0.0,0.0,0.0,0.0
2,4,0.0,0.0,0.0,0.0,1.0,0.0,0.0,0.0,0.0,0.0
2,4,0.0,0.0,0.0,0.0,1.0,0.0,0.0,0.0,0.0,0.0
2,4,0.0,0.0,0.0,0.0,1.0,0.0,0.0,0.0,0.0,0.0
2,4,0.0,0.0,0.0,0.0,1.0,0.0,0.0,0.0,0.0,0.0
2,4,0.0,0.0,0.0,0.0,1.0,0.0,0.0,0.0,0.0,0.0
2,4,0.0,0.0,0.0,0.0,1.0,0.0,0.0,0.0,0.0,0.0
2,4,0.0,0.0,0.0,0.0,1.0,0.0,0.0,0.0,0.0,0.0
2,4,0.0,0.0,0.0,0.0,1.0,0.0,0.0,0.0,0.0,0.0
2,4,0.0,0.0,0.0,0.0,1.0,0.0,0.0,0.0,0.0,0.0
2,4,0.0,0.0,0.0,0.0,1.0,0.0,0.0,0.0,0.0,0.0
2,4,0.0,0.0,0.0,0.0,1.0,0.0,0.0,0.0,0.0,0.0
2,4,0.0,0.0,0.0,0.0,1.0,0.0,0.0,0.0,0.0,0.0
2,4,0.0,0.0,0.0,0.0,1.0,0.0,0.0,0.0,0.0,0.0
2,4,0.0,0.0,0.0,0.0,1.0,0.0,0.0,0.0,0.0,0.0
2,4,0.0,0.0,0.0,0.0,1.0,0.0,0.0,0.0,0.0,0.0
2,4,0.0,0.0,0.0,0.0,1.0,0.0,0.0,0.0,0.0,0.0
2,4,0.0,0.0,0.0,0.0,1.0,0.0,0.0,0.0,0.0,0.0
2,4,0.0,0.0,0.0,0.0,1.0,0.0,0.0,0.0,0.0,0.0
2,4,0.0,0.0,0.0,0.0,1.0,0.0,0.0,0.0,0.0,0.0
2,4,0.0,0.0,0.0,0.0,1.0,0.0,0.0,0.0,0.0,0.0
2,4,0.0,0.0,0.0,0.0,1.0,0.0,0.0,0.0,0.0,0.0
2,4,0.0,0.0,0.0,0.0,1.0,0.0,0.0,0.0,0.0,0.0
2,4,0.0,0.0,0.0,0.0,1.0,0.0,0.0,0.0,0.0,0.0
2,4,0.0,0.0,0.0,0.0,1.0,0.0,0.0,0.0,0.0,0.0
2,4,0.0,0.0,0.0,0.0,1.0,0.0,0.0,0.0,0.0,0.0
2,4,0.0,0.0,0.0,0.0,1.0,0.0,0.0,0.0,0.0,0.0
2,4,0.0,0.0,0.0,0.0,1.0,0.0,0.0,0.0,0.0,0.0
2,4,0.0,0.0,0.0,0.0,1.0,0.0,0.0,0.0,0.0,0.0
2,4,0.0,0.0,0.0,0.0,1.0,0.0,0.0,0.0,0.0,0.0
2,4,0.0,0.0,0.0,0.0,1.0,0.0,0.0,0.0,0.0,0.0
2,4,0.0,0.0,0.0,0.0,1.0,0.0,0.0,0.0,0.0,0.0
2,4,0.0,0.0,0.0,0.0,1.0,0.0,0.0,0.0,0.0,0.0
2,4,0.0,0.0,0.0,0.0,1.0,0.0,0.0,0.0,0.0,0.0
2,4,0.0,0.0,0.0,0.0,1.0,0.0,0.0,0.0,0.0,0.0
2,4,0.0,0.0,0.0,0.0,1.0,0.0,0.0,0.0,0.0,0.0
2,4,0.0,0.0,0.0,0.0,1.0,0.0,0.0,0.0,0.0,0.0
2,4,0.0,0.0,0.0,0.0,1.0,0.0,0.0,0.0,0.0,0.0
2,4,0.0,0.0,0.0,0.0,1.0,0.0,0.0,0.0,0.0,0.0
2,4,0.0,0.0,0.0,0.0,1.0,0.0,0.0,0.0,0.0,0.0
2,4,0.0,0.0,0.0,0.0,1.0,0.0,0.0,0.0,0.0,0.0
2,4,0.0,0.0,0.0,0.0,1.0,0.0,0.0,0.0,0.0,0.0
2,4,0.0,0.0,0.0,0.0,1.0,0.0,0.0,0.0,0.0,0.0
2,4,0.0,0.0,0.0,0.0,1.0,0.0,0.0,0.0,0.0,0.0
2,4,0.0,0.0,0.0,0.0,1.0,0.0,0.0,0.0,0.0,0.0
2,4,0.0,0.0,0.0,0.0,1.0,0.0,0.0,0.0,0.0,0.0
2,4,0.0,0.0,0.0,0.0,1.0,0.0,0.0,0.0,0.0,0.0
2,4,0.0,0.0,0.0,0.0,1.0,0.0,0.0,0.0,0.0,0.0
2,4,0.0,0.0,0.0,0.0,1.0,0.0,0.0,0.0,0.0,0.0
2,4,0.0,0.0,0.0,0.0,1.0,0.0,0.0,0.0,0.0,0.0
2,4,0.0,0.0,0.0,0.0,1.0,0.0,0.0,0.0,0.0,0.0
2,4,0.0,0.0,0.0,0.0,1.0,0.0,0.0,0.0,0.0,0.0
2,4,0.0,0.0,0.0,0.0,1.0,0.0,0.0,0.0,0.0,0.0
2,4,0.0,0.0,0.0,0.0,1.0,0.0,0.0,0.0,0.0,0.0
2,4,0.0,0.0,0.0,0.0,1.0,0.0,0.0,0.0,0.0,0.0
2,4,0.0,0.0,0.0,0.0,1.0,0.0,0.0,0.0,0.0,0.0
2,4,0.0,0.0,0.0,0.0,1.0,0.0,0.0,0.0,0.0,0.0
2,4,0.0,0.0,0.0,0.0,1.0,0.0,0.0,0.0,0.0,0.0
2,4,0.0,0.0,0.0,0.0,1.0,0.0,0.0,0.0,0.0,0.0
2,4,0.0,0.0,0.0,0.0,1.0,0.0,0.0,0.0,0.0,0.0
2,4,0.0,0.0,0.0,0.0,1.0,0.0,0.0,0.0,0.0,0.0
2,4,0.0,0.0,0.0,0.0,1.0,0.0,0.0,0.0,0.0,0.0
2,4,0.0,0.0,0.0,0.0,1.0,0.0,0.0,0.0,0.0,0.0
2,4,0.0,0.0,0.0,0.0,1.0,0.0,0.0,0.0,0.0,0.0
2,4,0.0,0.0,0.0,0.0,1.0,0.0,0.0,0.0,0.0,0.0
2,4,0.0,0.0,0.0,0.0,1.0,0.0,0.0,0.0,0.0,0.0
2,4,0.0,0.0,0.0,0.0,1.0,0.0,0.0,0.0,0.0,0.0
2,4,0.0,0.0,0.0,0.0,1.0,0.0,0.0,0.0,0.0,0.0
2,4,0.0,0.0,0.0,0.0,1.0,0.0,0.0,0.0,0.0,0.0
2,4,0.0,0.0,0.0,0.0,1.0,0.0,0.0,0.0,0.0,0.0
2,4,0.0,0.0,0.0,0.0,1.0,0.0,0.0,0.0,0.0,0.0
2,4,0.0,0.0,0.0,0.0,1.0,0.0,0.0,0.0,0.0,0.0
2,4,0.0,0.0,0.0,0.0,1.0,0.0,0.0,0.0,0.0,0.0
2,4,0.0,0.0,0.0,0.0,1.0,0.0,0.0,0.0,0.0,0.0
2,4,0.0,0.0,0.0,0.0,1.0,0.0,0.0,0.0,0.0,0.0
2,4,0.0,0.0,0.0,0.0,1.0,0.0,0.0,0.0,0.0,0.0
2,4,0.0,0.0,0.0,0.0,1.0,0.0,0.0,0.0,0.0,0.0
2,4,0.0,0.0,0.0,0.0,1.0,0.0,0.0,0.0,0.0,0.0
2,4,0.0,0.0,0.0,0.0,1.0,0.0,0.0,0.0,0.0,0.0
2,4,0.0,0.0,0.0,0.0,1.0,0.0,0.0,0.0,0.0,0.0
2,4,0.0,0.0,0.0,0.0,1.0,0.0,0.0,0.0,0.0,0.0
2,4,0.0,0.0,0.0,0.0,1.0,0.0,0.0,0.0,0.0,0.0
2,4,0.0,0.0,0.0,0.0,1.0,0.0,0.0,0.0,0.0,0.0
2,4,0.0,0.0,0.0,0.0,1.0,0.0,0.0,0.0,0.0,0.0
2,4,0.0,0.0,0.0,0.0,1.0,0.0,0.0,0.0,0.0,0.0
2,4,0.0,0.0,0.0,0.0,1.0,0.0,0.0,0.0,0.0,0.0
2,4,0.0,0.0,0.0,0.0,1.0,0.0,0.0,0.0,0.0,0.0
2,4,0.0,0.0,0.0,0.0,1.0,0.0,0.0,0.0,0.0,0.0
2,4,0.0,0.0,0.0,0.0,1.0,0.0,0.0,0.0,0.0,0.0
2,4,0.0,0.0,0.0,0.0,1.0,0.0,0.0,0.0,0.0,0.0
2,4,0.0,0.0,0.0,0.0,1.0,0.0,0.0,0.0,0.0,0.0
2,4,0.0,0.0,0.0,0.0,1.0,0.0,0.0,0.0,0.0,0.0
2,4,0.0,0.0,0.0,0.0,1.0,0.0,0.0,0.0,0.0,0.0
2,4,0.0,0.0,0.0,0.0,1.0,0.0,0.0,0.0,0.0,0.0
2,4,0.0,0.0,0.0,0.0,1.0,0.0,0.0,0.0,0.0,0.0
2,4,0.0,0.0,0.0,0.0,1.0,0.0,0.0,0.0,0.0,0.0
2,4,0.0,0.0,0.0,0.0,1.0,0.0,0.0,0.0,0.0,0.0
2,4,0.0,0.0,0.0,0.0,1.0,0.0,0.0,0.0,0.0,0.0
2,4,0.0,0.0,0.0,0.0,1.0,0.0,0.0,0.0,0.0,0.0
2,4,0.0,0.0,0.0,0.0,1.0,0.0,0.0,0.0,0.0,0.0
2,4,0.0,0.0,0.0,0.0,1.0,0.0,0.0,0.0,0.0,0.0
2,4,0.0,0.0,0.0,0.0,1.0,0.0,0.0,0.0,0.0,0.0
2,4,0.0,0.0,0.0,0.0,1.0,0.0,0.0,0.0,0.0,0.0
2,4,0.0,0.0,0.0,0.0,1.0,0.0,0.0,0.0,0.0,0.0
2,4,0.0,0.0,0.0,0.0,1.0,0.0,0.0,0.0,0.0,0.0
2,4,0.0,0.0,0.0,0.0,1.0,0.0,0.0,0.0,0.0,0.0
2,4,0.0,0.0,0.0,0.0,1.0,0.0,0.0,0.0,0.0,0.0
2,4,0.0,0.0,0.0,0.0,1.0,0.0,0.0,0.0,0.0,0.0
2,4,0.0,0.0,0.0,0.0,1.0,0.0,0.0,0.0,0.0,0.0
2,4,0.0,0.0,0.0,0.0,1.0,0.0,0.0,0.0,0.0,0.0
2,4,0.0,0.0,0.0,0.0,1.0,0.0,0.0,0.0,0.0,0.0
2,4,0.0,0.0,0.0,0.0,1.0,0.0,0.0,0.0,0.0,0.0
2,4,0.0,0.0,0.0,0.0,1.0,0.0,0.0,0.0,0.0,0.0
2,4,0.0,0.0,0.0,0.0,1.0,0.0,0.0,0.0,0.0,0.0
2,4,0.0,0.0,0.0,0.0,1.0,0.0,0.0,0.0,0.0,0.0
2,4,0.0,0.0,0.0,0.0,1.0,0.0,0.0,0.0,0.0,0.0
2,4,0.0,0.0,0.0,0.0,1.0,0.0,0.0,0.0,0.0,0.0
2,4,0.0,0.0,0.0,0.0,1.0,0.0,0.0,0.0,0.0,0.0
2,4,0.0,0.0,0.0,0.0,1.0,0.0,0.0,0.0,0.0,0.0
2,4,0.0,0.0,0.0,0.0,1.0,0.0,0.0,0.0,0.0,0.0
2,4,0.0,0.0,0.0,0.0,1.0,0.0,0.0,0.0,0.0,0.0
2,4,0.0,0.0,0.0,0.0,1.0,0.0,0.0,0.0,0.0,0.0
2,4,0.0,0.0,0.0,0.0,1.0,0.0,0.0,0.0,0.0,0.0
2,4,0.0,0.0,0.0,0.0,1.0,0.0,0.0,0.0,0.0,0.0
2,4,0.0,0.0,0.0,0.0,1.0,0.0,0.0,0.0,0.0,0.0
2,4,0.0,0.0,0.0,0.0,1.0,0.0,0.0,0.0,0.0,0.0
2,4,0.0,0.0,0.0,0.0,1.0,0.0,0.0,0.0,0.0,0.0
2,4,0.0,0.0,0.0,0.0,1.0,0.0,0.0,0.0,0.0,0.0
2,4,0.0,0.0,0.0,0.0,1.0,0.0,0.0,0.0,0.0,0.0
2,4,0.0,0.0,0.0,0.0,1.0,0.0,0.0,0.0,0.0,0.0
2,4,0.0,0.0,0.0,0.0,1.0,0.0,0.0,0.0,0.0,0.0
2,4,0.0,0.0,0.0,0.0,1.0,0.0,0.0,0.0,0.0,0.0
2,4,0.0,0.0,0.0,0.0,1.0,0.0,0.0,0.0,0.0,0.0
2,4,0.0,0.0,0.0,0.0,1.0,0.0,0.0,0.0,0.0,0.0
2,4,0.0,0.0,0.0,0.0,1.0,0.0,0.0,0.0,0.0,0.0
2,4,0.0,0.0,0.0,0.0,1.0,0.0,0.0,0.0,0.0,0.0
2,4,0.0,0.0,0.0,0.0,1.0,0.0,0.0,0.0,0.0,0.0
2,4,0.0,0.0,0.0,0.0,1.0,0.0,0.0,0.0,0.0,0.0
2,4,0.0,0.0,0.0,0.0,1.0,0.0,0.0,0.0,0.0,0.0
2,4,0.0,0.0,0.0,0.0,1.0,0.0,0.0,0.0,0.0,0.0
2,4,0.0,0.0,0.0,0.0,1.0,0.0,0.0,0.0,0.0,0.0
2,4,0.0,0.0,0.0,0.0,1.0,0.0,0.0,0.0,0.0,0.0
2,4,0.0,0.0,0.0,0.0,1.0,0.0,0.0,0.0,0.0,0.0
2,4,0.0,0.0,0.0,0.0,1.0,0.0,0.0,0.0,0.0,0.0
2,4,0.0,0.0,0.0,0.0,1.0,0.0,0.0,0.0,0.0,0.0
2,4,0.0,0.0,0.0,0.0,1.0,0.0,0.0,0.0,0.0,0.0
2,4,0.0,0.0,0.0,0.0,1.0,0.0,0.0,0.0,0.0,0.0
2,4,0.0,0.0,0.0,0.0,1.0,0.0,0.0,0.0,0.0,0.0
2,4,0.0,0.0,0.0,0.0,1.0,0.0,0.0,0.0,0.0,0.0
2,4,0.0,0.0,0.0,0.0,1.0,0.0,0.0,0.0,0.0,0.0
2,4,0.0,0.0,0.0,0.0,1.0,0.0,0.0,0.0,0.0,0.0
2,4,0.0,0.0,0.0,0.0,1.0,0.0,0.0,0.0,0.0,0.0
2,4,0.0,0.0,0.0,0.0,1.0,0.0,0.0,0.0,0.0,0.0
2,4,0.0,0.0,0.0,0.0,1.0,0.0,0.0,0.0,0.0,0.0
2,4,0.0,0.0,0.0,0.0,1.0,0.0,0.0,0.0,0.0,0.0
2,4,0.0,0.0,0.0,0.0,1.0,0.0,0.0,0.0,0.0,0.0
2,4,0.0,0.0,0.0,0.0,1.0,0.0,0.0,0.0,0.0,0.0
2,4,0.0,0.0,0.0,0.0,1.0,0.0,0.0,0.0,0.0,0.0
2,4,0.0,0.0,0.0,0.0,1.0,0.0,0.0,0.0,0.0,0.0
2,4,0.0,0.0,0.0,0.0,1.0,0.0,0.0,0.0,0.0,0.0
2,4,0.0,0.0,0.0,0.0,1.0,0.0,0.0,0.0,0.0,0.0
2,4,0.0,0.0,0.0,0.0,1.0,0.0,0.0,0.0,0.0,0.0
2,4,0.0,0.0,0.0,0.0,1.0,0.0,0.0,0.0,0.0,0.0
2,4,0.0,0.0,0.0,0.0,1.0,0.0,0.0,0.0,0.0,0.0
2,4,0.0,0.0,0.0,0.0,1.0,0.0,0.0,0.0,0.0,0.0
2,4,0.0,0.0,0.0,0.0,1.0,0.0,0.0,0.0,0.0,0.0
2,4,0.0,0.0,0.0,0.0,1.0,0.0,0.0,0.0,0.0,0.0
2,4,0.0,0.0,0.0,0.0,1.0,0.0,0.0,0.0,0.0,0.0
2,4,0.0,0.0,0.0,0.0,1.0,0.0,0.0,0.0,0.0,0.0
2,4,0.0,0.0,0.0,0.0,1.0,0.0,0.0,0.0,0.0,0.0
2,4,0.0,0.0,0.0,0.0,1.0,0.0,0.0,0.0,0.0,0.0
2,4,0.0,0.0,0.0,0.0,1.0,0.0,0.0,0.0,0.0,0.0
2,4,0.0,0.0,0.0,0.0,1.0,0.0,0.0,0.0,0.0,0.0
2,4,0.0,0.0,0.0,0.0,1.0,0.0,0.0,0.0,0.0,0.0
2,4,0.0,0.0,0.0,0.0,1.0,0.0,0.0,0.0,0.0,0.0
2,4,0.0,0.0,0.0,0.0,1.0,0.0,0.0,0.0,0.0,0.0
2,4,0.0,0.0,0.0,0.0,1.0,0.0,0.0,0.0,0.0,0.0
2,4,0.0,0.0,0.0,0.0,1.0,0.0,0.0,0.0,0.0,0.0
2,4,0.0,0.0,0.0,0.0,1.0,0.0,0.0,0.0,0.0,0.0
2,4,0.0,0.0,0.0,0.0,1.0,0.0,0.0,0.0,0.0,0.0
2,4,0.0,0.0,0.0,0.0,1.0,0.0,0.0,0.0,0.0,0.0
2,4,0.0,0.0,0.0,0.0,1.0,0.0,0.0,0.0,0.0,0.0
2,4,0.0,0.0,0.0,0.0,1.0,0.0,0.0,0.0,0.0,0.0
2,4,0.0,0.0,0.0,0.0,1.0,0.0,0.0,0.0,0.0,0.0
2,4,0.0,0.0,0.0,0.0,1.0,0.0,0.0,0.0,0.0,0.0
2,4,0.0,0.0,0.0,0.0,1.0,0.0,0.0,0.0,0.0,0.0
2,4,0.0,0.0,0.0,0.0,1.0,0.0,0.0,0.0,0.0,0.0
2,4,0.0,0.0,0.0,0.0,1.0,0.0,0.0,0.0,0.0,0.0
2,4,0.0,0.0,0.0,0.0,1.0,0.0,0.0,0.0,0.0,0.0
2,4,0.0,0.0,0.0,0.0,1.0,0.0,0.0,0.0,0.0,0.0
2,4,0.0,0.0,0.0,0.0,1.0,0.0,0.0,0.0,0.0,0.0
2,4,0.0,0.0,0.0,0.0,1.0,0.0,0.0,0.0,0.0,0.0
2,4,0.0,0.0,0.0,0.0,1.0,0.0,0.0,0.0,0.0,0.0
2,4,0.0,0.0,0.0,0.0,1.0,0.0,0.0,0.0,0.0,0.0
2,4,0.0,0.0,0.0,0.0,1.0,0.0,0.0,0.0,0.0,0.0
2,4,0.0,0.0,0.0,0.0,1.0,0.0,0.0,0.0,0.0,0.0
2,4,0.0,0.0,0.0,0.0,1.0,0.0,0.0,0.0,0.0,0.0
2,4,0.0,0.0,0.0,0.0,1.0,0.0,0.0,0.0,0.0,0.0
2,4,0.0,0.0,0.0,0.0,1.0,0.0,0.0,0.0,0.0,0.0
2,4,0.0,0.0,0.0,0.0,1.0,0.0,0.0,0.0,0.0,0.0
2,4,0.0,0.0,0.0,0.0,1.0,0.0,0.0,0.0,0.0,0.0
2,4,0.0,0.0,0.0,0.0,1.0,0.0,0.0,0.0,0.0,0.0
2,4,0.0,0.0,0.0,0.0,1.0,0.0,0.0,0.0,0.0,0.0
2,4,0.0,0.0,0.0,0.0,1.0,0.0,0.0,0.0,0.0,0.0
2,4,0.0,0.0,0.0,0.0,1.0,0.0,0.0,0.0,0.0,0.0
2,4,0.0,0.0,0.0,0.0,1.0,0.0,0.0,0.0,0.0,0.0
2,4,0.0,0.0,0.0,0.0,1.0,0.0,0.0,0.0,0.0,0.0
2,4,0.0,0.0,0.0,0.0,1.0,0.0,0.0,0.0,0.0,0.0
2,4,0.0,0.0,0.0,0.0,1.0,0.0,0.0,0.0,0.0,0.0
2,4,0.0,0.0,0.0,0.0,1.0,0.0,0.0,0.0,0.0,0.0
2,4,0.0,0.0,0.0,0.0,1.0,0.0,0.0,0.0,0.0,0.0
2,4,0.0,0.0,0.0,0.0,1.0,0.0,0.0,0.0,0.0,0.0
2,4,0.0,0.0,0.0,0.0,1.0,0.0,0.0,0.0,0.0,0.0
2,4,0.0,0.0,0.0,0.0,1.0,0.0,0.0,0.0,0.0,0.0
2,4,0.0,0.0,0.0,0.0,1.0,0.0,0.0,0.0,0.0,0.0
2,4,0.0,0.0,0.0,0.0,1.0,0.0,0.0,0.0,0.0,0.0
2,4,0.0,0.0,0.0,0.0,1.0,0.0,0.0,0.0,0.0,0.0
2,4,0.0,0.0,0.0,0.0,1.0,0.0,0.0,0.0,0.0,0.0
2,4,0.0,0.0,0.0,0.0,1.0,0.0,0.0,0.0,0.0,0.0
2,4,0.0,0.0,0.0,0.0,1.0,0.0,0.0,0.0,0.0,0.0
2,4,0.0,0.0,0.0,0.0,1.0,0.0,0.0,0.0,0.0,0.0
2,4,0.0,0.0,0.0,0.0,1.0,0.0,0.0,0.0,0.0,0.0
2,4,0.0,0.0,0.0,0.0,1.0,0.0,0.0,0.0,0.0,0.0
2,4,0.0,0.0,0.0,0.0,1.0,0.0,0.0,0.0,0.0,0.0
2,4,0.0,0.0,0.0,0.0,1.0,0.0,0.0,0.0,0.0,0.0
2,4,0.0,0.0,0.0,0.0,1.0,0.0,0.0,0.0,0.0,0.0
2,4,0.0,0.0,0.0,0.0,1.0,0.0,0.0,0.0,0.0,0.0
2,4,0.0,0.0,0.0,0.0,1.0,0.0,0.0,0.0,0.0,0.0
2,4,0.0,0.0,0.0,0.0,1.0,0.0,0.0,0.0,0.0,0.0
2,4,0.0,0.0,0.0,0.0,1.0,0.0,0.0,0.0,0.0,0.0
2,4,0.0,0.0,0.0,0.0,1.0,0.0,0.0,0.0,0.0,0.0
2,4,0.0,0.0,0.0,0.0,1.0,0.0,0.0,0.0,0.0,0.0
2,4,0.0,0.0,0.0,0.0,1.0,0.0,0.0,0.0,0.0,0.0
2,4,0.0,0.0,0.0,0.0,1.0,0.0,0.0,0.0,0.0,0.0
2,4,0.0,0.0,0.0,0.0,1.0,0.0,0.0,0.0,0.0,0.0
2,4,0.0,0.0,0.0,0.0,1.0,0.0,0.0,0.0,0.0,0.0
2,4,0.0,0.0,0.0,0.0,1.0,0.0,0.0,0.0,0.0,0.0
2,4,0.0,0.0,0.0,0.0,1.0,0.0,0.0,0.0,0.0,0.0
2,4,0.0,0.0,0.0,0.0,1.0,0.0,0.0,0.0,0.0,0.0
2,4,0.0,0.0,0.0,0.0,1.0,0.0,0.0,0.0,0.0,0.0
2,4,0.0,0.0,0.0,0.0,1.0,0.0,0.0,0.0,0.0,0.0
2,4,0.0,0.0,0.0,0.0,1.0,0.0,0.0,0.0,0.0,0.0
2,4,0.0,0.0,0.0,0.0,1.0,0.0,0.0,0.0,0.0,0.0
2,4,0.0,0.0,0.0,0.0,1.0,0.0,0.0,0.0,0.0,0.0
2,4,0.0,0.0,0.0,0.0,1.0,0.0,0.0,0.0,0.0,0.0
2,4,0.0,0.0,0.0,0.0,1.0,0.0,0.0,0.0,0.0,0.0
2,4,0.0,0.0,0.0,0.0,1.0,0.0,0.0,0.0,0.0,0.0
2,4,0.0,0.0,0.0,0.0,1.0,0.0,0.0,0.0,0.0,0.0
2,4,0.0,0.0,0.0,0.0,1.0,0.0,0.0,0.0,0.0,0.0
2,4,0.0,0.0,0.0,0.0,1.0,0.0,0.0,0.0,0.0,0.0
2,4,0.0,0.0,0.0,0.0,1.0,0.0,0.0,0.0,0.0,0.0
2,4,0.0,0.0,0.0,0.0,1.0,0.0,0.0,0.0,0.0,0.0
2,4,0.0,0.0,0.0,0.0,1.0,0.0,0.0,0.0,0.0,0.0
2,4,0.0,0.0,0.0,0.0,1.0,0.0,0.0,0.0,0.0,0.0
2,4,0.0,0.0,0.0,0.0,1.0,0.0,0.0,0.0,0.0,0.0
2,4,0.0,0.0,0.0,0.0,1.0,0.0,0.0,0.0,0.0,0.0
2,4,0.0,0.0,0.0,0.0,1.0,0.0,0.0,0.0,0.0,0.0
2,4,0.0,0.0,0.0,0.0,1.0,0.0,0.0,0.0,0.0,0.0
2,4,0.0,0.0,0.0,0.0,1.0,0.0,0.0,0.0,0.0,0.0
2,4,0.0,0.0,0.0,0.0,1.0,0.0,0.0,0.0,0.0,0.0
2,4,0.0,0.0,0.0,0.0,1.0,0.0,0.0,0.0,0.0,0.0
2,4,0.0,0.0,0.0,0.0,1.0,0.0,0.0,0.0,0.0,0.0
2,4,0.0,0.0,0.0,0.0,1.0,0.0,0.0,0.0,0.0,0.0
2,4,0.0,0.0,0.0,0.0,1.0,0.0,0.0,0.0,0.0,0.0
2,4,0.0,0.0,0.0,0.0,1.0,0.0,0.0,0.0,0.0,0.0
2,4,0.0,0.0,0.0,0.0,1.0,0.0,0.0,0.0,0.0,0.0
2,4,0.0,0.0,0.0,0.0,1.0,0.0,0.0,0.0,0.0,0.0
2,4,0.0,0.0,0.0,0.0,1.0,0.0,0.0,0.0,0.0,0.0
2,4,0.0,0.0,0.0,0.0,1.0,0.0,0.0,0.0,0.0,0.0
2,4,0.0,0.0,0.0,0.0,1.0,0.0,0.0,0.0,0.0,0.0
2,4,0.0,0.0,0.0,0.0,1.0,0.0,0.0,0.0,0.0,0.0
2,4,0.0,0.0,0.0,0.0,1.0,0.0,0.0,0.0,0.0,0.0
2,4,0.0,0.0,0.0,0.0,1.0,0.0,0.0,0.0,0.0,0.0
2,4,0.0,0.0,0.0,0.0,1.0,0.0,0.0,0.0,0.0,0.0
2,4,0.0,0.0,0.0,0.0,1.0,0.0,0.0,0.0,0.0,0.0
2,4,0.0,0.0,0.0,0.0,1.0,0.0,0.0,0.0,0.0,0.0
2,4,0.0,0.0,0.0,0.0,1.0,0.0,0.0,0.0,0.0,0.0
2,4,0.0,0.0,0.0,0.0,1.0,0.0,0.0,0.0,0.0,0.0
2,4,0.0,0.0,0.0,0.0,1.0,0.0,0.0,0.0,0.0,0.0
2,4,0.0,0.0,0.0,0.0,1.0,0.0,0.0,0.0,0.0,0.0
2,4,0.0,0.0,0.0,0.0,1.0,0.0,0.0,0.0,0.0,0.0
2,4,0.0,0.0,0.0,0.0,1.0,0.0,0.0,0.0,0.0,0.0
2,4,0.0,0.0,0.0,0.0,1.0,0.0,0.0,0.0,0.0,0.0
2,4,0.0,0.0,0.0,0.0,1.0,0.0,0.0,0.0,0.0,0.0
2,4,0.0,0.0,0.0,0.0,1.0,0.0,0.0,0.0,0.0,0.0
2,4,0.0,0.0,0.0,0.0,1.0,0.0,0.0,0.0,0.0,0.0
2,4,0.0,0.0,0.0,0.0,1.0,0.0,0.0,0.0,0.0,0.0
2,4,0.0,0.0,0.0,0.0,1.0,0.0,0.0,0.0,0.0,0.0
2,4,0.0,0.0,0.0,0.0,1.0,0.0,0.0,0.0,0.0,0.0
2,4,0.0,0.0,0.0,0.0,1.0,0.0,0.0,0.0,0.0,0.0
2,4,0.0,0.0,0.0,0.0,1.0,0.0,0.0,0.0,0.0,0.0
2,4,0.0,0.0,0.0,0.0,1.0,0.0,0.0,0.0,0.0,0.0
2,4,0.0,0.0,0.0,0.0,1.0,0.0,0.0,0.0,0.0,0.0
2,4,0.0,0.0,0.0,0.0,1.0,0.0,0.0,0.0,0.0,0.0
2,4,0.0,0.0,0.0,0.0,1.0,0.0,0.0,0.0,0.0,0.0
2,4,0.0,0.0,0.0,0.0,1.0,0.0,0.0,0.0,0.0,0.0
2,4,0.0,0.0,0.0,0.0,1.0,0.0,0.0,0.0,0.0,0.0
2,4,0.0,0.0,0.0,0.0,1.0,0.0,0.0,0.0,0.0,0.0
2,4,0.0,0.0,0.0,0.0,1.0,0.0,0.0,0.0,0.0,0.0
2,4,0.0,0.0,0.0,0.0,1.0,0.0,0.0,0.0,0.0,0.0
2,4,0.0,0.0,0.0,0.0,1.0,0.0,0.0,0.0,0.0,0.0
2,4,0.0,0.0,0.0,0.0,1.0,0.0,0.0,0.0,0.0,0.0
2,4,0.0,0.0,0.0,0.0,1.0,0.0,0.0,0.0,0.0,0.0
2,4,0.0,0.0,0.0,0.0,1.0,0.0,0.0,0.0,0.0,0.0
2,4,0.0,0.0,0.0,0.0,1.0,0.0,0.0,0.0,0.0,0.0
2,4,0.0,0.0,0.0,0.0,1.0,0.0,0.0,0.0,0.0,0.0
2,4,0.0,0.0,0.0,0.0,1.0,0.0,0.0,0.0,0.0,0.0
2,4,0.0,0.0,0.0,0.0,1.0,0.0,0.0,0.0,0.0,0.0
2,4,0.0,0.0,0.0,0.0,1.0,0.0,0.0,0.0,0.0,0.0
2,4,0.0,0.0,0.0,0.0,1.0,0.0,0.0,0.0,0.0,0.0
2,4,0.0,0.0,0.0,0.0,1.0,0.0,0.0,0.0,0.0,0.0
2,4,0.0,0.0,0.0,0.0,1.0,0.0,0.0,0.0,0.0,0.0
2,4,0.0,0.0,0.0,0.0,1.0,0.0,0.0,0.0,0.0,0.0
2,4,0.0,0.0,0.0,0.0,1.0,0.0,0.0,0.0,0.0,0.0
2,4,0.0,0.0,0.0,0.0,1.0,0.0,0.0,0.0,0.0,0.0
2,4,0.0,0.0,0.0,0.0,1.0,0.0,0.0,0.0,0.0,0.0
2,4,0.0,0.0,0.0,0.0,1.0,0.0,0.0,0.0,0.0,0.0
2,4,0.0,0.0,0.0,0.0,1.0,0.0,0.0,0.0,0.0,0.0
2,4,0.0,0.0,0.0,0.0,1.0,0.0,0.0,0.0,0.0,0.0
2,4,0.0,0.0,0.0,0.0,1.0,0.0,0.0,0.0,0.0,0.0
2,4,0.0,0.0,0.0,0.0,1.0,0.0,0.0,0.0,0.0,0.0
2,4,0.0,0.0,0.0,0.0,1.0,0.0,0.0,0.0,0.0,0.0
2,4,0.0,0.0,0.0,0.0,1.0,0.0,0.0,0.0,0.0,0.0
2,4,0.0,0.0,0.0,0.0,1.0,0.0,0.0,0.0,0.0,0.0
2,4,0.0,0.0,0.0,0.0,1.0,0.0,0.0,0.0,0.0,0.0
2,4,0.0,0.0,0.0,0.0,1.0,0.0,0.0,0.0,0.0,0.0
2,4,0.0,0.0,0.0,0.0,1.0,0.0,0.0,0.0,0.0,0.0
2,4,0.0,0.0,0.0,0.0,1.0,0.0,0.0,0.0,0.0,0.0
2,4,0.0,0.0,0.0,0.0,1.0,0.0,0.0,0.0,0.0,0.0
2,4,0.0,0.0,0.0,0.0,1.0,0.0,0.0,0.0,0.0,0.0
2,4,0.0,0.0,0.0,0.0,1.0,0.0,0.0,0.0,0.0,0.0
2,4,0.0,0.0,0.0,0.0,1.0,0.0,0.0,0.0,0.0,0.0
2,4,0.0,0.0,0.0,0.0,1.0,0.0,0.0,0.0,0.0,0.0
2,4,0.0,0.0,0.0,0.0,1.0,0.0,0.0,0.0,0.0,0.0
2,4,0.0,0.0,0.0,0.0,1.0,0.0,0.0,0.0,0.0,0.0
2,4,0.0,0.0,0.0,0.0,1.0,0.0,0.0,0.0,0.0,0.0
2,4,0.0,0.0,0.0,0.0,1.0,0.0,0.0,0.0,0.0,0.0
2,4,0.0,0.0,0.0,0.0,1.0,0.0,0.0,0.0,0.0,0.0
2,4,0.0,0.0,0.0,0.0,1.0,0.0,0.0,0.0,0.0,0.0
2,4,0.0,0.0,0.0,0.0,1.0,0.0,0.0,0.0,0.0,0.0
2,4,0.0,0.0,0.0,0.0,1.0,0.0,0.0,0.0,0.0,0.0
2,4,0.0,0.0,0.0,0.0,1.0,0.0,0.0,0.0,0.0,0.0
2,4,0.0,0.0,0.0,0.0,1.0,0.0,0.0,0.0,0.0,0.0
2,4,0.0,0.0,0.0,0.0,1.0,0.0,0.0,0.0,0.0,0.0
2,4,0.0,0.0,0.0,0.0,1.0,0.0,0.0,0.0,0.0,0.0
2,4,0.0,0.0,0.0,0.0,1.0,0.0,0.0,0.0,0.0,0.0
2,4,0.0,0.0,0.0,0.0,1.0,0.0,0.0,0.0,0.0,0.0
2,4,0.0,0.0,0.0,0.0,1.0,0.0,0.0,0.0,0.0,0.0
2,4,0.0,0.0,0.0,0.0,1.0,0.0,0.0,0.0,0.0,0.0
2,4,0.0,0.0,0.0,0.0,1.0,0.0,0.0,0.0,0.0,0.0
2,4,0.0,0.0,0.0,0.0,1.0,0.0,0.0,0.0,0.0,0.0
2,4,0.0,0.0,0.0,0.0,1.0,0.0,0.0,0.0,0.0,0.0
2,4,0.0,0.0,0.0,0.0,1.0,0.0,0.0,0.0,0.0,0.0
2,4,0.0,0.0,0.0,0.0,1.0,0.0,0.0,0.0,0.0,0.0
2,4,0.0,0.0,0.0,0.0,1.0,0.0,0.0,0.0,0.0,0.0
2,4,0.0,0.0,0.0,0.0,1.0,0.0,0.0,0.0,0.0,0.0
2,4,0.0,0.0,0.0,0.0,1.0,0.0,0.0,0.0,0.0,0.0
2,4,0.0,0.0,0.0,0.0,1.0,0.0,0.0,0.0,0.0,0.0
2,4,0.0,0.0,0.0,0.0,1.0,0.0,0.0,0.0,0.0,0.0
2,4,0.0,0.0,0.0,0.0,1.0,0.0,0.0,0.0,0.0,0.0
2,4,0.0,0.0,0.0,0.0,1.0,0.0,0.0,0.0,0.0,0.0
2,4,0.0,0.0,0.0,0.0,1.0,0.0,0.0,0.0,0.0,0.0
2,4,0.0,0.0,0.0,0.0,1.0,0.0,0.0,0.0,0.0,0.0
2,4,0.0,0.0,0.0,0.0,1.0,0.0,0.0,0.0,0.0,0.0
2,4,0.0,0.0,0.0,0.0,1.0,0.0,0.0,0.0,0.0,0.0
2,4,0.0,0.0,0.0,0.0,1.0,0.0,0.0,0.0,0.0,0.0
2,4,0.0,0.0,0.0,0.0,1.0,0.0,0.0,0.0,0.0,0.0
2,4,0.0,0.0,0.0,0.0,1.0,0.0,0.0,0.0,0.0,0.0
2,4,0.0,0.0,0.0,0.0,1.0,0.0,0.0,0.0,0.0,0.0
2,4,0.0,0.0,0.0,0.0,1.0,0.0,0.0,0.0,0.0,0.0
2,4,0.0,0.0,0.0,0.0,1.0,0.0,0.0,0.0,0.0,0.0
2,4,0.0,0.0,0.0,0.0,1.0,0.0,0.0,0.0,0.0,0.0
2,4,0.0,0.0,0.0,0.0,1.0,0.0,0.0,0.0,0.0,0.0
2,4,0.0,0.0,0.0,0.0,1.0,0.0,0.0,0.0,0.0,0.0
2,4,0.0,0.0,0.0,0.0,1.0,0.0,0.0,0.0,0.0,0.0
2,4,0.0,0.0,0.0,0.0,1.0,0.0,0.0,0.0,0.0,0.0
2,4,0.0,0.0,0.0,0.0,1.0,0.0,0.0,0.0,0.0,0.0
2,4,0.0,0.0,0.0,0.0,1.0,0.0,0.0,0.0,0.0,0.0
2,4,0.0,0.0,0.0,0.0,1.0,0.0,0.0,0.0,0.0,0.0
2,4,0.0,0.0,0.0,0.0,1.0,0.0,0.0,0.0,0.0,0.0
2,4,0.0,0.0,0.0,0.0,1.0,0.0,0.0,0.0,0.0,0.0
2,4,0.0,0.0,0.0,0.0,1.0,0.0,0.0,0.0,0.0,0.0
2,4,0.0,0.0,0.0,0.0,1.0,0.0,0.0,0.0,0.0,0.0
2,4,0.0,0.0,0.0,0.0,1.0,0.0,0.0,0.0,0.0,0.0
2,4,0.0,0.0,0.0,0.0,1.0,0.0,0.0,0.0,0.0,0.0
2,4,0.0,0.0,0.0,0.0,1.0,0.0,0.0,0.0,0.0,0.0
2,4,0.0,0.0,0.0,0.0,1.0,0.0,0.0,0.0,0.0,0.0
2,4,0.0,0.0,0.0,0.0,1.0,0.0,0.0,0.0,0.0,0.0
2,4,0.0,0.0,0.0,0.0,1.0,0.0,0.0,0.0,0.0,0.0
2,4,0.0,0.0,0.0,0.0,1.0,0.0,0.0,0.0,0.0,0.0
2,4,0.0,0.0,0.0,0.0,1.0,0.0,0.0,0.0,0.0,0.0
2,4,0.0,0.0,0.0,0.0,1.0,0.0,0.0,0.0,0.0,0.0
2,4,0.0,0.0,0.0,0.0,1.0,0.0,0.0,0.0,0.0,0.0
2,4,0.0,0.0,0.0,0.0,1.0,0.0,0.0,0.0,0.0,0.0
2,4,0.0,0.0,0.0,0.0,1.0,0.0,0.0,0.0,0.0,0.0
2,4,0.0,0.0,0.0,0.0,1.0,0.0,0.0,0.0,0.0,0.0
2,4,0.0,0.0,0.0,0.0,1.0,0.0,0.0,0.0,0.0,0.0
2,4,0.0,0.0,0.0,0.0,1.0,0.0,0.0,0.0,0.0,0.0
2,4,0.0,0.0,0.0,0.0,1.0,0.0,0.0,0.0,0.0,0.0
2,4,0.0,0.0,0.0,0.0,1.0,0.0,0.0,0.0,0.0,0.0
2,4,0.0,0.0,0.0,0.0,1.0,0.0,0.0,0.0,0.0,0.0
2,4,0.0,0.0,0.0,0.0,1.0,0.0,0.0,0.0,0.0,0.0
2,4,0.0,0.0,0.0,0.0,1.0,0.0,0.0,0.0,0.0,0.0
2,4,0.0,0.0,0.0,0.0,1.0,0.0,0.0,0.0,0.0,0.0
2,4,0.0,0.0,0.0,0.0,1.0,0.0,0.0,0.0,0.0,0.0
2,4,0.0,0.0,0.0,0.0,1.0,0.0,0.0,0.0,0.0,0.0
2,4,0.0,0.0,0.0,0.0,1.0,0.0,0.0,0.0,0.0,0.0
2,4,0.0,0.0,0.0,0.0,1.0,0.0,0.0,0.0,0.0,0.0
2,4,0.0,0.0,0.0,0.0,1.0,0.0,0.0,0.0,0.0,0.0
2,4,0.0,0.0,0.0,0.0,1.0,0.0,0.0,0.0,0.0,0.0
2,4,0.0,0.0,0.0,0.0,1.0,0.0,0.0,0.0,0.0,0.0
2,4,0.0,0.0,0.0,0.0,1.0,0.0,0.0,0.0,0.0,0.0
2,4,0.0,0.0,0.0,0.0,1.0,0.0,0.0,0.0,0.0,0.0
2,4,0.0,0.0,0.0,0.0,1.0,0.0,0.0,0.0,0.0,0.0
2,4,0.0,0.0,0.0,0.0,1.0,0.0,0.0,0.0,0.0,0.0
2,4,0.0,0.0,0.0,0.0,1.0,0.0,0.0,0.0,0.0,0.0
2,4,0.0,0.0,0.0,0.0,1.0,0.0,0.0,0.0,0.0,0.0
2,4,0.0,0.0,0.0,0.0,1.0,0.0,0.0,0.0,0.0,0.0
2,4,0.0,0.0,0.0,0.0,1.0,0.0,0.0,0.0,0.0,0.0
2,4,0.0,0.0,0.0,0.0,1.0,0.0,0.0,0.0,0.0,0.0
2,4,0.0,0.0,0.0,0.0,1.0,0.0,0.0,0.0,0.0,0.0
2,4,0.0,0.0,0.0,0.0,1.0,0.0,0.0,0.0,0.0,0.0
2,4,0.0,0.0,0.0,0.0,1.0,0.0,0.0,0.0,0.0,0.0
2,4,0.0,0.0,0.0,0.0,1.0,0.0,0.0,0.0,0.0,0.0
2,4,0.0,0.0,0.0,0.0,1.0,0.0,0.0,0.0,0.0,0.0
2,4,0.0,0.0,0.0,0.0,1.0,0.0,0.0,0.0,0.0,0.0
2,4,0.0,0.0,0.0,0.0,1.0,0.0,0.0,0.0,0.0,0.0
2,4,0.0,0.0,0.0,0.0,1.0,0.0,0.0,0.0,0.0,0.0
2,4,0.0,0.0,0.0,0.0,1.0,0.0,0.0,0.0,0.0,0.0
2,4,0.0,0.0,0.0,0.0,1.0,0.0,0.0,0.0,0.0,0.0
2,4,0.0,0.0,0.0,0.0,1.0,0.0,0.0,0.0,0.0,0.0
2,4,0.0,0.0,0.0,0.0,1.0,0.0,0.0,0.0,0.0,0.0
2,4,0.0,0.0,0.0,0.0,1.0,0.0,0.0,0.0,0.0,0.0
2,4,0.0,0.0,0.0,0.0,1.0,0.0,0.0,0.0,0.0,0.0
2,4,0.0,0.0,0.0,0.0,1.0,0.0,0.0,0.0,0.0,0.0
2,4,0.0,0.0,0.0,0.0,1.0,0.0,0.0,0.0,0.0,0.0
2,4,0.0,0.0,0.0,0.0,1.0,0.0,0.0,0.0,0.0,0.0
2,4,0.0,0.0,0.0,0.0,1.0,0.0,0.0,0.0,0.0,0.0
2,4,0.0,0.0,0.0,0.0,1.0,0.0,0.0,0.0,0.0,0.0
2,4,0.0,0.0,0.0,0.0,1.0,0.0,0.0,0.0,0.0,0.0
2,4,0.0,0.0,0.0,0.0,1.0,0.0,0.0,0.0,0.0,0.0
2,4,0.0,0.0,0.0,0.0,1.0,0.0,0.0,0.0,0.0,0.0
2,4,0.0,0.0,0.0,0.0,1.0,0.0,0.0,0.0,0.0,0.0
2,4,0.0,0.0,0.0,0.0,1.0,0.0,0.0,0.0,0.0,0.0
2,4,0.0,0.0,0.0,0.0,1.0,0.0,0.0,0.0,0.0,0.0
2,4,0.0,0.0,0.0,0.0,1.0,0.0,0.0,0.0,0.0,0.0
2,4,0.0,0.0,0.0,0.0,1.0,0.0,0.0,0.0,0.0,0.0
2,4,0.0,0.0,0.0,0.0,1.0,0.0,0.0,0.0,0.0,0.0
2,4,0.0,0.0,0.0,0.0,1.0,0.0,0.0,0.0,0.0,0.0
2,4,0.0,0.0,0.0,0.0,1.0,0.0,0.0,0.0,0.0,0.0
2,4,0.0,0.0,0.0,0.0,1.0,0.0,0.0,0.0,0.0,0.0
2,4,0.0,0.0,0.0,0.0,1.0,0.0,0.0,0.0,0.0,0.0
2,4,0.0,0.0,0.0,0.0,1.0,0.0,0.0,0.0,0.0,0.0
2,4,0.0,0.0,0.0,0.0,1.0,0.0,0.0,0.0,0.0,0.0
2,4,0.0,0.0,0.0,0.0,1.0,0.0,0.0,0.0,0.0,0.0
2,4,0.0,0.0,0.0,0.0,1.0,0.0,0.0,0.0,0.0,0.0
2,4,0.0,0.0,0.0,0.0,1.0,0.0,0.0,0.0,0.0,0.0
2,4,0.0,0.0,0.0,0.0,1.0,0.0,0.0,0.0,0.0,0.0
2,4,0.0,0.0,0.0,0.0,1.0,0.0,0.0,0.0,0.0,0.0
2,4,0.0,0.0,0.0,0.0,1.0,0.0,0.0,0.0,0.0,0.0
2,4,0.0,0.0,0.0,0.0,1.0,0.0,0.0,0.0,0.0,0.0
2,4,0.0,0.0,0.0,0.0,1.0,0.0,0.0,0.0,0.0,0.0
2,4,0.0,0.0,0.0,0.0,1.0,0.0,0.0,0.0,0.0,0.0
2,4,0.0,0.0,0.0,0.0,1.0,0.0,0.0,0.0,0.0,0.0
2,4,0.0,0.0,0.0,0.0,1.0,0.0,0.0,0.0,0.0,0.0
2,4,0.0,0.0,0.0,0.0,1.0,0.0,0.0,0.0,0.0,0.0
2,4,0.0,0.0,0.0,0.0,1.0,0.0,0.0,0.0,0.0,0.0
2,4,0.0,0.0,0.0,0.0,1.0,0.0,0.0,0.0,0.0,0.0
2,4,0.0,0.0,0.0,0.0,1.0,0.0,0.0,0.0,0.0,0.0
2,4,0.0,0.0,0.0,0.0,1.0,0.0,0.0,0.0,0.0,0.0
2,4,0.0,0.0,0.0,0.0,1.0,0.0,0.0,0.0,0.0,0.0
2,4,0.0,0.0,0.0,0.0,1.0,0.0,0.0,0.0,0.0,0.0
2,4,0.0,0.0,0.0,0.0,1.0,0.0,0.0,0.0,0.0,0.0
2,4,0.0,0.0,0.0,0.0,1.0,0.0,0.0,0.0,0.0,0.0
2,4,0.0,0.0,0.0,0.0,1.0,0.0,0.0,0.0,0.0,0.0
2,4,0.0,0.0,0.0,0.0,1.0,0.0,0.0,0.0,0.0,0.0
2,4,0.0,0.0,0.0,0.0,1.0,0.0,0.0,0.0,0.0,0.0
2,4,0.0,0.0,0.0,0.0,1.0,0.0,0.0,0.0,0.0,0.0
2,4,0.0,0.0,0.0,0.0,1.0,0.0,0.0,0.0,0.0,0.0
2,4,0.0,0.0,0.0,0.0,1.0,0.0,0.0,0.0,0.0,0.0
2,4,0.0,0.0,0.0,0.0,1.0,0.0,0.0,0.0,0.0,0.0
2,4,0.0,0.0,0.0,0.0,1.0,0.0,0.0,0.0,0.0,0.0
2,4,0.0,0.0,0.0,0.0,1.0,0.0,0.0,0.0,0.0,0.0
2,4,0.0,0.0,0.0,0.0,1.0,0.0,0.0,0.0,0.0,0.0
2,4,0.0,0.0,0.0,0.0,1.0,0.0,0.0,0.0,0.0,0.0
2,4,0.0,0.0,0.0,0.0,1.0,0.0,0.0,0.0,0.0,0.0
2,4,0.0,0.0,0.0,0.0,1.0,0.0,0.0,0.0,0.0,0.0
2,4,0.0,0.0,0.0,0.0,1.0,0.0,0.0,0.0,0.0,0.0
2,4,0.0,0.0,0.0,0.0,1.0,0.0,0.0,0.0,0.0,0.0
2,4,0.0,0.0,0.0,0.0,1.0,0.0,0.0,0.0,0.0,0.0
2,4,0.0,0.0,0.0,0.0,1.0,0.0,0.0,0.0,0.0,0.0
2,4,0.0,0.0,0.0,0.0,1.0,0.0,0.0,0.0,0.0,0.0
2,4,0.0,0.0,0.0,0.0,1.0,0.0,0.0,0.0,0.0,0.0
2,4,0.0,0.0,0.0,0.0,1.0,0.0,0.0,0.0,0.0,0.0
2,4,0.0,0.0,0.0,0.0,1.0,0.0,0.0,0.0,0.0,0.0
2,4,0.0,0.0,0.0,0.0,1.0,0.0,0.0,0.0,0.0,0.0
2,4,0.0,0.0,0.0,0.0,1.0,0.0,0.0,0.0,0.0,0.0
2,4,0.0,0.0,0.0,0.0,1.0,0.0,0.0,0.0,0.0,0.0
2,4,0.0,0.0,0.0,0.0,1.0,0.0,0.0,0.0,0.0,0.0
2,4,0.0,0.0,0.0,0.0,1.0,0.0,0.0,0.0,0.0,0.0
2,4,0.0,0.0,0.0,0.0,1.0,0.0,0.0,0.0,0.0,0.0
2,4,0.0,0.0,0.0,0.0,1.0,0.0,0.0,0.0,0.0,0.0
2,4,0.0,0.0,0.0,0.0,1.0,0.0,0.0,0.0,0.0,0.0
2,4,0.0,0.0,0.0,0.0,1.0,0.0,0.0,0.0,0.0,0.0
2,4,0.0,0.0,0.0,0.0,1.0,0.0,0.0,0.0,0.0,0.0
2,4,0.0,0.0,0.0,0.0,1.0,0.0,0.0,0.0,0.0,0.0
2,4,0.0,0.0,0.0,0.0,1.0,0.0,0.0,0.0,0.0,0.0
2,4,0.0,0.0,0.0,0.0,1.0,0.0,0.0,0.0,0.0,0.0
2,4,0.0,0.0,0.0,0.0,1.0,0.0,0.0,0.0,0.0,0.0
2,4,0.0,0.0,0.0,0.0,1.0,0.0,0.0,0.0,0.0,0.0
2,4,0.0,0.0,0.0,0.0,1.0,0.0,0.0,0.0,0.0,0.0
2,4,0.0,0.0,0.0,0.0,1.0,0.0,0.0,0.0,0.0,0.0
2,4,0.0,0.0,0.0,0.0,1.0,0.0,0.0,0.0,0.0,0.0
2,4,0.0,0.0,0.0,0.0,1.0,0.0,0.0,0.0,0.0,0.0
2,4,0.0,0.0,0.0,0.0,1.0,0.0,0.0,0.0,0.0,0.0
2,4,0.0,0.0,0.0,0.0,1.0,0.0,0.0,0.0,0.0,0.0
2,4,0.0,0.0,0.0,0.0,1.0,0.0,0.0,0.0,0.0,0.0
2,4,0.0,0.0,0.0,0.0,1.0,0.0,0.0,0.0,0.0,0.0
2,4,0.0,0.0,0.0,0.0,1.0,0.0,0.0,0.0,0.0,0.0
2,4,0.0,0.0,0.0,0.0,1.0,0.0,0.0,0.0,0.0,0.0
2,4,0.0,0.0,0.0,0.0,1.0,0.0,0.0,0.0,0.0,0.0
2,4,0.0,0.0,0.0,0.0,1.0,0.0,0.0,0.0,0.0,0.0
2,4,0.0,0.0,0.0,0.0,1.0,0.0,0.0,0.0,0.0,0.0
2,4,0.0,0.0,0.0,0.0,1.0,0.0,0.0,0.0,0.0,0.0
2,4,0.0,0.0,0.0,0.0,1.0,0.0,0.0,0.0,0.0,0.0
2,4,0.0,0.0,0.0,0.0,1.0,0.0,0.0,0.0,0.0,0.0
2,4,0.0,0.0,0.0,0.0,1.0,0.0,0.0,0.0,0.0,0.0
2,4,0.0,0.0,0.0,0.0,1.0,0.0,0.0,0.0,0.0,0.0
2,4,0.0,0.0,0.0,0.0,1.0,0.0,0.0,0.0,0.0,0.0
2,4,0.0,0.0,0.0,0.0,1.0,0.0,0.0,0.0,0.0,0.0
2,4,0.0,0.0,0.0,0.0,1.0,0.0,0.0,0.0,0.0,0.0
2,4,0.0,0.0,0.0,0.0,1.0,0.0,0.0,0.0,0.0,0.0
2,4,0.0,0.0,0.0,0.0,1.0,0.0,0.0,0.0,0.0,0.0
2,4,0.0,0.0,0.0,0.0,1.0,0.0,0.0,0.0,0.0,0.0
2,4,0.0,0.0,0.0,0.0,1.0,0.0,0.0,0.0,0.0,0.0
2,4,0.0,0.0,0.0,0.0,1.0,0.0,0.0,0.0,0.0,0.0
2,4,0.0,0.0,0.0,0.0,1.0,0.0,0.0,0.0,0.0,0.0
2,4,0.0,0.0,0.0,0.0,1.0,0.0,0.0,0.0,0.0,0.0
2,4,0.0,0.0,0.0,0.0,1.0,0.0,0.0,0.0,0.0,0.0
2,4,0.0,0.0,0.0,0.0,1.0,0.0,0.0,0.0,0.0,0.0
2,4,0.0,0.0,0.0,0.0,1.0,0.0,0.0,0.0,0.0,0.0
2,4,0.0,0.0,0.0,0.0,1.0,0.0,0.0,0.0,0.0,0.0
2,4,0.0,0.0,0.0,0.0,1.0,0.0,0.0,0.0,0.0,0.0
2,4,0.0,0.0,0.0,0.0,1.0,0.0,0.0,0.0,0.0,0.0
2,4,0.0,0.0,0.0,0.0,1.0,0.0,0.0,0.0,0.0,0.0
2,4,0.0,0.0,0.0,0.0,1.0,0.0,0.0,0.0,0.0,0.0
2,4,0.0,0.0,0.0,0.0,1.0,0.0,0.0,0.0,0.0,0.0
2,4,0.0,0.0,0.0,0.0,1.0,0.0,0.0,0.0,0.0,0.0
2,4,0.0,0.0,0.0,0.0,1.0,0.0,0.0,0.0,0.0,0.0
2,4,0.0,0.0,0.0,0.0,1.0,0.0,0.0,0.0,0.0,0.0
2,4,0.0,0.0,0.0,0.0,1.0,0.0,0.0,0.0,0.0,0.0
2,4,0.0,0.0,0.0,0.0,1.0,0.0,0.0,0.0,0.0,0.0
2,4,0.0,0.0,0.0,0.0,1.0,0.0,0.0,0.0,0.0,0.0
2,4,0.0,0.0,0.0,0.0,1.0,0.0,0.0,0.0,0.0,0.0
2,4,0.0,0.0,0.0,0.0,1.0,0.0,0.0,0.0,0.0,0.0
2,4,0.0,0.0,0.0,0.0,1.0,0.0,0.0,0.0,0.0,0.0
2,4,0.0,0.0,0.0,0.0,1.0,0.0,0.0,0.0,0.0,0.0
2,4,0.0,0.0,0.0,0.0,1.0,0.0,0.0,0.0,0.0,0.0
2,4,0.0,0.0,0.0,0.0,1.0,0.0,0.0,0.0,0.0,0.0
2,4,0.0,0.0,0.0,0.0,1.0,0.0,0.0,0.0,0.0,0.0
2,4,0.0,0.0,0.0,0.0,1.0,0.0,0.0,0.0,0.0,0.0
2,4,0.0,0.0,0.0,0.0,1.0,0.0,0.0,0.0,0.0,0.0
2,4,0.0,0.0,0.0,0.0,0.93108857,0.0,0.0,0.0,0.0,0.06891143
2,4,0.0,0.0,0.0,0.0,0.93108857,0.0,0.0,0.0,0.0,0.06891143
2,4,0.0,0.0,0.0,0.0,0.93108857,0.0,0.0,0.0,0.0,0.06891143
2,4,0.0,0.0,0.0,0.0,0.93108857,0.0,0.0,0.0,0.0,0.06891143
2,4,0.0,0.0,0.0,0.0,0.93108857,0.0,0.0,0.0,0.0,0.06891143
2,4,0.0,0.0,0.0,0.0,0.93108857,0.0,0.0,0.0,0.0,0.06891143
2,4,0.0,0.0,0.0,0.0,0.93108857,0.0,0.0,0.0,0.0,0.06891143
2,4,0.0,0.0,0.0,0.0,0.93108857,0.0,0.0,0.0,0.0,0.06891143
2,4,0.0,0.0,0.0,0.0,0.93108857,0.0,0.0,0.0,0.0,0.06891143
2,4,0.0,0.0,0.0,0.0,0.93108857,0.0,0.0,0.0,0.0,0.06891143
2,4,0.0,0.0,0.0,0.0,0.93108857,0.0,0.0,0.0,0.0,0.06891143
2,4,0.0,0.0,0.0,0.0,0.93108857,0.0,0.0,0.0,0.0,0.06891143
2,4,0.0,0.0,0.0,0.0,0.93108857,0.0,0.0,0.0,0.0,0.06891143
2,4,0.0,0.0,0.0,0.0,0.93108857,0.0,0.0,0.0,0.0,0.06891143
2,4,0.0,0.0,0.0,0.0,0.93108857,0.0,0.0,0.0,0.0,0.06891143
2,4,0.0,0.0,0.0,0.0,0.93108857,0.0,0.0,0.0,0.0,0.06891143
2,4,0.0,0.0,0.0,0.0,0.86766815,0.0634204,0.0,0.0,0.0,0.06891143
2,4,0.0,0.0,0.0,0.0,0.86766815,0.0634204,0.0,0.0,0.0,0.06891143
2,4,0.0,0.0,0.0,0.0,0.86766815,0.0634204,0.0,0.0,0.0,0.06891143
2,4,0.0,0.0,0.0,0.0,0.86766815,0.0634204,0.0,0.0,0.0,0.06891143
2,4,0.0,0.0,0.0,0.0,0.86766815,0.0634204,0.0,0.0,0.0,0.06891143
2,4,0.0,0.0,0.0,0.0,0.86766815,0.0634204,0.0,0.0,0.0,0.06891143
2,4,0.0,0.0,0.0,0.0,0.86766815,0.0634204,0.0,0.0,0.0,0.06891143
2,4,0.0,0.0,0.0,0.0,0.86766815,0.0634204,0.0,0.0,0.0,0.06891143
2,4,0.0,0.0,0.0,0.0,0.86766815,0.0634204,0.0,0.0,0.0,0.06891143
2,4,0.0,0.0,0.0,0.0,0.86766815,0.0634204,0.0,0.0,0.0,0.06891143
2,4,0.0,0.0,0.0,0.0,0.86766815,0.0634204,0.0,0.0,0.0,0.06891143
2,4,0.0,0.0,0.0,0.0,0.86766815,0.0634204,0.0,0.0,0.0,0.06891143
2,4,0.0,0.0,0.0,0.0,0.86766815,0.0634204,0.0,0.0,0.0,0.06891143
2,4,0.0,0.0,0.0,0.0,0.86766815,0.0634204,0.0,0.0,0.0,0.06891143
2,4,0.0,0.0,0.0,0.0,0.86766815,0.0634204,0.0,0.0,0.0,0.06891143
2,4,0.0,0.0,0.0,0.0,0.86766815,0.0634204,0.0,0.0,0.0,0.06891143
2,4,0.0,0.0,0.0,0.0,0.86766815,0.0634204,0.0,0.0,0.0,0.06891143
2,4,0.0,0.0,0.0,0.0,0.86766815,0.0634204,0.0,0.0,0.0,0.06891143
2,4,0.0,0.0,0.0,0.0,0.86766815,0.0634204,0.0,0.0,0.0,0.06891143
2,4,0.0,0.0,0.0,0.0,0.86766815,0.0634204,0.0,0.0,0.0,0.06891143
2,4,0.0,0.0,0.0,0.0,0.86766815,0.0634204,0.0,0.0,0.0,0.06891143
2,4,0.0,0.0,0.0,0.0,0.86766815,0.0634204,0.0,0.0,0.0,0.06891143
2,4,0.0,0.0,0.0,0.05843612,0.80923206,0.0634204,0.0,0.0,0.0,0.068911426
2,4,0.0,0.0,0.0,0.05843612,0.80923206,0.0634204,0.0,0.0,0.0,0.068911426
2,4,0.0,0.0,0.0,0.05843612,0.80923206,0.0634204,0.0,0.0,0.0,0.068911426
2,4,0.0,0.0,0.0,0.05843612,0.80923206,0.0634204,0.0,0.0,0.0,0.068911426
2,4,0.0,0.0,0.0,0.058436126,0.7491806,0.12347186,0.0,0.0,0.0,0.06891143
2,4,0.0,0.0,0.0,0.058436126,0.7491806,0.12347186,0.0,0.0,0.0,0.06891143
2,4,0.0,0.0,0.0,0.058436126,0.7491806,0.12347186,0.0,0.0,0.0,0.06891143
2,4,0.0,0.0,0.0,0.058436126,0.7491806,0.12347186,0.0,0.0,0.0,0.06891143
2,4,0.0,0.0,0.0,0.05843612,0.6848908,0.1877617,0.0,0.0,0.0,0.06891143
2,4,0.0,0.0,0.0,0.05843612,0.6848908,0.1877617,0.0,0.0,0.0,0.06891143
2,4,0.0,0.0,0.0,0.05843612,0.6848908,0.1877617,0.0,0.0,0.0,0.06891143
2,4,0.0,0.0,0.0,0.05843612,0.6848908,0.1877617,0.0,0.0,0.0,0.06891143
2,4,0.0,0.0,0.0,0.05843612,0.6848908,0.1877617,0.0,0.0,0.0,0.06891143
2,4,0.0,0.0,0.0,0.05843612,0.6848908,0.1877617,0.0,0.0,0.0,0.06891143
2,4,0.0,0.0,0.0,0.05843612,0.6848908,0.1877617,0.0,0.0,0.0,0.06891143
2,4,0.0,0.0,0.0,0.05843612,0.6848908,0.1877617,0.0,0.0,0.0,0.06891143
2,4,0.0,0.0,0.0,0.058436126,0.62533075,0.24732175,0.0,0.0,0.0,0.06891143
2,4,0.0,0.0,0.0,0.058436126,0.62533075,0.24732175,0.0,0.0,0.0,0.06891143
2,4,0.0,0.0,0.0,0.058436126,0.62533075,0.24732175,0.0,0.0,0.0,0.06891143
2,4,0.0,0.0,0.0,0.058436126,0.62533075,0.24732175,0.0,0.0,0.0,0.06891143
2,4,0.0,0.0,0.0,0.058436126,0.62533075,0.24732175,0.0,0.0,0.0,0.06891143
2,4,0.0,0.0,0.0,0.058436126,0.62533075,0.24732175,0.0,0.0,0.0,0.06891143
2,4,0.0,0.0,0.0,0.058436126,0.62533075,0.24732175,0.0,0.0,0.0,0.06891143
2,4,0.0,0.0,0.0,0.058436126,0.62533075,0.24732175,0.0,0.0,0.0,0.06891143
2,4,0.0,0.0,0.0,0.058436126,0.62533075,0.24732175,0.0,0.0,0.0,0.06891143
2,4,0.0,0.0,0.0,0.058436126,0.62533075,0.24732175,0.0,0.0,0.0,0.06891143
2,4,0.0,0.0,0.0,0.058436126,0.62533075,0.24732175,0.0,0.0,0.0,0.06891143
2,4,0.0,0.0,0.0,0.058436126,0.62533075,0.24732175,0.0,0.0,0.0,0.06891143
2,4,0.0,0.0,0.0,0.058436126,0.62533075,0.24732175,0.0,0.0,0.0,0.06891143
2,4,0.0,0.0,0.0,0.058436126,0.62533075,0.24732175,0.0,0.0,0.0,0.06891143
2,4,0.0,0.0,0.0,0.058436126,0.62533075,0.24732175,0.0,0.0,0.0,0.06891143
2,4,0.0,0.0,0.0,0.058436126,0.62533075,0.24732175,0.0,0.0,0.0,0.06891143
2,4,0.0,0.0,0.0,0.058436126,0.62533075,0.24732175,0.0,0.0,0.0,0.06891143
2,4,0.0,0.0,0.0,0.058436126,0.62533075,0.24732175,0.0,0.0,0.0,0.06891143
2,4,0.0,0.0,0.0,0.058436126,0.62533075,0.24732175,0.0,0.0,0.0,0.06891143
2,4,0.0,0.0,0.0,0.058436126,0.62533075,0.24732175,0.0,0.0,0.0,0.06891143
2,4,0.0,0.0,0.0,0.058436126,0.62533075,0.24732175,0.0,0.0,0.0,0.06891143
2,4,0.0,0.0,0.0,0.058436126,0.62533075,0.24732175,0.0,0.0,0.0,0.06891143
2,4,0.0,0.0,0.0,0.058436126,0.62533075,0.24732175,0.0,0.0,0.0,0.06891143
2,4,0.0,0.0,0.0,0.058436126,0.62533075,0.24732175,0.0,0.0,0.0,0.06891143
2,4,0.0,0.0,0.0,0.058436126,0.62533075,0.24732175,0.0,0.0,0.0,0.06891143
2,4,0.0,0.0,0.0,0.058436126,0.62533075,0.24732175,0.0,0.0,0.0,0.06891143
2,4,0.0,0.0,0.0,0.058436126,0.62533075,0.24732175,0.0,0.0,0.0,0.06891143
2,4,0.0,0.0,0.0,0.058436126,0.62533075,0.24732175,0.0,0.0,0.0,0.06891143
2,4,0.0,0.0,0.0,0.058436126,0.62533075,0.24732175,0.0,0.0,0.0,0.06891143
2,4,0.0,0.0,0.0,0.058436126,0.62533075,0.24732175,0.0,0.0,0.0,0.06891143
2,4,0.0,0.0,0.0,0.058436126,0.62533075,0.24732175,0.0,0.0,0.0,0.06891143
2,4,0.0,0.0,0.0,0.058436126,0.62533075,0.24732175,0.0,0.0,0.0,0.06891143
2,4,0.0,0.0,0.0,0.058436126,0.62533075,0.24732175,0.0,0.0,0.0,0.06891143
2,4,0.0,0.0,0.0,0.058436126,0.62533075,0.24732175,0.0,0.0,0.0,0.06891143
2,4,0.0,0.0,0.0,0.058436126,0.62533075,0.24732175,0.0,0.0,0.0,0.06891143
2,4,0.0,0.0,0.0,0.058436126,0.62533075,0.24732175,0.0,0.0,0.0,0.06891143
2,4,0.0,0.0,0.0,0.058436126,0.62533075,0.24732175,0.0,0.0,0.0,0.06891143
2,4,0.0,0.0,0.0,0.058436126,0.62533075,0.24732175,0.0,0.0,0.0,0.06891143
3,4,0.0,0.0,0.0,0.058436126,0.56513834,0.3075141,0.0,0.0,0.0,0.06891143
3,4,0.0,0.0,0.0,0.058436126,0.56513834,0.3075141,0.0,0.0,0.0,0.06891143
3,5,0.0,0.0,0.0,0.058436126,0.36985135,0.44232836,0.0,0.0,0.0,0.12938417
3,5,0.0,0.0,0.0,0.058436126,0.36985135,0.44232836,0.0,0.0,0.0,0.12938417
3,5,0.0,0.0,0.0,0.058436126,0.36985135,0.44232836,0.0,0.0,0.0,0.12938417
3,5,0.0,0.0,0.0,0.058436126,0.36985135,0.44232836,0.0,0.0,0.0,0.12938417
3,5,0.0,0.0,0.0,0.058436126,0.30742934,0.5047504,0.0,0.0,0.0,0.12938417
3,5,0.0,0.0,0.0,0.058436126,0.30742934,0.5047504,0.0,0.0,0.0,0.12938417
3,5,0.0,0.0,0.0,0.058436126,0.30742934,0.5047504,0.0,0.0,0.0,0.12938417
3,5,0.0,0.0,0.0,0.058436126,0.30742934,0.5047504,0.0,0.0,0.0,0.12938417
3,5,0.0,0.0,0.0,0.058436126,0.30742934,0.5047504,0.0,0.0,0.0,0.12938417
3,5,0.0,0.0,0.0,0.058436126,0.30742934,0.5047504,0.0,0.0,0.0,0.12938417
3,5,0.0,0.0,0.0,0.058436126,0.30742934,0.5047504,0.0,0.0,0.0,0.12938417
3,5,0.0,0.0,0.0,0.058436126,0.30742934,0.5047504,0.0,0.0,0.0,0.12938417
3,5,0.0,0.0,0.0,0.0,0.30742934,0.5047504,0.058436126,0.0,0.0,0.12938417
3,5,0.0,0.0,0.0,0.0,0.30742934,0.5047504,0.058436126,0.0,0.0,0.12938417
3,5,0.0,0.0,0.0,0.0,0.30742934,0.5047504,0.058436126,0.0,0.0,0.12938417
3,5,0.0,0.0,0.0,0.0,0.30742934,0.5047504,0.058436126,0.0,0.0,0.12938417
3,5,0.0,0.0,0.0,0.0,0.30742934,0.5047504,0.058436126,0.0,0.0,0.12938417
3,5,0.0,0.0,0.0,0.0,0.30742934,0.5047504,0.058436126,0.0,0.0,0.12938417
3,5,0.0,0.0,0.0,0.0,0.30742934,0.5047504,0.058436126,0.0,0.0,0.12938417
3,5,0.0,0.0,0.0,0.0,0.30742934,0.5047504,0.058436126,0.0,0.0,0.12938417
3,5,0.0,0.0,0.0,0.0,0.24673286,0.5047504,0.11913256,0.0,0.0,0.12938416
3,5,0.0,0.0,0.0,0.0,0.24673286,0.5047504,0.11913256,0.0,0.0,0.12938416
3,5,0.0,0.0,0.0,0.0,0.24673286,0.5047504,0.11913256,0.0,0.0,0.12938416
3,5,0.0,0.0,0.0,0.0,0.24673286,0.5047504,0.11913256,0.0,0.0,0.12938416
3,5,0.0,0.0,0.0,0.0,0.24673286,0.5047504,0.11913256,0.0,0.0,0.12938416
3,5,0.0,0.0,0.0,0.0,0.24673286,0.5047504,0.11913256,0.0,0.0,0.12938416
3,5,0.0,0.0,0.0,0.0,0.24673289,0.4423284,0.18155457,0.0,0.0,0.12938417
3,5,0.0,0.0,0.0,0.0,0.24673289,0.4423284,0.18155457,0.0,0.0,0.12938417
3,5,0.0,0.0,0.0,0.0,0.24673289,0.4423284,0.18155457,0.0,0.0,0.12938417
3,5,0.0,0.0,0.0,0.0,0.18649204,0.4423284,0.24179544,0.0,0.0,0.12938417
3,5,0.0,0.0,0.0,0.0,0.18649204,0.4423284,0.24179544,0.0,0.0,0.12938417
3,5,0.0,0.0,0.0,0.0,0.18649204,0.4423284,0.24179544,0.0,0.0,0.12938417
3,5,0.0,0.0,0.0,0.0,0.12489532,0.44436502,0.3013555,0.0,0.0,0.12938417
3,5,0.0,0.0,0.0,0.0,0.12489532,0.44436502,0.3013555,0.0,0.0,0.12938417
3,5,0.0,0.0,0.0,0.0,0.12489532,0.44436502,0.3013555,0.0,0.0,0.12938417
3,5,0.0,0.0,0.0,0.0,0.12489532,0.44436502,0.3013555,0.0,0.0,0.12938417
3,5,0.0,0.0,0.0,0.0,0.12489532,0.44436502,0.3013555,0.0,0.0,0.12938417
3,5,0.0,0.0,0.0,0.0,0.12489532,0.44436502,0.3013555,0.0,0.0,0.12938417
3,5,0.0,0.0,0.0,0.0,0.12489532,0.44436502,0.3013555,0.0,0.0,0.12938417
3,5,0.0,0.0,0.0,0.0,0.12489532,0.44436502,0.3013555,0.0,0.0,0.12938417
3,5,0.0,0.0,0.0,0.0,0.12489532,0.44436502,0.3013555,0.0,0.0,0.12938417
3,5,0.0,0.0,0.0,0.0,0.12489532,0.44436502,0.3013555,0.0,0.0,0.12938417
3,5,0.0,0.0,0.0,0.0,0.12489532,0.44436502,0.3013555,0.0,0.0,0.12938417
3,5,0.0,0.0,0.0,0.0,0.12489532,0.44436502,0.3013555,0.0,0.0,0.12938417
3,5,0.0,0.0,0.0,0.0,0.12489532,0.44436502,0.3013555,0.0,0.0,0.12938417
3,5,0.0,0.0,0.0,0.0,0.12489532,0.44436502,0.3013555,0.0,0.0,0.12938417
3,5,0.0,0.0,0.0,0.0,0.12489532,0.44436502,0.3013555,0.0,0.0,0.12938417
3,5,0.0,0.0,0.0,0.0,0.12489532,0.44436502,0.3013555,0.0,0.0,0.12938417
3,5,0.0,0.0,0.0,0.0,0.06583642,0.44436502,0.30135548,0.0,0.0,0.18844305
3,5,0.0,0.0,0.0,0.0,0.06583642,0.44436502,0.30135548,0.0,0.0,0.18844305
3,5,0.0,0.0,0.0,0.0,0.06583642,0.44436502,0.30135548,0.0,0.0,0.18844305
3,5,0.0,0.0,0.0,0.0,0.06583642,0.44436502,0.30135548,0.0,0.0,0.18844305
3,5,0.0,0.0,0.0,0.0,0.06583642,0.44436502,0.30135548,0.0,0.0,0.18844305
3,5,0.0,0.0,0.0,0.0,0.06583642,0.44436502,0.30135548,0.0,0.0,0.18844305
3,5,0.0,0.0,0.0,0.0,0.06583642,0.44436502,0.30135548,0.0,0.0,0.18844305
3,5,0.0,0.0,0.0,0.0,0.06583642,0.44436502,0.30135548,0.0,0.0,0.18844305
3,5,0.0,0.0,0.0,0.0,0.06583642,0.44436502,0.30135548,0.0,0.0,0.18844305
3,5,0.0,0.0,0.0,0.0,0.06583642,0.44436502,0.30135548,0.0,0.0,0.18844305
3,5,0.0,0.0,0.0,0.0,0.06583642,0.44436502,0.30135548,0.0,0.0,0.18844305
3,5,0.0,0.0,0.0,0.0,0.06583642,0.44436502,0.30135548,0.0,0.0,0.18844305
3,5,0.0,0.0,0.0,0.0,0.06583642,0.44436502,0.30135548,0.0,0.0,0.18844305
3,5,0.0,0.0,0.0,0.0,0.06583642,0.44436502,0.30135548,0.0,0.0,0.18844305
3,5,0.0,0.0,0.0,0.0,0.06583642,0.44436502,0.30135548,0.0,0.0,0.18844305
3,5,0.0,0.0,0.0,0.0,0.06583642,0.44436502,0.30135548,0.0,0.0,0.18844305
3,5,0.0,0.0,0.0,0.0,0.06583642,0.44436502,0.30135548,0.0,0.0,0.18844305
3,5,0.0,0.0,0.0,0.0,0.06583642,0.44436502,0.30135548,0.0,0.0,0.18844305
3,5,0.0,0.0,0.0,0.0,0.0,0.51020145,0.3013555,0.0,0.0,0.18844306
3,5,0.0,0.0,0.0,0.0,0.0,0.51020145,0.3013555,0.0,0.0,0.18844306
3,5,0.0,0.0,0.0,0.0,0.0,0.51020145,0.3013555,0.0,0.0,0.18844306
3,5,0.0,0.0,0.0,0.0,0.0,0.51020145,0.3013555,0.0,0.0,0.18844306
3,5,0.0,0.0,0.0,0.0,0.0,0.51020145,0.3013555,0.0,0.0,0.18844306
3,5,0.0,0.0,0.0,0.0,0.0,0.51020145,0.3013555,0.0,0.0,0.18844306
3,5,0.0,0.0,0.0,0.0,0.0,0.51020145,0.3013555,0.0,0.0,0.18844306
3,5,0.0,0.0,0.0,0.0,0.0,0.51020145,0.3013555,0.0,0.0,0.18844306
3,5,0.0,0.0,0.0,0.0,0.0,0.51020145,0.3013555,0.0,0.0,0.18844306
3,5,0.0,0.0,0.0,0.0,0.0,0.51020145,0.3013555,0.0,0.0,0.18844306
3,5,0.0,0.0,0.0,0.0,0.0,0.51020145,0.3013555,0.0,0.0,0.18844306
3,5,0.0,0.0,0.0,0.0,0.0,0.51020145,0.3013555,0.0,0.0,0.18844306
3,5,0.0,0.0,0.0,0.0,0.0,0.51020145,0.3013555,0.0,0.0,0.18844306
3,5,0.0,0.0,0.0,0.0,0.0,0.51020145,0.3013555,0.0,0.0,0.18844306
3,5,0.0,0.0,0.0,0.0,0.0,0.44860473,0.42342493,0.0,0.0,0.12797034
3,5,0.0,0.0,0.0,0.0,0.0,0.44860473,0.42342493,0.0,0.0,0.12797034
3,5,0.0,0.0,0.0,0.0,0.0,0.44860473,0.42342493,0.0,0.0,0.12797034
3,5,0.0,0.0,0.0,0.0,0.0,0.44860473,0.42342493,0.0,0.0,0.12797034
3,5,0.0,0.0,0.0,0.0,0.0,0.44860473,0.42342493,0.0,0.0,0.12797034
3,5,0.0,0.0,0.0,0.0,0.0,0.44860473,0.42342493,0.0,0.0,0.12797034
3,5,0.0,0.0,0.0,0.0,0.0,0.44860473,0.42342493,0.0,0.0,0.12797034
3,5,0.0,0.0,0.0,0.0,0.0,0.44860473,0.42342493,0.0,0.0,0.12797034
3,5,0.0,0.0,0.0,0.0,0.0,0.44860473,0.42342493,0.0,0.0,0.12797034
3,5,0.0,0.0,0.0,0.0,0.0,0.44860473,0.42342493,0.0,0.0,0.12797034
3,5,0.0,0.0,0.0,0.0,0.0,0.44860473,0.42342493,0.0,0.0,0.12797034
3,5,0.0,0.0,0.0,0.0,0.0,0.44860473,0.42342493,0.0,0.0,0.12797034
3,5,0.0,0.0,0.0,0.0,0.0,0.44860473,0.42342493,0.0,0.0,0.12797034
3,5,0.0,0.0,0.0,0.0,0.0,0.44860473,0.42342493,0.0,0.0,0.12797034
3,5,0.0,0.0,0.0,0.0,0.0,0.44860473,0.42342493,0.0,0.0,0.12797034
3,5,0.0,0.0,0.0,0.0,0.0,0.44860473,0.42342493,0.0,0.0,0.12797034
3,5,0.0,0.0,0.0,0.0,0.0,0.44860473,0.42342493,0.0,0.0,0.12797034
3,5,0.0,0.0,0.0,0.0,0.0,0.44860473,0.42342493,0.0,0.0,0.12797034
3,5,0.0,0.0,0.0,0.0,0.0,0.44860473,0.42342493,0.0,0.0,0.12797034
3,5,0.0,0.0,0.0,0.0,0.0,0.44860473,0.42342493,0.0,0.0,0.12797034
3,5,0.0,0.0,0.0,0.0,0.0,0.44860473,0.42342493,0.0,0.0,0.12797034
3,5,0.0,0.0,0.0,0.0,0.0,0.44860473,0.42342493,0.0,0.0,0.12797034
3,5,0.0,0.0,0.0,0.0,0.0,0.44860473,0.42342493,0.0,0.0,0.12797034
3,5,0.0,0.0,0.0,0.0,0.0,0.44860473,0.42342493,0.0,0.0,0.12797034
3,6,0.0,0.0,0.0,0.0,0.0,0.3184785,0.5535512,0.0,0.0,0.12797032
3,6,0.0,0.0,0.0,0.0,0.0,0.3184785,0.5535512,0.0,0.0,0.12797032
3,6,0.0,0.0,0.0,0.0,0.0,0.3184785,0.5535512,0.0,0.0,0.12797032
3,6,0.0,0.0,0.0,0.0,0.0,0.25828615,0.61374354,0.0,0.0,0.12797032
3,6,0.0,0.0,0.0,0.0,0.0,0.25828615,0.61374354,0.0,0.0,0.12797032
3,6,0.0,0.0,0.0,0.0,0.0,0.25828615,0.61374354,0.0,0.0,0.12797032
3,6,0.0,0.0,0.0,0.0,0.0,0.25828615,0.61374354,0.0,0.0,0.12797032
3,6,0.0,0.0,0.0,0.0,0.0,0.25828615,0.61374354,0.0,0.0,0.12797032
3,6,0.0,0.0,0.0,0.0,0.0,0.25828615,0.61374354,0.0,0.0,0.12797032
3,6,0.0,0.0,0.0,0.0,0.0,0.25828615,0.61374354,0.0,0.0,0.12797032
3,6,0.0,0.0,0.0,0.0,0.0,0.25828615,0.61374354,0.0,0.0,0.12797032
3,6,0.0,0.0,0.0,0.0,0.0,0.25828615,0.61374354,0.0,0.0,0.12797032
3,6,0.0,0.0,0.0,0.0,0.0,0.19823469,0.673795,0.0,0.0,0.12797032
3,6,0.0,0.0,0.0,0.0,0.0,0.19823469,0.673795,0.0,0.0,0.12797032
3,6,0.0,0.0,0.0,0.0,0.0,0.19823469,0.673795,0.0,0.0,0.12797032
3,6,0.0,0.0,0.0,0.0,0.0,0.19823469,0.673795,0.0,0.0,0.12797032
3,6,0.0,0.0,0.0,0.0,0.0,0.19823469,0.673795,0.0,0.0,0.12797032
3,6,0.0,0.0,0.0,0.0,0.0,0.19823469,0.673795,0.0,0.0,0.12797032
3,6,0.0,0.0,0.0,0.0,0.0,0.19823469,0.673795,0.0,0.0,0.12797032
3,6,0.0,0.0,0.0,0.0,0.0,0.19823469,0.673795,0.0,0.0,0.12797032
3,6,0.0,0.0,0.0,0.0,0.0,0.19823469,0.673795,0.0,0.0,0.12797032
3,6,0.0,0.0,0.0,0.0,0.0,0.19823469,0.673795,0.0,0.0,0.12797032
3,6,0.0,0.0,0.0,0.0,0.0,0.19823469,0.673795,0.0,0.0,0.12797032
3,6,0.0,0.0,0.0,0.0,0.0,0.19823469,0.673795,0.0,0.0,0.12797032
3,6,0.0,0.0,0.0,0.0,0.0,0.19823469,0.673795,0.0,0.0,0.12797032
3,6,0.0,0.0,0.0,0.0,0.0,0.19823469,0.673795,0.0,0.0,0.12797032
3,6,0.0,0.0,0.0,0.0,0.0,0.19823469,0.673795,0.0,0.0,0.12797032
3,6,0.0,0.0,0.0,0.0,0.0,0.19823469,0.673795,0.0,0.0,0.12797032
3,6,0.0,0.0,0.0,0.0,0.0,0.19823469,0.673795,0.0,0.0,0.12797032
3,6,0.0,0.0,0.0,0.0,0.0,0.19823469,0.673795,0.0,0.0,0.12797032
3,6,0.0,0.0,0.0,0.0,0.0,0.13481429,0.7372154,0.0,0.0,0.12797032
3,6,0.0,0.0,0.0,0.0,0.0,0.13481429,0.7372154,0.0,0.0,0.12797032
3,6,0.0,0.0,0.0,0.0,0.0,0.1348143,0.79627424,0.0,0.0,0.06891143
3,6,0.0,0.0,0.0,0.0,0.0,0.1348143,0.79627424,0.0,0.0,0.06891143
3,6,0.0,0.0,0.0,0.0,0.0,0.1348143,0.79627424,0.0,0.0,0.06891143
3,6,0.0,0.0,0.0,0.0,0.0,0.1348143,0.79627424,0.0,0.0,0.06891143
3,6,0.0,0.0,0.0,0.0,0.0,0.1348143,0.79627424,0.0,0.0,0.06891143
3,6,0.0,0.0,0.0,0.0,0.0,0.1348143,0.79627424,0.0,0.0,0.06891143
3,6,0.0,0.0,0.0,0.0,0.0,0.1348143,0.79627424,0.0,0.0,0.06891143
3,6,0.0,0.0,0.0,0.0,0.0,0.1348143,0.79627424,0.0,0.0,0.06891143
3,6,0.0,0.0,0.0,0.0,0.0,0.1348143,0.79627424,0.0,0.0,0.06891143
3,6,0.0,0.0,0.0,0.0,0.0,0.1348143,0.79627424,0.0,0.0,0.06891143
3,6,0.0,0.0,0.0,0.0,0.0,0.1348143,0.79627424,0.0,0.0,0.06891143
3,6,0.0,0.0,0.0,0.0,0.0,0.1348143,0.79627424,0.0,0.0,0.06891143
3,6,0.0,0.0,0.0,0.0,0.0,0.1348143,0.79627424,0.0,0.0,0.06891143
3,6,0.0,0.0,0.0,0.0,0.0,0.1348143,0.79627424,0.0,0.0,0.06891143
3,6,0.0,0.0,0.0,0.0,0.0,0.1348143,0.79627424,0.0,0.0,0.06891143
3,6,0.0,0.0,0.0,0.0,0.0,0.1348143,0.79627424,0.0,0.0,0.06891143
3,6,0.0,0.0,0.0,0.0,0.0,0.1348143,0.79627424,0.0,0.0,0.06891143
3,6,0.0,0.0,0.0,0.0,0.0,0.1348143,0.79627424,0.0,0.0,0.06891143
3,6,0.0,0.0,0.0,0.0,0.0,0.1348143,0.79627424,0.0,0.0,0.06891143
3,6,0.0,0.0,0.0,0.0,0.0,0.1348143,0.79627424,0.0,0.0,0.06891143
3,6,0.0,0.0,0.0,0.0,0.0,0.1348143,0.79627424,0.0,0.0,0.06891143
3,6,0.0,0.0,0.0,0.0,0.0,0.1348143,0.79627424,0.0,0.0,0.06891143
3,6,0.0,0.0,0.0,0.0,0.0,0.1348143,0.8651857,0.0,0.0,0.0
3,6,0.0,0.0,0.0,0.0,0.0,0.1348143,0.8651857,0.0,0.0,0.0
3,6,0.0,0.0,0.0,0.0,0.0,0.0,1.0,0.0,0.0,0.0
3,6,0.0,0.0,0.0,0.0,0.0,0.0,1.0,0.0,0.0,0.0
3,6,0.0,0.0,0.0,0.0,0.0,0.0,1.0,0.0,0.0,0.0
3,6,0.0,0.0,0.0,0.0,0.0,0.0,1.0,0.0,0.0,0.0
3,6,0.0,0.0,0.0,0.0,0.0,0.0,1.0,0.0,0.0,0.0
3,6,0.0,0.0,0.0,0.0,0.0,0.0,1.0,0.0,0.0,0.0
3,6,0.0,0.0,0.0,0.0,0.0,0.0,1.0,0.0,0.0,0.0
3,6,0.0,0.0,0.0,0.0,0.0,0.0,1.0,0.0,0.0,0.0
3,6,0.0,0.0,0.0,0.0,0.0,0.0,1.0,0.0,0.0,0.0
3,6,0.0,0.0,0.0,0.0,0.0,0.0,1.0,0.0,0.0,0.0
3,6,0.0,0.0,0.0,0.0,0.0,0.0,1.0,0.0,0.0,0.0
3,6,0.0,0.0,0.0,0.0,0.0,0.0,1.0,0.0,0.0,0.0
3,6,0.0,0.0,0.0,0.0,0.0,0.0,1.0,0.0,0.0,0.0
3,6,0.0,0.0,0.0,0.0,0.0,0.0,1.0,0.0,0.0,0.0
3,6,0.0,0.0,0.0,0.0,0.0,0.0,1.0,0.0,0.0,0.0
3,6,0.0,0.0,0.0,0.0,0.0,0.0,1.0,0.0,0.0,0.0
3,6,0.0,0.0,0.0,0.0,0.0,0.0,1.0,0.0,0.0,0.0
3,6,0.0,0.0,0.0,0.0,0.0,0.0,1.0,0.0,0.0,0.0
3,6,0.0,0.0,0.0,0.0,0.0,0.0,1.0,0.0,0.0,0.0
3,6,0.0,0.0,0.0,0.0,0.0,0.0,1.0,0.0,0.0,0.0
3,6,0.0,0.0,0.0,0.0,0.0,0.0,1.0,0.0,0.0,0.0
3,6,0.0,0.0,0.0,0.0,0.0,0.0,1.0,0.0,0.0,0.0
3,6,0.0,0.0,0.0,0.0,0.0,0.0,1.0,0.0,0.0,0.0
3,6,0.0,0.0,0.0,0.0,0.0,0.0,1.0,0.0,0.0,0.0
3,6,0.0,0.0,0.0,0.0,0.0,0.0,1.0,0.0,0.0,0.0
3,6,0.0,0.0,0.0,0.0,0.0,0.0,1.0,0.0,0.0,0.0
3,6,0.0,0.0,0.0,0.0,0.0,0.0,1.0,0.0,0.0,0.0
3,6,0.0,0.0,0.0,0.0,0.0,0.0,1.0,0.0,0.0,0.0
3,6,0.0,0.0,0.0,0.0,0.0,0.0,1.0,0.0,0.0,0.0
3,6,0.0,0.0,0.0,0.0,0.0,0.0,1.0,0.0,0.0,0.0
3,6,0.0,0.0,0.0,0.0,0.0,0.0,1.0,0.0,0.0,0.0
3,6,0.0,0.0,0.0,0.0,0.0,0.0,1.0,0.0,0.0,0.0
3,6,0.0,0.0,0.0,0.0,0.0,0.0,1.0,0.0,0.0,0.0
3,6,0.0,0.0,0.0,0.0,0.0,0.0,1.0,0.0,0.0,0.0
3,6,0.0,0.0,0.0,0.0,0.0,0.0,1.0,0.0,0.0,0.0
3,6,0.0,0.0,0.0,0.0,0.0,0.0,1.0,0.0,0.0,0.0
3,6,0.0,0.0,0.0,0.0,0.0,0.0,1.0,0.0,0.0,0.0
3,6,0.0,0.0,0.0,0.0,0.0,0.0,1.0,0.0,0.0,0.0
3,6,0.0,0.0,0.0,0.0,0.0,0.0,1.0,0.0,0.0,0.0
3,6,0.0,0.0,0.0,0.0,0.0,0.0,1.0,0.0,0.0,0.0
3,6,0.0,0.0,0.0,0.0,0.0,0.0,1.0,0.0,0.0,0.0
3,6,0.0,0.0,0.0,0.0,0.0,0.0,1.0,0.0,0.0,0.0
3,6,0.0,0.0,0.0,0.0,0.0,0.0,1.0,0.0,0.0,0.0
3,6,0.0,0.0,0.0,0.0,0.0,0.0,1.0,0.0,0.0,0.0
3,6,0.0,0.0,0.0,0.0,0.0,0.0,1.0,0.0,0.0,0.0
3,6,0.0,0.0,0.0,0.0,0.0,0.0,1.0,0.0,0.0,0.0
3,6,0.0,0.0,0.0,0.0,0.0,0.0,1.0,0.0,0.0,0.0
3,6,0.0,0.0,0.0,0.0,0.0,0.0,1.0,0.0,0.0,0.0
3,6,0.0,0.0,0.0,0.0,0.0,0.0,1.0,0.0,0.0,0.0
3,6,0.0,0.0,0.0,0.0,0.0,0.0,1.0,0.0,0.0,0.0
3,6,0.0,0.0,0.0,0.0,0.0,0.0,1.0,0.0,0.0,0.0
3,6,0.0,0.0,0.0,0.0,0.0,0.0,1.0,0.0,0.0,0.0
3,6,0.0,0.0,0.0,0.0,0.0,0.0,1.0,0.0,0.0,0.0
3,6,0.0,0.0,0.0,0.0,0.0,0.0,1.0,0.0,0.0,0.0
3,6,0.0,0.0,0.0,0.0,0.0,0.0,1.0,0.0,0.0,0.0
3,6,0.0,0.0,0.0,0.0,0.0,0.0,1.0,0.0,0.0,0.0
3,6,0.0,0.0,0.0,0.0,0.0,0.0,1.0,0.0,0.0,0.0
3,6,0.0,0.0,0.0,0.0,0.0,0.0,1.0,0.0,0.0,0.0
3,6,0.0,0.0,0.0,0.0,0.0,0.0,1.0,0.0,0.0,0.0
3,6,0.0,0.0,0.0,0.0,0.0,0.0,1.0,0.0,0.0,0.0
3,6,0.0,0.0,0.0,0.0,0.0,0.0,1.0,0.0,0.0,0.0
3,6,0.0,0.0,0.0,0.0,0.0,0.0,1.0,0.0,0.0,0.0
3,6,0.0,0.0,0.0,0.0,0.0,0.0,1.0,0.0,0.0,0.0
3,6,0.0,0.0,0.0,0.0,0.0,0.0,1.0,0.0,0.0,0.0
3,6,0.0,0.0,0.0,0.0,0.0,0.0,1.0,0.0,0.0,0.0
3,6,0.0,0.0,0.0,0.0,0.0,0.0,1.0,0.0,0.0,0.0
3,6,0.0,0.0,0.0,0.0,0.0,0.0,1.0,0.0,0.0,0.0
3,6,0.0,0.0,0.0,0.0,0.0,0.0,1.0,0.0,0.0,0.0
3,6,0.0,0.0,0.0,0.0,0.0,0.0,1.0,0.0,0.0,0.0
3,6,0.0,0.0,0.0,0.0,0.0,0.0,1.0,0.0,0.0,0.0
3,6,0.0,0.0,0.0,0.0,0.0,0.0,1.0,0.0,0.0,0.0
3,6,0.0,0.0,0.0,0.0,0.0,0.0,1.0,0.0,0.0,0.0
3,6,0.0,0.0,0.0,0.0,0.0,0.0,1.0,0.0,0.0,0.0
3,6,0.0,0.0,0.0,0.0,0.0,0.0,1.0,0.0,0.0,0.0
3,6,0.0,0.0,0.0,0.0,0.0,0.0,1.0,0.0,0.0,0.0
3,6,0.0,0.0,0.0,0.0,0.0,0.0,1.0,0.0,0.0,0.0
3,6,0.0,0.0,0.0,0.0,0.0,0.0,1.0,0.0,0.0,0.0
3,6,0.0,0.0,0.0,0.0,0.0,0.0,1.0,0.0,0.0,0.0
3,6,0.0,0.0,0.0,0.0,0.0,0.0,1.0,0.0,0.0,0.0
3,6,0.0,0.0,0.0,0.0,0.0,0.0,1.0,0.0,0.0,0.0
3,6,0.0,0.0,0.0,0.0,0.0,0.0,1.0,0.0,0.0,0.0
3,6,0.0,0.0,0.0,0.0,0.0,0.0,1.0,0.0,0.0,0.0
3,6,0.0,0.0,0.0,0.0,0.0,0.0,1.0,0.0,0.0,0.0
3,6,0.0,0.0,0.0,0.0,0.0,0.0,1.0,0.0,0.0,0.0
3,6,0.0,0.0,0.0,0.0,0.0,0.0,1.0,0.0,0.0,0.0
3,6,0.0,0.0,0.0,0.0,0.0,0.0,1.0,0.0,0.0,0.0
3,6,0.0,0.0,0.0,0.0,0.0,0.0,1.0,0.0,0.0,0.0
3,6,0.0,0.0,0.0,0.0,0.0,0.0,1.0,0.0,0.0,0.0
3,6,0.0,0.0,0.0,0.0,0.0,0.0,1.0,0.0,0.0,0.0
3,6,0.0,0.0,0.0,0.0,0.0,0.0,1.0,0.0,0.0,0.0
3,6,0.0,0.0,0.0,0.0,0.0,0.0,1.0,0.0,0.0,0.0
3,6,0.0,0.0,0.0,0.0,0.0,0.0,1.0,0.0,0.0,0.0
3,6,0.0,0.0,0.0,0.0,0.0,0.0,1.0,0.0,0.0,0.0
3,6,0.0,0.0,0.0,0.0,0.0,0.0,1.0,0.0,0.0,0.0
3,6,0.0,0.0,0.0,0.0,0.0,0.0,1.0,0.0,0.0,0.0
3,6,0.0,0.0,0.0,0.0,0.0,0.0,1.0,0.0,0.0,0.0
3,6,0.0,0.0,0.0,0.0,0.0,0.0,1.0,0.0,0.0,0.0
3,6,0.0,0.0,0.0,0.0,0.0,0.0,1.0,0.0,0.0,0.0
3,6,0.0,0.0,0.0,0.0,0.0,0.0,1.0,0.0,0.0,0.0
3,6,0.0,0.0,0.0,0.0,0.0,0.0,1.0,0.0,0.0,0.0
3,6,0.0,0.0,0.0,0.0,0.0,0.0,1.0,0.0,0.0,0.0
3,6,0.0,0.0,0.0,0.0,0.0,0.0,1.0,0.0,0.0,0.0
3,6,0.0,0.0,0.0,0.0,0.0,0.0,1.0,0.0,0.0,0.0
3,6,0.0,0.0,0.0,0.0,0.0,0.0,1.0,0.0,0.0,0.0
3,6,0.0,0.0,0.0,0.0,0.0,0.0,1.0,0.0,0.0,0.0
3,6,0.0,0.0,0.0,0.0,0.0,0.0,1.0,0.0,0.0,0.0
3,6,0.0,0.0,0.0,0.0,0.0,0.0,1.0,0.0,0.0,0.0
3,6,0.0,0.0,0.0,0.0,0.0,0.0,1.0,0.0,0.0,0.0
3,6,0.0,0.0,0.0,0.0,0.0,0.0,1.0,0.0,0.0,0.0
3,6,0.0,0.0,0.0,0.0,0.0,0.0,1.0,0.0,0.0,0.0
3,6,0.0,0.0,0.0,0.0,0.0,0.0,1.0,0.0,0.0,0.0
3,6,0.0,0.0,0.0,0.0,0.0,0.0,1.0,0.0,0.0,0.0
3,6,0.0,0.0,0.0,0.0,0.0,0.0,1.0,0.0,0.0,0.0
3,6,0.0,0.0,0.0,0.0,0.0,0.0,1.0,0.0,0.0,0.0
3,6,0.0,0.0,0.0,0.0,0.0,0.0,1.0,0.0,0.0,0.0
3,6,0.0,0.0,0.0,0.0,0.0,0.0,1.0,0.0,0.0,0.0
3,6,0.0,0.0,0.0,0.0,0.0,0.0,1.0,0.0,0.0,0.0
3,6,0.0,0.0,0.0,0.0,0.0,0.0,1.0,0.0,0.0,0.0
3,6,0.0,0.0,0.0,0.0,0.0,0.0,1.0,0.0,0.0,0.0
3,6,0.0,0.0,0.0,0.0,0.0,0.0,1.0,0.0,0.0,0.0
3,6,0.0,0.0,0.0,0.0,0.0,0.0,1.0,0.0,0.0,0.0
3,6,0.0,0.0,0.0,0.0,0.0,0.0,1.0,0.0,0.0,0.0
3,6,0.0,0.0,0.0,0.0,0.0,0.0,1.0,0.0,0.0,0.0
3,6,0.0,0.0,0.0,0.0,0.0,0.0,1.0,0.0,0.0,0.0
3,6,0.0,0.0,0.0,0.0,0.0,0.0,1.0,0.0,0.0,0.0
3,6,0.0,0.0,0.0,0.0,0.0,0.0,1.0,0.0,0.0,0.0
3,6,0.0,0.0,0.0,0.0,0.0,0.0,1.0,0.0,0.0,0.0
3,6,0.0,0.0,0.0,0.0,0.0,0.0,1.0,0.0,0.0,0.0
3,6,0.0,0.0,0.0,0.0,0.0,0.0,1.0,0.0,0.0,0.0
3,6,0.0,0.0,0.0,0.0,0.0,0.0,1.0,0.0,0.0,0.0
3,6,0.0,0.0,0.0,0.0,0.0,0.0,1.0,0.0,0.0,0.0
3,6,0.0,0.0,0.0,0.0,0.0,0.0,1.0,0.0,0.0,0.0
3,6,0.0,0.0,0.0,0.0,0.0,0.0,1.0,0.0,0.0,0.0
3,6,0.0,0.0,0.0,0.0,0.0,0.0,1.0,0.0,0.0,0.0
3,6,0.0,0.0,0.0,0.0,0.0,0.0,1.0,0.0,0.0,0.0
3,6,0.0,0.0,0.0,0.0,0.0,0.0,1.0,0.0,0.0,0.0
3,6,0.0,0.0,0.0,0.0,0.0,0.0,1.0,0.0,0.0,0.0
3,6,0.0,0.0,0.0,0.0,0.0,0.0,1.0,0.0,0.0,0.0
3,6,0.0,0.0,0.0,0.0,0.0,0.0,1.0,0.0,0.0,0.0
3,6,0.0,0.0,0.0,0.0,0.0,0.0,1.0,0.0,0.0,0.0
3,6,0.0,0.0,0.0,0.0,0.0,0.0,1.0,0.0,0.0,0.0
3,6,0.0,0.0,0.0,0.0,0.0,0.0,1.0,0.0,0.0,0.0
3,6,0.0,0.0,0.0,0.0,0.0,0.0,1.0,0.0,0.0,0.0
3,6,0.0,0.0,0.0,0.0,0.0,0.0,1.0,0.0,0.0,0.0
3,6,0.0,0.0,0.0,0.0,0.0,0.0,1.0,0.0,0.0,0.0
3,6,0.0,0.0,0.0,0.0,0.0,0.0,1.0,0.0,0.0,0.0
3,6,0.0,0.0,0.0,0.0,0.0,0.0,1.0,0.0,0.0,0.0
3,6,0.0,0.0,0.0,0.0,0.0,0.0,1.0,0.0,0.0,0.0
3,6,0.0,0.0,0.0,0.0,0.0,0.0,1.0,0.0,0.0,0.0
3,6,0.0,0.0,0.0,0.0,0.0,0.0,1.0,0.0,0.0,0.0
3,6,0.0,0.0,0.0,0.0,0.0,0.0,1.0,0.0,0.0,0.0
3,6,0.0,0.0,0.0,0.0,0.0,0.0,1.0,0.0,0.0,0.0
3,6,0.0,0.0,0.0,0.0,0.0,0.0,1.0,0.0,0.0,0.0
3,6,0.0,0.0,0.0,0.0,0.0,0.0,1.0,0.0,0.0,0.0
3,6,0.0,0.0,0.0,0.0,0.0,0.0,1.0,0.0,0.0,0.0
3,6,0.0,0.0,0.0,0.0,0.0,0.0,1.0,0.0,0.0,0.0
3,6,0.0,0.0,0.0,0.0,0.0,0.0,1.0,0.0,0.0,0.0
3,6,0.0,0.0,0.0,0.0,0.0,0.0,1.0,0.0,0.0,0.0
3,6,0.0,0.0,0.0,0.0,0.0,0.0,1.0,0.0,0.0,0.0
3,6,0.0,0.0,0.0,0.0,0.0,0.0,1.0,0.0,0.0,0.0
3,6,0.0,0.0,0.0,0.0,0.0,0.0,1.0,0.0,0.0,0.0
3,6,0.0,0.0,0.0,0.0,0.0,0.0,1.0,0.0,0.0,0.0
3,6,0.0,0.0,0.0,0.0,0.0,0.0,1.0,0.0,0.0,0.0
3,6,0.0,0.0,0.0,0.0,0.0,0.0,1.0,0.0,0.0,0.0
3,6,0.0,0.0,0.0,0.0,0.0,0.0,1.0,0.0,0.0,0.0
3,6,0.0,0.0,0.0,0.0,0.0,0.0,1.0,0.0,0.0,0.0
3,6,0.0,0.0,0.0,0.0,0.0,0.0,1.0,0.0,0.0,0.0
3,6,0.0,0.0,0.0,0.0,0.0,0.0,1.0,0.0,0.0,0.0
3,6,0.0,0.0,0.0,0.0,0.0,0.0,1.0,0.0,0.0,0.0
3,6,0.0,0.0,0.0,0.0,0.0,0.0,1.0,0.0,0.0,0.0
3,6,0.0,0.0,0.0,0.0,0.0,0.0,1.0,0.0,0.0,0.0
3,6,0.0,0.0,0.0,0.0,0.0,0.0,1.0,0.0,0.0,0.0
3,6,0.0,0.0,0.0,0.0,0.0,0.0,1.0,0.0,0.0,0.0
3,6,0.0,0.0,0.0,0.0,0.0,0.0,1.0,0.0,0.0,0.0
3,6,0.0,0.0,0.0,0.0,0.0,0.0,1.0,0.0,0.0,0.0
3,6,0.0,0.0,0.0,0.0,0.0,0.0,1.0,0.0,0.0,0.0
3,6,0.0,0.0,0.0,0.0,0.0,0.0,1.0,0.0,0.0,0.0
3,6,0.0,0.0,0.0,0.0,0.0,0.0,1.0,0.0,0.0,0.0
3,6,0.0,0.0,0.0,0.0,0.0,0.0,1.0,0.0,0.0,0.0
3,6,0.0,0.0,0.0,0.0,0.0,0.0,1.0,0.0,0.0,0.0
3,6,0.0,0.0,0.0,0.0,0.0,0.0,1.0,0.0,0.0,0.0
3,6,0.0,0.0,0.0,0.0,0.0,0.0,1.0,0.0,0.0,0.0
3,6,0.0,0.0,0.0,0.0,0.0,0.0,1.0,0.0,0.0,0.0
3,6,0.0,0.0,0.0,0.0,0.0,0.0,1.0,0.0,0.0,0.0
3,6,0.0,0.0,0.0,0.0,0.0,0.0,1.0,0.0,0.0,0.0
3,6,0.0,0.0,0.0,0.0,0.0,0.0,1.0,0.0,0.0,0.0
3,6,0.0,0.0,0.0,0.0,0.0,0.0,1.0,0.0,0.0,0.0
3,6,0.0,0.0,0.0,0.0,0.0,0.0,1.0,0.0,0.0,0.0
3,6,0.0,0.0,0.0,0.0,0.0,0.0,1.0,0.0,0.0,0.0
3,6,0.0,0.0,0.0,0.0,0.0,0.0,1.0,0.0,0.0,0.0
3,6,0.0,0.0,0.0,0.0,0.0,0.0,1.0,0.0,0.0,0.0
3,6,0.0,0.0,0.0,0.0,0.0,0.0,1.0,0.0,0.0,0.0
3,6,0.0,0.0,0.0,0.0,0.0,0.0,1.0,0.0,0.0,0.0
3,6,0.0,0.0,0.0,0.0,0.0,0.0,1.0,0.0,0.0,0.0
3,6,0.0,0.0,0.0,0.0,0.0,0.0,1.0,0.0,0.0,0.0
3,6,0.0,0.0,0.0,0.0,0.0,0.0,1.0,0.0,0.0,0.0
3,6,0.0,0.0,0.0,0.0,0.0,0.0,1.0,0.0,0.0,0.0
3,6,0.0,0.0,0.0,0.0,0.0,0.0,1.0,0.0,0.0,0.0
3,6,0.0,0.0,0.0,0.0,0.0,0.0,1.0,0.0,0.0,0.0
3,6,0.0,0.0,0.0,0.0,0.0,0.0,1.0,0.0,0.0,0.0
3,6,0.0,0.0,0.0,0.0,0.0,0.0,1.0,0.0,0.0,0.0
3,6,0.0,0.0,0.0,0.0,0.0,0.0,1.0,0.0,0.0,0.0
3,6,0.0,0.0,0.0,0.0,0.0,0.0,1.0,0.0,0.0,0.0
3,6,0.0,0.0,0.0,0.0,0.0,0.0,1.0,0.0,0.0,0.0
3,6,0.0,0.0,0.0,0.0,0.0,0.0,1.0,0.0,0.0,0.0
3,6,0.0,0.0,0.0,0.0,0.0,0.0,1.0,0.0,0.0,0.0
3,6,0.0,0.0,0.0,0.0,0.0,0.0,1.0,0.0,0.0,0.0
3,6,0.0,0.0,0.0,0.0,0.0,0.0,1.0,0.0,0.0,0.0
3,6,0.0,0.0,0.0,0.0,0.0,0.0,1.0,0.0,0.0,0.0
3,6,0.0,0.0,0.0,0.0,0.0,0.0,1.0,0.0,0.0,0.0
3,6,0.0,0.0,0.0,0.0,0.0,0.0,1.0,0.0,0.0,0.0
3,6,0.0,0.0,0.0,0.0,0.0,0.0,1.0,0.0,0.0,0.0
3,6,0.0,0.0,0.0,0.0,0.0,0.0,1.0,0.0,0.0,0.0
3,6,0.0,0.0,0.0,0.0,0.0,0.0,1.0,0.0,0.0,0.0
3,6,0.0,0.0,0.0,0.0,0.0,0.0,1.0,0.0,0.0,0.0
3,6,0.0,0.0,0.0,0.0,0.0,0.0,1.0,0.0,0.0,0.0
3,6,0.0,0.0,0.0,0.0,0.0,0.0,1.0,0.0,0.0,0.0
3,6,0.0,0.0,0.0,0.0,0.0,0.0,1.0,0.0,0.0,0.0
3,6,0.0,0.0,0.0,0.0,0.0,0.0,1.0,0.0,0.0,0.0
3,6,0.0,0.0,0.0,0.0,0.0,0.0,1.0,0.0,0.0,0.0
3,6,0.0,0.0,0.0,0.0,0.0,0.0,1.0,0.0,0.0,0.0
3,6,0.0,0.0,0.0,0.0,0.0,0.0,1.0,0.0,0.0,0.0
3,6,0.0,0.0,0.0,0.0,0.0,0.0,1.0,0.0,0.0,0.0
3,6,0.0,0.0,0.0,0.0,0.0,0.0,1.0,0.0,0.0,0.0
3,6,0.0,0.0,0.0,0.0,0.0,0.0,1.0,0.0,0.0,0.0
3,6,0.0,0.0,0.0,0.0,0.0,0.0,1.0,0.0,0.0,0.0
3,6,0.0,0.0,0.0,0.0,0.0,0.0,1.0,0.0,0.0,0.0
3,6,0.0,0.0,0.0,0.0,0.0,0.0,1.0,0.0,0.0,0.0
3,6,0.0,0.0,0.0,0.0,0.0,0.0,1.0,0.0,0.0,0.0
3,6,0.0,0.0,0.0,0.0,0.0,0.0,1.0,0.0,0.0,0.0
3,6,0.0,0.0,0.0,0.0,0.0,0.0,1.0,0.0,0.0,0.0
3,6,0.0,0.0,0.0,0.0,0.0,0.0,1.0,0.0,0.0,0.0
3,6,0.0,0.0,0.0,0.0,0.0,0.0,1.0,0.0,0.0,0.0
3,6,0.0,0.0,0.0,0.0,0.0,0.0,1.0,0.0,0.0,0.0
3,6,0.0,0.0,0.0,0.0,0.0,0.0,1.0,0.0,0.0,0.0
3,6,0.0,0.0,0.0,0.0,0.0,0.0,1.0,0.0,0.0,0.0
3,6,0.0,0.0,0.0,0.0,0.0,0.0,1.0,0.0,0.0,0.0
3,6,0.0,0.0,0.0,0.0,0.0,0.0,1.0,0.0,0.0,0.0
3,6,0.0,0.0,0.0,0.0,0.0,0.0,1.0,0.0,0.0,0.0
3,6,0.0,0.0,0.0,0.0,0.0,0.0,1.0,0.0,0.0,0.0
3,6,0.0,0.0,0.0,0.0,0.0,0.0,1.0,0.0,0.0,0.0
3,6,0.0,0.0,0.0,0.0,0.0,0.0,1.0,0.0,0.0,0.0
3,6,0.0,0.0,0.0,0.0,0.0,0.0,1.0,0.0,0.0,0.0
3,6,0.0,0.0,0.0,0.0,0.0,0.0,1.0,0.0,0.0,0.0
3,6,0.0,0.0,0.0,0.0,0.0,0.0,1.0,0.0,0.0,0.0
3,6,0.0,0.0,0.0,0.0,0.0,0.0,1.0,0.0,0.0,0.0
3,6,0.0,0.0,0.0,0.0,0.0,0.0,1.0,0.0,0.0,0.0
3,6,0.0,0.0,0.0,0.0,0.0,0.0,1.0,0.0,0.0,0.0
3,6,0.0,0.0,0.0,0.0,0.0,0.0,1.0,0.0,0.0,0.0
3,6,0.0,0.0,0.0,0.0,0.0,0.0,1.0,0.0,0.0,0.0
3,6,0.0,0.0,0.0,0.0,0.0,0.0,1.0,0.0,0.0,0.0
3,6,0.0,0.0,0.0,0.0,0.0,0.0,1.0,0.0,0.0,0.0
3,6,0.0,0.0,0.0,0.0,0.0,0.0,1.0,0.0,0.0,0.0
3,6,0.0,0.0,0.0,0.0,0.0,0.0,1.0,0.0,0.0,0.0
3,6,0.0,0.0,0.0,0.0,0.0,0.0,1.0,0.0,0.0,0.0
3,6,0.0,0.0,0.0,0.0,0.0,0.0,1.0,0.0,0.0,0.0
3,6,0.0,0.0,0.0,0.0,0.0,0.0,1.0,0.0,0.0,0.0
3,6,0.0,0.0,0.0,0.0,0.0,0.0,1.0,0.0,0.0,0.0
3,6,0.0,0.0,0.0,0.0,0.0,0.0,1.0,0.0,0.0,0.0
3,6,0.0,0.0,0.0,0.0,0.0,0.0,1.0,0.0,0.0,0.0
3,6,0.0,0.0,0.0,0.0,0.0,0.0,1.0,0.0,0.0,0.0
3,6,0.0,0.0,0.0,0.0,0.0,0.0,1.0,0.0,0.0,0.0
3,6,0.0,0.0,0.0,0.0,0.0,0.0,1.0,0.0,0.0,0.0
3,6,0.0,0.0,0.0,0.0,0.0,0.0,1.0,0.0,0.0,0.0
3,6,0.0,0.0,0.0,0.0,0.0,0.0,1.0,0.0,0.0,0.0
3,6,0.0,0.0,0.0,0.0,0.0,0.0,1.0,0.0,0.0,0.0
3,6,0.0,0.0,0.0,0.0,0.0,0.0,1.0,0.0,0.0,0.0
3,6,0.0,0.0,0.0,0.0,0.0,0.0,1.0,0.0,0.0,0.0
3,6,0.0,0.0,0.0,0.0,0.0,0.0,1.0,0.0,0.0,0.0
3,6,0.0,0.0,0.0,0.0,0.0,0.0,1.0,0.0,0.0,0.0
3,6,0.0,0.0,0.0,0.0,0.0,0.0,1.0,0.0,0.0,0.0
3,6,0.0,0.0,0.0,0.0,0.0,0.0,1.0,0.0,0.0,0.0
3,6,0.0,0.0,0.0,0.0,0.0,0.0,1.0,0.0,0.0,0.0
3,6,0.0,0.0,0.0,0.0,0.0,0.0,1.0,0.0,0.0,0.0
3,6,0.0,0.0,0.0,0.0,0.0,0.0,1.0,0.0,0.0,0.0
3,6,0.0,0.0,0.0,0.0,0.0,0.0,1.0,0.0,0.0,0.0
3,6,0.0,0.0,0.0,0.0,0.0,0.0,1.0,0.0,0.0,0.0
3,6,0.0,0.0,0.0,0.0,0.0,0.0,1.0,0.0,0.0,0.0
3,6,0.0,0.0,0.0,0.0,0.0,0.0,1.0,0.0,0.0,0.0
3,6,0.0,0.0,0.0,0.0,0.0,0.0,1.0,0.0,0.0,0.0
3,6,0.0,0.0,0.0,0.0,0.0,0.0,1.0,0.0,0.0,0.0
3,6,0.0,0.0,0.0,0.0,0.0,0.0,1.0,0.0,0.0,0.0
3,6,0.0,0.0,0.0,0.0,0.0,0.0,1.0,0.0,0.0,0.0
3,6,0.0,0.0,0.0,0.0,0.0,0.0,1.0,0.0,0.0,0.0
3,6,0.0,0.0,0.0,0.0,0.0,0.0,1.0,0.0,0.0,0.0
3,6,0.0,0.0,0.0,0.0,0.0,0.0,1.0,0.0,0.0,0.0
3,6,0.0,0.0,0.0,0.0,0.0,0.0,1.0,0.0,0.0,0.0
3,6,0.0,0.0,0.0,0.0,0.0,0.0,1.0,0.0,0.0,0.0
3,6,0.0,0.0,0.0,0.0,0.0,0.0,1.0,0.0,0.0,0.0
3,6,0.0,0.0,0.0,0.0,0.0,0.0,1.0,0.0,0.0,0.0
3,6,0.0,0.0,0.0,0.0,0.0,0.0,1.0,0.0,0.0,0.0
3,6,0.0,0.0,0.0,0.0,0.0,0.0,1.0,0.0,0.0,0.0
3,6,0.0,0.0,0.0,0.0,0.0,0.0,1.0,0.0,0.0,0.0
3,6,0.0,0.0,0.0,0.0,0.0,0.0,1.0,0.0,0.0,0.0
3,6,0.0,0.0,0.0,0.0,0.0,0.0,1.0,0.0,0.0,0.0
3,6,0.0,0.0,0.0,0.0,0.0,0.0,1.0,0.0,0.0,0.0
3,6,0.0,0.0,0.0,0.0,0.0,0.0,1.0,0.0,0.0,0.0
3,6,0.0,0.0,0.0,0.0,0.0,0.0,1.0,0.0,0.0,0.0
3,6,0.0,0.0,0.0,0.0,0.0,0.0,1.0,0.0,0.0,0.0
3,6,0.0,0.0,0.0,0.0,0.0,0.0,1.0,0.0,0.0,0.0
3,6,0.0,0.0,0.0,0.0,0.0,0.0,1.0,0.0,0.0,0.0
3,6,0.0,0.0,0.0,0.0,0.0,0.0,1.0,0.0,0.0,0.0
3,6,0.0,0.0,0.0,0.0,0.0,0.0,1.0,0.0,0.0,0.0
3,6,0.0,0.0,0.0,0.0,0.0,0.0,1.0,0.0,0.0,0.0
3,6,0.0,0.0,0.0,0.0,0.0,0.0,1.0,0.0,0.0,0.0
3,6,0.0,0.0,0.0,0.0,0.0,0.0,1.0,0.0,0.0,0.0
3,6,0.0,0.0,0.0,0.0,0.0,0.0,1.0,0.0,0.0,0.0
3,6,0.0,0.0,0.0,0.0,0.0,0.0,1.0,0.0,0.0,0.0
3,6,0.0,0.0,0.0,0.0,0.0,0.0,1.0,0.0,0.0,0.0
3,6,0.0,0.0,0.0,0.0,0.0,0.0,1.0,0.0,0.0,0.0
3,6,0.0,0.0,0.0,0.0,0.0,0.0,1.0,0.0,0.0,0.0
3,6,0.0,0.0,0.0,0.0,0.0,0.0,1.0,0.0,0.0,0.0
3,6,0.0,0.0,0.0,0.0,0.0,0.0,1.0,0.0,0.0,0.0
3,6,0.0,0.0,0.0,0.0,0.0,0.0,1.0,0.0,0.0,0.0
3,6,0.0,0.0,0.0,0.0,0.0,0.0,1.0,0.0,0.0,0.0
3,6,0.0,0.0,0.0,0.0,0.0,0.0,1.0,0.0,0.0,0.0
3,6,0.0,0.0,0.0,0.0,0.0,0.0,1.0,0.0,0.0,0.0
3,6,0.0,0.0,0.0,0.0,0.0,0.0,1.0,0.0,0.0,0.0
3,6,0.0,0.0,0.0,0.0,0.0,0.0,1.0,0.0,0.0,0.0
3,6,0.0,0.0,0.0,0.0,0.0,0.0,1.0,0.0,0.0,0.0
3,6,0.0,0.0,0.0,0.0,0.0,0.0,1.0,0.0,0.0,0.0
3,6,0.0,0.0,0.0,0.0,0.0,0.0,1.0,0.0,0.0,0.0
3,6,0.0,0.0,0.0,0.0,0.0,0.0,1.0,0.0,0.0,0.0
3,6,0.0,0.0,0.0,0.0,0.0,0.0,1.0,0.0,0.0,0.0
3,6,0.0,0.0,0.0,0.0,0.0,0.0,1.0,0.0,0.0,0.0
3,6,0.0,0.0,0.0,0.0,0.0,0.0,1.0,0.0,0.0,0.0
3,6,0.0,0.0,0.0,0.0,0.0,0.0,1.0,0.0,0.0,0.0
3,6,0.0,0.0,0.0,0.0,0.0,0.0,1.0,0.0,0.0,0.0
3,6,0.0,0.0,0.0,0.0,0.0,0.0,1.0,0.0,0.0,0.0
3,6,0.0,0.0,0.0,0.0,0.0,0.0,1.0,0.0,0.0,0.0
3,6,0.0,0.0,0.0,0.0,0.0,0.0,1.0,0.0,0.0,0.0
3,6,0.0,0.0,0.0,0.0,0.0,0.0,1.0,0.0,0.0,0.0
3,6,0.0,0.0,0.0,0.0,0.0,0.0,1.0,0.0,0.0,0.0
3,6,0.0,0.0,0.0,0.0,0.0,0.0,1.0,0.0,0.0,0.0
3,6,0.0,0.0,0.0,0.0,0.0,0.0,1.0,0.0,0.0,0.0
3,6,0.0,0.0,0.0,0.0,0.0,0.0,1.0,0.0,0.0,0.0
3,6,0.0,0.0,0.0,0.0,0.0,0.0,1.0,0.0,0.0,0.0
3,6,0.0,0.0,0.0,0.0,0.0,0.0,1.0,0.0,0.0,0.0
3,6,0.0,0.0,0.0,0.0,0.0,0.0,1.0,0.0,0.0,0.0
3,6,0.0,0.0,0.0,0.0,0.0,0.0,1.0,0.0,0.0,0.0
3,6,0.0,0.0,0.0,0.0,0.0,0.0,1.0,0.0,0.0,0.0
3,6,0.0,0.0,0.0,0.0,0.0,0.0,1.0,0.0,0.0,0.0
3,6,0.0,0.0,0.0,0.0,0.0,0.0,1.0,0.0,0.0,0.0
3,6,0.0,0.0,0.0,0.0,0.0,0.0,1.0,0.0,0.0,0.0
3,6,0.0,0.0,0.0,0.0,0.0,0.0,1.0,0.0,0.0,0.0
3,6,0.0,0.0,0.0,0.0,0.0,0.0,1.0,0.0,0.0,0.0
3,6,0.0,0.0,0.0,0.0,0.0,0.0,1.0,0.0,0.0,0.0
3,6,0.0,0.0,0.0,0.0,0.0,0.0,1.0,0.0,0.0,0.0
3,6,0.0,0.0,0.0,0.0,0.0,0.0,1.0,0.0,0.0,0.0
3,6,0.0,0.0,0.0,0.0,0.0,0.0,1.0,0.0,0.0,0.0
3,6,0.0,0.0,0.0,0.0,0.0,0.0,1.0,0.0,0.0,0.0
3,6,0.0,0.0,0.0,0.0,0.0,0.0,1.0,0.0,0.0,0.0
3,6,0.0,0.0,0.0,0.0,0.0,0.0,1.0,0.0,0.0,0.0
3,6,0.0,0.0,0.0,0.0,0.0,0.0,1.0,0.0,0.0,0.0
3,6,0.0,0.0,0.0,0.0,0.0,0.0,1.0,0.0,0.0,0.0
3,6,0.0,0.0,0.0,0.0,0.0,0.0,1.0,0.0,0.0,0.0
3,6,0.0,0.0,0.0,0.0,0.0,0.0,1.0,0.0,0.0,0.0
3,6,0.0,0.0,0.0,0.0,0.0,0.0,1.0,0.0,0.0,0.0
3,6,0.0,0.0,0.0,0.0,0.0,0.0,1.0,0.0,0.0,0.0
3,6,0.0,0.0,0.0,0.0,0.0,0.0,1.0,0.0,0.0,0.0
3,6,0.0,0.0,0.0,0.0,0.0,0.0,1.0,0.0,0.0,0.0
3,6,0.0,0.0,0.0,0.0,0.0,0.0,1.0,0.0,0.0,0.0
3,6,0.0,0.0,0.0,0.0,0.0,0.0,1.0,0.0,0.0,0.0
3,6,0.0,0.0,0.0,0.0,0.0,0.0,1.0,0.0,0.0,0.0
3,6,0.0,0.0,0.0,0.0,0.0,0.0,1.0,0.0,0.0,0.0
3,6,0.0,0.0,0.0,0.0,0.0,0.0,1.0,0.0,0.0,0.0
3,6,0.0,0.0,0.0,0.0,0.0,0.0,1.0,0.0,0.0,0.0
3,6,0.0,0.0,0.0,0.0,0.0,0.0,1.0,0.0,0.0,0.0
3,6,0.0,0.0,0.0,0.0,0.0,0.0,1.0,0.0,0.0,0.0
3,6,0.0,0.0,0.0,0.0,0.0,0.0,1.0,0.0,0.0,0.0
3,6,0.0,0.0,0.0,0.0,0.0,0.0,1.0,0.0,0.0,0.0
3,6,0.0,0.0,0.0,0.0,0.0,0.0,1.0,0.0,0.0,0.0
3,6,0.0,0.0,0.0,0.0,0.0,0.0,1.0,0.0,0.0,0.0
3,6,0.0,0.0,0.0,0.0,0.0,0.0,1.0,0.0,0.0,0.0
3,6,0.0,0.0,0.0,0.0,0.0,0.0,1.0,0.0,0.0,0.0
3,6,0.0,0.0,0.0,0.0,0.0,0.0,1.0,0.0,0.0,0.0
3,6,0.0,0.0,0.0,0.0,0.0,0.0,1.0,0.0,0.0,0.0
3,6,0.0,0.0,0.0,0.0,0.0,0.0,1.0,0.0,0.0,0.0
3,6,0.0,0.0,0.0,0.0,0.0,0.0,1.0,0.0,0.0,0.0
3,6,0.0,0.0,0.0,0.0,0.0,0.0,1.0,0.0,0.0,0.0
3,6,0.0,0.0,0.0,0.0,0.0,0.0,1.0,0.0,0.0,0.0
3,6,0.0,0.0,0.0,0.0,0.0,0.0,1.0,0.0,0.0,0.0
3,6,0.0,0.0,0.0,0.0,0.0,0.0,1.0,0.0,0.0,0.0
3,6,0.0,0.0,0.0,0.0,0.0,0.0,1.0,0.0,0.0,0.0
3,6,0.0,0.0,0.0,0.0,0.0,0.0,1.0,0.0,0.0,0.0
3,6,0.0,0.0,0.0,0.0,0.0,0.0,1.0,0.0,0.0,0.0
3,6,0.0,0.0,0.0,0.0,0.0,0.0,1.0,0.0,0.0,0.0
3,6,0.0,0.0,0.0,0.0,0.0,0.0,1.0,0.0,0.0,0.0
3,6,0.0,0.0,0.0,0.0,0.0,0.0,1.0,0.0,0.0,0.0
3,6,0.0,0.0,0.0,0.0,0.0,0.0,1.0,0.0,0.0,0.0
3,6,0.0,0.0,0.0,0.0,0.0,0.0,1.0,0.0,0.0,0.0
3,6,0.0,0.0,0.0,0.0,0.0,0.0,1.0,0.0,0.0,0.0
3,6,0.0,0.0,0.0,0.0,0.0,0.0,1.0,0.0,0.0,0.0
3,6,0.0,0.0,0.0,0.0,0.0,0.0,1.0,0.0,0.0,0.0
3,6,0.0,0.0,0.0,0.0,0.0,0.0,1.0,0.0,0.0,0.0
3,6,0.0,0.0,0.0,0.0,0.0,0.0,1.0,0.0,0.0,0.0
3,6,0.0,0.0,0.0,0.0,0.0,0.0,1.0,0.0,0.0,0.0
3,6,0.0,0.0,0.0,0.0,0.0,0.0,1.0,0.0,0.0,0.0
3,6,0.0,0.0,0.0,0.0,0.0,0.0,1.0,0.0,0.0,0.0
3,6,0.0,0.0,0.0,0.0,0.0,0.0,1.0,0.0,0.0,0.0
3,6,0.0,0.0,0.0,0.0,0.0,0.0,1.0,0.0,0.0,0.0
3,6,0.0,0.0,0.0,0.0,0.0,0.0,1.0,0.0,0.0,0.0
3,6,0.0,0.0,0.0,0.0,0.0,0.0,1.0,0.0,0.0,0.0
3,6,0.0,0.0,0.0,0.0,0.0,0.0,1.0,0.0,0.0,0.0
3,6,0.0,0.0,0.0,0.0,0.0,0.0,1.0,0.0,0.0,0.0
3,6,0.0,0.0,0.0,0.0,0.0,0.0,1.0,0.0,0.0,0.0
3,6,0.0,0.0,0.0,0.0,0.0,0.0,1.0,0.0,0.0,0.0
3,6,0.0,0.0,0.0,0.0,0.0,0.0,1.0,0.0,0.0,0.0
3,6,0.0,0.0,0.0,0.0,0.0,0.0,1.0,0.0,0.0,0.0
3,6,0.0,0.0,0.0,0.0,0.0,0.0,1.0,0.0,0.0,0.0
3,6,0.0,0.0,0.0,0.0,0.0,0.0,1.0,0.0,0.0,0.0
3,6,0.0,0.0,0.0,0.0,0.0,0.0,1.0,0.0,0.0,0.0
3,6,0.0,0.0,0.0,0.0,0.0,0.0,1.0,0.0,0.0,0.0
3,6,0.0,0.0,0.0,0.0,0.0,0.0,1.0,0.0,0.0,0.0
3,6,0.0,0.0,0.0,0.0,0.0,0.0,1.0,0.0,0.0,0.0
3,6,0.0,0.0,0.0,0.0,0.0,0.0,1.0,0.0,0.0,0.0
3,6,0.0,0.0,0.0,0.0,0.0,0.0,1.0,0.0,0.0,0.0
3,6,0.0,0.0,0.0,0.0,0.0,0.0,1.0,0.0,0.0,0.0
3,6,0.0,0.0,0.0,0.0,0.0,0.0,1.0,0.0,0.0,0.0
3,6,0.0,0.0,0.0,0.0,0.0,0.0,1.0,0.0,0.0,0.0
3,6,0.0,0.0,0.0,0.0,0.0,0.0,1.0,0.0,0.0,0.0
3,6,0.0,0.0,0.0,0.0,0.0,0.0,1.0,0.0,0.0,0.0
3,6,0.0,0.0,0.0,0.0,0.0,0.0,1.0,0.0,0.0,0.0
3,6,0.0,0.0,0.0,0.0,0.0,0.0,1.0,0.0,0.0,0.0
3,6,0.0,0.0,0.0,0.0,0.0,0.0,1.0,0.0,0.0,0.0
3,6,0.0,0.0,0.0,0.0,0.0,0.0,1.0,0.0,0.0,0.0
3,6,0.0,0.0,0.0,0.0,0.0,0.0,1.0,0.0,0.0,0.0
3,6,0.0,0.0,0.0,0.0,0.0,0.0,1.0,0.0,0.0,0.0
3,6,0.0,0.0,0.0,0.0,0.0,0.0,1.0,0.0,0.0,0.0
3,6,0.0,0.0,0.0,0.0,0.0,0.0,1.0,0.0,0.0,0.0
3,6,0.0,0.0,0.0,0.0,0.0,0.0,1.0,0.0,0.0,0.0
3,6,0.0,0.0,0.0,0.0,0.0,0.0,1.0,0.0,0.0,0.0
3,6,0.0,0.0,0.0,0.0,0.0,0.0,1.0,0.0,0.0,0.0
3,6,0.0,0.0,0.0,0.0,0.0,0.0,1.0,0.0,0.0,0.0
3,6,0.0,0.0,0.0,0.0,0.0,0.0,1.0,0.0,0.0,0.0
3,6,0.0,0.0,0.0,0.0,0.0,0.0,1.0,0.0,0.0,0.0
3,6,0.0,0.0,0.0,0.0,0.0,0.0,1.0,0.0,0.0,0.0
3,6,0.0,0.0,0.0,0.0,0.0,0.0,1.0,0.0,0.0,0.0
3,6,0.0,0.0,0.0,0.0,0.0,0.0,1.0,0.0,0.0,0.0
3,6,0.0,0.0,0.0,0.0,0.0,0.0,1.0,0.0,0.0,0.0
3,6,0.0,0.0,0.0,0.0,0.0,0.0,1.0,0.0,0.0,0.0
3,6,0.0,0.0,0.0,0.0,0.0,0.0,1.0,0.0,0.0,0.0
3,6,0.0,0.0,0.0,0.0,0.0,0.0,1.0,0.0,0.0,0.0
3,6,0.0,0.0,0.0,0.0,0.0,0.0,1.0,0.0,0.0,0.0
3,6,0.0,0.0,0.0,0.0,0.0,0.0,1.0,0.0,0.0,0.0
3,6,0.0,0.0,0.0,0.0,0.0,0.0,1.0,0.0,0.0,0.0
3,6,0.0,0.0,0.0,0.0,0.0,0.0,1.0,0.0,0.0,0.0
3,6,0.0,0.0,0.0,0.0,0.0,0.0,1.0,0.0,0.0,0.0
3,6,0.0,0.0,0.0,0.0,0.0,0.0,1.0,0.0,0.0,0.0
3,6,0.0,0.0,0.0,0.0,0.0,0.0,1.0,0.0,0.0,0.0
3,6,0.0,0.0,0.0,0.0,0.0,0.0,1.0,0.0,0.0,0.0
3,6,0.0,0.0,0.0,0.0,0.0,0.0,1.0,0.0,0.0,0.0
3,6,0.0,0.0,0.0,0.0,0.0,0.0,1.0,0.0,0.0,0.0
3,6,0.0,0.0,0.0,0.0,0.0,0.0,1.0,0.0,0.0,0.0
3,6,0.0,0.0,0.0,0.0,0.0,0.0,1.0,0.0,0.0,0.0
3,6,0.0,0.0,0.0,0.0,0.0,0.0,1.0,0.0,0.0,0.0
3,6,0.0,0.0,0.0,0.0,0.0,0.0,1.0,0.0,0.0,0.0
3,6,0.0,0.0,0.0,0.0,0.0,0.0,1.0,0.0,0.0,0.0
3,6,0.0,0.0,0.0,0.0,0.0,0.0,1.0,0.0,0.0,0.0
3,6,0.0,0.0,0.0,0.0,0.0,0.0,1.0,0.0,0.0,0.0
3,6,0.0,0.0,0.0,0.0,0.0,0.0,1.0,0.0,0.0,0.0
3,6,0.0,0.0,0.0,0.0,0.0,0.0,1.0,0.0,0.0,0.0
3,6,0.0,0.0,0.0,0.0,0.0,0.0,1.0,0.0,0.0,0.0
3,6,0.0,0.0,0.0,0.0,0.0,0.0,1.0,0.0,0.0,0.0
3,6,0.0,0.0,0.0,0.0,0.0,0.0,1.0,0.0,0.0,0.0
3,6,0.0,0.0,0.0,0.0,0.0,0.0,1.0,0.0,0.0,0.0
3,6,0.0,0.0,0.0,0.0,0.0,0.0,1.0,0.0,0.0,0.0
3,6,0.0,0.0,0.0,0.0,0.0,0.0,1.0,0.0,0.0,0.0
3,6,0.0,0.0,0.0,0.0,0.0,0.0,1.0,0.0,0.0,0.0
3,6,0.0,0.0,0.0,0.0,0.0,0.0,1.0,0.0,0.0,0.0
3,6,0.0,0.0,0.0,0.0,0.0,0.0,1.0,0.0,0.0,0.0
3,6,0.0,0.0,0.0,0.0,0.0,0.0,1.0,0.0,0.0,0.0
3,6,0.0,0.0,0.0,0.0,0.0,0.0,1.0,0.0,0.0,0.0
3,6,0.0,0.0,0.0,0.0,0.0,0.0,1.0,0.0,0.0,0.0
3,6,0.0,0.0,0.0,0.0,0.0,0.0,1.0,0.0,0.0,0.0
3,6,0.0,0.0,0.0,0.0,0.0,0.0,1.0,0.0,0.0,0.0
3,6,0.0,0.0,0.0,0.0,0.0,0.0,1.0,0.0,0.0,0.0
3,6,0.0,0.0,0.0,0.0,0.0,0.0,1.0,0.0,0.0,0.0
3,6,0.0,0.0,0.0,0.0,0.0,0.0,1.0,0.0,0.0,0.0
3,6,0.0,0.0,0.0,0.0,0.0,0.0,1.0,0.0,0.0,0.0
3,6,0.0,0.0,0.0,0.0,0.0,0.0,1.0,0.0,0.0,0.0
3,6,0.0,0.0,0.0,0.0,0.0,0.0,1.0,0.0,0.0,0.0
3,6,0.0,0.0,0.0,0.0,0.0,0.0,1.0,0.0,0.0,0.0
3,6,0.0,0.0,0.0,0.0,0.0,0.0,1.0,0.0,0.0,0.0
3,6,0.0,0.0,0.0,0.0,0.0,0.0,1.0,0.0,0.0,0.0
3,6,0.0,0.0,0.0,0.0,0.0,0.0,1.0,0.0,0.0,0.0
3,6,0.0,0.0,0.0,0.0,0.0,0.0,1.0,0.0,0.0,0.0
3,6,0.0,0.0,0.0,0.0,0.0,0.0,1.0,0.0,0.0,0.0
3,6,0.0,0.0,0.0,0.0,0.0,0.0,1.0,0.0,0.0,0.0
3,6,0.0,0.0,0.0,0.0,0.0,0.0,1.0,0.0,0.0,0.0
3,6,0.0,0.0,0.0,0.0,0.0,0.0,1.0,0.0,0.0,0.0
3,6,0.0,0.0,0.0,0.0,0.0,0.0,1.0,0.0,0.0,0.0
3,6,0.0,0.0,0.0,0.0,0.0,0.0,1.0,0.0,0.0,0.0
3,6,0.0,0.0,0.0,0.0,0.0,0.0,1.0,0.0,0.0,0.0
3,6,0.0,0.0,0.0,0.0,0.0,0.0,1.0,0.0,0.0,0.0
3,6,0.0,0.0,0.0,0.0,0.0,0.0,1.0,0.0,0.0,0.0
3,6,0.0,0.0,0.0,0.0,0.0,0.0,1.0,0.0,0.0,0.0
3,6,0.0,0.0,0.0,0.0,0.0,0.0,1.0,0.0,0.0,0.0
3,6,0.0,0.0,0.0,0.0,0.0,0.0,1.0,0.0,0.0,0.0
3,6,0.0,0.0,0.0,0.0,0.0,0.0,1.0,0.0,0.0,0.0
3,6,0.0,0.0,0.0,0.0,0.0,0.0,1.0,0.0,0.0,0.0
3,6,0.0,0.0,0.0,0.0,0.0,0.0,1.0,0.0,0.0,0.0
3,6,0.0,0.0,0.0,0.0,0.0,0.0,1.0,0.0,0.0,0.0
3,6,0.0,0.0,0.0,0.0,0.0,0.0,1.0,0.0,0.0,0.0
3,6,0.0,0.0,0.0,0.0,0.0,0.0,1.0,0.0,0.0,0.0
3,6,0.0,0.0,0.0,0.0,0.0,0.0,1.0,0.0,0.0,0.0
3,6,0.0,0.0,0.0,0.0,0.0,0.0,1.0,0.0,0.0,0.0
3,6,0.0,0.0,0.0,0.0,0.0,0.0,1.0,0.0,0.0,0.0
3,6,0.0,0.0,0.0,0.0,0.0,0.0,1.0,0.0,0.0,0.0
3,6,0.0,0.0,0.0,0.0,0.0,0.0,1.0,0.0,0.0,0.0
3,6,0.0,0.0,0.0,0.0,0.0,0.0,1.0,0.0,0.0,0.0
3,6,0.0,0.0,0.0,0.0,0.0,0.0,1.0,0.0,0.0,0.0
3,6,0.0,0.0,0.0,0.0,0.0,0.0,1.0,0.0,0.0,0.0
3,6,0.0,0.0,0.0,0.0,0.0,0.0,1.0,0.0,0.0,0.0
3,6,0.0,0.0,0.0,0.0,0.0,0.0,1.0,0.0,0.0,0.0
3,6,0.0,0.0,0.0,0.0,0.0,0.0,1.0,0.0,0.0,0.0
3,6,0.0,0.0,0.0,0.0,0.0,0.0,1.0,0.0,0.0,0.0
3,6,0.0,0.0,0.0,0.0,0.0,0.0,1.0,0.0,0.0,0.0
3,6,0.0,0.0,0.0,0.0,0.0,0.0,1.0,0.0,0.0,0.0
3,6,0.0,0.0,0.0,0.0,0.0,0.0,1.0,0.0,0.0,0.0
3,6,0.0,0.0,0.0,0.0,0.0,0.0,1.0,0.0,0.0,0.0
3,6,0.0,0.0,0.0,0.0,0.0,0.0,1.0,0.0,0.0,0.0
3,6,0.0,0.0,0.0,0.0,0.0,0.0,1.0,0.0,0.0,0.0
3,6,0.0,0.0,0.0,0.0,0.0,0.0,1.0,0.0,0.0,0.0
3,6,0.0,0.0,0.0,0.0,0.0,0.0,1.0,0.0,0.0,0.0
3,6,0.0,0.0,0.0,0.0,0.0,0.0,1.0,0.0,0.0,0.0
3,6,0.0,0.0,0.0,0.0,0.0,0.0,1.0,0.0,0.0,0.0
3,6,0.0,0.0,0.0,0.0,0.0,0.0,1.0,0.0,0.0,0.0
3,6,0.0,0.0,0.0,0.0,0.0,0.0,1.0,0.0,0.0,0.0
3,6,0.0,0.0,0.0,0.0,0.0,0.0,1.0,0.0,0.0,0.0
3,6,0.0,0.0,0.0,0.0,0.0,0.0,1.0,0.0,0.0,0.0
3,6,0.0,0.0,0.0,0.0,0.0,0.0,1.0,0.0,0.0,0.0
3,6,0.0,0.0,0.0,0.0,0.0,0.0,1.0,0.0,0.0,0.0
3,6,0.0,0.0,0.0,0.0,0.0,0.0,1.0,0.0,0.0,0.0
3,6,0.0,0.0,0.0,0.0,0.0,0.0,1.0,0.0,0.0,0.0
3,6,0.0,0.0,0.0,0.0,0.0,0.0,1.0,0.0,0.0,0.0
3,6,0.0,0.0,0.0,0.0,0.0,0.0,1.0,0.0,0.0,0.0
3,6,0.0,0.0,0.0,0.0,0.0,0.0,1.0,0.0,0.0,0.0
3,6,0.0,0.0,0.0,0.0,0.0,0.0,1.0,0.0,0.0,0.0
3,6,0.0,0.0,0.0,0.0,0.0,0.0,1.0,0.0,0.0,0.0
3,6,0.0,0.0,0.0,0.0,0.0,0.0,1.0,0.0,0.0,0.0
3,6,0.0,0.0,0.0,0.0,0.0,0.0,1.0,0.0,0.0,0.0
3,6,0.0,0.0,0.0,0.0,0.0,0.0,1.0,0.0,0.0,0.0
3,6,0.0,0.0,0.0,0.0,0.0,0.0,1.0,0.0,0.0,0.0
3,6,0.0,0.0,0.0,0.0,0.0,0.0,1.0,0.0,0.0,0.0
3,6,0.0,0.0,0.0,0.0,0.0,0.0,1.0,0.0,0.0,0.0
3,6,0.0,0.0,0.0,0.0,0.0,0.0,1.0,0.0,0.0,0.0
3,6,0.0,0.0,0.0,0.0,0.0,0.0,1.0,0.0,0.0,0.0
3,6,0.0,0.0,0.0,0.0,0.0,0.0,1.0,0.0,0.0,0.0
3,6,0.0,0.0,0.0,0.0,0.0,0.0,1.0,0.0,0.0,0.0
3,6,0.0,0.0,0.0,0.0,0.0,0.0,1.0,0.0,0.0,0.0
3,6,0.0,0.0,0.0,0.0,0.0,0.0,1.0,0.0,0.0,0.0
3,6,0.0,0.0,0.0,0.0,0.0,0.0,1.0,0.0,0.0,0.0
3,6,0.0,0.0,0.0,0.0,0.0,0.0,1.0,0.0,0.0,0.0
3,6,0.0,0.0,0.0,0.0,0.0,0.0,1.0,0.0,0.0,0.0
3,6,0.0,0.0,0.0,0.0,0.0,0.0,1.0,0.0,0.0,0.0
3,6,0.0,0.0,0.0,0.0,0.0,0.0,1.0,0.0,0.0,0.0
3,6,0.0,0.0,0.0,0.0,0.0,0.0,1.0,0.0,0.0,0.0
3,6,0.0,0.0,0.0,0.0,0.0,0.0,1.0,0.0,0.0,0.0
3,6,0.0,0.0,0.0,0.0,0.0,0.0,1.0,0.0,0.0,0.0
3,6,0.0,0.0,0.0,0.0,0.0,0.0,1.0,0.0,0.0,0.0
3,6,0.0,0.0,0.0,0.0,0.0,0.0,1.0,0.0,0.0,0.0
3,6,0.0,0.0,0.0,0.0,0.0,0.0,1.0,0.0,0.0,0.0
3,6,0.0,0.0,0.0,0.0,0.0,0.0,1.0,0.0,0.0,0.0
3,6,0.0,0.0,0.0,0.0,0.0,0.0,1.0,0.0,0.0,0.0
3,6,0.0,0.0,0.0,0.0,0.0,0.0,1.0,0.0,0.0,0.0
3,6,0.0,0.0,0.0,0.0,0.0,0.0,1.0,0.0,0.0,0.0
3,6,0.0,0.0,0.0,0.0,0.0,0.0,1.0,0.0,0.0,0.0
3,6,0.0,0.0,0.0,0.0,0.0,0.0,1.0,0.0,0.0,0.0
3,6,0.0,0.0,0.0,0.0,0.0,0.0,1.0,0.0,0.0,0.0
3,6,0.0,0.0,0.0,0.0,0.0,0.0,1.0,0.0,0.0,0.0
3,6,0.0,0.0,0.0,0.0,0.0,0.0,1.0,0.0,0.0,0.0
3,6,0.0,0.0,0.0,0.0,0.0,0.0,1.0,0.0,0.0,0.0
3,6,0.0,0.0,0.0,0.0,0.0,0.0,1.0,0.0,0.0,0.0
3,6,0.0,0.0,0.0,0.0,0.0,0.0,1.0,0.0,0.0,0.0
3,6,0.0,0.0,0.0,0.0,0.0,0.0,1.0,0.0,0.0,0.0
3,6,0.0,0.0,0.0,0.0,0.0,0.0,1.0,0.0,0.0,0.0
3,6,0.0,0.0,0.0,0.0,0.0,0.0,1.0,0.0,0.0,0.0
3,6,0.0,0.0,0.0,0.0,0.0,0.0,1.0,0.0,0.0,0.0
3,6,0.0,0.0,0.0,0.0,0.0,0.0,1.0,0.0,0.0,0.0
3,6,0.0,0.0,0.0,0.0,0.0,0.0,1.0,0.0,0.0,0.0
3,6,0.0,0.0,0.0,0.0,0.0,0.0,1.0,0.0,0.0,0.0
3,6,0.0,0.0,0.0,0.0,0.0,0.0,1.0,0.0,0.0,0.0
3,6,0.0,0.0,0.0,0.0,0.0,0.0,1.0,0.0,0.0,0.0
3,6,0.0,0.0,0.0,0.0,0.0,0.0,1.0,0.0,0.0,0.0
3,6,0.0,0.0,0.0,0.0,0.0,0.0,1.0,0.0,0.0,0.0
3,6,0.0,0.0,0.0,0.0,0.0,0.0,1.0,0.0,0.0,0.0
3,6,0.0,0.0,0.0,0.0,0.0,0.0,1.0,0.0,0.0,0.0
3,6,0.0,0.0,0.0,0.0,0.0,0.0,1.0,0.0,0.0,0.0
3,6,0.0,0.0,0.0,0.0,0.0,0.0,1.0,0.0,0.0,0.0
3,6,0.0,0.0,0.0,0.0,0.0,0.0,1.0,0.0,0.0,0.0
3,6,0.0,0.0,0.0,0.0,0.0,0.0,1.0,0.0,0.0,0.0
3,6,0.0,0.0,0.0,0.0,0.0,0.0,1.0,0.0,0.0,0.0
3,6,0.0,0.0,0.0,0.0,0.0,0.0,1.0,0.0,0.0,0.0
3,6,0.0,0.0,0.0,0.0,0.0,0.0,1.0,0.0,0.0,0.0
3,6,0.0,0.0,0.0,0.0,0.0,0.0,1.0,0.0,0.0,0.0
3,6,0.0,0.0,0.0,0.0,0.0,0.0,1.0,0.0,0.0,0.0
3,6,0.0,0.0,0.0,0.0,0.0,0.0,1.0,0.0,0.0,0.0
3,6,0.0,0.0,0.0,0.0,0.0,0.0,1.0,0.0,0.0,0.0
3,6,0.0,0.0,0.0,0.0,0.0,0.0,1.0,0.0,0.0,0.0
3,6,0.0,0.0,0.0,0.0,0.0,0.0,1.0,0.0,0.0,0.0
3,6,0.0,0.0,0.0,0.0,0.0,0.0,1.0,0.0,0.0,0.0
3,6,0.0,0.0,0.0,0.0,0.0,0.0,1.0,0.0,0.0,0.0
3,6,0.0,0.0,0.0,0.0,0.0,0.0,1.0,0.0,0.0,0.0
3,6,0.0,0.0,0.0,0.0,0.0,0.0,1.0,0.0,0.0,0.0
3,6,0.0,0.0,0.0,0.0,0.0,0.0,1.0,0.0,0.0,0.0
3,6,0.0,0.0,0.0,0.0,0.0,0.0,1.0,0.0,0.0,0.0
3,6,0.0,0.0,0.0,0.0,0.0,0.0,1.0,0.0,0.0,0.0
3,6,0.0,0.0,0.0,0.0,0.0,0.0,1.0,0.0,0.0,0.0
3,6,0.0,0.0,0.0,0.0,0.0,0.0,1.0,0.0,0.0,0.0
3,6,0.0,0.0,0.0,0.0,0.0,0.0,1.0,0.0,0.0,0.0
3,6,0.0,0.0,0.0,0.0,0.0,0.0,1.0,0.0,0.0,0.0
3,6,0.0,0.0,0.0,0.0,0.0,0.0,1.0,0.0,0.0,0.0
3,6,0.0,0.0,0.0,0.0,0.0,0.0,1.0,0.0,0.0,0.0
3,6,0.0,0.0,0.0,0.0,0.0,0.0,1.0,0.0,0.0,0.0
3,6,0.0,0.0,0.0,0.0,0.0,0.0,1.0,0.0,0.0,0.0
3,6,0.0,0.0,0.0,0.0,0.0,0.0,1.0,0.0,0.0,0.0
3,6,0.0,0.0,0.0,0.0,0.0,0.0,1.0,0.0,0.0,0.0
3,6,0.0,0.0,0.0,0.0,0.0,0.0,1.0,0.0,0.0,0.0
3,6,0.0,0.0,0.0,0.0,0.0,0.0,1.0,0.0,0.0,0.0
3,6,0.0,0.0,0.0,0.0,0.0,0.0,1.0,0.0,0.0,0.0
3,6,0.0,0.0,0.0,0.0,0.0,0.0,1.0,0.0,0.0,0.0
3,6,0.0,0.0,0.0,0.0,0.0,0.0,1.0,0.0,0.0,0.0
3,6,0.0,0.0,0.0,0.0,0.0,0.0,1.0,0.0,0.0,0.0
3,6,0.0,0.0,0.0,0.0,0.0,0.0,1.0,0.0,0.0,0.0
3,6,0.0,0.0,0.0,0.0,0.0,0.0,1.0,0.0,0.0,0.0
3,6,0.0,0.0,0.0,0.0,0.0,0.0,1.0,0.0,0.0,0.0
3,6,0.0,0.0,0.0,0.0,0.0,0.0,1.0,0.0,0.0,0.0
3,6,0.0,0.0,0.0,0.0,0.0,0.060051464,0.93994856,0.0,0.0,0.0
3,6,0.0,0.0,0.0,0.0,0.0,0.060051464,0.93994856,0.0,0.0,0.0
3,6,0.0,0.0,0.0,0.0,0.0,0.060051464,0.93994856,0.0,0.0,0.0
3,6,0.0,0.0,0.0,0.0,0.0,0.060051464,0.93994856,0.0,0.0,0.0
3,6,0.0,0.0,0.0,0.0,0.0,0.060051464,0.93994856,0.0,0.0,0.0
3,6,0.0,0.0,0.0,0.0,0.0,0.060051464,0.93994856,0.0,0.0,0.0
3,6,0.0,0.0,0.0,0.0,0.0,0.060051464,0.93994856,0.0,0.0,0.0
3,6,0.0,0.0,0.0,0.0,0.0,0.060051464,0.93994856,0.0,0.0,0.0
3,6,0.0,0.0,0.0,0.0,0.0,0.060051464,0.93994856,0.0,0.0,0.0
3,6,0.0,0.0,0.0,0.0,0.0,0.060051464,0.93994856,0.0,0.0,0.0
3,6,0.0,0.0,0.0,0.0,0.0,0.060051464,0.93994856,0.0,0.0,0.0
3,6,0.0,0.0,0.0,0.0,0.0,0.060051464,0.93994856,0.0,0.0,0.0
3,6,0.0,0.0,0.0,0.0,0.0,0.12718005,0.87281996,0.0,0.0,0.0
3,6,0.0,0.0,0.0,0.0,0.0,0.12718005,0.87281996,0.0,0.0,0.0
3,6,0.0,0.0,0.0,0.0,0.0,0.12718005,0.87281996,0.0,0.0,0.0
3,6,0.0,0.0,0.0,0.0,0.0,0.12718005,0.87281996,0.0,0.0,0.0
3,6,0.0,0.0,0.0,0.0,0.0,0.12718005,0.87281996,0.0,0.0,0.0
3,6,0.0,0.0,0.0,0.0,0.0,0.12718005,0.87281996,0.0,0.0,0.0
3,6,0.0,0.0,0.0,0.0,0.0,0.12718005,0.87281996,0.0,0.0,0.0
3,6,0.0,0.0,0.0,0.0,0.0,0.12718005,0.87281996,0.0,0.0,0.0
3,6,0.0,0.0,0.0,0.0,0.0,0.12718005,0.87281996,0.0,0.0,0.0
3,6,0.0,0.0,0.0,0.0,0.0,0.12718005,0.87281996,0.0,0.0,0.0
3,6,0.0,0.0,0.0,0.0,0.0,0.12718005,0.87281996,0.0,0.0,0.0
3,6,0.0,0.0,0.0,0.0,0.0,0.12718005,0.87281996,0.0,0.0,0.0
3,6,0.0,0.0,0.0,0.0,0.0,0.12718005,0.87281996,0.0,0.0,0.0
3,6,0.0,0.0,0.0,0.0,0.0,0.12718005,0.87281996,0.0,0.0,0.0
3,6,0.0,0.0,0.0,0.0,0.0,0.12718005,0.87281996,0.0,0.0,0.0
3,6,0.0,0.0,0.0,0.0,0.0,0.12718005,0.87281996,0.0,0.0,0.0
3,6,0.0,0.0,0.0,0.0,0.0,0.12718005,0.87281996,0.0,0.0,0.0
3,6,0.0,0.0,0.0,0.0,0.0,0.12718005,0.87281996,0.0,0.0,0.0
3,6,0.0,0.0,0.0,0.0,0.0,0.12718005,0.87281996,0.0,0.0,0.0
3,6,0.0,0.0,0.0,0.0,0.0,0.12718005,0.87281996,0.0,0.0,0.0
3,6,0.0,0.0,0.0,0.0,0.0,0.12718005,0.87281996,0.0,0.0,0.0
3,6,0.0,0.0,0.0,0.0,0.0,0.12718005,0.87281996,0.0,0.0,0.0
3,6,0.0,0.0,0.0,0.0,0.0,0.12718005,0.87281996,0.0,0.0,0.0
3,6,0.0,0.0,0.0,0.0,0.0,0.12718005,0.87281996,0.0,0.0,0.0
3,6,0.0,0.0,0.0,0.0,0.0,0.18674012,0.8132599,0.0,0.0,0.0
3,6,0.0,0.0,0.0,0.0,0.0,0.18674012,0.8132599,0.0,0.0,0.0
3,6,0.0,0.0,0.0,0.0,0.0,0.18674012,0.8132599,0.0,0.0,0.0
3,6,0.0,0.0,0.0,0.0,0.0,0.18674012,0.8132599,0.0,0.0,0.0
3,6,0.0,0.0,0.0,0.0,0.0,0.24517623,0.75482374,0.0,0.0,0.0
3,6,0.0,0.0,0.0,0.0,0.0,0.24517623,0.75482374,0.0,0.0,0.0
3,6,0.0,0.0,0.0,0.0,0.0,0.24517623,0.75482374,0.0,0.0,0.0
3,6,0.0,0.0,0.0,0.0,0.0,0.24517623,0.75482374,0.0,0.0,0.0
3,6,0.0,0.0,0.0,0.0,0.0,0.24517623,0.75482374,0.0,0.0,0.0
3,6,0.0,0.0,0.0,0.0,0.0,0.24517623,0.75482374,0.0,0.0,0.0
3,6,0.0,0.0,0.0,0.0,0.0,0.24517623,0.75482374,0.0,0.0,0.0
3,6,0.0,0.0,0.0,0.0,0.0,0.24517623,0.75482374,0.0,0.0,0.0
3,6,0.0,0.0,0.0,0.0,0.0,0.24517623,0.75482374,0.0,0.0,0.0
3,6,0.0,0.0,0.0,0.0,0.0,0.24517623,0.75482374,0.0,0.0,0.0
3,6,0.0,0.0,0.0,0.0,0.0,0.24517623,0.75482374,0.0,0.0,0.0
3,6,0.0,0.0,0.0,0.0,0.0,0.24517623,0.75482374,0.0,0.0,0.0
3,6,0.0,0.0,0.0,0.0,0.0,0.24517623,0.69576484,0.0,0.0,0.05905889
3,6,0.0,0.0,0.0,0.0,0.0,0.24517623,0.69576484,0.0,0.0,0.05905889
3,6,0.0,0.0,0.0,0.0,0.0,0.24517623,0.69576484,0.0,0.0,0.05905889
3,6,0.0,0.0,0.0,0.0,0.0,0.24517623,0.69576484,0.0,0.0,0.05905889
3,6,0.0,0.0,0.0,0.0,0.0,0.24517623,0.69576484,0.0,0.0,0.05905889
3,6,0.0,0.0,0.0,0.0,0.0,0.24517623,0.69576484,0.0,0.0,0.05905889
3,6,0.0,0.0,0.0,0.0,0.0,0.24517623,0.69576484,0.0,0.0,0.05905889
3,6,0.0,0.0,0.0,0.0,0.0,0.24517623,0.69576484,0.0,0.0,0.05905889
3,6,0.0,0.0,0.0,0.0,0.0,0.30677292,0.63416815,0.0,0.0,0.05905889
3,6,0.0,0.0,0.0,0.0,0.0,0.30677292,0.63416815,0.0,0.0,0.05905889
3,6,0.0,0.0,0.0,0.0,0.0,0.30677292,0.63416815,0.0,0.0,0.05905889
3,6,0.0,0.0,0.0,0.0,0.0,0.30677292,0.63416815,0.0,0.0,0.05905889
3,6,0.0,0.0,0.0,0.0,0.0,0.30677292,0.63416815,0.0,0.0,0.05905889
3,6,0.0,0.0,0.0,0.0,0.0,0.30677292,0.63416815,0.0,0.0,0.05905889
3,6,0.0,0.0,0.0,0.0,0.0,0.30677292,0.63416815,0.0,0.0,0.05905889
3,6,0.0,0.0,0.0,0.0,0.0,0.30677292,0.63416815,0.0,0.0,0.05905889
3,6,0.0,0.0,0.0,0.0,0.0,0.30677292,0.63416815,0.0,0.0,0.05905889
3,6,0.0,0.0,0.0,0.0,0.0,0.30677292,0.63416815,0.0,0.0,0.05905889
3,6,0.0,0.0,0.0,0.0,0.0,0.30677292,0.63416815,0.0,0.0,0.05905889
3,6,0.0,0.0,0.0,0.0,0.0,0.30677292,0.63416815,0.0,0.0,0.05905889
3,6,0.0,0.0,0.0,0.0,0.0,0.36746934,0.5734717,0.0,0.0,0.05905889
3,6,0.0,0.0,0.0,0.0,0.0,0.36746934,0.5734717,0.0,0.0,0.05905889
3,6,0.0,0.0,0.0,0.0,0.0,0.36746934,0.5734717,0.0,0.0,0.05905889
3,6,0.0,0.0,0.0,0.0,0.0,0.36746934,0.5734717,0.0,0.0,0.05905889
3,6,0.0,0.0,0.0,0.0,0.0,0.36746934,0.5734717,0.0,0.0,0.05905889
3,6,0.0,0.0,0.0,0.0,0.0,0.36746934,0.5734717,0.0,0.0,0.05905889
3,6,0.0,0.0,0.0,0.0,0.0,0.36746934,0.5734717,0.0,0.0,0.05905889
3,6,0.0,0.0,0.0,0.0,0.0,0.36746934,0.5734717,0.0,0.0,0.05905889
3,6,0.0,0.0,0.0,0.0,0.0,0.36746934,0.5734717,0.0,0.0,0.05905889
3,6,0.0,0.0,0.0,0.0,0.0,0.36746934,0.5734717,0.0,0.0,0.05905889
3,6,0.0,0.0,0.0,0.0,0.0,0.36746934,0.5734717,0.0,0.0,0.05905889
3,6,0.0,0.0,0.0,0.0,0.0,0.36746934,0.5734717,0.0,0.0,0.05905889
3,6,0.0,0.0,0.0,0.0,0.0,0.36746934,0.5045603,0.0,0.0,0.12797032
3,6,0.0,0.0,0.0,0.0,0.0,0.36746934,0.5045603,0.0,0.0,0.12797032
3,6,0.0,0.0,0.0,0.0,0.0,0.36746934,0.5045603,0.0,0.0,0.12797032
3,6,0.0,0.0,0.0,0.0,0.0,0.36746934,0.5045603,0.0,0.0,0.12797032
3,6,0.0,0.0,0.0,0.0,0.0,0.36746934,0.5045603,0.0,0.0,0.12797032
3,6,0.0,0.0,0.0,0.0,0.0,0.36746934,0.5045603,0.0,0.0,0.12797032
3,6,0.0,0.0,0.0,0.0,0.0,0.36746934,0.5045603,0.0,0.0,0.12797032
3,6,0.0,0.0,0.0,0.0,0.0,0.36746934,0.5045603,0.0,0.0,0.12797032
3,6,0.0,0.0,0.0,0.0,0.0,0.43515503,0.4368746,0.0,0.0,0.12797032
3,6,0.0,0.0,0.0,0.0,0.0,0.43515503,0.4368746,0.0,0.0,0.12797032
3,6,0.0,0.0,0.0,0.0,0.0,0.43515503,0.4368746,0.0,0.0,0.12797032
3,6,0.0,0.0,0.0,0.0,0.0,0.43515503,0.4368746,0.0,0.0,0.12797032
3,6,0.0,0.0,0.0,0.0,0.0,0.43515503,0.4368746,0.0,0.0,0.12797032
3,6,0.0,0.0,0.0,0.0,0.0,0.43515503,0.4368746,0.0,0.0,0.12797032
3,5,0.0,0.0,0.0,0.0,0.0,0.4953474,0.37668225,0.0,0.0,0.12797032
3,5,0.0,0.0,0.0,0.0,0.0,0.4953474,0.37668225,0.0,0.0,0.12797032
3,5,0.0,0.0,0.0,0.0,0.0,0.4953474,0.37668225,0.0,0.0,0.12797032
3,5,0.0,0.0,0.0,0.0,0.0,0.4953474,0.37668225,0.0,0.0,0.12797032
3,5,0.0,0.0,0.0,0.0,0.0,0.4953474,0.37668225,0.0,0.0,0.12797032
3,5,0.0,0.0,0.0,0.0,0.0,0.4953474,0.37668225,0.0,0.0,0.12797032
3,5,0.0,0.0,0.0,0.0,0.0,0.4953474,0.37668225,0.0,0.0,0.12797032
3,5,0.0,0.0,0.0,0.0,0.0,0.4953474,0.37668225,0.0,0.0,0.12797032
3,5,0.0,0.0,0.0,0.0,0.0,0.4953474,0.3164414,0.0,0.060240854,0.12797032
3,5,0.0,0.0,0.0,0.0,0.0,0.4953474,0.3164414,0.0,0.060240854,0.12797032
3,5,0.0,0.0,0.0,0.0,0.0,0.4953474,0.3164414,0.0,0.060240854,0.12797032
3,5,0.0,0.0,0.0,0.0,0.0,0.4953474,0.3164414,0.0,0.060240854,0.12797032
3,5,0.0,0.0,0.0,0.0,0.0,0.4953474,0.3164414,0.0,0.060240854,0.12797032
3,5,0.0,0.0,0.0,0.0,0.0,0.4953474,0.3164414,0.0,0.060240854,0.12797032
3,5,0.0,0.0,0.0,0.0,0.0,0.4953474,0.3164414,0.0,0.060240854,0.12797032
3,5,0.0,0.0,0.0,0.0,0.0,0.4953474,0.3164414,0.0,0.060240854,0.12797032
3,5,0.0,0.0,0.0,0.0,0.0,0.49534744,0.250605,0.0,0.060240857,0.19380677
3,5,0.0,0.0,0.0,0.0,0.0,0.49534744,0.250605,0.0,0.060240857,0.19380677
3,5,0.0,0.0,0.0,0.0,0.0,0.49534744,0.250605,0.0,0.060240857,0.19380677
3,5,0.0,0.0,0.0,0.0,0.0,0.49534744,0.250605,0.0,0.060240857,0.19380677
3,5,0.0,0.0,0.0,0.0,0.0,0.49534744,0.250605,0.0,0.060240857,0.19380677
3,5,0.0,0.0,0.0,0.0,0.0,0.49534744,0.250605,0.0,0.060240857,0.19380677
3,5,0.0,0.0,0.0,0.0,0.0,0.49534744,0.250605,0.0,0.060240857,0.19380677
3,5,0.0,0.0,0.0,0.0,0.0,0.49534744,0.250605,0.0,0.060240857,0.19380677
3,5,0.0,0.0,0.0,0.0,0.0,0.49534744,0.250605,0.0,0.060240857,0.19380677
3,5,0.0,0.0,0.0,0.0,0.0,0.49534744,0.250605,0.0,0.060240857,0.19380677
3,5,0.0,0.0,0.0,0.0,0.0,0.49534744,0.250605,0.0,0.060240857,0.19380677
3,5,0.0,0.0,0.0,0.0,0.0,0.49534744,0.250605,0.0,0.060240857,0.19380677
3,5,0.0,0.0,0.0,0.0,0.0,0.49534744,0.250605,0.0,0.060240857,0.19380677
3,5,0.0,0.0,0.0,0.0,0.0,0.49534744,0.250605,0.0,0.060240857,0.19380677
3,5,0.0,0.0,0.0,0.0,0.0,0.49534744,0.250605,0.0,0.060240857,0.19380677
3,5,0.0,0.0,0.0,0.0,0.0,0.49534744,0.250605,0.0,0.060240857,0.19380677
3,5,0.0,0.0,0.0,0.0,0.0,0.49534744,0.250605,0.0,0.060240857,0.19380677
3,5,0.0,0.0,0.0,0.0,0.0,0.49534744,0.250605,0.0,0.060240857,0.19380677
3,5,0.0,0.0,0.0,0.0,0.0,0.49534744,0.250605,0.0,0.060240857,0.19380677
3,5,0.0,0.0,0.0,0.0,0.0,0.49534744,0.250605,0.0,0.060240857,0.19380677
3,5,0.0,0.0,0.0,0.0,0.0,0.49534744,0.250605,0.0,0.060240857,0.19380677
3,5,0.0,0.0,0.0,0.0,0.0,0.49534744,0.250605,0.0,0.060240857,0.19380677
3,5,0.0,0.0,0.0,0.0,0.0,0.49534744,0.250605,0.0,0.060240857,0.19380677
3,5,0.0,0.0,0.0,0.0,0.0,0.49534744,0.250605,0.0,0.060240857,0.19380677
3,5,0.0,0.0,0.0,0.0,0.0,0.49534744,0.250605,0.0,0.060240857,0.19380677
3,5,0.0,0.0,0.0,0.0,0.0,0.49534744,0.250605,0.0,0.060240857,0.19380677
3,5,0.0,0.0,0.0,0.0,0.0,0.5577695,0.18818295,0.0,0.060240854,0.19380675
3,5,0.0,0.0,0.0,0.0,0.0,0.5577695,0.18818295,0.0,0.060240854,0.19380675
3,5,0.0,0.0,0.0,0.0,0.0,0.5577695,0.18818295,0.0,0.060240854,0.19380675
3,5,0.0,0.0,0.0,0.0,0.0,0.62118983,0.12476255,0.0,0.06024085,0.19380674
3,5,0.0,0.0,0.0,0.0,0.0,0.62118983,0.12476255,0.0,0.06024085,0.19380674
3,5,0.0,0.0,0.0,0.0,0.0,0.62118983,0.12476255,0.0,0.06024085,0.19380674
3,5,0.0,0.0,0.0,0.0,0.0,0.62118983,0.12476255,0.0,0.06024085,0.19380674
3,5,0.0,0.0,0.0,0.0,0.0,0.62118983,0.12476255,0.0,0.06024085,0.19380674
3,5,0.0,0.0,0.0,0.0,0.0,0.62118983,0.12476255,0.0,0.06024085,0.19380674
3,5,0.0,0.0,0.0,0.0,0.0,0.62118983,0.12476255,0.0,0.06024085,0.19380674
3,5,0.0,0.0,0.0,0.0,0.0,0.62118983,0.12476255,0.0,0.06024085,0.19380674
3,5,0.0,0.0,0.0,0.0,0.0,0.62118983,0.12476255,0.0,0.06024085,0.19380674
3,5,0.0,0.0,0.0,0.0,0.0,0.62118983,0.12476255,0.0,0.06024085,0.19380674
3,5,0.0,0.0,0.0,0.0,0.0,0.62118983,0.12476255,0.0,0.06024085,0.19380674
3,5,0.0,0.0,0.0,0.0,0.0,0.62118983,0.12476255,0.0,0.06024085,0.19380674
3,5,0.0,0.0,0.0,0.0,0.0,0.62118983,0.12476255,0.0,0.06024085,0.19380674
3,5,0.0,0.0,0.0,0.0,0.0,0.62118983,0.12476255,0.0,0.06024085,0.19380674
3,5,0.0,0.0,0.0,0.0,0.0,0.62118983,0.12476255,0.0,0.06024085,0.19380674
3,5,0.0,0.0,0.0,0.0,0.0,0.62118983,0.12476255,0.0,0.06024085,0.19380674
3,5,0.0,0.0,0.0,0.0,0.0,0.62118983,0.12476255,0.0,0.06024085,0.19380674
3,5,0.0,0.0,0.0,0.0,0.0,0.62118983,0.12476255,0.0,0.06024085,0.19380674
3,5,0.0,0.0,0.0,0.0,0.0,0.62118983,0.12476255,0.0,0.06024085,0.19380674
3,5,0.0,0.0,0.0,0.0,0.0,0.62118983,0.12476255,0.0,0.06024085,0.19380674
3,5,0.0,0.0,0.0,0.0,0.0,0.62118983,0.12476255,0.0,0.06024085,0.19380674
3,5,0.0,0.0,0.0,0.0,0.0,0.62118983,0.12476255,0.0,0.06024085,0.19380674
3,5,0.0,0.0,0.0,0.0,0.0,0.62118983,0.12476255,0.0,0.06024085,0.19380674
3,5,0.0,0.0,0.0,0.0,0.0,0.62118983,0.12476255,0.0,0.06024085,0.19380674
3,5,0.0,0.0,0.0,0.0,0.0,0.62118983,0.12476255,0.0,0.06024085,0.19380674
3,5,0.0,0.0,0.0,0.0,0.0,0.62118983,0.12476255,0.0,0.06024085,0.19380674
3,5,0.0,0.0,0.0,0.0,0.0,0.62118983,0.12476255,0.0,0.06024085,0.19380674
3,5,0.0,0.0,0.0,0.0,0.0,0.62118983,0.12476255,0.0,0.06024085,0.19380674
3,5,0.0,0.0,0.0,0.0,0.0,0.62118983,0.12476255,0.0,0.06024085,0.19380674
3,5,0.0,0.0,0.0,0.0,0.0,0.62118983,0.064289816,0.06047273,0.06024085,0.19380674
3,5,0.0,0.0,0.0,0.0,0.0,0.62118983,0.064289816,0.06047273,0.06024085,0.19380674
3,5,0.0,0.0,0.0,0.0,0.0,0.62118983,0.064289816,0.06047273,0.06024085,0.19380674
3,5,0.0,0.0,0.0,0.0,0.0,0.62118983,0.064289816,0.06047273,0.06024085,0.19380674
3,5,0.0,0.0,0.0,0.0,0.0,0.62118983,0.064289816,0.06047273,0.06024085,0.19380674
3,5,0.0,0.0,0.0,0.0,0.0,0.62118983,0.064289816,0.06047273,0.06024085,0.19380674
3,5,0.0,0.0,0.0,0.0,0.0,0.62118983,0.064289816,0.06047273,0.06024085,0.19380674
3,5,0.0,0.0,0.0,0.0,0.0,0.62118983,0.064289816,0.06047273,0.06024085,0.19380674
3,5,0.0,0.0,0.0,0.0,0.0,0.62118983,0.064289816,0.06047273,0.06024085,0.19380674
3,5,0.0,0.0,0.0,0.0,0.0,0.62118983,0.064289816,0.06047273,0.06024085,0.19380674
3,5,0.0,0.0,0.0,0.0,0.0,0.62118983,0.064289816,0.06047273,0.06024085,0.19380674
3,5,0.0,0.0,0.0,0.0,0.0,0.62118983,0.064289816,0.06047273,0.06024085,0.19380674
3,5,0.0,0.0,0.0,0.0,0.0,0.62118983,0.064289816,0.06047273,0.06024085,0.19380674
3,5,0.0,0.0,0.0,0.0,0.0,0.62118983,0.064289816,0.06047273,0.06024085,0.19380674
3,5,0.0,0.0,0.0,0.0,0.0,0.62118983,0.064289816,0.06047273,0.06024085,0.19380674
3,5,0.0,0.0,0.0,0.0,0.0,0.62118983,0.064289816,0.06047273,0.06024085,0.19380674
3,5,0.0,0.0,0.0,0.0,0.0,0.62118983,0.064289816,0.06047273,0.06024085,0.19380674
3,5,0.0,0.0,0.0,0.0,0.0,0.62118983,0.064289816,0.06047273,0.06024085,0.19380674
3,5,0.0,0.0,0.0,0.0,0.0,0.62118983,0.064289816,0.06047273,0.06024085,0.19380674
3,5,0.0,0.0,0.0,0.0,0.0,0.62118983,0.064289816,0.06047273,0.06024085,0.19380674
3,5,0.0,0.0,0.0,0.0,0.0,0.62118983,0.064289816,0.06047273,0.06024085,0.19380674
3,5,0.0,0.0,0.0,0.0,0.0,0.62118983,0.064289816,0.06047273,0.06024085,0.19380674
3,5,0.0,0.0,0.0,0.0,0.0,0.62118983,0.064289816,0.06047273,0.06024085,0.19380674
3,5,0.0,0.0,0.0,0.0,0.0,0.62118983,0.064289816,0.06047273,0.06024085,0.19380674
3,5,0.0,0.0,0.0,0.0,0.0,0.62118983,0.064289816,0.06047273,0.06024085,0.19380674
3,5,0.0,0.0,0.0,0.0,0.0,0.62118983,0.064289816,0.06047273,0.06024085,0.19380674
3,5,0.0,0.0,0.0,0.0,0.0,0.62118983,0.064289816,0.06047273,0.06024085,0.19380674
3,5,0.0,0.0,0.0,0.0,0.0,0.62118983,0.064289816,0.06047273,0.06024085,0.19380674
3,5,0.0,0.0,0.0,0.0,0.0,0.62118983,0.064289816,0.06047273,0.06024085,0.19380674
3,5,0.0,0.0,0.0,0.0,0.0,0.62118983,0.064289816,0.06047273,0.06024085,0.19380674
3,5,0.0,0.0,0.0,0.0,0.0,0.62118983,0.064289816,0.06047273,0.06024085,0.19380674
3,5,0.0,0.0,0.0,0.0,0.0,0.62118983,0.064289816,0.06047273,0.06024085,0.19380674
3,5,0.0,0.0,0.0,0.0,0.0,0.62118983,0.064289816,0.06047273,0.06024085,0.19380674
3,5,0.0,0.0,0.0,0.0,0.0,0.62118983,0.064289816,0.06047273,0.06024085,0.19380674
3,5,0.0,0.0,0.0,0.0,0.0,0.62118983,0.064289816,0.06047273,0.06024085,0.19380674
3,5,0.0,0.0,0.0,0.0,0.0,0.62118983,0.064289816,0.06047273,0.06024085,0.19380674
3,5,0.0,0.0,0.0,0.0,0.0,0.62118983,0.064289816,0.06047273,0.06024085,0.19380674
3,5,0.0,0.0,0.0,0.0,0.0,0.62118983,0.064289816,0.06047273,0.06024085,0.19380674
4,5,0.0,0.0,0.0,0.0,0.0,0.62118983,0.064289816,0.06047273,0.06024085,0.19380674
4,5,0.0,0.0,0.0,0.0,0.0,0.62118983,0.064289816,0.06047273,0.06024085,0.19380674
4,5,0.0,0.0,0.0,0.0,0.0,0.62118983,0.064289816,0.06047273,0.06024085,0.19380674
4,5,0.0,0.0,0.0,0.0,0.0,0.62118983,0.064289816,0.06047273,0.06024085,0.19380674
4,5,0.0,0.0,0.0,0.0,0.0,0.62118983,0.064289816,0.06047273,0.06024085,0.19380674
4,5,0.0,0.0,0.0,0.0,0.0,0.62118983,0.064289816,0.06047273,0.06024085,0.19380674
4,5,0.0,0.0,0.0,0.0,0.0,0.62118983,0.064289816,0.06047273,0.06024085,0.19380674
4,5,0.0,0.0,0.0,0.0,0.0,0.62118983,0.064289816,0.06047273,0.06024085,0.19380674
4,5,0.0,0.0,0.0,0.0,0.0,0.62118983,0.064289816,0.06047273,0.06024085,0.19380674
4,5,0.0,0.0,0.0,0.0,0.0,0.62118983,0.064289816,0.06047273,0.06024085,0.19380674
4,5,0.0,0.0,0.0,0.0,0.0,0.62118983,0.064289816,0.06047273,0.06024085,0.19380674
4,5,0.0,0.0,0.0,0.0,0.0,0.62118983,0.064289816,0.06047273,0.06024085,0.19380674
4,5,0.0,0.0,0.0,0.0,0.0,0.62118983,0.064289816,0.06047273,0.06024085,0.19380674
4,5,0.0,0.0,0.0,0.0,0.0,0.62118983,0.064289816,0.06047273,0.06024085,0.19380674
4,5,0.0,0.0,0.0,0.0,0.0,0.62118983,0.064289816,0.06047273,0.06024085,0.19380674
4,5,0.0,0.0,0.0,0.0,0.0,0.62118983,0.064289816,0.06047273,0.06024085,0.19380674
4,5,0.0,0.0,0.0,0.0,0.0,0.62118983,0.064289816,0.06047273,0.06024085,0.19380674
4,5,0.0,0.0,0.0,0.0,0.0,0.62118983,0.064289816,0.06047273,0.06024085,0.19380674
4,5,0.0,0.0,0.0,0.0,0.0,0.62118983,0.0,0.12476255,0.06024085,0.19380674
4,5,0.0,0.0,0.0,0.0,0.0,0.62118983,0.0,0.12476255,0.06024085,0.19380674
4,5,0.0,0.0,0.0,0.0,0.0,0.62118983,0.0,0.12476255,0.06024085,0.19380674
4,5,0.0,0.0,0.0,0.0,0.0,0.62118983,0.0,0.12476255,0.06024085,0.19380674
4,5,0.0,0.0,0.0,0.0,0.0,0.62118983,0.0,0.12476255,0.06024085,0.19380674
4,5,0.0,0.0,0.0,0.0,0.0,0.62118983,0.0,0.12476255,0.06024085,0.19380674
4,5,0.0,0.0,0.0,0.0,0.0,0.62118983,0.0,0.12476255,0.06024085,0.19380674
4,5,0.0,0.0,0.0,0.0,0.0,0.62118983,0.0,0.12476255,0.06024085,0.19380674
4,5,0.0,0.0,0.0,0.0,0.0,0.62118983,0.0,0.12476255,0.06024085,0.19380674
4,5,0.0,0.0,0.0,0.0,0.0,0.62118983,0.0,0.12476255,0.06024085,0.19380674
4,5,0.0,0.0,0.0,0.0,0.0,0.62118983,0.0,0.12476255,0.06024085,0.19380674
4,5,0.0,0.0,0.0,0.0,0.0,0.62118983,0.0,0.12476255,0.06024085,0.19380674
4,5,0.0,0.0,0.0,0.0,0.0,0.62118983,0.0,0.12476255,0.06024085,0.19380674
4,5,0.0,0.0,0.0,0.0,0.0,0.62118983,0.0,0.12476255,0.06024085,0.19380674
4,5,0.0,0.0,0.0,0.0,0.0,0.62118983,0.0,0.12476255,0.06024085,0.19380674
4,5,0.0,0.0,0.0,0.0,0.0,0.62118983,0.0,0.12476255,0.06024085,0.19380674
4,5,0.0,0.0,0.0,0.0,0.0,0.56275374,0.0,0.18319869,0.060240854,0.19380675
4,5,0.0,0.0,0.0,0.0,0.0,0.56275374,0.0,0.18319869,0.060240854,0.19380675
4,5,0.0,0.0,0.0,0.0,0.0,0.56275374,0.0,0.18319869,0.060240854,0.19380675
4,5,0.0,0.0,0.0,0.0,0.0,0.56275374,0.0,0.18319869,0.060240854,0.19380675
4,5,0.0,0.0,0.0,0.0,0.0,0.56275374,0.0,0.18319869,0.060240854,0.19380675
4,5,0.0,0.0,0.0,0.0,0.0,0.56275374,0.0,0.18319869,0.060240854,0.19380675
4,5,0.0,0.0,0.0,0.0,0.0,0.56275374,0.0,0.18319869,0.060240854,0.19380675
4,5,0.0,0.0,0.0,0.0,0.0,0.56275374,0.0,0.18319869,0.060240854,0.19380675
4,5,0.0,0.0,0.0,0.0,0.0,0.38154548,0.0,0.36440688,0.060240854,0.19380675
4,5,0.0,0.0,0.0,0.0,0.0,0.38154548,0.0,0.36440688,0.060240854,0.19380675
4,5,0.0,0.0,0.0,0.0,0.0,0.38154548,0.0,0.36440688,0.060240854,0.19380675
4,5,0.0,0.0,0.0,0.0,0.0,0.38154548,0.0,0.36440688,0.060240854,0.19380675
4,5,0.0,0.0,0.0,0.0,0.0,0.38154548,0.0,0.36440688,0.060240854,0.19380675
4,5,0.0,0.0,0.0,0.0,0.0,0.38154548,0.0,0.36440688,0.060240854,0.19380675
4,5,0.0,0.0,0.0,0.0,0.0,0.38154548,0.0,0.36440688,0.060240854,0.19380675
4,7,0.0,0.0,0.0,0.0,0.0,0.38154548,0.0,0.42464775,0.0,0.19380675
4,7,0.0,0.0,0.0,0.0,0.0,0.38154548,0.0,0.42464775,0.0,0.19380675
4,7,0.0,0.0,0.0,0.0,0.0,0.38154548,0.0,0.42464775,0.0,0.19380675
4,7,0.0,0.0,0.0,0.0,0.0,0.38154548,0.0,0.42464775,0.0,0.19380675
4,7,0.0,0.0,0.0,0.0,0.0,0.38154548,0.0,0.42464775,0.0,0.19380675
4,7,0.0,0.0,0.0,0.0,0.0,0.38154548,0.0,0.42464775,0.0,0.19380675
4,7,0.0,0.0,0.0,0.0,0.0,0.38154548,0.0,0.42464775,0.0,0.19380675
4,7,0.0,0.0,0.0,0.0,0.0,0.38154548,0.0,0.42464775,0.0,0.19380675
4,7,0.0,0.0,0.0,0.0,0.0,0.38154548,0.0,0.42464775,0.0,0.19380675
4,7,0.0,0.0,0.0,0.0,0.0,0.38154548,0.0,0.42464775,0.0,0.19380675
4,7,0.0,0.0,0.0,0.0,0.0,0.38154548,0.0,0.42464775,0.0,0.19380675
4,7,0.0,0.0,0.0,0.0,0.0,0.38154548,0.0,0.42464775,0.0,0.19380675
4,7,0.0,0.0,0.0,0.0,0.0,0.38154548,0.0,0.42464775,0.0,0.19380675
4,7,0.0,0.0,0.0,0.0,0.0,0.38154548,0.0,0.42464775,0.0,0.19380675
4,7,0.0,0.0,0.0,0.0,0.0,0.38154548,0.0,0.42464775,0.0,0.19380675
4,7,0.0,0.0,0.0,0.0,0.0,0.38154548,0.0,0.42464775,0.0,0.19380675
4,7,0.0,0.0,0.0,0.0,0.0,0.38154548,0.0,0.42464775,0.0,0.19380675
4,7,0.0,0.0,0.0,0.0,0.0,0.38154548,0.0,0.42464775,0.0,0.19380675
4,7,0.0,0.0,0.0,0.0,0.0,0.38154548,0.0,0.42464775,0.0,0.19380675
4,7,0.0,0.0,0.0,0.0,0.0,0.38154548,0.0,0.42464775,0.0,0.19380675
4,7,0.0,0.0,0.0,0.0,0.0,0.38154548,0.0,0.42464775,0.0,0.19380675
4,7,0.0,0.0,0.0,0.0,0.0,0.38154548,0.0,0.42464775,0.0,0.19380675
4,7,0.0,0.0,0.0,0.0,0.0,0.32135314,0.0,0.4848401,0.0,0.19380675
4,7,0.0,0.0,0.0,0.0,0.0,0.32135314,0.0,0.4848401,0.0,0.19380675
4,7,0.0,0.0,0.0,0.0,0.0,0.32135314,0.0,0.4848401,0.0,0.19380675
4,7,0.0,0.0,0.0,0.0,0.0,0.32135314,0.0,0.4848401,0.0,0.19380675
4,7,0.0,0.0,0.0,0.0,0.0,0.32135314,0.0,0.4848401,0.0,0.19380675
4,7,0.0,0.0,0.0,0.0,0.0,0.32135314,0.0,0.4848401,0.0,0.19380675
4,7,0.0,0.0,0.0,0.0,0.0,0.32135314,0.0,0.4848401,0.0,0.19380675
4,7,0.0,0.0,0.0,0.0,0.0,0.32135314,0.0,0.4848401,0.0,0.19380675
4,7,0.0,0.0,0.0,0.0,0.0,0.32135314,0.0,0.4848401,0.0,0.19380675
4,7,0.0,0.0,0.0,0.0,0.0,0.32135314,0.0,0.4848401,0.0,0.19380675
4,7,0.0,0.0,0.0,0.0,0.0,0.32135314,0.0,0.4848401,0.0,0.19380675
4,7,0.0,0.0,0.0,0.0,0.0,0.32135314,0.0,0.4848401,0.0,0.19380675
4,7,0.0,0.0,0.0,0.0,0.0,0.32135314,0.0,0.4848401,0.0,0.19380675
4,7,0.0,0.0,0.0,0.0,0.0,0.25893113,0.0,0.54726213,0.0,0.19380674
4,7,0.0,0.0,0.0,0.0,0.0,0.25893113,0.0,0.54726213,0.0,0.19380674
4,7,0.0,0.0,0.0,0.0,0.0,0.25893113,0.0,0.54726213,0.0,0.19380674
4,7,0.0,0.0,0.0,0.0,0.0,0.25893113,0.0,0.54726213,0.0,0.19380674
4,7,0.0,0.0,0.0,0.0,0.0,0.25893113,0.0,0.54726213,0.0,0.19380674
4,7,0.0,0.0,0.0,0.0,0.0,0.25893113,0.0,0.54726213,0.0,0.19380674
4,7,0.0,0.0,0.0,0.0,0.0,0.19551073,0.0,0.61068255,0.0,0.19380674
4,7,0.0,0.0,0.0,0.0,0.0,0.19551073,0.0,0.61068255,0.0,0.19380674
4,7,0.0,0.0,0.0,0.0,0.0,0.19551073,0.0,0.61068255,0.0,0.19380674
4,7,0.0,0.0,0.0,0.0,0.0,0.19551073,0.0,0.61068255,0.0,0.19380674
4,7,0.0,0.0,0.0,0.0,0.0,0.19551073,0.0,0.61068255,0.0,0.19380674
4,7,0.0,0.0,0.0,0.0,0.0,0.19551073,0.0,0.61068255,0.0,0.19380674
4,7,0.0,0.0,0.0,0.0,0.0,0.19551073,0.0,0.61068255,0.0,0.19380674
4,7,0.0,0.0,0.0,0.0,0.0,0.19551073,0.0,0.61068255,0.0,0.19380674
4,7,0.0,0.0,0.0,0.0,0.0,0.19551073,0.0,0.61068255,0.0,0.19380674
4,7,0.0,0.0,0.0,0.0,0.0,0.19551073,0.0,0.61068255,0.0,0.19380674
4,7,0.0,0.0,0.0,0.0,0.0,0.19551073,0.0,0.61068255,0.0,0.19380674
4,7,0.0,0.0,0.0,0.0,0.0,0.19551073,0.0,0.61068255,0.0,0.19380674
4,7,0.0,0.0,0.0,0.0,0.0,0.13481429,0.0,0.67137897,0.0,0.19380674
4,7,0.0,0.0,0.0,0.0,0.0,0.13481429,0.0,0.67137897,0.0,0.19380674
4,7,0.0,0.0,0.0,0.0,0.0,0.13481429,0.0,0.67137897,0.0,0.19380674
4,7,0.0,0.0,0.0,0.0,0.0,0.13481429,0.0,0.67137897,0.0,0.19380674
4,7,0.0,0.0,0.0,0.0,0.0,0.1348143,0.0,0.7304378,0.0,0.13474785
4,7,0.0,0.0,0.0,0.0,0.0,0.1348143,0.0,0.7304378,0.0,0.13474785
4,7,0.0,0.0,0.0,0.0,0.0,0.1348143,0.0,0.7304378,0.0,0.13474785
4,7,0.0,0.0,0.0,0.0,0.0,0.1348143,0.0,0.7304378,0.0,0.13474785
4,7,0.0,0.0,0.0,0.0,0.0,0.1348143,0.0,0.7304378,0.0,0.13474785
4,7,0.0,0.0,0.0,0.0,0.0,0.1348143,0.0,0.7304378,0.0,0.13474785
4,7,0.0,0.0,0.0,0.0,0.0,0.1348143,0.0,0.7304378,0.0,0.13474785
4,7,0.0,0.0,0.0,0.0,0.0,0.1348143,0.0,0.7304378,0.0,0.13474785
4,7,0.0,0.0,0.0,0.0,0.0,0.1348143,0.0,0.7304378,0.0,0.13474785
4,7,0.0,0.0,0.0,0.0,0.0,0.1348143,0.0,0.7304378,0.0,0.13474785
4,7,0.0,0.0,0.0,0.0,0.0,0.1348143,0.0,0.7304378,0.0,0.13474785
4,7,0.0,0.0,0.0,0.0,0.0,0.1348143,0.0,0.7304378,0.0,0.13474785
4,7,0.0,0.0,0.0,0.0,0.0,0.1348143,0.0,0.7304378,0.0,0.13474785
4,7,0.0,0.0,0.0,0.0,0.0,0.1348143,0.0,0.7304378,0.0,0.13474785
4,7,0.0,0.0,0.0,0.0,0.0,0.1348143,0.0,0.7304378,0.0,0.13474785
4,7,0.0,0.0,0.0,0.0,0.0,0.1348143,0.0,0.7304378,0.0,0.13474785
4,7,0.0,0.0,0.0,0.0,0.0,0.0,0.0,0.86525214,0.0,0.13474785
4,7,0.0,0.0,0.0,0.0,0.0,0.0,0.0,0.86525214,0.0,0.13474785
4,7,0.0,0.0,0.0,0.0,0.0,0.0,0.0,0.86525214,0.0,0.13474785
4,7,0.0,0.0,0.0,0.0,0.0,0.0,0.0,0.86525214,0.0,0.13474785
4,7,0.0,0.0,0.0,0.0,0.0,0.0,0.0,0.86525214,0.0,0.13474785
4,7,0.0,0.0,0.0,0.0,0.0,0.0,0.0,0.86525214,0.0,0.13474785
4,7,0.0,0.0,0.0,0.0,0.0,0.0,0.0,0.86525214,0.0,0.13474785
4,7,0.0,0.0,0.0,0.0,0.0,0.0,0.0,0.86525214,0.0,0.13474785
4,7,0.0,0.0,0.0,0.0,0.0,0.0,0.0,0.86525214,0.0,0.13474785
4,7,0.0,0.0,0.0,0.0,0.0,0.0,0.0,0.86525214,0.0,0.13474785
4,7,0.0,0.0,0.0,0.0,0.0,0.0,0.0,0.93108857,0.0,0.06891143
4,7,0.0,0.0,0.0,0.0,0.0,0.0,0.0,0.93108857,0.0,0.06891143
4,7,0.0,0.0,0.0,0.0,0.0,0.0,0.0,0.93108857,0.0,0.06891143
4,7,0.0,0.0,0.0,0.0,0.0,0.0,0.0,0.93108857,0.0,0.06891143
4,7,0.0,0.0,0.0,0.0,0.0,0.0,0.0,0.93108857,0.0,0.06891143
4,7,0.0,0.0,0.0,0.0,0.0,0.0,0.0,0.93108857,0.0,0.06891143
4,7,0.0,0.0,0.0,0.0,0.0,0.0,0.0,0.93108857,0.0,0.06891143
4,7,0.0,0.0,0.0,0.0,0.0,0.0,0.0,0.93108857,0.0,0.06891143
4,7,0.0,0.0,0.0,0.0,0.0,0.0,0.0,0.93108857,0.0,0.06891143
4,7,0.0,0.0,0.0,0.0,0.0,0.0,0.0,0.93108857,0.0,0.06891143
4,7,0.0,0.0,0.0,0.0,0.0,0.0,0.0,0.93108857,0.0,0.06891143
4,7,0.0,0.0,0.0,0.0,0.0,0.0,0.0,0.93108857,0.0,0.06891143
4,7,0.0,0.0,0.0,0.0,0.0,0.0,0.0,0.93108857,0.0,0.06891143
4,7,0.0,0.0,0.0,0.0,0.0,0.0,0.0,0.93108857,0.0,0.06891143
4,7,0.0,0.0,0.0,0.0,0.0,0.0,0.0,0.93108857,0.0,0.06891143
4,7,0.0,0.0,0.0,0.0,0.0,0.0,0.0,0.93108857,0.0,0.06891143
4,7,0.0,0.0,0.0,0.0,0.0,0.0,0.0,0.93108857,0.0,0.06891143
4,7,0.0,0.0,0.0,0.0,0.0,0.0,0.0,0.93108857,0.0,0.06891143
4,7,0.0,0.0,0.0,0.0,0.0,0.0,0.0,0.93108857,0.0,0.06891143
4,7,0.0,0.0,0.0,0.0,0.0,0.0,0.0,0.93108857,0.0,0.06891143
4,7,0.0,0.0,0.0,0.0,0.0,0.0,0.0,0.93108857,0.0,0.06891143
4,7,0.0,0.0,0.0,0.0,0.0,0.0,0.0,0.93108857,0.0,0.06891143
4,7,0.0,0.0,0.0,0.0,0.0,0.0,0.0,0.93108857,0.0,0.06891143
4,7,0.0,0.0,0.0,0.0,0.0,0.0,0.0,0.93108857,0.0,0.06891143
4,7,0.0,0.0,0.0,0.0,0.0,0.0,0.0,0.93108857,0.0,0.06891143
4,7,0.0,0.0,0.0,0.0,0.0,0.0,0.0,0.93108857,0.0,0.06891143
4,7,0.0,0.0,0.0,0.0,0.0,0.0,0.0,0.93108857,0.0,0.06891143
4,7,0.0,0.0,0.0,0.0,0.0,0.0,0.0,0.93108857,0.0,0.06891143
4,7,0.0,0.0,0.0,0.0,0.0,0.0,0.0,0.93108857,0.0,0.06891143
4,7,0.0,0.0,0.0,0.0,0.0,0.0,0.0,0.93108857,0.0,0.06891143
4,7,0.0,0.0,0.0,0.0,0.0,0.0,0.0,0.93108857,0.0,0.06891143
4,7,0.0,0.0,0.0,0.0,0.0,0.0,0.0,0.93108857,0.0,0.06891143
4,7,0.0,0.0,0.0,0.0,0.0,0.0,0.0,0.93108857,0.0,0.06891143
4,7,0.0,0.0,0.0,0.0,0.0,0.0,0.0,0.93108857,0.0,0.06891143
4,7,0.0,0.0,0.0,0.0,0.0,0.0,0.0,0.93108857,0.0,0.06891143
4,7,0.0,0.0,0.0,0.0,0.0,0.0,0.0,0.93108857,0.0,0.06891143
4,7,0.0,0.0,0.0,0.0,0.0,0.0,0.0,1.0,0.0,0.0
4,7,0.0,0.0,0.0,0.0,0.0,0.0,0.0,1.0,0.0,0.0
4,7,0.0,0.0,0.0,0.0,0.0,0.0,0.0,1.0,0.0,0.0
4,7,0.0,0.0,0.0,0.0,0.0,0.0,0.0,1.0,0.0,0.0
4,7,0.0,0.0,0.0,0.0,0.0,0.0,0.0,1.0,0.0,0.0
4,7,0.0,0.0,0.0,0.0,0.0,0.0,0.0,1.0,0.0,0.0
4,7,0.0,0.0,0.0,0.0,0.0,0.0,0.0,1.0,0.0,0.0
4,7,0.0,0.0,0.0,0.0,0.0,0.0,0.0,1.0,0.0,0.0
4,7,0.0,0.0,0.0,0.0,0.0,0.0,0.0,1.0,0.0,0.0
4,7,0.0,0.0,0.0,0.0,0.0,0.0,0.0,1.0,0.0,0.0
4,7,0.0,0.0,0.0,0.0,0.0,0.0,0.0,1.0,0.0,0.0
4,7,0.0,0.0,0.0,0.0,0.0,0.0,0.0,1.0,0.0,0.0
4,7,0.0,0.0,0.0,0.0,0.0,0.0,0.0,1.0,0.0,0.0
4,7,0.0,0.0,0.0,0.0,0.0,0.0,0.0,1.0,0.0,0.0
4,7,0.0,0.0,0.0,0.0,0.0,0.0,0.0,1.0,0.0,0.0
4,7,0.0,0.0,0.0,0.0,0.0,0.0,0.0,1.0,0.0,0.0
4,7,0.0,0.0,0.0,0.0,0.0,0.0,0.0,1.0,0.0,0.0
4,7,0.0,0.0,0.0,0.0,0.0,0.0,0.0,1.0,0.0,0.0
4,7,0.0,0.0,0.0,0.0,0.0,0.0,0.0,1.0,0.0,0.0
4,7,0.0,0.0,0.0,0.0,0.0,0.0,0.0,1.0,0.0,0.0
4,7,0.0,0.0,0.0,0.0,0.0,0.0,0.0,1.0,0.0,0.0
4,7,0.0,0.0,0.0,0.0,0.0,0.0,0.0,1.0,0.0,0.0
4,7,0.0,0.0,0.0,0.0,0.0,0.0,0.0,1.0,0.0,0.0
4,7,0.0,0.0,0.0,0.0,0.0,0.0,0.0,1.0,0.0,0.0
4,7,0.0,0.0,0.0,0.0,0.0,0.0,0.0,1.0,0.0,0.0
4,7,0.0,0.0,0.0,0.0,0.0,0.0,0.0,1.0,0.0,0.0
4,7,0.0,0.0,0.0,0.0,0.0,0.0,0.0,1.0,0.0,0.0
4,7,0.0,0.0,0.0,0.0,0.0,0.0,0.0,1.0,0.0,0.0
4,7,0.0,0.0,0.0,0.0,0.0,0.0,0.0,1.0,0.0,0.0
4,7,0.0,0.0,0.0,0.0,0.0,0.0,0.0,1.0,0.0,0.0
4,7,0.0,0.0,0.0,0.0,0.0,0.0,0.0,1.0,0.0,0.0
4,7,0.0,0.0,0.0,0.0,0.0,0.0,0.0,1.0,0.0,0.0
4,7,0.0,0.0,0.0,0.0,0.0,0.0,0.0,1.0,0.0,0.0
4,7,0.0,0.0,0.0,0.0,0.0,0.0,0.0,1.0,0.0,0.0
4,7,0.0,0.0,0.0,0.0,0.0,0.0,0.0,1.0,0.0,0.0
4,7,0.0,0.0,0.0,0.0,0.0,0.0,0.0,1.0,0.0,0.0
4,7,0.0,0.0,0.0,0.0,0.0,0.0,0.0,1.0,0.0,0.0
4,7,0.0,0.0,0.0,0.0,0.0,0.0,0.0,1.0,0.0,0.0
4,7,0.0,0.0,0.0,0.0,0.0,0.0,0.0,1.0,0.0,0.0
4,7,0.0,0.0,0.0,0.0,0.0,0.0,0.0,1.0,0.0,0.0
4,7,0.0,0.0,0.0,0.0,0.0,0.0,0.0,1.0,0.0,0.0
4,7,0.0,0.0,0.0,0.0,0.0,0.0,0.0,1.0,0.0,0.0
4,7,0.0,0.0,0.0,0.0,0.0,0.0,0.0,1.0,0.0,0.0
4,7,0.0,0.0,0.0,0.0,0.0,0.0,0.0,1.0,0.0,0.0
4,7,0.0,0.0,0.0,0.0,0.0,0.0,0.0,1.0,0.0,0.0
4,7,0.0,0.0,0.0,0.0,0.0,0.0,0.0,1.0,0.0,0.0
4,7,0.0,0.0,0.0,0.0,0.0,0.0,0.0,1.0,0.0,0.0
4,7,0.0,0.0,0.0,0.0,0.0,0.0,0.0,1.0,0.0,0.0
4,7,0.0,0.0,0.0,0.0,0.0,0.0,0.0,1.0,0.0,0.0
4,7,0.0,0.0,0.0,0.0,0.0,0.0,0.0,1.0,0.0,0.0
4,7,0.0,0.0,0.0,0.0,0.0,0.0,0.0,1.0,0.0,0.0
4,7,0.0,0.0,0.0,0.0,0.0,0.0,0.0,1.0,0.0,0.0
4,7,0.0,0.0,0.0,0.0,0.0,0.0,0.0,1.0,0.0,0.0
4,7,0.0,0.0,0.0,0.0,0.0,0.0,0.0,1.0,0.0,0.0
4,7,0.0,0.0,0.0,0.0,0.0,0.0,0.0,1.0,0.0,0.0
4,7,0.0,0.0,0.0,0.0,0.0,0.0,0.0,1.0,0.0,0.0
4,7,0.0,0.0,0.0,0.0,0.0,0.0,0.0,1.0,0.0,0.0
4,7,0.0,0.0,0.0,0.0,0.0,0.0,0.0,1.0,0.0,0.0
4,7,0.0,0.0,0.0,0.0,0.0,0.0,0.0,1.0,0.0,0.0
4,7,0.0,0.0,0.0,0.0,0.0,0.0,0.0,1.0,0.0,0.0
4,7,0.0,0.0,0.0,0.0,0.0,0.0,0.0,1.0,0.0,0.0
4,7,0.0,0.0,0.0,0.0,0.0,0.0,0.0,1.0,0.0,0.0
4,7,0.0,0.0,0.0,0.0,0.0,0.0,0.0,1.0,0.0,0.0
4,7,0.0,0.0,0.0,0.0,0.0,0.0,0.0,1.0,0.0,0.0
4,7,0.0,0.0,0.0,0.0,0.0,0.0,0.0,1.0,0.0,0.0
4,7,0.0,0.0,0.0,0.0,0.0,0.0,0.0,1.0,0.0,0.0
4,7,0.0,0.0,0.0,0.0,0.0,0.0,0.0,1.0,0.0,0.0
4,7,0.0,0.0,0.0,0.0,0.0,0.0,0.0,1.0,0.0,0.0
4,7,0.0,0.0,0.0,0.0,0.0,0.0,0.0,1.0,0.0,0.0
4,7,0.0,0.0,0.0,0.0,0.0,0.0,0.0,1.0,0.0,0.0
4,7,0.0,0.0,0.0,0.0,0.0,0.0,0.0,1.0,0.0,0.0
4,7,0.0,0.0,0.0,0.0,0.0,0.0,0.0,1.0,0.0,0.0
4,7,0.0,0.0,0.0,0.0,0.0,0.0,0.0,1.0,0.0,0.0
4,7,0.0,0.0,0.0,0.0,0.0,0.0,0.0,1.0,0.0,0.0
4,7,0.0,0.0,0.0,0.0,0.0,0.0,0.0,1.0,0.0,0.0
4,7,0.0,0.0,0.0,0.0,0.0,0.0,0.0,1.0,0.0,0.0
4,7,0.0,0.0,0.0,0.0,0.0,0.0,0.0,1.0,0.0,0.0
4,7,0.0,0.0,0.0,0.0,0.0,0.0,0.0,1.0,0.0,0.0
4,7,0.0,0.0,0.0,0.0,0.0,0.0,0.0,1.0,0.0,0.0
4,7,0.0,0.0,0.0,0.0,0.0,0.0,0.0,1.0,0.0,0.0
4,7,0.0,0.0,0.0,0.0,0.0,0.0,0.0,1.0,0.0,0.0
4,7,0.0,0.0,0.0,0.0,0.0,0.0,0.0,1.0,0.0,0.0
4,7,0.0,0.0,0.0,0.0,0.0,0.0,0.0,1.0,0.0,0.0
4,7,0.0,0.0,0.0,0.0,0.0,0.0,0.0,1.0,0.0,0.0
4,7,0.0,0.0,0.0,0.0,0.0,0.0,0.0,1.0,0.0,0.0
4,7,0.0,0.0,0.0,0.0,0.0,0.0,0.0,1.0,0.0,0.0
4,7,0.0,0.0,0.0,0.0,0.0,0.0,0.0,1.0,0.0,0.0
4,7,0.0,0.0,0.0,0.0,0.0,0.0,0.0,1.0,0.0,0.0
4,7,0.0,0.0,0.0,0.0,0.0,0.0,0.0,1.0,0.0,0.0
4,7,0.0,0.0,0.0,0.0,0.0,0.0,0.0,1.0,0.0,0.0
4,7,0.0,0.0,0.0,0.0,0.0,0.0,0.0,1.0,0.0,0.0
4,7,0.0,0.0,0.0,0.0,0.0,0.0,0.0,1.0,0.0,0.0
4,7,0.0,0.0,0.0,0.0,0.0,0.0,0.0,1.0,0.0,0.0
4,7,0.0,0.0,0.0,0.0,0.0,0.0,0.0,1.0,0.0,0.0
4,7,0.0,0.0,0.0,0.0,0.0,0.0,0.0,1.0,0.0,0.0
4,7,0.0,0.0,0.0,0.0,0.0,0.0,0.0,1.0,0.0,0.0
4,7,0.0,0.0,0.0,0.0,0.0,0.0,0.0,1.0,0.0,0.0
4,7,0.0,0.0,0.0,0.0,0.0,0.0,0.0,1.0,0.0,0.0
4,7,0.0,0.0,0.0,0.0,0.0,0.0,0.0,1.0,0.0,0.0
4,7,0.0,0.0,0.0,0.0,0.0,0.0,0.0,1.0,0.0,0.0
4,7,0.0,0.0,0.0,0.0,0.0,0.0,0.0,1.0,0.0,0.0
4,7,0.0,0.0,0.0,0.0,0.0,0.0,0.0,1.0,0.0,0.0
4,7,0.0,0.0,0.0,0.0,0.0,0.0,0.0,1.0,0.0,0.0
4,7,0.0,0.0,0.0,0.0,0.0,0.0,0.0,1.0,0.0,0.0
4,7,0.0,0.0,0.0,0.0,0.0,0.0,0.0,1.0,0.0,0.0
4,7,0.0,0.0,0.0,0.0,0.0,0.0,0.0,1.0,0.0,0.0
4,7,0.0,0.0,0.0,0.0,0.0,0.0,0.0,1.0,0.0,0.0
4,7,0.0,0.0,0.0,0.0,0.0,0.0,0.0,1.0,0.0,0.0
4,7,0.0,0.0,0.0,0.0,0.0,0.0,0.0,1.0,0.0,0.0
4,7,0.0,0.0,0.0,0.0,0.0,0.0,0.0,1.0,0.0,0.0
4,7,0.0,0.0,0.0,0.0,0.0,0.0,0.0,1.0,0.0,0.0
4,7,0.0,0.0,0.0,0.0,0.0,0.0,0.0,1.0,0.0,0.0
4,7,0.0,0.0,0.0,0.0,0.0,0.0,0.0,1.0,0.0,0.0
4,7,0.0,0.0,0.0,0.0,0.0,0.0,0.0,1.0,0.0,0.0
4,7,0.0,0.0,0.0,0.0,0.0,0.0,0.0,1.0,0.0,0.0
4,7,0.0,0.0,0.0,0.0,0.0,0.0,0.0,1.0,0.0,0.0
4,7,0.0,0.0,0.0,0.0,0.0,0.0,0.0,1.0,0.0,0.0
4,7,0.0,0.0,0.0,0.0,0.0,0.0,0.0,1.0,0.0,0.0
4,7,0.0,0.0,0.0,0.0,0.0,0.0,0.0,1.0,0.0,0.0
4,7,0.0,0.0,0.0,0.0,0.0,0.0,0.0,1.0,0.0,0.0
4,7,0.0,0.0,0.0,0.0,0.0,0.0,0.0,1.0,0.0,0.0
4,7,0.0,0.0,0.0,0.0,0.0,0.0,0.0,1.0,0.0,0.0
4,7,0.0,0.0,0.0,0.0,0.0,0.0,0.0,1.0,0.0,0.0
4,7,0.0,0.0,0.0,0.0,0.0,0.0,0.0,1.0,0.0,0.0
4,7,0.0,0.0,0.0,0.0,0.0,0.0,0.0,1.0,0.0,0.0
4,7,0.0,0.0,0.0,0.0,0.0,0.0,0.0,1.0,0.0,0.0
4,7,0.0,0.0,0.0,0.0,0.0,0.0,0.0,1.0,0.0,0.0
4,7,0.0,0.0,0.0,0.0,0.0,0.0,0.0,1.0,0.0,0.0
4,7,0.0,0.0,0.0,0.0,0.0,0.0,0.0,1.0,0.0,0.0
4,7,0.0,0.0,0.0,0.0,0.0,0.0,0.0,1.0,0.0,0.0
4,7,0.0,0.0,0.0,0.0,0.0,0.0,0.0,1.0,0.0,0.0
4,7,0.0,0.0,0.0,0.0,0.0,0.0,0.0,1.0,0.0,0.0
4,7,0.0,0.0,0.0,0.0,0.0,0.0,0.0,1.0,0.0,0.0
4,7,0.0,0.0,0.0,0.0,0.0,0.0,0.0,1.0,0.0,0.0
4,7,0.0,0.0,0.0,0.0,0.0,0.0,0.0,1.0,0.0,0.0
4,7,0.0,0.0,0.0,0.0,0.0,0.0,0.0,1.0,0.0,0.0
4,7,0.0,0.0,0.0,0.0,0.0,0.0,0.0,1.0,0.0,0.0
4,7,0.0,0.0,0.0,0.0,0.0,0.0,0.0,1.0,0.0,0.0
4,7,0.0,0.0,0.0,0.0,0.0,0.0,0.0,1.0,0.0,0.0
4,7,0.0,0.0,0.0,0.0,0.0,0.0,0.0,1.0,0.0,0.0
4,7,0.0,0.0,0.0,0.0,0.0,0.0,0.0,1.0,0.0,0.0
4,7,0.0,0.0,0.0,0.0,0.0,0.0,0.0,1.0,0.0,0.0
4,7,0.0,0.0,0.0,0.0,0.0,0.0,0.0,1.0,0.0,0.0
4,7,0.0,0.0,0.0,0.0,0.0,0.0,0.0,1.0,0.0,0.0
4,7,0.0,0.0,0.0,0.0,0.0,0.0,0.0,1.0,0.0,0.0
4,7,0.0,0.0,0.0,0.0,0.0,0.0,0.0,1.0,0.0,0.0
4,7,0.0,0.0,0.0,0.0,0.0,0.0,0.0,1.0,0.0,0.0
4,7,0.0,0.0,0.0,0.0,0.0,0.0,0.0,1.0,0.0,0.0
4,7,0.0,0.0,0.0,0.0,0.0,0.0,0.0,1.0,0.0,0.0
4,7,0.0,0.0,0.0,0.0,0.0,0.0,0.0,1.0,0.0,0.0
4,7,0.0,0.0,0.0,0.0,0.0,0.0,0.0,1.0,0.0,0.0
4,7,0.0,0.0,0.0,0.0,0.0,0.0,0.0,1.0,0.0,0.0
4,7,0.0,0.0,0.0,0.0,0.0,0.0,0.0,1.0,0.0,0.0
4,7,0.0,0.0,0.0,0.0,0.0,0.0,0.0,1.0,0.0,0.0
4,7,0.0,0.0,0.0,0.0,0.0,0.0,0.0,1.0,0.0,0.0
4,7,0.0,0.0,0.0,0.0,0.0,0.0,0.0,1.0,0.0,0.0
4,7,0.0,0.0,0.0,0.0,0.0,0.0,0.0,1.0,0.0,0.0
4,7,0.0,0.0,0.0,0.0,0.0,0.0,0.0,1.0,0.0,0.0
4,7,0.0,0.0,0.0,0.0,0.0,0.0,0.0,1.0,0.0,0.0
4,7,0.0,0.0,0.0,0.0,0.0,0.0,0.0,1.0,0.0,0.0
4,7,0.0,0.0,0.0,0.0,0.0,0.0,0.0,1.0,0.0,0.0
4,7,0.0,0.0,0.0,0.0,0.0,0.0,0.0,1.0,0.0,0.0
4,7,0.0,0.0,0.0,0.0,0.0,0.0,0.0,1.0,0.0,0.0
4,7,0.0,0.0,0.0,0.0,0.0,0.0,0.0,1.0,0.0,0.0
4,7,0.0,0.0,0.0,0.0,0.0,0.0,0.0,1.0,0.0,0.0
4,7,0.0,0.0,0.0,0.0,0.0,0.0,0.0,1.0,0.0,0.0
4,7,0.0,0.0,0.0,0.0,0.0,0.0,0.0,1.0,0.0,0.0
4,7,0.0,0.0,0.0,0.0,0.0,0.0,0.0,1.0,0.0,0.0
4,7,0.0,0.0,0.0,0.0,0.0,0.0,0.0,1.0,0.0,0.0
4,7,0.0,0.0,0.0,0.0,0.0,0.0,0.0,1.0,0.0,0.0
4,7,0.0,0.0,0.0,0.0,0.0,0.0,0.0,1.0,0.0,0.0
4,7,0.0,0.0,0.0,0.0,0.0,0.0,0.0,1.0,0.0,0.0
4,7,0.0,0.0,0.0,0.0,0.0,0.0,0.0,1.0,0.0,0.0
4,7,0.0,0.0,0.0,0.0,0.0,0.0,0.0,1.0,0.0,0.0
4,7,0.0,0.0,0.0,0.0,0.0,0.0,0.0,1.0,0.0,0.0
4,7,0.0,0.0,0.0,0.0,0.0,0.0,0.0,1.0,0.0,0.0
4,7,0.0,0.0,0.0,0.0,0.0,0.0,0.0,1.0,0.0,0.0
4,7,0.0,0.0,0.0,0.0,0.0,0.0,0.0,1.0,0.0,0.0
4,7,0.0,0.0,0.0,0.0,0.0,0.0,0.0,1.0,0.0,0.0
4,7,0.0,0.0,0.0,0.0,0.0,0.0,0.0,1.0,0.0,0.0
4,7,0.0,0.0,0.0,0.0,0.0,0.0,0.0,1.0,0.0,0.0
4,7,0.0,0.0,0.0,0.0,0.0,0.0,0.0,1.0,0.0,0.0
4,7,0.0,0.0,0.0,0.0,0.0,0.0,0.0,1.0,0.0,0.0
4,7,0.0,0.0,0.0,0.0,0.0,0.0,0.0,1.0,0.0,0.0
4,7,0.0,0.0,0.0,0.0,0.0,0.0,0.0,1.0,0.0,0.0
4,7,0.0,0.0,0.0,0.0,0.0,0.0,0.0,1.0,0.0,0.0
4,7,0.0,0.0,0.0,0.0,0.0,0.0,0.0,1.0,0.0,0.0
4,7,0.0,0.0,0.0,0.0,0.0,0.0,0.0,1.0,0.0,0.0
4,7,0.0,0.0,0.0,0.0,0.0,0.0,0.0,1.0,0.0,0.0
4,7,0.0,0.0,0.0,0.0,0.0,0.0,0.0,1.0,0.0,0.0
4,7,0.0,0.0,0.0,0.0,0.0,0.0,0.0,1.0,0.0,0.0
4,7,0.0,0.0,0.0,0.0,0.0,0.0,0.0,1.0,0.0,0.0
4,7,0.0,0.0,0.0,0.0,0.0,0.0,0.0,1.0,0.0,0.0
4,7,0.0,0.0,0.0,0.0,0.0,0.0,0.0,1.0,0.0,0.0
4,7,0.0,0.0,0.0,0.0,0.0,0.0,0.0,1.0,0.0,0.0
4,7,0.0,0.0,0.0,0.0,0.0,0.0,0.0,1.0,0.0,0.0
4,7,0.0,0.0,0.0,0.0,0.0,0.0,0.0,1.0,0.0,0.0
4,7,0.0,0.0,0.0,0.0,0.0,0.0,0.0,1.0,0.0,0.0
4,7,0.0,0.0,0.0,0.0,0.0,0.0,0.0,1.0,0.0,0.0
4,7,0.0,0.0,0.0,0.0,0.0,0.0,0.0,1.0,0.0,0.0
4,7,0.0,0.0,0.0,0.0,0.0,0.0,0.0,1.0,0.0,0.0
4,7,0.0,0.0,0.0,0.0,0.0,0.0,0.0,1.0,0.0,0.0
4,7,0.0,0.0,0.0,0.0,0.0,0.0,0.0,1.0,0.0,0.0
4,7,0.0,0.0,0.0,0.0,0.0,0.0,0.0,1.0,0.0,0.0
4,7,0.0,0.0,0.0,0.0,0.0,0.0,0.0,1.0,0.0,0.0
4,7,0.0,0.0,0.0,0.0,0.0,0.0,0.0,1.0,0.0,0.0
4,7,0.0,0.0,0.0,0.0,0.0,0.0,0.0,1.0,0.0,0.0
4,7,0.0,0.0,0.0,0.0,0.0,0.0,0.0,1.0,0.0,0.0
4,7,0.0,0.0,0.0,0.0,0.0,0.0,0.0,1.0,0.0,0.0
4,7,0.0,0.0,0.0,0.0,0.0,0.0,0.0,1.0,0.0,0.0
4,7,0.0,0.0,0.0,0.0,0.0,0.0,0.0,1.0,0.0,0.0
4,7,0.0,0.0,0.0,0.0,0.0,0.0,0.0,1.0,0.0,0.0
4,7,0.0,0.0,0.0,0.0,0.0,0.0,0.0,1.0,0.0,0.0
4,7,0.0,0.0,0.0,0.0,0.0,0.0,0.0,1.0,0.0,0.0
4,7,0.0,0.0,0.0,0.0,0.0,0.0,0.0,1.0,0.0,0.0
4,7,0.0,0.0,0.0,0.0,0.0,0.0,0.0,1.0,0.0,0.0
4,7,0.0,0.0,0.0,0.0,0.0,0.0,0.0,1.0,0.0,0.0
4,7,0.0,0.0,0.0,0.0,0.0,0.0,0.0,1.0,0.0,0.0
4,7,0.0,0.0,0.0,0.0,0.0,0.0,0.0,1.0,0.0,0.0
4,7,0.0,0.0,0.0,0.0,0.0,0.0,0.0,1.0,0.0,0.0
4,7,0.0,0.0,0.0,0.0,0.0,0.0,0.0,1.0,0.0,0.0
4,7,0.0,0.0,0.0,0.0,0.0,0.0,0.0,1.0,0.0,0.0
4,7,0.0,0.0,0.0,0.0,0.0,0.0,0.0,1.0,0.0,0.0
4,7,0.0,0.0,0.0,0.0,0.0,0.0,0.0,1.0,0.0,0.0
4,7,0.0,0.0,0.0,0.0,0.0,0.0,0.0,1.0,0.0,0.0
4,7,0.0,0.0,0.0,0.0,0.0,0.0,0.0,1.0,0.0,0.0
4,7,0.0,0.0,0.0,0.0,0.0,0.0,0.0,1.0,0.0,0.0
4,7,0.0,0.0,0.0,0.0,0.0,0.0,0.0,1.0,0.0,0.0
4,7,0.0,0.0,0.0,0.0,0.0,0.0,0.0,1.0,0.0,0.0
4,7,0.0,0.0,0.0,0.0,0.0,0.0,0.0,1.0,0.0,0.0
4,7,0.0,0.0,0.0,0.0,0.0,0.0,0.0,1.0,0.0,0.0
4,7,0.0,0.0,0.0,0.0,0.0,0.0,0.0,1.0,0.0,0.0
4,7,0.0,0.0,0.0,0.0,0.0,0.0,0.0,1.0,0.0,0.0
4,7,0.0,0.0,0.0,0.0,0.0,0.0,0.0,1.0,0.0,0.0
4,7,0.0,0.0,0.0,0.0,0.0,0.0,0.0,1.0,0.0,0.0
4,7,0.0,0.0,0.0,0.0,0.0,0.0,0.0,1.0,0.0,0.0
4,7,0.0,0.0,0.0,0.0,0.0,0.0,0.0,1.0,0.0,0.0
4,7,0.0,0.0,0.0,0.0,0.0,0.0,0.0,1.0,0.0,0.0
4,7,0.0,0.0,0.0,0.0,0.0,0.0,0.0,1.0,0.0,0.0
4,7,0.0,0.0,0.0,0.0,0.0,0.0,0.0,1.0,0.0,0.0
4,7,0.0,0.0,0.0,0.0,0.0,0.0,0.0,1.0,0.0,0.0
4,7,0.0,0.0,0.0,0.0,0.0,0.0,0.0,1.0,0.0,0.0
4,7,0.0,0.0,0.0,0.0,0.0,0.0,0.0,1.0,0.0,0.0
4,7,0.0,0.0,0.0,0.0,0.0,0.0,0.0,1.0,0.0,0.0
4,7,0.0,0.0,0.0,0.0,0.0,0.0,0.0,1.0,0.0,0.0
4,7,0.0,0.0,0.0,0.0,0.0,0.0,0.0,1.0,0.0,0.0
4,7,0.0,0.0,0.0,0.0,0.0,0.0,0.0,1.0,0.0,0.0
4,7,0.0,0.0,0.0,0.0,0.0,0.0,0.0,1.0,0.0,0.0
4,7,0.0,0.0,0.0,0.0,0.0,0.0,0.0,1.0,0.0,0.0
4,7,0.0,0.0,0.0,0.0,0.0,0.0,0.0,1.0,0.0,0.0
4,7,0.0,0.0,0.0,0.0,0.0,0.0,0.0,1.0,0.0,0.0
4,7,0.0,0.0,0.0,0.0,0.0,0.0,0.0,1.0,0.0,0.0
4,7,0.0,0.0,0.0,0.0,0.0,0.0,0.0,1.0,0.0,0.0
4,7,0.0,0.0,0.0,0.0,0.0,0.0,0.0,1.0,0.0,0.0
4,7,0.0,0.0,0.0,0.0,0.0,0.0,0.0,1.0,0.0,0.0
4,7,0.0,0.0,0.0,0.0,0.0,0.0,0.0,1.0,0.0,0.0
4,7,0.0,0.0,0.0,0.0,0.0,0.0,0.0,1.0,0.0,0.0
4,7,0.0,0.0,0.0,0.0,0.0,0.0,0.0,1.0,0.0,0.0
4,7,0.0,0.0,0.0,0.0,0.0,0.0,0.0,1.0,0.0,0.0
4,7,0.0,0.0,0.0,0.0,0.0,0.0,0.0,1.0,0.0,0.0
4,7,0.0,0.0,0.0,0.0,0.0,0.0,0.0,1.0,0.0,0.0
4,7,0.0,0.0,0.0,0.0,0.0,0.0,0.0,1.0,0.0,0.0
4,7,0.0,0.0,0.0,0.0,0.0,0.0,0.0,1.0,0.0,0.0
4,7,0.0,0.0,0.0,0.0,0.0,0.0,0.0,1.0,0.0,0.0
4,7,0.0,0.0,0.0,0.0,0.0,0.0,0.0,1.0,0.0,0.0
4,7,0.0,0.0,0.0,0.0,0.0,0.0,0.0,1.0,0.0,0.0
4,7,0.0,0.0,0.0,0.0,0.0,0.0,0.0,1.0,0.0,0.0
4,7,0.0,0.0,0.0,0.0,0.0,0.0,0.0,1.0,0.0,0.0
4,7,0.0,0.0,0.0,0.0,0.0,0.0,0.0,1.0,0.0,0.0
4,7,0.0,0.0,0.0,0.0,0.0,0.0,0.0,1.0,0.0,0.0
4,7,0.0,0.0,0.0,0.0,0.0,0.0,0.0,1.0,0.0,0.0
4,7,0.0,0.0,0.0,0.0,0.0,0.0,0.0,1.0,0.0,0.0
4,7,0.0,0.0,0.0,0.0,0.0,0.0,0.0,1.0,0.0,0.0
4,7,0.0,0.0,0.0,0.0,0.0,0.0,0.0,1.0,0.0,0.0
4,7,0.0,0.0,0.0,0.0,0.0,0.0,0.0,1.0,0.0,0.0
4,7,0.0,0.0,0.0,0.0,0.0,0.0,0.0,1.0,0.0,0.0
4,7,0.0,0.0,0.0,0.0,0.0,0.0,0.0,1.0,0.0,0.0
4,7,0.0,0.0,0.0,0.0,0.0,0.0,0.0,1.0,0.0,0.0
4,7,0.0,0.0,0.0,0.0,0.0,0.0,0.0,1.0,0.0,0.0
4,7,0.0,0.0,0.0,0.0,0.0,0.0,0.0,1.0,0.0,0.0
4,7,0.0,0.0,0.0,0.0,0.0,0.0,0.0,1.0,0.0,0.0
4,7,0.0,0.0,0.0,0.0,0.0,0.0,0.0,1.0,0.0,0.0
4,7,0.0,0.0,0.0,0.0,0.0,0.0,0.0,1.0,0.0,0.0
4,7,0.0,0.0,0.0,0.0,0.0,0.0,0.0,1.0,0.0,0.0
4,7,0.0,0.0,0.0,0.0,0.0,0.0,0.0,1.0,0.0,0.0
4,7,0.0,0.0,0.0,0.0,0.0,0.0,0.0,1.0,0.0,0.0
4,7,0.0,0.0,0.0,0.0,0.0,0.0,0.0,1.0,0.0,0.0
4,7,0.0,0.0,0.0,0.0,0.0,0.0,0.0,1.0,0.0,0.0
4,7,0.0,0.0,0.0,0.0,0.0,0.0,0.0,1.0,0.0,0.0
4,7,0.0,0.0,0.0,0.0,0.0,0.0,0.0,1.0,0.0,0.0
4,7,0.0,0.0,0.0,0.0,0.0,0.0,0.0,1.0,0.0,0.0
4,7,0.0,0.0,0.0,0.0,0.0,0.0,0.0,1.0,0.0,0.0
4,7,0.0,0.0,0.0,0.0,0.0,0.0,0.0,1.0,0.0,0.0
4,7,0.0,0.0,0.0,0.0,0.0,0.0,0.0,1.0,0.0,0.0
4,7,0.0,0.0,0.0,0.0,0.0,0.0,0.0,1.0,0.0,0.0
4,7,0.0,0.0,0.0,0.0,0.0,0.0,0.0,1.0,0.0,0.0
4,7,0.0,0.0,0.0,0.0,0.0,0.0,0.0,1.0,0.0,0.0
4,7,0.0,0.0,0.0,0.0,0.0,0.0,0.0,1.0,0.0,0.0
4,7,0.0,0.0,0.0,0.0,0.0,0.0,0.0,1.0,0.0,0.0
4,7,0.0,0.0,0.0,0.0,0.0,0.0,0.0,1.0,0.0,0.0
4,7,0.0,0.0,0.0,0.0,0.0,0.0,0.0,1.0,0.0,0.0
4,7,0.0,0.0,0.0,0.0,0.0,0.0,0.0,1.0,0.0,0.0
4,7,0.0,0.0,0.0,0.0,0.0,0.0,0.0,1.0,0.0,0.0
4,7,0.0,0.0,0.0,0.0,0.0,0.0,0.0,1.0,0.0,0.0
4,7,0.0,0.0,0.0,0.0,0.0,0.0,0.0,1.0,0.0,0.0
4,7,0.0,0.0,0.0,0.0,0.0,0.0,0.0,1.0,0.0,0.0
4,7,0.0,0.0,0.0,0.0,0.0,0.0,0.0,1.0,0.0,0.0
4,7,0.0,0.0,0.0,0.0,0.0,0.0,0.0,1.0,0.0,0.0
4,7,0.0,0.0,0.0,0.0,0.0,0.0,0.0,1.0,0.0,0.0
4,7,0.0,0.0,0.0,0.0,0.0,0.0,0.0,1.0,0.0,0.0
4,7,0.0,0.0,0.0,0.0,0.0,0.0,0.0,1.0,0.0,0.0
4,7,0.0,0.0,0.0,0.0,0.0,0.0,0.0,1.0,0.0,0.0
4,7,0.0,0.0,0.0,0.0,0.0,0.0,0.0,1.0,0.0,0.0
4,7,0.0,0.0,0.0,0.0,0.0,0.0,0.0,1.0,0.0,0.0
4,7,0.0,0.0,0.0,0.0,0.0,0.0,0.0,1.0,0.0,0.0
4,7,0.0,0.0,0.0,0.0,0.0,0.0,0.0,1.0,0.0,0.0
4,7,0.0,0.0,0.0,0.0,0.0,0.0,0.0,1.0,0.0,0.0
4,7,0.0,0.0,0.0,0.0,0.0,0.0,0.0,1.0,0.0,0.0
4,7,0.0,0.0,0.0,0.0,0.0,0.0,0.0,1.0,0.0,0.0
4,7,0.0,0.0,0.0,0.0,0.0,0.0,0.0,1.0,0.0,0.0
4,7,0.0,0.0,0.0,0.0,0.0,0.0,0.0,1.0,0.0,0.0
4,7,0.0,0.0,0.0,0.0,0.0,0.0,0.0,1.0,0.0,0.0
4,7,0.0,0.0,0.0,0.0,0.0,0.0,0.0,1.0,0.0,0.0
4,7,0.0,0.0,0.0,0.0,0.0,0.0,0.0,1.0,0.0,0.0
4,7,0.0,0.0,0.0,0.0,0.0,0.0,0.0,1.0,0.0,0.0
4,7,0.0,0.0,0.0,0.0,0.0,0.0,0.0,1.0,0.0,0.0
4,7,0.0,0.0,0.0,0.0,0.0,0.0,0.0,1.0,0.0,0.0
4,7,0.0,0.0,0.0,0.0,0.0,0.0,0.0,1.0,0.0,0.0
4,7,0.0,0.0,0.0,0.0,0.0,0.0,0.0,1.0,0.0,0.0
4,7,0.0,0.0,0.0,0.0,0.0,0.0,0.0,1.0,0.0,0.0
4,7,0.0,0.0,0.0,0.0,0.0,0.0,0.0,1.0,0.0,0.0
4,7,0.0,0.0,0.0,0.0,0.0,0.0,0.0,1.0,0.0,0.0
4,7,0.0,0.0,0.0,0.0,0.0,0.0,0.0,1.0,0.0,0.0
4,7,0.0,0.0,0.0,0.0,0.0,0.0,0.0,1.0,0.0,0.0
4,7,0.0,0.0,0.0,0.0,0.0,0.0,0.0,1.0,0.0,0.0
4,7,0.0,0.0,0.0,0.0,0.0,0.0,0.0,1.0,0.0,0.0
4,7,0.0,0.0,0.0,0.0,0.0,0.0,0.0,1.0,0.0,0.0
4,7,0.0,0.0,0.0,0.0,0.0,0.0,0.0,1.0,0.0,0.0
4,7,0.0,0.0,0.0,0.0,0.0,0.0,0.0,1.0,0.0,0.0
4,7,0.0,0.0,0.0,0.0,0.0,0.0,0.0,1.0,0.0,0.0
4,7,0.0,0.0,0.0,0.0,0.0,0.0,0.0,1.0,0.0,0.0
4,7,0.0,0.0,0.0,0.0,0.0,0.0,0.0,1.0,0.0,0.0
4,7,0.0,0.0,0.0,0.0,0.0,0.0,0.0,1.0,0.0,0.0
4,7,0.0,0.0,0.0,0.0,0.0,0.0,0.0,1.0,0.0,0.0
4,7,0.0,0.0,0.0,0.0,0.0,0.0,0.0,1.0,0.0,0.0
4,7,0.0,0.0,0.0,0.0,0.0,0.0,0.0,1.0,0.0,0.0
4,7,0.0,0.0,0.0,0.0,0.0,0.0,0.0,1.0,0.0,0.0
4,7,0.0,0.0,0.0,0.0,0.0,0.0,0.0,1.0,0.0,0.0
4,7,0.0,0.0,0.0,0.0,0.0,0.0,0.0,1.0,0.0,0.0
4,7,0.0,0.0,0.0,0.0,0.0,0.0,0.0,1.0,0.0,0.0
4,7,0.0,0.0,0.0,0.0,0.0,0.0,0.0,1.0,0.0,0.0
4,7,0.0,0.0,0.0,0.0,0.0,0.0,0.0,1.0,0.0,0.0
4,7,0.0,0.0,0.0,0.0,0.0,0.0,0.0,1.0,0.0,0.0
4,7,0.0,0.0,0.0,0.0,0.0,0.0,0.0,1.0,0.0,0.0
4,7,0.0,0.0,0.0,0.0,0.0,0.0,0.0,1.0,0.0,0.0
4,7,0.0,0.0,0.0,0.0,0.0,0.0,0.0,1.0,0.0,0.0
4,7,0.0,0.0,0.0,0.0,0.0,0.0,0.0,1.0,0.0,0.0
4,7,0.0,0.0,0.0,0.0,0.0,0.0,0.0,1.0,0.0,0.0
4,7,0.0,0.0,0.0,0.0,0.0,0.0,0.0,1.0,0.0,0.0
4,7,0.0,0.0,0.0,0.0,0.0,0.0,0.0,1.0,0.0,0.0
4,7,0.0,0.0,0.0,0.0,0.0,0.0,0.0,1.0,0.0,0.0
4,7,0.0,0.0,0.0,0.0,0.0,0.0,0.0,1.0,0.0,0.0
4,7,0.0,0.0,0.0,0.0,0.0,0.0,0.0,1.0,0.0,0.0
4,7,0.0,0.0,0.0,0.0,0.0,0.0,0.0,1.0,0.0,0.0
4,7,0.0,0.0,0.0,0.0,0.0,0.0,0.0,1.0,0.0,0.0
4,7,0.0,0.0,0.0,0.0,0.0,0.0,0.0,1.0,0.0,0.0
4,7,0.0,0.0,0.0,0.0,0.0,0.0,0.0,1.0,0.0,0.0
4,7,0.0,0.0,0.0,0.0,0.0,0.0,0.0,1.0,0.0,0.0
4,7,0.0,0.0,0.0,0.0,0.0,0.0,0.0,1.0,0.0,0.0
4,7,0.0,0.0,0.0,0.0,0.0,0.0,0.0,1.0,0.0,0.0
4,7,0.0,0.0,0.0,0.0,0.0,0.0,0.0,1.0,0.0,0.0
4,7,0.0,0.0,0.0,0.0,0.0,0.0,0.0,1.0,0.0,0.0
4,7,0.0,0.0,0.0,0.0,0.0,0.0,0.0,1.0,0.0,0.0
4,7,0.0,0.0,0.0,0.0,0.0,0.0,0.0,1.0,0.0,0.0
4,7,0.0,0.0,0.0,0.0,0.0,0.0,0.0,1.0,0.0,0.0
4,7,0.0,0.0,0.0,0.0,0.0,0.0,0.0,1.0,0.0,0.0
4,7,0.0,0.0,0.0,0.0,0.0,0.0,0.0,1.0,0.0,0.0
4,7,0.0,0.0,0.0,0.0,0.0,0.0,0.0,1.0,0.0,0.0
4,7,0.0,0.0,0.0,0.0,0.0,0.0,0.0,1.0,0.0,0.0
4,7,0.0,0.0,0.0,0.0,0.0,0.0,0.0,1.0,0.0,0.0
4,7,0.0,0.0,0.0,0.0,0.0,0.0,0.0,1.0,0.0,0.0
4,7,0.0,0.0,0.0,0.0,0.0,0.0,0.0,1.0,0.0,0.0
4,7,0.0,0.0,0.0,0.0,0.0,0.0,0.0,1.0,0.0,0.0
4,7,0.0,0.0,0.0,0.0,0.0,0.0,0.0,1.0,0.0,0.0
4,7,0.0,0.0,0.0,0.0,0.0,0.0,0.0,1.0,0.0,0.0
4,7,0.0,0.0,0.0,0.0,0.0,0.0,0.0,1.0,0.0,0.0
4,7,0.0,0.0,0.0,0.0,0.0,0.0,0.0,1.0,0.0,0.0
4,7,0.0,0.0,0.0,0.0,0.0,0.0,0.0,1.0,0.0,0.0
4,7,0.0,0.0,0.0,0.0,0.0,0.0,0.0,1.0,0.0,0.0
4,7,0.0,0.0,0.0,0.0,0.0,0.0,0.0,1.0,0.0,0.0
4,7,0.0,0.0,0.0,0.0,0.0,0.0,0.0,1.0,0.0,0.0
4,7,0.0,0.0,0.0,0.0,0.0,0.0,0.0,1.0,0.0,0.0
4,7,0.0,0.0,0.0,0.0,0.0,0.0,0.0,1.0,0.0,0.0
4,7,0.0,0.0,0.0,0.0,0.0,0.0,0.0,1.0,0.0,0.0
4,7,0.0,0.0,0.0,0.0,0.0,0.0,0.0,1.0,0.0,0.0
4,7,0.0,0.0,0.0,0.0,0.0,0.0,0.0,1.0,0.0,0.0
4,7,0.0,0.0,0.0,0.0,0.0,0.0,0.0,1.0,0.0,0.0
4,7,0.0,0.0,0.0,0.0,0.0,0.0,0.0,1.0,0.0,0.0
4,7,0.0,0.0,0.0,0.0,0.0,0.0,0.0,1.0,0.0,0.0
4,7,0.0,0.0,0.0,0.0,0.0,0.0,0.0,1.0,0.0,0.0
4,7,0.0,0.0,0.0,0.0,0.0,0.0,0.0,1.0,0.0,0.0
4,7,0.0,0.0,0.0,0.0,0.0,0.0,0.0,1.0,0.0,0.0
4,7,0.0,0.0,0.0,0.0,0.0,0.0,0.0,1.0,0.0,0.0
4,7,0.0,0.0,0.0,0.0,0.0,0.0,0.0,1.0,0.0,0.0
4,7,0.0,0.0,0.0,0.0,0.0,0.0,0.0,1.0,0.0,0.0
4,7,0.0,0.0,0.0,0.0,0.0,0.0,0.0,1.0,0.0,0.0
4,7,0.0,0.0,0.0,0.0,0.0,0.0,0.0,1.0,0.0,0.0
4,7,0.0,0.0,0.0,0.0,0.0,0.0,0.0,1.0,0.0,0.0
4,7,0.0,0.0,0.0,0.0,0.0,0.0,0.0,1.0,0.0,0.0
4,7,0.0,0.0,0.0,0.0,0.0,0.0,0.0,1.0,0.0,0.0
4,7,0.0,0.0,0.0,0.0,0.0,0.0,0.0,1.0,0.0,0.0
4,7,0.0,0.0,0.0,0.0,0.0,0.0,0.0,1.0,0.0,0.0
4,7,0.0,0.0,0.0,0.0,0.0,0.0,0.0,1.0,0.0,0.0
4,7,0.0,0.0,0.0,0.0,0.0,0.0,0.0,1.0,0.0,0.0
4,7,0.0,0.0,0.0,0.0,0.0,0.0,0.0,1.0,0.0,0.0
4,7,0.0,0.0,0.0,0.0,0.0,0.0,0.0,1.0,0.0,0.0
4,7,0.0,0.0,0.0,0.0,0.0,0.0,0.0,1.0,0.0,0.0
4,7,0.0,0.0,0.0,0.0,0.0,0.0,0.0,1.0,0.0,0.0
4,7,0.0,0.0,0.0,0.0,0.0,0.0,0.0,1.0,0.0,0.0
4,7,0.0,0.0,0.0,0.0,0.0,0.0,0.0,1.0,0.0,0.0
4,7,0.0,0.0,0.0,0.0,0.0,0.0,0.0,1.0,0.0,0.0
4,7,0.0,0.0,0.0,0.0,0.0,0.0,0.0,1.0,0.0,0.0
4,7,0.0,0.0,0.0,0.0,0.0,0.0,0.0,1.0,0.0,0.0
4,7,0.0,0.0,0.0,0.0,0.0,0.0,0.0,1.0,0.0,0.0
4,7,0.0,0.0,0.0,0.0,0.0,0.0,0.0,1.0,0.0,0.0
4,7,0.0,0.0,0.0,0.0,0.0,0.0,0.0,1.0,0.0,0.0
4,7,0.0,0.0,0.0,0.0,0.0,0.0,0.0,1.0,0.0,0.0
4,7,0.0,0.0,0.0,0.0,0.0,0.0,0.0,1.0,0.0,0.0
4,7,0.0,0.0,0.0,0.0,0.0,0.0,0.0,1.0,0.0,0.0
4,7,0.0,0.0,0.0,0.0,0.0,0.0,0.0,1.0,0.0,0.0
4,7,0.0,0.0,0.0,0.0,0.0,0.0,0.0,1.0,0.0,0.0
4,7,0.0,0.0,0.0,0.0,0.0,0.0,0.0,1.0,0.0,0.0
4,7,0.0,0.0,0.0,0.0,0.0,0.0,0.0,1.0,0.0,0.0
4,7,0.0,0.0,0.0,0.0,0.0,0.0,0.0,1.0,0.0,0.0
4,7,0.0,0.0,0.0,0.0,0.0,0.0,0.0,1.0,0.0,0.0
4,7,0.0,0.0,0.0,0.0,0.0,0.0,0.0,1.0,0.0,0.0
4,7,0.0,0.0,0.0,0.0,0.0,0.0,0.0,1.0,0.0,0.0
4,7,0.0,0.0,0.0,0.0,0.0,0.0,0.0,1.0,0.0,0.0
4,7,0.0,0.0,0.0,0.0,0.0,0.0,0.0,1.0,0.0,0.0
4,7,0.0,0.0,0.0,0.0,0.0,0.0,0.0,1.0,0.0,0.0
4,7,0.0,0.0,0.0,0.0,0.0,0.0,0.0,1.0,0.0,0.0
4,7,0.0,0.0,0.0,0.0,0.0,0.0,0.0,1.0,0.0,0.0
4,7,0.0,0.0,0.0,0.0,0.0,0.0,0.0,1.0,0.0,0.0
4,7,0.0,0.0,0.0,0.0,0.0,0.0,0.0,1.0,0.0,0.0
4,7,0.0,0.0,0.0,0.0,0.0,0.0,0.0,1.0,0.0,0.0
4,7,0.0,0.0,0.0,0.0,0.0,0.0,0.0,1.0,0.0,0.0
4,7,0.0,0.0,0.0,0.0,0.0,0.0,0.0,1.0,0.0,0.0
4,7,0.0,0.0,0.0,0.0,0.0,0.0,0.0,1.0,0.0,0.0
4,7,0.0,0.0,0.0,0.0,0.0,0.0,0.0,1.0,0.0,0.0
4,7,0.0,0.0,0.0,0.0,0.0,0.0,0.0,1.0,0.0,0.0
4,7,0.0,0.0,0.0,0.0,0.0,0.0,0.0,1.0,0.0,0.0
4,7,0.0,0.0,0.0,0.0,0.0,0.0,0.0,1.0,0.0,0.0
4,7,0.0,0.0,0.0,0.0,0.0,0.0,0.0,1.0,0.0,0.0
4,7,0.0,0.0,0.0,0.0,0.0,0.0,0.0,1.0,0.0,0.0
4,7,0.0,0.0,0.0,0.0,0.0,0.0,0.0,1.0,0.0,0.0
4,7,0.0,0.0,0.0,0.0,0.0,0.0,0.0,1.0,0.0,0.0
4,7,0.0,0.0,0.0,0.0,0.0,0.0,0.0,1.0,0.0,0.0
4,7,0.0,0.0,0.0,0.0,0.0,0.0,0.0,1.0,0.0,0.0
4,7,0.0,0.0,0.0,0.0,0.0,0.0,0.0,1.0,0.0,0.0
4,7,0.0,0.0,0.0,0.0,0.0,0.0,0.0,1.0,0.0,0.0
4,7,0.0,0.0,0.0,0.0,0.0,0.0,0.0,1.0,0.0,0.0
4,7,0.0,0.0,0.0,0.0,0.0,0.0,0.0,1.0,0.0,0.0
4,7,0.0,0.0,0.0,0.0,0.0,0.0,0.0,1.0,0.0,0.0
4,7,0.0,0.0,0.0,0.0,0.0,0.0,0.0,1.0,0.0,0.0
4,7,0.0,0.0,0.0,0.0,0.0,0.0,0.0,1.0,0.0,0.0
4,7,0.0,0.0,0.0,0.0,0.0,0.0,0.0,1.0,0.0,0.0
4,7,0.0,0.0,0.0,0.0,0.0,0.0,0.0,1.0,0.0,0.0
4,7,0.0,0.0,0.0,0.0,0.0,0.0,0.0,1.0,0.0,0.0
4,7,0.0,0.0,0.0,0.0,0.0,0.0,0.0,1.0,0.0,0.0
4,7,0.0,0.0,0.0,0.0,0.0,0.0,0.0,1.0,0.0,0.0
4,7,0.0,0.0,0.0,0.0,0.0,0.0,0.0,1.0,0.0,0.0
4,7,0.0,0.0,0.0,0.0,0.0,0.0,0.0,1.0,0.0,0.0
4,7,0.0,0.0,0.0,0.0,0.0,0.0,0.0,1.0,0.0,0.0
4,7,0.0,0.0,0.0,0.0,0.0,0.0,0.0,1.0,0.0,0.0
4,7,0.0,0.0,0.0,0.0,0.0,0.0,0.0,1.0,0.0,0.0
4,7,0.0,0.0,0.0,0.0,0.0,0.0,0.0,1.0,0.0,0.0
4,7,0.0,0.0,0.0,0.0,0.0,0.0,0.0,1.0,0.0,0.0
4,7,0.0,0.0,0.0,0.0,0.0,0.0,0.0,1.0,0.0,0.0
4,7,0.0,0.0,0.0,0.0,0.0,0.0,0.0,1.0,0.0,0.0
4,7,0.0,0.0,0.0,0.0,0.0,0.0,0.0,1.0,0.0,0.0
4,7,0.0,0.0,0.0,0.0,0.0,0.0,0.0,1.0,0.0,0.0
4,7,0.0,0.0,0.0,0.0,0.0,0.0,0.0,1.0,0.0,0.0
4,7,0.0,0.0,0.0,0.0,0.0,0.0,0.0,1.0,0.0,0.0
4,7,0.0,0.0,0.0,0.0,0.0,0.0,0.0,1.0,0.0,0.0
4,7,0.0,0.0,0.0,0.0,0.0,0.0,0.0,1.0,0.0,0.0
4,7,0.0,0.0,0.0,0.0,0.0,0.0,0.0,1.0,0.0,0.0
4,7,0.0,0.0,0.0,0.0,0.0,0.0,0.0,1.0,0.0,0.0
4,7,0.0,0.0,0.0,0.0,0.0,0.0,0.0,1.0,0.0,0.0
4,7,0.0,0.0,0.0,0.0,0.0,0.0,0.0,1.0,0.0,0.0
4,7,0.0,0.0,0.0,0.0,0.0,0.0,0.0,1.0,0.0,0.0
4,7,0.0,0.0,0.0,0.0,0.0,0.0,0.0,1.0,0.0,0.0
4,7,0.0,0.0,0.0,0.0,0.0,0.0,0.0,1.0,0.0,0.0
4,7,0.0,0.0,0.0,0.0,0.0,0.0,0.0,1.0,0.0,0.0
4,7,0.0,0.0,0.0,0.0,0.0,0.0,0.0,1.0,0.0,0.0
4,7,0.0,0.0,0.0,0.0,0.0,0.0,0.0,1.0,0.0,0.0
4,7,0.0,0.0,0.0,0.0,0.0,0.0,0.0,1.0,0.0,0.0
4,7,0.0,0.0,0.0,0.0,0.0,0.0,0.0,1.0,0.0,0.0
4,7,0.0,0.0,0.0,0.0,0.0,0.0,0.0,1.0,0.0,0.0
4,7,0.0,0.0,0.0,0.0,0.0,0.0,0.0,1.0,0.0,0.0
4,7,0.0,0.0,0.0,0.0,0.0,0.0,0.0,1.0,0.0,0.0
4,7,0.0,0.0,0.0,0.0,0.0,0.0,0.0,1.0,0.0,0.0
4,7,0.0,0.0,0.0,0.0,0.0,0.0,0.0,1.0,0.0,0.0
4,7,0.0,0.0,0.0,0.0,0.0,0.0,0.0,1.0,0.0,0.0
4,7,0.0,0.0,0.0,0.0,0.0,0.0,0.0,1.0,0.0,0.0
4,7,0.0,0.0,0.0,0.0,0.0,0.0,0.0,1.0,0.0,0.0
4,7,0.0,0.0,0.0,0.0,0.0,0.0,0.0,1.0,0.0,0.0
4,7,0.0,0.0,0.0,0.0,0.0,0.0,0.0,1.0,0.0,0.0
4,7,0.0,0.0,0.0,0.0,0.0,0.0,0.0,1.0,0.0,0.0
4,7,0.0,0.0,0.0,0.0,0.0,0.0,0.0,1.0,0.0,0.0
4,7,0.0,0.0,0.0,0.0,0.0,0.0,0.0,1.0,0.0,0.0
4,7,0.0,0.0,0.0,0.0,0.0,0.0,0.0,1.0,0.0,0.0
4,7,0.0,0.0,0.0,0.0,0.0,0.0,0.0,1.0,0.0,0.0
4,7,0.0,0.0,0.0,0.0,0.0,0.0,0.0,1.0,0.0,0.0
4,7,0.0,0.0,0.0,0.0,0.0,0.0,0.0,1.0,0.0,0.0
4,7,0.0,0.0,0.0,0.0,0.0,0.0,0.0,1.0,0.0,0.0
4,7,0.0,0.0,0.0,0.0,0.0,0.0,0.0,1.0,0.0,0.0
4,7,0.0,0.0,0.0,0.0,0.0,0.0,0.0,1.0,0.0,0.0
4,7,0.0,0.0,0.0,0.0,0.0,0.0,0.0,1.0,0.0,0.0
4,7,0.0,0.0,0.0,0.0,0.0,0.0,0.0,1.0,0.0,0.0
4,7,0.0,0.0,0.0,0.0,0.0,0.0,0.0,1.0,0.0,0.0
4,7,0.0,0.0,0.0,0.0,0.0,0.0,0.0,1.0,0.0,0.0
4,7,0.0,0.0,0.0,0.0,0.0,0.0,0.0,1.0,0.0,0.0
4,7,0.0,0.0,0.0,0.0,0.0,0.0,0.0,1.0,0.0,0.0
4,7,0.0,0.0,0.0,0.0,0.0,0.0,0.0,1.0,0.0,0.0
4,7,0.0,0.0,0.0,0.0,0.0,0.0,0.0,1.0,0.0,0.0
4,7,0.0,0.0,0.0,0.0,0.0,0.0,0.0,1.0,0.0,0.0
4,7,0.0,0.0,0.0,0.0,0.0,0.0,0.0,1.0,0.0,0.0
4,7,0.0,0.0,0.0,0.0,0.0,0.0,0.0,1.0,0.0,0.0
4,7,0.0,0.0,0.0,0.0,0.0,0.0,0.0,1.0,0.0,0.0
4,7,0.0,0.0,0.0,0.0,0.0,0.0,0.0,1.0,0.0,0.0
4,7,0.0,0.0,0.0,0.0,0.0,0.0,0.0,1.0,0.0,0.0
4,7,0.0,0.0,0.0,0.0,0.0,0.0,0.0,1.0,0.0,0.0
4,7,0.0,0.0,0.0,0.0,0.0,0.0,0.0,1.0,0.0,0.0
4,7,0.0,0.0,0.0,0.0,0.0,0.0,0.0,1.0,0.0,0.0
4,7,0.0,0.0,0.0,0.0,0.0,0.0,0.0,1.0,0.0,0.0
4,7,0.0,0.0,0.0,0.0,0.0,0.0,0.0,1.0,0.0,0.0
4,7,0.0,0.0,0.0,0.0,0.0,0.0,0.0,1.0,0.0,0.0
4,7,0.0,0.0,0.0,0.0,0.0,0.0,0.0,1.0,0.0,0.0
4,7,0.0,0.0,0.0,0.0,0.0,0.0,0.0,1.0,0.0,0.0
4,7,0.0,0.0,0.0,0.0,0.0,0.0,0.0,1.0,0.0,0.0
4,7,0.0,0.0,0.0,0.0,0.0,0.0,0.0,1.0,0.0,0.0
4,7,0.0,0.0,0.0,0.0,0.0,0.0,0.0,1.0,0.0,0.0
4,7,0.0,0.0,0.0,0.0,0.0,0.0,0.0,1.0,0.0,0.0
4,7,0.0,0.0,0.0,0.0,0.0,0.0,0.0,1.0,0.0,0.0
4,7,0.0,0.0,0.0,0.0,0.0,0.0,0.0,1.0,0.0,0.0
4,7,0.0,0.0,0.0,0.0,0.0,0.0,0.0,1.0,0.0,0.0
4,7,0.0,0.0,0.0,0.0,0.0,0.0,0.0,1.0,0.0,0.0
4,7,0.0,0.0,0.0,0.0,0.0,0.0,0.0,1.0,0.0,0.0
4,7,0.0,0.0,0.0,0.0,0.0,0.0,0.0,1.0,0.0,0.0
4,7,0.0,0.0,0.0,0.0,0.0,0.0,0.0,1.0,0.0,0.0
4,7,0.0,0.0,0.0,0.0,0.0,0.0,0.0,1.0,0.0,0.0
4,7,0.0,0.0,0.0,0.0,0.0,0.0,0.0,1.0,0.0,0.0
4,7,0.0,0.0,0.0,0.0,0.0,0.0,0.0,1.0,0.0,0.0
4,7,0.0,0.0,0.0,0.0,0.0,0.0,0.0,1.0,0.0,0.0
4,7,0.0,0.0,0.0,0.0,0.0,0.0,0.0,1.0,0.0,0.0
4,7,0.0,0.0,0.0,0.0,0.0,0.0,0.0,1.0,0.0,0.0
4,7,0.0,0.0,0.0,0.0,0.0,0.0,0.0,1.0,0.0,0.0
4,7,0.0,0.0,0.0,0.0,0.0,0.0,0.0,1.0,0.0,0.0
4,7,0.0,0.0,0.0,0.0,0.0,0.0,0.0,1.0,0.0,0.0
4,7,0.0,0.0,0.0,0.0,0.0,0.0,0.0,1.0,0.0,0.0
4,7,0.0,0.0,0.0,0.0,0.0,0.0,0.0,1.0,0.0,0.0
4,7,0.0,0.0,0.0,0.0,0.0,0.0,0.0,1.0,0.0,0.0
4,7,0.0,0.0,0.0,0.0,0.0,0.0,0.0,1.0,0.0,0.0
4,7,0.0,0.0,0.0,0.0,0.0,0.0,0.0,1.0,0.0,0.0
4,7,0.0,0.0,0.0,0.0,0.0,0.0,0.0,1.0,0.0,0.0
4,7,0.0,0.0,0.0,0.0,0.0,0.0,0.0,1.0,0.0,0.0
4,7,0.0,0.0,0.0,0.0,0.0,0.0,0.0,1.0,0.0,0.0
4,7,0.0,0.0,0.0,0.0,0.0,0.0,0.0,1.0,0.0,0.0
4,7,0.0,0.0,0.0,0.0,0.0,0.0,0.0,1.0,0.0,0.0
4,7,0.0,0.0,0.0,0.0,0.0,0.0,0.0,1.0,0.0,0.0
4,7,0.0,0.0,0.0,0.0,0.0,0.0,0.0,1.0,0.0,0.0
4,7,0.0,0.0,0.0,0.0,0.0,0.0,0.0,1.0,0.0,0.0
4,7,0.0,0.0,0.0,0.0,0.0,0.0,0.0,1.0,0.0,0.0
4,7,0.0,0.0,0.0,0.0,0.0,0.0,0.0,1.0,0.0,0.0
4,7,0.0,0.0,0.0,0.0,0.0,0.0,0.0,1.0,0.0,0.0
4,7,0.0,0.0,0.0,0.0,0.0,0.0,0.0,1.0,0.0,0.0
4,7,0.0,0.0,0.0,0.0,0.0,0.0,0.0,1.0,0.0,0.0
4,7,0.0,0.0,0.0,0.0,0.0,0.0,0.0,1.0,0.0,0.0
4,7,0.0,0.0,0.0,0.0,0.0,0.0,0.0,1.0,0.0,0.0
4,7,0.0,0.0,0.0,0.0,0.0,0.0,0.0,1.0,0.0,0.0
4,7,0.0,0.0,0.0,0.0,0.0,0.0,0.0,1.0,0.0,0.0
4,7,0.0,0.0,0.0,0.0,0.0,0.0,0.0,1.0,0.0,0.0
4,7,0.0,0.0,0.0,0.0,0.0,0.0,0.0,1.0,0.0,0.0
4,7,0.0,0.0,0.0,0.0,0.0,0.0,0.0,1.0,0.0,0.0
4,7,0.0,0.0,0.0,0.0,0.0,0.0,0.0,1.0,0.0,0.0
4,7,0.0,0.0,0.0,0.0,0.0,0.0,0.0,1.0,0.0,0.0
4,7,0.0,0.0,0.0,0.0,0.0,0.0,0.0,1.0,0.0,0.0
4,7,0.0,0.0,0.0,0.0,0.0,0.0,0.0,1.0,0.0,0.0
4,7,0.0,0.0,0.0,0.0,0.0,0.0,0.0,1.0,0.0,0.0
4,7,0.0,0.0,0.0,0.0,0.0,0.0,0.0,1.0,0.0,0.0
4,7,0.0,0.0,0.0,0.0,0.0,0.0,0.0,1.0,0.0,0.0
4,7,0.0,0.0,0.0,0.0,0.0,0.0,0.0,1.0,0.0,0.0
4,7,0.0,0.0,0.0,0.0,0.0,0.0,0.0,1.0,0.0,0.0
4,7,0.0,0.0,0.0,0.0,0.0,0.0,0.0,1.0,0.0,0.0
4,7,0.0,0.0,0.0,0.0,0.0,0.0,0.0,1.0,0.0,0.0
4,7,0.0,0.0,0.0,0.0,0.0,0.0,0.0,1.0,0.0,0.0
4,7,0.0,0.0,0.0,0.0,0.0,0.0,0.0,1.0,0.0,0.0
4,7,0.0,0.0,0.0,0.0,0.0,0.0,0.0,1.0,0.0,0.0
4,7,0.0,0.0,0.0,0.0,0.0,0.0,0.0,1.0,0.0,0.0
4,7,0.0,0.0,0.0,0.0,0.0,0.0,0.0,1.0,0.0,0.0
4,7,0.0,0.0,0.0,0.0,0.0,0.0,0.0,1.0,0.0,0.0
4,7,0.0,0.0,0.0,0.0,0.0,0.0,0.0,1.0,0.0,0.0
4,7,0.0,0.0,0.0,0.0,0.0,0.0,0.0,1.0,0.0,0.0
4,7,0.0,0.0,0.0,0.0,0.0,0.0,0.0,1.0,0.0,0.0
4,7,0.0,0.0,0.0,0.0,0.0,0.0,0.0,1.0,0.0,0.0
4,7,0.0,0.0,0.0,0.0,0.0,0.0,0.0,1.0,0.0,0.0
4,7,0.0,0.0,0.0,0.0,0.0,0.0,0.0,1.0,0.0,0.0
4,7,0.0,0.0,0.0,0.0,0.0,0.0,0.0,1.0,0.0,0.0
4,7,0.0,0.0,0.0,0.0,0.0,0.0,0.0,1.0,0.0,0.0
4,7,0.0,0.0,0.0,0.0,0.0,0.0,0.0,1.0,0.0,0.0
4,7,0.0,0.0,0.0,0.0,0.0,0.0,0.0,1.0,0.0,0.0
4,7,0.0,0.0,0.0,0.0,0.0,0.0,0.0,1.0,0.0,0.0
4,7,0.0,0.0,0.0,0.0,0.0,0.0,0.0,1.0,0.0,0.0
4,7,0.0,0.0,0.0,0.0,0.0,0.0,0.0,1.0,0.0,0.0
4,7,0.0,0.0,0.0,0.0,0.0,0.0,0.0,1.0,0.0,0.0
4,7,0.0,0.0,0.0,0.0,0.0,0.0,0.0,1.0,0.0,0.0
4,7,0.0,0.0,0.0,0.0,0.0,0.0,0.0,1.0,0.0,0.0
4,7,0.0,0.0,0.0,0.0,0.0,0.0,0.0,1.0,0.0,0.0
4,7,0.0,0.0,0.0,0.0,0.0,0.0,0.0,1.0,0.0,0.0
4,7,0.0,0.0,0.0,0.0,0.0,0.0,0.0,1.0,0.0,0.0
4,7,0.0,0.0,0.0,0.0,0.0,0.0,0.0,1.0,0.0,0.0
4,7,0.0,0.0,0.0,0.0,0.0,0.0,0.0,1.0,0.0,0.0
4,7,0.0,0.0,0.0,0.0,0.0,0.0,0.0,1.0,0.0,0.0
4,7,0.0,0.0,0.0,0.0,0.0,0.0,0.0,1.0,0.0,0.0
4,7,0.0,0.0,0.0,0.0,0.0,0.0,0.0,1.0,0.0,0.0
4,7,0.0,0.0,0.0,0.0,0.0,0.0,0.0,1.0,0.0,0.0
4,7,0.0,0.0,0.0,0.0,0.0,0.0,0.0,1.0,0.0,0.0
4,7,0.0,0.0,0.0,0.0,0.0,0.0,0.0,1.0,0.0,0.0
4,7,0.0,0.0,0.0,0.0,0.0,0.0,0.0,1.0,0.0,0.0
4,7,0.0,0.0,0.0,0.0,0.0,0.0,0.0,1.0,0.0,0.0
4,7,0.0,0.0,0.0,0.0,0.0,0.0,0.0,1.0,0.0,0.0
4,7,0.0,0.0,0.0,0.0,0.0,0.0,0.0,1.0,0.0,0.0
4,7,0.0,0.0,0.0,0.0,0.0,0.0,0.0,1.0,0.0,0.0
4,7,0.0,0.0,0.0,0.0,0.0,0.0,0.0,1.0,0.0,0.0
4,7,0.0,0.0,0.0,0.0,0.0,0.0,0.0,1.0,0.0,0.0
4,7,0.0,0.0,0.0,0.0,0.0,0.0,0.0,1.0,0.0,0.0
4,7,0.0,0.0,0.0,0.0,0.0,0.0,0.0,1.0,0.0,0.0
4,7,0.0,0.0,0.0,0.0,0.0,0.0,0.0,1.0,0.0,0.0
4,7,0.0,0.0,0.0,0.0,0.0,0.0,0.0,1.0,0.0,0.0
4,7,0.0,0.0,0.0,0.0,0.0,0.0,0.0,1.0,0.0,0.0
4,7,0.0,0.0,0.0,0.0,0.0,0.0,0.0,1.0,0.0,0.0
4,7,0.0,0.0,0.0,0.0,0.0,0.0,0.0,1.0,0.0,0.0
4,7,0.0,0.0,0.0,0.0,0.0,0.0,0.0,1.0,0.0,0.0
4,7,0.0,0.0,0.0,0.0,0.0,0.0,0.0,1.0,0.0,0.0
4,7,0.0,0.0,0.0,0.0,0.0,0.0,0.0,1.0,0.0,0.0
4,7,0.0,0.0,0.0,0.0,0.0,0.0,0.0,1.0,0.0,0.0
4,7,0.0,0.0,0.0,0.0,0.0,0.0,0.0,1.0,0.0,0.0
4,7,0.0,0.0,0.0,0.0,0.0,0.0,0.0,1.0,0.0,0.0
4,7,0.0,0.0,0.0,0.0,0.0,0.0,0.0,1.0,0.0,0.0
4,7,0.0,0.0,0.0,0.0,0.0,0.0,0.0,1.0,0.0,0.0
4,7,0.0,0.0,0.0,0.0,0.0,0.0,0.0,1.0,0.0,0.0
4,7,0.0,0.0,0.0,0.0,0.0,0.0,0.0,1.0,0.0,0.0
4,7,0.0,0.0,0.0,0.0,0.0,0.0,0.0,1.0,0.0,0.0
4,7,0.0,0.0,0.0,0.0,0.0,0.0,0.0,1.0,0.0,0.0
4,7,0.0,0.0,0.0,0.0,0.0,0.0,0.0,1.0,0.0,0.0
4,7,0.0,0.0,0.0,0.0,0.0,0.0,0.0,1.0,0.0,0.0
4,7,0.0,0.0,0.0,0.0,0.0,0.0,0.0,1.0,0.0,0.0
4,7,0.0,0.0,0.0,0.0,0.0,0.0,0.0,1.0,0.0,0.0
4,7,0.0,0.0,0.0,0.0,0.0,0.0,0.0,1.0,0.0,0.0
4,7,0.0,0.0,0.0,0.0,0.0,0.0,0.0,1.0,0.0,0.0
4,7,0.0,0.0,0.0,0.0,0.0,0.0,0.0,1.0,0.0,0.0
4,7,0.0,0.0,0.0,0.0,0.0,0.0,0.0,1.0,0.0,0.0
4,7,0.0,0.0,0.0,0.0,0.0,0.0,0.0,1.0,0.0,0.0
4,7,0.0,0.0,0.0,0.0,0.0,0.0,0.0,1.0,0.0,0.0
4,7,0.0,0.0,0.0,0.0,0.0,0.0,0.0,1.0,0.0,0.0
4,7,0.0,0.0,0.0,0.0,0.0,0.0,0.0,1.0,0.0,0.0
4,7,0.0,0.0,0.0,0.0,0.0,0.0,0.0,1.0,0.0,0.0
4,7,0.0,0.0,0.0,0.0,0.0,0.0,0.0,1.0,0.0,0.0
4,7,0.0,0.0,0.0,0.0,0.0,0.0,0.0,1.0,0.0,0.0
4,7,0.0,0.0,0.0,0.0,0.0,0.0,0.0,1.0,0.0,0.0
4,7,0.0,0.0,0.0,0.0,0.0,0.0,0.0,1.0,0.0,0.0
4,7,0.0,0.0,0.0,0.0,0.0,0.0,0.0,1.0,0.0,0.0
4,7,0.0,0.0,0.0,0.0,0.0,0.0,0.0,1.0,0.0,0.0
4,7,0.0,0.0,0.0,0.0,0.0,0.0,0.0,1.0,0.0,0.0
4,7,0.0,0.0,0.0,0.0,0.0,0.0,0.0,1.0,0.0,0.0
4,7,0.0,0.0,0.0,0.0,0.0,0.0,0.0,1.0,0.0,0.0
4,7,0.0,0.0,0.0,0.0,0.0,0.0,0.0,1.0,0.0,0.0
4,7,0.0,0.0,0.0,0.0,0.0,0.0,0.0,1.0,0.0,0.0
4,7,0.0,0.0,0.0,0.0,0.0,0.0,0.0,1.0,0.0,0.0
4,7,0.0,0.0,0.0,0.0,0.0,0.0,0.0,1.0,0.0,0.0
4,7,0.0,0.0,0.0,0.0,0.0,0.0,0.0,1.0,0.0,0.0
4,7,0.0,0.0,0.0,0.0,0.0,0.0,0.0,1.0,0.0,0.0
4,7,0.058436126,0.0,0.0,0.0,0.0,0.0,0.0,0.9415639,0.0,0.0
4,7,0.058436126,0.0,0.0,0.0,0.0,0.0,0.0,0.9415639,0.0,0.0
4,7,0.058436126,0.0,0.0,0.0,0.0,0.0,0.0,0.9415639,0.0,0.0
4,7,0.058436126,0.0,0.0,0.0,0.0,0.0,0.0,0.9415639,0.0,0.0
4,7,0.058436126,0.0,0.0,0.0,0.0,0.0,0.0,0.9415639,0.0,0.0
4,7,0.058436126,0.0,0.0,0.0,0.0,0.0,0.0,0.9415639,0.0,0.0
4,7,0.058436126,0.0,0.0,0.0,0.0,0.0,0.0,0.9415639,0.0,0.0
4,7,0.058436126,0.0,0.0,0.0,0.0,0.0,0.0,0.9415639,0.0,0.0
4,7,0.058436126,0.0,0.0,0.0,0.0,0.0,0.0,0.9415639,0.0,0.0
4,7,0.058436126,0.0,0.0,0.0,0.0,0.0,0.0,0.9415639,0.0,0.0
4,7,0.058436126,0.0,0.0,0.0,0.0,0.0,0.0,0.9415639,0.0,0.0
4,7,0.058436126,0.0,0.0,0.0,0.0,0.0,0.0,0.9415639,0.0,0.0
4,7,0.058436126,0.0,0.0,0.0,0.0,0.0,0.0,0.9415639,0.0,0.0
4,7,0.058436126,0.0,0.0,0.0,0.0,0.0,0.0,0.9415639,0.0,0.0
4,7,0.058436126,0.0,0.0,0.0,0.0,0.0,0.0,0.9415639,0.0,0.0
4,7,0.058436126,0.0,0.0,0.0,0.0,0.0,0.0,0.9415639,0.0,0.0
4,7,0.058436126,0.0,0.0,0.0,0.0,0.0,0.0,0.9415639,0.0,0.0
4,7,0.058436126,0.0,0.0,0.0,0.0,0.0,0.0,0.9415639,0.0,0.0
4,7,0.058436126,0.0,0.0,0.0,0.0,0.0,0.0,0.9415639,0.0,0.0
4,7,0.058436126,0.0,0.0,0.0,0.0,0.0,0.0,0.9415639,0.0,0.0
4,7,0.058436126,0.0,0.0,0.0,0.0,0.0,0.0,0.9415639,0.0,0.0
4,7,0.058436126,0.0,0.0,0.0,0.0,0.0,0.0,0.9415639,0.0,0.0
4,7,0.058436126,0.0,0.0,0.0,0.0,0.0,0.0,0.9415639,0.0,0.0
4,7,0.058436126,0.0,0.0,0.0,0.0,0.0,0.0,0.9415639,0.0,0.0
4,7,0.058436126,0.0,0.0,0.0,0.0,0.0,0.0,0.9415639,0.0,0.0
4,7,0.058436126,0.0,0.0,0.0,0.0,0.0,0.0,0.9415639,0.0,0.0
4,7,0.058436126,0.0,0.0,0.0,0.0,0.0,0.0,0.9415639,0.0,0.0
4,7,0.058436126,0.0,0.0,0.0,0.0,0.0,0.0,0.9415639,0.0,0.0
4,7,0.058436126,0.0,0.0,0.0,0.0,0.0,0.0,0.9415639,0.0,0.0
4,7,0.058436126,0.0,0.0,0.0,0.0,0.0,0.0,0.9415639,0.0,0.0
4,7,0.058436126,0.0,0.0,0.0,0.0,0.0,0.0,0.9415639,0.0,0.0
4,7,0.058436126,0.0,0.0,0.0,0.0,0.0,0.0,0.9415639,0.0,0.0
4,7,0.058436126,0.0,0.0,0.0,0.0,0.0,0.0,0.9415639,0.0,0.0
4,7,0.058436126,0.0,0.0,0.0,0.0,0.0,0.0,0.9415639,0.0,0.0
4,7,0.058436126,0.0,0.0,0.0,0.0,0.0,0.0,0.9415639,0.0,0.0
4,7,0.058436126,0.0,0.0,0.0,0.0,0.0,0.0,0.9415639,0.0,0.0
4,7,0.058436126,0.0,0.0,0.0,0.0,0.0,0.0,0.9415639,0.0,0.0
4,7,0.058436126,0.06342041,0.0,0.0,0.0,0.0,0.0,0.8781435,0.0,0.0
4,7,0.058436126,0.06342041,0.0,0.0,0.0,0.0,0.0,0.8781435,0.0,0.0
4,7,0.058436126,0.06342041,0.0,0.0,0.0,0.0,0.0,0.8781435,0.0,0.0
4,7,0.058436126,0.06342041,0.0,0.0,0.0,0.0,0.0,0.8781435,0.0,0.0
4,7,0.058436126,0.06342041,0.0,0.0,0.0,0.0,0.0,0.8781435,0.0,0.0
4,7,0.058436126,0.06342041,0.0,0.0,0.0,0.0,0.0,0.8781435,0.0,0.0
4,7,0.058436126,0.06342041,0.0,0.0,0.0,0.0,0.0,0.8781435,0.0,0.0
4,7,0.058436126,0.06342041,0.0,0.0,0.0,0.0,0.0,0.8781435,0.0,0.0
4,7,0.058436126,0.06342041,0.0,0.0,0.0,0.0,0.0,0.8781435,0.0,0.0
4,7,0.058436126,0.06342041,0.0,0.0,0.0,0.0,0.0,0.8781435,0.0,0.0
4,7,0.058436126,0.06342041,0.0,0.0,0.0,0.0,0.0,0.8781435,0.0,0.0
4,7,0.058436126,0.06342041,0.0,0.0,0.0,0.0,0.0,0.8781435,0.0,0.0
4,7,0.058436126,0.06342041,0.0,0.0,0.0,0.0,0.0,0.8781435,0.0,0.0
4,7,0.058436126,0.06342041,0.0,0.0,0.0,0.0,0.0,0.8781435,0.0,0.0
4,7,0.058436126,0.06342041,0.0,0.0,0.0,0.0,0.0,0.8781435,0.0,0.0
4,7,0.058436126,0.06342041,0.0,0.0,0.0,0.0,0.0,0.8781435,0.0,0.0
4,7,0.058436126,0.06342041,0.0,0.0,0.0,0.0,0.0,0.8781435,0.0,0.0
4,7,0.058436126,0.06342041,0.0,0.0,0.0,0.0,0.0,0.8781435,0.0,0.0
4,7,0.058436126,0.06342041,0.0,0.0,0.0,0.0,0.0,0.8781435,0.0,0.0
4,7,0.058436126,0.06342041,0.0,0.0,0.0,0.0,0.0,0.8781435,0.0,0.0
4,7,0.058436126,0.06342041,0.0,0.0,0.0,0.0,0.0,0.8781435,0.0,0.0
4,7,0.058436126,0.06342041,0.0,0.0,0.0,0.0,0.0,0.8781435,0.0,0.0
4,7,0.058436126,0.06342041,0.0,0.0,0.0,0.0,0.0,0.8781435,0.0,0.0
4,7,0.058436126,0.06342041,0.0,0.0,0.0,0.0,0.0,0.8781435,0.0,0.0
4,7,0.058436126,0.06342041,0.0,0.0,0.0,0.0,0.0,0.8781435,0.0,0.0
4,7,0.058436126,0.06342041,0.0,0.0,0.0,0.0,0.0,0.8781435,0.0,0.0
4,7,0.058436126,0.06342041,0.0,0.0,0.0,0.0,0.0,0.8781435,0.0,0.0
4,7,0.058436126,0.06342041,0.0,0.0,0.0,0.0,0.0,0.8781435,0.0,0.0
4,7,0.058436126,0.06342041,0.0,0.0,0.0,0.0,0.0,0.8781435,0.0,0.0
4,7,0.058436126,0.06342041,0.0,0.0,0.0,0.0,0.0,0.8781435,0.0,0.0
4,7,0.058436126,0.06342041,0.0,0.0,0.0,0.0,0.0,0.8781435,0.0,0.0
4,7,0.058436126,0.06342041,0.0,0.0,0.0,0.0,0.0,0.8781435,0.0,0.0
4,7,0.058436126,0.06342041,0.0,0.0,0.0,0.0,0.0,0.8781435,0.0,0.0
4,7,0.058436126,0.06342041,0.0,0.0,0.0,0.0,0.0,0.8781435,0.0,0.0
4,7,0.058436126,0.06342041,0.0,0.0,0.0,0.0,0.0,0.8781435,0.0,0.0
4,7,0.11890885,0.13054898,0.067685716,0.0,0.0,0.0,0.0,0.68285644,0.0,0.0
4,7,0.11890885,0.13054898,0.067685716,0.0,0.0,0.0,0.0,0.68285644,0.0,0.0
4,7,0.18782027,0.13054898,0.067685716,0.0,0.0,0.0,0.0,0.613945,0.0,0.0
4,7,0.18782027,0.13054898,0.067685716,0.0,0.0,0.0,0.0,0.613945,0.0,0.0
4,7,0.18782027,0.13054898,0.067685716,0.0,0.0,0.0,0.0,0.613945,0.0,0.0
4,7,0.18782027,0.13054898,0.067685716,0.0,0.0,0.0,0.0,0.613945,0.0,0.0
4,7,0.18782027,0.13054898,0.067685716,0.0,0.0,0.0,0.0,0.613945,0.0,0.0
4,7,0.18782027,0.13054898,0.067685716,0.0,0.0,0.0,0.0,0.613945,0.0,0.0
4,7,0.2521101,0.13054898,0.13352214,0.0,0.0,0.0,0.0,0.48381874,0.0,0.0
4,7,0.2521101,0.13054898,0.13352214,0.0,0.0,0.0,0.0,0.48381874,0.0,0.0
4,7,0.2521101,0.13054898,0.13352214,0.0,0.0,0.0,0.0,0.48381874,0.0,0.0
4,7,0.2521101,0.13054898,0.13352214,0.0,0.0,0.0,0.0,0.48381874,0.0,0.0
4,7,0.2521101,0.13054898,0.13352214,0.0,0.0,0.0,0.0,0.48381874,0.0,0.0
4,7,0.2521101,0.13054898,0.13352214,0.0,0.0,0.0,0.0,0.48381874,0.0,0.0
4,7,0.2521101,0.13054898,0.13352214,0.0,0.0,0.0,0.0,0.48381874,0.0,0.0
4,7,0.2521101,0.13054898,0.13352214,0.0,0.0,0.0,0.0,0.48381874,0.0,0.0
4,7,0.2521101,0.13054898,0.13352214,0.0,0.0,0.0,0.0,0.48381874,0.0,0.0
4,7,0.2521101,0.13054898,0.13352214,0.0,0.0,0.0,0.0,0.48381874,0.0,0.0
4,7,0.2521101,0.13054898,0.13352214,0.0,0.0,0.0,0.0,0.48381874,0.0,0.0
4,7,0.2521101,0.13054898,0.13352214,0.0,0.0,0.0,0.0,0.48381874,0.0,0.0
4,7,0.2521101,0.19124542,0.13352214,0.0,0.0,0.0,0.0,0.42312232,0.0,0.0
4,7,0.2521101,0.19124542,0.13352214,0.0,0.0,0.0,0.0,0.42312232,0.0,0.0
4,7,0.2521101,0.19124542,0.13352214,0.0,0.0,0.0,0.0,0.42312232,0.0,0.0
4,7,0.2521101,0.19124542,0.13352214,0.0,0.0,0.0,0.0,0.42312232,0.0,0.0
4,7,0.2521101,0.19124542,0.13352214,0.0,0.0,0.0,0.0,0.42312232,0.0,0.0
4,7,0.2521101,0.19124542,0.13352214,0.0,0.0,0.0,0.0,0.42312232,0.0,0.0
4,7,0.2521101,0.19124542,0.13352214,0.0,0.0,0.0,0.0,0.42312232,0.0,0.0
4,7,0.2521101,0.19124542,0.13352214,0.0,0.0,0.0,0.0,0.42312232,0.0,0.0
4,7,0.2521101,0.19124542,0.13352214,0.0,0.0,0.0,0.0,0.42312232,0.0,0.0
4,7,0.2521101,0.19124542,0.13352214,0.0,0.0,0.0,0.0,0.42312232,0.0,0.0
4,7,0.2521101,0.19124542,0.13352214,0.0,0.0,0.0,0.0,0.42312232,0.0,0.0
4,7,0.2521101,0.19124542,0.13352214,0.0,0.0,0.0,0.0,0.42312232,0.0,0.0
4,7,0.25211012,0.25284216,0.13352215,0.0,0.0,0.0,0.0,0.36152562,0.0,0.0
4,7,0.25211012,0.25284216,0.13352215,0.0,0.0,0.0,0.0,0.36152562,0.0,0.0
4,7,0.25211012,0.25284216,0.13352215,0.0,0.0,0.0,0.0,0.36152562,0.0,0.0
4,7,0.25211012,0.25284216,0.13352215,0.0,0.0,0.0,0.0,0.36152562,0.0,0.0
4,7,0.25211012,0.25284216,0.13352215,0.0,0.0,0.0,0.0,0.36152562,0.0,0.0
4,7,0.25211012,0.25284216,0.13352215,0.0,0.0,0.0,0.0,0.36152562,0.0,0.0
4,7,0.25211012,0.25284216,0.13352215,0.0,0.0,0.0,0.0,0.36152562,0.0,0.0
4,1,0.25211012,0.3130345,0.13352215,0.0,0.0,0.0,0.0,0.30133328,0.0,0.0
4,1,0.25211012,0.3130345,0.13352215,0.0,0.0,0.0,0.0,0.30133328,0.0,0.0
4,1,0.25211012,0.3130345,0.13352215,0.0,0.0,0.0,0.0,0.30133328,0.0,0.0
4,1,0.25211012,0.3130345,0.13352215,0.0,0.0,0.0,0.0,0.30133328,0.0,0.0
4,1,0.25211012,0.3130345,0.13352215,0.0,0.0,0.0,0.0,0.30133328,0.0,0.0
4,1,0.25211012,0.37308595,0.13352215,0.0,0.0,0.0,0.0,0.2412818,0.0,0.0
4,1,0.25211012,0.37308595,0.193763,0.0,0.0,0.0,0.0,0.18104096,0.0,0.0
4,1,0.25211012,0.37308595,0.193763,0.0,0.0,0.0,0.0,0.18104096,0.0,0.0
4,1,0.25211012,0.37308595,0.193763,0.0,0.0,0.0,0.0,0.18104096,0.0,0.0
4,1,0.25211012,0.37308595,0.193763,0.0,0.0,0.0,0.0,0.18104096,0.0,0.0
4,1,0.25211012,0.37308595,0.193763,0.0,0.0,0.0,0.0,0.18104096,0.0,0.0
4,1,0.25211012,0.37308595,0.193763,0.0,0.0,0.0,0.0,0.18104096,0.0,0.0
4,1,0.25211012,0.37308595,0.193763,0.0,0.0,0.0,0.0,0.18104096,0.0,0.0
4,1,0.25211012,0.37308595,0.193763,0.0,0.0,0.0,0.0,0.18104096,0.0,0.0
4,1,0.25211012,0.37308595,0.193763,0.0,0.0,0.0,0.0,0.18104096,0.0,0.0
4,1,0.25211012,0.37308595,0.193763,0.0,0.0,0.0,0.0,0.18104096,0.0,0.0
4,1,0.25211012,0.37308595,0.193763,0.0,0.0,0.0,0.0,0.18104096,0.0,0.0
4,1,0.2521101,0.37308592,0.25332302,0.0,0.0,0.0,0.0,0.12148088,0.0,0.0
4,1,0.2521101,0.37308592,0.25332302,0.0,0.0,0.0,0.0,0.12148088,0.0,0.0
4,1,0.2521101,0.37308592,0.25332302,0.0,0.0,0.0,0.0,0.12148088,0.0,0.0
4,1,0.2521101,0.37308592,0.25332302,0.0,0.0,0.0,0.0,0.12148088,0.0,0.0
4,1,0.2521101,0.37308592,0.25332302,0.0,0.0,0.0,0.0,0.12148088,0.0,0.0
4,1,0.2521101,0.37308592,0.25332302,0.0,0.0,0.0,0.0,0.12148088,0.0,0.0
4,1,0.2521101,0.37308592,0.25332302,0.0,0.0,0.0,0.0,0.12148088,0.0,0.0
4,1,0.2521101,0.37308592,0.25332302,0.0,0.0,0.0,0.0,0.12148088,0.0,0.0
4,1,0.25211012,0.43550795,0.31238192,0.0,0.0,0.0,0.0,0.0,0.0,0.0
4,1,0.25211012,0.43550795,0.31238192,0.0,0.0,0.0,0.0,0.0,0.0,0.0
4,1,0.25211012,0.43550795,0.31238192,0.0,0.0,0.0,0.0,0.0,0.0,0.0
4,1,0.25211012,0.43550795,0.31238192,0.0,0.0,0.0,0.0,0.0,0.0,0.0
4,1,0.25211012,0.43550795,0.31238192,0.0,0.0,0.0,0.0,0.0,0.0,0.0
4,1,0.25211012,0.43550795,0.31238192,0.0,0.0,0.0,0.0,0.0,0.0,0.0
4,1,0.25211012,0.43550795,0.31238192,0.0,0.0,0.0,0.0,0.0,0.0,0.0
4,1,0.25211012,0.43550795,0.31238192,0.0,0.0,0.0,0.0,0.0,0.0,0.0
4,1,0.25211012,0.43550795,0.31238192,0.0,0.0,0.0,0.0,0.0,0.0,0.0
4,1,0.25211012,0.43550795,0.31238192,0.0,0.0,0.0,0.0,0.0,0.0,0.0
4,1,0.25211012,0.43550795,0.31238192,0.0,0.0,0.0,0.0,0.0,0.0,0.0
4,1,0.25211012,0.43550795,0.31238192,0.0,0.0,0.0,0.0,0.0,0.0,0.0
4,1,0.25211012,0.43550795,0.31238192,0.0,0.0,0.0,0.0,0.0,0.0,0.0
4,1,0.25211012,0.43550795,0.31238192,0.0,0.0,0.0,0.0,0.0,0.0,0.0
1,1,0.25211012,0.43550795,0.31238192,0.0,0.0,0.0,0.0,0.0,0.0,0.0
1,1,0.25211012,0.43550795,0.31238192,0.0,0.0,0.0,0.0,0.0,0.0,0.0
1,1,0.25211012,0.43550795,0.31238192,0.0,0.0,0.0,0.0,0.0,0.0,0.0
1,1,0.25211012,0.43550795,0.31238192,0.0,0.0,0.0,0.0,0.0,0.0,0.0
1,1,0.25211012,0.43550795,0.31238192,0.0,0.0,0.0,0.0,0.0,0.0,0.0
1,1,0.25211012,0.43550795,0.31238192,0.0,0.0,0.0,0.0,0.0,0.0,0.0
1,1,0.25211012,0.43550795,0.31238192,0.0,0.0,0.0,0.0,0.0,0.0,0.0
1,1,0.25211012,0.43550795,0.31238192,0.0,0.0,0.0,0.0,0.0,0.0,0.0
1,1,0.25211012,0.43550795,0.31238192,0.0,0.0,0.0,0.0,0.0,0.0,0.0
1,1,0.25211012,0.43550795,0.31238192,0.0,0.0,0.0,0.0,0.0,0.0,0.0
1,1,0.25211012,0.43550795,0.31238192,0.0,0.0,0.0,0.0,0.0,0.0,0.0
1,1,0.25211012,0.43550795,0.31238192,0.0,0.0,0.0,0.0,0.0,0.0,0.0
1,1,0.25211012,0.43550795,0.31238192,0.0,0.0,0.0,0.0,0.0,0.0,0.0
1,1,0.25211012,0.43550795,0.31238192,0.0,0.0,0.0,0.0,0.0,0.0,0.0
1,1,0.25211012,0.43550795,0.31238192,0.0,0.0,0.0,0.0,0.0,0.0,0.0
1,1,0.25211012,0.43550795,0.31238192,0.0,0.0,0.0,0.0,0.0,0.0,0.0
1,1,0.25211012,0.43550795,0.31238192,0.0,0.0,0.0,0.0,0.0,0.0,0.0
1,1,0.25211012,0.43550795,0.31238192,0.0,0.0,0.0,0.0,0.0,0.0,0.0
1,1,0.25211012,0.43550795,0.31238192,0.0,0.0,0.0,0.0,0.0,0.0,0.0
1,1,0.25211012,0.43550795,0.31238192,0.0,0.0,0.0,0.0,0.0,0.0,0.0
1,1,0.25211012,0.43550795,0.31238192,0.0,0.0,0.0,0.0,0.0,0.0,0.0
1,1,0.25211012,0.43550795,0.31238192,0.0,0.0,0.0,0.0,0.0,0.0,0.0
1,1,0.25211012,0.43550795,0.31238192,0.0,0.0,0.0,0.0,0.0,0.0,0.0
1,1,0.25211012,0.43550795,0.31238192,0.0,0.0,0.0,0.0,0.0,0.0,0.0
1,1,0.25211012,0.43550795,0.31238192,0.0,0.0,0.0,0.0,0.0,0.0,0.0
1,1,0.25211012,0.43550795,0.31238192,0.0,0.0,0.0,0.0,0.0,0.0,0.0
1,1,0.25211012,0.43550795,0.31238192,0.0,0.0,0.0,0.0,0.0,0.0,0.0
1,1,0.25211012,0.43550795,0.31238192,0.0,0.0,0.0,0.0,0.0,0.0,0.0
1,1,0.25211012,0.43550795,0.31238192,0.0,0.0,0.0,0.0,0.0,0.0,0.0
1,1,0.25211012,0.43550795,0.31238192,0.0,0.0,0.0,0.0,0.0,0.0,0.0
1,1,0.25211012,0.43550795,0.31238192,0.0,0.0,0.0,0.0,0.0,0.0,0.0
1,1,0.25211012,0.43550795,0.31238192,0.0,0.0,0.0,0.0,0.0,0.0,0.0
1,1,0.25211012,0.43550795,0.31238192,0.0,0.0,0.0,0.0,0.0,0.0,0.0
1,1,0.25211012,0.43550795,0.31238192,0.0,0.0,0.0,0.0,0.0,0.0,0.0
1,1,0.25211012,0.43550795,0.31238192,0.0,0.0,0.0,0.0,0.0,0.0,0.0
1,1,0.25211012,0.43550795,0.31238192,0.0,0.0,0.0,0.0,0.0,0.0,0.0
1,1,0.25211012,0.43550795,0.31238192,0.0,0.0,0.0,0.0,0.0,0.0,0.0
1,1,0.25211012,0.43550795,0.31238192,0.0,0.0,0.0,0.0,0.0,0.0,0.0
1,1,0.25211012,0.43550795,0.31238192,0.0,0.0,0.0,0.0,0.0,0.0,0.0
1,1,0.25211012,0.43550795,0.31238192,0.0,0.0,0.0,0.0,0.0,0.0,0.0
1,1,0.25211012,0.43550795,0.31238192,0.0,0.0,0.0,0.0,0.0,0.0,0.0
1,1,0.25211012,0.43550795,0.31238192,0.0,0.0,0.0,0.0,0.0,0.0,0.0
1,1,0.25211012,0.43550795,0.31238192,0.0,0.0,0.0,0.0,0.0,0.0,0.0
1,1,0.25211012,0.43550795,0.31238192,0.0,0.0,0.0,0.0,0.0,0.0,0.0
1,1,0.25211012,0.43550795,0.31238192,0.0,0.0,0.0,0.0,0.0,0.0,0.0
1,1,0.25211012,0.43550795,0.31238192,0.0,0.0,0.0,0.0,0.0,0.0,0.0
1,1,0.25211012,0.43550795,0.31238192,0.0,0.0,0.0,0.0,0.0,0.0,0.0
1,1,0.25211012,0.43550795,0.31238192,0.0,0.0,0.0,0.0,0.0,0.0,0.0
1,1,0.25211012,0.43550795,0.31238192,0.0,0.0,0.0,0.0,0.0,0.0,0.0
1,1,0.25211012,0.43550795,0.31238192,0.0,0.0,0.0,0.0,0.0,0.0,0.0
1,1,0.25211012,0.43550795,0.31238192,0.0,0.0,0.0,0.0,0.0,0.0,0.0
1,1,0.25211012,0.43550795,0.31238192,0.0,0.0,0.0,0.0,0.0,0.0,0.0
1,1,0.25211012,0.43550795,0.31238192,0.0,0.0,0.0,0.0,0.0,0.0,0.0
1,1,0.25211012,0.43550795,0.31238192,0.0,0.0,0.0,0.0,0.0,0.0,0.0
1,1,0.25211012,0.43550795,0.31238192,0.0,0.0,0.0,0.0,0.0,0.0,0.0
1,1,0.25211012,0.43550795,0.31238192,0.0,0.0,0.0,0.0,0.0,0.0,0.0
1,1,0.25211012,0.43550795,0.31238192,0.0,0.0,0.0,0.0,0.0,0.0,0.0
1,1,0.25211012,0.43550795,0.31238192,0.0,0.0,0.0,0.0,0.0,0.0,0.0
1,1,0.25211012,0.43550795,0.31238192,0.0,0.0,0.0,0.0,0.0,0.0,0.0
1,1,0.25211012,0.43550795,0.31238192,0.0,0.0,0.0,0.0,0.0,0.0,0.0
1,1,0.25211012,0.43550795,0.31238192,0.0,0.0,0.0,0.0,0.0,0.0,0.0
1,1,0.25211012,0.43550795,0.31238192,0.0,0.0,0.0,0.0,0.0,0.0,0.0
1,1,0.25211015,0.37481153,0.3730784,0.0,0.0,0.0,0.0,0.0,0.0,0.0
1,1,0.25211015,0.37481153,0.3730784,0.0,0.0,0.0,0.0,0.0,0.0,0.0
1,1,0.25211015,0.37481153,0.3730784,0.0,0.0,0.0,0.0,0.0,0.0,0.0
1,1,0.25211015,0.37481153,0.3730784,0.0,0.0,0.0,0.0,0.0,0.0,0.0
1,1,0.25211015,0.37481153,0.3730784,0.0,0.0,0.0,0.0,0.0,0.0,0.0
1,1,0.25211015,0.37481153,0.3730784,0.0,0.0,0.0,0.0,0.0,0.0,0.0
1,1,0.25211015,0.37481153,0.3730784,0.0,0.0,0.0,0.0,0.0,0.0,0.0
1,1,0.25211015,0.37481153,0.3730784,0.0,0.0,0.0,0.0,0.0,0.0,0.0
1,1,0.25211015,0.37481153,0.3730784,0.0,0.0,0.0,0.0,0.0,0.0,0.0
1,1,0.25211015,0.37481153,0.3730784,0.0,0.0,0.0,0.0,0.0,0.0,0.0
1,1,0.25211015,0.37481153,0.3730784,0.0,0.0,0.0,0.0,0.0,0.0,0.0
1,1,0.25211015,0.37481153,0.3730784,0.0,0.0,0.0,0.0,0.0,0.0,0.0
1,2,0.2521101,0.3123895,0.43550035,0.0,0.0,0.0,0.0,0.0,0.0,0.0
1,2,0.2521101,0.3123895,0.43550035,0.0,0.0,0.0,0.0,0.0,0.0,0.0
1,2,0.2521101,0.3123895,0.43550035,0.0,0.0,0.0,0.0,0.0,0.0,0.0
1,2,0.2521101,0.3123895,0.43550035,0.0,0.0,0.0,0.0,0.0,0.0,0.0
1,2,0.2521101,0.3123895,0.43550035,0.0,0.0,0.0,0.0,0.0,0.0,0.0
1,2,0.2521101,0.3123895,0.43550035,0.0,0.0,0.0,0.0,0.0,0.0,0.0
1,2,0.2521101,0.3123895,0.43550035,0.0,0.0,0.0,0.0,0.0,0.0,0.0
1,2,0.2521101,0.3123895,0.43550035,0.0,0.0,0.0,0.0,0.0,0.0,0.0
1,2,0.19163737,0.3123895,0.4959731,0.0,0.0,0.0,0.0,0.0,0.0,0.0
1,2,0.19163737,0.3123895,0.4959731,0.0,0.0,0.0,0.0,0.0,0.0,0.0
1,2,0.19163737,0.3123895,0.4959731,0.0,0.0,0.0,0.0,0.0,0.0,0.0
1,2,0.19163737,0.3123895,0.4959731,0.0,0.0,0.0,0.0,0.0,0.0,0.0
1,2,0.19163737,0.3123895,0.4959731,0.0,0.0,0.0,0.0,0.0,0.0,0.0
1,2,0.19163737,0.3123895,0.4959731,0.0,0.0,0.0,0.0,0.0,0.0,0.0
1,2,0.19163737,0.3123895,0.4959731,0.0,0.0,0.0,0.0,0.0,0.0,0.0
1,2,0.19163737,0.3123895,0.4959731,0.0,0.0,0.0,0.0,0.0,0.0,0.0
1,2,0.19163737,0.3123895,0.4959731,0.0,0.0,0.0,0.0,0.0,0.0,0.0
1,2,0.19163737,0.3123895,0.4959731,0.0,0.0,0.0,0.0,0.0,0.0,0.0
1,2,0.19163737,0.3123895,0.4959731,0.0,0.0,0.0,0.0,0.0,0.0,0.0
1,2,0.19163737,0.3123895,0.4959731,0.0,0.0,0.0,0.0,0.0,0.0,0.0
1,2,0.19163737,0.3123895,0.4959731,0.0,0.0,0.0,0.0,0.0,0.0,0.0
1,2,0.19163737,0.3123895,0.4959731,0.0,0.0,0.0,0.0,0.0,0.0,0.0
1,2,0.19163737,0.3123895,0.4959731,0.0,0.0,0.0,0.0,0.0,0.0,0.0
1,2,0.19163737,0.3123895,0.4959731,0.0,0.0,0.0,0.0,0.0,0.0,0.0
1,2,0.19163737,0.3123895,0.4959731,0.0,0.0,0.0,0.0,0.0,0.0,0.0
1,2,0.19163737,0.3123895,0.4959731,0.0,0.0,0.0,0.0,0.0,0.0,0.0
1,2,0.19163737,0.3123895,0.4959731,0.0,0.0,0.0,0.0,0.0,0.0,0.0
1,2,0.19163737,0.3123895,0.4959731,0.0,0.0,0.0,0.0,0.0,0.0,0.0
1,2,0.19163737,0.3123895,0.4959731,0.0,0.0,0.0,0.0,0.0,0.0,0.0
1,2,0.19163737,0.3123895,0.4959731,0.0,0.0,0.0,0.0,0.0,0.0,0.0
1,2,0.19163737,0.3123895,0.4959731,0.0,0.0,0.0,0.0,0.0,0.0,0.0
1,2,0.19163737,0.3123895,0.4959731,0.0,0.0,0.0,0.0,0.0,0.0,0.0
1,2,0.19163737,0.3123895,0.4959731,0.0,0.0,0.0,0.0,0.0,0.0,0.0
1,2,0.19163737,0.25219715,0.55616546,0.0,0.0,0.0,0.0,0.0,0.0,0.0
1,2,0.19163737,0.25219715,0.55616546,0.0,0.0,0.0,0.0,0.0,0.0,0.0
1,2,0.19163737,0.25219715,0.55616546,0.0,0.0,0.0,0.0,0.0,0.0,0.0
1,2,0.19163737,0.25219715,0.55616546,0.0,0.0,0.0,0.0,0.0,0.0,0.0
1,2,0.19163737,0.25219715,0.55616546,0.0,0.0,0.0,0.0,0.0,0.0,0.0
1,2,0.19163737,0.25219715,0.55616546,0.0,0.0,0.0,0.0,0.0,0.0,0.0
1,2,0.19163737,0.25219715,0.55616546,0.0,0.0,0.0,0.0,0.0,0.0,0.0
1,2,0.19163737,0.25219715,0.55616546,0.0,0.0,0.0,0.0,0.0,0.0,0.0
1,2,0.19163737,0.25219715,0.55616546,0.0,0.0,0.0,0.0,0.0,0.0,0.0
1,2,0.19163737,0.25219715,0.55616546,0.0,0.0,0.0,0.0,0.0,0.0,0.0
1,2,0.19163737,0.25219715,0.55616546,0.0,0.0,0.0,0.0,0.0,0.0,0.0
1,2,0.19163737,0.25219715,0.55616546,0.0,0.0,0.0,0.0,0.0,0.0,0.0
1,2,0.19163737,0.25219715,0.55616546,0.0,0.0,0.0,0.0,0.0,0.0,0.0
1,2,0.19163737,0.25219715,0.55616546,0.0,0.0,0.0,0.0,0.0,0.0,0.0
1,2,0.19163737,0.25219715,0.55616546,0.0,0.0,0.0,0.0,0.0,0.0,0.0
1,2,0.19163737,0.25219715,0.55616546,0.0,0.0,0.0,0.0,0.0,0.0,0.0
1,2,0.19163737,0.25219715,0.55616546,0.0,0.0,0.0,0.0,0.0,0.0,0.0
1,2,0.19163737,0.25219715,0.55616546,0.0,0.0,0.0,0.0,0.0,0.0,0.0
1,2,0.19163737,0.25219715,0.55616546,0.0,0.0,0.0,0.0,0.0,0.0,0.0
1,2,0.19163737,0.25219715,0.55616546,0.0,0.0,0.0,0.0,0.0,0.0,0.0
1,2,0.19163737,0.25219715,0.55616546,0.0,0.0,0.0,0.0,0.0,0.0,0.0
1,2,0.19163737,0.25219715,0.55616546,0.0,0.0,0.0,0.0,0.0,0.0,0.0
1,2,0.19163737,0.25219715,0.55616546,0.0,0.0,0.0,0.0,0.0,0.0,0.0
1,2,0.19163737,0.25219715,0.55616546,0.0,0.0,0.0,0.0,0.0,0.0,0.0
1,2,0.19163737,0.25219715,0.55616546,0.0,0.0,0.0,0.0,0.0,0.0,0.0
1,2,0.19163737,0.25219715,0.55616546,0.0,0.0,0.0,0.0,0.0,0.0,0.0
1,2,0.19163737,0.25219715,0.55616546,0.0,0.0,0.0,0.0,0.0,0.0,0.0
1,2,0.19163737,0.25219715,0.55616546,0.0,0.0,0.0,0.0,0.0,0.0,0.0
1,2,0.19163737,0.25219715,0.55616546,0.0,0.0,0.0,0.0,0.0,0.0,0.0
1,2,0.19163737,0.25219715,0.55616546,0.0,0.0,0.0,0.0,0.0,0.0,0.0
1,2,0.19163737,0.25219715,0.55616546,0.0,0.0,0.0,0.0,0.0,0.0,0.0
1,2,0.19163737,0.25219715,0.55616546,0.0,0.0,0.0,0.0,0.0,0.0,0.0
1,2,0.19163737,0.25219715,0.55616546,0.0,0.0,0.0,0.0,0.0,0.0,0.0
1,2,0.19163737,0.25219715,0.55616546,0.0,0.0,0.0,0.0,0.0,0.0,0.0
1,2,0.19163737,0.25219715,0.55616546,0.0,0.0,0.0,0.0,0.0,0.0,0.0
1,2,0.19163737,0.25219715,0.55616546,0.0,0.0,0.0,0.0,0.0,0.0,0.0
1,2,0.19163737,0.25219715,0.55616546,0.0,0.0,0.0,0.0,0.0,0.0,0.0
1,2,0.19163737,0.25219715,0.55616546,0.0,0.0,0.0,0.0,0.0,0.0,0.0
1,2,0.19163737,0.25219715,0.55616546,0.0,0.0,0.0,0.0,0.0,0.0,0.0
1,2,0.19163737,0.19060044,0.6177622,0.0,0.0,0.0,0.0,0.0,0.0,0.0
1,2,0.19163737,0.19060044,0.6177622,0.0,0.0,0.0,0.0,0.0,0.0,0.0
1,2,0.19163737,0.19060044,0.6177622,0.0,0.0,0.0,0.0,0.0,0.0,0.0
1,2,0.19163737,0.19060044,0.6177622,0.0,0.0,0.0,0.0,0.0,0.0,0.0
1,2,0.19163738,0.12718005,0.68118256,0.0,0.0,0.0,0.0,0.0,0.0,0.0
1,2,0.19163738,0.12718005,0.68118256,0.0,0.0,0.0,0.0,0.0,0.0,0.0
1,2,0.19163738,0.12718005,0.68118256,0.0,0.0,0.0,0.0,0.0,0.0,0.0
1,2,0.19163738,0.12718005,0.68118256,0.0,0.0,0.0,0.0,0.0,0.0,0.0
1,2,0.19163738,0.12718005,0.68118256,0.0,0.0,0.0,0.0,0.0,0.0,0.0
1,2,0.19163738,0.12718005,0.68118256,0.0,0.0,0.0,0.0,0.0,0.0,0.0
1,2,0.19163738,0.12718005,0.68118256,0.0,0.0,0.0,0.0,0.0,0.0,0.0
1,2,0.19163738,0.12718005,0.68118256,0.0,0.0,0.0,0.0,0.0,0.0,0.0
1,2,0.19163738,0.12718005,0.68118256,0.0,0.0,0.0,0.0,0.0,0.0,0.0
1,2,0.19163738,0.12718005,0.68118256,0.0,0.0,0.0,0.0,0.0,0.0,0.0
1,2,0.19163738,0.12718005,0.68118256,0.0,0.0,0.0,0.0,0.0,0.0,0.0
1,2,0.19163738,0.12718005,0.68118256,0.0,0.0,0.0,0.0,0.0,0.0,0.0
1,2,0.19163738,0.12718005,0.68118256,0.0,0.0,0.0,0.0,0.0,0.0,0.0
1,2,0.19163738,0.12718005,0.68118256,0.0,0.0,0.0,0.0,0.0,0.0,0.0
1,2,0.19163738,0.12718005,0.68118256,0.0,0.0,0.0,0.0,0.0,0.0,0.0
1,2,0.19163738,0.12718005,0.68118256,0.0,0.0,0.0,0.0,0.0,0.0,0.0
1,2,0.19163738,0.12718005,0.68118256,0.0,0.0,0.0,0.0,0.0,0.0,0.0
1,2,0.19163738,0.12718005,0.68118256,0.0,0.0,0.0,0.0,0.0,0.0,0.0
1,2,0.19163738,0.12718005,0.68118256,0.0,0.0,0.0,0.0,0.0,0.0,0.0
1,2,0.19163738,0.12718005,0.68118256,0.0,0.0,0.0,0.0,0.0,0.0,0.0
1,2,0.19163738,0.12718005,0.68118256,0.0,0.0,0.0,0.0,0.0,0.0,0.0
1,2,0.19163738,0.12718005,0.68118256,0.0,0.0,0.0,0.0,0.0,0.0,0.0
1,2,0.19163738,0.12718005,0.68118256,0.0,0.0,0.0,0.0,0.0,0.0,0.0
1,2,0.19163738,0.12718005,0.68118256,0.0,0.0,0.0,0.0,0.0,0.0,0.0
1,2,0.19163738,0.12718005,0.68118256,0.0,0.0,0.0,0.0,0.0,0.0,0.0
1,2,0.19163738,0.12718005,0.68118256,0.0,0.0,0.0,0.0,0.0,0.0,0.0
1,2,0.12272595,0.12718005,0.750094,0.0,0.0,0.0,0.0,0.0,0.0,0.0
1,2,0.12272595,0.12718005,0.750094,0.0,0.0,0.0,0.0,0.0,0.0,0.0
1,2,0.12272595,0.12718005,0.750094,0.0,0.0,0.0,0.0,0.0,0.0,0.0
1,2,0.12272595,0.12718005,0.750094,0.0,0.0,0.0,0.0,0.0,0.0,0.0
1,2,0.12272595,0.12718005,0.750094,0.0,0.0,0.0,0.0,0.0,0.0,0.0
1,2,0.12272595,0.12718005,0.750094,0.0,0.0,0.0,0.0,0.0,0.0,0.0
1,2,0.12272595,0.12718005,0.750094,0.0,0.0,0.0,0.0,0.0,0.0,0.0
1,2,0.12272595,0.12718005,0.750094,0.0,0.0,0.0,0.0,0.0,0.0,0.0
1,2,0.12272595,0.12718005,0.750094,0.0,0.0,0.0,0.0,0.0,0.0,0.0
1,2,0.12272595,0.12718005,0.750094,0.0,0.0,0.0,0.0,0.0,0.0,0.0
1,2,0.12272595,0.12718005,0.750094,0.0,0.0,0.0,0.0,0.0,0.0,0.0
1,2,0.12272595,0.12718005,0.750094,0.0,0.0,0.0,0.0,0.0,0.0,0.0
1,2,0.12272595,0.12718005,0.750094,0.0,0.0,0.0,0.0,0.0,0.0,0.0
1,2,0.12272595,0.12718005,0.750094,0.0,0.0,0.0,0.0,0.0,0.0,0.0
1,2,0.06428982,0.12718005,0.80853015,0.0,0.0,0.0,0.0,0.0,0.0,0.0
1,2,0.06428982,0.12718005,0.80853015,0.0,0.0,0.0,0.0,0.0,0.0,0.0
1,2,0.06428982,0.12718005,0.80853015,0.0,0.0,0.0,0.0,0.0,0.0,0.0
1,2,0.06428982,0.12718005,0.80853015,0.0,0.0,0.0,0.0,0.0,0.0,0.0
1,2,0.06428982,0.12718005,0.80853015,0.0,0.0,0.0,0.0,0.0,0.0,0.0
1,2,0.06428982,0.12718005,0.80853015,0.0,0.0,0.0,0.0,0.0,0.0,0.0
1,2,0.06428982,0.12718005,0.80853015,0.0,0.0,0.0,0.0,0.0,0.0,0.0
1,2,0.06428982,0.12718005,0.80853015,0.0,0.0,0.0,0.0,0.0,0.0,0.0
1,2,0.06428982,0.12718005,0.80853015,0.0,0.0,0.0,0.0,0.0,0.0,0.0
1,2,0.06428982,0.12718005,0.80853015,0.0,0.0,0.0,0.0,0.0,0.0,0.0
1,2,0.06428982,0.12718005,0.80853015,0.0,0.0,0.0,0.0,0.0,0.0,0.0
1,2,0.06428982,0.12718005,0.80853015,0.0,0.0,0.0,0.0,0.0,0.0,0.0
1,2,0.06428982,0.12718005,0.80853015,0.0,0.0,0.0,0.0,0.0,0.0,0.0
1,2,0.06428982,0.12718005,0.80853015,0.0,0.0,0.0,0.0,0.0,0.0,0.0
1,2,0.06428982,0.12718005,0.80853015,0.0,0.0,0.0,0.0,0.0,0.0,0.0
1,2,0.06428982,0.12718005,0.80853015,0.0,0.0,0.0,0.0,0.0,0.0,0.0
1,2,0.06428982,0.12718005,0.80853015,0.0,0.0,0.0,0.0,0.0,0.0,0.0
1,2,0.06428982,0.12718005,0.80853015,0.0,0.0,0.0,0.0,0.0,0.0,0.0
1,2,0.06428982,0.12718005,0.80853015,0.0,0.0,0.0,0.0,0.0,0.0,0.0
1,2,0.06428982,0.12718005,0.80853015,0.0,0.0,0.0,0.0,0.0,0.0,0.0
1,2,0.06428982,0.12718005,0.80853015,0.0,0.0,0.0,0.0,0.0,0.0,0.0
1,2,0.06428982,0.12718005,0.80853015,0.0,0.0,0.0,0.0,0.0,0.0,0.0
1,2,0.06428982,0.12718005,0.80853015,0.0,0.0,0.0,0.0,0.0,0.0,0.0
1,2,0.06428982,0.12718005,0.80853015,0.0,0.0,0.0,0.0,0.0,0.0,0.0
1,2,0.06428982,0.12718005,0.80853015,0.0,0.0,0.0,0.0,0.0,0.0,0.0
1,2,0.06428982,0.12718005,0.80853015,0.0,0.0,0.0,0.0,0.0,0.0,0.0
1,2,0.06428982,0.12718005,0.80853015,0.0,0.0,0.0,0.0,0.0,0.0,0.0
1,2,0.06428982,0.12718005,0.80853015,0.0,0.0,0.0,0.0,0.0,0.0,0.0
1,2,0.06428982,0.067128584,0.8685816,0.0,0.0,0.0,0.0,0.0,0.0,0.0
1,2,0.06428982,0.067128584,0.8685816,0.0,0.0,0.0,0.0,0.0,0.0,0.0
1,2,0.06428982,0.067128584,0.8685816,0.0,0.0,0.0,0.0,0.0,0.0,0.0
1,2,0.06428982,0.067128584,0.8685816,0.0,0.0,0.0,0.0,0.0,0.0,0.0
1,2,0.06428982,0.067128584,0.8685816,0.0,0.0,0.0,0.0,0.0,0.0,0.0
1,2,0.06428982,0.067128584,0.8685816,0.0,0.0,0.0,0.0,0.0,0.0,0.0
1,2,0.06428982,0.067128584,0.8685816,0.0,0.0,0.0,0.0,0.0,0.0,0.0
1,2,0.06428982,0.067128584,0.8685816,0.0,0.0,0.0,0.0,0.0,0.0,0.0
1,2,0.06428982,0.067128584,0.8685816,0.0,0.0,0.0,0.0,0.0,0.0,0.0
1,2,0.06428982,0.067128584,0.8685816,0.0,0.0,0.0,0.0,0.0,0.0,0.0
1,2,0.06428982,0.067128584,0.8685816,0.0,0.0,0.0,0.0,0.0,0.0,0.0
1,2,0.06428982,0.067128584,0.8685816,0.0,0.0,0.0,0.0,0.0,0.0,0.0
1,2,0.06428982,0.067128584,0.8685816,0.0,0.0,0.0,0.0,0.0,0.0,0.0
1,2,0.06428982,0.067128584,0.8685816,0.0,0.0,0.0,0.0,0.0,0.0,0.0
1,2,0.06428982,0.067128584,0.8685816,0.0,0.0,0.0,0.0,0.0,0.0,0.0
1,2,0.06428982,0.067128584,0.8685816,0.0,0.0,0.0,0.0,0.0,0.0,0.0
1,2,0.0,0.067128584,0.9328714,0.0,0.0,0.0,0.0,0.0,0.0,0.0
1,2,0.0,0.067128584,0.9328714,0.0,0.0,0.0,0.0,0.0,0.0,0.0
1,2,0.0,0.067128584,0.9328714,0.0,0.0,0.0,0.0,0.0,0.0,0.0
1,2,0.0,0.067128584,0.9328714,0.0,0.0,0.0,0.0,0.0,0.0,0.0
1,2,0.0,0.067128584,0.9328714,0.0,0.0,0.0,0.0,0.0,0.0,0.0
1,2,0.0,0.067128584,0.9328714,0.0,0.0,0.0,0.0,0.0,0.0,0.0
1,2,0.0,0.067128584,0.9328714,0.0,0.0,0.0,0.0,0.0,0.0,0.0
1,2,0.0,0.067128584,0.9328714,0.0,0.0,0.0,0.0,0.0,0.0,0.0
1,2,0.0,0.0,1.0,0.0,0.0,0.0,0.0,0.0,0.0,0.0
1,2,0.0,0.0,1.0,0.0,0.0,0.0,0.0,0.0,0.0,0.0
1,2,0.0,0.0,1.0,0.0,0.0,0.0,0.0,0.0,0.0,0.0
1,2,0.0,0.0,1.0,0.0,0.0,0.0,0.0,0.0,0.0,0.0
1,2,0.0,0.0,1.0,0.0,0.0,0.0,0.0,0.0,0.0,0.0
1,2,0.0,0.0,1.0,0.0,0.0,0.0,0.0,0.0,0.0,0.0
1,2,0.0,0.0,1.0,0.0,0.0,0.0,0.0,0.0,0.0,0.0
1,2,0.0,0.0,1.0,0.0,0.0,0.0,0.0,0.0,0.0,0.0
1,2,0.0,0.0,1.0,0.0,0.0,0.0,0.0,0.0,0.0,0.0
1,2,0.0,0.0,1.0,0.0,0.0,0.0,0.0,0.0,0.0,0.0
1,2,0.0,0.0,1.0,0.0,0.0,0.0,0.0,0.0,0.0,0.0
1,2,0.0,0.0,1.0,0.0,0.0,0.0,0.0,0.0,0.0,0.0
1,2,0.0,0.0,1.0,0.0,0.0,0.0,0.0,0.0,0.0,0.0
1,2,0.0,0.0,1.0,0.0,0.0,0.0,0.0,0.0,0.0,0.0
1,2,0.0,0.0,1.0,0.0,0.0,0.0,0.0,0.0,0.0,0.0
1,2,0.0,0.0,1.0,0.0,0.0,0.0,0.0,0.0,0.0,0.0
1,2,0.0,0.0,1.0,0.0,0.0,0.0,0.0,0.0,0.0,0.0
1,2,0.0,0.0,1.0,0.0,0.0,0.0,0.0,0.0,0.0,0.0
1,2,0.0,0.0,1.0,0.0,0.0,0.0,0.0,0.0,0.0,0.0
1,2,0.0,0.0,1.0,0.0,0.0,0.0,0.0,0.0,0.0,0.0
1,2,0.0,0.0,1.0,0.0,0.0,0.0,0.0,0.0,0.0,0.0
1,2,0.0,0.0,1.0,0.0,0.0,0.0,0.0,0.0,0.0,0.0
1,2,0.0,0.0,1.0,0.0,0.0,0.0,0.0,0.0,0.0,0.0
1,2,0.0,0.0,1.0,0.0,0.0,0.0,0.0,0.0,0.0,0.0
1,2,0.0,0.0,1.0,0.0,0.0,0.0,0.0,0.0,0.0,0.0
1,2,0.0,0.0,1.0,0.0,0.0,0.0,0.0,0.0,0.0,0.0
1,2,0.0,0.0,1.0,0.0,0.0,0.0,0.0,0.0,0.0,0.0
1,2,0.0,0.0,1.0,0.0,0.0,0.0,0.0,0.0,0.0,0.0
1,2,0.0,0.0,1.0,0.0,0.0,0.0,0.0,0.0,0.0,0.0
1,2,0.0,0.0,1.0,0.0,0.0,0.0,0.0,0.0,0.0,0.0
1,2,0.0,0.0,1.0,0.0,0.0,0.0,0.0,0.0,0.0,0.0
1,2,0.0,0.0,1.0,0.0,0.0,0.0,0.0,0.0,0.0,0.0
1,2,0.0,0.0,1.0,0.0,0.0,0.0,0.0,0.0,0.0,0.0
1,2,0.0,0.0,1.0,0.0,0.0,0.0,0.0,0.0,0.0,0.0
1,2,0.0,0.0,1.0,0.0,0.0,0.0,0.0,0.0,0.0,0.0
1,2,0.0,0.0,1.0,0.0,0.0,0.0,0.0,0.0,0.0,0.0
1,2,0.0,0.0,1.0,0.0,0.0,0.0,0.0,0.0,0.0,0.0
1,2,0.0,0.0,1.0,0.0,0.0,0.0,0.0,0.0,0.0,0.0
1,2,0.0,0.0,1.0,0.0,0.0,0.0,0.0,0.0,0.0,0.0
1,2,0.0,0.0,1.0,0.0,0.0,0.0,0.0,0.0,0.0,0.0
1,2,0.0,0.0,1.0,0.0,0.0,0.0,0.0,0.0,0.0,0.0
1,2,0.0,0.0,1.0,0.0,0.0,0.0,0.0,0.0,0.0,0.0
1,2,0.0,0.0,1.0,0.0,0.0,0.0,0.0,0.0,0.0,0.0
1,2,0.0,0.0,1.0,0.0,0.0,0.0,0.0,0.0,0.0,0.0
1,2,0.0,0.0,1.0,0.0,0.0,0.0,0.0,0.0,0.0,0.0
1,2,0.0,0.0,1.0,0.0,0.0,0.0,0.0,0.0,0.0,0.0
1,2,0.0,0.0,1.0,0.0,0.0,0.0,0.0,0.0,0.0,0.0
1,2,0.0,0.0,1.0,0.0,0.0,0.0,0.0,0.0,0.0,0.0
1,2,0.0,0.0,1.0,0.0,0.0,0.0,0.0,0.0,0.0,0.0
1,2,0.0,0.0,1.0,0.0,0.0,0.0,0.0,0.0,0.0,0.0
1,2,0.0,0.0,1.0,0.0,0.0,0.0,0.0,0.0,0.0,0.0
1,2,0.0,0.0,1.0,0.0,0.0,0.0,0.0,0.0,0.0,0.0
1,2,0.0,0.0,1.0,0.0,0.0,0.0,0.0,0.0,0.0,0.0
1,2,0.0,0.0,1.0,0.0,0.0,0.0,0.0,0.0,0.0,0.0
1,2,0.0,0.0,1.0,0.0,0.0,0.0,0.0,0.0,0.0,0.0
1,2,0.0,0.0,1.0,0.0,0.0,0.0,0.0,0.0,0.0,0.0
1,2,0.0,0.0,1.0,0.0,0.0,0.0,0.0,0.0,0.0,0.0
1,2,0.0,0.0,1.0,0.0,0.0,0.0,0.0,0.0,0.0,0.0
1,2,0.0,0.0,1.0,0.0,0.0,0.0,0.0,0.0,0.0,0.0
1,2,0.0,0.0,1.0,0.0,0.0,0.0,0.0,0.0,0.0,0.0
1,2,0.0,0.0,1.0,0.0,0.0,0.0,0.0,0.0,0.0,0.0
1,2,0.0,0.0,1.0,0.0,0.0,0.0,0.0,0.0,0.0,0.0
1,2,0.0,0.0,1.0,0.0,0.0,0.0,0.0,0.0,0.0,0.0
1,2,0.0,0.0,1.0,0.0,0.0,0.0,0.0,0.0,0.0,0.0
1,2,0.0,0.0,1.0,0.0,0.0,0.0,0.0,0.0,0.0,0.0
1,2,0.0,0.0,1.0,0.0,0.0,0.0,0.0,0.0,0.0,0.0
1,2,0.0,0.0,1.0,0.0,0.0,0.0,0.0,0.0,0.0,0.0
1,2,0.0,0.0,1.0,0.0,0.0,0.0,0.0,0.0,0.0,0.0
1,2,0.0,0.0,1.0,0.0,0.0,0.0,0.0,0.0,0.0,0.0
1,2,0.0,0.0,1.0,0.0,0.0,0.0,0.0,0.0,0.0,0.0
1,2,0.0,0.0,1.0,0.0,0.0,0.0,0.0,0.0,0.0,0.0
1,2,0.0,0.0,1.0,0.0,0.0,0.0,0.0,0.0,0.0,0.0
1,2,0.0,0.0,1.0,0.0,0.0,0.0,0.0,0.0,0.0,0.0
1,2,0.0,0.0,1.0,0.0,0.0,0.0,0.0,0.0,0.0,0.0
1,2,0.0,0.0,1.0,0.0,0.0,0.0,0.0,0.0,0.0,0.0
1,2,0.0,0.0,1.0,0.0,0.0,0.0,0.0,0.0,0.0,0.0
1,2,0.0,0.0,1.0,0.0,0.0,0.0,0.0,0.0,0.0,0.0
1,2,0.0,0.0,1.0,0.0,0.0,0.0,0.0,0.0,0.0,0.0
1,2,0.0,0.0,1.0,0.0,0.0,0.0,0.0,0.0,0.0,0.0
1,2,0.0,0.0,1.0,0.0,0.0,0.0,0.0,0.0,0.0,0.0
1,2,0.0,0.0,1.0,0.0,0.0,0.0,0.0,0.0,0.0,0.0
1,2,0.0,0.0,1.0,0.0,0.0,0.0,0.0,0.0,0.0,0.0
1,2,0.0,0.0,1.0,0.0,0.0,0.0,0.0,0.0,0.0,0.0
1,2,0.0,0.0,1.0,0.0,0.0,0.0,0.0,0.0,0.0,0.0
1,2,0.0,0.0,1.0,0.0,0.0,0.0,0.0,0.0,0.0,0.0
1,2,0.0,0.0,1.0,0.0,0.0,0.0,0.0,0.0,0.0,0.0
1,2,0.0,0.0,1.0,0.0,0.0,0.0,0.0,0.0,0.0,0.0
1,2,0.0,0.0,1.0,0.0,0.0,0.0,0.0,0.0,0.0,0.0
1,2,0.0,0.0,1.0,0.0,0.0,0.0,0.0,0.0,0.0,0.0
1,2,0.0,0.0,1.0,0.0,0.0,0.0,0.0,0.0,0.0,0.0
1,2,0.0,0.0,1.0,0.0,0.0,0.0,0.0,0.0,0.0,0.0
1,2,0.0,0.0,1.0,0.0,0.0,0.0,0.0,0.0,0.0,0.0
1,2,0.0,0.0,1.0,0.0,0.0,0.0,0.0,0.0,0.0,0.0
1,2,0.0,0.0,1.0,0.0,0.0,0.0,0.0,0.0,0.0,0.0
1,2,0.0,0.0,1.0,0.0,0.0,0.0,0.0,0.0,0.0,0.0
1,2,0.0,0.0,1.0,0.0,0.0,0.0,0.0,0.0,0.0,0.0
1,2,0.0,0.0,1.0,0.0,0.0,0.0,0.0,0.0,0.0,0.0
1,2,0.0,0.0,1.0,0.0,0.0,0.0,0.0,0.0,0.0,0.0
1,2,0.0,0.0,1.0,0.0,0.0,0.0,0.0,0.0,0.0,0.0
1,2,0.0,0.0,1.0,0.0,0.0,0.0,0.0,0.0,0.0,0.0
1,2,0.0,0.0,1.0,0.0,0.0,0.0,0.0,0.0,0.0,0.0
1,2,0.0,0.0,1.0,0.0,0.0,0.0,0.0,0.0,0.0,0.0
1,2,0.0,0.0,1.0,0.0,0.0,0.0,0.0,0.0,0.0,0.0
1,2,0.0,0.0,1.0,0.0,0.0,0.0,0.0,0.0,0.0,0.0
1,2,0.0,0.0,1.0,0.0,0.0,0.0,0.0,0.0,0.0,0.0
1,2,0.0,0.0,1.0,0.0,0.0,0.0,0.0,0.0,0.0,0.0
1,2,0.0,0.0,1.0,0.0,0.0,0.0,0.0,0.0,0.0,0.0
1,2,0.0,0.0,1.0,0.0,0.0,0.0,0.0,0.0,0.0,0.0
1,2,0.0,0.0,1.0,0.0,0.0,0.0,0.0,0.0,0.0,0.0
1,2,0.0,0.0,1.0,0.0,0.0,0.0,0.0,0.0,0.0,0.0
1,2,0.0,0.0,1.0,0.0,0.0,0.0,0.0,0.0,0.0,0.0
1,2,0.0,0.0,1.0,0.0,0.0,0.0,0.0,0.0,0.0,0.0
1,2,0.0,0.0,1.0,0.0,0.0,0.0,0.0,0.0,0.0,0.0
1,2,0.0,0.0,1.0,0.0,0.0,0.0,0.0,0.0,0.0,0.0
1,2,0.0,0.0,1.0,0.0,0.0,0.0,0.0,0.0,0.0,0.0
1,2,0.0,0.0,1.0,0.0,0.0,0.0,0.0,0.0,0.0,0.0
1,2,0.0,0.0,1.0,0.0,0.0,0.0,0.0,0.0,0.0,0.0
1,2,0.0,0.0,1.0,0.0,0.0,0.0,0.0,0.0,0.0,0.0
1,2,0.0,0.0,1.0,0.0,0.0,0.0,0.0,0.0,0.0,0.0
1,2,0.0,0.0,1.0,0.0,0.0,0.0,0.0,0.0,0.0,0.0
1,2,0.0,0.0,1.0,0.0,0.0,0.0,0.0,0.0,0.0,0.0
1,2,0.0,0.0,1.0,0.0,0.0,0.0,0.0,0.0,0.0,0.0
1,2,0.0,0.0,1.0,0.0,0.0,0.0,0.0,0.0,0.0,0.0
1,2,0.0,0.0,1.0,0.0,0.0,0.0,0.0,0.0,0.0,0.0
1,2,0.0,0.0,1.0,0.0,0.0,0.0,0.0,0.0,0.0,0.0
1,2,0.0,0.0,1.0,0.0,0.0,0.0,0.0,0.0,0.0,0.0
1,2,0.0,0.0,1.0,0.0,0.0,0.0,0.0,0.0,0.0,0.0
1,2,0.0,0.0,1.0,0.0,0.0,0.0,0.0,0.0,0.0,0.0
1,2,0.0,0.0,1.0,0.0,0.0,0.0,0.0,0.0,0.0,0.0
1,2,0.0,0.0,1.0,0.0,0.0,0.0,0.0,0.0,0.0,0.0
1,2,0.0,0.0,1.0,0.0,0.0,0.0,0.0,0.0,0.0,0.0
1,2,0.0,0.0,1.0,0.0,0.0,0.0,0.0,0.0,0.0,0.0
1,2,0.0,0.0,1.0,0.0,0.0,0.0,0.0,0.0,0.0,0.0
1,2,0.0,0.0,1.0,0.0,0.0,0.0,0.0,0.0,0.0,0.0
1,2,0.0,0.0,1.0,0.0,0.0,0.0,0.0,0.0,0.0,0.0
1,2,0.0,0.0,1.0,0.0,0.0,0.0,0.0,0.0,0.0,0.0
1,2,0.0,0.0,1.0,0.0,0.0,0.0,0.0,0.0,0.0,0.0
1,2,0.0,0.0,1.0,0.0,0.0,0.0,0.0,0.0,0.0,0.0
1,2,0.0,0.0,1.0,0.0,0.0,0.0,0.0,0.0,0.0,0.0
1,2,0.0,0.0,1.0,0.0,0.0,0.0,0.0,0.0,0.0,0.0
1,2,0.0,0.0,1.0,0.0,0.0,0.0,0.0,0.0,0.0,0.0
1,2,0.0,0.0,1.0,0.0,0.0,0.0,0.0,0.0,0.0,0.0
1,2,0.0,0.0,1.0,0.0,0.0,0.0,0.0,0.0,0.0,0.0
1,2,0.0,0.0,1.0,0.0,0.0,0.0,0.0,0.0,0.0,0.0
1,2,0.0,0.0,1.0,0.0,0.0,0.0,0.0,0.0,0.0,0.0
1,2,0.0,0.0,1.0,0.0,0.0,0.0,0.0,0.0,0.0,0.0
1,2,0.0,0.0,1.0,0.0,0.0,0.0,0.0,0.0,0.0,0.0
1,2,0.0,0.0,1.0,0.0,0.0,0.0,0.0,0.0,0.0,0.0
1,2,0.0,0.0,1.0,0.0,0.0,0.0,0.0,0.0,0.0,0.0
1,2,0.0,0.0,1.0,0.0,0.0,0.0,0.0,0.0,0.0,0.0
1,2,0.0,0.0,1.0,0.0,0.0,0.0,0.0,0.0,0.0,0.0
1,2,0.0,0.0,1.0,0.0,0.0,0.0,0.0,0.0,0.0,0.0
1,2,0.0,0.0,1.0,0.0,0.0,0.0,0.0,0.0,0.0,0.0
1,2,0.0,0.0,1.0,0.0,0.0,0.0,0.0,0.0,0.0,0.0
1,2,0.0,0.0,1.0,0.0,0.0,0.0,0.0,0.0,0.0,0.0
1,2,0.0,0.0,1.0,0.0,0.0,0.0,0.0,0.0,0.0,0.0
1,2,0.0,0.0,1.0,0.0,0.0,0.0,0.0,0.0,0.0,0.0
1,2,0.0,0.0,1.0,0.0,0.0,0.0,0.0,0.0,0.0,0.0
1,2,0.0,0.0,1.0,0.0,0.0,0.0,0.0,0.0,0.0,0.0
1,2,0.0,0.0,1.0,0.0,0.0,0.0,0.0,0.0,0.0,0.0
1,2,0.0,0.0,1.0,0.0,0.0,0.0,0.0,0.0,0.0,0.0
1,2,0.0,0.0,1.0,0.0,0.0,0.0,0.0,0.0,0.0,0.0
1,2,0.0,0.0,1.0,0.0,0.0,0.0,0.0,0.0,0.0,0.0
1,2,0.0,0.0,1.0,0.0,0.0,0.0,0.0,0.0,0.0,0.0
1,2,0.0,0.0,1.0,0.0,0.0,0.0,0.0,0.0,0.0,0.0
1,2,0.0,0.0,1.0,0.0,0.0,0.0,0.0,0.0,0.0,0.0
1,2,0.0,0.0,1.0,0.0,0.0,0.0,0.0,0.0,0.0,0.0
1,2,0.0,0.0,1.0,0.0,0.0,0.0,0.0,0.0,0.0,0.0
1,2,0.0,0.0,1.0,0.0,0.0,0.0,0.0,0.0,0.0,0.0
1,2,0.0,0.0,1.0,0.0,0.0,0.0,0.0,0.0,0.0,0.0
1,2,0.0,0.0,1.0,0.0,0.0,0.0,0.0,0.0,0.0,0.0
1,2,0.0,0.0,1.0,0.0,0.0,0.0,0.0,0.0,0.0,0.0
1,2,0.0,0.0,1.0,0.0,0.0,0.0,0.0,0.0,0.0,0.0
1,2,0.0,0.0,1.0,0.0,0.0,0.0,0.0,0.0,0.0,0.0
1,2,0.0,0.0,1.0,0.0,0.0,0.0,0.0,0.0,0.0,0.0
1,2,0.0,0.0,1.0,0.0,0.0,0.0,0.0,0.0,0.0,0.0
1,2,0.0,0.0,1.0,0.0,0.0,0.0,0.0,0.0,0.0,0.0
1,2,0.0,0.0,1.0,0.0,0.0,0.0,0.0,0.0,0.0,0.0
1,2,0.0,0.0,1.0,0.0,0.0,0.0,0.0,0.0,0.0,0.0
1,2,0.0,0.0,1.0,0.0,0.0,0.0,0.0,0.0,0.0,0.0
1,2,0.0,0.0,1.0,0.0,0.0,0.0,0.0,0.0,0.0,0.0
1,2,0.0,0.0,1.0,0.0,0.0,0.0,0.0,0.0,0.0,0.0
1,2,0.0,0.0,1.0,0.0,0.0,0.0,0.0,0.0,0.0,0.0
1,2,0.0,0.0,1.0,0.0,0.0,0.0,0.0,0.0,0.0,0.0
1,2,0.0,0.0,1.0,0.0,0.0,0.0,0.0,0.0,0.0,0.0
1,2,0.0,0.0,1.0,0.0,0.0,0.0,0.0,0.0,0.0,0.0
1,2,0.0,0.0,1.0,0.0,0.0,0.0,0.0,0.0,0.0,0.0
1,2,0.0,0.0,1.0,0.0,0.0,0.0,0.0,0.0,0.0,0.0
1,2,0.0,0.0,1.0,0.0,0.0,0.0,0.0,0.0,0.0,0.0
1,2,0.0,0.0,1.0,0.0,0.0,0.0,0.0,0.0,0.0,0.0
1,2,0.0,0.0,1.0,0.0,0.0,0.0,0.0,0.0,0.0,0.0
1,2,0.0,0.0,1.0,0.0,0.0,0.0,0.0,0.0,0.0,0.0
1,2,0.0,0.0,1.0,0.0,0.0,0.0,0.0,0.0,0.0,0.0
1,2,0.0,0.0,1.0,0.0,0.0,0.0,0.0,0.0,0.0,0.0
1,2,0.0,0.0,1.0,0.0,0.0,0.0,0.0,0.0,0.0,0.0
1,2,0.0,0.0,1.0,0.0,0.0,0.0,0.0,0.0,0.0,0.0
1,2,0.0,0.0,1.0,0.0,0.0,0.0,0.0,0.0,0.0,0.0
1,2,0.0,0.0,1.0,0.0,0.0,0.0,0.0,0.0,0.0,0.0
1,2,0.0,0.0,1.0,0.0,0.0,0.0,0.0,0.0,0.0,0.0
1,2,0.0,0.0,1.0,0.0,0.0,0.0,0.0,0.0,0.0,0.0
1,2,0.0,0.0,1.0,0.0,0.0,0.0,0.0,0.0,0.0,0.0
1,2,0.0,0.0,1.0,0.0,0.0,0.0,0.0,0.0,0.0,0.0
1,2,0.0,0.0,1.0,0.0,0.0,0.0,0.0,0.0,0.0,0.0
1,2,0.0,0.0,1.0,0.0,0.0,0.0,0.0,0.0,0.0,0.0
1,2,0.0,0.0,1.0,0.0,0.0,0.0,0.0,0.0,0.0,0.0
1,2,0.0,0.0,1.0,0.0,0.0,0.0,0.0,0.0,0.0,0.0
1,2,0.0,0.0,1.0,0.0,0.0,0.0,0.0,0.0,0.0,0.0
1,2,0.0,0.0,1.0,0.0,0.0,0.0,0.0,0.0,0.0,0.0
1,2,0.0,0.0,1.0,0.0,0.0,0.0,0.0,0.0,0.0,0.0
1,2,0.0,0.0,1.0,0.0,0.0,0.0,0.0,0.0,0.0,0.0
1,2,0.0,0.0,1.0,0.0,0.0,0.0,0.0,0.0,0.0,0.0
1,2,0.0,0.0,1.0,0.0,0.0,0.0,0.0,0.0,0.0,0.0
1,2,0.0,0.0,1.0,0.0,0.0,0.0,0.0,0.0,0.0,0.0
1,2,0.0,0.0,1.0,0.0,0.0,0.0,0.0,0.0,0.0,0.0
1,2,0.0,0.0,1.0,0.0,0.0,0.0,0.0,0.0,0.0,0.0
1,2,0.0,0.0,1.0,0.0,0.0,0.0,0.0,0.0,0.0,0.0
1,2,0.0,0.0,1.0,0.0,0.0,0.0,0.0,0.0,0.0,0.0
1,2,0.0,0.0,1.0,0.0,0.0,0.0,0.0,0.0,0.0,0.0
1,2,0.0,0.0,1.0,0.0,0.0,0.0,0.0,0.0,0.0,0.0
1,2,0.0,0.0,1.0,0.0,0.0,0.0,0.0,0.0,0.0,0.0
1,2,0.0,0.0,1.0,0.0,0.0,0.0,0.0,0.0,0.0,0.0
1,2,0.0,0.0,1.0,0.0,0.0,0.0,0.0,0.0,0.0,0.0
1,2,0.0,0.0,1.0,0.0,0.0,0.0,0.0,0.0,0.0,0.0
1,2,0.0,0.0,1.0,0.0,0.0,0.0,0.0,0.0,0.0,0.0
1,2,0.0,0.0,1.0,0.0,0.0,0.0,0.0,0.0,0.0,0.0
1,2,0.0,0.0,1.0,0.0,0.0,0.0,0.0,0.0,0.0,0.0
1,2,0.0,0.0,1.0,0.0,0.0,0.0,0.0,0.0,0.0,0.0
1,2,0.0,0.0,1.0,0.0,0.0,0.0,0.0,0.0,0.0,0.0
1,2,0.0,0.0,1.0,0.0,0.0,0.0,0.0,0.0,0.0,0.0
1,2,0.0,0.0,1.0,0.0,0.0,0.0,0.0,0.0,0.0,0.0
1,2,0.0,0.0,1.0,0.0,0.0,0.0,0.0,0.0,0.0,0.0
1,2,0.0,0.0,1.0,0.0,0.0,0.0,0.0,0.0,0.0,0.0
1,2,0.0,0.0,1.0,0.0,0.0,0.0,0.0,0.0,0.0,0.0
1,2,0.0,0.0,1.0,0.0,0.0,0.0,0.0,0.0,0.0,0.0
1,2,0.0,0.0,1.0,0.0,0.0,0.0,0.0,0.0,0.0,0.0
1,2,0.0,0.0,1.0,0.0,0.0,0.0,0.0,0.0,0.0,0.0
1,2,0.0,0.0,1.0,0.0,0.0,0.0,0.0,0.0,0.0,0.0
1,2,0.0,0.0,1.0,0.0,0.0,0.0,0.0,0.0,0.0,0.0
1,2,0.0,0.0,1.0,0.0,0.0,0.0,0.0,0.0,0.0,0.0
1,2,0.0,0.0,1.0,0.0,0.0,0.0,0.0,0.0,0.0,0.0
1,2,0.0,0.0,1.0,0.0,0.0,0.0,0.0,0.0,0.0,0.0
1,2,0.0,0.0,1.0,0.0,0.0,0.0,0.0,0.0,0.0,0.0
1,2,0.0,0.0,1.0,0.0,0.0,0.0,0.0,0.0,0.0,0.0
1,2,0.0,0.0,1.0,0.0,0.0,0.0,0.0,0.0,0.0,0.0
1,2,0.0,0.0,1.0,0.0,0.0,0.0,0.0,0.0,0.0,0.0
1,2,0.0,0.0,1.0,0.0,0.0,0.0,0.0,0.0,0.0,0.0
1,2,0.0,0.0,1.0,0.0,0.0,0.0,0.0,0.0,0.0,0.0
1,2,0.0,0.0,1.0,0.0,0.0,0.0,0.0,0.0,0.0,0.0
1,2,0.0,0.0,1.0,0.0,0.0,0.0,0.0,0.0,0.0,0.0
1,2,0.0,0.0,1.0,0.0,0.0,0.0,0.0,0.0,0.0,0.0
1,2,0.0,0.0,1.0,0.0,0.0,0.0,0.0,0.0,0.0,0.0
1,2,0.0,0.0,1.0,0.0,0.0,0.0,0.0,0.0,0.0,0.0
1,2,0.0,0.0,1.0,0.0,0.0,0.0,0.0,0.0,0.0,0.0
1,2,0.0,0.0,1.0,0.0,0.0,0.0,0.0,0.0,0.0,0.0
1,2,0.0,0.0,1.0,0.0,0.0,0.0,0.0,0.0,0.0,0.0
1,2,0.0,0.0,1.0,0.0,0.0,0.0,0.0,0.0,0.0,0.0
1,2,0.0,0.0,1.0,0.0,0.0,0.0,0.0,0.0,0.0,0.0
1,2,0.0,0.0,1.0,0.0,0.0,0.0,0.0,0.0,0.0,0.0
1,2,0.0,0.0,1.0,0.0,0.0,0.0,0.0,0.0,0.0,0.0
1,2,0.0,0.0,1.0,0.0,0.0,0.0,0.0,0.0,0.0,0.0
1,2,0.0,0.0,1.0,0.0,0.0,0.0,0.0,0.0,0.0,0.0
1,2,0.0,0.0,1.0,0.0,0.0,0.0,0.0,0.0,0.0,0.0
1,2,0.0,0.0,1.0,0.0,0.0,0.0,0.0,0.0,0.0,0.0
1,2,0.0,0.0,1.0,0.0,0.0,0.0,0.0,0.0,0.0,0.0
1,2,0.0,0.0,1.0,0.0,0.0,0.0,0.0,0.0,0.0,0.0
1,2,0.0,0.0,1.0,0.0,0.0,0.0,0.0,0.0,0.0,0.0
1,2,0.0,0.0,1.0,0.0,0.0,0.0,0.0,0.0,0.0,0.0
1,2,0.0,0.0,1.0,0.0,0.0,0.0,0.0,0.0,0.0,0.0
1,2,0.0,0.0,1.0,0.0,0.0,0.0,0.0,0.0,0.0,0.0
1,2,0.0,0.0,1.0,0.0,0.0,0.0,0.0,0.0,0.0,0.0
1,2,0.0,0.0,1.0,0.0,0.0,0.0,0.0,0.0,0.0,0.0
1,2,0.0,0.0,1.0,0.0,0.0,0.0,0.0,0.0,0.0,0.0
1,2,0.0,0.0,1.0,0.0,0.0,0.0,0.0,0.0,0.0,0.0
1,2,0.0,0.0,1.0,0.0,0.0,0.0,0.0,0.0,0.0,0.0
1,2,0.0,0.0,1.0,0.0,0.0,0.0,0.0,0.0,0.0,0.0
1,2,0.0,0.0,1.0,0.0,0.0,0.0,0.0,0.0,0.0,0.0
1,2,0.0,0.0,1.0,0.0,0.0,0.0,0.0,0.0,0.0,0.0
1,2,0.0,0.0,1.0,0.0,0.0,0.0,0.0,0.0,0.0,0.0
1,2,0.0,0.0,1.0,0.0,0.0,0.0,0.0,0.0,0.0,0.0
1,2,0.0,0.0,1.0,0.0,0.0,0.0,0.0,0.0,0.0,0.0
1,2,0.0,0.0,1.0,0.0,0.0,0.0,0.0,0.0,0.0,0.0
1,2,0.0,0.0,1.0,0.0,0.0,0.0,0.0,0.0,0.0,0.0
1,2,0.0,0.0,1.0,0.0,0.0,0.0,0.0,0.0,0.0,0.0
1,2,0.0,0.0,1.0,0.0,0.0,0.0,0.0,0.0,0.0,0.0
1,2,0.0,0.0,1.0,0.0,0.0,0.0,0.0,0.0,0.0,0.0
1,2,0.0,0.0,1.0,0.0,0.0,0.0,0.0,0.0,0.0,0.0
1,2,0.0,0.0,1.0,0.0,0.0,0.0,0.0,0.0,0.0,0.0
1,2,0.0,0.0,1.0,0.0,0.0,0.0,0.0,0.0,0.0,0.0
1,2,0.0,0.0,1.0,0.0,0.0,0.0,0.0,0.0,0.0,0.0
1,2,0.0,0.0,1.0,0.0,0.0,0.0,0.0,0.0,0.0,0.0
1,2,0.0,0.0,1.0,0.0,0.0,0.0,0.0,0.0,0.0,0.0
1,2,0.0,0.0,1.0,0.0,0.0,0.0,0.0,0.0,0.0,0.0
1,2,0.0,0.0,1.0,0.0,0.0,0.0,0.0,0.0,0.0,0.0
1,2,0.0,0.0,1.0,0.0,0.0,0.0,0.0,0.0,0.0,0.0
1,2,0.0,0.0,1.0,0.0,0.0,0.0,0.0,0.0,0.0,0.0
1,2,0.0,0.0,1.0,0.0,0.0,0.0,0.0,0.0,0.0,0.0
1,2,0.0,0.0,1.0,0.0,0.0,0.0,0.0,0.0,0.0,0.0
1,2,0.0,0.0,1.0,0.0,0.0,0.0,0.0,0.0,0.0,0.0
1,2,0.0,0.0,1.0,0.0,0.0,0.0,0.0,0.0,0.0,0.0
1,2,0.0,0.0,1.0,0.0,0.0,0.0,0.0,0.0,0.0,0.0
1,2,0.0,0.0,1.0,0.0,0.0,0.0,0.0,0.0,0.0,0.0
1,2,0.0,0.0,1.0,0.0,0.0,0.0,0.0,0.0,0.0,0.0
1,2,0.0,0.0,1.0,0.0,0.0,0.0,0.0,0.0,0.0,0.0
1,2,0.0,0.0,1.0,0.0,0.0,0.0,0.0,0.0,0.0,0.0
1,2,0.0,0.0,1.0,0.0,0.0,0.0,0.0,0.0,0.0,0.0
1,2,0.0,0.0,1.0,0.0,0.0,0.0,0.0,0.0,0.0,0.0
1,2,0.0,0.0,1.0,0.0,0.0,0.0,0.0,0.0,0.0,0.0
1,2,0.0,0.0,1.0,0.0,0.0,0.0,0.0,0.0,0.0,0.0
1,2,0.0,0.0,1.0,0.0,0.0,0.0,0.0,0.0,0.0,0.0
1,2,0.0,0.0,1.0,0.0,0.0,0.0,0.0,0.0,0.0,0.0
1,2,0.0,0.0,1.0,0.0,0.0,0.0,0.0,0.0,0.0,0.0
1,2,0.0,0.0,1.0,0.0,0.0,0.0,0.0,0.0,0.0,0.0
1,2,0.0,0.0,1.0,0.0,0.0,0.0,0.0,0.0,0.0,0.0
1,2,0.0,0.0,1.0,0.0,0.0,0.0,0.0,0.0,0.0,0.0
1,2,0.0,0.0,1.0,0.0,0.0,0.0,0.0,0.0,0.0,0.0
1,2,0.0,0.0,1.0,0.0,0.0,0.0,0.0,0.0,0.0,0.0
1,2,0.0,0.0,1.0,0.0,0.0,0.0,0.0,0.0,0.0,0.0
1,2,0.0,0.0,1.0,0.0,0.0,0.0,0.0,0.0,0.0,0.0
1,2,0.0,0.0,1.0,0.0,0.0,0.0,0.0,0.0,0.0,0.0
1,2,0.0,0.0,1.0,0.0,0.0,0.0,0.0,0.0,0.0,0.0
1,2,0.0,0.0,1.0,0.0,0.0,0.0,0.0,0.0,0.0,0.0
1,2,0.0,0.0,1.0,0.0,0.0,0.0,0.0,0.0,0.0,0.0
1,2,0.0,0.0,1.0,0.0,0.0,0.0,0.0,0.0,0.0,0.0
1,2,0.0,0.0,1.0,0.0,0.0,0.0,0.0,0.0,0.0,0.0
1,2,0.0,0.0,1.0,0.0,0.0,0.0,0.0,0.0,0.0,0.0
1,2,0.0,0.0,1.0,0.0,0.0,0.0,0.0,0.0,0.0,0.0
1,2,0.0,0.0,1.0,0.0,0.0,0.0,0.0,0.0,0.0,0.0
1,2,0.0,0.0,1.0,0.0,0.0,0.0,0.0,0.0,0.0,0.0
1,2,0.0,0.0,1.0,0.0,0.0,0.0,0.0,0.0,0.0,0.0
1,2,0.0,0.0,1.0,0.0,0.0,0.0,0.0,0.0,0.0,0.0
1,2,0.0,0.0,1.0,0.0,0.0,0.0,0.0,0.0,0.0,0.0
1,2,0.0,0.0,1.0,0.0,0.0,0.0,0.0,0.0,0.0,0.0
1,2,0.0,0.0,1.0,0.0,0.0,0.0,0.0,0.0,0.0,0.0
1,2,0.0,0.0,1.0,0.0,0.0,0.0,0.0,0.0,0.0,0.0
1,2,0.0,0.0,1.0,0.0,0.0,0.0,0.0,0.0,0.0,0.0
1,2,0.0,0.0,1.0,0.0,0.0,0.0,0.0,0.0,0.0,0.0
1,2,0.0,0.0,1.0,0.0,0.0,0.0,0.0,0.0,0.0,0.0
1,2,0.0,0.0,1.0,0.0,0.0,0.0,0.0,0.0,0.0,0.0
1,2,0.0,0.0,1.0,0.0,0.0,0.0,0.0,0.0,0.0,0.0
1,2,0.0,0.0,1.0,0.0,0.0,0.0,0.0,0.0,0.0,0.0
1,2,0.0,0.0,1.0,0.0,0.0,0.0,0.0,0.0,0.0,0.0
1,2,0.0,0.0,1.0,0.0,0.0,0.0,0.0,0.0,0.0,0.0
1,2,0.0,0.0,1.0,0.0,0.0,0.0,0.0,0.0,0.0,0.0
1,2,0.0,0.0,1.0,0.0,0.0,0.0,0.0,0.0,0.0,0.0
1,2,0.0,0.0,1.0,0.0,0.0,0.0,0.0,0.0,0.0,0.0
1,2,0.0,0.0,1.0,0.0,0.0,0.0,0.0,0.0,0.0,0.0
1,2,0.0,0.0,1.0,0.0,0.0,0.0,0.0,0.0,0.0,0.0
1,2,0.0,0.0,1.0,0.0,0.0,0.0,0.0,0.0,0.0,0.0
1,2,0.0,0.0,1.0,0.0,0.0,0.0,0.0,0.0,0.0,0.0
1,2,0.0,0.0,1.0,0.0,0.0,0.0,0.0,0.0,0.0,0.0
1,2,0.0,0.0,1.0,0.0,0.0,0.0,0.0,0.0,0.0,0.0
1,2,0.0,0.0,1.0,0.0,0.0,0.0,0.0,0.0,0.0,0.0
1,2,0.0,0.0,1.0,0.0,0.0,0.0,0.0,0.0,0.0,0.0
1,2,0.0,0.0,1.0,0.0,0.0,0.0,0.0,0.0,0.0,0.0
1,2,0.0,0.0,1.0,0.0,0.0,0.0,0.0,0.0,0.0,0.0
1,2,0.0,0.0,1.0,0.0,0.0,0.0,0.0,0.0,0.0,0.0
1,2,0.0,0.0,1.0,0.0,0.0,0.0,0.0,0.0,0.0,0.0
1,2,0.0,0.0,1.0,0.0,0.0,0.0,0.0,0.0,0.0,0.0
1,2,0.0,0.0,1.0,0.0,0.0,0.0,0.0,0.0,0.0,0.0
1,2,0.0,0.0,1.0,0.0,0.0,0.0,0.0,0.0,0.0,0.0
1,2,0.0,0.0,1.0,0.0,0.0,0.0,0.0,0.0,0.0,0.0
1,2,0.0,0.0,1.0,0.0,0.0,0.0,0.0,0.0,0.0,0.0
1,2,0.0,0.0,1.0,0.0,0.0,0.0,0.0,0.0,0.0,0.0
1,2,0.0,0.0,1.0,0.0,0.0,0.0,0.0,0.0,0.0,0.0
1,2,0.0,0.0,1.0,0.0,0.0,0.0,0.0,0.0,0.0,0.0
1,2,0.0,0.0,1.0,0.0,0.0,0.0,0.0,0.0,0.0,0.0
1,2,0.0,0.0,1.0,0.0,0.0,0.0,0.0,0.0,0.0,0.0
1,2,0.0,0.0,1.0,0.0,0.0,0.0,0.0,0.0,0.0,0.0
1,2,0.0,0.0,1.0,0.0,0.0,0.0,0.0,0.0,0.0,0.0
1,2,0.0,0.0,1.0,0.0,0.0,0.0,0.0,0.0,0.0,0.0
1,2,0.0,0.0,1.0,0.0,0.0,0.0,0.0,0.0,0.0,0.0
1,2,0.0,0.0,1.0,0.0,0.0,0.0,0.0,0.0,0.0,0.0
1,2,0.0,0.0,1.0,0.0,0.0,0.0,0.0,0.0,0.0,0.0
1,2,0.0,0.0,1.0,0.0,0.0,0.0,0.0,0.0,0.0,0.0
1,2,0.0,0.0,1.0,0.0,0.0,0.0,0.0,0.0,0.0,0.0
1,2,0.0,0.0,1.0,0.0,0.0,0.0,0.0,0.0,0.0,0.0
1,2,0.0,0.0,1.0,0.0,0.0,0.0,0.0,0.0,0.0,0.0
1,2,0.0,0.0,1.0,0.0,0.0,0.0,0.0,0.0,0.0,0.0
1,2,0.0,0.0,1.0,0.0,0.0,0.0,0.0,0.0,0.0,0.0
1,2,0.0,0.0,1.0,0.0,0.0,0.0,0.0,0.0,0.0,0.0
1,2,0.0,0.0,1.0,0.0,0.0,0.0,0.0,0.0,0.0,0.0
1,2,0.0,0.0,1.0,0.0,0.0,0.0,0.0,0.0,0.0,0.0
1,2,0.0,0.0,1.0,0.0,0.0,0.0,0.0,0.0,0.0,0.0
1,2,0.0,0.0,1.0,0.0,0.0,0.0,0.0,0.0,0.0,0.0
1,2,0.0,0.0,1.0,0.0,0.0,0.0,0.0,0.0,0.0,0.0
1,2,0.0,0.0,1.0,0.0,0.0,0.0,0.0,0.0,0.0,0.0
1,2,0.0,0.0,1.0,0.0,0.0,0.0,0.0,0.0,0.0,0.0
1,2,0.0,0.0,1.0,0.0,0.0,0.0,0.0,0.0,0.0,0.0
1,2,0.0,0.0,1.0,0.0,0.0,0.0,0.0,0.0,0.0,0.0
1,2,0.0,0.0,1.0,0.0,0.0,0.0,0.0,0.0,0.0,0.0
1,2,0.0,0.0,1.0,0.0,0.0,0.0,0.0,0.0,0.0,0.0
1,2,0.0,0.0,1.0,0.0,0.0,0.0,0.0,0.0,0.0,0.0
1,2,0.0,0.0,1.0,0.0,0.0,0.0,0.0,0.0,0.0,0.0
1,2,0.0,0.0,1.0,0.0,0.0,0.0,0.0,0.0,0.0,0.0
1,2,0.0,0.0,1.0,0.0,0.0,0.0,0.0,0.0,0.0,0.0
1,2,0.0,0.0,1.0,0.0,0.0,0.0,0.0,0.0,0.0,0.0
1,2,0.0,0.0,1.0,0.0,0.0,0.0,0.0,0.0,0.0,0.0
1,2,0.0,0.0,1.0,0.0,0.0,0.0,0.0,0.0,0.0,0.0
1,2,0.0,0.0,1.0,0.0,0.0,0.0,0.0,0.0,0.0,0.0
1,2,0.0,0.0,1.0,0.0,0.0,0.0,0.0,0.0,0.0,0.0
1,2,0.0,0.0,1.0,0.0,0.0,0.0,0.0,0.0,0.0,0.0
1,2,0.0,0.0,1.0,0.0,0.0,0.0,0.0,0.0,0.0,0.0
1,2,0.0,0.0,1.0,0.0,0.0,0.0,0.0,0.0,0.0,0.0
1,2,0.0,0.0,1.0,0.0,0.0,0.0,0.0,0.0,0.0,0.0
1,2,0.0,0.0,1.0,0.0,0.0,0.0,0.0,0.0,0.0,0.0
1,2,0.0,0.0,1.0,0.0,0.0,0.0,0.0,0.0,0.0,0.0
1,2,0.0,0.0,1.0,0.0,0.0,0.0,0.0,0.0,0.0,0.0
1,2,0.0,0.0,1.0,0.0,0.0,0.0,0.0,0.0,0.0,0.0
1,2,0.0,0.0,1.0,0.0,0.0,0.0,0.0,0.0,0.0,0.0
1,2,0.0,0.0,1.0,0.0,0.0,0.0,0.0,0.0,0.0,0.0
1,2,0.0,0.0,1.0,0.0,0.0,0.0,0.0,0.0,0.0,0.0
1,2,0.0,0.0,1.0,0.0,0.0,0.0,0.0,0.0,0.0,0.0
1,2,0.0,0.0,1.0,0.0,0.0,0.0,0.0,0.0,0.0,0.0
1,2,0.0,0.0,1.0,0.0,0.0,0.0,0.0,0.0,0.0,0.0
1,2,0.0,0.0,1.0,0.0,0.0,0.0,0.0,0.0,0.0,0.0
1,2,0.0,0.0,1.0,0.0,0.0,0.0,0.0,0.0,0.0,0.0
1,2,0.0,0.0,1.0,0.0,0.0,0.0,0.0,0.0,0.0,0.0
1,2,0.0,0.0,1.0,0.0,0.0,0.0,0.0,0.0,0.0,0.0
1,2,0.0,0.0,1.0,0.0,0.0,0.0,0.0,0.0,0.0,0.0
1,2,0.0,0.0,1.0,0.0,0.0,0.0,0.0,0.0,0.0,0.0
1,2,0.0,0.0,1.0,0.0,0.0,0.0,0.0,0.0,0.0,0.0
1,2,0.0,0.0,1.0,0.0,0.0,0.0,0.0,0.0,0.0,0.0
1,2,0.0,0.0,1.0,0.0,0.0,0.0,0.0,0.0,0.0,0.0
1,2,0.0,0.0,1.0,0.0,0.0,0.0,0.0,0.0,0.0,0.0
1,2,0.0,0.0,1.0,0.0,0.0,0.0,0.0,0.0,0.0,0.0
1,2,0.0,0.0,1.0,0.0,0.0,0.0,0.0,0.0,0.0,0.0
1,2,0.0,0.0,1.0,0.0,0.0,0.0,0.0,0.0,0.0,0.0
1,2,0.0,0.0,1.0,0.0,0.0,0.0,0.0,0.0,0.0,0.0
1,2,0.0,0.0,1.0,0.0,0.0,0.0,0.0,0.0,0.0,0.0
1,2,0.0,0.0,1.0,0.0,0.0,0.0,0.0,0.0,0.0,0.0
1,2,0.0,0.0,1.0,0.0,0.0,0.0,0.0,0.0,0.0,0.0
1,2,0.0,0.0,1.0,0.0,0.0,0.0,0.0,0.0,0.0,0.0
1,2,0.0,0.0,1.0,0.0,0.0,0.0,0.0,0.0,0.0,0.0
1,2,0.0,0.0,1.0,0.0,0.0,0.0,0.0,0.0,0.0,0.0
1,2,0.0,0.0,1.0,0.0,0.0,0.0,0.0,0.0,0.0,0.0
1,2,0.0,0.0,1.0,0.0,0.0,0.0,0.0,0.0,0.0,0.0
1,2,0.0,0.0,1.0,0.0,0.0,0.0,0.0,0.0,0.0,0.0
1,2,0.0,0.0,1.0,0.0,0.0,0.0,0.0,0.0,0.0,0.0
1,2,0.0,0.0,1.0,0.0,0.0,0.0,0.0,0.0,0.0,0.0
1,2,0.0,0.0,1.0,0.0,0.0,0.0,0.0,0.0,0.0,0.0
1,2,0.0,0.0,1.0,0.0,0.0,0.0,0.0,0.0,0.0,0.0
1,2,0.0,0.0,1.0,0.0,0.0,0.0,0.0,0.0,0.0,0.0
1,2,0.0,0.0,1.0,0.0,0.0,0.0,0.0,0.0,0.0,0.0
1,2,0.0,0.0,1.0,0.0,0.0,0.0,0.0,0.0,0.0,0.0
1,2,0.0,0.0,1.0,0.0,0.0,0.0,0.0,0.0,0.0,0.0
1,2,0.0,0.0,1.0,0.0,0.0,0.0,0.0,0.0,0.0,0.0
1,2,0.0,0.0,1.0,0.0,0.0,0.0,0.0,0.0,0.0,0.0
1,2,0.0,0.0,1.0,0.0,0.0,0.0,0.0,0.0,0.0,0.0
1,2,0.0,0.0,1.0,0.0,0.0,0.0,0.0,0.0,0.0,0.0
1,2,0.0,0.0,1.0,0.0,0.0,0.0,0.0,0.0,0.0,0.0
1,2,0.0,0.0,1.0,0.0,0.0,0.0,0.0,0.0,0.0,0.0
1,2,0.0,0.0,1.0,0.0,0.0,0.0,0.0,0.0,0.0,0.0
1,2,0.0,0.0,1.0,0.0,0.0,0.0,0.0,0.0,0.0,0.0
1,2,0.0,0.0,1.0,0.0,0.0,0.0,0.0,0.0,0.0,0.0
1,2,0.0,0.0,1.0,0.0,0.0,0.0,0.0,0.0,0.0,0.0
1,2,0.0,0.0,1.0,0.0,0.0,0.0,0.0,0.0,0.0,0.0
1,2,0.0,0.0,1.0,0.0,0.0,0.0,0.0,0.0,0.0,0.0
1,2,0.0,0.0,1.0,0.0,0.0,0.0,0.0,0.0,0.0,0.0
1,2,0.0,0.0,1.0,0.0,0.0,0.0,0.0,0.0,0.0,0.0
1,2,0.0,0.0,1.0,0.0,0.0,0.0,0.0,0.0,0.0,0.0
1,2,0.0,0.0,1.0,0.0,0.0,0.0,0.0,0.0,0.0,0.0
1,2,0.0,0.0,1.0,0.0,0.0,0.0,0.0,0.0,0.0,0.0
1,2,0.0,0.0,1.0,0.0,0.0,0.0,0.0,0.0,0.0,0.0
1,2,0.0,0.0,1.0,0.0,0.0,0.0,0.0,0.0,0.0,0.0
1,2,0.0,0.0,1.0,0.0,0.0,0.0,0.0,0.0,0.0,0.0
1,2,0.0,0.0,1.0,0.0,0.0,0.0,0.0,0.0,0.0,0.0
1,2,0.0,0.0,1.0,0.0,0.0,0.0,0.0,0.0,0.0,0.0
1,2,0.0,0.0,1.0,0.0,0.0,0.0,0.0,0.0,0.0,0.0
1,2,0.0,0.0,1.0,0.0,0.0,0.0,0.0,0.0,0.0,0.0
1,2,0.0,0.0,1.0,0.0,0.0,0.0,0.0,0.0,0.0,0.0
1,2,0.0,0.0,1.0,0.0,0.0,0.0,0.0,0.0,0.0,0.0
1,2,0.0,0.0,1.0,0.0,0.0,0.0,0.0,0.0,0.0,0.0
1,2,0.0,0.0,1.0,0.0,0.0,0.0,0.0,0.0,0.0,0.0
1,2,0.0,0.0,1.0,0.0,0.0,0.0,0.0,0.0,0.0,0.0
1,2,0.0,0.0,1.0,0.0,0.0,0.0,0.0,0.0,0.0,0.0
1,2,0.0,0.0,1.0,0.0,0.0,0.0,0.0,0.0,0.0,0.0
1,2,0.0,0.0,1.0,0.0,0.0,0.0,0.0,0.0,0.0,0.0
1,2,0.0,0.0,1.0,0.0,0.0,0.0,0.0,0.0,0.0,0.0
1,2,0.0,0.0,1.0,0.0,0.0,0.0,0.0,0.0,0.0,0.0
1,2,0.0,0.0,1.0,0.0,0.0,0.0,0.0,0.0,0.0,0.0
1,2,0.0,0.0,1.0,0.0,0.0,0.0,0.0,0.0,0.0,0.0
1,2,0.0,0.0,1.0,0.0,0.0,0.0,0.0,0.0,0.0,0.0
1,2,0.0,0.0,1.0,0.0,0.0,0.0,0.0,0.0,0.0,0.0
1,2,0.0,0.0,1.0,0.0,0.0,0.0,0.0,0.0,0.0,0.0
1,2,0.0,0.0,1.0,0.0,0.0,0.0,0.0,0.0,0.0,0.0
1,2,0.0,0.0,1.0,0.0,0.0,0.0,0.0,0.0,0.0,0.0
1,2,0.0,0.0,1.0,0.0,0.0,0.0,0.0,0.0,0.0,0.0
1,2,0.0,0.0,1.0,0.0,0.0,0.0,0.0,0.0,0.0,0.0
1,2,0.0,0.0,1.0,0.0,0.0,0.0,0.0,0.0,0.0,0.0
1,2,0.0,0.0,1.0,0.0,0.0,0.0,0.0,0.0,0.0,0.0
1,2,0.0,0.0,1.0,0.0,0.0,0.0,0.0,0.0,0.0,0.0
1,2,0.0,0.0,1.0,0.0,0.0,0.0,0.0,0.0,0.0,0.0
1,2,0.0,0.0,1.0,0.0,0.0,0.0,0.0,0.0,0.0,0.0
1,2,0.0,0.0,1.0,0.0,0.0,0.0,0.0,0.0,0.0,0.0
1,2,0.0,0.0,1.0,0.0,0.0,0.0,0.0,0.0,0.0,0.0
1,2,0.0,0.0,1.0,0.0,0.0,0.0,0.0,0.0,0.0,0.0
1,2,0.0,0.0,1.0,0.0,0.0,0.0,0.0,0.0,0.0,0.0
1,2,0.0,0.0,1.0,0.0,0.0,0.0,0.0,0.0,0.0,0.0
1,2,0.0,0.0,1.0,0.0,0.0,0.0,0.0,0.0,0.0,0.0
1,2,0.0,0.0,1.0,0.0,0.0,0.0,0.0,0.0,0.0,0.0
1,2,0.0,0.0,1.0,0.0,0.0,0.0,0.0,0.0,0.0,0.0
1,2,0.0,0.0,1.0,0.0,0.0,0.0,0.0,0.0,0.0,0.0
1,2,0.0,0.0,1.0,0.0,0.0,0.0,0.0,0.0,0.0,0.0
1,2,0.0,0.0,1.0,0.0,0.0,0.0,0.0,0.0,0.0,0.0
1,2,0.0,0.0,1.0,0.0,0.0,0.0,0.0,0.0,0.0,0.0
1,2,0.0,0.0,1.0,0.0,0.0,0.0,0.0,0.0,0.0,0.0
1,2,0.0,0.0,1.0,0.0,0.0,0.0,0.0,0.0,0.0,0.0
1,2,0.0,0.0,1.0,0.0,0.0,0.0,0.0,0.0,0.0,0.0
1,2,0.0,0.0,1.0,0.0,0.0,0.0,0.0,0.0,0.0,0.0
1,2,0.0,0.0,1.0,0.0,0.0,0.0,0.0,0.0,0.0,0.0
1,2,0.0,0.0,1.0,0.0,0.0,0.0,0.0,0.0,0.0,0.0
1,2,0.0,0.0,1.0,0.0,0.0,0.0,0.0,0.0,0.0,0.0
1,2,0.0,0.0,1.0,0.0,0.0,0.0,0.0,0.0,0.0,0.0
1,2,0.0,0.0,1.0,0.0,0.0,0.0,0.0,0.0,0.0,0.0
1,2,0.0,0.0,1.0,0.0,0.0,0.0,0.0,0.0,0.0,0.0
1,2,0.0,0.0,1.0,0.0,0.0,0.0,0.0,0.0,0.0,0.0
1,2,0.0,0.0,1.0,0.0,0.0,0.0,0.0,0.0,0.0,0.0
1,2,0.0,0.0,1.0,0.0,0.0,0.0,0.0,0.0,0.0,0.0
1,2,0.0,0.0,1.0,0.0,0.0,0.0,0.0,0.0,0.0,0.0
1,2,0.0,0.0,1.0,0.0,0.0,0.0,0.0,0.0,0.0,0.0
1,2,0.0,0.0,1.0,0.0,0.0,0.0,0.0,0.0,0.0,0.0
1,2,0.0,0.0,1.0,0.0,0.0,0.0,0.0,0.0,0.0,0.0
1,2,0.0,0.0,1.0,0.0,0.0,0.0,0.0,0.0,0.0,0.0
1,2,0.0,0.0,1.0,0.0,0.0,0.0,0.0,0.0,0.0,0.0
1,2,0.0,0.0,1.0,0.0,0.0,0.0,0.0,0.0,0.0,0.0
1,2,0.0,0.0,1.0,0.0,0.0,0.0,0.0,0.0,0.0,0.0
1,2,0.0,0.0,1.0,0.0,0.0,0.0,0.0,0.0,0.0,0.0
1,2,0.0,0.0,1.0,0.0,0.0,0.0,0.0,0.0,0.0,0.0
1,2,0.0,0.0,1.0,0.0,0.0,0.0,0.0,0.0,0.0,0.0
1,2,0.0,0.0,1.0,0.0,0.0,0.0,0.0,0.0,0.0,0.0
1,2,0.0,0.0,1.0,0.0,0.0,0.0,0.0,0.0,0.0,0.0
1,2,0.0,0.0,1.0,0.0,0.0,0.0,0.0,0.0,0.0,0.0
1,2,0.0,0.0,1.0,0.0,0.0,0.0,0.0,0.0,0.0,0.0
1,2,0.0,0.0,1.0,0.0,0.0,0.0,0.0,0.0,0.0,0.0
1,2,0.0,0.0,1.0,0.0,0.0,0.0,0.0,0.0,0.0,0.0
1,2,0.0,0.0,1.0,0.0,0.0,0.0,0.0,0.0,0.0,0.0
1,2,0.0,0.0,1.0,0.0,0.0,0.0,0.0,0.0,0.0,0.0
1,2,0.0,0.0,1.0,0.0,0.0,0.0,0.0,0.0,0.0,0.0
1,2,0.0,0.0,1.0,0.0,0.0,0.0,0.0,0.0,0.0,0.0
1,2,0.0,0.0,1.0,0.0,0.0,0.0,0.0,0.0,0.0,0.0
1,2,0.0,0.0,1.0,0.0,0.0,0.0,0.0,0.0,0.0,0.0
1,2,0.0,0.0,1.0,0.0,0.0,0.0,0.0,0.0,0.0,0.0
1,2,0.0,0.0,1.0,0.0,0.0,0.0,0.0,0.0,0.0,0.0
1,2,0.0,0.0,1.0,0.0,0.0,0.0,0.0,0.0,0.0,0.0
1,2,0.0,0.0,1.0,0.0,0.0,0.0,0.0,0.0,0.0,0.0
1,2,0.0,0.0,1.0,0.0,0.0,0.0,0.0,0.0,0.0,0.0
1,2,0.0,0.0,1.0,0.0,0.0,0.0,0.0,0.0,0.0,0.0
1,2,0.0,0.0,1.0,0.0,0.0,0.0,0.0,0.0,0.0,0.0
1,2,0.0,0.0,1.0,0.0,0.0,0.0,0.0,0.0,0.0,0.0
1,2,0.0,0.0,1.0,0.0,0.0,0.0,0.0,0.0,0.0,0.0
1,2,0.0,0.0,1.0,0.0,0.0,0.0,0.0,0.0,0.0,0.0
1,2,0.0,0.0,1.0,0.0,0.0,0.0,0.0,0.0,0.0,0.0
1,2,0.0,0.0,1.0,0.0,0.0,0.0,0.0,0.0,0.0,0.0
1,2,0.0,0.0,1.0,0.0,0.0,0.0,0.0,0.0,0.0,0.0
1,2,0.0,0.0,1.0,0.0,0.0,0.0,0.0,0.0,0.0,0.0
1,2,0.0,0.0,1.0,0.0,0.0,0.0,0.0,0.0,0.0,0.0
1,2,0.0,0.0,1.0,0.0,0.0,0.0,0.0,0.0,0.0,0.0
1,2,0.0,0.0,1.0,0.0,0.0,0.0,0.0,0.0,0.0,0.0
1,2,0.0,0.0,1.0,0.0,0.0,0.0,0.0,0.0,0.0,0.0
1,2,0.0,0.0,1.0,0.0,0.0,0.0,0.0,0.0,0.0,0.0
1,2,0.0,0.0,1.0,0.0,0.0,0.0,0.0,0.0,0.0,0.0
1,2,0.0,0.0,1.0,0.0,0.0,0.0,0.0,0.0,0.0,0.0
1,2,0.0,0.0,1.0,0.0,0.0,0.0,0.0,0.0,0.0,0.0
1,2,0.0,0.0,1.0,0.0,0.0,0.0,0.0,0.0,0.0,0.0
1,2,0.0,0.0,1.0,0.0,0.0,0.0,0.0,0.0,0.0,0.0
1,2,0.0,0.0,1.0,0.0,0.0,0.0,0.0,0.0,0.0,0.0
1,2,0.0,0.0,1.0,0.0,0.0,0.0,0.0,0.0,0.0,0.0
1,2,0.0,0.0,1.0,0.0,0.0,0.0,0.0,0.0,0.0,0.0
1,2,0.0,0.0,1.0,0.0,0.0,0.0,0.0,0.0,0.0,0.0
1,2,0.0,0.0,1.0,0.0,0.0,0.0,0.0,0.0,0.0,0.0
1,2,0.0,0.0,1.0,0.0,0.0,0.0,0.0,0.0,0.0,0.0
1,2,0.0,0.0,1.0,0.0,0.0,0.0,0.0,0.0,0.0,0.0
1,2,0.0,0.0,1.0,0.0,0.0,0.0,0.0,0.0,0.0,0.0
1,2,0.0,0.0,1.0,0.0,0.0,0.0,0.0,0.0,0.0,0.0
1,2,0.0,0.0,1.0,0.0,0.0,0.0,0.0,0.0,0.0,0.0
1,2,0.0,0.0,1.0,0.0,0.0,0.0,0.0,0.0,0.0,0.0
1,2,0.0,0.0,1.0,0.0,0.0,0.0,0.0,0.0,0.0,0.0
1,2,0.0,0.0,1.0,0.0,0.0,0.0,0.0,0.0,0.0,0.0
1,2,0.0,0.0,1.0,0.0,0.0,0.0,0.0,0.0,0.0,0.0
1,2,0.0,0.0,1.0,0.0,0.0,0.0,0.0,0.0,0.0,0.0
1,2,0.0,0.0,1.0,0.0,0.0,0.0,0.0,0.0,0.0,0.0
1,2,0.0,0.0,1.0,0.0,0.0,0.0,0.0,0.0,0.0,0.0
1,2,0.0,0.0,1.0,0.0,0.0,0.0,0.0,0.0,0.0,0.0
1,2,0.0,0.0,1.0,0.0,0.0,0.0,0.0,0.0,0.0,0.0
1,2,0.0,0.0,1.0,0.0,0.0,0.0,0.0,0.0,0.0,0.0
1,2,0.0,0.0,1.0,0.0,0.0,0.0,0.0,0.0,0.0,0.0
1,2,0.0,0.0,1.0,0.0,0.0,0.0,0.0,0.0,0.0,0.0
1,2,0.0,0.0,1.0,0.0,0.0,0.0,0.0,0.0,0.0,0.0
1,2,0.0,0.0,1.0,0.0,0.0,0.0,0.0,0.0,0.0,0.0
1,2,0.0,0.0,1.0,0.0,0.0,0.0,0.0,0.0,0.0,0.0
1,2,0.0,0.0,1.0,0.0,0.0,0.0,0.0,0.0,0.0,0.0
1,2,0.0,0.0,1.0,0.0,0.0,0.0,0.0,0.0,0.0,0.0
1,2,0.0,0.0,1.0,0.0,0.0,0.0,0.0,0.0,0.0,0.0
1,2,0.0,0.0,1.0,0.0,0.0,0.0,0.0,0.0,0.0,0.0
1,2,0.0,0.0,1.0,0.0,0.0,0.0,0.0,0.0,0.0,0.0
1,2,0.0,0.0,1.0,0.0,0.0,0.0,0.0,0.0,0.0,0.0
1,2,0.0,0.0,1.0,0.0,0.0,0.0,0.0,0.0,0.0,0.0
1,2,0.0,0.0,1.0,0.0,0.0,0.0,0.0,0.0,0.0,0.0
1,2,0.0,0.0,1.0,0.0,0.0,0.0,0.0,0.0,0.0,0.0
1,2,0.0,0.0,1.0,0.0,0.0,0.0,0.0,0.0,0.0,0.0
1,2,0.0,0.0,1.0,0.0,0.0,0.0,0.0,0.0,0.0,0.0
1,2,0.0,0.0,1.0,0.0,0.0,0.0,0.0,0.0,0.0,0.0
1,2,0.0,0.0,1.0,0.0,0.0,0.0,0.0,0.0,0.0,0.0
1,2,0.0,0.0,1.0,0.0,0.0,0.0,0.0,0.0,0.0,0.0
1,2,0.0,0.0,1.0,0.0,0.0,0.0,0.0,0.0,0.0,0.0
1,2,0.0,0.0,1.0,0.0,0.0,0.0,0.0,0.0,0.0,0.0
1,2,0.0,0.0,1.0,0.0,0.0,0.0,0.0,0.0,0.0,0.0
1,2,0.0,0.0,1.0,0.0,0.0,0.0,0.0,0.0,0.0,0.0
1,2,0.0,0.0,1.0,0.0,0.0,0.0,0.0,0.0,0.0,0.0
1,2,0.0,0.0,1.0,0.0,0.0,0.0,0.0,0.0,0.0,0.0
1,2,0.0,0.0,1.0,0.0,0.0,0.0,0.0,0.0,0.0,0.0
1,2,0.0,0.0,1.0,0.0,0.0,0.0,0.0,0.0,0.0,0.0
1,2,0.0,0.0,1.0,0.0,0.0,0.0,0.0,0.0,0.0,0.0
1,2,0.0,0.0,1.0,0.0,0.0,0.0,0.0,0.0,0.0,0.0
1,2,0.0,0.0,1.0,0.0,0.0,0.0,0.0,0.0,0.0,0.0
1,2,0.0,0.0,1.0,0.0,0.0,0.0,0.0,0.0,0.0,0.0
1,2,0.0,0.0,1.0,0.0,0.0,0.0,0.0,0.0,0.0,0.0
1,2,0.0,0.0,1.0,0.0,0.0,0.0,0.0,0.0,0.0,0.0
1,2,0.0,0.0,1.0,0.0,0.0,0.0,0.0,0.0,0.0,0.0
1,2,0.0,0.0,1.0,0.0,0.0,0.0,0.0,0.0,0.0,0.0
1,2,0.0,0.0,1.0,0.0,0.0,0.0,0.0,0.0,0.0,0.0
1,2,0.0,0.0,1.0,0.0,0.0,0.0,0.0,0.0,0.0,0.0
1,2,0.0,0.0,1.0,0.0,0.0,0.0,0.0,0.0,0.0,0.0
1,2,0.0,0.0,1.0,0.0,0.0,0.0,0.0,0.0,0.0,0.0
1,2,0.0,0.0,1.0,0.0,0.0,0.0,0.0,0.0,0.0,0.0
1,2,0.0,0.0,1.0,0.0,0.0,0.0,0.0,0.0,0.0,0.0
1,2,0.0,0.0,1.0,0.0,0.0,0.0,0.0,0.0,0.0,0.0
1,2,0.0,0.0,1.0,0.0,0.0,0.0,0.0,0.0,0.0,0.0
1,2,0.0,0.0,1.0,0.0,0.0,0.0,0.0,0.0,0.0,0.0
1,2,0.0,0.0,1.0,0.0,0.0,0.0,0.0,0.0,0.0,0.0
1,2,0.0,0.0,1.0,0.0,0.0,0.0,0.0,0.0,0.0,0.0
1,2,0.0,0.0,1.0,0.0,0.0,0.0,0.0,0.0,0.0,0.0
1,2,0.0,0.0,1.0,0.0,0.0,0.0,0.0,0.0,0.0,0.0
1,2,0.0,0.0,1.0,0.0,0.0,0.0,0.0,0.0,0.0,0.0
1,2,0.0,0.0,1.0,0.0,0.0,0.0,0.0,0.0,0.0,0.0
1,2,0.0,0.0,1.0,0.0,0.0,0.0,0.0,0.0,0.0,0.0
1,2,0.0,0.0,1.0,0.0,0.0,0.0,0.0,0.0,0.0,0.0
1,2,0.0,0.0,1.0,0.0,0.0,0.0,0.0,0.0,0.0,0.0
1,2,0.0,0.0,1.0,0.0,0.0,0.0,0.0,0.0,0.0,0.0
1,2,0.0,0.0,1.0,0.0,0.0,0.0,0.0,0.0,0.0,0.0
1,2,0.060472734,0.0,0.9395273,0.0,0.0,0.0,0.0,0.0,0.0,0.0
1,2,0.060472734,0.0,0.9395273,0.0,0.0,0.0,0.0,0.0,0.0,0.0
1,2,0.060472734,0.0,0.9395273,0.0,0.0,0.0,0.0,0.0,0.0,0.0
1,2,0.060472734,0.0,0.9395273,0.0,0.0,0.0,0.0,0.0,0.0,0.0
1,2,0.060472734,0.0,0.9395273,0.0,0.0,0.0,0.0,0.0,0.0,0.0
1,2,0.060472734,0.0,0.9395273,0.0,0.0,0.0,0.0,0.0,0.0,0.0
1,2,0.060472734,0.0,0.9395273,0.0,0.0,0.0,0.0,0.0,0.0,0.0
1,2,0.060472734,0.0,0.9395273,0.0,0.0,0.0,0.0,0.0,0.0,0.0
1,2,0.060472734,0.0,0.9395273,0.0,0.0,0.0,0.0,0.0,0.0,0.0
1,2,0.060472734,0.0,0.9395273,0.0,0.0,0.0,0.0,0.0,0.0,0.0
1,2,0.060472734,0.0,0.9395273,0.0,0.0,0.0,0.0,0.0,0.0,0.0
1,2,0.060472734,0.0,0.9395273,0.0,0.0,0.0,0.0,0.0,0.0,0.0
1,2,0.060472734,0.0,0.9395273,0.0,0.0,0.0,0.0,0.0,0.0,0.0
1,2,0.060472734,0.0,0.9395273,0.0,0.0,0.0,0.0,0.0,0.0,0.0
1,2,0.060472734,0.0,0.9395273,0.0,0.0,0.0,0.0,0.0,0.0,0.0
1,2,0.060472734,0.0,0.9395273,0.0,0.0,0.0,0.0,0.0,0.0,0.0
1,2,0.060472734,0.0,0.9395273,0.0,0.0,0.0,0.0,0.0,0.0,0.0
1,2,0.060472734,0.0,0.9395273,0.0,0.0,0.0,0.0,0.0,0.0,0.0
1,2,0.060472734,0.0,0.9395273,0.0,0.0,0.0,0.0,0.0,0.0,0.0
1,2,0.060472734,0.0,0.9395273,0.0,0.0,0.0,0.0,0.0,0.0,0.0
1,2,0.060472734,0.0,0.9395273,0.0,0.0,0.0,0.0,0.0,0.0,0.0
1,2,0.060472734,0.0,0.9395273,0.0,0.0,0.0,0.0,0.0,0.0,0.0
1,2,0.060472734,0.0,0.9395273,0.0,0.0,0.0,0.0,0.0,0.0,0.0
1,2,0.060472734,0.0,0.9395273,0.0,0.0,0.0,0.0,0.0,0.0,0.0
1,2,0.060472734,0.0,0.9395273,0.0,0.0,0.0,0.0,0.0,0.0,0.0
1,2,0.060472734,0.0,0.9395273,0.0,0.0,0.0,0.0,0.0,0.0,0.0
1,2,0.060472734,0.0,0.9395273,0.0,0.0,0.0,0.0,0.0,0.0,0.0
1,2,0.060472734,0.0,0.9395273,0.0,0.0,0.0,0.0,0.0,0.0,0.0
1,2,0.060472734,0.0,0.9395273,0.0,0.0,0.0,0.0,0.0,0.0,0.0
1,2,0.060472734,0.0,0.9395273,0.0,0.0,0.0,0.0,0.0,0.0,0.0
1,2,0.060472734,0.0,0.9395273,0.0,0.0,0.0,0.0,0.0,0.0,0.0
1,2,0.060472734,0.0,0.9395273,0.0,0.0,0.0,0.0,0.0,0.0,0.0
1,2,0.060472734,0.0,0.9395273,0.0,0.0,0.0,0.0,0.0,0.0,0.0
1,2,0.060472734,0.0,0.9395273,0.0,0.0,0.0,0.0,0.0,0.0,0.0
1,2,0.060472734,0.0,0.9395273,0.0,0.0,0.0,0.0,0.0,0.0,0.0
1,2,0.060472734,0.0,0.9395273,0.0,0.0,0.0,0.0,0.0,0.0,0.0
1,2,0.060472734,0.0,0.9395273,0.0,0.0,0.0,0.0,0.0,0.0,0.0
1,2,0.060472734,0.0,0.9395273,0.0,0.0,0.0,0.0,0.0,0.0,0.0
1,2,0.060472734,0.0,0.9395273,0.0,0.0,0.0,0.0,0.0,0.0,0.0
1,2,0.060472734,0.0,0.9395273,0.0,0.0,0.0,0.0,0.0,0.0,0.0
1,2,0.060472734,0.0,0.9395273,0.0,0.0,0.0,0.0,0.0,0.0,0.0
1,2,0.060472734,0.0,0.9395273,0.0,0.0,0.0,0.0,0.0,0.0,0.0
1,2,0.060472734,0.0,0.9395273,0.0,0.0,0.0,0.0,0.0,0.0,0.0
1,2,0.060472734,0.0,0.9395273,0.0,0.0,0.0,0.0,0.0,0.0,0.0
1,2,0.060472734,0.0,0.9395273,0.0,0.0,0.0,0.0,0.0,0.0,0.0
1,2,0.060472734,0.0,0.9395273,0.0,0.0,0.0,0.0,0.0,0.0,0.0
1,2,0.060472734,0.0,0.9395273,0.0,0.0,0.0,0.0,0.0,0.0,0.0
1,2,0.060472734,0.0,0.9395273,0.0,0.0,0.0,0.0,0.0,0.0,0.0
1,2,0.060472734,0.0,0.9395273,0.0,0.0,0.0,0.0,0.0,0.0,0.0
1,2,0.060472734,0.0,0.9395273,0.0,0.0,0.0,0.0,0.0,0.0,0.0
1,2,0.060472734,0.0,0.9395273,0.0,0.0,0.0,0.0,0.0,0.0,0.0
1,2,0.060472734,0.0,0.9395273,0.0,0.0,0.0,0.0,0.0,0.0,0.0
1,2,0.060472734,0.0,0.9395273,0.0,0.0,0.0,0.0,0.0,0.0,0.0
1,2,0.060472734,0.0,0.9395273,0.0,0.0,0.0,0.0,0.0,0.0,0.0
1,2,0.060472734,0.0,0.9395273,0.0,0.0,0.0,0.0,0.0,0.0,0.0
1,2,0.060472734,0.0,0.9395273,0.0,0.0,0.0,0.0,0.0,0.0,0.0
1,2,0.060472734,0.0,0.9395273,0.0,0.0,0.0,0.0,0.0,0.0,0.0
1,2,0.060472734,0.0,0.9395273,0.0,0.0,0.0,0.0,0.0,0.0,0.0
1,2,0.060472734,0.0,0.9395273,0.0,0.0,0.0,0.0,0.0,0.0,0.0
1,2,0.060472734,0.0,0.9395273,0.0,0.0,0.0,0.0,0.0,0.0,0.0
1,2,0.060472734,0.0,0.9395273,0.0,0.0,0.0,0.0,0.0,0.0,0.0
1,2,0.060472734,0.0,0.9395273,0.0,0.0,0.0,0.0,0.0,0.0,0.0
1,2,0.060472734,0.0,0.9395273,0.0,0.0,0.0,0.0,0.0,0.0,0.0
1,2,0.060472734,0.0,0.9395273,0.0,0.0,0.0,0.0,0.0,0.0,0.0
1,2,0.060472734,0.0,0.9395273,0.0,0.0,0.0,0.0,0.0,0.0,0.0
1,2,0.060472734,0.0,0.9395273,0.0,0.0,0.0,0.0,0.0,0.0,0.0
1,2,0.060472734,0.0,0.9395273,0.0,0.0,0.0,0.0,0.0,0.0,0.0
1,2,0.060472734,0.0,0.9395273,0.0,0.0,0.0,0.0,0.0,0.0,0.0
1,2,0.060472734,0.0,0.9395273,0.0,0.0,0.0,0.0,0.0,0.0,0.0
1,2,0.060472734,0.0,0.9395273,0.0,0.0,0.0,0.0,0.0,0.0,0.0
1,2,0.060472734,0.0,0.9395273,0.0,0.0,0.0,0.0,0.0,0.0,0.0
1,2,0.060472734,0.0,0.9395273,0.0,0.0,0.0,0.0,0.0,0.0,0.0
1,2,0.060472734,0.0,0.9395273,0.0,0.0,0.0,0.0,0.0,0.0,0.0
1,2,0.060472734,0.0,0.9395273,0.0,0.0,0.0,0.0,0.0,0.0,0.0
1,2,0.060472734,0.0,0.9395273,0.0,0.0,0.0,0.0,0.0,0.0,0.0
1,2,0.060472734,0.0,0.9395273,0.0,0.0,0.0,0.0,0.0,0.0,0.0
1,2,0.060472734,0.0,0.9395273,0.0,0.0,0.0,0.0,0.0,0.0,0.0
1,2,0.060472734,0.0,0.9395273,0.0,0.0,0.0,0.0,0.0,0.0,0.0
1,2,0.060472734,0.0,0.9395273,0.0,0.0,0.0,0.0,0.0,0.0,0.0
1,2,0.060472734,0.0,0.9395273,0.0,0.0,0.0,0.0,0.0,0.0,0.0
1,2,0.060472734,0.0,0.81024486,0.0,0.0,0.0,0.0,0.0,0.12928243,0.0
1,2,0.060472734,0.0,0.81024486,0.0,0.0,0.0,0.0,0.0,0.12928243,0.0
1,2,0.060472734,0.0,0.81024486,0.0,0.0,0.0,0.0,0.0,0.12928243,0.0
1,2,0.060472734,0.0,0.81024486,0.0,0.0,0.0,0.0,0.0,0.12928243,0.0
1,2,0.060472734,0.0,0.81024486,0.0,0.0,0.0,0.0,0.0,0.12928243,0.0
1,2,0.060472734,0.0,0.81024486,0.0,0.0,0.0,0.0,0.0,0.12928243,0.0
1,2,0.060472734,0.0,0.81024486,0.0,0.0,0.0,0.0,0.0,0.12928243,0.0
1,2,0.060472734,0.0,0.81024486,0.0,0.0,0.0,0.0,0.0,0.12928243,0.0
1,2,0.060472734,0.0,0.81024486,0.0,0.0,0.0,0.0,0.0,0.12928243,0.0
1,2,0.060472734,0.0,0.81024486,0.0,0.0,0.0,0.0,0.0,0.12928243,0.0
1,2,0.060472734,0.0,0.81024486,0.0,0.0,0.0,0.0,0.0,0.12928243,0.0
1,2,0.060472734,0.0,0.81024486,0.0,0.0,0.0,0.0,0.0,0.12928243,0.0
1,2,0.06047273,0.0,0.75019336,0.0,0.0,0.0,0.0,0.0,0.18933389,0.0
1,2,0.06047273,0.0,0.75019336,0.0,0.0,0.0,0.0,0.0,0.18933389,0.0
1,2,0.06047273,0.0,0.75019336,0.0,0.0,0.0,0.0,0.0,0.18933389,0.0
1,2,0.06047273,0.0,0.75019336,0.0,0.0,0.0,0.0,0.0,0.18933389,0.0
1,2,0.06047273,0.0,0.75019336,0.0,0.0,0.0,0.0,0.0,0.18933389,0.0
1,2,0.06047273,0.0,0.75019336,0.0,0.0,0.0,0.0,0.0,0.18933389,0.0
1,2,0.06047273,0.0,0.75019336,0.0,0.0,0.0,0.0,0.0,0.18933389,0.0
1,2,0.06047273,0.0,0.75019336,0.0,0.0,0.0,0.0,0.0,0.18933389,0.0
1,2,0.06047273,0.0,0.75019336,0.0,0.0,0.0,0.0,0.0,0.18933389,0.0
1,2,0.06047273,0.0,0.75019336,0.0,0.0,0.0,0.0,0.0,0.18933389,0.0
1,2,0.06047273,0.0,0.75019336,0.0,0.0,0.0,0.0,0.0,0.18933389,0.0
1,2,0.06047273,0.0,0.75019336,0.0,0.0,0.0,0.0,0.0,0.18933389,0.0
1,2,0.06047273,0.0,0.6906333,0.0,0.0,0.059560053,0.0,0.0,0.18933389,0.0
1,2,0.06047273,0.0,0.6906333,0.0,0.0,0.059560053,0.0,0.0,0.18933389,0.0
1,2,0.06047273,0.0,0.6906333,0.0,0.0,0.059560053,0.0,0.0,0.18933389,0.0
1,2,0.06047273,0.0,0.6906333,0.0,0.0,0.059560053,0.0,0.0,0.18933389,0.0
1,2,0.06047273,0.0,0.6906333,0.0,0.0,0.059560053,0.0,0.0,0.18933389,0.0
1,2,0.06047273,0.0,0.6906333,0.0,0.0,0.059560053,0.0,0.0,0.18933389,0.0
1,2,0.06047273,0.0,0.6906333,0.0,0.0,0.059560053,0.0,0.0,0.18933389,0.0
1,2,0.06047273,0.0,0.6906333,0.0,0.0,0.059560053,0.0,0.0,0.18933389,0.0
1,2,0.06047273,0.0,0.6263435,0.0,0.0,0.059560053,0.064289816,0.0,0.18933389,0.0
1,2,0.06047273,0.0,0.6263435,0.0,0.0,0.059560053,0.064289816,0.0,0.18933389,0.0
1,2,0.06047273,0.0,0.6263435,0.0,0.0,0.059560053,0.064289816,0.0,0.18933389,0.0
1,2,0.06047273,0.0,0.6263435,0.0,0.0,0.059560053,0.064289816,0.0,0.18933389,0.0
1,2,0.06047273,0.0,0.6263435,0.0,0.0,0.059560053,0.064289816,0.0,0.18933389,0.0
1,2,0.06047273,0.0,0.6263435,0.0,0.0,0.059560053,0.064289816,0.0,0.18933389,0.0
3,2,0.060472738,0.0,0.56292313,0.0,0.0,0.05956006,0.12771024,0.0,0.1893339,0.0
3,2,0.060472738,0.0,0.56292313,0.0,0.0,0.05956006,0.12771024,0.0,0.1893339,0.0
3,2,0.060472738,0.0,0.56292313,0.0,0.0,0.05956006,0.12771024,0.0,0.1893339,0.0
3,2,0.060472738,0.0,0.56292313,0.0,0.0,0.05956006,0.12771024,0.0,0.1893339,0.0
3,2,0.060472738,0.0,0.56292313,0.0,0.0,0.05956006,0.12771024,0.0,0.1893339,0.0
3,2,0.060472738,0.0,0.56292313,0.0,0.0,0.05956006,0.12771024,0.0,0.1893339,0.0
3,2,0.060472734,0.0,0.504487,0.0,0.0,0.059560057,0.12771022,0.0,0.24777003,0.0
3,2,0.060472734,0.0,0.504487,0.0,0.0,0.059560057,0.12771022,0.0,0.24777003,0.0
3,2,0.060472734,0.0,0.504487,0.0,0.0,0.059560057,0.12771022,0.0,0.24777003,0.0
3,2,0.060472734,0.0,0.504487,0.0,0.0,0.059560057,0.12771022,0.0,0.24777003,0.0
3,2,0.060472734,0.0,0.504487,0.0,0.0,0.059560057,0.12771022,0.0,0.24777003,0.0
3,2,0.060472734,0.0,0.504487,0.0,0.0,0.059560057,0.12771022,0.0,0.24777003,0.0
3,2,0.060472734,0.0,0.504487,0.0,0.0,0.059560057,0.12771022,0.0,0.24777003,0.0
3,2,0.060472734,0.0,0.504487,0.0,0.0,0.059560057,0.12771022,0.0,0.24777003,0.0
3,2,0.060472734,0.0,0.504487,0.0,0.0,0.059560057,0.12771022,0.0,0.24777003,0.0
3,2,0.060472734,0.0,0.504487,0.0,0.0,0.059560057,0.12771022,0.0,0.24777003,0.0
3,2,0.060472734,0.0,0.43557557,0.0,0.0,0.059560057,0.12771022,0.0,0.24777003,0.06891143
3,2,0.060472734,0.0,0.43557557,0.0,0.0,0.059560057,0.12771022,0.0,0.24777003,0.06891143
3,2,0.060472734,0.0,0.43557557,0.0,0.0,0.059560057,0.12771022,0.0,0.24777003,0.06891143
3,2,0.060472734,0.0,0.43557557,0.0,0.0,0.059560057,0.12771022,0.0,0.24777003,0.06891143
3,2,0.060472734,0.0,0.43557557,0.0,0.0,0.059560057,0.12771022,0.0,0.24777003,0.06891143
3,2,0.060472734,0.0,0.43557557,0.0,0.0,0.059560057,0.12771022,0.0,0.24777003,0.06891143
3,2,0.060472734,0.0,0.37487912,0.0,0.0,0.059560057,0.18840666,0.0,0.24777003,0.06891143
3,2,0.060472734,0.0,0.37487912,0.0,0.0,0.059560057,0.18840666,0.0,0.24777003,0.06891143
3,2,0.060472734,0.0,0.37487912,0.0,0.0,0.059560057,0.18840666,0.0,0.24777003,0.06891143
3,2,0.060472734,0.0,0.37487912,0.0,0.0,0.059560057,0.18840666,0.0,0.24777003,0.06891143
3,2,0.060472734,0.0,0.37487912,0.0,0.0,0.059560057,0.18840666,0.0,0.24777003,0.06891143
3,2,0.060472734,0.0,0.37487912,0.0,0.0,0.059560057,0.18840666,0.0,0.24777003,0.06891143
3,2,0.060472734,0.0,0.37487912,0.0,0.0,0.059560057,0.18840666,0.0,0.24777003,0.06891143
3,2,0.060472734,0.0,0.37487912,0.0,0.0,0.059560057,0.18840666,0.0,0.24777003,0.06891143
3,2,0.060472734,0.0,0.37487912,0.0,0.0,0.059560057,0.18840666,0.0,0.24777003,0.06891143
3,2,0.060472734,0.0,0.37487912,0.0,0.0,0.059560057,0.18840666,0.0,0.24777003,0.06891143
3,6,0.060472734,0.0,0.24885035,0.0,0.0,0.059560057,0.31443545,0.0,0.24777003,0.06891143
3,6,0.060472734,0.0,0.24885035,0.0,0.0,0.059560057,0.31443545,0.0,0.24777003,0.06891143
3,6,0.060472734,0.0,0.24885035,0.0,0.0,0.059560057,0.31443545,0.0,0.24777003,0.06891143
3,6,0.060472734,0.0,0.24885035,0.0,0.0,0.059560057,0.31443545,0.0,0.24777003,0.06891143
3,6,0.060472734,0.0,0.24885035,0.0,0.0,0.059560057,0.31443545,0.0,0.24777003,0.06891143
3,6,0.060472734,0.0,0.24885035,0.0,0.0,0.059560057,0.31443545,0.0,0.24777003,0.06891143
3,6,0.060472734,0.0,0.24885035,0.0,0.0,0.059560057,0.31443545,0.0,0.24777003,0.06891143
3,6,0.060472734,0.0,0.24885035,0.0,0.0,0.059560057,0.31443545,0.0,0.24777003,0.06891143
3,6,0.060472734,0.0,0.1886095,0.0,0.0,0.059560057,0.37467632,0.0,0.24777003,0.06891143
3,6,0.060472734,0.0,0.1886095,0.0,0.0,0.059560057,0.37467632,0.0,0.24777003,0.06891143
3,6,0.0,0.0,0.0,0.0,0.0,0.12198205,0.5685495,0.0,0.18008429,0.12938416
3,6,0.0,0.0,0.0,0.0,0.0,0.12198205,0.5685495,0.0,0.18008429,0.12938416
3,6,0.0,0.0,0.0,0.0,0.0,0.12198205,0.5685495,0.0,0.18008429,0.12938416
3,6,0.0,0.0,0.0,0.0,0.0,0.12198205,0.5685495,0.0,0.18008429,0.12938416
3,6,0.0,0.0,0.0,0.0,0.0,0.12198205,0.5685495,0.0,0.18008429,0.12938416
3,6,0.0,0.0,0.0,0.0,0.0,0.12198205,0.5685495,0.0,0.18008429,0.12938416
3,6,0.0,0.0,0.0,0.0,0.0,0.12198205,0.5685495,0.0,0.18008429,0.12938416
3,6,0.0,0.0,0.0,0.0,0.0,0.12198205,0.5685495,0.0,0.18008429,0.12938416
3,6,0.0,0.0,0.0,0.0,0.0,0.12198205,0.5685495,0.0,0.18008429,0.12938416
3,6,0.0,0.0,0.0,0.0,0.0,0.12198205,0.5685495,0.0,0.18008429,0.12938416
3,6,0.0,0.0,0.0,0.0,0.0,0.12198205,0.5685495,0.0,0.18008429,0.12938416
3,6,0.0,0.0,0.0,0.0,0.0,0.12198205,0.5685495,0.0,0.18008429,0.12938416
3,6,0.0,0.0,0.0,0.0,0.0,0.12198205,0.5685495,0.0,0.18008429,0.12938416
3,6,0.0,0.0,0.0,0.0,0.0,0.12198205,0.5685495,0.0,0.18008429,0.12938416
3,6,0.0,0.0,0.0,0.0,0.0,0.12198205,0.5685495,0.0,0.18008429,0.12938416
3,6,0.0,0.0,0.0,0.0,0.0,0.12198205,0.5685495,0.0,0.18008429,0.12938416
3,6,0.0,0.0,0.0,0.0,0.0,0.12198205,0.62860096,0.0,0.12003283,0.12938416
3,6,0.0,0.0,0.0,0.0,0.0,0.12198205,0.62860096,0.0,0.12003283,0.12938416
3,6,0.0,0.0,0.0,0.0,0.0,0.12198205,0.62860096,0.0,0.12003283,0.12938416
3,6,0.0,0.0,0.0,0.0,0.0,0.12198205,0.62860096,0.0,0.12003283,0.12938416
3,6,0.0,0.0,0.0,0.0,0.0,0.12198205,0.62860096,0.0,0.12003283,0.12938416
3,6,0.0,0.0,0.0,0.0,0.0,0.12198205,0.62860096,0.0,0.12003283,0.12938416
3,6,0.0,0.0,0.0,0.0,0.0,0.059560053,0.69102293,0.0,0.12003283,0.12938416
3,6,0.0,0.0,0.0,0.0,0.0,0.059560053,0.69102293,0.0,0.12003283,0.12938416
3,6,0.0,0.0,0.0,0.0,0.0,0.059560053,0.69102293,0.0,0.12003283,0.12938416
3,6,0.0,0.0,0.0,0.0,0.0,0.059560053,0.69102293,0.0,0.12003283,0.12938416
3,6,0.0,0.0,0.0,0.0,0.0,0.059560053,0.69102293,0.0,0.12003283,0.12938416
3,6,0.0,0.0,0.0,0.0,0.0,0.059560053,0.69102293,0.0,0.12003283,0.12938416
3,6,0.0,0.0,0.0,0.0,0.0,0.059560053,0.69102293,0.0,0.12003283,0.12938416
3,6,0.0,0.0,0.0,0.0,0.0,0.059560053,0.69102293,0.0,0.12003283,0.12938416
3,6,0.0,0.0,0.0,0.0,0.0,0.059560053,0.69102293,0.0,0.12003283,0.12938416
3,6,0.0,0.0,0.0,0.0,0.0,0.059560053,0.69102293,0.0,0.12003283,0.12938416
3,6,0.0,0.0,0.0,0.0,0.0,0.059560057,0.7494591,0.0,0.06159671,0.12938417
3,6,0.0,0.0,0.0,0.0,0.0,0.059560057,0.7494591,0.0,0.06159671,0.12938417
3,6,0.0,0.0,0.0,0.0,0.0,0.059560057,0.7494591,0.0,0.06159671,0.12938417
3,6,0.0,0.0,0.0,0.0,0.0,0.059560057,0.7494591,0.0,0.06159671,0.12938417
3,6,0.0,0.0,0.0,0.0,0.0,0.059560057,0.7494591,0.0,0.06159671,0.12938417
3,6,0.0,0.0,0.0,0.0,0.0,0.059560057,0.7494591,0.0,0.06159671,0.12938417
3,6,0.0,0.0,0.0,0.0,0.0,0.059560057,0.7494591,0.0,0.06159671,0.12938417
3,6,0.0,0.0,0.0,0.0,0.0,0.059560057,0.7494591,0.0,0.06159671,0.12938417
3,6,0.0,0.0,0.0,0.0,0.0,0.059560057,0.7494591,0.0,0.06159671,0.12938417
3,6,0.0,0.0,0.0,0.0,0.0,0.059560057,0.7494591,0.0,0.06159671,0.12938417
3,6,0.0,0.0,0.0,0.0,0.0,0.059560057,0.7494591,0.0,0.06159671,0.12938417
3,6,0.0,0.0,0.0,0.0,0.0,0.059560057,0.7494591,0.0,0.06159671,0.12938417
3,6,0.0,0.0,0.0,0.0,0.0,0.059560057,0.7494591,0.0,0.06159671,0.12938417
3,6,0.0,0.0,0.0,0.0,0.0,0.059560057,0.7494591,0.0,0.06159671,0.12938417
3,6,0.0,0.0,0.0,0.0,0.0,0.059560057,0.7494591,0.0,0.06159671,0.12938417
3,6,0.0,0.0,0.0,0.0,0.0,0.059560057,0.7494591,0.0,0.06159671,0.12938417
3,6,0.0,0.0,0.0,0.0,0.0,0.059560057,0.7494591,0.0,0.06159671,0.12938417
3,6,0.0,0.0,0.0,0.0,0.0,0.059560057,0.7494591,0.0,0.06159671,0.12938417
3,6,0.0,0.0,0.0,0.0,0.0,0.059560057,0.7494591,0.0,0.06159671,0.12938417
3,6,0.0,0.0,0.0,0.0,0.0,0.059560057,0.7494591,0.0,0.06159671,0.12938417
3,6,0.0,0.0,0.0,0.0,0.0,0.059560057,0.7494591,0.0,0.06159671,0.12938417
3,6,0.0,0.0,0.0,0.0,0.0,0.059560057,0.7494591,0.0,0.06159671,0.12938417
3,6,0.0,0.0,0.0,0.0,0.0,0.059560057,0.7494591,0.0,0.06159671,0.12938417
3,6,0.0,0.0,0.0,0.0,0.0,0.059560057,0.7494591,0.0,0.06159671,0.12938417
3,6,0.0,0.0,0.0,0.0,0.0,0.059560057,0.7494591,0.0,0.06159671,0.12938417
3,6,0.0,0.0,0.0,0.0,0.0,0.059560057,0.7494591,0.0,0.06159671,0.12938417
3,6,0.0,0.0,0.0,0.0,0.0,0.059560057,0.7494591,0.0,0.06159671,0.12938417
3,6,0.0,0.0,0.0,0.0,0.0,0.059560057,0.7494591,0.0,0.06159671,0.12938417
3,6,0.0,0.0,0.0,0.0,0.0,0.059560057,0.7494591,0.0,0.06159671,0.12938417
3,6,0.0,0.0,0.0,0.0,0.0,0.059560057,0.7494591,0.0,0.06159671,0.12938417
3,6,0.0,0.0,0.0,0.0,0.0,0.059560057,0.7494591,0.0,0.06159671,0.12938417
3,6,0.0,0.0,0.0,0.0,0.0,0.059560057,0.7494591,0.0,0.06159671,0.12938417
3,6,0.0,0.0,0.0,0.0,0.0,0.059560057,0.8110558,0.0,0.0,0.12938417
3,6,0.0,0.0,0.0,0.0,0.0,0.059560057,0.8110558,0.0,0.0,0.12938417
3,6,0.0,0.0,0.0,0.0,0.0,0.059560057,0.8110558,0.0,0.0,0.12938417
3,6,0.0,0.0,0.0,0.0,0.0,0.059560057,0.8110558,0.0,0.0,0.12938417
3,6,0.0,0.0,0.0,0.0,0.0,0.059560057,0.8110558,0.0,0.0,0.12938417
3,6,0.0,0.0,0.0,0.0,0.0,0.059560057,0.8110558,0.0,0.0,0.12938417
3,6,0.0,0.0,0.0,0.0,0.0,0.059560057,0.8110558,0.0,0.0,0.12938417
3,6,0.0,0.0,0.0,0.0,0.0,0.059560057,0.8110558,0.0,0.0,0.12938417
3,6,0.0,0.0,0.0,0.0,0.0,0.059560057,0.8110558,0.0,0.0,0.12938417
3,6,0.0,0.0,0.0,0.0,0.0,0.059560057,0.8110558,0.0,0.0,0.12938417
3,6,0.0,0.0,0.0,0.0,0.0,0.059560057,0.8110558,0.0,0.0,0.12938417
3,6,0.0,0.0,0.0,0.0,0.0,0.059560057,0.8110558,0.0,0.0,0.12938417
3,6,0.0,0.0,0.0,0.0,0.0,0.059560057,0.8110558,0.0,0.0,0.12938417
3,6,0.0,0.0,0.0,0.0,0.0,0.059560057,0.8110558,0.0,0.0,0.12938417
3,6,0.0,0.0,0.0,0.0,0.0,0.059560057,0.8110558,0.0,0.0,0.12938417
3,6,0.0,0.0,0.0,0.0,0.0,0.059560057,0.8110558,0.0,0.0,0.12938417
3,6,0.0,0.0,0.0,0.0,0.0,0.059560057,0.8715285,0.0,0.0,0.06891143
3,6,0.0,0.0,0.0,0.0,0.0,0.059560057,0.8715285,0.0,0.0,0.06891143
3,6,0.0,0.0,0.0,0.0,0.0,0.059560057,0.8715285,0.0,0.0,0.06891143
3,6,0.0,0.0,0.0,0.0,0.0,0.059560057,0.8715285,0.0,0.0,0.06891143
3,6,0.0,0.0,0.0,0.0,0.0,0.059560057,0.8715285,0.0,0.0,0.06891143
3,6,0.0,0.0,0.0,0.0,0.0,0.059560057,0.8715285,0.0,0.0,0.06891143
3,6,0.0,0.0,0.0,0.0,0.0,0.059560057,0.8715285,0.0,0.0,0.06891143
3,6,0.0,0.0,0.0,0.0,0.0,0.059560057,0.8715285,0.0,0.0,0.06891143
3,6,0.0,0.0,0.0,0.0,0.0,0.0,0.93108857,0.0,0.0,0.06891143
3,6,0.0,0.0,0.0,0.0,0.0,0.0,0.93108857,0.0,0.0,0.06891143
3,6,0.0,0.0,0.0,0.0,0.0,0.0,0.93108857,0.0,0.0,0.06891143
3,6,0.0,0.0,0.0,0.0,0.0,0.0,0.93108857,0.0,0.0,0.06891143
3,6,0.0,0.0,0.0,0.0,0.0,0.0,0.93108857,0.0,0.0,0.06891143
3,6,0.0,0.0,0.0,0.0,0.0,0.0,0.93108857,0.0,0.0,0.06891143
3,6,0.0,0.0,0.0,0.0,0.0,0.0,0.93108857,0.0,0.0,0.06891143
3,6,0.0,0.0,0.0,0.0,0.0,0.0,0.93108857,0.0,0.0,0.06891143
3,6,0.0,0.0,0.0,0.0,0.0,0.0,0.93108857,0.0,0.0,0.06891143
3,6,0.0,0.0,0.0,0.0,0.0,0.0,0.93108857,0.0,0.0,0.06891143
3,6,0.0,0.0,0.0,0.0,0.0,0.0,0.93108857,0.0,0.0,0.06891143
3,6,0.0,0.0,0.0,0.0,0.0,0.0,0.93108857,0.0,0.0,0.06891143
3,6,0.0,0.0,0.0,0.0,0.0,0.0,0.93108857,0.0,0.0,0.06891143
3,6,0.0,0.0,0.0,0.0,0.0,0.0,0.93108857,0.0,0.0,0.06891143
3,6,0.0,0.0,0.0,0.0,0.0,0.0,0.93108857,0.0,0.0,0.06891143
3,6,0.0,0.0,0.0,0.0,0.0,0.0,0.93108857,0.0,0.0,0.06891143
3,6,0.0,0.0,0.0,0.0,0.0,0.0,0.93108857,0.0,0.0,0.06891143
3,6,0.0,0.0,0.0,0.0,0.0,0.0,0.93108857,0.0,0.0,0.06891143
3,6,0.0,0.0,0.0,0.0,0.0,0.0,0.93108857,0.0,0.0,0.06891143
3,6,0.0,0.0,0.0,0.0,0.0,0.0,0.93108857,0.0,0.0,0.06891143
3,6,0.0,0.0,0.0,0.0,0.0,0.0,0.93108857,0.0,0.0,0.06891143
3,6,0.0,0.0,0.0,0.0,0.0,0.0,0.93108857,0.0,0.0,0.06891143
3,6,0.0,0.0,0.0,0.0,0.0,0.0,0.93108857,0.0,0.0,0.06891143
3,6,0.0,0.0,0.0,0.0,0.0,0.0,0.93108857,0.0,0.0,0.06891143
3,6,0.0,0.0,0.0,0.0,0.0,0.0,0.93108857,0.0,0.0,0.06891143
3,6,0.0,0.0,0.0,0.0,0.0,0.0,0.93108857,0.0,0.0,0.06891143
3,6,0.0,0.0,0.0,0.0,0.0,0.0,0.93108857,0.0,0.0,0.06891143
3,6,0.0,0.0,0.0,0.0,0.0,0.0,0.93108857,0.0,0.0,0.06891143
3,6,0.0,0.0,0.0,0.0,0.0,0.0,0.93108857,0.0,0.0,0.06891143
3,6,0.0,0.0,0.0,0.0,0.0,0.0,0.93108857,0.0,0.0,0.06891143
3,6,0.0,0.0,0.0,0.0,0.0,0.0,0.93108857,0.0,0.0,0.06891143
3,6,0.0,0.0,0.0,0.0,0.0,0.0,0.93108857,0.0,0.0,0.06891143
3,6,0.0,0.0,0.0,0.0,0.0,0.0,0.93108857,0.0,0.0,0.06891143
3,6,0.0,0.0,0.0,0.0,0.0,0.0,0.93108857,0.0,0.0,0.06891143
3,6,0.0,0.0,0.0,0.0,0.0,0.0,0.93108857,0.0,0.0,0.06891143
3,6,0.0,0.0,0.0,0.0,0.0,0.0,0.93108857,0.0,0.0,0.06891143
3,6,0.0,0.0,0.0,0.0,0.0,0.0,0.93108857,0.0,0.0,0.06891143
3,6,0.0,0.0,0.0,0.0,0.0,0.0,0.93108857,0.0,0.0,0.06891143
3,6,0.0,0.0,0.0,0.0,0.0,0.0,0.93108857,0.0,0.0,0.06891143
3,6,0.0,0.0,0.0,0.0,0.0,0.0,0.93108857,0.0,0.0,0.06891143
3,6,0.0,0.0,0.0,0.0,0.0,0.0,0.93108857,0.0,0.0,0.06891143
3,6,0.0,0.0,0.0,0.0,0.0,0.0,0.93108857,0.0,0.0,0.06891143
3,6,0.0,0.0,0.0,0.0,0.0,0.0,0.93108857,0.0,0.0,0.06891143
3,6,0.0,0.0,0.0,0.0,0.0,0.0,0.93108857,0.0,0.0,0.06891143
3,6,0.0,0.0,0.0,0.0,0.0,0.0,0.93108857,0.0,0.0,0.06891143
3,6,0.0,0.0,0.0,0.0,0.0,0.0,0.93108857,0.0,0.0,0.06891143
3,6,0.0,0.0,0.0,0.0,0.0,0.0,0.93108857,0.0,0.0,0.06891143
3,6,0.0,0.0,0.0,0.0,0.0,0.0,0.93108857,0.0,0.0,0.06891143
3,6,0.0,0.0,0.0,0.0,0.0,0.0,0.93108857,0.0,0.0,0.06891143
3,6,0.0,0.0,0.0,0.0,0.0,0.0,0.93108857,0.0,0.0,0.06891143
3,6,0.0,0.0,0.0,0.0,0.0,0.0,0.93108857,0.0,0.0,0.06891143
3,6,0.0,0.0,0.0,0.0,0.0,0.0,0.93108857,0.0,0.0,0.06891143
3,6,0.0,0.0,0.0,0.0,0.0,0.0,0.93108857,0.0,0.0,0.06891143
3,6,0.0,0.0,0.0,0.0,0.0,0.0,0.93108857,0.0,0.0,0.06891143
3,6,0.0,0.0,0.0,0.0,0.0,0.0,1.0,0.0,0.0,0.0
3,6,0.0,0.0,0.0,0.0,0.0,0.0,1.0,0.0,0.0,0.0
3,6,0.0,0.0,0.0,0.0,0.0,0.0,1.0,0.0,0.0,0.0
3,6,0.0,0.0,0.0,0.0,0.0,0.0,1.0,0.0,0.0,0.0
3,6,0.0,0.0,0.0,0.0,0.0,0.0,1.0,0.0,0.0,0.0
3,6,0.0,0.0,0.0,0.0,0.0,0.0,1.0,0.0,0.0,0.0
3,6,0.0,0.0,0.0,0.0,0.0,0.0,1.0,0.0,0.0,0.0
3,6,0.0,0.0,0.0,0.0,0.0,0.0,1.0,0.0,0.0,0.0
3,6,0.0,0.0,0.0,0.0,0.0,0.0,1.0,0.0,0.0,0.0
3,6,0.0,0.0,0.0,0.0,0.0,0.0,1.0,0.0,0.0,0.0
3,6,0.0,0.0,0.0,0.0,0.0,0.0,1.0,0.0,0.0,0.0
3,6,0.0,0.0,0.0,0.0,0.0,0.0,1.0,0.0,0.0,0.0
3,6,0.0,0.0,0.0,0.0,0.0,0.0,1.0,0.0,0.0,0.0
3,6,0.0,0.0,0.0,0.0,0.0,0.0,1.0,0.0,0.0,0.0
3,6,0.0,0.0,0.0,0.0,0.0,0.0,1.0,0.0,0.0,0.0
3,6,0.0,0.0,0.0,0.0,0.0,0.0,1.0,0.0,0.0,0.0
3,6,0.0,0.0,0.0,0.0,0.0,0.0,1.0,0.0,0.0,0.0
3,6,0.0,0.0,0.0,0.0,0.0,0.0,1.0,0.0,0.0,0.0
3,6,0.0,0.0,0.0,0.0,0.0,0.0,1.0,0.0,0.0,0.0
3,6,0.0,0.0,0.0,0.0,0.0,0.0,1.0,0.0,0.0,0.0
3,6,0.0,0.0,0.0,0.0,0.0,0.0,1.0,0.0,0.0,0.0
3,6,0.0,0.0,0.0,0.0,0.0,0.0,1.0,0.0,0.0,0.0
3,6,0.0,0.0,0.0,0.0,0.0,0.0,1.0,0.0,0.0,0.0
3,6,0.0,0.0,0.0,0.0,0.0,0.0,1.0,0.0,0.0,0.0
3,6,0.0,0.0,0.0,0.0,0.0,0.0,1.0,0.0,0.0,0.0
3,6,0.0,0.0,0.0,0.0,0.0,0.0,1.0,0.0,0.0,0.0
3,6,0.0,0.0,0.0,0.0,0.0,0.0,1.0,0.0,0.0,0.0
3,6,0.0,0.0,0.0,0.0,0.0,0.0,1.0,0.0,0.0,0.0
3,6,0.0,0.0,0.0,0.0,0.0,0.0,1.0,0.0,0.0,0.0
3,6,0.0,0.0,0.0,0.0,0.0,0.0,1.0,0.0,0.0,0.0
3,6,0.0,0.0,0.0,0.0,0.0,0.0,1.0,0.0,0.0,0.0
3,6,0.0,0.0,0.0,0.0,0.0,0.0,1.0,0.0,0.0,0.0
3,6,0.0,0.0,0.0,0.0,0.0,0.0,1.0,0.0,0.0,0.0
3,6,0.0,0.0,0.0,0.0,0.0,0.0,1.0,0.0,0.0,0.0
3,6,0.0,0.0,0.0,0.0,0.0,0.0,1.0,0.0,0.0,0.0
3,6,0.0,0.0,0.0,0.0,0.0,0.0,1.0,0.0,0.0,0.0
3,6,0.0,0.0,0.0,0.0,0.0,0.0,1.0,0.0,0.0,0.0
3,6,0.0,0.0,0.0,0.0,0.0,0.0,1.0,0.0,0.0,0.0
3,6,0.0,0.0,0.0,0.0,0.0,0.0,1.0,0.0,0.0,0.0
3,6,0.0,0.0,0.0,0.0,0.0,0.0,1.0,0.0,0.0,0.0
3,6,0.0,0.0,0.0,0.0,0.0,0.0,1.0,0.0,0.0,0.0
3,6,0.0,0.0,0.0,0.0,0.0,0.0,1.0,0.0,0.0,0.0
3,6,0.0,0.0,0.0,0.0,0.0,0.0,1.0,0.0,0.0,0.0
3,6,0.0,0.0,0.0,0.0,0.0,0.0,1.0,0.0,0.0,0.0
3,6,0.0,0.0,0.0,0.0,0.0,0.0,1.0,0.0,0.0,0.0
3,6,0.0,0.0,0.0,0.0,0.0,0.0,1.0,0.0,0.0,0.0
3,6,0.0,0.0,0.0,0.0,0.0,0.0,1.0,0.0,0.0,0.0
3,6,0.0,0.0,0.0,0.0,0.0,0.0,1.0,0.0,0.0,0.0
3,6,0.0,0.0,0.0,0.0,0.0,0.0,1.0,0.0,0.0,0.0
3,6,0.0,0.0,0.0,0.0,0.0,0.0,1.0,0.0,0.0,0.0
3,6,0.0,0.0,0.0,0.0,0.0,0.0,1.0,0.0,0.0,0.0
3,6,0.0,0.0,0.0,0.0,0.0,0.0,1.0,0.0,0.0,0.0
3,6,0.0,0.0,0.0,0.0,0.0,0.0,1.0,0.0,0.0,0.0
3,6,0.0,0.0,0.0,0.0,0.0,0.0,1.0,0.0,0.0,0.0
3,6,0.0,0.0,0.0,0.0,0.0,0.0,1.0,0.0,0.0,0.0
3,6,0.0,0.0,0.0,0.0,0.0,0.0,1.0,0.0,0.0,0.0
3,6,0.0,0.0,0.0,0.0,0.0,0.0,1.0,0.0,0.0,0.0
3,6,0.0,0.0,0.0,0.0,0.0,0.0,1.0,0.0,0.0,0.0
3,6,0.0,0.0,0.0,0.0,0.0,0.0,1.0,0.0,0.0,0.0
3,6,0.0,0.0,0.0,0.0,0.0,0.0,1.0,0.0,0.0,0.0
3,6,0.0,0.0,0.0,0.0,0.0,0.0,1.0,0.0,0.0,0.0
3,6,0.0,0.0,0.0,0.0,0.0,0.0,1.0,0.0,0.0,0.0
3,6,0.0,0.0,0.0,0.0,0.0,0.0,1.0,0.0,0.0,0.0
3,6,0.0,0.0,0.0,0.0,0.0,0.0,1.0,0.0,0.0,0.0
3,6,0.0,0.0,0.0,0.0,0.0,0.0,1.0,0.0,0.0,0.0
3,6,0.0,0.0,0.0,0.0,0.0,0.0,1.0,0.0,0.0,0.0
3,6,0.0,0.0,0.0,0.0,0.0,0.0,1.0,0.0,0.0,0.0
3,6,0.0,0.0,0.0,0.0,0.0,0.0,1.0,0.0,0.0,0.0
3,6,0.0,0.0,0.0,0.0,0.0,0.0,1.0,0.0,0.0,0.0
3,6,0.0,0.0,0.0,0.0,0.0,0.0,1.0,0.0,0.0,0.0
3,6,0.0,0.0,0.0,0.0,0.0,0.0,1.0,0.0,0.0,0.0
3,6,0.0,0.0,0.0,0.0,0.0,0.0,1.0,0.0,0.0,0.0
3,6,0.0,0.0,0.0,0.0,0.0,0.0,1.0,0.0,0.0,0.0
3,6,0.0,0.0,0.0,0.0,0.0,0.0,1.0,0.0,0.0,0.0
3,6,0.0,0.0,0.0,0.0,0.0,0.0,1.0,0.0,0.0,0.0
3,6,0.0,0.0,0.0,0.0,0.0,0.0,1.0,0.0,0.0,0.0
3,6,0.0,0.0,0.0,0.0,0.0,0.0,1.0,0.0,0.0,0.0
3,6,0.0,0.0,0.0,0.0,0.0,0.0,1.0,0.0,0.0,0.0
3,6,0.0,0.0,0.0,0.0,0.0,0.0,1.0,0.0,0.0,0.0
3,6,0.0,0.0,0.0,0.0,0.0,0.0,1.0,0.0,0.0,0.0
3,6,0.0,0.0,0.0,0.0,0.0,0.0,1.0,0.0,0.0,0.0
3,6,0.0,0.0,0.0,0.0,0.0,0.0,1.0,0.0,0.0,0.0
3,6,0.0,0.0,0.0,0.0,0.0,0.0,1.0,0.0,0.0,0.0
3,6,0.0,0.0,0.0,0.0,0.0,0.0,1.0,0.0,0.0,0.0
3,6,0.0,0.0,0.0,0.0,0.0,0.0,1.0,0.0,0.0,0.0
3,6,0.0,0.0,0.0,0.0,0.0,0.0,1.0,0.0,0.0,0.0
3,6,0.0,0.0,0.0,0.0,0.0,0.0,1.0,0.0,0.0,0.0
3,6,0.0,0.0,0.0,0.0,0.0,0.0,1.0,0.0,0.0,0.0
3,6,0.0,0.0,0.0,0.0,0.0,0.0,1.0,0.0,0.0,0.0
3,6,0.0,0.0,0.0,0.0,0.0,0.0,1.0,0.0,0.0,0.0
3,6,0.0,0.0,0.0,0.0,0.0,0.0,1.0,0.0,0.0,0.0
3,6,0.0,0.0,0.0,0.0,0.0,0.0,1.0,0.0,0.0,0.0
3,6,0.0,0.0,0.0,0.0,0.0,0.0,1.0,0.0,0.0,0.0
3,6,0.0,0.0,0.0,0.0,0.0,0.0,1.0,0.0,0.0,0.0
3,6,0.0,0.0,0.0,0.0,0.0,0.0,1.0,0.0,0.0,0.0
3,6,0.0,0.0,0.0,0.0,0.0,0.0,1.0,0.0,0.0,0.0
3,6,0.0,0.0,0.0,0.0,0.0,0.0,1.0,0.0,0.0,0.0
3,6,0.0,0.0,0.0,0.0,0.0,0.0,1.0,0.0,0.0,0.0
3,6,0.0,0.0,0.0,0.0,0.0,0.0,1.0,0.0,0.0,0.0
3,6,0.0,0.0,0.0,0.0,0.0,0.0,1.0,0.0,0.0,0.0
3,6,0.0,0.0,0.0,0.0,0.0,0.0,1.0,0.0,0.0,0.0
3,6,0.0,0.0,0.0,0.0,0.0,0.0,1.0,0.0,0.0,0.0
3,6,0.0,0.0,0.0,0.0,0.0,0.0,1.0,0.0,0.0,0.0
3,6,0.0,0.0,0.0,0.0,0.0,0.0,1.0,0.0,0.0,0.0
3,6,0.0,0.0,0.0,0.0,0.0,0.0,1.0,0.0,0.0,0.0
3,6,0.0,0.0,0.0,0.0,0.0,0.0,1.0,0.0,0.0,0.0
3,6,0.0,0.0,0.0,0.0,0.0,0.0,1.0,0.0,0.0,0.0
3,6,0.0,0.0,0.0,0.0,0.0,0.0,1.0,0.0,0.0,0.0
3,6,0.0,0.0,0.0,0.0,0.0,0.0,1.0,0.0,0.0,0.0
3,6,0.0,0.0,0.0,0.0,0.0,0.0,1.0,0.0,0.0,0.0
3,6,0.0,0.0,0.0,0.0,0.0,0.0,1.0,0.0,0.0,0.0
3,6,0.0,0.0,0.0,0.0,0.0,0.0,1.0,0.0,0.0,0.0
3,6,0.0,0.0,0.0,0.0,0.0,0.0,1.0,0.0,0.0,0.0
3,6,0.0,0.0,0.0,0.0,0.0,0.0,1.0,0.0,0.0,0.0
3,6,0.0,0.0,0.0,0.0,0.0,0.0,1.0,0.0,0.0,0.0
3,6,0.0,0.0,0.0,0.0,0.0,0.0,1.0,0.0,0.0,0.0
3,6,0.0,0.0,0.0,0.0,0.0,0.0,1.0,0.0,0.0,0.0
3,6,0.0,0.0,0.0,0.0,0.0,0.0,1.0,0.0,0.0,0.0
3,6,0.0,0.0,0.0,0.0,0.0,0.0,1.0,0.0,0.0,0.0
3,6,0.0,0.0,0.0,0.0,0.0,0.0,1.0,0.0,0.0,0.0
3,6,0.0,0.0,0.0,0.0,0.0,0.0,1.0,0.0,0.0,0.0
3,6,0.0,0.0,0.0,0.0,0.0,0.0,1.0,0.0,0.0,0.0
3,6,0.0,0.0,0.0,0.0,0.0,0.0,1.0,0.0,0.0,0.0
3,6,0.0,0.0,0.0,0.0,0.0,0.0,1.0,0.0,0.0,0.0
3,6,0.0,0.0,0.0,0.0,0.0,0.0,1.0,0.0,0.0,0.0
3,6,0.0,0.0,0.0,0.0,0.0,0.0,1.0,0.0,0.0,0.0
3,6,0.0,0.0,0.0,0.0,0.0,0.0,1.0,0.0,0.0,0.0
3,6,0.0,0.0,0.0,0.0,0.0,0.0,1.0,0.0,0.0,0.0
3,6,0.0,0.0,0.0,0.0,0.0,0.0,1.0,0.0,0.0,0.0
3,6,0.0,0.0,0.0,0.0,0.0,0.0,1.0,0.0,0.0,0.0
3,6,0.0,0.0,0.0,0.0,0.0,0.0,1.0,0.0,0.0,0.0
3,6,0.0,0.0,0.0,0.0,0.0,0.0,1.0,0.0,0.0,0.0
3,6,0.0,0.0,0.0,0.0,0.0,0.0,1.0,0.0,0.0,0.0
3,6,0.0,0.0,0.0,0.0,0.0,0.0,1.0,0.0,0.0,0.0
3,6,0.0,0.0,0.0,0.0,0.0,0.0,1.0,0.0,0.0,0.0
3,6,0.0,0.0,0.0,0.0,0.0,0.0,1.0,0.0,0.0,0.0
3,6,0.0,0.0,0.0,0.0,0.0,0.0,1.0,0.0,0.0,0.0
3,6,0.0,0.0,0.0,0.0,0.0,0.0,1.0,0.0,0.0,0.0
3,6,0.0,0.0,0.0,0.0,0.0,0.0,1.0,0.0,0.0,0.0
3,6,0.0,0.0,0.0,0.0,0.0,0.0,1.0,0.0,0.0,0.0
3,6,0.0,0.0,0.0,0.0,0.0,0.0,1.0,0.0,0.0,0.0
3,6,0.0,0.0,0.0,0.0,0.0,0.0,1.0,0.0,0.0,0.0
3,6,0.0,0.0,0.0,0.0,0.0,0.0,1.0,0.0,0.0,0.0
3,6,0.0,0.0,0.0,0.0,0.0,0.0,1.0,0.0,0.0,0.0
3,6,0.0,0.0,0.0,0.0,0.0,0.0,1.0,0.0,0.0,0.0
3,6,0.0,0.0,0.0,0.0,0.0,0.0,1.0,0.0,0.0,0.0
3,6,0.0,0.0,0.0,0.0,0.0,0.0,1.0,0.0,0.0,0.0
3,6,0.0,0.0,0.0,0.0,0.0,0.0,1.0,0.0,0.0,0.0
3,6,0.0,0.0,0.0,0.0,0.0,0.0,1.0,0.0,0.0,0.0
3,6,0.0,0.0,0.0,0.0,0.0,0.0,1.0,0.0,0.0,0.0
3,6,0.0,0.0,0.0,0.0,0.0,0.0,1.0,0.0,0.0,0.0
3,6,0.0,0.0,0.0,0.0,0.0,0.0,1.0,0.0,0.0,0.0
3,6,0.0,0.0,0.0,0.0,0.0,0.0,1.0,0.0,0.0,0.0
3,6,0.0,0.0,0.0,0.0,0.0,0.0,1.0,0.0,0.0,0.0
3,6,0.0,0.0,0.0,0.0,0.0,0.0,1.0,0.0,0.0,0.0
3,6,0.0,0.0,0.0,0.0,0.0,0.0,1.0,0.0,0.0,0.0
3,6,0.0,0.0,0.0,0.0,0.0,0.0,1.0,0.0,0.0,0.0
3,6,0.0,0.0,0.0,0.0,0.0,0.0,1.0,0.0,0.0,0.0
3,6,0.0,0.0,0.0,0.0,0.0,0.0,1.0,0.0,0.0,0.0
3,6,0.0,0.0,0.0,0.0,0.0,0.0,1.0,0.0,0.0,0.0
3,6,0.0,0.0,0.0,0.0,0.0,0.0,1.0,0.0,0.0,0.0
3,6,0.0,0.0,0.0,0.0,0.0,0.0,1.0,0.0,0.0,0.0
3,6,0.0,0.0,0.0,0.0,0.0,0.0,1.0,0.0,0.0,0.0
3,6,0.0,0.0,0.0,0.0,0.0,0.0,1.0,0.0,0.0,0.0
3,6,0.0,0.0,0.0,0.0,0.0,0.0,1.0,0.0,0.0,0.0
3,6,0.0,0.0,0.0,0.0,0.0,0.0,1.0,0.0,0.0,0.0
3,6,0.0,0.0,0.0,0.0,0.0,0.0,1.0,0.0,0.0,0.0
3,6,0.0,0.0,0.0,0.0,0.0,0.0,1.0,0.0,0.0,0.0
3,6,0.0,0.0,0.0,0.0,0.0,0.0,1.0,0.0,0.0,0.0
3,6,0.0,0.0,0.0,0.0,0.0,0.0,1.0,0.0,0.0,0.0
3,6,0.0,0.0,0.0,0.0,0.0,0.0,1.0,0.0,0.0,0.0
3,6,0.0,0.0,0.0,0.0,0.0,0.0,1.0,0.0,0.0,0.0
3,6,0.0,0.0,0.0,0.0,0.0,0.0,1.0,0.0,0.0,0.0
3,6,0.0,0.0,0.0,0.0,0.0,0.0,1.0,0.0,0.0,0.0
3,6,0.0,0.0,0.0,0.0,0.0,0.0,1.0,0.0,0.0,0.0
3,6,0.0,0.0,0.0,0.0,0.0,0.0,1.0,0.0,0.0,0.0
3,6,0.0,0.0,0.0,0.0,0.0,0.0,1.0,0.0,0.0,0.0
3,6,0.0,0.0,0.0,0.0,0.0,0.0,1.0,0.0,0.0,0.0
3,6,0.0,0.0,0.0,0.0,0.0,0.0,1.0,0.0,0.0,0.0
3,6,0.0,0.0,0.0,0.0,0.0,0.0,1.0,0.0,0.0,0.0
3,6,0.0,0.0,0.0,0.0,0.0,0.0,1.0,0.0,0.0,0.0
3,6,0.0,0.0,0.0,0.0,0.0,0.0,1.0,0.0,0.0,0.0
3,6,0.0,0.0,0.0,0.0,0.0,0.0,1.0,0.0,0.0,0.0
3,6,0.0,0.0,0.0,0.0,0.0,0.0,1.0,0.0,0.0,0.0
3,6,0.0,0.0,0.0,0.0,0.0,0.0,1.0,0.0,0.0,0.0
3,6,0.0,0.0,0.0,0.0,0.0,0.0,1.0,0.0,0.0,0.0
3,6,0.0,0.0,0.0,0.0,0.0,0.0,1.0,0.0,0.0,0.0
3,6,0.0,0.0,0.0,0.0,0.0,0.0,1.0,0.0,0.0,0.0
3,6,0.0,0.0,0.0,0.0,0.0,0.0,1.0,0.0,0.0,0.0
3,6,0.0,0.0,0.0,0.0,0.0,0.0,1.0,0.0,0.0,0.0
3,6,0.0,0.0,0.0,0.0,0.0,0.0,1.0,0.0,0.0,0.0
3,6,0.0,0.0,0.0,0.0,0.0,0.0,1.0,0.0,0.0,0.0
3,6,0.0,0.0,0.0,0.0,0.0,0.0,1.0,0.0,0.0,0.0
3,6,0.0,0.0,0.0,0.0,0.0,0.0,1.0,0.0,0.0,0.0
3,6,0.0,0.0,0.0,0.0,0.0,0.0,1.0,0.0,0.0,0.0
3,6,0.0,0.0,0.0,0.0,0.0,0.0,1.0,0.0,0.0,0.0
3,6,0.0,0.0,0.0,0.0,0.0,0.0,1.0,0.0,0.0,0.0
3,6,0.0,0.0,0.0,0.0,0.0,0.0,1.0,0.0,0.0,0.0
3,6,0.0,0.0,0.0,0.0,0.0,0.0,1.0,0.0,0.0,0.0
3,6,0.0,0.0,0.0,0.0,0.0,0.0,1.0,0.0,0.0,0.0
3,6,0.0,0.0,0.0,0.0,0.0,0.0,1.0,0.0,0.0,0.0
3,6,0.0,0.0,0.0,0.0,0.0,0.0,1.0,0.0,0.0,0.0
3,6,0.0,0.0,0.0,0.0,0.0,0.0,1.0,0.0,0.0,0.0
3,6,0.0,0.0,0.0,0.0,0.0,0.0,1.0,0.0,0.0,0.0
3,6,0.0,0.0,0.0,0.0,0.0,0.0,1.0,0.0,0.0,0.0
3,6,0.0,0.0,0.0,0.0,0.0,0.0,1.0,0.0,0.0,0.0
3,6,0.0,0.0,0.0,0.0,0.0,0.0,1.0,0.0,0.0,0.0
3,6,0.0,0.0,0.0,0.0,0.0,0.0,1.0,0.0,0.0,0.0
3,6,0.0,0.0,0.0,0.0,0.0,0.0,1.0,0.0,0.0,0.0
3,6,0.0,0.0,0.0,0.0,0.0,0.0,1.0,0.0,0.0,0.0
3,6,0.0,0.0,0.0,0.0,0.0,0.0,1.0,0.0,0.0,0.0
3,6,0.0,0.0,0.0,0.0,0.0,0.0,1.0,0.0,0.0,0.0
3,6,0.0,0.0,0.0,0.0,0.0,0.0,1.0,0.0,0.0,0.0
3,6,0.0,0.0,0.0,0.0,0.0,0.0,1.0,0.0,0.0,0.0
3,6,0.0,0.0,0.0,0.0,0.0,0.0,1.0,0.0,0.0,0.0
3,6,0.0,0.0,0.0,0.0,0.0,0.0,1.0,0.0,0.0,0.0
3,6,0.0,0.0,0.0,0.0,0.0,0.0,1.0,0.0,0.0,0.0
3,6,0.0,0.0,0.0,0.0,0.0,0.0,1.0,0.0,0.0,0.0
3,6,0.0,0.0,0.0,0.0,0.0,0.0,1.0,0.0,0.0,0.0
3,6,0.0,0.0,0.0,0.0,0.0,0.0,1.0,0.0,0.0,0.0
3,6,0.0,0.0,0.0,0.0,0.0,0.0,1.0,0.0,0.0,0.0
3,6,0.0,0.0,0.0,0.0,0.0,0.0,1.0,0.0,0.0,0.0
3,6,0.0,0.0,0.0,0.0,0.0,0.0,1.0,0.0,0.0,0.0
3,6,0.0,0.0,0.0,0.0,0.0,0.0,1.0,0.0,0.0,0.0
3,6,0.0,0.0,0.0,0.0,0.0,0.0,1.0,0.0,0.0,0.0
3,6,0.0,0.0,0.0,0.0,0.0,0.0,1.0,0.0,0.0,0.0
3,6,0.0,0.0,0.0,0.0,0.0,0.0,1.0,0.0,0.0,0.0
3,6,0.0,0.0,0.0,0.0,0.0,0.0,1.0,0.0,0.0,0.0
3,6,0.0,0.0,0.0,0.0,0.0,0.0,1.0,0.0,0.0,0.0
3,6,0.0,0.0,0.0,0.0,0.0,0.0,1.0,0.0,0.0,0.0
3,6,0.0,0.0,0.0,0.0,0.0,0.0,1.0,0.0,0.0,0.0
3,6,0.0,0.0,0.0,0.0,0.0,0.0,1.0,0.0,0.0,0.0
3,6,0.0,0.0,0.0,0.0,0.0,0.0,1.0,0.0,0.0,0.0
3,6,0.0,0.0,0.0,0.0,0.0,0.0,1.0,0.0,0.0,0.0
3,6,0.0,0.0,0.0,0.0,0.0,0.0,1.0,0.0,0.0,0.0
3,6,0.0,0.0,0.0,0.0,0.0,0.0,1.0,0.0,0.0,0.0
3,6,0.0,0.0,0.0,0.0,0.0,0.0,1.0,0.0,0.0,0.0
3,6,0.0,0.0,0.0,0.0,0.0,0.0,1.0,0.0,0.0,0.0
3,6,0.0,0.0,0.0,0.0,0.0,0.0,1.0,0.0,0.0,0.0
3,6,0.0,0.0,0.0,0.0,0.0,0.0,1.0,0.0,0.0,0.0
3,6,0.0,0.0,0.0,0.0,0.0,0.0,1.0,0.0,0.0,0.0
3,6,0.0,0.0,0.0,0.0,0.0,0.0,1.0,0.0,0.0,0.0
3,6,0.0,0.0,0.0,0.0,0.0,0.0,1.0,0.0,0.0,0.0
3,6,0.0,0.0,0.0,0.0,0.0,0.0,1.0,0.0,0.0,0.0
3,6,0.0,0.0,0.0,0.0,0.0,0.0,1.0,0.0,0.0,0.0
3,6,0.0,0.0,0.0,0.0,0.0,0.0,1.0,0.0,0.0,0.0
3,6,0.0,0.0,0.0,0.0,0.0,0.0,1.0,0.0,0.0,0.0
3,6,0.0,0.0,0.0,0.0,0.0,0.0,1.0,0.0,0.0,0.0
3,6,0.0,0.0,0.0,0.0,0.0,0.0,1.0,0.0,0.0,0.0
3,6,0.0,0.0,0.0,0.0,0.0,0.0,1.0,0.0,0.0,0.0
3,6,0.0,0.0,0.0,0.0,0.0,0.0,1.0,0.0,0.0,0.0
3,6,0.0,0.0,0.0,0.0,0.0,0.0,1.0,0.0,0.0,0.0
3,6,0.0,0.0,0.0,0.0,0.0,0.0,1.0,0.0,0.0,0.0
3,6,0.0,0.0,0.0,0.0,0.0,0.0,1.0,0.0,0.0,0.0
3,6,0.0,0.0,0.0,0.0,0.0,0.0,1.0,0.0,0.0,0.0
3,6,0.0,0.0,0.0,0.0,0.0,0.0,1.0,0.0,0.0,0.0
3,6,0.0,0.0,0.0,0.0,0.0,0.0,1.0,0.0,0.0,0.0
3,6,0.0,0.0,0.0,0.0,0.0,0.0,1.0,0.0,0.0,0.0
3,6,0.0,0.0,0.0,0.0,0.0,0.0,1.0,0.0,0.0,0.0
3,6,0.0,0.0,0.0,0.0,0.0,0.0,1.0,0.0,0.0,0.0
3,6,0.0,0.0,0.0,0.0,0.0,0.0,1.0,0.0,0.0,0.0
3,6,0.0,0.0,0.0,0.0,0.0,0.0,1.0,0.0,0.0,0.0
3,6,0.0,0.0,0.0,0.0,0.0,0.0,1.0,0.0,0.0,0.0
3,6,0.0,0.0,0.0,0.0,0.0,0.0,1.0,0.0,0.0,0.0
3,6,0.0,0.0,0.0,0.0,0.0,0.0,1.0,0.0,0.0,0.0
3,6,0.0,0.0,0.0,0.0,0.0,0.0,1.0,0.0,0.0,0.0
3,6,0.0,0.0,0.0,0.0,0.0,0.0,1.0,0.0,0.0,0.0
3,6,0.0,0.0,0.0,0.0,0.0,0.0,1.0,0.0,0.0,0.0
3,6,0.0,0.0,0.0,0.0,0.0,0.0,1.0,0.0,0.0,0.0
3,6,0.0,0.0,0.0,0.0,0.0,0.0,1.0,0.0,0.0,0.0
3,6,0.0,0.0,0.0,0.0,0.0,0.0,1.0,0.0,0.0,0.0
3,6,0.0,0.0,0.0,0.0,0.0,0.0,1.0,0.0,0.0,0.0
3,6,0.0,0.0,0.0,0.0,0.0,0.0,1.0,0.0,0.0,0.0
3,6,0.0,0.0,0.0,0.0,0.0,0.0,1.0,0.0,0.0,0.0
3,6,0.0,0.0,0.0,0.0,0.0,0.0,1.0,0.0,0.0,0.0
3,6,0.0,0.0,0.0,0.0,0.0,0.0,1.0,0.0,0.0,0.0
3,6,0.0,0.0,0.0,0.0,0.0,0.0,1.0,0.0,0.0,0.0
3,6,0.0,0.0,0.0,0.0,0.0,0.0,1.0,0.0,0.0,0.0
3,6,0.0,0.0,0.0,0.0,0.0,0.0,1.0,0.0,0.0,0.0
3,6,0.0,0.0,0.0,0.0,0.0,0.0,1.0,0.0,0.0,0.0
3,6,0.0,0.0,0.0,0.0,0.0,0.0,1.0,0.0,0.0,0.0
3,6,0.0,0.0,0.0,0.0,0.0,0.0,1.0,0.0,0.0,0.0
3,6,0.0,0.0,0.0,0.0,0.0,0.0,1.0,0.0,0.0,0.0
3,6,0.0,0.0,0.0,0.0,0.0,0.0,1.0,0.0,0.0,0.0
3,6,0.0,0.0,0.0,0.0,0.0,0.0,1.0,0.0,0.0,0.0
3,6,0.0,0.0,0.0,0.0,0.0,0.0,1.0,0.0,0.0,0.0
3,6,0.0,0.0,0.0,0.0,0.0,0.0,1.0,0.0,0.0,0.0
3,6,0.0,0.0,0.0,0.0,0.0,0.0,1.0,0.0,0.0,0.0
3,6,0.0,0.0,0.0,0.0,0.0,0.0,1.0,0.0,0.0,0.0
3,6,0.0,0.0,0.0,0.0,0.0,0.0,1.0,0.0,0.0,0.0
3,6,0.0,0.0,0.0,0.0,0.0,0.0,1.0,0.0,0.0,0.0
3,6,0.0,0.0,0.0,0.0,0.0,0.0,1.0,0.0,0.0,0.0
3,6,0.0,0.0,0.0,0.0,0.0,0.0,1.0,0.0,0.0,0.0
3,6,0.0,0.0,0.0,0.0,0.0,0.0,1.0,0.0,0.0,0.0
3,6,0.0,0.0,0.0,0.0,0.0,0.0,1.0,0.0,0.0,0.0
3,6,0.0,0.0,0.0,0.0,0.0,0.0,1.0,0.0,0.0,0.0
3,6,0.0,0.0,0.0,0.0,0.0,0.0,1.0,0.0,0.0,0.0
3,6,0.0,0.0,0.0,0.0,0.0,0.0,1.0,0.0,0.0,0.0
3,6,0.0,0.0,0.0,0.0,0.0,0.0,1.0,0.0,0.0,0.0
3,6,0.0,0.0,0.0,0.0,0.0,0.0,1.0,0.0,0.0,0.0
3,6,0.0,0.0,0.0,0.0,0.0,0.0,1.0,0.0,0.0,0.0
3,6,0.0,0.0,0.0,0.0,0.0,0.0,1.0,0.0,0.0,0.0
3,6,0.0,0.0,0.0,0.0,0.0,0.0,1.0,0.0,0.0,0.0
3,6,0.0,0.0,0.0,0.0,0.0,0.0,1.0,0.0,0.0,0.0
3,6,0.0,0.0,0.0,0.0,0.0,0.0,1.0,0.0,0.0,0.0
3,6,0.0,0.0,0.0,0.0,0.0,0.0,1.0,0.0,0.0,0.0
3,6,0.0,0.0,0.0,0.0,0.0,0.0,1.0,0.0,0.0,0.0
3,6,0.0,0.0,0.0,0.0,0.0,0.0,1.0,0.0,0.0,0.0
3,6,0.0,0.0,0.0,0.0,0.0,0.0,1.0,0.0,0.0,0.0
3,6,0.0,0.0,0.0,0.0,0.0,0.0,1.0,0.0,0.0,0.0
3,6,0.0,0.0,0.0,0.0,0.0,0.0,1.0,0.0,0.0,0.0
3,6,0.0,0.0,0.0,0.0,0.0,0.0,1.0,0.0,0.0,0.0
3,6,0.0,0.0,0.0,0.0,0.0,0.0,1.0,0.0,0.0,0.0
3,6,0.0,0.0,0.0,0.0,0.0,0.0,1.0,0.0,0.0,0.0
3,6,0.0,0.0,0.0,0.0,0.0,0.0,1.0,0.0,0.0,0.0
3,6,0.0,0.0,0.0,0.0,0.0,0.0,1.0,0.0,0.0,0.0
3,6,0.0,0.0,0.0,0.0,0.0,0.0,1.0,0.0,0.0,0.0
3,6,0.0,0.0,0.0,0.0,0.0,0.0,1.0,0.0,0.0,0.0
3,6,0.0,0.0,0.0,0.0,0.0,0.0,1.0,0.0,0.0,0.0
3,6,0.0,0.0,0.0,0.0,0.0,0.0,1.0,0.0,0.0,0.0
3,6,0.0,0.0,0.0,0.0,0.0,0.0,1.0,0.0,0.0,0.0
3,6,0.0,0.0,0.0,0.0,0.0,0.0,1.0,0.0,0.0,0.0
3,6,0.0,0.0,0.0,0.0,0.0,0.0,1.0,0.0,0.0,0.0
3,6,0.0,0.0,0.0,0.0,0.0,0.0,1.0,0.0,0.0,0.0
3,6,0.0,0.0,0.0,0.0,0.0,0.0,1.0,0.0,0.0,0.0
3,6,0.0,0.0,0.0,0.0,0.0,0.0,1.0,0.0,0.0,0.0
3,6,0.0,0.0,0.0,0.0,0.0,0.0,1.0,0.0,0.0,0.0
3,6,0.0,0.0,0.0,0.0,0.0,0.0,1.0,0.0,0.0,0.0
3,6,0.0,0.0,0.0,0.0,0.0,0.0,1.0,0.0,0.0,0.0
3,6,0.0,0.0,0.0,0.0,0.0,0.0,1.0,0.0,0.0,0.0
3,6,0.0,0.0,0.0,0.0,0.0,0.0,1.0,0.0,0.0,0.0
3,6,0.0,0.0,0.0,0.0,0.0,0.0,1.0,0.0,0.0,0.0
3,6,0.0,0.0,0.0,0.0,0.0,0.0,1.0,0.0,0.0,0.0
3,6,0.0,0.0,0.0,0.0,0.0,0.0,1.0,0.0,0.0,0.0
3,6,0.0,0.0,0.0,0.0,0.0,0.0,1.0,0.0,0.0,0.0
3,6,0.0,0.0,0.0,0.0,0.0,0.0,1.0,0.0,0.0,0.0
3,6,0.0,0.0,0.0,0.0,0.0,0.0,1.0,0.0,0.0,0.0
3,6,0.0,0.0,0.0,0.0,0.0,0.0,1.0,0.0,0.0,0.0
3,6,0.0,0.0,0.0,0.0,0.0,0.0,1.0,0.0,0.0,0.0
3,6,0.0,0.0,0.0,0.0,0.0,0.0,1.0,0.0,0.0,0.0
3,6,0.0,0.0,0.0,0.0,0.0,0.0,1.0,0.0,0.0,0.0
3,6,0.0,0.0,0.0,0.0,0.0,0.0,1.0,0.0,0.0,0.0
3,6,0.0,0.0,0.0,0.0,0.0,0.0,1.0,0.0,0.0,0.0
3,6,0.0,0.0,0.0,0.0,0.0,0.0,1.0,0.0,0.0,0.0
3,6,0.0,0.0,0.0,0.0,0.0,0.0,1.0,0.0,0.0,0.0
3,6,0.0,0.0,0.0,0.0,0.0,0.0,1.0,0.0,0.0,0.0
3,6,0.0,0.0,0.0,0.0,0.0,0.0,1.0,0.0,0.0,0.0
3,6,0.0,0.0,0.0,0.0,0.0,0.0,1.0,0.0,0.0,0.0
3,6,0.0,0.0,0.0,0.0,0.0,0.0,1.0,0.0,0.0,0.0
3,6,0.0,0.0,0.0,0.0,0.0,0.0,1.0,0.0,0.0,0.0
3,6,0.0,0.0,0.0,0.0,0.0,0.0,1.0,0.0,0.0,0.0
3,6,0.0,0.0,0.0,0.0,0.0,0.0,1.0,0.0,0.0,0.0
3,6,0.0,0.0,0.0,0.0,0.0,0.0,1.0,0.0,0.0,0.0
3,6,0.0,0.0,0.0,0.0,0.0,0.0,1.0,0.0,0.0,0.0
3,6,0.0,0.0,0.0,0.0,0.0,0.0,1.0,0.0,0.0,0.0
3,6,0.0,0.0,0.0,0.0,0.0,0.0,1.0,0.0,0.0,0.0
3,6,0.0,0.0,0.0,0.0,0.0,0.0,1.0,0.0,0.0,0.0
3,6,0.0,0.0,0.0,0.0,0.0,0.0,1.0,0.0,0.0,0.0
3,6,0.0,0.0,0.0,0.0,0.0,0.0,1.0,0.0,0.0,0.0
3,6,0.0,0.0,0.0,0.0,0.0,0.0,1.0,0.0,0.0,0.0
3,6,0.0,0.0,0.0,0.0,0.0,0.0,1.0,0.0,0.0,0.0
3,6,0.0,0.0,0.0,0.0,0.0,0.0,1.0,0.0,0.0,0.0
3,6,0.0,0.0,0.0,0.0,0.0,0.0,1.0,0.0,0.0,0.0
3,6,0.0,0.0,0.0,0.0,0.0,0.0,1.0,0.0,0.0,0.0
3,6,0.0,0.0,0.0,0.0,0.0,0.0,1.0,0.0,0.0,0.0
3,6,0.0,0.0,0.0,0.0,0.0,0.0,1.0,0.0,0.0,0.0
3,6,0.0,0.0,0.0,0.0,0.0,0.0,1.0,0.0,0.0,0.0
3,6,0.0,0.0,0.0,0.0,0.0,0.0,1.0,0.0,0.0,0.0
3,6,0.0,0.0,0.0,0.0,0.0,0.0,1.0,0.0,0.0,0.0
3,6,0.0,0.0,0.0,0.0,0.0,0.0,1.0,0.0,0.0,0.0
3,6,0.0,0.0,0.0,0.0,0.0,0.0,1.0,0.0,0.0,0.0
3,6,0.0,0.0,0.0,0.0,0.0,0.0,1.0,0.0,0.0,0.0
3,6,0.0,0.0,0.0,0.0,0.0,0.0,1.0,0.0,0.0,0.0
3,6,0.0,0.0,0.0,0.0,0.0,0.0,1.0,0.0,0.0,0.0
3,6,0.0,0.0,0.0,0.0,0.0,0.0,1.0,0.0,0.0,0.0
3,6,0.0,0.0,0.0,0.0,0.0,0.0,1.0,0.0,0.0,0.0
3,6,0.0,0.0,0.0,0.0,0.0,0.0,1.0,0.0,0.0,0.0
3,6,0.0,0.0,0.0,0.0,0.0,0.0,1.0,0.0,0.0,0.0
3,6,0.0,0.0,0.0,0.0,0.0,0.0,1.0,0.0,0.0,0.0
3,6,0.0,0.0,0.0,0.0,0.0,0.0,1.0,0.0,0.0,0.0
3,6,0.0,0.0,0.0,0.0,0.0,0.0,1.0,0.0,0.0,0.0
3,6,0.0,0.0,0.0,0.0,0.0,0.0,1.0,0.0,0.0,0.0
3,6,0.0,0.0,0.0,0.0,0.0,0.0,1.0,0.0,0.0,0.0
3,6,0.0,0.0,0.0,0.0,0.0,0.0,1.0,0.0,0.0,0.0
3,6,0.0,0.0,0.0,0.0,0.0,0.0,1.0,0.0,0.0,0.0
3,6,0.0,0.0,0.0,0.0,0.0,0.0,1.0,0.0,0.0,0.0
3,6,0.0,0.0,0.0,0.0,0.0,0.0,1.0,0.0,0.0,0.0
3,6,0.0,0.0,0.0,0.0,0.0,0.0,1.0,0.0,0.0,0.0
3,6,0.0,0.0,0.0,0.0,0.0,0.0,1.0,0.0,0.0,0.0
3,6,0.0,0.0,0.0,0.0,0.0,0.0,1.0,0.0,0.0,0.0
3,6,0.0,0.0,0.0,0.0,0.0,0.0,1.0,0.0,0.0,0.0
3,6,0.0,0.0,0.0,0.0,0.0,0.0,1.0,0.0,0.0,0.0
3,6,0.0,0.0,0.0,0.0,0.0,0.0,1.0,0.0,0.0,0.0
3,6,0.0,0.0,0.0,0.0,0.0,0.0,1.0,0.0,0.0,0.0
3,6,0.0,0.0,0.0,0.0,0.0,0.0,1.0,0.0,0.0,0.0
3,6,0.0,0.0,0.0,0.0,0.0,0.0,1.0,0.0,0.0,0.0
3,6,0.0,0.0,0.0,0.0,0.0,0.0,1.0,0.0,0.0,0.0
3,6,0.0,0.0,0.0,0.0,0.0,0.0,1.0,0.0,0.0,0.0
3,6,0.0,0.0,0.0,0.0,0.0,0.0,1.0,0.0,0.0,0.0
3,6,0.0,0.0,0.0,0.0,0.0,0.0,1.0,0.0,0.0,0.0
3,6,0.0,0.0,0.0,0.0,0.0,0.0,1.0,0.0,0.0,0.0
3,6,0.0,0.0,0.0,0.0,0.0,0.0,1.0,0.0,0.0,0.0
3,6,0.0,0.0,0.0,0.0,0.0,0.0,1.0,0.0,0.0,0.0
3,6,0.0,0.0,0.0,0.0,0.0,0.0,1.0,0.0,0.0,0.0
3,6,0.0,0.0,0.0,0.0,0.0,0.0,1.0,0.0,0.0,0.0
3,6,0.0,0.0,0.0,0.0,0.0,0.0,1.0,0.0,0.0,0.0
3,6,0.0,0.0,0.0,0.0,0.0,0.0,1.0,0.0,0.0,0.0
3,6,0.0,0.0,0.0,0.0,0.0,0.0,1.0,0.0,0.0,0.0
3,6,0.0,0.0,0.0,0.0,0.0,0.0,1.0,0.0,0.0,0.0
3,6,0.0,0.0,0.0,0.0,0.0,0.0,1.0,0.0,0.0,0.0
3,6,0.0,0.0,0.0,0.0,0.0,0.0,1.0,0.0,0.0,0.0
3,6,0.0,0.0,0.0,0.0,0.0,0.0,1.0,0.0,0.0,0.0
3,6,0.0,0.0,0.0,0.0,0.0,0.0,1.0,0.0,0.0,0.0
3,6,0.0,0.0,0.0,0.0,0.0,0.0,1.0,0.0,0.0,0.0
3,6,0.0,0.0,0.0,0.0,0.0,0.0,1.0,0.0,0.0,0.0
3,6,0.0,0.0,0.0,0.0,0.0,0.0,1.0,0.0,0.0,0.0
3,6,0.0,0.0,0.0,0.0,0.0,0.0,1.0,0.0,0.0,0.0
3,6,0.0,0.0,0.0,0.0,0.0,0.0,1.0,0.0,0.0,0.0
3,6,0.0,0.0,0.0,0.0,0.0,0.0,1.0,0.0,0.0,0.0
3,6,0.0,0.0,0.0,0.0,0.0,0.0,1.0,0.0,0.0,0.0
3,6,0.0,0.0,0.0,0.0,0.0,0.0,1.0,0.0,0.0,0.0
3,6,0.0,0.0,0.0,0.0,0.0,0.0,1.0,0.0,0.0,0.0
3,6,0.0,0.0,0.0,0.0,0.0,0.0,1.0,0.0,0.0,0.0
3,6,0.0,0.0,0.0,0.0,0.0,0.0,1.0,0.0,0.0,0.0
3,6,0.0,0.0,0.0,0.0,0.0,0.0,1.0,0.0,0.0,0.0
3,6,0.0,0.0,0.0,0.0,0.0,0.0,1.0,0.0,0.0,0.0
3,6,0.0,0.0,0.0,0.0,0.0,0.0,1.0,0.0,0.0,0.0
3,6,0.0,0.0,0.0,0.0,0.0,0.0,1.0,0.0,0.0,0.0
3,6,0.0,0.0,0.0,0.0,0.0,0.0,1.0,0.0,0.0,0.0
3,6,0.0,0.0,0.0,0.0,0.0,0.0,1.0,0.0,0.0,0.0
3,6,0.0,0.0,0.0,0.0,0.0,0.0,1.0,0.0,0.0,0.0
3,6,0.0,0.0,0.0,0.0,0.0,0.0,1.0,0.0,0.0,0.0
3,6,0.0,0.0,0.0,0.0,0.0,0.0,1.0,0.0,0.0,0.0
3,6,0.0,0.0,0.0,0.0,0.0,0.0,1.0,0.0,0.0,0.0
3,6,0.0,0.0,0.0,0.0,0.0,0.0,1.0,0.0,0.0,0.0
3,6,0.0,0.0,0.0,0.0,0.0,0.0,1.0,0.0,0.0,0.0
3,6,0.0,0.0,0.0,0.0,0.0,0.0,1.0,0.0,0.0,0.0
3,6,0.0,0.0,0.0,0.0,0.0,0.0,1.0,0.0,0.0,0.0
3,6,0.0,0.0,0.0,0.0,0.0,0.0,1.0,0.0,0.0,0.0
3,6,0.0,0.0,0.0,0.0,0.0,0.0,1.0,0.0,0.0,0.0
3,6,0.0,0.0,0.0,0.0,0.0,0.0,1.0,0.0,0.0,0.0
3,6,0.0,0.0,0.0,0.0,0.0,0.0,1.0,0.0,0.0,0.0
3,6,0.0,0.0,0.0,0.0,0.0,0.0,1.0,0.0,0.0,0.0
3,6,0.0,0.0,0.0,0.0,0.0,0.0,1.0,0.0,0.0,0.0
3,6,0.0,0.0,0.0,0.0,0.0,0.0,1.0,0.0,0.0,0.0
3,6,0.0,0.0,0.0,0.0,0.0,0.0,1.0,0.0,0.0,0.0
3,6,0.0,0.0,0.0,0.0,0.0,0.0,1.0,0.0,0.0,0.0
3,6,0.0,0.0,0.0,0.0,0.0,0.0,1.0,0.0,0.0,0.0
3,6,0.0,0.0,0.0,0.0,0.0,0.0,1.0,0.0,0.0,0.0
3,6,0.0,0.0,0.0,0.0,0.0,0.0,1.0,0.0,0.0,0.0
3,6,0.0,0.0,0.0,0.0,0.0,0.0,1.0,0.0,0.0,0.0
3,6,0.0,0.0,0.0,0.0,0.0,0.0,1.0,0.0,0.0,0.0
3,6,0.0,0.0,0.0,0.0,0.0,0.0,1.0,0.0,0.0,0.0
3,6,0.0,0.0,0.0,0.0,0.0,0.0,1.0,0.0,0.0,0.0
3,6,0.0,0.0,0.0,0.0,0.0,0.0,1.0,0.0,0.0,0.0
3,6,0.0,0.0,0.0,0.0,0.0,0.0,1.0,0.0,0.0,0.0
3,6,0.0,0.0,0.0,0.0,0.0,0.0,1.0,0.0,0.0,0.0
3,6,0.0,0.0,0.0,0.0,0.0,0.0,1.0,0.0,0.0,0.0
3,6,0.0,0.0,0.0,0.0,0.0,0.0,1.0,0.0,0.0,0.0
3,6,0.0,0.0,0.0,0.0,0.0,0.0,1.0,0.0,0.0,0.0
3,6,0.0,0.0,0.0,0.0,0.0,0.0,1.0,0.0,0.0,0.0
3,6,0.0,0.0,0.0,0.0,0.0,0.0,1.0,0.0,0.0,0.0
3,6,0.0,0.0,0.0,0.0,0.0,0.0,1.0,0.0,0.0,0.0
3,6,0.0,0.0,0.0,0.0,0.0,0.0,1.0,0.0,0.0,0.0
3,6,0.0,0.0,0.0,0.0,0.0,0.0,1.0,0.0,0.0,0.0
3,6,0.0,0.0,0.0,0.0,0.0,0.0,1.0,0.0,0.0,0.0
3,6,0.0,0.0,0.0,0.0,0.0,0.0,1.0,0.0,0.0,0.0
3,6,0.0,0.0,0.0,0.0,0.0,0.0,1.0,0.0,0.0,0.0
3,6,0.0,0.0,0.0,0.0,0.0,0.0,1.0,0.0,0.0,0.0
3,6,0.0,0.0,0.0,0.0,0.0,0.0,1.0,0.0,0.0,0.0
3,6,0.0,0.0,0.0,0.0,0.0,0.0,1.0,0.0,0.0,0.0
3,6,0.0,0.0,0.0,0.0,0.0,0.0,1.0,0.0,0.0,0.0
3,6,0.0,0.0,0.0,0.0,0.0,0.0,1.0,0.0,0.0,0.0
3,6,0.0,0.0,0.0,0.0,0.0,0.0,1.0,0.0,0.0,0.0
3,6,0.0,0.0,0.0,0.0,0.0,0.0,1.0,0.0,0.0,0.0
3,6,0.0,0.0,0.0,0.0,0.0,0.0,1.0,0.0,0.0,0.0
3,6,0.0,0.0,0.0,0.0,0.0,0.0,1.0,0.0,0.0,0.0
3,6,0.0,0.0,0.0,0.0,0.0,0.0,1.0,0.0,0.0,0.0
3,6,0.0,0.0,0.0,0.0,0.0,0.0,1.0,0.0,0.0,0.0
3,6,0.0,0.0,0.0,0.0,0.0,0.0,1.0,0.0,0.0,0.0
3,6,0.0,0.0,0.0,0.0,0.0,0.0,1.0,0.0,0.0,0.0
3,6,0.0,0.0,0.0,0.0,0.0,0.0,1.0,0.0,0.0,0.0
3,6,0.0,0.0,0.0,0.0,0.0,0.0,1.0,0.0,0.0,0.0
3,6,0.0,0.0,0.0,0.0,0.0,0.0,1.0,0.0,0.0,0.0
3,6,0.0,0.0,0.0,0.0,0.0,0.0,1.0,0.0,0.0,0.0
3,6,0.0,0.0,0.0,0.0,0.0,0.0,1.0,0.0,0.0,0.0
3,6,0.0,0.0,0.0,0.0,0.0,0.0,1.0,0.0,0.0,0.0
3,6,0.0,0.0,0.0,0.0,0.0,0.0,1.0,0.0,0.0,0.0
3,6,0.0,0.0,0.0,0.0,0.0,0.0,1.0,0.0,0.0,0.0
3,6,0.0,0.0,0.0,0.0,0.0,0.0,1.0,0.0,0.0,0.0
3,6,0.0,0.0,0.0,0.0,0.0,0.0,1.0,0.0,0.0,0.0
3,6,0.0,0.0,0.0,0.0,0.0,0.0,1.0,0.0,0.0,0.0
3,6,0.0,0.0,0.0,0.0,0.0,0.0,1.0,0.0,0.0,0.0
3,6,0.0,0.0,0.0,0.0,0.0,0.0,1.0,0.0,0.0,0.0
3,6,0.0,0.0,0.0,0.0,0.0,0.0,1.0,0.0,0.0,0.0
3,6,0.0,0.0,0.0,0.0,0.0,0.0,1.0,0.0,0.0,0.0
3,6,0.0,0.0,0.0,0.0,0.0,0.0,1.0,0.0,0.0,0.0
3,6,0.0,0.0,0.0,0.0,0.0,0.0,1.0,0.0,0.0,0.0
3,6,0.0,0.0,0.0,0.0,0.0,0.0,1.0,0.0,0.0,0.0
3,6,0.0,0.0,0.0,0.0,0.0,0.0,1.0,0.0,0.0,0.0
3,6,0.0,0.0,0.0,0.0,0.0,0.0,1.0,0.0,0.0,0.0
3,6,0.0,0.0,0.0,0.0,0.0,0.0,1.0,0.0,0.0,0.0
3,6,0.0,0.0,0.0,0.0,0.0,0.0,1.0,0.0,0.0,0.0
3,6,0.0,0.0,0.0,0.0,0.0,0.0,1.0,0.0,0.0,0.0
3,6,0.0,0.0,0.0,0.0,0.0,0.0,1.0,0.0,0.0,0.0
3,6,0.0,0.0,0.0,0.0,0.0,0.0,1.0,0.0,0.0,0.0
3,6,0.0,0.0,0.0,0.0,0.0,0.0,1.0,0.0,0.0,0.0
3,6,0.0,0.0,0.0,0.0,0.0,0.0,1.0,0.0,0.0,0.0
3,6,0.0,0.0,0.0,0.0,0.0,0.0,1.0,0.0,0.0,0.0
3,6,0.0,0.0,0.0,0.0,0.0,0.0,1.0,0.0,0.0,0.0
3,6,0.0,0.0,0.0,0.0,0.0,0.0,1.0,0.0,0.0,0.0
3,6,0.0,0.0,0.0,0.0,0.0,0.0,1.0,0.0,0.0,0.0
3,6,0.0,0.0,0.0,0.0,0.0,0.0,1.0,0.0,0.0,0.0
3,6,0.0,0.0,0.0,0.0,0.0,0.0,1.0,0.0,0.0,0.0
3,6,0.0,0.0,0.0,0.0,0.0,0.0,1.0,0.0,0.0,0.0
3,6,0.0,0.0,0.0,0.0,0.0,0.0,1.0,0.0,0.0,0.0
3,6,0.0,0.0,0.0,0.0,0.0,0.0,1.0,0.0,0.0,0.0
3,6,0.0,0.0,0.0,0.0,0.0,0.0,1.0,0.0,0.0,0.0
3,6,0.0,0.0,0.0,0.0,0.0,0.0,1.0,0.0,0.0,0.0
3,6,0.0,0.0,0.0,0.0,0.0,0.0,1.0,0.0,0.0,0.0
3,6,0.0,0.0,0.0,0.0,0.0,0.0,1.0,0.0,0.0,0.0
3,6,0.0,0.0,0.0,0.0,0.0,0.0,1.0,0.0,0.0,0.0
3,6,0.0,0.0,0.0,0.0,0.0,0.0,1.0,0.0,0.0,0.0
3,6,0.0,0.0,0.0,0.0,0.0,0.0,1.0,0.0,0.0,0.0
3,6,0.0,0.0,0.0,0.0,0.0,0.0,1.0,0.0,0.0,0.0
3,6,0.0,0.0,0.0,0.0,0.0,0.0,1.0,0.0,0.0,0.0
3,6,0.0,0.0,0.0,0.0,0.0,0.0,1.0,0.0,0.0,0.0
3,6,0.0,0.0,0.0,0.0,0.0,0.0,1.0,0.0,0.0,0.0
3,6,0.0,0.0,0.0,0.0,0.0,0.0,1.0,0.0,0.0,0.0
3,6,0.0,0.0,0.0,0.0,0.0,0.0,1.0,0.0,0.0,0.0
3,6,0.0,0.0,0.0,0.0,0.0,0.0,1.0,0.0,0.0,0.0
3,6,0.0,0.0,0.0,0.0,0.0,0.0,1.0,0.0,0.0,0.0
3,6,0.0,0.0,0.0,0.0,0.0,0.0,1.0,0.0,0.0,0.0
3,6,0.0,0.0,0.0,0.0,0.0,0.0,1.0,0.0,0.0,0.0
3,6,0.0,0.0,0.0,0.0,0.0,0.0,1.0,0.0,0.0,0.0
3,6,0.0,0.0,0.0,0.0,0.0,0.0,1.0,0.0,0.0,0.0
3,6,0.0,0.0,0.0,0.0,0.0,0.0,1.0,0.0,0.0,0.0
3,6,0.0,0.0,0.0,0.0,0.0,0.0,1.0,0.0,0.0,0.0
3,6,0.0,0.0,0.0,0.0,0.0,0.0,1.0,0.0,0.0,0.0
3,6,0.0,0.0,0.0,0.0,0.0,0.0,1.0,0.0,0.0,0.0
3,6,0.0,0.0,0.0,0.0,0.0,0.0,1.0,0.0,0.0,0.0
3,6,0.0,0.0,0.0,0.0,0.0,0.0,1.0,0.0,0.0,0.0
3,6,0.0,0.0,0.0,0.0,0.0,0.0,1.0,0.0,0.0,0.0
3,6,0.0,0.0,0.0,0.0,0.0,0.0,1.0,0.0,0.0,0.0
3,6,0.0,0.0,0.0,0.0,0.0,0.0,1.0,0.0,0.0,0.0
3,6,0.0,0.0,0.0,0.0,0.0,0.0,1.0,0.0,0.0,0.0
3,6,0.0,0.0,0.0,0.0,0.0,0.0,1.0,0.0,0.0,0.0
3,6,0.0,0.0,0.0,0.0,0.0,0.0,1.0,0.0,0.0,0.0
3,6,0.0,0.0,0.0,0.0,0.0,0.0,1.0,0.0,0.0,0.0
3,6,0.0,0.0,0.0,0.0,0.0,0.0,1.0,0.0,0.0,0.0
3,6,0.0,0.0,0.0,0.0,0.0,0.0,1.0,0.0,0.0,0.0
3,6,0.0,0.0,0.0,0.0,0.0,0.0,1.0,0.0,0.0,0.0
3,6,0.0,0.0,0.0,0.0,0.0,0.0,1.0,0.0,0.0,0.0
3,6,0.0,0.0,0.0,0.0,0.0,0.0,1.0,0.0,0.0,0.0
3,6,0.0,0.0,0.0,0.0,0.0,0.0,1.0,0.0,0.0,0.0
3,6,0.0,0.0,0.0,0.0,0.0,0.0,1.0,0.0,0.0,0.0
3,6,0.0,0.0,0.0,0.0,0.0,0.0,1.0,0.0,0.0,0.0
3,6,0.0,0.0,0.0,0.0,0.0,0.0,1.0,0.0,0.0,0.0
3,6,0.0,0.0,0.0,0.0,0.0,0.0,1.0,0.0,0.0,0.0
3,6,0.0,0.0,0.0,0.0,0.0,0.0,1.0,0.0,0.0,0.0
3,6,0.0,0.0,0.0,0.0,0.0,0.0,1.0,0.0,0.0,0.0
3,6,0.0,0.0,0.0,0.0,0.0,0.0,1.0,0.0,0.0,0.0
3,6,0.0,0.0,0.0,0.0,0.0,0.0,1.0,0.0,0.0,0.0
3,6,0.0,0.0,0.0,0.0,0.0,0.0,1.0,0.0,0.0,0.0
3,6,0.0,0.0,0.0,0.0,0.0,0.0,1.0,0.0,0.0,0.0
3,6,0.0,0.0,0.0,0.0,0.0,0.0,1.0,0.0,0.0,0.0
3,6,0.0,0.0,0.0,0.0,0.0,0.0,1.0,0.0,0.0,0.0
3,6,0.0,0.0,0.0,0.0,0.0,0.0,1.0,0.0,0.0,0.0
3,6,0.0,0.0,0.0,0.0,0.0,0.0,1.0,0.0,0.0,0.0
3,6,0.0,0.0,0.0,0.0,0.0,0.0,1.0,0.0,0.0,0.0
3,6,0.0,0.0,0.0,0.0,0.0,0.0,1.0,0.0,0.0,0.0
3,6,0.0,0.0,0.0,0.0,0.0,0.0,1.0,0.0,0.0,0.0
3,6,0.0,0.0,0.0,0.0,0.0,0.0,1.0,0.0,0.0,0.0
3,6,0.0,0.0,0.0,0.0,0.0,0.0,1.0,0.0,0.0,0.0
3,6,0.0,0.0,0.0,0.0,0.0,0.0,1.0,0.0,0.0,0.0
3,6,0.0,0.0,0.0,0.0,0.0,0.0,1.0,0.0,0.0,0.0
3,6,0.0,0.0,0.0,0.0,0.0,0.0,1.0,0.0,0.0,0.0
3,6,0.0,0.0,0.0,0.0,0.0,0.0,1.0,0.0,0.0,0.0
3,6,0.0,0.0,0.0,0.0,0.0,0.0,1.0,0.0,0.0,0.0
3,6,0.0,0.0,0.0,0.0,0.0,0.0,1.0,0.0,0.0,0.0
3,6,0.0,0.0,0.0,0.0,0.0,0.0,1.0,0.0,0.0,0.0
3,6,0.0,0.0,0.0,0.0,0.0,0.0,1.0,0.0,0.0,0.0
3,6,0.0,0.0,0.0,0.0,0.0,0.0,1.0,0.0,0.0,0.0
3,6,0.0,0.0,0.0,0.0,0.0,0.0,1.0,0.0,0.0,0.0
3,6,0.0,0.0,0.0,0.0,0.0,0.0,1.0,0.0,0.0,0.0
3,6,0.0,0.0,0.0,0.0,0.0,0.0,1.0,0.0,0.0,0.0
3,6,0.0,0.0,0.0,0.0,0.0,0.0,1.0,0.0,0.0,0.0
3,6,0.0,0.0,0.0,0.0,0.0,0.0,1.0,0.0,0.0,0.0
3,6,0.0,0.0,0.0,0.0,0.0,0.0,1.0,0.0,0.0,0.0
3,6,0.0,0.0,0.0,0.0,0.0,0.0,1.0,0.0,0.0,0.0
3,6,0.0,0.0,0.0,0.0,0.0,0.0,1.0,0.0,0.0,0.0
3,6,0.0,0.0,0.0,0.0,0.0,0.0,1.0,0.0,0.0,0.0
3,6,0.0,0.0,0.0,0.0,0.0,0.0,1.0,0.0,0.0,0.0
3,6,0.0,0.0,0.0,0.0,0.0,0.0,1.0,0.0,0.0,0.0
3,6,0.0,0.0,0.0,0.0,0.0,0.0,1.0,0.0,0.0,0.0
3,6,0.0,0.0,0.0,0.0,0.0,0.0,1.0,0.0,0.0,0.0
3,6,0.0,0.0,0.0,0.0,0.0,0.0,1.0,0.0,0.0,0.0
3,6,0.0,0.0,0.0,0.0,0.0,0.0,1.0,0.0,0.0,0.0
3,6,0.0,0.0,0.0,0.0,0.0,0.0,1.0,0.0,0.0,0.0
3,6,0.0,0.0,0.0,0.0,0.0,0.0,1.0,0.0,0.0,0.0
3,6,0.0,0.0,0.0,0.0,0.0,0.0,1.0,0.0,0.0,0.0
3,6,0.0,0.0,0.0,0.0,0.0,0.0,1.0,0.0,0.0,0.0
3,6,0.0,0.0,0.0,0.0,0.0,0.0,1.0,0.0,0.0,0.0
3,6,0.0,0.0,0.0,0.0,0.0,0.0,1.0,0.0,0.0,0.0
3,6,0.0,0.0,0.0,0.0,0.0,0.0,1.0,0.0,0.0,0.0
3,6,0.0,0.0,0.0,0.0,0.0,0.0,1.0,0.0,0.0,0.0
3,6,0.0,0.0,0.0,0.0,0.0,0.0,1.0,0.0,0.0,0.0
3,6,0.0,0.0,0.0,0.0,0.0,0.0,1.0,0.0,0.0,0.0
3,6,0.0,0.0,0.0,0.0,0.0,0.0,1.0,0.0,0.0,0.0
3,6,0.0,0.0,0.0,0.0,0.0,0.0,1.0,0.0,0.0,0.0
3,6,0.0,0.0,0.0,0.0,0.0,0.0,1.0,0.0,0.0,0.0
3,6,0.0,0.0,0.0,0.0,0.0,0.0,1.0,0.0,0.0,0.0
3,6,0.0,0.0,0.0,0.0,0.0,0.0,1.0,0.0,0.0,0.0
3,6,0.0,0.0,0.0,0.0,0.0,0.0,1.0,0.0,0.0,0.0
3,6,0.0,0.0,0.0,0.0,0.0,0.0,1.0,0.0,0.0,0.0
3,6,0.0,0.0,0.0,0.0,0.0,0.0,1.0,0.0,0.0,0.0
3,6,0.0,0.0,0.0,0.0,0.0,0.0,1.0,0.0,0.0,0.0
3,6,0.0,0.0,0.0,0.0,0.0,0.0,1.0,0.0,0.0,0.0
3,6,0.0,0.0,0.0,0.0,0.0,0.0,1.0,0.0,0.0,0.0
3,6,0.0,0.0,0.0,0.0,0.0,0.0,1.0,0.0,0.0,0.0
3,6,0.0,0.0,0.0,0.0,0.0,0.0,1.0,0.0,0.0,0.0
3,6,0.0,0.0,0.0,0.0,0.0,0.0,1.0,0.0,0.0,0.0
3,6,0.0,0.0,0.0,0.0,0.0,0.0,1.0,0.0,0.0,0.0
3,6,0.0,0.0,0.0,0.0,0.0,0.0,1.0,0.0,0.0,0.0
3,6,0.0,0.0,0.0,0.0,0.0,0.0,1.0,0.0,0.0,0.0
3,6,0.0,0.0,0.0,0.0,0.0,0.0,1.0,0.0,0.0,0.0
3,6,0.0,0.0,0.0,0.0,0.0,0.0,1.0,0.0,0.0,0.0
3,6,0.0,0.0,0.0,0.0,0.0,0.0,1.0,0.0,0.0,0.0
3,6,0.0,0.0,0.0,0.0,0.0,0.0,1.0,0.0,0.0,0.0
3,6,0.0,0.0,0.0,0.0,0.0,0.0,1.0,0.0,0.0,0.0
3,6,0.0,0.0,0.0,0.0,0.0,0.0,1.0,0.0,0.0,0.0
3,6,0.0,0.0,0.0,0.0,0.0,0.0,1.0,0.0,0.0,0.0
3,6,0.0,0.0,0.0,0.0,0.0,0.0,1.0,0.0,0.0,0.0
3,6,0.0,0.0,0.0,0.0,0.0,0.0,1.0,0.0,0.0,0.0
3,6,0.0,0.0,0.0,0.0,0.0,0.0,1.0,0.0,0.0,0.0
3,6,0.0,0.0,0.0,0.0,0.0,0.0,1.0,0.0,0.0,0.0
3,6,0.0,0.0,0.0,0.0,0.0,0.0,1.0,0.0,0.0,0.0
3,6,0.0,0.0,0.0,0.0,0.0,0.0,1.0,0.0,0.0,0.0
3,6,0.0,0.0,0.0,0.0,0.0,0.0,1.0,0.0,0.0,0.0
3,6,0.0,0.0,0.0,0.0,0.0,0.0,1.0,0.0,0.0,0.0
3,6,0.0,0.0,0.0,0.0,0.0,0.0,1.0,0.0,0.0,0.0
3,6,0.0,0.0,0.0,0.0,0.0,0.0,1.0,0.0,0.0,0.0
3,6,0.0,0.0,0.0,0.0,0.0,0.0,1.0,0.0,0.0,0.0
3,6,0.0,0.0,0.0,0.0,0.0,0.0,1.0,0.0,0.0,0.0
3,6,0.0,0.0,0.0,0.0,0.0,0.0,1.0,0.0,0.0,0.0
3,6,0.0,0.0,0.0,0.0,0.0,0.0,1.0,0.0,0.0,0.0
3,6,0.0,0.0,0.0,0.0,0.0,0.0,1.0,0.0,0.0,0.0
3,6,0.0,0.0,0.0,0.0,0.0,0.0,1.0,0.0,0.0,0.0
3,6,0.0,0.0,0.0,0.0,0.0,0.0,1.0,0.0,0.0,0.0
3,6,0.0,0.0,0.0,0.0,0.0,0.0,1.0,0.0,0.0,0.0
3,6,0.0,0.0,0.0,0.0,0.0,0.0,1.0,0.0,0.0,0.0
3,6,0.0,0.0,0.0,0.0,0.0,0.0,1.0,0.0,0.0,0.0
3,6,0.0,0.0,0.0,0.0,0.0,0.0,1.0,0.0,0.0,0.0
3,6,0.0,0.0,0.0,0.0,0.0,0.0,1.0,0.0,0.0,0.0
3,6,0.0,0.0,0.0,0.0,0.0,0.0,1.0,0.0,0.0,0.0
3,6,0.0,0.0,0.0,0.0,0.0,0.0,1.0,0.0,0.0,0.0
3,6,0.0,0.0,0.0,0.0,0.0,0.0,1.0,0.0,0.0,0.0
3,6,0.0,0.0,0.0,0.0,0.0,0.0,1.0,0.0,0.0,0.0
3,6,0.0,0.0,0.0,0.0,0.0,0.067128584,0.9328714,0.0,0.0,0.0
3,6,0.0,0.0,0.0,0.0,0.0,0.067128584,0.9328714,0.0,0.0,0.0
3,6,0.0,0.0,0.0,0.0,0.0,0.067128584,0.9328714,0.0,0.0,0.0
3,6,0.0,0.0,0.0,0.0,0.0,0.067128584,0.9328714,0.0,0.0,0.0
3,6,0.0,0.0,0.0,0.0,0.0,0.067128584,0.9328714,0.0,0.0,0.0
3,6,0.0,0.0,0.0,0.0,0.0,0.067128584,0.9328714,0.0,0.0,0.0
3,6,0.0,0.0,0.0,0.0,0.0,0.067128584,0.9328714,0.0,0.0,0.0
3,6,0.0,0.0,0.0,0.0,0.0,0.067128584,0.9328714,0.0,0.0,0.0
3,6,0.0,0.0,0.0,0.0,0.0,0.067128584,0.9328714,0.0,0.0,0.0
3,6,0.0,0.0,0.0,0.0,0.0,0.067128584,0.9328714,0.0,0.0,0.0
3,6,0.0,0.0,0.0,0.0,0.0,0.067128584,0.9328714,0.0,0.0,0.0
3,6,0.0,0.0,0.0,0.0,0.0,0.067128584,0.9328714,0.0,0.0,0.0
3,6,0.0,0.0,0.0,0.0,0.0,0.067128584,0.9328714,0.0,0.0,0.0
3,6,0.0,0.0,0.0,0.0,0.0,0.067128584,0.9328714,0.0,0.0,0.0
3,6,0.0,0.0,0.0,0.0,0.0,0.067128584,0.9328714,0.0,0.0,0.0
3,6,0.0,0.0,0.0,0.0,0.0,0.067128584,0.9328714,0.0,0.0,0.0
3,6,0.0,0.0,0.0,0.0,0.0,0.067128584,0.9328714,0.0,0.0,0.0
3,6,0.0,0.0,0.0,0.0,0.0,0.067128584,0.9328714,0.0,0.0,0.0
3,6,0.0,0.0,0.0,0.0,0.0,0.067128584,0.9328714,0.0,0.0,0.0
3,6,0.0,0.0,0.0,0.0,0.0,0.067128584,0.9328714,0.0,0.0,0.0
3,6,0.0,0.0,0.0,0.0,0.0,0.067128584,0.9328714,0.0,0.0,0.0
3,6,0.0,0.0,0.0,0.0,0.0,0.067128584,0.9328714,0.0,0.0,0.0
3,6,0.0,0.0,0.0,0.0,0.0,0.067128584,0.9328714,0.0,0.0,0.0
3,6,0.0,0.0,0.0,0.0,0.0,0.067128584,0.9328714,0.0,0.0,0.0
3,6,0.0,0.0,0.0,0.0,0.0,0.067128584,0.9328714,0.0,0.0,0.0
3,6,0.0,0.0,0.0,0.0,0.0,0.067128584,0.9328714,0.0,0.0,0.0
3,6,0.0,0.0,0.0,0.0,0.0,0.13296501,0.86703503,0.0,0.0,0.0
3,6,0.0,0.0,0.0,0.0,0.0,0.13296501,0.86703503,0.0,0.0,0.0
3,6,0.0,0.0,0.0,0.0,0.0,0.13296501,0.86703503,0.0,0.0,0.0
3,6,0.0,0.0,0.0,0.0,0.0,0.13296501,0.86703503,0.0,0.0,0.0
3,6,0.0,0.0,0.0,0.0,0.0,0.13296501,0.86703503,0.0,0.0,0.0
3,6,0.0,0.0,0.0,0.0,0.0,0.13296501,0.86703503,0.0,0.0,0.0
3,6,0.0,0.0,0.0,0.0,0.0,0.13296501,0.86703503,0.0,0.0,0.0
3,6,0.0,0.0,0.0,0.0,0.0,0.13296501,0.86703503,0.0,0.0,0.0
3,6,0.0,0.0,0.0,0.0,0.0,0.13296501,0.86703503,0.0,0.0,0.0
3,6,0.0,0.0,0.0,0.0,0.0,0.13296501,0.86703503,0.0,0.0,0.0
3,6,0.0,0.0,0.0,0.0,0.0,0.13296501,0.86703503,0.0,0.0,0.0
3,6,0.0,0.0,0.0,0.0,0.0,0.13296501,0.86703503,0.0,0.0,0.0
3,6,0.0,0.0,0.0,0.0,0.0,0.13296501,0.86703503,0.0,0.0,0.0
3,6,0.0,0.0,0.0,0.0,0.0,0.13296501,0.86703503,0.0,0.0,0.0
3,6,0.0,0.0,0.0,0.0,0.0,0.13296501,0.86703503,0.0,0.0,0.0
3,6,0.0,0.0,0.0,0.0,0.0,0.13296501,0.86703503,0.0,0.0,0.0
3,6,0.0,0.0,0.0,0.0,0.0,0.13296501,0.86703503,0.0,0.0,0.0
3,6,0.0,0.0,0.0,0.0,0.0,0.13296501,0.86703503,0.0,0.0,0.0
3,6,0.0,0.0,0.0,0.0,0.0,0.13296501,0.86703503,0.0,0.0,0.0
3,6,0.0,0.0,0.0,0.0,0.0,0.13296501,0.86703503,0.0,0.0,0.0
3,6,0.0,0.0,0.0,0.0,0.0,0.13296501,0.86703503,0.0,0.0,0.0
3,6,0.0,0.0,0.0,0.0,0.0,0.13296501,0.86703503,0.0,0.0,0.0
3,6,0.0,0.0,0.0,0.0,0.0,0.19140114,0.8085989,0.0,0.0,0.0
3,6,0.0,0.0,0.0,0.0,0.0,0.19140114,0.8085989,0.0,0.0,0.0
3,6,0.0,0.0,0.0,0.0,0.0,0.19140114,0.8085989,0.0,0.0,0.0
3,6,0.0,0.0,0.0,0.0,0.0,0.19140114,0.8085989,0.0,0.0,0.0
3,6,0.0,0.0,0.0,0.0,0.0,0.19140114,0.8085989,0.0,0.0,0.0
3,6,0.0,0.0,0.0,0.0,0.0,0.19140114,0.8085989,0.0,0.0,0.0
3,6,0.0,0.0,0.0,0.0,0.0,0.19140114,0.8085989,0.0,0.0,0.0
3,6,0.0,0.0,0.0,0.0,0.0,0.19140114,0.8085989,0.0,0.0,0.0
3,6,0.0,0.0,0.0,0.0,0.0,0.2514526,0.67963594,0.0,0.0,0.068911426
3,6,0.0,0.0,0.0,0.0,0.0,0.314873,0.6162156,0.0,0.0,0.06891143
3,6,0.0,0.0,0.0,0.0,0.0,0.314873,0.6162156,0.0,0.0,0.06891143
3,6,0.0,0.0,0.0,0.0,0.0,0.314873,0.6162156,0.0,0.0,0.06891143
3,6,0.0,0.0,0.0,0.0,0.0,0.314873,0.6162156,0.0,0.0,0.06891143
3,6,0.0,0.0,0.0,0.0,0.0,0.314873,0.6162156,0.0,0.0,0.06891143
3,6,0.0,0.0,0.0,0.0,0.0,0.314873,0.6162156,0.0,0.0,0.06891143
3,6,0.0,0.0,0.0,0.0,0.0,0.314873,0.6162156,0.0,0.0,0.06891143
3,6,0.0,0.0,0.0,0.0,0.0,0.37916282,0.5519258,0.0,0.0,0.06891143
3,6,0.0,0.0,0.0,0.0,0.0,0.43940365,0.49168488,0.0,0.0,0.06891143
3,6,0.0,0.0,0.0,0.0,0.0,0.43940365,0.49168488,0.0,0.0,0.06891143
3,6,0.0,0.0,0.0,0.0,0.0,0.43940365,0.49168488,0.0,0.0,0.06891143
3,6,0.0,0.0,0.0,0.0,0.0,0.43940365,0.49168488,0.0,0.0,0.06891143
3,6,0.0,0.0,0.0,0.0,0.0,0.43940365,0.49168488,0.0,0.0,0.06891143
3,6,0.0,0.0,0.0,0.0,0.0,0.43940365,0.49168488,0.0,0.0,0.06891143
3,6,0.0,0.0,0.0,0.0,0.0,0.43940365,0.49168488,0.0,0.0,0.06891143
3,6,0.0,0.0,0.0,0.0,0.0,0.43940365,0.49168488,0.0,0.0,0.06891143
3,6,0.0,0.0,0.0,0.0,0.0,0.43940365,0.49168488,0.0,0.0,0.06891143
3,6,0.0,0.0,0.0,0.0,0.0,0.43940365,0.49168488,0.0,0.0,0.06891143
3,6,0.0,0.0,0.0,0.0,0.0,0.43940365,0.49168488,0.0,0.0,0.06891143
3,6,0.0,0.0,0.0,0.0,0.0,0.43940365,0.49168488,0.0,0.0,0.06891143
3,6,0.0,0.0,0.0,0.0,0.0,0.43940365,0.49168488,0.0,0.0,0.06891143
3,6,0.0,0.0,0.0,0.0,0.0,0.43940365,0.49168488,0.0,0.0,0.06891143
3,6,0.0,0.0,0.0,0.0,0.0,0.43940365,0.49168488,0.0,0.0,0.06891143
3,5,0.0,0.0,0.0,0.0,0.0,0.74941534,0.12261435,0.0,0.0,0.12797032
3,5,0.0,0.0,0.0,0.0,0.0,0.74941534,0.12261435,0.0,0.0,0.12797032
3,5,0.0,0.0,0.0,0.0,0.0,0.74941534,0.12261435,0.0,0.0,0.12797032
3,5,0.0,0.0,0.0,0.0,0.0,0.74941534,0.12261435,0.0,0.0,0.12797032
3,5,0.0,0.0,0.0,0.0,0.0,0.74941534,0.12261435,0.0,0.0,0.12797032
3,5,0.0,0.0,0.0,0.0,0.0,0.74941534,0.12261435,0.0,0.0,0.12797032
3,5,0.0,0.0,0.0,0.0,0.0,0.74941534,0.12261435,0.0,0.0,0.12797032
3,5,0.0,0.0,0.0,0.0,0.0,0.74941534,0.12261435,0.0,0.0,0.12797032
3,5,0.0,0.0,0.0,0.0,0.0,0.74941534,0.12261435,0.0,0.0,0.12797032
3,5,0.0,0.0,0.0,0.0,0.0,0.74941534,0.12261435,0.0,0.0,0.12797032
3,5,0.0,0.0,0.0,0.0,0.0,0.74941534,0.12261435,0.0,0.0,0.12797032
3,5,0.0,0.0,0.0,0.0,0.0,0.74941534,0.12261435,0.0,0.0,0.12797032
3,5,0.0,0.0,0.0,0.0,0.0,0.74941534,0.12261435,0.0,0.0,0.12797032
3,5,0.0,0.0,0.0,0.0,0.0,0.74941534,0.12261435,0.0,0.0,0.12797032
3,5,0.0,0.0,0.0,0.0,0.0,0.74941534,0.12261435,0.0,0.0,0.12797032
3,5,0.0,0.0,0.0,0.0,0.0,0.74941534,0.12261435,0.0,0.0,0.12797032
3,5,0.0,0.0,0.0,0.0,0.0,0.74941534,0.12261435,0.0,0.0,0.12797032
3,5,0.0,0.0,0.0,0.0,0.0,0.74941534,0.12261435,0.0,0.0,0.12797032
3,5,0.0,0.0,0.0,0.0,0.0,0.74941534,0.12261435,0.0,0.0,0.12797032
3,5,0.0,0.0,0.0,0.0,0.0,0.74941534,0.12261435,0.0,0.0,0.12797032
3,5,0.0,0.0,0.0,0.0,0.0,0.74941534,0.12261435,0.0,0.0,0.12797032
3,5,0.0,0.0,0.0,0.0,0.0,0.74941534,0.12261435,0.0,0.0,0.12797032
3,5,0.0,0.0,0.0,0.0,0.0,0.74941534,0.12261435,0.0,0.0,0.12797032
3,5,0.0,0.0,0.0,0.0,0.0,0.74941534,0.12261435,0.0,0.0,0.12797032
3,5,0.0,0.0,0.0,0.0,0.0,0.74941534,0.12261435,0.0,0.0,0.12797032
3,5,0.0,0.0,0.0,0.0,0.0,0.74941534,0.12261435,0.0,0.0,0.12797032
3,5,0.0,0.0,0.0,0.0,0.0,0.74941534,0.12261435,0.0,0.0,0.12797032
3,5,0.0,0.0,0.0,0.0,0.0,0.74941534,0.12261435,0.0,0.0,0.12797032
3,5,0.0,0.0,0.0,0.0,0.0,0.74941534,0.12261435,0.0,0.0,0.12797032
3,5,0.0,0.0,0.0,0.0,0.0,0.74941534,0.12261435,0.0,0.0,0.12797032
3,5,0.0,0.0,0.0,0.0,0.0,0.74941534,0.12261435,0.0,0.0,0.12797032
3,5,0.0,0.0,0.0,0.0,0.0,0.74941534,0.12261435,0.0,0.0,0.12797032
3,5,0.0,0.0,0.0,0.0,0.0,0.74941534,0.12261435,0.0,0.0,0.12797032
3,5,0.0,0.0,0.0,0.0,0.0,0.74941534,0.12261435,0.0,0.0,0.12797032
3,5,0.0,0.0,0.0,0.0,0.0,0.74941534,0.12261435,0.0,0.0,0.12797032
3,5,0.0,0.0,0.0,0.0,0.0,0.74941534,0.12261435,0.0,0.0,0.12797032
3,5,0.0,0.0,0.0,0.0,0.0,0.74941534,0.12261435,0.0,0.0,0.12797032
3,5,0.0,0.0,0.0,0.0,0.0,0.8096077,0.062422,0.0,0.0,0.12797032
3,5,0.0,0.0,0.0,0.0,0.0,0.8096077,0.062422,0.0,0.0,0.12797032
3,5,0.0,0.0,0.0,0.0,0.0,0.8096077,0.062422,0.0,0.0,0.12797032
3,5,0.0,0.0,0.0,0.0,0.0,0.8096077,0.062422,0.0,0.0,0.12797032
3,5,0.0,0.0,0.0,0.0,0.0,0.8096077,0.062422,0.0,0.0,0.12797032
3,5,0.0,0.0,0.0,0.0,0.0,0.8096077,0.062422,0.0,0.0,0.12797032
3,5,0.0,0.0,0.0,0.0,0.0,0.8096077,0.062422,0.0,0.0,0.12797032
3,5,0.0,0.0,0.0,0.0,0.0,0.87202966,0.0,0.0,0.0,0.12797032
3,5,0.0,0.0,0.0,0.0,0.0,0.87202966,0.0,0.0,0.0,0.12797032
3,5,0.0,0.0,0.0,0.0,0.0,0.87202966,0.0,0.0,0.0,0.12797032
3,5,0.0,0.0,0.0,0.0,0.0,0.87202966,0.0,0.0,0.0,0.12797032
3,5,0.0,0.0,0.0,0.0,0.0,0.87202966,0.0,0.0,0.0,0.12797032
3,5,0.0,0.0,0.0,0.0,0.0,0.87202966,0.0,0.0,0.0,0.12797032
3,5,0.0,0.0,0.0,0.0,0.0,0.87202966,0.0,0.0,0.0,0.12797032
3,5,0.0,0.0,0.0,0.0,0.0,0.87202966,0.0,0.0,0.0,0.12797032
3,5,0.0,0.0,0.0,0.0,0.0,0.87202966,0.0,0.0,0.0,0.12797032
3,5,0.0,0.0,0.0,0.0,0.0,0.87202966,0.0,0.0,0.0,0.12797032
3,5,0.0,0.0,0.0,0.0,0.0,0.87202966,0.0,0.0,0.0,0.12797032
3,5,0.0,0.0,0.0,0.0,0.0,0.87202966,0.0,0.0,0.0,0.12797032
3,5,0.0,0.0,0.0,0.0,0.0,0.87202966,0.0,0.0,0.0,0.12797032
3,5,0.0,0.0,0.0,0.0,0.0,0.87202966,0.0,0.0,0.0,0.12797032
3,5,0.0,0.0,0.0,0.0,0.0,0.87202966,0.0,0.0,0.0,0.12797032
3,5,0.0,0.0,0.0,0.0,0.0,0.87202966,0.0,0.0,0.0,0.12797032
3,5,0.0,0.0,0.0,0.0,0.06583642,0.80619323,0.0,0.0,0.0,0.12797032
3,5,0.0,0.0,0.0,0.0,0.06583642,0.80619323,0.0,0.0,0.0,0.12797032
3,5,0.0,0.0,0.0,0.0,0.06583642,0.80619323,0.0,0.0,0.0,0.12797032
3,5,0.0,0.0,0.0,0.0,0.06583642,0.80619323,0.0,0.0,0.0,0.12797032
3,5,0.0,0.0,0.0,0.0,0.06583642,0.80619323,0.0,0.0,0.0,0.12797032
3,5,0.0,0.0,0.0,0.0,0.06583642,0.80619323,0.0,0.0,0.0,0.12797032
3,5,0.0,0.0,0.0,0.0,0.06583642,0.80619323,0.0,0.0,0.0,0.12797032
3,5,0.0,0.0,0.0,0.0,0.06583642,0.80619323,0.0,0.0,0.0,0.12797032
3,5,0.0,0.0,0.0,0.0,0.06583642,0.80619323,0.0,0.0,0.0,0.12797032
3,5,0.0,0.0,0.0,0.0,0.06583642,0.80619323,0.0,0.0,0.0,0.12797032
3,5,0.0,0.0,0.0,0.0,0.06583642,0.80619323,0.0,0.0,0.0,0.12797032
3,5,0.0,0.0,0.0,0.0,0.06583642,0.80619323,0.0,0.0,0.0,0.12797032
3,5,0.0,0.0,0.0,0.0,0.12602876,0.7460009,0.0,0.0,0.0,0.12797032
3,5,0.0,0.0,0.0,0.0,0.12602876,0.7460009,0.0,0.0,0.0,0.12797032
3,5,0.0,0.0,0.0,0.0,0.12602876,0.7460009,0.0,0.0,0.0,0.12797032
3,5,0.0,0.0,0.0,0.0,0.12602876,0.7460009,0.0,0.0,0.0,0.12797032
3,5,0.0,0.0,0.0,0.0,0.12602876,0.7460009,0.0,0.0,0.0,0.12797032
3,5,0.0,0.0,0.0,0.0,0.12602876,0.7460009,0.0,0.0,0.0,0.12797032
2,5,0.0,0.0,0.0,0.0,0.12602876,0.7460009,0.0,0.0,0.0,0.12797032
2,5,0.0,0.0,0.0,0.0,0.12602876,0.7460009,0.0,0.0,0.0,0.12797032
2,5,0.0,0.0,0.0,0.0,0.19315736,0.67887235,0.0,0.0,0.0,0.12797032
2,5,0.0,0.0,0.0,0.0,0.19315736,0.67887235,0.0,0.0,0.0,0.12797032
2,5,0.0,0.0,0.0,0.0,0.19315736,0.67887235,0.0,0.0,0.0,0.12797032
2,5,0.0,0.0,0.0,0.0,0.19315736,0.67887235,0.0,0.0,0.0,0.12797032
2,5,0.0,0.0,0.0,0.0,0.19315736,0.67887235,0.0,0.0,0.0,0.12797032
2,5,0.0,0.0,0.0,0.0,0.19315736,0.67887235,0.0,0.0,0.0,0.12797032
2,5,0.0,0.0,0.0,0.0,0.19315736,0.67887235,0.0,0.0,0.0,0.12797032
2,5,0.0,0.0,0.0,0.0,0.19315736,0.67887235,0.0,0.0,0.0,0.12797032
2,5,0.0,0.0,0.0,0.0,0.25221625,0.6788723,0.0,0.0,0.0,0.068911426
2,5,0.0,0.0,0.0,0.0,0.25221625,0.6788723,0.0,0.0,0.0,0.068911426
2,5,0.0,0.0,0.0,0.0,0.25221625,0.6788723,0.0,0.0,0.0,0.068911426
2,5,0.0,0.0,0.0,0.0,0.25221625,0.6788723,0.0,0.0,0.0,0.068911426
2,5,0.0,0.0,0.0,0.0,0.25221625,0.6788723,0.0,0.0,0.0,0.068911426
2,5,0.0,0.0,0.0,0.0,0.25221625,0.6788723,0.0,0.0,0.0,0.068911426
2,5,0.0,0.0,0.0,0.0,0.25221625,0.6788723,0.0,0.0,0.0,0.068911426
2,5,0.0,0.0,0.0,0.0,0.25221625,0.6788723,0.0,0.0,0.0,0.068911426
2,5,0.0,0.0,0.0,0.0,0.25221625,0.6788723,0.0,0.0,0.0,0.068911426
2,5,0.0,0.0,0.0,0.0,0.25221625,0.6788723,0.0,0.0,0.0,0.068911426
2,5,0.0,0.0,0.0,0.0,0.25221625,0.6788723,0.0,0.0,0.0,0.068911426
2,5,0.0,0.0,0.0,0.0,0.25221625,0.6788723,0.0,0.0,0.0,0.068911426
2,5,0.0,0.0,0.0,0.0,0.25221625,0.6788723,0.0,0.0,0.0,0.068911426
2,5,0.0,0.0,0.0,0.0,0.25221625,0.6788723,0.0,0.0,0.0,0.068911426
2,5,0.0,0.0,0.0,0.0,0.25221625,0.6788723,0.0,0.0,0.0,0.068911426
2,5,0.0,0.0,0.0,0.0,0.25221625,0.6788723,0.0,0.0,0.0,0.068911426
2,5,0.0,0.0,0.0,0.0,0.31065238,0.6204362,0.0,0.0,0.0,0.06891143
2,5,0.0,0.0,0.0,0.0,0.31065238,0.6204362,0.0,0.0,0.0,0.06891143
2,5,0.0,0.0,0.0,0.0,0.31065238,0.6204362,0.0,0.0,0.0,0.06891143
2,5,0.0,0.0,0.0,0.0,0.31065238,0.6204362,0.0,0.0,0.0,0.06891143
2,5,0.0,0.0,0.0,0.0,0.31065238,0.6204362,0.0,0.0,0.0,0.06891143
2,5,0.0,0.0,0.0,0.0,0.31065238,0.6204362,0.0,0.0,0.0,0.06891143
2,5,0.0,0.0,0.0,0.0,0.31065238,0.6204362,0.0,0.0,0.0,0.06891143
2,5,0.0,0.0,0.0,0.0,0.31065238,0.6204362,0.0,0.0,0.0,0.06891143
2,5,0.0,0.0,0.0,0.0,0.31065238,0.6204362,0.0,0.0,0.0,0.06891143
2,5,0.0,0.0,0.0,0.0,0.31065238,0.6204362,0.0,0.0,0.0,0.06891143
2,5,0.0,0.0,0.0,0.0,0.31065238,0.6204362,0.0,0.0,0.0,0.06891143
2,5,0.0,0.0,0.0,0.0,0.31065238,0.6204362,0.0,0.0,0.0,0.06891143
2,5,0.0,0.0,0.0,0.0,0.31065238,0.6204362,0.0,0.0,0.0,0.06891143
2,5,0.0,0.0,0.0,0.0,0.31065238,0.6204362,0.0,0.0,0.0,0.06891143
2,5,0.0,0.0,0.0,0.0,0.31065238,0.6204362,0.0,0.0,0.0,0.06891143
2,5,0.0,0.0,0.0,0.0,0.31065238,0.6204362,0.0,0.0,0.0,0.06891143
2,5,0.0,0.0,0.0,0.0,0.37134883,0.5597397,0.0,0.0,0.0,0.06891143
2,5,0.0,0.0,0.0,0.0,0.37134883,0.5597397,0.0,0.0,0.0,0.06891143
2,5,0.0,0.0,0.0,0.0,0.37134883,0.5597397,0.0,0.0,0.0,0.06891143
2,5,0.0,0.0,0.0,0.0,0.37134883,0.5597397,0.0,0.0,0.0,0.06891143
2,5,0.0,0.0,0.0,0.0,0.37134883,0.5597397,0.0,0.0,0.0,0.06891143
2,5,0.0,0.0,0.0,0.0,0.37134883,0.5597397,0.0,0.0,0.0,0.06891143
2,5,0.0,0.0,0.0,0.0,0.37134883,0.5597397,0.0,0.0,0.0,0.06891143
2,5,0.0,0.0,0.0,0.0,0.37134883,0.5597397,0.0,0.0,0.0,0.06891143
2,5,0.0,0.0,0.0,0.0,0.37134883,0.5597397,0.0,0.0,0.0,0.06891143
2,5,0.0,0.0,0.0,0.0,0.37134883,0.5597397,0.0,0.0,0.0,0.06891143
2,5,0.0,0.0,0.0,0.0,0.37134883,0.5597397,0.0,0.0,0.0,0.06891143
2,5,0.0,0.0,0.0,0.0,0.37134883,0.5597397,0.0,0.0,0.0,0.06891143
2,5,0.0,0.0,0.0,0.0,0.43377084,0.49731773,0.0,0.0,0.0,0.06891143
2,5,0.0,0.0,0.0,0.0,0.43377084,0.49731773,0.0,0.0,0.0,0.06891143
2,5,0.0,0.0,0.0,0.0,0.43377084,0.49731773,0.0,0.0,0.0,0.06891143
2,5,0.0,0.0,0.0,0.0,0.43377084,0.49731773,0.0,0.0,0.0,0.06891143
2,4,0.0,0.0,0.0,0.0,0.49806067,0.43302792,0.0,0.0,0.0,0.06891144
2,4,0.0,0.0,0.0,0.0,0.49806067,0.43302792,0.0,0.0,0.0,0.06891144
2,4,0.0,0.0,0.0,0.0,0.49806067,0.43302792,0.0,0.0,0.0,0.06891144
2,4,0.0,0.0,0.0,0.0,0.49806067,0.43302792,0.0,0.0,0.0,0.06891144
2,4,0.0,0.0,0.0,0.0,0.49806067,0.43302792,0.0,0.0,0.0,0.06891144
2,4,0.0,0.0,0.0,0.0,0.49806067,0.43302792,0.0,0.0,0.0,0.06891144
2,4,0.0,0.0,0.0,0.0,0.49806067,0.43302792,0.0,0.0,0.0,0.06891144
2,4,0.0,0.0,0.0,0.0,0.49806067,0.43302792,0.0,0.0,0.0,0.06891144
2,4,0.0,0.0,0.0,0.0,0.6197088,0.31137976,0.0,0.0,0.0,0.068911426
2,4,0.0,0.0,0.0,0.0,0.6197088,0.31137976,0.0,0.0,0.0,0.068911426
2,4,0.0,0.0,0.0,0.0,0.6197088,0.31137976,0.0,0.0,0.0,0.068911426
2,4,0.0,0.0,0.0,0.0,0.6197088,0.31137976,0.0,0.0,0.0,0.068911426
2,4,0.0,0.0,0.0,0.0,0.6197088,0.31137976,0.0,0.0,0.0,0.068911426
2,4,0.0,0.0,0.0,0.0,0.6197088,0.31137976,0.0,0.0,0.0,0.068911426
2,4,0.0,0.0,0.0,0.0,0.6197088,0.31137976,0.0,0.0,0.0,0.068911426
2,4,0.0,0.0,0.0,0.0,0.6197088,0.31137976,0.0,0.0,0.0,0.068911426
2,4,0.0,0.0,0.0,0.0,0.6197088,0.31137976,0.0,0.0,0.0,0.068911426
2,4,0.0,0.0,0.0,0.0,0.6197088,0.31137976,0.0,0.0,0.0,0.068911426
2,4,0.0,0.0,0.0,0.0,0.6197088,0.31137976,0.0,0.0,0.0,0.068911426
2,4,0.0,0.0,0.0,0.0,0.6197088,0.31137976,0.0,0.0,0.0,0.068911426
2,4,0.0,0.0,0.0,0.0,0.6197088,0.31137976,0.0,0.0,0.0,0.068911426
2,4,0.0,0.0,0.0,0.0,0.6197088,0.31137976,0.0,0.0,0.0,0.068911426
2,4,0.0,0.0,0.0,0.0,0.6197088,0.31137976,0.0,0.0,0.0,0.068911426
2,4,0.0,0.0,0.0,0.0,0.6197088,0.31137976,0.0,0.0,0.0,0.068911426
2,4,0.0,0.0,0.0,0.0,0.7478672,0.18322131,0.0,0.0,0.0,0.06891143
2,4,0.0,0.0,0.0,0.0,0.7478672,0.18322131,0.0,0.0,0.0,0.06891143
2,4,0.0,0.0,0.0,0.0,0.7478672,0.18322131,0.0,0.0,0.0,0.06891143
2,4,0.0,0.0,0.0,0.0,0.7478672,0.18322131,0.0,0.0,0.0,0.06891143
2,4,0.0,0.0,0.0,0.0,0.7478672,0.18322131,0.0,0.0,0.0,0.06891143
2,4,0.0,0.0,0.0,0.0,0.7478672,0.18322131,0.0,0.0,0.0,0.06891143
2,4,0.0,0.0,0.0,0.0,0.7478672,0.18322131,0.0,0.0,0.0,0.06891143
2,4,0.0,0.0,0.0,0.0,0.7478672,0.18322131,0.0,0.0,0.0,0.06891143
2,4,0.0,0.0,0.0,0.0,0.7478672,0.18322131,0.0,0.0,0.0,0.06891143
2,4,0.0,0.0,0.0,0.0,0.7478672,0.18322131,0.0,0.0,0.0,0.06891143
2,4,0.0,0.0,0.0,0.0,0.7478672,0.18322131,0.0,0.0,0.0,0.06891143
2,4,0.0,0.0,0.0,0.0,0.7478672,0.18322131,0.0,0.0,0.0,0.06891143
2,4,0.0,0.0,0.0,0.0,0.7478672,0.18322131,0.0,0.0,0.0,0.06891143
2,4,0.0,0.0,0.0,0.0,0.7478672,0.18322131,0.0,0.0,0.0,0.06891143
2,4,0.0,0.0,0.0,0.0,0.7478672,0.18322131,0.0,0.0,0.0,0.06891143
2,4,0.0,0.0,0.0,0.0,0.7478672,0.18322131,0.0,0.0,0.0,0.06891143
2,4,0.0,0.0,0.0,0.0,0.7478672,0.18322131,0.0,0.0,0.0,0.06891143
2,4,0.0,0.0,0.0,0.0,0.7478672,0.18322131,0.0,0.0,0.0,0.06891143
2,4,0.0,0.0,0.0,0.0,0.7478672,0.18322131,0.0,0.0,0.0,0.06891143
2,4,0.0,0.0,0.0,0.0,0.7478672,0.18322131,0.0,0.0,0.0,0.06891143
2,4,0.0,0.0,0.0,0.0,0.7478672,0.18322131,0.0,0.0,0.0,0.06891143
2,4,0.0,0.0,0.0,0.0,0.7478672,0.18322131,0.0,0.0,0.0,0.06891143
2,4,0.0,0.0,0.0,0.0,0.7478672,0.18322131,0.0,0.0,0.0,0.06891143
2,4,0.0,0.0,0.0,0.0,0.7478672,0.18322131,0.0,0.0,0.0,0.06891143
2,4,0.0,0.0,0.0,0.0,0.7478672,0.18322131,0.0,0.0,0.0,0.06891143
2,4,0.0,0.0,0.0,0.0,0.7478672,0.18322131,0.0,0.0,0.0,0.06891143
2,4,0.0,0.0,0.0,0.0,0.7478672,0.18322131,0.0,0.0,0.0,0.06891143
2,4,0.0,0.0,0.0,0.0,0.7478672,0.18322131,0.0,0.0,0.0,0.06891143
2,4,0.0,0.0,0.0,0.0,0.7478672,0.18322131,0.0,0.0,0.0,0.06891143
2,4,0.0,0.0,0.0,0.0,0.8081081,0.12298046,0.0,0.0,0.0,0.06891143
2,4,0.0,0.0,0.0,0.0,0.8081081,0.12298046,0.0,0.0,0.0,0.06891143
2,4,0.0,0.0,0.0,0.0,0.8715285,0.059560057,0.0,0.0,0.0,0.06891143
2,4,0.0,0.0,0.0,0.0,0.8715285,0.059560057,0.0,0.0,0.0,0.06891143
2,4,0.0,0.0,0.0,0.0,0.8715285,0.059560057,0.0,0.0,0.0,0.06891143
2,4,0.0,0.0,0.0,0.0,0.8715285,0.059560057,0.0,0.0,0.0,0.06891143
2,4,0.0,0.0,0.0,0.0,0.8715285,0.059560057,0.0,0.0,0.0,0.06891143
2,4,0.0,0.0,0.0,0.0,0.8715285,0.059560057,0.0,0.0,0.0,0.06891143
2,4,0.0,0.0,0.0,0.0,0.8715285,0.059560057,0.0,0.0,0.0,0.06891143
2,4,0.0,0.0,0.0,0.0,0.8715285,0.059560057,0.0,0.0,0.0,0.06891143
2,4,0.0,0.0,0.0,0.0,0.8715285,0.059560057,0.0,0.0,0.0,0.06891143
2,4,0.0,0.0,0.0,0.0,0.8715285,0.059560057,0.0,0.0,0.0,0.06891143
2,4,0.0,0.0,0.0,0.0,0.8715285,0.059560057,0.0,0.0,0.0,0.06891143
2,4,0.0,0.0,0.0,0.0,0.8715285,0.059560057,0.0,0.0,0.0,0.06891143
2,4,0.0,0.0,0.0,0.0,0.8715285,0.059560057,0.0,0.0,0.0,0.06891143
2,4,0.0,0.0,0.0,0.0,0.8715285,0.059560057,0.0,0.0,0.0,0.06891143
2,4,0.0,0.0,0.0,0.0,0.8715285,0.059560057,0.0,0.0,0.0,0.06891143
2,4,0.0,0.0,0.0,0.0,0.8715285,0.059560057,0.0,0.0,0.0,0.06891143
2,4,0.0,0.0,0.0,0.0,0.8715285,0.059560057,0.0,0.0,0.0,0.06891143
2,4,0.0,0.0,0.0,0.0,0.8715285,0.059560057,0.0,0.0,0.0,0.06891143
2,4,0.0,0.0,0.0,0.0,0.8715285,0.059560057,0.0,0.0,0.0,0.06891143
2,4,0.0,0.0,0.0,0.0,0.8715285,0.059560057,0.0,0.0,0.0,0.06891143
2,4,0.0,0.0,0.0,0.0,0.8715285,0.059560057,0.0,0.0,0.0,0.06891143
2,4,0.0,0.0,0.0,0.0,0.8715285,0.059560057,0.0,0.0,0.0,0.06891143
2,4,0.0,0.0,0.0,0.0,0.8715285,0.059560057,0.0,0.0,0.0,0.06891143
2,4,0.0,0.0,0.0,0.0,0.8715285,0.059560057,0.0,0.0,0.0,0.06891143
2,4,0.0,0.0,0.0,0.0,0.8715285,0.059560057,0.0,0.0,0.0,0.06891143
2,4,0.0,0.0,0.0,0.0,0.93108857,0.0,0.0,0.0,0.0,0.06891143
2,4,0.0,0.0,0.0,0.0,0.93108857,0.0,0.0,0.0,0.0,0.06891143
2,4,0.0,0.0,0.0,0.0,0.93108857,0.0,0.0,0.0,0.0,0.06891143
2,4,0.0,0.0,0.0,0.0,0.93108857,0.0,0.0,0.0,0.0,0.06891143
2,4,0.0,0.0,0.0,0.0,0.93108857,0.0,0.0,0.0,0.0,0.06891143
2,4,0.0,0.0,0.0,0.0,0.93108857,0.0,0.0,0.0,0.0,0.06891143
2,4,0.0,0.0,0.0,0.0,0.93108857,0.0,0.0,0.0,0.0,0.06891143
2,4,0.0,0.0,0.0,0.0,0.93108857,0.0,0.0,0.0,0.0,0.06891143
2,4,0.0,0.0,0.0,0.0,0.93108857,0.0,0.0,0.0,0.0,0.06891143
2,4,0.0,0.0,0.0,0.0,0.93108857,0.0,0.0,0.0,0.0,0.06891143
2,4,0.0,0.0,0.0,0.0,0.93108857,0.0,0.0,0.0,0.0,0.06891143
2,4,0.0,0.0,0.0,0.0,0.93108857,0.0,0.0,0.0,0.0,0.06891143
2,4,0.0,0.0,0.0,0.0,1.0,0.0,0.0,0.0,0.0,0.0
2,4,0.0,0.0,0.0,0.0,1.0,0.0,0.0,0.0,0.0,0.0
2,4,0.0,0.0,0.0,0.0,1.0,0.0,0.0,0.0,0.0,0.0
2,4,0.0,0.0,0.0,0.0,1.0,0.0,0.0,0.0,0.0,0.0
2,4,0.0,0.0,0.0,0.0,1.0,0.0,0.0,0.0,0.0,0.0
2,4,0.0,0.0,0.0,0.0,1.0,0.0,0.0,0.0,0.0,0.0
2,4,0.0,0.0,0.0,0.0,1.0,0.0,0.0,0.0,0.0,0.0
2,4,0.0,0.0,0.0,0.0,1.0,0.0,0.0,0.0,0.0,0.0
2,4,0.0,0.0,0.0,0.0,1.0,0.0,0.0,0.0,0.0,0.0
2,4,0.0,0.0,0.0,0.0,1.0,0.0,0.0,0.0,0.0,0.0
2,4,0.0,0.0,0.0,0.0,1.0,0.0,0.0,0.0,0.0,0.0
2,4,0.0,0.0,0.0,0.0,1.0,0.0,0.0,0.0,0.0,0.0
2,4,0.0,0.0,0.0,0.0,1.0,0.0,0.0,0.0,0.0,0.0
2,4,0.0,0.0,0.0,0.0,1.0,0.0,0.0,0.0,0.0,0.0
2,4,0.0,0.0,0.0,0.0,1.0,0.0,0.0,0.0,0.0,0.0
2,4,0.0,0.0,0.0,0.0,1.0,0.0,0.0,0.0,0.0,0.0
2,4,0.0,0.0,0.0,0.0,1.0,0.0,0.0,0.0,0.0,0.0
2,4,0.0,0.0,0.0,0.0,1.0,0.0,0.0,0.0,0.0,0.0
2,4,0.0,0.0,0.0,0.0,1.0,0.0,0.0,0.0,0.0,0.0
2,4,0.0,0.0,0.0,0.0,1.0,0.0,0.0,0.0,0.0,0.0
2,4,0.0,0.0,0.0,0.0,1.0,0.0,0.0,0.0,0.0,0.0
2,4,0.0,0.0,0.0,0.0,1.0,0.0,0.0,0.0,0.0,0.0
2,4,0.0,0.0,0.0,0.0,1.0,0.0,0.0,0.0,0.0,0.0
2,4,0.0,0.0,0.0,0.0,1.0,0.0,0.0,0.0,0.0,0.0
2,4,0.0,0.0,0.0,0.0,1.0,0.0,0.0,0.0,0.0,0.0
2,4,0.0,0.0,0.0,0.0,1.0,0.0,0.0,0.0,0.0,0.0
2,4,0.0,0.0,0.0,0.0,1.0,0.0,0.0,0.0,0.0,0.0
2,4,0.0,0.0,0.0,0.0,1.0,0.0,0.0,0.0,0.0,0.0
2,4,0.0,0.0,0.0,0.0,1.0,0.0,0.0,0.0,0.0,0.0
2,4,0.0,0.0,0.0,0.0,1.0,0.0,0.0,0.0,0.0,0.0
2,4,0.0,0.0,0.0,0.0,1.0,0.0,0.0,0.0,0.0,0.0
2,4,0.0,0.0,0.0,0.0,1.0,0.0,0.0,0.0,0.0,0.0
2,4,0.0,0.0,0.0,0.0,1.0,0.0,0.0,0.0,0.0,0.0
2,4,0.0,0.0,0.0,0.0,1.0,0.0,0.0,0.0,0.0,0.0
2,4,0.0,0.0,0.0,0.0,1.0,0.0,0.0,0.0,0.0,0.0
2,4,0.0,0.0,0.0,0.0,1.0,0.0,0.0,0.0,0.0,0.0
2,4,0.0,0.0,0.0,0.0,1.0,0.0,0.0,0.0,0.0,0.0
2,4,0.0,0.0,0.0,0.0,1.0,0.0,0.0,0.0,0.0,0.0
2,4,0.0,0.0,0.0,0.0,1.0,0.0,0.0,0.0,0.0,0.0
2,4,0.0,0.0,0.0,0.0,1.0,0.0,0.0,0.0,0.0,0.0
2,4,0.0,0.0,0.0,0.0,1.0,0.0,0.0,0.0,0.0,0.0
2,4,0.0,0.0,0.0,0.0,1.0,0.0,0.0,0.0,0.0,0.0
2,4,0.0,0.0,0.0,0.0,1.0,0.0,0.0,0.0,0.0,0.0
2,4,0.0,0.0,0.0,0.0,1.0,0.0,0.0,0.0,0.0,0.0
2,4,0.0,0.0,0.0,0.0,1.0,0.0,0.0,0.0,0.0,0.0
2,4,0.0,0.0,0.0,0.0,1.0,0.0,0.0,0.0,0.0,0.0
2,4,0.0,0.0,0.0,0.0,1.0,0.0,0.0,0.0,0.0,0.0
2,4,0.0,0.0,0.0,0.0,1.0,0.0,0.0,0.0,0.0,0.0
2,4,0.0,0.0,0.0,0.0,1.0,0.0,0.0,0.0,0.0,0.0
2,4,0.0,0.0,0.0,0.0,1.0,0.0,0.0,0.0,0.0,0.0
2,4,0.0,0.0,0.0,0.0,1.0,0.0,0.0,0.0,0.0,0.0
2,4,0.0,0.0,0.0,0.0,1.0,0.0,0.0,0.0,0.0,0.0
2,4,0.0,0.0,0.0,0.0,1.0,0.0,0.0,0.0,0.0,0.0
2,4,0.0,0.0,0.0,0.0,1.0,0.0,0.0,0.0,0.0,0.0
2,4,0.0,0.0,0.0,0.0,1.0,0.0,0.0,0.0,0.0,0.0
2,4,0.0,0.0,0.0,0.0,1.0,0.0,0.0,0.0,0.0,0.0
2,4,0.0,0.0,0.0,0.0,1.0,0.0,0.0,0.0,0.0,0.0
2,4,0.0,0.0,0.0,0.0,1.0,0.0,0.0,0.0,0.0,0.0
2,4,0.0,0.0,0.0,0.0,1.0,0.0,0.0,0.0,0.0,0.0
2,4,0.0,0.0,0.0,0.0,1.0,0.0,0.0,0.0,0.0,0.0
2,4,0.0,0.0,0.0,0.0,1.0,0.0,0.0,0.0,0.0,0.0
2,4,0.0,0.0,0.0,0.0,1.0,0.0,0.0,0.0,0.0,0.0
2,4,0.0,0.0,0.0,0.0,1.0,0.0,0.0,0.0,0.0,0.0
2,4,0.0,0.0,0.0,0.0,1.0,0.0,0.0,0.0,0.0,0.0
2,4,0.0,0.0,0.0,0.0,1.0,0.0,0.0,0.0,0.0,0.0
2,4,0.0,0.0,0.0,0.0,1.0,0.0,0.0,0.0,0.0,0.0
2,4,0.0,0.0,0.0,0.0,1.0,0.0,0.0,0.0,0.0,0.0
2,4,0.0,0.0,0.0,0.0,1.0,0.0,0.0,0.0,0.0,0.0
2,4,0.0,0.0,0.0,0.0,1.0,0.0,0.0,0.0,0.0,0.0
2,4,0.0,0.0,0.0,0.0,1.0,0.0,0.0,0.0,0.0,0.0
2,4,0.0,0.0,0.0,0.0,1.0,0.0,0.0,0.0,0.0,0.0
2,4,0.0,0.0,0.0,0.0,1.0,0.0,0.0,0.0,0.0,0.0
2,4,0.0,0.0,0.0,0.0,1.0,0.0,0.0,0.0,0.0,0.0
2,4,0.0,0.0,0.0,0.0,1.0,0.0,0.0,0.0,0.0,0.0
2,4,0.0,0.0,0.0,0.0,1.0,0.0,0.0,0.0,0.0,0.0
2,4,0.0,0.0,0.0,0.0,1.0,0.0,0.0,0.0,0.0,0.0
2,4,0.0,0.0,0.0,0.0,1.0,0.0,0.0,0.0,0.0,0.0
2,4,0.0,0.0,0.0,0.0,1.0,0.0,0.0,0.0,0.0,0.0
2,4,0.0,0.0,0.0,0.0,1.0,0.0,0.0,0.0,0.0,0.0
2,4,0.0,0.0,0.0,0.0,1.0,0.0,0.0,0.0,0.0,0.0
2,4,0.0,0.0,0.0,0.0,1.0,0.0,0.0,0.0,0.0,0.0
2,4,0.0,0.0,0.0,0.0,1.0,0.0,0.0,0.0,0.0,0.0
2,4,0.0,0.0,0.0,0.0,1.0,0.0,0.0,0.0,0.0,0.0
2,4,0.0,0.0,0.0,0.0,1.0,0.0,0.0,0.0,0.0,0.0
2,4,0.0,0.0,0.0,0.0,1.0,0.0,0.0,0.0,0.0,0.0
2,4,0.0,0.0,0.0,0.0,1.0,0.0,0.0,0.0,0.0,0.0
2,4,0.0,0.0,0.0,0.0,1.0,0.0,0.0,0.0,0.0,0.0
2,4,0.0,0.0,0.0,0.0,1.0,0.0,0.0,0.0,0.0,0.0
2,4,0.0,0.0,0.0,0.0,1.0,0.0,0.0,0.0,0.0,0.0
2,4,0.0,0.0,0.0,0.0,1.0,0.0,0.0,0.0,0.0,0.0
2,4,0.0,0.0,0.0,0.0,1.0,0.0,0.0,0.0,0.0,0.0
2,4,0.0,0.0,0.0,0.0,1.0,0.0,0.0,0.0,0.0,0.0
2,4,0.0,0.0,0.0,0.0,1.0,0.0,0.0,0.0,0.0,0.0
2,4,0.0,0.0,0.0,0.0,1.0,0.0,0.0,0.0,0.0,0.0
2,4,0.0,0.0,0.0,0.0,1.0,0.0,0.0,0.0,0.0,0.0
2,4,0.0,0.0,0.0,0.0,1.0,0.0,0.0,0.0,0.0,0.0
2,4,0.0,0.0,0.0,0.0,1.0,0.0,0.0,0.0,0.0,0.0
2,4,0.0,0.0,0.0,0.0,1.0,0.0,0.0,0.0,0.0,0.0
2,4,0.0,0.0,0.0,0.0,1.0,0.0,0.0,0.0,0.0,0.0
2,4,0.0,0.0,0.0,0.0,1.0,0.0,0.0,0.0,0.0,0.0
2,4,0.0,0.0,0.0,0.0,1.0,0.0,0.0,0.0,0.0,0.0
2,4,0.0,0.0,0.0,0.0,1.0,0.0,0.0,0.0,0.0,0.0
2,4,0.0,0.0,0.0,0.0,1.0,0.0,0.0,0.0,0.0,0.0
2,4,0.0,0.0,0.0,0.0,1.0,0.0,0.0,0.0,0.0,0.0
2,4,0.0,0.0,0.0,0.0,1.0,0.0,0.0,0.0,0.0,0.0
2,4,0.0,0.0,0.0,0.0,1.0,0.0,0.0,0.0,0.0,0.0
2,4,0.0,0.0,0.0,0.0,1.0,0.0,0.0,0.0,0.0,0.0
2,4,0.0,0.0,0.0,0.0,1.0,0.0,0.0,0.0,0.0,0.0
2,4,0.0,0.0,0.0,0.0,1.0,0.0,0.0,0.0,0.0,0.0
2,4,0.0,0.0,0.0,0.0,1.0,0.0,0.0,0.0,0.0,0.0
2,4,0.0,0.0,0.0,0.0,1.0,0.0,0.0,0.0,0.0,0.0
2,4,0.0,0.0,0.0,0.0,1.0,0.0,0.0,0.0,0.0,0.0
2,4,0.0,0.0,0.0,0.0,1.0,0.0,0.0,0.0,0.0,0.0
2,4,0.0,0.0,0.0,0.0,1.0,0.0,0.0,0.0,0.0,0.0
2,4,0.0,0.0,0.0,0.0,1.0,0.0,0.0,0.0,0.0,0.0
2,4,0.0,0.0,0.0,0.0,1.0,0.0,0.0,0.0,0.0,0.0
2,4,0.0,0.0,0.0,0.0,1.0,0.0,0.0,0.0,0.0,0.0
2,4,0.0,0.0,0.0,0.0,1.0,0.0,0.0,0.0,0.0,0.0
2,4,0.0,0.0,0.0,0.0,1.0,0.0,0.0,0.0,0.0,0.0
2,4,0.0,0.0,0.0,0.0,1.0,0.0,0.0,0.0,0.0,0.0
2,4,0.0,0.0,0.0,0.0,1.0,0.0,0.0,0.0,0.0,0.0
2,4,0.0,0.0,0.0,0.0,1.0,0.0,0.0,0.0,0.0,0.0
2,4,0.0,0.0,0.0,0.0,1.0,0.0,0.0,0.0,0.0,0.0
2,4,0.0,0.0,0.0,0.0,1.0,0.0,0.0,0.0,0.0,0.0
2,4,0.0,0.0,0.0,0.0,1.0,0.0,0.0,0.0,0.0,0.0
2,4,0.0,0.0,0.0,0.0,1.0,0.0,0.0,0.0,0.0,0.0
2,4,0.0,0.0,0.0,0.0,1.0,0.0,0.0,0.0,0.0,0.0
2,4,0.0,0.0,0.0,0.0,1.0,0.0,0.0,0.0,0.0,0.0
2,4,0.0,0.0,0.0,0.0,1.0,0.0,0.0,0.0,0.0,0.0
2,4,0.0,0.0,0.0,0.0,1.0,0.0,0.0,0.0,0.0,0.0
2,4,0.0,0.0,0.0,0.0,1.0,0.0,0.0,0.0,0.0,0.0
2,4,0.0,0.0,0.0,0.0,1.0,0.0,0.0,0.0,0.0,0.0
2,4,0.0,0.0,0.0,0.0,1.0,0.0,0.0,0.0,0.0,0.0
2,4,0.0,0.0,0.0,0.0,1.0,0.0,0.0,0.0,0.0,0.0
2,4,0.0,0.0,0.0,0.0,1.0,0.0,0.0,0.0,0.0,0.0
2,4,0.0,0.0,0.0,0.0,1.0,0.0,0.0,0.0,0.0,0.0
2,4,0.0,0.0,0.0,0.0,1.0,0.0,0.0,0.0,0.0,0.0
2,4,0.0,0.0,0.0,0.0,1.0,0.0,0.0,0.0,0.0,0.0
2,4,0.0,0.0,0.0,0.0,1.0,0.0,0.0,0.0,0.0,0.0
2,4,0.0,0.0,0.0,0.0,1.0,0.0,0.0,0.0,0.0,0.0
2,4,0.0,0.0,0.0,0.0,1.0,0.0,0.0,0.0,0.0,0.0
2,4,0.0,0.0,0.0,0.0,1.0,0.0,0.0,0.0,0.0,0.0
2,4,0.0,0.0,0.0,0.0,1.0,0.0,0.0,0.0,0.0,0.0
2,4,0.0,0.0,0.0,0.0,1.0,0.0,0.0,0.0,0.0,0.0
2,4,0.0,0.0,0.0,0.0,1.0,0.0,0.0,0.0,0.0,0.0
2,4,0.0,0.0,0.0,0.0,1.0,0.0,0.0,0.0,0.0,0.0
2,4,0.0,0.0,0.0,0.0,1.0,0.0,0.0,0.0,0.0,0.0
2,4,0.0,0.0,0.0,0.0,1.0,0.0,0.0,0.0,0.0,0.0
2,4,0.0,0.0,0.0,0.0,1.0,0.0,0.0,0.0,0.0,0.0
2,4,0.0,0.0,0.0,0.0,1.0,0.0,0.0,0.0,0.0,0.0
2,4,0.0,0.0,0.0,0.0,1.0,0.0,0.0,0.0,0.0,0.0
2,4,0.0,0.0,0.0,0.0,1.0,0.0,0.0,0.0,0.0,0.0
2,4,0.0,0.0,0.0,0.0,1.0,0.0,0.0,0.0,0.0,0.0
2,4,0.0,0.0,0.0,0.0,1.0,0.0,0.0,0.0,0.0,0.0
2,4,0.0,0.0,0.0,0.0,1.0,0.0,0.0,0.0,0.0,0.0
2,4,0.0,0.0,0.0,0.0,1.0,0.0,0.0,0.0,0.0,0.0
2,4,0.0,0.0,0.0,0.0,1.0,0.0,0.0,0.0,0.0,0.0
2,4,0.0,0.0,0.0,0.0,1.0,0.0,0.0,0.0,0.0,0.0
2,4,0.0,0.0,0.0,0.0,1.0,0.0,0.0,0.0,0.0,0.0
2,4,0.0,0.0,0.0,0.0,1.0,0.0,0.0,0.0,0.0,0.0
2,4,0.0,0.0,0.0,0.0,1.0,0.0,0.0,0.0,0.0,0.0
2,4,0.0,0.0,0.0,0.0,1.0,0.0,0.0,0.0,0.0,0.0
2,4,0.0,0.0,0.0,0.0,1.0,0.0,0.0,0.0,0.0,0.0
2,4,0.0,0.0,0.0,0.0,1.0,0.0,0.0,0.0,0.0,0.0
2,4,0.0,0.0,0.0,0.0,1.0,0.0,0.0,0.0,0.0,0.0
2,4,0.0,0.0,0.0,0.0,1.0,0.0,0.0,0.0,0.0,0.0
2,4,0.0,0.0,0.0,0.0,1.0,0.0,0.0,0.0,0.0,0.0
2,4,0.0,0.0,0.0,0.0,1.0,0.0,0.0,0.0,0.0,0.0
2,4,0.0,0.0,0.0,0.0,1.0,0.0,0.0,0.0,0.0,0.0
2,4,0.0,0.0,0.0,0.0,1.0,0.0,0.0,0.0,0.0,0.0
2,4,0.0,0.0,0.0,0.0,1.0,0.0,0.0,0.0,0.0,0.0
2,4,0.0,0.0,0.0,0.0,1.0,0.0,0.0,0.0,0.0,0.0
2,4,0.0,0.0,0.0,0.0,1.0,0.0,0.0,0.0,0.0,0.0
2,4,0.0,0.0,0.0,0.0,1.0,0.0,0.0,0.0,0.0,0.0
2,4,0.0,0.0,0.0,0.0,1.0,0.0,0.0,0.0,0.0,0.0
2,4,0.0,0.0,0.0,0.0,1.0,0.0,0.0,0.0,0.0,0.0
2,4,0.0,0.0,0.0,0.0,1.0,0.0,0.0,0.0,0.0,0.0
2,4,0.0,0.0,0.0,0.0,1.0,0.0,0.0,0.0,0.0,0.0
2,4,0.0,0.0,0.0,0.0,1.0,0.0,0.0,0.0,0.0,0.0
2,4,0.0,0.0,0.0,0.0,1.0,0.0,0.0,0.0,0.0,0.0
2,4,0.0,0.0,0.0,0.0,1.0,0.0,0.0,0.0,0.0,0.0
2,4,0.0,0.0,0.0,0.0,1.0,0.0,0.0,0.0,0.0,0.0
2,4,0.0,0.0,0.0,0.0,1.0,0.0,0.0,0.0,0.0,0.0
2,4,0.0,0.0,0.0,0.0,1.0,0.0,0.0,0.0,0.0,0.0
2,4,0.0,0.0,0.0,0.0,1.0,0.0,0.0,0.0,0.0,0.0
2,4,0.0,0.0,0.0,0.0,1.0,0.0,0.0,0.0,0.0,0.0
2,4,0.0,0.0,0.0,0.0,1.0,0.0,0.0,0.0,0.0,0.0
2,4,0.0,0.0,0.0,0.0,1.0,0.0,0.0,0.0,0.0,0.0
2,4,0.0,0.0,0.0,0.0,1.0,0.0,0.0,0.0,0.0,0.0
2,4,0.0,0.0,0.0,0.0,1.0,0.0,0.0,0.0,0.0,0.0
2,4,0.0,0.0,0.0,0.0,1.0,0.0,0.0,0.0,0.0,0.0
2,4,0.0,0.0,0.0,0.0,1.0,0.0,0.0,0.0,0.0,0.0
2,4,0.0,0.0,0.0,0.0,1.0,0.0,0.0,0.0,0.0,0.0
2,4,0.0,0.0,0.0,0.0,1.0,0.0,0.0,0.0,0.0,0.0
2,4,0.0,0.0,0.0,0.0,1.0,0.0,0.0,0.0,0.0,0.0
2,4,0.0,0.0,0.0,0.0,1.0,0.0,0.0,0.0,0.0,0.0
2,4,0.0,0.0,0.0,0.0,1.0,0.0,0.0,0.0,0.0,0.0
2,4,0.0,0.0,0.0,0.0,1.0,0.0,0.0,0.0,0.0,0.0
2,4,0.0,0.0,0.0,0.0,1.0,0.0,0.0,0.0,0.0,0.0
2,4,0.0,0.0,0.0,0.0,1.0,0.0,0.0,0.0,0.0,0.0
2,4,0.0,0.0,0.0,0.0,1.0,0.0,0.0,0.0,0.0,0.0
2,4,0.0,0.0,0.0,0.0,1.0,0.0,0.0,0.0,0.0,0.0
2,4,0.0,0.0,0.0,0.0,1.0,0.0,0.0,0.0,0.0,0.0
2,4,0.0,0.0,0.0,0.0,1.0,0.0,0.0,0.0,0.0,0.0
2,4,0.0,0.0,0.0,0.0,1.0,0.0,0.0,0.0,0.0,0.0
2,4,0.0,0.0,0.0,0.0,1.0,0.0,0.0,0.0,0.0,0.0
2,4,0.0,0.0,0.0,0.0,1.0,0.0,0.0,0.0,0.0,0.0
2,4,0.0,0.0,0.0,0.0,1.0,0.0,0.0,0.0,0.0,0.0
2,4,0.0,0.0,0.0,0.0,1.0,0.0,0.0,0.0,0.0,0.0
2,4,0.0,0.0,0.0,0.0,1.0,0.0,0.0,0.0,0.0,0.0
2,4,0.0,0.0,0.0,0.0,1.0,0.0,0.0,0.0,0.0,0.0
2,4,0.0,0.0,0.0,0.0,1.0,0.0,0.0,0.0,0.0,0.0
2,4,0.0,0.0,0.0,0.0,1.0,0.0,0.0,0.0,0.0,0.0
2,4,0.0,0.0,0.0,0.0,1.0,0.0,0.0,0.0,0.0,0.0
2,4,0.0,0.0,0.0,0.0,1.0,0.0,0.0,0.0,0.0,0.0
2,4,0.0,0.0,0.0,0.0,1.0,0.0,0.0,0.0,0.0,0.0
2,4,0.0,0.0,0.0,0.0,1.0,0.0,0.0,0.0,0.0,0.0
2,4,0.0,0.0,0.0,0.0,1.0,0.0,0.0,0.0,0.0,0.0
2,4,0.0,0.0,0.0,0.0,1.0,0.0,0.0,0.0,0.0,0.0
2,4,0.0,0.0,0.0,0.0,1.0,0.0,0.0,0.0,0.0,0.0
2,4,0.0,0.0,0.0,0.0,1.0,0.0,0.0,0.0,0.0,0.0
2,4,0.0,0.0,0.0,0.0,1.0,0.0,0.0,0.0,0.0,0.0
2,4,0.0,0.0,0.0,0.0,1.0,0.0,0.0,0.0,0.0,0.0
2,4,0.0,0.0,0.0,0.0,1.0,0.0,0.0,0.0,0.0,0.0
2,4,0.0,0.0,0.0,0.0,1.0,0.0,0.0,0.0,0.0,0.0
2,4,0.0,0.0,0.0,0.0,1.0,0.0,0.0,0.0,0.0,0.0
2,4,0.0,0.0,0.0,0.0,1.0,0.0,0.0,0.0,0.0,0.0
2,4,0.0,0.0,0.0,0.0,1.0,0.0,0.0,0.0,0.0,0.0
2,4,0.0,0.0,0.0,0.0,1.0,0.0,0.0,0.0,0.0,0.0
2,4,0.0,0.0,0.0,0.0,1.0,0.0,0.0,0.0,0.0,0.0
2,4,0.0,0.0,0.0,0.0,1.0,0.0,0.0,0.0,0.0,0.0
2,4,0.0,0.0,0.0,0.0,1.0,0.0,0.0,0.0,0.0,0.0
2,4,0.0,0.0,0.0,0.0,1.0,0.0,0.0,0.0,0.0,0.0
2,4,0.0,0.0,0.0,0.0,1.0,0.0,0.0,0.0,0.0,0.0
2,4,0.0,0.0,0.0,0.0,1.0,0.0,0.0,0.0,0.0,0.0
2,4,0.0,0.0,0.0,0.0,1.0,0.0,0.0,0.0,0.0,0.0
2,4,0.0,0.0,0.0,0.0,1.0,0.0,0.0,0.0,0.0,0.0
2,4,0.0,0.0,0.0,0.0,1.0,0.0,0.0,0.0,0.0,0.0
2,4,0.0,0.0,0.0,0.0,1.0,0.0,0.0,0.0,0.0,0.0
2,4,0.0,0.0,0.0,0.0,1.0,0.0,0.0,0.0,0.0,0.0
2,4,0.0,0.0,0.0,0.0,1.0,0.0,0.0,0.0,0.0,0.0
2,4,0.0,0.0,0.0,0.0,1.0,0.0,0.0,0.0,0.0,0.0
2,4,0.0,0.0,0.0,0.0,1.0,0.0,0.0,0.0,0.0,0.0
2,4,0.0,0.0,0.0,0.0,1.0,0.0,0.0,0.0,0.0,0.0
2,4,0.0,0.0,0.0,0.0,1.0,0.0,0.0,0.0,0.0,0.0
2,4,0.0,0.0,0.0,0.0,1.0,0.0,0.0,0.0,0.0,0.0
2,4,0.0,0.0,0.0,0.0,1.0,0.0,0.0,0.0,0.0,0.0
2,4,0.0,0.0,0.0,0.0,1.0,0.0,0.0,0.0,0.0,0.0
2,4,0.0,0.0,0.0,0.0,1.0,0.0,0.0,0.0,0.0,0.0
2,4,0.0,0.0,0.0,0.0,1.0,0.0,0.0,0.0,0.0,0.0
2,4,0.0,0.0,0.0,0.0,1.0,0.0,0.0,0.0,0.0,0.0
2,4,0.0,0.0,0.0,0.0,1.0,0.0,0.0,0.0,0.0,0.0
2,4,0.0,0.0,0.0,0.0,1.0,0.0,0.0,0.0,0.0,0.0
2,4,0.0,0.0,0.0,0.0,1.0,0.0,0.0,0.0,0.0,0.0
2,4,0.0,0.0,0.0,0.0,1.0,0.0,0.0,0.0,0.0,0.0
2,4,0.0,0.0,0.0,0.0,1.0,0.0,0.0,0.0,0.0,0.0
2,4,0.0,0.0,0.0,0.0,1.0,0.0,0.0,0.0,0.0,0.0
2,4,0.0,0.0,0.0,0.0,1.0,0.0,0.0,0.0,0.0,0.0
2,4,0.0,0.0,0.0,0.0,1.0,0.0,0.0,0.0,0.0,0.0
2,4,0.0,0.0,0.0,0.0,1.0,0.0,0.0,0.0,0.0,0.0
2,4,0.0,0.0,0.0,0.0,1.0,0.0,0.0,0.0,0.0,0.0
2,4,0.0,0.0,0.0,0.0,1.0,0.0,0.0,0.0,0.0,0.0
2,4,0.0,0.0,0.0,0.0,1.0,0.0,0.0,0.0,0.0,0.0
2,4,0.0,0.0,0.0,0.0,1.0,0.0,0.0,0.0,0.0,0.0
2,4,0.0,0.0,0.0,0.0,1.0,0.0,0.0,0.0,0.0,0.0
2,4,0.0,0.0,0.0,0.0,1.0,0.0,0.0,0.0,0.0,0.0
2,4,0.0,0.0,0.0,0.0,1.0,0.0,0.0,0.0,0.0,0.0
2,4,0.0,0.0,0.0,0.0,1.0,0.0,0.0,0.0,0.0,0.0
2,4,0.0,0.0,0.0,0.0,1.0,0.0,0.0,0.0,0.0,0.0
2,4,0.0,0.0,0.0,0.0,1.0,0.0,0.0,0.0,0.0,0.0
2,4,0.0,0.0,0.0,0.0,1.0,0.0,0.0,0.0,0.0,0.0
2,4,0.0,0.0,0.0,0.0,1.0,0.0,0.0,0.0,0.0,0.0
2,4,0.0,0.0,0.0,0.0,1.0,0.0,0.0,0.0,0.0,0.0
2,4,0.0,0.0,0.0,0.0,1.0,0.0,0.0,0.0,0.0,0.0
2,4,0.0,0.0,0.0,0.0,1.0,0.0,0.0,0.0,0.0,0.0
2,4,0.0,0.0,0.0,0.0,1.0,0.0,0.0,0.0,0.0,0.0
2,4,0.0,0.0,0.0,0.0,1.0,0.0,0.0,0.0,0.0,0.0
2,4,0.0,0.0,0.0,0.0,1.0,0.0,0.0,0.0,0.0,0.0
2,4,0.0,0.0,0.0,0.0,1.0,0.0,0.0,0.0,0.0,0.0
2,4,0.0,0.0,0.0,0.0,1.0,0.0,0.0,0.0,0.0,0.0
2,4,0.0,0.0,0.0,0.0,1.0,0.0,0.0,0.0,0.0,0.0
2,4,0.0,0.0,0.0,0.0,1.0,0.0,0.0,0.0,0.0,0.0
2,4,0.0,0.0,0.0,0.0,1.0,0.0,0.0,0.0,0.0,0.0
2,4,0.0,0.0,0.0,0.0,1.0,0.0,0.0,0.0,0.0,0.0
2,4,0.0,0.0,0.0,0.0,1.0,0.0,0.0,0.0,0.0,0.0
2,4,0.0,0.0,0.0,0.0,1.0,0.0,0.0,0.0,0.0,0.0
2,4,0.0,0.0,0.0,0.0,1.0,0.0,0.0,0.0,0.0,0.0
2,4,0.0,0.0,0.0,0.0,1.0,0.0,0.0,0.0,0.0,0.0
2,4,0.0,0.0,0.0,0.0,1.0,0.0,0.0,0.0,0.0,0.0
2,4,0.0,0.0,0.0,0.0,1.0,0.0,0.0,0.0,0.0,0.0
2,4,0.0,0.0,0.0,0.0,1.0,0.0,0.0,0.0,0.0,0.0
2,4,0.0,0.0,0.0,0.0,1.0,0.0,0.0,0.0,0.0,0.0
2,4,0.0,0.0,0.0,0.0,1.0,0.0,0.0,0.0,0.0,0.0
2,4,0.0,0.0,0.0,0.0,1.0,0.0,0.0,0.0,0.0,0.0
2,4,0.0,0.0,0.0,0.0,1.0,0.0,0.0,0.0,0.0,0.0
2,4,0.0,0.0,0.0,0.0,1.0,0.0,0.0,0.0,0.0,0.0
2,4,0.0,0.0,0.0,0.0,1.0,0.0,0.0,0.0,0.0,0.0
2,4,0.0,0.0,0.0,0.0,1.0,0.0,0.0,0.0,0.0,0.0
2,4,0.0,0.0,0.0,0.0,1.0,0.0,0.0,0.0,0.0,0.0
2,4,0.0,0.0,0.0,0.0,1.0,0.0,0.0,0.0,0.0,0.0
2,4,0.0,0.0,0.0,0.0,1.0,0.0,0.0,0.0,0.0,0.0
2,4,0.0,0.0,0.0,0.0,1.0,0.0,0.0,0.0,0.0,0.0
2,4,0.0,0.0,0.0,0.0,1.0,0.0,0.0,0.0,0.0,0.0
2,4,0.0,0.0,0.0,0.0,1.0,0.0,0.0,0.0,0.0,0.0
2,4,0.0,0.0,0.0,0.0,1.0,0.0,0.0,0.0,0.0,0.0
2,4,0.0,0.0,0.0,0.0,1.0,0.0,0.0,0.0,0.0,0.0
2,4,0.0,0.0,0.0,0.0,1.0,0.0,0.0,0.0,0.0,0.0
2,4,0.0,0.0,0.0,0.0,1.0,0.0,0.0,0.0,0.0,0.0
2,4,0.0,0.0,0.0,0.0,1.0,0.0,0.0,0.0,0.0,0.0
2,4,0.0,0.0,0.0,0.0,1.0,0.0,0.0,0.0,0.0,0.0
2,4,0.0,0.0,0.0,0.0,1.0,0.0,0.0,0.0,0.0,0.0
2,4,0.0,0.0,0.0,0.0,1.0,0.0,0.0,0.0,0.0,0.0
2,4,0.0,0.0,0.0,0.0,1.0,0.0,0.0,0.0,0.0,0.0
2,4,0.0,0.0,0.0,0.0,1.0,0.0,0.0,0.0,0.0,0.0
2,4,0.0,0.0,0.0,0.0,1.0,0.0,0.0,0.0,0.0,0.0
2,4,0.0,0.0,0.0,0.0,1.0,0.0,0.0,0.0,0.0,0.0
2,4,0.0,0.0,0.0,0.0,1.0,0.0,0.0,0.0,0.0,0.0
2,4,0.0,0.0,0.0,0.0,1.0,0.0,0.0,0.0,0.0,0.0
2,4,0.0,0.0,0.0,0.0,1.0,0.0,0.0,0.0,0.0,0.0
2,4,0.0,0.0,0.0,0.0,1.0,0.0,0.0,0.0,0.0,0.0
2,4,0.0,0.0,0.0,0.0,1.0,0.0,0.0,0.0,0.0,0.0
2,4,0.0,0.0,0.0,0.0,1.0,0.0,0.0,0.0,0.0,0.0
2,4,0.0,0.0,0.0,0.0,1.0,0.0,0.0,0.0,0.0,0.0
2,4,0.0,0.0,0.0,0.0,1.0,0.0,0.0,0.0,0.0,0.0
2,4,0.0,0.0,0.0,0.0,1.0,0.0,0.0,0.0,0.0,0.0
2,4,0.0,0.0,0.0,0.0,1.0,0.0,0.0,0.0,0.0,0.0
2,4,0.0,0.0,0.0,0.0,1.0,0.0,0.0,0.0,0.0,0.0
2,4,0.0,0.0,0.0,0.0,1.0,0.0,0.0,0.0,0.0,0.0
2,4,0.0,0.0,0.0,0.0,1.0,0.0,0.0,0.0,0.0,0.0
2,4,0.0,0.0,0.0,0.0,1.0,0.0,0.0,0.0,0.0,0.0
2,4,0.0,0.0,0.0,0.0,1.0,0.0,0.0,0.0,0.0,0.0
2,4,0.0,0.0,0.0,0.0,1.0,0.0,0.0,0.0,0.0,0.0
2,4,0.0,0.0,0.0,0.0,1.0,0.0,0.0,0.0,0.0,0.0
2,4,0.0,0.0,0.0,0.0,1.0,0.0,0.0,0.0,0.0,0.0
2,4,0.0,0.0,0.0,0.0,1.0,0.0,0.0,0.0,0.0,0.0
2,4,0.0,0.0,0.0,0.0,1.0,0.0,0.0,0.0,0.0,0.0
2,4,0.0,0.0,0.0,0.0,1.0,0.0,0.0,0.0,0.0,0.0
2,4,0.0,0.0,0.0,0.0,1.0,0.0,0.0,0.0,0.0,0.0
2,4,0.0,0.0,0.0,0.0,1.0,0.0,0.0,0.0,0.0,0.0
2,4,0.0,0.0,0.0,0.0,1.0,0.0,0.0,0.0,0.0,0.0
2,4,0.0,0.0,0.0,0.0,1.0,0.0,0.0,0.0,0.0,0.0
2,4,0.0,0.0,0.0,0.0,1.0,0.0,0.0,0.0,0.0,0.0
2,4,0.0,0.0,0.0,0.0,1.0,0.0,0.0,0.0,0.0,0.0
2,4,0.0,0.0,0.0,0.0,1.0,0.0,0.0,0.0,0.0,0.0
2,4,0.0,0.0,0.0,0.0,1.0,0.0,0.0,0.0,0.0,0.0
2,4,0.0,0.0,0.0,0.0,1.0,0.0,0.0,0.0,0.0,0.0
2,4,0.0,0.0,0.0,0.0,1.0,0.0,0.0,0.0,0.0,0.0
2,4,0.0,0.0,0.0,0.0,1.0,0.0,0.0,0.0,0.0,0.0
2,4,0.0,0.0,0.0,0.0,1.0,0.0,0.0,0.0,0.0,0.0
2,4,0.0,0.0,0.0,0.0,1.0,0.0,0.0,0.0,0.0,0.0
2,4,0.0,0.0,0.0,0.0,1.0,0.0,0.0,0.0,0.0,0.0
2,4,0.0,0.0,0.0,0.0,1.0,0.0,0.0,0.0,0.0,0.0
2,4,0.0,0.0,0.0,0.0,1.0,0.0,0.0,0.0,0.0,0.0
2,4,0.0,0.0,0.0,0.0,1.0,0.0,0.0,0.0,0.0,0.0
2,4,0.0,0.0,0.0,0.0,1.0,0.0,0.0,0.0,0.0,0.0
2,4,0.0,0.0,0.0,0.0,1.0,0.0,0.0,0.0,0.0,0.0
2,4,0.0,0.0,0.0,0.0,1.0,0.0,0.0,0.0,0.0,0.0
2,4,0.0,0.0,0.0,0.0,1.0,0.0,0.0,0.0,0.0,0.0
2,4,0.0,0.0,0.0,0.0,1.0,0.0,0.0,0.0,0.0,0.0
2,4,0.0,0.0,0.0,0.0,1.0,0.0,0.0,0.0,0.0,0.0
2,4,0.0,0.0,0.0,0.0,1.0,0.0,0.0,0.0,0.0,0.0
2,4,0.0,0.0,0.0,0.0,1.0,0.0,0.0,0.0,0.0,0.0
2,4,0.0,0.0,0.0,0.0,1.0,0.0,0.0,0.0,0.0,0.0
2,4,0.0,0.0,0.0,0.0,1.0,0.0,0.0,0.0,0.0,0.0
2,4,0.0,0.0,0.0,0.0,1.0,0.0,0.0,0.0,0.0,0.0
2,4,0.0,0.0,0.0,0.0,1.0,0.0,0.0,0.0,0.0,0.0
2,4,0.0,0.0,0.0,0.0,1.0,0.0,0.0,0.0,0.0,0.0
2,4,0.0,0.0,0.0,0.0,1.0,0.0,0.0,0.0,0.0,0.0
2,4,0.0,0.0,0.0,0.0,1.0,0.0,0.0,0.0,0.0,0.0
2,4,0.0,0.0,0.0,0.0,1.0,0.0,0.0,0.0,0.0,0.0
2,4,0.0,0.0,0.0,0.0,1.0,0.0,0.0,0.0,0.0,0.0
2,4,0.0,0.0,0.0,0.0,1.0,0.0,0.0,0.0,0.0,0.0
2,4,0.0,0.0,0.0,0.0,1.0,0.0,0.0,0.0,0.0,0.0
2,4,0.0,0.0,0.0,0.0,1.0,0.0,0.0,0.0,0.0,0.0
2,4,0.0,0.0,0.0,0.0,1.0,0.0,0.0,0.0,0.0,0.0
2,4,0.0,0.0,0.0,0.0,1.0,0.0,0.0,0.0,0.0,0.0
2,4,0.0,0.0,0.0,0.0,1.0,0.0,0.0,0.0,0.0,0.0
2,4,0.0,0.0,0.0,0.0,1.0,0.0,0.0,0.0,0.0,0.0
2,4,0.0,0.0,0.0,0.0,1.0,0.0,0.0,0.0,0.0,0.0
2,4,0.0,0.0,0.0,0.0,1.0,0.0,0.0,0.0,0.0,0.0
2,4,0.0,0.0,0.0,0.0,1.0,0.0,0.0,0.0,0.0,0.0
2,4,0.0,0.0,0.0,0.0,1.0,0.0,0.0,0.0,0.0,0.0
2,4,0.0,0.0,0.0,0.0,1.0,0.0,0.0,0.0,0.0,0.0
2,4,0.0,0.0,0.0,0.0,1.0,0.0,0.0,0.0,0.0,0.0
2,4,0.0,0.0,0.0,0.0,1.0,0.0,0.0,0.0,0.0,0.0
2,4,0.0,0.0,0.0,0.0,1.0,0.0,0.0,0.0,0.0,0.0
2,4,0.0,0.0,0.0,0.0,1.0,0.0,0.0,0.0,0.0,0.0
2,4,0.0,0.0,0.0,0.0,1.0,0.0,0.0,0.0,0.0,0.0
2,4,0.0,0.0,0.0,0.0,1.0,0.0,0.0,0.0,0.0,0.0
2,4,0.0,0.0,0.0,0.0,1.0,0.0,0.0,0.0,0.0,0.0
2,4,0.0,0.0,0.0,0.0,1.0,0.0,0.0,0.0,0.0,0.0
2,4,0.0,0.0,0.0,0.0,1.0,0.0,0.0,0.0,0.0,0.0
2,4,0.0,0.0,0.0,0.0,1.0,0.0,0.0,0.0,0.0,0.0
2,4,0.0,0.0,0.0,0.0,1.0,0.0,0.0,0.0,0.0,0.0
2,4,0.0,0.0,0.0,0.0,1.0,0.0,0.0,0.0,0.0,0.0
2,4,0.0,0.0,0.0,0.0,1.0,0.0,0.0,0.0,0.0,0.0
2,4,0.0,0.0,0.0,0.0,1.0,0.0,0.0,0.0,0.0,0.0
2,4,0.0,0.0,0.0,0.0,1.0,0.0,0.0,0.0,0.0,0.0
2,4,0.0,0.0,0.0,0.0,1.0,0.0,0.0,0.0,0.0,0.0
2,4,0.0,0.0,0.0,0.0,1.0,0.0,0.0,0.0,0.0,0.0
2,4,0.0,0.0,0.0,0.0,1.0,0.0,0.0,0.0,0.0,0.0
2,4,0.0,0.0,0.0,0.0,1.0,0.0,0.0,0.0,0.0,0.0
2,4,0.0,0.0,0.0,0.0,1.0,0.0,0.0,0.0,0.0,0.0
2,4,0.0,0.0,0.0,0.0,1.0,0.0,0.0,0.0,0.0,0.0
2,4,0.0,0.0,0.0,0.0,1.0,0.0,0.0,0.0,0.0,0.0
2,4,0.0,0.0,0.0,0.0,1.0,0.0,0.0,0.0,0.0,0.0
2,4,0.0,0.0,0.0,0.0,1.0,0.0,0.0,0.0,0.0,0.0
2,4,0.0,0.0,0.0,0.0,1.0,0.0,0.0,0.0,0.0,0.0
2,4,0.0,0.0,0.0,0.0,1.0,0.0,0.0,0.0,0.0,0.0
2,4,0.0,0.0,0.0,0.0,1.0,0.0,0.0,0.0,0.0,0.0
2,4,0.0,0.0,0.0,0.0,1.0,0.0,0.0,0.0,0.0,0.0
2,4,0.0,0.0,0.0,0.0,1.0,0.0,0.0,0.0,0.0,0.0
2,4,0.0,0.0,0.0,0.0,1.0,0.0,0.0,0.0,0.0,0.0
2,4,0.0,0.0,0.0,0.0,1.0,0.0,0.0,0.0,0.0,0.0
2,4,0.0,0.0,0.0,0.0,1.0,0.0,0.0,0.0,0.0,0.0
2,4,0.0,0.0,0.0,0.0,1.0,0.0,0.0,0.0,0.0,0.0
2,4,0.0,0.0,0.0,0.0,1.0,0.0,0.0,0.0,0.0,0.0
2,4,0.0,0.0,0.0,0.0,1.0,0.0,0.0,0.0,0.0,0.0
2,4,0.0,0.0,0.0,0.0,1.0,0.0,0.0,0.0,0.0,0.0
2,4,0.0,0.0,0.0,0.0,1.0,0.0,0.0,0.0,0.0,0.0
2,4,0.0,0.0,0.0,0.0,1.0,0.0,0.0,0.0,0.0,0.0
2,4,0.0,0.0,0.0,0.0,1.0,0.0,0.0,0.0,0.0,0.0
2,4,0.0,0.0,0.0,0.0,1.0,0.0,0.0,0.0,0.0,0.0
2,4,0.0,0.0,0.0,0.0,1.0,0.0,0.0,0.0,0.0,0.0
2,4,0.0,0.0,0.0,0.0,1.0,0.0,0.0,0.0,0.0,0.0
2,4,0.0,0.0,0.0,0.0,1.0,0.0,0.0,0.0,0.0,0.0
2,4,0.0,0.0,0.0,0.0,1.0,0.0,0.0,0.0,0.0,0.0
2,4,0.0,0.0,0.0,0.0,1.0,0.0,0.0,0.0,0.0,0.0
2,4,0.0,0.0,0.0,0.0,1.0,0.0,0.0,0.0,0.0,0.0
2,4,0.0,0.0,0.0,0.0,1.0,0.0,0.0,0.0,0.0,0.0
2,4,0.0,0.0,0.0,0.0,1.0,0.0,0.0,0.0,0.0,0.0
2,4,0.0,0.0,0.0,0.0,1.0,0.0,0.0,0.0,0.0,0.0
2,4,0.0,0.0,0.0,0.0,1.0,0.0,0.0,0.0,0.0,0.0
2,4,0.0,0.0,0.0,0.0,1.0,0.0,0.0,0.0,0.0,0.0
2,4,0.0,0.0,0.0,0.0,1.0,0.0,0.0,0.0,0.0,0.0
2,4,0.0,0.0,0.0,0.0,1.0,0.0,0.0,0.0,0.0,0.0
2,4,0.0,0.0,0.0,0.0,1.0,0.0,0.0,0.0,0.0,0.0
2,4,0.0,0.0,0.0,0.0,1.0,0.0,0.0,0.0,0.0,0.0
2,4,0.0,0.0,0.0,0.0,1.0,0.0,0.0,0.0,0.0,0.0
2,4,0.0,0.0,0.0,0.0,1.0,0.0,0.0,0.0,0.0,0.0
2,4,0.0,0.0,0.0,0.0,1.0,0.0,0.0,0.0,0.0,0.0
2,4,0.0,0.0,0.0,0.0,1.0,0.0,0.0,0.0,0.0,0.0
2,4,0.0,0.0,0.0,0.0,1.0,0.0,0.0,0.0,0.0,0.0
2,4,0.0,0.0,0.0,0.0,1.0,0.0,0.0,0.0,0.0,0.0
2,4,0.0,0.0,0.0,0.0,1.0,0.0,0.0,0.0,0.0,0.0
2,4,0.0,0.0,0.0,0.0,1.0,0.0,0.0,0.0,0.0,0.0
2,4,0.0,0.0,0.0,0.0,1.0,0.0,0.0,0.0,0.0,0.0
2,4,0.0,0.0,0.0,0.0,1.0,0.0,0.0,0.0,0.0,0.0
2,4,0.0,0.0,0.0,0.0,1.0,0.0,0.0,0.0,0.0,0.0
2,4,0.0,0.0,0.0,0.0,1.0,0.0,0.0,0.0,0.0,0.0
2,4,0.0,0.0,0.0,0.0,1.0,0.0,0.0,0.0,0.0,0.0
2,4,0.0,0.0,0.0,0.0,1.0,0.0,0.0,0.0,0.0,0.0
2,4,0.0,0.0,0.0,0.0,1.0,0.0,0.0,0.0,0.0,0.0
2,4,0.0,0.0,0.0,0.0,1.0,0.0,0.0,0.0,0.0,0.0
2,4,0.0,0.0,0.0,0.0,1.0,0.0,0.0,0.0,0.0,0.0
2,4,0.0,0.0,0.0,0.0,1.0,0.0,0.0,0.0,0.0,0.0
2,4,0.0,0.0,0.0,0.0,1.0,0.0,0.0,0.0,0.0,0.0
2,4,0.0,0.0,0.0,0.0,1.0,0.0,0.0,0.0,0.0,0.0
2,4,0.0,0.0,0.0,0.0,1.0,0.0,0.0,0.0,0.0,0.0
2,4,0.0,0.0,0.0,0.0,1.0,0.0,0.0,0.0,0.0,0.0
2,4,0.0,0.0,0.0,0.0,1.0,0.0,0.0,0.0,0.0,0.0
2,4,0.0,0.0,0.0,0.0,1.0,0.0,0.0,0.0,0.0,0.0
2,4,0.0,0.0,0.0,0.0,1.0,0.0,0.0,0.0,0.0,0.0
2,4,0.0,0.0,0.0,0.0,1.0,0.0,0.0,0.0,0.0,0.0
2,4,0.0,0.0,0.0,0.0,1.0,0.0,0.0,0.0,0.0,0.0
2,4,0.0,0.0,0.0,0.0,1.0,0.0,0.0,0.0,0.0,0.0
2,4,0.0,0.0,0.0,0.0,1.0,0.0,0.0,0.0,0.0,0.0
2,4,0.0,0.0,0.0,0.0,1.0,0.0,0.0,0.0,0.0,0.0
2,4,0.0,0.0,0.0,0.0,1.0,0.0,0.0,0.0,0.0,0.0
2,4,0.0,0.0,0.0,0.0,1.0,0.0,0.0,0.0,0.0,0.0
2,4,0.0,0.0,0.0,0.0,1.0,0.0,0.0,0.0,0.0,0.0
2,4,0.0,0.0,0.0,0.0,1.0,0.0,0.0,0.0,0.0,0.0
2,4,0.0,0.0,0.0,0.0,1.0,0.0,0.0,0.0,0.0,0.0
2,4,0.0,0.0,0.0,0.0,1.0,0.0,0.0,0.0,0.0,0.0
2,4,0.0,0.0,0.0,0.0,1.0,0.0,0.0,0.0,0.0,0.0
2,4,0.0,0.0,0.0,0.0,1.0,0.0,0.0,0.0,0.0,0.0
2,4,0.0,0.0,0.0,0.0,1.0,0.0,0.0,0.0,0.0,0.0
2,4,0.0,0.0,0.0,0.0,1.0,0.0,0.0,0.0,0.0,0.0
2,4,0.0,0.0,0.0,0.0,1.0,0.0,0.0,0.0,0.0,0.0
2,4,0.0,0.0,0.0,0.0,1.0,0.0,0.0,0.0,0.0,0.0
2,4,0.0,0.0,0.0,0.0,1.0,0.0,0.0,0.0,0.0,0.0
2,4,0.0,0.0,0.0,0.0,1.0,0.0,0.0,0.0,0.0,0.0
2,4,0.0,0.0,0.0,0.0,1.0,0.0,0.0,0.0,0.0,0.0
2,4,0.0,0.0,0.0,0.0,1.0,0.0,0.0,0.0,0.0,0.0
2,4,0.0,0.0,0.0,0.0,1.0,0.0,0.0,0.0,0.0,0.0
2,4,0.0,0.0,0.0,0.0,1.0,0.0,0.0,0.0,0.0,0.0
2,4,0.0,0.0,0.0,0.0,1.0,0.0,0.0,0.0,0.0,0.0
2,4,0.0,0.0,0.0,0.0,1.0,0.0,0.0,0.0,0.0,0.0
2,4,0.0,0.0,0.0,0.0,1.0,0.0,0.0,0.0,0.0,0.0
2,4,0.0,0.0,0.0,0.0,1.0,0.0,0.0,0.0,0.0,0.0
2,4,0.0,0.0,0.0,0.0,1.0,0.0,0.0,0.0,0.0,0.0
2,4,0.0,0.0,0.0,0.0,1.0,0.0,0.0,0.0,0.0,0.0
2,4,0.0,0.0,0.0,0.0,1.0,0.0,0.0,0.0,0.0,0.0
2,4,0.0,0.0,0.0,0.0,1.0,0.0,0.0,0.0,0.0,0.0
2,4,0.0,0.0,0.0,0.0,1.0,0.0,0.0,0.0,0.0,0.0
2,4,0.0,0.0,0.0,0.0,1.0,0.0,0.0,0.0,0.0,0.0
2,4,0.0,0.0,0.0,0.0,1.0,0.0,0.0,0.0,0.0,0.0
2,4,0.0,0.0,0.0,0.0,1.0,0.0,0.0,0.0,0.0,0.0
2,4,0.0,0.0,0.0,0.0,1.0,0.0,0.0,0.0,0.0,0.0
2,4,0.0,0.0,0.0,0.0,1.0,0.0,0.0,0.0,0.0,0.0
2,4,0.0,0.0,0.0,0.0,1.0,0.0,0.0,0.0,0.0,0.0
2,4,0.0,0.0,0.0,0.0,1.0,0.0,0.0,0.0,0.0,0.0
2,4,0.0,0.0,0.0,0.0,1.0,0.0,0.0,0.0,0.0,0.0
2,4,0.0,0.0,0.0,0.0,1.0,0.0,0.0,0.0,0.0,0.0
2,4,0.0,0.0,0.0,0.0,1.0,0.0,0.0,0.0,0.0,0.0
2,4,0.0,0.0,0.0,0.0,1.0,0.0,0.0,0.0,0.0,0.0
2,4,0.0,0.0,0.0,0.0,1.0,0.0,0.0,0.0,0.0,0.0
2,4,0.0,0.0,0.0,0.0,1.0,0.0,0.0,0.0,0.0,0.0
2,4,0.0,0.0,0.0,0.0,1.0,0.0,0.0,0.0,0.0,0.0
2,4,0.0,0.0,0.0,0.0,1.0,0.0,0.0,0.0,0.0,0.0
2,4,0.0,0.0,0.0,0.0,1.0,0.0,0.0,0.0,0.0,0.0
2,4,0.0,0.0,0.0,0.0,1.0,0.0,0.0,0.0,0.0,0.0
2,4,0.0,0.0,0.0,0.0,1.0,0.0,0.0,0.0,0.0,0.0
2,4,0.0,0.0,0.0,0.0,1.0,0.0,0.0,0.0,0.0,0.0
2,4,0.0,0.0,0.0,0.0,1.0,0.0,0.0,0.0,0.0,0.0
2,4,0.0,0.0,0.0,0.0,1.0,0.0,0.0,0.0,0.0,0.0
2,4,0.0,0.0,0.0,0.0,1.0,0.0,0.0,0.0,0.0,0.0
2,4,0.0,0.0,0.0,0.0,1.0,0.0,0.0,0.0,0.0,0.0
2,4,0.0,0.0,0.0,0.0,1.0,0.0,0.0,0.0,0.0,0.0
2,4,0.0,0.0,0.0,0.0,1.0,0.0,0.0,0.0,0.0,0.0
2,4,0.0,0.0,0.0,0.0,1.0,0.0,0.0,0.0,0.0,0.0
2,4,0.0,0.0,0.0,0.0,1.0,0.0,0.0,0.0,0.0,0.0
2,4,0.0,0.0,0.0,0.0,1.0,0.0,0.0,0.0,0.0,0.0
2,4,0.0,0.0,0.0,0.0,1.0,0.0,0.0,0.0,0.0,0.0
2,4,0.0,0.0,0.0,0.0,1.0,0.0,0.0,0.0,0.0,0.0
2,4,0.0,0.0,0.0,0.0,1.0,0.0,0.0,0.0,0.0,0.0
2,4,0.0,0.0,0.0,0.0,1.0,0.0,0.0,0.0,0.0,0.0
2,4,0.0,0.0,0.0,0.0,1.0,0.0,0.0,0.0,0.0,0.0
2,4,0.0,0.0,0.0,0.0,1.0,0.0,0.0,0.0,0.0,0.0
2,4,0.0,0.0,0.0,0.0,1.0,0.0,0.0,0.0,0.0,0.0
2,4,0.0,0.0,0.0,0.0,1.0,0.0,0.0,0.0,0.0,0.0
2,4,0.0,0.0,0.0,0.0,1.0,0.0,0.0,0.0,0.0,0.0
2,4,0.0,0.0,0.0,0.0,1.0,0.0,0.0,0.0,0.0,0.0
2,4,0.0,0.0,0.0,0.0,1.0,0.0,0.0,0.0,0.0,0.0
2,4,0.0,0.0,0.0,0.0,1.0,0.0,0.0,0.0,0.0,0.0
2,4,0.0,0.0,0.0,0.0,1.0,0.0,0.0,0.0,0.0,0.0
2,4,0.0,0.0,0.0,0.0,1.0,0.0,0.0,0.0,0.0,0.0
2,4,0.0,0.0,0.0,0.0,1.0,0.0,0.0,0.0,0.0,0.0
2,4,0.0,0.0,0.0,0.0,1.0,0.0,0.0,0.0,0.0,0.0
2,4,0.0,0.0,0.0,0.0,1.0,0.0,0.0,0.0,0.0,0.0
2,4,0.0,0.0,0.0,0.0,1.0,0.0,0.0,0.0,0.0,0.0
2,4,0.0,0.0,0.0,0.0,1.0,0.0,0.0,0.0,0.0,0.0
2,4,0.0,0.0,0.0,0.0,1.0,0.0,0.0,0.0,0.0,0.0
2,4,0.0,0.0,0.0,0.0,1.0,0.0,0.0,0.0,0.0,0.0
2,4,0.0,0.0,0.0,0.0,1.0,0.0,0.0,0.0,0.0,0.0
2,4,0.0,0.0,0.0,0.0,1.0,0.0,0.0,0.0,0.0,0.0
2,4,0.0,0.0,0.0,0.0,1.0,0.0,0.0,0.0,0.0,0.0
2,4,0.0,0.0,0.0,0.0,1.0,0.0,0.0,0.0,0.0,0.0
2,4,0.0,0.0,0.0,0.0,1.0,0.0,0.0,0.0,0.0,0.0
2,4,0.0,0.0,0.0,0.0,1.0,0.0,0.0,0.0,0.0,0.0
2,4,0.0,0.0,0.0,0.0,1.0,0.0,0.0,0.0,0.0,0.0
2,4,0.0,0.0,0.0,0.0,1.0,0.0,0.0,0.0,0.0,0.0
2,4,0.0,0.0,0.0,0.0,1.0,0.0,0.0,0.0,0.0,0.0
2,4,0.0,0.0,0.0,0.0,1.0,0.0,0.0,0.0,0.0,0.0
2,4,0.0,0.0,0.0,0.0,1.0,0.0,0.0,0.0,0.0,0.0
2,4,0.0,0.0,0.0,0.0,1.0,0.0,0.0,0.0,0.0,0.0
2,4,0.0,0.0,0.0,0.0,1.0,0.0,0.0,0.0,0.0,0.0
2,4,0.0,0.0,0.0,0.0,1.0,0.0,0.0,0.0,0.0,0.0
2,4,0.0,0.0,0.0,0.0,1.0,0.0,0.0,0.0,0.0,0.0
2,4,0.0,0.0,0.0,0.0,1.0,0.0,0.0,0.0,0.0,0.0
2,4,0.0,0.0,0.0,0.0,1.0,0.0,0.0,0.0,0.0,0.0
2,4,0.0,0.0,0.0,0.0,1.0,0.0,0.0,0.0,0.0,0.0
2,4,0.0,0.0,0.0,0.0,1.0,0.0,0.0,0.0,0.0,0.0
2,4,0.0,0.0,0.0,0.0,1.0,0.0,0.0,0.0,0.0,0.0
2,4,0.0,0.0,0.0,0.0,1.0,0.0,0.0,0.0,0.0,0.0
2,4,0.0,0.0,0.0,0.0,1.0,0.0,0.0,0.0,0.0,0.0
2,4,0.0,0.0,0.0,0.0,1.0,0.0,0.0,0.0,0.0,0.0
2,4,0.0,0.0,0.0,0.0,1.0,0.0,0.0,0.0,0.0,0.0
2,4,0.0,0.0,0.0,0.0,1.0,0.0,0.0,0.0,0.0,0.0
2,4,0.0,0.0,0.0,0.0,1.0,0.0,0.0,0.0,0.0,0.0
2,4,0.0,0.0,0.0,0.0,1.0,0.0,0.0,0.0,0.0,0.0
2,4,0.0,0.0,0.0,0.0,1.0,0.0,0.0,0.0,0.0,0.0
2,4,0.0,0.0,0.0,0.0,1.0,0.0,0.0,0.0,0.0,0.0
2,4,0.0,0.0,0.0,0.0,1.0,0.0,0.0,0.0,0.0,0.0
2,4,0.0,0.0,0.0,0.0,1.0,0.0,0.0,0.0,0.0,0.0
2,4,0.0,0.0,0.0,0.0,1.0,0.0,0.0,0.0,0.0,0.0
2,4,0.0,0.0,0.0,0.0,1.0,0.0,0.0,0.0,0.0,0.0
2,4,0.0,0.0,0.0,0.0,1.0,0.0,0.0,0.0,0.0,0.0
2,4,0.0,0.0,0.0,0.0,1.0,0.0,0.0,0.0,0.0,0.0
2,4,0.0,0.0,0.0,0.0,1.0,0.0,0.0,0.0,0.0,0.0
2,4,0.0,0.0,0.0,0.0,1.0,0.0,0.0,0.0,0.0,0.0
2,4,0.0,0.0,0.0,0.0,1.0,0.0,0.0,0.0,0.0,0.0
2,4,0.0,0.0,0.0,0.0,1.0,0.0,0.0,0.0,0.0,0.0
2,4,0.0,0.0,0.0,0.0,1.0,0.0,0.0,0.0,0.0,0.0
2,4,0.0,0.0,0.0,0.0,1.0,0.0,0.0,0.0,0.0,0.0
2,4,0.0,0.0,0.0,0.0,1.0,0.0,0.0,0.0,0.0,0.0
2,4,0.0,0.0,0.0,0.0,1.0,0.0,0.0,0.0,0.0,0.0
2,4,0.0,0.0,0.0,0.0,1.0,0.0,0.0,0.0,0.0,0.0
2,4,0.0,0.0,0.0,0.0,1.0,0.0,0.0,0.0,0.0,0.0
2,4,0.0,0.0,0.0,0.0,1.0,0.0,0.0,0.0,0.0,0.0
2,4,0.0,0.0,0.0,0.0,1.0,0.0,0.0,0.0,0.0,0.0
2,4,0.0,0.0,0.0,0.0,1.0,0.0,0.0,0.0,0.0,0.0
2,4,0.0,0.0,0.0,0.0,1.0,0.0,0.0,0.0,0.0,0.0
2,4,0.0,0.0,0.0,0.0,1.0,0.0,0.0,0.0,0.0,0.0
2,4,0.0,0.0,0.0,0.0,1.0,0.0,0.0,0.0,0.0,0.0
2,4,0.0,0.0,0.0,0.0,1.0,0.0,0.0,0.0,0.0,0.0
2,4,0.0,0.0,0.0,0.0,1.0,0.0,0.0,0.0,0.0,0.0
2,4,0.0,0.0,0.0,0.0,1.0,0.0,0.0,0.0,0.0,0.0
2,4,0.0,0.0,0.0,0.0,1.0,0.0,0.0,0.0,0.0,0.0
2,4,0.0,0.0,0.0,0.0,1.0,0.0,0.0,0.0,0.0,0.0
2,4,0.0,0.0,0.0,0.0,1.0,0.0,0.0,0.0,0.0,0.0
2,4,0.0,0.0,0.0,0.0,1.0,0.0,0.0,0.0,0.0,0.0
2,4,0.0,0.0,0.0,0.0,1.0,0.0,0.0,0.0,0.0,0.0
2,4,0.0,0.0,0.0,0.0,1.0,0.0,0.0,0.0,0.0,0.0
2,4,0.0,0.0,0.0,0.0,1.0,0.0,0.0,0.0,0.0,0.0
2,4,0.0,0.0,0.0,0.0,1.0,0.0,0.0,0.0,0.0,0.0
2,4,0.0,0.0,0.0,0.0,1.0,0.0,0.0,0.0,0.0,0.0
2,4,0.0,0.0,0.0,0.0,1.0,0.0,0.0,0.0,0.0,0.0
2,4,0.0,0.0,0.0,0.0,1.0,0.0,0.0,0.0,0.0,0.0
2,4,0.0,0.0,0.0,0.0,1.0,0.0,0.0,0.0,0.0,0.0
2,4,0.0,0.0,0.0,0.0,1.0,0.0,0.0,0.0,0.0,0.0
2,4,0.0,0.0,0.0,0.0,1.0,0.0,0.0,0.0,0.0,0.0
2,4,0.0,0.0,0.0,0.0,1.0,0.0,0.0,0.0,0.0,0.0
2,4,0.0,0.0,0.0,0.0,1.0,0.0,0.0,0.0,0.0,0.0
2,4,0.0,0.0,0.0,0.0,1.0,0.0,0.0,0.0,0.0,0.0
2,4,0.0,0.0,0.0,0.0,1.0,0.0,0.0,0.0,0.0,0.0
2,4,0.0,0.0,0.0,0.0,1.0,0.0,0.0,0.0,0.0,0.0
2,4,0.0,0.0,0.0,0.0,1.0,0.0,0.0,0.0,0.0,0.0
2,4,0.0,0.0,0.0,0.0,1.0,0.0,0.0,0.0,0.0,0.0
2,4,0.0,0.0,0.0,0.0,1.0,0.0,0.0,0.0,0.0,0.0
2,4,0.0,0.0,0.0,0.0,1.0,0.0,0.0,0.0,0.0,0.0
2,4,0.0,0.0,0.0,0.0,1.0,0.0,0.0,0.0,0.0,0.0
2,4,0.0,0.0,0.0,0.0,1.0,0.0,0.0,0.0,0.0,0.0
2,4,0.0,0.0,0.0,0.0,1.0,0.0,0.0,0.0,0.0,0.0
2,4,0.0,0.0,0.0,0.0,1.0,0.0,0.0,0.0,0.0,0.0
2,4,0.0,0.0,0.0,0.0,1.0,0.0,0.0,0.0,0.0,0.0
2,4,0.0,0.0,0.0,0.0,1.0,0.0,0.0,0.0,0.0,0.0
2,4,0.0,0.0,0.0,0.0,1.0,0.0,0.0,0.0,0.0,0.0
2,4,0.0,0.0,0.0,0.0,1.0,0.0,0.0,0.0,0.0,0.0
2,4,0.0,0.0,0.0,0.0,1.0,0.0,0.0,0.0,0.0,0.0
2,4,0.0,0.0,0.0,0.0,1.0,0.0,0.0,0.0,0.0,0.0
2,4,0.0,0.0,0.0,0.0,1.0,0.0,0.0,0.0,0.0,0.0
2,4,0.0,0.0,0.0,0.0,1.0,0.0,0.0,0.0,0.0,0.0
2,4,0.0,0.0,0.0,0.0,1.0,0.0,0.0,0.0,0.0,0.0
2,4,0.0,0.0,0.0,0.0,1.0,0.0,0.0,0.0,0.0,0.0
2,4,0.0,0.0,0.0,0.0,1.0,0.0,0.0,0.0,0.0,0.0
2,4,0.0,0.0,0.0,0.0,1.0,0.0,0.0,0.0,0.0,0.0
2,4,0.0,0.0,0.0,0.0,1.0,0.0,0.0,0.0,0.0,0.0
2,4,0.0,0.0,0.0,0.0,1.0,0.0,0.0,0.0,0.0,0.0
2,4,0.0,0.0,0.0,0.0,1.0,0.0,0.0,0.0,0.0,0.0
2,4,0.0,0.0,0.0,0.0,1.0,0.0,0.0,0.0,0.0,0.0
2,4,0.0,0.0,0.0,0.0,1.0,0.0,0.0,0.0,0.0,0.0
2,4,0.0,0.0,0.0,0.0,1.0,0.0,0.0,0.0,0.0,0.0
2,4,0.0,0.0,0.0,0.0,1.0,0.0,0.0,0.0,0.0,0.0
2,4,0.0,0.0,0.0,0.0,1.0,0.0,0.0,0.0,0.0,0.0
2,4,0.0,0.0,0.0,0.0,1.0,0.0,0.0,0.0,0.0,0.0
2,4,0.0,0.0,0.0,0.0,1.0,0.0,0.0,0.0,0.0,0.0
2,4,0.0,0.0,0.0,0.0,1.0,0.0,0.0,0.0,0.0,0.0
2,4,0.0,0.0,0.0,0.0,1.0,0.0,0.0,0.0,0.0,0.0
2,4,0.0,0.0,0.0,0.0,1.0,0.0,0.0,0.0,0.0,0.0
2,4,0.0,0.0,0.0,0.0,1.0,0.0,0.0,0.0,0.0,0.0
2,4,0.0,0.0,0.0,0.0,1.0,0.0,0.0,0.0,0.0,0.0
2,4,0.0,0.0,0.0,0.0,1.0,0.0,0.0,0.0,0.0,0.0
2,4,0.0,0.0,0.0,0.0,1.0,0.0,0.0,0.0,0.0,0.0
2,4,0.0,0.0,0.0,0.0,1.0,0.0,0.0,0.0,0.0,0.0
2,4,0.0,0.0,0.0,0.0,1.0,0.0,0.0,0.0,0.0,0.0
2,4,0.0,0.0,0.0,0.0,1.0,0.0,0.0,0.0,0.0,0.0
2,4,0.0,0.0,0.0,0.0,1.0,0.0,0.0,0.0,0.0,0.0
2,4,0.0,0.0,0.0,0.0,1.0,0.0,0.0,0.0,0.0,0.0
2,4,0.0,0.0,0.0,0.0,1.0,0.0,0.0,0.0,0.0,0.0
2,4,0.0,0.0,0.0,0.0,1.0,0.0,0.0,0.0,0.0,0.0
2,4,0.0,0.0,0.0,0.0,1.0,0.0,0.0,0.0,0.0,0.0
2,4,0.0,0.0,0.0,0.0,1.0,0.0,0.0,0.0,0.0,0.0
2,4,0.0,0.0,0.0,0.0,1.0,0.0,0.0,0.0,0.0,0.0
2,4,0.0,0.0,0.0,0.0,1.0,0.0,0.0,0.0,0.0,0.0
2,4,0.0,0.0,0.0,0.0,1.0,0.0,0.0,0.0,0.0,0.0
2,4,0.0,0.0,0.0,0.0,1.0,0.0,0.0,0.0,0.0,0.0
2,4,0.0,0.0,0.0,0.0,1.0,0.0,0.0,0.0,0.0,0.0
2,4,0.0,0.0,0.0,0.0,1.0,0.0,0.0,0.0,0.0,0.0
2,4,0.0,0.0,0.0,0.0,1.0,0.0,0.0,0.0,0.0,0.0
2,4,0.0,0.0,0.0,0.0,1.0,0.0,0.0,0.0,0.0,0.0
2,4,0.0,0.0,0.0,0.0,1.0,0.0,0.0,0.0,0.0,0.0
2,4,0.0,0.0,0.0,0.0,1.0,0.0,0.0,0.0,0.0,0.0
2,4,0.0,0.0,0.0,0.0,1.0,0.0,0.0,0.0,0.0,0.0
2,4,0.0,0.0,0.0,0.0,1.0,0.0,0.0,0.0,0.0,0.0
2,4,0.0,0.0,0.0,0.0,1.0,0.0,0.0,0.0,0.0,0.0
2,4,0.0,0.0,0.0,0.0,1.0,0.0,0.0,0.0,0.0,0.0
2,4,0.0,0.0,0.0,0.0,1.0,0.0,0.0,0.0,0.0,0.0
2,4,0.0,0.0,0.0,0.0,1.0,0.0,0.0,0.0,0.0,0.0
2,4,0.0,0.0,0.0,0.0,1.0,0.0,0.0,0.0,0.0,0.0
2,4,0.0,0.0,0.0,0.0,1.0,0.0,0.0,0.0,0.0,0.0
2,4,0.0,0.0,0.0,0.0,1.0,0.0,0.0,0.0,0.0,0.0
2,4,0.0,0.0,0.0,0.0,1.0,0.0,0.0,0.0,0.0,0.0
2,4,0.0,0.0,0.0,0.0,1.0,0.0,0.0,0.0,0.0,0.0
2,4,0.0,0.0,0.0,0.0,1.0,0.0,0.0,0.0,0.0,0.0
2,4,0.0,0.0,0.0,0.0,1.0,0.0,0.0,0.0,0.0,0.0
2,4,0.0,0.0,0.0,0.0,1.0,0.0,0.0,0.0,0.0,0.0
2,4,0.0,0.0,0.0,0.0,1.0,0.0,0.0,0.0,0.0,0.0
2,4,0.0,0.0,0.0,0.0,1.0,0.0,0.0,0.0,0.0,0.0
2,4,0.0,0.0,0.0,0.0,1.0,0.0,0.0,0.0,0.0,0.0
2,4,0.0,0.0,0.0,0.0,1.0,0.0,0.0,0.0,0.0,0.0
2,4,0.0,0.0,0.0,0.0,1.0,0.0,0.0,0.0,0.0,0.0
2,4,0.0,0.0,0.0,0.0,1.0,0.0,0.0,0.0,0.0,0.0
2,4,0.0,0.0,0.0,0.0,1.0,0.0,0.0,0.0,0.0,0.0
2,4,0.0,0.0,0.0,0.0,1.0,0.0,0.0,0.0,0.0,0.0
2,4,0.0,0.0,0.0,0.0,1.0,0.0,0.0,0.0,0.0,0.0
2,4,0.0,0.0,0.0,0.0,1.0,0.0,0.0,0.0,0.0,0.0
2,4,0.0,0.0,0.0,0.0,1.0,0.0,0.0,0.0,0.0,0.0
2,4,0.0,0.0,0.0,0.0,1.0,0.0,0.0,0.0,0.0,0.0
2,4,0.0,0.0,0.0,0.0,1.0,0.0,0.0,0.0,0.0,0.0
2,4,0.0,0.0,0.0,0.0,1.0,0.0,0.0,0.0,0.0,0.0
2,4,0.0,0.0,0.0,0.0,1.0,0.0,0.0,0.0,0.0,0.0
2,4,0.0,0.0,0.0,0.0,1.0,0.0,0.0,0.0,0.0,0.0
2,4,0.0,0.0,0.0,0.0,1.0,0.0,0.0,0.0,0.0,0.0
2,4,0.0,0.0,0.0,0.0,1.0,0.0,0.0,0.0,0.0,0.0
2,4,0.0,0.0,0.0,0.0,1.0,0.0,0.0,0.0,0.0,0.0
2,4,0.0,0.0,0.0,0.0,1.0,0.0,0.0,0.0,0.0,0.0
2,4,0.0,0.0,0.0,0.0,1.0,0.0,0.0,0.0,0.0,0.0
2,4,0.0,0.0,0.0,0.0,1.0,0.0,0.0,0.0,0.0,0.0
2,4,0.0,0.0,0.0,0.0,1.0,0.0,0.0,0.0,0.0,0.0
2,4,0.0,0.0,0.0,0.0,1.0,0.0,0.0,0.0,0.0,0.0
2,4,0.0,0.0,0.0,0.0,1.0,0.0,0.0,0.0,0.0,0.0
2,4,0.0,0.0,0.0,0.0,1.0,0.0,0.0,0.0,0.0,0.0
2,4,0.0,0.0,0.0,0.0,1.0,0.0,0.0,0.0,0.0,0.0
2,4,0.0,0.0,0.0,0.0,1.0,0.0,0.0,0.0,0.0,0.0
2,4,0.0,0.0,0.0,0.0,1.0,0.0,0.0,0.0,0.0,0.0
2,4,0.0,0.0,0.0,0.0,1.0,0.0,0.0,0.0,0.0,0.0
2,4,0.0,0.0,0.0,0.0,1.0,0.0,0.0,0.0,0.0,0.0
2,4,0.0,0.0,0.0,0.0,1.0,0.0,0.0,0.0,0.0,0.0
2,4,0.0,0.0,0.0,0.0,1.0,0.0,0.0,0.0,0.0,0.0
2,4,0.0,0.0,0.0,0.0,1.0,0.0,0.0,0.0,0.0,0.0
2,4,0.0,0.0,0.0,0.0,1.0,0.0,0.0,0.0,0.0,0.0
2,4,0.0,0.0,0.0,0.0,1.0,0.0,0.0,0.0,0.0,0.0
2,4,0.0,0.0,0.0,0.0,1.0,0.0,0.0,0.0,0.0,0.0
2,4,0.0,0.0,0.0,0.0,1.0,0.0,0.0,0.0,0.0,0.0
2,4,0.0,0.0,0.0,0.0,1.0,0.0,0.0,0.0,0.0,0.0
2,4,0.0,0.0,0.0,0.0,1.0,0.0,0.0,0.0,0.0,0.0
2,4,0.0,0.0,0.0,0.0,1.0,0.0,0.0,0.0,0.0,0.0
2,4,0.0,0.0,0.0,0.0,1.0,0.0,0.0,0.0,0.0,0.0
2,4,0.0,0.0,0.0,0.0,1.0,0.0,0.0,0.0,0.0,0.0
2,4,0.0,0.0,0.0,0.0,1.0,0.0,0.0,0.0,0.0,0.0
2,4,0.0,0.0,0.0,0.0,1.0,0.0,0.0,0.0,0.0,0.0
2,4,0.0,0.0,0.0,0.0,1.0,0.0,0.0,0.0,0.0,0.0
2,4,0.0,0.0,0.0,0.0,1.0,0.0,0.0,0.0,0.0,0.0
2,4,0.0,0.0,0.0,0.0,1.0,0.0,0.0,0.0,0.0,0.0
2,4,0.0,0.0,0.0,0.0,1.0,0.0,0.0,0.0,0.0,0.0
2,4,0.0,0.0,0.0,0.0,1.0,0.0,0.0,0.0,0.0,0.0
2,4,0.0,0.0,0.0,0.0,1.0,0.0,0.0,0.0,0.0,0.0
2,4,0.0,0.0,0.0,0.0,1.0,0.0,0.0,0.0,0.0,0.0
2,4,0.0,0.0,0.0,0.0,1.0,0.0,0.0,0.0,0.0,0.0
2,4,0.0,0.0,0.0,0.0,1.0,0.0,0.0,0.0,0.0,0.0
2,4,0.0,0.0,0.0,0.0,1.0,0.0,0.0,0.0,0.0,0.0
2,4,0.0,0.0,0.0,0.0,1.0,0.0,0.0,0.0,0.0,0.0
2,4,0.0,0.0,0.0,0.0,1.0,0.0,0.0,0.0,0.0,0.0
2,4,0.0,0.0,0.0,0.0,1.0,0.0,0.0,0.0,0.0,0.0
2,4,0.0,0.0,0.0,0.0,1.0,0.0,0.0,0.0,0.0,0.0
2,4,0.0,0.0,0.0,0.0,1.0,0.0,0.0,0.0,0.0,0.0
2,4,0.0,0.0,0.0,0.0,1.0,0.0,0.0,0.0,0.0,0.0
2,4,0.0,0.0,0.0,0.0,1.0,0.0,0.0,0.0,0.0,0.0
2,4,0.0,0.0,0.0,0.0,1.0,0.0,0.0,0.0,0.0,0.0
2,4,0.0,0.0,0.0,0.0,1.0,0.0,0.0,0.0,0.0,0.0
2,4,0.0,0.0,0.0,0.0,1.0,0.0,0.0,0.0,0.0,0.0
2,4,0.0,0.0,0.0,0.0,1.0,0.0,0.0,0.0,0.0,0.0
2,4,0.0,0.0,0.0,0.0,1.0,0.0,0.0,0.0,0.0,0.0
2,4,0.0,0.0,0.0,0.0,1.0,0.0,0.0,0.0,0.0,0.0
2,4,0.0,0.0,0.0,0.0,1.0,0.0,0.0,0.0,0.0,0.0
2,4,0.0,0.0,0.0,0.0,1.0,0.0,0.0,0.0,0.0,0.0
2,4,0.0,0.0,0.0,0.0,1.0,0.0,0.0,0.0,0.0,0.0
2,4,0.0,0.0,0.0,0.0,1.0,0.0,0.0,0.0,0.0,0.0
2,4,0.0,0.0,0.0,0.0,1.0,0.0,0.0,0.0,0.0,0.0
2,4,0.0,0.0,0.0,0.0,1.0,0.0,0.0,0.0,0.0,0.0
2,4,0.0,0.0,0.0,0.0,1.0,0.0,0.0,0.0,0.0,0.0
2,4,0.0,0.0,0.0,0.0,1.0,0.0,0.0,0.0,0.0,0.0
2,4,0.0,0.0,0.0,0.0,1.0,0.0,0.0,0.0,0.0,0.0
2,4,0.0,0.0,0.0,0.0,1.0,0.0,0.0,0.0,0.0,0.0
2,4,0.0,0.0,0.0,0.0,1.0,0.0,0.0,0.0,0.0,0.0
2,4,0.0,0.0,0.0,0.0,1.0,0.0,0.0,0.0,0.0,0.0
2,4,0.0,0.0,0.0,0.0,1.0,0.0,0.0,0.0,0.0,0.0
2,4,0.0,0.0,0.0,0.0,1.0,0.0,0.0,0.0,0.0,0.0
2,4,0.0,0.0,0.0,0.0,1.0,0.0,0.0,0.0,0.0,0.0
2,4,0.0,0.0,0.0,0.0,1.0,0.0,0.0,0.0,0.0,0.0
2,4,0.0,0.0,0.0,0.0,1.0,0.0,0.0,0.0,0.0,0.0
2,4,0.0,0.0,0.0,0.0,1.0,0.0,0.0,0.0,0.0,0.0
2,4,0.0,0.0,0.0,0.0,1.0,0.0,0.0,0.0,0.0,0.0
2,4,0.0,0.0,0.0,0.0,1.0,0.0,0.0,0.0,0.0,0.0
2,4,0.0,0.0,0.0,0.0,1.0,0.0,0.0,0.0,0.0,0.0
2,4,0.0,0.0,0.0,0.0,1.0,0.0,0.0,0.0,0.0,0.0
2,4,0.0,0.0,0.0,0.0,1.0,0.0,0.0,0.0,0.0,0.0
2,4,0.0,0.0,0.0,0.0,1.0,0.0,0.0,0.0,0.0,0.0
2,4,0.0,0.0,0.0,0.0,1.0,0.0,0.0,0.0,0.0,0.0
2,4,0.0,0.0,0.0,0.0,1.0,0.0,0.0,0.0,0.0,0.0
2,4,0.0,0.0,0.0,0.0,1.0,0.0,0.0,0.0,0.0,0.0
2,4,0.0,0.0,0.0,0.0,1.0,0.0,0.0,0.0,0.0,0.0
2,4,0.0,0.0,0.0,0.0,1.0,0.0,0.0,0.0,0.0,0.0
2,4,0.0,0.0,0.0,0.0,1.0,0.0,0.0,0.0,0.0,0.0
2,4,0.0,0.0,0.0,0.0,1.0,0.0,0.0,0.0,0.0,0.0
2,4,0.0,0.0,0.0,0.0,1.0,0.0,0.0,0.0,0.0,0.0
2,4,0.0,0.0,0.0,0.0,1.0,0.0,0.0,0.0,0.0,0.0
2,4,0.0,0.0,0.0,0.0,1.0,0.0,0.0,0.0,0.0,0.0
2,4,0.0,0.0,0.0,0.0,1.0,0.0,0.0,0.0,0.0,0.0
2,4,0.0,0.0,0.0,0.0,1.0,0.0,0.0,0.0,0.0,0.0
2,4,0.0,0.0,0.0,0.0,1.0,0.0,0.0,0.0,0.0,0.0
2,4,0.0,0.0,0.0,0.0,1.0,0.0,0.0,0.0,0.0,0.0
2,4,0.0,0.0,0.0,0.0,1.0,0.0,0.0,0.0,0.0,0.0
2,4,0.0,0.0,0.0,0.0,1.0,0.0,0.0,0.0,0.0,0.0
2,4,0.0,0.0,0.0,0.0,1.0,0.0,0.0,0.0,0.0,0.0
2,4,0.0,0.0,0.0,0.0,1.0,0.0,0.0,0.0,0.0,0.0
2,4,0.0,0.0,0.0,0.0,1.0,0.0,0.0,0.0,0.0,0.0
2,4,0.0,0.0,0.0,0.0,0.93108857,0.0,0.0,0.0,0.0,0.06891143
2,4,0.0,0.0,0.0,0.0,0.93108857,0.0,0.0,0.0,0.0,0.06891143
2,4,0.0,0.0,0.0,0.0,0.93108857,0.0,0.0,0.0,0.0,0.06891143
2,4,0.0,0.0,0.0,0.0,0.93108857,0.0,0.0,0.0,0.0,0.06891143
2,4,0.0,0.0,0.0,0.0,0.93108857,0.0,0.0,0.0,0.0,0.06891143
2,4,0.0,0.0,0.0,0.0,0.93108857,0.0,0.0,0.0,0.0,0.06891143
2,4,0.0,0.0,0.0,0.0,0.93108857,0.0,0.0,0.0,0.0,0.06891143
2,4,0.0,0.0,0.0,0.0,0.93108857,0.0,0.0,0.0,0.0,0.06891143
2,4,0.0,0.0,0.0,0.0,0.93108857,0.0,0.0,0.0,0.0,0.06891143
2,4,0.0,0.0,0.0,0.0,0.93108857,0.0,0.0,0.0,0.0,0.06891143
2,4,0.0,0.0,0.0,0.0,0.93108857,0.0,0.0,0.0,0.0,0.06891143
2,4,0.0,0.0,0.0,0.0,0.86766815,0.0634204,0.0,0.0,0.0,0.06891143
2,4,0.0,0.0,0.0,0.0,0.86766815,0.0634204,0.0,0.0,0.0,0.06891143
2,4,0.0,0.0,0.0,0.0,0.86766815,0.0634204,0.0,0.0,0.0,0.06891143
2,4,0.0,0.0,0.0,0.0,0.73285383,0.1982347,0.0,0.0,0.0,0.06891143
2,4,0.0,0.0,0.0,0.0,0.73285383,0.1982347,0.0,0.0,0.0,0.06891143
2,4,0.0,0.0,0.0,0.0,0.73285383,0.1982347,0.0,0.0,0.0,0.06891143
2,4,0.0,0.0,0.0,0.0,0.73285383,0.1982347,0.0,0.0,0.0,0.06891143
2,4,0.0,0.0,0.0,0.0,0.73285383,0.1982347,0.0,0.0,0.0,0.06891143
2,4,0.0,0.0,0.0,0.0,0.73285383,0.1982347,0.0,0.0,0.0,0.06891143
2,4,0.0,0.0,0.0,0.0,0.73285383,0.1982347,0.0,0.0,0.0,0.06891143
2,4,0.0,0.0,0.0,0.0,0.73285383,0.1982347,0.0,0.0,0.0,0.06891143
2,4,0.0,0.0,0.0,0.0,0.668564,0.26252455,0.0,0.0,0.0,0.06891143
2,4,0.0,0.0,0.0,0.0,0.668564,0.26252455,0.0,0.0,0.0,0.06891143
2,4,0.0,0.0,0.0,0.0,0.668564,0.26252455,0.0,0.0,0.0,0.06891143
2,4,0.0,0.0,0.0,0.0,0.668564,0.26252455,0.0,0.0,0.0,0.06891143
2,4,0.0,0.0,0.0,0.0,0.668564,0.26252455,0.0,0.0,0.0,0.06891143
2,4,0.0,0.0,0.0,0.0,0.668564,0.26252455,0.0,0.0,0.0,0.06891143
2,4,0.0,0.0,0.0,0.0,0.668564,0.26252455,0.0,0.0,0.0,0.06891143
2,4,0.0,0.0,0.0,0.0,0.668564,0.26252455,0.0,0.0,0.0,0.06891143
2,4,0.0,0.0,0.0,0.0,0.610128,0.26252455,0.058436126,0.0,0.0,0.06891143
2,4,0.0,0.0,0.0,0.0,0.610128,0.26252455,0.058436126,0.0,0.0,0.06891143
2,4,0.0,0.0,0.0,0.0,0.610128,0.26252455,0.058436126,0.0,0.0,0.06891143
2,4,0.0,0.0,0.0,0.0,0.610128,0.26252455,0.058436126,0.0,0.0,0.06891143
2,4,0.0,0.0,0.0,0.0,0.610128,0.26252455,0.058436126,0.0,0.0,0.06891143
2,4,0.0,0.0,0.0,0.0,0.610128,0.26252455,0.058436126,0.0,0.0,0.06891143
2,4,0.0,0.0,0.0,0.0,0.610128,0.26252455,0.058436126,0.0,0.0,0.06891143
2,4,0.0,0.0,0.0,0.0,0.610128,0.26252455,0.058436126,0.0,0.0,0.06891143
2,4,0.0,0.0,0.0,0.0,0.610128,0.26252455,0.058436126,0.0,0.0,0.06891143
2,4,0.0,0.0,0.0,0.0,0.610128,0.26252455,0.058436126,0.0,0.0,0.06891143
2,4,0.0,0.0,0.0,0.0,0.610128,0.26252455,0.058436126,0.0,0.0,0.06891143
2,4,0.0,0.0,0.0,0.0,0.610128,0.26252455,0.058436126,0.0,0.0,0.06891143
2,4,0.0,0.0,0.0,0.0,0.5500765,0.32257602,0.058436126,0.0,0.0,0.06891143
2,4,0.0,0.0,0.0,0.0,0.5500765,0.32257602,0.058436126,0.0,0.0,0.06891143
2,4,0.0,0.0,0.0,0.0,0.5500765,0.32257602,0.058436126,0.0,0.0,0.06891143
2,4,0.0,0.0,0.0,0.0,0.5500765,0.32257602,0.058436126,0.0,0.0,0.06891143
2,4,0.0,0.0,0.0,0.0,0.5500765,0.32257602,0.058436126,0.0,0.0,0.06891143
2,4,0.0,0.0,0.0,0.0,0.48988414,0.38276833,0.058436126,0.0,0.0,0.06891143
2,4,0.0,0.0,0.0,0.0,0.48988414,0.38276833,0.058436126,0.0,0.0,0.06891143
2,4,0.0,0.0,0.0,0.0,0.48988414,0.38276833,0.058436126,0.0,0.0,0.06891143
2,4,0.0,0.0,0.0,0.0,0.48988414,0.38276833,0.058436126,0.0,0.0,0.06891143
2,4,0.0,0.0,0.0,0.0,0.48988414,0.38276833,0.058436126,0.0,0.0,0.06891143
3,4,0.0,0.0,0.0,0.0,0.48988414,0.38276833,0.058436126,0.0,0.0,0.06891143
3,4,0.0,0.0,0.0,0.0,0.48988414,0.38276833,0.058436126,0.0,0.0,0.06891143
3,4,0.0,0.0,0.0,0.0,0.43032405,0.38276833,0.11799618,0.0,0.0,0.06891143
3,4,0.0,0.0,0.0,0.0,0.43032405,0.38276833,0.11799618,0.0,0.0,0.06891143
3,4,0.0,0.0,0.0,0.0,0.43032405,0.38276833,0.11799618,0.0,0.0,0.06891143
3,4,0.0,0.0,0.0,0.0,0.43032405,0.38276833,0.11799618,0.0,0.0,0.06891143
3,4,0.0,0.0,0.0,0.0,0.43032405,0.38276833,0.11799618,0.0,0.0,0.06891143
3,4,0.0,0.0,0.0,0.0,0.43032405,0.38276833,0.11799618,0.0,0.0,0.06891143
3,4,0.0,0.0,0.0,0.0,0.43032405,0.38276833,0.11799618,0.0,0.0,0.06891143
3,4,0.0,0.0,0.0,0.0,0.43032405,0.38276833,0.11799618,0.0,0.0,0.06891143
3,4,0.0,0.0,0.0,0.0,0.43032405,0.38276833,0.11799618,0.0,0.0,0.06891143
3,4,0.0,0.0,0.0,0.0,0.43032405,0.38276833,0.11799618,0.0,0.0,0.06891143
3,4,0.0,0.0,0.0,0.0,0.43032405,0.38276833,0.11799618,0.0,0.0,0.06891143
3,4,0.0,0.0,0.0,0.0,0.43032405,0.38276833,0.11799618,0.0,0.0,0.06891143
3,4,0.0,0.0,0.0,0.0,0.43032405,0.38276833,0.11799618,0.0,0.0,0.06891143
3,4,0.0,0.0,0.0,0.0,0.43032405,0.38276833,0.11799618,0.0,0.0,0.06891143
3,4,0.0,0.0,0.0,0.0,0.43032405,0.38276833,0.11799618,0.0,0.0,0.06891143
3,4,0.0,0.0,0.0,0.0,0.43032405,0.38276833,0.11799618,0.0,0.0,0.06891143
3,4,0.0,0.0,0.0,0.0,0.43032405,0.38276833,0.11799618,0.0,0.0,0.06891143
3,4,0.0,0.0,0.0,0.0,0.43032405,0.38276833,0.11799618,0.0,0.0,0.06891143
3,4,0.0,0.0,0.0,0.0,0.43032405,0.38276833,0.11799618,0.0,0.0,0.06891143
3,4,0.0,0.0,0.0,0.0,0.43032405,0.38276833,0.11799618,0.0,0.0,0.06891143
3,5,0.0,0.0,0.0,0.0,0.36790207,0.44519034,0.11799618,0.0,0.0,0.06891143
3,5,0.0,0.0,0.0,0.0,0.36790207,0.44519034,0.11799618,0.0,0.0,0.06891143
3,5,0.0,0.0,0.0,0.0,0.36790207,0.44519034,0.11799618,0.0,0.0,0.06891143
3,5,0.0,0.0,0.0,0.0,0.36790207,0.44519034,0.11799618,0.0,0.0,0.06891143
3,5,0.0,0.0,0.0,0.0,0.30630535,0.506787,0.11799617,0.0,0.0,0.06891143
3,5,0.0,0.0,0.0,0.0,0.30630535,0.506787,0.11799617,0.0,0.0,0.06891143
3,5,0.0,0.0,0.0,0.0,0.30630535,0.506787,0.11799617,0.0,0.0,0.06891143
3,5,0.0,0.0,0.0,0.0,0.2460645,0.50678706,0.17823705,0.0,0.0,0.06891144
3,5,0.0,0.0,0.0,0.0,0.2460645,0.50678706,0.17823705,0.0,0.0,0.06891144
3,5,0.0,0.0,0.0,0.0,0.2460645,0.50678706,0.17823705,0.0,0.0,0.06891144
3,5,0.0,0.0,0.0,0.0,0.2460645,0.50678706,0.17823705,0.0,0.0,0.06891144
3,5,0.0,0.0,0.0,0.0,0.2460645,0.50678706,0.17823705,0.0,0.0,0.06891144
3,5,0.0,0.0,0.0,0.0,0.2460645,0.50678706,0.17823705,0.0,0.0,0.06891144
3,5,0.0,0.0,0.0,0.0,0.2460645,0.50678706,0.17823705,0.0,0.0,0.06891144
3,5,0.0,0.0,0.0,0.0,0.2460645,0.50678706,0.17823705,0.0,0.0,0.06891144
3,5,0.0,0.0,0.0,0.0,0.2460645,0.50678706,0.17823705,0.0,0.0,0.06891144
3,5,0.0,0.0,0.0,0.0,0.2460645,0.50678706,0.17823705,0.0,0.0,0.06891144
3,5,0.0,0.0,0.0,0.0,0.2460645,0.50678706,0.17823705,0.0,0.0,0.06891144
3,5,0.0,0.0,0.0,0.0,0.2460645,0.50678706,0.17823705,0.0,0.0,0.06891144
3,5,0.0,0.0,0.0,0.0,0.2460645,0.50678706,0.17823705,0.0,0.0,0.06891144
3,5,0.0,0.0,0.0,0.0,0.18559176,0.50678706,0.17823705,0.0,0.0,0.12938417
3,5,0.0,0.0,0.0,0.0,0.18559176,0.50678706,0.17823705,0.0,0.0,0.12938417
3,5,0.0,0.0,0.0,0.0,0.18559176,0.44436502,0.24065904,0.0,0.0,0.12938417
3,5,0.0,0.0,0.0,0.0,0.18559176,0.44436502,0.24065904,0.0,0.0,0.12938417
3,5,0.0,0.0,0.0,0.0,0.18559176,0.44436502,0.24065904,0.0,0.0,0.12938417
3,5,0.0,0.0,0.0,0.0,0.18559176,0.44436502,0.24065904,0.0,0.0,0.12938417
3,5,0.0,0.0,0.0,0.0,0.18559176,0.44436502,0.24065904,0.0,0.0,0.12938417
3,5,0.0,0.0,0.0,0.0,0.18559176,0.44436502,0.24065904,0.0,0.0,0.12938417
3,5,0.0,0.0,0.0,0.0,0.18559176,0.44436502,0.24065904,0.0,0.0,0.12938417
3,5,0.0,0.0,0.0,0.0,0.18559176,0.44436502,0.24065904,0.0,0.0,0.12938417
3,5,0.0,0.0,0.0,0.0,0.18559176,0.44436502,0.24065904,0.0,0.0,0.12938417
3,5,0.0,0.0,0.0,0.0,0.18559176,0.44436502,0.24065904,0.0,0.0,0.12938417
3,5,0.0,0.0,0.0,0.0,0.18559176,0.44436502,0.24065904,0.0,0.0,0.12938417
3,5,0.0,0.0,0.0,0.0,0.18559176,0.44436502,0.24065904,0.0,0.0,0.12938417
3,5,0.0,0.0,0.0,0.0,0.18559176,0.44436502,0.24065904,0.0,0.0,0.12938417
3,5,0.0,0.0,0.0,0.0,0.18559176,0.44436502,0.24065904,0.0,0.0,0.12938417
3,5,0.0,0.0,0.0,0.0,0.18559176,0.44436502,0.24065904,0.0,0.0,0.12938417
3,5,0.0,0.0,0.0,0.0,0.18559176,0.44436502,0.24065904,0.0,0.0,0.12938417
3,5,0.0,0.0,0.0,0.0,0.18559176,0.44436502,0.24065904,0.0,0.0,0.12938417
3,5,0.0,0.0,0.0,0.0,0.18559176,0.44436502,0.24065904,0.0,0.0,0.12938417
3,5,0.0,0.0,0.0,0.0,0.12489532,0.44436502,0.3013555,0.0,0.0,0.12938417
3,5,0.0,0.0,0.0,0.0,0.12489532,0.44436502,0.3013555,0.0,0.0,0.12938417
3,5,0.0,0.0,0.0,0.0,0.12489532,0.44436502,0.3013555,0.0,0.0,0.12938417
3,5,0.0,0.0,0.0,0.0,0.12489532,0.44436502,0.3013555,0.0,0.0,0.12938417
3,5,0.0,0.0,0.0,0.0,0.06583642,0.44436502,0.30135548,0.0,0.0,0.18844305
3,5,0.0,0.0,0.0,0.0,0.06583642,0.44436502,0.30135548,0.0,0.0,0.18844305
3,5,0.0,0.0,0.0,0.0,0.06583642,0.44436502,0.30135548,0.0,0.0,0.18844305
3,5,0.0,0.0,0.0,0.0,0.06583642,0.44436502,0.30135548,0.0,0.0,0.18844305
3,5,0.0,0.0,0.0,0.0,0.06583642,0.44436502,0.30135548,0.0,0.0,0.18844305
3,5,0.0,0.0,0.0,0.0,0.06583642,0.44436502,0.30135548,0.0,0.0,0.18844305
3,5,0.0,0.0,0.0,0.0,0.06583642,0.44436502,0.30135548,0.0,0.0,0.18844305
3,5,0.0,0.0,0.0,0.0,0.06583642,0.44436502,0.30135548,0.0,0.0,0.18844305
3,5,0.0,0.0,0.0,0.0,0.06583642,0.38276833,0.3629522,0.0,0.0,0.18844305
3,5,0.0,0.0,0.0,0.0,0.06583642,0.38276833,0.3629522,0.0,0.0,0.18844305
3,5,0.0,0.0,0.0,0.0,0.06583642,0.38276833,0.3629522,0.0,0.0,0.18844305
3,5,0.0,0.0,0.0,0.0,0.06583642,0.38276833,0.3629522,0.0,0.0,0.18844305
3,5,0.0,0.0,0.0,0.0,0.06583642,0.38276833,0.3629522,0.0,0.0,0.18844305
3,5,0.0,0.0,0.0,0.0,0.06583642,0.38276833,0.3629522,0.0,0.0,0.18844305
3,5,0.0,0.0,0.0,0.0,0.06583642,0.38276833,0.3629522,0.0,0.0,0.18844305
3,5,0.0,0.0,0.0,0.0,0.06583642,0.38276833,0.3629522,0.0,0.0,0.18844305
3,5,0.0,0.0,0.0,0.0,0.06583642,0.38276833,0.3629522,0.0,0.0,0.18844305
3,5,0.0,0.0,0.0,0.0,0.06583642,0.38276833,0.3629522,0.0,0.0,0.18844305
3,5,0.0,0.0,0.0,0.0,0.0,0.44860476,0.3629522,0.0,0.0,0.18844306
3,5,0.0,0.0,0.0,0.0,0.0,0.44860476,0.3629522,0.0,0.0,0.18844306
3,5,0.0,0.0,0.0,0.0,0.0,0.44860476,0.3629522,0.0,0.0,0.18844306
3,5,0.0,0.0,0.0,0.0,0.0,0.44860476,0.3629522,0.0,0.0,0.18844306
3,5,0.0,0.0,0.0,0.0,0.0,0.44860476,0.3629522,0.0,0.0,0.18844306
3,5,0.0,0.0,0.0,0.0,0.0,0.44860476,0.3629522,0.0,0.0,0.18844306
3,5,0.0,0.0,0.0,0.0,0.0,0.44860476,0.3629522,0.0,0.0,0.18844306
3,5,0.0,0.0,0.0,0.0,0.0,0.44860476,0.3629522,0.0,0.0,0.18844306
3,5,0.0,0.0,0.0,0.0,0.0,0.44860476,0.3629522,0.0,0.0,0.18844306
3,5,0.0,0.0,0.0,0.0,0.0,0.44860476,0.3629522,0.0,0.0,0.18844306
3,5,0.0,0.0,0.0,0.0,0.0,0.44860476,0.3629522,0.0,0.0,0.18844306
3,5,0.0,0.0,0.0,0.0,0.0,0.44860476,0.3629522,0.0,0.0,0.18844306
3,5,0.0,0.0,0.0,0.0,0.0,0.44860476,0.3629522,0.0,0.0,0.18844306
3,5,0.0,0.0,0.0,0.0,0.0,0.44860476,0.3629522,0.0,0.0,0.18844306
3,5,0.0,0.0,0.0,0.0,0.0,0.44860476,0.3629522,0.0,0.0,0.18844306
3,5,0.0,0.0,0.0,0.0,0.0,0.44860476,0.3629522,0.0,0.0,0.18844306
3,5,0.0,0.0,0.0,0.0,0.0,0.44860476,0.3629522,0.0,0.0,0.18844306
3,5,0.0,0.0,0.0,0.0,0.0,0.44860476,0.3629522,0.0,0.0,0.18844306
3,5,0.0,0.0,0.0,0.0,0.0,0.44860476,0.3629522,0.0,0.0,0.18844306
3,5,0.0,0.0,0.0,0.0,0.0,0.44860476,0.3629522,0.0,0.0,0.18844306
3,6,0.0,0.0,0.0,0.0,0.0,0.3884124,0.42314455,0.0,0.0,0.18844305
3,6,0.0,0.0,0.0,0.0,0.0,0.3884124,0.42314455,0.0,0.0,0.18844305
3,6,0.0,0.0,0.0,0.0,0.0,0.3884124,0.42314455,0.0,0.0,0.18844305
3,6,0.0,0.0,0.0,0.0,0.0,0.3884124,0.42314455,0.0,0.0,0.18844305
3,6,0.0,0.0,0.0,0.0,0.0,0.3884124,0.42314455,0.0,0.0,0.18844305
3,6,0.0,0.0,0.0,0.0,0.0,0.3884124,0.42314455,0.0,0.0,0.18844305
3,6,0.0,0.0,0.0,0.0,0.0,0.3884124,0.42314455,0.0,0.0,0.18844305
3,6,0.0,0.0,0.0,0.0,0.0,0.3884124,0.42314455,0.0,0.0,0.18844305
3,6,0.0,0.0,0.0,0.0,0.0,0.3884124,0.42314455,0.0,0.0,0.18844305
3,6,0.0,0.0,0.0,0.0,0.0,0.3884124,0.42314455,0.0,0.0,0.18844305
3,6,0.0,0.0,0.0,0.0,0.0,0.3884124,0.42314455,0.0,0.0,0.18844305
3,6,0.0,0.0,0.0,0.0,0.0,0.3884124,0.42314455,0.0,0.0,0.18844305
3,6,0.0,0.0,0.0,0.0,0.0,0.3884124,0.42314455,0.0,0.0,0.18844305
3,6,0.0,0.0,0.0,0.0,0.0,0.3884124,0.42314455,0.0,0.0,0.18844305
3,6,0.0,0.0,0.0,0.0,0.0,0.3884124,0.42314455,0.0,0.0,0.18844305
3,6,0.0,0.0,0.0,0.0,0.0,0.3884124,0.42314455,0.0,0.0,0.18844305
3,6,0.0,0.0,0.0,0.0,0.0,0.3884124,0.42314455,0.0,0.0,0.18844305
3,6,0.0,0.0,0.0,0.0,0.0,0.3884124,0.42314455,0.0,0.0,0.18844305
3,6,0.0,0.0,0.0,0.0,0.0,0.123471856,0.7485578,0.0,0.0,0.12797032
3,6,0.0,0.0,0.0,0.0,0.0,0.123471856,0.7485578,0.0,0.0,0.12797032
3,6,0.0,0.0,0.0,0.0,0.0,0.123471856,0.7485578,0.0,0.0,0.12797032
3,6,0.0,0.0,0.0,0.0,0.0,0.123471856,0.7485578,0.0,0.0,0.12797032
3,6,0.0,0.0,0.0,0.0,0.0,0.123471856,0.7485578,0.0,0.0,0.12797032
3,6,0.0,0.0,0.0,0.0,0.0,0.123471856,0.7485578,0.0,0.0,0.12797032
3,6,0.0,0.0,0.0,0.0,0.0,0.123471856,0.7485578,0.0,0.0,0.12797032
3,6,0.0,0.0,0.0,0.0,0.0,0.123471856,0.7485578,0.0,0.0,0.12797032
3,6,0.0,0.0,0.0,0.0,0.0,0.123471856,0.7485578,0.0,0.0,0.12797032
3,6,0.0,0.0,0.0,0.0,0.0,0.123471856,0.7485578,0.0,0.0,0.12797032
3,6,0.0,0.0,0.0,0.0,0.0,0.123471856,0.7485578,0.0,0.0,0.12797032
3,6,0.0,0.0,0.0,0.0,0.0,0.123471856,0.7485578,0.0,0.0,0.12797032
3,6,0.0,0.0,0.0,0.0,0.0,0.123471856,0.7485578,0.0,0.0,0.12797032
3,6,0.0,0.0,0.0,0.0,0.0,0.123471856,0.7485578,0.0,0.0,0.12797032
3,6,0.0,0.0,0.0,0.0,0.0,0.123471856,0.7485578,0.0,0.0,0.12797032
3,6,0.0,0.0,0.0,0.0,0.0,0.123471856,0.7485578,0.0,0.0,0.12797032
3,6,0.0,0.0,0.0,0.0,0.0,0.123471856,0.7485578,0.0,0.0,0.12797032
3,6,0.0,0.0,0.0,0.0,0.0,0.123471856,0.7485578,0.0,0.0,0.12797032
3,6,0.0,0.0,0.0,0.0,0.0,0.123471856,0.7485578,0.0,0.0,0.12797032
3,6,0.0,0.0,0.0,0.0,0.0,0.123471856,0.7485578,0.0,0.0,0.12797032
3,6,0.0,0.0,0.0,0.0,0.0,0.123471856,0.7485578,0.0,0.0,0.12797032
3,6,0.0,0.0,0.0,0.0,0.0,0.123471856,0.7485578,0.0,0.0,0.12797032
3,6,0.0,0.0,0.0,0.0,0.0,0.123471856,0.7485578,0.0,0.0,0.12797032
3,6,0.0,0.0,0.0,0.0,0.0,0.123471856,0.7485578,0.0,0.0,0.12797032
3,6,0.0,0.0,0.0,0.0,0.0,0.123471856,0.7485578,0.0,0.0,0.12797032
3,6,0.0,0.0,0.0,0.0,0.0,0.123471856,0.7485578,0.0,0.0,0.12797032
3,6,0.0,0.0,0.0,0.0,0.0,0.123471856,0.7485578,0.0,0.0,0.12797032
3,6,0.0,0.0,0.0,0.0,0.0,0.123471856,0.7485578,0.0,0.0,0.12797032
3,6,0.0,0.0,0.0,0.0,0.0,0.123471856,0.7485578,0.0,0.0,0.12797032
3,6,0.0,0.0,0.0,0.0,0.0,0.123471856,0.7485578,0.0,0.0,0.12797032
3,6,0.0,0.0,0.0,0.0,0.0,0.123471856,0.7485578,0.0,0.0,0.12797032
3,6,0.0,0.0,0.0,0.0,0.0,0.123471856,0.7485578,0.0,0.0,0.12797032
3,6,0.0,0.0,0.0,0.0,0.0,0.12347187,0.8076167,0.0,0.0,0.06891143
3,6,0.0,0.0,0.0,0.0,0.0,0.12347187,0.8076167,0.0,0.0,0.06891143
3,6,0.0,0.0,0.0,0.0,0.0,0.12347187,0.8076167,0.0,0.0,0.06891143
3,6,0.0,0.0,0.0,0.0,0.0,0.12347187,0.8076167,0.0,0.0,0.06891143
3,6,0.0,0.0,0.0,0.0,0.0,0.0634204,0.86766815,0.0,0.0,0.06891143
3,6,0.0,0.0,0.0,0.0,0.0,0.0634204,0.86766815,0.0,0.0,0.06891143
3,6,0.0,0.0,0.0,0.0,0.0,0.0634204,0.86766815,0.0,0.0,0.06891143
3,6,0.0,0.0,0.0,0.0,0.0,0.0634204,0.86766815,0.0,0.0,0.06891143
3,6,0.0,0.0,0.0,0.0,0.0,0.0634204,0.86766815,0.0,0.0,0.06891143
3,6,0.0,0.0,0.0,0.0,0.0,0.0634204,0.86766815,0.0,0.0,0.06891143
3,6,0.0,0.0,0.0,0.0,0.0,0.0634204,0.86766815,0.0,0.0,0.06891143
3,6,0.0,0.0,0.0,0.0,0.0,0.0634204,0.86766815,0.0,0.0,0.06891143
3,6,0.0,0.0,0.0,0.0,0.0,0.0634204,0.86766815,0.0,0.0,0.06891143
3,6,0.0,0.0,0.0,0.0,0.0,0.0634204,0.86766815,0.0,0.0,0.06891143
3,6,0.0,0.0,0.0,0.0,0.0,0.0634204,0.86766815,0.0,0.0,0.06891143
3,6,0.0,0.0,0.0,0.0,0.0,0.0634204,0.86766815,0.0,0.0,0.06891143
3,6,0.0,0.0,0.0,0.0,0.0,0.0634204,0.86766815,0.0,0.0,0.06891143
3,6,0.0,0.0,0.0,0.0,0.0,0.0,0.93108857,0.0,0.0,0.06891143
3,6,0.0,0.0,0.0,0.0,0.0,0.0,0.93108857,0.0,0.0,0.06891143
3,6,0.0,0.0,0.0,0.0,0.0,0.0,0.93108857,0.0,0.0,0.06891143
3,6,0.0,0.0,0.0,0.0,0.0,0.0,0.93108857,0.0,0.0,0.06891143
3,6,0.0,0.0,0.0,0.0,0.0,0.0,0.93108857,0.0,0.0,0.06891143
3,6,0.0,0.0,0.0,0.0,0.0,0.0,0.93108857,0.0,0.0,0.06891143
3,6,0.0,0.0,0.0,0.0,0.0,0.0,0.93108857,0.0,0.0,0.06891143
3,6,0.0,0.0,0.0,0.0,0.0,0.0,0.93108857,0.0,0.0,0.06891143
3,6,0.0,0.0,0.0,0.0,0.0,0.0,0.93108857,0.0,0.0,0.06891143
3,6,0.0,0.0,0.0,0.0,0.0,0.0,0.93108857,0.0,0.0,0.06891143
3,6,0.0,0.0,0.0,0.0,0.0,0.0,0.93108857,0.0,0.0,0.06891143
3,6,0.0,0.0,0.0,0.0,0.0,0.0,0.93108857,0.0,0.0,0.06891143
3,6,0.0,0.0,0.0,0.0,0.0,0.0,0.93108857,0.0,0.0,0.06891143
3,6,0.0,0.0,0.0,0.0,0.0,0.0,0.93108857,0.0,0.0,0.06891143
3,6,0.0,0.0,0.0,0.0,0.0,0.0,0.93108857,0.0,0.0,0.06891143
3,6,0.0,0.0,0.0,0.0,0.0,0.0,0.93108857,0.0,0.0,0.06891143
3,6,0.0,0.0,0.0,0.0,0.0,0.0,0.93108857,0.0,0.0,0.06891143
3,6,0.0,0.0,0.0,0.0,0.0,0.0,0.93108857,0.0,0.0,0.06891143
3,6,0.0,0.0,0.0,0.0,0.0,0.0,0.93108857,0.0,0.0,0.06891143
3,6,0.0,0.0,0.0,0.0,0.0,0.0,0.93108857,0.0,0.0,0.06891143
3,6,0.0,0.0,0.0,0.0,0.0,0.0,0.93108857,0.0,0.0,0.06891143
3,6,0.0,0.0,0.0,0.0,0.0,0.0,0.93108857,0.0,0.0,0.06891143
3,6,0.0,0.0,0.0,0.0,0.0,0.0,0.93108857,0.0,0.0,0.06891143
3,6,0.0,0.0,0.0,0.0,0.0,0.0,0.93108857,0.0,0.0,0.06891143
3,6,0.0,0.0,0.0,0.0,0.0,0.0,0.93108857,0.0,0.0,0.06891143
3,6,0.0,0.0,0.0,0.0,0.0,0.0,0.93108857,0.0,0.0,0.06891143
3,6,0.0,0.0,0.0,0.0,0.0,0.0,0.93108857,0.0,0.0,0.06891143
3,6,0.0,0.0,0.0,0.0,0.0,0.0,0.93108857,0.0,0.0,0.06891143
3,6,0.0,0.0,0.0,0.0,0.0,0.0,0.93108857,0.0,0.0,0.06891143
3,6,0.0,0.0,0.0,0.0,0.0,0.0,1.0,0.0,0.0,0.0
3,6,0.0,0.0,0.0,0.0,0.0,0.0,1.0,0.0,0.0,0.0
3,6,0.0,0.0,0.0,0.0,0.0,0.0,1.0,0.0,0.0,0.0
3,6,0.0,0.0,0.0,0.0,0.0,0.0,1.0,0.0,0.0,0.0
3,6,0.0,0.0,0.0,0.0,0.0,0.0,1.0,0.0,0.0,0.0
3,6,0.0,0.0,0.0,0.0,0.0,0.0,1.0,0.0,0.0,0.0
3,6,0.0,0.0,0.0,0.0,0.0,0.0,1.0,0.0,0.0,0.0
3,6,0.0,0.0,0.0,0.0,0.0,0.0,1.0,0.0,0.0,0.0
3,6,0.0,0.0,0.0,0.0,0.0,0.0,1.0,0.0,0.0,0.0
3,6,0.0,0.0,0.0,0.0,0.0,0.0,1.0,0.0,0.0,0.0
3,6,0.0,0.0,0.0,0.0,0.0,0.0,1.0,0.0,0.0,0.0
3,6,0.0,0.0,0.0,0.0,0.0,0.0,1.0,0.0,0.0,0.0
3,6,0.0,0.0,0.0,0.0,0.0,0.0,1.0,0.0,0.0,0.0
3,6,0.0,0.0,0.0,0.0,0.0,0.0,1.0,0.0,0.0,0.0
3,6,0.0,0.0,0.0,0.0,0.0,0.0,1.0,0.0,0.0,0.0
3,6,0.0,0.0,0.0,0.0,0.0,0.0,1.0,0.0,0.0,0.0
3,6,0.0,0.0,0.0,0.0,0.0,0.0,1.0,0.0,0.0,0.0
3,6,0.0,0.0,0.0,0.0,0.0,0.0,1.0,0.0,0.0,0.0
3,6,0.0,0.0,0.0,0.0,0.0,0.0,1.0,0.0,0.0,0.0
3,6,0.0,0.0,0.0,0.0,0.0,0.0,1.0,0.0,0.0,0.0
3,6,0.0,0.0,0.0,0.0,0.0,0.0,1.0,0.0,0.0,0.0
3,6,0.0,0.0,0.0,0.0,0.0,0.0,1.0,0.0,0.0,0.0
3,6,0.0,0.0,0.0,0.0,0.0,0.0,1.0,0.0,0.0,0.0
3,6,0.0,0.0,0.0,0.0,0.0,0.0,1.0,0.0,0.0,0.0
3,6,0.0,0.0,0.0,0.0,0.0,0.0,1.0,0.0,0.0,0.0
3,6,0.0,0.0,0.0,0.0,0.0,0.0,1.0,0.0,0.0,0.0
3,6,0.0,0.0,0.0,0.0,0.0,0.0,1.0,0.0,0.0,0.0
3,6,0.0,0.0,0.0,0.0,0.0,0.0,1.0,0.0,0.0,0.0
3,6,0.0,0.0,0.0,0.0,0.0,0.0,1.0,0.0,0.0,0.0
3,6,0.0,0.0,0.0,0.0,0.0,0.0,1.0,0.0,0.0,0.0
3,6,0.0,0.0,0.0,0.0,0.0,0.0,1.0,0.0,0.0,0.0
3,6,0.0,0.0,0.0,0.0,0.0,0.0,1.0,0.0,0.0,0.0
3,6,0.0,0.0,0.0,0.0,0.0,0.0,1.0,0.0,0.0,0.0
3,6,0.0,0.0,0.0,0.0,0.0,0.0,1.0,0.0,0.0,0.0
3,6,0.0,0.0,0.0,0.0,0.0,0.0,1.0,0.0,0.0,0.0
3,6,0.0,0.0,0.0,0.0,0.0,0.0,1.0,0.0,0.0,0.0
3,6,0.0,0.0,0.0,0.0,0.0,0.0,1.0,0.0,0.0,0.0
3,6,0.0,0.0,0.0,0.0,0.0,0.0,1.0,0.0,0.0,0.0
3,6,0.0,0.0,0.0,0.0,0.0,0.0,1.0,0.0,0.0,0.0
3,6,0.0,0.0,0.0,0.0,0.0,0.0,1.0,0.0,0.0,0.0
3,6,0.0,0.0,0.0,0.0,0.0,0.0,1.0,0.0,0.0,0.0
3,6,0.0,0.0,0.0,0.0,0.0,0.0,1.0,0.0,0.0,0.0
3,6,0.0,0.0,0.0,0.0,0.0,0.0,1.0,0.0,0.0,0.0
3,6,0.0,0.0,0.0,0.0,0.0,0.0,1.0,0.0,0.0,0.0
3,6,0.0,0.0,0.0,0.0,0.0,0.0,1.0,0.0,0.0,0.0
3,6,0.0,0.0,0.0,0.0,0.0,0.0,1.0,0.0,0.0,0.0
3,6,0.0,0.0,0.0,0.0,0.0,0.0,1.0,0.0,0.0,0.0
3,6,0.0,0.0,0.0,0.0,0.0,0.0,1.0,0.0,0.0,0.0
3,6,0.0,0.0,0.0,0.0,0.0,0.0,1.0,0.0,0.0,0.0
3,6,0.0,0.0,0.0,0.0,0.0,0.0,1.0,0.0,0.0,0.0
3,6,0.0,0.0,0.0,0.0,0.0,0.0,1.0,0.0,0.0,0.0
3,6,0.0,0.0,0.0,0.0,0.0,0.0,1.0,0.0,0.0,0.0
3,6,0.0,0.0,0.0,0.0,0.0,0.0,1.0,0.0,0.0,0.0
3,6,0.0,0.0,0.0,0.0,0.0,0.0,1.0,0.0,0.0,0.0
3,6,0.0,0.0,0.0,0.0,0.0,0.0,1.0,0.0,0.0,0.0
3,6,0.0,0.0,0.0,0.0,0.0,0.0,1.0,0.0,0.0,0.0
3,6,0.0,0.0,0.0,0.0,0.0,0.0,1.0,0.0,0.0,0.0
3,6,0.0,0.0,0.0,0.0,0.0,0.0,1.0,0.0,0.0,0.0
3,6,0.0,0.0,0.0,0.0,0.0,0.0,1.0,0.0,0.0,0.0
3,6,0.0,0.0,0.0,0.0,0.0,0.0,1.0,0.0,0.0,0.0
3,6,0.0,0.0,0.0,0.0,0.0,0.0,1.0,0.0,0.0,0.0
3,6,0.0,0.0,0.0,0.0,0.0,0.0,1.0,0.0,0.0,0.0
3,6,0.0,0.0,0.0,0.0,0.0,0.0,1.0,0.0,0.0,0.0
3,6,0.0,0.0,0.0,0.0,0.0,0.0,1.0,0.0,0.0,0.0
3,6,0.0,0.0,0.0,0.0,0.0,0.0,1.0,0.0,0.0,0.0
3,6,0.0,0.0,0.0,0.0,0.0,0.0,1.0,0.0,0.0,0.0
3,6,0.0,0.0,0.0,0.0,0.0,0.0,1.0,0.0,0.0,0.0
3,6,0.0,0.0,0.0,0.0,0.0,0.0,1.0,0.0,0.0,0.0
3,6,0.0,0.0,0.0,0.0,0.0,0.0,1.0,0.0,0.0,0.0
3,6,0.0,0.0,0.0,0.0,0.0,0.0,1.0,0.0,0.0,0.0
3,6,0.0,0.0,0.0,0.0,0.0,0.0,1.0,0.0,0.0,0.0
3,6,0.0,0.0,0.0,0.0,0.0,0.0,1.0,0.0,0.0,0.0
3,6,0.0,0.0,0.0,0.0,0.0,0.0,1.0,0.0,0.0,0.0
3,6,0.0,0.0,0.0,0.0,0.0,0.0,1.0,0.0,0.0,0.0
3,6,0.0,0.0,0.0,0.0,0.0,0.0,1.0,0.0,0.0,0.0
3,6,0.0,0.0,0.0,0.0,0.0,0.0,1.0,0.0,0.0,0.0
3,6,0.0,0.0,0.0,0.0,0.0,0.0,1.0,0.0,0.0,0.0
3,6,0.0,0.0,0.0,0.0,0.0,0.0,1.0,0.0,0.0,0.0
3,6,0.0,0.0,0.0,0.0,0.0,0.0,1.0,0.0,0.0,0.0
3,6,0.0,0.0,0.0,0.0,0.0,0.0,1.0,0.0,0.0,0.0
3,6,0.0,0.0,0.0,0.0,0.0,0.0,1.0,0.0,0.0,0.0
3,6,0.0,0.0,0.0,0.0,0.0,0.0,1.0,0.0,0.0,0.0
3,6,0.0,0.0,0.0,0.0,0.0,0.0,1.0,0.0,0.0,0.0
3,6,0.0,0.0,0.0,0.0,0.0,0.0,1.0,0.0,0.0,0.0
3,6,0.0,0.0,0.0,0.0,0.0,0.0,1.0,0.0,0.0,0.0
3,6,0.0,0.0,0.0,0.0,0.0,0.0,1.0,0.0,0.0,0.0
3,6,0.0,0.0,0.0,0.0,0.0,0.0,1.0,0.0,0.0,0.0
3,6,0.0,0.0,0.0,0.0,0.0,0.0,1.0,0.0,0.0,0.0
3,6,0.0,0.0,0.0,0.0,0.0,0.0,1.0,0.0,0.0,0.0
3,6,0.0,0.0,0.0,0.0,0.0,0.0,1.0,0.0,0.0,0.0
3,6,0.0,0.0,0.0,0.0,0.0,0.0,1.0,0.0,0.0,0.0
3,6,0.0,0.0,0.0,0.0,0.0,0.0,1.0,0.0,0.0,0.0
3,6,0.0,0.0,0.0,0.0,0.0,0.0,1.0,0.0,0.0,0.0
3,6,0.0,0.0,0.0,0.0,0.0,0.0,1.0,0.0,0.0,0.0
3,6,0.0,0.0,0.0,0.0,0.0,0.0,1.0,0.0,0.0,0.0
3,6,0.0,0.0,0.0,0.0,0.0,0.0,1.0,0.0,0.0,0.0
3,6,0.0,0.0,0.0,0.0,0.0,0.0,1.0,0.0,0.0,0.0
3,6,0.0,0.0,0.0,0.0,0.0,0.0,1.0,0.0,0.0,0.0
3,6,0.0,0.0,0.0,0.0,0.0,0.0,1.0,0.0,0.0,0.0
3,6,0.0,0.0,0.0,0.0,0.0,0.0,1.0,0.0,0.0,0.0
3,6,0.0,0.0,0.0,0.0,0.0,0.0,1.0,0.0,0.0,0.0
3,6,0.0,0.0,0.0,0.0,0.0,0.0,1.0,0.0,0.0,0.0
3,6,0.0,0.0,0.0,0.0,0.0,0.0,1.0,0.0,0.0,0.0
3,6,0.0,0.0,0.0,0.0,0.0,0.0,1.0,0.0,0.0,0.0
3,6,0.0,0.0,0.0,0.0,0.0,0.0,1.0,0.0,0.0,0.0
3,6,0.0,0.0,0.0,0.0,0.0,0.0,1.0,0.0,0.0,0.0
3,6,0.0,0.0,0.0,0.0,0.0,0.0,1.0,0.0,0.0,0.0
3,6,0.0,0.0,0.0,0.0,0.0,0.0,1.0,0.0,0.0,0.0
3,6,0.0,0.0,0.0,0.0,0.0,0.0,1.0,0.0,0.0,0.0
3,6,0.0,0.0,0.0,0.0,0.0,0.0,1.0,0.0,0.0,0.0
3,6,0.0,0.0,0.0,0.0,0.0,0.0,1.0,0.0,0.0,0.0
3,6,0.0,0.0,0.0,0.0,0.0,0.0,1.0,0.0,0.0,0.0
3,6,0.0,0.0,0.0,0.0,0.0,0.0,1.0,0.0,0.0,0.0
3,6,0.0,0.0,0.0,0.0,0.0,0.0,1.0,0.0,0.0,0.0
3,6,0.0,0.0,0.0,0.0,0.0,0.0,1.0,0.0,0.0,0.0
3,6,0.0,0.0,0.0,0.0,0.0,0.0,1.0,0.0,0.0,0.0
3,6,0.0,0.0,0.0,0.0,0.0,0.0,1.0,0.0,0.0,0.0
3,6,0.0,0.0,0.0,0.0,0.0,0.0,1.0,0.0,0.0,0.0
3,6,0.0,0.0,0.0,0.0,0.0,0.0,1.0,0.0,0.0,0.0
3,6,0.0,0.0,0.0,0.0,0.0,0.0,1.0,0.0,0.0,0.0
3,6,0.0,0.0,0.0,0.0,0.0,0.0,1.0,0.0,0.0,0.0
3,6,0.0,0.0,0.0,0.0,0.0,0.0,1.0,0.0,0.0,0.0
3,6,0.0,0.0,0.0,0.0,0.0,0.0,1.0,0.0,0.0,0.0
3,6,0.0,0.0,0.0,0.0,0.0,0.0,1.0,0.0,0.0,0.0
3,6,0.0,0.0,0.0,0.0,0.0,0.0,1.0,0.0,0.0,0.0
3,6,0.0,0.0,0.0,0.0,0.0,0.0,1.0,0.0,0.0,0.0
3,6,0.0,0.0,0.0,0.0,0.0,0.0,1.0,0.0,0.0,0.0
3,6,0.0,0.0,0.0,0.0,0.0,0.0,1.0,0.0,0.0,0.0
3,6,0.0,0.0,0.0,0.0,0.0,0.0,1.0,0.0,0.0,0.0
3,6,0.0,0.0,0.0,0.0,0.0,0.0,1.0,0.0,0.0,0.0
3,6,0.0,0.0,0.0,0.0,0.0,0.0,1.0,0.0,0.0,0.0
3,6,0.0,0.0,0.0,0.0,0.0,0.0,1.0,0.0,0.0,0.0
3,6,0.0,0.0,0.0,0.0,0.0,0.0,1.0,0.0,0.0,0.0
3,6,0.0,0.0,0.0,0.0,0.0,0.0,1.0,0.0,0.0,0.0
3,6,0.0,0.0,0.0,0.0,0.0,0.0,1.0,0.0,0.0,0.0
3,6,0.0,0.0,0.0,0.0,0.0,0.0,1.0,0.0,0.0,0.0
3,6,0.0,0.0,0.0,0.0,0.0,0.0,1.0,0.0,0.0,0.0
3,6,0.0,0.0,0.0,0.0,0.0,0.0,1.0,0.0,0.0,0.0
3,6,0.0,0.0,0.0,0.0,0.0,0.0,1.0,0.0,0.0,0.0
3,6,0.0,0.0,0.0,0.0,0.0,0.0,1.0,0.0,0.0,0.0
3,6,0.0,0.0,0.0,0.0,0.0,0.0,1.0,0.0,0.0,0.0
3,6,0.0,0.0,0.0,0.0,0.0,0.0,1.0,0.0,0.0,0.0
3,6,0.0,0.0,0.0,0.0,0.0,0.0,1.0,0.0,0.0,0.0
3,6,0.0,0.0,0.0,0.0,0.0,0.0,1.0,0.0,0.0,0.0
3,6,0.0,0.0,0.0,0.0,0.0,0.0,1.0,0.0,0.0,0.0
3,6,0.0,0.0,0.0,0.0,0.0,0.0,1.0,0.0,0.0,0.0
3,6,0.0,0.0,0.0,0.0,0.0,0.0,1.0,0.0,0.0,0.0
3,6,0.0,0.0,0.0,0.0,0.0,0.0,1.0,0.0,0.0,0.0
3,6,0.0,0.0,0.0,0.0,0.0,0.0,1.0,0.0,0.0,0.0
3,6,0.0,0.0,0.0,0.0,0.0,0.0,1.0,0.0,0.0,0.0
3,6,0.0,0.0,0.0,0.0,0.0,0.0,1.0,0.0,0.0,0.0
3,6,0.0,0.0,0.0,0.0,0.0,0.0,1.0,0.0,0.0,0.0
3,6,0.0,0.0,0.0,0.0,0.0,0.0,1.0,0.0,0.0,0.0
3,6,0.0,0.0,0.0,0.0,0.0,0.0,1.0,0.0,0.0,0.0
3,6,0.0,0.0,0.0,0.0,0.0,0.0,1.0,0.0,0.0,0.0
3,6,0.0,0.0,0.0,0.0,0.0,0.0,1.0,0.0,0.0,0.0
3,6,0.0,0.0,0.0,0.0,0.0,0.0,1.0,0.0,0.0,0.0
3,6,0.0,0.0,0.0,0.0,0.0,0.0,1.0,0.0,0.0,0.0
3,6,0.0,0.0,0.0,0.0,0.0,0.0,1.0,0.0,0.0,0.0
3,6,0.0,0.0,0.0,0.0,0.0,0.0,1.0,0.0,0.0,0.0
3,6,0.0,0.0,0.0,0.0,0.0,0.0,1.0,0.0,0.0,0.0
3,6,0.0,0.0,0.0,0.0,0.0,0.0,1.0,0.0,0.0,0.0
3,6,0.0,0.0,0.0,0.0,0.0,0.0,1.0,0.0,0.0,0.0
3,6,0.0,0.0,0.0,0.0,0.0,0.0,1.0,0.0,0.0,0.0
3,6,0.0,0.0,0.0,0.0,0.0,0.0,1.0,0.0,0.0,0.0
3,6,0.0,0.0,0.0,0.0,0.0,0.0,1.0,0.0,0.0,0.0
3,6,0.0,0.0,0.0,0.0,0.0,0.0,1.0,0.0,0.0,0.0
3,6,0.0,0.0,0.0,0.0,0.0,0.0,1.0,0.0,0.0,0.0
3,6,0.0,0.0,0.0,0.0,0.0,0.0,1.0,0.0,0.0,0.0
3,6,0.0,0.0,0.0,0.0,0.0,0.0,1.0,0.0,0.0,0.0
3,6,0.0,0.0,0.0,0.0,0.0,0.0,1.0,0.0,0.0,0.0
3,6,0.0,0.0,0.0,0.0,0.0,0.0,1.0,0.0,0.0,0.0
3,6,0.0,0.0,0.0,0.0,0.0,0.0,1.0,0.0,0.0,0.0
3,6,0.0,0.0,0.0,0.0,0.0,0.0,1.0,0.0,0.0,0.0
3,6,0.0,0.0,0.0,0.0,0.0,0.0,1.0,0.0,0.0,0.0
3,6,0.0,0.0,0.0,0.0,0.0,0.0,1.0,0.0,0.0,0.0
3,6,0.0,0.0,0.0,0.0,0.0,0.0,1.0,0.0,0.0,0.0
3,6,0.0,0.0,0.0,0.0,0.0,0.0,1.0,0.0,0.0,0.0
3,6,0.0,0.0,0.0,0.0,0.0,0.0,1.0,0.0,0.0,0.0
3,6,0.0,0.0,0.0,0.0,0.0,0.0,1.0,0.0,0.0,0.0
3,6,0.0,0.0,0.0,0.0,0.0,0.0,1.0,0.0,0.0,0.0
3,6,0.0,0.0,0.0,0.0,0.0,0.0,1.0,0.0,0.0,0.0
3,6,0.0,0.0,0.0,0.0,0.0,0.0,1.0,0.0,0.0,0.0
3,6,0.0,0.0,0.0,0.0,0.0,0.0,1.0,0.0,0.0,0.0
3,6,0.0,0.0,0.0,0.0,0.0,0.0,1.0,0.0,0.0,0.0
3,6,0.0,0.0,0.0,0.0,0.0,0.0,1.0,0.0,0.0,0.0
3,6,0.0,0.0,0.0,0.0,0.0,0.0,1.0,0.0,0.0,0.0
3,6,0.0,0.0,0.0,0.0,0.0,0.0,1.0,0.0,0.0,0.0
3,6,0.0,0.0,0.0,0.0,0.0,0.0,1.0,0.0,0.0,0.0
3,6,0.0,0.0,0.0,0.0,0.0,0.0,1.0,0.0,0.0,0.0
3,6,0.0,0.0,0.0,0.0,0.0,0.0,1.0,0.0,0.0,0.0
3,6,0.0,0.0,0.0,0.0,0.0,0.0,1.0,0.0,0.0,0.0
3,6,0.0,0.0,0.0,0.0,0.0,0.0,1.0,0.0,0.0,0.0
3,6,0.0,0.0,0.0,0.0,0.0,0.0,1.0,0.0,0.0,0.0
3,6,0.0,0.0,0.0,0.0,0.0,0.0,1.0,0.0,0.0,0.0
3,6,0.0,0.0,0.0,0.0,0.0,0.0,1.0,0.0,0.0,0.0
3,6,0.0,0.0,0.0,0.0,0.0,0.0,1.0,0.0,0.0,0.0
3,6,0.0,0.0,0.0,0.0,0.0,0.0,1.0,0.0,0.0,0.0
3,6,0.0,0.0,0.0,0.0,0.0,0.0,1.0,0.0,0.0,0.0
3,6,0.0,0.0,0.0,0.0,0.0,0.0,1.0,0.0,0.0,0.0
3,6,0.0,0.0,0.0,0.0,0.0,0.0,1.0,0.0,0.0,0.0
3,6,0.0,0.0,0.0,0.0,0.0,0.0,1.0,0.0,0.0,0.0
3,6,0.0,0.0,0.0,0.0,0.0,0.0,1.0,0.0,0.0,0.0
3,6,0.0,0.0,0.0,0.0,0.0,0.0,1.0,0.0,0.0,0.0
3,6,0.0,0.0,0.0,0.0,0.0,0.0,1.0,0.0,0.0,0.0
3,6,0.0,0.0,0.0,0.0,0.0,0.0,1.0,0.0,0.0,0.0
3,6,0.0,0.0,0.0,0.0,0.0,0.0,1.0,0.0,0.0,0.0
3,6,0.0,0.0,0.0,0.0,0.0,0.0,1.0,0.0,0.0,0.0
3,6,0.0,0.0,0.0,0.0,0.0,0.0,1.0,0.0,0.0,0.0
3,6,0.0,0.0,0.0,0.0,0.0,0.0,1.0,0.0,0.0,0.0
3,6,0.0,0.0,0.0,0.0,0.0,0.0,1.0,0.0,0.0,0.0
3,6,0.0,0.0,0.0,0.0,0.0,0.0,1.0,0.0,0.0,0.0
3,6,0.0,0.0,0.0,0.0,0.0,0.0,1.0,0.0,0.0,0.0
3,6,0.0,0.0,0.0,0.0,0.0,0.0,1.0,0.0,0.0,0.0
3,6,0.0,0.0,0.0,0.0,0.0,0.0,1.0,0.0,0.0,0.0
3,6,0.0,0.0,0.0,0.0,0.0,0.0,1.0,0.0,0.0,0.0
3,6,0.0,0.0,0.0,0.0,0.0,0.0,1.0,0.0,0.0,0.0
3,6,0.0,0.0,0.0,0.0,0.0,0.0,1.0,0.0,0.0,0.0
3,6,0.0,0.0,0.0,0.0,0.0,0.0,1.0,0.0,0.0,0.0
3,6,0.0,0.0,0.0,0.0,0.0,0.0,1.0,0.0,0.0,0.0
3,6,0.0,0.0,0.0,0.0,0.0,0.0,1.0,0.0,0.0,0.0
3,6,0.0,0.0,0.0,0.0,0.0,0.0,1.0,0.0,0.0,0.0
3,6,0.0,0.0,0.0,0.0,0.0,0.0,1.0,0.0,0.0,0.0
3,6,0.0,0.0,0.0,0.0,0.0,0.0,1.0,0.0,0.0,0.0
3,6,0.0,0.0,0.0,0.0,0.0,0.0,1.0,0.0,0.0,0.0
3,6,0.0,0.0,0.0,0.0,0.0,0.0,1.0,0.0,0.0,0.0
3,6,0.0,0.0,0.0,0.0,0.0,0.0,1.0,0.0,0.0,0.0
3,6,0.0,0.0,0.0,0.0,0.0,0.0,1.0,0.0,0.0,0.0
3,6,0.0,0.0,0.0,0.0,0.0,0.0,1.0,0.0,0.0,0.0
3,6,0.0,0.0,0.0,0.0,0.0,0.0,1.0,0.0,0.0,0.0
3,6,0.0,0.0,0.0,0.0,0.0,0.0,1.0,0.0,0.0,0.0
3,6,0.0,0.0,0.0,0.0,0.0,0.0,1.0,0.0,0.0,0.0
3,6,0.0,0.0,0.0,0.0,0.0,0.0,1.0,0.0,0.0,0.0
3,6,0.0,0.0,0.0,0.0,0.0,0.0,1.0,0.0,0.0,0.0
3,6,0.0,0.0,0.0,0.0,0.0,0.0,1.0,0.0,0.0,0.0
3,6,0.0,0.0,0.0,0.0,0.0,0.0,1.0,0.0,0.0,0.0
3,6,0.0,0.0,0.0,0.0,0.0,0.0,1.0,0.0,0.0,0.0
3,6,0.0,0.0,0.0,0.0,0.0,0.0,1.0,0.0,0.0,0.0
3,6,0.0,0.0,0.0,0.0,0.0,0.0,1.0,0.0,0.0,0.0
3,6,0.0,0.0,0.0,0.0,0.0,0.0,1.0,0.0,0.0,0.0
3,6,0.0,0.0,0.0,0.0,0.0,0.0,1.0,0.0,0.0,0.0
3,6,0.0,0.0,0.0,0.0,0.0,0.0,1.0,0.0,0.0,0.0
3,6,0.0,0.0,0.0,0.0,0.0,0.0,1.0,0.0,0.0,0.0
3,6,0.0,0.0,0.0,0.0,0.0,0.0,1.0,0.0,0.0,0.0
3,6,0.0,0.0,0.0,0.0,0.0,0.0,1.0,0.0,0.0,0.0
3,6,0.0,0.0,0.0,0.0,0.0,0.0,1.0,0.0,0.0,0.0
3,6,0.0,0.0,0.0,0.0,0.0,0.0,1.0,0.0,0.0,0.0
3,6,0.0,0.0,0.0,0.0,0.0,0.0,1.0,0.0,0.0,0.0
3,6,0.0,0.0,0.0,0.0,0.0,0.0,1.0,0.0,0.0,0.0
3,6,0.0,0.0,0.0,0.0,0.0,0.0,1.0,0.0,0.0,0.0
3,6,0.0,0.0,0.0,0.0,0.0,0.0,1.0,0.0,0.0,0.0
3,6,0.0,0.0,0.0,0.0,0.0,0.0,1.0,0.0,0.0,0.0
3,6,0.0,0.0,0.0,0.0,0.0,0.0,1.0,0.0,0.0,0.0
3,6,0.0,0.0,0.0,0.0,0.0,0.0,1.0,0.0,0.0,0.0
3,6,0.0,0.0,0.0,0.0,0.0,0.0,1.0,0.0,0.0,0.0
3,6,0.0,0.0,0.0,0.0,0.0,0.0,1.0,0.0,0.0,0.0
3,6,0.0,0.0,0.0,0.0,0.0,0.0,1.0,0.0,0.0,0.0
3,6,0.0,0.0,0.0,0.0,0.0,0.0,1.0,0.0,0.0,0.0
3,6,0.0,0.0,0.0,0.0,0.0,0.0,1.0,0.0,0.0,0.0
3,6,0.0,0.0,0.0,0.0,0.0,0.0,1.0,0.0,0.0,0.0
3,6,0.0,0.0,0.0,0.0,0.0,0.0,1.0,0.0,0.0,0.0
3,6,0.0,0.0,0.0,0.0,0.0,0.0,1.0,0.0,0.0,0.0
3,6,0.0,0.0,0.0,0.0,0.0,0.0,1.0,0.0,0.0,0.0
3,6,0.0,0.0,0.0,0.0,0.0,0.0,1.0,0.0,0.0,0.0
3,6,0.0,0.0,0.0,0.0,0.0,0.0,1.0,0.0,0.0,0.0
3,6,0.0,0.0,0.0,0.0,0.0,0.0,1.0,0.0,0.0,0.0
3,6,0.0,0.0,0.0,0.0,0.0,0.0,1.0,0.0,0.0,0.0
3,6,0.0,0.0,0.0,0.0,0.0,0.0,1.0,0.0,0.0,0.0
3,6,0.0,0.0,0.0,0.0,0.0,0.0,1.0,0.0,0.0,0.0
3,6,0.0,0.0,0.0,0.0,0.0,0.0,1.0,0.0,0.0,0.0
3,6,0.0,0.0,0.0,0.0,0.0,0.0,1.0,0.0,0.0,0.0
3,6,0.0,0.0,0.0,0.0,0.0,0.0,1.0,0.0,0.0,0.0
3,6,0.0,0.0,0.0,0.0,0.0,0.0,1.0,0.0,0.0,0.0
3,6,0.0,0.0,0.0,0.0,0.0,0.0,1.0,0.0,0.0,0.0
3,6,0.0,0.0,0.0,0.0,0.0,0.0,1.0,0.0,0.0,0.0
3,6,0.0,0.0,0.0,0.0,0.0,0.0,1.0,0.0,0.0,0.0
3,6,0.0,0.0,0.0,0.0,0.0,0.0,1.0,0.0,0.0,0.0
3,6,0.0,0.0,0.0,0.0,0.0,0.0,1.0,0.0,0.0,0.0
3,6,0.0,0.0,0.0,0.0,0.0,0.0,1.0,0.0,0.0,0.0
3,6,0.0,0.0,0.0,0.0,0.0,0.0,1.0,0.0,0.0,0.0
3,6,0.0,0.0,0.0,0.0,0.0,0.0,1.0,0.0,0.0,0.0
3,6,0.0,0.0,0.0,0.0,0.0,0.0,1.0,0.0,0.0,0.0
3,6,0.0,0.0,0.0,0.0,0.0,0.0,1.0,0.0,0.0,0.0
3,6,0.0,0.0,0.0,0.0,0.0,0.0,1.0,0.0,0.0,0.0
3,6,0.0,0.0,0.0,0.0,0.0,0.0,1.0,0.0,0.0,0.0
3,6,0.0,0.0,0.0,0.0,0.0,0.0,1.0,0.0,0.0,0.0
3,6,0.0,0.0,0.0,0.0,0.0,0.0,1.0,0.0,0.0,0.0
3,6,0.0,0.0,0.0,0.0,0.0,0.0,1.0,0.0,0.0,0.0
3,6,0.0,0.0,0.0,0.0,0.0,0.0,1.0,0.0,0.0,0.0
3,6,0.0,0.0,0.0,0.0,0.0,0.0,1.0,0.0,0.0,0.0
3,6,0.0,0.0,0.0,0.0,0.0,0.0,1.0,0.0,0.0,0.0
3,6,0.0,0.0,0.0,0.0,0.0,0.0,1.0,0.0,0.0,0.0
3,6,0.0,0.0,0.0,0.0,0.0,0.0,1.0,0.0,0.0,0.0
3,6,0.0,0.0,0.0,0.0,0.0,0.0,1.0,0.0,0.0,0.0
3,6,0.0,0.0,0.0,0.0,0.0,0.0,1.0,0.0,0.0,0.0
3,6,0.0,0.0,0.0,0.0,0.0,0.0,1.0,0.0,0.0,0.0
3,6,0.0,0.0,0.0,0.0,0.0,0.0,1.0,0.0,0.0,0.0
3,6,0.0,0.0,0.0,0.0,0.0,0.0,1.0,0.0,0.0,0.0
3,6,0.0,0.0,0.0,0.0,0.0,0.0,1.0,0.0,0.0,0.0
3,6,0.0,0.0,0.0,0.0,0.0,0.0,1.0,0.0,0.0,0.0
3,6,0.0,0.0,0.0,0.0,0.0,0.0,1.0,0.0,0.0,0.0
3,6,0.0,0.0,0.0,0.0,0.0,0.0,1.0,0.0,0.0,0.0
3,6,0.0,0.0,0.0,0.0,0.0,0.0,1.0,0.0,0.0,0.0
3,6,0.0,0.0,0.0,0.0,0.0,0.0,1.0,0.0,0.0,0.0
3,6,0.0,0.0,0.0,0.0,0.0,0.0,1.0,0.0,0.0,0.0
3,6,0.0,0.0,0.0,0.0,0.0,0.0,1.0,0.0,0.0,0.0
3,6,0.0,0.0,0.0,0.0,0.0,0.0,1.0,0.0,0.0,0.0
3,6,0.0,0.0,0.0,0.0,0.0,0.0,1.0,0.0,0.0,0.0
3,6,0.0,0.0,0.0,0.0,0.0,0.0,1.0,0.0,0.0,0.0
3,6,0.0,0.0,0.0,0.0,0.0,0.0,1.0,0.0,0.0,0.0
3,6,0.0,0.0,0.0,0.0,0.0,0.0,1.0,0.0,0.0,0.0
3,6,0.0,0.0,0.0,0.0,0.0,0.0,1.0,0.0,0.0,0.0
3,6,0.0,0.0,0.0,0.0,0.0,0.0,1.0,0.0,0.0,0.0
3,6,0.0,0.0,0.0,0.0,0.0,0.0,1.0,0.0,0.0,0.0
3,6,0.0,0.0,0.0,0.0,0.0,0.0,1.0,0.0,0.0,0.0
3,6,0.0,0.0,0.0,0.0,0.0,0.0,1.0,0.0,0.0,0.0
3,6,0.0,0.0,0.0,0.0,0.0,0.0,1.0,0.0,0.0,0.0
3,6,0.0,0.0,0.0,0.0,0.0,0.0,1.0,0.0,0.0,0.0
3,6,0.0,0.0,0.0,0.0,0.0,0.0,1.0,0.0,0.0,0.0
3,6,0.0,0.0,0.0,0.0,0.0,0.0,1.0,0.0,0.0,0.0
3,6,0.0,0.0,0.0,0.0,0.0,0.0,1.0,0.0,0.0,0.0
3,6,0.0,0.0,0.0,0.0,0.0,0.0,1.0,0.0,0.0,0.0
3,6,0.0,0.0,0.0,0.0,0.0,0.0,1.0,0.0,0.0,0.0
3,6,0.0,0.0,0.0,0.0,0.0,0.0,1.0,0.0,0.0,0.0
3,6,0.0,0.0,0.0,0.0,0.0,0.0,1.0,0.0,0.0,0.0
3,6,0.0,0.0,0.0,0.0,0.0,0.0,1.0,0.0,0.0,0.0
3,6,0.0,0.0,0.0,0.0,0.0,0.0,1.0,0.0,0.0,0.0
3,6,0.0,0.0,0.0,0.0,0.0,0.0,1.0,0.0,0.0,0.0
3,6,0.0,0.0,0.0,0.0,0.0,0.0,1.0,0.0,0.0,0.0
3,6,0.0,0.0,0.0,0.0,0.0,0.0,1.0,0.0,0.0,0.0
3,6,0.0,0.0,0.0,0.0,0.0,0.0,1.0,0.0,0.0,0.0
3,6,0.0,0.0,0.0,0.0,0.0,0.0,1.0,0.0,0.0,0.0
3,6,0.0,0.0,0.0,0.0,0.0,0.0,1.0,0.0,0.0,0.0
3,6,0.0,0.0,0.0,0.0,0.0,0.0,1.0,0.0,0.0,0.0
3,6,0.0,0.0,0.0,0.0,0.0,0.0,1.0,0.0,0.0,0.0
3,6,0.0,0.0,0.0,0.0,0.0,0.0,1.0,0.0,0.0,0.0
3,6,0.0,0.0,0.0,0.0,0.0,0.0,1.0,0.0,0.0,0.0
3,6,0.0,0.0,0.0,0.0,0.0,0.0,1.0,0.0,0.0,0.0
3,6,0.0,0.0,0.0,0.0,0.0,0.0,1.0,0.0,0.0,0.0
3,6,0.0,0.0,0.0,0.0,0.0,0.0,1.0,0.0,0.0,0.0
3,6,0.0,0.0,0.0,0.0,0.0,0.0,1.0,0.0,0.0,0.0
3,6,0.0,0.0,0.0,0.0,0.0,0.0,1.0,0.0,0.0,0.0
3,6,0.0,0.0,0.0,0.0,0.0,0.0,1.0,0.0,0.0,0.0
3,6,0.0,0.0,0.0,0.0,0.0,0.0,1.0,0.0,0.0,0.0
3,6,0.0,0.0,0.0,0.0,0.0,0.0,1.0,0.0,0.0,0.0
3,6,0.0,0.0,0.0,0.0,0.0,0.0,1.0,0.0,0.0,0.0
3,6,0.0,0.0,0.0,0.0,0.0,0.0,1.0,0.0,0.0,0.0
3,6,0.0,0.0,0.0,0.0,0.0,0.0,1.0,0.0,0.0,0.0
3,6,0.0,0.0,0.0,0.0,0.0,0.0,1.0,0.0,0.0,0.0
3,6,0.0,0.0,0.0,0.0,0.0,0.0,1.0,0.0,0.0,0.0
3,6,0.0,0.0,0.0,0.0,0.0,0.0,1.0,0.0,0.0,0.0
3,6,0.0,0.0,0.0,0.0,0.0,0.0,1.0,0.0,0.0,0.0
3,6,0.0,0.0,0.0,0.0,0.0,0.0,1.0,0.0,0.0,0.0
3,6,0.0,0.0,0.0,0.0,0.0,0.0,1.0,0.0,0.0,0.0
3,6,0.0,0.0,0.0,0.0,0.0,0.0,1.0,0.0,0.0,0.0
3,6,0.0,0.0,0.0,0.0,0.0,0.0,1.0,0.0,0.0,0.0
3,6,0.0,0.0,0.0,0.0,0.0,0.0,1.0,0.0,0.0,0.0
3,6,0.0,0.0,0.0,0.0,0.0,0.0,1.0,0.0,0.0,0.0
3,6,0.0,0.0,0.0,0.0,0.0,0.0,1.0,0.0,0.0,0.0
3,6,0.0,0.0,0.0,0.0,0.0,0.0,1.0,0.0,0.0,0.0
3,6,0.0,0.0,0.0,0.0,0.0,0.0,1.0,0.0,0.0,0.0
3,6,0.0,0.0,0.0,0.0,0.0,0.0,1.0,0.0,0.0,0.0
3,6,0.0,0.0,0.0,0.0,0.0,0.0,1.0,0.0,0.0,0.0
3,6,0.0,0.0,0.0,0.0,0.0,0.0,1.0,0.0,0.0,0.0
3,6,0.0,0.0,0.0,0.0,0.0,0.0,1.0,0.0,0.0,0.0
3,6,0.0,0.0,0.0,0.0,0.0,0.0,1.0,0.0,0.0,0.0
3,6,0.0,0.0,0.0,0.0,0.0,0.0,1.0,0.0,0.0,0.0
3,6,0.0,0.0,0.0,0.0,0.0,0.0,1.0,0.0,0.0,0.0
3,6,0.0,0.0,0.0,0.0,0.0,0.0,1.0,0.0,0.0,0.0
3,6,0.0,0.0,0.0,0.0,0.0,0.0,1.0,0.0,0.0,0.0
3,6,0.0,0.0,0.0,0.0,0.0,0.0,1.0,0.0,0.0,0.0
3,6,0.0,0.0,0.0,0.0,0.0,0.0,1.0,0.0,0.0,0.0
3,6,0.0,0.0,0.0,0.0,0.0,0.0,1.0,0.0,0.0,0.0
3,6,0.0,0.0,0.0,0.0,0.0,0.0,1.0,0.0,0.0,0.0
3,6,0.0,0.0,0.0,0.0,0.0,0.0,1.0,0.0,0.0,0.0
3,6,0.0,0.0,0.0,0.0,0.0,0.0,1.0,0.0,0.0,0.0
3,6,0.0,0.0,0.0,0.0,0.0,0.0,1.0,0.0,0.0,0.0
3,6,0.0,0.0,0.0,0.0,0.0,0.0,1.0,0.0,0.0,0.0
3,6,0.0,0.0,0.0,0.0,0.0,0.0,1.0,0.0,0.0,0.0
3,6,0.0,0.0,0.0,0.0,0.0,0.0,1.0,0.0,0.0,0.0
3,6,0.0,0.0,0.0,0.0,0.0,0.0,1.0,0.0,0.0,0.0
3,6,0.0,0.0,0.0,0.0,0.0,0.0,1.0,0.0,0.0,0.0
3,6,0.0,0.0,0.0,0.0,0.0,0.0,1.0,0.0,0.0,0.0
3,6,0.0,0.0,0.0,0.0,0.0,0.0,1.0,0.0,0.0,0.0
3,6,0.0,0.0,0.0,0.0,0.0,0.0,1.0,0.0,0.0,0.0
3,6,0.0,0.0,0.0,0.0,0.0,0.0,1.0,0.0,0.0,0.0
3,6,0.0,0.0,0.0,0.0,0.0,0.0,1.0,0.0,0.0,0.0
3,6,0.0,0.0,0.0,0.0,0.0,0.0,1.0,0.0,0.0,0.0
3,6,0.0,0.0,0.0,0.0,0.0,0.0,1.0,0.0,0.0,0.0
3,6,0.0,0.0,0.0,0.0,0.0,0.0,1.0,0.0,0.0,0.0
3,6,0.0,0.0,0.0,0.0,0.0,0.0,1.0,0.0,0.0,0.0
3,6,0.0,0.0,0.0,0.0,0.0,0.0,1.0,0.0,0.0,0.0
3,6,0.0,0.0,0.0,0.0,0.0,0.0,1.0,0.0,0.0,0.0
3,6,0.0,0.0,0.0,0.0,0.0,0.0,1.0,0.0,0.0,0.0
3,6,0.0,0.0,0.0,0.0,0.0,0.0,1.0,0.0,0.0,0.0
3,6,0.0,0.0,0.0,0.0,0.0,0.0,1.0,0.0,0.0,0.0
3,6,0.0,0.0,0.0,0.0,0.0,0.0,1.0,0.0,0.0,0.0
3,6,0.0,0.0,0.0,0.0,0.0,0.0,1.0,0.0,0.0,0.0
3,6,0.0,0.0,0.0,0.0,0.0,0.0,1.0,0.0,0.0,0.0
3,6,0.0,0.0,0.0,0.0,0.0,0.0,1.0,0.0,0.0,0.0
3,6,0.0,0.0,0.0,0.0,0.0,0.0,1.0,0.0,0.0,0.0
3,6,0.0,0.0,0.0,0.0,0.0,0.0,1.0,0.0,0.0,0.0
3,6,0.0,0.0,0.0,0.0,0.0,0.0,1.0,0.0,0.0,0.0
3,6,0.0,0.0,0.0,0.0,0.0,0.0,1.0,0.0,0.0,0.0
3,6,0.0,0.0,0.0,0.0,0.0,0.0,1.0,0.0,0.0,0.0
3,6,0.0,0.0,0.0,0.0,0.0,0.0,1.0,0.0,0.0,0.0
3,6,0.0,0.0,0.0,0.0,0.0,0.0,1.0,0.0,0.0,0.0
3,6,0.0,0.0,0.0,0.0,0.0,0.0,1.0,0.0,0.0,0.0
3,6,0.0,0.0,0.0,0.0,0.0,0.0,1.0,0.0,0.0,0.0
3,6,0.0,0.0,0.0,0.0,0.0,0.0,1.0,0.0,0.0,0.0
3,6,0.0,0.0,0.0,0.0,0.0,0.0,1.0,0.0,0.0,0.0
3,6,0.0,0.0,0.0,0.0,0.0,0.0,1.0,0.0,0.0,0.0
3,6,0.0,0.0,0.0,0.0,0.0,0.0,1.0,0.0,0.0,0.0
3,6,0.0,0.0,0.0,0.0,0.0,0.0,1.0,0.0,0.0,0.0
3,6,0.0,0.0,0.0,0.0,0.0,0.0,1.0,0.0,0.0,0.0
3,6,0.0,0.0,0.0,0.0,0.0,0.0,1.0,0.0,0.0,0.0
3,6,0.0,0.0,0.0,0.0,0.0,0.0,1.0,0.0,0.0,0.0
3,6,0.0,0.0,0.0,0.0,0.0,0.0,1.0,0.0,0.0,0.0
3,6,0.0,0.0,0.0,0.0,0.0,0.0,1.0,0.0,0.0,0.0
3,6,0.0,0.0,0.0,0.0,0.0,0.0,1.0,0.0,0.0,0.0
3,6,0.0,0.0,0.0,0.0,0.0,0.0,1.0,0.0,0.0,0.0
3,6,0.0,0.0,0.0,0.0,0.0,0.0,1.0,0.0,0.0,0.0
3,6,0.0,0.0,0.0,0.0,0.0,0.0,1.0,0.0,0.0,0.0
3,6,0.0,0.0,0.0,0.0,0.0,0.0,1.0,0.0,0.0,0.0
3,6,0.0,0.0,0.0,0.0,0.0,0.0,1.0,0.0,0.0,0.0
3,6,0.0,0.0,0.0,0.0,0.0,0.0,1.0,0.0,0.0,0.0
3,6,0.0,0.0,0.0,0.0,0.0,0.0,1.0,0.0,0.0,0.0
3,6,0.0,0.0,0.0,0.0,0.0,0.0,1.0,0.0,0.0,0.0
3,6,0.0,0.0,0.0,0.0,0.0,0.0,1.0,0.0,0.0,0.0
3,6,0.0,0.0,0.0,0.0,0.0,0.0,1.0,0.0,0.0,0.0
3,6,0.0,0.0,0.0,0.0,0.0,0.0,1.0,0.0,0.0,0.0
3,6,0.0,0.0,0.0,0.0,0.0,0.0,1.0,0.0,0.0,0.0
3,6,0.0,0.0,0.0,0.0,0.0,0.0,1.0,0.0,0.0,0.0
3,6,0.0,0.0,0.0,0.0,0.0,0.0,1.0,0.0,0.0,0.0
3,6,0.0,0.0,0.0,0.0,0.0,0.0,1.0,0.0,0.0,0.0
3,6,0.0,0.0,0.0,0.0,0.0,0.0,1.0,0.0,0.0,0.0
3,6,0.0,0.0,0.0,0.0,0.0,0.0,1.0,0.0,0.0,0.0
3,6,0.0,0.0,0.0,0.0,0.0,0.0,1.0,0.0,0.0,0.0
3,6,0.0,0.0,0.0,0.0,0.0,0.0,1.0,0.0,0.0,0.0
3,6,0.0,0.0,0.0,0.0,0.0,0.0,1.0,0.0,0.0,0.0
3,6,0.0,0.0,0.0,0.0,0.0,0.0,1.0,0.0,0.0,0.0
3,6,0.0,0.0,0.0,0.0,0.0,0.0,1.0,0.0,0.0,0.0
3,6,0.0,0.0,0.0,0.0,0.0,0.0,1.0,0.0,0.0,0.0
3,6,0.0,0.0,0.0,0.0,0.0,0.0,1.0,0.0,0.0,0.0
3,6,0.0,0.0,0.0,0.0,0.0,0.0,1.0,0.0,0.0,0.0
3,6,0.0,0.0,0.0,0.0,0.0,0.0,1.0,0.0,0.0,0.0
3,6,0.0,0.0,0.0,0.0,0.0,0.0,1.0,0.0,0.0,0.0
3,6,0.0,0.0,0.0,0.0,0.0,0.0,1.0,0.0,0.0,0.0
3,6,0.0,0.0,0.0,0.0,0.0,0.0,1.0,0.0,0.0,0.0
3,6,0.0,0.0,0.0,0.0,0.0,0.0,1.0,0.0,0.0,0.0
3,6,0.0,0.0,0.0,0.0,0.0,0.0,1.0,0.0,0.0,0.0
3,6,0.0,0.0,0.0,0.0,0.0,0.0,1.0,0.0,0.0,0.0
3,6,0.0,0.0,0.0,0.0,0.0,0.0,1.0,0.0,0.0,0.0
3,6,0.0,0.0,0.0,0.0,0.0,0.0,1.0,0.0,0.0,0.0
3,6,0.0,0.0,0.0,0.0,0.0,0.0,1.0,0.0,0.0,0.0
3,6,0.0,0.0,0.0,0.0,0.0,0.0,1.0,0.0,0.0,0.0
3,6,0.0,0.0,0.0,0.0,0.0,0.0,1.0,0.0,0.0,0.0
3,6,0.0,0.0,0.0,0.0,0.0,0.0,1.0,0.0,0.0,0.0
3,6,0.0,0.0,0.0,0.0,0.0,0.0,1.0,0.0,0.0,0.0
3,6,0.0,0.0,0.0,0.0,0.0,0.0,1.0,0.0,0.0,0.0
3,6,0.0,0.0,0.0,0.0,0.0,0.0,1.0,0.0,0.0,0.0
3,6,0.0,0.0,0.0,0.0,0.0,0.0,1.0,0.0,0.0,0.0
3,6,0.0,0.0,0.0,0.0,0.0,0.0,1.0,0.0,0.0,0.0
3,6,0.0,0.0,0.0,0.0,0.0,0.0,1.0,0.0,0.0,0.0
3,6,0.0,0.0,0.0,0.0,0.0,0.0,1.0,0.0,0.0,0.0
3,6,0.0,0.0,0.0,0.0,0.0,0.0,1.0,0.0,0.0,0.0
3,6,0.0,0.0,0.0,0.0,0.0,0.0,1.0,0.0,0.0,0.0
3,6,0.0,0.0,0.0,0.0,0.0,0.0,1.0,0.0,0.0,0.0
3,6,0.0,0.0,0.0,0.0,0.0,0.0,1.0,0.0,0.0,0.0
3,6,0.0,0.0,0.0,0.0,0.0,0.0,1.0,0.0,0.0,0.0
3,6,0.0,0.0,0.0,0.0,0.0,0.0,1.0,0.0,0.0,0.0
3,6,0.0,0.0,0.0,0.0,0.0,0.0,1.0,0.0,0.0,0.0
3,6,0.0,0.0,0.0,0.0,0.0,0.0,1.0,0.0,0.0,0.0
3,6,0.0,0.0,0.0,0.0,0.0,0.0,1.0,0.0,0.0,0.0
3,6,0.0,0.0,0.0,0.0,0.0,0.0,1.0,0.0,0.0,0.0
3,6,0.0,0.0,0.0,0.0,0.0,0.0,1.0,0.0,0.0,0.0
3,6,0.0,0.0,0.0,0.0,0.0,0.0,1.0,0.0,0.0,0.0
3,6,0.0,0.0,0.0,0.0,0.0,0.0,1.0,0.0,0.0,0.0
3,6,0.0,0.0,0.0,0.0,0.0,0.0,1.0,0.0,0.0,0.0
3,6,0.0,0.0,0.0,0.0,0.0,0.0,1.0,0.0,0.0,0.0
3,6,0.0,0.0,0.0,0.0,0.0,0.0,1.0,0.0,0.0,0.0
3,6,0.0,0.0,0.0,0.0,0.0,0.0,1.0,0.0,0.0,0.0
3,6,0.0,0.0,0.0,0.0,0.0,0.0,1.0,0.0,0.0,0.0
3,6,0.0,0.0,0.0,0.0,0.0,0.0,1.0,0.0,0.0,0.0
3,6,0.0,0.0,0.0,0.0,0.0,0.0,1.0,0.0,0.0,0.0
3,6,0.0,0.0,0.0,0.0,0.0,0.0,1.0,0.0,0.0,0.0
3,6,0.0,0.0,0.0,0.0,0.0,0.0,1.0,0.0,0.0,0.0
3,6,0.0,0.0,0.0,0.0,0.0,0.0,1.0,0.0,0.0,0.0
3,6,0.0,0.0,0.0,0.0,0.0,0.0,1.0,0.0,0.0,0.0
3,6,0.0,0.0,0.0,0.0,0.0,0.0,1.0,0.0,0.0,0.0
3,6,0.0,0.0,0.0,0.0,0.0,0.0,1.0,0.0,0.0,0.0
3,6,0.0,0.0,0.0,0.0,0.0,0.0,1.0,0.0,0.0,0.0
3,6,0.0,0.0,0.0,0.0,0.0,0.0,1.0,0.0,0.0,0.0
3,6,0.0,0.0,0.0,0.0,0.0,0.0,1.0,0.0,0.0,0.0
3,6,0.0,0.0,0.0,0.0,0.0,0.0,1.0,0.0,0.0,0.0
3,6,0.0,0.0,0.0,0.0,0.0,0.0,1.0,0.0,0.0,0.0
3,6,0.0,0.0,0.0,0.0,0.0,0.0,1.0,0.0,0.0,0.0
3,6,0.0,0.0,0.0,0.0,0.0,0.0,1.0,0.0,0.0,0.0
3,6,0.0,0.0,0.0,0.0,0.0,0.0,1.0,0.0,0.0,0.0
3,6,0.0,0.0,0.0,0.0,0.0,0.0,1.0,0.0,0.0,0.0
3,6,0.0,0.0,0.0,0.0,0.0,0.0,1.0,0.0,0.0,0.0
3,6,0.0,0.0,0.0,0.0,0.0,0.0,1.0,0.0,0.0,0.0
3,6,0.0,0.0,0.0,0.0,0.0,0.0,1.0,0.0,0.0,0.0
3,6,0.0,0.0,0.0,0.0,0.0,0.0,1.0,0.0,0.0,0.0
3,6,0.0,0.0,0.0,0.0,0.0,0.0,1.0,0.0,0.0,0.0
3,6,0.0,0.0,0.0,0.0,0.0,0.0,1.0,0.0,0.0,0.0
3,6,0.0,0.0,0.0,0.0,0.0,0.0,1.0,0.0,0.0,0.0
3,6,0.0,0.0,0.0,0.0,0.0,0.0,1.0,0.0,0.0,0.0
3,6,0.0,0.0,0.0,0.0,0.0,0.0,1.0,0.0,0.0,0.0
3,6,0.0,0.0,0.0,0.0,0.0,0.0,1.0,0.0,0.0,0.0
3,6,0.0,0.0,0.0,0.0,0.0,0.0,1.0,0.0,0.0,0.0
3,6,0.0,0.0,0.0,0.0,0.0,0.0,1.0,0.0,0.0,0.0
3,6,0.0,0.0,0.0,0.0,0.0,0.0,1.0,0.0,0.0,0.0
3,6,0.0,0.0,0.0,0.0,0.0,0.0,1.0,0.0,0.0,0.0
3,6,0.0,0.0,0.0,0.0,0.0,0.0,1.0,0.0,0.0,0.0
3,6,0.0,0.0,0.0,0.0,0.0,0.0,1.0,0.0,0.0,0.0
3,6,0.0,0.0,0.0,0.0,0.0,0.0,1.0,0.0,0.0,0.0
3,6,0.0,0.0,0.0,0.0,0.0,0.0,1.0,0.0,0.0,0.0
3,6,0.0,0.0,0.0,0.0,0.0,0.0,1.0,0.0,0.0,0.0
3,6,0.0,0.0,0.0,0.0,0.0,0.0,1.0,0.0,0.0,0.0
3,6,0.0,0.0,0.0,0.0,0.0,0.0,1.0,0.0,0.0,0.0
3,6,0.0,0.0,0.0,0.0,0.0,0.0,1.0,0.0,0.0,0.0
3,6,0.0,0.0,0.0,0.0,0.0,0.0,1.0,0.0,0.0,0.0
3,6,0.0,0.0,0.0,0.0,0.0,0.0,1.0,0.0,0.0,0.0
3,6,0.0,0.0,0.0,0.0,0.0,0.0,1.0,0.0,0.0,0.0
3,6,0.0,0.0,0.0,0.0,0.0,0.0,1.0,0.0,0.0,0.0
3,6,0.0,0.0,0.0,0.0,0.0,0.0,1.0,0.0,0.0,0.0
3,6,0.0,0.0,0.0,0.0,0.0,0.0,1.0,0.0,0.0,0.0
3,6,0.0,0.0,0.0,0.0,0.0,0.0,1.0,0.0,0.0,0.0
3,6,0.0,0.0,0.0,0.0,0.0,0.0,1.0,0.0,0.0,0.0
3,6,0.0,0.0,0.0,0.0,0.0,0.0,1.0,0.0,0.0,0.0
3,6,0.0,0.0,0.0,0.0,0.0,0.0,1.0,0.0,0.0,0.0
3,6,0.0,0.0,0.0,0.0,0.0,0.0,1.0,0.0,0.0,0.0
3,6,0.0,0.0,0.0,0.0,0.0,0.0,1.0,0.0,0.0,0.0
3,6,0.0,0.0,0.0,0.0,0.0,0.0,1.0,0.0,0.0,0.0
3,6,0.0,0.0,0.0,0.0,0.0,0.0,1.0,0.0,0.0,0.0
3,6,0.0,0.0,0.0,0.0,0.0,0.0,1.0,0.0,0.0,0.0
3,6,0.0,0.0,0.0,0.0,0.0,0.0,1.0,0.0,0.0,0.0
3,6,0.0,0.0,0.0,0.0,0.0,0.0,1.0,0.0,0.0,0.0
3,6,0.0,0.0,0.0,0.0,0.0,0.0,1.0,0.0,0.0,0.0
3,6,0.0,0.0,0.0,0.0,0.0,0.0,1.0,0.0,0.0,0.0
3,6,0.0,0.0,0.0,0.0,0.0,0.0,1.0,0.0,0.0,0.0
3,6,0.0,0.0,0.0,0.0,0.0,0.0,1.0,0.0,0.0,0.0
3,6,0.0,0.0,0.0,0.0,0.0,0.0,1.0,0.0,0.0,0.0
3,6,0.0,0.0,0.0,0.0,0.0,0.0,1.0,0.0,0.0,0.0
3,6,0.0,0.0,0.0,0.0,0.0,0.0,1.0,0.0,0.0,0.0
3,6,0.0,0.0,0.0,0.0,0.0,0.0,1.0,0.0,0.0,0.0
3,6,0.0,0.0,0.0,0.0,0.0,0.0,1.0,0.0,0.0,0.0
3,6,0.0,0.0,0.0,0.0,0.0,0.0,1.0,0.0,0.0,0.0
3,6,0.0,0.0,0.0,0.0,0.0,0.0,1.0,0.0,0.0,0.0
3,6,0.0,0.0,0.0,0.0,0.0,0.0,1.0,0.0,0.0,0.0
3,6,0.0,0.0,0.0,0.0,0.0,0.0,1.0,0.0,0.0,0.0
3,6,0.0,0.0,0.0,0.0,0.0,0.0,1.0,0.0,0.0,0.0
3,6,0.0,0.0,0.0,0.0,0.0,0.0,1.0,0.0,0.0,0.0
3,6,0.0,0.0,0.0,0.0,0.0,0.0,1.0,0.0,0.0,0.0
3,6,0.0,0.0,0.0,0.0,0.0,0.0,1.0,0.0,0.0,0.0
3,6,0.0,0.0,0.0,0.0,0.0,0.0,1.0,0.0,0.0,0.0
3,6,0.0,0.0,0.0,0.0,0.0,0.0,1.0,0.0,0.0,0.0
3,6,0.0,0.0,0.0,0.0,0.0,0.0,1.0,0.0,0.0,0.0
3,6,0.0,0.0,0.0,0.0,0.0,0.0,1.0,0.0,0.0,0.0
3,6,0.0,0.0,0.0,0.0,0.0,0.0,1.0,0.0,0.0,0.0
3,6,0.0,0.0,0.0,0.0,0.0,0.0,1.0,0.0,0.0,0.0
3,6,0.0,0.0,0.0,0.0,0.0,0.0,1.0,0.0,0.0,0.0
3,6,0.0,0.0,0.0,0.0,0.0,0.0,1.0,0.0,0.0,0.0
3,6,0.0,0.0,0.0,0.0,0.0,0.0,1.0,0.0,0.0,0.0
3,6,0.0,0.0,0.0,0.0,0.0,0.0,1.0,0.0,0.0,0.0
3,6,0.0,0.0,0.0,0.0,0.0,0.0,1.0,0.0,0.0,0.0
3,6,0.0,0.0,0.0,0.0,0.0,0.0,1.0,0.0,0.0,0.0
3,6,0.0,0.0,0.0,0.0,0.0,0.0,1.0,0.0,0.0,0.0
3,6,0.0,0.0,0.0,0.0,0.0,0.0,1.0,0.0,0.0,0.0
3,6,0.0,0.0,0.0,0.0,0.0,0.0,1.0,0.0,0.0,0.0
3,6,0.0,0.0,0.0,0.0,0.0,0.0,1.0,0.0,0.0,0.0
3,6,0.0,0.0,0.0,0.0,0.0,0.0,1.0,0.0,0.0,0.0
3,6,0.0,0.0,0.0,0.0,0.0,0.0,1.0,0.0,0.0,0.0
3,6,0.0,0.0,0.0,0.0,0.0,0.0,1.0,0.0,0.0,0.0
3,6,0.0,0.0,0.0,0.0,0.0,0.0,1.0,0.0,0.0,0.0
3,6,0.0,0.0,0.0,0.0,0.0,0.0,1.0,0.0,0.0,0.0
3,6,0.0,0.0,0.0,0.0,0.0,0.0,1.0,0.0,0.0,0.0
3,6,0.0,0.0,0.0,0.0,0.0,0.0,1.0,0.0,0.0,0.0
3,6,0.0,0.0,0.0,0.0,0.0,0.0,1.0,0.0,0.0,0.0
3,6,0.0,0.0,0.0,0.0,0.0,0.0,1.0,0.0,0.0,0.0
3,6,0.0,0.0,0.0,0.0,0.0,0.0,1.0,0.0,0.0,0.0
3,6,0.0,0.0,0.0,0.0,0.0,0.0,1.0,0.0,0.0,0.0
3,6,0.0,0.0,0.0,0.0,0.0,0.0,1.0,0.0,0.0,0.0
3,6,0.0,0.0,0.0,0.0,0.0,0.0,1.0,0.0,0.0,0.0
3,6,0.0,0.0,0.0,0.0,0.0,0.0,1.0,0.0,0.0,0.0
3,6,0.0,0.0,0.0,0.0,0.0,0.0,1.0,0.0,0.0,0.0
3,6,0.0,0.0,0.0,0.0,0.0,0.0,1.0,0.0,0.0,0.0
3,6,0.0,0.0,0.0,0.0,0.0,0.0,1.0,0.0,0.0,0.0
3,6,0.0,0.0,0.0,0.0,0.0,0.0,1.0,0.0,0.0,0.0
3,6,0.0,0.0,0.0,0.0,0.0,0.0,1.0,0.0,0.0,0.0
3,6,0.0,0.0,0.0,0.0,0.0,0.0,1.0,0.0,0.0,0.0
3,6,0.0,0.0,0.0,0.0,0.0,0.0,1.0,0.0,0.0,0.0
3,6,0.0,0.0,0.0,0.0,0.0,0.0,1.0,0.0,0.0,0.0
3,6,0.0,0.0,0.0,0.0,0.0,0.0,1.0,0.0,0.0,0.0
3,6,0.0,0.0,0.0,0.0,0.0,0.0,1.0,0.0,0.0,0.0
3,6,0.0,0.0,0.0,0.0,0.0,0.0,1.0,0.0,0.0,0.0
3,6,0.0,0.0,0.0,0.0,0.0,0.0,1.0,0.0,0.0,0.0
3,6,0.0,0.0,0.0,0.0,0.0,0.0,1.0,0.0,0.0,0.0
3,6,0.0,0.0,0.0,0.0,0.0,0.0,1.0,0.0,0.0,0.0
3,6,0.0,0.0,0.0,0.0,0.0,0.0,1.0,0.0,0.0,0.0
3,6,0.0,0.0,0.0,0.0,0.0,0.0,1.0,0.0,0.0,0.0
3,6,0.0,0.0,0.0,0.0,0.0,0.0,1.0,0.0,0.0,0.0
3,6,0.0,0.0,0.0,0.0,0.0,0.0,1.0,0.0,0.0,0.0
3,6,0.0,0.0,0.0,0.0,0.0,0.0,1.0,0.0,0.0,0.0
3,6,0.0,0.0,0.0,0.0,0.0,0.0,1.0,0.0,0.0,0.0
3,6,0.0,0.0,0.0,0.0,0.0,0.0,1.0,0.0,0.0,0.0
3,6,0.0,0.0,0.0,0.0,0.0,0.0,1.0,0.0,0.0,0.0
3,6,0.0,0.0,0.0,0.0,0.0,0.0,1.0,0.0,0.0,0.0
3,6,0.0,0.0,0.0,0.0,0.0,0.0,1.0,0.0,0.0,0.0
3,6,0.0,0.0,0.0,0.0,0.0,0.0,1.0,0.0,0.0,0.0
3,6,0.0,0.0,0.0,0.0,0.0,0.0,1.0,0.0,0.0,0.0
3,6,0.0,0.0,0.0,0.0,0.0,0.0,1.0,0.0,0.0,0.0
3,6,0.0,0.0,0.0,0.0,0.0,0.0,1.0,0.0,0.0,0.0
3,6,0.0,0.0,0.0,0.0,0.0,0.0,1.0,0.0,0.0,0.0
3,6,0.0,0.0,0.0,0.0,0.0,0.0,1.0,0.0,0.0,0.0
3,6,0.0,0.0,0.0,0.0,0.0,0.0,1.0,0.0,0.0,0.0
3,6,0.0,0.0,0.0,0.0,0.0,0.0,1.0,0.0,0.0,0.0
3,6,0.0,0.0,0.0,0.0,0.0,0.0,1.0,0.0,0.0,0.0
3,6,0.0,0.0,0.0,0.0,0.0,0.0,1.0,0.0,0.0,0.0
3,6,0.0,0.0,0.0,0.0,0.0,0.0,1.0,0.0,0.0,0.0
3,6,0.0,0.0,0.0,0.0,0.0,0.0,1.0,0.0,0.0,0.0
3,6,0.0,0.0,0.0,0.0,0.0,0.0,1.0,0.0,0.0,0.0
3,6,0.0,0.0,0.0,0.0,0.0,0.0,1.0,0.0,0.0,0.0
3,6,0.0,0.0,0.0,0.0,0.0,0.0,1.0,0.0,0.0,0.0
3,6,0.0,0.0,0.0,0.0,0.0,0.0,1.0,0.0,0.0,0.0
3,6,0.0,0.0,0.0,0.0,0.0,0.0,1.0,0.0,0.0,0.0
3,6,0.0,0.0,0.0,0.0,0.0,0.0,1.0,0.0,0.0,0.0
3,6,0.0,0.0,0.0,0.0,0.0,0.0,1.0,0.0,0.0,0.0
3,6,0.0,0.0,0.0,0.0,0.0,0.0,1.0,0.0,0.0,0.0
3,6,0.0,0.0,0.0,0.0,0.0,0.0,1.0,0.0,0.0,0.0
3,6,0.0,0.0,0.0,0.0,0.0,0.0,1.0,0.0,0.0,0.0
3,6,0.0,0.0,0.0,0.0,0.0,0.0,1.0,0.0,0.0,0.0
3,6,0.0,0.0,0.0,0.0,0.0,0.0,1.0,0.0,0.0,0.0
3,6,0.0,0.0,0.0,0.0,0.0,0.0,1.0,0.0,0.0,0.0
3,6,0.0,0.0,0.0,0.0,0.0,0.0,1.0,0.0,0.0,0.0
3,6,0.0,0.0,0.0,0.0,0.0,0.0,1.0,0.0,0.0,0.0
3,6,0.0,0.0,0.0,0.0,0.0,0.0,1.0,0.0,0.0,0.0
3,6,0.0,0.0,0.0,0.0,0.0,0.0,1.0,0.0,0.0,0.0
3,6,0.0,0.0,0.0,0.0,0.0,0.0,1.0,0.0,0.0,0.0
3,6,0.0,0.0,0.0,0.0,0.0,0.0,1.0,0.0,0.0,0.0
3,6,0.0,0.0,0.0,0.0,0.0,0.0,1.0,0.0,0.0,0.0
3,6,0.0,0.0,0.0,0.0,0.0,0.0,1.0,0.0,0.0,0.0
3,6,0.0,0.0,0.0,0.0,0.0,0.0,1.0,0.0,0.0,0.0
3,6,0.0,0.0,0.0,0.0,0.0,0.0,1.0,0.0,0.0,0.0
3,6,0.0,0.0,0.0,0.0,0.0,0.0,0.93975914,0.0,0.060240854,0.0
3,6,0.0,0.0,0.0,0.0,0.0,0.0,0.93975914,0.0,0.060240854,0.0
3,6,0.0,0.0,0.0,0.0,0.0,0.0,0.93975914,0.0,0.060240854,0.0
3,6,0.0,0.0,0.0,0.0,0.0,0.0,0.93975914,0.0,0.060240854,0.0
3,6,0.0,0.0,0.0,0.0,0.0,0.0,0.93975914,0.0,0.060240854,0.0
3,6,0.0,0.0,0.0,0.0,0.0,0.0,0.93975914,0.0,0.060240854,0.0
3,6,0.0,0.0,0.0,0.0,0.0,0.0,0.93975914,0.0,0.060240854,0.0
3,6,0.0,0.0,0.0,0.0,0.0,0.0,0.93975914,0.0,0.060240854,0.0
3,6,0.0,0.0,0.0,0.0,0.0,0.0,0.93975914,0.0,0.060240854,0.0
3,6,0.0,0.0,0.0,0.0,0.0,0.0,0.93975914,0.0,0.060240854,0.0
3,6,0.0,0.0,0.0,0.0,0.0,0.0,0.93975914,0.0,0.060240854,0.0
3,6,0.0,0.0,0.0,0.0,0.0,0.0,0.93975914,0.0,0.060240854,0.0
3,6,0.0,0.0,0.0,0.0,0.0,0.0,0.93975914,0.0,0.060240854,0.0
3,6,0.0,0.0,0.0,0.0,0.0,0.0,0.88070023,0.0,0.06024085,0.05905889
3,6,0.0,0.0,0.0,0.0,0.0,0.0,0.88070023,0.0,0.06024085,0.05905889
3,6,0.0,0.0,0.0,0.0,0.0,0.0,0.88070023,0.0,0.06024085,0.05905889
3,6,0.0,0.0,0.0,0.0,0.0,0.0,0.88070023,0.0,0.06024085,0.05905889
3,6,0.0,0.0,0.0,0.0,0.0,0.0,0.88070023,0.0,0.06024085,0.05905889
3,6,0.0,0.0,0.0,0.0,0.0,0.0,0.88070023,0.0,0.06024085,0.05905889
3,6,0.0,0.0,0.0,0.0,0.0,0.0,0.88070023,0.0,0.06024085,0.05905889
3,6,0.0,0.0,0.0,0.0,0.0,0.0,0.88070023,0.0,0.06024085,0.05905889
3,6,0.0,0.0,0.0,0.0,0.0,0.0,0.88070023,0.0,0.06024085,0.05905889
3,6,0.0,0.0,0.0,0.0,0.0,0.0,0.88070023,0.0,0.06024085,0.05905889
3,6,0.0,0.0,0.0,0.0,0.0,0.0,0.88070023,0.0,0.06024085,0.05905889
3,6,0.0,0.0,0.0,0.0,0.0,0.0,0.88070023,0.0,0.06024085,0.05905889
3,6,0.0,0.0,0.0,0.0,0.0,0.0,0.88070023,0.0,0.06024085,0.05905889
3,6,0.0,0.0,0.0,0.0,0.0,0.0,0.88070023,0.0,0.06024085,0.05905889
3,6,0.0,0.0,0.0,0.0,0.0,0.0,0.88070023,0.0,0.06024085,0.05905889
3,6,0.0,0.0,0.0,0.0,0.0,0.0,0.88070023,0.0,0.06024085,0.05905889
3,6,0.0,0.0,0.0,0.0,0.0,0.0,0.88070023,0.0,0.06024085,0.05905889
3,6,0.0,0.0,0.0,0.0,0.0,0.0,0.88070023,0.0,0.06024085,0.05905889
3,6,0.0,0.0,0.0,0.0,0.0,0.0,0.88070023,0.0,0.06024085,0.05905889
3,6,0.0,0.0,0.0,0.0,0.0,0.0,0.88070023,0.0,0.06024085,0.05905889
3,6,0.0,0.0,0.0,0.0,0.0,0.0,0.88070023,0.0,0.06024085,0.05905889
3,6,0.0,0.0,0.0,0.0,0.0,0.0,0.88070023,0.0,0.06024085,0.05905889
3,6,0.0,0.0,0.0,0.0,0.0,0.0,0.88070023,0.0,0.06024085,0.05905889
3,6,0.0,0.0,0.0,0.0,0.0,0.0,0.88070023,0.0,0.06024085,0.05905889
3,6,0.0,0.0,0.064289816,0.0,0.0,0.0,0.8164105,0.0,0.06024085,0.05905889
3,6,0.0,0.0,0.064289816,0.0,0.0,0.0,0.8164105,0.0,0.06024085,0.05905889
3,6,0.0,0.0,0.064289816,0.0,0.0,0.0,0.8164105,0.0,0.06024085,0.05905889
3,6,0.0,0.0,0.064289816,0.0,0.0,0.0,0.8164105,0.0,0.06024085,0.05905889
3,6,0.0,0.0,0.064289816,0.0,0.0,0.0,0.8164105,0.0,0.06024085,0.05905889
3,6,0.0,0.0,0.064289816,0.0,0.0,0.0,0.8164105,0.0,0.06024085,0.05905889
3,6,0.0,0.0,0.064289816,0.0,0.0,0.0,0.8164105,0.0,0.06024085,0.05905889
3,6,0.0,0.0,0.064289816,0.0,0.0,0.0,0.8164105,0.0,0.06024085,0.05905889
3,6,0.0,0.0,0.064289816,0.0,0.0,0.0,0.8164105,0.0,0.06024085,0.05905889
3,6,0.0,0.0,0.064289816,0.0,0.0,0.0,0.8164105,0.0,0.06024085,0.05905889
3,6,0.0,0.0,0.064289816,0.0,0.0,0.0,0.8164105,0.0,0.06024085,0.05905889
3,6,0.0,0.0,0.064289816,0.0,0.0,0.0,0.8164105,0.0,0.06024085,0.05905889
3,6,0.0,0.0,0.064289816,0.0,0.0,0.0,0.8164105,0.0,0.06024085,0.05905889
3,6,0.0,0.0,0.064289816,0.0,0.0,0.0,0.8164105,0.0,0.06024085,0.05905889
3,6,0.0,0.0,0.064289816,0.0,0.0,0.0,0.8164105,0.0,0.06024085,0.05905889
3,6,0.0,0.0,0.064289816,0.0,0.0,0.0,0.8164105,0.0,0.06024085,0.05905889
3,6,0.0,0.0,0.064289816,0.0,0.0,0.0,0.8164105,0.0,0.06024085,0.05905889
3,6,0.0,0.0,0.064289816,0.0,0.0,0.0,0.8164105,0.0,0.06024085,0.05905889
3,6,0.0,0.0,0.064289816,0.0,0.0,0.0,0.8164105,0.0,0.06024085,0.05905889
3,6,0.0,0.0,0.064289816,0.0,0.0,0.0,0.8164105,0.0,0.06024085,0.05905889
3,6,0.0,0.0,0.064289816,0.0,0.0,0.060696434,0.755714,0.0,0.060240846,0.059058886
3,6,0.0,0.0,0.064289816,0.0,0.0,0.060696434,0.755714,0.0,0.060240846,0.059058886
3,6,0.0,0.0,0.064289816,0.0,0.0,0.060696434,0.755714,0.0,0.060240846,0.059058886
3,6,0.0,0.0,0.064289816,0.0,0.0,0.060696434,0.755714,0.0,0.060240846,0.059058886
3,6,0.0,0.0,0.064289816,0.0,0.0,0.060696434,0.755714,0.0,0.060240846,0.059058886
3,6,0.0,0.0,0.064289816,0.0,0.0,0.060696434,0.755714,0.0,0.060240846,0.059058886
3,6,0.0,0.0,0.064289816,0.0,0.0,0.060696434,0.755714,0.0,0.060240846,0.059058886
3,6,0.0,0.0,0.064289816,0.0,0.0,0.060696434,0.755714,0.0,0.060240846,0.059058886
3,6,0.0,0.0,0.064289816,0.0,0.0,0.060696434,0.755714,0.0,0.060240846,0.059058886
3,6,0.0,0.0,0.064289816,0.0,0.0,0.060696434,0.755714,0.0,0.060240846,0.059058886
3,6,0.0,0.0,0.064289816,0.0,0.0,0.060696434,0.755714,0.0,0.060240846,0.059058886
3,6,0.0,0.0,0.064289816,0.0,0.0,0.060696434,0.755714,0.0,0.060240846,0.059058886
3,6,0.0,0.0,0.064289816,0.0,0.0,0.060696434,0.755714,0.0,0.060240846,0.059058886
3,6,0.0,0.0,0.064289816,0.0,0.0,0.060696434,0.755714,0.0,0.060240846,0.059058886
3,6,0.0,0.0,0.064289816,0.0,0.0,0.060696434,0.755714,0.0,0.060240846,0.059058886
3,6,0.0,0.0,0.064289816,0.0,0.0,0.060696434,0.755714,0.0,0.060240846,0.059058886
3,6,0.0,0.0,0.064289816,0.0,0.0,0.060696434,0.755714,0.0,0.060240846,0.059058886
3,6,0.0,0.0,0.064289816,0.0,0.0,0.060696434,0.755714,0.0,0.060240846,0.059058886
3,6,0.06583642,0.0,0.064289816,0.0,0.0,0.060696438,0.68987757,0.0,0.06024085,0.05905889
3,6,0.06583642,0.0,0.064289816,0.0,0.0,0.060696438,0.68987757,0.0,0.06024085,0.05905889
3,6,0.06583642,0.0,0.1314184,0.0,0.0,0.060696438,0.5550633,0.0,0.12792657,0.05905889
3,6,0.06583642,0.0,0.1314184,0.0,0.0,0.060696438,0.5550633,0.0,0.12792657,0.05905889
3,6,0.06583642,0.0,0.1314184,0.0,0.0,0.060696438,0.5550633,0.0,0.12792657,0.05905889
3,6,0.06583642,0.0,0.1314184,0.0,0.0,0.060696438,0.5550633,0.0,0.12792657,0.05905889
3,6,0.06583642,0.0,0.1314184,0.0,0.0,0.060696438,0.5550633,0.0,0.12792657,0.05905889
3,6,0.06583642,0.0,0.1314184,0.0,0.0,0.060696438,0.5550633,0.0,0.12792657,0.05905889
3,6,0.06583642,0.0,0.1314184,0.0,0.0,0.060696438,0.5550633,0.0,0.12792657,0.05905889
3,6,0.06583642,0.0,0.1314184,0.0,0.0,0.060696438,0.5550633,0.0,0.12792657,0.05905889
3,6,0.06583642,0.0,0.1314184,0.0,0.0,0.060696438,0.5550633,0.0,0.12792657,0.05905889
3,6,0.06583642,0.0,0.1314184,0.0,0.0,0.060696438,0.5550633,0.0,0.12792657,0.05905889
3,6,0.06583642,0.0,0.1314184,0.0,0.0,0.060696438,0.5550633,0.0,0.12792657,0.05905889
3,6,0.06583642,0.0,0.1314184,0.0,0.0,0.060696438,0.5550633,0.0,0.12792657,0.05905889
3,6,0.06583642,0.0,0.1314184,0.0,0.0,0.060696438,0.5550633,0.0,0.12792657,0.05905889
3,6,0.06583642,0.0,0.1314184,0.0,0.0,0.060696438,0.5550633,0.0,0.12792657,0.05905889
3,6,0.06583642,0.0,0.1314184,0.0,0.0,0.060696438,0.5550633,0.0,0.12792657,0.05905889
3,6,0.06583642,0.0,0.1314184,0.0,0.0,0.060696438,0.5550633,0.0,0.12792657,0.05905889
3,6,0.06583642,0.0,0.1314184,0.0,0.0,0.06069644,0.49550325,0.0,0.18748663,0.059058893
3,6,0.06583642,0.0,0.1314184,0.0,0.0,0.06069644,0.49550325,0.0,0.18748663,0.059058893
3,6,0.06583642,0.0,0.1314184,0.0,0.0,0.06069644,0.49550325,0.0,0.18748663,0.059058893
3,6,0.06583642,0.0,0.1314184,0.0,0.0,0.06069644,0.49550325,0.0,0.18748663,0.059058893
3,6,0.06583642,0.0,0.1314184,0.0,0.0,0.06069644,0.49550325,0.0,0.18748663,0.059058893
3,6,0.06583642,0.0,0.1314184,0.0,0.0,0.06069644,0.49550325,0.0,0.18748663,0.059058893
3,6,0.06583642,0.0,0.1314184,0.0,0.0,0.06069644,0.49550325,0.0,0.18748663,0.059058893
3,6,0.06583642,0.0,0.1314184,0.0,0.0,0.06069644,0.49550325,0.0,0.18748663,0.059058893
3,6,0.06583642,0.0,0.1314184,0.0,0.0,0.123118445,0.4330812,0.0,0.24654552,0.0
3,6,0.06583642,0.0,0.1314184,0.0,0.0,0.123118445,0.4330812,0.0,0.24654552,0.0
3,6,0.06583642,0.0,0.1314184,0.0,0.0,0.123118445,0.4330812,0.0,0.24654552,0.0
3,6,0.06583642,0.0,0.1314184,0.0,0.0,0.123118445,0.4330812,0.0,0.24654552,0.0
3,6,0.06583642,0.0,0.1314184,0.0,0.0,0.123118445,0.4330812,0.0,0.24654552,0.0
3,6,0.06583642,0.0,0.1314184,0.0,0.0,0.123118445,0.4330812,0.0,0.24654552,0.0
3,6,0.06583642,0.0,0.1314184,0.0,0.0,0.123118445,0.4330812,0.0,0.24654552,0.0
3,6,0.06583642,0.0,0.1314184,0.0,0.0,0.123118445,0.4330812,0.0,0.24654552,0.0
3,6,0.06583642,0.0,0.1314184,0.0,0.0,0.123118445,0.4330812,0.0,0.24654552,0.0
3,6,0.06583642,0.0,0.1314184,0.0,0.0,0.123118445,0.4330812,0.0,0.24654552,0.0
3,6,0.06583642,0.0,0.20032984,0.0,0.0,0.123118445,0.36416978,0.0,0.24654552,0.0
3,8,0.06583642,0.0,0.20032984,0.0,0.0,0.123118445,0.30397746,0.0,0.30673787,0.0
3,8,0.06583642,0.0,0.20032984,0.0,0.0,0.123118445,0.30397746,0.0,0.30673787,0.0
3,8,0.06583642,0.0,0.20032984,0.0,0.0,0.123118445,0.30397746,0.0,0.30673787,0.0
3,8,0.06583642,0.0,0.20032984,0.0,0.0,0.123118445,0.30397746,0.0,0.30673787,0.0
3,8,0.06583642,0.0,0.20032984,0.0,0.0,0.123118445,0.30397746,0.0,0.30673787,0.0
3,8,0.065836415,0.0,0.26102626,0.0,0.0,0.062421996,0.30397743,0.0,0.30673784,0.0
3,8,0.065836415,0.0,0.26102626,0.0,0.0,0.062421996,0.30397743,0.0,0.30673784,0.0
3,8,0.065836415,0.0,0.26102626,0.0,0.0,0.062421996,0.30397743,0.0,0.30673784,0.0
3,8,0.065836415,0.0,0.26102626,0.0,0.0,0.062421996,0.30397743,0.0,0.30673784,0.0
3,8,0.065836415,0.0,0.26102626,0.0,0.0,0.062421996,0.30397743,0.0,0.30673784,0.0
3,8,0.065836415,0.0,0.26102626,0.0,0.0,0.062421996,0.30397743,0.0,0.30673784,0.0
3,8,0.06583643,0.0,0.32344827,0.0,0.0,0.0,0.24055706,0.0,0.37015826,0.0
3,8,0.06583643,0.0,0.32344827,0.0,0.0,0.0,0.24055706,0.0,0.37015826,0.0
3,8,0.06583643,0.0,0.32344827,0.0,0.0,0.0,0.24055706,0.0,0.37015826,0.0
3,8,0.06583643,0.0,0.32344827,0.0,0.0,0.0,0.24055706,0.0,0.37015826,0.0
3,8,0.06583643,0.0,0.32344827,0.0,0.0,0.0,0.24055706,0.0,0.37015826,0.0
3,8,0.06583643,0.0,0.32344827,0.0,0.0,0.0,0.24055706,0.0,0.37015826,0.0
3,8,0.06583643,0.0,0.32344827,0.0,0.0,0.0,0.24055706,0.0,0.37015826,0.0
3,8,0.06583643,0.0,0.32344827,0.0,0.0,0.0,0.24055706,0.0,0.37015826,0.0
3,8,0.06583643,0.0,0.32344827,0.0,0.0,0.0,0.24055706,0.0,0.37015826,0.0
3,8,0.06583643,0.0,0.32344827,0.0,0.0,0.0,0.24055706,0.0,0.37015826,0.0
3,8,0.06583643,0.0,0.32344827,0.0,0.0,0.0,0.24055706,0.0,0.37015826,0.0
3,8,0.06583643,0.0,0.32344827,0.0,0.0,0.0,0.24055706,0.0,0.37015826,0.0
3,8,0.06583643,0.0,0.32344827,0.0,0.0,0.0,0.24055706,0.0,0.37015826,0.0
3,8,0.06583643,0.0,0.32344827,0.0,0.0,0.0,0.24055706,0.0,0.37015826,0.0
3,8,0.06583643,0.0,0.32344827,0.0,0.0,0.0,0.24055706,0.0,0.37015826,0.0
3,8,0.06583643,0.0,0.32344827,0.0,0.0,0.0,0.24055706,0.0,0.37015826,0.0
3,8,0.06583643,0.0,0.32344827,0.0,0.0,0.0,0.24055706,0.0,0.37015826,0.0
3,8,0.06583643,0.0,0.32344827,0.0,0.0,0.0,0.24055706,0.0,0.37015826,0.0
3,8,0.06583642,0.0,0.385045,0.0,0.0,0.0,0.17896031,0.0,0.37015823,0.0
3,8,0.06583642,0.0,0.385045,0.0,0.0,0.0,0.17896031,0.0,0.37015823,0.0
3,8,0.06583642,0.0,0.385045,0.0,0.0,0.0,0.17896031,0.0,0.37015823,0.0
3,8,0.06583642,0.0,0.385045,0.0,0.0,0.0,0.17896031,0.0,0.37015823,0.0
3,8,0.06583642,0.0,0.385045,0.0,0.0,0.0,0.17896031,0.0,0.37015823,0.0
3,8,0.06583642,0.0,0.385045,0.0,0.0,0.0,0.17896031,0.0,0.37015823,0.0
3,8,0.06583642,0.0,0.385045,0.0,0.0,0.0,0.17896031,0.0,0.37015823,0.0
3,8,0.06583642,0.0,0.385045,0.0,0.0,0.0,0.17896031,0.0,0.37015823,0.0
3,8,0.06583642,0.0,0.385045,0.0,0.0,0.0,0.17896031,0.0,0.37015823,0.0
3,8,0.06583642,0.0,0.385045,0.0,0.0,0.0,0.17896031,0.0,0.37015823,0.0
3,8,0.06583642,0.0,0.385045,0.0,0.0,0.0,0.17896031,0.0,0.37015823,0.0
3,8,0.06583642,0.0,0.385045,0.0,0.0,0.0,0.17896031,0.0,0.37015823,0.0
3,8,0.06583642,0.0,0.385045,0.0,0.0,0.0,0.06047273,0.0,0.48864582,0.0
3,8,0.06583642,0.0,0.385045,0.0,0.0,0.0,0.06047273,0.0,0.48864582,0.0
1,8,0.06583642,0.0,0.385045,0.0,0.0,0.0,0.06047273,0.0,0.48864582,0.0
1,8,0.06583642,0.0,0.385045,0.0,0.0,0.0,0.06047273,0.0,0.48864582,0.0
1,8,0.06583642,0.0,0.44551772,0.0,0.0,0.0,0.0,0.0,0.48864585,0.0
1,8,0.06583642,0.0,0.44551772,0.0,0.0,0.0,0.0,0.0,0.48864585,0.0
1,8,0.06583642,0.0,0.44551772,0.0,0.0,0.0,0.0,0.0,0.48864585,0.0
1,8,0.06583642,0.0,0.44551772,0.0,0.0,0.0,0.0,0.0,0.48864585,0.0
1,8,0.06583642,0.0,0.44551772,0.0,0.0,0.0,0.0,0.0,0.48864585,0.0
1,8,0.06583642,0.0,0.44551772,0.0,0.0,0.0,0.0,0.0,0.48864585,0.0
1,8,0.06583642,0.0,0.44551772,0.0,0.0,0.0,0.0,0.0,0.48864585,0.0
1,8,0.06583642,0.0,0.44551772,0.0,0.0,0.0,0.0,0.0,0.48864585,0.0
1,2,0.06583642,0.0,0.5050778,0.0,0.0,0.0,0.0,0.0,0.42908576,0.0
1,2,0.06583642,0.0,0.5050778,0.0,0.0,0.0,0.0,0.0,0.42908576,0.0
1,2,0.06583642,0.0,0.5050778,0.0,0.0,0.0,0.0,0.0,0.42908576,0.0
1,2,0.06583642,0.0,0.5050778,0.0,0.0,0.0,0.0,0.0,0.42908576,0.0
1,2,0.06583642,0.0,0.5050778,0.0,0.0,0.0,0.0,0.0,0.42908576,0.0
1,2,0.06583642,0.0,0.5050778,0.0,0.0,0.0,0.0,0.0,0.42908576,0.0
1,2,0.06583642,0.0,0.5050778,0.0,0.0,0.0,0.0,0.0,0.42908576,0.0
1,2,0.06583642,0.0,0.5050778,0.0,0.0,0.0,0.0,0.0,0.42908576,0.0
1,2,0.06583642,0.0,0.5050778,0.0,0.0,0.0,0.0,0.0,0.42908576,0.0
1,2,0.06583642,0.0,0.5050778,0.0,0.0,0.0,0.0,0.0,0.42908576,0.0
1,2,0.06583642,0.0,0.5050778,0.0,0.0,0.0,0.0,0.0,0.42908576,0.0
1,2,0.06583642,0.0,0.5050778,0.0,0.0,0.0,0.0,0.0,0.42908576,0.0
1,2,0.06583642,0.0,0.5050778,0.0,0.0,0.0,0.0,0.0,0.42908576,0.0
1,2,0.06583642,0.0,0.5050778,0.0,0.0,0.0,0.0,0.0,0.42908576,0.0
1,2,0.06583642,0.0,0.5050778,0.0,0.0,0.0,0.0,0.0,0.42908576,0.0
1,2,0.06583642,0.0,0.5050778,0.0,0.0,0.0,0.0,0.0,0.42908576,0.0
1,2,0.06583642,0.0,0.5050778,0.0,0.0,0.0,0.0,0.0,0.42908576,0.0
1,2,0.06583642,0.0,0.5050778,0.0,0.0,0.0,0.0,0.0,0.42908576,0.0
1,2,0.06583642,0.0,0.5050778,0.0,0.0,0.0,0.0,0.0,0.42908576,0.0
1,2,0.06583642,0.0,0.5652701,0.0,0.0,0.0,0.0,0.0,0.36889344,0.0
1,2,0.06583642,0.0,0.5652701,0.0,0.0,0.0,0.0,0.0,0.36889344,0.0
1,2,0.06583642,0.0,0.5652701,0.0,0.0,0.0,0.0,0.0,0.36889344,0.0
1,2,0.06583642,0.0,0.5652701,0.0,0.0,0.0,0.0,0.0,0.36889344,0.0
1,2,0.06583642,0.0,0.5652701,0.0,0.0,0.0,0.0,0.0,0.36889344,0.0
1,2,0.06583642,0.0,0.5652701,0.0,0.0,0.0,0.0,0.0,0.36889344,0.0
1,2,0.06583642,0.0,0.5652701,0.0,0.0,0.0,0.0,0.0,0.36889344,0.0
1,2,0.06583642,0.0,0.5652701,0.0,0.0,0.0,0.0,0.0,0.36889344,0.0
1,2,0.06583642,0.0,0.5652701,0.0,0.0,0.0,0.0,0.0,0.36889344,0.0
1,2,0.06583642,0.0,0.5652701,0.0,0.0,0.0,0.0,0.0,0.36889344,0.0
1,2,0.06583642,0.0,0.5652701,0.0,0.0,0.0,0.0,0.0,0.36889344,0.0
1,2,0.06583642,0.0,0.5652701,0.0,0.0,0.0,0.0,0.0,0.36889344,0.0
1,2,0.06583642,0.0,0.5652701,0.0,0.0,0.0,0.0,0.0,0.36889344,0.0
1,2,0.06583642,0.0,0.5652701,0.0,0.0,0.0,0.0,0.0,0.36889344,0.0
1,2,0.06583642,0.0,0.5652701,0.0,0.0,0.0,0.0,0.0,0.36889344,0.0
1,2,0.06583642,0.0,0.5652701,0.0,0.0,0.0,0.0,0.0,0.36889344,0.0
1,2,0.06583642,0.0,0.5652701,0.0,0.0,0.0,0.0,0.0,0.36889344,0.0
1,2,0.06583642,0.0,0.5652701,0.0,0.0,0.0,0.0,0.0,0.36889344,0.0
1,2,0.06583642,0.0,0.5652701,0.0,0.0,0.0,0.0,0.0,0.36889344,0.0
1,2,0.06583642,0.0,0.5652701,0.0,0.0,0.0,0.0,0.0,0.36889344,0.0
1,2,0.06583642,0.0,0.625511,0.0,0.0,0.0,0.0,0.0,0.30865258,0.0
1,2,0.06583642,0.0,0.625511,0.0,0.0,0.0,0.0,0.0,0.30865258,0.0
1,2,0.06583642,0.0,0.625511,0.0,0.0,0.0,0.0,0.0,0.30865258,0.0
1,2,0.06583642,0.0,0.625511,0.0,0.0,0.0,0.0,0.0,0.30865258,0.0
1,2,0.06583642,0.0,0.625511,0.0,0.0,0.0,0.0,0.0,0.30865258,0.0
1,2,0.06583642,0.0,0.625511,0.0,0.0,0.0,0.0,0.0,0.30865258,0.0
1,2,0.06583642,0.0,0.625511,0.0,0.0,0.0,0.0,0.0,0.30865258,0.0
1,2,0.06583642,0.0,0.625511,0.0,0.0,0.0,0.0,0.0,0.30865258,0.0
1,2,0.06583642,0.0,0.625511,0.0,0.0,0.0,0.0,0.0,0.30865258,0.0
1,2,0.06583642,0.0,0.625511,0.0,0.0,0.0,0.0,0.0,0.30865258,0.0
1,2,0.06583642,0.0,0.625511,0.0,0.0,0.0,0.0,0.0,0.30865258,0.0
1,2,0.06583642,0.0,0.625511,0.0,0.0,0.0,0.0,0.0,0.30865258,0.0
1,2,0.06583642,0.0,0.625511,0.0,0.0,0.0,0.0,0.0,0.30865258,0.0
1,2,0.06583642,0.0,0.625511,0.0,0.0,0.0,0.0,0.0,0.30865258,0.0
1,2,0.06583642,0.0,0.625511,0.0,0.0,0.0,0.0,0.0,0.30865258,0.0
1,2,0.06583642,0.0,0.625511,0.0,0.0,0.0,0.0,0.0,0.30865258,0.0
1,2,0.06583642,0.0,0.625511,0.0,0.0,0.0,0.0,0.0,0.30865258,0.0
1,2,0.06583642,0.0,0.68394715,0.0,0.0,0.0,0.0,0.0,0.25021645,0.0
1,2,0.06583642,0.0,0.68394715,0.0,0.0,0.0,0.0,0.0,0.25021645,0.0
1,2,0.06583642,0.0,0.68394715,0.0,0.0,0.0,0.0,0.0,0.25021645,0.0
1,2,0.06583642,0.0,0.68394715,0.0,0.0,0.0,0.0,0.0,0.25021645,0.0
1,2,0.06583642,0.0,0.68394715,0.0,0.0,0.0,0.0,0.0,0.25021645,0.0
1,2,0.06583642,0.0,0.68394715,0.0,0.0,0.0,0.0,0.0,0.25021645,0.0
1,2,0.06583642,0.0,0.7473675,0.0,0.0,0.0,0.0,0.0,0.18679605,0.0
1,2,0.06583642,0.0,0.7473675,0.0,0.0,0.0,0.0,0.0,0.18679605,0.0
1,2,0.06583642,0.0,0.7473675,0.0,0.0,0.0,0.0,0.0,0.18679605,0.0
1,2,0.06583642,0.0,0.7473675,0.0,0.0,0.0,0.0,0.0,0.18679605,0.0
1,2,0.06583642,0.0,0.7473675,0.0,0.0,0.0,0.0,0.0,0.18679605,0.0
1,2,0.06583642,0.0,0.7473675,0.0,0.0,0.0,0.0,0.0,0.18679605,0.0
1,2,0.06583642,0.0,0.7473675,0.0,0.0,0.0,0.0,0.0,0.18679605,0.0
1,2,0.06583642,0.0,0.7473675,0.0,0.0,0.0,0.0,0.0,0.18679605,0.0
1,2,0.06583642,0.0,0.7473675,0.0,0.0,0.0,0.0,0.0,0.18679605,0.0
1,2,0.06583642,0.0,0.7473675,0.0,0.0,0.0,0.0,0.0,0.18679605,0.0
1,2,0.06583642,0.0,0.87510467,0.0,0.0,0.0,0.0,0.0,0.05905889,0.0
1,2,0.06583642,0.0,0.87510467,0.0,0.0,0.0,0.0,0.0,0.05905889,0.0
1,2,0.06583642,0.0,0.87510467,0.0,0.0,0.0,0.0,0.0,0.05905889,0.0
1,2,0.06583642,0.0,0.87510467,0.0,0.0,0.0,0.0,0.0,0.05905889,0.0
1,2,0.06583642,0.0,0.87510467,0.0,0.0,0.0,0.0,0.0,0.05905889,0.0
1,2,0.06583642,0.0,0.87510467,0.0,0.0,0.0,0.0,0.0,0.05905889,0.0
1,2,0.06583642,0.0,0.87510467,0.0,0.0,0.0,0.0,0.0,0.05905889,0.0
1,2,0.06583642,0.0,0.87510467,0.0,0.0,0.0,0.0,0.0,0.05905889,0.0
1,2,0.06583642,0.0,0.87510467,0.0,0.0,0.0,0.0,0.0,0.05905889,0.0
1,2,0.06583642,0.0,0.87510467,0.0,0.0,0.0,0.0,0.0,0.05905889,0.0
1,2,0.06583642,0.0,0.87510467,0.0,0.0,0.0,0.0,0.0,0.05905889,0.0
1,2,0.06583642,0.0,0.87510467,0.0,0.0,0.0,0.0,0.0,0.05905889,0.0
1,2,0.06583642,0.0,0.87510467,0.0,0.0,0.0,0.0,0.0,0.05905889,0.0
1,2,0.06583642,0.0,0.87510467,0.0,0.0,0.0,0.0,0.0,0.05905889,0.0
1,2,0.06583642,0.0,0.87510467,0.0,0.0,0.0,0.0,0.0,0.05905889,0.0
1,2,0.06583642,0.0,0.87510467,0.0,0.0,0.0,0.0,0.0,0.05905889,0.0
1,2,0.06583642,0.0,0.87510467,0.0,0.0,0.0,0.0,0.0,0.05905889,0.0
1,2,0.06583642,0.0,0.87510467,0.0,0.0,0.0,0.0,0.0,0.05905889,0.0
1,2,0.06583642,0.0,0.87510467,0.0,0.0,0.0,0.0,0.0,0.05905889,0.0
1,2,0.06583642,0.0,0.87510467,0.0,0.0,0.0,0.0,0.0,0.05905889,0.0
1,2,0.06583642,0.0,0.87510467,0.0,0.0,0.0,0.0,0.0,0.05905889,0.0
1,2,0.06583642,0.0,0.87510467,0.0,0.0,0.0,0.0,0.0,0.05905889,0.0
1,2,0.06583642,0.0,0.87510467,0.0,0.0,0.0,0.0,0.0,0.05905889,0.0
1,2,0.06583642,0.0,0.87510467,0.0,0.0,0.0,0.0,0.0,0.05905889,0.0
1,2,0.06583642,0.0,0.87510467,0.0,0.0,0.0,0.0,0.0,0.05905889,0.0
1,2,0.06583642,0.0,0.87510467,0.0,0.0,0.0,0.0,0.0,0.05905889,0.0
1,2,0.06583642,0.0,0.87510467,0.0,0.0,0.0,0.0,0.0,0.05905889,0.0
1,2,0.06583642,0.0,0.87510467,0.0,0.0,0.0,0.0,0.0,0.05905889,0.0
1,2,0.06583642,0.0,0.87510467,0.0,0.0,0.0,0.0,0.0,0.05905889,0.0
1,2,0.06583642,0.0,0.87510467,0.0,0.0,0.0,0.0,0.0,0.05905889,0.0
1,2,0.06583642,0.0,0.87510467,0.0,0.0,0.0,0.0,0.0,0.05905889,0.0
1,2,0.06583642,0.0,0.87510467,0.0,0.0,0.0,0.0,0.0,0.05905889,0.0
1,2,0.06583642,0.0,0.87510467,0.0,0.0,0.0,0.0,0.0,0.05905889,0.0
1,2,0.06583642,0.0,0.87510467,0.0,0.0,0.0,0.0,0.0,0.05905889,0.0
1,2,0.06583642,0.0,0.87510467,0.0,0.0,0.0,0.0,0.0,0.05905889,0.0
1,2,0.06583642,0.0,0.87510467,0.0,0.0,0.0,0.0,0.0,0.05905889,0.0
1,2,0.06583642,0.0,0.87510467,0.0,0.0,0.0,0.0,0.0,0.05905889,0.0
1,2,0.06583642,0.0,0.87510467,0.0,0.0,0.0,0.0,0.0,0.05905889,0.0
1,2,0.06583642,0.0,0.87510467,0.0,0.0,0.0,0.0,0.0,0.05905889,0.0
1,2,0.06583642,0.0,0.87510467,0.0,0.0,0.0,0.0,0.0,0.05905889,0.0
1,2,0.06583642,0.0,0.9341636,0.0,0.0,0.0,0.0,0.0,0.0,0.0
1,2,0.06583642,0.0,0.9341636,0.0,0.0,0.0,0.0,0.0,0.0,0.0
1,2,0.06583642,0.0,0.9341636,0.0,0.0,0.0,0.0,0.0,0.0,0.0
1,2,0.06583642,0.0,0.9341636,0.0,0.0,0.0,0.0,0.0,0.0,0.0
1,2,0.06583642,0.0,0.9341636,0.0,0.0,0.0,0.0,0.0,0.0,0.0
1,2,0.06583642,0.0,0.9341636,0.0,0.0,0.0,0.0,0.0,0.0,0.0
1,2,0.06583642,0.0,0.9341636,0.0,0.0,0.0,0.0,0.0,0.0,0.0
1,2,0.06583642,0.0,0.9341636,0.0,0.0,0.0,0.0,0.0,0.0,0.0
1,2,0.06583642,0.0,0.9341636,0.0,0.0,0.0,0.0,0.0,0.0,0.0
1,2,0.06583642,0.0,0.9341636,0.0,0.0,0.0,0.0,0.0,0.0,0.0
1,2,0.06583642,0.0,0.9341636,0.0,0.0,0.0,0.0,0.0,0.0,0.0
1,2,0.06583642,0.0,0.9341636,0.0,0.0,0.0,0.0,0.0,0.0,0.0
1,2,0.06583642,0.0,0.9341636,0.0,0.0,0.0,0.0,0.0,0.0,0.0
1,2,0.06583642,0.0,0.9341636,0.0,0.0,0.0,0.0,0.0,0.0,0.0
1,2,0.06583642,0.0,0.9341636,0.0,0.0,0.0,0.0,0.0,0.0,0.0
1,2,0.06583642,0.0,0.9341636,0.0,0.0,0.0,0.0,0.0,0.0,0.0
1,2,0.06583642,0.0,0.9341636,0.0,0.0,0.0,0.0,0.0,0.0,0.0
1,2,0.06583642,0.0,0.9341636,0.0,0.0,0.0,0.0,0.0,0.0,0.0
1,2,0.06583642,0.0,0.9341636,0.0,0.0,0.0,0.0,0.0,0.0,0.0
1,2,0.06583642,0.0,0.9341636,0.0,0.0,0.0,0.0,0.0,0.0,0.0
1,2,0.06583642,0.0,0.9341636,0.0,0.0,0.0,0.0,0.0,0.0,0.0
1,2,0.06583642,0.0,0.9341636,0.0,0.0,0.0,0.0,0.0,0.0,0.0
1,2,0.06583642,0.0,0.9341636,0.0,0.0,0.0,0.0,0.0,0.0,0.0
1,2,0.06583642,0.0,0.9341636,0.0,0.0,0.0,0.0,0.0,0.0,0.0
1,2,0.06583642,0.0,0.9341636,0.0,0.0,0.0,0.0,0.0,0.0,0.0
1,2,0.06583642,0.0,0.9341636,0.0,0.0,0.0,0.0,0.0,0.0,0.0
1,2,0.0,0.0,1.0,0.0,0.0,0.0,0.0,0.0,0.0,0.0
1,2,0.0,0.0,1.0,0.0,0.0,0.0,0.0,0.0,0.0,0.0
1,2,0.0,0.0,1.0,0.0,0.0,0.0,0.0,0.0,0.0,0.0
1,2,0.0,0.0,1.0,0.0,0.0,0.0,0.0,0.0,0.0,0.0
1,2,0.0,0.0,1.0,0.0,0.0,0.0,0.0,0.0,0.0,0.0
1,2,0.0,0.0,1.0,0.0,0.0,0.0,0.0,0.0,0.0,0.0
1,2,0.0,0.0,1.0,0.0,0.0,0.0,0.0,0.0,0.0,0.0
1,2,0.0,0.0,1.0,0.0,0.0,0.0,0.0,0.0,0.0,0.0
1,2,0.0,0.0,1.0,0.0,0.0,0.0,0.0,0.0,0.0,0.0
1,2,0.0,0.0,1.0,0.0,0.0,0.0,0.0,0.0,0.0,0.0
1,2,0.0,0.0,1.0,0.0,0.0,0.0,0.0,0.0,0.0,0.0
1,2,0.0,0.0,1.0,0.0,0.0,0.0,0.0,0.0,0.0,0.0
1,2,0.0,0.0,1.0,0.0,0.0,0.0,0.0,0.0,0.0,0.0
1,2,0.0,0.0,1.0,0.0,0.0,0.0,0.0,0.0,0.0,0.0
1,2,0.0,0.0,1.0,0.0,0.0,0.0,0.0,0.0,0.0,0.0
1,2,0.0,0.0,1.0,0.0,0.0,0.0,0.0,0.0,0.0,0.0
1,2,0.0,0.0,1.0,0.0,0.0,0.0,0.0,0.0,0.0,0.0
1,2,0.0,0.0,1.0,0.0,0.0,0.0,0.0,0.0,0.0,0.0
1,2,0.0,0.0,1.0,0.0,0.0,0.0,0.0,0.0,0.0,0.0
1,2,0.0,0.0,1.0,0.0,0.0,0.0,0.0,0.0,0.0,0.0
1,2,0.0,0.0,1.0,0.0,0.0,0.0,0.0,0.0,0.0,0.0
1,2,0.0,0.0,1.0,0.0,0.0,0.0,0.0,0.0,0.0,0.0
1,2,0.0,0.0,1.0,0.0,0.0,0.0,0.0,0.0,0.0,0.0
1,2,0.0,0.0,1.0,0.0,0.0,0.0,0.0,0.0,0.0,0.0
1,2,0.0,0.0,1.0,0.0,0.0,0.0,0.0,0.0,0.0,0.0
1,2,0.0,0.0,1.0,0.0,0.0,0.0,0.0,0.0,0.0,0.0
1,2,0.0,0.0,1.0,0.0,0.0,0.0,0.0,0.0,0.0,0.0
1,2,0.0,0.0,1.0,0.0,0.0,0.0,0.0,0.0,0.0,0.0
1,2,0.0,0.0,1.0,0.0,0.0,0.0,0.0,0.0,0.0,0.0
1,2,0.0,0.0,1.0,0.0,0.0,0.0,0.0,0.0,0.0,0.0
1,2,0.0,0.0,1.0,0.0,0.0,0.0,0.0,0.0,0.0,0.0
1,2,0.0,0.0,1.0,0.0,0.0,0.0,0.0,0.0,0.0,0.0
1,2,0.0,0.0,1.0,0.0,0.0,0.0,0.0,0.0,0.0,0.0
1,2,0.0,0.0,1.0,0.0,0.0,0.0,0.0,0.0,0.0,0.0
1,2,0.0,0.0,1.0,0.0,0.0,0.0,0.0,0.0,0.0,0.0
1,2,0.0,0.0,1.0,0.0,0.0,0.0,0.0,0.0,0.0,0.0
1,2,0.0,0.0,1.0,0.0,0.0,0.0,0.0,0.0,0.0,0.0
1,2,0.0,0.0,1.0,0.0,0.0,0.0,0.0,0.0,0.0,0.0
1,2,0.0,0.0,1.0,0.0,0.0,0.0,0.0,0.0,0.0,0.0
1,2,0.0,0.0,1.0,0.0,0.0,0.0,0.0,0.0,0.0,0.0
1,2,0.0,0.0,1.0,0.0,0.0,0.0,0.0,0.0,0.0,0.0
1,2,0.0,0.0,1.0,0.0,0.0,0.0,0.0,0.0,0.0,0.0
1,2,0.0,0.0,1.0,0.0,0.0,0.0,0.0,0.0,0.0,0.0
1,2,0.0,0.0,1.0,0.0,0.0,0.0,0.0,0.0,0.0,0.0
1,2,0.0,0.0,1.0,0.0,0.0,0.0,0.0,0.0,0.0,0.0
1,2,0.0,0.0,1.0,0.0,0.0,0.0,0.0,0.0,0.0,0.0
1,2,0.0,0.0,1.0,0.0,0.0,0.0,0.0,0.0,0.0,0.0
1,2,0.0,0.0,1.0,0.0,0.0,0.0,0.0,0.0,0.0,0.0
1,2,0.0,0.0,1.0,0.0,0.0,0.0,0.0,0.0,0.0,0.0
1,2,0.0,0.0,1.0,0.0,0.0,0.0,0.0,0.0,0.0,0.0
1,2,0.0,0.0,1.0,0.0,0.0,0.0,0.0,0.0,0.0,0.0
1,2,0.0,0.0,1.0,0.0,0.0,0.0,0.0,0.0,0.0,0.0
1,2,0.0,0.0,1.0,0.0,0.0,0.0,0.0,0.0,0.0,0.0
1,2,0.0,0.0,1.0,0.0,0.0,0.0,0.0,0.0,0.0,0.0
1,2,0.0,0.0,1.0,0.0,0.0,0.0,0.0,0.0,0.0,0.0
1,2,0.0,0.0,1.0,0.0,0.0,0.0,0.0,0.0,0.0,0.0
1,2,0.0,0.0,1.0,0.0,0.0,0.0,0.0,0.0,0.0,0.0
1,2,0.0,0.0,1.0,0.0,0.0,0.0,0.0,0.0,0.0,0.0
1,2,0.0,0.0,1.0,0.0,0.0,0.0,0.0,0.0,0.0,0.0
1,2,0.0,0.0,1.0,0.0,0.0,0.0,0.0,0.0,0.0,0.0
1,2,0.0,0.0,1.0,0.0,0.0,0.0,0.0,0.0,0.0,0.0
1,2,0.0,0.0,1.0,0.0,0.0,0.0,0.0,0.0,0.0,0.0
1,2,0.0,0.0,1.0,0.0,0.0,0.0,0.0,0.0,0.0,0.0
1,2,0.0,0.0,1.0,0.0,0.0,0.0,0.0,0.0,0.0,0.0
1,2,0.0,0.0,1.0,0.0,0.0,0.0,0.0,0.0,0.0,0.0
1,2,0.0,0.0,1.0,0.0,0.0,0.0,0.0,0.0,0.0,0.0
1,2,0.0,0.0,1.0,0.0,0.0,0.0,0.0,0.0,0.0,0.0
1,2,0.0,0.0,1.0,0.0,0.0,0.0,0.0,0.0,0.0,0.0
1,2,0.0,0.0,1.0,0.0,0.0,0.0,0.0,0.0,0.0,0.0
1,2,0.0,0.0,1.0,0.0,0.0,0.0,0.0,0.0,0.0,0.0
1,2,0.0,0.0,1.0,0.0,0.0,0.0,0.0,0.0,0.0,0.0
1,2,0.0,0.0,1.0,0.0,0.0,0.0,0.0,0.0,0.0,0.0
1,2,0.0,0.0,1.0,0.0,0.0,0.0,0.0,0.0,0.0,0.0
1,2,0.0,0.0,1.0,0.0,0.0,0.0,0.0,0.0,0.0,0.0
1,2,0.0,0.0,1.0,0.0,0.0,0.0,0.0,0.0,0.0,0.0
1,2,0.0,0.0,1.0,0.0,0.0,0.0,0.0,0.0,0.0,0.0
1,2,0.0,0.0,1.0,0.0,0.0,0.0,0.0,0.0,0.0,0.0
1,2,0.0,0.0,1.0,0.0,0.0,0.0,0.0,0.0,0.0,0.0
1,2,0.0,0.0,1.0,0.0,0.0,0.0,0.0,0.0,0.0,0.0
1,2,0.0,0.0,1.0,0.0,0.0,0.0,0.0,0.0,0.0,0.0
1,2,0.0,0.0,1.0,0.0,0.0,0.0,0.0,0.0,0.0,0.0
1,2,0.0,0.0,1.0,0.0,0.0,0.0,0.0,0.0,0.0,0.0
1,2,0.0,0.0,1.0,0.0,0.0,0.0,0.0,0.0,0.0,0.0
1,2,0.0,0.0,1.0,0.0,0.0,0.0,0.0,0.0,0.0,0.0
1,2,0.0,0.0,1.0,0.0,0.0,0.0,0.0,0.0,0.0,0.0
1,2,0.0,0.0,1.0,0.0,0.0,0.0,0.0,0.0,0.0,0.0
1,2,0.0,0.0,1.0,0.0,0.0,0.0,0.0,0.0,0.0,0.0
1,2,0.0,0.0,1.0,0.0,0.0,0.0,0.0,0.0,0.0,0.0
1,2,0.0,0.0,1.0,0.0,0.0,0.0,0.0,0.0,0.0,0.0
1,2,0.0,0.0,1.0,0.0,0.0,0.0,0.0,0.0,0.0,0.0
1,2,0.0,0.0,1.0,0.0,0.0,0.0,0.0,0.0,0.0,0.0
1,2,0.0,0.0,1.0,0.0,0.0,0.0,0.0,0.0,0.0,0.0
1,2,0.0,0.0,1.0,0.0,0.0,0.0,0.0,0.0,0.0,0.0
1,2,0.0,0.0,1.0,0.0,0.0,0.0,0.0,0.0,0.0,0.0
1,2,0.0,0.0,1.0,0.0,0.0,0.0,0.0,0.0,0.0,0.0
1,2,0.0,0.0,1.0,0.0,0.0,0.0,0.0,0.0,0.0,0.0
1,2,0.0,0.0,1.0,0.0,0.0,0.0,0.0,0.0,0.0,0.0
1,2,0.0,0.0,1.0,0.0,0.0,0.0,0.0,0.0,0.0,0.0
1,2,0.0,0.0,1.0,0.0,0.0,0.0,0.0,0.0,0.0,0.0
1,2,0.0,0.0,1.0,0.0,0.0,0.0,0.0,0.0,0.0,0.0
1,2,0.0,0.0,1.0,0.0,0.0,0.0,0.0,0.0,0.0,0.0
1,2,0.0,0.0,1.0,0.0,0.0,0.0,0.0,0.0,0.0,0.0
1,2,0.0,0.0,1.0,0.0,0.0,0.0,0.0,0.0,0.0,0.0
1,2,0.0,0.0,1.0,0.0,0.0,0.0,0.0,0.0,0.0,0.0
1,2,0.0,0.0,1.0,0.0,0.0,0.0,0.0,0.0,0.0,0.0
1,2,0.0,0.0,1.0,0.0,0.0,0.0,0.0,0.0,0.0,0.0
1,2,0.0,0.0,1.0,0.0,0.0,0.0,0.0,0.0,0.0,0.0
1,2,0.0,0.0,1.0,0.0,0.0,0.0,0.0,0.0,0.0,0.0
1,2,0.0,0.0,1.0,0.0,0.0,0.0,0.0,0.0,0.0,0.0
1,2,0.0,0.0,1.0,0.0,0.0,0.0,0.0,0.0,0.0,0.0
1,2,0.0,0.0,1.0,0.0,0.0,0.0,0.0,0.0,0.0,0.0
1,2,0.0,0.0,1.0,0.0,0.0,0.0,0.0,0.0,0.0,0.0
1,2,0.0,0.0,1.0,0.0,0.0,0.0,0.0,0.0,0.0,0.0
1,2,0.0,0.0,1.0,0.0,0.0,0.0,0.0,0.0,0.0,0.0
1,2,0.0,0.0,1.0,0.0,0.0,0.0,0.0,0.0,0.0,0.0
1,2,0.0,0.0,1.0,0.0,0.0,0.0,0.0,0.0,0.0,0.0
1,2,0.0,0.0,1.0,0.0,0.0,0.0,0.0,0.0,0.0,0.0
1,2,0.0,0.0,1.0,0.0,0.0,0.0,0.0,0.0,0.0,0.0
1,2,0.0,0.0,1.0,0.0,0.0,0.0,0.0,0.0,0.0,0.0
1,2,0.0,0.0,1.0,0.0,0.0,0.0,0.0,0.0,0.0,0.0
1,2,0.0,0.0,1.0,0.0,0.0,0.0,0.0,0.0,0.0,0.0
1,2,0.0,0.0,1.0,0.0,0.0,0.0,0.0,0.0,0.0,0.0
1,2,0.0,0.0,1.0,0.0,0.0,0.0,0.0,0.0,0.0,0.0
1,2,0.0,0.0,1.0,0.0,0.0,0.0,0.0,0.0,0.0,0.0
1,2,0.0,0.0,1.0,0.0,0.0,0.0,0.0,0.0,0.0,0.0
1,2,0.0,0.0,1.0,0.0,0.0,0.0,0.0,0.0,0.0,0.0
1,2,0.0,0.0,1.0,0.0,0.0,0.0,0.0,0.0,0.0,0.0
1,2,0.0,0.0,1.0,0.0,0.0,0.0,0.0,0.0,0.0,0.0
1,2,0.0,0.0,1.0,0.0,0.0,0.0,0.0,0.0,0.0,0.0
1,2,0.0,0.0,1.0,0.0,0.0,0.0,0.0,0.0,0.0,0.0
1,2,0.0,0.0,1.0,0.0,0.0,0.0,0.0,0.0,0.0,0.0
1,2,0.0,0.0,1.0,0.0,0.0,0.0,0.0,0.0,0.0,0.0
1,2,0.0,0.0,1.0,0.0,0.0,0.0,0.0,0.0,0.0,0.0
1,2,0.0,0.0,1.0,0.0,0.0,0.0,0.0,0.0,0.0,0.0
1,2,0.0,0.0,1.0,0.0,0.0,0.0,0.0,0.0,0.0,0.0
1,2,0.0,0.0,1.0,0.0,0.0,0.0,0.0,0.0,0.0,0.0
1,2,0.0,0.0,1.0,0.0,0.0,0.0,0.0,0.0,0.0,0.0
1,2,0.0,0.0,1.0,0.0,0.0,0.0,0.0,0.0,0.0,0.0
1,2,0.0,0.0,1.0,0.0,0.0,0.0,0.0,0.0,0.0,0.0
1,2,0.0,0.0,1.0,0.0,0.0,0.0,0.0,0.0,0.0,0.0
1,2,0.0,0.0,1.0,0.0,0.0,0.0,0.0,0.0,0.0,0.0
1,2,0.0,0.0,1.0,0.0,0.0,0.0,0.0,0.0,0.0,0.0
1,2,0.0,0.0,1.0,0.0,0.0,0.0,0.0,0.0,0.0,0.0
1,2,0.0,0.0,1.0,0.0,0.0,0.0,0.0,0.0,0.0,0.0
1,2,0.0,0.0,1.0,0.0,0.0,0.0,0.0,0.0,0.0,0.0
1,2,0.0,0.0,1.0,0.0,0.0,0.0,0.0,0.0,0.0,0.0
1,2,0.0,0.0,1.0,0.0,0.0,0.0,0.0,0.0,0.0,0.0
1,2,0.0,0.0,1.0,0.0,0.0,0.0,0.0,0.0,0.0,0.0
1,2,0.0,0.0,1.0,0.0,0.0,0.0,0.0,0.0,0.0,0.0
1,2,0.0,0.0,1.0,0.0,0.0,0.0,0.0,0.0,0.0,0.0
1,2,0.0,0.0,1.0,0.0,0.0,0.0,0.0,0.0,0.0,0.0
1,2,0.0,0.0,1.0,0.0,0.0,0.0,0.0,0.0,0.0,0.0
1,2,0.0,0.0,1.0,0.0,0.0,0.0,0.0,0.0,0.0,0.0
1,2,0.0,0.0,1.0,0.0,0.0,0.0,0.0,0.0,0.0,0.0
1,2,0.0,0.0,1.0,0.0,0.0,0.0,0.0,0.0,0.0,0.0
1,2,0.0,0.0,1.0,0.0,0.0,0.0,0.0,0.0,0.0,0.0
1,2,0.0,0.0,1.0,0.0,0.0,0.0,0.0,0.0,0.0,0.0
1,2,0.0,0.0,1.0,0.0,0.0,0.0,0.0,0.0,0.0,0.0
1,2,0.0,0.0,1.0,0.0,0.0,0.0,0.0,0.0,0.0,0.0
1,2,0.0,0.0,1.0,0.0,0.0,0.0,0.0,0.0,0.0,0.0
1,2,0.0,0.0,1.0,0.0,0.0,0.0,0.0,0.0,0.0,0.0
1,2,0.0,0.0,1.0,0.0,0.0,0.0,0.0,0.0,0.0,0.0
1,2,0.0,0.0,1.0,0.0,0.0,0.0,0.0,0.0,0.0,0.0
1,2,0.0,0.0,1.0,0.0,0.0,0.0,0.0,0.0,0.0,0.0
1,2,0.0,0.0,1.0,0.0,0.0,0.0,0.0,0.0,0.0,0.0
1,2,0.0,0.0,1.0,0.0,0.0,0.0,0.0,0.0,0.0,0.0
1,2,0.0,0.0,1.0,0.0,0.0,0.0,0.0,0.0,0.0,0.0
1,2,0.0,0.0,1.0,0.0,0.0,0.0,0.0,0.0,0.0,0.0
1,2,0.0,0.0,1.0,0.0,0.0,0.0,0.0,0.0,0.0,0.0
1,2,0.0,0.0,1.0,0.0,0.0,0.0,0.0,0.0,0.0,0.0
1,2,0.0,0.0,1.0,0.0,0.0,0.0,0.0,0.0,0.0,0.0
1,2,0.0,0.0,1.0,0.0,0.0,0.0,0.0,0.0,0.0,0.0
1,2,0.0,0.0,1.0,0.0,0.0,0.0,0.0,0.0,0.0,0.0
1,2,0.0,0.0,1.0,0.0,0.0,0.0,0.0,0.0,0.0,0.0
1,2,0.0,0.0,1.0,0.0,0.0,0.0,0.0,0.0,0.0,0.0
1,2,0.0,0.0,1.0,0.0,0.0,0.0,0.0,0.0,0.0,0.0
1,2,0.0,0.0,1.0,0.0,0.0,0.0,0.0,0.0,0.0,0.0
1,2,0.0,0.0,1.0,0.0,0.0,0.0,0.0,0.0,0.0,0.0
1,2,0.0,0.0,1.0,0.0,0.0,0.0,0.0,0.0,0.0,0.0
1,2,0.0,0.0,1.0,0.0,0.0,0.0,0.0,0.0,0.0,0.0
1,2,0.0,0.0,1.0,0.0,0.0,0.0,0.0,0.0,0.0,0.0
1,2,0.0,0.0,1.0,0.0,0.0,0.0,0.0,0.0,0.0,0.0
1,2,0.0,0.0,1.0,0.0,0.0,0.0,0.0,0.0,0.0,0.0
1,2,0.0,0.0,1.0,0.0,0.0,0.0,0.0,0.0,0.0,0.0
1,2,0.0,0.0,1.0,0.0,0.0,0.0,0.0,0.0,0.0,0.0
1,2,0.0,0.0,1.0,0.0,0.0,0.0,0.0,0.0,0.0,0.0
1,2,0.0,0.0,1.0,0.0,0.0,0.0,0.0,0.0,0.0,0.0
1,2,0.0,0.0,1.0,0.0,0.0,0.0,0.0,0.0,0.0,0.0
1,2,0.0,0.0,1.0,0.0,0.0,0.0,0.0,0.0,0.0,0.0
1,2,0.0,0.0,1.0,0.0,0.0,0.0,0.0,0.0,0.0,0.0
1,2,0.0,0.0,1.0,0.0,0.0,0.0,0.0,0.0,0.0,0.0
1,2,0.0,0.0,1.0,0.0,0.0,0.0,0.0,0.0,0.0,0.0
1,2,0.0,0.0,1.0,0.0,0.0,0.0,0.0,0.0,0.0,0.0
1,2,0.0,0.0,1.0,0.0,0.0,0.0,0.0,0.0,0.0,0.0
1,2,0.0,0.0,1.0,0.0,0.0,0.0,0.0,0.0,0.0,0.0
1,2,0.0,0.0,1.0,0.0,0.0,0.0,0.0,0.0,0.0,0.0
1,2,0.0,0.0,1.0,0.0,0.0,0.0,0.0,0.0,0.0,0.0
1,2,0.0,0.0,1.0,0.0,0.0,0.0,0.0,0.0,0.0,0.0
1,2,0.0,0.0,1.0,0.0,0.0,0.0,0.0,0.0,0.0,0.0
1,2,0.0,0.0,1.0,0.0,0.0,0.0,0.0,0.0,0.0,0.0
1,2,0.0,0.0,1.0,0.0,0.0,0.0,0.0,0.0,0.0,0.0
1,2,0.0,0.0,1.0,0.0,0.0,0.0,0.0,0.0,0.0,0.0
1,2,0.0,0.0,1.0,0.0,0.0,0.0,0.0,0.0,0.0,0.0
1,2,0.0,0.0,1.0,0.0,0.0,0.0,0.0,0.0,0.0,0.0
1,2,0.0,0.0,1.0,0.0,0.0,0.0,0.0,0.0,0.0,0.0
1,2,0.0,0.0,1.0,0.0,0.0,0.0,0.0,0.0,0.0,0.0
1,2,0.0,0.0,1.0,0.0,0.0,0.0,0.0,0.0,0.0,0.0
1,2,0.0,0.0,1.0,0.0,0.0,0.0,0.0,0.0,0.0,0.0
1,2,0.0,0.0,1.0,0.0,0.0,0.0,0.0,0.0,0.0,0.0
1,2,0.0,0.0,1.0,0.0,0.0,0.0,0.0,0.0,0.0,0.0
1,2,0.0,0.0,1.0,0.0,0.0,0.0,0.0,0.0,0.0,0.0
1,2,0.0,0.0,1.0,0.0,0.0,0.0,0.0,0.0,0.0,0.0
1,2,0.0,0.0,1.0,0.0,0.0,0.0,0.0,0.0,0.0,0.0
1,2,0.0,0.0,1.0,0.0,0.0,0.0,0.0,0.0,0.0,0.0
1,2,0.0,0.0,1.0,0.0,0.0,0.0,0.0,0.0,0.0,0.0
1,2,0.0,0.0,1.0,0.0,0.0,0.0,0.0,0.0,0.0,0.0
1,2,0.0,0.0,1.0,0.0,0.0,0.0,0.0,0.0,0.0,0.0
1,2,0.0,0.0,1.0,0.0,0.0,0.0,0.0,0.0,0.0,0.0
1,2,0.0,0.0,1.0,0.0,0.0,0.0,0.0,0.0,0.0,0.0
1,2,0.0,0.0,1.0,0.0,0.0,0.0,0.0,0.0,0.0,0.0
1,2,0.0,0.0,1.0,0.0,0.0,0.0,0.0,0.0,0.0,0.0
1,2,0.0,0.0,1.0,0.0,0.0,0.0,0.0,0.0,0.0,0.0
1,2,0.0,0.0,1.0,0.0,0.0,0.0,0.0,0.0,0.0,0.0
1,2,0.0,0.0,1.0,0.0,0.0,0.0,0.0,0.0,0.0,0.0
1,2,0.0,0.0,1.0,0.0,0.0,0.0,0.0,0.0,0.0,0.0
1,2,0.0,0.0,1.0,0.0,0.0,0.0,0.0,0.0,0.0,0.0
1,2,0.0,0.0,1.0,0.0,0.0,0.0,0.0,0.0,0.0,0.0
1,2,0.0,0.0,1.0,0.0,0.0,0.0,0.0,0.0,0.0,0.0
1,2,0.0,0.0,1.0,0.0,0.0,0.0,0.0,0.0,0.0,0.0
1,2,0.0,0.0,1.0,0.0,0.0,0.0,0.0,0.0,0.0,0.0
1,2,0.0,0.0,1.0,0.0,0.0,0.0,0.0,0.0,0.0,0.0
1,2,0.0,0.0,1.0,0.0,0.0,0.0,0.0,0.0,0.0,0.0
1,2,0.0,0.0,1.0,0.0,0.0,0.0,0.0,0.0,0.0,0.0
1,2,0.0,0.0,1.0,0.0,0.0,0.0,0.0,0.0,0.0,0.0
1,2,0.0,0.0,1.0,0.0,0.0,0.0,0.0,0.0,0.0,0.0
1,2,0.0,0.0,1.0,0.0,0.0,0.0,0.0,0.0,0.0,0.0
1,2,0.0,0.0,1.0,0.0,0.0,0.0,0.0,0.0,0.0,0.0
1,2,0.0,0.0,1.0,0.0,0.0,0.0,0.0,0.0,0.0,0.0
1,2,0.0,0.0,1.0,0.0,0.0,0.0,0.0,0.0,0.0,0.0
1,2,0.0,0.0,1.0,0.0,0.0,0.0,0.0,0.0,0.0,0.0
1,2,0.0,0.0,1.0,0.0,0.0,0.0,0.0,0.0,0.0,0.0
1,2,0.0,0.0,1.0,0.0,0.0,0.0,0.0,0.0,0.0,0.0
1,2,0.0,0.0,1.0,0.0,0.0,0.0,0.0,0.0,0.0,0.0
1,2,0.0,0.0,1.0,0.0,0.0,0.0,0.0,0.0,0.0,0.0
1,2,0.0,0.0,1.0,0.0,0.0,0.0,0.0,0.0,0.0,0.0
1,2,0.0,0.0,1.0,0.0,0.0,0.0,0.0,0.0,0.0,0.0
1,2,0.0,0.0,1.0,0.0,0.0,0.0,0.0,0.0,0.0,0.0
1,2,0.0,0.0,1.0,0.0,0.0,0.0,0.0,0.0,0.0,0.0
1,2,0.0,0.0,1.0,0.0,0.0,0.0,0.0,0.0,0.0,0.0
1,2,0.0,0.0,1.0,0.0,0.0,0.0,0.0,0.0,0.0,0.0
1,2,0.0,0.0,1.0,0.0,0.0,0.0,0.0,0.0,0.0,0.0
1,2,0.0,0.0,1.0,0.0,0.0,0.0,0.0,0.0,0.0,0.0
1,2,0.0,0.0,1.0,0.0,0.0,0.0,0.0,0.0,0.0,0.0
1,2,0.0,0.0,1.0,0.0,0.0,0.0,0.0,0.0,0.0,0.0
1,2,0.0,0.0,1.0,0.0,0.0,0.0,0.0,0.0,0.0,0.0
1,2,0.0,0.0,1.0,0.0,0.0,0.0,0.0,0.0,0.0,0.0
1,2,0.0,0.0,1.0,0.0,0.0,0.0,0.0,0.0,0.0,0.0
1,2,0.0,0.0,1.0,0.0,0.0,0.0,0.0,0.0,0.0,0.0
1,2,0.0,0.0,1.0,0.0,0.0,0.0,0.0,0.0,0.0,0.0
1,2,0.0,0.0,1.0,0.0,0.0,0.0,0.0,0.0,0.0,0.0
1,2,0.0,0.0,1.0,0.0,0.0,0.0,0.0,0.0,0.0,0.0
1,2,0.0,0.0,1.0,0.0,0.0,0.0,0.0,0.0,0.0,0.0
1,2,0.0,0.0,1.0,0.0,0.0,0.0,0.0,0.0,0.0,0.0
1,2,0.0,0.0,1.0,0.0,0.0,0.0,0.0,0.0,0.0,0.0
1,2,0.0,0.0,1.0,0.0,0.0,0.0,0.0,0.0,0.0,0.0
1,2,0.0,0.0,1.0,0.0,0.0,0.0,0.0,0.0,0.0,0.0
1,2,0.0,0.0,1.0,0.0,0.0,0.0,0.0,0.0,0.0,0.0
1,2,0.0,0.0,1.0,0.0,0.0,0.0,0.0,0.0,0.0,0.0
1,2,0.0,0.0,1.0,0.0,0.0,0.0,0.0,0.0,0.0,0.0
1,2,0.0,0.0,1.0,0.0,0.0,0.0,0.0,0.0,0.0,0.0
1,2,0.0,0.0,1.0,0.0,0.0,0.0,0.0,0.0,0.0,0.0
1,2,0.0,0.0,1.0,0.0,0.0,0.0,0.0,0.0,0.0,0.0
1,2,0.0,0.0,1.0,0.0,0.0,0.0,0.0,0.0,0.0,0.0
1,2,0.0,0.0,1.0,0.0,0.0,0.0,0.0,0.0,0.0,0.0
1,2,0.0,0.0,1.0,0.0,0.0,0.0,0.0,0.0,0.0,0.0
1,2,0.0,0.0,1.0,0.0,0.0,0.0,0.0,0.0,0.0,0.0
1,2,0.0,0.0,1.0,0.0,0.0,0.0,0.0,0.0,0.0,0.0
1,2,0.0,0.0,1.0,0.0,0.0,0.0,0.0,0.0,0.0,0.0
1,2,0.0,0.0,1.0,0.0,0.0,0.0,0.0,0.0,0.0,0.0
1,2,0.0,0.0,1.0,0.0,0.0,0.0,0.0,0.0,0.0,0.0
1,2,0.0,0.0,1.0,0.0,0.0,0.0,0.0,0.0,0.0,0.0
1,2,0.0,0.0,1.0,0.0,0.0,0.0,0.0,0.0,0.0,0.0
1,2,0.0,0.0,1.0,0.0,0.0,0.0,0.0,0.0,0.0,0.0
1,2,0.0,0.0,1.0,0.0,0.0,0.0,0.0,0.0,0.0,0.0
1,2,0.0,0.0,1.0,0.0,0.0,0.0,0.0,0.0,0.0,0.0
1,2,0.0,0.0,1.0,0.0,0.0,0.0,0.0,0.0,0.0,0.0
1,2,0.0,0.0,1.0,0.0,0.0,0.0,0.0,0.0,0.0,0.0
1,2,0.0,0.0,1.0,0.0,0.0,0.0,0.0,0.0,0.0,0.0
1,2,0.0,0.0,1.0,0.0,0.0,0.0,0.0,0.0,0.0,0.0
1,2,0.0,0.0,1.0,0.0,0.0,0.0,0.0,0.0,0.0,0.0
1,2,0.0,0.0,1.0,0.0,0.0,0.0,0.0,0.0,0.0,0.0
1,2,0.0,0.0,1.0,0.0,0.0,0.0,0.0,0.0,0.0,0.0
1,2,0.0,0.0,1.0,0.0,0.0,0.0,0.0,0.0,0.0,0.0
1,2,0.0,0.0,1.0,0.0,0.0,0.0,0.0,0.0,0.0,0.0
1,2,0.0,0.0,1.0,0.0,0.0,0.0,0.0,0.0,0.0,0.0
1,2,0.0,0.0,1.0,0.0,0.0,0.0,0.0,0.0,0.0,0.0
1,2,0.0,0.0,1.0,0.0,0.0,0.0,0.0,0.0,0.0,0.0
1,2,0.0,0.0,1.0,0.0,0.0,0.0,0.0,0.0,0.0,0.0
1,2,0.0,0.0,1.0,0.0,0.0,0.0,0.0,0.0,0.0,0.0
1,2,0.0,0.0,1.0,0.0,0.0,0.0,0.0,0.0,0.0,0.0
1,2,0.0,0.0,1.0,0.0,0.0,0.0,0.0,0.0,0.0,0.0
1,2,0.0,0.0,1.0,0.0,0.0,0.0,0.0,0.0,0.0,0.0
1,2,0.0,0.0,1.0,0.0,0.0,0.0,0.0,0.0,0.0,0.0
1,2,0.0,0.0,1.0,0.0,0.0,0.0,0.0,0.0,0.0,0.0
1,2,0.0,0.0,1.0,0.0,0.0,0.0,0.0,0.0,0.0,0.0
1,2,0.0,0.0,1.0,0.0,0.0,0.0,0.0,0.0,0.0,0.0
1,2,0.0,0.0,1.0,0.0,0.0,0.0,0.0,0.0,0.0,0.0
1,2,0.0,0.0,1.0,0.0,0.0,0.0,0.0,0.0,0.0,0.0
1,2,0.0,0.0,1.0,0.0,0.0,0.0,0.0,0.0,0.0,0.0
1,2,0.0,0.0,1.0,0.0,0.0,0.0,0.0,0.0,0.0,0.0
1,2,0.0,0.0,1.0,0.0,0.0,0.0,0.0,0.0,0.0,0.0
1,2,0.0,0.0,1.0,0.0,0.0,0.0,0.0,0.0,0.0,0.0
1,2,0.0,0.0,1.0,0.0,0.0,0.0,0.0,0.0,0.0,0.0
1,2,0.0,0.0,1.0,0.0,0.0,0.0,0.0,0.0,0.0,0.0
1,2,0.0,0.0,1.0,0.0,0.0,0.0,0.0,0.0,0.0,0.0
1,2,0.0,0.0,1.0,0.0,0.0,0.0,0.0,0.0,0.0,0.0
1,2,0.0,0.0,1.0,0.0,0.0,0.0,0.0,0.0,0.0,0.0
1,2,0.0,0.0,1.0,0.0,0.0,0.0,0.0,0.0,0.0,0.0
1,2,0.0,0.0,1.0,0.0,0.0,0.0,0.0,0.0,0.0,0.0
1,2,0.0,0.0,1.0,0.0,0.0,0.0,0.0,0.0,0.0,0.0
1,2,0.0,0.0,1.0,0.0,0.0,0.0,0.0,0.0,0.0,0.0
1,2,0.0,0.0,1.0,0.0,0.0,0.0,0.0,0.0,0.0,0.0
1,2,0.0,0.0,1.0,0.0,0.0,0.0,0.0,0.0,0.0,0.0
1,2,0.0,0.0,1.0,0.0,0.0,0.0,0.0,0.0,0.0,0.0
1,2,0.0,0.0,1.0,0.0,0.0,0.0,0.0,0.0,0.0,0.0
1,2,0.0,0.0,1.0,0.0,0.0,0.0,0.0,0.0,0.0,0.0
1,2,0.0,0.0,1.0,0.0,0.0,0.0,0.0,0.0,0.0,0.0
1,2,0.0,0.0,1.0,0.0,0.0,0.0,0.0,0.0,0.0,0.0
1,2,0.0,0.0,1.0,0.0,0.0,0.0,0.0,0.0,0.0,0.0
1,2,0.0,0.0,1.0,0.0,0.0,0.0,0.0,0.0,0.0,0.0
1,2,0.0,0.0,1.0,0.0,0.0,0.0,0.0,0.0,0.0,0.0
1,2,0.0,0.0,1.0,0.0,0.0,0.0,0.0,0.0,0.0,0.0
1,2,0.0,0.0,1.0,0.0,0.0,0.0,0.0,0.0,0.0,0.0
1,2,0.0,0.0,1.0,0.0,0.0,0.0,0.0,0.0,0.0,0.0
1,2,0.0,0.0,1.0,0.0,0.0,0.0,0.0,0.0,0.0,0.0
1,2,0.0,0.0,1.0,0.0,0.0,0.0,0.0,0.0,0.0,0.0
1,2,0.0,0.0,1.0,0.0,0.0,0.0,0.0,0.0,0.0,0.0
1,2,0.0,0.0,1.0,0.0,0.0,0.0,0.0,0.0,0.0,0.0
1,2,0.0,0.0,1.0,0.0,0.0,0.0,0.0,0.0,0.0,0.0
1,2,0.0,0.0,1.0,0.0,0.0,0.0,0.0,0.0,0.0,0.0
1,2,0.0,0.0,1.0,0.0,0.0,0.0,0.0,0.0,0.0,0.0
1,2,0.0,0.0,1.0,0.0,0.0,0.0,0.0,0.0,0.0,0.0
1,2,0.0,0.0,1.0,0.0,0.0,0.0,0.0,0.0,0.0,0.0
1,2,0.0,0.0,1.0,0.0,0.0,0.0,0.0,0.0,0.0,0.0
1,2,0.0,0.0,1.0,0.0,0.0,0.0,0.0,0.0,0.0,0.0
1,2,0.0,0.0,1.0,0.0,0.0,0.0,0.0,0.0,0.0,0.0
1,2,0.0,0.0,1.0,0.0,0.0,0.0,0.0,0.0,0.0,0.0
1,2,0.0,0.0,1.0,0.0,0.0,0.0,0.0,0.0,0.0,0.0
1,2,0.0,0.0,1.0,0.0,0.0,0.0,0.0,0.0,0.0,0.0
1,2,0.0,0.0,1.0,0.0,0.0,0.0,0.0,0.0,0.0,0.0
1,2,0.0,0.0,1.0,0.0,0.0,0.0,0.0,0.0,0.0,0.0
1,2,0.0,0.0,1.0,0.0,0.0,0.0,0.0,0.0,0.0,0.0
1,2,0.0,0.0,1.0,0.0,0.0,0.0,0.0,0.0,0.0,0.0
1,2,0.0,0.0,1.0,0.0,0.0,0.0,0.0,0.0,0.0,0.0
1,2,0.0,0.0,1.0,0.0,0.0,0.0,0.0,0.0,0.0,0.0
1,2,0.0,0.0,1.0,0.0,0.0,0.0,0.0,0.0,0.0,0.0
1,2,0.0,0.0,1.0,0.0,0.0,0.0,0.0,0.0,0.0,0.0
1,2,0.0,0.0,1.0,0.0,0.0,0.0,0.0,0.0,0.0,0.0
1,2,0.0,0.0,1.0,0.0,0.0,0.0,0.0,0.0,0.0,0.0
1,2,0.0,0.0,1.0,0.0,0.0,0.0,0.0,0.0,0.0,0.0
1,2,0.0,0.0,1.0,0.0,0.0,0.0,0.0,0.0,0.0,0.0
1,2,0.0,0.0,1.0,0.0,0.0,0.0,0.0,0.0,0.0,0.0
1,2,0.0,0.0,1.0,0.0,0.0,0.0,0.0,0.0,0.0,0.0
1,2,0.0,0.0,1.0,0.0,0.0,0.0,0.0,0.0,0.0,0.0
1,2,0.0,0.0,1.0,0.0,0.0,0.0,0.0,0.0,0.0,0.0
1,2,0.0,0.0,1.0,0.0,0.0,0.0,0.0,0.0,0.0,0.0
1,2,0.0,0.0,1.0,0.0,0.0,0.0,0.0,0.0,0.0,0.0
1,2,0.0,0.0,1.0,0.0,0.0,0.0,0.0,0.0,0.0,0.0
1,2,0.0,0.0,1.0,0.0,0.0,0.0,0.0,0.0,0.0,0.0
1,2,0.0,0.0,1.0,0.0,0.0,0.0,0.0,0.0,0.0,0.0
1,2,0.0,0.0,1.0,0.0,0.0,0.0,0.0,0.0,0.0,0.0
1,2,0.0,0.0,1.0,0.0,0.0,0.0,0.0,0.0,0.0,0.0
1,2,0.0,0.0,1.0,0.0,0.0,0.0,0.0,0.0,0.0,0.0
1,2,0.0,0.0,1.0,0.0,0.0,0.0,0.0,0.0,0.0,0.0
1,2,0.0,0.0,1.0,0.0,0.0,0.0,0.0,0.0,0.0,0.0
1,2,0.0,0.0,1.0,0.0,0.0,0.0,0.0,0.0,0.0,0.0
1,2,0.0,0.0,1.0,0.0,0.0,0.0,0.0,0.0,0.0,0.0
1,2,0.0,0.0,1.0,0.0,0.0,0.0,0.0,0.0,0.0,0.0
1,2,0.0,0.0,1.0,0.0,0.0,0.0,0.0,0.0,0.0,0.0
1,2,0.0,0.0,1.0,0.0,0.0,0.0,0.0,0.0,0.0,0.0
1,2,0.0,0.0,1.0,0.0,0.0,0.0,0.0,0.0,0.0,0.0
1,2,0.0,0.0,1.0,0.0,0.0,0.0,0.0,0.0,0.0,0.0
1,2,0.0,0.0,1.0,0.0,0.0,0.0,0.0,0.0,0.0,0.0
1,2,0.0,0.0,1.0,0.0,0.0,0.0,0.0,0.0,0.0,0.0
1,2,0.0,0.0,1.0,0.0,0.0,0.0,0.0,0.0,0.0,0.0
1,2,0.0,0.0,1.0,0.0,0.0,0.0,0.0,0.0,0.0,0.0
1,2,0.0,0.0,1.0,0.0,0.0,0.0,0.0,0.0,0.0,0.0
1,2,0.0,0.0,1.0,0.0,0.0,0.0,0.0,0.0,0.0,0.0
1,2,0.0,0.0,1.0,0.0,0.0,0.0,0.0,0.0,0.0,0.0
1,2,0.0,0.0,1.0,0.0,0.0,0.0,0.0,0.0,0.0,0.0
1,2,0.0,0.0,1.0,0.0,0.0,0.0,0.0,0.0,0.0,0.0
1,2,0.0,0.0,1.0,0.0,0.0,0.0,0.0,0.0,0.0,0.0
1,2,0.0,0.0,1.0,0.0,0.0,0.0,0.0,0.0,0.0,0.0
1,2,0.0,0.0,1.0,0.0,0.0,0.0,0.0,0.0,0.0,0.0
1,2,0.0,0.0,1.0,0.0,0.0,0.0,0.0,0.0,0.0,0.0
1,2,0.0,0.0,1.0,0.0,0.0,0.0,0.0,0.0,0.0,0.0
1,2,0.0,0.0,1.0,0.0,0.0,0.0,0.0,0.0,0.0,0.0
1,2,0.0,0.0,1.0,0.0,0.0,0.0,0.0,0.0,0.0,0.0
1,2,0.0,0.0,1.0,0.0,0.0,0.0,0.0,0.0,0.0,0.0
1,2,0.0,0.0,1.0,0.0,0.0,0.0,0.0,0.0,0.0,0.0
1,2,0.0,0.0,1.0,0.0,0.0,0.0,0.0,0.0,0.0,0.0
1,2,0.0,0.0,1.0,0.0,0.0,0.0,0.0,0.0,0.0,0.0
1,2,0.0,0.0,1.0,0.0,0.0,0.0,0.0,0.0,0.0,0.0
1,2,0.0,0.0,1.0,0.0,0.0,0.0,0.0,0.0,0.0,0.0
1,2,0.0,0.0,1.0,0.0,0.0,0.0,0.0,0.0,0.0,0.0
1,2,0.0,0.0,1.0,0.0,0.0,0.0,0.0,0.0,0.0,0.0
1,2,0.0,0.0,1.0,0.0,0.0,0.0,0.0,0.0,0.0,0.0
1,2,0.0,0.0,1.0,0.0,0.0,0.0,0.0,0.0,0.0,0.0
1,2,0.0,0.0,1.0,0.0,0.0,0.0,0.0,0.0,0.0,0.0
1,2,0.0,0.0,1.0,0.0,0.0,0.0,0.0,0.0,0.0,0.0
1,2,0.0,0.0,1.0,0.0,0.0,0.0,0.0,0.0,0.0,0.0
1,2,0.0,0.0,1.0,0.0,0.0,0.0,0.0,0.0,0.0,0.0
1,2,0.0,0.0,1.0,0.0,0.0,0.0,0.0,0.0,0.0,0.0
1,2,0.0,0.0,1.0,0.0,0.0,0.0,0.0,0.0,0.0,0.0
1,2,0.0,0.0,1.0,0.0,0.0,0.0,0.0,0.0,0.0,0.0
1,2,0.0,0.0,1.0,0.0,0.0,0.0,0.0,0.0,0.0,0.0
1,2,0.0,0.0,1.0,0.0,0.0,0.0,0.0,0.0,0.0,0.0
1,2,0.0,0.0,1.0,0.0,0.0,0.0,0.0,0.0,0.0,0.0
1,2,0.0,0.0,1.0,0.0,0.0,0.0,0.0,0.0,0.0,0.0
1,2,0.0,0.0,1.0,0.0,0.0,0.0,0.0,0.0,0.0,0.0
1,2,0.0,0.0,1.0,0.0,0.0,0.0,0.0,0.0,0.0,0.0
1,2,0.0,0.0,1.0,0.0,0.0,0.0,0.0,0.0,0.0,0.0
1,2,0.0,0.0,1.0,0.0,0.0,0.0,0.0,0.0,0.0,0.0
1,2,0.0,0.0,1.0,0.0,0.0,0.0,0.0,0.0,0.0,0.0
1,2,0.0,0.0,1.0,0.0,0.0,0.0,0.0,0.0,0.0,0.0
1,2,0.0,0.0,1.0,0.0,0.0,0.0,0.0,0.0,0.0,0.0
1,2,0.0,0.0,1.0,0.0,0.0,0.0,0.0,0.0,0.0,0.0
1,2,0.0,0.0,1.0,0.0,0.0,0.0,0.0,0.0,0.0,0.0
1,2,0.0,0.0,1.0,0.0,0.0,0.0,0.0,0.0,0.0,0.0
1,2,0.0,0.0,1.0,0.0,0.0,0.0,0.0,0.0,0.0,0.0
1,2,0.0,0.0,1.0,0.0,0.0,0.0,0.0,0.0,0.0,0.0
1,2,0.0,0.0,1.0,0.0,0.0,0.0,0.0,0.0,0.0,0.0
1,2,0.0,0.0,1.0,0.0,0.0,0.0,0.0,0.0,0.0,0.0
1,2,0.0,0.0,1.0,0.0,0.0,0.0,0.0,0.0,0.0,0.0
1,2,0.0,0.0,1.0,0.0,0.0,0.0,0.0,0.0,0.0,0.0
1,2,0.0,0.0,1.0,0.0,0.0,0.0,0.0,0.0,0.0,0.0
1,2,0.0,0.0,1.0,0.0,0.0,0.0,0.0,0.0,0.0,0.0
1,2,0.0,0.0,1.0,0.0,0.0,0.0,0.0,0.0,0.0,0.0
1,2,0.0,0.0,1.0,0.0,0.0,0.0,0.0,0.0,0.0,0.0
1,2,0.0,0.0,1.0,0.0,0.0,0.0,0.0,0.0,0.0,0.0
1,2,0.0,0.0,1.0,0.0,0.0,0.0,0.0,0.0,0.0,0.0
1,2,0.0,0.0,1.0,0.0,0.0,0.0,0.0,0.0,0.0,0.0
1,2,0.0,0.0,1.0,0.0,0.0,0.0,0.0,0.0,0.0,0.0
1,2,0.0,0.0,1.0,0.0,0.0,0.0,0.0,0.0,0.0,0.0
1,2,0.0,0.0,1.0,0.0,0.0,0.0,0.0,0.0,0.0,0.0
1,2,0.0,0.0,1.0,0.0,0.0,0.0,0.0,0.0,0.0,0.0
1,2,0.0,0.0,1.0,0.0,0.0,0.0,0.0,0.0,0.0,0.0
1,2,0.0,0.0,1.0,0.0,0.0,0.0,0.0,0.0,0.0,0.0
1,2,0.0,0.0,1.0,0.0,0.0,0.0,0.0,0.0,0.0,0.0
1,2,0.0,0.0,1.0,0.0,0.0,0.0,0.0,0.0,0.0,0.0
1,2,0.0,0.0,1.0,0.0,0.0,0.0,0.0,0.0,0.0,0.0
1,2,0.0,0.0,1.0,0.0,0.0,0.0,0.0,0.0,0.0,0.0
1,2,0.0,0.0,1.0,0.0,0.0,0.0,0.0,0.0,0.0,0.0
1,2,0.0,0.0,1.0,0.0,0.0,0.0,0.0,0.0,0.0,0.0
1,2,0.0,0.0,1.0,0.0,0.0,0.0,0.0,0.0,0.0,0.0
1,2,0.0,0.0,1.0,0.0,0.0,0.0,0.0,0.0,0.0,0.0
1,2,0.0,0.0,1.0,0.0,0.0,0.0,0.0,0.0,0.0,0.0
1,2,0.0,0.0,1.0,0.0,0.0,0.0,0.0,0.0,0.0,0.0
1,2,0.0,0.0,1.0,0.0,0.0,0.0,0.0,0.0,0.0,0.0
1,2,0.0,0.0,1.0,0.0,0.0,0.0,0.0,0.0,0.0,0.0
1,2,0.0,0.0,1.0,0.0,0.0,0.0,0.0,0.0,0.0,0.0
1,2,0.0,0.0,1.0,0.0,0.0,0.0,0.0,0.0,0.0,0.0
1,2,0.0,0.0,1.0,0.0,0.0,0.0,0.0,0.0,0.0,0.0
1,2,0.0,0.0,1.0,0.0,0.0,0.0,0.0,0.0,0.0,0.0
1,2,0.0,0.0,1.0,0.0,0.0,0.0,0.0,0.0,0.0,0.0
1,2,0.0,0.0,1.0,0.0,0.0,0.0,0.0,0.0,0.0,0.0
1,2,0.0,0.0,1.0,0.0,0.0,0.0,0.0,0.0,0.0,0.0
1,2,0.0,0.0,1.0,0.0,0.0,0.0,0.0,0.0,0.0,0.0
1,2,0.0,0.0,1.0,0.0,0.0,0.0,0.0,0.0,0.0,0.0
1,2,0.0,0.0,1.0,0.0,0.0,0.0,0.0,0.0,0.0,0.0
1,2,0.0,0.0,1.0,0.0,0.0,0.0,0.0,0.0,0.0,0.0
1,2,0.0,0.0,1.0,0.0,0.0,0.0,0.0,0.0,0.0,0.0
1,2,0.0,0.0,1.0,0.0,0.0,0.0,0.0,0.0,0.0,0.0
1,2,0.0,0.0,1.0,0.0,0.0,0.0,0.0,0.0,0.0,0.0
1,2,0.0,0.0,1.0,0.0,0.0,0.0,0.0,0.0,0.0,0.0
1,2,0.0,0.0,1.0,0.0,0.0,0.0,0.0,0.0,0.0,0.0
1,2,0.0,0.0,1.0,0.0,0.0,0.0,0.0,0.0,0.0,0.0
1,2,0.0,0.0,1.0,0.0,0.0,0.0,0.0,0.0,0.0,0.0
1,2,0.0,0.0,1.0,0.0,0.0,0.0,0.0,0.0,0.0,0.0
1,2,0.0,0.0,1.0,0.0,0.0,0.0,0.0,0.0,0.0,0.0
1,2,0.0,0.0,1.0,0.0,0.0,0.0,0.0,0.0,0.0,0.0
1,2,0.0,0.0,1.0,0.0,0.0,0.0,0.0,0.0,0.0,0.0
1,2,0.0,0.0,1.0,0.0,0.0,0.0,0.0,0.0,0.0,0.0
1,2,0.0,0.0,1.0,0.0,0.0,0.0,0.0,0.0,0.0,0.0
1,2,0.0,0.0,1.0,0.0,0.0,0.0,0.0,0.0,0.0,0.0
1,2,0.0,0.0,1.0,0.0,0.0,0.0,0.0,0.0,0.0,0.0
1,2,0.0,0.0,1.0,0.0,0.0,0.0,0.0,0.0,0.0,0.0
1,2,0.0,0.0,1.0,0.0,0.0,0.0,0.0,0.0,0.0,0.0
1,2,0.0,0.0,1.0,0.0,0.0,0.0,0.0,0.0,0.0,0.0
1,2,0.0,0.0,1.0,0.0,0.0,0.0,0.0,0.0,0.0,0.0
1,2,0.0,0.0,1.0,0.0,0.0,0.0,0.0,0.0,0.0,0.0
1,2,0.0,0.0,1.0,0.0,0.0,0.0,0.0,0.0,0.0,0.0
1,2,0.0,0.0,1.0,0.0,0.0,0.0,0.0,0.0,0.0,0.0
1,2,0.0,0.0,1.0,0.0,0.0,0.0,0.0,0.0,0.0,0.0
1,2,0.0,0.0,1.0,0.0,0.0,0.0,0.0,0.0,0.0,0.0
1,2,0.0,0.0,1.0,0.0,0.0,0.0,0.0,0.0,0.0,0.0
1,2,0.0,0.0,1.0,0.0,0.0,0.0,0.0,0.0,0.0,0.0
1,2,0.0,0.0,1.0,0.0,0.0,0.0,0.0,0.0,0.0,0.0
1,2,0.0,0.0,1.0,0.0,0.0,0.0,0.0,0.0,0.0,0.0
1,2,0.0,0.0,1.0,0.0,0.0,0.0,0.0,0.0,0.0,0.0
1,2,0.0,0.0,1.0,0.0,0.0,0.0,0.0,0.0,0.0,0.0
1,2,0.0,0.0,1.0,0.0,0.0,0.0,0.0,0.0,0.0,0.0
1,2,0.0,0.0,1.0,0.0,0.0,0.0,0.0,0.0,0.0,0.0
1,2,0.0,0.0,1.0,0.0,0.0,0.0,0.0,0.0,0.0,0.0
1,2,0.0,0.0,1.0,0.0,0.0,0.0,0.0,0.0,0.0,0.0
1,2,0.0,0.0,1.0,0.0,0.0,0.0,0.0,0.0,0.0,0.0
1,2,0.0,0.0,1.0,0.0,0.0,0.0,0.0,0.0,0.0,0.0
1,2,0.0,0.0,1.0,0.0,0.0,0.0,0.0,0.0,0.0,0.0
1,2,0.0,0.0,1.0,0.0,0.0,0.0,0.0,0.0,0.0,0.0
1,2,0.0,0.0,1.0,0.0,0.0,0.0,0.0,0.0,0.0,0.0
1,2,0.0,0.0,1.0,0.0,0.0,0.0,0.0,0.0,0.0,0.0
1,2,0.0,0.0,1.0,0.0,0.0,0.0,0.0,0.0,0.0,0.0
1,2,0.0,0.0,1.0,0.0,0.0,0.0,0.0,0.0,0.0,0.0
1,2,0.0,0.0,1.0,0.0,0.0,0.0,0.0,0.0,0.0,0.0
1,2,0.0,0.0,1.0,0.0,0.0,0.0,0.0,0.0,0.0,0.0
1,2,0.0,0.0,1.0,0.0,0.0,0.0,0.0,0.0,0.0,0.0
1,2,0.0,0.0,1.0,0.0,0.0,0.0,0.0,0.0,0.0,0.0
1,2,0.0,0.0,1.0,0.0,0.0,0.0,0.0,0.0,0.0,0.0
1,2,0.0,0.0,1.0,0.0,0.0,0.0,0.0,0.0,0.0,0.0
1,2,0.0,0.0,1.0,0.0,0.0,0.0,0.0,0.0,0.0,0.0
1,2,0.0,0.0,1.0,0.0,0.0,0.0,0.0,0.0,0.0,0.0
1,2,0.0,0.0,1.0,0.0,0.0,0.0,0.0,0.0,0.0,0.0
1,2,0.0,0.0,1.0,0.0,0.0,0.0,0.0,0.0,0.0,0.0
1,2,0.0,0.0,1.0,0.0,0.0,0.0,0.0,0.0,0.0,0.0
1,2,0.0,0.0,1.0,0.0,0.0,0.0,0.0,0.0,0.0,0.0
1,2,0.0,0.0,1.0,0.0,0.0,0.0,0.0,0.0,0.0,0.0
1,2,0.0,0.0,1.0,0.0,0.0,0.0,0.0,0.0,0.0,0.0
1,2,0.0,0.0,1.0,0.0,0.0,0.0,0.0,0.0,0.0,0.0
1,2,0.0,0.0,1.0,0.0,0.0,0.0,0.0,0.0,0.0,0.0
1,2,0.0,0.0,1.0,0.0,0.0,0.0,0.0,0.0,0.0,0.0
1,2,0.0,0.0,1.0,0.0,0.0,0.0,0.0,0.0,0.0,0.0
1,2,0.0,0.0,1.0,0.0,0.0,0.0,0.0,0.0,0.0,0.0
1,2,0.0,0.0,1.0,0.0,0.0,0.0,0.0,0.0,0.0,0.0
1,2,0.0,0.0,1.0,0.0,0.0,0.0,0.0,0.0,0.0,0.0
1,2,0.0,0.0,1.0,0.0,0.0,0.0,0.0,0.0,0.0,0.0
1,2,0.0,0.0,1.0,0.0,0.0,0.0,0.0,0.0,0.0,0.0
1,2,0.0,0.0,1.0,0.0,0.0,0.0,0.0,0.0,0.0,0.0
1,2,0.0,0.0,1.0,0.0,0.0,0.0,0.0,0.0,0.0,0.0
1,2,0.0,0.0,1.0,0.0,0.0,0.0,0.0,0.0,0.0,0.0
1,2,0.0,0.0,1.0,0.0,0.0,0.0,0.0,0.0,0.0,0.0
1,2,0.0,0.0,1.0,0.0,0.0,0.0,0.0,0.0,0.0,0.0
1,2,0.0,0.0,1.0,0.0,0.0,0.0,0.0,0.0,0.0,0.0
1,2,0.0,0.0,1.0,0.0,0.0,0.0,0.0,0.0,0.0,0.0
1,2,0.0,0.0,1.0,0.0,0.0,0.0,0.0,0.0,0.0,0.0
1,2,0.0,0.0,1.0,0.0,0.0,0.0,0.0,0.0,0.0,0.0
1,2,0.0,0.0,1.0,0.0,0.0,0.0,0.0,0.0,0.0,0.0
1,2,0.0,0.0,1.0,0.0,0.0,0.0,0.0,0.0,0.0,0.0
1,2,0.0,0.0,1.0,0.0,0.0,0.0,0.0,0.0,0.0,0.0
1,2,0.0,0.0,1.0,0.0,0.0,0.0,0.0,0.0,0.0,0.0
1,2,0.0,0.0,1.0,0.0,0.0,0.0,0.0,0.0,0.0,0.0
1,2,0.0,0.0,1.0,0.0,0.0,0.0,0.0,0.0,0.0,0.0
1,2,0.0,0.0,1.0,0.0,0.0,0.0,0.0,0.0,0.0,0.0
1,2,0.0,0.0,1.0,0.0,0.0,0.0,0.0,0.0,0.0,0.0
1,2,0.0,0.0,1.0,0.0,0.0,0.0,0.0,0.0,0.0,0.0
1,2,0.0,0.0,1.0,0.0,0.0,0.0,0.0,0.0,0.0,0.0
1,2,0.0,0.0,1.0,0.0,0.0,0.0,0.0,0.0,0.0,0.0
1,2,0.0,0.0,1.0,0.0,0.0,0.0,0.0,0.0,0.0,0.0
1,2,0.0,0.0,1.0,0.0,0.0,0.0,0.0,0.0,0.0,0.0
1,2,0.0,0.0,1.0,0.0,0.0,0.0,0.0,0.0,0.0,0.0
1,2,0.0,0.0,1.0,0.0,0.0,0.0,0.0,0.0,0.0,0.0
1,2,0.0,0.0,1.0,0.0,0.0,0.0,0.0,0.0,0.0,0.0
1,2,0.0,0.0,1.0,0.0,0.0,0.0,0.0,0.0,0.0,0.0
1,2,0.0,0.0,1.0,0.0,0.0,0.0,0.0,0.0,0.0,0.0
1,2,0.0,0.0,1.0,0.0,0.0,0.0,0.0,0.0,0.0,0.0
1,2,0.0,0.0,1.0,0.0,0.0,0.0,0.0,0.0,0.0,0.0
1,2,0.0,0.0,1.0,0.0,0.0,0.0,0.0,0.0,0.0,0.0
1,2,0.0,0.0,1.0,0.0,0.0,0.0,0.0,0.0,0.0,0.0
1,2,0.0,0.0,1.0,0.0,0.0,0.0,0.0,0.0,0.0,0.0
1,2,0.0,0.0,1.0,0.0,0.0,0.0,0.0,0.0,0.0,0.0
1,2,0.0,0.0,1.0,0.0,0.0,0.0,0.0,0.0,0.0,0.0
1,2,0.0,0.0,1.0,0.0,0.0,0.0,0.0,0.0,0.0,0.0
1,2,0.0,0.0,1.0,0.0,0.0,0.0,0.0,0.0,0.0,0.0
1,2,0.0,0.0,1.0,0.0,0.0,0.0,0.0,0.0,0.0,0.0
1,2,0.0,0.0,1.0,0.0,0.0,0.0,0.0,0.0,0.0,0.0
1,2,0.0,0.0,1.0,0.0,0.0,0.0,0.0,0.0,0.0,0.0
1,2,0.0,0.0,1.0,0.0,0.0,0.0,0.0,0.0,0.0,0.0
1,2,0.0,0.0,1.0,0.0,0.0,0.0,0.0,0.0,0.0,0.0
1,2,0.0,0.0,1.0,0.0,0.0,0.0,0.0,0.0,0.0,0.0
1,2,0.0,0.0,1.0,0.0,0.0,0.0,0.0,0.0,0.0,0.0
1,2,0.0,0.0,1.0,0.0,0.0,0.0,0.0,0.0,0.0,0.0
1,2,0.0,0.0,1.0,0.0,0.0,0.0,0.0,0.0,0.0,0.0
1,2,0.0,0.0,1.0,0.0,0.0,0.0,0.0,0.0,0.0,0.0
1,2,0.0,0.0,1.0,0.0,0.0,0.0,0.0,0.0,0.0,0.0
1,2,0.0,0.0,1.0,0.0,0.0,0.0,0.0,0.0,0.0,0.0
1,2,0.0,0.0,1.0,0.0,0.0,0.0,0.0,0.0,0.0,0.0
1,2,0.0,0.0,1.0,0.0,0.0,0.0,0.0,0.0,0.0,0.0
1,2,0.0,0.0,1.0,0.0,0.0,0.0,0.0,0.0,0.0,0.0
1,2,0.0,0.0,1.0,0.0,0.0,0.0,0.0,0.0,0.0,0.0
1,2,0.0,0.0,1.0,0.0,0.0,0.0,0.0,0.0,0.0,0.0
1,2,0.0,0.0,1.0,0.0,0.0,0.0,0.0,0.0,0.0,0.0
1,2,0.0,0.0,1.0,0.0,0.0,0.0,0.0,0.0,0.0,0.0
1,2,0.0,0.0,1.0,0.0,0.0,0.0,0.0,0.0,0.0,0.0
1,2,0.0,0.0,1.0,0.0,0.0,0.0,0.0,0.0,0.0,0.0
1,2,0.0,0.0,1.0,0.0,0.0,0.0,0.0,0.0,0.0,0.0
1,2,0.0,0.0,1.0,0.0,0.0,0.0,0.0,0.0,0.0,0.0
1,2,0.0,0.0,1.0,0.0,0.0,0.0,0.0,0.0,0.0,0.0
1,2,0.0,0.0,1.0,0.0,0.0,0.0,0.0,0.0,0.0,0.0
1,2,0.0,0.0,1.0,0.0,0.0,0.0,0.0,0.0,0.0,0.0
1,2,0.0,0.0,1.0,0.0,0.0,0.0,0.0,0.0,0.0,0.0
1,2,0.0,0.0,1.0,0.0,0.0,0.0,0.0,0.0,0.0,0.0
1,2,0.0,0.0,1.0,0.0,0.0,0.0,0.0,0.0,0.0,0.0
1,2,0.0,0.0,1.0,0.0,0.0,0.0,0.0,0.0,0.0,0.0
1,2,0.0,0.0,1.0,0.0,0.0,0.0,0.0,0.0,0.0,0.0
1,2,0.0,0.0,1.0,0.0,0.0,0.0,0.0,0.0,0.0,0.0
1,2,0.0,0.0,1.0,0.0,0.0,0.0,0.0,0.0,0.0,0.0
1,2,0.0,0.0,1.0,0.0,0.0,0.0,0.0,0.0,0.0,0.0
1,2,0.0,0.0,1.0,0.0,0.0,0.0,0.0,0.0,0.0,0.0
1,2,0.0,0.0,1.0,0.0,0.0,0.0,0.0,0.0,0.0,0.0
1,2,0.0,0.0,1.0,0.0,0.0,0.0,0.0,0.0,0.0,0.0
1,2,0.0,0.0,1.0,0.0,0.0,0.0,0.0,0.0,0.0,0.0
1,2,0.0,0.0,1.0,0.0,0.0,0.0,0.0,0.0,0.0,0.0
1,2,0.0,0.0,1.0,0.0,0.0,0.0,0.0,0.0,0.0,0.0
1,2,0.0,0.0,1.0,0.0,0.0,0.0,0.0,0.0,0.0,0.0
1,2,0.0,0.0,1.0,0.0,0.0,0.0,0.0,0.0,0.0,0.0
1,2,0.0,0.0,1.0,0.0,0.0,0.0,0.0,0.0,0.0,0.0
1,2,0.0,0.0,1.0,0.0,0.0,0.0,0.0,0.0,0.0,0.0
1,2,0.0,0.0,1.0,0.0,0.0,0.0,0.0,0.0,0.0,0.0
1,2,0.0,0.0,1.0,0.0,0.0,0.0,0.0,0.0,0.0,0.0
1,2,0.0,0.0,1.0,0.0,0.0,0.0,0.0,0.0,0.0,0.0
1,2,0.0,0.0,1.0,0.0,0.0,0.0,0.0,0.0,0.0,0.0
1,2,0.0,0.0,1.0,0.0,0.0,0.0,0.0,0.0,0.0,0.0
1,2,0.0,0.0,1.0,0.0,0.0,0.0,0.0,0.0,0.0,0.0
1,2,0.0,0.0,1.0,0.0,0.0,0.0,0.0,0.0,0.0,0.0
1,2,0.0,0.0,1.0,0.0,0.0,0.0,0.0,0.0,0.0,0.0
1,2,0.0,0.0,1.0,0.0,0.0,0.0,0.0,0.0,0.0,0.0
1,2,0.0,0.0,1.0,0.0,0.0,0.0,0.0,0.0,0.0,0.0
1,2,0.0,0.0,1.0,0.0,0.0,0.0,0.0,0.0,0.0,0.0
1,2,0.0,0.0,1.0,0.0,0.0,0.0,0.0,0.0,0.0,0.0
1,2,0.0,0.0,1.0,0.0,0.0,0.0,0.0,0.0,0.0,0.0
1,2,0.0,0.0,1.0,0.0,0.0,0.0,0.0,0.0,0.0,0.0
1,2,0.0,0.0,1.0,0.0,0.0,0.0,0.0,0.0,0.0,0.0
1,2,0.0,0.0,1.0,0.0,0.0,0.0,0.0,0.0,0.0,0.0
1,2,0.0,0.0,1.0,0.0,0.0,0.0,0.0,0.0,0.0,0.0
1,2,0.0,0.0,1.0,0.0,0.0,0.0,0.0,0.0,0.0,0.0
1,2,0.0,0.0,1.0,0.0,0.0,0.0,0.0,0.0,0.0,0.0
1,2,0.0,0.0,1.0,0.0,0.0,0.0,0.0,0.0,0.0,0.0
1,2,0.0,0.0,1.0,0.0,0.0,0.0,0.0,0.0,0.0,0.0
1,2,0.0,0.0,1.0,0.0,0.0,0.0,0.0,0.0,0.0,0.0
1,2,0.0,0.0,1.0,0.0,0.0,0.0,0.0,0.0,0.0,0.0
1,2,0.0,0.0,1.0,0.0,0.0,0.0,0.0,0.0,0.0,0.0
1,2,0.0,0.0,1.0,0.0,0.0,0.0,0.0,0.0,0.0,0.0
1,2,0.0,0.0,1.0,0.0,0.0,0.0,0.0,0.0,0.0,0.0
1,2,0.0,0.0,1.0,0.0,0.0,0.0,0.0,0.0,0.0,0.0
1,2,0.0,0.0,1.0,0.0,0.0,0.0,0.0,0.0,0.0,0.0
1,2,0.0,0.0,1.0,0.0,0.0,0.0,0.0,0.0,0.0,0.0
1,2,0.0,0.0,1.0,0.0,0.0,0.0,0.0,0.0,0.0,0.0
1,2,0.0,0.0,1.0,0.0,0.0,0.0,0.0,0.0,0.0,0.0
1,2,0.0,0.0,1.0,0.0,0.0,0.0,0.0,0.0,0.0,0.0
1,2,0.0,0.0,1.0,0.0,0.0,0.0,0.0,0.0,0.0,0.0
1,2,0.0,0.0,1.0,0.0,0.0,0.0,0.0,0.0,0.0,0.0
1,2,0.0,0.0,1.0,0.0,0.0,0.0,0.0,0.0,0.0,0.0
1,2,0.0,0.0,1.0,0.0,0.0,0.0,0.0,0.0,0.0,0.0
1,2,0.0,0.0,1.0,0.0,0.0,0.0,0.0,0.0,0.0,0.0
1,2,0.0,0.0,1.0,0.0,0.0,0.0,0.0,0.0,0.0,0.0
1,2,0.0,0.0,1.0,0.0,0.0,0.0,0.0,0.0,0.0,0.0
1,2,0.0,0.0,1.0,0.0,0.0,0.0,0.0,0.0,0.0,0.0
1,2,0.0,0.0,1.0,0.0,0.0,0.0,0.0,0.0,0.0,0.0
1,2,0.0,0.0,1.0,0.0,0.0,0.0,0.0,0.0,0.0,0.0
1,2,0.0,0.0,1.0,0.0,0.0,0.0,0.0,0.0,0.0,0.0
1,2,0.0,0.0,1.0,0.0,0.0,0.0,0.0,0.0,0.0,0.0
1,2,0.0,0.0,1.0,0.0,0.0,0.0,0.0,0.0,0.0,0.0
1,2,0.0,0.0,1.0,0.0,0.0,0.0,0.0,0.0,0.0,0.0
1,2,0.0,0.0,1.0,0.0,0.0,0.0,0.0,0.0,0.0,0.0
1,2,0.0,0.0,1.0,0.0,0.0,0.0,0.0,0.0,0.0,0.0
1,2,0.0,0.0,1.0,0.0,0.0,0.0,0.0,0.0,0.0,0.0
1,2,0.0,0.0,1.0,0.0,0.0,0.0,0.0,0.0,0.0,0.0
1,2,0.0,0.0,1.0,0.0,0.0,0.0,0.0,0.0,0.0,0.0
1,2,0.0,0.0,1.0,0.0,0.0,0.0,0.0,0.0,0.0,0.0
1,2,0.0,0.0,1.0,0.0,0.0,0.0,0.0,0.0,0.0,0.0
1,2,0.0,0.0,1.0,0.0,0.0,0.0,0.0,0.0,0.0,0.0
1,2,0.0,0.0,1.0,0.0,0.0,0.0,0.0,0.0,0.0,0.0
1,2,0.0,0.0,1.0,0.0,0.0,0.0,0.0,0.0,0.0,0.0
1,2,0.0,0.0,1.0,0.0,0.0,0.0,0.0,0.0,0.0,0.0
1,2,0.0,0.0,1.0,0.0,0.0,0.0,0.0,0.0,0.0,0.0
1,2,0.0,0.0,1.0,0.0,0.0,0.0,0.0,0.0,0.0,0.0
1,2,0.0,0.0,1.0,0.0,0.0,0.0,0.0,0.0,0.0,0.0
1,2,0.0,0.0,1.0,0.0,0.0,0.0,0.0,0.0,0.0,0.0
1,2,0.0,0.0,1.0,0.0,0.0,0.0,0.0,0.0,0.0,0.0
1,2,0.0,0.0,1.0,0.0,0.0,0.0,0.0,0.0,0.0,0.0
1,2,0.0,0.0,1.0,0.0,0.0,0.0,0.0,0.0,0.0,0.0
1,2,0.0,0.0,1.0,0.0,0.0,0.0,0.0,0.0,0.0,0.0
1,2,0.0,0.0,1.0,0.0,0.0,0.0,0.0,0.0,0.0,0.0
1,2,0.0,0.0,1.0,0.0,0.0,0.0,0.0,0.0,0.0,0.0
1,2,0.0,0.0,1.0,0.0,0.0,0.0,0.0,0.0,0.0,0.0
1,2,0.0,0.0,1.0,0.0,0.0,0.0,0.0,0.0,0.0,0.0
1,2,0.0,0.0,1.0,0.0,0.0,0.0,0.0,0.0,0.0,0.0
1,2,0.0,0.0,1.0,0.0,0.0,0.0,0.0,0.0,0.0,0.0
1,2,0.0,0.0,1.0,0.0,0.0,0.0,0.0,0.0,0.0,0.0
1,2,0.0,0.0,1.0,0.0,0.0,0.0,0.0,0.0,0.0,0.0
1,2,0.0,0.0,1.0,0.0,0.0,0.0,0.0,0.0,0.0,0.0
1,2,0.0,0.0,1.0,0.0,0.0,0.0,0.0,0.0,0.0,0.0
1,2,0.0,0.0,1.0,0.0,0.0,0.0,0.0,0.0,0.0,0.0
1,2,0.0,0.0,1.0,0.0,0.0,0.0,0.0,0.0,0.0,0.0
1,2,0.0,0.0,1.0,0.0,0.0,0.0,0.0,0.0,0.0,0.0
1,2,0.0,0.0,1.0,0.0,0.0,0.0,0.0,0.0,0.0,0.0
1,2,0.0,0.0,1.0,0.0,0.0,0.0,0.0,0.0,0.0,0.0
1,2,0.0,0.0,1.0,0.0,0.0,0.0,0.0,0.0,0.0,0.0
1,2,0.0,0.0,1.0,0.0,0.0,0.0,0.0,0.0,0.0,0.0
1,2,0.0,0.0,1.0,0.0,0.0,0.0,0.0,0.0,0.0,0.0
1,2,0.0,0.0,1.0,0.0,0.0,0.0,0.0,0.0,0.0,0.0
1,2,0.0,0.0,1.0,0.0,0.0,0.0,0.0,0.0,0.0,0.0
1,2,0.0,0.0,1.0,0.0,0.0,0.0,0.0,0.0,0.0,0.0
1,2,0.0,0.0,1.0,0.0,0.0,0.0,0.0,0.0,0.0,0.0
1,2,0.0,0.0,1.0,0.0,0.0,0.0,0.0,0.0,0.0,0.0
1,2,0.0,0.0,1.0,0.0,0.0,0.0,0.0,0.0,0.0,0.0
1,2,0.0,0.0,1.0,0.0,0.0,0.0,0.0,0.0,0.0,0.0
1,2,0.0,0.0,1.0,0.0,0.0,0.0,0.0,0.0,0.0,0.0
1,2,0.0,0.0,1.0,0.0,0.0,0.0,0.0,0.0,0.0,0.0
1,2,0.0,0.0,1.0,0.0,0.0,0.0,0.0,0.0,0.0,0.0
1,2,0.0,0.0,1.0,0.0,0.0,0.0,0.0,0.0,0.0,0.0
1,2,0.0,0.0,1.0,0.0,0.0,0.0,0.0,0.0,0.0,0.0
1,2,0.0,0.0,1.0,0.0,0.0,0.0,0.0,0.0,0.0,0.0
1,2,0.0,0.0,1.0,0.0,0.0,0.0,0.0,0.0,0.0,0.0
1,2,0.0,0.0,1.0,0.0,0.0,0.0,0.0,0.0,0.0,0.0
1,2,0.0,0.0,1.0,0.0,0.0,0.0,0.0,0.0,0.0,0.0
1,2,0.0,0.0,1.0,0.0,0.0,0.0,0.0,0.0,0.0,0.0
1,2,0.0,0.0,1.0,0.0,0.0,0.0,0.0,0.0,0.0,0.0
1,2,0.0,0.0,1.0,0.0,0.0,0.0,0.0,0.0,0.0,0.0
1,2,0.0,0.0,1.0,0.0,0.0,0.0,0.0,0.0,0.0,0.0
1,2,0.0,0.0,1.0,0.0,0.0,0.0,0.0,0.0,0.0,0.0
1,2,0.0,0.0,1.0,0.0,0.0,0.0,0.0,0.0,0.0,0.0
1,2,0.0,0.0,1.0,0.0,0.0,0.0,0.0,0.0,0.0,0.0
1,2,0.0,0.0,1.0,0.0,0.0,0.0,0.0,0.0,0.0,0.0
1,2,0.0,0.0,1.0,0.0,0.0,0.0,0.0,0.0,0.0,0.0
1,2,0.0,0.0,1.0,0.0,0.0,0.0,0.0,0.0,0.0,0.0
1,2,0.0,0.0,1.0,0.0,0.0,0.0,0.0,0.0,0.0,0.0
1,2,0.0,0.0,1.0,0.0,0.0,0.0,0.0,0.0,0.0,0.0
1,2,0.0,0.0,1.0,0.0,0.0,0.0,0.0,0.0,0.0,0.0
1,2,0.0,0.0,1.0,0.0,0.0,0.0,0.0,0.0,0.0,0.0
1,2,0.0,0.0,1.0,0.0,0.0,0.0,0.0,0.0,0.0,0.0
1,2,0.0,0.0,1.0,0.0,0.0,0.0,0.0,0.0,0.0,0.0
1,2,0.0,0.0,1.0,0.0,0.0,0.0,0.0,0.0,0.0,0.0
1,2,0.0,0.0,1.0,0.0,0.0,0.0,0.0,0.0,0.0,0.0
1,2,0.0,0.0,1.0,0.0,0.0,0.0,0.0,0.0,0.0,0.0
1,2,0.0,0.0,1.0,0.0,0.0,0.0,0.0,0.0,0.0,0.0
1,2,0.0,0.0,1.0,0.0,0.0,0.0,0.0,0.0,0.0,0.0
1,2,0.0,0.0,1.0,0.0,0.0,0.0,0.0,0.0,0.0,0.0
1,2,0.0,0.0,1.0,0.0,0.0,0.0,0.0,0.0,0.0,0.0
1,2,0.0,0.0,1.0,0.0,0.0,0.0,0.0,0.0,0.0,0.0
1,2,0.0,0.0,1.0,0.0,0.0,0.0,0.0,0.0,0.0,0.0
1,2,0.0,0.0,1.0,0.0,0.0,0.0,0.0,0.0,0.0,0.0
1,2,0.0,0.0,1.0,0.0,0.0,0.0,0.0,0.0,0.0,0.0
1,2,0.0,0.0,1.0,0.0,0.0,0.0,0.0,0.0,0.0,0.0
1,2,0.0,0.0,1.0,0.0,0.0,0.0,0.0,0.0,0.0,0.0
1,2,0.0,0.0,1.0,0.0,0.0,0.0,0.0,0.0,0.0,0.0
1,2,0.0,0.0,1.0,0.0,0.0,0.0,0.0,0.0,0.0,0.0
1,2,0.0,0.0,1.0,0.0,0.0,0.0,0.0,0.0,0.0,0.0
1,2,0.0,0.0,1.0,0.0,0.0,0.0,0.0,0.0,0.0,0.0
1,2,0.0,0.0,1.0,0.0,0.0,0.0,0.0,0.0,0.0,0.0
1,2,0.0,0.0,1.0,0.0,0.0,0.0,0.0,0.0,0.0,0.0
1,2,0.0,0.0,1.0,0.0,0.0,0.0,0.0,0.0,0.0,0.0
1,2,0.0,0.0,1.0,0.0,0.0,0.0,0.0,0.0,0.0,0.0
1,2,0.0,0.0,1.0,0.0,0.0,0.0,0.0,0.0,0.0,0.0
1,2,0.0,0.0,1.0,0.0,0.0,0.0,0.0,0.0,0.0,0.0
1,2,0.0,0.0,1.0,0.0,0.0,0.0,0.0,0.0,0.0,0.0
1,2,0.0,0.0,1.0,0.0,0.0,0.0,0.0,0.0,0.0,0.0
1,2,0.0,0.0,1.0,0.0,0.0,0.0,0.0,0.0,0.0,0.0
1,2,0.0,0.0,1.0,0.0,0.0,0.0,0.0,0.0,0.0,0.0
1,2,0.0,0.0,1.0,0.0,0.0,0.0,0.0,0.0,0.0,0.0
1,2,0.0,0.0,1.0,0.0,0.0,0.0,0.0,0.0,0.0,0.0
1,2,0.0,0.0,1.0,0.0,0.0,0.0,0.0,0.0,0.0,0.0
1,2,0.0,0.0,1.0,0.0,0.0,0.0,0.0,0.0,0.0,0.0
1,2,0.0,0.0,1.0,0.0,0.0,0.0,0.0,0.0,0.0,0.0
1,2,0.0,0.0,1.0,0.0,0.0,0.0,0.0,0.0,0.0,0.0
1,2,0.0,0.0,1.0,0.0,0.0,0.0,0.0,0.0,0.0,0.0
1,2,0.0,0.0,1.0,0.0,0.0,0.0,0.0,0.0,0.0,0.0
1,2,0.0,0.0,1.0,0.0,0.0,0.0,0.0,0.0,0.0,0.0
1,2,0.0,0.0,1.0,0.0,0.0,0.0,0.0,0.0,0.0,0.0
1,2,0.0,0.0,1.0,0.0,0.0,0.0,0.0,0.0,0.0,0.0
1,2,0.0,0.0,1.0,0.0,0.0,0.0,0.0,0.0,0.0,0.0
1,2,0.0,0.0,1.0,0.0,0.0,0.0,0.0,0.0,0.0,0.0
1,2,0.0,0.0,1.0,0.0,0.0,0.0,0.0,0.0,0.0,0.0
1,2,0.0,0.0,1.0,0.0,0.0,0.0,0.0,0.0,0.0,0.0
1,2,0.0,0.0,1.0,0.0,0.0,0.0,0.0,0.0,0.0,0.0
1,2,0.0,0.0,1.0,0.0,0.0,0.0,0.0,0.0,0.0,0.0
1,2,0.0,0.0,1.0,0.0,0.0,0.0,0.0,0.0,0.0,0.0
1,2,0.0,0.0,1.0,0.0,0.0,0.0,0.0,0.0,0.0,0.0
1,2,0.0,0.0,1.0,0.0,0.0,0.0,0.0,0.0,0.0,0.0
1,2,0.0,0.0,1.0,0.0,0.0,0.0,0.0,0.0,0.0,0.0
1,2,0.0,0.0,1.0,0.0,0.0,0.0,0.0,0.0,0.0,0.0
1,2,0.0,0.0,1.0,0.0,0.0,0.0,0.0,0.0,0.0,0.0
1,2,0.0,0.0,1.0,0.0,0.0,0.0,0.0,0.0,0.0,0.0
1,2,0.0,0.0,1.0,0.0,0.0,0.0,0.0,0.0,0.0,0.0
1,2,0.0,0.0,1.0,0.0,0.0,0.0,0.0,0.0,0.0,0.0
1,2,0.0,0.0,1.0,0.0,0.0,0.0,0.0,0.0,0.0,0.0
1,2,0.0,0.0,1.0,0.0,0.0,0.0,0.0,0.0,0.0,0.0
1,2,0.0,0.0,1.0,0.0,0.0,0.0,0.0,0.0,0.0,0.0
1,2,0.0,0.0,1.0,0.0,0.0,0.0,0.0,0.0,0.0,0.0
1,2,0.0,0.0,1.0,0.0,0.0,0.0,0.0,0.0,0.0,0.0
1,2,0.0,0.0,1.0,0.0,0.0,0.0,0.0,0.0,0.0,0.0
1,2,0.0,0.0,1.0,0.0,0.0,0.0,0.0,0.0,0.0,0.0
1,2,0.0,0.0,1.0,0.0,0.0,0.0,0.0,0.0,0.0,0.0
1,2,0.0,0.0,1.0,0.0,0.0,0.0,0.0,0.0,0.0,0.0
1,2,0.0,0.0,1.0,0.0,0.0,0.0,0.0,0.0,0.0,0.0
1,2,0.0,0.0,1.0,0.0,0.0,0.0,0.0,0.0,0.0,0.0
1,2,0.0,0.0,1.0,0.0,0.0,0.0,0.0,0.0,0.0,0.0
1,2,0.0,0.0,1.0,0.0,0.0,0.0,0.0,0.0,0.0,0.0
1,2,0.0,0.0,1.0,0.0,0.0,0.0,0.0,0.0,0.0,0.0
1,2,0.0,0.0,1.0,0.0,0.0,0.0,0.0,0.0,0.0,0.0
1,2,0.0,0.0,1.0,0.0,0.0,0.0,0.0,0.0,0.0,0.0
1,2,0.0,0.0,1.0,0.0,0.0,0.0,0.0,0.0,0.0,0.0
1,2,0.0,0.0,1.0,0.0,0.0,0.0,0.0,0.0,0.0,0.0
1,2,0.0,0.0,1.0,0.0,0.0,0.0,0.0,0.0,0.0,0.0
1,2,0.0,0.0,1.0,0.0,0.0,0.0,0.0,0.0,0.0,0.0
1,2,0.0,0.0,1.0,0.0,0.0,0.0,0.0,0.0,0.0,0.0
1,2,0.0,0.0,1.0,0.0,0.0,0.0,0.0,0.0,0.0,0.0
1,2,0.0,0.0,1.0,0.0,0.0,0.0,0.0,0.0,0.0,0.0
1,2,0.0,0.0,1.0,0.0,0.0,0.0,0.0,0.0,0.0,0.0
1,2,0.0,0.0,0.93980765,0.060192354,0.0,0.0,0.0,0.0,0.0,0.0
1,2,0.0,0.0,0.93980765,0.060192354,0.0,0.0,0.0,0.0,0.0,0.0
1,2,0.0,0.0,0.8773857,0.06019235,0.0,0.062422,0.0,0.0,0.0,0.0
1,2,0.0,0.0,0.8773857,0.06019235,0.0,0.062422,0.0,0.0,0.0,0.0
1,2,0.0,0.0,0.8773857,0.06019235,0.0,0.062422,0.0,0.0,0.0,0.0
1,2,0.0,0.0,0.8773857,0.06019235,0.0,0.062422,0.0,0.0,0.0,0.0
1,2,0.0,0.0,0.81691295,0.060192354,0.0,0.062422004,0.0,0.060472734,0.0,0.0
1,2,0.0,0.0,0.81691295,0.060192354,0.0,0.062422004,0.0,0.060472734,0.0,0.0
1,2,0.0,0.0,0.81691295,0.060192354,0.0,0.062422004,0.0,0.060472734,0.0,0.0
1,2,0.0,0.0,0.81691295,0.060192354,0.0,0.062422004,0.0,0.060472734,0.0,0.0
1,2,0.0,0.0,0.81691295,0.060192354,0.0,0.062422004,0.0,0.060472734,0.0,0.0
1,2,0.0,0.0,0.81691295,0.060192354,0.0,0.062422004,0.0,0.060472734,0.0,0.0
1,2,0.0,0.0,0.81691295,0.060192354,0.0,0.062422004,0.0,0.060472734,0.0,0.0
1,2,0.0,0.0,0.81691295,0.060192354,0.0,0.062422004,0.0,0.060472734,0.0,0.0
1,2,0.0,0.0,0.81691295,0.060192354,0.0,0.062422004,0.0,0.060472734,0.0,0.0
1,2,0.0,0.0,0.81691295,0.060192354,0.0,0.062422004,0.0,0.060472734,0.0,0.0
1,2,0.0,0.0,0.81691295,0.060192354,0.0,0.062422004,0.0,0.060472734,0.0,0.0
1,2,0.0,0.0,0.81691295,0.060192354,0.0,0.062422004,0.0,0.060472734,0.0,0.0
1,2,0.0,0.0,0.81691295,0.060192354,0.0,0.062422004,0.0,0.060472734,0.0,0.0
1,2,0.0,0.0,0.81691295,0.060192354,0.0,0.062422004,0.0,0.060472734,0.0,0.0
1,2,0.0,0.0,0.81691295,0.060192354,0.0,0.062422004,0.0,0.060472734,0.0,0.0
1,2,0.0,0.0,0.81691295,0.060192354,0.0,0.062422004,0.0,0.060472734,0.0,0.0
1,2,0.0,0.0,0.81691295,0.060192354,0.0,0.062422004,0.0,0.060472734,0.0,0.0
1,2,0.0,0.0,0.81691295,0.060192354,0.0,0.062422004,0.0,0.060472734,0.0,0.0
1,2,0.0,0.0,0.81691295,0.060192354,0.0,0.062422004,0.0,0.060472734,0.0,0.0
1,2,0.0,0.0,0.81691295,0.060192354,0.0,0.062422004,0.0,0.060472734,0.0,0.0
1,2,0.0,0.0,0.7562164,0.120888785,0.0,0.062421996,0.0,0.060472727,0.0,0.0
1,2,0.0,0.0,0.7562164,0.120888785,0.0,0.062421996,0.0,0.060472727,0.0,0.0
1,2,0.0,0.0,0.7562164,0.120888785,0.0,0.062421996,0.0,0.060472727,0.0,0.0
1,2,0.0,0.0,0.7562164,0.120888785,0.0,0.062421996,0.0,0.060472727,0.0,0.0
1,2,0.0,0.0,0.7562164,0.120888785,0.0,0.062421996,0.0,0.060472727,0.0,0.0
1,2,0.0,0.0,0.7562164,0.120888785,0.0,0.062421996,0.0,0.060472727,0.0,0.0
1,2,0.0,0.0,0.7562164,0.120888785,0.0,0.062421996,0.0,0.060472727,0.0,0.0
1,2,0.0,0.0,0.7562164,0.120888785,0.0,0.062421996,0.0,0.060472727,0.0,0.0
1,2,0.0,0.0,0.7562164,0.120888785,0.0,0.062421996,0.0,0.060472727,0.0,0.0
1,2,0.0,0.0,0.7562164,0.120888785,0.0,0.062421996,0.0,0.060472727,0.0,0.0
1,2,0.0,0.0,0.7562164,0.120888785,0.0,0.062421996,0.0,0.060472727,0.0,0.0
1,2,0.0,0.0,0.7562164,0.120888785,0.0,0.062421996,0.0,0.060472727,0.0,0.0
1,2,0.0,0.0,0.6946198,0.120888785,0.0,0.062421996,0.0,0.060472727,0.061596703,0.0
1,2,0.0,0.0,0.6946198,0.120888785,0.0,0.062421996,0.0,0.060472727,0.061596703,0.0
1,2,0.0,0.0,0.6946198,0.120888785,0.0,0.062421996,0.0,0.060472727,0.061596703,0.0
1,2,0.0,0.0,0.6946198,0.120888785,0.0,0.062421996,0.0,0.060472727,0.061596703,0.0
1,2,0.0,0.0,0.6946198,0.120888785,0.0,0.062421996,0.0,0.060472727,0.061596703,0.0
1,2,0.0,0.0,0.6946198,0.120888785,0.0,0.062421996,0.0,0.060472727,0.061596703,0.0
4,2,0.0,0.0,0.6946198,0.120888785,0.0,0.062421996,0.0,0.060472727,0.061596703,0.0
4,2,0.0,0.0,0.6946198,0.120888785,0.0,0.062421996,0.0,0.060472727,0.061596703,0.0
4,2,0.0,0.0,0.6355608,0.12088879,0.0,0.062422,0.0,0.11953162,0.06159671,0.0
4,2,0.0,0.0,0.6355608,0.12088879,0.0,0.062422,0.0,0.11953162,0.06159671,0.0
4,2,0.0,0.0,0.6355608,0.12088879,0.0,0.062422,0.0,0.11953162,0.06159671,0.0
4,2,0.0,0.0,0.6355608,0.12088879,0.0,0.062422,0.0,0.11953162,0.06159671,0.0
4,2,0.0,0.0,0.5755094,0.12088881,0.0,0.062422007,0.0,0.1795831,0.061596714,0.0
4,2,0.0,0.0,0.5755094,0.12088881,0.0,0.062422007,0.0,0.1795831,0.061596714,0.0
4,2,0.0,0.0,0.5755094,0.12088881,0.0,0.062422007,0.0,0.1795831,0.061596714,0.0
4,2,0.0,0.0,0.5755094,0.12088881,0.0,0.062422007,0.0,0.1795831,0.061596714,0.0
4,2,0.0,0.0,0.5755094,0.12088881,0.0,0.062422007,0.0,0.1795831,0.061596714,0.0
4,2,0.0,0.0,0.5755094,0.12088881,0.0,0.062422007,0.0,0.1795831,0.061596714,0.0
4,2,0.0,0.0,0.5755094,0.12088881,0.0,0.062422007,0.0,0.1795831,0.061596714,0.0
4,2,0.0,0.0,0.5755094,0.12088881,0.0,0.062422007,0.0,0.1795831,0.061596714,0.0
4,2,0.0,0.0,0.5755094,0.12088881,0.0,0.062422007,0.0,0.1795831,0.061596714,0.0
4,2,0.0,0.0,0.5755094,0.12088881,0.0,0.062422007,0.0,0.1795831,0.061596714,0.0
4,2,0.0,0.0,0.5152685,0.120888785,0.0,0.062421996,0.0,0.23982392,0.061596703,0.0
4,2,0.0,0.0,0.5152685,0.120888785,0.0,0.062421996,0.0,0.23982392,0.061596703,0.0
4,2,0.0,0.0,0.45683244,0.1208888,0.0,0.062422004,0.0,0.29826006,0.06159671,0.0
4,2,0.0,0.0,0.45683244,0.1208888,0.0,0.062422004,0.0,0.29826006,0.06159671,0.0
4,2,0.0,0.0,0.45683244,0.1208888,0.0,0.062422004,0.0,0.29826006,0.06159671,0.0
4,2,0.0,0.0,0.45683244,0.1208888,0.0,0.062422004,0.0,0.29826006,0.06159671,0.0
4,2,0.0,0.0,0.45683244,0.1208888,0.0,0.062422004,0.0,0.29826006,0.06159671,0.0
4,2,0.0,0.0,0.45683244,0.1208888,0.0,0.062422004,0.0,0.29826006,0.06159671,0.0
4,2,0.0,0.0,0.45683244,0.1208888,0.0,0.062422004,0.0,0.29826006,0.06159671,0.0
4,2,0.0,0.0,0.45683244,0.1208888,0.0,0.062422004,0.0,0.29826006,0.06159671,0.0
4,2,0.0,0.0,0.45683244,0.1208888,0.0,0.062422004,0.0,0.29826006,0.06159671,0.0
4,2,0.0,0.0,0.45683244,0.1208888,0.0,0.062422004,0.0,0.29826006,0.06159671,0.0
4,2,0.0,0.0,0.39341208,0.12088881,0.0,0.062422007,0.0,0.36168048,0.061596714,0.0
4,2,0.0,0.0,0.39341208,0.12088881,0.0,0.062422007,0.0,0.36168048,0.061596714,0.0
4,2,0.0,0.0,0.39341208,0.12088881,0.0,0.062422007,0.0,0.36168048,0.061596714,0.0
4,2,0.0,0.0,0.39341208,0.12088881,0.0,0.062422007,0.0,0.36168048,0.061596714,0.0
4,2,0.0,0.0,0.39341208,0.12088881,0.0,0.062422007,0.0,0.36168048,0.061596714,0.0
4,2,0.0,0.0,0.39341208,0.12088881,0.0,0.062422007,0.0,0.36168048,0.061596714,0.0
4,2,0.0,0.0,0.39341208,0.12088881,0.0,0.062422007,0.0,0.36168048,0.061596714,0.0
4,2,0.0,0.0,0.39341208,0.12088881,0.0,0.062422007,0.0,0.36168048,0.061596714,0.0
4,2,0.0,0.0,0.39341208,0.12088881,0.0,0.062422007,0.0,0.36168048,0.061596714,0.0
4,2,0.0,0.0,0.39341208,0.12088881,0.0,0.062422007,0.0,0.36168048,0.061596714,0.0
4,2,0.0,0.0,0.39341208,0.12088881,0.0,0.062422007,0.0,0.36168048,0.061596714,0.0
4,2,0.0,0.0,0.39341208,0.12088881,0.0,0.062422007,0.0,0.36168048,0.061596714,0.0
4,2,0.0,0.0,0.39341208,0.12088881,0.0,0.062422007,0.0,0.36168048,0.061596714,0.0
4,2,0.0,0.0,0.39341208,0.12088881,0.0,0.062422007,0.0,0.36168048,0.061596714,0.0
4,7,0.0,0.0,0.25859773,0.1208888,0.0,0.062422004,0.0,0.55809146,0.0,0.0
4,7,0.0,0.0,0.25859773,0.1208888,0.0,0.062422004,0.0,0.55809146,0.0,0.0
4,7,0.0,0.0,0.25859773,0.1208888,0.0,0.062422004,0.0,0.55809146,0.0,0.0
4,7,0.0,0.0,0.25859773,0.1208888,0.0,0.062422004,0.0,0.55809146,0.0,0.0
4,7,0.0,0.0,0.25859773,0.1208888,0.0,0.062422004,0.0,0.55809146,0.0,0.0
4,7,0.0,0.0,0.25859773,0.1208888,0.0,0.062422004,0.0,0.55809146,0.0,0.0
4,7,0.0,0.0,0.18968631,0.1208888,0.0,0.062422004,0.0,0.6270029,0.0,0.0
4,7,0.0,0.0,0.18968631,0.1208888,0.0,0.062422004,0.0,0.6270029,0.0,0.0
4,7,0.0,0.0,0.18968631,0.1208888,0.0,0.062422004,0.0,0.6270029,0.0,0.0
4,7,0.0,0.0,0.18968631,0.1208888,0.0,0.062422004,0.0,0.6270029,0.0,0.0
4,7,0.0,0.0,0.18968631,0.1208888,0.0,0.062422004,0.0,0.6270029,0.0,0.0
4,7,0.0,0.0,0.18968631,0.1208888,0.0,0.062422004,0.0,0.6270029,0.0,0.0
4,7,0.0,0.0,0.18968631,0.1208888,0.0,0.062422004,0.0,0.6270029,0.0,0.0
4,7,0.0,0.0,0.18968631,0.1208888,0.0,0.062422004,0.0,0.6270029,0.0,0.0
4,7,0.0,0.0,0.18968631,0.1208888,0.0,0.062422004,0.0,0.6270029,0.0,0.0
4,7,0.0,0.0,0.18968631,0.1208888,0.0,0.062422004,0.0,0.6270029,0.0,0.0
4,7,0.0,0.0,0.18968631,0.1208888,0.0,0.062422004,0.0,0.6270029,0.0,0.0
4,7,0.0,0.0,0.18968631,0.1208888,0.0,0.062422004,0.0,0.6270029,0.0,0.0
4,7,0.0,0.0,0.123849876,0.1208888,0.0,0.062422004,0.0,0.6928393,0.0,0.0
4,7,0.0,0.0,0.123849876,0.1208888,0.0,0.062422004,0.0,0.6928393,0.0,0.0
4,7,0.0,0.0,0.123849876,0.1208888,0.0,0.062422004,0.0,0.6928393,0.0,0.0
4,7,0.0,0.0,0.123849876,0.1208888,0.0,0.062422004,0.0,0.6928393,0.0,0.0
4,7,0.0,0.0,0.123849876,0.1208888,0.0,0.062422004,0.0,0.6928393,0.0,0.0
4,7,0.0,0.0,0.123849876,0.06069644,0.0,0.062422004,0.0,0.75303173,0.0,0.0
4,7,0.0,0.0,0.123849876,0.06069644,0.0,0.062422004,0.0,0.75303173,0.0,0.0
4,7,0.0,0.0,0.123849876,0.06069644,0.0,0.062422004,0.0,0.75303173,0.0,0.0
4,7,0.0,0.0,0.123849876,0.06069644,0.0,0.062422004,0.0,0.75303173,0.0,0.0
4,7,0.0,0.0,0.123849876,0.06069644,0.0,0.062422004,0.0,0.75303173,0.0,0.0
4,7,0.0,0.0,0.123849876,0.06069644,0.0,0.062422004,0.0,0.75303173,0.0,0.0
4,7,0.0,0.0,0.123849876,0.06069644,0.0,0.062422004,0.0,0.75303173,0.0,0.0
4,7,0.0,0.0,0.123849876,0.06069644,0.0,0.062422004,0.0,0.75303173,0.0,0.0
4,7,0.0,0.0,0.123849876,0.06069644,0.0,0.062422004,0.0,0.75303173,0.0,0.0
4,7,0.0,0.0,0.123849876,0.06069644,0.0,0.062422004,0.0,0.75303173,0.0,0.0
4,7,0.0,0.0,0.123849876,0.06069644,0.0,0.062422004,0.0,0.75303173,0.0,0.0
4,7,0.0,0.0,0.123849876,0.06069644,0.0,0.062422004,0.0,0.75303173,0.0,0.0
4,7,0.0,0.0,0.123849876,0.06069644,0.0,0.062422004,0.0,0.75303173,0.0,0.0
4,7,0.0,0.0,0.123849876,0.06069644,0.0,0.062422004,0.0,0.75303173,0.0,0.0
4,7,0.0,0.0,0.123849876,0.06069644,0.0,0.062422004,0.0,0.75303173,0.0,0.0
4,7,0.0,0.0,0.123849876,0.06069644,0.0,0.062422004,0.0,0.75303173,0.0,0.0
4,7,0.0,0.0,0.123849876,0.06069644,0.0,0.062422004,0.0,0.75303173,0.0,0.0
4,7,0.0,0.0,0.123849876,0.06069644,0.0,0.062422004,0.0,0.75303173,0.0,0.0
4,7,0.0,0.0,0.123849876,0.06069644,0.0,0.062422004,0.0,0.75303173,0.0,0.0
4,7,0.0,0.0,0.123849876,0.06069644,0.0,0.062422004,0.0,0.75303173,0.0,0.0
4,7,0.0,0.0,0.123849876,0.06069644,0.0,0.062422004,0.0,0.75303173,0.0,0.0
4,7,0.0,0.0,0.123849876,0.06069644,0.0,0.062422004,0.0,0.75303173,0.0,0.0
4,7,0.0,0.0,0.123849876,0.06069644,0.0,0.062422004,0.0,0.75303173,0.0,0.0
4,7,0.0,0.0,0.123849876,0.06069644,0.0,0.062422004,0.0,0.75303173,0.0,0.0
4,7,0.0,0.0,0.123849876,0.06069644,0.0,0.062422004,0.0,0.75303173,0.0,0.0
4,7,0.0,0.0,0.06428982,0.06069644,0.0,0.0,0.0,0.87501377,0.0,0.0
4,7,0.0,0.0,0.06428982,0.06069644,0.0,0.0,0.0,0.87501377,0.0,0.0
4,7,0.0,0.0,0.06428982,0.06069644,0.0,0.0,0.0,0.87501377,0.0,0.0
4,7,0.0,0.0,0.06428982,0.06069644,0.0,0.0,0.0,0.87501377,0.0,0.0
4,7,0.0,0.0,0.06428982,0.06069644,0.0,0.0,0.0,0.87501377,0.0,0.0
4,7,0.0,0.0,0.06428982,0.06069644,0.0,0.0,0.0,0.87501377,0.0,0.0
4,7,0.0,0.0,0.06428982,0.06069644,0.0,0.0,0.0,0.87501377,0.0,0.0
4,7,0.0,0.0,0.06428982,0.06069644,0.0,0.0,0.0,0.87501377,0.0,0.0
4,7,0.0,0.0,0.0,0.06069644,0.0,0.0,0.0,0.9393036,0.0,0.0
4,7,0.0,0.0,0.0,0.06069644,0.0,0.0,0.0,0.9393036,0.0,0.0
4,7,0.0,0.0,0.0,0.06069644,0.0,0.0,0.0,0.9393036,0.0,0.0
4,7,0.0,0.0,0.0,0.06069644,0.0,0.0,0.0,0.9393036,0.0,0.0
4,7,0.0,0.0,0.0,0.0,0.0,0.0,0.0,1.0,0.0,0.0
4,7,0.0,0.0,0.0,0.0,0.0,0.0,0.0,1.0,0.0,0.0
4,7,0.0,0.0,0.0,0.0,0.0,0.0,0.0,1.0,0.0,0.0
4,7,0.0,0.0,0.0,0.0,0.0,0.0,0.0,1.0,0.0,0.0
4,7,0.0,0.0,0.0,0.0,0.0,0.0,0.0,1.0,0.0,0.0
4,7,0.0,0.0,0.0,0.0,0.0,0.0,0.0,1.0,0.0,0.0
4,7,0.0,0.0,0.0,0.0,0.0,0.0,0.0,1.0,0.0,0.0
4,7,0.0,0.0,0.0,0.0,0.0,0.0,0.0,1.0,0.0,0.0
4,7,0.0,0.0,0.0,0.0,0.0,0.0,0.0,1.0,0.0,0.0
4,7,0.0,0.0,0.0,0.0,0.0,0.0,0.0,1.0,0.0,0.0
4,7,0.0,0.0,0.0,0.0,0.0,0.0,0.0,1.0,0.0,0.0
4,7,0.0,0.0,0.0,0.0,0.0,0.0,0.0,1.0,0.0,0.0
4,7,0.0,0.0,0.0,0.0,0.0,0.0,0.0,1.0,0.0,0.0
4,7,0.0,0.0,0.0,0.0,0.0,0.0,0.0,1.0,0.0,0.0
4,7,0.0,0.0,0.0,0.0,0.0,0.0,0.0,1.0,0.0,0.0
4,7,0.0,0.0,0.0,0.0,0.0,0.0,0.0,1.0,0.0,0.0
4,7,0.0,0.0,0.0,0.0,0.0,0.0,0.0,1.0,0.0,0.0
4,7,0.0,0.0,0.0,0.0,0.0,0.0,0.0,1.0,0.0,0.0
4,7,0.0,0.0,0.0,0.0,0.0,0.0,0.0,1.0,0.0,0.0
4,7,0.0,0.0,0.0,0.0,0.0,0.0,0.0,1.0,0.0,0.0
4,7,0.0,0.0,0.0,0.0,0.0,0.0,0.0,1.0,0.0,0.0
4,7,0.0,0.0,0.0,0.0,0.0,0.0,0.0,1.0,0.0,0.0
4,7,0.0,0.0,0.0,0.0,0.0,0.0,0.0,1.0,0.0,0.0
4,7,0.0,0.0,0.0,0.0,0.0,0.0,0.0,1.0,0.0,0.0
4,7,0.0,0.0,0.0,0.0,0.0,0.0,0.0,1.0,0.0,0.0
4,7,0.0,0.0,0.0,0.0,0.0,0.0,0.0,1.0,0.0,0.0
4,7,0.0,0.0,0.0,0.0,0.0,0.0,0.0,1.0,0.0,0.0
4,7,0.0,0.0,0.0,0.0,0.0,0.0,0.0,1.0,0.0,0.0
4,7,0.0,0.0,0.0,0.0,0.0,0.0,0.0,1.0,0.0,0.0
4,7,0.0,0.0,0.0,0.0,0.0,0.0,0.0,1.0,0.0,0.0
4,7,0.0,0.0,0.0,0.0,0.0,0.0,0.0,1.0,0.0,0.0
4,7,0.0,0.0,0.0,0.0,0.0,0.0,0.0,1.0,0.0,0.0
4,7,0.0,0.0,0.0,0.0,0.0,0.0,0.0,1.0,0.0,0.0
4,7,0.0,0.0,0.0,0.0,0.0,0.0,0.0,1.0,0.0,0.0
4,7,0.0,0.0,0.0,0.0,0.0,0.0,0.0,1.0,0.0,0.0
4,7,0.0,0.0,0.0,0.0,0.0,0.0,0.0,1.0,0.0,0.0
4,7,0.0,0.0,0.0,0.0,0.0,0.0,0.0,1.0,0.0,0.0
4,7,0.0,0.0,0.0,0.0,0.0,0.0,0.0,1.0,0.0,0.0
4,7,0.0,0.0,0.0,0.0,0.0,0.0,0.0,1.0,0.0,0.0
4,7,0.0,0.0,0.0,0.0,0.0,0.0,0.0,1.0,0.0,0.0
4,7,0.0,0.0,0.0,0.0,0.0,0.0,0.0,1.0,0.0,0.0
4,7,0.0,0.0,0.0,0.0,0.0,0.0,0.0,1.0,0.0,0.0
4,7,0.0,0.0,0.0,0.0,0.0,0.0,0.0,1.0,0.0,0.0
4,7,0.0,0.0,0.0,0.0,0.0,0.0,0.0,1.0,0.0,0.0
4,7,0.0,0.0,0.0,0.0,0.0,0.0,0.0,1.0,0.0,0.0
4,7,0.0,0.0,0.0,0.0,0.0,0.0,0.0,1.0,0.0,0.0
4,7,0.0,0.0,0.0,0.0,0.0,0.0,0.0,1.0,0.0,0.0
4,7,0.0,0.0,0.0,0.0,0.0,0.0,0.0,1.0,0.0,0.0
4,7,0.0,0.0,0.0,0.0,0.0,0.0,0.0,1.0,0.0,0.0
4,7,0.0,0.0,0.0,0.0,0.0,0.0,0.0,1.0,0.0,0.0
4,7,0.0,0.0,0.0,0.0,0.0,0.0,0.0,1.0,0.0,0.0
4,7,0.0,0.0,0.0,0.0,0.0,0.0,0.0,1.0,0.0,0.0
4,7,0.0,0.0,0.0,0.0,0.0,0.0,0.0,1.0,0.0,0.0
4,7,0.0,0.0,0.0,0.0,0.0,0.0,0.0,1.0,0.0,0.0
4,7,0.0,0.0,0.0,0.0,0.0,0.0,0.0,1.0,0.0,0.0
4,7,0.0,0.0,0.0,0.0,0.0,0.0,0.0,1.0,0.0,0.0
4,7,0.0,0.0,0.0,0.0,0.0,0.0,0.0,1.0,0.0,0.0
4,7,0.0,0.0,0.0,0.0,0.0,0.0,0.0,1.0,0.0,0.0
4,7,0.0,0.0,0.0,0.0,0.0,0.0,0.0,1.0,0.0,0.0
4,7,0.0,0.0,0.0,0.0,0.0,0.0,0.0,1.0,0.0,0.0
4,7,0.0,0.0,0.0,0.0,0.0,0.0,0.0,1.0,0.0,0.0
4,7,0.0,0.0,0.0,0.0,0.0,0.0,0.0,1.0,0.0,0.0
4,7,0.0,0.0,0.0,0.0,0.0,0.0,0.0,1.0,0.0,0.0
4,7,0.0,0.0,0.0,0.0,0.0,0.0,0.0,1.0,0.0,0.0
4,7,0.0,0.0,0.0,0.0,0.0,0.0,0.0,1.0,0.0,0.0
4,7,0.0,0.0,0.0,0.0,0.0,0.0,0.0,1.0,0.0,0.0
4,7,0.0,0.0,0.0,0.0,0.0,0.0,0.0,1.0,0.0,0.0
4,7,0.0,0.0,0.0,0.0,0.0,0.0,0.0,1.0,0.0,0.0
4,7,0.0,0.0,0.0,0.0,0.0,0.0,0.0,1.0,0.0,0.0
4,7,0.0,0.0,0.0,0.0,0.0,0.0,0.0,1.0,0.0,0.0
4,7,0.0,0.0,0.0,0.0,0.0,0.0,0.0,1.0,0.0,0.0
4,7,0.0,0.0,0.0,0.0,0.0,0.0,0.0,1.0,0.0,0.0
4,7,0.0,0.0,0.0,0.0,0.0,0.0,0.0,1.0,0.0,0.0
4,7,0.0,0.0,0.0,0.0,0.0,0.0,0.0,1.0,0.0,0.0
4,7,0.0,0.0,0.0,0.0,0.0,0.0,0.0,1.0,0.0,0.0
4,7,0.0,0.0,0.0,0.0,0.0,0.0,0.0,1.0,0.0,0.0
4,7,0.0,0.0,0.0,0.0,0.0,0.0,0.0,1.0,0.0,0.0
4,7,0.0,0.0,0.0,0.0,0.0,0.0,0.0,1.0,0.0,0.0
4,7,0.0,0.0,0.0,0.0,0.0,0.0,0.0,1.0,0.0,0.0
4,7,0.0,0.0,0.0,0.0,0.0,0.0,0.0,1.0,0.0,0.0
4,7,0.0,0.0,0.0,0.0,0.0,0.0,0.0,1.0,0.0,0.0
4,7,0.0,0.0,0.0,0.0,0.0,0.0,0.0,1.0,0.0,0.0
4,7,0.0,0.0,0.0,0.0,0.0,0.0,0.0,1.0,0.0,0.0
4,7,0.0,0.0,0.0,0.0,0.0,0.0,0.0,1.0,0.0,0.0
4,7,0.0,0.0,0.0,0.0,0.0,0.0,0.0,1.0,0.0,0.0
4,7,0.0,0.0,0.0,0.0,0.0,0.0,0.0,1.0,0.0,0.0
4,7,0.0,0.0,0.0,0.0,0.0,0.0,0.0,1.0,0.0,0.0
4,7,0.0,0.0,0.0,0.0,0.0,0.0,0.0,1.0,0.0,0.0
4,7,0.0,0.0,0.0,0.0,0.0,0.0,0.0,1.0,0.0,0.0
4,7,0.0,0.0,0.0,0.0,0.0,0.0,0.0,1.0,0.0,0.0
4,7,0.0,0.0,0.0,0.0,0.0,0.0,0.0,1.0,0.0,0.0
4,7,0.0,0.0,0.0,0.0,0.0,0.0,0.0,1.0,0.0,0.0
4,7,0.0,0.0,0.0,0.0,0.0,0.0,0.0,1.0,0.0,0.0
4,7,0.0,0.0,0.0,0.0,0.0,0.0,0.0,1.0,0.0,0.0
4,7,0.0,0.0,0.0,0.0,0.0,0.0,0.0,1.0,0.0,0.0
4,7,0.0,0.0,0.0,0.0,0.0,0.0,0.0,1.0,0.0,0.0
4,7,0.0,0.0,0.0,0.0,0.0,0.0,0.0,1.0,0.0,0.0
4,7,0.0,0.0,0.0,0.0,0.0,0.0,0.0,1.0,0.0,0.0
4,7,0.0,0.0,0.0,0.0,0.0,0.0,0.0,1.0,0.0,0.0
4,7,0.0,0.0,0.0,0.0,0.0,0.0,0.0,1.0,0.0,0.0
4,7,0.0,0.0,0.0,0.0,0.0,0.0,0.0,1.0,0.0,0.0
4,7,0.0,0.0,0.0,0.0,0.0,0.0,0.0,1.0,0.0,0.0
4,7,0.0,0.0,0.0,0.0,0.0,0.0,0.0,1.0,0.0,0.0
4,7,0.0,0.0,0.0,0.0,0.0,0.0,0.0,1.0,0.0,0.0
4,7,0.0,0.0,0.0,0.0,0.0,0.0,0.0,1.0,0.0,0.0
4,7,0.0,0.0,0.0,0.0,0.0,0.0,0.0,1.0,0.0,0.0
4,7,0.0,0.0,0.0,0.0,0.0,0.0,0.0,1.0,0.0,0.0
4,7,0.0,0.0,0.0,0.0,0.0,0.0,0.0,1.0,0.0,0.0
4,7,0.0,0.0,0.0,0.0,0.0,0.0,0.0,1.0,0.0,0.0
4,7,0.0,0.0,0.0,0.0,0.0,0.0,0.0,1.0,0.0,0.0
4,7,0.0,0.0,0.0,0.0,0.0,0.0,0.0,1.0,0.0,0.0
4,7,0.0,0.0,0.0,0.0,0.0,0.0,0.0,1.0,0.0,0.0
4,7,0.0,0.0,0.0,0.0,0.0,0.0,0.0,1.0,0.0,0.0
4,7,0.0,0.0,0.0,0.0,0.0,0.0,0.0,1.0,0.0,0.0
4,7,0.0,0.0,0.0,0.0,0.0,0.0,0.0,1.0,0.0,0.0
4,7,0.0,0.0,0.0,0.0,0.0,0.0,0.0,1.0,0.0,0.0
4,7,0.0,0.0,0.0,0.0,0.0,0.0,0.0,1.0,0.0,0.0
4,7,0.0,0.0,0.0,0.0,0.0,0.0,0.0,1.0,0.0,0.0
4,7,0.0,0.0,0.0,0.0,0.0,0.0,0.0,1.0,0.0,0.0
4,7,0.0,0.0,0.0,0.0,0.0,0.0,0.0,1.0,0.0,0.0
4,7,0.0,0.0,0.0,0.0,0.0,0.0,0.0,1.0,0.0,0.0
4,7,0.0,0.0,0.0,0.0,0.0,0.0,0.0,1.0,0.0,0.0
4,7,0.0,0.0,0.0,0.0,0.0,0.0,0.0,1.0,0.0,0.0
4,7,0.0,0.0,0.0,0.0,0.0,0.0,0.0,1.0,0.0,0.0
4,7,0.0,0.0,0.0,0.0,0.0,0.0,0.0,1.0,0.0,0.0
4,7,0.0,0.0,0.0,0.0,0.0,0.0,0.0,1.0,0.0,0.0
4,7,0.0,0.0,0.0,0.0,0.0,0.0,0.0,1.0,0.0,0.0
4,7,0.0,0.0,0.0,0.0,0.0,0.0,0.0,1.0,0.0,0.0
4,7,0.0,0.0,0.0,0.0,0.0,0.0,0.0,1.0,0.0,0.0
4,7,0.0,0.0,0.0,0.0,0.0,0.0,0.0,1.0,0.0,0.0
4,7,0.0,0.0,0.0,0.0,0.0,0.0,0.0,1.0,0.0,0.0
4,7,0.0,0.0,0.0,0.0,0.0,0.0,0.0,1.0,0.0,0.0
4,7,0.0,0.0,0.0,0.0,0.0,0.0,0.0,1.0,0.0,0.0
4,7,0.0,0.0,0.0,0.0,0.0,0.0,0.0,1.0,0.0,0.0
4,7,0.0,0.0,0.0,0.0,0.0,0.0,0.0,1.0,0.0,0.0
4,7,0.0,0.0,0.0,0.0,0.0,0.0,0.0,1.0,0.0,0.0
4,7,0.0,0.0,0.0,0.0,0.0,0.0,0.0,1.0,0.0,0.0
4,7,0.0,0.0,0.0,0.0,0.0,0.0,0.0,1.0,0.0,0.0
4,7,0.0,0.0,0.0,0.0,0.0,0.0,0.0,1.0,0.0,0.0
4,7,0.0,0.0,0.0,0.0,0.0,0.0,0.0,1.0,0.0,0.0
4,7,0.0,0.0,0.0,0.0,0.0,0.0,0.0,1.0,0.0,0.0
4,7,0.0,0.0,0.0,0.0,0.0,0.0,0.0,1.0,0.0,0.0
4,7,0.0,0.0,0.0,0.0,0.0,0.0,0.0,1.0,0.0,0.0
4,7,0.0,0.0,0.0,0.0,0.0,0.0,0.0,1.0,0.0,0.0
4,7,0.0,0.0,0.0,0.0,0.0,0.0,0.0,1.0,0.0,0.0
4,7,0.0,0.0,0.0,0.0,0.0,0.0,0.0,1.0,0.0,0.0
4,7,0.0,0.0,0.0,0.0,0.0,0.0,0.0,1.0,0.0,0.0
4,7,0.0,0.0,0.0,0.0,0.0,0.0,0.0,1.0,0.0,0.0
4,7,0.0,0.0,0.0,0.0,0.0,0.0,0.0,1.0,0.0,0.0
4,7,0.0,0.0,0.0,0.0,0.0,0.0,0.0,1.0,0.0,0.0
4,7,0.0,0.0,0.0,0.0,0.0,0.0,0.0,1.0,0.0,0.0
4,7,0.0,0.0,0.0,0.0,0.0,0.0,0.0,1.0,0.0,0.0
4,7,0.0,0.0,0.0,0.0,0.0,0.0,0.0,1.0,0.0,0.0
4,7,0.0,0.0,0.0,0.0,0.0,0.0,0.0,1.0,0.0,0.0
4,7,0.0,0.0,0.0,0.0,0.0,0.0,0.0,1.0,0.0,0.0
4,7,0.0,0.0,0.0,0.0,0.0,0.0,0.0,1.0,0.0,0.0
4,7,0.0,0.0,0.0,0.0,0.0,0.0,0.0,1.0,0.0,0.0
4,7,0.0,0.0,0.0,0.0,0.0,0.0,0.0,1.0,0.0,0.0
4,7,0.0,0.0,0.0,0.0,0.0,0.0,0.0,1.0,0.0,0.0
4,7,0.0,0.0,0.0,0.0,0.0,0.0,0.0,1.0,0.0,0.0
4,7,0.0,0.0,0.0,0.0,0.0,0.0,0.0,1.0,0.0,0.0
4,7,0.0,0.0,0.0,0.0,0.0,0.0,0.0,1.0,0.0,0.0
4,7,0.0,0.0,0.0,0.0,0.0,0.0,0.0,1.0,0.0,0.0
4,7,0.0,0.0,0.0,0.0,0.0,0.0,0.0,1.0,0.0,0.0
4,7,0.0,0.0,0.0,0.0,0.0,0.0,0.0,1.0,0.0,0.0
4,7,0.0,0.0,0.0,0.0,0.0,0.0,0.0,1.0,0.0,0.0
4,7,0.0,0.0,0.0,0.0,0.0,0.0,0.0,1.0,0.0,0.0
4,7,0.0,0.0,0.0,0.0,0.0,0.0,0.0,1.0,0.0,0.0
4,7,0.0,0.0,0.0,0.0,0.0,0.0,0.0,1.0,0.0,0.0
4,7,0.0,0.0,0.0,0.0,0.0,0.0,0.0,1.0,0.0,0.0
4,7,0.0,0.0,0.0,0.0,0.0,0.0,0.0,1.0,0.0,0.0
4,7,0.0,0.0,0.0,0.0,0.0,0.0,0.0,1.0,0.0,0.0
4,7,0.0,0.0,0.0,0.0,0.0,0.0,0.0,1.0,0.0,0.0
4,7,0.0,0.0,0.0,0.0,0.0,0.0,0.0,1.0,0.0,0.0
4,7,0.0,0.0,0.0,0.0,0.0,0.0,0.0,1.0,0.0,0.0
4,7,0.0,0.0,0.0,0.0,0.0,0.0,0.0,1.0,0.0,0.0
4,7,0.0,0.0,0.0,0.0,0.0,0.0,0.0,1.0,0.0,0.0
4,7,0.0,0.0,0.0,0.0,0.0,0.0,0.0,1.0,0.0,0.0
4,7,0.0,0.0,0.0,0.0,0.0,0.0,0.0,1.0,0.0,0.0
4,7,0.0,0.0,0.0,0.0,0.0,0.0,0.0,1.0,0.0,0.0
4,7,0.0,0.0,0.0,0.0,0.0,0.0,0.0,1.0,0.0,0.0
4,7,0.0,0.0,0.0,0.0,0.0,0.0,0.0,1.0,0.0,0.0
4,7,0.0,0.0,0.0,0.0,0.0,0.0,0.0,1.0,0.0,0.0
4,7,0.0,0.0,0.0,0.0,0.0,0.0,0.0,1.0,0.0,0.0
4,7,0.0,0.0,0.0,0.0,0.0,0.0,0.0,1.0,0.0,0.0
4,7,0.0,0.0,0.0,0.0,0.0,0.0,0.0,1.0,0.0,0.0
4,7,0.0,0.0,0.0,0.0,0.0,0.0,0.0,1.0,0.0,0.0
4,7,0.0,0.0,0.0,0.0,0.0,0.0,0.0,1.0,0.0,0.0
4,7,0.0,0.0,0.0,0.0,0.0,0.0,0.0,1.0,0.0,0.0
4,7,0.0,0.0,0.0,0.0,0.0,0.0,0.0,1.0,0.0,0.0
4,7,0.0,0.0,0.0,0.0,0.0,0.0,0.0,1.0,0.0,0.0
4,7,0.0,0.0,0.0,0.0,0.0,0.0,0.0,1.0,0.0,0.0
4,7,0.0,0.0,0.0,0.0,0.0,0.0,0.0,1.0,0.0,0.0
4,7,0.0,0.0,0.0,0.0,0.0,0.0,0.0,1.0,0.0,0.0
4,7,0.0,0.0,0.0,0.0,0.0,0.0,0.0,1.0,0.0,0.0
4,7,0.0,0.0,0.0,0.0,0.0,0.0,0.0,1.0,0.0,0.0
4,7,0.0,0.0,0.0,0.0,0.0,0.0,0.0,1.0,0.0,0.0
4,7,0.0,0.0,0.0,0.0,0.0,0.0,0.0,1.0,0.0,0.0
4,7,0.0,0.0,0.0,0.0,0.0,0.0,0.0,1.0,0.0,0.0
4,7,0.0,0.0,0.0,0.0,0.0,0.0,0.0,1.0,0.0,0.0
4,7,0.0,0.0,0.0,0.0,0.0,0.0,0.0,1.0,0.0,0.0
4,7,0.0,0.0,0.0,0.0,0.0,0.0,0.0,1.0,0.0,0.0
4,7,0.0,0.0,0.0,0.0,0.0,0.0,0.0,1.0,0.0,0.0
4,7,0.0,0.0,0.0,0.0,0.0,0.0,0.0,1.0,0.0,0.0
4,7,0.0,0.0,0.0,0.0,0.0,0.0,0.0,1.0,0.0,0.0
4,7,0.0,0.0,0.0,0.0,0.0,0.0,0.0,1.0,0.0,0.0
4,7,0.0,0.0,0.0,0.0,0.0,0.0,0.0,1.0,0.0,0.0
4,7,0.0,0.0,0.0,0.0,0.0,0.0,0.0,1.0,0.0,0.0
4,7,0.0,0.0,0.0,0.0,0.0,0.0,0.0,1.0,0.0,0.0
4,7,0.0,0.0,0.0,0.0,0.0,0.0,0.0,1.0,0.0,0.0
4,7,0.0,0.0,0.0,0.0,0.0,0.0,0.0,1.0,0.0,0.0
4,7,0.0,0.0,0.0,0.0,0.0,0.0,0.0,1.0,0.0,0.0
4,7,0.0,0.0,0.0,0.0,0.0,0.0,0.0,1.0,0.0,0.0
4,7,0.0,0.0,0.0,0.0,0.0,0.0,0.0,1.0,0.0,0.0
4,7,0.0,0.0,0.0,0.0,0.0,0.0,0.0,1.0,0.0,0.0
4,7,0.0,0.0,0.0,0.0,0.0,0.0,0.0,1.0,0.0,0.0
4,7,0.0,0.0,0.0,0.0,0.0,0.0,0.0,1.0,0.0,0.0
4,7,0.0,0.0,0.0,0.0,0.0,0.0,0.0,1.0,0.0,0.0
4,7,0.0,0.0,0.0,0.0,0.0,0.0,0.0,1.0,0.0,0.0
4,7,0.0,0.0,0.0,0.0,0.0,0.0,0.0,1.0,0.0,0.0
4,7,0.0,0.0,0.0,0.0,0.0,0.0,0.0,1.0,0.0,0.0
4,7,0.0,0.0,0.0,0.0,0.0,0.0,0.0,1.0,0.0,0.0
4,7,0.0,0.0,0.0,0.0,0.0,0.0,0.0,1.0,0.0,0.0
4,7,0.0,0.0,0.0,0.0,0.0,0.0,0.0,1.0,0.0,0.0
4,7,0.0,0.0,0.0,0.0,0.0,0.0,0.0,1.0,0.0,0.0
4,7,0.0,0.0,0.0,0.0,0.0,0.0,0.0,1.0,0.0,0.0
4,7,0.0,0.0,0.0,0.0,0.0,0.0,0.0,1.0,0.0,0.0
4,7,0.0,0.0,0.0,0.0,0.0,0.0,0.0,1.0,0.0,0.0
4,7,0.0,0.0,0.0,0.0,0.0,0.0,0.0,1.0,0.0,0.0
4,7,0.0,0.0,0.0,0.0,0.0,0.0,0.0,1.0,0.0,0.0
4,7,0.0,0.0,0.0,0.0,0.0,0.0,0.0,1.0,0.0,0.0
4,7,0.0,0.0,0.0,0.0,0.0,0.0,0.0,1.0,0.0,0.0
4,7,0.0,0.0,0.0,0.0,0.0,0.0,0.0,1.0,0.0,0.0
4,7,0.0,0.0,0.0,0.0,0.0,0.0,0.0,1.0,0.0,0.0
4,7,0.0,0.0,0.0,0.0,0.0,0.0,0.0,1.0,0.0,0.0
4,7,0.0,0.0,0.0,0.0,0.0,0.0,0.0,1.0,0.0,0.0
4,7,0.0,0.0,0.0,0.0,0.0,0.0,0.0,1.0,0.0,0.0
4,7,0.0,0.0,0.0,0.0,0.0,0.0,0.0,1.0,0.0,0.0
4,7,0.0,0.0,0.0,0.0,0.0,0.0,0.0,1.0,0.0,0.0
4,7,0.0,0.0,0.0,0.0,0.0,0.0,0.0,1.0,0.0,0.0
4,7,0.0,0.0,0.0,0.0,0.0,0.0,0.0,1.0,0.0,0.0
4,7,0.0,0.0,0.0,0.0,0.0,0.0,0.0,1.0,0.0,0.0
4,7,0.0,0.0,0.0,0.0,0.0,0.0,0.0,1.0,0.0,0.0
4,7,0.0,0.0,0.0,0.0,0.0,0.0,0.0,1.0,0.0,0.0
4,7,0.0,0.0,0.0,0.0,0.0,0.0,0.0,1.0,0.0,0.0
4,7,0.0,0.0,0.0,0.0,0.0,0.0,0.0,1.0,0.0,0.0
4,7,0.0,0.0,0.0,0.0,0.0,0.0,0.0,1.0,0.0,0.0
4,7,0.0,0.0,0.0,0.0,0.0,0.0,0.0,1.0,0.0,0.0
4,7,0.0,0.0,0.0,0.0,0.0,0.0,0.0,1.0,0.0,0.0
4,7,0.0,0.0,0.0,0.0,0.0,0.0,0.0,1.0,0.0,0.0
4,7,0.0,0.0,0.0,0.0,0.0,0.0,0.0,1.0,0.0,0.0
4,7,0.0,0.0,0.0,0.0,0.0,0.0,0.0,1.0,0.0,0.0
4,7,0.0,0.0,0.0,0.0,0.0,0.0,0.0,1.0,0.0,0.0
4,7,0.0,0.0,0.0,0.0,0.0,0.0,0.0,1.0,0.0,0.0
4,7,0.0,0.0,0.0,0.0,0.0,0.0,0.0,1.0,0.0,0.0
4,7,0.0,0.0,0.0,0.0,0.0,0.0,0.0,1.0,0.0,0.0
4,7,0.0,0.0,0.0,0.0,0.0,0.0,0.0,1.0,0.0,0.0
4,7,0.0,0.0,0.0,0.0,0.0,0.0,0.0,1.0,0.0,0.0
4,7,0.0,0.0,0.0,0.0,0.0,0.0,0.0,1.0,0.0,0.0
4,7,0.0,0.0,0.0,0.0,0.0,0.0,0.0,1.0,0.0,0.0
4,7,0.0,0.0,0.0,0.0,0.0,0.0,0.0,1.0,0.0,0.0
4,7,0.0,0.0,0.0,0.0,0.0,0.0,0.0,1.0,0.0,0.0
4,7,0.0,0.0,0.0,0.0,0.0,0.0,0.0,1.0,0.0,0.0
4,7,0.0,0.0,0.0,0.0,0.0,0.0,0.0,1.0,0.0,0.0
4,7,0.0,0.0,0.0,0.0,0.0,0.0,0.0,1.0,0.0,0.0
4,7,0.0,0.0,0.0,0.0,0.0,0.0,0.0,1.0,0.0,0.0
4,7,0.0,0.0,0.0,0.0,0.0,0.0,0.0,1.0,0.0,0.0
4,7,0.0,0.0,0.0,0.0,0.0,0.0,0.0,1.0,0.0,0.0
4,7,0.0,0.0,0.0,0.0,0.0,0.0,0.0,1.0,0.0,0.0
4,7,0.0,0.0,0.0,0.0,0.0,0.0,0.0,1.0,0.0,0.0
4,7,0.0,0.0,0.0,0.0,0.0,0.0,0.0,1.0,0.0,0.0
4,7,0.0,0.0,0.0,0.0,0.0,0.0,0.0,1.0,0.0,0.0
4,7,0.0,0.0,0.0,0.0,0.0,0.0,0.0,1.0,0.0,0.0
4,7,0.0,0.0,0.0,0.0,0.0,0.0,0.0,1.0,0.0,0.0
4,7,0.0,0.0,0.0,0.0,0.0,0.0,0.0,1.0,0.0,0.0
4,7,0.0,0.0,0.0,0.0,0.0,0.0,0.0,1.0,0.0,0.0
4,7,0.0,0.0,0.0,0.0,0.0,0.0,0.0,1.0,0.0,0.0
4,7,0.0,0.0,0.0,0.0,0.0,0.0,0.0,1.0,0.0,0.0
4,7,0.0,0.0,0.0,0.0,0.0,0.0,0.0,1.0,0.0,0.0
4,7,0.0,0.0,0.0,0.0,0.0,0.0,0.0,1.0,0.0,0.0
4,7,0.0,0.0,0.0,0.0,0.0,0.0,0.0,1.0,0.0,0.0
4,7,0.0,0.0,0.0,0.0,0.0,0.0,0.0,1.0,0.0,0.0
4,7,0.0,0.0,0.0,0.0,0.0,0.0,0.0,1.0,0.0,0.0
4,7,0.0,0.0,0.0,0.0,0.0,0.0,0.0,1.0,0.0,0.0
4,7,0.0,0.0,0.0,0.0,0.0,0.0,0.0,1.0,0.0,0.0
4,7,0.0,0.0,0.0,0.0,0.0,0.0,0.0,1.0,0.0,0.0
4,7,0.0,0.0,0.0,0.0,0.0,0.0,0.0,1.0,0.0,0.0
4,7,0.0,0.0,0.0,0.0,0.0,0.0,0.0,1.0,0.0,0.0
4,7,0.0,0.0,0.0,0.0,0.0,0.0,0.0,1.0,0.0,0.0
4,7,0.0,0.0,0.0,0.0,0.0,0.0,0.0,1.0,0.0,0.0
4,7,0.0,0.0,0.0,0.0,0.0,0.0,0.0,1.0,0.0,0.0
4,7,0.0,0.0,0.0,0.0,0.0,0.0,0.0,1.0,0.0,0.0
4,7,0.0,0.0,0.0,0.0,0.0,0.0,0.0,1.0,0.0,0.0
4,7,0.0,0.0,0.0,0.0,0.0,0.0,0.0,1.0,0.0,0.0
4,7,0.0,0.0,0.0,0.0,0.0,0.0,0.0,1.0,0.0,0.0
4,7,0.0,0.0,0.0,0.0,0.0,0.0,0.0,1.0,0.0,0.0
4,7,0.0,0.0,0.0,0.0,0.0,0.0,0.0,1.0,0.0,0.0
4,7,0.0,0.0,0.0,0.0,0.0,0.0,0.0,1.0,0.0,0.0
4,7,0.0,0.0,0.0,0.0,0.0,0.0,0.0,1.0,0.0,0.0
4,7,0.0,0.0,0.0,0.0,0.0,0.0,0.0,1.0,0.0,0.0
4,7,0.0,0.0,0.0,0.0,0.0,0.0,0.0,1.0,0.0,0.0
4,7,0.0,0.0,0.0,0.0,0.0,0.0,0.0,1.0,0.0,0.0
4,7,0.0,0.0,0.0,0.0,0.0,0.0,0.0,1.0,0.0,0.0
4,7,0.0,0.0,0.0,0.0,0.0,0.0,0.0,1.0,0.0,0.0
4,7,0.0,0.0,0.0,0.0,0.0,0.0,0.0,1.0,0.0,0.0
4,7,0.0,0.0,0.0,0.0,0.0,0.0,0.0,1.0,0.0,0.0
4,7,0.0,0.0,0.0,0.0,0.0,0.0,0.0,1.0,0.0,0.0
4,7,0.0,0.0,0.0,0.0,0.0,0.0,0.0,1.0,0.0,0.0
4,7,0.0,0.0,0.0,0.0,0.0,0.0,0.0,1.0,0.0,0.0
4,7,0.0,0.0,0.0,0.0,0.0,0.0,0.0,1.0,0.0,0.0
4,7,0.0,0.0,0.0,0.0,0.0,0.0,0.0,1.0,0.0,0.0
4,7,0.0,0.0,0.0,0.0,0.0,0.0,0.0,1.0,0.0,0.0
4,7,0.0,0.0,0.0,0.0,0.0,0.0,0.0,1.0,0.0,0.0
4,7,0.0,0.0,0.0,0.0,0.0,0.0,0.0,1.0,0.0,0.0
4,7,0.0,0.0,0.0,0.0,0.0,0.0,0.0,1.0,0.0,0.0
4,7,0.0,0.0,0.0,0.0,0.0,0.0,0.0,1.0,0.0,0.0
4,7,0.0,0.0,0.0,0.0,0.0,0.0,0.0,1.0,0.0,0.0
4,7,0.0,0.0,0.0,0.0,0.0,0.0,0.0,1.0,0.0,0.0
4,7,0.0,0.0,0.0,0.0,0.0,0.0,0.0,1.0,0.0,0.0
4,7,0.0,0.0,0.0,0.0,0.0,0.0,0.0,1.0,0.0,0.0
4,7,0.0,0.0,0.0,0.0,0.0,0.0,0.0,1.0,0.0,0.0
4,7,0.0,0.0,0.0,0.0,0.0,0.0,0.0,1.0,0.0,0.0
4,7,0.0,0.0,0.0,0.0,0.0,0.0,0.0,1.0,0.0,0.0
4,7,0.0,0.0,0.0,0.0,0.0,0.0,0.0,1.0,0.0,0.0
4,7,0.0,0.0,0.0,0.0,0.0,0.0,0.0,1.0,0.0,0.0
4,7,0.0,0.0,0.0,0.0,0.0,0.0,0.0,1.0,0.0,0.0
4,7,0.0,0.0,0.0,0.0,0.0,0.0,0.0,1.0,0.0,0.0
4,7,0.0,0.0,0.0,0.0,0.0,0.0,0.0,1.0,0.0,0.0
4,7,0.0,0.0,0.0,0.0,0.0,0.0,0.0,1.0,0.0,0.0
4,7,0.0,0.0,0.0,0.0,0.0,0.0,0.0,1.0,0.0,0.0
4,7,0.0,0.0,0.0,0.0,0.0,0.0,0.0,1.0,0.0,0.0
4,7,0.0,0.0,0.0,0.0,0.0,0.0,0.0,1.0,0.0,0.0
4,7,0.0,0.0,0.0,0.0,0.0,0.0,0.0,1.0,0.0,0.0
4,7,0.0,0.0,0.0,0.0,0.0,0.0,0.0,1.0,0.0,0.0
4,7,0.0,0.0,0.0,0.0,0.0,0.0,0.0,1.0,0.0,0.0
4,7,0.0,0.0,0.0,0.0,0.0,0.0,0.0,1.0,0.0,0.0
4,7,0.0,0.0,0.0,0.0,0.0,0.0,0.0,1.0,0.0,0.0
4,7,0.0,0.0,0.0,0.0,0.0,0.0,0.0,1.0,0.0,0.0
4,7,0.0,0.0,0.0,0.0,0.0,0.0,0.0,1.0,0.0,0.0
4,7,0.0,0.0,0.0,0.0,0.0,0.0,0.0,1.0,0.0,0.0
4,7,0.0,0.0,0.0,0.0,0.0,0.0,0.0,1.0,0.0,0.0
4,7,0.0,0.0,0.0,0.0,0.0,0.0,0.0,1.0,0.0,0.0
4,7,0.0,0.0,0.0,0.0,0.0,0.0,0.0,1.0,0.0,0.0
4,7,0.0,0.0,0.0,0.0,0.0,0.0,0.0,1.0,0.0,0.0
4,7,0.0,0.0,0.0,0.0,0.0,0.0,0.0,1.0,0.0,0.0
4,7,0.0,0.0,0.0,0.0,0.0,0.0,0.0,1.0,0.0,0.0
4,7,0.0,0.0,0.0,0.0,0.0,0.0,0.0,1.0,0.0,0.0
4,7,0.0,0.0,0.0,0.0,0.0,0.0,0.0,1.0,0.0,0.0
4,7,0.0,0.0,0.0,0.0,0.0,0.0,0.0,1.0,0.0,0.0
4,7,0.0,0.0,0.0,0.0,0.0,0.0,0.0,1.0,0.0,0.0
4,7,0.0,0.0,0.0,0.0,0.0,0.0,0.0,1.0,0.0,0.0
4,7,0.0,0.0,0.0,0.0,0.0,0.0,0.0,1.0,0.0,0.0
4,7,0.0,0.0,0.0,0.0,0.0,0.0,0.0,1.0,0.0,0.0
4,7,0.0,0.0,0.0,0.0,0.0,0.0,0.0,1.0,0.0,0.0
4,7,0.0,0.0,0.0,0.0,0.0,0.0,0.0,1.0,0.0,0.0
4,7,0.0,0.0,0.0,0.0,0.0,0.0,0.0,1.0,0.0,0.0
4,7,0.0,0.0,0.0,0.0,0.0,0.0,0.0,1.0,0.0,0.0
4,7,0.0,0.0,0.0,0.0,0.0,0.0,0.0,1.0,0.0,0.0
4,7,0.0,0.0,0.0,0.0,0.0,0.0,0.0,1.0,0.0,0.0
4,7,0.0,0.0,0.0,0.0,0.0,0.0,0.0,1.0,0.0,0.0
4,7,0.0,0.0,0.0,0.0,0.0,0.0,0.0,1.0,0.0,0.0
4,7,0.0,0.0,0.0,0.0,0.0,0.0,0.0,1.0,0.0,0.0
4,7,0.0,0.0,0.0,0.0,0.0,0.0,0.0,1.0,0.0,0.0
4,7,0.0,0.0,0.0,0.0,0.0,0.0,0.0,1.0,0.0,0.0
4,7,0.0,0.0,0.0,0.0,0.0,0.0,0.0,1.0,0.0,0.0
4,7,0.0,0.0,0.0,0.0,0.0,0.0,0.0,1.0,0.0,0.0
4,7,0.0,0.0,0.0,0.0,0.0,0.0,0.0,1.0,0.0,0.0
4,7,0.0,0.0,0.0,0.0,0.0,0.0,0.0,1.0,0.0,0.0
4,7,0.0,0.0,0.0,0.0,0.0,0.0,0.0,1.0,0.0,0.0
4,7,0.0,0.0,0.0,0.0,0.0,0.0,0.0,1.0,0.0,0.0
4,7,0.0,0.0,0.0,0.0,0.0,0.0,0.0,1.0,0.0,0.0
4,7,0.0,0.0,0.0,0.0,0.0,0.0,0.0,1.0,0.0,0.0
4,7,0.0,0.0,0.0,0.0,0.0,0.0,0.0,1.0,0.0,0.0
4,7,0.0,0.0,0.0,0.0,0.0,0.0,0.0,1.0,0.0,0.0
4,7,0.0,0.0,0.0,0.0,0.0,0.0,0.0,1.0,0.0,0.0
4,7,0.0,0.0,0.0,0.0,0.0,0.0,0.0,1.0,0.0,0.0
4,7,0.0,0.0,0.0,0.0,0.0,0.0,0.0,1.0,0.0,0.0
4,7,0.0,0.0,0.0,0.0,0.0,0.0,0.0,1.0,0.0,0.0
4,7,0.0,0.0,0.0,0.0,0.0,0.0,0.0,1.0,0.0,0.0
4,7,0.0,0.0,0.0,0.0,0.0,0.0,0.0,1.0,0.0,0.0
4,7,0.0,0.0,0.0,0.0,0.0,0.0,0.0,1.0,0.0,0.0
4,7,0.0,0.0,0.0,0.0,0.0,0.0,0.0,1.0,0.0,0.0
4,7,0.0,0.0,0.0,0.0,0.0,0.0,0.0,1.0,0.0,0.0
4,7,0.0,0.0,0.0,0.0,0.0,0.0,0.0,1.0,0.0,0.0
4,7,0.0,0.0,0.0,0.0,0.0,0.0,0.0,1.0,0.0,0.0
4,7,0.0,0.0,0.0,0.0,0.0,0.0,0.0,1.0,0.0,0.0
4,7,0.0,0.0,0.0,0.0,0.0,0.0,0.0,1.0,0.0,0.0
4,7,0.0,0.0,0.0,0.0,0.0,0.0,0.0,1.0,0.0,0.0
4,7,0.0,0.0,0.0,0.0,0.0,0.0,0.0,1.0,0.0,0.0
4,7,0.0,0.0,0.0,0.0,0.0,0.0,0.0,1.0,0.0,0.0
4,7,0.0,0.0,0.0,0.0,0.0,0.0,0.0,1.0,0.0,0.0
4,7,0.0,0.0,0.0,0.0,0.0,0.0,0.0,1.0,0.0,0.0
4,7,0.0,0.0,0.0,0.0,0.0,0.0,0.0,1.0,0.0,0.0
4,7,0.0,0.0,0.0,0.0,0.0,0.0,0.0,1.0,0.0,0.0
4,7,0.0,0.0,0.0,0.0,0.0,0.0,0.0,1.0,0.0,0.0
4,7,0.0,0.0,0.0,0.0,0.0,0.0,0.0,1.0,0.0,0.0
4,7,0.0,0.0,0.0,0.0,0.0,0.0,0.0,1.0,0.0,0.0
4,7,0.0,0.0,0.0,0.0,0.0,0.0,0.0,1.0,0.0,0.0
4,7,0.0,0.0,0.0,0.0,0.0,0.0,0.0,1.0,0.0,0.0
4,7,0.0,0.0,0.0,0.0,0.0,0.0,0.0,1.0,0.0,0.0
4,7,0.0,0.0,0.0,0.0,0.0,0.0,0.0,1.0,0.0,0.0
4,7,0.0,0.0,0.0,0.0,0.0,0.0,0.0,1.0,0.0,0.0
4,7,0.0,0.0,0.0,0.0,0.0,0.0,0.0,1.0,0.0,0.0
4,7,0.0,0.0,0.0,0.0,0.0,0.0,0.0,1.0,0.0,0.0
4,7,0.0,0.0,0.0,0.0,0.0,0.0,0.0,1.0,0.0,0.0
4,7,0.0,0.0,0.0,0.0,0.0,0.0,0.0,1.0,0.0,0.0
4,7,0.0,0.0,0.0,0.0,0.0,0.0,0.0,1.0,0.0,0.0
4,7,0.0,0.0,0.0,0.0,0.0,0.0,0.0,1.0,0.0,0.0
4,7,0.0,0.0,0.0,0.0,0.0,0.0,0.0,1.0,0.0,0.0
4,7,0.0,0.0,0.0,0.0,0.0,0.0,0.0,1.0,0.0,0.0
4,7,0.0,0.0,0.0,0.0,0.0,0.0,0.0,1.0,0.0,0.0
4,7,0.0,0.0,0.0,0.0,0.0,0.0,0.0,1.0,0.0,0.0
4,7,0.0,0.0,0.0,0.0,0.0,0.0,0.0,1.0,0.0,0.0
4,7,0.0,0.0,0.0,0.0,0.0,0.0,0.0,1.0,0.0,0.0
4,7,0.0,0.0,0.0,0.0,0.0,0.0,0.0,1.0,0.0,0.0
4,7,0.0,0.0,0.0,0.0,0.0,0.0,0.0,1.0,0.0,0.0
4,7,0.0,0.0,0.0,0.0,0.0,0.0,0.0,1.0,0.0,0.0
4,7,0.0,0.0,0.0,0.0,0.0,0.0,0.0,1.0,0.0,0.0
4,7,0.0,0.0,0.0,0.0,0.0,0.0,0.0,1.0,0.0,0.0
4,7,0.0,0.0,0.0,0.0,0.0,0.0,0.0,1.0,0.0,0.0
4,7,0.0,0.0,0.0,0.0,0.0,0.0,0.0,1.0,0.0,0.0
4,7,0.0,0.0,0.0,0.0,0.0,0.0,0.0,1.0,0.0,0.0
4,7,0.0,0.0,0.0,0.0,0.0,0.0,0.0,1.0,0.0,0.0
4,7,0.0,0.0,0.0,0.0,0.0,0.0,0.0,1.0,0.0,0.0
4,7,0.0,0.0,0.0,0.0,0.0,0.0,0.0,1.0,0.0,0.0
4,7,0.0,0.0,0.0,0.0,0.0,0.0,0.0,1.0,0.0,0.0
4,7,0.0,0.0,0.0,0.0,0.0,0.0,0.0,1.0,0.0,0.0
4,7,0.0,0.0,0.0,0.0,0.0,0.0,0.0,1.0,0.0,0.0
4,7,0.0,0.0,0.0,0.0,0.0,0.0,0.0,1.0,0.0,0.0
4,7,0.0,0.0,0.0,0.0,0.0,0.0,0.0,1.0,0.0,0.0
4,7,0.0,0.0,0.0,0.0,0.0,0.0,0.0,1.0,0.0,0.0
4,7,0.0,0.0,0.0,0.0,0.0,0.0,0.0,1.0,0.0,0.0
4,7,0.0,0.0,0.0,0.0,0.0,0.0,0.0,1.0,0.0,0.0
4,7,0.0,0.0,0.0,0.0,0.0,0.0,0.0,1.0,0.0,0.0
4,7,0.0,0.0,0.0,0.0,0.0,0.0,0.0,1.0,0.0,0.0
4,7,0.0,0.0,0.0,0.0,0.0,0.0,0.0,1.0,0.0,0.0
4,7,0.0,0.0,0.0,0.0,0.0,0.0,0.0,1.0,0.0,0.0
4,7,0.0,0.0,0.0,0.0,0.0,0.0,0.0,1.0,0.0,0.0
4,7,0.0,0.0,0.0,0.0,0.0,0.0,0.0,1.0,0.0,0.0
4,7,0.0,0.0,0.0,0.0,0.0,0.0,0.0,1.0,0.0,0.0
4,7,0.0,0.0,0.0,0.0,0.0,0.0,0.0,1.0,0.0,0.0
4,7,0.0,0.0,0.0,0.0,0.0,0.0,0.0,1.0,0.0,0.0
4,7,0.0,0.0,0.0,0.0,0.0,0.0,0.0,1.0,0.0,0.0
4,7,0.0,0.0,0.0,0.0,0.0,0.0,0.0,1.0,0.0,0.0
4,7,0.0,0.0,0.0,0.0,0.0,0.0,0.0,1.0,0.0,0.0
4,7,0.0,0.0,0.0,0.0,0.0,0.0,0.0,1.0,0.0,0.0
4,7,0.0,0.0,0.0,0.0,0.0,0.0,0.0,1.0,0.0,0.0
4,7,0.0,0.0,0.0,0.0,0.0,0.0,0.0,1.0,0.0,0.0
4,7,0.0,0.0,0.0,0.0,0.0,0.0,0.0,1.0,0.0,0.0
4,7,0.0,0.0,0.0,0.0,0.0,0.0,0.0,1.0,0.0,0.0
4,7,0.0,0.0,0.0,0.0,0.0,0.0,0.0,1.0,0.0,0.0
4,7,0.0,0.0,0.0,0.0,0.0,0.0,0.0,1.0,0.0,0.0
4,7,0.0,0.0,0.0,0.0,0.0,0.0,0.0,1.0,0.0,0.0
4,7,0.0,0.0,0.0,0.0,0.0,0.0,0.0,1.0,0.0,0.0
4,7,0.0,0.0,0.0,0.0,0.0,0.0,0.0,1.0,0.0,0.0
4,7,0.0,0.0,0.0,0.0,0.0,0.0,0.0,1.0,0.0,0.0
4,7,0.0,0.0,0.0,0.0,0.0,0.0,0.0,1.0,0.0,0.0
4,7,0.0,0.0,0.0,0.0,0.0,0.0,0.0,1.0,0.0,0.0
4,7,0.0,0.0,0.0,0.0,0.0,0.0,0.0,1.0,0.0,0.0
4,7,0.0,0.0,0.0,0.0,0.0,0.0,0.0,1.0,0.0,0.0
4,7,0.0,0.0,0.0,0.0,0.0,0.0,0.0,1.0,0.0,0.0
4,7,0.0,0.0,0.0,0.0,0.0,0.0,0.0,1.0,0.0,0.0
4,7,0.0,0.0,0.0,0.0,0.0,0.0,0.0,1.0,0.0,0.0
4,7,0.0,0.0,0.0,0.0,0.0,0.0,0.0,1.0,0.0,0.0
4,7,0.0,0.0,0.0,0.0,0.0,0.0,0.0,1.0,0.0,0.0
4,7,0.0,0.0,0.0,0.0,0.0,0.0,0.0,1.0,0.0,0.0
4,7,0.0,0.0,0.0,0.0,0.0,0.0,0.0,1.0,0.0,0.0
4,7,0.0,0.0,0.0,0.0,0.0,0.0,0.0,1.0,0.0,0.0
4,7,0.0,0.0,0.0,0.0,0.0,0.0,0.0,1.0,0.0,0.0
4,7,0.0,0.0,0.0,0.0,0.0,0.0,0.0,1.0,0.0,0.0
4,7,0.0,0.0,0.0,0.0,0.0,0.0,0.0,1.0,0.0,0.0
4,7,0.0,0.0,0.0,0.0,0.0,0.0,0.0,1.0,0.0,0.0
4,7,0.0,0.0,0.0,0.0,0.0,0.0,0.0,1.0,0.0,0.0
4,7,0.0,0.0,0.0,0.0,0.0,0.0,0.0,1.0,0.0,0.0
4,7,0.0,0.0,0.0,0.0,0.0,0.0,0.0,1.0,0.0,0.0
4,7,0.0,0.0,0.0,0.0,0.0,0.0,0.0,1.0,0.0,0.0
4,7,0.0,0.0,0.0,0.0,0.0,0.0,0.0,1.0,0.0,0.0
4,7,0.0,0.0,0.0,0.0,0.0,0.0,0.0,1.0,0.0,0.0
4,7,0.0,0.0,0.0,0.0,0.0,0.0,0.0,1.0,0.0,0.0
4,7,0.0,0.0,0.0,0.0,0.0,0.0,0.0,1.0,0.0,0.0
4,7,0.0,0.0,0.0,0.0,0.0,0.0,0.0,1.0,0.0,0.0
4,7,0.0,0.0,0.0,0.0,0.0,0.0,0.0,1.0,0.0,0.0
4,7,0.0,0.0,0.0,0.0,0.0,0.0,0.0,1.0,0.0,0.0
4,7,0.0,0.0,0.0,0.0,0.0,0.0,0.0,1.0,0.0,0.0
4,7,0.0,0.0,0.0,0.0,0.0,0.0,0.0,1.0,0.0,0.0
4,7,0.0,0.0,0.0,0.0,0.0,0.0,0.0,1.0,0.0,0.0
4,7,0.0,0.0,0.0,0.0,0.0,0.0,0.0,1.0,0.0,0.0
4,7,0.0,0.0,0.0,0.0,0.0,0.0,0.0,1.0,0.0,0.0
4,7,0.0,0.0,0.0,0.0,0.0,0.0,0.0,1.0,0.0,0.0
4,7,0.0,0.0,0.0,0.0,0.0,0.0,0.0,1.0,0.0,0.0
4,7,0.0,0.0,0.0,0.0,0.0,0.0,0.0,1.0,0.0,0.0
4,7,0.0,0.0,0.0,0.0,0.0,0.0,0.0,1.0,0.0,0.0
4,7,0.0,0.0,0.0,0.0,0.0,0.0,0.0,1.0,0.0,0.0
4,7,0.0,0.0,0.0,0.0,0.0,0.0,0.0,1.0,0.0,0.0
4,7,0.0,0.0,0.0,0.0,0.0,0.0,0.0,1.0,0.0,0.0
4,7,0.0,0.0,0.0,0.0,0.0,0.0,0.0,1.0,0.0,0.0
4,7,0.0,0.0,0.0,0.0,0.0,0.0,0.0,1.0,0.0,0.0
4,7,0.0,0.0,0.0,0.0,0.0,0.0,0.0,1.0,0.0,0.0
4,7,0.0,0.0,0.0,0.0,0.0,0.0,0.0,1.0,0.0,0.0
4,7,0.0,0.0,0.0,0.0,0.0,0.0,0.0,1.0,0.0,0.0
4,7,0.0,0.0,0.0,0.0,0.0,0.0,0.0,1.0,0.0,0.0
4,7,0.0,0.0,0.0,0.0,0.0,0.0,0.0,1.0,0.0,0.0
4,7,0.0,0.0,0.0,0.0,0.0,0.0,0.0,1.0,0.0,0.0
4,7,0.0,0.0,0.0,0.0,0.0,0.0,0.0,1.0,0.0,0.0
4,7,0.0,0.0,0.0,0.0,0.0,0.0,0.0,1.0,0.0,0.0
4,7,0.0,0.0,0.0,0.0,0.0,0.0,0.0,1.0,0.0,0.0
4,7,0.0,0.0,0.0,0.0,0.0,0.0,0.0,1.0,0.0,0.0
4,7,0.0,0.0,0.0,0.0,0.0,0.0,0.0,1.0,0.0,0.0
4,7,0.0,0.0,0.0,0.0,0.0,0.0,0.0,1.0,0.0,0.0
4,7,0.0,0.0,0.0,0.0,0.0,0.0,0.0,1.0,0.0,0.0
4,7,0.0,0.0,0.0,0.0,0.0,0.0,0.0,1.0,0.0,0.0
4,7,0.0,0.0,0.0,0.0,0.0,0.0,0.0,1.0,0.0,0.0
4,7,0.0,0.0,0.0,0.0,0.0,0.0,0.0,1.0,0.0,0.0
4,7,0.0,0.0,0.0,0.0,0.0,0.0,0.0,1.0,0.0,0.0
4,7,0.0,0.0,0.0,0.0,0.0,0.0,0.0,1.0,0.0,0.0
4,7,0.0,0.0,0.0,0.0,0.0,0.0,0.0,1.0,0.0,0.0
4,7,0.0,0.0,0.0,0.0,0.0,0.0,0.0,1.0,0.0,0.0
4,7,0.0,0.0,0.0,0.0,0.0,0.0,0.0,1.0,0.0,0.0
4,7,0.0,0.0,0.0,0.0,0.0,0.0,0.0,1.0,0.0,0.0
4,7,0.0,0.0,0.0,0.0,0.0,0.0,0.0,1.0,0.0,0.0
4,7,0.0,0.0,0.0,0.0,0.0,0.0,0.0,1.0,0.0,0.0
4,7,0.0,0.0,0.0,0.0,0.0,0.0,0.0,1.0,0.0,0.0
4,7,0.0,0.0,0.0,0.0,0.0,0.0,0.0,1.0,0.0,0.0
4,7,0.0,0.0,0.0,0.0,0.0,0.0,0.0,1.0,0.0,0.0
4,7,0.0,0.0,0.0,0.0,0.0,0.0,0.0,1.0,0.0,0.0
4,7,0.0,0.0,0.0,0.0,0.0,0.0,0.0,1.0,0.0,0.0
4,7,0.0,0.0,0.0,0.0,0.0,0.0,0.0,1.0,0.0,0.0
4,7,0.0,0.0,0.0,0.0,0.0,0.0,0.0,1.0,0.0,0.0
4,7,0.0,0.0,0.0,0.0,0.0,0.0,0.0,1.0,0.0,0.0
4,7,0.0,0.0,0.0,0.0,0.0,0.0,0.0,1.0,0.0,0.0
4,7,0.0,0.0,0.0,0.0,0.0,0.0,0.0,1.0,0.0,0.0
4,7,0.0,0.0,0.0,0.0,0.0,0.0,0.0,1.0,0.0,0.0
4,7,0.0,0.0,0.0,0.0,0.0,0.0,0.0,1.0,0.0,0.0
4,7,0.0,0.0,0.0,0.0,0.0,0.0,0.0,1.0,0.0,0.0
4,7,0.0,0.0,0.0,0.0,0.0,0.0,0.0,1.0,0.0,0.0
4,7,0.0,0.0,0.0,0.0,0.0,0.0,0.0,1.0,0.0,0.0
4,7,0.0,0.0,0.0,0.0,0.0,0.0,0.0,1.0,0.0,0.0
4,7,0.0,0.0,0.0,0.0,0.0,0.0,0.0,1.0,0.0,0.0
4,7,0.0,0.0,0.0,0.0,0.0,0.0,0.0,1.0,0.0,0.0
4,7,0.0,0.0,0.0,0.0,0.0,0.0,0.0,1.0,0.0,0.0
4,7,0.0,0.0,0.0,0.0,0.0,0.0,0.0,1.0,0.0,0.0
4,7,0.0,0.0,0.0,0.0,0.0,0.0,0.0,1.0,0.0,0.0
4,7,0.0,0.0,0.0,0.0,0.0,0.0,0.0,1.0,0.0,0.0
4,7,0.0,0.0,0.0,0.0,0.0,0.0,0.0,1.0,0.0,0.0
4,7,0.0,0.0,0.0,0.0,0.0,0.0,0.0,1.0,0.0,0.0
4,7,0.0,0.0,0.0,0.0,0.0,0.0,0.0,1.0,0.0,0.0
4,7,0.0,0.0,0.0,0.0,0.0,0.0,0.0,1.0,0.0,0.0
4,7,0.0,0.0,0.0,0.0,0.0,0.0,0.0,1.0,0.0,0.0
4,7,0.0,0.0,0.0,0.0,0.0,0.0,0.0,1.0,0.0,0.0
4,7,0.0,0.0,0.0,0.0,0.0,0.0,0.0,1.0,0.0,0.0
4,7,0.0,0.0,0.0,0.0,0.0,0.0,0.0,1.0,0.0,0.0
4,7,0.0,0.0,0.0,0.0,0.0,0.0,0.0,1.0,0.0,0.0
4,7,0.0,0.0,0.0,0.0,0.0,0.0,0.0,1.0,0.0,0.0
4,7,0.0,0.0,0.0,0.0,0.0,0.0,0.0,1.0,0.0,0.0
4,7,0.0,0.0,0.0,0.0,0.0,0.0,0.0,1.0,0.0,0.0
4,7,0.0,0.0,0.0,0.0,0.0,0.0,0.0,1.0,0.0,0.0
4,7,0.0,0.0,0.0,0.0,0.0,0.0,0.0,1.0,0.0,0.0
4,7,0.0,0.0,0.0,0.0,0.0,0.0,0.0,1.0,0.0,0.0
4,7,0.0,0.0,0.0,0.0,0.0,0.0,0.0,1.0,0.0,0.0
4,7,0.0,0.0,0.0,0.0,0.0,0.0,0.0,1.0,0.0,0.0
4,7,0.0,0.0,0.0,0.0,0.0,0.0,0.0,1.0,0.0,0.0
4,7,0.0,0.0,0.0,0.0,0.0,0.0,0.0,1.0,0.0,0.0
4,7,0.0,0.0,0.0,0.0,0.0,0.0,0.0,1.0,0.0,0.0
4,7,0.0,0.0,0.0,0.0,0.0,0.0,0.0,1.0,0.0,0.0
4,7,0.0,0.0,0.0,0.0,0.0,0.0,0.0,1.0,0.0,0.0
4,7,0.0,0.0,0.0,0.0,0.0,0.0,0.0,1.0,0.0,0.0
4,7,0.0,0.0,0.0,0.0,0.0,0.0,0.0,1.0,0.0,0.0
4,7,0.0,0.0,0.0,0.0,0.0,0.0,0.0,1.0,0.0,0.0
4,7,0.0,0.0,0.0,0.0,0.0,0.0,0.0,1.0,0.0,0.0
4,7,0.0,0.0,0.0,0.0,0.0,0.0,0.0,1.0,0.0,0.0
4,7,0.0,0.0,0.0,0.0,0.0,0.0,0.0,1.0,0.0,0.0
4,7,0.0,0.0,0.0,0.0,0.0,0.0,0.0,1.0,0.0,0.0
4,7,0.0,0.0,0.0,0.0,0.0,0.0,0.0,1.0,0.0,0.0
4,7,0.0,0.0,0.0,0.0,0.0,0.0,0.0,1.0,0.0,0.0
4,7,0.0,0.0,0.0,0.0,0.0,0.0,0.0,1.0,0.0,0.0
4,7,0.0,0.0,0.0,0.0,0.0,0.0,0.0,1.0,0.0,0.0
4,7,0.0,0.0,0.0,0.0,0.0,0.0,0.0,1.0,0.0,0.0
4,7,0.0,0.0,0.0,0.0,0.0,0.0,0.0,1.0,0.0,0.0
4,7,0.0,0.0,0.0,0.0,0.0,0.0,0.0,1.0,0.0,0.0
4,7,0.0,0.0,0.0,0.0,0.0,0.0,0.0,1.0,0.0,0.0
4,7,0.0,0.0,0.0,0.0,0.0,0.0,0.0,1.0,0.0,0.0
4,7,0.0,0.0,0.0,0.0,0.0,0.0,0.0,1.0,0.0,0.0
4,7,0.0,0.0,0.0,0.0,0.0,0.0,0.0,1.0,0.0,0.0
4,7,0.0,0.0,0.0,0.0,0.0,0.0,0.0,1.0,0.0,0.0
4,7,0.0,0.0,0.0,0.0,0.0,0.0,0.0,1.0,0.0,0.0
4,7,0.0,0.0,0.0,0.0,0.0,0.0,0.0,1.0,0.0,0.0
4,7,0.0,0.0,0.0,0.0,0.0,0.0,0.0,1.0,0.0,0.0
4,7,0.0,0.0,0.0,0.0,0.0,0.0,0.0,1.0,0.0,0.0
4,7,0.0,0.0,0.0,0.0,0.0,0.0,0.0,1.0,0.0,0.0
4,7,0.0,0.0,0.0,0.0,0.0,0.0,0.0,1.0,0.0,0.0
4,7,0.0,0.0,0.0,0.0,0.0,0.0,0.0,1.0,0.0,0.0
4,7,0.0,0.0,0.0,0.0,0.0,0.0,0.0,1.0,0.0,0.0
4,7,0.0,0.0,0.0,0.0,0.0,0.0,0.0,1.0,0.0,0.0
4,7,0.0,0.0,0.0,0.0,0.0,0.0,0.0,1.0,0.0,0.0
4,7,0.0,0.0,0.0,0.0,0.0,0.0,0.0,1.0,0.0,0.0
4,7,0.0,0.0,0.0,0.0,0.0,0.0,0.0,1.0,0.0,0.0
4,7,0.0,0.0,0.0,0.0,0.0,0.0,0.0,1.0,0.0,0.0
4,7,0.0,0.0,0.0,0.0,0.0,0.0,0.0,1.0,0.0,0.0
4,7,0.0,0.0,0.0,0.0,0.0,0.0,0.0,1.0,0.0,0.0
4,7,0.0,0.0,0.0,0.0,0.0,0.0,0.0,1.0,0.0,0.0
4,7,0.0,0.0,0.0,0.0,0.0,0.0,0.0,1.0,0.0,0.0
4,7,0.0,0.0,0.0,0.0,0.0,0.0,0.0,1.0,0.0,0.0
4,7,0.0,0.0,0.0,0.0,0.0,0.0,0.0,1.0,0.0,0.0
4,7,0.0,0.0,0.0,0.0,0.0,0.0,0.0,1.0,0.0,0.0
4,7,0.0,0.0,0.0,0.0,0.0,0.0,0.0,1.0,0.0,0.0
4,7,0.0,0.0,0.0,0.0,0.0,0.0,0.0,1.0,0.0,0.0
4,7,0.0,0.0,0.0,0.0,0.0,0.0,0.0,1.0,0.0,0.0
4,7,0.0,0.0,0.0,0.0,0.0,0.0,0.0,1.0,0.0,0.0
4,7,0.0,0.0,0.0,0.0,0.0,0.0,0.0,1.0,0.0,0.0
4,7,0.0,0.0,0.0,0.0,0.0,0.0,0.0,1.0,0.0,0.0
4,7,0.0,0.0,0.0,0.0,0.0,0.0,0.0,1.0,0.0,0.0
4,7,0.0,0.0,0.0,0.0,0.0,0.0,0.0,1.0,0.0,0.0
4,7,0.0,0.0,0.0,0.0,0.0,0.0,0.0,1.0,0.0,0.0
4,7,0.0,0.0,0.0,0.0,0.0,0.0,0.0,1.0,0.0,0.0
4,7,0.0,0.0,0.0,0.0,0.0,0.0,0.0,1.0,0.0,0.0
4,7,0.0,0.0,0.0,0.0,0.0,0.0,0.0,1.0,0.0,0.0
4,7,0.0,0.0,0.0,0.0,0.0,0.0,0.0,1.0,0.0,0.0
4,7,0.0,0.0,0.0,0.0,0.0,0.0,0.0,1.0,0.0,0.0
4,7,0.0,0.0,0.0,0.0,0.0,0.0,0.0,1.0,0.0,0.0
4,7,0.0,0.0,0.0,0.0,0.0,0.0,0.0,1.0,0.0,0.0
4,7,0.0,0.0,0.0,0.0,0.0,0.0,0.0,1.0,0.0,0.0
4,7,0.0,0.0,0.0,0.0,0.0,0.0,0.0,1.0,0.0,0.0
4,7,0.0,0.0,0.0,0.0,0.0,0.0,0.0,1.0,0.0,0.0
4,7,0.0,0.0,0.0,0.0,0.0,0.0,0.0,1.0,0.0,0.0
4,7,0.0,0.0,0.0,0.0,0.0,0.0,0.0,1.0,0.0,0.0
4,7,0.0,0.0,0.0,0.0,0.0,0.0,0.0,1.0,0.0,0.0
4,7,0.0,0.0,0.0,0.0,0.0,0.0,0.0,1.0,0.0,0.0
4,7,0.0,0.0,0.0,0.0,0.0,0.0,0.0,1.0,0.0,0.0
4,7,0.0,0.0,0.0,0.0,0.0,0.0,0.0,1.0,0.0,0.0
4,7,0.0,0.0,0.0,0.0,0.0,0.0,0.0,1.0,0.0,0.0
4,7,0.0,0.0,0.0,0.0,0.0,0.0,0.0,1.0,0.0,0.0
4,7,0.0,0.0,0.0,0.0,0.0,0.0,0.0,1.0,0.0,0.0
4,7,0.0,0.0,0.0,0.0,0.0,0.0,0.0,1.0,0.0,0.0
4,7,0.0,0.0,0.0,0.0,0.0,0.0,0.0,1.0,0.0,0.0
4,7,0.0,0.0,0.0,0.0,0.0,0.0,0.0,1.0,0.0,0.0
4,7,0.0,0.0,0.0,0.0,0.0,0.0,0.0,1.0,0.0,0.0
4,7,0.0,0.0,0.0,0.0,0.0,0.0,0.0,1.0,0.0,0.0
4,7,0.0,0.0,0.0,0.0,0.0,0.0,0.0,1.0,0.0,0.0
4,7,0.0,0.0,0.0,0.0,0.0,0.0,0.0,1.0,0.0,0.0
4,7,0.0,0.0,0.0,0.0,0.0,0.0,0.0,1.0,0.0,0.0
4,7,0.0,0.0,0.0,0.0,0.0,0.0,0.0,1.0,0.0,0.0
4,7,0.0,0.0,0.0,0.0,0.0,0.0,0.0,1.0,0.0,0.0
4,7,0.0,0.0,0.0,0.0,0.0,0.0,0.0,1.0,0.0,0.0
4,7,0.0,0.0,0.0,0.0,0.0,0.0,0.0,1.0,0.0,0.0
4,7,0.0,0.0,0.0,0.0,0.0,0.0,0.0,1.0,0.0,0.0
4,7,0.0,0.0,0.0,0.0,0.0,0.0,0.0,1.0,0.0,0.0
4,7,0.0,0.0,0.0,0.0,0.0,0.0,0.0,1.0,0.0,0.0
4,7,0.0,0.0,0.0,0.0,0.0,0.0,0.0,1.0,0.0,0.0
4,7,0.0,0.0,0.0,0.0,0.0,0.0,0.0,1.0,0.0,0.0
4,7,0.0,0.0,0.0,0.0,0.0,0.0,0.0,1.0,0.0,0.0
4,7,0.0,0.0,0.0,0.0,0.0,0.0,0.0,1.0,0.0,0.0
4,7,0.0,0.0,0.0,0.0,0.0,0.0,0.0,1.0,0.0,0.0
4,7,0.0,0.0,0.0,0.0,0.0,0.0,0.0,1.0,0.0,0.0
4,7,0.0,0.0,0.0,0.0,0.0,0.0,0.0,1.0,0.0,0.0
4,7,0.0,0.0,0.0,0.0,0.0,0.0,0.0,1.0,0.0,0.0
4,7,0.0,0.0,0.0,0.0,0.0,0.0,0.0,1.0,0.0,0.0
4,7,0.0,0.0,0.0,0.0,0.0,0.0,0.0,1.0,0.0,0.0
4,7,0.0,0.0,0.0,0.0,0.0,0.0,0.0,1.0,0.0,0.0
4,7,0.0,0.0,0.0,0.0,0.0,0.0,0.0,1.0,0.0,0.0
4,7,0.0,0.0,0.0,0.0,0.0,0.0,0.0,1.0,0.0,0.0
4,7,0.0,0.0,0.0,0.0,0.0,0.0,0.0,1.0,0.0,0.0
4,7,0.0,0.0,0.0,0.0,0.0,0.0,0.0,1.0,0.0,0.0
4,7,0.0,0.0,0.0,0.0,0.0,0.0,0.0,1.0,0.0,0.0
4,7,0.0,0.0,0.0,0.0,0.0,0.0,0.0,1.0,0.0,0.0
4,7,0.0,0.0,0.0,0.0,0.0,0.0,0.0,1.0,0.0,0.0
4,7,0.0,0.0,0.0,0.0,0.0,0.0,0.0,1.0,0.0,0.0
4,7,0.0,0.0,0.0,0.0,0.0,0.0,0.0,1.0,0.0,0.0
4,7,0.0,0.0,0.0,0.0,0.0,0.0,0.0,1.0,0.0,0.0
4,7,0.0,0.0,0.0,0.0,0.0,0.0,0.0,1.0,0.0,0.0
4,7,0.0,0.0,0.0,0.0,0.0,0.0,0.0,1.0,0.0,0.0
4,7,0.0,0.0,0.0,0.0,0.0,0.0,0.0,1.0,0.0,0.0
4,7,0.0,0.0,0.0,0.0,0.0,0.0,0.0,1.0,0.0,0.0
4,7,0.0,0.0,0.0,0.0,0.0,0.0,0.0,1.0,0.0,0.0
4,7,0.0,0.0,0.0,0.0,0.0,0.0,0.0,1.0,0.0,0.0
4,7,0.0,0.0,0.0,0.0,0.0,0.0,0.0,1.0,0.0,0.0
4,7,0.0,0.0,0.0,0.0,0.0,0.0,0.0,1.0,0.0,0.0
4,7,0.0,0.0,0.0,0.0,0.0,0.0,0.0,1.0,0.0,0.0
4,7,0.0,0.0,0.0,0.0,0.0,0.0,0.0,1.0,0.0,0.0
4,7,0.0,0.0,0.0,0.0,0.0,0.0,0.0,1.0,0.0,0.0
4,7,0.0,0.0,0.0,0.0,0.0,0.0,0.0,1.0,0.0,0.0
4,7,0.0,0.0,0.0,0.0,0.0,0.0,0.0,1.0,0.0,0.0
4,7,0.0,0.0,0.0,0.0,0.0,0.0,0.0,1.0,0.0,0.0
4,7,0.0,0.0,0.0,0.0,0.0,0.0,0.0,1.0,0.0,0.0
4,7,0.0,0.0,0.0,0.0,0.0,0.0,0.0,1.0,0.0,0.0
4,7,0.0,0.0,0.0,0.0,0.0,0.0,0.0,1.0,0.0,0.0
4,7,0.0,0.0,0.0,0.0,0.0,0.0,0.0,1.0,0.0,0.0
4,7,0.0,0.0,0.0,0.0,0.0,0.0,0.0,1.0,0.0,0.0
4,7,0.0,0.0,0.0,0.0,0.0,0.0,0.0,1.0,0.0,0.0
4,7,0.0,0.0,0.0,0.0,0.0,0.0,0.0,1.0,0.0,0.0
4,7,0.0,0.0,0.0,0.0,0.0,0.0,0.0,1.0,0.0,0.0
4,7,0.0,0.0,0.0,0.0,0.0,0.0,0.0,1.0,0.0,0.0
4,7,0.0,0.0,0.0,0.0,0.0,0.0,0.0,1.0,0.0,0.0
4,7,0.0,0.0,0.0,0.0,0.0,0.0,0.0,1.0,0.0,0.0
4,7,0.0,0.0,0.0,0.0,0.0,0.0,0.0,1.0,0.0,0.0
4,7,0.0,0.0,0.0,0.0,0.0,0.0,0.0,1.0,0.0,0.0
4,7,0.0,0.0,0.0,0.0,0.0,0.0,0.0,1.0,0.0,0.0
4,7,0.0,0.0,0.0,0.0,0.0,0.0,0.0,1.0,0.0,0.0
4,7,0.0,0.0,0.0,0.0,0.0,0.0,0.0,1.0,0.0,0.0
4,7,0.0,0.0,0.0,0.0,0.0,0.0,0.0,1.0,0.0,0.0
4,7,0.0,0.0,0.0,0.0,0.0,0.0,0.0,1.0,0.0,0.0
4,7,0.0,0.0,0.0,0.0,0.0,0.0,0.0,1.0,0.0,0.0
4,7,0.0,0.0,0.0,0.0,0.0,0.0,0.0,1.0,0.0,0.0
4,7,0.0,0.0,0.0,0.0,0.0,0.0,0.0,1.0,0.0,0.0
4,7,0.0,0.0,0.0,0.0,0.0,0.0,0.0,1.0,0.0,0.0
4,7,0.0,0.0,0.0,0.0,0.0,0.0,0.0,1.0,0.0,0.0
4,7,0.0,0.0,0.0,0.0,0.0,0.0,0.0,1.0,0.0,0.0
4,7,0.0,0.0,0.0,0.0,0.0,0.0,0.0,1.0,0.0,0.0
4,7,0.0,0.0,0.0,0.0,0.0,0.0,0.0,1.0,0.0,0.0
4,7,0.0,0.0,0.0,0.0,0.0,0.0,0.0,1.0,0.0,0.0
4,7,0.0,0.0,0.0,0.0,0.0,0.0,0.0,1.0,0.0,0.0
4,7,0.0,0.0,0.0,0.0,0.0,0.0,0.0,1.0,0.0,0.0
4,7,0.0,0.0,0.0,0.0,0.0,0.0,0.0,1.0,0.0,0.0
4,7,0.0,0.0,0.0,0.0,0.0,0.0,0.0,1.0,0.0,0.0
4,7,0.0,0.0,0.0,0.0,0.0,0.0,0.0,1.0,0.0,0.0
4,7,0.0,0.0,0.0,0.0,0.0,0.0,0.0,1.0,0.0,0.0
4,7,0.0,0.0,0.0,0.0,0.0,0.0,0.0,1.0,0.0,0.0
4,7,0.0,0.0,0.0,0.0,0.0,0.0,0.0,1.0,0.0,0.0
4,7,0.0,0.0,0.0,0.0,0.0,0.0,0.0,1.0,0.0,0.0
4,7,0.0,0.0,0.0,0.0,0.0,0.0,0.0,1.0,0.0,0.0
4,7,0.0,0.0,0.0,0.0,0.0,0.0,0.0,1.0,0.0,0.0
4,7,0.0,0.0,0.0,0.0,0.0,0.0,0.0,1.0,0.0,0.0
4,7,0.0,0.0,0.0,0.0,0.0,0.0,0.0,1.0,0.0,0.0
4,7,0.0,0.0,0.0,0.0,0.0,0.0,0.0,1.0,0.0,0.0
4,7,0.0,0.0,0.0,0.0,0.0,0.0,0.0,1.0,0.0,0.0
4,7,0.0,0.0,0.0,0.0,0.0,0.0,0.0,1.0,0.0,0.0
4,7,0.0,0.0,0.0,0.0,0.0,0.0,0.0,1.0,0.0,0.0
4,7,0.0,0.0,0.0,0.0,0.0,0.0,0.0,1.0,0.0,0.0
4,7,0.0,0.0,0.0,0.0,0.0,0.0,0.0,1.0,0.0,0.0
4,7,0.0,0.0,0.0,0.0,0.0,0.0,0.0,1.0,0.0,0.0
4,7,0.0,0.0,0.0,0.0,0.0,0.0,0.0,1.0,0.0,0.0
4,7,0.0,0.0,0.0,0.0,0.0,0.0,0.0,1.0,0.0,0.0
4,7,0.0,0.0,0.0,0.0,0.0,0.0,0.0,1.0,0.0,0.0
4,7,0.0,0.0,0.0,0.0,0.0,0.0,0.0,1.0,0.0,0.0
4,7,0.0,0.0,0.0,0.0,0.0,0.0,0.0,1.0,0.0,0.0
4,7,0.0,0.0,0.0,0.0,0.0,0.0,0.0,1.0,0.0,0.0
4,7,0.0,0.0,0.0,0.0,0.0,0.0,0.0,1.0,0.0,0.0
4,7,0.0,0.0,0.0,0.0,0.0,0.0,0.0,1.0,0.0,0.0
4,7,0.0,0.0,0.0,0.0,0.0,0.0,0.0,1.0,0.0,0.0
4,7,0.0,0.0,0.0,0.0,0.0,0.0,0.0,1.0,0.0,0.0
4,7,0.0,0.0,0.0,0.0,0.0,0.0,0.0,1.0,0.0,0.0
4,7,0.0,0.0,0.0,0.0,0.0,0.0,0.0,1.0,0.0,0.0
4,7,0.0,0.0,0.0,0.0,0.0,0.0,0.0,1.0,0.0,0.0
4,7,0.0,0.0,0.0,0.0,0.0,0.0,0.0,1.0,0.0,0.0
4,7,0.0,0.0,0.0,0.0,0.0,0.0,0.0,1.0,0.0,0.0
4,7,0.0,0.0,0.0,0.0,0.0,0.0,0.0,1.0,0.0,0.0
4,7,0.0,0.0,0.0,0.0,0.0,0.0,0.0,1.0,0.0,0.0
4,7,0.0,0.0,0.0,0.0,0.0,0.0,0.0,1.0,0.0,0.0
4,7,0.0,0.0,0.0,0.0,0.0,0.0,0.0,1.0,0.0,0.0
4,7,0.0,0.0,0.0,0.0,0.0,0.0,0.0,1.0,0.0,0.0
4,7,0.0,0.0,0.0,0.0,0.0,0.0,0.0,1.0,0.0,0.0
4,7,0.0,0.0,0.0,0.0,0.0,0.0,0.0,1.0,0.0,0.0
4,7,0.0,0.0,0.0,0.0,0.0,0.0,0.0,1.0,0.0,0.0
4,7,0.0,0.0,0.0,0.0,0.0,0.0,0.0,1.0,0.0,0.0
4,7,0.0,0.0,0.0,0.0,0.0,0.0,0.0,1.0,0.0,0.0
4,7,0.0,0.0,0.0,0.0,0.0,0.0,0.0,1.0,0.0,0.0
4,7,0.0,0.0,0.0,0.0,0.0,0.0,0.0,1.0,0.0,0.0
4,7,0.0,0.0,0.0,0.0,0.0,0.0,0.0,1.0,0.0,0.0
4,7,0.0,0.0,0.0,0.0,0.0,0.0,0.0,1.0,0.0,0.0
4,7,0.0,0.0,0.0,0.0,0.0,0.0,0.0,1.0,0.0,0.0
4,7,0.0,0.0,0.0,0.0,0.0,0.0,0.0,1.0,0.0,0.0
4,7,0.0,0.0,0.0,0.0,0.0,0.0,0.0,1.0,0.0,0.0
4,7,0.0,0.0,0.0,0.0,0.0,0.0,0.0,1.0,0.0,0.0
4,7,0.0,0.0,0.0,0.0,0.0,0.0,0.0,1.0,0.0,0.0
4,7,0.0,0.0,0.0,0.0,0.0,0.0,0.0,1.0,0.0,0.0
4,7,0.0,0.0,0.0,0.0,0.0,0.0,0.0,1.0,0.0,0.0
4,7,0.0,0.0,0.0,0.0,0.0,0.0,0.0,1.0,0.0,0.0
4,7,0.0,0.0,0.0,0.0,0.0,0.0,0.0,1.0,0.0,0.0
4,7,0.0,0.0,0.0,0.0,0.0,0.0,0.0,1.0,0.0,0.0
4,7,0.0,0.0,0.0,0.0,0.0,0.0,0.0,1.0,0.0,0.0
4,7,0.0,0.0,0.0,0.0,0.0,0.0,0.0,1.0,0.0,0.0
4,7,0.0,0.0,0.0,0.0,0.0,0.0,0.0,1.0,0.0,0.0
4,7,0.0,0.0,0.0,0.0,0.0,0.0,0.0,1.0,0.0,0.0
4,7,0.0,0.0,0.0,0.0,0.0,0.0,0.0,1.0,0.0,0.0
4,7,0.0,0.0,0.0,0.0,0.0,0.0,0.0,1.0,0.0,0.0
4,7,0.0,0.0,0.0,0.0,0.0,0.0,0.0,1.0,0.0,0.0
4,7,0.0,0.0,0.0,0.0,0.0,0.0,0.0,1.0,0.0,0.0
4,7,0.0,0.0,0.0,0.0,0.0,0.0,0.0,1.0,0.0,0.0
4,7,0.0,0.0,0.0,0.0,0.0,0.0,0.0,1.0,0.0,0.0
4,7,0.0,0.0,0.0,0.0,0.0,0.0,0.0,1.0,0.0,0.0
4,7,0.0,0.0,0.0,0.0,0.0,0.0,0.0,1.0,0.0,0.0
4,7,0.0,0.0,0.0,0.0,0.0,0.0,0.0,1.0,0.0,0.0
4,7,0.0,0.0,0.0,0.0,0.0,0.0,0.0,1.0,0.0,0.0
4,7,0.0,0.0,0.0,0.0,0.0,0.0,0.0,1.0,0.0,0.0
4,7,0.0,0.0,0.0,0.0,0.0,0.0,0.0,1.0,0.0,0.0
4,7,0.0,0.0,0.0,0.0,0.0,0.0,0.0,1.0,0.0,0.0
4,7,0.0,0.0,0.0,0.0,0.0,0.0,0.0,1.0,0.0,0.0
4,7,0.0,0.0,0.0,0.0,0.0,0.0,0.0,1.0,0.0,0.0
4,7,0.0,0.0,0.0,0.0,0.0,0.0,0.0,1.0,0.0,0.0
4,7,0.0,0.0,0.0,0.0,0.0,0.0,0.0,1.0,0.0,0.0
4,7,0.0,0.0,0.0,0.0,0.0,0.0,0.0,1.0,0.0,0.0
4,7,0.0,0.0,0.0,0.0,0.0,0.0,0.0,1.0,0.0,0.0
4,7,0.0,0.0,0.0,0.0,0.0,0.0,0.0,1.0,0.0,0.0
4,7,0.0,0.0,0.0,0.0,0.0,0.0,0.0,1.0,0.0,0.0
4,7,0.0,0.0,0.0,0.0,0.0,0.0,0.0,1.0,0.0,0.0
4,7,0.0,0.0,0.0,0.0,0.0,0.0,0.0,1.0,0.0,0.0
4,7,0.0,0.0,0.0,0.0,0.0,0.0,0.0,1.0,0.0,0.0
4,7,0.0,0.0,0.0,0.0,0.0,0.0,0.0,1.0,0.0,0.0
4,7,0.0,0.0,0.0,0.0,0.0,0.0,0.0,1.0,0.0,0.0
4,7,0.0,0.0,0.0,0.0,0.0,0.0,0.0,1.0,0.0,0.0
4,7,0.0,0.0,0.0,0.0,0.0,0.0,0.0,1.0,0.0,0.0
4,7,0.0,0.0,0.0,0.0,0.0,0.0,0.0,1.0,0.0,0.0
4,7,0.0,0.0,0.0,0.0,0.0,0.0,0.0,1.0,0.0,0.0
4,7,0.0,0.0,0.0,0.0,0.0,0.0,0.0,1.0,0.0,0.0
4,7,0.0,0.0,0.0,0.0,0.0,0.0,0.0,1.0,0.0,0.0
4,7,0.0,0.0,0.0,0.0,0.0,0.0,0.0,1.0,0.0,0.0
4,7,0.0,0.0,0.0,0.0,0.0,0.0,0.0,1.0,0.0,0.0
4,7,0.0,0.0,0.0,0.0,0.0,0.0,0.0,1.0,0.0,0.0
4,7,0.0,0.0,0.0,0.0,0.0,0.0,0.0,1.0,0.0,0.0
4,7,0.0,0.0,0.0,0.0,0.0,0.0,0.0,1.0,0.0,0.0
4,7,0.0,0.0,0.0,0.0,0.0,0.0,0.0,1.0,0.0,0.0
4,7,0.0,0.0,0.0,0.0,0.0,0.0,0.0,1.0,0.0,0.0
4,7,0.0,0.0,0.0,0.0,0.0,0.0,0.0,1.0,0.0,0.0
4,7,0.0,0.0,0.0,0.0,0.0,0.0,0.0,1.0,0.0,0.0
4,7,0.0,0.0,0.0,0.0,0.0,0.0,0.0,1.0,0.0,0.0
4,7,0.0,0.0,0.0,0.0,0.0,0.0,0.0,1.0,0.0,0.0
4,7,0.0,0.0,0.0,0.0,0.0,0.0,0.0,1.0,0.0,0.0
4,7,0.0,0.0,0.0,0.0,0.0,0.0,0.0,1.0,0.0,0.0
4,7,0.0,0.0,0.0,0.0,0.0,0.0,0.0,1.0,0.0,0.0
4,7,0.0,0.0,0.0,0.0,0.0,0.0,0.0,1.0,0.0,0.0
4,7,0.0,0.0,0.0,0.0,0.0,0.0,0.0,1.0,0.0,0.0
4,7,0.0,0.0,0.0,0.0,0.0,0.0,0.0,1.0,0.0,0.0
4,7,0.0,0.0,0.0,0.0,0.0,0.0,0.0,1.0,0.0,0.0
4,7,0.0,0.0,0.0,0.0,0.0,0.0,0.0,1.0,0.0,0.0
4,7,0.0,0.0,0.0,0.0,0.0,0.0,0.0,1.0,0.0,0.0
4,7,0.0,0.0,0.0,0.0,0.0,0.0,0.0,1.0,0.0,0.0
4,7,0.0,0.0,0.0,0.0,0.0,0.0,0.0,1.0,0.0,0.0
4,7,0.0,0.0,0.0,0.0,0.0,0.0,0.0,1.0,0.0,0.0
4,7,0.0,0.0,0.0,0.0,0.0,0.0,0.0,1.0,0.0,0.0
4,7,0.0,0.0,0.0,0.0,0.0,0.0,0.0,1.0,0.0,0.0
4,7,0.0,0.0,0.0,0.0,0.0,0.0,0.0,1.0,0.0,0.0
4,7,0.0,0.0,0.0,0.0,0.0,0.0,0.0,1.0,0.0,0.0
4,7,0.0,0.0,0.0,0.0,0.0,0.0,0.0,1.0,0.0,0.0
4,7,0.0,0.0,0.0,0.0,0.0,0.0,0.0,1.0,0.0,0.0
4,7,0.0,0.0,0.0,0.0,0.0,0.0,0.0,1.0,0.0,0.0
4,7,0.0,0.0,0.0,0.0,0.0,0.0,0.0,1.0,0.0,0.0
4,7,0.0,0.0,0.0,0.0,0.0,0.0,0.0,1.0,0.0,0.0
4,7,0.0,0.0,0.0,0.0,0.0,0.0,0.0,1.0,0.0,0.0
4,7,0.0,0.0,0.0,0.0,0.0,0.0,0.0,1.0,0.0,0.0
4,7,0.0,0.0,0.0,0.0,0.0,0.0,0.0,1.0,0.0,0.0
4,7,0.0,0.0,0.0,0.0,0.0,0.0,0.0,1.0,0.0,0.0
4,7,0.0,0.0,0.0,0.0,0.0,0.0,0.0,1.0,0.0,0.0
4,7,0.0,0.0,0.0,0.0,0.0,0.0,0.0,1.0,0.0,0.0
4,7,0.0,0.0,0.0,0.0,0.0,0.0,0.0,1.0,0.0,0.0
4,7,0.0,0.0,0.0,0.0,0.0,0.0,0.0,1.0,0.0,0.0
4,7,0.0,0.0,0.0,0.0,0.0,0.0,0.0,1.0,0.0,0.0
4,7,0.0,0.0,0.0,0.0,0.0,0.0,0.0,1.0,0.0,0.0
4,7,0.0,0.0,0.0,0.0,0.0,0.0,0.0,1.0,0.0,0.0
4,7,0.0,0.0,0.0,0.0,0.0,0.0,0.0,1.0,0.0,0.0
4,7,0.0,0.0,0.0,0.0,0.0,0.0,0.0,1.0,0.0,0.0
4,7,0.0,0.0,0.0,0.0,0.0,0.0,0.0,1.0,0.0,0.0
4,7,0.0,0.0,0.0,0.0,0.0,0.0,0.0,1.0,0.0,0.0
4,7,0.0,0.0,0.0,0.0,0.0,0.0,0.0,1.0,0.0,0.0
4,7,0.0,0.0,0.0,0.0,0.0,0.0,0.0,1.0,0.0,0.0
4,7,0.0,0.0,0.0,0.0,0.0,0.0,0.0,1.0,0.0,0.0
4,7,0.0,0.0,0.0,0.0,0.0,0.0,0.0,1.0,0.0,0.0
4,7,0.0,0.0,0.0,0.0,0.0,0.0,0.0,1.0,0.0,0.0
4,7,0.0,0.0,0.0,0.0,0.0,0.0,0.0,1.0,0.0,0.0
4,7,0.0,0.0,0.0,0.0,0.0,0.0,0.0,1.0,0.0,0.0
4,7,0.0,0.0,0.0,0.0,0.0,0.0,0.0,1.0,0.0,0.0
4,7,0.0,0.0,0.0,0.0,0.0,0.0,0.0,1.0,0.0,0.0
4,7,0.0,0.0,0.0,0.0,0.0,0.0,0.0,1.0,0.0,0.0
4,7,0.0,0.0,0.0,0.0,0.0,0.0,0.0,1.0,0.0,0.0
4,7,0.0,0.0,0.0,0.0,0.0,0.0,0.0,1.0,0.0,0.0
4,7,0.0,0.0,0.0,0.0,0.0,0.0,0.0,1.0,0.0,0.0
4,7,0.0,0.0,0.0,0.0,0.0,0.0,0.0,1.0,0.0,0.0
4,7,0.0,0.0,0.0,0.0,0.0,0.0,0.0,1.0,0.0,0.0
4,7,0.0,0.0,0.0,0.0,0.0,0.0,0.0,1.0,0.0,0.0
4,7,0.0,0.0,0.0,0.0,0.0,0.0,0.0,1.0,0.0,0.0
4,7,0.0,0.0,0.0,0.0,0.0,0.0,0.0,1.0,0.0,0.0
4,7,0.0,0.0,0.0,0.0,0.0,0.0,0.0,1.0,0.0,0.0
4,7,0.0,0.0,0.0,0.0,0.0,0.0,0.0,1.0,0.0,0.0
4,7,0.0,0.0,0.0,0.0,0.0,0.0,0.0,1.0,0.0,0.0
4,7,0.0,0.0,0.0,0.0,0.0,0.0,0.0,1.0,0.0,0.0
4,7,0.0,0.0,0.0,0.0,0.0,0.0,0.0,1.0,0.0,0.0
4,7,0.0,0.0,0.0,0.0,0.0,0.0,0.0,1.0,0.0,0.0
4,7,0.0,0.0,0.0,0.0,0.0,0.0,0.0,1.0,0.0,0.0
4,7,0.0,0.0,0.0,0.0,0.0,0.0,0.0,1.0,0.0,0.0
4,7,0.0,0.0,0.0,0.0,0.0,0.0,0.0,1.0,0.0,0.0
4,7,0.0,0.0,0.0,0.0,0.0,0.0,0.0,1.0,0.0,0.0
4,7,0.0,0.0,0.0,0.0,0.0,0.0,0.0,1.0,0.0,0.0
4,7,0.0,0.0,0.0,0.0,0.0,0.0,0.0,1.0,0.0,0.0
4,7,0.0,0.0,0.0,0.0,0.0,0.0,0.0,1.0,0.0,0.0
4,7,0.0,0.0,0.0,0.0,0.0,0.0,0.0,1.0,0.0,0.0
4,7,0.0,0.0,0.0,0.0,0.0,0.0,0.0,1.0,0.0,0.0
4,7,0.0,0.0,0.0,0.0,0.0,0.0,0.0,1.0,0.0,0.0
4,7,0.0,0.0,0.0,0.0,0.0,0.0,0.0,1.0,0.0,0.0
4,7,0.0,0.0,0.0,0.0,0.0,0.0,0.0,1.0,0.0,0.0
4,7,0.0,0.0,0.0,0.0,0.0,0.0,0.0,1.0,0.0,0.0
4,7,0.0,0.0,0.0,0.0,0.0,0.0,0.0,1.0,0.0,0.0
4,7,0.0,0.0,0.0,0.0,0.0,0.0,0.0,1.0,0.0,0.0
4,7,0.0,0.0,0.0,0.0,0.0,0.0,0.0,1.0,0.0,0.0
4,7,0.0,0.0,0.0,0.0,0.0,0.0,0.0,1.0,0.0,0.0
4,7,0.0,0.0,0.0,0.0,0.0,0.0,0.0,1.0,0.0,0.0
4,7,0.0,0.0,0.0,0.0,0.0,0.0,0.0,1.0,0.0,0.0
4,7,0.0,0.0,0.0,0.0,0.0,0.0,0.0,1.0,0.0,0.0
4,7,0.0,0.0,0.0,0.0,0.0,0.0,0.0,1.0,0.0,0.0
4,7,0.0,0.0,0.0,0.0,0.0,0.0,0.0,1.0,0.0,0.0
4,7,0.0,0.0,0.0,0.0,0.0,0.0,0.0,1.0,0.0,0.0
4,7,0.0,0.0,0.0,0.0,0.0,0.0,0.0,1.0,0.0,0.0
4,7,0.0,0.0,0.0,0.0,0.0,0.0,0.0,1.0,0.0,0.0
4,7,0.0,0.0,0.0,0.0,0.0,0.0,0.0,1.0,0.0,0.0
4,7,0.0,0.0,0.0,0.0,0.0,0.0,0.0,1.0,0.0,0.0
4,7,0.0,0.0,0.0,0.0,0.0,0.0,0.0,1.0,0.0,0.0
4,7,0.0,0.0,0.0,0.0,0.0,0.0,0.0,1.0,0.0,0.0
4,7,0.0,0.0,0.0,0.0,0.0,0.0,0.0,1.0,0.0,0.0
4,7,0.0,0.0,0.0,0.0,0.0,0.0,0.0,1.0,0.0,0.0
4,7,0.0,0.0,0.0,0.0,0.0,0.0,0.0,1.0,0.0,0.0
4,7,0.0,0.0,0.0,0.0,0.0,0.0,0.0,1.0,0.0,0.0
4,7,0.0,0.0,0.0,0.0,0.0,0.0,0.0,1.0,0.0,0.0
4,7,0.0,0.0,0.0,0.0,0.0,0.0,0.0,1.0,0.0,0.0
4,7,0.0,0.0,0.0,0.0,0.0,0.0,0.0,1.0,0.0,0.0
4,7,0.0,0.0,0.0,0.0,0.0,0.0,0.0,1.0,0.0,0.0
4,7,0.0,0.0,0.0,0.0,0.0,0.0,0.0,1.0,0.0,0.0
4,7,0.0,0.0,0.0,0.0,0.0,0.0,0.0,1.0,0.0,0.0
4,7,0.0,0.0,0.0,0.0,0.0,0.0,0.0,1.0,0.0,0.0
4,7,0.0,0.0,0.0,0.0,0.0,0.0,0.0,1.0,0.0,0.0
4,7,0.0,0.0,0.0,0.0,0.0,0.0,0.0,1.0,0.0,0.0
4,7,0.0,0.0,0.0,0.0,0.0,0.0,0.0,1.0,0.0,0.0
4,7,0.0,0.0,0.0,0.0,0.0,0.0,0.0,1.0,0.0,0.0
4,7,0.0,0.0,0.0,0.0,0.0,0.0,0.0,1.0,0.0,0.0
4,7,0.0,0.0,0.0,0.0,0.0,0.0,0.0,1.0,0.0,0.0
4,7,0.0,0.0,0.0,0.0,0.0,0.0,0.0,1.0,0.0,0.0
4,7,0.0,0.0,0.0,0.0,0.0,0.0,0.0,1.0,0.0,0.0
4,7,0.0,0.0,0.0,0.0,0.0,0.0,0.0,1.0,0.0,0.0
4,7,0.0,0.0,0.0,0.0,0.0,0.0,0.0,1.0,0.0,0.0
4,7,0.0,0.0,0.0,0.0,0.0,0.0,0.0,1.0,0.0,0.0
4,7,0.0,0.0,0.0,0.0,0.0,0.0,0.0,1.0,0.0,0.0
4,7,0.0,0.0,0.0,0.0,0.0,0.0,0.0,1.0,0.0,0.0
4,7,0.0,0.0,0.0,0.0,0.0,0.0,0.0,1.0,0.0,0.0
4,7,0.0,0.0,0.0,0.0,0.0,0.0,0.0,1.0,0.0,0.0
4,7,0.0,0.0,0.0,0.0,0.0,0.0,0.0,1.0,0.0,0.0
4,7,0.0,0.0,0.0,0.0,0.0,0.0,0.0,1.0,0.0,0.0
4,7,0.0,0.0,0.0,0.0,0.0,0.0,0.0,1.0,0.0,0.0
4,7,0.0,0.0,0.0,0.0,0.0,0.0,0.0,1.0,0.0,0.0
4,7,0.0,0.0,0.0,0.0,0.0,0.0,0.0,1.0,0.0,0.0
4,7,0.0,0.0,0.0,0.0,0.0,0.0,0.0,1.0,0.0,0.0
4,7,0.0,0.0,0.0,0.0,0.0,0.0,0.0,1.0,0.0,0.0
4,7,0.0,0.0,0.0,0.0,0.0,0.0,0.0,1.0,0.0,0.0
4,7,0.0,0.0,0.0,0.0,0.0,0.0,0.0,1.0,0.0,0.0
4,7,0.0,0.0,0.0,0.0,0.0,0.0,0.0,1.0,0.0,0.0
4,7,0.0,0.0,0.0,0.0,0.0,0.0,0.0,1.0,0.0,0.0
4,7,0.0,0.0,0.0,0.0,0.0,0.0,0.0,1.0,0.0,0.0
4,7,0.0,0.0,0.0,0.0,0.0,0.0,0.0,1.0,0.0,0.0
4,7,0.0,0.0,0.0,0.0,0.0,0.0,0.0,1.0,0.0,0.0
4,7,0.0,0.0,0.0,0.0,0.0,0.0,0.0,1.0,0.0,0.0
4,7,0.0,0.0,0.0,0.0,0.0,0.0,0.0,1.0,0.0,0.0
4,7,0.0,0.0,0.0,0.0,0.0,0.0,0.0,1.0,0.0,0.0
4,7,0.0,0.0,0.0,0.0,0.0,0.0,0.0,1.0,0.0,0.0
4,7,0.0,0.0,0.0,0.0,0.0,0.0,0.0,1.0,0.0,0.0
4,7,0.0,0.0,0.0,0.0,0.0,0.0,0.0,1.0,0.0,0.0
4,7,0.0,0.0,0.0,0.0,0.0,0.0,0.0,1.0,0.0,0.0
4,7,0.0,0.0,0.0,0.0,0.0,0.0,0.0,1.0,0.0,0.0
4,7,0.0,0.0,0.0,0.0,0.0,0.0,0.0,1.0,0.0,0.0
4,7,0.0,0.0,0.0,0.0,0.0,0.0,0.0,1.0,0.0,0.0
4,7,0.0,0.0,0.0,0.0,0.0,0.0,0.0,1.0,0.0,0.0
4,7,0.0,0.0,0.0,0.0,0.0,0.0,0.0,1.0,0.0,0.0
4,7,0.0,0.0,0.0,0.0,0.0,0.0,0.0,1.0,0.0,0.0
4,7,0.0,0.0,0.0,0.0,0.0,0.0,0.0,1.0,0.0,0.0
4,7,0.0,0.0,0.0,0.0,0.0,0.0,0.0,1.0,0.0,0.0
4,7,0.0,0.0,0.0,0.0,0.0,0.0,0.0,1.0,0.0,0.0
4,7,0.0,0.0,0.0,0.0,0.0,0.0,0.0,1.0,0.0,0.0
4,7,0.0,0.0,0.0,0.0,0.0,0.0,0.0,1.0,0.0,0.0
4,7,0.0,0.0,0.0,0.0,0.0,0.0,0.0,1.0,0.0,0.0
4,7,0.0,0.0,0.0,0.0,0.0,0.0,0.0,1.0,0.0,0.0
4,7,0.0,0.0,0.0,0.0,0.0,0.0,0.0,1.0,0.0,0.0
4,7,0.0,0.0,0.0,0.0,0.0,0.0,0.0,1.0,0.0,0.0
4,7,0.0,0.0,0.0,0.0,0.0,0.0,0.0,1.0,0.0,0.0
4,7,0.0,0.0,0.0,0.0,0.0,0.0,0.0,1.0,0.0,0.0
4,7,0.0,0.0,0.0,0.0,0.0,0.0,0.0,1.0,0.0,0.0
4,7,0.0,0.0,0.0,0.0,0.0,0.0,0.0,1.0,0.0,0.0
4,7,0.0,0.0,0.0,0.0,0.0,0.0,0.0,1.0,0.0,0.0
4,7,0.0,0.0,0.0,0.0,0.0,0.0,0.0,1.0,0.0,0.0
4,7,0.0,0.0,0.0,0.0,0.0,0.0,0.0,1.0,0.0,0.0
4,7,0.0,0.0,0.0,0.0,0.0,0.0,0.0,1.0,0.0,0.0
4,7,0.0,0.0,0.0,0.0,0.0,0.0,0.0,1.0,0.0,0.0
4,7,0.0,0.0,0.0,0.0,0.0,0.0,0.0,1.0,0.0,0.0
4,7,0.0,0.0,0.0,0.0,0.0,0.0,0.0,1.0,0.0,0.0
4,7,0.0,0.0,0.0,0.0,0.0,0.0,0.0,1.0,0.0,0.0
4,7,0.0,0.0,0.0,0.0,0.0,0.0,0.0,1.0,0.0,0.0
4,7,0.0,0.0,0.0,0.0,0.0,0.0,0.0,1.0,0.0,0.0
4,7,0.0,0.0,0.0,0.0,0.0,0.0,0.0,1.0,0.0,0.0
4,7,0.0,0.0,0.0,0.0,0.0,0.0,0.0,1.0,0.0,0.0
4,7,0.0,0.0,0.0,0.0,0.0,0.0,0.0,1.0,0.0,0.0
4,7,0.0,0.0,0.0,0.0,0.0,0.0,0.0,1.0,0.0,0.0
4,7,0.0,0.0,0.0,0.0,0.0,0.0,0.0,1.0,0.0,0.0
4,7,0.0,0.0,0.0,0.0,0.0,0.0,0.0,1.0,0.0,0.0
4,7,0.0,0.0,0.0,0.0,0.0,0.0,0.0,1.0,0.0,0.0
4,7,0.0,0.0,0.0,0.0,0.0,0.0,0.0,1.0,0.0,0.0
4,7,0.0,0.0,0.0,0.0,0.0,0.0,0.0,1.0,0.0,0.0
4,7,0.0,0.0,0.0,0.0,0.0,0.0,0.0,1.0,0.0,0.0
4,7,0.0,0.0,0.0,0.0,0.0,0.0,0.0,1.0,0.0,0.0
4,7,0.0,0.0,0.0,0.0,0.0,0.0,0.0,1.0,0.0,0.0
4,7,0.0,0.0,0.0,0.0,0.0,0.0,0.0,1.0,0.0,0.0
4,7,0.0,0.0,0.0,0.0,0.0,0.0,0.0,1.0,0.0,0.0
4,7,0.0,0.0,0.0,0.0,0.0,0.0,0.0,1.0,0.0,0.0
4,7,0.0,0.0,0.0,0.0,0.0,0.0,0.0,1.0,0.0,0.0
4,7,0.0,0.0,0.0,0.0,0.0,0.0,0.0,1.0,0.0,0.0
4,7,0.0,0.0,0.0,0.0,0.0,0.0,0.0,1.0,0.0,0.0
4,7,0.0,0.0,0.0,0.0,0.0,0.0,0.0,1.0,0.0,0.0
4,7,0.0,0.0,0.0,0.0,0.0,0.0,0.0,1.0,0.0,0.0
4,7,0.0,0.0,0.0,0.0,0.0,0.0,0.0,1.0,0.0,0.0
4,7,0.0,0.0,0.0,0.0,0.0,0.0,0.0,1.0,0.0,0.0
4,7,0.0,0.0,0.0,0.0,0.0,0.0,0.0,1.0,0.0,0.0
4,7,0.0,0.0,0.0,0.0,0.0,0.0,0.0,1.0,0.0,0.0
4,7,0.0,0.0,0.0,0.0,0.0,0.0,0.0,1.0,0.0,0.0
4,7,0.0,0.0,0.0,0.0,0.0,0.0,0.0,1.0,0.0,0.0
4,7,0.0,0.0,0.0,0.0,0.0,0.0,0.0,1.0,0.0,0.0
4,7,0.0,0.0,0.0,0.0,0.0,0.0,0.0,1.0,0.0,0.0
4,7,0.0,0.0,0.0,0.0,0.0,0.0,0.0,1.0,0.0,0.0
4,7,0.0,0.0,0.0,0.0,0.0,0.0,0.0,1.0,0.0,0.0
4,7,0.0,0.0,0.0,0.0,0.0,0.0,0.0,1.0,0.0,0.0
4,7,0.0,0.0,0.0,0.0,0.0,0.0,0.0,1.0,0.0,0.0
4,7,0.0,0.0,0.0,0.0,0.0,0.0,0.0,1.0,0.0,0.0
4,7,0.0,0.0,0.0,0.0,0.0,0.0,0.0,1.0,0.0,0.0
4,7,0.0,0.0,0.0,0.0,0.0,0.0,0.0,1.0,0.0,0.0
4,7,0.0,0.0,0.0,0.0,0.0,0.0,0.0,1.0,0.0,0.0
4,7,0.0,0.0,0.0,0.0,0.0,0.0,0.0,1.0,0.0,0.0
4,7,0.0,0.0,0.0,0.0,0.0,0.0,0.0,1.0,0.0,0.0
4,7,0.0,0.0,0.0,0.0,0.0,0.0,0.0,1.0,0.0,0.0
4,7,0.0,0.0,0.0,0.0,0.0,0.0,0.0,1.0,0.0,0.0
4,7,0.0,0.0,0.0,0.0,0.0,0.0,0.0,1.0,0.0,0.0
4,7,0.0,0.0,0.0,0.0,0.0,0.0,0.0,1.0,0.0,0.0
4,7,0.0,0.0,0.0,0.0,0.0,0.0,0.0,1.0,0.0,0.0
4,7,0.0,0.0,0.0,0.0,0.0,0.0,0.0,1.0,0.0,0.0
4,7,0.0,0.0,0.0,0.0,0.0,0.0,0.0,1.0,0.0,0.0
4,7,0.0,0.0,0.0,0.0,0.0,0.0,0.0,1.0,0.0,0.0
4,7,0.0,0.0,0.0,0.0,0.0,0.0,0.0,1.0,0.0,0.0
4,7,0.0,0.0,0.0,0.0,0.0,0.0,0.0,1.0,0.0,0.0
4,7,0.0,0.0,0.0,0.0,0.0,0.0,0.0,1.0,0.0,0.0
4,7,0.0,0.0,0.0,0.0,0.0,0.0,0.0,1.0,0.0,0.0
4,7,0.0,0.0,0.0,0.0,0.0,0.0,0.0,1.0,0.0,0.0
4,7,0.0,0.0,0.0,0.0,0.0,0.0,0.0,1.0,0.0,0.0
4,7,0.0,0.0,0.0,0.0,0.0,0.0,0.0,1.0,0.0,0.0
4,7,0.0,0.0,0.0,0.0,0.0,0.0,0.0,1.0,0.0,0.0
4,7,0.0,0.0,0.0,0.0,0.0,0.0,0.0,1.0,0.0,0.0
4,7,0.0,0.0,0.0,0.0,0.0,0.0,0.0,1.0,0.0,0.0
4,7,0.0,0.0,0.0,0.0,0.0,0.0,0.0,1.0,0.0,0.0
4,7,0.0,0.0,0.0,0.0,0.0,0.0,0.0,1.0,0.0,0.0
4,7,0.0,0.0,0.0,0.0,0.0,0.0,0.0,1.0,0.0,0.0
4,7,0.0,0.0,0.0,0.0,0.0,0.0,0.0,1.0,0.0,0.0
4,7,0.0,0.0,0.0,0.0,0.0,0.0,0.0,1.0,0.0,0.0
4,7,0.0,0.0,0.0,0.0,0.0,0.0,0.0,1.0,0.0,0.0
4,7,0.0,0.0,0.0,0.0,0.0,0.0,0.0,1.0,0.0,0.0
4,7,0.0,0.0,0.0,0.0,0.0,0.0,0.0,1.0,0.0,0.0
4,7,0.0,0.0,0.0,0.0,0.0,0.0,0.0,1.0,0.0,0.0
4,7,0.0,0.0,0.0,0.0,0.0,0.0,0.0,1.0,0.0,0.0
4,7,0.0,0.0,0.0,0.0,0.0,0.0,0.0,1.0,0.0,0.0
4,7,0.0,0.0,0.0,0.0,0.0,0.0,0.0,1.0,0.0,0.0
4,7,0.0,0.0,0.0,0.0,0.0,0.0,0.0,1.0,0.0,0.0
4,7,0.0,0.0,0.0,0.0,0.0,0.0,0.0,1.0,0.0,0.0
4,7,0.0,0.0,0.0,0.0,0.0,0.0,0.0,1.0,0.0,0.0
4,7,0.0,0.0,0.0,0.0,0.0,0.0,0.0,1.0,0.0,0.0
4,7,0.0,0.0,0.0,0.0,0.0,0.0,0.0,1.0,0.0,0.0
4,7,0.0,0.0,0.0,0.0,0.0,0.0,0.0,1.0,0.0,0.0
4,7,0.0,0.0,0.0,0.0,0.0,0.0,0.0,1.0,0.0,0.0
4,7,0.0,0.0,0.0,0.0,0.0,0.0,0.0,1.0,0.0,0.0
4,7,0.0,0.0,0.0,0.0,0.0,0.0,0.0,1.0,0.0,0.0
4,7,0.0,0.0,0.0,0.0,0.0,0.0,0.0,1.0,0.0,0.0
4,7,0.0,0.0,0.0,0.0,0.0,0.0,0.0,1.0,0.0,0.0
4,7,0.0,0.0,0.0,0.0,0.0,0.0,0.0,1.0,0.0,0.0
4,7,0.0,0.0,0.0,0.0,0.0,0.0,0.0,1.0,0.0,0.0
4,7,0.0,0.0,0.0,0.0,0.0,0.0,0.0,1.0,0.0,0.0
4,7,0.0,0.0,0.0,0.0,0.0,0.0,0.0,1.0,0.0,0.0
4,7,0.0,0.0,0.0,0.0,0.0,0.0,0.0,1.0,0.0,0.0
4,7,0.0,0.0,0.0,0.0,0.0,0.0,0.0,1.0,0.0,0.0
4,7,0.0,0.0,0.0,0.0,0.0,0.0,0.0,1.0,0.0,0.0
4,7,0.0,0.0,0.0,0.0,0.0,0.0,0.0,1.0,0.0,0.0
4,7,0.0,0.0,0.0,0.0,0.0,0.0,0.0,1.0,0.0,0.0
4,7,0.0,0.0,0.0,0.0,0.0,0.0,0.0,1.0,0.0,0.0
4,7,0.0,0.0,0.0,0.0,0.0,0.0,0.0,1.0,0.0,0.0
4,7,0.0,0.0,0.0,0.0,0.0,0.0,0.0,1.0,0.0,0.0
4,7,0.0,0.0,0.0,0.0,0.0,0.0,0.0,1.0,0.0,0.0
4,7,0.0,0.0,0.0,0.0,0.0,0.0,0.0,1.0,0.0,0.0
4,7,0.0,0.0,0.0,0.0,0.0,0.0,0.0,1.0,0.0,0.0
4,7,0.0,0.0,0.0,0.0,0.0,0.0,0.0,1.0,0.0,0.0
4,7,0.0,0.0,0.0,0.0,0.0,0.0,0.0,1.0,0.0,0.0
4,7,0.0,0.0,0.0,0.0,0.0,0.0,0.0,1.0,0.0,0.0
4,7,0.0,0.0,0.0,0.0,0.0,0.0,0.0,1.0,0.0,0.0
4,7,0.0,0.0,0.0,0.0,0.0,0.0,0.0,1.0,0.0,0.0
4,7,0.0,0.0,0.0,0.0,0.0,0.0,0.0,1.0,0.0,0.0
4,7,0.0,0.0,0.0,0.0,0.0,0.0,0.0,1.0,0.0,0.0
4,7,0.0,0.0,0.0,0.0,0.0,0.0,0.0,1.0,0.0,0.0
4,7,0.0,0.0,0.0,0.0,0.0,0.0,0.0,1.0,0.0,0.0
4,7,0.0,0.0,0.0,0.0,0.0,0.0,0.0,1.0,0.0,0.0
4,7,0.0,0.0,0.0,0.0,0.0,0.0,0.0,1.0,0.0,0.0
4,7,0.0,0.0,0.0,0.0,0.0,0.0,0.0,1.0,0.0,0.0
4,7,0.0,0.0,0.0,0.0,0.0,0.0,0.0,1.0,0.0,0.0
4,7,0.0,0.0,0.0,0.0,0.0,0.0,0.0,1.0,0.0,0.0
4,7,0.0,0.0,0.0,0.0,0.0,0.0,0.0,1.0,0.0,0.0
4,7,0.0,0.0,0.0,0.0,0.0,0.0,0.0,1.0,0.0,0.0
4,7,0.0,0.0,0.0,0.0,0.0,0.0,0.0,1.0,0.0,0.0
4,7,0.0,0.0,0.0,0.0,0.0,0.0,0.0,1.0,0.0,0.0
4,7,0.0,0.0,0.0,0.0,0.0,0.0,0.0,1.0,0.0,0.0
4,7,0.0,0.0,0.0,0.0,0.0,0.0,0.0,1.0,0.0,0.0
4,7,0.0,0.0,0.0,0.0,0.0,0.0,0.0,1.0,0.0,0.0
4,7,0.0,0.0,0.0,0.0,0.0,0.0,0.0,1.0,0.0,0.0
4,7,0.0,0.0,0.0,0.0,0.0,0.0,0.0,1.0,0.0,0.0
4,7,0.0,0.0,0.0,0.0,0.0,0.0,0.0,1.0,0.0,0.0
4,7,0.0,0.0,0.0,0.0,0.0,0.0,0.0,1.0,0.0,0.0
4,7,0.0,0.0,0.0,0.0,0.0,0.0,0.0,1.0,0.0,0.0
4,7,0.0,0.0,0.0,0.0,0.0,0.0,0.0,1.0,0.0,0.0
4,7,0.0,0.0,0.0,0.0,0.0,0.0,0.0,1.0,0.0,0.0
4,7,0.0,0.0,0.0,0.0,0.0,0.0,0.0,1.0,0.0,0.0
4,7,0.0,0.0,0.0,0.0,0.0,0.0,0.0,1.0,0.0,0.0
4,7,0.0,0.0,0.0,0.0,0.0,0.0,0.0,1.0,0.0,0.0
4,7,0.0,0.0,0.0,0.0,0.0,0.0,0.0,1.0,0.0,0.0
4,7,0.0,0.0,0.0,0.0,0.0,0.0,0.0,1.0,0.0,0.0
4,7,0.0,0.0,0.0,0.0,0.0,0.0,0.0,1.0,0.0,0.0
4,7,0.0,0.0,0.0,0.0,0.0,0.0,0.0,1.0,0.0,0.0
4,7,0.0,0.0,0.0,0.0,0.0,0.0,0.0,1.0,0.0,0.0
4,7,0.0,0.0,0.0,0.0,0.0,0.0,0.0,1.0,0.0,0.0
4,7,0.0,0.0,0.0,0.0,0.0,0.0,0.0,1.0,0.0,0.0
4,7,0.0,0.0,0.0,0.0,0.0,0.0,0.0,1.0,0.0,0.0
4,7,0.0,0.0,0.0,0.0,0.0,0.0,0.0,1.0,0.0,0.0
4,7,0.0,0.0,0.0,0.0,0.0,0.0,0.0,1.0,0.0,0.0
4,7,0.0,0.0,0.0,0.0,0.0,0.0,0.0,1.0,0.0,0.0
4,7,0.0,0.0,0.0,0.0,0.0,0.0,0.0,1.0,0.0,0.0
4,7,0.0,0.0,0.0,0.0,0.0,0.0,0.0,1.0,0.0,0.0
4,7,0.0,0.0,0.0,0.0,0.0,0.0,0.0,1.0,0.0,0.0
4,7,0.0,0.0,0.0,0.0,0.0,0.0,0.0,1.0,0.0,0.0
4,7,0.0,0.0,0.0,0.0,0.0,0.0,0.0,1.0,0.0,0.0
4,7,0.0,0.0,0.0,0.0,0.0,0.0,0.0,1.0,0.0,0.0
4,7,0.0,0.0,0.0,0.0,0.0,0.0,0.0,1.0,0.0,0.0
4,7,0.0,0.0,0.0,0.0,0.0,0.0,0.0,1.0,0.0,0.0
4,7,0.0,0.0,0.0,0.0,0.0,0.0,0.0,1.0,0.0,0.0
4,7,0.0,0.0,0.0,0.0,0.0,0.0,0.0,1.0,0.0,0.0
4,7,0.0,0.0,0.0,0.0,0.0,0.0,0.0,1.0,0.0,0.0
4,7,0.0,0.0,0.0,0.0,0.0,0.0,0.0,1.0,0.0,0.0
4,7,0.0,0.0,0.0,0.0,0.0,0.0,0.0,1.0,0.0,0.0
4,7,0.0,0.0,0.0,0.0,0.0,0.0,0.0,1.0,0.0,0.0
4,7,0.0,0.0,0.0,0.0,0.0,0.0,0.0,1.0,0.0,0.0
4,7,0.0,0.0,0.0,0.0,0.0,0.0,0.0,1.0,0.0,0.0
4,7,0.0,0.0,0.0,0.0,0.0,0.0,0.0,1.0,0.0,0.0
4,7,0.0,0.0,0.0,0.0,0.0,0.0,0.0,1.0,0.0,0.0
4,7,0.0,0.0,0.0,0.0,0.0,0.0,0.0,1.0,0.0,0.0
4,7,0.0,0.0,0.0,0.0,0.0,0.0,0.0,1.0,0.0,0.0
4,7,0.0,0.0,0.0,0.0,0.0,0.0,0.0,1.0,0.0,0.0
4,7,0.0,0.0,0.0,0.0,0.0,0.0,0.0,1.0,0.0,0.0
4,7,0.0,0.0,0.0,0.0,0.0,0.0,0.0,1.0,0.0,0.0
4,7,0.0,0.0,0.0,0.0,0.0,0.0,0.0,1.0,0.0,0.0
4,7,0.0,0.0,0.0,0.0,0.0,0.0,0.0,1.0,0.0,0.0
4,7,0.0,0.0,0.0,0.0,0.0,0.0,0.0,1.0,0.0,0.0
4,7,0.0,0.0,0.0,0.0,0.0,0.0,0.0,1.0,0.0,0.0
4,7,0.0,0.0,0.0,0.0,0.0,0.0,0.0,1.0,0.0,0.0
4,7,0.0,0.0,0.0,0.0,0.0,0.0,0.0,1.0,0.0,0.0
4,7,0.0,0.0,0.0,0.0,0.0,0.0,0.0,1.0,0.0,0.0
4,7,0.0,0.0,0.0,0.0,0.0,0.0,0.0,1.0,0.0,0.0
4,7,0.0,0.0,0.0,0.0,0.0,0.0,0.0,1.0,0.0,0.0
4,7,0.0,0.0,0.0,0.0,0.0,0.0,0.0,1.0,0.0,0.0
4,7,0.0,0.0,0.0,0.0,0.0,0.0,0.0,1.0,0.0,0.0
4,7,0.0,0.0,0.0,0.0,0.0,0.0,0.0,1.0,0.0,0.0
4,7,0.0,0.0,0.0,0.0,0.0,0.0,0.0,1.0,0.0,0.0
4,7,0.0,0.0,0.0,0.0,0.0,0.0,0.0,1.0,0.0,0.0
4,7,0.0,0.0,0.0,0.0,0.0,0.0,0.0,1.0,0.0,0.0
4,7,0.0,0.0,0.0,0.0,0.0,0.0,0.0,1.0,0.0,0.0
4,7,0.0,0.0,0.0,0.0,0.0,0.0,0.0,1.0,0.0,0.0
4,7,0.0,0.0,0.0,0.0,0.0,0.0,0.0,1.0,0.0,0.0
4,7,0.0,0.0,0.0,0.0,0.0,0.0,0.0,1.0,0.0,0.0
4,7,0.0,0.0,0.0,0.0,0.0,0.0,0.0,1.0,0.0,0.0
4,7,0.0,0.0,0.0,0.0,0.0,0.0,0.0,1.0,0.0,0.0
4,7,0.0,0.0,0.0,0.0,0.0,0.0,0.0,1.0,0.0,0.0
4,7,0.0,0.0,0.0,0.0,0.0,0.0,0.0,1.0,0.0,0.0
4,7,0.0,0.0,0.0,0.0,0.0,0.0,0.0,1.0,0.0,0.0
4,7,0.0,0.0,0.0,0.0,0.0,0.0,0.0,1.0,0.0,0.0
4,7,0.0,0.0,0.0,0.0,0.0,0.0,0.0,1.0,0.0,0.0
4,7,0.0,0.0,0.0,0.0,0.0,0.0,0.0,1.0,0.0,0.0
4,7,0.0,0.0,0.0,0.0,0.0,0.0,0.0,1.0,0.0,0.0
4,7,0.0,0.0,0.0,0.0,0.0,0.0,0.0,1.0,0.0,0.0
4,7,0.0,0.0,0.0,0.0,0.0,0.0,0.0,1.0,0.0,0.0
4,7,0.0,0.0,0.0,0.0,0.0,0.0,0.0,1.0,0.0,0.0
4,7,0.0,0.0,0.0,0.0,0.0,0.0,0.0,1.0,0.0,0.0
4,7,0.0,0.0,0.0,0.0,0.0,0.0,0.0,1.0,0.0,0.0
4,7,0.0,0.0,0.0,0.0,0.0,0.0,0.0,1.0,0.0,0.0
4,7,0.0,0.0,0.0,0.0,0.0,0.0,0.0,1.0,0.0,0.0
4,7,0.0,0.0,0.0,0.0,0.0,0.0,0.0,1.0,0.0,0.0
4,7,0.0,0.0,0.0,0.0,0.0,0.0,0.0,1.0,0.0,0.0
4,7,0.0,0.0,0.0,0.0,0.0,0.0,0.0,1.0,0.0,0.0
4,7,0.0,0.0,0.0,0.0,0.0,0.0,0.0,1.0,0.0,0.0
4,7,0.0,0.0,0.0,0.0,0.0,0.0,0.0,1.0,0.0,0.0
4,7,0.0,0.0,0.0,0.0,0.0,0.0,0.0,1.0,0.0,0.0
4,7,0.0,0.0,0.0,0.0,0.0,0.0,0.0,1.0,0.0,0.0
4,7,0.0,0.0,0.0,0.0,0.0,0.0,0.0,1.0,0.0,0.0
4,7,0.0,0.0,0.0,0.0,0.0,0.0,0.0,1.0,0.0,0.0
4,7,0.0,0.0,0.0,0.0,0.0,0.0,0.0,1.0,0.0,0.0
4,7,0.0,0.0,0.0,0.0,0.0,0.0,0.0,1.0,0.0,0.0
4,7,0.0,0.0,0.0,0.0,0.0,0.0,0.0,1.0,0.0,0.0
4,7,0.0,0.0,0.0,0.0,0.0,0.0,0.0,1.0,0.0,0.0
4,7,0.0,0.0,0.0,0.0,0.0,0.0,0.0,1.0,0.0,0.0
4,7,0.0,0.0,0.0,0.0,0.0,0.0,0.0,1.0,0.0,0.0
4,7,0.0,0.0,0.0,0.0,0.0,0.0,0.0,1.0,0.0,0.0
4,7,0.0,0.0,0.0,0.0,0.0,0.0,0.0,1.0,0.0,0.0
4,7,0.0,0.0,0.0,0.0,0.0,0.0,0.0,1.0,0.0,0.0
4,7,0.0,0.0,0.0,0.0,0.0,0.0,0.0,1.0,0.0,0.0
4,7,0.0,0.0,0.0,0.0,0.0,0.0,0.0,1.0,0.0,0.0
4,7,0.0,0.0,0.0,0.0,0.0,0.0,0.0,1.0,0.0,0.0
4,7,0.0,0.0,0.0,0.0,0.0,0.0,0.0,1.0,0.0,0.0
4,7,0.0,0.0,0.0,0.0,0.0,0.0,0.0,1.0,0.0,0.0
4,7,0.0,0.0,0.0,0.0,0.0,0.0,0.0,1.0,0.0,0.0
4,7,0.0,0.0,0.0,0.0,0.0,0.0,0.0,1.0,0.0,0.0
4,7,0.0,0.0,0.0,0.0,0.0,0.0,0.0,1.0,0.0,0.0
4,7,0.0,0.0,0.0,0.0,0.0,0.0,0.0,1.0,0.0,0.0
4,7,0.0,0.0,0.0,0.0,0.0,0.0,0.0,1.0,0.0,0.0
4,7,0.0,0.0,0.0,0.0,0.0,0.0,0.0,1.0,0.0,0.0
4,7,0.0,0.0,0.0,0.0,0.0,0.0,0.0,1.0,0.0,0.0
4,7,0.0,0.0,0.0,0.0,0.0,0.0,0.0,1.0,0.0,0.0
4,7,0.0,0.0,0.0,0.0,0.0,0.0,0.0,1.0,0.0,0.0
4,7,0.0,0.0,0.0,0.0,0.0,0.0,0.0,1.0,0.0,0.0
4,7,0.0,0.0,0.0,0.0,0.0,0.0,0.0,1.0,0.0,0.0
4,7,0.0,0.0,0.0,0.0,0.0,0.0,0.0,1.0,0.0,0.0
4,7,0.0,0.0,0.0,0.0,0.0,0.0,0.0,1.0,0.0,0.0
4,7,0.0,0.0,0.0,0.0,0.0,0.0,0.0,1.0,0.0,0.0
4,7,0.0,0.0,0.0,0.0,0.0,0.0,0.0,1.0,0.0,0.0
4,7,0.0,0.0,0.0,0.0,0.0,0.0,0.0,1.0,0.0,0.0
4,7,0.0,0.0,0.0,0.0,0.0,0.0,0.0,1.0,0.0,0.0
4,7,0.0,0.0,0.0,0.0,0.0,0.0,0.0,1.0,0.0,0.0
4,7,0.0,0.0,0.0,0.0,0.0,0.0,0.0,1.0,0.0,0.0
4,7,0.0,0.0,0.0,0.0,0.0,0.0,0.0,1.0,0.0,0.0
4,7,0.0,0.0,0.0,0.0,0.0,0.0,0.0,1.0,0.0,0.0
4,7,0.0,0.0,0.0,0.0,0.0,0.0,0.0,1.0,0.0,0.0
4,7,0.0,0.0,0.0,0.0,0.0,0.0,0.0,1.0,0.0,0.0
4,7,0.0,0.0,0.0,0.0,0.0,0.0,0.0,1.0,0.0,0.0
4,7,0.0,0.0,0.0,0.0,0.0,0.0,0.0,1.0,0.0,0.0
4,7,0.0,0.0,0.0,0.0,0.0,0.0,0.0,1.0,0.0,0.0
4,7,0.0,0.0,0.0,0.0,0.0,0.0,0.0,1.0,0.0,0.0
4,7,0.0,0.0,0.0,0.0,0.0,0.0,0.0,1.0,0.0,0.0
4,7,0.0,0.0,0.0,0.0,0.0,0.0,0.0,1.0,0.0,0.0
4,7,0.0,0.0,0.0,0.0,0.0,0.0,0.0,1.0,0.0,0.0
4,7,0.0,0.0,0.0,0.0,0.0,0.0,0.0,1.0,0.0,0.0
4,7,0.0,0.0,0.0,0.0,0.0,0.0,0.0,1.0,0.0,0.0
4,7,0.0,0.0,0.0,0.0,0.0,0.0,0.0,1.0,0.0,0.0
4,7,0.0,0.0,0.0,0.0,0.0,0.0,0.0,1.0,0.0,0.0
4,7,0.0,0.0,0.0,0.0,0.0,0.0,0.0,1.0,0.0,0.0
4,7,0.0,0.0,0.0,0.0,0.0,0.0,0.0,1.0,0.0,0.0
4,7,0.0,0.0,0.0,0.0,0.0,0.0,0.0,1.0,0.0,0.0
4,7,0.0,0.0,0.0,0.0,0.0,0.0,0.0,1.0,0.0,0.0
4,7,0.0,0.0,0.0,0.0,0.0,0.0,0.0,1.0,0.0,0.0
4,7,0.0,0.0,0.0,0.0,0.0,0.0,0.0,1.0,0.0,0.0
4,7,0.0,0.0,0.0,0.0,0.0,0.0,0.0,1.0,0.0,0.0
4,7,0.0,0.0,0.0,0.0,0.0,0.0,0.0,1.0,0.0,0.0
4,7,0.0,0.0,0.0,0.0,0.0,0.0,0.0,1.0,0.0,0.0
4,7,0.0,0.0,0.0,0.0,0.0,0.0,0.0,1.0,0.0,0.0
4,7,0.0,0.0,0.0,0.0,0.0,0.0,0.0,1.0,0.0,0.0
4,7,0.0,0.0,0.0,0.0,0.0,0.0,0.0,1.0,0.0,0.0
4,7,0.0,0.0,0.0,0.0,0.0,0.0,0.0,1.0,0.0,0.0
4,7,0.0,0.0,0.0,0.0,0.0,0.0,0.0,1.0,0.0,0.0
4,7,0.0,0.0,0.0,0.0,0.0,0.0,0.0,1.0,0.0,0.0
4,7,0.0,0.0,0.0,0.0,0.0,0.0,0.0,1.0,0.0,0.0
4,7,0.0,0.0,0.0,0.0,0.0,0.0,0.0,1.0,0.0,0.0
4,7,0.0,0.0,0.0,0.0,0.0,0.0,0.0,1.0,0.0,0.0
4,7,0.0,0.0,0.0,0.0,0.0,0.0,0.0,1.0,0.0,0.0
4,7,0.0,0.0,0.0,0.0,0.0,0.0,0.0,1.0,0.0,0.0
4,7,0.0,0.0,0.0,0.0,0.0,0.0,0.0,1.0,0.0,0.0
4,7,0.0,0.0,0.0,0.0,0.0,0.0,0.0,1.0,0.0,0.0
4,7,0.0,0.0,0.0,0.0,0.0,0.0,0.0,1.0,0.0,0.0
4,7,0.0,0.0,0.0,0.0,0.0,0.0,0.0,1.0,0.0,0.0
4,7,0.0,0.0,0.0,0.0,0.0,0.0,0.0,1.0,0.0,0.0
4,7,0.0,0.0,0.0,0.0,0.0,0.0,0.0,1.0,0.0,0.0
4,7,0.0,0.0,0.0,0.0,0.0,0.0,0.0,1.0,0.0,0.0
4,7,0.0,0.0,0.0,0.0,0.0,0.0,0.0,1.0,0.0,0.0
4,7,0.0,0.0,0.0,0.0,0.0,0.0,0.0,1.0,0.0,0.0
4,7,0.0,0.0,0.0,0.0,0.0,0.0,0.0,1.0,0.0,0.0
4,7,0.0,0.0,0.0,0.0,0.0,0.0,0.0,1.0,0.0,0.0
4,7,0.0,0.0,0.0,0.0,0.0,0.0,0.0,1.0,0.0,0.0
4,7,0.0,0.0,0.0,0.0,0.0,0.0,0.0,1.0,0.0,0.0
4,7,0.0,0.0,0.0,0.0,0.0,0.0,0.0,1.0,0.0,0.0
4,7,0.0,0.0,0.0,0.0,0.0,0.0,0.0,1.0,0.0,0.0
4,7,0.0,0.0,0.0,0.0,0.0,0.0,0.0,1.0,0.0,0.0
4,7,0.0,0.0,0.0,0.0,0.0,0.0,0.0,1.0,0.0,0.0
4,7,0.0,0.0,0.0,0.0,0.0,0.0,0.0,1.0,0.0,0.0
4,7,0.0,0.0,0.0,0.0,0.0,0.0,0.0,1.0,0.0,0.0
4,7,0.0,0.0,0.0,0.0,0.0,0.0,0.0,1.0,0.0,0.0
4,7,0.0,0.0,0.0,0.0,0.0,0.0,0.0,1.0,0.0,0.0
4,7,0.0,0.0,0.0,0.0,0.0,0.0,0.0,1.0,0.0,0.0
4,7,0.0,0.0,0.0,0.0,0.0,0.0,0.0,1.0,0.0,0.0
4,7,0.0,0.0,0.0,0.0,0.0,0.0,0.0,1.0,0.0,0.0
4,7,0.0,0.0,0.0,0.0,0.0,0.0,0.0,1.0,0.0,0.0
4,7,0.0,0.0,0.0,0.0,0.0,0.0,0.0,1.0,0.0,0.0
4,7,0.0,0.0,0.0,0.0,0.0,0.0,0.0,1.0,0.0,0.0
4,7,0.0,0.0,0.0,0.0,0.0,0.0,0.0,1.0,0.0,0.0
4,7,0.0,0.0,0.0,0.0,0.0,0.0,0.0,1.0,0.0,0.0
4,7,0.0,0.0,0.0,0.0,0.0,0.0,0.0,1.0,0.0,0.0
4,7,0.0,0.0,0.0,0.0,0.0,0.0,0.0,1.0,0.0,0.0
4,7,0.0,0.0,0.0,0.0,0.0,0.0,0.0,1.0,0.0,0.0
4,7,0.0,0.0,0.0,0.0,0.0,0.0,0.0,1.0,0.0,0.0
4,7,0.0,0.0,0.0,0.0,0.0,0.0,0.0,1.0,0.0,0.0
4,7,0.0,0.0,0.0,0.0,0.0,0.0,0.0,1.0,0.0,0.0
4,7,0.0,0.0,0.0,0.0,0.0,0.0,0.0,1.0,0.0,0.0
4,7,0.0,0.0,0.0,0.0,0.0,0.0,0.0,1.0,0.0,0.0
4,7,0.0,0.0,0.0,0.0,0.0,0.0,0.0,1.0,0.0,0.0
4,7,0.0,0.0,0.0,0.0,0.0,0.0,0.0,1.0,0.0,0.0
4,7,0.0,0.0,0.0,0.0,0.0,0.0,0.0,1.0,0.0,0.0
4,7,0.0,0.0,0.0,0.0,0.0,0.0,0.0,1.0,0.0,0.0
4,7,0.0,0.0,0.0,0.0,0.0,0.0,0.0,1.0,0.0,0.0
4,7,0.0,0.0,0.0,0.0,0.0,0.0,0.0,1.0,0.0,0.0
4,7,0.0,0.0,0.0,0.0,0.0,0.0,0.0,1.0,0.0,0.0
4,7,0.0,0.0,0.0,0.0,0.0,0.0,0.0,1.0,0.0,0.0
4,7,0.0,0.0,0.0,0.0,0.0,0.0,0.0,1.0,0.0,0.0
4,7,0.0,0.0,0.0,0.0,0.0,0.0,0.0,1.0,0.0,0.0
4,7,0.0,0.0,0.0,0.0,0.0,0.0,0.0,1.0,0.0,0.0
4,7,0.0,0.0,0.0,0.0,0.0,0.0,0.0,1.0,0.0,0.0
4,7,0.0,0.0,0.0,0.0,0.0,0.0,0.0,1.0,0.0,0.0
4,7,0.0,0.0,0.0,0.0,0.0,0.0,0.0,1.0,0.0,0.0
4,7,0.0,0.0,0.0,0.0,0.0,0.0,0.0,1.0,0.0,0.0
4,7,0.0,0.0,0.0,0.0,0.0,0.0,0.0,1.0,0.0,0.0
4,7,0.0,0.0,0.0,0.0,0.0,0.0,0.0,1.0,0.0,0.0
4,7,0.0,0.0,0.0,0.0,0.0,0.0,0.0,1.0,0.0,0.0
4,7,0.0,0.0,0.0,0.0,0.0,0.0,0.0,1.0,0.0,0.0
4,7,0.0,0.0,0.0,0.0,0.0,0.0,0.0,1.0,0.0,0.0
4,7,0.0,0.0,0.0,0.0,0.0,0.0,0.0,1.0,0.0,0.0
4,7,0.0,0.0,0.0,0.0,0.0,0.0,0.0,1.0,0.0,0.0
4,7,0.0,0.0,0.0,0.0,0.0,0.0,0.0,1.0,0.0,0.0
4,7,0.0,0.0,0.0,0.0,0.0,0.0,0.0,1.0,0.0,0.0
4,7,0.0,0.0,0.0,0.0,0.0,0.0,0.0,1.0,0.0,0.0
4,7,0.0,0.0,0.0,0.0,0.0,0.0,0.0,1.0,0.0,0.0
4,7,0.0,0.0,0.0,0.0,0.0,0.0,0.0,1.0,0.0,0.0
4,7,0.0,0.0,0.0,0.0,0.0,0.0,0.0,1.0,0.0,0.0
4,7,0.0,0.0,0.0,0.0,0.0,0.0,0.0,1.0,0.0,0.0
4,7,0.0,0.0,0.0,0.0,0.0,0.0,0.0,1.0,0.0,0.0
4,7,0.0,0.0,0.0,0.0,0.0,0.0,0.0,1.0,0.0,0.0
4,7,0.0,0.0,0.0,0.0,0.0,0.0,0.0,1.0,0.0,0.0
4,7,0.0,0.0,0.0,0.0,0.0,0.0,0.0,1.0,0.0,0.0
4,7,0.0,0.0,0.0,0.0,0.0,0.0,0.0,1.0,0.0,0.0
4,7,0.0,0.0,0.0,0.0,0.0,0.0,0.0,1.0,0.0,0.0
4,7,0.0,0.0,0.0,0.0,0.0,0.0,0.0,1.0,0.0,0.0
4,7,0.0,0.0,0.0,0.0,0.0,0.0,0.0,1.0,0.0,0.0
4,7,0.0,0.0,0.0,0.0,0.0,0.0,0.0,1.0,0.0,0.0
4,7,0.0,0.0,0.0,0.0,0.0,0.0,0.0,1.0,0.0,0.0
4,7,0.0,0.0,0.0,0.0,0.0,0.0,0.0,1.0,0.0,0.0
4,7,0.0,0.0,0.0,0.0,0.0,0.0,0.0,1.0,0.0,0.0
4,7,0.0,0.0,0.0,0.0,0.0,0.0,0.0,1.0,0.0,0.0
4,7,0.0,0.0,0.0,0.0,0.0,0.0,0.0,1.0,0.0,0.0
4,7,0.0,0.0,0.0,0.0,0.0,0.0,0.0,1.0,0.0,0.0
4,7,0.0,0.0,0.0,0.0,0.0,0.0,0.0,1.0,0.0,0.0
4,7,0.0,0.0,0.0,0.0,0.0,0.0,0.0,1.0,0.0,0.0
4,7,0.0,0.0,0.0,0.0,0.0,0.0,0.0,1.0,0.0,0.0
4,7,0.0,0.0,0.0,0.0,0.0,0.0,0.0,1.0,0.0,0.0
4,7,0.0,0.0,0.0,0.0,0.0,0.0,0.0,1.0,0.0,0.0
4,7,0.0,0.0,0.0,0.0,0.0,0.0,0.0,1.0,0.0,0.0
4,7,0.0,0.0,0.0,0.0,0.0,0.0,0.0,1.0,0.0,0.0
4,7,0.0,0.0,0.0,0.0,0.0,0.0,0.0,1.0,0.0,0.0
4,7,0.0,0.0,0.0,0.0,0.0,0.0,0.0,1.0,0.0,0.0
4,7,0.0,0.0,0.0,0.0,0.0,0.0,0.0,1.0,0.0,0.0
4,7,0.0,0.0,0.0,0.0,0.0,0.0,0.0,1.0,0.0,0.0
4,7,0.0,0.0,0.0,0.0,0.0,0.0,0.0,1.0,0.0,0.0
4,7,0.0,0.0,0.0,0.0,0.0,0.0,0.0,1.0,0.0,0.0
4,7,0.0,0.0,0.0,0.0,0.0,0.0,0.0,1.0,0.0,0.0
4,7,0.0,0.0,0.0,0.0,0.0,0.0,0.0,1.0,0.0,0.0
4,7,0.0,0.0,0.0,0.0,0.0,0.0,0.0,1.0,0.0,0.0
4,7,0.0,0.0,0.0,0.0,0.0,0.0,0.0,1.0,0.0,0.0
4,7,0.0,0.0,0.0,0.0,0.0,0.0,0.0,1.0,0.0,0.0
4,7,0.0,0.0,0.0,0.0,0.0,0.0,0.0,1.0,0.0,0.0
4,7,0.0,0.0,0.0,0.0,0.0,0.0,0.0,1.0,0.0,0.0
4,7,0.0,0.0,0.0,0.0,0.0,0.0,0.0,1.0,0.0,0.0
4,7,0.0,0.0,0.0,0.0,0.0,0.0,0.0,1.0,0.0,0.0
4,7,0.0,0.0,0.0,0.0,0.0,0.0,0.0,1.0,0.0,0.0
4,7,0.0,0.0,0.0,0.0,0.0,0.0,0.0,1.0,0.0,0.0
4,7,0.0,0.0,0.0,0.0,0.0,0.0,0.0,1.0,0.0,0.0
4,7,0.0,0.0,0.0,0.0,0.0,0.0,0.0,1.0,0.0,0.0
4,7,0.0,0.0,0.0,0.0,0.0,0.0,0.0,1.0,0.0,0.0
4,7,0.0,0.0,0.0,0.0,0.0,0.0,0.0,1.0,0.0,0.0
4,7,0.0,0.0,0.0,0.0,0.0,0.0,0.0,1.0,0.0,0.0
4,7,0.0,0.0,0.0,0.0,0.0,0.0,0.0,1.0,0.0,0.0
4,7,0.0,0.0,0.0,0.0,0.0,0.0,0.0,1.0,0.0,0.0
4,7,0.0,0.0,0.0,0.0,0.0,0.0,0.0,1.0,0.0,0.0
4,7,0.0,0.0,0.0,0.0,0.0,0.0,0.0,1.0,0.0,0.0
4,7,0.0,0.0,0.0,0.0,0.0,0.0,0.0,1.0,0.0,0.0
4,7,0.0,0.0,0.0,0.0,0.0,0.0,0.0,1.0,0.0,0.0
4,7,0.0,0.0,0.0,0.0,0.0,0.0,0.0,1.0,0.0,0.0
4,7,0.0,0.0,0.0,0.0,0.0,0.0,0.0,1.0,0.0,0.0
4,7,0.0,0.0,0.0,0.0,0.0,0.0,0.0,1.0,0.0,0.0
4,7,0.0,0.0,0.0,0.0,0.0,0.0,0.0,1.0,0.0,0.0
4,7,0.0,0.0,0.0,0.0,0.0,0.0,0.0,1.0,0.0,0.0
4,7,0.0,0.0,0.0,0.0,0.0,0.0,0.0,1.0,0.0,0.0
4,7,0.0,0.0,0.0,0.0,0.0,0.0,0.0,1.0,0.0,0.0
4,7,0.0,0.0,0.0,0.0,0.0,0.0,0.0,1.0,0.0,0.0
4,7,0.0,0.0,0.0,0.0,0.0,0.0,0.0,1.0,0.0,0.0
4,7,0.0,0.0,0.0,0.0,0.0,0.0,0.0,1.0,0.0,0.0
4,7,0.0,0.0,0.0,0.0,0.0,0.0,0.0,1.0,0.0,0.0
4,7,0.0,0.0,0.0,0.0,0.0,0.0,0.0,1.0,0.0,0.0
4,7,0.0,0.0,0.0,0.0,0.0,0.0,0.0,1.0,0.0,0.0
4,7,0.0,0.0,0.0,0.0,0.0,0.0,0.0,1.0,0.0,0.0
4,7,0.0,0.0,0.0,0.0,0.0,0.0,0.0,1.0,0.0,0.0
4,7,0.0,0.0,0.0,0.0,0.0,0.0,0.0,1.0,0.0,0.0
4,7,0.0,0.0,0.0,0.0,0.0,0.0,0.0,1.0,0.0,0.0
4,7,0.0,0.0,0.0,0.0,0.0,0.0,0.0,1.0,0.0,0.0
4,7,0.0,0.0,0.0,0.0,0.0,0.0,0.0,1.0,0.0,0.0
4,7,0.0,0.0,0.0,0.0,0.0,0.0,0.0,1.0,0.0,0.0
4,7,0.0,0.0,0.0,0.0,0.0,0.0,0.0,1.0,0.0,0.0
4,7,0.0,0.0,0.0,0.0,0.0,0.0,0.0,1.0,0.0,0.0
4,7,0.0,0.0,0.0,0.0,0.0,0.0,0.0,1.0,0.0,0.0
4,7,0.0,0.0,0.0,0.0,0.0,0.0,0.0,1.0,0.0,0.0
4,7,0.0,0.0,0.0,0.0,0.0,0.0,0.0,1.0,0.0,0.0
4,7,0.0,0.0,0.0,0.0,0.0,0.0,0.0,1.0,0.0,0.0
4,7,0.0,0.0,0.0,0.0,0.0,0.0,0.0,1.0,0.0,0.0
4,7,0.0,0.0,0.0,0.0,0.0,0.0,0.0,1.0,0.0,0.0
4,7,0.0,0.0,0.0,0.0,0.0,0.0,0.0,1.0,0.0,0.0
4,7,0.0,0.0,0.0,0.0,0.0,0.0,0.0,1.0,0.0,0.0
4,7,0.0,0.0,0.0,0.0,0.0,0.0,0.0,1.0,0.0,0.0
4,7,0.0,0.0,0.0,0.0,0.0,0.0,0.0,1.0,0.0,0.0
4,7,0.0,0.0,0.0,0.0,0.0,0.0,0.0,1.0,0.0,0.0
4,7,0.0,0.0,0.0,0.0,0.0,0.0,0.0,1.0,0.0,0.0
4,7,0.0,0.0,0.0,0.0,0.0,0.0,0.0,1.0,0.0,0.0
4,7,0.0,0.0,0.0,0.0,0.0,0.0,0.0,1.0,0.0,0.0
4,7,0.0,0.0,0.0,0.0,0.0,0.0,0.0,1.0,0.0,0.0
4,7,0.0,0.0,0.0,0.0,0.0,0.0,0.0,1.0,0.0,0.0
4,7,0.0,0.0,0.0,0.0,0.0,0.0,0.0,1.0,0.0,0.0
4,7,0.0,0.0,0.0,0.0,0.0,0.0,0.0,1.0,0.0,0.0
4,7,0.0,0.0,0.0,0.0,0.0,0.0,0.0,1.0,0.0,0.0
4,7,0.0,0.0,0.0,0.0,0.0,0.0,0.0,1.0,0.0,0.0
4,7,0.0,0.0,0.0,0.0,0.0,0.0,0.0,1.0,0.0,0.0
4,7,0.0,0.0,0.0,0.0,0.0,0.0,0.0,1.0,0.0,0.0
4,7,0.0,0.0,0.0,0.0,0.0,0.0,0.0,1.0,0.0,0.0
4,7,0.0,0.0,0.0,0.0,0.0,0.0,0.0,1.0,0.0,0.0
4,7,0.0,0.0,0.0,0.0,0.0,0.0,0.0,1.0,0.0,0.0
4,7,0.0,0.0,0.0,0.0,0.0,0.0,0.0,1.0,0.0,0.0
4,7,0.0,0.0,0.0,0.0,0.0,0.0,0.0,1.0,0.0,0.0
4,7,0.0,0.0,0.0,0.0,0.0,0.0,0.0,1.0,0.0,0.0
4,7,0.0,0.0,0.0,0.0,0.0,0.0,0.0,1.0,0.0,0.0
4,7,0.0,0.0,0.0,0.0,0.0,0.0,0.0,1.0,0.0,0.0
4,7,0.0,0.0,0.0,0.0,0.0,0.0,0.0,1.0,0.0,0.0
4,7,0.0,0.0,0.0,0.0,0.0,0.0,0.0,1.0,0.0,0.0
4,7,0.0,0.0,0.0,0.0,0.0,0.0,0.0,1.0,0.0,0.0
4,7,0.0,0.0,0.0,0.0,0.0,0.0,0.0,1.0,0.0,0.0
4,7,0.0,0.0,0.0,0.0,0.0,0.0,0.0,1.0,0.0,0.0
4,7,0.0,0.0,0.0,0.0,0.0,0.0,0.0,1.0,0.0,0.0
4,7,0.0,0.0,0.0,0.0,0.0,0.0,0.0,1.0,0.0,0.0
4,7,0.0,0.0,0.0,0.0,0.0,0.0,0.0,1.0,0.0,0.0
4,7,0.0,0.0,0.0,0.0,0.0,0.0,0.0,1.0,0.0,0.0
4,7,0.0,0.0,0.0,0.0,0.0,0.0,0.0,1.0,0.0,0.0
4,7,0.0,0.0,0.0,0.0,0.0,0.0,0.0,1.0,0.0,0.0
4,7,0.0,0.0,0.0,0.0,0.0,0.0,0.0,1.0,0.0,0.0
4,7,0.0,0.0,0.0,0.0,0.0,0.0,0.0,1.0,0.0,0.0
4,7,0.0,0.0,0.0,0.0,0.0,0.0,0.0,1.0,0.0,0.0
4,7,0.0,0.0,0.0,0.0,0.0,0.0,0.0,1.0,0.0,0.0
4,7,0.0,0.0,0.0,0.0,0.0,0.0,0.0,1.0,0.0,0.0
4,7,0.0,0.0,0.0,0.0,0.0,0.0,0.0,1.0,0.0,0.0
4,7,0.0,0.0,0.0,0.0,0.0,0.0,0.0,1.0,0.0,0.0
4,7,0.0,0.0,0.0,0.0,0.0,0.0,0.0,1.0,0.0,0.0
4,7,0.0,0.0,0.0,0.0,0.0,0.0,0.0,1.0,0.0,0.0
4,7,0.0,0.0,0.0,0.0,0.0,0.0,0.0,1.0,0.0,0.0
4,7,0.0,0.0,0.0,0.0,0.0,0.0,0.0,1.0,0.0,0.0
4,7,0.0,0.0,0.0,0.0,0.0,0.0,0.0,1.0,0.0,0.0
4,7,0.0,0.0,0.0,0.0,0.0,0.0,0.0,1.0,0.0,0.0
4,7,0.0,0.0,0.0,0.0,0.0,0.0,0.0,1.0,0.0,0.0
4,7,0.0,0.0,0.0,0.0,0.0,0.0,0.0,1.0,0.0,0.0
4,7,0.0,0.0,0.0,0.0,0.0,0.0,0.0,1.0,0.0,0.0
4,7,0.0,0.0,0.0,0.0,0.0,0.0,0.0,1.0,0.0,0.0
4,7,0.0,0.0,0.0,0.0,0.0,0.0,0.0,1.0,0.0,0.0
4,7,0.0,0.0,0.0,0.0,0.0,0.0,0.0,1.0,0.0,0.0
4,7,0.0,0.0,0.0,0.0,0.0,0.0,0.0,1.0,0.0,0.0
4,7,0.0,0.0,0.0,0.0,0.0,0.0,0.0,1.0,0.0,0.0
4,7,0.0,0.0,0.0,0.0,0.0,0.0,0.0,1.0,0.0,0.0
4,7,0.0,0.0,0.0,0.0,0.0,0.0,0.0,1.0,0.0,0.0
4,7,0.0,0.0,0.0,0.0,0.0,0.0,0.0,1.0,0.0,0.0
4,7,0.0,0.0,0.0,0.0,0.0,0.0,0.0,1.0,0.0,0.0
4,7,0.0,0.0,0.0,0.0,0.0,0.0,0.0,1.0,0.0,0.0
4,7,0.0,0.0,0.0,0.0,0.0,0.0,0.0,1.0,0.0,0.0
4,7,0.0,0.0,0.0,0.0,0.0,0.0,0.0,1.0,0.0,0.0
4,7,0.0,0.0,0.0,0.0,0.0,0.0,0.0,1.0,0.0,0.0
4,7,0.0,0.0,0.0,0.0,0.0,0.0,0.0,1.0,0.0,0.0
4,7,0.0,0.0,0.0,0.0,0.0,0.0,0.0,1.0,0.0,0.0
4,7,0.0,0.0,0.0,0.0,0.0,0.0,0.0,1.0,0.0,0.0
4,7,0.0,0.0,0.0,0.0,0.0,0.0,0.0,1.0,0.0,0.0
4,7,0.0,0.0,0.0,0.0,0.0,0.0,0.0,1.0,0.0,0.0
4,7,0.0,0.0,0.0,0.0,0.0,0.0,0.0,1.0,0.0,0.0
4,7,0.0,0.0,0.0,0.0,0.0,0.0,0.0,1.0,0.0,0.0
4,7,0.0,0.0,0.0,0.0,0.0,0.0,0.0,1.0,0.0,0.0
4,7,0.0,0.0,0.0,0.0,0.0,0.0,0.0,1.0,0.0,0.0
4,7,0.0,0.0,0.0,0.0,0.0,0.0,0.0,1.0,0.0,0.0
4,7,0.0,0.0,0.0,0.0,0.0,0.0,0.0,1.0,0.0,0.0
4,7,0.0,0.0,0.0,0.0,0.0,0.0,0.0,1.0,0.0,0.0
4,7,0.0,0.0,0.0,0.0,0.0,0.0,0.0,1.0,0.0,0.0
4,7,0.0,0.0,0.0,0.0,0.0,0.0,0.0,1.0,0.0,0.0
4,7,0.0,0.0,0.0,0.0,0.0,0.0,0.0,1.0,0.0,0.0
4,7,0.0,0.0,0.0,0.0,0.0,0.0,0.0,1.0,0.0,0.0
4,7,0.0,0.0,0.0,0.0,0.0,0.0,0.0,1.0,0.0,0.0
4,7,0.0,0.0,0.0,0.0,0.0,0.0,0.0,1.0,0.0,0.0
4,7,0.0,0.0,0.0,0.0,0.0,0.0,0.0,1.0,0.0,0.0
4,7,0.0,0.0,0.0,0.0,0.0,0.0,0.0,1.0,0.0,0.0
4,7,0.0,0.0,0.0,0.0,0.0,0.0,0.0,1.0,0.0,0.0
4,7,0.0,0.0,0.0,0.0,0.0,0.0,0.0,1.0,0.0,0.0
4,7,0.0,0.0,0.0,0.0,0.0,0.0,0.0,1.0,0.0,0.0
4,7,0.0,0.0,0.0,0.0,0.0,0.0,0.0,1.0,0.0,0.0
4,7,0.0,0.0,0.0,0.0,0.0,0.0,0.0,1.0,0.0,0.0
4,7,0.0,0.0,0.0,0.0,0.0,0.0,0.0,1.0,0.0,0.0
4,7,0.0,0.0,0.0,0.0,0.0,0.0,0.0,1.0,0.0,0.0
4,7,0.0,0.0,0.0,0.0,0.0,0.0,0.0,1.0,0.0,0.0
4,7,0.0,0.0,0.0,0.0,0.0,0.0,0.0,1.0,0.0,0.0
4,7,0.0,0.0,0.0,0.0,0.0,0.0,0.0,1.0,0.0,0.0
4,7,0.0,0.0,0.0,0.0,0.0,0.0,0.0,1.0,0.0,0.0
4,7,0.0,0.0,0.0,0.0,0.0,0.0,0.0,1.0,0.0,0.0
4,7,0.0,0.0,0.0,0.0,0.0,0.0,0.0,1.0,0.0,0.0
4,7,0.0,0.0,0.0,0.0,0.0,0.0,0.0,1.0,0.0,0.0
4,7,0.0,0.0,0.0,0.0,0.0,0.0,0.0,1.0,0.0,0.0
4,7,0.0,0.0,0.0,0.0,0.0,0.0,0.0,1.0,0.0,0.0
4,7,0.0,0.0,0.0,0.0,0.0,0.0,0.0,1.0,0.0,0.0
4,7,0.0,0.0,0.0,0.0,0.0,0.0,0.0,1.0,0.0,0.0
4,7,0.0,0.0,0.0,0.0,0.0,0.0,0.0,1.0,0.0,0.0
4,7,0.0,0.0,0.0,0.0,0.0,0.0,0.0,1.0,0.0,0.0
4,7,0.0,0.0,0.0,0.0,0.0,0.0,0.0,1.0,0.0,0.0
4,7,0.0,0.0,0.0,0.0,0.0,0.0,0.0,1.0,0.0,0.0
4,7,0.0,0.0,0.0,0.0,0.0,0.0,0.0,1.0,0.0,0.0
4,7,0.0,0.0,0.0,0.0,0.0,0.0,0.0,1.0,0.0,0.0
4,7,0.0,0.0,0.0,0.0,0.0,0.0,0.0,1.0,0.0,0.0
4,7,0.0,0.0,0.0,0.0,0.0,0.0,0.0,1.0,0.0,0.0
4,7,0.0,0.0,0.0,0.0,0.0,0.0,0.0,1.0,0.0,0.0
4,7,0.0,0.0,0.0,0.0,0.0,0.0,0.0,1.0,0.0,0.0
4,7,0.0,0.0,0.0,0.0,0.0,0.0,0.0,1.0,0.0,0.0
4,7,0.0,0.0,0.0,0.0,0.0,0.0,0.0,1.0,0.0,0.0
4,7,0.0,0.0,0.0,0.0,0.0,0.0,0.0,1.0,0.0,0.0
4,7,0.0,0.0,0.0,0.0,0.0,0.0,0.0,1.0,0.0,0.0
4,7,0.0,0.0,0.0,0.0,0.0,0.0,0.0,1.0,0.0,0.0
4,7,0.0,0.0,0.0,0.0,0.0,0.0,0.0,1.0,0.0,0.0
4,7,0.0,0.0,0.0,0.0,0.0,0.0,0.0,1.0,0.0,0.0
4,7,0.0,0.0,0.0,0.0,0.0,0.0,0.0,1.0,0.0,0.0
4,7,0.0,0.0,0.0,0.0,0.0,0.0,0.0,1.0,0.0,0.0
4,7,0.0,0.0,0.0,0.0,0.0,0.0,0.0,1.0,0.0,0.0
4,7,0.0,0.0,0.0,0.0,0.0,0.0,0.0,1.0,0.0,0.0
4,7,0.0,0.0,0.0,0.0,0.0,0.0,0.0,1.0,0.0,0.0
4,7,0.0,0.0,0.0,0.0,0.0,0.0,0.0,1.0,0.0,0.0
4,7,0.0,0.0,0.0,0.0,0.0,0.0,0.0,1.0,0.0,0.0
4,7,0.0,0.0,0.0,0.0,0.0,0.0,0.0,1.0,0.0,0.0
4,7,0.0,0.0,0.0,0.0,0.0,0.0,0.0,1.0,0.0,0.0
4,7,0.0,0.0,0.0,0.0,0.0,0.0,0.0,1.0,0.0,0.0
4,7,0.0,0.0,0.0,0.0,0.0,0.0,0.0,1.0,0.0,0.0
4,7,0.0,0.0,0.0,0.0,0.0,0.0,0.0,1.0,0.0,0.0
4,7,0.0,0.0,0.0,0.0,0.0,0.0,0.0,1.0,0.0,0.0
4,7,0.0,0.0,0.0,0.0,0.0,0.0,0.0,1.0,0.0,0.0
4,7,0.0,0.0,0.0,0.0,0.0,0.0,0.0,1.0,0.0,0.0
4,7,0.0,0.0,0.0,0.0,0.0,0.0,0.0,1.0,0.0,0.0
4,7,0.0,0.0,0.0,0.0,0.0,0.0,0.0,1.0,0.0,0.0
4,7,0.0,0.0,0.0,0.0,0.0,0.0,0.0,1.0,0.0,0.0
4,7,0.0,0.0,0.0,0.0,0.0,0.0,0.0,1.0,0.0,0.0
4,7,0.0,0.0,0.0,0.0,0.0,0.0,0.0,1.0,0.0,0.0
4,7,0.0,0.0,0.0,0.0,0.0,0.0,0.0,1.0,0.0,0.0
4,7,0.0,0.0,0.0,0.0,0.0,0.0,0.0,1.0,0.0,0.0
4,7,0.0,0.0,0.0,0.0,0.0,0.0,0.0,1.0,0.0,0.0
4,7,0.0,0.0,0.0,0.0,0.0,0.0,0.0,1.0,0.0,0.0
4,7,0.0,0.0,0.0,0.0,0.0,0.0,0.0,1.0,0.0,0.0
4,7,0.0,0.0,0.0,0.0,0.0,0.0,0.0,1.0,0.0,0.0
4,7,0.0,0.0,0.0,0.0,0.0,0.0,0.0,1.0,0.0,0.0
4,7,0.0,0.0,0.0,0.0,0.0,0.0,0.0,1.0,0.0,0.0
4,7,0.0,0.0,0.0,0.0,0.0,0.0,0.0,1.0,0.0,0.0
4,7,0.0,0.0,0.0,0.0,0.0,0.0,0.0,1.0,0.0,0.0
4,7,0.0,0.0,0.0,0.0,0.0,0.0,0.0,1.0,0.0,0.0
4,7,0.0,0.0,0.0,0.0,0.0,0.0,0.0,1.0,0.0,0.0
4,7,0.0,0.0,0.0,0.0,0.0,0.0,0.0,1.0,0.0,0.0
4,7,0.0,0.0,0.0,0.0,0.0,0.0,0.0,1.0,0.0,0.0
4,7,0.0,0.0,0.0,0.0,0.0,0.0,0.0,1.0,0.0,0.0
4,7,0.0,0.0,0.0,0.0,0.0,0.0,0.0,1.0,0.0,0.0
4,7,0.0,0.0,0.0,0.0,0.0,0.0,0.0,1.0,0.0,0.0
4,7,0.0,0.0,0.0,0.0,0.0,0.0,0.0,1.0,0.0,0.0
4,7,0.0,0.0,0.0,0.0,0.0,0.0,0.0,1.0,0.0,0.0
4,7,0.0,0.0,0.0,0.0,0.0,0.0,0.0,1.0,0.0,0.0
4,7,0.0,0.0,0.0,0.0,0.0,0.0,0.0,1.0,0.0,0.0
4,7,0.0,0.0,0.0,0.0,0.0,0.0,0.0,1.0,0.0,0.0
4,7,0.0,0.0,0.0,0.0,0.0,0.0,0.0,1.0,0.0,0.0
4,7,0.0,0.0,0.0,0.0,0.0,0.0,0.0,1.0,0.0,0.0
4,7,0.0,0.0,0.0,0.0,0.0,0.0,0.0,1.0,0.0,0.0
4,7,0.0,0.0,0.0,0.0,0.0,0.0,0.0,1.0,0.0,0.0
4,7,0.0,0.0,0.0,0.0,0.0,0.0,0.0,1.0,0.0,0.0
4,7,0.0,0.0,0.0,0.0,0.0,0.0,0.0,1.0,0.0,0.0
4,7,0.0,0.0,0.0,0.0,0.0,0.0,0.0,1.0,0.0,0.0
4,7,0.0,0.0,0.0,0.0,0.0,0.0,0.0,1.0,0.0,0.0
4,7,0.0,0.0,0.0,0.0,0.0,0.0,0.0,1.0,0.0,0.0
4,7,0.0,0.0,0.0,0.0,0.0,0.0,0.0,1.0,0.0,0.0
4,7,0.0,0.0,0.0,0.0,0.0,0.0,0.0,1.0,0.0,0.0
4,7,0.0,0.0,0.0,0.0,0.0,0.0,0.0,1.0,0.0,0.0
4,7,0.0,0.0,0.0,0.0,0.0,0.0,0.0,1.0,0.0,0.0
4,7,0.0,0.0,0.0,0.0,0.0,0.0,0.0,1.0,0.0,0.0
4,7,0.0,0.0,0.0,0.0,0.0,0.0,0.0,1.0,0.0,0.0
4,7,0.0,0.0,0.0,0.0,0.0,0.0,0.0,1.0,0.0,0.0
4,7,0.0,0.0,0.0,0.0,0.0,0.0,0.0,1.0,0.0,0.0
4,7,0.0,0.0,0.0,0.0,0.0,0.0,0.0,1.0,0.0,0.0
4,7,0.0,0.0,0.0,0.0,0.0,0.0,0.0,1.0,0.0,0.0
4,7,0.0,0.0,0.0,0.0,0.0,0.0,0.0,1.0,0.0,0.0
4,7,0.0,0.0,0.0,0.0,0.0,0.0,0.0,1.0,0.0,0.0
4,7,0.0,0.0,0.0,0.0,0.0,0.0,0.0,1.0,0.0,0.0
4,7,0.0,0.0,0.0,0.0,0.0,0.0,0.0,1.0,0.0,0.0
4,7,0.0,0.0,0.0,0.0,0.0,0.0,0.0,1.0,0.0,0.0
4,7,0.0,0.0,0.0,0.0,0.0,0.0,0.0,1.0,0.0,0.0
4,7,0.0,0.0,0.0,0.0,0.0,0.0,0.0,1.0,0.0,0.0
4,7,0.0,0.0,0.0,0.0,0.0,0.0,0.0,1.0,0.0,0.0
4,7,0.0,0.0,0.0,0.0,0.0,0.0,0.0,1.0,0.0,0.0
4,7,0.0,0.0,0.0,0.0,0.0,0.0,0.0,1.0,0.0,0.0
4,7,0.0,0.0,0.0,0.0,0.0,0.0,0.0,1.0,0.0,0.0
4,7,0.0,0.0,0.0,0.0,0.0,0.0,0.0,1.0,0.0,0.0
4,7,0.0,0.0,0.0,0.0,0.0,0.0,0.0,1.0,0.0,0.0
4,7,0.0,0.0,0.0,0.0,0.0,0.0,0.0,1.0,0.0,0.0
4,7,0.0,0.0,0.0,0.0,0.0,0.0,0.0,1.0,0.0,0.0
4,7,0.0,0.0,0.0,0.0,0.0,0.0,0.0,1.0,0.0,0.0
4,7,0.0,0.0,0.0,0.0,0.0,0.0,0.0,1.0,0.0,0.0
4,7,0.0,0.0,0.0,0.0,0.0,0.0,0.0,1.0,0.0,0.0
4,7,0.0,0.0,0.0,0.0,0.0,0.0,0.0,1.0,0.0,0.0
4,7,0.0,0.0,0.0,0.0,0.0,0.0,0.0,1.0,0.0,0.0
4,7,0.0,0.0,0.0,0.0,0.0,0.0,0.0,1.0,0.0,0.0
4,7,0.0,0.0,0.0,0.0,0.0,0.0,0.0,1.0,0.0,0.0
4,7,0.0,0.0,0.0,0.0,0.0,0.0,0.0,1.0,0.0,0.0
4,7,0.0,0.0,0.0,0.0,0.0,0.0,0.0,1.0,0.0,0.0
4,7,0.0,0.0,0.0,0.0,0.0,0.0,0.0,1.0,0.0,0.0
4,7,0.0,0.0,0.0,0.0,0.0,0.0,0.0,1.0,0.0,0.0
4,7,0.0,0.0,0.0,0.0,0.0,0.0,0.0,1.0,0.0,0.0
4,7,0.0,0.0,0.0,0.0,0.0,0.0,0.0,1.0,0.0,0.0
4,7,0.0,0.0,0.0,0.0,0.0,0.0,0.0,1.0,0.0,0.0
4,7,0.0,0.0,0.0,0.0,0.0,0.0,0.0,1.0,0.0,0.0
4,7,0.0,0.0,0.0,0.0,0.0,0.0,0.0,1.0,0.0,0.0
4,7,0.0,0.0,0.0,0.0,0.0,0.0,0.0,1.0,0.0,0.0
4,7,0.0,0.0,0.0,0.0,0.0,0.0,0.0,1.0,0.0,0.0
4,7,0.0,0.0,0.0,0.0,0.0,0.0,0.0,1.0,0.0,0.0
4,7,0.0,0.0,0.0,0.0,0.0,0.0,0.0,1.0,0.0,0.0
4,7,0.0,0.0,0.0,0.0,0.0,0.0,0.0,1.0,0.0,0.0
4,7,0.0,0.0,0.0,0.0,0.0,0.0,0.0,1.0,0.0,0.0
4,7,0.0,0.0,0.0,0.0,0.0,0.0,0.0,1.0,0.0,0.0
4,7,0.0,0.0,0.0,0.0,0.0,0.0,0.0,1.0,0.0,0.0
4,7,0.0,0.0,0.0,0.0,0.0,0.0,0.0,1.0,0.0,0.0
4,7,0.0,0.0,0.0,0.0,0.0,0.0,0.0,1.0,0.0,0.0
4,7,0.0,0.0,0.0,0.0,0.0,0.0,0.0,1.0,0.0,0.0
4,7,0.0,0.0,0.0,0.0,0.0,0.0,0.0,1.0,0.0,0.0
4,7,0.0,0.0,0.0,0.0,0.0,0.0,0.0,1.0,0.0,0.0
4,7,0.0,0.0,0.0,0.0,0.0,0.0,0.0,1.0,0.0,0.0
4,7,0.0,0.0,0.0,0.0,0.0,0.0,0.0,1.0,0.0,0.0
4,7,0.0,0.0,0.0,0.0,0.0,0.0,0.0,1.0,0.0,0.0
4,7,0.0,0.0,0.0,0.0,0.0,0.0,0.0,1.0,0.0,0.0
4,7,0.0,0.0,0.0,0.0,0.0,0.0,0.0,1.0,0.0,0.0
4,7,0.0,0.0,0.0,0.0,0.0,0.0,0.0,1.0,0.0,0.0
4,7,0.0,0.0,0.0,0.0,0.0,0.0,0.0,1.0,0.0,0.0
4,7,0.0,0.0,0.0,0.0,0.0,0.0,0.0,1.0,0.0,0.0
4,7,0.0,0.0,0.0,0.0,0.0,0.0,0.0,1.0,0.0,0.0
4,7,0.0,0.0,0.0,0.0,0.0,0.0,0.0,1.0,0.0,0.0
4,7,0.0,0.0,0.0,0.0,0.0,0.0,0.0,1.0,0.0,0.0
4,7,0.0,0.0,0.0,0.0,0.0,0.0,0.0,1.0,0.0,0.0
4,7,0.0,0.0,0.0,0.0,0.0,0.0,0.0,1.0,0.0,0.0
4,7,0.0,0.0,0.0,0.0,0.0,0.0,0.0,1.0,0.0,0.0
4,7,0.0,0.0,0.0,0.0,0.0,0.0,0.0,1.0,0.0,0.0
4,7,0.0,0.0,0.0,0.0,0.0,0.0,0.0,1.0,0.0,0.0
4,7,0.0,0.0,0.0,0.0,0.0,0.0,0.0,1.0,0.0,0.0
4,7,0.0,0.0,0.0,0.0,0.0,0.0,0.0,1.0,0.0,0.0
4,7,0.0,0.0,0.0,0.0,0.0,0.0,0.0,1.0,0.0,0.0
4,7,0.0,0.0,0.0,0.0,0.0,0.0,0.0,1.0,0.0,0.0
4,7,0.0,0.0,0.0,0.0,0.0,0.0,0.0,1.0,0.0,0.0
4,7,0.0,0.0,0.0,0.0,0.0,0.0,0.0,1.0,0.0,0.0
4,7,0.0,0.0,0.0,0.0,0.0,0.0,0.0,1.0,0.0,0.0
4,7,0.0,0.0,0.0,0.0,0.0,0.0,0.0,1.0,0.0,0.0
4,7,0.0,0.0,0.0,0.0,0.0,0.0,0.0,1.0,0.0,0.0
4,7,0.0,0.0,0.0,0.0,0.0,0.0,0.0,1.0,0.0,0.0
4,7,0.0,0.0,0.0,0.0,0.0,0.0,0.0,1.0,0.0,0.0
4,7,0.0,0.0,0.0,0.0,0.0,0.0,0.0,1.0,0.0,0.0
4,7,0.0,0.0,0.0,0.0,0.0,0.0,0.0,1.0,0.0,0.0
4,7,0.0,0.0,0.0,0.0,0.0,0.0,0.0,1.0,0.0,0.0
4,7,0.0,0.0,0.0,0.0,0.0,0.0,0.0,1.0,0.0,0.0
4,7,0.0,0.0,0.0,0.0,0.0,0.0,0.0,1.0,0.0,0.0
4,7,0.0,0.0,0.0,0.0,0.0,0.0,0.0,1.0,0.0,0.0
4,7,0.0,0.0,0.0,0.0,0.0,0.0,0.0,1.0,0.0,0.0
4,7,0.0,0.0,0.0,0.0,0.0,0.0,0.0,1.0,0.0,0.0
4,7,0.0,0.0,0.0,0.0,0.0,0.0,0.0,1.0,0.0,0.0
4,7,0.0,0.0,0.0,0.0,0.0,0.0,0.0,1.0,0.0,0.0
4,7,0.0,0.0,0.0,0.0,0.0,0.0,0.0,1.0,0.0,0.0
4,7,0.0,0.0,0.0,0.0,0.0,0.0,0.0,1.0,0.0,0.0
4,7,0.0,0.0,0.0,0.0,0.0,0.0,0.0,1.0,0.0,0.0
4,7,0.0,0.0,0.0,0.0,0.0,0.0,0.0,1.0,0.0,0.0
4,7,0.0,0.0,0.0,0.0,0.0,0.0,0.0,1.0,0.0,0.0
4,7,0.0,0.0,0.0,0.0,0.0,0.0,0.0,1.0,0.0,0.0
4,7,0.0,0.0,0.0,0.0,0.0,0.0,0.0,1.0,0.0,0.0
4,7,0.0,0.0,0.0,0.0,0.0,0.0,0.0,1.0,0.0,0.0
4,7,0.0,0.0,0.0,0.0,0.0,0.0,0.0,1.0,0.0,0.0
4,7,0.0,0.0,0.0,0.0,0.0,0.0,0.0,1.0,0.0,0.0
4,7,0.0,0.0,0.0,0.0,0.0,0.0,0.0,1.0,0.0,0.0
4,7,0.0,0.0,0.0,0.0,0.0,0.0,0.0,1.0,0.0,0.0
4,7,0.0,0.0,0.0,0.0,0.0,0.0,0.0,1.0,0.0,0.0
4,7,0.0,0.0,0.0,0.0,0.0,0.0,0.0,1.0,0.0,0.0
4,7,0.0,0.0,0.0,0.0,0.0,0.0,0.0,1.0,0.0,0.0
4,7,0.0,0.0,0.0,0.0,0.0,0.0,0.0,1.0,0.0,0.0
4,7,0.0,0.0,0.0,0.0,0.0,0.0,0.0,1.0,0.0,0.0
4,7,0.0,0.0,0.0,0.0,0.0,0.0,0.0,1.0,0.0,0.0
4,7,0.0,0.0,0.0,0.0,0.0,0.0,0.0,1.0,0.0,0.0
4,7,0.0,0.0,0.0,0.0,0.0,0.0,0.0,1.0,0.0,0.0
4,7,0.0,0.0,0.0,0.0,0.0,0.0,0.0,1.0,0.0,0.0
4,7,0.0,0.0,0.0,0.0,0.0,0.0,0.0,1.0,0.0,0.0
4,7,0.0,0.0,0.0,0.0,0.0,0.0,0.0,1.0,0.0,0.0
4,7,0.0,0.0,0.0,0.0,0.0,0.0,0.0,1.0,0.0,0.0
4,7,0.0,0.0,0.0,0.0,0.0,0.0,0.0,1.0,0.0,0.0
4,7,0.0,0.0,0.0,0.0,0.0,0.0,0.0,1.0,0.0,0.0
4,7,0.0,0.0,0.0,0.0,0.0,0.0,0.0,1.0,0.0,0.0
4,7,0.0,0.0,0.0,0.0,0.0,0.0,0.0,1.0,0.0,0.0
4,7,0.0,0.0,0.0,0.0,0.0,0.0,0.0,1.0,0.0,0.0
4,7,0.0,0.0,0.0,0.0,0.0,0.0,0.0,1.0,0.0,0.0
4,7,0.0,0.0,0.0,0.0,0.0,0.0,0.0,1.0,0.0,0.0
4,7,0.0,0.0,0.0,0.0,0.0,0.0,0.0,1.0,0.0,0.0
4,7,0.0,0.0,0.0,0.0,0.0,0.0,0.0,1.0,0.0,0.0
4,7,0.0,0.0,0.0,0.0,0.0,0.0,0.0,1.0,0.0,0.0
4,7,0.0,0.0,0.0,0.0,0.0,0.0,0.0,1.0,0.0,0.0
4,7,0.0,0.0,0.0,0.0,0.0,0.0,0.0,1.0,0.0,0.0
4,7,0.0,0.0,0.0,0.0,0.0,0.0,0.0,1.0,0.0,0.0
4,7,0.0,0.0,0.0,0.0,0.0,0.0,0.0,1.0,0.0,0.0
4,7,0.0,0.0,0.0,0.0,0.0,0.0,0.0,1.0,0.0,0.0
4,7,0.0,0.0,0.0,0.0,0.0,0.0,0.0,1.0,0.0,0.0
4,7,0.0,0.0,0.0,0.0,0.0,0.0,0.0,1.0,0.0,0.0
4,7,0.0,0.0,0.0,0.0,0.0,0.0,0.0,1.0,0.0,0.0
4,7,0.0,0.0,0.0,0.0,0.0,0.0,0.0,1.0,0.0,0.0
4,7,0.0,0.0,0.0,0.0,0.0,0.0,0.0,1.0,0.0,0.0
4,7,0.0,0.0,0.0,0.0,0.0,0.0,0.0,1.0,0.0,0.0
4,7,0.0,0.0,0.0,0.0,0.0,0.0,0.0,1.0,0.0,0.0
4,7,0.0,0.0,0.0,0.0,0.0,0.0,0.0,1.0,0.0,0.0
4,7,0.0,0.0,0.0,0.0,0.0,0.0,0.0,1.0,0.0,0.0
4,7,0.0,0.0,0.0,0.0,0.0,0.0,0.0,1.0,0.0,0.0
4,7,0.0,0.0,0.0,0.0,0.0,0.0,0.0,1.0,0.0,0.0
4,7,0.0,0.0,0.0,0.0,0.0,0.0,0.0,1.0,0.0,0.0
4,7,0.0,0.0,0.0,0.0,0.0,0.0,0.0,1.0,0.0,0.0
4,7,0.0,0.0,0.0,0.0,0.0,0.0,0.0,1.0,0.0,0.0
4,7,0.0,0.0,0.0,0.0,0.0,0.0,0.0,1.0,0.0,0.0
4,7,0.0,0.0,0.0,0.0,0.0,0.0,0.0,1.0,0.0,0.0
4,7,0.0,0.0,0.0,0.0,0.0,0.0,0.0,1.0,0.0,0.0
4,7,0.0,0.0,0.0,0.0,0.0,0.0,0.0,1.0,0.0,0.0
4,7,0.0,0.0,0.0,0.0,0.0,0.0,0.0,1.0,0.0,0.0
4,7,0.0,0.0,0.0,0.0,0.0,0.0,0.0,1.0,0.0,0.0
4,7,0.0,0.0,0.0,0.0,0.0,0.0,0.0,1.0,0.0,0.0
4,7,0.0,0.0,0.0,0.0,0.0,0.0,0.0,1.0,0.0,0.0
4,7,0.0,0.0,0.0,0.0,0.0,0.0,0.0,1.0,0.0,0.0
4,7,0.0,0.0,0.0,0.0,0.0,0.0,0.0,1.0,0.0,0.0
4,7,0.0,0.0,0.0,0.0,0.0,0.0,0.0,1.0,0.0,0.0
4,7,0.0,0.0,0.0,0.0,0.0,0.0,0.0,1.0,0.0,0.0
4,7,0.0,0.0,0.0,0.0,0.0,0.0,0.0,1.0,0.0,0.0
4,7,0.0,0.0,0.0,0.0,0.0,0.0,0.0,1.0,0.0,0.0
4,7,0.0,0.0,0.0,0.0,0.0,0.0,0.0,1.0,0.0,0.0
4,7,0.0,0.0,0.0,0.0,0.0,0.0,0.0,1.0,0.0,0.0
4,7,0.0,0.0,0.0,0.0,0.0,0.0,0.0,1.0,0.0,0.0
4,7,0.0,0.0,0.0,0.0,0.0,0.0,0.0,1.0,0.0,0.0
4,7,0.0,0.0,0.0,0.0,0.0,0.0,0.0,1.0,0.0,0.0
4,7,0.0,0.0,0.0,0.0,0.0,0.0,0.0,1.0,0.0,0.0
4,7,0.0,0.0,0.0,0.0,0.0,0.0,0.0,1.0,0.0,0.0
4,7,0.0,0.0,0.0,0.0,0.0,0.0,0.0,1.0,0.0,0.0
4,7,0.0,0.0,0.0,0.0,0.0,0.0,0.0,1.0,0.0,0.0
4,7,0.0,0.0,0.0,0.0,0.0,0.0,0.0,1.0,0.0,0.0
4,7,0.0,0.0,0.0,0.0,0.0,0.0,0.0,1.0,0.0,0.0
4,7,0.0,0.0,0.0,0.0,0.0,0.0,0.0,1.0,0.0,0.0
4,7,0.0,0.0,0.0,0.0,0.0,0.0,0.0,1.0,0.0,0.0
4,7,0.0,0.0,0.0,0.0,0.0,0.0,0.0,1.0,0.0,0.0
4,7,0.0,0.0,0.0,0.0,0.0,0.0,0.0,1.0,0.0,0.0
4,7,0.0,0.0,0.0,0.0,0.0,0.0,0.0,1.0,0.0,0.0
4,7,0.0,0.0,0.0,0.0,0.0,0.0,0.0,1.0,0.0,0.0
4,7,0.0,0.0,0.0,0.0,0.0,0.0,0.0,1.0,0.0,0.0
4,7,0.0,0.0,0.0,0.0,0.0,0.0,0.0,1.0,0.0,0.0
4,7,0.0,0.0,0.0,0.0,0.0,0.0,0.0,1.0,0.0,0.0
4,7,0.0,0.0,0.0,0.0,0.0,0.0,0.0,1.0,0.0,0.0
4,7,0.0,0.0,0.0,0.0,0.0,0.0,0.0,1.0,0.0,0.0
4,7,0.0,0.0,0.0,0.0,0.0,0.0,0.0,1.0,0.0,0.0
4,7,0.0,0.0,0.0,0.0,0.0,0.0,0.0,1.0,0.0,0.0
4,7,0.0,0.0,0.0,0.0,0.0,0.0,0.0,1.0,0.0,0.0
4,7,0.0,0.0,0.0,0.0,0.0,0.0,0.0,1.0,0.0,0.0
4,7,0.0,0.0,0.0,0.0,0.0,0.0,0.0,1.0,0.0,0.0
4,7,0.0,0.0,0.0,0.0,0.0,0.0,0.0,1.0,0.0,0.0
4,7,0.0,0.0,0.0,0.0,0.0,0.0,0.0,1.0,0.0,0.0
4,7,0.0,0.0,0.0,0.0,0.0,0.0,0.0,0.93994856,0.0,0.060051464
4,7,0.0,0.0,0.0,0.0,0.0,0.0,0.0,0.93994856,0.0,0.060051464
4,7,0.0,0.0,0.0,0.0,0.0,0.0,0.0,0.93994856,0.0,0.060051464
4,7,0.0,0.0,0.0,0.0,0.0,0.0,0.0,0.93994856,0.0,0.060051464
4,7,0.0,0.0,0.0,0.0,0.0,0.0,0.0,0.93994856,0.0,0.060051464
4,7,0.0,0.0,0.0,0.0,0.0,0.0,0.0,0.93994856,0.0,0.060051464
4,7,0.0,0.0,0.0,0.0,0.0,0.0,0.0,0.93994856,0.0,0.060051464
4,7,0.0,0.0,0.0,0.0,0.0,0.0,0.0,0.93994856,0.0,0.060051464
4,7,0.0,0.0,0.0,0.0,0.0,0.0,0.0,0.93994856,0.0,0.060051464
4,7,0.0,0.0,0.0,0.0,0.0,0.0,0.0,0.93994856,0.0,0.060051464
4,7,0.0,0.0,0.0,0.0,0.0,0.0,0.0,0.93994856,0.0,0.060051464
4,7,0.0,0.0,0.0,0.0,0.0,0.0,0.0,0.93994856,0.0,0.060051464
4,7,0.0,0.0,0.0,0.0,0.0,0.0,0.0,0.93994856,0.0,0.060051464
4,7,0.0,0.0,0.0,0.0,0.0,0.0,0.0,0.93994856,0.0,0.060051464
4,7,0.0,0.0,0.0,0.0,0.0,0.0,0.0,0.93994856,0.0,0.060051464
4,7,0.0,0.0,0.0,0.0,0.0,0.0,0.0,0.93994856,0.0,0.060051464
4,7,0.0,0.0,0.0,0.0,0.0,0.0,0.0,0.93994856,0.0,0.060051464
4,7,0.0,0.0,0.0,0.0,0.0,0.0,0.0,0.93994856,0.0,0.060051464
4,7,0.0,0.0,0.0,0.0,0.0,0.0,0.0,0.93994856,0.0,0.060051464
4,7,0.0,0.0,0.0,0.0,0.0,0.0,0.0,0.93994856,0.0,0.060051464
4,7,0.0,0.0,0.0,0.0,0.0,0.0,0.0,0.93994856,0.0,0.060051464
4,7,0.0,0.0,0.0,0.0,0.0,0.0,0.0,0.93994856,0.0,0.060051464
4,7,0.0,0.0,0.0,0.0,0.0,0.0,0.0,0.93994856,0.0,0.060051464
4,7,0.0,0.0,0.0,0.0,0.0,0.0,0.0,0.93994856,0.0,0.060051464
4,7,0.0,0.0,0.0,0.0,0.0,0.0,0.0,0.93994856,0.0,0.060051464
4,7,0.0,0.0,0.0,0.0,0.0,0.0,0.0,0.93994856,0.0,0.060051464
4,7,0.0,0.0,0.0,0.0,0.0,0.0,0.0,0.93994856,0.0,0.060051464
4,7,0.0,0.0,0.0,0.0,0.0,0.0,0.0,0.93994856,0.0,0.060051464
4,7,0.0,0.0,0.0,0.0,0.0,0.0,0.0,0.93994856,0.0,0.060051464
4,7,0.0,0.0,0.0,0.0,0.0,0.0,0.0,0.93994856,0.0,0.060051464
4,7,0.0,0.0,0.0,0.0,0.0,0.0,0.0,0.8741121,0.0,0.12588789
4,7,0.0,0.0,0.0,0.0,0.0,0.0,0.0,0.8741121,0.0,0.12588789
4,7,0.0,0.0,0.0,0.0,0.0,0.0,0.0,0.8741121,0.0,0.12588789
4,7,0.0,0.0,0.0,0.0,0.0,0.0,0.0,0.8741121,0.0,0.12588789
4,7,0.0,0.0,0.0,0.0,0.0,0.0,0.0,0.8741121,0.0,0.12588789
4,7,0.0,0.0,0.0,0.0,0.0,0.0,0.0,0.8741121,0.0,0.12588789
4,7,0.0,0.0,0.0,0.0,0.0,0.0,0.0,0.81455207,0.0,0.18544795
4,7,0.0,0.0,0.0,0.0,0.0,0.0,0.0,0.81455207,0.0,0.18544795
4,7,0.0,0.0,0.0,0.0,0.0,0.0,0.0,0.81455207,0.0,0.18544795
4,7,0.0,0.0,0.0,0.0,0.0,0.0,0.0,0.81455207,0.0,0.18544795
4,7,0.0,0.0,0.0,0.0,0.0,0.0,0.0,0.81455207,0.0,0.18544795
4,7,0.0,0.0,0.0,0.0,0.0,0.0,0.0,0.81455207,0.0,0.18544795
4,7,0.0,0.0,0.0,0.0,0.0,0.0,0.0,0.81455207,0.0,0.18544795
4,7,0.0,0.0,0.0,0.0,0.0,0.0,0.0,0.81455207,0.0,0.18544795
4,7,0.0,0.0,0.0,0.0,0.0,0.0,0.0,0.81455207,0.0,0.18544795
4,7,0.0,0.0,0.0,0.0,0.0,0.0,0.0,0.81455207,0.0,0.18544795
4,7,0.0,0.0,0.0,0.0,0.0,0.0,0.0,0.81455207,0.0,0.18544795
4,7,0.0,0.0,0.0,0.0,0.0,0.0,0.0,0.81455207,0.0,0.18544795
4,7,0.0,0.0,0.0,0.0,0.0,0.0,0.0,0.81455207,0.0,0.18544795
4,7,0.0,0.0,0.0,0.0,0.0,0.0,0.0,0.81455207,0.0,0.18544795
4,7,0.0,0.0,0.0,0.0,0.0,0.0,0.0,0.81455207,0.0,0.18544795
4,7,0.0,0.0,0.0,0.0,0.0,0.0,0.0,0.81455207,0.0,0.18544795
4,7,0.0,0.0,0.0,0.0,0.0,0.0,0.0,0.81455207,0.0,0.18544795
4,7,0.0,0.0,0.0,0.0,0.0,0.0,0.0,0.81455207,0.0,0.18544795
4,7,0.0,0.0,0.0,0.0,0.0,0.0,0.0,0.81455207,0.0,0.18544795
4,7,0.0,0.0,0.0,0.0,0.0,0.0,0.0,0.81455207,0.0,0.18544795
4,7,0.0,0.0,0.0,0.0,0.0,0.0,0.0,0.81455207,0.0,0.18544795
4,7,0.0,0.0,0.0,0.0,0.0,0.0,0.0,0.81455207,0.0,0.18544795
4,7,0.0,0.0,0.0,0.0,0.0,0.0,0.0,0.81455207,0.0,0.18544795
4,7,0.0,0.0,0.0,0.0,0.0,0.0,0.0,0.81455207,0.0,0.18544795
4,7,0.0,0.0,0.0,0.0,0.0,0.0,0.0,0.7529553,0.0,0.24704467
4,7,0.0,0.0,0.0,0.0,0.0,0.0,0.0,0.7529553,0.0,0.24704467
4,7,0.0,0.0,0.0,0.0,0.0,0.0,0.0,0.7529553,0.0,0.24704467
4,7,0.0,0.0,0.0,0.0,0.0,0.0,0.0,0.7529553,0.0,0.24704467
4,7,0.0,0.0,0.0,0.0,0.0,0.0,0.0,0.7529553,0.0,0.24704467
4,7,0.0,0.0,0.0,0.0,0.0,0.0,0.0,0.7529553,0.0,0.24704467
4,7,0.0,0.0,0.0,0.0,0.0,0.0,0.0,0.7529553,0.0,0.24704467
4,7,0.0,0.0,0.0,0.0,0.0,0.0,0.0,0.7529553,0.0,0.24704467
4,7,0.06428982,0.0,0.0,0.0,0.0,0.0,0.0,0.6302294,0.0,0.30548078
4,7,0.06428982,0.0,0.0,0.0,0.0,0.0,0.0,0.6302294,0.0,0.30548078
4,7,0.06428982,0.0,0.0,0.0,0.0,0.0,0.0,0.6302294,0.0,0.30548078
4,7,0.06428982,0.0,0.0,0.0,0.0,0.0,0.0,0.6302294,0.0,0.30548078
4,7,0.06428982,0.0,0.0,0.0,0.0,0.0,0.0,0.6302294,0.0,0.30548078
4,7,0.06428982,0.0,0.0,0.0,0.0,0.0,0.0,0.6302294,0.0,0.30548078
4,7,0.06428982,0.0,0.0,0.0,0.0,0.0,0.0,0.6302294,0.0,0.30548078
4,7,0.06428982,0.0,0.0,0.0,0.0,0.0,0.0,0.6302294,0.0,0.30548078
4,7,0.06428982,0.0,0.0,0.0,0.0,0.0,0.0,0.6302294,0.0,0.30548078
4,7,0.06428982,0.0,0.0,0.0,0.0,0.0,0.0,0.6302294,0.0,0.30548078
4,7,0.06428982,0.0,0.0,0.0,0.0,0.0,0.0,0.6302294,0.0,0.30548078
4,7,0.06428982,0.0,0.0,0.0,0.0,0.0,0.0,0.6302294,0.0,0.30548078
4,7,0.06428982,0.0,0.0,0.0,0.0,0.0,0.0,0.566809,0.0,0.3689012
4,7,0.06428982,0.0,0.0,0.0,0.0,0.0,0.0,0.566809,0.0,0.3689012
4,7,0.06428982,0.0,0.0,0.0,0.0,0.0,0.0,0.566809,0.0,0.3689012
4,7,0.06428982,0.0,0.0,0.0,0.0,0.0,0.0,0.566809,0.0,0.3689012
4,9,0.06428982,0.0,0.0,0.0,0.0,0.0,0.0,0.4388387,0.0,0.4968715
4,9,0.06428982,0.0,0.0,0.0,0.0,0.0,0.0,0.4388387,0.0,0.4968715
4,9,0.06428982,0.0,0.0,0.0,0.0,0.0,0.0,0.4388387,0.0,0.4968715
4,9,0.06428982,0.0,0.0,0.0,0.0,0.0,0.0,0.4388387,0.0,0.4968715
4,9,0.06428982,0.0,0.0,0.0,0.0,0.0,0.0,0.4388387,0.0,0.4968715
4,9,0.06428982,0.0,0.0,0.0,0.0,0.0,0.0,0.4388387,0.0,0.4968715
4,9,0.06428982,0.0,0.0,0.0,0.0,0.0,0.0,0.4388387,0.0,0.4968715
4,9,0.06428982,0.0,0.0,0.0,0.0,0.0,0.0,0.4388387,0.0,0.4968715
4,9,0.06428982,0.0,0.0,0.0,0.0,0.0,0.0,0.4388387,0.0,0.4968715
4,9,0.06428982,0.0,0.0,0.0,0.0,0.0,0.0,0.4388387,0.0,0.4968715
4,9,0.06428982,0.0,0.0,0.0,0.0,0.0,0.0,0.4388387,0.0,0.4968715
4,9,0.06428982,0.0,0.0,0.0,0.0,0.0,0.0,0.4388387,0.0,0.4968715
4,9,0.06428982,0.0,0.0,0.0,0.0,0.0,0.0,0.4388387,0.0,0.4968715
4,9,0.06428982,0.0,0.0,0.0,0.0,0.0,0.0,0.4388387,0.0,0.4968715
4,9,0.06428982,0.0,0.0,0.0,0.0,0.0,0.0,0.4388387,0.0,0.4968715
4,9,0.06428982,0.0,0.0,0.0,0.0,0.0,0.0,0.4388387,0.0,0.4968715
4,9,0.06428982,0.0,0.0,0.0,0.0,0.0,0.0,0.4388387,0.0,0.4968715
4,9,0.06428982,0.0,0.0,0.0,0.0,0.0,0.0,0.4388387,0.0,0.4968715
4,9,0.06428982,0.0,0.0,0.0,0.0,0.0,0.0,0.37859783,0.0,0.5571124
4,9,0.06428982,0.0,0.0,0.0,0.0,0.0,0.0,0.37859783,0.0,0.5571124
4,9,0.06428982,0.0,0.0,0.0,0.0,0.0,0.0,0.37859783,0.0,0.5571124
4,9,0.06428982,0.0,0.0,0.0,0.0,0.0,0.0,0.37859783,0.0,0.5571124
4,9,0.06428982,0.0,0.0,0.0,0.0,0.0,0.0,0.37859783,0.0,0.5571124
4,9,0.06428982,0.0,0.0,0.0,0.0,0.0,0.0,0.37859783,0.0,0.5571124
4,9,0.064289816,0.0,0.0,0.0,0.0,0.067685716,0.0,0.1830871,0.0,0.68493736
4,9,0.064289816,0.0,0.0,0.0,0.0,0.067685716,0.0,0.1830871,0.0,0.68493736
4,9,0.064289816,0.0,0.0,0.0,0.0,0.067685716,0.0,0.1830871,0.0,0.68493736
4,9,0.064289816,0.0,0.0,0.0,0.0,0.067685716,0.0,0.1830871,0.0,0.68493736
4,9,0.064289816,0.0,0.0,0.0,0.0,0.067685716,0.0,0.1830871,0.0,0.68493736
4,9,0.064289816,0.0,0.0,0.0,0.0,0.067685716,0.0,0.1830871,0.0,0.68493736
4,9,0.064289816,0.0,0.0,0.0,0.0,0.067685716,0.0,0.1830871,0.0,0.68493736
4,9,0.064289816,0.0,0.0,0.0,0.0,0.067685716,0.0,0.1830871,0.0,0.68493736
4,9,0.064289816,0.0,0.0,0.0,0.0,0.067685716,0.0,0.1830871,0.0,0.68493736
4,9,0.064289816,0.0,0.0,0.0,0.0,0.067685716,0.0,0.1830871,0.0,0.68493736
4,9,0.064289816,0.0,0.0,0.0,0.0,0.067685716,0.0,0.1830871,0.0,0.68493736
4,9,0.064289816,0.0,0.0,0.0,0.0,0.067685716,0.0,0.1830871,0.0,0.68493736
4,9,0.064289816,0.0,0.0,0.0,0.0,0.067685716,0.0,0.1830871,0.0,0.68493736
4,9,0.064289816,0.0,0.0,0.0,0.0,0.067685716,0.0,0.1830871,0.0,0.68493736
4,9,0.064289816,0.0,0.0,0.0,0.0,0.067685716,0.0,0.1830871,0.0,0.68493736
4,9,0.064289816,0.0,0.0,0.0,0.0,0.067685716,0.0,0.1830871,0.0,0.68493736
4,9,0.064289816,0.0,0.0,0.0,0.0,0.067685716,0.0,0.1830871,0.0,0.68493736
4,9,0.064289816,0.0,0.0,0.0,0.0,0.067685716,0.0,0.1830871,0.0,0.68493736
4,9,0.064289816,0.0,0.0,0.0,0.0,0.067685716,0.0,0.1830871,0.0,0.68493736
4,9,0.064289816,0.0,0.0,0.0,0.0,0.067685716,0.0,0.1830871,0.0,0.68493736
4,9,0.064289816,0.0,0.0,0.0,0.0,0.067685716,0.0,0.1830871,0.0,0.68493736
4,9,0.064289816,0.0,0.0,0.0,0.0,0.067685716,0.0,0.1830871,0.0,0.68493736
4,9,0.064289816,0.0,0.0,0.0,0.0,0.067685716,0.0,0.1830871,0.0,0.68493736
4,9,0.064289816,0.0,0.0,0.0,0.0,0.067685716,0.0,0.1830871,0.0,0.68493736
4,9,0.064289816,0.0,0.0,0.0,0.0,0.067685716,0.0,0.1830871,0.0,0.68493736
4,9,0.064289816,0.0,0.0,0.0,0.0,0.067685716,0.0,0.1830871,0.0,0.68493736
4,9,0.064289816,0.0,0.0,0.0,0.0,0.067685716,0.0,0.1830871,0.0,0.68493736
4,9,0.064289816,0.0,0.0,0.0,0.0,0.067685716,0.0,0.1830871,0.0,0.68493736
4,9,0.064289816,0.0,0.0,0.0,0.0,0.067685716,0.0,0.1830871,0.0,0.68493736
4,9,0.064289816,0.0,0.0,0.0,0.0,0.067685716,0.0,0.1830871,0.0,0.68493736
4,9,0.064289816,0.0,0.0,0.0,0.0,0.067685716,0.0,0.1830871,0.0,0.68493736
4,9,0.064289816,0.0,0.0,0.0,0.0,0.067685716,0.0,0.1830871,0.0,0.68493736
4,9,0.064289816,0.0,0.0,0.0,0.0,0.067685716,0.0,0.1830871,0.0,0.68493736
4,9,0.064289816,0.0,0.0,0.0,0.0,0.067685716,0.0,0.1830871,0.0,0.68493736
4,9,0.064289816,0.0,0.0,0.0,0.0,0.067685716,0.0,0.1830871,0.0,0.68493736
4,9,0.064289816,0.0,0.0,0.0,0.0,0.067685716,0.0,0.1830871,0.0,0.68493736
4,9,0.06428982,0.0,0.0,0.0,0.0,0.06768572,0.06583643,0.18308711,0.0,0.6191009
4,9,0.06428982,0.0,0.0,0.0,0.0,0.06768572,0.06583643,0.18308711,0.0,0.6191009
3,9,0.06428982,0.0,0.0,0.0,0.0,0.06768572,0.06583643,0.18308711,0.0,0.6191009
3,9,0.06428982,0.0,0.0,0.0,0.0,0.06768572,0.06583643,0.18308711,0.0,0.6191009
3,9,0.06428982,0.0,0.0,0.0,0.0,0.06768572,0.06583643,0.18308711,0.0,0.6191009
3,9,0.06428982,0.0,0.0,0.0,0.0,0.06768572,0.06583643,0.18308711,0.0,0.6191009
3,9,0.06428982,0.0,0.0,0.0,0.0,0.06768572,0.12825844,0.120665096,0.0,0.6191009
3,9,0.06428982,0.0,0.0,0.0,0.0,0.06768572,0.12825844,0.120665096,0.0,0.6191009
3,9,0.06428982,0.0,0.0,0.0,0.0,0.06768572,0.12825844,0.120665096,0.0,0.6191009
3,9,0.06428982,0.0,0.0,0.0,0.0,0.06768572,0.12825844,0.120665096,0.0,0.6191009
3,9,0.06428982,0.0,0.0,0.0,0.0,0.06768572,0.12825844,0.120665096,0.0,0.6191009
3,9,0.06428982,0.0,0.0,0.0,0.0,0.06768572,0.12825844,0.120665096,0.0,0.6191009
3,9,0.06428982,0.0,0.0,0.0,0.0,0.06768572,0.12825844,0.120665096,0.0,0.6191009
3,9,0.06428982,0.0,0.0,0.0,0.0,0.06768572,0.12825844,0.120665096,0.0,0.6191009
3,9,0.06428982,0.0,0.0,0.0,0.0,0.06768572,0.12825844,0.120665096,0.0,0.6191009
3,9,0.06428982,0.0,0.0,0.0,0.0,0.06768572,0.12825844,0.120665096,0.0,0.6191009
3,9,0.06428982,0.0,0.0,0.0,0.0,0.06768572,0.12825844,0.120665096,0.0,0.6191009
3,9,0.06428982,0.0,0.0,0.0,0.0,0.06768572,0.12825844,0.120665096,0.0,0.6191009
3,9,0.06428982,0.0,0.0,0.0,0.0,0.06768572,0.12825844,0.120665096,0.0,0.6191009
3,9,0.06428982,0.0,0.0,0.0,0.0,0.06768572,0.12825844,0.120665096,0.0,0.6191009
3,9,0.06428982,0.0,0.0,0.0,0.0,0.06768572,0.12825844,0.120665096,0.0,0.6191009
3,9,0.06428982,0.0,0.0,0.0,0.0,0.06768572,0.12825844,0.120665096,0.0,0.6191009
3,9,0.06428982,0.0,0.0,0.0,0.0,0.06768572,0.12825844,0.120665096,0.0,0.6191009
3,9,0.06428982,0.0,0.0,0.0,0.0,0.06768572,0.12825844,0.120665096,0.0,0.6191009
3,9,0.06428982,0.0,0.0,0.0,0.0,0.06768572,0.12825844,0.120665096,0.0,0.6191009
3,9,0.06428982,0.0,0.0,0.0,0.0,0.06768572,0.12825844,0.120665096,0.0,0.6191009
3,9,0.06428982,0.0,0.0,0.0,0.0,0.06768572,0.12825844,0.120665096,0.0,0.6191009
3,9,0.06428982,0.0,0.0,0.0,0.0,0.06768572,0.12825844,0.120665096,0.0,0.6191009
3,9,0.06428982,0.0,0.0,0.0,0.0,0.06768572,0.12825844,0.120665096,0.0,0.6191009
3,9,0.06428982,0.0,0.0,0.0,0.0,0.06768572,0.12825844,0.120665096,0.0,0.6191009
3,9,0.06428982,0.0,0.0,0.0,0.0,0.06768572,0.12825844,0.060472734,0.0,0.67929333
3,9,0.06428982,0.0,0.0,0.0,0.0,0.06768572,0.12825844,0.060472734,0.0,0.67929333
3,9,0.06428982,0.0,0.0,0.0,0.0,0.06768572,0.12825844,0.060472734,0.0,0.67929333
3,9,0.06428982,0.0,0.0,0.0,0.0,0.06768572,0.12825844,0.060472734,0.0,0.67929333
3,9,0.06428982,0.0,0.0,0.0,0.0,0.06768572,0.12825844,0.060472734,0.0,0.67929333
3,9,0.06428982,0.0,0.0,0.0,0.0,0.06768572,0.12825844,0.060472734,0.0,0.67929333
3,9,0.06428982,0.0,0.0,0.0,0.0,0.06768572,0.12825844,0.060472734,0.0,0.67929333
3,9,0.06428982,0.0,0.0,0.0,0.0,0.06768572,0.12825844,0.060472734,0.0,0.67929333
3,9,0.06428982,0.0,0.0,0.0,0.0,0.06768572,0.12825844,0.060472734,0.0,0.67929333
3,9,0.06428982,0.0,0.0,0.0,0.0,0.06768572,0.12825844,0.060472734,0.0,0.67929333
3,9,0.06428982,0.0,0.0,0.0,0.0,0.06768572,0.12825844,0.060472734,0.0,0.67929333
3,9,0.06428982,0.0,0.0,0.0,0.0,0.06768572,0.12825844,0.060472734,0.0,0.67929333
3,9,0.06428982,0.0,0.0,0.0,0.0,0.06768572,0.12825844,0.060472734,0.0,0.67929333
3,9,0.06428982,0.0,0.0,0.0,0.0,0.06768572,0.12825844,0.060472734,0.0,0.67929333
3,9,0.06428982,0.0,0.0,0.0,0.0,0.06768572,0.12825844,0.0,0.0,0.73976606
3,9,0.06428982,0.0,0.0,0.0,0.0,0.06768572,0.12825844,0.0,0.0,0.73976606
3,9,0.06428982,0.0,0.0,0.0,0.0,0.06768572,0.12825844,0.0,0.0,0.73976606
3,9,0.06428982,0.0,0.0,0.0,0.0,0.06768572,0.12825844,0.0,0.0,0.73976606
3,9,0.06428982,0.0,0.0,0.0,0.0,0.06768572,0.12825844,0.0,0.0,0.73976606
3,9,0.06428982,0.0,0.0,0.0,0.0,0.06768572,0.12825844,0.0,0.0,0.73976606
3,9,0.06428982,0.0,0.0,0.0,0.0,0.06768572,0.12825844,0.0,0.0,0.73976606
3,9,0.06428982,0.0,0.0,0.0,0.0,0.06768572,0.12825844,0.0,0.0,0.73976606
3,9,0.06428982,0.0,0.0,0.0,0.0,0.06768572,0.12825844,0.0,0.0,0.73976606
3,9,0.06428982,0.0,0.0,0.0,0.0,0.06768572,0.12825844,0.0,0.0,0.73976606
3,9,0.06428982,0.0,0.0,0.0,0.0,0.06768572,0.12825844,0.0,0.0,0.73976606
3,9,0.06428982,0.0,0.0,0.0,0.0,0.06768572,0.12825844,0.0,0.0,0.73976606
3,9,0.06428982,0.0,0.0,0.0,0.0,0.06768572,0.12825844,0.0,0.0,0.73976606
3,9,0.06428982,0.0,0.0,0.0,0.0,0.06768572,0.12825844,0.0,0.0,0.73976606
3,9,0.06428982,0.0,0.0,0.0,0.0,0.06768572,0.12825844,0.0,0.0,0.73976606
3,9,0.06428982,0.0,0.0,0.0,0.0,0.06768572,0.12825844,0.0,0.0,0.73976606
3,9,0.06428982,0.0,0.0,0.0,0.0,0.06768572,0.12825844,0.0,0.0,0.73976606
3,9,0.06428982,0.0,0.0,0.0,0.0,0.06768572,0.12825844,0.0,0.0,0.73976606
3,9,0.06428982,0.0,0.0,0.0,0.0,0.06768572,0.12825844,0.0,0.0,0.73976606
3,9,0.06428982,0.0,0.0,0.0,0.0,0.06768572,0.12825844,0.0,0.0,0.73976606
3,9,0.06428982,0.0,0.0,0.0,0.0,0.06768572,0.12825844,0.0,0.0,0.73976606
3,9,0.06428982,0.0,0.0,0.0,0.0,0.06768572,0.18845078,0.0,0.0,0.6795737
3,9,0.06428982,0.0,0.0,0.0,0.0,0.06768572,0.18845078,0.0,0.0,0.6795737
3,9,0.06428982,0.0,0.0,0.0,0.0,0.06768572,0.18845078,0.0,0.0,0.6795737
3,9,0.06428982,0.0,0.0,0.0,0.0,0.06768572,0.18845078,0.0,0.0,0.6795737
3,9,0.06428982,0.0,0.0,0.0,0.0,0.06768572,0.18845078,0.0,0.0,0.6795737
3,9,0.06428982,0.0,0.0,0.0,0.0,0.06768572,0.18845078,0.0,0.0,0.6795737
3,9,0.06428982,0.0,0.0,0.0,0.0,0.06768572,0.18845078,0.0,0.0,0.6795737
3,9,0.06428982,0.0,0.0,0.0,0.0,0.06768572,0.18845078,0.0,0.0,0.6795737
3,9,0.06428982,0.0,0.0,0.0,0.0,0.06768572,0.18845078,0.0,0.0,0.6795737
3,9,0.06428982,0.0,0.0,0.0,0.0,0.06768572,0.18845078,0.0,0.0,0.6795737
3,9,0.06428982,0.0,0.0,0.0,0.0,0.06768572,0.18845078,0.0,0.0,0.6795737
3,9,0.06428982,0.0,0.0,0.0,0.0,0.06768572,0.18845078,0.0,0.0,0.6795737
3,9,0.06428982,0.0,0.0,0.0,0.0,0.06768572,0.18845078,0.0,0.0,0.6795737
3,9,0.06428982,0.0,0.0,0.0,0.0,0.06768572,0.18845078,0.0,0.0,0.6795737
3,9,0.06428982,0.0,0.0,0.0,0.0,0.06768572,0.18845078,0.0,0.0,0.6795737
3,9,0.06428982,0.0,0.0,0.0,0.0,0.06768572,0.18845078,0.0,0.0,0.6795737
3,9,0.06428982,0.0,0.0,0.0,0.0,0.06768572,0.18845078,0.0,0.0,0.6795737
3,9,0.06428982,0.0,0.0,0.0,0.0,0.06768572,0.18845078,0.0,0.0,0.6795737
3,9,0.06428982,0.0,0.0,0.0,0.0,0.06768572,0.18845078,0.0,0.0,0.6795737
3,9,0.06428982,0.0,0.0,0.0,0.0,0.06768572,0.24914725,0.0,0.0,0.61887723
3,9,0.06428982,0.0,0.0,0.0,0.0,0.06768572,0.24914725,0.0,0.0,0.61887723
3,9,0.06428982,0.0,0.0,0.0,0.0,0.06768572,0.24914725,0.0,0.0,0.61887723
3,9,0.06428982,0.0,0.0,0.0,0.0,0.06768572,0.24914725,0.0,0.0,0.61887723
3,9,0.06428982,0.0,0.0,0.0,0.0,0.06768572,0.24914725,0.0,0.0,0.61887723
3,9,0.06428982,0.0,0.0,0.0,0.0,0.06768572,0.24914725,0.0,0.0,0.61887723
3,9,0.06428982,0.0,0.0,0.0,0.0,0.06768572,0.24914725,0.0,0.0,0.61887723
3,9,0.06428982,0.0,0.0,0.0,0.0,0.06768572,0.24914725,0.0,0.0,0.61887723
3,9,0.06428982,0.0,0.0,0.0,0.0,0.06768572,0.24914725,0.0,0.0,0.61887723
3,9,0.06428982,0.0,0.0,0.0,0.0,0.06768572,0.24914725,0.0,0.0,0.61887723
3,9,0.06428982,0.0,0.0,0.0,0.0,0.06768572,0.24914725,0.0,0.0,0.61887723
3,9,0.06428982,0.0,0.0,0.0,0.0,0.06768572,0.24914725,0.0,0.0,0.61887723
3,9,0.06428982,0.0,0.0,0.0,0.0,0.06768572,0.24914725,0.0,0.0,0.61887723
3,9,0.06428982,0.0,0.0,0.0,0.0,0.06768572,0.24914725,0.0,0.0,0.61887723
3,9,0.06428982,0.0,0.0,0.0,0.0,0.06768572,0.24914725,0.0,0.0,0.61887723
3,9,0.06428982,0.0,0.0,0.0,0.0,0.06768572,0.24914725,0.0,0.0,0.61887723
3,9,0.06428982,0.0,0.0,0.0,0.0,0.06768572,0.24914725,0.0,0.0,0.61887723
3,9,0.06428982,0.0,0.0,0.0,0.0,0.06768572,0.24914725,0.0,0.0,0.61887723
3,9,0.06428982,0.0,0.0,0.0,0.0,0.06768572,0.24914725,0.0,0.0,0.61887723
3,9,0.06428982,0.0,0.0,0.0,0.0,0.06768572,0.24914725,0.0,0.0,0.61887723
3,9,0.06428982,0.0,0.0,0.0,0.0,0.06768572,0.24914725,0.0,0.0,0.61887723
3,9,0.06428982,0.0,0.0,0.0,0.0,0.06768572,0.24914725,0.0,0.0,0.61887723
3,9,0.06428982,0.0,0.0,0.0,0.0,0.06768572,0.24914725,0.0,0.0,0.61887723
3,9,0.06428982,0.0,0.0,0.0,0.0,0.06768572,0.24914725,0.0,0.0,0.61887723
3,9,0.06428982,0.0,0.0,0.0,0.0,0.06768572,0.43035546,0.0,0.0,0.437669
3,9,0.06428982,0.0,0.0,0.0,0.0,0.06768572,0.43035546,0.0,0.0,0.437669
3,9,0.06428982,0.0,0.0,0.0,0.0,0.06768572,0.43035546,0.0,0.0,0.437669
3,6,0.064289816,0.0,0.0,0.0,0.0,0.067685716,0.4905963,0.0,0.0,0.37742814
3,6,0.064289816,0.0,0.0,0.0,0.0,0.067685716,0.4905963,0.0,0.0,0.37742814
3,6,0.064289816,0.0,0.0,0.0,0.0,0.067685716,0.4905963,0.0,0.0,0.37742814
3,6,0.064289816,0.0,0.0,0.0,0.0,0.067685716,0.4905963,0.0,0.0,0.37742814
3,6,0.064289816,0.0,0.0,0.0,0.0,0.067685716,0.4905963,0.0,0.0,0.37742814
3,6,0.064289816,0.0,0.0,0.0,0.0,0.067685716,0.5496552,0.0,0.0,0.31836927
3,6,0.064289816,0.0,0.0,0.0,0.0,0.067685716,0.5496552,0.0,0.0,0.31836927
3,6,0.064289816,0.0,0.0,0.0,0.0,0.067685716,0.5496552,0.0,0.0,0.31836927
3,6,0.064289816,0.0,0.0,0.0,0.0,0.067685716,0.5496552,0.0,0.0,0.31836927
3,6,0.064289816,0.0,0.0,0.0,0.0,0.067685716,0.5496552,0.0,0.0,0.31836927
3,6,0.064289816,0.0,0.0,0.0,0.0,0.067685716,0.5496552,0.0,0.0,0.31836927
3,6,0.064289816,0.0,0.0,0.0,0.0,0.067685716,0.5496552,0.0,0.0,0.31836927
3,6,0.064289816,0.0,0.0,0.0,0.0,0.067685716,0.5496552,0.0,0.0,0.31836927
3,6,0.064289816,0.0,0.0,0.0,0.0,0.0,0.74494225,0.0,0.0,0.19076796
3,6,0.064289816,0.0,0.0,0.0,0.0,0.0,0.74494225,0.0,0.0,0.19076796
3,6,0.064289816,0.0,0.0,0.0,0.0,0.0,0.74494225,0.0,0.0,0.19076796
3,6,0.064289816,0.0,0.0,0.0,0.0,0.0,0.74494225,0.0,0.0,0.19076796
3,6,0.06428982,0.0,0.0,0.0,0.0,0.0,0.80337834,0.0,0.0,0.13233183
3,6,0.06428982,0.0,0.0,0.0,0.0,0.0,0.80337834,0.0,0.0,0.13233183
3,6,0.06428982,0.0,0.0,0.0,0.0,0.0,0.80337834,0.0,0.0,0.13233183
3,6,0.06428982,0.0,0.0,0.0,0.0,0.0,0.80337834,0.0,0.0,0.13233183
3,6,0.06428982,0.0,0.0,0.0,0.0,0.0,0.80337834,0.0,0.0,0.13233183
3,6,0.06428982,0.0,0.0,0.0,0.0,0.0,0.80337834,0.0,0.0,0.13233183
3,6,0.06428982,0.0,0.0,0.0,0.0,0.0,0.80337834,0.0,0.0,0.13233183
3,6,0.06428982,0.0,0.0,0.0,0.0,0.0,0.80337834,0.0,0.0,0.13233183
3,6,0.06428982,0.0,0.0,0.0,0.0,0.0,0.80337834,0.0,0.0,0.13233183
3,6,0.06428982,0.0,0.0,0.0,0.0,0.0,0.80337834,0.0,0.0,0.13233183
3,6,0.06428982,0.0,0.0,0.0,0.0,0.0,0.80337834,0.0,0.0,0.13233183
3,6,0.06428982,0.0,0.0,0.0,0.0,0.0,0.80337834,0.0,0.0,0.13233183
3,6,0.06428982,0.0,0.0,0.0,0.0,0.0,0.80337834,0.0,0.0,0.13233183
3,6,0.06428982,0.0,0.0,0.0,0.0,0.0,0.80337834,0.0,0.0,0.13233183
3,6,0.06428982,0.0,0.0,0.0,0.0,0.0,0.80337834,0.0,0.0,0.13233183
3,6,0.06428982,0.0,0.0,0.0,0.0,0.0,0.80337834,0.0,0.0,0.13233183
3,6,0.06428982,0.0,0.0,0.0,0.0,0.0,0.80337834,0.0,0.0,0.13233183
3,6,0.06428982,0.0,0.0,0.0,0.0,0.0,0.80337834,0.0,0.0,0.13233183
3,6,0.06428982,0.0,0.0,0.0,0.0,0.0,0.80337834,0.0,0.0,0.13233183
3,6,0.06428982,0.0,0.0,0.0,0.0,0.0,0.80337834,0.0,0.0,0.13233183
3,6,0.06428982,0.0,0.0,0.0,0.0,0.0,0.80337834,0.0,0.0,0.13233183
3,6,0.06428982,0.0,0.0,0.0,0.0,0.0,0.80337834,0.0,0.0,0.13233183
3,6,0.06428982,0.0,0.0,0.0,0.0,0.0,0.86679876,0.0,0.0,0.06891143
3,6,0.06428982,0.0,0.0,0.0,0.0,0.0,0.86679876,0.0,0.0,0.06891143
3,6,0.06428982,0.0,0.0,0.0,0.0,0.0,0.86679876,0.0,0.0,0.06891143
3,6,0.06428982,0.0,0.0,0.0,0.0,0.0,0.86679876,0.0,0.0,0.06891143
3,6,0.06428982,0.0,0.0,0.0,0.0,0.0,0.86679876,0.0,0.0,0.06891143
3,6,0.06428982,0.0,0.0,0.0,0.0,0.0,0.86679876,0.0,0.0,0.06891143
3,6,0.06428982,0.0,0.0,0.0,0.0,0.0,0.86679876,0.0,0.0,0.06891143
3,6,0.06428982,0.0,0.0,0.0,0.0,0.0,0.86679876,0.0,0.0,0.06891143
3,6,0.06428982,0.0,0.0,0.0,0.0,0.0,0.86679876,0.0,0.0,0.06891143
3,6,0.06428982,0.0,0.0,0.0,0.0,0.0,0.86679876,0.0,0.0,0.06891143
3,6,0.06428982,0.0,0.0,0.0,0.0,0.0,0.86679876,0.0,0.0,0.06891143
3,6,0.06428982,0.0,0.0,0.0,0.0,0.0,0.86679876,0.0,0.0,0.06891143
3,6,0.06428982,0.0,0.0,0.0,0.0,0.0,0.86679876,0.0,0.0,0.06891143
3,6,0.06428982,0.0,0.0,0.0,0.0,0.0,0.86679876,0.0,0.0,0.06891143
3,6,0.06428982,0.0,0.0,0.0,0.0,0.0,0.86679876,0.0,0.0,0.06891143
3,6,0.06428982,0.0,0.0,0.0,0.0,0.0,0.86679876,0.0,0.0,0.06891143
3,6,0.06428982,0.0,0.0,0.0,0.0,0.0,0.86679876,0.0,0.0,0.06891143
3,6,0.06428982,0.0,0.0,0.0,0.0,0.0,0.86679876,0.0,0.0,0.06891143
3,6,0.06428982,0.0,0.0,0.0,0.0,0.0,0.86679876,0.0,0.0,0.06891143
3,6,0.06428982,0.0,0.0,0.0,0.0,0.0,0.86679876,0.0,0.0,0.06891143
3,6,0.06428982,0.0,0.0,0.0,0.0,0.0,0.86679876,0.0,0.0,0.06891143
3,6,0.06428982,0.0,0.0,0.0,0.0,0.0,0.86679876,0.0,0.0,0.06891143
3,6,0.06428982,0.0,0.0,0.0,0.0,0.0,0.86679876,0.0,0.0,0.06891143
3,6,0.06428982,0.0,0.0,0.0,0.0,0.0,0.86679876,0.0,0.0,0.06891143
3,6,0.06428982,0.0,0.0,0.0,0.0,0.0,0.86679876,0.0,0.0,0.06891143
3,6,0.06428982,0.0,0.0,0.0,0.0,0.0,0.86679876,0.0,0.0,0.06891143
3,6,0.06428982,0.0,0.0,0.0,0.0,0.0,0.86679876,0.0,0.0,0.06891143
3,6,0.06428982,0.0,0.0,0.0,0.0,0.0,0.86679876,0.0,0.0,0.06891143
3,6,0.06428982,0.0,0.0,0.0,0.0,0.0,0.86679876,0.0,0.0,0.06891143
3,6,0.06428982,0.0,0.0,0.0,0.0,0.0,0.86679876,0.0,0.0,0.06891143
3,6,0.06428982,0.0,0.0,0.0,0.0,0.0,0.86679876,0.0,0.0,0.06891143
3,6,0.06428982,0.0,0.0,0.0,0.0,0.0,0.86679876,0.0,0.0,0.06891143
3,6,0.06428982,0.0,0.0,0.0,0.0,0.0,0.86679876,0.0,0.0,0.06891143
3,6,0.06428982,0.0,0.0,0.0,0.0,0.0,0.86679876,0.0,0.0,0.06891143
3,6,0.06428982,0.0,0.0,0.0,0.0,0.0,0.86679876,0.0,0.0,0.06891143
3,6,0.06428982,0.0,0.0,0.0,0.0,0.0,0.86679876,0.0,0.0,0.06891143
3,6,0.06428982,0.0,0.0,0.0,0.0,0.0,0.86679876,0.0,0.0,0.06891143
3,6,0.06428982,0.0,0.0,0.0,0.0,0.0,0.86679876,0.0,0.0,0.06891143
3,6,0.06428982,0.0,0.0,0.0,0.0,0.0,0.86679876,0.0,0.0,0.06891143
3,6,0.06428982,0.0,0.0,0.0,0.0,0.0,0.86679876,0.0,0.0,0.06891143
3,6,0.06428982,0.0,0.0,0.0,0.0,0.0,0.86679876,0.0,0.0,0.06891143
3,6,0.06428982,0.0,0.0,0.0,0.0,0.0,0.86679876,0.0,0.0,0.06891143
3,6,0.06428982,0.0,0.0,0.0,0.0,0.0,0.86679876,0.0,0.0,0.06891143
3,6,0.06428982,0.0,0.0,0.0,0.0,0.0,0.86679876,0.0,0.0,0.06891143
3,6,0.06428982,0.0,0.0,0.0,0.0,0.0,0.86679876,0.0,0.0,0.06891143
3,6,0.06428982,0.0,0.0,0.0,0.0,0.0,0.86679876,0.0,0.0,0.06891143
3,6,0.06428982,0.0,0.0,0.0,0.0,0.0,0.86679876,0.0,0.0,0.06891143
3,6,0.06428982,0.0,0.0,0.0,0.0,0.0,0.86679876,0.0,0.0,0.06891143
3,6,0.06428982,0.0,0.0,0.0,0.0,0.0,0.86679876,0.0,0.0,0.06891143
3,6,0.06428982,0.0,0.0,0.0,0.0,0.0,0.86679876,0.0,0.0,0.06891143
3,6,0.06428982,0.0,0.0,0.0,0.0,0.0,0.86679876,0.0,0.0,0.06891143
3,6,0.06428982,0.0,0.0,0.0,0.0,0.0,0.86679876,0.0,0.0,0.06891143
3,6,0.06428982,0.0,0.0,0.0,0.0,0.0,0.86679876,0.0,0.0,0.06891143
3,6,0.06428982,0.0,0.0,0.0,0.0,0.0,0.86679876,0.0,0.0,0.06891143
3,6,0.06428982,0.0,0.0,0.0,0.0,0.0,0.86679876,0.0,0.0,0.06891143
3,6,0.06428982,0.0,0.0,0.0,0.0,0.0,0.86679876,0.0,0.0,0.06891143
3,6,0.06428982,0.0,0.0,0.0,0.0,0.0,0.86679876,0.0,0.0,0.06891143
3,6,0.06428982,0.0,0.0,0.0,0.0,0.0,0.86679876,0.0,0.0,0.06891143
3,6,0.06428982,0.0,0.0,0.0,0.0,0.0,0.86679876,0.0,0.0,0.06891143
3,6,0.06428982,0.0,0.0,0.0,0.0,0.0,0.86679876,0.0,0.0,0.06891143
3,6,0.06428982,0.0,0.0,0.0,0.0,0.0,0.86679876,0.0,0.0,0.06891143
3,6,0.06428982,0.0,0.0,0.0,0.0,0.0,0.86679876,0.0,0.0,0.06891143
3,6,0.06428982,0.0,0.0,0.0,0.0,0.0,0.86679876,0.0,0.0,0.06891143
3,6,0.06428982,0.0,0.0,0.0,0.0,0.0,0.86679876,0.0,0.0,0.06891143
3,6,0.06428982,0.0,0.0,0.0,0.0,0.0,0.86679876,0.0,0.0,0.06891143
3,6,0.06428982,0.0,0.0,0.0,0.0,0.0,0.86679876,0.0,0.0,0.06891143
3,6,0.06428982,0.0,0.0,0.0,0.0,0.0,0.86679876,0.0,0.0,0.06891143
3,6,0.06428982,0.0,0.0,0.0,0.0,0.0,0.86679876,0.0,0.0,0.06891143
3,6,0.06428982,0.0,0.0,0.0,0.0,0.0,0.86679876,0.0,0.0,0.06891143
3,6,0.06428982,0.0,0.0,0.0,0.0,0.0,0.86679876,0.0,0.0,0.06891143
3,6,0.06428982,0.0,0.0,0.0,0.0,0.0,0.86679876,0.0,0.0,0.06891143
3,6,0.06428982,0.0,0.0,0.0,0.0,0.0,0.86679876,0.0,0.0,0.06891143
3,6,0.06428982,0.0,0.0,0.0,0.0,0.0,0.86679876,0.0,0.0,0.06891143
3,6,0.06428982,0.0,0.0,0.0,0.0,0.0,0.86679876,0.0,0.0,0.06891143
3,6,0.06428982,0.0,0.0,0.0,0.0,0.0,0.86679876,0.0,0.0,0.06891143
3,6,0.06428982,0.0,0.0,0.0,0.0,0.0,0.86679876,0.0,0.0,0.06891143
3,6,0.06428982,0.0,0.0,0.0,0.0,0.0,0.86679876,0.0,0.0,0.06891143
3,6,0.06428982,0.0,0.0,0.0,0.0,0.0,0.86679876,0.0,0.0,0.06891143
3,6,0.0,0.0,0.0,0.0,0.0,0.0,0.93108857,0.0,0.0,0.06891143
3,6,0.0,0.0,0.0,0.0,0.0,0.0,0.93108857,0.0,0.0,0.06891143
3,6,0.0,0.0,0.0,0.0,0.0,0.0,0.93108857,0.0,0.0,0.06891143
3,6,0.0,0.0,0.0,0.0,0.0,0.0,0.93108857,0.0,0.0,0.06891143
3,6,0.0,0.0,0.0,0.0,0.0,0.0,0.93108857,0.0,0.0,0.06891143
3,6,0.0,0.0,0.0,0.0,0.0,0.0,0.93108857,0.0,0.0,0.06891143
3,6,0.0,0.0,0.0,0.0,0.0,0.0,1.0,0.0,0.0,0.0
3,6,0.0,0.0,0.0,0.0,0.0,0.0,1.0,0.0,0.0,0.0
3,6,0.0,0.0,0.0,0.0,0.0,0.0,1.0,0.0,0.0,0.0
3,6,0.0,0.0,0.0,0.0,0.0,0.0,1.0,0.0,0.0,0.0
3,6,0.0,0.0,0.0,0.0,0.0,0.0,1.0,0.0,0.0,0.0
3,6,0.0,0.0,0.0,0.0,0.0,0.0,1.0,0.0,0.0,0.0
3,6,0.0,0.0,0.0,0.0,0.0,0.0,1.0,0.0,0.0,0.0
3,6,0.0,0.0,0.0,0.0,0.0,0.0,1.0,0.0,0.0,0.0
3,6,0.0,0.0,0.0,0.0,0.0,0.0,1.0,0.0,0.0,0.0
3,6,0.0,0.0,0.0,0.0,0.0,0.0,1.0,0.0,0.0,0.0
3,6,0.0,0.0,0.0,0.0,0.0,0.0,1.0,0.0,0.0,0.0
3,6,0.0,0.0,0.0,0.0,0.0,0.0,1.0,0.0,0.0,0.0
3,6,0.0,0.0,0.0,0.0,0.0,0.0,1.0,0.0,0.0,0.0
3,6,0.0,0.0,0.0,0.0,0.0,0.0,1.0,0.0,0.0,0.0
3,6,0.0,0.0,0.0,0.0,0.0,0.0,1.0,0.0,0.0,0.0
3,6,0.0,0.0,0.0,0.0,0.0,0.0,1.0,0.0,0.0,0.0
3,6,0.0,0.0,0.0,0.0,0.0,0.0,1.0,0.0,0.0,0.0
3,6,0.0,0.0,0.0,0.0,0.0,0.0,1.0,0.0,0.0,0.0
3,6,0.0,0.0,0.0,0.0,0.0,0.0,1.0,0.0,0.0,0.0
3,6,0.0,0.0,0.0,0.0,0.0,0.0,1.0,0.0,0.0,0.0
3,6,0.0,0.0,0.0,0.0,0.0,0.0,1.0,0.0,0.0,0.0
3,6,0.0,0.0,0.0,0.0,0.0,0.0,1.0,0.0,0.0,0.0
3,6,0.0,0.0,0.0,0.0,0.0,0.0,1.0,0.0,0.0,0.0
3,6,0.0,0.0,0.0,0.0,0.0,0.0,1.0,0.0,0.0,0.0
3,6,0.0,0.0,0.0,0.0,0.0,0.0,1.0,0.0,0.0,0.0
3,6,0.0,0.0,0.0,0.0,0.0,0.0,1.0,0.0,0.0,0.0
3,6,0.0,0.0,0.0,0.0,0.0,0.0,1.0,0.0,0.0,0.0
3,6,0.0,0.0,0.0,0.0,0.0,0.0,1.0,0.0,0.0,0.0
3,6,0.0,0.0,0.0,0.0,0.0,0.0,1.0,0.0,0.0,0.0
3,6,0.0,0.0,0.0,0.0,0.0,0.0,1.0,0.0,0.0,0.0
3,6,0.0,0.0,0.0,0.0,0.0,0.0,1.0,0.0,0.0,0.0
3,6,0.0,0.0,0.0,0.0,0.0,0.0,1.0,0.0,0.0,0.0
3,6,0.0,0.0,0.0,0.0,0.0,0.0,1.0,0.0,0.0,0.0
3,6,0.0,0.0,0.0,0.0,0.0,0.0,1.0,0.0,0.0,0.0
3,6,0.0,0.0,0.0,0.0,0.0,0.0,1.0,0.0,0.0,0.0
3,6,0.0,0.0,0.0,0.0,0.0,0.0,1.0,0.0,0.0,0.0
3,6,0.0,0.0,0.0,0.0,0.0,0.0,1.0,0.0,0.0,0.0
3,6,0.0,0.0,0.0,0.0,0.0,0.0,1.0,0.0,0.0,0.0
3,6,0.0,0.0,0.0,0.0,0.0,0.0,1.0,0.0,0.0,0.0
3,6,0.0,0.0,0.0,0.0,0.0,0.0,1.0,0.0,0.0,0.0
3,6,0.0,0.0,0.0,0.0,0.0,0.0,1.0,0.0,0.0,0.0
3,6,0.0,0.0,0.0,0.0,0.0,0.0,1.0,0.0,0.0,0.0
3,6,0.0,0.0,0.0,0.0,0.0,0.0,1.0,0.0,0.0,0.0
3,6,0.0,0.0,0.0,0.0,0.0,0.0,1.0,0.0,0.0,0.0
3,6,0.0,0.0,0.0,0.0,0.0,0.0,1.0,0.0,0.0,0.0
3,6,0.0,0.0,0.0,0.0,0.0,0.0,1.0,0.0,0.0,0.0
3,6,0.0,0.0,0.0,0.0,0.0,0.0,1.0,0.0,0.0,0.0
3,6,0.0,0.0,0.0,0.0,0.0,0.0,1.0,0.0,0.0,0.0
3,6,0.0,0.0,0.0,0.0,0.0,0.0,1.0,0.0,0.0,0.0
3,6,0.0,0.0,0.0,0.0,0.0,0.0,1.0,0.0,0.0,0.0
3,6,0.0,0.0,0.0,0.0,0.0,0.0,1.0,0.0,0.0,0.0
3,6,0.0,0.0,0.0,0.0,0.0,0.0,1.0,0.0,0.0,0.0
3,6,0.0,0.0,0.0,0.0,0.0,0.0,1.0,0.0,0.0,0.0
3,6,0.0,0.0,0.0,0.0,0.0,0.0,1.0,0.0,0.0,0.0
3,6,0.0,0.0,0.0,0.0,0.0,0.0,1.0,0.0,0.0,0.0
3,6,0.0,0.0,0.0,0.0,0.0,0.0,1.0,0.0,0.0,0.0
3,6,0.0,0.0,0.0,0.0,0.0,0.0,1.0,0.0,0.0,0.0
3,6,0.0,0.0,0.0,0.0,0.0,0.0,1.0,0.0,0.0,0.0
3,6,0.0,0.0,0.0,0.0,0.0,0.0,1.0,0.0,0.0,0.0
3,6,0.0,0.0,0.0,0.0,0.0,0.0,1.0,0.0,0.0,0.0
3,6,0.0,0.0,0.0,0.0,0.0,0.0,1.0,0.0,0.0,0.0
3,6,0.0,0.0,0.0,0.0,0.0,0.0,1.0,0.0,0.0,0.0
3,6,0.0,0.0,0.0,0.0,0.0,0.0,1.0,0.0,0.0,0.0
3,6,0.0,0.0,0.0,0.0,0.0,0.0,1.0,0.0,0.0,0.0
3,6,0.0,0.0,0.0,0.0,0.0,0.0,1.0,0.0,0.0,0.0
3,6,0.0,0.0,0.0,0.0,0.0,0.0,1.0,0.0,0.0,0.0
3,6,0.0,0.0,0.0,0.0,0.0,0.0,1.0,0.0,0.0,0.0
3,6,0.0,0.0,0.0,0.0,0.0,0.0,1.0,0.0,0.0,0.0
3,6,0.0,0.0,0.0,0.0,0.0,0.0,1.0,0.0,0.0,0.0
3,6,0.0,0.0,0.0,0.0,0.0,0.0,1.0,0.0,0.0,0.0
3,6,0.0,0.0,0.0,0.0,0.0,0.0,1.0,0.0,0.0,0.0
3,6,0.0,0.0,0.0,0.0,0.0,0.0,1.0,0.0,0.0,0.0
3,6,0.0,0.0,0.0,0.0,0.0,0.0,1.0,0.0,0.0,0.0
3,6,0.0,0.0,0.0,0.0,0.0,0.0,1.0,0.0,0.0,0.0
3,6,0.0,0.0,0.0,0.0,0.0,0.0,1.0,0.0,0.0,0.0
3,6,0.0,0.0,0.0,0.0,0.0,0.0,1.0,0.0,0.0,0.0
3,6,0.0,0.0,0.0,0.0,0.0,0.0,1.0,0.0,0.0,0.0
3,6,0.0,0.0,0.0,0.0,0.0,0.0,1.0,0.0,0.0,0.0
3,6,0.0,0.0,0.0,0.0,0.0,0.0,1.0,0.0,0.0,0.0
3,6,0.0,0.0,0.0,0.0,0.0,0.0,1.0,0.0,0.0,0.0
3,6,0.0,0.0,0.0,0.0,0.0,0.0,1.0,0.0,0.0,0.0
3,6,0.0,0.0,0.0,0.0,0.0,0.0,1.0,0.0,0.0,0.0
3,6,0.0,0.0,0.0,0.0,0.0,0.0,1.0,0.0,0.0,0.0
3,6,0.0,0.0,0.0,0.0,0.0,0.0,1.0,0.0,0.0,0.0
3,6,0.0,0.0,0.0,0.0,0.0,0.0,1.0,0.0,0.0,0.0
3,6,0.0,0.0,0.0,0.0,0.0,0.0,1.0,0.0,0.0,0.0
3,6,0.0,0.0,0.0,0.0,0.0,0.0,1.0,0.0,0.0,0.0
3,6,0.0,0.0,0.0,0.0,0.0,0.0,1.0,0.0,0.0,0.0
3,6,0.0,0.0,0.0,0.0,0.0,0.0,1.0,0.0,0.0,0.0
3,6,0.0,0.0,0.0,0.0,0.0,0.0,1.0,0.0,0.0,0.0
3,6,0.0,0.0,0.0,0.0,0.0,0.0,1.0,0.0,0.0,0.0
3,6,0.0,0.0,0.0,0.0,0.0,0.0,1.0,0.0,0.0,0.0
3,6,0.0,0.0,0.0,0.0,0.0,0.0,1.0,0.0,0.0,0.0
3,6,0.0,0.0,0.0,0.0,0.0,0.0,1.0,0.0,0.0,0.0
3,6,0.0,0.0,0.0,0.0,0.0,0.0,1.0,0.0,0.0,0.0
3,6,0.0,0.0,0.0,0.0,0.0,0.0,1.0,0.0,0.0,0.0
3,6,0.0,0.0,0.0,0.0,0.0,0.0,1.0,0.0,0.0,0.0
3,6,0.0,0.0,0.0,0.0,0.0,0.0,1.0,0.0,0.0,0.0
3,6,0.0,0.0,0.0,0.0,0.0,0.0,1.0,0.0,0.0,0.0
3,6,0.0,0.0,0.0,0.0,0.0,0.0,1.0,0.0,0.0,0.0
3,6,0.0,0.0,0.0,0.0,0.0,0.0,1.0,0.0,0.0,0.0
3,6,0.0,0.0,0.0,0.0,0.0,0.0,1.0,0.0,0.0,0.0
3,6,0.0,0.0,0.0,0.0,0.0,0.0,1.0,0.0,0.0,0.0
3,6,0.0,0.0,0.0,0.0,0.0,0.0,1.0,0.0,0.0,0.0
3,6,0.0,0.0,0.0,0.0,0.0,0.0,1.0,0.0,0.0,0.0
3,6,0.0,0.0,0.0,0.0,0.0,0.0,1.0,0.0,0.0,0.0
3,6,0.0,0.0,0.0,0.0,0.0,0.0,1.0,0.0,0.0,0.0
3,6,0.0,0.0,0.0,0.0,0.0,0.0,1.0,0.0,0.0,0.0
3,6,0.0,0.0,0.0,0.0,0.0,0.0,1.0,0.0,0.0,0.0
3,6,0.0,0.0,0.0,0.0,0.0,0.0,1.0,0.0,0.0,0.0
3,6,0.0,0.0,0.0,0.0,0.0,0.0,1.0,0.0,0.0,0.0
3,6,0.0,0.0,0.0,0.0,0.0,0.0,1.0,0.0,0.0,0.0
3,6,0.0,0.0,0.0,0.0,0.0,0.0,1.0,0.0,0.0,0.0
3,6,0.0,0.0,0.0,0.0,0.0,0.0,1.0,0.0,0.0,0.0
3,6,0.0,0.0,0.0,0.0,0.0,0.0,1.0,0.0,0.0,0.0
3,6,0.0,0.0,0.0,0.0,0.0,0.0,1.0,0.0,0.0,0.0
3,6,0.0,0.0,0.0,0.0,0.0,0.0,1.0,0.0,0.0,0.0
3,6,0.0,0.0,0.0,0.0,0.0,0.0,1.0,0.0,0.0,0.0
3,6,0.0,0.0,0.0,0.0,0.0,0.0,1.0,0.0,0.0,0.0
3,6,0.0,0.0,0.0,0.0,0.0,0.0,1.0,0.0,0.0,0.0
3,6,0.0,0.0,0.0,0.0,0.0,0.0,1.0,0.0,0.0,0.0
3,6,0.0,0.0,0.0,0.0,0.0,0.0,1.0,0.0,0.0,0.0
3,6,0.0,0.0,0.0,0.0,0.0,0.0,1.0,0.0,0.0,0.0
3,6,0.0,0.0,0.0,0.0,0.0,0.0,1.0,0.0,0.0,0.0
3,6,0.0,0.0,0.0,0.0,0.0,0.0,1.0,0.0,0.0,0.0
3,6,0.0,0.0,0.0,0.0,0.0,0.0,1.0,0.0,0.0,0.0
3,6,0.0,0.0,0.0,0.0,0.0,0.0,1.0,0.0,0.0,0.0
3,6,0.0,0.0,0.0,0.0,0.0,0.0,1.0,0.0,0.0,0.0
3,6,0.0,0.0,0.0,0.0,0.0,0.0,1.0,0.0,0.0,0.0
3,6,0.0,0.0,0.0,0.0,0.0,0.0,1.0,0.0,0.0,0.0
3,6,0.0,0.0,0.0,0.0,0.0,0.0,1.0,0.0,0.0,0.0
3,6,0.0,0.0,0.0,0.0,0.0,0.0,1.0,0.0,0.0,0.0
3,6,0.0,0.0,0.0,0.0,0.0,0.0,1.0,0.0,0.0,0.0
3,6,0.0,0.0,0.0,0.0,0.0,0.0,1.0,0.0,0.0,0.0
3,6,0.0,0.0,0.0,0.0,0.0,0.0,1.0,0.0,0.0,0.0
3,6,0.0,0.0,0.0,0.0,0.0,0.0,1.0,0.0,0.0,0.0
3,6,0.0,0.0,0.0,0.0,0.0,0.0,1.0,0.0,0.0,0.0
3,6,0.0,0.0,0.0,0.0,0.0,0.0,1.0,0.0,0.0,0.0
3,6,0.0,0.0,0.0,0.0,0.0,0.0,1.0,0.0,0.0,0.0
3,6,0.0,0.0,0.0,0.0,0.0,0.0,1.0,0.0,0.0,0.0
3,6,0.0,0.0,0.0,0.0,0.0,0.0,1.0,0.0,0.0,0.0
3,6,0.0,0.0,0.0,0.0,0.0,0.0,1.0,0.0,0.0,0.0
3,6,0.0,0.0,0.0,0.0,0.0,0.0,1.0,0.0,0.0,0.0
3,6,0.0,0.0,0.0,0.0,0.0,0.0,1.0,0.0,0.0,0.0
3,6,0.0,0.0,0.0,0.0,0.0,0.0,1.0,0.0,0.0,0.0
3,6,0.0,0.0,0.0,0.0,0.0,0.0,1.0,0.0,0.0,0.0
3,6,0.0,0.0,0.0,0.0,0.0,0.0,1.0,0.0,0.0,0.0
3,6,0.0,0.0,0.0,0.0,0.0,0.0,1.0,0.0,0.0,0.0
3,6,0.0,0.0,0.0,0.0,0.0,0.0,1.0,0.0,0.0,0.0
3,6,0.0,0.0,0.0,0.0,0.0,0.0,1.0,0.0,0.0,0.0
3,6,0.0,0.0,0.0,0.0,0.0,0.0,1.0,0.0,0.0,0.0
3,6,0.0,0.0,0.0,0.0,0.0,0.0,1.0,0.0,0.0,0.0
3,6,0.0,0.0,0.0,0.0,0.0,0.0,1.0,0.0,0.0,0.0
3,6,0.0,0.0,0.0,0.0,0.0,0.0,1.0,0.0,0.0,0.0
3,6,0.0,0.0,0.0,0.0,0.0,0.0,1.0,0.0,0.0,0.0
3,6,0.0,0.0,0.0,0.0,0.0,0.0,1.0,0.0,0.0,0.0
3,6,0.0,0.0,0.0,0.0,0.0,0.0,1.0,0.0,0.0,0.0
3,6,0.0,0.0,0.0,0.0,0.0,0.0,1.0,0.0,0.0,0.0
3,6,0.0,0.0,0.0,0.0,0.0,0.0,1.0,0.0,0.0,0.0
3,6,0.0,0.0,0.0,0.0,0.0,0.0,1.0,0.0,0.0,0.0
3,6,0.0,0.0,0.0,0.0,0.0,0.0,1.0,0.0,0.0,0.0
3,6,0.0,0.0,0.0,0.0,0.0,0.0,1.0,0.0,0.0,0.0
3,6,0.0,0.0,0.0,0.0,0.0,0.0,1.0,0.0,0.0,0.0
3,6,0.0,0.0,0.0,0.0,0.0,0.0,1.0,0.0,0.0,0.0
3,6,0.0,0.0,0.0,0.0,0.0,0.0,1.0,0.0,0.0,0.0
3,6,0.0,0.0,0.0,0.0,0.0,0.0,1.0,0.0,0.0,0.0
3,6,0.0,0.0,0.0,0.0,0.0,0.0,1.0,0.0,0.0,0.0
3,6,0.0,0.0,0.0,0.0,0.0,0.0,1.0,0.0,0.0,0.0
3,6,0.0,0.0,0.0,0.0,0.0,0.0,1.0,0.0,0.0,0.0
3,6,0.0,0.0,0.0,0.0,0.0,0.0,1.0,0.0,0.0,0.0
3,6,0.0,0.0,0.0,0.0,0.0,0.0,1.0,0.0,0.0,0.0
3,6,0.0,0.0,0.0,0.0,0.0,0.0,1.0,0.0,0.0,0.0
3,6,0.0,0.0,0.0,0.0,0.0,0.0,1.0,0.0,0.0,0.0
3,6,0.0,0.0,0.0,0.0,0.0,0.0,1.0,0.0,0.0,0.0
3,6,0.0,0.0,0.0,0.0,0.0,0.0,1.0,0.0,0.0,0.0
3,6,0.0,0.0,0.0,0.0,0.0,0.0,1.0,0.0,0.0,0.0
3,6,0.0,0.0,0.0,0.0,0.0,0.0,1.0,0.0,0.0,0.0
3,6,0.0,0.0,0.0,0.0,0.0,0.0,1.0,0.0,0.0,0.0
3,6,0.0,0.0,0.0,0.0,0.0,0.0,1.0,0.0,0.0,0.0
3,6,0.0,0.0,0.0,0.0,0.0,0.0,1.0,0.0,0.0,0.0
3,6,0.0,0.0,0.0,0.0,0.0,0.0,1.0,0.0,0.0,0.0
3,6,0.0,0.0,0.0,0.0,0.0,0.0,1.0,0.0,0.0,0.0
3,6,0.0,0.0,0.0,0.0,0.0,0.0,1.0,0.0,0.0,0.0
3,6,0.0,0.0,0.0,0.0,0.0,0.0,1.0,0.0,0.0,0.0
3,6,0.0,0.0,0.0,0.0,0.0,0.0,1.0,0.0,0.0,0.0
3,6,0.0,0.0,0.0,0.0,0.0,0.0,1.0,0.0,0.0,0.0
3,6,0.0,0.0,0.0,0.0,0.0,0.0,1.0,0.0,0.0,0.0
3,6,0.0,0.0,0.0,0.0,0.0,0.0,1.0,0.0,0.0,0.0
3,6,0.0,0.0,0.0,0.0,0.0,0.0,1.0,0.0,0.0,0.0
3,6,0.0,0.0,0.0,0.0,0.0,0.0,1.0,0.0,0.0,0.0
3,6,0.0,0.0,0.0,0.0,0.0,0.0,1.0,0.0,0.0,0.0
3,6,0.0,0.0,0.0,0.0,0.0,0.0,1.0,0.0,0.0,0.0
3,6,0.0,0.0,0.0,0.0,0.0,0.0,1.0,0.0,0.0,0.0
3,6,0.0,0.0,0.0,0.0,0.0,0.0,1.0,0.0,0.0,0.0
3,6,0.0,0.0,0.0,0.0,0.0,0.0,1.0,0.0,0.0,0.0
3,6,0.0,0.0,0.0,0.0,0.0,0.0,1.0,0.0,0.0,0.0
3,6,0.0,0.0,0.0,0.0,0.0,0.0,1.0,0.0,0.0,0.0
3,6,0.0,0.0,0.0,0.0,0.0,0.0,1.0,0.0,0.0,0.0
3,6,0.0,0.0,0.0,0.0,0.0,0.0,1.0,0.0,0.0,0.0
3,6,0.0,0.0,0.0,0.0,0.0,0.0,1.0,0.0,0.0,0.0
3,6,0.0,0.0,0.0,0.0,0.0,0.0,1.0,0.0,0.0,0.0
3,6,0.0,0.0,0.0,0.0,0.0,0.0,1.0,0.0,0.0,0.0
3,6,0.0,0.0,0.0,0.0,0.0,0.0,1.0,0.0,0.0,0.0
3,6,0.0,0.0,0.0,0.0,0.0,0.0,1.0,0.0,0.0,0.0
3,6,0.0,0.0,0.0,0.0,0.0,0.0,1.0,0.0,0.0,0.0
3,6,0.0,0.0,0.0,0.0,0.0,0.0,1.0,0.0,0.0,0.0
3,6,0.0,0.0,0.0,0.0,0.0,0.0,1.0,0.0,0.0,0.0
3,6,0.0,0.0,0.0,0.0,0.0,0.0,1.0,0.0,0.0,0.0
3,6,0.0,0.0,0.0,0.0,0.0,0.0,1.0,0.0,0.0,0.0
3,6,0.0,0.0,0.0,0.0,0.0,0.0,1.0,0.0,0.0,0.0
3,6,0.0,0.0,0.0,0.0,0.0,0.0,1.0,0.0,0.0,0.0
3,6,0.0,0.0,0.0,0.0,0.0,0.0,1.0,0.0,0.0,0.0
3,6,0.0,0.0,0.0,0.0,0.0,0.0,1.0,0.0,0.0,0.0
3,6,0.0,0.0,0.0,0.0,0.0,0.0,1.0,0.0,0.0,0.0
3,6,0.0,0.0,0.0,0.0,0.0,0.0,1.0,0.0,0.0,0.0
3,6,0.0,0.0,0.0,0.0,0.0,0.0,1.0,0.0,0.0,0.0
3,6,0.0,0.0,0.0,0.0,0.0,0.0,1.0,0.0,0.0,0.0
3,6,0.0,0.0,0.0,0.0,0.0,0.0,1.0,0.0,0.0,0.0
3,6,0.0,0.0,0.0,0.0,0.0,0.0,1.0,0.0,0.0,0.0
3,6,0.0,0.0,0.0,0.0,0.0,0.0,1.0,0.0,0.0,0.0
3,6,0.0,0.0,0.0,0.0,0.0,0.0,1.0,0.0,0.0,0.0
3,6,0.0,0.0,0.0,0.0,0.0,0.0,1.0,0.0,0.0,0.0
3,6,0.0,0.0,0.0,0.0,0.0,0.0,1.0,0.0,0.0,0.0
3,6,0.0,0.0,0.0,0.0,0.0,0.0,1.0,0.0,0.0,0.0
3,6,0.0,0.0,0.0,0.0,0.0,0.0,1.0,0.0,0.0,0.0
3,6,0.0,0.0,0.0,0.0,0.0,0.0,1.0,0.0,0.0,0.0
3,6,0.0,0.0,0.0,0.0,0.0,0.0,1.0,0.0,0.0,0.0
3,6,0.0,0.0,0.0,0.0,0.0,0.0,1.0,0.0,0.0,0.0
3,6,0.0,0.0,0.0,0.0,0.0,0.0,1.0,0.0,0.0,0.0
3,6,0.0,0.0,0.0,0.0,0.0,0.0,1.0,0.0,0.0,0.0
3,6,0.0,0.0,0.0,0.0,0.0,0.0,1.0,0.0,0.0,0.0
3,6,0.0,0.0,0.0,0.0,0.0,0.0,1.0,0.0,0.0,0.0
3,6,0.0,0.0,0.0,0.0,0.0,0.0,1.0,0.0,0.0,0.0
3,6,0.0,0.0,0.0,0.0,0.0,0.0,1.0,0.0,0.0,0.0
3,6,0.0,0.0,0.0,0.0,0.0,0.0,1.0,0.0,0.0,0.0
3,6,0.0,0.0,0.0,0.0,0.0,0.0,1.0,0.0,0.0,0.0
3,6,0.0,0.0,0.0,0.0,0.0,0.0,1.0,0.0,0.0,0.0
3,6,0.0,0.0,0.0,0.0,0.0,0.0,1.0,0.0,0.0,0.0
3,6,0.0,0.0,0.0,0.0,0.0,0.0,1.0,0.0,0.0,0.0
3,6,0.0,0.0,0.0,0.0,0.0,0.0,1.0,0.0,0.0,0.0
3,6,0.0,0.0,0.0,0.0,0.0,0.0,1.0,0.0,0.0,0.0
3,6,0.0,0.0,0.0,0.0,0.0,0.0,1.0,0.0,0.0,0.0
3,6,0.0,0.0,0.0,0.0,0.0,0.0,1.0,0.0,0.0,0.0
3,6,0.0,0.0,0.0,0.0,0.0,0.0,1.0,0.0,0.0,0.0
3,6,0.0,0.0,0.0,0.0,0.0,0.0,1.0,0.0,0.0,0.0
3,6,0.0,0.0,0.0,0.0,0.0,0.0,1.0,0.0,0.0,0.0
3,6,0.0,0.0,0.0,0.0,0.0,0.0,1.0,0.0,0.0,0.0
3,6,0.0,0.0,0.0,0.0,0.0,0.0,1.0,0.0,0.0,0.0
3,6,0.0,0.0,0.0,0.0,0.0,0.0,1.0,0.0,0.0,0.0
3,6,0.0,0.0,0.0,0.0,0.0,0.0,1.0,0.0,0.0,0.0
3,6,0.0,0.0,0.0,0.0,0.0,0.0,1.0,0.0,0.0,0.0
3,6,0.0,0.0,0.0,0.0,0.0,0.0,1.0,0.0,0.0,0.0
3,6,0.0,0.0,0.0,0.0,0.0,0.0,1.0,0.0,0.0,0.0
3,6,0.0,0.0,0.0,0.0,0.0,0.0,1.0,0.0,0.0,0.0
3,6,0.0,0.0,0.0,0.0,0.0,0.0,1.0,0.0,0.0,0.0
3,6,0.0,0.0,0.0,0.0,0.0,0.0,1.0,0.0,0.0,0.0
3,6,0.0,0.0,0.0,0.0,0.0,0.0,1.0,0.0,0.0,0.0
3,6,0.0,0.0,0.0,0.0,0.0,0.0,1.0,0.0,0.0,0.0
3,6,0.0,0.0,0.0,0.0,0.0,0.0,1.0,0.0,0.0,0.0
3,6,0.0,0.0,0.0,0.0,0.0,0.0,1.0,0.0,0.0,0.0
3,6,0.0,0.0,0.0,0.0,0.0,0.0,1.0,0.0,0.0,0.0
3,6,0.0,0.0,0.0,0.0,0.0,0.0,1.0,0.0,0.0,0.0
3,6,0.0,0.0,0.0,0.0,0.0,0.0,1.0,0.0,0.0,0.0
3,6,0.0,0.0,0.0,0.0,0.0,0.0,1.0,0.0,0.0,0.0
3,6,0.0,0.0,0.0,0.0,0.0,0.0,1.0,0.0,0.0,0.0
3,6,0.0,0.0,0.0,0.0,0.0,0.0,1.0,0.0,0.0,0.0
3,6,0.0,0.0,0.0,0.0,0.0,0.0,1.0,0.0,0.0,0.0
3,6,0.0,0.0,0.0,0.0,0.0,0.0,1.0,0.0,0.0,0.0
3,6,0.0,0.0,0.0,0.0,0.0,0.0,1.0,0.0,0.0,0.0
3,6,0.0,0.0,0.0,0.0,0.0,0.0,1.0,0.0,0.0,0.0
3,6,0.0,0.0,0.0,0.0,0.0,0.0,1.0,0.0,0.0,0.0
3,6,0.0,0.0,0.0,0.0,0.0,0.0,1.0,0.0,0.0,0.0
3,6,0.0,0.0,0.0,0.0,0.0,0.0,1.0,0.0,0.0,0.0
3,6,0.0,0.0,0.0,0.0,0.0,0.0,1.0,0.0,0.0,0.0
3,6,0.0,0.0,0.0,0.0,0.0,0.0,1.0,0.0,0.0,0.0
3,6,0.0,0.0,0.0,0.0,0.0,0.0,1.0,0.0,0.0,0.0
3,6,0.0,0.0,0.0,0.0,0.0,0.0,1.0,0.0,0.0,0.0
3,6,0.0,0.0,0.0,0.0,0.0,0.0,1.0,0.0,0.0,0.0
3,6,0.0,0.0,0.0,0.0,0.0,0.0,1.0,0.0,0.0,0.0
3,6,0.0,0.0,0.0,0.0,0.0,0.0,1.0,0.0,0.0,0.0
3,6,0.0,0.0,0.0,0.0,0.0,0.0,1.0,0.0,0.0,0.0
3,6,0.0,0.0,0.0,0.0,0.0,0.0,1.0,0.0,0.0,0.0
3,6,0.0,0.0,0.0,0.0,0.0,0.0,1.0,0.0,0.0,0.0
3,6,0.0,0.0,0.0,0.0,0.0,0.0,1.0,0.0,0.0,0.0
3,6,0.0,0.0,0.0,0.0,0.0,0.0,1.0,0.0,0.0,0.0
3,6,0.0,0.0,0.0,0.0,0.0,0.0,1.0,0.0,0.0,0.0
3,6,0.0,0.0,0.0,0.0,0.0,0.0,1.0,0.0,0.0,0.0
3,6,0.0,0.0,0.0,0.0,0.0,0.0,1.0,0.0,0.0,0.0
3,6,0.0,0.0,0.0,0.0,0.0,0.0,1.0,0.0,0.0,0.0
3,6,0.0,0.0,0.0,0.0,0.0,0.0,1.0,0.0,0.0,0.0
3,6,0.0,0.0,0.0,0.0,0.0,0.0,1.0,0.0,0.0,0.0
3,6,0.0,0.0,0.0,0.0,0.0,0.0,1.0,0.0,0.0,0.0
3,6,0.0,0.0,0.0,0.0,0.0,0.0,1.0,0.0,0.0,0.0
3,6,0.0,0.0,0.0,0.0,0.0,0.0,1.0,0.0,0.0,0.0
3,6,0.0,0.0,0.0,0.0,0.0,0.0,1.0,0.0,0.0,0.0
3,6,0.0,0.0,0.0,0.0,0.0,0.0,1.0,0.0,0.0,0.0
3,6,0.0,0.0,0.0,0.0,0.0,0.0,1.0,0.0,0.0,0.0
3,6,0.0,0.0,0.0,0.0,0.0,0.0,1.0,0.0,0.0,0.0
3,6,0.0,0.0,0.0,0.0,0.0,0.0,1.0,0.0,0.0,0.0
3,6,0.0,0.0,0.0,0.0,0.0,0.0,1.0,0.0,0.0,0.0
3,6,0.0,0.0,0.0,0.0,0.0,0.0,1.0,0.0,0.0,0.0
3,6,0.0,0.0,0.0,0.0,0.0,0.0,1.0,0.0,0.0,0.0
3,6,0.0,0.0,0.0,0.0,0.0,0.0,1.0,0.0,0.0,0.0
3,6,0.0,0.0,0.0,0.0,0.0,0.0,1.0,0.0,0.0,0.0
3,6,0.0,0.0,0.0,0.0,0.0,0.0,1.0,0.0,0.0,0.0
3,6,0.0,0.0,0.0,0.0,0.0,0.0,1.0,0.0,0.0,0.0
3,6,0.0,0.0,0.0,0.0,0.0,0.0,1.0,0.0,0.0,0.0
3,6,0.0,0.0,0.0,0.0,0.0,0.0,1.0,0.0,0.0,0.0
3,6,0.0,0.0,0.0,0.0,0.0,0.0,1.0,0.0,0.0,0.0
3,6,0.0,0.0,0.0,0.0,0.0,0.0,1.0,0.0,0.0,0.0
3,6,0.0,0.0,0.0,0.0,0.0,0.0,1.0,0.0,0.0,0.0
3,6,0.0,0.0,0.0,0.0,0.0,0.0,1.0,0.0,0.0,0.0
3,6,0.0,0.0,0.0,0.0,0.0,0.0,1.0,0.0,0.0,0.0
3,6,0.0,0.0,0.0,0.0,0.0,0.0,1.0,0.0,0.0,0.0
3,6,0.0,0.0,0.0,0.0,0.0,0.0,1.0,0.0,0.0,0.0
3,6,0.0,0.0,0.0,0.0,0.0,0.0,1.0,0.0,0.0,0.0
3,6,0.0,0.0,0.0,0.0,0.0,0.0,1.0,0.0,0.0,0.0
3,6,0.0,0.0,0.0,0.0,0.0,0.0,1.0,0.0,0.0,0.0
3,6,0.0,0.0,0.0,0.0,0.0,0.0,1.0,0.0,0.0,0.0
3,6,0.0,0.0,0.0,0.0,0.0,0.0,1.0,0.0,0.0,0.0
3,6,0.0,0.0,0.0,0.0,0.0,0.0,1.0,0.0,0.0,0.0
3,6,0.0,0.0,0.0,0.0,0.0,0.0,1.0,0.0,0.0,0.0
3,6,0.0,0.0,0.0,0.0,0.0,0.0,1.0,0.0,0.0,0.0
3,6,0.0,0.0,0.0,0.0,0.0,0.0,1.0,0.0,0.0,0.0
3,6,0.0,0.0,0.0,0.0,0.0,0.0,1.0,0.0,0.0,0.0
3,6,0.0,0.0,0.0,0.0,0.0,0.0,1.0,0.0,0.0,0.0
3,6,0.0,0.0,0.0,0.0,0.0,0.0,1.0,0.0,0.0,0.0
3,6,0.0,0.0,0.0,0.0,0.0,0.0,1.0,0.0,0.0,0.0
3,6,0.0,0.0,0.0,0.0,0.0,0.0,1.0,0.0,0.0,0.0
3,6,0.0,0.0,0.0,0.0,0.0,0.0,1.0,0.0,0.0,0.0
3,6,0.0,0.0,0.0,0.0,0.0,0.0,1.0,0.0,0.0,0.0
3,6,0.0,0.0,0.0,0.0,0.0,0.0,1.0,0.0,0.0,0.0
3,6,0.0,0.0,0.0,0.0,0.0,0.0,1.0,0.0,0.0,0.0
3,6,0.0,0.0,0.0,0.0,0.0,0.0,1.0,0.0,0.0,0.0
3,6,0.0,0.0,0.0,0.0,0.0,0.0,1.0,0.0,0.0,0.0
3,6,0.0,0.0,0.0,0.0,0.0,0.0,1.0,0.0,0.0,0.0
3,6,0.0,0.0,0.0,0.0,0.0,0.0,1.0,0.0,0.0,0.0
3,6,0.0,0.0,0.0,0.0,0.0,0.0,1.0,0.0,0.0,0.0
3,6,0.0,0.0,0.0,0.0,0.0,0.0,1.0,0.0,0.0,0.0
3,6,0.0,0.0,0.0,0.0,0.0,0.0,1.0,0.0,0.0,0.0
3,6,0.0,0.0,0.0,0.0,0.0,0.0,1.0,0.0,0.0,0.0
3,6,0.0,0.0,0.0,0.0,0.0,0.0,1.0,0.0,0.0,0.0
3,6,0.0,0.0,0.0,0.0,0.0,0.0,1.0,0.0,0.0,0.0
3,6,0.0,0.0,0.0,0.0,0.0,0.0,1.0,0.0,0.0,0.0
3,6,0.0,0.0,0.0,0.0,0.0,0.0,1.0,0.0,0.0,0.0
3,6,0.0,0.0,0.0,0.0,0.0,0.0,1.0,0.0,0.0,0.0
3,6,0.0,0.0,0.0,0.0,0.0,0.0,1.0,0.0,0.0,0.0
3,6,0.0,0.0,0.0,0.0,0.0,0.0,1.0,0.0,0.0,0.0
3,6,0.0,0.0,0.0,0.0,0.0,0.0,1.0,0.0,0.0,0.0
3,6,0.0,0.0,0.0,0.0,0.0,0.0,1.0,0.0,0.0,0.0
3,6,0.0,0.0,0.0,0.0,0.0,0.0,1.0,0.0,0.0,0.0
3,6,0.0,0.0,0.0,0.0,0.0,0.0,1.0,0.0,0.0,0.0
3,6,0.0,0.0,0.0,0.0,0.0,0.0,1.0,0.0,0.0,0.0
3,6,0.0,0.0,0.0,0.0,0.0,0.0,1.0,0.0,0.0,0.0
3,6,0.0,0.0,0.0,0.0,0.0,0.0,1.0,0.0,0.0,0.0
3,6,0.0,0.0,0.0,0.0,0.0,0.0,1.0,0.0,0.0,0.0
3,6,0.0,0.0,0.0,0.0,0.0,0.0,1.0,0.0,0.0,0.0
3,6,0.0,0.0,0.0,0.0,0.0,0.0,1.0,0.0,0.0,0.0
3,6,0.0,0.0,0.0,0.0,0.0,0.0,1.0,0.0,0.0,0.0
3,6,0.0,0.0,0.0,0.0,0.0,0.0,1.0,0.0,0.0,0.0
3,6,0.0,0.0,0.0,0.0,0.0,0.0,1.0,0.0,0.0,0.0
3,6,0.0,0.0,0.0,0.0,0.0,0.0,1.0,0.0,0.0,0.0
3,6,0.0,0.0,0.0,0.0,0.0,0.0,1.0,0.0,0.0,0.0
3,6,0.0,0.0,0.0,0.0,0.0,0.0,1.0,0.0,0.0,0.0
3,6,0.0,0.0,0.0,0.0,0.0,0.0,1.0,0.0,0.0,0.0
3,6,0.0,0.0,0.0,0.0,0.0,0.0,1.0,0.0,0.0,0.0
3,6,0.0,0.0,0.0,0.0,0.0,0.0,1.0,0.0,0.0,0.0
3,6,0.0,0.0,0.0,0.0,0.0,0.0,1.0,0.0,0.0,0.0
3,6,0.0,0.0,0.0,0.0,0.0,0.0,1.0,0.0,0.0,0.0
3,6,0.0,0.0,0.0,0.0,0.0,0.0,1.0,0.0,0.0,0.0
3,6,0.0,0.0,0.0,0.0,0.0,0.0,1.0,0.0,0.0,0.0
3,6,0.0,0.0,0.0,0.0,0.0,0.0,1.0,0.0,0.0,0.0
3,6,0.0,0.0,0.0,0.0,0.0,0.0,1.0,0.0,0.0,0.0
3,6,0.0,0.0,0.0,0.0,0.0,0.0,1.0,0.0,0.0,0.0
3,6,0.0,0.0,0.0,0.0,0.0,0.0,1.0,0.0,0.0,0.0
3,6,0.0,0.0,0.0,0.0,0.0,0.0,1.0,0.0,0.0,0.0
3,6,0.0,0.0,0.0,0.0,0.0,0.0,1.0,0.0,0.0,0.0
3,6,0.0,0.0,0.0,0.0,0.0,0.0,1.0,0.0,0.0,0.0
3,6,0.0,0.0,0.0,0.0,0.0,0.0,1.0,0.0,0.0,0.0
3,6,0.0,0.0,0.0,0.0,0.0,0.0,1.0,0.0,0.0,0.0
3,6,0.0,0.0,0.0,0.0,0.0,0.0,1.0,0.0,0.0,0.0
3,6,0.0,0.0,0.0,0.0,0.0,0.0,1.0,0.0,0.0,0.0
3,6,0.0,0.0,0.0,0.0,0.0,0.0,1.0,0.0,0.0,0.0
3,6,0.0,0.0,0.0,0.0,0.0,0.0,1.0,0.0,0.0,0.0
3,6,0.0,0.0,0.0,0.0,0.0,0.0,1.0,0.0,0.0,0.0
3,6,0.0,0.0,0.0,0.0,0.0,0.0,1.0,0.0,0.0,0.0
3,6,0.0,0.0,0.0,0.0,0.0,0.0,1.0,0.0,0.0,0.0
3,6,0.0,0.0,0.0,0.0,0.0,0.0,1.0,0.0,0.0,0.0
3,6,0.0,0.0,0.0,0.0,0.0,0.0,1.0,0.0,0.0,0.0
3,6,0.0,0.0,0.0,0.0,0.0,0.0,1.0,0.0,0.0,0.0
3,6,0.0,0.0,0.0,0.0,0.0,0.0,1.0,0.0,0.0,0.0
3,6,0.0,0.0,0.0,0.0,0.0,0.0,1.0,0.0,0.0,0.0
3,6,0.0,0.0,0.0,0.0,0.0,0.0,1.0,0.0,0.0,0.0
3,6,0.0,0.0,0.0,0.0,0.0,0.0,1.0,0.0,0.0,0.0
3,6,0.0,0.0,0.0,0.0,0.0,0.0,1.0,0.0,0.0,0.0
3,6,0.0,0.0,0.0,0.0,0.0,0.0,1.0,0.0,0.0,0.0
3,6,0.0,0.0,0.0,0.0,0.0,0.0,1.0,0.0,0.0,0.0
3,6,0.0,0.0,0.0,0.0,0.0,0.0,1.0,0.0,0.0,0.0
3,6,0.0,0.0,0.0,0.0,0.0,0.0,1.0,0.0,0.0,0.0
3,6,0.0,0.0,0.0,0.0,0.0,0.0,1.0,0.0,0.0,0.0
3,6,0.0,0.0,0.0,0.0,0.0,0.0,1.0,0.0,0.0,0.0
3,6,0.0,0.0,0.0,0.0,0.0,0.0,1.0,0.0,0.0,0.0
3,6,0.0,0.0,0.0,0.0,0.0,0.0,1.0,0.0,0.0,0.0
3,6,0.0,0.0,0.0,0.0,0.0,0.0,1.0,0.0,0.0,0.0
3,6,0.0,0.0,0.0,0.0,0.0,0.0,1.0,0.0,0.0,0.0
3,6,0.0,0.0,0.0,0.0,0.0,0.0,1.0,0.0,0.0,0.0
3,6,0.0,0.0,0.0,0.0,0.0,0.0,1.0,0.0,0.0,0.0
3,6,0.0,0.0,0.0,0.0,0.0,0.0,1.0,0.0,0.0,0.0
3,6,0.0,0.0,0.0,0.0,0.0,0.0,1.0,0.0,0.0,0.0
3,6,0.0,0.0,0.0,0.0,0.0,0.0,1.0,0.0,0.0,0.0
3,6,0.0,0.0,0.0,0.0,0.0,0.0,1.0,0.0,0.0,0.0
3,6,0.0,0.0,0.0,0.0,0.0,0.0,1.0,0.0,0.0,0.0
3,6,0.0,0.0,0.0,0.0,0.0,0.0,1.0,0.0,0.0,0.0
3,6,0.0,0.0,0.0,0.0,0.0,0.0,1.0,0.0,0.0,0.0
3,6,0.0,0.0,0.0,0.0,0.0,0.0,1.0,0.0,0.0,0.0
3,6,0.0,0.0,0.0,0.0,0.0,0.0,1.0,0.0,0.0,0.0
3,6,0.0,0.0,0.0,0.0,0.0,0.0,1.0,0.0,0.0,0.0
3,6,0.0,0.0,0.0,0.0,0.0,0.0,1.0,0.0,0.0,0.0
3,6,0.0,0.0,0.0,0.0,0.0,0.0,1.0,0.0,0.0,0.0
3,6,0.0,0.0,0.0,0.0,0.0,0.0,1.0,0.0,0.0,0.0
3,6,0.0,0.0,0.0,0.0,0.0,0.0,1.0,0.0,0.0,0.0
3,6,0.0,0.0,0.0,0.0,0.0,0.0,1.0,0.0,0.0,0.0
3,6,0.0,0.0,0.0,0.0,0.0,0.0,1.0,0.0,0.0,0.0
3,6,0.0,0.0,0.0,0.0,0.0,0.0,1.0,0.0,0.0,0.0
3,6,0.0,0.0,0.0,0.0,0.0,0.0,1.0,0.0,0.0,0.0
3,6,0.0,0.0,0.0,0.0,0.0,0.0,1.0,0.0,0.0,0.0
3,6,0.0,0.0,0.0,0.0,0.0,0.0,1.0,0.0,0.0,0.0
3,6,0.0,0.0,0.0,0.0,0.0,0.0,1.0,0.0,0.0,0.0
3,6,0.0,0.0,0.0,0.0,0.0,0.0,1.0,0.0,0.0,0.0
3,6,0.0,0.0,0.0,0.0,0.0,0.0,1.0,0.0,0.0,0.0
3,6,0.0,0.0,0.0,0.0,0.0,0.0,1.0,0.0,0.0,0.0
3,6,0.0,0.0,0.0,0.0,0.0,0.0,1.0,0.0,0.0,0.0
3,6,0.0,0.0,0.0,0.0,0.0,0.0,1.0,0.0,0.0,0.0
3,6,0.0,0.0,0.0,0.0,0.0,0.0,1.0,0.0,0.0,0.0
3,6,0.0,0.0,0.0,0.0,0.0,0.0,1.0,0.0,0.0,0.0
3,6,0.0,0.0,0.0,0.0,0.0,0.0,1.0,0.0,0.0,0.0
3,6,0.0,0.0,0.0,0.0,0.0,0.0,1.0,0.0,0.0,0.0
3,6,0.0,0.0,0.0,0.0,0.0,0.0,1.0,0.0,0.0,0.0
3,6,0.0,0.0,0.0,0.0,0.0,0.0,1.0,0.0,0.0,0.0
3,6,0.0,0.0,0.0,0.0,0.0,0.0,1.0,0.0,0.0,0.0
3,6,0.0,0.0,0.0,0.0,0.0,0.0,1.0,0.0,0.0,0.0
3,6,0.0,0.0,0.0,0.0,0.0,0.0,1.0,0.0,0.0,0.0
3,6,0.0,0.0,0.0,0.0,0.0,0.0,1.0,0.0,0.0,0.0
3,6,0.0,0.0,0.0,0.0,0.0,0.0,1.0,0.0,0.0,0.0
3,6,0.0,0.0,0.0,0.0,0.0,0.0,1.0,0.0,0.0,0.0
3,6,0.0,0.0,0.0,0.0,0.0,0.0,1.0,0.0,0.0,0.0
3,6,0.0,0.0,0.0,0.0,0.0,0.0,1.0,0.0,0.0,0.0
3,6,0.0,0.0,0.0,0.0,0.0,0.0,1.0,0.0,0.0,0.0
3,6,0.0,0.0,0.0,0.0,0.0,0.0,1.0,0.0,0.0,0.0
3,6,0.0,0.0,0.0,0.0,0.0,0.0,1.0,0.0,0.0,0.0
3,6,0.0,0.0,0.0,0.0,0.0,0.0,1.0,0.0,0.0,0.0
3,6,0.0,0.0,0.0,0.0,0.0,0.0,1.0,0.0,0.0,0.0
3,6,0.0,0.0,0.0,0.0,0.0,0.0,1.0,0.0,0.0,0.0
3,6,0.0,0.0,0.0,0.0,0.0,0.0,1.0,0.0,0.0,0.0
3,6,0.0,0.0,0.0,0.0,0.0,0.0,1.0,0.0,0.0,0.0
3,6,0.0,0.0,0.0,0.0,0.0,0.0,1.0,0.0,0.0,0.0
3,6,0.0,0.0,0.0,0.0,0.0,0.0,1.0,0.0,0.0,0.0
3,6,0.0,0.0,0.0,0.0,0.0,0.0,1.0,0.0,0.0,0.0
3,6,0.0,0.0,0.0,0.0,0.0,0.0,1.0,0.0,0.0,0.0
3,6,0.0,0.0,0.0,0.0,0.0,0.0,1.0,0.0,0.0,0.0
3,6,0.0,0.0,0.0,0.0,0.0,0.0,1.0,0.0,0.0,0.0
3,6,0.0,0.0,0.0,0.0,0.0,0.0,1.0,0.0,0.0,0.0
3,6,0.0,0.0,0.0,0.0,0.0,0.0,1.0,0.0,0.0,0.0
3,6,0.0,0.0,0.0,0.0,0.0,0.0,1.0,0.0,0.0,0.0
3,6,0.0,0.0,0.0,0.0,0.0,0.0,1.0,0.0,0.0,0.0
3,6,0.0,0.0,0.0,0.0,0.0,0.0,1.0,0.0,0.0,0.0
3,6,0.0,0.0,0.0,0.0,0.0,0.0,1.0,0.0,0.0,0.0
3,6,0.0,0.0,0.0,0.0,0.0,0.0,1.0,0.0,0.0,0.0
3,6,0.0,0.0,0.0,0.0,0.0,0.0,1.0,0.0,0.0,0.0
3,6,0.0,0.0,0.0,0.0,0.0,0.0,1.0,0.0,0.0,0.0
3,6,0.0,0.0,0.0,0.0,0.0,0.0,1.0,0.0,0.0,0.0
3,6,0.0,0.0,0.0,0.0,0.0,0.0,1.0,0.0,0.0,0.0
3,6,0.0,0.0,0.0,0.0,0.0,0.0,1.0,0.0,0.0,0.0
3,6,0.0,0.0,0.0,0.0,0.0,0.0,1.0,0.0,0.0,0.0
3,6,0.0,0.0,0.0,0.0,0.0,0.0,1.0,0.0,0.0,0.0
3,6,0.0,0.0,0.0,0.0,0.0,0.0,1.0,0.0,0.0,0.0
3,6,0.0,0.0,0.0,0.0,0.0,0.0,1.0,0.0,0.0,0.0
3,6,0.0,0.0,0.0,0.0,0.0,0.0,1.0,0.0,0.0,0.0
3,6,0.0,0.0,0.0,0.0,0.0,0.0,1.0,0.0,0.0,0.0
3,6,0.0,0.0,0.0,0.0,0.0,0.0,1.0,0.0,0.0,0.0
3,6,0.0,0.0,0.0,0.0,0.0,0.0,1.0,0.0,0.0,0.0
3,6,0.0,0.0,0.0,0.0,0.0,0.0,1.0,0.0,0.0,0.0
3,6,0.0,0.0,0.0,0.0,0.0,0.0,1.0,0.0,0.0,0.0
3,6,0.0,0.0,0.0,0.0,0.0,0.0,1.0,0.0,0.0,0.0
3,6,0.0,0.0,0.0,0.0,0.0,0.0,1.0,0.0,0.0,0.0
3,6,0.0,0.0,0.0,0.0,0.0,0.0,1.0,0.0,0.0,0.0
3,6,0.0,0.0,0.0,0.0,0.0,0.0,1.0,0.0,0.0,0.0
3,6,0.0,0.0,0.0,0.0,0.0,0.0,1.0,0.0,0.0,0.0
3,6,0.0,0.0,0.0,0.0,0.0,0.0,1.0,0.0,0.0,0.0
3,6,0.0,0.0,0.0,0.0,0.0,0.0,1.0,0.0,0.0,0.0
3,6,0.0,0.0,0.0,0.0,0.0,0.0,1.0,0.0,0.0,0.0
3,6,0.0,0.0,0.0,0.0,0.0,0.0,1.0,0.0,0.0,0.0
3,6,0.0,0.0,0.0,0.0,0.0,0.0,1.0,0.0,0.0,0.0
3,6,0.0,0.0,0.0,0.0,0.0,0.0,1.0,0.0,0.0,0.0
3,6,0.0,0.0,0.0,0.0,0.0,0.0,1.0,0.0,0.0,0.0
3,6,0.0,0.0,0.0,0.0,0.0,0.0,1.0,0.0,0.0,0.0
3,6,0.0,0.0,0.0,0.0,0.0,0.0,1.0,0.0,0.0,0.0
3,6,0.0,0.0,0.0,0.0,0.0,0.0,1.0,0.0,0.0,0.0
3,6,0.0,0.0,0.0,0.0,0.0,0.0,1.0,0.0,0.0,0.0
3,6,0.0,0.0,0.0,0.0,0.0,0.0,1.0,0.0,0.0,0.0
3,6,0.0,0.0,0.0,0.0,0.0,0.0,1.0,0.0,0.0,0.0
3,6,0.0,0.0,0.0,0.0,0.0,0.0,1.0,0.0,0.0,0.0
3,6,0.0,0.0,0.0,0.0,0.0,0.0,1.0,0.0,0.0,0.0
3,6,0.0,0.0,0.0,0.0,0.0,0.0,1.0,0.0,0.0,0.0
3,6,0.0,0.0,0.0,0.0,0.0,0.0,1.0,0.0,0.0,0.0
3,6,0.0,0.0,0.0,0.0,0.0,0.0,1.0,0.0,0.0,0.0
3,6,0.0,0.0,0.0,0.0,0.0,0.0,1.0,0.0,0.0,0.0
3,6,0.0,0.0,0.0,0.0,0.0,0.0,1.0,0.0,0.0,0.0
3,6,0.0,0.0,0.0,0.0,0.0,0.0,1.0,0.0,0.0,0.0
3,6,0.0,0.0,0.0,0.0,0.0,0.0,1.0,0.0,0.0,0.0
3,6,0.0,0.0,0.0,0.0,0.0,0.0,1.0,0.0,0.0,0.0
3,6,0.0,0.0,0.0,0.0,0.0,0.0,1.0,0.0,0.0,0.0
3,6,0.0,0.0,0.0,0.0,0.0,0.0,1.0,0.0,0.0,0.0
3,6,0.0,0.0,0.0,0.0,0.0,0.0,1.0,0.0,0.0,0.0
3,6,0.0,0.0,0.0,0.0,0.0,0.0,1.0,0.0,0.0,0.0
3,6,0.0,0.0,0.0,0.0,0.0,0.0,1.0,0.0,0.0,0.0
3,6,0.0,0.0,0.0,0.0,0.0,0.0,1.0,0.0,0.0,0.0
3,6,0.0,0.0,0.0,0.0,0.0,0.0,1.0,0.0,0.0,0.0
3,6,0.0,0.0,0.0,0.0,0.0,0.0,1.0,0.0,0.0,0.0
3,6,0.0,0.0,0.0,0.0,0.0,0.0,1.0,0.0,0.0,0.0
3,6,0.0,0.0,0.0,0.0,0.0,0.0,1.0,0.0,0.0,0.0
3,6,0.0,0.0,0.0,0.0,0.0,0.0,1.0,0.0,0.0,0.0
3,6,0.0,0.0,0.0,0.0,0.0,0.0,1.0,0.0,0.0,0.0
3,6,0.0,0.0,0.0,0.0,0.0,0.0,1.0,0.0,0.0,0.0
3,6,0.0,0.0,0.0,0.0,0.0,0.0,1.0,0.0,0.0,0.0
3,6,0.0,0.0,0.0,0.0,0.0,0.0,1.0,0.0,0.0,0.0
3,6,0.0,0.0,0.0,0.0,0.0,0.0,1.0,0.0,0.0,0.0
3,6,0.0,0.0,0.0,0.0,0.0,0.0,1.0,0.0,0.0,0.0
3,6,0.0,0.0,0.0,0.0,0.0,0.0,1.0,0.0,0.0,0.0
3,6,0.0,0.0,0.0,0.0,0.0,0.0,1.0,0.0,0.0,0.0
3,6,0.0,0.0,0.0,0.0,0.0,0.0,1.0,0.0,0.0,0.0
3,6,0.0,0.0,0.0,0.0,0.0,0.0,1.0,0.0,0.0,0.0
3,6,0.0,0.0,0.0,0.0,0.0,0.0,1.0,0.0,0.0,0.0
3,6,0.0,0.0,0.0,0.0,0.0,0.0,1.0,0.0,0.0,0.0
3,6,0.0,0.0,0.0,0.0,0.0,0.0,1.0,0.0,0.0,0.0
3,6,0.0,0.0,0.0,0.0,0.0,0.0,1.0,0.0,0.0,0.0
3,6,0.0,0.0,0.0,0.0,0.0,0.0,1.0,0.0,0.0,0.0
3,6,0.0,0.0,0.0,0.0,0.0,0.0,1.0,0.0,0.0,0.0
3,6,0.0,0.0,0.0,0.0,0.0,0.0,1.0,0.0,0.0,0.0
3,6,0.0,0.0,0.0,0.0,0.0,0.0,1.0,0.0,0.0,0.0
3,6,0.0,0.0,0.0,0.0,0.0,0.0,1.0,0.0,0.0,0.0
3,6,0.0,0.0,0.0,0.0,0.0,0.0,1.0,0.0,0.0,0.0
3,6,0.0,0.0,0.0,0.0,0.0,0.0,1.0,0.0,0.0,0.0
3,6,0.0,0.0,0.0,0.0,0.0,0.0,1.0,0.0,0.0,0.0
3,6,0.0,0.0,0.0,0.0,0.0,0.0,1.0,0.0,0.0,0.0
3,6,0.0,0.0,0.0,0.0,0.0,0.0,1.0,0.0,0.0,0.0
3,6,0.0,0.0,0.0,0.0,0.0,0.0,1.0,0.0,0.0,0.0
3,6,0.0,0.0,0.0,0.0,0.0,0.0,1.0,0.0,0.0,0.0
3,6,0.0,0.0,0.0,0.0,0.0,0.0,1.0,0.0,0.0,0.0
3,6,0.0,0.0,0.0,0.0,0.0,0.0,1.0,0.0,0.0,0.0
3,6,0.0,0.0,0.0,0.0,0.0,0.0,1.0,0.0,0.0,0.0
3,6,0.0,0.0,0.0,0.0,0.0,0.0,1.0,0.0,0.0,0.0
3,6,0.0,0.0,0.0,0.0,0.0,0.0,1.0,0.0,0.0,0.0
3,6,0.0,0.0,0.0,0.0,0.0,0.0,1.0,0.0,0.0,0.0
3,6,0.0,0.0,0.0,0.0,0.0,0.0,1.0,0.0,0.0,0.0
3,6,0.0,0.0,0.0,0.0,0.0,0.0,1.0,0.0,0.0,0.0
3,6,0.0,0.0,0.0,0.0,0.0,0.0,1.0,0.0,0.0,0.0
3,6,0.0,0.0,0.0,0.0,0.0,0.0,1.0,0.0,0.0,0.0
3,6,0.0,0.0,0.0,0.0,0.0,0.0,1.0,0.0,0.0,0.0
3,6,0.0,0.0,0.0,0.0,0.0,0.0,1.0,0.0,0.0,0.0
3,6,0.0,0.0,0.0,0.0,0.0,0.0,1.0,0.0,0.0,0.0
3,6,0.0,0.0,0.0,0.0,0.0,0.0,1.0,0.0,0.0,0.0
3,6,0.0,0.0,0.0,0.0,0.0,0.0,1.0,0.0,0.0,0.0
3,6,0.0,0.0,0.0,0.0,0.0,0.0,1.0,0.0,0.0,0.0
3,6,0.0,0.0,0.0,0.0,0.0,0.0,1.0,0.0,0.0,0.0
3,6,0.0,0.0,0.0,0.0,0.0,0.0,1.0,0.0,0.0,0.0
3,6,0.0,0.0,0.0,0.0,0.0,0.0,1.0,0.0,0.0,0.0
3,6,0.0,0.0,0.0,0.0,0.0,0.0,1.0,0.0,0.0,0.0
3,6,0.0,0.0,0.0,0.0,0.0,0.0,1.0,0.0,0.0,0.0
3,6,0.0,0.0,0.0,0.0,0.0,0.0,1.0,0.0,0.0,0.0
3,6,0.0,0.0,0.0,0.0,0.0,0.0,1.0,0.0,0.0,0.0
3,6,0.0,0.0,0.0,0.0,0.0,0.0,1.0,0.0,0.0,0.0
3,6,0.0,0.0,0.0,0.0,0.0,0.0,1.0,0.0,0.0,0.0
3,6,0.0,0.0,0.0,0.0,0.0,0.0,1.0,0.0,0.0,0.0
3,6,0.0,0.0,0.0,0.0,0.0,0.0,1.0,0.0,0.0,0.0
3,6,0.0,0.0,0.0,0.0,0.0,0.0,1.0,0.0,0.0,0.0
3,6,0.0,0.0,0.0,0.0,0.0,0.0,1.0,0.0,0.0,0.0
3,6,0.0,0.0,0.0,0.0,0.0,0.0,1.0,0.0,0.0,0.0
3,6,0.0,0.0,0.0,0.0,0.0,0.0,1.0,0.0,0.0,0.0
3,6,0.0,0.0,0.0,0.0,0.0,0.0,1.0,0.0,0.0,0.0
3,6,0.0,0.0,0.0,0.0,0.0,0.0,1.0,0.0,0.0,0.0
3,6,0.0,0.0,0.0,0.0,0.0,0.0,1.0,0.0,0.0,0.0
3,6,0.0,0.0,0.0,0.0,0.0,0.0,1.0,0.0,0.0,0.0
3,6,0.0,0.0,0.0,0.0,0.0,0.0,1.0,0.0,0.0,0.0
3,6,0.0,0.0,0.0,0.0,0.0,0.0,1.0,0.0,0.0,0.0
3,6,0.0,0.0,0.0,0.0,0.0,0.0,1.0,0.0,0.0,0.0
3,6,0.0,0.0,0.0,0.0,0.0,0.0,1.0,0.0,0.0,0.0
3,6,0.0,0.0,0.0,0.0,0.0,0.0,1.0,0.0,0.0,0.0
3,6,0.0,0.0,0.0,0.0,0.0,0.0,1.0,0.0,0.0,0.0
3,6,0.0,0.0,0.0,0.0,0.0,0.0,1.0,0.0,0.0,0.0
3,6,0.0,0.0,0.0,0.0,0.0,0.0,1.0,0.0,0.0,0.0
3,6,0.0,0.0,0.0,0.0,0.0,0.0,1.0,0.0,0.0,0.0
3,6,0.0,0.0,0.0,0.0,0.0,0.0,1.0,0.0,0.0,0.0
3,6,0.0,0.0,0.0,0.0,0.0,0.0,1.0,0.0,0.0,0.0
3,6,0.0,0.0,0.0,0.0,0.0,0.0,1.0,0.0,0.0,0.0
3,6,0.0,0.0,0.0,0.0,0.0,0.0,1.0,0.0,0.0,0.0
3,6,0.0,0.0,0.0,0.0,0.0,0.0,1.0,0.0,0.0,0.0
3,6,0.0,0.0,0.0,0.0,0.0,0.0,1.0,0.0,0.0,0.0
3,6,0.0,0.0,0.0,0.0,0.0,0.0,1.0,0.0,0.0,0.0
3,6,0.0,0.0,0.0,0.0,0.0,0.0,1.0,0.0,0.0,0.0
3,6,0.0,0.0,0.0,0.0,0.0,0.0,1.0,0.0,0.0,0.0
3,6,0.0,0.0,0.0,0.0,0.0,0.0,1.0,0.0,0.0,0.0
3,6,0.0,0.0,0.0,0.0,0.0,0.0,1.0,0.0,0.0,0.0
3,6,0.0,0.0,0.0,0.0,0.0,0.0,1.0,0.0,0.0,0.0
3,6,0.0,0.0,0.0,0.0,0.0,0.0,1.0,0.0,0.0,0.0
3,6,0.0,0.0,0.0,0.0,0.0,0.0,1.0,0.0,0.0,0.0
3,6,0.0,0.0,0.0,0.0,0.0,0.0,1.0,0.0,0.0,0.0
3,6,0.0,0.0,0.0,0.0,0.0,0.0,1.0,0.0,0.0,0.0
3,6,0.0,0.0,0.0,0.0,0.0,0.0,1.0,0.0,0.0,0.0
3,6,0.0,0.0,0.0,0.0,0.0,0.0,1.0,0.0,0.0,0.0
3,6,0.0,0.0,0.0,0.0,0.0,0.0,1.0,0.0,0.0,0.0
3,6,0.0,0.0,0.0,0.0,0.0,0.0,1.0,0.0,0.0,0.0
3,6,0.0,0.0,0.0,0.0,0.0,0.0,1.0,0.0,0.0,0.0
3,6,0.0,0.0,0.0,0.0,0.0,0.0,1.0,0.0,0.0,0.0
3,6,0.0,0.0,0.0,0.0,0.0,0.0,1.0,0.0,0.0,0.0
3,6,0.0,0.0,0.0,0.0,0.0,0.0,1.0,0.0,0.0,0.0
3,6,0.0,0.0,0.0,0.0,0.0,0.0,1.0,0.0,0.0,0.0
3,6,0.0,0.0,0.0,0.0,0.0,0.0,1.0,0.0,0.0,0.0
3,6,0.0,0.0,0.0,0.0,0.0,0.0,1.0,0.0,0.0,0.0
3,6,0.0,0.0,0.0,0.0,0.0,0.0,1.0,0.0,0.0,0.0
3,6,0.0,0.0,0.0,0.0,0.0,0.0,1.0,0.0,0.0,0.0
3,6,0.0,0.0,0.0,0.0,0.0,0.0,1.0,0.0,0.0,0.0
3,6,0.0,0.0,0.0,0.0,0.0,0.0,1.0,0.0,0.0,0.0
3,6,0.0,0.0,0.0,0.0,0.0,0.0,1.0,0.0,0.0,0.0
3,6,0.0,0.0,0.0,0.0,0.0,0.0,1.0,0.0,0.0,0.0
3,6,0.0,0.0,0.0,0.0,0.0,0.0,1.0,0.0,0.0,0.0
3,6,0.0,0.0,0.0,0.0,0.0,0.0,1.0,0.0,0.0,0.0
3,6,0.0,0.0,0.0,0.0,0.0,0.0,1.0,0.0,0.0,0.0
3,6,0.0,0.0,0.0,0.0,0.0,0.0,1.0,0.0,0.0,0.0
3,6,0.0,0.0,0.0,0.0,0.0,0.0,1.0,0.0,0.0,0.0
3,6,0.0,0.0,0.0,0.0,0.0,0.0,1.0,0.0,0.0,0.0
3,6,0.0,0.0,0.0,0.0,0.0,0.0,1.0,0.0,0.0,0.0
3,6,0.0,0.0,0.0,0.0,0.0,0.0,1.0,0.0,0.0,0.0
3,6,0.0,0.0,0.0,0.0,0.0,0.0,1.0,0.0,0.0,0.0
3,6,0.0,0.0,0.0,0.0,0.0,0.0,1.0,0.0,0.0,0.0
3,6,0.0,0.0,0.0,0.0,0.0,0.0,1.0,0.0,0.0,0.0
3,6,0.0,0.0,0.0,0.0,0.0,0.0,1.0,0.0,0.0,0.0
3,6,0.0,0.0,0.0,0.0,0.0,0.0,1.0,0.0,0.0,0.0
3,6,0.0,0.0,0.0,0.0,0.0,0.0,1.0,0.0,0.0,0.0
3,6,0.0,0.0,0.0,0.0,0.0,0.0,1.0,0.0,0.0,0.0
3,6,0.0,0.0,0.0,0.0,0.0,0.0,1.0,0.0,0.0,0.0
3,6,0.0,0.0,0.0,0.0,0.0,0.0,1.0,0.0,0.0,0.0
3,6,0.0,0.0,0.0,0.0,0.0,0.0,1.0,0.0,0.0,0.0
3,6,0.0,0.0,0.0,0.0,0.0,0.0,1.0,0.0,0.0,0.0
3,6,0.0,0.0,0.0,0.0,0.0,0.0,1.0,0.0,0.0,0.0
3,6,0.0,0.0,0.0,0.0,0.0,0.0,1.0,0.0,0.0,0.0
3,6,0.0,0.0,0.0,0.0,0.0,0.0,1.0,0.0,0.0,0.0
3,6,0.0,0.0,0.0,0.0,0.0,0.0,1.0,0.0,0.0,0.0
3,6,0.0,0.0,0.0,0.0,0.0,0.0,1.0,0.0,0.0,0.0
3,6,0.0,0.0,0.0,0.0,0.0,0.0,1.0,0.0,0.0,0.0
3,6,0.0,0.0,0.0,0.0,0.0,0.0,1.0,0.0,0.0,0.0
3,6,0.0,0.0,0.0,0.0,0.0,0.0,1.0,0.0,0.0,0.0
3,6,0.0,0.0,0.0,0.0,0.0,0.0,1.0,0.0,0.0,0.0
3,6,0.0,0.0,0.0,0.0,0.0,0.0,1.0,0.0,0.0,0.0
3,6,0.0,0.0,0.0,0.0,0.0,0.0,1.0,0.0,0.0,0.0
3,6,0.0,0.0,0.0,0.0,0.0,0.0,1.0,0.0,0.0,0.0
3,6,0.0,0.0,0.0,0.0,0.0,0.0,1.0,0.0,0.0,0.0
3,6,0.0,0.0,0.0,0.0,0.0,0.0,1.0,0.0,0.0,0.0
3,6,0.0,0.0,0.0,0.0,0.0,0.0,1.0,0.0,0.0,0.0
3,6,0.0,0.0,0.0,0.0,0.0,0.0,1.0,0.0,0.0,0.0
3,6,0.0,0.0,0.0,0.0,0.0,0.0,1.0,0.0,0.0,0.0
3,6,0.0,0.0,0.0,0.0,0.0,0.0,1.0,0.0,0.0,0.0
3,6,0.0,0.0,0.0,0.0,0.0,0.0,1.0,0.0,0.0,0.0
3,6,0.0,0.0,0.0,0.0,0.0,0.0,1.0,0.0,0.0,0.0
3,6,0.0,0.0,0.0,0.0,0.0,0.0,1.0,0.0,0.0,0.0
3,6,0.0,0.0,0.0,0.0,0.0,0.0,1.0,0.0,0.0,0.0
3,6,0.0,0.0,0.0,0.0,0.0,0.0,1.0,0.0,0.0,0.0
3,6,0.0,0.0,0.0,0.0,0.0,0.0,1.0,0.0,0.0,0.0
3,6,0.0,0.0,0.0,0.0,0.0,0.0,1.0,0.0,0.0,0.0
3,6,0.0,0.0,0.0,0.0,0.0,0.0,1.0,0.0,0.0,0.0
3,6,0.0,0.0,0.0,0.0,0.0,0.0,1.0,0.0,0.0,0.0
3,6,0.0,0.0,0.0,0.0,0.0,0.0,1.0,0.0,0.0,0.0
3,6,0.0,0.0,0.0,0.0,0.0,0.0,1.0,0.0,0.0,0.0
3,6,0.0,0.0,0.0,0.0,0.0,0.0,1.0,0.0,0.0,0.0
3,6,0.0,0.0,0.0,0.0,0.0,0.0,1.0,0.0,0.0,0.0
3,6,0.0,0.0,0.0,0.0,0.0,0.0,1.0,0.0,0.0,0.0
3,6,0.0,0.0,0.0,0.0,0.0,0.0,1.0,0.0,0.0,0.0
3,6,0.0,0.0,0.0,0.0,0.0,0.0,1.0,0.0,0.0,0.0
3,6,0.0,0.0,0.0,0.0,0.0,0.0,1.0,0.0,0.0,0.0
3,6,0.0,0.0,0.0,0.0,0.0,0.0,1.0,0.0,0.0,0.0
3,6,0.0,0.0,0.0,0.0,0.0,0.0,1.0,0.0,0.0,0.0
3,6,0.0,0.0,0.0,0.0,0.0,0.0,1.0,0.0,0.0,0.0
3,6,0.0,0.0,0.0,0.0,0.0,0.0,1.0,0.0,0.0,0.0
3,6,0.0,0.0,0.0,0.0,0.0,0.0,1.0,0.0,0.0,0.0
3,6,0.0,0.0,0.0,0.0,0.0,0.0,1.0,0.0,0.0,0.0
3,6,0.0,0.0,0.0,0.0,0.0,0.0,1.0,0.0,0.0,0.0
3,6,0.0,0.0,0.0,0.0,0.0,0.0,1.0,0.0,0.0,0.0
3,6,0.0,0.0,0.0,0.0,0.0,0.0,1.0,0.0,0.0,0.0
3,6,0.0,0.0,0.0,0.0,0.0,0.0,1.0,0.0,0.0,0.0
3,6,0.0,0.0,0.0,0.0,0.0,0.0,1.0,0.0,0.0,0.0
3,6,0.0,0.0,0.0,0.0,0.0,0.0,1.0,0.0,0.0,0.0
3,6,0.0,0.0,0.0,0.0,0.0,0.0,1.0,0.0,0.0,0.0
3,6,0.0,0.0,0.0,0.0,0.0,0.0,1.0,0.0,0.0,0.0
3,6,0.0,0.0,0.0,0.0,0.0,0.0,1.0,0.0,0.0,0.0
3,6,0.0,0.0,0.0,0.0,0.0,0.0,1.0,0.0,0.0,0.0
3,6,0.0,0.0,0.0,0.0,0.0,0.0,1.0,0.0,0.0,0.0
3,6,0.0,0.0,0.0,0.0,0.0,0.0,1.0,0.0,0.0,0.0
3,6,0.0,0.0,0.0,0.0,0.0,0.0,1.0,0.0,0.0,0.0
3,6,0.0,0.0,0.0,0.0,0.0,0.0,1.0,0.0,0.0,0.0
3,6,0.0,0.0,0.0,0.0,0.0,0.0,1.0,0.0,0.0,0.0
3,6,0.0,0.0,0.0,0.0,0.0,0.0,1.0,0.0,0.0,0.0
3,6,0.0,0.0,0.0,0.0,0.0,0.0,1.0,0.0,0.0,0.0
3,6,0.0,0.0,0.0,0.0,0.0,0.0,1.0,0.0,0.0,0.0
3,6,0.0,0.0,0.0,0.0,0.0,0.0,1.0,0.0,0.0,0.0
3,6,0.0,0.0,0.0,0.0,0.0,0.0,1.0,0.0,0.0,0.0
3,6,0.0,0.0,0.0,0.0,0.0,0.0,1.0,0.0,0.0,0.0
3,6,0.0,0.0,0.0,0.0,0.0,0.0,1.0,0.0,0.0,0.0
3,6,0.0,0.0,0.0,0.0,0.0,0.0,1.0,0.0,0.0,0.0
3,6,0.0,0.0,0.0,0.0,0.0,0.0,1.0,0.0,0.0,0.0
3,6,0.0,0.0,0.0,0.0,0.0,0.0,1.0,0.0,0.0,0.0
3,6,0.0,0.0,0.0,0.0,0.0,0.0,1.0,0.0,0.0,0.0
3,6,0.0,0.0,0.0,0.0,0.0,0.0,1.0,0.0,0.0,0.0
3,6,0.0,0.0,0.0,0.0,0.0,0.0,1.0,0.0,0.0,0.0
3,6,0.0,0.0,0.0,0.0,0.0,0.0,1.0,0.0,0.0,0.0
3,6,0.0,0.0,0.0,0.0,0.0,0.0,1.0,0.0,0.0,0.0
3,6,0.0,0.0,0.0,0.0,0.0,0.0,1.0,0.0,0.0,0.0
3,6,0.0,0.0,0.0,0.0,0.0,0.0,1.0,0.0,0.0,0.0
3,6,0.0,0.0,0.0,0.0,0.0,0.0,1.0,0.0,0.0,0.0
3,6,0.0,0.0,0.0,0.0,0.0,0.0,1.0,0.0,0.0,0.0
3,6,0.0,0.0,0.0,0.0,0.0,0.0,1.0,0.0,0.0,0.0
3,6,0.0,0.0,0.0,0.0,0.0,0.0,1.0,0.0,0.0,0.0
3,6,0.0,0.0,0.0,0.0,0.0,0.0,1.0,0.0,0.0,0.0
3,6,0.0,0.0,0.0,0.0,0.0,0.0,1.0,0.0,0.0,0.0
3,6,0.0,0.0,0.0,0.0,0.0,0.0,1.0,0.0,0.0,0.0
3,6,0.0,0.0,0.0,0.0,0.0,0.0,1.0,0.0,0.0,0.0
3,6,0.0,0.0,0.0,0.0,0.0,0.0,1.0,0.0,0.0,0.0
3,6,0.0,0.0,0.0,0.0,0.0,0.0,1.0,0.0,0.0,0.0
3,6,0.0,0.0,0.0,0.0,0.0,0.0,1.0,0.0,0.0,0.0
3,6,0.0,0.0,0.0,0.0,0.0,0.0,1.0,0.0,0.0,0.0
3,6,0.0,0.0,0.0,0.0,0.0,0.0,1.0,0.0,0.0,0.0
3,6,0.0,0.0,0.0,0.0,0.0,0.0,1.0,0.0,0.0,0.0
3,6,0.0,0.0,0.0,0.0,0.0,0.0,1.0,0.0,0.0,0.0
3,6,0.0,0.0,0.0,0.0,0.0,0.0,1.0,0.0,0.0,0.0
3,6,0.0,0.0,0.0,0.0,0.0,0.0,1.0,0.0,0.0,0.0
3,6,0.0,0.0,0.0,0.0,0.0,0.0,1.0,0.0,0.0,0.0
3,6,0.0,0.0,0.0,0.0,0.0,0.0,1.0,0.0,0.0,0.0
3,6,0.0,0.0,0.0,0.0,0.0,0.0,1.0,0.0,0.0,0.0
3,6,0.0,0.0,0.0,0.0,0.0,0.0,1.0,0.0,0.0,0.0
3,6,0.0,0.0,0.0,0.0,0.0,0.0,1.0,0.0,0.0,0.0
3,6,0.0,0.0,0.0,0.0,0.0,0.0,1.0,0.0,0.0,0.0
3,6,0.0,0.0,0.0,0.0,0.0,0.0,1.0,0.0,0.0,0.0
3,6,0.0,0.0,0.0,0.0,0.0,0.0,1.0,0.0,0.0,0.0
3,6,0.0,0.0,0.0,0.0,0.0,0.0,1.0,0.0,0.0,0.0
3,6,0.0,0.0,0.0,0.0,0.0,0.0,1.0,0.0,0.0,0.0
3,6,0.0,0.0,0.0,0.0,0.0,0.0,1.0,0.0,0.0,0.0
3,6,0.0,0.0,0.0,0.0,0.0,0.0,1.0,0.0,0.0,0.0
3,6,0.0,0.0,0.0,0.0,0.0,0.0,1.0,0.0,0.0,0.0
3,6,0.0,0.0,0.0,0.0,0.0,0.0,1.0,0.0,0.0,0.0
3,6,0.0,0.0,0.0,0.0,0.0,0.0,1.0,0.0,0.0,0.0
3,6,0.0,0.0,0.0,0.0,0.0,0.0,1.0,0.0,0.0,0.0
3,6,0.0,0.0,0.0,0.0,0.0,0.0,1.0,0.0,0.0,0.0
3,6,0.0,0.0,0.0,0.0,0.0,0.0,1.0,0.0,0.0,0.0
3,6,0.0,0.0,0.0,0.0,0.0,0.0,1.0,0.0,0.0,0.0
3,6,0.0,0.0,0.0,0.0,0.0,0.0,1.0,0.0,0.0,0.0
3,6,0.0,0.0,0.0,0.0,0.0,0.0,1.0,0.0,0.0,0.0
3,6,0.0,0.0,0.0,0.0,0.0,0.0,1.0,0.0,0.0,0.0
3,6,0.0,0.0,0.0,0.0,0.0,0.0,1.0,0.0,0.0,0.0
3,6,0.0,0.0,0.0,0.0,0.0,0.0,1.0,0.0,0.0,0.0
3,6,0.0,0.0,0.0,0.0,0.0,0.0,1.0,0.0,0.0,0.0
3,6,0.0,0.0,0.0,0.0,0.0,0.0,1.0,0.0,0.0,0.0
3,6,0.0,0.0,0.0,0.0,0.0,0.0,1.0,0.0,0.0,0.0
3,6,0.0,0.0,0.0,0.0,0.0,0.0,1.0,0.0,0.0,0.0
3,6,0.0,0.0,0.0,0.0,0.0,0.0,1.0,0.0,0.0,0.0
3,6,0.0,0.0,0.0,0.0,0.0,0.0,1.0,0.0,0.0,0.0
3,6,0.0,0.0,0.0,0.0,0.0,0.0,1.0,0.0,0.0,0.0
3,6,0.0,0.0,0.0,0.0,0.0,0.0,1.0,0.0,0.0,0.0
3,6,0.0,0.0,0.0,0.0,0.0,0.0,1.0,0.0,0.0,0.0
3,6,0.0,0.0,0.0,0.0,0.0,0.0,1.0,0.0,0.0,0.0
3,6,0.0,0.0,0.0,0.0,0.0,0.0,1.0,0.0,0.0,0.0
3,6,0.0,0.0,0.0,0.0,0.0,0.0,1.0,0.0,0.0,0.0
3,6,0.0,0.0,0.0,0.0,0.0,0.0,1.0,0.0,0.0,0.0
3,6,0.0,0.0,0.0,0.0,0.0,0.0,1.0,0.0,0.0,0.0
3,6,0.0,0.0,0.0,0.0,0.0,0.0,1.0,0.0,0.0,0.0
3,6,0.0,0.0,0.0,0.0,0.0,0.0,1.0,0.0,0.0,0.0
3,6,0.0,0.0,0.0,0.0,0.0,0.0,1.0,0.0,0.0,0.0
3,6,0.0,0.0,0.0,0.0,0.0,0.0,1.0,0.0,0.0,0.0
3,6,0.0,0.0,0.0,0.0,0.0,0.0,1.0,0.0,0.0,0.0
3,6,0.0,0.0,0.0,0.0,0.0,0.0,1.0,0.0,0.0,0.0
3,6,0.0,0.0,0.0,0.0,0.0,0.0,1.0,0.0,0.0,0.0
3,6,0.0,0.0,0.0,0.0,0.0,0.0,1.0,0.0,0.0,0.0
3,6,0.0,0.0,0.0,0.0,0.0,0.0,1.0,0.0,0.0,0.0
3,6,0.0,0.0,0.0,0.0,0.0,0.0,1.0,0.0,0.0,0.0
3,6,0.0,0.0,0.0,0.0,0.0,0.0,1.0,0.0,0.0,0.0
3,6,0.0,0.0,0.0,0.0,0.0,0.0,1.0,0.0,0.0,0.0
3,6,0.0,0.0,0.0,0.0,0.0,0.0,1.0,0.0,0.0,0.0
3,6,0.0,0.0,0.0,0.0,0.0,0.0,1.0,0.0,0.0,0.0
3,6,0.0,0.0,0.0,0.0,0.0,0.0,1.0,0.0,0.0,0.0
3,6,0.0,0.0,0.0,0.0,0.0,0.0,1.0,0.0,0.0,0.0
3,6,0.0,0.0,0.0,0.0,0.0,0.0,1.0,0.0,0.0,0.0
3,6,0.0,0.0,0.0,0.0,0.0,0.0,1.0,0.0,0.0,0.0
3,6,0.0,0.0,0.0,0.0,0.0,0.0,1.0,0.0,0.0,0.0
3,6,0.0,0.0,0.0,0.0,0.0,0.0,1.0,0.0,0.0,0.0
3,6,0.0,0.0,0.0,0.0,0.0,0.0,1.0,0.0,0.0,0.0
3,6,0.0,0.0,0.0,0.0,0.0,0.0,1.0,0.0,0.0,0.0
3,6,0.0,0.0,0.0,0.0,0.0,0.0,1.0,0.0,0.0,0.0
3,6,0.0,0.0,0.0,0.0,0.0,0.0,1.0,0.0,0.0,0.0
3,6,0.0,0.0,0.0,0.0,0.0,0.0,1.0,0.0,0.0,0.0
3,6,0.0,0.0,0.0,0.0,0.0,0.0,1.0,0.0,0.0,0.0
3,6,0.0,0.0,0.0,0.0,0.0,0.0,1.0,0.0,0.0,0.0
3,6,0.0,0.0,0.0,0.0,0.0,0.0,1.0,0.0,0.0,0.0
3,6,0.0,0.0,0.0,0.0,0.0,0.0,1.0,0.0,0.0,0.0
3,6,0.0,0.0,0.0,0.0,0.0,0.0,1.0,0.0,0.0,0.0
3,6,0.0,0.0,0.0,0.0,0.0,0.0,1.0,0.0,0.0,0.0
3,6,0.0,0.0,0.0,0.0,0.0,0.0,1.0,0.0,0.0,0.0
3,6,0.0,0.0,0.0,0.0,0.0,0.0,1.0,0.0,0.0,0.0
3,6,0.0,0.0,0.0,0.0,0.0,0.0,1.0,0.0,0.0,0.0
3,6,0.0,0.0,0.0,0.0,0.0,0.0,1.0,0.0,0.0,0.0
3,6,0.0,0.0,0.0,0.0,0.0,0.0,1.0,0.0,0.0,0.0
3,6,0.0,0.0,0.0,0.0,0.0,0.0,1.0,0.0,0.0,0.0
3,6,0.0,0.0,0.0,0.0,0.0,0.0,1.0,0.0,0.0,0.0
3,6,0.0,0.0,0.0,0.0,0.0,0.0,1.0,0.0,0.0,0.0
3,6,0.0,0.0,0.0,0.0,0.0,0.0,1.0,0.0,0.0,0.0
3,6,0.0,0.0,0.0,0.0,0.0,0.0,1.0,0.0,0.0,0.0
3,6,0.0,0.0,0.0,0.0,0.0,0.0,1.0,0.0,0.0,0.0
3,6,0.0,0.0,0.0,0.0,0.0,0.0,1.0,0.0,0.0,0.0
3,6,0.0,0.0,0.0,0.0,0.0,0.0,1.0,0.0,0.0,0.0
3,6,0.0,0.0,0.0,0.0,0.0,0.0,1.0,0.0,0.0,0.0
3,6,0.0,0.0,0.0,0.0,0.0,0.0,1.0,0.0,0.0,0.0
3,6,0.0,0.0,0.0,0.0,0.0,0.0,1.0,0.0,0.0,0.0
3,6,0.0,0.0,0.0,0.0,0.0,0.0,1.0,0.0,0.0,0.0
3,6,0.0,0.0,0.0,0.0,0.0,0.0,1.0,0.0,0.0,0.0
3,6,0.0,0.0,0.0,0.0,0.0,0.0,1.0,0.0,0.0,0.0
3,6,0.0,0.0,0.0,0.0,0.0,0.0,1.0,0.0,0.0,0.0
3,6,0.0,0.0,0.0,0.0,0.0,0.0,1.0,0.0,0.0,0.0
3,6,0.0,0.0,0.0,0.0,0.0,0.0,1.0,0.0,0.0,0.0
3,6,0.0,0.0,0.0,0.0,0.0,0.0,1.0,0.0,0.0,0.0
3,6,0.0,0.0,0.0,0.0,0.0,0.0,1.0,0.0,0.0,0.0
3,6,0.0,0.0,0.0,0.0,0.0,0.0,1.0,0.0,0.0,0.0
3,6,0.0,0.0,0.0,0.0,0.0,0.0,1.0,0.0,0.0,0.0
3,6,0.0,0.0,0.0,0.0,0.0,0.0,1.0,0.0,0.0,0.0
3,6,0.0,0.0,0.0,0.0,0.0,0.0,1.0,0.0,0.0,0.0
3,6,0.0,0.0,0.0,0.0,0.0,0.0,1.0,0.0,0.0,0.0
3,6,0.0,0.0,0.0,0.0,0.0,0.0,1.0,0.0,0.0,0.0
3,6,0.0,0.0,0.0,0.0,0.0,0.0,1.0,0.0,0.0,0.0
3,6,0.0,0.0,0.0,0.0,0.0,0.0,1.0,0.0,0.0,0.0
3,6,0.0,0.0,0.0,0.0,0.0,0.0,1.0,0.0,0.0,0.0
3,6,0.0,0.0,0.0,0.0,0.0,0.0,1.0,0.0,0.0,0.0
3,6,0.0,0.0,0.0,0.0,0.0,0.0,1.0,0.0,0.0,0.0
3,6,0.0,0.0,0.0,0.0,0.0,0.0,1.0,0.0,0.0,0.0
3,6,0.0,0.0,0.0,0.0,0.0,0.0,1.0,0.0,0.0,0.0
3,6,0.0,0.0,0.0,0.0,0.0,0.0,1.0,0.0,0.0,0.0
3,6,0.0,0.0,0.0,0.0,0.0,0.0,1.0,0.0,0.0,0.0
3,6,0.0,0.0,0.0,0.0,0.0,0.0,1.0,0.0,0.0,0.0
3,6,0.0,0.0,0.0,0.0,0.0,0.0,1.0,0.0,0.0,0.0
3,6,0.0,0.0,0.0,0.0,0.0,0.0,1.0,0.0,0.0,0.0
3,6,0.0,0.0,0.0,0.0,0.0,0.0,1.0,0.0,0.0,0.0
3,6,0.0,0.0,0.0,0.0,0.0,0.0,1.0,0.0,0.0,0.0
3,6,0.0,0.0,0.0,0.0,0.0,0.0,1.0,0.0,0.0,0.0
3,6,0.0,0.0,0.0,0.0,0.0,0.0,1.0,0.0,0.0,0.0
3,6,0.0,0.0,0.0,0.0,0.0,0.0,1.0,0.0,0.0,0.0
3,6,0.0,0.0,0.0,0.0,0.0,0.0,1.0,0.0,0.0,0.0
3,6,0.0,0.0,0.0,0.0,0.0,0.0,1.0,0.0,0.0,0.0
3,6,0.0,0.0,0.0,0.0,0.0,0.0,1.0,0.0,0.0,0.0
3,6,0.0,0.0,0.0,0.0,0.0,0.0,1.0,0.0,0.0,0.0
3,6,0.0,0.0,0.0,0.0,0.0,0.0,1.0,0.0,0.0,0.0
3,6,0.0,0.0,0.0,0.0,0.0,0.0,1.0,0.0,0.0,0.0
3,6,0.0,0.0,0.0,0.0,0.0,0.0,1.0,0.0,0.0,0.0
3,6,0.0,0.0,0.0,0.0,0.0,0.0,1.0,0.0,0.0,0.0
3,6,0.0,0.0,0.0,0.0,0.0,0.0,1.0,0.0,0.0,0.0
3,6,0.0,0.0,0.0,0.0,0.0,0.0,1.0,0.0,0.0,0.0
3,6,0.0,0.0,0.0,0.0,0.0,0.0,1.0,0.0,0.0,0.0
3,6,0.0,0.0,0.0,0.0,0.0,0.0,1.0,0.0,0.0,0.0
3,6,0.0,0.0,0.0,0.0,0.0,0.0,1.0,0.0,0.0,0.0
3,6,0.0,0.0,0.0,0.0,0.0,0.0,1.0,0.0,0.0,0.0
3,6,0.0,0.0,0.0,0.0,0.0,0.0,1.0,0.0,0.0,0.0
3,6,0.0,0.0,0.0,0.0,0.0,0.0,1.0,0.0,0.0,0.0
3,6,0.0,0.0,0.0,0.0,0.0,0.0,1.0,0.0,0.0,0.0
3,6,0.0,0.0,0.0,0.0,0.0,0.0,1.0,0.0,0.0,0.0
3,6,0.0,0.0,0.0,0.0,0.0,0.0,1.0,0.0,0.0,0.0
3,6,0.0,0.0,0.0,0.0,0.0,0.0,1.0,0.0,0.0,0.0
3,6,0.0,0.0,0.0,0.0,0.0,0.0,1.0,0.0,0.0,0.0
3,6,0.0,0.0,0.0,0.0,0.0,0.0,1.0,0.0,0.0,0.0
3,6,0.0,0.0,0.0,0.0,0.0,0.0,1.0,0.0,0.0,0.0
3,6,0.0,0.0,0.0,0.0,0.0,0.0,1.0,0.0,0.0,0.0
3,6,0.0,0.0,0.0,0.0,0.0,0.0,1.0,0.0,0.0,0.0
3,6,0.0,0.0,0.0,0.0,0.0,0.0,1.0,0.0,0.0,0.0
3,6,0.0,0.0,0.0,0.0,0.0,0.0,1.0,0.0,0.0,0.0
3,6,0.0,0.0,0.0,0.0,0.0,0.0,1.0,0.0,0.0,0.0
3,6,0.0,0.0,0.0,0.0,0.0,0.0,1.0,0.0,0.0,0.0
3,6,0.0,0.0,0.0,0.0,0.0,0.0,1.0,0.0,0.0,0.0
3,6,0.0,0.0,0.0,0.0,0.0,0.0,1.0,0.0,0.0,0.0
3,6,0.0,0.0,0.0,0.0,0.0,0.0,1.0,0.0,0.0,0.0
3,6,0.0,0.0,0.0,0.0,0.0,0.0,1.0,0.0,0.0,0.0
3,6,0.0,0.0,0.0,0.0,0.0,0.0,1.0,0.0,0.0,0.0
3,6,0.0,0.0,0.0,0.0,0.0,0.0,1.0,0.0,0.0,0.0
3,6,0.0,0.0,0.0,0.0,0.0,0.0,1.0,0.0,0.0,0.0
3,6,0.0,0.0,0.0,0.0,0.0,0.0,1.0,0.0,0.0,0.0
3,6,0.0,0.0,0.0,0.0,0.0,0.0,1.0,0.0,0.0,0.0
3,6,0.0,0.0,0.0,0.0,0.0,0.0,1.0,0.0,0.0,0.0
3,6,0.0,0.0,0.0,0.0,0.0,0.0,1.0,0.0,0.0,0.0
3,6,0.0,0.0,0.0,0.0,0.0,0.0,1.0,0.0,0.0,0.0
3,6,0.0,0.0,0.0,0.0,0.0,0.0,1.0,0.0,0.0,0.0
3,6,0.0,0.0,0.0,0.0,0.0,0.0,1.0,0.0,0.0,0.0
3,6,0.0,0.0,0.0,0.0,0.0,0.0,1.0,0.0,0.0,0.0
3,6,0.0,0.0,0.0,0.0,0.0,0.0,1.0,0.0,0.0,0.0
3,6,0.0,0.0,0.0,0.0,0.0,0.0,1.0,0.0,0.0,0.0
3,6,0.0,0.0,0.0,0.0,0.0,0.0,1.0,0.0,0.0,0.0
3,6,0.0,0.0,0.0,0.0,0.0,0.0,1.0,0.0,0.0,0.0
3,6,0.0,0.0,0.0,0.0,0.0,0.0,1.0,0.0,0.0,0.0
3,6,0.0,0.0,0.0,0.0,0.0,0.0,1.0,0.0,0.0,0.0
3,6,0.0,0.0,0.0,0.0,0.0,0.0,1.0,0.0,0.0,0.0
3,6,0.0,0.0,0.0,0.0,0.0,0.0,1.0,0.0,0.0,0.0
3,6,0.0,0.0,0.0,0.0,0.0,0.0,1.0,0.0,0.0,0.0
3,6,0.0,0.0,0.0,0.0,0.0,0.0,1.0,0.0,0.0,0.0
3,6,0.0,0.0,0.0,0.0,0.0,0.0,1.0,0.0,0.0,0.0
3,6,0.0,0.0,0.0,0.0,0.0,0.0,1.0,0.0,0.0,0.0
3,6,0.0,0.0,0.0,0.0,0.0,0.0,1.0,0.0,0.0,0.0
3,6,0.0,0.0,0.0,0.0,0.0,0.0,1.0,0.0,0.0,0.0
3,6,0.0,0.0,0.0,0.0,0.0,0.0,1.0,0.0,0.0,0.0
3,6,0.0,0.0,0.0,0.0,0.0,0.0,1.0,0.0,0.0,0.0
3,6,0.0,0.0,0.0,0.0,0.0,0.0,1.0,0.0,0.0,0.0
3,6,0.0,0.0,0.0,0.0,0.0,0.0,1.0,0.0,0.0,0.0
3,6,0.0,0.0,0.0,0.0,0.0,0.0,1.0,0.0,0.0,0.0
3,6,0.0,0.0,0.0,0.0,0.0,0.0,1.0,0.0,0.0,0.0
3,6,0.0,0.0,0.0,0.0,0.0,0.0,1.0,0.0,0.0,0.0
3,6,0.0,0.0,0.0,0.0,0.0,0.0,1.0,0.0,0.0,0.0
3,6,0.0,0.0,0.0,0.0,0.0,0.0,1.0,0.0,0.0,0.0
3,6,0.0,0.0,0.0,0.0,0.0,0.0,1.0,0.0,0.0,0.0
3,6,0.0,0.0,0.0,0.0,0.0,0.0,1.0,0.0,0.0,0.0
3,6,0.0,0.0,0.0,0.0,0.0,0.0,1.0,0.0,0.0,0.0
3,6,0.0,0.0,0.0,0.0,0.0,0.0,1.0,0.0,0.0,0.0
3,6,0.0,0.0,0.0,0.0,0.0,0.0,1.0,0.0,0.0,0.0
3,6,0.0,0.0,0.0,0.0,0.0,0.0,1.0,0.0,0.0,0.0
3,6,0.0,0.0,0.0,0.0,0.0,0.0,1.0,0.0,0.0,0.0
3,6,0.0,0.0,0.0,0.0,0.0,0.0,1.0,0.0,0.0,0.0
3,6,0.0,0.0,0.0,0.0,0.0,0.0,1.0,0.0,0.0,0.0
3,6,0.0,0.0,0.0,0.0,0.0,0.0,1.0,0.0,0.0,0.0
3,6,0.0,0.0,0.0,0.0,0.0,0.0,1.0,0.0,0.0,0.0
3,6,0.0,0.0,0.0,0.0,0.0,0.0,1.0,0.0,0.0,0.0
3,6,0.0,0.0,0.0,0.0,0.0,0.0,1.0,0.0,0.0,0.0
3,6,0.0,0.0,0.0,0.0,0.0,0.0,1.0,0.0,0.0,0.0
3,6,0.0,0.0,0.0,0.0,0.0,0.0,1.0,0.0,0.0,0.0
3,6,0.0,0.0,0.0,0.0,0.0,0.0,1.0,0.0,0.0,0.0
3,6,0.0,0.0,0.0,0.0,0.0,0.0,1.0,0.0,0.0,0.0
3,6,0.0,0.0,0.0,0.0,0.0,0.0,1.0,0.0,0.0,0.0
3,6,0.0,0.0,0.0,0.0,0.0,0.0,1.0,0.0,0.0,0.0
3,6,0.0,0.0,0.0,0.0,0.0,0.0,1.0,0.0,0.0,0.0
3,6,0.0,0.0,0.0,0.0,0.0,0.0,1.0,0.0,0.0,0.0
3,6,0.0,0.0,0.0,0.0,0.0,0.0,1.0,0.0,0.0,0.0
3,6,0.0,0.0,0.0,0.0,0.0,0.0,1.0,0.0,0.0,0.0
3,6,0.0,0.0,0.0,0.0,0.0,0.0,1.0,0.0,0.0,0.0
3,6,0.0,0.0,0.0,0.0,0.0,0.0,1.0,0.0,0.0,0.0
3,6,0.0,0.0,0.0,0.0,0.0,0.0,1.0,0.0,0.0,0.0
3,6,0.0,0.0,0.0,0.0,0.0,0.0,1.0,0.0,0.0,0.0
3,6,0.0,0.0,0.0,0.0,0.0,0.0,1.0,0.0,0.0,0.0
3,6,0.0,0.0,0.0,0.0,0.0,0.0,1.0,0.0,0.0,0.0
3,6,0.0,0.0,0.0,0.0,0.0,0.0,1.0,0.0,0.0,0.0
3,6,0.0,0.0,0.0,0.0,0.0,0.0,1.0,0.0,0.0,0.0
3,6,0.0,0.0,0.0,0.0,0.0,0.0,1.0,0.0,0.0,0.0
3,6,0.0,0.0,0.0,0.0,0.0,0.0,1.0,0.0,0.0,0.0
3,6,0.0,0.0,0.0,0.0,0.0,0.0,1.0,0.0,0.0,0.0
3,6,0.0,0.0,0.0,0.0,0.0,0.0,1.0,0.0,0.0,0.0
3,6,0.0,0.0,0.0,0.0,0.0,0.0,1.0,0.0,0.0,0.0
3,6,0.0,0.0,0.0,0.0,0.0,0.0,1.0,0.0,0.0,0.0
3,6,0.0,0.0,0.0,0.0,0.0,0.0,1.0,0.0,0.0,0.0
3,6,0.0,0.0,0.0,0.0,0.0,0.0,1.0,0.0,0.0,0.0
3,6,0.0,0.0,0.0,0.0,0.0,0.0,1.0,0.0,0.0,0.0
3,6,0.0,0.0,0.0,0.0,0.0,0.0,1.0,0.0,0.0,0.0
3,6,0.0,0.0,0.0,0.0,0.0,0.0,1.0,0.0,0.0,0.0
3,6,0.0,0.0,0.0,0.0,0.0,0.0,1.0,0.0,0.0,0.0
3,6,0.0,0.0,0.0,0.0,0.0,0.0,1.0,0.0,0.0,0.0
3,6,0.0,0.0,0.0,0.0,0.0,0.0,1.0,0.0,0.0,0.0
3,6,0.0,0.0,0.0,0.0,0.0,0.0,1.0,0.0,0.0,0.0
3,6,0.0,0.0,0.0,0.0,0.0,0.0,1.0,0.0,0.0,0.0
3,6,0.0,0.0,0.0,0.0,0.0,0.0,1.0,0.0,0.0,0.0
3,6,0.0,0.0,0.0,0.0,0.0,0.0,1.0,0.0,0.0,0.0
3,6,0.0,0.0,0.0,0.0,0.0,0.0,1.0,0.0,0.0,0.0
3,6,0.0,0.0,0.0,0.0,0.0,0.0,1.0,0.0,0.0,0.0
3,6,0.0,0.0,0.0,0.0,0.0,0.0,1.0,0.0,0.0,0.0
3,6,0.0,0.0,0.0,0.0,0.0,0.0,1.0,0.0,0.0,0.0
3,6,0.0,0.0,0.0,0.0,0.0,0.0,1.0,0.0,0.0,0.0
3,6,0.0,0.0,0.0,0.0,0.0,0.0,1.0,0.0,0.0,0.0
3,6,0.0,0.0,0.0,0.0,0.0,0.0,1.0,0.0,0.0,0.0
3,6,0.0,0.0,0.0,0.0,0.0,0.0,1.0,0.0,0.0,0.0
3,6,0.0,0.0,0.0,0.0,0.0,0.0,1.0,0.0,0.0,0.0
3,6,0.0,0.0,0.0,0.0,0.0,0.0,1.0,0.0,0.0,0.0
3,6,0.0,0.0,0.0,0.0,0.0,0.0,1.0,0.0,0.0,0.0
3,6,0.0,0.0,0.0,0.0,0.0,0.0,1.0,0.0,0.0,0.0
3,6,0.0,0.0,0.0,0.0,0.0,0.0,1.0,0.0,0.0,0.0
3,6,0.0,0.0,0.0,0.0,0.0,0.0,1.0,0.0,0.0,0.0
3,6,0.0,0.0,0.0,0.0,0.0,0.0,1.0,0.0,0.0,0.0
3,6,0.0,0.0,0.0,0.0,0.0,0.0,1.0,0.0,0.0,0.0
3,6,0.0,0.0,0.0,0.0,0.0,0.0,1.0,0.0,0.0,0.0
3,6,0.0,0.0,0.0,0.0,0.0,0.0,1.0,0.0,0.0,0.0
3,6,0.0,0.0,0.0,0.0,0.0,0.0,1.0,0.0,0.0,0.0
3,6,0.0,0.0,0.0,0.0,0.0,0.0,1.0,0.0,0.0,0.0
3,6,0.0,0.0,0.0,0.0,0.0,0.0,1.0,0.0,0.0,0.0
3,6,0.0,0.0,0.0,0.0,0.0,0.0,1.0,0.0,0.0,0.0
3,6,0.0,0.0,0.0,0.0,0.0,0.0,1.0,0.0,0.0,0.0
3,6,0.0,0.0,0.0,0.0,0.0,0.0,1.0,0.0,0.0,0.0
3,6,0.0,0.0,0.0,0.0,0.0,0.0,1.0,0.0,0.0,0.0
3,6,0.0,0.0,0.0,0.0,0.0,0.0,1.0,0.0,0.0,0.0
3,6,0.0,0.0,0.0,0.0,0.0,0.0,1.0,0.0,0.0,0.0
3,6,0.0,0.0,0.0,0.0,0.0,0.0,1.0,0.0,0.0,0.0
3,6,0.0,0.0,0.0,0.0,0.0,0.0,1.0,0.0,0.0,0.0
3,6,0.0,0.0,0.0,0.0,0.0,0.0,1.0,0.0,0.0,0.0
3,6,0.0,0.0,0.0,0.0,0.0,0.0,1.0,0.0,0.0,0.0
3,6,0.0,0.0,0.0,0.0,0.0,0.0,1.0,0.0,0.0,0.0
3,6,0.0,0.0,0.0,0.0,0.0,0.0,1.0,0.0,0.0,0.0
3,6,0.0,0.0,0.0,0.0,0.0,0.0,1.0,0.0,0.0,0.0
3,6,0.0,0.0,0.0,0.0,0.0,0.0,1.0,0.0,0.0,0.0
3,6,0.0,0.0,0.0,0.0,0.0,0.0,1.0,0.0,0.0,0.0
3,6,0.0,0.0,0.0,0.0,0.0,0.0,1.0,0.0,0.0,0.0
3,6,0.0,0.0,0.0,0.0,0.0,0.0,1.0,0.0,0.0,0.0
3,6,0.0,0.0,0.0,0.0,0.0,0.0,1.0,0.0,0.0,0.0
3,6,0.0,0.0,0.0,0.0,0.0,0.0,1.0,0.0,0.0,0.0
3,6,0.0,0.0,0.0,0.0,0.0,0.0,1.0,0.0,0.0,0.0
3,6,0.0,0.0,0.0,0.0,0.0,0.0,1.0,0.0,0.0,0.0
3,6,0.0,0.0,0.0,0.0,0.0,0.0,1.0,0.0,0.0,0.0
3,6,0.0,0.0,0.0,0.0,0.0,0.0,1.0,0.0,0.0,0.0
3,6,0.0,0.0,0.0,0.0,0.0,0.0,1.0,0.0,0.0,0.0
3,6,0.0,0.0,0.0,0.0,0.0,0.0,1.0,0.0,0.0,0.0
3,6,0.0,0.0,0.0,0.0,0.0,0.0,1.0,0.0,0.0,0.0
3,6,0.0,0.0,0.0,0.0,0.0,0.0,1.0,0.0,0.0,0.0
3,6,0.0,0.0,0.0,0.0,0.0,0.0,1.0,0.0,0.0,0.0
3,6,0.0,0.0,0.0,0.0,0.0,0.0,1.0,0.0,0.0,0.0
3,6,0.0,0.0,0.0,0.0,0.0,0.0,1.0,0.0,0.0,0.0
3,6,0.0,0.0,0.0,0.0,0.0,0.0,1.0,0.0,0.0,0.0
3,6,0.0,0.0,0.0,0.0,0.0,0.0,1.0,0.0,0.0,0.0
3,6,0.0,0.0,0.0,0.0,0.0,0.0,1.0,0.0,0.0,0.0
3,6,0.0,0.0,0.0,0.0,0.0,0.0,1.0,0.0,0.0,0.0
3,6,0.0,0.0,0.0,0.0,0.0,0.0,1.0,0.0,0.0,0.0
3,6,0.0,0.0,0.0,0.0,0.0,0.0,1.0,0.0,0.0,0.0
3,6,0.0,0.0,0.0,0.0,0.0,0.0,1.0,0.0,0.0,0.0
3,6,0.0,0.0,0.0,0.0,0.0,0.0,1.0,0.0,0.0,0.0
3,6,0.0,0.0,0.0,0.0,0.0,0.0,1.0,0.0,0.0,0.0
3,6,0.0,0.0,0.0,0.0,0.0,0.0,1.0,0.0,0.0,0.0
3,6,0.0,0.0,0.0,0.0,0.0,0.0,1.0,0.0,0.0,0.0
3,6,0.0,0.0,0.0,0.0,0.0,0.0,1.0,0.0,0.0,0.0
3,6,0.0,0.0,0.0,0.0,0.0,0.0,1.0,0.0,0.0,0.0
3,6,0.0,0.0,0.0,0.0,0.0,0.0,1.0,0.0,0.0,0.0
3,6,0.0,0.0,0.0,0.0,0.0,0.0,1.0,0.0,0.0,0.0
3,6,0.0,0.0,0.0,0.0,0.0,0.0,1.0,0.0,0.0,0.0
3,6,0.0,0.0,0.0,0.0,0.0,0.0,1.0,0.0,0.0,0.0
3,6,0.0,0.0,0.0,0.0,0.0,0.0,1.0,0.0,0.0,0.0
3,6,0.0,0.0,0.0,0.0,0.0,0.0,1.0,0.0,0.0,0.0
3,6,0.0,0.0,0.0,0.0,0.0,0.0,1.0,0.0,0.0,0.0
3,6,0.0,0.0,0.0,0.0,0.0,0.0,1.0,0.0,0.0,0.0
3,6,0.0,0.0,0.0,0.0,0.0,0.0,1.0,0.0,0.0,0.0
3,6,0.0,0.0,0.0,0.0,0.0,0.0,1.0,0.0,0.0,0.0
3,6,0.0,0.0,0.0,0.0,0.0,0.0,1.0,0.0,0.0,0.0
3,6,0.0,0.0,0.0,0.0,0.0,0.0,1.0,0.0,0.0,0.0
3,6,0.0,0.0,0.0,0.0,0.0,0.0,1.0,0.0,0.0,0.0
3,6,0.0,0.0,0.0,0.0,0.0,0.0,1.0,0.0,0.0,0.0
3,6,0.0,0.0,0.0,0.0,0.0,0.0,1.0,0.0,0.0,0.0
3,6,0.0,0.0,0.0,0.0,0.0,0.0,1.0,0.0,0.0,0.0
3,6,0.0,0.0,0.0,0.0,0.0,0.0,1.0,0.0,0.0,0.0
3,6,0.0,0.0,0.0,0.0,0.0,0.0,1.0,0.0,0.0,0.0
3,6,0.0,0.0,0.0,0.0,0.0,0.0,1.0,0.0,0.0,0.0
3,6,0.0,0.0,0.0,0.0,0.0,0.0,1.0,0.0,0.0,0.0
3,6,0.0,0.0,0.0,0.0,0.0,0.0,1.0,0.0,0.0,0.0
3,6,0.0,0.0,0.0,0.0,0.0,0.0,1.0,0.0,0.0,0.0
3,6,0.0,0.0,0.0,0.0,0.0,0.0,1.0,0.0,0.0,0.0
3,6,0.0,0.0,0.0,0.0,0.0,0.0,1.0,0.0,0.0,0.0
3,6,0.0,0.0,0.0,0.0,0.0,0.0,1.0,0.0,0.0,0.0
3,6,0.0,0.0,0.0,0.0,0.0,0.0,1.0,0.0,0.0,0.0
3,6,0.0,0.0,0.0,0.0,0.0,0.0,1.0,0.0,0.0,0.0
3,6,0.0,0.0,0.0,0.0,0.0,0.0,1.0,0.0,0.0,0.0
3,6,0.0,0.0,0.0,0.0,0.0,0.0,1.0,0.0,0.0,0.0
3,6,0.0,0.0,0.0,0.0,0.0,0.0,1.0,0.0,0.0,0.0
3,6,0.0,0.0,0.0,0.0,0.0,0.0,1.0,0.0,0.0,0.0
3,6,0.0,0.0,0.0,0.0,0.0,0.0,1.0,0.0,0.0,0.0
3,6,0.0,0.0,0.0,0.0,0.0,0.0,1.0,0.0,0.0,0.0
3,6,0.0,0.0,0.0,0.0,0.0,0.0,1.0,0.0,0.0,0.0
3,6,0.0,0.0,0.0,0.0,0.0,0.0,1.0,0.0,0.0,0.0
3,6,0.0,0.0,0.0,0.0,0.0,0.0,1.0,0.0,0.0,0.0
3,6,0.0,0.0,0.0,0.0,0.0,0.0,1.0,0.0,0.0,0.0
3,6,0.0,0.0,0.0,0.0,0.0,0.0,1.0,0.0,0.0,0.0
3,6,0.0,0.0,0.0,0.0,0.0,0.0,1.0,0.0,0.0,0.0
3,6,0.0,0.0,0.0,0.0,0.0,0.0,1.0,0.0,0.0,0.0
3,6,0.0,0.0,0.0,0.0,0.0,0.0,1.0,0.0,0.0,0.0
3,6,0.0,0.0,0.0,0.0,0.0,0.0,1.0,0.0,0.0,0.0
3,6,0.0,0.0,0.0,0.0,0.0,0.0,1.0,0.0,0.0,0.0
3,6,0.0,0.0,0.0,0.0,0.0,0.0,1.0,0.0,0.0,0.0
3,6,0.0,0.0,0.0,0.0,0.0,0.0,1.0,0.0,0.0,0.0
3,6,0.0,0.0,0.0,0.0,0.0,0.0,1.0,0.0,0.0,0.0
3,6,0.0,0.0,0.0,0.0,0.0,0.0,1.0,0.0,0.0,0.0
3,6,0.0,0.0,0.0,0.0,0.0,0.0,1.0,0.0,0.0,0.0
3,6,0.0,0.0,0.0,0.0,0.0,0.0,1.0,0.0,0.0,0.0
3,6,0.0,0.0,0.0,0.0,0.0,0.0,1.0,0.0,0.0,0.0
3,6,0.0,0.0,0.0,0.0,0.0,0.0,1.0,0.0,0.0,0.0
3,6,0.0,0.0,0.0,0.0,0.0,0.0,1.0,0.0,0.0,0.0
3,6,0.0,0.0,0.0,0.0,0.0,0.0,1.0,0.0,0.0,0.0
3,6,0.0,0.0,0.0,0.0,0.0,0.0,1.0,0.0,0.0,0.0
3,6,0.0,0.0,0.0,0.0,0.0,0.0,1.0,0.0,0.0,0.0
3,6,0.0,0.0,0.0,0.0,0.0,0.0,1.0,0.0,0.0,0.0
3,6,0.0,0.0,0.0,0.0,0.0,0.0,1.0,0.0,0.0,0.0
3,6,0.0,0.0,0.0,0.0,0.0,0.0,1.0,0.0,0.0,0.0
3,6,0.0,0.0,0.0,0.0,0.0,0.0,1.0,0.0,0.0,0.0
3,6,0.0,0.0,0.0,0.0,0.0,0.0,1.0,0.0,0.0,0.0
3,6,0.0,0.0,0.0,0.0,0.0,0.0,1.0,0.0,0.0,0.0
3,6,0.0,0.0,0.0,0.0,0.0,0.0,1.0,0.0,0.0,0.0
3,6,0.0,0.0,0.0,0.0,0.0,0.0,1.0,0.0,0.0,0.0
3,6,0.0,0.0,0.0,0.0,0.0,0.0,1.0,0.0,0.0,0.0
3,6,0.0,0.0,0.0,0.0,0.0,0.0,1.0,0.0,0.0,0.0
3,6,0.0,0.0,0.0,0.0,0.0,0.0,1.0,0.0,0.0,0.0
3,6,0.0,0.0,0.0,0.0,0.0,0.0,1.0,0.0,0.0,0.0
3,6,0.0,0.0,0.0,0.0,0.0,0.0,1.0,0.0,0.0,0.0
3,6,0.0,0.0,0.0,0.0,0.0,0.0,1.0,0.0,0.0,0.0
3,6,0.0,0.0,0.0,0.0,0.0,0.0,1.0,0.0,0.0,0.0
3,6,0.0,0.0,0.0,0.0,0.0,0.0,1.0,0.0,0.0,0.0
3,6,0.0,0.0,0.0,0.0,0.0,0.0,1.0,0.0,0.0,0.0
3,6,0.0,0.0,0.0,0.0,0.0,0.0,1.0,0.0,0.0,0.0
3,6,0.0,0.0,0.0,0.0,0.0,0.0,1.0,0.0,0.0,0.0
3,6,0.0,0.0,0.0,0.0,0.0,0.0,1.0,0.0,0.0,0.0
3,6,0.0,0.0,0.0,0.0,0.0,0.0,1.0,0.0,0.0,0.0
3,6,0.0,0.0,0.0,0.0,0.0,0.0,1.0,0.0,0.0,0.0
3,6,0.0,0.0,0.0,0.0,0.0,0.0,1.0,0.0,0.0,0.0
3,6,0.0,0.0,0.0,0.0,0.0,0.0,1.0,0.0,0.0,0.0
3,6,0.0,0.0,0.0,0.0,0.0,0.0,1.0,0.0,0.0,0.0
3,6,0.0,0.0,0.0,0.0,0.0,0.0,1.0,0.0,0.0,0.0
3,6,0.0,0.0,0.0,0.0,0.0,0.0,1.0,0.0,0.0,0.0
3,6,0.0,0.0,0.0,0.0,0.0,0.0,1.0,0.0,0.0,0.0
3,6,0.0,0.0,0.0,0.0,0.0,0.0,1.0,0.0,0.0,0.0
3,6,0.0,0.0,0.0,0.0,0.0,0.0,1.0,0.0,0.0,0.0
3,6,0.0,0.0,0.0,0.0,0.0,0.0,1.0,0.0,0.0,0.0
3,6,0.0,0.0,0.0,0.0,0.0,0.0,1.0,0.0,0.0,0.0
3,6,0.0,0.0,0.0,0.0,0.0,0.0,1.0,0.0,0.0,0.0
3,6,0.0,0.0,0.0,0.0,0.0,0.0,1.0,0.0,0.0,0.0
3,6,0.0,0.0,0.0,0.0,0.0,0.0,1.0,0.0,0.0,0.0
3,6,0.0,0.0,0.0,0.0,0.0,0.0,1.0,0.0,0.0,0.0
3,6,0.0,0.0,0.0,0.0,0.0,0.0,1.0,0.0,0.0,0.0
3,6,0.0,0.0,0.0,0.0,0.0,0.0,1.0,0.0,0.0,0.0
3,6,0.0,0.0,0.0,0.0,0.0,0.0,1.0,0.0,0.0,0.0
3,6,0.0,0.0,0.0,0.0,0.0,0.0,1.0,0.0,0.0,0.0
3,6,0.0,0.0,0.0,0.0,0.0,0.0,1.0,0.0,0.0,0.0
3,6,0.0,0.0,0.0,0.0,0.0,0.0,1.0,0.0,0.0,0.0
3,6,0.0,0.0,0.0,0.0,0.0,0.0,1.0,0.0,0.0,0.0
3,6,0.0,0.0,0.0,0.0,0.0,0.0,1.0,0.0,0.0,0.0
3,6,0.0,0.0,0.0,0.0,0.0,0.0,1.0,0.0,0.0,0.0
3,6,0.0,0.0,0.0,0.0,0.0,0.0,1.0,0.0,0.0,0.0
3,6,0.0,0.0,0.0,0.0,0.0,0.0,1.0,0.0,0.0,0.0
3,6,0.0,0.0,0.0,0.0,0.0,0.0,1.0,0.0,0.0,0.0
3,6,0.0,0.0,0.0,0.0,0.0,0.0,1.0,0.0,0.0,0.0
3,6,0.0,0.0,0.0,0.0,0.0,0.0,1.0,0.0,0.0,0.0
3,6,0.0,0.0,0.0,0.0,0.0,0.0,1.0,0.0,0.0,0.0
3,6,0.0,0.0,0.0,0.0,0.0,0.0,1.0,0.0,0.0,0.0
3,6,0.0,0.0,0.0,0.0,0.0,0.0,1.0,0.0,0.0,0.0
3,6,0.0,0.0,0.0,0.0,0.0,0.0,1.0,0.0,0.0,0.0
3,6,0.0,0.0,0.0,0.0,0.0,0.0,1.0,0.0,0.0,0.0
3,6,0.0,0.0,0.0,0.0,0.0,0.0,1.0,0.0,0.0,0.0
3,6,0.0,0.0,0.0,0.0,0.0,0.0,1.0,0.0,0.0,0.0
3,6,0.0,0.0,0.0,0.0,0.0,0.0,1.0,0.0,0.0,0.0
3,6,0.0,0.0,0.0,0.0,0.0,0.0,1.0,0.0,0.0,0.0
3,6,0.0,0.0,0.0,0.0,0.0,0.0,1.0,0.0,0.0,0.0
3,6,0.0,0.0,0.0,0.0,0.0,0.0,1.0,0.0,0.0,0.0
3,6,0.0,0.0,0.0,0.0,0.0,0.0,1.0,0.0,0.0,0.0
3,6,0.0,0.0,0.0,0.0,0.0,0.0,1.0,0.0,0.0,0.0
3,6,0.0,0.0,0.0,0.0,0.0,0.0,1.0,0.0,0.0,0.0
3,6,0.0,0.0,0.0,0.0,0.0,0.0,1.0,0.0,0.0,0.0
3,6,0.0,0.0,0.0,0.0,0.0,0.0,1.0,0.0,0.0,0.0
3,6,0.0,0.0,0.0,0.0,0.0,0.0,1.0,0.0,0.0,0.0
3,6,0.0,0.0,0.0,0.0,0.0,0.0,1.0,0.0,0.0,0.0
3,6,0.0,0.0,0.0,0.0,0.0,0.0,1.0,0.0,0.0,0.0
3,6,0.0,0.0,0.0,0.0,0.0,0.0,1.0,0.0,0.0,0.0
3,6,0.0,0.0,0.0,0.0,0.0,0.0,1.0,0.0,0.0,0.0
3,6,0.0,0.0,0.0,0.0,0.0,0.0,1.0,0.0,0.0,0.0
3,6,0.0,0.0,0.0,0.0,0.0,0.0,1.0,0.0,0.0,0.0
3,6,0.0,0.0,0.0,0.0,0.0,0.0,1.0,0.0,0.0,0.0
3,6,0.0,0.0,0.0,0.0,0.0,0.0,1.0,0.0,0.0,0.0
3,6,0.0,0.0,0.0,0.0,0.0,0.0,1.0,0.0,0.0,0.0
3,6,0.0,0.0,0.0,0.0,0.0,0.0,1.0,0.0,0.0,0.0
3,6,0.0,0.0,0.0,0.0,0.0,0.0,1.0,0.0,0.0,0.0
3,6,0.0,0.0,0.0,0.0,0.0,0.0,1.0,0.0,0.0,0.0
3,6,0.0,0.0,0.0,0.0,0.0,0.0,1.0,0.0,0.0,0.0
3,6,0.0,0.0,0.0,0.0,0.0,0.0,1.0,0.0,0.0,0.0
3,6,0.0,0.0,0.0,0.0,0.0,0.0,1.0,0.0,0.0,0.0
3,6,0.0,0.0,0.0,0.0,0.0,0.0,1.0,0.0,0.0,0.0
3,6,0.0,0.0,0.0,0.0,0.0,0.0,1.0,0.0,0.0,0.0
3,6,0.0,0.0,0.0,0.0,0.0,0.0,1.0,0.0,0.0,0.0
3,6,0.0,0.0,0.0,0.0,0.0,0.0,1.0,0.0,0.0,0.0
3,6,0.0,0.0,0.0,0.0,0.0,0.0,1.0,0.0,0.0,0.0
3,6,0.0,0.0,0.0,0.0,0.0,0.0,1.0,0.0,0.0,0.0
3,6,0.0,0.0,0.0,0.0,0.0,0.0,1.0,0.0,0.0,0.0
3,6,0.0,0.0,0.0,0.0,0.0,0.0,1.0,0.0,0.0,0.0
3,6,0.0,0.0,0.0,0.0,0.0,0.0,1.0,0.0,0.0,0.0
3,6,0.0,0.0,0.0,0.0,0.0,0.0,1.0,0.0,0.0,0.0
3,6,0.0,0.0,0.0,0.0,0.0,0.0,1.0,0.0,0.0,0.0
3,6,0.0,0.0,0.0,0.0,0.0,0.0,1.0,0.0,0.0,0.0
3,6,0.0,0.0,0.0,0.0,0.0,0.0,1.0,0.0,0.0,0.0
3,6,0.0,0.0,0.0,0.0,0.0,0.0,1.0,0.0,0.0,0.0
3,6,0.0,0.0,0.0,0.0,0.0,0.0,1.0,0.0,0.0,0.0
3,6,0.0,0.0,0.0,0.0,0.0,0.0,1.0,0.0,0.0,0.0
3,6,0.0,0.0,0.0,0.0,0.0,0.0,1.0,0.0,0.0,0.0
3,6,0.0,0.0,0.0,0.0,0.0,0.0,1.0,0.0,0.0,0.0
3,6,0.0,0.0,0.0,0.0,0.0,0.0,1.0,0.0,0.0,0.0
3,6,0.0,0.0,0.0,0.0,0.0,0.0,1.0,0.0,0.0,0.0
3,6,0.0,0.0,0.0,0.0,0.0,0.0,1.0,0.0,0.0,0.0
3,6,0.0,0.0,0.0,0.0,0.0,0.0,1.0,0.0,0.0,0.0
3,6,0.0,0.0,0.0,0.0,0.0,0.0,1.0,0.0,0.0,0.0
3,6,0.0,0.0,0.0,0.0,0.0,0.0,1.0,0.0,0.0,0.0
3,6,0.0,0.0,0.0,0.0,0.0,0.0,1.0,0.0,0.0,0.0
3,6,0.0,0.0,0.0,0.0,0.0,0.0,1.0,0.0,0.0,0.0
3,6,0.0,0.0,0.0,0.0,0.0,0.0,1.0,0.0,0.0,0.0
3,6,0.0,0.0,0.0,0.0,0.0,0.0,1.0,0.0,0.0,0.0
3,6,0.0,0.0,0.0,0.0,0.0,0.0,1.0,0.0,0.0,0.0
3,6,0.0,0.0,0.0,0.0,0.0,0.0,1.0,0.0,0.0,0.0
3,6,0.0,0.0,0.0,0.0,0.0,0.0,1.0,0.0,0.0,0.0
3,6,0.0,0.0,0.0,0.0,0.0,0.0,1.0,0.0,0.0,0.0
3,6,0.0,0.0,0.0,0.0,0.0,0.0,1.0,0.0,0.0,0.0
3,6,0.0,0.0,0.0,0.0,0.0,0.0,1.0,0.0,0.0,0.0
3,6,0.0,0.0,0.0,0.0,0.0,0.0,1.0,0.0,0.0,0.0
3,6,0.0,0.0,0.0,0.0,0.0,0.0,1.0,0.0,0.0,0.0
3,6,0.0,0.0,0.0,0.0,0.0,0.0,1.0,0.0,0.0,0.0
3,6,0.0,0.0,0.0,0.0,0.0,0.0,1.0,0.0,0.0,0.0
3,6,0.0,0.0,0.0,0.0,0.0,0.0,1.0,0.0,0.0,0.0
3,6,0.0,0.0,0.0,0.0,0.0,0.0,1.0,0.0,0.0,0.0
3,6,0.0,0.0,0.0,0.0,0.0,0.0,1.0,0.0,0.0,0.0
3,6,0.0,0.0,0.0,0.0,0.0,0.0,1.0,0.0,0.0,0.0
3,6,0.0,0.0,0.0,0.0,0.0,0.0,1.0,0.0,0.0,0.0
3,6,0.0,0.0,0.0,0.0,0.0,0.0,1.0,0.0,0.0,0.0
3,6,0.0,0.0,0.0,0.0,0.0,0.0,1.0,0.0,0.0,0.0
3,6,0.0,0.0,0.0,0.0,0.0,0.0,1.0,0.0,0.0,0.0
3,6,0.0,0.0,0.0,0.0,0.0,0.0,1.0,0.0,0.0,0.0
3,6,0.0,0.0,0.0,0.0,0.0,0.0,1.0,0.0,0.0,0.0
3,6,0.0,0.0,0.0,0.0,0.0,0.0,1.0,0.0,0.0,0.0
3,6,0.0,0.0,0.0,0.0,0.0,0.0,1.0,0.0,0.0,0.0
3,6,0.0,0.0,0.0,0.0,0.0,0.0,1.0,0.0,0.0,0.0
3,6,0.0,0.0,0.0,0.0,0.0,0.0,1.0,0.0,0.0,0.0
3,6,0.0,0.0,0.0,0.0,0.0,0.0,1.0,0.0,0.0,0.0
3,6,0.0,0.0,0.0,0.0,0.0,0.0,1.0,0.0,0.0,0.0
3,6,0.0,0.0,0.0,0.0,0.0,0.0,1.0,0.0,0.0,0.0
3,6,0.0,0.0,0.0,0.0,0.0,0.0,1.0,0.0,0.0,0.0
3,6,0.0,0.0,0.0,0.0,0.0,0.0,1.0,0.0,0.0,0.0
3,6,0.0,0.0,0.0,0.0,0.0,0.0,1.0,0.0,0.0,0.0
3,6,0.0,0.0,0.0,0.0,0.0,0.0,1.0,0.0,0.0,0.0
3,6,0.0,0.0,0.0,0.0,0.0,0.0,1.0,0.0,0.0,0.0
3,6,0.0,0.0,0.0,0.0,0.0,0.0,1.0,0.0,0.0,0.0
3,6,0.0,0.0,0.0,0.0,0.0,0.0,1.0,0.0,0.0,0.0
3,6,0.0,0.0,0.0,0.0,0.0,0.0,1.0,0.0,0.0,0.0
3,6,0.0,0.0,0.0,0.0,0.0,0.0,1.0,0.0,0.0,0.0
3,6,0.0,0.0,0.0,0.0,0.0,0.0,1.0,0.0,0.0,0.0
3,6,0.0,0.0,0.0,0.0,0.0,0.0,1.0,0.0,0.0,0.0
3,6,0.0,0.0,0.0,0.0,0.0,0.0,1.0,0.0,0.0,0.0
3,6,0.0,0.0,0.0,0.0,0.0,0.0,1.0,0.0,0.0,0.0
3,6,0.0,0.0,0.0,0.0,0.0,0.0,1.0,0.0,0.0,0.0
3,6,0.0,0.0,0.0,0.0,0.0,0.0,1.0,0.0,0.0,0.0
3,6,0.0,0.0,0.0,0.0,0.0,0.0,1.0,0.0,0.0,0.0
3,6,0.0,0.0,0.0,0.0,0.0,0.0,1.0,0.0,0.0,0.0
3,6,0.0,0.0,0.0,0.0,0.0,0.0,1.0,0.0,0.0,0.0
3,6,0.0,0.0,0.0,0.0,0.0,0.0,1.0,0.0,0.0,0.0
3,6,0.0,0.0,0.0,0.0,0.0,0.0,1.0,0.0,0.0,0.0
3,6,0.0,0.0,0.0,0.0,0.0,0.0,1.0,0.0,0.0,0.0
3,6,0.0,0.0,0.0,0.0,0.0,0.0,1.0,0.0,0.0,0.0
3,6,0.0,0.0,0.0,0.0,0.0,0.0,1.0,0.0,0.0,0.0
3,6,0.0,0.0,0.0,0.0,0.0,0.0,1.0,0.0,0.0,0.0
3,6,0.0,0.0,0.0,0.0,0.0,0.0,1.0,0.0,0.0,0.0
3,6,0.0,0.0,0.0,0.0,0.0,0.0,1.0,0.0,0.0,0.0
3,6,0.0,0.0,0.0,0.0,0.0,0.0,1.0,0.0,0.0,0.0
3,6,0.0,0.0,0.0,0.0,0.0,0.0,1.0,0.0,0.0,0.0
3,6,0.0,0.0,0.0,0.0,0.0,0.0,1.0,0.0,0.0,0.0
3,6,0.0,0.0,0.0,0.0,0.0,0.0,1.0,0.0,0.0,0.0
3,6,0.0,0.0,0.0,0.0,0.0,0.0,1.0,0.0,0.0,0.0
3,6,0.0,0.0,0.0,0.0,0.0,0.0,1.0,0.0,0.0,0.0
3,6,0.0,0.0,0.0,0.0,0.0,0.0,1.0,0.0,0.0,0.0
3,6,0.0,0.0,0.0,0.0,0.0,0.0,1.0,0.0,0.0,0.0
3,6,0.0,0.0,0.0,0.0,0.0,0.0,1.0,0.0,0.0,0.0
3,6,0.0,0.0,0.0,0.0,0.0,0.0,1.0,0.0,0.0,0.0
3,6,0.0,0.0,0.0,0.0,0.0,0.0,1.0,0.0,0.0,0.0
3,6,0.0,0.0,0.0,0.0,0.0,0.0,1.0,0.0,0.0,0.0
3,6,0.0,0.0,0.0,0.0,0.0,0.0,1.0,0.0,0.0,0.0
3,6,0.0,0.0,0.0,0.0,0.0,0.0,1.0,0.0,0.0,0.0
3,6,0.0,0.0,0.0,0.0,0.0,0.0,1.0,0.0,0.0,0.0
3,6,0.0,0.0,0.0,0.0,0.0,0.0,1.0,0.0,0.0,0.0
3,6,0.0,0.0,0.0,0.0,0.0,0.0,1.0,0.0,0.0,0.0
3,6,0.0,0.0,0.0,0.0,0.0,0.0,1.0,0.0,0.0,0.0
3,6,0.0,0.0,0.0,0.0,0.0,0.0,1.0,0.0,0.0,0.0
3,6,0.0,0.0,0.0,0.0,0.0,0.0,1.0,0.0,0.0,0.0
3,6,0.0,0.0,0.0,0.0,0.0,0.0,1.0,0.0,0.0,0.0
3,6,0.0,0.0,0.0,0.0,0.0,0.0,1.0,0.0,0.0,0.0
3,6,0.0,0.0,0.0,0.0,0.0,0.0,1.0,0.0,0.0,0.0
3,6,0.0,0.0,0.0,0.0,0.0,0.0,1.0,0.0,0.0,0.0
3,6,0.0,0.0,0.0,0.0,0.0,0.0,1.0,0.0,0.0,0.0
3,6,0.0,0.0,0.0,0.0,0.0,0.0,1.0,0.0,0.0,0.0
3,6,0.0,0.0,0.0,0.0,0.0,0.0,1.0,0.0,0.0,0.0
3,6,0.0,0.0,0.0,0.0,0.0,0.0,1.0,0.0,0.0,0.0
3,6,0.0,0.0,0.0,0.0,0.0,0.0,1.0,0.0,0.0,0.0
3,6,0.0,0.0,0.0,0.0,0.0,0.0,1.0,0.0,0.0,0.0
3,6,0.0,0.0,0.0,0.0,0.0,0.0,1.0,0.0,0.0,0.0
3,6,0.0,0.0,0.0,0.0,0.0,0.0,1.0,0.0,0.0,0.0
3,6,0.0,0.0,0.0,0.0,0.0,0.0,1.0,0.0,0.0,0.0
3,6,0.0,0.0,0.0,0.0,0.0,0.0,1.0,0.0,0.0,0.0
3,6,0.0,0.0,0.0,0.0,0.0,0.0,1.0,0.0,0.0,0.0
3,6,0.0,0.0,0.0,0.0,0.0,0.0,1.0,0.0,0.0,0.0
3,6,0.0,0.0,0.0,0.0,0.0,0.0,1.0,0.0,0.0,0.0
3,6,0.0,0.0,0.0,0.0,0.0,0.0,1.0,0.0,0.0,0.0
3,6,0.0,0.0,0.0,0.0,0.0,0.0,1.0,0.0,0.0,0.0
3,6,0.0,0.0,0.0,0.0,0.0,0.0,1.0,0.0,0.0,0.0
3,6,0.0,0.0,0.0,0.0,0.0,0.0,1.0,0.0,0.0,0.0
3,6,0.0,0.0,0.0,0.0,0.0,0.0,1.0,0.0,0.0,0.0
3,6,0.0,0.0,0.0,0.0,0.0,0.0,1.0,0.0,0.0,0.0
3,6,0.0,0.0,0.0,0.0,0.0,0.0,1.0,0.0,0.0,0.0
3,6,0.0,0.0,0.0,0.0,0.0,0.0,1.0,0.0,0.0,0.0
3,6,0.0,0.0,0.0,0.0,0.0,0.0,1.0,0.0,0.0,0.0
3,6,0.0,0.0,0.0,0.0,0.0,0.0,1.0,0.0,0.0,0.0
3,6,0.0,0.0,0.0,0.0,0.0,0.0,1.0,0.0,0.0,0.0
3,6,0.0,0.0,0.0,0.0,0.0,0.0,1.0,0.0,0.0,0.0
3,6,0.0,0.0,0.0,0.0,0.0,0.0,1.0,0.0,0.0,0.0
3,6,0.0,0.0,0.0,0.0,0.0,0.0,1.0,0.0,0.0,0.0
3,6,0.0,0.0,0.0,0.0,0.0,0.0,1.0,0.0,0.0,0.0
3,6,0.0,0.0,0.0,0.0,0.0,0.0,1.0,0.0,0.0,0.0
3,6,0.0,0.0,0.0,0.0,0.0,0.0,1.0,0.0,0.0,0.0
3,6,0.0,0.0,0.0,0.0,0.0,0.0,1.0,0.0,0.0,0.0
3,6,0.0,0.0,0.0,0.0,0.0,0.0,1.0,0.0,0.0,0.0
3,6,0.0,0.0,0.0,0.0,0.0,0.0,1.0,0.0,0.0,0.0
3,6,0.0,0.0,0.0,0.0,0.0,0.0,1.0,0.0,0.0,0.0
3,6,0.0,0.0,0.0,0.0,0.0,0.0,1.0,0.0,0.0,0.0
3,6,0.0,0.0,0.0,0.0,0.0,0.0,1.0,0.0,0.0,0.0
3,6,0.0,0.0,0.0,0.0,0.0,0.0,1.0,0.0,0.0,0.0
3,6,0.0,0.0,0.0,0.0,0.0,0.0,1.0,0.0,0.0,0.0
3,6,0.0,0.0,0.0,0.0,0.0,0.0,1.0,0.0,0.0,0.0
3,6,0.0,0.0,0.0,0.0,0.0,0.0,1.0,0.0,0.0,0.0
3,6,0.0,0.0,0.0,0.0,0.0,0.0,1.0,0.0,0.0,0.0
3,6,0.0,0.0,0.0,0.0,0.0,0.0,1.0,0.0,0.0,0.0
3,6,0.0,0.0,0.0,0.0,0.0,0.0,1.0,0.0,0.0,0.0
3,6,0.0,0.0,0.0,0.0,0.0,0.0,1.0,0.0,0.0,0.0
3,6,0.0,0.0,0.0,0.0,0.0,0.0,1.0,0.0,0.0,0.0
3,6,0.0,0.0,0.0,0.0,0.0,0.0,1.0,0.0,0.0,0.0
3,6,0.0,0.0,0.0,0.0,0.0,0.0,1.0,0.0,0.0,0.0
3,6,0.0,0.0,0.0,0.0,0.0,0.0,1.0,0.0,0.0,0.0
3,6,0.0,0.0,0.0,0.0,0.0,0.0,1.0,0.0,0.0,0.0
3,6,0.0,0.0,0.0,0.0,0.0,0.0,1.0,0.0,0.0,0.0
3,6,0.0,0.0,0.0,0.0,0.0,0.0,1.0,0.0,0.0,0.0
3,6,0.0,0.0,0.0,0.0,0.0,0.0,1.0,0.0,0.0,0.0
3,6,0.0,0.0,0.0,0.0,0.0,0.0,1.0,0.0,0.0,0.0
3,6,0.0,0.0,0.0,0.0,0.0,0.0,1.0,0.0,0.0,0.0
3,6,0.0,0.0,0.0,0.0,0.0,0.0,1.0,0.0,0.0,0.0
3,6,0.0,0.0,0.0,0.0,0.0,0.0,1.0,0.0,0.0,0.0
3,6,0.0,0.0,0.0,0.0,0.0,0.0,1.0,0.0,0.0,0.0
3,6,0.0,0.0,0.0,0.0,0.0,0.0,1.0,0.0,0.0,0.0
3,6,0.0,0.0,0.0,0.0,0.0,0.0,1.0,0.0,0.0,0.0
3,6,0.0,0.0,0.0,0.0,0.0,0.0,1.0,0.0,0.0,0.0
3,6,0.0,0.0,0.0,0.0,0.0,0.0,1.0,0.0,0.0,0.0
3,6,0.0,0.0,0.0,0.0,0.0,0.0,1.0,0.0,0.0,0.0
3,6,0.0,0.0,0.0,0.0,0.0,0.0,1.0,0.0,0.0,0.0
3,6,0.0,0.0,0.0,0.0,0.0,0.0,1.0,0.0,0.0,0.0
3,6,0.0,0.0,0.0,0.0,0.0,0.0,1.0,0.0,0.0,0.0
3,6,0.0,0.0,0.0,0.0,0.0,0.0,1.0,0.0,0.0,0.0
3,6,0.0,0.0,0.0,0.0,0.0,0.0,1.0,0.0,0.0,0.0
3,6,0.0,0.0,0.0,0.0,0.0,0.0,1.0,0.0,0.0,0.0
3,6,0.0,0.0,0.0,0.0,0.0,0.0,1.0,0.0,0.0,0.0
3,6,0.0,0.0,0.0,0.0,0.0,0.0,1.0,0.0,0.0,0.0
3,6,0.0,0.0,0.0,0.0,0.0,0.0,1.0,0.0,0.0,0.0
3,6,0.0,0.0,0.0,0.0,0.0,0.0,1.0,0.0,0.0,0.0
3,6,0.0,0.0,0.0,0.0,0.0,0.0,1.0,0.0,0.0,0.0
3,6,0.0,0.0,0.0,0.0,0.0,0.0,1.0,0.0,0.0,0.0
3,6,0.0,0.0,0.0,0.0,0.0,0.0,1.0,0.0,0.0,0.0
3,6,0.0,0.0,0.0,0.0,0.0,0.0,1.0,0.0,0.0,0.0
3,6,0.0,0.0,0.0,0.0,0.0,0.0,1.0,0.0,0.0,0.0
3,6,0.0,0.0,0.0,0.0,0.0,0.0,1.0,0.0,0.0,0.0
3,6,0.0,0.0,0.0,0.0,0.0,0.0,1.0,0.0,0.0,0.0
3,6,0.0,0.0,0.0,0.0,0.0,0.0,1.0,0.0,0.0,0.0
3,6,0.0,0.0,0.0,0.0,0.0,0.0,1.0,0.0,0.0,0.0
3,6,0.0,0.0,0.0,0.0,0.0,0.0,1.0,0.0,0.0,0.0
3,6,0.0,0.0,0.0,0.0,0.0,0.0,1.0,0.0,0.0,0.0
3,6,0.0,0.0,0.0,0.0,0.0,0.0,1.0,0.0,0.0,0.0
3,6,0.0,0.0,0.0,0.0,0.0,0.0,1.0,0.0,0.0,0.0
3,6,0.0,0.0,0.0,0.0,0.0,0.0,1.0,0.0,0.0,0.0
3,6,0.0,0.0,0.0,0.0,0.0,0.0,1.0,0.0,0.0,0.0
3,6,0.0,0.0,0.0,0.0,0.0,0.0,1.0,0.0,0.0,0.0
3,6,0.0,0.0,0.0,0.0,0.0,0.0,1.0,0.0,0.0,0.0
3,6,0.0,0.0,0.0,0.0,0.0,0.0,1.0,0.0,0.0,0.0
3,6,0.0,0.0,0.0,0.0,0.0,0.0,1.0,0.0,0.0,0.0
3,6,0.0,0.0,0.0,0.0,0.0,0.0,1.0,0.0,0.0,0.0
3,6,0.0,0.0,0.0,0.0,0.0,0.0,1.0,0.0,0.0,0.0
3,6,0.0,0.0,0.0,0.0,0.0,0.0,1.0,0.0,0.0,0.0
3,6,0.0,0.0,0.0,0.0,0.0,0.0,1.0,0.0,0.0,0.0
3,6,0.0,0.0,0.0,0.0,0.0,0.0,1.0,0.0,0.0,0.0
3,6,0.0,0.0,0.0,0.0,0.0,0.0,1.0,0.0,0.0,0.0
3,6,0.0,0.0,0.0,0.0,0.0,0.0,1.0,0.0,0.0,0.0
3,6,0.0,0.0,0.0,0.0,0.0,0.0,1.0,0.0,0.0,0.0
3,6,0.0,0.0,0.0,0.0,0.0,0.0,1.0,0.0,0.0,0.0
3,6,0.0,0.0,0.0,0.0,0.0,0.0,1.0,0.0,0.0,0.0
3,6,0.0,0.0,0.0,0.0,0.0,0.0,1.0,0.0,0.0,0.0
3,6,0.0,0.0,0.0,0.0,0.0,0.0,1.0,0.0,0.0,0.0
3,6,0.0,0.0,0.0,0.0,0.0,0.0,1.0,0.0,0.0,0.0
3,6,0.0,0.0,0.0,0.0,0.0,0.0,1.0,0.0,0.0,0.0
3,6,0.0,0.0,0.0,0.0,0.0,0.0,1.0,0.0,0.0,0.0
3,6,0.0,0.0,0.0,0.0,0.0,0.0,1.0,0.0,0.0,0.0
3,6,0.0,0.0,0.0,0.0,0.0,0.0,1.0,0.0,0.0,0.0
3,6,0.0,0.0,0.0,0.0,0.0,0.0,1.0,0.0,0.0,0.0
3,6,0.0,0.0,0.0,0.0,0.0,0.0,1.0,0.0,0.0,0.0
3,6,0.0,0.0,0.0,0.0,0.0,0.0,1.0,0.0,0.0,0.0
3,6,0.0,0.0,0.0,0.0,0.0,0.0,1.0,0.0,0.0,0.0
3,6,0.0,0.0,0.0,0.0,0.0,0.0,1.0,0.0,0.0,0.0
3,6,0.0,0.0,0.0,0.0,0.0,0.0,1.0,0.0,0.0,0.0
3,6,0.0,0.0,0.0,0.0,0.0,0.0,1.0,0.0,0.0,0.0
3,6,0.0,0.0,0.0,0.0,0.0,0.0,1.0,0.0,0.0,0.0
3,6,0.0,0.0,0.0,0.0,0.0,0.0,1.0,0.0,0.0,0.0
3,6,0.0,0.0,0.0,0.0,0.0,0.0,1.0,0.0,0.0,0.0
3,6,0.0,0.0,0.0,0.0,0.0,0.0,1.0,0.0,0.0,0.0
3,6,0.0,0.0,0.0,0.0,0.0,0.0,1.0,0.0,0.0,0.0
3,6,0.0,0.0,0.0,0.0,0.0,0.0,1.0,0.0,0.0,0.0
3,6,0.0,0.0,0.0,0.0,0.0,0.0,1.0,0.0,0.0,0.0
3,6,0.0,0.0,0.0,0.0,0.0,0.0,1.0,0.0,0.0,0.0
3,6,0.0,0.0,0.0,0.0,0.0,0.0,1.0,0.0,0.0,0.0
3,6,0.0,0.0,0.0,0.0,0.0,0.0,1.0,0.0,0.0,0.0
3,6,0.0,0.0,0.0,0.0,0.0,0.0,1.0,0.0,0.0,0.0
3,6,0.0,0.0,0.0,0.0,0.0,0.0,1.0,0.0,0.0,0.0
3,6,0.0,0.0,0.0,0.0,0.0,0.0,1.0,0.0,0.0,0.0
3,6,0.0,0.0,0.0,0.0,0.0,0.0,1.0,0.0,0.0,0.0
3,6,0.0,0.0,0.0,0.0,0.0,0.0,1.0,0.0,0.0,0.0
3,6,0.0,0.0,0.0,0.0,0.0,0.0,1.0,0.0,0.0,0.0
3,6,0.0,0.0,0.0,0.0,0.0,0.0,1.0,0.0,0.0,0.0
3,6,0.0,0.0,0.0,0.0,0.0,0.0,1.0,0.0,0.0,0.0
3,6,0.0,0.0,0.0,0.0,0.0,0.0,1.0,0.0,0.0,0.0
3,6,0.0,0.0,0.0,0.0,0.0,0.0,1.0,0.0,0.0,0.0
3,6,0.0,0.0,0.0,0.0,0.0,0.0,1.0,0.0,0.0,0.0
3,6,0.0,0.0,0.0,0.0,0.0,0.0,1.0,0.0,0.0,0.0
3,6,0.0,0.0,0.0,0.0,0.0,0.0,1.0,0.0,0.0,0.0
3,6,0.0,0.0,0.0,0.0,0.0,0.0,1.0,0.0,0.0,0.0
3,6,0.0,0.0,0.0,0.0,0.0,0.0,1.0,0.0,0.0,0.0
3,6,0.0,0.0,0.0,0.0,0.0,0.0,1.0,0.0,0.0,0.0
3,6,0.0,0.0,0.0,0.0,0.0,0.0,1.0,0.0,0.0,0.0
3,6,0.0,0.0,0.0,0.0,0.0,0.0,1.0,0.0,0.0,0.0
3,6,0.0,0.0,0.0,0.0,0.0,0.0,1.0,0.0,0.0,0.0
3,6,0.0,0.0,0.0,0.0,0.0,0.0,1.0,0.0,0.0,0.0
3,6,0.0,0.0,0.0,0.0,0.0,0.0,1.0,0.0,0.0,0.0
3,6,0.0,0.0,0.0,0.0,0.0,0.0,1.0,0.0,0.0,0.0
3,6,0.0,0.0,0.0,0.0,0.0,0.0,1.0,0.0,0.0,0.0
3,6,0.0,0.0,0.0,0.0,0.0,0.0,1.0,0.0,0.0,0.0
3,6,0.0,0.0,0.0,0.0,0.0,0.0,1.0,0.0,0.0,0.0
3,6,0.0,0.0,0.0,0.0,0.0,0.0,1.0,0.0,0.0,0.0
3,6,0.0,0.0,0.0,0.0,0.0,0.0,1.0,0.0,0.0,0.0
3,6,0.0,0.0,0.0,0.0,0.0,0.0,1.0,0.0,0.0,0.0
3,6,0.0,0.0,0.0,0.0,0.0,0.0,1.0,0.0,0.0,0.0
3,6,0.0,0.0,0.0,0.0,0.0,0.0,1.0,0.0,0.0,0.0
3,6,0.0,0.0,0.0,0.0,0.0,0.0,1.0,0.0,0.0,0.0
3,6,0.0,0.0,0.0,0.0,0.0,0.0,1.0,0.0,0.0,0.0
3,6,0.0,0.0,0.0,0.0,0.0,0.0,1.0,0.0,0.0,0.0
3,6,0.0,0.0,0.0,0.0,0.0,0.0,1.0,0.0,0.0,0.0
3,6,0.0,0.0,0.0,0.0,0.0,0.0,1.0,0.0,0.0,0.0
3,6,0.0,0.0,0.0,0.0,0.0,0.0,1.0,0.0,0.0,0.0
3,6,0.0,0.0,0.0,0.0,0.0,0.0,1.0,0.0,0.0,0.0
3,6,0.0,0.0,0.0,0.0,0.0,0.0,1.0,0.0,0.0,0.0
3,6,0.0,0.0,0.0,0.0,0.0,0.0,1.0,0.0,0.0,0.0
3,6,0.0,0.0,0.0,0.0,0.0,0.0,1.0,0.0,0.0,0.0
3,6,0.0,0.0,0.0,0.0,0.0,0.0,1.0,0.0,0.0,0.0
3,6,0.0,0.0,0.0,0.0,0.0,0.0,1.0,0.0,0.0,0.0
3,6,0.0,0.0,0.0,0.0,0.0,0.0,1.0,0.0,0.0,0.0
3,6,0.0,0.0,0.0,0.0,0.0,0.0,1.0,0.0,0.0,0.0
3,6,0.0,0.0,0.0,0.0,0.0,0.0,1.0,0.0,0.0,0.0
3,6,0.0,0.0,0.0,0.0,0.0,0.0,1.0,0.0,0.0,0.0
3,6,0.0,0.0,0.0,0.0,0.0,0.0,1.0,0.0,0.0,0.0
3,6,0.0,0.0,0.0,0.0,0.0,0.0,1.0,0.0,0.0,0.0
3,6,0.0,0.0,0.0,0.0,0.0,0.0,1.0,0.0,0.0,0.0
3,6,0.0,0.0,0.0,0.0,0.0,0.0,1.0,0.0,0.0,0.0
3,6,0.0,0.0,0.0,0.0,0.0,0.0,1.0,0.0,0.0,0.0
3,6,0.0,0.0,0.0,0.0,0.0,0.0,1.0,0.0,0.0,0.0
3,6,0.0,0.0,0.0,0.0,0.0,0.0,1.0,0.0,0.0,0.0
3,6,0.0,0.0,0.0,0.0,0.0,0.0,1.0,0.0,0.0,0.0
3,6,0.0,0.0,0.0,0.0,0.0,0.0,1.0,0.0,0.0,0.0
3,6,0.0,0.0,0.0,0.0,0.0,0.0,1.0,0.0,0.0,0.0
3,6,0.0,0.0,0.0,0.0,0.0,0.0,1.0,0.0,0.0,0.0
3,6,0.0,0.0,0.0,0.0,0.0,0.0,1.0,0.0,0.0,0.0
3,6,0.0,0.0,0.0,0.0,0.0,0.0,1.0,0.0,0.0,0.0
3,6,0.0,0.0,0.0,0.0,0.0,0.0,1.0,0.0,0.0,0.0
3,6,0.0,0.0,0.0,0.0,0.0,0.0,1.0,0.0,0.0,0.0
3,6,0.0,0.0,0.0,0.0,0.0,0.0,1.0,0.0,0.0,0.0
3,6,0.0,0.0,0.0,0.0,0.0,0.0,1.0,0.0,0.0,0.0
3,6,0.0,0.0,0.0,0.0,0.0,0.0,1.0,0.0,0.0,0.0
3,6,0.0,0.0,0.0,0.0,0.0,0.0,1.0,0.0,0.0,0.0
3,6,0.0,0.0,0.0,0.0,0.0,0.0,1.0,0.0,0.0,0.0
3,6,0.0,0.0,0.0,0.0,0.0,0.0,1.0,0.0,0.0,0.0
3,6,0.0,0.0,0.0,0.0,0.0,0.0,1.0,0.0,0.0,0.0
3,6,0.0,0.0,0.0,0.0,0.0,0.0,1.0,0.0,0.0,0.0
3,6,0.0,0.0,0.0,0.0,0.0,0.0,1.0,0.0,0.0,0.0
3,6,0.0,0.0,0.0,0.0,0.0,0.0,1.0,0.0,0.0,0.0
3,6,0.0,0.0,0.0,0.0,0.0,0.0,1.0,0.0,0.0,0.0
3,6,0.0,0.0,0.0,0.0,0.0,0.0,1.0,0.0,0.0,0.0
3,6,0.0,0.0,0.0,0.0,0.0,0.0,1.0,0.0,0.0,0.0
3,6,0.0,0.0,0.0,0.0,0.0,0.0,1.0,0.0,0.0,0.0
3,6,0.0,0.0,0.0,0.0,0.0,0.0,1.0,0.0,0.0,0.0
3,6,0.0,0.0,0.0,0.0,0.0,0.0,1.0,0.0,0.0,0.0
3,6,0.0,0.0,0.0,0.0,0.0,0.0,1.0,0.0,0.0,0.0
3,6,0.0,0.0,0.0,0.0,0.0,0.0,1.0,0.0,0.0,0.0
3,6,0.0,0.0,0.0,0.0,0.0,0.0,1.0,0.0,0.0,0.0
3,6,0.0,0.0,0.0,0.0,0.0,0.0,1.0,0.0,0.0,0.0
3,6,0.0,0.0,0.0,0.0,0.0,0.0,1.0,0.0,0.0,0.0
3,6,0.0,0.0,0.0,0.0,0.0,0.0,1.0,0.0,0.0,0.0
3,6,0.0,0.0,0.0,0.0,0.0,0.0,1.0,0.0,0.0,0.0
3,6,0.0,0.0,0.0,0.0,0.0,0.0,1.0,0.0,0.0,0.0
3,6,0.0,0.0,0.0,0.0,0.0,0.0,1.0,0.0,0.0,0.0
3,6,0.0,0.0,0.0,0.0,0.0,0.0,1.0,0.0,0.0,0.0
3,6,0.0,0.0,0.0,0.0,0.0,0.0,1.0,0.0,0.0,0.0
3,6,0.0,0.0,0.0,0.0,0.0,0.0,1.0,0.0,0.0,0.0
3,6,0.0,0.0,0.0,0.0,0.0,0.0,1.0,0.0,0.0,0.0
3,6,0.0,0.0,0.0,0.0,0.0,0.0,1.0,0.0,0.0,0.0
3,6,0.0,0.0,0.0,0.0,0.0,0.0,1.0,0.0,0.0,0.0
3,6,0.0,0.0,0.0,0.0,0.0,0.0,1.0,0.0,0.0,0.0
3,6,0.0,0.0,0.0,0.0,0.0,0.0,1.0,0.0,0.0,0.0
3,6,0.0,0.0,0.0,0.0,0.0,0.0,1.0,0.0,0.0,0.0
3,6,0.0,0.0,0.0,0.0,0.0,0.0,1.0,0.0,0.0,0.0
3,6,0.0,0.0,0.0,0.0,0.0,0.0,1.0,0.0,0.0,0.0
3,6,0.0,0.0,0.0,0.0,0.0,0.0,1.0,0.0,0.0,0.0
3,6,0.0,0.0,0.0,0.0,0.0,0.0,1.0,0.0,0.0,0.0
3,6,0.0,0.0,0.0,0.0,0.0,0.0,1.0,0.0,0.0,0.0
3,6,0.0,0.0,0.0,0.0,0.0,0.0,1.0,0.0,0.0,0.0
3,6,0.0,0.0,0.0,0.0,0.0,0.0,1.0,0.0,0.0,0.0
3,6,0.0,0.0,0.0,0.0,0.0,0.0,1.0,0.0,0.0,0.0
3,6,0.0,0.0,0.0,0.0,0.0,0.0,1.0,0.0,0.0,0.0
3,6,0.0,0.0,0.0,0.0,0.0,0.0,1.0,0.0,0.0,0.0
3,6,0.0,0.0,0.0,0.0,0.0,0.0,1.0,0.0,0.0,0.0
3,6,0.0,0.0,0.0,0.0,0.0,0.0,1.0,0.0,0.0,0.0
3,6,0.0,0.0,0.0,0.0,0.0,0.0,1.0,0.0,0.0,0.0
3,6,0.0,0.0,0.0,0.0,0.0,0.0,1.0,0.0,0.0,0.0
3,6,0.0,0.0,0.0,0.0,0.0,0.0,1.0,0.0,0.0,0.0
3,6,0.0,0.0,0.0,0.0,0.0,0.0,1.0,0.0,0.0,0.0
3,6,0.0,0.0,0.0,0.0,0.0,0.0,1.0,0.0,0.0,0.0
3,6,0.0,0.0,0.0,0.0,0.0,0.0,1.0,0.0,0.0,0.0
3,6,0.0,0.0,0.0,0.0,0.0,0.0,1.0,0.0,0.0,0.0
3,6,0.0,0.0,0.0,0.0,0.0,0.0,1.0,0.0,0.0,0.0
3,6,0.0,0.0,0.0,0.0,0.0,0.0,1.0,0.0,0.0,0.0
3,6,0.0,0.0,0.0,0.0,0.0,0.0,1.0,0.0,0.0,0.0
3,6,0.0,0.0,0.0,0.0,0.0,0.0,1.0,0.0,0.0,0.0
3,6,0.0,0.0,0.0,0.0,0.0,0.0,1.0,0.0,0.0,0.0
3,6,0.0,0.0,0.0,0.0,0.0,0.0,1.0,0.0,0.0,0.0
3,6,0.0,0.0,0.0,0.0,0.0,0.0,1.0,0.0,0.0,0.0
3,6,0.0,0.0,0.0,0.0,0.0,0.0,1.0,0.0,0.0,0.0
3,6,0.0,0.0,0.0,0.0,0.0,0.0,1.0,0.0,0.0,0.0
3,6,0.0,0.0,0.0,0.0,0.0,0.0,1.0,0.0,0.0,0.0
3,6,0.0,0.0,0.0,0.0,0.0,0.0,1.0,0.0,0.0,0.0
3,6,0.0,0.0,0.0,0.0,0.0,0.0,1.0,0.0,0.0,0.0
3,6,0.0,0.0,0.0,0.0,0.0,0.0,1.0,0.0,0.0,0.0
3,6,0.0,0.0,0.0,0.0,0.0,0.0,1.0,0.0,0.0,0.0
3,6,0.0,0.0,0.0,0.0,0.0,0.0,1.0,0.0,0.0,0.0
3,6,0.0,0.0,0.0,0.0,0.0,0.0,1.0,0.0,0.0,0.0
3,6,0.0,0.0,0.0,0.0,0.0,0.0,1.0,0.0,0.0,0.0
3,6,0.0,0.0,0.0,0.0,0.0,0.0,1.0,0.0,0.0,0.0
3,6,0.0,0.0,0.0,0.0,0.0,0.0,1.0,0.0,0.0,0.0
3,6,0.0,0.0,0.0,0.0,0.0,0.0,1.0,0.0,0.0,0.0
3,6,0.0,0.0,0.0,0.0,0.0,0.0,1.0,0.0,0.0,0.0
3,6,0.0,0.0,0.0,0.0,0.0,0.0,1.0,0.0,0.0,0.0
3,6,0.0,0.0,0.0,0.0,0.0,0.0,1.0,0.0,0.0,0.0
3,6,0.0,0.0,0.0,0.0,0.0,0.0,1.0,0.0,0.0,0.0
3,6,0.0,0.0,0.0,0.0,0.0,0.0,1.0,0.0,0.0,0.0
3,6,0.0,0.0,0.0,0.0,0.0,0.0,1.0,0.0,0.0,0.0
3,6,0.0,0.0,0.0,0.0,0.0,0.0,1.0,0.0,0.0,0.0
3,6,0.0,0.0,0.0,0.0,0.0,0.0,1.0,0.0,0.0,0.0
3,6,0.0,0.0,0.0,0.0,0.0,0.0,1.0,0.0,0.0,0.0
3,6,0.0,0.0,0.0,0.0,0.0,0.0,1.0,0.0,0.0,0.0
3,6,0.0,0.0,0.0,0.0,0.0,0.0,1.0,0.0,0.0,0.0
3,6,0.0,0.0,0.0,0.0,0.0,0.0,1.0,0.0,0.0,0.0
3,6,0.0,0.0,0.0,0.0,0.0,0.0,1.0,0.0,0.0,0.0
3,6,0.0,0.0,0.0,0.0,0.0,0.0,1.0,0.0,0.0,0.0
3,6,0.0,0.0,0.0,0.0,0.0,0.0,1.0,0.0,0.0,0.0
3,6,0.0,0.0,0.0,0.0,0.0,0.0,1.0,0.0,0.0,0.0
3,6,0.0,0.0,0.0,0.0,0.0,0.0,1.0,0.0,0.0,0.0
3,6,0.0,0.0,0.0,0.0,0.0,0.0,1.0,0.0,0.0,0.0
3,6,0.0,0.0,0.0,0.0,0.0,0.0,1.0,0.0,0.0,0.0
3,6,0.0,0.0,0.0,0.0,0.0,0.0,1.0,0.0,0.0,0.0
3,6,0.0,0.0,0.0,0.0,0.0,0.0,1.0,0.0,0.0,0.0
3,6,0.0,0.0,0.0,0.0,0.0,0.0,1.0,0.0,0.0,0.0
3,6,0.0,0.0,0.0,0.0,0.0,0.0,1.0,0.0,0.0,0.0
3,6,0.0,0.0,0.0,0.0,0.0,0.0,1.0,0.0,0.0,0.0
3,6,0.0,0.0,0.0,0.0,0.0,0.0,1.0,0.0,0.0,0.0
3,6,0.0,0.0,0.0,0.0,0.0,0.0,1.0,0.0,0.0,0.0
3,6,0.0,0.0,0.0,0.0,0.0,0.0,1.0,0.0,0.0,0.0
3,6,0.0,0.0,0.0,0.0,0.0,0.0,1.0,0.0,0.0,0.0
3,6,0.0,0.0,0.0,0.0,0.0,0.0,1.0,0.0,0.0,0.0
3,6,0.0,0.0,0.0,0.0,0.0,0.0,1.0,0.0,0.0,0.0
3,6,0.0,0.0,0.0,0.0,0.0,0.0,1.0,0.0,0.0,0.0
3,6,0.0,0.0,0.0,0.0,0.0,0.0,1.0,0.0,0.0,0.0
3,6,0.0,0.0,0.0,0.0,0.0,0.0,1.0,0.0,0.0,0.0
3,6,0.0,0.0,0.0,0.0,0.0,0.0,1.0,0.0,0.0,0.0
3,6,0.0,0.0,0.0,0.0,0.0,0.0,1.0,0.0,0.0,0.0
3,6,0.0,0.0,0.0,0.0,0.0,0.0,1.0,0.0,0.0,0.0
3,6,0.0,0.0,0.0,0.0,0.0,0.0,1.0,0.0,0.0,0.0
3,6,0.0,0.0,0.0,0.0,0.0,0.0,1.0,0.0,0.0,0.0
3,6,0.0,0.0,0.0,0.0,0.0,0.0,1.0,0.0,0.0,0.0
3,6,0.0,0.0,0.0,0.0,0.0,0.0,1.0,0.0,0.0,0.0
3,6,0.0,0.0,0.0,0.0,0.0,0.0,1.0,0.0,0.0,0.0
3,6,0.0,0.0,0.0,0.0,0.0,0.0,1.0,0.0,0.0,0.0
3,6,0.0,0.0,0.0,0.0,0.0,0.0,1.0,0.0,0.0,0.0
3,6,0.0,0.0,0.0,0.0,0.0,0.0,1.0,0.0,0.0,0.0
3,6,0.0,0.0,0.0,0.0,0.0,0.0,1.0,0.0,0.0,0.0
3,6,0.0,0.0,0.0,0.0,0.0,0.0,1.0,0.0,0.0,0.0
3,6,0.0,0.0,0.0,0.0,0.0,0.0,1.0,0.0,0.0,0.0
3,6,0.0,0.0,0.0,0.0,0.0,0.0,1.0,0.0,0.0,0.0
3,6,0.0,0.0,0.0,0.0,0.0,0.0,1.0,0.0,0.0,0.0
3,6,0.0,0.0,0.0,0.0,0.0,0.0,1.0,0.0,0.0,0.0
3,6,0.0,0.0,0.0,0.0,0.0,0.0,1.0,0.0,0.0,0.0
3,6,0.0,0.0,0.0,0.0,0.0,0.0,1.0,0.0,0.0,0.0
3,6,0.0,0.0,0.0,0.0,0.0,0.0,1.0,0.0,0.0,0.0
3,6,0.0,0.0,0.0,0.0,0.0,0.0,1.0,0.0,0.0,0.0
3,6,0.0,0.0,0.0,0.0,0.0,0.0,1.0,0.0,0.0,0.0
3,6,0.0,0.0,0.0,0.0,0.0,0.0,1.0,0.0,0.0,0.0
3,6,0.0,0.0,0.0,0.0,0.0,0.0,1.0,0.0,0.0,0.0
3,6,0.0,0.0,0.0,0.0,0.0,0.0,1.0,0.0,0.0,0.0
3,6,0.0,0.0,0.0,0.0,0.0,0.0,1.0,0.0,0.0,0.0
3,6,0.0,0.0,0.0,0.0,0.0,0.0,1.0,0.0,0.0,0.0
3,6,0.0,0.0,0.0,0.0,0.0,0.0,1.0,0.0,0.0,0.0
3,6,0.0,0.0,0.0,0.0,0.0,0.0,1.0,0.0,0.0,0.0
3,6,0.0,0.0,0.0,0.0,0.0,0.0,1.0,0.0,0.0,0.0
3,6,0.0,0.0,0.0,0.0,0.0,0.0,1.0,0.0,0.0,0.0
3,6,0.0,0.0,0.0,0.0,0.0,0.0,1.0,0.0,0.0,0.0
3,6,0.0,0.0,0.0,0.0,0.0,0.0,1.0,0.0,0.0,0.0
3,6,0.0,0.0,0.0,0.0,0.0,0.0,1.0,0.0,0.0,0.0
3,6,0.0,0.0,0.0,0.0,0.0,0.0,1.0,0.0,0.0,0.0
3,6,0.0,0.0,0.0,0.0,0.0,0.0,1.0,0.0,0.0,0.0
3,6,0.0,0.0,0.0,0.0,0.0,0.0,1.0,0.0,0.0,0.0
3,6,0.0,0.0,0.0,0.0,0.0,0.0,1.0,0.0,0.0,0.0
3,6,0.0,0.0,0.0,0.0,0.0,0.0,1.0,0.0,0.0,0.0
3,6,0.0,0.0,0.0,0.0,0.0,0.0,1.0,0.0,0.0,0.0
3,6,0.0,0.0,0.0,0.0,0.0,0.0,1.0,0.0,0.0,0.0
3,6,0.0,0.0,0.0,0.0,0.0,0.0,1.0,0.0,0.0,0.0
3,6,0.0,0.0,0.0,0.0,0.0,0.0,1.0,0.0,0.0,0.0
3,6,0.0,0.0,0.0,0.0,0.0,0.0,1.0,0.0,0.0,0.0
3,6,0.0,0.0,0.0,0.0,0.0,0.0,1.0,0.0,0.0,0.0
3,6,0.0,0.0,0.0,0.0,0.0,0.0,1.0,0.0,0.0,0.0
3,6,0.0,0.0,0.0,0.0,0.0,0.0,1.0,0.0,0.0,0.0
3,6,0.0,0.0,0.0,0.0,0.0,0.0,1.0,0.0,0.0,0.0
3,6,0.0,0.0,0.0,0.0,0.0,0.0,1.0,0.0,0.0,0.0
3,6,0.0,0.0,0.0,0.0,0.0,0.0,1.0,0.0,0.0,0.0
3,6,0.0,0.0,0.0,0.0,0.0,0.0,1.0,0.0,0.0,0.0
3,6,0.0,0.0,0.0,0.0,0.0,0.0,1.0,0.0,0.0,0.0
3,6,0.0,0.0,0.0,0.0,0.0,0.0,1.0,0.0,0.0,0.0
3,6,0.0,0.0,0.0,0.0,0.0,0.0,1.0,0.0,0.0,0.0
3,6,0.0,0.0,0.0,0.0,0.0,0.0,1.0,0.0,0.0,0.0
3,6,0.0,0.0,0.0,0.0,0.0,0.0,1.0,0.0,0.0,0.0
3,6,0.0,0.0,0.0,0.0,0.0,0.0,1.0,0.0,0.0,0.0
3,6,0.0,0.0,0.0,0.0,0.0,0.0,1.0,0.0,0.0,0.0
3,6,0.0,0.0,0.0,0.0,0.0,0.0,1.0,0.0,0.0,0.0
3,6,0.0,0.0,0.0,0.0,0.0,0.0,1.0,0.0,0.0,0.0
3,6,0.0,0.0,0.0,0.0,0.0,0.0,1.0,0.0,0.0,0.0
3,6,0.0,0.0,0.0,0.0,0.0,0.0,1.0,0.0,0.0,0.0
3,6,0.0,0.0,0.0,0.0,0.0,0.0,1.0,0.0,0.0,0.0
3,6,0.0,0.0,0.0,0.0,0.0,0.0,1.0,0.0,0.0,0.0
3,6,0.0,0.0,0.0,0.0,0.0,0.0,1.0,0.0,0.0,0.0
3,6,0.0,0.0,0.0,0.0,0.0,0.0,1.0,0.0,0.0,0.0
3,6,0.0,0.0,0.0,0.0,0.0,0.0,1.0,0.0,0.0,0.0
3,6,0.0,0.0,0.0,0.0,0.0,0.0,1.0,0.0,0.0,0.0
3,6,0.0,0.0,0.0,0.0,0.0,0.0,1.0,0.0,0.0,0.0
3,6,0.0,0.0,0.0,0.0,0.0,0.0,1.0,0.0,0.0,0.0
3,6,0.0,0.0,0.0,0.0,0.0,0.0,1.0,0.0,0.0,0.0
3,6,0.0,0.0,0.0,0.0,0.0,0.0,1.0,0.0,0.0,0.0
3,6,0.0,0.0,0.0,0.0,0.0,0.0,1.0,0.0,0.0,0.0
3,6,0.0,0.0,0.0,0.0,0.0,0.0,1.0,0.0,0.0,0.0
3,6,0.0,0.0,0.0,0.0,0.0,0.060051464,0.93994856,0.0,0.0,0.0
3,6,0.0,0.0,0.0,0.0,0.0,0.060051464,0.93994856,0.0,0.0,0.0
3,6,0.0,0.0,0.0,0.0,0.0,0.060051464,0.93994856,0.0,0.0,0.0
3,6,0.0,0.0,0.0,0.0,0.0,0.060051464,0.93994856,0.0,0.0,0.0
3,6,0.0,0.0,0.0,0.0,0.0,0.060051464,0.93994856,0.0,0.0,0.0
3,6,0.0,0.0,0.0,0.0,0.0,0.060051464,0.93994856,0.0,0.0,0.0
3,6,0.0,0.0,0.0,0.0,0.0,0.060051464,0.93994856,0.0,0.0,0.0
3,6,0.0,0.0,0.0,0.0,0.0,0.060051464,0.93994856,0.0,0.0,0.0
3,6,0.0,0.0,0.0,0.0,0.0,0.060051464,0.93994856,0.0,0.0,0.0
3,6,0.0,0.0,0.0,0.0,0.0,0.060051464,0.93994856,0.0,0.0,0.0
3,6,0.0,0.0,0.0,0.0,0.0,0.060051464,0.93994856,0.0,0.0,0.0
3,6,0.0,0.0,0.0,0.0,0.0,0.060051464,0.93994856,0.0,0.0,0.0
3,6,0.0,0.0,0.0,0.0,0.0,0.31603494,0.6839651,0.0,0.0,0.0
3,6,0.0,0.0,0.0,0.0,0.0,0.31603494,0.6839651,0.0,0.0,0.0
3,6,0.0,0.0,0.0,0.0,0.0,0.31603494,0.6839651,0.0,0.0,0.0
3,6,0.0,0.0,0.0,0.0,0.0,0.31603494,0.6839651,0.0,0.0,0.0
3,6,0.0,0.0,0.0,0.0,0.0,0.31603494,0.6839651,0.0,0.0,0.0
3,6,0.0,0.0,0.0,0.0,0.0,0.31603494,0.6839651,0.0,0.0,0.0
3,6,0.0,0.0,0.0,0.0,0.0,0.31603494,0.6839651,0.0,0.0,0.0
3,6,0.0,0.0,0.0,0.0,0.0,0.31603494,0.6839651,0.0,0.0,0.0
3,6,0.0,0.0,0.0,0.0,0.0,0.31603494,0.6839651,0.0,0.0,0.0
3,6,0.0,0.0,0.0,0.0,0.0,0.31603494,0.6839651,0.0,0.0,0.0
3,6,0.0,0.0,0.0,0.0,0.0,0.31603494,0.6839651,0.0,0.0,0.0
3,6,0.0,0.0,0.0,0.0,0.0,0.31603494,0.6839651,0.0,0.0,0.0
3,6,0.0,0.0,0.0,0.0,0.0,0.4347119,0.5652881,0.0,0.0,0.0
3,6,0.0,0.0,0.0,0.0,0.0,0.4981323,0.5018677,0.0,0.0,0.0
3,6,0.0,0.0,0.0,0.0,0.0,0.4981323,0.5018677,0.0,0.0,0.0
3,6,0.0,0.0,0.0,0.0,0.0,0.4981323,0.5018677,0.0,0.0,0.0
3,5,0.0,0.0,0.0,0.0,0.0,0.6282586,0.37174144,0.0,0.0,0.0
3,5,0.0,0.0,0.0,0.0,0.0,0.6282586,0.37174144,0.0,0.0,0.0
3,5,0.0,0.0,0.0,0.0,0.0,0.6282586,0.37174144,0.0,0.0,0.0
3,5,0.0,0.0,0.0,0.0,0.0,0.6282586,0.37174144,0.0,0.0,0.0
3,5,0.0,0.0,0.0,0.0,0.0,0.6282586,0.37174144,0.0,0.0,0.0
3,5,0.0,0.0,0.0,0.0,0.0,0.6282586,0.37174144,0.0,0.0,0.0
3,5,0.0,0.0,0.0,0.0,0.0,0.6282586,0.37174144,0.0,0.0,0.0
3,5,0.0,0.0,0.0,0.0,0.0,0.6282586,0.37174144,0.0,0.0,0.0
3,5,0.0,0.0,0.0,0.0,0.0,0.6878186,0.31218138,0.0,0.0,0.0
3,5,0.0,0.0,0.0,0.0,0.0,0.6878186,0.31218138,0.0,0.0,0.0
3,5,0.0,0.0,0.0,0.0,0.0,0.6878186,0.31218138,0.0,0.0,0.0
3,5,0.0,0.0,0.0,0.0,0.0,0.6878186,0.31218138,0.0,0.0,0.0
3,5,0.0,0.0,0.0,0.0,0.0,0.6878186,0.31218138,0.0,0.0,0.0
3,5,0.0,0.0,0.0,0.0,0.0,0.6878186,0.31218138,0.0,0.0,0.0
3,5,0.0,0.0,0.0,0.0,0.0,0.6878186,0.31218138,0.0,0.0,0.0
3,5,0.0,0.0,0.0,0.0,0.0,0.6878186,0.31218138,0.0,0.0,0.0
3,5,0.0,0.0,0.0,0.0,0.0,0.6878186,0.31218138,0.0,0.0,0.0
3,5,0.0,0.0,0.0,0.0,0.0,0.6878186,0.31218138,0.0,0.0,0.0
3,5,0.0,0.0,0.0,0.0,0.0,0.6878186,0.31218138,0.0,0.0,0.0
3,5,0.0,0.0,0.0,0.0,0.0,0.6878186,0.31218138,0.0,0.0,0.0
3,5,0.0,0.0,0.0,0.0,0.0,0.6878186,0.31218138,0.0,0.0,0.0
3,5,0.0,0.0,0.0,0.0,0.0,0.6878186,0.31218138,0.0,0.0,0.0
3,5,0.0,0.0,0.0,0.0,0.0,0.6878186,0.31218138,0.0,0.0,0.0
3,5,0.0,0.0,0.0,0.0,0.0,0.6878186,0.31218138,0.0,0.0,0.0
3,5,0.0,0.0,0.0,0.0,0.0,0.6878186,0.31218138,0.0,0.0,0.0
3,5,0.0,0.0,0.0,0.0,0.0,0.6878186,0.31218138,0.0,0.0,0.0
3,5,0.0,0.0,0.0,0.0,0.0,0.6878186,0.31218138,0.0,0.0,0.0
3,5,0.0,0.0,0.0,0.0,0.0,0.6878186,0.31218138,0.0,0.0,0.0
3,5,0.0,0.0,0.0,0.0,0.0,0.6878186,0.31218138,0.0,0.0,0.0
3,5,0.0,0.0,0.0,0.0,0.0,0.6878186,0.31218138,0.0,0.0,0.0
3,5,0.0,0.0,0.0,0.0,0.0,0.6878186,0.31218138,0.0,0.0,0.0
3,5,0.0,0.0,0.0,0.0,0.0,0.6878186,0.31218138,0.0,0.0,0.0
3,5,0.0,0.0,0.0,0.0,0.0,0.74941534,0.25058466,0.0,0.0,0.0
3,5,0.0,0.0,0.0,0.0,0.0,0.74941534,0.25058466,0.0,0.0,0.0
3,5,0.0,0.0,0.0,0.0,0.0,0.74941534,0.25058466,0.0,0.0,0.0
3,5,0.0,0.0,0.0,0.0,0.0,0.74941534,0.25058466,0.0,0.0,0.0
3,5,0.0,0.0,0.0,0.0,0.0,0.74941534,0.25058466,0.0,0.0,0.0
3,5,0.0,0.0,0.0,0.0,0.0,0.74941534,0.25058466,0.0,0.0,0.0
3,5,0.0,0.0,0.0,0.0,0.0,0.74941534,0.25058466,0.0,0.0,0.0
3,5,0.0,0.0,0.0,0.0,0.0,0.74941534,0.25058466,0.0,0.0,0.0
3,5,0.0,0.0,0.0,0.0,0.0,0.74941534,0.25058466,0.0,0.0,0.0
3,5,0.0,0.0,0.0,0.0,0.0,0.74941534,0.25058466,0.0,0.0,0.0
3,5,0.0,0.0,0.0,0.0,0.0,0.74941534,0.25058466,0.0,0.0,0.0
3,5,0.0,0.0,0.0,0.0,0.0,0.74941534,0.25058466,0.0,0.0,0.0
3,5,0.0,0.0,0.0,0.0,0.0,0.74941534,0.25058466,0.0,0.0,0.0
3,5,0.0,0.0,0.0,0.0,0.0,0.74941534,0.25058466,0.0,0.0,0.0
3,5,0.0,0.0,0.0,0.0,0.0,0.74941534,0.25058466,0.0,0.0,0.0
3,5,0.0,0.0,0.0,0.0,0.0,0.74941534,0.25058466,0.0,0.0,0.0
3,5,0.0,0.0,0.0,0.0,0.0,0.74941534,0.25058466,0.0,0.0,0.0
3,5,0.0,0.0,0.0,0.0,0.0,0.74941534,0.25058466,0.0,0.0,0.0
3,5,0.0,0.0,0.0,0.0,0.0,0.74941534,0.25058466,0.0,0.0,0.0
3,5,0.0,0.0,0.0,0.0,0.0,0.74941534,0.25058466,0.0,0.0,0.0
3,5,0.0,0.0,0.0,0.0,0.0,0.8096077,0.19039232,0.0,0.0,0.0
3,5,0.0,0.0,0.0,0.0,0.0,0.8096077,0.19039232,0.0,0.0,0.0
3,5,0.0,0.0,0.0,0.0,0.0,0.8096077,0.19039232,0.0,0.0,0.0
3,5,0.0,0.0,0.0,0.0,0.0,0.8096077,0.19039232,0.0,0.0,0.0
3,5,0.0,0.0,0.0,0.0,0.0,0.8096077,0.12148089,0.0,0.0,0.068911426
3,5,0.0,0.0,0.0,0.0,0.0,0.8096077,0.12148089,0.0,0.0,0.068911426
3,5,0.0,0.0,0.0,0.0,0.0,0.8096077,0.12148089,0.0,0.0,0.068911426
3,5,0.0,0.0,0.0,0.0,0.0,0.8096077,0.12148089,0.0,0.0,0.068911426
3,5,0.0,0.0,0.0,0.0,0.0,0.8096077,0.12148089,0.0,0.0,0.068911426
3,5,0.0,0.0,0.0,0.0,0.0,0.8096077,0.12148089,0.0,0.0,0.068911426
3,5,0.0,0.0,0.0,0.0,0.0,0.8096077,0.12148089,0.0,0.0,0.068911426
3,5,0.0,0.0,0.0,0.0,0.0,0.8096077,0.12148089,0.0,0.0,0.068911426
3,5,0.0,0.0,0.0,0.0,0.05905889,0.87202966,0.0,0.0,0.0,0.068911426
3,5,0.0,0.0,0.0,0.0,0.05905889,0.87202966,0.0,0.0,0.0,0.068911426
3,5,0.0,0.0,0.0,0.0,0.05905889,0.87202966,0.0,0.0,0.0,0.068911426
3,5,0.0,0.0,0.0,0.0,0.05905889,0.87202966,0.0,0.0,0.0,0.068911426
3,5,0.0,0.0,0.0,0.0,0.05905889,0.87202966,0.0,0.0,0.0,0.068911426
3,5,0.0,0.0,0.0,0.0,0.05905889,0.87202966,0.0,0.0,0.0,0.068911426
3,5,0.0,0.0,0.0,0.0,0.05905889,0.87202966,0.0,0.0,0.0,0.068911426
3,5,0.0,0.0,0.0,0.0,0.05905889,0.87202966,0.0,0.0,0.0,0.068911426
3,5,0.0,0.0,0.0,0.0,0.05905889,0.87202966,0.0,0.0,0.0,0.068911426
3,5,0.0,0.0,0.0,0.0,0.05905889,0.87202966,0.0,0.0,0.0,0.068911426
3,5,0.0,0.0,0.0,0.0,0.05905889,0.87202966,0.0,0.0,0.0,0.068911426
3,5,0.0,0.0,0.0,0.0,0.05905889,0.87202966,0.0,0.0,0.0,0.068911426
3,5,0.0,0.0,0.0,0.0,0.05905889,0.87202966,0.0,0.0,0.0,0.068911426
3,5,0.0,0.0,0.0,0.0,0.05905889,0.87202966,0.0,0.0,0.0,0.068911426
3,5,0.0,0.0,0.0,0.0,0.05905889,0.87202966,0.0,0.0,0.0,0.068911426
3,5,0.0,0.0,0.0,0.0,0.05905889,0.87202966,0.0,0.0,0.0,0.068911426
3,5,0.0,0.0,0.0,0.0,0.05905889,0.87202966,0.0,0.0,0.0,0.068911426
3,5,0.0,0.0,0.0,0.0,0.05905889,0.87202966,0.0,0.0,0.0,0.068911426
3,5,0.0,0.0,0.0,0.0,0.05905889,0.87202966,0.0,0.0,0.0,0.068911426
3,5,0.0,0.0,0.0,0.0,0.05905889,0.87202966,0.0,0.0,0.0,0.068911426
3,5,0.0,0.0,0.0,0.0,0.05905889,0.87202966,0.0,0.0,0.0,0.068911426
3,5,0.0,0.0,0.0,0.0,0.05905889,0.87202966,0.0,0.0,0.0,0.068911426
3,5,0.0,0.0,0.0,0.0,0.05905889,0.87202966,0.0,0.0,0.0,0.068911426
3,5,0.0,0.0,0.0,0.0,0.05905889,0.87202966,0.0,0.0,0.0,0.068911426
3,5,0.0,0.0,0.0,0.0,0.05905889,0.87202966,0.0,0.0,0.0,0.068911426
3,5,0.0,0.0,0.0,0.0,0.05905889,0.87202966,0.0,0.0,0.0,0.068911426
3,5,0.0,0.0,0.0,0.0,0.05905889,0.87202966,0.0,0.0,0.0,0.068911426
3,5,0.0,0.0,0.0,0.0,0.05905889,0.87202966,0.0,0.0,0.0,0.068911426
3,5,0.0,0.0,0.0,0.0,0.05905889,0.87202966,0.0,0.0,0.0,0.068911426
3,5,0.0,0.0,0.0,0.0,0.05905889,0.87202966,0.0,0.0,0.0,0.068911426
3,5,0.0,0.0,0.0,0.0,0.05905889,0.87202966,0.0,0.0,0.0,0.068911426
3,5,0.0,0.0,0.0,0.0,0.05905889,0.87202966,0.0,0.0,0.0,0.068911426
3,5,0.0,0.0,0.0,0.0,0.05905889,0.87202966,0.0,0.0,0.0,0.068911426
3,5,0.0,0.0,0.0,0.0,0.05905889,0.87202966,0.0,0.0,0.0,0.068911426
3,5,0.0,0.0,0.0,0.0,0.12797032,0.87202966,0.0,0.0,0.0,0.0
3,5,0.0,0.0,0.0,0.0,0.12797032,0.87202966,0.0,0.0,0.0,0.0
3,5,0.0,0.0,0.0,0.0,0.12797032,0.87202966,0.0,0.0,0.0,0.0
3,5,0.0,0.0,0.0,0.0,0.12797032,0.87202966,0.0,0.0,0.0,0.0
2,5,0.0,0.0,0.0,0.0,0.12797032,0.87202966,0.0,0.0,0.0,0.0
2,5,0.0,0.0,0.0,0.0,0.12797032,0.87202966,0.0,0.0,0.0,0.0
2,5,0.0,0.0,0.0,0.0,0.18866675,0.81133324,0.0,0.0,0.0,0.0
2,5,0.0,0.0,0.0,0.0,0.18866675,0.81133324,0.0,0.0,0.0,0.0
2,5,0.0,0.0,0.0,0.0,0.18866675,0.81133324,0.0,0.0,0.0,0.0
2,5,0.0,0.0,0.0,0.0,0.18866675,0.81133324,0.0,0.0,0.0,0.0
2,5,0.0,0.0,0.0,0.0,0.18866675,0.81133324,0.0,0.0,0.0,0.0
2,5,0.0,0.0,0.0,0.0,0.18866675,0.81133324,0.0,0.0,0.0,0.0
2,5,0.0,0.0,0.0,0.0,0.18866675,0.81133324,0.0,0.0,0.0,0.0
2,5,0.0,0.0,0.0,0.0,0.18866675,0.81133324,0.0,0.0,0.0,0.0
2,5,0.0,0.0,0.0,0.0,0.18866675,0.81133324,0.0,0.0,0.0,0.0
2,5,0.0,0.0,0.0,0.0,0.18866675,0.81133324,0.0,0.0,0.0,0.0
2,5,0.0,0.0,0.0,0.0,0.18866675,0.81133324,0.0,0.0,0.0,0.0
2,5,0.0,0.0,0.0,0.0,0.18866675,0.81133324,0.0,0.0,0.0,0.0
2,5,0.0,0.0,0.0,0.0,0.18866675,0.81133324,0.0,0.0,0.0,0.0
2,5,0.0,0.0,0.0,0.0,0.18866675,0.81133324,0.0,0.0,0.0,0.0
2,5,0.0,0.0,0.0,0.0,0.18866675,0.81133324,0.0,0.0,0.0,0.0
2,5,0.0,0.0,0.0,0.0,0.18866675,0.81133324,0.0,0.0,0.0,0.0
2,5,0.0,0.0,0.0,0.0,0.18866675,0.81133324,0.0,0.0,0.0,0.0
2,5,0.0,0.0,0.0,0.0,0.18866675,0.81133324,0.0,0.0,0.0,0.0
2,5,0.0,0.0,0.0,0.0,0.18866675,0.81133324,0.0,0.0,0.0,0.0
2,5,0.0,0.0,0.0,0.0,0.18866675,0.81133324,0.0,0.0,0.0,0.0
2,5,0.0,0.0,0.0,0.0,0.18866675,0.81133324,0.0,0.0,0.0,0.0
2,5,0.0,0.0,0.0,0.0,0.18866675,0.81133324,0.0,0.0,0.0,0.0
2,5,0.0,0.0,0.0,0.0,0.18866675,0.81133324,0.0,0.0,0.0,0.0
2,5,0.0,0.0,0.0,0.0,0.18866675,0.81133324,0.0,0.0,0.0,0.0
2,5,0.0,0.0,0.0,0.0,0.18866675,0.81133324,0.0,0.0,0.0,0.0
2,5,0.0,0.0,0.0,0.0,0.18866675,0.81133324,0.0,0.0,0.0,0.0
2,5,0.0,0.0,0.0,0.0,0.18866675,0.81133324,0.0,0.0,0.0,0.0
2,5,0.0,0.0,0.0,0.0,0.18866675,0.81133324,0.0,0.0,0.0,0.0
2,5,0.0,0.0,0.0,0.0,0.24710287,0.75289714,0.0,0.0,0.0,0.0
2,5,0.0,0.0,0.0,0.0,0.24710287,0.75289714,0.0,0.0,0.0,0.0
2,5,0.0,0.0,0.0,0.0,0.24710287,0.75289714,0.0,0.0,0.0,0.0
2,5,0.0,0.0,0.0,0.0,0.24710287,0.75289714,0.0,0.0,0.0,0.0
2,5,0.0,0.0,0.0,0.0,0.24710287,0.75289714,0.0,0.0,0.0,0.0
2,5,0.0,0.0,0.0,0.0,0.24710287,0.75289714,0.0,0.0,0.0,0.0
2,5,0.0,0.0,0.0,0.0,0.24710287,0.75289714,0.0,0.0,0.0,0.0
2,5,0.0,0.0,0.0,0.0,0.24710287,0.75289714,0.0,0.0,0.0,0.0
2,5,0.0,0.0,0.0,0.0,0.30715433,0.6928457,0.0,0.0,0.0,0.0
2,5,0.0,0.0,0.0,0.0,0.30715433,0.6928457,0.0,0.0,0.0,0.0
2,5,0.0,0.0,0.0,0.0,0.30715433,0.6928457,0.0,0.0,0.0,0.0
2,5,0.0,0.0,0.0,0.0,0.30715433,0.6928457,0.0,0.0,0.0,0.0
2,4,0.0,0.0,0.0,0.0,0.50244135,0.49755862,0.0,0.0,0.0,0.0
2,4,0.0,0.0,0.0,0.0,0.50244135,0.49755862,0.0,0.0,0.0,0.0
2,4,0.0,0.0,0.0,0.0,0.50244135,0.49755862,0.0,0.0,0.0,0.0
2,4,0.0,0.0,0.0,0.0,0.50244135,0.49755862,0.0,0.0,0.0,0.0
2,4,0.0,0.0,0.0,0.0,0.50244135,0.49755862,0.0,0.0,0.0,0.0
2,4,0.0,0.0,0.0,0.0,0.50244135,0.49755862,0.0,0.0,0.0,0.0
2,4,0.0,0.0,0.0,0.0,0.50244135,0.49755862,0.0,0.0,0.0,0.0
2,4,0.0,0.0,0.0,0.0,0.50244135,0.49755862,0.0,0.0,0.0,0.0
2,4,0.0,0.0,0.0,0.0,0.6291532,0.37084684,0.0,0.0,0.0,0.0
2,4,0.0,0.0,0.0,0.0,0.6291532,0.37084684,0.0,0.0,0.0,0.0
2,4,0.0,0.0,0.0,0.0,0.6291532,0.37084684,0.0,0.0,0.0,0.0
2,4,0.0,0.0,0.0,0.0,0.6291532,0.37084684,0.0,0.0,0.0,0.0
2,4,0.0,0.0,0.0,0.0,0.6291532,0.37084684,0.0,0.0,0.0,0.0
2,4,0.0,0.0,0.0,0.0,0.6291532,0.37084684,0.0,0.0,0.0,0.0
2,4,0.0,0.0,0.0,0.0,0.6291532,0.37084684,0.0,0.0,0.0,0.0
2,4,0.0,0.0,0.0,0.0,0.6291532,0.37084684,0.0,0.0,0.0,0.0
2,4,0.0,0.0,0.0,0.0,0.6291532,0.37084684,0.0,0.0,0.0,0.0
2,4,0.0,0.0,0.0,0.0,0.6291532,0.37084684,0.0,0.0,0.0,0.0
2,4,0.0,0.0,0.0,0.0,0.6291532,0.37084684,0.0,0.0,0.0,0.0
2,4,0.0,0.0,0.0,0.0,0.6893456,0.31065446,0.0,0.0,0.0,0.0
2,4,0.0,0.0,0.0,0.0,0.6893456,0.31065446,0.0,0.0,0.0,0.0
2,4,0.0,0.0,0.0,0.0,0.6893456,0.31065446,0.0,0.0,0.0,0.0
2,4,0.0,0.0,0.0,0.0,0.6893456,0.31065446,0.0,0.0,0.0,0.0
2,4,0.0,0.0,0.0,0.0,0.6893456,0.31065446,0.0,0.0,0.0,0.0
2,4,0.0,0.0,0.0,0.0,0.6893456,0.31065446,0.0,0.0,0.0,0.0
2,4,0.0,0.0,0.0,0.0,0.6893456,0.31065446,0.0,0.0,0.0,0.0
2,4,0.0,0.0,0.0,0.0,0.6893456,0.31065446,0.0,0.0,0.0,0.0
2,4,0.0,0.0,0.0,0.0,0.6893456,0.31065446,0.0,0.0,0.0,0.0
2,4,0.0,0.0,0.0,0.0,0.6893456,0.31065446,0.0,0.0,0.0,0.0
2,4,0.0,0.0,0.0,0.0,0.6893456,0.31065446,0.0,0.0,0.0,0.0
2,4,0.0,0.0,0.0,0.0,0.6893456,0.31065446,0.0,0.0,0.0,0.0
2,4,0.0,0.0,0.0,0.0,0.6893456,0.31065446,0.0,0.0,0.0,0.0
2,4,0.0,0.0,0.0,0.0,0.7509423,0.24905775,0.0,0.0,0.0,0.0
2,4,0.0,0.0,0.0,0.0,0.7509423,0.24905775,0.0,0.0,0.0,0.0
2,4,0.0,0.0,0.0,0.0,0.7509423,0.24905775,0.0,0.0,0.0,0.0
2,4,0.0,0.0,0.0,0.0,0.7509423,0.24905775,0.0,0.0,0.0,0.0
2,4,0.0,0.0,0.0,0.0,0.7509423,0.24905775,0.0,0.0,0.0,0.0
2,4,0.0,0.0,0.0,0.0,0.7509423,0.24905775,0.0,0.0,0.0,0.0
2,4,0.0,0.0,0.0,0.0,0.7509423,0.24905775,0.0,0.0,0.0,0.0
2,4,0.0,0.0,0.0,0.0,0.7509423,0.24905775,0.0,0.0,0.0,0.0
2,4,0.0,0.0,0.0,0.0,0.7509423,0.24905775,0.0,0.0,0.0,0.0
2,4,0.0,0.0,0.0,0.0,0.7509423,0.24905775,0.0,0.0,0.0,0.0
2,4,0.0,0.0,0.0,0.0,0.7509423,0.24905775,0.0,0.0,0.0,0.0
2,4,0.0,0.0,0.0,0.0,0.7509423,0.24905775,0.0,0.0,0.0,0.0
2,4,0.0,0.0,0.0,0.0,0.7509423,0.24905775,0.0,0.0,0.0,0.0
2,4,0.0,0.0,0.0,0.0,0.7509423,0.24905775,0.0,0.0,0.0,0.0
2,4,0.0,0.0,0.0,0.0,0.7509423,0.24905775,0.0,0.0,0.0,0.0
2,4,0.0,0.0,0.0,0.0,0.7509423,0.24905775,0.0,0.0,0.0,0.0
2,4,0.0,0.0,0.0,0.0,0.7509423,0.24905775,0.0,0.0,0.0,0.0
2,4,0.0,0.0,0.0,0.0,0.7509423,0.24905775,0.0,0.0,0.0,0.0
2,4,0.0,0.0,0.0,0.0,0.7509423,0.24905775,0.0,0.0,0.0,0.0
2,4,0.0,0.0,0.0,0.0,0.7509423,0.24905775,0.0,0.0,0.0,0.0
2,4,0.0,0.0,0.0,0.0,0.7509423,0.24905775,0.0,0.0,0.0,0.0
2,4,0.0,0.0,0.0,0.0,0.7509423,0.24905775,0.0,0.0,0.0,0.0
2,4,0.0,0.0,0.0,0.0,0.7509423,0.24905775,0.0,0.0,0.0,0.0
2,4,0.0,0.0,0.0,0.0,0.7509423,0.24905775,0.0,0.0,0.0,0.0
2,4,0.0,0.0,0.0,0.0,0.81118315,0.18881689,0.0,0.0,0.0,0.0
2,4,0.0,0.0,0.0,0.0,0.81118315,0.18881689,0.0,0.0,0.0,0.0
2,4,0.0,0.0,0.0,0.0,0.81118315,0.18881689,0.0,0.0,0.0,0.0
2,4,0.0,0.0,0.0,0.0,0.81118315,0.18881689,0.0,0.0,0.0,0.0
2,4,0.0,0.0,0.0,0.0,0.81118315,0.18881689,0.0,0.0,0.0,0.0
2,4,0.0,0.0,0.0,0.0,0.81118315,0.18881689,0.0,0.0,0.0,0.0
2,4,0.0,0.0,0.0,0.0,0.81118315,0.18881689,0.0,0.0,0.0,0.0
2,4,0.0,0.0,0.0,0.0,0.81118315,0.18881689,0.0,0.0,0.0,0.0
2,4,0.0,0.0,0.0,0.0,0.81118315,0.18881689,0.0,0.0,0.0,0.0
2,4,0.0,0.0,0.0,0.0,0.81118315,0.18881689,0.0,0.0,0.0,0.0
2,4,0.0,0.0,0.0,0.0,0.81118315,0.18881689,0.0,0.0,0.0,0.0
2,4,0.0,0.0,0.0,0.0,0.8746035,0.12539649,0.0,0.0,0.0,0.0
2,4,0.0,0.0,0.0,0.0,0.8746035,0.12539649,0.0,0.0,0.0,0.0
2,4,0.0,0.0,0.0,0.0,0.8746035,0.12539649,0.0,0.0,0.0,0.0
2,4,0.0,0.0,0.0,0.0,0.8746035,0.12539649,0.0,0.0,0.0,0.0
2,4,0.0,0.0,0.0,0.0,0.8746035,0.12539649,0.0,0.0,0.0,0.0
2,4,0.0,0.0,0.0,0.0,0.8746035,0.12539649,0.0,0.0,0.0,0.0
2,4,0.0,0.0,0.0,0.0,0.8746035,0.12539649,0.0,0.0,0.0,0.0
2,4,0.0,0.0,0.0,0.0,0.8746035,0.12539649,0.0,0.0,0.0,0.0
2,4,0.0,0.0,0.0,0.0,0.8746035,0.12539649,0.0,0.0,0.0,0.0
2,4,0.0,0.0,0.0,0.0,0.8746035,0.12539649,0.0,0.0,0.0,0.0
2,4,0.0,0.0,0.0,0.0,0.8746035,0.12539649,0.0,0.0,0.0,0.0
2,4,0.0,0.0,0.0,0.0,0.8746035,0.12539649,0.0,0.0,0.0,0.0
2,4,0.0,0.0,0.0,0.0,0.8746035,0.12539649,0.0,0.0,0.0,0.0
2,4,0.0,0.0,0.0,0.0,0.9341636,0.06583642,0.0,0.0,0.0,0.0
2,4,0.0,0.0,0.0,0.0,0.9341636,0.06583642,0.0,0.0,0.0,0.0
2,4,0.0,0.0,0.0,0.0,0.9341636,0.06583642,0.0,0.0,0.0,0.0
2,4,0.0,0.0,0.0,0.0,0.9341636,0.06583642,0.0,0.0,0.0,0.0
2,4,0.0,0.0,0.0,0.0,1.0,0.0,0.0,0.0,0.0,0.0
2,4,0.0,0.0,0.0,0.0,1.0,0.0,0.0,0.0,0.0,0.0
2,4,0.0,0.0,0.0,0.0,1.0,0.0,0.0,0.0,0.0,0.0
2,4,0.0,0.0,0.0,0.0,1.0,0.0,0.0,0.0,0.0,0.0
2,4,0.0,0.0,0.0,0.0,1.0,0.0,0.0,0.0,0.0,0.0
2,4,0.0,0.0,0.0,0.0,1.0,0.0,0.0,0.0,0.0,0.0
2,4,0.0,0.0,0.0,0.0,1.0,0.0,0.0,0.0,0.0,0.0
2,4,0.0,0.0,0.0,0.0,1.0,0.0,0.0,0.0,0.0,0.0
2,4,0.0,0.0,0.0,0.0,1.0,0.0,0.0,0.0,0.0,0.0
2,4,0.0,0.0,0.0,0.0,1.0,0.0,0.0,0.0,0.0,0.0
2,4,0.0,0.0,0.0,0.0,1.0,0.0,0.0,0.0,0.0,0.0
2,4,0.0,0.0,0.0,0.0,1.0,0.0,0.0,0.0,0.0,0.0
2,4,0.0,0.0,0.0,0.0,1.0,0.0,0.0,0.0,0.0,0.0
2,4,0.0,0.0,0.0,0.0,1.0,0.0,0.0,0.0,0.0,0.0
2,4,0.0,0.0,0.0,0.0,1.0,0.0,0.0,0.0,0.0,0.0
2,4,0.0,0.0,0.0,0.0,1.0,0.0,0.0,0.0,0.0,0.0
2,4,0.0,0.0,0.0,0.0,1.0,0.0,0.0,0.0,0.0,0.0
2,4,0.0,0.0,0.0,0.0,1.0,0.0,0.0,0.0,0.0,0.0
2,4,0.0,0.0,0.0,0.0,1.0,0.0,0.0,0.0,0.0,0.0
2,4,0.0,0.0,0.0,0.0,1.0,0.0,0.0,0.0,0.0,0.0
2,4,0.0,0.0,0.0,0.0,1.0,0.0,0.0,0.0,0.0,0.0
2,4,0.0,0.0,0.0,0.0,1.0,0.0,0.0,0.0,0.0,0.0
2,4,0.0,0.0,0.0,0.0,1.0,0.0,0.0,0.0,0.0,0.0
2,4,0.0,0.0,0.0,0.0,1.0,0.0,0.0,0.0,0.0,0.0
2,4,0.0,0.0,0.0,0.0,1.0,0.0,0.0,0.0,0.0,0.0
2,4,0.0,0.0,0.0,0.0,1.0,0.0,0.0,0.0,0.0,0.0
2,4,0.0,0.0,0.0,0.0,1.0,0.0,0.0,0.0,0.0,0.0
2,4,0.0,0.0,0.0,0.0,1.0,0.0,0.0,0.0,0.0,0.0
2,4,0.0,0.0,0.0,0.0,1.0,0.0,0.0,0.0,0.0,0.0
2,4,0.0,0.0,0.0,0.0,1.0,0.0,0.0,0.0,0.0,0.0
2,4,0.0,0.0,0.0,0.0,1.0,0.0,0.0,0.0,0.0,0.0
2,4,0.0,0.0,0.0,0.0,1.0,0.0,0.0,0.0,0.0,0.0
2,4,0.0,0.0,0.0,0.0,1.0,0.0,0.0,0.0,0.0,0.0
2,4,0.0,0.0,0.0,0.0,1.0,0.0,0.0,0.0,0.0,0.0
2,4,0.0,0.0,0.0,0.0,1.0,0.0,0.0,0.0,0.0,0.0
2,4,0.0,0.0,0.0,0.0,1.0,0.0,0.0,0.0,0.0,0.0
2,4,0.0,0.0,0.0,0.0,1.0,0.0,0.0,0.0,0.0,0.0
2,4,0.0,0.0,0.0,0.0,1.0,0.0,0.0,0.0,0.0,0.0
2,4,0.0,0.0,0.0,0.0,1.0,0.0,0.0,0.0,0.0,0.0
2,4,0.0,0.0,0.0,0.0,1.0,0.0,0.0,0.0,0.0,0.0
2,4,0.0,0.0,0.0,0.0,1.0,0.0,0.0,0.0,0.0,0.0
2,4,0.0,0.0,0.0,0.0,1.0,0.0,0.0,0.0,0.0,0.0
2,4,0.0,0.0,0.0,0.0,1.0,0.0,0.0,0.0,0.0,0.0
2,4,0.0,0.0,0.0,0.0,1.0,0.0,0.0,0.0,0.0,0.0
2,4,0.0,0.0,0.0,0.0,1.0,0.0,0.0,0.0,0.0,0.0
2,4,0.0,0.0,0.0,0.0,1.0,0.0,0.0,0.0,0.0,0.0
2,4,0.0,0.0,0.0,0.0,1.0,0.0,0.0,0.0,0.0,0.0
2,4,0.0,0.0,0.0,0.0,1.0,0.0,0.0,0.0,0.0,0.0
2,4,0.0,0.0,0.0,0.0,1.0,0.0,0.0,0.0,0.0,0.0
2,4,0.0,0.0,0.0,0.0,1.0,0.0,0.0,0.0,0.0,0.0
2,4,0.0,0.0,0.0,0.0,1.0,0.0,0.0,0.0,0.0,0.0
2,4,0.0,0.0,0.0,0.0,1.0,0.0,0.0,0.0,0.0,0.0
2,4,0.0,0.0,0.0,0.0,1.0,0.0,0.0,0.0,0.0,0.0
2,4,0.0,0.0,0.0,0.0,1.0,0.0,0.0,0.0,0.0,0.0
2,4,0.0,0.0,0.0,0.0,1.0,0.0,0.0,0.0,0.0,0.0
2,4,0.0,0.0,0.0,0.0,1.0,0.0,0.0,0.0,0.0,0.0
2,4,0.0,0.0,0.0,0.0,1.0,0.0,0.0,0.0,0.0,0.0
2,4,0.0,0.0,0.0,0.0,1.0,0.0,0.0,0.0,0.0,0.0
2,4,0.0,0.0,0.0,0.0,1.0,0.0,0.0,0.0,0.0,0.0
2,4,0.0,0.0,0.0,0.0,1.0,0.0,0.0,0.0,0.0,0.0
2,4,0.0,0.0,0.0,0.0,1.0,0.0,0.0,0.0,0.0,0.0
2,4,0.0,0.0,0.0,0.0,1.0,0.0,0.0,0.0,0.0,0.0
2,4,0.0,0.0,0.0,0.0,1.0,0.0,0.0,0.0,0.0,0.0
2,4,0.0,0.0,0.0,0.0,1.0,0.0,0.0,0.0,0.0,0.0
2,4,0.0,0.0,0.0,0.0,1.0,0.0,0.0,0.0,0.0,0.0
2,4,0.0,0.0,0.0,0.0,1.0,0.0,0.0,0.0,0.0,0.0
2,4,0.0,0.0,0.0,0.0,1.0,0.0,0.0,0.0,0.0,0.0
2,4,0.0,0.0,0.0,0.0,1.0,0.0,0.0,0.0,0.0,0.0
2,4,0.0,0.0,0.0,0.0,1.0,0.0,0.0,0.0,0.0,0.0
2,4,0.0,0.0,0.0,0.0,1.0,0.0,0.0,0.0,0.0,0.0
2,4,0.0,0.0,0.0,0.0,1.0,0.0,0.0,0.0,0.0,0.0
2,4,0.0,0.0,0.0,0.0,1.0,0.0,0.0,0.0,0.0,0.0
2,4,0.0,0.0,0.0,0.0,1.0,0.0,0.0,0.0,0.0,0.0
2,4,0.0,0.0,0.0,0.0,1.0,0.0,0.0,0.0,0.0,0.0
2,4,0.0,0.0,0.0,0.0,1.0,0.0,0.0,0.0,0.0,0.0
2,4,0.0,0.0,0.0,0.0,1.0,0.0,0.0,0.0,0.0,0.0
2,4,0.0,0.0,0.0,0.0,1.0,0.0,0.0,0.0,0.0,0.0
2,4,0.0,0.0,0.0,0.0,1.0,0.0,0.0,0.0,0.0,0.0
2,4,0.0,0.0,0.0,0.0,1.0,0.0,0.0,0.0,0.0,0.0
2,4,0.0,0.0,0.0,0.0,1.0,0.0,0.0,0.0,0.0,0.0
2,4,0.0,0.0,0.0,0.0,1.0,0.0,0.0,0.0,0.0,0.0
2,4,0.0,0.0,0.0,0.0,1.0,0.0,0.0,0.0,0.0,0.0
2,4,0.0,0.0,0.0,0.0,1.0,0.0,0.0,0.0,0.0,0.0
2,4,0.0,0.0,0.0,0.0,1.0,0.0,0.0,0.0,0.0,0.0
2,4,0.0,0.0,0.0,0.0,1.0,0.0,0.0,0.0,0.0,0.0
2,4,0.0,0.0,0.0,0.0,1.0,0.0,0.0,0.0,0.0,0.0
2,4,0.0,0.0,0.0,0.0,1.0,0.0,0.0,0.0,0.0,0.0
2,4,0.0,0.0,0.0,0.0,1.0,0.0,0.0,0.0,0.0,0.0
2,4,0.0,0.0,0.0,0.0,1.0,0.0,0.0,0.0,0.0,0.0
2,4,0.0,0.0,0.0,0.0,1.0,0.0,0.0,0.0,0.0,0.0
2,4,0.0,0.0,0.0,0.0,1.0,0.0,0.0,0.0,0.0,0.0
2,4,0.0,0.0,0.0,0.0,1.0,0.0,0.0,0.0,0.0,0.0
2,4,0.0,0.0,0.0,0.0,1.0,0.0,0.0,0.0,0.0,0.0
2,4,0.0,0.0,0.0,0.0,1.0,0.0,0.0,0.0,0.0,0.0
2,4,0.0,0.0,0.0,0.0,1.0,0.0,0.0,0.0,0.0,0.0
2,4,0.0,0.0,0.0,0.0,1.0,0.0,0.0,0.0,0.0,0.0
2,4,0.0,0.0,0.0,0.0,1.0,0.0,0.0,0.0,0.0,0.0
2,4,0.0,0.0,0.0,0.0,1.0,0.0,0.0,0.0,0.0,0.0
2,4,0.0,0.0,0.0,0.0,1.0,0.0,0.0,0.0,0.0,0.0
2,4,0.0,0.0,0.0,0.0,1.0,0.0,0.0,0.0,0.0,0.0
2,4,0.0,0.0,0.0,0.0,1.0,0.0,0.0,0.0,0.0,0.0
2,4,0.0,0.0,0.0,0.0,1.0,0.0,0.0,0.0,0.0,0.0
2,4,0.0,0.0,0.0,0.0,1.0,0.0,0.0,0.0,0.0,0.0
2,4,0.0,0.0,0.0,0.0,1.0,0.0,0.0,0.0,0.0,0.0
2,4,0.0,0.0,0.0,0.0,1.0,0.0,0.0,0.0,0.0,0.0
2,4,0.0,0.0,0.0,0.0,1.0,0.0,0.0,0.0,0.0,0.0
2,4,0.0,0.0,0.0,0.0,1.0,0.0,0.0,0.0,0.0,0.0
2,4,0.0,0.0,0.0,0.0,1.0,0.0,0.0,0.0,0.0,0.0
2,4,0.0,0.0,0.0,0.0,1.0,0.0,0.0,0.0,0.0,0.0
2,4,0.0,0.0,0.0,0.0,1.0,0.0,0.0,0.0,0.0,0.0
2,4,0.0,0.0,0.0,0.0,1.0,0.0,0.0,0.0,0.0,0.0
2,4,0.0,0.0,0.0,0.0,1.0,0.0,0.0,0.0,0.0,0.0
2,4,0.0,0.0,0.0,0.0,1.0,0.0,0.0,0.0,0.0,0.0
2,4,0.0,0.0,0.0,0.0,1.0,0.0,0.0,0.0,0.0,0.0
2,4,0.0,0.0,0.0,0.0,1.0,0.0,0.0,0.0,0.0,0.0
2,4,0.0,0.0,0.0,0.0,1.0,0.0,0.0,0.0,0.0,0.0
2,4,0.0,0.0,0.0,0.0,1.0,0.0,0.0,0.0,0.0,0.0
2,4,0.0,0.0,0.0,0.0,1.0,0.0,0.0,0.0,0.0,0.0
2,4,0.0,0.0,0.0,0.0,1.0,0.0,0.0,0.0,0.0,0.0
2,4,0.0,0.0,0.0,0.0,1.0,0.0,0.0,0.0,0.0,0.0
2,4,0.0,0.0,0.0,0.0,1.0,0.0,0.0,0.0,0.0,0.0
2,4,0.0,0.0,0.0,0.0,1.0,0.0,0.0,0.0,0.0,0.0
2,4,0.0,0.0,0.0,0.0,1.0,0.0,0.0,0.0,0.0,0.0
2,4,0.0,0.0,0.0,0.0,1.0,0.0,0.0,0.0,0.0,0.0
2,4,0.0,0.0,0.0,0.0,1.0,0.0,0.0,0.0,0.0,0.0
2,4,0.0,0.0,0.0,0.0,1.0,0.0,0.0,0.0,0.0,0.0
2,4,0.0,0.0,0.0,0.0,1.0,0.0,0.0,0.0,0.0,0.0
2,4,0.0,0.0,0.0,0.0,1.0,0.0,0.0,0.0,0.0,0.0
2,4,0.0,0.0,0.0,0.0,1.0,0.0,0.0,0.0,0.0,0.0
2,4,0.0,0.0,0.0,0.0,1.0,0.0,0.0,0.0,0.0,0.0
2,4,0.0,0.0,0.0,0.0,1.0,0.0,0.0,0.0,0.0,0.0
2,4,0.0,0.0,0.0,0.0,1.0,0.0,0.0,0.0,0.0,0.0
2,4,0.0,0.0,0.0,0.0,1.0,0.0,0.0,0.0,0.0,0.0
2,4,0.0,0.0,0.0,0.0,1.0,0.0,0.0,0.0,0.0,0.0
2,4,0.0,0.0,0.0,0.0,1.0,0.0,0.0,0.0,0.0,0.0
2,4,0.0,0.0,0.0,0.0,1.0,0.0,0.0,0.0,0.0,0.0
2,4,0.0,0.0,0.0,0.0,1.0,0.0,0.0,0.0,0.0,0.0
2,4,0.0,0.0,0.0,0.0,1.0,0.0,0.0,0.0,0.0,0.0
2,4,0.0,0.0,0.0,0.0,1.0,0.0,0.0,0.0,0.0,0.0
2,4,0.0,0.0,0.0,0.0,1.0,0.0,0.0,0.0,0.0,0.0
2,4,0.0,0.0,0.0,0.0,1.0,0.0,0.0,0.0,0.0,0.0
2,4,0.0,0.0,0.0,0.0,1.0,0.0,0.0,0.0,0.0,0.0
2,4,0.0,0.0,0.0,0.0,1.0,0.0,0.0,0.0,0.0,0.0
2,4,0.0,0.0,0.0,0.0,1.0,0.0,0.0,0.0,0.0,0.0
2,4,0.0,0.0,0.0,0.0,1.0,0.0,0.0,0.0,0.0,0.0
2,4,0.0,0.0,0.0,0.0,1.0,0.0,0.0,0.0,0.0,0.0
2,4,0.0,0.0,0.0,0.0,1.0,0.0,0.0,0.0,0.0,0.0
2,4,0.0,0.0,0.0,0.0,1.0,0.0,0.0,0.0,0.0,0.0
2,4,0.0,0.0,0.0,0.0,1.0,0.0,0.0,0.0,0.0,0.0
2,4,0.0,0.0,0.0,0.0,1.0,0.0,0.0,0.0,0.0,0.0
2,4,0.0,0.0,0.0,0.0,1.0,0.0,0.0,0.0,0.0,0.0
2,4,0.0,0.0,0.0,0.0,1.0,0.0,0.0,0.0,0.0,0.0
2,4,0.0,0.0,0.0,0.0,1.0,0.0,0.0,0.0,0.0,0.0
2,4,0.0,0.0,0.0,0.0,1.0,0.0,0.0,0.0,0.0,0.0
2,4,0.0,0.0,0.0,0.0,1.0,0.0,0.0,0.0,0.0,0.0
2,4,0.0,0.0,0.0,0.0,1.0,0.0,0.0,0.0,0.0,0.0
2,4,0.0,0.0,0.0,0.0,1.0,0.0,0.0,0.0,0.0,0.0
2,4,0.0,0.0,0.0,0.0,1.0,0.0,0.0,0.0,0.0,0.0
2,4,0.0,0.0,0.0,0.0,1.0,0.0,0.0,0.0,0.0,0.0
2,4,0.0,0.0,0.0,0.0,1.0,0.0,0.0,0.0,0.0,0.0
2,4,0.0,0.0,0.0,0.0,1.0,0.0,0.0,0.0,0.0,0.0
2,4,0.0,0.0,0.0,0.0,1.0,0.0,0.0,0.0,0.0,0.0
2,4,0.0,0.0,0.0,0.0,1.0,0.0,0.0,0.0,0.0,0.0
2,4,0.0,0.0,0.0,0.0,1.0,0.0,0.0,0.0,0.0,0.0
2,4,0.0,0.0,0.0,0.0,1.0,0.0,0.0,0.0,0.0,0.0
2,4,0.0,0.0,0.0,0.0,1.0,0.0,0.0,0.0,0.0,0.0
2,4,0.0,0.0,0.0,0.0,1.0,0.0,0.0,0.0,0.0,0.0
2,4,0.0,0.0,0.0,0.0,1.0,0.0,0.0,0.0,0.0,0.0
2,4,0.0,0.0,0.0,0.0,1.0,0.0,0.0,0.0,0.0,0.0
2,4,0.0,0.0,0.0,0.0,1.0,0.0,0.0,0.0,0.0,0.0
2,4,0.0,0.0,0.0,0.0,1.0,0.0,0.0,0.0,0.0,0.0
2,4,0.0,0.0,0.0,0.0,1.0,0.0,0.0,0.0,0.0,0.0
2,4,0.0,0.0,0.0,0.0,1.0,0.0,0.0,0.0,0.0,0.0
2,4,0.0,0.0,0.0,0.0,1.0,0.0,0.0,0.0,0.0,0.0
2,4,0.0,0.0,0.0,0.0,1.0,0.0,0.0,0.0,0.0,0.0
2,4,0.0,0.0,0.0,0.0,1.0,0.0,0.0,0.0,0.0,0.0
2,4,0.0,0.0,0.0,0.0,1.0,0.0,0.0,0.0,0.0,0.0
2,4,0.0,0.0,0.0,0.0,1.0,0.0,0.0,0.0,0.0,0.0
2,4,0.0,0.0,0.0,0.0,1.0,0.0,0.0,0.0,0.0,0.0
2,4,0.0,0.0,0.0,0.0,1.0,0.0,0.0,0.0,0.0,0.0
2,4,0.0,0.0,0.0,0.0,1.0,0.0,0.0,0.0,0.0,0.0
2,4,0.0,0.0,0.0,0.0,1.0,0.0,0.0,0.0,0.0,0.0
2,4,0.0,0.0,0.0,0.0,1.0,0.0,0.0,0.0,0.0,0.0
2,4,0.0,0.0,0.0,0.0,1.0,0.0,0.0,0.0,0.0,0.0
2,4,0.0,0.0,0.0,0.0,1.0,0.0,0.0,0.0,0.0,0.0
2,4,0.0,0.0,0.0,0.0,1.0,0.0,0.0,0.0,0.0,0.0
2,4,0.0,0.0,0.0,0.0,1.0,0.0,0.0,0.0,0.0,0.0
2,4,0.0,0.0,0.0,0.0,1.0,0.0,0.0,0.0,0.0,0.0
2,4,0.0,0.0,0.0,0.0,1.0,0.0,0.0,0.0,0.0,0.0
2,4,0.0,0.0,0.0,0.0,1.0,0.0,0.0,0.0,0.0,0.0
2,4,0.0,0.0,0.0,0.0,1.0,0.0,0.0,0.0,0.0,0.0
2,4,0.0,0.0,0.0,0.0,1.0,0.0,0.0,0.0,0.0,0.0
2,4,0.0,0.0,0.0,0.0,1.0,0.0,0.0,0.0,0.0,0.0
2,4,0.0,0.0,0.0,0.0,1.0,0.0,0.0,0.0,0.0,0.0
2,4,0.0,0.0,0.0,0.0,1.0,0.0,0.0,0.0,0.0,0.0
2,4,0.0,0.0,0.0,0.0,1.0,0.0,0.0,0.0,0.0,0.0
2,4,0.0,0.0,0.0,0.0,1.0,0.0,0.0,0.0,0.0,0.0
2,4,0.0,0.0,0.0,0.0,1.0,0.0,0.0,0.0,0.0,0.0
2,4,0.0,0.0,0.0,0.0,1.0,0.0,0.0,0.0,0.0,0.0
2,4,0.0,0.0,0.0,0.0,1.0,0.0,0.0,0.0,0.0,0.0
2,4,0.0,0.0,0.0,0.0,1.0,0.0,0.0,0.0,0.0,0.0
2,4,0.0,0.0,0.0,0.0,1.0,0.0,0.0,0.0,0.0,0.0
2,4,0.0,0.0,0.0,0.0,1.0,0.0,0.0,0.0,0.0,0.0
2,4,0.0,0.0,0.0,0.0,1.0,0.0,0.0,0.0,0.0,0.0
2,4,0.0,0.0,0.0,0.0,1.0,0.0,0.0,0.0,0.0,0.0
2,4,0.0,0.0,0.0,0.0,1.0,0.0,0.0,0.0,0.0,0.0
2,4,0.0,0.0,0.0,0.0,1.0,0.0,0.0,0.0,0.0,0.0
2,4,0.0,0.0,0.0,0.0,1.0,0.0,0.0,0.0,0.0,0.0
2,4,0.0,0.0,0.0,0.0,1.0,0.0,0.0,0.0,0.0,0.0
2,4,0.0,0.0,0.0,0.0,1.0,0.0,0.0,0.0,0.0,0.0
2,4,0.0,0.0,0.0,0.0,1.0,0.0,0.0,0.0,0.0,0.0
2,4,0.0,0.0,0.0,0.0,1.0,0.0,0.0,0.0,0.0,0.0
2,4,0.0,0.0,0.0,0.0,1.0,0.0,0.0,0.0,0.0,0.0
2,4,0.0,0.0,0.0,0.0,1.0,0.0,0.0,0.0,0.0,0.0
2,4,0.0,0.0,0.0,0.0,1.0,0.0,0.0,0.0,0.0,0.0
2,4,0.0,0.0,0.0,0.0,1.0,0.0,0.0,0.0,0.0,0.0
2,4,0.0,0.0,0.0,0.0,1.0,0.0,0.0,0.0,0.0,0.0
2,4,0.0,0.0,0.0,0.0,1.0,0.0,0.0,0.0,0.0,0.0
2,4,0.0,0.0,0.0,0.0,1.0,0.0,0.0,0.0,0.0,0.0
2,4,0.0,0.0,0.0,0.0,1.0,0.0,0.0,0.0,0.0,0.0
2,4,0.0,0.0,0.0,0.0,1.0,0.0,0.0,0.0,0.0,0.0
2,4,0.0,0.0,0.0,0.0,1.0,0.0,0.0,0.0,0.0,0.0
2,4,0.0,0.0,0.0,0.0,1.0,0.0,0.0,0.0,0.0,0.0
2,4,0.0,0.0,0.0,0.0,1.0,0.0,0.0,0.0,0.0,0.0
2,4,0.0,0.0,0.0,0.0,1.0,0.0,0.0,0.0,0.0,0.0
2,4,0.0,0.0,0.0,0.0,1.0,0.0,0.0,0.0,0.0,0.0
2,4,0.0,0.0,0.0,0.0,1.0,0.0,0.0,0.0,0.0,0.0
2,4,0.0,0.0,0.0,0.0,1.0,0.0,0.0,0.0,0.0,0.0
2,4,0.0,0.0,0.0,0.0,1.0,0.0,0.0,0.0,0.0,0.0
2,4,0.0,0.0,0.0,0.0,1.0,0.0,0.0,0.0,0.0,0.0
2,4,0.0,0.0,0.0,0.0,1.0,0.0,0.0,0.0,0.0,0.0
2,4,0.0,0.0,0.0,0.0,1.0,0.0,0.0,0.0,0.0,0.0
2,4,0.0,0.0,0.0,0.0,1.0,0.0,0.0,0.0,0.0,0.0
2,4,0.0,0.0,0.0,0.0,1.0,0.0,0.0,0.0,0.0,0.0
2,4,0.0,0.0,0.0,0.0,1.0,0.0,0.0,0.0,0.0,0.0
2,4,0.0,0.0,0.0,0.0,1.0,0.0,0.0,0.0,0.0,0.0
2,4,0.0,0.0,0.0,0.0,1.0,0.0,0.0,0.0,0.0,0.0
2,4,0.0,0.0,0.0,0.0,1.0,0.0,0.0,0.0,0.0,0.0
2,4,0.0,0.0,0.0,0.0,1.0,0.0,0.0,0.0,0.0,0.0
2,4,0.0,0.0,0.0,0.0,1.0,0.0,0.0,0.0,0.0,0.0
2,4,0.0,0.0,0.0,0.0,1.0,0.0,0.0,0.0,0.0,0.0
2,4,0.0,0.0,0.0,0.0,1.0,0.0,0.0,0.0,0.0,0.0
2,4,0.0,0.0,0.0,0.0,1.0,0.0,0.0,0.0,0.0,0.0
2,4,0.0,0.0,0.0,0.0,1.0,0.0,0.0,0.0,0.0,0.0
2,4,0.0,0.0,0.0,0.0,1.0,0.0,0.0,0.0,0.0,0.0
2,4,0.0,0.0,0.0,0.0,1.0,0.0,0.0,0.0,0.0,0.0
2,4,0.0,0.0,0.0,0.0,1.0,0.0,0.0,0.0,0.0,0.0
2,4,0.0,0.0,0.0,0.0,1.0,0.0,0.0,0.0,0.0,0.0
2,4,0.0,0.0,0.0,0.0,1.0,0.0,0.0,0.0,0.0,0.0
2,4,0.0,0.0,0.0,0.0,1.0,0.0,0.0,0.0,0.0,0.0
2,4,0.0,0.0,0.0,0.0,1.0,0.0,0.0,0.0,0.0,0.0
2,4,0.0,0.0,0.0,0.0,1.0,0.0,0.0,0.0,0.0,0.0
2,4,0.0,0.0,0.0,0.0,1.0,0.0,0.0,0.0,0.0,0.0
2,4,0.0,0.0,0.0,0.0,1.0,0.0,0.0,0.0,0.0,0.0
2,4,0.0,0.0,0.0,0.0,1.0,0.0,0.0,0.0,0.0,0.0
2,4,0.0,0.0,0.0,0.0,1.0,0.0,0.0,0.0,0.0,0.0
2,4,0.0,0.0,0.0,0.0,1.0,0.0,0.0,0.0,0.0,0.0
2,4,0.0,0.0,0.0,0.0,1.0,0.0,0.0,0.0,0.0,0.0
2,4,0.0,0.0,0.0,0.0,1.0,0.0,0.0,0.0,0.0,0.0
2,4,0.0,0.0,0.0,0.0,1.0,0.0,0.0,0.0,0.0,0.0
2,4,0.0,0.0,0.0,0.0,1.0,0.0,0.0,0.0,0.0,0.0
2,4,0.0,0.0,0.0,0.0,1.0,0.0,0.0,0.0,0.0,0.0
2,4,0.0,0.0,0.0,0.0,1.0,0.0,0.0,0.0,0.0,0.0
2,4,0.0,0.0,0.0,0.0,1.0,0.0,0.0,0.0,0.0,0.0
2,4,0.0,0.0,0.0,0.0,1.0,0.0,0.0,0.0,0.0,0.0
2,4,0.0,0.0,0.0,0.0,1.0,0.0,0.0,0.0,0.0,0.0
2,4,0.0,0.0,0.0,0.0,1.0,0.0,0.0,0.0,0.0,0.0
2,4,0.0,0.0,0.0,0.0,1.0,0.0,0.0,0.0,0.0,0.0
2,4,0.0,0.0,0.0,0.0,1.0,0.0,0.0,0.0,0.0,0.0
2,4,0.0,0.0,0.0,0.0,1.0,0.0,0.0,0.0,0.0,0.0
2,4,0.0,0.0,0.0,0.0,1.0,0.0,0.0,0.0,0.0,0.0
2,4,0.0,0.0,0.0,0.0,1.0,0.0,0.0,0.0,0.0,0.0
2,4,0.0,0.0,0.0,0.0,1.0,0.0,0.0,0.0,0.0,0.0
2,4,0.0,0.0,0.0,0.0,1.0,0.0,0.0,0.0,0.0,0.0
2,4,0.0,0.0,0.0,0.0,1.0,0.0,0.0,0.0,0.0,0.0
2,4,0.0,0.0,0.0,0.0,1.0,0.0,0.0,0.0,0.0,0.0
2,4,0.0,0.0,0.0,0.0,1.0,0.0,0.0,0.0,0.0,0.0
2,4,0.0,0.0,0.0,0.0,1.0,0.0,0.0,0.0,0.0,0.0
2,4,0.0,0.0,0.0,0.0,1.0,0.0,0.0,0.0,0.0,0.0
2,4,0.0,0.0,0.0,0.0,1.0,0.0,0.0,0.0,0.0,0.0
2,4,0.0,0.0,0.0,0.0,1.0,0.0,0.0,0.0,0.0,0.0
2,4,0.0,0.0,0.0,0.0,1.0,0.0,0.0,0.0,0.0,0.0
2,4,0.0,0.0,0.0,0.0,1.0,0.0,0.0,0.0,0.0,0.0
2,4,0.0,0.0,0.0,0.0,1.0,0.0,0.0,0.0,0.0,0.0
2,4,0.0,0.0,0.0,0.0,1.0,0.0,0.0,0.0,0.0,0.0
2,4,0.0,0.0,0.0,0.0,1.0,0.0,0.0,0.0,0.0,0.0
2,4,0.0,0.0,0.0,0.0,1.0,0.0,0.0,0.0,0.0,0.0
2,4,0.0,0.0,0.0,0.0,1.0,0.0,0.0,0.0,0.0,0.0
2,4,0.0,0.0,0.0,0.0,1.0,0.0,0.0,0.0,0.0,0.0
2,4,0.0,0.0,0.0,0.0,1.0,0.0,0.0,0.0,0.0,0.0
2,4,0.0,0.0,0.0,0.0,1.0,0.0,0.0,0.0,0.0,0.0
2,4,0.0,0.0,0.0,0.0,1.0,0.0,0.0,0.0,0.0,0.0
2,4,0.0,0.0,0.0,0.0,1.0,0.0,0.0,0.0,0.0,0.0
2,4,0.0,0.0,0.0,0.0,1.0,0.0,0.0,0.0,0.0,0.0
2,4,0.0,0.0,0.0,0.0,1.0,0.0,0.0,0.0,0.0,0.0
2,4,0.0,0.0,0.0,0.0,1.0,0.0,0.0,0.0,0.0,0.0
2,4,0.0,0.0,0.0,0.0,1.0,0.0,0.0,0.0,0.0,0.0
2,4,0.0,0.0,0.0,0.0,1.0,0.0,0.0,0.0,0.0,0.0
2,4,0.0,0.0,0.0,0.0,1.0,0.0,0.0,0.0,0.0,0.0
2,4,0.0,0.0,0.0,0.0,1.0,0.0,0.0,0.0,0.0,0.0
2,4,0.0,0.0,0.0,0.0,1.0,0.0,0.0,0.0,0.0,0.0
2,4,0.0,0.0,0.0,0.0,1.0,0.0,0.0,0.0,0.0,0.0
2,4,0.0,0.0,0.0,0.0,1.0,0.0,0.0,0.0,0.0,0.0
2,4,0.0,0.0,0.0,0.0,1.0,0.0,0.0,0.0,0.0,0.0
2,4,0.0,0.0,0.0,0.0,1.0,0.0,0.0,0.0,0.0,0.0
2,4,0.0,0.0,0.0,0.0,1.0,0.0,0.0,0.0,0.0,0.0
2,4,0.0,0.0,0.0,0.0,1.0,0.0,0.0,0.0,0.0,0.0
2,4,0.0,0.0,0.0,0.0,1.0,0.0,0.0,0.0,0.0,0.0
2,4,0.0,0.0,0.0,0.0,1.0,0.0,0.0,0.0,0.0,0.0
2,4,0.0,0.0,0.0,0.0,1.0,0.0,0.0,0.0,0.0,0.0
2,4,0.0,0.0,0.0,0.0,1.0,0.0,0.0,0.0,0.0,0.0
2,4,0.0,0.0,0.0,0.0,1.0,0.0,0.0,0.0,0.0,0.0
2,4,0.0,0.0,0.0,0.0,1.0,0.0,0.0,0.0,0.0,0.0
2,4,0.0,0.0,0.0,0.0,1.0,0.0,0.0,0.0,0.0,0.0
2,4,0.0,0.0,0.0,0.0,1.0,0.0,0.0,0.0,0.0,0.0
2,4,0.0,0.0,0.0,0.0,1.0,0.0,0.0,0.0,0.0,0.0
2,4,0.0,0.0,0.0,0.0,1.0,0.0,0.0,0.0,0.0,0.0
2,4,0.0,0.0,0.0,0.0,1.0,0.0,0.0,0.0,0.0,0.0
2,4,0.0,0.0,0.0,0.0,1.0,0.0,0.0,0.0,0.0,0.0
2,4,0.0,0.0,0.0,0.0,1.0,0.0,0.0,0.0,0.0,0.0
2,4,0.0,0.0,0.0,0.0,1.0,0.0,0.0,0.0,0.0,0.0
2,4,0.0,0.0,0.0,0.0,1.0,0.0,0.0,0.0,0.0,0.0
2,4,0.0,0.0,0.0,0.0,1.0,0.0,0.0,0.0,0.0,0.0
2,4,0.0,0.0,0.0,0.0,1.0,0.0,0.0,0.0,0.0,0.0
2,4,0.0,0.0,0.0,0.0,1.0,0.0,0.0,0.0,0.0,0.0
2,4,0.0,0.0,0.0,0.0,1.0,0.0,0.0,0.0,0.0,0.0
2,4,0.0,0.0,0.0,0.0,1.0,0.0,0.0,0.0,0.0,0.0
2,4,0.0,0.0,0.0,0.0,1.0,0.0,0.0,0.0,0.0,0.0
2,4,0.0,0.0,0.0,0.0,1.0,0.0,0.0,0.0,0.0,0.0
2,4,0.0,0.0,0.0,0.0,1.0,0.0,0.0,0.0,0.0,0.0
2,4,0.0,0.0,0.0,0.0,1.0,0.0,0.0,0.0,0.0,0.0
2,4,0.0,0.0,0.0,0.0,1.0,0.0,0.0,0.0,0.0,0.0
2,4,0.0,0.0,0.0,0.0,1.0,0.0,0.0,0.0,0.0,0.0
2,4,0.0,0.0,0.0,0.0,1.0,0.0,0.0,0.0,0.0,0.0
2,4,0.0,0.0,0.0,0.0,1.0,0.0,0.0,0.0,0.0,0.0
2,4,0.0,0.0,0.0,0.0,1.0,0.0,0.0,0.0,0.0,0.0
2,4,0.0,0.0,0.0,0.0,1.0,0.0,0.0,0.0,0.0,0.0
2,4,0.0,0.0,0.0,0.0,1.0,0.0,0.0,0.0,0.0,0.0
2,4,0.0,0.0,0.0,0.0,1.0,0.0,0.0,0.0,0.0,0.0
2,4,0.0,0.0,0.0,0.0,1.0,0.0,0.0,0.0,0.0,0.0
2,4,0.0,0.0,0.0,0.0,1.0,0.0,0.0,0.0,0.0,0.0
2,4,0.0,0.0,0.0,0.0,1.0,0.0,0.0,0.0,0.0,0.0
2,4,0.0,0.0,0.0,0.0,1.0,0.0,0.0,0.0,0.0,0.0
2,4,0.0,0.0,0.0,0.0,1.0,0.0,0.0,0.0,0.0,0.0
2,4,0.0,0.0,0.0,0.0,1.0,0.0,0.0,0.0,0.0,0.0
2,4,0.0,0.0,0.0,0.0,1.0,0.0,0.0,0.0,0.0,0.0
2,4,0.0,0.0,0.0,0.0,1.0,0.0,0.0,0.0,0.0,0.0
2,4,0.0,0.0,0.0,0.0,1.0,0.0,0.0,0.0,0.0,0.0
2,4,0.0,0.0,0.0,0.0,1.0,0.0,0.0,0.0,0.0,0.0
2,4,0.0,0.0,0.0,0.0,1.0,0.0,0.0,0.0,0.0,0.0
2,4,0.0,0.0,0.0,0.0,1.0,0.0,0.0,0.0,0.0,0.0
2,4,0.0,0.0,0.0,0.0,1.0,0.0,0.0,0.0,0.0,0.0
2,4,0.0,0.0,0.0,0.0,1.0,0.0,0.0,0.0,0.0,0.0
2,4,0.0,0.0,0.0,0.0,1.0,0.0,0.0,0.0,0.0,0.0
2,4,0.0,0.0,0.0,0.0,1.0,0.0,0.0,0.0,0.0,0.0
2,4,0.0,0.0,0.0,0.0,1.0,0.0,0.0,0.0,0.0,0.0
2,4,0.0,0.0,0.0,0.0,1.0,0.0,0.0,0.0,0.0,0.0
2,4,0.0,0.0,0.0,0.0,1.0,0.0,0.0,0.0,0.0,0.0
2,4,0.0,0.0,0.0,0.0,1.0,0.0,0.0,0.0,0.0,0.0
2,4,0.0,0.0,0.0,0.0,1.0,0.0,0.0,0.0,0.0,0.0
2,4,0.0,0.0,0.0,0.0,1.0,0.0,0.0,0.0,0.0,0.0
2,4,0.0,0.0,0.0,0.0,1.0,0.0,0.0,0.0,0.0,0.0
2,4,0.0,0.0,0.0,0.0,1.0,0.0,0.0,0.0,0.0,0.0
2,4,0.0,0.0,0.0,0.0,1.0,0.0,0.0,0.0,0.0,0.0
2,4,0.0,0.0,0.0,0.0,1.0,0.0,0.0,0.0,0.0,0.0
2,4,0.0,0.0,0.0,0.0,1.0,0.0,0.0,0.0,0.0,0.0
2,4,0.0,0.0,0.0,0.0,1.0,0.0,0.0,0.0,0.0,0.0
2,4,0.0,0.0,0.0,0.0,1.0,0.0,0.0,0.0,0.0,0.0
2,4,0.0,0.0,0.0,0.0,1.0,0.0,0.0,0.0,0.0,0.0
2,4,0.0,0.0,0.0,0.0,1.0,0.0,0.0,0.0,0.0,0.0
2,4,0.0,0.0,0.0,0.0,1.0,0.0,0.0,0.0,0.0,0.0
2,4,0.0,0.0,0.0,0.0,1.0,0.0,0.0,0.0,0.0,0.0
2,4,0.0,0.0,0.0,0.0,1.0,0.0,0.0,0.0,0.0,0.0
2,4,0.0,0.0,0.0,0.0,1.0,0.0,0.0,0.0,0.0,0.0
2,4,0.0,0.0,0.0,0.0,1.0,0.0,0.0,0.0,0.0,0.0
2,4,0.0,0.0,0.0,0.0,1.0,0.0,0.0,0.0,0.0,0.0
2,4,0.0,0.0,0.0,0.0,1.0,0.0,0.0,0.0,0.0,0.0
2,4,0.0,0.0,0.0,0.0,1.0,0.0,0.0,0.0,0.0,0.0
2,4,0.0,0.0,0.0,0.0,1.0,0.0,0.0,0.0,0.0,0.0
2,4,0.0,0.0,0.0,0.0,1.0,0.0,0.0,0.0,0.0,0.0
2,4,0.0,0.0,0.0,0.0,1.0,0.0,0.0,0.0,0.0,0.0
2,4,0.0,0.0,0.0,0.0,1.0,0.0,0.0,0.0,0.0,0.0
2,4,0.0,0.0,0.0,0.0,1.0,0.0,0.0,0.0,0.0,0.0
2,4,0.0,0.0,0.0,0.0,1.0,0.0,0.0,0.0,0.0,0.0
2,4,0.0,0.0,0.0,0.0,1.0,0.0,0.0,0.0,0.0,0.0
2,4,0.0,0.0,0.0,0.0,1.0,0.0,0.0,0.0,0.0,0.0
2,4,0.0,0.0,0.0,0.0,1.0,0.0,0.0,0.0,0.0,0.0
2,4,0.0,0.0,0.0,0.0,1.0,0.0,0.0,0.0,0.0,0.0
2,4,0.0,0.0,0.0,0.0,1.0,0.0,0.0,0.0,0.0,0.0
2,4,0.0,0.0,0.0,0.0,1.0,0.0,0.0,0.0,0.0,0.0
2,4,0.0,0.0,0.0,0.0,1.0,0.0,0.0,0.0,0.0,0.0
2,4,0.0,0.0,0.0,0.0,1.0,0.0,0.0,0.0,0.0,0.0
2,4,0.0,0.0,0.0,0.0,1.0,0.0,0.0,0.0,0.0,0.0
2,4,0.0,0.0,0.0,0.0,1.0,0.0,0.0,0.0,0.0,0.0
2,4,0.0,0.0,0.0,0.0,1.0,0.0,0.0,0.0,0.0,0.0
2,4,0.0,0.0,0.0,0.0,1.0,0.0,0.0,0.0,0.0,0.0
2,4,0.0,0.0,0.0,0.0,1.0,0.0,0.0,0.0,0.0,0.0
2,4,0.0,0.0,0.0,0.0,1.0,0.0,0.0,0.0,0.0,0.0
2,4,0.0,0.0,0.0,0.0,1.0,0.0,0.0,0.0,0.0,0.0
2,4,0.0,0.0,0.0,0.0,1.0,0.0,0.0,0.0,0.0,0.0
2,4,0.0,0.0,0.0,0.0,1.0,0.0,0.0,0.0,0.0,0.0
2,4,0.0,0.0,0.0,0.0,1.0,0.0,0.0,0.0,0.0,0.0
2,4,0.0,0.0,0.0,0.0,1.0,0.0,0.0,0.0,0.0,0.0
2,4,0.0,0.0,0.0,0.0,1.0,0.0,0.0,0.0,0.0,0.0
2,4,0.0,0.0,0.0,0.0,1.0,0.0,0.0,0.0,0.0,0.0
2,4,0.0,0.0,0.0,0.0,1.0,0.0,0.0,0.0,0.0,0.0
2,4,0.0,0.0,0.0,0.0,1.0,0.0,0.0,0.0,0.0,0.0
2,4,0.0,0.0,0.0,0.0,1.0,0.0,0.0,0.0,0.0,0.0
2,4,0.0,0.0,0.0,0.0,1.0,0.0,0.0,0.0,0.0,0.0
2,4,0.0,0.0,0.0,0.0,1.0,0.0,0.0,0.0,0.0,0.0
2,4,0.0,0.0,0.0,0.0,1.0,0.0,0.0,0.0,0.0,0.0
2,4,0.0,0.0,0.0,0.0,1.0,0.0,0.0,0.0,0.0,0.0
2,4,0.0,0.0,0.0,0.0,1.0,0.0,0.0,0.0,0.0,0.0
2,4,0.0,0.0,0.0,0.0,1.0,0.0,0.0,0.0,0.0,0.0
2,4,0.0,0.0,0.0,0.0,1.0,0.0,0.0,0.0,0.0,0.0
2,4,0.0,0.0,0.0,0.0,1.0,0.0,0.0,0.0,0.0,0.0
2,4,0.0,0.0,0.0,0.0,1.0,0.0,0.0,0.0,0.0,0.0
2,4,0.0,0.0,0.0,0.0,1.0,0.0,0.0,0.0,0.0,0.0
2,4,0.0,0.0,0.0,0.0,1.0,0.0,0.0,0.0,0.0,0.0
2,4,0.0,0.0,0.0,0.0,1.0,0.0,0.0,0.0,0.0,0.0
2,4,0.0,0.0,0.0,0.0,1.0,0.0,0.0,0.0,0.0,0.0
2,4,0.0,0.0,0.0,0.0,1.0,0.0,0.0,0.0,0.0,0.0
2,4,0.0,0.0,0.0,0.0,1.0,0.0,0.0,0.0,0.0,0.0
2,4,0.0,0.0,0.0,0.0,1.0,0.0,0.0,0.0,0.0,0.0
2,4,0.0,0.0,0.0,0.0,1.0,0.0,0.0,0.0,0.0,0.0
2,4,0.0,0.0,0.0,0.0,1.0,0.0,0.0,0.0,0.0,0.0
2,4,0.0,0.0,0.0,0.0,1.0,0.0,0.0,0.0,0.0,0.0
2,4,0.0,0.0,0.0,0.0,1.0,0.0,0.0,0.0,0.0,0.0
2,4,0.0,0.0,0.0,0.0,1.0,0.0,0.0,0.0,0.0,0.0
2,4,0.0,0.0,0.0,0.0,1.0,0.0,0.0,0.0,0.0,0.0
2,4,0.0,0.0,0.0,0.0,1.0,0.0,0.0,0.0,0.0,0.0
2,4,0.0,0.0,0.0,0.0,1.0,0.0,0.0,0.0,0.0,0.0
2,4,0.0,0.0,0.0,0.0,1.0,0.0,0.0,0.0,0.0,0.0
2,4,0.0,0.0,0.0,0.0,1.0,0.0,0.0,0.0,0.0,0.0
2,4,0.0,0.0,0.0,0.0,1.0,0.0,0.0,0.0,0.0,0.0
2,4,0.0,0.0,0.0,0.0,1.0,0.0,0.0,0.0,0.0,0.0
2,4,0.0,0.0,0.0,0.0,1.0,0.0,0.0,0.0,0.0,0.0
2,4,0.0,0.0,0.0,0.0,1.0,0.0,0.0,0.0,0.0,0.0
2,4,0.0,0.0,0.0,0.0,1.0,0.0,0.0,0.0,0.0,0.0
2,4,0.0,0.0,0.0,0.0,1.0,0.0,0.0,0.0,0.0,0.0
2,4,0.0,0.0,0.0,0.0,1.0,0.0,0.0,0.0,0.0,0.0
2,4,0.0,0.0,0.0,0.0,1.0,0.0,0.0,0.0,0.0,0.0
2,4,0.0,0.0,0.0,0.0,1.0,0.0,0.0,0.0,0.0,0.0
2,4,0.0,0.0,0.0,0.0,1.0,0.0,0.0,0.0,0.0,0.0
2,4,0.0,0.0,0.0,0.0,1.0,0.0,0.0,0.0,0.0,0.0
2,4,0.0,0.0,0.0,0.0,1.0,0.0,0.0,0.0,0.0,0.0
2,4,0.0,0.0,0.0,0.0,1.0,0.0,0.0,0.0,0.0,0.0
2,4,0.0,0.0,0.0,0.0,1.0,0.0,0.0,0.0,0.0,0.0
2,4,0.0,0.0,0.0,0.0,1.0,0.0,0.0,0.0,0.0,0.0
2,4,0.0,0.0,0.0,0.0,1.0,0.0,0.0,0.0,0.0,0.0
2,4,0.0,0.0,0.0,0.0,1.0,0.0,0.0,0.0,0.0,0.0
2,4,0.0,0.0,0.0,0.0,1.0,0.0,0.0,0.0,0.0,0.0
2,4,0.0,0.0,0.0,0.0,1.0,0.0,0.0,0.0,0.0,0.0
2,4,0.0,0.0,0.0,0.0,1.0,0.0,0.0,0.0,0.0,0.0
2,4,0.0,0.0,0.0,0.0,1.0,0.0,0.0,0.0,0.0,0.0
2,4,0.0,0.0,0.0,0.0,1.0,0.0,0.0,0.0,0.0,0.0
2,4,0.0,0.0,0.0,0.0,1.0,0.0,0.0,0.0,0.0,0.0
2,4,0.0,0.0,0.0,0.0,1.0,0.0,0.0,0.0,0.0,0.0
2,4,0.0,0.0,0.0,0.0,1.0,0.0,0.0,0.0,0.0,0.0
2,4,0.0,0.0,0.0,0.0,1.0,0.0,0.0,0.0,0.0,0.0
2,4,0.0,0.0,0.0,0.0,1.0,0.0,0.0,0.0,0.0,0.0
2,4,0.0,0.0,0.0,0.0,1.0,0.0,0.0,0.0,0.0,0.0
2,4,0.0,0.0,0.0,0.0,1.0,0.0,0.0,0.0,0.0,0.0
2,4,0.0,0.0,0.0,0.0,1.0,0.0,0.0,0.0,0.0,0.0
2,4,0.0,0.0,0.0,0.0,1.0,0.0,0.0,0.0,0.0,0.0
2,4,0.0,0.0,0.0,0.0,1.0,0.0,0.0,0.0,0.0,0.0
2,4,0.0,0.0,0.0,0.0,1.0,0.0,0.0,0.0,0.0,0.0
2,4,0.0,0.0,0.0,0.0,1.0,0.0,0.0,0.0,0.0,0.0
2,4,0.0,0.0,0.0,0.0,1.0,0.0,0.0,0.0,0.0,0.0
2,4,0.0,0.0,0.0,0.0,1.0,0.0,0.0,0.0,0.0,0.0
2,4,0.0,0.0,0.0,0.0,1.0,0.0,0.0,0.0,0.0,0.0
2,4,0.0,0.0,0.0,0.0,1.0,0.0,0.0,0.0,0.0,0.0
2,4,0.0,0.0,0.0,0.0,1.0,0.0,0.0,0.0,0.0,0.0
2,4,0.0,0.0,0.0,0.0,1.0,0.0,0.0,0.0,0.0,0.0
2,4,0.0,0.0,0.0,0.0,1.0,0.0,0.0,0.0,0.0,0.0
2,4,0.0,0.0,0.0,0.0,1.0,0.0,0.0,0.0,0.0,0.0
2,4,0.0,0.0,0.0,0.0,1.0,0.0,0.0,0.0,0.0,0.0
2,4,0.0,0.0,0.0,0.0,1.0,0.0,0.0,0.0,0.0,0.0
2,4,0.0,0.0,0.0,0.0,1.0,0.0,0.0,0.0,0.0,0.0
2,4,0.0,0.0,0.0,0.0,1.0,0.0,0.0,0.0,0.0,0.0
2,4,0.0,0.0,0.0,0.0,1.0,0.0,0.0,0.0,0.0,0.0
2,4,0.0,0.0,0.0,0.0,1.0,0.0,0.0,0.0,0.0,0.0
2,4,0.0,0.0,0.0,0.0,1.0,0.0,0.0,0.0,0.0,0.0
2,4,0.0,0.0,0.0,0.0,1.0,0.0,0.0,0.0,0.0,0.0
2,4,0.0,0.0,0.0,0.0,1.0,0.0,0.0,0.0,0.0,0.0
2,4,0.0,0.0,0.0,0.0,1.0,0.0,0.0,0.0,0.0,0.0
2,4,0.0,0.0,0.0,0.0,1.0,0.0,0.0,0.0,0.0,0.0
2,4,0.0,0.0,0.0,0.0,1.0,0.0,0.0,0.0,0.0,0.0
2,4,0.0,0.0,0.0,0.0,1.0,0.0,0.0,0.0,0.0,0.0
2,4,0.0,0.0,0.0,0.0,1.0,0.0,0.0,0.0,0.0,0.0
2,4,0.0,0.0,0.0,0.0,1.0,0.0,0.0,0.0,0.0,0.0
2,4,0.0,0.0,0.0,0.0,1.0,0.0,0.0,0.0,0.0,0.0
2,4,0.0,0.0,0.0,0.0,1.0,0.0,0.0,0.0,0.0,0.0
2,4,0.0,0.0,0.0,0.0,1.0,0.0,0.0,0.0,0.0,0.0
2,4,0.0,0.0,0.0,0.0,1.0,0.0,0.0,0.0,0.0,0.0
2,4,0.0,0.0,0.0,0.0,1.0,0.0,0.0,0.0,0.0,0.0
2,4,0.0,0.0,0.0,0.0,1.0,0.0,0.0,0.0,0.0,0.0
2,4,0.0,0.0,0.0,0.0,1.0,0.0,0.0,0.0,0.0,0.0
2,4,0.0,0.0,0.0,0.0,1.0,0.0,0.0,0.0,0.0,0.0
2,4,0.0,0.0,0.0,0.0,1.0,0.0,0.0,0.0,0.0,0.0
2,4,0.0,0.0,0.0,0.0,1.0,0.0,0.0,0.0,0.0,0.0
2,4,0.0,0.0,0.0,0.0,1.0,0.0,0.0,0.0,0.0,0.0
2,4,0.0,0.0,0.0,0.0,1.0,0.0,0.0,0.0,0.0,0.0
2,4,0.0,0.0,0.0,0.0,1.0,0.0,0.0,0.0,0.0,0.0
2,4,0.0,0.0,0.0,0.0,1.0,0.0,0.0,0.0,0.0,0.0
2,4,0.0,0.0,0.0,0.0,1.0,0.0,0.0,0.0,0.0,0.0
2,4,0.0,0.0,0.0,0.0,1.0,0.0,0.0,0.0,0.0,0.0
2,4,0.0,0.0,0.0,0.0,1.0,0.0,0.0,0.0,0.0,0.0
2,4,0.0,0.0,0.0,0.0,1.0,0.0,0.0,0.0,0.0,0.0
2,4,0.0,0.0,0.0,0.0,1.0,0.0,0.0,0.0,0.0,0.0
2,4,0.0,0.0,0.0,0.0,1.0,0.0,0.0,0.0,0.0,0.0
2,4,0.0,0.0,0.0,0.0,1.0,0.0,0.0,0.0,0.0,0.0
2,4,0.0,0.0,0.0,0.0,1.0,0.0,0.0,0.0,0.0,0.0
2,4,0.0,0.0,0.0,0.0,1.0,0.0,0.0,0.0,0.0,0.0
2,4,0.0,0.0,0.0,0.0,1.0,0.0,0.0,0.0,0.0,0.0
2,4,0.0,0.0,0.0,0.0,1.0,0.0,0.0,0.0,0.0,0.0
2,4,0.0,0.0,0.0,0.0,1.0,0.0,0.0,0.0,0.0,0.0
2,4,0.0,0.0,0.0,0.0,1.0,0.0,0.0,0.0,0.0,0.0
2,4,0.0,0.0,0.0,0.0,1.0,0.0,0.0,0.0,0.0,0.0
2,4,0.0,0.0,0.0,0.0,1.0,0.0,0.0,0.0,0.0,0.0
2,4,0.0,0.0,0.0,0.0,1.0,0.0,0.0,0.0,0.0,0.0
2,4,0.0,0.0,0.0,0.0,1.0,0.0,0.0,0.0,0.0,0.0
2,4,0.0,0.0,0.0,0.0,1.0,0.0,0.0,0.0,0.0,0.0
2,4,0.0,0.0,0.0,0.0,1.0,0.0,0.0,0.0,0.0,0.0
2,4,0.0,0.0,0.0,0.0,1.0,0.0,0.0,0.0,0.0,0.0
2,4,0.0,0.0,0.0,0.0,1.0,0.0,0.0,0.0,0.0,0.0
2,4,0.0,0.0,0.0,0.0,1.0,0.0,0.0,0.0,0.0,0.0
2,4,0.0,0.0,0.0,0.0,1.0,0.0,0.0,0.0,0.0,0.0
2,4,0.0,0.0,0.0,0.0,1.0,0.0,0.0,0.0,0.0,0.0
2,4,0.0,0.0,0.0,0.0,1.0,0.0,0.0,0.0,0.0,0.0
2,4,0.0,0.0,0.0,0.0,1.0,0.0,0.0,0.0,0.0,0.0
2,4,0.0,0.0,0.0,0.0,1.0,0.0,0.0,0.0,0.0,0.0
2,4,0.0,0.0,0.0,0.0,1.0,0.0,0.0,0.0,0.0,0.0
2,4,0.0,0.0,0.0,0.0,1.0,0.0,0.0,0.0,0.0,0.0
2,4,0.0,0.0,0.0,0.0,1.0,0.0,0.0,0.0,0.0,0.0
2,4,0.0,0.0,0.0,0.0,1.0,0.0,0.0,0.0,0.0,0.0
2,4,0.0,0.0,0.0,0.0,1.0,0.0,0.0,0.0,0.0,0.0
2,4,0.0,0.0,0.0,0.0,1.0,0.0,0.0,0.0,0.0,0.0
2,4,0.0,0.0,0.0,0.0,1.0,0.0,0.0,0.0,0.0,0.0
2,4,0.0,0.0,0.0,0.0,1.0,0.0,0.0,0.0,0.0,0.0
2,4,0.0,0.0,0.0,0.0,1.0,0.0,0.0,0.0,0.0,0.0
2,4,0.0,0.0,0.0,0.0,1.0,0.0,0.0,0.0,0.0,0.0
2,4,0.0,0.0,0.0,0.0,1.0,0.0,0.0,0.0,0.0,0.0
2,4,0.0,0.0,0.0,0.0,1.0,0.0,0.0,0.0,0.0,0.0
2,4,0.0,0.0,0.0,0.0,1.0,0.0,0.0,0.0,0.0,0.0
2,4,0.0,0.0,0.0,0.0,1.0,0.0,0.0,0.0,0.0,0.0
2,4,0.0,0.0,0.0,0.0,1.0,0.0,0.0,0.0,0.0,0.0
2,4,0.0,0.0,0.0,0.0,1.0,0.0,0.0,0.0,0.0,0.0
2,4,0.0,0.0,0.0,0.0,1.0,0.0,0.0,0.0,0.0,0.0
2,4,0.0,0.0,0.0,0.0,1.0,0.0,0.0,0.0,0.0,0.0
2,4,0.0,0.0,0.0,0.0,1.0,0.0,0.0,0.0,0.0,0.0
2,4,0.0,0.0,0.0,0.0,1.0,0.0,0.0,0.0,0.0,0.0
2,4,0.0,0.0,0.0,0.0,1.0,0.0,0.0,0.0,0.0,0.0
2,4,0.0,0.0,0.0,0.0,1.0,0.0,0.0,0.0,0.0,0.0
2,4,0.0,0.0,0.0,0.0,1.0,0.0,0.0,0.0,0.0,0.0
2,4,0.0,0.0,0.0,0.0,1.0,0.0,0.0,0.0,0.0,0.0
2,4,0.0,0.0,0.0,0.0,1.0,0.0,0.0,0.0,0.0,0.0
2,4,0.0,0.0,0.0,0.0,1.0,0.0,0.0,0.0,0.0,0.0
2,4,0.0,0.0,0.0,0.0,1.0,0.0,0.0,0.0,0.0,0.0
2,4,0.0,0.0,0.0,0.0,1.0,0.0,0.0,0.0,0.0,0.0
2,4,0.0,0.0,0.0,0.0,1.0,0.0,0.0,0.0,0.0,0.0
2,4,0.0,0.0,0.0,0.0,1.0,0.0,0.0,0.0,0.0,0.0
2,4,0.0,0.0,0.0,0.0,1.0,0.0,0.0,0.0,0.0,0.0
2,4,0.0,0.0,0.0,0.0,1.0,0.0,0.0,0.0,0.0,0.0
2,4,0.0,0.0,0.0,0.0,1.0,0.0,0.0,0.0,0.0,0.0
2,4,0.0,0.0,0.0,0.0,1.0,0.0,0.0,0.0,0.0,0.0
2,4,0.0,0.0,0.0,0.0,1.0,0.0,0.0,0.0,0.0,0.0
2,4,0.0,0.0,0.0,0.0,1.0,0.0,0.0,0.0,0.0,0.0
2,4,0.0,0.0,0.0,0.0,1.0,0.0,0.0,0.0,0.0,0.0
2,4,0.0,0.0,0.0,0.0,1.0,0.0,0.0,0.0,0.0,0.0
2,4,0.0,0.0,0.0,0.0,1.0,0.0,0.0,0.0,0.0,0.0
2,4,0.0,0.0,0.0,0.0,1.0,0.0,0.0,0.0,0.0,0.0
2,4,0.0,0.0,0.0,0.0,1.0,0.0,0.0,0.0,0.0,0.0
2,4,0.0,0.0,0.0,0.0,1.0,0.0,0.0,0.0,0.0,0.0
2,4,0.0,0.0,0.0,0.0,1.0,0.0,0.0,0.0,0.0,0.0
2,4,0.0,0.0,0.0,0.0,1.0,0.0,0.0,0.0,0.0,0.0
2,4,0.0,0.0,0.0,0.0,1.0,0.0,0.0,0.0,0.0,0.0
2,4,0.0,0.0,0.0,0.0,1.0,0.0,0.0,0.0,0.0,0.0
2,4,0.0,0.0,0.0,0.0,1.0,0.0,0.0,0.0,0.0,0.0
2,4,0.0,0.0,0.0,0.0,1.0,0.0,0.0,0.0,0.0,0.0
2,4,0.0,0.0,0.0,0.0,1.0,0.0,0.0,0.0,0.0,0.0
2,4,0.0,0.0,0.0,0.0,1.0,0.0,0.0,0.0,0.0,0.0
2,4,0.0,0.0,0.0,0.0,1.0,0.0,0.0,0.0,0.0,0.0
2,4,0.0,0.0,0.0,0.0,1.0,0.0,0.0,0.0,0.0,0.0
2,4,0.0,0.0,0.0,0.0,1.0,0.0,0.0,0.0,0.0,0.0
2,4,0.0,0.0,0.0,0.0,1.0,0.0,0.0,0.0,0.0,0.0
2,4,0.0,0.0,0.0,0.0,1.0,0.0,0.0,0.0,0.0,0.0
2,4,0.0,0.0,0.0,0.0,1.0,0.0,0.0,0.0,0.0,0.0
2,4,0.0,0.0,0.0,0.0,1.0,0.0,0.0,0.0,0.0,0.0
2,4,0.0,0.0,0.0,0.0,1.0,0.0,0.0,0.0,0.0,0.0
2,4,0.0,0.0,0.0,0.0,1.0,0.0,0.0,0.0,0.0,0.0
2,4,0.0,0.0,0.0,0.0,1.0,0.0,0.0,0.0,0.0,0.0
2,4,0.0,0.0,0.0,0.0,1.0,0.0,0.0,0.0,0.0,0.0
2,4,0.0,0.0,0.0,0.0,1.0,0.0,0.0,0.0,0.0,0.0
2,4,0.0,0.0,0.0,0.0,1.0,0.0,0.0,0.0,0.0,0.0
2,4,0.0,0.0,0.0,0.0,1.0,0.0,0.0,0.0,0.0,0.0
2,4,0.0,0.0,0.0,0.0,1.0,0.0,0.0,0.0,0.0,0.0
2,4,0.0,0.0,0.0,0.0,1.0,0.0,0.0,0.0,0.0,0.0
2,4,0.0,0.0,0.0,0.0,1.0,0.0,0.0,0.0,0.0,0.0
2,4,0.0,0.0,0.0,0.0,1.0,0.0,0.0,0.0,0.0,0.0
2,4,0.0,0.0,0.0,0.0,1.0,0.0,0.0,0.0,0.0,0.0
2,4,0.0,0.0,0.0,0.0,1.0,0.0,0.0,0.0,0.0,0.0
2,4,0.0,0.0,0.0,0.0,1.0,0.0,0.0,0.0,0.0,0.0
2,4,0.0,0.0,0.0,0.0,1.0,0.0,0.0,0.0,0.0,0.0
2,4,0.0,0.0,0.0,0.0,1.0,0.0,0.0,0.0,0.0,0.0
2,4,0.0,0.0,0.0,0.0,1.0,0.0,0.0,0.0,0.0,0.0
2,4,0.0,0.0,0.0,0.0,1.0,0.0,0.0,0.0,0.0,0.0
2,4,0.0,0.0,0.0,0.0,1.0,0.0,0.0,0.0,0.0,0.0
2,4,0.0,0.0,0.0,0.0,1.0,0.0,0.0,0.0,0.0,0.0
2,4,0.0,0.0,0.0,0.0,1.0,0.0,0.0,0.0,0.0,0.0
2,4,0.0,0.0,0.0,0.0,1.0,0.0,0.0,0.0,0.0,0.0
2,4,0.0,0.0,0.0,0.0,1.0,0.0,0.0,0.0,0.0,0.0
2,4,0.0,0.0,0.0,0.0,1.0,0.0,0.0,0.0,0.0,0.0
2,4,0.0,0.0,0.0,0.0,1.0,0.0,0.0,0.0,0.0,0.0
2,4,0.0,0.0,0.0,0.0,1.0,0.0,0.0,0.0,0.0,0.0
2,4,0.0,0.0,0.0,0.0,1.0,0.0,0.0,0.0,0.0,0.0
2,4,0.0,0.0,0.0,0.0,1.0,0.0,0.0,0.0,0.0,0.0
2,4,0.0,0.0,0.0,0.0,1.0,0.0,0.0,0.0,0.0,0.0
2,4,0.0,0.0,0.0,0.0,1.0,0.0,0.0,0.0,0.0,0.0
2,4,0.0,0.0,0.0,0.0,1.0,0.0,0.0,0.0,0.0,0.0
2,4,0.0,0.0,0.0,0.0,1.0,0.0,0.0,0.0,0.0,0.0
2,4,0.0,0.0,0.0,0.0,1.0,0.0,0.0,0.0,0.0,0.0
2,4,0.0,0.0,0.0,0.0,1.0,0.0,0.0,0.0,0.0,0.0
2,4,0.0,0.0,0.0,0.0,1.0,0.0,0.0,0.0,0.0,0.0
2,4,0.0,0.0,0.0,0.0,1.0,0.0,0.0,0.0,0.0,0.0
2,4,0.0,0.0,0.0,0.0,1.0,0.0,0.0,0.0,0.0,0.0
2,4,0.0,0.0,0.0,0.0,1.0,0.0,0.0,0.0,0.0,0.0
2,4,0.0,0.0,0.0,0.0,1.0,0.0,0.0,0.0,0.0,0.0
2,4,0.0,0.0,0.0,0.0,1.0,0.0,0.0,0.0,0.0,0.0
2,4,0.0,0.0,0.0,0.0,1.0,0.0,0.0,0.0,0.0,0.0
2,4,0.0,0.0,0.0,0.0,1.0,0.0,0.0,0.0,0.0,0.0
2,4,0.0,0.0,0.0,0.0,1.0,0.0,0.0,0.0,0.0,0.0
2,4,0.0,0.0,0.0,0.0,1.0,0.0,0.0,0.0,0.0,0.0
2,4,0.0,0.0,0.0,0.0,1.0,0.0,0.0,0.0,0.0,0.0
2,4,0.0,0.0,0.0,0.0,1.0,0.0,0.0,0.0,0.0,0.0
2,4,0.0,0.0,0.0,0.0,1.0,0.0,0.0,0.0,0.0,0.0
2,4,0.0,0.0,0.0,0.0,1.0,0.0,0.0,0.0,0.0,0.0
2,4,0.0,0.0,0.0,0.0,1.0,0.0,0.0,0.0,0.0,0.0
2,4,0.0,0.0,0.0,0.0,1.0,0.0,0.0,0.0,0.0,0.0
2,4,0.0,0.0,0.0,0.0,1.0,0.0,0.0,0.0,0.0,0.0
2,4,0.0,0.0,0.0,0.0,1.0,0.0,0.0,0.0,0.0,0.0
2,4,0.0,0.0,0.0,0.0,1.0,0.0,0.0,0.0,0.0,0.0
2,4,0.0,0.0,0.0,0.0,1.0,0.0,0.0,0.0,0.0,0.0
2,4,0.0,0.0,0.0,0.0,1.0,0.0,0.0,0.0,0.0,0.0
2,4,0.0,0.0,0.0,0.0,1.0,0.0,0.0,0.0,0.0,0.0
2,4,0.0,0.0,0.0,0.0,1.0,0.0,0.0,0.0,0.0,0.0
2,4,0.0,0.0,0.0,0.0,1.0,0.0,0.0,0.0,0.0,0.0
2,4,0.0,0.0,0.0,0.0,1.0,0.0,0.0,0.0,0.0,0.0
2,4,0.0,0.0,0.0,0.0,1.0,0.0,0.0,0.0,0.0,0.0
2,4,0.0,0.0,0.0,0.0,1.0,0.0,0.0,0.0,0.0,0.0
2,4,0.0,0.0,0.0,0.0,1.0,0.0,0.0,0.0,0.0,0.0
2,4,0.0,0.0,0.0,0.0,1.0,0.0,0.0,0.0,0.0,0.0
2,4,0.0,0.0,0.0,0.0,1.0,0.0,0.0,0.0,0.0,0.0
2,4,0.0,0.0,0.0,0.0,1.0,0.0,0.0,0.0,0.0,0.0
2,4,0.0,0.0,0.0,0.0,1.0,0.0,0.0,0.0,0.0,0.0
2,4,0.0,0.0,0.0,0.0,1.0,0.0,0.0,0.0,0.0,0.0
2,4,0.0,0.0,0.0,0.0,1.0,0.0,0.0,0.0,0.0,0.0
2,4,0.0,0.0,0.0,0.0,1.0,0.0,0.0,0.0,0.0,0.0
2,4,0.0,0.0,0.0,0.0,1.0,0.0,0.0,0.0,0.0,0.0
2,4,0.0,0.0,0.0,0.0,1.0,0.0,0.0,0.0,0.0,0.0
2,4,0.0,0.0,0.0,0.0,1.0,0.0,0.0,0.0,0.0,0.0
2,4,0.0,0.0,0.0,0.0,1.0,0.0,0.0,0.0,0.0,0.0
2,4,0.0,0.0,0.0,0.0,1.0,0.0,0.0,0.0,0.0,0.0
2,4,0.0,0.0,0.0,0.0,1.0,0.0,0.0,0.0,0.0,0.0
2,4,0.0,0.0,0.0,0.0,1.0,0.0,0.0,0.0,0.0,0.0
2,4,0.0,0.0,0.0,0.0,1.0,0.0,0.0,0.0,0.0,0.0
2,4,0.0,0.0,0.0,0.0,1.0,0.0,0.0,0.0,0.0,0.0
2,4,0.0,0.0,0.0,0.0,1.0,0.0,0.0,0.0,0.0,0.0
2,4,0.0,0.0,0.0,0.0,1.0,0.0,0.0,0.0,0.0,0.0
2,4,0.0,0.0,0.0,0.0,1.0,0.0,0.0,0.0,0.0,0.0
2,4,0.0,0.0,0.0,0.0,1.0,0.0,0.0,0.0,0.0,0.0
2,4,0.0,0.0,0.0,0.0,1.0,0.0,0.0,0.0,0.0,0.0
2,4,0.0,0.0,0.0,0.0,1.0,0.0,0.0,0.0,0.0,0.0
2,4,0.0,0.0,0.0,0.0,1.0,0.0,0.0,0.0,0.0,0.0
2,4,0.0,0.0,0.0,0.0,1.0,0.0,0.0,0.0,0.0,0.0
2,4,0.0,0.0,0.0,0.0,1.0,0.0,0.0,0.0,0.0,0.0
2,4,0.0,0.0,0.0,0.0,1.0,0.0,0.0,0.0,0.0,0.0
2,4,0.0,0.0,0.0,0.0,1.0,0.0,0.0,0.0,0.0,0.0
2,4,0.0,0.0,0.0,0.0,1.0,0.0,0.0,0.0,0.0,0.0
2,4,0.0,0.0,0.0,0.0,1.0,0.0,0.0,0.0,0.0,0.0
2,4,0.0,0.0,0.0,0.0,1.0,0.0,0.0,0.0,0.0,0.0
2,4,0.0,0.0,0.0,0.0,1.0,0.0,0.0,0.0,0.0,0.0
2,4,0.0,0.0,0.0,0.0,1.0,0.0,0.0,0.0,0.0,0.0
2,4,0.0,0.0,0.0,0.0,1.0,0.0,0.0,0.0,0.0,0.0
2,4,0.0,0.0,0.0,0.06428982,0.9357102,0.0,0.0,0.0,0.0,0.0
2,4,0.0,0.0,0.0,0.06428982,0.9357102,0.0,0.0,0.0,0.0,0.0
2,4,0.0,0.0,0.0,0.06428982,0.9357102,0.0,0.0,0.0,0.0,0.0
2,4,0.0,0.0,0.0,0.06428982,0.9357102,0.0,0.0,0.0,0.0,0.0
2,4,0.0,0.0,0.0,0.06428982,0.9357102,0.0,0.0,0.0,0.0,0.0
2,4,0.0,0.0,0.0,0.06428982,0.9357102,0.0,0.0,0.0,0.0,0.0
2,4,0.0,0.0,0.0,0.06428982,0.9357102,0.0,0.0,0.0,0.0,0.0
2,4,0.0,0.0,0.0,0.06428982,0.9357102,0.0,0.0,0.0,0.0,0.0
2,4,0.0,0.0,0.0,0.06428982,0.9357102,0.0,0.0,0.0,0.0,0.0
2,4,0.0,0.0,0.0,0.06428982,0.9357102,0.0,0.0,0.0,0.0,0.0
2,4,0.0,0.0,0.0,0.06428982,0.9357102,0.0,0.0,0.0,0.0,0.0
2,4,0.0,0.0,0.0,0.06428982,0.9357102,0.0,0.0,0.0,0.0,0.0
2,4,0.0,0.0,0.0,0.06428982,0.9357102,0.0,0.0,0.0,0.0,0.0
2,4,0.0,0.0,0.0,0.06428982,0.9357102,0.0,0.0,0.0,0.0,0.0
2,4,0.0,0.0,0.0,0.06428982,0.9357102,0.0,0.0,0.0,0.0,0.0
2,4,0.0,0.0,0.0,0.06428982,0.9357102,0.0,0.0,0.0,0.0,0.0
2,4,0.0,0.0,0.0,0.06428982,0.9357102,0.0,0.0,0.0,0.0,0.0
2,4,0.0,0.0,0.0,0.06428982,0.9357102,0.0,0.0,0.0,0.0,0.0
2,4,0.0,0.0,0.0,0.06428982,0.9357102,0.0,0.0,0.0,0.0,0.0
2,4,0.0,0.0,0.0,0.06428982,0.9357102,0.0,0.0,0.0,0.0,0.0
2,4,0.0,0.0,0.0,0.06428982,0.9357102,0.0,0.0,0.0,0.0,0.0
2,4,0.0,0.0,0.0,0.06428982,0.9357102,0.0,0.0,0.0,0.0,0.0
2,4,0.0,0.0,0.0,0.06428982,0.9357102,0.0,0.0,0.0,0.0,0.0
2,4,0.0,0.0,0.0,0.06428982,0.9357102,0.0,0.0,0.0,0.0,0.0
2,4,0.0,0.0,0.0,0.06428982,0.9357102,0.0,0.0,0.0,0.0,0.0
2,4,0.0,0.0,0.0,0.06428982,0.9357102,0.0,0.0,0.0,0.0,0.0
2,4,0.0,0.0,0.0,0.06428982,0.9357102,0.0,0.0,0.0,0.0,0.0
2,4,0.0,0.0,0.0,0.06428982,0.9357102,0.0,0.0,0.0,0.0,0.0
2,4,0.0,0.0,0.0,0.06428982,0.9357102,0.0,0.0,0.0,0.0,0.0
2,4,0.0,0.0,0.0,0.06428982,0.9357102,0.0,0.0,0.0,0.0,0.0
2,4,0.0,0.0,0.0,0.06428982,0.9357102,0.0,0.0,0.0,0.0,0.0
2,4,0.0,0.0,0.0,0.06428982,0.9357102,0.0,0.0,0.0,0.0,0.0
2,4,0.0,0.0,0.0,0.06428982,0.9357102,0.0,0.0,0.0,0.0,0.0
2,4,0.0,0.0,0.0,0.06428982,0.9357102,0.0,0.0,0.0,0.0,0.0
2,4,0.0,0.0,0.0,0.06428982,0.9357102,0.0,0.0,0.0,0.0,0.0
2,4,0.0,0.0,0.0,0.06428982,0.9357102,0.0,0.0,0.0,0.0,0.0
2,4,0.0,0.0,0.0,0.06428982,0.9357102,0.0,0.0,0.0,0.0,0.0
2,4,0.0,0.0,0.0,0.06428982,0.9357102,0.0,0.0,0.0,0.0,0.0
2,4,0.0,0.0,0.0,0.06428982,0.9357102,0.0,0.0,0.0,0.0,0.0
2,4,0.0,0.0,0.0,0.06428982,0.9357102,0.0,0.0,0.0,0.0,0.0
2,4,0.0,0.0,0.0,0.06428982,0.9357102,0.0,0.0,0.0,0.0,0.0
2,4,0.0,0.0,0.0,0.06428982,0.9357102,0.0,0.0,0.0,0.0,0.0
2,4,0.0,0.0,0.0,0.06428982,0.9357102,0.0,0.0,0.0,0.0,0.0
2,4,0.0,0.0,0.0,0.06428982,0.9357102,0.0,0.0,0.0,0.0,0.0
2,4,0.0,0.0,0.0,0.06428982,0.9357102,0.0,0.0,0.0,0.0,0.0
2,4,0.0,0.0,0.0,0.06428982,0.9357102,0.0,0.0,0.0,0.0,0.0
2,4,0.0,0.0,0.0,0.06428982,0.9357102,0.0,0.0,0.0,0.0,0.0
2,4,0.0,0.0,0.0,0.06428982,0.9357102,0.0,0.0,0.0,0.0,0.0
2,4,0.0,0.0,0.0,0.06428982,0.9357102,0.0,0.0,0.0,0.0,0.0
2,4,0.0,0.0,0.0,0.06428982,0.9357102,0.0,0.0,0.0,0.0,0.0
2,4,0.0,0.0,0.0,0.06428982,0.9357102,0.0,0.0,0.0,0.0,0.0
2,4,0.0,0.0,0.0,0.06428982,0.9357102,0.0,0.0,0.0,0.0,0.0
2,4,0.0,0.0,0.0,0.06428982,0.9357102,0.0,0.0,0.0,0.0,0.0
2,4,0.0,0.0,0.0,0.06428982,0.9357102,0.0,0.0,0.0,0.0,0.0
2,4,0.0,0.0,0.0,0.06428982,0.9357102,0.0,0.0,0.0,0.0,0.0
2,4,0.0,0.0,0.0,0.06428982,0.9357102,0.0,0.0,0.0,0.0,0.0
2,4,0.0,0.0,0.0,0.06428982,0.9357102,0.0,0.0,0.0,0.0,0.0
2,4,0.0,0.0,0.0,0.06428982,0.9357102,0.0,0.0,0.0,0.0,0.0
2,4,0.0,0.0,0.0,0.06428982,0.9357102,0.0,0.0,0.0,0.0,0.0
2,4,0.0,0.0,0.0,0.06428982,0.9357102,0.0,0.0,0.0,0.0,0.0
2,4,0.0,0.0,0.0,0.06428982,0.9357102,0.0,0.0,0.0,0.0,0.0
2,4,0.0,0.0,0.0,0.06428982,0.9357102,0.0,0.0,0.0,0.0,0.0
2,4,0.0,0.0,0.0,0.06428982,0.9357102,0.0,0.0,0.0,0.0,0.0
2,4,0.0,0.0,0.0,0.06428982,0.9357102,0.0,0.0,0.0,0.0,0.0
2,4,0.0,0.0,0.0,0.06428982,0.9357102,0.0,0.0,0.0,0.0,0.0
2,4,0.0,0.0,0.0,0.06428982,0.9357102,0.0,0.0,0.0,0.0,0.0
2,4,0.0,0.0,0.0,0.06428982,0.9357102,0.0,0.0,0.0,0.0,0.0
2,4,0.0,0.0,0.0,0.06428982,0.9357102,0.0,0.0,0.0,0.0,0.0
2,4,0.0,0.0,0.0,0.06428982,0.9357102,0.0,0.0,0.0,0.0,0.0
2,4,0.0,0.0,0.0,0.06428982,0.9357102,0.0,0.0,0.0,0.0,0.0
2,4,0.0,0.0,0.0,0.06428982,0.9357102,0.0,0.0,0.0,0.0,0.0
2,4,0.0,0.0,0.0,0.06428982,0.9357102,0.0,0.0,0.0,0.0,0.0
2,4,0.0,0.0,0.0,0.06428982,0.9357102,0.0,0.0,0.0,0.0,0.0
2,4,0.0,0.0,0.0,0.06428982,0.9357102,0.0,0.0,0.0,0.0,0.0
2,4,0.0,0.0,0.0,0.06428982,0.9357102,0.0,0.0,0.0,0.0,0.0
2,4,0.0,0.0,0.0,0.06428982,0.9357102,0.0,0.0,0.0,0.0,0.0
2,4,0.0,0.0,0.0,0.06428982,0.9357102,0.0,0.0,0.0,0.0,0.0
2,4,0.0,0.0,0.0,0.06428982,0.9357102,0.0,0.0,0.0,0.0,0.0
2,4,0.0,0.0,0.0,0.06428982,0.9357102,0.0,0.0,0.0,0.0,0.0
2,4,0.0,0.0,0.0,0.06428982,0.9357102,0.0,0.0,0.0,0.0,0.0
2,4,0.0,0.0,0.0,0.06428982,0.9357102,0.0,0.0,0.0,0.0,0.0
2,4,0.0,0.0,0.0,0.06428982,0.9357102,0.0,0.0,0.0,0.0,0.0
2,4,0.0,0.0,0.0,0.06428982,0.9357102,0.0,0.0,0.0,0.0,0.0
2,4,0.0,0.0,0.0,0.06428982,0.9357102,0.0,0.0,0.0,0.0,0.0
2,4,0.0,0.0,0.0,0.06428982,0.9357102,0.0,0.0,0.0,0.0,0.0
2,4,0.0,0.0,0.0,0.06428982,0.9357102,0.0,0.0,0.0,0.0,0.0
2,4,0.0,0.0,0.0,0.06428982,0.9357102,0.0,0.0,0.0,0.0,0.0
2,4,0.0,0.0,0.0,0.06428982,0.9357102,0.0,0.0,0.0,0.0,0.0
2,4,0.0,0.0,0.0,0.06428982,0.9357102,0.0,0.0,0.0,0.0,0.0
2,4,0.0,0.0,0.0,0.06428982,0.9357102,0.0,0.0,0.0,0.0,0.0
2,4,0.0,0.0,0.0,0.06428982,0.9357102,0.0,0.0,0.0,0.0,0.0
2,4,0.0,0.0,0.0,0.06428982,0.9357102,0.0,0.0,0.0,0.0,0.0
2,4,0.0,0.0,0.0,0.06428982,0.9357102,0.0,0.0,0.0,0.0,0.0
2,4,0.0,0.0,0.0,0.06428982,0.9357102,0.0,0.0,0.0,0.0,0.0
2,4,0.0,0.0,0.0,0.06428982,0.9357102,0.0,0.0,0.0,0.0,0.0
2,4,0.0,0.0,0.0,0.06428982,0.9357102,0.0,0.0,0.0,0.0,0.0
2,4,0.0,0.0,0.0,0.06428982,0.9357102,0.0,0.0,0.0,0.0,0.0
2,4,0.0,0.0,0.0,0.06428982,0.9357102,0.0,0.0,0.0,0.0,0.0
2,4,0.0,0.0,0.0,0.06428982,0.9357102,0.0,0.0,0.0,0.0,0.0
2,4,0.0,0.0,0.0,0.06428982,0.9357102,0.0,0.0,0.0,0.0,0.0
2,4,0.0,0.0,0.0,0.06428982,0.9357102,0.0,0.0,0.0,0.0,0.0
2,4,0.0,0.0,0.0,0.06428982,0.9357102,0.0,0.0,0.0,0.0,0.0
2,4,0.0,0.0,0.0,0.06428982,0.9357102,0.0,0.0,0.0,0.0,0.0
2,4,0.0,0.0,0.0,0.06428982,0.9357102,0.0,0.0,0.0,0.0,0.0
2,4,0.0,0.0,0.0,0.12453067,0.8754693,0.0,0.0,0.0,0.0,0.0
2,4,0.0,0.0,0.0,0.12453067,0.8754693,0.0,0.0,0.0,0.0,0.0
2,4,0.0,0.0,0.0,0.12453067,0.8754693,0.0,0.0,0.0,0.0,0.0
2,4,0.0,0.0,0.0,0.12453067,0.8754693,0.0,0.0,0.0,0.0,0.0
2,4,0.0,0.0,0.0,0.12453067,0.8754693,0.0,0.0,0.0,0.0,0.0
2,4,0.0,0.0,0.0,0.12453067,0.8754693,0.0,0.0,0.0,0.0,0.0
2,4,0.0,0.0,0.0,0.12453067,0.8754693,0.0,0.0,0.0,0.0,0.0
2,4,0.0,0.0,0.0,0.12453067,0.8754693,0.0,0.0,0.0,0.0,0.0
2,4,0.060472734,0.0,0.0,0.12453067,0.74731094,0.0,0.0,0.067685716,0.0,0.0
2,4,0.060472734,0.0,0.0,0.12453067,0.74731094,0.0,0.0,0.067685716,0.0,0.0
2,4,0.060472734,0.0,0.0,0.1903671,0.6814745,0.0,0.0,0.067685716,0.0,0.0
2,4,0.060472734,0.0,0.0,0.1903671,0.6814745,0.0,0.0,0.067685716,0.0,0.0
2,4,0.060472734,0.0,0.0,0.1903671,0.6814745,0.0,0.0,0.067685716,0.0,0.0
2,4,0.060472734,0.0,0.0,0.1903671,0.6814745,0.0,0.0,0.067685716,0.0,0.0
2,4,0.060472734,0.0,0.0,0.1903671,0.6814745,0.0,0.0,0.067685716,0.0,0.0
2,4,0.060472734,0.0,0.0,0.1903671,0.6814745,0.0,0.0,0.067685716,0.0,0.0
2,4,0.060472734,0.0,0.0,0.1903671,0.6814745,0.0,0.0,0.067685716,0.0,0.0
2,4,0.060472734,0.0,0.0,0.1903671,0.6814745,0.0,0.0,0.067685716,0.0,0.0
2,4,0.060472734,0.0,0.0,0.1903671,0.6814745,0.0,0.0,0.067685716,0.0,0.0
2,4,0.060472734,0.0,0.0,0.1903671,0.6814745,0.0,0.0,0.067685716,0.0,0.0
2,4,0.060472734,0.0,0.0,0.1903671,0.6814745,0.0,0.0,0.067685716,0.0,0.0
2,4,0.060472734,0.0,0.0,0.1903671,0.6814745,0.0,0.0,0.067685716,0.0,0.0
2,4,0.060472734,0.0,0.0,0.1903671,0.6814745,0.0,0.0,0.067685716,0.0,0.0
2,4,0.060472734,0.0,0.0,0.1903671,0.6814745,0.0,0.0,0.067685716,0.0,0.0
2,4,0.060472734,0.0,0.0,0.1903671,0.6814745,0.0,0.0,0.067685716,0.0,0.0
2,4,0.060472734,0.0,0.0,0.1903671,0.6814745,0.0,0.0,0.067685716,0.0,0.0
2,4,0.060472734,0.0,0.0,0.1903671,0.6814745,0.0,0.0,0.067685716,0.0,0.0
2,4,0.060472734,0.0,0.0,0.1903671,0.6814745,0.0,0.0,0.067685716,0.0,0.0
2,4,0.060472734,0.0,0.0,0.1903671,0.6814745,0.0,0.0,0.067685716,0.0,0.0
2,4,0.060472734,0.0,0.0,0.1903671,0.6814745,0.0,0.0,0.067685716,0.0,0.0
2,4,0.060472734,0.0,0.0,0.1903671,0.6814745,0.0,0.0,0.067685716,0.0,0.0
2,4,0.060472734,0.0,0.0,0.1903671,0.6814745,0.0,0.0,0.067685716,0.0,0.0
2,4,0.060472734,0.0,0.0,0.1903671,0.6814745,0.0,0.0,0.067685716,0.0,0.0
2,4,0.060472734,0.0,0.0,0.1903671,0.6814745,0.0,0.0,0.067685716,0.0,0.0
2,4,0.060472734,0.0,0.0,0.1903671,0.6814745,0.0,0.0,0.067685716,0.0,0.0
2,4,0.060472734,0.0,0.0,0.1903671,0.6814745,0.0,0.0,0.067685716,0.0,0.0
2,4,0.060472734,0.0,0.0,0.1903671,0.6814745,0.0,0.0,0.067685716,0.0,0.0
2,4,0.060472734,0.0,0.0,0.1903671,0.6814745,0.0,0.0,0.067685716,0.0,0.0
2,4,0.060472734,0.0,0.0,0.1903671,0.6814745,0.0,0.0,0.067685716,0.0,0.0
2,4,0.060472734,0.0,0.0,0.1903671,0.6814745,0.0,0.0,0.067685716,0.0,0.0
2,4,0.060472734,0.0,0.0,0.1903671,0.6814745,0.0,0.0,0.067685716,0.0,0.0
2,4,0.060472734,0.0,0.0,0.1903671,0.6814745,0.0,0.0,0.067685716,0.0,0.0
2,4,0.060472734,0.0,0.0,0.1903671,0.6814745,0.0,0.0,0.067685716,0.0,0.0
2,4,0.060472734,0.0,0.0,0.1903671,0.6814745,0.0,0.0,0.067685716,0.0,0.0
2,4,0.060472734,0.0,0.0,0.1903671,0.6814745,0.0,0.0,0.067685716,0.0,0.0
2,4,0.060472734,0.0,0.0,0.1903671,0.6814745,0.0,0.0,0.067685716,0.0,0.0
2,4,0.060472734,0.0,0.0,0.1903671,0.6814745,0.0,0.0,0.067685716,0.0,0.0
2,4,0.060472734,0.0,0.0,0.1903671,0.6814745,0.0,0.0,0.067685716,0.0,0.0
2,4,0.19059898,0.060696438,0.0,0.06024085,0.5518666,0.0,0.0,0.13659714,0.0,0.0
2,4,0.19059898,0.060696438,0.0,0.06024085,0.5518666,0.0,0.0,0.13659714,0.0,0.0
2,4,0.19059898,0.060696438,0.0,0.06024085,0.5518666,0.0,0.0,0.13659714,0.0,0.0
2,4,0.19059898,0.060696438,0.0,0.06024085,0.5518666,0.0,0.0,0.13659714,0.0,0.0
2,4,0.19059898,0.060696438,0.0,0.06024085,0.5518666,0.0,0.0,0.13659714,0.0,0.0
2,4,0.19059898,0.060696438,0.0,0.06024085,0.5518666,0.0,0.0,0.13659714,0.0,0.0
2,4,0.19059898,0.060696438,0.0,0.06024085,0.5518666,0.0,0.0,0.13659714,0.0,0.0
2,4,0.19059898,0.060696438,0.0,0.06024085,0.5518666,0.0,0.0,0.13659714,0.0,0.0
2,4,0.19059898,0.060696438,0.0,0.06024085,0.5518666,0.0,0.0,0.13659714,0.0,0.0
2,4,0.19059898,0.060696438,0.0,0.06024085,0.5518666,0.0,0.0,0.13659714,0.0,0.0
2,4,0.19059898,0.060696438,0.0,0.06024085,0.5518666,0.0,0.0,0.13659714,0.0,0.0
2,4,0.19059898,0.060696438,0.0,0.06024085,0.5518666,0.0,0.0,0.13659714,0.0,0.0
2,4,0.25302097,0.060696438,0.0,0.06024085,0.48944455,0.0,0.0,0.13659714,0.0,0.0
2,4,0.25302097,0.060696438,0.0,0.06024085,0.48944455,0.0,0.0,0.13659714,0.0,0.0
2,4,0.25302097,0.060696438,0.0,0.06024085,0.48944455,0.0,0.0,0.13659714,0.0,0.0
2,4,0.25302097,0.060696438,0.0,0.06024085,0.48944455,0.0,0.0,0.13659714,0.0,0.0
2,4,0.25302097,0.060696438,0.0,0.06024085,0.48944455,0.0,0.0,0.13659714,0.0,0.0
2,4,0.25302097,0.060696438,0.0,0.06024085,0.48944455,0.0,0.0,0.13659714,0.0,0.0
2,4,0.25302097,0.060696438,0.0,0.06024085,0.48944455,0.0,0.0,0.13659714,0.0,0.0
2,4,0.25302097,0.060696438,0.0,0.06024085,0.48944455,0.0,0.0,0.13659714,0.0,0.0
2,4,0.31145713,0.060696445,0.0,0.060240857,0.43100846,0.0,0.0,0.13659717,0.0,0.0
2,4,0.31145713,0.060696445,0.0,0.060240857,0.43100846,0.0,0.0,0.13659717,0.0,0.0
2,4,0.31145713,0.060696445,0.0,0.060240857,0.43100846,0.0,0.0,0.13659717,0.0,0.0
2,4,0.31145713,0.060696445,0.0,0.060240857,0.43100846,0.0,0.0,0.13659717,0.0,0.0
2,4,0.3710172,0.06069644,0.0,0.060240854,0.3714484,0.0,0.0,0.13659716,0.0,0.0
2,4,0.3710172,0.06069644,0.0,0.060240854,0.3714484,0.0,0.0,0.13659716,0.0,0.0
2,4,0.3710172,0.06069644,0.0,0.060240854,0.3714484,0.0,0.0,0.13659716,0.0,0.0
2,4,0.3710172,0.06069644,0.0,0.060240854,0.3714484,0.0,0.0,0.13659716,0.0,0.0
2,4,0.3710172,0.06069644,0.0,0.060240854,0.3714484,0.0,0.0,0.13659716,0.0,0.0
2,4,0.3710172,0.06069644,0.0,0.060240854,0.3714484,0.0,0.0,0.13659716,0.0,0.0
2,4,0.3710172,0.06069644,0.0,0.060240854,0.3714484,0.0,0.0,0.13659716,0.0,0.0
2,4,0.3710172,0.06069644,0.0,0.060240854,0.3714484,0.0,0.0,0.13659716,0.0,0.0
2,4,0.3710172,0.06069644,0.0,0.060240854,0.3714484,0.0,0.0,0.13659716,0.0,0.0
2,4,0.3710172,0.06069644,0.0,0.060240854,0.3714484,0.0,0.0,0.13659716,0.0,0.0
2,4,0.3710172,0.06069644,0.0,0.060240854,0.3714484,0.0,0.0,0.13659716,0.0,0.0
2,4,0.3710172,0.06069644,0.0,0.060240854,0.3714484,0.0,0.0,0.13659716,0.0,0.0
2,4,0.3710172,0.06069644,0.0,0.060240854,0.3714484,0.0,0.0,0.13659716,0.0,0.0
2,4,0.3710172,0.06069644,0.0,0.060240854,0.3714484,0.0,0.0,0.13659716,0.0,0.0
0,4,0.3710172,0.06069644,0.0,0.060240854,0.3714484,0.0,0.0,0.13659716,0.0,0.0
0,4,0.3710172,0.06069644,0.0,0.060240854,0.3714484,0.0,0.0,0.13659716,0.0,0.0
0,0,0.43814573,0.060696438,0.0,0.06024085,0.3043198,0.0,0.0,0.13659714,0.0,0.0
0,0,0.43814573,0.060696438,0.0,0.06024085,0.3043198,0.0,0.0,0.13659714,0.0,0.0
0,0,0.5070572,0.06069644,0.0,0.060240854,0.30431983,0.0,0.0,0.06768572,0.0,0.0
0,0,0.5070572,0.06069644,0.0,0.060240854,0.30431983,0.0,0.0,0.06768572,0.0,0.0
0,0,0.5070572,0.06069644,0.0,0.060240854,0.30431983,0.0,0.0,0.06768572,0.0,0.0
0,0,0.5070572,0.06069644,0.0,0.060240854,0.30431983,0.0,0.0,0.06768572,0.0,0.0
0,0,0.5070572,0.06069644,0.0,0.060240854,0.30431983,0.0,0.0,0.06768572,0.0,0.0
0,0,0.5070572,0.06069644,0.0,0.060240854,0.30431983,0.0,0.0,0.06768572,0.0,0.0
0,0,0.5704776,0.060696438,0.0,0.06024085,0.2408994,0.0,0.0,0.067685716,0.0,0.0
0,0,0.5704776,0.060696438,0.0,0.06024085,0.2408994,0.0,0.0,0.067685716,0.0,0.0
0,0,0.5704776,0.060696438,0.0,0.06024085,0.2408994,0.0,0.0,0.067685716,0.0,0.0
0,0,0.5704776,0.060696438,0.0,0.06024085,0.2408994,0.0,0.0,0.067685716,0.0,0.0
0,0,0.5704776,0.060696438,0.0,0.06024085,0.2408994,0.0,0.0,0.067685716,0.0,0.0
0,0,0.5704776,0.060696438,0.0,0.06024085,0.2408994,0.0,0.0,0.067685716,0.0,0.0
0,0,0.5704776,0.060696438,0.0,0.06024085,0.2408994,0.0,0.0,0.067685716,0.0,0.0
0,0,0.5704776,0.060696438,0.0,0.06024085,0.2408994,0.0,0.0,0.067685716,0.0,0.0
0,0,0.62953645,0.060696438,0.0,0.06024085,0.18184051,0.0,0.0,0.067685716,0.0,0.0
0,0,0.62953645,0.060696438,0.0,0.06024085,0.18184051,0.0,0.0,0.067685716,0.0,0.0
0,0,0.62953645,0.060696438,0.0,0.06024085,0.18184051,0.0,0.0,0.067685716,0.0,0.0
0,0,0.62953645,0.060696438,0.0,0.06024085,0.18184051,0.0,0.0,0.067685716,0.0,0.0
0,0,0.69023293,0.0,0.0,0.060240854,0.18184052,0.0,0.0,0.067685716,0.0,0.0
0,0,0.7504253,0.0,0.0,0.060240854,0.12164817,0.0,0.0,0.067685716,0.0,0.0
0,0,0.7504253,0.0,0.0,0.060240854,0.12164817,0.0,0.0,0.067685716,0.0,0.0
0,0,0.7504253,0.0,0.0,0.060240854,0.12164817,0.0,0.0,0.067685716,0.0,0.0
0,0,0.7504253,0.0,0.0,0.060240854,0.12164817,0.0,0.0,0.067685716,0.0,0.0
0,0,0.7504253,0.0,0.0,0.060240854,0.12164817,0.0,0.0,0.067685716,0.0,0.0
0,0,0.7504253,0.0,0.0,0.060240854,0.12164817,0.0,0.0,0.067685716,0.0,0.0
0,0,0.7504253,0.0,0.0,0.060240854,0.12164817,0.0,0.0,0.067685716,0.0,0.0
0,0,0.7504253,0.0,0.0,0.060240854,0.12164817,0.0,0.0,0.067685716,0.0,0.0
0,0,0.7504253,0.0,0.0,0.060240854,0.12164817,0.0,0.0,0.067685716,0.0,0.0
0,0,0.7504253,0.0,0.0,0.060240854,0.12164817,0.0,0.0,0.067685716,0.0,0.0
0,0,0.7504253,0.0,0.0,0.060240854,0.12164817,0.0,0.0,0.067685716,0.0,0.0
0,0,0.812022,0.0,0.0,0.060240854,0.060051464,0.0,0.0,0.067685716,0.0,0.0
0,0,0.812022,0.0,0.0,0.060240854,0.060051464,0.0,0.0,0.067685716,0.0,0.0
0,0,0.812022,0.0,0.0,0.060240854,0.060051464,0.0,0.0,0.067685716,0.0,0.0
0,0,0.812022,0.0,0.0,0.060240854,0.060051464,0.0,0.0,0.067685716,0.0,0.0
0,0,0.812022,0.0,0.0,0.060240854,0.060051464,0.0,0.0,0.067685716,0.0,0.0
0,0,0.812022,0.0,0.0,0.060240854,0.060051464,0.0,0.0,0.067685716,0.0,0.0
0,0,0.812022,0.0,0.0,0.060240854,0.060051464,0.0,0.0,0.067685716,0.0,0.0
0,0,0.812022,0.0,0.0,0.060240854,0.060051464,0.0,0.0,0.067685716,0.0,0.0
0,0,0.812022,0.0,0.0,0.060240854,0.060051464,0.0,0.0,0.067685716,0.0,0.0
0,0,0.812022,0.0,0.0,0.060240854,0.060051464,0.0,0.0,0.067685716,0.0,0.0
0,0,0.812022,0.0,0.0,0.060240854,0.060051464,0.0,0.0,0.067685716,0.0,0.0
0,0,0.812022,0.0,0.0,0.060240854,0.060051464,0.0,0.0,0.067685716,0.0,0.0
0,0,0.8720734,0.0,0.0,0.060240854,0.0,0.0,0.0,0.067685716,0.0,0.0
0,0,0.8720734,0.0,0.0,0.060240854,0.0,0.0,0.0,0.067685716,0.0,0.0
0,0,0.8720734,0.0,0.0,0.060240854,0.0,0.0,0.0,0.067685716,0.0,0.0
0,0,0.8720734,0.0,0.0,0.060240854,0.0,0.0,0.0,0.067685716,0.0,0.0
0,0,0.8720734,0.0,0.0,0.060240854,0.0,0.0,0.0,0.067685716,0.0,0.0
0,0,0.8720734,0.0,0.0,0.060240854,0.0,0.0,0.0,0.067685716,0.0,0.0
0,0,0.8720734,0.0,0.0,0.060240854,0.0,0.0,0.0,0.067685716,0.0,0.0
0,0,0.8720734,0.0,0.0,0.060240854,0.0,0.0,0.0,0.067685716,0.0,0.0
0,0,0.8720734,0.0,0.0,0.060240854,0.0,0.0,0.0,0.067685716,0.0,0.0
0,0,0.8720734,0.0,0.0,0.060240854,0.0,0.0,0.0,0.067685716,0.0,0.0
0,0,0.8720734,0.0,0.0,0.060240854,0.0,0.0,0.0,0.067685716,0.0,0.0
0,0,0.8720734,0.0,0.0,0.060240854,0.0,0.0,0.0,0.067685716,0.0,0.0
0,0,0.8720734,0.0,0.0,0.060240854,0.0,0.0,0.0,0.067685716,0.0,0.0
0,0,0.8720734,0.0,0.0,0.060240854,0.0,0.0,0.0,0.067685716,0.0,0.0
0,0,0.8720734,0.0,0.0,0.060240854,0.0,0.0,0.0,0.067685716,0.0,0.0
0,0,0.8720734,0.0,0.0,0.060240854,0.0,0.0,0.0,0.067685716,0.0,0.0
0,0,0.8720734,0.0,0.0,0.060240854,0.0,0.0,0.0,0.067685716,0.0,0.0
0,0,0.8720734,0.0,0.0,0.060240854,0.0,0.0,0.0,0.067685716,0.0,0.0
0,0,0.8720734,0.0,0.0,0.060240854,0.0,0.0,0.0,0.067685716,0.0,0.0
0,0,0.8720734,0.0,0.0,0.060240854,0.0,0.0,0.0,0.067685716,0.0,0.0
0,0,0.8720734,0.0,0.0,0.060240854,0.0,0.0,0.0,0.067685716,0.0,0.0
0,0,0.9323143,0.0,0.0,0.0,0.0,0.0,0.0,0.067685716,0.0,0.0
0,0,0.9323143,0.0,0.0,0.0,0.0,0.0,0.0,0.067685716,0.0,0.0
0,0,0.9323143,0.0,0.0,0.0,0.0,0.0,0.0,0.067685716,0.0,0.0
0,0,0.9323143,0.0,0.0,0.0,0.0,0.0,0.0,0.067685716,0.0,0.0
0,0,0.9323143,0.0,0.0,0.0,0.0,0.0,0.0,0.067685716,0.0,0.0
0,0,0.9323143,0.0,0.0,0.0,0.0,0.0,0.0,0.067685716,0.0,0.0
0,0,0.9323143,0.0,0.0,0.0,0.0,0.0,0.0,0.067685716,0.0,0.0
0,0,0.9323143,0.0,0.0,0.0,0.0,0.0,0.0,0.067685716,0.0,0.0
0,0,0.9323143,0.0,0.0,0.0,0.0,0.0,0.0,0.067685716,0.0,0.0
0,0,0.9323143,0.0,0.0,0.0,0.0,0.0,0.0,0.067685716,0.0,0.0
0,0,0.9323143,0.0,0.0,0.0,0.0,0.0,0.0,0.067685716,0.0,0.0
0,0,0.9323143,0.0,0.0,0.0,0.0,0.0,0.0,0.067685716,0.0,0.0
0,0,0.9323143,0.0,0.0,0.0,0.0,0.0,0.0,0.067685716,0.0,0.0
0,0,0.9323143,0.0,0.0,0.0,0.0,0.0,0.0,0.067685716,0.0,0.0
0,0,0.9323143,0.0,0.0,0.0,0.0,0.0,0.0,0.067685716,0.0,0.0
0,0,1.0,0.0,0.0,0.0,0.0,0.0,0.0,0.0,0.0,0.0
0,0,1.0,0.0,0.0,0.0,0.0,0.0,0.0,0.0,0.0,0.0
0,0,1.0,0.0,0.0,0.0,0.0,0.0,0.0,0.0,0.0,0.0
0,0,1.0,0.0,0.0,0.0,0.0,0.0,0.0,0.0,0.0,0.0
0,0,1.0,0.0,0.0,0.0,0.0,0.0,0.0,0.0,0.0,0.0
0,0,1.0,0.0,0.0,0.0,0.0,0.0,0.0,0.0,0.0,0.0
0,0,1.0,0.0,0.0,0.0,0.0,0.0,0.0,0.0,0.0,0.0
0,0,1.0,0.0,0.0,0.0,0.0,0.0,0.0,0.0,0.0,0.0
0,0,1.0,0.0,0.0,0.0,0.0,0.0,0.0,0.0,0.0,0.0
0,0,1.0,0.0,0.0,0.0,0.0,0.0,0.0,0.0,0.0,0.0
0,0,1.0,0.0,0.0,0.0,0.0,0.0,0.0,0.0,0.0,0.0
0,0,1.0,0.0,0.0,0.0,0.0,0.0,0.0,0.0,0.0,0.0
0,0,1.0,0.0,0.0,0.0,0.0,0.0,0.0,0.0,0.0,0.0
0,0,1.0,0.0,0.0,0.0,0.0,0.0,0.0,0.0,0.0,0.0
0,0,1.0,0.0,0.0,0.0,0.0,0.0,0.0,0.0,0.0,0.0
0,0,1.0,0.0,0.0,0.0,0.0,0.0,0.0,0.0,0.0,0.0
0,0,1.0,0.0,0.0,0.0,0.0,0.0,0.0,0.0,0.0,0.0
0,0,1.0,0.0,0.0,0.0,0.0,0.0,0.0,0.0,0.0,0.0
0,0,1.0,0.0,0.0,0.0,0.0,0.0,0.0,0.0,0.0,0.0
0,0,1.0,0.0,0.0,0.0,0.0,0.0,0.0,0.0,0.0,0.0
0,0,1.0,0.0,0.0,0.0,0.0,0.0,0.0,0.0,0.0,0.0
0,0,1.0,0.0,0.0,0.0,0.0,0.0,0.0,0.0,0.0,0.0
0,0,1.0,0.0,0.0,0.0,0.0,0.0,0.0,0.0,0.0,0.0
0,0,1.0,0.0,0.0,0.0,0.0,0.0,0.0,0.0,0.0,0.0
0,0,1.0,0.0,0.0,0.0,0.0,0.0,0.0,0.0,0.0,0.0
0,0,1.0,0.0,0.0,0.0,0.0,0.0,0.0,0.0,0.0,0.0
0,0,1.0,0.0,0.0,0.0,0.0,0.0,0.0,0.0,0.0,0.0
0,0,1.0,0.0,0.0,0.0,0.0,0.0,0.0,0.0,0.0,0.0
0,0,1.0,0.0,0.0,0.0,0.0,0.0,0.0,0.0,0.0,0.0
0,0,1.0,0.0,0.0,0.0,0.0,0.0,0.0,0.0,0.0,0.0
0,0,1.0,0.0,0.0,0.0,0.0,0.0,0.0,0.0,0.0,0.0
0,0,1.0,0.0,0.0,0.0,0.0,0.0,0.0,0.0,0.0,0.0
0,0,1.0,0.0,0.0,0.0,0.0,0.0,0.0,0.0,0.0,0.0
0,0,1.0,0.0,0.0,0.0,0.0,0.0,0.0,0.0,0.0,0.0
0,0,1.0,0.0,0.0,0.0,0.0,0.0,0.0,0.0,0.0,0.0
0,0,1.0,0.0,0.0,0.0,0.0,0.0,0.0,0.0,0.0,0.0
0,0,1.0,0.0,0.0,0.0,0.0,0.0,0.0,0.0,0.0,0.0
0,0,1.0,0.0,0.0,0.0,0.0,0.0,0.0,0.0,0.0,0.0
0,0,1.0,0.0,0.0,0.0,0.0,0.0,0.0,0.0,0.0,0.0
0,0,1.0,0.0,0.0,0.0,0.0,0.0,0.0,0.0,0.0,0.0
0,0,1.0,0.0,0.0,0.0,0.0,0.0,0.0,0.0,0.0,0.0
0,0,1.0,0.0,0.0,0.0,0.0,0.0,0.0,0.0,0.0,0.0
0,0,1.0,0.0,0.0,0.0,0.0,0.0,0.0,0.0,0.0,0.0
0,0,1.0,0.0,0.0,0.0,0.0,0.0,0.0,0.0,0.0,0.0
0,0,1.0,0.0,0.0,0.0,0.0,0.0,0.0,0.0,0.0,0.0
0,0,1.0,0.0,0.0,0.0,0.0,0.0,0.0,0.0,0.0,0.0
0,0,1.0,0.0,0.0,0.0,0.0,0.0,0.0,0.0,0.0,0.0
0,0,1.0,0.0,0.0,0.0,0.0,0.0,0.0,0.0,0.0,0.0
0,0,1.0,0.0,0.0,0.0,0.0,0.0,0.0,0.0,0.0,0.0
0,0,1.0,0.0,0.0,0.0,0.0,0.0,0.0,0.0,0.0,0.0
0,0,1.0,0.0,0.0,0.0,0.0,0.0,0.0,0.0,0.0,0.0
0,0,1.0,0.0,0.0,0.0,0.0,0.0,0.0,0.0,0.0,0.0
0,0,1.0,0.0,0.0,0.0,0.0,0.0,0.0,0.0,0.0,0.0
0,0,1.0,0.0,0.0,0.0,0.0,0.0,0.0,0.0,0.0,0.0
0,0,1.0,0.0,0.0,0.0,0.0,0.0,0.0,0.0,0.0,0.0
0,0,1.0,0.0,0.0,0.0,0.0,0.0,0.0,0.0,0.0,0.0
0,0,1.0,0.0,0.0,0.0,0.0,0.0,0.0,0.0,0.0,0.0
0,0,1.0,0.0,0.0,0.0,0.0,0.0,0.0,0.0,0.0,0.0
0,0,1.0,0.0,0.0,0.0,0.0,0.0,0.0,0.0,0.0,0.0
0,0,1.0,0.0,0.0,0.0,0.0,0.0,0.0,0.0,0.0,0.0
0,0,1.0,0.0,0.0,0.0,0.0,0.0,0.0,0.0,0.0,0.0
0,0,1.0,0.0,0.0,0.0,0.0,0.0,0.0,0.0,0.0,0.0
0,0,1.0,0.0,0.0,0.0,0.0,0.0,0.0,0.0,0.0,0.0
0,0,1.0,0.0,0.0,0.0,0.0,0.0,0.0,0.0,0.0,0.0
0,0,1.0,0.0,0.0,0.0,0.0,0.0,0.0,0.0,0.0,0.0
0,0,1.0,0.0,0.0,0.0,0.0,0.0,0.0,0.0,0.0,0.0
0,0,1.0,0.0,0.0,0.0,0.0,0.0,0.0,0.0,0.0,0.0
0,0,1.0,0.0,0.0,0.0,0.0,0.0,0.0,0.0,0.0,0.0
0,0,1.0,0.0,0.0,0.0,0.0,0.0,0.0,0.0,0.0,0.0
0,0,1.0,0.0,0.0,0.0,0.0,0.0,0.0,0.0,0.0,0.0
0,0,1.0,0.0,0.0,0.0,0.0,0.0,0.0,0.0,0.0,0.0
0,0,1.0,0.0,0.0,0.0,0.0,0.0,0.0,0.0,0.0,0.0
0,0,1.0,0.0,0.0,0.0,0.0,0.0,0.0,0.0,0.0,0.0
0,0,1.0,0.0,0.0,0.0,0.0,0.0,0.0,0.0,0.0,0.0
0,0,1.0,0.0,0.0,0.0,0.0,0.0,0.0,0.0,0.0,0.0
0,0,1.0,0.0,0.0,0.0,0.0,0.0,0.0,0.0,0.0,0.0
0,0,1.0,0.0,0.0,0.0,0.0,0.0,0.0,0.0,0.0,0.0
0,0,1.0,0.0,0.0,0.0,0.0,0.0,0.0,0.0,0.0,0.0
0,0,1.0,0.0,0.0,0.0,0.0,0.0,0.0,0.0,0.0,0.0
0,0,1.0,0.0,0.0,0.0,0.0,0.0,0.0,0.0,0.0,0.0
0,0,1.0,0.0,0.0,0.0,0.0,0.0,0.0,0.0,0.0,0.0
0,0,1.0,0.0,0.0,0.0,0.0,0.0,0.0,0.0,0.0,0.0
0,0,1.0,0.0,0.0,0.0,0.0,0.0,0.0,0.0,0.0,0.0
0,0,1.0,0.0,0.0,0.0,0.0,0.0,0.0,0.0,0.0,0.0
0,0,1.0,0.0,0.0,0.0,0.0,0.0,0.0,0.0,0.0,0.0
0,0,1.0,0.0,0.0,0.0,0.0,0.0,0.0,0.0,0.0,0.0
0,0,1.0,0.0,0.0,0.0,0.0,0.0,0.0,0.0,0.0,0.0
0,0,1.0,0.0,0.0,0.0,0.0,0.0,0.0,0.0,0.0,0.0
0,0,1.0,0.0,0.0,0.0,0.0,0.0,0.0,0.0,0.0,0.0
0,0,1.0,0.0,0.0,0.0,0.0,0.0,0.0,0.0,0.0,0.0
0,0,1.0,0.0,0.0,0.0,0.0,0.0,0.0,0.0,0.0,0.0
0,0,1.0,0.0,0.0,0.0,0.0,0.0,0.0,0.0,0.0,0.0
0,0,1.0,0.0,0.0,0.0,0.0,0.0,0.0,0.0,0.0,0.0
0,0,1.0,0.0,0.0,0.0,0.0,0.0,0.0,0.0,0.0,0.0
0,0,1.0,0.0,0.0,0.0,0.0,0.0,0.0,0.0,0.0,0.0
0,0,1.0,0.0,0.0,0.0,0.0,0.0,0.0,0.0,0.0,0.0
0,0,1.0,0.0,0.0,0.0,0.0,0.0,0.0,0.0,0.0,0.0
0,0,1.0,0.0,0.0,0.0,0.0,0.0,0.0,0.0,0.0,0.0
0,0,1.0,0.0,0.0,0.0,0.0,0.0,0.0,0.0,0.0,0.0
0,0,1.0,0.0,0.0,0.0,0.0,0.0,0.0,0.0,0.0,0.0
0,0,1.0,0.0,0.0,0.0,0.0,0.0,0.0,0.0,0.0,0.0
0,0,1.0,0.0,0.0,0.0,0.0,0.0,0.0,0.0,0.0,0.0
0,0,1.0,0.0,0.0,0.0,0.0,0.0,0.0,0.0,0.0,0.0
0,0,1.0,0.0,0.0,0.0,0.0,0.0,0.0,0.0,0.0,0.0
0,0,1.0,0.0,0.0,0.0,0.0,0.0,0.0,0.0,0.0,0.0
0,0,1.0,0.0,0.0,0.0,0.0,0.0,0.0,0.0,0.0,0.0
0,0,1.0,0.0,0.0,0.0,0.0,0.0,0.0,0.0,0.0,0.0
0,0,1.0,0.0,0.0,0.0,0.0,0.0,0.0,0.0,0.0,0.0
0,0,1.0,0.0,0.0,0.0,0.0,0.0,0.0,0.0,0.0,0.0
0,0,1.0,0.0,0.0,0.0,0.0,0.0,0.0,0.0,0.0,0.0
0,0,1.0,0.0,0.0,0.0,0.0,0.0,0.0,0.0,0.0,0.0
0,0,1.0,0.0,0.0,0.0,0.0,0.0,0.0,0.0,0.0,0.0
0,0,1.0,0.0,0.0,0.0,0.0,0.0,0.0,0.0,0.0,0.0
0,0,1.0,0.0,0.0,0.0,0.0,0.0,0.0,0.0,0.0,0.0
0,0,1.0,0.0,0.0,0.0,0.0,0.0,0.0,0.0,0.0,0.0
0,0,1.0,0.0,0.0,0.0,0.0,0.0,0.0,0.0,0.0,0.0
0,0,1.0,0.0,0.0,0.0,0.0,0.0,0.0,0.0,0.0,0.0
0,0,1.0,0.0,0.0,0.0,0.0,0.0,0.0,0.0,0.0,0.0
0,0,1.0,0.0,0.0,0.0,0.0,0.0,0.0,0.0,0.0,0.0
0,0,1.0,0.0,0.0,0.0,0.0,0.0,0.0,0.0,0.0,0.0
0,0,1.0,0.0,0.0,0.0,0.0,0.0,0.0,0.0,0.0,0.0
0,0,1.0,0.0,0.0,0.0,0.0,0.0,0.0,0.0,0.0,0.0
0,0,1.0,0.0,0.0,0.0,0.0,0.0,0.0,0.0,0.0,0.0
0,0,1.0,0.0,0.0,0.0,0.0,0.0,0.0,0.0,0.0,0.0
0,0,1.0,0.0,0.0,0.0,0.0,0.0,0.0,0.0,0.0,0.0
0,0,1.0,0.0,0.0,0.0,0.0,0.0,0.0,0.0,0.0,0.0
0,0,1.0,0.0,0.0,0.0,0.0,0.0,0.0,0.0,0.0,0.0
0,0,1.0,0.0,0.0,0.0,0.0,0.0,0.0,0.0,0.0,0.0
0,0,1.0,0.0,0.0,0.0,0.0,0.0,0.0,0.0,0.0,0.0
0,0,1.0,0.0,0.0,0.0,0.0,0.0,0.0,0.0,0.0,0.0
0,0,1.0,0.0,0.0,0.0,0.0,0.0,0.0,0.0,0.0,0.0
0,0,1.0,0.0,0.0,0.0,0.0,0.0,0.0,0.0,0.0,0.0
0,0,1.0,0.0,0.0,0.0,0.0,0.0,0.0,0.0,0.0,0.0
0,0,1.0,0.0,0.0,0.0,0.0,0.0,0.0,0.0,0.0,0.0
0,0,1.0,0.0,0.0,0.0,0.0,0.0,0.0,0.0,0.0,0.0
0,0,1.0,0.0,0.0,0.0,0.0,0.0,0.0,0.0,0.0,0.0
0,0,1.0,0.0,0.0,0.0,0.0,0.0,0.0,0.0,0.0,0.0
0,0,1.0,0.0,0.0,0.0,0.0,0.0,0.0,0.0,0.0,0.0
0,0,1.0,0.0,0.0,0.0,0.0,0.0,0.0,0.0,0.0,0.0
0,0,1.0,0.0,0.0,0.0,0.0,0.0,0.0,0.0,0.0,0.0
0,0,1.0,0.0,0.0,0.0,0.0,0.0,0.0,0.0,0.0,0.0
0,0,1.0,0.0,0.0,0.0,0.0,0.0,0.0,0.0,0.0,0.0
0,0,1.0,0.0,0.0,0.0,0.0,0.0,0.0,0.0,0.0,0.0
0,0,1.0,0.0,0.0,0.0,0.0,0.0,0.0,0.0,0.0,0.0
0,0,1.0,0.0,0.0,0.0,0.0,0.0,0.0,0.0,0.0,0.0
0,0,1.0,0.0,0.0,0.0,0.0,0.0,0.0,0.0,0.0,0.0
0,0,1.0,0.0,0.0,0.0,0.0,0.0,0.0,0.0,0.0,0.0
0,0,1.0,0.0,0.0,0.0,0.0,0.0,0.0,0.0,0.0,0.0
0,0,1.0,0.0,0.0,0.0,0.0,0.0,0.0,0.0,0.0,0.0
0,0,1.0,0.0,0.0,0.0,0.0,0.0,0.0,0.0,0.0,0.0
0,0,1.0,0.0,0.0,0.0,0.0,0.0,0.0,0.0,0.0,0.0
0,0,1.0,0.0,0.0,0.0,0.0,0.0,0.0,0.0,0.0,0.0
0,0,1.0,0.0,0.0,0.0,0.0,0.0,0.0,0.0,0.0,0.0
0,0,1.0,0.0,0.0,0.0,0.0,0.0,0.0,0.0,0.0,0.0
0,0,1.0,0.0,0.0,0.0,0.0,0.0,0.0,0.0,0.0,0.0
0,0,1.0,0.0,0.0,0.0,0.0,0.0,0.0,0.0,0.0,0.0
0,0,1.0,0.0,0.0,0.0,0.0,0.0,0.0,0.0,0.0,0.0
0,0,1.0,0.0,0.0,0.0,0.0,0.0,0.0,0.0,0.0,0.0
0,0,1.0,0.0,0.0,0.0,0.0,0.0,0.0,0.0,0.0,0.0
0,0,1.0,0.0,0.0,0.0,0.0,0.0,0.0,0.0,0.0,0.0
0,0,1.0,0.0,0.0,0.0,0.0,0.0,0.0,0.0,0.0,0.0
0,0,1.0,0.0,0.0,0.0,0.0,0.0,0.0,0.0,0.0,0.0
0,0,1.0,0.0,0.0,0.0,0.0,0.0,0.0,0.0,0.0,0.0
0,0,1.0,0.0,0.0,0.0,0.0,0.0,0.0,0.0,0.0,0.0
0,0,1.0,0.0,0.0,0.0,0.0,0.0,0.0,0.0,0.0,0.0
0,0,1.0,0.0,0.0,0.0,0.0,0.0,0.0,0.0,0.0,0.0
0,0,1.0,0.0,0.0,0.0,0.0,0.0,0.0,0.0,0.0,0.0
0,0,1.0,0.0,0.0,0.0,0.0,0.0,0.0,0.0,0.0,0.0
0,0,1.0,0.0,0.0,0.0,0.0,0.0,0.0,0.0,0.0,0.0
0,0,1.0,0.0,0.0,0.0,0.0,0.0,0.0,0.0,0.0,0.0
0,0,1.0,0.0,0.0,0.0,0.0,0.0,0.0,0.0,0.0,0.0
0,0,1.0,0.0,0.0,0.0,0.0,0.0,0.0,0.0,0.0,0.0
0,0,1.0,0.0,0.0,0.0,0.0,0.0,0.0,0.0,0.0,0.0
0,0,1.0,0.0,0.0,0.0,0.0,0.0,0.0,0.0,0.0,0.0
0,0,1.0,0.0,0.0,0.0,0.0,0.0,0.0,0.0,0.0,0.0
0,0,1.0,0.0,0.0,0.0,0.0,0.0,0.0,0.0,0.0,0.0
0,0,1.0,0.0,0.0,0.0,0.0,0.0,0.0,0.0,0.0,0.0
0,0,1.0,0.0,0.0,0.0,0.0,0.0,0.0,0.0,0.0,0.0
0,0,1.0,0.0,0.0,0.0,0.0,0.0,0.0,0.0,0.0,0.0
0,0,1.0,0.0,0.0,0.0,0.0,0.0,0.0,0.0,0.0,0.0
0,0,1.0,0.0,0.0,0.0,0.0,0.0,0.0,0.0,0.0,0.0
0,0,1.0,0.0,0.0,0.0,0.0,0.0,0.0,0.0,0.0,0.0
0,0,1.0,0.0,0.0,0.0,0.0,0.0,0.0,0.0,0.0,0.0
0,0,1.0,0.0,0.0,0.0,0.0,0.0,0.0,0.0,0.0,0.0
0,0,1.0,0.0,0.0,0.0,0.0,0.0,0.0,0.0,0.0,0.0
0,0,1.0,0.0,0.0,0.0,0.0,0.0,0.0,0.0,0.0,0.0
0,0,1.0,0.0,0.0,0.0,0.0,0.0,0.0,0.0,0.0,0.0
0,0,1.0,0.0,0.0,0.0,0.0,0.0,0.0,0.0,0.0,0.0
0,0,1.0,0.0,0.0,0.0,0.0,0.0,0.0,0.0,0.0,0.0
0,0,1.0,0.0,0.0,0.0,0.0,0.0,0.0,0.0,0.0,0.0
0,0,1.0,0.0,0.0,0.0,0.0,0.0,0.0,0.0,0.0,0.0
0,0,1.0,0.0,0.0,0.0,0.0,0.0,0.0,0.0,0.0,0.0
0,0,1.0,0.0,0.0,0.0,0.0,0.0,0.0,0.0,0.0,0.0
0,0,1.0,0.0,0.0,0.0,0.0,0.0,0.0,0.0,0.0,0.0
0,0,1.0,0.0,0.0,0.0,0.0,0.0,0.0,0.0,0.0,0.0
0,0,1.0,0.0,0.0,0.0,0.0,0.0,0.0,0.0,0.0,0.0
0,0,1.0,0.0,0.0,0.0,0.0,0.0,0.0,0.0,0.0,0.0
0,0,1.0,0.0,0.0,0.0,0.0,0.0,0.0,0.0,0.0,0.0
0,0,1.0,0.0,0.0,0.0,0.0,0.0,0.0,0.0,0.0,0.0
0,0,1.0,0.0,0.0,0.0,0.0,0.0,0.0,0.0,0.0,0.0
0,0,1.0,0.0,0.0,0.0,0.0,0.0,0.0,0.0,0.0,0.0
0,0,1.0,0.0,0.0,0.0,0.0,0.0,0.0,0.0,0.0,0.0
0,0,1.0,0.0,0.0,0.0,0.0,0.0,0.0,0.0,0.0,0.0
0,0,1.0,0.0,0.0,0.0,0.0,0.0,0.0,0.0,0.0,0.0
0,0,1.0,0.0,0.0,0.0,0.0,0.0,0.0,0.0,0.0,0.0
0,0,1.0,0.0,0.0,0.0,0.0,0.0,0.0,0.0,0.0,0.0
0,0,1.0,0.0,0.0,0.0,0.0,0.0,0.0,0.0,0.0,0.0
0,0,1.0,0.0,0.0,0.0,0.0,0.0,0.0,0.0,0.0,0.0
0,0,1.0,0.0,0.0,0.0,0.0,0.0,0.0,0.0,0.0,0.0
0,0,1.0,0.0,0.0,0.0,0.0,0.0,0.0,0.0,0.0,0.0
0,0,1.0,0.0,0.0,0.0,0.0,0.0,0.0,0.0,0.0,0.0
0,0,1.0,0.0,0.0,0.0,0.0,0.0,0.0,0.0,0.0,0.0
0,0,1.0,0.0,0.0,0.0,0.0,0.0,0.0,0.0,0.0,0.0
0,0,1.0,0.0,0.0,0.0,0.0,0.0,0.0,0.0,0.0,0.0
0,0,1.0,0.0,0.0,0.0,0.0,0.0,0.0,0.0,0.0,0.0
0,0,1.0,0.0,0.0,0.0,0.0,0.0,0.0,0.0,0.0,0.0
0,0,1.0,0.0,0.0,0.0,0.0,0.0,0.0,0.0,0.0,0.0
0,0,1.0,0.0,0.0,0.0,0.0,0.0,0.0,0.0,0.0,0.0
0,0,1.0,0.0,0.0,0.0,0.0,0.0,0.0,0.0,0.0,0.0
0,0,1.0,0.0,0.0,0.0,0.0,0.0,0.0,0.0,0.0,0.0
0,0,1.0,0.0,0.0,0.0,0.0,0.0,0.0,0.0,0.0,0.0
0,0,1.0,0.0,0.0,0.0,0.0,0.0,0.0,0.0,0.0,0.0
0,0,1.0,0.0,0.0,0.0,0.0,0.0,0.0,0.0,0.0,0.0
0,0,1.0,0.0,0.0,0.0,0.0,0.0,0.0,0.0,0.0,0.0
0,0,1.0,0.0,0.0,0.0,0.0,0.0,0.0,0.0,0.0,0.0
0,0,1.0,0.0,0.0,0.0,0.0,0.0,0.0,0.0,0.0,0.0
0,0,1.0,0.0,0.0,0.0,0.0,0.0,0.0,0.0,0.0,0.0
0,0,1.0,0.0,0.0,0.0,0.0,0.0,0.0,0.0,0.0,0.0
0,0,1.0,0.0,0.0,0.0,0.0,0.0,0.0,0.0,0.0,0.0
0,0,1.0,0.0,0.0,0.0,0.0,0.0,0.0,0.0,0.0,0.0
0,0,1.0,0.0,0.0,0.0,0.0,0.0,0.0,0.0,0.0,0.0
0,0,1.0,0.0,0.0,0.0,0.0,0.0,0.0,0.0,0.0,0.0
0,0,1.0,0.0,0.0,0.0,0.0,0.0,0.0,0.0,0.0,0.0
0,0,1.0,0.0,0.0,0.0,0.0,0.0,0.0,0.0,0.0,0.0
0,0,1.0,0.0,0.0,0.0,0.0,0.0,0.0,0.0,0.0,0.0
0,0,1.0,0.0,0.0,0.0,0.0,0.0,0.0,0.0,0.0,0.0
0,0,1.0,0.0,0.0,0.0,0.0,0.0,0.0,0.0,0.0,0.0
0,0,1.0,0.0,0.0,0.0,0.0,0.0,0.0,0.0,0.0,0.0
0,0,1.0,0.0,0.0,0.0,0.0,0.0,0.0,0.0,0.0,0.0
0,0,1.0,0.0,0.0,0.0,0.0,0.0,0.0,0.0,0.0,0.0
0,0,1.0,0.0,0.0,0.0,0.0,0.0,0.0,0.0,0.0,0.0
0,0,1.0,0.0,0.0,0.0,0.0,0.0,0.0,0.0,0.0,0.0
0,0,1.0,0.0,0.0,0.0,0.0,0.0,0.0,0.0,0.0,0.0
0,0,1.0,0.0,0.0,0.0,0.0,0.0,0.0,0.0,0.0,0.0
0,0,1.0,0.0,0.0,0.0,0.0,0.0,0.0,0.0,0.0,0.0
0,0,1.0,0.0,0.0,0.0,0.0,0.0,0.0,0.0,0.0,0.0
0,0,1.0,0.0,0.0,0.0,0.0,0.0,0.0,0.0,0.0,0.0
0,0,1.0,0.0,0.0,0.0,0.0,0.0,0.0,0.0,0.0,0.0
0,0,1.0,0.0,0.0,0.0,0.0,0.0,0.0,0.0,0.0,0.0
0,0,1.0,0.0,0.0,0.0,0.0,0.0,0.0,0.0,0.0,0.0
0,0,1.0,0.0,0.0,0.0,0.0,0.0,0.0,0.0,0.0,0.0
0,0,1.0,0.0,0.0,0.0,0.0,0.0,0.0,0.0,0.0,0.0
0,0,1.0,0.0,0.0,0.0,0.0,0.0,0.0,0.0,0.0,0.0
0,0,1.0,0.0,0.0,0.0,0.0,0.0,0.0,0.0,0.0,0.0
0,0,1.0,0.0,0.0,0.0,0.0,0.0,0.0,0.0,0.0,0.0
0,0,1.0,0.0,0.0,0.0,0.0,0.0,0.0,0.0,0.0,0.0
0,0,1.0,0.0,0.0,0.0,0.0,0.0,0.0,0.0,0.0,0.0
0,0,1.0,0.0,0.0,0.0,0.0,0.0,0.0,0.0,0.0,0.0
0,0,1.0,0.0,0.0,0.0,0.0,0.0,0.0,0.0,0.0,0.0
0,0,1.0,0.0,0.0,0.0,0.0,0.0,0.0,0.0,0.0,0.0
0,0,1.0,0.0,0.0,0.0,0.0,0.0,0.0,0.0,0.0,0.0
0,0,1.0,0.0,0.0,0.0,0.0,0.0,0.0,0.0,0.0,0.0
0,0,1.0,0.0,0.0,0.0,0.0,0.0,0.0,0.0,0.0,0.0
0,0,1.0,0.0,0.0,0.0,0.0,0.0,0.0,0.0,0.0,0.0
0,0,1.0,0.0,0.0,0.0,0.0,0.0,0.0,0.0,0.0,0.0
0,0,1.0,0.0,0.0,0.0,0.0,0.0,0.0,0.0,0.0,0.0
0,0,1.0,0.0,0.0,0.0,0.0,0.0,0.0,0.0,0.0,0.0
0,0,1.0,0.0,0.0,0.0,0.0,0.0,0.0,0.0,0.0,0.0
0,0,1.0,0.0,0.0,0.0,0.0,0.0,0.0,0.0,0.0,0.0
0,0,1.0,0.0,0.0,0.0,0.0,0.0,0.0,0.0,0.0,0.0
0,0,1.0,0.0,0.0,0.0,0.0,0.0,0.0,0.0,0.0,0.0
0,0,1.0,0.0,0.0,0.0,0.0,0.0,0.0,0.0,0.0,0.0
0,0,1.0,0.0,0.0,0.0,0.0,0.0,0.0,0.0,0.0,0.0
0,0,1.0,0.0,0.0,0.0,0.0,0.0,0.0,0.0,0.0,0.0
0,0,1.0,0.0,0.0,0.0,0.0,0.0,0.0,0.0,0.0,0.0
0,0,1.0,0.0,0.0,0.0,0.0,0.0,0.0,0.0,0.0,0.0
0,0,1.0,0.0,0.0,0.0,0.0,0.0,0.0,0.0,0.0,0.0
0,0,1.0,0.0,0.0,0.0,0.0,0.0,0.0,0.0,0.0,0.0
0,0,1.0,0.0,0.0,0.0,0.0,0.0,0.0,0.0,0.0,0.0
0,0,1.0,0.0,0.0,0.0,0.0,0.0,0.0,0.0,0.0,0.0
0,0,1.0,0.0,0.0,0.0,0.0,0.0,0.0,0.0,0.0,0.0
0,0,1.0,0.0,0.0,0.0,0.0,0.0,0.0,0.0,0.0,0.0
0,0,1.0,0.0,0.0,0.0,0.0,0.0,0.0,0.0,0.0,0.0
0,0,1.0,0.0,0.0,0.0,0.0,0.0,0.0,0.0,0.0,0.0
0,0,1.0,0.0,0.0,0.0,0.0,0.0,0.0,0.0,0.0,0.0
0,0,1.0,0.0,0.0,0.0,0.0,0.0,0.0,0.0,0.0,0.0
0,0,1.0,0.0,0.0,0.0,0.0,0.0,0.0,0.0,0.0,0.0
0,0,1.0,0.0,0.0,0.0,0.0,0.0,0.0,0.0,0.0,0.0
0,0,1.0,0.0,0.0,0.0,0.0,0.0,0.0,0.0,0.0,0.0
0,0,1.0,0.0,0.0,0.0,0.0,0.0,0.0,0.0,0.0,0.0
0,0,1.0,0.0,0.0,0.0,0.0,0.0,0.0,0.0,0.0,0.0
0,0,1.0,0.0,0.0,0.0,0.0,0.0,0.0,0.0,0.0,0.0
0,0,1.0,0.0,0.0,0.0,0.0,0.0,0.0,0.0,0.0,0.0
0,0,1.0,0.0,0.0,0.0,0.0,0.0,0.0,0.0,0.0,0.0
0,0,1.0,0.0,0.0,0.0,0.0,0.0,0.0,0.0,0.0,0.0
0,0,1.0,0.0,0.0,0.0,0.0,0.0,0.0,0.0,0.0,0.0
0,0,1.0,0.0,0.0,0.0,0.0,0.0,0.0,0.0,0.0,0.0
0,0,1.0,0.0,0.0,0.0,0.0,0.0,0.0,0.0,0.0,0.0
0,0,1.0,0.0,0.0,0.0,0.0,0.0,0.0,0.0,0.0,0.0
0,0,1.0,0.0,0.0,0.0,0.0,0.0,0.0,0.0,0.0,0.0
0,0,1.0,0.0,0.0,0.0,0.0,0.0,0.0,0.0,0.0,0.0
0,0,1.0,0.0,0.0,0.0,0.0,0.0,0.0,0.0,0.0,0.0
0,0,1.0,0.0,0.0,0.0,0.0,0.0,0.0,0.0,0.0,0.0
0,0,1.0,0.0,0.0,0.0,0.0,0.0,0.0,0.0,0.0,0.0
0,0,1.0,0.0,0.0,0.0,0.0,0.0,0.0,0.0,0.0,0.0
0,0,1.0,0.0,0.0,0.0,0.0,0.0,0.0,0.0,0.0,0.0
0,0,1.0,0.0,0.0,0.0,0.0,0.0,0.0,0.0,0.0,0.0
0,0,1.0,0.0,0.0,0.0,0.0,0.0,0.0,0.0,0.0,0.0
0,0,1.0,0.0,0.0,0.0,0.0,0.0,0.0,0.0,0.0,0.0
0,0,1.0,0.0,0.0,0.0,0.0,0.0,0.0,0.0,0.0,0.0
0,0,1.0,0.0,0.0,0.0,0.0,0.0,0.0,0.0,0.0,0.0
0,0,1.0,0.0,0.0,0.0,0.0,0.0,0.0,0.0,0.0,0.0
0,0,1.0,0.0,0.0,0.0,0.0,0.0,0.0,0.0,0.0,0.0
0,0,1.0,0.0,0.0,0.0,0.0,0.0,0.0,0.0,0.0,0.0
0,0,1.0,0.0,0.0,0.0,0.0,0.0,0.0,0.0,0.0,0.0
0,0,1.0,0.0,0.0,0.0,0.0,0.0,0.0,0.0,0.0,0.0
0,0,1.0,0.0,0.0,0.0,0.0,0.0,0.0,0.0,0.0,0.0
0,0,1.0,0.0,0.0,0.0,0.0,0.0,0.0,0.0,0.0,0.0
0,0,1.0,0.0,0.0,0.0,0.0,0.0,0.0,0.0,0.0,0.0
0,0,1.0,0.0,0.0,0.0,0.0,0.0,0.0,0.0,0.0,0.0
0,0,1.0,0.0,0.0,0.0,0.0,0.0,0.0,0.0,0.0,0.0
0,0,1.0,0.0,0.0,0.0,0.0,0.0,0.0,0.0,0.0,0.0
0,0,1.0,0.0,0.0,0.0,0.0,0.0,0.0,0.0,0.0,0.0
0,0,1.0,0.0,0.0,0.0,0.0,0.0,0.0,0.0,0.0,0.0
0,0,1.0,0.0,0.0,0.0,0.0,0.0,0.0,0.0,0.0,0.0
0,0,1.0,0.0,0.0,0.0,0.0,0.0,0.0,0.0,0.0,0.0
0,0,1.0,0.0,0.0,0.0,0.0,0.0,0.0,0.0,0.0,0.0
0,0,1.0,0.0,0.0,0.0,0.0,0.0,0.0,0.0,0.0,0.0
0,0,1.0,0.0,0.0,0.0,0.0,0.0,0.0,0.0,0.0,0.0
0,0,1.0,0.0,0.0,0.0,0.0,0.0,0.0,0.0,0.0,0.0
0,0,1.0,0.0,0.0,0.0,0.0,0.0,0.0,0.0,0.0,0.0
0,0,1.0,0.0,0.0,0.0,0.0,0.0,0.0,0.0,0.0,0.0
0,0,1.0,0.0,0.0,0.0,0.0,0.0,0.0,0.0,0.0,0.0
0,0,1.0,0.0,0.0,0.0,0.0,0.0,0.0,0.0,0.0,0.0
0,0,1.0,0.0,0.0,0.0,0.0,0.0,0.0,0.0,0.0,0.0
0,0,1.0,0.0,0.0,0.0,0.0,0.0,0.0,0.0,0.0,0.0
0,0,1.0,0.0,0.0,0.0,0.0,0.0,0.0,0.0,0.0,0.0
0,0,1.0,0.0,0.0,0.0,0.0,0.0,0.0,0.0,0.0,0.0
0,0,1.0,0.0,0.0,0.0,0.0,0.0,0.0,0.0,0.0,0.0
0,0,1.0,0.0,0.0,0.0,0.0,0.0,0.0,0.0,0.0,0.0
0,0,1.0,0.0,0.0,0.0,0.0,0.0,0.0,0.0,0.0,0.0
0,0,1.0,0.0,0.0,0.0,0.0,0.0,0.0,0.0,0.0,0.0
0,0,1.0,0.0,0.0,0.0,0.0,0.0,0.0,0.0,0.0,0.0
0,0,1.0,0.0,0.0,0.0,0.0,0.0,0.0,0.0,0.0,0.0
0,0,1.0,0.0,0.0,0.0,0.0,0.0,0.0,0.0,0.0,0.0
0,0,1.0,0.0,0.0,0.0,0.0,0.0,0.0,0.0,0.0,0.0
0,0,1.0,0.0,0.0,0.0,0.0,0.0,0.0,0.0,0.0,0.0
0,0,1.0,0.0,0.0,0.0,0.0,0.0,0.0,0.0,0.0,0.0
0,0,1.0,0.0,0.0,0.0,0.0,0.0,0.0,0.0,0.0,0.0
0,0,1.0,0.0,0.0,0.0,0.0,0.0,0.0,0.0,0.0,0.0
0,0,1.0,0.0,0.0,0.0,0.0,0.0,0.0,0.0,0.0,0.0
0,0,1.0,0.0,0.0,0.0,0.0,0.0,0.0,0.0,0.0,0.0
0,0,1.0,0.0,0.0,0.0,0.0,0.0,0.0,0.0,0.0,0.0
0,0,1.0,0.0,0.0,0.0,0.0,0.0,0.0,0.0,0.0,0.0
0,0,1.0,0.0,0.0,0.0,0.0,0.0,0.0,0.0,0.0,0.0
0,0,1.0,0.0,0.0,0.0,0.0,0.0,0.0,0.0,0.0,0.0
0,0,1.0,0.0,0.0,0.0,0.0,0.0,0.0,0.0,0.0,0.0
0,0,1.0,0.0,0.0,0.0,0.0,0.0,0.0,0.0,0.0,0.0
0,0,1.0,0.0,0.0,0.0,0.0,0.0,0.0,0.0,0.0,0.0
0,0,1.0,0.0,0.0,0.0,0.0,0.0,0.0,0.0,0.0,0.0
0,0,1.0,0.0,0.0,0.0,0.0,0.0,0.0,0.0,0.0,0.0
0,0,1.0,0.0,0.0,0.0,0.0,0.0,0.0,0.0,0.0,0.0
0,0,1.0,0.0,0.0,0.0,0.0,0.0,0.0,0.0,0.0,0.0
0,0,1.0,0.0,0.0,0.0,0.0,0.0,0.0,0.0,0.0,0.0
0,0,1.0,0.0,0.0,0.0,0.0,0.0,0.0,0.0,0.0,0.0
0,0,1.0,0.0,0.0,0.0,0.0,0.0,0.0,0.0,0.0,0.0
0,0,1.0,0.0,0.0,0.0,0.0,0.0,0.0,0.0,0.0,0.0
0,0,1.0,0.0,0.0,0.0,0.0,0.0,0.0,0.0,0.0,0.0
0,0,1.0,0.0,0.0,0.0,0.0,0.0,0.0,0.0,0.0,0.0
0,0,1.0,0.0,0.0,0.0,0.0,0.0,0.0,0.0,0.0,0.0
0,0,1.0,0.0,0.0,0.0,0.0,0.0,0.0,0.0,0.0,0.0
0,0,1.0,0.0,0.0,0.0,0.0,0.0,0.0,0.0,0.0,0.0
0,0,1.0,0.0,0.0,0.0,0.0,0.0,0.0,0.0,0.0,0.0
0,0,1.0,0.0,0.0,0.0,0.0,0.0,0.0,0.0,0.0,0.0
0,0,1.0,0.0,0.0,0.0,0.0,0.0,0.0,0.0,0.0,0.0
0,0,1.0,0.0,0.0,0.0,0.0,0.0,0.0,0.0,0.0,0.0
0,0,1.0,0.0,0.0,0.0,0.0,0.0,0.0,0.0,0.0,0.0
0,0,1.0,0.0,0.0,0.0,0.0,0.0,0.0,0.0,0.0,0.0
0,0,1.0,0.0,0.0,0.0,0.0,0.0,0.0,0.0,0.0,0.0
0,0,1.0,0.0,0.0,0.0,0.0,0.0,0.0,0.0,0.0,0.0
0,0,1.0,0.0,0.0,0.0,0.0,0.0,0.0,0.0,0.0,0.0
0,0,1.0,0.0,0.0,0.0,0.0,0.0,0.0,0.0,0.0,0.0
0,0,1.0,0.0,0.0,0.0,0.0,0.0,0.0,0.0,0.0,0.0
0,0,1.0,0.0,0.0,0.0,0.0,0.0,0.0,0.0,0.0,0.0
0,0,1.0,0.0,0.0,0.0,0.0,0.0,0.0,0.0,0.0,0.0
0,0,1.0,0.0,0.0,0.0,0.0,0.0,0.0,0.0,0.0,0.0
0,0,1.0,0.0,0.0,0.0,0.0,0.0,0.0,0.0,0.0,0.0
0,0,1.0,0.0,0.0,0.0,0.0,0.0,0.0,0.0,0.0,0.0
0,0,1.0,0.0,0.0,0.0,0.0,0.0,0.0,0.0,0.0,0.0
0,0,1.0,0.0,0.0,0.0,0.0,0.0,0.0,0.0,0.0,0.0
0,0,1.0,0.0,0.0,0.0,0.0,0.0,0.0,0.0,0.0,0.0
0,0,1.0,0.0,0.0,0.0,0.0,0.0,0.0,0.0,0.0,0.0
0,0,1.0,0.0,0.0,0.0,0.0,0.0,0.0,0.0,0.0,0.0
0,0,1.0,0.0,0.0,0.0,0.0,0.0,0.0,0.0,0.0,0.0
0,0,1.0,0.0,0.0,0.0,0.0,0.0,0.0,0.0,0.0,0.0
0,0,1.0,0.0,0.0,0.0,0.0,0.0,0.0,0.0,0.0,0.0
0,0,1.0,0.0,0.0,0.0,0.0,0.0,0.0,0.0,0.0,0.0
0,0,1.0,0.0,0.0,0.0,0.0,0.0,0.0,0.0,0.0,0.0
0,0,1.0,0.0,0.0,0.0,0.0,0.0,0.0,0.0,0.0,0.0
0,0,1.0,0.0,0.0,0.0,0.0,0.0,0.0,0.0,0.0,0.0
0,0,1.0,0.0,0.0,0.0,0.0,0.0,0.0,0.0,0.0,0.0
0,0,1.0,0.0,0.0,0.0,0.0,0.0,0.0,0.0,0.0,0.0
0,0,1.0,0.0,0.0,0.0,0.0,0.0,0.0,0.0,0.0,0.0
0,0,1.0,0.0,0.0,0.0,0.0,0.0,0.0,0.0,0.0,0.0
0,0,1.0,0.0,0.0,0.0,0.0,0.0,0.0,0.0,0.0,0.0
0,0,1.0,0.0,0.0,0.0,0.0,0.0,0.0,0.0,0.0,0.0
0,0,1.0,0.0,0.0,0.0,0.0,0.0,0.0,0.0,0.0,0.0
0,0,1.0,0.0,0.0,0.0,0.0,0.0,0.0,0.0,0.0,0.0
0,0,1.0,0.0,0.0,0.0,0.0,0.0,0.0,0.0,0.0,0.0
0,0,1.0,0.0,0.0,0.0,0.0,0.0,0.0,0.0,0.0,0.0
0,0,1.0,0.0,0.0,0.0,0.0,0.0,0.0,0.0,0.0,0.0
0,0,1.0,0.0,0.0,0.0,0.0,0.0,0.0,0.0,0.0,0.0
0,0,1.0,0.0,0.0,0.0,0.0,0.0,0.0,0.0,0.0,0.0
0,0,1.0,0.0,0.0,0.0,0.0,0.0,0.0,0.0,0.0,0.0
0,0,1.0,0.0,0.0,0.0,0.0,0.0,0.0,0.0,0.0,0.0
0,0,1.0,0.0,0.0,0.0,0.0,0.0,0.0,0.0,0.0,0.0
0,0,1.0,0.0,0.0,0.0,0.0,0.0,0.0,0.0,0.0,0.0
0,0,1.0,0.0,0.0,0.0,0.0,0.0,0.0,0.0,0.0,0.0
0,0,1.0,0.0,0.0,0.0,0.0,0.0,0.0,0.0,0.0,0.0
0,0,1.0,0.0,0.0,0.0,0.0,0.0,0.0,0.0,0.0,0.0
0,0,1.0,0.0,0.0,0.0,0.0,0.0,0.0,0.0,0.0,0.0
0,0,1.0,0.0,0.0,0.0,0.0,0.0,0.0,0.0,0.0,0.0
0,0,1.0,0.0,0.0,0.0,0.0,0.0,0.0,0.0,0.0,0.0
0,0,1.0,0.0,0.0,0.0,0.0,0.0,0.0,0.0,0.0,0.0
0,0,1.0,0.0,0.0,0.0,0.0,0.0,0.0,0.0,0.0,0.0
0,0,1.0,0.0,0.0,0.0,0.0,0.0,0.0,0.0,0.0,0.0
0,0,1.0,0.0,0.0,0.0,0.0,0.0,0.0,0.0,0.0,0.0
0,0,1.0,0.0,0.0,0.0,0.0,0.0,0.0,0.0,0.0,0.0
0,0,1.0,0.0,0.0,0.0,0.0,0.0,0.0,0.0,0.0,0.0
0,0,1.0,0.0,0.0,0.0,0.0,0.0,0.0,0.0,0.0,0.0
0,0,1.0,0.0,0.0,0.0,0.0,0.0,0.0,0.0,0.0,0.0
0,0,1.0,0.0,0.0,0.0,0.0,0.0,0.0,0.0,0.0,0.0
0,0,1.0,0.0,0.0,0.0,0.0,0.0,0.0,0.0,0.0,0.0
0,0,1.0,0.0,0.0,0.0,0.0,0.0,0.0,0.0,0.0,0.0
0,0,1.0,0.0,0.0,0.0,0.0,0.0,0.0,0.0,0.0,0.0
0,0,1.0,0.0,0.0,0.0,0.0,0.0,0.0,0.0,0.0,0.0
0,0,1.0,0.0,0.0,0.0,0.0,0.0,0.0,0.0,0.0,0.0
0,0,1.0,0.0,0.0,0.0,0.0,0.0,0.0,0.0,0.0,0.0
0,0,1.0,0.0,0.0,0.0,0.0,0.0,0.0,0.0,0.0,0.0
0,0,1.0,0.0,0.0,0.0,0.0,0.0,0.0,0.0,0.0,0.0
0,0,1.0,0.0,0.0,0.0,0.0,0.0,0.0,0.0,0.0,0.0
0,0,1.0,0.0,0.0,0.0,0.0,0.0,0.0,0.0,0.0,0.0
0,0,1.0,0.0,0.0,0.0,0.0,0.0,0.0,0.0,0.0,0.0
0,0,1.0,0.0,0.0,0.0,0.0,0.0,0.0,0.0,0.0,0.0
0,0,1.0,0.0,0.0,0.0,0.0,0.0,0.0,0.0,0.0,0.0
0,0,1.0,0.0,0.0,0.0,0.0,0.0,0.0,0.0,0.0,0.0
0,0,1.0,0.0,0.0,0.0,0.0,0.0,0.0,0.0,0.0,0.0
0,0,1.0,0.0,0.0,0.0,0.0,0.0,0.0,0.0,0.0,0.0
0,0,1.0,0.0,0.0,0.0,0.0,0.0,0.0,0.0,0.0,0.0
0,0,1.0,0.0,0.0,0.0,0.0,0.0,0.0,0.0,0.0,0.0
0,0,1.0,0.0,0.0,0.0,0.0,0.0,0.0,0.0,0.0,0.0
0,0,1.0,0.0,0.0,0.0,0.0,0.0,0.0,0.0,0.0,0.0
0,0,1.0,0.0,0.0,0.0,0.0,0.0,0.0,0.0,0.0,0.0
0,0,1.0,0.0,0.0,0.0,0.0,0.0,0.0,0.0,0.0,0.0
0,0,1.0,0.0,0.0,0.0,0.0,0.0,0.0,0.0,0.0,0.0
0,0,1.0,0.0,0.0,0.0,0.0,0.0,0.0,0.0,0.0,0.0
0,0,1.0,0.0,0.0,0.0,0.0,0.0,0.0,0.0,0.0,0.0
0,0,1.0,0.0,0.0,0.0,0.0,0.0,0.0,0.0,0.0,0.0
0,0,1.0,0.0,0.0,0.0,0.0,0.0,0.0,0.0,0.0,0.0
0,0,1.0,0.0,0.0,0.0,0.0,0.0,0.0,0.0,0.0,0.0
0,0,1.0,0.0,0.0,0.0,0.0,0.0,0.0,0.0,0.0,0.0
0,0,1.0,0.0,0.0,0.0,0.0,0.0,0.0,0.0,0.0,0.0
0,0,1.0,0.0,0.0,0.0,0.0,0.0,0.0,0.0,0.0,0.0
0,0,1.0,0.0,0.0,0.0,0.0,0.0,0.0,0.0,0.0,0.0
0,0,1.0,0.0,0.0,0.0,0.0,0.0,0.0,0.0,0.0,0.0
0,0,1.0,0.0,0.0,0.0,0.0,0.0,0.0,0.0,0.0,0.0
0,0,1.0,0.0,0.0,0.0,0.0,0.0,0.0,0.0,0.0,0.0
0,0,1.0,0.0,0.0,0.0,0.0,0.0,0.0,0.0,0.0,0.0
0,0,1.0,0.0,0.0,0.0,0.0,0.0,0.0,0.0,0.0,0.0
0,0,1.0,0.0,0.0,0.0,0.0,0.0,0.0,0.0,0.0,0.0
0,0,1.0,0.0,0.0,0.0,0.0,0.0,0.0,0.0,0.0,0.0
0,0,1.0,0.0,0.0,0.0,0.0,0.0,0.0,0.0,0.0,0.0
0,0,1.0,0.0,0.0,0.0,0.0,0.0,0.0,0.0,0.0,0.0
0,0,1.0,0.0,0.0,0.0,0.0,0.0,0.0,0.0,0.0,0.0
0,0,1.0,0.0,0.0,0.0,0.0,0.0,0.0,0.0,0.0,0.0
0,0,1.0,0.0,0.0,0.0,0.0,0.0,0.0,0.0,0.0,0.0
0,0,1.0,0.0,0.0,0.0,0.0,0.0,0.0,0.0,0.0,0.0
0,0,1.0,0.0,0.0,0.0,0.0,0.0,0.0,0.0,0.0,0.0
0,0,1.0,0.0,0.0,0.0,0.0,0.0,0.0,0.0,0.0,0.0
0,0,1.0,0.0,0.0,0.0,0.0,0.0,0.0,0.0,0.0,0.0
0,0,1.0,0.0,0.0,0.0,0.0,0.0,0.0,0.0,0.0,0.0
0,0,1.0,0.0,0.0,0.0,0.0,0.0,0.0,0.0,0.0,0.0
0,0,1.0,0.0,0.0,0.0,0.0,0.0,0.0,0.0,0.0,0.0
0,0,1.0,0.0,0.0,0.0,0.0,0.0,0.0,0.0,0.0,0.0
0,0,1.0,0.0,0.0,0.0,0.0,0.0,0.0,0.0,0.0,0.0
0,0,1.0,0.0,0.0,0.0,0.0,0.0,0.0,0.0,0.0,0.0
0,0,1.0,0.0,0.0,0.0,0.0,0.0,0.0,0.0,0.0,0.0
0,0,1.0,0.0,0.0,0.0,0.0,0.0,0.0,0.0,0.0,0.0
0,0,1.0,0.0,0.0,0.0,0.0,0.0,0.0,0.0,0.0,0.0
0,0,1.0,0.0,0.0,0.0,0.0,0.0,0.0,0.0,0.0,0.0
0,0,1.0,0.0,0.0,0.0,0.0,0.0,0.0,0.0,0.0,0.0
0,0,1.0,0.0,0.0,0.0,0.0,0.0,0.0,0.0,0.0,0.0
0,0,1.0,0.0,0.0,0.0,0.0,0.0,0.0,0.0,0.0,0.0
0,0,1.0,0.0,0.0,0.0,0.0,0.0,0.0,0.0,0.0,0.0
0,0,1.0,0.0,0.0,0.0,0.0,0.0,0.0,0.0,0.0,0.0
0,0,1.0,0.0,0.0,0.0,0.0,0.0,0.0,0.0,0.0,0.0
0,0,1.0,0.0,0.0,0.0,0.0,0.0,0.0,0.0,0.0,0.0
0,0,1.0,0.0,0.0,0.0,0.0,0.0,0.0,0.0,0.0,0.0
0,0,1.0,0.0,0.0,0.0,0.0,0.0,0.0,0.0,0.0,0.0
0,0,1.0,0.0,0.0,0.0,0.0,0.0,0.0,0.0,0.0,0.0
0,0,1.0,0.0,0.0,0.0,0.0,0.0,0.0,0.0,0.0,0.0
0,0,1.0,0.0,0.0,0.0,0.0,0.0,0.0,0.0,0.0,0.0
0,0,1.0,0.0,0.0,0.0,0.0,0.0,0.0,0.0,0.0,0.0
0,0,1.0,0.0,0.0,0.0,0.0,0.0,0.0,0.0,0.0,0.0
0,0,1.0,0.0,0.0,0.0,0.0,0.0,0.0,0.0,0.0,0.0
0,0,1.0,0.0,0.0,0.0,0.0,0.0,0.0,0.0,0.0,0.0
0,0,1.0,0.0,0.0,0.0,0.0,0.0,0.0,0.0,0.0,0.0
0,0,1.0,0.0,0.0,0.0,0.0,0.0,0.0,0.0,0.0,0.0
0,0,1.0,0.0,0.0,0.0,0.0,0.0,0.0,0.0,0.0,0.0
0,0,1.0,0.0,0.0,0.0,0.0,0.0,0.0,0.0,0.0,0.0
0,0,1.0,0.0,0.0,0.0,0.0,0.0,0.0,0.0,0.0,0.0
0,0,1.0,0.0,0.0,0.0,0.0,0.0,0.0,0.0,0.0,0.0
0,0,1.0,0.0,0.0,0.0,0.0,0.0,0.0,0.0,0.0,0.0
0,0,1.0,0.0,0.0,0.0,0.0,0.0,0.0,0.0,0.0,0.0
0,0,1.0,0.0,0.0,0.0,0.0,0.0,0.0,0.0,0.0,0.0
0,0,1.0,0.0,0.0,0.0,0.0,0.0,0.0,0.0,0.0,0.0
0,0,1.0,0.0,0.0,0.0,0.0,0.0,0.0,0.0,0.0,0.0
0,0,1.0,0.0,0.0,0.0,0.0,0.0,0.0,0.0,0.0,0.0
0,0,1.0,0.0,0.0,0.0,0.0,0.0,0.0,0.0,0.0,0.0
0,0,1.0,0.0,0.0,0.0,0.0,0.0,0.0,0.0,0.0,0.0
0,0,1.0,0.0,0.0,0.0,0.0,0.0,0.0,0.0,0.0,0.0
0,0,1.0,0.0,0.0,0.0,0.0,0.0,0.0,0.0,0.0,0.0
0,0,1.0,0.0,0.0,0.0,0.0,0.0,0.0,0.0,0.0,0.0
0,0,1.0,0.0,0.0,0.0,0.0,0.0,0.0,0.0,0.0,0.0
0,0,1.0,0.0,0.0,0.0,0.0,0.0,0.0,0.0,0.0,0.0
0,0,1.0,0.0,0.0,0.0,0.0,0.0,0.0,0.0,0.0,0.0
0,0,1.0,0.0,0.0,0.0,0.0,0.0,0.0,0.0,0.0,0.0
0,0,1.0,0.0,0.0,0.0,0.0,0.0,0.0,0.0,0.0,0.0
0,0,1.0,0.0,0.0,0.0,0.0,0.0,0.0,0.0,0.0,0.0
0,0,1.0,0.0,0.0,0.0,0.0,0.0,0.0,0.0,0.0,0.0
0,0,1.0,0.0,0.0,0.0,0.0,0.0,0.0,0.0,0.0,0.0
0,0,1.0,0.0,0.0,0.0,0.0,0.0,0.0,0.0,0.0,0.0
0,0,1.0,0.0,0.0,0.0,0.0,0.0,0.0,0.0,0.0,0.0
0,0,1.0,0.0,0.0,0.0,0.0,0.0,0.0,0.0,0.0,0.0
0,0,1.0,0.0,0.0,0.0,0.0,0.0,0.0,0.0,0.0,0.0
0,0,1.0,0.0,0.0,0.0,0.0,0.0,0.0,0.0,0.0,0.0
0,0,1.0,0.0,0.0,0.0,0.0,0.0,0.0,0.0,0.0,0.0
0,0,1.0,0.0,0.0,0.0,0.0,0.0,0.0,0.0,0.0,0.0
0,0,1.0,0.0,0.0,0.0,0.0,0.0,0.0,0.0,0.0,0.0
0,0,1.0,0.0,0.0,0.0,0.0,0.0,0.0,0.0,0.0,0.0
0,0,1.0,0.0,0.0,0.0,0.0,0.0,0.0,0.0,0.0,0.0
0,0,1.0,0.0,0.0,0.0,0.0,0.0,0.0,0.0,0.0,0.0
0,0,1.0,0.0,0.0,0.0,0.0,0.0,0.0,0.0,0.0,0.0
0,0,1.0,0.0,0.0,0.0,0.0,0.0,0.0,0.0,0.0,0.0
0,0,1.0,0.0,0.0,0.0,0.0,0.0,0.0,0.0,0.0,0.0
0,0,1.0,0.0,0.0,0.0,0.0,0.0,0.0,0.0,0.0,0.0
0,0,1.0,0.0,0.0,0.0,0.0,0.0,0.0,0.0,0.0,0.0
0,0,1.0,0.0,0.0,0.0,0.0,0.0,0.0,0.0,0.0,0.0
0,0,1.0,0.0,0.0,0.0,0.0,0.0,0.0,0.0,0.0,0.0
0,0,1.0,0.0,0.0,0.0,0.0,0.0,0.0,0.0,0.0,0.0
0,0,1.0,0.0,0.0,0.0,0.0,0.0,0.0,0.0,0.0,0.0
0,0,1.0,0.0,0.0,0.0,0.0,0.0,0.0,0.0,0.0,0.0
0,0,1.0,0.0,0.0,0.0,0.0,0.0,0.0,0.0,0.0,0.0
0,0,1.0,0.0,0.0,0.0,0.0,0.0,0.0,0.0,0.0,0.0
0,0,1.0,0.0,0.0,0.0,0.0,0.0,0.0,0.0,0.0,0.0
0,0,1.0,0.0,0.0,0.0,0.0,0.0,0.0,0.0,0.0,0.0
0,0,1.0,0.0,0.0,0.0,0.0,0.0,0.0,0.0,0.0,0.0
0,0,1.0,0.0,0.0,0.0,0.0,0.0,0.0,0.0,0.0,0.0
0,0,1.0,0.0,0.0,0.0,0.0,0.0,0.0,0.0,0.0,0.0
0,0,1.0,0.0,0.0,0.0,0.0,0.0,0.0,0.0,0.0,0.0
0,0,1.0,0.0,0.0,0.0,0.0,0.0,0.0,0.0,0.0,0.0
0,0,1.0,0.0,0.0,0.0,0.0,0.0,0.0,0.0,0.0,0.0
0,0,1.0,0.0,0.0,0.0,0.0,0.0,0.0,0.0,0.0,0.0
0,0,1.0,0.0,0.0,0.0,0.0,0.0,0.0,0.0,0.0,0.0
0,0,1.0,0.0,0.0,0.0,0.0,0.0,0.0,0.0,0.0,0.0
0,0,1.0,0.0,0.0,0.0,0.0,0.0,0.0,0.0,0.0,0.0
0,0,1.0,0.0,0.0,0.0,0.0,0.0,0.0,0.0,0.0,0.0
0,0,1.0,0.0,0.0,0.0,0.0,0.0,0.0,0.0,0.0,0.0
0,0,1.0,0.0,0.0,0.0,0.0,0.0,0.0,0.0,0.0,0.0
0,0,1.0,0.0,0.0,0.0,0.0,0.0,0.0,0.0,0.0,0.0
0,0,1.0,0.0,0.0,0.0,0.0,0.0,0.0,0.0,0.0,0.0
0,0,1.0,0.0,0.0,0.0,0.0,0.0,0.0,0.0,0.0,0.0
0,0,1.0,0.0,0.0,0.0,0.0,0.0,0.0,0.0,0.0,0.0
0,0,1.0,0.0,0.0,0.0,0.0,0.0,0.0,0.0,0.0,0.0
0,0,1.0,0.0,0.0,0.0,0.0,0.0,0.0,0.0,0.0,0.0
0,0,1.0,0.0,0.0,0.0,0.0,0.0,0.0,0.0,0.0,0.0
0,0,1.0,0.0,0.0,0.0,0.0,0.0,0.0,0.0,0.0,0.0
0,0,1.0,0.0,0.0,0.0,0.0,0.0,0.0,0.0,0.0,0.0
0,0,1.0,0.0,0.0,0.0,0.0,0.0,0.0,0.0,0.0,0.0
0,0,1.0,0.0,0.0,0.0,0.0,0.0,0.0,0.0,0.0,0.0
0,0,1.0,0.0,0.0,0.0,0.0,0.0,0.0,0.0,0.0,0.0
0,0,1.0,0.0,0.0,0.0,0.0,0.0,0.0,0.0,0.0,0.0
0,0,1.0,0.0,0.0,0.0,0.0,0.0,0.0,0.0,0.0,0.0
0,0,1.0,0.0,0.0,0.0,0.0,0.0,0.0,0.0,0.0,0.0
0,0,1.0,0.0,0.0,0.0,0.0,0.0,0.0,0.0,0.0,0.0
0,0,1.0,0.0,0.0,0.0,0.0,0.0,0.0,0.0,0.0,0.0
0,0,1.0,0.0,0.0,0.0,0.0,0.0,0.0,0.0,0.0,0.0
0,0,1.0,0.0,0.0,0.0,0.0,0.0,0.0,0.0,0.0,0.0
0,0,1.0,0.0,0.0,0.0,0.0,0.0,0.0,0.0,0.0,0.0
0,0,1.0,0.0,0.0,0.0,0.0,0.0,0.0,0.0,0.0,0.0
0,0,1.0,0.0,0.0,0.0,0.0,0.0,0.0,0.0,0.0,0.0
0,0,1.0,0.0,0.0,0.0,0.0,0.0,0.0,0.0,0.0,0.0
0,0,1.0,0.0,0.0,0.0,0.0,0.0,0.0,0.0,0.0,0.0
0,0,1.0,0.0,0.0,0.0,0.0,0.0,0.0,0.0,0.0,0.0
0,0,1.0,0.0,0.0,0.0,0.0,0.0,0.0,0.0,0.0,0.0
0,0,1.0,0.0,0.0,0.0,0.0,0.0,0.0,0.0,0.0,0.0
0,0,1.0,0.0,0.0,0.0,0.0,0.0,0.0,0.0,0.0,0.0
0,0,1.0,0.0,0.0,0.0,0.0,0.0,0.0,0.0,0.0,0.0
0,0,1.0,0.0,0.0,0.0,0.0,0.0,0.0,0.0,0.0,0.0
0,0,1.0,0.0,0.0,0.0,0.0,0.0,0.0,0.0,0.0,0.0
0,0,1.0,0.0,0.0,0.0,0.0,0.0,0.0,0.0,0.0,0.0
0,0,1.0,0.0,0.0,0.0,0.0,0.0,0.0,0.0,0.0,0.0
0,0,1.0,0.0,0.0,0.0,0.0,0.0,0.0,0.0,0.0,0.0
0,0,1.0,0.0,0.0,0.0,0.0,0.0,0.0,0.0,0.0,0.0
0,0,1.0,0.0,0.0,0.0,0.0,0.0,0.0,0.0,0.0,0.0
0,0,1.0,0.0,0.0,0.0,0.0,0.0,0.0,0.0,0.0,0.0
0,0,1.0,0.0,0.0,0.0,0.0,0.0,0.0,0.0,0.0,0.0
0,0,1.0,0.0,0.0,0.0,0.0,0.0,0.0,0.0,0.0,0.0
0,0,1.0,0.0,0.0,0.0,0.0,0.0,0.0,0.0,0.0,0.0
0,0,1.0,0.0,0.0,0.0,0.0,0.0,0.0,0.0,0.0,0.0
0,0,1.0,0.0,0.0,0.0,0.0,0.0,0.0,0.0,0.0,0.0
0,0,1.0,0.0,0.0,0.0,0.0,0.0,0.0,0.0,0.0,0.0
0,0,1.0,0.0,0.0,0.0,0.0,0.0,0.0,0.0,0.0,0.0
0,0,1.0,0.0,0.0,0.0,0.0,0.0,0.0,0.0,0.0,0.0
0,0,1.0,0.0,0.0,0.0,0.0,0.0,0.0,0.0,0.0,0.0
0,0,1.0,0.0,0.0,0.0,0.0,0.0,0.0,0.0,0.0,0.0
0,0,1.0,0.0,0.0,0.0,0.0,0.0,0.0,0.0,0.0,0.0
0,0,1.0,0.0,0.0,0.0,0.0,0.0,0.0,0.0,0.0,0.0
0,0,1.0,0.0,0.0,0.0,0.0,0.0,0.0,0.0,0.0,0.0
0,0,1.0,0.0,0.0,0.0,0.0,0.0,0.0,0.0,0.0,0.0
0,0,1.0,0.0,0.0,0.0,0.0,0.0,0.0,0.0,0.0,0.0
0,0,1.0,0.0,0.0,0.0,0.0,0.0,0.0,0.0,0.0,0.0
0,0,1.0,0.0,0.0,0.0,0.0,0.0,0.0,0.0,0.0,0.0
0,0,1.0,0.0,0.0,0.0,0.0,0.0,0.0,0.0,0.0,0.0
0,0,1.0,0.0,0.0,0.0,0.0,0.0,0.0,0.0,0.0,0.0
0,0,1.0,0.0,0.0,0.0,0.0,0.0,0.0,0.0,0.0,0.0
0,0,1.0,0.0,0.0,0.0,0.0,0.0,0.0,0.0,0.0,0.0
0,0,1.0,0.0,0.0,0.0,0.0,0.0,0.0,0.0,0.0,0.0
0,0,1.0,0.0,0.0,0.0,0.0,0.0,0.0,0.0,0.0,0.0
0,0,1.0,0.0,0.0,0.0,0.0,0.0,0.0,0.0,0.0,0.0
0,0,1.0,0.0,0.0,0.0,0.0,0.0,0.0,0.0,0.0,0.0
0,0,1.0,0.0,0.0,0.0,0.0,0.0,0.0,0.0,0.0,0.0
0,0,1.0,0.0,0.0,0.0,0.0,0.0,0.0,0.0,0.0,0.0
0,0,1.0,0.0,0.0,0.0,0.0,0.0,0.0,0.0,0.0,0.0
0,0,1.0,0.0,0.0,0.0,0.0,0.0,0.0,0.0,0.0,0.0
0,0,1.0,0.0,0.0,0.0,0.0,0.0,0.0,0.0,0.0,0.0
0,0,1.0,0.0,0.0,0.0,0.0,0.0,0.0,0.0,0.0,0.0
0,0,1.0,0.0,0.0,0.0,0.0,0.0,0.0,0.0,0.0,0.0
0,0,1.0,0.0,0.0,0.0,0.0,0.0,0.0,0.0,0.0,0.0
0,0,1.0,0.0,0.0,0.0,0.0,0.0,0.0,0.0,0.0,0.0
0,0,1.0,0.0,0.0,0.0,0.0,0.0,0.0,0.0,0.0,0.0
0,0,1.0,0.0,0.0,0.0,0.0,0.0,0.0,0.0,0.0,0.0
0,0,1.0,0.0,0.0,0.0,0.0,0.0,0.0,0.0,0.0,0.0
0,0,1.0,0.0,0.0,0.0,0.0,0.0,0.0,0.0,0.0,0.0
0,0,1.0,0.0,0.0,0.0,0.0,0.0,0.0,0.0,0.0,0.0
0,0,1.0,0.0,0.0,0.0,0.0,0.0,0.0,0.0,0.0,0.0
0,0,1.0,0.0,0.0,0.0,0.0,0.0,0.0,0.0,0.0,0.0
0,0,1.0,0.0,0.0,0.0,0.0,0.0,0.0,0.0,0.0,0.0
0,0,1.0,0.0,0.0,0.0,0.0,0.0,0.0,0.0,0.0,0.0
0,0,1.0,0.0,0.0,0.0,0.0,0.0,0.0,0.0,0.0,0.0
0,0,1.0,0.0,0.0,0.0,0.0,0.0,0.0,0.0,0.0,0.0
0,0,1.0,0.0,0.0,0.0,0.0,0.0,0.0,0.0,0.0,0.0
0,0,1.0,0.0,0.0,0.0,0.0,0.0,0.0,0.0,0.0,0.0
0,0,1.0,0.0,0.0,0.0,0.0,0.0,0.0,0.0,0.0,0.0
0,0,1.0,0.0,0.0,0.0,0.0,0.0,0.0,0.0,0.0,0.0
0,0,1.0,0.0,0.0,0.0,0.0,0.0,0.0,0.0,0.0,0.0
0,0,1.0,0.0,0.0,0.0,0.0,0.0,0.0,0.0,0.0,0.0
0,0,1.0,0.0,0.0,0.0,0.0,0.0,0.0,0.0,0.0,0.0
0,0,1.0,0.0,0.0,0.0,0.0,0.0,0.0,0.0,0.0,0.0
0,0,1.0,0.0,0.0,0.0,0.0,0.0,0.0,0.0,0.0,0.0
0,0,1.0,0.0,0.0,0.0,0.0,0.0,0.0,0.0,0.0,0.0
0,0,1.0,0.0,0.0,0.0,0.0,0.0,0.0,0.0,0.0,0.0
0,0,1.0,0.0,0.0,0.0,0.0,0.0,0.0,0.0,0.0,0.0
0,0,1.0,0.0,0.0,0.0,0.0,0.0,0.0,0.0,0.0,0.0
0,0,1.0,0.0,0.0,0.0,0.0,0.0,0.0,0.0,0.0,0.0
0,0,1.0,0.0,0.0,0.0,0.0,0.0,0.0,0.0,0.0,0.0
0,0,1.0,0.0,0.0,0.0,0.0,0.0,0.0,0.0,0.0,0.0
0,0,1.0,0.0,0.0,0.0,0.0,0.0,0.0,0.0,0.0,0.0
0,0,1.0,0.0,0.0,0.0,0.0,0.0,0.0,0.0,0.0,0.0
0,0,1.0,0.0,0.0,0.0,0.0,0.0,0.0,0.0,0.0,0.0
0,0,1.0,0.0,0.0,0.0,0.0,0.0,0.0,0.0,0.0,0.0
0,0,1.0,0.0,0.0,0.0,0.0,0.0,0.0,0.0,0.0,0.0
0,0,1.0,0.0,0.0,0.0,0.0,0.0,0.0,0.0,0.0,0.0
0,0,1.0,0.0,0.0,0.0,0.0,0.0,0.0,0.0,0.0,0.0
0,0,1.0,0.0,0.0,0.0,0.0,0.0,0.0,0.0,0.0,0.0
0,0,1.0,0.0,0.0,0.0,0.0,0.0,0.0,0.0,0.0,0.0
0,0,1.0,0.0,0.0,0.0,0.0,0.0,0.0,0.0,0.0,0.0
0,0,1.0,0.0,0.0,0.0,0.0,0.0,0.0,0.0,0.0,0.0
0,0,1.0,0.0,0.0,0.0,0.0,0.0,0.0,0.0,0.0,0.0
0,0,1.0,0.0,0.0,0.0,0.0,0.0,0.0,0.0,0.0,0.0
0,0,1.0,0.0,0.0,0.0,0.0,0.0,0.0,0.0,0.0,0.0
0,0,1.0,0.0,0.0,0.0,0.0,0.0,0.0,0.0,0.0,0.0
0,0,1.0,0.0,0.0,0.0,0.0,0.0,0.0,0.0,0.0,0.0
0,0,1.0,0.0,0.0,0.0,0.0,0.0,0.0,0.0,0.0,0.0
0,0,1.0,0.0,0.0,0.0,0.0,0.0,0.0,0.0,0.0,0.0
0,0,1.0,0.0,0.0,0.0,0.0,0.0,0.0,0.0,0.0,0.0
0,0,1.0,0.0,0.0,0.0,0.0,0.0,0.0,0.0,0.0,0.0
0,0,1.0,0.0,0.0,0.0,0.0,0.0,0.0,0.0,0.0,0.0
0,0,1.0,0.0,0.0,0.0,0.0,0.0,0.0,0.0,0.0,0.0
0,0,1.0,0.0,0.0,0.0,0.0,0.0,0.0,0.0,0.0,0.0
0,0,1.0,0.0,0.0,0.0,0.0,0.0,0.0,0.0,0.0,0.0
0,0,1.0,0.0,0.0,0.0,0.0,0.0,0.0,0.0,0.0,0.0
0,0,1.0,0.0,0.0,0.0,0.0,0.0,0.0,0.0,0.0,0.0
0,0,1.0,0.0,0.0,0.0,0.0,0.0,0.0,0.0,0.0,0.0
0,0,1.0,0.0,0.0,0.0,0.0,0.0,0.0,0.0,0.0,0.0
0,0,1.0,0.0,0.0,0.0,0.0,0.0,0.0,0.0,0.0,0.0
0,0,1.0,0.0,0.0,0.0,0.0,0.0,0.0,0.0,0.0,0.0
0,0,1.0,0.0,0.0,0.0,0.0,0.0,0.0,0.0,0.0,0.0
0,0,1.0,0.0,0.0,0.0,0.0,0.0,0.0,0.0,0.0,0.0
0,0,1.0,0.0,0.0,0.0,0.0,0.0,0.0,0.0,0.0,0.0
0,0,1.0,0.0,0.0,0.0,0.0,0.0,0.0,0.0,0.0,0.0
0,0,1.0,0.0,0.0,0.0,0.0,0.0,0.0,0.0,0.0,0.0
0,0,1.0,0.0,0.0,0.0,0.0,0.0,0.0,0.0,0.0,0.0
0,0,1.0,0.0,0.0,0.0,0.0,0.0,0.0,0.0,0.0,0.0
0,0,1.0,0.0,0.0,0.0,0.0,0.0,0.0,0.0,0.0,0.0
0,0,1.0,0.0,0.0,0.0,0.0,0.0,0.0,0.0,0.0,0.0
0,0,1.0,0.0,0.0,0.0,0.0,0.0,0.0,0.0,0.0,0.0
0,0,1.0,0.0,0.0,0.0,0.0,0.0,0.0,0.0,0.0,0.0
0,0,1.0,0.0,0.0,0.0,0.0,0.0,0.0,0.0,0.0,0.0
0,0,1.0,0.0,0.0,0.0,0.0,0.0,0.0,0.0,0.0,0.0
0,0,1.0,0.0,0.0,0.0,0.0,0.0,0.0,0.0,0.0,0.0
0,0,1.0,0.0,0.0,0.0,0.0,0.0,0.0,0.0,0.0,0.0
0,0,1.0,0.0,0.0,0.0,0.0,0.0,0.0,0.0,0.0,0.0
0,0,1.0,0.0,0.0,0.0,0.0,0.0,0.0,0.0,0.0,0.0
0,0,1.0,0.0,0.0,0.0,0.0,0.0,0.0,0.0,0.0,0.0
0,0,1.0,0.0,0.0,0.0,0.0,0.0,0.0,0.0,0.0,0.0
0,0,1.0,0.0,0.0,0.0,0.0,0.0,0.0,0.0,0.0,0.0
0,0,1.0,0.0,0.0,0.0,0.0,0.0,0.0,0.0,0.0,0.0
0,0,1.0,0.0,0.0,0.0,0.0,0.0,0.0,0.0,0.0,0.0
0,0,1.0,0.0,0.0,0.0,0.0,0.0,0.0,0.0,0.0,0.0
0,0,1.0,0.0,0.0,0.0,0.0,0.0,0.0,0.0,0.0,0.0
0,0,1.0,0.0,0.0,0.0,0.0,0.0,0.0,0.0,0.0,0.0
0,0,1.0,0.0,0.0,0.0,0.0,0.0,0.0,0.0,0.0,0.0
0,0,1.0,0.0,0.0,0.0,0.0,0.0,0.0,0.0,0.0,0.0
0,0,1.0,0.0,0.0,0.0,0.0,0.0,0.0,0.0,0.0,0.0
0,0,1.0,0.0,0.0,0.0,0.0,0.0,0.0,0.0,0.0,0.0
0,0,1.0,0.0,0.0,0.0,0.0,0.0,0.0,0.0,0.0,0.0
0,0,1.0,0.0,0.0,0.0,0.0,0.0,0.0,0.0,0.0,0.0
0,0,1.0,0.0,0.0,0.0,0.0,0.0,0.0,0.0,0.0,0.0
0,0,1.0,0.0,0.0,0.0,0.0,0.0,0.0,0.0,0.0,0.0
0,0,1.0,0.0,0.0,0.0,0.0,0.0,0.0,0.0,0.0,0.0
0,0,1.0,0.0,0.0,0.0,0.0,0.0,0.0,0.0,0.0,0.0
0,0,1.0,0.0,0.0,0.0,0.0,0.0,0.0,0.0,0.0,0.0
0,0,1.0,0.0,0.0,0.0,0.0,0.0,0.0,0.0,0.0,0.0
0,0,1.0,0.0,0.0,0.0,0.0,0.0,0.0,0.0,0.0,0.0
0,0,1.0,0.0,0.0,0.0,0.0,0.0,0.0,0.0,0.0,0.0
0,0,1.0,0.0,0.0,0.0,0.0,0.0,0.0,0.0,0.0,0.0
0,0,1.0,0.0,0.0,0.0,0.0,0.0,0.0,0.0,0.0,0.0
0,0,1.0,0.0,0.0,0.0,0.0,0.0,0.0,0.0,0.0,0.0
0,0,1.0,0.0,0.0,0.0,0.0,0.0,0.0,0.0,0.0,0.0
0,0,1.0,0.0,0.0,0.0,0.0,0.0,0.0,0.0,0.0,0.0
0,0,1.0,0.0,0.0,0.0,0.0,0.0,0.0,0.0,0.0,0.0
0,0,1.0,0.0,0.0,0.0,0.0,0.0,0.0,0.0,0.0,0.0
0,0,1.0,0.0,0.0,0.0,0.0,0.0,0.0,0.0,0.0,0.0
0,0,1.0,0.0,0.0,0.0,0.0,0.0,0.0,0.0,0.0,0.0
0,0,1.0,0.0,0.0,0.0,0.0,0.0,0.0,0.0,0.0,0.0
0,0,1.0,0.0,0.0,0.0,0.0,0.0,0.0,0.0,0.0,0.0
0,0,1.0,0.0,0.0,0.0,0.0,0.0,0.0,0.0,0.0,0.0
0,0,1.0,0.0,0.0,0.0,0.0,0.0,0.0,0.0,0.0,0.0
0,0,1.0,0.0,0.0,0.0,0.0,0.0,0.0,0.0,0.0,0.0
0,0,1.0,0.0,0.0,0.0,0.0,0.0,0.0,0.0,0.0,0.0
0,0,1.0,0.0,0.0,0.0,0.0,0.0,0.0,0.0,0.0,0.0
0,0,1.0,0.0,0.0,0.0,0.0,0.0,0.0,0.0,0.0,0.0
0,0,1.0,0.0,0.0,0.0,0.0,0.0,0.0,0.0,0.0,0.0
0,0,1.0,0.0,0.0,0.0,0.0,0.0,0.0,0.0,0.0,0.0
0,0,1.0,0.0,0.0,0.0,0.0,0.0,0.0,0.0,0.0,0.0
0,0,1.0,0.0,0.0,0.0,0.0,0.0,0.0,0.0,0.0,0.0
0,0,1.0,0.0,0.0,0.0,0.0,0.0,0.0,0.0,0.0,0.0
0,0,1.0,0.0,0.0,0.0,0.0,0.0,0.0,0.0,0.0,0.0
0,0,1.0,0.0,0.0,0.0,0.0,0.0,0.0,0.0,0.0,0.0
0,0,1.0,0.0,0.0,0.0,0.0,0.0,0.0,0.0,0.0,0.0
0,0,1.0,0.0,0.0,0.0,0.0,0.0,0.0,0.0,0.0,0.0
0,0,1.0,0.0,0.0,0.0,0.0,0.0,0.0,0.0,0.0,0.0
0,0,1.0,0.0,0.0,0.0,0.0,0.0,0.0,0.0,0.0,0.0
0,0,1.0,0.0,0.0,0.0,0.0,0.0,0.0,0.0,0.0,0.0
0,0,1.0,0.0,0.0,0.0,0.0,0.0,0.0,0.0,0.0,0.0
0,0,1.0,0.0,0.0,0.0,0.0,0.0,0.0,0.0,0.0,0.0
0,0,1.0,0.0,0.0,0.0,0.0,0.0,0.0,0.0,0.0,0.0
0,0,1.0,0.0,0.0,0.0,0.0,0.0,0.0,0.0,0.0,0.0
0,0,1.0,0.0,0.0,0.0,0.0,0.0,0.0,0.0,0.0,0.0
0,0,1.0,0.0,0.0,0.0,0.0,0.0,0.0,0.0,0.0,0.0
0,0,1.0,0.0,0.0,0.0,0.0,0.0,0.0,0.0,0.0,0.0
0,0,1.0,0.0,0.0,0.0,0.0,0.0,0.0,0.0,0.0,0.0
0,0,1.0,0.0,0.0,0.0,0.0,0.0,0.0,0.0,0.0,0.0
0,0,1.0,0.0,0.0,0.0,0.0,0.0,0.0,0.0,0.0,0.0
0,0,1.0,0.0,0.0,0.0,0.0,0.0,0.0,0.0,0.0,0.0
0,0,1.0,0.0,0.0,0.0,0.0,0.0,0.0,0.0,0.0,0.0
0,0,1.0,0.0,0.0,0.0,0.0,0.0,0.0,0.0,0.0,0.0
0,0,1.0,0.0,0.0,0.0,0.0,0.0,0.0,0.0,0.0,0.0
0,0,1.0,0.0,0.0,0.0,0.0,0.0,0.0,0.0,0.0,0.0
0,0,1.0,0.0,0.0,0.0,0.0,0.0,0.0,0.0,0.0,0.0
0,0,1.0,0.0,0.0,0.0,0.0,0.0,0.0,0.0,0.0,0.0
0,0,1.0,0.0,0.0,0.0,0.0,0.0,0.0,0.0,0.0,0.0
0,0,1.0,0.0,0.0,0.0,0.0,0.0,0.0,0.0,0.0,0.0
0,0,1.0,0.0,0.0,0.0,0.0,0.0,0.0,0.0,0.0,0.0
0,0,1.0,0.0,0.0,0.0,0.0,0.0,0.0,0.0,0.0,0.0
0,0,1.0,0.0,0.0,0.0,0.0,0.0,0.0,0.0,0.0,0.0
0,0,1.0,0.0,0.0,0.0,0.0,0.0,0.0,0.0,0.0,0.0
0,0,1.0,0.0,0.0,0.0,0.0,0.0,0.0,0.0,0.0,0.0
0,0,1.0,0.0,0.0,0.0,0.0,0.0,0.0,0.0,0.0,0.0
0,0,1.0,0.0,0.0,0.0,0.0,0.0,0.0,0.0,0.0,0.0
0,0,1.0,0.0,0.0,0.0,0.0,0.0,0.0,0.0,0.0,0.0
0,0,1.0,0.0,0.0,0.0,0.0,0.0,0.0,0.0,0.0,0.0
0,0,1.0,0.0,0.0,0.0,0.0,0.0,0.0,0.0,0.0,0.0
0,0,1.0,0.0,0.0,0.0,0.0,0.0,0.0,0.0,0.0,0.0
0,0,1.0,0.0,0.0,0.0,0.0,0.0,0.0,0.0,0.0,0.0
0,0,1.0,0.0,0.0,0.0,0.0,0.0,0.0,0.0,0.0,0.0
0,0,1.0,0.0,0.0,0.0,0.0,0.0,0.0,0.0,0.0,0.0
0,0,1.0,0.0,0.0,0.0,0.0,0.0,0.0,0.0,0.0,0.0
0,0,1.0,0.0,0.0,0.0,0.0,0.0,0.0,0.0,0.0,0.0
0,0,1.0,0.0,0.0,0.0,0.0,0.0,0.0,0.0,0.0,0.0
0,0,1.0,0.0,0.0,0.0,0.0,0.0,0.0,0.0,0.0,0.0
0,0,1.0,0.0,0.0,0.0,0.0,0.0,0.0,0.0,0.0,0.0
0,0,1.0,0.0,0.0,0.0,0.0,0.0,0.0,0.0,0.0,0.0
0,0,0.8710371,0.060051464,0.0,0.0,0.0,0.0,0.0,0.06891143,0.0,0.0
0,0,0.8710371,0.060051464,0.0,0.0,0.0,0.0,0.0,0.06891143,0.0,0.0
0,0,0.8710371,0.060051464,0.0,0.0,0.0,0.0,0.0,0.06891143,0.0,0.0
0,0,0.8710371,0.060051464,0.0,0.0,0.0,0.0,0.0,0.06891143,0.0,0.0
0,0,0.8710371,0.060051464,0.0,0.0,0.0,0.0,0.0,0.06891143,0.0,0.0
0,0,0.8710371,0.060051464,0.0,0.0,0.0,0.0,0.0,0.06891143,0.0,0.0
0,0,0.8710371,0.060051464,0.0,0.0,0.0,0.0,0.0,0.06891143,0.0,0.0
0,0,0.8710371,0.060051464,0.0,0.0,0.0,0.0,0.0,0.06891143,0.0,0.0
0,0,0.8710371,0.060051464,0.0,0.0,0.0,0.0,0.0,0.06891143,0.0,0.0
0,0,0.8710371,0.060051464,0.0,0.0,0.0,0.0,0.0,0.06891143,0.0,0.0
0,0,0.8710371,0.060051464,0.0,0.0,0.0,0.0,0.0,0.06891143,0.0,0.0
0,0,0.8710371,0.060051464,0.0,0.0,0.0,0.0,0.0,0.06891143,0.0,0.0
0,0,0.80944043,0.060051464,0.0,0.0,0.0,0.0,0.0,0.13050814,0.0,0.0
0,0,0.80944043,0.060051464,0.0,0.0,0.0,0.0,0.0,0.13050814,0.0,0.0
0,0,0.80944043,0.060051464,0.0,0.0,0.0,0.0,0.0,0.13050814,0.0,0.0
0,0,0.80944043,0.060051464,0.0,0.0,0.0,0.0,0.0,0.13050814,0.0,0.0
0,0,0.80944043,0.060051464,0.0,0.0,0.0,0.0,0.0,0.13050814,0.0,0.0
0,0,0.80944043,0.060051464,0.0,0.0,0.0,0.0,0.0,0.13050814,0.0,0.0
0,0,0.80944043,0.060051464,0.0,0.0,0.0,0.0,0.0,0.13050814,0.0,0.0
0,0,0.80944043,0.060051464,0.0,0.0,0.0,0.0,0.0,0.13050814,0.0,0.0
0,0,0.80944043,0.060051464,0.0,0.0,0.0,0.0,0.0,0.13050814,0.0,0.0
0,0,0.80944043,0.060051464,0.0,0.0,0.0,0.0,0.0,0.13050814,0.0,0.0
0,0,0.80944043,0.060051464,0.0,0.0,0.0,0.0,0.0,0.13050814,0.0,0.0
0,0,0.74602,0.060051464,0.0,0.0,0.0,0.0,0.0,0.19392854,0.0,0.0
0,0,0.74602,0.060051464,0.0,0.0,0.0,0.0,0.0,0.19392854,0.0,0.0
0,0,0.74602,0.060051464,0.0,0.0,0.0,0.0,0.0,0.19392854,0.0,0.0
0,0,0.74602,0.060051464,0.0,0.0,0.0,0.0,0.0,0.19392854,0.0,0.0
0,0,0.6858277,0.12024382,0.0,0.0,0.0,0.0,0.0,0.19392854,0.0,0.0
0,0,0.6858277,0.12024382,0.0,0.0,0.0,0.0,0.0,0.19392854,0.0,0.0
0,0,0.6858277,0.12024382,0.0,0.0,0.0,0.0,0.0,0.19392854,0.0,0.0
0,0,0.6858277,0.12024382,0.0,0.0,0.0,0.0,0.0,0.19392854,0.0,0.0
0,0,0.6858277,0.12024382,0.0,0.0,0.0,0.0,0.0,0.19392854,0.0,0.0
0,0,0.6858277,0.12024382,0.0,0.0,0.0,0.0,0.0,0.19392854,0.0,0.0
0,0,0.6858277,0.12024382,0.0,0.0,0.0,0.0,0.0,0.19392854,0.0,0.0
0,0,0.6858277,0.12024382,0.0,0.0,0.0,0.0,0.0,0.19392854,0.0,0.0
0,0,0.6858277,0.12024382,0.0,0.0,0.0,0.0,0.0,0.19392854,0.0,0.0
0,0,0.62513125,0.18094026,0.0,0.0,0.0,0.0,0.0,0.19392854,0.0,0.0
0,0,0.62513125,0.18094026,0.0,0.0,0.0,0.0,0.0,0.19392854,0.0,0.0
0,0,0.62513125,0.18094026,0.0,0.0,0.0,0.0,0.0,0.19392854,0.0,0.0
0,0,0.62513125,0.18094026,0.0,0.0,0.0,0.0,0.0,0.19392854,0.0,0.0
0,0,0.62513125,0.18094026,0.0,0.0,0.0,0.0,0.0,0.19392854,0.0,0.0
0,0,0.62513125,0.18094026,0.0,0.0,0.0,0.0,0.0,0.19392854,0.0,0.0
0,0,0.62513125,0.18094026,0.0,0.0,0.0,0.0,0.0,0.19392854,0.0,0.0
0,0,0.62513125,0.18094026,0.0,0.0,0.0,0.0,0.0,0.19392854,0.0,0.0
0,0,0.62513125,0.18094026,0.0,0.0,0.0,0.0,0.0,0.19392854,0.0,0.0
0,0,0.62513125,0.18094026,0.0,0.0,0.0,0.0,0.0,0.19392854,0.0,0.0
0,0,0.5648904,0.18094026,0.0,0.060240854,0.0,0.0,0.0,0.19392854,0.0,0.0
0,0,0.5648904,0.18094026,0.0,0.060240854,0.0,0.0,0.0,0.19392854,0.0,0.0
0,0,0.5064542,0.18094027,0.0,0.060240857,0.0,0.0,0.0,0.2523647,0.0,0.0
0,0,0.5064542,0.18094027,0.0,0.060240857,0.0,0.0,0.0,0.2523647,0.0,0.0
0,0,0.5064542,0.18094027,0.0,0.060240857,0.0,0.0,0.0,0.2523647,0.0,0.0
0,0,0.5064542,0.18094027,0.0,0.060240857,0.0,0.0,0.0,0.2523647,0.0,0.0
0,0,0.5064542,0.18094027,0.0,0.060240857,0.0,0.0,0.0,0.2523647,0.0,0.0
0,0,0.5064542,0.18094027,0.0,0.060240857,0.0,0.0,0.0,0.2523647,0.0,0.0
0,0,0.5064542,0.18094027,0.0,0.060240857,0.0,0.0,0.0,0.2523647,0.0,0.0
0,0,0.5064542,0.18094027,0.0,0.060240857,0.0,0.0,0.0,0.2523647,0.0,0.0
0,0,0.5064542,0.18094027,0.0,0.060240857,0.0,0.0,0.0,0.2523647,0.0,0.0
0,0,0.5064542,0.18094027,0.0,0.060240857,0.0,0.0,0.0,0.2523647,0.0,0.0
0,0,0.5064542,0.18094027,0.0,0.060240857,0.0,0.0,0.0,0.2523647,0.0,0.0
0,0,0.5064542,0.18094027,0.0,0.060240857,0.0,0.0,0.0,0.2523647,0.0,0.0
0,0,0.5064542,0.18094027,0.0,0.060240857,0.0,0.0,0.0,0.2523647,0.0,0.0
0,0,0.5064542,0.18094027,0.0,0.060240857,0.0,0.0,0.0,0.2523647,0.0,0.0
0,0,0.5064542,0.18094027,0.0,0.060240857,0.0,0.0,0.0,0.2523647,0.0,0.0
0,0,0.5064542,0.18094027,0.0,0.060240857,0.0,0.0,0.0,0.2523647,0.0,0.0
0,0,0.4406178,0.18094027,0.06583643,0.060240857,0.0,0.0,0.0,0.2523647,0.0,0.0
0,0,0.4406178,0.18094027,0.06583643,0.060240857,0.0,0.0,0.0,0.2523647,0.0,0.0
0,0,0.4406178,0.18094027,0.06583643,0.060240857,0.0,0.0,0.0,0.2523647,0.0,0.0
0,0,0.4406178,0.18094027,0.06583643,0.060240857,0.0,0.0,0.0,0.2523647,0.0,0.0
0,0,0.4406178,0.18094027,0.06583643,0.060240857,0.0,0.0,0.0,0.2523647,0.0,0.0
0,0,0.4406178,0.18094027,0.06583643,0.060240857,0.0,0.0,0.0,0.2523647,0.0,0.0
0,0,0.4406178,0.18094027,0.06583643,0.060240857,0.0,0.0,0.0,0.2523647,0.0,0.0
0,0,0.4406178,0.18094027,0.06583643,0.060240857,0.0,0.0,0.0,0.2523647,0.0,0.0
0,0,0.4406178,0.18094027,0.06583643,0.060240857,0.0,0.0,0.0,0.2523647,0.0,0.0
0,0,0.4406178,0.18094027,0.06583643,0.060240857,0.0,0.0,0.0,0.2523647,0.0,0.0
0,0,0.4406178,0.18094027,0.06583643,0.060240857,0.0,0.0,0.0,0.2523647,0.0,0.0
0,0,0.4406178,0.18094027,0.06583643,0.060240857,0.0,0.0,0.0,0.2523647,0.0,0.0
0,7,0.30580348,0.24862598,0.06583642,0.060240854,0.0,0.0,0.0,0.31949326,0.0,0.0
0,7,0.30580348,0.24862598,0.06583642,0.060240854,0.0,0.0,0.0,0.31949326,0.0,0.0
0,7,0.2433815,0.24862598,0.06583642,0.060240854,0.0,0.0,0.0,0.38191527,0.0,0.0
0,7,0.2433815,0.24862598,0.06583642,0.060240854,0.0,0.0,0.0,0.38191527,0.0,0.0
0,7,0.2433815,0.24862598,0.06583642,0.060240854,0.0,0.0,0.0,0.38191527,0.0,0.0
0,7,0.2433815,0.24862598,0.06583642,0.060240854,0.0,0.0,0.0,0.38191527,0.0,0.0
0,7,0.2433815,0.24862598,0.06583642,0.060240854,0.0,0.0,0.0,0.38191527,0.0,0.0
0,7,0.2433815,0.24862598,0.06583642,0.060240854,0.0,0.0,0.0,0.38191527,0.0,0.0
0,7,0.2433815,0.24862598,0.06583642,0.060240854,0.0,0.0,0.0,0.38191527,0.0,0.0
0,7,0.2433815,0.24862598,0.06583642,0.060240854,0.0,0.0,0.0,0.38191527,0.0,0.0
0,7,0.2433815,0.24862598,0.06583642,0.060240854,0.0,0.0,0.0,0.38191527,0.0,0.0
0,7,0.2433815,0.24862598,0.06583642,0.060240854,0.0,0.0,0.0,0.38191527,0.0,0.0
0,7,0.2433815,0.24862598,0.06583642,0.060240854,0.0,0.0,0.0,0.38191527,0.0,0.0
0,7,0.2433815,0.24862598,0.06583642,0.060240854,0.0,0.0,0.0,0.38191527,0.0,0.0
0,7,0.2433815,0.24862598,0.06583642,0.060240854,0.0,0.0,0.0,0.38191527,0.0,0.0
0,7,0.2433815,0.24862598,0.06583642,0.060240854,0.0,0.0,0.0,0.38191527,0.0,0.0
0,7,0.2433815,0.24862598,0.06583642,0.060240854,0.0,0.0,0.0,0.38191527,0.0,0.0
0,7,0.2433815,0.24862598,0.06583642,0.060240854,0.0,0.0,0.0,0.38191527,0.0,0.0
0,7,0.2433815,0.24862598,0.06583642,0.060240854,0.0,0.0,0.0,0.38191527,0.0,0.0
0,7,0.2433815,0.24862598,0.06583642,0.060240854,0.0,0.0,0.0,0.38191527,0.0,0.0
0,7,0.2433815,0.24862598,0.06583642,0.060240854,0.0,0.0,0.0,0.38191527,0.0,0.0
0,7,0.2433815,0.24862598,0.06583642,0.060240854,0.0,0.0,0.0,0.38191527,0.0,0.0
0,7,0.2433815,0.24862598,0.06583642,0.060240854,0.0,0.0,0.0,0.38191527,0.0,0.0
0,7,0.2433815,0.24862598,0.06583642,0.060240854,0.0,0.0,0.0,0.38191527,0.0,0.0
0,7,0.18432263,0.24862598,0.06583642,0.060240854,0.0,0.0,0.0,0.44097415,0.0,0.0
0,7,0.18432263,0.24862598,0.06583642,0.060240854,0.0,0.0,0.0,0.44097415,0.0,0.0
0,7,0.18432263,0.24862598,0.06583642,0.060240854,0.0,0.0,0.0,0.44097415,0.0,0.0
0,7,0.18432263,0.24862598,0.06583642,0.060240854,0.0,0.0,0.0,0.44097415,0.0,0.0
0,7,0.18432263,0.24862598,0.06583642,0.060240854,0.0,0.0,0.0,0.44097415,0.0,0.0
0,7,0.18432263,0.24862598,0.06583642,0.060240854,0.0,0.0,0.0,0.44097415,0.0,0.0
0,7,0.18432263,0.24862598,0.06583642,0.060240854,0.0,0.0,0.0,0.44097415,0.0,0.0
0,7,0.18432263,0.24862598,0.06583642,0.060240854,0.0,0.0,0.0,0.44097415,0.0,0.0
0,7,0.18432263,0.24862598,0.06583642,0.060240854,0.0,0.0,0.0,0.44097415,0.0,0.0
0,7,0.18432263,0.24862598,0.06583642,0.060240854,0.0,0.0,0.0,0.44097415,0.0,0.0
0,7,0.18432263,0.24862598,0.06583642,0.060240854,0.0,0.0,0.0,0.44097415,0.0,0.0
0,7,0.18432263,0.24862598,0.06583642,0.060240854,0.0,0.0,0.0,0.44097415,0.0,0.0
0,7,0.18432263,0.24862598,0.06583642,0.060240854,0.0,0.0,0.0,0.44097415,0.0,0.0
0,7,0.18432263,0.24862598,0.06583642,0.060240854,0.0,0.0,0.0,0.44097415,0.0,0.0
4,7,0.18432263,0.24862598,0.06583642,0.060240854,0.0,0.0,0.0,0.44097415,0.0,0.0
4,7,0.18432263,0.24862598,0.06583642,0.060240854,0.0,0.0,0.0,0.44097415,0.0,0.0
4,7,0.18432263,0.24862598,0.06583642,0.060240854,0.0,0.0,0.0,0.44097415,0.0,0.0
4,7,0.18432263,0.24862598,0.06583642,0.060240854,0.0,0.0,0.0,0.44097415,0.0,0.0
4,7,0.18432263,0.24862598,0.06583642,0.060240854,0.0,0.0,0.0,0.44097415,0.0,0.0
4,7,0.18432263,0.24862598,0.06583642,0.060240854,0.0,0.0,0.0,0.44097415,0.0,0.0
4,7,0.18432263,0.24862598,0.06583642,0.060240854,0.0,0.0,0.0,0.44097415,0.0,0.0
4,7,0.18432263,0.24862598,0.06583642,0.060240854,0.0,0.0,0.0,0.44097415,0.0,0.0
4,7,0.18432263,0.24862598,0.06583642,0.060240854,0.0,0.0,0.0,0.44097415,0.0,0.0
4,7,0.18432263,0.24862598,0.06583642,0.060240854,0.0,0.0,0.0,0.44097415,0.0,0.0
4,7,0.18432263,0.24862598,0.06583642,0.060240854,0.0,0.0,0.0,0.44097415,0.0,0.0
4,7,0.18432263,0.24862598,0.06583642,0.060240854,0.0,0.0,0.0,0.44097415,0.0,0.0
4,7,0.18432263,0.24862598,0.06583642,0.060240854,0.0,0.0,0.0,0.44097415,0.0,0.0
4,7,0.18432263,0.24862598,0.06583642,0.060240854,0.0,0.0,0.0,0.44097415,0.0,0.0
4,7,0.18432263,0.24862598,0.06583642,0.060240854,0.0,0.0,0.0,0.44097415,0.0,0.0
4,7,0.18432263,0.24862598,0.06583642,0.060240854,0.0,0.0,0.0,0.44097415,0.0,0.0
4,7,0.18432263,0.24862598,0.06583642,0.060240854,0.0,0.0,0.0,0.44097415,0.0,0.0
4,7,0.18432263,0.24862598,0.06583642,0.060240854,0.0,0.0,0.0,0.44097415,0.0,0.0
4,7,0.18432263,0.24862598,0.06583642,0.060240854,0.0,0.0,0.0,0.44097415,0.0,0.0
4,7,0.18432263,0.24862598,0.06583642,0.060240854,0.0,0.0,0.0,0.44097415,0.0,0.0
4,7,0.18432263,0.24862598,0.06583642,0.060240854,0.0,0.0,0.0,0.44097415,0.0,0.0
4,7,0.18432263,0.24862598,0.06583642,0.060240854,0.0,0.0,0.0,0.44097415,0.0,0.0
4,7,0.18432263,0.18843363,0.06583642,0.060240854,0.0,0.0,0.0,0.5011665,0.0,0.0
4,7,0.18432263,0.18843363,0.06583642,0.060240854,0.0,0.0,0.0,0.5011665,0.0,0.0
4,7,0.18432263,0.18843363,0.06583642,0.060240854,0.0,0.0,0.0,0.5011665,0.0,0.0
4,7,0.18432263,0.18843363,0.06583642,0.060240854,0.0,0.0,0.0,0.5011665,0.0,0.0
4,7,0.120032795,0.18843363,0.06583642,0.060240854,0.0,0.0,0.0,0.5654563,0.0,0.0
4,7,0.120032795,0.18843363,0.06583642,0.060240854,0.0,0.0,0.0,0.5654563,0.0,0.0
4,7,0.120032795,0.18843363,0.06583642,0.060240854,0.0,0.0,0.0,0.5654563,0.0,0.0
4,7,0.120032795,0.18843363,0.06583642,0.060240854,0.0,0.0,0.0,0.5654563,0.0,0.0
4,7,0.120032795,0.18843363,0.06583642,0.060240854,0.0,0.0,0.0,0.5654563,0.0,0.0
4,7,0.120032795,0.18843363,0.06583642,0.060240854,0.0,0.0,0.0,0.5654563,0.0,0.0
4,7,0.120032795,0.18843363,0.06583642,0.060240854,0.0,0.0,0.0,0.5654563,0.0,0.0
4,7,0.120032795,0.18843363,0.06583642,0.060240854,0.0,0.0,0.0,0.5654563,0.0,0.0
4,7,0.120032795,0.18843363,0.06583642,0.060240854,0.0,0.0,0.0,0.5654563,0.0,0.0
4,7,0.120032795,0.18843363,0.06583642,0.060240854,0.0,0.0,0.0,0.5654563,0.0,0.0
4,7,0.120032795,0.18843363,0.06583642,0.060240854,0.0,0.0,0.0,0.5654563,0.0,0.0
4,7,0.120032795,0.18843363,0.06583642,0.060240854,0.0,0.0,0.0,0.5654563,0.0,0.0
4,7,0.120032795,0.18843363,0.06583642,0.060240854,0.0,0.0,0.0,0.5654563,0.0,0.0
4,7,0.120032795,0.18843363,0.06583642,0.060240854,0.0,0.0,0.0,0.5654563,0.0,0.0
4,7,0.120032795,0.18843363,0.06583642,0.060240854,0.0,0.0,0.0,0.5654563,0.0,0.0
4,7,0.120032795,0.18843363,0.06583642,0.060240854,0.0,0.0,0.0,0.5654563,0.0,0.0
4,7,0.059560057,0.12773718,0.06583642,0.060240854,0.0,0.0,0.0,0.6866255,0.0,0.0
4,7,0.059560057,0.12773718,0.06583642,0.060240854,0.0,0.0,0.0,0.6866255,0.0,0.0
4,7,0.059560057,0.12773718,0.06583642,0.060240854,0.0,0.0,0.0,0.6866255,0.0,0.0
4,7,0.059560057,0.12773718,0.06583642,0.060240854,0.0,0.0,0.0,0.6866255,0.0,0.0
4,7,0.059560057,0.12773718,0.06583642,0.060240854,0.0,0.0,0.0,0.6866255,0.0,0.0
4,7,0.059560057,0.12773718,0.06583642,0.060240854,0.0,0.0,0.0,0.6866255,0.0,0.0
4,7,0.059560057,0.12773718,0.06583642,0.060240854,0.0,0.0,0.0,0.6866255,0.0,0.0
4,7,0.059560057,0.12773718,0.06583642,0.060240854,0.0,0.0,0.0,0.6866255,0.0,0.0
4,7,0.059560057,0.12773718,0.06583642,0.060240854,0.0,0.0,0.0,0.6866255,0.0,0.0
4,7,0.059560057,0.12773718,0.06583642,0.060240854,0.0,0.0,0.0,0.6866255,0.0,0.0
4,7,0.059560057,0.12773718,0.06583642,0.060240854,0.0,0.0,0.0,0.6866255,0.0,0.0
4,7,0.059560057,0.12773718,0.06583642,0.060240854,0.0,0.0,0.0,0.6866255,0.0,0.0
4,7,0.059560057,0.067685716,0.06583642,0.060240854,0.0,0.0,0.0,0.7466769,0.0,0.0
4,7,0.059560057,0.067685716,0.06583642,0.060240854,0.0,0.0,0.0,0.7466769,0.0,0.0
4,7,0.059560057,0.067685716,0.06583642,0.060240854,0.0,0.0,0.0,0.7466769,0.0,0.0
4,7,0.059560057,0.067685716,0.06583642,0.060240854,0.0,0.0,0.0,0.7466769,0.0,0.0
4,7,0.059560057,0.067685716,0.06583642,0.060240854,0.0,0.0,0.0,0.7466769,0.0,0.0
4,7,0.059560057,0.067685716,0.06583642,0.060240854,0.0,0.0,0.0,0.7466769,0.0,0.0
4,7,0.059560057,0.067685716,0.06583642,0.060240854,0.0,0.0,0.0,0.7466769,0.0,0.0
4,7,0.059560057,0.067685716,0.06583642,0.060240854,0.0,0.0,0.0,0.7466769,0.0,0.0
4,7,0.059560057,0.067685716,0.06583642,0.060240854,0.0,0.0,0.0,0.7466769,0.0,0.0
4,7,0.059560057,0.067685716,0.06583642,0.060240854,0.0,0.0,0.0,0.7466769,0.0,0.0
4,7,0.059560057,0.067685716,0.0,0.060240854,0.0,0.0,0.0,0.81251335,0.0,0.0
4,7,0.059560057,0.067685716,0.0,0.060240854,0.0,0.0,0.0,0.81251335,0.0,0.0
4,7,0.059560057,0.067685716,0.0,0.060240854,0.0,0.0,0.0,0.81251335,0.0,0.0
4,7,0.059560057,0.067685716,0.0,0.060240854,0.0,0.0,0.0,0.81251335,0.0,0.0
4,7,0.059560057,0.067685716,0.0,0.060240854,0.0,0.0,0.0,0.81251335,0.0,0.0
4,7,0.059560057,0.067685716,0.0,0.060240854,0.0,0.0,0.0,0.81251335,0.0,0.0
4,7,0.059560057,0.067685716,0.0,0.060240854,0.0,0.0,0.0,0.81251335,0.0,0.0
4,7,0.059560057,0.067685716,0.0,0.060240854,0.0,0.0,0.0,0.81251335,0.0,0.0
4,7,0.059560057,0.067685716,0.0,0.060240854,0.0,0.0,0.0,0.81251335,0.0,0.0
4,7,0.059560057,0.067685716,0.0,0.060240854,0.0,0.0,0.0,0.81251335,0.0,0.0
4,7,0.059560057,0.067685716,0.0,0.060240854,0.0,0.0,0.0,0.81251335,0.0,0.0
4,7,0.059560057,0.067685716,0.0,0.060240854,0.0,0.0,0.0,0.81251335,0.0,0.0
4,7,0.059560057,0.067685716,0.0,0.060240854,0.0,0.0,0.0,0.81251335,0.0,0.0
4,7,0.059560057,0.067685716,0.0,0.060240854,0.0,0.0,0.0,0.81251335,0.0,0.0
4,7,0.059560057,0.067685716,0.0,0.060240854,0.0,0.0,0.0,0.81251335,0.0,0.0
4,7,0.059560057,0.067685716,0.0,0.060240854,0.0,0.0,0.0,0.81251335,0.0,0.0
4,7,0.059560057,0.067685716,0.0,0.060240854,0.0,0.0,0.0,0.81251335,0.0,0.0
4,7,0.059560057,0.067685716,0.0,0.060240854,0.0,0.0,0.0,0.81251335,0.0,0.0
4,7,0.059560057,0.067685716,0.0,0.060240854,0.0,0.0,0.0,0.81251335,0.0,0.0
4,7,0.059560057,0.067685716,0.0,0.060240854,0.0,0.0,0.0,0.81251335,0.0,0.0
4,7,0.059560057,0.067685716,0.0,0.060240854,0.0,0.0,0.0,0.81251335,0.0,0.0
4,7,0.059560057,0.067685716,0.0,0.060240854,0.0,0.0,0.0,0.81251335,0.0,0.0
4,7,0.059560057,0.067685716,0.0,0.060240854,0.0,0.0,0.0,0.81251335,0.0,0.0
4,7,0.059560057,0.067685716,0.0,0.060240854,0.0,0.0,0.0,0.81251335,0.0,0.0
4,7,0.059560057,0.067685716,0.0,0.060240854,0.0,0.0,0.0,0.81251335,0.0,0.0
4,7,0.059560057,0.067685716,0.0,0.060240854,0.0,0.0,0.0,0.81251335,0.0,0.0
4,7,0.059560057,0.067685716,0.0,0.060240854,0.0,0.0,0.0,0.81251335,0.0,0.0
4,7,0.059560057,0.067685716,0.0,0.060240854,0.0,0.0,0.0,0.81251335,0.0,0.0
4,7,0.059560057,0.067685716,0.0,0.060240854,0.0,0.0,0.0,0.81251335,0.0,0.0
4,7,0.059560057,0.067685716,0.0,0.060240854,0.0,0.0,0.0,0.81251335,0.0,0.0
4,7,0.059560057,0.067685716,0.0,0.060240854,0.0,0.0,0.0,0.81251335,0.0,0.0
4,7,0.059560057,0.067685716,0.0,0.060240854,0.0,0.0,0.0,0.81251335,0.0,0.0
4,7,0.059560057,0.067685716,0.0,0.060240854,0.0,0.0,0.0,0.81251335,0.0,0.0
4,7,0.059560057,0.067685716,0.0,0.060240854,0.0,0.0,0.0,0.81251335,0.0,0.0
4,7,0.059560057,0.067685716,0.0,0.060240854,0.0,0.0,0.0,0.81251335,0.0,0.0
4,7,0.059560057,0.067685716,0.0,0.060240854,0.0,0.0,0.0,0.81251335,0.0,0.0
4,7,0.059560057,0.067685716,0.0,0.060240854,0.0,0.0,0.0,0.81251335,0.0,0.0
4,7,0.059560057,0.067685716,0.0,0.060240854,0.0,0.0,0.0,0.81251335,0.0,0.0
4,7,0.059560057,0.067685716,0.0,0.060240854,0.0,0.0,0.0,0.81251335,0.0,0.0
4,7,0.059560057,0.067685716,0.0,0.060240854,0.0,0.0,0.0,0.81251335,0.0,0.0
4,7,0.059560057,0.067685716,0.0,0.060240854,0.0,0.0,0.0,0.81251335,0.0,0.0
4,7,0.059560057,0.067685716,0.0,0.060240854,0.0,0.0,0.0,0.81251335,0.0,0.0
4,7,0.059560057,0.067685716,0.0,0.060240854,0.0,0.0,0.0,0.81251335,0.0,0.0
4,7,0.059560057,0.067685716,0.0,0.060240854,0.0,0.0,0.0,0.81251335,0.0,0.0
4,7,0.059560057,0.067685716,0.0,0.060240854,0.0,0.0,0.0,0.81251335,0.0,0.0
4,7,0.059560057,0.067685716,0.0,0.060240854,0.0,0.0,0.0,0.81251335,0.0,0.0
4,7,0.059560057,0.067685716,0.0,0.060240854,0.0,0.0,0.0,0.81251335,0.0,0.0
4,7,0.059560057,0.067685716,0.0,0.060240854,0.0,0.0,0.0,0.81251335,0.0,0.0
4,7,0.059560057,0.067685716,0.0,0.060240854,0.0,0.0,0.0,0.81251335,0.0,0.0
4,7,0.059560057,0.067685716,0.0,0.060240854,0.0,0.0,0.0,0.81251335,0.0,0.0
4,7,0.059560057,0.067685716,0.0,0.060240854,0.0,0.0,0.0,0.81251335,0.0,0.0
4,7,0.059560057,0.067685716,0.0,0.060240854,0.0,0.0,0.0,0.81251335,0.0,0.0
4,7,0.059560057,0.067685716,0.0,0.060240854,0.0,0.0,0.0,0.81251335,0.0,0.0
4,7,0.059560057,0.067685716,0.0,0.060240854,0.0,0.0,0.0,0.81251335,0.0,0.0
4,7,0.059560057,0.067685716,0.0,0.060240854,0.0,0.0,0.0,0.81251335,0.0,0.0
4,7,0.059560057,0.067685716,0.0,0.060240854,0.0,0.0,0.0,0.81251335,0.0,0.0
4,7,0.059560057,0.067685716,0.0,0.060240854,0.0,0.0,0.0,0.81251335,0.0,0.0
4,7,0.059560057,0.067685716,0.0,0.060240854,0.0,0.0,0.0,0.81251335,0.0,0.0
4,7,0.059560057,0.0,0.0,0.060240854,0.0,0.0,0.0,0.8801991,0.0,0.0
4,7,0.059560057,0.0,0.0,0.060240854,0.0,0.0,0.0,0.8801991,0.0,0.0
4,7,0.059560057,0.0,0.0,0.060240854,0.0,0.0,0.0,0.8801991,0.0,0.0
4,7,0.059560057,0.0,0.0,0.060240854,0.0,0.0,0.0,0.8801991,0.0,0.0
4,7,0.059560057,0.0,0.0,0.060240854,0.0,0.0,0.0,0.8801991,0.0,0.0
4,7,0.059560057,0.0,0.0,0.060240854,0.0,0.0,0.0,0.8801991,0.0,0.0
4,7,0.059560057,0.0,0.0,0.060240854,0.0,0.0,0.0,0.8801991,0.0,0.0
4,7,0.059560057,0.0,0.0,0.060240854,0.0,0.0,0.0,0.8801991,0.0,0.0
4,7,0.059560057,0.0,0.0,0.060240854,0.0,0.0,0.0,0.8801991,0.0,0.0
4,7,0.059560057,0.0,0.0,0.060240854,0.0,0.0,0.0,0.8801991,0.0,0.0
4,7,0.059560057,0.0,0.0,0.060240854,0.0,0.0,0.0,0.8801991,0.0,0.0
4,7,0.059560057,0.0,0.0,0.060240854,0.0,0.0,0.0,0.8801991,0.0,0.0
4,7,0.059560057,0.0,0.0,0.060240854,0.0,0.0,0.0,0.8801991,0.0,0.0
4,7,0.059560057,0.0,0.0,0.060240854,0.0,0.0,0.0,0.8801991,0.0,0.0
4,7,0.059560057,0.0,0.0,0.0,0.0,0.0,0.0,0.94043994,0.0,0.0
4,7,0.059560057,0.0,0.0,0.0,0.0,0.0,0.0,0.94043994,0.0,0.0
4,7,0.0,0.0,0.0,0.0,0.0,0.0,0.0,1.0,0.0,0.0
4,7,0.0,0.0,0.0,0.0,0.0,0.0,0.0,1.0,0.0,0.0
4,7,0.0,0.0,0.0,0.0,0.0,0.0,0.0,1.0,0.0,0.0
4,7,0.0,0.0,0.0,0.0,0.0,0.0,0.0,1.0,0.0,0.0
4,7,0.0,0.0,0.0,0.0,0.0,0.0,0.0,1.0,0.0,0.0
4,7,0.0,0.0,0.0,0.0,0.0,0.0,0.0,1.0,0.0,0.0
4,7,0.0,0.0,0.0,0.0,0.0,0.0,0.0,1.0,0.0,0.0
4,7,0.0,0.0,0.0,0.0,0.0,0.0,0.0,1.0,0.0,0.0
4,7,0.0,0.0,0.0,0.0,0.0,0.0,0.0,1.0,0.0,0.0
4,7,0.0,0.0,0.0,0.0,0.0,0.0,0.0,1.0,0.0,0.0
4,7,0.0,0.0,0.0,0.0,0.0,0.0,0.0,1.0,0.0,0.0
4,7,0.0,0.0,0.0,0.0,0.0,0.0,0.0,1.0,0.0,0.0
4,7,0.0,0.0,0.0,0.0,0.0,0.0,0.0,1.0,0.0,0.0
4,7,0.0,0.0,0.0,0.0,0.0,0.0,0.0,1.0,0.0,0.0
4,7,0.0,0.0,0.0,0.0,0.0,0.0,0.0,1.0,0.0,0.0
4,7,0.0,0.0,0.0,0.0,0.0,0.0,0.0,1.0,0.0,0.0
4,7,0.0,0.0,0.0,0.0,0.0,0.0,0.0,1.0,0.0,0.0
4,7,0.0,0.0,0.0,0.0,0.0,0.0,0.0,1.0,0.0,0.0
4,7,0.0,0.0,0.0,0.0,0.0,0.0,0.0,1.0,0.0,0.0
4,7,0.0,0.0,0.0,0.0,0.0,0.0,0.0,1.0,0.0,0.0
4,7,0.0,0.0,0.0,0.0,0.0,0.0,0.0,1.0,0.0,0.0
4,7,0.0,0.0,0.0,0.0,0.0,0.0,0.0,1.0,0.0,0.0
4,7,0.0,0.0,0.0,0.0,0.0,0.0,0.0,1.0,0.0,0.0
4,7,0.0,0.0,0.0,0.0,0.0,0.0,0.0,1.0,0.0,0.0
4,7,0.0,0.0,0.0,0.0,0.0,0.0,0.0,1.0,0.0,0.0
4,7,0.0,0.0,0.0,0.0,0.0,0.0,0.0,1.0,0.0,0.0
4,7,0.0,0.0,0.0,0.0,0.0,0.0,0.0,1.0,0.0,0.0
4,7,0.0,0.0,0.0,0.0,0.0,0.0,0.0,1.0,0.0,0.0
4,7,0.0,0.0,0.0,0.0,0.0,0.0,0.0,1.0,0.0,0.0
4,7,0.0,0.0,0.0,0.0,0.0,0.0,0.0,1.0,0.0,0.0
4,7,0.0,0.0,0.0,0.0,0.0,0.0,0.0,1.0,0.0,0.0
4,7,0.0,0.0,0.0,0.0,0.0,0.0,0.0,1.0,0.0,0.0
4,7,0.0,0.0,0.0,0.0,0.0,0.0,0.0,1.0,0.0,0.0
4,7,0.0,0.0,0.0,0.0,0.0,0.0,0.0,1.0,0.0,0.0
4,7,0.0,0.0,0.0,0.0,0.0,0.0,0.0,1.0,0.0,0.0
4,7,0.0,0.0,0.0,0.0,0.0,0.0,0.0,1.0,0.0,0.0
4,7,0.0,0.0,0.0,0.0,0.0,0.0,0.0,1.0,0.0,0.0
4,7,0.0,0.0,0.0,0.0,0.0,0.0,0.0,1.0,0.0,0.0
4,7,0.0,0.0,0.0,0.0,0.0,0.0,0.0,1.0,0.0,0.0
4,7,0.0,0.0,0.0,0.0,0.0,0.0,0.0,1.0,0.0,0.0
4,7,0.0,0.0,0.0,0.0,0.0,0.0,0.0,1.0,0.0,0.0
4,7,0.0,0.0,0.0,0.0,0.0,0.0,0.0,1.0,0.0,0.0
4,7,0.0,0.0,0.0,0.0,0.0,0.0,0.0,1.0,0.0,0.0
4,7,0.0,0.0,0.0,0.0,0.0,0.0,0.0,1.0,0.0,0.0
4,7,0.0,0.0,0.0,0.0,0.0,0.0,0.0,1.0,0.0,0.0
4,7,0.0,0.0,0.0,0.0,0.0,0.0,0.0,1.0,0.0,0.0
4,7,0.0,0.0,0.0,0.0,0.0,0.0,0.0,1.0,0.0,0.0
4,7,0.0,0.0,0.0,0.0,0.0,0.0,0.0,1.0,0.0,0.0
4,7,0.0,0.0,0.0,0.0,0.0,0.0,0.0,1.0,0.0,0.0
4,7,0.0,0.0,0.0,0.0,0.0,0.0,0.0,1.0,0.0,0.0
4,7,0.0,0.0,0.0,0.0,0.0,0.0,0.0,1.0,0.0,0.0
4,7,0.0,0.0,0.0,0.0,0.0,0.0,0.0,1.0,0.0,0.0
4,7,0.0,0.0,0.0,0.0,0.0,0.0,0.0,1.0,0.0,0.0
4,7,0.0,0.0,0.0,0.0,0.0,0.0,0.0,1.0,0.0,0.0
4,7,0.0,0.0,0.0,0.0,0.0,0.0,0.0,1.0,0.0,0.0
4,7,0.0,0.0,0.0,0.0,0.0,0.0,0.0,1.0,0.0,0.0
4,7,0.0,0.0,0.0,0.0,0.0,0.0,0.0,1.0,0.0,0.0
4,7,0.0,0.0,0.0,0.0,0.0,0.0,0.0,1.0,0.0,0.0
4,7,0.0,0.0,0.0,0.0,0.0,0.0,0.0,1.0,0.0,0.0
4,7,0.0,0.0,0.0,0.0,0.0,0.0,0.0,1.0,0.0,0.0
4,7,0.0,0.0,0.0,0.0,0.0,0.0,0.0,1.0,0.0,0.0
4,7,0.0,0.0,0.0,0.0,0.0,0.0,0.0,1.0,0.0,0.0
4,7,0.0,0.0,0.0,0.0,0.0,0.0,0.0,1.0,0.0,0.0
4,7,0.0,0.0,0.0,0.0,0.0,0.0,0.0,1.0,0.0,0.0
4,7,0.0,0.0,0.0,0.0,0.0,0.0,0.0,1.0,0.0,0.0
4,7,0.0,0.0,0.0,0.0,0.0,0.0,0.0,1.0,0.0,0.0
4,7,0.0,0.0,0.0,0.0,0.0,0.0,0.0,1.0,0.0,0.0
4,7,0.0,0.0,0.0,0.0,0.0,0.0,0.0,1.0,0.0,0.0
4,7,0.0,0.0,0.0,0.0,0.0,0.0,0.0,1.0,0.0,0.0
4,7,0.0,0.0,0.0,0.0,0.0,0.0,0.0,1.0,0.0,0.0
4,7,0.0,0.0,0.0,0.0,0.0,0.0,0.0,1.0,0.0,0.0
4,7,0.0,0.0,0.0,0.0,0.0,0.0,0.0,1.0,0.0,0.0
4,7,0.0,0.0,0.0,0.0,0.0,0.0,0.0,1.0,0.0,0.0
4,7,0.0,0.0,0.0,0.0,0.0,0.0,0.0,1.0,0.0,0.0
4,7,0.0,0.0,0.0,0.0,0.0,0.0,0.0,1.0,0.0,0.0
4,7,0.0,0.0,0.0,0.0,0.0,0.0,0.0,1.0,0.0,0.0
4,7,0.0,0.0,0.0,0.0,0.0,0.0,0.0,1.0,0.0,0.0
4,7,0.0,0.0,0.0,0.0,0.0,0.0,0.0,1.0,0.0,0.0
4,7,0.0,0.0,0.0,0.0,0.0,0.0,0.0,1.0,0.0,0.0
4,7,0.0,0.0,0.0,0.0,0.0,0.0,0.0,1.0,0.0,0.0
4,7,0.0,0.0,0.0,0.0,0.0,0.0,0.0,1.0,0.0,0.0
4,7,0.0,0.0,0.0,0.0,0.0,0.0,0.0,1.0,0.0,0.0
4,7,0.0,0.0,0.0,0.0,0.0,0.0,0.0,1.0,0.0,0.0
4,7,0.0,0.0,0.0,0.0,0.0,0.0,0.0,1.0,0.0,0.0
4,7,0.0,0.0,0.0,0.0,0.0,0.0,0.0,1.0,0.0,0.0
4,7,0.0,0.0,0.0,0.0,0.0,0.0,0.0,1.0,0.0,0.0
4,7,0.0,0.0,0.0,0.0,0.0,0.0,0.0,1.0,0.0,0.0
4,7,0.0,0.0,0.0,0.0,0.0,0.0,0.0,1.0,0.0,0.0
4,7,0.0,0.0,0.0,0.0,0.0,0.0,0.0,1.0,0.0,0.0
4,7,0.0,0.0,0.0,0.0,0.0,0.0,0.0,1.0,0.0,0.0
4,7,0.0,0.0,0.0,0.0,0.0,0.0,0.0,1.0,0.0,0.0
4,7,0.0,0.0,0.0,0.0,0.0,0.0,0.0,1.0,0.0,0.0
4,7,0.0,0.0,0.0,0.0,0.0,0.0,0.0,1.0,0.0,0.0
4,7,0.0,0.0,0.0,0.0,0.0,0.0,0.0,1.0,0.0,0.0
4,7,0.0,0.0,0.0,0.0,0.0,0.0,0.0,1.0,0.0,0.0
4,7,0.0,0.0,0.0,0.0,0.0,0.0,0.0,1.0,0.0,0.0
4,7,0.0,0.0,0.0,0.0,0.0,0.0,0.0,1.0,0.0,0.0
4,7,0.0,0.0,0.0,0.0,0.0,0.0,0.0,1.0,0.0,0.0
4,7,0.0,0.0,0.0,0.0,0.0,0.0,0.0,1.0,0.0,0.0
4,7,0.0,0.0,0.0,0.0,0.0,0.0,0.0,1.0,0.0,0.0
4,7,0.0,0.0,0.0,0.0,0.0,0.0,0.0,1.0,0.0,0.0
4,7,0.0,0.0,0.0,0.0,0.0,0.0,0.0,1.0,0.0,0.0
4,7,0.0,0.0,0.0,0.0,0.0,0.0,0.0,1.0,0.0,0.0
4,7,0.0,0.0,0.0,0.0,0.0,0.0,0.0,1.0,0.0,0.0
4,7,0.0,0.0,0.0,0.0,0.0,0.0,0.0,1.0,0.0,0.0
4,7,0.0,0.0,0.0,0.0,0.0,0.0,0.0,1.0,0.0,0.0
4,7,0.0,0.0,0.0,0.0,0.0,0.0,0.0,1.0,0.0,0.0
4,7,0.0,0.0,0.0,0.0,0.0,0.0,0.0,1.0,0.0,0.0
4,7,0.0,0.0,0.0,0.0,0.0,0.0,0.0,1.0,0.0,0.0
4,7,0.0,0.0,0.0,0.0,0.0,0.0,0.0,1.0,0.0,0.0
4,7,0.0,0.0,0.0,0.0,0.0,0.0,0.0,1.0,0.0,0.0
4,7,0.0,0.0,0.0,0.0,0.0,0.0,0.0,1.0,0.0,0.0
4,7,0.0,0.0,0.0,0.0,0.0,0.0,0.0,1.0,0.0,0.0
4,7,0.0,0.0,0.0,0.0,0.0,0.0,0.0,1.0,0.0,0.0
4,7,0.0,0.0,0.0,0.0,0.0,0.0,0.0,1.0,0.0,0.0
4,7,0.0,0.0,0.0,0.0,0.0,0.0,0.0,1.0,0.0,0.0
4,7,0.0,0.0,0.0,0.0,0.0,0.0,0.0,1.0,0.0,0.0
4,7,0.0,0.0,0.0,0.0,0.0,0.0,0.0,1.0,0.0,0.0
4,7,0.0,0.0,0.0,0.0,0.0,0.0,0.0,1.0,0.0,0.0
4,7,0.0,0.0,0.0,0.0,0.0,0.0,0.0,1.0,0.0,0.0
4,7,0.0,0.0,0.0,0.0,0.0,0.0,0.0,1.0,0.0,0.0
4,7,0.0,0.0,0.0,0.0,0.0,0.0,0.0,1.0,0.0,0.0
4,7,0.0,0.0,0.0,0.0,0.0,0.0,0.0,1.0,0.0,0.0
4,7,0.0,0.0,0.0,0.0,0.0,0.0,0.0,1.0,0.0,0.0
4,7,0.0,0.0,0.0,0.0,0.0,0.0,0.0,1.0,0.0,0.0
4,7,0.0,0.0,0.0,0.0,0.0,0.0,0.0,1.0,0.0,0.0
4,7,0.0,0.0,0.0,0.0,0.0,0.0,0.0,1.0,0.0,0.0
4,7,0.0,0.0,0.0,0.0,0.0,0.0,0.0,1.0,0.0,0.0
4,7,0.0,0.0,0.0,0.0,0.0,0.0,0.0,1.0,0.0,0.0
4,7,0.0,0.0,0.0,0.0,0.0,0.0,0.0,1.0,0.0,0.0
4,7,0.0,0.0,0.0,0.0,0.0,0.0,0.0,1.0,0.0,0.0
4,7,0.0,0.0,0.0,0.0,0.0,0.0,0.0,1.0,0.0,0.0
4,7,0.0,0.0,0.0,0.0,0.0,0.0,0.0,1.0,0.0,0.0
4,7,0.0,0.0,0.0,0.0,0.0,0.0,0.0,1.0,0.0,0.0
4,7,0.0,0.0,0.0,0.0,0.0,0.0,0.0,1.0,0.0,0.0
4,7,0.0,0.0,0.0,0.0,0.0,0.0,0.0,1.0,0.0,0.0
4,7,0.0,0.0,0.0,0.0,0.0,0.0,0.0,1.0,0.0,0.0
4,7,0.0,0.0,0.0,0.0,0.0,0.0,0.0,1.0,0.0,0.0
4,7,0.0,0.0,0.0,0.0,0.0,0.0,0.0,1.0,0.0,0.0
4,7,0.0,0.0,0.0,0.0,0.0,0.0,0.0,1.0,0.0,0.0
4,7,0.0,0.0,0.0,0.0,0.0,0.0,0.0,1.0,0.0,0.0
4,7,0.0,0.0,0.0,0.0,0.0,0.0,0.0,1.0,0.0,0.0
4,7,0.0,0.0,0.0,0.0,0.0,0.0,0.0,1.0,0.0,0.0
4,7,0.0,0.0,0.0,0.0,0.0,0.0,0.0,1.0,0.0,0.0
4,7,0.0,0.0,0.0,0.0,0.0,0.0,0.0,1.0,0.0,0.0
4,7,0.0,0.0,0.0,0.0,0.0,0.0,0.0,1.0,0.0,0.0
4,7,0.0,0.0,0.0,0.0,0.0,0.0,0.0,1.0,0.0,0.0
4,7,0.0,0.0,0.0,0.0,0.0,0.0,0.0,1.0,0.0,0.0
4,7,0.0,0.0,0.0,0.0,0.0,0.0,0.0,1.0,0.0,0.0
4,7,0.0,0.0,0.0,0.0,0.0,0.0,0.0,1.0,0.0,0.0
4,7,0.0,0.0,0.0,0.0,0.0,0.0,0.0,1.0,0.0,0.0
4,7,0.0,0.0,0.0,0.0,0.0,0.0,0.0,1.0,0.0,0.0
4,7,0.0,0.0,0.0,0.0,0.0,0.0,0.0,1.0,0.0,0.0
4,7,0.0,0.0,0.0,0.0,0.0,0.0,0.0,1.0,0.0,0.0
4,7,0.0,0.0,0.0,0.0,0.0,0.0,0.0,1.0,0.0,0.0
4,7,0.0,0.0,0.0,0.0,0.0,0.0,0.0,1.0,0.0,0.0
4,7,0.0,0.0,0.0,0.0,0.0,0.0,0.0,1.0,0.0,0.0
4,7,0.0,0.0,0.0,0.0,0.0,0.0,0.0,1.0,0.0,0.0
4,7,0.0,0.0,0.0,0.0,0.0,0.0,0.0,1.0,0.0,0.0
4,7,0.0,0.0,0.0,0.0,0.0,0.0,0.0,1.0,0.0,0.0
4,7,0.0,0.0,0.0,0.0,0.0,0.0,0.0,1.0,0.0,0.0
4,7,0.0,0.0,0.0,0.0,0.0,0.0,0.0,1.0,0.0,0.0
4,7,0.0,0.0,0.0,0.0,0.0,0.0,0.0,1.0,0.0,0.0
4,7,0.0,0.0,0.0,0.0,0.0,0.0,0.0,1.0,0.0,0.0
4,7,0.0,0.0,0.0,0.0,0.0,0.0,0.0,1.0,0.0,0.0
4,7,0.0,0.0,0.0,0.0,0.0,0.0,0.0,1.0,0.0,0.0
4,7,0.0,0.0,0.0,0.0,0.0,0.0,0.0,1.0,0.0,0.0
4,7,0.0,0.0,0.0,0.0,0.0,0.0,0.0,1.0,0.0,0.0
4,7,0.0,0.0,0.0,0.0,0.0,0.0,0.0,1.0,0.0,0.0
4,7,0.0,0.0,0.0,0.0,0.0,0.0,0.0,1.0,0.0,0.0
4,7,0.0,0.0,0.0,0.0,0.0,0.0,0.0,1.0,0.0,0.0
4,7,0.0,0.0,0.0,0.0,0.0,0.0,0.0,1.0,0.0,0.0
4,7,0.0,0.0,0.0,0.0,0.0,0.0,0.0,1.0,0.0,0.0
4,7,0.0,0.0,0.0,0.0,0.0,0.0,0.0,1.0,0.0,0.0
4,7,0.0,0.0,0.0,0.0,0.0,0.0,0.0,1.0,0.0,0.0
4,7,0.0,0.0,0.0,0.0,0.0,0.0,0.0,1.0,0.0,0.0
4,7,0.0,0.0,0.0,0.0,0.0,0.0,0.0,1.0,0.0,0.0
4,7,0.0,0.0,0.0,0.0,0.0,0.0,0.0,1.0,0.0,0.0
4,7,0.0,0.0,0.0,0.0,0.0,0.0,0.0,1.0,0.0,0.0
4,7,0.0,0.0,0.0,0.0,0.0,0.0,0.0,1.0,0.0,0.0
4,7,0.0,0.0,0.0,0.0,0.0,0.0,0.0,1.0,0.0,0.0
4,7,0.0,0.0,0.0,0.0,0.0,0.0,0.0,1.0,0.0,0.0
4,7,0.0,0.0,0.0,0.0,0.0,0.0,0.0,1.0,0.0,0.0
4,7,0.0,0.0,0.0,0.0,0.0,0.0,0.0,1.0,0.0,0.0
4,7,0.0,0.0,0.0,0.0,0.0,0.0,0.0,1.0,0.0,0.0
4,7,0.0,0.0,0.0,0.0,0.0,0.0,0.0,1.0,0.0,0.0
4,7,0.0,0.0,0.0,0.0,0.0,0.0,0.0,1.0,0.0,0.0
4,7,0.0,0.0,0.0,0.0,0.0,0.0,0.0,1.0,0.0,0.0
4,7,0.0,0.0,0.0,0.0,0.0,0.0,0.0,1.0,0.0,0.0
4,7,0.0,0.0,0.0,0.0,0.0,0.0,0.0,1.0,0.0,0.0
4,7,0.0,0.0,0.0,0.0,0.0,0.0,0.0,1.0,0.0,0.0
4,7,0.0,0.0,0.0,0.0,0.0,0.0,0.0,1.0,0.0,0.0
4,7,0.0,0.0,0.0,0.0,0.0,0.0,0.0,1.0,0.0,0.0
4,7,0.0,0.0,0.0,0.0,0.0,0.0,0.0,1.0,0.0,0.0
4,7,0.0,0.0,0.0,0.0,0.0,0.0,0.0,1.0,0.0,0.0
4,7,0.0,0.0,0.0,0.0,0.0,0.0,0.0,1.0,0.0,0.0
4,7,0.0,0.0,0.0,0.0,0.0,0.0,0.0,1.0,0.0,0.0
4,7,0.0,0.0,0.0,0.0,0.0,0.0,0.0,1.0,0.0,0.0
4,7,0.0,0.0,0.0,0.0,0.0,0.0,0.0,1.0,0.0,0.0
4,7,0.0,0.0,0.0,0.0,0.0,0.0,0.0,1.0,0.0,0.0
4,7,0.0,0.0,0.0,0.0,0.0,0.0,0.0,1.0,0.0,0.0
4,7,0.0,0.0,0.0,0.0,0.0,0.0,0.0,1.0,0.0,0.0
4,7,0.0,0.0,0.0,0.0,0.0,0.0,0.0,1.0,0.0,0.0
4,7,0.0,0.0,0.0,0.0,0.0,0.0,0.0,1.0,0.0,0.0
4,7,0.0,0.0,0.0,0.0,0.0,0.0,0.0,1.0,0.0,0.0
4,7,0.0,0.0,0.0,0.0,0.0,0.0,0.0,1.0,0.0,0.0
4,7,0.0,0.0,0.0,0.0,0.0,0.0,0.0,1.0,0.0,0.0
4,7,0.0,0.0,0.0,0.0,0.0,0.0,0.0,1.0,0.0,0.0
4,7,0.0,0.0,0.0,0.0,0.0,0.0,0.0,1.0,0.0,0.0
4,7,0.0,0.0,0.0,0.0,0.0,0.0,0.0,1.0,0.0,0.0
4,7,0.0,0.0,0.0,0.0,0.0,0.0,0.0,1.0,0.0,0.0
4,7,0.0,0.0,0.0,0.0,0.0,0.0,0.0,1.0,0.0,0.0
4,7,0.0,0.0,0.0,0.0,0.0,0.0,0.0,1.0,0.0,0.0
4,7,0.0,0.0,0.0,0.0,0.0,0.0,0.0,1.0,0.0,0.0
4,7,0.0,0.0,0.0,0.0,0.0,0.0,0.0,1.0,0.0,0.0
4,7,0.0,0.0,0.0,0.0,0.0,0.0,0.0,1.0,0.0,0.0
4,7,0.0,0.0,0.0,0.0,0.0,0.0,0.0,1.0,0.0,0.0
4,7,0.0,0.0,0.0,0.0,0.0,0.0,0.0,1.0,0.0,0.0
4,7,0.0,0.0,0.0,0.0,0.0,0.0,0.0,1.0,0.0,0.0
4,7,0.0,0.0,0.0,0.0,0.0,0.0,0.0,1.0,0.0,0.0
4,7,0.0,0.0,0.0,0.0,0.0,0.0,0.0,1.0,0.0,0.0
4,7,0.0,0.0,0.0,0.0,0.0,0.0,0.0,1.0,0.0,0.0
4,7,0.0,0.0,0.0,0.0,0.0,0.0,0.0,1.0,0.0,0.0
4,7,0.0,0.0,0.0,0.0,0.0,0.0,0.0,1.0,0.0,0.0
4,7,0.0,0.0,0.0,0.0,0.0,0.0,0.0,1.0,0.0,0.0
4,7,0.0,0.0,0.0,0.0,0.0,0.0,0.0,1.0,0.0,0.0
4,7,0.0,0.0,0.0,0.0,0.0,0.0,0.0,1.0,0.0,0.0
4,7,0.0,0.0,0.0,0.0,0.0,0.0,0.0,1.0,0.0,0.0
4,7,0.0,0.0,0.0,0.0,0.0,0.0,0.0,1.0,0.0,0.0
4,7,0.0,0.0,0.0,0.0,0.0,0.0,0.0,1.0,0.0,0.0
4,7,0.0,0.0,0.0,0.0,0.0,0.0,0.0,1.0,0.0,0.0
4,7,0.0,0.0,0.0,0.0,0.0,0.0,0.0,1.0,0.0,0.0
4,7,0.0,0.0,0.0,0.0,0.0,0.0,0.0,1.0,0.0,0.0
4,7,0.0,0.0,0.0,0.0,0.0,0.0,0.0,1.0,0.0,0.0
4,7,0.0,0.0,0.0,0.0,0.0,0.0,0.0,1.0,0.0,0.0
4,7,0.0,0.0,0.0,0.0,0.0,0.0,0.0,1.0,0.0,0.0
4,7,0.0,0.0,0.0,0.0,0.0,0.0,0.0,1.0,0.0,0.0
4,7,0.0,0.0,0.0,0.0,0.0,0.0,0.0,1.0,0.0,0.0
4,7,0.0,0.0,0.0,0.0,0.0,0.0,0.0,1.0,0.0,0.0
4,7,0.0,0.0,0.0,0.0,0.0,0.0,0.0,1.0,0.0,0.0
4,7,0.0,0.0,0.0,0.0,0.0,0.0,0.0,1.0,0.0,0.0
4,7,0.0,0.0,0.0,0.0,0.0,0.0,0.0,1.0,0.0,0.0
4,7,0.0,0.0,0.0,0.0,0.0,0.0,0.0,1.0,0.0,0.0
4,7,0.0,0.0,0.0,0.0,0.0,0.0,0.0,1.0,0.0,0.0
4,7,0.0,0.0,0.0,0.0,0.0,0.0,0.0,1.0,0.0,0.0
4,7,0.0,0.0,0.0,0.0,0.0,0.0,0.0,1.0,0.0,0.0
4,7,0.0,0.0,0.0,0.0,0.0,0.0,0.0,1.0,0.0,0.0
4,7,0.0,0.0,0.0,0.0,0.0,0.0,0.0,1.0,0.0,0.0
4,7,0.0,0.0,0.0,0.0,0.0,0.0,0.0,1.0,0.0,0.0
4,7,0.0,0.0,0.0,0.0,0.0,0.0,0.0,1.0,0.0,0.0
4,7,0.0,0.0,0.0,0.0,0.0,0.0,0.0,1.0,0.0,0.0
4,7,0.0,0.0,0.0,0.0,0.0,0.0,0.0,1.0,0.0,0.0
4,7,0.0,0.0,0.0,0.0,0.0,0.0,0.0,1.0,0.0,0.0
4,7,0.0,0.0,0.0,0.0,0.0,0.0,0.0,1.0,0.0,0.0
4,7,0.0,0.0,0.0,0.0,0.0,0.0,0.0,1.0,0.0,0.0
4,7,0.0,0.0,0.0,0.0,0.0,0.0,0.0,1.0,0.0,0.0
4,7,0.0,0.0,0.0,0.0,0.0,0.0,0.0,1.0,0.0,0.0
4,7,0.0,0.0,0.0,0.0,0.0,0.0,0.0,1.0,0.0,0.0
4,7,0.0,0.0,0.0,0.0,0.0,0.0,0.0,1.0,0.0,0.0
4,7,0.0,0.0,0.0,0.0,0.0,0.0,0.0,1.0,0.0,0.0
4,7,0.0,0.0,0.0,0.0,0.0,0.0,0.0,1.0,0.0,0.0
4,7,0.0,0.0,0.0,0.0,0.0,0.0,0.0,1.0,0.0,0.0
4,7,0.0,0.0,0.0,0.0,0.0,0.0,0.0,1.0,0.0,0.0
4,7,0.0,0.0,0.0,0.0,0.0,0.0,0.0,1.0,0.0,0.0
4,7,0.0,0.0,0.0,0.0,0.0,0.0,0.0,1.0,0.0,0.0
4,7,0.0,0.0,0.0,0.0,0.0,0.0,0.0,1.0,0.0,0.0
4,7,0.0,0.0,0.0,0.0,0.0,0.0,0.0,1.0,0.0,0.0
4,7,0.0,0.0,0.0,0.0,0.0,0.0,0.0,1.0,0.0,0.0
4,7,0.0,0.0,0.0,0.0,0.0,0.0,0.0,1.0,0.0,0.0
4,7,0.0,0.0,0.0,0.0,0.0,0.0,0.0,1.0,0.0,0.0
4,7,0.0,0.0,0.0,0.0,0.0,0.0,0.0,1.0,0.0,0.0
4,7,0.0,0.0,0.0,0.0,0.0,0.0,0.0,1.0,0.0,0.0
4,7,0.0,0.0,0.0,0.0,0.0,0.0,0.0,1.0,0.0,0.0
4,7,0.0,0.0,0.0,0.0,0.0,0.0,0.0,1.0,0.0,0.0
4,7,0.0,0.0,0.0,0.0,0.0,0.0,0.0,1.0,0.0,0.0
4,7,0.0,0.0,0.0,0.0,0.0,0.0,0.0,1.0,0.0,0.0
4,7,0.0,0.0,0.0,0.0,0.0,0.0,0.0,1.0,0.0,0.0
4,7,0.0,0.0,0.0,0.0,0.0,0.0,0.0,1.0,0.0,0.0
4,7,0.0,0.0,0.0,0.0,0.0,0.0,0.0,1.0,0.0,0.0
4,7,0.0,0.0,0.0,0.0,0.0,0.0,0.0,1.0,0.0,0.0
4,7,0.0,0.0,0.0,0.0,0.0,0.0,0.0,1.0,0.0,0.0
4,7,0.0,0.0,0.0,0.0,0.0,0.0,0.0,1.0,0.0,0.0
4,7,0.0,0.0,0.0,0.0,0.0,0.0,0.0,1.0,0.0,0.0
4,7,0.0,0.0,0.0,0.0,0.0,0.0,0.0,1.0,0.0,0.0
4,7,0.0,0.0,0.0,0.0,0.0,0.0,0.0,1.0,0.0,0.0
4,7,0.0,0.0,0.0,0.0,0.0,0.0,0.0,1.0,0.0,0.0
4,7,0.0,0.0,0.0,0.0,0.0,0.0,0.0,1.0,0.0,0.0
4,7,0.0,0.0,0.0,0.0,0.0,0.0,0.0,1.0,0.0,0.0
4,7,0.0,0.0,0.0,0.0,0.0,0.0,0.0,1.0,0.0,0.0
4,7,0.0,0.0,0.0,0.0,0.0,0.0,0.0,1.0,0.0,0.0
4,7,0.0,0.0,0.0,0.0,0.0,0.0,0.0,1.0,0.0,0.0
4,7,0.0,0.0,0.0,0.0,0.0,0.0,0.0,1.0,0.0,0.0
4,7,0.0,0.0,0.0,0.0,0.0,0.0,0.0,1.0,0.0,0.0
4,7,0.0,0.0,0.0,0.0,0.0,0.0,0.0,1.0,0.0,0.0
4,7,0.0,0.0,0.0,0.0,0.0,0.0,0.0,1.0,0.0,0.0
4,7,0.0,0.0,0.0,0.0,0.0,0.0,0.0,1.0,0.0,0.0
4,7,0.0,0.0,0.0,0.0,0.0,0.0,0.0,1.0,0.0,0.0
4,7,0.0,0.0,0.0,0.0,0.0,0.0,0.0,1.0,0.0,0.0
4,7,0.0,0.0,0.0,0.0,0.0,0.0,0.0,1.0,0.0,0.0
4,7,0.0,0.0,0.0,0.0,0.0,0.0,0.0,1.0,0.0,0.0
4,7,0.0,0.0,0.0,0.0,0.0,0.0,0.0,1.0,0.0,0.0
4,7,0.0,0.0,0.0,0.0,0.0,0.0,0.0,1.0,0.0,0.0
4,7,0.0,0.0,0.0,0.0,0.0,0.0,0.0,1.0,0.0,0.0
4,7,0.0,0.0,0.0,0.0,0.0,0.0,0.0,1.0,0.0,0.0
4,7,0.0,0.0,0.0,0.0,0.0,0.0,0.0,1.0,0.0,0.0
4,7,0.0,0.0,0.0,0.0,0.0,0.0,0.0,1.0,0.0,0.0
4,7,0.0,0.0,0.0,0.0,0.0,0.0,0.0,1.0,0.0,0.0
4,7,0.0,0.0,0.0,0.0,0.0,0.0,0.0,1.0,0.0,0.0
4,7,0.0,0.0,0.0,0.0,0.0,0.0,0.0,1.0,0.0,0.0
4,7,0.0,0.0,0.0,0.0,0.0,0.0,0.0,1.0,0.0,0.0
4,7,0.0,0.0,0.0,0.0,0.0,0.0,0.0,1.0,0.0,0.0
4,7,0.0,0.0,0.0,0.0,0.0,0.0,0.0,1.0,0.0,0.0
4,7,0.0,0.0,0.0,0.0,0.0,0.0,0.0,1.0,0.0,0.0
4,7,0.0,0.0,0.0,0.0,0.0,0.0,0.0,1.0,0.0,0.0
4,7,0.0,0.0,0.0,0.0,0.0,0.0,0.0,1.0,0.0,0.0
4,7,0.0,0.0,0.0,0.0,0.0,0.0,0.0,1.0,0.0,0.0
4,7,0.0,0.0,0.0,0.0,0.0,0.0,0.0,1.0,0.0,0.0
4,7,0.0,0.0,0.0,0.0,0.0,0.0,0.0,1.0,0.0,0.0
4,7,0.0,0.0,0.0,0.0,0.0,0.0,0.0,1.0,0.0,0.0
4,7,0.0,0.0,0.0,0.0,0.0,0.0,0.0,1.0,0.0,0.0
4,7,0.0,0.0,0.0,0.0,0.0,0.0,0.0,1.0,0.0,0.0
4,7,0.0,0.0,0.0,0.0,0.0,0.0,0.0,1.0,0.0,0.0
4,7,0.0,0.0,0.0,0.0,0.0,0.0,0.0,1.0,0.0,0.0
4,7,0.0,0.0,0.0,0.0,0.0,0.0,0.0,1.0,0.0,0.0
4,7,0.0,0.0,0.0,0.0,0.0,0.0,0.0,1.0,0.0,0.0
4,7,0.0,0.0,0.0,0.0,0.0,0.0,0.0,1.0,0.0,0.0
4,7,0.0,0.0,0.0,0.0,0.0,0.0,0.0,1.0,0.0,0.0
4,7,0.0,0.0,0.0,0.0,0.0,0.0,0.0,1.0,0.0,0.0
4,7,0.0,0.0,0.0,0.0,0.0,0.0,0.0,1.0,0.0,0.0
4,7,0.0,0.0,0.0,0.0,0.0,0.0,0.0,1.0,0.0,0.0
4,7,0.0,0.0,0.0,0.0,0.0,0.0,0.0,1.0,0.0,0.0
4,7,0.0,0.0,0.0,0.0,0.0,0.0,0.0,1.0,0.0,0.0
4,7,0.0,0.0,0.0,0.0,0.0,0.0,0.0,1.0,0.0,0.0
4,7,0.0,0.0,0.0,0.0,0.0,0.0,0.0,1.0,0.0,0.0
4,7,0.0,0.0,0.0,0.0,0.0,0.0,0.0,1.0,0.0,0.0
4,7,0.0,0.0,0.0,0.0,0.0,0.0,0.0,1.0,0.0,0.0
4,7,0.0,0.0,0.0,0.0,0.0,0.0,0.0,1.0,0.0,0.0
4,7,0.0,0.0,0.0,0.0,0.0,0.0,0.0,1.0,0.0,0.0
4,7,0.0,0.0,0.0,0.0,0.0,0.0,0.0,1.0,0.0,0.0
4,7,0.0,0.0,0.0,0.0,0.0,0.0,0.0,1.0,0.0,0.0
4,7,0.0,0.0,0.0,0.0,0.0,0.0,0.0,1.0,0.0,0.0
4,7,0.0,0.0,0.0,0.0,0.0,0.0,0.0,1.0,0.0,0.0
4,7,0.0,0.0,0.0,0.0,0.0,0.0,0.0,1.0,0.0,0.0
4,7,0.0,0.0,0.0,0.0,0.0,0.0,0.0,1.0,0.0,0.0
4,7,0.0,0.0,0.0,0.0,0.0,0.0,0.0,1.0,0.0,0.0
4,7,0.0,0.0,0.0,0.0,0.0,0.0,0.0,1.0,0.0,0.0
4,7,0.0,0.0,0.0,0.0,0.0,0.0,0.0,1.0,0.0,0.0
4,7,0.0,0.0,0.0,0.0,0.0,0.0,0.0,1.0,0.0,0.0
4,7,0.0,0.0,0.0,0.0,0.0,0.0,0.0,1.0,0.0,0.0
4,7,0.0,0.0,0.0,0.0,0.0,0.0,0.0,1.0,0.0,0.0
4,7,0.0,0.0,0.0,0.0,0.0,0.0,0.0,1.0,0.0,0.0
4,7,0.0,0.0,0.0,0.0,0.0,0.0,0.0,1.0,0.0,0.0
4,7,0.0,0.0,0.0,0.0,0.0,0.0,0.0,1.0,0.0,0.0
4,7,0.0,0.0,0.0,0.0,0.0,0.0,0.0,1.0,0.0,0.0
4,7,0.0,0.0,0.0,0.0,0.0,0.0,0.0,1.0,0.0,0.0
4,7,0.0,0.0,0.0,0.0,0.0,0.0,0.0,1.0,0.0,0.0
4,7,0.0,0.0,0.0,0.0,0.0,0.0,0.0,1.0,0.0,0.0
4,7,0.0,0.0,0.0,0.0,0.0,0.0,0.0,1.0,0.0,0.0
4,7,0.0,0.0,0.0,0.0,0.0,0.0,0.0,1.0,0.0,0.0
4,7,0.0,0.0,0.0,0.0,0.0,0.0,0.0,1.0,0.0,0.0
4,7,0.0,0.0,0.0,0.0,0.0,0.0,0.0,1.0,0.0,0.0
4,7,0.0,0.0,0.0,0.0,0.0,0.0,0.0,1.0,0.0,0.0
4,7,0.0,0.0,0.0,0.0,0.0,0.0,0.0,1.0,0.0,0.0
4,7,0.0,0.0,0.0,0.0,0.0,0.0,0.0,1.0,0.0,0.0
4,7,0.0,0.0,0.0,0.0,0.0,0.0,0.0,1.0,0.0,0.0
4,7,0.0,0.0,0.0,0.0,0.0,0.0,0.0,1.0,0.0,0.0
4,7,0.0,0.0,0.0,0.0,0.0,0.0,0.0,1.0,0.0,0.0
4,7,0.0,0.0,0.0,0.0,0.0,0.0,0.0,1.0,0.0,0.0
4,7,0.0,0.0,0.0,0.0,0.0,0.0,0.0,1.0,0.0,0.0
4,7,0.0,0.0,0.0,0.0,0.0,0.0,0.0,1.0,0.0,0.0
4,7,0.0,0.0,0.0,0.0,0.0,0.0,0.0,1.0,0.0,0.0
4,7,0.0,0.0,0.0,0.0,0.0,0.0,0.0,1.0,0.0,0.0
4,7,0.0,0.0,0.0,0.0,0.0,0.0,0.0,1.0,0.0,0.0
4,7,0.0,0.0,0.0,0.0,0.0,0.0,0.0,1.0,0.0,0.0
4,7,0.0,0.0,0.0,0.0,0.0,0.0,0.0,1.0,0.0,0.0
4,7,0.0,0.0,0.0,0.0,0.0,0.0,0.0,1.0,0.0,0.0
4,7,0.0,0.0,0.0,0.0,0.0,0.0,0.0,1.0,0.0,0.0
4,7,0.0,0.0,0.0,0.0,0.0,0.0,0.0,1.0,0.0,0.0
4,7,0.0,0.0,0.0,0.0,0.0,0.0,0.0,1.0,0.0,0.0
4,7,0.0,0.0,0.0,0.0,0.0,0.0,0.0,1.0,0.0,0.0
4,7,0.0,0.0,0.0,0.0,0.0,0.0,0.0,1.0,0.0,0.0
4,7,0.0,0.0,0.0,0.0,0.0,0.0,0.0,1.0,0.0,0.0
4,7,0.0,0.0,0.0,0.0,0.0,0.0,0.0,1.0,0.0,0.0
4,7,0.0,0.0,0.0,0.0,0.0,0.0,0.0,1.0,0.0,0.0
4,7,0.0,0.0,0.0,0.0,0.0,0.0,0.0,1.0,0.0,0.0
4,7,0.0,0.0,0.0,0.0,0.0,0.0,0.0,1.0,0.0,0.0
4,7,0.0,0.0,0.0,0.0,0.0,0.0,0.0,1.0,0.0,0.0
4,7,0.0,0.0,0.0,0.0,0.0,0.0,0.0,1.0,0.0,0.0
4,7,0.0,0.0,0.0,0.0,0.0,0.0,0.0,1.0,0.0,0.0
4,7,0.0,0.0,0.0,0.0,0.0,0.0,0.0,1.0,0.0,0.0
4,7,0.0,0.0,0.0,0.0,0.0,0.0,0.0,1.0,0.0,0.0
4,7,0.0,0.0,0.0,0.0,0.0,0.0,0.0,1.0,0.0,0.0
4,7,0.0,0.0,0.0,0.0,0.0,0.0,0.0,1.0,0.0,0.0
4,7,0.0,0.0,0.0,0.0,0.0,0.0,0.0,1.0,0.0,0.0
4,7,0.0,0.0,0.0,0.0,0.0,0.0,0.0,1.0,0.0,0.0
4,7,0.0,0.0,0.0,0.0,0.0,0.0,0.0,1.0,0.0,0.0
4,7,0.0,0.0,0.0,0.0,0.0,0.0,0.0,1.0,0.0,0.0
4,7,0.0,0.0,0.0,0.0,0.0,0.0,0.0,1.0,0.0,0.0
4,7,0.0,0.0,0.0,0.0,0.0,0.0,0.0,1.0,0.0,0.0
4,7,0.0,0.0,0.0,0.0,0.0,0.0,0.0,1.0,0.0,0.0
4,7,0.0,0.0,0.0,0.0,0.0,0.0,0.0,1.0,0.0,0.0
4,7,0.0,0.0,0.0,0.0,0.0,0.0,0.0,1.0,0.0,0.0
4,7,0.0,0.0,0.0,0.0,0.0,0.0,0.0,1.0,0.0,0.0
4,7,0.0,0.0,0.0,0.0,0.0,0.0,0.0,1.0,0.0,0.0
4,7,0.0,0.0,0.0,0.0,0.0,0.0,0.0,1.0,0.0,0.0
4,7,0.0,0.0,0.0,0.0,0.0,0.0,0.0,1.0,0.0,0.0
4,7,0.0,0.0,0.0,0.0,0.0,0.0,0.0,1.0,0.0,0.0
4,7,0.0,0.0,0.0,0.0,0.0,0.0,0.0,1.0,0.0,0.0
4,7,0.0,0.0,0.0,0.0,0.0,0.0,0.0,1.0,0.0,0.0
4,7,0.0,0.0,0.0,0.0,0.0,0.0,0.0,1.0,0.0,0.0
4,7,0.0,0.0,0.0,0.0,0.0,0.0,0.0,1.0,0.0,0.0
4,7,0.0,0.0,0.0,0.0,0.0,0.0,0.0,1.0,0.0,0.0
4,7,0.0,0.0,0.0,0.0,0.0,0.0,0.0,1.0,0.0,0.0
4,7,0.0,0.0,0.0,0.0,0.0,0.0,0.0,1.0,0.0,0.0
4,7,0.0,0.0,0.0,0.0,0.0,0.0,0.0,1.0,0.0,0.0
4,7,0.0,0.0,0.0,0.0,0.0,0.0,0.0,1.0,0.0,0.0
4,7,0.0,0.0,0.0,0.0,0.0,0.0,0.0,1.0,0.0,0.0
4,7,0.0,0.0,0.0,0.0,0.0,0.0,0.0,1.0,0.0,0.0
4,7,0.0,0.0,0.0,0.0,0.0,0.0,0.0,1.0,0.0,0.0
4,7,0.0,0.0,0.0,0.0,0.0,0.0,0.0,1.0,0.0,0.0
4,7,0.0,0.0,0.0,0.0,0.0,0.0,0.0,1.0,0.0,0.0
4,7,0.0,0.0,0.0,0.0,0.0,0.0,0.0,1.0,0.0,0.0
4,7,0.0,0.0,0.0,0.0,0.0,0.0,0.0,1.0,0.0,0.0
4,7,0.0,0.0,0.0,0.0,0.0,0.0,0.0,1.0,0.0,0.0
4,7,0.0,0.0,0.0,0.0,0.0,0.0,0.0,1.0,0.0,0.0
4,7,0.0,0.0,0.0,0.0,0.0,0.0,0.0,1.0,0.0,0.0
4,7,0.0,0.0,0.0,0.0,0.0,0.0,0.0,1.0,0.0,0.0
4,7,0.0,0.0,0.0,0.0,0.0,0.0,0.0,1.0,0.0,0.0
4,7,0.0,0.0,0.0,0.0,0.0,0.0,0.0,1.0,0.0,0.0
4,7,0.0,0.0,0.0,0.0,0.0,0.0,0.0,1.0,0.0,0.0
4,7,0.0,0.0,0.0,0.0,0.0,0.0,0.0,1.0,0.0,0.0
4,7,0.0,0.0,0.0,0.0,0.0,0.0,0.0,1.0,0.0,0.0
4,7,0.0,0.0,0.0,0.0,0.0,0.0,0.0,1.0,0.0,0.0
4,7,0.0,0.0,0.0,0.0,0.0,0.0,0.0,1.0,0.0,0.0
4,7,0.0,0.0,0.0,0.0,0.0,0.0,0.0,1.0,0.0,0.0
4,7,0.0,0.0,0.0,0.0,0.0,0.0,0.0,1.0,0.0,0.0
4,7,0.0,0.0,0.0,0.0,0.0,0.0,0.0,1.0,0.0,0.0
4,7,0.0,0.0,0.0,0.0,0.0,0.0,0.0,1.0,0.0,0.0
4,7,0.0,0.0,0.0,0.0,0.0,0.0,0.0,1.0,0.0,0.0
4,7,0.0,0.0,0.0,0.0,0.0,0.0,0.0,1.0,0.0,0.0
4,7,0.0,0.0,0.0,0.0,0.0,0.0,0.0,1.0,0.0,0.0
4,7,0.0,0.0,0.0,0.0,0.0,0.0,0.0,1.0,0.0,0.0
4,7,0.0,0.0,0.0,0.0,0.0,0.0,0.0,1.0,0.0,0.0
4,7,0.0,0.0,0.0,0.0,0.0,0.0,0.0,1.0,0.0,0.0
4,7,0.0,0.0,0.0,0.0,0.0,0.0,0.0,1.0,0.0,0.0
4,7,0.0,0.0,0.0,0.0,0.0,0.0,0.0,1.0,0.0,0.0
4,7,0.0,0.0,0.0,0.0,0.0,0.0,0.0,1.0,0.0,0.0
4,7,0.0,0.0,0.0,0.0,0.0,0.0,0.0,1.0,0.0,0.0
4,7,0.0,0.0,0.0,0.0,0.0,0.0,0.0,1.0,0.0,0.0
4,7,0.0,0.0,0.0,0.0,0.0,0.0,0.0,1.0,0.0,0.0
4,7,0.0,0.0,0.0,0.0,0.0,0.0,0.0,1.0,0.0,0.0
4,7,0.0,0.0,0.0,0.0,0.0,0.0,0.0,1.0,0.0,0.0
4,7,0.0,0.0,0.0,0.0,0.0,0.0,0.0,1.0,0.0,0.0
4,7,0.0,0.0,0.0,0.0,0.0,0.0,0.0,1.0,0.0,0.0
4,7,0.0,0.0,0.0,0.0,0.0,0.0,0.0,1.0,0.0,0.0
4,7,0.0,0.0,0.0,0.0,0.0,0.0,0.0,1.0,0.0,0.0
4,7,0.0,0.0,0.0,0.0,0.0,0.0,0.0,1.0,0.0,0.0
4,7,0.0,0.0,0.0,0.0,0.0,0.0,0.0,1.0,0.0,0.0
4,7,0.0,0.0,0.0,0.0,0.0,0.0,0.0,1.0,0.0,0.0
4,7,0.0,0.0,0.0,0.0,0.0,0.0,0.0,1.0,0.0,0.0
4,7,0.0,0.0,0.0,0.0,0.0,0.0,0.0,1.0,0.0,0.0
4,7,0.0,0.0,0.0,0.0,0.0,0.0,0.0,1.0,0.0,0.0
4,7,0.0,0.0,0.0,0.0,0.0,0.0,0.0,1.0,0.0,0.0
4,7,0.0,0.0,0.0,0.0,0.0,0.0,0.0,1.0,0.0,0.0
4,7,0.0,0.0,0.0,0.0,0.0,0.0,0.0,1.0,0.0,0.0
4,7,0.0,0.0,0.0,0.0,0.0,0.0,0.0,1.0,0.0,0.0
4,7,0.0,0.0,0.0,0.0,0.0,0.0,0.0,1.0,0.0,0.0
4,7,0.0,0.0,0.0,0.0,0.0,0.0,0.0,1.0,0.0,0.0
4,7,0.0,0.0,0.0,0.0,0.0,0.0,0.0,1.0,0.0,0.0
4,7,0.0,0.0,0.0,0.0,0.0,0.0,0.0,1.0,0.0,0.0
4,7,0.0,0.0,0.0,0.0,0.0,0.0,0.0,1.0,0.0,0.0
4,7,0.0,0.0,0.0,0.0,0.0,0.0,0.0,1.0,0.0,0.0
4,7,0.0,0.0,0.0,0.0,0.0,0.0,0.0,1.0,0.0,0.0
4,7,0.0,0.0,0.0,0.0,0.0,0.0,0.0,1.0,0.0,0.0
4,7,0.0,0.0,0.0,0.0,0.0,0.0,0.0,1.0,0.0,0.0
4,7,0.0,0.0,0.0,0.0,0.0,0.0,0.0,1.0,0.0,0.0
4,7,0.0,0.0,0.0,0.0,0.0,0.0,0.0,1.0,0.0,0.0
4,7,0.0,0.0,0.0,0.0,0.0,0.0,0.0,1.0,0.0,0.0
4,7,0.0,0.0,0.0,0.0,0.0,0.0,0.0,1.0,0.0,0.0
4,7,0.0,0.0,0.0,0.0,0.0,0.0,0.0,1.0,0.0,0.0
4,7,0.0,0.0,0.0,0.0,0.0,0.0,0.0,1.0,0.0,0.0
4,7,0.0,0.0,0.0,0.0,0.0,0.0,0.0,1.0,0.0,0.0
4,7,0.0,0.0,0.0,0.0,0.0,0.0,0.0,1.0,0.0,0.0
4,7,0.0,0.0,0.0,0.0,0.0,0.0,0.0,1.0,0.0,0.0
4,7,0.0,0.0,0.0,0.0,0.0,0.0,0.0,1.0,0.0,0.0
4,7,0.0,0.0,0.0,0.0,0.0,0.0,0.0,1.0,0.0,0.0
4,7,0.0,0.0,0.0,0.0,0.0,0.0,0.0,1.0,0.0,0.0
4,7,0.0,0.0,0.0,0.0,0.0,0.0,0.0,1.0,0.0,0.0
4,7,0.0,0.0,0.0,0.0,0.0,0.0,0.0,1.0,0.0,0.0
4,7,0.0,0.0,0.0,0.0,0.0,0.0,0.0,1.0,0.0,0.0
4,7,0.0,0.0,0.0,0.0,0.0,0.0,0.0,1.0,0.0,0.0
4,7,0.0,0.0,0.0,0.0,0.0,0.0,0.0,1.0,0.0,0.0
4,7,0.0,0.0,0.0,0.0,0.0,0.0,0.0,1.0,0.0,0.0
4,7,0.0,0.0,0.0,0.0,0.0,0.0,0.0,1.0,0.0,0.0
4,7,0.0,0.0,0.0,0.0,0.0,0.0,0.0,1.0,0.0,0.0
4,7,0.0,0.0,0.0,0.0,0.0,0.0,0.0,1.0,0.0,0.0
4,7,0.0,0.0,0.0,0.0,0.0,0.0,0.0,1.0,0.0,0.0
4,7,0.0,0.0,0.0,0.0,0.0,0.0,0.0,1.0,0.0,0.0
4,7,0.0,0.0,0.0,0.0,0.0,0.0,0.0,1.0,0.0,0.0
4,7,0.0,0.0,0.0,0.0,0.0,0.0,0.0,1.0,0.0,0.0
4,7,0.0,0.0,0.0,0.0,0.0,0.0,0.0,1.0,0.0,0.0
4,7,0.0,0.0,0.0,0.0,0.0,0.0,0.0,1.0,0.0,0.0
4,7,0.0,0.0,0.0,0.0,0.0,0.0,0.0,1.0,0.0,0.0
4,7,0.0,0.0,0.0,0.0,0.0,0.0,0.0,1.0,0.0,0.0
4,7,0.0,0.0,0.0,0.0,0.0,0.0,0.0,1.0,0.0,0.0
4,7,0.0,0.0,0.0,0.0,0.0,0.0,0.0,1.0,0.0,0.0
4,7,0.0,0.0,0.0,0.0,0.0,0.0,0.0,1.0,0.0,0.0
4,7,0.0,0.0,0.0,0.0,0.0,0.0,0.0,1.0,0.0,0.0
4,7,0.0,0.0,0.0,0.0,0.0,0.0,0.0,1.0,0.0,0.0
4,7,0.0,0.0,0.0,0.0,0.0,0.0,0.0,1.0,0.0,0.0
4,7,0.0,0.0,0.0,0.0,0.0,0.0,0.0,1.0,0.0,0.0
4,7,0.0,0.0,0.0,0.0,0.0,0.0,0.0,1.0,0.0,0.0
4,7,0.0,0.0,0.0,0.0,0.0,0.0,0.0,1.0,0.0,0.0
4,7,0.0,0.0,0.0,0.0,0.0,0.0,0.0,1.0,0.0,0.0
4,7,0.0,0.0,0.0,0.0,0.0,0.0,0.0,1.0,0.0,0.0
4,7,0.0,0.0,0.0,0.0,0.0,0.0,0.0,1.0,0.0,0.0
4,7,0.0,0.0,0.0,0.0,0.0,0.0,0.0,1.0,0.0,0.0
4,7,0.0,0.0,0.0,0.0,0.0,0.0,0.0,1.0,0.0,0.0
4,7,0.0,0.0,0.0,0.0,0.0,0.0,0.0,1.0,0.0,0.0
4,7,0.0,0.0,0.0,0.0,0.0,0.0,0.0,1.0,0.0,0.0
4,7,0.0,0.0,0.0,0.0,0.0,0.0,0.0,1.0,0.0,0.0
4,7,0.0,0.0,0.0,0.0,0.0,0.0,0.0,1.0,0.0,0.0
4,7,0.0,0.0,0.0,0.0,0.0,0.0,0.0,1.0,0.0,0.0
4,7,0.0,0.0,0.0,0.0,0.0,0.0,0.0,1.0,0.0,0.0
4,7,0.0,0.0,0.0,0.0,0.0,0.0,0.0,1.0,0.0,0.0
4,7,0.0,0.0,0.0,0.0,0.0,0.0,0.0,1.0,0.0,0.0
4,7,0.0,0.0,0.0,0.0,0.0,0.0,0.0,1.0,0.0,0.0
4,7,0.0,0.0,0.0,0.0,0.0,0.0,0.0,1.0,0.0,0.0
4,7,0.0,0.0,0.0,0.0,0.0,0.0,0.0,1.0,0.0,0.0
4,7,0.0,0.0,0.0,0.0,0.0,0.0,0.0,1.0,0.0,0.0
4,7,0.0,0.0,0.0,0.0,0.0,0.0,0.0,1.0,0.0,0.0
4,7,0.0,0.0,0.0,0.0,0.0,0.0,0.0,1.0,0.0,0.0
4,7,0.0,0.0,0.0,0.0,0.0,0.0,0.0,1.0,0.0,0.0
4,7,0.0,0.0,0.0,0.0,0.0,0.0,0.0,1.0,0.0,0.0
4,7,0.0,0.0,0.0,0.0,0.0,0.0,0.0,1.0,0.0,0.0
4,7,0.0,0.0,0.0,0.0,0.0,0.0,0.0,1.0,0.0,0.0
4,7,0.0,0.0,0.0,0.0,0.0,0.0,0.0,1.0,0.0,0.0
4,7,0.0,0.0,0.0,0.0,0.0,0.0,0.0,1.0,0.0,0.0
4,7,0.0,0.0,0.0,0.0,0.0,0.0,0.0,1.0,0.0,0.0
4,7,0.0,0.0,0.0,0.0,0.0,0.0,0.0,1.0,0.0,0.0
4,7,0.0,0.0,0.0,0.0,0.0,0.0,0.0,1.0,0.0,0.0
4,7,0.0,0.0,0.0,0.0,0.0,0.0,0.0,1.0,0.0,0.0
4,7,0.0,0.0,0.0,0.0,0.0,0.0,0.0,1.0,0.0,0.0
4,7,0.0,0.0,0.0,0.0,0.0,0.0,0.0,1.0,0.0,0.0
4,7,0.0,0.0,0.0,0.0,0.0,0.0,0.0,1.0,0.0,0.0
4,7,0.0,0.0,0.0,0.0,0.0,0.0,0.0,1.0,0.0,0.0
4,7,0.0,0.0,0.0,0.0,0.0,0.0,0.0,1.0,0.0,0.0
4,7,0.0,0.0,0.0,0.0,0.0,0.0,0.0,1.0,0.0,0.0
4,7,0.0,0.0,0.0,0.0,0.0,0.0,0.0,1.0,0.0,0.0
4,7,0.0,0.0,0.0,0.0,0.0,0.0,0.0,1.0,0.0,0.0
4,7,0.0,0.0,0.0,0.0,0.0,0.0,0.0,1.0,0.0,0.0
4,7,0.0,0.0,0.0,0.0,0.0,0.0,0.0,1.0,0.0,0.0
4,7,0.0,0.0,0.0,0.0,0.0,0.0,0.0,1.0,0.0,0.0
4,7,0.0,0.0,0.0,0.0,0.0,0.0,0.0,1.0,0.0,0.0
4,7,0.0,0.0,0.0,0.0,0.0,0.0,0.0,1.0,0.0,0.0
4,7,0.0,0.0,0.0,0.0,0.0,0.0,0.0,1.0,0.0,0.0
4,7,0.0,0.0,0.0,0.0,0.0,0.0,0.0,1.0,0.0,0.0
4,7,0.0,0.0,0.0,0.0,0.0,0.0,0.0,1.0,0.0,0.0
4,7,0.0,0.0,0.0,0.0,0.0,0.0,0.0,1.0,0.0,0.0
4,7,0.0,0.0,0.0,0.0,0.0,0.0,0.0,1.0,0.0,0.0
4,7,0.0,0.0,0.0,0.0,0.0,0.0,0.0,1.0,0.0,0.0
4,7,0.0,0.0,0.0,0.0,0.0,0.0,0.0,1.0,0.0,0.0
4,7,0.0,0.0,0.0,0.0,0.0,0.0,0.0,1.0,0.0,0.0
4,7,0.0,0.0,0.0,0.0,0.0,0.0,0.0,1.0,0.0,0.0
4,7,0.0,0.0,0.0,0.0,0.0,0.0,0.0,1.0,0.0,0.0
4,7,0.0,0.0,0.0,0.0,0.0,0.0,0.0,1.0,0.0,0.0
4,7,0.0,0.0,0.0,0.0,0.0,0.0,0.0,1.0,0.0,0.0
4,7,0.0,0.0,0.0,0.0,0.0,0.0,0.0,1.0,0.0,0.0
4,7,0.0,0.0,0.0,0.0,0.0,0.0,0.0,1.0,0.0,0.0
4,7,0.0,0.0,0.0,0.0,0.0,0.0,0.0,1.0,0.0,0.0
4,7,0.0,0.0,0.0,0.0,0.0,0.0,0.0,1.0,0.0,0.0
4,7,0.0,0.0,0.0,0.0,0.0,0.0,0.0,1.0,0.0,0.0
4,7,0.0,0.0,0.0,0.0,0.0,0.0,0.0,1.0,0.0,0.0
4,7,0.0,0.0,0.0,0.0,0.0,0.0,0.0,1.0,0.0,0.0
4,7,0.0,0.0,0.0,0.0,0.0,0.0,0.0,1.0,0.0,0.0
4,7,0.0,0.0,0.0,0.0,0.0,0.0,0.0,1.0,0.0,0.0
4,7,0.0,0.0,0.0,0.0,0.0,0.0,0.0,1.0,0.0,0.0
4,7,0.0,0.0,0.0,0.0,0.0,0.0,0.0,1.0,0.0,0.0
4,7,0.0,0.0,0.0,0.0,0.0,0.0,0.0,1.0,0.0,0.0
4,7,0.0,0.0,0.0,0.0,0.0,0.0,0.0,1.0,0.0,0.0
4,7,0.0,0.0,0.0,0.0,0.0,0.0,0.0,1.0,0.0,0.0
4,7,0.0,0.0,0.0,0.0,0.0,0.0,0.0,1.0,0.0,0.0
4,7,0.0,0.0,0.0,0.0,0.0,0.0,0.0,1.0,0.0,0.0
4,7,0.0,0.0,0.0,0.0,0.0,0.0,0.0,1.0,0.0,0.0
4,7,0.0,0.0,0.0,0.0,0.0,0.0,0.0,1.0,0.0,0.0
4,7,0.0,0.0,0.0,0.0,0.0,0.0,0.0,1.0,0.0,0.0
4,7,0.0,0.0,0.0,0.0,0.0,0.0,0.0,1.0,0.0,0.0
4,7,0.0,0.0,0.0,0.0,0.0,0.0,0.0,1.0,0.0,0.0
4,7,0.0,0.0,0.0,0.0,0.0,0.0,0.0,1.0,0.0,0.0
4,7,0.0,0.0,0.0,0.0,0.0,0.0,0.0,1.0,0.0,0.0
4,7,0.0,0.0,0.0,0.0,0.0,0.0,0.0,1.0,0.0,0.0
4,7,0.0,0.0,0.0,0.0,0.0,0.0,0.0,1.0,0.0,0.0
4,7,0.0,0.0,0.0,0.0,0.0,0.0,0.0,1.0,0.0,0.0
4,7,0.0,0.0,0.0,0.0,0.0,0.0,0.0,1.0,0.0,0.0
4,7,0.0,0.0,0.0,0.0,0.0,0.0,0.0,1.0,0.0,0.0
4,7,0.0,0.0,0.0,0.0,0.0,0.0,0.0,1.0,0.0,0.0
4,7,0.0,0.0,0.0,0.0,0.0,0.0,0.0,1.0,0.0,0.0
4,7,0.0,0.0,0.0,0.0,0.0,0.0,0.0,1.0,0.0,0.0
4,7,0.0,0.0,0.0,0.0,0.0,0.0,0.0,1.0,0.0,0.0
4,7,0.0,0.0,0.0,0.0,0.0,0.0,0.0,1.0,0.0,0.0
4,7,0.0,0.0,0.0,0.0,0.0,0.0,0.0,1.0,0.0,0.0
4,7,0.0,0.0,0.0,0.0,0.0,0.0,0.0,1.0,0.0,0.0
4,7,0.0,0.0,0.0,0.0,0.0,0.0,0.0,1.0,0.0,0.0
4,7,0.0,0.0,0.0,0.0,0.0,0.0,0.0,1.0,0.0,0.0
4,7,0.0,0.0,0.0,0.0,0.0,0.0,0.0,1.0,0.0,0.0
4,7,0.0,0.0,0.0,0.0,0.0,0.0,0.0,1.0,0.0,0.0
4,7,0.0,0.0,0.0,0.0,0.0,0.0,0.0,1.0,0.0,0.0
4,7,0.0,0.0,0.0,0.0,0.0,0.0,0.0,1.0,0.0,0.0
4,7,0.0,0.0,0.0,0.0,0.0,0.0,0.0,1.0,0.0,0.0
4,7,0.0,0.0,0.0,0.0,0.0,0.0,0.0,1.0,0.0,0.0
4,7,0.0,0.0,0.0,0.0,0.0,0.0,0.0,1.0,0.0,0.0
4,7,0.0,0.0,0.0,0.0,0.0,0.0,0.0,1.0,0.0,0.0
4,7,0.0,0.0,0.0,0.0,0.0,0.0,0.0,1.0,0.0,0.0
4,7,0.0,0.0,0.0,0.0,0.0,0.0,0.0,1.0,0.0,0.0
4,7,0.0,0.0,0.0,0.0,0.0,0.0,0.0,1.0,0.0,0.0
4,7,0.0,0.0,0.0,0.0,0.0,0.0,0.0,1.0,0.0,0.0
4,7,0.0,0.0,0.0,0.0,0.0,0.0,0.0,1.0,0.0,0.0
4,7,0.0,0.0,0.0,0.0,0.0,0.0,0.0,1.0,0.0,0.0
4,7,0.0,0.0,0.0,0.0,0.0,0.0,0.0,1.0,0.0,0.0
4,7,0.0,0.0,0.0,0.0,0.0,0.0,0.0,1.0,0.0,0.0
4,7,0.0,0.0,0.0,0.0,0.0,0.0,0.0,1.0,0.0,0.0
4,7,0.0,0.0,0.0,0.0,0.0,0.0,0.0,1.0,0.0,0.0
4,7,0.0,0.0,0.0,0.0,0.0,0.0,0.0,1.0,0.0,0.0
4,7,0.0,0.0,0.0,0.0,0.0,0.0,0.0,1.0,0.0,0.0
4,7,0.0,0.0,0.0,0.0,0.0,0.0,0.0,1.0,0.0,0.0
4,7,0.0,0.0,0.0,0.0,0.0,0.0,0.0,1.0,0.0,0.0
4,7,0.0,0.0,0.0,0.0,0.0,0.0,0.0,1.0,0.0,0.0
4,7,0.0,0.0,0.0,0.0,0.0,0.0,0.0,1.0,0.0,0.0
4,7,0.0,0.0,0.0,0.0,0.0,0.0,0.0,1.0,0.0,0.0
4,7,0.0,0.0,0.0,0.0,0.0,0.0,0.0,1.0,0.0,0.0
4,7,0.0,0.0,0.0,0.0,0.0,0.0,0.0,1.0,0.0,0.0
4,7,0.0,0.0,0.0,0.0,0.0,0.0,0.0,1.0,0.0,0.0
4,7,0.0,0.0,0.0,0.0,0.0,0.0,0.0,1.0,0.0,0.0
4,7,0.0,0.0,0.0,0.0,0.0,0.0,0.0,1.0,0.0,0.0
4,7,0.0,0.0,0.0,0.0,0.0,0.0,0.0,1.0,0.0,0.0
4,7,0.0,0.0,0.0,0.0,0.0,0.0,0.0,1.0,0.0,0.0
4,7,0.0,0.0,0.0,0.0,0.0,0.0,0.0,1.0,0.0,0.0
4,7,0.0,0.0,0.0,0.0,0.0,0.0,0.0,1.0,0.0,0.0
4,7,0.0,0.0,0.0,0.0,0.0,0.0,0.0,1.0,0.0,0.0
4,7,0.0,0.0,0.0,0.0,0.0,0.0,0.0,1.0,0.0,0.0
4,7,0.0,0.0,0.0,0.0,0.0,0.0,0.0,1.0,0.0,0.0
4,7,0.0,0.0,0.0,0.0,0.0,0.0,0.0,1.0,0.0,0.0
4,7,0.0,0.0,0.0,0.0,0.0,0.0,0.0,1.0,0.0,0.0
4,7,0.0,0.0,0.0,0.0,0.0,0.0,0.0,1.0,0.0,0.0
4,7,0.0,0.0,0.0,0.0,0.0,0.0,0.0,1.0,0.0,0.0
4,7,0.0,0.0,0.0,0.0,0.0,0.0,0.0,1.0,0.0,0.0
4,7,0.0,0.0,0.0,0.0,0.0,0.0,0.0,1.0,0.0,0.0
4,7,0.0,0.0,0.0,0.0,0.0,0.0,0.0,1.0,0.0,0.0
4,7,0.0,0.0,0.0,0.0,0.0,0.0,0.0,1.0,0.0,0.0
4,7,0.0,0.0,0.0,0.0,0.0,0.0,0.0,1.0,0.0,0.0
4,7,0.0,0.0,0.0,0.0,0.0,0.0,0.0,1.0,0.0,0.0
4,7,0.0,0.0,0.0,0.0,0.0,0.0,0.0,1.0,0.0,0.0
4,7,0.0,0.0,0.0,0.0,0.0,0.0,0.0,1.0,0.0,0.0
4,7,0.0,0.0,0.0,0.0,0.0,0.0,0.0,1.0,0.0,0.0
4,7,0.0,0.0,0.0,0.0,0.0,0.0,0.0,1.0,0.0,0.0
4,7,0.0,0.0,0.0,0.0,0.0,0.0,0.0,1.0,0.0,0.0
4,7,0.0,0.0,0.0,0.0,0.0,0.0,0.0,1.0,0.0,0.0
4,7,0.0,0.0,0.0,0.0,0.0,0.0,0.0,1.0,0.0,0.0
4,7,0.0,0.0,0.0,0.0,0.0,0.0,0.0,1.0,0.0,0.0
4,7,0.0,0.0,0.0,0.0,0.0,0.0,0.0,1.0,0.0,0.0
4,7,0.0,0.0,0.0,0.0,0.0,0.0,0.0,1.0,0.0,0.0
4,7,0.0,0.0,0.0,0.0,0.0,0.0,0.0,1.0,0.0,0.0
4,7,0.0,0.0,0.0,0.0,0.0,0.0,0.0,1.0,0.0,0.0
4,7,0.0,0.0,0.0,0.0,0.0,0.0,0.0,1.0,0.0,0.0
4,7,0.0,0.0,0.0,0.0,0.0,0.0,0.0,1.0,0.0,0.0
4,7,0.0,0.0,0.0,0.0,0.0,0.0,0.0,1.0,0.0,0.0
4,7,0.0,0.0,0.0,0.0,0.0,0.0,0.0,1.0,0.0,0.0
4,7,0.0,0.0,0.0,0.0,0.0,0.0,0.0,1.0,0.0,0.0
4,7,0.0,0.0,0.0,0.0,0.0,0.0,0.0,1.0,0.0,0.0
4,7,0.0,0.0,0.0,0.0,0.0,0.0,0.0,1.0,0.0,0.0
4,7,0.0,0.0,0.0,0.0,0.0,0.0,0.0,1.0,0.0,0.0
4,7,0.0,0.0,0.0,0.0,0.0,0.0,0.0,1.0,0.0,0.0
4,7,0.0,0.0,0.0,0.0,0.0,0.0,0.0,1.0,0.0,0.0
4,7,0.0,0.0,0.0,0.0,0.0,0.0,0.0,1.0,0.0,0.0
4,7,0.0,0.0,0.0,0.0,0.0,0.0,0.0,1.0,0.0,0.0
4,7,0.0,0.0,0.0,0.0,0.0,0.0,0.0,1.0,0.0,0.0
4,7,0.0,0.0,0.0,0.0,0.0,0.0,0.0,1.0,0.0,0.0
4,7,0.0,0.0,0.0,0.0,0.0,0.0,0.0,1.0,0.0,0.0
4,7,0.0,0.0,0.0,0.0,0.0,0.0,0.0,1.0,0.0,0.0
4,7,0.0,0.0,0.0,0.0,0.0,0.0,0.0,1.0,0.0,0.0
4,7,0.0,0.0,0.0,0.0,0.0,0.0,0.0,1.0,0.0,0.0
4,7,0.0,0.0,0.0,0.0,0.0,0.0,0.0,1.0,0.0,0.0
4,7,0.0,0.0,0.0,0.0,0.0,0.0,0.0,1.0,0.0,0.0
4,7,0.0,0.0,0.0,0.0,0.0,0.0,0.0,1.0,0.0,0.0
4,7,0.0,0.0,0.0,0.0,0.0,0.0,0.0,1.0,0.0,0.0
4,7,0.0,0.0,0.0,0.0,0.0,0.0,0.0,1.0,0.0,0.0
4,7,0.0,0.0,0.0,0.0,0.0,0.0,0.0,1.0,0.0,0.0
4,7,0.0,0.0,0.0,0.0,0.0,0.0,0.0,1.0,0.0,0.0
4,7,0.0,0.0,0.0,0.0,0.0,0.0,0.0,1.0,0.0,0.0
4,7,0.0,0.0,0.0,0.0,0.0,0.0,0.0,1.0,0.0,0.0
4,7,0.0,0.0,0.0,0.0,0.0,0.0,0.0,1.0,0.0,0.0
4,7,0.0,0.0,0.0,0.0,0.0,0.0,0.0,1.0,0.0,0.0
4,7,0.0,0.0,0.0,0.0,0.0,0.0,0.0,1.0,0.0,0.0
4,7,0.0,0.0,0.0,0.0,0.0,0.0,0.0,1.0,0.0,0.0
4,7,0.0,0.0,0.0,0.0,0.0,0.0,0.0,1.0,0.0,0.0
4,7,0.0,0.0,0.0,0.0,0.0,0.0,0.0,1.0,0.0,0.0
4,7,0.0,0.0,0.0,0.0,0.0,0.0,0.0,1.0,0.0,0.0
4,7,0.0,0.0,0.0,0.0,0.0,0.0,0.0,1.0,0.0,0.0
4,7,0.0,0.0,0.0,0.0,0.0,0.0,0.0,1.0,0.0,0.0
4,7,0.0,0.0,0.0,0.0,0.0,0.0,0.0,1.0,0.0,0.0
4,7,0.0,0.0,0.0,0.0,0.0,0.0,0.0,1.0,0.0,0.0
4,7,0.0,0.0,0.0,0.0,0.0,0.0,0.0,1.0,0.0,0.0
4,7,0.0,0.0,0.0,0.0,0.0,0.0,0.0,1.0,0.0,0.0
4,7,0.0,0.0,0.0,0.0,0.0,0.0,0.0,1.0,0.0,0.0
4,7,0.0,0.0,0.0,0.0,0.0,0.0,0.0,1.0,0.0,0.0
4,7,0.0,0.0,0.0,0.0,0.0,0.0,0.0,1.0,0.0,0.0
4,7,0.0,0.0,0.0,0.0,0.0,0.0,0.0,1.0,0.0,0.0
4,7,0.0,0.0,0.0,0.0,0.0,0.0,0.0,1.0,0.0,0.0
4,7,0.0,0.0,0.0,0.0,0.0,0.0,0.0,1.0,0.0,0.0
4,7,0.0,0.0,0.0,0.0,0.0,0.0,0.0,1.0,0.0,0.0
4,7,0.0,0.0,0.0,0.0,0.0,0.0,0.0,1.0,0.0,0.0
4,7,0.0,0.0,0.0,0.0,0.0,0.0,0.0,1.0,0.0,0.0
4,7,0.0,0.0,0.0,0.0,0.0,0.0,0.0,1.0,0.0,0.0
4,7,0.0,0.0,0.0,0.0,0.0,0.0,0.0,1.0,0.0,0.0
4,7,0.0,0.0,0.0,0.0,0.0,0.0,0.0,0.93108857,0.0,0.06891143
4,7,0.0,0.0,0.0,0.0,0.0,0.0,0.0,0.93108857,0.0,0.06891143
4,7,0.0,0.0,0.0,0.0,0.0,0.0,0.0,0.93108857,0.0,0.06891143
4,7,0.0,0.0,0.0,0.0,0.0,0.0,0.0,0.93108857,0.0,0.06891143
4,7,0.0,0.0,0.0,0.0,0.0,0.0,0.0,0.93108857,0.0,0.06891143
4,7,0.0,0.0,0.0,0.0,0.0,0.0,0.0,0.93108857,0.0,0.06891143
4,7,0.0,0.0,0.0,0.0,0.0,0.0,0.0,0.93108857,0.0,0.06891143
4,7,0.0,0.0,0.0,0.0,0.0,0.0,0.0,0.93108857,0.0,0.06891143
4,7,0.0,0.0,0.0,0.0,0.0,0.0,0.0,0.93108857,0.0,0.06891143
4,7,0.0,0.0,0.0,0.0,0.0,0.0,0.0,0.93108857,0.0,0.06891143
4,7,0.0,0.0,0.0,0.0,0.0,0.0,0.0,0.93108857,0.0,0.06891143
4,7,0.0,0.0,0.0,0.0,0.0,0.0,0.0,0.93108857,0.0,0.06891143
4,7,0.0,0.0,0.0,0.0,0.0,0.0,0.0,0.93108857,0.0,0.06891143
4,7,0.0,0.0,0.0,0.0,0.0,0.0,0.0,0.93108857,0.0,0.06891143
4,7,0.0,0.0,0.0,0.0,0.0,0.0,0.0,0.93108857,0.0,0.06891143
4,7,0.0,0.0,0.0,0.0,0.0,0.0,0.0,0.93108857,0.0,0.06891143
4,7,0.0,0.0,0.0,0.0,0.0,0.0,0.0,0.93108857,0.0,0.06891143
4,7,0.0,0.0,0.0,0.0,0.0,0.0,0.0,0.93108857,0.0,0.06891143
4,7,0.0,0.0,0.0,0.0,0.0,0.0,0.0,0.93108857,0.0,0.06891143
4,7,0.0,0.0,0.0,0.0,0.0,0.0,0.0,0.93108857,0.0,0.06891143
4,7,0.0,0.0,0.0,0.0,0.0,0.0,0.0,0.93108857,0.0,0.06891143
4,7,0.0,0.0,0.0,0.0,0.0,0.0,0.0,0.93108857,0.0,0.06891143
4,7,0.0,0.0,0.0,0.0,0.0,0.0,0.0,0.93108857,0.0,0.06891143
4,7,0.0,0.0,0.0,0.0,0.0,0.0,0.0,0.93108857,0.0,0.06891143
4,7,0.0,0.0,0.0,0.0,0.0,0.0,0.0,0.93108857,0.0,0.06891143
4,7,0.0,0.0,0.0,0.0,0.0,0.0,0.0,0.93108857,0.0,0.06891143
4,7,0.0,0.0,0.0,0.0,0.0,0.0,0.0,0.93108857,0.0,0.06891143
4,7,0.0,0.0,0.0,0.0,0.0,0.0,0.0,0.93108857,0.0,0.06891143
4,7,0.0,0.0,0.0,0.0,0.0,0.0,0.0,0.93108857,0.0,0.06891143
4,7,0.0,0.0,0.0,0.0,0.0,0.0,0.0,0.93108857,0.0,0.06891143
4,7,0.0,0.0,0.0,0.0,0.0,0.0,0.0,0.93108857,0.0,0.06891143
4,7,0.0,0.0,0.0,0.0,0.0,0.0,0.0,0.93108857,0.0,0.06891143
4,7,0.0,0.0,0.0,0.0,0.0,0.0,0.0,0.93108857,0.0,0.06891143
4,7,0.0,0.0,0.0,0.0,0.0,0.0,0.0,0.93108857,0.0,0.06891143
4,7,0.0,0.0,0.0,0.0,0.0,0.0,0.0,0.8726525,0.0,0.12734756
4,7,0.0,0.0,0.0,0.0,0.0,0.0,0.0,0.8726525,0.0,0.12734756
4,7,0.0,0.0,0.0,0.0,0.0,0.0,0.0,0.8726525,0.0,0.12734756
4,7,0.0,0.0,0.0,0.0,0.0,0.0,0.0,0.8726525,0.0,0.12734756
4,7,0.0,0.0,0.0,0.0,0.0,0.0,0.0,0.8726525,0.0,0.12734756
4,7,0.0,0.0,0.0,0.0,0.0,0.0,0.0,0.8726525,0.0,0.12734756
4,7,0.0,0.0,0.0,0.0,0.0,0.0,0.0,0.8726525,0.0,0.12734756
4,7,0.0,0.0,0.0,0.0,0.0,0.0,0.0,0.8726525,0.0,0.12734756
4,7,0.0,0.0,0.0,0.0,0.0,0.0,0.0,0.812601,0.0,0.18739901
4,7,0.0,0.0,0.0,0.0,0.0,0.0,0.0,0.812601,0.0,0.18739901
4,7,0.0,0.0,0.0,0.0,0.0,0.0,0.0,0.812601,0.0,0.18739901
4,7,0.0,0.0,0.0,0.0,0.0,0.0,0.0,0.812601,0.0,0.18739901
4,7,0.0,0.0,0.0,0.0,0.0,0.0,0.0,0.812601,0.0,0.18739901
4,7,0.0,0.0,0.0,0.0,0.0,0.0,0.0,0.812601,0.0,0.18739901
4,7,0.0,0.0,0.0,0.0,0.0,0.0,0.0,0.74676454,0.0,0.25323543
4,7,0.0,0.0,0.0,0.0,0.0,0.0,0.0,0.74676454,0.0,0.25323543
4,7,0.0,0.0,0.0,0.0,0.0,0.0,0.0,0.74676454,0.0,0.25323543
4,7,0.0,0.0,0.0,0.0,0.0,0.0,0.0,0.74676454,0.0,0.25323543
4,7,0.0,0.0,0.0,0.0,0.0,0.0,0.0,0.74676454,0.0,0.25323543
4,7,0.0,0.0,0.0,0.0,0.0,0.0,0.0,0.74676454,0.0,0.25323543
4,7,0.0,0.0,0.0,0.0,0.0,0.0,0.0,0.68516785,0.0,0.31483215
4,7,0.0,0.0,0.0,0.0,0.0,0.0,0.0,0.68516785,0.0,0.31483215
4,7,0.0,0.0,0.0,0.0,0.0,0.0,0.0,0.68516785,0.0,0.31483215
4,7,0.0,0.0,0.0,0.0,0.0,0.0,0.0,0.68516785,0.0,0.31483215
4,7,0.0,0.0,0.0,0.0,0.0,0.0,0.0,0.68516785,0.0,0.31483215
4,7,0.0,0.0,0.0,0.0,0.0,0.0,0.0,0.68516785,0.0,0.31483215
4,7,0.0,0.0,0.0,0.0,0.0,0.0,0.0,0.68516785,0.0,0.31483215
4,7,0.0,0.0,0.0,0.0,0.0,0.0,0.0,0.68516785,0.0,0.31483215
4,7,0.0,0.0,0.0,0.0,0.0,0.0,0.0,0.68516785,0.0,0.31483215
4,7,0.0,0.0,0.0,0.0,0.0,0.0,0.0,0.68516785,0.0,0.31483215
4,7,0.0,0.0,0.0,0.0,0.0,0.0,0.0,0.62174743,0.0,0.37825257
4,7,0.0,0.0,0.0,0.0,0.0,0.0,0.0,0.62174743,0.0,0.37825257
4,7,0.0,0.0,0.0,0.0,0.0,0.0,0.0,0.62174743,0.0,0.37825257
4,7,0.0,0.0,0.0,0.0,0.0,0.0,0.0,0.62174743,0.0,0.37825257
4,7,0.0,0.0,0.0,0.0,0.0,0.0,0.0,0.62174743,0.0,0.37825257
4,7,0.0,0.0,0.0,0.0,0.0,0.0,0.0,0.62174743,0.0,0.37825257
4,7,0.0,0.0,0.0,0.0,0.0,0.0,0.0,0.48693317,0.067685716,0.44538113
4,7,0.0,0.0,0.0,0.0,0.0,0.0,0.0,0.48693317,0.067685716,0.44538113
4,7,0.0,0.0,0.0,0.0,0.0,0.0,0.0,0.48693317,0.067685716,0.44538113
4,7,0.0,0.0,0.0,0.0,0.0,0.0,0.0,0.48693317,0.067685716,0.44538113
4,7,0.0,0.0,0.0,0.0,0.0,0.0,0.0,0.48693317,0.067685716,0.44538113
4,7,0.0,0.0,0.0,0.0,0.0,0.0,0.0,0.48693317,0.067685716,0.44538113
4,7,0.0,0.0,0.0,0.0,0.0,0.0,0.0,0.48693317,0.067685716,0.44538113
4,7,0.0,0.0,0.0,0.0,0.0,0.0,0.0,0.48693317,0.067685716,0.44538113
4,9,0.0,0.0,0.0,0.0,0.0,0.0,0.0,0.4273731,0.067685716,0.50494117
4,9,0.0,0.0,0.0,0.0,0.0,0.0,0.0,0.4273731,0.067685716,0.50494117
4,9,0.0,0.0,0.0,0.0,0.0,0.0,0.0,0.4273731,0.067685716,0.50494117
4,9,0.0,0.0,0.0,0.0,0.0,0.0,0.0,0.4273731,0.067685716,0.50494117
4,9,0.0,0.0,0.0,0.0,0.0,0.0,0.0,0.4273731,0.067685716,0.50494117
4,9,0.0,0.0,0.0,0.0,0.0,0.0,0.0,0.4273731,0.067685716,0.50494117
4,9,0.0,0.0,0.0,0.0,0.0,0.0,0.0,0.4273731,0.067685716,0.50494117
4,9,0.0,0.0,0.0,0.0,0.0,0.0,0.0,0.4273731,0.067685716,0.50494117
4,9,0.06428982,0.0,0.0,0.0,0.0,0.0,0.0,0.36308327,0.067685716,0.50494117
4,9,0.06428982,0.0,0.0,0.0,0.0,0.0,0.0,0.36308327,0.067685716,0.50494117
4,9,0.06428982,0.0,0.0,0.0,0.0,0.0,0.0,0.36308327,0.067685716,0.50494117
4,9,0.06428982,0.0,0.0,0.0,0.0,0.0,0.0,0.36308327,0.067685716,0.50494117
4,9,0.06428982,0.0,0.0,0.0,0.0,0.0,0.0,0.36308327,0.067685716,0.50494117
4,9,0.06428982,0.0,0.0,0.0,0.0,0.0,0.0,0.36308327,0.067685716,0.50494117
4,9,0.06428982,0.0,0.0,0.0,0.0,0.0,0.0,0.36308327,0.067685716,0.50494117
4,9,0.06428982,0.0,0.0,0.0,0.0,0.0,0.0,0.36308327,0.067685716,0.50494117
4,9,0.06428982,0.0,0.0,0.0,0.0,0.0,0.0,0.36308327,0.067685716,0.50494117
4,9,0.06428982,0.0,0.0,0.0,0.0,0.0,0.0,0.36308327,0.067685716,0.50494117
4,9,0.06428982,0.0,0.0,0.0,0.0,0.0,0.0,0.36308327,0.067685716,0.50494117
4,9,0.06428982,0.0,0.0,0.0,0.0,0.0,0.0,0.36308327,0.067685716,0.50494117
4,9,0.06428982,0.0,0.0,0.0,0.0,0.0,0.0,0.36308327,0.067685716,0.50494117
4,9,0.06428982,0.0,0.0,0.0,0.0,0.0,0.0,0.36308327,0.067685716,0.50494117
4,9,0.06428982,0.0,0.0,0.0,0.0,0.0,0.0,0.36308327,0.067685716,0.50494117
4,9,0.06428982,0.0,0.0,0.0,0.0,0.0,0.0,0.36308327,0.067685716,0.50494117
4,9,0.064289816,0.0,0.0,0.0,0.0,0.0,0.0,0.24378353,0.067685716,0.62424093
4,9,0.064289816,0.0,0.0,0.0,0.0,0.0,0.0,0.24378353,0.067685716,0.62424093
4,9,0.064289816,0.0,0.0,0.0,0.0,0.0,0.0,0.24378353,0.067685716,0.62424093
4,9,0.064289816,0.0,0.0,0.0,0.0,0.0,0.0,0.24378353,0.067685716,0.62424093
4,9,0.064289816,0.0,0.0,0.0,0.0,0.0,0.0,0.24378353,0.067685716,0.62424093
4,9,0.064289816,0.0,0.0,0.0,0.0,0.0,0.0,0.24378353,0.067685716,0.62424093
4,9,0.064289816,0.0,0.0,0.0,0.0,0.0,0.0,0.24378353,0.067685716,0.62424093
4,9,0.064289816,0.0,0.0,0.0,0.0,0.0,0.0,0.24378353,0.067685716,0.62424093
4,9,0.064289816,0.0,0.0,0.0,0.0,0.0,0.0,0.24378353,0.067685716,0.62424093
4,9,0.064289816,0.0,0.0,0.0,0.0,0.0,0.0,0.24378353,0.067685716,0.62424093
4,9,0.064289816,0.0,0.0,0.0,0.0,0.0,0.0,0.24378353,0.067685716,0.62424093
4,9,0.064289816,0.0,0.0,0.0,0.0,0.0,0.0,0.24378353,0.067685716,0.62424093
4,9,0.064289816,0.0,0.0,0.0,0.0,0.0,0.0,0.24378353,0.067685716,0.62424093
4,9,0.064289816,0.0,0.0,0.0,0.0,0.0,0.0,0.24378353,0.067685716,0.62424093
4,9,0.064289816,0.0,0.0,0.0,0.0,0.0,0.0,0.24378353,0.067685716,0.62424093
4,9,0.064289816,0.0,0.0,0.0,0.0,0.0,0.0,0.24378353,0.067685716,0.62424093
4,9,0.064289816,0.0,0.0,0.0,0.0,0.0,0.0,0.24378353,0.067685716,0.62424093
4,9,0.064289816,0.0,0.0,0.0,0.0,0.0,0.0,0.24378353,0.067685716,0.62424093
4,9,0.064289816,0.0,0.0,0.0,0.0,0.0,0.0,0.24378353,0.067685716,0.62424093
4,9,0.064289816,0.0,0.0,0.0,0.0,0.0,0.0,0.24378353,0.067685716,0.62424093
4,9,0.064289816,0.0,0.0,0.0,0.0,0.0,0.0,0.24378353,0.067685716,0.62424093
4,9,0.064289816,0.0,0.0,0.0,0.0,0.0,0.0,0.24378353,0.067685716,0.62424093
4,9,0.064289816,0.0,0.0,0.0,0.0,0.0,0.0,0.24378353,0.067685716,0.62424093
4,9,0.064289816,0.0,0.0,0.0,0.0,0.0,0.0,0.24378353,0.067685716,0.62424093
4,9,0.064289816,0.0,0.0,0.0,0.0,0.0,0.0,0.24378353,0.067685716,0.62424093
4,9,0.064289816,0.0,0.0,0.0,0.0,0.0,0.0,0.24378353,0.067685716,0.62424093
4,9,0.064289816,0.0,0.0,0.0,0.0,0.0,0.0,0.24378353,0.067685716,0.62424093
4,9,0.064289816,0.0,0.0,0.0,0.0,0.0,0.0,0.24378353,0.067685716,0.62424093
4,9,0.064289816,0.0,0.0,0.0,0.0,0.0,0.0,0.24378353,0.067685716,0.62424093
4,9,0.064289816,0.0,0.0,0.0,0.0,0.0,0.0,0.24378353,0.067685716,0.62424093
4,9,0.064289816,0.0,0.0,0.0,0.0,0.0,0.0,0.24378353,0.067685716,0.62424093
4,9,0.064289816,0.0,0.0,0.0,0.0,0.0,0.0,0.24378353,0.067685716,0.62424093
4,9,0.12448217,0.0,0.0,0.0,0.0,0.0,0.0,0.18359117,0.067685716,0.62424093
4,9,0.12448217,0.0,0.0,0.0,0.0,0.0,0.0,0.18359117,0.067685716,0.62424093
4,9,0.12448217,0.0,0.0,0.0,0.0,0.0,0.0,0.18359117,0.067685716,0.62424093
4,9,0.12448217,0.0,0.0,0.0,0.0,0.0,0.0,0.18359117,0.067685716,0.62424093
4,9,0.12448217,0.0,0.0,0.0,0.0,0.0,0.0,0.18359117,0.067685716,0.62424093
4,9,0.12448217,0.0,0.0,0.0,0.0,0.0,0.0,0.18359117,0.067685716,0.62424093
4,9,0.12448217,0.0,0.0,0.0,0.0,0.0,0.0,0.18359117,0.067685716,0.62424093
4,9,0.12448217,0.0,0.0,0.0,0.0,0.0,0.0,0.18359117,0.067685716,0.62424093
4,9,0.12448217,0.0,0.0,0.0,0.0,0.0,0.0,0.18359117,0.067685716,0.62424093
4,9,0.12448217,0.0,0.0,0.0,0.0,0.0,0.0,0.18359117,0.067685716,0.62424093
4,9,0.12448217,0.0,0.0,0.0,0.0,0.0,0.0,0.18359117,0.067685716,0.62424093
4,9,0.12448217,0.0,0.0,0.0,0.0,0.0,0.0,0.18359117,0.067685716,0.62424093
4,9,0.12448217,0.0,0.0,0.0,0.0,0.0,0.0,0.18359117,0.067685716,0.62424093
4,9,0.12448217,0.0,0.0,0.0,0.0,0.0,0.0,0.18359117,0.067685716,0.62424093
3,9,0.12448217,0.0,0.0,0.0,0.0,0.0,0.0,0.18359117,0.067685716,0.62424093
3,9,0.12448217,0.0,0.0,0.0,0.0,0.0,0.0,0.18359117,0.067685716,0.62424093
3,9,0.12448218,0.0,0.0,0.0,0.0,0.0,0.0,0.12289474,0.067685716,0.6849374
3,9,0.12448218,0.0,0.0,0.0,0.0,0.0,0.0,0.12289474,0.067685716,0.6849374
3,9,0.12448218,0.0,0.0,0.0,0.0,0.0,0.0,0.12289474,0.067685716,0.6849374
3,9,0.12448218,0.0,0.0,0.0,0.0,0.0,0.0,0.12289474,0.067685716,0.6849374
3,9,0.12448218,0.0,0.0,0.0,0.0,0.0,0.0,0.12289474,0.067685716,0.6849374
3,9,0.12448218,0.0,0.0,0.0,0.0,0.0,0.0,0.12289474,0.067685716,0.6849374
3,9,0.12448218,0.0,0.0,0.0,0.0,0.0,0.0,0.12289474,0.067685716,0.6849374
3,9,0.12448218,0.0,0.0,0.0,0.0,0.0,0.0,0.12289474,0.067685716,0.6849374
3,9,0.12448218,0.0,0.0,0.0,0.0,0.0,0.0,0.12289474,0.067685716,0.6849374
3,9,0.12448218,0.0,0.0,0.0,0.0,0.0,0.0,0.12289474,0.067685716,0.6849374
3,9,0.12448218,0.0,0.0,0.0,0.0,0.0,0.0,0.12289474,0.067685716,0.6849374
3,9,0.12448218,0.0,0.0,0.0,0.0,0.0,0.0,0.12289474,0.067685716,0.6849374
3,9,0.124482185,0.0,0.0,0.0,0.0,0.0,0.06583643,0.12289475,0.06768572,0.6191009
3,9,0.124482185,0.0,0.0,0.0,0.0,0.0,0.06583643,0.12289475,0.06768572,0.6191009
3,9,0.124482185,0.0,0.0,0.0,0.0,0.0,0.06583643,0.12289475,0.06768572,0.6191009
3,9,0.124482185,0.0,0.0,0.0,0.0,0.0,0.06583643,0.12289475,0.06768572,0.6191009
3,9,0.124482185,0.0,0.0,0.0,0.0,0.0,0.06583643,0.12289475,0.06768572,0.6191009
3,9,0.124482185,0.0,0.0,0.0,0.0,0.0,0.06583643,0.12289475,0.06768572,0.6191009
3,9,0.124482185,0.0,0.0,0.0,0.0,0.0,0.12825844,0.060472738,0.06768572,0.6191009
3,9,0.124482185,0.0,0.0,0.0,0.0,0.0,0.12825844,0.060472738,0.06768572,0.6191009
3,9,0.124482185,0.0,0.0,0.0,0.0,0.0,0.12825844,0.060472738,0.06768572,0.6191009
3,9,0.124482185,0.0,0.0,0.0,0.0,0.0,0.12825844,0.060472738,0.06768572,0.6191009
3,9,0.124482185,0.0,0.0,0.0,0.0,0.0,0.12825844,0.060472738,0.06768572,0.6191009
3,9,0.124482185,0.0,0.0,0.0,0.0,0.0,0.12825844,0.060472738,0.06768572,0.6191009
3,9,0.124482185,0.0,0.0,0.0,0.0,0.0,0.12825844,0.060472738,0.06768572,0.6191009
3,9,0.124482185,0.0,0.0,0.0,0.0,0.0,0.12825844,0.060472738,0.06768572,0.6191009
3,9,0.124482185,0.0,0.0,0.0,0.0,0.0,0.12825844,0.060472738,0.06768572,0.6191009
3,9,0.124482185,0.0,0.0,0.0,0.0,0.0,0.12825844,0.060472738,0.06768572,0.6191009
3,9,0.124482185,0.0,0.0,0.0,0.0,0.0,0.12825844,0.060472738,0.06768572,0.6191009
3,9,0.124482185,0.0,0.0,0.0,0.0,0.0,0.12825844,0.060472738,0.06768572,0.6191009
3,9,0.124482185,0.0,0.0,0.0,0.0,0.0,0.12825844,0.060472738,0.06768572,0.6191009
3,9,0.124482185,0.0,0.0,0.0,0.0,0.0,0.12825844,0.060472738,0.06768572,0.6191009
3,9,0.124482185,0.0,0.0,0.0,0.0,0.0,0.12825844,0.060472738,0.06768572,0.6191009
3,9,0.124482185,0.0,0.0,0.0,0.0,0.0,0.12825844,0.060472738,0.06768572,0.6191009
3,9,0.124482185,0.0,0.0,0.0,0.0,0.0,0.12825844,0.060472738,0.06768572,0.6191009
3,9,0.124482185,0.0,0.0,0.0,0.0,0.0,0.12825844,0.060472738,0.06768572,0.6191009
3,9,0.124482185,0.0,0.0,0.0,0.0,0.0,0.12825844,0.060472738,0.06768572,0.6191009
3,9,0.124482185,0.0,0.0,0.0,0.0,0.0,0.12825844,0.060472738,0.06768572,0.6191009
3,9,0.124482185,0.0,0.0,0.0,0.0,0.0,0.12825844,0.060472738,0.06768572,0.6191009
3,9,0.124482185,0.0,0.0,0.0,0.0,0.0,0.12825844,0.060472738,0.06768572,0.6191009
3,9,0.124482185,0.0,0.0,0.0,0.0,0.0,0.12825844,0.060472738,0.06768572,0.6191009
3,9,0.124482185,0.0,0.0,0.0,0.0,0.0,0.12825844,0.060472738,0.06768572,0.6191009
3,9,0.124482185,0.0,0.0,0.0,0.0,0.0,0.12825844,0.060472738,0.06768572,0.6191009
3,9,0.124482185,0.0,0.0,0.0,0.0,0.0,0.12825844,0.060472738,0.06768572,0.6191009
3,9,0.124482185,0.0,0.0,0.0,0.0,0.0,0.12825844,0.060472738,0.06768572,0.6191009
3,9,0.124482185,0.0,0.0,0.0,0.0,0.0,0.12825844,0.060472738,0.06768572,0.6191009
3,9,0.124482185,0.0,0.0,0.0,0.0,0.0,0.12825844,0.060472738,0.06768572,0.6191009
3,9,0.124482185,0.0,0.0,0.0,0.0,0.0,0.12825844,0.060472738,0.06768572,0.6191009
3,9,0.124482185,0.0,0.0,0.0,0.0,0.0,0.12825844,0.060472738,0.06768572,0.6191009
3,9,0.124482185,0.0,0.0,0.0,0.0,0.0,0.12825844,0.060472738,0.06768572,0.6191009
3,9,0.124482185,0.0,0.0,0.0,0.0,0.0,0.12825844,0.060472738,0.06768572,0.6191009
3,9,0.124482185,0.0,0.0,0.0,0.0,0.0,0.12825844,0.060472738,0.06768572,0.6191009
3,9,0.124482185,0.0,0.0,0.0,0.0,0.0,0.12825844,0.060472738,0.06768572,0.6191009
3,9,0.124482185,0.0,0.0,0.0,0.0,0.0,0.12825844,0.060472738,0.06768572,0.6191009
3,9,0.124482185,0.0,0.0,0.0,0.0,0.0,0.12825844,0.060472738,0.06768572,0.6191009
3,9,0.124482185,0.0,0.0,0.0,0.0,0.0,0.12825844,0.060472738,0.06768572,0.6191009
3,9,0.124482185,0.0,0.0,0.0,0.0,0.0,0.12825844,0.060472738,0.06768572,0.6191009
3,9,0.124482185,0.0,0.0,0.0,0.0,0.0,0.12825844,0.060472738,0.06768572,0.6191009
3,9,0.124482185,0.0,0.0,0.0,0.0,0.0,0.12825844,0.060472738,0.06768572,0.6191009
3,9,0.124482185,0.0,0.0,0.0,0.0,0.0,0.12825844,0.060472738,0.06768572,0.6191009
3,9,0.12448217,0.0,0.0,0.0,0.0,0.0,0.18895486,0.06047273,0.067685716,0.5584045
3,9,0.12448217,0.0,0.0,0.0,0.0,0.0,0.18895486,0.06047273,0.067685716,0.5584045
3,9,0.12448217,0.0,0.0,0.0,0.0,0.0,0.18895486,0.06047273,0.067685716,0.5584045
3,9,0.12448217,0.0,0.0,0.0,0.0,0.0,0.18895486,0.06047273,0.067685716,0.5584045
3,9,0.12448217,0.0,0.0,0.0,0.0,0.0,0.18895486,0.06047273,0.067685716,0.5584045
3,9,0.12448217,0.0,0.0,0.0,0.0,0.0,0.18895486,0.06047273,0.067685716,0.5584045
3,9,0.12448217,0.0,0.0,0.0,0.0,0.0,0.18895486,0.06047273,0.067685716,0.5584045
3,9,0.12448217,0.0,0.0,0.0,0.0,0.0,0.18895486,0.06047273,0.067685716,0.5584045
3,9,0.12448217,0.0,0.0,0.0,0.0,0.0,0.18895486,0.06047273,0.067685716,0.5584045
3,9,0.12448217,0.0,0.0,0.0,0.0,0.0,0.18895486,0.06047273,0.067685716,0.5584045
3,9,0.12448217,0.0,0.0,0.0,0.0,0.0,0.18895486,0.06047273,0.067685716,0.5584045
3,9,0.12448217,0.0,0.0,0.0,0.0,0.0,0.18895486,0.06047273,0.067685716,0.5584045
3,9,0.12448218,0.0,0.0,0.0,0.0,0.0,0.24851494,0.060472734,0.067685716,0.49884447
3,9,0.12448218,0.0,0.0,0.0,0.0,0.0,0.24851494,0.060472734,0.067685716,0.49884447
3,9,0.12448218,0.0,0.0,0.0,0.0,0.0,0.24851494,0.060472734,0.067685716,0.49884447
3,9,0.12448218,0.0,0.0,0.0,0.0,0.0,0.24851494,0.060472734,0.067685716,0.49884447
3,9,0.12448218,0.0,0.0,0.0,0.0,0.0,0.24851494,0.060472734,0.067685716,0.49884447
3,9,0.12448218,0.0,0.0,0.0,0.0,0.0,0.24851494,0.060472734,0.067685716,0.49884447
3,9,0.12448218,0.0,0.0,0.0,0.0,0.0,0.24851494,0.060472734,0.067685716,0.49884447
3,9,0.12448218,0.0,0.0,0.0,0.0,0.0,0.24851494,0.060472734,0.067685716,0.49884447
3,6,0.12448218,0.0,0.0,0.0,0.0,0.0,0.44380194,0.0,0.0,0.43171588
3,6,0.12448218,0.0,0.0,0.0,0.0,0.0,0.44380194,0.0,0.0,0.43171588
3,6,0.12448218,0.0,0.0,0.0,0.0,0.0,0.44380194,0.0,0.0,0.43171588
3,6,0.12448218,0.0,0.0,0.0,0.0,0.0,0.44380194,0.0,0.0,0.43171588
3,6,0.12448218,0.0,0.0,0.0,0.0,0.0,0.44380194,0.0,0.0,0.43171588
3,6,0.12448218,0.0,0.0,0.0,0.0,0.0,0.44380194,0.0,0.0,0.43171588
3,6,0.12448218,0.0,0.0,0.0,0.0,0.0,0.44380194,0.0,0.0,0.43171588
3,6,0.12448218,0.0,0.0,0.0,0.0,0.0,0.44380194,0.0,0.0,0.43171588
3,6,0.12448218,0.0,0.0,0.0,0.0,0.0,0.5022381,0.0,0.0,0.37327975
3,6,0.12448218,0.0,0.0,0.0,0.0,0.0,0.5022381,0.0,0.0,0.37327975
3,6,0.12448218,0.0,0.0,0.0,0.0,0.0,0.5022381,0.0,0.0,0.37327975
3,6,0.12448218,0.0,0.0,0.0,0.0,0.0,0.5022381,0.0,0.0,0.37327975
3,6,0.12448218,0.0,0.0,0.0,0.0,0.0,0.5022381,0.0,0.0,0.37327975
3,6,0.064289816,0.0,0.0,0.0,0.0,0.0,0.5624305,0.0,0.0,0.37327972
3,6,0.064289816,0.0,0.0,0.0,0.0,0.0,0.5624305,0.0,0.0,0.37327972
3,6,0.064289816,0.0,0.0,0.0,0.0,0.0,0.5624305,0.0,0.0,0.37327972
3,6,0.064289816,0.0,0.0,0.0,0.0,0.0,0.6240272,0.0,0.0,0.31168303
3,6,0.064289816,0.0,0.0,0.0,0.0,0.0,0.6240272,0.0,0.0,0.31168303
3,6,0.064289816,0.0,0.0,0.0,0.0,0.0,0.6240272,0.0,0.0,0.31168303
3,6,0.064289816,0.0,0.0,0.0,0.0,0.0,0.6240272,0.0,0.0,0.31168303
3,6,0.064289816,0.0,0.0,0.0,0.0,0.0,0.6240272,0.0,0.0,0.31168303
3,6,0.064289816,0.0,0.0,0.0,0.0,0.0,0.6240272,0.0,0.0,0.31168303
3,6,0.064289816,0.0,0.0,0.0,0.0,0.0,0.6240272,0.0,0.0,0.31168303
3,6,0.064289816,0.0,0.0,0.0,0.0,0.0,0.6240272,0.0,0.0,0.31168303
3,6,0.064289816,0.0,0.0,0.0,0.0,0.0,0.6240272,0.0,0.0,0.31168303
3,6,0.064289816,0.0,0.0,0.0,0.0,0.0,0.684268,0.0,0.0,0.25144216
3,6,0.064289816,0.0,0.0,0.0,0.0,0.0,0.684268,0.0,0.0,0.25144216
3,6,0.064289816,0.0,0.0,0.0,0.0,0.0,0.684268,0.0,0.0,0.25144216
3,6,0.064289816,0.0,0.0,0.0,0.0,0.0,0.684268,0.0,0.0,0.25144216
3,6,0.064289816,0.0,0.0,0.0,0.0,0.0,0.684268,0.0,0.0,0.25144216
3,6,0.064289816,0.0,0.0,0.0,0.0,0.0,0.684268,0.0,0.0,0.25144216
3,6,0.064289816,0.0,0.0,0.0,0.0,0.0,0.684268,0.0,0.0,0.25144216
3,6,0.064289816,0.0,0.0,0.0,0.0,0.0,0.684268,0.0,0.0,0.25144216
3,6,0.064289816,0.0,0.0,0.0,0.0,0.0,0.684268,0.0,0.0,0.25144216
3,6,0.064289816,0.0,0.0,0.0,0.0,0.0,0.684268,0.0,0.0,0.25144216
3,6,0.064289816,0.0,0.0,0.0,0.0,0.0,0.684268,0.0,0.0,0.25144216
3,6,0.064289816,0.0,0.0,0.0,0.0,0.0,0.684268,0.0,0.0,0.25144216
3,6,0.064289816,0.0,0.0,0.0,0.0,0.0,0.684268,0.0,0.0,0.25144216
3,6,0.064289816,0.0,0.0,0.0,0.0,0.0,0.684268,0.0,0.0,0.25144216
3,6,0.064289816,0.0,0.0,0.0,0.0,0.0,0.684268,0.0,0.0,0.25144216
3,6,0.064289816,0.0,0.0,0.0,0.0,0.0,0.684268,0.0,0.0,0.25144216
3,6,0.064289816,0.0,0.0,0.0,0.0,0.0,0.684268,0.0,0.0,0.25144216
3,6,0.064289816,0.0,0.0,0.0,0.0,0.0,0.684268,0.0,0.0,0.25144216
3,6,0.064289816,0.0,0.0,0.0,0.0,0.0,0.684268,0.0,0.0,0.25144216
3,6,0.064289816,0.0,0.0,0.0,0.0,0.0,0.684268,0.0,0.0,0.25144216
3,6,0.064289816,0.0,0.0,0.0,0.0,0.0,0.684268,0.0,0.0,0.25144216
3,6,0.064289816,0.0,0.0,0.0,0.0,0.0,0.684268,0.0,0.0,0.25144216
3,6,0.064289816,0.0,0.0,0.0,0.0,0.0,0.684268,0.0,0.0,0.25144216
3,6,0.06428982,0.0,0.0,0.0,0.0,0.0,0.8067473,0.0,0.0,0.1289629
3,6,0.06428982,0.0,0.0,0.0,0.0,0.0,0.8067473,0.0,0.0,0.1289629
3,6,0.06428982,0.0,0.0,0.0,0.0,0.0,0.8067473,0.0,0.0,0.1289629
3,6,0.06428982,0.0,0.0,0.0,0.0,0.0,0.8067473,0.0,0.0,0.1289629
3,6,0.06428982,0.0,0.0,0.0,0.0,0.0,0.8067473,0.0,0.0,0.1289629
3,6,0.06428982,0.0,0.0,0.0,0.0,0.0,0.8067473,0.0,0.0,0.1289629
3,6,0.06428982,0.0,0.0,0.0,0.0,0.0,0.8067473,0.0,0.0,0.1289629
3,6,0.06428982,0.0,0.0,0.0,0.0,0.0,0.8067473,0.0,0.0,0.1289629
3,6,0.06428982,0.0,0.0,0.0,0.0,0.0,0.8067473,0.0,0.0,0.1289629
3,6,0.06428982,0.0,0.0,0.0,0.0,0.0,0.8067473,0.0,0.0,0.1289629
3,6,0.06428982,0.0,0.0,0.0,0.0,0.0,0.8067473,0.0,0.0,0.1289629
3,6,0.06428982,0.0,0.0,0.0,0.0,0.0,0.8067473,0.0,0.0,0.1289629
3,6,0.06428982,0.0,0.0,0.0,0.0,0.0,0.8067473,0.0,0.0,0.1289629
3,6,0.06428982,0.0,0.0,0.0,0.0,0.0,0.8067473,0.0,0.0,0.1289629
3,6,0.06428982,0.0,0.0,0.0,0.0,0.0,0.8067473,0.0,0.0,0.1289629
3,6,0.06428982,0.0,0.0,0.0,0.0,0.0,0.8067473,0.0,0.0,0.1289629
3,6,0.06428982,0.0,0.0,0.0,0.0,0.0,0.9357102,0.0,0.0,0.0
3,6,0.06428982,0.0,0.0,0.0,0.0,0.0,0.9357102,0.0,0.0,0.0
3,6,0.06428982,0.0,0.0,0.0,0.0,0.0,0.9357102,0.0,0.0,0.0
3,6,0.06428982,0.0,0.0,0.0,0.0,0.0,0.9357102,0.0,0.0,0.0
3,6,0.06428982,0.0,0.0,0.0,0.0,0.0,0.9357102,0.0,0.0,0.0
3,6,0.06428982,0.0,0.0,0.0,0.0,0.0,0.9357102,0.0,0.0,0.0
3,6,0.06428982,0.0,0.0,0.0,0.0,0.0,0.9357102,0.0,0.0,0.0
3,6,0.06428982,0.0,0.0,0.0,0.0,0.0,0.9357102,0.0,0.0,0.0
3,6,0.06428982,0.0,0.0,0.0,0.0,0.0,0.9357102,0.0,0.0,0.0
3,6,0.06428982,0.0,0.0,0.0,0.0,0.0,0.9357102,0.0,0.0,0.0
3,6,0.06428982,0.0,0.0,0.0,0.0,0.0,0.9357102,0.0,0.0,0.0
3,6,0.06428982,0.0,0.0,0.0,0.0,0.0,0.9357102,0.0,0.0,0.0
3,6,0.06428982,0.0,0.0,0.0,0.0,0.0,0.9357102,0.0,0.0,0.0
3,6,0.06428982,0.0,0.0,0.0,0.0,0.0,0.9357102,0.0,0.0,0.0
3,6,0.06428982,0.0,0.0,0.0,0.0,0.0,0.9357102,0.0,0.0,0.0
3,6,0.06428982,0.0,0.0,0.0,0.0,0.0,0.9357102,0.0,0.0,0.0
3,6,0.06428982,0.0,0.0,0.0,0.0,0.0,0.9357102,0.0,0.0,0.0
3,6,0.06428982,0.0,0.0,0.0,0.0,0.0,0.9357102,0.0,0.0,0.0
3,6,0.06428982,0.0,0.0,0.0,0.0,0.0,0.9357102,0.0,0.0,0.0
3,6,0.06428982,0.0,0.0,0.0,0.0,0.0,0.9357102,0.0,0.0,0.0
3,6,0.06428982,0.0,0.0,0.0,0.0,0.0,0.9357102,0.0,0.0,0.0
3,6,0.06428982,0.0,0.0,0.0,0.0,0.0,0.9357102,0.0,0.0,0.0
3,6,0.06428982,0.0,0.0,0.0,0.0,0.0,0.9357102,0.0,0.0,0.0
3,6,0.06428982,0.0,0.0,0.0,0.0,0.0,0.9357102,0.0,0.0,0.0
3,6,0.06428982,0.0,0.0,0.0,0.0,0.0,0.9357102,0.0,0.0,0.0
3,6,0.06428982,0.0,0.0,0.0,0.0,0.0,0.9357102,0.0,0.0,0.0
3,6,0.06428982,0.0,0.0,0.0,0.0,0.0,0.9357102,0.0,0.0,0.0
3,6,0.06428982,0.0,0.0,0.0,0.0,0.0,0.9357102,0.0,0.0,0.0
3,6,0.06428982,0.0,0.0,0.0,0.0,0.0,0.9357102,0.0,0.0,0.0
3,6,0.06428982,0.0,0.0,0.0,0.0,0.0,0.9357102,0.0,0.0,0.0
3,6,0.06428982,0.0,0.0,0.0,0.0,0.0,0.9357102,0.0,0.0,0.0
3,6,0.06428982,0.0,0.0,0.0,0.0,0.0,0.9357102,0.0,0.0,0.0
3,6,0.06428982,0.0,0.0,0.0,0.0,0.0,0.9357102,0.0,0.0,0.0
3,6,0.06428982,0.0,0.0,0.0,0.0,0.0,0.9357102,0.0,0.0,0.0
3,6,0.06428982,0.0,0.0,0.0,0.0,0.0,0.9357102,0.0,0.0,0.0
3,6,0.06428982,0.0,0.0,0.0,0.0,0.0,0.9357102,0.0,0.0,0.0
3,6,0.06428982,0.0,0.0,0.0,0.0,0.0,0.9357102,0.0,0.0,0.0
3,6,0.06428982,0.0,0.0,0.0,0.0,0.0,0.9357102,0.0,0.0,0.0
3,6,0.06428982,0.0,0.0,0.0,0.0,0.0,0.9357102,0.0,0.0,0.0
3,6,0.06428982,0.0,0.0,0.0,0.0,0.0,0.9357102,0.0,0.0,0.0
3,6,0.06428982,0.0,0.0,0.0,0.0,0.0,0.9357102,0.0,0.0,0.0
3,6,0.06428982,0.0,0.0,0.0,0.0,0.0,0.9357102,0.0,0.0,0.0
3,6,0.06428982,0.0,0.0,0.0,0.0,0.0,0.9357102,0.0,0.0,0.0
3,6,0.06428982,0.0,0.0,0.0,0.0,0.0,0.9357102,0.0,0.0,0.0
3,6,0.06428982,0.0,0.0,0.0,0.0,0.0,0.9357102,0.0,0.0,0.0
3,6,0.06428982,0.0,0.0,0.0,0.0,0.0,0.9357102,0.0,0.0,0.0
3,6,0.06428982,0.0,0.0,0.0,0.0,0.0,0.9357102,0.0,0.0,0.0
3,6,0.06428982,0.0,0.0,0.0,0.0,0.0,0.9357102,0.0,0.0,0.0
3,6,0.06428982,0.0,0.0,0.0,0.0,0.0,0.9357102,0.0,0.0,0.0
3,6,0.06428982,0.0,0.0,0.0,0.0,0.0,0.9357102,0.0,0.0,0.0
3,6,0.06428982,0.0,0.0,0.0,0.0,0.0,0.9357102,0.0,0.0,0.0
3,6,0.06428982,0.0,0.0,0.0,0.0,0.0,0.9357102,0.0,0.0,0.0
3,6,0.06428982,0.0,0.0,0.0,0.0,0.0,0.9357102,0.0,0.0,0.0
3,6,0.06428982,0.0,0.0,0.0,0.0,0.0,0.9357102,0.0,0.0,0.0
3,6,0.06428982,0.0,0.0,0.0,0.0,0.0,0.9357102,0.0,0.0,0.0
3,6,0.06428982,0.0,0.0,0.0,0.0,0.0,0.9357102,0.0,0.0,0.0
3,6,0.06428982,0.0,0.0,0.0,0.0,0.0,0.9357102,0.0,0.0,0.0
3,6,0.06428982,0.0,0.0,0.0,0.0,0.0,0.9357102,0.0,0.0,0.0
3,6,0.06428982,0.0,0.0,0.0,0.0,0.0,0.9357102,0.0,0.0,0.0
3,6,0.06428982,0.0,0.0,0.0,0.0,0.0,0.9357102,0.0,0.0,0.0
3,6,0.06428982,0.0,0.0,0.0,0.0,0.0,0.9357102,0.0,0.0,0.0
3,6,0.06428982,0.0,0.0,0.0,0.0,0.0,0.9357102,0.0,0.0,0.0
3,6,0.06428982,0.0,0.0,0.0,0.0,0.0,0.9357102,0.0,0.0,0.0
3,6,0.06428982,0.0,0.0,0.0,0.0,0.0,0.9357102,0.0,0.0,0.0
3,6,0.06428982,0.0,0.0,0.0,0.0,0.0,0.9357102,0.0,0.0,0.0
3,6,0.06428982,0.0,0.0,0.0,0.0,0.0,0.9357102,0.0,0.0,0.0
3,6,0.06428982,0.0,0.0,0.0,0.0,0.0,0.9357102,0.0,0.0,0.0
3,6,0.06428982,0.0,0.0,0.0,0.0,0.0,0.9357102,0.0,0.0,0.0
3,6,0.06428982,0.0,0.0,0.0,0.0,0.0,0.9357102,0.0,0.0,0.0
3,6,0.06428982,0.0,0.0,0.0,0.0,0.0,0.9357102,0.0,0.0,0.0
3,6,0.06428982,0.0,0.0,0.0,0.0,0.0,0.9357102,0.0,0.0,0.0
3,6,0.06428982,0.0,0.0,0.0,0.0,0.0,0.9357102,0.0,0.0,0.0
3,6,0.06428982,0.0,0.0,0.0,0.0,0.0,0.9357102,0.0,0.0,0.0
3,6,0.06428982,0.0,0.0,0.0,0.0,0.0,0.9357102,0.0,0.0,0.0
3,6,0.06428982,0.0,0.0,0.0,0.0,0.0,0.9357102,0.0,0.0,0.0
3,6,0.06428982,0.0,0.0,0.0,0.0,0.0,0.9357102,0.0,0.0,0.0
3,6,0.06428982,0.0,0.0,0.0,0.0,0.0,0.9357102,0.0,0.0,0.0
3,6,0.06428982,0.0,0.0,0.0,0.0,0.0,0.9357102,0.0,0.0,0.0
3,6,0.06428982,0.0,0.0,0.0,0.0,0.0,0.9357102,0.0,0.0,0.0
3,6,0.06428982,0.0,0.0,0.0,0.0,0.0,0.9357102,0.0,0.0,0.0
3,6,0.06428982,0.0,0.0,0.0,0.0,0.0,0.9357102,0.0,0.0,0.0
3,6,0.06428982,0.0,0.0,0.0,0.0,0.0,0.9357102,0.0,0.0,0.0
3,6,0.06428982,0.0,0.0,0.0,0.0,0.0,0.9357102,0.0,0.0,0.0
3,6,0.06428982,0.0,0.0,0.0,0.0,0.0,0.9357102,0.0,0.0,0.0
3,6,0.06428982,0.0,0.0,0.0,0.0,0.0,0.9357102,0.0,0.0,0.0
3,6,0.06428982,0.0,0.0,0.0,0.0,0.0,0.9357102,0.0,0.0,0.0
3,6,0.06428982,0.0,0.0,0.0,0.0,0.0,0.9357102,0.0,0.0,0.0
3,6,0.06428982,0.0,0.0,0.0,0.0,0.0,0.9357102,0.0,0.0,0.0
3,6,0.06428982,0.0,0.0,0.0,0.0,0.0,0.9357102,0.0,0.0,0.0
3,6,0.06428982,0.0,0.0,0.0,0.0,0.0,0.9357102,0.0,0.0,0.0
3,6,0.06428982,0.0,0.0,0.0,0.0,0.0,0.9357102,0.0,0.0,0.0
3,6,0.06428982,0.0,0.0,0.0,0.0,0.0,0.9357102,0.0,0.0,0.0
3,6,0.06428982,0.0,0.0,0.0,0.0,0.0,0.9357102,0.0,0.0,0.0
3,6,0.06428982,0.0,0.0,0.0,0.0,0.0,0.9357102,0.0,0.0,0.0
3,6,0.06428982,0.0,0.0,0.0,0.0,0.0,0.9357102,0.0,0.0,0.0
3,6,0.06428982,0.0,0.0,0.0,0.0,0.0,0.9357102,0.0,0.0,0.0
3,6,0.0,0.0,0.0,0.0,0.0,0.0,1.0,0.0,0.0,0.0
3,6,0.0,0.0,0.0,0.0,0.0,0.0,1.0,0.0,0.0,0.0
3,6,0.0,0.0,0.0,0.0,0.0,0.0,1.0,0.0,0.0,0.0
3,6,0.0,0.0,0.0,0.0,0.0,0.0,1.0,0.0,0.0,0.0
3,6,0.0,0.0,0.0,0.0,0.0,0.0,1.0,0.0,0.0,0.0
3,6,0.0,0.0,0.0,0.0,0.0,0.0,1.0,0.0,0.0,0.0
3,6,0.0,0.0,0.0,0.0,0.0,0.0,1.0,0.0,0.0,0.0
3,6,0.0,0.0,0.0,0.0,0.0,0.0,1.0,0.0,0.0,0.0
3,6,0.0,0.0,0.0,0.0,0.0,0.0,1.0,0.0,0.0,0.0
3,6,0.0,0.0,0.0,0.0,0.0,0.0,1.0,0.0,0.0,0.0
3,6,0.0,0.0,0.0,0.0,0.0,0.0,1.0,0.0,0.0,0.0
3,6,0.0,0.0,0.0,0.0,0.0,0.0,1.0,0.0,0.0,0.0
3,6,0.0,0.0,0.0,0.0,0.0,0.0,1.0,0.0,0.0,0.0
3,6,0.0,0.0,0.0,0.0,0.0,0.0,1.0,0.0,0.0,0.0
3,6,0.0,0.0,0.0,0.0,0.0,0.0,1.0,0.0,0.0,0.0
3,6,0.0,0.0,0.0,0.0,0.0,0.0,1.0,0.0,0.0,0.0
3,6,0.0,0.0,0.0,0.0,0.0,0.0,1.0,0.0,0.0,0.0
3,6,0.0,0.0,0.0,0.0,0.0,0.0,1.0,0.0,0.0,0.0
3,6,0.0,0.0,0.0,0.0,0.0,0.0,1.0,0.0,0.0,0.0
3,6,0.0,0.0,0.0,0.0,0.0,0.0,1.0,0.0,0.0,0.0
3,6,0.0,0.0,0.0,0.0,0.0,0.0,1.0,0.0,0.0,0.0
3,6,0.0,0.0,0.0,0.0,0.0,0.0,1.0,0.0,0.0,0.0
3,6,0.0,0.0,0.0,0.0,0.0,0.0,1.0,0.0,0.0,0.0
3,6,0.0,0.0,0.0,0.0,0.0,0.0,1.0,0.0,0.0,0.0
3,6,0.0,0.0,0.0,0.0,0.0,0.0,1.0,0.0,0.0,0.0
3,6,0.0,0.0,0.0,0.0,0.0,0.0,1.0,0.0,0.0,0.0
3,6,0.0,0.0,0.0,0.0,0.0,0.0,1.0,0.0,0.0,0.0
3,6,0.0,0.0,0.0,0.0,0.0,0.0,1.0,0.0,0.0,0.0
3,6,0.0,0.0,0.0,0.0,0.0,0.0,1.0,0.0,0.0,0.0
3,6,0.0,0.0,0.0,0.0,0.0,0.0,1.0,0.0,0.0,0.0
3,6,0.0,0.0,0.0,0.0,0.0,0.0,1.0,0.0,0.0,0.0
3,6,0.0,0.0,0.0,0.0,0.0,0.0,1.0,0.0,0.0,0.0
3,6,0.0,0.0,0.0,0.0,0.0,0.0,1.0,0.0,0.0,0.0
3,6,0.0,0.0,0.0,0.0,0.0,0.0,1.0,0.0,0.0,0.0
3,6,0.0,0.0,0.0,0.0,0.0,0.0,1.0,0.0,0.0,0.0
3,6,0.0,0.0,0.0,0.0,0.0,0.0,1.0,0.0,0.0,0.0
3,6,0.0,0.0,0.0,0.0,0.0,0.0,1.0,0.0,0.0,0.0
3,6,0.0,0.0,0.0,0.0,0.0,0.0,1.0,0.0,0.0,0.0
3,6,0.0,0.0,0.0,0.0,0.0,0.0,1.0,0.0,0.0,0.0
3,6,0.0,0.0,0.0,0.0,0.0,0.0,1.0,0.0,0.0,0.0
3,6,0.0,0.0,0.0,0.0,0.0,0.0,1.0,0.0,0.0,0.0
3,6,0.0,0.0,0.0,0.0,0.0,0.0,1.0,0.0,0.0,0.0
3,6,0.0,0.0,0.0,0.0,0.0,0.0,1.0,0.0,0.0,0.0
3,6,0.0,0.0,0.0,0.0,0.0,0.0,1.0,0.0,0.0,0.0
3,6,0.0,0.0,0.0,0.0,0.0,0.0,1.0,0.0,0.0,0.0
3,6,0.0,0.0,0.0,0.0,0.0,0.0,1.0,0.0,0.0,0.0
3,6,0.0,0.0,0.0,0.0,0.0,0.0,1.0,0.0,0.0,0.0
3,6,0.0,0.0,0.0,0.0,0.0,0.0,1.0,0.0,0.0,0.0
3,6,0.0,0.0,0.0,0.0,0.0,0.0,1.0,0.0,0.0,0.0
3,6,0.0,0.0,0.0,0.0,0.0,0.0,1.0,0.0,0.0,0.0
3,6,0.0,0.0,0.0,0.0,0.0,0.0,1.0,0.0,0.0,0.0
3,6,0.0,0.0,0.0,0.0,0.0,0.0,1.0,0.0,0.0,0.0
3,6,0.0,0.0,0.0,0.0,0.0,0.0,1.0,0.0,0.0,0.0
3,6,0.0,0.0,0.0,0.0,0.0,0.0,1.0,0.0,0.0,0.0
3,6,0.0,0.0,0.0,0.0,0.0,0.0,1.0,0.0,0.0,0.0
3,6,0.0,0.0,0.0,0.0,0.0,0.0,1.0,0.0,0.0,0.0
3,6,0.0,0.0,0.0,0.0,0.0,0.0,1.0,0.0,0.0,0.0
3,6,0.0,0.0,0.0,0.0,0.0,0.0,1.0,0.0,0.0,0.0
3,6,0.0,0.0,0.0,0.0,0.0,0.0,1.0,0.0,0.0,0.0
3,6,0.0,0.0,0.0,0.0,0.0,0.0,1.0,0.0,0.0,0.0
3,6,0.0,0.0,0.0,0.0,0.0,0.0,1.0,0.0,0.0,0.0
3,6,0.0,0.0,0.0,0.0,0.0,0.0,1.0,0.0,0.0,0.0
3,6,0.0,0.0,0.0,0.0,0.0,0.0,1.0,0.0,0.0,0.0
3,6,0.0,0.0,0.0,0.0,0.0,0.0,1.0,0.0,0.0,0.0
3,6,0.0,0.0,0.0,0.0,0.0,0.0,1.0,0.0,0.0,0.0
3,6,0.0,0.0,0.0,0.0,0.0,0.0,1.0,0.0,0.0,0.0
3,6,0.0,0.0,0.0,0.0,0.0,0.0,1.0,0.0,0.0,0.0
3,6,0.0,0.0,0.0,0.0,0.0,0.0,1.0,0.0,0.0,0.0
3,6,0.0,0.0,0.0,0.0,0.0,0.0,1.0,0.0,0.0,0.0
3,6,0.0,0.0,0.0,0.0,0.0,0.0,1.0,0.0,0.0,0.0
3,6,0.0,0.0,0.0,0.0,0.0,0.0,1.0,0.0,0.0,0.0
3,6,0.0,0.0,0.0,0.0,0.0,0.0,1.0,0.0,0.0,0.0
3,6,0.0,0.0,0.0,0.0,0.0,0.0,1.0,0.0,0.0,0.0
3,6,0.0,0.0,0.0,0.0,0.0,0.0,1.0,0.0,0.0,0.0
3,6,0.0,0.0,0.0,0.0,0.0,0.0,1.0,0.0,0.0,0.0
3,6,0.0,0.0,0.0,0.0,0.0,0.0,1.0,0.0,0.0,0.0
3,6,0.0,0.0,0.0,0.0,0.0,0.0,1.0,0.0,0.0,0.0
3,6,0.0,0.0,0.0,0.0,0.0,0.0,1.0,0.0,0.0,0.0
3,6,0.0,0.0,0.0,0.0,0.0,0.0,1.0,0.0,0.0,0.0
3,6,0.0,0.0,0.0,0.0,0.0,0.0,1.0,0.0,0.0,0.0
3,6,0.0,0.0,0.0,0.0,0.0,0.0,1.0,0.0,0.0,0.0
3,6,0.0,0.0,0.0,0.0,0.0,0.0,1.0,0.0,0.0,0.0
3,6,0.0,0.0,0.0,0.0,0.0,0.0,1.0,0.0,0.0,0.0
3,6,0.0,0.0,0.0,0.0,0.0,0.0,1.0,0.0,0.0,0.0
3,6,0.0,0.0,0.0,0.0,0.0,0.0,1.0,0.0,0.0,0.0
3,6,0.0,0.0,0.0,0.0,0.0,0.0,1.0,0.0,0.0,0.0
3,6,0.0,0.0,0.0,0.0,0.0,0.0,1.0,0.0,0.0,0.0
3,6,0.0,0.0,0.0,0.0,0.0,0.0,1.0,0.0,0.0,0.0
3,6,0.0,0.0,0.0,0.0,0.0,0.0,1.0,0.0,0.0,0.0
3,6,0.0,0.0,0.0,0.0,0.0,0.0,1.0,0.0,0.0,0.0
3,6,0.0,0.0,0.0,0.0,0.0,0.0,1.0,0.0,0.0,0.0
3,6,0.0,0.0,0.0,0.0,0.0,0.0,1.0,0.0,0.0,0.0
3,6,0.0,0.0,0.0,0.0,0.0,0.0,1.0,0.0,0.0,0.0
3,6,0.0,0.0,0.0,0.0,0.0,0.0,1.0,0.0,0.0,0.0
3,6,0.0,0.0,0.0,0.0,0.0,0.0,1.0,0.0,0.0,0.0
3,6,0.0,0.0,0.0,0.0,0.0,0.0,1.0,0.0,0.0,0.0
3,6,0.0,0.0,0.0,0.0,0.0,0.0,1.0,0.0,0.0,0.0
3,6,0.0,0.0,0.0,0.0,0.0,0.0,1.0,0.0,0.0,0.0
3,6,0.0,0.0,0.0,0.0,0.0,0.0,1.0,0.0,0.0,0.0
3,6,0.0,0.0,0.0,0.0,0.0,0.0,1.0,0.0,0.0,0.0
3,6,0.0,0.0,0.0,0.0,0.0,0.0,1.0,0.0,0.0,0.0
3,6,0.0,0.0,0.0,0.0,0.0,0.0,1.0,0.0,0.0,0.0
3,6,0.0,0.0,0.0,0.0,0.0,0.0,1.0,0.0,0.0,0.0
3,6,0.0,0.0,0.0,0.0,0.0,0.0,1.0,0.0,0.0,0.0
3,6,0.0,0.0,0.0,0.0,0.0,0.0,1.0,0.0,0.0,0.0
3,6,0.0,0.0,0.0,0.0,0.0,0.0,1.0,0.0,0.0,0.0
3,6,0.0,0.0,0.0,0.0,0.0,0.0,1.0,0.0,0.0,0.0
3,6,0.0,0.0,0.0,0.0,0.0,0.0,1.0,0.0,0.0,0.0
3,6,0.0,0.0,0.0,0.0,0.0,0.0,1.0,0.0,0.0,0.0
3,6,0.0,0.0,0.0,0.0,0.0,0.0,1.0,0.0,0.0,0.0
3,6,0.0,0.0,0.0,0.0,0.0,0.0,1.0,0.0,0.0,0.0
3,6,0.0,0.0,0.0,0.0,0.0,0.0,1.0,0.0,0.0,0.0
3,6,0.0,0.0,0.0,0.0,0.0,0.0,1.0,0.0,0.0,0.0
3,6,0.0,0.0,0.0,0.0,0.0,0.0,1.0,0.0,0.0,0.0
3,6,0.0,0.0,0.0,0.0,0.0,0.0,1.0,0.0,0.0,0.0
3,6,0.0,0.0,0.0,0.0,0.0,0.0,1.0,0.0,0.0,0.0
3,6,0.0,0.0,0.0,0.0,0.0,0.0,1.0,0.0,0.0,0.0
3,6,0.0,0.0,0.0,0.0,0.0,0.0,1.0,0.0,0.0,0.0
3,6,0.0,0.0,0.0,0.0,0.0,0.0,1.0,0.0,0.0,0.0
3,6,0.0,0.0,0.0,0.0,0.0,0.0,1.0,0.0,0.0,0.0
3,6,0.0,0.0,0.0,0.0,0.0,0.0,1.0,0.0,0.0,0.0
3,6,0.0,0.0,0.0,0.0,0.0,0.0,1.0,0.0,0.0,0.0
3,6,0.0,0.0,0.0,0.0,0.0,0.0,1.0,0.0,0.0,0.0
3,6,0.0,0.0,0.0,0.0,0.0,0.0,1.0,0.0,0.0,0.0
3,6,0.0,0.0,0.0,0.0,0.0,0.0,1.0,0.0,0.0,0.0
3,6,0.0,0.0,0.0,0.0,0.0,0.0,1.0,0.0,0.0,0.0
3,6,0.0,0.0,0.0,0.0,0.0,0.0,1.0,0.0,0.0,0.0
3,6,0.0,0.0,0.0,0.0,0.0,0.0,1.0,0.0,0.0,0.0
3,6,0.0,0.0,0.0,0.0,0.0,0.0,1.0,0.0,0.0,0.0
3,6,0.0,0.0,0.0,0.0,0.0,0.0,1.0,0.0,0.0,0.0
3,6,0.0,0.0,0.0,0.0,0.0,0.0,1.0,0.0,0.0,0.0
3,6,0.0,0.0,0.0,0.0,0.0,0.0,1.0,0.0,0.0,0.0
3,6,0.0,0.0,0.0,0.0,0.0,0.0,1.0,0.0,0.0,0.0
3,6,0.0,0.0,0.0,0.0,0.0,0.0,1.0,0.0,0.0,0.0
3,6,0.0,0.0,0.0,0.0,0.0,0.0,1.0,0.0,0.0,0.0
3,6,0.0,0.0,0.0,0.0,0.0,0.0,1.0,0.0,0.0,0.0
3,6,0.0,0.0,0.0,0.0,0.0,0.0,1.0,0.0,0.0,0.0
3,6,0.0,0.0,0.0,0.0,0.0,0.0,1.0,0.0,0.0,0.0
3,6,0.0,0.0,0.0,0.0,0.0,0.0,1.0,0.0,0.0,0.0
3,6,0.0,0.0,0.0,0.0,0.0,0.0,1.0,0.0,0.0,0.0
3,6,0.0,0.0,0.0,0.0,0.0,0.0,1.0,0.0,0.0,0.0
3,6,0.0,0.0,0.0,0.0,0.0,0.0,1.0,0.0,0.0,0.0
3,6,0.0,0.0,0.0,0.0,0.0,0.0,1.0,0.0,0.0,0.0
3,6,0.0,0.0,0.0,0.0,0.0,0.0,1.0,0.0,0.0,0.0
3,6,0.0,0.0,0.0,0.0,0.0,0.0,1.0,0.0,0.0,0.0
3,6,0.0,0.0,0.0,0.0,0.0,0.0,1.0,0.0,0.0,0.0
3,6,0.0,0.0,0.0,0.0,0.0,0.0,1.0,0.0,0.0,0.0
3,6,0.0,0.0,0.0,0.0,0.0,0.0,1.0,0.0,0.0,0.0
3,6,0.0,0.0,0.0,0.0,0.0,0.0,1.0,0.0,0.0,0.0
3,6,0.0,0.0,0.0,0.0,0.0,0.0,1.0,0.0,0.0,0.0
3,6,0.0,0.0,0.0,0.0,0.0,0.0,1.0,0.0,0.0,0.0
3,6,0.0,0.0,0.0,0.0,0.0,0.0,1.0,0.0,0.0,0.0
3,6,0.0,0.0,0.0,0.0,0.0,0.0,1.0,0.0,0.0,0.0
3,6,0.0,0.0,0.0,0.0,0.0,0.0,1.0,0.0,0.0,0.0
3,6,0.0,0.0,0.0,0.0,0.0,0.0,1.0,0.0,0.0,0.0
3,6,0.0,0.0,0.0,0.0,0.0,0.0,1.0,0.0,0.0,0.0
3,6,0.0,0.0,0.0,0.0,0.0,0.0,1.0,0.0,0.0,0.0
3,6,0.0,0.0,0.0,0.0,0.0,0.0,1.0,0.0,0.0,0.0
3,6,0.0,0.0,0.0,0.0,0.0,0.0,1.0,0.0,0.0,0.0
3,6,0.0,0.0,0.0,0.0,0.0,0.0,1.0,0.0,0.0,0.0
3,6,0.0,0.0,0.0,0.0,0.0,0.0,1.0,0.0,0.0,0.0
3,6,0.0,0.0,0.0,0.0,0.0,0.0,1.0,0.0,0.0,0.0
3,6,0.0,0.0,0.0,0.0,0.0,0.0,1.0,0.0,0.0,0.0
3,6,0.0,0.0,0.0,0.0,0.0,0.0,1.0,0.0,0.0,0.0
3,6,0.0,0.0,0.0,0.0,0.0,0.0,1.0,0.0,0.0,0.0
3,6,0.0,0.0,0.0,0.0,0.0,0.0,1.0,0.0,0.0,0.0
3,6,0.0,0.0,0.0,0.0,0.0,0.0,1.0,0.0,0.0,0.0
3,6,0.0,0.0,0.0,0.0,0.0,0.0,1.0,0.0,0.0,0.0
3,6,0.0,0.0,0.0,0.0,0.0,0.0,1.0,0.0,0.0,0.0
3,6,0.0,0.0,0.0,0.0,0.0,0.0,1.0,0.0,0.0,0.0
3,6,0.0,0.0,0.0,0.0,0.0,0.0,1.0,0.0,0.0,0.0
3,6,0.0,0.0,0.0,0.0,0.0,0.0,1.0,0.0,0.0,0.0
3,6,0.0,0.0,0.0,0.0,0.0,0.0,1.0,0.0,0.0,0.0
3,6,0.0,0.0,0.0,0.0,0.0,0.0,1.0,0.0,0.0,0.0
3,6,0.0,0.0,0.0,0.0,0.0,0.0,1.0,0.0,0.0,0.0
3,6,0.0,0.0,0.0,0.0,0.0,0.0,1.0,0.0,0.0,0.0
3,6,0.0,0.0,0.0,0.0,0.0,0.0,1.0,0.0,0.0,0.0
3,6,0.0,0.0,0.0,0.0,0.0,0.0,1.0,0.0,0.0,0.0
3,6,0.0,0.0,0.0,0.0,0.0,0.0,1.0,0.0,0.0,0.0
3,6,0.0,0.0,0.0,0.0,0.0,0.0,1.0,0.0,0.0,0.0
3,6,0.0,0.0,0.0,0.0,0.0,0.0,1.0,0.0,0.0,0.0
3,6,0.0,0.0,0.0,0.0,0.0,0.0,1.0,0.0,0.0,0.0
3,6,0.0,0.0,0.0,0.0,0.0,0.0,1.0,0.0,0.0,0.0
3,6,0.0,0.0,0.0,0.0,0.0,0.0,1.0,0.0,0.0,0.0
3,6,0.0,0.0,0.0,0.0,0.0,0.0,1.0,0.0,0.0,0.0
3,6,0.0,0.0,0.0,0.0,0.0,0.0,1.0,0.0,0.0,0.0
3,6,0.0,0.0,0.0,0.0,0.0,0.0,1.0,0.0,0.0,0.0
3,6,0.0,0.0,0.0,0.0,0.0,0.0,1.0,0.0,0.0,0.0
3,6,0.0,0.0,0.0,0.0,0.0,0.0,1.0,0.0,0.0,0.0
3,6,0.0,0.0,0.0,0.0,0.0,0.0,1.0,0.0,0.0,0.0
3,6,0.0,0.0,0.0,0.0,0.0,0.0,1.0,0.0,0.0,0.0
3,6,0.0,0.0,0.0,0.0,0.0,0.0,1.0,0.0,0.0,0.0
3,6,0.0,0.0,0.0,0.0,0.0,0.0,1.0,0.0,0.0,0.0
3,6,0.0,0.0,0.0,0.0,0.0,0.0,1.0,0.0,0.0,0.0
3,6,0.0,0.0,0.0,0.0,0.0,0.0,1.0,0.0,0.0,0.0
3,6,0.0,0.0,0.0,0.0,0.0,0.0,1.0,0.0,0.0,0.0
3,6,0.0,0.0,0.0,0.0,0.0,0.0,1.0,0.0,0.0,0.0
3,6,0.0,0.0,0.0,0.0,0.0,0.0,1.0,0.0,0.0,0.0
3,6,0.0,0.0,0.0,0.0,0.0,0.0,1.0,0.0,0.0,0.0
3,6,0.0,0.0,0.0,0.0,0.0,0.0,1.0,0.0,0.0,0.0
3,6,0.0,0.0,0.0,0.0,0.0,0.0,1.0,0.0,0.0,0.0
3,6,0.0,0.0,0.0,0.0,0.0,0.0,1.0,0.0,0.0,0.0
3,6,0.0,0.0,0.0,0.0,0.0,0.0,1.0,0.0,0.0,0.0
3,6,0.0,0.0,0.0,0.0,0.0,0.0,1.0,0.0,0.0,0.0
3,6,0.0,0.0,0.0,0.0,0.0,0.0,1.0,0.0,0.0,0.0
3,6,0.0,0.0,0.0,0.0,0.0,0.0,1.0,0.0,0.0,0.0
3,6,0.0,0.0,0.0,0.0,0.0,0.0,1.0,0.0,0.0,0.0
3,6,0.0,0.0,0.0,0.0,0.0,0.0,1.0,0.0,0.0,0.0
3,6,0.0,0.0,0.0,0.0,0.0,0.0,1.0,0.0,0.0,0.0
3,6,0.0,0.0,0.0,0.0,0.0,0.0,1.0,0.0,0.0,0.0
3,6,0.0,0.0,0.0,0.0,0.0,0.0,1.0,0.0,0.0,0.0
3,6,0.0,0.0,0.0,0.0,0.0,0.0,1.0,0.0,0.0,0.0
3,6,0.0,0.0,0.0,0.0,0.0,0.0,1.0,0.0,0.0,0.0
3,6,0.0,0.0,0.0,0.0,0.0,0.0,1.0,0.0,0.0,0.0
3,6,0.0,0.0,0.0,0.0,0.0,0.0,1.0,0.0,0.0,0.0
3,6,0.0,0.0,0.0,0.0,0.0,0.0,1.0,0.0,0.0,0.0
3,6,0.0,0.0,0.0,0.0,0.0,0.0,1.0,0.0,0.0,0.0
3,6,0.0,0.0,0.0,0.0,0.0,0.0,1.0,0.0,0.0,0.0
3,6,0.0,0.0,0.0,0.0,0.0,0.0,1.0,0.0,0.0,0.0
3,6,0.0,0.0,0.0,0.0,0.0,0.0,1.0,0.0,0.0,0.0
3,6,0.0,0.0,0.0,0.0,0.0,0.0,1.0,0.0,0.0,0.0
3,6,0.0,0.0,0.0,0.0,0.0,0.0,1.0,0.0,0.0,0.0
3,6,0.0,0.0,0.0,0.0,0.0,0.0,1.0,0.0,0.0,0.0
3,6,0.0,0.0,0.0,0.0,0.0,0.0,1.0,0.0,0.0,0.0
3,6,0.0,0.0,0.0,0.0,0.0,0.0,1.0,0.0,0.0,0.0
3,6,0.0,0.0,0.0,0.0,0.0,0.0,1.0,0.0,0.0,0.0
3,6,0.0,0.0,0.0,0.0,0.0,0.0,1.0,0.0,0.0,0.0
3,6,0.0,0.0,0.0,0.0,0.0,0.0,1.0,0.0,0.0,0.0
3,6,0.0,0.0,0.0,0.0,0.0,0.0,1.0,0.0,0.0,0.0
3,6,0.0,0.0,0.0,0.0,0.0,0.0,1.0,0.0,0.0,0.0
3,6,0.0,0.0,0.0,0.0,0.0,0.0,1.0,0.0,0.0,0.0
3,6,0.0,0.0,0.0,0.0,0.0,0.0,1.0,0.0,0.0,0.0
3,6,0.0,0.0,0.0,0.0,0.0,0.0,1.0,0.0,0.0,0.0
3,6,0.0,0.0,0.0,0.0,0.0,0.0,1.0,0.0,0.0,0.0
3,6,0.0,0.0,0.0,0.0,0.0,0.0,1.0,0.0,0.0,0.0
3,6,0.0,0.0,0.0,0.0,0.0,0.0,1.0,0.0,0.0,0.0
3,6,0.0,0.0,0.0,0.0,0.0,0.0,1.0,0.0,0.0,0.0
3,6,0.0,0.0,0.0,0.0,0.0,0.0,1.0,0.0,0.0,0.0
3,6,0.0,0.0,0.0,0.0,0.0,0.0,1.0,0.0,0.0,0.0
3,6,0.0,0.0,0.0,0.0,0.0,0.0,1.0,0.0,0.0,0.0
3,6,0.0,0.0,0.0,0.0,0.0,0.0,1.0,0.0,0.0,0.0
3,6,0.0,0.0,0.0,0.0,0.0,0.0,1.0,0.0,0.0,0.0
3,6,0.0,0.0,0.0,0.0,0.0,0.0,1.0,0.0,0.0,0.0
3,6,0.0,0.0,0.0,0.0,0.0,0.0,1.0,0.0,0.0,0.0
3,6,0.0,0.0,0.0,0.0,0.0,0.0,1.0,0.0,0.0,0.0
3,6,0.0,0.0,0.0,0.0,0.0,0.0,1.0,0.0,0.0,0.0
3,6,0.0,0.0,0.0,0.0,0.0,0.0,1.0,0.0,0.0,0.0
3,6,0.0,0.0,0.0,0.0,0.0,0.0,1.0,0.0,0.0,0.0
3,6,0.0,0.0,0.0,0.0,0.0,0.0,1.0,0.0,0.0,0.0
3,6,0.0,0.0,0.0,0.0,0.0,0.0,1.0,0.0,0.0,0.0
3,6,0.0,0.0,0.0,0.0,0.0,0.0,1.0,0.0,0.0,0.0
3,6,0.0,0.0,0.0,0.0,0.0,0.0,1.0,0.0,0.0,0.0
3,6,0.0,0.0,0.0,0.0,0.0,0.0,1.0,0.0,0.0,0.0
3,6,0.0,0.0,0.0,0.0,0.0,0.0,1.0,0.0,0.0,0.0
3,6,0.0,0.0,0.0,0.0,0.0,0.0,1.0,0.0,0.0,0.0
3,6,0.0,0.0,0.0,0.0,0.0,0.0,1.0,0.0,0.0,0.0
3,6,0.0,0.0,0.0,0.0,0.0,0.0,1.0,0.0,0.0,0.0
3,6,0.0,0.0,0.0,0.0,0.0,0.0,1.0,0.0,0.0,0.0
3,6,0.0,0.0,0.0,0.0,0.0,0.0,1.0,0.0,0.0,0.0
3,6,0.0,0.0,0.0,0.0,0.0,0.0,1.0,0.0,0.0,0.0
3,6,0.0,0.0,0.0,0.0,0.0,0.0,1.0,0.0,0.0,0.0
3,6,0.0,0.0,0.0,0.0,0.0,0.0,1.0,0.0,0.0,0.0
3,6,0.0,0.0,0.0,0.0,0.0,0.0,1.0,0.0,0.0,0.0
3,6,0.0,0.0,0.0,0.0,0.0,0.0,1.0,0.0,0.0,0.0
3,6,0.0,0.0,0.0,0.0,0.0,0.0,1.0,0.0,0.0,0.0
3,6,0.0,0.0,0.0,0.0,0.0,0.0,1.0,0.0,0.0,0.0
3,6,0.0,0.0,0.0,0.0,0.0,0.0,1.0,0.0,0.0,0.0
3,6,0.0,0.0,0.0,0.0,0.0,0.0,1.0,0.0,0.0,0.0
3,6,0.0,0.0,0.0,0.0,0.0,0.0,1.0,0.0,0.0,0.0
3,6,0.0,0.0,0.0,0.0,0.0,0.0,1.0,0.0,0.0,0.0
3,6,0.0,0.0,0.0,0.0,0.0,0.0,1.0,0.0,0.0,0.0
3,6,0.0,0.0,0.0,0.0,0.0,0.0,1.0,0.0,0.0,0.0
3,6,0.0,0.0,0.0,0.0,0.0,0.0,1.0,0.0,0.0,0.0
3,6,0.0,0.0,0.0,0.0,0.0,0.0,1.0,0.0,0.0,0.0
3,6,0.0,0.0,0.0,0.0,0.0,0.0,1.0,0.0,0.0,0.0
3,6,0.0,0.0,0.0,0.0,0.0,0.0,1.0,0.0,0.0,0.0
3,6,0.0,0.0,0.0,0.0,0.0,0.0,1.0,0.0,0.0,0.0
3,6,0.0,0.0,0.0,0.0,0.0,0.0,1.0,0.0,0.0,0.0
3,6,0.0,0.0,0.0,0.0,0.0,0.0,1.0,0.0,0.0,0.0
3,6,0.0,0.0,0.0,0.0,0.0,0.0,1.0,0.0,0.0,0.0
3,6,0.0,0.0,0.0,0.0,0.0,0.0,1.0,0.0,0.0,0.0
3,6,0.0,0.0,0.0,0.0,0.0,0.0,1.0,0.0,0.0,0.0
3,6,0.0,0.0,0.0,0.0,0.0,0.0,1.0,0.0,0.0,0.0
3,6,0.0,0.0,0.0,0.0,0.0,0.0,1.0,0.0,0.0,0.0
3,6,0.0,0.0,0.0,0.0,0.0,0.0,1.0,0.0,0.0,0.0
3,6,0.0,0.0,0.0,0.0,0.0,0.0,1.0,0.0,0.0,0.0
3,6,0.0,0.0,0.0,0.0,0.0,0.0,1.0,0.0,0.0,0.0
3,6,0.0,0.0,0.0,0.0,0.0,0.0,1.0,0.0,0.0,0.0
3,6,0.0,0.0,0.0,0.0,0.0,0.0,1.0,0.0,0.0,0.0
3,6,0.0,0.0,0.0,0.0,0.0,0.0,1.0,0.0,0.0,0.0
3,6,0.0,0.0,0.0,0.0,0.0,0.0,1.0,0.0,0.0,0.0
3,6,0.0,0.0,0.0,0.0,0.0,0.0,1.0,0.0,0.0,0.0
3,6,0.0,0.0,0.0,0.0,0.0,0.0,1.0,0.0,0.0,0.0
3,6,0.0,0.0,0.0,0.0,0.0,0.0,1.0,0.0,0.0,0.0
3,6,0.0,0.0,0.0,0.0,0.0,0.0,1.0,0.0,0.0,0.0
3,6,0.0,0.0,0.0,0.0,0.0,0.0,1.0,0.0,0.0,0.0
3,6,0.0,0.0,0.0,0.0,0.0,0.0,1.0,0.0,0.0,0.0
3,6,0.0,0.0,0.0,0.0,0.0,0.0,1.0,0.0,0.0,0.0
3,6,0.0,0.0,0.0,0.0,0.0,0.0,1.0,0.0,0.0,0.0
3,6,0.0,0.0,0.0,0.0,0.0,0.0,1.0,0.0,0.0,0.0
3,6,0.0,0.0,0.0,0.0,0.0,0.0,1.0,0.0,0.0,0.0
3,6,0.0,0.0,0.0,0.0,0.0,0.0,1.0,0.0,0.0,0.0
3,6,0.0,0.0,0.0,0.0,0.0,0.0,1.0,0.0,0.0,0.0
3,6,0.0,0.0,0.0,0.0,0.0,0.0,1.0,0.0,0.0,0.0
3,6,0.0,0.0,0.0,0.0,0.0,0.0,1.0,0.0,0.0,0.0
3,6,0.0,0.0,0.0,0.0,0.0,0.0,1.0,0.0,0.0,0.0
3,6,0.0,0.0,0.0,0.0,0.0,0.0,1.0,0.0,0.0,0.0
3,6,0.0,0.0,0.0,0.0,0.0,0.0,1.0,0.0,0.0,0.0
3,6,0.0,0.0,0.0,0.0,0.0,0.0,1.0,0.0,0.0,0.0
3,6,0.0,0.0,0.0,0.0,0.0,0.0,1.0,0.0,0.0,0.0
3,6,0.0,0.0,0.0,0.0,0.0,0.0,1.0,0.0,0.0,0.0
3,6,0.0,0.0,0.0,0.0,0.0,0.0,1.0,0.0,0.0,0.0
3,6,0.0,0.0,0.0,0.0,0.0,0.0,1.0,0.0,0.0,0.0
3,6,0.0,0.0,0.0,0.0,0.0,0.0,1.0,0.0,0.0,0.0
3,6,0.0,0.0,0.0,0.0,0.0,0.0,1.0,0.0,0.0,0.0
3,6,0.0,0.0,0.0,0.0,0.0,0.0,1.0,0.0,0.0,0.0
3,6,0.0,0.0,0.0,0.0,0.0,0.0,1.0,0.0,0.0,0.0
3,6,0.0,0.0,0.0,0.0,0.0,0.0,1.0,0.0,0.0,0.0
3,6,0.0,0.0,0.0,0.0,0.0,0.0,1.0,0.0,0.0,0.0
3,6,0.0,0.0,0.0,0.0,0.0,0.0,1.0,0.0,0.0,0.0
3,6,0.0,0.0,0.0,0.0,0.0,0.0,1.0,0.0,0.0,0.0
3,6,0.0,0.0,0.0,0.0,0.0,0.0,1.0,0.0,0.0,0.0
3,6,0.0,0.0,0.0,0.0,0.0,0.0,1.0,0.0,0.0,0.0
3,6,0.0,0.0,0.0,0.0,0.0,0.0,1.0,0.0,0.0,0.0
3,6,0.0,0.0,0.0,0.0,0.0,0.0,1.0,0.0,0.0,0.0
3,6,0.0,0.0,0.0,0.0,0.0,0.0,1.0,0.0,0.0,0.0
3,6,0.0,0.0,0.0,0.0,0.0,0.0,1.0,0.0,0.0,0.0
3,6,0.0,0.0,0.0,0.0,0.0,0.0,1.0,0.0,0.0,0.0
3,6,0.0,0.0,0.0,0.0,0.0,0.0,1.0,0.0,0.0,0.0
3,6,0.0,0.0,0.0,0.0,0.0,0.0,1.0,0.0,0.0,0.0
3,6,0.0,0.0,0.0,0.0,0.0,0.0,1.0,0.0,0.0,0.0
3,6,0.0,0.0,0.0,0.0,0.0,0.0,1.0,0.0,0.0,0.0
3,6,0.0,0.0,0.0,0.0,0.0,0.0,1.0,0.0,0.0,0.0
3,6,0.0,0.0,0.0,0.0,0.0,0.0,1.0,0.0,0.0,0.0
3,6,0.0,0.0,0.0,0.0,0.0,0.0,1.0,0.0,0.0,0.0
3,6,0.0,0.0,0.0,0.0,0.0,0.0,1.0,0.0,0.0,0.0
3,6,0.0,0.0,0.0,0.0,0.0,0.0,1.0,0.0,0.0,0.0
3,6,0.0,0.0,0.0,0.0,0.0,0.0,1.0,0.0,0.0,0.0
3,6,0.0,0.0,0.0,0.0,0.0,0.0,1.0,0.0,0.0,0.0
3,6,0.0,0.0,0.0,0.0,0.0,0.0,1.0,0.0,0.0,0.0
3,6,0.0,0.0,0.0,0.0,0.0,0.0,1.0,0.0,0.0,0.0
3,6,0.0,0.0,0.0,0.0,0.0,0.0,1.0,0.0,0.0,0.0
3,6,0.0,0.0,0.0,0.0,0.0,0.0,1.0,0.0,0.0,0.0
3,6,0.0,0.0,0.0,0.0,0.0,0.0,1.0,0.0,0.0,0.0
3,6,0.0,0.0,0.0,0.0,0.0,0.0,1.0,0.0,0.0,0.0
3,6,0.0,0.0,0.0,0.0,0.0,0.0,1.0,0.0,0.0,0.0
3,6,0.0,0.0,0.0,0.0,0.0,0.0,1.0,0.0,0.0,0.0
3,6,0.0,0.0,0.0,0.0,0.0,0.0,1.0,0.0,0.0,0.0
3,6,0.0,0.0,0.0,0.0,0.0,0.0,1.0,0.0,0.0,0.0
3,6,0.0,0.0,0.0,0.0,0.0,0.0,1.0,0.0,0.0,0.0
3,6,0.0,0.0,0.0,0.0,0.0,0.0,1.0,0.0,0.0,0.0
3,6,0.0,0.0,0.0,0.0,0.0,0.0,1.0,0.0,0.0,0.0
3,6,0.0,0.0,0.0,0.0,0.0,0.0,1.0,0.0,0.0,0.0
3,6,0.0,0.0,0.0,0.0,0.0,0.0,1.0,0.0,0.0,0.0
3,6,0.0,0.0,0.0,0.0,0.0,0.0,1.0,0.0,0.0,0.0
3,6,0.0,0.0,0.0,0.0,0.0,0.0,1.0,0.0,0.0,0.0
3,6,0.0,0.0,0.0,0.0,0.0,0.0,1.0,0.0,0.0,0.0
3,6,0.0,0.0,0.0,0.0,0.0,0.0,1.0,0.0,0.0,0.0
3,6,0.0,0.0,0.0,0.0,0.0,0.0,1.0,0.0,0.0,0.0
3,6,0.0,0.0,0.0,0.0,0.0,0.0,1.0,0.0,0.0,0.0
3,6,0.0,0.0,0.0,0.0,0.0,0.0,1.0,0.0,0.0,0.0
3,6,0.0,0.0,0.0,0.0,0.0,0.0,1.0,0.0,0.0,0.0
3,6,0.0,0.0,0.0,0.0,0.0,0.0,1.0,0.0,0.0,0.0
3,6,0.0,0.0,0.0,0.0,0.0,0.0,1.0,0.0,0.0,0.0
3,6,0.0,0.0,0.0,0.0,0.0,0.0,1.0,0.0,0.0,0.0
3,6,0.0,0.0,0.0,0.0,0.0,0.0,1.0,0.0,0.0,0.0
3,6,0.0,0.0,0.0,0.0,0.0,0.0,1.0,0.0,0.0,0.0
3,6,0.0,0.0,0.0,0.0,0.0,0.0,1.0,0.0,0.0,0.0
3,6,0.0,0.0,0.0,0.0,0.0,0.0,1.0,0.0,0.0,0.0
3,6,0.0,0.0,0.0,0.0,0.0,0.0,1.0,0.0,0.0,0.0
3,6,0.0,0.0,0.0,0.0,0.0,0.0,1.0,0.0,0.0,0.0
3,6,0.0,0.0,0.0,0.0,0.0,0.0,1.0,0.0,0.0,0.0
3,6,0.0,0.0,0.0,0.0,0.0,0.0,1.0,0.0,0.0,0.0
3,6,0.0,0.0,0.0,0.0,0.0,0.0,1.0,0.0,0.0,0.0
3,6,0.0,0.0,0.0,0.0,0.0,0.0,1.0,0.0,0.0,0.0
3,6,0.0,0.0,0.0,0.0,0.0,0.0,1.0,0.0,0.0,0.0
3,6,0.0,0.0,0.0,0.0,0.0,0.0,1.0,0.0,0.0,0.0
3,6,0.0,0.0,0.0,0.0,0.0,0.0,1.0,0.0,0.0,0.0
3,6,0.0,0.0,0.0,0.0,0.0,0.0,1.0,0.0,0.0,0.0
3,6,0.0,0.0,0.0,0.0,0.0,0.0,1.0,0.0,0.0,0.0
3,6,0.0,0.0,0.0,0.0,0.0,0.0,1.0,0.0,0.0,0.0
3,6,0.0,0.0,0.0,0.0,0.0,0.0,1.0,0.0,0.0,0.0
3,6,0.0,0.0,0.0,0.0,0.0,0.0,1.0,0.0,0.0,0.0
3,6,0.0,0.0,0.0,0.0,0.0,0.0,1.0,0.0,0.0,0.0
3,6,0.0,0.0,0.0,0.0,0.0,0.0,1.0,0.0,0.0,0.0
3,6,0.0,0.0,0.0,0.0,0.0,0.0,1.0,0.0,0.0,0.0
3,6,0.0,0.0,0.0,0.0,0.0,0.0,1.0,0.0,0.0,0.0
3,6,0.0,0.0,0.0,0.0,0.0,0.0,1.0,0.0,0.0,0.0
3,6,0.0,0.0,0.0,0.0,0.0,0.0,1.0,0.0,0.0,0.0
3,6,0.0,0.0,0.0,0.0,0.0,0.0,1.0,0.0,0.0,0.0
3,6,0.0,0.0,0.0,0.0,0.0,0.0,1.0,0.0,0.0,0.0
3,6,0.0,0.0,0.0,0.0,0.0,0.0,1.0,0.0,0.0,0.0
3,6,0.0,0.0,0.0,0.0,0.0,0.0,1.0,0.0,0.0,0.0
3,6,0.0,0.0,0.0,0.0,0.0,0.0,1.0,0.0,0.0,0.0
3,6,0.0,0.0,0.0,0.0,0.0,0.0,1.0,0.0,0.0,0.0
3,6,0.0,0.0,0.0,0.0,0.0,0.0,1.0,0.0,0.0,0.0
3,6,0.0,0.0,0.0,0.0,0.0,0.0,1.0,0.0,0.0,0.0
3,6,0.0,0.0,0.0,0.0,0.0,0.0,1.0,0.0,0.0,0.0
3,6,0.0,0.0,0.0,0.0,0.0,0.0,1.0,0.0,0.0,0.0
3,6,0.0,0.0,0.0,0.0,0.0,0.0,1.0,0.0,0.0,0.0
3,6,0.0,0.0,0.0,0.0,0.0,0.0,1.0,0.0,0.0,0.0
3,6,0.0,0.0,0.0,0.0,0.0,0.0,1.0,0.0,0.0,0.0
3,6,0.0,0.0,0.0,0.0,0.0,0.0,1.0,0.0,0.0,0.0
3,6,0.0,0.0,0.0,0.0,0.0,0.0,1.0,0.0,0.0,0.0
3,6,0.0,0.0,0.0,0.0,0.0,0.0,1.0,0.0,0.0,0.0
3,6,0.0,0.0,0.0,0.0,0.0,0.0,1.0,0.0,0.0,0.0
3,6,0.0,0.0,0.0,0.0,0.0,0.0,1.0,0.0,0.0,0.0
3,6,0.0,0.0,0.0,0.0,0.0,0.0,1.0,0.0,0.0,0.0
3,6,0.0,0.0,0.0,0.0,0.0,0.0,1.0,0.0,0.0,0.0
3,6,0.0,0.0,0.0,0.0,0.0,0.0,1.0,0.0,0.0,0.0
3,6,0.0,0.0,0.0,0.0,0.0,0.0,1.0,0.0,0.0,0.0
3,6,0.0,0.0,0.0,0.0,0.0,0.0,1.0,0.0,0.0,0.0
3,6,0.0,0.0,0.0,0.0,0.0,0.0,1.0,0.0,0.0,0.0
3,6,0.0,0.0,0.0,0.0,0.0,0.0,1.0,0.0,0.0,0.0
3,6,0.0,0.0,0.0,0.0,0.0,0.0,1.0,0.0,0.0,0.0
3,6,0.0,0.0,0.0,0.0,0.0,0.0,1.0,0.0,0.0,0.0
3,6,0.0,0.0,0.0,0.0,0.0,0.0,1.0,0.0,0.0,0.0
3,6,0.0,0.0,0.0,0.0,0.0,0.0,1.0,0.0,0.0,0.0
3,6,0.0,0.0,0.0,0.0,0.0,0.0,1.0,0.0,0.0,0.0
3,6,0.0,0.0,0.0,0.0,0.0,0.0,1.0,0.0,0.0,0.0
3,6,0.0,0.0,0.0,0.0,0.0,0.0,1.0,0.0,0.0,0.0
3,6,0.0,0.0,0.0,0.0,0.0,0.0,1.0,0.0,0.0,0.0
3,6,0.0,0.0,0.0,0.0,0.0,0.0,1.0,0.0,0.0,0.0
3,6,0.0,0.0,0.0,0.0,0.0,0.0,1.0,0.0,0.0,0.0
3,6,0.0,0.0,0.0,0.0,0.0,0.0,1.0,0.0,0.0,0.0
3,6,0.0,0.0,0.0,0.0,0.0,0.0,1.0,0.0,0.0,0.0
3,6,0.0,0.0,0.0,0.0,0.0,0.0,1.0,0.0,0.0,0.0
3,6,0.0,0.0,0.0,0.0,0.0,0.0,1.0,0.0,0.0,0.0
3,6,0.0,0.0,0.0,0.0,0.0,0.0,1.0,0.0,0.0,0.0
3,6,0.0,0.0,0.0,0.0,0.0,0.0,1.0,0.0,0.0,0.0
3,6,0.0,0.0,0.0,0.0,0.0,0.0,1.0,0.0,0.0,0.0
3,6,0.0,0.0,0.0,0.0,0.0,0.0,1.0,0.0,0.0,0.0
3,6,0.0,0.0,0.0,0.0,0.0,0.0,1.0,0.0,0.0,0.0
3,6,0.0,0.0,0.0,0.0,0.0,0.0,1.0,0.0,0.0,0.0
3,6,0.0,0.0,0.0,0.0,0.0,0.0,1.0,0.0,0.0,0.0
3,6,0.0,0.0,0.0,0.0,0.0,0.0,1.0,0.0,0.0,0.0
3,6,0.0,0.0,0.0,0.0,0.0,0.0,1.0,0.0,0.0,0.0
3,6,0.0,0.0,0.0,0.0,0.0,0.0,1.0,0.0,0.0,0.0
3,6,0.0,0.0,0.0,0.0,0.0,0.0,1.0,0.0,0.0,0.0
3,6,0.0,0.0,0.0,0.0,0.0,0.0,1.0,0.0,0.0,0.0
3,6,0.0,0.0,0.0,0.0,0.0,0.0,1.0,0.0,0.0,0.0
3,6,0.0,0.0,0.0,0.0,0.0,0.0,1.0,0.0,0.0,0.0
3,6,0.0,0.0,0.0,0.0,0.0,0.0,1.0,0.0,0.0,0.0
3,6,0.0,0.0,0.0,0.0,0.0,0.0,1.0,0.0,0.0,0.0
3,6,0.0,0.0,0.0,0.0,0.0,0.0,1.0,0.0,0.0,0.0
3,6,0.0,0.0,0.0,0.0,0.0,0.0,1.0,0.0,0.0,0.0
3,6,0.0,0.0,0.0,0.0,0.0,0.0,1.0,0.0,0.0,0.0
3,6,0.0,0.0,0.0,0.0,0.0,0.0,1.0,0.0,0.0,0.0
3,6,0.0,0.0,0.0,0.0,0.0,0.0,1.0,0.0,0.0,0.0
3,6,0.0,0.0,0.0,0.0,0.0,0.0,1.0,0.0,0.0,0.0
3,6,0.0,0.0,0.0,0.0,0.0,0.0,1.0,0.0,0.0,0.0
3,6,0.0,0.0,0.0,0.0,0.0,0.0,1.0,0.0,0.0,0.0
3,6,0.0,0.0,0.0,0.0,0.0,0.0,1.0,0.0,0.0,0.0
3,6,0.0,0.0,0.0,0.0,0.0,0.0,1.0,0.0,0.0,0.0
3,6,0.0,0.0,0.0,0.0,0.0,0.0,1.0,0.0,0.0,0.0
3,6,0.0,0.0,0.0,0.0,0.0,0.0,1.0,0.0,0.0,0.0
3,6,0.0,0.0,0.0,0.0,0.0,0.0,1.0,0.0,0.0,0.0
3,6,0.0,0.0,0.0,0.0,0.0,0.0,1.0,0.0,0.0,0.0
3,6,0.0,0.0,0.0,0.0,0.0,0.0,1.0,0.0,0.0,0.0
3,6,0.0,0.0,0.0,0.0,0.0,0.0,1.0,0.0,0.0,0.0
3,6,0.0,0.0,0.0,0.0,0.0,0.0,1.0,0.0,0.0,0.0
3,6,0.0,0.0,0.0,0.0,0.0,0.0,1.0,0.0,0.0,0.0
3,6,0.0,0.0,0.0,0.0,0.0,0.0,1.0,0.0,0.0,0.0
3,6,0.0,0.0,0.0,0.0,0.0,0.0,1.0,0.0,0.0,0.0
3,6,0.0,0.0,0.0,0.0,0.0,0.0,1.0,0.0,0.0,0.0
3,6,0.0,0.0,0.0,0.0,0.0,0.0,1.0,0.0,0.0,0.0
3,6,0.0,0.0,0.0,0.0,0.0,0.0,1.0,0.0,0.0,0.0
3,6,0.0,0.0,0.0,0.0,0.0,0.0,1.0,0.0,0.0,0.0
3,6,0.0,0.0,0.0,0.0,0.0,0.0,1.0,0.0,0.0,0.0
3,6,0.0,0.0,0.0,0.0,0.0,0.0,1.0,0.0,0.0,0.0
3,6,0.0,0.0,0.0,0.0,0.0,0.0,1.0,0.0,0.0,0.0
3,6,0.0,0.0,0.0,0.0,0.0,0.0,1.0,0.0,0.0,0.0
3,6,0.0,0.0,0.0,0.0,0.0,0.0,1.0,0.0,0.0,0.0
3,6,0.0,0.0,0.0,0.0,0.0,0.0,1.0,0.0,0.0,0.0
3,6,0.0,0.0,0.0,0.0,0.0,0.0,1.0,0.0,0.0,0.0
3,6,0.0,0.0,0.0,0.0,0.0,0.0,1.0,0.0,0.0,0.0
3,6,0.0,0.0,0.0,0.0,0.0,0.0,1.0,0.0,0.0,0.0
3,6,0.0,0.0,0.0,0.0,0.0,0.0,1.0,0.0,0.0,0.0
3,6,0.0,0.0,0.0,0.0,0.0,0.0,1.0,0.0,0.0,0.0
3,6,0.0,0.0,0.0,0.0,0.0,0.0,1.0,0.0,0.0,0.0
3,6,0.0,0.0,0.0,0.0,0.0,0.0,1.0,0.0,0.0,0.0
3,6,0.0,0.0,0.0,0.0,0.0,0.0,1.0,0.0,0.0,0.0
3,6,0.0,0.0,0.0,0.0,0.0,0.0,1.0,0.0,0.0,0.0
3,6,0.0,0.0,0.0,0.0,0.0,0.0,1.0,0.0,0.0,0.0
3,6,0.0,0.0,0.0,0.0,0.0,0.0,1.0,0.0,0.0,0.0
3,6,0.0,0.0,0.0,0.0,0.0,0.0,1.0,0.0,0.0,0.0
3,6,0.0,0.0,0.0,0.0,0.0,0.0,1.0,0.0,0.0,0.0
3,6,0.0,0.0,0.0,0.0,0.0,0.0,1.0,0.0,0.0,0.0
3,6,0.0,0.0,0.0,0.0,0.0,0.0,1.0,0.0,0.0,0.0
3,6,0.0,0.0,0.0,0.0,0.0,0.0,1.0,0.0,0.0,0.0
3,6,0.0,0.0,0.0,0.0,0.0,0.0,1.0,0.0,0.0,0.0
3,6,0.0,0.0,0.0,0.0,0.0,0.0,1.0,0.0,0.0,0.0
3,6,0.0,0.0,0.0,0.0,0.0,0.0,1.0,0.0,0.0,0.0
3,6,0.0,0.0,0.0,0.0,0.0,0.0,1.0,0.0,0.0,0.0
3,6,0.0,0.0,0.0,0.0,0.0,0.0,1.0,0.0,0.0,0.0
3,6,0.0,0.0,0.0,0.0,0.0,0.0,1.0,0.0,0.0,0.0
3,6,0.0,0.0,0.0,0.0,0.0,0.0,1.0,0.0,0.0,0.0
3,6,0.0,0.0,0.0,0.0,0.0,0.0,1.0,0.0,0.0,0.0
3,6,0.0,0.0,0.0,0.0,0.0,0.0,1.0,0.0,0.0,0.0
3,6,0.0,0.0,0.0,0.0,0.0,0.0,1.0,0.0,0.0,0.0
3,6,0.0,0.0,0.0,0.0,0.0,0.0,1.0,0.0,0.0,0.0
3,6,0.0,0.0,0.0,0.0,0.0,0.0,1.0,0.0,0.0,0.0
3,6,0.0,0.0,0.0,0.0,0.0,0.0,1.0,0.0,0.0,0.0
3,6,0.0,0.0,0.0,0.0,0.0,0.0,1.0,0.0,0.0,0.0
3,6,0.0,0.0,0.0,0.0,0.0,0.0,1.0,0.0,0.0,0.0
3,6,0.0,0.0,0.0,0.0,0.0,0.0,1.0,0.0,0.0,0.0
3,6,0.0,0.0,0.0,0.0,0.0,0.0,1.0,0.0,0.0,0.0
3,6,0.0,0.0,0.0,0.0,0.0,0.0,1.0,0.0,0.0,0.0
3,6,0.0,0.0,0.0,0.0,0.0,0.0,1.0,0.0,0.0,0.0
3,6,0.0,0.0,0.0,0.0,0.0,0.0,1.0,0.0,0.0,0.0
3,6,0.0,0.0,0.0,0.0,0.0,0.0,1.0,0.0,0.0,0.0
3,6,0.0,0.0,0.0,0.0,0.0,0.0,1.0,0.0,0.0,0.0
3,6,0.0,0.0,0.0,0.0,0.0,0.0,1.0,0.0,0.0,0.0
3,6,0.0,0.0,0.0,0.0,0.0,0.0,1.0,0.0,0.0,0.0
3,6,0.0,0.0,0.0,0.0,0.0,0.0,1.0,0.0,0.0,0.0
3,6,0.0,0.0,0.0,0.0,0.0,0.0,1.0,0.0,0.0,0.0
3,6,0.0,0.0,0.0,0.0,0.0,0.0,1.0,0.0,0.0,0.0
3,6,0.0,0.0,0.0,0.0,0.0,0.0,1.0,0.0,0.0,0.0
3,6,0.0,0.0,0.0,0.0,0.0,0.0,1.0,0.0,0.0,0.0
3,6,0.0,0.0,0.0,0.0,0.0,0.0,1.0,0.0,0.0,0.0
3,6,0.0,0.0,0.0,0.0,0.0,0.0,1.0,0.0,0.0,0.0
3,6,0.0,0.0,0.0,0.0,0.0,0.0,1.0,0.0,0.0,0.0
3,6,0.0,0.0,0.0,0.0,0.0,0.0,1.0,0.0,0.0,0.0
3,6,0.0,0.0,0.0,0.0,0.0,0.0,1.0,0.0,0.0,0.0
3,6,0.0,0.0,0.0,0.0,0.0,0.0,1.0,0.0,0.0,0.0
3,6,0.0,0.0,0.0,0.0,0.0,0.0,1.0,0.0,0.0,0.0
3,6,0.0,0.0,0.0,0.0,0.0,0.0,1.0,0.0,0.0,0.0
3,6,0.0,0.0,0.0,0.0,0.0,0.0,1.0,0.0,0.0,0.0
3,6,0.0,0.0,0.0,0.0,0.0,0.0,1.0,0.0,0.0,0.0
3,6,0.0,0.0,0.0,0.0,0.0,0.0,1.0,0.0,0.0,0.0
3,6,0.0,0.0,0.0,0.0,0.0,0.0,1.0,0.0,0.0,0.0
3,6,0.0,0.0,0.0,0.0,0.0,0.0,1.0,0.0,0.0,0.0
3,6,0.0,0.0,0.0,0.0,0.0,0.0,1.0,0.0,0.0,0.0
3,6,0.0,0.0,0.0,0.0,0.0,0.0,1.0,0.0,0.0,0.0
3,6,0.0,0.0,0.0,0.0,0.0,0.0,1.0,0.0,0.0,0.0
3,6,0.0,0.0,0.0,0.0,0.0,0.0,1.0,0.0,0.0,0.0
3,6,0.0,0.0,0.0,0.0,0.0,0.0,1.0,0.0,0.0,0.0
3,6,0.0,0.0,0.0,0.0,0.0,0.0,1.0,0.0,0.0,0.0
3,6,0.0,0.0,0.0,0.0,0.0,0.0,1.0,0.0,0.0,0.0
3,6,0.0,0.0,0.0,0.0,0.0,0.0,1.0,0.0,0.0,0.0
3,6,0.0,0.0,0.0,0.0,0.0,0.0,1.0,0.0,0.0,0.0
3,6,0.0,0.0,0.0,0.0,0.0,0.0,1.0,0.0,0.0,0.0
3,6,0.0,0.0,0.0,0.0,0.0,0.0,1.0,0.0,0.0,0.0
3,6,0.0,0.0,0.0,0.0,0.0,0.0,1.0,0.0,0.0,0.0
3,6,0.0,0.0,0.0,0.0,0.0,0.0,1.0,0.0,0.0,0.0
3,6,0.0,0.0,0.0,0.0,0.0,0.0,1.0,0.0,0.0,0.0
3,6,0.0,0.0,0.0,0.0,0.0,0.0,1.0,0.0,0.0,0.0
3,6,0.0,0.0,0.0,0.0,0.0,0.0,1.0,0.0,0.0,0.0
3,6,0.0,0.0,0.0,0.0,0.0,0.0,1.0,0.0,0.0,0.0
3,6,0.0,0.0,0.0,0.0,0.0,0.0,1.0,0.0,0.0,0.0
3,6,0.0,0.0,0.0,0.0,0.0,0.0,1.0,0.0,0.0,0.0
3,6,0.0,0.0,0.0,0.0,0.0,0.0,1.0,0.0,0.0,0.0
3,6,0.0,0.0,0.0,0.0,0.0,0.0,1.0,0.0,0.0,0.0
3,6,0.0,0.0,0.0,0.0,0.0,0.0,1.0,0.0,0.0,0.0
3,6,0.0,0.0,0.0,0.0,0.0,0.0,1.0,0.0,0.0,0.0
3,6,0.0,0.0,0.0,0.0,0.0,0.0,1.0,0.0,0.0,0.0
3,6,0.0,0.0,0.0,0.0,0.0,0.0,1.0,0.0,0.0,0.0
3,6,0.0,0.0,0.0,0.0,0.0,0.0,1.0,0.0,0.0,0.0
3,6,0.0,0.0,0.0,0.0,0.0,0.0,1.0,0.0,0.0,0.0
3,6,0.0,0.0,0.0,0.0,0.0,0.0,1.0,0.0,0.0,0.0
3,6,0.0,0.0,0.0,0.0,0.0,0.0,1.0,0.0,0.0,0.0
3,6,0.0,0.0,0.0,0.0,0.0,0.0,1.0,0.0,0.0,0.0
3,6,0.0,0.0,0.0,0.0,0.0,0.0,1.0,0.0,0.0,0.0
3,6,0.0,0.0,0.0,0.0,0.0,0.0,1.0,0.0,0.0,0.0
3,6,0.0,0.0,0.0,0.0,0.0,0.0,1.0,0.0,0.0,0.0
3,6,0.0,0.0,0.0,0.0,0.0,0.0,1.0,0.0,0.0,0.0
3,6,0.0,0.0,0.0,0.0,0.0,0.0,1.0,0.0,0.0,0.0
3,6,0.0,0.0,0.0,0.0,0.0,0.0,1.0,0.0,0.0,0.0
3,6,0.0,0.0,0.0,0.0,0.0,0.0,1.0,0.0,0.0,0.0
3,6,0.0,0.0,0.0,0.0,0.0,0.0,1.0,0.0,0.0,0.0
3,6,0.0,0.0,0.0,0.0,0.0,0.0,1.0,0.0,0.0,0.0
3,6,0.0,0.0,0.0,0.0,0.0,0.0,1.0,0.0,0.0,0.0
3,6,0.0,0.0,0.0,0.0,0.0,0.0,1.0,0.0,0.0,0.0
3,6,0.0,0.0,0.0,0.0,0.0,0.0,1.0,0.0,0.0,0.0
3,6,0.0,0.0,0.0,0.0,0.0,0.0,1.0,0.0,0.0,0.0
3,6,0.0,0.0,0.0,0.0,0.0,0.0,1.0,0.0,0.0,0.0
3,6,0.0,0.0,0.0,0.0,0.0,0.0,1.0,0.0,0.0,0.0
3,6,0.0,0.0,0.0,0.0,0.0,0.0,1.0,0.0,0.0,0.0
3,6,0.0,0.0,0.0,0.0,0.0,0.0,1.0,0.0,0.0,0.0
3,6,0.0,0.0,0.0,0.0,0.0,0.0,1.0,0.0,0.0,0.0
3,6,0.0,0.0,0.0,0.0,0.0,0.0,1.0,0.0,0.0,0.0
3,6,0.0,0.0,0.0,0.0,0.0,0.0,1.0,0.0,0.0,0.0
3,6,0.0,0.0,0.0,0.0,0.0,0.0,1.0,0.0,0.0,0.0
3,6,0.0,0.0,0.0,0.0,0.0,0.0,1.0,0.0,0.0,0.0
3,6,0.0,0.0,0.0,0.0,0.0,0.0,1.0,0.0,0.0,0.0
3,6,0.0,0.0,0.0,0.0,0.0,0.0,1.0,0.0,0.0,0.0
3,6,0.0,0.0,0.0,0.0,0.0,0.0,1.0,0.0,0.0,0.0
3,6,0.0,0.0,0.0,0.0,0.0,0.0,1.0,0.0,0.0,0.0
3,6,0.0,0.0,0.0,0.0,0.0,0.0,1.0,0.0,0.0,0.0
3,6,0.0,0.0,0.0,0.0,0.0,0.0,1.0,0.0,0.0,0.0
3,6,0.0,0.0,0.0,0.0,0.0,0.0,1.0,0.0,0.0,0.0
3,6,0.0,0.0,0.0,0.0,0.0,0.0,1.0,0.0,0.0,0.0
3,6,0.0,0.0,0.0,0.0,0.0,0.0,1.0,0.0,0.0,0.0
3,6,0.0,0.0,0.0,0.0,0.0,0.0,1.0,0.0,0.0,0.0
3,6,0.0,0.0,0.0,0.0,0.0,0.0,1.0,0.0,0.0,0.0
3,6,0.0,0.0,0.0,0.0,0.0,0.0,1.0,0.0,0.0,0.0
3,6,0.0,0.0,0.0,0.0,0.0,0.0,1.0,0.0,0.0,0.0
3,6,0.0,0.0,0.0,0.0,0.0,0.0,1.0,0.0,0.0,0.0
3,6,0.0,0.0,0.0,0.0,0.0,0.0,1.0,0.0,0.0,0.0
3,6,0.0,0.0,0.0,0.0,0.0,0.0,1.0,0.0,0.0,0.0
3,6,0.0,0.0,0.0,0.0,0.0,0.0,1.0,0.0,0.0,0.0
3,6,0.0,0.0,0.0,0.0,0.0,0.0,1.0,0.0,0.0,0.0
3,6,0.0,0.0,0.0,0.0,0.0,0.0,1.0,0.0,0.0,0.0
3,6,0.0,0.0,0.0,0.0,0.0,0.0,1.0,0.0,0.0,0.0
3,6,0.0,0.0,0.0,0.0,0.0,0.0,1.0,0.0,0.0,0.0
3,6,0.0,0.0,0.0,0.0,0.0,0.0,1.0,0.0,0.0,0.0
3,6,0.0,0.0,0.0,0.0,0.0,0.0,1.0,0.0,0.0,0.0
3,6,0.0,0.0,0.0,0.0,0.0,0.0,1.0,0.0,0.0,0.0
3,6,0.0,0.0,0.0,0.0,0.0,0.06428982,0.9357102,0.0,0.0,0.0
3,6,0.0,0.0,0.0,0.0,0.0,0.06428982,0.9357102,0.0,0.0,0.0
3,6,0.0,0.0,0.0,0.0,0.0,0.06428982,0.9357102,0.0,0.0,0.0
3,6,0.0,0.0,0.0,0.0,0.0,0.06428982,0.9357102,0.0,0.0,0.0
3,6,0.0,0.0,0.0,0.0,0.0,0.06428982,0.9357102,0.0,0.0,0.0
3,6,0.0,0.0,0.0,0.0,0.0,0.06428982,0.9357102,0.0,0.0,0.0
3,6,0.0,0.0,0.0,0.0,0.0,0.06428982,0.9357102,0.0,0.0,0.0
3,6,0.0,0.0,0.0,0.0,0.0,0.06428982,0.9357102,0.0,0.0,0.0
3,6,0.0,0.0,0.0,0.0,0.0,0.06428982,0.9357102,0.0,0.0,0.0
3,6,0.0,0.0,0.0,0.0,0.0,0.06428982,0.9357102,0.0,0.0,0.0
3,6,0.0,0.0,0.0,0.0,0.0,0.06428982,0.86679876,0.0,0.0,0.06891143
3,6,0.0,0.0,0.0,0.0,0.0,0.06428982,0.86679876,0.0,0.0,0.06891143
3,6,0.0,0.0,0.0,0.0,0.0,0.06428982,0.86679876,0.0,0.0,0.06891143
3,6,0.0,0.0,0.0,0.0,0.0,0.06428982,0.86679876,0.0,0.0,0.06891143
3,6,0.0,0.0,0.0,0.0,0.0,0.06428982,0.86679876,0.0,0.0,0.06891143
3,6,0.0,0.0,0.0,0.0,0.0,0.06428982,0.86679876,0.0,0.0,0.06891143
3,6,0.0,0.0,0.0,0.0,0.0,0.06428982,0.86679876,0.0,0.0,0.06891143
3,6,0.0,0.0,0.0,0.0,0.0,0.06428982,0.86679876,0.0,0.0,0.06891143
3,6,0.0,0.0,0.0,0.0,0.0,0.06428982,0.86679876,0.0,0.0,0.06891143
3,6,0.0,0.0,0.0,0.0,0.0,0.06428982,0.86679876,0.0,0.0,0.06891143
3,6,0.0,0.0,0.0,0.0,0.0,0.06428982,0.86679876,0.0,0.0,0.06891143
3,6,0.0,0.0,0.0,0.0,0.0,0.06428982,0.86679876,0.0,0.0,0.06891143
3,6,0.0,0.0,0.0,0.0,0.0,0.06428982,0.86679876,0.0,0.0,0.06891143
3,6,0.0,0.0,0.0,0.0,0.0,0.06428982,0.86679876,0.0,0.0,0.06891143
3,6,0.0,0.0,0.0,0.0,0.0,0.06428982,0.86679876,0.0,0.0,0.06891143
3,6,0.0,0.0,0.0,0.0,0.0,0.06428982,0.86679876,0.0,0.0,0.06891143
3,6,0.0,0.0,0.0,0.0,0.0,0.06428982,0.86679876,0.0,0.0,0.06891143
3,6,0.0,0.0,0.0,0.0,0.0,0.06428982,0.86679876,0.0,0.0,0.06891143
3,6,0.0,0.0,0.0,0.0,0.0,0.06428982,0.86679876,0.0,0.0,0.06891143
3,6,0.0,0.0,0.0,0.0,0.0,0.06428982,0.86679876,0.0,0.0,0.06891143
3,6,0.0,0.0,0.0,0.0,0.0,0.06428982,0.86679876,0.0,0.0,0.06891143
3,6,0.0,0.0,0.0,0.0,0.0,0.06428982,0.86679876,0.0,0.0,0.06891143
3,6,0.0,0.0,0.0,0.0,0.0,0.25957686,0.6715117,0.0,0.0,0.068911426
3,6,0.0,0.0,0.0,0.0,0.0,0.25957686,0.6715117,0.0,0.0,0.068911426
3,6,0.0,0.0,0.0,0.0,0.0,0.25957686,0.6715117,0.0,0.0,0.068911426
3,6,0.0,0.0,0.0,0.0,0.0,0.25957686,0.6715117,0.0,0.0,0.068911426
3,6,0.0,0.0,0.0,0.0,0.0,0.25957686,0.6715117,0.0,0.0,0.068911426
3,6,0.0,0.0,0.0,0.0,0.0,0.25957686,0.6715117,0.0,0.0,0.068911426
3,6,0.0,0.0,0.0,0.0,0.0,0.3254133,0.6056753,0.0,0.0,0.068911426
3,6,0.0,0.0,0.0,0.0,0.0,0.3254133,0.6056753,0.0,0.0,0.068911426
3,6,0.0,0.0,0.0,0.0,0.0,0.3254133,0.6056753,0.0,0.0,0.068911426
3,6,0.0,0.0,0.0,0.0,0.0,0.3254133,0.6056753,0.0,0.0,0.068911426
3,6,0.0,0.0,0.0,0.0,0.0,0.3254133,0.6056753,0.0,0.0,0.068911426
3,6,0.0,0.0,0.0,0.0,0.0,0.3254133,0.6056753,0.0,0.0,0.068911426
3,6,0.0,0.0,0.0,0.0,0.0,0.3254133,0.6056753,0.0,0.0,0.068911426
3,6,0.0,0.0,0.0,0.0,0.0,0.3254133,0.6056753,0.0,0.0,0.068911426
3,6,0.0,0.0,0.0,0.0,0.0,0.3254133,0.6056753,0.0,0.0,0.068911426
3,6,0.0,0.0,0.0,0.0,0.0,0.3254133,0.6056753,0.0,0.0,0.068911426
3,6,0.0,0.0,0.0,0.0,0.0,0.3254133,0.6056753,0.0,0.0,0.068911426
3,6,0.0,0.0,0.0,0.0,0.0,0.3254133,0.6056753,0.0,0.0,0.068911426
3,6,0.0,0.0,0.0,0.0,0.0,0.3254133,0.6056753,0.0,0.0,0.068911426
3,6,0.0,0.0,0.0,0.0,0.0,0.3254133,0.6056753,0.0,0.0,0.068911426
3,6,0.0,0.0,0.0,0.0,0.0,0.44616115,0.4849274,0.0,0.0,0.068911426
3,6,0.0,0.0,0.0,0.0,0.0,0.44616115,0.4849274,0.0,0.0,0.068911426
3,6,0.0,0.0,0.0,0.0,0.0,0.44616115,0.4849274,0.0,0.0,0.068911426
3,6,0.0,0.0,0.0,0.0,0.0,0.44616115,0.4849274,0.0,0.0,0.068911426
3,5,0.0,0.0,0.0,0.0,0.0,0.5045973,0.4264913,0.0,0.0,0.06891143
3,5,0.0,0.0,0.0,0.0,0.0,0.5045973,0.4264913,0.0,0.0,0.06891143
3,5,0.0,0.0,0.0,0.0,0.0,0.5045973,0.4264913,0.0,0.0,0.06891143
3,5,0.0,0.0,0.0,0.0,0.0,0.5045973,0.4264913,0.0,0.0,0.06891143
3,5,0.0,0.0,0.0,0.0,0.0,0.5045973,0.4264913,0.0,0.0,0.06891143
3,5,0.0,0.0,0.0,0.0,0.0,0.5045973,0.4264913,0.0,0.0,0.06891143
3,5,0.0,0.0,0.0,0.0,0.0,0.5045973,0.4264913,0.0,0.0,0.06891143
3,5,0.0,0.0,0.0,0.0,0.0,0.5045973,0.4264913,0.0,0.0,0.06891143
3,5,0.0,0.0,0.0,0.0,0.0,0.566194,0.36489457,0.0,0.0,0.068911426
3,5,0.0,0.0,0.0,0.0,0.0,0.566194,0.36489457,0.0,0.0,0.068911426
3,5,0.0,0.0,0.0,0.0,0.0,0.566194,0.36489457,0.0,0.0,0.068911426
3,5,0.0,0.0,0.0,0.0,0.0,0.566194,0.36489457,0.0,0.0,0.068911426
3,5,0.0,0.0,0.0,0.0,0.0,0.566194,0.36489457,0.0,0.0,0.068911426
3,5,0.0,0.0,0.0,0.0,0.0,0.566194,0.36489457,0.0,0.0,0.068911426
3,5,0.0,0.0,0.0,0.0,0.0,0.566194,0.36489457,0.0,0.0,0.068911426
3,5,0.0,0.0,0.0,0.0,0.0,0.62643486,0.30465367,0.0,0.0,0.068911426
3,5,0.0,0.0,0.0,0.0,0.0,0.68885684,0.1831728,0.0,0.0,0.12797032
3,5,0.0,0.0,0.0,0.0,0.0,0.75227726,0.1197524,0.0,0.0,0.12797032
3,5,0.0,0.0,0.0,0.0,0.0,0.75227726,0.1197524,0.0,0.0,0.12797032
3,5,0.0,0.0,0.0,0.0,0.0,0.75227726,0.1197524,0.0,0.0,0.12797032
3,5,0.0,0.0,0.0,0.0,0.0,0.75227726,0.1197524,0.0,0.0,0.12797032
3,5,0.0,0.0,0.0,0.0,0.0,0.75227726,0.1197524,0.0,0.0,0.12797032
3,5,0.0,0.0,0.0,0.0,0.0,0.75227726,0.1197524,0.0,0.0,0.12797032
3,5,0.0,0.0,0.0,0.0,0.0,0.75227726,0.1197524,0.0,0.0,0.12797032
3,5,0.0,0.0,0.0,0.0,0.0,0.75227726,0.1197524,0.0,0.0,0.12797032
3,5,0.0,0.0,0.0,0.0,0.0,0.75227726,0.1197524,0.0,0.0,0.12797032
3,5,0.0,0.0,0.0,0.0,0.0,0.75227726,0.1197524,0.0,0.0,0.12797032
3,5,0.0,0.0,0.0,0.0,0.0,0.75227726,0.1197524,0.0,0.0,0.12797032
3,5,0.0,0.0,0.0,0.0,0.0,0.75227726,0.1197524,0.0,0.0,0.12797032
3,5,0.0,0.0,0.0,0.0,0.0,0.75227726,0.1197524,0.0,0.0,0.12797032
3,5,0.0,0.0,0.0,0.0,0.0,0.75227726,0.1197524,0.0,0.0,0.12797032
3,5,0.0,0.0,0.0,0.0,0.0,0.75227726,0.1197524,0.0,0.0,0.12797032
3,5,0.0,0.0,0.0,0.0,0.0,0.8118373,0.06019235,0.0,0.0,0.12797032
3,5,0.0,0.0,0.0,0.0,0.0,0.8118373,0.06019235,0.0,0.0,0.12797032
3,5,0.0,0.0,0.0,0.0,0.0,0.8118373,0.06019235,0.0,0.0,0.12797032
3,5,0.0,0.0,0.0,0.0,0.0,0.8118373,0.06019235,0.0,0.0,0.12797032
3,5,0.0,0.0,0.0,0.0,0.0,0.8118373,0.06019235,0.0,0.0,0.12797032
3,5,0.0,0.0,0.0,0.0,0.0,0.8118373,0.06019235,0.0,0.0,0.12797032
3,5,0.0,0.0,0.0,0.0,0.0,0.8118373,0.06019235,0.0,0.0,0.12797032
3,5,0.0,0.0,0.0,0.0,0.0,0.8118373,0.06019235,0.0,0.0,0.12797032
3,5,0.0,0.0,0.0,0.0,0.0,0.87202966,0.0,0.0,0.0,0.12797032
3,5,0.0,0.0,0.0,0.0,0.0,0.87202966,0.0,0.0,0.0,0.12797032
3,5,0.0,0.0,0.0,0.0,0.0,0.87202966,0.0,0.0,0.0,0.12797032
3,5,0.0,0.0,0.0,0.0,0.0,0.87202966,0.0,0.0,0.0,0.12797032
3,5,0.0,0.0,0.0,0.0,0.0,0.87202966,0.0,0.0,0.0,0.12797032
3,5,0.0,0.0,0.0,0.0,0.0,0.87202966,0.0,0.0,0.0,0.12797032
3,5,0.0,0.0,0.0,0.0,0.0,0.87202966,0.0,0.0,0.0,0.12797032
3,5,0.0,0.0,0.0,0.0,0.0,0.87202966,0.0,0.0,0.0,0.12797032
3,5,0.0,0.0,0.0,0.0,0.0,0.87202966,0.0,0.0,0.0,0.12797032
3,5,0.0,0.0,0.0,0.0,0.0,0.87202966,0.0,0.0,0.0,0.12797032
3,5,0.0,0.0,0.0,0.0,0.0,0.87202966,0.0,0.0,0.0,0.12797032
3,5,0.0,0.0,0.0,0.0,0.0,0.87202966,0.0,0.0,0.0,0.12797032
3,5,0.0,0.0,0.0,0.0,0.0,0.87202966,0.0,0.0,0.0,0.12797032
3,5,0.0,0.0,0.0,0.0,0.0,0.87202966,0.0,0.0,0.0,0.12797032
3,5,0.0,0.0,0.0,0.0,0.0,0.87202966,0.0,0.0,0.0,0.12797032
3,5,0.0,0.0,0.0,0.0,0.0,0.87202966,0.0,0.0,0.0,0.12797032
3,5,0.0,0.0,0.0,0.0,0.0,0.87202966,0.0,0.0,0.0,0.12797032
3,5,0.0,0.0,0.0,0.0,0.0,0.87202966,0.0,0.0,0.0,0.12797032
3,5,0.0,0.0,0.0,0.0,0.0,0.87202966,0.0,0.0,0.0,0.12797032
3,5,0.0,0.0,0.0,0.0,0.0,0.87202966,0.0,0.0,0.0,0.12797032
3,5,0.0,0.0,0.0,0.0,0.0,0.87202966,0.0,0.0,0.0,0.12797032
3,5,0.0,0.0,0.0,0.0,0.0,0.87202966,0.0,0.0,0.0,0.12797032
3,5,0.0,0.0,0.0,0.0,0.0,0.87202966,0.0,0.0,0.0,0.12797032
3,5,0.0,0.0,0.0,0.0,0.0,0.87202966,0.0,0.0,0.0,0.12797032
3,5,0.0,0.0,0.0,0.0,0.0,0.87202966,0.0,0.0,0.0,0.12797032
3,5,0.0,0.0,0.0,0.0,0.0,0.87202966,0.0,0.0,0.0,0.12797032
3,5,0.0,0.0,0.0,0.0,0.0,0.87202966,0.0,0.0,0.0,0.12797032
3,5,0.0,0.0,0.0,0.0,0.0,0.87202966,0.0,0.0,0.0,0.12797032
3,5,0.0,0.0,0.0,0.0,0.0,0.87202966,0.0,0.0,0.0,0.12797032
3,5,0.0,0.0,0.0,0.0,0.0,0.87202966,0.0,0.0,0.0,0.12797032
3,5,0.0,0.0,0.0,0.0,0.0,0.87202966,0.0,0.0,0.0,0.12797032
3,5,0.0,0.0,0.0,0.0,0.0,0.87202966,0.0,0.0,0.0,0.12797032
3,5,0.0,0.0,0.0,0.0,0.0,0.87202966,0.0,0.0,0.0,0.12797032
3,5,0.0,0.0,0.0,0.0,0.0,0.87202966,0.0,0.0,0.0,0.12797032
3,5,0.0,0.0,0.0,0.0,0.0,0.87202966,0.0,0.0,0.0,0.12797032
3,5,0.0,0.0,0.0,0.0,0.0,0.87202966,0.0,0.0,0.0,0.12797032
3,5,0.0,0.0,0.0,0.0,0.0,0.87202966,0.0,0.0,0.0,0.12797032
3,5,0.0,0.0,0.0,0.0,0.0,0.87202966,0.0,0.0,0.0,0.12797032
3,5,0.0,0.0,0.0,0.0,0.0,0.87202966,0.0,0.0,0.0,0.12797032
3,5,0.0,0.0,0.0,0.0,0.0,0.87202966,0.0,0.0,0.0,0.12797032
3,5,0.0,0.0,0.0,0.0,0.0,0.87202966,0.0,0.0,0.0,0.12797032
3,5,0.0,0.0,0.0,0.0,0.0,0.87202966,0.0,0.0,0.0,0.12797032
3,5,0.0,0.0,0.0,0.0,0.0,0.87202966,0.0,0.0,0.0,0.12797032
3,5,0.0,0.0,0.0,0.0,0.0,0.87202966,0.0,0.0,0.0,0.12797032
3,5,0.0,0.0,0.0,0.0,0.0,0.87202966,0.0,0.0,0.0,0.12797032
3,5,0.0,0.0,0.0,0.0,0.0,0.87202966,0.0,0.0,0.0,0.12797032
3,5,0.0,0.0,0.0,0.0,0.0,0.87202966,0.0,0.0,0.0,0.12797032
3,5,0.0,0.0,0.0,0.0,0.0,0.87202966,0.0,0.0,0.0,0.12797032
3,5,0.0,0.0,0.0,0.0,0.0,0.87202966,0.0,0.0,0.0,0.12797032
3,5,0.0,0.0,0.0,0.0,0.0,0.87202966,0.0,0.0,0.0,0.12797032
3,5,0.0,0.0,0.0,0.0,0.0,0.87202966,0.0,0.0,0.0,0.12797032
3,5,0.0,0.0,0.0,0.0,0.0,0.87202966,0.0,0.0,0.0,0.12797032
3,5,0.0,0.0,0.0,0.0,0.0,0.87202966,0.0,0.0,0.0,0.12797032
3,5,0.0,0.0,0.0,0.0,0.0,0.87202966,0.0,0.0,0.0,0.12797032
2,5,0.0,0.0,0.0,0.0,0.0,0.87202966,0.0,0.0,0.0,0.12797032
2,5,0.0,0.0,0.0,0.0,0.0,0.87202966,0.0,0.0,0.0,0.12797032
2,5,0.0,0.0,0.0,0.0,0.064289816,0.80773985,0.0,0.0,0.0,0.12797032
2,5,0.0,0.0,0.0,0.0,0.064289816,0.80773985,0.0,0.0,0.0,0.12797032
2,5,0.0,0.0,0.0,0.0,0.064289816,0.80773985,0.0,0.0,0.0,0.12797032
2,5,0.0,0.0,0.0,0.0,0.064289816,0.80773985,0.0,0.0,0.0,0.12797032
2,5,0.0,0.0,0.0,0.0,0.064289816,0.80773985,0.0,0.0,0.0,0.12797032
2,5,0.0,0.0,0.0,0.0,0.064289816,0.80773985,0.0,0.0,0.0,0.12797032
2,5,0.0,0.0,0.0,0.0,0.064289816,0.80773985,0.0,0.0,0.0,0.12797032
2,5,0.0,0.0,0.0,0.0,0.064289816,0.80773985,0.0,0.0,0.0,0.12797032
2,5,0.0,0.0,0.0,0.0,0.12334871,0.80773985,0.0,0.0,0.0,0.068911426
2,5,0.0,0.0,0.0,0.0,0.12334871,0.80773985,0.0,0.0,0.0,0.068911426
2,5,0.0,0.0,0.0,0.0,0.12334871,0.80773985,0.0,0.0,0.0,0.068911426
2,5,0.0,0.0,0.0,0.0,0.12334871,0.80773985,0.0,0.0,0.0,0.068911426
2,5,0.0,0.0,0.0,0.0,0.12334871,0.80773985,0.0,0.0,0.0,0.068911426
2,5,0.0,0.0,0.0,0.0,0.12334871,0.80773985,0.0,0.0,0.0,0.068911426
2,5,0.0,0.0,0.0,0.0,0.12334871,0.80773985,0.0,0.0,0.0,0.068911426
2,5,0.0,0.0,0.0,0.0,0.12334871,0.80773985,0.0,0.0,0.0,0.068911426
2,5,0.0,0.0,0.0,0.0,0.12334871,0.80773985,0.0,0.0,0.0,0.068911426
2,5,0.0,0.0,0.0,0.0,0.12334871,0.80773985,0.0,0.0,0.0,0.068911426
2,5,0.0,0.0,0.0,0.0,0.12334871,0.80773985,0.0,0.0,0.0,0.068911426
2,5,0.0,0.0,0.0,0.0,0.12334871,0.80773985,0.0,0.0,0.0,0.068911426
2,5,0.0,0.0,0.0,0.0,0.18404515,0.74704343,0.0,0.0,0.0,0.06891143
2,5,0.0,0.0,0.0,0.0,0.18404515,0.74704343,0.0,0.0,0.0,0.06891143
2,5,0.0,0.0,0.0,0.0,0.18404515,0.74704343,0.0,0.0,0.0,0.06891143
2,5,0.0,0.0,0.0,0.0,0.18404515,0.74704343,0.0,0.0,0.0,0.06891143
2,5,0.0,0.0,0.0,0.0,0.18404515,0.74704343,0.0,0.0,0.0,0.06891143
2,5,0.0,0.0,0.0,0.0,0.18404515,0.74704343,0.0,0.0,0.0,0.06891143
2,5,0.0,0.0,0.0,0.0,0.18404515,0.74704343,0.0,0.0,0.0,0.06891143
2,5,0.0,0.0,0.0,0.0,0.18404515,0.74704343,0.0,0.0,0.0,0.06891143
2,5,0.0,0.0,0.0,0.0,0.18404515,0.74704343,0.0,0.0,0.0,0.06891143
2,5,0.0,0.0,0.0,0.0,0.18404515,0.74704343,0.0,0.0,0.0,0.06891143
2,5,0.0,0.0,0.0,0.0,0.18404515,0.74704343,0.0,0.0,0.0,0.06891143
2,5,0.0,0.0,0.0,0.0,0.18404515,0.74704343,0.0,0.0,0.0,0.06891143
2,5,0.0,0.0,0.0,0.0,0.18404515,0.74704343,0.0,0.0,0.0,0.06891143
2,5,0.0,0.0,0.0,0.0,0.18404515,0.74704343,0.0,0.0,0.0,0.06891143
2,5,0.0,0.0,0.0,0.0,0.18404515,0.74704343,0.0,0.0,0.0,0.06891143
2,5,0.0,0.0,0.0,0.0,0.18404515,0.74704343,0.0,0.0,0.0,0.06891143
2,5,0.0,0.0,0.0,0.0,0.18404515,0.74704343,0.0,0.0,0.0,0.06891143
2,5,0.0,0.0,0.0,0.0,0.18404515,0.74704343,0.0,0.0,0.0,0.06891143
2,5,0.0,0.0,0.0,0.0,0.18404515,0.74704343,0.0,0.0,0.0,0.06891143
2,5,0.0,0.0,0.0,0.0,0.18404515,0.74704343,0.0,0.0,0.0,0.06891143
2,5,0.0,0.0,0.0,0.0,0.37933215,0.5517564,0.0,0.0,0.0,0.068911426
2,5,0.0,0.0,0.0,0.0,0.37933215,0.5517564,0.0,0.0,0.0,0.068911426
2,5,0.0,0.0,0.0,0.0,0.37933215,0.5517564,0.0,0.0,0.0,0.068911426
2,5,0.0,0.0,0.0,0.0,0.37933215,0.5517564,0.0,0.0,0.0,0.068911426
2,5,0.0,0.0,0.0,0.0,0.37933215,0.5517564,0.0,0.0,0.0,0.068911426
2,5,0.0,0.0,0.0,0.0,0.37933215,0.5517564,0.0,0.0,0.0,0.068911426
2,5,0.0,0.0,0.0,0.0,0.37933215,0.5517564,0.0,0.0,0.0,0.068911426
2,5,0.0,0.0,0.0,0.0,0.37933215,0.5517564,0.0,0.0,0.0,0.068911426
2,5,0.0,0.0,0.0,0.0,0.37933215,0.5517564,0.0,0.0,0.0,0.068911426
2,5,0.0,0.0,0.0,0.0,0.37933215,0.5517564,0.0,0.0,0.0,0.068911426
2,5,0.0,0.0,0.0,0.0,0.37933215,0.5517564,0.0,0.0,0.0,0.068911426
2,5,0.0,0.0,0.0,0.0,0.37933215,0.5517564,0.0,0.0,0.0,0.068911426
2,5,0.0,0.0,0.0,0.0,0.37933215,0.5517564,0.0,0.0,0.0,0.068911426
2,5,0.0,0.0,0.0,0.0,0.37933215,0.5517564,0.0,0.0,0.0,0.068911426
2,5,0.0,0.0,0.0,0.0,0.37933215,0.5517564,0.0,0.0,0.0,0.068911426
2,5,0.0,0.0,0.0,0.0,0.4395245,0.49156404,0.0,0.0,0.0,0.068911426
2,4,0.0,0.0,0.0,0.0,0.5011212,0.42996734,0.0,0.0,0.0,0.06891143
2,4,0.0,0.0,0.0,0.0,0.5011212,0.42996734,0.0,0.0,0.0,0.06891143
2,4,0.0,0.0,0.0,0.0,0.5011212,0.42996734,0.0,0.0,0.0,0.06891143
2,4,0.0,0.0,0.0,0.0,0.5011212,0.42996734,0.0,0.0,0.0,0.06891143
2,4,0.0,0.0,0.0,0.0,0.5011212,0.42996734,0.0,0.0,0.0,0.06891143
2,4,0.0,0.0,0.0,0.0,0.5011212,0.42996734,0.0,0.0,0.0,0.06891143
2,4,0.0,0.0,0.0,0.0,0.5011212,0.42996734,0.0,0.0,0.0,0.06891143
2,4,0.0,0.0,0.0,0.0,0.5011212,0.42996734,0.0,0.0,0.0,0.06891143
2,4,0.0,0.0,0.0,0.0,0.5011212,0.42996734,0.0,0.0,0.0,0.06891143
2,4,0.0,0.0,0.0,0.0,0.5011212,0.42996734,0.0,0.0,0.0,0.06891143
2,4,0.0,0.0,0.0,0.0,0.5011212,0.42996734,0.0,0.0,0.0,0.06891143
2,4,0.0,0.0,0.0,0.0,0.5011212,0.42996734,0.0,0.0,0.0,0.06891143
2,4,0.0,0.0,0.0,0.0,0.56117266,0.36991587,0.0,0.0,0.0,0.068911426
2,4,0.0,0.0,0.0,0.0,0.56117266,0.36991587,0.0,0.0,0.0,0.068911426
2,4,0.0,0.0,0.0,0.0,0.56117266,0.36991587,0.0,0.0,0.0,0.068911426
2,4,0.0,0.0,0.0,0.0,0.56117266,0.36991587,0.0,0.0,0.0,0.068911426
2,4,0.0,0.0,0.0,0.0,0.56117266,0.36991587,0.0,0.0,0.0,0.068911426
2,4,0.0,0.0,0.0,0.0,0.56117266,0.36991587,0.0,0.0,0.0,0.068911426
2,4,0.0,0.0,0.0,0.0,0.68383557,0.24725302,0.0,0.0,0.0,0.06891143
2,4,0.0,0.0,0.0,0.0,0.68383557,0.24725302,0.0,0.0,0.0,0.06891143
2,4,0.0,0.0,0.0,0.0,0.68383557,0.24725302,0.0,0.0,0.0,0.06891143
2,4,0.0,0.0,0.0,0.0,0.68383557,0.24725302,0.0,0.0,0.0,0.06891143
2,4,0.0,0.0,0.0,0.0,0.68383557,0.24725302,0.0,0.0,0.0,0.06891143
2,4,0.0,0.0,0.0,0.0,0.68383557,0.24725302,0.0,0.0,0.0,0.06891143
2,4,0.0,0.0,0.0,0.0,0.747256,0.1838326,0.0,0.0,0.0,0.06891143
2,4,0.0,0.0,0.0,0.0,0.747256,0.1838326,0.0,0.0,0.0,0.06891143
2,4,0.0,0.0,0.0,0.0,0.747256,0.1838326,0.0,0.0,0.0,0.06891143
2,4,0.0,0.0,0.0,0.0,0.747256,0.1838326,0.0,0.0,0.0,0.06891143
2,4,0.0,0.0,0.0,0.0,0.747256,0.1838326,0.0,0.0,0.0,0.06891143
2,4,0.0,0.0,0.0,0.0,0.747256,0.1838326,0.0,0.0,0.0,0.06891143
2,4,0.0,0.0,0.0,0.0,0.747256,0.1838326,0.0,0.0,0.0,0.06891143
2,4,0.0,0.0,0.0,0.0,0.747256,0.1838326,0.0,0.0,0.0,0.06891143
2,4,0.0,0.0,0.0,0.0,0.747256,0.1838326,0.0,0.0,0.0,0.06891143
2,4,0.0,0.0,0.0,0.0,0.747256,0.1838326,0.0,0.0,0.0,0.06891143
2,4,0.0,0.0,0.0,0.0,0.747256,0.1838326,0.0,0.0,0.0,0.06891143
2,4,0.0,0.0,0.0,0.0,0.747256,0.1838326,0.0,0.0,0.0,0.06891143
2,4,0.0,0.0,0.0,0.0,0.747256,0.1838326,0.0,0.0,0.0,0.06891143
2,4,0.0,0.0,0.0,0.0,0.747256,0.1838326,0.0,0.0,0.0,0.06891143
2,4,0.0,0.0,0.0,0.0,0.747256,0.1838326,0.0,0.0,0.0,0.06891143
2,4,0.0,0.0,0.0,0.0,0.747256,0.1838326,0.0,0.0,0.0,0.06891143
2,4,0.0,0.0,0.0,0.0,0.747256,0.1838326,0.0,0.0,0.0,0.06891143
2,4,0.0,0.0,0.0,0.0,0.747256,0.1838326,0.0,0.0,0.0,0.06891143
2,4,0.0,0.0,0.0,0.0,0.747256,0.1838326,0.0,0.0,0.0,0.06891143
2,4,0.0,0.0,0.0,0.0,0.747256,0.1838326,0.0,0.0,0.0,0.06891143
2,4,0.0,0.0,0.0,0.0,0.747256,0.1838326,0.0,0.0,0.0,0.06891143
2,4,0.0,0.0,0.0,0.0,0.747256,0.1838326,0.0,0.0,0.0,0.06891143
2,4,0.0,0.0,0.0,0.0,0.747256,0.1838326,0.0,0.0,0.0,0.06891143
2,4,0.0,0.0,0.0,0.0,0.747256,0.1838326,0.0,0.0,0.0,0.06891143
2,4,0.0,0.0,0.0,0.0,0.747256,0.1838326,0.0,0.0,0.0,0.06891143
2,4,0.0,0.0,0.0,0.0,0.747256,0.1838326,0.0,0.0,0.0,0.06891143
2,4,0.0,0.0,0.0,0.0,0.747256,0.1838326,0.0,0.0,0.0,0.06891143
2,4,0.0,0.0,0.0,0.0,0.747256,0.1838326,0.0,0.0,0.0,0.06891143
2,4,0.0,0.0,0.0,0.0,0.8056921,0.12539649,0.0,0.0,0.0,0.06891143
2,4,0.0,0.0,0.0,0.0,0.8056921,0.12539649,0.0,0.0,0.0,0.06891143
2,4,0.0,0.0,0.0,0.0,0.8746035,0.12539649,0.0,0.0,0.0,0.0
2,4,0.0,0.0,0.0,0.0,0.8746035,0.12539649,0.0,0.0,0.0,0.0
2,4,0.0,0.0,0.0,0.0,0.8746035,0.12539649,0.0,0.0,0.0,0.0
2,4,0.0,0.0,0.0,0.0,0.8746035,0.12539649,0.0,0.0,0.0,0.0
2,4,0.0,0.0,0.0,0.0,0.94043994,0.059560057,0.0,0.0,0.0,0.0
2,4,0.0,0.0,0.0,0.0,0.94043994,0.059560057,0.0,0.0,0.0,0.0
2,4,0.0,0.0,0.0,0.0,0.94043994,0.059560057,0.0,0.0,0.0,0.0
2,4,0.0,0.0,0.0,0.0,0.94043994,0.059560057,0.0,0.0,0.0,0.0
2,4,0.0,0.0,0.0,0.0,0.94043994,0.059560057,0.0,0.0,0.0,0.0
2,4,0.0,0.0,0.0,0.0,0.94043994,0.059560057,0.0,0.0,0.0,0.0
2,4,0.0,0.0,0.0,0.0,0.94043994,0.059560057,0.0,0.0,0.0,0.0
2,4,0.0,0.0,0.0,0.0,0.94043994,0.059560057,0.0,0.0,0.0,0.0
2,4,0.0,0.0,0.0,0.0,0.94043994,0.059560057,0.0,0.0,0.0,0.0
2,4,0.0,0.0,0.0,0.0,0.94043994,0.059560057,0.0,0.0,0.0,0.0
2,4,0.0,0.0,0.0,0.0,0.94043994,0.059560057,0.0,0.0,0.0,0.0
2,4,0.0,0.0,0.0,0.0,0.94043994,0.059560057,0.0,0.0,0.0,0.0
2,4,0.0,0.0,0.0,0.0,0.94043994,0.059560057,0.0,0.0,0.0,0.0
2,4,0.0,0.0,0.0,0.0,0.94043994,0.059560057,0.0,0.0,0.0,0.0
2,4,0.0,0.0,0.0,0.0,0.94043994,0.059560057,0.0,0.0,0.0,0.0
2,4,0.0,0.0,0.0,0.0,0.94043994,0.059560057,0.0,0.0,0.0,0.0
2,4,0.0,0.0,0.0,0.0,0.94043994,0.059560057,0.0,0.0,0.0,0.0
2,4,0.0,0.0,0.0,0.0,0.94043994,0.059560057,0.0,0.0,0.0,0.0
2,4,0.0,0.0,0.0,0.0,0.94043994,0.059560057,0.0,0.0,0.0,0.0
2,4,0.0,0.0,0.0,0.0,0.94043994,0.059560057,0.0,0.0,0.0,0.0
2,4,0.0,0.0,0.0,0.0,0.94043994,0.059560057,0.0,0.0,0.0,0.0
2,4,0.0,0.0,0.0,0.0,0.94043994,0.059560057,0.0,0.0,0.0,0.0
2,4,0.0,0.0,0.0,0.0,0.94043994,0.059560057,0.0,0.0,0.0,0.0
2,4,0.0,0.0,0.0,0.0,0.94043994,0.059560057,0.0,0.0,0.0,0.0
2,4,0.0,0.0,0.0,0.0,0.94043994,0.059560057,0.0,0.0,0.0,0.0
2,4,0.0,0.0,0.0,0.0,0.94043994,0.059560057,0.0,0.0,0.0,0.0
2,4,0.0,0.0,0.0,0.0,0.94043994,0.059560057,0.0,0.0,0.0,0.0
2,4,0.0,0.0,0.0,0.0,0.94043994,0.059560057,0.0,0.0,0.0,0.0
2,4,0.0,0.0,0.0,0.0,0.94043994,0.059560057,0.0,0.0,0.0,0.0
2,4,0.0,0.0,0.0,0.0,0.94043994,0.059560057,0.0,0.0,0.0,0.0
2,4,0.0,0.0,0.0,0.0,0.94043994,0.059560057,0.0,0.0,0.0,0.0
2,4,0.0,0.0,0.0,0.0,0.94043994,0.059560057,0.0,0.0,0.0,0.0
2,4,0.0,0.0,0.0,0.0,0.94043994,0.059560057,0.0,0.0,0.0,0.0
2,4,0.0,0.0,0.0,0.0,0.94043994,0.059560057,0.0,0.0,0.0,0.0
2,4,0.0,0.0,0.0,0.0,0.94043994,0.059560057,0.0,0.0,0.0,0.0
2,4,0.0,0.0,0.0,0.0,0.94043994,0.059560057,0.0,0.0,0.0,0.0
2,4,0.0,0.0,0.0,0.0,0.94043994,0.059560057,0.0,0.0,0.0,0.0
2,4,0.0,0.0,0.0,0.0,0.94043994,0.059560057,0.0,0.0,0.0,0.0
2,4,0.0,0.0,0.0,0.0,1.0,0.0,0.0,0.0,0.0,0.0
2,4,0.0,0.0,0.0,0.0,1.0,0.0,0.0,0.0,0.0,0.0
2,4,0.0,0.0,0.0,0.0,1.0,0.0,0.0,0.0,0.0,0.0
2,4,0.0,0.0,0.0,0.0,1.0,0.0,0.0,0.0,0.0,0.0
2,4,0.0,0.0,0.0,0.0,1.0,0.0,0.0,0.0,0.0,0.0
2,4,0.0,0.0,0.0,0.0,1.0,0.0,0.0,0.0,0.0,0.0
2,4,0.0,0.0,0.0,0.0,1.0,0.0,0.0,0.0,0.0,0.0
2,4,0.0,0.0,0.0,0.0,1.0,0.0,0.0,0.0,0.0,0.0
2,4,0.0,0.0,0.0,0.0,1.0,0.0,0.0,0.0,0.0,0.0
2,4,0.0,0.0,0.0,0.0,1.0,0.0,0.0,0.0,0.0,0.0
2,4,0.0,0.0,0.0,0.0,1.0,0.0,0.0,0.0,0.0,0.0
2,4,0.0,0.0,0.0,0.0,1.0,0.0,0.0,0.0,0.0,0.0
2,4,0.0,0.0,0.0,0.0,1.0,0.0,0.0,0.0,0.0,0.0
2,4,0.0,0.0,0.0,0.0,1.0,0.0,0.0,0.0,0.0,0.0
2,4,0.0,0.0,0.0,0.0,1.0,0.0,0.0,0.0,0.0,0.0
2,4,0.0,0.0,0.0,0.0,1.0,0.0,0.0,0.0,0.0,0.0
2,4,0.0,0.0,0.0,0.0,1.0,0.0,0.0,0.0,0.0,0.0
2,4,0.0,0.0,0.0,0.0,1.0,0.0,0.0,0.0,0.0,0.0
2,4,0.0,0.0,0.0,0.0,1.0,0.0,0.0,0.0,0.0,0.0
2,4,0.0,0.0,0.0,0.0,1.0,0.0,0.0,0.0,0.0,0.0
2,4,0.0,0.0,0.0,0.0,1.0,0.0,0.0,0.0,0.0,0.0
2,4,0.0,0.0,0.0,0.0,1.0,0.0,0.0,0.0,0.0,0.0
2,4,0.0,0.0,0.0,0.0,1.0,0.0,0.0,0.0,0.0,0.0
2,4,0.0,0.0,0.0,0.0,1.0,0.0,0.0,0.0,0.0,0.0
2,4,0.0,0.0,0.0,0.0,1.0,0.0,0.0,0.0,0.0,0.0
2,4,0.0,0.0,0.0,0.0,1.0,0.0,0.0,0.0,0.0,0.0
2,4,0.0,0.0,0.0,0.0,1.0,0.0,0.0,0.0,0.0,0.0
2,4,0.0,0.0,0.0,0.0,1.0,0.0,0.0,0.0,0.0,0.0
2,4,0.0,0.0,0.0,0.0,1.0,0.0,0.0,0.0,0.0,0.0
2,4,0.0,0.0,0.0,0.0,1.0,0.0,0.0,0.0,0.0,0.0
2,4,0.0,0.0,0.0,0.0,1.0,0.0,0.0,0.0,0.0,0.0
2,4,0.0,0.0,0.0,0.0,1.0,0.0,0.0,0.0,0.0,0.0
2,4,0.0,0.0,0.0,0.0,1.0,0.0,0.0,0.0,0.0,0.0
2,4,0.0,0.0,0.0,0.0,1.0,0.0,0.0,0.0,0.0,0.0
2,4,0.0,0.0,0.0,0.0,1.0,0.0,0.0,0.0,0.0,0.0
2,4,0.0,0.0,0.0,0.0,1.0,0.0,0.0,0.0,0.0,0.0
2,4,0.0,0.0,0.0,0.0,1.0,0.0,0.0,0.0,0.0,0.0
2,4,0.0,0.0,0.0,0.0,1.0,0.0,0.0,0.0,0.0,0.0
2,4,0.0,0.0,0.0,0.0,1.0,0.0,0.0,0.0,0.0,0.0
2,4,0.0,0.0,0.0,0.0,1.0,0.0,0.0,0.0,0.0,0.0
2,4,0.0,0.0,0.0,0.0,1.0,0.0,0.0,0.0,0.0,0.0
2,4,0.0,0.0,0.0,0.0,1.0,0.0,0.0,0.0,0.0,0.0
2,4,0.0,0.0,0.0,0.0,1.0,0.0,0.0,0.0,0.0,0.0
2,4,0.0,0.0,0.0,0.0,1.0,0.0,0.0,0.0,0.0,0.0
2,4,0.0,0.0,0.0,0.0,1.0,0.0,0.0,0.0,0.0,0.0
2,4,0.0,0.0,0.0,0.0,1.0,0.0,0.0,0.0,0.0,0.0
2,4,0.0,0.0,0.0,0.0,1.0,0.0,0.0,0.0,0.0,0.0
2,4,0.0,0.0,0.0,0.0,1.0,0.0,0.0,0.0,0.0,0.0
2,4,0.0,0.0,0.0,0.0,1.0,0.0,0.0,0.0,0.0,0.0
2,4,0.0,0.0,0.0,0.0,1.0,0.0,0.0,0.0,0.0,0.0
2,4,0.0,0.0,0.0,0.0,1.0,0.0,0.0,0.0,0.0,0.0
2,4,0.0,0.0,0.0,0.0,1.0,0.0,0.0,0.0,0.0,0.0
2,4,0.0,0.0,0.0,0.0,1.0,0.0,0.0,0.0,0.0,0.0
2,4,0.0,0.0,0.0,0.0,1.0,0.0,0.0,0.0,0.0,0.0
2,4,0.0,0.0,0.0,0.0,1.0,0.0,0.0,0.0,0.0,0.0
2,4,0.0,0.0,0.0,0.0,1.0,0.0,0.0,0.0,0.0,0.0
2,4,0.0,0.0,0.0,0.0,1.0,0.0,0.0,0.0,0.0,0.0
2,4,0.0,0.0,0.0,0.0,1.0,0.0,0.0,0.0,0.0,0.0
2,4,0.0,0.0,0.0,0.0,1.0,0.0,0.0,0.0,0.0,0.0
2,4,0.0,0.0,0.0,0.0,1.0,0.0,0.0,0.0,0.0,0.0
2,4,0.0,0.0,0.0,0.0,1.0,0.0,0.0,0.0,0.0,0.0
2,4,0.0,0.0,0.0,0.0,1.0,0.0,0.0,0.0,0.0,0.0
2,4,0.0,0.0,0.0,0.0,1.0,0.0,0.0,0.0,0.0,0.0
2,4,0.0,0.0,0.0,0.0,1.0,0.0,0.0,0.0,0.0,0.0
2,4,0.0,0.0,0.0,0.0,1.0,0.0,0.0,0.0,0.0,0.0
2,4,0.0,0.0,0.0,0.0,1.0,0.0,0.0,0.0,0.0,0.0
2,4,0.0,0.0,0.0,0.0,1.0,0.0,0.0,0.0,0.0,0.0
2,4,0.0,0.0,0.0,0.0,1.0,0.0,0.0,0.0,0.0,0.0
2,4,0.0,0.0,0.0,0.0,1.0,0.0,0.0,0.0,0.0,0.0
2,4,0.0,0.0,0.0,0.0,1.0,0.0,0.0,0.0,0.0,0.0
2,4,0.0,0.0,0.0,0.0,1.0,0.0,0.0,0.0,0.0,0.0
2,4,0.0,0.0,0.0,0.0,1.0,0.0,0.0,0.0,0.0,0.0
2,4,0.0,0.0,0.0,0.0,1.0,0.0,0.0,0.0,0.0,0.0
2,4,0.0,0.0,0.0,0.0,1.0,0.0,0.0,0.0,0.0,0.0
2,4,0.0,0.0,0.0,0.0,1.0,0.0,0.0,0.0,0.0,0.0
2,4,0.0,0.0,0.0,0.0,1.0,0.0,0.0,0.0,0.0,0.0
2,4,0.0,0.0,0.0,0.0,1.0,0.0,0.0,0.0,0.0,0.0
2,4,0.0,0.0,0.0,0.0,1.0,0.0,0.0,0.0,0.0,0.0
2,4,0.0,0.0,0.0,0.0,1.0,0.0,0.0,0.0,0.0,0.0
2,4,0.0,0.0,0.0,0.0,1.0,0.0,0.0,0.0,0.0,0.0
2,4,0.0,0.0,0.0,0.0,1.0,0.0,0.0,0.0,0.0,0.0
2,4,0.0,0.0,0.0,0.0,1.0,0.0,0.0,0.0,0.0,0.0
2,4,0.0,0.0,0.0,0.0,1.0,0.0,0.0,0.0,0.0,0.0
2,4,0.0,0.0,0.0,0.0,1.0,0.0,0.0,0.0,0.0,0.0
2,4,0.0,0.0,0.0,0.0,1.0,0.0,0.0,0.0,0.0,0.0
2,4,0.0,0.0,0.0,0.0,1.0,0.0,0.0,0.0,0.0,0.0
2,4,0.0,0.0,0.0,0.0,1.0,0.0,0.0,0.0,0.0,0.0
2,4,0.0,0.0,0.0,0.0,1.0,0.0,0.0,0.0,0.0,0.0
2,4,0.0,0.0,0.0,0.0,1.0,0.0,0.0,0.0,0.0,0.0
2,4,0.0,0.0,0.0,0.0,1.0,0.0,0.0,0.0,0.0,0.0
2,4,0.0,0.0,0.0,0.0,1.0,0.0,0.0,0.0,0.0,0.0
2,4,0.0,0.0,0.0,0.0,1.0,0.0,0.0,0.0,0.0,0.0
2,4,0.0,0.0,0.0,0.0,1.0,0.0,0.0,0.0,0.0,0.0
2,4,0.0,0.0,0.0,0.0,1.0,0.0,0.0,0.0,0.0,0.0
2,4,0.0,0.0,0.0,0.0,1.0,0.0,0.0,0.0,0.0,0.0
2,4,0.0,0.0,0.0,0.0,1.0,0.0,0.0,0.0,0.0,0.0
2,4,0.0,0.0,0.0,0.0,1.0,0.0,0.0,0.0,0.0,0.0
2,4,0.0,0.0,0.0,0.0,1.0,0.0,0.0,0.0,0.0,0.0
2,4,0.0,0.0,0.0,0.0,1.0,0.0,0.0,0.0,0.0,0.0
2,4,0.0,0.0,0.0,0.0,1.0,0.0,0.0,0.0,0.0,0.0
2,4,0.0,0.0,0.0,0.0,1.0,0.0,0.0,0.0,0.0,0.0
2,4,0.0,0.0,0.0,0.0,1.0,0.0,0.0,0.0,0.0,0.0
2,4,0.0,0.0,0.0,0.0,1.0,0.0,0.0,0.0,0.0,0.0
2,4,0.0,0.0,0.0,0.0,1.0,0.0,0.0,0.0,0.0,0.0
2,4,0.0,0.0,0.0,0.0,1.0,0.0,0.0,0.0,0.0,0.0
2,4,0.0,0.0,0.0,0.0,1.0,0.0,0.0,0.0,0.0,0.0
2,4,0.0,0.0,0.0,0.0,1.0,0.0,0.0,0.0,0.0,0.0
2,4,0.0,0.0,0.0,0.0,1.0,0.0,0.0,0.0,0.0,0.0
2,4,0.0,0.0,0.0,0.0,1.0,0.0,0.0,0.0,0.0,0.0
2,4,0.0,0.0,0.0,0.0,1.0,0.0,0.0,0.0,0.0,0.0
2,4,0.0,0.0,0.0,0.0,1.0,0.0,0.0,0.0,0.0,0.0
2,4,0.0,0.0,0.0,0.0,1.0,0.0,0.0,0.0,0.0,0.0
2,4,0.0,0.0,0.0,0.0,1.0,0.0,0.0,0.0,0.0,0.0
2,4,0.0,0.0,0.0,0.0,1.0,0.0,0.0,0.0,0.0,0.0
2,4,0.0,0.0,0.0,0.0,1.0,0.0,0.0,0.0,0.0,0.0
2,4,0.0,0.0,0.0,0.0,1.0,0.0,0.0,0.0,0.0,0.0
2,4,0.0,0.0,0.0,0.0,1.0,0.0,0.0,0.0,0.0,0.0
2,4,0.0,0.0,0.0,0.0,1.0,0.0,0.0,0.0,0.0,0.0
2,4,0.0,0.0,0.0,0.0,1.0,0.0,0.0,0.0,0.0,0.0
2,4,0.0,0.0,0.0,0.0,1.0,0.0,0.0,0.0,0.0,0.0
2,4,0.0,0.0,0.0,0.0,1.0,0.0,0.0,0.0,0.0,0.0
2,4,0.0,0.0,0.0,0.0,1.0,0.0,0.0,0.0,0.0,0.0
2,4,0.0,0.0,0.0,0.0,1.0,0.0,0.0,0.0,0.0,0.0
2,4,0.0,0.0,0.0,0.0,1.0,0.0,0.0,0.0,0.0,0.0
2,4,0.0,0.0,0.0,0.0,1.0,0.0,0.0,0.0,0.0,0.0
2,4,0.0,0.0,0.0,0.0,1.0,0.0,0.0,0.0,0.0,0.0
2,4,0.0,0.0,0.0,0.0,1.0,0.0,0.0,0.0,0.0,0.0
2,4,0.0,0.0,0.0,0.0,1.0,0.0,0.0,0.0,0.0,0.0
2,4,0.0,0.0,0.0,0.0,1.0,0.0,0.0,0.0,0.0,0.0
2,4,0.0,0.0,0.0,0.0,1.0,0.0,0.0,0.0,0.0,0.0
2,4,0.0,0.0,0.0,0.0,1.0,0.0,0.0,0.0,0.0,0.0
2,4,0.0,0.0,0.0,0.0,1.0,0.0,0.0,0.0,0.0,0.0
2,4,0.0,0.0,0.0,0.0,1.0,0.0,0.0,0.0,0.0,0.0
2,4,0.0,0.0,0.0,0.0,1.0,0.0,0.0,0.0,0.0,0.0
2,4,0.0,0.0,0.0,0.0,1.0,0.0,0.0,0.0,0.0,0.0
2,4,0.0,0.0,0.0,0.0,1.0,0.0,0.0,0.0,0.0,0.0
2,4,0.0,0.0,0.0,0.0,1.0,0.0,0.0,0.0,0.0,0.0
2,4,0.0,0.0,0.0,0.0,1.0,0.0,0.0,0.0,0.0,0.0
2,4,0.0,0.0,0.0,0.0,1.0,0.0,0.0,0.0,0.0,0.0
2,4,0.0,0.0,0.0,0.0,1.0,0.0,0.0,0.0,0.0,0.0
2,4,0.0,0.0,0.0,0.0,1.0,0.0,0.0,0.0,0.0,0.0
2,4,0.0,0.0,0.0,0.0,1.0,0.0,0.0,0.0,0.0,0.0
2,4,0.0,0.0,0.0,0.0,1.0,0.0,0.0,0.0,0.0,0.0
2,4,0.0,0.0,0.0,0.0,1.0,0.0,0.0,0.0,0.0,0.0
2,4,0.0,0.0,0.0,0.0,1.0,0.0,0.0,0.0,0.0,0.0
2,4,0.0,0.0,0.0,0.0,1.0,0.0,0.0,0.0,0.0,0.0
2,4,0.0,0.0,0.0,0.0,1.0,0.0,0.0,0.0,0.0,0.0
2,4,0.0,0.0,0.0,0.0,1.0,0.0,0.0,0.0,0.0,0.0
2,4,0.0,0.0,0.0,0.0,1.0,0.0,0.0,0.0,0.0,0.0
2,4,0.0,0.0,0.0,0.0,1.0,0.0,0.0,0.0,0.0,0.0
2,4,0.0,0.0,0.0,0.0,1.0,0.0,0.0,0.0,0.0,0.0
2,4,0.0,0.0,0.0,0.0,1.0,0.0,0.0,0.0,0.0,0.0
2,4,0.0,0.0,0.0,0.0,1.0,0.0,0.0,0.0,0.0,0.0
2,4,0.0,0.0,0.0,0.0,1.0,0.0,0.0,0.0,0.0,0.0
2,4,0.0,0.0,0.0,0.0,1.0,0.0,0.0,0.0,0.0,0.0
2,4,0.0,0.0,0.0,0.0,1.0,0.0,0.0,0.0,0.0,0.0
2,4,0.0,0.0,0.0,0.0,1.0,0.0,0.0,0.0,0.0,0.0
2,4,0.0,0.0,0.0,0.0,1.0,0.0,0.0,0.0,0.0,0.0
2,4,0.0,0.0,0.0,0.0,1.0,0.0,0.0,0.0,0.0,0.0
2,4,0.0,0.0,0.0,0.0,1.0,0.0,0.0,0.0,0.0,0.0
2,4,0.0,0.0,0.0,0.0,1.0,0.0,0.0,0.0,0.0,0.0
2,4,0.0,0.0,0.0,0.0,1.0,0.0,0.0,0.0,0.0,0.0
2,4,0.0,0.0,0.0,0.0,1.0,0.0,0.0,0.0,0.0,0.0
2,4,0.0,0.0,0.0,0.0,1.0,0.0,0.0,0.0,0.0,0.0
2,4,0.0,0.0,0.0,0.0,1.0,0.0,0.0,0.0,0.0,0.0
2,4,0.0,0.0,0.0,0.0,1.0,0.0,0.0,0.0,0.0,0.0
2,4,0.0,0.0,0.0,0.0,1.0,0.0,0.0,0.0,0.0,0.0
2,4,0.0,0.0,0.0,0.0,1.0,0.0,0.0,0.0,0.0,0.0
2,4,0.0,0.0,0.0,0.0,1.0,0.0,0.0,0.0,0.0,0.0
2,4,0.0,0.0,0.0,0.0,1.0,0.0,0.0,0.0,0.0,0.0
2,4,0.0,0.0,0.0,0.0,1.0,0.0,0.0,0.0,0.0,0.0
2,4,0.0,0.0,0.0,0.0,1.0,0.0,0.0,0.0,0.0,0.0
2,4,0.0,0.0,0.0,0.0,1.0,0.0,0.0,0.0,0.0,0.0
2,4,0.0,0.0,0.0,0.0,1.0,0.0,0.0,0.0,0.0,0.0
2,4,0.0,0.0,0.0,0.0,1.0,0.0,0.0,0.0,0.0,0.0
2,4,0.0,0.0,0.0,0.0,1.0,0.0,0.0,0.0,0.0,0.0
2,4,0.0,0.0,0.0,0.0,1.0,0.0,0.0,0.0,0.0,0.0
2,4,0.0,0.0,0.0,0.0,1.0,0.0,0.0,0.0,0.0,0.0
2,4,0.0,0.0,0.0,0.0,1.0,0.0,0.0,0.0,0.0,0.0
2,4,0.0,0.0,0.0,0.0,1.0,0.0,0.0,0.0,0.0,0.0
2,4,0.0,0.0,0.0,0.0,1.0,0.0,0.0,0.0,0.0,0.0
2,4,0.0,0.0,0.0,0.0,1.0,0.0,0.0,0.0,0.0,0.0
2,4,0.0,0.0,0.0,0.0,1.0,0.0,0.0,0.0,0.0,0.0
2,4,0.0,0.0,0.0,0.0,1.0,0.0,0.0,0.0,0.0,0.0
2,4,0.0,0.0,0.0,0.0,1.0,0.0,0.0,0.0,0.0,0.0
2,4,0.0,0.0,0.0,0.0,1.0,0.0,0.0,0.0,0.0,0.0
2,4,0.0,0.0,0.0,0.0,1.0,0.0,0.0,0.0,0.0,0.0
2,4,0.0,0.0,0.0,0.0,1.0,0.0,0.0,0.0,0.0,0.0
2,4,0.0,0.0,0.0,0.0,1.0,0.0,0.0,0.0,0.0,0.0
2,4,0.0,0.0,0.0,0.0,1.0,0.0,0.0,0.0,0.0,0.0
2,4,0.0,0.0,0.0,0.0,1.0,0.0,0.0,0.0,0.0,0.0
2,4,0.0,0.0,0.0,0.0,1.0,0.0,0.0,0.0,0.0,0.0
2,4,0.0,0.0,0.0,0.0,1.0,0.0,0.0,0.0,0.0,0.0
2,4,0.0,0.0,0.0,0.0,1.0,0.0,0.0,0.0,0.0,0.0
2,4,0.0,0.0,0.0,0.0,1.0,0.0,0.0,0.0,0.0,0.0
2,4,0.0,0.0,0.0,0.0,1.0,0.0,0.0,0.0,0.0,0.0
2,4,0.0,0.0,0.0,0.0,1.0,0.0,0.0,0.0,0.0,0.0
2,4,0.0,0.0,0.0,0.0,1.0,0.0,0.0,0.0,0.0,0.0
2,4,0.0,0.0,0.0,0.0,1.0,0.0,0.0,0.0,0.0,0.0
2,4,0.0,0.0,0.0,0.0,1.0,0.0,0.0,0.0,0.0,0.0
2,4,0.0,0.0,0.0,0.0,1.0,0.0,0.0,0.0,0.0,0.0
2,4,0.0,0.0,0.0,0.0,1.0,0.0,0.0,0.0,0.0,0.0
2,4,0.0,0.0,0.0,0.0,1.0,0.0,0.0,0.0,0.0,0.0
2,4,0.0,0.0,0.0,0.0,1.0,0.0,0.0,0.0,0.0,0.0
2,4,0.0,0.0,0.0,0.0,1.0,0.0,0.0,0.0,0.0,0.0
2,4,0.0,0.0,0.0,0.0,1.0,0.0,0.0,0.0,0.0,0.0
2,4,0.0,0.0,0.0,0.0,1.0,0.0,0.0,0.0,0.0,0.0
2,4,0.0,0.0,0.0,0.0,1.0,0.0,0.0,0.0,0.0,0.0
2,4,0.0,0.0,0.0,0.0,1.0,0.0,0.0,0.0,0.0,0.0
2,4,0.0,0.0,0.0,0.0,1.0,0.0,0.0,0.0,0.0,0.0
2,4,0.0,0.0,0.0,0.0,1.0,0.0,0.0,0.0,0.0,0.0
2,4,0.0,0.0,0.0,0.0,1.0,0.0,0.0,0.0,0.0,0.0
2,4,0.0,0.0,0.0,0.0,1.0,0.0,0.0,0.0,0.0,0.0
2,4,0.0,0.0,0.0,0.0,1.0,0.0,0.0,0.0,0.0,0.0
2,4,0.0,0.0,0.0,0.0,1.0,0.0,0.0,0.0,0.0,0.0
2,4,0.0,0.0,0.0,0.0,1.0,0.0,0.0,0.0,0.0,0.0
2,4,0.0,0.0,0.0,0.0,1.0,0.0,0.0,0.0,0.0,0.0
2,4,0.0,0.0,0.0,0.0,1.0,0.0,0.0,0.0,0.0,0.0
2,4,0.0,0.0,0.0,0.0,1.0,0.0,0.0,0.0,0.0,0.0
2,4,0.0,0.0,0.0,0.0,1.0,0.0,0.0,0.0,0.0,0.0
2,4,0.0,0.0,0.0,0.0,1.0,0.0,0.0,0.0,0.0,0.0
2,4,0.0,0.0,0.0,0.0,1.0,0.0,0.0,0.0,0.0,0.0
2,4,0.0,0.0,0.0,0.0,1.0,0.0,0.0,0.0,0.0,0.0
2,4,0.0,0.0,0.0,0.0,1.0,0.0,0.0,0.0,0.0,0.0
2,4,0.0,0.0,0.0,0.0,1.0,0.0,0.0,0.0,0.0,0.0
2,4,0.0,0.0,0.0,0.0,1.0,0.0,0.0,0.0,0.0,0.0
2,4,0.0,0.0,0.0,0.0,1.0,0.0,0.0,0.0,0.0,0.0
2,4,0.0,0.0,0.0,0.0,1.0,0.0,0.0,0.0,0.0,0.0
2,4,0.0,0.0,0.0,0.0,1.0,0.0,0.0,0.0,0.0,0.0
2,4,0.0,0.0,0.0,0.0,1.0,0.0,0.0,0.0,0.0,0.0
2,4,0.0,0.0,0.0,0.0,1.0,0.0,0.0,0.0,0.0,0.0
2,4,0.0,0.0,0.0,0.0,1.0,0.0,0.0,0.0,0.0,0.0
2,4,0.0,0.0,0.0,0.0,1.0,0.0,0.0,0.0,0.0,0.0
2,4,0.0,0.0,0.0,0.0,1.0,0.0,0.0,0.0,0.0,0.0
2,4,0.0,0.0,0.0,0.0,1.0,0.0,0.0,0.0,0.0,0.0
2,4,0.0,0.0,0.0,0.0,1.0,0.0,0.0,0.0,0.0,0.0
2,4,0.0,0.0,0.0,0.0,1.0,0.0,0.0,0.0,0.0,0.0
2,4,0.0,0.0,0.0,0.0,1.0,0.0,0.0,0.0,0.0,0.0
2,4,0.0,0.0,0.0,0.0,1.0,0.0,0.0,0.0,0.0,0.0
2,4,0.0,0.0,0.0,0.0,1.0,0.0,0.0,0.0,0.0,0.0
2,4,0.0,0.0,0.0,0.0,1.0,0.0,0.0,0.0,0.0,0.0
2,4,0.0,0.0,0.0,0.0,1.0,0.0,0.0,0.0,0.0,0.0
2,4,0.0,0.0,0.0,0.0,1.0,0.0,0.0,0.0,0.0,0.0
2,4,0.0,0.0,0.0,0.0,1.0,0.0,0.0,0.0,0.0,0.0
2,4,0.0,0.0,0.0,0.0,1.0,0.0,0.0,0.0,0.0,0.0
2,4,0.0,0.0,0.0,0.0,1.0,0.0,0.0,0.0,0.0,0.0
2,4,0.0,0.0,0.0,0.0,1.0,0.0,0.0,0.0,0.0,0.0
2,4,0.0,0.0,0.0,0.0,1.0,0.0,0.0,0.0,0.0,0.0
2,4,0.0,0.0,0.0,0.0,1.0,0.0,0.0,0.0,0.0,0.0
2,4,0.0,0.0,0.0,0.0,1.0,0.0,0.0,0.0,0.0,0.0
2,4,0.0,0.0,0.0,0.0,1.0,0.0,0.0,0.0,0.0,0.0
2,4,0.0,0.0,0.0,0.0,1.0,0.0,0.0,0.0,0.0,0.0
2,4,0.0,0.0,0.0,0.0,1.0,0.0,0.0,0.0,0.0,0.0
2,4,0.0,0.0,0.0,0.0,1.0,0.0,0.0,0.0,0.0,0.0
2,4,0.0,0.0,0.0,0.0,1.0,0.0,0.0,0.0,0.0,0.0
2,4,0.0,0.0,0.0,0.0,1.0,0.0,0.0,0.0,0.0,0.0
2,4,0.0,0.0,0.0,0.0,1.0,0.0,0.0,0.0,0.0,0.0
2,4,0.0,0.0,0.0,0.0,1.0,0.0,0.0,0.0,0.0,0.0
2,4,0.0,0.0,0.0,0.0,1.0,0.0,0.0,0.0,0.0,0.0
2,4,0.0,0.0,0.0,0.0,1.0,0.0,0.0,0.0,0.0,0.0
2,4,0.0,0.0,0.0,0.0,1.0,0.0,0.0,0.0,0.0,0.0
2,4,0.0,0.0,0.0,0.0,1.0,0.0,0.0,0.0,0.0,0.0
2,4,0.0,0.0,0.0,0.0,1.0,0.0,0.0,0.0,0.0,0.0
2,4,0.0,0.0,0.0,0.0,1.0,0.0,0.0,0.0,0.0,0.0
2,4,0.0,0.0,0.0,0.0,1.0,0.0,0.0,0.0,0.0,0.0
2,4,0.0,0.0,0.0,0.0,1.0,0.0,0.0,0.0,0.0,0.0
2,4,0.0,0.0,0.0,0.0,1.0,0.0,0.0,0.0,0.0,0.0
2,4,0.0,0.0,0.0,0.0,1.0,0.0,0.0,0.0,0.0,0.0
2,4,0.0,0.0,0.0,0.0,1.0,0.0,0.0,0.0,0.0,0.0
2,4,0.0,0.0,0.0,0.0,1.0,0.0,0.0,0.0,0.0,0.0
2,4,0.0,0.0,0.0,0.0,1.0,0.0,0.0,0.0,0.0,0.0
2,4,0.0,0.0,0.0,0.0,1.0,0.0,0.0,0.0,0.0,0.0
2,4,0.0,0.0,0.0,0.0,1.0,0.0,0.0,0.0,0.0,0.0
2,4,0.0,0.0,0.0,0.0,1.0,0.0,0.0,0.0,0.0,0.0
2,4,0.0,0.0,0.0,0.0,1.0,0.0,0.0,0.0,0.0,0.0
2,4,0.0,0.0,0.0,0.0,1.0,0.0,0.0,0.0,0.0,0.0
2,4,0.0,0.0,0.0,0.0,1.0,0.0,0.0,0.0,0.0,0.0
2,4,0.0,0.0,0.0,0.0,1.0,0.0,0.0,0.0,0.0,0.0
2,4,0.0,0.0,0.0,0.0,1.0,0.0,0.0,0.0,0.0,0.0
2,4,0.0,0.0,0.0,0.0,1.0,0.0,0.0,0.0,0.0,0.0
2,4,0.0,0.0,0.0,0.0,1.0,0.0,0.0,0.0,0.0,0.0
2,4,0.0,0.0,0.0,0.0,1.0,0.0,0.0,0.0,0.0,0.0
2,4,0.0,0.0,0.0,0.0,1.0,0.0,0.0,0.0,0.0,0.0
2,4,0.0,0.0,0.0,0.0,1.0,0.0,0.0,0.0,0.0,0.0
2,4,0.0,0.0,0.0,0.0,1.0,0.0,0.0,0.0,0.0,0.0
2,4,0.0,0.0,0.0,0.0,1.0,0.0,0.0,0.0,0.0,0.0
2,4,0.0,0.0,0.0,0.0,1.0,0.0,0.0,0.0,0.0,0.0
2,4,0.0,0.0,0.0,0.0,1.0,0.0,0.0,0.0,0.0,0.0
2,4,0.0,0.0,0.0,0.0,1.0,0.0,0.0,0.0,0.0,0.0
2,4,0.0,0.0,0.0,0.0,1.0,0.0,0.0,0.0,0.0,0.0
2,4,0.0,0.0,0.0,0.0,1.0,0.0,0.0,0.0,0.0,0.0
2,4,0.0,0.0,0.0,0.0,1.0,0.0,0.0,0.0,0.0,0.0
2,4,0.0,0.0,0.0,0.0,1.0,0.0,0.0,0.0,0.0,0.0
2,4,0.0,0.0,0.0,0.0,1.0,0.0,0.0,0.0,0.0,0.0
2,4,0.0,0.0,0.0,0.0,1.0,0.0,0.0,0.0,0.0,0.0
2,4,0.0,0.0,0.0,0.0,1.0,0.0,0.0,0.0,0.0,0.0
2,4,0.0,0.0,0.0,0.0,1.0,0.0,0.0,0.0,0.0,0.0
2,4,0.0,0.0,0.0,0.0,1.0,0.0,0.0,0.0,0.0,0.0
2,4,0.0,0.0,0.0,0.0,1.0,0.0,0.0,0.0,0.0,0.0
2,4,0.0,0.0,0.0,0.0,1.0,0.0,0.0,0.0,0.0,0.0
2,4,0.0,0.0,0.0,0.0,1.0,0.0,0.0,0.0,0.0,0.0
2,4,0.0,0.0,0.0,0.0,1.0,0.0,0.0,0.0,0.0,0.0
2,4,0.0,0.0,0.0,0.0,1.0,0.0,0.0,0.0,0.0,0.0
2,4,0.0,0.0,0.0,0.0,1.0,0.0,0.0,0.0,0.0,0.0
2,4,0.0,0.0,0.0,0.0,1.0,0.0,0.0,0.0,0.0,0.0
2,4,0.0,0.0,0.0,0.0,1.0,0.0,0.0,0.0,0.0,0.0
2,4,0.0,0.0,0.0,0.0,1.0,0.0,0.0,0.0,0.0,0.0
2,4,0.0,0.0,0.0,0.0,1.0,0.0,0.0,0.0,0.0,0.0
2,4,0.0,0.0,0.0,0.0,1.0,0.0,0.0,0.0,0.0,0.0
2,4,0.0,0.0,0.0,0.0,1.0,0.0,0.0,0.0,0.0,0.0
2,4,0.0,0.0,0.0,0.0,1.0,0.0,0.0,0.0,0.0,0.0
2,4,0.0,0.0,0.0,0.0,1.0,0.0,0.0,0.0,0.0,0.0
2,4,0.0,0.0,0.0,0.0,1.0,0.0,0.0,0.0,0.0,0.0
2,4,0.0,0.0,0.0,0.0,1.0,0.0,0.0,0.0,0.0,0.0
2,4,0.0,0.0,0.0,0.0,1.0,0.0,0.0,0.0,0.0,0.0
2,4,0.0,0.0,0.0,0.0,1.0,0.0,0.0,0.0,0.0,0.0
2,4,0.0,0.0,0.0,0.0,1.0,0.0,0.0,0.0,0.0,0.0
2,4,0.0,0.0,0.0,0.0,1.0,0.0,0.0,0.0,0.0,0.0
2,4,0.0,0.0,0.0,0.0,1.0,0.0,0.0,0.0,0.0,0.0
2,4,0.0,0.0,0.0,0.0,1.0,0.0,0.0,0.0,0.0,0.0
2,4,0.0,0.0,0.0,0.0,1.0,0.0,0.0,0.0,0.0,0.0
2,4,0.0,0.0,0.0,0.0,1.0,0.0,0.0,0.0,0.0,0.0
2,4,0.0,0.0,0.0,0.0,1.0,0.0,0.0,0.0,0.0,0.0
2,4,0.0,0.0,0.0,0.0,1.0,0.0,0.0,0.0,0.0,0.0
2,4,0.0,0.0,0.0,0.0,1.0,0.0,0.0,0.0,0.0,0.0
2,4,0.0,0.0,0.0,0.0,1.0,0.0,0.0,0.0,0.0,0.0
2,4,0.0,0.0,0.0,0.0,1.0,0.0,0.0,0.0,0.0,0.0
2,4,0.0,0.0,0.0,0.0,1.0,0.0,0.0,0.0,0.0,0.0
2,4,0.0,0.0,0.0,0.0,1.0,0.0,0.0,0.0,0.0,0.0
2,4,0.0,0.0,0.0,0.0,1.0,0.0,0.0,0.0,0.0,0.0
2,4,0.0,0.0,0.0,0.0,1.0,0.0,0.0,0.0,0.0,0.0
2,4,0.0,0.0,0.0,0.0,1.0,0.0,0.0,0.0,0.0,0.0
2,4,0.0,0.0,0.0,0.0,1.0,0.0,0.0,0.0,0.0,0.0
2,4,0.0,0.0,0.0,0.0,1.0,0.0,0.0,0.0,0.0,0.0
2,4,0.0,0.0,0.0,0.0,1.0,0.0,0.0,0.0,0.0,0.0
2,4,0.0,0.0,0.0,0.0,1.0,0.0,0.0,0.0,0.0,0.0
2,4,0.0,0.0,0.0,0.0,1.0,0.0,0.0,0.0,0.0,0.0
2,4,0.0,0.0,0.0,0.0,1.0,0.0,0.0,0.0,0.0,0.0
2,4,0.0,0.0,0.0,0.0,1.0,0.0,0.0,0.0,0.0,0.0
2,4,0.0,0.0,0.0,0.0,1.0,0.0,0.0,0.0,0.0,0.0
2,4,0.0,0.0,0.0,0.0,1.0,0.0,0.0,0.0,0.0,0.0
2,4,0.0,0.0,0.0,0.0,1.0,0.0,0.0,0.0,0.0,0.0
2,4,0.0,0.0,0.0,0.0,1.0,0.0,0.0,0.0,0.0,0.0
2,4,0.0,0.0,0.0,0.0,1.0,0.0,0.0,0.0,0.0,0.0
2,4,0.0,0.0,0.0,0.0,1.0,0.0,0.0,0.0,0.0,0.0
2,4,0.0,0.0,0.0,0.0,1.0,0.0,0.0,0.0,0.0,0.0
2,4,0.0,0.0,0.0,0.0,1.0,0.0,0.0,0.0,0.0,0.0
2,4,0.0,0.0,0.0,0.0,1.0,0.0,0.0,0.0,0.0,0.0
2,4,0.0,0.0,0.0,0.0,1.0,0.0,0.0,0.0,0.0,0.0
2,4,0.0,0.0,0.0,0.0,1.0,0.0,0.0,0.0,0.0,0.0
2,4,0.0,0.0,0.0,0.0,1.0,0.0,0.0,0.0,0.0,0.0
2,4,0.0,0.0,0.0,0.0,1.0,0.0,0.0,0.0,0.0,0.0
2,4,0.0,0.0,0.0,0.0,1.0,0.0,0.0,0.0,0.0,0.0
2,4,0.0,0.0,0.0,0.0,1.0,0.0,0.0,0.0,0.0,0.0
2,4,0.0,0.0,0.0,0.0,1.0,0.0,0.0,0.0,0.0,0.0
2,4,0.0,0.0,0.0,0.0,1.0,0.0,0.0,0.0,0.0,0.0
2,4,0.0,0.0,0.0,0.0,1.0,0.0,0.0,0.0,0.0,0.0
2,4,0.0,0.0,0.0,0.0,1.0,0.0,0.0,0.0,0.0,0.0
2,4,0.0,0.0,0.0,0.0,1.0,0.0,0.0,0.0,0.0,0.0
2,4,0.0,0.0,0.0,0.0,1.0,0.0,0.0,0.0,0.0,0.0
2,4,0.0,0.0,0.0,0.0,1.0,0.0,0.0,0.0,0.0,0.0
2,4,0.0,0.0,0.0,0.0,1.0,0.0,0.0,0.0,0.0,0.0
2,4,0.0,0.0,0.0,0.0,1.0,0.0,0.0,0.0,0.0,0.0
2,4,0.0,0.0,0.0,0.0,1.0,0.0,0.0,0.0,0.0,0.0
2,4,0.0,0.0,0.0,0.0,1.0,0.0,0.0,0.0,0.0,0.0
2,4,0.0,0.0,0.0,0.0,1.0,0.0,0.0,0.0,0.0,0.0
2,4,0.0,0.0,0.0,0.0,1.0,0.0,0.0,0.0,0.0,0.0
2,4,0.0,0.0,0.0,0.0,1.0,0.0,0.0,0.0,0.0,0.0
2,4,0.0,0.0,0.0,0.0,1.0,0.0,0.0,0.0,0.0,0.0
2,4,0.0,0.0,0.0,0.0,1.0,0.0,0.0,0.0,0.0,0.0
2,4,0.0,0.0,0.0,0.0,1.0,0.0,0.0,0.0,0.0,0.0
2,4,0.0,0.0,0.0,0.0,1.0,0.0,0.0,0.0,0.0,0.0
2,4,0.0,0.0,0.0,0.0,1.0,0.0,0.0,0.0,0.0,0.0
2,4,0.0,0.0,0.0,0.0,1.0,0.0,0.0,0.0,0.0,0.0
2,4,0.0,0.0,0.0,0.0,1.0,0.0,0.0,0.0,0.0,0.0
2,4,0.0,0.0,0.0,0.0,1.0,0.0,0.0,0.0,0.0,0.0
2,4,0.0,0.0,0.0,0.0,1.0,0.0,0.0,0.0,0.0,0.0
2,4,0.0,0.0,0.0,0.0,1.0,0.0,0.0,0.0,0.0,0.0
2,4,0.0,0.0,0.0,0.0,1.0,0.0,0.0,0.0,0.0,0.0
2,4,0.0,0.0,0.0,0.0,1.0,0.0,0.0,0.0,0.0,0.0
2,4,0.0,0.0,0.0,0.0,1.0,0.0,0.0,0.0,0.0,0.0
2,4,0.0,0.0,0.0,0.0,1.0,0.0,0.0,0.0,0.0,0.0
2,4,0.0,0.0,0.0,0.0,1.0,0.0,0.0,0.0,0.0,0.0
2,4,0.0,0.0,0.0,0.0,1.0,0.0,0.0,0.0,0.0,0.0
2,4,0.0,0.0,0.0,0.0,1.0,0.0,0.0,0.0,0.0,0.0
2,4,0.0,0.0,0.0,0.0,1.0,0.0,0.0,0.0,0.0,0.0
2,4,0.0,0.0,0.0,0.0,1.0,0.0,0.0,0.0,0.0,0.0
2,4,0.0,0.0,0.0,0.0,1.0,0.0,0.0,0.0,0.0,0.0
2,4,0.0,0.0,0.0,0.0,1.0,0.0,0.0,0.0,0.0,0.0
2,4,0.0,0.0,0.0,0.0,1.0,0.0,0.0,0.0,0.0,0.0
2,4,0.0,0.0,0.0,0.0,1.0,0.0,0.0,0.0,0.0,0.0
2,4,0.0,0.0,0.0,0.0,1.0,0.0,0.0,0.0,0.0,0.0
2,4,0.0,0.0,0.0,0.0,1.0,0.0,0.0,0.0,0.0,0.0
2,4,0.0,0.0,0.0,0.0,1.0,0.0,0.0,0.0,0.0,0.0
2,4,0.0,0.0,0.0,0.0,1.0,0.0,0.0,0.0,0.0,0.0
2,4,0.0,0.0,0.0,0.0,1.0,0.0,0.0,0.0,0.0,0.0
2,4,0.0,0.0,0.0,0.0,1.0,0.0,0.0,0.0,0.0,0.0
2,4,0.0,0.0,0.0,0.0,1.0,0.0,0.0,0.0,0.0,0.0
2,4,0.0,0.0,0.0,0.0,1.0,0.0,0.0,0.0,0.0,0.0
2,4,0.0,0.0,0.0,0.0,1.0,0.0,0.0,0.0,0.0,0.0
2,4,0.0,0.0,0.0,0.0,1.0,0.0,0.0,0.0,0.0,0.0
2,4,0.0,0.0,0.0,0.0,1.0,0.0,0.0,0.0,0.0,0.0
2,4,0.0,0.0,0.0,0.0,1.0,0.0,0.0,0.0,0.0,0.0
2,4,0.0,0.0,0.0,0.0,1.0,0.0,0.0,0.0,0.0,0.0
2,4,0.0,0.0,0.0,0.0,1.0,0.0,0.0,0.0,0.0,0.0
2,4,0.0,0.0,0.0,0.0,1.0,0.0,0.0,0.0,0.0,0.0
2,4,0.0,0.0,0.0,0.0,1.0,0.0,0.0,0.0,0.0,0.0
2,4,0.0,0.0,0.0,0.0,1.0,0.0,0.0,0.0,0.0,0.0
2,4,0.0,0.0,0.0,0.0,1.0,0.0,0.0,0.0,0.0,0.0
2,4,0.0,0.0,0.0,0.0,1.0,0.0,0.0,0.0,0.0,0.0
2,4,0.0,0.0,0.0,0.0,1.0,0.0,0.0,0.0,0.0,0.0
2,4,0.0,0.0,0.0,0.0,1.0,0.0,0.0,0.0,0.0,0.0
2,4,0.0,0.0,0.0,0.0,1.0,0.0,0.0,0.0,0.0,0.0
2,4,0.0,0.0,0.0,0.0,1.0,0.0,0.0,0.0,0.0,0.0
2,4,0.0,0.0,0.0,0.0,1.0,0.0,0.0,0.0,0.0,0.0
2,4,0.0,0.0,0.0,0.0,1.0,0.0,0.0,0.0,0.0,0.0
2,4,0.0,0.0,0.0,0.0,1.0,0.0,0.0,0.0,0.0,0.0
2,4,0.0,0.0,0.0,0.0,1.0,0.0,0.0,0.0,0.0,0.0
2,4,0.0,0.0,0.0,0.0,1.0,0.0,0.0,0.0,0.0,0.0
2,4,0.0,0.0,0.0,0.0,1.0,0.0,0.0,0.0,0.0,0.0
2,4,0.0,0.0,0.0,0.0,1.0,0.0,0.0,0.0,0.0,0.0
2,4,0.0,0.0,0.0,0.0,1.0,0.0,0.0,0.0,0.0,0.0
2,4,0.0,0.0,0.0,0.0,1.0,0.0,0.0,0.0,0.0,0.0
2,4,0.0,0.0,0.0,0.0,1.0,0.0,0.0,0.0,0.0,0.0
2,4,0.0,0.0,0.0,0.0,1.0,0.0,0.0,0.0,0.0,0.0
2,4,0.0,0.0,0.0,0.0,1.0,0.0,0.0,0.0,0.0,0.0
2,4,0.0,0.0,0.0,0.0,1.0,0.0,0.0,0.0,0.0,0.0
2,4,0.0,0.0,0.0,0.0,1.0,0.0,0.0,0.0,0.0,0.0
2,4,0.0,0.0,0.0,0.0,1.0,0.0,0.0,0.0,0.0,0.0
2,4,0.0,0.0,0.0,0.0,1.0,0.0,0.0,0.0,0.0,0.0
2,4,0.0,0.0,0.0,0.0,1.0,0.0,0.0,0.0,0.0,0.0
2,4,0.0,0.0,0.0,0.0,1.0,0.0,0.0,0.0,0.0,0.0
2,4,0.0,0.0,0.0,0.0,1.0,0.0,0.0,0.0,0.0,0.0
2,4,0.0,0.0,0.0,0.0,1.0,0.0,0.0,0.0,0.0,0.0
2,4,0.0,0.0,0.0,0.0,1.0,0.0,0.0,0.0,0.0,0.0
2,4,0.0,0.0,0.0,0.0,1.0,0.0,0.0,0.0,0.0,0.0
2,4,0.0,0.0,0.0,0.0,1.0,0.0,0.0,0.0,0.0,0.0
2,4,0.0,0.0,0.0,0.0,1.0,0.0,0.0,0.0,0.0,0.0
2,4,0.0,0.0,0.0,0.0,1.0,0.0,0.0,0.0,0.0,0.0
2,4,0.0,0.0,0.0,0.0,1.0,0.0,0.0,0.0,0.0,0.0
2,4,0.0,0.0,0.0,0.0,1.0,0.0,0.0,0.0,0.0,0.0
2,4,0.0,0.0,0.0,0.0,1.0,0.0,0.0,0.0,0.0,0.0
2,4,0.0,0.0,0.0,0.0,1.0,0.0,0.0,0.0,0.0,0.0
2,4,0.0,0.0,0.0,0.0,1.0,0.0,0.0,0.0,0.0,0.0
2,4,0.0,0.0,0.0,0.0,1.0,0.0,0.0,0.0,0.0,0.0
2,4,0.0,0.0,0.0,0.0,1.0,0.0,0.0,0.0,0.0,0.0
2,4,0.0,0.0,0.0,0.0,1.0,0.0,0.0,0.0,0.0,0.0
2,4,0.0,0.0,0.0,0.0,1.0,0.0,0.0,0.0,0.0,0.0
2,4,0.0,0.0,0.0,0.0,1.0,0.0,0.0,0.0,0.0,0.0
2,4,0.0,0.0,0.0,0.0,1.0,0.0,0.0,0.0,0.0,0.0
2,4,0.0,0.0,0.0,0.0,1.0,0.0,0.0,0.0,0.0,0.0
2,4,0.0,0.0,0.0,0.0,1.0,0.0,0.0,0.0,0.0,0.0
2,4,0.0,0.0,0.0,0.0,1.0,0.0,0.0,0.0,0.0,0.0
2,4,0.0,0.0,0.0,0.0,1.0,0.0,0.0,0.0,0.0,0.0
2,4,0.0,0.0,0.0,0.0,1.0,0.0,0.0,0.0,0.0,0.0
2,4,0.0,0.0,0.0,0.0,1.0,0.0,0.0,0.0,0.0,0.0
2,4,0.0,0.0,0.0,0.0,1.0,0.0,0.0,0.0,0.0,0.0
2,4,0.0,0.0,0.0,0.0,1.0,0.0,0.0,0.0,0.0,0.0
2,4,0.0,0.0,0.0,0.0,1.0,0.0,0.0,0.0,0.0,0.0
2,4,0.0,0.0,0.0,0.0,1.0,0.0,0.0,0.0,0.0,0.0
2,4,0.0,0.0,0.0,0.0,1.0,0.0,0.0,0.0,0.0,0.0
2,4,0.0,0.0,0.0,0.0,1.0,0.0,0.0,0.0,0.0,0.0
2,4,0.0,0.0,0.0,0.0,1.0,0.0,0.0,0.0,0.0,0.0
2,4,0.0,0.0,0.0,0.0,1.0,0.0,0.0,0.0,0.0,0.0
2,4,0.0,0.0,0.0,0.0,1.0,0.0,0.0,0.0,0.0,0.0
2,4,0.0,0.0,0.0,0.0,1.0,0.0,0.0,0.0,0.0,0.0
2,4,0.0,0.0,0.0,0.0,1.0,0.0,0.0,0.0,0.0,0.0
2,4,0.0,0.0,0.0,0.0,1.0,0.0,0.0,0.0,0.0,0.0
2,4,0.0,0.0,0.0,0.0,1.0,0.0,0.0,0.0,0.0,0.0
2,4,0.0,0.0,0.0,0.0,1.0,0.0,0.0,0.0,0.0,0.0
2,4,0.0,0.0,0.0,0.0,1.0,0.0,0.0,0.0,0.0,0.0
2,4,0.0,0.0,0.0,0.0,1.0,0.0,0.0,0.0,0.0,0.0
2,4,0.0,0.0,0.0,0.0,1.0,0.0,0.0,0.0,0.0,0.0
2,4,0.0,0.0,0.0,0.0,1.0,0.0,0.0,0.0,0.0,0.0
2,4,0.0,0.0,0.0,0.0,1.0,0.0,0.0,0.0,0.0,0.0
2,4,0.0,0.0,0.0,0.0,1.0,0.0,0.0,0.0,0.0,0.0
2,4,0.0,0.0,0.0,0.0,1.0,0.0,0.0,0.0,0.0,0.0
2,4,0.0,0.0,0.0,0.0,1.0,0.0,0.0,0.0,0.0,0.0
2,4,0.0,0.0,0.0,0.0,1.0,0.0,0.0,0.0,0.0,0.0
2,4,0.0,0.0,0.0,0.0,1.0,0.0,0.0,0.0,0.0,0.0
2,4,0.0,0.0,0.0,0.0,1.0,0.0,0.0,0.0,0.0,0.0
2,4,0.0,0.0,0.0,0.0,1.0,0.0,0.0,0.0,0.0,0.0
2,4,0.0,0.0,0.0,0.0,1.0,0.0,0.0,0.0,0.0,0.0
2,4,0.0,0.0,0.0,0.0,1.0,0.0,0.0,0.0,0.0,0.0
2,4,0.0,0.0,0.0,0.0,1.0,0.0,0.0,0.0,0.0,0.0
2,4,0.0,0.0,0.0,0.0,1.0,0.0,0.0,0.0,0.0,0.0
2,4,0.0,0.0,0.0,0.0,1.0,0.0,0.0,0.0,0.0,0.0
2,4,0.0,0.0,0.0,0.0,1.0,0.0,0.0,0.0,0.0,0.0
2,4,0.0,0.0,0.0,0.0,1.0,0.0,0.0,0.0,0.0,0.0
2,4,0.0,0.0,0.0,0.0,1.0,0.0,0.0,0.0,0.0,0.0
2,4,0.0,0.0,0.0,0.0,1.0,0.0,0.0,0.0,0.0,0.0
2,4,0.0,0.0,0.0,0.0,1.0,0.0,0.0,0.0,0.0,0.0
2,4,0.0,0.0,0.0,0.0,1.0,0.0,0.0,0.0,0.0,0.0
2,4,0.0,0.0,0.0,0.0,1.0,0.0,0.0,0.0,0.0,0.0
2,4,0.0,0.0,0.0,0.0,1.0,0.0,0.0,0.0,0.0,0.0
2,4,0.0,0.0,0.0,0.0,1.0,0.0,0.0,0.0,0.0,0.0
2,4,0.0,0.0,0.0,0.0,1.0,0.0,0.0,0.0,0.0,0.0
2,4,0.0,0.0,0.0,0.0,1.0,0.0,0.0,0.0,0.0,0.0
2,4,0.0,0.0,0.0,0.0,1.0,0.0,0.0,0.0,0.0,0.0
2,4,0.0,0.0,0.0,0.0,1.0,0.0,0.0,0.0,0.0,0.0
2,4,0.0,0.0,0.0,0.0,1.0,0.0,0.0,0.0,0.0,0.0
2,4,0.0,0.0,0.0,0.0,1.0,0.0,0.0,0.0,0.0,0.0
2,4,0.0,0.0,0.0,0.0,1.0,0.0,0.0,0.0,0.0,0.0
2,4,0.0,0.0,0.0,0.0,1.0,0.0,0.0,0.0,0.0,0.0
2,4,0.0,0.0,0.0,0.0,1.0,0.0,0.0,0.0,0.0,0.0
2,4,0.0,0.0,0.0,0.0,1.0,0.0,0.0,0.0,0.0,0.0
2,4,0.0,0.0,0.0,0.0,1.0,0.0,0.0,0.0,0.0,0.0
2,4,0.0,0.0,0.0,0.0,1.0,0.0,0.0,0.0,0.0,0.0
2,4,0.0,0.0,0.0,0.0,1.0,0.0,0.0,0.0,0.0,0.0
2,4,0.0,0.0,0.0,0.0,1.0,0.0,0.0,0.0,0.0,0.0
2,4,0.0,0.0,0.0,0.0,1.0,0.0,0.0,0.0,0.0,0.0
2,4,0.0,0.0,0.0,0.0,1.0,0.0,0.0,0.0,0.0,0.0
2,4,0.0,0.0,0.0,0.0,1.0,0.0,0.0,0.0,0.0,0.0
2,4,0.0,0.0,0.0,0.0,1.0,0.0,0.0,0.0,0.0,0.0
2,4,0.0,0.0,0.0,0.0,1.0,0.0,0.0,0.0,0.0,0.0
2,4,0.0,0.0,0.0,0.0,1.0,0.0,0.0,0.0,0.0,0.0
2,4,0.0,0.0,0.0,0.0,1.0,0.0,0.0,0.0,0.0,0.0
2,4,0.0,0.0,0.0,0.0,1.0,0.0,0.0,0.0,0.0,0.0
2,4,0.0,0.0,0.0,0.0,1.0,0.0,0.0,0.0,0.0,0.0
2,4,0.0,0.0,0.0,0.0,1.0,0.0,0.0,0.0,0.0,0.0
2,4,0.0,0.0,0.0,0.0,1.0,0.0,0.0,0.0,0.0,0.0
2,4,0.0,0.0,0.0,0.0,1.0,0.0,0.0,0.0,0.0,0.0
2,4,0.0,0.0,0.0,0.0,1.0,0.0,0.0,0.0,0.0,0.0
2,4,0.0,0.0,0.0,0.0,1.0,0.0,0.0,0.0,0.0,0.0
2,4,0.0,0.0,0.0,0.0,1.0,0.0,0.0,0.0,0.0,0.0
2,4,0.0,0.0,0.0,0.0,1.0,0.0,0.0,0.0,0.0,0.0
2,4,0.0,0.0,0.0,0.0,1.0,0.0,0.0,0.0,0.0,0.0
2,4,0.0,0.0,0.0,0.0,1.0,0.0,0.0,0.0,0.0,0.0
2,4,0.0,0.0,0.0,0.0,1.0,0.0,0.0,0.0,0.0,0.0
2,4,0.0,0.0,0.0,0.0,1.0,0.0,0.0,0.0,0.0,0.0
2,4,0.0,0.0,0.0,0.0,1.0,0.0,0.0,0.0,0.0,0.0
2,4,0.0,0.0,0.0,0.0,1.0,0.0,0.0,0.0,0.0,0.0
2,4,0.0,0.0,0.0,0.0,1.0,0.0,0.0,0.0,0.0,0.0
2,4,0.0,0.0,0.0,0.0,1.0,0.0,0.0,0.0,0.0,0.0
2,4,0.0,0.0,0.0,0.0,1.0,0.0,0.0,0.0,0.0,0.0
2,4,0.0,0.0,0.0,0.0,1.0,0.0,0.0,0.0,0.0,0.0
2,4,0.0,0.0,0.0,0.0,1.0,0.0,0.0,0.0,0.0,0.0
2,4,0.0,0.0,0.0,0.0,1.0,0.0,0.0,0.0,0.0,0.0
2,4,0.0,0.0,0.0,0.0,1.0,0.0,0.0,0.0,0.0,0.0
2,4,0.0,0.0,0.0,0.0,1.0,0.0,0.0,0.0,0.0,0.0
2,4,0.0,0.0,0.0,0.0,1.0,0.0,0.0,0.0,0.0,0.0
2,4,0.0,0.0,0.0,0.0,1.0,0.0,0.0,0.0,0.0,0.0
2,4,0.0,0.0,0.0,0.0,1.0,0.0,0.0,0.0,0.0,0.0
2,4,0.0,0.0,0.0,0.0,1.0,0.0,0.0,0.0,0.0,0.0
2,4,0.0,0.0,0.0,0.0,1.0,0.0,0.0,0.0,0.0,0.0
2,4,0.0,0.0,0.0,0.0,1.0,0.0,0.0,0.0,0.0,0.0
2,4,0.0,0.0,0.0,0.0,1.0,0.0,0.0,0.0,0.0,0.0
2,4,0.0,0.0,0.0,0.0,1.0,0.0,0.0,0.0,0.0,0.0
2,4,0.0,0.0,0.0,0.0,1.0,0.0,0.0,0.0,0.0,0.0
2,4,0.0,0.0,0.0,0.0,1.0,0.0,0.0,0.0,0.0,0.0
2,4,0.0,0.0,0.0,0.0,1.0,0.0,0.0,0.0,0.0,0.0
2,4,0.0,0.0,0.0,0.0,1.0,0.0,0.0,0.0,0.0,0.0
2,4,0.0,0.0,0.0,0.0,1.0,0.0,0.0,0.0,0.0,0.0
2,4,0.0,0.0,0.0,0.0,1.0,0.0,0.0,0.0,0.0,0.0
2,4,0.0,0.0,0.0,0.0,1.0,0.0,0.0,0.0,0.0,0.0
2,4,0.0,0.0,0.0,0.0,1.0,0.0,0.0,0.0,0.0,0.0
2,4,0.0,0.0,0.0,0.0,1.0,0.0,0.0,0.0,0.0,0.0
2,4,0.0,0.0,0.0,0.0,1.0,0.0,0.0,0.0,0.0,0.0
2,4,0.0,0.0,0.0,0.0,1.0,0.0,0.0,0.0,0.0,0.0
2,4,0.0,0.0,0.0,0.0,1.0,0.0,0.0,0.0,0.0,0.0
2,4,0.0,0.0,0.0,0.0,1.0,0.0,0.0,0.0,0.0,0.0
2,4,0.0,0.0,0.0,0.0,1.0,0.0,0.0,0.0,0.0,0.0
2,4,0.0,0.0,0.0,0.0,1.0,0.0,0.0,0.0,0.0,0.0
2,4,0.0,0.0,0.0,0.0,1.0,0.0,0.0,0.0,0.0,0.0
2,4,0.0,0.0,0.0,0.0,1.0,0.0,0.0,0.0,0.0,0.0
2,4,0.0,0.0,0.0,0.0,1.0,0.0,0.0,0.0,0.0,0.0
2,4,0.0,0.0,0.0,0.0,1.0,0.0,0.0,0.0,0.0,0.0
2,4,0.0,0.0,0.0,0.0,1.0,0.0,0.0,0.0,0.0,0.0
2,4,0.0,0.0,0.0,0.0,1.0,0.0,0.0,0.0,0.0,0.0
2,4,0.0,0.0,0.0,0.0,1.0,0.0,0.0,0.0,0.0,0.0
2,4,0.0,0.0,0.0,0.0,1.0,0.0,0.0,0.0,0.0,0.0
2,4,0.0,0.0,0.0,0.0,1.0,0.0,0.0,0.0,0.0,0.0
2,4,0.0,0.0,0.0,0.0,1.0,0.0,0.0,0.0,0.0,0.0
2,4,0.0,0.0,0.0,0.0,1.0,0.0,0.0,0.0,0.0,0.0
2,4,0.0,0.0,0.0,0.0,1.0,0.0,0.0,0.0,0.0,0.0
2,4,0.0,0.0,0.0,0.0,1.0,0.0,0.0,0.0,0.0,0.0
2,4,0.0,0.0,0.0,0.0,1.0,0.0,0.0,0.0,0.0,0.0
2,4,0.0,0.0,0.0,0.0,1.0,0.0,0.0,0.0,0.0,0.0
2,4,0.0,0.0,0.0,0.0,1.0,0.0,0.0,0.0,0.0,0.0
2,4,0.0,0.0,0.0,0.0,1.0,0.0,0.0,0.0,0.0,0.0
2,4,0.0,0.0,0.0,0.0,1.0,0.0,0.0,0.0,0.0,0.0
2,4,0.0,0.0,0.0,0.0,1.0,0.0,0.0,0.0,0.0,0.0
2,4,0.0,0.0,0.0,0.0,1.0,0.0,0.0,0.0,0.0,0.0
2,4,0.0,0.0,0.0,0.0,1.0,0.0,0.0,0.0,0.0,0.0
2,4,0.0,0.0,0.0,0.0,1.0,0.0,0.0,0.0,0.0,0.0
2,4,0.0,0.0,0.0,0.0,1.0,0.0,0.0,0.0,0.0,0.0
2,4,0.0,0.0,0.0,0.0,1.0,0.0,0.0,0.0,0.0,0.0
2,4,0.0,0.0,0.0,0.0,1.0,0.0,0.0,0.0,0.0,0.0
2,4,0.0,0.0,0.0,0.0,1.0,0.0,0.0,0.0,0.0,0.0
2,4,0.0,0.0,0.0,0.0,1.0,0.0,0.0,0.0,0.0,0.0
2,4,0.0,0.0,0.0,0.0,1.0,0.0,0.0,0.0,0.0,0.0
2,4,0.0,0.0,0.0,0.0,1.0,0.0,0.0,0.0,0.0,0.0
2,4,0.0,0.0,0.0,0.0,1.0,0.0,0.0,0.0,0.0,0.0
2,4,0.0,0.0,0.0,0.0,1.0,0.0,0.0,0.0,0.0,0.0
2,4,0.0,0.0,0.0,0.0,1.0,0.0,0.0,0.0,0.0,0.0
2,4,0.0,0.0,0.0,0.0,1.0,0.0,0.0,0.0,0.0,0.0
2,4,0.0,0.0,0.0,0.0,1.0,0.0,0.0,0.0,0.0,0.0
2,4,0.0,0.0,0.0,0.0,1.0,0.0,0.0,0.0,0.0,0.0
2,4,0.0,0.0,0.0,0.0,1.0,0.0,0.0,0.0,0.0,0.0
2,4,0.0,0.0,0.0,0.0,1.0,0.0,0.0,0.0,0.0,0.0
2,4,0.0,0.0,0.0,0.0,1.0,0.0,0.0,0.0,0.0,0.0
2,4,0.0,0.0,0.0,0.0,1.0,0.0,0.0,0.0,0.0,0.0
2,4,0.0,0.0,0.0,0.0,1.0,0.0,0.0,0.0,0.0,0.0
2,4,0.0,0.0,0.0,0.0,1.0,0.0,0.0,0.0,0.0,0.0
2,4,0.0,0.0,0.0,0.0,1.0,0.0,0.0,0.0,0.0,0.0
2,4,0.0,0.0,0.0,0.0,1.0,0.0,0.0,0.0,0.0,0.0
2,4,0.0,0.0,0.0,0.0,1.0,0.0,0.0,0.0,0.0,0.0
2,4,0.0,0.0,0.0,0.0,1.0,0.0,0.0,0.0,0.0,0.0
2,4,0.0,0.0,0.0,0.0,1.0,0.0,0.0,0.0,0.0,0.0
2,4,0.0,0.0,0.0,0.0,1.0,0.0,0.0,0.0,0.0,0.0
2,4,0.0,0.0,0.0,0.0,1.0,0.0,0.0,0.0,0.0,0.0
2,4,0.0,0.0,0.0,0.0,1.0,0.0,0.0,0.0,0.0,0.0
2,4,0.0,0.0,0.0,0.0,1.0,0.0,0.0,0.0,0.0,0.0
2,4,0.0,0.0,0.0,0.0,1.0,0.0,0.0,0.0,0.0,0.0
2,4,0.0,0.0,0.0,0.0,1.0,0.0,0.0,0.0,0.0,0.0
2,4,0.0,0.0,0.0,0.0,1.0,0.0,0.0,0.0,0.0,0.0
2,4,0.0,0.0,0.0,0.0,1.0,0.0,0.0,0.0,0.0,0.0
2,4,0.0,0.0,0.0,0.0,1.0,0.0,0.0,0.0,0.0,0.0
2,4,0.0,0.0,0.0,0.0,1.0,0.0,0.0,0.0,0.0,0.0
2,4,0.0,0.0,0.0,0.0,1.0,0.0,0.0,0.0,0.0,0.0
2,4,0.0,0.0,0.0,0.0,1.0,0.0,0.0,0.0,0.0,0.0
2,4,0.0,0.0,0.0,0.0,1.0,0.0,0.0,0.0,0.0,0.0
2,4,0.0,0.0,0.0,0.0,1.0,0.0,0.0,0.0,0.0,0.0
2,4,0.0,0.0,0.0,0.0,1.0,0.0,0.0,0.0,0.0,0.0
2,4,0.0,0.0,0.0,0.0,1.0,0.0,0.0,0.0,0.0,0.0
2,4,0.0,0.0,0.0,0.0,1.0,0.0,0.0,0.0,0.0,0.0
2,4,0.0,0.0,0.0,0.0,1.0,0.0,0.0,0.0,0.0,0.0
2,4,0.0,0.0,0.0,0.0,1.0,0.0,0.0,0.0,0.0,0.0
2,4,0.0,0.0,0.0,0.0,1.0,0.0,0.0,0.0,0.0,0.0
2,4,0.0,0.0,0.0,0.0,1.0,0.0,0.0,0.0,0.0,0.0
2,4,0.0,0.0,0.0,0.0,1.0,0.0,0.0,0.0,0.0,0.0
2,4,0.0,0.0,0.0,0.0,1.0,0.0,0.0,0.0,0.0,0.0
2,4,0.0,0.0,0.0,0.0,1.0,0.0,0.0,0.0,0.0,0.0
2,4,0.0,0.0,0.0,0.0,1.0,0.0,0.0,0.0,0.0,0.0
2,4,0.0,0.0,0.0,0.0,1.0,0.0,0.0,0.0,0.0,0.0
2,4,0.0,0.0,0.0,0.0,1.0,0.0,0.0,0.0,0.0,0.0
2,4,0.0,0.0,0.0,0.0,1.0,0.0,0.0,0.0,0.0,0.0
2,4,0.0,0.0,0.0,0.0,1.0,0.0,0.0,0.0,0.0,0.0
2,4,0.0,0.0,0.0,0.0,1.0,0.0,0.0,0.0,0.0,0.0
2,4,0.0,0.0,0.0,0.0,1.0,0.0,0.0,0.0,0.0,0.0
2,4,0.0,0.0,0.0,0.0,1.0,0.0,0.0,0.0,0.0,0.0
2,4,0.0,0.0,0.0,0.0,1.0,0.0,0.0,0.0,0.0,0.0
2,4,0.0,0.0,0.0,0.0,1.0,0.0,0.0,0.0,0.0,0.0
2,4,0.0,0.0,0.0,0.0,1.0,0.0,0.0,0.0,0.0,0.0
2,4,0.0,0.0,0.0,0.0,1.0,0.0,0.0,0.0,0.0,0.0
2,4,0.0,0.0,0.0,0.0,1.0,0.0,0.0,0.0,0.0,0.0
2,4,0.0,0.0,0.0,0.0,1.0,0.0,0.0,0.0,0.0,0.0
2,4,0.0,0.0,0.0,0.0,1.0,0.0,0.0,0.0,0.0,0.0
2,4,0.0,0.0,0.0,0.0,1.0,0.0,0.0,0.0,0.0,0.0
2,4,0.0,0.0,0.0,0.0,1.0,0.0,0.0,0.0,0.0,0.0
2,4,0.0,0.0,0.0,0.0,1.0,0.0,0.0,0.0,0.0,0.0
2,4,0.0,0.0,0.0,0.0,1.0,0.0,0.0,0.0,0.0,0.0
2,4,0.0,0.0,0.0,0.0,1.0,0.0,0.0,0.0,0.0,0.0
2,4,0.0,0.0,0.0,0.0,1.0,0.0,0.0,0.0,0.0,0.0
2,4,0.0,0.0,0.0,0.0,1.0,0.0,0.0,0.0,0.0,0.0
2,4,0.0,0.0,0.0,0.0,1.0,0.0,0.0,0.0,0.0,0.0
2,4,0.0,0.0,0.0,0.0,1.0,0.0,0.0,0.0,0.0,0.0
2,4,0.0,0.0,0.0,0.0,1.0,0.0,0.0,0.0,0.0,0.0
2,4,0.0,0.0,0.0,0.0,1.0,0.0,0.0,0.0,0.0,0.0
2,4,0.0,0.0,0.0,0.0,1.0,0.0,0.0,0.0,0.0,0.0
2,4,0.0,0.0,0.0,0.0,1.0,0.0,0.0,0.0,0.0,0.0
2,4,0.0,0.0,0.0,0.0,1.0,0.0,0.0,0.0,0.0,0.0
2,4,0.0,0.0,0.0,0.0,1.0,0.0,0.0,0.0,0.0,0.0
2,4,0.0,0.0,0.0,0.0,1.0,0.0,0.0,0.0,0.0,0.0
2,4,0.0,0.0,0.0,0.0,1.0,0.0,0.0,0.0,0.0,0.0
2,4,0.0,0.0,0.0,0.0,1.0,0.0,0.0,0.0,0.0,0.0
2,4,0.0,0.0,0.0,0.0,1.0,0.0,0.0,0.0,0.0,0.0
2,4,0.0,0.0,0.0,0.0,1.0,0.0,0.0,0.0,0.0,0.0
2,4,0.0,0.0,0.0,0.0,1.0,0.0,0.0,0.0,0.0,0.0
2,4,0.0,0.0,0.0,0.0,1.0,0.0,0.0,0.0,0.0,0.0
2,4,0.0,0.0,0.0,0.0,1.0,0.0,0.0,0.0,0.0,0.0
2,4,0.0,0.0,0.0,0.0,1.0,0.0,0.0,0.0,0.0,0.0
2,4,0.0,0.0,0.0,0.0,1.0,0.0,0.0,0.0,0.0,0.0
2,4,0.0,0.0,0.0,0.0,1.0,0.0,0.0,0.0,0.0,0.0
2,4,0.0,0.0,0.0,0.0,1.0,0.0,0.0,0.0,0.0,0.0
2,4,0.0,0.0,0.0,0.0,1.0,0.0,0.0,0.0,0.0,0.0
2,4,0.0,0.0,0.0,0.0,1.0,0.0,0.0,0.0,0.0,0.0
2,4,0.0,0.0,0.0,0.0,1.0,0.0,0.0,0.0,0.0,0.0
2,4,0.0,0.0,0.0,0.0,1.0,0.0,0.0,0.0,0.0,0.0
2,4,0.0,0.0,0.0,0.0,1.0,0.0,0.0,0.0,0.0,0.0
2,4,0.0,0.0,0.0,0.0,1.0,0.0,0.0,0.0,0.0,0.0
2,4,0.0,0.0,0.0,0.0,1.0,0.0,0.0,0.0,0.0,0.0
2,4,0.0,0.0,0.0,0.0,1.0,0.0,0.0,0.0,0.0,0.0
2,4,0.0,0.0,0.0,0.0,1.0,0.0,0.0,0.0,0.0,0.0
2,4,0.0,0.0,0.0,0.0,1.0,0.0,0.0,0.0,0.0,0.0
2,4,0.0,0.0,0.0,0.0,1.0,0.0,0.0,0.0,0.0,0.0
2,4,0.0,0.0,0.0,0.0,1.0,0.0,0.0,0.0,0.0,0.0
2,4,0.0,0.0,0.0,0.0,1.0,0.0,0.0,0.0,0.0,0.0
2,4,0.067128584,0.0,0.0,0.0,0.9328714,0.0,0.0,0.0,0.0,0.0
2,4,0.067128584,0.0,0.0,0.0,0.9328714,0.0,0.0,0.0,0.0,0.0
2,4,0.067128584,0.0,0.0,0.0,0.9328714,0.0,0.0,0.0,0.0,0.0
2,4,0.067128584,0.0,0.0,0.0,0.9328714,0.0,0.0,0.0,0.0,0.0
2,4,0.067128584,0.0,0.0,0.0,0.9328714,0.0,0.0,0.0,0.0,0.0
2,4,0.067128584,0.0,0.0,0.0,0.9328714,0.0,0.0,0.0,0.0,0.0
2,4,0.067128584,0.0,0.0,0.0,0.9328714,0.0,0.0,0.0,0.0,0.0
2,4,0.067128584,0.0,0.0,0.0,0.9328714,0.0,0.0,0.0,0.0,0.0
2,4,0.067128584,0.0,0.0,0.0,0.9328714,0.0,0.0,0.0,0.0,0.0
2,4,0.067128584,0.0,0.0,0.0,0.9328714,0.0,0.0,0.0,0.0,0.0
2,4,0.067128584,0.0,0.0,0.0,0.9328714,0.0,0.0,0.0,0.0,0.0
2,4,0.067128584,0.0,0.0,0.0,0.9328714,0.0,0.0,0.0,0.0,0.0
2,4,0.067128584,0.0,0.0,0.0,0.9328714,0.0,0.0,0.0,0.0,0.0
2,4,0.067128584,0.0,0.0,0.0,0.9328714,0.0,0.0,0.0,0.0,0.0
2,4,0.067128584,0.0,0.0,0.0,0.9328714,0.0,0.0,0.0,0.0,0.0
2,4,0.067128584,0.0,0.0,0.0,0.9328714,0.0,0.0,0.0,0.0,0.0
2,4,0.067128584,0.0,0.0,0.0,0.9328714,0.0,0.0,0.0,0.0,0.0
2,4,0.067128584,0.0,0.0,0.0,0.9328714,0.0,0.0,0.0,0.0,0.0
2,4,0.067128584,0.0,0.0,0.0,0.9328714,0.0,0.0,0.0,0.0,0.0
2,4,0.067128584,0.0,0.0,0.0,0.9328714,0.0,0.0,0.0,0.0,0.0
2,4,0.067128584,0.0,0.0,0.0,0.9328714,0.0,0.0,0.0,0.0,0.0
2,4,0.067128584,0.0,0.0,0.0,0.9328714,0.0,0.0,0.0,0.0,0.0
2,4,0.067128584,0.0,0.0,0.0,0.9328714,0.0,0.0,0.0,0.0,0.0
2,4,0.067128584,0.0,0.0,0.0,0.9328714,0.0,0.0,0.0,0.0,0.0
2,4,0.067128584,0.0,0.0,0.0,0.9328714,0.0,0.0,0.0,0.0,0.0
2,4,0.067128584,0.0,0.0,0.0,0.9328714,0.0,0.0,0.0,0.0,0.0
2,4,0.067128584,0.0,0.0,0.0,0.9328714,0.0,0.0,0.0,0.0,0.0
2,4,0.067128584,0.0,0.0,0.0,0.9328714,0.0,0.0,0.0,0.0,0.0
2,4,0.067128584,0.0,0.0,0.0,0.9328714,0.0,0.0,0.0,0.0,0.0
2,4,0.067128584,0.0,0.0,0.0,0.9328714,0.0,0.0,0.0,0.0,0.0
2,4,0.067128584,0.0,0.0,0.0,0.9328714,0.0,0.0,0.0,0.0,0.0
2,4,0.067128584,0.0,0.0,0.0,0.9328714,0.0,0.0,0.0,0.0,0.0
2,4,0.067128584,0.0,0.0,0.0,0.9328714,0.0,0.0,0.0,0.0,0.0
2,4,0.067128584,0.0,0.0,0.0,0.9328714,0.0,0.0,0.0,0.0,0.0
2,4,0.067128584,0.0,0.0,0.0,0.9328714,0.0,0.0,0.0,0.0,0.0
2,4,0.067128584,0.0,0.0,0.0,0.9328714,0.0,0.0,0.0,0.0,0.0
2,4,0.067128584,0.0,0.0,0.0,0.9328714,0.0,0.0,0.0,0.0,0.0
2,4,0.067128584,0.0,0.0,0.0,0.9328714,0.0,0.0,0.0,0.0,0.0
2,4,0.067128584,0.0,0.0,0.0,0.9328714,0.0,0.0,0.0,0.0,0.0
2,4,0.067128584,0.0,0.0,0.0,0.9328714,0.0,0.0,0.0,0.0,0.0
2,4,0.067128584,0.0,0.0,0.0,0.9328714,0.0,0.0,0.0,0.0,0.0
2,4,0.067128584,0.0,0.0,0.0,0.9328714,0.0,0.0,0.0,0.0,0.0
2,4,0.067128584,0.0,0.0,0.0,0.9328714,0.0,0.0,0.0,0.0,0.0
2,4,0.067128584,0.0,0.0,0.0,0.9328714,0.0,0.0,0.0,0.0,0.0
2,4,0.067128584,0.0,0.0,0.0,0.9328714,0.0,0.0,0.0,0.0,0.0
2,4,0.067128584,0.0,0.0,0.0,0.9328714,0.0,0.0,0.0,0.0,0.0
2,4,0.067128584,0.0,0.0,0.0,0.9328714,0.0,0.0,0.0,0.0,0.0
2,4,0.067128584,0.0,0.0,0.0,0.9328714,0.0,0.0,0.0,0.0,0.0
2,4,0.067128584,0.0,0.0,0.0,0.9328714,0.0,0.0,0.0,0.0,0.0
2,4,0.067128584,0.0,0.0,0.0,0.9328714,0.0,0.0,0.0,0.0,0.0
2,4,0.067128584,0.0,0.0,0.0,0.9328714,0.0,0.0,0.0,0.0,0.0
2,4,0.067128584,0.0,0.0,0.0,0.9328714,0.0,0.0,0.0,0.0,0.0
2,4,0.067128584,0.0,0.0,0.0,0.9328714,0.0,0.0,0.0,0.0,0.0
2,4,0.067128584,0.0,0.0,0.0,0.9328714,0.0,0.0,0.0,0.0,0.0
2,4,0.067128584,0.0,0.0,0.0,0.9328714,0.0,0.0,0.0,0.0,0.0
2,4,0.067128584,0.0,0.0,0.0,0.9328714,0.0,0.0,0.0,0.0,0.0
2,4,0.067128584,0.0,0.0,0.0,0.9328714,0.0,0.0,0.0,0.0,0.0
2,4,0.067128584,0.0,0.0,0.0,0.9328714,0.0,0.0,0.0,0.0,0.0
2,4,0.067128584,0.0,0.0,0.0,0.9328714,0.0,0.0,0.0,0.0,0.0
2,4,0.067128584,0.0,0.0,0.0,0.9328714,0.0,0.0,0.0,0.0,0.0
2,4,0.067128584,0.0,0.0,0.0,0.9328714,0.0,0.0,0.0,0.0,0.0
2,4,0.067128584,0.0,0.0,0.0,0.9328714,0.0,0.0,0.0,0.0,0.0
2,4,0.067128584,0.0,0.0,0.0,0.9328714,0.0,0.0,0.0,0.0,0.0
2,4,0.067128584,0.0,0.0,0.0,0.9328714,0.0,0.0,0.0,0.0,0.0
2,4,0.067128584,0.0,0.0,0.0,0.9328714,0.0,0.0,0.0,0.0,0.0
2,4,0.067128584,0.0,0.0,0.0,0.9328714,0.0,0.0,0.0,0.0,0.0
2,4,0.067128584,0.0,0.0,0.0,0.9328714,0.0,0.0,0.0,0.0,0.0
2,4,0.067128584,0.0,0.0,0.0,0.9328714,0.0,0.0,0.0,0.0,0.0
2,4,0.067128584,0.0,0.0,0.0,0.9328714,0.0,0.0,0.0,0.0,0.0
2,4,0.067128584,0.0,0.0,0.0,0.9328714,0.0,0.0,0.0,0.0,0.0
2,4,0.067128584,0.0,0.0,0.0,0.9328714,0.0,0.0,0.0,0.0,0.0
2,4,0.067128584,0.0,0.0,0.0,0.9328714,0.0,0.0,0.0,0.0,0.0
2,4,0.19725484,0.0,0.0,0.0,0.80274516,0.0,0.0,0.0,0.0,0.0
2,4,0.19725484,0.0,0.0,0.0,0.80274516,0.0,0.0,0.0,0.0,0.0
2,4,0.19725484,0.0,0.0,0.0,0.80274516,0.0,0.0,0.0,0.0,0.0
2,4,0.19725484,0.0,0.0,0.0,0.80274516,0.0,0.0,0.0,0.0,0.0
2,4,0.19725484,0.0,0.0,0.0,0.80274516,0.0,0.0,0.0,0.0,0.0
2,4,0.19725484,0.0,0.0,0.0,0.80274516,0.0,0.0,0.0,0.0,0.0
2,4,0.19725484,0.0,0.0,0.0,0.80274516,0.0,0.0,0.0,0.0,0.0
2,4,0.19725484,0.0,0.0,0.0,0.80274516,0.0,0.0,0.0,0.0,0.0
2,4,0.3254133,0.0,0.0,0.0,0.6745867,0.0,0.0,0.0,0.0,0.0
2,4,0.3254133,0.0,0.0,0.0,0.6745867,0.0,0.0,0.0,0.0,0.0
2,4,0.3254133,0.0,0.0,0.0,0.6745867,0.0,0.0,0.0,0.0,0.0
2,4,0.3254133,0.0,0.0,0.0,0.6745867,0.0,0.0,0.0,0.0,0.0
2,4,0.3254133,0.0,0.0,0.0,0.6745867,0.0,0.0,0.0,0.0,0.0
2,4,0.3254133,0.0,0.0,0.0,0.6745867,0.0,0.0,0.0,0.0,0.0
2,4,0.3254133,0.0,0.0,0.0,0.6745867,0.0,0.0,0.0,0.0,0.0
2,4,0.3254133,0.0,0.0,0.0,0.6745867,0.0,0.0,0.0,0.0,0.0
2,4,0.3254133,0.0,0.0,0.0,0.6745867,0.0,0.0,0.0,0.0,0.0
2,4,0.3254133,0.0,0.0,0.0,0.6745867,0.0,0.0,0.0,0.0,0.0
2,4,0.3254133,0.0,0.0,0.0,0.6745867,0.0,0.0,0.0,0.0,0.0
2,4,0.3254133,0.0,0.0,0.0,0.6745867,0.0,0.0,0.0,0.0,0.0
2,4,0.3254133,0.0,0.0,0.0,0.6745867,0.0,0.0,0.0,0.0,0.0
2,4,0.3254133,0.0,0.0,0.0,0.6745867,0.0,0.0,0.0,0.0,0.0
2,4,0.3254133,0.0,0.0,0.0,0.6745867,0.0,0.0,0.0,0.0,0.0
2,4,0.3254133,0.0,0.0,0.0,0.6745867,0.0,0.0,0.0,0.0,0.0
2,4,0.3254133,0.0,0.0,0.0,0.6745867,0.0,0.0,0.0,0.0,0.0
2,4,0.3254133,0.0,0.0,0.0,0.6745867,0.0,0.0,0.0,0.0,0.0
2,4,0.3254133,0.0,0.0,0.0,0.6745867,0.0,0.0,0.0,0.0,0.0
2,4,0.3254133,0.0,0.0,0.0,0.6745867,0.0,0.0,0.0,0.0,0.0
2,4,0.3254133,0.0,0.0,0.0,0.6745867,0.0,0.0,0.0,0.0,0.0
2,4,0.3254133,0.0,0.0,0.0,0.6745867,0.0,0.0,0.0,0.0,0.0
2,4,0.3254133,0.0,0.0,0.0,0.6745867,0.0,0.0,0.0,0.0,0.0
2,4,0.3254133,0.0,0.0,0.0,0.6745867,0.0,0.0,0.0,0.0,0.0
2,4,0.38497335,0.0,0.0,0.0,0.61502665,0.0,0.0,0.0,0.0,0.0
2,4,0.38497335,0.0,0.0,0.0,0.61502665,0.0,0.0,0.0,0.0,0.0
2,4,0.38497335,0.0,0.0,0.0,0.61502665,0.0,0.0,0.0,0.0,0.0
2,4,0.38497335,0.0,0.0,0.0,0.61502665,0.0,0.0,0.0,0.0,0.0
2,4,0.38497335,0.0,0.0,0.0,0.61502665,0.0,0.0,0.0,0.0,0.0
2,4,0.38497335,0.0,0.0,0.0,0.61502665,0.0,0.0,0.0,0.0,0.0
2,4,0.38497335,0.0,0.0,0.0,0.61502665,0.0,0.0,0.0,0.0,0.0
2,4,0.38497335,0.0,0.0,0.0,0.61502665,0.0,0.0,0.0,0.0,0.0
2,4,0.38497335,0.0,0.0,0.0,0.61502665,0.0,0.0,0.0,0.0,0.0
2,4,0.38497335,0.0,0.0,0.0,0.61502665,0.0,0.0,0.0,0.0,0.0
2,4,0.38497335,0.0,0.0,0.0,0.61502665,0.0,0.0,0.0,0.0,0.0
2,4,0.38497335,0.0,0.0,0.0,0.61502665,0.0,0.0,0.0,0.0,0.0
2,4,0.38497335,0.0,0.0,0.0,0.61502665,0.0,0.0,0.0,0.0,0.0
2,4,0.38497335,0.0,0.0,0.0,0.61502665,0.0,0.0,0.0,0.0,0.0
2,4,0.38497335,0.0,0.0,0.0,0.61502665,0.0,0.0,0.0,0.0,0.0
2,4,0.38497335,0.0,0.0,0.0,0.61502665,0.0,0.0,0.0,0.0,0.0
2,4,0.38497335,0.0,0.0,0.0,0.61502665,0.0,0.0,0.0,0.0,0.0
2,4,0.38497335,0.0,0.0,0.0,0.61502665,0.0,0.0,0.0,0.0,0.0
2,4,0.38497335,0.0,0.0,0.0,0.61502665,0.0,0.0,0.0,0.0,0.0
2,4,0.38497335,0.0,0.0,0.0,0.61502665,0.0,0.0,0.0,0.0,0.0
2,4,0.38497335,0.0,0.0,0.0,0.61502665,0.0,0.0,0.0,0.0,0.0
2,4,0.38497335,0.0,0.0,0.0,0.61502665,0.0,0.0,0.0,0.0,0.0
2,4,0.38497335,0.0,0.0,0.0,0.61502665,0.0,0.0,0.0,0.0,0.0
2,4,0.38497335,0.0,0.0,0.0,0.61502665,0.0,0.0,0.0,0.0,0.0
2,4,0.38497335,0.0,0.0,0.0,0.61502665,0.0,0.0,0.0,0.0,0.0
2,4,0.38497335,0.0,0.0,0.0,0.61502665,0.0,0.0,0.0,0.0,0.0
2,4,0.38497335,0.0,0.0,0.0,0.61502665,0.0,0.0,0.0,0.0,0.0
2,4,0.38497335,0.0,0.0,0.0,0.61502665,0.0,0.0,0.0,0.0,0.0
2,4,0.38497335,0.0,0.0,0.0,0.61502665,0.0,0.0,0.0,0.0,0.0
2,4,0.38497335,0.0,0.0,0.0,0.61502665,0.0,0.0,0.0,0.0,0.0
2,4,0.38497335,0.0,0.0,0.0,0.61502665,0.0,0.0,0.0,0.0,0.0
2,4,0.38497335,0.0,0.0,0.0,0.61502665,0.0,0.0,0.0,0.0,0.0
2,4,0.5064542,0.0,0.0,0.0,0.4935458,0.0,0.0,0.0,0.0,0.0
2,4,0.5064542,0.0,0.0,0.0,0.4935458,0.0,0.0,0.0,0.0,0.0
2,4,0.5064542,0.0,0.0,0.0,0.4935458,0.0,0.0,0.0,0.0,0.0
2,4,0.5064542,0.0,0.0,0.0,0.4935458,0.0,0.0,0.0,0.0,0.0
2,4,0.5064542,0.0,0.0,0.0,0.4935458,0.0,0.0,0.0,0.0,0.0
2,4,0.5064542,0.0,0.0,0.0,0.4935458,0.0,0.0,0.0,0.0,0.0
2,4,0.5064542,0.0,0.0,0.0,0.4935458,0.0,0.0,0.0,0.0,0.0
2,4,0.5064542,0.0,0.0,0.0,0.4935458,0.0,0.0,0.0,0.0,0.0
2,4,0.5064542,0.0,0.0,0.0,0.4935458,0.0,0.0,0.0,0.0,0.0
2,4,0.5064542,0.0,0.0,0.0,0.4935458,0.0,0.0,0.0,0.0,0.0
2,4,0.5064542,0.0,0.0,0.0,0.4935458,0.0,0.0,0.0,0.0,0.0
2,4,0.5064542,0.0,0.0,0.0,0.4935458,0.0,0.0,0.0,0.0,0.0
2,4,0.5064542,0.0,0.0,0.0,0.4935458,0.0,0.0,0.0,0.0,0.0
2,4,0.5064542,0.0,0.0,0.0,0.4935458,0.0,0.0,0.0,0.0,0.0
2,4,0.5064542,0.0,0.0,0.0,0.4935458,0.0,0.0,0.0,0.0,0.0
2,4,0.5064542,0.0,0.0,0.0,0.4935458,0.0,0.0,0.0,0.0,0.0
2,4,0.5064542,0.0,0.0,0.0,0.4935458,0.0,0.0,0.0,0.0,0.0
2,4,0.5064542,0.0,0.0,0.0,0.4935458,0.0,0.0,0.0,0.0,0.0
2,4,0.5064542,0.0,0.0,0.0,0.4935458,0.0,0.0,0.0,0.0,0.0
2,4,0.5064542,0.0,0.0,0.0,0.4935458,0.0,0.0,0.0,0.0,0.0
2,4,0.5064542,0.0,0.0,0.0,0.4935458,0.0,0.0,0.0,0.0,0.0
2,4,0.5064542,0.0,0.0,0.0,0.4935458,0.0,0.0,0.0,0.0,0.0
