true_label,meta_K16,meta_ratio_0,meta_ratio_1,meta_ratio_2,meta_ratio_3,meta_ratio_4,meta_ratio_5,meta_ratio_6,meta_ratio_7,meta_ratio_8,meta_ratio_9,meta_ratio_10
1,0,1.0,0.0,0.0,0.0,0.0,0.0,0.0,0.0,0.0,0.0,0.0
1,0,1.0,0.0,0.0,0.0,0.0,0.0,0.0,0.0,0.0,0.0,0.0
1,0,1.0,0.0,0.0,0.0,0.0,0.0,0.0,0.0,0.0,0.0,0.0
1,0,1.0,0.0,0.0,0.0,0.0,0.0,0.0,0.0,0.0,0.0,0.0
1,0,1.0,0.0,0.0,0.0,0.0,0.0,0.0,0.0,0.0,0.0,0.0
1,0,1.0,0.0,0.0,0.0,0.0,0.0,0.0,0.0,0.0,0.0,0.0
1,0,1.0,0.0,0.0,0.0,0.0,0.0,0.0,0.0,0.0,0.0,0.0
1,0,1.0,0.0,0.0,0.0,0.0,0.0,0.0,0.0,0.0,0.0,0.0
1,0,1.0,0.0,0.0,0.0,0.0,0.0,0.0,0.0,0.0,0.0,0.0
1,0,1.0,0.0,0.0,0.0,0.0,0.0,0.0,0.0,0.0,0.0,0.0
1,0,1.0,0.0,0.0,0.0,0.0,0.0,0.0,0.0,0.0,0.0,0.0
1,0,1.0,0.0,0.0,0.0,0.0,0.0,0.0,0.0,0.0,0.0,0.0
1,0,1.0,0.0,0.0,0.0,0.0,0.0,0.0,0.0,0.0,0.0,0.0
1,0,1.0,0.0,0.0,0.0,0.0,0.0,0.0,0.0,0.0,0.0,0.0
1,0,1.0,0.0,0.0,0.0,0.0,0.0,0.0,0.0,0.0,0.0,0.0
1,0,1.0,0.0,0.0,0.0,0.0,0.0,0.0,0.0,0.0,0.0,0.0
1,0,1.0,0.0,0.0,0.0,0.0,0.0,0.0,0.0,0.0,0.0,0.0
1,0,1.0,0.0,0.0,0.0,0.0,0.0,0.0,0.0,0.0,0.0,0.0
1,0,1.0,0.0,0.0,0.0,0.0,0.0,0.0,0.0,0.0,0.0,0.0
1,0,1.0,0.0,0.0,0.0,0.0,0.0,0.0,0.0,0.0,0.0,0.0
1,0,1.0,0.0,0.0,0.0,0.0,0.0,0.0,0.0,0.0,0.0,0.0
1,0,1.0,0.0,0.0,0.0,0.0,0.0,0.0,0.0,0.0,0.0,0.0
1,0,1.0,0.0,0.0,0.0,0.0,0.0,0.0,0.0,0.0,0.0,0.0
1,0,1.0,0.0,0.0,0.0,0.0,0.0,0.0,0.0,0.0,0.0,0.0
1,0,1.0,0.0,0.0,0.0,0.0,0.0,0.0,0.0,0.0,0.0,0.0
1,0,1.0,0.0,0.0,0.0,0.0,0.0,0.0,0.0,0.0,0.0,0.0
1,0,1.0,0.0,0.0,0.0,0.0,0.0,0.0,0.0,0.0,0.0,0.0
1,0,1.0,0.0,0.0,0.0,0.0,0.0,0.0,0.0,0.0,0.0,0.0
1,0,1.0,0.0,0.0,0.0,0.0,0.0,0.0,0.0,0.0,0.0,0.0
1,0,1.0,0.0,0.0,0.0,0.0,0.0,0.0,0.0,0.0,0.0,0.0
1,0,1.0,0.0,0.0,0.0,0.0,0.0,0.0,0.0,0.0,0.0,0.0
1,0,1.0,0.0,0.0,0.0,0.0,0.0,0.0,0.0,0.0,0.0,0.0
1,0,1.0,0.0,0.0,0.0,0.0,0.0,0.0,0.0,0.0,0.0,0.0
1,0,1.0,0.0,0.0,0.0,0.0,0.0,0.0,0.0,0.0,0.0,0.0
1,0,1.0,0.0,0.0,0.0,0.0,0.0,0.0,0.0,0.0,0.0,0.0
1,0,1.0,0.0,0.0,0.0,0.0,0.0,0.0,0.0,0.0,0.0,0.0
1,0,1.0,0.0,0.0,0.0,0.0,0.0,0.0,0.0,0.0,0.0,0.0
1,0,1.0,0.0,0.0,0.0,0.0,0.0,0.0,0.0,0.0,0.0,0.0
1,0,1.0,0.0,0.0,0.0,0.0,0.0,0.0,0.0,0.0,0.0,0.0
1,0,1.0,0.0,0.0,0.0,0.0,0.0,0.0,0.0,0.0,0.0,0.0
1,0,1.0,0.0,0.0,0.0,0.0,0.0,0.0,0.0,0.0,0.0,0.0
1,0,1.0,0.0,0.0,0.0,0.0,0.0,0.0,0.0,0.0,0.0,0.0
1,0,1.0,0.0,0.0,0.0,0.0,0.0,0.0,0.0,0.0,0.0,0.0
1,0,1.0,0.0,0.0,0.0,0.0,0.0,0.0,0.0,0.0,0.0,0.0
1,0,1.0,0.0,0.0,0.0,0.0,0.0,0.0,0.0,0.0,0.0,0.0
1,0,1.0,0.0,0.0,0.0,0.0,0.0,0.0,0.0,0.0,0.0,0.0
1,0,1.0,0.0,0.0,0.0,0.0,0.0,0.0,0.0,0.0,0.0,0.0
1,0,1.0,0.0,0.0,0.0,0.0,0.0,0.0,0.0,0.0,0.0,0.0
1,0,1.0,0.0,0.0,0.0,0.0,0.0,0.0,0.0,0.0,0.0,0.0
1,0,1.0,0.0,0.0,0.0,0.0,0.0,0.0,0.0,0.0,0.0,0.0
1,0,1.0,0.0,0.0,0.0,0.0,0.0,0.0,0.0,0.0,0.0,0.0
1,0,1.0,0.0,0.0,0.0,0.0,0.0,0.0,0.0,0.0,0.0,0.0
1,0,1.0,0.0,0.0,0.0,0.0,0.0,0.0,0.0,0.0,0.0,0.0
1,0,1.0,0.0,0.0,0.0,0.0,0.0,0.0,0.0,0.0,0.0,0.0
1,0,1.0,0.0,0.0,0.0,0.0,0.0,0.0,0.0,0.0,0.0,0.0
1,0,1.0,0.0,0.0,0.0,0.0,0.0,0.0,0.0,0.0,0.0,0.0
1,0,1.0,0.0,0.0,0.0,0.0,0.0,0.0,0.0,0.0,0.0,0.0
1,0,1.0,0.0,0.0,0.0,0.0,0.0,0.0,0.0,0.0,0.0,0.0
1,0,1.0,0.0,0.0,0.0,0.0,0.0,0.0,0.0,0.0,0.0,0.0
1,0,1.0,0.0,0.0,0.0,0.0,0.0,0.0,0.0,0.0,0.0,0.0
1,0,1.0,0.0,0.0,0.0,0.0,0.0,0.0,0.0,0.0,0.0,0.0
1,0,1.0,0.0,0.0,0.0,0.0,0.0,0.0,0.0,0.0,0.0,0.0
1,0,1.0,0.0,0.0,0.0,0.0,0.0,0.0,0.0,0.0,0.0,0.0
1,0,1.0,0.0,0.0,0.0,0.0,0.0,0.0,0.0,0.0,0.0,0.0
1,0,1.0,0.0,0.0,0.0,0.0,0.0,0.0,0.0,0.0,0.0,0.0
1,0,1.0,0.0,0.0,0.0,0.0,0.0,0.0,0.0,0.0,0.0,0.0
1,0,1.0,0.0,0.0,0.0,0.0,0.0,0.0,0.0,0.0,0.0,0.0
1,0,1.0,0.0,0.0,0.0,0.0,0.0,0.0,0.0,0.0,0.0,0.0
1,0,1.0,0.0,0.0,0.0,0.0,0.0,0.0,0.0,0.0,0.0,0.0
1,0,1.0,0.0,0.0,0.0,0.0,0.0,0.0,0.0,0.0,0.0,0.0
1,0,1.0,0.0,0.0,0.0,0.0,0.0,0.0,0.0,0.0,0.0,0.0
1,0,1.0,0.0,0.0,0.0,0.0,0.0,0.0,0.0,0.0,0.0,0.0
1,0,1.0,0.0,0.0,0.0,0.0,0.0,0.0,0.0,0.0,0.0,0.0
1,0,1.0,0.0,0.0,0.0,0.0,0.0,0.0,0.0,0.0,0.0,0.0
1,0,1.0,0.0,0.0,0.0,0.0,0.0,0.0,0.0,0.0,0.0,0.0
1,0,1.0,0.0,0.0,0.0,0.0,0.0,0.0,0.0,0.0,0.0,0.0
1,0,1.0,0.0,0.0,0.0,0.0,0.0,0.0,0.0,0.0,0.0,0.0
1,0,1.0,0.0,0.0,0.0,0.0,0.0,0.0,0.0,0.0,0.0,0.0
1,0,1.0,0.0,0.0,0.0,0.0,0.0,0.0,0.0,0.0,0.0,0.0
1,0,1.0,0.0,0.0,0.0,0.0,0.0,0.0,0.0,0.0,0.0,0.0
1,0,1.0,0.0,0.0,0.0,0.0,0.0,0.0,0.0,0.0,0.0,0.0
1,0,1.0,0.0,0.0,0.0,0.0,0.0,0.0,0.0,0.0,0.0,0.0
1,0,1.0,0.0,0.0,0.0,0.0,0.0,0.0,0.0,0.0,0.0,0.0
1,0,1.0,0.0,0.0,0.0,0.0,0.0,0.0,0.0,0.0,0.0,0.0
1,0,1.0,0.0,0.0,0.0,0.0,0.0,0.0,0.0,0.0,0.0,0.0
1,0,1.0,0.0,0.0,0.0,0.0,0.0,0.0,0.0,0.0,0.0,0.0
1,0,1.0,0.0,0.0,0.0,0.0,0.0,0.0,0.0,0.0,0.0,0.0
1,0,1.0,0.0,0.0,0.0,0.0,0.0,0.0,0.0,0.0,0.0,0.0
1,0,1.0,0.0,0.0,0.0,0.0,0.0,0.0,0.0,0.0,0.0,0.0
1,0,1.0,0.0,0.0,0.0,0.0,0.0,0.0,0.0,0.0,0.0,0.0
1,0,1.0,0.0,0.0,0.0,0.0,0.0,0.0,0.0,0.0,0.0,0.0
1,0,1.0,0.0,0.0,0.0,0.0,0.0,0.0,0.0,0.0,0.0,0.0
1,0,1.0,0.0,0.0,0.0,0.0,0.0,0.0,0.0,0.0,0.0,0.0
1,0,1.0,0.0,0.0,0.0,0.0,0.0,0.0,0.0,0.0,0.0,0.0
1,0,1.0,0.0,0.0,0.0,0.0,0.0,0.0,0.0,0.0,0.0,0.0
1,0,1.0,0.0,0.0,0.0,0.0,0.0,0.0,0.0,0.0,0.0,0.0
1,0,1.0,0.0,0.0,0.0,0.0,0.0,0.0,0.0,0.0,0.0,0.0
1,0,1.0,0.0,0.0,0.0,0.0,0.0,0.0,0.0,0.0,0.0,0.0
1,0,1.0,0.0,0.0,0.0,0.0,0.0,0.0,0.0,0.0,0.0,0.0
1,0,1.0,0.0,0.0,0.0,0.0,0.0,0.0,0.0,0.0,0.0,0.0
1,0,1.0,0.0,0.0,0.0,0.0,0.0,0.0,0.0,0.0,0.0,0.0
1,0,1.0,0.0,0.0,0.0,0.0,0.0,0.0,0.0,0.0,0.0,0.0
1,0,1.0,0.0,0.0,0.0,0.0,0.0,0.0,0.0,0.0,0.0,0.0
1,0,1.0,0.0,0.0,0.0,0.0,0.0,0.0,0.0,0.0,0.0,0.0
1,0,1.0,0.0,0.0,0.0,0.0,0.0,0.0,0.0,0.0,0.0,0.0
1,0,1.0,0.0,0.0,0.0,0.0,0.0,0.0,0.0,0.0,0.0,0.0
1,0,1.0,0.0,0.0,0.0,0.0,0.0,0.0,0.0,0.0,0.0,0.0
1,0,1.0,0.0,0.0,0.0,0.0,0.0,0.0,0.0,0.0,0.0,0.0
1,0,1.0,0.0,0.0,0.0,0.0,0.0,0.0,0.0,0.0,0.0,0.0
1,0,1.0,0.0,0.0,0.0,0.0,0.0,0.0,0.0,0.0,0.0,0.0
1,0,1.0,0.0,0.0,0.0,0.0,0.0,0.0,0.0,0.0,0.0,0.0
1,0,1.0,0.0,0.0,0.0,0.0,0.0,0.0,0.0,0.0,0.0,0.0
1,0,1.0,0.0,0.0,0.0,0.0,0.0,0.0,0.0,0.0,0.0,0.0
1,0,1.0,0.0,0.0,0.0,0.0,0.0,0.0,0.0,0.0,0.0,0.0
1,0,1.0,0.0,0.0,0.0,0.0,0.0,0.0,0.0,0.0,0.0,0.0
1,0,1.0,0.0,0.0,0.0,0.0,0.0,0.0,0.0,0.0,0.0,0.0
1,0,1.0,0.0,0.0,0.0,0.0,0.0,0.0,0.0,0.0,0.0,0.0
1,0,1.0,0.0,0.0,0.0,0.0,0.0,0.0,0.0,0.0,0.0,0.0
1,0,1.0,0.0,0.0,0.0,0.0,0.0,0.0,0.0,0.0,0.0,0.0
1,0,1.0,0.0,0.0,0.0,0.0,0.0,0.0,0.0,0.0,0.0,0.0
1,0,1.0,0.0,0.0,0.0,0.0,0.0,0.0,0.0,0.0,0.0,0.0
1,0,1.0,0.0,0.0,0.0,0.0,0.0,0.0,0.0,0.0,0.0,0.0
1,0,1.0,0.0,0.0,0.0,0.0,0.0,0.0,0.0,0.0,0.0,0.0
1,0,1.0,0.0,0.0,0.0,0.0,0.0,0.0,0.0,0.0,0.0,0.0
1,0,1.0,0.0,0.0,0.0,0.0,0.0,0.0,0.0,0.0,0.0,0.0
1,0,1.0,0.0,0.0,0.0,0.0,0.0,0.0,0.0,0.0,0.0,0.0
1,0,1.0,0.0,0.0,0.0,0.0,0.0,0.0,0.0,0.0,0.0,0.0
1,0,1.0,0.0,0.0,0.0,0.0,0.0,0.0,0.0,0.0,0.0,0.0
1,0,1.0,0.0,0.0,0.0,0.0,0.0,0.0,0.0,0.0,0.0,0.0
1,0,1.0,0.0,0.0,0.0,0.0,0.0,0.0,0.0,0.0,0.0,0.0
1,0,1.0,0.0,0.0,0.0,0.0,0.0,0.0,0.0,0.0,0.0,0.0
1,0,1.0,0.0,0.0,0.0,0.0,0.0,0.0,0.0,0.0,0.0,0.0
1,0,1.0,0.0,0.0,0.0,0.0,0.0,0.0,0.0,0.0,0.0,0.0
1,0,1.0,0.0,0.0,0.0,0.0,0.0,0.0,0.0,0.0,0.0,0.0
1,0,1.0,0.0,0.0,0.0,0.0,0.0,0.0,0.0,0.0,0.0,0.0
1,0,1.0,0.0,0.0,0.0,0.0,0.0,0.0,0.0,0.0,0.0,0.0
1,0,1.0,0.0,0.0,0.0,0.0,0.0,0.0,0.0,0.0,0.0,0.0
1,0,1.0,0.0,0.0,0.0,0.0,0.0,0.0,0.0,0.0,0.0,0.0
1,0,1.0,0.0,0.0,0.0,0.0,0.0,0.0,0.0,0.0,0.0,0.0
1,0,1.0,0.0,0.0,0.0,0.0,0.0,0.0,0.0,0.0,0.0,0.0
1,0,1.0,0.0,0.0,0.0,0.0,0.0,0.0,0.0,0.0,0.0,0.0
1,0,1.0,0.0,0.0,0.0,0.0,0.0,0.0,0.0,0.0,0.0,0.0
1,0,1.0,0.0,0.0,0.0,0.0,0.0,0.0,0.0,0.0,0.0,0.0
1,0,1.0,0.0,0.0,0.0,0.0,0.0,0.0,0.0,0.0,0.0,0.0
1,0,1.0,0.0,0.0,0.0,0.0,0.0,0.0,0.0,0.0,0.0,0.0
1,0,1.0,0.0,0.0,0.0,0.0,0.0,0.0,0.0,0.0,0.0,0.0
1,0,1.0,0.0,0.0,0.0,0.0,0.0,0.0,0.0,0.0,0.0,0.0
1,0,1.0,0.0,0.0,0.0,0.0,0.0,0.0,0.0,0.0,0.0,0.0
1,0,1.0,0.0,0.0,0.0,0.0,0.0,0.0,0.0,0.0,0.0,0.0
1,0,1.0,0.0,0.0,0.0,0.0,0.0,0.0,0.0,0.0,0.0,0.0
1,0,1.0,0.0,0.0,0.0,0.0,0.0,0.0,0.0,0.0,0.0,0.0
1,0,1.0,0.0,0.0,0.0,0.0,0.0,0.0,0.0,0.0,0.0,0.0
1,0,1.0,0.0,0.0,0.0,0.0,0.0,0.0,0.0,0.0,0.0,0.0
1,0,1.0,0.0,0.0,0.0,0.0,0.0,0.0,0.0,0.0,0.0,0.0
1,0,1.0,0.0,0.0,0.0,0.0,0.0,0.0,0.0,0.0,0.0,0.0
1,0,1.0,0.0,0.0,0.0,0.0,0.0,0.0,0.0,0.0,0.0,0.0
1,0,1.0,0.0,0.0,0.0,0.0,0.0,0.0,0.0,0.0,0.0,0.0
1,0,1.0,0.0,0.0,0.0,0.0,0.0,0.0,0.0,0.0,0.0,0.0
1,0,1.0,0.0,0.0,0.0,0.0,0.0,0.0,0.0,0.0,0.0,0.0
1,0,1.0,0.0,0.0,0.0,0.0,0.0,0.0,0.0,0.0,0.0,0.0
1,0,1.0,0.0,0.0,0.0,0.0,0.0,0.0,0.0,0.0,0.0,0.0
1,0,1.0,0.0,0.0,0.0,0.0,0.0,0.0,0.0,0.0,0.0,0.0
1,0,1.0,0.0,0.0,0.0,0.0,0.0,0.0,0.0,0.0,0.0,0.0
1,0,1.0,0.0,0.0,0.0,0.0,0.0,0.0,0.0,0.0,0.0,0.0
1,0,1.0,0.0,0.0,0.0,0.0,0.0,0.0,0.0,0.0,0.0,0.0
1,0,1.0,0.0,0.0,0.0,0.0,0.0,0.0,0.0,0.0,0.0,0.0
1,0,1.0,0.0,0.0,0.0,0.0,0.0,0.0,0.0,0.0,0.0,0.0
1,0,1.0,0.0,0.0,0.0,0.0,0.0,0.0,0.0,0.0,0.0,0.0
1,0,1.0,0.0,0.0,0.0,0.0,0.0,0.0,0.0,0.0,0.0,0.0
1,0,1.0,0.0,0.0,0.0,0.0,0.0,0.0,0.0,0.0,0.0,0.0
1,0,1.0,0.0,0.0,0.0,0.0,0.0,0.0,0.0,0.0,0.0,0.0
1,0,1.0,0.0,0.0,0.0,0.0,0.0,0.0,0.0,0.0,0.0,0.0
1,0,1.0,0.0,0.0,0.0,0.0,0.0,0.0,0.0,0.0,0.0,0.0
1,0,1.0,0.0,0.0,0.0,0.0,0.0,0.0,0.0,0.0,0.0,0.0
1,0,1.0,0.0,0.0,0.0,0.0,0.0,0.0,0.0,0.0,0.0,0.0
1,0,1.0,0.0,0.0,0.0,0.0,0.0,0.0,0.0,0.0,0.0,0.0
1,0,1.0,0.0,0.0,0.0,0.0,0.0,0.0,0.0,0.0,0.0,0.0
1,0,1.0,0.0,0.0,0.0,0.0,0.0,0.0,0.0,0.0,0.0,0.0
1,0,1.0,0.0,0.0,0.0,0.0,0.0,0.0,0.0,0.0,0.0,0.0
1,0,1.0,0.0,0.0,0.0,0.0,0.0,0.0,0.0,0.0,0.0,0.0
1,0,1.0,0.0,0.0,0.0,0.0,0.0,0.0,0.0,0.0,0.0,0.0
1,0,1.0,0.0,0.0,0.0,0.0,0.0,0.0,0.0,0.0,0.0,0.0
1,0,1.0,0.0,0.0,0.0,0.0,0.0,0.0,0.0,0.0,0.0,0.0
1,0,1.0,0.0,0.0,0.0,0.0,0.0,0.0,0.0,0.0,0.0,0.0
1,0,1.0,0.0,0.0,0.0,0.0,0.0,0.0,0.0,0.0,0.0,0.0
1,0,1.0,0.0,0.0,0.0,0.0,0.0,0.0,0.0,0.0,0.0,0.0
1,0,1.0,0.0,0.0,0.0,0.0,0.0,0.0,0.0,0.0,0.0,0.0
1,0,1.0,0.0,0.0,0.0,0.0,0.0,0.0,0.0,0.0,0.0,0.0
1,0,1.0,0.0,0.0,0.0,0.0,0.0,0.0,0.0,0.0,0.0,0.0
1,0,1.0,0.0,0.0,0.0,0.0,0.0,0.0,0.0,0.0,0.0,0.0
1,0,1.0,0.0,0.0,0.0,0.0,0.0,0.0,0.0,0.0,0.0,0.0
1,0,1.0,0.0,0.0,0.0,0.0,0.0,0.0,0.0,0.0,0.0,0.0
1,0,1.0,0.0,0.0,0.0,0.0,0.0,0.0,0.0,0.0,0.0,0.0
1,0,1.0,0.0,0.0,0.0,0.0,0.0,0.0,0.0,0.0,0.0,0.0
1,0,1.0,0.0,0.0,0.0,0.0,0.0,0.0,0.0,0.0,0.0,0.0
1,0,1.0,0.0,0.0,0.0,0.0,0.0,0.0,0.0,0.0,0.0,0.0
1,0,1.0,0.0,0.0,0.0,0.0,0.0,0.0,0.0,0.0,0.0,0.0
1,0,1.0,0.0,0.0,0.0,0.0,0.0,0.0,0.0,0.0,0.0,0.0
1,0,1.0,0.0,0.0,0.0,0.0,0.0,0.0,0.0,0.0,0.0,0.0
1,0,1.0,0.0,0.0,0.0,0.0,0.0,0.0,0.0,0.0,0.0,0.0
1,0,1.0,0.0,0.0,0.0,0.0,0.0,0.0,0.0,0.0,0.0,0.0
1,0,1.0,0.0,0.0,0.0,0.0,0.0,0.0,0.0,0.0,0.0,0.0
1,0,1.0,0.0,0.0,0.0,0.0,0.0,0.0,0.0,0.0,0.0,0.0
1,0,1.0,0.0,0.0,0.0,0.0,0.0,0.0,0.0,0.0,0.0,0.0
1,0,1.0,0.0,0.0,0.0,0.0,0.0,0.0,0.0,0.0,0.0,0.0
1,0,1.0,0.0,0.0,0.0,0.0,0.0,0.0,0.0,0.0,0.0,0.0
1,0,1.0,0.0,0.0,0.0,0.0,0.0,0.0,0.0,0.0,0.0,0.0
1,0,1.0,0.0,0.0,0.0,0.0,0.0,0.0,0.0,0.0,0.0,0.0
1,0,1.0,0.0,0.0,0.0,0.0,0.0,0.0,0.0,0.0,0.0,0.0
1,0,1.0,0.0,0.0,0.0,0.0,0.0,0.0,0.0,0.0,0.0,0.0
1,0,1.0,0.0,0.0,0.0,0.0,0.0,0.0,0.0,0.0,0.0,0.0
1,0,1.0,0.0,0.0,0.0,0.0,0.0,0.0,0.0,0.0,0.0,0.0
1,0,1.0,0.0,0.0,0.0,0.0,0.0,0.0,0.0,0.0,0.0,0.0
1,0,1.0,0.0,0.0,0.0,0.0,0.0,0.0,0.0,0.0,0.0,0.0
1,0,1.0,0.0,0.0,0.0,0.0,0.0,0.0,0.0,0.0,0.0,0.0
1,0,1.0,0.0,0.0,0.0,0.0,0.0,0.0,0.0,0.0,0.0,0.0
1,0,1.0,0.0,0.0,0.0,0.0,0.0,0.0,0.0,0.0,0.0,0.0
1,0,1.0,0.0,0.0,0.0,0.0,0.0,0.0,0.0,0.0,0.0,0.0
1,0,1.0,0.0,0.0,0.0,0.0,0.0,0.0,0.0,0.0,0.0,0.0
1,0,1.0,0.0,0.0,0.0,0.0,0.0,0.0,0.0,0.0,0.0,0.0
1,0,1.0,0.0,0.0,0.0,0.0,0.0,0.0,0.0,0.0,0.0,0.0
1,0,1.0,0.0,0.0,0.0,0.0,0.0,0.0,0.0,0.0,0.0,0.0
1,0,1.0,0.0,0.0,0.0,0.0,0.0,0.0,0.0,0.0,0.0,0.0
1,0,1.0,0.0,0.0,0.0,0.0,0.0,0.0,0.0,0.0,0.0,0.0
1,0,1.0,0.0,0.0,0.0,0.0,0.0,0.0,0.0,0.0,0.0,0.0
1,0,1.0,0.0,0.0,0.0,0.0,0.0,0.0,0.0,0.0,0.0,0.0
1,0,1.0,0.0,0.0,0.0,0.0,0.0,0.0,0.0,0.0,0.0,0.0
1,0,1.0,0.0,0.0,0.0,0.0,0.0,0.0,0.0,0.0,0.0,0.0
1,0,1.0,0.0,0.0,0.0,0.0,0.0,0.0,0.0,0.0,0.0,0.0
1,0,1.0,0.0,0.0,0.0,0.0,0.0,0.0,0.0,0.0,0.0,0.0
1,0,1.0,0.0,0.0,0.0,0.0,0.0,0.0,0.0,0.0,0.0,0.0
1,0,1.0,0.0,0.0,0.0,0.0,0.0,0.0,0.0,0.0,0.0,0.0
1,0,1.0,0.0,0.0,0.0,0.0,0.0,0.0,0.0,0.0,0.0,0.0
1,0,1.0,0.0,0.0,0.0,0.0,0.0,0.0,0.0,0.0,0.0,0.0
1,0,1.0,0.0,0.0,0.0,0.0,0.0,0.0,0.0,0.0,0.0,0.0
1,0,1.0,0.0,0.0,0.0,0.0,0.0,0.0,0.0,0.0,0.0,0.0
1,0,1.0,0.0,0.0,0.0,0.0,0.0,0.0,0.0,0.0,0.0,0.0
1,0,1.0,0.0,0.0,0.0,0.0,0.0,0.0,0.0,0.0,0.0,0.0
1,0,1.0,0.0,0.0,0.0,0.0,0.0,0.0,0.0,0.0,0.0,0.0
1,0,1.0,0.0,0.0,0.0,0.0,0.0,0.0,0.0,0.0,0.0,0.0
1,0,1.0,0.0,0.0,0.0,0.0,0.0,0.0,0.0,0.0,0.0,0.0
1,0,1.0,0.0,0.0,0.0,0.0,0.0,0.0,0.0,0.0,0.0,0.0
1,0,1.0,0.0,0.0,0.0,0.0,0.0,0.0,0.0,0.0,0.0,0.0
1,0,1.0,0.0,0.0,0.0,0.0,0.0,0.0,0.0,0.0,0.0,0.0
1,0,1.0,0.0,0.0,0.0,0.0,0.0,0.0,0.0,0.0,0.0,0.0
1,0,1.0,0.0,0.0,0.0,0.0,0.0,0.0,0.0,0.0,0.0,0.0
1,0,1.0,0.0,0.0,0.0,0.0,0.0,0.0,0.0,0.0,0.0,0.0
1,0,1.0,0.0,0.0,0.0,0.0,0.0,0.0,0.0,0.0,0.0,0.0
1,0,1.0,0.0,0.0,0.0,0.0,0.0,0.0,0.0,0.0,0.0,0.0
1,0,1.0,0.0,0.0,0.0,0.0,0.0,0.0,0.0,0.0,0.0,0.0
1,0,1.0,0.0,0.0,0.0,0.0,0.0,0.0,0.0,0.0,0.0,0.0
1,0,1.0,0.0,0.0,0.0,0.0,0.0,0.0,0.0,0.0,0.0,0.0
1,0,1.0,0.0,0.0,0.0,0.0,0.0,0.0,0.0,0.0,0.0,0.0
1,0,1.0,0.0,0.0,0.0,0.0,0.0,0.0,0.0,0.0,0.0,0.0
1,0,1.0,0.0,0.0,0.0,0.0,0.0,0.0,0.0,0.0,0.0,0.0
1,0,1.0,0.0,0.0,0.0,0.0,0.0,0.0,0.0,0.0,0.0,0.0
1,0,1.0,0.0,0.0,0.0,0.0,0.0,0.0,0.0,0.0,0.0,0.0
1,0,1.0,0.0,0.0,0.0,0.0,0.0,0.0,0.0,0.0,0.0,0.0
1,0,1.0,0.0,0.0,0.0,0.0,0.0,0.0,0.0,0.0,0.0,0.0
1,0,1.0,0.0,0.0,0.0,0.0,0.0,0.0,0.0,0.0,0.0,0.0
1,0,1.0,0.0,0.0,0.0,0.0,0.0,0.0,0.0,0.0,0.0,0.0
1,0,1.0,0.0,0.0,0.0,0.0,0.0,0.0,0.0,0.0,0.0,0.0
1,0,1.0,0.0,0.0,0.0,0.0,0.0,0.0,0.0,0.0,0.0,0.0
1,0,1.0,0.0,0.0,0.0,0.0,0.0,0.0,0.0,0.0,0.0,0.0
1,0,1.0,0.0,0.0,0.0,0.0,0.0,0.0,0.0,0.0,0.0,0.0
1,0,1.0,0.0,0.0,0.0,0.0,0.0,0.0,0.0,0.0,0.0,0.0
1,0,1.0,0.0,0.0,0.0,0.0,0.0,0.0,0.0,0.0,0.0,0.0
1,0,1.0,0.0,0.0,0.0,0.0,0.0,0.0,0.0,0.0,0.0,0.0
1,0,1.0,0.0,0.0,0.0,0.0,0.0,0.0,0.0,0.0,0.0,0.0
1,0,1.0,0.0,0.0,0.0,0.0,0.0,0.0,0.0,0.0,0.0,0.0
1,0,1.0,0.0,0.0,0.0,0.0,0.0,0.0,0.0,0.0,0.0,0.0
1,0,1.0,0.0,0.0,0.0,0.0,0.0,0.0,0.0,0.0,0.0,0.0
1,0,1.0,0.0,0.0,0.0,0.0,0.0,0.0,0.0,0.0,0.0,0.0
1,0,1.0,0.0,0.0,0.0,0.0,0.0,0.0,0.0,0.0,0.0,0.0
1,0,1.0,0.0,0.0,0.0,0.0,0.0,0.0,0.0,0.0,0.0,0.0
1,0,1.0,0.0,0.0,0.0,0.0,0.0,0.0,0.0,0.0,0.0,0.0
1,0,1.0,0.0,0.0,0.0,0.0,0.0,0.0,0.0,0.0,0.0,0.0
1,0,1.0,0.0,0.0,0.0,0.0,0.0,0.0,0.0,0.0,0.0,0.0
1,0,1.0,0.0,0.0,0.0,0.0,0.0,0.0,0.0,0.0,0.0,0.0
1,0,1.0,0.0,0.0,0.0,0.0,0.0,0.0,0.0,0.0,0.0,0.0
1,0,1.0,0.0,0.0,0.0,0.0,0.0,0.0,0.0,0.0,0.0,0.0
1,0,1.0,0.0,0.0,0.0,0.0,0.0,0.0,0.0,0.0,0.0,0.0
1,0,1.0,0.0,0.0,0.0,0.0,0.0,0.0,0.0,0.0,0.0,0.0
1,0,1.0,0.0,0.0,0.0,0.0,0.0,0.0,0.0,0.0,0.0,0.0
1,0,1.0,0.0,0.0,0.0,0.0,0.0,0.0,0.0,0.0,0.0,0.0
1,0,1.0,0.0,0.0,0.0,0.0,0.0,0.0,0.0,0.0,0.0,0.0
1,0,1.0,0.0,0.0,0.0,0.0,0.0,0.0,0.0,0.0,0.0,0.0
1,0,1.0,0.0,0.0,0.0,0.0,0.0,0.0,0.0,0.0,0.0,0.0
1,0,1.0,0.0,0.0,0.0,0.0,0.0,0.0,0.0,0.0,0.0,0.0
1,0,1.0,0.0,0.0,0.0,0.0,0.0,0.0,0.0,0.0,0.0,0.0
1,0,1.0,0.0,0.0,0.0,0.0,0.0,0.0,0.0,0.0,0.0,0.0
1,0,1.0,0.0,0.0,0.0,0.0,0.0,0.0,0.0,0.0,0.0,0.0
1,0,1.0,0.0,0.0,0.0,0.0,0.0,0.0,0.0,0.0,0.0,0.0
1,0,1.0,0.0,0.0,0.0,0.0,0.0,0.0,0.0,0.0,0.0,0.0
1,0,1.0,0.0,0.0,0.0,0.0,0.0,0.0,0.0,0.0,0.0,0.0
1,0,1.0,0.0,0.0,0.0,0.0,0.0,0.0,0.0,0.0,0.0,0.0
1,0,1.0,0.0,0.0,0.0,0.0,0.0,0.0,0.0,0.0,0.0,0.0
1,0,1.0,0.0,0.0,0.0,0.0,0.0,0.0,0.0,0.0,0.0,0.0
1,0,1.0,0.0,0.0,0.0,0.0,0.0,0.0,0.0,0.0,0.0,0.0
1,0,1.0,0.0,0.0,0.0,0.0,0.0,0.0,0.0,0.0,0.0,0.0
1,0,1.0,0.0,0.0,0.0,0.0,0.0,0.0,0.0,0.0,0.0,0.0
1,0,1.0,0.0,0.0,0.0,0.0,0.0,0.0,0.0,0.0,0.0,0.0
1,0,1.0,0.0,0.0,0.0,0.0,0.0,0.0,0.0,0.0,0.0,0.0
1,0,1.0,0.0,0.0,0.0,0.0,0.0,0.0,0.0,0.0,0.0,0.0
1,0,1.0,0.0,0.0,0.0,0.0,0.0,0.0,0.0,0.0,0.0,0.0
1,0,1.0,0.0,0.0,0.0,0.0,0.0,0.0,0.0,0.0,0.0,0.0
1,0,1.0,0.0,0.0,0.0,0.0,0.0,0.0,0.0,0.0,0.0,0.0
1,0,1.0,0.0,0.0,0.0,0.0,0.0,0.0,0.0,0.0,0.0,0.0
1,0,1.0,0.0,0.0,0.0,0.0,0.0,0.0,0.0,0.0,0.0,0.0
1,0,1.0,0.0,0.0,0.0,0.0,0.0,0.0,0.0,0.0,0.0,0.0
1,0,1.0,0.0,0.0,0.0,0.0,0.0,0.0,0.0,0.0,0.0,0.0
1,0,1.0,0.0,0.0,0.0,0.0,0.0,0.0,0.0,0.0,0.0,0.0
1,0,1.0,0.0,0.0,0.0,0.0,0.0,0.0,0.0,0.0,0.0,0.0
1,0,1.0,0.0,0.0,0.0,0.0,0.0,0.0,0.0,0.0,0.0,0.0
1,0,1.0,0.0,0.0,0.0,0.0,0.0,0.0,0.0,0.0,0.0,0.0
1,0,1.0,0.0,0.0,0.0,0.0,0.0,0.0,0.0,0.0,0.0,0.0
1,0,1.0,0.0,0.0,0.0,0.0,0.0,0.0,0.0,0.0,0.0,0.0
1,0,1.0,0.0,0.0,0.0,0.0,0.0,0.0,0.0,0.0,0.0,0.0
1,0,1.0,0.0,0.0,0.0,0.0,0.0,0.0,0.0,0.0,0.0,0.0
1,0,1.0,0.0,0.0,0.0,0.0,0.0,0.0,0.0,0.0,0.0,0.0
1,0,1.0,0.0,0.0,0.0,0.0,0.0,0.0,0.0,0.0,0.0,0.0
1,0,1.0,0.0,0.0,0.0,0.0,0.0,0.0,0.0,0.0,0.0,0.0
1,0,1.0,0.0,0.0,0.0,0.0,0.0,0.0,0.0,0.0,0.0,0.0
1,0,1.0,0.0,0.0,0.0,0.0,0.0,0.0,0.0,0.0,0.0,0.0
1,0,1.0,0.0,0.0,0.0,0.0,0.0,0.0,0.0,0.0,0.0,0.0
1,0,1.0,0.0,0.0,0.0,0.0,0.0,0.0,0.0,0.0,0.0,0.0
1,0,1.0,0.0,0.0,0.0,0.0,0.0,0.0,0.0,0.0,0.0,0.0
1,0,1.0,0.0,0.0,0.0,0.0,0.0,0.0,0.0,0.0,0.0,0.0
1,0,1.0,0.0,0.0,0.0,0.0,0.0,0.0,0.0,0.0,0.0,0.0
1,0,1.0,0.0,0.0,0.0,0.0,0.0,0.0,0.0,0.0,0.0,0.0
1,0,1.0,0.0,0.0,0.0,0.0,0.0,0.0,0.0,0.0,0.0,0.0
1,0,1.0,0.0,0.0,0.0,0.0,0.0,0.0,0.0,0.0,0.0,0.0
1,0,1.0,0.0,0.0,0.0,0.0,0.0,0.0,0.0,0.0,0.0,0.0
1,0,1.0,0.0,0.0,0.0,0.0,0.0,0.0,0.0,0.0,0.0,0.0
1,0,1.0,0.0,0.0,0.0,0.0,0.0,0.0,0.0,0.0,0.0,0.0
1,0,1.0,0.0,0.0,0.0,0.0,0.0,0.0,0.0,0.0,0.0,0.0
1,0,1.0,0.0,0.0,0.0,0.0,0.0,0.0,0.0,0.0,0.0,0.0
1,0,1.0,0.0,0.0,0.0,0.0,0.0,0.0,0.0,0.0,0.0,0.0
1,0,1.0,0.0,0.0,0.0,0.0,0.0,0.0,0.0,0.0,0.0,0.0
1,0,1.0,0.0,0.0,0.0,0.0,0.0,0.0,0.0,0.0,0.0,0.0
1,0,1.0,0.0,0.0,0.0,0.0,0.0,0.0,0.0,0.0,0.0,0.0
1,0,1.0,0.0,0.0,0.0,0.0,0.0,0.0,0.0,0.0,0.0,0.0
1,0,1.0,0.0,0.0,0.0,0.0,0.0,0.0,0.0,0.0,0.0,0.0
1,0,1.0,0.0,0.0,0.0,0.0,0.0,0.0,0.0,0.0,0.0,0.0
1,0,1.0,0.0,0.0,0.0,0.0,0.0,0.0,0.0,0.0,0.0,0.0
1,0,1.0,0.0,0.0,0.0,0.0,0.0,0.0,0.0,0.0,0.0,0.0
1,0,1.0,0.0,0.0,0.0,0.0,0.0,0.0,0.0,0.0,0.0,0.0
1,0,1.0,0.0,0.0,0.0,0.0,0.0,0.0,0.0,0.0,0.0,0.0
1,0,1.0,0.0,0.0,0.0,0.0,0.0,0.0,0.0,0.0,0.0,0.0
1,0,1.0,0.0,0.0,0.0,0.0,0.0,0.0,0.0,0.0,0.0,0.0
1,0,1.0,0.0,0.0,0.0,0.0,0.0,0.0,0.0,0.0,0.0,0.0
1,0,1.0,0.0,0.0,0.0,0.0,0.0,0.0,0.0,0.0,0.0,0.0
1,0,1.0,0.0,0.0,0.0,0.0,0.0,0.0,0.0,0.0,0.0,0.0
1,0,1.0,0.0,0.0,0.0,0.0,0.0,0.0,0.0,0.0,0.0,0.0
1,0,1.0,0.0,0.0,0.0,0.0,0.0,0.0,0.0,0.0,0.0,0.0
1,0,1.0,0.0,0.0,0.0,0.0,0.0,0.0,0.0,0.0,0.0,0.0
1,0,1.0,0.0,0.0,0.0,0.0,0.0,0.0,0.0,0.0,0.0,0.0
1,0,1.0,0.0,0.0,0.0,0.0,0.0,0.0,0.0,0.0,0.0,0.0
1,0,1.0,0.0,0.0,0.0,0.0,0.0,0.0,0.0,0.0,0.0,0.0
1,0,1.0,0.0,0.0,0.0,0.0,0.0,0.0,0.0,0.0,0.0,0.0
1,0,1.0,0.0,0.0,0.0,0.0,0.0,0.0,0.0,0.0,0.0,0.0
1,0,1.0,0.0,0.0,0.0,0.0,0.0,0.0,0.0,0.0,0.0,0.0
1,0,1.0,0.0,0.0,0.0,0.0,0.0,0.0,0.0,0.0,0.0,0.0
1,0,1.0,0.0,0.0,0.0,0.0,0.0,0.0,0.0,0.0,0.0,0.0
1,0,1.0,0.0,0.0,0.0,0.0,0.0,0.0,0.0,0.0,0.0,0.0
1,0,1.0,0.0,0.0,0.0,0.0,0.0,0.0,0.0,0.0,0.0,0.0
1,0,1.0,0.0,0.0,0.0,0.0,0.0,0.0,0.0,0.0,0.0,0.0
1,0,1.0,0.0,0.0,0.0,0.0,0.0,0.0,0.0,0.0,0.0,0.0
1,0,1.0,0.0,0.0,0.0,0.0,0.0,0.0,0.0,0.0,0.0,0.0
1,0,1.0,0.0,0.0,0.0,0.0,0.0,0.0,0.0,0.0,0.0,0.0
1,0,1.0,0.0,0.0,0.0,0.0,0.0,0.0,0.0,0.0,0.0,0.0
1,0,1.0,0.0,0.0,0.0,0.0,0.0,0.0,0.0,0.0,0.0,0.0
1,0,1.0,0.0,0.0,0.0,0.0,0.0,0.0,0.0,0.0,0.0,0.0
1,0,1.0,0.0,0.0,0.0,0.0,0.0,0.0,0.0,0.0,0.0,0.0
1,0,1.0,0.0,0.0,0.0,0.0,0.0,0.0,0.0,0.0,0.0,0.0
1,0,1.0,0.0,0.0,0.0,0.0,0.0,0.0,0.0,0.0,0.0,0.0
1,0,1.0,0.0,0.0,0.0,0.0,0.0,0.0,0.0,0.0,0.0,0.0
1,0,1.0,0.0,0.0,0.0,0.0,0.0,0.0,0.0,0.0,0.0,0.0
1,0,1.0,0.0,0.0,0.0,0.0,0.0,0.0,0.0,0.0,0.0,0.0
1,0,1.0,0.0,0.0,0.0,0.0,0.0,0.0,0.0,0.0,0.0,0.0
1,0,1.0,0.0,0.0,0.0,0.0,0.0,0.0,0.0,0.0,0.0,0.0
1,0,1.0,0.0,0.0,0.0,0.0,0.0,0.0,0.0,0.0,0.0,0.0
1,0,1.0,0.0,0.0,0.0,0.0,0.0,0.0,0.0,0.0,0.0,0.0
1,0,1.0,0.0,0.0,0.0,0.0,0.0,0.0,0.0,0.0,0.0,0.0
1,0,1.0,0.0,0.0,0.0,0.0,0.0,0.0,0.0,0.0,0.0,0.0
1,0,1.0,0.0,0.0,0.0,0.0,0.0,0.0,0.0,0.0,0.0,0.0
1,0,1.0,0.0,0.0,0.0,0.0,0.0,0.0,0.0,0.0,0.0,0.0
1,0,1.0,0.0,0.0,0.0,0.0,0.0,0.0,0.0,0.0,0.0,0.0
1,0,1.0,0.0,0.0,0.0,0.0,0.0,0.0,0.0,0.0,0.0,0.0
1,0,1.0,0.0,0.0,0.0,0.0,0.0,0.0,0.0,0.0,0.0,0.0
1,0,1.0,0.0,0.0,0.0,0.0,0.0,0.0,0.0,0.0,0.0,0.0
1,0,1.0,0.0,0.0,0.0,0.0,0.0,0.0,0.0,0.0,0.0,0.0
1,0,1.0,0.0,0.0,0.0,0.0,0.0,0.0,0.0,0.0,0.0,0.0
1,0,1.0,0.0,0.0,0.0,0.0,0.0,0.0,0.0,0.0,0.0,0.0
1,0,1.0,0.0,0.0,0.0,0.0,0.0,0.0,0.0,0.0,0.0,0.0
1,0,1.0,0.0,0.0,0.0,0.0,0.0,0.0,0.0,0.0,0.0,0.0
1,0,1.0,0.0,0.0,0.0,0.0,0.0,0.0,0.0,0.0,0.0,0.0
1,0,1.0,0.0,0.0,0.0,0.0,0.0,0.0,0.0,0.0,0.0,0.0
1,0,1.0,0.0,0.0,0.0,0.0,0.0,0.0,0.0,0.0,0.0,0.0
1,0,1.0,0.0,0.0,0.0,0.0,0.0,0.0,0.0,0.0,0.0,0.0
1,0,1.0,0.0,0.0,0.0,0.0,0.0,0.0,0.0,0.0,0.0,0.0
1,0,1.0,0.0,0.0,0.0,0.0,0.0,0.0,0.0,0.0,0.0,0.0
1,0,1.0,0.0,0.0,0.0,0.0,0.0,0.0,0.0,0.0,0.0,0.0
1,0,1.0,0.0,0.0,0.0,0.0,0.0,0.0,0.0,0.0,0.0,0.0
1,0,1.0,0.0,0.0,0.0,0.0,0.0,0.0,0.0,0.0,0.0,0.0
1,0,1.0,0.0,0.0,0.0,0.0,0.0,0.0,0.0,0.0,0.0,0.0
1,0,1.0,0.0,0.0,0.0,0.0,0.0,0.0,0.0,0.0,0.0,0.0
1,0,1.0,0.0,0.0,0.0,0.0,0.0,0.0,0.0,0.0,0.0,0.0
1,0,1.0,0.0,0.0,0.0,0.0,0.0,0.0,0.0,0.0,0.0,0.0
1,0,1.0,0.0,0.0,0.0,0.0,0.0,0.0,0.0,0.0,0.0,0.0
1,0,1.0,0.0,0.0,0.0,0.0,0.0,0.0,0.0,0.0,0.0,0.0
1,0,1.0,0.0,0.0,0.0,0.0,0.0,0.0,0.0,0.0,0.0,0.0
1,0,1.0,0.0,0.0,0.0,0.0,0.0,0.0,0.0,0.0,0.0,0.0
1,0,1.0,0.0,0.0,0.0,0.0,0.0,0.0,0.0,0.0,0.0,0.0
1,0,1.0,0.0,0.0,0.0,0.0,0.0,0.0,0.0,0.0,0.0,0.0
1,0,1.0,0.0,0.0,0.0,0.0,0.0,0.0,0.0,0.0,0.0,0.0
1,0,1.0,0.0,0.0,0.0,0.0,0.0,0.0,0.0,0.0,0.0,0.0
1,0,1.0,0.0,0.0,0.0,0.0,0.0,0.0,0.0,0.0,0.0,0.0
1,0,1.0,0.0,0.0,0.0,0.0,0.0,0.0,0.0,0.0,0.0,0.0
1,0,1.0,0.0,0.0,0.0,0.0,0.0,0.0,0.0,0.0,0.0,0.0
1,0,1.0,0.0,0.0,0.0,0.0,0.0,0.0,0.0,0.0,0.0,0.0
1,0,1.0,0.0,0.0,0.0,0.0,0.0,0.0,0.0,0.0,0.0,0.0
1,0,1.0,0.0,0.0,0.0,0.0,0.0,0.0,0.0,0.0,0.0,0.0
1,0,1.0,0.0,0.0,0.0,0.0,0.0,0.0,0.0,0.0,0.0,0.0
1,0,1.0,0.0,0.0,0.0,0.0,0.0,0.0,0.0,0.0,0.0,0.0
1,0,1.0,0.0,0.0,0.0,0.0,0.0,0.0,0.0,0.0,0.0,0.0
1,0,1.0,0.0,0.0,0.0,0.0,0.0,0.0,0.0,0.0,0.0,0.0
1,0,1.0,0.0,0.0,0.0,0.0,0.0,0.0,0.0,0.0,0.0,0.0
1,0,1.0,0.0,0.0,0.0,0.0,0.0,0.0,0.0,0.0,0.0,0.0
1,0,1.0,0.0,0.0,0.0,0.0,0.0,0.0,0.0,0.0,0.0,0.0
1,0,1.0,0.0,0.0,0.0,0.0,0.0,0.0,0.0,0.0,0.0,0.0
1,0,1.0,0.0,0.0,0.0,0.0,0.0,0.0,0.0,0.0,0.0,0.0
1,0,1.0,0.0,0.0,0.0,0.0,0.0,0.0,0.0,0.0,0.0,0.0
1,0,1.0,0.0,0.0,0.0,0.0,0.0,0.0,0.0,0.0,0.0,0.0
1,0,1.0,0.0,0.0,0.0,0.0,0.0,0.0,0.0,0.0,0.0,0.0
1,0,1.0,0.0,0.0,0.0,0.0,0.0,0.0,0.0,0.0,0.0,0.0
1,0,1.0,0.0,0.0,0.0,0.0,0.0,0.0,0.0,0.0,0.0,0.0
1,0,1.0,0.0,0.0,0.0,0.0,0.0,0.0,0.0,0.0,0.0,0.0
1,0,1.0,0.0,0.0,0.0,0.0,0.0,0.0,0.0,0.0,0.0,0.0
1,0,1.0,0.0,0.0,0.0,0.0,0.0,0.0,0.0,0.0,0.0,0.0
1,0,1.0,0.0,0.0,0.0,0.0,0.0,0.0,0.0,0.0,0.0,0.0
1,0,1.0,0.0,0.0,0.0,0.0,0.0,0.0,0.0,0.0,0.0,0.0
1,0,1.0,0.0,0.0,0.0,0.0,0.0,0.0,0.0,0.0,0.0,0.0
1,0,1.0,0.0,0.0,0.0,0.0,0.0,0.0,0.0,0.0,0.0,0.0
1,0,1.0,0.0,0.0,0.0,0.0,0.0,0.0,0.0,0.0,0.0,0.0
1,0,1.0,0.0,0.0,0.0,0.0,0.0,0.0,0.0,0.0,0.0,0.0
1,0,1.0,0.0,0.0,0.0,0.0,0.0,0.0,0.0,0.0,0.0,0.0
1,0,1.0,0.0,0.0,0.0,0.0,0.0,0.0,0.0,0.0,0.0,0.0
1,0,1.0,0.0,0.0,0.0,0.0,0.0,0.0,0.0,0.0,0.0,0.0
1,0,1.0,0.0,0.0,0.0,0.0,0.0,0.0,0.0,0.0,0.0,0.0
1,0,1.0,0.0,0.0,0.0,0.0,0.0,0.0,0.0,0.0,0.0,0.0
1,0,1.0,0.0,0.0,0.0,0.0,0.0,0.0,0.0,0.0,0.0,0.0
1,0,1.0,0.0,0.0,0.0,0.0,0.0,0.0,0.0,0.0,0.0,0.0
1,0,1.0,0.0,0.0,0.0,0.0,0.0,0.0,0.0,0.0,0.0,0.0
1,0,1.0,0.0,0.0,0.0,0.0,0.0,0.0,0.0,0.0,0.0,0.0
1,0,1.0,0.0,0.0,0.0,0.0,0.0,0.0,0.0,0.0,0.0,0.0
1,0,1.0,0.0,0.0,0.0,0.0,0.0,0.0,0.0,0.0,0.0,0.0
1,0,1.0,0.0,0.0,0.0,0.0,0.0,0.0,0.0,0.0,0.0,0.0
1,0,1.0,0.0,0.0,0.0,0.0,0.0,0.0,0.0,0.0,0.0,0.0
1,0,1.0,0.0,0.0,0.0,0.0,0.0,0.0,0.0,0.0,0.0,0.0
1,0,1.0,0.0,0.0,0.0,0.0,0.0,0.0,0.0,0.0,0.0,0.0
1,0,1.0,0.0,0.0,0.0,0.0,0.0,0.0,0.0,0.0,0.0,0.0
1,0,1.0,0.0,0.0,0.0,0.0,0.0,0.0,0.0,0.0,0.0,0.0
1,0,1.0,0.0,0.0,0.0,0.0,0.0,0.0,0.0,0.0,0.0,0.0
1,0,1.0,0.0,0.0,0.0,0.0,0.0,0.0,0.0,0.0,0.0,0.0
1,0,1.0,0.0,0.0,0.0,0.0,0.0,0.0,0.0,0.0,0.0,0.0
1,0,1.0,0.0,0.0,0.0,0.0,0.0,0.0,0.0,0.0,0.0,0.0
1,0,1.0,0.0,0.0,0.0,0.0,0.0,0.0,0.0,0.0,0.0,0.0
1,0,1.0,0.0,0.0,0.0,0.0,0.0,0.0,0.0,0.0,0.0,0.0
1,0,1.0,0.0,0.0,0.0,0.0,0.0,0.0,0.0,0.0,0.0,0.0
1,0,1.0,0.0,0.0,0.0,0.0,0.0,0.0,0.0,0.0,0.0,0.0
1,0,1.0,0.0,0.0,0.0,0.0,0.0,0.0,0.0,0.0,0.0,0.0
1,0,1.0,0.0,0.0,0.0,0.0,0.0,0.0,0.0,0.0,0.0,0.0
1,0,1.0,0.0,0.0,0.0,0.0,0.0,0.0,0.0,0.0,0.0,0.0
1,0,1.0,0.0,0.0,0.0,0.0,0.0,0.0,0.0,0.0,0.0,0.0
1,0,1.0,0.0,0.0,0.0,0.0,0.0,0.0,0.0,0.0,0.0,0.0
1,0,1.0,0.0,0.0,0.0,0.0,0.0,0.0,0.0,0.0,0.0,0.0
1,0,1.0,0.0,0.0,0.0,0.0,0.0,0.0,0.0,0.0,0.0,0.0
1,0,1.0,0.0,0.0,0.0,0.0,0.0,0.0,0.0,0.0,0.0,0.0
1,0,1.0,0.0,0.0,0.0,0.0,0.0,0.0,0.0,0.0,0.0,0.0
1,0,1.0,0.0,0.0,0.0,0.0,0.0,0.0,0.0,0.0,0.0,0.0
1,0,1.0,0.0,0.0,0.0,0.0,0.0,0.0,0.0,0.0,0.0,0.0
1,0,1.0,0.0,0.0,0.0,0.0,0.0,0.0,0.0,0.0,0.0,0.0
1,0,1.0,0.0,0.0,0.0,0.0,0.0,0.0,0.0,0.0,0.0,0.0
1,0,1.0,0.0,0.0,0.0,0.0,0.0,0.0,0.0,0.0,0.0,0.0
1,0,1.0,0.0,0.0,0.0,0.0,0.0,0.0,0.0,0.0,0.0,0.0
1,0,1.0,0.0,0.0,0.0,0.0,0.0,0.0,0.0,0.0,0.0,0.0
1,0,1.0,0.0,0.0,0.0,0.0,0.0,0.0,0.0,0.0,0.0,0.0
1,0,1.0,0.0,0.0,0.0,0.0,0.0,0.0,0.0,0.0,0.0,0.0
1,0,1.0,0.0,0.0,0.0,0.0,0.0,0.0,0.0,0.0,0.0,0.0
1,0,1.0,0.0,0.0,0.0,0.0,0.0,0.0,0.0,0.0,0.0,0.0
1,0,1.0,0.0,0.0,0.0,0.0,0.0,0.0,0.0,0.0,0.0,0.0
1,0,1.0,0.0,0.0,0.0,0.0,0.0,0.0,0.0,0.0,0.0,0.0
1,0,1.0,0.0,0.0,0.0,0.0,0.0,0.0,0.0,0.0,0.0,0.0
1,0,1.0,0.0,0.0,0.0,0.0,0.0,0.0,0.0,0.0,0.0,0.0
1,0,1.0,0.0,0.0,0.0,0.0,0.0,0.0,0.0,0.0,0.0,0.0
1,0,1.0,0.0,0.0,0.0,0.0,0.0,0.0,0.0,0.0,0.0,0.0
1,0,1.0,0.0,0.0,0.0,0.0,0.0,0.0,0.0,0.0,0.0,0.0
1,0,1.0,0.0,0.0,0.0,0.0,0.0,0.0,0.0,0.0,0.0,0.0
1,0,1.0,0.0,0.0,0.0,0.0,0.0,0.0,0.0,0.0,0.0,0.0
1,0,1.0,0.0,0.0,0.0,0.0,0.0,0.0,0.0,0.0,0.0,0.0
1,0,1.0,0.0,0.0,0.0,0.0,0.0,0.0,0.0,0.0,0.0,0.0
1,0,1.0,0.0,0.0,0.0,0.0,0.0,0.0,0.0,0.0,0.0,0.0
1,0,1.0,0.0,0.0,0.0,0.0,0.0,0.0,0.0,0.0,0.0,0.0
1,0,1.0,0.0,0.0,0.0,0.0,0.0,0.0,0.0,0.0,0.0,0.0
1,0,1.0,0.0,0.0,0.0,0.0,0.0,0.0,0.0,0.0,0.0,0.0
1,0,1.0,0.0,0.0,0.0,0.0,0.0,0.0,0.0,0.0,0.0,0.0
1,0,1.0,0.0,0.0,0.0,0.0,0.0,0.0,0.0,0.0,0.0,0.0
1,0,1.0,0.0,0.0,0.0,0.0,0.0,0.0,0.0,0.0,0.0,0.0
1,0,1.0,0.0,0.0,0.0,0.0,0.0,0.0,0.0,0.0,0.0,0.0
1,0,1.0,0.0,0.0,0.0,0.0,0.0,0.0,0.0,0.0,0.0,0.0
1,0,1.0,0.0,0.0,0.0,0.0,0.0,0.0,0.0,0.0,0.0,0.0
1,0,1.0,0.0,0.0,0.0,0.0,0.0,0.0,0.0,0.0,0.0,0.0
1,0,1.0,0.0,0.0,0.0,0.0,0.0,0.0,0.0,0.0,0.0,0.0
1,0,1.0,0.0,0.0,0.0,0.0,0.0,0.0,0.0,0.0,0.0,0.0
1,0,1.0,0.0,0.0,0.0,0.0,0.0,0.0,0.0,0.0,0.0,0.0
1,0,1.0,0.0,0.0,0.0,0.0,0.0,0.0,0.0,0.0,0.0,0.0
1,0,1.0,0.0,0.0,0.0,0.0,0.0,0.0,0.0,0.0,0.0,0.0
1,0,1.0,0.0,0.0,0.0,0.0,0.0,0.0,0.0,0.0,0.0,0.0
1,0,1.0,0.0,0.0,0.0,0.0,0.0,0.0,0.0,0.0,0.0,0.0
1,0,1.0,0.0,0.0,0.0,0.0,0.0,0.0,0.0,0.0,0.0,0.0
1,0,1.0,0.0,0.0,0.0,0.0,0.0,0.0,0.0,0.0,0.0,0.0
1,0,1.0,0.0,0.0,0.0,0.0,0.0,0.0,0.0,0.0,0.0,0.0
1,0,1.0,0.0,0.0,0.0,0.0,0.0,0.0,0.0,0.0,0.0,0.0
1,0,1.0,0.0,0.0,0.0,0.0,0.0,0.0,0.0,0.0,0.0,0.0
1,0,1.0,0.0,0.0,0.0,0.0,0.0,0.0,0.0,0.0,0.0,0.0
1,0,1.0,0.0,0.0,0.0,0.0,0.0,0.0,0.0,0.0,0.0,0.0
1,0,1.0,0.0,0.0,0.0,0.0,0.0,0.0,0.0,0.0,0.0,0.0
1,0,1.0,0.0,0.0,0.0,0.0,0.0,0.0,0.0,0.0,0.0,0.0
1,0,1.0,0.0,0.0,0.0,0.0,0.0,0.0,0.0,0.0,0.0,0.0
1,0,1.0,0.0,0.0,0.0,0.0,0.0,0.0,0.0,0.0,0.0,0.0
1,0,1.0,0.0,0.0,0.0,0.0,0.0,0.0,0.0,0.0,0.0,0.0
1,0,1.0,0.0,0.0,0.0,0.0,0.0,0.0,0.0,0.0,0.0,0.0
1,0,1.0,0.0,0.0,0.0,0.0,0.0,0.0,0.0,0.0,0.0,0.0
1,0,1.0,0.0,0.0,0.0,0.0,0.0,0.0,0.0,0.0,0.0,0.0
1,0,1.0,0.0,0.0,0.0,0.0,0.0,0.0,0.0,0.0,0.0,0.0
1,0,1.0,0.0,0.0,0.0,0.0,0.0,0.0,0.0,0.0,0.0,0.0
1,0,1.0,0.0,0.0,0.0,0.0,0.0,0.0,0.0,0.0,0.0,0.0
1,0,1.0,0.0,0.0,0.0,0.0,0.0,0.0,0.0,0.0,0.0,0.0
1,0,1.0,0.0,0.0,0.0,0.0,0.0,0.0,0.0,0.0,0.0,0.0
1,0,1.0,0.0,0.0,0.0,0.0,0.0,0.0,0.0,0.0,0.0,0.0
1,0,1.0,0.0,0.0,0.0,0.0,0.0,0.0,0.0,0.0,0.0,0.0
1,0,1.0,0.0,0.0,0.0,0.0,0.0,0.0,0.0,0.0,0.0,0.0
1,0,1.0,0.0,0.0,0.0,0.0,0.0,0.0,0.0,0.0,0.0,0.0
1,0,1.0,0.0,0.0,0.0,0.0,0.0,0.0,0.0,0.0,0.0,0.0
1,0,1.0,0.0,0.0,0.0,0.0,0.0,0.0,0.0,0.0,0.0,0.0
1,0,1.0,0.0,0.0,0.0,0.0,0.0,0.0,0.0,0.0,0.0,0.0
1,0,1.0,0.0,0.0,0.0,0.0,0.0,0.0,0.0,0.0,0.0,0.0
1,0,1.0,0.0,0.0,0.0,0.0,0.0,0.0,0.0,0.0,0.0,0.0
1,0,1.0,0.0,0.0,0.0,0.0,0.0,0.0,0.0,0.0,0.0,0.0
1,0,1.0,0.0,0.0,0.0,0.0,0.0,0.0,0.0,0.0,0.0,0.0
1,0,1.0,0.0,0.0,0.0,0.0,0.0,0.0,0.0,0.0,0.0,0.0
1,0,1.0,0.0,0.0,0.0,0.0,0.0,0.0,0.0,0.0,0.0,0.0
1,0,1.0,0.0,0.0,0.0,0.0,0.0,0.0,0.0,0.0,0.0,0.0
1,0,1.0,0.0,0.0,0.0,0.0,0.0,0.0,0.0,0.0,0.0,0.0
1,0,1.0,0.0,0.0,0.0,0.0,0.0,0.0,0.0,0.0,0.0,0.0
1,0,1.0,0.0,0.0,0.0,0.0,0.0,0.0,0.0,0.0,0.0,0.0
1,0,1.0,0.0,0.0,0.0,0.0,0.0,0.0,0.0,0.0,0.0,0.0
1,0,1.0,0.0,0.0,0.0,0.0,0.0,0.0,0.0,0.0,0.0,0.0
1,0,1.0,0.0,0.0,0.0,0.0,0.0,0.0,0.0,0.0,0.0,0.0
1,0,1.0,0.0,0.0,0.0,0.0,0.0,0.0,0.0,0.0,0.0,0.0
1,0,1.0,0.0,0.0,0.0,0.0,0.0,0.0,0.0,0.0,0.0,0.0
1,0,1.0,0.0,0.0,0.0,0.0,0.0,0.0,0.0,0.0,0.0,0.0
1,0,1.0,0.0,0.0,0.0,0.0,0.0,0.0,0.0,0.0,0.0,0.0
1,0,1.0,0.0,0.0,0.0,0.0,0.0,0.0,0.0,0.0,0.0,0.0
1,0,1.0,0.0,0.0,0.0,0.0,0.0,0.0,0.0,0.0,0.0,0.0
1,0,1.0,0.0,0.0,0.0,0.0,0.0,0.0,0.0,0.0,0.0,0.0
1,0,1.0,0.0,0.0,0.0,0.0,0.0,0.0,0.0,0.0,0.0,0.0
1,0,1.0,0.0,0.0,0.0,0.0,0.0,0.0,0.0,0.0,0.0,0.0
1,0,1.0,0.0,0.0,0.0,0.0,0.0,0.0,0.0,0.0,0.0,0.0
1,0,1.0,0.0,0.0,0.0,0.0,0.0,0.0,0.0,0.0,0.0,0.0
1,0,1.0,0.0,0.0,0.0,0.0,0.0,0.0,0.0,0.0,0.0,0.0
1,0,1.0,0.0,0.0,0.0,0.0,0.0,0.0,0.0,0.0,0.0,0.0
1,0,1.0,0.0,0.0,0.0,0.0,0.0,0.0,0.0,0.0,0.0,0.0
1,0,1.0,0.0,0.0,0.0,0.0,0.0,0.0,0.0,0.0,0.0,0.0
1,0,1.0,0.0,0.0,0.0,0.0,0.0,0.0,0.0,0.0,0.0,0.0
1,0,1.0,0.0,0.0,0.0,0.0,0.0,0.0,0.0,0.0,0.0,0.0
1,0,1.0,0.0,0.0,0.0,0.0,0.0,0.0,0.0,0.0,0.0,0.0
1,0,1.0,0.0,0.0,0.0,0.0,0.0,0.0,0.0,0.0,0.0,0.0
1,0,1.0,0.0,0.0,0.0,0.0,0.0,0.0,0.0,0.0,0.0,0.0
1,0,1.0,0.0,0.0,0.0,0.0,0.0,0.0,0.0,0.0,0.0,0.0
1,0,1.0,0.0,0.0,0.0,0.0,0.0,0.0,0.0,0.0,0.0,0.0
1,0,1.0,0.0,0.0,0.0,0.0,0.0,0.0,0.0,0.0,0.0,0.0
1,0,1.0,0.0,0.0,0.0,0.0,0.0,0.0,0.0,0.0,0.0,0.0
1,0,1.0,0.0,0.0,0.0,0.0,0.0,0.0,0.0,0.0,0.0,0.0
1,0,1.0,0.0,0.0,0.0,0.0,0.0,0.0,0.0,0.0,0.0,0.0
1,0,1.0,0.0,0.0,0.0,0.0,0.0,0.0,0.0,0.0,0.0,0.0
1,0,1.0,0.0,0.0,0.0,0.0,0.0,0.0,0.0,0.0,0.0,0.0
1,0,1.0,0.0,0.0,0.0,0.0,0.0,0.0,0.0,0.0,0.0,0.0
1,0,1.0,0.0,0.0,0.0,0.0,0.0,0.0,0.0,0.0,0.0,0.0
1,0,1.0,0.0,0.0,0.0,0.0,0.0,0.0,0.0,0.0,0.0,0.0
1,0,1.0,0.0,0.0,0.0,0.0,0.0,0.0,0.0,0.0,0.0,0.0
1,0,1.0,0.0,0.0,0.0,0.0,0.0,0.0,0.0,0.0,0.0,0.0
1,0,1.0,0.0,0.0,0.0,0.0,0.0,0.0,0.0,0.0,0.0,0.0
1,0,1.0,0.0,0.0,0.0,0.0,0.0,0.0,0.0,0.0,0.0,0.0
1,0,1.0,0.0,0.0,0.0,0.0,0.0,0.0,0.0,0.0,0.0,0.0
1,0,1.0,0.0,0.0,0.0,0.0,0.0,0.0,0.0,0.0,0.0,0.0
1,0,1.0,0.0,0.0,0.0,0.0,0.0,0.0,0.0,0.0,0.0,0.0
1,0,1.0,0.0,0.0,0.0,0.0,0.0,0.0,0.0,0.0,0.0,0.0
1,0,1.0,0.0,0.0,0.0,0.0,0.0,0.0,0.0,0.0,0.0,0.0
1,0,1.0,0.0,0.0,0.0,0.0,0.0,0.0,0.0,0.0,0.0,0.0
1,0,1.0,0.0,0.0,0.0,0.0,0.0,0.0,0.0,0.0,0.0,0.0
1,0,1.0,0.0,0.0,0.0,0.0,0.0,0.0,0.0,0.0,0.0,0.0
1,0,1.0,0.0,0.0,0.0,0.0,0.0,0.0,0.0,0.0,0.0,0.0
1,0,1.0,0.0,0.0,0.0,0.0,0.0,0.0,0.0,0.0,0.0,0.0
1,0,1.0,0.0,0.0,0.0,0.0,0.0,0.0,0.0,0.0,0.0,0.0
1,0,1.0,0.0,0.0,0.0,0.0,0.0,0.0,0.0,0.0,0.0,0.0
1,0,1.0,0.0,0.0,0.0,0.0,0.0,0.0,0.0,0.0,0.0,0.0
1,0,1.0,0.0,0.0,0.0,0.0,0.0,0.0,0.0,0.0,0.0,0.0
1,0,1.0,0.0,0.0,0.0,0.0,0.0,0.0,0.0,0.0,0.0,0.0
1,0,1.0,0.0,0.0,0.0,0.0,0.0,0.0,0.0,0.0,0.0,0.0
1,0,1.0,0.0,0.0,0.0,0.0,0.0,0.0,0.0,0.0,0.0,0.0
1,0,1.0,0.0,0.0,0.0,0.0,0.0,0.0,0.0,0.0,0.0,0.0
1,0,1.0,0.0,0.0,0.0,0.0,0.0,0.0,0.0,0.0,0.0,0.0
1,0,1.0,0.0,0.0,0.0,0.0,0.0,0.0,0.0,0.0,0.0,0.0
1,0,1.0,0.0,0.0,0.0,0.0,0.0,0.0,0.0,0.0,0.0,0.0
1,0,1.0,0.0,0.0,0.0,0.0,0.0,0.0,0.0,0.0,0.0,0.0
1,0,1.0,0.0,0.0,0.0,0.0,0.0,0.0,0.0,0.0,0.0,0.0
1,0,1.0,0.0,0.0,0.0,0.0,0.0,0.0,0.0,0.0,0.0,0.0
1,0,1.0,0.0,0.0,0.0,0.0,0.0,0.0,0.0,0.0,0.0,0.0
1,0,1.0,0.0,0.0,0.0,0.0,0.0,0.0,0.0,0.0,0.0,0.0
1,0,1.0,0.0,0.0,0.0,0.0,0.0,0.0,0.0,0.0,0.0,0.0
1,0,1.0,0.0,0.0,0.0,0.0,0.0,0.0,0.0,0.0,0.0,0.0
1,0,1.0,0.0,0.0,0.0,0.0,0.0,0.0,0.0,0.0,0.0,0.0
1,0,1.0,0.0,0.0,0.0,0.0,0.0,0.0,0.0,0.0,0.0,0.0
1,0,1.0,0.0,0.0,0.0,0.0,0.0,0.0,0.0,0.0,0.0,0.0
1,0,1.0,0.0,0.0,0.0,0.0,0.0,0.0,0.0,0.0,0.0,0.0
1,0,1.0,0.0,0.0,0.0,0.0,0.0,0.0,0.0,0.0,0.0,0.0
1,0,1.0,0.0,0.0,0.0,0.0,0.0,0.0,0.0,0.0,0.0,0.0
1,0,1.0,0.0,0.0,0.0,0.0,0.0,0.0,0.0,0.0,0.0,0.0
1,0,1.0,0.0,0.0,0.0,0.0,0.0,0.0,0.0,0.0,0.0,0.0
1,0,1.0,0.0,0.0,0.0,0.0,0.0,0.0,0.0,0.0,0.0,0.0
1,0,1.0,0.0,0.0,0.0,0.0,0.0,0.0,0.0,0.0,0.0,0.0
1,0,1.0,0.0,0.0,0.0,0.0,0.0,0.0,0.0,0.0,0.0,0.0
1,0,1.0,0.0,0.0,0.0,0.0,0.0,0.0,0.0,0.0,0.0,0.0
1,0,1.0,0.0,0.0,0.0,0.0,0.0,0.0,0.0,0.0,0.0,0.0
1,0,1.0,0.0,0.0,0.0,0.0,0.0,0.0,0.0,0.0,0.0,0.0
1,0,1.0,0.0,0.0,0.0,0.0,0.0,0.0,0.0,0.0,0.0,0.0
1,0,1.0,0.0,0.0,0.0,0.0,0.0,0.0,0.0,0.0,0.0,0.0
1,0,1.0,0.0,0.0,0.0,0.0,0.0,0.0,0.0,0.0,0.0,0.0
1,0,1.0,0.0,0.0,0.0,0.0,0.0,0.0,0.0,0.0,0.0,0.0
1,0,1.0,0.0,0.0,0.0,0.0,0.0,0.0,0.0,0.0,0.0,0.0
1,0,1.0,0.0,0.0,0.0,0.0,0.0,0.0,0.0,0.0,0.0,0.0
1,0,1.0,0.0,0.0,0.0,0.0,0.0,0.0,0.0,0.0,0.0,0.0
1,0,1.0,0.0,0.0,0.0,0.0,0.0,0.0,0.0,0.0,0.0,0.0
1,0,1.0,0.0,0.0,0.0,0.0,0.0,0.0,0.0,0.0,0.0,0.0
1,0,1.0,0.0,0.0,0.0,0.0,0.0,0.0,0.0,0.0,0.0,0.0
1,0,1.0,0.0,0.0,0.0,0.0,0.0,0.0,0.0,0.0,0.0,0.0
1,0,1.0,0.0,0.0,0.0,0.0,0.0,0.0,0.0,0.0,0.0,0.0
1,0,1.0,0.0,0.0,0.0,0.0,0.0,0.0,0.0,0.0,0.0,0.0
1,0,1.0,0.0,0.0,0.0,0.0,0.0,0.0,0.0,0.0,0.0,0.0
1,0,1.0,0.0,0.0,0.0,0.0,0.0,0.0,0.0,0.0,0.0,0.0
1,0,1.0,0.0,0.0,0.0,0.0,0.0,0.0,0.0,0.0,0.0,0.0
1,0,1.0,0.0,0.0,0.0,0.0,0.0,0.0,0.0,0.0,0.0,0.0
1,0,1.0,0.0,0.0,0.0,0.0,0.0,0.0,0.0,0.0,0.0,0.0
1,0,1.0,0.0,0.0,0.0,0.0,0.0,0.0,0.0,0.0,0.0,0.0
1,0,1.0,0.0,0.0,0.0,0.0,0.0,0.0,0.0,0.0,0.0,0.0
1,0,1.0,0.0,0.0,0.0,0.0,0.0,0.0,0.0,0.0,0.0,0.0
1,0,1.0,0.0,0.0,0.0,0.0,0.0,0.0,0.0,0.0,0.0,0.0
1,0,1.0,0.0,0.0,0.0,0.0,0.0,0.0,0.0,0.0,0.0,0.0
1,0,1.0,0.0,0.0,0.0,0.0,0.0,0.0,0.0,0.0,0.0,0.0
1,0,1.0,0.0,0.0,0.0,0.0,0.0,0.0,0.0,0.0,0.0,0.0
1,0,1.0,0.0,0.0,0.0,0.0,0.0,0.0,0.0,0.0,0.0,0.0
1,0,1.0,0.0,0.0,0.0,0.0,0.0,0.0,0.0,0.0,0.0,0.0
1,0,1.0,0.0,0.0,0.0,0.0,0.0,0.0,0.0,0.0,0.0,0.0
1,0,1.0,0.0,0.0,0.0,0.0,0.0,0.0,0.0,0.0,0.0,0.0
1,0,1.0,0.0,0.0,0.0,0.0,0.0,0.0,0.0,0.0,0.0,0.0
1,0,1.0,0.0,0.0,0.0,0.0,0.0,0.0,0.0,0.0,0.0,0.0
1,0,1.0,0.0,0.0,0.0,0.0,0.0,0.0,0.0,0.0,0.0,0.0
1,0,1.0,0.0,0.0,0.0,0.0,0.0,0.0,0.0,0.0,0.0,0.0
1,0,1.0,0.0,0.0,0.0,0.0,0.0,0.0,0.0,0.0,0.0,0.0
1,0,1.0,0.0,0.0,0.0,0.0,0.0,0.0,0.0,0.0,0.0,0.0
1,0,1.0,0.0,0.0,0.0,0.0,0.0,0.0,0.0,0.0,0.0,0.0
1,0,1.0,0.0,0.0,0.0,0.0,0.0,0.0,0.0,0.0,0.0,0.0
1,0,1.0,0.0,0.0,0.0,0.0,0.0,0.0,0.0,0.0,0.0,0.0
1,0,1.0,0.0,0.0,0.0,0.0,0.0,0.0,0.0,0.0,0.0,0.0
1,0,1.0,0.0,0.0,0.0,0.0,0.0,0.0,0.0,0.0,0.0,0.0
1,0,1.0,0.0,0.0,0.0,0.0,0.0,0.0,0.0,0.0,0.0,0.0
1,0,1.0,0.0,0.0,0.0,0.0,0.0,0.0,0.0,0.0,0.0,0.0
1,0,1.0,0.0,0.0,0.0,0.0,0.0,0.0,0.0,0.0,0.0,0.0
1,0,1.0,0.0,0.0,0.0,0.0,0.0,0.0,0.0,0.0,0.0,0.0
1,0,1.0,0.0,0.0,0.0,0.0,0.0,0.0,0.0,0.0,0.0,0.0
1,0,1.0,0.0,0.0,0.0,0.0,0.0,0.0,0.0,0.0,0.0,0.0
1,0,1.0,0.0,0.0,0.0,0.0,0.0,0.0,0.0,0.0,0.0,0.0
1,0,1.0,0.0,0.0,0.0,0.0,0.0,0.0,0.0,0.0,0.0,0.0
1,0,1.0,0.0,0.0,0.0,0.0,0.0,0.0,0.0,0.0,0.0,0.0
1,0,1.0,0.0,0.0,0.0,0.0,0.0,0.0,0.0,0.0,0.0,0.0
1,0,1.0,0.0,0.0,0.0,0.0,0.0,0.0,0.0,0.0,0.0,0.0
1,0,1.0,0.0,0.0,0.0,0.0,0.0,0.0,0.0,0.0,0.0,0.0
1,0,1.0,0.0,0.0,0.0,0.0,0.0,0.0,0.0,0.0,0.0,0.0
1,0,1.0,0.0,0.0,0.0,0.0,0.0,0.0,0.0,0.0,0.0,0.0
1,0,1.0,0.0,0.0,0.0,0.0,0.0,0.0,0.0,0.0,0.0,0.0
1,0,1.0,0.0,0.0,0.0,0.0,0.0,0.0,0.0,0.0,0.0,0.0
1,0,1.0,0.0,0.0,0.0,0.0,0.0,0.0,0.0,0.0,0.0,0.0
1,0,1.0,0.0,0.0,0.0,0.0,0.0,0.0,0.0,0.0,0.0,0.0
1,0,1.0,0.0,0.0,0.0,0.0,0.0,0.0,0.0,0.0,0.0,0.0
1,0,1.0,0.0,0.0,0.0,0.0,0.0,0.0,0.0,0.0,0.0,0.0
1,0,1.0,0.0,0.0,0.0,0.0,0.0,0.0,0.0,0.0,0.0,0.0
1,0,1.0,0.0,0.0,0.0,0.0,0.0,0.0,0.0,0.0,0.0,0.0
1,0,1.0,0.0,0.0,0.0,0.0,0.0,0.0,0.0,0.0,0.0,0.0
1,0,1.0,0.0,0.0,0.0,0.0,0.0,0.0,0.0,0.0,0.0,0.0
1,0,1.0,0.0,0.0,0.0,0.0,0.0,0.0,0.0,0.0,0.0,0.0
1,0,1.0,0.0,0.0,0.0,0.0,0.0,0.0,0.0,0.0,0.0,0.0
1,0,1.0,0.0,0.0,0.0,0.0,0.0,0.0,0.0,0.0,0.0,0.0
1,0,1.0,0.0,0.0,0.0,0.0,0.0,0.0,0.0,0.0,0.0,0.0
1,0,1.0,0.0,0.0,0.0,0.0,0.0,0.0,0.0,0.0,0.0,0.0
1,0,1.0,0.0,0.0,0.0,0.0,0.0,0.0,0.0,0.0,0.0,0.0
1,0,1.0,0.0,0.0,0.0,0.0,0.0,0.0,0.0,0.0,0.0,0.0
1,0,1.0,0.0,0.0,0.0,0.0,0.0,0.0,0.0,0.0,0.0,0.0
1,0,1.0,0.0,0.0,0.0,0.0,0.0,0.0,0.0,0.0,0.0,0.0
1,0,1.0,0.0,0.0,0.0,0.0,0.0,0.0,0.0,0.0,0.0,0.0
1,0,1.0,0.0,0.0,0.0,0.0,0.0,0.0,0.0,0.0,0.0,0.0
1,0,1.0,0.0,0.0,0.0,0.0,0.0,0.0,0.0,0.0,0.0,0.0
1,0,1.0,0.0,0.0,0.0,0.0,0.0,0.0,0.0,0.0,0.0,0.0
1,0,1.0,0.0,0.0,0.0,0.0,0.0,0.0,0.0,0.0,0.0,0.0
1,0,1.0,0.0,0.0,0.0,0.0,0.0,0.0,0.0,0.0,0.0,0.0
1,0,1.0,0.0,0.0,0.0,0.0,0.0,0.0,0.0,0.0,0.0,0.0
1,0,1.0,0.0,0.0,0.0,0.0,0.0,0.0,0.0,0.0,0.0,0.0
1,0,1.0,0.0,0.0,0.0,0.0,0.0,0.0,0.0,0.0,0.0,0.0
1,0,1.0,0.0,0.0,0.0,0.0,0.0,0.0,0.0,0.0,0.0,0.0
1,0,1.0,0.0,0.0,0.0,0.0,0.0,0.0,0.0,0.0,0.0,0.0
1,0,1.0,0.0,0.0,0.0,0.0,0.0,0.0,0.0,0.0,0.0,0.0
1,0,1.0,0.0,0.0,0.0,0.0,0.0,0.0,0.0,0.0,0.0,0.0
1,0,1.0,0.0,0.0,0.0,0.0,0.0,0.0,0.0,0.0,0.0,0.0
1,0,1.0,0.0,0.0,0.0,0.0,0.0,0.0,0.0,0.0,0.0,0.0
1,0,1.0,0.0,0.0,0.0,0.0,0.0,0.0,0.0,0.0,0.0,0.0
1,0,1.0,0.0,0.0,0.0,0.0,0.0,0.0,0.0,0.0,0.0,0.0
1,0,1.0,0.0,0.0,0.0,0.0,0.0,0.0,0.0,0.0,0.0,0.0
1,0,1.0,0.0,0.0,0.0,0.0,0.0,0.0,0.0,0.0,0.0,0.0
1,0,1.0,0.0,0.0,0.0,0.0,0.0,0.0,0.0,0.0,0.0,0.0
1,0,1.0,0.0,0.0,0.0,0.0,0.0,0.0,0.0,0.0,0.0,0.0
1,0,1.0,0.0,0.0,0.0,0.0,0.0,0.0,0.0,0.0,0.0,0.0
1,0,1.0,0.0,0.0,0.0,0.0,0.0,0.0,0.0,0.0,0.0,0.0
1,0,1.0,0.0,0.0,0.0,0.0,0.0,0.0,0.0,0.0,0.0,0.0
1,0,1.0,0.0,0.0,0.0,0.0,0.0,0.0,0.0,0.0,0.0,0.0
1,0,1.0,0.0,0.0,0.0,0.0,0.0,0.0,0.0,0.0,0.0,0.0
1,0,1.0,0.0,0.0,0.0,0.0,0.0,0.0,0.0,0.0,0.0,0.0
1,0,1.0,0.0,0.0,0.0,0.0,0.0,0.0,0.0,0.0,0.0,0.0
1,0,1.0,0.0,0.0,0.0,0.0,0.0,0.0,0.0,0.0,0.0,0.0
1,0,1.0,0.0,0.0,0.0,0.0,0.0,0.0,0.0,0.0,0.0,0.0
1,0,1.0,0.0,0.0,0.0,0.0,0.0,0.0,0.0,0.0,0.0,0.0
1,0,1.0,0.0,0.0,0.0,0.0,0.0,0.0,0.0,0.0,0.0,0.0
1,0,1.0,0.0,0.0,0.0,0.0,0.0,0.0,0.0,0.0,0.0,0.0
1,0,1.0,0.0,0.0,0.0,0.0,0.0,0.0,0.0,0.0,0.0,0.0
1,0,1.0,0.0,0.0,0.0,0.0,0.0,0.0,0.0,0.0,0.0,0.0
1,0,1.0,0.0,0.0,0.0,0.0,0.0,0.0,0.0,0.0,0.0,0.0
1,0,1.0,0.0,0.0,0.0,0.0,0.0,0.0,0.0,0.0,0.0,0.0
1,0,1.0,0.0,0.0,0.0,0.0,0.0,0.0,0.0,0.0,0.0,0.0
1,0,1.0,0.0,0.0,0.0,0.0,0.0,0.0,0.0,0.0,0.0,0.0
1,0,1.0,0.0,0.0,0.0,0.0,0.0,0.0,0.0,0.0,0.0,0.0
1,0,1.0,0.0,0.0,0.0,0.0,0.0,0.0,0.0,0.0,0.0,0.0
1,0,1.0,0.0,0.0,0.0,0.0,0.0,0.0,0.0,0.0,0.0,0.0
1,0,1.0,0.0,0.0,0.0,0.0,0.0,0.0,0.0,0.0,0.0,0.0
1,0,1.0,0.0,0.0,0.0,0.0,0.0,0.0,0.0,0.0,0.0,0.0
1,0,1.0,0.0,0.0,0.0,0.0,0.0,0.0,0.0,0.0,0.0,0.0
1,0,1.0,0.0,0.0,0.0,0.0,0.0,0.0,0.0,0.0,0.0,0.0
1,0,1.0,0.0,0.0,0.0,0.0,0.0,0.0,0.0,0.0,0.0,0.0
1,0,1.0,0.0,0.0,0.0,0.0,0.0,0.0,0.0,0.0,0.0,0.0
1,0,1.0,0.0,0.0,0.0,0.0,0.0,0.0,0.0,0.0,0.0,0.0
1,0,1.0,0.0,0.0,0.0,0.0,0.0,0.0,0.0,0.0,0.0,0.0
1,0,1.0,0.0,0.0,0.0,0.0,0.0,0.0,0.0,0.0,0.0,0.0
1,0,1.0,0.0,0.0,0.0,0.0,0.0,0.0,0.0,0.0,0.0,0.0
1,0,1.0,0.0,0.0,0.0,0.0,0.0,0.0,0.0,0.0,0.0,0.0
1,0,1.0,0.0,0.0,0.0,0.0,0.0,0.0,0.0,0.0,0.0,0.0
1,0,1.0,0.0,0.0,0.0,0.0,0.0,0.0,0.0,0.0,0.0,0.0
1,0,1.0,0.0,0.0,0.0,0.0,0.0,0.0,0.0,0.0,0.0,0.0
1,0,1.0,0.0,0.0,0.0,0.0,0.0,0.0,0.0,0.0,0.0,0.0
1,0,1.0,0.0,0.0,0.0,0.0,0.0,0.0,0.0,0.0,0.0,0.0
1,0,1.0,0.0,0.0,0.0,0.0,0.0,0.0,0.0,0.0,0.0,0.0
1,0,1.0,0.0,0.0,0.0,0.0,0.0,0.0,0.0,0.0,0.0,0.0
1,0,1.0,0.0,0.0,0.0,0.0,0.0,0.0,0.0,0.0,0.0,0.0
1,0,1.0,0.0,0.0,0.0,0.0,0.0,0.0,0.0,0.0,0.0,0.0
1,0,1.0,0.0,0.0,0.0,0.0,0.0,0.0,0.0,0.0,0.0,0.0
1,0,1.0,0.0,0.0,0.0,0.0,0.0,0.0,0.0,0.0,0.0,0.0
1,0,1.0,0.0,0.0,0.0,0.0,0.0,0.0,0.0,0.0,0.0,0.0
1,0,1.0,0.0,0.0,0.0,0.0,0.0,0.0,0.0,0.0,0.0,0.0
1,0,1.0,0.0,0.0,0.0,0.0,0.0,0.0,0.0,0.0,0.0,0.0
1,0,1.0,0.0,0.0,0.0,0.0,0.0,0.0,0.0,0.0,0.0,0.0
1,0,1.0,0.0,0.0,0.0,0.0,0.0,0.0,0.0,0.0,0.0,0.0
1,0,1.0,0.0,0.0,0.0,0.0,0.0,0.0,0.0,0.0,0.0,0.0
1,0,1.0,0.0,0.0,0.0,0.0,0.0,0.0,0.0,0.0,0.0,0.0
1,0,1.0,0.0,0.0,0.0,0.0,0.0,0.0,0.0,0.0,0.0,0.0
1,0,1.0,0.0,0.0,0.0,0.0,0.0,0.0,0.0,0.0,0.0,0.0
1,0,1.0,0.0,0.0,0.0,0.0,0.0,0.0,0.0,0.0,0.0,0.0
1,0,1.0,0.0,0.0,0.0,0.0,0.0,0.0,0.0,0.0,0.0,0.0
1,0,1.0,0.0,0.0,0.0,0.0,0.0,0.0,0.0,0.0,0.0,0.0
1,0,1.0,0.0,0.0,0.0,0.0,0.0,0.0,0.0,0.0,0.0,0.0
1,0,1.0,0.0,0.0,0.0,0.0,0.0,0.0,0.0,0.0,0.0,0.0
1,0,1.0,0.0,0.0,0.0,0.0,0.0,0.0,0.0,0.0,0.0,0.0
1,0,1.0,0.0,0.0,0.0,0.0,0.0,0.0,0.0,0.0,0.0,0.0
1,0,1.0,0.0,0.0,0.0,0.0,0.0,0.0,0.0,0.0,0.0,0.0
1,0,1.0,0.0,0.0,0.0,0.0,0.0,0.0,0.0,0.0,0.0,0.0
1,0,1.0,0.0,0.0,0.0,0.0,0.0,0.0,0.0,0.0,0.0,0.0
1,0,1.0,0.0,0.0,0.0,0.0,0.0,0.0,0.0,0.0,0.0,0.0
1,0,1.0,0.0,0.0,0.0,0.0,0.0,0.0,0.0,0.0,0.0,0.0
1,0,1.0,0.0,0.0,0.0,0.0,0.0,0.0,0.0,0.0,0.0,0.0
1,0,1.0,0.0,0.0,0.0,0.0,0.0,0.0,0.0,0.0,0.0,0.0
1,0,1.0,0.0,0.0,0.0,0.0,0.0,0.0,0.0,0.0,0.0,0.0
1,0,1.0,0.0,0.0,0.0,0.0,0.0,0.0,0.0,0.0,0.0,0.0
1,0,1.0,0.0,0.0,0.0,0.0,0.0,0.0,0.0,0.0,0.0,0.0
1,0,1.0,0.0,0.0,0.0,0.0,0.0,0.0,0.0,0.0,0.0,0.0
1,0,1.0,0.0,0.0,0.0,0.0,0.0,0.0,0.0,0.0,0.0,0.0
1,0,1.0,0.0,0.0,0.0,0.0,0.0,0.0,0.0,0.0,0.0,0.0
1,0,1.0,0.0,0.0,0.0,0.0,0.0,0.0,0.0,0.0,0.0,0.0
1,0,1.0,0.0,0.0,0.0,0.0,0.0,0.0,0.0,0.0,0.0,0.0
1,0,1.0,0.0,0.0,0.0,0.0,0.0,0.0,0.0,0.0,0.0,0.0
1,0,1.0,0.0,0.0,0.0,0.0,0.0,0.0,0.0,0.0,0.0,0.0
1,0,1.0,0.0,0.0,0.0,0.0,0.0,0.0,0.0,0.0,0.0,0.0
1,0,1.0,0.0,0.0,0.0,0.0,0.0,0.0,0.0,0.0,0.0,0.0
1,0,1.0,0.0,0.0,0.0,0.0,0.0,0.0,0.0,0.0,0.0,0.0
1,0,1.0,0.0,0.0,0.0,0.0,0.0,0.0,0.0,0.0,0.0,0.0
1,0,1.0,0.0,0.0,0.0,0.0,0.0,0.0,0.0,0.0,0.0,0.0
1,0,1.0,0.0,0.0,0.0,0.0,0.0,0.0,0.0,0.0,0.0,0.0
1,0,1.0,0.0,0.0,0.0,0.0,0.0,0.0,0.0,0.0,0.0,0.0
1,0,1.0,0.0,0.0,0.0,0.0,0.0,0.0,0.0,0.0,0.0,0.0
1,0,1.0,0.0,0.0,0.0,0.0,0.0,0.0,0.0,0.0,0.0,0.0
1,0,1.0,0.0,0.0,0.0,0.0,0.0,0.0,0.0,0.0,0.0,0.0
1,0,1.0,0.0,0.0,0.0,0.0,0.0,0.0,0.0,0.0,0.0,0.0
1,0,1.0,0.0,0.0,0.0,0.0,0.0,0.0,0.0,0.0,0.0,0.0
1,0,1.0,0.0,0.0,0.0,0.0,0.0,0.0,0.0,0.0,0.0,0.0
1,0,1.0,0.0,0.0,0.0,0.0,0.0,0.0,0.0,0.0,0.0,0.0
1,0,1.0,0.0,0.0,0.0,0.0,0.0,0.0,0.0,0.0,0.0,0.0
1,0,1.0,0.0,0.0,0.0,0.0,0.0,0.0,0.0,0.0,0.0,0.0
1,0,1.0,0.0,0.0,0.0,0.0,0.0,0.0,0.0,0.0,0.0,0.0
1,0,1.0,0.0,0.0,0.0,0.0,0.0,0.0,0.0,0.0,0.0,0.0
1,0,1.0,0.0,0.0,0.0,0.0,0.0,0.0,0.0,0.0,0.0,0.0
1,0,1.0,0.0,0.0,0.0,0.0,0.0,0.0,0.0,0.0,0.0,0.0
1,0,1.0,0.0,0.0,0.0,0.0,0.0,0.0,0.0,0.0,0.0,0.0
1,0,1.0,0.0,0.0,0.0,0.0,0.0,0.0,0.0,0.0,0.0,0.0
1,0,1.0,0.0,0.0,0.0,0.0,0.0,0.0,0.0,0.0,0.0,0.0
1,0,1.0,0.0,0.0,0.0,0.0,0.0,0.0,0.0,0.0,0.0,0.0
1,0,1.0,0.0,0.0,0.0,0.0,0.0,0.0,0.0,0.0,0.0,0.0
1,0,1.0,0.0,0.0,0.0,0.0,0.0,0.0,0.0,0.0,0.0,0.0
1,0,1.0,0.0,0.0,0.0,0.0,0.0,0.0,0.0,0.0,0.0,0.0
1,0,1.0,0.0,0.0,0.0,0.0,0.0,0.0,0.0,0.0,0.0,0.0
1,0,1.0,0.0,0.0,0.0,0.0,0.0,0.0,0.0,0.0,0.0,0.0
1,0,1.0,0.0,0.0,0.0,0.0,0.0,0.0,0.0,0.0,0.0,0.0
1,0,1.0,0.0,0.0,0.0,0.0,0.0,0.0,0.0,0.0,0.0,0.0
1,0,1.0,0.0,0.0,0.0,0.0,0.0,0.0,0.0,0.0,0.0,0.0
1,0,1.0,0.0,0.0,0.0,0.0,0.0,0.0,0.0,0.0,0.0,0.0
1,0,1.0,0.0,0.0,0.0,0.0,0.0,0.0,0.0,0.0,0.0,0.0
1,0,1.0,0.0,0.0,0.0,0.0,0.0,0.0,0.0,0.0,0.0,0.0
1,0,1.0,0.0,0.0,0.0,0.0,0.0,0.0,0.0,0.0,0.0,0.0
1,0,1.0,0.0,0.0,0.0,0.0,0.0,0.0,0.0,0.0,0.0,0.0
1,0,1.0,0.0,0.0,0.0,0.0,0.0,0.0,0.0,0.0,0.0,0.0
1,0,1.0,0.0,0.0,0.0,0.0,0.0,0.0,0.0,0.0,0.0,0.0
1,0,1.0,0.0,0.0,0.0,0.0,0.0,0.0,0.0,0.0,0.0,0.0
1,0,1.0,0.0,0.0,0.0,0.0,0.0,0.0,0.0,0.0,0.0,0.0
1,0,1.0,0.0,0.0,0.0,0.0,0.0,0.0,0.0,0.0,0.0,0.0
1,0,1.0,0.0,0.0,0.0,0.0,0.0,0.0,0.0,0.0,0.0,0.0
1,0,1.0,0.0,0.0,0.0,0.0,0.0,0.0,0.0,0.0,0.0,0.0
1,0,1.0,0.0,0.0,0.0,0.0,0.0,0.0,0.0,0.0,0.0,0.0
1,0,1.0,0.0,0.0,0.0,0.0,0.0,0.0,0.0,0.0,0.0,0.0
1,0,1.0,0.0,0.0,0.0,0.0,0.0,0.0,0.0,0.0,0.0,0.0
1,0,1.0,0.0,0.0,0.0,0.0,0.0,0.0,0.0,0.0,0.0,0.0
1,0,1.0,0.0,0.0,0.0,0.0,0.0,0.0,0.0,0.0,0.0,0.0
1,0,1.0,0.0,0.0,0.0,0.0,0.0,0.0,0.0,0.0,0.0,0.0
1,0,1.0,0.0,0.0,0.0,0.0,0.0,0.0,0.0,0.0,0.0,0.0
1,0,1.0,0.0,0.0,0.0,0.0,0.0,0.0,0.0,0.0,0.0,0.0
1,0,1.0,0.0,0.0,0.0,0.0,0.0,0.0,0.0,0.0,0.0,0.0
1,0,1.0,0.0,0.0,0.0,0.0,0.0,0.0,0.0,0.0,0.0,0.0
1,0,1.0,0.0,0.0,0.0,0.0,0.0,0.0,0.0,0.0,0.0,0.0
1,0,1.0,0.0,0.0,0.0,0.0,0.0,0.0,0.0,0.0,0.0,0.0
1,0,1.0,0.0,0.0,0.0,0.0,0.0,0.0,0.0,0.0,0.0,0.0
1,0,1.0,0.0,0.0,0.0,0.0,0.0,0.0,0.0,0.0,0.0,0.0
1,0,1.0,0.0,0.0,0.0,0.0,0.0,0.0,0.0,0.0,0.0,0.0
1,0,1.0,0.0,0.0,0.0,0.0,0.0,0.0,0.0,0.0,0.0,0.0
1,0,1.0,0.0,0.0,0.0,0.0,0.0,0.0,0.0,0.0,0.0,0.0
1,0,1.0,0.0,0.0,0.0,0.0,0.0,0.0,0.0,0.0,0.0,0.0
1,0,1.0,0.0,0.0,0.0,0.0,0.0,0.0,0.0,0.0,0.0,0.0
1,0,1.0,0.0,0.0,0.0,0.0,0.0,0.0,0.0,0.0,0.0,0.0
1,0,1.0,0.0,0.0,0.0,0.0,0.0,0.0,0.0,0.0,0.0,0.0
1,0,1.0,0.0,0.0,0.0,0.0,0.0,0.0,0.0,0.0,0.0,0.0
1,0,1.0,0.0,0.0,0.0,0.0,0.0,0.0,0.0,0.0,0.0,0.0
1,0,1.0,0.0,0.0,0.0,0.0,0.0,0.0,0.0,0.0,0.0,0.0
1,0,1.0,0.0,0.0,0.0,0.0,0.0,0.0,0.0,0.0,0.0,0.0
1,0,1.0,0.0,0.0,0.0,0.0,0.0,0.0,0.0,0.0,0.0,0.0
1,0,1.0,0.0,0.0,0.0,0.0,0.0,0.0,0.0,0.0,0.0,0.0
1,0,1.0,0.0,0.0,0.0,0.0,0.0,0.0,0.0,0.0,0.0,0.0
1,0,1.0,0.0,0.0,0.0,0.0,0.0,0.0,0.0,0.0,0.0,0.0
1,0,1.0,0.0,0.0,0.0,0.0,0.0,0.0,0.0,0.0,0.0,0.0
1,0,1.0,0.0,0.0,0.0,0.0,0.0,0.0,0.0,0.0,0.0,0.0
1,0,1.0,0.0,0.0,0.0,0.0,0.0,0.0,0.0,0.0,0.0,0.0
1,0,1.0,0.0,0.0,0.0,0.0,0.0,0.0,0.0,0.0,0.0,0.0
1,0,1.0,0.0,0.0,0.0,0.0,0.0,0.0,0.0,0.0,0.0,0.0
1,0,1.0,0.0,0.0,0.0,0.0,0.0,0.0,0.0,0.0,0.0,0.0
1,0,1.0,0.0,0.0,0.0,0.0,0.0,0.0,0.0,0.0,0.0,0.0
1,0,1.0,0.0,0.0,0.0,0.0,0.0,0.0,0.0,0.0,0.0,0.0
1,0,1.0,0.0,0.0,0.0,0.0,0.0,0.0,0.0,0.0,0.0,0.0
1,0,1.0,0.0,0.0,0.0,0.0,0.0,0.0,0.0,0.0,0.0,0.0
1,0,1.0,0.0,0.0,0.0,0.0,0.0,0.0,0.0,0.0,0.0,0.0
1,0,1.0,0.0,0.0,0.0,0.0,0.0,0.0,0.0,0.0,0.0,0.0
1,0,1.0,0.0,0.0,0.0,0.0,0.0,0.0,0.0,0.0,0.0,0.0
1,0,1.0,0.0,0.0,0.0,0.0,0.0,0.0,0.0,0.0,0.0,0.0
1,0,1.0,0.0,0.0,0.0,0.0,0.0,0.0,0.0,0.0,0.0,0.0
1,0,1.0,0.0,0.0,0.0,0.0,0.0,0.0,0.0,0.0,0.0,0.0
1,0,1.0,0.0,0.0,0.0,0.0,0.0,0.0,0.0,0.0,0.0,0.0
1,0,1.0,0.0,0.0,0.0,0.0,0.0,0.0,0.0,0.0,0.0,0.0
1,0,1.0,0.0,0.0,0.0,0.0,0.0,0.0,0.0,0.0,0.0,0.0
1,0,1.0,0.0,0.0,0.0,0.0,0.0,0.0,0.0,0.0,0.0,0.0
1,0,1.0,0.0,0.0,0.0,0.0,0.0,0.0,0.0,0.0,0.0,0.0
1,0,1.0,0.0,0.0,0.0,0.0,0.0,0.0,0.0,0.0,0.0,0.0
1,0,1.0,0.0,0.0,0.0,0.0,0.0,0.0,0.0,0.0,0.0,0.0
1,0,1.0,0.0,0.0,0.0,0.0,0.0,0.0,0.0,0.0,0.0,0.0
1,0,1.0,0.0,0.0,0.0,0.0,0.0,0.0,0.0,0.0,0.0,0.0
1,0,1.0,0.0,0.0,0.0,0.0,0.0,0.0,0.0,0.0,0.0,0.0
1,0,1.0,0.0,0.0,0.0,0.0,0.0,0.0,0.0,0.0,0.0,0.0
1,0,1.0,0.0,0.0,0.0,0.0,0.0,0.0,0.0,0.0,0.0,0.0
1,0,1.0,0.0,0.0,0.0,0.0,0.0,0.0,0.0,0.0,0.0,0.0
1,0,1.0,0.0,0.0,0.0,0.0,0.0,0.0,0.0,0.0,0.0,0.0
1,0,1.0,0.0,0.0,0.0,0.0,0.0,0.0,0.0,0.0,0.0,0.0
1,0,1.0,0.0,0.0,0.0,0.0,0.0,0.0,0.0,0.0,0.0,0.0
1,0,1.0,0.0,0.0,0.0,0.0,0.0,0.0,0.0,0.0,0.0,0.0
1,0,1.0,0.0,0.0,0.0,0.0,0.0,0.0,0.0,0.0,0.0,0.0
1,0,1.0,0.0,0.0,0.0,0.0,0.0,0.0,0.0,0.0,0.0,0.0
1,0,1.0,0.0,0.0,0.0,0.0,0.0,0.0,0.0,0.0,0.0,0.0
1,0,1.0,0.0,0.0,0.0,0.0,0.0,0.0,0.0,0.0,0.0,0.0
1,0,1.0,0.0,0.0,0.0,0.0,0.0,0.0,0.0,0.0,0.0,0.0
1,0,1.0,0.0,0.0,0.0,0.0,0.0,0.0,0.0,0.0,0.0,0.0
1,0,1.0,0.0,0.0,0.0,0.0,0.0,0.0,0.0,0.0,0.0,0.0
1,0,1.0,0.0,0.0,0.0,0.0,0.0,0.0,0.0,0.0,0.0,0.0
1,0,1.0,0.0,0.0,0.0,0.0,0.0,0.0,0.0,0.0,0.0,0.0
1,0,1.0,0.0,0.0,0.0,0.0,0.0,0.0,0.0,0.0,0.0,0.0
1,0,1.0,0.0,0.0,0.0,0.0,0.0,0.0,0.0,0.0,0.0,0.0
1,0,1.0,0.0,0.0,0.0,0.0,0.0,0.0,0.0,0.0,0.0,0.0
1,0,1.0,0.0,0.0,0.0,0.0,0.0,0.0,0.0,0.0,0.0,0.0
1,0,1.0,0.0,0.0,0.0,0.0,0.0,0.0,0.0,0.0,0.0,0.0
1,0,1.0,0.0,0.0,0.0,0.0,0.0,0.0,0.0,0.0,0.0,0.0
1,0,1.0,0.0,0.0,0.0,0.0,0.0,0.0,0.0,0.0,0.0,0.0
1,0,1.0,0.0,0.0,0.0,0.0,0.0,0.0,0.0,0.0,0.0,0.0
1,0,1.0,0.0,0.0,0.0,0.0,0.0,0.0,0.0,0.0,0.0,0.0
1,0,1.0,0.0,0.0,0.0,0.0,0.0,0.0,0.0,0.0,0.0,0.0
1,0,1.0,0.0,0.0,0.0,0.0,0.0,0.0,0.0,0.0,0.0,0.0
1,0,1.0,0.0,0.0,0.0,0.0,0.0,0.0,0.0,0.0,0.0,0.0
1,0,1.0,0.0,0.0,0.0,0.0,0.0,0.0,0.0,0.0,0.0,0.0
1,0,1.0,0.0,0.0,0.0,0.0,0.0,0.0,0.0,0.0,0.0,0.0
1,0,1.0,0.0,0.0,0.0,0.0,0.0,0.0,0.0,0.0,0.0,0.0
1,0,1.0,0.0,0.0,0.0,0.0,0.0,0.0,0.0,0.0,0.0,0.0
1,0,1.0,0.0,0.0,0.0,0.0,0.0,0.0,0.0,0.0,0.0,0.0
1,0,1.0,0.0,0.0,0.0,0.0,0.0,0.0,0.0,0.0,0.0,0.0
1,0,1.0,0.0,0.0,0.0,0.0,0.0,0.0,0.0,0.0,0.0,0.0
1,0,1.0,0.0,0.0,0.0,0.0,0.0,0.0,0.0,0.0,0.0,0.0
1,0,1.0,0.0,0.0,0.0,0.0,0.0,0.0,0.0,0.0,0.0,0.0
1,0,1.0,0.0,0.0,0.0,0.0,0.0,0.0,0.0,0.0,0.0,0.0
1,0,1.0,0.0,0.0,0.0,0.0,0.0,0.0,0.0,0.0,0.0,0.0
1,0,1.0,0.0,0.0,0.0,0.0,0.0,0.0,0.0,0.0,0.0,0.0
1,0,1.0,0.0,0.0,0.0,0.0,0.0,0.0,0.0,0.0,0.0,0.0
1,0,1.0,0.0,0.0,0.0,0.0,0.0,0.0,0.0,0.0,0.0,0.0
1,0,1.0,0.0,0.0,0.0,0.0,0.0,0.0,0.0,0.0,0.0,0.0
1,0,1.0,0.0,0.0,0.0,0.0,0.0,0.0,0.0,0.0,0.0,0.0
1,0,1.0,0.0,0.0,0.0,0.0,0.0,0.0,0.0,0.0,0.0,0.0
1,0,1.0,0.0,0.0,0.0,0.0,0.0,0.0,0.0,0.0,0.0,0.0
1,0,1.0,0.0,0.0,0.0,0.0,0.0,0.0,0.0,0.0,0.0,0.0
1,0,1.0,0.0,0.0,0.0,0.0,0.0,0.0,0.0,0.0,0.0,0.0
1,0,1.0,0.0,0.0,0.0,0.0,0.0,0.0,0.0,0.0,0.0,0.0
1,0,1.0,0.0,0.0,0.0,0.0,0.0,0.0,0.0,0.0,0.0,0.0
1,0,1.0,0.0,0.0,0.0,0.0,0.0,0.0,0.0,0.0,0.0,0.0
1,0,1.0,0.0,0.0,0.0,0.0,0.0,0.0,0.0,0.0,0.0,0.0
1,0,1.0,0.0,0.0,0.0,0.0,0.0,0.0,0.0,0.0,0.0,0.0
1,0,1.0,0.0,0.0,0.0,0.0,0.0,0.0,0.0,0.0,0.0,0.0
1,0,1.0,0.0,0.0,0.0,0.0,0.0,0.0,0.0,0.0,0.0,0.0
1,0,1.0,0.0,0.0,0.0,0.0,0.0,0.0,0.0,0.0,0.0,0.0
1,0,1.0,0.0,0.0,0.0,0.0,0.0,0.0,0.0,0.0,0.0,0.0
1,0,1.0,0.0,0.0,0.0,0.0,0.0,0.0,0.0,0.0,0.0,0.0
1,0,1.0,0.0,0.0,0.0,0.0,0.0,0.0,0.0,0.0,0.0,0.0
1,0,1.0,0.0,0.0,0.0,0.0,0.0,0.0,0.0,0.0,0.0,0.0
1,0,1.0,0.0,0.0,0.0,0.0,0.0,0.0,0.0,0.0,0.0,0.0
1,0,1.0,0.0,0.0,0.0,0.0,0.0,0.0,0.0,0.0,0.0,0.0
1,0,1.0,0.0,0.0,0.0,0.0,0.0,0.0,0.0,0.0,0.0,0.0
1,0,1.0,0.0,0.0,0.0,0.0,0.0,0.0,0.0,0.0,0.0,0.0
1,0,1.0,0.0,0.0,0.0,0.0,0.0,0.0,0.0,0.0,0.0,0.0
1,0,1.0,0.0,0.0,0.0,0.0,0.0,0.0,0.0,0.0,0.0,0.0
1,0,1.0,0.0,0.0,0.0,0.0,0.0,0.0,0.0,0.0,0.0,0.0
1,0,1.0,0.0,0.0,0.0,0.0,0.0,0.0,0.0,0.0,0.0,0.0
1,0,1.0,0.0,0.0,0.0,0.0,0.0,0.0,0.0,0.0,0.0,0.0
1,0,1.0,0.0,0.0,0.0,0.0,0.0,0.0,0.0,0.0,0.0,0.0
1,0,1.0,0.0,0.0,0.0,0.0,0.0,0.0,0.0,0.0,0.0,0.0
1,0,1.0,0.0,0.0,0.0,0.0,0.0,0.0,0.0,0.0,0.0,0.0
1,0,1.0,0.0,0.0,0.0,0.0,0.0,0.0,0.0,0.0,0.0,0.0
1,0,1.0,0.0,0.0,0.0,0.0,0.0,0.0,0.0,0.0,0.0,0.0
1,0,1.0,0.0,0.0,0.0,0.0,0.0,0.0,0.0,0.0,0.0,0.0
1,0,1.0,0.0,0.0,0.0,0.0,0.0,0.0,0.0,0.0,0.0,0.0
1,0,1.0,0.0,0.0,0.0,0.0,0.0,0.0,0.0,0.0,0.0,0.0
1,0,1.0,0.0,0.0,0.0,0.0,0.0,0.0,0.0,0.0,0.0,0.0
1,0,1.0,0.0,0.0,0.0,0.0,0.0,0.0,0.0,0.0,0.0,0.0
1,0,1.0,0.0,0.0,0.0,0.0,0.0,0.0,0.0,0.0,0.0,0.0
1,0,1.0,0.0,0.0,0.0,0.0,0.0,0.0,0.0,0.0,0.0,0.0
1,0,1.0,0.0,0.0,0.0,0.0,0.0,0.0,0.0,0.0,0.0,0.0
1,0,1.0,0.0,0.0,0.0,0.0,0.0,0.0,0.0,0.0,0.0,0.0
1,0,1.0,0.0,0.0,0.0,0.0,0.0,0.0,0.0,0.0,0.0,0.0
1,0,1.0,0.0,0.0,0.0,0.0,0.0,0.0,0.0,0.0,0.0,0.0
1,0,1.0,0.0,0.0,0.0,0.0,0.0,0.0,0.0,0.0,0.0,0.0
1,0,1.0,0.0,0.0,0.0,0.0,0.0,0.0,0.0,0.0,0.0,0.0
1,0,1.0,0.0,0.0,0.0,0.0,0.0,0.0,0.0,0.0,0.0,0.0
1,0,1.0,0.0,0.0,0.0,0.0,0.0,0.0,0.0,0.0,0.0,0.0
1,0,1.0,0.0,0.0,0.0,0.0,0.0,0.0,0.0,0.0,0.0,0.0
1,0,1.0,0.0,0.0,0.0,0.0,0.0,0.0,0.0,0.0,0.0,0.0
1,0,1.0,0.0,0.0,0.0,0.0,0.0,0.0,0.0,0.0,0.0,0.0
1,0,1.0,0.0,0.0,0.0,0.0,0.0,0.0,0.0,0.0,0.0,0.0
1,0,1.0,0.0,0.0,0.0,0.0,0.0,0.0,0.0,0.0,0.0,0.0
1,0,1.0,0.0,0.0,0.0,0.0,0.0,0.0,0.0,0.0,0.0,0.0
1,0,1.0,0.0,0.0,0.0,0.0,0.0,0.0,0.0,0.0,0.0,0.0
1,0,1.0,0.0,0.0,0.0,0.0,0.0,0.0,0.0,0.0,0.0,0.0
1,0,1.0,0.0,0.0,0.0,0.0,0.0,0.0,0.0,0.0,0.0,0.0
1,0,1.0,0.0,0.0,0.0,0.0,0.0,0.0,0.0,0.0,0.0,0.0
1,0,1.0,0.0,0.0,0.0,0.0,0.0,0.0,0.0,0.0,0.0,0.0
1,0,1.0,0.0,0.0,0.0,0.0,0.0,0.0,0.0,0.0,0.0,0.0
1,0,1.0,0.0,0.0,0.0,0.0,0.0,0.0,0.0,0.0,0.0,0.0
1,0,1.0,0.0,0.0,0.0,0.0,0.0,0.0,0.0,0.0,0.0,0.0
1,0,1.0,0.0,0.0,0.0,0.0,0.0,0.0,0.0,0.0,0.0,0.0
1,0,1.0,0.0,0.0,0.0,0.0,0.0,0.0,0.0,0.0,0.0,0.0
1,0,1.0,0.0,0.0,0.0,0.0,0.0,0.0,0.0,0.0,0.0,0.0
1,0,1.0,0.0,0.0,0.0,0.0,0.0,0.0,0.0,0.0,0.0,0.0
1,0,1.0,0.0,0.0,0.0,0.0,0.0,0.0,0.0,0.0,0.0,0.0
1,0,1.0,0.0,0.0,0.0,0.0,0.0,0.0,0.0,0.0,0.0,0.0
1,0,1.0,0.0,0.0,0.0,0.0,0.0,0.0,0.0,0.0,0.0,0.0
1,0,1.0,0.0,0.0,0.0,0.0,0.0,0.0,0.0,0.0,0.0,0.0
1,0,1.0,0.0,0.0,0.0,0.0,0.0,0.0,0.0,0.0,0.0,0.0
1,0,1.0,0.0,0.0,0.0,0.0,0.0,0.0,0.0,0.0,0.0,0.0
1,0,1.0,0.0,0.0,0.0,0.0,0.0,0.0,0.0,0.0,0.0,0.0
1,0,1.0,0.0,0.0,0.0,0.0,0.0,0.0,0.0,0.0,0.0,0.0
1,0,1.0,0.0,0.0,0.0,0.0,0.0,0.0,0.0,0.0,0.0,0.0
1,0,1.0,0.0,0.0,0.0,0.0,0.0,0.0,0.0,0.0,0.0,0.0
1,0,1.0,0.0,0.0,0.0,0.0,0.0,0.0,0.0,0.0,0.0,0.0
1,0,1.0,0.0,0.0,0.0,0.0,0.0,0.0,0.0,0.0,0.0,0.0
1,0,1.0,0.0,0.0,0.0,0.0,0.0,0.0,0.0,0.0,0.0,0.0
1,0,1.0,0.0,0.0,0.0,0.0,0.0,0.0,0.0,0.0,0.0,0.0
1,0,1.0,0.0,0.0,0.0,0.0,0.0,0.0,0.0,0.0,0.0,0.0
1,0,1.0,0.0,0.0,0.0,0.0,0.0,0.0,0.0,0.0,0.0,0.0
1,0,1.0,0.0,0.0,0.0,0.0,0.0,0.0,0.0,0.0,0.0,0.0
1,0,1.0,0.0,0.0,0.0,0.0,0.0,0.0,0.0,0.0,0.0,0.0
1,0,1.0,0.0,0.0,0.0,0.0,0.0,0.0,0.0,0.0,0.0,0.0
1,0,1.0,0.0,0.0,0.0,0.0,0.0,0.0,0.0,0.0,0.0,0.0
1,0,1.0,0.0,0.0,0.0,0.0,0.0,0.0,0.0,0.0,0.0,0.0
1,0,1.0,0.0,0.0,0.0,0.0,0.0,0.0,0.0,0.0,0.0,0.0
1,0,1.0,0.0,0.0,0.0,0.0,0.0,0.0,0.0,0.0,0.0,0.0
1,0,1.0,0.0,0.0,0.0,0.0,0.0,0.0,0.0,0.0,0.0,0.0
1,0,1.0,0.0,0.0,0.0,0.0,0.0,0.0,0.0,0.0,0.0,0.0
1,0,1.0,0.0,0.0,0.0,0.0,0.0,0.0,0.0,0.0,0.0,0.0
1,0,1.0,0.0,0.0,0.0,0.0,0.0,0.0,0.0,0.0,0.0,0.0
1,0,1.0,0.0,0.0,0.0,0.0,0.0,0.0,0.0,0.0,0.0,0.0
1,0,1.0,0.0,0.0,0.0,0.0,0.0,0.0,0.0,0.0,0.0,0.0
1,0,1.0,0.0,0.0,0.0,0.0,0.0,0.0,0.0,0.0,0.0,0.0
1,0,1.0,0.0,0.0,0.0,0.0,0.0,0.0,0.0,0.0,0.0,0.0
1,0,1.0,0.0,0.0,0.0,0.0,0.0,0.0,0.0,0.0,0.0,0.0
1,0,1.0,0.0,0.0,0.0,0.0,0.0,0.0,0.0,0.0,0.0,0.0
1,0,1.0,0.0,0.0,0.0,0.0,0.0,0.0,0.0,0.0,0.0,0.0
1,0,1.0,0.0,0.0,0.0,0.0,0.0,0.0,0.0,0.0,0.0,0.0
1,0,1.0,0.0,0.0,0.0,0.0,0.0,0.0,0.0,0.0,0.0,0.0
1,0,1.0,0.0,0.0,0.0,0.0,0.0,0.0,0.0,0.0,0.0,0.0
1,0,1.0,0.0,0.0,0.0,0.0,0.0,0.0,0.0,0.0,0.0,0.0
1,0,1.0,0.0,0.0,0.0,0.0,0.0,0.0,0.0,0.0,0.0,0.0
1,0,1.0,0.0,0.0,0.0,0.0,0.0,0.0,0.0,0.0,0.0,0.0
1,0,1.0,0.0,0.0,0.0,0.0,0.0,0.0,0.0,0.0,0.0,0.0
1,0,1.0,0.0,0.0,0.0,0.0,0.0,0.0,0.0,0.0,0.0,0.0
1,0,1.0,0.0,0.0,0.0,0.0,0.0,0.0,0.0,0.0,0.0,0.0
1,0,1.0,0.0,0.0,0.0,0.0,0.0,0.0,0.0,0.0,0.0,0.0
1,0,1.0,0.0,0.0,0.0,0.0,0.0,0.0,0.0,0.0,0.0,0.0
1,0,1.0,0.0,0.0,0.0,0.0,0.0,0.0,0.0,0.0,0.0,0.0
1,0,1.0,0.0,0.0,0.0,0.0,0.0,0.0,0.0,0.0,0.0,0.0
1,0,1.0,0.0,0.0,0.0,0.0,0.0,0.0,0.0,0.0,0.0,0.0
1,0,1.0,0.0,0.0,0.0,0.0,0.0,0.0,0.0,0.0,0.0,0.0
1,0,1.0,0.0,0.0,0.0,0.0,0.0,0.0,0.0,0.0,0.0,0.0
1,0,1.0,0.0,0.0,0.0,0.0,0.0,0.0,0.0,0.0,0.0,0.0
1,0,1.0,0.0,0.0,0.0,0.0,0.0,0.0,0.0,0.0,0.0,0.0
1,0,1.0,0.0,0.0,0.0,0.0,0.0,0.0,0.0,0.0,0.0,0.0
1,0,1.0,0.0,0.0,0.0,0.0,0.0,0.0,0.0,0.0,0.0,0.0
1,0,1.0,0.0,0.0,0.0,0.0,0.0,0.0,0.0,0.0,0.0,0.0
1,0,1.0,0.0,0.0,0.0,0.0,0.0,0.0,0.0,0.0,0.0,0.0
1,0,1.0,0.0,0.0,0.0,0.0,0.0,0.0,0.0,0.0,0.0,0.0
1,0,1.0,0.0,0.0,0.0,0.0,0.0,0.0,0.0,0.0,0.0,0.0
1,0,1.0,0.0,0.0,0.0,0.0,0.0,0.0,0.0,0.0,0.0,0.0
1,0,1.0,0.0,0.0,0.0,0.0,0.0,0.0,0.0,0.0,0.0,0.0
1,0,1.0,0.0,0.0,0.0,0.0,0.0,0.0,0.0,0.0,0.0,0.0
1,0,1.0,0.0,0.0,0.0,0.0,0.0,0.0,0.0,0.0,0.0,0.0
1,0,1.0,0.0,0.0,0.0,0.0,0.0,0.0,0.0,0.0,0.0,0.0
1,0,1.0,0.0,0.0,0.0,0.0,0.0,0.0,0.0,0.0,0.0,0.0
1,0,1.0,0.0,0.0,0.0,0.0,0.0,0.0,0.0,0.0,0.0,0.0
1,0,1.0,0.0,0.0,0.0,0.0,0.0,0.0,0.0,0.0,0.0,0.0
1,0,1.0,0.0,0.0,0.0,0.0,0.0,0.0,0.0,0.0,0.0,0.0
1,0,0.9375,0.0,0.0,0.0625,0.0,0.0,0.0,0.0,0.0,0.0,0.0
1,0,0.9375,0.0,0.0,0.0625,0.0,0.0,0.0,0.0,0.0,0.0,0.0
1,0,0.9375,0.0,0.0,0.0625,0.0,0.0,0.0,0.0,0.0,0.0,0.0
1,0,0.9375,0.0,0.0,0.0625,0.0,0.0,0.0,0.0,0.0,0.0,0.0
1,0,0.9375,0.0,0.0,0.0625,0.0,0.0,0.0,0.0,0.0,0.0,0.0
1,0,0.9375,0.0,0.0,0.0625,0.0,0.0,0.0,0.0,0.0,0.0,0.0
1,0,0.9375,0.0,0.0,0.0625,0.0,0.0,0.0,0.0,0.0,0.0,0.0
1,0,0.9375,0.0,0.0,0.0625,0.0,0.0,0.0,0.0,0.0,0.0,0.0
1,0,0.9375,0.0,0.0,0.0625,0.0,0.0,0.0,0.0,0.0,0.0,0.0
1,0,0.9375,0.0,0.0,0.0625,0.0,0.0,0.0,0.0,0.0,0.0,0.0
1,0,0.9375,0.0,0.0,0.0625,0.0,0.0,0.0,0.0,0.0,0.0,0.0
1,0,0.9375,0.0,0.0,0.0625,0.0,0.0,0.0,0.0,0.0,0.0,0.0
1,0,0.9375,0.0,0.0,0.0625,0.0,0.0,0.0,0.0,0.0,0.0,0.0
1,0,0.9375,0.0,0.0,0.0625,0.0,0.0,0.0,0.0,0.0,0.0,0.0
1,0,0.9375,0.0,0.0,0.0625,0.0,0.0,0.0,0.0,0.0,0.0,0.0
1,0,0.9375,0.0,0.0,0.0625,0.0,0.0,0.0,0.0,0.0,0.0,0.0
1,0,0.9375,0.0,0.0,0.0625,0.0,0.0,0.0,0.0,0.0,0.0,0.0
1,0,0.9375,0.0,0.0,0.0625,0.0,0.0,0.0,0.0,0.0,0.0,0.0
1,0,0.9375,0.0,0.0,0.0625,0.0,0.0,0.0,0.0,0.0,0.0,0.0
1,0,0.9375,0.0,0.0,0.0625,0.0,0.0,0.0,0.0,0.0,0.0,0.0
1,0,0.9375,0.0,0.0,0.0625,0.0,0.0,0.0,0.0,0.0,0.0,0.0
1,0,0.9375,0.0,0.0,0.0625,0.0,0.0,0.0,0.0,0.0,0.0,0.0
1,0,0.9375,0.0,0.0,0.0625,0.0,0.0,0.0,0.0,0.0,0.0,0.0
1,0,0.9375,0.0,0.0,0.0625,0.0,0.0,0.0,0.0,0.0,0.0,0.0
1,0,0.9375,0.0,0.0,0.0625,0.0,0.0,0.0,0.0,0.0,0.0,0.0
1,0,0.9375,0.0,0.0,0.0625,0.0,0.0,0.0,0.0,0.0,0.0,0.0
1,0,0.9375,0.0,0.0,0.0625,0.0,0.0,0.0,0.0,0.0,0.0,0.0
1,0,0.9375,0.0,0.0,0.0625,0.0,0.0,0.0,0.0,0.0,0.0,0.0
1,0,0.9375,0.0,0.0,0.0625,0.0,0.0,0.0,0.0,0.0,0.0,0.0
1,0,0.9375,0.0,0.0,0.0625,0.0,0.0,0.0,0.0,0.0,0.0,0.0
1,0,0.9375,0.0,0.0,0.0625,0.0,0.0,0.0,0.0,0.0,0.0,0.0
1,0,0.9375,0.0,0.0,0.0625,0.0,0.0,0.0,0.0,0.0,0.0,0.0
1,0,0.9375,0.0,0.0,0.0625,0.0,0.0,0.0,0.0,0.0,0.0,0.0
1,0,0.9375,0.0,0.0,0.0625,0.0,0.0,0.0,0.0,0.0,0.0,0.0
1,0,0.9375,0.0,0.0,0.0625,0.0,0.0,0.0,0.0,0.0,0.0,0.0
1,0,0.9375,0.0,0.0,0.0625,0.0,0.0,0.0,0.0,0.0,0.0,0.0
1,0,0.9375,0.0,0.0,0.0625,0.0,0.0,0.0,0.0,0.0,0.0,0.0
1,0,0.9375,0.0,0.0,0.0625,0.0,0.0,0.0,0.0,0.0,0.0,0.0
1,0,0.9375,0.0,0.0,0.0625,0.0,0.0,0.0,0.0,0.0,0.0,0.0
1,0,0.9375,0.0,0.0,0.0625,0.0,0.0,0.0,0.0,0.0,0.0,0.0
1,0,0.9375,0.0,0.0,0.0625,0.0,0.0,0.0,0.0,0.0,0.0,0.0
1,0,0.9375,0.0,0.0,0.0625,0.0,0.0,0.0,0.0,0.0,0.0,0.0
1,0,0.9375,0.0,0.0,0.0625,0.0,0.0,0.0,0.0,0.0,0.0,0.0
1,0,0.9375,0.0,0.0,0.0625,0.0,0.0,0.0,0.0,0.0,0.0,0.0
1,0,0.9375,0.0,0.0,0.0625,0.0,0.0,0.0,0.0,0.0,0.0,0.0
1,0,0.9375,0.0,0.0,0.0625,0.0,0.0,0.0,0.0,0.0,0.0,0.0
1,0,0.9375,0.0,0.0,0.0625,0.0,0.0,0.0,0.0,0.0,0.0,0.0
1,0,0.9375,0.0,0.0,0.0625,0.0,0.0,0.0,0.0,0.0,0.0,0.0
1,0,0.9375,0.0,0.0,0.0625,0.0,0.0,0.0,0.0,0.0,0.0,0.0
1,0,0.9375,0.0,0.0,0.0625,0.0,0.0,0.0,0.0,0.0,0.0,0.0
1,0,0.9375,0.0,0.0,0.0625,0.0,0.0,0.0,0.0,0.0,0.0,0.0
1,0,0.9375,0.0,0.0,0.0625,0.0,0.0,0.0,0.0,0.0,0.0,0.0
1,0,0.9375,0.0,0.0,0.0625,0.0,0.0,0.0,0.0,0.0,0.0,0.0
1,0,0.9375,0.0,0.0,0.0625,0.0,0.0,0.0,0.0,0.0,0.0,0.0
1,0,0.9375,0.0,0.0,0.0625,0.0,0.0,0.0,0.0,0.0,0.0,0.0
1,0,0.9375,0.0,0.0,0.0625,0.0,0.0,0.0,0.0,0.0,0.0,0.0
1,0,0.9375,0.0,0.0,0.0625,0.0,0.0,0.0,0.0,0.0,0.0,0.0
1,0,0.9375,0.0,0.0,0.0625,0.0,0.0,0.0,0.0,0.0,0.0,0.0
1,0,0.9375,0.0,0.0,0.0625,0.0,0.0,0.0,0.0,0.0,0.0,0.0
1,0,0.9375,0.0,0.0,0.0625,0.0,0.0,0.0,0.0,0.0,0.0,0.0
1,0,0.9375,0.0,0.0,0.0625,0.0,0.0,0.0,0.0,0.0,0.0,0.0
1,0,0.9375,0.0,0.0,0.0625,0.0,0.0,0.0,0.0,0.0,0.0,0.0
1,0,0.9375,0.0,0.0,0.0625,0.0,0.0,0.0,0.0,0.0,0.0,0.0
1,0,0.9375,0.0,0.0,0.0625,0.0,0.0,0.0,0.0,0.0,0.0,0.0
1,0,0.9375,0.0,0.0,0.0625,0.0,0.0,0.0,0.0,0.0,0.0,0.0
1,0,0.9375,0.0,0.0,0.0625,0.0,0.0,0.0,0.0,0.0,0.0,0.0
1,0,0.9375,0.0,0.0,0.0625,0.0,0.0,0.0,0.0,0.0,0.0,0.0
1,0,0.9375,0.0,0.0,0.0625,0.0,0.0,0.0,0.0,0.0,0.0,0.0
1,0,0.9375,0.0,0.0,0.0625,0.0,0.0,0.0,0.0,0.0,0.0,0.0
1,0,0.9375,0.0,0.0,0.0625,0.0,0.0,0.0,0.0,0.0,0.0,0.0
1,0,0.9375,0.0,0.0,0.0625,0.0,0.0,0.0,0.0,0.0,0.0,0.0
1,0,0.9375,0.0,0.0,0.0625,0.0,0.0,0.0,0.0,0.0,0.0,0.0
1,0,0.9375,0.0,0.0,0.0625,0.0,0.0,0.0,0.0,0.0,0.0,0.0
1,0,0.9375,0.0,0.0,0.0625,0.0,0.0,0.0,0.0,0.0,0.0,0.0
1,0,0.9375,0.0,0.0,0.0625,0.0,0.0,0.0,0.0,0.0,0.0,0.0
1,0,0.9375,0.0,0.0,0.0625,0.0,0.0,0.0,0.0,0.0,0.0,0.0
1,0,0.9375,0.0,0.0,0.0625,0.0,0.0,0.0,0.0,0.0,0.0,0.0
1,0,0.9375,0.0,0.0,0.0625,0.0,0.0,0.0,0.0,0.0,0.0,0.0
1,0,0.9375,0.0,0.0,0.0625,0.0,0.0,0.0,0.0,0.0,0.0,0.0
1,0,0.9375,0.0,0.0,0.0625,0.0,0.0,0.0,0.0,0.0,0.0,0.0
1,0,0.9375,0.0,0.0,0.0625,0.0,0.0,0.0,0.0,0.0,0.0,0.0
1,0,0.9375,0.0,0.0,0.0625,0.0,0.0,0.0,0.0,0.0,0.0,0.0
1,0,0.9375,0.0,0.0,0.0625,0.0,0.0,0.0,0.0,0.0,0.0,0.0
1,0,0.9375,0.0,0.0,0.0625,0.0,0.0,0.0,0.0,0.0,0.0,0.0
1,0,0.9375,0.0,0.0,0.0625,0.0,0.0,0.0,0.0,0.0,0.0,0.0
1,0,0.9375,0.0,0.0,0.0625,0.0,0.0,0.0,0.0,0.0,0.0,0.0
1,0,0.9375,0.0,0.0,0.0625,0.0,0.0,0.0,0.0,0.0,0.0,0.0
1,0,0.9375,0.0,0.0,0.0625,0.0,0.0,0.0,0.0,0.0,0.0,0.0
1,0,0.9375,0.0,0.0,0.0625,0.0,0.0,0.0,0.0,0.0,0.0,0.0
1,0,0.9375,0.0,0.0,0.0625,0.0,0.0,0.0,0.0,0.0,0.0,0.0
1,0,0.9375,0.0,0.0,0.0625,0.0,0.0,0.0,0.0,0.0,0.0,0.0
1,0,0.9375,0.0,0.0,0.0625,0.0,0.0,0.0,0.0,0.0,0.0,0.0
1,0,0.9375,0.0,0.0,0.0625,0.0,0.0,0.0,0.0,0.0,0.0,0.0
1,0,0.9375,0.0,0.0,0.0625,0.0,0.0,0.0,0.0,0.0,0.0,0.0
1,0,0.9375,0.0,0.0,0.0625,0.0,0.0,0.0,0.0,0.0,0.0,0.0
1,0,0.9375,0.0,0.0,0.0625,0.0,0.0,0.0,0.0,0.0,0.0,0.0
1,0,0.875,0.0,0.0625,0.0625,0.0,0.0,0.0,0.0,0.0,0.0,0.0
1,0,0.875,0.0,0.0625,0.0625,0.0,0.0,0.0,0.0,0.0,0.0,0.0
1,0,0.875,0.0,0.0625,0.0625,0.0,0.0,0.0,0.0,0.0,0.0,0.0
1,0,0.875,0.0,0.0625,0.0625,0.0,0.0,0.0,0.0,0.0,0.0,0.0
1,0,0.875,0.0,0.0625,0.0625,0.0,0.0,0.0,0.0,0.0,0.0,0.0
1,0,0.875,0.0,0.0625,0.0625,0.0,0.0,0.0,0.0,0.0,0.0,0.0
1,0,0.875,0.0,0.0625,0.0625,0.0,0.0,0.0,0.0,0.0,0.0,0.0
1,0,0.875,0.0,0.0625,0.0625,0.0,0.0,0.0,0.0,0.0,0.0,0.0
1,0,0.875,0.0,0.0625,0.0625,0.0,0.0,0.0,0.0,0.0,0.0,0.0
1,0,0.875,0.0,0.0625,0.0625,0.0,0.0,0.0,0.0,0.0,0.0,0.0
1,0,0.875,0.0,0.0625,0.0625,0.0,0.0,0.0,0.0,0.0,0.0,0.0
1,0,0.875,0.0,0.0625,0.0625,0.0,0.0,0.0,0.0,0.0,0.0,0.0
1,0,0.875,0.0,0.0625,0.0625,0.0,0.0,0.0,0.0,0.0,0.0,0.0
1,0,0.875,0.0,0.0625,0.0625,0.0,0.0,0.0,0.0,0.0,0.0,0.0
1,0,0.875,0.0,0.0625,0.0625,0.0,0.0,0.0,0.0,0.0,0.0,0.0
1,0,0.875,0.0,0.0625,0.0625,0.0,0.0,0.0,0.0,0.0,0.0,0.0
1,0,0.875,0.0,0.0625,0.0625,0.0,0.0,0.0,0.0,0.0,0.0,0.0
1,0,0.875,0.0,0.0625,0.0625,0.0,0.0,0.0,0.0,0.0,0.0,0.0
1,0,0.875,0.0,0.0625,0.0625,0.0,0.0,0.0,0.0,0.0,0.0,0.0
1,0,0.875,0.0,0.0625,0.0625,0.0,0.0,0.0,0.0,0.0,0.0,0.0
1,0,0.875,0.0,0.0625,0.0625,0.0,0.0,0.0,0.0,0.0,0.0,0.0
1,0,0.875,0.0,0.0625,0.0625,0.0,0.0,0.0,0.0,0.0,0.0,0.0
1,0,0.875,0.0,0.0625,0.0625,0.0,0.0,0.0,0.0,0.0,0.0,0.0
1,0,0.875,0.0,0.0625,0.0625,0.0,0.0,0.0,0.0,0.0,0.0,0.0
1,0,0.875,0.0,0.0625,0.0625,0.0,0.0,0.0,0.0,0.0,0.0,0.0
1,0,0.875,0.0,0.0625,0.0625,0.0,0.0,0.0,0.0,0.0,0.0,0.0
1,0,0.875,0.0,0.0625,0.0625,0.0,0.0,0.0,0.0,0.0,0.0,0.0
1,0,0.875,0.0,0.0625,0.0625,0.0,0.0,0.0,0.0,0.0,0.0,0.0
1,0,0.875,0.0,0.0625,0.0625,0.0,0.0,0.0,0.0,0.0,0.0,0.0
1,0,0.875,0.0,0.0625,0.0625,0.0,0.0,0.0,0.0,0.0,0.0,0.0
1,0,0.875,0.0,0.0625,0.0625,0.0,0.0,0.0,0.0,0.0,0.0,0.0
1,0,0.875,0.0,0.0625,0.0625,0.0,0.0,0.0,0.0,0.0,0.0,0.0
1,0,0.875,0.0,0.0625,0.0625,0.0,0.0,0.0,0.0,0.0,0.0,0.0
1,0,0.875,0.0,0.0625,0.0625,0.0,0.0,0.0,0.0,0.0,0.0,0.0
1,0,0.875,0.0,0.0625,0.0625,0.0,0.0,0.0,0.0,0.0,0.0,0.0
1,0,0.875,0.0,0.0625,0.0625,0.0,0.0,0.0,0.0,0.0,0.0,0.0
1,0,0.875,0.0,0.0625,0.0625,0.0,0.0,0.0,0.0,0.0,0.0,0.0
1,0,0.875,0.0,0.0625,0.0625,0.0,0.0,0.0,0.0,0.0,0.0,0.0
1,0,0.875,0.0,0.0625,0.0625,0.0,0.0,0.0,0.0,0.0,0.0,0.0
1,0,0.875,0.0,0.0625,0.0625,0.0,0.0,0.0,0.0,0.0,0.0,0.0
1,0,0.875,0.0,0.0625,0.0625,0.0,0.0,0.0,0.0,0.0,0.0,0.0
1,0,0.875,0.0,0.0625,0.0625,0.0,0.0,0.0,0.0,0.0,0.0,0.0
1,0,0.875,0.0,0.0625,0.0625,0.0,0.0,0.0,0.0,0.0,0.0,0.0
1,0,0.875,0.0,0.0625,0.0625,0.0,0.0,0.0,0.0,0.0,0.0,0.0
1,0,0.875,0.0,0.0625,0.0625,0.0,0.0,0.0,0.0,0.0,0.0,0.0
1,0,0.875,0.0,0.0625,0.0625,0.0,0.0,0.0,0.0,0.0,0.0,0.0
1,0,0.875,0.0,0.0625,0.0625,0.0,0.0,0.0,0.0,0.0,0.0,0.0
1,0,0.875,0.0,0.0625,0.0625,0.0,0.0,0.0,0.0,0.0,0.0,0.0
1,0,0.875,0.0,0.0625,0.0625,0.0,0.0,0.0,0.0,0.0,0.0,0.0
1,0,0.875,0.0,0.0625,0.0625,0.0,0.0,0.0,0.0,0.0,0.0,0.0
1,0,0.875,0.0,0.0625,0.0625,0.0,0.0,0.0,0.0,0.0,0.0,0.0
1,0,0.875,0.0,0.0625,0.0625,0.0,0.0,0.0,0.0,0.0,0.0,0.0
1,0,0.875,0.0,0.0625,0.0625,0.0,0.0,0.0,0.0,0.0,0.0,0.0
1,0,0.875,0.0,0.0625,0.0625,0.0,0.0,0.0,0.0,0.0,0.0,0.0
1,0,0.9375,0.0,0.0625,0.0,0.0,0.0,0.0,0.0,0.0,0.0,0.0
1,0,0.9375,0.0,0.0625,0.0,0.0,0.0,0.0,0.0,0.0,0.0,0.0
1,0,0.9375,0.0,0.0625,0.0,0.0,0.0,0.0,0.0,0.0,0.0,0.0
1,0,0.9375,0.0,0.0625,0.0,0.0,0.0,0.0,0.0,0.0,0.0,0.0
1,0,0.9375,0.0,0.0625,0.0,0.0,0.0,0.0,0.0,0.0,0.0,0.0
1,0,0.9375,0.0,0.0625,0.0,0.0,0.0,0.0,0.0,0.0,0.0,0.0
1,0,0.9375,0.0,0.0625,0.0,0.0,0.0,0.0,0.0,0.0,0.0,0.0
1,0,0.9375,0.0,0.0625,0.0,0.0,0.0,0.0,0.0,0.0,0.0,0.0
1,0,0.9375,0.0,0.0625,0.0,0.0,0.0,0.0,0.0,0.0,0.0,0.0
1,0,0.9375,0.0,0.0625,0.0,0.0,0.0,0.0,0.0,0.0,0.0,0.0
1,0,0.9375,0.0,0.0625,0.0,0.0,0.0,0.0,0.0,0.0,0.0,0.0
1,0,0.9375,0.0,0.0625,0.0,0.0,0.0,0.0,0.0,0.0,0.0,0.0
1,0,0.9375,0.0,0.0625,0.0,0.0,0.0,0.0,0.0,0.0,0.0,0.0
1,0,0.9375,0.0,0.0625,0.0,0.0,0.0,0.0,0.0,0.0,0.0,0.0
1,0,0.9375,0.0,0.0625,0.0,0.0,0.0,0.0,0.0,0.0,0.0,0.0
1,0,0.9375,0.0,0.0625,0.0,0.0,0.0,0.0,0.0,0.0,0.0,0.0
1,0,0.9375,0.0,0.0625,0.0,0.0,0.0,0.0,0.0,0.0,0.0,0.0
1,0,0.9375,0.0,0.0625,0.0,0.0,0.0,0.0,0.0,0.0,0.0,0.0
1,0,0.9375,0.0,0.0625,0.0,0.0,0.0,0.0,0.0,0.0,0.0,0.0
1,0,0.9375,0.0,0.0625,0.0,0.0,0.0,0.0,0.0,0.0,0.0,0.0
1,0,0.9375,0.0,0.0625,0.0,0.0,0.0,0.0,0.0,0.0,0.0,0.0
1,0,0.9375,0.0,0.0625,0.0,0.0,0.0,0.0,0.0,0.0,0.0,0.0
1,0,0.9375,0.0,0.0625,0.0,0.0,0.0,0.0,0.0,0.0,0.0,0.0
1,0,0.9375,0.0,0.0625,0.0,0.0,0.0,0.0,0.0,0.0,0.0,0.0
1,0,0.9375,0.0,0.0625,0.0,0.0,0.0,0.0,0.0,0.0,0.0,0.0
1,0,0.9375,0.0,0.0625,0.0,0.0,0.0,0.0,0.0,0.0,0.0,0.0
1,0,0.9375,0.0,0.0625,0.0,0.0,0.0,0.0,0.0,0.0,0.0,0.0
1,0,0.9375,0.0,0.0625,0.0,0.0,0.0,0.0,0.0,0.0,0.0,0.0
1,0,0.9375,0.0,0.0625,0.0,0.0,0.0,0.0,0.0,0.0,0.0,0.0
1,0,0.9375,0.0,0.0625,0.0,0.0,0.0,0.0,0.0,0.0,0.0,0.0
1,0,0.9375,0.0,0.0625,0.0,0.0,0.0,0.0,0.0,0.0,0.0,0.0
1,0,0.9375,0.0,0.0625,0.0,0.0,0.0,0.0,0.0,0.0,0.0,0.0
1,0,0.9375,0.0,0.0625,0.0,0.0,0.0,0.0,0.0,0.0,0.0,0.0
1,0,0.9375,0.0,0.0625,0.0,0.0,0.0,0.0,0.0,0.0,0.0,0.0
1,0,0.9375,0.0,0.0625,0.0,0.0,0.0,0.0,0.0,0.0,0.0,0.0
1,0,0.9375,0.0,0.0625,0.0,0.0,0.0,0.0,0.0,0.0,0.0,0.0
1,0,0.9375,0.0,0.0625,0.0,0.0,0.0,0.0,0.0,0.0,0.0,0.0
1,0,0.9375,0.0,0.0625,0.0,0.0,0.0,0.0,0.0,0.0,0.0,0.0
1,0,0.9375,0.0,0.0625,0.0,0.0,0.0,0.0,0.0,0.0,0.0,0.0
1,0,0.9375,0.0,0.0625,0.0,0.0,0.0,0.0,0.0,0.0,0.0,0.0
1,0,0.9375,0.0,0.0625,0.0,0.0,0.0,0.0,0.0,0.0,0.0,0.0
1,0,0.9375,0.0,0.0625,0.0,0.0,0.0,0.0,0.0,0.0,0.0,0.0
1,0,0.9375,0.0,0.0625,0.0,0.0,0.0,0.0,0.0,0.0,0.0,0.0
1,0,0.9375,0.0,0.0625,0.0,0.0,0.0,0.0,0.0,0.0,0.0,0.0
1,0,0.9375,0.0,0.0625,0.0,0.0,0.0,0.0,0.0,0.0,0.0,0.0
1,0,0.9375,0.0,0.0625,0.0,0.0,0.0,0.0,0.0,0.0,0.0,0.0
1,0,0.9375,0.0,0.0625,0.0,0.0,0.0,0.0,0.0,0.0,0.0,0.0
1,0,0.9375,0.0,0.0625,0.0,0.0,0.0,0.0,0.0,0.0,0.0,0.0
1,0,0.9375,0.0,0.0625,0.0,0.0,0.0,0.0,0.0,0.0,0.0,0.0
1,0,0.9375,0.0,0.0625,0.0,0.0,0.0,0.0,0.0,0.0,0.0,0.0
1,0,0.9375,0.0,0.0625,0.0,0.0,0.0,0.0,0.0,0.0,0.0,0.0
1,0,0.9375,0.0,0.0625,0.0,0.0,0.0,0.0,0.0,0.0,0.0,0.0
1,0,0.9375,0.0,0.0625,0.0,0.0,0.0,0.0,0.0,0.0,0.0,0.0
1,0,0.9375,0.0,0.0625,0.0,0.0,0.0,0.0,0.0,0.0,0.0,0.0
1,0,0.9375,0.0,0.0625,0.0,0.0,0.0,0.0,0.0,0.0,0.0,0.0
1,0,0.9375,0.0,0.0625,0.0,0.0,0.0,0.0,0.0,0.0,0.0,0.0
1,0,0.9375,0.0,0.0625,0.0,0.0,0.0,0.0,0.0,0.0,0.0,0.0
1,0,0.9375,0.0,0.0625,0.0,0.0,0.0,0.0,0.0,0.0,0.0,0.0
1,0,0.9375,0.0,0.0625,0.0,0.0,0.0,0.0,0.0,0.0,0.0,0.0
1,0,0.9375,0.0,0.0625,0.0,0.0,0.0,0.0,0.0,0.0,0.0,0.0
1,0,0.9375,0.0,0.0625,0.0,0.0,0.0,0.0,0.0,0.0,0.0,0.0
1,0,0.9375,0.0,0.0625,0.0,0.0,0.0,0.0,0.0,0.0,0.0,0.0
1,0,0.9375,0.0,0.0625,0.0,0.0,0.0,0.0,0.0,0.0,0.0,0.0
1,0,0.9375,0.0,0.0625,0.0,0.0,0.0,0.0,0.0,0.0,0.0,0.0
1,0,0.9375,0.0,0.0625,0.0,0.0,0.0,0.0,0.0,0.0,0.0,0.0
1,0,0.9375,0.0,0.0625,0.0,0.0,0.0,0.0,0.0,0.0,0.0,0.0
1,0,0.9375,0.0,0.0625,0.0,0.0,0.0,0.0,0.0,0.0,0.0,0.0
1,0,0.9375,0.0,0.0625,0.0,0.0,0.0,0.0,0.0,0.0,0.0,0.0
1,0,0.9375,0.0,0.0625,0.0,0.0,0.0,0.0,0.0,0.0,0.0,0.0
1,0,0.9375,0.0,0.0625,0.0,0.0,0.0,0.0,0.0,0.0,0.0,0.0
1,0,0.9375,0.0,0.0625,0.0,0.0,0.0,0.0,0.0,0.0,0.0,0.0
1,0,0.9375,0.0,0.0625,0.0,0.0,0.0,0.0,0.0,0.0,0.0,0.0
1,0,0.9375,0.0,0.0625,0.0,0.0,0.0,0.0,0.0,0.0,0.0,0.0
1,0,0.9375,0.0,0.0625,0.0,0.0,0.0,0.0,0.0,0.0,0.0,0.0
1,0,0.9375,0.0,0.0625,0.0,0.0,0.0,0.0,0.0,0.0,0.0,0.0
1,0,0.9375,0.0,0.0625,0.0,0.0,0.0,0.0,0.0,0.0,0.0,0.0
1,0,0.9375,0.0,0.0625,0.0,0.0,0.0,0.0,0.0,0.0,0.0,0.0
1,0,0.9375,0.0,0.0625,0.0,0.0,0.0,0.0,0.0,0.0,0.0,0.0
1,0,0.9375,0.0,0.0625,0.0,0.0,0.0,0.0,0.0,0.0,0.0,0.0
1,0,0.9375,0.0,0.0625,0.0,0.0,0.0,0.0,0.0,0.0,0.0,0.0
1,0,0.9375,0.0,0.0625,0.0,0.0,0.0,0.0,0.0,0.0,0.0,0.0
1,0,0.9375,0.0,0.0625,0.0,0.0,0.0,0.0,0.0,0.0,0.0,0.0
1,0,0.9375,0.0,0.0625,0.0,0.0,0.0,0.0,0.0,0.0,0.0,0.0
1,0,0.9375,0.0,0.0625,0.0,0.0,0.0,0.0,0.0,0.0,0.0,0.0
1,0,0.9375,0.0,0.0625,0.0,0.0,0.0,0.0,0.0,0.0,0.0,0.0
1,0,0.9375,0.0,0.0625,0.0,0.0,0.0,0.0,0.0,0.0,0.0,0.0
1,0,0.9375,0.0,0.0625,0.0,0.0,0.0,0.0,0.0,0.0,0.0,0.0
1,0,0.9375,0.0,0.0625,0.0,0.0,0.0,0.0,0.0,0.0,0.0,0.0
1,0,0.9375,0.0,0.0625,0.0,0.0,0.0,0.0,0.0,0.0,0.0,0.0
1,0,0.9375,0.0,0.0625,0.0,0.0,0.0,0.0,0.0,0.0,0.0,0.0
1,0,0.9375,0.0,0.0625,0.0,0.0,0.0,0.0,0.0,0.0,0.0,0.0
1,0,0.9375,0.0,0.0625,0.0,0.0,0.0,0.0,0.0,0.0,0.0,0.0
1,0,0.9375,0.0,0.0625,0.0,0.0,0.0,0.0,0.0,0.0,0.0,0.0
1,0,0.9375,0.0,0.0625,0.0,0.0,0.0,0.0,0.0,0.0,0.0,0.0
1,0,0.9375,0.0,0.0625,0.0,0.0,0.0,0.0,0.0,0.0,0.0,0.0
1,0,0.9375,0.0,0.0625,0.0,0.0,0.0,0.0,0.0,0.0,0.0,0.0
1,0,0.9375,0.0,0.0625,0.0,0.0,0.0,0.0,0.0,0.0,0.0,0.0
1,0,0.9375,0.0,0.0625,0.0,0.0,0.0,0.0,0.0,0.0,0.0,0.0
1,0,0.9375,0.0,0.0625,0.0,0.0,0.0,0.0,0.0,0.0,0.0,0.0
1,0,0.9375,0.0,0.0625,0.0,0.0,0.0,0.0,0.0,0.0,0.0,0.0
1,0,0.9375,0.0,0.0625,0.0,0.0,0.0,0.0,0.0,0.0,0.0,0.0
1,0,0.9375,0.0,0.0625,0.0,0.0,0.0,0.0,0.0,0.0,0.0,0.0
1,0,0.9375,0.0,0.0625,0.0,0.0,0.0,0.0,0.0,0.0,0.0,0.0
1,0,0.9375,0.0,0.0625,0.0,0.0,0.0,0.0,0.0,0.0,0.0,0.0
1,0,0.9375,0.0,0.0625,0.0,0.0,0.0,0.0,0.0,0.0,0.0,0.0
1,0,0.9375,0.0,0.0625,0.0,0.0,0.0,0.0,0.0,0.0,0.0,0.0
1,0,0.9375,0.0,0.0625,0.0,0.0,0.0,0.0,0.0,0.0,0.0,0.0
1,0,0.9375,0.0,0.0625,0.0,0.0,0.0,0.0,0.0,0.0,0.0,0.0
1,0,0.9375,0.0,0.0625,0.0,0.0,0.0,0.0,0.0,0.0,0.0,0.0
1,0,0.9375,0.0,0.0625,0.0,0.0,0.0,0.0,0.0,0.0,0.0,0.0
1,0,0.9375,0.0,0.0625,0.0,0.0,0.0,0.0,0.0,0.0,0.0,0.0
1,0,0.9375,0.0,0.0625,0.0,0.0,0.0,0.0,0.0,0.0,0.0,0.0
1,0,0.9375,0.0,0.0625,0.0,0.0,0.0,0.0,0.0,0.0,0.0,0.0
1,0,0.9375,0.0,0.0625,0.0,0.0,0.0,0.0,0.0,0.0,0.0,0.0
1,0,0.9375,0.0,0.0625,0.0,0.0,0.0,0.0,0.0,0.0,0.0,0.0
1,0,0.9375,0.0,0.0625,0.0,0.0,0.0,0.0,0.0,0.0,0.0,0.0
1,0,0.9375,0.0,0.0625,0.0,0.0,0.0,0.0,0.0,0.0,0.0,0.0
1,0,0.9375,0.0,0.0625,0.0,0.0,0.0,0.0,0.0,0.0,0.0,0.0
1,0,0.9375,0.0,0.0625,0.0,0.0,0.0,0.0,0.0,0.0,0.0,0.0
1,0,0.9375,0.0,0.0625,0.0,0.0,0.0,0.0,0.0,0.0,0.0,0.0
1,0,0.9375,0.0,0.0625,0.0,0.0,0.0,0.0,0.0,0.0,0.0,0.0
1,0,0.9375,0.0,0.0625,0.0,0.0,0.0,0.0,0.0,0.0,0.0,0.0
1,0,0.9375,0.0,0.0625,0.0,0.0,0.0,0.0,0.0,0.0,0.0,0.0
1,0,0.9375,0.0,0.0625,0.0,0.0,0.0,0.0,0.0,0.0,0.0,0.0
1,0,0.9375,0.0,0.0625,0.0,0.0,0.0,0.0,0.0,0.0,0.0,0.0
1,0,0.9375,0.0,0.0625,0.0,0.0,0.0,0.0,0.0,0.0,0.0,0.0
1,0,0.9375,0.0,0.0625,0.0,0.0,0.0,0.0,0.0,0.0,0.0,0.0
1,0,0.9375,0.0,0.0625,0.0,0.0,0.0,0.0,0.0,0.0,0.0,0.0
1,0,0.9375,0.0,0.0625,0.0,0.0,0.0,0.0,0.0,0.0,0.0,0.0
1,0,0.9375,0.0,0.0625,0.0,0.0,0.0,0.0,0.0,0.0,0.0,0.0
1,0,0.9375,0.0,0.0625,0.0,0.0,0.0,0.0,0.0,0.0,0.0,0.0
1,0,0.9375,0.0,0.0625,0.0,0.0,0.0,0.0,0.0,0.0,0.0,0.0
1,0,0.9375,0.0,0.0625,0.0,0.0,0.0,0.0,0.0,0.0,0.0,0.0
1,0,0.9375,0.0,0.0625,0.0,0.0,0.0,0.0,0.0,0.0,0.0,0.0
1,0,0.9375,0.0,0.0625,0.0,0.0,0.0,0.0,0.0,0.0,0.0,0.0
1,0,0.9375,0.0,0.0625,0.0,0.0,0.0,0.0,0.0,0.0,0.0,0.0
1,0,0.9375,0.0,0.0625,0.0,0.0,0.0,0.0,0.0,0.0,0.0,0.0
1,0,0.9375,0.0,0.0625,0.0,0.0,0.0,0.0,0.0,0.0,0.0,0.0
1,0,0.9375,0.0,0.0625,0.0,0.0,0.0,0.0,0.0,0.0,0.0,0.0
1,0,0.9375,0.0,0.0625,0.0,0.0,0.0,0.0,0.0,0.0,0.0,0.0
1,0,0.9375,0.0,0.0625,0.0,0.0,0.0,0.0,0.0,0.0,0.0,0.0
1,0,0.9375,0.0,0.0625,0.0,0.0,0.0,0.0,0.0,0.0,0.0,0.0
1,0,0.9375,0.0,0.0625,0.0,0.0,0.0,0.0,0.0,0.0,0.0,0.0
1,0,0.9375,0.0,0.0625,0.0,0.0,0.0,0.0,0.0,0.0,0.0,0.0
1,0,0.9375,0.0,0.0625,0.0,0.0,0.0,0.0,0.0,0.0,0.0,0.0
1,0,0.9375,0.0,0.0625,0.0,0.0,0.0,0.0,0.0,0.0,0.0,0.0
1,0,0.9375,0.0,0.0625,0.0,0.0,0.0,0.0,0.0,0.0,0.0,0.0
1,0,0.9375,0.0,0.0625,0.0,0.0,0.0,0.0,0.0,0.0,0.0,0.0
1,0,0.9375,0.0,0.0625,0.0,0.0,0.0,0.0,0.0,0.0,0.0,0.0
1,0,0.9375,0.0,0.0625,0.0,0.0,0.0,0.0,0.0,0.0,0.0,0.0
1,0,0.9375,0.0,0.0625,0.0,0.0,0.0,0.0,0.0,0.0,0.0,0.0
1,0,0.9375,0.0,0.0625,0.0,0.0,0.0,0.0,0.0,0.0,0.0,0.0
1,0,0.9375,0.0,0.0625,0.0,0.0,0.0,0.0,0.0,0.0,0.0,0.0
1,0,0.9375,0.0,0.0625,0.0,0.0,0.0,0.0,0.0,0.0,0.0,0.0
1,0,0.9375,0.0,0.0625,0.0,0.0,0.0,0.0,0.0,0.0,0.0,0.0
1,0,0.9375,0.0,0.0625,0.0,0.0,0.0,0.0,0.0,0.0,0.0,0.0
1,0,0.9375,0.0,0.0625,0.0,0.0,0.0,0.0,0.0,0.0,0.0,0.0
1,0,0.9375,0.0,0.0625,0.0,0.0,0.0,0.0,0.0,0.0,0.0,0.0
1,0,0.9375,0.0,0.0625,0.0,0.0,0.0,0.0,0.0,0.0,0.0,0.0
1,0,0.9375,0.0,0.0625,0.0,0.0,0.0,0.0,0.0,0.0,0.0,0.0
1,0,0.9375,0.0,0.0625,0.0,0.0,0.0,0.0,0.0,0.0,0.0,0.0
1,0,0.9375,0.0,0.0625,0.0,0.0,0.0,0.0,0.0,0.0,0.0,0.0
1,0,0.9375,0.0,0.0625,0.0,0.0,0.0,0.0,0.0,0.0,0.0,0.0
1,0,0.9375,0.0,0.0625,0.0,0.0,0.0,0.0,0.0,0.0,0.0,0.0
1,0,0.9375,0.0,0.0625,0.0,0.0,0.0,0.0,0.0,0.0,0.0,0.0
1,0,0.9375,0.0,0.0625,0.0,0.0,0.0,0.0,0.0,0.0,0.0,0.0
1,0,0.9375,0.0,0.0625,0.0,0.0,0.0,0.0,0.0,0.0,0.0,0.0
1,0,0.9375,0.0,0.0625,0.0,0.0,0.0,0.0,0.0,0.0,0.0,0.0
1,0,0.9375,0.0,0.0625,0.0,0.0,0.0,0.0,0.0,0.0,0.0,0.0
1,0,0.9375,0.0,0.0625,0.0,0.0,0.0,0.0,0.0,0.0,0.0,0.0
1,0,0.9375,0.0,0.0625,0.0,0.0,0.0,0.0,0.0,0.0,0.0,0.0
1,0,0.9375,0.0,0.0625,0.0,0.0,0.0,0.0,0.0,0.0,0.0,0.0
1,0,0.9375,0.0,0.0625,0.0,0.0,0.0,0.0,0.0,0.0,0.0,0.0
1,0,0.9375,0.0,0.0625,0.0,0.0,0.0,0.0,0.0,0.0,0.0,0.0
1,0,0.9375,0.0,0.0625,0.0,0.0,0.0,0.0,0.0,0.0,0.0,0.0
1,0,0.9375,0.0,0.0625,0.0,0.0,0.0,0.0,0.0,0.0,0.0,0.0
1,0,0.9375,0.0,0.0625,0.0,0.0,0.0,0.0,0.0,0.0,0.0,0.0
1,0,0.9375,0.0,0.0625,0.0,0.0,0.0,0.0,0.0,0.0,0.0,0.0
1,0,0.9375,0.0,0.0625,0.0,0.0,0.0,0.0,0.0,0.0,0.0,0.0
1,0,0.9375,0.0,0.0625,0.0,0.0,0.0,0.0,0.0,0.0,0.0,0.0
1,0,0.9375,0.0,0.0625,0.0,0.0,0.0,0.0,0.0,0.0,0.0,0.0
1,0,0.9375,0.0,0.0625,0.0,0.0,0.0,0.0,0.0,0.0,0.0,0.0
1,0,0.9375,0.0,0.0625,0.0,0.0,0.0,0.0,0.0,0.0,0.0,0.0
1,0,0.9375,0.0,0.0625,0.0,0.0,0.0,0.0,0.0,0.0,0.0,0.0
1,0,0.9375,0.0,0.0625,0.0,0.0,0.0,0.0,0.0,0.0,0.0,0.0
1,0,0.9375,0.0,0.0625,0.0,0.0,0.0,0.0,0.0,0.0,0.0,0.0
1,0,0.9375,0.0,0.0625,0.0,0.0,0.0,0.0,0.0,0.0,0.0,0.0
1,0,0.9375,0.0,0.0625,0.0,0.0,0.0,0.0,0.0,0.0,0.0,0.0
1,0,0.9375,0.0,0.0625,0.0,0.0,0.0,0.0,0.0,0.0,0.0,0.0
1,0,0.9375,0.0,0.0625,0.0,0.0,0.0,0.0,0.0,0.0,0.0,0.0
1,0,0.9375,0.0,0.0625,0.0,0.0,0.0,0.0,0.0,0.0,0.0,0.0
1,0,0.9375,0.0,0.0625,0.0,0.0,0.0,0.0,0.0,0.0,0.0,0.0
1,0,0.9375,0.0,0.0625,0.0,0.0,0.0,0.0,0.0,0.0,0.0,0.0
1,0,0.9375,0.0,0.0625,0.0,0.0,0.0,0.0,0.0,0.0,0.0,0.0
1,0,0.9375,0.0,0.0625,0.0,0.0,0.0,0.0,0.0,0.0,0.0,0.0
1,0,0.9375,0.0,0.0625,0.0,0.0,0.0,0.0,0.0,0.0,0.0,0.0
1,0,0.9375,0.0,0.0625,0.0,0.0,0.0,0.0,0.0,0.0,0.0,0.0
1,0,0.9375,0.0,0.0625,0.0,0.0,0.0,0.0,0.0,0.0,0.0,0.0
1,0,0.9375,0.0,0.0625,0.0,0.0,0.0,0.0,0.0,0.0,0.0,0.0
1,0,0.9375,0.0,0.0625,0.0,0.0,0.0,0.0,0.0,0.0,0.0,0.0
1,0,0.9375,0.0,0.0625,0.0,0.0,0.0,0.0,0.0,0.0,0.0,0.0
1,0,0.9375,0.0,0.0625,0.0,0.0,0.0,0.0,0.0,0.0,0.0,0.0
1,0,0.9375,0.0,0.0625,0.0,0.0,0.0,0.0,0.0,0.0,0.0,0.0
1,0,0.9375,0.0,0.0625,0.0,0.0,0.0,0.0,0.0,0.0,0.0,0.0
1,0,0.9375,0.0,0.0625,0.0,0.0,0.0,0.0,0.0,0.0,0.0,0.0
1,0,0.9375,0.0,0.0625,0.0,0.0,0.0,0.0,0.0,0.0,0.0,0.0
1,0,0.9375,0.0,0.0625,0.0,0.0,0.0,0.0,0.0,0.0,0.0,0.0
1,0,0.9375,0.0,0.0625,0.0,0.0,0.0,0.0,0.0,0.0,0.0,0.0
1,0,0.9375,0.0,0.0625,0.0,0.0,0.0,0.0,0.0,0.0,0.0,0.0
1,0,0.9375,0.0,0.0625,0.0,0.0,0.0,0.0,0.0,0.0,0.0,0.0
1,0,0.9375,0.0,0.0625,0.0,0.0,0.0,0.0,0.0,0.0,0.0,0.0
1,0,0.9375,0.0,0.0625,0.0,0.0,0.0,0.0,0.0,0.0,0.0,0.0
1,0,0.9375,0.0,0.0625,0.0,0.0,0.0,0.0,0.0,0.0,0.0,0.0
1,0,0.9375,0.0,0.0625,0.0,0.0,0.0,0.0,0.0,0.0,0.0,0.0
1,0,0.9375,0.0,0.0625,0.0,0.0,0.0,0.0,0.0,0.0,0.0,0.0
1,0,0.9375,0.0,0.0625,0.0,0.0,0.0,0.0,0.0,0.0,0.0,0.0
1,0,0.9375,0.0,0.0625,0.0,0.0,0.0,0.0,0.0,0.0,0.0,0.0
1,0,0.9375,0.0,0.0625,0.0,0.0,0.0,0.0,0.0,0.0,0.0,0.0
1,0,0.9375,0.0,0.0625,0.0,0.0,0.0,0.0,0.0,0.0,0.0,0.0
1,0,0.9375,0.0,0.0625,0.0,0.0,0.0,0.0,0.0,0.0,0.0,0.0
1,0,0.9375,0.0,0.0625,0.0,0.0,0.0,0.0,0.0,0.0,0.0,0.0
1,0,0.9375,0.0,0.0625,0.0,0.0,0.0,0.0,0.0,0.0,0.0,0.0
1,0,0.9375,0.0,0.0625,0.0,0.0,0.0,0.0,0.0,0.0,0.0,0.0
1,0,0.9375,0.0,0.0625,0.0,0.0,0.0,0.0,0.0,0.0,0.0,0.0
1,0,0.9375,0.0,0.0625,0.0,0.0,0.0,0.0,0.0,0.0,0.0,0.0
1,0,0.9375,0.0,0.0625,0.0,0.0,0.0,0.0,0.0,0.0,0.0,0.0
1,0,1.0,0.0,0.0,0.0,0.0,0.0,0.0,0.0,0.0,0.0,0.0
1,0,1.0,0.0,0.0,0.0,0.0,0.0,0.0,0.0,0.0,0.0,0.0
1,0,1.0,0.0,0.0,0.0,0.0,0.0,0.0,0.0,0.0,0.0,0.0
1,0,1.0,0.0,0.0,0.0,0.0,0.0,0.0,0.0,0.0,0.0,0.0
1,0,1.0,0.0,0.0,0.0,0.0,0.0,0.0,0.0,0.0,0.0,0.0
1,0,1.0,0.0,0.0,0.0,0.0,0.0,0.0,0.0,0.0,0.0,0.0
1,0,1.0,0.0,0.0,0.0,0.0,0.0,0.0,0.0,0.0,0.0,0.0
1,0,1.0,0.0,0.0,0.0,0.0,0.0,0.0,0.0,0.0,0.0,0.0
1,0,1.0,0.0,0.0,0.0,0.0,0.0,0.0,0.0,0.0,0.0,0.0
1,0,1.0,0.0,0.0,0.0,0.0,0.0,0.0,0.0,0.0,0.0,0.0
1,0,1.0,0.0,0.0,0.0,0.0,0.0,0.0,0.0,0.0,0.0,0.0
1,0,1.0,0.0,0.0,0.0,0.0,0.0,0.0,0.0,0.0,0.0,0.0
1,0,1.0,0.0,0.0,0.0,0.0,0.0,0.0,0.0,0.0,0.0,0.0
1,0,1.0,0.0,0.0,0.0,0.0,0.0,0.0,0.0,0.0,0.0,0.0
1,0,1.0,0.0,0.0,0.0,0.0,0.0,0.0,0.0,0.0,0.0,0.0
1,0,1.0,0.0,0.0,0.0,0.0,0.0,0.0,0.0,0.0,0.0,0.0
1,0,1.0,0.0,0.0,0.0,0.0,0.0,0.0,0.0,0.0,0.0,0.0
1,0,1.0,0.0,0.0,0.0,0.0,0.0,0.0,0.0,0.0,0.0,0.0
1,0,1.0,0.0,0.0,0.0,0.0,0.0,0.0,0.0,0.0,0.0,0.0
1,0,1.0,0.0,0.0,0.0,0.0,0.0,0.0,0.0,0.0,0.0,0.0
1,0,1.0,0.0,0.0,0.0,0.0,0.0,0.0,0.0,0.0,0.0,0.0
1,0,1.0,0.0,0.0,0.0,0.0,0.0,0.0,0.0,0.0,0.0,0.0
1,0,1.0,0.0,0.0,0.0,0.0,0.0,0.0,0.0,0.0,0.0,0.0
1,0,1.0,0.0,0.0,0.0,0.0,0.0,0.0,0.0,0.0,0.0,0.0
1,0,1.0,0.0,0.0,0.0,0.0,0.0,0.0,0.0,0.0,0.0,0.0
1,0,1.0,0.0,0.0,0.0,0.0,0.0,0.0,0.0,0.0,0.0,0.0
1,0,1.0,0.0,0.0,0.0,0.0,0.0,0.0,0.0,0.0,0.0,0.0
1,0,1.0,0.0,0.0,0.0,0.0,0.0,0.0,0.0,0.0,0.0,0.0
1,0,1.0,0.0,0.0,0.0,0.0,0.0,0.0,0.0,0.0,0.0,0.0
1,0,1.0,0.0,0.0,0.0,0.0,0.0,0.0,0.0,0.0,0.0,0.0
1,0,1.0,0.0,0.0,0.0,0.0,0.0,0.0,0.0,0.0,0.0,0.0
1,0,1.0,0.0,0.0,0.0,0.0,0.0,0.0,0.0,0.0,0.0,0.0
1,0,1.0,0.0,0.0,0.0,0.0,0.0,0.0,0.0,0.0,0.0,0.0
1,0,1.0,0.0,0.0,0.0,0.0,0.0,0.0,0.0,0.0,0.0,0.0
1,0,1.0,0.0,0.0,0.0,0.0,0.0,0.0,0.0,0.0,0.0,0.0
1,0,1.0,0.0,0.0,0.0,0.0,0.0,0.0,0.0,0.0,0.0,0.0
1,0,1.0,0.0,0.0,0.0,0.0,0.0,0.0,0.0,0.0,0.0,0.0
1,0,1.0,0.0,0.0,0.0,0.0,0.0,0.0,0.0,0.0,0.0,0.0
1,0,1.0,0.0,0.0,0.0,0.0,0.0,0.0,0.0,0.0,0.0,0.0
1,0,1.0,0.0,0.0,0.0,0.0,0.0,0.0,0.0,0.0,0.0,0.0
1,0,1.0,0.0,0.0,0.0,0.0,0.0,0.0,0.0,0.0,0.0,0.0
1,0,1.0,0.0,0.0,0.0,0.0,0.0,0.0,0.0,0.0,0.0,0.0
1,0,1.0,0.0,0.0,0.0,0.0,0.0,0.0,0.0,0.0,0.0,0.0
1,0,1.0,0.0,0.0,0.0,0.0,0.0,0.0,0.0,0.0,0.0,0.0
1,0,1.0,0.0,0.0,0.0,0.0,0.0,0.0,0.0,0.0,0.0,0.0
1,0,1.0,0.0,0.0,0.0,0.0,0.0,0.0,0.0,0.0,0.0,0.0
1,0,1.0,0.0,0.0,0.0,0.0,0.0,0.0,0.0,0.0,0.0,0.0
1,0,1.0,0.0,0.0,0.0,0.0,0.0,0.0,0.0,0.0,0.0,0.0
1,0,1.0,0.0,0.0,0.0,0.0,0.0,0.0,0.0,0.0,0.0,0.0
1,0,1.0,0.0,0.0,0.0,0.0,0.0,0.0,0.0,0.0,0.0,0.0
1,0,1.0,0.0,0.0,0.0,0.0,0.0,0.0,0.0,0.0,0.0,0.0
1,0,1.0,0.0,0.0,0.0,0.0,0.0,0.0,0.0,0.0,0.0,0.0
1,0,1.0,0.0,0.0,0.0,0.0,0.0,0.0,0.0,0.0,0.0,0.0
1,0,1.0,0.0,0.0,0.0,0.0,0.0,0.0,0.0,0.0,0.0,0.0
1,0,1.0,0.0,0.0,0.0,0.0,0.0,0.0,0.0,0.0,0.0,0.0
1,0,1.0,0.0,0.0,0.0,0.0,0.0,0.0,0.0,0.0,0.0,0.0
1,0,1.0,0.0,0.0,0.0,0.0,0.0,0.0,0.0,0.0,0.0,0.0
1,0,1.0,0.0,0.0,0.0,0.0,0.0,0.0,0.0,0.0,0.0,0.0
1,0,1.0,0.0,0.0,0.0,0.0,0.0,0.0,0.0,0.0,0.0,0.0
1,0,1.0,0.0,0.0,0.0,0.0,0.0,0.0,0.0,0.0,0.0,0.0
1,0,1.0,0.0,0.0,0.0,0.0,0.0,0.0,0.0,0.0,0.0,0.0
1,0,1.0,0.0,0.0,0.0,0.0,0.0,0.0,0.0,0.0,0.0,0.0
1,0,1.0,0.0,0.0,0.0,0.0,0.0,0.0,0.0,0.0,0.0,0.0
1,0,1.0,0.0,0.0,0.0,0.0,0.0,0.0,0.0,0.0,0.0,0.0
1,0,1.0,0.0,0.0,0.0,0.0,0.0,0.0,0.0,0.0,0.0,0.0
1,0,1.0,0.0,0.0,0.0,0.0,0.0,0.0,0.0,0.0,0.0,0.0
1,0,1.0,0.0,0.0,0.0,0.0,0.0,0.0,0.0,0.0,0.0,0.0
1,0,1.0,0.0,0.0,0.0,0.0,0.0,0.0,0.0,0.0,0.0,0.0
1,0,1.0,0.0,0.0,0.0,0.0,0.0,0.0,0.0,0.0,0.0,0.0
1,0,1.0,0.0,0.0,0.0,0.0,0.0,0.0,0.0,0.0,0.0,0.0
1,0,1.0,0.0,0.0,0.0,0.0,0.0,0.0,0.0,0.0,0.0,0.0
1,0,1.0,0.0,0.0,0.0,0.0,0.0,0.0,0.0,0.0,0.0,0.0
1,0,1.0,0.0,0.0,0.0,0.0,0.0,0.0,0.0,0.0,0.0,0.0
1,0,1.0,0.0,0.0,0.0,0.0,0.0,0.0,0.0,0.0,0.0,0.0
1,0,1.0,0.0,0.0,0.0,0.0,0.0,0.0,0.0,0.0,0.0,0.0
1,0,1.0,0.0,0.0,0.0,0.0,0.0,0.0,0.0,0.0,0.0,0.0
1,0,1.0,0.0,0.0,0.0,0.0,0.0,0.0,0.0,0.0,0.0,0.0
1,0,1.0,0.0,0.0,0.0,0.0,0.0,0.0,0.0,0.0,0.0,0.0
1,0,1.0,0.0,0.0,0.0,0.0,0.0,0.0,0.0,0.0,0.0,0.0
1,0,1.0,0.0,0.0,0.0,0.0,0.0,0.0,0.0,0.0,0.0,0.0
1,0,1.0,0.0,0.0,0.0,0.0,0.0,0.0,0.0,0.0,0.0,0.0
1,0,1.0,0.0,0.0,0.0,0.0,0.0,0.0,0.0,0.0,0.0,0.0
1,0,1.0,0.0,0.0,0.0,0.0,0.0,0.0,0.0,0.0,0.0,0.0
1,0,1.0,0.0,0.0,0.0,0.0,0.0,0.0,0.0,0.0,0.0,0.0
1,0,1.0,0.0,0.0,0.0,0.0,0.0,0.0,0.0,0.0,0.0,0.0
1,0,1.0,0.0,0.0,0.0,0.0,0.0,0.0,0.0,0.0,0.0,0.0
1,0,1.0,0.0,0.0,0.0,0.0,0.0,0.0,0.0,0.0,0.0,0.0
1,0,1.0,0.0,0.0,0.0,0.0,0.0,0.0,0.0,0.0,0.0,0.0
1,0,1.0,0.0,0.0,0.0,0.0,0.0,0.0,0.0,0.0,0.0,0.0
1,0,1.0,0.0,0.0,0.0,0.0,0.0,0.0,0.0,0.0,0.0,0.0
1,0,1.0,0.0,0.0,0.0,0.0,0.0,0.0,0.0,0.0,0.0,0.0
1,0,1.0,0.0,0.0,0.0,0.0,0.0,0.0,0.0,0.0,0.0,0.0
1,0,1.0,0.0,0.0,0.0,0.0,0.0,0.0,0.0,0.0,0.0,0.0
1,0,1.0,0.0,0.0,0.0,0.0,0.0,0.0,0.0,0.0,0.0,0.0
1,0,1.0,0.0,0.0,0.0,0.0,0.0,0.0,0.0,0.0,0.0,0.0
1,0,1.0,0.0,0.0,0.0,0.0,0.0,0.0,0.0,0.0,0.0,0.0
1,0,1.0,0.0,0.0,0.0,0.0,0.0,0.0,0.0,0.0,0.0,0.0
1,0,1.0,0.0,0.0,0.0,0.0,0.0,0.0,0.0,0.0,0.0,0.0
1,0,1.0,0.0,0.0,0.0,0.0,0.0,0.0,0.0,0.0,0.0,0.0
1,0,1.0,0.0,0.0,0.0,0.0,0.0,0.0,0.0,0.0,0.0,0.0
1,0,1.0,0.0,0.0,0.0,0.0,0.0,0.0,0.0,0.0,0.0,0.0
1,0,1.0,0.0,0.0,0.0,0.0,0.0,0.0,0.0,0.0,0.0,0.0
1,0,1.0,0.0,0.0,0.0,0.0,0.0,0.0,0.0,0.0,0.0,0.0
1,0,1.0,0.0,0.0,0.0,0.0,0.0,0.0,0.0,0.0,0.0,0.0
1,0,1.0,0.0,0.0,0.0,0.0,0.0,0.0,0.0,0.0,0.0,0.0
1,0,1.0,0.0,0.0,0.0,0.0,0.0,0.0,0.0,0.0,0.0,0.0
1,0,1.0,0.0,0.0,0.0,0.0,0.0,0.0,0.0,0.0,0.0,0.0
1,0,1.0,0.0,0.0,0.0,0.0,0.0,0.0,0.0,0.0,0.0,0.0
1,0,1.0,0.0,0.0,0.0,0.0,0.0,0.0,0.0,0.0,0.0,0.0
1,0,1.0,0.0,0.0,0.0,0.0,0.0,0.0,0.0,0.0,0.0,0.0
1,0,1.0,0.0,0.0,0.0,0.0,0.0,0.0,0.0,0.0,0.0,0.0
1,0,1.0,0.0,0.0,0.0,0.0,0.0,0.0,0.0,0.0,0.0,0.0
1,0,1.0,0.0,0.0,0.0,0.0,0.0,0.0,0.0,0.0,0.0,0.0
1,0,1.0,0.0,0.0,0.0,0.0,0.0,0.0,0.0,0.0,0.0,0.0
1,0,1.0,0.0,0.0,0.0,0.0,0.0,0.0,0.0,0.0,0.0,0.0
1,0,1.0,0.0,0.0,0.0,0.0,0.0,0.0,0.0,0.0,0.0,0.0
1,0,1.0,0.0,0.0,0.0,0.0,0.0,0.0,0.0,0.0,0.0,0.0
1,0,1.0,0.0,0.0,0.0,0.0,0.0,0.0,0.0,0.0,0.0,0.0
1,0,1.0,0.0,0.0,0.0,0.0,0.0,0.0,0.0,0.0,0.0,0.0
1,0,0.9375,0.0,0.0625,0.0,0.0,0.0,0.0,0.0,0.0,0.0,0.0
1,0,0.9375,0.0,0.0625,0.0,0.0,0.0,0.0,0.0,0.0,0.0,0.0
1,0,0.9375,0.0,0.0625,0.0,0.0,0.0,0.0,0.0,0.0,0.0,0.0
1,0,0.9375,0.0,0.0625,0.0,0.0,0.0,0.0,0.0,0.0,0.0,0.0
1,0,0.9375,0.0,0.0625,0.0,0.0,0.0,0.0,0.0,0.0,0.0,0.0
1,0,0.9375,0.0,0.0625,0.0,0.0,0.0,0.0,0.0,0.0,0.0,0.0
1,0,0.9375,0.0,0.0625,0.0,0.0,0.0,0.0,0.0,0.0,0.0,0.0
1,0,0.9375,0.0,0.0625,0.0,0.0,0.0,0.0,0.0,0.0,0.0,0.0
1,0,0.9375,0.0,0.0625,0.0,0.0,0.0,0.0,0.0,0.0,0.0,0.0
1,0,0.9375,0.0,0.0625,0.0,0.0,0.0,0.0,0.0,0.0,0.0,0.0
1,0,0.9375,0.0,0.0625,0.0,0.0,0.0,0.0,0.0,0.0,0.0,0.0
1,0,0.9375,0.0,0.0625,0.0,0.0,0.0,0.0,0.0,0.0,0.0,0.0
1,0,0.9375,0.0,0.0625,0.0,0.0,0.0,0.0,0.0,0.0,0.0,0.0
1,0,0.9375,0.0,0.0625,0.0,0.0,0.0,0.0,0.0,0.0,0.0,0.0
1,0,0.9375,0.0,0.0625,0.0,0.0,0.0,0.0,0.0,0.0,0.0,0.0
1,0,0.875,0.0,0.125,0.0,0.0,0.0,0.0,0.0,0.0,0.0,0.0
1,0,0.875,0.0,0.125,0.0,0.0,0.0,0.0,0.0,0.0,0.0,0.0
1,0,0.875,0.0,0.125,0.0,0.0,0.0,0.0,0.0,0.0,0.0,0.0
1,0,0.875,0.0,0.125,0.0,0.0,0.0,0.0,0.0,0.0,0.0,0.0
1,0,0.875,0.0,0.125,0.0,0.0,0.0,0.0,0.0,0.0,0.0,0.0
1,0,0.875,0.0,0.125,0.0,0.0,0.0,0.0,0.0,0.0,0.0,0.0
1,0,0.875,0.0,0.125,0.0,0.0,0.0,0.0,0.0,0.0,0.0,0.0
1,0,0.875,0.0,0.125,0.0,0.0,0.0,0.0,0.0,0.0,0.0,0.0
1,0,0.875,0.0,0.125,0.0,0.0,0.0,0.0,0.0,0.0,0.0,0.0
1,0,0.875,0.0,0.125,0.0,0.0,0.0,0.0,0.0,0.0,0.0,0.0
1,0,0.8125,0.0,0.1875,0.0,0.0,0.0,0.0,0.0,0.0,0.0,0.0
1,0,0.8125,0.0,0.1875,0.0,0.0,0.0,0.0,0.0,0.0,0.0,0.0
1,0,0.8125,0.0,0.1875,0.0,0.0,0.0,0.0,0.0,0.0,0.0,0.0
1,0,0.8125,0.0,0.1875,0.0,0.0,0.0,0.0,0.0,0.0,0.0,0.0
1,0,0.8125,0.0,0.1875,0.0,0.0,0.0,0.0,0.0,0.0,0.0,0.0
1,0,0.8125,0.0,0.1875,0.0,0.0,0.0,0.0,0.0,0.0,0.0,0.0
1,0,0.8125,0.0,0.1875,0.0,0.0,0.0,0.0,0.0,0.0,0.0,0.0
1,0,0.8125,0.0,0.1875,0.0,0.0,0.0,0.0,0.0,0.0,0.0,0.0
1,0,0.8125,0.0,0.1875,0.0,0.0,0.0,0.0,0.0,0.0,0.0,0.0
1,0,0.8125,0.0,0.1875,0.0,0.0,0.0,0.0,0.0,0.0,0.0,0.0
1,0,0.8125,0.0,0.1875,0.0,0.0,0.0,0.0,0.0,0.0,0.0,0.0
1,0,0.8125,0.0,0.1875,0.0,0.0,0.0,0.0,0.0,0.0,0.0,0.0
1,0,0.8125,0.0,0.1875,0.0,0.0,0.0,0.0,0.0,0.0,0.0,0.0
1,0,0.8125,0.0,0.1875,0.0,0.0,0.0,0.0,0.0,0.0,0.0,0.0
1,0,0.8125,0.0,0.1875,0.0,0.0,0.0,0.0,0.0,0.0,0.0,0.0
1,0,0.8125,0.0,0.1875,0.0,0.0,0.0,0.0,0.0,0.0,0.0,0.0
1,0,0.8125,0.0,0.1875,0.0,0.0,0.0,0.0,0.0,0.0,0.0,0.0
1,0,0.8125,0.0,0.1875,0.0,0.0,0.0,0.0,0.0,0.0,0.0,0.0
1,0,0.8125,0.0,0.1875,0.0,0.0,0.0,0.0,0.0,0.0,0.0,0.0
1,0,0.8125,0.0,0.1875,0.0,0.0,0.0,0.0,0.0,0.0,0.0,0.0
1,0,0.8125,0.0,0.1875,0.0,0.0,0.0,0.0,0.0,0.0,0.0,0.0
1,0,0.8125,0.0,0.1875,0.0,0.0,0.0,0.0,0.0,0.0,0.0,0.0
1,0,0.8125,0.0,0.1875,0.0,0.0,0.0,0.0,0.0,0.0,0.0,0.0
1,0,0.8125,0.0,0.1875,0.0,0.0,0.0,0.0,0.0,0.0,0.0,0.0
1,0,0.75,0.0,0.25,0.0,0.0,0.0,0.0,0.0,0.0,0.0,0.0
1,0,0.75,0.0,0.25,0.0,0.0,0.0,0.0,0.0,0.0,0.0,0.0
1,0,0.75,0.0,0.25,0.0,0.0,0.0,0.0,0.0,0.0,0.0,0.0
1,0,0.75,0.0,0.25,0.0,0.0,0.0,0.0,0.0,0.0,0.0,0.0
1,0,0.6875,0.0,0.3125,0.0,0.0,0.0,0.0,0.0,0.0,0.0,0.0
1,0,0.6875,0.0,0.3125,0.0,0.0,0.0,0.0,0.0,0.0,0.0,0.0
1,0,0.6875,0.0,0.3125,0.0,0.0,0.0,0.0,0.0,0.0,0.0,0.0
1,0,0.6875,0.0,0.3125,0.0,0.0,0.0,0.0,0.0,0.0,0.0,0.0
1,0,0.6875,0.0,0.3125,0.0,0.0,0.0,0.0,0.0,0.0,0.0,0.0
1,0,0.6875,0.0,0.3125,0.0,0.0,0.0,0.0,0.0,0.0,0.0,0.0
1,0,0.6875,0.0,0.3125,0.0,0.0,0.0,0.0,0.0,0.0,0.0,0.0
1,0,0.6875,0.0,0.3125,0.0,0.0,0.0,0.0,0.0,0.0,0.0,0.0
1,0,0.6875,0.0,0.3125,0.0,0.0,0.0,0.0,0.0,0.0,0.0,0.0
1,0,0.6875,0.0,0.3125,0.0,0.0,0.0,0.0,0.0,0.0,0.0,0.0
1,0,0.6875,0.0,0.3125,0.0,0.0,0.0,0.0,0.0,0.0,0.0,0.0
1,0,0.6875,0.0,0.3125,0.0,0.0,0.0,0.0,0.0,0.0,0.0,0.0
1,0,0.6875,0.0,0.3125,0.0,0.0,0.0,0.0,0.0,0.0,0.0,0.0
1,0,0.6875,0.0,0.3125,0.0,0.0,0.0,0.0,0.0,0.0,0.0,0.0
1,0,0.6875,0.0,0.3125,0.0,0.0,0.0,0.0,0.0,0.0,0.0,0.0
1,0,0.6875,0.0,0.3125,0.0,0.0,0.0,0.0,0.0,0.0,0.0,0.0
1,0,0.6875,0.0,0.3125,0.0,0.0,0.0,0.0,0.0,0.0,0.0,0.0
1,0,0.6875,0.0,0.3125,0.0,0.0,0.0,0.0,0.0,0.0,0.0,0.0
1,0,0.6875,0.0,0.3125,0.0,0.0,0.0,0.0,0.0,0.0,0.0,0.0
1,0,0.6875,0.0,0.3125,0.0,0.0,0.0,0.0,0.0,0.0,0.0,0.0
1,0,0.6875,0.0,0.3125,0.0,0.0,0.0,0.0,0.0,0.0,0.0,0.0
1,0,0.6875,0.0,0.3125,0.0,0.0,0.0,0.0,0.0,0.0,0.0,0.0
1,0,0.6875,0.0,0.3125,0.0,0.0,0.0,0.0,0.0,0.0,0.0,0.0
1,0,0.6875,0.0,0.3125,0.0,0.0,0.0,0.0,0.0,0.0,0.0,0.0
1,0,0.6875,0.0,0.3125,0.0,0.0,0.0,0.0,0.0,0.0,0.0,0.0
1,0,0.6875,0.0,0.3125,0.0,0.0,0.0,0.0,0.0,0.0,0.0,0.0
1,0,0.6875,0.0,0.3125,0.0,0.0,0.0,0.0,0.0,0.0,0.0,0.0
1,0,0.6875,0.0,0.3125,0.0,0.0,0.0,0.0,0.0,0.0,0.0,0.0
1,0,0.6875,0.0,0.3125,0.0,0.0,0.0,0.0,0.0,0.0,0.0,0.0
1,0,0.6875,0.0,0.3125,0.0,0.0,0.0,0.0,0.0,0.0,0.0,0.0
1,0,0.6875,0.0,0.3125,0.0,0.0,0.0,0.0,0.0,0.0,0.0,0.0
1,0,0.6875,0.0,0.3125,0.0,0.0,0.0,0.0,0.0,0.0,0.0,0.0
1,0,0.6875,0.0,0.3125,0.0,0.0,0.0,0.0,0.0,0.0,0.0,0.0
1,0,0.6875,0.0,0.3125,0.0,0.0,0.0,0.0,0.0,0.0,0.0,0.0
1,0,0.6875,0.0,0.3125,0.0,0.0,0.0,0.0,0.0,0.0,0.0,0.0
1,0,0.6875,0.0,0.3125,0.0,0.0,0.0,0.0,0.0,0.0,0.0,0.0
1,0,0.6875,0.0,0.3125,0.0,0.0,0.0,0.0,0.0,0.0,0.0,0.0
1,0,0.6875,0.0,0.3125,0.0,0.0,0.0,0.0,0.0,0.0,0.0,0.0
1,0,0.6875,0.0,0.3125,0.0,0.0,0.0,0.0,0.0,0.0,0.0,0.0
1,0,0.6875,0.0,0.3125,0.0,0.0,0.0,0.0,0.0,0.0,0.0,0.0
1,0,0.6875,0.0,0.3125,0.0,0.0,0.0,0.0,0.0,0.0,0.0,0.0
1,0,0.6875,0.0,0.3125,0.0,0.0,0.0,0.0,0.0,0.0,0.0,0.0
1,0,0.6875,0.0,0.3125,0.0,0.0,0.0,0.0,0.0,0.0,0.0,0.0
1,0,0.6875,0.0,0.3125,0.0,0.0,0.0,0.0,0.0,0.0,0.0,0.0
1,0,0.6875,0.0,0.3125,0.0,0.0,0.0,0.0,0.0,0.0,0.0,0.0
1,0,0.6875,0.0,0.3125,0.0,0.0,0.0,0.0,0.0,0.0,0.0,0.0
1,0,0.6875,0.0,0.3125,0.0,0.0,0.0,0.0,0.0,0.0,0.0,0.0
1,0,0.6875,0.0,0.3125,0.0,0.0,0.0,0.0,0.0,0.0,0.0,0.0
1,0,0.6875,0.0,0.3125,0.0,0.0,0.0,0.0,0.0,0.0,0.0,0.0
1,0,0.6875,0.0,0.3125,0.0,0.0,0.0,0.0,0.0,0.0,0.0,0.0
1,0,0.6875,0.0,0.3125,0.0,0.0,0.0,0.0,0.0,0.0,0.0,0.0
1,0,0.6875,0.0,0.3125,0.0,0.0,0.0,0.0,0.0,0.0,0.0,0.0
1,0,0.6875,0.0,0.3125,0.0,0.0,0.0,0.0,0.0,0.0,0.0,0.0
1,0,0.6875,0.0,0.3125,0.0,0.0,0.0,0.0,0.0,0.0,0.0,0.0
1,0,0.6875,0.0,0.3125,0.0,0.0,0.0,0.0,0.0,0.0,0.0,0.0
1,0,0.6875,0.0,0.3125,0.0,0.0,0.0,0.0,0.0,0.0,0.0,0.0
1,0,0.6875,0.0,0.3125,0.0,0.0,0.0,0.0,0.0,0.0,0.0,0.0
1,0,0.6875,0.0,0.3125,0.0,0.0,0.0,0.0,0.0,0.0,0.0,0.0
1,0,0.6875,0.0,0.3125,0.0,0.0,0.0,0.0,0.0,0.0,0.0,0.0
1,0,0.6875,0.0,0.3125,0.0,0.0,0.0,0.0,0.0,0.0,0.0,0.0
1,0,0.6875,0.0,0.3125,0.0,0.0,0.0,0.0,0.0,0.0,0.0,0.0
1,0,0.6875,0.0,0.3125,0.0,0.0,0.0,0.0,0.0,0.0,0.0,0.0
1,0,0.6875,0.0,0.3125,0.0,0.0,0.0,0.0,0.0,0.0,0.0,0.0
1,0,0.6875,0.0,0.3125,0.0,0.0,0.0,0.0,0.0,0.0,0.0,0.0
1,0,0.6875,0.0,0.3125,0.0,0.0,0.0,0.0,0.0,0.0,0.0,0.0
1,0,0.6875,0.0,0.3125,0.0,0.0,0.0,0.0,0.0,0.0,0.0,0.0
1,0,0.6875,0.0,0.3125,0.0,0.0,0.0,0.0,0.0,0.0,0.0,0.0
1,0,0.6875,0.0,0.3125,0.0,0.0,0.0,0.0,0.0,0.0,0.0,0.0
1,0,0.6875,0.0,0.3125,0.0,0.0,0.0,0.0,0.0,0.0,0.0,0.0
1,0,0.6875,0.0,0.3125,0.0,0.0,0.0,0.0,0.0,0.0,0.0,0.0
1,0,0.6875,0.0,0.3125,0.0,0.0,0.0,0.0,0.0,0.0,0.0,0.0
1,0,0.6875,0.0,0.3125,0.0,0.0,0.0,0.0,0.0,0.0,0.0,0.0
1,0,0.6875,0.0,0.3125,0.0,0.0,0.0,0.0,0.0,0.0,0.0,0.0
1,0,0.6875,0.0,0.3125,0.0,0.0,0.0,0.0,0.0,0.0,0.0,0.0
1,0,0.6875,0.0,0.3125,0.0,0.0,0.0,0.0,0.0,0.0,0.0,0.0
1,0,0.6875,0.0,0.3125,0.0,0.0,0.0,0.0,0.0,0.0,0.0,0.0
1,0,0.6875,0.0,0.3125,0.0,0.0,0.0,0.0,0.0,0.0,0.0,0.0
1,0,0.6875,0.0,0.3125,0.0,0.0,0.0,0.0,0.0,0.0,0.0,0.0
1,0,0.6875,0.0,0.3125,0.0,0.0,0.0,0.0,0.0,0.0,0.0,0.0
1,0,0.6875,0.0,0.3125,0.0,0.0,0.0,0.0,0.0,0.0,0.0,0.0
1,0,0.6875,0.0,0.3125,0.0,0.0,0.0,0.0,0.0,0.0,0.0,0.0
1,0,0.6875,0.0,0.3125,0.0,0.0,0.0,0.0,0.0,0.0,0.0,0.0
1,0,0.6875,0.0,0.3125,0.0,0.0,0.0,0.0,0.0,0.0,0.0,0.0
1,0,0.6875,0.0,0.3125,0.0,0.0,0.0,0.0,0.0,0.0,0.0,0.0
1,0,0.6875,0.0,0.3125,0.0,0.0,0.0,0.0,0.0,0.0,0.0,0.0
1,0,0.6875,0.0,0.3125,0.0,0.0,0.0,0.0,0.0,0.0,0.0,0.0
1,0,0.6875,0.0,0.3125,0.0,0.0,0.0,0.0,0.0,0.0,0.0,0.0
1,0,0.6875,0.0,0.3125,0.0,0.0,0.0,0.0,0.0,0.0,0.0,0.0
1,0,0.6875,0.0,0.3125,0.0,0.0,0.0,0.0,0.0,0.0,0.0,0.0
1,0,0.6875,0.0,0.3125,0.0,0.0,0.0,0.0,0.0,0.0,0.0,0.0
1,0,0.6875,0.0,0.3125,0.0,0.0,0.0,0.0,0.0,0.0,0.0,0.0
1,0,0.6875,0.0,0.3125,0.0,0.0,0.0,0.0,0.0,0.0,0.0,0.0
1,0,0.6875,0.0,0.3125,0.0,0.0,0.0,0.0,0.0,0.0,0.0,0.0
1,0,0.6875,0.0,0.3125,0.0,0.0,0.0,0.0,0.0,0.0,0.0,0.0
1,0,0.6875,0.0,0.3125,0.0,0.0,0.0,0.0,0.0,0.0,0.0,0.0
1,0,0.6875,0.0,0.3125,0.0,0.0,0.0,0.0,0.0,0.0,0.0,0.0
1,0,0.6875,0.0,0.3125,0.0,0.0,0.0,0.0,0.0,0.0,0.0,0.0
1,0,0.6875,0.0,0.3125,0.0,0.0,0.0,0.0,0.0,0.0,0.0,0.0
1,0,0.6875,0.0,0.3125,0.0,0.0,0.0,0.0,0.0,0.0,0.0,0.0
1,0,0.6875,0.0,0.3125,0.0,0.0,0.0,0.0,0.0,0.0,0.0,0.0
1,0,0.6875,0.0,0.3125,0.0,0.0,0.0,0.0,0.0,0.0,0.0,0.0
1,0,0.6875,0.0,0.3125,0.0,0.0,0.0,0.0,0.0,0.0,0.0,0.0
1,0,0.6875,0.0,0.3125,0.0,0.0,0.0,0.0,0.0,0.0,0.0,0.0
1,0,0.6875,0.0,0.3125,0.0,0.0,0.0,0.0,0.0,0.0,0.0,0.0
1,0,0.6875,0.0,0.3125,0.0,0.0,0.0,0.0,0.0,0.0,0.0,0.0
1,0,0.6875,0.0,0.3125,0.0,0.0,0.0,0.0,0.0,0.0,0.0,0.0
1,0,0.6875,0.0,0.3125,0.0,0.0,0.0,0.0,0.0,0.0,0.0,0.0
1,0,0.6875,0.0,0.3125,0.0,0.0,0.0,0.0,0.0,0.0,0.0,0.0
1,0,0.6875,0.0,0.3125,0.0,0.0,0.0,0.0,0.0,0.0,0.0,0.0
1,0,0.6875,0.0,0.3125,0.0,0.0,0.0,0.0,0.0,0.0,0.0,0.0
1,0,0.6875,0.0,0.3125,0.0,0.0,0.0,0.0,0.0,0.0,0.0,0.0
1,0,0.6875,0.0,0.3125,0.0,0.0,0.0,0.0,0.0,0.0,0.0,0.0
1,0,0.6875,0.0,0.3125,0.0,0.0,0.0,0.0,0.0,0.0,0.0,0.0
1,0,0.6875,0.0,0.3125,0.0,0.0,0.0,0.0,0.0,0.0,0.0,0.0
1,0,0.6875,0.0,0.3125,0.0,0.0,0.0,0.0,0.0,0.0,0.0,0.0
1,0,0.6875,0.0,0.3125,0.0,0.0,0.0,0.0,0.0,0.0,0.0,0.0
1,0,0.6875,0.0,0.3125,0.0,0.0,0.0,0.0,0.0,0.0,0.0,0.0
1,0,0.6875,0.0,0.3125,0.0,0.0,0.0,0.0,0.0,0.0,0.0,0.0
1,0,0.6875,0.0,0.3125,0.0,0.0,0.0,0.0,0.0,0.0,0.0,0.0
1,0,0.6875,0.0,0.3125,0.0,0.0,0.0,0.0,0.0,0.0,0.0,0.0
1,0,0.6875,0.0,0.3125,0.0,0.0,0.0,0.0,0.0,0.0,0.0,0.0
1,0,0.6875,0.0,0.3125,0.0,0.0,0.0,0.0,0.0,0.0,0.0,0.0
1,0,0.6875,0.0,0.3125,0.0,0.0,0.0,0.0,0.0,0.0,0.0,0.0
1,0,0.6875,0.0,0.3125,0.0,0.0,0.0,0.0,0.0,0.0,0.0,0.0
1,0,0.6875,0.0,0.3125,0.0,0.0,0.0,0.0,0.0,0.0,0.0,0.0
1,0,0.6875,0.0,0.3125,0.0,0.0,0.0,0.0,0.0,0.0,0.0,0.0
1,0,0.6875,0.0,0.3125,0.0,0.0,0.0,0.0,0.0,0.0,0.0,0.0
1,0,0.6875,0.0,0.3125,0.0,0.0,0.0,0.0,0.0,0.0,0.0,0.0
1,0,0.6875,0.0,0.3125,0.0,0.0,0.0,0.0,0.0,0.0,0.0,0.0
1,0,0.6875,0.0,0.3125,0.0,0.0,0.0,0.0,0.0,0.0,0.0,0.0
1,0,0.6875,0.0,0.3125,0.0,0.0,0.0,0.0,0.0,0.0,0.0,0.0
1,0,0.6875,0.0,0.3125,0.0,0.0,0.0,0.0,0.0,0.0,0.0,0.0
1,0,0.6875,0.0,0.3125,0.0,0.0,0.0,0.0,0.0,0.0,0.0,0.0
1,0,0.6875,0.0,0.3125,0.0,0.0,0.0,0.0,0.0,0.0,0.0,0.0
1,0,0.6875,0.0,0.3125,0.0,0.0,0.0,0.0,0.0,0.0,0.0,0.0
1,0,0.6875,0.0,0.3125,0.0,0.0,0.0,0.0,0.0,0.0,0.0,0.0
1,0,0.6875,0.0,0.3125,0.0,0.0,0.0,0.0,0.0,0.0,0.0,0.0
1,0,0.6875,0.0,0.3125,0.0,0.0,0.0,0.0,0.0,0.0,0.0,0.0
1,0,0.6875,0.0,0.3125,0.0,0.0,0.0,0.0,0.0,0.0,0.0,0.0
1,0,0.6875,0.0,0.3125,0.0,0.0,0.0,0.0,0.0,0.0,0.0,0.0
1,0,0.6875,0.0,0.3125,0.0,0.0,0.0,0.0,0.0,0.0,0.0,0.0
1,0,0.6875,0.0,0.3125,0.0,0.0,0.0,0.0,0.0,0.0,0.0,0.0
1,0,0.6875,0.0,0.3125,0.0,0.0,0.0,0.0,0.0,0.0,0.0,0.0
1,0,0.6875,0.0,0.3125,0.0,0.0,0.0,0.0,0.0,0.0,0.0,0.0
1,0,0.6875,0.0,0.3125,0.0,0.0,0.0,0.0,0.0,0.0,0.0,0.0
1,0,0.6875,0.0,0.3125,0.0,0.0,0.0,0.0,0.0,0.0,0.0,0.0
1,0,0.6875,0.0,0.3125,0.0,0.0,0.0,0.0,0.0,0.0,0.0,0.0
1,0,0.6875,0.0,0.3125,0.0,0.0,0.0,0.0,0.0,0.0,0.0,0.0
1,0,0.6875,0.0,0.3125,0.0,0.0,0.0,0.0,0.0,0.0,0.0,0.0
1,0,0.6875,0.0,0.3125,0.0,0.0,0.0,0.0,0.0,0.0,0.0,0.0
1,0,0.75,0.0,0.25,0.0,0.0,0.0,0.0,0.0,0.0,0.0,0.0
1,0,0.75,0.0,0.25,0.0,0.0,0.0,0.0,0.0,0.0,0.0,0.0
1,0,0.75,0.0,0.25,0.0,0.0,0.0,0.0,0.0,0.0,0.0,0.0
1,0,0.75,0.0,0.25,0.0,0.0,0.0,0.0,0.0,0.0,0.0,0.0
1,0,0.75,0.0,0.25,0.0,0.0,0.0,0.0,0.0,0.0,0.0,0.0
1,0,0.75,0.0,0.25,0.0,0.0,0.0,0.0,0.0,0.0,0.0,0.0
1,0,0.75,0.0,0.25,0.0,0.0,0.0,0.0,0.0,0.0,0.0,0.0
1,0,0.75,0.0,0.25,0.0,0.0,0.0,0.0,0.0,0.0,0.0,0.0
1,0,0.75,0.0,0.25,0.0,0.0,0.0,0.0,0.0,0.0,0.0,0.0
1,0,0.75,0.0,0.25,0.0,0.0,0.0,0.0,0.0,0.0,0.0,0.0
1,0,0.75,0.0,0.25,0.0,0.0,0.0,0.0,0.0,0.0,0.0,0.0
1,0,0.75,0.0,0.25,0.0,0.0,0.0,0.0,0.0,0.0,0.0,0.0
1,0,0.75,0.0,0.25,0.0,0.0,0.0,0.0,0.0,0.0,0.0,0.0
1,0,0.75,0.0,0.25,0.0,0.0,0.0,0.0,0.0,0.0,0.0,0.0
1,0,0.875,0.0,0.125,0.0,0.0,0.0,0.0,0.0,0.0,0.0,0.0
1,0,0.875,0.0,0.125,0.0,0.0,0.0,0.0,0.0,0.0,0.0,0.0
1,0,0.875,0.0,0.125,0.0,0.0,0.0,0.0,0.0,0.0,0.0,0.0
1,0,0.875,0.0,0.125,0.0,0.0,0.0,0.0,0.0,0.0,0.0,0.0
1,0,0.875,0.0,0.125,0.0,0.0,0.0,0.0,0.0,0.0,0.0,0.0
1,0,0.875,0.0,0.125,0.0,0.0,0.0,0.0,0.0,0.0,0.0,0.0
1,0,0.875,0.0,0.125,0.0,0.0,0.0,0.0,0.0,0.0,0.0,0.0
1,0,0.875,0.0,0.125,0.0,0.0,0.0,0.0,0.0,0.0,0.0,0.0
1,0,0.875,0.0,0.125,0.0,0.0,0.0,0.0,0.0,0.0,0.0,0.0
1,0,0.875,0.0,0.125,0.0,0.0,0.0,0.0,0.0,0.0,0.0,0.0
1,0,0.9375,0.0,0.0625,0.0,0.0,0.0,0.0,0.0,0.0,0.0,0.0
1,0,0.9375,0.0,0.0625,0.0,0.0,0.0,0.0,0.0,0.0,0.0,0.0
1,0,0.9375,0.0,0.0625,0.0,0.0,0.0,0.0,0.0,0.0,0.0,0.0
1,0,0.9375,0.0,0.0625,0.0,0.0,0.0,0.0,0.0,0.0,0.0,0.0
1,0,0.9375,0.0,0.0625,0.0,0.0,0.0,0.0,0.0,0.0,0.0,0.0
1,0,0.9375,0.0,0.0625,0.0,0.0,0.0,0.0,0.0,0.0,0.0,0.0
1,0,0.9375,0.0,0.0625,0.0,0.0,0.0,0.0,0.0,0.0,0.0,0.0
1,0,0.9375,0.0,0.0625,0.0,0.0,0.0,0.0,0.0,0.0,0.0,0.0
1,0,0.9375,0.0,0.0625,0.0,0.0,0.0,0.0,0.0,0.0,0.0,0.0
1,0,0.9375,0.0,0.0625,0.0,0.0,0.0,0.0,0.0,0.0,0.0,0.0
1,0,0.9375,0.0,0.0625,0.0,0.0,0.0,0.0,0.0,0.0,0.0,0.0
1,0,0.9375,0.0,0.0625,0.0,0.0,0.0,0.0,0.0,0.0,0.0,0.0
1,0,0.9375,0.0,0.0625,0.0,0.0,0.0,0.0,0.0,0.0,0.0,0.0
1,0,0.9375,0.0,0.0625,0.0,0.0,0.0,0.0,0.0,0.0,0.0,0.0
1,0,0.9375,0.0,0.0625,0.0,0.0,0.0,0.0,0.0,0.0,0.0,0.0
1,0,0.9375,0.0,0.0625,0.0,0.0,0.0,0.0,0.0,0.0,0.0,0.0
1,0,0.9375,0.0,0.0625,0.0,0.0,0.0,0.0,0.0,0.0,0.0,0.0
1,0,0.9375,0.0,0.0625,0.0,0.0,0.0,0.0,0.0,0.0,0.0,0.0
1,0,0.9375,0.0,0.0625,0.0,0.0,0.0,0.0,0.0,0.0,0.0,0.0
1,0,0.9375,0.0,0.0625,0.0,0.0,0.0,0.0,0.0,0.0,0.0,0.0
1,0,0.9375,0.0,0.0625,0.0,0.0,0.0,0.0,0.0,0.0,0.0,0.0
1,0,0.9375,0.0,0.0625,0.0,0.0,0.0,0.0,0.0,0.0,0.0,0.0
1,0,0.9375,0.0,0.0625,0.0,0.0,0.0,0.0,0.0,0.0,0.0,0.0
1,0,0.9375,0.0,0.0625,0.0,0.0,0.0,0.0,0.0,0.0,0.0,0.0
1,0,0.9375,0.0,0.0625,0.0,0.0,0.0,0.0,0.0,0.0,0.0,0.0
1,0,0.9375,0.0,0.0625,0.0,0.0,0.0,0.0,0.0,0.0,0.0,0.0
1,0,0.9375,0.0,0.0625,0.0,0.0,0.0,0.0,0.0,0.0,0.0,0.0
1,0,0.9375,0.0,0.0625,0.0,0.0,0.0,0.0,0.0,0.0,0.0,0.0
1,0,0.9375,0.0,0.0625,0.0,0.0,0.0,0.0,0.0,0.0,0.0,0.0
1,0,0.9375,0.0,0.0625,0.0,0.0,0.0,0.0,0.0,0.0,0.0,0.0
1,0,0.9375,0.0,0.0625,0.0,0.0,0.0,0.0,0.0,0.0,0.0,0.0
1,0,0.9375,0.0,0.0625,0.0,0.0,0.0,0.0,0.0,0.0,0.0,0.0
1,0,0.9375,0.0,0.0625,0.0,0.0,0.0,0.0,0.0,0.0,0.0,0.0
1,0,0.9375,0.0,0.0625,0.0,0.0,0.0,0.0,0.0,0.0,0.0,0.0
1,0,0.9375,0.0,0.0625,0.0,0.0,0.0,0.0,0.0,0.0,0.0,0.0
1,0,0.9375,0.0,0.0625,0.0,0.0,0.0,0.0,0.0,0.0,0.0,0.0
1,0,0.9375,0.0,0.0625,0.0,0.0,0.0,0.0,0.0,0.0,0.0,0.0
1,0,0.9375,0.0,0.0625,0.0,0.0,0.0,0.0,0.0,0.0,0.0,0.0
1,0,0.9375,0.0,0.0625,0.0,0.0,0.0,0.0,0.0,0.0,0.0,0.0
1,0,0.9375,0.0,0.0625,0.0,0.0,0.0,0.0,0.0,0.0,0.0,0.0
1,0,0.9375,0.0,0.0625,0.0,0.0,0.0,0.0,0.0,0.0,0.0,0.0
1,0,0.9375,0.0,0.0625,0.0,0.0,0.0,0.0,0.0,0.0,0.0,0.0
1,0,0.9375,0.0,0.0625,0.0,0.0,0.0,0.0,0.0,0.0,0.0,0.0
1,0,0.9375,0.0,0.0625,0.0,0.0,0.0,0.0,0.0,0.0,0.0,0.0
1,0,0.9375,0.0,0.0625,0.0,0.0,0.0,0.0,0.0,0.0,0.0,0.0
1,0,0.9375,0.0,0.0625,0.0,0.0,0.0,0.0,0.0,0.0,0.0,0.0
1,0,0.9375,0.0,0.0625,0.0,0.0,0.0,0.0,0.0,0.0,0.0,0.0
1,0,0.9375,0.0,0.0625,0.0,0.0,0.0,0.0,0.0,0.0,0.0,0.0
1,0,0.9375,0.0,0.0625,0.0,0.0,0.0,0.0,0.0,0.0,0.0,0.0
1,0,0.9375,0.0,0.0625,0.0,0.0,0.0,0.0,0.0,0.0,0.0,0.0
1,0,0.9375,0.0,0.0625,0.0,0.0,0.0,0.0,0.0,0.0,0.0,0.0
1,0,0.9375,0.0,0.0625,0.0,0.0,0.0,0.0,0.0,0.0,0.0,0.0
1,0,0.9375,0.0,0.0625,0.0,0.0,0.0,0.0,0.0,0.0,0.0,0.0
1,0,0.9375,0.0,0.0625,0.0,0.0,0.0,0.0,0.0,0.0,0.0,0.0
1,0,0.9375,0.0,0.0625,0.0,0.0,0.0,0.0,0.0,0.0,0.0,0.0
1,0,1.0,0.0,0.0,0.0,0.0,0.0,0.0,0.0,0.0,0.0,0.0
1,0,1.0,0.0,0.0,0.0,0.0,0.0,0.0,0.0,0.0,0.0,0.0
1,0,1.0,0.0,0.0,0.0,0.0,0.0,0.0,0.0,0.0,0.0,0.0
1,0,1.0,0.0,0.0,0.0,0.0,0.0,0.0,0.0,0.0,0.0,0.0
1,0,1.0,0.0,0.0,0.0,0.0,0.0,0.0,0.0,0.0,0.0,0.0
1,0,1.0,0.0,0.0,0.0,0.0,0.0,0.0,0.0,0.0,0.0,0.0
1,0,1.0,0.0,0.0,0.0,0.0,0.0,0.0,0.0,0.0,0.0,0.0
1,0,1.0,0.0,0.0,0.0,0.0,0.0,0.0,0.0,0.0,0.0,0.0
1,0,1.0,0.0,0.0,0.0,0.0,0.0,0.0,0.0,0.0,0.0,0.0
1,0,1.0,0.0,0.0,0.0,0.0,0.0,0.0,0.0,0.0,0.0,0.0
1,0,1.0,0.0,0.0,0.0,0.0,0.0,0.0,0.0,0.0,0.0,0.0
1,0,1.0,0.0,0.0,0.0,0.0,0.0,0.0,0.0,0.0,0.0,0.0
1,0,1.0,0.0,0.0,0.0,0.0,0.0,0.0,0.0,0.0,0.0,0.0
1,0,1.0,0.0,0.0,0.0,0.0,0.0,0.0,0.0,0.0,0.0,0.0
1,0,1.0,0.0,0.0,0.0,0.0,0.0,0.0,0.0,0.0,0.0,0.0
1,0,1.0,0.0,0.0,0.0,0.0,0.0,0.0,0.0,0.0,0.0,0.0
1,0,1.0,0.0,0.0,0.0,0.0,0.0,0.0,0.0,0.0,0.0,0.0
1,0,1.0,0.0,0.0,0.0,0.0,0.0,0.0,0.0,0.0,0.0,0.0
1,0,1.0,0.0,0.0,0.0,0.0,0.0,0.0,0.0,0.0,0.0,0.0
1,0,1.0,0.0,0.0,0.0,0.0,0.0,0.0,0.0,0.0,0.0,0.0
1,0,1.0,0.0,0.0,0.0,0.0,0.0,0.0,0.0,0.0,0.0,0.0
1,0,1.0,0.0,0.0,0.0,0.0,0.0,0.0,0.0,0.0,0.0,0.0
1,0,1.0,0.0,0.0,0.0,0.0,0.0,0.0,0.0,0.0,0.0,0.0
1,0,1.0,0.0,0.0,0.0,0.0,0.0,0.0,0.0,0.0,0.0,0.0
1,0,1.0,0.0,0.0,0.0,0.0,0.0,0.0,0.0,0.0,0.0,0.0
1,0,1.0,0.0,0.0,0.0,0.0,0.0,0.0,0.0,0.0,0.0,0.0
1,0,1.0,0.0,0.0,0.0,0.0,0.0,0.0,0.0,0.0,0.0,0.0
1,0,1.0,0.0,0.0,0.0,0.0,0.0,0.0,0.0,0.0,0.0,0.0
1,0,1.0,0.0,0.0,0.0,0.0,0.0,0.0,0.0,0.0,0.0,0.0
1,0,1.0,0.0,0.0,0.0,0.0,0.0,0.0,0.0,0.0,0.0,0.0
1,0,1.0,0.0,0.0,0.0,0.0,0.0,0.0,0.0,0.0,0.0,0.0
1,0,1.0,0.0,0.0,0.0,0.0,0.0,0.0,0.0,0.0,0.0,0.0
1,0,1.0,0.0,0.0,0.0,0.0,0.0,0.0,0.0,0.0,0.0,0.0
1,0,1.0,0.0,0.0,0.0,0.0,0.0,0.0,0.0,0.0,0.0,0.0
1,0,1.0,0.0,0.0,0.0,0.0,0.0,0.0,0.0,0.0,0.0,0.0
1,0,1.0,0.0,0.0,0.0,0.0,0.0,0.0,0.0,0.0,0.0,0.0
1,0,1.0,0.0,0.0,0.0,0.0,0.0,0.0,0.0,0.0,0.0,0.0
1,0,1.0,0.0,0.0,0.0,0.0,0.0,0.0,0.0,0.0,0.0,0.0
1,0,1.0,0.0,0.0,0.0,0.0,0.0,0.0,0.0,0.0,0.0,0.0
1,0,1.0,0.0,0.0,0.0,0.0,0.0,0.0,0.0,0.0,0.0,0.0
1,0,1.0,0.0,0.0,0.0,0.0,0.0,0.0,0.0,0.0,0.0,0.0
1,0,1.0,0.0,0.0,0.0,0.0,0.0,0.0,0.0,0.0,0.0,0.0
1,0,1.0,0.0,0.0,0.0,0.0,0.0,0.0,0.0,0.0,0.0,0.0
1,0,1.0,0.0,0.0,0.0,0.0,0.0,0.0,0.0,0.0,0.0,0.0
1,0,1.0,0.0,0.0,0.0,0.0,0.0,0.0,0.0,0.0,0.0,0.0
1,0,1.0,0.0,0.0,0.0,0.0,0.0,0.0,0.0,0.0,0.0,0.0
1,0,1.0,0.0,0.0,0.0,0.0,0.0,0.0,0.0,0.0,0.0,0.0
1,0,1.0,0.0,0.0,0.0,0.0,0.0,0.0,0.0,0.0,0.0,0.0
1,0,1.0,0.0,0.0,0.0,0.0,0.0,0.0,0.0,0.0,0.0,0.0
1,0,1.0,0.0,0.0,0.0,0.0,0.0,0.0,0.0,0.0,0.0,0.0
1,0,1.0,0.0,0.0,0.0,0.0,0.0,0.0,0.0,0.0,0.0,0.0
1,0,1.0,0.0,0.0,0.0,0.0,0.0,0.0,0.0,0.0,0.0,0.0
1,0,1.0,0.0,0.0,0.0,0.0,0.0,0.0,0.0,0.0,0.0,0.0
1,0,1.0,0.0,0.0,0.0,0.0,0.0,0.0,0.0,0.0,0.0,0.0
1,0,1.0,0.0,0.0,0.0,0.0,0.0,0.0,0.0,0.0,0.0,0.0
1,0,1.0,0.0,0.0,0.0,0.0,0.0,0.0,0.0,0.0,0.0,0.0
1,0,1.0,0.0,0.0,0.0,0.0,0.0,0.0,0.0,0.0,0.0,0.0
1,0,1.0,0.0,0.0,0.0,0.0,0.0,0.0,0.0,0.0,0.0,0.0
1,0,1.0,0.0,0.0,0.0,0.0,0.0,0.0,0.0,0.0,0.0,0.0
1,0,1.0,0.0,0.0,0.0,0.0,0.0,0.0,0.0,0.0,0.0,0.0
1,0,1.0,0.0,0.0,0.0,0.0,0.0,0.0,0.0,0.0,0.0,0.0
1,0,1.0,0.0,0.0,0.0,0.0,0.0,0.0,0.0,0.0,0.0,0.0
1,0,1.0,0.0,0.0,0.0,0.0,0.0,0.0,0.0,0.0,0.0,0.0
1,0,1.0,0.0,0.0,0.0,0.0,0.0,0.0,0.0,0.0,0.0,0.0
1,0,1.0,0.0,0.0,0.0,0.0,0.0,0.0,0.0,0.0,0.0,0.0
1,0,1.0,0.0,0.0,0.0,0.0,0.0,0.0,0.0,0.0,0.0,0.0
1,0,1.0,0.0,0.0,0.0,0.0,0.0,0.0,0.0,0.0,0.0,0.0
1,0,1.0,0.0,0.0,0.0,0.0,0.0,0.0,0.0,0.0,0.0,0.0
1,0,1.0,0.0,0.0,0.0,0.0,0.0,0.0,0.0,0.0,0.0,0.0
1,0,1.0,0.0,0.0,0.0,0.0,0.0,0.0,0.0,0.0,0.0,0.0
1,0,1.0,0.0,0.0,0.0,0.0,0.0,0.0,0.0,0.0,0.0,0.0
1,0,1.0,0.0,0.0,0.0,0.0,0.0,0.0,0.0,0.0,0.0,0.0
1,0,1.0,0.0,0.0,0.0,0.0,0.0,0.0,0.0,0.0,0.0,0.0
1,0,1.0,0.0,0.0,0.0,0.0,0.0,0.0,0.0,0.0,0.0,0.0
1,0,1.0,0.0,0.0,0.0,0.0,0.0,0.0,0.0,0.0,0.0,0.0
1,0,1.0,0.0,0.0,0.0,0.0,0.0,0.0,0.0,0.0,0.0,0.0
1,0,1.0,0.0,0.0,0.0,0.0,0.0,0.0,0.0,0.0,0.0,0.0
1,0,1.0,0.0,0.0,0.0,0.0,0.0,0.0,0.0,0.0,0.0,0.0
1,0,1.0,0.0,0.0,0.0,0.0,0.0,0.0,0.0,0.0,0.0,0.0
1,0,1.0,0.0,0.0,0.0,0.0,0.0,0.0,0.0,0.0,0.0,0.0
1,0,1.0,0.0,0.0,0.0,0.0,0.0,0.0,0.0,0.0,0.0,0.0
1,0,1.0,0.0,0.0,0.0,0.0,0.0,0.0,0.0,0.0,0.0,0.0
1,0,1.0,0.0,0.0,0.0,0.0,0.0,0.0,0.0,0.0,0.0,0.0
1,0,1.0,0.0,0.0,0.0,0.0,0.0,0.0,0.0,0.0,0.0,0.0
1,0,1.0,0.0,0.0,0.0,0.0,0.0,0.0,0.0,0.0,0.0,0.0
1,0,1.0,0.0,0.0,0.0,0.0,0.0,0.0,0.0,0.0,0.0,0.0
1,0,1.0,0.0,0.0,0.0,0.0,0.0,0.0,0.0,0.0,0.0,0.0
1,0,1.0,0.0,0.0,0.0,0.0,0.0,0.0,0.0,0.0,0.0,0.0
1,0,1.0,0.0,0.0,0.0,0.0,0.0,0.0,0.0,0.0,0.0,0.0
1,0,1.0,0.0,0.0,0.0,0.0,0.0,0.0,0.0,0.0,0.0,0.0
1,0,1.0,0.0,0.0,0.0,0.0,0.0,0.0,0.0,0.0,0.0,0.0
1,0,1.0,0.0,0.0,0.0,0.0,0.0,0.0,0.0,0.0,0.0,0.0
1,0,1.0,0.0,0.0,0.0,0.0,0.0,0.0,0.0,0.0,0.0,0.0
1,0,1.0,0.0,0.0,0.0,0.0,0.0,0.0,0.0,0.0,0.0,0.0
1,0,1.0,0.0,0.0,0.0,0.0,0.0,0.0,0.0,0.0,0.0,0.0
1,0,1.0,0.0,0.0,0.0,0.0,0.0,0.0,0.0,0.0,0.0,0.0
1,0,1.0,0.0,0.0,0.0,0.0,0.0,0.0,0.0,0.0,0.0,0.0
1,0,1.0,0.0,0.0,0.0,0.0,0.0,0.0,0.0,0.0,0.0,0.0
1,0,1.0,0.0,0.0,0.0,0.0,0.0,0.0,0.0,0.0,0.0,0.0
1,0,1.0,0.0,0.0,0.0,0.0,0.0,0.0,0.0,0.0,0.0,0.0
1,0,1.0,0.0,0.0,0.0,0.0,0.0,0.0,0.0,0.0,0.0,0.0
1,0,1.0,0.0,0.0,0.0,0.0,0.0,0.0,0.0,0.0,0.0,0.0
1,0,1.0,0.0,0.0,0.0,0.0,0.0,0.0,0.0,0.0,0.0,0.0
1,0,1.0,0.0,0.0,0.0,0.0,0.0,0.0,0.0,0.0,0.0,0.0
1,0,1.0,0.0,0.0,0.0,0.0,0.0,0.0,0.0,0.0,0.0,0.0
1,0,1.0,0.0,0.0,0.0,0.0,0.0,0.0,0.0,0.0,0.0,0.0
1,0,1.0,0.0,0.0,0.0,0.0,0.0,0.0,0.0,0.0,0.0,0.0
1,0,1.0,0.0,0.0,0.0,0.0,0.0,0.0,0.0,0.0,0.0,0.0
1,0,1.0,0.0,0.0,0.0,0.0,0.0,0.0,0.0,0.0,0.0,0.0
1,0,1.0,0.0,0.0,0.0,0.0,0.0,0.0,0.0,0.0,0.0,0.0
1,0,1.0,0.0,0.0,0.0,0.0,0.0,0.0,0.0,0.0,0.0,0.0
1,0,1.0,0.0,0.0,0.0,0.0,0.0,0.0,0.0,0.0,0.0,0.0
1,0,1.0,0.0,0.0,0.0,0.0,0.0,0.0,0.0,0.0,0.0,0.0
1,0,1.0,0.0,0.0,0.0,0.0,0.0,0.0,0.0,0.0,0.0,0.0
1,0,1.0,0.0,0.0,0.0,0.0,0.0,0.0,0.0,0.0,0.0,0.0
1,0,1.0,0.0,0.0,0.0,0.0,0.0,0.0,0.0,0.0,0.0,0.0
1,0,1.0,0.0,0.0,0.0,0.0,0.0,0.0,0.0,0.0,0.0,0.0
1,0,1.0,0.0,0.0,0.0,0.0,0.0,0.0,0.0,0.0,0.0,0.0
1,0,1.0,0.0,0.0,0.0,0.0,0.0,0.0,0.0,0.0,0.0,0.0
1,0,1.0,0.0,0.0,0.0,0.0,0.0,0.0,0.0,0.0,0.0,0.0
1,0,1.0,0.0,0.0,0.0,0.0,0.0,0.0,0.0,0.0,0.0,0.0
1,0,1.0,0.0,0.0,0.0,0.0,0.0,0.0,0.0,0.0,0.0,0.0
1,0,1.0,0.0,0.0,0.0,0.0,0.0,0.0,0.0,0.0,0.0,0.0
1,0,1.0,0.0,0.0,0.0,0.0,0.0,0.0,0.0,0.0,0.0,0.0
1,0,1.0,0.0,0.0,0.0,0.0,0.0,0.0,0.0,0.0,0.0,0.0
1,0,1.0,0.0,0.0,0.0,0.0,0.0,0.0,0.0,0.0,0.0,0.0
1,0,1.0,0.0,0.0,0.0,0.0,0.0,0.0,0.0,0.0,0.0,0.0
1,0,1.0,0.0,0.0,0.0,0.0,0.0,0.0,0.0,0.0,0.0,0.0
1,0,1.0,0.0,0.0,0.0,0.0,0.0,0.0,0.0,0.0,0.0,0.0
1,0,1.0,0.0,0.0,0.0,0.0,0.0,0.0,0.0,0.0,0.0,0.0
1,0,1.0,0.0,0.0,0.0,0.0,0.0,0.0,0.0,0.0,0.0,0.0
1,0,1.0,0.0,0.0,0.0,0.0,0.0,0.0,0.0,0.0,0.0,0.0
1,0,1.0,0.0,0.0,0.0,0.0,0.0,0.0,0.0,0.0,0.0,0.0
1,0,1.0,0.0,0.0,0.0,0.0,0.0,0.0,0.0,0.0,0.0,0.0
1,0,1.0,0.0,0.0,0.0,0.0,0.0,0.0,0.0,0.0,0.0,0.0
1,0,1.0,0.0,0.0,0.0,0.0,0.0,0.0,0.0,0.0,0.0,0.0
1,0,1.0,0.0,0.0,0.0,0.0,0.0,0.0,0.0,0.0,0.0,0.0
1,0,1.0,0.0,0.0,0.0,0.0,0.0,0.0,0.0,0.0,0.0,0.0
1,0,1.0,0.0,0.0,0.0,0.0,0.0,0.0,0.0,0.0,0.0,0.0
1,0,1.0,0.0,0.0,0.0,0.0,0.0,0.0,0.0,0.0,0.0,0.0
1,0,1.0,0.0,0.0,0.0,0.0,0.0,0.0,0.0,0.0,0.0,0.0
1,0,1.0,0.0,0.0,0.0,0.0,0.0,0.0,0.0,0.0,0.0,0.0
1,0,1.0,0.0,0.0,0.0,0.0,0.0,0.0,0.0,0.0,0.0,0.0
1,0,1.0,0.0,0.0,0.0,0.0,0.0,0.0,0.0,0.0,0.0,0.0
1,0,1.0,0.0,0.0,0.0,0.0,0.0,0.0,0.0,0.0,0.0,0.0
1,0,1.0,0.0,0.0,0.0,0.0,0.0,0.0,0.0,0.0,0.0,0.0
1,0,1.0,0.0,0.0,0.0,0.0,0.0,0.0,0.0,0.0,0.0,0.0
1,0,1.0,0.0,0.0,0.0,0.0,0.0,0.0,0.0,0.0,0.0,0.0
1,0,1.0,0.0,0.0,0.0,0.0,0.0,0.0,0.0,0.0,0.0,0.0
1,0,1.0,0.0,0.0,0.0,0.0,0.0,0.0,0.0,0.0,0.0,0.0
1,0,1.0,0.0,0.0,0.0,0.0,0.0,0.0,0.0,0.0,0.0,0.0
1,0,1.0,0.0,0.0,0.0,0.0,0.0,0.0,0.0,0.0,0.0,0.0
1,0,1.0,0.0,0.0,0.0,0.0,0.0,0.0,0.0,0.0,0.0,0.0
1,0,1.0,0.0,0.0,0.0,0.0,0.0,0.0,0.0,0.0,0.0,0.0
1,0,1.0,0.0,0.0,0.0,0.0,0.0,0.0,0.0,0.0,0.0,0.0
1,0,1.0,0.0,0.0,0.0,0.0,0.0,0.0,0.0,0.0,0.0,0.0
1,0,1.0,0.0,0.0,0.0,0.0,0.0,0.0,0.0,0.0,0.0,0.0
1,0,1.0,0.0,0.0,0.0,0.0,0.0,0.0,0.0,0.0,0.0,0.0
1,0,1.0,0.0,0.0,0.0,0.0,0.0,0.0,0.0,0.0,0.0,0.0
1,0,1.0,0.0,0.0,0.0,0.0,0.0,0.0,0.0,0.0,0.0,0.0
1,0,1.0,0.0,0.0,0.0,0.0,0.0,0.0,0.0,0.0,0.0,0.0
1,0,1.0,0.0,0.0,0.0,0.0,0.0,0.0,0.0,0.0,0.0,0.0
1,0,1.0,0.0,0.0,0.0,0.0,0.0,0.0,0.0,0.0,0.0,0.0
1,0,1.0,0.0,0.0,0.0,0.0,0.0,0.0,0.0,0.0,0.0,0.0
1,0,1.0,0.0,0.0,0.0,0.0,0.0,0.0,0.0,0.0,0.0,0.0
1,0,1.0,0.0,0.0,0.0,0.0,0.0,0.0,0.0,0.0,0.0,0.0
1,0,1.0,0.0,0.0,0.0,0.0,0.0,0.0,0.0,0.0,0.0,0.0
1,0,1.0,0.0,0.0,0.0,0.0,0.0,0.0,0.0,0.0,0.0,0.0
1,0,1.0,0.0,0.0,0.0,0.0,0.0,0.0,0.0,0.0,0.0,0.0
1,0,1.0,0.0,0.0,0.0,0.0,0.0,0.0,0.0,0.0,0.0,0.0
1,0,1.0,0.0,0.0,0.0,0.0,0.0,0.0,0.0,0.0,0.0,0.0
1,0,1.0,0.0,0.0,0.0,0.0,0.0,0.0,0.0,0.0,0.0,0.0
1,0,1.0,0.0,0.0,0.0,0.0,0.0,0.0,0.0,0.0,0.0,0.0
1,0,1.0,0.0,0.0,0.0,0.0,0.0,0.0,0.0,0.0,0.0,0.0
1,0,1.0,0.0,0.0,0.0,0.0,0.0,0.0,0.0,0.0,0.0,0.0
1,0,1.0,0.0,0.0,0.0,0.0,0.0,0.0,0.0,0.0,0.0,0.0
1,0,1.0,0.0,0.0,0.0,0.0,0.0,0.0,0.0,0.0,0.0,0.0
1,0,1.0,0.0,0.0,0.0,0.0,0.0,0.0,0.0,0.0,0.0,0.0
1,0,1.0,0.0,0.0,0.0,0.0,0.0,0.0,0.0,0.0,0.0,0.0
1,0,1.0,0.0,0.0,0.0,0.0,0.0,0.0,0.0,0.0,0.0,0.0
1,0,1.0,0.0,0.0,0.0,0.0,0.0,0.0,0.0,0.0,0.0,0.0
1,0,1.0,0.0,0.0,0.0,0.0,0.0,0.0,0.0,0.0,0.0,0.0
1,0,1.0,0.0,0.0,0.0,0.0,0.0,0.0,0.0,0.0,0.0,0.0
1,0,1.0,0.0,0.0,0.0,0.0,0.0,0.0,0.0,0.0,0.0,0.0
1,0,1.0,0.0,0.0,0.0,0.0,0.0,0.0,0.0,0.0,0.0,0.0
1,0,1.0,0.0,0.0,0.0,0.0,0.0,0.0,0.0,0.0,0.0,0.0
1,0,1.0,0.0,0.0,0.0,0.0,0.0,0.0,0.0,0.0,0.0,0.0
1,0,1.0,0.0,0.0,0.0,0.0,0.0,0.0,0.0,0.0,0.0,0.0
1,0,1.0,0.0,0.0,0.0,0.0,0.0,0.0,0.0,0.0,0.0,0.0
1,0,1.0,0.0,0.0,0.0,0.0,0.0,0.0,0.0,0.0,0.0,0.0
1,0,1.0,0.0,0.0,0.0,0.0,0.0,0.0,0.0,0.0,0.0,0.0
1,0,1.0,0.0,0.0,0.0,0.0,0.0,0.0,0.0,0.0,0.0,0.0
1,0,1.0,0.0,0.0,0.0,0.0,0.0,0.0,0.0,0.0,0.0,0.0
1,0,1.0,0.0,0.0,0.0,0.0,0.0,0.0,0.0,0.0,0.0,0.0
1,0,1.0,0.0,0.0,0.0,0.0,0.0,0.0,0.0,0.0,0.0,0.0
1,0,1.0,0.0,0.0,0.0,0.0,0.0,0.0,0.0,0.0,0.0,0.0
1,0,1.0,0.0,0.0,0.0,0.0,0.0,0.0,0.0,0.0,0.0,0.0
1,0,1.0,0.0,0.0,0.0,0.0,0.0,0.0,0.0,0.0,0.0,0.0
1,0,1.0,0.0,0.0,0.0,0.0,0.0,0.0,0.0,0.0,0.0,0.0
1,0,1.0,0.0,0.0,0.0,0.0,0.0,0.0,0.0,0.0,0.0,0.0
1,0,1.0,0.0,0.0,0.0,0.0,0.0,0.0,0.0,0.0,0.0,0.0
1,0,1.0,0.0,0.0,0.0,0.0,0.0,0.0,0.0,0.0,0.0,0.0
1,0,1.0,0.0,0.0,0.0,0.0,0.0,0.0,0.0,0.0,0.0,0.0
1,0,1.0,0.0,0.0,0.0,0.0,0.0,0.0,0.0,0.0,0.0,0.0
1,0,1.0,0.0,0.0,0.0,0.0,0.0,0.0,0.0,0.0,0.0,0.0
1,0,1.0,0.0,0.0,0.0,0.0,0.0,0.0,0.0,0.0,0.0,0.0
1,0,1.0,0.0,0.0,0.0,0.0,0.0,0.0,0.0,0.0,0.0,0.0
1,0,1.0,0.0,0.0,0.0,0.0,0.0,0.0,0.0,0.0,0.0,0.0
1,0,1.0,0.0,0.0,0.0,0.0,0.0,0.0,0.0,0.0,0.0,0.0
1,0,1.0,0.0,0.0,0.0,0.0,0.0,0.0,0.0,0.0,0.0,0.0
1,0,1.0,0.0,0.0,0.0,0.0,0.0,0.0,0.0,0.0,0.0,0.0
1,0,1.0,0.0,0.0,0.0,0.0,0.0,0.0,0.0,0.0,0.0,0.0
1,0,1.0,0.0,0.0,0.0,0.0,0.0,0.0,0.0,0.0,0.0,0.0
1,0,1.0,0.0,0.0,0.0,0.0,0.0,0.0,0.0,0.0,0.0,0.0
1,0,1.0,0.0,0.0,0.0,0.0,0.0,0.0,0.0,0.0,0.0,0.0
1,0,1.0,0.0,0.0,0.0,0.0,0.0,0.0,0.0,0.0,0.0,0.0
1,0,1.0,0.0,0.0,0.0,0.0,0.0,0.0,0.0,0.0,0.0,0.0
1,0,1.0,0.0,0.0,0.0,0.0,0.0,0.0,0.0,0.0,0.0,0.0
1,0,1.0,0.0,0.0,0.0,0.0,0.0,0.0,0.0,0.0,0.0,0.0
1,0,1.0,0.0,0.0,0.0,0.0,0.0,0.0,0.0,0.0,0.0,0.0
1,0,1.0,0.0,0.0,0.0,0.0,0.0,0.0,0.0,0.0,0.0,0.0
1,0,1.0,0.0,0.0,0.0,0.0,0.0,0.0,0.0,0.0,0.0,0.0
1,0,1.0,0.0,0.0,0.0,0.0,0.0,0.0,0.0,0.0,0.0,0.0
1,0,1.0,0.0,0.0,0.0,0.0,0.0,0.0,0.0,0.0,0.0,0.0
1,0,1.0,0.0,0.0,0.0,0.0,0.0,0.0,0.0,0.0,0.0,0.0
1,0,1.0,0.0,0.0,0.0,0.0,0.0,0.0,0.0,0.0,0.0,0.0
1,0,1.0,0.0,0.0,0.0,0.0,0.0,0.0,0.0,0.0,0.0,0.0
1,0,1.0,0.0,0.0,0.0,0.0,0.0,0.0,0.0,0.0,0.0,0.0
1,0,1.0,0.0,0.0,0.0,0.0,0.0,0.0,0.0,0.0,0.0,0.0
1,0,1.0,0.0,0.0,0.0,0.0,0.0,0.0,0.0,0.0,0.0,0.0
1,0,1.0,0.0,0.0,0.0,0.0,0.0,0.0,0.0,0.0,0.0,0.0
1,0,1.0,0.0,0.0,0.0,0.0,0.0,0.0,0.0,0.0,0.0,0.0
1,0,1.0,0.0,0.0,0.0,0.0,0.0,0.0,0.0,0.0,0.0,0.0
1,0,1.0,0.0,0.0,0.0,0.0,0.0,0.0,0.0,0.0,0.0,0.0
1,0,1.0,0.0,0.0,0.0,0.0,0.0,0.0,0.0,0.0,0.0,0.0
1,0,1.0,0.0,0.0,0.0,0.0,0.0,0.0,0.0,0.0,0.0,0.0
1,0,1.0,0.0,0.0,0.0,0.0,0.0,0.0,0.0,0.0,0.0,0.0
1,0,1.0,0.0,0.0,0.0,0.0,0.0,0.0,0.0,0.0,0.0,0.0
1,0,1.0,0.0,0.0,0.0,0.0,0.0,0.0,0.0,0.0,0.0,0.0
1,0,1.0,0.0,0.0,0.0,0.0,0.0,0.0,0.0,0.0,0.0,0.0
1,0,1.0,0.0,0.0,0.0,0.0,0.0,0.0,0.0,0.0,0.0,0.0
1,0,1.0,0.0,0.0,0.0,0.0,0.0,0.0,0.0,0.0,0.0,0.0
1,0,1.0,0.0,0.0,0.0,0.0,0.0,0.0,0.0,0.0,0.0,0.0
1,0,1.0,0.0,0.0,0.0,0.0,0.0,0.0,0.0,0.0,0.0,0.0
1,0,1.0,0.0,0.0,0.0,0.0,0.0,0.0,0.0,0.0,0.0,0.0
1,0,1.0,0.0,0.0,0.0,0.0,0.0,0.0,0.0,0.0,0.0,0.0
1,0,1.0,0.0,0.0,0.0,0.0,0.0,0.0,0.0,0.0,0.0,0.0
1,0,1.0,0.0,0.0,0.0,0.0,0.0,0.0,0.0,0.0,0.0,0.0
1,0,1.0,0.0,0.0,0.0,0.0,0.0,0.0,0.0,0.0,0.0,0.0
1,0,1.0,0.0,0.0,0.0,0.0,0.0,0.0,0.0,0.0,0.0,0.0
1,0,1.0,0.0,0.0,0.0,0.0,0.0,0.0,0.0,0.0,0.0,0.0
1,0,1.0,0.0,0.0,0.0,0.0,0.0,0.0,0.0,0.0,0.0,0.0
1,0,1.0,0.0,0.0,0.0,0.0,0.0,0.0,0.0,0.0,0.0,0.0
1,0,1.0,0.0,0.0,0.0,0.0,0.0,0.0,0.0,0.0,0.0,0.0
1,0,1.0,0.0,0.0,0.0,0.0,0.0,0.0,0.0,0.0,0.0,0.0
1,0,1.0,0.0,0.0,0.0,0.0,0.0,0.0,0.0,0.0,0.0,0.0
1,0,1.0,0.0,0.0,0.0,0.0,0.0,0.0,0.0,0.0,0.0,0.0
1,0,1.0,0.0,0.0,0.0,0.0,0.0,0.0,0.0,0.0,0.0,0.0
1,0,1.0,0.0,0.0,0.0,0.0,0.0,0.0,0.0,0.0,0.0,0.0
1,0,1.0,0.0,0.0,0.0,0.0,0.0,0.0,0.0,0.0,0.0,0.0
1,0,1.0,0.0,0.0,0.0,0.0,0.0,0.0,0.0,0.0,0.0,0.0
1,0,1.0,0.0,0.0,0.0,0.0,0.0,0.0,0.0,0.0,0.0,0.0
1,0,1.0,0.0,0.0,0.0,0.0,0.0,0.0,0.0,0.0,0.0,0.0
1,0,1.0,0.0,0.0,0.0,0.0,0.0,0.0,0.0,0.0,0.0,0.0
1,0,1.0,0.0,0.0,0.0,0.0,0.0,0.0,0.0,0.0,0.0,0.0
1,0,1.0,0.0,0.0,0.0,0.0,0.0,0.0,0.0,0.0,0.0,0.0
1,0,1.0,0.0,0.0,0.0,0.0,0.0,0.0,0.0,0.0,0.0,0.0
1,0,1.0,0.0,0.0,0.0,0.0,0.0,0.0,0.0,0.0,0.0,0.0
1,0,1.0,0.0,0.0,0.0,0.0,0.0,0.0,0.0,0.0,0.0,0.0
1,0,1.0,0.0,0.0,0.0,0.0,0.0,0.0,0.0,0.0,0.0,0.0
1,0,1.0,0.0,0.0,0.0,0.0,0.0,0.0,0.0,0.0,0.0,0.0
1,0,1.0,0.0,0.0,0.0,0.0,0.0,0.0,0.0,0.0,0.0,0.0
1,0,1.0,0.0,0.0,0.0,0.0,0.0,0.0,0.0,0.0,0.0,0.0
1,0,1.0,0.0,0.0,0.0,0.0,0.0,0.0,0.0,0.0,0.0,0.0
1,0,1.0,0.0,0.0,0.0,0.0,0.0,0.0,0.0,0.0,0.0,0.0
1,0,1.0,0.0,0.0,0.0,0.0,0.0,0.0,0.0,0.0,0.0,0.0
1,0,1.0,0.0,0.0,0.0,0.0,0.0,0.0,0.0,0.0,0.0,0.0
1,0,1.0,0.0,0.0,0.0,0.0,0.0,0.0,0.0,0.0,0.0,0.0
1,0,1.0,0.0,0.0,0.0,0.0,0.0,0.0,0.0,0.0,0.0,0.0
1,0,1.0,0.0,0.0,0.0,0.0,0.0,0.0,0.0,0.0,0.0,0.0
1,0,1.0,0.0,0.0,0.0,0.0,0.0,0.0,0.0,0.0,0.0,0.0
1,0,1.0,0.0,0.0,0.0,0.0,0.0,0.0,0.0,0.0,0.0,0.0
1,0,1.0,0.0,0.0,0.0,0.0,0.0,0.0,0.0,0.0,0.0,0.0
1,0,1.0,0.0,0.0,0.0,0.0,0.0,0.0,0.0,0.0,0.0,0.0
1,0,1.0,0.0,0.0,0.0,0.0,0.0,0.0,0.0,0.0,0.0,0.0
1,0,1.0,0.0,0.0,0.0,0.0,0.0,0.0,0.0,0.0,0.0,0.0
1,0,1.0,0.0,0.0,0.0,0.0,0.0,0.0,0.0,0.0,0.0,0.0
1,0,1.0,0.0,0.0,0.0,0.0,0.0,0.0,0.0,0.0,0.0,0.0
1,0,1.0,0.0,0.0,0.0,0.0,0.0,0.0,0.0,0.0,0.0,0.0
1,0,1.0,0.0,0.0,0.0,0.0,0.0,0.0,0.0,0.0,0.0,0.0
1,0,1.0,0.0,0.0,0.0,0.0,0.0,0.0,0.0,0.0,0.0,0.0
1,0,1.0,0.0,0.0,0.0,0.0,0.0,0.0,0.0,0.0,0.0,0.0
1,0,1.0,0.0,0.0,0.0,0.0,0.0,0.0,0.0,0.0,0.0,0.0
1,0,1.0,0.0,0.0,0.0,0.0,0.0,0.0,0.0,0.0,0.0,0.0
1,0,1.0,0.0,0.0,0.0,0.0,0.0,0.0,0.0,0.0,0.0,0.0
1,0,1.0,0.0,0.0,0.0,0.0,0.0,0.0,0.0,0.0,0.0,0.0
1,0,1.0,0.0,0.0,0.0,0.0,0.0,0.0,0.0,0.0,0.0,0.0
1,0,1.0,0.0,0.0,0.0,0.0,0.0,0.0,0.0,0.0,0.0,0.0
1,0,1.0,0.0,0.0,0.0,0.0,0.0,0.0,0.0,0.0,0.0,0.0
1,0,1.0,0.0,0.0,0.0,0.0,0.0,0.0,0.0,0.0,0.0,0.0
1,0,1.0,0.0,0.0,0.0,0.0,0.0,0.0,0.0,0.0,0.0,0.0
1,0,1.0,0.0,0.0,0.0,0.0,0.0,0.0,0.0,0.0,0.0,0.0
1,0,1.0,0.0,0.0,0.0,0.0,0.0,0.0,0.0,0.0,0.0,0.0
1,0,1.0,0.0,0.0,0.0,0.0,0.0,0.0,0.0,0.0,0.0,0.0
1,0,1.0,0.0,0.0,0.0,0.0,0.0,0.0,0.0,0.0,0.0,0.0
1,0,1.0,0.0,0.0,0.0,0.0,0.0,0.0,0.0,0.0,0.0,0.0
1,0,1.0,0.0,0.0,0.0,0.0,0.0,0.0,0.0,0.0,0.0,0.0
1,0,1.0,0.0,0.0,0.0,0.0,0.0,0.0,0.0,0.0,0.0,0.0
1,0,1.0,0.0,0.0,0.0,0.0,0.0,0.0,0.0,0.0,0.0,0.0
1,0,1.0,0.0,0.0,0.0,0.0,0.0,0.0,0.0,0.0,0.0,0.0
1,0,1.0,0.0,0.0,0.0,0.0,0.0,0.0,0.0,0.0,0.0,0.0
1,0,1.0,0.0,0.0,0.0,0.0,0.0,0.0,0.0,0.0,0.0,0.0
1,0,1.0,0.0,0.0,0.0,0.0,0.0,0.0,0.0,0.0,0.0,0.0
1,0,1.0,0.0,0.0,0.0,0.0,0.0,0.0,0.0,0.0,0.0,0.0
1,0,1.0,0.0,0.0,0.0,0.0,0.0,0.0,0.0,0.0,0.0,0.0
1,0,1.0,0.0,0.0,0.0,0.0,0.0,0.0,0.0,0.0,0.0,0.0
1,0,1.0,0.0,0.0,0.0,0.0,0.0,0.0,0.0,0.0,0.0,0.0
1,0,1.0,0.0,0.0,0.0,0.0,0.0,0.0,0.0,0.0,0.0,0.0
1,0,1.0,0.0,0.0,0.0,0.0,0.0,0.0,0.0,0.0,0.0,0.0
1,0,1.0,0.0,0.0,0.0,0.0,0.0,0.0,0.0,0.0,0.0,0.0
1,0,1.0,0.0,0.0,0.0,0.0,0.0,0.0,0.0,0.0,0.0,0.0
1,0,1.0,0.0,0.0,0.0,0.0,0.0,0.0,0.0,0.0,0.0,0.0
1,0,1.0,0.0,0.0,0.0,0.0,0.0,0.0,0.0,0.0,0.0,0.0
1,0,1.0,0.0,0.0,0.0,0.0,0.0,0.0,0.0,0.0,0.0,0.0
1,0,1.0,0.0,0.0,0.0,0.0,0.0,0.0,0.0,0.0,0.0,0.0
1,0,1.0,0.0,0.0,0.0,0.0,0.0,0.0,0.0,0.0,0.0,0.0
1,0,1.0,0.0,0.0,0.0,0.0,0.0,0.0,0.0,0.0,0.0,0.0
1,0,1.0,0.0,0.0,0.0,0.0,0.0,0.0,0.0,0.0,0.0,0.0
1,0,1.0,0.0,0.0,0.0,0.0,0.0,0.0,0.0,0.0,0.0,0.0
1,0,1.0,0.0,0.0,0.0,0.0,0.0,0.0,0.0,0.0,0.0,0.0
1,0,1.0,0.0,0.0,0.0,0.0,0.0,0.0,0.0,0.0,0.0,0.0
1,0,1.0,0.0,0.0,0.0,0.0,0.0,0.0,0.0,0.0,0.0,0.0
1,0,1.0,0.0,0.0,0.0,0.0,0.0,0.0,0.0,0.0,0.0,0.0
1,0,1.0,0.0,0.0,0.0,0.0,0.0,0.0,0.0,0.0,0.0,0.0
1,0,1.0,0.0,0.0,0.0,0.0,0.0,0.0,0.0,0.0,0.0,0.0
1,0,1.0,0.0,0.0,0.0,0.0,0.0,0.0,0.0,0.0,0.0,0.0
1,0,1.0,0.0,0.0,0.0,0.0,0.0,0.0,0.0,0.0,0.0,0.0
1,0,1.0,0.0,0.0,0.0,0.0,0.0,0.0,0.0,0.0,0.0,0.0
1,0,1.0,0.0,0.0,0.0,0.0,0.0,0.0,0.0,0.0,0.0,0.0
1,0,1.0,0.0,0.0,0.0,0.0,0.0,0.0,0.0,0.0,0.0,0.0
1,0,1.0,0.0,0.0,0.0,0.0,0.0,0.0,0.0,0.0,0.0,0.0
1,0,1.0,0.0,0.0,0.0,0.0,0.0,0.0,0.0,0.0,0.0,0.0
1,0,1.0,0.0,0.0,0.0,0.0,0.0,0.0,0.0,0.0,0.0,0.0
1,0,1.0,0.0,0.0,0.0,0.0,0.0,0.0,0.0,0.0,0.0,0.0
1,0,1.0,0.0,0.0,0.0,0.0,0.0,0.0,0.0,0.0,0.0,0.0
1,0,1.0,0.0,0.0,0.0,0.0,0.0,0.0,0.0,0.0,0.0,0.0
1,0,1.0,0.0,0.0,0.0,0.0,0.0,0.0,0.0,0.0,0.0,0.0
1,0,1.0,0.0,0.0,0.0,0.0,0.0,0.0,0.0,0.0,0.0,0.0
1,0,1.0,0.0,0.0,0.0,0.0,0.0,0.0,0.0,0.0,0.0,0.0
1,0,1.0,0.0,0.0,0.0,0.0,0.0,0.0,0.0,0.0,0.0,0.0
1,0,1.0,0.0,0.0,0.0,0.0,0.0,0.0,0.0,0.0,0.0,0.0
1,0,1.0,0.0,0.0,0.0,0.0,0.0,0.0,0.0,0.0,0.0,0.0
1,0,1.0,0.0,0.0,0.0,0.0,0.0,0.0,0.0,0.0,0.0,0.0
1,0,1.0,0.0,0.0,0.0,0.0,0.0,0.0,0.0,0.0,0.0,0.0
1,0,1.0,0.0,0.0,0.0,0.0,0.0,0.0,0.0,0.0,0.0,0.0
1,0,1.0,0.0,0.0,0.0,0.0,0.0,0.0,0.0,0.0,0.0,0.0
1,0,1.0,0.0,0.0,0.0,0.0,0.0,0.0,0.0,0.0,0.0,0.0
1,0,1.0,0.0,0.0,0.0,0.0,0.0,0.0,0.0,0.0,0.0,0.0
1,0,1.0,0.0,0.0,0.0,0.0,0.0,0.0,0.0,0.0,0.0,0.0
1,0,1.0,0.0,0.0,0.0,0.0,0.0,0.0,0.0,0.0,0.0,0.0
1,0,1.0,0.0,0.0,0.0,0.0,0.0,0.0,0.0,0.0,0.0,0.0
1,0,1.0,0.0,0.0,0.0,0.0,0.0,0.0,0.0,0.0,0.0,0.0
1,0,1.0,0.0,0.0,0.0,0.0,0.0,0.0,0.0,0.0,0.0,0.0
1,0,1.0,0.0,0.0,0.0,0.0,0.0,0.0,0.0,0.0,0.0,0.0
1,0,1.0,0.0,0.0,0.0,0.0,0.0,0.0,0.0,0.0,0.0,0.0
1,0,1.0,0.0,0.0,0.0,0.0,0.0,0.0,0.0,0.0,0.0,0.0
1,0,1.0,0.0,0.0,0.0,0.0,0.0,0.0,0.0,0.0,0.0,0.0
1,0,1.0,0.0,0.0,0.0,0.0,0.0,0.0,0.0,0.0,0.0,0.0
1,0,1.0,0.0,0.0,0.0,0.0,0.0,0.0,0.0,0.0,0.0,0.0
1,0,1.0,0.0,0.0,0.0,0.0,0.0,0.0,0.0,0.0,0.0,0.0
1,0,1.0,0.0,0.0,0.0,0.0,0.0,0.0,0.0,0.0,0.0,0.0
1,0,1.0,0.0,0.0,0.0,0.0,0.0,0.0,0.0,0.0,0.0,0.0
1,0,1.0,0.0,0.0,0.0,0.0,0.0,0.0,0.0,0.0,0.0,0.0
1,0,1.0,0.0,0.0,0.0,0.0,0.0,0.0,0.0,0.0,0.0,0.0
1,0,1.0,0.0,0.0,0.0,0.0,0.0,0.0,0.0,0.0,0.0,0.0
1,0,1.0,0.0,0.0,0.0,0.0,0.0,0.0,0.0,0.0,0.0,0.0
1,0,1.0,0.0,0.0,0.0,0.0,0.0,0.0,0.0,0.0,0.0,0.0
1,0,1.0,0.0,0.0,0.0,0.0,0.0,0.0,0.0,0.0,0.0,0.0
1,0,1.0,0.0,0.0,0.0,0.0,0.0,0.0,0.0,0.0,0.0,0.0
1,0,1.0,0.0,0.0,0.0,0.0,0.0,0.0,0.0,0.0,0.0,0.0
1,0,1.0,0.0,0.0,0.0,0.0,0.0,0.0,0.0,0.0,0.0,0.0
1,0,1.0,0.0,0.0,0.0,0.0,0.0,0.0,0.0,0.0,0.0,0.0
1,0,1.0,0.0,0.0,0.0,0.0,0.0,0.0,0.0,0.0,0.0,0.0
1,0,1.0,0.0,0.0,0.0,0.0,0.0,0.0,0.0,0.0,0.0,0.0
1,0,1.0,0.0,0.0,0.0,0.0,0.0,0.0,0.0,0.0,0.0,0.0
1,0,1.0,0.0,0.0,0.0,0.0,0.0,0.0,0.0,0.0,0.0,0.0
1,0,1.0,0.0,0.0,0.0,0.0,0.0,0.0,0.0,0.0,0.0,0.0
1,0,1.0,0.0,0.0,0.0,0.0,0.0,0.0,0.0,0.0,0.0,0.0
1,0,1.0,0.0,0.0,0.0,0.0,0.0,0.0,0.0,0.0,0.0,0.0
1,0,1.0,0.0,0.0,0.0,0.0,0.0,0.0,0.0,0.0,0.0,0.0
1,0,1.0,0.0,0.0,0.0,0.0,0.0,0.0,0.0,0.0,0.0,0.0
1,0,1.0,0.0,0.0,0.0,0.0,0.0,0.0,0.0,0.0,0.0,0.0
1,0,1.0,0.0,0.0,0.0,0.0,0.0,0.0,0.0,0.0,0.0,0.0
1,0,1.0,0.0,0.0,0.0,0.0,0.0,0.0,0.0,0.0,0.0,0.0
1,0,1.0,0.0,0.0,0.0,0.0,0.0,0.0,0.0,0.0,0.0,0.0
1,0,1.0,0.0,0.0,0.0,0.0,0.0,0.0,0.0,0.0,0.0,0.0
1,0,1.0,0.0,0.0,0.0,0.0,0.0,0.0,0.0,0.0,0.0,0.0
1,0,1.0,0.0,0.0,0.0,0.0,0.0,0.0,0.0,0.0,0.0,0.0
1,0,1.0,0.0,0.0,0.0,0.0,0.0,0.0,0.0,0.0,0.0,0.0
1,0,1.0,0.0,0.0,0.0,0.0,0.0,0.0,0.0,0.0,0.0,0.0
1,0,1.0,0.0,0.0,0.0,0.0,0.0,0.0,0.0,0.0,0.0,0.0
1,0,1.0,0.0,0.0,0.0,0.0,0.0,0.0,0.0,0.0,0.0,0.0
1,0,1.0,0.0,0.0,0.0,0.0,0.0,0.0,0.0,0.0,0.0,0.0
1,0,1.0,0.0,0.0,0.0,0.0,0.0,0.0,0.0,0.0,0.0,0.0
1,0,1.0,0.0,0.0,0.0,0.0,0.0,0.0,0.0,0.0,0.0,0.0
1,0,1.0,0.0,0.0,0.0,0.0,0.0,0.0,0.0,0.0,0.0,0.0
1,0,1.0,0.0,0.0,0.0,0.0,0.0,0.0,0.0,0.0,0.0,0.0
1,0,1.0,0.0,0.0,0.0,0.0,0.0,0.0,0.0,0.0,0.0,0.0
1,0,1.0,0.0,0.0,0.0,0.0,0.0,0.0,0.0,0.0,0.0,0.0
1,0,1.0,0.0,0.0,0.0,0.0,0.0,0.0,0.0,0.0,0.0,0.0
1,0,1.0,0.0,0.0,0.0,0.0,0.0,0.0,0.0,0.0,0.0,0.0
1,0,1.0,0.0,0.0,0.0,0.0,0.0,0.0,0.0,0.0,0.0,0.0
1,0,1.0,0.0,0.0,0.0,0.0,0.0,0.0,0.0,0.0,0.0,0.0
1,0,1.0,0.0,0.0,0.0,0.0,0.0,0.0,0.0,0.0,0.0,0.0
1,0,1.0,0.0,0.0,0.0,0.0,0.0,0.0,0.0,0.0,0.0,0.0
1,0,1.0,0.0,0.0,0.0,0.0,0.0,0.0,0.0,0.0,0.0,0.0
1,0,1.0,0.0,0.0,0.0,0.0,0.0,0.0,0.0,0.0,0.0,0.0
1,0,1.0,0.0,0.0,0.0,0.0,0.0,0.0,0.0,0.0,0.0,0.0
1,0,1.0,0.0,0.0,0.0,0.0,0.0,0.0,0.0,0.0,0.0,0.0
1,0,1.0,0.0,0.0,0.0,0.0,0.0,0.0,0.0,0.0,0.0,0.0
1,0,1.0,0.0,0.0,0.0,0.0,0.0,0.0,0.0,0.0,0.0,0.0
1,0,1.0,0.0,0.0,0.0,0.0,0.0,0.0,0.0,0.0,0.0,0.0
1,0,1.0,0.0,0.0,0.0,0.0,0.0,0.0,0.0,0.0,0.0,0.0
1,0,1.0,0.0,0.0,0.0,0.0,0.0,0.0,0.0,0.0,0.0,0.0
1,0,1.0,0.0,0.0,0.0,0.0,0.0,0.0,0.0,0.0,0.0,0.0
1,0,1.0,0.0,0.0,0.0,0.0,0.0,0.0,0.0,0.0,0.0,0.0
1,0,1.0,0.0,0.0,0.0,0.0,0.0,0.0,0.0,0.0,0.0,0.0
1,0,1.0,0.0,0.0,0.0,0.0,0.0,0.0,0.0,0.0,0.0,0.0
1,0,1.0,0.0,0.0,0.0,0.0,0.0,0.0,0.0,0.0,0.0,0.0
1,0,1.0,0.0,0.0,0.0,0.0,0.0,0.0,0.0,0.0,0.0,0.0
1,0,1.0,0.0,0.0,0.0,0.0,0.0,0.0,0.0,0.0,0.0,0.0
1,0,1.0,0.0,0.0,0.0,0.0,0.0,0.0,0.0,0.0,0.0,0.0
1,0,1.0,0.0,0.0,0.0,0.0,0.0,0.0,0.0,0.0,0.0,0.0
1,0,1.0,0.0,0.0,0.0,0.0,0.0,0.0,0.0,0.0,0.0,0.0
1,0,1.0,0.0,0.0,0.0,0.0,0.0,0.0,0.0,0.0,0.0,0.0
1,0,1.0,0.0,0.0,0.0,0.0,0.0,0.0,0.0,0.0,0.0,0.0
1,0,1.0,0.0,0.0,0.0,0.0,0.0,0.0,0.0,0.0,0.0,0.0
1,0,1.0,0.0,0.0,0.0,0.0,0.0,0.0,0.0,0.0,0.0,0.0
1,0,1.0,0.0,0.0,0.0,0.0,0.0,0.0,0.0,0.0,0.0,0.0
1,0,1.0,0.0,0.0,0.0,0.0,0.0,0.0,0.0,0.0,0.0,0.0
1,0,1.0,0.0,0.0,0.0,0.0,0.0,0.0,0.0,0.0,0.0,0.0
1,0,1.0,0.0,0.0,0.0,0.0,0.0,0.0,0.0,0.0,0.0,0.0
1,0,1.0,0.0,0.0,0.0,0.0,0.0,0.0,0.0,0.0,0.0,0.0
1,0,1.0,0.0,0.0,0.0,0.0,0.0,0.0,0.0,0.0,0.0,0.0
1,0,1.0,0.0,0.0,0.0,0.0,0.0,0.0,0.0,0.0,0.0,0.0
1,0,1.0,0.0,0.0,0.0,0.0,0.0,0.0,0.0,0.0,0.0,0.0
1,0,1.0,0.0,0.0,0.0,0.0,0.0,0.0,0.0,0.0,0.0,0.0
1,0,1.0,0.0,0.0,0.0,0.0,0.0,0.0,0.0,0.0,0.0,0.0
1,0,1.0,0.0,0.0,0.0,0.0,0.0,0.0,0.0,0.0,0.0,0.0
1,0,1.0,0.0,0.0,0.0,0.0,0.0,0.0,0.0,0.0,0.0,0.0
1,0,1.0,0.0,0.0,0.0,0.0,0.0,0.0,0.0,0.0,0.0,0.0
1,0,1.0,0.0,0.0,0.0,0.0,0.0,0.0,0.0,0.0,0.0,0.0
1,0,1.0,0.0,0.0,0.0,0.0,0.0,0.0,0.0,0.0,0.0,0.0
1,0,1.0,0.0,0.0,0.0,0.0,0.0,0.0,0.0,0.0,0.0,0.0
1,0,1.0,0.0,0.0,0.0,0.0,0.0,0.0,0.0,0.0,0.0,0.0
1,0,1.0,0.0,0.0,0.0,0.0,0.0,0.0,0.0,0.0,0.0,0.0
1,0,1.0,0.0,0.0,0.0,0.0,0.0,0.0,0.0,0.0,0.0,0.0
1,0,1.0,0.0,0.0,0.0,0.0,0.0,0.0,0.0,0.0,0.0,0.0
1,0,1.0,0.0,0.0,0.0,0.0,0.0,0.0,0.0,0.0,0.0,0.0
1,0,1.0,0.0,0.0,0.0,0.0,0.0,0.0,0.0,0.0,0.0,0.0
1,0,1.0,0.0,0.0,0.0,0.0,0.0,0.0,0.0,0.0,0.0,0.0
1,0,1.0,0.0,0.0,0.0,0.0,0.0,0.0,0.0,0.0,0.0,0.0
1,0,1.0,0.0,0.0,0.0,0.0,0.0,0.0,0.0,0.0,0.0,0.0
1,0,1.0,0.0,0.0,0.0,0.0,0.0,0.0,0.0,0.0,0.0,0.0
1,0,1.0,0.0,0.0,0.0,0.0,0.0,0.0,0.0,0.0,0.0,0.0
1,0,1.0,0.0,0.0,0.0,0.0,0.0,0.0,0.0,0.0,0.0,0.0
1,0,1.0,0.0,0.0,0.0,0.0,0.0,0.0,0.0,0.0,0.0,0.0
1,0,1.0,0.0,0.0,0.0,0.0,0.0,0.0,0.0,0.0,0.0,0.0
1,0,1.0,0.0,0.0,0.0,0.0,0.0,0.0,0.0,0.0,0.0,0.0
1,0,1.0,0.0,0.0,0.0,0.0,0.0,0.0,0.0,0.0,0.0,0.0
1,0,1.0,0.0,0.0,0.0,0.0,0.0,0.0,0.0,0.0,0.0,0.0
1,0,1.0,0.0,0.0,0.0,0.0,0.0,0.0,0.0,0.0,0.0,0.0
1,0,1.0,0.0,0.0,0.0,0.0,0.0,0.0,0.0,0.0,0.0,0.0
1,0,1.0,0.0,0.0,0.0,0.0,0.0,0.0,0.0,0.0,0.0,0.0
1,0,1.0,0.0,0.0,0.0,0.0,0.0,0.0,0.0,0.0,0.0,0.0
1,0,1.0,0.0,0.0,0.0,0.0,0.0,0.0,0.0,0.0,0.0,0.0
1,0,1.0,0.0,0.0,0.0,0.0,0.0,0.0,0.0,0.0,0.0,0.0
1,0,1.0,0.0,0.0,0.0,0.0,0.0,0.0,0.0,0.0,0.0,0.0
1,0,1.0,0.0,0.0,0.0,0.0,0.0,0.0,0.0,0.0,0.0,0.0
1,0,1.0,0.0,0.0,0.0,0.0,0.0,0.0,0.0,0.0,0.0,0.0
1,0,1.0,0.0,0.0,0.0,0.0,0.0,0.0,0.0,0.0,0.0,0.0
1,0,1.0,0.0,0.0,0.0,0.0,0.0,0.0,0.0,0.0,0.0,0.0
1,0,1.0,0.0,0.0,0.0,0.0,0.0,0.0,0.0,0.0,0.0,0.0
1,0,1.0,0.0,0.0,0.0,0.0,0.0,0.0,0.0,0.0,0.0,0.0
1,0,1.0,0.0,0.0,0.0,0.0,0.0,0.0,0.0,0.0,0.0,0.0
1,0,1.0,0.0,0.0,0.0,0.0,0.0,0.0,0.0,0.0,0.0,0.0
1,0,1.0,0.0,0.0,0.0,0.0,0.0,0.0,0.0,0.0,0.0,0.0
1,0,1.0,0.0,0.0,0.0,0.0,0.0,0.0,0.0,0.0,0.0,0.0
1,0,1.0,0.0,0.0,0.0,0.0,0.0,0.0,0.0,0.0,0.0,0.0
1,0,1.0,0.0,0.0,0.0,0.0,0.0,0.0,0.0,0.0,0.0,0.0
1,0,1.0,0.0,0.0,0.0,0.0,0.0,0.0,0.0,0.0,0.0,0.0
1,0,1.0,0.0,0.0,0.0,0.0,0.0,0.0,0.0,0.0,0.0,0.0
1,0,1.0,0.0,0.0,0.0,0.0,0.0,0.0,0.0,0.0,0.0,0.0
1,0,1.0,0.0,0.0,0.0,0.0,0.0,0.0,0.0,0.0,0.0,0.0
1,0,1.0,0.0,0.0,0.0,0.0,0.0,0.0,0.0,0.0,0.0,0.0
1,0,1.0,0.0,0.0,0.0,0.0,0.0,0.0,0.0,0.0,0.0,0.0
1,0,1.0,0.0,0.0,0.0,0.0,0.0,0.0,0.0,0.0,0.0,0.0
1,0,1.0,0.0,0.0,0.0,0.0,0.0,0.0,0.0,0.0,0.0,0.0
1,0,1.0,0.0,0.0,0.0,0.0,0.0,0.0,0.0,0.0,0.0,0.0
1,0,1.0,0.0,0.0,0.0,0.0,0.0,0.0,0.0,0.0,0.0,0.0
1,0,1.0,0.0,0.0,0.0,0.0,0.0,0.0,0.0,0.0,0.0,0.0
1,0,1.0,0.0,0.0,0.0,0.0,0.0,0.0,0.0,0.0,0.0,0.0
1,0,1.0,0.0,0.0,0.0,0.0,0.0,0.0,0.0,0.0,0.0,0.0
1,0,1.0,0.0,0.0,0.0,0.0,0.0,0.0,0.0,0.0,0.0,0.0
1,0,1.0,0.0,0.0,0.0,0.0,0.0,0.0,0.0,0.0,0.0,0.0
1,0,1.0,0.0,0.0,0.0,0.0,0.0,0.0,0.0,0.0,0.0,0.0
1,0,1.0,0.0,0.0,0.0,0.0,0.0,0.0,0.0,0.0,0.0,0.0
1,0,1.0,0.0,0.0,0.0,0.0,0.0,0.0,0.0,0.0,0.0,0.0
1,0,1.0,0.0,0.0,0.0,0.0,0.0,0.0,0.0,0.0,0.0,0.0
1,0,1.0,0.0,0.0,0.0,0.0,0.0,0.0,0.0,0.0,0.0,0.0
1,0,1.0,0.0,0.0,0.0,0.0,0.0,0.0,0.0,0.0,0.0,0.0
1,0,1.0,0.0,0.0,0.0,0.0,0.0,0.0,0.0,0.0,0.0,0.0
1,0,1.0,0.0,0.0,0.0,0.0,0.0,0.0,0.0,0.0,0.0,0.0
1,0,1.0,0.0,0.0,0.0,0.0,0.0,0.0,0.0,0.0,0.0,0.0
1,0,1.0,0.0,0.0,0.0,0.0,0.0,0.0,0.0,0.0,0.0,0.0
1,0,1.0,0.0,0.0,0.0,0.0,0.0,0.0,0.0,0.0,0.0,0.0
1,0,1.0,0.0,0.0,0.0,0.0,0.0,0.0,0.0,0.0,0.0,0.0
1,0,1.0,0.0,0.0,0.0,0.0,0.0,0.0,0.0,0.0,0.0,0.0
1,0,1.0,0.0,0.0,0.0,0.0,0.0,0.0,0.0,0.0,0.0,0.0
1,0,1.0,0.0,0.0,0.0,0.0,0.0,0.0,0.0,0.0,0.0,0.0
1,0,1.0,0.0,0.0,0.0,0.0,0.0,0.0,0.0,0.0,0.0,0.0
1,0,1.0,0.0,0.0,0.0,0.0,0.0,0.0,0.0,0.0,0.0,0.0
1,0,1.0,0.0,0.0,0.0,0.0,0.0,0.0,0.0,0.0,0.0,0.0
1,0,1.0,0.0,0.0,0.0,0.0,0.0,0.0,0.0,0.0,0.0,0.0
1,0,1.0,0.0,0.0,0.0,0.0,0.0,0.0,0.0,0.0,0.0,0.0
1,0,1.0,0.0,0.0,0.0,0.0,0.0,0.0,0.0,0.0,0.0,0.0
1,0,1.0,0.0,0.0,0.0,0.0,0.0,0.0,0.0,0.0,0.0,0.0
1,0,1.0,0.0,0.0,0.0,0.0,0.0,0.0,0.0,0.0,0.0,0.0
1,0,1.0,0.0,0.0,0.0,0.0,0.0,0.0,0.0,0.0,0.0,0.0
1,0,1.0,0.0,0.0,0.0,0.0,0.0,0.0,0.0,0.0,0.0,0.0
1,0,1.0,0.0,0.0,0.0,0.0,0.0,0.0,0.0,0.0,0.0,0.0
1,0,1.0,0.0,0.0,0.0,0.0,0.0,0.0,0.0,0.0,0.0,0.0
1,0,1.0,0.0,0.0,0.0,0.0,0.0,0.0,0.0,0.0,0.0,0.0
1,0,1.0,0.0,0.0,0.0,0.0,0.0,0.0,0.0,0.0,0.0,0.0
1,0,1.0,0.0,0.0,0.0,0.0,0.0,0.0,0.0,0.0,0.0,0.0
1,0,1.0,0.0,0.0,0.0,0.0,0.0,0.0,0.0,0.0,0.0,0.0
1,0,1.0,0.0,0.0,0.0,0.0,0.0,0.0,0.0,0.0,0.0,0.0
1,0,1.0,0.0,0.0,0.0,0.0,0.0,0.0,0.0,0.0,0.0,0.0
1,0,1.0,0.0,0.0,0.0,0.0,0.0,0.0,0.0,0.0,0.0,0.0
1,0,1.0,0.0,0.0,0.0,0.0,0.0,0.0,0.0,0.0,0.0,0.0
1,0,1.0,0.0,0.0,0.0,0.0,0.0,0.0,0.0,0.0,0.0,0.0
1,0,1.0,0.0,0.0,0.0,0.0,0.0,0.0,0.0,0.0,0.0,0.0
1,0,1.0,0.0,0.0,0.0,0.0,0.0,0.0,0.0,0.0,0.0,0.0
1,0,1.0,0.0,0.0,0.0,0.0,0.0,0.0,0.0,0.0,0.0,0.0
1,0,1.0,0.0,0.0,0.0,0.0,0.0,0.0,0.0,0.0,0.0,0.0
1,0,1.0,0.0,0.0,0.0,0.0,0.0,0.0,0.0,0.0,0.0,0.0
1,0,1.0,0.0,0.0,0.0,0.0,0.0,0.0,0.0,0.0,0.0,0.0
1,0,1.0,0.0,0.0,0.0,0.0,0.0,0.0,0.0,0.0,0.0,0.0
1,0,1.0,0.0,0.0,0.0,0.0,0.0,0.0,0.0,0.0,0.0,0.0
1,0,1.0,0.0,0.0,0.0,0.0,0.0,0.0,0.0,0.0,0.0,0.0
1,0,1.0,0.0,0.0,0.0,0.0,0.0,0.0,0.0,0.0,0.0,0.0
1,0,1.0,0.0,0.0,0.0,0.0,0.0,0.0,0.0,0.0,0.0,0.0
1,0,1.0,0.0,0.0,0.0,0.0,0.0,0.0,0.0,0.0,0.0,0.0
1,0,1.0,0.0,0.0,0.0,0.0,0.0,0.0,0.0,0.0,0.0,0.0
1,0,1.0,0.0,0.0,0.0,0.0,0.0,0.0,0.0,0.0,0.0,0.0
1,0,1.0,0.0,0.0,0.0,0.0,0.0,0.0,0.0,0.0,0.0,0.0
1,0,1.0,0.0,0.0,0.0,0.0,0.0,0.0,0.0,0.0,0.0,0.0
1,0,1.0,0.0,0.0,0.0,0.0,0.0,0.0,0.0,0.0,0.0,0.0
1,0,1.0,0.0,0.0,0.0,0.0,0.0,0.0,0.0,0.0,0.0,0.0
1,0,1.0,0.0,0.0,0.0,0.0,0.0,0.0,0.0,0.0,0.0,0.0
1,0,1.0,0.0,0.0,0.0,0.0,0.0,0.0,0.0,0.0,0.0,0.0
1,0,1.0,0.0,0.0,0.0,0.0,0.0,0.0,0.0,0.0,0.0,0.0
1,0,1.0,0.0,0.0,0.0,0.0,0.0,0.0,0.0,0.0,0.0,0.0
1,0,1.0,0.0,0.0,0.0,0.0,0.0,0.0,0.0,0.0,0.0,0.0
1,0,1.0,0.0,0.0,0.0,0.0,0.0,0.0,0.0,0.0,0.0,0.0
1,0,1.0,0.0,0.0,0.0,0.0,0.0,0.0,0.0,0.0,0.0,0.0
1,0,1.0,0.0,0.0,0.0,0.0,0.0,0.0,0.0,0.0,0.0,0.0
1,0,1.0,0.0,0.0,0.0,0.0,0.0,0.0,0.0,0.0,0.0,0.0
1,0,1.0,0.0,0.0,0.0,0.0,0.0,0.0,0.0,0.0,0.0,0.0
1,0,1.0,0.0,0.0,0.0,0.0,0.0,0.0,0.0,0.0,0.0,0.0
1,0,1.0,0.0,0.0,0.0,0.0,0.0,0.0,0.0,0.0,0.0,0.0
1,0,1.0,0.0,0.0,0.0,0.0,0.0,0.0,0.0,0.0,0.0,0.0
1,0,1.0,0.0,0.0,0.0,0.0,0.0,0.0,0.0,0.0,0.0,0.0
1,0,1.0,0.0,0.0,0.0,0.0,0.0,0.0,0.0,0.0,0.0,0.0
1,0,1.0,0.0,0.0,0.0,0.0,0.0,0.0,0.0,0.0,0.0,0.0
1,0,1.0,0.0,0.0,0.0,0.0,0.0,0.0,0.0,0.0,0.0,0.0
1,0,1.0,0.0,0.0,0.0,0.0,0.0,0.0,0.0,0.0,0.0,0.0
1,0,1.0,0.0,0.0,0.0,0.0,0.0,0.0,0.0,0.0,0.0,0.0
1,0,1.0,0.0,0.0,0.0,0.0,0.0,0.0,0.0,0.0,0.0,0.0
1,0,1.0,0.0,0.0,0.0,0.0,0.0,0.0,0.0,0.0,0.0,0.0
1,0,1.0,0.0,0.0,0.0,0.0,0.0,0.0,0.0,0.0,0.0,0.0
1,0,1.0,0.0,0.0,0.0,0.0,0.0,0.0,0.0,0.0,0.0,0.0
1,0,1.0,0.0,0.0,0.0,0.0,0.0,0.0,0.0,0.0,0.0,0.0
1,0,1.0,0.0,0.0,0.0,0.0,0.0,0.0,0.0,0.0,0.0,0.0
1,0,1.0,0.0,0.0,0.0,0.0,0.0,0.0,0.0,0.0,0.0,0.0
1,0,1.0,0.0,0.0,0.0,0.0,0.0,0.0,0.0,0.0,0.0,0.0
1,0,1.0,0.0,0.0,0.0,0.0,0.0,0.0,0.0,0.0,0.0,0.0
1,0,1.0,0.0,0.0,0.0,0.0,0.0,0.0,0.0,0.0,0.0,0.0
1,0,1.0,0.0,0.0,0.0,0.0,0.0,0.0,0.0,0.0,0.0,0.0
1,0,1.0,0.0,0.0,0.0,0.0,0.0,0.0,0.0,0.0,0.0,0.0
1,0,1.0,0.0,0.0,0.0,0.0,0.0,0.0,0.0,0.0,0.0,0.0
1,0,1.0,0.0,0.0,0.0,0.0,0.0,0.0,0.0,0.0,0.0,0.0
1,0,1.0,0.0,0.0,0.0,0.0,0.0,0.0,0.0,0.0,0.0,0.0
1,0,1.0,0.0,0.0,0.0,0.0,0.0,0.0,0.0,0.0,0.0,0.0
1,0,1.0,0.0,0.0,0.0,0.0,0.0,0.0,0.0,0.0,0.0,0.0
1,0,1.0,0.0,0.0,0.0,0.0,0.0,0.0,0.0,0.0,0.0,0.0
1,0,1.0,0.0,0.0,0.0,0.0,0.0,0.0,0.0,0.0,0.0,0.0
1,0,1.0,0.0,0.0,0.0,0.0,0.0,0.0,0.0,0.0,0.0,0.0
1,0,1.0,0.0,0.0,0.0,0.0,0.0,0.0,0.0,0.0,0.0,0.0
1,0,1.0,0.0,0.0,0.0,0.0,0.0,0.0,0.0,0.0,0.0,0.0
1,0,1.0,0.0,0.0,0.0,0.0,0.0,0.0,0.0,0.0,0.0,0.0
1,0,1.0,0.0,0.0,0.0,0.0,0.0,0.0,0.0,0.0,0.0,0.0
1,0,1.0,0.0,0.0,0.0,0.0,0.0,0.0,0.0,0.0,0.0,0.0
1,0,1.0,0.0,0.0,0.0,0.0,0.0,0.0,0.0,0.0,0.0,0.0
1,0,1.0,0.0,0.0,0.0,0.0,0.0,0.0,0.0,0.0,0.0,0.0
1,0,1.0,0.0,0.0,0.0,0.0,0.0,0.0,0.0,0.0,0.0,0.0
1,0,1.0,0.0,0.0,0.0,0.0,0.0,0.0,0.0,0.0,0.0,0.0
1,0,1.0,0.0,0.0,0.0,0.0,0.0,0.0,0.0,0.0,0.0,0.0
1,0,1.0,0.0,0.0,0.0,0.0,0.0,0.0,0.0,0.0,0.0,0.0
1,0,1.0,0.0,0.0,0.0,0.0,0.0,0.0,0.0,0.0,0.0,0.0
1,0,1.0,0.0,0.0,0.0,0.0,0.0,0.0,0.0,0.0,0.0,0.0
1,0,1.0,0.0,0.0,0.0,0.0,0.0,0.0,0.0,0.0,0.0,0.0
1,0,1.0,0.0,0.0,0.0,0.0,0.0,0.0,0.0,0.0,0.0,0.0
1,0,1.0,0.0,0.0,0.0,0.0,0.0,0.0,0.0,0.0,0.0,0.0
1,0,1.0,0.0,0.0,0.0,0.0,0.0,0.0,0.0,0.0,0.0,0.0
1,0,1.0,0.0,0.0,0.0,0.0,0.0,0.0,0.0,0.0,0.0,0.0
1,0,1.0,0.0,0.0,0.0,0.0,0.0,0.0,0.0,0.0,0.0,0.0
1,0,1.0,0.0,0.0,0.0,0.0,0.0,0.0,0.0,0.0,0.0,0.0
1,0,1.0,0.0,0.0,0.0,0.0,0.0,0.0,0.0,0.0,0.0,0.0
1,0,1.0,0.0,0.0,0.0,0.0,0.0,0.0,0.0,0.0,0.0,0.0
1,0,1.0,0.0,0.0,0.0,0.0,0.0,0.0,0.0,0.0,0.0,0.0
1,0,1.0,0.0,0.0,0.0,0.0,0.0,0.0,0.0,0.0,0.0,0.0
1,0,1.0,0.0,0.0,0.0,0.0,0.0,0.0,0.0,0.0,0.0,0.0
1,0,1.0,0.0,0.0,0.0,0.0,0.0,0.0,0.0,0.0,0.0,0.0
1,0,1.0,0.0,0.0,0.0,0.0,0.0,0.0,0.0,0.0,0.0,0.0
1,0,1.0,0.0,0.0,0.0,0.0,0.0,0.0,0.0,0.0,0.0,0.0
1,0,1.0,0.0,0.0,0.0,0.0,0.0,0.0,0.0,0.0,0.0,0.0
1,0,1.0,0.0,0.0,0.0,0.0,0.0,0.0,0.0,0.0,0.0,0.0
1,0,1.0,0.0,0.0,0.0,0.0,0.0,0.0,0.0,0.0,0.0,0.0
1,0,1.0,0.0,0.0,0.0,0.0,0.0,0.0,0.0,0.0,0.0,0.0
1,0,1.0,0.0,0.0,0.0,0.0,0.0,0.0,0.0,0.0,0.0,0.0
1,0,1.0,0.0,0.0,0.0,0.0,0.0,0.0,0.0,0.0,0.0,0.0
1,0,1.0,0.0,0.0,0.0,0.0,0.0,0.0,0.0,0.0,0.0,0.0
1,0,1.0,0.0,0.0,0.0,0.0,0.0,0.0,0.0,0.0,0.0,0.0
1,0,1.0,0.0,0.0,0.0,0.0,0.0,0.0,0.0,0.0,0.0,0.0
1,0,1.0,0.0,0.0,0.0,0.0,0.0,0.0,0.0,0.0,0.0,0.0
1,0,1.0,0.0,0.0,0.0,0.0,0.0,0.0,0.0,0.0,0.0,0.0
1,0,1.0,0.0,0.0,0.0,0.0,0.0,0.0,0.0,0.0,0.0,0.0
1,0,1.0,0.0,0.0,0.0,0.0,0.0,0.0,0.0,0.0,0.0,0.0
1,0,1.0,0.0,0.0,0.0,0.0,0.0,0.0,0.0,0.0,0.0,0.0
1,0,1.0,0.0,0.0,0.0,0.0,0.0,0.0,0.0,0.0,0.0,0.0
1,0,1.0,0.0,0.0,0.0,0.0,0.0,0.0,0.0,0.0,0.0,0.0
1,0,1.0,0.0,0.0,0.0,0.0,0.0,0.0,0.0,0.0,0.0,0.0
1,0,1.0,0.0,0.0,0.0,0.0,0.0,0.0,0.0,0.0,0.0,0.0
1,0,1.0,0.0,0.0,0.0,0.0,0.0,0.0,0.0,0.0,0.0,0.0
1,0,1.0,0.0,0.0,0.0,0.0,0.0,0.0,0.0,0.0,0.0,0.0
1,0,1.0,0.0,0.0,0.0,0.0,0.0,0.0,0.0,0.0,0.0,0.0
1,0,1.0,0.0,0.0,0.0,0.0,0.0,0.0,0.0,0.0,0.0,0.0
1,0,1.0,0.0,0.0,0.0,0.0,0.0,0.0,0.0,0.0,0.0,0.0
1,0,1.0,0.0,0.0,0.0,0.0,0.0,0.0,0.0,0.0,0.0,0.0
1,0,1.0,0.0,0.0,0.0,0.0,0.0,0.0,0.0,0.0,0.0,0.0
1,0,1.0,0.0,0.0,0.0,0.0,0.0,0.0,0.0,0.0,0.0,0.0
1,0,1.0,0.0,0.0,0.0,0.0,0.0,0.0,0.0,0.0,0.0,0.0
1,0,1.0,0.0,0.0,0.0,0.0,0.0,0.0,0.0,0.0,0.0,0.0
1,0,1.0,0.0,0.0,0.0,0.0,0.0,0.0,0.0,0.0,0.0,0.0
1,0,1.0,0.0,0.0,0.0,0.0,0.0,0.0,0.0,0.0,0.0,0.0
1,0,1.0,0.0,0.0,0.0,0.0,0.0,0.0,0.0,0.0,0.0,0.0
1,0,1.0,0.0,0.0,0.0,0.0,0.0,0.0,0.0,0.0,0.0,0.0
1,0,1.0,0.0,0.0,0.0,0.0,0.0,0.0,0.0,0.0,0.0,0.0
1,0,1.0,0.0,0.0,0.0,0.0,0.0,0.0,0.0,0.0,0.0,0.0
1,0,1.0,0.0,0.0,0.0,0.0,0.0,0.0,0.0,0.0,0.0,0.0
1,0,1.0,0.0,0.0,0.0,0.0,0.0,0.0,0.0,0.0,0.0,0.0
1,0,1.0,0.0,0.0,0.0,0.0,0.0,0.0,0.0,0.0,0.0,0.0
1,0,1.0,0.0,0.0,0.0,0.0,0.0,0.0,0.0,0.0,0.0,0.0
1,0,1.0,0.0,0.0,0.0,0.0,0.0,0.0,0.0,0.0,0.0,0.0
1,0,1.0,0.0,0.0,0.0,0.0,0.0,0.0,0.0,0.0,0.0,0.0
1,0,1.0,0.0,0.0,0.0,0.0,0.0,0.0,0.0,0.0,0.0,0.0
1,0,1.0,0.0,0.0,0.0,0.0,0.0,0.0,0.0,0.0,0.0,0.0
1,0,1.0,0.0,0.0,0.0,0.0,0.0,0.0,0.0,0.0,0.0,0.0
1,0,1.0,0.0,0.0,0.0,0.0,0.0,0.0,0.0,0.0,0.0,0.0
1,0,1.0,0.0,0.0,0.0,0.0,0.0,0.0,0.0,0.0,0.0,0.0
1,0,1.0,0.0,0.0,0.0,0.0,0.0,0.0,0.0,0.0,0.0,0.0
1,0,1.0,0.0,0.0,0.0,0.0,0.0,0.0,0.0,0.0,0.0,0.0
1,0,1.0,0.0,0.0,0.0,0.0,0.0,0.0,0.0,0.0,0.0,0.0
1,0,1.0,0.0,0.0,0.0,0.0,0.0,0.0,0.0,0.0,0.0,0.0
1,0,1.0,0.0,0.0,0.0,0.0,0.0,0.0,0.0,0.0,0.0,0.0
1,0,1.0,0.0,0.0,0.0,0.0,0.0,0.0,0.0,0.0,0.0,0.0
1,0,1.0,0.0,0.0,0.0,0.0,0.0,0.0,0.0,0.0,0.0,0.0
1,0,1.0,0.0,0.0,0.0,0.0,0.0,0.0,0.0,0.0,0.0,0.0
1,0,1.0,0.0,0.0,0.0,0.0,0.0,0.0,0.0,0.0,0.0,0.0
1,0,1.0,0.0,0.0,0.0,0.0,0.0,0.0,0.0,0.0,0.0,0.0
1,0,1.0,0.0,0.0,0.0,0.0,0.0,0.0,0.0,0.0,0.0,0.0
1,0,1.0,0.0,0.0,0.0,0.0,0.0,0.0,0.0,0.0,0.0,0.0
1,0,1.0,0.0,0.0,0.0,0.0,0.0,0.0,0.0,0.0,0.0,0.0
1,0,1.0,0.0,0.0,0.0,0.0,0.0,0.0,0.0,0.0,0.0,0.0
1,0,1.0,0.0,0.0,0.0,0.0,0.0,0.0,0.0,0.0,0.0,0.0
1,0,1.0,0.0,0.0,0.0,0.0,0.0,0.0,0.0,0.0,0.0,0.0
1,0,1.0,0.0,0.0,0.0,0.0,0.0,0.0,0.0,0.0,0.0,0.0
1,0,1.0,0.0,0.0,0.0,0.0,0.0,0.0,0.0,0.0,0.0,0.0
1,0,1.0,0.0,0.0,0.0,0.0,0.0,0.0,0.0,0.0,0.0,0.0
1,0,1.0,0.0,0.0,0.0,0.0,0.0,0.0,0.0,0.0,0.0,0.0
1,0,1.0,0.0,0.0,0.0,0.0,0.0,0.0,0.0,0.0,0.0,0.0
1,0,1.0,0.0,0.0,0.0,0.0,0.0,0.0,0.0,0.0,0.0,0.0
1,0,1.0,0.0,0.0,0.0,0.0,0.0,0.0,0.0,0.0,0.0,0.0
1,0,1.0,0.0,0.0,0.0,0.0,0.0,0.0,0.0,0.0,0.0,0.0
1,0,1.0,0.0,0.0,0.0,0.0,0.0,0.0,0.0,0.0,0.0,0.0
1,0,1.0,0.0,0.0,0.0,0.0,0.0,0.0,0.0,0.0,0.0,0.0
1,0,1.0,0.0,0.0,0.0,0.0,0.0,0.0,0.0,0.0,0.0,0.0
1,0,1.0,0.0,0.0,0.0,0.0,0.0,0.0,0.0,0.0,0.0,0.0
1,0,1.0,0.0,0.0,0.0,0.0,0.0,0.0,0.0,0.0,0.0,0.0
1,0,1.0,0.0,0.0,0.0,0.0,0.0,0.0,0.0,0.0,0.0,0.0
1,0,1.0,0.0,0.0,0.0,0.0,0.0,0.0,0.0,0.0,0.0,0.0
1,0,1.0,0.0,0.0,0.0,0.0,0.0,0.0,0.0,0.0,0.0,0.0
1,0,1.0,0.0,0.0,0.0,0.0,0.0,0.0,0.0,0.0,0.0,0.0
1,0,1.0,0.0,0.0,0.0,0.0,0.0,0.0,0.0,0.0,0.0,0.0
1,0,1.0,0.0,0.0,0.0,0.0,0.0,0.0,0.0,0.0,0.0,0.0
1,0,1.0,0.0,0.0,0.0,0.0,0.0,0.0,0.0,0.0,0.0,0.0
1,0,1.0,0.0,0.0,0.0,0.0,0.0,0.0,0.0,0.0,0.0,0.0
1,0,1.0,0.0,0.0,0.0,0.0,0.0,0.0,0.0,0.0,0.0,0.0
1,0,1.0,0.0,0.0,0.0,0.0,0.0,0.0,0.0,0.0,0.0,0.0
1,0,1.0,0.0,0.0,0.0,0.0,0.0,0.0,0.0,0.0,0.0,0.0
1,0,1.0,0.0,0.0,0.0,0.0,0.0,0.0,0.0,0.0,0.0,0.0
1,0,1.0,0.0,0.0,0.0,0.0,0.0,0.0,0.0,0.0,0.0,0.0
1,0,1.0,0.0,0.0,0.0,0.0,0.0,0.0,0.0,0.0,0.0,0.0
1,0,1.0,0.0,0.0,0.0,0.0,0.0,0.0,0.0,0.0,0.0,0.0
1,0,1.0,0.0,0.0,0.0,0.0,0.0,0.0,0.0,0.0,0.0,0.0
1,0,1.0,0.0,0.0,0.0,0.0,0.0,0.0,0.0,0.0,0.0,0.0
1,0,1.0,0.0,0.0,0.0,0.0,0.0,0.0,0.0,0.0,0.0,0.0
1,0,1.0,0.0,0.0,0.0,0.0,0.0,0.0,0.0,0.0,0.0,0.0
1,0,1.0,0.0,0.0,0.0,0.0,0.0,0.0,0.0,0.0,0.0,0.0
1,0,1.0,0.0,0.0,0.0,0.0,0.0,0.0,0.0,0.0,0.0,0.0
1,0,1.0,0.0,0.0,0.0,0.0,0.0,0.0,0.0,0.0,0.0,0.0
1,0,1.0,0.0,0.0,0.0,0.0,0.0,0.0,0.0,0.0,0.0,0.0
1,0,1.0,0.0,0.0,0.0,0.0,0.0,0.0,0.0,0.0,0.0,0.0
1,0,1.0,0.0,0.0,0.0,0.0,0.0,0.0,0.0,0.0,0.0,0.0
1,0,1.0,0.0,0.0,0.0,0.0,0.0,0.0,0.0,0.0,0.0,0.0
1,0,1.0,0.0,0.0,0.0,0.0,0.0,0.0,0.0,0.0,0.0,0.0
1,0,1.0,0.0,0.0,0.0,0.0,0.0,0.0,0.0,0.0,0.0,0.0
1,0,1.0,0.0,0.0,0.0,0.0,0.0,0.0,0.0,0.0,0.0,0.0
1,0,1.0,0.0,0.0,0.0,0.0,0.0,0.0,0.0,0.0,0.0,0.0
1,0,1.0,0.0,0.0,0.0,0.0,0.0,0.0,0.0,0.0,0.0,0.0
1,0,1.0,0.0,0.0,0.0,0.0,0.0,0.0,0.0,0.0,0.0,0.0
1,0,1.0,0.0,0.0,0.0,0.0,0.0,0.0,0.0,0.0,0.0,0.0
1,0,1.0,0.0,0.0,0.0,0.0,0.0,0.0,0.0,0.0,0.0,0.0
1,0,1.0,0.0,0.0,0.0,0.0,0.0,0.0,0.0,0.0,0.0,0.0
1,0,1.0,0.0,0.0,0.0,0.0,0.0,0.0,0.0,0.0,0.0,0.0
1,0,1.0,0.0,0.0,0.0,0.0,0.0,0.0,0.0,0.0,0.0,0.0
1,0,1.0,0.0,0.0,0.0,0.0,0.0,0.0,0.0,0.0,0.0,0.0
1,0,1.0,0.0,0.0,0.0,0.0,0.0,0.0,0.0,0.0,0.0,0.0
1,0,1.0,0.0,0.0,0.0,0.0,0.0,0.0,0.0,0.0,0.0,0.0
1,0,1.0,0.0,0.0,0.0,0.0,0.0,0.0,0.0,0.0,0.0,0.0
1,0,1.0,0.0,0.0,0.0,0.0,0.0,0.0,0.0,0.0,0.0,0.0
1,0,1.0,0.0,0.0,0.0,0.0,0.0,0.0,0.0,0.0,0.0,0.0
1,0,1.0,0.0,0.0,0.0,0.0,0.0,0.0,0.0,0.0,0.0,0.0
1,0,1.0,0.0,0.0,0.0,0.0,0.0,0.0,0.0,0.0,0.0,0.0
1,0,1.0,0.0,0.0,0.0,0.0,0.0,0.0,0.0,0.0,0.0,0.0
1,0,1.0,0.0,0.0,0.0,0.0,0.0,0.0,0.0,0.0,0.0,0.0
1,0,1.0,0.0,0.0,0.0,0.0,0.0,0.0,0.0,0.0,0.0,0.0
1,0,1.0,0.0,0.0,0.0,0.0,0.0,0.0,0.0,0.0,0.0,0.0
1,0,1.0,0.0,0.0,0.0,0.0,0.0,0.0,0.0,0.0,0.0,0.0
1,0,1.0,0.0,0.0,0.0,0.0,0.0,0.0,0.0,0.0,0.0,0.0
1,0,1.0,0.0,0.0,0.0,0.0,0.0,0.0,0.0,0.0,0.0,0.0
1,0,1.0,0.0,0.0,0.0,0.0,0.0,0.0,0.0,0.0,0.0,0.0
1,0,1.0,0.0,0.0,0.0,0.0,0.0,0.0,0.0,0.0,0.0,0.0
1,0,1.0,0.0,0.0,0.0,0.0,0.0,0.0,0.0,0.0,0.0,0.0
1,0,1.0,0.0,0.0,0.0,0.0,0.0,0.0,0.0,0.0,0.0,0.0
1,0,1.0,0.0,0.0,0.0,0.0,0.0,0.0,0.0,0.0,0.0,0.0
1,0,1.0,0.0,0.0,0.0,0.0,0.0,0.0,0.0,0.0,0.0,0.0
1,0,1.0,0.0,0.0,0.0,0.0,0.0,0.0,0.0,0.0,0.0,0.0
1,0,1.0,0.0,0.0,0.0,0.0,0.0,0.0,0.0,0.0,0.0,0.0
1,0,1.0,0.0,0.0,0.0,0.0,0.0,0.0,0.0,0.0,0.0,0.0
1,0,1.0,0.0,0.0,0.0,0.0,0.0,0.0,0.0,0.0,0.0,0.0
1,0,1.0,0.0,0.0,0.0,0.0,0.0,0.0,0.0,0.0,0.0,0.0
1,0,1.0,0.0,0.0,0.0,0.0,0.0,0.0,0.0,0.0,0.0,0.0
1,0,1.0,0.0,0.0,0.0,0.0,0.0,0.0,0.0,0.0,0.0,0.0
1,0,1.0,0.0,0.0,0.0,0.0,0.0,0.0,0.0,0.0,0.0,0.0
1,0,1.0,0.0,0.0,0.0,0.0,0.0,0.0,0.0,0.0,0.0,0.0
1,0,1.0,0.0,0.0,0.0,0.0,0.0,0.0,0.0,0.0,0.0,0.0
1,0,1.0,0.0,0.0,0.0,0.0,0.0,0.0,0.0,0.0,0.0,0.0
1,0,1.0,0.0,0.0,0.0,0.0,0.0,0.0,0.0,0.0,0.0,0.0
1,0,1.0,0.0,0.0,0.0,0.0,0.0,0.0,0.0,0.0,0.0,0.0
1,0,1.0,0.0,0.0,0.0,0.0,0.0,0.0,0.0,0.0,0.0,0.0
1,0,1.0,0.0,0.0,0.0,0.0,0.0,0.0,0.0,0.0,0.0,0.0
1,0,1.0,0.0,0.0,0.0,0.0,0.0,0.0,0.0,0.0,0.0,0.0
1,0,1.0,0.0,0.0,0.0,0.0,0.0,0.0,0.0,0.0,0.0,0.0
1,0,1.0,0.0,0.0,0.0,0.0,0.0,0.0,0.0,0.0,0.0,0.0
1,0,1.0,0.0,0.0,0.0,0.0,0.0,0.0,0.0,0.0,0.0,0.0
1,0,1.0,0.0,0.0,0.0,0.0,0.0,0.0,0.0,0.0,0.0,0.0
1,0,1.0,0.0,0.0,0.0,0.0,0.0,0.0,0.0,0.0,0.0,0.0
1,0,1.0,0.0,0.0,0.0,0.0,0.0,0.0,0.0,0.0,0.0,0.0
1,0,1.0,0.0,0.0,0.0,0.0,0.0,0.0,0.0,0.0,0.0,0.0
1,0,1.0,0.0,0.0,0.0,0.0,0.0,0.0,0.0,0.0,0.0,0.0
1,0,1.0,0.0,0.0,0.0,0.0,0.0,0.0,0.0,0.0,0.0,0.0
1,0,1.0,0.0,0.0,0.0,0.0,0.0,0.0,0.0,0.0,0.0,0.0
1,0,1.0,0.0,0.0,0.0,0.0,0.0,0.0,0.0,0.0,0.0,0.0
1,0,1.0,0.0,0.0,0.0,0.0,0.0,0.0,0.0,0.0,0.0,0.0
1,0,1.0,0.0,0.0,0.0,0.0,0.0,0.0,0.0,0.0,0.0,0.0
1,0,1.0,0.0,0.0,0.0,0.0,0.0,0.0,0.0,0.0,0.0,0.0
1,0,1.0,0.0,0.0,0.0,0.0,0.0,0.0,0.0,0.0,0.0,0.0
1,0,1.0,0.0,0.0,0.0,0.0,0.0,0.0,0.0,0.0,0.0,0.0
1,0,1.0,0.0,0.0,0.0,0.0,0.0,0.0,0.0,0.0,0.0,0.0
1,0,1.0,0.0,0.0,0.0,0.0,0.0,0.0,0.0,0.0,0.0,0.0
1,0,1.0,0.0,0.0,0.0,0.0,0.0,0.0,0.0,0.0,0.0,0.0
1,0,1.0,0.0,0.0,0.0,0.0,0.0,0.0,0.0,0.0,0.0,0.0
1,0,1.0,0.0,0.0,0.0,0.0,0.0,0.0,0.0,0.0,0.0,0.0
1,0,1.0,0.0,0.0,0.0,0.0,0.0,0.0,0.0,0.0,0.0,0.0
1,0,1.0,0.0,0.0,0.0,0.0,0.0,0.0,0.0,0.0,0.0,0.0
1,0,1.0,0.0,0.0,0.0,0.0,0.0,0.0,0.0,0.0,0.0,0.0
1,0,1.0,0.0,0.0,0.0,0.0,0.0,0.0,0.0,0.0,0.0,0.0
1,0,1.0,0.0,0.0,0.0,0.0,0.0,0.0,0.0,0.0,0.0,0.0
1,0,1.0,0.0,0.0,0.0,0.0,0.0,0.0,0.0,0.0,0.0,0.0
1,0,1.0,0.0,0.0,0.0,0.0,0.0,0.0,0.0,0.0,0.0,0.0
1,0,1.0,0.0,0.0,0.0,0.0,0.0,0.0,0.0,0.0,0.0,0.0
1,0,1.0,0.0,0.0,0.0,0.0,0.0,0.0,0.0,0.0,0.0,0.0
1,0,1.0,0.0,0.0,0.0,0.0,0.0,0.0,0.0,0.0,0.0,0.0
1,0,1.0,0.0,0.0,0.0,0.0,0.0,0.0,0.0,0.0,0.0,0.0
1,0,1.0,0.0,0.0,0.0,0.0,0.0,0.0,0.0,0.0,0.0,0.0
1,0,1.0,0.0,0.0,0.0,0.0,0.0,0.0,0.0,0.0,0.0,0.0
1,0,1.0,0.0,0.0,0.0,0.0,0.0,0.0,0.0,0.0,0.0,0.0
1,0,1.0,0.0,0.0,0.0,0.0,0.0,0.0,0.0,0.0,0.0,0.0
1,0,1.0,0.0,0.0,0.0,0.0,0.0,0.0,0.0,0.0,0.0,0.0
1,0,1.0,0.0,0.0,0.0,0.0,0.0,0.0,0.0,0.0,0.0,0.0
1,0,1.0,0.0,0.0,0.0,0.0,0.0,0.0,0.0,0.0,0.0,0.0
1,0,1.0,0.0,0.0,0.0,0.0,0.0,0.0,0.0,0.0,0.0,0.0
1,0,1.0,0.0,0.0,0.0,0.0,0.0,0.0,0.0,0.0,0.0,0.0
1,0,1.0,0.0,0.0,0.0,0.0,0.0,0.0,0.0,0.0,0.0,0.0
1,0,1.0,0.0,0.0,0.0,0.0,0.0,0.0,0.0,0.0,0.0,0.0
1,0,1.0,0.0,0.0,0.0,0.0,0.0,0.0,0.0,0.0,0.0,0.0
1,0,1.0,0.0,0.0,0.0,0.0,0.0,0.0,0.0,0.0,0.0,0.0
1,0,1.0,0.0,0.0,0.0,0.0,0.0,0.0,0.0,0.0,0.0,0.0
1,0,1.0,0.0,0.0,0.0,0.0,0.0,0.0,0.0,0.0,0.0,0.0
1,0,1.0,0.0,0.0,0.0,0.0,0.0,0.0,0.0,0.0,0.0,0.0
1,0,1.0,0.0,0.0,0.0,0.0,0.0,0.0,0.0,0.0,0.0,0.0
1,0,1.0,0.0,0.0,0.0,0.0,0.0,0.0,0.0,0.0,0.0,0.0
1,0,1.0,0.0,0.0,0.0,0.0,0.0,0.0,0.0,0.0,0.0,0.0
1,0,1.0,0.0,0.0,0.0,0.0,0.0,0.0,0.0,0.0,0.0,0.0
1,0,1.0,0.0,0.0,0.0,0.0,0.0,0.0,0.0,0.0,0.0,0.0
1,0,1.0,0.0,0.0,0.0,0.0,0.0,0.0,0.0,0.0,0.0,0.0
1,0,1.0,0.0,0.0,0.0,0.0,0.0,0.0,0.0,0.0,0.0,0.0
1,0,1.0,0.0,0.0,0.0,0.0,0.0,0.0,0.0,0.0,0.0,0.0
1,0,1.0,0.0,0.0,0.0,0.0,0.0,0.0,0.0,0.0,0.0,0.0
1,0,1.0,0.0,0.0,0.0,0.0,0.0,0.0,0.0,0.0,0.0,0.0
1,0,1.0,0.0,0.0,0.0,0.0,0.0,0.0,0.0,0.0,0.0,0.0
1,0,1.0,0.0,0.0,0.0,0.0,0.0,0.0,0.0,0.0,0.0,0.0
1,0,1.0,0.0,0.0,0.0,0.0,0.0,0.0,0.0,0.0,0.0,0.0
1,0,1.0,0.0,0.0,0.0,0.0,0.0,0.0,0.0,0.0,0.0,0.0
1,0,1.0,0.0,0.0,0.0,0.0,0.0,0.0,0.0,0.0,0.0,0.0
1,0,1.0,0.0,0.0,0.0,0.0,0.0,0.0,0.0,0.0,0.0,0.0
1,0,1.0,0.0,0.0,0.0,0.0,0.0,0.0,0.0,0.0,0.0,0.0
1,0,1.0,0.0,0.0,0.0,0.0,0.0,0.0,0.0,0.0,0.0,0.0
1,0,1.0,0.0,0.0,0.0,0.0,0.0,0.0,0.0,0.0,0.0,0.0
1,0,1.0,0.0,0.0,0.0,0.0,0.0,0.0,0.0,0.0,0.0,0.0
1,0,1.0,0.0,0.0,0.0,0.0,0.0,0.0,0.0,0.0,0.0,0.0
1,0,1.0,0.0,0.0,0.0,0.0,0.0,0.0,0.0,0.0,0.0,0.0
1,0,1.0,0.0,0.0,0.0,0.0,0.0,0.0,0.0,0.0,0.0,0.0
1,0,1.0,0.0,0.0,0.0,0.0,0.0,0.0,0.0,0.0,0.0,0.0
1,0,1.0,0.0,0.0,0.0,0.0,0.0,0.0,0.0,0.0,0.0,0.0
1,0,1.0,0.0,0.0,0.0,0.0,0.0,0.0,0.0,0.0,0.0,0.0
1,0,1.0,0.0,0.0,0.0,0.0,0.0,0.0,0.0,0.0,0.0,0.0
1,0,1.0,0.0,0.0,0.0,0.0,0.0,0.0,0.0,0.0,0.0,0.0
1,0,1.0,0.0,0.0,0.0,0.0,0.0,0.0,0.0,0.0,0.0,0.0
1,0,1.0,0.0,0.0,0.0,0.0,0.0,0.0,0.0,0.0,0.0,0.0
1,0,1.0,0.0,0.0,0.0,0.0,0.0,0.0,0.0,0.0,0.0,0.0
1,0,1.0,0.0,0.0,0.0,0.0,0.0,0.0,0.0,0.0,0.0,0.0
1,0,1.0,0.0,0.0,0.0,0.0,0.0,0.0,0.0,0.0,0.0,0.0
1,0,1.0,0.0,0.0,0.0,0.0,0.0,0.0,0.0,0.0,0.0,0.0
1,0,1.0,0.0,0.0,0.0,0.0,0.0,0.0,0.0,0.0,0.0,0.0
1,0,1.0,0.0,0.0,0.0,0.0,0.0,0.0,0.0,0.0,0.0,0.0
1,0,1.0,0.0,0.0,0.0,0.0,0.0,0.0,0.0,0.0,0.0,0.0
1,0,1.0,0.0,0.0,0.0,0.0,0.0,0.0,0.0,0.0,0.0,0.0
1,0,1.0,0.0,0.0,0.0,0.0,0.0,0.0,0.0,0.0,0.0,0.0
1,0,1.0,0.0,0.0,0.0,0.0,0.0,0.0,0.0,0.0,0.0,0.0
1,0,1.0,0.0,0.0,0.0,0.0,0.0,0.0,0.0,0.0,0.0,0.0
1,0,1.0,0.0,0.0,0.0,0.0,0.0,0.0,0.0,0.0,0.0,0.0
1,0,1.0,0.0,0.0,0.0,0.0,0.0,0.0,0.0,0.0,0.0,0.0
1,0,1.0,0.0,0.0,0.0,0.0,0.0,0.0,0.0,0.0,0.0,0.0
1,0,1.0,0.0,0.0,0.0,0.0,0.0,0.0,0.0,0.0,0.0,0.0
1,0,1.0,0.0,0.0,0.0,0.0,0.0,0.0,0.0,0.0,0.0,0.0
1,0,1.0,0.0,0.0,0.0,0.0,0.0,0.0,0.0,0.0,0.0,0.0
1,0,1.0,0.0,0.0,0.0,0.0,0.0,0.0,0.0,0.0,0.0,0.0
1,0,1.0,0.0,0.0,0.0,0.0,0.0,0.0,0.0,0.0,0.0,0.0
1,0,1.0,0.0,0.0,0.0,0.0,0.0,0.0,0.0,0.0,0.0,0.0
1,0,1.0,0.0,0.0,0.0,0.0,0.0,0.0,0.0,0.0,0.0,0.0
1,0,1.0,0.0,0.0,0.0,0.0,0.0,0.0,0.0,0.0,0.0,0.0
1,0,1.0,0.0,0.0,0.0,0.0,0.0,0.0,0.0,0.0,0.0,0.0
1,0,1.0,0.0,0.0,0.0,0.0,0.0,0.0,0.0,0.0,0.0,0.0
1,0,1.0,0.0,0.0,0.0,0.0,0.0,0.0,0.0,0.0,0.0,0.0
1,0,1.0,0.0,0.0,0.0,0.0,0.0,0.0,0.0,0.0,0.0,0.0
1,0,1.0,0.0,0.0,0.0,0.0,0.0,0.0,0.0,0.0,0.0,0.0
1,0,1.0,0.0,0.0,0.0,0.0,0.0,0.0,0.0,0.0,0.0,0.0
1,0,1.0,0.0,0.0,0.0,0.0,0.0,0.0,0.0,0.0,0.0,0.0
1,0,1.0,0.0,0.0,0.0,0.0,0.0,0.0,0.0,0.0,0.0,0.0
1,0,1.0,0.0,0.0,0.0,0.0,0.0,0.0,0.0,0.0,0.0,0.0
1,0,1.0,0.0,0.0,0.0,0.0,0.0,0.0,0.0,0.0,0.0,0.0
1,0,1.0,0.0,0.0,0.0,0.0,0.0,0.0,0.0,0.0,0.0,0.0
1,0,1.0,0.0,0.0,0.0,0.0,0.0,0.0,0.0,0.0,0.0,0.0
1,0,1.0,0.0,0.0,0.0,0.0,0.0,0.0,0.0,0.0,0.0,0.0
1,0,1.0,0.0,0.0,0.0,0.0,0.0,0.0,0.0,0.0,0.0,0.0
1,0,1.0,0.0,0.0,0.0,0.0,0.0,0.0,0.0,0.0,0.0,0.0
1,0,1.0,0.0,0.0,0.0,0.0,0.0,0.0,0.0,0.0,0.0,0.0
1,0,1.0,0.0,0.0,0.0,0.0,0.0,0.0,0.0,0.0,0.0,0.0
1,0,1.0,0.0,0.0,0.0,0.0,0.0,0.0,0.0,0.0,0.0,0.0
1,0,1.0,0.0,0.0,0.0,0.0,0.0,0.0,0.0,0.0,0.0,0.0
1,0,1.0,0.0,0.0,0.0,0.0,0.0,0.0,0.0,0.0,0.0,0.0
1,0,1.0,0.0,0.0,0.0,0.0,0.0,0.0,0.0,0.0,0.0,0.0
1,0,1.0,0.0,0.0,0.0,0.0,0.0,0.0,0.0,0.0,0.0,0.0
1,0,1.0,0.0,0.0,0.0,0.0,0.0,0.0,0.0,0.0,0.0,0.0
1,0,1.0,0.0,0.0,0.0,0.0,0.0,0.0,0.0,0.0,0.0,0.0
1,0,1.0,0.0,0.0,0.0,0.0,0.0,0.0,0.0,0.0,0.0,0.0
1,0,1.0,0.0,0.0,0.0,0.0,0.0,0.0,0.0,0.0,0.0,0.0
1,0,1.0,0.0,0.0,0.0,0.0,0.0,0.0,0.0,0.0,0.0,0.0
1,0,1.0,0.0,0.0,0.0,0.0,0.0,0.0,0.0,0.0,0.0,0.0
1,0,1.0,0.0,0.0,0.0,0.0,0.0,0.0,0.0,0.0,0.0,0.0
1,0,1.0,0.0,0.0,0.0,0.0,0.0,0.0,0.0,0.0,0.0,0.0
1,0,1.0,0.0,0.0,0.0,0.0,0.0,0.0,0.0,0.0,0.0,0.0
1,0,1.0,0.0,0.0,0.0,0.0,0.0,0.0,0.0,0.0,0.0,0.0
1,0,1.0,0.0,0.0,0.0,0.0,0.0,0.0,0.0,0.0,0.0,0.0
1,0,1.0,0.0,0.0,0.0,0.0,0.0,0.0,0.0,0.0,0.0,0.0
1,0,1.0,0.0,0.0,0.0,0.0,0.0,0.0,0.0,0.0,0.0,0.0
1,0,1.0,0.0,0.0,0.0,0.0,0.0,0.0,0.0,0.0,0.0,0.0
1,0,1.0,0.0,0.0,0.0,0.0,0.0,0.0,0.0,0.0,0.0,0.0
1,0,1.0,0.0,0.0,0.0,0.0,0.0,0.0,0.0,0.0,0.0,0.0
1,0,1.0,0.0,0.0,0.0,0.0,0.0,0.0,0.0,0.0,0.0,0.0
1,0,1.0,0.0,0.0,0.0,0.0,0.0,0.0,0.0,0.0,0.0,0.0
1,0,1.0,0.0,0.0,0.0,0.0,0.0,0.0,0.0,0.0,0.0,0.0
1,0,1.0,0.0,0.0,0.0,0.0,0.0,0.0,0.0,0.0,0.0,0.0
1,0,1.0,0.0,0.0,0.0,0.0,0.0,0.0,0.0,0.0,0.0,0.0
1,0,1.0,0.0,0.0,0.0,0.0,0.0,0.0,0.0,0.0,0.0,0.0
1,0,1.0,0.0,0.0,0.0,0.0,0.0,0.0,0.0,0.0,0.0,0.0
1,0,1.0,0.0,0.0,0.0,0.0,0.0,0.0,0.0,0.0,0.0,0.0
1,0,1.0,0.0,0.0,0.0,0.0,0.0,0.0,0.0,0.0,0.0,0.0
1,0,1.0,0.0,0.0,0.0,0.0,0.0,0.0,0.0,0.0,0.0,0.0
1,0,1.0,0.0,0.0,0.0,0.0,0.0,0.0,0.0,0.0,0.0,0.0
1,0,1.0,0.0,0.0,0.0,0.0,0.0,0.0,0.0,0.0,0.0,0.0
1,0,1.0,0.0,0.0,0.0,0.0,0.0,0.0,0.0,0.0,0.0,0.0
1,0,1.0,0.0,0.0,0.0,0.0,0.0,0.0,0.0,0.0,0.0,0.0
1,0,1.0,0.0,0.0,0.0,0.0,0.0,0.0,0.0,0.0,0.0,0.0
1,0,1.0,0.0,0.0,0.0,0.0,0.0,0.0,0.0,0.0,0.0,0.0
1,0,1.0,0.0,0.0,0.0,0.0,0.0,0.0,0.0,0.0,0.0,0.0
1,0,1.0,0.0,0.0,0.0,0.0,0.0,0.0,0.0,0.0,0.0,0.0
1,0,1.0,0.0,0.0,0.0,0.0,0.0,0.0,0.0,0.0,0.0,0.0
1,0,1.0,0.0,0.0,0.0,0.0,0.0,0.0,0.0,0.0,0.0,0.0
1,0,1.0,0.0,0.0,0.0,0.0,0.0,0.0,0.0,0.0,0.0,0.0
1,0,1.0,0.0,0.0,0.0,0.0,0.0,0.0,0.0,0.0,0.0,0.0
1,0,1.0,0.0,0.0,0.0,0.0,0.0,0.0,0.0,0.0,0.0,0.0
1,0,1.0,0.0,0.0,0.0,0.0,0.0,0.0,0.0,0.0,0.0,0.0
1,0,1.0,0.0,0.0,0.0,0.0,0.0,0.0,0.0,0.0,0.0,0.0
1,0,1.0,0.0,0.0,0.0,0.0,0.0,0.0,0.0,0.0,0.0,0.0
1,0,1.0,0.0,0.0,0.0,0.0,0.0,0.0,0.0,0.0,0.0,0.0
1,0,1.0,0.0,0.0,0.0,0.0,0.0,0.0,0.0,0.0,0.0,0.0
1,0,1.0,0.0,0.0,0.0,0.0,0.0,0.0,0.0,0.0,0.0,0.0
1,0,1.0,0.0,0.0,0.0,0.0,0.0,0.0,0.0,0.0,0.0,0.0
1,0,1.0,0.0,0.0,0.0,0.0,0.0,0.0,0.0,0.0,0.0,0.0
1,0,1.0,0.0,0.0,0.0,0.0,0.0,0.0,0.0,0.0,0.0,0.0
1,0,1.0,0.0,0.0,0.0,0.0,0.0,0.0,0.0,0.0,0.0,0.0
1,0,1.0,0.0,0.0,0.0,0.0,0.0,0.0,0.0,0.0,0.0,0.0
1,0,1.0,0.0,0.0,0.0,0.0,0.0,0.0,0.0,0.0,0.0,0.0
1,0,1.0,0.0,0.0,0.0,0.0,0.0,0.0,0.0,0.0,0.0,0.0
1,0,1.0,0.0,0.0,0.0,0.0,0.0,0.0,0.0,0.0,0.0,0.0
1,0,1.0,0.0,0.0,0.0,0.0,0.0,0.0,0.0,0.0,0.0,0.0
1,0,1.0,0.0,0.0,0.0,0.0,0.0,0.0,0.0,0.0,0.0,0.0
1,0,1.0,0.0,0.0,0.0,0.0,0.0,0.0,0.0,0.0,0.0,0.0
1,0,1.0,0.0,0.0,0.0,0.0,0.0,0.0,0.0,0.0,0.0,0.0
1,0,1.0,0.0,0.0,0.0,0.0,0.0,0.0,0.0,0.0,0.0,0.0
1,0,1.0,0.0,0.0,0.0,0.0,0.0,0.0,0.0,0.0,0.0,0.0
1,0,1.0,0.0,0.0,0.0,0.0,0.0,0.0,0.0,0.0,0.0,0.0
1,0,1.0,0.0,0.0,0.0,0.0,0.0,0.0,0.0,0.0,0.0,0.0
1,0,1.0,0.0,0.0,0.0,0.0,0.0,0.0,0.0,0.0,0.0,0.0
1,0,1.0,0.0,0.0,0.0,0.0,0.0,0.0,0.0,0.0,0.0,0.0
1,0,1.0,0.0,0.0,0.0,0.0,0.0,0.0,0.0,0.0,0.0,0.0
1,0,1.0,0.0,0.0,0.0,0.0,0.0,0.0,0.0,0.0,0.0,0.0
1,0,1.0,0.0,0.0,0.0,0.0,0.0,0.0,0.0,0.0,0.0,0.0
1,0,1.0,0.0,0.0,0.0,0.0,0.0,0.0,0.0,0.0,0.0,0.0
1,0,1.0,0.0,0.0,0.0,0.0,0.0,0.0,0.0,0.0,0.0,0.0
1,0,1.0,0.0,0.0,0.0,0.0,0.0,0.0,0.0,0.0,0.0,0.0
1,0,1.0,0.0,0.0,0.0,0.0,0.0,0.0,0.0,0.0,0.0,0.0
1,0,1.0,0.0,0.0,0.0,0.0,0.0,0.0,0.0,0.0,0.0,0.0
1,0,1.0,0.0,0.0,0.0,0.0,0.0,0.0,0.0,0.0,0.0,0.0
1,0,1.0,0.0,0.0,0.0,0.0,0.0,0.0,0.0,0.0,0.0,0.0
1,0,1.0,0.0,0.0,0.0,0.0,0.0,0.0,0.0,0.0,0.0,0.0
1,0,1.0,0.0,0.0,0.0,0.0,0.0,0.0,0.0,0.0,0.0,0.0
1,0,1.0,0.0,0.0,0.0,0.0,0.0,0.0,0.0,0.0,0.0,0.0
1,0,1.0,0.0,0.0,0.0,0.0,0.0,0.0,0.0,0.0,0.0,0.0
1,0,1.0,0.0,0.0,0.0,0.0,0.0,0.0,0.0,0.0,0.0,0.0
1,0,1.0,0.0,0.0,0.0,0.0,0.0,0.0,0.0,0.0,0.0,0.0
1,0,1.0,0.0,0.0,0.0,0.0,0.0,0.0,0.0,0.0,0.0,0.0
1,0,1.0,0.0,0.0,0.0,0.0,0.0,0.0,0.0,0.0,0.0,0.0
1,0,1.0,0.0,0.0,0.0,0.0,0.0,0.0,0.0,0.0,0.0,0.0
1,0,1.0,0.0,0.0,0.0,0.0,0.0,0.0,0.0,0.0,0.0,0.0
1,0,1.0,0.0,0.0,0.0,0.0,0.0,0.0,0.0,0.0,0.0,0.0
1,0,1.0,0.0,0.0,0.0,0.0,0.0,0.0,0.0,0.0,0.0,0.0
1,0,1.0,0.0,0.0,0.0,0.0,0.0,0.0,0.0,0.0,0.0,0.0
1,0,1.0,0.0,0.0,0.0,0.0,0.0,0.0,0.0,0.0,0.0,0.0
1,0,1.0,0.0,0.0,0.0,0.0,0.0,0.0,0.0,0.0,0.0,0.0
1,0,1.0,0.0,0.0,0.0,0.0,0.0,0.0,0.0,0.0,0.0,0.0
1,0,1.0,0.0,0.0,0.0,0.0,0.0,0.0,0.0,0.0,0.0,0.0
1,0,1.0,0.0,0.0,0.0,0.0,0.0,0.0,0.0,0.0,0.0,0.0
1,0,1.0,0.0,0.0,0.0,0.0,0.0,0.0,0.0,0.0,0.0,0.0
1,0,1.0,0.0,0.0,0.0,0.0,0.0,0.0,0.0,0.0,0.0,0.0
1,0,1.0,0.0,0.0,0.0,0.0,0.0,0.0,0.0,0.0,0.0,0.0
1,0,1.0,0.0,0.0,0.0,0.0,0.0,0.0,0.0,0.0,0.0,0.0
1,0,1.0,0.0,0.0,0.0,0.0,0.0,0.0,0.0,0.0,0.0,0.0
1,0,1.0,0.0,0.0,0.0,0.0,0.0,0.0,0.0,0.0,0.0,0.0
1,0,1.0,0.0,0.0,0.0,0.0,0.0,0.0,0.0,0.0,0.0,0.0
1,0,1.0,0.0,0.0,0.0,0.0,0.0,0.0,0.0,0.0,0.0,0.0
1,0,1.0,0.0,0.0,0.0,0.0,0.0,0.0,0.0,0.0,0.0,0.0
1,0,1.0,0.0,0.0,0.0,0.0,0.0,0.0,0.0,0.0,0.0,0.0
1,0,1.0,0.0,0.0,0.0,0.0,0.0,0.0,0.0,0.0,0.0,0.0
1,0,1.0,0.0,0.0,0.0,0.0,0.0,0.0,0.0,0.0,0.0,0.0
1,0,1.0,0.0,0.0,0.0,0.0,0.0,0.0,0.0,0.0,0.0,0.0
1,0,1.0,0.0,0.0,0.0,0.0,0.0,0.0,0.0,0.0,0.0,0.0
1,0,1.0,0.0,0.0,0.0,0.0,0.0,0.0,0.0,0.0,0.0,0.0
1,0,1.0,0.0,0.0,0.0,0.0,0.0,0.0,0.0,0.0,0.0,0.0
1,0,1.0,0.0,0.0,0.0,0.0,0.0,0.0,0.0,0.0,0.0,0.0
1,0,1.0,0.0,0.0,0.0,0.0,0.0,0.0,0.0,0.0,0.0,0.0
1,0,1.0,0.0,0.0,0.0,0.0,0.0,0.0,0.0,0.0,0.0,0.0
1,0,1.0,0.0,0.0,0.0,0.0,0.0,0.0,0.0,0.0,0.0,0.0
1,0,1.0,0.0,0.0,0.0,0.0,0.0,0.0,0.0,0.0,0.0,0.0
1,0,1.0,0.0,0.0,0.0,0.0,0.0,0.0,0.0,0.0,0.0,0.0
1,0,1.0,0.0,0.0,0.0,0.0,0.0,0.0,0.0,0.0,0.0,0.0
1,0,1.0,0.0,0.0,0.0,0.0,0.0,0.0,0.0,0.0,0.0,0.0
1,0,1.0,0.0,0.0,0.0,0.0,0.0,0.0,0.0,0.0,0.0,0.0
1,0,1.0,0.0,0.0,0.0,0.0,0.0,0.0,0.0,0.0,0.0,0.0
1,0,1.0,0.0,0.0,0.0,0.0,0.0,0.0,0.0,0.0,0.0,0.0
1,0,1.0,0.0,0.0,0.0,0.0,0.0,0.0,0.0,0.0,0.0,0.0
1,0,1.0,0.0,0.0,0.0,0.0,0.0,0.0,0.0,0.0,0.0,0.0
1,0,1.0,0.0,0.0,0.0,0.0,0.0,0.0,0.0,0.0,0.0,0.0
1,0,1.0,0.0,0.0,0.0,0.0,0.0,0.0,0.0,0.0,0.0,0.0
1,0,1.0,0.0,0.0,0.0,0.0,0.0,0.0,0.0,0.0,0.0,0.0
1,0,1.0,0.0,0.0,0.0,0.0,0.0,0.0,0.0,0.0,0.0,0.0
1,0,1.0,0.0,0.0,0.0,0.0,0.0,0.0,0.0,0.0,0.0,0.0
1,0,1.0,0.0,0.0,0.0,0.0,0.0,0.0,0.0,0.0,0.0,0.0
1,0,1.0,0.0,0.0,0.0,0.0,0.0,0.0,0.0,0.0,0.0,0.0
1,0,1.0,0.0,0.0,0.0,0.0,0.0,0.0,0.0,0.0,0.0,0.0
1,0,1.0,0.0,0.0,0.0,0.0,0.0,0.0,0.0,0.0,0.0,0.0
1,0,1.0,0.0,0.0,0.0,0.0,0.0,0.0,0.0,0.0,0.0,0.0
1,0,1.0,0.0,0.0,0.0,0.0,0.0,0.0,0.0,0.0,0.0,0.0
1,0,1.0,0.0,0.0,0.0,0.0,0.0,0.0,0.0,0.0,0.0,0.0
1,0,1.0,0.0,0.0,0.0,0.0,0.0,0.0,0.0,0.0,0.0,0.0
1,0,1.0,0.0,0.0,0.0,0.0,0.0,0.0,0.0,0.0,0.0,0.0
1,0,1.0,0.0,0.0,0.0,0.0,0.0,0.0,0.0,0.0,0.0,0.0
1,0,1.0,0.0,0.0,0.0,0.0,0.0,0.0,0.0,0.0,0.0,0.0
1,0,1.0,0.0,0.0,0.0,0.0,0.0,0.0,0.0,0.0,0.0,0.0
1,0,1.0,0.0,0.0,0.0,0.0,0.0,0.0,0.0,0.0,0.0,0.0
1,0,1.0,0.0,0.0,0.0,0.0,0.0,0.0,0.0,0.0,0.0,0.0
1,0,1.0,0.0,0.0,0.0,0.0,0.0,0.0,0.0,0.0,0.0,0.0
1,0,1.0,0.0,0.0,0.0,0.0,0.0,0.0,0.0,0.0,0.0,0.0
1,0,1.0,0.0,0.0,0.0,0.0,0.0,0.0,0.0,0.0,0.0,0.0
1,0,1.0,0.0,0.0,0.0,0.0,0.0,0.0,0.0,0.0,0.0,0.0
1,0,1.0,0.0,0.0,0.0,0.0,0.0,0.0,0.0,0.0,0.0,0.0
1,0,1.0,0.0,0.0,0.0,0.0,0.0,0.0,0.0,0.0,0.0,0.0
1,0,1.0,0.0,0.0,0.0,0.0,0.0,0.0,0.0,0.0,0.0,0.0
1,0,1.0,0.0,0.0,0.0,0.0,0.0,0.0,0.0,0.0,0.0,0.0
1,0,1.0,0.0,0.0,0.0,0.0,0.0,0.0,0.0,0.0,0.0,0.0
1,0,1.0,0.0,0.0,0.0,0.0,0.0,0.0,0.0,0.0,0.0,0.0
1,0,1.0,0.0,0.0,0.0,0.0,0.0,0.0,0.0,0.0,0.0,0.0
1,0,1.0,0.0,0.0,0.0,0.0,0.0,0.0,0.0,0.0,0.0,0.0
1,0,1.0,0.0,0.0,0.0,0.0,0.0,0.0,0.0,0.0,0.0,0.0
1,0,1.0,0.0,0.0,0.0,0.0,0.0,0.0,0.0,0.0,0.0,0.0
1,0,1.0,0.0,0.0,0.0,0.0,0.0,0.0,0.0,0.0,0.0,0.0
1,0,1.0,0.0,0.0,0.0,0.0,0.0,0.0,0.0,0.0,0.0,0.0
1,0,1.0,0.0,0.0,0.0,0.0,0.0,0.0,0.0,0.0,0.0,0.0
1,0,1.0,0.0,0.0,0.0,0.0,0.0,0.0,0.0,0.0,0.0,0.0
1,0,1.0,0.0,0.0,0.0,0.0,0.0,0.0,0.0,0.0,0.0,0.0
1,0,1.0,0.0,0.0,0.0,0.0,0.0,0.0,0.0,0.0,0.0,0.0
1,0,1.0,0.0,0.0,0.0,0.0,0.0,0.0,0.0,0.0,0.0,0.0
1,0,1.0,0.0,0.0,0.0,0.0,0.0,0.0,0.0,0.0,0.0,0.0
1,0,1.0,0.0,0.0,0.0,0.0,0.0,0.0,0.0,0.0,0.0,0.0
1,0,1.0,0.0,0.0,0.0,0.0,0.0,0.0,0.0,0.0,0.0,0.0
1,0,1.0,0.0,0.0,0.0,0.0,0.0,0.0,0.0,0.0,0.0,0.0
1,0,1.0,0.0,0.0,0.0,0.0,0.0,0.0,0.0,0.0,0.0,0.0
1,0,1.0,0.0,0.0,0.0,0.0,0.0,0.0,0.0,0.0,0.0,0.0
1,0,1.0,0.0,0.0,0.0,0.0,0.0,0.0,0.0,0.0,0.0,0.0
1,0,1.0,0.0,0.0,0.0,0.0,0.0,0.0,0.0,0.0,0.0,0.0
1,0,1.0,0.0,0.0,0.0,0.0,0.0,0.0,0.0,0.0,0.0,0.0
1,0,1.0,0.0,0.0,0.0,0.0,0.0,0.0,0.0,0.0,0.0,0.0
1,0,1.0,0.0,0.0,0.0,0.0,0.0,0.0,0.0,0.0,0.0,0.0
1,0,1.0,0.0,0.0,0.0,0.0,0.0,0.0,0.0,0.0,0.0,0.0
1,0,1.0,0.0,0.0,0.0,0.0,0.0,0.0,0.0,0.0,0.0,0.0
1,0,1.0,0.0,0.0,0.0,0.0,0.0,0.0,0.0,0.0,0.0,0.0
1,0,1.0,0.0,0.0,0.0,0.0,0.0,0.0,0.0,0.0,0.0,0.0
1,0,1.0,0.0,0.0,0.0,0.0,0.0,0.0,0.0,0.0,0.0,0.0
1,0,1.0,0.0,0.0,0.0,0.0,0.0,0.0,0.0,0.0,0.0,0.0
1,0,1.0,0.0,0.0,0.0,0.0,0.0,0.0,0.0,0.0,0.0,0.0
1,0,1.0,0.0,0.0,0.0,0.0,0.0,0.0,0.0,0.0,0.0,0.0
1,0,1.0,0.0,0.0,0.0,0.0,0.0,0.0,0.0,0.0,0.0,0.0
1,0,1.0,0.0,0.0,0.0,0.0,0.0,0.0,0.0,0.0,0.0,0.0
1,0,1.0,0.0,0.0,0.0,0.0,0.0,0.0,0.0,0.0,0.0,0.0
1,0,1.0,0.0,0.0,0.0,0.0,0.0,0.0,0.0,0.0,0.0,0.0
1,0,1.0,0.0,0.0,0.0,0.0,0.0,0.0,0.0,0.0,0.0,0.0
1,0,1.0,0.0,0.0,0.0,0.0,0.0,0.0,0.0,0.0,0.0,0.0
1,0,1.0,0.0,0.0,0.0,0.0,0.0,0.0,0.0,0.0,0.0,0.0
1,0,1.0,0.0,0.0,0.0,0.0,0.0,0.0,0.0,0.0,0.0,0.0
1,0,1.0,0.0,0.0,0.0,0.0,0.0,0.0,0.0,0.0,0.0,0.0
1,0,1.0,0.0,0.0,0.0,0.0,0.0,0.0,0.0,0.0,0.0,0.0
1,0,1.0,0.0,0.0,0.0,0.0,0.0,0.0,0.0,0.0,0.0,0.0
1,0,1.0,0.0,0.0,0.0,0.0,0.0,0.0,0.0,0.0,0.0,0.0
1,0,1.0,0.0,0.0,0.0,0.0,0.0,0.0,0.0,0.0,0.0,0.0
1,0,1.0,0.0,0.0,0.0,0.0,0.0,0.0,0.0,0.0,0.0,0.0
1,0,1.0,0.0,0.0,0.0,0.0,0.0,0.0,0.0,0.0,0.0,0.0
1,0,1.0,0.0,0.0,0.0,0.0,0.0,0.0,0.0,0.0,0.0,0.0
1,0,1.0,0.0,0.0,0.0,0.0,0.0,0.0,0.0,0.0,0.0,0.0
1,0,1.0,0.0,0.0,0.0,0.0,0.0,0.0,0.0,0.0,0.0,0.0
1,0,1.0,0.0,0.0,0.0,0.0,0.0,0.0,0.0,0.0,0.0,0.0
1,0,1.0,0.0,0.0,0.0,0.0,0.0,0.0,0.0,0.0,0.0,0.0
1,0,1.0,0.0,0.0,0.0,0.0,0.0,0.0,0.0,0.0,0.0,0.0
1,0,1.0,0.0,0.0,0.0,0.0,0.0,0.0,0.0,0.0,0.0,0.0
1,0,1.0,0.0,0.0,0.0,0.0,0.0,0.0,0.0,0.0,0.0,0.0
1,0,1.0,0.0,0.0,0.0,0.0,0.0,0.0,0.0,0.0,0.0,0.0
1,0,1.0,0.0,0.0,0.0,0.0,0.0,0.0,0.0,0.0,0.0,0.0
1,0,1.0,0.0,0.0,0.0,0.0,0.0,0.0,0.0,0.0,0.0,0.0
1,0,1.0,0.0,0.0,0.0,0.0,0.0,0.0,0.0,0.0,0.0,0.0
1,0,1.0,0.0,0.0,0.0,0.0,0.0,0.0,0.0,0.0,0.0,0.0
1,0,1.0,0.0,0.0,0.0,0.0,0.0,0.0,0.0,0.0,0.0,0.0
1,0,1.0,0.0,0.0,0.0,0.0,0.0,0.0,0.0,0.0,0.0,0.0
1,0,1.0,0.0,0.0,0.0,0.0,0.0,0.0,0.0,0.0,0.0,0.0
1,0,1.0,0.0,0.0,0.0,0.0,0.0,0.0,0.0,0.0,0.0,0.0
1,0,1.0,0.0,0.0,0.0,0.0,0.0,0.0,0.0,0.0,0.0,0.0
1,0,1.0,0.0,0.0,0.0,0.0,0.0,0.0,0.0,0.0,0.0,0.0
1,0,1.0,0.0,0.0,0.0,0.0,0.0,0.0,0.0,0.0,0.0,0.0
1,0,1.0,0.0,0.0,0.0,0.0,0.0,0.0,0.0,0.0,0.0,0.0
1,0,1.0,0.0,0.0,0.0,0.0,0.0,0.0,0.0,0.0,0.0,0.0
1,0,1.0,0.0,0.0,0.0,0.0,0.0,0.0,0.0,0.0,0.0,0.0
1,0,1.0,0.0,0.0,0.0,0.0,0.0,0.0,0.0,0.0,0.0,0.0
1,0,1.0,0.0,0.0,0.0,0.0,0.0,0.0,0.0,0.0,0.0,0.0
1,0,1.0,0.0,0.0,0.0,0.0,0.0,0.0,0.0,0.0,0.0,0.0
1,0,1.0,0.0,0.0,0.0,0.0,0.0,0.0,0.0,0.0,0.0,0.0
1,0,1.0,0.0,0.0,0.0,0.0,0.0,0.0,0.0,0.0,0.0,0.0
1,0,1.0,0.0,0.0,0.0,0.0,0.0,0.0,0.0,0.0,0.0,0.0
1,0,1.0,0.0,0.0,0.0,0.0,0.0,0.0,0.0,0.0,0.0,0.0
1,0,1.0,0.0,0.0,0.0,0.0,0.0,0.0,0.0,0.0,0.0,0.0
1,0,1.0,0.0,0.0,0.0,0.0,0.0,0.0,0.0,0.0,0.0,0.0
1,0,1.0,0.0,0.0,0.0,0.0,0.0,0.0,0.0,0.0,0.0,0.0
1,0,1.0,0.0,0.0,0.0,0.0,0.0,0.0,0.0,0.0,0.0,0.0
1,0,1.0,0.0,0.0,0.0,0.0,0.0,0.0,0.0,0.0,0.0,0.0
1,0,1.0,0.0,0.0,0.0,0.0,0.0,0.0,0.0,0.0,0.0,0.0
1,0,1.0,0.0,0.0,0.0,0.0,0.0,0.0,0.0,0.0,0.0,0.0
1,0,1.0,0.0,0.0,0.0,0.0,0.0,0.0,0.0,0.0,0.0,0.0
1,0,1.0,0.0,0.0,0.0,0.0,0.0,0.0,0.0,0.0,0.0,0.0
1,0,1.0,0.0,0.0,0.0,0.0,0.0,0.0,0.0,0.0,0.0,0.0
1,0,1.0,0.0,0.0,0.0,0.0,0.0,0.0,0.0,0.0,0.0,0.0
1,0,1.0,0.0,0.0,0.0,0.0,0.0,0.0,0.0,0.0,0.0,0.0
1,0,1.0,0.0,0.0,0.0,0.0,0.0,0.0,0.0,0.0,0.0,0.0
1,0,1.0,0.0,0.0,0.0,0.0,0.0,0.0,0.0,0.0,0.0,0.0
1,0,1.0,0.0,0.0,0.0,0.0,0.0,0.0,0.0,0.0,0.0,0.0
1,0,1.0,0.0,0.0,0.0,0.0,0.0,0.0,0.0,0.0,0.0,0.0
1,0,1.0,0.0,0.0,0.0,0.0,0.0,0.0,0.0,0.0,0.0,0.0
1,0,1.0,0.0,0.0,0.0,0.0,0.0,0.0,0.0,0.0,0.0,0.0
1,0,1.0,0.0,0.0,0.0,0.0,0.0,0.0,0.0,0.0,0.0,0.0
1,0,1.0,0.0,0.0,0.0,0.0,0.0,0.0,0.0,0.0,0.0,0.0
1,0,1.0,0.0,0.0,0.0,0.0,0.0,0.0,0.0,0.0,0.0,0.0
1,0,1.0,0.0,0.0,0.0,0.0,0.0,0.0,0.0,0.0,0.0,0.0
1,0,1.0,0.0,0.0,0.0,0.0,0.0,0.0,0.0,0.0,0.0,0.0
1,0,1.0,0.0,0.0,0.0,0.0,0.0,0.0,0.0,0.0,0.0,0.0
1,0,1.0,0.0,0.0,0.0,0.0,0.0,0.0,0.0,0.0,0.0,0.0
1,0,1.0,0.0,0.0,0.0,0.0,0.0,0.0,0.0,0.0,0.0,0.0
1,0,1.0,0.0,0.0,0.0,0.0,0.0,0.0,0.0,0.0,0.0,0.0
1,0,1.0,0.0,0.0,0.0,0.0,0.0,0.0,0.0,0.0,0.0,0.0
1,0,1.0,0.0,0.0,0.0,0.0,0.0,0.0,0.0,0.0,0.0,0.0
1,0,1.0,0.0,0.0,0.0,0.0,0.0,0.0,0.0,0.0,0.0,0.0
1,0,1.0,0.0,0.0,0.0,0.0,0.0,0.0,0.0,0.0,0.0,0.0
1,0,1.0,0.0,0.0,0.0,0.0,0.0,0.0,0.0,0.0,0.0,0.0
1,0,1.0,0.0,0.0,0.0,0.0,0.0,0.0,0.0,0.0,0.0,0.0
1,0,1.0,0.0,0.0,0.0,0.0,0.0,0.0,0.0,0.0,0.0,0.0
1,0,1.0,0.0,0.0,0.0,0.0,0.0,0.0,0.0,0.0,0.0,0.0
1,0,1.0,0.0,0.0,0.0,0.0,0.0,0.0,0.0,0.0,0.0,0.0
1,0,1.0,0.0,0.0,0.0,0.0,0.0,0.0,0.0,0.0,0.0,0.0
1,0,1.0,0.0,0.0,0.0,0.0,0.0,0.0,0.0,0.0,0.0,0.0
1,0,1.0,0.0,0.0,0.0,0.0,0.0,0.0,0.0,0.0,0.0,0.0
1,0,1.0,0.0,0.0,0.0,0.0,0.0,0.0,0.0,0.0,0.0,0.0
1,0,1.0,0.0,0.0,0.0,0.0,0.0,0.0,0.0,0.0,0.0,0.0
1,0,1.0,0.0,0.0,0.0,0.0,0.0,0.0,0.0,0.0,0.0,0.0
1,0,1.0,0.0,0.0,0.0,0.0,0.0,0.0,0.0,0.0,0.0,0.0
1,0,1.0,0.0,0.0,0.0,0.0,0.0,0.0,0.0,0.0,0.0,0.0
1,0,1.0,0.0,0.0,0.0,0.0,0.0,0.0,0.0,0.0,0.0,0.0
1,0,1.0,0.0,0.0,0.0,0.0,0.0,0.0,0.0,0.0,0.0,0.0
1,0,1.0,0.0,0.0,0.0,0.0,0.0,0.0,0.0,0.0,0.0,0.0
1,0,1.0,0.0,0.0,0.0,0.0,0.0,0.0,0.0,0.0,0.0,0.0
1,0,1.0,0.0,0.0,0.0,0.0,0.0,0.0,0.0,0.0,0.0,0.0
1,0,1.0,0.0,0.0,0.0,0.0,0.0,0.0,0.0,0.0,0.0,0.0
1,0,1.0,0.0,0.0,0.0,0.0,0.0,0.0,0.0,0.0,0.0,0.0
1,0,1.0,0.0,0.0,0.0,0.0,0.0,0.0,0.0,0.0,0.0,0.0
1,0,1.0,0.0,0.0,0.0,0.0,0.0,0.0,0.0,0.0,0.0,0.0
1,0,1.0,0.0,0.0,0.0,0.0,0.0,0.0,0.0,0.0,0.0,0.0
1,0,1.0,0.0,0.0,0.0,0.0,0.0,0.0,0.0,0.0,0.0,0.0
1,0,1.0,0.0,0.0,0.0,0.0,0.0,0.0,0.0,0.0,0.0,0.0
1,0,1.0,0.0,0.0,0.0,0.0,0.0,0.0,0.0,0.0,0.0,0.0
1,0,1.0,0.0,0.0,0.0,0.0,0.0,0.0,0.0,0.0,0.0,0.0
1,0,1.0,0.0,0.0,0.0,0.0,0.0,0.0,0.0,0.0,0.0,0.0
1,0,1.0,0.0,0.0,0.0,0.0,0.0,0.0,0.0,0.0,0.0,0.0
1,0,1.0,0.0,0.0,0.0,0.0,0.0,0.0,0.0,0.0,0.0,0.0
1,0,1.0,0.0,0.0,0.0,0.0,0.0,0.0,0.0,0.0,0.0,0.0
1,0,1.0,0.0,0.0,0.0,0.0,0.0,0.0,0.0,0.0,0.0,0.0
1,0,1.0,0.0,0.0,0.0,0.0,0.0,0.0,0.0,0.0,0.0,0.0
1,0,1.0,0.0,0.0,0.0,0.0,0.0,0.0,0.0,0.0,0.0,0.0
1,0,1.0,0.0,0.0,0.0,0.0,0.0,0.0,0.0,0.0,0.0,0.0
1,0,1.0,0.0,0.0,0.0,0.0,0.0,0.0,0.0,0.0,0.0,0.0
1,0,1.0,0.0,0.0,0.0,0.0,0.0,0.0,0.0,0.0,0.0,0.0
1,0,1.0,0.0,0.0,0.0,0.0,0.0,0.0,0.0,0.0,0.0,0.0
1,0,1.0,0.0,0.0,0.0,0.0,0.0,0.0,0.0,0.0,0.0,0.0
1,0,1.0,0.0,0.0,0.0,0.0,0.0,0.0,0.0,0.0,0.0,0.0
1,0,1.0,0.0,0.0,0.0,0.0,0.0,0.0,0.0,0.0,0.0,0.0
1,0,1.0,0.0,0.0,0.0,0.0,0.0,0.0,0.0,0.0,0.0,0.0
1,0,1.0,0.0,0.0,0.0,0.0,0.0,0.0,0.0,0.0,0.0,0.0
1,0,1.0,0.0,0.0,0.0,0.0,0.0,0.0,0.0,0.0,0.0,0.0
1,0,1.0,0.0,0.0,0.0,0.0,0.0,0.0,0.0,0.0,0.0,0.0
1,0,1.0,0.0,0.0,0.0,0.0,0.0,0.0,0.0,0.0,0.0,0.0
1,0,1.0,0.0,0.0,0.0,0.0,0.0,0.0,0.0,0.0,0.0,0.0
1,0,1.0,0.0,0.0,0.0,0.0,0.0,0.0,0.0,0.0,0.0,0.0
1,0,1.0,0.0,0.0,0.0,0.0,0.0,0.0,0.0,0.0,0.0,0.0
1,0,1.0,0.0,0.0,0.0,0.0,0.0,0.0,0.0,0.0,0.0,0.0
1,0,1.0,0.0,0.0,0.0,0.0,0.0,0.0,0.0,0.0,0.0,0.0
1,0,1.0,0.0,0.0,0.0,0.0,0.0,0.0,0.0,0.0,0.0,0.0
1,0,1.0,0.0,0.0,0.0,0.0,0.0,0.0,0.0,0.0,0.0,0.0
1,0,1.0,0.0,0.0,0.0,0.0,0.0,0.0,0.0,0.0,0.0,0.0
1,0,1.0,0.0,0.0,0.0,0.0,0.0,0.0,0.0,0.0,0.0,0.0
1,0,1.0,0.0,0.0,0.0,0.0,0.0,0.0,0.0,0.0,0.0,0.0
1,0,1.0,0.0,0.0,0.0,0.0,0.0,0.0,0.0,0.0,0.0,0.0
1,0,1.0,0.0,0.0,0.0,0.0,0.0,0.0,0.0,0.0,0.0,0.0
1,0,1.0,0.0,0.0,0.0,0.0,0.0,0.0,0.0,0.0,0.0,0.0
1,0,1.0,0.0,0.0,0.0,0.0,0.0,0.0,0.0,0.0,0.0,0.0
1,0,1.0,0.0,0.0,0.0,0.0,0.0,0.0,0.0,0.0,0.0,0.0
1,0,1.0,0.0,0.0,0.0,0.0,0.0,0.0,0.0,0.0,0.0,0.0
1,0,1.0,0.0,0.0,0.0,0.0,0.0,0.0,0.0,0.0,0.0,0.0
1,0,1.0,0.0,0.0,0.0,0.0,0.0,0.0,0.0,0.0,0.0,0.0
1,0,1.0,0.0,0.0,0.0,0.0,0.0,0.0,0.0,0.0,0.0,0.0
1,0,1.0,0.0,0.0,0.0,0.0,0.0,0.0,0.0,0.0,0.0,0.0
1,0,1.0,0.0,0.0,0.0,0.0,0.0,0.0,0.0,0.0,0.0,0.0
1,0,1.0,0.0,0.0,0.0,0.0,0.0,0.0,0.0,0.0,0.0,0.0
1,0,1.0,0.0,0.0,0.0,0.0,0.0,0.0,0.0,0.0,0.0,0.0
1,0,1.0,0.0,0.0,0.0,0.0,0.0,0.0,0.0,0.0,0.0,0.0
1,0,1.0,0.0,0.0,0.0,0.0,0.0,0.0,0.0,0.0,0.0,0.0
1,0,1.0,0.0,0.0,0.0,0.0,0.0,0.0,0.0,0.0,0.0,0.0
1,0,1.0,0.0,0.0,0.0,0.0,0.0,0.0,0.0,0.0,0.0,0.0
1,0,1.0,0.0,0.0,0.0,0.0,0.0,0.0,0.0,0.0,0.0,0.0
1,0,1.0,0.0,0.0,0.0,0.0,0.0,0.0,0.0,0.0,0.0,0.0
1,0,1.0,0.0,0.0,0.0,0.0,0.0,0.0,0.0,0.0,0.0,0.0
1,0,1.0,0.0,0.0,0.0,0.0,0.0,0.0,0.0,0.0,0.0,0.0
1,0,1.0,0.0,0.0,0.0,0.0,0.0,0.0,0.0,0.0,0.0,0.0
1,0,1.0,0.0,0.0,0.0,0.0,0.0,0.0,0.0,0.0,0.0,0.0
1,0,1.0,0.0,0.0,0.0,0.0,0.0,0.0,0.0,0.0,0.0,0.0
1,0,1.0,0.0,0.0,0.0,0.0,0.0,0.0,0.0,0.0,0.0,0.0
1,0,1.0,0.0,0.0,0.0,0.0,0.0,0.0,0.0,0.0,0.0,0.0
1,0,1.0,0.0,0.0,0.0,0.0,0.0,0.0,0.0,0.0,0.0,0.0
1,0,1.0,0.0,0.0,0.0,0.0,0.0,0.0,0.0,0.0,0.0,0.0
1,0,1.0,0.0,0.0,0.0,0.0,0.0,0.0,0.0,0.0,0.0,0.0
1,0,1.0,0.0,0.0,0.0,0.0,0.0,0.0,0.0,0.0,0.0,0.0
1,0,1.0,0.0,0.0,0.0,0.0,0.0,0.0,0.0,0.0,0.0,0.0
1,0,1.0,0.0,0.0,0.0,0.0,0.0,0.0,0.0,0.0,0.0,0.0
1,0,1.0,0.0,0.0,0.0,0.0,0.0,0.0,0.0,0.0,0.0,0.0
1,0,1.0,0.0,0.0,0.0,0.0,0.0,0.0,0.0,0.0,0.0,0.0
1,0,1.0,0.0,0.0,0.0,0.0,0.0,0.0,0.0,0.0,0.0,0.0
1,0,1.0,0.0,0.0,0.0,0.0,0.0,0.0,0.0,0.0,0.0,0.0
1,0,1.0,0.0,0.0,0.0,0.0,0.0,0.0,0.0,0.0,0.0,0.0
1,0,1.0,0.0,0.0,0.0,0.0,0.0,0.0,0.0,0.0,0.0,0.0
1,0,1.0,0.0,0.0,0.0,0.0,0.0,0.0,0.0,0.0,0.0,0.0
1,0,1.0,0.0,0.0,0.0,0.0,0.0,0.0,0.0,0.0,0.0,0.0
1,0,1.0,0.0,0.0,0.0,0.0,0.0,0.0,0.0,0.0,0.0,0.0
1,0,1.0,0.0,0.0,0.0,0.0,0.0,0.0,0.0,0.0,0.0,0.0
1,0,1.0,0.0,0.0,0.0,0.0,0.0,0.0,0.0,0.0,0.0,0.0
1,0,1.0,0.0,0.0,0.0,0.0,0.0,0.0,0.0,0.0,0.0,0.0
1,0,1.0,0.0,0.0,0.0,0.0,0.0,0.0,0.0,0.0,0.0,0.0
1,0,1.0,0.0,0.0,0.0,0.0,0.0,0.0,0.0,0.0,0.0,0.0
1,0,1.0,0.0,0.0,0.0,0.0,0.0,0.0,0.0,0.0,0.0,0.0
1,0,1.0,0.0,0.0,0.0,0.0,0.0,0.0,0.0,0.0,0.0,0.0
1,0,1.0,0.0,0.0,0.0,0.0,0.0,0.0,0.0,0.0,0.0,0.0
1,0,1.0,0.0,0.0,0.0,0.0,0.0,0.0,0.0,0.0,0.0,0.0
1,0,1.0,0.0,0.0,0.0,0.0,0.0,0.0,0.0,0.0,0.0,0.0
1,0,1.0,0.0,0.0,0.0,0.0,0.0,0.0,0.0,0.0,0.0,0.0
1,0,1.0,0.0,0.0,0.0,0.0,0.0,0.0,0.0,0.0,0.0,0.0
1,0,1.0,0.0,0.0,0.0,0.0,0.0,0.0,0.0,0.0,0.0,0.0
1,0,1.0,0.0,0.0,0.0,0.0,0.0,0.0,0.0,0.0,0.0,0.0
1,0,1.0,0.0,0.0,0.0,0.0,0.0,0.0,0.0,0.0,0.0,0.0
1,0,1.0,0.0,0.0,0.0,0.0,0.0,0.0,0.0,0.0,0.0,0.0
1,0,1.0,0.0,0.0,0.0,0.0,0.0,0.0,0.0,0.0,0.0,0.0
1,0,1.0,0.0,0.0,0.0,0.0,0.0,0.0,0.0,0.0,0.0,0.0
1,0,1.0,0.0,0.0,0.0,0.0,0.0,0.0,0.0,0.0,0.0,0.0
1,0,1.0,0.0,0.0,0.0,0.0,0.0,0.0,0.0,0.0,0.0,0.0
1,0,1.0,0.0,0.0,0.0,0.0,0.0,0.0,0.0,0.0,0.0,0.0
1,0,1.0,0.0,0.0,0.0,0.0,0.0,0.0,0.0,0.0,0.0,0.0
1,0,1.0,0.0,0.0,0.0,0.0,0.0,0.0,0.0,0.0,0.0,0.0
1,0,1.0,0.0,0.0,0.0,0.0,0.0,0.0,0.0,0.0,0.0,0.0
1,0,1.0,0.0,0.0,0.0,0.0,0.0,0.0,0.0,0.0,0.0,0.0
1,0,1.0,0.0,0.0,0.0,0.0,0.0,0.0,0.0,0.0,0.0,0.0
1,0,1.0,0.0,0.0,0.0,0.0,0.0,0.0,0.0,0.0,0.0,0.0
1,0,1.0,0.0,0.0,0.0,0.0,0.0,0.0,0.0,0.0,0.0,0.0
1,0,1.0,0.0,0.0,0.0,0.0,0.0,0.0,0.0,0.0,0.0,0.0
1,0,1.0,0.0,0.0,0.0,0.0,0.0,0.0,0.0,0.0,0.0,0.0
1,0,1.0,0.0,0.0,0.0,0.0,0.0,0.0,0.0,0.0,0.0,0.0
1,0,1.0,0.0,0.0,0.0,0.0,0.0,0.0,0.0,0.0,0.0,0.0
1,0,1.0,0.0,0.0,0.0,0.0,0.0,0.0,0.0,0.0,0.0,0.0
1,0,1.0,0.0,0.0,0.0,0.0,0.0,0.0,0.0,0.0,0.0,0.0
1,0,1.0,0.0,0.0,0.0,0.0,0.0,0.0,0.0,0.0,0.0,0.0
1,0,1.0,0.0,0.0,0.0,0.0,0.0,0.0,0.0,0.0,0.0,0.0
1,0,1.0,0.0,0.0,0.0,0.0,0.0,0.0,0.0,0.0,0.0,0.0
1,0,1.0,0.0,0.0,0.0,0.0,0.0,0.0,0.0,0.0,0.0,0.0
1,0,1.0,0.0,0.0,0.0,0.0,0.0,0.0,0.0,0.0,0.0,0.0
1,0,1.0,0.0,0.0,0.0,0.0,0.0,0.0,0.0,0.0,0.0,0.0
1,0,1.0,0.0,0.0,0.0,0.0,0.0,0.0,0.0,0.0,0.0,0.0
1,0,1.0,0.0,0.0,0.0,0.0,0.0,0.0,0.0,0.0,0.0,0.0
1,0,1.0,0.0,0.0,0.0,0.0,0.0,0.0,0.0,0.0,0.0,0.0
1,0,1.0,0.0,0.0,0.0,0.0,0.0,0.0,0.0,0.0,0.0,0.0
1,0,1.0,0.0,0.0,0.0,0.0,0.0,0.0,0.0,0.0,0.0,0.0
1,0,1.0,0.0,0.0,0.0,0.0,0.0,0.0,0.0,0.0,0.0,0.0
1,0,1.0,0.0,0.0,0.0,0.0,0.0,0.0,0.0,0.0,0.0,0.0
1,0,1.0,0.0,0.0,0.0,0.0,0.0,0.0,0.0,0.0,0.0,0.0
1,0,1.0,0.0,0.0,0.0,0.0,0.0,0.0,0.0,0.0,0.0,0.0
1,0,1.0,0.0,0.0,0.0,0.0,0.0,0.0,0.0,0.0,0.0,0.0
1,0,1.0,0.0,0.0,0.0,0.0,0.0,0.0,0.0,0.0,0.0,0.0
1,0,1.0,0.0,0.0,0.0,0.0,0.0,0.0,0.0,0.0,0.0,0.0
1,0,1.0,0.0,0.0,0.0,0.0,0.0,0.0,0.0,0.0,0.0,0.0
1,0,1.0,0.0,0.0,0.0,0.0,0.0,0.0,0.0,0.0,0.0,0.0
1,0,1.0,0.0,0.0,0.0,0.0,0.0,0.0,0.0,0.0,0.0,0.0
1,0,1.0,0.0,0.0,0.0,0.0,0.0,0.0,0.0,0.0,0.0,0.0
1,0,1.0,0.0,0.0,0.0,0.0,0.0,0.0,0.0,0.0,0.0,0.0
1,0,1.0,0.0,0.0,0.0,0.0,0.0,0.0,0.0,0.0,0.0,0.0
1,0,1.0,0.0,0.0,0.0,0.0,0.0,0.0,0.0,0.0,0.0,0.0
1,0,1.0,0.0,0.0,0.0,0.0,0.0,0.0,0.0,0.0,0.0,0.0
1,0,1.0,0.0,0.0,0.0,0.0,0.0,0.0,0.0,0.0,0.0,0.0
1,0,1.0,0.0,0.0,0.0,0.0,0.0,0.0,0.0,0.0,0.0,0.0
1,0,1.0,0.0,0.0,0.0,0.0,0.0,0.0,0.0,0.0,0.0,0.0
1,0,1.0,0.0,0.0,0.0,0.0,0.0,0.0,0.0,0.0,0.0,0.0
1,0,1.0,0.0,0.0,0.0,0.0,0.0,0.0,0.0,0.0,0.0,0.0
1,0,1.0,0.0,0.0,0.0,0.0,0.0,0.0,0.0,0.0,0.0,0.0
1,0,1.0,0.0,0.0,0.0,0.0,0.0,0.0,0.0,0.0,0.0,0.0
1,0,1.0,0.0,0.0,0.0,0.0,0.0,0.0,0.0,0.0,0.0,0.0
1,0,1.0,0.0,0.0,0.0,0.0,0.0,0.0,0.0,0.0,0.0,0.0
1,0,1.0,0.0,0.0,0.0,0.0,0.0,0.0,0.0,0.0,0.0,0.0
1,0,1.0,0.0,0.0,0.0,0.0,0.0,0.0,0.0,0.0,0.0,0.0
1,0,1.0,0.0,0.0,0.0,0.0,0.0,0.0,0.0,0.0,0.0,0.0
1,0,1.0,0.0,0.0,0.0,0.0,0.0,0.0,0.0,0.0,0.0,0.0
1,0,1.0,0.0,0.0,0.0,0.0,0.0,0.0,0.0,0.0,0.0,0.0
1,0,1.0,0.0,0.0,0.0,0.0,0.0,0.0,0.0,0.0,0.0,0.0
1,0,1.0,0.0,0.0,0.0,0.0,0.0,0.0,0.0,0.0,0.0,0.0
1,0,1.0,0.0,0.0,0.0,0.0,0.0,0.0,0.0,0.0,0.0,0.0
1,0,1.0,0.0,0.0,0.0,0.0,0.0,0.0,0.0,0.0,0.0,0.0
1,0,1.0,0.0,0.0,0.0,0.0,0.0,0.0,0.0,0.0,0.0,0.0
1,0,1.0,0.0,0.0,0.0,0.0,0.0,0.0,0.0,0.0,0.0,0.0
1,0,1.0,0.0,0.0,0.0,0.0,0.0,0.0,0.0,0.0,0.0,0.0
1,0,1.0,0.0,0.0,0.0,0.0,0.0,0.0,0.0,0.0,0.0,0.0
1,0,1.0,0.0,0.0,0.0,0.0,0.0,0.0,0.0,0.0,0.0,0.0
1,0,1.0,0.0,0.0,0.0,0.0,0.0,0.0,0.0,0.0,0.0,0.0
1,0,1.0,0.0,0.0,0.0,0.0,0.0,0.0,0.0,0.0,0.0,0.0
1,0,1.0,0.0,0.0,0.0,0.0,0.0,0.0,0.0,0.0,0.0,0.0
1,0,1.0,0.0,0.0,0.0,0.0,0.0,0.0,0.0,0.0,0.0,0.0
1,0,1.0,0.0,0.0,0.0,0.0,0.0,0.0,0.0,0.0,0.0,0.0
1,0,1.0,0.0,0.0,0.0,0.0,0.0,0.0,0.0,0.0,0.0,0.0
1,0,1.0,0.0,0.0,0.0,0.0,0.0,0.0,0.0,0.0,0.0,0.0
1,0,1.0,0.0,0.0,0.0,0.0,0.0,0.0,0.0,0.0,0.0,0.0
1,0,1.0,0.0,0.0,0.0,0.0,0.0,0.0,0.0,0.0,0.0,0.0
1,0,1.0,0.0,0.0,0.0,0.0,0.0,0.0,0.0,0.0,0.0,0.0
1,0,1.0,0.0,0.0,0.0,0.0,0.0,0.0,0.0,0.0,0.0,0.0
1,0,1.0,0.0,0.0,0.0,0.0,0.0,0.0,0.0,0.0,0.0,0.0
1,0,1.0,0.0,0.0,0.0,0.0,0.0,0.0,0.0,0.0,0.0,0.0
1,0,1.0,0.0,0.0,0.0,0.0,0.0,0.0,0.0,0.0,0.0,0.0
1,0,1.0,0.0,0.0,0.0,0.0,0.0,0.0,0.0,0.0,0.0,0.0
1,0,1.0,0.0,0.0,0.0,0.0,0.0,0.0,0.0,0.0,0.0,0.0
1,0,1.0,0.0,0.0,0.0,0.0,0.0,0.0,0.0,0.0,0.0,0.0
1,0,1.0,0.0,0.0,0.0,0.0,0.0,0.0,0.0,0.0,0.0,0.0
1,0,1.0,0.0,0.0,0.0,0.0,0.0,0.0,0.0,0.0,0.0,0.0
1,0,1.0,0.0,0.0,0.0,0.0,0.0,0.0,0.0,0.0,0.0,0.0
1,0,1.0,0.0,0.0,0.0,0.0,0.0,0.0,0.0,0.0,0.0,0.0
1,0,1.0,0.0,0.0,0.0,0.0,0.0,0.0,0.0,0.0,0.0,0.0
1,0,1.0,0.0,0.0,0.0,0.0,0.0,0.0,0.0,0.0,0.0,0.0
1,0,1.0,0.0,0.0,0.0,0.0,0.0,0.0,0.0,0.0,0.0,0.0
1,0,1.0,0.0,0.0,0.0,0.0,0.0,0.0,0.0,0.0,0.0,0.0
1,0,1.0,0.0,0.0,0.0,0.0,0.0,0.0,0.0,0.0,0.0,0.0
1,0,1.0,0.0,0.0,0.0,0.0,0.0,0.0,0.0,0.0,0.0,0.0
1,0,1.0,0.0,0.0,0.0,0.0,0.0,0.0,0.0,0.0,0.0,0.0
1,0,1.0,0.0,0.0,0.0,0.0,0.0,0.0,0.0,0.0,0.0,0.0
1,0,1.0,0.0,0.0,0.0,0.0,0.0,0.0,0.0,0.0,0.0,0.0
1,0,1.0,0.0,0.0,0.0,0.0,0.0,0.0,0.0,0.0,0.0,0.0
1,0,1.0,0.0,0.0,0.0,0.0,0.0,0.0,0.0,0.0,0.0,0.0
1,0,1.0,0.0,0.0,0.0,0.0,0.0,0.0,0.0,0.0,0.0,0.0
1,0,1.0,0.0,0.0,0.0,0.0,0.0,0.0,0.0,0.0,0.0,0.0
1,0,1.0,0.0,0.0,0.0,0.0,0.0,0.0,0.0,0.0,0.0,0.0
1,0,1.0,0.0,0.0,0.0,0.0,0.0,0.0,0.0,0.0,0.0,0.0
1,0,1.0,0.0,0.0,0.0,0.0,0.0,0.0,0.0,0.0,0.0,0.0
1,0,1.0,0.0,0.0,0.0,0.0,0.0,0.0,0.0,0.0,0.0,0.0
1,0,1.0,0.0,0.0,0.0,0.0,0.0,0.0,0.0,0.0,0.0,0.0
1,0,1.0,0.0,0.0,0.0,0.0,0.0,0.0,0.0,0.0,0.0,0.0
1,0,1.0,0.0,0.0,0.0,0.0,0.0,0.0,0.0,0.0,0.0,0.0
1,0,1.0,0.0,0.0,0.0,0.0,0.0,0.0,0.0,0.0,0.0,0.0
1,0,1.0,0.0,0.0,0.0,0.0,0.0,0.0,0.0,0.0,0.0,0.0
1,0,1.0,0.0,0.0,0.0,0.0,0.0,0.0,0.0,0.0,0.0,0.0
1,0,1.0,0.0,0.0,0.0,0.0,0.0,0.0,0.0,0.0,0.0,0.0
1,0,1.0,0.0,0.0,0.0,0.0,0.0,0.0,0.0,0.0,0.0,0.0
1,0,1.0,0.0,0.0,0.0,0.0,0.0,0.0,0.0,0.0,0.0,0.0
1,0,1.0,0.0,0.0,0.0,0.0,0.0,0.0,0.0,0.0,0.0,0.0
1,0,1.0,0.0,0.0,0.0,0.0,0.0,0.0,0.0,0.0,0.0,0.0
1,0,1.0,0.0,0.0,0.0,0.0,0.0,0.0,0.0,0.0,0.0,0.0
1,0,1.0,0.0,0.0,0.0,0.0,0.0,0.0,0.0,0.0,0.0,0.0
1,0,1.0,0.0,0.0,0.0,0.0,0.0,0.0,0.0,0.0,0.0,0.0
1,0,1.0,0.0,0.0,0.0,0.0,0.0,0.0,0.0,0.0,0.0,0.0
1,0,1.0,0.0,0.0,0.0,0.0,0.0,0.0,0.0,0.0,0.0,0.0
1,0,1.0,0.0,0.0,0.0,0.0,0.0,0.0,0.0,0.0,0.0,0.0
1,0,1.0,0.0,0.0,0.0,0.0,0.0,0.0,0.0,0.0,0.0,0.0
1,0,1.0,0.0,0.0,0.0,0.0,0.0,0.0,0.0,0.0,0.0,0.0
1,0,1.0,0.0,0.0,0.0,0.0,0.0,0.0,0.0,0.0,0.0,0.0
1,0,1.0,0.0,0.0,0.0,0.0,0.0,0.0,0.0,0.0,0.0,0.0
1,0,1.0,0.0,0.0,0.0,0.0,0.0,0.0,0.0,0.0,0.0,0.0
1,0,1.0,0.0,0.0,0.0,0.0,0.0,0.0,0.0,0.0,0.0,0.0
1,0,1.0,0.0,0.0,0.0,0.0,0.0,0.0,0.0,0.0,0.0,0.0
1,0,1.0,0.0,0.0,0.0,0.0,0.0,0.0,0.0,0.0,0.0,0.0
1,0,1.0,0.0,0.0,0.0,0.0,0.0,0.0,0.0,0.0,0.0,0.0
1,0,1.0,0.0,0.0,0.0,0.0,0.0,0.0,0.0,0.0,0.0,0.0
1,0,1.0,0.0,0.0,0.0,0.0,0.0,0.0,0.0,0.0,0.0,0.0
1,0,1.0,0.0,0.0,0.0,0.0,0.0,0.0,0.0,0.0,0.0,0.0
1,0,1.0,0.0,0.0,0.0,0.0,0.0,0.0,0.0,0.0,0.0,0.0
1,0,1.0,0.0,0.0,0.0,0.0,0.0,0.0,0.0,0.0,0.0,0.0
1,0,1.0,0.0,0.0,0.0,0.0,0.0,0.0,0.0,0.0,0.0,0.0
1,0,1.0,0.0,0.0,0.0,0.0,0.0,0.0,0.0,0.0,0.0,0.0
1,0,1.0,0.0,0.0,0.0,0.0,0.0,0.0,0.0,0.0,0.0,0.0
1,0,1.0,0.0,0.0,0.0,0.0,0.0,0.0,0.0,0.0,0.0,0.0
1,0,1.0,0.0,0.0,0.0,0.0,0.0,0.0,0.0,0.0,0.0,0.0
1,0,1.0,0.0,0.0,0.0,0.0,0.0,0.0,0.0,0.0,0.0,0.0
1,0,1.0,0.0,0.0,0.0,0.0,0.0,0.0,0.0,0.0,0.0,0.0
1,0,1.0,0.0,0.0,0.0,0.0,0.0,0.0,0.0,0.0,0.0,0.0
1,0,1.0,0.0,0.0,0.0,0.0,0.0,0.0,0.0,0.0,0.0,0.0
1,0,1.0,0.0,0.0,0.0,0.0,0.0,0.0,0.0,0.0,0.0,0.0
1,0,1.0,0.0,0.0,0.0,0.0,0.0,0.0,0.0,0.0,0.0,0.0
1,0,1.0,0.0,0.0,0.0,0.0,0.0,0.0,0.0,0.0,0.0,0.0
1,0,1.0,0.0,0.0,0.0,0.0,0.0,0.0,0.0,0.0,0.0,0.0
1,0,1.0,0.0,0.0,0.0,0.0,0.0,0.0,0.0,0.0,0.0,0.0
1,0,1.0,0.0,0.0,0.0,0.0,0.0,0.0,0.0,0.0,0.0,0.0
1,0,1.0,0.0,0.0,0.0,0.0,0.0,0.0,0.0,0.0,0.0,0.0
1,0,1.0,0.0,0.0,0.0,0.0,0.0,0.0,0.0,0.0,0.0,0.0
1,0,1.0,0.0,0.0,0.0,0.0,0.0,0.0,0.0,0.0,0.0,0.0
1,0,1.0,0.0,0.0,0.0,0.0,0.0,0.0,0.0,0.0,0.0,0.0
1,0,1.0,0.0,0.0,0.0,0.0,0.0,0.0,0.0,0.0,0.0,0.0
1,0,1.0,0.0,0.0,0.0,0.0,0.0,0.0,0.0,0.0,0.0,0.0
1,0,1.0,0.0,0.0,0.0,0.0,0.0,0.0,0.0,0.0,0.0,0.0
1,0,1.0,0.0,0.0,0.0,0.0,0.0,0.0,0.0,0.0,0.0,0.0
1,0,1.0,0.0,0.0,0.0,0.0,0.0,0.0,0.0,0.0,0.0,0.0
1,0,1.0,0.0,0.0,0.0,0.0,0.0,0.0,0.0,0.0,0.0,0.0
1,0,1.0,0.0,0.0,0.0,0.0,0.0,0.0,0.0,0.0,0.0,0.0
1,0,1.0,0.0,0.0,0.0,0.0,0.0,0.0,0.0,0.0,0.0,0.0
1,0,1.0,0.0,0.0,0.0,0.0,0.0,0.0,0.0,0.0,0.0,0.0
1,0,1.0,0.0,0.0,0.0,0.0,0.0,0.0,0.0,0.0,0.0,0.0
1,0,1.0,0.0,0.0,0.0,0.0,0.0,0.0,0.0,0.0,0.0,0.0
1,0,1.0,0.0,0.0,0.0,0.0,0.0,0.0,0.0,0.0,0.0,0.0
1,0,1.0,0.0,0.0,0.0,0.0,0.0,0.0,0.0,0.0,0.0,0.0
1,0,1.0,0.0,0.0,0.0,0.0,0.0,0.0,0.0,0.0,0.0,0.0
1,0,1.0,0.0,0.0,0.0,0.0,0.0,0.0,0.0,0.0,0.0,0.0
1,0,1.0,0.0,0.0,0.0,0.0,0.0,0.0,0.0,0.0,0.0,0.0
1,0,1.0,0.0,0.0,0.0,0.0,0.0,0.0,0.0,0.0,0.0,0.0
1,0,1.0,0.0,0.0,0.0,0.0,0.0,0.0,0.0,0.0,0.0,0.0
1,0,1.0,0.0,0.0,0.0,0.0,0.0,0.0,0.0,0.0,0.0,0.0
1,0,1.0,0.0,0.0,0.0,0.0,0.0,0.0,0.0,0.0,0.0,0.0
1,0,1.0,0.0,0.0,0.0,0.0,0.0,0.0,0.0,0.0,0.0,0.0
1,0,1.0,0.0,0.0,0.0,0.0,0.0,0.0,0.0,0.0,0.0,0.0
1,0,1.0,0.0,0.0,0.0,0.0,0.0,0.0,0.0,0.0,0.0,0.0
1,0,1.0,0.0,0.0,0.0,0.0,0.0,0.0,0.0,0.0,0.0,0.0
1,0,1.0,0.0,0.0,0.0,0.0,0.0,0.0,0.0,0.0,0.0,0.0
1,0,1.0,0.0,0.0,0.0,0.0,0.0,0.0,0.0,0.0,0.0,0.0
1,0,1.0,0.0,0.0,0.0,0.0,0.0,0.0,0.0,0.0,0.0,0.0
1,0,1.0,0.0,0.0,0.0,0.0,0.0,0.0,0.0,0.0,0.0,0.0
1,0,1.0,0.0,0.0,0.0,0.0,0.0,0.0,0.0,0.0,0.0,0.0
1,0,1.0,0.0,0.0,0.0,0.0,0.0,0.0,0.0,0.0,0.0,0.0
1,0,1.0,0.0,0.0,0.0,0.0,0.0,0.0,0.0,0.0,0.0,0.0
1,0,1.0,0.0,0.0,0.0,0.0,0.0,0.0,0.0,0.0,0.0,0.0
1,0,1.0,0.0,0.0,0.0,0.0,0.0,0.0,0.0,0.0,0.0,0.0
1,0,1.0,0.0,0.0,0.0,0.0,0.0,0.0,0.0,0.0,0.0,0.0
1,0,1.0,0.0,0.0,0.0,0.0,0.0,0.0,0.0,0.0,0.0,0.0
1,0,1.0,0.0,0.0,0.0,0.0,0.0,0.0,0.0,0.0,0.0,0.0
1,0,1.0,0.0,0.0,0.0,0.0,0.0,0.0,0.0,0.0,0.0,0.0
1,0,1.0,0.0,0.0,0.0,0.0,0.0,0.0,0.0,0.0,0.0,0.0
1,0,1.0,0.0,0.0,0.0,0.0,0.0,0.0,0.0,0.0,0.0,0.0
1,0,1.0,0.0,0.0,0.0,0.0,0.0,0.0,0.0,0.0,0.0,0.0
1,0,1.0,0.0,0.0,0.0,0.0,0.0,0.0,0.0,0.0,0.0,0.0
1,0,1.0,0.0,0.0,0.0,0.0,0.0,0.0,0.0,0.0,0.0,0.0
1,0,1.0,0.0,0.0,0.0,0.0,0.0,0.0,0.0,0.0,0.0,0.0
1,0,1.0,0.0,0.0,0.0,0.0,0.0,0.0,0.0,0.0,0.0,0.0
1,0,1.0,0.0,0.0,0.0,0.0,0.0,0.0,0.0,0.0,0.0,0.0
1,0,1.0,0.0,0.0,0.0,0.0,0.0,0.0,0.0,0.0,0.0,0.0
1,0,1.0,0.0,0.0,0.0,0.0,0.0,0.0,0.0,0.0,0.0,0.0
1,0,1.0,0.0,0.0,0.0,0.0,0.0,0.0,0.0,0.0,0.0,0.0
1,0,1.0,0.0,0.0,0.0,0.0,0.0,0.0,0.0,0.0,0.0,0.0
1,0,1.0,0.0,0.0,0.0,0.0,0.0,0.0,0.0,0.0,0.0,0.0
1,0,1.0,0.0,0.0,0.0,0.0,0.0,0.0,0.0,0.0,0.0,0.0
1,0,1.0,0.0,0.0,0.0,0.0,0.0,0.0,0.0,0.0,0.0,0.0
1,0,1.0,0.0,0.0,0.0,0.0,0.0,0.0,0.0,0.0,0.0,0.0
1,0,1.0,0.0,0.0,0.0,0.0,0.0,0.0,0.0,0.0,0.0,0.0
1,0,1.0,0.0,0.0,0.0,0.0,0.0,0.0,0.0,0.0,0.0,0.0
1,0,1.0,0.0,0.0,0.0,0.0,0.0,0.0,0.0,0.0,0.0,0.0
1,0,1.0,0.0,0.0,0.0,0.0,0.0,0.0,0.0,0.0,0.0,0.0
1,0,1.0,0.0,0.0,0.0,0.0,0.0,0.0,0.0,0.0,0.0,0.0
1,0,1.0,0.0,0.0,0.0,0.0,0.0,0.0,0.0,0.0,0.0,0.0
1,0,1.0,0.0,0.0,0.0,0.0,0.0,0.0,0.0,0.0,0.0,0.0
1,0,1.0,0.0,0.0,0.0,0.0,0.0,0.0,0.0,0.0,0.0,0.0
1,0,1.0,0.0,0.0,0.0,0.0,0.0,0.0,0.0,0.0,0.0,0.0
1,0,1.0,0.0,0.0,0.0,0.0,0.0,0.0,0.0,0.0,0.0,0.0
1,0,1.0,0.0,0.0,0.0,0.0,0.0,0.0,0.0,0.0,0.0,0.0
1,0,1.0,0.0,0.0,0.0,0.0,0.0,0.0,0.0,0.0,0.0,0.0
1,0,1.0,0.0,0.0,0.0,0.0,0.0,0.0,0.0,0.0,0.0,0.0
1,0,1.0,0.0,0.0,0.0,0.0,0.0,0.0,0.0,0.0,0.0,0.0
1,0,1.0,0.0,0.0,0.0,0.0,0.0,0.0,0.0,0.0,0.0,0.0
1,0,1.0,0.0,0.0,0.0,0.0,0.0,0.0,0.0,0.0,0.0,0.0
1,0,1.0,0.0,0.0,0.0,0.0,0.0,0.0,0.0,0.0,0.0,0.0
1,0,1.0,0.0,0.0,0.0,0.0,0.0,0.0,0.0,0.0,0.0,0.0
1,0,1.0,0.0,0.0,0.0,0.0,0.0,0.0,0.0,0.0,0.0,0.0
1,0,1.0,0.0,0.0,0.0,0.0,0.0,0.0,0.0,0.0,0.0,0.0
1,0,1.0,0.0,0.0,0.0,0.0,0.0,0.0,0.0,0.0,0.0,0.0
1,0,1.0,0.0,0.0,0.0,0.0,0.0,0.0,0.0,0.0,0.0,0.0
1,0,1.0,0.0,0.0,0.0,0.0,0.0,0.0,0.0,0.0,0.0,0.0
1,0,1.0,0.0,0.0,0.0,0.0,0.0,0.0,0.0,0.0,0.0,0.0
1,0,1.0,0.0,0.0,0.0,0.0,0.0,0.0,0.0,0.0,0.0,0.0
1,0,1.0,0.0,0.0,0.0,0.0,0.0,0.0,0.0,0.0,0.0,0.0
1,0,1.0,0.0,0.0,0.0,0.0,0.0,0.0,0.0,0.0,0.0,0.0
1,0,1.0,0.0,0.0,0.0,0.0,0.0,0.0,0.0,0.0,0.0,0.0
1,0,1.0,0.0,0.0,0.0,0.0,0.0,0.0,0.0,0.0,0.0,0.0
1,0,1.0,0.0,0.0,0.0,0.0,0.0,0.0,0.0,0.0,0.0,0.0
1,0,1.0,0.0,0.0,0.0,0.0,0.0,0.0,0.0,0.0,0.0,0.0
1,0,1.0,0.0,0.0,0.0,0.0,0.0,0.0,0.0,0.0,0.0,0.0
1,0,1.0,0.0,0.0,0.0,0.0,0.0,0.0,0.0,0.0,0.0,0.0
1,0,1.0,0.0,0.0,0.0,0.0,0.0,0.0,0.0,0.0,0.0,0.0
1,0,1.0,0.0,0.0,0.0,0.0,0.0,0.0,0.0,0.0,0.0,0.0
1,0,1.0,0.0,0.0,0.0,0.0,0.0,0.0,0.0,0.0,0.0,0.0
1,0,1.0,0.0,0.0,0.0,0.0,0.0,0.0,0.0,0.0,0.0,0.0
1,0,1.0,0.0,0.0,0.0,0.0,0.0,0.0,0.0,0.0,0.0,0.0
1,0,1.0,0.0,0.0,0.0,0.0,0.0,0.0,0.0,0.0,0.0,0.0
1,0,1.0,0.0,0.0,0.0,0.0,0.0,0.0,0.0,0.0,0.0,0.0
1,0,1.0,0.0,0.0,0.0,0.0,0.0,0.0,0.0,0.0,0.0,0.0
1,0,1.0,0.0,0.0,0.0,0.0,0.0,0.0,0.0,0.0,0.0,0.0
1,0,1.0,0.0,0.0,0.0,0.0,0.0,0.0,0.0,0.0,0.0,0.0
1,0,1.0,0.0,0.0,0.0,0.0,0.0,0.0,0.0,0.0,0.0,0.0
1,0,1.0,0.0,0.0,0.0,0.0,0.0,0.0,0.0,0.0,0.0,0.0
1,0,1.0,0.0,0.0,0.0,0.0,0.0,0.0,0.0,0.0,0.0,0.0
1,0,1.0,0.0,0.0,0.0,0.0,0.0,0.0,0.0,0.0,0.0,0.0
1,0,1.0,0.0,0.0,0.0,0.0,0.0,0.0,0.0,0.0,0.0,0.0
1,0,1.0,0.0,0.0,0.0,0.0,0.0,0.0,0.0,0.0,0.0,0.0
1,0,1.0,0.0,0.0,0.0,0.0,0.0,0.0,0.0,0.0,0.0,0.0
1,0,1.0,0.0,0.0,0.0,0.0,0.0,0.0,0.0,0.0,0.0,0.0
1,0,1.0,0.0,0.0,0.0,0.0,0.0,0.0,0.0,0.0,0.0,0.0
1,0,1.0,0.0,0.0,0.0,0.0,0.0,0.0,0.0,0.0,0.0,0.0
1,0,1.0,0.0,0.0,0.0,0.0,0.0,0.0,0.0,0.0,0.0,0.0
1,0,1.0,0.0,0.0,0.0,0.0,0.0,0.0,0.0,0.0,0.0,0.0
1,0,1.0,0.0,0.0,0.0,0.0,0.0,0.0,0.0,0.0,0.0,0.0
1,0,1.0,0.0,0.0,0.0,0.0,0.0,0.0,0.0,0.0,0.0,0.0
1,0,1.0,0.0,0.0,0.0,0.0,0.0,0.0,0.0,0.0,0.0,0.0
1,0,1.0,0.0,0.0,0.0,0.0,0.0,0.0,0.0,0.0,0.0,0.0
1,0,1.0,0.0,0.0,0.0,0.0,0.0,0.0,0.0,0.0,0.0,0.0
1,0,1.0,0.0,0.0,0.0,0.0,0.0,0.0,0.0,0.0,0.0,0.0
1,0,1.0,0.0,0.0,0.0,0.0,0.0,0.0,0.0,0.0,0.0,0.0
1,0,1.0,0.0,0.0,0.0,0.0,0.0,0.0,0.0,0.0,0.0,0.0
1,0,1.0,0.0,0.0,0.0,0.0,0.0,0.0,0.0,0.0,0.0,0.0
1,0,1.0,0.0,0.0,0.0,0.0,0.0,0.0,0.0,0.0,0.0,0.0
1,0,1.0,0.0,0.0,0.0,0.0,0.0,0.0,0.0,0.0,0.0,0.0
1,0,1.0,0.0,0.0,0.0,0.0,0.0,0.0,0.0,0.0,0.0,0.0
1,0,1.0,0.0,0.0,0.0,0.0,0.0,0.0,0.0,0.0,0.0,0.0
1,0,1.0,0.0,0.0,0.0,0.0,0.0,0.0,0.0,0.0,0.0,0.0
1,0,1.0,0.0,0.0,0.0,0.0,0.0,0.0,0.0,0.0,0.0,0.0
1,0,1.0,0.0,0.0,0.0,0.0,0.0,0.0,0.0,0.0,0.0,0.0
1,0,1.0,0.0,0.0,0.0,0.0,0.0,0.0,0.0,0.0,0.0,0.0
1,0,1.0,0.0,0.0,0.0,0.0,0.0,0.0,0.0,0.0,0.0,0.0
1,0,1.0,0.0,0.0,0.0,0.0,0.0,0.0,0.0,0.0,0.0,0.0
1,0,1.0,0.0,0.0,0.0,0.0,0.0,0.0,0.0,0.0,0.0,0.0
1,0,1.0,0.0,0.0,0.0,0.0,0.0,0.0,0.0,0.0,0.0,0.0
1,0,1.0,0.0,0.0,0.0,0.0,0.0,0.0,0.0,0.0,0.0,0.0
1,0,1.0,0.0,0.0,0.0,0.0,0.0,0.0,0.0,0.0,0.0,0.0
1,0,1.0,0.0,0.0,0.0,0.0,0.0,0.0,0.0,0.0,0.0,0.0
1,0,1.0,0.0,0.0,0.0,0.0,0.0,0.0,0.0,0.0,0.0,0.0
1,0,1.0,0.0,0.0,0.0,0.0,0.0,0.0,0.0,0.0,0.0,0.0
1,0,1.0,0.0,0.0,0.0,0.0,0.0,0.0,0.0,0.0,0.0,0.0
1,0,1.0,0.0,0.0,0.0,0.0,0.0,0.0,0.0,0.0,0.0,0.0
1,0,1.0,0.0,0.0,0.0,0.0,0.0,0.0,0.0,0.0,0.0,0.0
1,0,1.0,0.0,0.0,0.0,0.0,0.0,0.0,0.0,0.0,0.0,0.0
1,0,1.0,0.0,0.0,0.0,0.0,0.0,0.0,0.0,0.0,0.0,0.0
1,0,1.0,0.0,0.0,0.0,0.0,0.0,0.0,0.0,0.0,0.0,0.0
1,0,1.0,0.0,0.0,0.0,0.0,0.0,0.0,0.0,0.0,0.0,0.0
1,0,1.0,0.0,0.0,0.0,0.0,0.0,0.0,0.0,0.0,0.0,0.0
1,0,1.0,0.0,0.0,0.0,0.0,0.0,0.0,0.0,0.0,0.0,0.0
1,0,1.0,0.0,0.0,0.0,0.0,0.0,0.0,0.0,0.0,0.0,0.0
1,0,1.0,0.0,0.0,0.0,0.0,0.0,0.0,0.0,0.0,0.0,0.0
1,0,1.0,0.0,0.0,0.0,0.0,0.0,0.0,0.0,0.0,0.0,0.0
1,0,1.0,0.0,0.0,0.0,0.0,0.0,0.0,0.0,0.0,0.0,0.0
1,0,1.0,0.0,0.0,0.0,0.0,0.0,0.0,0.0,0.0,0.0,0.0
1,0,1.0,0.0,0.0,0.0,0.0,0.0,0.0,0.0,0.0,0.0,0.0
1,0,1.0,0.0,0.0,0.0,0.0,0.0,0.0,0.0,0.0,0.0,0.0
1,0,1.0,0.0,0.0,0.0,0.0,0.0,0.0,0.0,0.0,0.0,0.0
1,0,1.0,0.0,0.0,0.0,0.0,0.0,0.0,0.0,0.0,0.0,0.0
1,0,1.0,0.0,0.0,0.0,0.0,0.0,0.0,0.0,0.0,0.0,0.0
1,0,1.0,0.0,0.0,0.0,0.0,0.0,0.0,0.0,0.0,0.0,0.0
1,0,1.0,0.0,0.0,0.0,0.0,0.0,0.0,0.0,0.0,0.0,0.0
1,0,1.0,0.0,0.0,0.0,0.0,0.0,0.0,0.0,0.0,0.0,0.0
1,0,1.0,0.0,0.0,0.0,0.0,0.0,0.0,0.0,0.0,0.0,0.0
1,0,1.0,0.0,0.0,0.0,0.0,0.0,0.0,0.0,0.0,0.0,0.0
1,0,1.0,0.0,0.0,0.0,0.0,0.0,0.0,0.0,0.0,0.0,0.0
1,0,1.0,0.0,0.0,0.0,0.0,0.0,0.0,0.0,0.0,0.0,0.0
1,0,1.0,0.0,0.0,0.0,0.0,0.0,0.0,0.0,0.0,0.0,0.0
1,0,1.0,0.0,0.0,0.0,0.0,0.0,0.0,0.0,0.0,0.0,0.0
1,0,1.0,0.0,0.0,0.0,0.0,0.0,0.0,0.0,0.0,0.0,0.0
1,0,1.0,0.0,0.0,0.0,0.0,0.0,0.0,0.0,0.0,0.0,0.0
1,0,1.0,0.0,0.0,0.0,0.0,0.0,0.0,0.0,0.0,0.0,0.0
1,0,1.0,0.0,0.0,0.0,0.0,0.0,0.0,0.0,0.0,0.0,0.0
1,0,1.0,0.0,0.0,0.0,0.0,0.0,0.0,0.0,0.0,0.0,0.0
1,0,1.0,0.0,0.0,0.0,0.0,0.0,0.0,0.0,0.0,0.0,0.0
1,0,1.0,0.0,0.0,0.0,0.0,0.0,0.0,0.0,0.0,0.0,0.0
1,0,1.0,0.0,0.0,0.0,0.0,0.0,0.0,0.0,0.0,0.0,0.0
1,0,1.0,0.0,0.0,0.0,0.0,0.0,0.0,0.0,0.0,0.0,0.0
1,0,1.0,0.0,0.0,0.0,0.0,0.0,0.0,0.0,0.0,0.0,0.0
1,0,1.0,0.0,0.0,0.0,0.0,0.0,0.0,0.0,0.0,0.0,0.0
1,0,1.0,0.0,0.0,0.0,0.0,0.0,0.0,0.0,0.0,0.0,0.0
1,0,1.0,0.0,0.0,0.0,0.0,0.0,0.0,0.0,0.0,0.0,0.0
1,0,1.0,0.0,0.0,0.0,0.0,0.0,0.0,0.0,0.0,0.0,0.0
1,0,1.0,0.0,0.0,0.0,0.0,0.0,0.0,0.0,0.0,0.0,0.0
1,0,1.0,0.0,0.0,0.0,0.0,0.0,0.0,0.0,0.0,0.0,0.0
1,0,1.0,0.0,0.0,0.0,0.0,0.0,0.0,0.0,0.0,0.0,0.0
1,0,1.0,0.0,0.0,0.0,0.0,0.0,0.0,0.0,0.0,0.0,0.0
1,0,1.0,0.0,0.0,0.0,0.0,0.0,0.0,0.0,0.0,0.0,0.0
1,0,1.0,0.0,0.0,0.0,0.0,0.0,0.0,0.0,0.0,0.0,0.0
1,0,1.0,0.0,0.0,0.0,0.0,0.0,0.0,0.0,0.0,0.0,0.0
1,0,1.0,0.0,0.0,0.0,0.0,0.0,0.0,0.0,0.0,0.0,0.0
1,0,1.0,0.0,0.0,0.0,0.0,0.0,0.0,0.0,0.0,0.0,0.0
1,0,1.0,0.0,0.0,0.0,0.0,0.0,0.0,0.0,0.0,0.0,0.0
1,0,1.0,0.0,0.0,0.0,0.0,0.0,0.0,0.0,0.0,0.0,0.0
1,0,1.0,0.0,0.0,0.0,0.0,0.0,0.0,0.0,0.0,0.0,0.0
1,0,1.0,0.0,0.0,0.0,0.0,0.0,0.0,0.0,0.0,0.0,0.0
1,0,1.0,0.0,0.0,0.0,0.0,0.0,0.0,0.0,0.0,0.0,0.0
1,0,1.0,0.0,0.0,0.0,0.0,0.0,0.0,0.0,0.0,0.0,0.0
1,0,1.0,0.0,0.0,0.0,0.0,0.0,0.0,0.0,0.0,0.0,0.0
1,0,1.0,0.0,0.0,0.0,0.0,0.0,0.0,0.0,0.0,0.0,0.0
1,0,1.0,0.0,0.0,0.0,0.0,0.0,0.0,0.0,0.0,0.0,0.0
1,0,1.0,0.0,0.0,0.0,0.0,0.0,0.0,0.0,0.0,0.0,0.0
1,0,1.0,0.0,0.0,0.0,0.0,0.0,0.0,0.0,0.0,0.0,0.0
1,0,1.0,0.0,0.0,0.0,0.0,0.0,0.0,0.0,0.0,0.0,0.0
1,0,1.0,0.0,0.0,0.0,0.0,0.0,0.0,0.0,0.0,0.0,0.0
1,0,1.0,0.0,0.0,0.0,0.0,0.0,0.0,0.0,0.0,0.0,0.0
1,0,1.0,0.0,0.0,0.0,0.0,0.0,0.0,0.0,0.0,0.0,0.0
1,0,1.0,0.0,0.0,0.0,0.0,0.0,0.0,0.0,0.0,0.0,0.0
1,0,1.0,0.0,0.0,0.0,0.0,0.0,0.0,0.0,0.0,0.0,0.0
1,0,1.0,0.0,0.0,0.0,0.0,0.0,0.0,0.0,0.0,0.0,0.0
1,0,1.0,0.0,0.0,0.0,0.0,0.0,0.0,0.0,0.0,0.0,0.0
1,0,1.0,0.0,0.0,0.0,0.0,0.0,0.0,0.0,0.0,0.0,0.0
1,0,1.0,0.0,0.0,0.0,0.0,0.0,0.0,0.0,0.0,0.0,0.0
1,0,1.0,0.0,0.0,0.0,0.0,0.0,0.0,0.0,0.0,0.0,0.0
1,0,1.0,0.0,0.0,0.0,0.0,0.0,0.0,0.0,0.0,0.0,0.0
1,0,1.0,0.0,0.0,0.0,0.0,0.0,0.0,0.0,0.0,0.0,0.0
1,0,1.0,0.0,0.0,0.0,0.0,0.0,0.0,0.0,0.0,0.0,0.0
1,0,1.0,0.0,0.0,0.0,0.0,0.0,0.0,0.0,0.0,0.0,0.0
1,0,1.0,0.0,0.0,0.0,0.0,0.0,0.0,0.0,0.0,0.0,0.0
1,0,1.0,0.0,0.0,0.0,0.0,0.0,0.0,0.0,0.0,0.0,0.0
1,0,1.0,0.0,0.0,0.0,0.0,0.0,0.0,0.0,0.0,0.0,0.0
1,0,1.0,0.0,0.0,0.0,0.0,0.0,0.0,0.0,0.0,0.0,0.0
1,0,1.0,0.0,0.0,0.0,0.0,0.0,0.0,0.0,0.0,0.0,0.0
1,0,1.0,0.0,0.0,0.0,0.0,0.0,0.0,0.0,0.0,0.0,0.0
1,0,1.0,0.0,0.0,0.0,0.0,0.0,0.0,0.0,0.0,0.0,0.0
1,0,1.0,0.0,0.0,0.0,0.0,0.0,0.0,0.0,0.0,0.0,0.0
1,0,1.0,0.0,0.0,0.0,0.0,0.0,0.0,0.0,0.0,0.0,0.0
1,0,1.0,0.0,0.0,0.0,0.0,0.0,0.0,0.0,0.0,0.0,0.0
1,0,1.0,0.0,0.0,0.0,0.0,0.0,0.0,0.0,0.0,0.0,0.0
1,0,1.0,0.0,0.0,0.0,0.0,0.0,0.0,0.0,0.0,0.0,0.0
1,0,1.0,0.0,0.0,0.0,0.0,0.0,0.0,0.0,0.0,0.0,0.0
1,0,1.0,0.0,0.0,0.0,0.0,0.0,0.0,0.0,0.0,0.0,0.0
1,0,1.0,0.0,0.0,0.0,0.0,0.0,0.0,0.0,0.0,0.0,0.0
1,0,1.0,0.0,0.0,0.0,0.0,0.0,0.0,0.0,0.0,0.0,0.0
1,0,1.0,0.0,0.0,0.0,0.0,0.0,0.0,0.0,0.0,0.0,0.0
1,0,1.0,0.0,0.0,0.0,0.0,0.0,0.0,0.0,0.0,0.0,0.0
1,0,1.0,0.0,0.0,0.0,0.0,0.0,0.0,0.0,0.0,0.0,0.0
1,0,1.0,0.0,0.0,0.0,0.0,0.0,0.0,0.0,0.0,0.0,0.0
1,0,1.0,0.0,0.0,0.0,0.0,0.0,0.0,0.0,0.0,0.0,0.0
1,0,1.0,0.0,0.0,0.0,0.0,0.0,0.0,0.0,0.0,0.0,0.0
1,0,1.0,0.0,0.0,0.0,0.0,0.0,0.0,0.0,0.0,0.0,0.0
1,0,1.0,0.0,0.0,0.0,0.0,0.0,0.0,0.0,0.0,0.0,0.0
1,0,1.0,0.0,0.0,0.0,0.0,0.0,0.0,0.0,0.0,0.0,0.0
1,0,1.0,0.0,0.0,0.0,0.0,0.0,0.0,0.0,0.0,0.0,0.0
1,0,1.0,0.0,0.0,0.0,0.0,0.0,0.0,0.0,0.0,0.0,0.0
1,0,1.0,0.0,0.0,0.0,0.0,0.0,0.0,0.0,0.0,0.0,0.0
1,0,1.0,0.0,0.0,0.0,0.0,0.0,0.0,0.0,0.0,0.0,0.0
1,0,1.0,0.0,0.0,0.0,0.0,0.0,0.0,0.0,0.0,0.0,0.0
1,0,1.0,0.0,0.0,0.0,0.0,0.0,0.0,0.0,0.0,0.0,0.0
1,0,1.0,0.0,0.0,0.0,0.0,0.0,0.0,0.0,0.0,0.0,0.0
1,0,1.0,0.0,0.0,0.0,0.0,0.0,0.0,0.0,0.0,0.0,0.0
1,0,1.0,0.0,0.0,0.0,0.0,0.0,0.0,0.0,0.0,0.0,0.0
1,0,1.0,0.0,0.0,0.0,0.0,0.0,0.0,0.0,0.0,0.0,0.0
1,0,1.0,0.0,0.0,0.0,0.0,0.0,0.0,0.0,0.0,0.0,0.0
1,0,1.0,0.0,0.0,0.0,0.0,0.0,0.0,0.0,0.0,0.0,0.0
1,0,1.0,0.0,0.0,0.0,0.0,0.0,0.0,0.0,0.0,0.0,0.0
1,0,1.0,0.0,0.0,0.0,0.0,0.0,0.0,0.0,0.0,0.0,0.0
1,0,1.0,0.0,0.0,0.0,0.0,0.0,0.0,0.0,0.0,0.0,0.0
1,0,1.0,0.0,0.0,0.0,0.0,0.0,0.0,0.0,0.0,0.0,0.0
1,0,1.0,0.0,0.0,0.0,0.0,0.0,0.0,0.0,0.0,0.0,0.0
1,0,1.0,0.0,0.0,0.0,0.0,0.0,0.0,0.0,0.0,0.0,0.0
1,0,1.0,0.0,0.0,0.0,0.0,0.0,0.0,0.0,0.0,0.0,0.0
1,0,1.0,0.0,0.0,0.0,0.0,0.0,0.0,0.0,0.0,0.0,0.0
1,0,1.0,0.0,0.0,0.0,0.0,0.0,0.0,0.0,0.0,0.0,0.0
1,0,1.0,0.0,0.0,0.0,0.0,0.0,0.0,0.0,0.0,0.0,0.0
1,0,1.0,0.0,0.0,0.0,0.0,0.0,0.0,0.0,0.0,0.0,0.0
1,0,1.0,0.0,0.0,0.0,0.0,0.0,0.0,0.0,0.0,0.0,0.0
1,0,1.0,0.0,0.0,0.0,0.0,0.0,0.0,0.0,0.0,0.0,0.0
1,0,1.0,0.0,0.0,0.0,0.0,0.0,0.0,0.0,0.0,0.0,0.0
1,0,1.0,0.0,0.0,0.0,0.0,0.0,0.0,0.0,0.0,0.0,0.0
1,0,1.0,0.0,0.0,0.0,0.0,0.0,0.0,0.0,0.0,0.0,0.0
1,0,1.0,0.0,0.0,0.0,0.0,0.0,0.0,0.0,0.0,0.0,0.0
1,0,1.0,0.0,0.0,0.0,0.0,0.0,0.0,0.0,0.0,0.0,0.0
1,0,1.0,0.0,0.0,0.0,0.0,0.0,0.0,0.0,0.0,0.0,0.0
1,0,1.0,0.0,0.0,0.0,0.0,0.0,0.0,0.0,0.0,0.0,0.0
1,0,1.0,0.0,0.0,0.0,0.0,0.0,0.0,0.0,0.0,0.0,0.0
1,0,1.0,0.0,0.0,0.0,0.0,0.0,0.0,0.0,0.0,0.0,0.0
1,0,1.0,0.0,0.0,0.0,0.0,0.0,0.0,0.0,0.0,0.0,0.0
1,0,1.0,0.0,0.0,0.0,0.0,0.0,0.0,0.0,0.0,0.0,0.0
1,0,1.0,0.0,0.0,0.0,0.0,0.0,0.0,0.0,0.0,0.0,0.0
1,0,1.0,0.0,0.0,0.0,0.0,0.0,0.0,0.0,0.0,0.0,0.0
1,0,1.0,0.0,0.0,0.0,0.0,0.0,0.0,0.0,0.0,0.0,0.0
1,0,1.0,0.0,0.0,0.0,0.0,0.0,0.0,0.0,0.0,0.0,0.0
1,0,1.0,0.0,0.0,0.0,0.0,0.0,0.0,0.0,0.0,0.0,0.0
1,0,1.0,0.0,0.0,0.0,0.0,0.0,0.0,0.0,0.0,0.0,0.0
1,0,1.0,0.0,0.0,0.0,0.0,0.0,0.0,0.0,0.0,0.0,0.0
1,0,1.0,0.0,0.0,0.0,0.0,0.0,0.0,0.0,0.0,0.0,0.0
1,0,1.0,0.0,0.0,0.0,0.0,0.0,0.0,0.0,0.0,0.0,0.0
1,0,1.0,0.0,0.0,0.0,0.0,0.0,0.0,0.0,0.0,0.0,0.0
1,0,1.0,0.0,0.0,0.0,0.0,0.0,0.0,0.0,0.0,0.0,0.0
1,0,1.0,0.0,0.0,0.0,0.0,0.0,0.0,0.0,0.0,0.0,0.0
1,0,1.0,0.0,0.0,0.0,0.0,0.0,0.0,0.0,0.0,0.0,0.0
1,0,1.0,0.0,0.0,0.0,0.0,0.0,0.0,0.0,0.0,0.0,0.0
1,0,1.0,0.0,0.0,0.0,0.0,0.0,0.0,0.0,0.0,0.0,0.0
1,0,1.0,0.0,0.0,0.0,0.0,0.0,0.0,0.0,0.0,0.0,0.0
1,0,1.0,0.0,0.0,0.0,0.0,0.0,0.0,0.0,0.0,0.0,0.0
1,0,1.0,0.0,0.0,0.0,0.0,0.0,0.0,0.0,0.0,0.0,0.0
1,0,1.0,0.0,0.0,0.0,0.0,0.0,0.0,0.0,0.0,0.0,0.0
1,0,1.0,0.0,0.0,0.0,0.0,0.0,0.0,0.0,0.0,0.0,0.0
1,0,1.0,0.0,0.0,0.0,0.0,0.0,0.0,0.0,0.0,0.0,0.0
1,0,1.0,0.0,0.0,0.0,0.0,0.0,0.0,0.0,0.0,0.0,0.0
1,0,1.0,0.0,0.0,0.0,0.0,0.0,0.0,0.0,0.0,0.0,0.0
1,0,1.0,0.0,0.0,0.0,0.0,0.0,0.0,0.0,0.0,0.0,0.0
1,0,1.0,0.0,0.0,0.0,0.0,0.0,0.0,0.0,0.0,0.0,0.0
1,0,1.0,0.0,0.0,0.0,0.0,0.0,0.0,0.0,0.0,0.0,0.0
1,0,1.0,0.0,0.0,0.0,0.0,0.0,0.0,0.0,0.0,0.0,0.0
1,0,1.0,0.0,0.0,0.0,0.0,0.0,0.0,0.0,0.0,0.0,0.0
1,0,1.0,0.0,0.0,0.0,0.0,0.0,0.0,0.0,0.0,0.0,0.0
1,0,1.0,0.0,0.0,0.0,0.0,0.0,0.0,0.0,0.0,0.0,0.0
1,0,1.0,0.0,0.0,0.0,0.0,0.0,0.0,0.0,0.0,0.0,0.0
1,0,1.0,0.0,0.0,0.0,0.0,0.0,0.0,0.0,0.0,0.0,0.0
1,0,1.0,0.0,0.0,0.0,0.0,0.0,0.0,0.0,0.0,0.0,0.0
1,0,1.0,0.0,0.0,0.0,0.0,0.0,0.0,0.0,0.0,0.0,0.0
1,0,1.0,0.0,0.0,0.0,0.0,0.0,0.0,0.0,0.0,0.0,0.0
1,0,1.0,0.0,0.0,0.0,0.0,0.0,0.0,0.0,0.0,0.0,0.0
1,0,1.0,0.0,0.0,0.0,0.0,0.0,0.0,0.0,0.0,0.0,0.0
1,0,1.0,0.0,0.0,0.0,0.0,0.0,0.0,0.0,0.0,0.0,0.0
1,0,1.0,0.0,0.0,0.0,0.0,0.0,0.0,0.0,0.0,0.0,0.0
1,0,1.0,0.0,0.0,0.0,0.0,0.0,0.0,0.0,0.0,0.0,0.0
1,0,1.0,0.0,0.0,0.0,0.0,0.0,0.0,0.0,0.0,0.0,0.0
1,0,1.0,0.0,0.0,0.0,0.0,0.0,0.0,0.0,0.0,0.0,0.0
1,0,1.0,0.0,0.0,0.0,0.0,0.0,0.0,0.0,0.0,0.0,0.0
1,0,1.0,0.0,0.0,0.0,0.0,0.0,0.0,0.0,0.0,0.0,0.0
1,0,1.0,0.0,0.0,0.0,0.0,0.0,0.0,0.0,0.0,0.0,0.0
1,0,1.0,0.0,0.0,0.0,0.0,0.0,0.0,0.0,0.0,0.0,0.0
1,0,1.0,0.0,0.0,0.0,0.0,0.0,0.0,0.0,0.0,0.0,0.0
1,0,1.0,0.0,0.0,0.0,0.0,0.0,0.0,0.0,0.0,0.0,0.0
1,0,1.0,0.0,0.0,0.0,0.0,0.0,0.0,0.0,0.0,0.0,0.0
1,0,1.0,0.0,0.0,0.0,0.0,0.0,0.0,0.0,0.0,0.0,0.0
1,0,1.0,0.0,0.0,0.0,0.0,0.0,0.0,0.0,0.0,0.0,0.0
1,0,1.0,0.0,0.0,0.0,0.0,0.0,0.0,0.0,0.0,0.0,0.0
1,0,1.0,0.0,0.0,0.0,0.0,0.0,0.0,0.0,0.0,0.0,0.0
1,0,1.0,0.0,0.0,0.0,0.0,0.0,0.0,0.0,0.0,0.0,0.0
1,0,1.0,0.0,0.0,0.0,0.0,0.0,0.0,0.0,0.0,0.0,0.0
1,0,1.0,0.0,0.0,0.0,0.0,0.0,0.0,0.0,0.0,0.0,0.0
1,0,1.0,0.0,0.0,0.0,0.0,0.0,0.0,0.0,0.0,0.0,0.0
1,0,1.0,0.0,0.0,0.0,0.0,0.0,0.0,0.0,0.0,0.0,0.0
1,0,1.0,0.0,0.0,0.0,0.0,0.0,0.0,0.0,0.0,0.0,0.0
1,0,1.0,0.0,0.0,0.0,0.0,0.0,0.0,0.0,0.0,0.0,0.0
1,0,1.0,0.0,0.0,0.0,0.0,0.0,0.0,0.0,0.0,0.0,0.0
1,0,1.0,0.0,0.0,0.0,0.0,0.0,0.0,0.0,0.0,0.0,0.0
1,0,1.0,0.0,0.0,0.0,0.0,0.0,0.0,0.0,0.0,0.0,0.0
1,0,1.0,0.0,0.0,0.0,0.0,0.0,0.0,0.0,0.0,0.0,0.0
1,0,1.0,0.0,0.0,0.0,0.0,0.0,0.0,0.0,0.0,0.0,0.0
1,0,1.0,0.0,0.0,0.0,0.0,0.0,0.0,0.0,0.0,0.0,0.0
1,0,1.0,0.0,0.0,0.0,0.0,0.0,0.0,0.0,0.0,0.0,0.0
1,0,1.0,0.0,0.0,0.0,0.0,0.0,0.0,0.0,0.0,0.0,0.0
1,0,1.0,0.0,0.0,0.0,0.0,0.0,0.0,0.0,0.0,0.0,0.0
1,0,1.0,0.0,0.0,0.0,0.0,0.0,0.0,0.0,0.0,0.0,0.0
1,0,1.0,0.0,0.0,0.0,0.0,0.0,0.0,0.0,0.0,0.0,0.0
1,0,1.0,0.0,0.0,0.0,0.0,0.0,0.0,0.0,0.0,0.0,0.0
1,0,1.0,0.0,0.0,0.0,0.0,0.0,0.0,0.0,0.0,0.0,0.0
1,0,1.0,0.0,0.0,0.0,0.0,0.0,0.0,0.0,0.0,0.0,0.0
1,0,1.0,0.0,0.0,0.0,0.0,0.0,0.0,0.0,0.0,0.0,0.0
1,0,1.0,0.0,0.0,0.0,0.0,0.0,0.0,0.0,0.0,0.0,0.0
1,0,1.0,0.0,0.0,0.0,0.0,0.0,0.0,0.0,0.0,0.0,0.0
1,0,1.0,0.0,0.0,0.0,0.0,0.0,0.0,0.0,0.0,0.0,0.0
1,0,1.0,0.0,0.0,0.0,0.0,0.0,0.0,0.0,0.0,0.0,0.0
1,0,1.0,0.0,0.0,0.0,0.0,0.0,0.0,0.0,0.0,0.0,0.0
1,0,1.0,0.0,0.0,0.0,0.0,0.0,0.0,0.0,0.0,0.0,0.0
1,0,1.0,0.0,0.0,0.0,0.0,0.0,0.0,0.0,0.0,0.0,0.0
1,0,1.0,0.0,0.0,0.0,0.0,0.0,0.0,0.0,0.0,0.0,0.0
1,0,1.0,0.0,0.0,0.0,0.0,0.0,0.0,0.0,0.0,0.0,0.0
1,0,1.0,0.0,0.0,0.0,0.0,0.0,0.0,0.0,0.0,0.0,0.0
1,0,1.0,0.0,0.0,0.0,0.0,0.0,0.0,0.0,0.0,0.0,0.0
1,0,1.0,0.0,0.0,0.0,0.0,0.0,0.0,0.0,0.0,0.0,0.0
1,0,1.0,0.0,0.0,0.0,0.0,0.0,0.0,0.0,0.0,0.0,0.0
1,0,1.0,0.0,0.0,0.0,0.0,0.0,0.0,0.0,0.0,0.0,0.0
1,0,1.0,0.0,0.0,0.0,0.0,0.0,0.0,0.0,0.0,0.0,0.0
1,0,1.0,0.0,0.0,0.0,0.0,0.0,0.0,0.0,0.0,0.0,0.0
1,0,1.0,0.0,0.0,0.0,0.0,0.0,0.0,0.0,0.0,0.0,0.0
1,0,1.0,0.0,0.0,0.0,0.0,0.0,0.0,0.0,0.0,0.0,0.0
1,0,1.0,0.0,0.0,0.0,0.0,0.0,0.0,0.0,0.0,0.0,0.0
1,0,1.0,0.0,0.0,0.0,0.0,0.0,0.0,0.0,0.0,0.0,0.0
1,0,1.0,0.0,0.0,0.0,0.0,0.0,0.0,0.0,0.0,0.0,0.0
1,0,1.0,0.0,0.0,0.0,0.0,0.0,0.0,0.0,0.0,0.0,0.0
1,0,1.0,0.0,0.0,0.0,0.0,0.0,0.0,0.0,0.0,0.0,0.0
1,0,1.0,0.0,0.0,0.0,0.0,0.0,0.0,0.0,0.0,0.0,0.0
1,0,1.0,0.0,0.0,0.0,0.0,0.0,0.0,0.0,0.0,0.0,0.0
1,0,1.0,0.0,0.0,0.0,0.0,0.0,0.0,0.0,0.0,0.0,0.0
1,0,1.0,0.0,0.0,0.0,0.0,0.0,0.0,0.0,0.0,0.0,0.0
1,0,1.0,0.0,0.0,0.0,0.0,0.0,0.0,0.0,0.0,0.0,0.0
1,0,1.0,0.0,0.0,0.0,0.0,0.0,0.0,0.0,0.0,0.0,0.0
1,0,1.0,0.0,0.0,0.0,0.0,0.0,0.0,0.0,0.0,0.0,0.0
1,0,1.0,0.0,0.0,0.0,0.0,0.0,0.0,0.0,0.0,0.0,0.0
1,0,1.0,0.0,0.0,0.0,0.0,0.0,0.0,0.0,0.0,0.0,0.0
1,0,1.0,0.0,0.0,0.0,0.0,0.0,0.0,0.0,0.0,0.0,0.0
1,0,1.0,0.0,0.0,0.0,0.0,0.0,0.0,0.0,0.0,0.0,0.0
1,0,1.0,0.0,0.0,0.0,0.0,0.0,0.0,0.0,0.0,0.0,0.0
1,0,1.0,0.0,0.0,0.0,0.0,0.0,0.0,0.0,0.0,0.0,0.0
1,0,1.0,0.0,0.0,0.0,0.0,0.0,0.0,0.0,0.0,0.0,0.0
1,0,1.0,0.0,0.0,0.0,0.0,0.0,0.0,0.0,0.0,0.0,0.0
1,0,1.0,0.0,0.0,0.0,0.0,0.0,0.0,0.0,0.0,0.0,0.0
1,0,1.0,0.0,0.0,0.0,0.0,0.0,0.0,0.0,0.0,0.0,0.0
1,0,1.0,0.0,0.0,0.0,0.0,0.0,0.0,0.0,0.0,0.0,0.0
1,0,1.0,0.0,0.0,0.0,0.0,0.0,0.0,0.0,0.0,0.0,0.0
1,0,1.0,0.0,0.0,0.0,0.0,0.0,0.0,0.0,0.0,0.0,0.0
1,0,1.0,0.0,0.0,0.0,0.0,0.0,0.0,0.0,0.0,0.0,0.0
1,0,1.0,0.0,0.0,0.0,0.0,0.0,0.0,0.0,0.0,0.0,0.0
1,0,1.0,0.0,0.0,0.0,0.0,0.0,0.0,0.0,0.0,0.0,0.0
1,0,1.0,0.0,0.0,0.0,0.0,0.0,0.0,0.0,0.0,0.0,0.0
1,0,1.0,0.0,0.0,0.0,0.0,0.0,0.0,0.0,0.0,0.0,0.0
1,0,1.0,0.0,0.0,0.0,0.0,0.0,0.0,0.0,0.0,0.0,0.0
1,0,1.0,0.0,0.0,0.0,0.0,0.0,0.0,0.0,0.0,0.0,0.0
1,0,1.0,0.0,0.0,0.0,0.0,0.0,0.0,0.0,0.0,0.0,0.0
1,0,1.0,0.0,0.0,0.0,0.0,0.0,0.0,0.0,0.0,0.0,0.0
1,0,1.0,0.0,0.0,0.0,0.0,0.0,0.0,0.0,0.0,0.0,0.0
1,0,1.0,0.0,0.0,0.0,0.0,0.0,0.0,0.0,0.0,0.0,0.0
1,0,1.0,0.0,0.0,0.0,0.0,0.0,0.0,0.0,0.0,0.0,0.0
1,0,1.0,0.0,0.0,0.0,0.0,0.0,0.0,0.0,0.0,0.0,0.0
1,0,1.0,0.0,0.0,0.0,0.0,0.0,0.0,0.0,0.0,0.0,0.0
1,0,1.0,0.0,0.0,0.0,0.0,0.0,0.0,0.0,0.0,0.0,0.0
1,0,1.0,0.0,0.0,0.0,0.0,0.0,0.0,0.0,0.0,0.0,0.0
1,0,1.0,0.0,0.0,0.0,0.0,0.0,0.0,0.0,0.0,0.0,0.0
1,0,1.0,0.0,0.0,0.0,0.0,0.0,0.0,0.0,0.0,0.0,0.0
1,0,1.0,0.0,0.0,0.0,0.0,0.0,0.0,0.0,0.0,0.0,0.0
1,0,1.0,0.0,0.0,0.0,0.0,0.0,0.0,0.0,0.0,0.0,0.0
1,0,1.0,0.0,0.0,0.0,0.0,0.0,0.0,0.0,0.0,0.0,0.0
1,0,1.0,0.0,0.0,0.0,0.0,0.0,0.0,0.0,0.0,0.0,0.0
1,0,1.0,0.0,0.0,0.0,0.0,0.0,0.0,0.0,0.0,0.0,0.0
1,0,1.0,0.0,0.0,0.0,0.0,0.0,0.0,0.0,0.0,0.0,0.0
1,0,1.0,0.0,0.0,0.0,0.0,0.0,0.0,0.0,0.0,0.0,0.0
1,0,1.0,0.0,0.0,0.0,0.0,0.0,0.0,0.0,0.0,0.0,0.0
1,0,1.0,0.0,0.0,0.0,0.0,0.0,0.0,0.0,0.0,0.0,0.0
1,0,1.0,0.0,0.0,0.0,0.0,0.0,0.0,0.0,0.0,0.0,0.0
1,0,1.0,0.0,0.0,0.0,0.0,0.0,0.0,0.0,0.0,0.0,0.0
1,0,1.0,0.0,0.0,0.0,0.0,0.0,0.0,0.0,0.0,0.0,0.0
1,0,1.0,0.0,0.0,0.0,0.0,0.0,0.0,0.0,0.0,0.0,0.0
1,0,1.0,0.0,0.0,0.0,0.0,0.0,0.0,0.0,0.0,0.0,0.0
1,0,1.0,0.0,0.0,0.0,0.0,0.0,0.0,0.0,0.0,0.0,0.0
1,0,1.0,0.0,0.0,0.0,0.0,0.0,0.0,0.0,0.0,0.0,0.0
1,0,1.0,0.0,0.0,0.0,0.0,0.0,0.0,0.0,0.0,0.0,0.0
1,0,1.0,0.0,0.0,0.0,0.0,0.0,0.0,0.0,0.0,0.0,0.0
1,0,1.0,0.0,0.0,0.0,0.0,0.0,0.0,0.0,0.0,0.0,0.0
1,0,1.0,0.0,0.0,0.0,0.0,0.0,0.0,0.0,0.0,0.0,0.0
1,0,1.0,0.0,0.0,0.0,0.0,0.0,0.0,0.0,0.0,0.0,0.0
1,0,1.0,0.0,0.0,0.0,0.0,0.0,0.0,0.0,0.0,0.0,0.0
1,0,1.0,0.0,0.0,0.0,0.0,0.0,0.0,0.0,0.0,0.0,0.0
1,0,1.0,0.0,0.0,0.0,0.0,0.0,0.0,0.0,0.0,0.0,0.0
1,0,1.0,0.0,0.0,0.0,0.0,0.0,0.0,0.0,0.0,0.0,0.0
1,0,1.0,0.0,0.0,0.0,0.0,0.0,0.0,0.0,0.0,0.0,0.0
1,0,1.0,0.0,0.0,0.0,0.0,0.0,0.0,0.0,0.0,0.0,0.0
1,0,1.0,0.0,0.0,0.0,0.0,0.0,0.0,0.0,0.0,0.0,0.0
1,0,1.0,0.0,0.0,0.0,0.0,0.0,0.0,0.0,0.0,0.0,0.0
1,0,1.0,0.0,0.0,0.0,0.0,0.0,0.0,0.0,0.0,0.0,0.0
1,0,1.0,0.0,0.0,0.0,0.0,0.0,0.0,0.0,0.0,0.0,0.0
1,0,1.0,0.0,0.0,0.0,0.0,0.0,0.0,0.0,0.0,0.0,0.0
1,0,1.0,0.0,0.0,0.0,0.0,0.0,0.0,0.0,0.0,0.0,0.0
1,0,1.0,0.0,0.0,0.0,0.0,0.0,0.0,0.0,0.0,0.0,0.0
1,0,1.0,0.0,0.0,0.0,0.0,0.0,0.0,0.0,0.0,0.0,0.0
1,0,1.0,0.0,0.0,0.0,0.0,0.0,0.0,0.0,0.0,0.0,0.0
1,0,1.0,0.0,0.0,0.0,0.0,0.0,0.0,0.0,0.0,0.0,0.0
1,0,1.0,0.0,0.0,0.0,0.0,0.0,0.0,0.0,0.0,0.0,0.0
1,0,1.0,0.0,0.0,0.0,0.0,0.0,0.0,0.0,0.0,0.0,0.0
1,0,1.0,0.0,0.0,0.0,0.0,0.0,0.0,0.0,0.0,0.0,0.0
1,0,1.0,0.0,0.0,0.0,0.0,0.0,0.0,0.0,0.0,0.0,0.0
1,0,1.0,0.0,0.0,0.0,0.0,0.0,0.0,0.0,0.0,0.0,0.0
1,0,1.0,0.0,0.0,0.0,0.0,0.0,0.0,0.0,0.0,0.0,0.0
1,0,1.0,0.0,0.0,0.0,0.0,0.0,0.0,0.0,0.0,0.0,0.0
1,0,1.0,0.0,0.0,0.0,0.0,0.0,0.0,0.0,0.0,0.0,0.0
1,0,1.0,0.0,0.0,0.0,0.0,0.0,0.0,0.0,0.0,0.0,0.0
1,0,1.0,0.0,0.0,0.0,0.0,0.0,0.0,0.0,0.0,0.0,0.0
1,0,1.0,0.0,0.0,0.0,0.0,0.0,0.0,0.0,0.0,0.0,0.0
1,0,1.0,0.0,0.0,0.0,0.0,0.0,0.0,0.0,0.0,0.0,0.0
1,0,1.0,0.0,0.0,0.0,0.0,0.0,0.0,0.0,0.0,0.0,0.0
1,0,1.0,0.0,0.0,0.0,0.0,0.0,0.0,0.0,0.0,0.0,0.0
1,0,1.0,0.0,0.0,0.0,0.0,0.0,0.0,0.0,0.0,0.0,0.0
1,0,1.0,0.0,0.0,0.0,0.0,0.0,0.0,0.0,0.0,0.0,0.0
1,0,1.0,0.0,0.0,0.0,0.0,0.0,0.0,0.0,0.0,0.0,0.0
1,0,1.0,0.0,0.0,0.0,0.0,0.0,0.0,0.0,0.0,0.0,0.0
1,0,1.0,0.0,0.0,0.0,0.0,0.0,0.0,0.0,0.0,0.0,0.0
1,0,1.0,0.0,0.0,0.0,0.0,0.0,0.0,0.0,0.0,0.0,0.0
1,0,1.0,0.0,0.0,0.0,0.0,0.0,0.0,0.0,0.0,0.0,0.0
1,0,1.0,0.0,0.0,0.0,0.0,0.0,0.0,0.0,0.0,0.0,0.0
1,0,1.0,0.0,0.0,0.0,0.0,0.0,0.0,0.0,0.0,0.0,0.0
1,0,1.0,0.0,0.0,0.0,0.0,0.0,0.0,0.0,0.0,0.0,0.0
1,0,1.0,0.0,0.0,0.0,0.0,0.0,0.0,0.0,0.0,0.0,0.0
1,0,1.0,0.0,0.0,0.0,0.0,0.0,0.0,0.0,0.0,0.0,0.0
1,0,1.0,0.0,0.0,0.0,0.0,0.0,0.0,0.0,0.0,0.0,0.0
1,0,1.0,0.0,0.0,0.0,0.0,0.0,0.0,0.0,0.0,0.0,0.0
1,0,1.0,0.0,0.0,0.0,0.0,0.0,0.0,0.0,0.0,0.0,0.0
1,0,1.0,0.0,0.0,0.0,0.0,0.0,0.0,0.0,0.0,0.0,0.0
1,0,1.0,0.0,0.0,0.0,0.0,0.0,0.0,0.0,0.0,0.0,0.0
1,0,1.0,0.0,0.0,0.0,0.0,0.0,0.0,0.0,0.0,0.0,0.0
1,0,1.0,0.0,0.0,0.0,0.0,0.0,0.0,0.0,0.0,0.0,0.0
1,0,1.0,0.0,0.0,0.0,0.0,0.0,0.0,0.0,0.0,0.0,0.0
1,0,1.0,0.0,0.0,0.0,0.0,0.0,0.0,0.0,0.0,0.0,0.0
1,0,1.0,0.0,0.0,0.0,0.0,0.0,0.0,0.0,0.0,0.0,0.0
1,0,1.0,0.0,0.0,0.0,0.0,0.0,0.0,0.0,0.0,0.0,0.0
1,0,1.0,0.0,0.0,0.0,0.0,0.0,0.0,0.0,0.0,0.0,0.0
1,0,1.0,0.0,0.0,0.0,0.0,0.0,0.0,0.0,0.0,0.0,0.0
1,0,1.0,0.0,0.0,0.0,0.0,0.0,0.0,0.0,0.0,0.0,0.0
1,0,1.0,0.0,0.0,0.0,0.0,0.0,0.0,0.0,0.0,0.0,0.0
1,0,1.0,0.0,0.0,0.0,0.0,0.0,0.0,0.0,0.0,0.0,0.0
1,0,1.0,0.0,0.0,0.0,0.0,0.0,0.0,0.0,0.0,0.0,0.0
1,0,1.0,0.0,0.0,0.0,0.0,0.0,0.0,0.0,0.0,0.0,0.0
1,0,1.0,0.0,0.0,0.0,0.0,0.0,0.0,0.0,0.0,0.0,0.0
1,0,1.0,0.0,0.0,0.0,0.0,0.0,0.0,0.0,0.0,0.0,0.0
1,0,1.0,0.0,0.0,0.0,0.0,0.0,0.0,0.0,0.0,0.0,0.0
1,0,1.0,0.0,0.0,0.0,0.0,0.0,0.0,0.0,0.0,0.0,0.0
1,0,1.0,0.0,0.0,0.0,0.0,0.0,0.0,0.0,0.0,0.0,0.0
1,0,1.0,0.0,0.0,0.0,0.0,0.0,0.0,0.0,0.0,0.0,0.0
1,0,1.0,0.0,0.0,0.0,0.0,0.0,0.0,0.0,0.0,0.0,0.0
1,0,1.0,0.0,0.0,0.0,0.0,0.0,0.0,0.0,0.0,0.0,0.0
1,0,1.0,0.0,0.0,0.0,0.0,0.0,0.0,0.0,0.0,0.0,0.0
1,0,1.0,0.0,0.0,0.0,0.0,0.0,0.0,0.0,0.0,0.0,0.0
1,0,1.0,0.0,0.0,0.0,0.0,0.0,0.0,0.0,0.0,0.0,0.0
1,0,1.0,0.0,0.0,0.0,0.0,0.0,0.0,0.0,0.0,0.0,0.0
1,0,1.0,0.0,0.0,0.0,0.0,0.0,0.0,0.0,0.0,0.0,0.0
1,0,1.0,0.0,0.0,0.0,0.0,0.0,0.0,0.0,0.0,0.0,0.0
1,0,1.0,0.0,0.0,0.0,0.0,0.0,0.0,0.0,0.0,0.0,0.0
1,0,1.0,0.0,0.0,0.0,0.0,0.0,0.0,0.0,0.0,0.0,0.0
1,0,1.0,0.0,0.0,0.0,0.0,0.0,0.0,0.0,0.0,0.0,0.0
1,0,1.0,0.0,0.0,0.0,0.0,0.0,0.0,0.0,0.0,0.0,0.0
1,0,1.0,0.0,0.0,0.0,0.0,0.0,0.0,0.0,0.0,0.0,0.0
1,0,1.0,0.0,0.0,0.0,0.0,0.0,0.0,0.0,0.0,0.0,0.0
1,0,1.0,0.0,0.0,0.0,0.0,0.0,0.0,0.0,0.0,0.0,0.0
1,0,1.0,0.0,0.0,0.0,0.0,0.0,0.0,0.0,0.0,0.0,0.0
1,0,1.0,0.0,0.0,0.0,0.0,0.0,0.0,0.0,0.0,0.0,0.0
1,0,1.0,0.0,0.0,0.0,0.0,0.0,0.0,0.0,0.0,0.0,0.0
1,0,1.0,0.0,0.0,0.0,0.0,0.0,0.0,0.0,0.0,0.0,0.0
1,0,1.0,0.0,0.0,0.0,0.0,0.0,0.0,0.0,0.0,0.0,0.0
1,0,1.0,0.0,0.0,0.0,0.0,0.0,0.0,0.0,0.0,0.0,0.0
1,0,1.0,0.0,0.0,0.0,0.0,0.0,0.0,0.0,0.0,0.0,0.0
1,0,1.0,0.0,0.0,0.0,0.0,0.0,0.0,0.0,0.0,0.0,0.0
1,0,1.0,0.0,0.0,0.0,0.0,0.0,0.0,0.0,0.0,0.0,0.0
1,0,1.0,0.0,0.0,0.0,0.0,0.0,0.0,0.0,0.0,0.0,0.0
1,0,1.0,0.0,0.0,0.0,0.0,0.0,0.0,0.0,0.0,0.0,0.0
1,0,1.0,0.0,0.0,0.0,0.0,0.0,0.0,0.0,0.0,0.0,0.0
1,0,1.0,0.0,0.0,0.0,0.0,0.0,0.0,0.0,0.0,0.0,0.0
1,0,1.0,0.0,0.0,0.0,0.0,0.0,0.0,0.0,0.0,0.0,0.0
1,0,1.0,0.0,0.0,0.0,0.0,0.0,0.0,0.0,0.0,0.0,0.0
1,0,1.0,0.0,0.0,0.0,0.0,0.0,0.0,0.0,0.0,0.0,0.0
1,0,1.0,0.0,0.0,0.0,0.0,0.0,0.0,0.0,0.0,0.0,0.0
1,0,1.0,0.0,0.0,0.0,0.0,0.0,0.0,0.0,0.0,0.0,0.0
1,0,1.0,0.0,0.0,0.0,0.0,0.0,0.0,0.0,0.0,0.0,0.0
1,0,1.0,0.0,0.0,0.0,0.0,0.0,0.0,0.0,0.0,0.0,0.0
1,0,1.0,0.0,0.0,0.0,0.0,0.0,0.0,0.0,0.0,0.0,0.0
1,0,1.0,0.0,0.0,0.0,0.0,0.0,0.0,0.0,0.0,0.0,0.0
1,0,1.0,0.0,0.0,0.0,0.0,0.0,0.0,0.0,0.0,0.0,0.0
1,0,1.0,0.0,0.0,0.0,0.0,0.0,0.0,0.0,0.0,0.0,0.0
1,0,1.0,0.0,0.0,0.0,0.0,0.0,0.0,0.0,0.0,0.0,0.0
1,0,1.0,0.0,0.0,0.0,0.0,0.0,0.0,0.0,0.0,0.0,0.0
1,0,1.0,0.0,0.0,0.0,0.0,0.0,0.0,0.0,0.0,0.0,0.0
1,0,1.0,0.0,0.0,0.0,0.0,0.0,0.0,0.0,0.0,0.0,0.0
1,0,1.0,0.0,0.0,0.0,0.0,0.0,0.0,0.0,0.0,0.0,0.0
1,0,1.0,0.0,0.0,0.0,0.0,0.0,0.0,0.0,0.0,0.0,0.0
1,0,1.0,0.0,0.0,0.0,0.0,0.0,0.0,0.0,0.0,0.0,0.0
1,0,1.0,0.0,0.0,0.0,0.0,0.0,0.0,0.0,0.0,0.0,0.0
1,0,1.0,0.0,0.0,0.0,0.0,0.0,0.0,0.0,0.0,0.0,0.0
1,0,1.0,0.0,0.0,0.0,0.0,0.0,0.0,0.0,0.0,0.0,0.0
1,0,1.0,0.0,0.0,0.0,0.0,0.0,0.0,0.0,0.0,0.0,0.0
1,0,1.0,0.0,0.0,0.0,0.0,0.0,0.0,0.0,0.0,0.0,0.0
1,0,1.0,0.0,0.0,0.0,0.0,0.0,0.0,0.0,0.0,0.0,0.0
1,0,1.0,0.0,0.0,0.0,0.0,0.0,0.0,0.0,0.0,0.0,0.0
1,0,1.0,0.0,0.0,0.0,0.0,0.0,0.0,0.0,0.0,0.0,0.0
1,0,1.0,0.0,0.0,0.0,0.0,0.0,0.0,0.0,0.0,0.0,0.0
1,0,1.0,0.0,0.0,0.0,0.0,0.0,0.0,0.0,0.0,0.0,0.0
1,0,1.0,0.0,0.0,0.0,0.0,0.0,0.0,0.0,0.0,0.0,0.0
1,0,1.0,0.0,0.0,0.0,0.0,0.0,0.0,0.0,0.0,0.0,0.0
1,0,1.0,0.0,0.0,0.0,0.0,0.0,0.0,0.0,0.0,0.0,0.0
1,0,1.0,0.0,0.0,0.0,0.0,0.0,0.0,0.0,0.0,0.0,0.0
1,0,1.0,0.0,0.0,0.0,0.0,0.0,0.0,0.0,0.0,0.0,0.0
1,0,1.0,0.0,0.0,0.0,0.0,0.0,0.0,0.0,0.0,0.0,0.0
1,0,1.0,0.0,0.0,0.0,0.0,0.0,0.0,0.0,0.0,0.0,0.0
1,0,1.0,0.0,0.0,0.0,0.0,0.0,0.0,0.0,0.0,0.0,0.0
1,0,1.0,0.0,0.0,0.0,0.0,0.0,0.0,0.0,0.0,0.0,0.0
1,0,1.0,0.0,0.0,0.0,0.0,0.0,0.0,0.0,0.0,0.0,0.0
1,0,1.0,0.0,0.0,0.0,0.0,0.0,0.0,0.0,0.0,0.0,0.0
1,0,1.0,0.0,0.0,0.0,0.0,0.0,0.0,0.0,0.0,0.0,0.0
1,0,1.0,0.0,0.0,0.0,0.0,0.0,0.0,0.0,0.0,0.0,0.0
1,0,1.0,0.0,0.0,0.0,0.0,0.0,0.0,0.0,0.0,0.0,0.0
1,0,1.0,0.0,0.0,0.0,0.0,0.0,0.0,0.0,0.0,0.0,0.0
1,0,1.0,0.0,0.0,0.0,0.0,0.0,0.0,0.0,0.0,0.0,0.0
1,0,1.0,0.0,0.0,0.0,0.0,0.0,0.0,0.0,0.0,0.0,0.0
1,0,1.0,0.0,0.0,0.0,0.0,0.0,0.0,0.0,0.0,0.0,0.0
1,0,1.0,0.0,0.0,0.0,0.0,0.0,0.0,0.0,0.0,0.0,0.0
1,0,1.0,0.0,0.0,0.0,0.0,0.0,0.0,0.0,0.0,0.0,0.0
1,0,1.0,0.0,0.0,0.0,0.0,0.0,0.0,0.0,0.0,0.0,0.0
1,0,1.0,0.0,0.0,0.0,0.0,0.0,0.0,0.0,0.0,0.0,0.0
1,0,1.0,0.0,0.0,0.0,0.0,0.0,0.0,0.0,0.0,0.0,0.0
1,0,1.0,0.0,0.0,0.0,0.0,0.0,0.0,0.0,0.0,0.0,0.0
1,0,1.0,0.0,0.0,0.0,0.0,0.0,0.0,0.0,0.0,0.0,0.0
1,0,1.0,0.0,0.0,0.0,0.0,0.0,0.0,0.0,0.0,0.0,0.0
1,0,1.0,0.0,0.0,0.0,0.0,0.0,0.0,0.0,0.0,0.0,0.0
1,0,1.0,0.0,0.0,0.0,0.0,0.0,0.0,0.0,0.0,0.0,0.0
1,0,1.0,0.0,0.0,0.0,0.0,0.0,0.0,0.0,0.0,0.0,0.0
1,0,1.0,0.0,0.0,0.0,0.0,0.0,0.0,0.0,0.0,0.0,0.0
1,0,1.0,0.0,0.0,0.0,0.0,0.0,0.0,0.0,0.0,0.0,0.0
1,0,1.0,0.0,0.0,0.0,0.0,0.0,0.0,0.0,0.0,0.0,0.0
1,0,1.0,0.0,0.0,0.0,0.0,0.0,0.0,0.0,0.0,0.0,0.0
1,0,1.0,0.0,0.0,0.0,0.0,0.0,0.0,0.0,0.0,0.0,0.0
1,0,1.0,0.0,0.0,0.0,0.0,0.0,0.0,0.0,0.0,0.0,0.0
1,0,1.0,0.0,0.0,0.0,0.0,0.0,0.0,0.0,0.0,0.0,0.0
1,0,1.0,0.0,0.0,0.0,0.0,0.0,0.0,0.0,0.0,0.0,0.0
1,0,1.0,0.0,0.0,0.0,0.0,0.0,0.0,0.0,0.0,0.0,0.0
1,0,1.0,0.0,0.0,0.0,0.0,0.0,0.0,0.0,0.0,0.0,0.0
1,0,1.0,0.0,0.0,0.0,0.0,0.0,0.0,0.0,0.0,0.0,0.0
1,0,1.0,0.0,0.0,0.0,0.0,0.0,0.0,0.0,0.0,0.0,0.0
1,0,1.0,0.0,0.0,0.0,0.0,0.0,0.0,0.0,0.0,0.0,0.0
1,0,1.0,0.0,0.0,0.0,0.0,0.0,0.0,0.0,0.0,0.0,0.0
1,0,1.0,0.0,0.0,0.0,0.0,0.0,0.0,0.0,0.0,0.0,0.0
1,0,1.0,0.0,0.0,0.0,0.0,0.0,0.0,0.0,0.0,0.0,0.0
1,0,1.0,0.0,0.0,0.0,0.0,0.0,0.0,0.0,0.0,0.0,0.0
1,0,1.0,0.0,0.0,0.0,0.0,0.0,0.0,0.0,0.0,0.0,0.0
1,0,1.0,0.0,0.0,0.0,0.0,0.0,0.0,0.0,0.0,0.0,0.0
1,0,1.0,0.0,0.0,0.0,0.0,0.0,0.0,0.0,0.0,0.0,0.0
1,0,1.0,0.0,0.0,0.0,0.0,0.0,0.0,0.0,0.0,0.0,0.0
1,0,1.0,0.0,0.0,0.0,0.0,0.0,0.0,0.0,0.0,0.0,0.0
1,0,1.0,0.0,0.0,0.0,0.0,0.0,0.0,0.0,0.0,0.0,0.0
1,0,1.0,0.0,0.0,0.0,0.0,0.0,0.0,0.0,0.0,0.0,0.0
1,0,1.0,0.0,0.0,0.0,0.0,0.0,0.0,0.0,0.0,0.0,0.0
1,0,1.0,0.0,0.0,0.0,0.0,0.0,0.0,0.0,0.0,0.0,0.0
1,0,1.0,0.0,0.0,0.0,0.0,0.0,0.0,0.0,0.0,0.0,0.0
1,0,1.0,0.0,0.0,0.0,0.0,0.0,0.0,0.0,0.0,0.0,0.0
1,0,1.0,0.0,0.0,0.0,0.0,0.0,0.0,0.0,0.0,0.0,0.0
1,0,1.0,0.0,0.0,0.0,0.0,0.0,0.0,0.0,0.0,0.0,0.0
1,0,1.0,0.0,0.0,0.0,0.0,0.0,0.0,0.0,0.0,0.0,0.0
1,0,1.0,0.0,0.0,0.0,0.0,0.0,0.0,0.0,0.0,0.0,0.0
1,0,1.0,0.0,0.0,0.0,0.0,0.0,0.0,0.0,0.0,0.0,0.0
1,0,1.0,0.0,0.0,0.0,0.0,0.0,0.0,0.0,0.0,0.0,0.0
1,0,1.0,0.0,0.0,0.0,0.0,0.0,0.0,0.0,0.0,0.0,0.0
1,0,1.0,0.0,0.0,0.0,0.0,0.0,0.0,0.0,0.0,0.0,0.0
1,0,1.0,0.0,0.0,0.0,0.0,0.0,0.0,0.0,0.0,0.0,0.0
1,0,1.0,0.0,0.0,0.0,0.0,0.0,0.0,0.0,0.0,0.0,0.0
1,0,1.0,0.0,0.0,0.0,0.0,0.0,0.0,0.0,0.0,0.0,0.0
1,0,1.0,0.0,0.0,0.0,0.0,0.0,0.0,0.0,0.0,0.0,0.0
1,0,1.0,0.0,0.0,0.0,0.0,0.0,0.0,0.0,0.0,0.0,0.0
1,0,1.0,0.0,0.0,0.0,0.0,0.0,0.0,0.0,0.0,0.0,0.0
1,0,1.0,0.0,0.0,0.0,0.0,0.0,0.0,0.0,0.0,0.0,0.0
1,0,1.0,0.0,0.0,0.0,0.0,0.0,0.0,0.0,0.0,0.0,0.0
1,0,1.0,0.0,0.0,0.0,0.0,0.0,0.0,0.0,0.0,0.0,0.0
1,0,1.0,0.0,0.0,0.0,0.0,0.0,0.0,0.0,0.0,0.0,0.0
1,0,1.0,0.0,0.0,0.0,0.0,0.0,0.0,0.0,0.0,0.0,0.0
1,0,1.0,0.0,0.0,0.0,0.0,0.0,0.0,0.0,0.0,0.0,0.0
1,0,1.0,0.0,0.0,0.0,0.0,0.0,0.0,0.0,0.0,0.0,0.0
1,0,1.0,0.0,0.0,0.0,0.0,0.0,0.0,0.0,0.0,0.0,0.0
1,0,1.0,0.0,0.0,0.0,0.0,0.0,0.0,0.0,0.0,0.0,0.0
1,0,1.0,0.0,0.0,0.0,0.0,0.0,0.0,0.0,0.0,0.0,0.0
1,0,1.0,0.0,0.0,0.0,0.0,0.0,0.0,0.0,0.0,0.0,0.0
1,0,1.0,0.0,0.0,0.0,0.0,0.0,0.0,0.0,0.0,0.0,0.0
1,0,1.0,0.0,0.0,0.0,0.0,0.0,0.0,0.0,0.0,0.0,0.0
1,0,1.0,0.0,0.0,0.0,0.0,0.0,0.0,0.0,0.0,0.0,0.0
1,0,1.0,0.0,0.0,0.0,0.0,0.0,0.0,0.0,0.0,0.0,0.0
1,0,1.0,0.0,0.0,0.0,0.0,0.0,0.0,0.0,0.0,0.0,0.0
1,0,1.0,0.0,0.0,0.0,0.0,0.0,0.0,0.0,0.0,0.0,0.0
1,0,1.0,0.0,0.0,0.0,0.0,0.0,0.0,0.0,0.0,0.0,0.0
1,0,1.0,0.0,0.0,0.0,0.0,0.0,0.0,0.0,0.0,0.0,0.0
1,0,1.0,0.0,0.0,0.0,0.0,0.0,0.0,0.0,0.0,0.0,0.0
1,0,1.0,0.0,0.0,0.0,0.0,0.0,0.0,0.0,0.0,0.0,0.0
1,0,1.0,0.0,0.0,0.0,0.0,0.0,0.0,0.0,0.0,0.0,0.0
1,0,1.0,0.0,0.0,0.0,0.0,0.0,0.0,0.0,0.0,0.0,0.0
1,0,1.0,0.0,0.0,0.0,0.0,0.0,0.0,0.0,0.0,0.0,0.0
1,0,1.0,0.0,0.0,0.0,0.0,0.0,0.0,0.0,0.0,0.0,0.0
1,0,1.0,0.0,0.0,0.0,0.0,0.0,0.0,0.0,0.0,0.0,0.0
1,0,1.0,0.0,0.0,0.0,0.0,0.0,0.0,0.0,0.0,0.0,0.0
1,0,1.0,0.0,0.0,0.0,0.0,0.0,0.0,0.0,0.0,0.0,0.0
1,0,1.0,0.0,0.0,0.0,0.0,0.0,0.0,0.0,0.0,0.0,0.0
1,0,1.0,0.0,0.0,0.0,0.0,0.0,0.0,0.0,0.0,0.0,0.0
1,0,1.0,0.0,0.0,0.0,0.0,0.0,0.0,0.0,0.0,0.0,0.0
1,0,1.0,0.0,0.0,0.0,0.0,0.0,0.0,0.0,0.0,0.0,0.0
1,0,1.0,0.0,0.0,0.0,0.0,0.0,0.0,0.0,0.0,0.0,0.0
1,0,1.0,0.0,0.0,0.0,0.0,0.0,0.0,0.0,0.0,0.0,0.0
1,0,1.0,0.0,0.0,0.0,0.0,0.0,0.0,0.0,0.0,0.0,0.0
1,0,1.0,0.0,0.0,0.0,0.0,0.0,0.0,0.0,0.0,0.0,0.0
1,0,1.0,0.0,0.0,0.0,0.0,0.0,0.0,0.0,0.0,0.0,0.0
1,0,1.0,0.0,0.0,0.0,0.0,0.0,0.0,0.0,0.0,0.0,0.0
1,0,1.0,0.0,0.0,0.0,0.0,0.0,0.0,0.0,0.0,0.0,0.0
1,0,1.0,0.0,0.0,0.0,0.0,0.0,0.0,0.0,0.0,0.0,0.0
1,0,1.0,0.0,0.0,0.0,0.0,0.0,0.0,0.0,0.0,0.0,0.0
1,0,1.0,0.0,0.0,0.0,0.0,0.0,0.0,0.0,0.0,0.0,0.0
1,0,1.0,0.0,0.0,0.0,0.0,0.0,0.0,0.0,0.0,0.0,0.0
1,0,1.0,0.0,0.0,0.0,0.0,0.0,0.0,0.0,0.0,0.0,0.0
1,0,1.0,0.0,0.0,0.0,0.0,0.0,0.0,0.0,0.0,0.0,0.0
1,0,1.0,0.0,0.0,0.0,0.0,0.0,0.0,0.0,0.0,0.0,0.0
1,0,1.0,0.0,0.0,0.0,0.0,0.0,0.0,0.0,0.0,0.0,0.0
1,0,1.0,0.0,0.0,0.0,0.0,0.0,0.0,0.0,0.0,0.0,0.0
1,0,1.0,0.0,0.0,0.0,0.0,0.0,0.0,0.0,0.0,0.0,0.0
1,0,1.0,0.0,0.0,0.0,0.0,0.0,0.0,0.0,0.0,0.0,0.0
1,0,1.0,0.0,0.0,0.0,0.0,0.0,0.0,0.0,0.0,0.0,0.0
1,0,1.0,0.0,0.0,0.0,0.0,0.0,0.0,0.0,0.0,0.0,0.0
1,0,1.0,0.0,0.0,0.0,0.0,0.0,0.0,0.0,0.0,0.0,0.0
1,0,1.0,0.0,0.0,0.0,0.0,0.0,0.0,0.0,0.0,0.0,0.0
1,0,1.0,0.0,0.0,0.0,0.0,0.0,0.0,0.0,0.0,0.0,0.0
1,0,1.0,0.0,0.0,0.0,0.0,0.0,0.0,0.0,0.0,0.0,0.0
1,0,1.0,0.0,0.0,0.0,0.0,0.0,0.0,0.0,0.0,0.0,0.0
1,0,1.0,0.0,0.0,0.0,0.0,0.0,0.0,0.0,0.0,0.0,0.0
1,0,1.0,0.0,0.0,0.0,0.0,0.0,0.0,0.0,0.0,0.0,0.0
1,0,1.0,0.0,0.0,0.0,0.0,0.0,0.0,0.0,0.0,0.0,0.0
1,0,1.0,0.0,0.0,0.0,0.0,0.0,0.0,0.0,0.0,0.0,0.0
1,0,1.0,0.0,0.0,0.0,0.0,0.0,0.0,0.0,0.0,0.0,0.0
1,0,1.0,0.0,0.0,0.0,0.0,0.0,0.0,0.0,0.0,0.0,0.0
1,0,1.0,0.0,0.0,0.0,0.0,0.0,0.0,0.0,0.0,0.0,0.0
1,0,1.0,0.0,0.0,0.0,0.0,0.0,0.0,0.0,0.0,0.0,0.0
1,0,1.0,0.0,0.0,0.0,0.0,0.0,0.0,0.0,0.0,0.0,0.0
1,0,1.0,0.0,0.0,0.0,0.0,0.0,0.0,0.0,0.0,0.0,0.0
1,0,1.0,0.0,0.0,0.0,0.0,0.0,0.0,0.0,0.0,0.0,0.0
1,0,1.0,0.0,0.0,0.0,0.0,0.0,0.0,0.0,0.0,0.0,0.0
1,0,1.0,0.0,0.0,0.0,0.0,0.0,0.0,0.0,0.0,0.0,0.0
1,0,1.0,0.0,0.0,0.0,0.0,0.0,0.0,0.0,0.0,0.0,0.0
1,0,1.0,0.0,0.0,0.0,0.0,0.0,0.0,0.0,0.0,0.0,0.0
1,0,1.0,0.0,0.0,0.0,0.0,0.0,0.0,0.0,0.0,0.0,0.0
1,0,1.0,0.0,0.0,0.0,0.0,0.0,0.0,0.0,0.0,0.0,0.0
1,0,1.0,0.0,0.0,0.0,0.0,0.0,0.0,0.0,0.0,0.0,0.0
1,0,1.0,0.0,0.0,0.0,0.0,0.0,0.0,0.0,0.0,0.0,0.0
1,0,1.0,0.0,0.0,0.0,0.0,0.0,0.0,0.0,0.0,0.0,0.0
1,0,1.0,0.0,0.0,0.0,0.0,0.0,0.0,0.0,0.0,0.0,0.0
1,0,1.0,0.0,0.0,0.0,0.0,0.0,0.0,0.0,0.0,0.0,0.0
1,0,1.0,0.0,0.0,0.0,0.0,0.0,0.0,0.0,0.0,0.0,0.0
1,0,1.0,0.0,0.0,0.0,0.0,0.0,0.0,0.0,0.0,0.0,0.0
1,0,1.0,0.0,0.0,0.0,0.0,0.0,0.0,0.0,0.0,0.0,0.0
1,0,1.0,0.0,0.0,0.0,0.0,0.0,0.0,0.0,0.0,0.0,0.0
1,0,1.0,0.0,0.0,0.0,0.0,0.0,0.0,0.0,0.0,0.0,0.0
1,0,1.0,0.0,0.0,0.0,0.0,0.0,0.0,0.0,0.0,0.0,0.0
1,0,1.0,0.0,0.0,0.0,0.0,0.0,0.0,0.0,0.0,0.0,0.0
1,0,1.0,0.0,0.0,0.0,0.0,0.0,0.0,0.0,0.0,0.0,0.0
1,0,1.0,0.0,0.0,0.0,0.0,0.0,0.0,0.0,0.0,0.0,0.0
1,0,1.0,0.0,0.0,0.0,0.0,0.0,0.0,0.0,0.0,0.0,0.0
1,0,1.0,0.0,0.0,0.0,0.0,0.0,0.0,0.0,0.0,0.0,0.0
1,0,1.0,0.0,0.0,0.0,0.0,0.0,0.0,0.0,0.0,0.0,0.0
1,0,1.0,0.0,0.0,0.0,0.0,0.0,0.0,0.0,0.0,0.0,0.0
1,0,1.0,0.0,0.0,0.0,0.0,0.0,0.0,0.0,0.0,0.0,0.0
1,0,1.0,0.0,0.0,0.0,0.0,0.0,0.0,0.0,0.0,0.0,0.0
1,0,1.0,0.0,0.0,0.0,0.0,0.0,0.0,0.0,0.0,0.0,0.0
1,0,1.0,0.0,0.0,0.0,0.0,0.0,0.0,0.0,0.0,0.0,0.0
1,0,1.0,0.0,0.0,0.0,0.0,0.0,0.0,0.0,0.0,0.0,0.0
1,0,1.0,0.0,0.0,0.0,0.0,0.0,0.0,0.0,0.0,0.0,0.0
1,0,1.0,0.0,0.0,0.0,0.0,0.0,0.0,0.0,0.0,0.0,0.0
1,0,1.0,0.0,0.0,0.0,0.0,0.0,0.0,0.0,0.0,0.0,0.0
1,0,1.0,0.0,0.0,0.0,0.0,0.0,0.0,0.0,0.0,0.0,0.0
1,0,1.0,0.0,0.0,0.0,0.0,0.0,0.0,0.0,0.0,0.0,0.0
1,0,1.0,0.0,0.0,0.0,0.0,0.0,0.0,0.0,0.0,0.0,0.0
1,0,1.0,0.0,0.0,0.0,0.0,0.0,0.0,0.0,0.0,0.0,0.0
1,0,1.0,0.0,0.0,0.0,0.0,0.0,0.0,0.0,0.0,0.0,0.0
1,0,1.0,0.0,0.0,0.0,0.0,0.0,0.0,0.0,0.0,0.0,0.0
1,0,1.0,0.0,0.0,0.0,0.0,0.0,0.0,0.0,0.0,0.0,0.0
1,0,1.0,0.0,0.0,0.0,0.0,0.0,0.0,0.0,0.0,0.0,0.0
1,0,1.0,0.0,0.0,0.0,0.0,0.0,0.0,0.0,0.0,0.0,0.0
1,0,1.0,0.0,0.0,0.0,0.0,0.0,0.0,0.0,0.0,0.0,0.0
1,0,1.0,0.0,0.0,0.0,0.0,0.0,0.0,0.0,0.0,0.0,0.0
1,0,1.0,0.0,0.0,0.0,0.0,0.0,0.0,0.0,0.0,0.0,0.0
1,0,1.0,0.0,0.0,0.0,0.0,0.0,0.0,0.0,0.0,0.0,0.0
1,0,1.0,0.0,0.0,0.0,0.0,0.0,0.0,0.0,0.0,0.0,0.0
1,0,1.0,0.0,0.0,0.0,0.0,0.0,0.0,0.0,0.0,0.0,0.0
1,0,1.0,0.0,0.0,0.0,0.0,0.0,0.0,0.0,0.0,0.0,0.0
1,0,1.0,0.0,0.0,0.0,0.0,0.0,0.0,0.0,0.0,0.0,0.0
1,0,1.0,0.0,0.0,0.0,0.0,0.0,0.0,0.0,0.0,0.0,0.0
1,0,1.0,0.0,0.0,0.0,0.0,0.0,0.0,0.0,0.0,0.0,0.0
1,0,1.0,0.0,0.0,0.0,0.0,0.0,0.0,0.0,0.0,0.0,0.0
1,0,1.0,0.0,0.0,0.0,0.0,0.0,0.0,0.0,0.0,0.0,0.0
1,0,1.0,0.0,0.0,0.0,0.0,0.0,0.0,0.0,0.0,0.0,0.0
1,0,1.0,0.0,0.0,0.0,0.0,0.0,0.0,0.0,0.0,0.0,0.0
1,0,1.0,0.0,0.0,0.0,0.0,0.0,0.0,0.0,0.0,0.0,0.0
1,0,1.0,0.0,0.0,0.0,0.0,0.0,0.0,0.0,0.0,0.0,0.0
1,0,1.0,0.0,0.0,0.0,0.0,0.0,0.0,0.0,0.0,0.0,0.0
1,0,1.0,0.0,0.0,0.0,0.0,0.0,0.0,0.0,0.0,0.0,0.0
1,0,1.0,0.0,0.0,0.0,0.0,0.0,0.0,0.0,0.0,0.0,0.0
1,0,1.0,0.0,0.0,0.0,0.0,0.0,0.0,0.0,0.0,0.0,0.0
1,0,1.0,0.0,0.0,0.0,0.0,0.0,0.0,0.0,0.0,0.0,0.0
1,0,1.0,0.0,0.0,0.0,0.0,0.0,0.0,0.0,0.0,0.0,0.0
1,0,1.0,0.0,0.0,0.0,0.0,0.0,0.0,0.0,0.0,0.0,0.0
1,0,1.0,0.0,0.0,0.0,0.0,0.0,0.0,0.0,0.0,0.0,0.0
1,0,1.0,0.0,0.0,0.0,0.0,0.0,0.0,0.0,0.0,0.0,0.0
1,0,1.0,0.0,0.0,0.0,0.0,0.0,0.0,0.0,0.0,0.0,0.0
1,0,1.0,0.0,0.0,0.0,0.0,0.0,0.0,0.0,0.0,0.0,0.0
1,0,1.0,0.0,0.0,0.0,0.0,0.0,0.0,0.0,0.0,0.0,0.0
1,0,1.0,0.0,0.0,0.0,0.0,0.0,0.0,0.0,0.0,0.0,0.0
1,0,1.0,0.0,0.0,0.0,0.0,0.0,0.0,0.0,0.0,0.0,0.0
1,0,1.0,0.0,0.0,0.0,0.0,0.0,0.0,0.0,0.0,0.0,0.0
1,0,1.0,0.0,0.0,0.0,0.0,0.0,0.0,0.0,0.0,0.0,0.0
1,0,1.0,0.0,0.0,0.0,0.0,0.0,0.0,0.0,0.0,0.0,0.0
1,0,1.0,0.0,0.0,0.0,0.0,0.0,0.0,0.0,0.0,0.0,0.0
1,0,1.0,0.0,0.0,0.0,0.0,0.0,0.0,0.0,0.0,0.0,0.0
1,0,1.0,0.0,0.0,0.0,0.0,0.0,0.0,0.0,0.0,0.0,0.0
1,0,1.0,0.0,0.0,0.0,0.0,0.0,0.0,0.0,0.0,0.0,0.0
1,0,1.0,0.0,0.0,0.0,0.0,0.0,0.0,0.0,0.0,0.0,0.0
1,0,1.0,0.0,0.0,0.0,0.0,0.0,0.0,0.0,0.0,0.0,0.0
1,0,1.0,0.0,0.0,0.0,0.0,0.0,0.0,0.0,0.0,0.0,0.0
1,0,1.0,0.0,0.0,0.0,0.0,0.0,0.0,0.0,0.0,0.0,0.0
1,0,1.0,0.0,0.0,0.0,0.0,0.0,0.0,0.0,0.0,0.0,0.0
1,0,1.0,0.0,0.0,0.0,0.0,0.0,0.0,0.0,0.0,0.0,0.0
1,0,1.0,0.0,0.0,0.0,0.0,0.0,0.0,0.0,0.0,0.0,0.0
1,0,1.0,0.0,0.0,0.0,0.0,0.0,0.0,0.0,0.0,0.0,0.0
1,0,1.0,0.0,0.0,0.0,0.0,0.0,0.0,0.0,0.0,0.0,0.0
1,0,1.0,0.0,0.0,0.0,0.0,0.0,0.0,0.0,0.0,0.0,0.0
1,0,1.0,0.0,0.0,0.0,0.0,0.0,0.0,0.0,0.0,0.0,0.0
1,0,1.0,0.0,0.0,0.0,0.0,0.0,0.0,0.0,0.0,0.0,0.0
1,0,1.0,0.0,0.0,0.0,0.0,0.0,0.0,0.0,0.0,0.0,0.0
1,0,1.0,0.0,0.0,0.0,0.0,0.0,0.0,0.0,0.0,0.0,0.0
1,0,1.0,0.0,0.0,0.0,0.0,0.0,0.0,0.0,0.0,0.0,0.0
1,0,1.0,0.0,0.0,0.0,0.0,0.0,0.0,0.0,0.0,0.0,0.0
1,0,1.0,0.0,0.0,0.0,0.0,0.0,0.0,0.0,0.0,0.0,0.0
1,0,1.0,0.0,0.0,0.0,0.0,0.0,0.0,0.0,0.0,0.0,0.0
1,0,1.0,0.0,0.0,0.0,0.0,0.0,0.0,0.0,0.0,0.0,0.0
1,0,1.0,0.0,0.0,0.0,0.0,0.0,0.0,0.0,0.0,0.0,0.0
1,0,1.0,0.0,0.0,0.0,0.0,0.0,0.0,0.0,0.0,0.0,0.0
1,0,1.0,0.0,0.0,0.0,0.0,0.0,0.0,0.0,0.0,0.0,0.0
1,0,1.0,0.0,0.0,0.0,0.0,0.0,0.0,0.0,0.0,0.0,0.0
1,0,1.0,0.0,0.0,0.0,0.0,0.0,0.0,0.0,0.0,0.0,0.0
1,0,1.0,0.0,0.0,0.0,0.0,0.0,0.0,0.0,0.0,0.0,0.0
1,0,1.0,0.0,0.0,0.0,0.0,0.0,0.0,0.0,0.0,0.0,0.0
1,0,1.0,0.0,0.0,0.0,0.0,0.0,0.0,0.0,0.0,0.0,0.0
1,0,1.0,0.0,0.0,0.0,0.0,0.0,0.0,0.0,0.0,0.0,0.0
1,0,1.0,0.0,0.0,0.0,0.0,0.0,0.0,0.0,0.0,0.0,0.0
1,0,1.0,0.0,0.0,0.0,0.0,0.0,0.0,0.0,0.0,0.0,0.0
1,0,1.0,0.0,0.0,0.0,0.0,0.0,0.0,0.0,0.0,0.0,0.0
1,0,1.0,0.0,0.0,0.0,0.0,0.0,0.0,0.0,0.0,0.0,0.0
1,0,1.0,0.0,0.0,0.0,0.0,0.0,0.0,0.0,0.0,0.0,0.0
1,0,1.0,0.0,0.0,0.0,0.0,0.0,0.0,0.0,0.0,0.0,0.0
1,0,1.0,0.0,0.0,0.0,0.0,0.0,0.0,0.0,0.0,0.0,0.0
1,0,1.0,0.0,0.0,0.0,0.0,0.0,0.0,0.0,0.0,0.0,0.0
1,0,1.0,0.0,0.0,0.0,0.0,0.0,0.0,0.0,0.0,0.0,0.0
1,0,1.0,0.0,0.0,0.0,0.0,0.0,0.0,0.0,0.0,0.0,0.0
1,0,1.0,0.0,0.0,0.0,0.0,0.0,0.0,0.0,0.0,0.0,0.0
1,0,1.0,0.0,0.0,0.0,0.0,0.0,0.0,0.0,0.0,0.0,0.0
1,0,1.0,0.0,0.0,0.0,0.0,0.0,0.0,0.0,0.0,0.0,0.0
1,0,1.0,0.0,0.0,0.0,0.0,0.0,0.0,0.0,0.0,0.0,0.0
1,0,1.0,0.0,0.0,0.0,0.0,0.0,0.0,0.0,0.0,0.0,0.0
1,0,1.0,0.0,0.0,0.0,0.0,0.0,0.0,0.0,0.0,0.0,0.0
1,0,1.0,0.0,0.0,0.0,0.0,0.0,0.0,0.0,0.0,0.0,0.0
1,0,1.0,0.0,0.0,0.0,0.0,0.0,0.0,0.0,0.0,0.0,0.0
1,0,1.0,0.0,0.0,0.0,0.0,0.0,0.0,0.0,0.0,0.0,0.0
1,0,1.0,0.0,0.0,0.0,0.0,0.0,0.0,0.0,0.0,0.0,0.0
1,0,1.0,0.0,0.0,0.0,0.0,0.0,0.0,0.0,0.0,0.0,0.0
1,0,1.0,0.0,0.0,0.0,0.0,0.0,0.0,0.0,0.0,0.0,0.0
1,0,1.0,0.0,0.0,0.0,0.0,0.0,0.0,0.0,0.0,0.0,0.0
1,0,1.0,0.0,0.0,0.0,0.0,0.0,0.0,0.0,0.0,0.0,0.0
1,0,1.0,0.0,0.0,0.0,0.0,0.0,0.0,0.0,0.0,0.0,0.0
1,0,1.0,0.0,0.0,0.0,0.0,0.0,0.0,0.0,0.0,0.0,0.0
1,0,1.0,0.0,0.0,0.0,0.0,0.0,0.0,0.0,0.0,0.0,0.0
1,0,1.0,0.0,0.0,0.0,0.0,0.0,0.0,0.0,0.0,0.0,0.0
1,0,1.0,0.0,0.0,0.0,0.0,0.0,0.0,0.0,0.0,0.0,0.0
1,0,1.0,0.0,0.0,0.0,0.0,0.0,0.0,0.0,0.0,0.0,0.0
1,0,1.0,0.0,0.0,0.0,0.0,0.0,0.0,0.0,0.0,0.0,0.0
1,0,1.0,0.0,0.0,0.0,0.0,0.0,0.0,0.0,0.0,0.0,0.0
1,0,1.0,0.0,0.0,0.0,0.0,0.0,0.0,0.0,0.0,0.0,0.0
1,0,1.0,0.0,0.0,0.0,0.0,0.0,0.0,0.0,0.0,0.0,0.0
1,0,1.0,0.0,0.0,0.0,0.0,0.0,0.0,0.0,0.0,0.0,0.0
1,0,1.0,0.0,0.0,0.0,0.0,0.0,0.0,0.0,0.0,0.0,0.0
1,0,1.0,0.0,0.0,0.0,0.0,0.0,0.0,0.0,0.0,0.0,0.0
1,0,1.0,0.0,0.0,0.0,0.0,0.0,0.0,0.0,0.0,0.0,0.0
1,0,1.0,0.0,0.0,0.0,0.0,0.0,0.0,0.0,0.0,0.0,0.0
1,0,1.0,0.0,0.0,0.0,0.0,0.0,0.0,0.0,0.0,0.0,0.0
1,0,1.0,0.0,0.0,0.0,0.0,0.0,0.0,0.0,0.0,0.0,0.0
1,0,1.0,0.0,0.0,0.0,0.0,0.0,0.0,0.0,0.0,0.0,0.0
1,0,1.0,0.0,0.0,0.0,0.0,0.0,0.0,0.0,0.0,0.0,0.0
1,0,1.0,0.0,0.0,0.0,0.0,0.0,0.0,0.0,0.0,0.0,0.0
1,0,1.0,0.0,0.0,0.0,0.0,0.0,0.0,0.0,0.0,0.0,0.0
1,0,1.0,0.0,0.0,0.0,0.0,0.0,0.0,0.0,0.0,0.0,0.0
1,0,1.0,0.0,0.0,0.0,0.0,0.0,0.0,0.0,0.0,0.0,0.0
1,0,1.0,0.0,0.0,0.0,0.0,0.0,0.0,0.0,0.0,0.0,0.0
1,0,1.0,0.0,0.0,0.0,0.0,0.0,0.0,0.0,0.0,0.0,0.0
1,0,1.0,0.0,0.0,0.0,0.0,0.0,0.0,0.0,0.0,0.0,0.0
1,0,1.0,0.0,0.0,0.0,0.0,0.0,0.0,0.0,0.0,0.0,0.0
1,0,1.0,0.0,0.0,0.0,0.0,0.0,0.0,0.0,0.0,0.0,0.0
1,0,1.0,0.0,0.0,0.0,0.0,0.0,0.0,0.0,0.0,0.0,0.0
1,0,1.0,0.0,0.0,0.0,0.0,0.0,0.0,0.0,0.0,0.0,0.0
1,0,1.0,0.0,0.0,0.0,0.0,0.0,0.0,0.0,0.0,0.0,0.0
1,0,1.0,0.0,0.0,0.0,0.0,0.0,0.0,0.0,0.0,0.0,0.0
1,0,1.0,0.0,0.0,0.0,0.0,0.0,0.0,0.0,0.0,0.0,0.0
1,0,1.0,0.0,0.0,0.0,0.0,0.0,0.0,0.0,0.0,0.0,0.0
1,0,1.0,0.0,0.0,0.0,0.0,0.0,0.0,0.0,0.0,0.0,0.0
1,0,1.0,0.0,0.0,0.0,0.0,0.0,0.0,0.0,0.0,0.0,0.0
1,0,1.0,0.0,0.0,0.0,0.0,0.0,0.0,0.0,0.0,0.0,0.0
1,0,1.0,0.0,0.0,0.0,0.0,0.0,0.0,0.0,0.0,0.0,0.0
1,0,1.0,0.0,0.0,0.0,0.0,0.0,0.0,0.0,0.0,0.0,0.0
1,0,1.0,0.0,0.0,0.0,0.0,0.0,0.0,0.0,0.0,0.0,0.0
1,0,1.0,0.0,0.0,0.0,0.0,0.0,0.0,0.0,0.0,0.0,0.0
1,0,1.0,0.0,0.0,0.0,0.0,0.0,0.0,0.0,0.0,0.0,0.0
1,0,1.0,0.0,0.0,0.0,0.0,0.0,0.0,0.0,0.0,0.0,0.0
1,0,1.0,0.0,0.0,0.0,0.0,0.0,0.0,0.0,0.0,0.0,0.0
1,0,1.0,0.0,0.0,0.0,0.0,0.0,0.0,0.0,0.0,0.0,0.0
1,0,1.0,0.0,0.0,0.0,0.0,0.0,0.0,0.0,0.0,0.0,0.0
1,0,1.0,0.0,0.0,0.0,0.0,0.0,0.0,0.0,0.0,0.0,0.0
1,0,1.0,0.0,0.0,0.0,0.0,0.0,0.0,0.0,0.0,0.0,0.0
1,0,1.0,0.0,0.0,0.0,0.0,0.0,0.0,0.0,0.0,0.0,0.0
1,0,1.0,0.0,0.0,0.0,0.0,0.0,0.0,0.0,0.0,0.0,0.0
1,0,1.0,0.0,0.0,0.0,0.0,0.0,0.0,0.0,0.0,0.0,0.0
1,0,1.0,0.0,0.0,0.0,0.0,0.0,0.0,0.0,0.0,0.0,0.0
1,0,1.0,0.0,0.0,0.0,0.0,0.0,0.0,0.0,0.0,0.0,0.0
1,0,1.0,0.0,0.0,0.0,0.0,0.0,0.0,0.0,0.0,0.0,0.0
1,0,1.0,0.0,0.0,0.0,0.0,0.0,0.0,0.0,0.0,0.0,0.0
1,0,1.0,0.0,0.0,0.0,0.0,0.0,0.0,0.0,0.0,0.0,0.0
1,0,1.0,0.0,0.0,0.0,0.0,0.0,0.0,0.0,0.0,0.0,0.0
1,0,1.0,0.0,0.0,0.0,0.0,0.0,0.0,0.0,0.0,0.0,0.0
1,0,1.0,0.0,0.0,0.0,0.0,0.0,0.0,0.0,0.0,0.0,0.0
1,0,1.0,0.0,0.0,0.0,0.0,0.0,0.0,0.0,0.0,0.0,0.0
1,0,1.0,0.0,0.0,0.0,0.0,0.0,0.0,0.0,0.0,0.0,0.0
1,0,1.0,0.0,0.0,0.0,0.0,0.0,0.0,0.0,0.0,0.0,0.0
1,0,1.0,0.0,0.0,0.0,0.0,0.0,0.0,0.0,0.0,0.0,0.0
1,0,1.0,0.0,0.0,0.0,0.0,0.0,0.0,0.0,0.0,0.0,0.0
1,0,1.0,0.0,0.0,0.0,0.0,0.0,0.0,0.0,0.0,0.0,0.0
1,0,1.0,0.0,0.0,0.0,0.0,0.0,0.0,0.0,0.0,0.0,0.0
1,0,1.0,0.0,0.0,0.0,0.0,0.0,0.0,0.0,0.0,0.0,0.0
1,0,1.0,0.0,0.0,0.0,0.0,0.0,0.0,0.0,0.0,0.0,0.0
1,0,1.0,0.0,0.0,0.0,0.0,0.0,0.0,0.0,0.0,0.0,0.0
1,0,1.0,0.0,0.0,0.0,0.0,0.0,0.0,0.0,0.0,0.0,0.0
1,0,1.0,0.0,0.0,0.0,0.0,0.0,0.0,0.0,0.0,0.0,0.0
1,0,1.0,0.0,0.0,0.0,0.0,0.0,0.0,0.0,0.0,0.0,0.0
1,0,1.0,0.0,0.0,0.0,0.0,0.0,0.0,0.0,0.0,0.0,0.0
1,0,1.0,0.0,0.0,0.0,0.0,0.0,0.0,0.0,0.0,0.0,0.0
1,0,1.0,0.0,0.0,0.0,0.0,0.0,0.0,0.0,0.0,0.0,0.0
1,0,1.0,0.0,0.0,0.0,0.0,0.0,0.0,0.0,0.0,0.0,0.0
1,0,1.0,0.0,0.0,0.0,0.0,0.0,0.0,0.0,0.0,0.0,0.0
1,0,1.0,0.0,0.0,0.0,0.0,0.0,0.0,0.0,0.0,0.0,0.0
1,0,1.0,0.0,0.0,0.0,0.0,0.0,0.0,0.0,0.0,0.0,0.0
1,0,1.0,0.0,0.0,0.0,0.0,0.0,0.0,0.0,0.0,0.0,0.0
1,0,1.0,0.0,0.0,0.0,0.0,0.0,0.0,0.0,0.0,0.0,0.0
1,0,1.0,0.0,0.0,0.0,0.0,0.0,0.0,0.0,0.0,0.0,0.0
1,0,1.0,0.0,0.0,0.0,0.0,0.0,0.0,0.0,0.0,0.0,0.0
1,0,1.0,0.0,0.0,0.0,0.0,0.0,0.0,0.0,0.0,0.0,0.0
1,0,1.0,0.0,0.0,0.0,0.0,0.0,0.0,0.0,0.0,0.0,0.0
1,0,1.0,0.0,0.0,0.0,0.0,0.0,0.0,0.0,0.0,0.0,0.0
1,0,1.0,0.0,0.0,0.0,0.0,0.0,0.0,0.0,0.0,0.0,0.0
1,0,1.0,0.0,0.0,0.0,0.0,0.0,0.0,0.0,0.0,0.0,0.0
1,0,1.0,0.0,0.0,0.0,0.0,0.0,0.0,0.0,0.0,0.0,0.0
1,0,1.0,0.0,0.0,0.0,0.0,0.0,0.0,0.0,0.0,0.0,0.0
1,0,1.0,0.0,0.0,0.0,0.0,0.0,0.0,0.0,0.0,0.0,0.0
1,0,1.0,0.0,0.0,0.0,0.0,0.0,0.0,0.0,0.0,0.0,0.0
1,0,1.0,0.0,0.0,0.0,0.0,0.0,0.0,0.0,0.0,0.0,0.0
1,0,1.0,0.0,0.0,0.0,0.0,0.0,0.0,0.0,0.0,0.0,0.0
1,0,1.0,0.0,0.0,0.0,0.0,0.0,0.0,0.0,0.0,0.0,0.0
1,0,1.0,0.0,0.0,0.0,0.0,0.0,0.0,0.0,0.0,0.0,0.0
1,0,1.0,0.0,0.0,0.0,0.0,0.0,0.0,0.0,0.0,0.0,0.0
1,0,1.0,0.0,0.0,0.0,0.0,0.0,0.0,0.0,0.0,0.0,0.0
1,0,1.0,0.0,0.0,0.0,0.0,0.0,0.0,0.0,0.0,0.0,0.0
1,0,1.0,0.0,0.0,0.0,0.0,0.0,0.0,0.0,0.0,0.0,0.0
1,0,1.0,0.0,0.0,0.0,0.0,0.0,0.0,0.0,0.0,0.0,0.0
1,0,1.0,0.0,0.0,0.0,0.0,0.0,0.0,0.0,0.0,0.0,0.0
1,0,1.0,0.0,0.0,0.0,0.0,0.0,0.0,0.0,0.0,0.0,0.0
1,0,1.0,0.0,0.0,0.0,0.0,0.0,0.0,0.0,0.0,0.0,0.0
1,0,1.0,0.0,0.0,0.0,0.0,0.0,0.0,0.0,0.0,0.0,0.0
1,0,1.0,0.0,0.0,0.0,0.0,0.0,0.0,0.0,0.0,0.0,0.0
1,0,1.0,0.0,0.0,0.0,0.0,0.0,0.0,0.0,0.0,0.0,0.0
1,0,1.0,0.0,0.0,0.0,0.0,0.0,0.0,0.0,0.0,0.0,0.0
1,0,1.0,0.0,0.0,0.0,0.0,0.0,0.0,0.0,0.0,0.0,0.0
1,0,1.0,0.0,0.0,0.0,0.0,0.0,0.0,0.0,0.0,0.0,0.0
1,0,1.0,0.0,0.0,0.0,0.0,0.0,0.0,0.0,0.0,0.0,0.0
1,0,1.0,0.0,0.0,0.0,0.0,0.0,0.0,0.0,0.0,0.0,0.0
1,0,1.0,0.0,0.0,0.0,0.0,0.0,0.0,0.0,0.0,0.0,0.0
1,0,1.0,0.0,0.0,0.0,0.0,0.0,0.0,0.0,0.0,0.0,0.0
1,0,1.0,0.0,0.0,0.0,0.0,0.0,0.0,0.0,0.0,0.0,0.0
1,0,1.0,0.0,0.0,0.0,0.0,0.0,0.0,0.0,0.0,0.0,0.0
1,0,1.0,0.0,0.0,0.0,0.0,0.0,0.0,0.0,0.0,0.0,0.0
1,0,1.0,0.0,0.0,0.0,0.0,0.0,0.0,0.0,0.0,0.0,0.0
1,0,1.0,0.0,0.0,0.0,0.0,0.0,0.0,0.0,0.0,0.0,0.0
1,0,1.0,0.0,0.0,0.0,0.0,0.0,0.0,0.0,0.0,0.0,0.0
1,0,1.0,0.0,0.0,0.0,0.0,0.0,0.0,0.0,0.0,0.0,0.0
1,0,1.0,0.0,0.0,0.0,0.0,0.0,0.0,0.0,0.0,0.0,0.0
1,0,1.0,0.0,0.0,0.0,0.0,0.0,0.0,0.0,0.0,0.0,0.0
1,0,1.0,0.0,0.0,0.0,0.0,0.0,0.0,0.0,0.0,0.0,0.0
1,0,1.0,0.0,0.0,0.0,0.0,0.0,0.0,0.0,0.0,0.0,0.0
1,0,1.0,0.0,0.0,0.0,0.0,0.0,0.0,0.0,0.0,0.0,0.0
1,0,1.0,0.0,0.0,0.0,0.0,0.0,0.0,0.0,0.0,0.0,0.0
1,0,1.0,0.0,0.0,0.0,0.0,0.0,0.0,0.0,0.0,0.0,0.0
1,0,1.0,0.0,0.0,0.0,0.0,0.0,0.0,0.0,0.0,0.0,0.0
1,0,1.0,0.0,0.0,0.0,0.0,0.0,0.0,0.0,0.0,0.0,0.0
1,0,1.0,0.0,0.0,0.0,0.0,0.0,0.0,0.0,0.0,0.0,0.0
1,0,1.0,0.0,0.0,0.0,0.0,0.0,0.0,0.0,0.0,0.0,0.0
1,0,1.0,0.0,0.0,0.0,0.0,0.0,0.0,0.0,0.0,0.0,0.0
1,0,1.0,0.0,0.0,0.0,0.0,0.0,0.0,0.0,0.0,0.0,0.0
1,0,1.0,0.0,0.0,0.0,0.0,0.0,0.0,0.0,0.0,0.0,0.0
1,0,1.0,0.0,0.0,0.0,0.0,0.0,0.0,0.0,0.0,0.0,0.0
1,0,1.0,0.0,0.0,0.0,0.0,0.0,0.0,0.0,0.0,0.0,0.0
1,0,1.0,0.0,0.0,0.0,0.0,0.0,0.0,0.0,0.0,0.0,0.0
1,0,1.0,0.0,0.0,0.0,0.0,0.0,0.0,0.0,0.0,0.0,0.0
1,0,1.0,0.0,0.0,0.0,0.0,0.0,0.0,0.0,0.0,0.0,0.0
1,0,1.0,0.0,0.0,0.0,0.0,0.0,0.0,0.0,0.0,0.0,0.0
1,0,1.0,0.0,0.0,0.0,0.0,0.0,0.0,0.0,0.0,0.0,0.0
1,0,1.0,0.0,0.0,0.0,0.0,0.0,0.0,0.0,0.0,0.0,0.0
1,0,1.0,0.0,0.0,0.0,0.0,0.0,0.0,0.0,0.0,0.0,0.0
1,0,1.0,0.0,0.0,0.0,0.0,0.0,0.0,0.0,0.0,0.0,0.0
1,0,1.0,0.0,0.0,0.0,0.0,0.0,0.0,0.0,0.0,0.0,0.0
1,0,1.0,0.0,0.0,0.0,0.0,0.0,0.0,0.0,0.0,0.0,0.0
1,0,1.0,0.0,0.0,0.0,0.0,0.0,0.0,0.0,0.0,0.0,0.0
1,0,1.0,0.0,0.0,0.0,0.0,0.0,0.0,0.0,0.0,0.0,0.0
1,0,1.0,0.0,0.0,0.0,0.0,0.0,0.0,0.0,0.0,0.0,0.0
1,0,1.0,0.0,0.0,0.0,0.0,0.0,0.0,0.0,0.0,0.0,0.0
1,0,1.0,0.0,0.0,0.0,0.0,0.0,0.0,0.0,0.0,0.0,0.0
1,0,1.0,0.0,0.0,0.0,0.0,0.0,0.0,0.0,0.0,0.0,0.0
1,0,1.0,0.0,0.0,0.0,0.0,0.0,0.0,0.0,0.0,0.0,0.0
1,0,1.0,0.0,0.0,0.0,0.0,0.0,0.0,0.0,0.0,0.0,0.0
1,0,1.0,0.0,0.0,0.0,0.0,0.0,0.0,0.0,0.0,0.0,0.0
1,0,1.0,0.0,0.0,0.0,0.0,0.0,0.0,0.0,0.0,0.0,0.0
1,0,1.0,0.0,0.0,0.0,0.0,0.0,0.0,0.0,0.0,0.0,0.0
1,0,1.0,0.0,0.0,0.0,0.0,0.0,0.0,0.0,0.0,0.0,0.0
1,0,1.0,0.0,0.0,0.0,0.0,0.0,0.0,0.0,0.0,0.0,0.0
1,0,1.0,0.0,0.0,0.0,0.0,0.0,0.0,0.0,0.0,0.0,0.0
1,0,1.0,0.0,0.0,0.0,0.0,0.0,0.0,0.0,0.0,0.0,0.0
1,0,1.0,0.0,0.0,0.0,0.0,0.0,0.0,0.0,0.0,0.0,0.0
1,0,1.0,0.0,0.0,0.0,0.0,0.0,0.0,0.0,0.0,0.0,0.0
1,0,1.0,0.0,0.0,0.0,0.0,0.0,0.0,0.0,0.0,0.0,0.0
1,0,1.0,0.0,0.0,0.0,0.0,0.0,0.0,0.0,0.0,0.0,0.0
1,0,1.0,0.0,0.0,0.0,0.0,0.0,0.0,0.0,0.0,0.0,0.0
1,0,1.0,0.0,0.0,0.0,0.0,0.0,0.0,0.0,0.0,0.0,0.0
1,0,1.0,0.0,0.0,0.0,0.0,0.0,0.0,0.0,0.0,0.0,0.0
1,0,1.0,0.0,0.0,0.0,0.0,0.0,0.0,0.0,0.0,0.0,0.0
1,0,1.0,0.0,0.0,0.0,0.0,0.0,0.0,0.0,0.0,0.0,0.0
1,0,1.0,0.0,0.0,0.0,0.0,0.0,0.0,0.0,0.0,0.0,0.0
1,0,1.0,0.0,0.0,0.0,0.0,0.0,0.0,0.0,0.0,0.0,0.0
1,0,1.0,0.0,0.0,0.0,0.0,0.0,0.0,0.0,0.0,0.0,0.0
1,0,1.0,0.0,0.0,0.0,0.0,0.0,0.0,0.0,0.0,0.0,0.0
1,0,1.0,0.0,0.0,0.0,0.0,0.0,0.0,0.0,0.0,0.0,0.0
1,0,1.0,0.0,0.0,0.0,0.0,0.0,0.0,0.0,0.0,0.0,0.0
1,0,1.0,0.0,0.0,0.0,0.0,0.0,0.0,0.0,0.0,0.0,0.0
1,0,1.0,0.0,0.0,0.0,0.0,0.0,0.0,0.0,0.0,0.0,0.0
1,0,1.0,0.0,0.0,0.0,0.0,0.0,0.0,0.0,0.0,0.0,0.0
1,0,1.0,0.0,0.0,0.0,0.0,0.0,0.0,0.0,0.0,0.0,0.0
1,0,1.0,0.0,0.0,0.0,0.0,0.0,0.0,0.0,0.0,0.0,0.0
1,0,1.0,0.0,0.0,0.0,0.0,0.0,0.0,0.0,0.0,0.0,0.0
1,0,1.0,0.0,0.0,0.0,0.0,0.0,0.0,0.0,0.0,0.0,0.0
1,0,1.0,0.0,0.0,0.0,0.0,0.0,0.0,0.0,0.0,0.0,0.0
1,0,1.0,0.0,0.0,0.0,0.0,0.0,0.0,0.0,0.0,0.0,0.0
1,0,1.0,0.0,0.0,0.0,0.0,0.0,0.0,0.0,0.0,0.0,0.0
1,0,1.0,0.0,0.0,0.0,0.0,0.0,0.0,0.0,0.0,0.0,0.0
1,0,1.0,0.0,0.0,0.0,0.0,0.0,0.0,0.0,0.0,0.0,0.0
1,0,1.0,0.0,0.0,0.0,0.0,0.0,0.0,0.0,0.0,0.0,0.0
1,0,1.0,0.0,0.0,0.0,0.0,0.0,0.0,0.0,0.0,0.0,0.0
1,0,1.0,0.0,0.0,0.0,0.0,0.0,0.0,0.0,0.0,0.0,0.0
1,0,1.0,0.0,0.0,0.0,0.0,0.0,0.0,0.0,0.0,0.0,0.0
1,0,1.0,0.0,0.0,0.0,0.0,0.0,0.0,0.0,0.0,0.0,0.0
1,0,1.0,0.0,0.0,0.0,0.0,0.0,0.0,0.0,0.0,0.0,0.0
1,0,1.0,0.0,0.0,0.0,0.0,0.0,0.0,0.0,0.0,0.0,0.0
1,0,1.0,0.0,0.0,0.0,0.0,0.0,0.0,0.0,0.0,0.0,0.0
1,0,1.0,0.0,0.0,0.0,0.0,0.0,0.0,0.0,0.0,0.0,0.0
1,0,1.0,0.0,0.0,0.0,0.0,0.0,0.0,0.0,0.0,0.0,0.0
1,0,1.0,0.0,0.0,0.0,0.0,0.0,0.0,0.0,0.0,0.0,0.0
1,0,1.0,0.0,0.0,0.0,0.0,0.0,0.0,0.0,0.0,0.0,0.0
1,0,1.0,0.0,0.0,0.0,0.0,0.0,0.0,0.0,0.0,0.0,0.0
1,0,1.0,0.0,0.0,0.0,0.0,0.0,0.0,0.0,0.0,0.0,0.0
1,0,1.0,0.0,0.0,0.0,0.0,0.0,0.0,0.0,0.0,0.0,0.0
1,0,1.0,0.0,0.0,0.0,0.0,0.0,0.0,0.0,0.0,0.0,0.0
1,0,1.0,0.0,0.0,0.0,0.0,0.0,0.0,0.0,0.0,0.0,0.0
1,0,1.0,0.0,0.0,0.0,0.0,0.0,0.0,0.0,0.0,0.0,0.0
1,0,1.0,0.0,0.0,0.0,0.0,0.0,0.0,0.0,0.0,0.0,0.0
1,0,1.0,0.0,0.0,0.0,0.0,0.0,0.0,0.0,0.0,0.0,0.0
1,0,1.0,0.0,0.0,0.0,0.0,0.0,0.0,0.0,0.0,0.0,0.0
1,0,1.0,0.0,0.0,0.0,0.0,0.0,0.0,0.0,0.0,0.0,0.0
1,0,1.0,0.0,0.0,0.0,0.0,0.0,0.0,0.0,0.0,0.0,0.0
1,0,1.0,0.0,0.0,0.0,0.0,0.0,0.0,0.0,0.0,0.0,0.0
1,0,1.0,0.0,0.0,0.0,0.0,0.0,0.0,0.0,0.0,0.0,0.0
1,0,1.0,0.0,0.0,0.0,0.0,0.0,0.0,0.0,0.0,0.0,0.0
1,0,1.0,0.0,0.0,0.0,0.0,0.0,0.0,0.0,0.0,0.0,0.0
1,0,1.0,0.0,0.0,0.0,0.0,0.0,0.0,0.0,0.0,0.0,0.0
1,0,1.0,0.0,0.0,0.0,0.0,0.0,0.0,0.0,0.0,0.0,0.0
1,0,1.0,0.0,0.0,0.0,0.0,0.0,0.0,0.0,0.0,0.0,0.0
1,0,1.0,0.0,0.0,0.0,0.0,0.0,0.0,0.0,0.0,0.0,0.0
1,0,1.0,0.0,0.0,0.0,0.0,0.0,0.0,0.0,0.0,0.0,0.0
1,0,1.0,0.0,0.0,0.0,0.0,0.0,0.0,0.0,0.0,0.0,0.0
1,0,1.0,0.0,0.0,0.0,0.0,0.0,0.0,0.0,0.0,0.0,0.0
1,0,1.0,0.0,0.0,0.0,0.0,0.0,0.0,0.0,0.0,0.0,0.0
1,0,1.0,0.0,0.0,0.0,0.0,0.0,0.0,0.0,0.0,0.0,0.0
1,0,1.0,0.0,0.0,0.0,0.0,0.0,0.0,0.0,0.0,0.0,0.0
1,0,1.0,0.0,0.0,0.0,0.0,0.0,0.0,0.0,0.0,0.0,0.0
1,0,1.0,0.0,0.0,0.0,0.0,0.0,0.0,0.0,0.0,0.0,0.0
1,0,1.0,0.0,0.0,0.0,0.0,0.0,0.0,0.0,0.0,0.0,0.0
1,0,1.0,0.0,0.0,0.0,0.0,0.0,0.0,0.0,0.0,0.0,0.0
1,0,1.0,0.0,0.0,0.0,0.0,0.0,0.0,0.0,0.0,0.0,0.0
1,0,1.0,0.0,0.0,0.0,0.0,0.0,0.0,0.0,0.0,0.0,0.0
1,0,1.0,0.0,0.0,0.0,0.0,0.0,0.0,0.0,0.0,0.0,0.0
1,0,1.0,0.0,0.0,0.0,0.0,0.0,0.0,0.0,0.0,0.0,0.0
1,0,1.0,0.0,0.0,0.0,0.0,0.0,0.0,0.0,0.0,0.0,0.0
1,0,1.0,0.0,0.0,0.0,0.0,0.0,0.0,0.0,0.0,0.0,0.0
1,0,1.0,0.0,0.0,0.0,0.0,0.0,0.0,0.0,0.0,0.0,0.0
1,0,1.0,0.0,0.0,0.0,0.0,0.0,0.0,0.0,0.0,0.0,0.0
1,0,1.0,0.0,0.0,0.0,0.0,0.0,0.0,0.0,0.0,0.0,0.0
1,0,1.0,0.0,0.0,0.0,0.0,0.0,0.0,0.0,0.0,0.0,0.0
1,0,1.0,0.0,0.0,0.0,0.0,0.0,0.0,0.0,0.0,0.0,0.0
1,0,1.0,0.0,0.0,0.0,0.0,0.0,0.0,0.0,0.0,0.0,0.0
1,0,1.0,0.0,0.0,0.0,0.0,0.0,0.0,0.0,0.0,0.0,0.0
1,0,1.0,0.0,0.0,0.0,0.0,0.0,0.0,0.0,0.0,0.0,0.0
1,0,1.0,0.0,0.0,0.0,0.0,0.0,0.0,0.0,0.0,0.0,0.0
1,0,1.0,0.0,0.0,0.0,0.0,0.0,0.0,0.0,0.0,0.0,0.0
1,0,1.0,0.0,0.0,0.0,0.0,0.0,0.0,0.0,0.0,0.0,0.0
1,0,1.0,0.0,0.0,0.0,0.0,0.0,0.0,0.0,0.0,0.0,0.0
1,0,1.0,0.0,0.0,0.0,0.0,0.0,0.0,0.0,0.0,0.0,0.0
1,0,1.0,0.0,0.0,0.0,0.0,0.0,0.0,0.0,0.0,0.0,0.0
1,0,1.0,0.0,0.0,0.0,0.0,0.0,0.0,0.0,0.0,0.0,0.0
1,0,1.0,0.0,0.0,0.0,0.0,0.0,0.0,0.0,0.0,0.0,0.0
1,0,1.0,0.0,0.0,0.0,0.0,0.0,0.0,0.0,0.0,0.0,0.0
1,0,1.0,0.0,0.0,0.0,0.0,0.0,0.0,0.0,0.0,0.0,0.0
1,0,1.0,0.0,0.0,0.0,0.0,0.0,0.0,0.0,0.0,0.0,0.0
1,0,1.0,0.0,0.0,0.0,0.0,0.0,0.0,0.0,0.0,0.0,0.0
1,0,1.0,0.0,0.0,0.0,0.0,0.0,0.0,0.0,0.0,0.0,0.0
1,0,1.0,0.0,0.0,0.0,0.0,0.0,0.0,0.0,0.0,0.0,0.0
1,0,1.0,0.0,0.0,0.0,0.0,0.0,0.0,0.0,0.0,0.0,0.0
1,0,1.0,0.0,0.0,0.0,0.0,0.0,0.0,0.0,0.0,0.0,0.0
1,0,1.0,0.0,0.0,0.0,0.0,0.0,0.0,0.0,0.0,0.0,0.0
1,0,1.0,0.0,0.0,0.0,0.0,0.0,0.0,0.0,0.0,0.0,0.0
1,0,1.0,0.0,0.0,0.0,0.0,0.0,0.0,0.0,0.0,0.0,0.0
1,0,1.0,0.0,0.0,0.0,0.0,0.0,0.0,0.0,0.0,0.0,0.0
1,0,1.0,0.0,0.0,0.0,0.0,0.0,0.0,0.0,0.0,0.0,0.0
1,0,1.0,0.0,0.0,0.0,0.0,0.0,0.0,0.0,0.0,0.0,0.0
1,0,1.0,0.0,0.0,0.0,0.0,0.0,0.0,0.0,0.0,0.0,0.0
1,0,1.0,0.0,0.0,0.0,0.0,0.0,0.0,0.0,0.0,0.0,0.0
1,0,1.0,0.0,0.0,0.0,0.0,0.0,0.0,0.0,0.0,0.0,0.0
1,0,1.0,0.0,0.0,0.0,0.0,0.0,0.0,0.0,0.0,0.0,0.0
1,0,1.0,0.0,0.0,0.0,0.0,0.0,0.0,0.0,0.0,0.0,0.0
1,0,1.0,0.0,0.0,0.0,0.0,0.0,0.0,0.0,0.0,0.0,0.0
1,0,1.0,0.0,0.0,0.0,0.0,0.0,0.0,0.0,0.0,0.0,0.0
1,0,1.0,0.0,0.0,0.0,0.0,0.0,0.0,0.0,0.0,0.0,0.0
1,0,1.0,0.0,0.0,0.0,0.0,0.0,0.0,0.0,0.0,0.0,0.0
1,0,1.0,0.0,0.0,0.0,0.0,0.0,0.0,0.0,0.0,0.0,0.0
1,0,1.0,0.0,0.0,0.0,0.0,0.0,0.0,0.0,0.0,0.0,0.0
1,0,1.0,0.0,0.0,0.0,0.0,0.0,0.0,0.0,0.0,0.0,0.0
1,0,1.0,0.0,0.0,0.0,0.0,0.0,0.0,0.0,0.0,0.0,0.0
1,0,1.0,0.0,0.0,0.0,0.0,0.0,0.0,0.0,0.0,0.0,0.0
1,0,1.0,0.0,0.0,0.0,0.0,0.0,0.0,0.0,0.0,0.0,0.0
1,0,1.0,0.0,0.0,0.0,0.0,0.0,0.0,0.0,0.0,0.0,0.0
1,0,1.0,0.0,0.0,0.0,0.0,0.0,0.0,0.0,0.0,0.0,0.0
1,0,1.0,0.0,0.0,0.0,0.0,0.0,0.0,0.0,0.0,0.0,0.0
1,0,1.0,0.0,0.0,0.0,0.0,0.0,0.0,0.0,0.0,0.0,0.0
1,0,1.0,0.0,0.0,0.0,0.0,0.0,0.0,0.0,0.0,0.0,0.0
1,0,1.0,0.0,0.0,0.0,0.0,0.0,0.0,0.0,0.0,0.0,0.0
1,0,1.0,0.0,0.0,0.0,0.0,0.0,0.0,0.0,0.0,0.0,0.0
1,0,1.0,0.0,0.0,0.0,0.0,0.0,0.0,0.0,0.0,0.0,0.0
1,0,1.0,0.0,0.0,0.0,0.0,0.0,0.0,0.0,0.0,0.0,0.0
1,0,1.0,0.0,0.0,0.0,0.0,0.0,0.0,0.0,0.0,0.0,0.0
1,0,1.0,0.0,0.0,0.0,0.0,0.0,0.0,0.0,0.0,0.0,0.0
1,0,1.0,0.0,0.0,0.0,0.0,0.0,0.0,0.0,0.0,0.0,0.0
1,0,1.0,0.0,0.0,0.0,0.0,0.0,0.0,0.0,0.0,0.0,0.0
1,0,1.0,0.0,0.0,0.0,0.0,0.0,0.0,0.0,0.0,0.0,0.0
1,0,1.0,0.0,0.0,0.0,0.0,0.0,0.0,0.0,0.0,0.0,0.0
1,0,1.0,0.0,0.0,0.0,0.0,0.0,0.0,0.0,0.0,0.0,0.0
1,0,1.0,0.0,0.0,0.0,0.0,0.0,0.0,0.0,0.0,0.0,0.0
1,0,1.0,0.0,0.0,0.0,0.0,0.0,0.0,0.0,0.0,0.0,0.0
1,0,1.0,0.0,0.0,0.0,0.0,0.0,0.0,0.0,0.0,0.0,0.0
1,0,1.0,0.0,0.0,0.0,0.0,0.0,0.0,0.0,0.0,0.0,0.0
1,0,1.0,0.0,0.0,0.0,0.0,0.0,0.0,0.0,0.0,0.0,0.0
1,0,1.0,0.0,0.0,0.0,0.0,0.0,0.0,0.0,0.0,0.0,0.0
1,0,1.0,0.0,0.0,0.0,0.0,0.0,0.0,0.0,0.0,0.0,0.0
1,0,1.0,0.0,0.0,0.0,0.0,0.0,0.0,0.0,0.0,0.0,0.0
1,0,1.0,0.0,0.0,0.0,0.0,0.0,0.0,0.0,0.0,0.0,0.0
1,0,1.0,0.0,0.0,0.0,0.0,0.0,0.0,0.0,0.0,0.0,0.0
1,0,1.0,0.0,0.0,0.0,0.0,0.0,0.0,0.0,0.0,0.0,0.0
1,0,1.0,0.0,0.0,0.0,0.0,0.0,0.0,0.0,0.0,0.0,0.0
1,0,1.0,0.0,0.0,0.0,0.0,0.0,0.0,0.0,0.0,0.0,0.0
1,0,1.0,0.0,0.0,0.0,0.0,0.0,0.0,0.0,0.0,0.0,0.0
1,0,1.0,0.0,0.0,0.0,0.0,0.0,0.0,0.0,0.0,0.0,0.0
1,0,1.0,0.0,0.0,0.0,0.0,0.0,0.0,0.0,0.0,0.0,0.0
1,0,1.0,0.0,0.0,0.0,0.0,0.0,0.0,0.0,0.0,0.0,0.0
1,0,1.0,0.0,0.0,0.0,0.0,0.0,0.0,0.0,0.0,0.0,0.0
1,0,1.0,0.0,0.0,0.0,0.0,0.0,0.0,0.0,0.0,0.0,0.0
1,0,1.0,0.0,0.0,0.0,0.0,0.0,0.0,0.0,0.0,0.0,0.0
1,0,1.0,0.0,0.0,0.0,0.0,0.0,0.0,0.0,0.0,0.0,0.0
1,0,1.0,0.0,0.0,0.0,0.0,0.0,0.0,0.0,0.0,0.0,0.0
1,0,1.0,0.0,0.0,0.0,0.0,0.0,0.0,0.0,0.0,0.0,0.0
1,0,1.0,0.0,0.0,0.0,0.0,0.0,0.0,0.0,0.0,0.0,0.0
1,0,1.0,0.0,0.0,0.0,0.0,0.0,0.0,0.0,0.0,0.0,0.0
1,0,1.0,0.0,0.0,0.0,0.0,0.0,0.0,0.0,0.0,0.0,0.0
1,0,1.0,0.0,0.0,0.0,0.0,0.0,0.0,0.0,0.0,0.0,0.0
1,0,1.0,0.0,0.0,0.0,0.0,0.0,0.0,0.0,0.0,0.0,0.0
1,0,1.0,0.0,0.0,0.0,0.0,0.0,0.0,0.0,0.0,0.0,0.0
1,0,1.0,0.0,0.0,0.0,0.0,0.0,0.0,0.0,0.0,0.0,0.0
1,0,1.0,0.0,0.0,0.0,0.0,0.0,0.0,0.0,0.0,0.0,0.0
1,0,1.0,0.0,0.0,0.0,0.0,0.0,0.0,0.0,0.0,0.0,0.0
1,0,1.0,0.0,0.0,0.0,0.0,0.0,0.0,0.0,0.0,0.0,0.0
1,0,1.0,0.0,0.0,0.0,0.0,0.0,0.0,0.0,0.0,0.0,0.0
1,0,1.0,0.0,0.0,0.0,0.0,0.0,0.0,0.0,0.0,0.0,0.0
1,0,1.0,0.0,0.0,0.0,0.0,0.0,0.0,0.0,0.0,0.0,0.0
1,0,1.0,0.0,0.0,0.0,0.0,0.0,0.0,0.0,0.0,0.0,0.0
1,0,1.0,0.0,0.0,0.0,0.0,0.0,0.0,0.0,0.0,0.0,0.0
1,0,1.0,0.0,0.0,0.0,0.0,0.0,0.0,0.0,0.0,0.0,0.0
1,0,1.0,0.0,0.0,0.0,0.0,0.0,0.0,0.0,0.0,0.0,0.0
1,0,1.0,0.0,0.0,0.0,0.0,0.0,0.0,0.0,0.0,0.0,0.0
1,0,1.0,0.0,0.0,0.0,0.0,0.0,0.0,0.0,0.0,0.0,0.0
1,0,1.0,0.0,0.0,0.0,0.0,0.0,0.0,0.0,0.0,0.0,0.0
1,0,1.0,0.0,0.0,0.0,0.0,0.0,0.0,0.0,0.0,0.0,0.0
1,0,1.0,0.0,0.0,0.0,0.0,0.0,0.0,0.0,0.0,0.0,0.0
1,0,1.0,0.0,0.0,0.0,0.0,0.0,0.0,0.0,0.0,0.0,0.0
1,0,1.0,0.0,0.0,0.0,0.0,0.0,0.0,0.0,0.0,0.0,0.0
1,0,1.0,0.0,0.0,0.0,0.0,0.0,0.0,0.0,0.0,0.0,0.0
1,0,1.0,0.0,0.0,0.0,0.0,0.0,0.0,0.0,0.0,0.0,0.0
1,0,1.0,0.0,0.0,0.0,0.0,0.0,0.0,0.0,0.0,0.0,0.0
1,0,1.0,0.0,0.0,0.0,0.0,0.0,0.0,0.0,0.0,0.0,0.0
1,0,1.0,0.0,0.0,0.0,0.0,0.0,0.0,0.0,0.0,0.0,0.0
1,0,1.0,0.0,0.0,0.0,0.0,0.0,0.0,0.0,0.0,0.0,0.0
1,0,1.0,0.0,0.0,0.0,0.0,0.0,0.0,0.0,0.0,0.0,0.0
1,0,1.0,0.0,0.0,0.0,0.0,0.0,0.0,0.0,0.0,0.0,0.0
1,0,1.0,0.0,0.0,0.0,0.0,0.0,0.0,0.0,0.0,0.0,0.0
1,0,1.0,0.0,0.0,0.0,0.0,0.0,0.0,0.0,0.0,0.0,0.0
1,0,1.0,0.0,0.0,0.0,0.0,0.0,0.0,0.0,0.0,0.0,0.0
1,0,1.0,0.0,0.0,0.0,0.0,0.0,0.0,0.0,0.0,0.0,0.0
1,0,1.0,0.0,0.0,0.0,0.0,0.0,0.0,0.0,0.0,0.0,0.0
1,0,1.0,0.0,0.0,0.0,0.0,0.0,0.0,0.0,0.0,0.0,0.0
1,0,1.0,0.0,0.0,0.0,0.0,0.0,0.0,0.0,0.0,0.0,0.0
1,0,1.0,0.0,0.0,0.0,0.0,0.0,0.0,0.0,0.0,0.0,0.0
1,0,1.0,0.0,0.0,0.0,0.0,0.0,0.0,0.0,0.0,0.0,0.0
1,0,1.0,0.0,0.0,0.0,0.0,0.0,0.0,0.0,0.0,0.0,0.0
1,0,1.0,0.0,0.0,0.0,0.0,0.0,0.0,0.0,0.0,0.0,0.0
1,0,1.0,0.0,0.0,0.0,0.0,0.0,0.0,0.0,0.0,0.0,0.0
1,0,1.0,0.0,0.0,0.0,0.0,0.0,0.0,0.0,0.0,0.0,0.0
1,0,1.0,0.0,0.0,0.0,0.0,0.0,0.0,0.0,0.0,0.0,0.0
1,0,1.0,0.0,0.0,0.0,0.0,0.0,0.0,0.0,0.0,0.0,0.0
1,0,1.0,0.0,0.0,0.0,0.0,0.0,0.0,0.0,0.0,0.0,0.0
1,0,1.0,0.0,0.0,0.0,0.0,0.0,0.0,0.0,0.0,0.0,0.0
1,0,1.0,0.0,0.0,0.0,0.0,0.0,0.0,0.0,0.0,0.0,0.0
1,0,1.0,0.0,0.0,0.0,0.0,0.0,0.0,0.0,0.0,0.0,0.0
1,0,1.0,0.0,0.0,0.0,0.0,0.0,0.0,0.0,0.0,0.0,0.0
1,0,1.0,0.0,0.0,0.0,0.0,0.0,0.0,0.0,0.0,0.0,0.0
1,0,1.0,0.0,0.0,0.0,0.0,0.0,0.0,0.0,0.0,0.0,0.0
1,0,1.0,0.0,0.0,0.0,0.0,0.0,0.0,0.0,0.0,0.0,0.0
1,0,1.0,0.0,0.0,0.0,0.0,0.0,0.0,0.0,0.0,0.0,0.0
1,0,1.0,0.0,0.0,0.0,0.0,0.0,0.0,0.0,0.0,0.0,0.0
1,0,1.0,0.0,0.0,0.0,0.0,0.0,0.0,0.0,0.0,0.0,0.0
1,0,1.0,0.0,0.0,0.0,0.0,0.0,0.0,0.0,0.0,0.0,0.0
1,0,1.0,0.0,0.0,0.0,0.0,0.0,0.0,0.0,0.0,0.0,0.0
1,0,1.0,0.0,0.0,0.0,0.0,0.0,0.0,0.0,0.0,0.0,0.0
1,0,1.0,0.0,0.0,0.0,0.0,0.0,0.0,0.0,0.0,0.0,0.0
1,0,1.0,0.0,0.0,0.0,0.0,0.0,0.0,0.0,0.0,0.0,0.0
1,0,1.0,0.0,0.0,0.0,0.0,0.0,0.0,0.0,0.0,0.0,0.0
1,0,1.0,0.0,0.0,0.0,0.0,0.0,0.0,0.0,0.0,0.0,0.0
1,0,1.0,0.0,0.0,0.0,0.0,0.0,0.0,0.0,0.0,0.0,0.0
1,0,1.0,0.0,0.0,0.0,0.0,0.0,0.0,0.0,0.0,0.0,0.0
1,0,1.0,0.0,0.0,0.0,0.0,0.0,0.0,0.0,0.0,0.0,0.0
1,0,1.0,0.0,0.0,0.0,0.0,0.0,0.0,0.0,0.0,0.0,0.0
1,0,1.0,0.0,0.0,0.0,0.0,0.0,0.0,0.0,0.0,0.0,0.0
1,0,1.0,0.0,0.0,0.0,0.0,0.0,0.0,0.0,0.0,0.0,0.0
1,0,1.0,0.0,0.0,0.0,0.0,0.0,0.0,0.0,0.0,0.0,0.0
1,0,1.0,0.0,0.0,0.0,0.0,0.0,0.0,0.0,0.0,0.0,0.0
1,0,1.0,0.0,0.0,0.0,0.0,0.0,0.0,0.0,0.0,0.0,0.0
1,0,1.0,0.0,0.0,0.0,0.0,0.0,0.0,0.0,0.0,0.0,0.0
1,0,1.0,0.0,0.0,0.0,0.0,0.0,0.0,0.0,0.0,0.0,0.0
1,0,1.0,0.0,0.0,0.0,0.0,0.0,0.0,0.0,0.0,0.0,0.0
1,0,1.0,0.0,0.0,0.0,0.0,0.0,0.0,0.0,0.0,0.0,0.0
1,0,1.0,0.0,0.0,0.0,0.0,0.0,0.0,0.0,0.0,0.0,0.0
1,0,1.0,0.0,0.0,0.0,0.0,0.0,0.0,0.0,0.0,0.0,0.0
1,0,1.0,0.0,0.0,0.0,0.0,0.0,0.0,0.0,0.0,0.0,0.0
1,0,1.0,0.0,0.0,0.0,0.0,0.0,0.0,0.0,0.0,0.0,0.0
1,0,1.0,0.0,0.0,0.0,0.0,0.0,0.0,0.0,0.0,0.0,0.0
1,0,1.0,0.0,0.0,0.0,0.0,0.0,0.0,0.0,0.0,0.0,0.0
1,0,1.0,0.0,0.0,0.0,0.0,0.0,0.0,0.0,0.0,0.0,0.0
1,0,1.0,0.0,0.0,0.0,0.0,0.0,0.0,0.0,0.0,0.0,0.0
1,0,1.0,0.0,0.0,0.0,0.0,0.0,0.0,0.0,0.0,0.0,0.0
1,0,1.0,0.0,0.0,0.0,0.0,0.0,0.0,0.0,0.0,0.0,0.0
1,0,1.0,0.0,0.0,0.0,0.0,0.0,0.0,0.0,0.0,0.0,0.0
1,0,1.0,0.0,0.0,0.0,0.0,0.0,0.0,0.0,0.0,0.0,0.0
1,0,1.0,0.0,0.0,0.0,0.0,0.0,0.0,0.0,0.0,0.0,0.0
1,0,1.0,0.0,0.0,0.0,0.0,0.0,0.0,0.0,0.0,0.0,0.0
1,0,1.0,0.0,0.0,0.0,0.0,0.0,0.0,0.0,0.0,0.0,0.0
1,0,1.0,0.0,0.0,0.0,0.0,0.0,0.0,0.0,0.0,0.0,0.0
1,0,1.0,0.0,0.0,0.0,0.0,0.0,0.0,0.0,0.0,0.0,0.0
1,0,1.0,0.0,0.0,0.0,0.0,0.0,0.0,0.0,0.0,0.0,0.0
1,0,1.0,0.0,0.0,0.0,0.0,0.0,0.0,0.0,0.0,0.0,0.0
1,0,1.0,0.0,0.0,0.0,0.0,0.0,0.0,0.0,0.0,0.0,0.0
1,0,1.0,0.0,0.0,0.0,0.0,0.0,0.0,0.0,0.0,0.0,0.0
1,0,1.0,0.0,0.0,0.0,0.0,0.0,0.0,0.0,0.0,0.0,0.0
1,0,1.0,0.0,0.0,0.0,0.0,0.0,0.0,0.0,0.0,0.0,0.0
1,0,1.0,0.0,0.0,0.0,0.0,0.0,0.0,0.0,0.0,0.0,0.0
1,0,1.0,0.0,0.0,0.0,0.0,0.0,0.0,0.0,0.0,0.0,0.0
1,0,1.0,0.0,0.0,0.0,0.0,0.0,0.0,0.0,0.0,0.0,0.0
1,0,1.0,0.0,0.0,0.0,0.0,0.0,0.0,0.0,0.0,0.0,0.0
1,0,1.0,0.0,0.0,0.0,0.0,0.0,0.0,0.0,0.0,0.0,0.0
1,0,1.0,0.0,0.0,0.0,0.0,0.0,0.0,0.0,0.0,0.0,0.0
1,0,1.0,0.0,0.0,0.0,0.0,0.0,0.0,0.0,0.0,0.0,0.0
1,0,1.0,0.0,0.0,0.0,0.0,0.0,0.0,0.0,0.0,0.0,0.0
1,0,1.0,0.0,0.0,0.0,0.0,0.0,0.0,0.0,0.0,0.0,0.0
1,0,1.0,0.0,0.0,0.0,0.0,0.0,0.0,0.0,0.0,0.0,0.0
1,0,1.0,0.0,0.0,0.0,0.0,0.0,0.0,0.0,0.0,0.0,0.0
1,0,1.0,0.0,0.0,0.0,0.0,0.0,0.0,0.0,0.0,0.0,0.0
1,0,1.0,0.0,0.0,0.0,0.0,0.0,0.0,0.0,0.0,0.0,0.0
1,0,1.0,0.0,0.0,0.0,0.0,0.0,0.0,0.0,0.0,0.0,0.0
1,0,1.0,0.0,0.0,0.0,0.0,0.0,0.0,0.0,0.0,0.0,0.0
1,0,1.0,0.0,0.0,0.0,0.0,0.0,0.0,0.0,0.0,0.0,0.0
1,0,1.0,0.0,0.0,0.0,0.0,0.0,0.0,0.0,0.0,0.0,0.0
1,0,1.0,0.0,0.0,0.0,0.0,0.0,0.0,0.0,0.0,0.0,0.0
1,0,1.0,0.0,0.0,0.0,0.0,0.0,0.0,0.0,0.0,0.0,0.0
1,0,1.0,0.0,0.0,0.0,0.0,0.0,0.0,0.0,0.0,0.0,0.0
1,0,1.0,0.0,0.0,0.0,0.0,0.0,0.0,0.0,0.0,0.0,0.0
1,0,1.0,0.0,0.0,0.0,0.0,0.0,0.0,0.0,0.0,0.0,0.0
1,0,1.0,0.0,0.0,0.0,0.0,0.0,0.0,0.0,0.0,0.0,0.0
1,0,1.0,0.0,0.0,0.0,0.0,0.0,0.0,0.0,0.0,0.0,0.0
1,0,1.0,0.0,0.0,0.0,0.0,0.0,0.0,0.0,0.0,0.0,0.0
1,0,1.0,0.0,0.0,0.0,0.0,0.0,0.0,0.0,0.0,0.0,0.0
1,0,1.0,0.0,0.0,0.0,0.0,0.0,0.0,0.0,0.0,0.0,0.0
1,0,1.0,0.0,0.0,0.0,0.0,0.0,0.0,0.0,0.0,0.0,0.0
1,0,1.0,0.0,0.0,0.0,0.0,0.0,0.0,0.0,0.0,0.0,0.0
1,0,1.0,0.0,0.0,0.0,0.0,0.0,0.0,0.0,0.0,0.0,0.0
1,0,1.0,0.0,0.0,0.0,0.0,0.0,0.0,0.0,0.0,0.0,0.0
1,0,1.0,0.0,0.0,0.0,0.0,0.0,0.0,0.0,0.0,0.0,0.0
1,0,1.0,0.0,0.0,0.0,0.0,0.0,0.0,0.0,0.0,0.0,0.0
1,0,1.0,0.0,0.0,0.0,0.0,0.0,0.0,0.0,0.0,0.0,0.0
1,0,1.0,0.0,0.0,0.0,0.0,0.0,0.0,0.0,0.0,0.0,0.0
1,0,1.0,0.0,0.0,0.0,0.0,0.0,0.0,0.0,0.0,0.0,0.0
1,0,1.0,0.0,0.0,0.0,0.0,0.0,0.0,0.0,0.0,0.0,0.0
1,0,1.0,0.0,0.0,0.0,0.0,0.0,0.0,0.0,0.0,0.0,0.0
1,0,1.0,0.0,0.0,0.0,0.0,0.0,0.0,0.0,0.0,0.0,0.0
1,0,1.0,0.0,0.0,0.0,0.0,0.0,0.0,0.0,0.0,0.0,0.0
1,0,1.0,0.0,0.0,0.0,0.0,0.0,0.0,0.0,0.0,0.0,0.0
1,0,1.0,0.0,0.0,0.0,0.0,0.0,0.0,0.0,0.0,0.0,0.0
1,0,1.0,0.0,0.0,0.0,0.0,0.0,0.0,0.0,0.0,0.0,0.0
1,0,1.0,0.0,0.0,0.0,0.0,0.0,0.0,0.0,0.0,0.0,0.0
1,0,1.0,0.0,0.0,0.0,0.0,0.0,0.0,0.0,0.0,0.0,0.0
1,0,1.0,0.0,0.0,0.0,0.0,0.0,0.0,0.0,0.0,0.0,0.0
1,0,1.0,0.0,0.0,0.0,0.0,0.0,0.0,0.0,0.0,0.0,0.0
1,0,1.0,0.0,0.0,0.0,0.0,0.0,0.0,0.0,0.0,0.0,0.0
1,0,1.0,0.0,0.0,0.0,0.0,0.0,0.0,0.0,0.0,0.0,0.0
1,0,1.0,0.0,0.0,0.0,0.0,0.0,0.0,0.0,0.0,0.0,0.0
1,0,1.0,0.0,0.0,0.0,0.0,0.0,0.0,0.0,0.0,0.0,0.0
1,0,1.0,0.0,0.0,0.0,0.0,0.0,0.0,0.0,0.0,0.0,0.0
1,0,1.0,0.0,0.0,0.0,0.0,0.0,0.0,0.0,0.0,0.0,0.0
1,0,1.0,0.0,0.0,0.0,0.0,0.0,0.0,0.0,0.0,0.0,0.0
1,0,1.0,0.0,0.0,0.0,0.0,0.0,0.0,0.0,0.0,0.0,0.0
1,0,1.0,0.0,0.0,0.0,0.0,0.0,0.0,0.0,0.0,0.0,0.0
1,0,1.0,0.0,0.0,0.0,0.0,0.0,0.0,0.0,0.0,0.0,0.0
1,0,1.0,0.0,0.0,0.0,0.0,0.0,0.0,0.0,0.0,0.0,0.0
1,0,1.0,0.0,0.0,0.0,0.0,0.0,0.0,0.0,0.0,0.0,0.0
1,0,1.0,0.0,0.0,0.0,0.0,0.0,0.0,0.0,0.0,0.0,0.0
1,0,1.0,0.0,0.0,0.0,0.0,0.0,0.0,0.0,0.0,0.0,0.0
1,0,1.0,0.0,0.0,0.0,0.0,0.0,0.0,0.0,0.0,0.0,0.0
1,0,1.0,0.0,0.0,0.0,0.0,0.0,0.0,0.0,0.0,0.0,0.0
1,0,1.0,0.0,0.0,0.0,0.0,0.0,0.0,0.0,0.0,0.0,0.0
1,0,1.0,0.0,0.0,0.0,0.0,0.0,0.0,0.0,0.0,0.0,0.0
1,0,1.0,0.0,0.0,0.0,0.0,0.0,0.0,0.0,0.0,0.0,0.0
1,0,1.0,0.0,0.0,0.0,0.0,0.0,0.0,0.0,0.0,0.0,0.0
1,0,1.0,0.0,0.0,0.0,0.0,0.0,0.0,0.0,0.0,0.0,0.0
1,0,1.0,0.0,0.0,0.0,0.0,0.0,0.0,0.0,0.0,0.0,0.0
1,0,1.0,0.0,0.0,0.0,0.0,0.0,0.0,0.0,0.0,0.0,0.0
1,0,1.0,0.0,0.0,0.0,0.0,0.0,0.0,0.0,0.0,0.0,0.0
1,0,1.0,0.0,0.0,0.0,0.0,0.0,0.0,0.0,0.0,0.0,0.0
1,0,1.0,0.0,0.0,0.0,0.0,0.0,0.0,0.0,0.0,0.0,0.0
1,0,1.0,0.0,0.0,0.0,0.0,0.0,0.0,0.0,0.0,0.0,0.0
1,0,1.0,0.0,0.0,0.0,0.0,0.0,0.0,0.0,0.0,0.0,0.0
1,0,1.0,0.0,0.0,0.0,0.0,0.0,0.0,0.0,0.0,0.0,0.0
1,0,1.0,0.0,0.0,0.0,0.0,0.0,0.0,0.0,0.0,0.0,0.0
1,0,1.0,0.0,0.0,0.0,0.0,0.0,0.0,0.0,0.0,0.0,0.0
1,0,1.0,0.0,0.0,0.0,0.0,0.0,0.0,0.0,0.0,0.0,0.0
1,0,1.0,0.0,0.0,0.0,0.0,0.0,0.0,0.0,0.0,0.0,0.0
1,0,1.0,0.0,0.0,0.0,0.0,0.0,0.0,0.0,0.0,0.0,0.0
1,0,1.0,0.0,0.0,0.0,0.0,0.0,0.0,0.0,0.0,0.0,0.0
1,0,1.0,0.0,0.0,0.0,0.0,0.0,0.0,0.0,0.0,0.0,0.0
1,0,1.0,0.0,0.0,0.0,0.0,0.0,0.0,0.0,0.0,0.0,0.0
1,0,1.0,0.0,0.0,0.0,0.0,0.0,0.0,0.0,0.0,0.0,0.0
1,0,1.0,0.0,0.0,0.0,0.0,0.0,0.0,0.0,0.0,0.0,0.0
1,0,1.0,0.0,0.0,0.0,0.0,0.0,0.0,0.0,0.0,0.0,0.0
1,0,1.0,0.0,0.0,0.0,0.0,0.0,0.0,0.0,0.0,0.0,0.0
1,0,1.0,0.0,0.0,0.0,0.0,0.0,0.0,0.0,0.0,0.0,0.0
1,0,1.0,0.0,0.0,0.0,0.0,0.0,0.0,0.0,0.0,0.0,0.0
1,0,1.0,0.0,0.0,0.0,0.0,0.0,0.0,0.0,0.0,0.0,0.0
1,0,1.0,0.0,0.0,0.0,0.0,0.0,0.0,0.0,0.0,0.0,0.0
1,0,1.0,0.0,0.0,0.0,0.0,0.0,0.0,0.0,0.0,0.0,0.0
1,0,1.0,0.0,0.0,0.0,0.0,0.0,0.0,0.0,0.0,0.0,0.0
1,0,1.0,0.0,0.0,0.0,0.0,0.0,0.0,0.0,0.0,0.0,0.0
1,0,1.0,0.0,0.0,0.0,0.0,0.0,0.0,0.0,0.0,0.0,0.0
1,0,1.0,0.0,0.0,0.0,0.0,0.0,0.0,0.0,0.0,0.0,0.0
1,0,1.0,0.0,0.0,0.0,0.0,0.0,0.0,0.0,0.0,0.0,0.0
1,0,1.0,0.0,0.0,0.0,0.0,0.0,0.0,0.0,0.0,0.0,0.0
1,0,1.0,0.0,0.0,0.0,0.0,0.0,0.0,0.0,0.0,0.0,0.0
1,0,1.0,0.0,0.0,0.0,0.0,0.0,0.0,0.0,0.0,0.0,0.0
1,0,1.0,0.0,0.0,0.0,0.0,0.0,0.0,0.0,0.0,0.0,0.0
1,0,1.0,0.0,0.0,0.0,0.0,0.0,0.0,0.0,0.0,0.0,0.0
1,0,1.0,0.0,0.0,0.0,0.0,0.0,0.0,0.0,0.0,0.0,0.0
1,0,1.0,0.0,0.0,0.0,0.0,0.0,0.0,0.0,0.0,0.0,0.0
1,0,1.0,0.0,0.0,0.0,0.0,0.0,0.0,0.0,0.0,0.0,0.0
1,0,1.0,0.0,0.0,0.0,0.0,0.0,0.0,0.0,0.0,0.0,0.0
1,0,1.0,0.0,0.0,0.0,0.0,0.0,0.0,0.0,0.0,0.0,0.0
1,0,1.0,0.0,0.0,0.0,0.0,0.0,0.0,0.0,0.0,0.0,0.0
1,0,1.0,0.0,0.0,0.0,0.0,0.0,0.0,0.0,0.0,0.0,0.0
1,0,1.0,0.0,0.0,0.0,0.0,0.0,0.0,0.0,0.0,0.0,0.0
1,0,1.0,0.0,0.0,0.0,0.0,0.0,0.0,0.0,0.0,0.0,0.0
1,0,1.0,0.0,0.0,0.0,0.0,0.0,0.0,0.0,0.0,0.0,0.0
1,0,1.0,0.0,0.0,0.0,0.0,0.0,0.0,0.0,0.0,0.0,0.0
1,0,1.0,0.0,0.0,0.0,0.0,0.0,0.0,0.0,0.0,0.0,0.0
1,0,1.0,0.0,0.0,0.0,0.0,0.0,0.0,0.0,0.0,0.0,0.0
1,0,1.0,0.0,0.0,0.0,0.0,0.0,0.0,0.0,0.0,0.0,0.0
1,0,1.0,0.0,0.0,0.0,0.0,0.0,0.0,0.0,0.0,0.0,0.0
1,0,1.0,0.0,0.0,0.0,0.0,0.0,0.0,0.0,0.0,0.0,0.0
1,0,1.0,0.0,0.0,0.0,0.0,0.0,0.0,0.0,0.0,0.0,0.0
1,0,1.0,0.0,0.0,0.0,0.0,0.0,0.0,0.0,0.0,0.0,0.0
1,0,1.0,0.0,0.0,0.0,0.0,0.0,0.0,0.0,0.0,0.0,0.0
1,0,1.0,0.0,0.0,0.0,0.0,0.0,0.0,0.0,0.0,0.0,0.0
1,0,1.0,0.0,0.0,0.0,0.0,0.0,0.0,0.0,0.0,0.0,0.0
1,0,1.0,0.0,0.0,0.0,0.0,0.0,0.0,0.0,0.0,0.0,0.0
1,0,1.0,0.0,0.0,0.0,0.0,0.0,0.0,0.0,0.0,0.0,0.0
1,0,1.0,0.0,0.0,0.0,0.0,0.0,0.0,0.0,0.0,0.0,0.0
1,0,1.0,0.0,0.0,0.0,0.0,0.0,0.0,0.0,0.0,0.0,0.0
1,0,1.0,0.0,0.0,0.0,0.0,0.0,0.0,0.0,0.0,0.0,0.0
1,0,1.0,0.0,0.0,0.0,0.0,0.0,0.0,0.0,0.0,0.0,0.0
1,0,1.0,0.0,0.0,0.0,0.0,0.0,0.0,0.0,0.0,0.0,0.0
1,0,1.0,0.0,0.0,0.0,0.0,0.0,0.0,0.0,0.0,0.0,0.0
1,0,1.0,0.0,0.0,0.0,0.0,0.0,0.0,0.0,0.0,0.0,0.0
1,0,1.0,0.0,0.0,0.0,0.0,0.0,0.0,0.0,0.0,0.0,0.0
1,0,1.0,0.0,0.0,0.0,0.0,0.0,0.0,0.0,0.0,0.0,0.0
1,0,1.0,0.0,0.0,0.0,0.0,0.0,0.0,0.0,0.0,0.0,0.0
1,0,1.0,0.0,0.0,0.0,0.0,0.0,0.0,0.0,0.0,0.0,0.0
1,0,1.0,0.0,0.0,0.0,0.0,0.0,0.0,0.0,0.0,0.0,0.0
1,0,1.0,0.0,0.0,0.0,0.0,0.0,0.0,0.0,0.0,0.0,0.0
1,0,1.0,0.0,0.0,0.0,0.0,0.0,0.0,0.0,0.0,0.0,0.0
1,0,1.0,0.0,0.0,0.0,0.0,0.0,0.0,0.0,0.0,0.0,0.0
1,0,1.0,0.0,0.0,0.0,0.0,0.0,0.0,0.0,0.0,0.0,0.0
1,0,1.0,0.0,0.0,0.0,0.0,0.0,0.0,0.0,0.0,0.0,0.0
1,0,1.0,0.0,0.0,0.0,0.0,0.0,0.0,0.0,0.0,0.0,0.0
1,0,1.0,0.0,0.0,0.0,0.0,0.0,0.0,0.0,0.0,0.0,0.0
1,0,1.0,0.0,0.0,0.0,0.0,0.0,0.0,0.0,0.0,0.0,0.0
1,0,1.0,0.0,0.0,0.0,0.0,0.0,0.0,0.0,0.0,0.0,0.0
1,0,1.0,0.0,0.0,0.0,0.0,0.0,0.0,0.0,0.0,0.0,0.0
1,0,1.0,0.0,0.0,0.0,0.0,0.0,0.0,0.0,0.0,0.0,0.0
1,0,1.0,0.0,0.0,0.0,0.0,0.0,0.0,0.0,0.0,0.0,0.0
1,0,1.0,0.0,0.0,0.0,0.0,0.0,0.0,0.0,0.0,0.0,0.0
1,0,1.0,0.0,0.0,0.0,0.0,0.0,0.0,0.0,0.0,0.0,0.0
1,0,1.0,0.0,0.0,0.0,0.0,0.0,0.0,0.0,0.0,0.0,0.0
1,0,1.0,0.0,0.0,0.0,0.0,0.0,0.0,0.0,0.0,0.0,0.0
1,0,1.0,0.0,0.0,0.0,0.0,0.0,0.0,0.0,0.0,0.0,0.0
1,0,1.0,0.0,0.0,0.0,0.0,0.0,0.0,0.0,0.0,0.0,0.0
1,0,1.0,0.0,0.0,0.0,0.0,0.0,0.0,0.0,0.0,0.0,0.0
1,0,1.0,0.0,0.0,0.0,0.0,0.0,0.0,0.0,0.0,0.0,0.0
1,0,1.0,0.0,0.0,0.0,0.0,0.0,0.0,0.0,0.0,0.0,0.0
1,0,1.0,0.0,0.0,0.0,0.0,0.0,0.0,0.0,0.0,0.0,0.0
1,0,1.0,0.0,0.0,0.0,0.0,0.0,0.0,0.0,0.0,0.0,0.0
1,0,1.0,0.0,0.0,0.0,0.0,0.0,0.0,0.0,0.0,0.0,0.0
1,0,1.0,0.0,0.0,0.0,0.0,0.0,0.0,0.0,0.0,0.0,0.0
1,0,1.0,0.0,0.0,0.0,0.0,0.0,0.0,0.0,0.0,0.0,0.0
1,0,1.0,0.0,0.0,0.0,0.0,0.0,0.0,0.0,0.0,0.0,0.0
1,0,1.0,0.0,0.0,0.0,0.0,0.0,0.0,0.0,0.0,0.0,0.0
1,0,1.0,0.0,0.0,0.0,0.0,0.0,0.0,0.0,0.0,0.0,0.0
1,0,1.0,0.0,0.0,0.0,0.0,0.0,0.0,0.0,0.0,0.0,0.0
1,0,1.0,0.0,0.0,0.0,0.0,0.0,0.0,0.0,0.0,0.0,0.0
1,0,1.0,0.0,0.0,0.0,0.0,0.0,0.0,0.0,0.0,0.0,0.0
1,0,1.0,0.0,0.0,0.0,0.0,0.0,0.0,0.0,0.0,0.0,0.0
1,0,1.0,0.0,0.0,0.0,0.0,0.0,0.0,0.0,0.0,0.0,0.0
1,0,1.0,0.0,0.0,0.0,0.0,0.0,0.0,0.0,0.0,0.0,0.0
1,0,1.0,0.0,0.0,0.0,0.0,0.0,0.0,0.0,0.0,0.0,0.0
1,0,1.0,0.0,0.0,0.0,0.0,0.0,0.0,0.0,0.0,0.0,0.0
1,0,1.0,0.0,0.0,0.0,0.0,0.0,0.0,0.0,0.0,0.0,0.0
1,0,1.0,0.0,0.0,0.0,0.0,0.0,0.0,0.0,0.0,0.0,0.0
1,0,1.0,0.0,0.0,0.0,0.0,0.0,0.0,0.0,0.0,0.0,0.0
1,0,1.0,0.0,0.0,0.0,0.0,0.0,0.0,0.0,0.0,0.0,0.0
1,0,1.0,0.0,0.0,0.0,0.0,0.0,0.0,0.0,0.0,0.0,0.0
1,0,1.0,0.0,0.0,0.0,0.0,0.0,0.0,0.0,0.0,0.0,0.0
1,0,1.0,0.0,0.0,0.0,0.0,0.0,0.0,0.0,0.0,0.0,0.0
1,0,1.0,0.0,0.0,0.0,0.0,0.0,0.0,0.0,0.0,0.0,0.0
1,0,1.0,0.0,0.0,0.0,0.0,0.0,0.0,0.0,0.0,0.0,0.0
1,0,1.0,0.0,0.0,0.0,0.0,0.0,0.0,0.0,0.0,0.0,0.0
1,0,1.0,0.0,0.0,0.0,0.0,0.0,0.0,0.0,0.0,0.0,0.0
1,0,1.0,0.0,0.0,0.0,0.0,0.0,0.0,0.0,0.0,0.0,0.0
1,0,1.0,0.0,0.0,0.0,0.0,0.0,0.0,0.0,0.0,0.0,0.0
1,0,1.0,0.0,0.0,0.0,0.0,0.0,0.0,0.0,0.0,0.0,0.0
1,0,1.0,0.0,0.0,0.0,0.0,0.0,0.0,0.0,0.0,0.0,0.0
1,0,1.0,0.0,0.0,0.0,0.0,0.0,0.0,0.0,0.0,0.0,0.0
1,0,1.0,0.0,0.0,0.0,0.0,0.0,0.0,0.0,0.0,0.0,0.0
1,0,1.0,0.0,0.0,0.0,0.0,0.0,0.0,0.0,0.0,0.0,0.0
1,0,1.0,0.0,0.0,0.0,0.0,0.0,0.0,0.0,0.0,0.0,0.0
1,0,1.0,0.0,0.0,0.0,0.0,0.0,0.0,0.0,0.0,0.0,0.0
1,0,1.0,0.0,0.0,0.0,0.0,0.0,0.0,0.0,0.0,0.0,0.0
1,0,1.0,0.0,0.0,0.0,0.0,0.0,0.0,0.0,0.0,0.0,0.0
1,0,1.0,0.0,0.0,0.0,0.0,0.0,0.0,0.0,0.0,0.0,0.0
1,0,1.0,0.0,0.0,0.0,0.0,0.0,0.0,0.0,0.0,0.0,0.0
1,0,1.0,0.0,0.0,0.0,0.0,0.0,0.0,0.0,0.0,0.0,0.0
1,0,1.0,0.0,0.0,0.0,0.0,0.0,0.0,0.0,0.0,0.0,0.0
1,0,1.0,0.0,0.0,0.0,0.0,0.0,0.0,0.0,0.0,0.0,0.0
1,0,1.0,0.0,0.0,0.0,0.0,0.0,0.0,0.0,0.0,0.0,0.0
1,0,1.0,0.0,0.0,0.0,0.0,0.0,0.0,0.0,0.0,0.0,0.0
1,0,1.0,0.0,0.0,0.0,0.0,0.0,0.0,0.0,0.0,0.0,0.0
1,0,1.0,0.0,0.0,0.0,0.0,0.0,0.0,0.0,0.0,0.0,0.0
1,0,1.0,0.0,0.0,0.0,0.0,0.0,0.0,0.0,0.0,0.0,0.0
1,0,1.0,0.0,0.0,0.0,0.0,0.0,0.0,0.0,0.0,0.0,0.0
1,0,1.0,0.0,0.0,0.0,0.0,0.0,0.0,0.0,0.0,0.0,0.0
1,0,1.0,0.0,0.0,0.0,0.0,0.0,0.0,0.0,0.0,0.0,0.0
1,0,1.0,0.0,0.0,0.0,0.0,0.0,0.0,0.0,0.0,0.0,0.0
1,0,1.0,0.0,0.0,0.0,0.0,0.0,0.0,0.0,0.0,0.0,0.0
1,0,1.0,0.0,0.0,0.0,0.0,0.0,0.0,0.0,0.0,0.0,0.0
1,0,1.0,0.0,0.0,0.0,0.0,0.0,0.0,0.0,0.0,0.0,0.0
1,0,1.0,0.0,0.0,0.0,0.0,0.0,0.0,0.0,0.0,0.0,0.0
1,0,1.0,0.0,0.0,0.0,0.0,0.0,0.0,0.0,0.0,0.0,0.0
1,0,1.0,0.0,0.0,0.0,0.0,0.0,0.0,0.0,0.0,0.0,0.0
1,0,1.0,0.0,0.0,0.0,0.0,0.0,0.0,0.0,0.0,0.0,0.0
1,0,1.0,0.0,0.0,0.0,0.0,0.0,0.0,0.0,0.0,0.0,0.0
1,0,1.0,0.0,0.0,0.0,0.0,0.0,0.0,0.0,0.0,0.0,0.0
1,0,1.0,0.0,0.0,0.0,0.0,0.0,0.0,0.0,0.0,0.0,0.0
1,0,1.0,0.0,0.0,0.0,0.0,0.0,0.0,0.0,0.0,0.0,0.0
1,0,1.0,0.0,0.0,0.0,0.0,0.0,0.0,0.0,0.0,0.0,0.0
1,0,1.0,0.0,0.0,0.0,0.0,0.0,0.0,0.0,0.0,0.0,0.0
1,0,1.0,0.0,0.0,0.0,0.0,0.0,0.0,0.0,0.0,0.0,0.0
1,0,1.0,0.0,0.0,0.0,0.0,0.0,0.0,0.0,0.0,0.0,0.0
1,0,1.0,0.0,0.0,0.0,0.0,0.0,0.0,0.0,0.0,0.0,0.0
1,0,1.0,0.0,0.0,0.0,0.0,0.0,0.0,0.0,0.0,0.0,0.0
1,0,1.0,0.0,0.0,0.0,0.0,0.0,0.0,0.0,0.0,0.0,0.0
1,0,1.0,0.0,0.0,0.0,0.0,0.0,0.0,0.0,0.0,0.0,0.0
1,0,1.0,0.0,0.0,0.0,0.0,0.0,0.0,0.0,0.0,0.0,0.0
1,0,1.0,0.0,0.0,0.0,0.0,0.0,0.0,0.0,0.0,0.0,0.0
1,0,1.0,0.0,0.0,0.0,0.0,0.0,0.0,0.0,0.0,0.0,0.0
1,0,1.0,0.0,0.0,0.0,0.0,0.0,0.0,0.0,0.0,0.0,0.0
1,0,1.0,0.0,0.0,0.0,0.0,0.0,0.0,0.0,0.0,0.0,0.0
1,0,1.0,0.0,0.0,0.0,0.0,0.0,0.0,0.0,0.0,0.0,0.0
1,0,1.0,0.0,0.0,0.0,0.0,0.0,0.0,0.0,0.0,0.0,0.0
1,0,1.0,0.0,0.0,0.0,0.0,0.0,0.0,0.0,0.0,0.0,0.0
1,0,1.0,0.0,0.0,0.0,0.0,0.0,0.0,0.0,0.0,0.0,0.0
1,0,1.0,0.0,0.0,0.0,0.0,0.0,0.0,0.0,0.0,0.0,0.0
1,0,1.0,0.0,0.0,0.0,0.0,0.0,0.0,0.0,0.0,0.0,0.0
1,0,1.0,0.0,0.0,0.0,0.0,0.0,0.0,0.0,0.0,0.0,0.0
1,0,1.0,0.0,0.0,0.0,0.0,0.0,0.0,0.0,0.0,0.0,0.0
1,0,1.0,0.0,0.0,0.0,0.0,0.0,0.0,0.0,0.0,0.0,0.0
1,0,1.0,0.0,0.0,0.0,0.0,0.0,0.0,0.0,0.0,0.0,0.0
1,0,1.0,0.0,0.0,0.0,0.0,0.0,0.0,0.0,0.0,0.0,0.0
1,0,1.0,0.0,0.0,0.0,0.0,0.0,0.0,0.0,0.0,0.0,0.0
1,0,1.0,0.0,0.0,0.0,0.0,0.0,0.0,0.0,0.0,0.0,0.0
1,0,1.0,0.0,0.0,0.0,0.0,0.0,0.0,0.0,0.0,0.0,0.0
1,0,1.0,0.0,0.0,0.0,0.0,0.0,0.0,0.0,0.0,0.0,0.0
1,0,1.0,0.0,0.0,0.0,0.0,0.0,0.0,0.0,0.0,0.0,0.0
1,0,1.0,0.0,0.0,0.0,0.0,0.0,0.0,0.0,0.0,0.0,0.0
1,0,1.0,0.0,0.0,0.0,0.0,0.0,0.0,0.0,0.0,0.0,0.0
1,0,1.0,0.0,0.0,0.0,0.0,0.0,0.0,0.0,0.0,0.0,0.0
1,0,1.0,0.0,0.0,0.0,0.0,0.0,0.0,0.0,0.0,0.0,0.0
1,0,1.0,0.0,0.0,0.0,0.0,0.0,0.0,0.0,0.0,0.0,0.0
1,0,1.0,0.0,0.0,0.0,0.0,0.0,0.0,0.0,0.0,0.0,0.0
1,0,1.0,0.0,0.0,0.0,0.0,0.0,0.0,0.0,0.0,0.0,0.0
1,0,1.0,0.0,0.0,0.0,0.0,0.0,0.0,0.0,0.0,0.0,0.0
1,0,1.0,0.0,0.0,0.0,0.0,0.0,0.0,0.0,0.0,0.0,0.0
1,0,1.0,0.0,0.0,0.0,0.0,0.0,0.0,0.0,0.0,0.0,0.0
1,0,1.0,0.0,0.0,0.0,0.0,0.0,0.0,0.0,0.0,0.0,0.0
1,0,1.0,0.0,0.0,0.0,0.0,0.0,0.0,0.0,0.0,0.0,0.0
1,0,1.0,0.0,0.0,0.0,0.0,0.0,0.0,0.0,0.0,0.0,0.0
1,0,1.0,0.0,0.0,0.0,0.0,0.0,0.0,0.0,0.0,0.0,0.0
1,0,1.0,0.0,0.0,0.0,0.0,0.0,0.0,0.0,0.0,0.0,0.0
1,0,1.0,0.0,0.0,0.0,0.0,0.0,0.0,0.0,0.0,0.0,0.0
1,0,1.0,0.0,0.0,0.0,0.0,0.0,0.0,0.0,0.0,0.0,0.0
1,0,1.0,0.0,0.0,0.0,0.0,0.0,0.0,0.0,0.0,0.0,0.0
1,0,1.0,0.0,0.0,0.0,0.0,0.0,0.0,0.0,0.0,0.0,0.0
1,0,1.0,0.0,0.0,0.0,0.0,0.0,0.0,0.0,0.0,0.0,0.0
1,0,1.0,0.0,0.0,0.0,0.0,0.0,0.0,0.0,0.0,0.0,0.0
1,0,1.0,0.0,0.0,0.0,0.0,0.0,0.0,0.0,0.0,0.0,0.0
1,0,1.0,0.0,0.0,0.0,0.0,0.0,0.0,0.0,0.0,0.0,0.0
1,0,1.0,0.0,0.0,0.0,0.0,0.0,0.0,0.0,0.0,0.0,0.0
1,0,1.0,0.0,0.0,0.0,0.0,0.0,0.0,0.0,0.0,0.0,0.0
1,0,1.0,0.0,0.0,0.0,0.0,0.0,0.0,0.0,0.0,0.0,0.0
1,0,1.0,0.0,0.0,0.0,0.0,0.0,0.0,0.0,0.0,0.0,0.0
1,0,1.0,0.0,0.0,0.0,0.0,0.0,0.0,0.0,0.0,0.0,0.0
1,0,1.0,0.0,0.0,0.0,0.0,0.0,0.0,0.0,0.0,0.0,0.0
1,0,1.0,0.0,0.0,0.0,0.0,0.0,0.0,0.0,0.0,0.0,0.0
1,0,1.0,0.0,0.0,0.0,0.0,0.0,0.0,0.0,0.0,0.0,0.0
1,0,1.0,0.0,0.0,0.0,0.0,0.0,0.0,0.0,0.0,0.0,0.0
1,0,1.0,0.0,0.0,0.0,0.0,0.0,0.0,0.0,0.0,0.0,0.0
1,0,1.0,0.0,0.0,0.0,0.0,0.0,0.0,0.0,0.0,0.0,0.0
1,0,1.0,0.0,0.0,0.0,0.0,0.0,0.0,0.0,0.0,0.0,0.0
1,0,1.0,0.0,0.0,0.0,0.0,0.0,0.0,0.0,0.0,0.0,0.0
1,0,1.0,0.0,0.0,0.0,0.0,0.0,0.0,0.0,0.0,0.0,0.0
1,0,1.0,0.0,0.0,0.0,0.0,0.0,0.0,0.0,0.0,0.0,0.0
1,0,1.0,0.0,0.0,0.0,0.0,0.0,0.0,0.0,0.0,0.0,0.0
1,0,1.0,0.0,0.0,0.0,0.0,0.0,0.0,0.0,0.0,0.0,0.0
1,0,1.0,0.0,0.0,0.0,0.0,0.0,0.0,0.0,0.0,0.0,0.0
1,0,1.0,0.0,0.0,0.0,0.0,0.0,0.0,0.0,0.0,0.0,0.0
1,0,1.0,0.0,0.0,0.0,0.0,0.0,0.0,0.0,0.0,0.0,0.0
1,0,1.0,0.0,0.0,0.0,0.0,0.0,0.0,0.0,0.0,0.0,0.0
1,0,1.0,0.0,0.0,0.0,0.0,0.0,0.0,0.0,0.0,0.0,0.0
1,0,1.0,0.0,0.0,0.0,0.0,0.0,0.0,0.0,0.0,0.0,0.0
1,0,1.0,0.0,0.0,0.0,0.0,0.0,0.0,0.0,0.0,0.0,0.0
1,0,1.0,0.0,0.0,0.0,0.0,0.0,0.0,0.0,0.0,0.0,0.0
1,0,1.0,0.0,0.0,0.0,0.0,0.0,0.0,0.0,0.0,0.0,0.0
1,0,1.0,0.0,0.0,0.0,0.0,0.0,0.0,0.0,0.0,0.0,0.0
1,0,1.0,0.0,0.0,0.0,0.0,0.0,0.0,0.0,0.0,0.0,0.0
1,0,1.0,0.0,0.0,0.0,0.0,0.0,0.0,0.0,0.0,0.0,0.0
1,0,1.0,0.0,0.0,0.0,0.0,0.0,0.0,0.0,0.0,0.0,0.0
1,0,1.0,0.0,0.0,0.0,0.0,0.0,0.0,0.0,0.0,0.0,0.0
1,0,1.0,0.0,0.0,0.0,0.0,0.0,0.0,0.0,0.0,0.0,0.0
1,0,1.0,0.0,0.0,0.0,0.0,0.0,0.0,0.0,0.0,0.0,0.0
1,0,1.0,0.0,0.0,0.0,0.0,0.0,0.0,0.0,0.0,0.0,0.0
1,0,1.0,0.0,0.0,0.0,0.0,0.0,0.0,0.0,0.0,0.0,0.0
1,0,1.0,0.0,0.0,0.0,0.0,0.0,0.0,0.0,0.0,0.0,0.0
1,0,1.0,0.0,0.0,0.0,0.0,0.0,0.0,0.0,0.0,0.0,0.0
1,0,1.0,0.0,0.0,0.0,0.0,0.0,0.0,0.0,0.0,0.0,0.0
1,0,1.0,0.0,0.0,0.0,0.0,0.0,0.0,0.0,0.0,0.0,0.0
1,0,1.0,0.0,0.0,0.0,0.0,0.0,0.0,0.0,0.0,0.0,0.0
1,0,1.0,0.0,0.0,0.0,0.0,0.0,0.0,0.0,0.0,0.0,0.0
1,0,1.0,0.0,0.0,0.0,0.0,0.0,0.0,0.0,0.0,0.0,0.0
1,0,1.0,0.0,0.0,0.0,0.0,0.0,0.0,0.0,0.0,0.0,0.0
1,0,1.0,0.0,0.0,0.0,0.0,0.0,0.0,0.0,0.0,0.0,0.0
1,0,1.0,0.0,0.0,0.0,0.0,0.0,0.0,0.0,0.0,0.0,0.0
1,0,1.0,0.0,0.0,0.0,0.0,0.0,0.0,0.0,0.0,0.0,0.0
1,0,1.0,0.0,0.0,0.0,0.0,0.0,0.0,0.0,0.0,0.0,0.0
1,0,1.0,0.0,0.0,0.0,0.0,0.0,0.0,0.0,0.0,0.0,0.0
1,0,1.0,0.0,0.0,0.0,0.0,0.0,0.0,0.0,0.0,0.0,0.0
1,0,1.0,0.0,0.0,0.0,0.0,0.0,0.0,0.0,0.0,0.0,0.0
1,0,1.0,0.0,0.0,0.0,0.0,0.0,0.0,0.0,0.0,0.0,0.0
1,0,1.0,0.0,0.0,0.0,0.0,0.0,0.0,0.0,0.0,0.0,0.0
1,0,1.0,0.0,0.0,0.0,0.0,0.0,0.0,0.0,0.0,0.0,0.0
1,0,1.0,0.0,0.0,0.0,0.0,0.0,0.0,0.0,0.0,0.0,0.0
1,0,1.0,0.0,0.0,0.0,0.0,0.0,0.0,0.0,0.0,0.0,0.0
1,0,1.0,0.0,0.0,0.0,0.0,0.0,0.0,0.0,0.0,0.0,0.0
1,0,1.0,0.0,0.0,0.0,0.0,0.0,0.0,0.0,0.0,0.0,0.0
1,0,1.0,0.0,0.0,0.0,0.0,0.0,0.0,0.0,0.0,0.0,0.0
1,0,1.0,0.0,0.0,0.0,0.0,0.0,0.0,0.0,0.0,0.0,0.0
1,0,1.0,0.0,0.0,0.0,0.0,0.0,0.0,0.0,0.0,0.0,0.0
1,0,1.0,0.0,0.0,0.0,0.0,0.0,0.0,0.0,0.0,0.0,0.0
1,0,1.0,0.0,0.0,0.0,0.0,0.0,0.0,0.0,0.0,0.0,0.0
1,0,1.0,0.0,0.0,0.0,0.0,0.0,0.0,0.0,0.0,0.0,0.0
1,0,1.0,0.0,0.0,0.0,0.0,0.0,0.0,0.0,0.0,0.0,0.0
1,0,1.0,0.0,0.0,0.0,0.0,0.0,0.0,0.0,0.0,0.0,0.0
1,0,1.0,0.0,0.0,0.0,0.0,0.0,0.0,0.0,0.0,0.0,0.0
1,0,1.0,0.0,0.0,0.0,0.0,0.0,0.0,0.0,0.0,0.0,0.0
1,0,1.0,0.0,0.0,0.0,0.0,0.0,0.0,0.0,0.0,0.0,0.0
1,0,1.0,0.0,0.0,0.0,0.0,0.0,0.0,0.0,0.0,0.0,0.0
1,0,1.0,0.0,0.0,0.0,0.0,0.0,0.0,0.0,0.0,0.0,0.0
1,0,1.0,0.0,0.0,0.0,0.0,0.0,0.0,0.0,0.0,0.0,0.0
1,0,1.0,0.0,0.0,0.0,0.0,0.0,0.0,0.0,0.0,0.0,0.0
1,0,1.0,0.0,0.0,0.0,0.0,0.0,0.0,0.0,0.0,0.0,0.0
1,0,1.0,0.0,0.0,0.0,0.0,0.0,0.0,0.0,0.0,0.0,0.0
1,0,1.0,0.0,0.0,0.0,0.0,0.0,0.0,0.0,0.0,0.0,0.0
1,0,1.0,0.0,0.0,0.0,0.0,0.0,0.0,0.0,0.0,0.0,0.0
1,0,1.0,0.0,0.0,0.0,0.0,0.0,0.0,0.0,0.0,0.0,0.0
1,0,1.0,0.0,0.0,0.0,0.0,0.0,0.0,0.0,0.0,0.0,0.0
1,0,1.0,0.0,0.0,0.0,0.0,0.0,0.0,0.0,0.0,0.0,0.0
1,0,1.0,0.0,0.0,0.0,0.0,0.0,0.0,0.0,0.0,0.0,0.0
1,0,1.0,0.0,0.0,0.0,0.0,0.0,0.0,0.0,0.0,0.0,0.0
1,0,1.0,0.0,0.0,0.0,0.0,0.0,0.0,0.0,0.0,0.0,0.0
1,0,1.0,0.0,0.0,0.0,0.0,0.0,0.0,0.0,0.0,0.0,0.0
1,0,1.0,0.0,0.0,0.0,0.0,0.0,0.0,0.0,0.0,0.0,0.0
1,0,1.0,0.0,0.0,0.0,0.0,0.0,0.0,0.0,0.0,0.0,0.0
1,0,1.0,0.0,0.0,0.0,0.0,0.0,0.0,0.0,0.0,0.0,0.0
1,0,1.0,0.0,0.0,0.0,0.0,0.0,0.0,0.0,0.0,0.0,0.0
1,0,1.0,0.0,0.0,0.0,0.0,0.0,0.0,0.0,0.0,0.0,0.0
1,0,1.0,0.0,0.0,0.0,0.0,0.0,0.0,0.0,0.0,0.0,0.0
1,0,1.0,0.0,0.0,0.0,0.0,0.0,0.0,0.0,0.0,0.0,0.0
1,0,1.0,0.0,0.0,0.0,0.0,0.0,0.0,0.0,0.0,0.0,0.0
1,0,1.0,0.0,0.0,0.0,0.0,0.0,0.0,0.0,0.0,0.0,0.0
1,0,1.0,0.0,0.0,0.0,0.0,0.0,0.0,0.0,0.0,0.0,0.0
1,0,1.0,0.0,0.0,0.0,0.0,0.0,0.0,0.0,0.0,0.0,0.0
1,0,1.0,0.0,0.0,0.0,0.0,0.0,0.0,0.0,0.0,0.0,0.0
1,0,1.0,0.0,0.0,0.0,0.0,0.0,0.0,0.0,0.0,0.0,0.0
1,0,1.0,0.0,0.0,0.0,0.0,0.0,0.0,0.0,0.0,0.0,0.0
1,0,1.0,0.0,0.0,0.0,0.0,0.0,0.0,0.0,0.0,0.0,0.0
1,0,1.0,0.0,0.0,0.0,0.0,0.0,0.0,0.0,0.0,0.0,0.0
1,0,1.0,0.0,0.0,0.0,0.0,0.0,0.0,0.0,0.0,0.0,0.0
1,0,1.0,0.0,0.0,0.0,0.0,0.0,0.0,0.0,0.0,0.0,0.0
1,0,1.0,0.0,0.0,0.0,0.0,0.0,0.0,0.0,0.0,0.0,0.0
1,0,1.0,0.0,0.0,0.0,0.0,0.0,0.0,0.0,0.0,0.0,0.0
1,0,1.0,0.0,0.0,0.0,0.0,0.0,0.0,0.0,0.0,0.0,0.0
1,0,1.0,0.0,0.0,0.0,0.0,0.0,0.0,0.0,0.0,0.0,0.0
1,0,1.0,0.0,0.0,0.0,0.0,0.0,0.0,0.0,0.0,0.0,0.0
1,0,1.0,0.0,0.0,0.0,0.0,0.0,0.0,0.0,0.0,0.0,0.0
1,0,1.0,0.0,0.0,0.0,0.0,0.0,0.0,0.0,0.0,0.0,0.0
1,0,1.0,0.0,0.0,0.0,0.0,0.0,0.0,0.0,0.0,0.0,0.0
1,0,1.0,0.0,0.0,0.0,0.0,0.0,0.0,0.0,0.0,0.0,0.0
1,0,1.0,0.0,0.0,0.0,0.0,0.0,0.0,0.0,0.0,0.0,0.0
1,0,1.0,0.0,0.0,0.0,0.0,0.0,0.0,0.0,0.0,0.0,0.0
1,0,1.0,0.0,0.0,0.0,0.0,0.0,0.0,0.0,0.0,0.0,0.0
1,0,1.0,0.0,0.0,0.0,0.0,0.0,0.0,0.0,0.0,0.0,0.0
1,0,1.0,0.0,0.0,0.0,0.0,0.0,0.0,0.0,0.0,0.0,0.0
1,0,1.0,0.0,0.0,0.0,0.0,0.0,0.0,0.0,0.0,0.0,0.0
1,0,1.0,0.0,0.0,0.0,0.0,0.0,0.0,0.0,0.0,0.0,0.0
1,0,1.0,0.0,0.0,0.0,0.0,0.0,0.0,0.0,0.0,0.0,0.0
1,0,1.0,0.0,0.0,0.0,0.0,0.0,0.0,0.0,0.0,0.0,0.0
1,0,1.0,0.0,0.0,0.0,0.0,0.0,0.0,0.0,0.0,0.0,0.0
1,0,1.0,0.0,0.0,0.0,0.0,0.0,0.0,0.0,0.0,0.0,0.0
1,0,1.0,0.0,0.0,0.0,0.0,0.0,0.0,0.0,0.0,0.0,0.0
1,0,1.0,0.0,0.0,0.0,0.0,0.0,0.0,0.0,0.0,0.0,0.0
1,0,1.0,0.0,0.0,0.0,0.0,0.0,0.0,0.0,0.0,0.0,0.0
1,0,1.0,0.0,0.0,0.0,0.0,0.0,0.0,0.0,0.0,0.0,0.0
1,0,1.0,0.0,0.0,0.0,0.0,0.0,0.0,0.0,0.0,0.0,0.0
1,0,1.0,0.0,0.0,0.0,0.0,0.0,0.0,0.0,0.0,0.0,0.0
1,0,1.0,0.0,0.0,0.0,0.0,0.0,0.0,0.0,0.0,0.0,0.0
1,0,1.0,0.0,0.0,0.0,0.0,0.0,0.0,0.0,0.0,0.0,0.0
1,0,1.0,0.0,0.0,0.0,0.0,0.0,0.0,0.0,0.0,0.0,0.0
1,0,1.0,0.0,0.0,0.0,0.0,0.0,0.0,0.0,0.0,0.0,0.0
1,0,1.0,0.0,0.0,0.0,0.0,0.0,0.0,0.0,0.0,0.0,0.0
1,0,1.0,0.0,0.0,0.0,0.0,0.0,0.0,0.0,0.0,0.0,0.0
1,0,1.0,0.0,0.0,0.0,0.0,0.0,0.0,0.0,0.0,0.0,0.0
1,0,1.0,0.0,0.0,0.0,0.0,0.0,0.0,0.0,0.0,0.0,0.0
1,0,1.0,0.0,0.0,0.0,0.0,0.0,0.0,0.0,0.0,0.0,0.0
1,0,1.0,0.0,0.0,0.0,0.0,0.0,0.0,0.0,0.0,0.0,0.0
1,0,1.0,0.0,0.0,0.0,0.0,0.0,0.0,0.0,0.0,0.0,0.0
1,0,1.0,0.0,0.0,0.0,0.0,0.0,0.0,0.0,0.0,0.0,0.0
1,0,1.0,0.0,0.0,0.0,0.0,0.0,0.0,0.0,0.0,0.0,0.0
1,0,1.0,0.0,0.0,0.0,0.0,0.0,0.0,0.0,0.0,0.0,0.0
1,0,1.0,0.0,0.0,0.0,0.0,0.0,0.0,0.0,0.0,0.0,0.0
1,0,1.0,0.0,0.0,0.0,0.0,0.0,0.0,0.0,0.0,0.0,0.0
1,0,1.0,0.0,0.0,0.0,0.0,0.0,0.0,0.0,0.0,0.0,0.0
1,0,1.0,0.0,0.0,0.0,0.0,0.0,0.0,0.0,0.0,0.0,0.0
1,0,1.0,0.0,0.0,0.0,0.0,0.0,0.0,0.0,0.0,0.0,0.0
1,0,1.0,0.0,0.0,0.0,0.0,0.0,0.0,0.0,0.0,0.0,0.0
1,0,1.0,0.0,0.0,0.0,0.0,0.0,0.0,0.0,0.0,0.0,0.0
1,0,1.0,0.0,0.0,0.0,0.0,0.0,0.0,0.0,0.0,0.0,0.0
1,0,1.0,0.0,0.0,0.0,0.0,0.0,0.0,0.0,0.0,0.0,0.0
1,0,1.0,0.0,0.0,0.0,0.0,0.0,0.0,0.0,0.0,0.0,0.0
1,0,1.0,0.0,0.0,0.0,0.0,0.0,0.0,0.0,0.0,0.0,0.0
1,0,1.0,0.0,0.0,0.0,0.0,0.0,0.0,0.0,0.0,0.0,0.0
1,0,1.0,0.0,0.0,0.0,0.0,0.0,0.0,0.0,0.0,0.0,0.0
1,0,1.0,0.0,0.0,0.0,0.0,0.0,0.0,0.0,0.0,0.0,0.0
1,0,1.0,0.0,0.0,0.0,0.0,0.0,0.0,0.0,0.0,0.0,0.0
1,0,1.0,0.0,0.0,0.0,0.0,0.0,0.0,0.0,0.0,0.0,0.0
1,0,1.0,0.0,0.0,0.0,0.0,0.0,0.0,0.0,0.0,0.0,0.0
1,0,1.0,0.0,0.0,0.0,0.0,0.0,0.0,0.0,0.0,0.0,0.0
1,0,1.0,0.0,0.0,0.0,0.0,0.0,0.0,0.0,0.0,0.0,0.0
1,0,1.0,0.0,0.0,0.0,0.0,0.0,0.0,0.0,0.0,0.0,0.0
1,0,1.0,0.0,0.0,0.0,0.0,0.0,0.0,0.0,0.0,0.0,0.0
1,0,1.0,0.0,0.0,0.0,0.0,0.0,0.0,0.0,0.0,0.0,0.0
1,0,1.0,0.0,0.0,0.0,0.0,0.0,0.0,0.0,0.0,0.0,0.0
1,0,1.0,0.0,0.0,0.0,0.0,0.0,0.0,0.0,0.0,0.0,0.0
1,0,1.0,0.0,0.0,0.0,0.0,0.0,0.0,0.0,0.0,0.0,0.0
1,0,1.0,0.0,0.0,0.0,0.0,0.0,0.0,0.0,0.0,0.0,0.0
1,0,1.0,0.0,0.0,0.0,0.0,0.0,0.0,0.0,0.0,0.0,0.0
1,0,1.0,0.0,0.0,0.0,0.0,0.0,0.0,0.0,0.0,0.0,0.0
1,0,1.0,0.0,0.0,0.0,0.0,0.0,0.0,0.0,0.0,0.0,0.0
1,0,1.0,0.0,0.0,0.0,0.0,0.0,0.0,0.0,0.0,0.0,0.0
1,0,1.0,0.0,0.0,0.0,0.0,0.0,0.0,0.0,0.0,0.0,0.0
1,0,1.0,0.0,0.0,0.0,0.0,0.0,0.0,0.0,0.0,0.0,0.0
1,0,1.0,0.0,0.0,0.0,0.0,0.0,0.0,0.0,0.0,0.0,0.0
1,0,1.0,0.0,0.0,0.0,0.0,0.0,0.0,0.0,0.0,0.0,0.0
1,0,1.0,0.0,0.0,0.0,0.0,0.0,0.0,0.0,0.0,0.0,0.0
1,0,1.0,0.0,0.0,0.0,0.0,0.0,0.0,0.0,0.0,0.0,0.0
1,0,1.0,0.0,0.0,0.0,0.0,0.0,0.0,0.0,0.0,0.0,0.0
1,0,1.0,0.0,0.0,0.0,0.0,0.0,0.0,0.0,0.0,0.0,0.0
1,0,1.0,0.0,0.0,0.0,0.0,0.0,0.0,0.0,0.0,0.0,0.0
1,0,1.0,0.0,0.0,0.0,0.0,0.0,0.0,0.0,0.0,0.0,0.0
1,0,1.0,0.0,0.0,0.0,0.0,0.0,0.0,0.0,0.0,0.0,0.0
1,0,1.0,0.0,0.0,0.0,0.0,0.0,0.0,0.0,0.0,0.0,0.0
1,0,1.0,0.0,0.0,0.0,0.0,0.0,0.0,0.0,0.0,0.0,0.0
1,0,1.0,0.0,0.0,0.0,0.0,0.0,0.0,0.0,0.0,0.0,0.0
1,0,1.0,0.0,0.0,0.0,0.0,0.0,0.0,0.0,0.0,0.0,0.0
1,0,1.0,0.0,0.0,0.0,0.0,0.0,0.0,0.0,0.0,0.0,0.0
1,0,1.0,0.0,0.0,0.0,0.0,0.0,0.0,0.0,0.0,0.0,0.0
1,0,1.0,0.0,0.0,0.0,0.0,0.0,0.0,0.0,0.0,0.0,0.0
1,0,1.0,0.0,0.0,0.0,0.0,0.0,0.0,0.0,0.0,0.0,0.0
1,0,1.0,0.0,0.0,0.0,0.0,0.0,0.0,0.0,0.0,0.0,0.0
1,0,1.0,0.0,0.0,0.0,0.0,0.0,0.0,0.0,0.0,0.0,0.0
1,0,1.0,0.0,0.0,0.0,0.0,0.0,0.0,0.0,0.0,0.0,0.0
1,0,1.0,0.0,0.0,0.0,0.0,0.0,0.0,0.0,0.0,0.0,0.0
1,0,1.0,0.0,0.0,0.0,0.0,0.0,0.0,0.0,0.0,0.0,0.0
1,0,1.0,0.0,0.0,0.0,0.0,0.0,0.0,0.0,0.0,0.0,0.0
1,0,1.0,0.0,0.0,0.0,0.0,0.0,0.0,0.0,0.0,0.0,0.0
1,0,1.0,0.0,0.0,0.0,0.0,0.0,0.0,0.0,0.0,0.0,0.0
1,0,1.0,0.0,0.0,0.0,0.0,0.0,0.0,0.0,0.0,0.0,0.0
1,0,1.0,0.0,0.0,0.0,0.0,0.0,0.0,0.0,0.0,0.0,0.0
1,0,1.0,0.0,0.0,0.0,0.0,0.0,0.0,0.0,0.0,0.0,0.0
1,0,1.0,0.0,0.0,0.0,0.0,0.0,0.0,0.0,0.0,0.0,0.0
1,0,1.0,0.0,0.0,0.0,0.0,0.0,0.0,0.0,0.0,0.0,0.0
1,0,1.0,0.0,0.0,0.0,0.0,0.0,0.0,0.0,0.0,0.0,0.0
1,0,1.0,0.0,0.0,0.0,0.0,0.0,0.0,0.0,0.0,0.0,0.0
1,0,1.0,0.0,0.0,0.0,0.0,0.0,0.0,0.0,0.0,0.0,0.0
1,0,1.0,0.0,0.0,0.0,0.0,0.0,0.0,0.0,0.0,0.0,0.0
1,0,1.0,0.0,0.0,0.0,0.0,0.0,0.0,0.0,0.0,0.0,0.0
1,0,1.0,0.0,0.0,0.0,0.0,0.0,0.0,0.0,0.0,0.0,0.0
1,0,1.0,0.0,0.0,0.0,0.0,0.0,0.0,0.0,0.0,0.0,0.0
1,0,1.0,0.0,0.0,0.0,0.0,0.0,0.0,0.0,0.0,0.0,0.0
1,0,1.0,0.0,0.0,0.0,0.0,0.0,0.0,0.0,0.0,0.0,0.0
1,0,1.0,0.0,0.0,0.0,0.0,0.0,0.0,0.0,0.0,0.0,0.0
1,0,1.0,0.0,0.0,0.0,0.0,0.0,0.0,0.0,0.0,0.0,0.0
1,0,1.0,0.0,0.0,0.0,0.0,0.0,0.0,0.0,0.0,0.0,0.0
1,0,1.0,0.0,0.0,0.0,0.0,0.0,0.0,0.0,0.0,0.0,0.0
1,0,1.0,0.0,0.0,0.0,0.0,0.0,0.0,0.0,0.0,0.0,0.0
1,0,1.0,0.0,0.0,0.0,0.0,0.0,0.0,0.0,0.0,0.0,0.0
1,0,1.0,0.0,0.0,0.0,0.0,0.0,0.0,0.0,0.0,0.0,0.0
1,0,1.0,0.0,0.0,0.0,0.0,0.0,0.0,0.0,0.0,0.0,0.0
1,0,1.0,0.0,0.0,0.0,0.0,0.0,0.0,0.0,0.0,0.0,0.0
1,0,1.0,0.0,0.0,0.0,0.0,0.0,0.0,0.0,0.0,0.0,0.0
1,0,1.0,0.0,0.0,0.0,0.0,0.0,0.0,0.0,0.0,0.0,0.0
1,0,1.0,0.0,0.0,0.0,0.0,0.0,0.0,0.0,0.0,0.0,0.0
1,0,1.0,0.0,0.0,0.0,0.0,0.0,0.0,0.0,0.0,0.0,0.0
1,0,1.0,0.0,0.0,0.0,0.0,0.0,0.0,0.0,0.0,0.0,0.0
1,0,1.0,0.0,0.0,0.0,0.0,0.0,0.0,0.0,0.0,0.0,0.0
1,0,1.0,0.0,0.0,0.0,0.0,0.0,0.0,0.0,0.0,0.0,0.0
1,0,1.0,0.0,0.0,0.0,0.0,0.0,0.0,0.0,0.0,0.0,0.0
1,0,1.0,0.0,0.0,0.0,0.0,0.0,0.0,0.0,0.0,0.0,0.0
1,0,1.0,0.0,0.0,0.0,0.0,0.0,0.0,0.0,0.0,0.0,0.0
1,0,1.0,0.0,0.0,0.0,0.0,0.0,0.0,0.0,0.0,0.0,0.0
1,0,1.0,0.0,0.0,0.0,0.0,0.0,0.0,0.0,0.0,0.0,0.0
1,0,1.0,0.0,0.0,0.0,0.0,0.0,0.0,0.0,0.0,0.0,0.0
1,0,1.0,0.0,0.0,0.0,0.0,0.0,0.0,0.0,0.0,0.0,0.0
1,0,1.0,0.0,0.0,0.0,0.0,0.0,0.0,0.0,0.0,0.0,0.0
1,0,1.0,0.0,0.0,0.0,0.0,0.0,0.0,0.0,0.0,0.0,0.0
1,0,1.0,0.0,0.0,0.0,0.0,0.0,0.0,0.0,0.0,0.0,0.0
1,0,1.0,0.0,0.0,0.0,0.0,0.0,0.0,0.0,0.0,0.0,0.0
1,0,1.0,0.0,0.0,0.0,0.0,0.0,0.0,0.0,0.0,0.0,0.0
1,0,1.0,0.0,0.0,0.0,0.0,0.0,0.0,0.0,0.0,0.0,0.0
1,0,1.0,0.0,0.0,0.0,0.0,0.0,0.0,0.0,0.0,0.0,0.0
1,0,1.0,0.0,0.0,0.0,0.0,0.0,0.0,0.0,0.0,0.0,0.0
1,0,1.0,0.0,0.0,0.0,0.0,0.0,0.0,0.0,0.0,0.0,0.0
1,0,1.0,0.0,0.0,0.0,0.0,0.0,0.0,0.0,0.0,0.0,0.0
1,0,1.0,0.0,0.0,0.0,0.0,0.0,0.0,0.0,0.0,0.0,0.0
1,0,1.0,0.0,0.0,0.0,0.0,0.0,0.0,0.0,0.0,0.0,0.0
1,0,1.0,0.0,0.0,0.0,0.0,0.0,0.0,0.0,0.0,0.0,0.0
1,0,1.0,0.0,0.0,0.0,0.0,0.0,0.0,0.0,0.0,0.0,0.0
1,0,1.0,0.0,0.0,0.0,0.0,0.0,0.0,0.0,0.0,0.0,0.0
1,0,1.0,0.0,0.0,0.0,0.0,0.0,0.0,0.0,0.0,0.0,0.0
1,0,1.0,0.0,0.0,0.0,0.0,0.0,0.0,0.0,0.0,0.0,0.0
1,0,1.0,0.0,0.0,0.0,0.0,0.0,0.0,0.0,0.0,0.0,0.0
1,0,1.0,0.0,0.0,0.0,0.0,0.0,0.0,0.0,0.0,0.0,0.0
1,0,1.0,0.0,0.0,0.0,0.0,0.0,0.0,0.0,0.0,0.0,0.0
1,0,1.0,0.0,0.0,0.0,0.0,0.0,0.0,0.0,0.0,0.0,0.0
1,0,1.0,0.0,0.0,0.0,0.0,0.0,0.0,0.0,0.0,0.0,0.0
1,0,1.0,0.0,0.0,0.0,0.0,0.0,0.0,0.0,0.0,0.0,0.0
1,0,1.0,0.0,0.0,0.0,0.0,0.0,0.0,0.0,0.0,0.0,0.0
1,0,1.0,0.0,0.0,0.0,0.0,0.0,0.0,0.0,0.0,0.0,0.0
1,0,1.0,0.0,0.0,0.0,0.0,0.0,0.0,0.0,0.0,0.0,0.0
1,0,1.0,0.0,0.0,0.0,0.0,0.0,0.0,0.0,0.0,0.0,0.0
1,0,1.0,0.0,0.0,0.0,0.0,0.0,0.0,0.0,0.0,0.0,0.0
1,0,1.0,0.0,0.0,0.0,0.0,0.0,0.0,0.0,0.0,0.0,0.0
1,0,1.0,0.0,0.0,0.0,0.0,0.0,0.0,0.0,0.0,0.0,0.0
1,0,1.0,0.0,0.0,0.0,0.0,0.0,0.0,0.0,0.0,0.0,0.0
1,0,1.0,0.0,0.0,0.0,0.0,0.0,0.0,0.0,0.0,0.0,0.0
1,0,1.0,0.0,0.0,0.0,0.0,0.0,0.0,0.0,0.0,0.0,0.0
1,0,1.0,0.0,0.0,0.0,0.0,0.0,0.0,0.0,0.0,0.0,0.0
1,0,1.0,0.0,0.0,0.0,0.0,0.0,0.0,0.0,0.0,0.0,0.0
1,0,1.0,0.0,0.0,0.0,0.0,0.0,0.0,0.0,0.0,0.0,0.0
1,0,1.0,0.0,0.0,0.0,0.0,0.0,0.0,0.0,0.0,0.0,0.0
1,0,1.0,0.0,0.0,0.0,0.0,0.0,0.0,0.0,0.0,0.0,0.0
1,0,1.0,0.0,0.0,0.0,0.0,0.0,0.0,0.0,0.0,0.0,0.0
1,0,1.0,0.0,0.0,0.0,0.0,0.0,0.0,0.0,0.0,0.0,0.0
1,0,1.0,0.0,0.0,0.0,0.0,0.0,0.0,0.0,0.0,0.0,0.0
1,0,1.0,0.0,0.0,0.0,0.0,0.0,0.0,0.0,0.0,0.0,0.0
1,0,1.0,0.0,0.0,0.0,0.0,0.0,0.0,0.0,0.0,0.0,0.0
1,0,1.0,0.0,0.0,0.0,0.0,0.0,0.0,0.0,0.0,0.0,0.0
1,0,1.0,0.0,0.0,0.0,0.0,0.0,0.0,0.0,0.0,0.0,0.0
1,0,1.0,0.0,0.0,0.0,0.0,0.0,0.0,0.0,0.0,0.0,0.0
1,0,1.0,0.0,0.0,0.0,0.0,0.0,0.0,0.0,0.0,0.0,0.0
1,0,1.0,0.0,0.0,0.0,0.0,0.0,0.0,0.0,0.0,0.0,0.0
1,0,1.0,0.0,0.0,0.0,0.0,0.0,0.0,0.0,0.0,0.0,0.0
1,0,1.0,0.0,0.0,0.0,0.0,0.0,0.0,0.0,0.0,0.0,0.0
1,0,1.0,0.0,0.0,0.0,0.0,0.0,0.0,0.0,0.0,0.0,0.0
1,0,1.0,0.0,0.0,0.0,0.0,0.0,0.0,0.0,0.0,0.0,0.0
1,0,1.0,0.0,0.0,0.0,0.0,0.0,0.0,0.0,0.0,0.0,0.0
1,0,1.0,0.0,0.0,0.0,0.0,0.0,0.0,0.0,0.0,0.0,0.0
1,0,1.0,0.0,0.0,0.0,0.0,0.0,0.0,0.0,0.0,0.0,0.0
1,0,1.0,0.0,0.0,0.0,0.0,0.0,0.0,0.0,0.0,0.0,0.0
1,0,1.0,0.0,0.0,0.0,0.0,0.0,0.0,0.0,0.0,0.0,0.0
1,0,1.0,0.0,0.0,0.0,0.0,0.0,0.0,0.0,0.0,0.0,0.0
1,0,1.0,0.0,0.0,0.0,0.0,0.0,0.0,0.0,0.0,0.0,0.0
1,0,1.0,0.0,0.0,0.0,0.0,0.0,0.0,0.0,0.0,0.0,0.0
1,0,1.0,0.0,0.0,0.0,0.0,0.0,0.0,0.0,0.0,0.0,0.0
1,0,1.0,0.0,0.0,0.0,0.0,0.0,0.0,0.0,0.0,0.0,0.0
1,0,1.0,0.0,0.0,0.0,0.0,0.0,0.0,0.0,0.0,0.0,0.0
1,0,1.0,0.0,0.0,0.0,0.0,0.0,0.0,0.0,0.0,0.0,0.0
1,0,1.0,0.0,0.0,0.0,0.0,0.0,0.0,0.0,0.0,0.0,0.0
1,0,1.0,0.0,0.0,0.0,0.0,0.0,0.0,0.0,0.0,0.0,0.0
1,0,1.0,0.0,0.0,0.0,0.0,0.0,0.0,0.0,0.0,0.0,0.0
1,0,1.0,0.0,0.0,0.0,0.0,0.0,0.0,0.0,0.0,0.0,0.0
1,0,1.0,0.0,0.0,0.0,0.0,0.0,0.0,0.0,0.0,0.0,0.0
1,0,1.0,0.0,0.0,0.0,0.0,0.0,0.0,0.0,0.0,0.0,0.0
1,0,1.0,0.0,0.0,0.0,0.0,0.0,0.0,0.0,0.0,0.0,0.0
1,0,1.0,0.0,0.0,0.0,0.0,0.0,0.0,0.0,0.0,0.0,0.0
1,0,1.0,0.0,0.0,0.0,0.0,0.0,0.0,0.0,0.0,0.0,0.0
1,0,1.0,0.0,0.0,0.0,0.0,0.0,0.0,0.0,0.0,0.0,0.0
1,0,1.0,0.0,0.0,0.0,0.0,0.0,0.0,0.0,0.0,0.0,0.0
1,0,1.0,0.0,0.0,0.0,0.0,0.0,0.0,0.0,0.0,0.0,0.0
1,0,1.0,0.0,0.0,0.0,0.0,0.0,0.0,0.0,0.0,0.0,0.0
1,0,1.0,0.0,0.0,0.0,0.0,0.0,0.0,0.0,0.0,0.0,0.0
1,0,1.0,0.0,0.0,0.0,0.0,0.0,0.0,0.0,0.0,0.0,0.0
1,0,1.0,0.0,0.0,0.0,0.0,0.0,0.0,0.0,0.0,0.0,0.0
1,0,1.0,0.0,0.0,0.0,0.0,0.0,0.0,0.0,0.0,0.0,0.0
1,0,1.0,0.0,0.0,0.0,0.0,0.0,0.0,0.0,0.0,0.0,0.0
1,0,1.0,0.0,0.0,0.0,0.0,0.0,0.0,0.0,0.0,0.0,0.0
1,0,1.0,0.0,0.0,0.0,0.0,0.0,0.0,0.0,0.0,0.0,0.0
1,0,1.0,0.0,0.0,0.0,0.0,0.0,0.0,0.0,0.0,0.0,0.0
1,0,1.0,0.0,0.0,0.0,0.0,0.0,0.0,0.0,0.0,0.0,0.0
1,0,1.0,0.0,0.0,0.0,0.0,0.0,0.0,0.0,0.0,0.0,0.0
1,0,1.0,0.0,0.0,0.0,0.0,0.0,0.0,0.0,0.0,0.0,0.0
1,0,1.0,0.0,0.0,0.0,0.0,0.0,0.0,0.0,0.0,0.0,0.0
1,0,1.0,0.0,0.0,0.0,0.0,0.0,0.0,0.0,0.0,0.0,0.0
1,0,1.0,0.0,0.0,0.0,0.0,0.0,0.0,0.0,0.0,0.0,0.0
1,0,1.0,0.0,0.0,0.0,0.0,0.0,0.0,0.0,0.0,0.0,0.0
1,0,1.0,0.0,0.0,0.0,0.0,0.0,0.0,0.0,0.0,0.0,0.0
1,0,1.0,0.0,0.0,0.0,0.0,0.0,0.0,0.0,0.0,0.0,0.0
1,0,1.0,0.0,0.0,0.0,0.0,0.0,0.0,0.0,0.0,0.0,0.0
1,0,1.0,0.0,0.0,0.0,0.0,0.0,0.0,0.0,0.0,0.0,0.0
1,0,1.0,0.0,0.0,0.0,0.0,0.0,0.0,0.0,0.0,0.0,0.0
1,0,1.0,0.0,0.0,0.0,0.0,0.0,0.0,0.0,0.0,0.0,0.0
1,0,1.0,0.0,0.0,0.0,0.0,0.0,0.0,0.0,0.0,0.0,0.0
1,0,1.0,0.0,0.0,0.0,0.0,0.0,0.0,0.0,0.0,0.0,0.0
1,0,1.0,0.0,0.0,0.0,0.0,0.0,0.0,0.0,0.0,0.0,0.0
1,0,1.0,0.0,0.0,0.0,0.0,0.0,0.0,0.0,0.0,0.0,0.0
1,0,1.0,0.0,0.0,0.0,0.0,0.0,0.0,0.0,0.0,0.0,0.0
1,0,1.0,0.0,0.0,0.0,0.0,0.0,0.0,0.0,0.0,0.0,0.0
1,0,1.0,0.0,0.0,0.0,0.0,0.0,0.0,0.0,0.0,0.0,0.0
1,0,1.0,0.0,0.0,0.0,0.0,0.0,0.0,0.0,0.0,0.0,0.0
1,0,1.0,0.0,0.0,0.0,0.0,0.0,0.0,0.0,0.0,0.0,0.0
1,0,1.0,0.0,0.0,0.0,0.0,0.0,0.0,0.0,0.0,0.0,0.0
1,0,1.0,0.0,0.0,0.0,0.0,0.0,0.0,0.0,0.0,0.0,0.0
1,0,1.0,0.0,0.0,0.0,0.0,0.0,0.0,0.0,0.0,0.0,0.0
1,0,1.0,0.0,0.0,0.0,0.0,0.0,0.0,0.0,0.0,0.0,0.0
1,0,1.0,0.0,0.0,0.0,0.0,0.0,0.0,0.0,0.0,0.0,0.0
1,0,1.0,0.0,0.0,0.0,0.0,0.0,0.0,0.0,0.0,0.0,0.0
1,0,1.0,0.0,0.0,0.0,0.0,0.0,0.0,0.0,0.0,0.0,0.0
1,0,1.0,0.0,0.0,0.0,0.0,0.0,0.0,0.0,0.0,0.0,0.0
1,0,1.0,0.0,0.0,0.0,0.0,0.0,0.0,0.0,0.0,0.0,0.0
1,0,1.0,0.0,0.0,0.0,0.0,0.0,0.0,0.0,0.0,0.0,0.0
1,0,1.0,0.0,0.0,0.0,0.0,0.0,0.0,0.0,0.0,0.0,0.0
1,0,1.0,0.0,0.0,0.0,0.0,0.0,0.0,0.0,0.0,0.0,0.0
1,0,1.0,0.0,0.0,0.0,0.0,0.0,0.0,0.0,0.0,0.0,0.0
1,0,1.0,0.0,0.0,0.0,0.0,0.0,0.0,0.0,0.0,0.0,0.0
1,0,1.0,0.0,0.0,0.0,0.0,0.0,0.0,0.0,0.0,0.0,0.0
1,0,1.0,0.0,0.0,0.0,0.0,0.0,0.0,0.0,0.0,0.0,0.0
1,0,1.0,0.0,0.0,0.0,0.0,0.0,0.0,0.0,0.0,0.0,0.0
1,0,1.0,0.0,0.0,0.0,0.0,0.0,0.0,0.0,0.0,0.0,0.0
1,0,1.0,0.0,0.0,0.0,0.0,0.0,0.0,0.0,0.0,0.0,0.0
1,0,1.0,0.0,0.0,0.0,0.0,0.0,0.0,0.0,0.0,0.0,0.0
1,0,1.0,0.0,0.0,0.0,0.0,0.0,0.0,0.0,0.0,0.0,0.0
1,0,1.0,0.0,0.0,0.0,0.0,0.0,0.0,0.0,0.0,0.0,0.0
1,0,1.0,0.0,0.0,0.0,0.0,0.0,0.0,0.0,0.0,0.0,0.0
1,0,1.0,0.0,0.0,0.0,0.0,0.0,0.0,0.0,0.0,0.0,0.0
1,0,1.0,0.0,0.0,0.0,0.0,0.0,0.0,0.0,0.0,0.0,0.0
1,0,1.0,0.0,0.0,0.0,0.0,0.0,0.0,0.0,0.0,0.0,0.0
1,0,1.0,0.0,0.0,0.0,0.0,0.0,0.0,0.0,0.0,0.0,0.0
1,0,1.0,0.0,0.0,0.0,0.0,0.0,0.0,0.0,0.0,0.0,0.0
1,0,1.0,0.0,0.0,0.0,0.0,0.0,0.0,0.0,0.0,0.0,0.0
1,0,1.0,0.0,0.0,0.0,0.0,0.0,0.0,0.0,0.0,0.0,0.0
1,0,1.0,0.0,0.0,0.0,0.0,0.0,0.0,0.0,0.0,0.0,0.0
1,0,1.0,0.0,0.0,0.0,0.0,0.0,0.0,0.0,0.0,0.0,0.0
1,0,1.0,0.0,0.0,0.0,0.0,0.0,0.0,0.0,0.0,0.0,0.0
1,0,1.0,0.0,0.0,0.0,0.0,0.0,0.0,0.0,0.0,0.0,0.0
1,0,1.0,0.0,0.0,0.0,0.0,0.0,0.0,0.0,0.0,0.0,0.0
1,0,1.0,0.0,0.0,0.0,0.0,0.0,0.0,0.0,0.0,0.0,0.0
1,0,1.0,0.0,0.0,0.0,0.0,0.0,0.0,0.0,0.0,0.0,0.0
1,0,1.0,0.0,0.0,0.0,0.0,0.0,0.0,0.0,0.0,0.0,0.0
1,0,1.0,0.0,0.0,0.0,0.0,0.0,0.0,0.0,0.0,0.0,0.0
1,0,1.0,0.0,0.0,0.0,0.0,0.0,0.0,0.0,0.0,0.0,0.0
1,0,1.0,0.0,0.0,0.0,0.0,0.0,0.0,0.0,0.0,0.0,0.0
1,0,1.0,0.0,0.0,0.0,0.0,0.0,0.0,0.0,0.0,0.0,0.0
1,0,1.0,0.0,0.0,0.0,0.0,0.0,0.0,0.0,0.0,0.0,0.0
1,0,1.0,0.0,0.0,0.0,0.0,0.0,0.0,0.0,0.0,0.0,0.0
1,0,1.0,0.0,0.0,0.0,0.0,0.0,0.0,0.0,0.0,0.0,0.0
1,0,1.0,0.0,0.0,0.0,0.0,0.0,0.0,0.0,0.0,0.0,0.0
1,0,1.0,0.0,0.0,0.0,0.0,0.0,0.0,0.0,0.0,0.0,0.0
1,0,1.0,0.0,0.0,0.0,0.0,0.0,0.0,0.0,0.0,0.0,0.0
1,0,1.0,0.0,0.0,0.0,0.0,0.0,0.0,0.0,0.0,0.0,0.0
1,0,1.0,0.0,0.0,0.0,0.0,0.0,0.0,0.0,0.0,0.0,0.0
1,0,1.0,0.0,0.0,0.0,0.0,0.0,0.0,0.0,0.0,0.0,0.0
1,0,1.0,0.0,0.0,0.0,0.0,0.0,0.0,0.0,0.0,0.0,0.0
1,0,1.0,0.0,0.0,0.0,0.0,0.0,0.0,0.0,0.0,0.0,0.0
1,0,1.0,0.0,0.0,0.0,0.0,0.0,0.0,0.0,0.0,0.0,0.0
1,0,1.0,0.0,0.0,0.0,0.0,0.0,0.0,0.0,0.0,0.0,0.0
1,0,1.0,0.0,0.0,0.0,0.0,0.0,0.0,0.0,0.0,0.0,0.0
1,0,1.0,0.0,0.0,0.0,0.0,0.0,0.0,0.0,0.0,0.0,0.0
1,0,1.0,0.0,0.0,0.0,0.0,0.0,0.0,0.0,0.0,0.0,0.0
1,0,1.0,0.0,0.0,0.0,0.0,0.0,0.0,0.0,0.0,0.0,0.0
1,0,1.0,0.0,0.0,0.0,0.0,0.0,0.0,0.0,0.0,0.0,0.0
1,0,1.0,0.0,0.0,0.0,0.0,0.0,0.0,0.0,0.0,0.0,0.0
1,0,1.0,0.0,0.0,0.0,0.0,0.0,0.0,0.0,0.0,0.0,0.0
1,0,1.0,0.0,0.0,0.0,0.0,0.0,0.0,0.0,0.0,0.0,0.0
1,0,1.0,0.0,0.0,0.0,0.0,0.0,0.0,0.0,0.0,0.0,0.0
1,0,1.0,0.0,0.0,0.0,0.0,0.0,0.0,0.0,0.0,0.0,0.0
1,0,1.0,0.0,0.0,0.0,0.0,0.0,0.0,0.0,0.0,0.0,0.0
1,0,1.0,0.0,0.0,0.0,0.0,0.0,0.0,0.0,0.0,0.0,0.0
1,0,1.0,0.0,0.0,0.0,0.0,0.0,0.0,0.0,0.0,0.0,0.0
1,0,1.0,0.0,0.0,0.0,0.0,0.0,0.0,0.0,0.0,0.0,0.0
1,0,1.0,0.0,0.0,0.0,0.0,0.0,0.0,0.0,0.0,0.0,0.0
1,0,1.0,0.0,0.0,0.0,0.0,0.0,0.0,0.0,0.0,0.0,0.0
1,0,1.0,0.0,0.0,0.0,0.0,0.0,0.0,0.0,0.0,0.0,0.0
1,0,1.0,0.0,0.0,0.0,0.0,0.0,0.0,0.0,0.0,0.0,0.0
1,0,1.0,0.0,0.0,0.0,0.0,0.0,0.0,0.0,0.0,0.0,0.0
1,0,1.0,0.0,0.0,0.0,0.0,0.0,0.0,0.0,0.0,0.0,0.0
1,0,1.0,0.0,0.0,0.0,0.0,0.0,0.0,0.0,0.0,0.0,0.0
1,0,1.0,0.0,0.0,0.0,0.0,0.0,0.0,0.0,0.0,0.0,0.0
1,0,1.0,0.0,0.0,0.0,0.0,0.0,0.0,0.0,0.0,0.0,0.0
1,0,1.0,0.0,0.0,0.0,0.0,0.0,0.0,0.0,0.0,0.0,0.0
1,0,1.0,0.0,0.0,0.0,0.0,0.0,0.0,0.0,0.0,0.0,0.0
1,0,1.0,0.0,0.0,0.0,0.0,0.0,0.0,0.0,0.0,0.0,0.0
1,0,1.0,0.0,0.0,0.0,0.0,0.0,0.0,0.0,0.0,0.0,0.0
1,0,1.0,0.0,0.0,0.0,0.0,0.0,0.0,0.0,0.0,0.0,0.0
1,0,1.0,0.0,0.0,0.0,0.0,0.0,0.0,0.0,0.0,0.0,0.0
1,0,1.0,0.0,0.0,0.0,0.0,0.0,0.0,0.0,0.0,0.0,0.0
1,0,1.0,0.0,0.0,0.0,0.0,0.0,0.0,0.0,0.0,0.0,0.0
1,0,1.0,0.0,0.0,0.0,0.0,0.0,0.0,0.0,0.0,0.0,0.0
1,0,1.0,0.0,0.0,0.0,0.0,0.0,0.0,0.0,0.0,0.0,0.0
1,0,1.0,0.0,0.0,0.0,0.0,0.0,0.0,0.0,0.0,0.0,0.0
1,0,1.0,0.0,0.0,0.0,0.0,0.0,0.0,0.0,0.0,0.0,0.0
1,0,1.0,0.0,0.0,0.0,0.0,0.0,0.0,0.0,0.0,0.0,0.0
1,0,1.0,0.0,0.0,0.0,0.0,0.0,0.0,0.0,0.0,0.0,0.0
1,0,1.0,0.0,0.0,0.0,0.0,0.0,0.0,0.0,0.0,0.0,0.0
1,0,1.0,0.0,0.0,0.0,0.0,0.0,0.0,0.0,0.0,0.0,0.0
1,0,1.0,0.0,0.0,0.0,0.0,0.0,0.0,0.0,0.0,0.0,0.0
1,0,1.0,0.0,0.0,0.0,0.0,0.0,0.0,0.0,0.0,0.0,0.0
1,0,1.0,0.0,0.0,0.0,0.0,0.0,0.0,0.0,0.0,0.0,0.0
1,0,1.0,0.0,0.0,0.0,0.0,0.0,0.0,0.0,0.0,0.0,0.0
1,0,1.0,0.0,0.0,0.0,0.0,0.0,0.0,0.0,0.0,0.0,0.0
1,0,1.0,0.0,0.0,0.0,0.0,0.0,0.0,0.0,0.0,0.0,0.0
1,0,1.0,0.0,0.0,0.0,0.0,0.0,0.0,0.0,0.0,0.0,0.0
1,0,1.0,0.0,0.0,0.0,0.0,0.0,0.0,0.0,0.0,0.0,0.0
1,0,1.0,0.0,0.0,0.0,0.0,0.0,0.0,0.0,0.0,0.0,0.0
1,0,1.0,0.0,0.0,0.0,0.0,0.0,0.0,0.0,0.0,0.0,0.0
1,0,1.0,0.0,0.0,0.0,0.0,0.0,0.0,0.0,0.0,0.0,0.0
1,0,1.0,0.0,0.0,0.0,0.0,0.0,0.0,0.0,0.0,0.0,0.0
1,0,1.0,0.0,0.0,0.0,0.0,0.0,0.0,0.0,0.0,0.0,0.0
1,0,1.0,0.0,0.0,0.0,0.0,0.0,0.0,0.0,0.0,0.0,0.0
1,0,1.0,0.0,0.0,0.0,0.0,0.0,0.0,0.0,0.0,0.0,0.0
1,0,1.0,0.0,0.0,0.0,0.0,0.0,0.0,0.0,0.0,0.0,0.0
1,0,1.0,0.0,0.0,0.0,0.0,0.0,0.0,0.0,0.0,0.0,0.0
1,0,1.0,0.0,0.0,0.0,0.0,0.0,0.0,0.0,0.0,0.0,0.0
1,0,1.0,0.0,0.0,0.0,0.0,0.0,0.0,0.0,0.0,0.0,0.0
1,0,1.0,0.0,0.0,0.0,0.0,0.0,0.0,0.0,0.0,0.0,0.0
1,0,1.0,0.0,0.0,0.0,0.0,0.0,0.0,0.0,0.0,0.0,0.0
1,0,1.0,0.0,0.0,0.0,0.0,0.0,0.0,0.0,0.0,0.0,0.0
1,0,1.0,0.0,0.0,0.0,0.0,0.0,0.0,0.0,0.0,0.0,0.0
1,0,1.0,0.0,0.0,0.0,0.0,0.0,0.0,0.0,0.0,0.0,0.0
1,0,1.0,0.0,0.0,0.0,0.0,0.0,0.0,0.0,0.0,0.0,0.0
1,0,1.0,0.0,0.0,0.0,0.0,0.0,0.0,0.0,0.0,0.0,0.0
1,0,1.0,0.0,0.0,0.0,0.0,0.0,0.0,0.0,0.0,0.0,0.0
1,0,1.0,0.0,0.0,0.0,0.0,0.0,0.0,0.0,0.0,0.0,0.0
1,0,1.0,0.0,0.0,0.0,0.0,0.0,0.0,0.0,0.0,0.0,0.0
1,0,1.0,0.0,0.0,0.0,0.0,0.0,0.0,0.0,0.0,0.0,0.0
1,0,1.0,0.0,0.0,0.0,0.0,0.0,0.0,0.0,0.0,0.0,0.0
1,0,1.0,0.0,0.0,0.0,0.0,0.0,0.0,0.0,0.0,0.0,0.0
1,0,1.0,0.0,0.0,0.0,0.0,0.0,0.0,0.0,0.0,0.0,0.0
1,0,1.0,0.0,0.0,0.0,0.0,0.0,0.0,0.0,0.0,0.0,0.0
1,0,1.0,0.0,0.0,0.0,0.0,0.0,0.0,0.0,0.0,0.0,0.0
1,0,1.0,0.0,0.0,0.0,0.0,0.0,0.0,0.0,0.0,0.0,0.0
1,0,1.0,0.0,0.0,0.0,0.0,0.0,0.0,0.0,0.0,0.0,0.0
1,0,1.0,0.0,0.0,0.0,0.0,0.0,0.0,0.0,0.0,0.0,0.0
1,0,1.0,0.0,0.0,0.0,0.0,0.0,0.0,0.0,0.0,0.0,0.0
1,0,1.0,0.0,0.0,0.0,0.0,0.0,0.0,0.0,0.0,0.0,0.0
1,0,1.0,0.0,0.0,0.0,0.0,0.0,0.0,0.0,0.0,0.0,0.0
1,0,1.0,0.0,0.0,0.0,0.0,0.0,0.0,0.0,0.0,0.0,0.0
1,0,1.0,0.0,0.0,0.0,0.0,0.0,0.0,0.0,0.0,0.0,0.0
1,0,1.0,0.0,0.0,0.0,0.0,0.0,0.0,0.0,0.0,0.0,0.0
1,0,1.0,0.0,0.0,0.0,0.0,0.0,0.0,0.0,0.0,0.0,0.0
1,0,1.0,0.0,0.0,0.0,0.0,0.0,0.0,0.0,0.0,0.0,0.0
1,0,1.0,0.0,0.0,0.0,0.0,0.0,0.0,0.0,0.0,0.0,0.0
1,0,1.0,0.0,0.0,0.0,0.0,0.0,0.0,0.0,0.0,0.0,0.0
1,0,1.0,0.0,0.0,0.0,0.0,0.0,0.0,0.0,0.0,0.0,0.0
1,0,1.0,0.0,0.0,0.0,0.0,0.0,0.0,0.0,0.0,0.0,0.0
1,0,1.0,0.0,0.0,0.0,0.0,0.0,0.0,0.0,0.0,0.0,0.0
1,0,1.0,0.0,0.0,0.0,0.0,0.0,0.0,0.0,0.0,0.0,0.0
1,0,1.0,0.0,0.0,0.0,0.0,0.0,0.0,0.0,0.0,0.0,0.0
1,0,1.0,0.0,0.0,0.0,0.0,0.0,0.0,0.0,0.0,0.0,0.0
1,0,1.0,0.0,0.0,0.0,0.0,0.0,0.0,0.0,0.0,0.0,0.0
1,0,1.0,0.0,0.0,0.0,0.0,0.0,0.0,0.0,0.0,0.0,0.0
1,0,1.0,0.0,0.0,0.0,0.0,0.0,0.0,0.0,0.0,0.0,0.0
1,0,1.0,0.0,0.0,0.0,0.0,0.0,0.0,0.0,0.0,0.0,0.0
1,0,1.0,0.0,0.0,0.0,0.0,0.0,0.0,0.0,0.0,0.0,0.0
1,0,1.0,0.0,0.0,0.0,0.0,0.0,0.0,0.0,0.0,0.0,0.0
1,0,1.0,0.0,0.0,0.0,0.0,0.0,0.0,0.0,0.0,0.0,0.0
1,0,1.0,0.0,0.0,0.0,0.0,0.0,0.0,0.0,0.0,0.0,0.0
1,0,1.0,0.0,0.0,0.0,0.0,0.0,0.0,0.0,0.0,0.0,0.0
1,0,1.0,0.0,0.0,0.0,0.0,0.0,0.0,0.0,0.0,0.0,0.0
1,0,1.0,0.0,0.0,0.0,0.0,0.0,0.0,0.0,0.0,0.0,0.0
1,0,1.0,0.0,0.0,0.0,0.0,0.0,0.0,0.0,0.0,0.0,0.0
1,0,1.0,0.0,0.0,0.0,0.0,0.0,0.0,0.0,0.0,0.0,0.0
1,0,1.0,0.0,0.0,0.0,0.0,0.0,0.0,0.0,0.0,0.0,0.0
1,0,1.0,0.0,0.0,0.0,0.0,0.0,0.0,0.0,0.0,0.0,0.0
1,0,1.0,0.0,0.0,0.0,0.0,0.0,0.0,0.0,0.0,0.0,0.0
1,0,1.0,0.0,0.0,0.0,0.0,0.0,0.0,0.0,0.0,0.0,0.0
1,0,1.0,0.0,0.0,0.0,0.0,0.0,0.0,0.0,0.0,0.0,0.0
1,0,1.0,0.0,0.0,0.0,0.0,0.0,0.0,0.0,0.0,0.0,0.0
1,0,1.0,0.0,0.0,0.0,0.0,0.0,0.0,0.0,0.0,0.0,0.0
1,0,1.0,0.0,0.0,0.0,0.0,0.0,0.0,0.0,0.0,0.0,0.0
1,0,1.0,0.0,0.0,0.0,0.0,0.0,0.0,0.0,0.0,0.0,0.0
1,0,1.0,0.0,0.0,0.0,0.0,0.0,0.0,0.0,0.0,0.0,0.0
1,0,1.0,0.0,0.0,0.0,0.0,0.0,0.0,0.0,0.0,0.0,0.0
1,0,1.0,0.0,0.0,0.0,0.0,0.0,0.0,0.0,0.0,0.0,0.0
1,0,1.0,0.0,0.0,0.0,0.0,0.0,0.0,0.0,0.0,0.0,0.0
1,0,1.0,0.0,0.0,0.0,0.0,0.0,0.0,0.0,0.0,0.0,0.0
1,0,1.0,0.0,0.0,0.0,0.0,0.0,0.0,0.0,0.0,0.0,0.0
1,0,1.0,0.0,0.0,0.0,0.0,0.0,0.0,0.0,0.0,0.0,0.0
1,0,1.0,0.0,0.0,0.0,0.0,0.0,0.0,0.0,0.0,0.0,0.0
1,0,1.0,0.0,0.0,0.0,0.0,0.0,0.0,0.0,0.0,0.0,0.0
1,0,1.0,0.0,0.0,0.0,0.0,0.0,0.0,0.0,0.0,0.0,0.0
1,0,1.0,0.0,0.0,0.0,0.0,0.0,0.0,0.0,0.0,0.0,0.0
1,0,1.0,0.0,0.0,0.0,0.0,0.0,0.0,0.0,0.0,0.0,0.0
1,0,1.0,0.0,0.0,0.0,0.0,0.0,0.0,0.0,0.0,0.0,0.0
1,0,1.0,0.0,0.0,0.0,0.0,0.0,0.0,0.0,0.0,0.0,0.0
1,0,1.0,0.0,0.0,0.0,0.0,0.0,0.0,0.0,0.0,0.0,0.0
1,0,1.0,0.0,0.0,0.0,0.0,0.0,0.0,0.0,0.0,0.0,0.0
1,0,1.0,0.0,0.0,0.0,0.0,0.0,0.0,0.0,0.0,0.0,0.0
1,0,1.0,0.0,0.0,0.0,0.0,0.0,0.0,0.0,0.0,0.0,0.0
1,0,1.0,0.0,0.0,0.0,0.0,0.0,0.0,0.0,0.0,0.0,0.0
1,0,1.0,0.0,0.0,0.0,0.0,0.0,0.0,0.0,0.0,0.0,0.0
1,0,1.0,0.0,0.0,0.0,0.0,0.0,0.0,0.0,0.0,0.0,0.0
1,0,1.0,0.0,0.0,0.0,0.0,0.0,0.0,0.0,0.0,0.0,0.0
1,0,1.0,0.0,0.0,0.0,0.0,0.0,0.0,0.0,0.0,0.0,0.0
1,0,1.0,0.0,0.0,0.0,0.0,0.0,0.0,0.0,0.0,0.0,0.0
1,0,1.0,0.0,0.0,0.0,0.0,0.0,0.0,0.0,0.0,0.0,0.0
1,0,1.0,0.0,0.0,0.0,0.0,0.0,0.0,0.0,0.0,0.0,0.0
1,0,1.0,0.0,0.0,0.0,0.0,0.0,0.0,0.0,0.0,0.0,0.0
1,0,1.0,0.0,0.0,0.0,0.0,0.0,0.0,0.0,0.0,0.0,0.0
1,0,1.0,0.0,0.0,0.0,0.0,0.0,0.0,0.0,0.0,0.0,0.0
1,0,1.0,0.0,0.0,0.0,0.0,0.0,0.0,0.0,0.0,0.0,0.0
1,0,1.0,0.0,0.0,0.0,0.0,0.0,0.0,0.0,0.0,0.0,0.0
1,0,1.0,0.0,0.0,0.0,0.0,0.0,0.0,0.0,0.0,0.0,0.0
1,0,1.0,0.0,0.0,0.0,0.0,0.0,0.0,0.0,0.0,0.0,0.0
1,0,1.0,0.0,0.0,0.0,0.0,0.0,0.0,0.0,0.0,0.0,0.0
1,0,1.0,0.0,0.0,0.0,0.0,0.0,0.0,0.0,0.0,0.0,0.0
1,0,1.0,0.0,0.0,0.0,0.0,0.0,0.0,0.0,0.0,0.0,0.0
1,0,1.0,0.0,0.0,0.0,0.0,0.0,0.0,0.0,0.0,0.0,0.0
1,0,1.0,0.0,0.0,0.0,0.0,0.0,0.0,0.0,0.0,0.0,0.0
1,0,1.0,0.0,0.0,0.0,0.0,0.0,0.0,0.0,0.0,0.0,0.0
1,0,1.0,0.0,0.0,0.0,0.0,0.0,0.0,0.0,0.0,0.0,0.0
1,0,1.0,0.0,0.0,0.0,0.0,0.0,0.0,0.0,0.0,0.0,0.0
1,0,1.0,0.0,0.0,0.0,0.0,0.0,0.0,0.0,0.0,0.0,0.0
1,0,1.0,0.0,0.0,0.0,0.0,0.0,0.0,0.0,0.0,0.0,0.0
1,0,1.0,0.0,0.0,0.0,0.0,0.0,0.0,0.0,0.0,0.0,0.0
1,0,1.0,0.0,0.0,0.0,0.0,0.0,0.0,0.0,0.0,0.0,0.0
1,0,1.0,0.0,0.0,0.0,0.0,0.0,0.0,0.0,0.0,0.0,0.0
1,0,1.0,0.0,0.0,0.0,0.0,0.0,0.0,0.0,0.0,0.0,0.0
1,0,1.0,0.0,0.0,0.0,0.0,0.0,0.0,0.0,0.0,0.0,0.0
1,0,1.0,0.0,0.0,0.0,0.0,0.0,0.0,0.0,0.0,0.0,0.0
1,0,1.0,0.0,0.0,0.0,0.0,0.0,0.0,0.0,0.0,0.0,0.0
1,0,1.0,0.0,0.0,0.0,0.0,0.0,0.0,0.0,0.0,0.0,0.0
1,0,1.0,0.0,0.0,0.0,0.0,0.0,0.0,0.0,0.0,0.0,0.0
1,0,1.0,0.0,0.0,0.0,0.0,0.0,0.0,0.0,0.0,0.0,0.0
1,0,1.0,0.0,0.0,0.0,0.0,0.0,0.0,0.0,0.0,0.0,0.0
1,0,1.0,0.0,0.0,0.0,0.0,0.0,0.0,0.0,0.0,0.0,0.0
1,0,1.0,0.0,0.0,0.0,0.0,0.0,0.0,0.0,0.0,0.0,0.0
1,0,1.0,0.0,0.0,0.0,0.0,0.0,0.0,0.0,0.0,0.0,0.0
1,0,1.0,0.0,0.0,0.0,0.0,0.0,0.0,0.0,0.0,0.0,0.0
1,0,1.0,0.0,0.0,0.0,0.0,0.0,0.0,0.0,0.0,0.0,0.0
1,0,1.0,0.0,0.0,0.0,0.0,0.0,0.0,0.0,0.0,0.0,0.0
1,0,1.0,0.0,0.0,0.0,0.0,0.0,0.0,0.0,0.0,0.0,0.0
1,0,1.0,0.0,0.0,0.0,0.0,0.0,0.0,0.0,0.0,0.0,0.0
1,0,1.0,0.0,0.0,0.0,0.0,0.0,0.0,0.0,0.0,0.0,0.0
1,0,1.0,0.0,0.0,0.0,0.0,0.0,0.0,0.0,0.0,0.0,0.0
1,0,1.0,0.0,0.0,0.0,0.0,0.0,0.0,0.0,0.0,0.0,0.0
1,0,1.0,0.0,0.0,0.0,0.0,0.0,0.0,0.0,0.0,0.0,0.0
1,0,1.0,0.0,0.0,0.0,0.0,0.0,0.0,0.0,0.0,0.0,0.0
1,0,1.0,0.0,0.0,0.0,0.0,0.0,0.0,0.0,0.0,0.0,0.0
1,0,1.0,0.0,0.0,0.0,0.0,0.0,0.0,0.0,0.0,0.0,0.0
1,0,1.0,0.0,0.0,0.0,0.0,0.0,0.0,0.0,0.0,0.0,0.0
1,0,1.0,0.0,0.0,0.0,0.0,0.0,0.0,0.0,0.0,0.0,0.0
1,0,1.0,0.0,0.0,0.0,0.0,0.0,0.0,0.0,0.0,0.0,0.0
1,0,1.0,0.0,0.0,0.0,0.0,0.0,0.0,0.0,0.0,0.0,0.0
1,0,1.0,0.0,0.0,0.0,0.0,0.0,0.0,0.0,0.0,0.0,0.0
1,0,1.0,0.0,0.0,0.0,0.0,0.0,0.0,0.0,0.0,0.0,0.0
1,0,1.0,0.0,0.0,0.0,0.0,0.0,0.0,0.0,0.0,0.0,0.0
1,0,1.0,0.0,0.0,0.0,0.0,0.0,0.0,0.0,0.0,0.0,0.0
1,0,1.0,0.0,0.0,0.0,0.0,0.0,0.0,0.0,0.0,0.0,0.0
1,0,1.0,0.0,0.0,0.0,0.0,0.0,0.0,0.0,0.0,0.0,0.0
1,0,1.0,0.0,0.0,0.0,0.0,0.0,0.0,0.0,0.0,0.0,0.0
1,0,1.0,0.0,0.0,0.0,0.0,0.0,0.0,0.0,0.0,0.0,0.0
1,0,1.0,0.0,0.0,0.0,0.0,0.0,0.0,0.0,0.0,0.0,0.0
1,0,1.0,0.0,0.0,0.0,0.0,0.0,0.0,0.0,0.0,0.0,0.0
1,0,1.0,0.0,0.0,0.0,0.0,0.0,0.0,0.0,0.0,0.0,0.0
1,0,1.0,0.0,0.0,0.0,0.0,0.0,0.0,0.0,0.0,0.0,0.0
1,0,1.0,0.0,0.0,0.0,0.0,0.0,0.0,0.0,0.0,0.0,0.0
1,0,1.0,0.0,0.0,0.0,0.0,0.0,0.0,0.0,0.0,0.0,0.0
1,0,1.0,0.0,0.0,0.0,0.0,0.0,0.0,0.0,0.0,0.0,0.0
1,0,1.0,0.0,0.0,0.0,0.0,0.0,0.0,0.0,0.0,0.0,0.0
1,0,1.0,0.0,0.0,0.0,0.0,0.0,0.0,0.0,0.0,0.0,0.0
1,0,1.0,0.0,0.0,0.0,0.0,0.0,0.0,0.0,0.0,0.0,0.0
1,0,1.0,0.0,0.0,0.0,0.0,0.0,0.0,0.0,0.0,0.0,0.0
1,0,1.0,0.0,0.0,0.0,0.0,0.0,0.0,0.0,0.0,0.0,0.0
1,0,1.0,0.0,0.0,0.0,0.0,0.0,0.0,0.0,0.0,0.0,0.0
1,0,1.0,0.0,0.0,0.0,0.0,0.0,0.0,0.0,0.0,0.0,0.0
1,0,1.0,0.0,0.0,0.0,0.0,0.0,0.0,0.0,0.0,0.0,0.0
1,0,1.0,0.0,0.0,0.0,0.0,0.0,0.0,0.0,0.0,0.0,0.0
1,0,1.0,0.0,0.0,0.0,0.0,0.0,0.0,0.0,0.0,0.0,0.0
1,0,1.0,0.0,0.0,0.0,0.0,0.0,0.0,0.0,0.0,0.0,0.0
1,0,1.0,0.0,0.0,0.0,0.0,0.0,0.0,0.0,0.0,0.0,0.0
1,0,1.0,0.0,0.0,0.0,0.0,0.0,0.0,0.0,0.0,0.0,0.0
1,0,1.0,0.0,0.0,0.0,0.0,0.0,0.0,0.0,0.0,0.0,0.0
1,0,1.0,0.0,0.0,0.0,0.0,0.0,0.0,0.0,0.0,0.0,0.0
1,0,1.0,0.0,0.0,0.0,0.0,0.0,0.0,0.0,0.0,0.0,0.0
1,0,1.0,0.0,0.0,0.0,0.0,0.0,0.0,0.0,0.0,0.0,0.0
1,0,1.0,0.0,0.0,0.0,0.0,0.0,0.0,0.0,0.0,0.0,0.0
1,0,1.0,0.0,0.0,0.0,0.0,0.0,0.0,0.0,0.0,0.0,0.0
1,0,1.0,0.0,0.0,0.0,0.0,0.0,0.0,0.0,0.0,0.0,0.0
1,0,1.0,0.0,0.0,0.0,0.0,0.0,0.0,0.0,0.0,0.0,0.0
1,0,1.0,0.0,0.0,0.0,0.0,0.0,0.0,0.0,0.0,0.0,0.0
1,0,1.0,0.0,0.0,0.0,0.0,0.0,0.0,0.0,0.0,0.0,0.0
1,0,1.0,0.0,0.0,0.0,0.0,0.0,0.0,0.0,0.0,0.0,0.0
1,0,1.0,0.0,0.0,0.0,0.0,0.0,0.0,0.0,0.0,0.0,0.0
1,0,1.0,0.0,0.0,0.0,0.0,0.0,0.0,0.0,0.0,0.0,0.0
1,0,1.0,0.0,0.0,0.0,0.0,0.0,0.0,0.0,0.0,0.0,0.0
1,0,1.0,0.0,0.0,0.0,0.0,0.0,0.0,0.0,0.0,0.0,0.0
1,0,1.0,0.0,0.0,0.0,0.0,0.0,0.0,0.0,0.0,0.0,0.0
1,0,1.0,0.0,0.0,0.0,0.0,0.0,0.0,0.0,0.0,0.0,0.0
1,0,1.0,0.0,0.0,0.0,0.0,0.0,0.0,0.0,0.0,0.0,0.0
1,0,1.0,0.0,0.0,0.0,0.0,0.0,0.0,0.0,0.0,0.0,0.0
1,0,1.0,0.0,0.0,0.0,0.0,0.0,0.0,0.0,0.0,0.0,0.0
1,0,1.0,0.0,0.0,0.0,0.0,0.0,0.0,0.0,0.0,0.0,0.0
1,0,1.0,0.0,0.0,0.0,0.0,0.0,0.0,0.0,0.0,0.0,0.0
1,0,1.0,0.0,0.0,0.0,0.0,0.0,0.0,0.0,0.0,0.0,0.0
1,0,1.0,0.0,0.0,0.0,0.0,0.0,0.0,0.0,0.0,0.0,0.0
1,0,1.0,0.0,0.0,0.0,0.0,0.0,0.0,0.0,0.0,0.0,0.0
1,0,1.0,0.0,0.0,0.0,0.0,0.0,0.0,0.0,0.0,0.0,0.0
1,0,1.0,0.0,0.0,0.0,0.0,0.0,0.0,0.0,0.0,0.0,0.0
1,0,1.0,0.0,0.0,0.0,0.0,0.0,0.0,0.0,0.0,0.0,0.0
1,0,1.0,0.0,0.0,0.0,0.0,0.0,0.0,0.0,0.0,0.0,0.0
1,0,1.0,0.0,0.0,0.0,0.0,0.0,0.0,0.0,0.0,0.0,0.0
1,0,1.0,0.0,0.0,0.0,0.0,0.0,0.0,0.0,0.0,0.0,0.0
1,0,1.0,0.0,0.0,0.0,0.0,0.0,0.0,0.0,0.0,0.0,0.0
1,0,1.0,0.0,0.0,0.0,0.0,0.0,0.0,0.0,0.0,0.0,0.0
1,0,1.0,0.0,0.0,0.0,0.0,0.0,0.0,0.0,0.0,0.0,0.0
1,0,1.0,0.0,0.0,0.0,0.0,0.0,0.0,0.0,0.0,0.0,0.0
1,0,1.0,0.0,0.0,0.0,0.0,0.0,0.0,0.0,0.0,0.0,0.0
1,0,1.0,0.0,0.0,0.0,0.0,0.0,0.0,0.0,0.0,0.0,0.0
1,0,1.0,0.0,0.0,0.0,0.0,0.0,0.0,0.0,0.0,0.0,0.0
1,0,1.0,0.0,0.0,0.0,0.0,0.0,0.0,0.0,0.0,0.0,0.0
1,0,1.0,0.0,0.0,0.0,0.0,0.0,0.0,0.0,0.0,0.0,0.0
1,0,1.0,0.0,0.0,0.0,0.0,0.0,0.0,0.0,0.0,0.0,0.0
1,0,1.0,0.0,0.0,0.0,0.0,0.0,0.0,0.0,0.0,0.0,0.0
1,0,1.0,0.0,0.0,0.0,0.0,0.0,0.0,0.0,0.0,0.0,0.0
1,0,1.0,0.0,0.0,0.0,0.0,0.0,0.0,0.0,0.0,0.0,0.0
1,0,1.0,0.0,0.0,0.0,0.0,0.0,0.0,0.0,0.0,0.0,0.0
1,0,1.0,0.0,0.0,0.0,0.0,0.0,0.0,0.0,0.0,0.0,0.0
1,0,1.0,0.0,0.0,0.0,0.0,0.0,0.0,0.0,0.0,0.0,0.0
1,0,1.0,0.0,0.0,0.0,0.0,0.0,0.0,0.0,0.0,0.0,0.0
1,0,1.0,0.0,0.0,0.0,0.0,0.0,0.0,0.0,0.0,0.0,0.0
1,0,1.0,0.0,0.0,0.0,0.0,0.0,0.0,0.0,0.0,0.0,0.0
1,0,1.0,0.0,0.0,0.0,0.0,0.0,0.0,0.0,0.0,0.0,0.0
1,0,1.0,0.0,0.0,0.0,0.0,0.0,0.0,0.0,0.0,0.0,0.0
1,0,1.0,0.0,0.0,0.0,0.0,0.0,0.0,0.0,0.0,0.0,0.0
1,0,1.0,0.0,0.0,0.0,0.0,0.0,0.0,0.0,0.0,0.0,0.0
1,0,1.0,0.0,0.0,0.0,0.0,0.0,0.0,0.0,0.0,0.0,0.0
1,0,1.0,0.0,0.0,0.0,0.0,0.0,0.0,0.0,0.0,0.0,0.0
1,0,1.0,0.0,0.0,0.0,0.0,0.0,0.0,0.0,0.0,0.0,0.0
1,0,1.0,0.0,0.0,0.0,0.0,0.0,0.0,0.0,0.0,0.0,0.0
1,0,1.0,0.0,0.0,0.0,0.0,0.0,0.0,0.0,0.0,0.0,0.0
1,0,1.0,0.0,0.0,0.0,0.0,0.0,0.0,0.0,0.0,0.0,0.0
1,0,1.0,0.0,0.0,0.0,0.0,0.0,0.0,0.0,0.0,0.0,0.0
1,0,1.0,0.0,0.0,0.0,0.0,0.0,0.0,0.0,0.0,0.0,0.0
1,0,1.0,0.0,0.0,0.0,0.0,0.0,0.0,0.0,0.0,0.0,0.0
1,0,1.0,0.0,0.0,0.0,0.0,0.0,0.0,0.0,0.0,0.0,0.0
1,0,1.0,0.0,0.0,0.0,0.0,0.0,0.0,0.0,0.0,0.0,0.0
1,0,1.0,0.0,0.0,0.0,0.0,0.0,0.0,0.0,0.0,0.0,0.0
1,0,1.0,0.0,0.0,0.0,0.0,0.0,0.0,0.0,0.0,0.0,0.0
1,0,1.0,0.0,0.0,0.0,0.0,0.0,0.0,0.0,0.0,0.0,0.0
1,0,1.0,0.0,0.0,0.0,0.0,0.0,0.0,0.0,0.0,0.0,0.0
1,0,1.0,0.0,0.0,0.0,0.0,0.0,0.0,0.0,0.0,0.0,0.0
1,0,1.0,0.0,0.0,0.0,0.0,0.0,0.0,0.0,0.0,0.0,0.0
1,0,1.0,0.0,0.0,0.0,0.0,0.0,0.0,0.0,0.0,0.0,0.0
1,0,1.0,0.0,0.0,0.0,0.0,0.0,0.0,0.0,0.0,0.0,0.0
1,0,1.0,0.0,0.0,0.0,0.0,0.0,0.0,0.0,0.0,0.0,0.0
1,0,1.0,0.0,0.0,0.0,0.0,0.0,0.0,0.0,0.0,0.0,0.0
1,0,1.0,0.0,0.0,0.0,0.0,0.0,0.0,0.0,0.0,0.0,0.0
1,0,1.0,0.0,0.0,0.0,0.0,0.0,0.0,0.0,0.0,0.0,0.0
1,0,1.0,0.0,0.0,0.0,0.0,0.0,0.0,0.0,0.0,0.0,0.0
1,0,1.0,0.0,0.0,0.0,0.0,0.0,0.0,0.0,0.0,0.0,0.0
1,0,1.0,0.0,0.0,0.0,0.0,0.0,0.0,0.0,0.0,0.0,0.0
1,0,1.0,0.0,0.0,0.0,0.0,0.0,0.0,0.0,0.0,0.0,0.0
1,0,1.0,0.0,0.0,0.0,0.0,0.0,0.0,0.0,0.0,0.0,0.0
1,0,1.0,0.0,0.0,0.0,0.0,0.0,0.0,0.0,0.0,0.0,0.0
1,0,1.0,0.0,0.0,0.0,0.0,0.0,0.0,0.0,0.0,0.0,0.0
1,0,0.9375,0.0,0.0625,0.0,0.0,0.0,0.0,0.0,0.0,0.0,0.0
1,0,0.9375,0.0,0.0625,0.0,0.0,0.0,0.0,0.0,0.0,0.0,0.0
1,0,0.9375,0.0,0.0625,0.0,0.0,0.0,0.0,0.0,0.0,0.0,0.0
1,0,0.9375,0.0,0.0625,0.0,0.0,0.0,0.0,0.0,0.0,0.0,0.0
1,0,0.9375,0.0,0.0625,0.0,0.0,0.0,0.0,0.0,0.0,0.0,0.0
1,0,0.9375,0.0,0.0625,0.0,0.0,0.0,0.0,0.0,0.0,0.0,0.0
1,0,0.9375,0.0,0.0625,0.0,0.0,0.0,0.0,0.0,0.0,0.0,0.0
1,0,0.9375,0.0,0.0625,0.0,0.0,0.0,0.0,0.0,0.0,0.0,0.0
1,0,0.9375,0.0,0.0625,0.0,0.0,0.0,0.0,0.0,0.0,0.0,0.0
1,0,0.9375,0.0,0.0625,0.0,0.0,0.0,0.0,0.0,0.0,0.0,0.0
1,0,0.9375,0.0,0.0625,0.0,0.0,0.0,0.0,0.0,0.0,0.0,0.0
1,0,0.9375,0.0,0.0625,0.0,0.0,0.0,0.0,0.0,0.0,0.0,0.0
1,0,0.9375,0.0,0.0625,0.0,0.0,0.0,0.0,0.0,0.0,0.0,0.0
1,0,0.9375,0.0,0.0625,0.0,0.0,0.0,0.0,0.0,0.0,0.0,0.0
1,0,0.9375,0.0,0.0625,0.0,0.0,0.0,0.0,0.0,0.0,0.0,0.0
1,0,0.9375,0.0,0.0625,0.0,0.0,0.0,0.0,0.0,0.0,0.0,0.0
1,0,0.9375,0.0,0.0625,0.0,0.0,0.0,0.0,0.0,0.0,0.0,0.0
1,0,0.9375,0.0,0.0625,0.0,0.0,0.0,0.0,0.0,0.0,0.0,0.0
1,0,0.9375,0.0,0.0625,0.0,0.0,0.0,0.0,0.0,0.0,0.0,0.0
1,0,0.9375,0.0,0.0625,0.0,0.0,0.0,0.0,0.0,0.0,0.0,0.0
1,0,0.9375,0.0,0.0625,0.0,0.0,0.0,0.0,0.0,0.0,0.0,0.0
1,0,0.9375,0.0,0.0625,0.0,0.0,0.0,0.0,0.0,0.0,0.0,0.0
1,0,0.9375,0.0,0.0625,0.0,0.0,0.0,0.0,0.0,0.0,0.0,0.0
1,0,0.9375,0.0,0.0625,0.0,0.0,0.0,0.0,0.0,0.0,0.0,0.0
1,0,0.9375,0.0,0.0625,0.0,0.0,0.0,0.0,0.0,0.0,0.0,0.0
1,0,0.9375,0.0,0.0625,0.0,0.0,0.0,0.0,0.0,0.0,0.0,0.0
1,0,0.9375,0.0,0.0625,0.0,0.0,0.0,0.0,0.0,0.0,0.0,0.0
1,0,0.9375,0.0,0.0625,0.0,0.0,0.0,0.0,0.0,0.0,0.0,0.0
1,0,0.9375,0.0,0.0625,0.0,0.0,0.0,0.0,0.0,0.0,0.0,0.0
1,0,0.9375,0.0,0.0625,0.0,0.0,0.0,0.0,0.0,0.0,0.0,0.0
1,0,0.9375,0.0,0.0625,0.0,0.0,0.0,0.0,0.0,0.0,0.0,0.0
1,0,0.9375,0.0,0.0625,0.0,0.0,0.0,0.0,0.0,0.0,0.0,0.0
1,0,0.9375,0.0,0.0625,0.0,0.0,0.0,0.0,0.0,0.0,0.0,0.0
1,0,0.9375,0.0,0.0625,0.0,0.0,0.0,0.0,0.0,0.0,0.0,0.0
1,0,0.9375,0.0,0.0625,0.0,0.0,0.0,0.0,0.0,0.0,0.0,0.0
1,0,0.9375,0.0,0.0625,0.0,0.0,0.0,0.0,0.0,0.0,0.0,0.0
1,0,0.9375,0.0,0.0625,0.0,0.0,0.0,0.0,0.0,0.0,0.0,0.0
1,0,0.9375,0.0,0.0625,0.0,0.0,0.0,0.0,0.0,0.0,0.0,0.0
1,0,0.9375,0.0,0.0625,0.0,0.0,0.0,0.0,0.0,0.0,0.0,0.0
1,0,0.9375,0.0,0.0625,0.0,0.0,0.0,0.0,0.0,0.0,0.0,0.0
1,0,0.9375,0.0,0.0625,0.0,0.0,0.0,0.0,0.0,0.0,0.0,0.0
1,0,0.9375,0.0,0.0625,0.0,0.0,0.0,0.0,0.0,0.0,0.0,0.0
1,0,0.9375,0.0,0.0625,0.0,0.0,0.0,0.0,0.0,0.0,0.0,0.0
1,0,0.9375,0.0,0.0625,0.0,0.0,0.0,0.0,0.0,0.0,0.0,0.0
1,0,0.9375,0.0,0.0625,0.0,0.0,0.0,0.0,0.0,0.0,0.0,0.0
1,0,0.9375,0.0,0.0625,0.0,0.0,0.0,0.0,0.0,0.0,0.0,0.0
1,0,0.9375,0.0,0.0625,0.0,0.0,0.0,0.0,0.0,0.0,0.0,0.0
1,0,0.9375,0.0,0.0625,0.0,0.0,0.0,0.0,0.0,0.0,0.0,0.0
1,0,0.9375,0.0,0.0625,0.0,0.0,0.0,0.0,0.0,0.0,0.0,0.0
1,0,0.9375,0.0,0.0625,0.0,0.0,0.0,0.0,0.0,0.0,0.0,0.0
1,0,0.9375,0.0,0.0625,0.0,0.0,0.0,0.0,0.0,0.0,0.0,0.0
1,0,0.9375,0.0,0.0625,0.0,0.0,0.0,0.0,0.0,0.0,0.0,0.0
1,0,0.9375,0.0,0.0625,0.0,0.0,0.0,0.0,0.0,0.0,0.0,0.0
1,0,0.9375,0.0,0.0625,0.0,0.0,0.0,0.0,0.0,0.0,0.0,0.0
1,0,0.9375,0.0,0.0625,0.0,0.0,0.0,0.0,0.0,0.0,0.0,0.0
1,0,0.9375,0.0,0.0625,0.0,0.0,0.0,0.0,0.0,0.0,0.0,0.0
1,0,0.9375,0.0,0.0625,0.0,0.0,0.0,0.0,0.0,0.0,0.0,0.0
1,0,0.9375,0.0,0.0625,0.0,0.0,0.0,0.0,0.0,0.0,0.0,0.0
1,0,0.9375,0.0,0.0625,0.0,0.0,0.0,0.0,0.0,0.0,0.0,0.0
1,0,0.9375,0.0,0.0625,0.0,0.0,0.0,0.0,0.0,0.0,0.0,0.0
1,0,0.9375,0.0,0.0625,0.0,0.0,0.0,0.0,0.0,0.0,0.0,0.0
1,0,0.9375,0.0,0.0625,0.0,0.0,0.0,0.0,0.0,0.0,0.0,0.0
1,0,0.9375,0.0,0.0625,0.0,0.0,0.0,0.0,0.0,0.0,0.0,0.0
1,0,0.9375,0.0,0.0625,0.0,0.0,0.0,0.0,0.0,0.0,0.0,0.0
1,0,0.9375,0.0,0.0625,0.0,0.0,0.0,0.0,0.0,0.0,0.0,0.0
1,0,0.9375,0.0,0.0625,0.0,0.0,0.0,0.0,0.0,0.0,0.0,0.0
1,0,0.9375,0.0,0.0625,0.0,0.0,0.0,0.0,0.0,0.0,0.0,0.0
1,0,0.9375,0.0,0.0625,0.0,0.0,0.0,0.0,0.0,0.0,0.0,0.0
1,0,0.9375,0.0,0.0625,0.0,0.0,0.0,0.0,0.0,0.0,0.0,0.0
1,0,0.9375,0.0,0.0625,0.0,0.0,0.0,0.0,0.0,0.0,0.0,0.0
1,0,0.9375,0.0,0.0625,0.0,0.0,0.0,0.0,0.0,0.0,0.0,0.0
1,0,0.9375,0.0,0.0625,0.0,0.0,0.0,0.0,0.0,0.0,0.0,0.0
1,0,0.9375,0.0,0.0625,0.0,0.0,0.0,0.0,0.0,0.0,0.0,0.0
1,0,0.9375,0.0,0.0625,0.0,0.0,0.0,0.0,0.0,0.0,0.0,0.0
1,0,0.9375,0.0,0.0625,0.0,0.0,0.0,0.0,0.0,0.0,0.0,0.0
1,0,0.9375,0.0,0.0625,0.0,0.0,0.0,0.0,0.0,0.0,0.0,0.0
1,0,0.9375,0.0,0.0625,0.0,0.0,0.0,0.0,0.0,0.0,0.0,0.0
1,0,0.9375,0.0,0.0625,0.0,0.0,0.0,0.0,0.0,0.0,0.0,0.0
1,0,0.9375,0.0,0.0625,0.0,0.0,0.0,0.0,0.0,0.0,0.0,0.0
1,0,0.9375,0.0,0.0625,0.0,0.0,0.0,0.0,0.0,0.0,0.0,0.0
1,0,0.9375,0.0,0.0625,0.0,0.0,0.0,0.0,0.0,0.0,0.0,0.0
1,0,0.9375,0.0,0.0625,0.0,0.0,0.0,0.0,0.0,0.0,0.0,0.0
1,0,0.9375,0.0,0.0625,0.0,0.0,0.0,0.0,0.0,0.0,0.0,0.0
1,0,0.9375,0.0,0.0625,0.0,0.0,0.0,0.0,0.0,0.0,0.0,0.0
1,0,0.9375,0.0,0.0625,0.0,0.0,0.0,0.0,0.0,0.0,0.0,0.0
1,0,0.9375,0.0,0.0625,0.0,0.0,0.0,0.0,0.0,0.0,0.0,0.0
1,0,0.9375,0.0,0.0625,0.0,0.0,0.0,0.0,0.0,0.0,0.0,0.0
1,0,0.9375,0.0,0.0625,0.0,0.0,0.0,0.0,0.0,0.0,0.0,0.0
1,0,0.9375,0.0,0.0625,0.0,0.0,0.0,0.0,0.0,0.0,0.0,0.0
1,0,0.9375,0.0,0.0625,0.0,0.0,0.0,0.0,0.0,0.0,0.0,0.0
1,0,0.9375,0.0,0.0625,0.0,0.0,0.0,0.0,0.0,0.0,0.0,0.0
1,0,0.9375,0.0,0.0625,0.0,0.0,0.0,0.0,0.0,0.0,0.0,0.0
1,0,0.9375,0.0,0.0625,0.0,0.0,0.0,0.0,0.0,0.0,0.0,0.0
1,0,0.9375,0.0,0.0625,0.0,0.0,0.0,0.0,0.0,0.0,0.0,0.0
1,0,0.9375,0.0,0.0625,0.0,0.0,0.0,0.0,0.0,0.0,0.0,0.0
1,0,0.9375,0.0,0.0625,0.0,0.0,0.0,0.0,0.0,0.0,0.0,0.0
1,0,0.9375,0.0,0.0625,0.0,0.0,0.0,0.0,0.0,0.0,0.0,0.0
1,0,0.9375,0.0,0.0625,0.0,0.0,0.0,0.0,0.0,0.0,0.0,0.0
1,0,0.9375,0.0,0.0625,0.0,0.0,0.0,0.0,0.0,0.0,0.0,0.0
1,0,0.9375,0.0,0.0625,0.0,0.0,0.0,0.0,0.0,0.0,0.0,0.0
1,0,0.9375,0.0,0.0625,0.0,0.0,0.0,0.0,0.0,0.0,0.0,0.0
1,0,0.9375,0.0,0.0625,0.0,0.0,0.0,0.0,0.0,0.0,0.0,0.0
1,0,0.9375,0.0,0.0625,0.0,0.0,0.0,0.0,0.0,0.0,0.0,0.0
1,0,0.9375,0.0,0.0625,0.0,0.0,0.0,0.0,0.0,0.0,0.0,0.0
1,0,0.9375,0.0,0.0625,0.0,0.0,0.0,0.0,0.0,0.0,0.0,0.0
1,0,0.9375,0.0,0.0625,0.0,0.0,0.0,0.0,0.0,0.0,0.0,0.0
1,0,0.9375,0.0,0.0625,0.0,0.0,0.0,0.0,0.0,0.0,0.0,0.0
1,0,0.9375,0.0,0.0625,0.0,0.0,0.0,0.0,0.0,0.0,0.0,0.0
1,0,0.9375,0.0,0.0625,0.0,0.0,0.0,0.0,0.0,0.0,0.0,0.0
1,0,0.9375,0.0,0.0625,0.0,0.0,0.0,0.0,0.0,0.0,0.0,0.0
1,0,0.9375,0.0,0.0625,0.0,0.0,0.0,0.0,0.0,0.0,0.0,0.0
1,0,0.9375,0.0,0.0625,0.0,0.0,0.0,0.0,0.0,0.0,0.0,0.0
1,0,1.0,0.0,0.0,0.0,0.0,0.0,0.0,0.0,0.0,0.0,0.0
1,0,1.0,0.0,0.0,0.0,0.0,0.0,0.0,0.0,0.0,0.0,0.0
1,0,1.0,0.0,0.0,0.0,0.0,0.0,0.0,0.0,0.0,0.0,0.0
1,0,1.0,0.0,0.0,0.0,0.0,0.0,0.0,0.0,0.0,0.0,0.0
1,0,1.0,0.0,0.0,0.0,0.0,0.0,0.0,0.0,0.0,0.0,0.0
1,0,1.0,0.0,0.0,0.0,0.0,0.0,0.0,0.0,0.0,0.0,0.0
1,0,1.0,0.0,0.0,0.0,0.0,0.0,0.0,0.0,0.0,0.0,0.0
1,0,1.0,0.0,0.0,0.0,0.0,0.0,0.0,0.0,0.0,0.0,0.0
1,0,1.0,0.0,0.0,0.0,0.0,0.0,0.0,0.0,0.0,0.0,0.0
1,0,1.0,0.0,0.0,0.0,0.0,0.0,0.0,0.0,0.0,0.0,0.0
1,0,1.0,0.0,0.0,0.0,0.0,0.0,0.0,0.0,0.0,0.0,0.0
1,0,1.0,0.0,0.0,0.0,0.0,0.0,0.0,0.0,0.0,0.0,0.0
1,0,1.0,0.0,0.0,0.0,0.0,0.0,0.0,0.0,0.0,0.0,0.0
1,0,1.0,0.0,0.0,0.0,0.0,0.0,0.0,0.0,0.0,0.0,0.0
1,0,1.0,0.0,0.0,0.0,0.0,0.0,0.0,0.0,0.0,0.0,0.0
1,0,1.0,0.0,0.0,0.0,0.0,0.0,0.0,0.0,0.0,0.0,0.0
1,0,1.0,0.0,0.0,0.0,0.0,0.0,0.0,0.0,0.0,0.0,0.0
1,0,1.0,0.0,0.0,0.0,0.0,0.0,0.0,0.0,0.0,0.0,0.0
1,0,1.0,0.0,0.0,0.0,0.0,0.0,0.0,0.0,0.0,0.0,0.0
1,0,1.0,0.0,0.0,0.0,0.0,0.0,0.0,0.0,0.0,0.0,0.0
1,0,1.0,0.0,0.0,0.0,0.0,0.0,0.0,0.0,0.0,0.0,0.0
1,0,1.0,0.0,0.0,0.0,0.0,0.0,0.0,0.0,0.0,0.0,0.0
1,0,1.0,0.0,0.0,0.0,0.0,0.0,0.0,0.0,0.0,0.0,0.0
1,0,1.0,0.0,0.0,0.0,0.0,0.0,0.0,0.0,0.0,0.0,0.0
1,0,1.0,0.0,0.0,0.0,0.0,0.0,0.0,0.0,0.0,0.0,0.0
1,0,1.0,0.0,0.0,0.0,0.0,0.0,0.0,0.0,0.0,0.0,0.0
1,0,1.0,0.0,0.0,0.0,0.0,0.0,0.0,0.0,0.0,0.0,0.0
1,0,1.0,0.0,0.0,0.0,0.0,0.0,0.0,0.0,0.0,0.0,0.0
1,0,1.0,0.0,0.0,0.0,0.0,0.0,0.0,0.0,0.0,0.0,0.0
1,0,1.0,0.0,0.0,0.0,0.0,0.0,0.0,0.0,0.0,0.0,0.0
1,0,1.0,0.0,0.0,0.0,0.0,0.0,0.0,0.0,0.0,0.0,0.0
1,0,1.0,0.0,0.0,0.0,0.0,0.0,0.0,0.0,0.0,0.0,0.0
1,0,1.0,0.0,0.0,0.0,0.0,0.0,0.0,0.0,0.0,0.0,0.0
1,0,1.0,0.0,0.0,0.0,0.0,0.0,0.0,0.0,0.0,0.0,0.0
1,0,1.0,0.0,0.0,0.0,0.0,0.0,0.0,0.0,0.0,0.0,0.0
1,0,1.0,0.0,0.0,0.0,0.0,0.0,0.0,0.0,0.0,0.0,0.0
1,0,1.0,0.0,0.0,0.0,0.0,0.0,0.0,0.0,0.0,0.0,0.0
1,0,1.0,0.0,0.0,0.0,0.0,0.0,0.0,0.0,0.0,0.0,0.0
1,0,1.0,0.0,0.0,0.0,0.0,0.0,0.0,0.0,0.0,0.0,0.0
1,0,1.0,0.0,0.0,0.0,0.0,0.0,0.0,0.0,0.0,0.0,0.0
1,0,1.0,0.0,0.0,0.0,0.0,0.0,0.0,0.0,0.0,0.0,0.0
1,0,1.0,0.0,0.0,0.0,0.0,0.0,0.0,0.0,0.0,0.0,0.0
1,0,1.0,0.0,0.0,0.0,0.0,0.0,0.0,0.0,0.0,0.0,0.0
1,0,1.0,0.0,0.0,0.0,0.0,0.0,0.0,0.0,0.0,0.0,0.0
1,0,1.0,0.0,0.0,0.0,0.0,0.0,0.0,0.0,0.0,0.0,0.0
1,0,1.0,0.0,0.0,0.0,0.0,0.0,0.0,0.0,0.0,0.0,0.0
1,0,1.0,0.0,0.0,0.0,0.0,0.0,0.0,0.0,0.0,0.0,0.0
1,0,1.0,0.0,0.0,0.0,0.0,0.0,0.0,0.0,0.0,0.0,0.0
1,0,1.0,0.0,0.0,0.0,0.0,0.0,0.0,0.0,0.0,0.0,0.0
1,0,1.0,0.0,0.0,0.0,0.0,0.0,0.0,0.0,0.0,0.0,0.0
1,0,1.0,0.0,0.0,0.0,0.0,0.0,0.0,0.0,0.0,0.0,0.0
1,0,1.0,0.0,0.0,0.0,0.0,0.0,0.0,0.0,0.0,0.0,0.0
1,0,1.0,0.0,0.0,0.0,0.0,0.0,0.0,0.0,0.0,0.0,0.0
1,0,1.0,0.0,0.0,0.0,0.0,0.0,0.0,0.0,0.0,0.0,0.0
1,0,1.0,0.0,0.0,0.0,0.0,0.0,0.0,0.0,0.0,0.0,0.0
1,0,1.0,0.0,0.0,0.0,0.0,0.0,0.0,0.0,0.0,0.0,0.0
1,0,1.0,0.0,0.0,0.0,0.0,0.0,0.0,0.0,0.0,0.0,0.0
1,0,1.0,0.0,0.0,0.0,0.0,0.0,0.0,0.0,0.0,0.0,0.0
1,0,1.0,0.0,0.0,0.0,0.0,0.0,0.0,0.0,0.0,0.0,0.0
1,0,1.0,0.0,0.0,0.0,0.0,0.0,0.0,0.0,0.0,0.0,0.0
1,0,1.0,0.0,0.0,0.0,0.0,0.0,0.0,0.0,0.0,0.0,0.0
1,0,1.0,0.0,0.0,0.0,0.0,0.0,0.0,0.0,0.0,0.0,0.0
1,0,1.0,0.0,0.0,0.0,0.0,0.0,0.0,0.0,0.0,0.0,0.0
1,0,1.0,0.0,0.0,0.0,0.0,0.0,0.0,0.0,0.0,0.0,0.0
1,0,1.0,0.0,0.0,0.0,0.0,0.0,0.0,0.0,0.0,0.0,0.0
1,0,1.0,0.0,0.0,0.0,0.0,0.0,0.0,0.0,0.0,0.0,0.0
1,0,1.0,0.0,0.0,0.0,0.0,0.0,0.0,0.0,0.0,0.0,0.0
1,0,1.0,0.0,0.0,0.0,0.0,0.0,0.0,0.0,0.0,0.0,0.0
1,0,1.0,0.0,0.0,0.0,0.0,0.0,0.0,0.0,0.0,0.0,0.0
1,0,1.0,0.0,0.0,0.0,0.0,0.0,0.0,0.0,0.0,0.0,0.0
1,0,1.0,0.0,0.0,0.0,0.0,0.0,0.0,0.0,0.0,0.0,0.0
1,0,1.0,0.0,0.0,0.0,0.0,0.0,0.0,0.0,0.0,0.0,0.0
1,0,1.0,0.0,0.0,0.0,0.0,0.0,0.0,0.0,0.0,0.0,0.0
1,0,1.0,0.0,0.0,0.0,0.0,0.0,0.0,0.0,0.0,0.0,0.0
1,0,1.0,0.0,0.0,0.0,0.0,0.0,0.0,0.0,0.0,0.0,0.0
1,0,1.0,0.0,0.0,0.0,0.0,0.0,0.0,0.0,0.0,0.0,0.0
1,0,1.0,0.0,0.0,0.0,0.0,0.0,0.0,0.0,0.0,0.0,0.0
1,0,1.0,0.0,0.0,0.0,0.0,0.0,0.0,0.0,0.0,0.0,0.0
1,0,1.0,0.0,0.0,0.0,0.0,0.0,0.0,0.0,0.0,0.0,0.0
1,0,1.0,0.0,0.0,0.0,0.0,0.0,0.0,0.0,0.0,0.0,0.0
1,0,1.0,0.0,0.0,0.0,0.0,0.0,0.0,0.0,0.0,0.0,0.0
1,0,1.0,0.0,0.0,0.0,0.0,0.0,0.0,0.0,0.0,0.0,0.0
1,0,1.0,0.0,0.0,0.0,0.0,0.0,0.0,0.0,0.0,0.0,0.0
1,0,1.0,0.0,0.0,0.0,0.0,0.0,0.0,0.0,0.0,0.0,0.0
1,0,1.0,0.0,0.0,0.0,0.0,0.0,0.0,0.0,0.0,0.0,0.0
1,0,1.0,0.0,0.0,0.0,0.0,0.0,0.0,0.0,0.0,0.0,0.0
1,0,1.0,0.0,0.0,0.0,0.0,0.0,0.0,0.0,0.0,0.0,0.0
1,0,1.0,0.0,0.0,0.0,0.0,0.0,0.0,0.0,0.0,0.0,0.0
1,0,1.0,0.0,0.0,0.0,0.0,0.0,0.0,0.0,0.0,0.0,0.0
1,0,1.0,0.0,0.0,0.0,0.0,0.0,0.0,0.0,0.0,0.0,0.0
1,0,1.0,0.0,0.0,0.0,0.0,0.0,0.0,0.0,0.0,0.0,0.0
1,0,1.0,0.0,0.0,0.0,0.0,0.0,0.0,0.0,0.0,0.0,0.0
1,0,1.0,0.0,0.0,0.0,0.0,0.0,0.0,0.0,0.0,0.0,0.0
1,0,1.0,0.0,0.0,0.0,0.0,0.0,0.0,0.0,0.0,0.0,0.0
1,0,1.0,0.0,0.0,0.0,0.0,0.0,0.0,0.0,0.0,0.0,0.0
1,0,1.0,0.0,0.0,0.0,0.0,0.0,0.0,0.0,0.0,0.0,0.0
1,0,1.0,0.0,0.0,0.0,0.0,0.0,0.0,0.0,0.0,0.0,0.0
1,0,1.0,0.0,0.0,0.0,0.0,0.0,0.0,0.0,0.0,0.0,0.0
1,0,1.0,0.0,0.0,0.0,0.0,0.0,0.0,0.0,0.0,0.0,0.0
1,0,1.0,0.0,0.0,0.0,0.0,0.0,0.0,0.0,0.0,0.0,0.0
1,0,1.0,0.0,0.0,0.0,0.0,0.0,0.0,0.0,0.0,0.0,0.0
1,0,1.0,0.0,0.0,0.0,0.0,0.0,0.0,0.0,0.0,0.0,0.0
1,0,1.0,0.0,0.0,0.0,0.0,0.0,0.0,0.0,0.0,0.0,0.0
1,0,1.0,0.0,0.0,0.0,0.0,0.0,0.0,0.0,0.0,0.0,0.0
1,0,1.0,0.0,0.0,0.0,0.0,0.0,0.0,0.0,0.0,0.0,0.0
1,0,1.0,0.0,0.0,0.0,0.0,0.0,0.0,0.0,0.0,0.0,0.0
1,0,1.0,0.0,0.0,0.0,0.0,0.0,0.0,0.0,0.0,0.0,0.0
1,0,1.0,0.0,0.0,0.0,0.0,0.0,0.0,0.0,0.0,0.0,0.0
1,0,1.0,0.0,0.0,0.0,0.0,0.0,0.0,0.0,0.0,0.0,0.0
1,0,1.0,0.0,0.0,0.0,0.0,0.0,0.0,0.0,0.0,0.0,0.0
1,0,1.0,0.0,0.0,0.0,0.0,0.0,0.0,0.0,0.0,0.0,0.0
1,0,1.0,0.0,0.0,0.0,0.0,0.0,0.0,0.0,0.0,0.0,0.0
1,0,1.0,0.0,0.0,0.0,0.0,0.0,0.0,0.0,0.0,0.0,0.0
1,0,1.0,0.0,0.0,0.0,0.0,0.0,0.0,0.0,0.0,0.0,0.0
1,0,1.0,0.0,0.0,0.0,0.0,0.0,0.0,0.0,0.0,0.0,0.0
1,0,1.0,0.0,0.0,0.0,0.0,0.0,0.0,0.0,0.0,0.0,0.0
1,0,1.0,0.0,0.0,0.0,0.0,0.0,0.0,0.0,0.0,0.0,0.0
1,0,1.0,0.0,0.0,0.0,0.0,0.0,0.0,0.0,0.0,0.0,0.0
1,0,1.0,0.0,0.0,0.0,0.0,0.0,0.0,0.0,0.0,0.0,0.0
1,0,1.0,0.0,0.0,0.0,0.0,0.0,0.0,0.0,0.0,0.0,0.0
1,0,1.0,0.0,0.0,0.0,0.0,0.0,0.0,0.0,0.0,0.0,0.0
1,0,1.0,0.0,0.0,0.0,0.0,0.0,0.0,0.0,0.0,0.0,0.0
1,0,1.0,0.0,0.0,0.0,0.0,0.0,0.0,0.0,0.0,0.0,0.0
1,0,1.0,0.0,0.0,0.0,0.0,0.0,0.0,0.0,0.0,0.0,0.0
1,0,1.0,0.0,0.0,0.0,0.0,0.0,0.0,0.0,0.0,0.0,0.0
1,0,1.0,0.0,0.0,0.0,0.0,0.0,0.0,0.0,0.0,0.0,0.0
1,0,1.0,0.0,0.0,0.0,0.0,0.0,0.0,0.0,0.0,0.0,0.0
1,0,1.0,0.0,0.0,0.0,0.0,0.0,0.0,0.0,0.0,0.0,0.0
1,0,1.0,0.0,0.0,0.0,0.0,0.0,0.0,0.0,0.0,0.0,0.0
1,0,1.0,0.0,0.0,0.0,0.0,0.0,0.0,0.0,0.0,0.0,0.0
1,0,1.0,0.0,0.0,0.0,0.0,0.0,0.0,0.0,0.0,0.0,0.0
1,0,1.0,0.0,0.0,0.0,0.0,0.0,0.0,0.0,0.0,0.0,0.0
1,0,1.0,0.0,0.0,0.0,0.0,0.0,0.0,0.0,0.0,0.0,0.0
1,0,1.0,0.0,0.0,0.0,0.0,0.0,0.0,0.0,0.0,0.0,0.0
1,0,1.0,0.0,0.0,0.0,0.0,0.0,0.0,0.0,0.0,0.0,0.0
1,0,1.0,0.0,0.0,0.0,0.0,0.0,0.0,0.0,0.0,0.0,0.0
1,0,1.0,0.0,0.0,0.0,0.0,0.0,0.0,0.0,0.0,0.0,0.0
1,0,1.0,0.0,0.0,0.0,0.0,0.0,0.0,0.0,0.0,0.0,0.0
1,0,1.0,0.0,0.0,0.0,0.0,0.0,0.0,0.0,0.0,0.0,0.0
1,0,1.0,0.0,0.0,0.0,0.0,0.0,0.0,0.0,0.0,0.0,0.0
1,0,1.0,0.0,0.0,0.0,0.0,0.0,0.0,0.0,0.0,0.0,0.0
1,0,1.0,0.0,0.0,0.0,0.0,0.0,0.0,0.0,0.0,0.0,0.0
1,0,1.0,0.0,0.0,0.0,0.0,0.0,0.0,0.0,0.0,0.0,0.0
1,0,1.0,0.0,0.0,0.0,0.0,0.0,0.0,0.0,0.0,0.0,0.0
1,0,1.0,0.0,0.0,0.0,0.0,0.0,0.0,0.0,0.0,0.0,0.0
1,0,1.0,0.0,0.0,0.0,0.0,0.0,0.0,0.0,0.0,0.0,0.0
1,0,1.0,0.0,0.0,0.0,0.0,0.0,0.0,0.0,0.0,0.0,0.0
1,0,1.0,0.0,0.0,0.0,0.0,0.0,0.0,0.0,0.0,0.0,0.0
1,0,1.0,0.0,0.0,0.0,0.0,0.0,0.0,0.0,0.0,0.0,0.0
1,0,1.0,0.0,0.0,0.0,0.0,0.0,0.0,0.0,0.0,0.0,0.0
1,0,1.0,0.0,0.0,0.0,0.0,0.0,0.0,0.0,0.0,0.0,0.0
1,0,1.0,0.0,0.0,0.0,0.0,0.0,0.0,0.0,0.0,0.0,0.0
1,0,1.0,0.0,0.0,0.0,0.0,0.0,0.0,0.0,0.0,0.0,0.0
1,0,1.0,0.0,0.0,0.0,0.0,0.0,0.0,0.0,0.0,0.0,0.0
1,0,1.0,0.0,0.0,0.0,0.0,0.0,0.0,0.0,0.0,0.0,0.0
1,0,1.0,0.0,0.0,0.0,0.0,0.0,0.0,0.0,0.0,0.0,0.0
1,0,1.0,0.0,0.0,0.0,0.0,0.0,0.0,0.0,0.0,0.0,0.0
1,0,1.0,0.0,0.0,0.0,0.0,0.0,0.0,0.0,0.0,0.0,0.0
1,0,1.0,0.0,0.0,0.0,0.0,0.0,0.0,0.0,0.0,0.0,0.0
1,0,1.0,0.0,0.0,0.0,0.0,0.0,0.0,0.0,0.0,0.0,0.0
1,0,1.0,0.0,0.0,0.0,0.0,0.0,0.0,0.0,0.0,0.0,0.0
1,0,1.0,0.0,0.0,0.0,0.0,0.0,0.0,0.0,0.0,0.0,0.0
1,0,1.0,0.0,0.0,0.0,0.0,0.0,0.0,0.0,0.0,0.0,0.0
1,0,1.0,0.0,0.0,0.0,0.0,0.0,0.0,0.0,0.0,0.0,0.0
1,0,1.0,0.0,0.0,0.0,0.0,0.0,0.0,0.0,0.0,0.0,0.0
1,0,1.0,0.0,0.0,0.0,0.0,0.0,0.0,0.0,0.0,0.0,0.0
1,0,1.0,0.0,0.0,0.0,0.0,0.0,0.0,0.0,0.0,0.0,0.0
1,0,1.0,0.0,0.0,0.0,0.0,0.0,0.0,0.0,0.0,0.0,0.0
1,0,1.0,0.0,0.0,0.0,0.0,0.0,0.0,0.0,0.0,0.0,0.0
1,0,1.0,0.0,0.0,0.0,0.0,0.0,0.0,0.0,0.0,0.0,0.0
1,0,1.0,0.0,0.0,0.0,0.0,0.0,0.0,0.0,0.0,0.0,0.0
1,0,1.0,0.0,0.0,0.0,0.0,0.0,0.0,0.0,0.0,0.0,0.0
1,0,1.0,0.0,0.0,0.0,0.0,0.0,0.0,0.0,0.0,0.0,0.0
1,0,1.0,0.0,0.0,0.0,0.0,0.0,0.0,0.0,0.0,0.0,0.0
1,0,1.0,0.0,0.0,0.0,0.0,0.0,0.0,0.0,0.0,0.0,0.0
1,0,1.0,0.0,0.0,0.0,0.0,0.0,0.0,0.0,0.0,0.0,0.0
1,0,1.0,0.0,0.0,0.0,0.0,0.0,0.0,0.0,0.0,0.0,0.0
1,0,1.0,0.0,0.0,0.0,0.0,0.0,0.0,0.0,0.0,0.0,0.0
1,0,1.0,0.0,0.0,0.0,0.0,0.0,0.0,0.0,0.0,0.0,0.0
1,0,1.0,0.0,0.0,0.0,0.0,0.0,0.0,0.0,0.0,0.0,0.0
1,0,1.0,0.0,0.0,0.0,0.0,0.0,0.0,0.0,0.0,0.0,0.0
1,0,1.0,0.0,0.0,0.0,0.0,0.0,0.0,0.0,0.0,0.0,0.0
1,0,1.0,0.0,0.0,0.0,0.0,0.0,0.0,0.0,0.0,0.0,0.0
1,0,1.0,0.0,0.0,0.0,0.0,0.0,0.0,0.0,0.0,0.0,0.0
1,0,1.0,0.0,0.0,0.0,0.0,0.0,0.0,0.0,0.0,0.0,0.0
1,0,1.0,0.0,0.0,0.0,0.0,0.0,0.0,0.0,0.0,0.0,0.0
1,0,1.0,0.0,0.0,0.0,0.0,0.0,0.0,0.0,0.0,0.0,0.0
1,0,1.0,0.0,0.0,0.0,0.0,0.0,0.0,0.0,0.0,0.0,0.0
1,0,1.0,0.0,0.0,0.0,0.0,0.0,0.0,0.0,0.0,0.0,0.0
1,0,1.0,0.0,0.0,0.0,0.0,0.0,0.0,0.0,0.0,0.0,0.0
1,0,1.0,0.0,0.0,0.0,0.0,0.0,0.0,0.0,0.0,0.0,0.0
1,0,1.0,0.0,0.0,0.0,0.0,0.0,0.0,0.0,0.0,0.0,0.0
1,0,1.0,0.0,0.0,0.0,0.0,0.0,0.0,0.0,0.0,0.0,0.0
1,0,1.0,0.0,0.0,0.0,0.0,0.0,0.0,0.0,0.0,0.0,0.0
1,0,1.0,0.0,0.0,0.0,0.0,0.0,0.0,0.0,0.0,0.0,0.0
1,0,1.0,0.0,0.0,0.0,0.0,0.0,0.0,0.0,0.0,0.0,0.0
1,0,1.0,0.0,0.0,0.0,0.0,0.0,0.0,0.0,0.0,0.0,0.0
1,0,1.0,0.0,0.0,0.0,0.0,0.0,0.0,0.0,0.0,0.0,0.0
1,0,1.0,0.0,0.0,0.0,0.0,0.0,0.0,0.0,0.0,0.0,0.0
1,0,1.0,0.0,0.0,0.0,0.0,0.0,0.0,0.0,0.0,0.0,0.0
1,0,1.0,0.0,0.0,0.0,0.0,0.0,0.0,0.0,0.0,0.0,0.0
1,0,1.0,0.0,0.0,0.0,0.0,0.0,0.0,0.0,0.0,0.0,0.0
1,0,1.0,0.0,0.0,0.0,0.0,0.0,0.0,0.0,0.0,0.0,0.0
1,0,1.0,0.0,0.0,0.0,0.0,0.0,0.0,0.0,0.0,0.0,0.0
1,0,1.0,0.0,0.0,0.0,0.0,0.0,0.0,0.0,0.0,0.0,0.0
1,0,1.0,0.0,0.0,0.0,0.0,0.0,0.0,0.0,0.0,0.0,0.0
1,0,1.0,0.0,0.0,0.0,0.0,0.0,0.0,0.0,0.0,0.0,0.0
1,0,1.0,0.0,0.0,0.0,0.0,0.0,0.0,0.0,0.0,0.0,0.0
1,0,1.0,0.0,0.0,0.0,0.0,0.0,0.0,0.0,0.0,0.0,0.0
1,0,1.0,0.0,0.0,0.0,0.0,0.0,0.0,0.0,0.0,0.0,0.0
1,0,1.0,0.0,0.0,0.0,0.0,0.0,0.0,0.0,0.0,0.0,0.0
1,0,1.0,0.0,0.0,0.0,0.0,0.0,0.0,0.0,0.0,0.0,0.0
1,0,1.0,0.0,0.0,0.0,0.0,0.0,0.0,0.0,0.0,0.0,0.0
1,0,1.0,0.0,0.0,0.0,0.0,0.0,0.0,0.0,0.0,0.0,0.0
1,0,1.0,0.0,0.0,0.0,0.0,0.0,0.0,0.0,0.0,0.0,0.0
1,0,1.0,0.0,0.0,0.0,0.0,0.0,0.0,0.0,0.0,0.0,0.0
1,0,1.0,0.0,0.0,0.0,0.0,0.0,0.0,0.0,0.0,0.0,0.0
1,0,1.0,0.0,0.0,0.0,0.0,0.0,0.0,0.0,0.0,0.0,0.0
1,0,1.0,0.0,0.0,0.0,0.0,0.0,0.0,0.0,0.0,0.0,0.0
1,0,1.0,0.0,0.0,0.0,0.0,0.0,0.0,0.0,0.0,0.0,0.0
1,0,1.0,0.0,0.0,0.0,0.0,0.0,0.0,0.0,0.0,0.0,0.0
1,0,1.0,0.0,0.0,0.0,0.0,0.0,0.0,0.0,0.0,0.0,0.0
1,0,1.0,0.0,0.0,0.0,0.0,0.0,0.0,0.0,0.0,0.0,0.0
1,0,1.0,0.0,0.0,0.0,0.0,0.0,0.0,0.0,0.0,0.0,0.0
1,0,1.0,0.0,0.0,0.0,0.0,0.0,0.0,0.0,0.0,0.0,0.0
1,0,1.0,0.0,0.0,0.0,0.0,0.0,0.0,0.0,0.0,0.0,0.0
1,0,1.0,0.0,0.0,0.0,0.0,0.0,0.0,0.0,0.0,0.0,0.0
1,0,1.0,0.0,0.0,0.0,0.0,0.0,0.0,0.0,0.0,0.0,0.0
1,0,1.0,0.0,0.0,0.0,0.0,0.0,0.0,0.0,0.0,0.0,0.0
1,0,1.0,0.0,0.0,0.0,0.0,0.0,0.0,0.0,0.0,0.0,0.0
1,0,1.0,0.0,0.0,0.0,0.0,0.0,0.0,0.0,0.0,0.0,0.0
1,0,1.0,0.0,0.0,0.0,0.0,0.0,0.0,0.0,0.0,0.0,0.0
1,0,1.0,0.0,0.0,0.0,0.0,0.0,0.0,0.0,0.0,0.0,0.0
1,0,1.0,0.0,0.0,0.0,0.0,0.0,0.0,0.0,0.0,0.0,0.0
1,0,1.0,0.0,0.0,0.0,0.0,0.0,0.0,0.0,0.0,0.0,0.0
1,0,1.0,0.0,0.0,0.0,0.0,0.0,0.0,0.0,0.0,0.0,0.0
1,0,1.0,0.0,0.0,0.0,0.0,0.0,0.0,0.0,0.0,0.0,0.0
1,0,1.0,0.0,0.0,0.0,0.0,0.0,0.0,0.0,0.0,0.0,0.0
1,0,1.0,0.0,0.0,0.0,0.0,0.0,0.0,0.0,0.0,0.0,0.0
1,0,1.0,0.0,0.0,0.0,0.0,0.0,0.0,0.0,0.0,0.0,0.0
1,0,1.0,0.0,0.0,0.0,0.0,0.0,0.0,0.0,0.0,0.0,0.0
1,0,1.0,0.0,0.0,0.0,0.0,0.0,0.0,0.0,0.0,0.0,0.0
1,0,1.0,0.0,0.0,0.0,0.0,0.0,0.0,0.0,0.0,0.0,0.0
1,0,1.0,0.0,0.0,0.0,0.0,0.0,0.0,0.0,0.0,0.0,0.0
1,0,1.0,0.0,0.0,0.0,0.0,0.0,0.0,0.0,0.0,0.0,0.0
1,0,1.0,0.0,0.0,0.0,0.0,0.0,0.0,0.0,0.0,0.0,0.0
1,0,1.0,0.0,0.0,0.0,0.0,0.0,0.0,0.0,0.0,0.0,0.0
1,0,1.0,0.0,0.0,0.0,0.0,0.0,0.0,0.0,0.0,0.0,0.0
1,0,1.0,0.0,0.0,0.0,0.0,0.0,0.0,0.0,0.0,0.0,0.0
1,0,1.0,0.0,0.0,0.0,0.0,0.0,0.0,0.0,0.0,0.0,0.0
1,0,1.0,0.0,0.0,0.0,0.0,0.0,0.0,0.0,0.0,0.0,0.0
1,0,1.0,0.0,0.0,0.0,0.0,0.0,0.0,0.0,0.0,0.0,0.0
1,0,1.0,0.0,0.0,0.0,0.0,0.0,0.0,0.0,0.0,0.0,0.0
1,0,1.0,0.0,0.0,0.0,0.0,0.0,0.0,0.0,0.0,0.0,0.0
1,0,1.0,0.0,0.0,0.0,0.0,0.0,0.0,0.0,0.0,0.0,0.0
1,0,1.0,0.0,0.0,0.0,0.0,0.0,0.0,0.0,0.0,0.0,0.0
1,0,1.0,0.0,0.0,0.0,0.0,0.0,0.0,0.0,0.0,0.0,0.0
1,0,1.0,0.0,0.0,0.0,0.0,0.0,0.0,0.0,0.0,0.0,0.0
1,0,1.0,0.0,0.0,0.0,0.0,0.0,0.0,0.0,0.0,0.0,0.0
1,0,1.0,0.0,0.0,0.0,0.0,0.0,0.0,0.0,0.0,0.0,0.0
1,0,1.0,0.0,0.0,0.0,0.0,0.0,0.0,0.0,0.0,0.0,0.0
1,0,1.0,0.0,0.0,0.0,0.0,0.0,0.0,0.0,0.0,0.0,0.0
1,0,1.0,0.0,0.0,0.0,0.0,0.0,0.0,0.0,0.0,0.0,0.0
1,0,1.0,0.0,0.0,0.0,0.0,0.0,0.0,0.0,0.0,0.0,0.0
1,0,1.0,0.0,0.0,0.0,0.0,0.0,0.0,0.0,0.0,0.0,0.0
1,0,1.0,0.0,0.0,0.0,0.0,0.0,0.0,0.0,0.0,0.0,0.0
1,0,1.0,0.0,0.0,0.0,0.0,0.0,0.0,0.0,0.0,0.0,0.0
1,0,1.0,0.0,0.0,0.0,0.0,0.0,0.0,0.0,0.0,0.0,0.0
1,0,1.0,0.0,0.0,0.0,0.0,0.0,0.0,0.0,0.0,0.0,0.0
1,0,1.0,0.0,0.0,0.0,0.0,0.0,0.0,0.0,0.0,0.0,0.0
1,0,1.0,0.0,0.0,0.0,0.0,0.0,0.0,0.0,0.0,0.0,0.0
1,0,1.0,0.0,0.0,0.0,0.0,0.0,0.0,0.0,0.0,0.0,0.0
1,0,1.0,0.0,0.0,0.0,0.0,0.0,0.0,0.0,0.0,0.0,0.0
1,0,1.0,0.0,0.0,0.0,0.0,0.0,0.0,0.0,0.0,0.0,0.0
1,0,1.0,0.0,0.0,0.0,0.0,0.0,0.0,0.0,0.0,0.0,0.0
1,0,1.0,0.0,0.0,0.0,0.0,0.0,0.0,0.0,0.0,0.0,0.0
1,0,1.0,0.0,0.0,0.0,0.0,0.0,0.0,0.0,0.0,0.0,0.0
1,0,1.0,0.0,0.0,0.0,0.0,0.0,0.0,0.0,0.0,0.0,0.0
1,0,1.0,0.0,0.0,0.0,0.0,0.0,0.0,0.0,0.0,0.0,0.0
1,0,1.0,0.0,0.0,0.0,0.0,0.0,0.0,0.0,0.0,0.0,0.0
1,0,1.0,0.0,0.0,0.0,0.0,0.0,0.0,0.0,0.0,0.0,0.0
1,0,1.0,0.0,0.0,0.0,0.0,0.0,0.0,0.0,0.0,0.0,0.0
1,0,1.0,0.0,0.0,0.0,0.0,0.0,0.0,0.0,0.0,0.0,0.0
1,0,1.0,0.0,0.0,0.0,0.0,0.0,0.0,0.0,0.0,0.0,0.0
1,0,1.0,0.0,0.0,0.0,0.0,0.0,0.0,0.0,0.0,0.0,0.0
1,0,1.0,0.0,0.0,0.0,0.0,0.0,0.0,0.0,0.0,0.0,0.0
1,0,1.0,0.0,0.0,0.0,0.0,0.0,0.0,0.0,0.0,0.0,0.0
1,0,1.0,0.0,0.0,0.0,0.0,0.0,0.0,0.0,0.0,0.0,0.0
1,0,1.0,0.0,0.0,0.0,0.0,0.0,0.0,0.0,0.0,0.0,0.0
1,0,1.0,0.0,0.0,0.0,0.0,0.0,0.0,0.0,0.0,0.0,0.0
1,0,1.0,0.0,0.0,0.0,0.0,0.0,0.0,0.0,0.0,0.0,0.0
1,0,1.0,0.0,0.0,0.0,0.0,0.0,0.0,0.0,0.0,0.0,0.0
1,0,1.0,0.0,0.0,0.0,0.0,0.0,0.0,0.0,0.0,0.0,0.0
1,0,1.0,0.0,0.0,0.0,0.0,0.0,0.0,0.0,0.0,0.0,0.0
1,0,1.0,0.0,0.0,0.0,0.0,0.0,0.0,0.0,0.0,0.0,0.0
1,0,1.0,0.0,0.0,0.0,0.0,0.0,0.0,0.0,0.0,0.0,0.0
1,0,1.0,0.0,0.0,0.0,0.0,0.0,0.0,0.0,0.0,0.0,0.0
1,0,1.0,0.0,0.0,0.0,0.0,0.0,0.0,0.0,0.0,0.0,0.0
1,0,1.0,0.0,0.0,0.0,0.0,0.0,0.0,0.0,0.0,0.0,0.0
1,0,1.0,0.0,0.0,0.0,0.0,0.0,0.0,0.0,0.0,0.0,0.0
1,0,1.0,0.0,0.0,0.0,0.0,0.0,0.0,0.0,0.0,0.0,0.0
1,0,1.0,0.0,0.0,0.0,0.0,0.0,0.0,0.0,0.0,0.0,0.0
1,0,1.0,0.0,0.0,0.0,0.0,0.0,0.0,0.0,0.0,0.0,0.0
1,0,1.0,0.0,0.0,0.0,0.0,0.0,0.0,0.0,0.0,0.0,0.0
1,0,1.0,0.0,0.0,0.0,0.0,0.0,0.0,0.0,0.0,0.0,0.0
1,0,1.0,0.0,0.0,0.0,0.0,0.0,0.0,0.0,0.0,0.0,0.0
1,0,1.0,0.0,0.0,0.0,0.0,0.0,0.0,0.0,0.0,0.0,0.0
1,0,1.0,0.0,0.0,0.0,0.0,0.0,0.0,0.0,0.0,0.0,0.0
1,0,1.0,0.0,0.0,0.0,0.0,0.0,0.0,0.0,0.0,0.0,0.0
1,0,1.0,0.0,0.0,0.0,0.0,0.0,0.0,0.0,0.0,0.0,0.0
1,0,1.0,0.0,0.0,0.0,0.0,0.0,0.0,0.0,0.0,0.0,0.0
1,0,1.0,0.0,0.0,0.0,0.0,0.0,0.0,0.0,0.0,0.0,0.0
1,0,1.0,0.0,0.0,0.0,0.0,0.0,0.0,0.0,0.0,0.0,0.0
1,0,1.0,0.0,0.0,0.0,0.0,0.0,0.0,0.0,0.0,0.0,0.0
1,0,1.0,0.0,0.0,0.0,0.0,0.0,0.0,0.0,0.0,0.0,0.0
1,0,1.0,0.0,0.0,0.0,0.0,0.0,0.0,0.0,0.0,0.0,0.0
1,0,1.0,0.0,0.0,0.0,0.0,0.0,0.0,0.0,0.0,0.0,0.0
1,0,1.0,0.0,0.0,0.0,0.0,0.0,0.0,0.0,0.0,0.0,0.0
1,0,1.0,0.0,0.0,0.0,0.0,0.0,0.0,0.0,0.0,0.0,0.0
1,0,1.0,0.0,0.0,0.0,0.0,0.0,0.0,0.0,0.0,0.0,0.0
1,0,1.0,0.0,0.0,0.0,0.0,0.0,0.0,0.0,0.0,0.0,0.0
1,0,1.0,0.0,0.0,0.0,0.0,0.0,0.0,0.0,0.0,0.0,0.0
1,0,1.0,0.0,0.0,0.0,0.0,0.0,0.0,0.0,0.0,0.0,0.0
1,0,1.0,0.0,0.0,0.0,0.0,0.0,0.0,0.0,0.0,0.0,0.0
1,0,1.0,0.0,0.0,0.0,0.0,0.0,0.0,0.0,0.0,0.0,0.0
1,0,1.0,0.0,0.0,0.0,0.0,0.0,0.0,0.0,0.0,0.0,0.0
1,0,1.0,0.0,0.0,0.0,0.0,0.0,0.0,0.0,0.0,0.0,0.0
1,0,1.0,0.0,0.0,0.0,0.0,0.0,0.0,0.0,0.0,0.0,0.0
1,0,1.0,0.0,0.0,0.0,0.0,0.0,0.0,0.0,0.0,0.0,0.0
1,0,1.0,0.0,0.0,0.0,0.0,0.0,0.0,0.0,0.0,0.0,0.0
1,0,1.0,0.0,0.0,0.0,0.0,0.0,0.0,0.0,0.0,0.0,0.0
1,0,1.0,0.0,0.0,0.0,0.0,0.0,0.0,0.0,0.0,0.0,0.0
1,0,1.0,0.0,0.0,0.0,0.0,0.0,0.0,0.0,0.0,0.0,0.0
1,0,1.0,0.0,0.0,0.0,0.0,0.0,0.0,0.0,0.0,0.0,0.0
1,0,1.0,0.0,0.0,0.0,0.0,0.0,0.0,0.0,0.0,0.0,0.0
1,0,1.0,0.0,0.0,0.0,0.0,0.0,0.0,0.0,0.0,0.0,0.0
1,0,1.0,0.0,0.0,0.0,0.0,0.0,0.0,0.0,0.0,0.0,0.0
1,0,1.0,0.0,0.0,0.0,0.0,0.0,0.0,0.0,0.0,0.0,0.0
1,0,1.0,0.0,0.0,0.0,0.0,0.0,0.0,0.0,0.0,0.0,0.0
1,0,1.0,0.0,0.0,0.0,0.0,0.0,0.0,0.0,0.0,0.0,0.0
1,0,1.0,0.0,0.0,0.0,0.0,0.0,0.0,0.0,0.0,0.0,0.0
1,0,1.0,0.0,0.0,0.0,0.0,0.0,0.0,0.0,0.0,0.0,0.0
1,0,1.0,0.0,0.0,0.0,0.0,0.0,0.0,0.0,0.0,0.0,0.0
1,0,1.0,0.0,0.0,0.0,0.0,0.0,0.0,0.0,0.0,0.0,0.0
1,0,1.0,0.0,0.0,0.0,0.0,0.0,0.0,0.0,0.0,0.0,0.0
1,0,1.0,0.0,0.0,0.0,0.0,0.0,0.0,0.0,0.0,0.0,0.0
1,0,1.0,0.0,0.0,0.0,0.0,0.0,0.0,0.0,0.0,0.0,0.0
1,0,1.0,0.0,0.0,0.0,0.0,0.0,0.0,0.0,0.0,0.0,0.0
1,0,1.0,0.0,0.0,0.0,0.0,0.0,0.0,0.0,0.0,0.0,0.0
1,0,1.0,0.0,0.0,0.0,0.0,0.0,0.0,0.0,0.0,0.0,0.0
1,0,1.0,0.0,0.0,0.0,0.0,0.0,0.0,0.0,0.0,0.0,0.0
1,0,1.0,0.0,0.0,0.0,0.0,0.0,0.0,0.0,0.0,0.0,0.0
1,0,1.0,0.0,0.0,0.0,0.0,0.0,0.0,0.0,0.0,0.0,0.0
1,0,1.0,0.0,0.0,0.0,0.0,0.0,0.0,0.0,0.0,0.0,0.0
1,0,1.0,0.0,0.0,0.0,0.0,0.0,0.0,0.0,0.0,0.0,0.0
1,0,1.0,0.0,0.0,0.0,0.0,0.0,0.0,0.0,0.0,0.0,0.0
1,0,1.0,0.0,0.0,0.0,0.0,0.0,0.0,0.0,0.0,0.0,0.0
1,0,1.0,0.0,0.0,0.0,0.0,0.0,0.0,0.0,0.0,0.0,0.0
1,0,1.0,0.0,0.0,0.0,0.0,0.0,0.0,0.0,0.0,0.0,0.0
1,0,1.0,0.0,0.0,0.0,0.0,0.0,0.0,0.0,0.0,0.0,0.0
1,0,1.0,0.0,0.0,0.0,0.0,0.0,0.0,0.0,0.0,0.0,0.0
1,0,1.0,0.0,0.0,0.0,0.0,0.0,0.0,0.0,0.0,0.0,0.0
1,0,1.0,0.0,0.0,0.0,0.0,0.0,0.0,0.0,0.0,0.0,0.0
1,0,1.0,0.0,0.0,0.0,0.0,0.0,0.0,0.0,0.0,0.0,0.0
1,0,1.0,0.0,0.0,0.0,0.0,0.0,0.0,0.0,0.0,0.0,0.0
1,0,1.0,0.0,0.0,0.0,0.0,0.0,0.0,0.0,0.0,0.0,0.0
1,0,1.0,0.0,0.0,0.0,0.0,0.0,0.0,0.0,0.0,0.0,0.0
1,0,1.0,0.0,0.0,0.0,0.0,0.0,0.0,0.0,0.0,0.0,0.0
1,0,1.0,0.0,0.0,0.0,0.0,0.0,0.0,0.0,0.0,0.0,0.0
1,0,1.0,0.0,0.0,0.0,0.0,0.0,0.0,0.0,0.0,0.0,0.0
1,0,1.0,0.0,0.0,0.0,0.0,0.0,0.0,0.0,0.0,0.0,0.0
1,0,1.0,0.0,0.0,0.0,0.0,0.0,0.0,0.0,0.0,0.0,0.0
1,0,1.0,0.0,0.0,0.0,0.0,0.0,0.0,0.0,0.0,0.0,0.0
1,0,1.0,0.0,0.0,0.0,0.0,0.0,0.0,0.0,0.0,0.0,0.0
1,0,1.0,0.0,0.0,0.0,0.0,0.0,0.0,0.0,0.0,0.0,0.0
1,0,1.0,0.0,0.0,0.0,0.0,0.0,0.0,0.0,0.0,0.0,0.0
1,0,1.0,0.0,0.0,0.0,0.0,0.0,0.0,0.0,0.0,0.0,0.0
1,0,1.0,0.0,0.0,0.0,0.0,0.0,0.0,0.0,0.0,0.0,0.0
1,0,1.0,0.0,0.0,0.0,0.0,0.0,0.0,0.0,0.0,0.0,0.0
1,0,1.0,0.0,0.0,0.0,0.0,0.0,0.0,0.0,0.0,0.0,0.0
1,0,1.0,0.0,0.0,0.0,0.0,0.0,0.0,0.0,0.0,0.0,0.0
1,0,1.0,0.0,0.0,0.0,0.0,0.0,0.0,0.0,0.0,0.0,0.0
1,0,1.0,0.0,0.0,0.0,0.0,0.0,0.0,0.0,0.0,0.0,0.0
1,0,1.0,0.0,0.0,0.0,0.0,0.0,0.0,0.0,0.0,0.0,0.0
1,0,1.0,0.0,0.0,0.0,0.0,0.0,0.0,0.0,0.0,0.0,0.0
1,0,1.0,0.0,0.0,0.0,0.0,0.0,0.0,0.0,0.0,0.0,0.0
1,0,1.0,0.0,0.0,0.0,0.0,0.0,0.0,0.0,0.0,0.0,0.0
1,0,1.0,0.0,0.0,0.0,0.0,0.0,0.0,0.0,0.0,0.0,0.0
1,0,1.0,0.0,0.0,0.0,0.0,0.0,0.0,0.0,0.0,0.0,0.0
1,0,1.0,0.0,0.0,0.0,0.0,0.0,0.0,0.0,0.0,0.0,0.0
1,0,1.0,0.0,0.0,0.0,0.0,0.0,0.0,0.0,0.0,0.0,0.0
1,0,1.0,0.0,0.0,0.0,0.0,0.0,0.0,0.0,0.0,0.0,0.0
1,0,1.0,0.0,0.0,0.0,0.0,0.0,0.0,0.0,0.0,0.0,0.0
1,0,1.0,0.0,0.0,0.0,0.0,0.0,0.0,0.0,0.0,0.0,0.0
1,0,1.0,0.0,0.0,0.0,0.0,0.0,0.0,0.0,0.0,0.0,0.0
1,0,1.0,0.0,0.0,0.0,0.0,0.0,0.0,0.0,0.0,0.0,0.0
1,0,1.0,0.0,0.0,0.0,0.0,0.0,0.0,0.0,0.0,0.0,0.0
1,0,1.0,0.0,0.0,0.0,0.0,0.0,0.0,0.0,0.0,0.0,0.0
1,0,1.0,0.0,0.0,0.0,0.0,0.0,0.0,0.0,0.0,0.0,0.0
1,0,1.0,0.0,0.0,0.0,0.0,0.0,0.0,0.0,0.0,0.0,0.0
1,0,1.0,0.0,0.0,0.0,0.0,0.0,0.0,0.0,0.0,0.0,0.0
1,0,1.0,0.0,0.0,0.0,0.0,0.0,0.0,0.0,0.0,0.0,0.0
1,0,1.0,0.0,0.0,0.0,0.0,0.0,0.0,0.0,0.0,0.0,0.0
1,0,1.0,0.0,0.0,0.0,0.0,0.0,0.0,0.0,0.0,0.0,0.0
1,0,1.0,0.0,0.0,0.0,0.0,0.0,0.0,0.0,0.0,0.0,0.0
1,0,1.0,0.0,0.0,0.0,0.0,0.0,0.0,0.0,0.0,0.0,0.0
1,0,1.0,0.0,0.0,0.0,0.0,0.0,0.0,0.0,0.0,0.0,0.0
1,0,1.0,0.0,0.0,0.0,0.0,0.0,0.0,0.0,0.0,0.0,0.0
1,0,1.0,0.0,0.0,0.0,0.0,0.0,0.0,0.0,0.0,0.0,0.0
1,0,1.0,0.0,0.0,0.0,0.0,0.0,0.0,0.0,0.0,0.0,0.0
1,0,1.0,0.0,0.0,0.0,0.0,0.0,0.0,0.0,0.0,0.0,0.0
1,0,1.0,0.0,0.0,0.0,0.0,0.0,0.0,0.0,0.0,0.0,0.0
1,0,1.0,0.0,0.0,0.0,0.0,0.0,0.0,0.0,0.0,0.0,0.0
1,0,1.0,0.0,0.0,0.0,0.0,0.0,0.0,0.0,0.0,0.0,0.0
1,0,1.0,0.0,0.0,0.0,0.0,0.0,0.0,0.0,0.0,0.0,0.0
1,0,1.0,0.0,0.0,0.0,0.0,0.0,0.0,0.0,0.0,0.0,0.0
1,0,1.0,0.0,0.0,0.0,0.0,0.0,0.0,0.0,0.0,0.0,0.0
1,0,1.0,0.0,0.0,0.0,0.0,0.0,0.0,0.0,0.0,0.0,0.0
1,0,1.0,0.0,0.0,0.0,0.0,0.0,0.0,0.0,0.0,0.0,0.0
1,0,1.0,0.0,0.0,0.0,0.0,0.0,0.0,0.0,0.0,0.0,0.0
1,0,1.0,0.0,0.0,0.0,0.0,0.0,0.0,0.0,0.0,0.0,0.0
1,0,1.0,0.0,0.0,0.0,0.0,0.0,0.0,0.0,0.0,0.0,0.0
1,0,1.0,0.0,0.0,0.0,0.0,0.0,0.0,0.0,0.0,0.0,0.0
1,0,1.0,0.0,0.0,0.0,0.0,0.0,0.0,0.0,0.0,0.0,0.0
1,0,1.0,0.0,0.0,0.0,0.0,0.0,0.0,0.0,0.0,0.0,0.0
1,0,1.0,0.0,0.0,0.0,0.0,0.0,0.0,0.0,0.0,0.0,0.0
1,0,1.0,0.0,0.0,0.0,0.0,0.0,0.0,0.0,0.0,0.0,0.0
1,0,1.0,0.0,0.0,0.0,0.0,0.0,0.0,0.0,0.0,0.0,0.0
1,0,1.0,0.0,0.0,0.0,0.0,0.0,0.0,0.0,0.0,0.0,0.0
1,0,1.0,0.0,0.0,0.0,0.0,0.0,0.0,0.0,0.0,0.0,0.0
1,0,1.0,0.0,0.0,0.0,0.0,0.0,0.0,0.0,0.0,0.0,0.0
1,0,1.0,0.0,0.0,0.0,0.0,0.0,0.0,0.0,0.0,0.0,0.0
1,0,1.0,0.0,0.0,0.0,0.0,0.0,0.0,0.0,0.0,0.0,0.0
1,0,1.0,0.0,0.0,0.0,0.0,0.0,0.0,0.0,0.0,0.0,0.0
1,0,1.0,0.0,0.0,0.0,0.0,0.0,0.0,0.0,0.0,0.0,0.0
1,0,1.0,0.0,0.0,0.0,0.0,0.0,0.0,0.0,0.0,0.0,0.0
1,0,1.0,0.0,0.0,0.0,0.0,0.0,0.0,0.0,0.0,0.0,0.0
1,0,1.0,0.0,0.0,0.0,0.0,0.0,0.0,0.0,0.0,0.0,0.0
1,0,1.0,0.0,0.0,0.0,0.0,0.0,0.0,0.0,0.0,0.0,0.0
1,0,1.0,0.0,0.0,0.0,0.0,0.0,0.0,0.0,0.0,0.0,0.0
1,0,1.0,0.0,0.0,0.0,0.0,0.0,0.0,0.0,0.0,0.0,0.0
1,0,1.0,0.0,0.0,0.0,0.0,0.0,0.0,0.0,0.0,0.0,0.0
1,0,1.0,0.0,0.0,0.0,0.0,0.0,0.0,0.0,0.0,0.0,0.0
1,0,1.0,0.0,0.0,0.0,0.0,0.0,0.0,0.0,0.0,0.0,0.0
1,0,1.0,0.0,0.0,0.0,0.0,0.0,0.0,0.0,0.0,0.0,0.0
1,0,1.0,0.0,0.0,0.0,0.0,0.0,0.0,0.0,0.0,0.0,0.0
1,0,1.0,0.0,0.0,0.0,0.0,0.0,0.0,0.0,0.0,0.0,0.0
1,0,1.0,0.0,0.0,0.0,0.0,0.0,0.0,0.0,0.0,0.0,0.0
1,0,1.0,0.0,0.0,0.0,0.0,0.0,0.0,0.0,0.0,0.0,0.0
1,0,1.0,0.0,0.0,0.0,0.0,0.0,0.0,0.0,0.0,0.0,0.0
1,0,1.0,0.0,0.0,0.0,0.0,0.0,0.0,0.0,0.0,0.0,0.0
1,0,1.0,0.0,0.0,0.0,0.0,0.0,0.0,0.0,0.0,0.0,0.0
1,0,1.0,0.0,0.0,0.0,0.0,0.0,0.0,0.0,0.0,0.0,0.0
1,0,1.0,0.0,0.0,0.0,0.0,0.0,0.0,0.0,0.0,0.0,0.0
1,0,1.0,0.0,0.0,0.0,0.0,0.0,0.0,0.0,0.0,0.0,0.0
1,0,1.0,0.0,0.0,0.0,0.0,0.0,0.0,0.0,0.0,0.0,0.0
1,0,1.0,0.0,0.0,0.0,0.0,0.0,0.0,0.0,0.0,0.0,0.0
1,0,1.0,0.0,0.0,0.0,0.0,0.0,0.0,0.0,0.0,0.0,0.0
1,0,1.0,0.0,0.0,0.0,0.0,0.0,0.0,0.0,0.0,0.0,0.0
1,0,1.0,0.0,0.0,0.0,0.0,0.0,0.0,0.0,0.0,0.0,0.0
1,0,1.0,0.0,0.0,0.0,0.0,0.0,0.0,0.0,0.0,0.0,0.0
1,0,1.0,0.0,0.0,0.0,0.0,0.0,0.0,0.0,0.0,0.0,0.0
1,0,1.0,0.0,0.0,0.0,0.0,0.0,0.0,0.0,0.0,0.0,0.0
1,0,1.0,0.0,0.0,0.0,0.0,0.0,0.0,0.0,0.0,0.0,0.0
1,0,1.0,0.0,0.0,0.0,0.0,0.0,0.0,0.0,0.0,0.0,0.0
1,0,1.0,0.0,0.0,0.0,0.0,0.0,0.0,0.0,0.0,0.0,0.0
1,0,1.0,0.0,0.0,0.0,0.0,0.0,0.0,0.0,0.0,0.0,0.0
1,0,1.0,0.0,0.0,0.0,0.0,0.0,0.0,0.0,0.0,0.0,0.0
1,0,1.0,0.0,0.0,0.0,0.0,0.0,0.0,0.0,0.0,0.0,0.0
1,0,1.0,0.0,0.0,0.0,0.0,0.0,0.0,0.0,0.0,0.0,0.0
1,0,1.0,0.0,0.0,0.0,0.0,0.0,0.0,0.0,0.0,0.0,0.0
1,0,1.0,0.0,0.0,0.0,0.0,0.0,0.0,0.0,0.0,0.0,0.0
1,0,1.0,0.0,0.0,0.0,0.0,0.0,0.0,0.0,0.0,0.0,0.0
1,0,1.0,0.0,0.0,0.0,0.0,0.0,0.0,0.0,0.0,0.0,0.0
1,0,1.0,0.0,0.0,0.0,0.0,0.0,0.0,0.0,0.0,0.0,0.0
1,0,1.0,0.0,0.0,0.0,0.0,0.0,0.0,0.0,0.0,0.0,0.0
1,0,1.0,0.0,0.0,0.0,0.0,0.0,0.0,0.0,0.0,0.0,0.0
1,0,1.0,0.0,0.0,0.0,0.0,0.0,0.0,0.0,0.0,0.0,0.0
1,0,1.0,0.0,0.0,0.0,0.0,0.0,0.0,0.0,0.0,0.0,0.0
1,0,1.0,0.0,0.0,0.0,0.0,0.0,0.0,0.0,0.0,0.0,0.0
1,0,1.0,0.0,0.0,0.0,0.0,0.0,0.0,0.0,0.0,0.0,0.0
1,0,1.0,0.0,0.0,0.0,0.0,0.0,0.0,0.0,0.0,0.0,0.0
1,0,1.0,0.0,0.0,0.0,0.0,0.0,0.0,0.0,0.0,0.0,0.0
1,0,1.0,0.0,0.0,0.0,0.0,0.0,0.0,0.0,0.0,0.0,0.0
1,0,1.0,0.0,0.0,0.0,0.0,0.0,0.0,0.0,0.0,0.0,0.0
1,0,1.0,0.0,0.0,0.0,0.0,0.0,0.0,0.0,0.0,0.0,0.0
1,0,1.0,0.0,0.0,0.0,0.0,0.0,0.0,0.0,0.0,0.0,0.0
1,0,1.0,0.0,0.0,0.0,0.0,0.0,0.0,0.0,0.0,0.0,0.0
1,0,1.0,0.0,0.0,0.0,0.0,0.0,0.0,0.0,0.0,0.0,0.0
1,0,1.0,0.0,0.0,0.0,0.0,0.0,0.0,0.0,0.0,0.0,0.0
1,0,1.0,0.0,0.0,0.0,0.0,0.0,0.0,0.0,0.0,0.0,0.0
1,0,1.0,0.0,0.0,0.0,0.0,0.0,0.0,0.0,0.0,0.0,0.0
1,0,1.0,0.0,0.0,0.0,0.0,0.0,0.0,0.0,0.0,0.0,0.0
1,0,1.0,0.0,0.0,0.0,0.0,0.0,0.0,0.0,0.0,0.0,0.0
1,0,1.0,0.0,0.0,0.0,0.0,0.0,0.0,0.0,0.0,0.0,0.0
1,0,1.0,0.0,0.0,0.0,0.0,0.0,0.0,0.0,0.0,0.0,0.0
1,0,1.0,0.0,0.0,0.0,0.0,0.0,0.0,0.0,0.0,0.0,0.0
1,0,1.0,0.0,0.0,0.0,0.0,0.0,0.0,0.0,0.0,0.0,0.0
1,0,1.0,0.0,0.0,0.0,0.0,0.0,0.0,0.0,0.0,0.0,0.0
1,0,1.0,0.0,0.0,0.0,0.0,0.0,0.0,0.0,0.0,0.0,0.0
1,0,1.0,0.0,0.0,0.0,0.0,0.0,0.0,0.0,0.0,0.0,0.0
1,0,1.0,0.0,0.0,0.0,0.0,0.0,0.0,0.0,0.0,0.0,0.0
1,0,1.0,0.0,0.0,0.0,0.0,0.0,0.0,0.0,0.0,0.0,0.0
1,0,1.0,0.0,0.0,0.0,0.0,0.0,0.0,0.0,0.0,0.0,0.0
1,0,1.0,0.0,0.0,0.0,0.0,0.0,0.0,0.0,0.0,0.0,0.0
1,0,1.0,0.0,0.0,0.0,0.0,0.0,0.0,0.0,0.0,0.0,0.0
1,0,1.0,0.0,0.0,0.0,0.0,0.0,0.0,0.0,0.0,0.0,0.0
1,0,1.0,0.0,0.0,0.0,0.0,0.0,0.0,0.0,0.0,0.0,0.0
1,0,1.0,0.0,0.0,0.0,0.0,0.0,0.0,0.0,0.0,0.0,0.0
1,0,1.0,0.0,0.0,0.0,0.0,0.0,0.0,0.0,0.0,0.0,0.0
1,0,1.0,0.0,0.0,0.0,0.0,0.0,0.0,0.0,0.0,0.0,0.0
1,0,1.0,0.0,0.0,0.0,0.0,0.0,0.0,0.0,0.0,0.0,0.0
1,0,1.0,0.0,0.0,0.0,0.0,0.0,0.0,0.0,0.0,0.0,0.0
1,0,1.0,0.0,0.0,0.0,0.0,0.0,0.0,0.0,0.0,0.0,0.0
1,0,1.0,0.0,0.0,0.0,0.0,0.0,0.0,0.0,0.0,0.0,0.0
1,0,1.0,0.0,0.0,0.0,0.0,0.0,0.0,0.0,0.0,0.0,0.0
1,0,1.0,0.0,0.0,0.0,0.0,0.0,0.0,0.0,0.0,0.0,0.0
1,0,1.0,0.0,0.0,0.0,0.0,0.0,0.0,0.0,0.0,0.0,0.0
1,0,1.0,0.0,0.0,0.0,0.0,0.0,0.0,0.0,0.0,0.0,0.0
1,0,1.0,0.0,0.0,0.0,0.0,0.0,0.0,0.0,0.0,0.0,0.0
1,0,1.0,0.0,0.0,0.0,0.0,0.0,0.0,0.0,0.0,0.0,0.0
1,0,1.0,0.0,0.0,0.0,0.0,0.0,0.0,0.0,0.0,0.0,0.0
1,0,1.0,0.0,0.0,0.0,0.0,0.0,0.0,0.0,0.0,0.0,0.0
1,0,1.0,0.0,0.0,0.0,0.0,0.0,0.0,0.0,0.0,0.0,0.0
1,0,1.0,0.0,0.0,0.0,0.0,0.0,0.0,0.0,0.0,0.0,0.0
1,0,1.0,0.0,0.0,0.0,0.0,0.0,0.0,0.0,0.0,0.0,0.0
1,0,1.0,0.0,0.0,0.0,0.0,0.0,0.0,0.0,0.0,0.0,0.0
1,0,1.0,0.0,0.0,0.0,0.0,0.0,0.0,0.0,0.0,0.0,0.0
1,0,1.0,0.0,0.0,0.0,0.0,0.0,0.0,0.0,0.0,0.0,0.0
1,0,1.0,0.0,0.0,0.0,0.0,0.0,0.0,0.0,0.0,0.0,0.0
1,0,1.0,0.0,0.0,0.0,0.0,0.0,0.0,0.0,0.0,0.0,0.0
1,0,1.0,0.0,0.0,0.0,0.0,0.0,0.0,0.0,0.0,0.0,0.0
1,0,1.0,0.0,0.0,0.0,0.0,0.0,0.0,0.0,0.0,0.0,0.0
1,0,1.0,0.0,0.0,0.0,0.0,0.0,0.0,0.0,0.0,0.0,0.0
1,0,1.0,0.0,0.0,0.0,0.0,0.0,0.0,0.0,0.0,0.0,0.0
1,0,1.0,0.0,0.0,0.0,0.0,0.0,0.0,0.0,0.0,0.0,0.0
1,0,1.0,0.0,0.0,0.0,0.0,0.0,0.0,0.0,0.0,0.0,0.0
1,0,1.0,0.0,0.0,0.0,0.0,0.0,0.0,0.0,0.0,0.0,0.0
1,0,1.0,0.0,0.0,0.0,0.0,0.0,0.0,0.0,0.0,0.0,0.0
1,0,1.0,0.0,0.0,0.0,0.0,0.0,0.0,0.0,0.0,0.0,0.0
1,0,1.0,0.0,0.0,0.0,0.0,0.0,0.0,0.0,0.0,0.0,0.0
1,0,1.0,0.0,0.0,0.0,0.0,0.0,0.0,0.0,0.0,0.0,0.0
1,0,1.0,0.0,0.0,0.0,0.0,0.0,0.0,0.0,0.0,0.0,0.0
1,0,1.0,0.0,0.0,0.0,0.0,0.0,0.0,0.0,0.0,0.0,0.0
1,0,1.0,0.0,0.0,0.0,0.0,0.0,0.0,0.0,0.0,0.0,0.0
1,0,1.0,0.0,0.0,0.0,0.0,0.0,0.0,0.0,0.0,0.0,0.0
1,0,1.0,0.0,0.0,0.0,0.0,0.0,0.0,0.0,0.0,0.0,0.0
1,0,1.0,0.0,0.0,0.0,0.0,0.0,0.0,0.0,0.0,0.0,0.0
1,0,1.0,0.0,0.0,0.0,0.0,0.0,0.0,0.0,0.0,0.0,0.0
1,0,1.0,0.0,0.0,0.0,0.0,0.0,0.0,0.0,0.0,0.0,0.0
1,0,1.0,0.0,0.0,0.0,0.0,0.0,0.0,0.0,0.0,0.0,0.0
1,0,1.0,0.0,0.0,0.0,0.0,0.0,0.0,0.0,0.0,0.0,0.0
1,0,1.0,0.0,0.0,0.0,0.0,0.0,0.0,0.0,0.0,0.0,0.0
1,0,1.0,0.0,0.0,0.0,0.0,0.0,0.0,0.0,0.0,0.0,0.0
1,0,1.0,0.0,0.0,0.0,0.0,0.0,0.0,0.0,0.0,0.0,0.0
1,0,1.0,0.0,0.0,0.0,0.0,0.0,0.0,0.0,0.0,0.0,0.0
1,0,1.0,0.0,0.0,0.0,0.0,0.0,0.0,0.0,0.0,0.0,0.0
1,0,1.0,0.0,0.0,0.0,0.0,0.0,0.0,0.0,0.0,0.0,0.0
1,0,1.0,0.0,0.0,0.0,0.0,0.0,0.0,0.0,0.0,0.0,0.0
1,0,1.0,0.0,0.0,0.0,0.0,0.0,0.0,0.0,0.0,0.0,0.0
1,0,1.0,0.0,0.0,0.0,0.0,0.0,0.0,0.0,0.0,0.0,0.0
1,0,1.0,0.0,0.0,0.0,0.0,0.0,0.0,0.0,0.0,0.0,0.0
1,0,1.0,0.0,0.0,0.0,0.0,0.0,0.0,0.0,0.0,0.0,0.0
1,0,1.0,0.0,0.0,0.0,0.0,0.0,0.0,0.0,0.0,0.0,0.0
1,0,1.0,0.0,0.0,0.0,0.0,0.0,0.0,0.0,0.0,0.0,0.0
1,0,1.0,0.0,0.0,0.0,0.0,0.0,0.0,0.0,0.0,0.0,0.0
1,0,1.0,0.0,0.0,0.0,0.0,0.0,0.0,0.0,0.0,0.0,0.0
1,0,1.0,0.0,0.0,0.0,0.0,0.0,0.0,0.0,0.0,0.0,0.0
1,0,1.0,0.0,0.0,0.0,0.0,0.0,0.0,0.0,0.0,0.0,0.0
1,0,1.0,0.0,0.0,0.0,0.0,0.0,0.0,0.0,0.0,0.0,0.0
1,0,1.0,0.0,0.0,0.0,0.0,0.0,0.0,0.0,0.0,0.0,0.0
1,0,1.0,0.0,0.0,0.0,0.0,0.0,0.0,0.0,0.0,0.0,0.0
1,0,1.0,0.0,0.0,0.0,0.0,0.0,0.0,0.0,0.0,0.0,0.0
1,0,1.0,0.0,0.0,0.0,0.0,0.0,0.0,0.0,0.0,0.0,0.0
1,0,1.0,0.0,0.0,0.0,0.0,0.0,0.0,0.0,0.0,0.0,0.0
1,0,1.0,0.0,0.0,0.0,0.0,0.0,0.0,0.0,0.0,0.0,0.0
1,0,1.0,0.0,0.0,0.0,0.0,0.0,0.0,0.0,0.0,0.0,0.0
1,0,1.0,0.0,0.0,0.0,0.0,0.0,0.0,0.0,0.0,0.0,0.0
1,0,1.0,0.0,0.0,0.0,0.0,0.0,0.0,0.0,0.0,0.0,0.0
1,0,1.0,0.0,0.0,0.0,0.0,0.0,0.0,0.0,0.0,0.0,0.0
1,0,1.0,0.0,0.0,0.0,0.0,0.0,0.0,0.0,0.0,0.0,0.0
1,0,1.0,0.0,0.0,0.0,0.0,0.0,0.0,0.0,0.0,0.0,0.0
1,0,1.0,0.0,0.0,0.0,0.0,0.0,0.0,0.0,0.0,0.0,0.0
1,0,1.0,0.0,0.0,0.0,0.0,0.0,0.0,0.0,0.0,0.0,0.0
1,0,1.0,0.0,0.0,0.0,0.0,0.0,0.0,0.0,0.0,0.0,0.0
1,0,1.0,0.0,0.0,0.0,0.0,0.0,0.0,0.0,0.0,0.0,0.0
1,0,1.0,0.0,0.0,0.0,0.0,0.0,0.0,0.0,0.0,0.0,0.0
1,0,1.0,0.0,0.0,0.0,0.0,0.0,0.0,0.0,0.0,0.0,0.0
1,0,1.0,0.0,0.0,0.0,0.0,0.0,0.0,0.0,0.0,0.0,0.0
1,0,1.0,0.0,0.0,0.0,0.0,0.0,0.0,0.0,0.0,0.0,0.0
1,0,1.0,0.0,0.0,0.0,0.0,0.0,0.0,0.0,0.0,0.0,0.0
1,0,1.0,0.0,0.0,0.0,0.0,0.0,0.0,0.0,0.0,0.0,0.0
1,0,1.0,0.0,0.0,0.0,0.0,0.0,0.0,0.0,0.0,0.0,0.0
1,0,1.0,0.0,0.0,0.0,0.0,0.0,0.0,0.0,0.0,0.0,0.0
1,0,1.0,0.0,0.0,0.0,0.0,0.0,0.0,0.0,0.0,0.0,0.0
1,0,1.0,0.0,0.0,0.0,0.0,0.0,0.0,0.0,0.0,0.0,0.0
1,0,1.0,0.0,0.0,0.0,0.0,0.0,0.0,0.0,0.0,0.0,0.0
1,0,1.0,0.0,0.0,0.0,0.0,0.0,0.0,0.0,0.0,0.0,0.0
1,0,1.0,0.0,0.0,0.0,0.0,0.0,0.0,0.0,0.0,0.0,0.0
1,0,1.0,0.0,0.0,0.0,0.0,0.0,0.0,0.0,0.0,0.0,0.0
1,0,1.0,0.0,0.0,0.0,0.0,0.0,0.0,0.0,0.0,0.0,0.0
1,0,1.0,0.0,0.0,0.0,0.0,0.0,0.0,0.0,0.0,0.0,0.0
1,0,1.0,0.0,0.0,0.0,0.0,0.0,0.0,0.0,0.0,0.0,0.0
1,0,1.0,0.0,0.0,0.0,0.0,0.0,0.0,0.0,0.0,0.0,0.0
1,0,1.0,0.0,0.0,0.0,0.0,0.0,0.0,0.0,0.0,0.0,0.0
1,0,1.0,0.0,0.0,0.0,0.0,0.0,0.0,0.0,0.0,0.0,0.0
1,0,1.0,0.0,0.0,0.0,0.0,0.0,0.0,0.0,0.0,0.0,0.0
1,0,1.0,0.0,0.0,0.0,0.0,0.0,0.0,0.0,0.0,0.0,0.0
1,0,1.0,0.0,0.0,0.0,0.0,0.0,0.0,0.0,0.0,0.0,0.0
1,0,1.0,0.0,0.0,0.0,0.0,0.0,0.0,0.0,0.0,0.0,0.0
1,0,1.0,0.0,0.0,0.0,0.0,0.0,0.0,0.0,0.0,0.0,0.0
1,0,1.0,0.0,0.0,0.0,0.0,0.0,0.0,0.0,0.0,0.0,0.0
1,0,1.0,0.0,0.0,0.0,0.0,0.0,0.0,0.0,0.0,0.0,0.0
1,0,1.0,0.0,0.0,0.0,0.0,0.0,0.0,0.0,0.0,0.0,0.0
1,0,1.0,0.0,0.0,0.0,0.0,0.0,0.0,0.0,0.0,0.0,0.0
1,0,1.0,0.0,0.0,0.0,0.0,0.0,0.0,0.0,0.0,0.0,0.0
1,0,1.0,0.0,0.0,0.0,0.0,0.0,0.0,0.0,0.0,0.0,0.0
1,0,1.0,0.0,0.0,0.0,0.0,0.0,0.0,0.0,0.0,0.0,0.0
1,0,1.0,0.0,0.0,0.0,0.0,0.0,0.0,0.0,0.0,0.0,0.0
1,0,1.0,0.0,0.0,0.0,0.0,0.0,0.0,0.0,0.0,0.0,0.0
1,0,1.0,0.0,0.0,0.0,0.0,0.0,0.0,0.0,0.0,0.0,0.0
1,0,1.0,0.0,0.0,0.0,0.0,0.0,0.0,0.0,0.0,0.0,0.0
1,0,1.0,0.0,0.0,0.0,0.0,0.0,0.0,0.0,0.0,0.0,0.0
1,0,1.0,0.0,0.0,0.0,0.0,0.0,0.0,0.0,0.0,0.0,0.0
1,0,1.0,0.0,0.0,0.0,0.0,0.0,0.0,0.0,0.0,0.0,0.0
1,0,1.0,0.0,0.0,0.0,0.0,0.0,0.0,0.0,0.0,0.0,0.0
1,0,1.0,0.0,0.0,0.0,0.0,0.0,0.0,0.0,0.0,0.0,0.0
1,0,1.0,0.0,0.0,0.0,0.0,0.0,0.0,0.0,0.0,0.0,0.0
1,0,1.0,0.0,0.0,0.0,0.0,0.0,0.0,0.0,0.0,0.0,0.0
1,0,1.0,0.0,0.0,0.0,0.0,0.0,0.0,0.0,0.0,0.0,0.0
1,0,1.0,0.0,0.0,0.0,0.0,0.0,0.0,0.0,0.0,0.0,0.0
1,0,1.0,0.0,0.0,0.0,0.0,0.0,0.0,0.0,0.0,0.0,0.0
1,0,1.0,0.0,0.0,0.0,0.0,0.0,0.0,0.0,0.0,0.0,0.0
1,0,1.0,0.0,0.0,0.0,0.0,0.0,0.0,0.0,0.0,0.0,0.0
1,0,1.0,0.0,0.0,0.0,0.0,0.0,0.0,0.0,0.0,0.0,0.0
1,0,1.0,0.0,0.0,0.0,0.0,0.0,0.0,0.0,0.0,0.0,0.0
1,0,1.0,0.0,0.0,0.0,0.0,0.0,0.0,0.0,0.0,0.0,0.0
1,0,1.0,0.0,0.0,0.0,0.0,0.0,0.0,0.0,0.0,0.0,0.0
1,0,1.0,0.0,0.0,0.0,0.0,0.0,0.0,0.0,0.0,0.0,0.0
1,0,1.0,0.0,0.0,0.0,0.0,0.0,0.0,0.0,0.0,0.0,0.0
1,0,1.0,0.0,0.0,0.0,0.0,0.0,0.0,0.0,0.0,0.0,0.0
1,0,1.0,0.0,0.0,0.0,0.0,0.0,0.0,0.0,0.0,0.0,0.0
1,0,1.0,0.0,0.0,0.0,0.0,0.0,0.0,0.0,0.0,0.0,0.0
1,0,1.0,0.0,0.0,0.0,0.0,0.0,0.0,0.0,0.0,0.0,0.0
1,0,1.0,0.0,0.0,0.0,0.0,0.0,0.0,0.0,0.0,0.0,0.0
1,0,1.0,0.0,0.0,0.0,0.0,0.0,0.0,0.0,0.0,0.0,0.0
1,0,1.0,0.0,0.0,0.0,0.0,0.0,0.0,0.0,0.0,0.0,0.0
1,0,1.0,0.0,0.0,0.0,0.0,0.0,0.0,0.0,0.0,0.0,0.0
1,0,1.0,0.0,0.0,0.0,0.0,0.0,0.0,0.0,0.0,0.0,0.0
1,0,1.0,0.0,0.0,0.0,0.0,0.0,0.0,0.0,0.0,0.0,0.0
1,0,1.0,0.0,0.0,0.0,0.0,0.0,0.0,0.0,0.0,0.0,0.0
1,0,1.0,0.0,0.0,0.0,0.0,0.0,0.0,0.0,0.0,0.0,0.0
1,0,1.0,0.0,0.0,0.0,0.0,0.0,0.0,0.0,0.0,0.0,0.0
1,0,1.0,0.0,0.0,0.0,0.0,0.0,0.0,0.0,0.0,0.0,0.0
1,0,1.0,0.0,0.0,0.0,0.0,0.0,0.0,0.0,0.0,0.0,0.0
1,0,1.0,0.0,0.0,0.0,0.0,0.0,0.0,0.0,0.0,0.0,0.0
1,0,1.0,0.0,0.0,0.0,0.0,0.0,0.0,0.0,0.0,0.0,0.0
1,0,1.0,0.0,0.0,0.0,0.0,0.0,0.0,0.0,0.0,0.0,0.0
1,0,1.0,0.0,0.0,0.0,0.0,0.0,0.0,0.0,0.0,0.0,0.0
1,0,1.0,0.0,0.0,0.0,0.0,0.0,0.0,0.0,0.0,0.0,0.0
1,0,1.0,0.0,0.0,0.0,0.0,0.0,0.0,0.0,0.0,0.0,0.0
1,0,1.0,0.0,0.0,0.0,0.0,0.0,0.0,0.0,0.0,0.0,0.0
1,0,1.0,0.0,0.0,0.0,0.0,0.0,0.0,0.0,0.0,0.0,0.0
1,0,1.0,0.0,0.0,0.0,0.0,0.0,0.0,0.0,0.0,0.0,0.0
1,0,1.0,0.0,0.0,0.0,0.0,0.0,0.0,0.0,0.0,0.0,0.0
1,0,1.0,0.0,0.0,0.0,0.0,0.0,0.0,0.0,0.0,0.0,0.0
1,0,1.0,0.0,0.0,0.0,0.0,0.0,0.0,0.0,0.0,0.0,0.0
1,0,1.0,0.0,0.0,0.0,0.0,0.0,0.0,0.0,0.0,0.0,0.0
1,0,1.0,0.0,0.0,0.0,0.0,0.0,0.0,0.0,0.0,0.0,0.0
1,0,1.0,0.0,0.0,0.0,0.0,0.0,0.0,0.0,0.0,0.0,0.0
1,0,1.0,0.0,0.0,0.0,0.0,0.0,0.0,0.0,0.0,0.0,0.0
1,0,1.0,0.0,0.0,0.0,0.0,0.0,0.0,0.0,0.0,0.0,0.0
1,0,1.0,0.0,0.0,0.0,0.0,0.0,0.0,0.0,0.0,0.0,0.0
1,0,1.0,0.0,0.0,0.0,0.0,0.0,0.0,0.0,0.0,0.0,0.0
1,0,1.0,0.0,0.0,0.0,0.0,0.0,0.0,0.0,0.0,0.0,0.0
1,0,1.0,0.0,0.0,0.0,0.0,0.0,0.0,0.0,0.0,0.0,0.0
1,0,1.0,0.0,0.0,0.0,0.0,0.0,0.0,0.0,0.0,0.0,0.0
1,0,1.0,0.0,0.0,0.0,0.0,0.0,0.0,0.0,0.0,0.0,0.0
1,0,1.0,0.0,0.0,0.0,0.0,0.0,0.0,0.0,0.0,0.0,0.0
1,0,1.0,0.0,0.0,0.0,0.0,0.0,0.0,0.0,0.0,0.0,0.0
1,0,1.0,0.0,0.0,0.0,0.0,0.0,0.0,0.0,0.0,0.0,0.0
1,0,1.0,0.0,0.0,0.0,0.0,0.0,0.0,0.0,0.0,0.0,0.0
1,0,1.0,0.0,0.0,0.0,0.0,0.0,0.0,0.0,0.0,0.0,0.0
1,0,1.0,0.0,0.0,0.0,0.0,0.0,0.0,0.0,0.0,0.0,0.0
1,0,1.0,0.0,0.0,0.0,0.0,0.0,0.0,0.0,0.0,0.0,0.0
1,0,1.0,0.0,0.0,0.0,0.0,0.0,0.0,0.0,0.0,0.0,0.0
1,0,1.0,0.0,0.0,0.0,0.0,0.0,0.0,0.0,0.0,0.0,0.0
1,0,1.0,0.0,0.0,0.0,0.0,0.0,0.0,0.0,0.0,0.0,0.0
1,0,1.0,0.0,0.0,0.0,0.0,0.0,0.0,0.0,0.0,0.0,0.0
1,0,1.0,0.0,0.0,0.0,0.0,0.0,0.0,0.0,0.0,0.0,0.0
1,0,1.0,0.0,0.0,0.0,0.0,0.0,0.0,0.0,0.0,0.0,0.0
1,0,1.0,0.0,0.0,0.0,0.0,0.0,0.0,0.0,0.0,0.0,0.0
1,0,1.0,0.0,0.0,0.0,0.0,0.0,0.0,0.0,0.0,0.0,0.0
1,0,1.0,0.0,0.0,0.0,0.0,0.0,0.0,0.0,0.0,0.0,0.0
1,0,1.0,0.0,0.0,0.0,0.0,0.0,0.0,0.0,0.0,0.0,0.0
1,0,1.0,0.0,0.0,0.0,0.0,0.0,0.0,0.0,0.0,0.0,0.0
1,0,1.0,0.0,0.0,0.0,0.0,0.0,0.0,0.0,0.0,0.0,0.0
1,0,1.0,0.0,0.0,0.0,0.0,0.0,0.0,0.0,0.0,0.0,0.0
1,0,1.0,0.0,0.0,0.0,0.0,0.0,0.0,0.0,0.0,0.0,0.0
1,0,1.0,0.0,0.0,0.0,0.0,0.0,0.0,0.0,0.0,0.0,0.0
1,0,1.0,0.0,0.0,0.0,0.0,0.0,0.0,0.0,0.0,0.0,0.0
1,0,1.0,0.0,0.0,0.0,0.0,0.0,0.0,0.0,0.0,0.0,0.0
1,0,1.0,0.0,0.0,0.0,0.0,0.0,0.0,0.0,0.0,0.0,0.0
1,0,1.0,0.0,0.0,0.0,0.0,0.0,0.0,0.0,0.0,0.0,0.0
1,0,1.0,0.0,0.0,0.0,0.0,0.0,0.0,0.0,0.0,0.0,0.0
1,0,1.0,0.0,0.0,0.0,0.0,0.0,0.0,0.0,0.0,0.0,0.0
1,0,1.0,0.0,0.0,0.0,0.0,0.0,0.0,0.0,0.0,0.0,0.0
1,0,1.0,0.0,0.0,0.0,0.0,0.0,0.0,0.0,0.0,0.0,0.0
1,0,1.0,0.0,0.0,0.0,0.0,0.0,0.0,0.0,0.0,0.0,0.0
1,0,1.0,0.0,0.0,0.0,0.0,0.0,0.0,0.0,0.0,0.0,0.0
1,0,1.0,0.0,0.0,0.0,0.0,0.0,0.0,0.0,0.0,0.0,0.0
1,0,1.0,0.0,0.0,0.0,0.0,0.0,0.0,0.0,0.0,0.0,0.0
1,0,1.0,0.0,0.0,0.0,0.0,0.0,0.0,0.0,0.0,0.0,0.0
1,0,1.0,0.0,0.0,0.0,0.0,0.0,0.0,0.0,0.0,0.0,0.0
1,0,1.0,0.0,0.0,0.0,0.0,0.0,0.0,0.0,0.0,0.0,0.0
1,0,1.0,0.0,0.0,0.0,0.0,0.0,0.0,0.0,0.0,0.0,0.0
1,0,1.0,0.0,0.0,0.0,0.0,0.0,0.0,0.0,0.0,0.0,0.0
1,0,1.0,0.0,0.0,0.0,0.0,0.0,0.0,0.0,0.0,0.0,0.0
1,0,1.0,0.0,0.0,0.0,0.0,0.0,0.0,0.0,0.0,0.0,0.0
1,0,1.0,0.0,0.0,0.0,0.0,0.0,0.0,0.0,0.0,0.0,0.0
1,0,1.0,0.0,0.0,0.0,0.0,0.0,0.0,0.0,0.0,0.0,0.0
1,0,1.0,0.0,0.0,0.0,0.0,0.0,0.0,0.0,0.0,0.0,0.0
1,0,1.0,0.0,0.0,0.0,0.0,0.0,0.0,0.0,0.0,0.0,0.0
1,0,1.0,0.0,0.0,0.0,0.0,0.0,0.0,0.0,0.0,0.0,0.0
1,0,1.0,0.0,0.0,0.0,0.0,0.0,0.0,0.0,0.0,0.0,0.0
1,0,1.0,0.0,0.0,0.0,0.0,0.0,0.0,0.0,0.0,0.0,0.0
1,0,1.0,0.0,0.0,0.0,0.0,0.0,0.0,0.0,0.0,0.0,0.0
1,0,1.0,0.0,0.0,0.0,0.0,0.0,0.0,0.0,0.0,0.0,0.0
1,0,1.0,0.0,0.0,0.0,0.0,0.0,0.0,0.0,0.0,0.0,0.0
1,0,1.0,0.0,0.0,0.0,0.0,0.0,0.0,0.0,0.0,0.0,0.0
1,0,1.0,0.0,0.0,0.0,0.0,0.0,0.0,0.0,0.0,0.0,0.0
1,0,1.0,0.0,0.0,0.0,0.0,0.0,0.0,0.0,0.0,0.0,0.0
1,0,1.0,0.0,0.0,0.0,0.0,0.0,0.0,0.0,0.0,0.0,0.0
1,0,1.0,0.0,0.0,0.0,0.0,0.0,0.0,0.0,0.0,0.0,0.0
1,0,1.0,0.0,0.0,0.0,0.0,0.0,0.0,0.0,0.0,0.0,0.0
1,0,1.0,0.0,0.0,0.0,0.0,0.0,0.0,0.0,0.0,0.0,0.0
1,0,1.0,0.0,0.0,0.0,0.0,0.0,0.0,0.0,0.0,0.0,0.0
1,0,1.0,0.0,0.0,0.0,0.0,0.0,0.0,0.0,0.0,0.0,0.0
1,0,1.0,0.0,0.0,0.0,0.0,0.0,0.0,0.0,0.0,0.0,0.0
1,0,1.0,0.0,0.0,0.0,0.0,0.0,0.0,0.0,0.0,0.0,0.0
1,0,1.0,0.0,0.0,0.0,0.0,0.0,0.0,0.0,0.0,0.0,0.0
1,0,1.0,0.0,0.0,0.0,0.0,0.0,0.0,0.0,0.0,0.0,0.0
1,0,1.0,0.0,0.0,0.0,0.0,0.0,0.0,0.0,0.0,0.0,0.0
1,0,1.0,0.0,0.0,0.0,0.0,0.0,0.0,0.0,0.0,0.0,0.0
1,0,1.0,0.0,0.0,0.0,0.0,0.0,0.0,0.0,0.0,0.0,0.0
1,0,1.0,0.0,0.0,0.0,0.0,0.0,0.0,0.0,0.0,0.0,0.0
1,0,1.0,0.0,0.0,0.0,0.0,0.0,0.0,0.0,0.0,0.0,0.0
1,0,1.0,0.0,0.0,0.0,0.0,0.0,0.0,0.0,0.0,0.0,0.0
1,0,1.0,0.0,0.0,0.0,0.0,0.0,0.0,0.0,0.0,0.0,0.0
1,0,1.0,0.0,0.0,0.0,0.0,0.0,0.0,0.0,0.0,0.0,0.0
1,0,1.0,0.0,0.0,0.0,0.0,0.0,0.0,0.0,0.0,0.0,0.0
1,0,1.0,0.0,0.0,0.0,0.0,0.0,0.0,0.0,0.0,0.0,0.0
1,0,1.0,0.0,0.0,0.0,0.0,0.0,0.0,0.0,0.0,0.0,0.0
1,0,1.0,0.0,0.0,0.0,0.0,0.0,0.0,0.0,0.0,0.0,0.0
1,0,1.0,0.0,0.0,0.0,0.0,0.0,0.0,0.0,0.0,0.0,0.0
1,0,1.0,0.0,0.0,0.0,0.0,0.0,0.0,0.0,0.0,0.0,0.0
1,0,1.0,0.0,0.0,0.0,0.0,0.0,0.0,0.0,0.0,0.0,0.0
1,0,1.0,0.0,0.0,0.0,0.0,0.0,0.0,0.0,0.0,0.0,0.0
1,0,1.0,0.0,0.0,0.0,0.0,0.0,0.0,0.0,0.0,0.0,0.0
1,0,1.0,0.0,0.0,0.0,0.0,0.0,0.0,0.0,0.0,0.0,0.0
1,0,1.0,0.0,0.0,0.0,0.0,0.0,0.0,0.0,0.0,0.0,0.0
1,0,1.0,0.0,0.0,0.0,0.0,0.0,0.0,0.0,0.0,0.0,0.0
1,0,1.0,0.0,0.0,0.0,0.0,0.0,0.0,0.0,0.0,0.0,0.0
1,0,1.0,0.0,0.0,0.0,0.0,0.0,0.0,0.0,0.0,0.0,0.0
1,0,1.0,0.0,0.0,0.0,0.0,0.0,0.0,0.0,0.0,0.0,0.0
1,0,1.0,0.0,0.0,0.0,0.0,0.0,0.0,0.0,0.0,0.0,0.0
1,0,1.0,0.0,0.0,0.0,0.0,0.0,0.0,0.0,0.0,0.0,0.0
1,0,1.0,0.0,0.0,0.0,0.0,0.0,0.0,0.0,0.0,0.0,0.0
1,0,1.0,0.0,0.0,0.0,0.0,0.0,0.0,0.0,0.0,0.0,0.0
1,0,1.0,0.0,0.0,0.0,0.0,0.0,0.0,0.0,0.0,0.0,0.0
1,0,1.0,0.0,0.0,0.0,0.0,0.0,0.0,0.0,0.0,0.0,0.0
1,0,1.0,0.0,0.0,0.0,0.0,0.0,0.0,0.0,0.0,0.0,0.0
1,0,1.0,0.0,0.0,0.0,0.0,0.0,0.0,0.0,0.0,0.0,0.0
1,0,1.0,0.0,0.0,0.0,0.0,0.0,0.0,0.0,0.0,0.0,0.0
1,0,1.0,0.0,0.0,0.0,0.0,0.0,0.0,0.0,0.0,0.0,0.0
1,0,1.0,0.0,0.0,0.0,0.0,0.0,0.0,0.0,0.0,0.0,0.0
1,0,1.0,0.0,0.0,0.0,0.0,0.0,0.0,0.0,0.0,0.0,0.0
1,0,1.0,0.0,0.0,0.0,0.0,0.0,0.0,0.0,0.0,0.0,0.0
1,0,1.0,0.0,0.0,0.0,0.0,0.0,0.0,0.0,0.0,0.0,0.0
1,0,1.0,0.0,0.0,0.0,0.0,0.0,0.0,0.0,0.0,0.0,0.0
1,0,1.0,0.0,0.0,0.0,0.0,0.0,0.0,0.0,0.0,0.0,0.0
1,0,1.0,0.0,0.0,0.0,0.0,0.0,0.0,0.0,0.0,0.0,0.0
1,0,1.0,0.0,0.0,0.0,0.0,0.0,0.0,0.0,0.0,0.0,0.0
1,0,1.0,0.0,0.0,0.0,0.0,0.0,0.0,0.0,0.0,0.0,0.0
1,0,1.0,0.0,0.0,0.0,0.0,0.0,0.0,0.0,0.0,0.0,0.0
1,0,1.0,0.0,0.0,0.0,0.0,0.0,0.0,0.0,0.0,0.0,0.0
1,0,1.0,0.0,0.0,0.0,0.0,0.0,0.0,0.0,0.0,0.0,0.0
1,0,1.0,0.0,0.0,0.0,0.0,0.0,0.0,0.0,0.0,0.0,0.0
1,0,1.0,0.0,0.0,0.0,0.0,0.0,0.0,0.0,0.0,0.0,0.0
1,0,1.0,0.0,0.0,0.0,0.0,0.0,0.0,0.0,0.0,0.0,0.0
1,0,1.0,0.0,0.0,0.0,0.0,0.0,0.0,0.0,0.0,0.0,0.0
1,0,1.0,0.0,0.0,0.0,0.0,0.0,0.0,0.0,0.0,0.0,0.0
1,0,1.0,0.0,0.0,0.0,0.0,0.0,0.0,0.0,0.0,0.0,0.0
1,0,1.0,0.0,0.0,0.0,0.0,0.0,0.0,0.0,0.0,0.0,0.0
1,0,1.0,0.0,0.0,0.0,0.0,0.0,0.0,0.0,0.0,0.0,0.0
1,0,1.0,0.0,0.0,0.0,0.0,0.0,0.0,0.0,0.0,0.0,0.0
1,0,1.0,0.0,0.0,0.0,0.0,0.0,0.0,0.0,0.0,0.0,0.0
1,0,1.0,0.0,0.0,0.0,0.0,0.0,0.0,0.0,0.0,0.0,0.0
1,0,1.0,0.0,0.0,0.0,0.0,0.0,0.0,0.0,0.0,0.0,0.0
1,0,1.0,0.0,0.0,0.0,0.0,0.0,0.0,0.0,0.0,0.0,0.0
1,0,1.0,0.0,0.0,0.0,0.0,0.0,0.0,0.0,0.0,0.0,0.0
1,0,1.0,0.0,0.0,0.0,0.0,0.0,0.0,0.0,0.0,0.0,0.0
1,0,1.0,0.0,0.0,0.0,0.0,0.0,0.0,0.0,0.0,0.0,0.0
1,0,1.0,0.0,0.0,0.0,0.0,0.0,0.0,0.0,0.0,0.0,0.0
1,0,1.0,0.0,0.0,0.0,0.0,0.0,0.0,0.0,0.0,0.0,0.0
1,0,1.0,0.0,0.0,0.0,0.0,0.0,0.0,0.0,0.0,0.0,0.0
1,0,1.0,0.0,0.0,0.0,0.0,0.0,0.0,0.0,0.0,0.0,0.0
1,0,1.0,0.0,0.0,0.0,0.0,0.0,0.0,0.0,0.0,0.0,0.0
1,0,1.0,0.0,0.0,0.0,0.0,0.0,0.0,0.0,0.0,0.0,0.0
1,0,1.0,0.0,0.0,0.0,0.0,0.0,0.0,0.0,0.0,0.0,0.0
1,0,1.0,0.0,0.0,0.0,0.0,0.0,0.0,0.0,0.0,0.0,0.0
1,0,1.0,0.0,0.0,0.0,0.0,0.0,0.0,0.0,0.0,0.0,0.0
1,0,1.0,0.0,0.0,0.0,0.0,0.0,0.0,0.0,0.0,0.0,0.0
1,0,1.0,0.0,0.0,0.0,0.0,0.0,0.0,0.0,0.0,0.0,0.0
1,0,1.0,0.0,0.0,0.0,0.0,0.0,0.0,0.0,0.0,0.0,0.0
1,0,1.0,0.0,0.0,0.0,0.0,0.0,0.0,0.0,0.0,0.0,0.0
1,0,1.0,0.0,0.0,0.0,0.0,0.0,0.0,0.0,0.0,0.0,0.0
1,0,1.0,0.0,0.0,0.0,0.0,0.0,0.0,0.0,0.0,0.0,0.0
1,0,1.0,0.0,0.0,0.0,0.0,0.0,0.0,0.0,0.0,0.0,0.0
1,0,1.0,0.0,0.0,0.0,0.0,0.0,0.0,0.0,0.0,0.0,0.0
1,0,1.0,0.0,0.0,0.0,0.0,0.0,0.0,0.0,0.0,0.0,0.0
1,0,1.0,0.0,0.0,0.0,0.0,0.0,0.0,0.0,0.0,0.0,0.0
1,0,1.0,0.0,0.0,0.0,0.0,0.0,0.0,0.0,0.0,0.0,0.0
1,0,1.0,0.0,0.0,0.0,0.0,0.0,0.0,0.0,0.0,0.0,0.0
1,0,1.0,0.0,0.0,0.0,0.0,0.0,0.0,0.0,0.0,0.0,0.0
1,0,1.0,0.0,0.0,0.0,0.0,0.0,0.0,0.0,0.0,0.0,0.0
1,0,1.0,0.0,0.0,0.0,0.0,0.0,0.0,0.0,0.0,0.0,0.0
1,0,1.0,0.0,0.0,0.0,0.0,0.0,0.0,0.0,0.0,0.0,0.0
1,0,1.0,0.0,0.0,0.0,0.0,0.0,0.0,0.0,0.0,0.0,0.0
1,0,1.0,0.0,0.0,0.0,0.0,0.0,0.0,0.0,0.0,0.0,0.0
1,0,1.0,0.0,0.0,0.0,0.0,0.0,0.0,0.0,0.0,0.0,0.0
1,0,1.0,0.0,0.0,0.0,0.0,0.0,0.0,0.0,0.0,0.0,0.0
1,0,1.0,0.0,0.0,0.0,0.0,0.0,0.0,0.0,0.0,0.0,0.0
1,0,1.0,0.0,0.0,0.0,0.0,0.0,0.0,0.0,0.0,0.0,0.0
1,0,1.0,0.0,0.0,0.0,0.0,0.0,0.0,0.0,0.0,0.0,0.0
1,0,1.0,0.0,0.0,0.0,0.0,0.0,0.0,0.0,0.0,0.0,0.0
1,0,1.0,0.0,0.0,0.0,0.0,0.0,0.0,0.0,0.0,0.0,0.0
1,0,1.0,0.0,0.0,0.0,0.0,0.0,0.0,0.0,0.0,0.0,0.0
1,0,1.0,0.0,0.0,0.0,0.0,0.0,0.0,0.0,0.0,0.0,0.0
1,0,1.0,0.0,0.0,0.0,0.0,0.0,0.0,0.0,0.0,0.0,0.0
1,0,0.9375,0.0,0.0625,0.0,0.0,0.0,0.0,0.0,0.0,0.0,0.0
1,0,0.9375,0.0,0.0625,0.0,0.0,0.0,0.0,0.0,0.0,0.0,0.0
1,0,0.9375,0.0,0.0625,0.0,0.0,0.0,0.0,0.0,0.0,0.0,0.0
1,0,0.9375,0.0,0.0625,0.0,0.0,0.0,0.0,0.0,0.0,0.0,0.0
1,0,0.9375,0.0,0.0625,0.0,0.0,0.0,0.0,0.0,0.0,0.0,0.0
1,0,0.9375,0.0,0.0625,0.0,0.0,0.0,0.0,0.0,0.0,0.0,0.0
1,0,0.9375,0.0,0.0625,0.0,0.0,0.0,0.0,0.0,0.0,0.0,0.0
1,0,0.9375,0.0,0.0625,0.0,0.0,0.0,0.0,0.0,0.0,0.0,0.0
1,0,0.9375,0.0,0.0625,0.0,0.0,0.0,0.0,0.0,0.0,0.0,0.0
1,0,0.9375,0.0,0.0625,0.0,0.0,0.0,0.0,0.0,0.0,0.0,0.0
1,0,0.9375,0.0,0.0625,0.0,0.0,0.0,0.0,0.0,0.0,0.0,0.0
1,0,0.9375,0.0,0.0625,0.0,0.0,0.0,0.0,0.0,0.0,0.0,0.0
1,0,0.9375,0.0,0.0625,0.0,0.0,0.0,0.0,0.0,0.0,0.0,0.0
1,0,0.9375,0.0,0.0625,0.0,0.0,0.0,0.0,0.0,0.0,0.0,0.0
1,0,0.9375,0.0,0.0625,0.0,0.0,0.0,0.0,0.0,0.0,0.0,0.0
1,0,0.9375,0.0,0.0625,0.0,0.0,0.0,0.0,0.0,0.0,0.0,0.0
1,0,0.9375,0.0,0.0625,0.0,0.0,0.0,0.0,0.0,0.0,0.0,0.0
1,0,0.9375,0.0,0.0625,0.0,0.0,0.0,0.0,0.0,0.0,0.0,0.0
1,0,0.9375,0.0,0.0625,0.0,0.0,0.0,0.0,0.0,0.0,0.0,0.0
1,0,0.9375,0.0,0.0625,0.0,0.0,0.0,0.0,0.0,0.0,0.0,0.0
1,0,0.9375,0.0,0.0625,0.0,0.0,0.0,0.0,0.0,0.0,0.0,0.0
1,0,0.9375,0.0,0.0625,0.0,0.0,0.0,0.0,0.0,0.0,0.0,0.0
1,0,0.9375,0.0,0.0625,0.0,0.0,0.0,0.0,0.0,0.0,0.0,0.0
1,0,0.9375,0.0,0.0625,0.0,0.0,0.0,0.0,0.0,0.0,0.0,0.0
1,0,0.9375,0.0,0.0625,0.0,0.0,0.0,0.0,0.0,0.0,0.0,0.0
1,0,0.9375,0.0,0.0625,0.0,0.0,0.0,0.0,0.0,0.0,0.0,0.0
1,0,0.9375,0.0,0.0625,0.0,0.0,0.0,0.0,0.0,0.0,0.0,0.0
1,0,0.9375,0.0,0.0625,0.0,0.0,0.0,0.0,0.0,0.0,0.0,0.0
1,0,0.9375,0.0,0.0625,0.0,0.0,0.0,0.0,0.0,0.0,0.0,0.0
1,0,0.9375,0.0,0.0625,0.0,0.0,0.0,0.0,0.0,0.0,0.0,0.0
1,0,0.9375,0.0,0.0625,0.0,0.0,0.0,0.0,0.0,0.0,0.0,0.0
1,0,0.9375,0.0,0.0625,0.0,0.0,0.0,0.0,0.0,0.0,0.0,0.0
1,0,0.9375,0.0,0.0625,0.0,0.0,0.0,0.0,0.0,0.0,0.0,0.0
1,0,0.9375,0.0,0.0625,0.0,0.0,0.0,0.0,0.0,0.0,0.0,0.0
1,0,0.9375,0.0,0.0625,0.0,0.0,0.0,0.0,0.0,0.0,0.0,0.0
1,0,0.9375,0.0,0.0625,0.0,0.0,0.0,0.0,0.0,0.0,0.0,0.0
1,0,0.9375,0.0,0.0625,0.0,0.0,0.0,0.0,0.0,0.0,0.0,0.0
1,0,0.9375,0.0,0.0625,0.0,0.0,0.0,0.0,0.0,0.0,0.0,0.0
1,0,0.9375,0.0,0.0625,0.0,0.0,0.0,0.0,0.0,0.0,0.0,0.0
1,0,0.9375,0.0,0.0625,0.0,0.0,0.0,0.0,0.0,0.0,0.0,0.0
1,0,0.9375,0.0,0.0625,0.0,0.0,0.0,0.0,0.0,0.0,0.0,0.0
1,0,0.9375,0.0,0.0625,0.0,0.0,0.0,0.0,0.0,0.0,0.0,0.0
1,0,0.9375,0.0,0.0625,0.0,0.0,0.0,0.0,0.0,0.0,0.0,0.0
1,0,0.9375,0.0,0.0625,0.0,0.0,0.0,0.0,0.0,0.0,0.0,0.0
1,0,0.9375,0.0,0.0625,0.0,0.0,0.0,0.0,0.0,0.0,0.0,0.0
1,0,0.9375,0.0,0.0625,0.0,0.0,0.0,0.0,0.0,0.0,0.0,0.0
1,0,0.9375,0.0,0.0625,0.0,0.0,0.0,0.0,0.0,0.0,0.0,0.0
1,0,0.9375,0.0,0.0625,0.0,0.0,0.0,0.0,0.0,0.0,0.0,0.0
1,0,0.9375,0.0,0.0625,0.0,0.0,0.0,0.0,0.0,0.0,0.0,0.0
1,0,0.9375,0.0,0.0625,0.0,0.0,0.0,0.0,0.0,0.0,0.0,0.0
1,0,0.9375,0.0,0.0625,0.0,0.0,0.0,0.0,0.0,0.0,0.0,0.0
1,0,0.9375,0.0,0.0625,0.0,0.0,0.0,0.0,0.0,0.0,0.0,0.0
1,0,0.9375,0.0,0.0625,0.0,0.0,0.0,0.0,0.0,0.0,0.0,0.0
1,0,0.9375,0.0,0.0625,0.0,0.0,0.0,0.0,0.0,0.0,0.0,0.0
1,0,0.9375,0.0,0.0625,0.0,0.0,0.0,0.0,0.0,0.0,0.0,0.0
1,0,0.9375,0.0,0.0625,0.0,0.0,0.0,0.0,0.0,0.0,0.0,0.0
1,0,0.9375,0.0,0.0625,0.0,0.0,0.0,0.0,0.0,0.0,0.0,0.0
1,0,0.9375,0.0,0.0625,0.0,0.0,0.0,0.0,0.0,0.0,0.0,0.0
1,0,0.9375,0.0,0.0625,0.0,0.0,0.0,0.0,0.0,0.0,0.0,0.0
1,0,0.9375,0.0,0.0625,0.0,0.0,0.0,0.0,0.0,0.0,0.0,0.0
1,0,0.9375,0.0,0.0625,0.0,0.0,0.0,0.0,0.0,0.0,0.0,0.0
1,0,0.9375,0.0,0.0625,0.0,0.0,0.0,0.0,0.0,0.0,0.0,0.0
1,0,0.9375,0.0,0.0625,0.0,0.0,0.0,0.0,0.0,0.0,0.0,0.0
1,0,0.9375,0.0,0.0625,0.0,0.0,0.0,0.0,0.0,0.0,0.0,0.0
1,0,0.9375,0.0,0.0625,0.0,0.0,0.0,0.0,0.0,0.0,0.0,0.0
1,0,0.9375,0.0,0.0625,0.0,0.0,0.0,0.0,0.0,0.0,0.0,0.0
1,0,0.9375,0.0,0.0625,0.0,0.0,0.0,0.0,0.0,0.0,0.0,0.0
1,0,0.9375,0.0,0.0625,0.0,0.0,0.0,0.0,0.0,0.0,0.0,0.0
1,0,0.9375,0.0,0.0625,0.0,0.0,0.0,0.0,0.0,0.0,0.0,0.0
1,0,0.9375,0.0,0.0625,0.0,0.0,0.0,0.0,0.0,0.0,0.0,0.0
1,0,0.9375,0.0,0.0625,0.0,0.0,0.0,0.0,0.0,0.0,0.0,0.0
1,0,0.9375,0.0,0.0625,0.0,0.0,0.0,0.0,0.0,0.0,0.0,0.0
1,0,0.9375,0.0,0.0625,0.0,0.0,0.0,0.0,0.0,0.0,0.0,0.0
1,0,0.9375,0.0,0.0625,0.0,0.0,0.0,0.0,0.0,0.0,0.0,0.0
1,0,0.9375,0.0,0.0625,0.0,0.0,0.0,0.0,0.0,0.0,0.0,0.0
1,0,0.9375,0.0,0.0625,0.0,0.0,0.0,0.0,0.0,0.0,0.0,0.0
1,0,0.9375,0.0,0.0625,0.0,0.0,0.0,0.0,0.0,0.0,0.0,0.0
1,0,0.9375,0.0,0.0625,0.0,0.0,0.0,0.0,0.0,0.0,0.0,0.0
1,0,0.9375,0.0,0.0625,0.0,0.0,0.0,0.0,0.0,0.0,0.0,0.0
1,0,0.9375,0.0,0.0625,0.0,0.0,0.0,0.0,0.0,0.0,0.0,0.0
1,0,0.9375,0.0,0.0625,0.0,0.0,0.0,0.0,0.0,0.0,0.0,0.0
1,0,0.9375,0.0,0.0625,0.0,0.0,0.0,0.0,0.0,0.0,0.0,0.0
1,0,0.9375,0.0,0.0625,0.0,0.0,0.0,0.0,0.0,0.0,0.0,0.0
1,0,0.9375,0.0,0.0625,0.0,0.0,0.0,0.0,0.0,0.0,0.0,0.0
1,0,0.9375,0.0,0.0625,0.0,0.0,0.0,0.0,0.0,0.0,0.0,0.0
1,0,0.9375,0.0,0.0625,0.0,0.0,0.0,0.0,0.0,0.0,0.0,0.0
1,0,0.9375,0.0,0.0625,0.0,0.0,0.0,0.0,0.0,0.0,0.0,0.0
1,0,0.9375,0.0,0.0625,0.0,0.0,0.0,0.0,0.0,0.0,0.0,0.0
1,0,0.9375,0.0,0.0625,0.0,0.0,0.0,0.0,0.0,0.0,0.0,0.0
1,0,0.9375,0.0,0.0625,0.0,0.0,0.0,0.0,0.0,0.0,0.0,0.0
1,0,0.9375,0.0,0.0625,0.0,0.0,0.0,0.0,0.0,0.0,0.0,0.0
1,0,0.9375,0.0,0.0625,0.0,0.0,0.0,0.0,0.0,0.0,0.0,0.0
1,0,0.9375,0.0,0.0625,0.0,0.0,0.0,0.0,0.0,0.0,0.0,0.0
1,0,0.9375,0.0,0.0625,0.0,0.0,0.0,0.0,0.0,0.0,0.0,0.0
1,0,0.9375,0.0,0.0625,0.0,0.0,0.0,0.0,0.0,0.0,0.0,0.0
1,0,0.9375,0.0,0.0625,0.0,0.0,0.0,0.0,0.0,0.0,0.0,0.0
1,0,0.9375,0.0,0.0625,0.0,0.0,0.0,0.0,0.0,0.0,0.0,0.0
1,0,0.9375,0.0,0.0625,0.0,0.0,0.0,0.0,0.0,0.0,0.0,0.0
1,0,0.9375,0.0,0.0625,0.0,0.0,0.0,0.0,0.0,0.0,0.0,0.0
1,0,0.9375,0.0,0.0625,0.0,0.0,0.0,0.0,0.0,0.0,0.0,0.0
1,0,0.9375,0.0,0.0625,0.0,0.0,0.0,0.0,0.0,0.0,0.0,0.0
1,0,0.9375,0.0,0.0625,0.0,0.0,0.0,0.0,0.0,0.0,0.0,0.0
1,0,0.9375,0.0,0.0625,0.0,0.0,0.0,0.0,0.0,0.0,0.0,0.0
1,0,0.9375,0.0,0.0625,0.0,0.0,0.0,0.0,0.0,0.0,0.0,0.0
1,0,0.9375,0.0,0.0625,0.0,0.0,0.0,0.0,0.0,0.0,0.0,0.0
1,0,0.9375,0.0,0.0625,0.0,0.0,0.0,0.0,0.0,0.0,0.0,0.0
1,0,0.9375,0.0,0.0625,0.0,0.0,0.0,0.0,0.0,0.0,0.0,0.0
1,0,0.9375,0.0,0.0625,0.0,0.0,0.0,0.0,0.0,0.0,0.0,0.0
1,0,0.9375,0.0,0.0625,0.0,0.0,0.0,0.0,0.0,0.0,0.0,0.0
1,0,0.9375,0.0,0.0625,0.0,0.0,0.0,0.0,0.0,0.0,0.0,0.0
1,0,0.9375,0.0,0.0625,0.0,0.0,0.0,0.0,0.0,0.0,0.0,0.0
1,0,0.9375,0.0,0.0625,0.0,0.0,0.0,0.0,0.0,0.0,0.0,0.0
1,0,1.0,0.0,0.0,0.0,0.0,0.0,0.0,0.0,0.0,0.0,0.0
1,0,1.0,0.0,0.0,0.0,0.0,0.0,0.0,0.0,0.0,0.0,0.0
1,0,1.0,0.0,0.0,0.0,0.0,0.0,0.0,0.0,0.0,0.0,0.0
1,0,1.0,0.0,0.0,0.0,0.0,0.0,0.0,0.0,0.0,0.0,0.0
1,0,1.0,0.0,0.0,0.0,0.0,0.0,0.0,0.0,0.0,0.0,0.0
1,0,1.0,0.0,0.0,0.0,0.0,0.0,0.0,0.0,0.0,0.0,0.0
1,0,1.0,0.0,0.0,0.0,0.0,0.0,0.0,0.0,0.0,0.0,0.0
1,0,1.0,0.0,0.0,0.0,0.0,0.0,0.0,0.0,0.0,0.0,0.0
1,0,1.0,0.0,0.0,0.0,0.0,0.0,0.0,0.0,0.0,0.0,0.0
1,0,1.0,0.0,0.0,0.0,0.0,0.0,0.0,0.0,0.0,0.0,0.0
1,0,1.0,0.0,0.0,0.0,0.0,0.0,0.0,0.0,0.0,0.0,0.0
1,0,1.0,0.0,0.0,0.0,0.0,0.0,0.0,0.0,0.0,0.0,0.0
1,0,1.0,0.0,0.0,0.0,0.0,0.0,0.0,0.0,0.0,0.0,0.0
1,0,1.0,0.0,0.0,0.0,0.0,0.0,0.0,0.0,0.0,0.0,0.0
1,0,1.0,0.0,0.0,0.0,0.0,0.0,0.0,0.0,0.0,0.0,0.0
1,0,1.0,0.0,0.0,0.0,0.0,0.0,0.0,0.0,0.0,0.0,0.0
1,0,1.0,0.0,0.0,0.0,0.0,0.0,0.0,0.0,0.0,0.0,0.0
1,0,1.0,0.0,0.0,0.0,0.0,0.0,0.0,0.0,0.0,0.0,0.0
1,0,1.0,0.0,0.0,0.0,0.0,0.0,0.0,0.0,0.0,0.0,0.0
1,0,1.0,0.0,0.0,0.0,0.0,0.0,0.0,0.0,0.0,0.0,0.0
1,0,1.0,0.0,0.0,0.0,0.0,0.0,0.0,0.0,0.0,0.0,0.0
1,0,1.0,0.0,0.0,0.0,0.0,0.0,0.0,0.0,0.0,0.0,0.0
1,0,1.0,0.0,0.0,0.0,0.0,0.0,0.0,0.0,0.0,0.0,0.0
1,0,1.0,0.0,0.0,0.0,0.0,0.0,0.0,0.0,0.0,0.0,0.0
1,0,1.0,0.0,0.0,0.0,0.0,0.0,0.0,0.0,0.0,0.0,0.0
1,0,1.0,0.0,0.0,0.0,0.0,0.0,0.0,0.0,0.0,0.0,0.0
1,0,1.0,0.0,0.0,0.0,0.0,0.0,0.0,0.0,0.0,0.0,0.0
1,0,1.0,0.0,0.0,0.0,0.0,0.0,0.0,0.0,0.0,0.0,0.0
1,0,1.0,0.0,0.0,0.0,0.0,0.0,0.0,0.0,0.0,0.0,0.0
1,0,1.0,0.0,0.0,0.0,0.0,0.0,0.0,0.0,0.0,0.0,0.0
1,0,1.0,0.0,0.0,0.0,0.0,0.0,0.0,0.0,0.0,0.0,0.0
1,0,1.0,0.0,0.0,0.0,0.0,0.0,0.0,0.0,0.0,0.0,0.0
1,0,1.0,0.0,0.0,0.0,0.0,0.0,0.0,0.0,0.0,0.0,0.0
1,0,1.0,0.0,0.0,0.0,0.0,0.0,0.0,0.0,0.0,0.0,0.0
1,0,1.0,0.0,0.0,0.0,0.0,0.0,0.0,0.0,0.0,0.0,0.0
1,0,1.0,0.0,0.0,0.0,0.0,0.0,0.0,0.0,0.0,0.0,0.0
1,0,1.0,0.0,0.0,0.0,0.0,0.0,0.0,0.0,0.0,0.0,0.0
1,0,1.0,0.0,0.0,0.0,0.0,0.0,0.0,0.0,0.0,0.0,0.0
1,0,1.0,0.0,0.0,0.0,0.0,0.0,0.0,0.0,0.0,0.0,0.0
1,0,1.0,0.0,0.0,0.0,0.0,0.0,0.0,0.0,0.0,0.0,0.0
1,0,1.0,0.0,0.0,0.0,0.0,0.0,0.0,0.0,0.0,0.0,0.0
1,0,1.0,0.0,0.0,0.0,0.0,0.0,0.0,0.0,0.0,0.0,0.0
1,0,1.0,0.0,0.0,0.0,0.0,0.0,0.0,0.0,0.0,0.0,0.0
1,0,1.0,0.0,0.0,0.0,0.0,0.0,0.0,0.0,0.0,0.0,0.0
1,0,1.0,0.0,0.0,0.0,0.0,0.0,0.0,0.0,0.0,0.0,0.0
1,0,1.0,0.0,0.0,0.0,0.0,0.0,0.0,0.0,0.0,0.0,0.0
1,0,1.0,0.0,0.0,0.0,0.0,0.0,0.0,0.0,0.0,0.0,0.0
1,0,1.0,0.0,0.0,0.0,0.0,0.0,0.0,0.0,0.0,0.0,0.0
1,0,1.0,0.0,0.0,0.0,0.0,0.0,0.0,0.0,0.0,0.0,0.0
1,0,1.0,0.0,0.0,0.0,0.0,0.0,0.0,0.0,0.0,0.0,0.0
1,0,1.0,0.0,0.0,0.0,0.0,0.0,0.0,0.0,0.0,0.0,0.0
1,0,1.0,0.0,0.0,0.0,0.0,0.0,0.0,0.0,0.0,0.0,0.0
1,0,1.0,0.0,0.0,0.0,0.0,0.0,0.0,0.0,0.0,0.0,0.0
1,0,1.0,0.0,0.0,0.0,0.0,0.0,0.0,0.0,0.0,0.0,0.0
1,0,1.0,0.0,0.0,0.0,0.0,0.0,0.0,0.0,0.0,0.0,0.0
1,0,1.0,0.0,0.0,0.0,0.0,0.0,0.0,0.0,0.0,0.0,0.0
1,0,1.0,0.0,0.0,0.0,0.0,0.0,0.0,0.0,0.0,0.0,0.0
1,0,1.0,0.0,0.0,0.0,0.0,0.0,0.0,0.0,0.0,0.0,0.0
1,0,1.0,0.0,0.0,0.0,0.0,0.0,0.0,0.0,0.0,0.0,0.0
1,0,1.0,0.0,0.0,0.0,0.0,0.0,0.0,0.0,0.0,0.0,0.0
1,0,1.0,0.0,0.0,0.0,0.0,0.0,0.0,0.0,0.0,0.0,0.0
1,0,1.0,0.0,0.0,0.0,0.0,0.0,0.0,0.0,0.0,0.0,0.0
1,0,1.0,0.0,0.0,0.0,0.0,0.0,0.0,0.0,0.0,0.0,0.0
1,0,1.0,0.0,0.0,0.0,0.0,0.0,0.0,0.0,0.0,0.0,0.0
1,0,1.0,0.0,0.0,0.0,0.0,0.0,0.0,0.0,0.0,0.0,0.0
1,0,1.0,0.0,0.0,0.0,0.0,0.0,0.0,0.0,0.0,0.0,0.0
1,0,1.0,0.0,0.0,0.0,0.0,0.0,0.0,0.0,0.0,0.0,0.0
1,0,1.0,0.0,0.0,0.0,0.0,0.0,0.0,0.0,0.0,0.0,0.0
1,0,1.0,0.0,0.0,0.0,0.0,0.0,0.0,0.0,0.0,0.0,0.0
1,0,1.0,0.0,0.0,0.0,0.0,0.0,0.0,0.0,0.0,0.0,0.0
1,0,1.0,0.0,0.0,0.0,0.0,0.0,0.0,0.0,0.0,0.0,0.0
1,0,1.0,0.0,0.0,0.0,0.0,0.0,0.0,0.0,0.0,0.0,0.0
1,0,1.0,0.0,0.0,0.0,0.0,0.0,0.0,0.0,0.0,0.0,0.0
1,0,1.0,0.0,0.0,0.0,0.0,0.0,0.0,0.0,0.0,0.0,0.0
1,0,1.0,0.0,0.0,0.0,0.0,0.0,0.0,0.0,0.0,0.0,0.0
1,0,1.0,0.0,0.0,0.0,0.0,0.0,0.0,0.0,0.0,0.0,0.0
1,0,1.0,0.0,0.0,0.0,0.0,0.0,0.0,0.0,0.0,0.0,0.0
1,0,1.0,0.0,0.0,0.0,0.0,0.0,0.0,0.0,0.0,0.0,0.0
1,0,1.0,0.0,0.0,0.0,0.0,0.0,0.0,0.0,0.0,0.0,0.0
1,0,1.0,0.0,0.0,0.0,0.0,0.0,0.0,0.0,0.0,0.0,0.0
1,0,1.0,0.0,0.0,0.0,0.0,0.0,0.0,0.0,0.0,0.0,0.0
1,0,1.0,0.0,0.0,0.0,0.0,0.0,0.0,0.0,0.0,0.0,0.0
1,0,1.0,0.0,0.0,0.0,0.0,0.0,0.0,0.0,0.0,0.0,0.0
1,0,1.0,0.0,0.0,0.0,0.0,0.0,0.0,0.0,0.0,0.0,0.0
1,0,1.0,0.0,0.0,0.0,0.0,0.0,0.0,0.0,0.0,0.0,0.0
1,0,1.0,0.0,0.0,0.0,0.0,0.0,0.0,0.0,0.0,0.0,0.0
1,0,1.0,0.0,0.0,0.0,0.0,0.0,0.0,0.0,0.0,0.0,0.0
1,0,1.0,0.0,0.0,0.0,0.0,0.0,0.0,0.0,0.0,0.0,0.0
1,0,1.0,0.0,0.0,0.0,0.0,0.0,0.0,0.0,0.0,0.0,0.0
1,0,1.0,0.0,0.0,0.0,0.0,0.0,0.0,0.0,0.0,0.0,0.0
1,0,1.0,0.0,0.0,0.0,0.0,0.0,0.0,0.0,0.0,0.0,0.0
1,0,1.0,0.0,0.0,0.0,0.0,0.0,0.0,0.0,0.0,0.0,0.0
1,0,1.0,0.0,0.0,0.0,0.0,0.0,0.0,0.0,0.0,0.0,0.0
1,0,1.0,0.0,0.0,0.0,0.0,0.0,0.0,0.0,0.0,0.0,0.0
1,0,1.0,0.0,0.0,0.0,0.0,0.0,0.0,0.0,0.0,0.0,0.0
1,0,1.0,0.0,0.0,0.0,0.0,0.0,0.0,0.0,0.0,0.0,0.0
1,0,1.0,0.0,0.0,0.0,0.0,0.0,0.0,0.0,0.0,0.0,0.0
1,0,1.0,0.0,0.0,0.0,0.0,0.0,0.0,0.0,0.0,0.0,0.0
1,0,1.0,0.0,0.0,0.0,0.0,0.0,0.0,0.0,0.0,0.0,0.0
1,0,1.0,0.0,0.0,0.0,0.0,0.0,0.0,0.0,0.0,0.0,0.0
1,0,1.0,0.0,0.0,0.0,0.0,0.0,0.0,0.0,0.0,0.0,0.0
1,0,1.0,0.0,0.0,0.0,0.0,0.0,0.0,0.0,0.0,0.0,0.0
1,0,1.0,0.0,0.0,0.0,0.0,0.0,0.0,0.0,0.0,0.0,0.0
1,0,1.0,0.0,0.0,0.0,0.0,0.0,0.0,0.0,0.0,0.0,0.0
1,0,1.0,0.0,0.0,0.0,0.0,0.0,0.0,0.0,0.0,0.0,0.0
1,0,1.0,0.0,0.0,0.0,0.0,0.0,0.0,0.0,0.0,0.0,0.0
1,0,1.0,0.0,0.0,0.0,0.0,0.0,0.0,0.0,0.0,0.0,0.0
1,0,1.0,0.0,0.0,0.0,0.0,0.0,0.0,0.0,0.0,0.0,0.0
1,0,1.0,0.0,0.0,0.0,0.0,0.0,0.0,0.0,0.0,0.0,0.0
1,0,1.0,0.0,0.0,0.0,0.0,0.0,0.0,0.0,0.0,0.0,0.0
1,0,1.0,0.0,0.0,0.0,0.0,0.0,0.0,0.0,0.0,0.0,0.0
1,0,1.0,0.0,0.0,0.0,0.0,0.0,0.0,0.0,0.0,0.0,0.0
1,0,1.0,0.0,0.0,0.0,0.0,0.0,0.0,0.0,0.0,0.0,0.0
1,0,1.0,0.0,0.0,0.0,0.0,0.0,0.0,0.0,0.0,0.0,0.0
1,0,1.0,0.0,0.0,0.0,0.0,0.0,0.0,0.0,0.0,0.0,0.0
1,0,1.0,0.0,0.0,0.0,0.0,0.0,0.0,0.0,0.0,0.0,0.0
1,0,1.0,0.0,0.0,0.0,0.0,0.0,0.0,0.0,0.0,0.0,0.0
1,0,1.0,0.0,0.0,0.0,0.0,0.0,0.0,0.0,0.0,0.0,0.0
1,0,1.0,0.0,0.0,0.0,0.0,0.0,0.0,0.0,0.0,0.0,0.0
1,0,1.0,0.0,0.0,0.0,0.0,0.0,0.0,0.0,0.0,0.0,0.0
1,0,1.0,0.0,0.0,0.0,0.0,0.0,0.0,0.0,0.0,0.0,0.0
1,0,1.0,0.0,0.0,0.0,0.0,0.0,0.0,0.0,0.0,0.0,0.0
1,0,1.0,0.0,0.0,0.0,0.0,0.0,0.0,0.0,0.0,0.0,0.0
1,0,1.0,0.0,0.0,0.0,0.0,0.0,0.0,0.0,0.0,0.0,0.0
1,0,1.0,0.0,0.0,0.0,0.0,0.0,0.0,0.0,0.0,0.0,0.0
1,0,1.0,0.0,0.0,0.0,0.0,0.0,0.0,0.0,0.0,0.0,0.0
1,0,1.0,0.0,0.0,0.0,0.0,0.0,0.0,0.0,0.0,0.0,0.0
1,0,1.0,0.0,0.0,0.0,0.0,0.0,0.0,0.0,0.0,0.0,0.0
1,0,1.0,0.0,0.0,0.0,0.0,0.0,0.0,0.0,0.0,0.0,0.0
1,0,1.0,0.0,0.0,0.0,0.0,0.0,0.0,0.0,0.0,0.0,0.0
1,0,1.0,0.0,0.0,0.0,0.0,0.0,0.0,0.0,0.0,0.0,0.0
1,0,1.0,0.0,0.0,0.0,0.0,0.0,0.0,0.0,0.0,0.0,0.0
1,0,1.0,0.0,0.0,0.0,0.0,0.0,0.0,0.0,0.0,0.0,0.0
1,0,1.0,0.0,0.0,0.0,0.0,0.0,0.0,0.0,0.0,0.0,0.0
1,0,1.0,0.0,0.0,0.0,0.0,0.0,0.0,0.0,0.0,0.0,0.0
1,0,1.0,0.0,0.0,0.0,0.0,0.0,0.0,0.0,0.0,0.0,0.0
1,0,1.0,0.0,0.0,0.0,0.0,0.0,0.0,0.0,0.0,0.0,0.0
1,0,1.0,0.0,0.0,0.0,0.0,0.0,0.0,0.0,0.0,0.0,0.0
1,0,1.0,0.0,0.0,0.0,0.0,0.0,0.0,0.0,0.0,0.0,0.0
1,0,1.0,0.0,0.0,0.0,0.0,0.0,0.0,0.0,0.0,0.0,0.0
1,0,1.0,0.0,0.0,0.0,0.0,0.0,0.0,0.0,0.0,0.0,0.0
1,0,1.0,0.0,0.0,0.0,0.0,0.0,0.0,0.0,0.0,0.0,0.0
1,0,1.0,0.0,0.0,0.0,0.0,0.0,0.0,0.0,0.0,0.0,0.0
1,0,1.0,0.0,0.0,0.0,0.0,0.0,0.0,0.0,0.0,0.0,0.0
1,0,1.0,0.0,0.0,0.0,0.0,0.0,0.0,0.0,0.0,0.0,0.0
1,0,1.0,0.0,0.0,0.0,0.0,0.0,0.0,0.0,0.0,0.0,0.0
1,0,1.0,0.0,0.0,0.0,0.0,0.0,0.0,0.0,0.0,0.0,0.0
1,0,1.0,0.0,0.0,0.0,0.0,0.0,0.0,0.0,0.0,0.0,0.0
1,0,1.0,0.0,0.0,0.0,0.0,0.0,0.0,0.0,0.0,0.0,0.0
1,0,1.0,0.0,0.0,0.0,0.0,0.0,0.0,0.0,0.0,0.0,0.0
1,0,1.0,0.0,0.0,0.0,0.0,0.0,0.0,0.0,0.0,0.0,0.0
1,0,1.0,0.0,0.0,0.0,0.0,0.0,0.0,0.0,0.0,0.0,0.0
1,0,1.0,0.0,0.0,0.0,0.0,0.0,0.0,0.0,0.0,0.0,0.0
1,0,1.0,0.0,0.0,0.0,0.0,0.0,0.0,0.0,0.0,0.0,0.0
1,0,1.0,0.0,0.0,0.0,0.0,0.0,0.0,0.0,0.0,0.0,0.0
1,0,1.0,0.0,0.0,0.0,0.0,0.0,0.0,0.0,0.0,0.0,0.0
1,0,1.0,0.0,0.0,0.0,0.0,0.0,0.0,0.0,0.0,0.0,0.0
1,0,1.0,0.0,0.0,0.0,0.0,0.0,0.0,0.0,0.0,0.0,0.0
1,0,1.0,0.0,0.0,0.0,0.0,0.0,0.0,0.0,0.0,0.0,0.0
1,0,1.0,0.0,0.0,0.0,0.0,0.0,0.0,0.0,0.0,0.0,0.0
1,0,1.0,0.0,0.0,0.0,0.0,0.0,0.0,0.0,0.0,0.0,0.0
1,0,1.0,0.0,0.0,0.0,0.0,0.0,0.0,0.0,0.0,0.0,0.0
1,0,1.0,0.0,0.0,0.0,0.0,0.0,0.0,0.0,0.0,0.0,0.0
1,0,1.0,0.0,0.0,0.0,0.0,0.0,0.0,0.0,0.0,0.0,0.0
1,0,1.0,0.0,0.0,0.0,0.0,0.0,0.0,0.0,0.0,0.0,0.0
1,0,1.0,0.0,0.0,0.0,0.0,0.0,0.0,0.0,0.0,0.0,0.0
1,0,1.0,0.0,0.0,0.0,0.0,0.0,0.0,0.0,0.0,0.0,0.0
1,0,1.0,0.0,0.0,0.0,0.0,0.0,0.0,0.0,0.0,0.0,0.0
1,0,1.0,0.0,0.0,0.0,0.0,0.0,0.0,0.0,0.0,0.0,0.0
1,0,1.0,0.0,0.0,0.0,0.0,0.0,0.0,0.0,0.0,0.0,0.0
1,0,1.0,0.0,0.0,0.0,0.0,0.0,0.0,0.0,0.0,0.0,0.0
1,0,1.0,0.0,0.0,0.0,0.0,0.0,0.0,0.0,0.0,0.0,0.0
1,0,1.0,0.0,0.0,0.0,0.0,0.0,0.0,0.0,0.0,0.0,0.0
1,0,1.0,0.0,0.0,0.0,0.0,0.0,0.0,0.0,0.0,0.0,0.0
1,0,1.0,0.0,0.0,0.0,0.0,0.0,0.0,0.0,0.0,0.0,0.0
1,0,1.0,0.0,0.0,0.0,0.0,0.0,0.0,0.0,0.0,0.0,0.0
1,0,1.0,0.0,0.0,0.0,0.0,0.0,0.0,0.0,0.0,0.0,0.0
1,0,1.0,0.0,0.0,0.0,0.0,0.0,0.0,0.0,0.0,0.0,0.0
1,0,1.0,0.0,0.0,0.0,0.0,0.0,0.0,0.0,0.0,0.0,0.0
1,0,1.0,0.0,0.0,0.0,0.0,0.0,0.0,0.0,0.0,0.0,0.0
1,0,1.0,0.0,0.0,0.0,0.0,0.0,0.0,0.0,0.0,0.0,0.0
1,0,1.0,0.0,0.0,0.0,0.0,0.0,0.0,0.0,0.0,0.0,0.0
1,0,1.0,0.0,0.0,0.0,0.0,0.0,0.0,0.0,0.0,0.0,0.0
1,0,1.0,0.0,0.0,0.0,0.0,0.0,0.0,0.0,0.0,0.0,0.0
1,0,1.0,0.0,0.0,0.0,0.0,0.0,0.0,0.0,0.0,0.0,0.0
1,0,1.0,0.0,0.0,0.0,0.0,0.0,0.0,0.0,0.0,0.0,0.0
1,0,1.0,0.0,0.0,0.0,0.0,0.0,0.0,0.0,0.0,0.0,0.0
1,0,1.0,0.0,0.0,0.0,0.0,0.0,0.0,0.0,0.0,0.0,0.0
1,0,1.0,0.0,0.0,0.0,0.0,0.0,0.0,0.0,0.0,0.0,0.0
1,0,1.0,0.0,0.0,0.0,0.0,0.0,0.0,0.0,0.0,0.0,0.0
1,0,1.0,0.0,0.0,0.0,0.0,0.0,0.0,0.0,0.0,0.0,0.0
1,0,1.0,0.0,0.0,0.0,0.0,0.0,0.0,0.0,0.0,0.0,0.0
1,0,1.0,0.0,0.0,0.0,0.0,0.0,0.0,0.0,0.0,0.0,0.0
1,0,1.0,0.0,0.0,0.0,0.0,0.0,0.0,0.0,0.0,0.0,0.0
1,0,1.0,0.0,0.0,0.0,0.0,0.0,0.0,0.0,0.0,0.0,0.0
1,0,1.0,0.0,0.0,0.0,0.0,0.0,0.0,0.0,0.0,0.0,0.0
1,0,1.0,0.0,0.0,0.0,0.0,0.0,0.0,0.0,0.0,0.0,0.0
1,0,1.0,0.0,0.0,0.0,0.0,0.0,0.0,0.0,0.0,0.0,0.0
1,0,1.0,0.0,0.0,0.0,0.0,0.0,0.0,0.0,0.0,0.0,0.0
1,0,1.0,0.0,0.0,0.0,0.0,0.0,0.0,0.0,0.0,0.0,0.0
1,0,1.0,0.0,0.0,0.0,0.0,0.0,0.0,0.0,0.0,0.0,0.0
1,0,1.0,0.0,0.0,0.0,0.0,0.0,0.0,0.0,0.0,0.0,0.0
1,0,1.0,0.0,0.0,0.0,0.0,0.0,0.0,0.0,0.0,0.0,0.0
1,0,1.0,0.0,0.0,0.0,0.0,0.0,0.0,0.0,0.0,0.0,0.0
1,0,1.0,0.0,0.0,0.0,0.0,0.0,0.0,0.0,0.0,0.0,0.0
1,0,1.0,0.0,0.0,0.0,0.0,0.0,0.0,0.0,0.0,0.0,0.0
1,0,1.0,0.0,0.0,0.0,0.0,0.0,0.0,0.0,0.0,0.0,0.0
1,0,1.0,0.0,0.0,0.0,0.0,0.0,0.0,0.0,0.0,0.0,0.0
1,0,1.0,0.0,0.0,0.0,0.0,0.0,0.0,0.0,0.0,0.0,0.0
1,0,1.0,0.0,0.0,0.0,0.0,0.0,0.0,0.0,0.0,0.0,0.0
1,0,1.0,0.0,0.0,0.0,0.0,0.0,0.0,0.0,0.0,0.0,0.0
1,0,1.0,0.0,0.0,0.0,0.0,0.0,0.0,0.0,0.0,0.0,0.0
1,0,1.0,0.0,0.0,0.0,0.0,0.0,0.0,0.0,0.0,0.0,0.0
1,0,1.0,0.0,0.0,0.0,0.0,0.0,0.0,0.0,0.0,0.0,0.0
1,0,1.0,0.0,0.0,0.0,0.0,0.0,0.0,0.0,0.0,0.0,0.0
1,0,1.0,0.0,0.0,0.0,0.0,0.0,0.0,0.0,0.0,0.0,0.0
1,0,1.0,0.0,0.0,0.0,0.0,0.0,0.0,0.0,0.0,0.0,0.0
1,0,1.0,0.0,0.0,0.0,0.0,0.0,0.0,0.0,0.0,0.0,0.0
1,0,1.0,0.0,0.0,0.0,0.0,0.0,0.0,0.0,0.0,0.0,0.0
1,0,1.0,0.0,0.0,0.0,0.0,0.0,0.0,0.0,0.0,0.0,0.0
1,0,1.0,0.0,0.0,0.0,0.0,0.0,0.0,0.0,0.0,0.0,0.0
1,0,1.0,0.0,0.0,0.0,0.0,0.0,0.0,0.0,0.0,0.0,0.0
1,0,1.0,0.0,0.0,0.0,0.0,0.0,0.0,0.0,0.0,0.0,0.0
1,0,1.0,0.0,0.0,0.0,0.0,0.0,0.0,0.0,0.0,0.0,0.0
1,0,1.0,0.0,0.0,0.0,0.0,0.0,0.0,0.0,0.0,0.0,0.0
1,0,1.0,0.0,0.0,0.0,0.0,0.0,0.0,0.0,0.0,0.0,0.0
1,0,1.0,0.0,0.0,0.0,0.0,0.0,0.0,0.0,0.0,0.0,0.0
1,0,1.0,0.0,0.0,0.0,0.0,0.0,0.0,0.0,0.0,0.0,0.0
1,0,1.0,0.0,0.0,0.0,0.0,0.0,0.0,0.0,0.0,0.0,0.0
1,0,1.0,0.0,0.0,0.0,0.0,0.0,0.0,0.0,0.0,0.0,0.0
1,0,1.0,0.0,0.0,0.0,0.0,0.0,0.0,0.0,0.0,0.0,0.0
1,0,1.0,0.0,0.0,0.0,0.0,0.0,0.0,0.0,0.0,0.0,0.0
1,0,1.0,0.0,0.0,0.0,0.0,0.0,0.0,0.0,0.0,0.0,0.0
1,0,1.0,0.0,0.0,0.0,0.0,0.0,0.0,0.0,0.0,0.0,0.0
1,0,1.0,0.0,0.0,0.0,0.0,0.0,0.0,0.0,0.0,0.0,0.0
1,0,1.0,0.0,0.0,0.0,0.0,0.0,0.0,0.0,0.0,0.0,0.0
1,0,1.0,0.0,0.0,0.0,0.0,0.0,0.0,0.0,0.0,0.0,0.0
1,0,1.0,0.0,0.0,0.0,0.0,0.0,0.0,0.0,0.0,0.0,0.0
1,0,1.0,0.0,0.0,0.0,0.0,0.0,0.0,0.0,0.0,0.0,0.0
1,0,1.0,0.0,0.0,0.0,0.0,0.0,0.0,0.0,0.0,0.0,0.0
1,0,1.0,0.0,0.0,0.0,0.0,0.0,0.0,0.0,0.0,0.0,0.0
1,0,1.0,0.0,0.0,0.0,0.0,0.0,0.0,0.0,0.0,0.0,0.0
1,0,1.0,0.0,0.0,0.0,0.0,0.0,0.0,0.0,0.0,0.0,0.0
1,0,1.0,0.0,0.0,0.0,0.0,0.0,0.0,0.0,0.0,0.0,0.0
1,0,1.0,0.0,0.0,0.0,0.0,0.0,0.0,0.0,0.0,0.0,0.0
1,0,1.0,0.0,0.0,0.0,0.0,0.0,0.0,0.0,0.0,0.0,0.0
1,0,1.0,0.0,0.0,0.0,0.0,0.0,0.0,0.0,0.0,0.0,0.0
1,0,1.0,0.0,0.0,0.0,0.0,0.0,0.0,0.0,0.0,0.0,0.0
1,0,1.0,0.0,0.0,0.0,0.0,0.0,0.0,0.0,0.0,0.0,0.0
1,0,1.0,0.0,0.0,0.0,0.0,0.0,0.0,0.0,0.0,0.0,0.0
1,0,1.0,0.0,0.0,0.0,0.0,0.0,0.0,0.0,0.0,0.0,0.0
1,0,1.0,0.0,0.0,0.0,0.0,0.0,0.0,0.0,0.0,0.0,0.0
1,0,1.0,0.0,0.0,0.0,0.0,0.0,0.0,0.0,0.0,0.0,0.0
1,0,1.0,0.0,0.0,0.0,0.0,0.0,0.0,0.0,0.0,0.0,0.0
1,0,1.0,0.0,0.0,0.0,0.0,0.0,0.0,0.0,0.0,0.0,0.0
1,0,1.0,0.0,0.0,0.0,0.0,0.0,0.0,0.0,0.0,0.0,0.0
1,0,1.0,0.0,0.0,0.0,0.0,0.0,0.0,0.0,0.0,0.0,0.0
1,0,1.0,0.0,0.0,0.0,0.0,0.0,0.0,0.0,0.0,0.0,0.0
1,0,1.0,0.0,0.0,0.0,0.0,0.0,0.0,0.0,0.0,0.0,0.0
1,0,1.0,0.0,0.0,0.0,0.0,0.0,0.0,0.0,0.0,0.0,0.0
1,0,1.0,0.0,0.0,0.0,0.0,0.0,0.0,0.0,0.0,0.0,0.0
1,0,1.0,0.0,0.0,0.0,0.0,0.0,0.0,0.0,0.0,0.0,0.0
1,0,1.0,0.0,0.0,0.0,0.0,0.0,0.0,0.0,0.0,0.0,0.0
1,0,1.0,0.0,0.0,0.0,0.0,0.0,0.0,0.0,0.0,0.0,0.0
1,0,1.0,0.0,0.0,0.0,0.0,0.0,0.0,0.0,0.0,0.0,0.0
1,0,1.0,0.0,0.0,0.0,0.0,0.0,0.0,0.0,0.0,0.0,0.0
1,0,1.0,0.0,0.0,0.0,0.0,0.0,0.0,0.0,0.0,0.0,0.0
1,0,1.0,0.0,0.0,0.0,0.0,0.0,0.0,0.0,0.0,0.0,0.0
1,0,1.0,0.0,0.0,0.0,0.0,0.0,0.0,0.0,0.0,0.0,0.0
1,0,1.0,0.0,0.0,0.0,0.0,0.0,0.0,0.0,0.0,0.0,0.0
1,0,1.0,0.0,0.0,0.0,0.0,0.0,0.0,0.0,0.0,0.0,0.0
1,0,1.0,0.0,0.0,0.0,0.0,0.0,0.0,0.0,0.0,0.0,0.0
1,0,1.0,0.0,0.0,0.0,0.0,0.0,0.0,0.0,0.0,0.0,0.0
1,0,1.0,0.0,0.0,0.0,0.0,0.0,0.0,0.0,0.0,0.0,0.0
1,0,1.0,0.0,0.0,0.0,0.0,0.0,0.0,0.0,0.0,0.0,0.0
1,0,1.0,0.0,0.0,0.0,0.0,0.0,0.0,0.0,0.0,0.0,0.0
1,0,1.0,0.0,0.0,0.0,0.0,0.0,0.0,0.0,0.0,0.0,0.0
1,0,1.0,0.0,0.0,0.0,0.0,0.0,0.0,0.0,0.0,0.0,0.0
1,0,1.0,0.0,0.0,0.0,0.0,0.0,0.0,0.0,0.0,0.0,0.0
1,0,1.0,0.0,0.0,0.0,0.0,0.0,0.0,0.0,0.0,0.0,0.0
1,0,1.0,0.0,0.0,0.0,0.0,0.0,0.0,0.0,0.0,0.0,0.0
1,0,1.0,0.0,0.0,0.0,0.0,0.0,0.0,0.0,0.0,0.0,0.0
1,0,1.0,0.0,0.0,0.0,0.0,0.0,0.0,0.0,0.0,0.0,0.0
1,0,1.0,0.0,0.0,0.0,0.0,0.0,0.0,0.0,0.0,0.0,0.0
1,0,1.0,0.0,0.0,0.0,0.0,0.0,0.0,0.0,0.0,0.0,0.0
1,0,1.0,0.0,0.0,0.0,0.0,0.0,0.0,0.0,0.0,0.0,0.0
1,0,1.0,0.0,0.0,0.0,0.0,0.0,0.0,0.0,0.0,0.0,0.0
1,0,1.0,0.0,0.0,0.0,0.0,0.0,0.0,0.0,0.0,0.0,0.0
1,0,1.0,0.0,0.0,0.0,0.0,0.0,0.0,0.0,0.0,0.0,0.0
1,0,1.0,0.0,0.0,0.0,0.0,0.0,0.0,0.0,0.0,0.0,0.0
1,0,1.0,0.0,0.0,0.0,0.0,0.0,0.0,0.0,0.0,0.0,0.0
1,0,1.0,0.0,0.0,0.0,0.0,0.0,0.0,0.0,0.0,0.0,0.0
1,0,1.0,0.0,0.0,0.0,0.0,0.0,0.0,0.0,0.0,0.0,0.0
1,0,1.0,0.0,0.0,0.0,0.0,0.0,0.0,0.0,0.0,0.0,0.0
1,0,1.0,0.0,0.0,0.0,0.0,0.0,0.0,0.0,0.0,0.0,0.0
1,0,1.0,0.0,0.0,0.0,0.0,0.0,0.0,0.0,0.0,0.0,0.0
1,0,1.0,0.0,0.0,0.0,0.0,0.0,0.0,0.0,0.0,0.0,0.0
1,0,1.0,0.0,0.0,0.0,0.0,0.0,0.0,0.0,0.0,0.0,0.0
1,0,1.0,0.0,0.0,0.0,0.0,0.0,0.0,0.0,0.0,0.0,0.0
1,0,1.0,0.0,0.0,0.0,0.0,0.0,0.0,0.0,0.0,0.0,0.0
1,0,1.0,0.0,0.0,0.0,0.0,0.0,0.0,0.0,0.0,0.0,0.0
1,0,1.0,0.0,0.0,0.0,0.0,0.0,0.0,0.0,0.0,0.0,0.0
1,0,1.0,0.0,0.0,0.0,0.0,0.0,0.0,0.0,0.0,0.0,0.0
1,0,1.0,0.0,0.0,0.0,0.0,0.0,0.0,0.0,0.0,0.0,0.0
1,0,1.0,0.0,0.0,0.0,0.0,0.0,0.0,0.0,0.0,0.0,0.0
1,0,1.0,0.0,0.0,0.0,0.0,0.0,0.0,0.0,0.0,0.0,0.0
1,0,1.0,0.0,0.0,0.0,0.0,0.0,0.0,0.0,0.0,0.0,0.0
1,0,1.0,0.0,0.0,0.0,0.0,0.0,0.0,0.0,0.0,0.0,0.0
1,0,1.0,0.0,0.0,0.0,0.0,0.0,0.0,0.0,0.0,0.0,0.0
1,0,1.0,0.0,0.0,0.0,0.0,0.0,0.0,0.0,0.0,0.0,0.0
1,0,1.0,0.0,0.0,0.0,0.0,0.0,0.0,0.0,0.0,0.0,0.0
1,0,1.0,0.0,0.0,0.0,0.0,0.0,0.0,0.0,0.0,0.0,0.0
1,0,1.0,0.0,0.0,0.0,0.0,0.0,0.0,0.0,0.0,0.0,0.0
1,0,1.0,0.0,0.0,0.0,0.0,0.0,0.0,0.0,0.0,0.0,0.0
1,0,1.0,0.0,0.0,0.0,0.0,0.0,0.0,0.0,0.0,0.0,0.0
1,0,1.0,0.0,0.0,0.0,0.0,0.0,0.0,0.0,0.0,0.0,0.0
1,0,1.0,0.0,0.0,0.0,0.0,0.0,0.0,0.0,0.0,0.0,0.0
1,0,1.0,0.0,0.0,0.0,0.0,0.0,0.0,0.0,0.0,0.0,0.0
1,0,1.0,0.0,0.0,0.0,0.0,0.0,0.0,0.0,0.0,0.0,0.0
1,0,1.0,0.0,0.0,0.0,0.0,0.0,0.0,0.0,0.0,0.0,0.0
1,0,1.0,0.0,0.0,0.0,0.0,0.0,0.0,0.0,0.0,0.0,0.0
1,0,1.0,0.0,0.0,0.0,0.0,0.0,0.0,0.0,0.0,0.0,0.0
1,0,1.0,0.0,0.0,0.0,0.0,0.0,0.0,0.0,0.0,0.0,0.0
1,0,1.0,0.0,0.0,0.0,0.0,0.0,0.0,0.0,0.0,0.0,0.0
1,0,1.0,0.0,0.0,0.0,0.0,0.0,0.0,0.0,0.0,0.0,0.0
1,0,1.0,0.0,0.0,0.0,0.0,0.0,0.0,0.0,0.0,0.0,0.0
1,0,1.0,0.0,0.0,0.0,0.0,0.0,0.0,0.0,0.0,0.0,0.0
1,0,1.0,0.0,0.0,0.0,0.0,0.0,0.0,0.0,0.0,0.0,0.0
1,0,1.0,0.0,0.0,0.0,0.0,0.0,0.0,0.0,0.0,0.0,0.0
1,0,1.0,0.0,0.0,0.0,0.0,0.0,0.0,0.0,0.0,0.0,0.0
1,0,1.0,0.0,0.0,0.0,0.0,0.0,0.0,0.0,0.0,0.0,0.0
1,0,1.0,0.0,0.0,0.0,0.0,0.0,0.0,0.0,0.0,0.0,0.0
1,0,1.0,0.0,0.0,0.0,0.0,0.0,0.0,0.0,0.0,0.0,0.0
1,0,1.0,0.0,0.0,0.0,0.0,0.0,0.0,0.0,0.0,0.0,0.0
1,0,1.0,0.0,0.0,0.0,0.0,0.0,0.0,0.0,0.0,0.0,0.0
1,0,1.0,0.0,0.0,0.0,0.0,0.0,0.0,0.0,0.0,0.0,0.0
1,0,1.0,0.0,0.0,0.0,0.0,0.0,0.0,0.0,0.0,0.0,0.0
1,0,1.0,0.0,0.0,0.0,0.0,0.0,0.0,0.0,0.0,0.0,0.0
1,0,1.0,0.0,0.0,0.0,0.0,0.0,0.0,0.0,0.0,0.0,0.0
1,0,1.0,0.0,0.0,0.0,0.0,0.0,0.0,0.0,0.0,0.0,0.0
1,0,1.0,0.0,0.0,0.0,0.0,0.0,0.0,0.0,0.0,0.0,0.0
1,0,1.0,0.0,0.0,0.0,0.0,0.0,0.0,0.0,0.0,0.0,0.0
1,0,1.0,0.0,0.0,0.0,0.0,0.0,0.0,0.0,0.0,0.0,0.0
1,0,1.0,0.0,0.0,0.0,0.0,0.0,0.0,0.0,0.0,0.0,0.0
1,0,1.0,0.0,0.0,0.0,0.0,0.0,0.0,0.0,0.0,0.0,0.0
1,0,1.0,0.0,0.0,0.0,0.0,0.0,0.0,0.0,0.0,0.0,0.0
1,0,1.0,0.0,0.0,0.0,0.0,0.0,0.0,0.0,0.0,0.0,0.0
1,0,1.0,0.0,0.0,0.0,0.0,0.0,0.0,0.0,0.0,0.0,0.0
1,0,1.0,0.0,0.0,0.0,0.0,0.0,0.0,0.0,0.0,0.0,0.0
1,0,1.0,0.0,0.0,0.0,0.0,0.0,0.0,0.0,0.0,0.0,0.0
1,0,1.0,0.0,0.0,0.0,0.0,0.0,0.0,0.0,0.0,0.0,0.0
1,0,1.0,0.0,0.0,0.0,0.0,0.0,0.0,0.0,0.0,0.0,0.0
1,0,1.0,0.0,0.0,0.0,0.0,0.0,0.0,0.0,0.0,0.0,0.0
1,0,1.0,0.0,0.0,0.0,0.0,0.0,0.0,0.0,0.0,0.0,0.0
1,0,1.0,0.0,0.0,0.0,0.0,0.0,0.0,0.0,0.0,0.0,0.0
1,0,1.0,0.0,0.0,0.0,0.0,0.0,0.0,0.0,0.0,0.0,0.0
1,0,1.0,0.0,0.0,0.0,0.0,0.0,0.0,0.0,0.0,0.0,0.0
1,0,1.0,0.0,0.0,0.0,0.0,0.0,0.0,0.0,0.0,0.0,0.0
1,0,1.0,0.0,0.0,0.0,0.0,0.0,0.0,0.0,0.0,0.0,0.0
1,0,1.0,0.0,0.0,0.0,0.0,0.0,0.0,0.0,0.0,0.0,0.0
1,0,1.0,0.0,0.0,0.0,0.0,0.0,0.0,0.0,0.0,0.0,0.0
1,0,1.0,0.0,0.0,0.0,0.0,0.0,0.0,0.0,0.0,0.0,0.0
1,0,1.0,0.0,0.0,0.0,0.0,0.0,0.0,0.0,0.0,0.0,0.0
1,0,1.0,0.0,0.0,0.0,0.0,0.0,0.0,0.0,0.0,0.0,0.0
1,0,1.0,0.0,0.0,0.0,0.0,0.0,0.0,0.0,0.0,0.0,0.0
1,0,1.0,0.0,0.0,0.0,0.0,0.0,0.0,0.0,0.0,0.0,0.0
1,0,1.0,0.0,0.0,0.0,0.0,0.0,0.0,0.0,0.0,0.0,0.0
1,0,1.0,0.0,0.0,0.0,0.0,0.0,0.0,0.0,0.0,0.0,0.0
1,0,1.0,0.0,0.0,0.0,0.0,0.0,0.0,0.0,0.0,0.0,0.0
1,0,1.0,0.0,0.0,0.0,0.0,0.0,0.0,0.0,0.0,0.0,0.0
1,0,1.0,0.0,0.0,0.0,0.0,0.0,0.0,0.0,0.0,0.0,0.0
1,0,1.0,0.0,0.0,0.0,0.0,0.0,0.0,0.0,0.0,0.0,0.0
1,0,1.0,0.0,0.0,0.0,0.0,0.0,0.0,0.0,0.0,0.0,0.0
1,0,1.0,0.0,0.0,0.0,0.0,0.0,0.0,0.0,0.0,0.0,0.0
1,0,1.0,0.0,0.0,0.0,0.0,0.0,0.0,0.0,0.0,0.0,0.0
1,0,1.0,0.0,0.0,0.0,0.0,0.0,0.0,0.0,0.0,0.0,0.0
1,0,1.0,0.0,0.0,0.0,0.0,0.0,0.0,0.0,0.0,0.0,0.0
1,0,1.0,0.0,0.0,0.0,0.0,0.0,0.0,0.0,0.0,0.0,0.0
1,0,1.0,0.0,0.0,0.0,0.0,0.0,0.0,0.0,0.0,0.0,0.0
1,0,1.0,0.0,0.0,0.0,0.0,0.0,0.0,0.0,0.0,0.0,0.0
1,0,0.9375,0.0625,0.0,0.0,0.0,0.0,0.0,0.0,0.0,0.0,0.0
1,0,0.9375,0.0625,0.0,0.0,0.0,0.0,0.0,0.0,0.0,0.0,0.0
1,0,0.9375,0.0625,0.0,0.0,0.0,0.0,0.0,0.0,0.0,0.0,0.0
1,0,0.9375,0.0625,0.0,0.0,0.0,0.0,0.0,0.0,0.0,0.0,0.0
1,0,0.9375,0.0625,0.0,0.0,0.0,0.0,0.0,0.0,0.0,0.0,0.0
1,0,0.9375,0.0625,0.0,0.0,0.0,0.0,0.0,0.0,0.0,0.0,0.0
1,0,0.9375,0.0625,0.0,0.0,0.0,0.0,0.0,0.0,0.0,0.0,0.0
1,0,0.9375,0.0625,0.0,0.0,0.0,0.0,0.0,0.0,0.0,0.0,0.0
1,0,0.9375,0.0625,0.0,0.0,0.0,0.0,0.0,0.0,0.0,0.0,0.0
1,0,0.9375,0.0625,0.0,0.0,0.0,0.0,0.0,0.0,0.0,0.0,0.0
1,0,0.9375,0.0625,0.0,0.0,0.0,0.0,0.0,0.0,0.0,0.0,0.0
1,0,0.9375,0.0625,0.0,0.0,0.0,0.0,0.0,0.0,0.0,0.0,0.0
1,0,0.875,0.0625,0.0625,0.0,0.0,0.0,0.0,0.0,0.0,0.0,0.0
1,0,0.875,0.0625,0.0625,0.0,0.0,0.0,0.0,0.0,0.0,0.0,0.0
1,0,0.875,0.0625,0.0625,0.0,0.0,0.0,0.0,0.0,0.0,0.0,0.0
1,0,0.875,0.0625,0.0625,0.0,0.0,0.0,0.0,0.0,0.0,0.0,0.0
1,0,0.875,0.0625,0.0625,0.0,0.0,0.0,0.0,0.0,0.0,0.0,0.0
1,0,0.875,0.0625,0.0625,0.0,0.0,0.0,0.0,0.0,0.0,0.0,0.0
1,0,0.875,0.0625,0.0625,0.0,0.0,0.0,0.0,0.0,0.0,0.0,0.0
1,0,0.875,0.0625,0.0625,0.0,0.0,0.0,0.0,0.0,0.0,0.0,0.0
1,0,0.875,0.0625,0.0625,0.0,0.0,0.0,0.0,0.0,0.0,0.0,0.0
1,0,0.875,0.0625,0.0625,0.0,0.0,0.0,0.0,0.0,0.0,0.0,0.0
1,0,0.875,0.0625,0.0625,0.0,0.0,0.0,0.0,0.0,0.0,0.0,0.0
1,0,0.875,0.0625,0.0625,0.0,0.0,0.0,0.0,0.0,0.0,0.0,0.0
1,0,0.875,0.0625,0.0625,0.0,0.0,0.0,0.0,0.0,0.0,0.0,0.0
1,0,0.875,0.0625,0.0625,0.0,0.0,0.0,0.0,0.0,0.0,0.0,0.0
1,0,0.875,0.0625,0.0625,0.0,0.0,0.0,0.0,0.0,0.0,0.0,0.0
1,0,0.875,0.0625,0.0625,0.0,0.0,0.0,0.0,0.0,0.0,0.0,0.0
1,0,0.875,0.0625,0.0625,0.0,0.0,0.0,0.0,0.0,0.0,0.0,0.0
1,0,0.875,0.0625,0.0625,0.0,0.0,0.0,0.0,0.0,0.0,0.0,0.0
1,0,0.875,0.0625,0.0625,0.0,0.0,0.0,0.0,0.0,0.0,0.0,0.0
1,0,0.875,0.0625,0.0625,0.0,0.0,0.0,0.0,0.0,0.0,0.0,0.0
1,0,0.875,0.0625,0.0625,0.0,0.0,0.0,0.0,0.0,0.0,0.0,0.0
1,0,0.875,0.0625,0.0625,0.0,0.0,0.0,0.0,0.0,0.0,0.0,0.0
1,0,0.875,0.0625,0.0625,0.0,0.0,0.0,0.0,0.0,0.0,0.0,0.0
1,0,0.875,0.0625,0.0625,0.0,0.0,0.0,0.0,0.0,0.0,0.0,0.0
1,0,0.875,0.0625,0.0625,0.0,0.0,0.0,0.0,0.0,0.0,0.0,0.0
1,0,0.875,0.0625,0.0625,0.0,0.0,0.0,0.0,0.0,0.0,0.0,0.0
1,0,0.875,0.0625,0.0625,0.0,0.0,0.0,0.0,0.0,0.0,0.0,0.0
1,0,0.875,0.0625,0.0625,0.0,0.0,0.0,0.0,0.0,0.0,0.0,0.0
1,0,0.875,0.0625,0.0625,0.0,0.0,0.0,0.0,0.0,0.0,0.0,0.0
1,0,0.875,0.0625,0.0625,0.0,0.0,0.0,0.0,0.0,0.0,0.0,0.0
1,0,0.875,0.0625,0.0625,0.0,0.0,0.0,0.0,0.0,0.0,0.0,0.0
1,0,0.875,0.0625,0.0625,0.0,0.0,0.0,0.0,0.0,0.0,0.0,0.0
1,0,0.8125,0.125,0.0625,0.0,0.0,0.0,0.0,0.0,0.0,0.0,0.0
1,0,0.8125,0.125,0.0625,0.0,0.0,0.0,0.0,0.0,0.0,0.0,0.0
1,0,0.8125,0.125,0.0625,0.0,0.0,0.0,0.0,0.0,0.0,0.0,0.0
1,0,0.8125,0.125,0.0625,0.0,0.0,0.0,0.0,0.0,0.0,0.0,0.0
1,0,0.8125,0.125,0.0625,0.0,0.0,0.0,0.0,0.0,0.0,0.0,0.0
1,0,0.8125,0.125,0.0625,0.0,0.0,0.0,0.0,0.0,0.0,0.0,0.0
1,0,0.8125,0.125,0.0625,0.0,0.0,0.0,0.0,0.0,0.0,0.0,0.0
1,0,0.8125,0.125,0.0625,0.0,0.0,0.0,0.0,0.0,0.0,0.0,0.0
1,0,0.8125,0.125,0.0625,0.0,0.0,0.0,0.0,0.0,0.0,0.0,0.0
1,0,0.8125,0.125,0.0625,0.0,0.0,0.0,0.0,0.0,0.0,0.0,0.0
1,0,0.8125,0.125,0.0625,0.0,0.0,0.0,0.0,0.0,0.0,0.0,0.0
1,0,0.8125,0.125,0.0625,0.0,0.0,0.0,0.0,0.0,0.0,0.0,0.0
1,0,0.8125,0.125,0.0625,0.0,0.0,0.0,0.0,0.0,0.0,0.0,0.0
1,0,0.8125,0.125,0.0625,0.0,0.0,0.0,0.0,0.0,0.0,0.0,0.0
1,0,0.8125,0.125,0.0625,0.0,0.0,0.0,0.0,0.0,0.0,0.0,0.0
1,0,0.8125,0.125,0.0625,0.0,0.0,0.0,0.0,0.0,0.0,0.0,0.0
1,0,0.8125,0.125,0.0625,0.0,0.0,0.0,0.0,0.0,0.0,0.0,0.0
1,0,0.8125,0.125,0.0625,0.0,0.0,0.0,0.0,0.0,0.0,0.0,0.0
1,0,0.8125,0.125,0.0625,0.0,0.0,0.0,0.0,0.0,0.0,0.0,0.0
1,0,0.8125,0.125,0.0625,0.0,0.0,0.0,0.0,0.0,0.0,0.0,0.0
1,0,0.8125,0.125,0.0625,0.0,0.0,0.0,0.0,0.0,0.0,0.0,0.0
1,0,0.8125,0.125,0.0625,0.0,0.0,0.0,0.0,0.0,0.0,0.0,0.0
1,0,0.8125,0.125,0.0625,0.0,0.0,0.0,0.0,0.0,0.0,0.0,0.0
1,0,0.8125,0.125,0.0625,0.0,0.0,0.0,0.0,0.0,0.0,0.0,0.0
1,0,0.8125,0.125,0.0625,0.0,0.0,0.0,0.0,0.0,0.0,0.0,0.0
1,0,0.8125,0.125,0.0625,0.0,0.0,0.0,0.0,0.0,0.0,0.0,0.0
1,0,0.8125,0.125,0.0625,0.0,0.0,0.0,0.0,0.0,0.0,0.0,0.0
1,0,0.8125,0.125,0.0625,0.0,0.0,0.0,0.0,0.0,0.0,0.0,0.0
1,0,0.8125,0.125,0.0625,0.0,0.0,0.0,0.0,0.0,0.0,0.0,0.0
1,0,0.8125,0.125,0.0625,0.0,0.0,0.0,0.0,0.0,0.0,0.0,0.0
1,0,0.8125,0.125,0.0625,0.0,0.0,0.0,0.0,0.0,0.0,0.0,0.0
1,0,0.8125,0.125,0.0625,0.0,0.0,0.0,0.0,0.0,0.0,0.0,0.0
1,0,0.8125,0.125,0.0625,0.0,0.0,0.0,0.0,0.0,0.0,0.0,0.0
1,0,0.8125,0.125,0.0625,0.0,0.0,0.0,0.0,0.0,0.0,0.0,0.0
1,0,0.8125,0.125,0.0625,0.0,0.0,0.0,0.0,0.0,0.0,0.0,0.0
1,0,0.8125,0.125,0.0625,0.0,0.0,0.0,0.0,0.0,0.0,0.0,0.0
1,0,0.8125,0.125,0.0625,0.0,0.0,0.0,0.0,0.0,0.0,0.0,0.0
1,0,0.8125,0.125,0.0625,0.0,0.0,0.0,0.0,0.0,0.0,0.0,0.0
1,0,0.8125,0.125,0.0625,0.0,0.0,0.0,0.0,0.0,0.0,0.0,0.0
1,0,0.8125,0.125,0.0625,0.0,0.0,0.0,0.0,0.0,0.0,0.0,0.0
1,0,0.8125,0.125,0.0625,0.0,0.0,0.0,0.0,0.0,0.0,0.0,0.0
1,0,0.8125,0.125,0.0625,0.0,0.0,0.0,0.0,0.0,0.0,0.0,0.0
1,0,0.8125,0.125,0.0625,0.0,0.0,0.0,0.0,0.0,0.0,0.0,0.0
1,0,0.8125,0.125,0.0625,0.0,0.0,0.0,0.0,0.0,0.0,0.0,0.0
1,0,0.8125,0.125,0.0625,0.0,0.0,0.0,0.0,0.0,0.0,0.0,0.0
1,0,0.8125,0.125,0.0625,0.0,0.0,0.0,0.0,0.0,0.0,0.0,0.0
1,0,0.8125,0.125,0.0625,0.0,0.0,0.0,0.0,0.0,0.0,0.0,0.0
1,0,0.8125,0.125,0.0625,0.0,0.0,0.0,0.0,0.0,0.0,0.0,0.0
1,0,0.8125,0.125,0.0625,0.0,0.0,0.0,0.0,0.0,0.0,0.0,0.0
1,0,0.8125,0.125,0.0625,0.0,0.0,0.0,0.0,0.0,0.0,0.0,0.0
1,0,0.8125,0.125,0.0625,0.0,0.0,0.0,0.0,0.0,0.0,0.0,0.0
1,0,0.8125,0.125,0.0625,0.0,0.0,0.0,0.0,0.0,0.0,0.0,0.0
1,0,0.8125,0.125,0.0625,0.0,0.0,0.0,0.0,0.0,0.0,0.0,0.0
1,0,0.8125,0.125,0.0625,0.0,0.0,0.0,0.0,0.0,0.0,0.0,0.0
1,0,0.8125,0.125,0.0625,0.0,0.0,0.0,0.0,0.0,0.0,0.0,0.0
1,0,0.8125,0.125,0.0625,0.0,0.0,0.0,0.0,0.0,0.0,0.0,0.0
1,0,0.8125,0.125,0.0625,0.0,0.0,0.0,0.0,0.0,0.0,0.0,0.0
1,0,0.8125,0.125,0.0625,0.0,0.0,0.0,0.0,0.0,0.0,0.0,0.0
1,0,0.8125,0.125,0.0625,0.0,0.0,0.0,0.0,0.0,0.0,0.0,0.0
1,0,0.8125,0.125,0.0625,0.0,0.0,0.0,0.0,0.0,0.0,0.0,0.0
1,0,0.8125,0.125,0.0625,0.0,0.0,0.0,0.0,0.0,0.0,0.0,0.0
1,0,0.8125,0.125,0.0625,0.0,0.0,0.0,0.0,0.0,0.0,0.0,0.0
1,0,0.8125,0.125,0.0625,0.0,0.0,0.0,0.0,0.0,0.0,0.0,0.0
1,0,0.8125,0.125,0.0625,0.0,0.0,0.0,0.0,0.0,0.0,0.0,0.0
1,0,0.8125,0.125,0.0625,0.0,0.0,0.0,0.0,0.0,0.0,0.0,0.0
1,0,0.8125,0.125,0.0625,0.0,0.0,0.0,0.0,0.0,0.0,0.0,0.0
1,0,0.8125,0.125,0.0625,0.0,0.0,0.0,0.0,0.0,0.0,0.0,0.0
1,0,0.8125,0.125,0.0625,0.0,0.0,0.0,0.0,0.0,0.0,0.0,0.0
1,0,0.8125,0.125,0.0625,0.0,0.0,0.0,0.0,0.0,0.0,0.0,0.0
1,0,0.8125,0.125,0.0625,0.0,0.0,0.0,0.0,0.0,0.0,0.0,0.0
1,0,0.8125,0.125,0.0625,0.0,0.0,0.0,0.0,0.0,0.0,0.0,0.0
1,0,0.8125,0.125,0.0625,0.0,0.0,0.0,0.0,0.0,0.0,0.0,0.0
1,0,0.8125,0.125,0.0625,0.0,0.0,0.0,0.0,0.0,0.0,0.0,0.0
1,0,0.8125,0.125,0.0625,0.0,0.0,0.0,0.0,0.0,0.0,0.0,0.0
1,0,0.8125,0.125,0.0625,0.0,0.0,0.0,0.0,0.0,0.0,0.0,0.0
1,0,0.8125,0.125,0.0625,0.0,0.0,0.0,0.0,0.0,0.0,0.0,0.0
1,0,0.8125,0.125,0.0625,0.0,0.0,0.0,0.0,0.0,0.0,0.0,0.0
1,0,0.8125,0.125,0.0625,0.0,0.0,0.0,0.0,0.0,0.0,0.0,0.0
1,0,0.8125,0.125,0.0625,0.0,0.0,0.0,0.0,0.0,0.0,0.0,0.0
1,0,0.8125,0.125,0.0625,0.0,0.0,0.0,0.0,0.0,0.0,0.0,0.0
1,0,0.8125,0.125,0.0625,0.0,0.0,0.0,0.0,0.0,0.0,0.0,0.0
1,0,0.8125,0.125,0.0625,0.0,0.0,0.0,0.0,0.0,0.0,0.0,0.0
1,0,0.8125,0.125,0.0625,0.0,0.0,0.0,0.0,0.0,0.0,0.0,0.0
1,0,0.8125,0.125,0.0625,0.0,0.0,0.0,0.0,0.0,0.0,0.0,0.0
1,0,0.8125,0.125,0.0625,0.0,0.0,0.0,0.0,0.0,0.0,0.0,0.0
1,0,0.8125,0.125,0.0625,0.0,0.0,0.0,0.0,0.0,0.0,0.0,0.0
1,0,0.8125,0.125,0.0625,0.0,0.0,0.0,0.0,0.0,0.0,0.0,0.0
1,0,0.8125,0.125,0.0625,0.0,0.0,0.0,0.0,0.0,0.0,0.0,0.0
1,0,0.8125,0.125,0.0625,0.0,0.0,0.0,0.0,0.0,0.0,0.0,0.0
1,0,0.8125,0.125,0.0625,0.0,0.0,0.0,0.0,0.0,0.0,0.0,0.0
1,0,0.8125,0.125,0.0625,0.0,0.0,0.0,0.0,0.0,0.0,0.0,0.0
1,0,0.8125,0.125,0.0625,0.0,0.0,0.0,0.0,0.0,0.0,0.0,0.0
1,0,0.8125,0.125,0.0625,0.0,0.0,0.0,0.0,0.0,0.0,0.0,0.0
1,0,0.8125,0.125,0.0625,0.0,0.0,0.0,0.0,0.0,0.0,0.0,0.0
1,0,0.8125,0.125,0.0625,0.0,0.0,0.0,0.0,0.0,0.0,0.0,0.0
1,0,0.8125,0.125,0.0625,0.0,0.0,0.0,0.0,0.0,0.0,0.0,0.0
1,0,0.8125,0.125,0.0625,0.0,0.0,0.0,0.0,0.0,0.0,0.0,0.0
1,0,0.8125,0.125,0.0625,0.0,0.0,0.0,0.0,0.0,0.0,0.0,0.0
1,0,0.8125,0.125,0.0625,0.0,0.0,0.0,0.0,0.0,0.0,0.0,0.0
1,0,0.8125,0.125,0.0625,0.0,0.0,0.0,0.0,0.0,0.0,0.0,0.0
1,0,0.8125,0.125,0.0625,0.0,0.0,0.0,0.0,0.0,0.0,0.0,0.0
1,0,0.8125,0.125,0.0625,0.0,0.0,0.0,0.0,0.0,0.0,0.0,0.0
1,0,0.8125,0.125,0.0625,0.0,0.0,0.0,0.0,0.0,0.0,0.0,0.0
1,0,0.8125,0.125,0.0625,0.0,0.0,0.0,0.0,0.0,0.0,0.0,0.0
1,0,0.8125,0.125,0.0625,0.0,0.0,0.0,0.0,0.0,0.0,0.0,0.0
1,0,0.8125,0.125,0.0625,0.0,0.0,0.0,0.0,0.0,0.0,0.0,0.0
1,0,0.8125,0.125,0.0625,0.0,0.0,0.0,0.0,0.0,0.0,0.0,0.0
1,0,0.8125,0.125,0.0625,0.0,0.0,0.0,0.0,0.0,0.0,0.0,0.0
1,0,0.8125,0.125,0.0625,0.0,0.0,0.0,0.0,0.0,0.0,0.0,0.0
1,0,0.8125,0.125,0.0625,0.0,0.0,0.0,0.0,0.0,0.0,0.0,0.0
1,0,0.8125,0.125,0.0625,0.0,0.0,0.0,0.0,0.0,0.0,0.0,0.0
1,0,0.8125,0.125,0.0625,0.0,0.0,0.0,0.0,0.0,0.0,0.0,0.0
1,0,0.8125,0.125,0.0625,0.0,0.0,0.0,0.0,0.0,0.0,0.0,0.0
1,0,0.8125,0.125,0.0625,0.0,0.0,0.0,0.0,0.0,0.0,0.0,0.0
1,0,0.8125,0.125,0.0625,0.0,0.0,0.0,0.0,0.0,0.0,0.0,0.0
1,0,0.8125,0.125,0.0625,0.0,0.0,0.0,0.0,0.0,0.0,0.0,0.0
1,0,0.8125,0.125,0.0625,0.0,0.0,0.0,0.0,0.0,0.0,0.0,0.0
1,0,0.8125,0.125,0.0625,0.0,0.0,0.0,0.0,0.0,0.0,0.0,0.0
1,0,0.8125,0.125,0.0625,0.0,0.0,0.0,0.0,0.0,0.0,0.0,0.0
1,0,0.8125,0.125,0.0625,0.0,0.0,0.0,0.0,0.0,0.0,0.0,0.0
1,0,0.8125,0.125,0.0625,0.0,0.0,0.0,0.0,0.0,0.0,0.0,0.0
1,0,0.8125,0.125,0.0625,0.0,0.0,0.0,0.0,0.0,0.0,0.0,0.0
1,0,0.8125,0.125,0.0625,0.0,0.0,0.0,0.0,0.0,0.0,0.0,0.0
1,0,0.8125,0.125,0.0625,0.0,0.0,0.0,0.0,0.0,0.0,0.0,0.0
1,0,0.8125,0.125,0.0625,0.0,0.0,0.0,0.0,0.0,0.0,0.0,0.0
1,0,0.8125,0.125,0.0625,0.0,0.0,0.0,0.0,0.0,0.0,0.0,0.0
1,0,0.8125,0.125,0.0625,0.0,0.0,0.0,0.0,0.0,0.0,0.0,0.0
1,0,0.8125,0.125,0.0625,0.0,0.0,0.0,0.0,0.0,0.0,0.0,0.0
1,0,0.8125,0.125,0.0625,0.0,0.0,0.0,0.0,0.0,0.0,0.0,0.0
1,0,0.8125,0.125,0.0625,0.0,0.0,0.0,0.0,0.0,0.0,0.0,0.0
1,0,0.8125,0.125,0.0625,0.0,0.0,0.0,0.0,0.0,0.0,0.0,0.0
1,0,0.8125,0.125,0.0625,0.0,0.0,0.0,0.0,0.0,0.0,0.0,0.0
1,0,0.8125,0.125,0.0625,0.0,0.0,0.0,0.0,0.0,0.0,0.0,0.0
1,0,0.8125,0.125,0.0625,0.0,0.0,0.0,0.0,0.0,0.0,0.0,0.0
1,0,0.8125,0.125,0.0625,0.0,0.0,0.0,0.0,0.0,0.0,0.0,0.0
1,0,0.8125,0.125,0.0625,0.0,0.0,0.0,0.0,0.0,0.0,0.0,0.0
1,0,0.8125,0.125,0.0625,0.0,0.0,0.0,0.0,0.0,0.0,0.0,0.0
1,0,0.8125,0.125,0.0625,0.0,0.0,0.0,0.0,0.0,0.0,0.0,0.0
1,0,0.8125,0.125,0.0625,0.0,0.0,0.0,0.0,0.0,0.0,0.0,0.0
1,0,0.8125,0.125,0.0625,0.0,0.0,0.0,0.0,0.0,0.0,0.0,0.0
1,0,0.8125,0.125,0.0625,0.0,0.0,0.0,0.0,0.0,0.0,0.0,0.0
1,0,0.8125,0.125,0.0625,0.0,0.0,0.0,0.0,0.0,0.0,0.0,0.0
1,0,0.8125,0.125,0.0625,0.0,0.0,0.0,0.0,0.0,0.0,0.0,0.0
1,0,0.8125,0.125,0.0625,0.0,0.0,0.0,0.0,0.0,0.0,0.0,0.0
1,0,0.8125,0.125,0.0625,0.0,0.0,0.0,0.0,0.0,0.0,0.0,0.0
1,0,0.8125,0.125,0.0625,0.0,0.0,0.0,0.0,0.0,0.0,0.0,0.0
1,0,0.8125,0.125,0.0625,0.0,0.0,0.0,0.0,0.0,0.0,0.0,0.0
1,0,0.8125,0.125,0.0625,0.0,0.0,0.0,0.0,0.0,0.0,0.0,0.0
1,0,0.8125,0.125,0.0625,0.0,0.0,0.0,0.0,0.0,0.0,0.0,0.0
1,0,0.8125,0.125,0.0625,0.0,0.0,0.0,0.0,0.0,0.0,0.0,0.0
1,0,0.8125,0.125,0.0625,0.0,0.0,0.0,0.0,0.0,0.0,0.0,0.0
1,0,0.8125,0.125,0.0625,0.0,0.0,0.0,0.0,0.0,0.0,0.0,0.0
1,0,0.8125,0.125,0.0625,0.0,0.0,0.0,0.0,0.0,0.0,0.0,0.0
1,0,0.8125,0.125,0.0625,0.0,0.0,0.0,0.0,0.0,0.0,0.0,0.0
1,0,0.8125,0.125,0.0625,0.0,0.0,0.0,0.0,0.0,0.0,0.0,0.0
1,0,0.8125,0.125,0.0625,0.0,0.0,0.0,0.0,0.0,0.0,0.0,0.0
1,0,0.8125,0.125,0.0625,0.0,0.0,0.0,0.0,0.0,0.0,0.0,0.0
1,0,0.8125,0.125,0.0625,0.0,0.0,0.0,0.0,0.0,0.0,0.0,0.0
1,0,0.8125,0.125,0.0625,0.0,0.0,0.0,0.0,0.0,0.0,0.0,0.0
1,0,0.8125,0.125,0.0625,0.0,0.0,0.0,0.0,0.0,0.0,0.0,0.0
1,0,0.8125,0.125,0.0625,0.0,0.0,0.0,0.0,0.0,0.0,0.0,0.0
1,0,0.8125,0.125,0.0625,0.0,0.0,0.0,0.0,0.0,0.0,0.0,0.0
1,0,0.8125,0.125,0.0625,0.0,0.0,0.0,0.0,0.0,0.0,0.0,0.0
1,0,0.8125,0.125,0.0625,0.0,0.0,0.0,0.0,0.0,0.0,0.0,0.0
1,0,0.8125,0.125,0.0625,0.0,0.0,0.0,0.0,0.0,0.0,0.0,0.0
1,0,0.8125,0.125,0.0625,0.0,0.0,0.0,0.0,0.0,0.0,0.0,0.0
1,0,0.8125,0.125,0.0625,0.0,0.0,0.0,0.0,0.0,0.0,0.0,0.0
1,0,0.8125,0.125,0.0625,0.0,0.0,0.0,0.0,0.0,0.0,0.0,0.0
1,0,0.8125,0.125,0.0625,0.0,0.0,0.0,0.0,0.0,0.0,0.0,0.0
1,0,0.8125,0.125,0.0625,0.0,0.0,0.0,0.0,0.0,0.0,0.0,0.0
1,0,0.8125,0.125,0.0625,0.0,0.0,0.0,0.0,0.0,0.0,0.0,0.0
1,0,0.8125,0.125,0.0625,0.0,0.0,0.0,0.0,0.0,0.0,0.0,0.0
1,0,0.8125,0.125,0.0625,0.0,0.0,0.0,0.0,0.0,0.0,0.0,0.0
1,0,0.8125,0.125,0.0625,0.0,0.0,0.0,0.0,0.0,0.0,0.0,0.0
1,0,0.8125,0.125,0.0625,0.0,0.0,0.0,0.0,0.0,0.0,0.0,0.0
1,0,0.8125,0.125,0.0625,0.0,0.0,0.0,0.0,0.0,0.0,0.0,0.0
1,0,0.8125,0.125,0.0625,0.0,0.0,0.0,0.0,0.0,0.0,0.0,0.0
1,0,0.8125,0.125,0.0625,0.0,0.0,0.0,0.0,0.0,0.0,0.0,0.0
1,0,0.8125,0.125,0.0625,0.0,0.0,0.0,0.0,0.0,0.0,0.0,0.0
1,0,0.8125,0.125,0.0625,0.0,0.0,0.0,0.0,0.0,0.0,0.0,0.0
1,0,0.8125,0.125,0.0625,0.0,0.0,0.0,0.0,0.0,0.0,0.0,0.0
1,0,0.8125,0.0625,0.125,0.0,0.0,0.0,0.0,0.0,0.0,0.0,0.0
1,0,0.8125,0.0625,0.125,0.0,0.0,0.0,0.0,0.0,0.0,0.0,0.0
1,0,0.8125,0.0625,0.125,0.0,0.0,0.0,0.0,0.0,0.0,0.0,0.0
1,0,0.8125,0.0625,0.125,0.0,0.0,0.0,0.0,0.0,0.0,0.0,0.0
1,0,0.8125,0.0625,0.125,0.0,0.0,0.0,0.0,0.0,0.0,0.0,0.0
1,0,0.8125,0.0625,0.125,0.0,0.0,0.0,0.0,0.0,0.0,0.0,0.0
1,0,0.8125,0.0625,0.125,0.0,0.0,0.0,0.0,0.0,0.0,0.0,0.0
1,0,0.8125,0.0625,0.125,0.0,0.0,0.0,0.0,0.0,0.0,0.0,0.0
1,0,0.8125,0.0625,0.125,0.0,0.0,0.0,0.0,0.0,0.0,0.0,0.0
1,0,0.8125,0.0625,0.125,0.0,0.0,0.0,0.0,0.0,0.0,0.0,0.0
1,0,0.8125,0.0625,0.125,0.0,0.0,0.0,0.0,0.0,0.0,0.0,0.0
1,0,0.8125,0.0625,0.125,0.0,0.0,0.0,0.0,0.0,0.0,0.0,0.0
1,0,0.8125,0.0625,0.125,0.0,0.0,0.0,0.0,0.0,0.0,0.0,0.0
1,0,0.8125,0.0625,0.125,0.0,0.0,0.0,0.0,0.0,0.0,0.0,0.0
1,0,0.8125,0.0625,0.125,0.0,0.0,0.0,0.0,0.0,0.0,0.0,0.0
1,0,0.8125,0.0625,0.125,0.0,0.0,0.0,0.0,0.0,0.0,0.0,0.0
1,0,0.8125,0.0625,0.125,0.0,0.0,0.0,0.0,0.0,0.0,0.0,0.0
1,0,0.8125,0.0625,0.125,0.0,0.0,0.0,0.0,0.0,0.0,0.0,0.0
1,0,0.8125,0.0625,0.125,0.0,0.0,0.0,0.0,0.0,0.0,0.0,0.0
1,0,0.8125,0.0625,0.125,0.0,0.0,0.0,0.0,0.0,0.0,0.0,0.0
1,0,0.8125,0.0625,0.125,0.0,0.0,0.0,0.0,0.0,0.0,0.0,0.0
1,0,0.8125,0.0625,0.125,0.0,0.0,0.0,0.0,0.0,0.0,0.0,0.0
1,0,0.8125,0.0625,0.125,0.0,0.0,0.0,0.0,0.0,0.0,0.0,0.0
1,0,0.8125,0.0625,0.125,0.0,0.0,0.0,0.0,0.0,0.0,0.0,0.0
1,0,0.8125,0.0625,0.125,0.0,0.0,0.0,0.0,0.0,0.0,0.0,0.0
1,0,0.8125,0.0625,0.125,0.0,0.0,0.0,0.0,0.0,0.0,0.0,0.0
1,0,0.8125,0.0625,0.125,0.0,0.0,0.0,0.0,0.0,0.0,0.0,0.0
1,0,0.8125,0.0625,0.125,0.0,0.0,0.0,0.0,0.0,0.0,0.0,0.0
1,0,0.8125,0.0625,0.125,0.0,0.0,0.0,0.0,0.0,0.0,0.0,0.0
1,0,0.8125,0.0625,0.125,0.0,0.0,0.0,0.0,0.0,0.0,0.0,0.0
1,0,0.8125,0.0625,0.125,0.0,0.0,0.0,0.0,0.0,0.0,0.0,0.0
1,0,0.8125,0.0625,0.125,0.0,0.0,0.0,0.0,0.0,0.0,0.0,0.0
1,0,0.8125,0.0625,0.125,0.0,0.0,0.0,0.0,0.0,0.0,0.0,0.0
1,0,0.8125,0.0625,0.125,0.0,0.0,0.0,0.0,0.0,0.0,0.0,0.0
1,0,0.8125,0.0625,0.125,0.0,0.0,0.0,0.0,0.0,0.0,0.0,0.0
1,0,0.8125,0.0625,0.125,0.0,0.0,0.0,0.0,0.0,0.0,0.0,0.0
1,0,0.8125,0.0625,0.125,0.0,0.0,0.0,0.0,0.0,0.0,0.0,0.0
1,0,0.8125,0.0625,0.125,0.0,0.0,0.0,0.0,0.0,0.0,0.0,0.0
1,0,0.8125,0.0625,0.125,0.0,0.0,0.0,0.0,0.0,0.0,0.0,0.0
1,0,0.8125,0.0625,0.125,0.0,0.0,0.0,0.0,0.0,0.0,0.0,0.0
1,0,0.8125,0.0625,0.125,0.0,0.0,0.0,0.0,0.0,0.0,0.0,0.0
1,0,0.8125,0.0625,0.125,0.0,0.0,0.0,0.0,0.0,0.0,0.0,0.0
1,0,0.8125,0.0625,0.125,0.0,0.0,0.0,0.0,0.0,0.0,0.0,0.0
1,0,0.875,0.0,0.125,0.0,0.0,0.0,0.0,0.0,0.0,0.0,0.0
1,0,0.875,0.0,0.125,0.0,0.0,0.0,0.0,0.0,0.0,0.0,0.0
1,0,0.9375,0.0,0.0625,0.0,0.0,0.0,0.0,0.0,0.0,0.0,0.0
1,0,0.9375,0.0,0.0625,0.0,0.0,0.0,0.0,0.0,0.0,0.0,0.0
1,0,0.9375,0.0,0.0625,0.0,0.0,0.0,0.0,0.0,0.0,0.0,0.0
1,0,0.9375,0.0,0.0625,0.0,0.0,0.0,0.0,0.0,0.0,0.0,0.0
1,0,0.9375,0.0,0.0625,0.0,0.0,0.0,0.0,0.0,0.0,0.0,0.0
1,0,0.9375,0.0,0.0625,0.0,0.0,0.0,0.0,0.0,0.0,0.0,0.0
1,0,0.9375,0.0,0.0625,0.0,0.0,0.0,0.0,0.0,0.0,0.0,0.0
1,0,0.9375,0.0,0.0625,0.0,0.0,0.0,0.0,0.0,0.0,0.0,0.0
1,0,0.9375,0.0,0.0625,0.0,0.0,0.0,0.0,0.0,0.0,0.0,0.0
1,0,0.9375,0.0,0.0625,0.0,0.0,0.0,0.0,0.0,0.0,0.0,0.0
1,0,0.9375,0.0,0.0625,0.0,0.0,0.0,0.0,0.0,0.0,0.0,0.0
1,0,0.9375,0.0,0.0625,0.0,0.0,0.0,0.0,0.0,0.0,0.0,0.0
1,0,0.9375,0.0,0.0625,0.0,0.0,0.0,0.0,0.0,0.0,0.0,0.0
1,0,0.9375,0.0,0.0625,0.0,0.0,0.0,0.0,0.0,0.0,0.0,0.0
1,0,0.9375,0.0,0.0625,0.0,0.0,0.0,0.0,0.0,0.0,0.0,0.0
1,0,0.9375,0.0,0.0625,0.0,0.0,0.0,0.0,0.0,0.0,0.0,0.0
1,0,0.9375,0.0,0.0625,0.0,0.0,0.0,0.0,0.0,0.0,0.0,0.0
1,0,0.9375,0.0,0.0625,0.0,0.0,0.0,0.0,0.0,0.0,0.0,0.0
1,0,0.9375,0.0,0.0625,0.0,0.0,0.0,0.0,0.0,0.0,0.0,0.0
1,0,0.9375,0.0,0.0625,0.0,0.0,0.0,0.0,0.0,0.0,0.0,0.0
1,0,0.9375,0.0,0.0625,0.0,0.0,0.0,0.0,0.0,0.0,0.0,0.0
1,0,0.9375,0.0,0.0625,0.0,0.0,0.0,0.0,0.0,0.0,0.0,0.0
1,0,0.9375,0.0,0.0625,0.0,0.0,0.0,0.0,0.0,0.0,0.0,0.0
1,0,0.9375,0.0,0.0625,0.0,0.0,0.0,0.0,0.0,0.0,0.0,0.0
1,0,0.9375,0.0,0.0625,0.0,0.0,0.0,0.0,0.0,0.0,0.0,0.0
1,0,0.9375,0.0,0.0625,0.0,0.0,0.0,0.0,0.0,0.0,0.0,0.0
1,0,0.9375,0.0,0.0625,0.0,0.0,0.0,0.0,0.0,0.0,0.0,0.0
1,0,0.9375,0.0,0.0625,0.0,0.0,0.0,0.0,0.0,0.0,0.0,0.0
1,0,0.9375,0.0,0.0625,0.0,0.0,0.0,0.0,0.0,0.0,0.0,0.0
1,0,0.9375,0.0,0.0625,0.0,0.0,0.0,0.0,0.0,0.0,0.0,0.0
1,0,0.9375,0.0,0.0625,0.0,0.0,0.0,0.0,0.0,0.0,0.0,0.0
1,0,0.9375,0.0,0.0625,0.0,0.0,0.0,0.0,0.0,0.0,0.0,0.0
1,0,0.9375,0.0,0.0625,0.0,0.0,0.0,0.0,0.0,0.0,0.0,0.0
1,0,0.9375,0.0,0.0625,0.0,0.0,0.0,0.0,0.0,0.0,0.0,0.0
1,0,0.9375,0.0,0.0625,0.0,0.0,0.0,0.0,0.0,0.0,0.0,0.0
1,0,0.9375,0.0,0.0625,0.0,0.0,0.0,0.0,0.0,0.0,0.0,0.0
1,0,0.9375,0.0,0.0625,0.0,0.0,0.0,0.0,0.0,0.0,0.0,0.0
1,0,0.9375,0.0,0.0625,0.0,0.0,0.0,0.0,0.0,0.0,0.0,0.0
1,0,0.9375,0.0,0.0625,0.0,0.0,0.0,0.0,0.0,0.0,0.0,0.0
1,0,0.9375,0.0,0.0625,0.0,0.0,0.0,0.0,0.0,0.0,0.0,0.0
1,0,0.9375,0.0,0.0625,0.0,0.0,0.0,0.0,0.0,0.0,0.0,0.0
1,0,0.9375,0.0,0.0625,0.0,0.0,0.0,0.0,0.0,0.0,0.0,0.0
1,0,0.9375,0.0,0.0625,0.0,0.0,0.0,0.0,0.0,0.0,0.0,0.0
1,0,0.9375,0.0,0.0625,0.0,0.0,0.0,0.0,0.0,0.0,0.0,0.0
1,0,0.9375,0.0,0.0625,0.0,0.0,0.0,0.0,0.0,0.0,0.0,0.0
1,0,0.9375,0.0,0.0625,0.0,0.0,0.0,0.0,0.0,0.0,0.0,0.0
1,0,0.9375,0.0,0.0625,0.0,0.0,0.0,0.0,0.0,0.0,0.0,0.0
1,0,0.9375,0.0,0.0625,0.0,0.0,0.0,0.0,0.0,0.0,0.0,0.0
1,0,0.9375,0.0,0.0625,0.0,0.0,0.0,0.0,0.0,0.0,0.0,0.0
1,0,0.9375,0.0,0.0625,0.0,0.0,0.0,0.0,0.0,0.0,0.0,0.0
1,0,0.9375,0.0,0.0625,0.0,0.0,0.0,0.0,0.0,0.0,0.0,0.0
1,0,0.9375,0.0,0.0625,0.0,0.0,0.0,0.0,0.0,0.0,0.0,0.0
1,0,0.9375,0.0,0.0625,0.0,0.0,0.0,0.0,0.0,0.0,0.0,0.0
1,0,0.9375,0.0,0.0625,0.0,0.0,0.0,0.0,0.0,0.0,0.0,0.0
1,0,0.9375,0.0,0.0625,0.0,0.0,0.0,0.0,0.0,0.0,0.0,0.0
1,0,0.9375,0.0,0.0625,0.0,0.0,0.0,0.0,0.0,0.0,0.0,0.0
1,0,0.9375,0.0,0.0625,0.0,0.0,0.0,0.0,0.0,0.0,0.0,0.0
1,0,0.9375,0.0,0.0625,0.0,0.0,0.0,0.0,0.0,0.0,0.0,0.0
1,0,0.9375,0.0,0.0625,0.0,0.0,0.0,0.0,0.0,0.0,0.0,0.0
1,0,0.9375,0.0,0.0625,0.0,0.0,0.0,0.0,0.0,0.0,0.0,0.0
1,0,0.9375,0.0,0.0625,0.0,0.0,0.0,0.0,0.0,0.0,0.0,0.0
1,0,0.9375,0.0,0.0625,0.0,0.0,0.0,0.0,0.0,0.0,0.0,0.0
1,0,0.9375,0.0,0.0625,0.0,0.0,0.0,0.0,0.0,0.0,0.0,0.0
1,0,0.9375,0.0,0.0625,0.0,0.0,0.0,0.0,0.0,0.0,0.0,0.0
1,0,0.9375,0.0,0.0625,0.0,0.0,0.0,0.0,0.0,0.0,0.0,0.0
1,0,0.9375,0.0,0.0625,0.0,0.0,0.0,0.0,0.0,0.0,0.0,0.0
1,0,0.9375,0.0,0.0625,0.0,0.0,0.0,0.0,0.0,0.0,0.0,0.0
1,0,0.9375,0.0,0.0625,0.0,0.0,0.0,0.0,0.0,0.0,0.0,0.0
1,0,0.9375,0.0,0.0625,0.0,0.0,0.0,0.0,0.0,0.0,0.0,0.0
1,0,0.9375,0.0,0.0625,0.0,0.0,0.0,0.0,0.0,0.0,0.0,0.0
1,0,0.9375,0.0,0.0625,0.0,0.0,0.0,0.0,0.0,0.0,0.0,0.0
1,0,0.9375,0.0,0.0625,0.0,0.0,0.0,0.0,0.0,0.0,0.0,0.0
1,0,0.9375,0.0,0.0625,0.0,0.0,0.0,0.0,0.0,0.0,0.0,0.0
1,0,0.9375,0.0,0.0625,0.0,0.0,0.0,0.0,0.0,0.0,0.0,0.0
1,0,0.9375,0.0,0.0625,0.0,0.0,0.0,0.0,0.0,0.0,0.0,0.0
1,0,0.9375,0.0,0.0625,0.0,0.0,0.0,0.0,0.0,0.0,0.0,0.0
1,0,0.9375,0.0,0.0625,0.0,0.0,0.0,0.0,0.0,0.0,0.0,0.0
1,0,0.9375,0.0,0.0625,0.0,0.0,0.0,0.0,0.0,0.0,0.0,0.0
1,0,0.9375,0.0,0.0625,0.0,0.0,0.0,0.0,0.0,0.0,0.0,0.0
1,0,0.9375,0.0,0.0625,0.0,0.0,0.0,0.0,0.0,0.0,0.0,0.0
1,0,0.9375,0.0,0.0625,0.0,0.0,0.0,0.0,0.0,0.0,0.0,0.0
1,0,0.9375,0.0,0.0625,0.0,0.0,0.0,0.0,0.0,0.0,0.0,0.0
1,0,0.9375,0.0,0.0625,0.0,0.0,0.0,0.0,0.0,0.0,0.0,0.0
1,0,0.9375,0.0,0.0625,0.0,0.0,0.0,0.0,0.0,0.0,0.0,0.0
1,0,0.9375,0.0,0.0625,0.0,0.0,0.0,0.0,0.0,0.0,0.0,0.0
1,0,0.9375,0.0,0.0625,0.0,0.0,0.0,0.0,0.0,0.0,0.0,0.0
1,0,0.9375,0.0,0.0625,0.0,0.0,0.0,0.0,0.0,0.0,0.0,0.0
1,0,0.9375,0.0,0.0625,0.0,0.0,0.0,0.0,0.0,0.0,0.0,0.0
1,0,0.9375,0.0,0.0625,0.0,0.0,0.0,0.0,0.0,0.0,0.0,0.0
1,0,0.9375,0.0,0.0625,0.0,0.0,0.0,0.0,0.0,0.0,0.0,0.0
1,0,0.9375,0.0,0.0625,0.0,0.0,0.0,0.0,0.0,0.0,0.0,0.0
1,0,0.9375,0.0,0.0625,0.0,0.0,0.0,0.0,0.0,0.0,0.0,0.0
1,0,0.9375,0.0,0.0625,0.0,0.0,0.0,0.0,0.0,0.0,0.0,0.0
1,0,0.9375,0.0,0.0625,0.0,0.0,0.0,0.0,0.0,0.0,0.0,0.0
1,0,0.9375,0.0,0.0625,0.0,0.0,0.0,0.0,0.0,0.0,0.0,0.0
1,0,0.9375,0.0,0.0625,0.0,0.0,0.0,0.0,0.0,0.0,0.0,0.0
1,0,0.9375,0.0,0.0625,0.0,0.0,0.0,0.0,0.0,0.0,0.0,0.0
1,0,0.9375,0.0,0.0625,0.0,0.0,0.0,0.0,0.0,0.0,0.0,0.0
1,0,0.9375,0.0,0.0625,0.0,0.0,0.0,0.0,0.0,0.0,0.0,0.0
1,0,0.9375,0.0,0.0625,0.0,0.0,0.0,0.0,0.0,0.0,0.0,0.0
1,0,0.9375,0.0,0.0625,0.0,0.0,0.0,0.0,0.0,0.0,0.0,0.0
1,0,0.9375,0.0,0.0625,0.0,0.0,0.0,0.0,0.0,0.0,0.0,0.0
1,0,0.9375,0.0,0.0625,0.0,0.0,0.0,0.0,0.0,0.0,0.0,0.0
1,0,0.9375,0.0,0.0625,0.0,0.0,0.0,0.0,0.0,0.0,0.0,0.0
1,0,0.9375,0.0,0.0625,0.0,0.0,0.0,0.0,0.0,0.0,0.0,0.0
1,0,0.9375,0.0,0.0625,0.0,0.0,0.0,0.0,0.0,0.0,0.0,0.0
1,0,0.9375,0.0,0.0625,0.0,0.0,0.0,0.0,0.0,0.0,0.0,0.0
1,0,0.9375,0.0,0.0625,0.0,0.0,0.0,0.0,0.0,0.0,0.0,0.0
1,0,0.9375,0.0,0.0625,0.0,0.0,0.0,0.0,0.0,0.0,0.0,0.0
1,0,0.9375,0.0,0.0625,0.0,0.0,0.0,0.0,0.0,0.0,0.0,0.0
1,0,0.9375,0.0,0.0625,0.0,0.0,0.0,0.0,0.0,0.0,0.0,0.0
1,0,0.9375,0.0,0.0625,0.0,0.0,0.0,0.0,0.0,0.0,0.0,0.0
1,0,0.9375,0.0,0.0625,0.0,0.0,0.0,0.0,0.0,0.0,0.0,0.0
1,0,0.9375,0.0,0.0625,0.0,0.0,0.0,0.0,0.0,0.0,0.0,0.0
1,0,0.9375,0.0,0.0625,0.0,0.0,0.0,0.0,0.0,0.0,0.0,0.0
1,0,0.9375,0.0,0.0625,0.0,0.0,0.0,0.0,0.0,0.0,0.0,0.0
1,0,0.9375,0.0,0.0625,0.0,0.0,0.0,0.0,0.0,0.0,0.0,0.0
1,0,0.9375,0.0,0.0625,0.0,0.0,0.0,0.0,0.0,0.0,0.0,0.0
1,0,0.9375,0.0,0.0625,0.0,0.0,0.0,0.0,0.0,0.0,0.0,0.0
1,0,0.9375,0.0,0.0625,0.0,0.0,0.0,0.0,0.0,0.0,0.0,0.0
1,0,0.9375,0.0,0.0625,0.0,0.0,0.0,0.0,0.0,0.0,0.0,0.0
1,0,0.9375,0.0,0.0625,0.0,0.0,0.0,0.0,0.0,0.0,0.0,0.0
1,0,0.9375,0.0,0.0625,0.0,0.0,0.0,0.0,0.0,0.0,0.0,0.0
1,0,0.9375,0.0,0.0625,0.0,0.0,0.0,0.0,0.0,0.0,0.0,0.0
1,0,0.9375,0.0,0.0625,0.0,0.0,0.0,0.0,0.0,0.0,0.0,0.0
1,0,0.9375,0.0,0.0625,0.0,0.0,0.0,0.0,0.0,0.0,0.0,0.0
1,0,0.9375,0.0,0.0625,0.0,0.0,0.0,0.0,0.0,0.0,0.0,0.0
1,0,0.9375,0.0,0.0625,0.0,0.0,0.0,0.0,0.0,0.0,0.0,0.0
1,0,0.9375,0.0,0.0625,0.0,0.0,0.0,0.0,0.0,0.0,0.0,0.0
1,0,0.9375,0.0,0.0625,0.0,0.0,0.0,0.0,0.0,0.0,0.0,0.0
1,0,0.9375,0.0,0.0625,0.0,0.0,0.0,0.0,0.0,0.0,0.0,0.0
1,0,0.9375,0.0,0.0625,0.0,0.0,0.0,0.0,0.0,0.0,0.0,0.0
1,0,0.9375,0.0,0.0625,0.0,0.0,0.0,0.0,0.0,0.0,0.0,0.0
1,0,0.9375,0.0,0.0625,0.0,0.0,0.0,0.0,0.0,0.0,0.0,0.0
1,0,0.9375,0.0,0.0625,0.0,0.0,0.0,0.0,0.0,0.0,0.0,0.0
1,0,0.9375,0.0,0.0625,0.0,0.0,0.0,0.0,0.0,0.0,0.0,0.0
1,0,0.9375,0.0,0.0625,0.0,0.0,0.0,0.0,0.0,0.0,0.0,0.0
1,0,0.9375,0.0,0.0625,0.0,0.0,0.0,0.0,0.0,0.0,0.0,0.0
1,0,0.9375,0.0,0.0625,0.0,0.0,0.0,0.0,0.0,0.0,0.0,0.0
1,0,0.9375,0.0,0.0625,0.0,0.0,0.0,0.0,0.0,0.0,0.0,0.0
1,0,0.9375,0.0,0.0625,0.0,0.0,0.0,0.0,0.0,0.0,0.0,0.0
1,0,0.9375,0.0,0.0625,0.0,0.0,0.0,0.0,0.0,0.0,0.0,0.0
1,0,0.9375,0.0,0.0625,0.0,0.0,0.0,0.0,0.0,0.0,0.0,0.0
1,0,0.9375,0.0,0.0625,0.0,0.0,0.0,0.0,0.0,0.0,0.0,0.0
1,0,0.9375,0.0,0.0625,0.0,0.0,0.0,0.0,0.0,0.0,0.0,0.0
1,0,0.9375,0.0,0.0625,0.0,0.0,0.0,0.0,0.0,0.0,0.0,0.0
1,0,0.9375,0.0,0.0625,0.0,0.0,0.0,0.0,0.0,0.0,0.0,0.0
1,0,0.9375,0.0,0.0625,0.0,0.0,0.0,0.0,0.0,0.0,0.0,0.0
1,0,0.9375,0.0,0.0625,0.0,0.0,0.0,0.0,0.0,0.0,0.0,0.0
1,0,0.9375,0.0,0.0625,0.0,0.0,0.0,0.0,0.0,0.0,0.0,0.0
1,0,0.9375,0.0,0.0625,0.0,0.0,0.0,0.0,0.0,0.0,0.0,0.0
1,0,0.9375,0.0,0.0625,0.0,0.0,0.0,0.0,0.0,0.0,0.0,0.0
1,0,0.9375,0.0,0.0625,0.0,0.0,0.0,0.0,0.0,0.0,0.0,0.0
1,0,0.9375,0.0,0.0625,0.0,0.0,0.0,0.0,0.0,0.0,0.0,0.0
1,0,0.9375,0.0,0.0625,0.0,0.0,0.0,0.0,0.0,0.0,0.0,0.0
1,0,0.9375,0.0,0.0625,0.0,0.0,0.0,0.0,0.0,0.0,0.0,0.0
1,0,0.9375,0.0,0.0625,0.0,0.0,0.0,0.0,0.0,0.0,0.0,0.0
1,0,0.9375,0.0,0.0625,0.0,0.0,0.0,0.0,0.0,0.0,0.0,0.0
1,0,0.9375,0.0,0.0625,0.0,0.0,0.0,0.0,0.0,0.0,0.0,0.0
1,0,0.9375,0.0,0.0625,0.0,0.0,0.0,0.0,0.0,0.0,0.0,0.0
1,0,0.9375,0.0,0.0625,0.0,0.0,0.0,0.0,0.0,0.0,0.0,0.0
1,0,0.9375,0.0,0.0625,0.0,0.0,0.0,0.0,0.0,0.0,0.0,0.0
1,0,0.9375,0.0,0.0625,0.0,0.0,0.0,0.0,0.0,0.0,0.0,0.0
1,0,0.9375,0.0,0.0625,0.0,0.0,0.0,0.0,0.0,0.0,0.0,0.0
1,0,0.9375,0.0,0.0625,0.0,0.0,0.0,0.0,0.0,0.0,0.0,0.0
1,0,0.9375,0.0,0.0625,0.0,0.0,0.0,0.0,0.0,0.0,0.0,0.0
1,0,0.9375,0.0,0.0625,0.0,0.0,0.0,0.0,0.0,0.0,0.0,0.0
1,0,0.9375,0.0,0.0625,0.0,0.0,0.0,0.0,0.0,0.0,0.0,0.0
1,0,0.9375,0.0,0.0625,0.0,0.0,0.0,0.0,0.0,0.0,0.0,0.0
1,0,0.9375,0.0,0.0625,0.0,0.0,0.0,0.0,0.0,0.0,0.0,0.0
1,0,0.9375,0.0,0.0625,0.0,0.0,0.0,0.0,0.0,0.0,0.0,0.0
1,0,0.9375,0.0,0.0625,0.0,0.0,0.0,0.0,0.0,0.0,0.0,0.0
1,0,0.9375,0.0,0.0625,0.0,0.0,0.0,0.0,0.0,0.0,0.0,0.0
1,0,0.9375,0.0,0.0625,0.0,0.0,0.0,0.0,0.0,0.0,0.0,0.0
1,0,0.9375,0.0,0.0625,0.0,0.0,0.0,0.0,0.0,0.0,0.0,0.0
1,0,0.9375,0.0,0.0625,0.0,0.0,0.0,0.0,0.0,0.0,0.0,0.0
1,0,0.9375,0.0,0.0625,0.0,0.0,0.0,0.0,0.0,0.0,0.0,0.0
1,0,0.9375,0.0,0.0625,0.0,0.0,0.0,0.0,0.0,0.0,0.0,0.0
1,0,0.9375,0.0,0.0625,0.0,0.0,0.0,0.0,0.0,0.0,0.0,0.0
1,0,0.9375,0.0,0.0625,0.0,0.0,0.0,0.0,0.0,0.0,0.0,0.0
1,0,0.9375,0.0,0.0625,0.0,0.0,0.0,0.0,0.0,0.0,0.0,0.0
1,0,0.9375,0.0,0.0625,0.0,0.0,0.0,0.0,0.0,0.0,0.0,0.0
1,0,0.875,0.0,0.0625,0.0625,0.0,0.0,0.0,0.0,0.0,0.0,0.0
1,0,0.875,0.0,0.0625,0.0625,0.0,0.0,0.0,0.0,0.0,0.0,0.0
1,0,0.875,0.0,0.0625,0.0625,0.0,0.0,0.0,0.0,0.0,0.0,0.0
1,0,0.875,0.0,0.0625,0.0625,0.0,0.0,0.0,0.0,0.0,0.0,0.0
1,0,0.875,0.0,0.0625,0.0625,0.0,0.0,0.0,0.0,0.0,0.0,0.0
1,0,0.875,0.0,0.0625,0.0625,0.0,0.0,0.0,0.0,0.0,0.0,0.0
1,0,0.875,0.0,0.0625,0.0625,0.0,0.0,0.0,0.0,0.0,0.0,0.0
1,0,0.875,0.0,0.0625,0.0625,0.0,0.0,0.0,0.0,0.0,0.0,0.0
1,0,0.875,0.0,0.0625,0.0625,0.0,0.0,0.0,0.0,0.0,0.0,0.0
1,0,0.875,0.0,0.0625,0.0625,0.0,0.0,0.0,0.0,0.0,0.0,0.0
1,0,0.875,0.0,0.0625,0.0625,0.0,0.0,0.0,0.0,0.0,0.0,0.0
1,0,0.875,0.0,0.0625,0.0625,0.0,0.0,0.0,0.0,0.0,0.0,0.0
1,0,0.875,0.0,0.0625,0.0625,0.0,0.0,0.0,0.0,0.0,0.0,0.0
1,0,0.875,0.0,0.0625,0.0625,0.0,0.0,0.0,0.0,0.0,0.0,0.0
1,0,0.875,0.0,0.0625,0.0625,0.0,0.0,0.0,0.0,0.0,0.0,0.0
1,0,0.875,0.0,0.0625,0.0625,0.0,0.0,0.0,0.0,0.0,0.0,0.0
1,0,0.8125,0.0625,0.0625,0.0625,0.0,0.0,0.0,0.0,0.0,0.0,0.0
1,0,0.8125,0.0625,0.0625,0.0625,0.0,0.0,0.0,0.0,0.0,0.0,0.0
1,0,0.8125,0.0625,0.0625,0.0625,0.0,0.0,0.0,0.0,0.0,0.0,0.0
1,0,0.8125,0.0625,0.0625,0.0625,0.0,0.0,0.0,0.0,0.0,0.0,0.0
1,0,0.8125,0.0625,0.0625,0.0625,0.0,0.0,0.0,0.0,0.0,0.0,0.0
1,0,0.8125,0.0625,0.0625,0.0625,0.0,0.0,0.0,0.0,0.0,0.0,0.0
1,0,0.8125,0.0625,0.0625,0.0625,0.0,0.0,0.0,0.0,0.0,0.0,0.0
1,0,0.8125,0.0625,0.0625,0.0625,0.0,0.0,0.0,0.0,0.0,0.0,0.0
1,0,0.8125,0.0625,0.0625,0.0625,0.0,0.0,0.0,0.0,0.0,0.0,0.0
1,0,0.8125,0.0625,0.0625,0.0625,0.0,0.0,0.0,0.0,0.0,0.0,0.0
1,0,0.8125,0.0625,0.0625,0.0625,0.0,0.0,0.0,0.0,0.0,0.0,0.0
1,0,0.8125,0.0625,0.0625,0.0625,0.0,0.0,0.0,0.0,0.0,0.0,0.0
1,0,0.8125,0.0625,0.0625,0.0625,0.0,0.0,0.0,0.0,0.0,0.0,0.0
1,0,0.8125,0.0625,0.0625,0.0625,0.0,0.0,0.0,0.0,0.0,0.0,0.0
1,0,0.8125,0.0625,0.0625,0.0625,0.0,0.0,0.0,0.0,0.0,0.0,0.0
1,0,0.8125,0.0625,0.0625,0.0625,0.0,0.0,0.0,0.0,0.0,0.0,0.0
1,0,0.8125,0.0625,0.0625,0.0625,0.0,0.0,0.0,0.0,0.0,0.0,0.0
1,0,0.8125,0.0625,0.0625,0.0625,0.0,0.0,0.0,0.0,0.0,0.0,0.0
1,0,0.8125,0.0625,0.0625,0.0625,0.0,0.0,0.0,0.0,0.0,0.0,0.0
1,0,0.8125,0.0625,0.0625,0.0625,0.0,0.0,0.0,0.0,0.0,0.0,0.0
1,0,0.75,0.0625,0.0625,0.125,0.0,0.0,0.0,0.0,0.0,0.0,0.0
1,0,0.75,0.0625,0.0625,0.125,0.0,0.0,0.0,0.0,0.0,0.0,0.0
1,0,0.75,0.0625,0.0625,0.125,0.0,0.0,0.0,0.0,0.0,0.0,0.0
1,0,0.75,0.0625,0.0625,0.125,0.0,0.0,0.0,0.0,0.0,0.0,0.0
1,0,0.6875,0.0625,0.0625,0.1875,0.0,0.0,0.0,0.0,0.0,0.0,0.0
1,0,0.6875,0.0625,0.0625,0.1875,0.0,0.0,0.0,0.0,0.0,0.0,0.0
1,0,0.6875,0.0625,0.0625,0.1875,0.0,0.0,0.0,0.0,0.0,0.0,0.0
1,0,0.6875,0.0625,0.0625,0.1875,0.0,0.0,0.0,0.0,0.0,0.0,0.0
1,0,0.6875,0.0625,0.0625,0.1875,0.0,0.0,0.0,0.0,0.0,0.0,0.0
1,0,0.6875,0.0625,0.0625,0.1875,0.0,0.0,0.0,0.0,0.0,0.0,0.0
1,0,0.6875,0.0625,0.0625,0.1875,0.0,0.0,0.0,0.0,0.0,0.0,0.0
1,0,0.6875,0.0625,0.0625,0.1875,0.0,0.0,0.0,0.0,0.0,0.0,0.0
1,0,0.6875,0.0625,0.0625,0.1875,0.0,0.0,0.0,0.0,0.0,0.0,0.0
1,0,0.6875,0.0625,0.0625,0.1875,0.0,0.0,0.0,0.0,0.0,0.0,0.0
1,0,0.6875,0.0625,0.0625,0.1875,0.0,0.0,0.0,0.0,0.0,0.0,0.0
1,0,0.6875,0.0625,0.0625,0.1875,0.0,0.0,0.0,0.0,0.0,0.0,0.0
1,0,0.6875,0.0625,0.0625,0.1875,0.0,0.0,0.0,0.0,0.0,0.0,0.0
1,0,0.6875,0.0625,0.0625,0.1875,0.0,0.0,0.0,0.0,0.0,0.0,0.0
1,0,0.6875,0.0625,0.0625,0.1875,0.0,0.0,0.0,0.0,0.0,0.0,0.0
1,0,0.6875,0.0625,0.0625,0.1875,0.0,0.0,0.0,0.0,0.0,0.0,0.0
1,0,0.6875,0.0625,0.0625,0.1875,0.0,0.0,0.0,0.0,0.0,0.0,0.0
1,0,0.6875,0.0625,0.0625,0.1875,0.0,0.0,0.0,0.0,0.0,0.0,0.0
1,0,0.6875,0.0625,0.0625,0.1875,0.0,0.0,0.0,0.0,0.0,0.0,0.0
1,0,0.6875,0.0625,0.0625,0.1875,0.0,0.0,0.0,0.0,0.0,0.0,0.0
1,0,0.6875,0.0625,0.0625,0.1875,0.0,0.0,0.0,0.0,0.0,0.0,0.0
1,0,0.6875,0.0625,0.0625,0.1875,0.0,0.0,0.0,0.0,0.0,0.0,0.0
1,0,0.6875,0.0625,0.0625,0.1875,0.0,0.0,0.0,0.0,0.0,0.0,0.0
1,0,0.6875,0.0625,0.0625,0.1875,0.0,0.0,0.0,0.0,0.0,0.0,0.0
1,0,0.6875,0.0625,0.0625,0.1875,0.0,0.0,0.0,0.0,0.0,0.0,0.0
1,0,0.6875,0.0625,0.0625,0.1875,0.0,0.0,0.0,0.0,0.0,0.0,0.0
1,0,0.6875,0.0625,0.0625,0.1875,0.0,0.0,0.0,0.0,0.0,0.0,0.0
1,0,0.6875,0.0625,0.0625,0.1875,0.0,0.0,0.0,0.0,0.0,0.0,0.0
1,0,0.6875,0.0625,0.0625,0.1875,0.0,0.0,0.0,0.0,0.0,0.0,0.0
1,0,0.6875,0.0625,0.0625,0.1875,0.0,0.0,0.0,0.0,0.0,0.0,0.0
1,0,0.6875,0.0625,0.0625,0.1875,0.0,0.0,0.0,0.0,0.0,0.0,0.0
1,0,0.6875,0.0625,0.0625,0.1875,0.0,0.0,0.0,0.0,0.0,0.0,0.0
1,0,0.6875,0.0625,0.0625,0.1875,0.0,0.0,0.0,0.0,0.0,0.0,0.0
1,0,0.6875,0.0625,0.0625,0.1875,0.0,0.0,0.0,0.0,0.0,0.0,0.0
1,0,0.6875,0.0625,0.0625,0.1875,0.0,0.0,0.0,0.0,0.0,0.0,0.0
1,0,0.6875,0.0625,0.0625,0.1875,0.0,0.0,0.0,0.0,0.0,0.0,0.0
1,0,0.6875,0.0625,0.0625,0.1875,0.0,0.0,0.0,0.0,0.0,0.0,0.0
1,0,0.6875,0.0625,0.0625,0.1875,0.0,0.0,0.0,0.0,0.0,0.0,0.0
1,0,0.6875,0.0625,0.0625,0.1875,0.0,0.0,0.0,0.0,0.0,0.0,0.0
1,0,0.6875,0.0625,0.0625,0.1875,0.0,0.0,0.0,0.0,0.0,0.0,0.0
1,0,0.6875,0.0625,0.0625,0.1875,0.0,0.0,0.0,0.0,0.0,0.0,0.0
1,0,0.6875,0.0625,0.0625,0.1875,0.0,0.0,0.0,0.0,0.0,0.0,0.0
1,0,0.6875,0.0625,0.0625,0.1875,0.0,0.0,0.0,0.0,0.0,0.0,0.0
1,0,0.6875,0.0625,0.0625,0.1875,0.0,0.0,0.0,0.0,0.0,0.0,0.0
1,0,0.6875,0.0625,0.0625,0.1875,0.0,0.0,0.0,0.0,0.0,0.0,0.0
1,0,0.6875,0.0625,0.0625,0.1875,0.0,0.0,0.0,0.0,0.0,0.0,0.0
1,0,0.6875,0.0625,0.0625,0.1875,0.0,0.0,0.0,0.0,0.0,0.0,0.0
1,0,0.6875,0.0625,0.0625,0.1875,0.0,0.0,0.0,0.0,0.0,0.0,0.0
1,0,0.6875,0.0625,0.0625,0.1875,0.0,0.0,0.0,0.0,0.0,0.0,0.0
1,0,0.6875,0.0625,0.0625,0.1875,0.0,0.0,0.0,0.0,0.0,0.0,0.0
1,0,0.6875,0.0625,0.0625,0.1875,0.0,0.0,0.0,0.0,0.0,0.0,0.0
1,0,0.6875,0.0625,0.0625,0.1875,0.0,0.0,0.0,0.0,0.0,0.0,0.0
1,0,0.6875,0.0625,0.0625,0.1875,0.0,0.0,0.0,0.0,0.0,0.0,0.0
1,0,0.6875,0.0625,0.0625,0.1875,0.0,0.0,0.0,0.0,0.0,0.0,0.0
1,0,0.6875,0.0625,0.0625,0.1875,0.0,0.0,0.0,0.0,0.0,0.0,0.0
1,0,0.6875,0.0625,0.0625,0.1875,0.0,0.0,0.0,0.0,0.0,0.0,0.0
1,0,0.5625,0.1875,0.0625,0.1875,0.0,0.0,0.0,0.0,0.0,0.0,0.0
1,0,0.5625,0.1875,0.0625,0.1875,0.0,0.0,0.0,0.0,0.0,0.0,0.0
1,0,0.5625,0.1875,0.0625,0.1875,0.0,0.0,0.0,0.0,0.0,0.0,0.0
1,0,0.5625,0.1875,0.0625,0.1875,0.0,0.0,0.0,0.0,0.0,0.0,0.0
1,0,0.5,0.25,0.0625,0.1875,0.0,0.0,0.0,0.0,0.0,0.0,0.0
1,0,0.5,0.25,0.0625,0.1875,0.0,0.0,0.0,0.0,0.0,0.0,0.0
1,0,0.5,0.25,0.0625,0.1875,0.0,0.0,0.0,0.0,0.0,0.0,0.0
1,0,0.5,0.25,0.0625,0.1875,0.0,0.0,0.0,0.0,0.0,0.0,0.0
1,0,0.5,0.3125,0.0625,0.125,0.0,0.0,0.0,0.0,0.0,0.0,0.0
1,0,0.5,0.3125,0.0625,0.125,0.0,0.0,0.0,0.0,0.0,0.0,0.0
1,0,0.5,0.3125,0.0625,0.125,0.0,0.0,0.0,0.0,0.0,0.0,0.0
1,0,0.5,0.3125,0.0625,0.125,0.0,0.0,0.0,0.0,0.0,0.0,0.0
1,0,0.5,0.3125,0.0625,0.125,0.0,0.0,0.0,0.0,0.0,0.0,0.0
1,0,0.5,0.3125,0.0625,0.125,0.0,0.0,0.0,0.0,0.0,0.0,0.0
1,0,0.5,0.3125,0.0625,0.125,0.0,0.0,0.0,0.0,0.0,0.0,0.0
1,0,0.5,0.3125,0.0625,0.125,0.0,0.0,0.0,0.0,0.0,0.0,0.0
1,0,0.5,0.3125,0.0625,0.125,0.0,0.0,0.0,0.0,0.0,0.0,0.0
1,0,0.5,0.3125,0.0625,0.125,0.0,0.0,0.0,0.0,0.0,0.0,0.0
1,0,0.5,0.3125,0.0625,0.125,0.0,0.0,0.0,0.0,0.0,0.0,0.0
1,0,0.5,0.3125,0.0625,0.125,0.0,0.0,0.0,0.0,0.0,0.0,0.0
1,0,0.5,0.3125,0.0625,0.125,0.0,0.0,0.0,0.0,0.0,0.0,0.0
1,0,0.5,0.3125,0.0625,0.125,0.0,0.0,0.0,0.0,0.0,0.0,0.0
1,0,0.5,0.3125,0.0625,0.125,0.0,0.0,0.0,0.0,0.0,0.0,0.0
1,0,0.5,0.3125,0.0625,0.125,0.0,0.0,0.0,0.0,0.0,0.0,0.0
1,0,0.5,0.3125,0.0625,0.125,0.0,0.0,0.0,0.0,0.0,0.0,0.0
1,0,0.5,0.3125,0.0625,0.125,0.0,0.0,0.0,0.0,0.0,0.0,0.0
1,0,0.5,0.3125,0.0625,0.125,0.0,0.0,0.0,0.0,0.0,0.0,0.0
1,0,0.5,0.3125,0.0625,0.125,0.0,0.0,0.0,0.0,0.0,0.0,0.0
1,0,0.5,0.3125,0.0625,0.125,0.0,0.0,0.0,0.0,0.0,0.0,0.0
1,0,0.5,0.3125,0.0625,0.125,0.0,0.0,0.0,0.0,0.0,0.0,0.0
1,0,0.5,0.3125,0.0625,0.125,0.0,0.0,0.0,0.0,0.0,0.0,0.0
1,0,0.5,0.3125,0.0625,0.125,0.0,0.0,0.0,0.0,0.0,0.0,0.0
1,0,0.5,0.3125,0.0625,0.125,0.0,0.0,0.0,0.0,0.0,0.0,0.0
1,0,0.5,0.3125,0.0625,0.125,0.0,0.0,0.0,0.0,0.0,0.0,0.0
1,0,0.5,0.3125,0.0625,0.125,0.0,0.0,0.0,0.0,0.0,0.0,0.0
1,0,0.4375,0.375,0.0625,0.125,0.0,0.0,0.0,0.0,0.0,0.0,0.0
1,0,0.4375,0.375,0.0625,0.125,0.0,0.0,0.0,0.0,0.0,0.0,0.0
1,0,0.4375,0.375,0.0625,0.125,0.0,0.0,0.0,0.0,0.0,0.0,0.0
1,0,0.4375,0.375,0.0625,0.125,0.0,0.0,0.0,0.0,0.0,0.0,0.0
1,0,0.4375,0.375,0.0625,0.125,0.0,0.0,0.0,0.0,0.0,0.0,0.0
1,0,0.4375,0.375,0.0625,0.125,0.0,0.0,0.0,0.0,0.0,0.0,0.0
1,0,0.4375,0.375,0.0625,0.125,0.0,0.0,0.0,0.0,0.0,0.0,0.0
1,0,0.4375,0.375,0.0625,0.125,0.0,0.0,0.0,0.0,0.0,0.0,0.0
1,0,0.4375,0.375,0.0625,0.125,0.0,0.0,0.0,0.0,0.0,0.0,0.0
1,0,0.4375,0.375,0.0625,0.125,0.0,0.0,0.0,0.0,0.0,0.0,0.0
1,0,0.4,0.4,0.06666667,0.13333334,0.0,0.0,0.0,0.0,0.0,0.0,0.0
1,0,0.4,0.4,0.06666667,0.13333334,0.0,0.0,0.0,0.0,0.0,0.0,0.0
1,0,0.4,0.4,0.06666667,0.13333334,0.0,0.0,0.0,0.0,0.0,0.0,0.0
1,0,0.4,0.4,0.06666667,0.13333334,0.0,0.0,0.0,0.0,0.0,0.0,0.0
1,0,0.4,0.4,0.06666667,0.13333334,0.0,0.0,0.0,0.0,0.0,0.0,0.0
1,0,0.4,0.4,0.06666667,0.13333334,0.0,0.0,0.0,0.0,0.0,0.0,0.0
1,0,0.4,0.4,0.06666667,0.13333334,0.0,0.0,0.0,0.0,0.0,0.0,0.0
1,0,0.4,0.4,0.06666667,0.13333334,0.0,0.0,0.0,0.0,0.0,0.0,0.0
1,0,0.4,0.4,0.06666667,0.13333334,0.0,0.0,0.0,0.0,0.0,0.0,0.0
1,0,0.4,0.4,0.06666667,0.13333334,0.0,0.0,0.0,0.0,0.0,0.0,0.0
1,0,0.4,0.4,0.06666667,0.13333334,0.0,0.0,0.0,0.0,0.0,0.0,0.0
1,0,0.4,0.4,0.06666667,0.13333334,0.0,0.0,0.0,0.0,0.0,0.0,0.0
1,0,0.4,0.4,0.06666667,0.13333334,0.0,0.0,0.0,0.0,0.0,0.0,0.0
1,0,0.4,0.4,0.06666667,0.13333334,0.0,0.0,0.0,0.0,0.0,0.0,0.0
1,0,0.4,0.4,0.06666667,0.13333334,0.0,0.0,0.0,0.0,0.0,0.0,0.0
1,0,0.4,0.4,0.06666667,0.13333334,0.0,0.0,0.0,0.0,0.0,0.0,0.0
1,0,0.4,0.4,0.06666667,0.13333334,0.0,0.0,0.0,0.0,0.0,0.0,0.0
1,0,0.4,0.4,0.06666667,0.13333334,0.0,0.0,0.0,0.0,0.0,0.0,0.0
1,0,0.4,0.4,0.06666667,0.13333334,0.0,0.0,0.0,0.0,0.0,0.0,0.0
1,0,0.4,0.4,0.06666667,0.13333334,0.0,0.0,0.0,0.0,0.0,0.0,0.0
1,0,0.4,0.4,0.06666667,0.13333334,0.0,0.0,0.0,0.0,0.0,0.0,0.0
1,0,0.4,0.4,0.06666667,0.13333334,0.0,0.0,0.0,0.0,0.0,0.0,0.0
1,0,0.4,0.4,0.06666667,0.13333334,0.0,0.0,0.0,0.0,0.0,0.0,0.0
1,0,0.4,0.4,0.06666667,0.13333334,0.0,0.0,0.0,0.0,0.0,0.0,0.0
1,0,0.4,0.4,0.06666667,0.13333334,0.0,0.0,0.0,0.0,0.0,0.0,0.0
1,1,0.33333334,0.4,0.13333334,0.13333334,0.0,0.0,0.0,0.0,0.0,0.0,0.0
1,1,0.33333334,0.4,0.13333334,0.13333334,0.0,0.0,0.0,0.0,0.0,0.0,0.0
1,1,0.33333334,0.4,0.13333334,0.13333334,0.0,0.0,0.0,0.0,0.0,0.0,0.0
1,1,0.33333334,0.4,0.13333334,0.13333334,0.0,0.0,0.0,0.0,0.0,0.0,0.0
1,1,0.33333334,0.4,0.13333334,0.13333334,0.0,0.0,0.0,0.0,0.0,0.0,0.0
1,1,0.33333334,0.4,0.13333334,0.13333334,0.0,0.0,0.0,0.0,0.0,0.0,0.0
1,1,0.33333334,0.4,0.13333334,0.13333334,0.0,0.0,0.0,0.0,0.0,0.0,0.0
1,1,0.33333334,0.4,0.13333334,0.13333334,0.0,0.0,0.0,0.0,0.0,0.0,0.0
1,1,0.33333334,0.4,0.13333334,0.13333334,0.0,0.0,0.0,0.0,0.0,0.0,0.0
1,1,0.33333334,0.4,0.13333334,0.13333334,0.0,0.0,0.0,0.0,0.0,0.0,0.0
1,1,0.33333334,0.4,0.06666667,0.13333334,0.06666667,0.0,0.0,0.0,0.0,0.0,0.0
1,1,0.33333334,0.4,0.06666667,0.13333334,0.06666667,0.0,0.0,0.0,0.0,0.0,0.0
1,1,0.33333334,0.4,0.06666667,0.13333334,0.06666667,0.0,0.0,0.0,0.0,0.0,0.0
1,1,0.33333334,0.4,0.06666667,0.13333334,0.06666667,0.0,0.0,0.0,0.0,0.0,0.0
1,1,0.33333334,0.4,0.06666667,0.13333334,0.06666667,0.0,0.0,0.0,0.0,0.0,0.0
1,1,0.33333334,0.4,0.06666667,0.13333334,0.06666667,0.0,0.0,0.0,0.0,0.0,0.0
1,1,0.33333334,0.4,0.06666667,0.13333334,0.06666667,0.0,0.0,0.0,0.0,0.0,0.0
1,1,0.33333334,0.4,0.06666667,0.13333334,0.06666667,0.0,0.0,0.0,0.0,0.0,0.0
1,1,0.33333334,0.4,0.06666667,0.13333334,0.06666667,0.0,0.0,0.0,0.0,0.0,0.0
1,1,0.33333334,0.4,0.06666667,0.13333334,0.06666667,0.0,0.0,0.0,0.0,0.0,0.0
1,1,0.33333334,0.4,0.06666667,0.13333334,0.06666667,0.0,0.0,0.0,0.0,0.0,0.0
1,1,0.33333334,0.4,0.06666667,0.13333334,0.06666667,0.0,0.0,0.0,0.0,0.0,0.0
1,1,0.33333334,0.4,0.06666667,0.13333334,0.06666667,0.0,0.0,0.0,0.0,0.0,0.0
1,1,0.33333334,0.4,0.06666667,0.13333334,0.06666667,0.0,0.0,0.0,0.0,0.0,0.0
1,1,0.33333334,0.4,0.06666667,0.13333334,0.06666667,0.0,0.0,0.0,0.0,0.0,0.0
1,1,0.33333334,0.4,0.06666667,0.13333334,0.06666667,0.0,0.0,0.0,0.0,0.0,0.0
1,1,0.33333334,0.4,0.06666667,0.13333334,0.06666667,0.0,0.0,0.0,0.0,0.0,0.0
1,1,0.33333334,0.4,0.06666667,0.13333334,0.06666667,0.0,0.0,0.0,0.0,0.0,0.0
1,1,0.33333334,0.4,0.06666667,0.13333334,0.06666667,0.0,0.0,0.0,0.0,0.0,0.0
1,1,0.33333334,0.4,0.06666667,0.13333334,0.06666667,0.0,0.0,0.0,0.0,0.0,0.0
1,1,0.33333334,0.4,0.06666667,0.13333334,0.06666667,0.0,0.0,0.0,0.0,0.0,0.0
1,1,0.33333334,0.4,0.06666667,0.13333334,0.06666667,0.0,0.0,0.0,0.0,0.0,0.0
1,1,0.33333334,0.4,0.06666667,0.13333334,0.06666667,0.0,0.0,0.0,0.0,0.0,0.0
1,1,0.33333334,0.4,0.06666667,0.13333334,0.06666667,0.0,0.0,0.0,0.0,0.0,0.0
1,1,0.33333334,0.4,0.06666667,0.13333334,0.06666667,0.0,0.0,0.0,0.0,0.0,0.0
1,1,0.33333334,0.4,0.06666667,0.13333334,0.06666667,0.0,0.0,0.0,0.0,0.0,0.0
1,1,0.33333334,0.4,0.06666667,0.13333334,0.06666667,0.0,0.0,0.0,0.0,0.0,0.0
1,1,0.33333334,0.4,0.06666667,0.13333334,0.06666667,0.0,0.0,0.0,0.0,0.0,0.0
1,1,0.33333334,0.4,0.06666667,0.13333334,0.06666667,0.0,0.0,0.0,0.0,0.0,0.0
1,1,0.33333334,0.4,0.06666667,0.13333334,0.06666667,0.0,0.0,0.0,0.0,0.0,0.0
1,1,0.33333334,0.4,0.06666667,0.13333334,0.06666667,0.0,0.0,0.0,0.0,0.0,0.0
1,1,0.33333334,0.4,0.06666667,0.13333334,0.06666667,0.0,0.0,0.0,0.0,0.0,0.0
1,1,0.33333334,0.4,0.06666667,0.13333334,0.06666667,0.0,0.0,0.0,0.0,0.0,0.0
1,1,0.33333334,0.4,0.06666667,0.13333334,0.06666667,0.0,0.0,0.0,0.0,0.0,0.0
1,1,0.33333334,0.4,0.06666667,0.13333334,0.06666667,0.0,0.0,0.0,0.0,0.0,0.0
1,1,0.33333334,0.4,0.06666667,0.13333334,0.06666667,0.0,0.0,0.0,0.0,0.0,0.0
1,1,0.33333334,0.4,0.06666667,0.13333334,0.06666667,0.0,0.0,0.0,0.0,0.0,0.0
1,1,0.33333334,0.4,0.06666667,0.13333334,0.06666667,0.0,0.0,0.0,0.0,0.0,0.0
1,1,0.33333334,0.4,0.06666667,0.13333334,0.06666667,0.0,0.0,0.0,0.0,0.0,0.0
1,1,0.33333334,0.4,0.06666667,0.13333334,0.06666667,0.0,0.0,0.0,0.0,0.0,0.0
1,1,0.33333334,0.4,0.06666667,0.13333334,0.06666667,0.0,0.0,0.0,0.0,0.0,0.0
1,1,0.33333334,0.4,0.06666667,0.13333334,0.06666667,0.0,0.0,0.0,0.0,0.0,0.0
1,1,0.33333334,0.4,0.06666667,0.13333334,0.06666667,0.0,0.0,0.0,0.0,0.0,0.0
1,1,0.33333334,0.4,0.06666667,0.13333334,0.06666667,0.0,0.0,0.0,0.0,0.0,0.0
1,1,0.33333334,0.4,0.06666667,0.13333334,0.06666667,0.0,0.0,0.0,0.0,0.0,0.0
1,1,0.33333334,0.4,0.06666667,0.13333334,0.06666667,0.0,0.0,0.0,0.0,0.0,0.0
1,1,0.33333334,0.4,0.06666667,0.13333334,0.06666667,0.0,0.0,0.0,0.0,0.0,0.0
1,1,0.33333334,0.4,0.06666667,0.13333334,0.06666667,0.0,0.0,0.0,0.0,0.0,0.0
1,1,0.33333334,0.4,0.06666667,0.13333334,0.06666667,0.0,0.0,0.0,0.0,0.0,0.0
1,1,0.33333334,0.4,0.06666667,0.13333334,0.06666667,0.0,0.0,0.0,0.0,0.0,0.0
1,1,0.33333334,0.4,0.06666667,0.13333334,0.06666667,0.0,0.0,0.0,0.0,0.0,0.0
1,1,0.33333334,0.4,0.06666667,0.13333334,0.06666667,0.0,0.0,0.0,0.0,0.0,0.0
1,1,0.33333334,0.4,0.06666667,0.13333334,0.06666667,0.0,0.0,0.0,0.0,0.0,0.0
1,1,0.33333334,0.4,0.06666667,0.13333334,0.06666667,0.0,0.0,0.0,0.0,0.0,0.0
1,1,0.33333334,0.4,0.06666667,0.13333334,0.06666667,0.0,0.0,0.0,0.0,0.0,0.0
1,1,0.33333334,0.4,0.06666667,0.13333334,0.06666667,0.0,0.0,0.0,0.0,0.0,0.0
1,1,0.33333334,0.4,0.06666667,0.13333334,0.06666667,0.0,0.0,0.0,0.0,0.0,0.0
1,1,0.33333334,0.4,0.06666667,0.13333334,0.06666667,0.0,0.0,0.0,0.0,0.0,0.0
1,1,0.33333334,0.4,0.06666667,0.13333334,0.06666667,0.0,0.0,0.0,0.0,0.0,0.0
1,1,0.33333334,0.4,0.06666667,0.13333334,0.06666667,0.0,0.0,0.0,0.0,0.0,0.0
1,1,0.33333334,0.4,0.06666667,0.13333334,0.06666667,0.0,0.0,0.0,0.0,0.0,0.0
1,1,0.33333334,0.4,0.06666667,0.13333334,0.06666667,0.0,0.0,0.0,0.0,0.0,0.0
1,1,0.33333334,0.4,0.06666667,0.13333334,0.06666667,0.0,0.0,0.0,0.0,0.0,0.0
1,1,0.33333334,0.4,0.06666667,0.13333334,0.06666667,0.0,0.0,0.0,0.0,0.0,0.0
1,1,0.33333334,0.4,0.06666667,0.13333334,0.06666667,0.0,0.0,0.0,0.0,0.0,0.0
1,1,0.33333334,0.4,0.06666667,0.13333334,0.06666667,0.0,0.0,0.0,0.0,0.0,0.0
1,1,0.33333334,0.4,0.06666667,0.13333334,0.06666667,0.0,0.0,0.0,0.0,0.0,0.0
1,1,0.33333334,0.4,0.06666667,0.13333334,0.06666667,0.0,0.0,0.0,0.0,0.0,0.0
1,1,0.33333334,0.4,0.06666667,0.13333334,0.06666667,0.0,0.0,0.0,0.0,0.0,0.0
1,1,0.33333334,0.4,0.06666667,0.13333334,0.06666667,0.0,0.0,0.0,0.0,0.0,0.0
1,1,0.33333334,0.4,0.06666667,0.13333334,0.06666667,0.0,0.0,0.0,0.0,0.0,0.0
1,1,0.33333334,0.4,0.06666667,0.13333334,0.06666667,0.0,0.0,0.0,0.0,0.0,0.0
1,1,0.33333334,0.4,0.06666667,0.13333334,0.06666667,0.0,0.0,0.0,0.0,0.0,0.0
1,1,0.33333334,0.4,0.06666667,0.13333334,0.06666667,0.0,0.0,0.0,0.0,0.0,0.0
1,1,0.33333334,0.4,0.06666667,0.13333334,0.06666667,0.0,0.0,0.0,0.0,0.0,0.0
1,1,0.33333334,0.4,0.06666667,0.13333334,0.06666667,0.0,0.0,0.0,0.0,0.0,0.0
1,1,0.33333334,0.4,0.06666667,0.13333334,0.06666667,0.0,0.0,0.0,0.0,0.0,0.0
1,1,0.33333334,0.4,0.06666667,0.13333334,0.06666667,0.0,0.0,0.0,0.0,0.0,0.0
1,1,0.33333334,0.4,0.06666667,0.13333334,0.06666667,0.0,0.0,0.0,0.0,0.0,0.0
1,1,0.33333334,0.4,0.06666667,0.13333334,0.06666667,0.0,0.0,0.0,0.0,0.0,0.0
1,1,0.33333334,0.4,0.06666667,0.13333334,0.06666667,0.0,0.0,0.0,0.0,0.0,0.0
1,1,0.33333334,0.4,0.06666667,0.13333334,0.06666667,0.0,0.0,0.0,0.0,0.0,0.0
1,1,0.33333334,0.4,0.06666667,0.13333334,0.06666667,0.0,0.0,0.0,0.0,0.0,0.0
1,1,0.33333334,0.4,0.06666667,0.13333334,0.06666667,0.0,0.0,0.0,0.0,0.0,0.0
1,1,0.26666668,0.4,0.13333334,0.13333334,0.06666667,0.0,0.0,0.0,0.0,0.0,0.0
1,1,0.26666668,0.4,0.13333334,0.13333334,0.06666667,0.0,0.0,0.0,0.0,0.0,0.0
1,1,0.26666668,0.4,0.13333334,0.13333334,0.06666667,0.0,0.0,0.0,0.0,0.0,0.0
1,1,0.26666668,0.4,0.13333334,0.13333334,0.06666667,0.0,0.0,0.0,0.0,0.0,0.0
1,1,0.26666668,0.4,0.13333334,0.13333334,0.06666667,0.0,0.0,0.0,0.0,0.0,0.0
1,1,0.26666668,0.4,0.13333334,0.13333334,0.06666667,0.0,0.0,0.0,0.0,0.0,0.0
1,1,0.26666668,0.4,0.13333334,0.13333334,0.06666667,0.0,0.0,0.0,0.0,0.0,0.0
1,1,0.26666668,0.4,0.13333334,0.13333334,0.06666667,0.0,0.0,0.0,0.0,0.0,0.0
1,1,0.26666668,0.4,0.13333334,0.13333334,0.06666667,0.0,0.0,0.0,0.0,0.0,0.0
1,1,0.26666668,0.4,0.13333334,0.13333334,0.06666667,0.0,0.0,0.0,0.0,0.0,0.0
1,1,0.26666668,0.4,0.13333334,0.13333334,0.06666667,0.0,0.0,0.0,0.0,0.0,0.0
1,1,0.26666668,0.4,0.13333334,0.13333334,0.06666667,0.0,0.0,0.0,0.0,0.0,0.0
1,1,0.26666668,0.4,0.13333334,0.13333334,0.06666667,0.0,0.0,0.0,0.0,0.0,0.0
1,1,0.26666668,0.4,0.13333334,0.13333334,0.06666667,0.0,0.0,0.0,0.0,0.0,0.0
1,1,0.26666668,0.4,0.13333334,0.13333334,0.06666667,0.0,0.0,0.0,0.0,0.0,0.0
1,1,0.26666668,0.4,0.13333334,0.13333334,0.06666667,0.0,0.0,0.0,0.0,0.0,0.0
1,1,0.26666668,0.4,0.13333334,0.13333334,0.06666667,0.0,0.0,0.0,0.0,0.0,0.0
1,1,0.26666668,0.4,0.13333334,0.13333334,0.06666667,0.0,0.0,0.0,0.0,0.0,0.0
1,1,0.26666668,0.4,0.13333334,0.13333334,0.06666667,0.0,0.0,0.0,0.0,0.0,0.0
1,1,0.26666668,0.4,0.13333334,0.13333334,0.06666667,0.0,0.0,0.0,0.0,0.0,0.0
1,1,0.26666668,0.4,0.13333334,0.13333334,0.06666667,0.0,0.0,0.0,0.0,0.0,0.0
1,1,0.26666668,0.4,0.13333334,0.13333334,0.06666667,0.0,0.0,0.0,0.0,0.0,0.0
1,1,0.26666668,0.4,0.13333334,0.13333334,0.06666667,0.0,0.0,0.0,0.0,0.0,0.0
1,1,0.26666668,0.4,0.13333334,0.13333334,0.06666667,0.0,0.0,0.0,0.0,0.0,0.0
1,1,0.26666668,0.4,0.13333334,0.13333334,0.06666667,0.0,0.0,0.0,0.0,0.0,0.0
1,1,0.26666668,0.4,0.13333334,0.13333334,0.06666667,0.0,0.0,0.0,0.0,0.0,0.0
1,1,0.26666668,0.4,0.13333334,0.13333334,0.06666667,0.0,0.0,0.0,0.0,0.0,0.0
1,1,0.26666668,0.4,0.13333334,0.13333334,0.06666667,0.0,0.0,0.0,0.0,0.0,0.0
1,1,0.26666668,0.4,0.13333334,0.13333334,0.06666667,0.0,0.0,0.0,0.0,0.0,0.0
1,1,0.26666668,0.4,0.13333334,0.13333334,0.06666667,0.0,0.0,0.0,0.0,0.0,0.0
1,1,0.26666668,0.4,0.13333334,0.13333334,0.06666667,0.0,0.0,0.0,0.0,0.0,0.0
1,1,0.26666668,0.4,0.13333334,0.13333334,0.06666667,0.0,0.0,0.0,0.0,0.0,0.0
1,1,0.26666668,0.4,0.13333334,0.13333334,0.06666667,0.0,0.0,0.0,0.0,0.0,0.0
1,1,0.26666668,0.4,0.13333334,0.13333334,0.06666667,0.0,0.0,0.0,0.0,0.0,0.0
1,1,0.26666668,0.4,0.13333334,0.13333334,0.06666667,0.0,0.0,0.0,0.0,0.0,0.0
1,1,0.26666668,0.4,0.13333334,0.13333334,0.06666667,0.0,0.0,0.0,0.0,0.0,0.0
1,1,0.26666668,0.4,0.13333334,0.13333334,0.06666667,0.0,0.0,0.0,0.0,0.0,0.0
1,1,0.26666668,0.4,0.13333334,0.13333334,0.06666667,0.0,0.0,0.0,0.0,0.0,0.0
1,1,0.26666668,0.4,0.13333334,0.13333334,0.06666667,0.0,0.0,0.0,0.0,0.0,0.0
1,1,0.26666668,0.4,0.13333334,0.13333334,0.06666667,0.0,0.0,0.0,0.0,0.0,0.0
1,1,0.26666668,0.4,0.13333334,0.13333334,0.06666667,0.0,0.0,0.0,0.0,0.0,0.0
1,1,0.26666668,0.4,0.13333334,0.13333334,0.06666667,0.0,0.0,0.0,0.0,0.0,0.0
1,1,0.26666668,0.4,0.13333334,0.13333334,0.06666667,0.0,0.0,0.0,0.0,0.0,0.0
1,1,0.33333334,0.4,0.13333334,0.06666667,0.06666667,0.0,0.0,0.0,0.0,0.0,0.0
1,1,0.33333334,0.4,0.13333334,0.06666667,0.06666667,0.0,0.0,0.0,0.0,0.0,0.0
1,1,0.33333334,0.4,0.13333334,0.06666667,0.06666667,0.0,0.0,0.0,0.0,0.0,0.0
1,1,0.33333334,0.4,0.13333334,0.06666667,0.06666667,0.0,0.0,0.0,0.0,0.0,0.0
1,1,0.33333334,0.4,0.13333334,0.06666667,0.06666667,0.0,0.0,0.0,0.0,0.0,0.0
1,1,0.33333334,0.4,0.13333334,0.06666667,0.06666667,0.0,0.0,0.0,0.0,0.0,0.0
1,1,0.33333334,0.4,0.13333334,0.06666667,0.06666667,0.0,0.0,0.0,0.0,0.0,0.0
1,1,0.33333334,0.4,0.13333334,0.06666667,0.06666667,0.0,0.0,0.0,0.0,0.0,0.0
1,1,0.33333334,0.4,0.13333334,0.06666667,0.06666667,0.0,0.0,0.0,0.0,0.0,0.0
1,1,0.33333334,0.4,0.13333334,0.0,0.06666667,0.0,0.0,0.0,0.06666667,0.0,0.0
1,0,0.4,0.33333334,0.13333334,0.0,0.06666667,0.0,0.0,0.0,0.06666667,0.0,0.0
1,0,0.4,0.33333334,0.13333334,0.0,0.06666667,0.0,0.0,0.0,0.06666667,0.0,0.0
1,0,0.4,0.33333334,0.13333334,0.0,0.06666667,0.0,0.0,0.0,0.06666667,0.0,0.0
1,0,0.4,0.33333334,0.13333334,0.0,0.06666667,0.0,0.0,0.0,0.06666667,0.0,0.0
1,0,0.4,0.33333334,0.13333334,0.0,0.06666667,0.0,0.0,0.0,0.06666667,0.0,0.0
1,0,0.4,0.33333334,0.13333334,0.0,0.06666667,0.0,0.0,0.0,0.06666667,0.0,0.0
1,0,0.4,0.33333334,0.13333334,0.0,0.06666667,0.0,0.0,0.0,0.06666667,0.0,0.0
1,0,0.4,0.33333334,0.13333334,0.0,0.06666667,0.0,0.0,0.0,0.06666667,0.0,0.0
1,0,0.4,0.33333334,0.13333334,0.0,0.06666667,0.0,0.0,0.0,0.06666667,0.0,0.0
1,0,0.4,0.33333334,0.13333334,0.0,0.06666667,0.0,0.0,0.0,0.06666667,0.0,0.0
1,0,0.4,0.33333334,0.13333334,0.0,0.06666667,0.0,0.0,0.0,0.06666667,0.0,0.0
1,0,0.4,0.33333334,0.13333334,0.0,0.06666667,0.0,0.0,0.0,0.06666667,0.0,0.0
1,0,0.4,0.33333334,0.13333334,0.0,0.06666667,0.0,0.0,0.0,0.06666667,0.0,0.0
1,0,0.4,0.33333334,0.13333334,0.0,0.06666667,0.0,0.0,0.0,0.06666667,0.0,0.0
1,0,0.4,0.33333334,0.13333334,0.0,0.06666667,0.0,0.0,0.0,0.06666667,0.0,0.0
1,0,0.4,0.33333334,0.13333334,0.0,0.06666667,0.0,0.0,0.0,0.06666667,0.0,0.0
1,0,0.4,0.33333334,0.13333334,0.0,0.06666667,0.0,0.0,0.0,0.06666667,0.0,0.0
1,0,0.4,0.33333334,0.13333334,0.0,0.06666667,0.0,0.0,0.0,0.06666667,0.0,0.0
1,0,0.4,0.33333334,0.13333334,0.0,0.06666667,0.0,0.0,0.0,0.06666667,0.0,0.0
1,0,0.4,0.26666668,0.2,0.0,0.06666667,0.0,0.0,0.0,0.06666667,0.0,0.0
1,0,0.4,0.26666668,0.2,0.0,0.06666667,0.0,0.0,0.0,0.06666667,0.0,0.0
1,0,0.4,0.26666668,0.2,0.0,0.06666667,0.0,0.0,0.0,0.06666667,0.0,0.0
1,0,0.4,0.26666668,0.2,0.0,0.06666667,0.0,0.0,0.0,0.06666667,0.0,0.0
1,0,0.4,0.26666668,0.2,0.0,0.06666667,0.0,0.0,0.0,0.06666667,0.0,0.0
1,0,0.4,0.26666668,0.2,0.0,0.06666667,0.0,0.0,0.0,0.06666667,0.0,0.0
1,0,0.4,0.26666668,0.2,0.0,0.06666667,0.0,0.0,0.0,0.06666667,0.0,0.0
1,0,0.4,0.26666668,0.2,0.0,0.06666667,0.0,0.0,0.0,0.06666667,0.0,0.0
1,0,0.4,0.26666668,0.2,0.0,0.06666667,0.0,0.0,0.0,0.06666667,0.0,0.0
1,0,0.4,0.26666668,0.2,0.0,0.06666667,0.0,0.0,0.0,0.06666667,0.0,0.0
1,0,0.4,0.26666668,0.2,0.0,0.06666667,0.0,0.0,0.0,0.06666667,0.0,0.0
1,0,0.4,0.26666668,0.2,0.0,0.06666667,0.0,0.0,0.0,0.06666667,0.0,0.0
1,0,0.46666667,0.26666668,0.2,0.0,0.0,0.0,0.0,0.0,0.06666667,0.0,0.0
1,0,0.46666667,0.26666668,0.2,0.0,0.0,0.0,0.0,0.0,0.06666667,0.0,0.0
1,0,0.46666667,0.26666668,0.2,0.0,0.0,0.0,0.0,0.0,0.06666667,0.0,0.0
1,0,0.46666667,0.26666668,0.2,0.0,0.0,0.0,0.0,0.0,0.06666667,0.0,0.0
1,0,0.46666667,0.26666668,0.2,0.0,0.0,0.0,0.0,0.0,0.06666667,0.0,0.0
1,0,0.46666667,0.26666668,0.2,0.0,0.0,0.0,0.0,0.0,0.06666667,0.0,0.0
1,0,0.46666667,0.26666668,0.2,0.0,0.0,0.0,0.0,0.0,0.06666667,0.0,0.0
1,0,0.46666667,0.26666668,0.2,0.0,0.0,0.0,0.0,0.0,0.06666667,0.0,0.0
1,0,0.46666667,0.26666668,0.2,0.0,0.0,0.0,0.0,0.0,0.06666667,0.0,0.0
1,0,0.46666667,0.26666668,0.2,0.0,0.0,0.0,0.0,0.0,0.06666667,0.0,0.0
1,0,0.46666667,0.26666668,0.2,0.0,0.0,0.0,0.0,0.0,0.06666667,0.0,0.0
1,0,0.46666667,0.26666668,0.2,0.0,0.0,0.0,0.0,0.0,0.06666667,0.0,0.0
1,0,0.46666667,0.26666668,0.2,0.0,0.0,0.0,0.0,0.0,0.06666667,0.0,0.0
1,0,0.46666667,0.26666668,0.2,0.0,0.0,0.0,0.0,0.0,0.06666667,0.0,0.0
1,0,0.46666667,0.26666668,0.2,0.0,0.0,0.0,0.0,0.0,0.06666667,0.0,0.0
1,0,0.46666667,0.26666668,0.2,0.0,0.0,0.0,0.0,0.0,0.06666667,0.0,0.0
1,0,0.6,0.13333334,0.2,0.0,0.0,0.0,0.0,0.0,0.06666667,0.0,0.0
1,0,0.6,0.13333334,0.2,0.0,0.0,0.0,0.0,0.0,0.06666667,0.0,0.0
1,0,0.6,0.13333334,0.2,0.0,0.0,0.0,0.0,0.0,0.06666667,0.0,0.0
1,0,0.6,0.13333334,0.2,0.0,0.0,0.0,0.0,0.0,0.06666667,0.0,0.0
1,0,0.6,0.13333334,0.2,0.0,0.0,0.0,0.0,0.0,0.06666667,0.0,0.0
1,0,0.6,0.13333334,0.2,0.0,0.0,0.0,0.0,0.0,0.06666667,0.0,0.0
1,0,0.6,0.13333334,0.2,0.0,0.0,0.0,0.0,0.0,0.06666667,0.0,0.0
1,0,0.6,0.13333334,0.2,0.0,0.0,0.0,0.0,0.0,0.06666667,0.0,0.0
1,0,0.6,0.13333334,0.2,0.0,0.0,0.0,0.0,0.0,0.06666667,0.0,0.0
1,0,0.6,0.13333334,0.2,0.0,0.0,0.0,0.0,0.0,0.06666667,0.0,0.0
1,0,0.6,0.13333334,0.2,0.0,0.0,0.0,0.0,0.0,0.06666667,0.0,0.0
1,0,0.6,0.13333334,0.2,0.0,0.0,0.0,0.0,0.0,0.06666667,0.0,0.0
1,0,0.6,0.13333334,0.2,0.0,0.0,0.0,0.0,0.0,0.06666667,0.0,0.0
1,0,0.6,0.13333334,0.2,0.0,0.0,0.0,0.0,0.0,0.06666667,0.0,0.0
1,0,0.6,0.13333334,0.2,0.0,0.0,0.0,0.0,0.0,0.06666667,0.0,0.0
1,0,0.6,0.13333334,0.2,0.0,0.0,0.0,0.0,0.0,0.06666667,0.0,0.0
1,0,0.6,0.13333334,0.2,0.0,0.0,0.0,0.0,0.0,0.06666667,0.0,0.0
1,0,0.6,0.13333334,0.2,0.0,0.0,0.0,0.0,0.0,0.06666667,0.0,0.0
1,0,0.6,0.13333334,0.2,0.0,0.0,0.0,0.0,0.0,0.06666667,0.0,0.0
1,0,0.6,0.13333334,0.2,0.0,0.0,0.0,0.0,0.0,0.06666667,0.0,0.0
1,0,0.6,0.13333334,0.2,0.0,0.0,0.0,0.0,0.0,0.06666667,0.0,0.0
1,0,0.6,0.13333334,0.2,0.0,0.0,0.0,0.0,0.0,0.06666667,0.0,0.0
1,0,0.6,0.13333334,0.2,0.0,0.0,0.0,0.0,0.0,0.06666667,0.0,0.0
1,0,0.6,0.13333334,0.2,0.0,0.0,0.0,0.0,0.0,0.06666667,0.0,0.0
1,0,0.6,0.13333334,0.2,0.0,0.0,0.0,0.0,0.0,0.06666667,0.0,0.0
1,0,0.6,0.13333334,0.2,0.0,0.0,0.0,0.0,0.0,0.06666667,0.0,0.0
1,0,0.6,0.13333334,0.2,0.0,0.0,0.0,0.0,0.0,0.06666667,0.0,0.0
1,0,0.6,0.13333334,0.2,0.0,0.0,0.0,0.0,0.0,0.06666667,0.0,0.0
1,0,0.6,0.13333334,0.2,0.0,0.0,0.0,0.0,0.0,0.06666667,0.0,0.0
1,0,0.6,0.13333334,0.2,0.0,0.0,0.0,0.0,0.0,0.06666667,0.0,0.0
1,0,0.6,0.13333334,0.2,0.0,0.0,0.0,0.0,0.0,0.06666667,0.0,0.0
1,0,0.6,0.13333334,0.2,0.0,0.0,0.0,0.0,0.0,0.06666667,0.0,0.0
1,0,0.6,0.13333334,0.2,0.0,0.0,0.0,0.0,0.0,0.06666667,0.0,0.0
1,0,0.6,0.13333334,0.2,0.0,0.0,0.0,0.0,0.0,0.06666667,0.0,0.0
1,0,0.6,0.13333334,0.2,0.0,0.0,0.0,0.0,0.0,0.06666667,0.0,0.0
1,0,0.6,0.13333334,0.2,0.0,0.0,0.0,0.0,0.0,0.06666667,0.0,0.0
1,0,0.6,0.13333334,0.2,0.0,0.0,0.0,0.0,0.0,0.06666667,0.0,0.0
1,0,0.6,0.13333334,0.2,0.0,0.0,0.0,0.0,0.0,0.06666667,0.0,0.0
1,0,0.6,0.13333334,0.2,0.0,0.0,0.0,0.0,0.0,0.06666667,0.0,0.0
1,0,0.6,0.13333334,0.2,0.0,0.0,0.0,0.0,0.0,0.06666667,0.0,0.0
1,0,0.6,0.13333334,0.2,0.0,0.0,0.0,0.0,0.0,0.06666667,0.0,0.0
1,0,0.6,0.13333334,0.2,0.0,0.0,0.0,0.0,0.0,0.06666667,0.0,0.0
1,0,0.6,0.13333334,0.2,0.0,0.0,0.0,0.0,0.0,0.06666667,0.0,0.0
1,0,0.6,0.13333334,0.2,0.0,0.0,0.0,0.0,0.0,0.06666667,0.0,0.0
1,0,0.6,0.13333334,0.2,0.0,0.0,0.0,0.0,0.0,0.06666667,0.0,0.0
1,0,0.6,0.13333334,0.2,0.0,0.0,0.0,0.0,0.0,0.06666667,0.0,0.0
1,0,0.6,0.13333334,0.2,0.0,0.0,0.0,0.0,0.0,0.06666667,0.0,0.0
1,0,0.6,0.13333334,0.2,0.0,0.0,0.0,0.0,0.0,0.06666667,0.0,0.0
1,0,0.6,0.13333334,0.2,0.0,0.0,0.0,0.0,0.0,0.06666667,0.0,0.0
1,0,0.6,0.13333334,0.2,0.0,0.0,0.0,0.0,0.0,0.06666667,0.0,0.0
1,0,0.6,0.13333334,0.2,0.0,0.0,0.0,0.0,0.0,0.06666667,0.0,0.0
1,0,0.6,0.13333334,0.2,0.0,0.0,0.0,0.0,0.0,0.06666667,0.0,0.0
1,0,0.6,0.13333334,0.2,0.0,0.0,0.0,0.0,0.0,0.06666667,0.0,0.0
1,0,0.6,0.13333334,0.2,0.0,0.0,0.0,0.0,0.0,0.06666667,0.0,0.0
1,0,0.6,0.13333334,0.2,0.0,0.0,0.0,0.0,0.0,0.06666667,0.0,0.0
1,0,0.6,0.13333334,0.2,0.0,0.0,0.0,0.0,0.0,0.06666667,0.0,0.0
1,0,0.6666667,0.13333334,0.2,0.0,0.0,0.0,0.0,0.0,0.0,0.0,0.0
1,0,0.6666667,0.13333334,0.2,0.0,0.0,0.0,0.0,0.0,0.0,0.0,0.0
1,0,0.6666667,0.13333334,0.2,0.0,0.0,0.0,0.0,0.0,0.0,0.0,0.0
1,0,0.6666667,0.13333334,0.2,0.0,0.0,0.0,0.0,0.0,0.0,0.0,0.0
1,0,0.6666667,0.13333334,0.2,0.0,0.0,0.0,0.0,0.0,0.0,0.0,0.0
1,0,0.6666667,0.13333334,0.2,0.0,0.0,0.0,0.0,0.0,0.0,0.0,0.0
1,0,0.6666667,0.13333334,0.2,0.0,0.0,0.0,0.0,0.0,0.0,0.0,0.0
1,0,0.6666667,0.13333334,0.2,0.0,0.0,0.0,0.0,0.0,0.0,0.0,0.0
1,0,0.6666667,0.13333334,0.2,0.0,0.0,0.0,0.0,0.0,0.0,0.0,0.0
1,0,0.6666667,0.13333334,0.2,0.0,0.0,0.0,0.0,0.0,0.0,0.0,0.0
1,0,0.6666667,0.13333334,0.2,0.0,0.0,0.0,0.0,0.0,0.0,0.0,0.0
1,0,0.6666667,0.13333334,0.2,0.0,0.0,0.0,0.0,0.0,0.0,0.0,0.0
1,0,0.6666667,0.13333334,0.2,0.0,0.0,0.0,0.0,0.0,0.0,0.0,0.0
1,0,0.6666667,0.13333334,0.2,0.0,0.0,0.0,0.0,0.0,0.0,0.0,0.0
1,0,0.6666667,0.13333334,0.2,0.0,0.0,0.0,0.0,0.0,0.0,0.0,0.0
1,0,0.6666667,0.13333334,0.2,0.0,0.0,0.0,0.0,0.0,0.0,0.0,0.0
1,0,0.6666667,0.13333334,0.2,0.0,0.0,0.0,0.0,0.0,0.0,0.0,0.0
1,0,0.6666667,0.13333334,0.2,0.0,0.0,0.0,0.0,0.0,0.0,0.0,0.0
1,0,0.6666667,0.13333334,0.2,0.0,0.0,0.0,0.0,0.0,0.0,0.0,0.0
1,0,0.6666667,0.13333334,0.2,0.0,0.0,0.0,0.0,0.0,0.0,0.0,0.0
1,0,0.6666667,0.13333334,0.2,0.0,0.0,0.0,0.0,0.0,0.0,0.0,0.0
1,0,0.6666667,0.13333334,0.2,0.0,0.0,0.0,0.0,0.0,0.0,0.0,0.0
1,0,0.6666667,0.13333334,0.2,0.0,0.0,0.0,0.0,0.0,0.0,0.0,0.0
1,0,0.6666667,0.13333334,0.2,0.0,0.0,0.0,0.0,0.0,0.0,0.0,0.0
1,0,0.6666667,0.13333334,0.2,0.0,0.0,0.0,0.0,0.0,0.0,0.0,0.0
1,0,0.6666667,0.13333334,0.2,0.0,0.0,0.0,0.0,0.0,0.0,0.0,0.0
1,0,0.6666667,0.13333334,0.2,0.0,0.0,0.0,0.0,0.0,0.0,0.0,0.0
1,0,0.6666667,0.13333334,0.2,0.0,0.0,0.0,0.0,0.0,0.0,0.0,0.0
1,0,0.6666667,0.13333334,0.2,0.0,0.0,0.0,0.0,0.0,0.0,0.0,0.0
1,0,0.6666667,0.13333334,0.2,0.0,0.0,0.0,0.0,0.0,0.0,0.0,0.0
1,0,0.6666667,0.13333334,0.2,0.0,0.0,0.0,0.0,0.0,0.0,0.0,0.0
1,0,0.6666667,0.13333334,0.2,0.0,0.0,0.0,0.0,0.0,0.0,0.0,0.0
1,0,0.6666667,0.13333334,0.2,0.0,0.0,0.0,0.0,0.0,0.0,0.0,0.0
1,0,0.6666667,0.13333334,0.2,0.0,0.0,0.0,0.0,0.0,0.0,0.0,0.0
1,0,0.6666667,0.13333334,0.2,0.0,0.0,0.0,0.0,0.0,0.0,0.0,0.0
1,0,0.6666667,0.13333334,0.2,0.0,0.0,0.0,0.0,0.0,0.0,0.0,0.0
1,0,0.6666667,0.13333334,0.2,0.0,0.0,0.0,0.0,0.0,0.0,0.0,0.0
1,0,0.6666667,0.13333334,0.2,0.0,0.0,0.0,0.0,0.0,0.0,0.0,0.0
1,0,0.6666667,0.13333334,0.2,0.0,0.0,0.0,0.0,0.0,0.0,0.0,0.0
1,0,0.6666667,0.13333334,0.2,0.0,0.0,0.0,0.0,0.0,0.0,0.0,0.0
1,0,0.6666667,0.13333334,0.2,0.0,0.0,0.0,0.0,0.0,0.0,0.0,0.0
1,0,0.6666667,0.13333334,0.2,0.0,0.0,0.0,0.0,0.0,0.0,0.0,0.0
1,0,0.6666667,0.13333334,0.2,0.0,0.0,0.0,0.0,0.0,0.0,0.0,0.0
1,0,0.6666667,0.13333334,0.2,0.0,0.0,0.0,0.0,0.0,0.0,0.0,0.0
1,0,0.6666667,0.13333334,0.2,0.0,0.0,0.0,0.0,0.0,0.0,0.0,0.0
1,0,0.6666667,0.13333334,0.2,0.0,0.0,0.0,0.0,0.0,0.0,0.0,0.0
1,0,0.73333335,0.06666667,0.2,0.0,0.0,0.0,0.0,0.0,0.0,0.0,0.0
1,0,0.73333335,0.06666667,0.2,0.0,0.0,0.0,0.0,0.0,0.0,0.0,0.0
1,0,0.73333335,0.06666667,0.2,0.0,0.0,0.0,0.0,0.0,0.0,0.0,0.0
1,0,0.73333335,0.06666667,0.2,0.0,0.0,0.0,0.0,0.0,0.0,0.0,0.0
1,0,0.8,0.06666667,0.13333334,0.0,0.0,0.0,0.0,0.0,0.0,0.0,0.0
1,0,0.8,0.06666667,0.13333334,0.0,0.0,0.0,0.0,0.0,0.0,0.0,0.0
1,0,0.8,0.06666667,0.13333334,0.0,0.0,0.0,0.0,0.0,0.0,0.0,0.0
1,0,0.8,0.06666667,0.13333334,0.0,0.0,0.0,0.0,0.0,0.0,0.0,0.0
1,0,0.8,0.06666667,0.13333334,0.0,0.0,0.0,0.0,0.0,0.0,0.0,0.0
1,0,0.8,0.06666667,0.13333334,0.0,0.0,0.0,0.0,0.0,0.0,0.0,0.0
1,0,0.8,0.06666667,0.13333334,0.0,0.0,0.0,0.0,0.0,0.0,0.0,0.0
1,0,0.8,0.06666667,0.13333334,0.0,0.0,0.0,0.0,0.0,0.0,0.0,0.0
1,0,0.8,0.06666667,0.13333334,0.0,0.0,0.0,0.0,0.0,0.0,0.0,0.0
1,0,0.8,0.06666667,0.13333334,0.0,0.0,0.0,0.0,0.0,0.0,0.0,0.0
1,0,0.8,0.06666667,0.13333334,0.0,0.0,0.0,0.0,0.0,0.0,0.0,0.0
1,0,0.8,0.06666667,0.13333334,0.0,0.0,0.0,0.0,0.0,0.0,0.0,0.0
1,0,0.8,0.06666667,0.13333334,0.0,0.0,0.0,0.0,0.0,0.0,0.0,0.0
1,0,0.8,0.06666667,0.13333334,0.0,0.0,0.0,0.0,0.0,0.0,0.0,0.0
1,0,0.8,0.06666667,0.13333334,0.0,0.0,0.0,0.0,0.0,0.0,0.0,0.0
1,0,0.8,0.06666667,0.13333334,0.0,0.0,0.0,0.0,0.0,0.0,0.0,0.0
1,0,0.8,0.06666667,0.13333334,0.0,0.0,0.0,0.0,0.0,0.0,0.0,0.0
1,0,0.8,0.06666667,0.13333334,0.0,0.0,0.0,0.0,0.0,0.0,0.0,0.0
1,0,0.8,0.06666667,0.13333334,0.0,0.0,0.0,0.0,0.0,0.0,0.0,0.0
1,0,0.8,0.06666667,0.13333334,0.0,0.0,0.0,0.0,0.0,0.0,0.0,0.0
1,0,0.8,0.06666667,0.13333334,0.0,0.0,0.0,0.0,0.0,0.0,0.0,0.0
1,0,0.8,0.06666667,0.13333334,0.0,0.0,0.0,0.0,0.0,0.0,0.0,0.0
1,0,0.8,0.06666667,0.13333334,0.0,0.0,0.0,0.0,0.0,0.0,0.0,0.0
1,0,0.8125,0.0625,0.125,0.0,0.0,0.0,0.0,0.0,0.0,0.0,0.0
1,0,0.8125,0.0625,0.125,0.0,0.0,0.0,0.0,0.0,0.0,0.0,0.0
1,0,0.8125,0.0625,0.125,0.0,0.0,0.0,0.0,0.0,0.0,0.0,0.0
1,0,0.8125,0.0625,0.125,0.0,0.0,0.0,0.0,0.0,0.0,0.0,0.0
1,0,0.8125,0.0625,0.125,0.0,0.0,0.0,0.0,0.0,0.0,0.0,0.0
1,0,0.8125,0.0625,0.125,0.0,0.0,0.0,0.0,0.0,0.0,0.0,0.0
1,0,0.8125,0.0625,0.125,0.0,0.0,0.0,0.0,0.0,0.0,0.0,0.0
1,0,0.875,0.0,0.125,0.0,0.0,0.0,0.0,0.0,0.0,0.0,0.0
1,0,0.875,0.0,0.125,0.0,0.0,0.0,0.0,0.0,0.0,0.0,0.0
1,0,0.875,0.0,0.125,0.0,0.0,0.0,0.0,0.0,0.0,0.0,0.0
1,0,0.875,0.0,0.125,0.0,0.0,0.0,0.0,0.0,0.0,0.0,0.0
1,0,0.875,0.0,0.125,0.0,0.0,0.0,0.0,0.0,0.0,0.0,0.0
1,0,0.875,0.0,0.125,0.0,0.0,0.0,0.0,0.0,0.0,0.0,0.0
1,0,0.875,0.0,0.125,0.0,0.0,0.0,0.0,0.0,0.0,0.0,0.0
1,0,0.875,0.0,0.125,0.0,0.0,0.0,0.0,0.0,0.0,0.0,0.0
1,0,0.875,0.0,0.125,0.0,0.0,0.0,0.0,0.0,0.0,0.0,0.0
1,0,0.875,0.0,0.125,0.0,0.0,0.0,0.0,0.0,0.0,0.0,0.0
1,0,0.875,0.0,0.125,0.0,0.0,0.0,0.0,0.0,0.0,0.0,0.0
1,0,0.875,0.0,0.125,0.0,0.0,0.0,0.0,0.0,0.0,0.0,0.0
1,0,0.875,0.0,0.125,0.0,0.0,0.0,0.0,0.0,0.0,0.0,0.0
1,0,0.875,0.0,0.125,0.0,0.0,0.0,0.0,0.0,0.0,0.0,0.0
1,0,0.875,0.0,0.125,0.0,0.0,0.0,0.0,0.0,0.0,0.0,0.0
1,0,0.875,0.0,0.125,0.0,0.0,0.0,0.0,0.0,0.0,0.0,0.0
1,0,0.875,0.0,0.125,0.0,0.0,0.0,0.0,0.0,0.0,0.0,0.0
1,0,0.875,0.0,0.125,0.0,0.0,0.0,0.0,0.0,0.0,0.0,0.0
1,0,0.875,0.0,0.125,0.0,0.0,0.0,0.0,0.0,0.0,0.0,0.0
1,0,0.875,0.0,0.125,0.0,0.0,0.0,0.0,0.0,0.0,0.0,0.0
1,0,0.875,0.0,0.125,0.0,0.0,0.0,0.0,0.0,0.0,0.0,0.0
1,0,0.875,0.0,0.125,0.0,0.0,0.0,0.0,0.0,0.0,0.0,0.0
1,0,0.875,0.0,0.125,0.0,0.0,0.0,0.0,0.0,0.0,0.0,0.0
1,0,0.875,0.0,0.125,0.0,0.0,0.0,0.0,0.0,0.0,0.0,0.0
1,0,0.875,0.0,0.125,0.0,0.0,0.0,0.0,0.0,0.0,0.0,0.0
1,0,0.875,0.0,0.125,0.0,0.0,0.0,0.0,0.0,0.0,0.0,0.0
1,0,0.875,0.0,0.125,0.0,0.0,0.0,0.0,0.0,0.0,0.0,0.0
1,0,0.875,0.0,0.125,0.0,0.0,0.0,0.0,0.0,0.0,0.0,0.0
1,0,0.875,0.0,0.125,0.0,0.0,0.0,0.0,0.0,0.0,0.0,0.0
1,0,0.875,0.0,0.125,0.0,0.0,0.0,0.0,0.0,0.0,0.0,0.0
1,0,0.875,0.0,0.125,0.0,0.0,0.0,0.0,0.0,0.0,0.0,0.0
1,0,0.875,0.0,0.125,0.0,0.0,0.0,0.0,0.0,0.0,0.0,0.0
1,0,0.875,0.0,0.125,0.0,0.0,0.0,0.0,0.0,0.0,0.0,0.0
1,0,0.875,0.0,0.125,0.0,0.0,0.0,0.0,0.0,0.0,0.0,0.0
1,0,0.875,0.0,0.125,0.0,0.0,0.0,0.0,0.0,0.0,0.0,0.0
1,0,0.875,0.0,0.125,0.0,0.0,0.0,0.0,0.0,0.0,0.0,0.0
1,0,0.875,0.0,0.125,0.0,0.0,0.0,0.0,0.0,0.0,0.0,0.0
1,0,0.875,0.0,0.125,0.0,0.0,0.0,0.0,0.0,0.0,0.0,0.0
1,0,0.875,0.0,0.125,0.0,0.0,0.0,0.0,0.0,0.0,0.0,0.0
1,0,0.9375,0.0,0.0625,0.0,0.0,0.0,0.0,0.0,0.0,0.0,0.0
1,0,0.9375,0.0,0.0625,0.0,0.0,0.0,0.0,0.0,0.0,0.0,0.0
1,0,0.9375,0.0,0.0625,0.0,0.0,0.0,0.0,0.0,0.0,0.0,0.0
1,0,0.9375,0.0,0.0625,0.0,0.0,0.0,0.0,0.0,0.0,0.0,0.0
1,0,0.9375,0.0,0.0625,0.0,0.0,0.0,0.0,0.0,0.0,0.0,0.0
1,0,0.9375,0.0,0.0625,0.0,0.0,0.0,0.0,0.0,0.0,0.0,0.0
1,0,0.9375,0.0,0.0625,0.0,0.0,0.0,0.0,0.0,0.0,0.0,0.0
1,0,0.9375,0.0,0.0625,0.0,0.0,0.0,0.0,0.0,0.0,0.0,0.0
1,0,0.9375,0.0,0.0625,0.0,0.0,0.0,0.0,0.0,0.0,0.0,0.0
1,0,0.9375,0.0,0.0625,0.0,0.0,0.0,0.0,0.0,0.0,0.0,0.0
1,0,0.9375,0.0,0.0625,0.0,0.0,0.0,0.0,0.0,0.0,0.0,0.0
1,0,0.9375,0.0,0.0625,0.0,0.0,0.0,0.0,0.0,0.0,0.0,0.0
1,0,0.9375,0.0,0.0625,0.0,0.0,0.0,0.0,0.0,0.0,0.0,0.0
1,0,0.9375,0.0,0.0625,0.0,0.0,0.0,0.0,0.0,0.0,0.0,0.0
1,0,0.9375,0.0,0.0625,0.0,0.0,0.0,0.0,0.0,0.0,0.0,0.0
1,0,0.9375,0.0,0.0625,0.0,0.0,0.0,0.0,0.0,0.0,0.0,0.0
1,0,0.9375,0.0,0.0625,0.0,0.0,0.0,0.0,0.0,0.0,0.0,0.0
1,0,0.9375,0.0,0.0625,0.0,0.0,0.0,0.0,0.0,0.0,0.0,0.0
1,0,0.9375,0.0,0.0625,0.0,0.0,0.0,0.0,0.0,0.0,0.0,0.0
1,0,0.9375,0.0,0.0625,0.0,0.0,0.0,0.0,0.0,0.0,0.0,0.0
1,0,0.9375,0.0,0.0625,0.0,0.0,0.0,0.0,0.0,0.0,0.0,0.0
1,0,0.9375,0.0,0.0625,0.0,0.0,0.0,0.0,0.0,0.0,0.0,0.0
1,0,0.9375,0.0,0.0625,0.0,0.0,0.0,0.0,0.0,0.0,0.0,0.0
1,0,0.9375,0.0,0.0625,0.0,0.0,0.0,0.0,0.0,0.0,0.0,0.0
1,0,0.9375,0.0,0.0625,0.0,0.0,0.0,0.0,0.0,0.0,0.0,0.0
1,0,0.9375,0.0,0.0625,0.0,0.0,0.0,0.0,0.0,0.0,0.0,0.0
1,0,0.9375,0.0,0.0625,0.0,0.0,0.0,0.0,0.0,0.0,0.0,0.0
1,0,0.9375,0.0,0.0625,0.0,0.0,0.0,0.0,0.0,0.0,0.0,0.0
1,0,0.9375,0.0,0.0625,0.0,0.0,0.0,0.0,0.0,0.0,0.0,0.0
1,0,0.9375,0.0,0.0625,0.0,0.0,0.0,0.0,0.0,0.0,0.0,0.0
1,0,0.9375,0.0,0.0625,0.0,0.0,0.0,0.0,0.0,0.0,0.0,0.0
1,0,0.9375,0.0,0.0625,0.0,0.0,0.0,0.0,0.0,0.0,0.0,0.0
1,0,0.9375,0.0,0.0625,0.0,0.0,0.0,0.0,0.0,0.0,0.0,0.0
1,0,0.9375,0.0,0.0625,0.0,0.0,0.0,0.0,0.0,0.0,0.0,0.0
1,0,0.9375,0.0,0.0625,0.0,0.0,0.0,0.0,0.0,0.0,0.0,0.0
1,0,0.9375,0.0,0.0625,0.0,0.0,0.0,0.0,0.0,0.0,0.0,0.0
1,0,0.9375,0.0,0.0625,0.0,0.0,0.0,0.0,0.0,0.0,0.0,0.0
1,0,0.9375,0.0,0.0625,0.0,0.0,0.0,0.0,0.0,0.0,0.0,0.0
1,0,0.9375,0.0,0.0625,0.0,0.0,0.0,0.0,0.0,0.0,0.0,0.0
1,0,0.9375,0.0,0.0625,0.0,0.0,0.0,0.0,0.0,0.0,0.0,0.0
1,0,0.9375,0.0,0.0625,0.0,0.0,0.0,0.0,0.0,0.0,0.0,0.0
1,0,0.9375,0.0,0.0625,0.0,0.0,0.0,0.0,0.0,0.0,0.0,0.0
1,0,0.9375,0.0,0.0625,0.0,0.0,0.0,0.0,0.0,0.0,0.0,0.0
1,0,0.9375,0.0,0.0625,0.0,0.0,0.0,0.0,0.0,0.0,0.0,0.0
1,0,0.9375,0.0,0.0625,0.0,0.0,0.0,0.0,0.0,0.0,0.0,0.0
1,0,0.9375,0.0,0.0625,0.0,0.0,0.0,0.0,0.0,0.0,0.0,0.0
1,0,0.9375,0.0,0.0625,0.0,0.0,0.0,0.0,0.0,0.0,0.0,0.0
1,0,0.9375,0.0,0.0625,0.0,0.0,0.0,0.0,0.0,0.0,0.0,0.0
1,0,0.9375,0.0,0.0625,0.0,0.0,0.0,0.0,0.0,0.0,0.0,0.0
1,0,0.9375,0.0,0.0625,0.0,0.0,0.0,0.0,0.0,0.0,0.0,0.0
1,0,0.9375,0.0,0.0625,0.0,0.0,0.0,0.0,0.0,0.0,0.0,0.0
1,0,0.9375,0.0,0.0625,0.0,0.0,0.0,0.0,0.0,0.0,0.0,0.0
1,0,0.9375,0.0,0.0625,0.0,0.0,0.0,0.0,0.0,0.0,0.0,0.0
1,0,0.9375,0.0,0.0625,0.0,0.0,0.0,0.0,0.0,0.0,0.0,0.0
1,0,0.9375,0.0,0.0625,0.0,0.0,0.0,0.0,0.0,0.0,0.0,0.0
1,0,0.9375,0.0,0.0625,0.0,0.0,0.0,0.0,0.0,0.0,0.0,0.0
1,0,0.9375,0.0,0.0625,0.0,0.0,0.0,0.0,0.0,0.0,0.0,0.0
1,0,0.9375,0.0,0.0625,0.0,0.0,0.0,0.0,0.0,0.0,0.0,0.0
1,0,0.9375,0.0,0.0625,0.0,0.0,0.0,0.0,0.0,0.0,0.0,0.0
1,0,0.9375,0.0,0.0625,0.0,0.0,0.0,0.0,0.0,0.0,0.0,0.0
1,0,0.9375,0.0,0.0625,0.0,0.0,0.0,0.0,0.0,0.0,0.0,0.0
1,0,0.9375,0.0,0.0625,0.0,0.0,0.0,0.0,0.0,0.0,0.0,0.0
1,0,0.9375,0.0,0.0625,0.0,0.0,0.0,0.0,0.0,0.0,0.0,0.0
1,0,0.9375,0.0,0.0625,0.0,0.0,0.0,0.0,0.0,0.0,0.0,0.0
1,0,0.9375,0.0,0.0625,0.0,0.0,0.0,0.0,0.0,0.0,0.0,0.0
1,0,0.9375,0.0,0.0625,0.0,0.0,0.0,0.0,0.0,0.0,0.0,0.0
1,0,0.9375,0.0,0.0625,0.0,0.0,0.0,0.0,0.0,0.0,0.0,0.0
1,0,0.9375,0.0,0.0625,0.0,0.0,0.0,0.0,0.0,0.0,0.0,0.0
1,0,0.9375,0.0,0.0625,0.0,0.0,0.0,0.0,0.0,0.0,0.0,0.0
1,0,0.9375,0.0,0.0625,0.0,0.0,0.0,0.0,0.0,0.0,0.0,0.0
1,0,0.9375,0.0,0.0625,0.0,0.0,0.0,0.0,0.0,0.0,0.0,0.0
1,0,0.9375,0.0,0.0625,0.0,0.0,0.0,0.0,0.0,0.0,0.0,0.0
1,0,0.9375,0.0,0.0625,0.0,0.0,0.0,0.0,0.0,0.0,0.0,0.0
1,0,0.9375,0.0,0.0625,0.0,0.0,0.0,0.0,0.0,0.0,0.0,0.0
1,0,0.9375,0.0,0.0625,0.0,0.0,0.0,0.0,0.0,0.0,0.0,0.0
1,0,0.9375,0.0,0.0625,0.0,0.0,0.0,0.0,0.0,0.0,0.0,0.0
1,0,0.9375,0.0,0.0625,0.0,0.0,0.0,0.0,0.0,0.0,0.0,0.0
1,0,0.9375,0.0,0.0625,0.0,0.0,0.0,0.0,0.0,0.0,0.0,0.0
1,0,0.9375,0.0,0.0625,0.0,0.0,0.0,0.0,0.0,0.0,0.0,0.0
1,0,0.9375,0.0,0.0625,0.0,0.0,0.0,0.0,0.0,0.0,0.0,0.0
1,0,0.9375,0.0,0.0625,0.0,0.0,0.0,0.0,0.0,0.0,0.0,0.0
1,0,0.9375,0.0,0.0625,0.0,0.0,0.0,0.0,0.0,0.0,0.0,0.0
1,0,0.9375,0.0,0.0625,0.0,0.0,0.0,0.0,0.0,0.0,0.0,0.0
1,0,0.9375,0.0,0.0625,0.0,0.0,0.0,0.0,0.0,0.0,0.0,0.0
1,0,0.9375,0.0,0.0625,0.0,0.0,0.0,0.0,0.0,0.0,0.0,0.0
1,0,0.9375,0.0,0.0625,0.0,0.0,0.0,0.0,0.0,0.0,0.0,0.0
1,0,0.9375,0.0,0.0625,0.0,0.0,0.0,0.0,0.0,0.0,0.0,0.0
1,0,0.9375,0.0,0.0625,0.0,0.0,0.0,0.0,0.0,0.0,0.0,0.0
1,0,0.9375,0.0,0.0625,0.0,0.0,0.0,0.0,0.0,0.0,0.0,0.0
1,0,0.9375,0.0,0.0625,0.0,0.0,0.0,0.0,0.0,0.0,0.0,0.0
1,0,0.9375,0.0,0.0625,0.0,0.0,0.0,0.0,0.0,0.0,0.0,0.0
1,0,0.9375,0.0,0.0625,0.0,0.0,0.0,0.0,0.0,0.0,0.0,0.0
1,0,0.9375,0.0,0.0625,0.0,0.0,0.0,0.0,0.0,0.0,0.0,0.0
1,0,0.9375,0.0,0.0625,0.0,0.0,0.0,0.0,0.0,0.0,0.0,0.0
1,0,0.9375,0.0,0.0625,0.0,0.0,0.0,0.0,0.0,0.0,0.0,0.0
1,0,0.9375,0.0,0.0625,0.0,0.0,0.0,0.0,0.0,0.0,0.0,0.0
1,0,0.9375,0.0,0.0625,0.0,0.0,0.0,0.0,0.0,0.0,0.0,0.0
1,0,0.9375,0.0,0.0625,0.0,0.0,0.0,0.0,0.0,0.0,0.0,0.0
1,0,0.9375,0.0,0.0625,0.0,0.0,0.0,0.0,0.0,0.0,0.0,0.0
1,0,0.9375,0.0,0.0625,0.0,0.0,0.0,0.0,0.0,0.0,0.0,0.0
1,0,0.9375,0.0,0.0625,0.0,0.0,0.0,0.0,0.0,0.0,0.0,0.0
1,0,0.9375,0.0,0.0625,0.0,0.0,0.0,0.0,0.0,0.0,0.0,0.0
1,0,0.9375,0.0,0.0625,0.0,0.0,0.0,0.0,0.0,0.0,0.0,0.0
1,0,1.0,0.0,0.0,0.0,0.0,0.0,0.0,0.0,0.0,0.0,0.0
1,0,1.0,0.0,0.0,0.0,0.0,0.0,0.0,0.0,0.0,0.0,0.0
1,0,1.0,0.0,0.0,0.0,0.0,0.0,0.0,0.0,0.0,0.0,0.0
1,0,1.0,0.0,0.0,0.0,0.0,0.0,0.0,0.0,0.0,0.0,0.0
1,0,1.0,0.0,0.0,0.0,0.0,0.0,0.0,0.0,0.0,0.0,0.0
1,0,1.0,0.0,0.0,0.0,0.0,0.0,0.0,0.0,0.0,0.0,0.0
1,0,1.0,0.0,0.0,0.0,0.0,0.0,0.0,0.0,0.0,0.0,0.0
1,0,1.0,0.0,0.0,0.0,0.0,0.0,0.0,0.0,0.0,0.0,0.0
1,0,1.0,0.0,0.0,0.0,0.0,0.0,0.0,0.0,0.0,0.0,0.0
1,0,1.0,0.0,0.0,0.0,0.0,0.0,0.0,0.0,0.0,0.0,0.0
1,0,1.0,0.0,0.0,0.0,0.0,0.0,0.0,0.0,0.0,0.0,0.0
1,0,1.0,0.0,0.0,0.0,0.0,0.0,0.0,0.0,0.0,0.0,0.0
1,0,1.0,0.0,0.0,0.0,0.0,0.0,0.0,0.0,0.0,0.0,0.0
1,0,1.0,0.0,0.0,0.0,0.0,0.0,0.0,0.0,0.0,0.0,0.0
1,0,1.0,0.0,0.0,0.0,0.0,0.0,0.0,0.0,0.0,0.0,0.0
1,0,1.0,0.0,0.0,0.0,0.0,0.0,0.0,0.0,0.0,0.0,0.0
1,0,1.0,0.0,0.0,0.0,0.0,0.0,0.0,0.0,0.0,0.0,0.0
1,0,1.0,0.0,0.0,0.0,0.0,0.0,0.0,0.0,0.0,0.0,0.0
1,0,1.0,0.0,0.0,0.0,0.0,0.0,0.0,0.0,0.0,0.0,0.0
1,0,1.0,0.0,0.0,0.0,0.0,0.0,0.0,0.0,0.0,0.0,0.0
1,0,1.0,0.0,0.0,0.0,0.0,0.0,0.0,0.0,0.0,0.0,0.0
1,0,1.0,0.0,0.0,0.0,0.0,0.0,0.0,0.0,0.0,0.0,0.0
1,0,1.0,0.0,0.0,0.0,0.0,0.0,0.0,0.0,0.0,0.0,0.0
1,0,1.0,0.0,0.0,0.0,0.0,0.0,0.0,0.0,0.0,0.0,0.0
1,0,1.0,0.0,0.0,0.0,0.0,0.0,0.0,0.0,0.0,0.0,0.0
1,0,1.0,0.0,0.0,0.0,0.0,0.0,0.0,0.0,0.0,0.0,0.0
1,0,1.0,0.0,0.0,0.0,0.0,0.0,0.0,0.0,0.0,0.0,0.0
1,0,1.0,0.0,0.0,0.0,0.0,0.0,0.0,0.0,0.0,0.0,0.0
1,0,1.0,0.0,0.0,0.0,0.0,0.0,0.0,0.0,0.0,0.0,0.0
1,0,1.0,0.0,0.0,0.0,0.0,0.0,0.0,0.0,0.0,0.0,0.0
1,0,1.0,0.0,0.0,0.0,0.0,0.0,0.0,0.0,0.0,0.0,0.0
1,0,1.0,0.0,0.0,0.0,0.0,0.0,0.0,0.0,0.0,0.0,0.0
1,0,1.0,0.0,0.0,0.0,0.0,0.0,0.0,0.0,0.0,0.0,0.0
1,0,1.0,0.0,0.0,0.0,0.0,0.0,0.0,0.0,0.0,0.0,0.0
1,0,1.0,0.0,0.0,0.0,0.0,0.0,0.0,0.0,0.0,0.0,0.0
1,0,1.0,0.0,0.0,0.0,0.0,0.0,0.0,0.0,0.0,0.0,0.0
1,0,1.0,0.0,0.0,0.0,0.0,0.0,0.0,0.0,0.0,0.0,0.0
1,0,1.0,0.0,0.0,0.0,0.0,0.0,0.0,0.0,0.0,0.0,0.0
1,0,1.0,0.0,0.0,0.0,0.0,0.0,0.0,0.0,0.0,0.0,0.0
1,0,1.0,0.0,0.0,0.0,0.0,0.0,0.0,0.0,0.0,0.0,0.0
1,0,1.0,0.0,0.0,0.0,0.0,0.0,0.0,0.0,0.0,0.0,0.0
1,0,1.0,0.0,0.0,0.0,0.0,0.0,0.0,0.0,0.0,0.0,0.0
1,0,1.0,0.0,0.0,0.0,0.0,0.0,0.0,0.0,0.0,0.0,0.0
1,0,1.0,0.0,0.0,0.0,0.0,0.0,0.0,0.0,0.0,0.0,0.0
1,0,1.0,0.0,0.0,0.0,0.0,0.0,0.0,0.0,0.0,0.0,0.0
1,0,1.0,0.0,0.0,0.0,0.0,0.0,0.0,0.0,0.0,0.0,0.0
1,0,1.0,0.0,0.0,0.0,0.0,0.0,0.0,0.0,0.0,0.0,0.0
1,0,1.0,0.0,0.0,0.0,0.0,0.0,0.0,0.0,0.0,0.0,0.0
1,0,1.0,0.0,0.0,0.0,0.0,0.0,0.0,0.0,0.0,0.0,0.0
1,0,1.0,0.0,0.0,0.0,0.0,0.0,0.0,0.0,0.0,0.0,0.0
1,0,1.0,0.0,0.0,0.0,0.0,0.0,0.0,0.0,0.0,0.0,0.0
1,0,1.0,0.0,0.0,0.0,0.0,0.0,0.0,0.0,0.0,0.0,0.0
1,0,1.0,0.0,0.0,0.0,0.0,0.0,0.0,0.0,0.0,0.0,0.0
1,0,1.0,0.0,0.0,0.0,0.0,0.0,0.0,0.0,0.0,0.0,0.0
1,0,1.0,0.0,0.0,0.0,0.0,0.0,0.0,0.0,0.0,0.0,0.0
1,0,1.0,0.0,0.0,0.0,0.0,0.0,0.0,0.0,0.0,0.0,0.0
1,0,1.0,0.0,0.0,0.0,0.0,0.0,0.0,0.0,0.0,0.0,0.0
1,0,1.0,0.0,0.0,0.0,0.0,0.0,0.0,0.0,0.0,0.0,0.0
1,0,1.0,0.0,0.0,0.0,0.0,0.0,0.0,0.0,0.0,0.0,0.0
1,0,1.0,0.0,0.0,0.0,0.0,0.0,0.0,0.0,0.0,0.0,0.0
1,0,1.0,0.0,0.0,0.0,0.0,0.0,0.0,0.0,0.0,0.0,0.0
1,0,1.0,0.0,0.0,0.0,0.0,0.0,0.0,0.0,0.0,0.0,0.0
1,0,1.0,0.0,0.0,0.0,0.0,0.0,0.0,0.0,0.0,0.0,0.0
1,0,1.0,0.0,0.0,0.0,0.0,0.0,0.0,0.0,0.0,0.0,0.0
1,0,1.0,0.0,0.0,0.0,0.0,0.0,0.0,0.0,0.0,0.0,0.0
1,0,1.0,0.0,0.0,0.0,0.0,0.0,0.0,0.0,0.0,0.0,0.0
1,0,1.0,0.0,0.0,0.0,0.0,0.0,0.0,0.0,0.0,0.0,0.0
1,0,1.0,0.0,0.0,0.0,0.0,0.0,0.0,0.0,0.0,0.0,0.0
1,0,1.0,0.0,0.0,0.0,0.0,0.0,0.0,0.0,0.0,0.0,0.0
1,0,1.0,0.0,0.0,0.0,0.0,0.0,0.0,0.0,0.0,0.0,0.0
1,0,1.0,0.0,0.0,0.0,0.0,0.0,0.0,0.0,0.0,0.0,0.0
1,0,1.0,0.0,0.0,0.0,0.0,0.0,0.0,0.0,0.0,0.0,0.0
1,0,1.0,0.0,0.0,0.0,0.0,0.0,0.0,0.0,0.0,0.0,0.0
1,0,1.0,0.0,0.0,0.0,0.0,0.0,0.0,0.0,0.0,0.0,0.0
1,0,1.0,0.0,0.0,0.0,0.0,0.0,0.0,0.0,0.0,0.0,0.0
1,0,1.0,0.0,0.0,0.0,0.0,0.0,0.0,0.0,0.0,0.0,0.0
1,0,1.0,0.0,0.0,0.0,0.0,0.0,0.0,0.0,0.0,0.0,0.0
1,0,1.0,0.0,0.0,0.0,0.0,0.0,0.0,0.0,0.0,0.0,0.0
1,0,1.0,0.0,0.0,0.0,0.0,0.0,0.0,0.0,0.0,0.0,0.0
1,0,1.0,0.0,0.0,0.0,0.0,0.0,0.0,0.0,0.0,0.0,0.0
1,0,1.0,0.0,0.0,0.0,0.0,0.0,0.0,0.0,0.0,0.0,0.0
1,0,1.0,0.0,0.0,0.0,0.0,0.0,0.0,0.0,0.0,0.0,0.0
1,0,1.0,0.0,0.0,0.0,0.0,0.0,0.0,0.0,0.0,0.0,0.0
1,0,1.0,0.0,0.0,0.0,0.0,0.0,0.0,0.0,0.0,0.0,0.0
1,0,1.0,0.0,0.0,0.0,0.0,0.0,0.0,0.0,0.0,0.0,0.0
1,0,1.0,0.0,0.0,0.0,0.0,0.0,0.0,0.0,0.0,0.0,0.0
1,0,1.0,0.0,0.0,0.0,0.0,0.0,0.0,0.0,0.0,0.0,0.0
1,0,1.0,0.0,0.0,0.0,0.0,0.0,0.0,0.0,0.0,0.0,0.0
1,0,1.0,0.0,0.0,0.0,0.0,0.0,0.0,0.0,0.0,0.0,0.0
1,0,1.0,0.0,0.0,0.0,0.0,0.0,0.0,0.0,0.0,0.0,0.0
1,0,1.0,0.0,0.0,0.0,0.0,0.0,0.0,0.0,0.0,0.0,0.0
1,0,1.0,0.0,0.0,0.0,0.0,0.0,0.0,0.0,0.0,0.0,0.0
1,0,1.0,0.0,0.0,0.0,0.0,0.0,0.0,0.0,0.0,0.0,0.0
1,0,1.0,0.0,0.0,0.0,0.0,0.0,0.0,0.0,0.0,0.0,0.0
1,0,1.0,0.0,0.0,0.0,0.0,0.0,0.0,0.0,0.0,0.0,0.0
1,0,1.0,0.0,0.0,0.0,0.0,0.0,0.0,0.0,0.0,0.0,0.0
1,0,1.0,0.0,0.0,0.0,0.0,0.0,0.0,0.0,0.0,0.0,0.0
1,0,1.0,0.0,0.0,0.0,0.0,0.0,0.0,0.0,0.0,0.0,0.0
1,0,1.0,0.0,0.0,0.0,0.0,0.0,0.0,0.0,0.0,0.0,0.0
1,0,1.0,0.0,0.0,0.0,0.0,0.0,0.0,0.0,0.0,0.0,0.0
1,0,1.0,0.0,0.0,0.0,0.0,0.0,0.0,0.0,0.0,0.0,0.0
1,0,1.0,0.0,0.0,0.0,0.0,0.0,0.0,0.0,0.0,0.0,0.0
1,0,1.0,0.0,0.0,0.0,0.0,0.0,0.0,0.0,0.0,0.0,0.0
1,0,1.0,0.0,0.0,0.0,0.0,0.0,0.0,0.0,0.0,0.0,0.0
1,0,1.0,0.0,0.0,0.0,0.0,0.0,0.0,0.0,0.0,0.0,0.0
1,0,1.0,0.0,0.0,0.0,0.0,0.0,0.0,0.0,0.0,0.0,0.0
1,0,1.0,0.0,0.0,0.0,0.0,0.0,0.0,0.0,0.0,0.0,0.0
1,0,1.0,0.0,0.0,0.0,0.0,0.0,0.0,0.0,0.0,0.0,0.0
1,0,1.0,0.0,0.0,0.0,0.0,0.0,0.0,0.0,0.0,0.0,0.0
1,0,1.0,0.0,0.0,0.0,0.0,0.0,0.0,0.0,0.0,0.0,0.0
1,0,1.0,0.0,0.0,0.0,0.0,0.0,0.0,0.0,0.0,0.0,0.0
1,0,1.0,0.0,0.0,0.0,0.0,0.0,0.0,0.0,0.0,0.0,0.0
1,0,1.0,0.0,0.0,0.0,0.0,0.0,0.0,0.0,0.0,0.0,0.0
1,0,1.0,0.0,0.0,0.0,0.0,0.0,0.0,0.0,0.0,0.0,0.0
1,0,1.0,0.0,0.0,0.0,0.0,0.0,0.0,0.0,0.0,0.0,0.0
1,0,1.0,0.0,0.0,0.0,0.0,0.0,0.0,0.0,0.0,0.0,0.0
1,0,1.0,0.0,0.0,0.0,0.0,0.0,0.0,0.0,0.0,0.0,0.0
1,0,1.0,0.0,0.0,0.0,0.0,0.0,0.0,0.0,0.0,0.0,0.0
1,0,1.0,0.0,0.0,0.0,0.0,0.0,0.0,0.0,0.0,0.0,0.0
1,0,1.0,0.0,0.0,0.0,0.0,0.0,0.0,0.0,0.0,0.0,0.0
1,0,1.0,0.0,0.0,0.0,0.0,0.0,0.0,0.0,0.0,0.0,0.0
1,0,1.0,0.0,0.0,0.0,0.0,0.0,0.0,0.0,0.0,0.0,0.0
1,0,1.0,0.0,0.0,0.0,0.0,0.0,0.0,0.0,0.0,0.0,0.0
1,0,1.0,0.0,0.0,0.0,0.0,0.0,0.0,0.0,0.0,0.0,0.0
1,0,1.0,0.0,0.0,0.0,0.0,0.0,0.0,0.0,0.0,0.0,0.0
1,0,1.0,0.0,0.0,0.0,0.0,0.0,0.0,0.0,0.0,0.0,0.0
1,0,1.0,0.0,0.0,0.0,0.0,0.0,0.0,0.0,0.0,0.0,0.0
1,0,1.0,0.0,0.0,0.0,0.0,0.0,0.0,0.0,0.0,0.0,0.0
1,0,1.0,0.0,0.0,0.0,0.0,0.0,0.0,0.0,0.0,0.0,0.0
1,0,1.0,0.0,0.0,0.0,0.0,0.0,0.0,0.0,0.0,0.0,0.0
1,0,1.0,0.0,0.0,0.0,0.0,0.0,0.0,0.0,0.0,0.0,0.0
1,0,1.0,0.0,0.0,0.0,0.0,0.0,0.0,0.0,0.0,0.0,0.0
1,0,1.0,0.0,0.0,0.0,0.0,0.0,0.0,0.0,0.0,0.0,0.0
1,0,1.0,0.0,0.0,0.0,0.0,0.0,0.0,0.0,0.0,0.0,0.0
1,0,1.0,0.0,0.0,0.0,0.0,0.0,0.0,0.0,0.0,0.0,0.0
1,0,1.0,0.0,0.0,0.0,0.0,0.0,0.0,0.0,0.0,0.0,0.0
1,0,1.0,0.0,0.0,0.0,0.0,0.0,0.0,0.0,0.0,0.0,0.0
1,0,1.0,0.0,0.0,0.0,0.0,0.0,0.0,0.0,0.0,0.0,0.0
1,0,1.0,0.0,0.0,0.0,0.0,0.0,0.0,0.0,0.0,0.0,0.0
1,0,1.0,0.0,0.0,0.0,0.0,0.0,0.0,0.0,0.0,0.0,0.0
1,0,1.0,0.0,0.0,0.0,0.0,0.0,0.0,0.0,0.0,0.0,0.0
1,0,1.0,0.0,0.0,0.0,0.0,0.0,0.0,0.0,0.0,0.0,0.0
1,0,1.0,0.0,0.0,0.0,0.0,0.0,0.0,0.0,0.0,0.0,0.0
1,0,1.0,0.0,0.0,0.0,0.0,0.0,0.0,0.0,0.0,0.0,0.0
1,0,1.0,0.0,0.0,0.0,0.0,0.0,0.0,0.0,0.0,0.0,0.0
1,0,1.0,0.0,0.0,0.0,0.0,0.0,0.0,0.0,0.0,0.0,0.0
1,0,1.0,0.0,0.0,0.0,0.0,0.0,0.0,0.0,0.0,0.0,0.0
1,0,1.0,0.0,0.0,0.0,0.0,0.0,0.0,0.0,0.0,0.0,0.0
1,0,1.0,0.0,0.0,0.0,0.0,0.0,0.0,0.0,0.0,0.0,0.0
1,0,1.0,0.0,0.0,0.0,0.0,0.0,0.0,0.0,0.0,0.0,0.0
1,0,1.0,0.0,0.0,0.0,0.0,0.0,0.0,0.0,0.0,0.0,0.0
1,0,1.0,0.0,0.0,0.0,0.0,0.0,0.0,0.0,0.0,0.0,0.0
1,0,1.0,0.0,0.0,0.0,0.0,0.0,0.0,0.0,0.0,0.0,0.0
1,0,1.0,0.0,0.0,0.0,0.0,0.0,0.0,0.0,0.0,0.0,0.0
1,0,1.0,0.0,0.0,0.0,0.0,0.0,0.0,0.0,0.0,0.0,0.0
1,0,1.0,0.0,0.0,0.0,0.0,0.0,0.0,0.0,0.0,0.0,0.0
1,0,1.0,0.0,0.0,0.0,0.0,0.0,0.0,0.0,0.0,0.0,0.0
1,0,1.0,0.0,0.0,0.0,0.0,0.0,0.0,0.0,0.0,0.0,0.0
1,0,1.0,0.0,0.0,0.0,0.0,0.0,0.0,0.0,0.0,0.0,0.0
1,0,1.0,0.0,0.0,0.0,0.0,0.0,0.0,0.0,0.0,0.0,0.0
1,0,1.0,0.0,0.0,0.0,0.0,0.0,0.0,0.0,0.0,0.0,0.0
1,0,1.0,0.0,0.0,0.0,0.0,0.0,0.0,0.0,0.0,0.0,0.0
1,0,1.0,0.0,0.0,0.0,0.0,0.0,0.0,0.0,0.0,0.0,0.0
1,0,1.0,0.0,0.0,0.0,0.0,0.0,0.0,0.0,0.0,0.0,0.0
1,0,1.0,0.0,0.0,0.0,0.0,0.0,0.0,0.0,0.0,0.0,0.0
1,0,1.0,0.0,0.0,0.0,0.0,0.0,0.0,0.0,0.0,0.0,0.0
1,0,1.0,0.0,0.0,0.0,0.0,0.0,0.0,0.0,0.0,0.0,0.0
1,0,1.0,0.0,0.0,0.0,0.0,0.0,0.0,0.0,0.0,0.0,0.0
1,0,0.8666667,0.06666667,0.0,0.0,0.0,0.0,0.06666667,0.0,0.0,0.0,0.0
1,0,0.8666667,0.06666667,0.0,0.0,0.0,0.0,0.06666667,0.0,0.0,0.0,0.0
1,0,0.8666667,0.06666667,0.0,0.0,0.0,0.0,0.06666667,0.0,0.0,0.0,0.0
1,0,0.8666667,0.06666667,0.0,0.0,0.0,0.0,0.06666667,0.0,0.0,0.0,0.0
1,0,0.8666667,0.06666667,0.0,0.0,0.0,0.0,0.06666667,0.0,0.0,0.0,0.0
1,0,0.8666667,0.06666667,0.0,0.0,0.0,0.0,0.06666667,0.0,0.0,0.0,0.0
1,0,0.8666667,0.06666667,0.0,0.0,0.0,0.0,0.06666667,0.0,0.0,0.0,0.0
1,0,0.8666667,0.06666667,0.0,0.0,0.0,0.0,0.06666667,0.0,0.0,0.0,0.0
1,0,0.8666667,0.06666667,0.0,0.0,0.0,0.0,0.06666667,0.0,0.0,0.0,0.0
1,0,0.8666667,0.06666667,0.0,0.0,0.0,0.0,0.06666667,0.0,0.0,0.0,0.0
1,0,0.8,0.06666667,0.06666667,0.0,0.0,0.0,0.06666667,0.0,0.0,0.0,0.0
1,0,0.8,0.06666667,0.06666667,0.0,0.0,0.0,0.06666667,0.0,0.0,0.0,0.0
1,0,0.8,0.06666667,0.06666667,0.0,0.0,0.0,0.06666667,0.0,0.0,0.0,0.0
1,0,0.8,0.06666667,0.06666667,0.0,0.0,0.0,0.06666667,0.0,0.0,0.0,0.0
1,0,0.8,0.06666667,0.06666667,0.0,0.0,0.0,0.06666667,0.0,0.0,0.0,0.0
1,0,0.8,0.06666667,0.06666667,0.0,0.0,0.0,0.06666667,0.0,0.0,0.0,0.0
1,0,0.8,0.06666667,0.06666667,0.0,0.0,0.0,0.06666667,0.0,0.0,0.0,0.0
1,0,0.8,0.06666667,0.06666667,0.0,0.0,0.0,0.06666667,0.0,0.0,0.0,0.0
1,0,0.8,0.06666667,0.06666667,0.0,0.0,0.0,0.06666667,0.0,0.0,0.0,0.0
1,0,0.8,0.06666667,0.06666667,0.0,0.0,0.0,0.06666667,0.0,0.0,0.0,0.0
1,0,0.8,0.06666667,0.06666667,0.0,0.0,0.0,0.06666667,0.0,0.0,0.0,0.0
1,0,0.8,0.06666667,0.06666667,0.0,0.0,0.0,0.06666667,0.0,0.0,0.0,0.0
1,0,0.8,0.06666667,0.06666667,0.0,0.0,0.0,0.06666667,0.0,0.0,0.0,0.0
1,0,0.8,0.06666667,0.06666667,0.0,0.0,0.0,0.06666667,0.0,0.0,0.0,0.0
1,0,0.8,0.06666667,0.06666667,0.0,0.0,0.0,0.06666667,0.0,0.0,0.0,0.0
1,0,0.8,0.06666667,0.06666667,0.0,0.0,0.0,0.06666667,0.0,0.0,0.0,0.0
1,0,0.78571427,0.071428575,0.071428575,0.0,0.0,0.0,0.071428575,0.0,0.0,0.0,0.0
1,0,0.78571427,0.071428575,0.071428575,0.0,0.0,0.0,0.071428575,0.0,0.0,0.0,0.0
1,0,0.78571427,0.071428575,0.071428575,0.0,0.0,0.0,0.071428575,0.0,0.0,0.0,0.0
1,0,0.78571427,0.071428575,0.071428575,0.0,0.0,0.0,0.071428575,0.0,0.0,0.0,0.0
1,0,0.78571427,0.071428575,0.071428575,0.0,0.0,0.0,0.071428575,0.0,0.0,0.0,0.0
1,0,0.78571427,0.071428575,0.071428575,0.0,0.0,0.0,0.071428575,0.0,0.0,0.0,0.0
1,0,0.78571427,0.071428575,0.071428575,0.0,0.0,0.0,0.071428575,0.0,0.0,0.0,0.0
1,0,0.78571427,0.071428575,0.071428575,0.0,0.0,0.0,0.071428575,0.0,0.0,0.0,0.0
1,0,0.7692308,0.07692308,0.07692308,0.0,0.0,0.0,0.07692308,0.0,0.0,0.0,0.0
1,0,0.7692308,0.07692308,0.07692308,0.0,0.0,0.0,0.07692308,0.0,0.0,0.0,0.0
1,0,0.7692308,0.07692308,0.07692308,0.0,0.0,0.0,0.07692308,0.0,0.0,0.0,0.0
1,0,0.7692308,0.07692308,0.07692308,0.0,0.0,0.0,0.07692308,0.0,0.0,0.0,0.0
1,0,0.75,0.083333336,0.083333336,0.0,0.0,0.0,0.083333336,0.0,0.0,0.0,0.0
1,0,0.75,0.083333336,0.083333336,0.0,0.0,0.0,0.083333336,0.0,0.0,0.0,0.0
1,0,0.75,0.083333336,0.083333336,0.0,0.0,0.0,0.083333336,0.0,0.0,0.0,0.0
1,0,0.75,0.083333336,0.083333336,0.0,0.0,0.0,0.083333336,0.0,0.0,0.0,0.0
1,0,0.72727275,0.09090909,0.09090909,0.0,0.0,0.0,0.09090909,0.0,0.0,0.0,0.0
1,0,0.72727275,0.09090909,0.09090909,0.0,0.0,0.0,0.09090909,0.0,0.0,0.0,0.0
1,0,0.72727275,0.09090909,0.09090909,0.0,0.0,0.0,0.09090909,0.0,0.0,0.0,0.0
1,0,0.72727275,0.09090909,0.09090909,0.0,0.0,0.0,0.09090909,0.0,0.0,0.0,0.0
1,0,0.72727275,0.09090909,0.09090909,0.0,0.0,0.0,0.09090909,0.0,0.0,0.0,0.0
1,0,0.72727275,0.09090909,0.09090909,0.0,0.0,0.0,0.09090909,0.0,0.0,0.0,0.0
1,0,0.72727275,0.09090909,0.09090909,0.0,0.0,0.0,0.09090909,0.0,0.0,0.0,0.0
1,0,0.72727275,0.09090909,0.09090909,0.0,0.0,0.0,0.09090909,0.0,0.0,0.0,0.0
1,0,0.72727275,0.09090909,0.09090909,0.0,0.0,0.0,0.09090909,0.0,0.0,0.0,0.0
1,0,0.72727275,0.09090909,0.09090909,0.0,0.0,0.0,0.09090909,0.0,0.0,0.0,0.0
1,0,0.72727275,0.09090909,0.09090909,0.0,0.0,0.0,0.09090909,0.0,0.0,0.0,0.0
1,0,0.72727275,0.09090909,0.09090909,0.0,0.0,0.0,0.09090909,0.0,0.0,0.0,0.0
1,0,0.72727275,0.09090909,0.09090909,0.0,0.0,0.0,0.09090909,0.0,0.0,0.0,0.0
1,0,0.72727275,0.09090909,0.09090909,0.0,0.0,0.0,0.09090909,0.0,0.0,0.0,0.0
1,0,0.72727275,0.09090909,0.09090909,0.0,0.0,0.0,0.09090909,0.0,0.0,0.0,0.0
1,0,0.72727275,0.09090909,0.09090909,0.0,0.0,0.0,0.09090909,0.0,0.0,0.0,0.0
1,0,0.72727275,0.09090909,0.09090909,0.0,0.0,0.0,0.09090909,0.0,0.0,0.0,0.0
1,0,0.72727275,0.09090909,0.09090909,0.0,0.0,0.0,0.09090909,0.0,0.0,0.0,0.0
1,0,0.6363636,0.09090909,0.09090909,0.09090909,0.0,0.0,0.09090909,0.0,0.0,0.0,0.0
1,0,0.6363636,0.09090909,0.09090909,0.09090909,0.0,0.0,0.09090909,0.0,0.0,0.0,0.0
1,0,0.6363636,0.09090909,0.09090909,0.09090909,0.0,0.0,0.09090909,0.0,0.0,0.0,0.0
1,0,0.6363636,0.09090909,0.09090909,0.09090909,0.0,0.0,0.09090909,0.0,0.0,0.0,0.0
1,0,0.6363636,0.09090909,0.09090909,0.09090909,0.0,0.0,0.09090909,0.0,0.0,0.0,0.0
1,0,0.6363636,0.09090909,0.09090909,0.09090909,0.0,0.0,0.09090909,0.0,0.0,0.0,0.0
1,0,0.6363636,0.09090909,0.09090909,0.09090909,0.0,0.0,0.09090909,0.0,0.0,0.0,0.0
1,0,0.6363636,0.09090909,0.09090909,0.09090909,0.0,0.0,0.09090909,0.0,0.0,0.0,0.0
1,0,0.6363636,0.09090909,0.09090909,0.09090909,0.0,0.0,0.09090909,0.0,0.0,0.0,0.0
1,0,0.6363636,0.09090909,0.09090909,0.09090909,0.0,0.0,0.09090909,0.0,0.0,0.0,0.0
1,0,0.6363636,0.09090909,0.09090909,0.09090909,0.0,0.0,0.09090909,0.0,0.0,0.0,0.0
1,0,0.6363636,0.09090909,0.09090909,0.09090909,0.0,0.0,0.09090909,0.0,0.0,0.0,0.0
1,0,0.6363636,0.09090909,0.09090909,0.09090909,0.0,0.0,0.09090909,0.0,0.0,0.0,0.0
1,0,0.6363636,0.09090909,0.09090909,0.09090909,0.0,0.0,0.09090909,0.0,0.0,0.0,0.0
1,0,0.6363636,0.09090909,0.09090909,0.09090909,0.0,0.0,0.09090909,0.0,0.0,0.0,0.0
1,0,0.6363636,0.09090909,0.09090909,0.09090909,0.0,0.0,0.09090909,0.0,0.0,0.0,0.0
1,0,0.6363636,0.09090909,0.09090909,0.09090909,0.0,0.0,0.09090909,0.0,0.0,0.0,0.0
1,0,0.6363636,0.09090909,0.09090909,0.09090909,0.0,0.0,0.09090909,0.0,0.0,0.0,0.0
1,0,0.6363636,0.09090909,0.09090909,0.09090909,0.0,0.0,0.09090909,0.0,0.0,0.0,0.0
1,0,0.6363636,0.09090909,0.09090909,0.09090909,0.0,0.0,0.09090909,0.0,0.0,0.0,0.0
1,0,0.6363636,0.09090909,0.09090909,0.09090909,0.0,0.0,0.09090909,0.0,0.0,0.0,0.0
1,0,0.6363636,0.09090909,0.09090909,0.09090909,0.0,0.0,0.09090909,0.0,0.0,0.0,0.0
1,0,0.6363636,0.09090909,0.09090909,0.09090909,0.0,0.0,0.09090909,0.0,0.0,0.0,0.0
1,0,0.6363636,0.09090909,0.09090909,0.09090909,0.0,0.0,0.09090909,0.0,0.0,0.0,0.0
1,0,0.6363636,0.09090909,0.09090909,0.09090909,0.0,0.0,0.09090909,0.0,0.0,0.0,0.0
1,0,0.6363636,0.09090909,0.09090909,0.09090909,0.0,0.0,0.09090909,0.0,0.0,0.0,0.0
1,0,0.6363636,0.09090909,0.09090909,0.09090909,0.0,0.0,0.09090909,0.0,0.0,0.0,0.0
1,0,0.6363636,0.09090909,0.09090909,0.09090909,0.0,0.0,0.09090909,0.0,0.0,0.0,0.0
1,0,0.6363636,0.09090909,0.09090909,0.09090909,0.0,0.0,0.09090909,0.0,0.0,0.0,0.0
1,0,0.6363636,0.09090909,0.09090909,0.09090909,0.0,0.0,0.09090909,0.0,0.0,0.0,0.0
1,0,0.6363636,0.09090909,0.09090909,0.0,0.09090909,0.0,0.09090909,0.0,0.0,0.0,0.0
1,0,0.6363636,0.09090909,0.09090909,0.0,0.09090909,0.0,0.09090909,0.0,0.0,0.0,0.0
1,0,0.6363636,0.09090909,0.09090909,0.0,0.09090909,0.0,0.09090909,0.0,0.0,0.0,0.0
1,0,0.6363636,0.09090909,0.09090909,0.0,0.09090909,0.0,0.09090909,0.0,0.0,0.0,0.0
1,0,0.6363636,0.09090909,0.09090909,0.0,0.09090909,0.0,0.09090909,0.0,0.0,0.0,0.0
1,0,0.6363636,0.09090909,0.09090909,0.0,0.09090909,0.0,0.09090909,0.0,0.0,0.0,0.0
1,0,0.6363636,0.09090909,0.09090909,0.0,0.09090909,0.0,0.09090909,0.0,0.0,0.0,0.0
1,0,0.6363636,0.09090909,0.09090909,0.0,0.09090909,0.0,0.09090909,0.0,0.0,0.0,0.0
1,0,0.6363636,0.09090909,0.09090909,0.0,0.09090909,0.0,0.09090909,0.0,0.0,0.0,0.0
1,0,0.6363636,0.09090909,0.09090909,0.0,0.09090909,0.0,0.09090909,0.0,0.0,0.0,0.0
1,0,0.6363636,0.09090909,0.09090909,0.0,0.09090909,0.0,0.09090909,0.0,0.0,0.0,0.0
1,0,0.6363636,0.09090909,0.09090909,0.0,0.09090909,0.0,0.09090909,0.0,0.0,0.0,0.0
1,0,0.6363636,0.09090909,0.09090909,0.0,0.09090909,0.0,0.09090909,0.0,0.0,0.0,0.0
1,0,0.6363636,0.09090909,0.09090909,0.0,0.09090909,0.0,0.09090909,0.0,0.0,0.0,0.0
1,0,0.6363636,0.09090909,0.09090909,0.0,0.09090909,0.0,0.09090909,0.0,0.0,0.0,0.0
1,0,0.6363636,0.09090909,0.09090909,0.0,0.09090909,0.0,0.09090909,0.0,0.0,0.0,0.0
1,0,0.6363636,0.09090909,0.09090909,0.0,0.09090909,0.0,0.09090909,0.0,0.0,0.0,0.0
1,0,0.6363636,0.09090909,0.09090909,0.0,0.09090909,0.0,0.09090909,0.0,0.0,0.0,0.0
1,0,0.6363636,0.09090909,0.09090909,0.0,0.09090909,0.0,0.09090909,0.0,0.0,0.0,0.0
1,0,0.6363636,0.09090909,0.09090909,0.0,0.09090909,0.0,0.09090909,0.0,0.0,0.0,0.0
1,0,0.6363636,0.09090909,0.09090909,0.0,0.09090909,0.0,0.09090909,0.0,0.0,0.0,0.0
1,0,0.6363636,0.09090909,0.09090909,0.0,0.09090909,0.0,0.09090909,0.0,0.0,0.0,0.0
1,0,0.6363636,0.09090909,0.09090909,0.0,0.09090909,0.0,0.09090909,0.0,0.0,0.0,0.0
1,0,0.6363636,0.09090909,0.09090909,0.0,0.09090909,0.0,0.09090909,0.0,0.0,0.0,0.0
1,0,0.6363636,0.09090909,0.09090909,0.0,0.09090909,0.0,0.09090909,0.0,0.0,0.0,0.0
1,0,0.6363636,0.09090909,0.09090909,0.0,0.09090909,0.0,0.09090909,0.0,0.0,0.0,0.0
1,0,0.6363636,0.09090909,0.09090909,0.0,0.09090909,0.0,0.09090909,0.0,0.0,0.0,0.0
1,0,0.6363636,0.09090909,0.09090909,0.0,0.09090909,0.0,0.09090909,0.0,0.0,0.0,0.0
1,0,0.6363636,0.09090909,0.09090909,0.0,0.09090909,0.0,0.09090909,0.0,0.0,0.0,0.0
1,0,0.6363636,0.09090909,0.09090909,0.0,0.09090909,0.0,0.09090909,0.0,0.0,0.0,0.0
1,0,0.6363636,0.09090909,0.09090909,0.0,0.09090909,0.0,0.09090909,0.0,0.0,0.0,0.0
1,0,0.6363636,0.09090909,0.09090909,0.0,0.09090909,0.0,0.09090909,0.0,0.0,0.0,0.0
1,0,0.6363636,0.09090909,0.09090909,0.0,0.09090909,0.0,0.09090909,0.0,0.0,0.0,0.0
1,0,0.6363636,0.09090909,0.09090909,0.0,0.09090909,0.0,0.09090909,0.0,0.0,0.0,0.0
1,0,0.6363636,0.09090909,0.09090909,0.0,0.09090909,0.0,0.09090909,0.0,0.0,0.0,0.0
1,0,0.6363636,0.09090909,0.09090909,0.0,0.09090909,0.0,0.09090909,0.0,0.0,0.0,0.0
1,0,0.6363636,0.09090909,0.09090909,0.0,0.09090909,0.0,0.09090909,0.0,0.0,0.0,0.0
1,0,0.6363636,0.09090909,0.09090909,0.0,0.09090909,0.0,0.09090909,0.0,0.0,0.0,0.0
1,0,0.6363636,0.09090909,0.09090909,0.0,0.09090909,0.0,0.09090909,0.0,0.0,0.0,0.0
1,0,0.6363636,0.09090909,0.09090909,0.0,0.09090909,0.0,0.09090909,0.0,0.0,0.0,0.0
1,0,0.6666667,0.083333336,0.083333336,0.0,0.083333336,0.0,0.083333336,0.0,0.0,0.0,0.0
1,0,0.6666667,0.083333336,0.083333336,0.0,0.083333336,0.0,0.083333336,0.0,0.0,0.0,0.0
1,0,0.6666667,0.083333336,0.083333336,0.0,0.083333336,0.0,0.083333336,0.0,0.0,0.0,0.0
1,0,0.6666667,0.083333336,0.083333336,0.0,0.083333336,0.0,0.083333336,0.0,0.0,0.0,0.0
1,0,0.6666667,0.083333336,0.083333336,0.0,0.083333336,0.0,0.083333336,0.0,0.0,0.0,0.0
1,0,0.6666667,0.083333336,0.083333336,0.0,0.083333336,0.0,0.083333336,0.0,0.0,0.0,0.0
1,0,0.6666667,0.083333336,0.083333336,0.0,0.083333336,0.0,0.083333336,0.0,0.0,0.0,0.0
1,0,0.6666667,0.083333336,0.083333336,0.0,0.083333336,0.0,0.083333336,0.0,0.0,0.0,0.0
1,0,0.6666667,0.083333336,0.083333336,0.0,0.083333336,0.0,0.083333336,0.0,0.0,0.0,0.0
1,0,0.6666667,0.083333336,0.083333336,0.0,0.083333336,0.0,0.083333336,0.0,0.0,0.0,0.0
1,0,0.6666667,0.083333336,0.083333336,0.0,0.083333336,0.0,0.083333336,0.0,0.0,0.0,0.0
1,0,0.6666667,0.083333336,0.083333336,0.0,0.083333336,0.0,0.083333336,0.0,0.0,0.0,0.0
1,0,0.6666667,0.083333336,0.083333336,0.0,0.083333336,0.0,0.083333336,0.0,0.0,0.0,0.0
1,0,0.6666667,0.083333336,0.083333336,0.0,0.083333336,0.0,0.083333336,0.0,0.0,0.0,0.0
1,0,0.6666667,0.083333336,0.083333336,0.0,0.083333336,0.0,0.083333336,0.0,0.0,0.0,0.0
1,0,0.6666667,0.083333336,0.083333336,0.0,0.083333336,0.0,0.083333336,0.0,0.0,0.0,0.0
1,0,0.6666667,0.083333336,0.083333336,0.0,0.083333336,0.0,0.083333336,0.0,0.0,0.0,0.0
1,0,0.6666667,0.083333336,0.083333336,0.0,0.083333336,0.0,0.083333336,0.0,0.0,0.0,0.0
1,0,0.6666667,0.083333336,0.083333336,0.0,0.083333336,0.0,0.083333336,0.0,0.0,0.0,0.0
1,0,0.6666667,0.083333336,0.083333336,0.0,0.083333336,0.0,0.083333336,0.0,0.0,0.0,0.0
1,0,0.6666667,0.083333336,0.083333336,0.0,0.083333336,0.0,0.083333336,0.0,0.0,0.0,0.0
1,0,0.6666667,0.083333336,0.083333336,0.0,0.083333336,0.0,0.083333336,0.0,0.0,0.0,0.0
1,0,0.6666667,0.083333336,0.083333336,0.0,0.083333336,0.0,0.083333336,0.0,0.0,0.0,0.0
1,0,0.6666667,0.083333336,0.083333336,0.0,0.083333336,0.0,0.083333336,0.0,0.0,0.0,0.0
1,0,0.6666667,0.083333336,0.083333336,0.0,0.083333336,0.0,0.083333336,0.0,0.0,0.0,0.0
1,0,0.6666667,0.083333336,0.083333336,0.0,0.083333336,0.0,0.083333336,0.0,0.0,0.0,0.0
1,0,0.6666667,0.083333336,0.083333336,0.0,0.083333336,0.0,0.083333336,0.0,0.0,0.0,0.0
1,0,0.6666667,0.083333336,0.083333336,0.0,0.083333336,0.0,0.083333336,0.0,0.0,0.0,0.0
1,0,0.6666667,0.083333336,0.083333336,0.0,0.083333336,0.0,0.083333336,0.0,0.0,0.0,0.0
1,0,0.6666667,0.083333336,0.083333336,0.0,0.083333336,0.0,0.083333336,0.0,0.0,0.0,0.0
1,0,0.6666667,0.083333336,0.083333336,0.0,0.083333336,0.0,0.083333336,0.0,0.0,0.0,0.0
1,0,0.6666667,0.083333336,0.083333336,0.0,0.083333336,0.0,0.083333336,0.0,0.0,0.0,0.0
1,0,0.6666667,0.083333336,0.083333336,0.0,0.083333336,0.0,0.083333336,0.0,0.0,0.0,0.0
1,0,0.6666667,0.083333336,0.083333336,0.0,0.083333336,0.0,0.083333336,0.0,0.0,0.0,0.0
1,0,0.6666667,0.083333336,0.083333336,0.0,0.083333336,0.0,0.083333336,0.0,0.0,0.0,0.0
1,0,0.6666667,0.083333336,0.083333336,0.0,0.083333336,0.0,0.083333336,0.0,0.0,0.0,0.0
1,0,0.6666667,0.083333336,0.083333336,0.0,0.083333336,0.0,0.083333336,0.0,0.0,0.0,0.0
1,0,0.6666667,0.083333336,0.083333336,0.0,0.083333336,0.0,0.083333336,0.0,0.0,0.0,0.0
1,0,0.6666667,0.083333336,0.083333336,0.0,0.083333336,0.0,0.083333336,0.0,0.0,0.0,0.0
1,0,0.6666667,0.083333336,0.083333336,0.0,0.083333336,0.0,0.083333336,0.0,0.0,0.0,0.0
1,0,0.6666667,0.083333336,0.083333336,0.0,0.083333336,0.0,0.083333336,0.0,0.0,0.0,0.0
1,0,0.6666667,0.083333336,0.083333336,0.0,0.083333336,0.0,0.083333336,0.0,0.0,0.0,0.0
1,0,0.6666667,0.083333336,0.083333336,0.0,0.083333336,0.0,0.083333336,0.0,0.0,0.0,0.0
1,0,0.6666667,0.083333336,0.083333336,0.0,0.083333336,0.0,0.083333336,0.0,0.0,0.0,0.0
1,0,0.6666667,0.083333336,0.083333336,0.0,0.083333336,0.0,0.083333336,0.0,0.0,0.0,0.0
1,0,0.6666667,0.083333336,0.083333336,0.0,0.083333336,0.0,0.083333336,0.0,0.0,0.0,0.0
1,0,0.6666667,0.083333336,0.083333336,0.0,0.083333336,0.0,0.083333336,0.0,0.0,0.0,0.0
1,0,0.6666667,0.083333336,0.083333336,0.0,0.083333336,0.0,0.083333336,0.0,0.0,0.0,0.0
1,0,0.6666667,0.083333336,0.083333336,0.0,0.083333336,0.0,0.083333336,0.0,0.0,0.0,0.0
1,0,0.6666667,0.083333336,0.083333336,0.0,0.083333336,0.0,0.083333336,0.0,0.0,0.0,0.0
1,0,0.6666667,0.083333336,0.083333336,0.0,0.083333336,0.0,0.083333336,0.0,0.0,0.0,0.0
1,0,0.6666667,0.083333336,0.083333336,0.0,0.083333336,0.0,0.083333336,0.0,0.0,0.0,0.0
1,0,0.6666667,0.083333336,0.083333336,0.0,0.083333336,0.0,0.083333336,0.0,0.0,0.0,0.0
1,0,0.6666667,0.083333336,0.083333336,0.0,0.083333336,0.0,0.083333336,0.0,0.0,0.0,0.0
1,0,0.6666667,0.083333336,0.083333336,0.0,0.083333336,0.0,0.083333336,0.0,0.0,0.0,0.0
1,0,0.6666667,0.083333336,0.083333336,0.0,0.083333336,0.0,0.083333336,0.0,0.0,0.0,0.0
1,0,0.6666667,0.083333336,0.083333336,0.0,0.083333336,0.0,0.083333336,0.0,0.0,0.0,0.0
1,0,0.6666667,0.083333336,0.083333336,0.0,0.083333336,0.0,0.083333336,0.0,0.0,0.0,0.0
1,0,0.6666667,0.083333336,0.083333336,0.0,0.083333336,0.0,0.083333336,0.0,0.0,0.0,0.0
1,0,0.6666667,0.083333336,0.083333336,0.0,0.083333336,0.0,0.083333336,0.0,0.0,0.0,0.0
1,0,0.6666667,0.083333336,0.083333336,0.0,0.083333336,0.0,0.083333336,0.0,0.0,0.0,0.0
1,0,0.6666667,0.083333336,0.083333336,0.0,0.083333336,0.0,0.083333336,0.0,0.0,0.0,0.0
1,0,0.5833333,0.083333336,0.16666667,0.0,0.083333336,0.0,0.083333336,0.0,0.0,0.0,0.0
1,0,0.5833333,0.083333336,0.16666667,0.0,0.083333336,0.0,0.083333336,0.0,0.0,0.0,0.0
1,0,0.5833333,0.083333336,0.16666667,0.0,0.083333336,0.0,0.083333336,0.0,0.0,0.0,0.0
1,0,0.5833333,0.083333336,0.16666667,0.0,0.083333336,0.0,0.083333336,0.0,0.0,0.0,0.0
1,0,0.5833333,0.083333336,0.16666667,0.0,0.083333336,0.0,0.083333336,0.0,0.0,0.0,0.0
1,0,0.5833333,0.083333336,0.16666667,0.0,0.083333336,0.0,0.083333336,0.0,0.0,0.0,0.0
1,0,0.5833333,0.083333336,0.16666667,0.0,0.083333336,0.0,0.083333336,0.0,0.0,0.0,0.0
1,0,0.5833333,0.083333336,0.16666667,0.0,0.083333336,0.0,0.083333336,0.0,0.0,0.0,0.0
1,0,0.5833333,0.083333336,0.16666667,0.0,0.083333336,0.0,0.083333336,0.0,0.0,0.0,0.0
1,0,0.5833333,0.083333336,0.16666667,0.0,0.083333336,0.0,0.083333336,0.0,0.0,0.0,0.0
1,0,0.5833333,0.083333336,0.16666667,0.0,0.083333336,0.0,0.083333336,0.0,0.0,0.0,0.0
1,0,0.5833333,0.083333336,0.16666667,0.0,0.083333336,0.0,0.083333336,0.0,0.0,0.0,0.0
1,0,0.5833333,0.083333336,0.16666667,0.0,0.083333336,0.0,0.083333336,0.0,0.0,0.0,0.0
1,0,0.5833333,0.083333336,0.16666667,0.0,0.083333336,0.0,0.083333336,0.0,0.0,0.0,0.0
1,0,0.5833333,0.083333336,0.16666667,0.0,0.083333336,0.0,0.083333336,0.0,0.0,0.0,0.0
1,0,0.5833333,0.083333336,0.16666667,0.0,0.083333336,0.0,0.083333336,0.0,0.0,0.0,0.0
1,0,0.5,0.083333336,0.25,0.0,0.083333336,0.0,0.083333336,0.0,0.0,0.0,0.0
1,0,0.5,0.083333336,0.25,0.0,0.083333336,0.0,0.083333336,0.0,0.0,0.0,0.0
2,0,0.46153846,0.07692308,0.30769232,0.0,0.07692308,0.0,0.07692308,0.0,0.0,0.0,0.0
2,0,0.46153846,0.07692308,0.30769232,0.0,0.07692308,0.0,0.07692308,0.0,0.0,0.0,0.0
2,0,0.46153846,0.07692308,0.30769232,0.0,0.07692308,0.0,0.07692308,0.0,0.0,0.0,0.0
2,0,0.46153846,0.07692308,0.30769232,0.0,0.07692308,0.0,0.07692308,0.0,0.0,0.0,0.0
2,0,0.42857143,0.071428575,0.35714287,0.0,0.071428575,0.0,0.071428575,0.0,0.0,0.0,0.0
2,0,0.42857143,0.071428575,0.35714287,0.0,0.071428575,0.0,0.071428575,0.0,0.0,0.0,0.0
2,0,0.42857143,0.071428575,0.35714287,0.0,0.071428575,0.0,0.071428575,0.0,0.0,0.0,0.0
2,0,0.42857143,0.071428575,0.35714287,0.0,0.071428575,0.0,0.071428575,0.0,0.0,0.0,0.0
2,0,0.42857143,0.071428575,0.35714287,0.0,0.071428575,0.0,0.071428575,0.0,0.0,0.0,0.0
2,0,0.42857143,0.071428575,0.35714287,0.0,0.071428575,0.0,0.071428575,0.0,0.0,0.0,0.0
2,0,0.35714287,0.071428575,0.42857143,0.0,0.071428575,0.0,0.071428575,0.0,0.0,0.0,0.0
2,0,0.35714287,0.071428575,0.42857143,0.0,0.071428575,0.0,0.071428575,0.0,0.0,0.0,0.0
2,0,0.35714287,0.071428575,0.42857143,0.0,0.071428575,0.0,0.071428575,0.0,0.0,0.0,0.0
2,0,0.35714287,0.071428575,0.42857143,0.0,0.071428575,0.0,0.071428575,0.0,0.0,0.0,0.0
2,0,0.35714287,0.071428575,0.42857143,0.0,0.071428575,0.0,0.071428575,0.0,0.0,0.0,0.0
2,0,0.35714287,0.071428575,0.42857143,0.0,0.071428575,0.0,0.071428575,0.0,0.0,0.0,0.0
2,0,0.4,0.06666667,0.4,0.0,0.06666667,0.0,0.06666667,0.0,0.0,0.0,0.0
2,2,0.4,0.06666667,0.46666667,0.0,0.06666667,0.0,0.0,0.0,0.0,0.0,0.0
2,2,0.4,0.06666667,0.46666667,0.0,0.06666667,0.0,0.0,0.0,0.0,0.0,0.0
2,2,0.4,0.06666667,0.46666667,0.0,0.06666667,0.0,0.0,0.0,0.0,0.0,0.0
2,2,0.4,0.06666667,0.46666667,0.0,0.06666667,0.0,0.0,0.0,0.0,0.0,0.0
2,2,0.4,0.06666667,0.46666667,0.0,0.06666667,0.0,0.0,0.0,0.0,0.0,0.0
2,2,0.4,0.06666667,0.46666667,0.0,0.06666667,0.0,0.0,0.0,0.0,0.0,0.0
2,2,0.4,0.06666667,0.46666667,0.0,0.06666667,0.0,0.0,0.0,0.0,0.0,0.0
2,2,0.4,0.06666667,0.46666667,0.0,0.06666667,0.0,0.0,0.0,0.0,0.0,0.0
2,2,0.4,0.06666667,0.46666667,0.0,0.06666667,0.0,0.0,0.0,0.0,0.0,0.0
2,2,0.4,0.06666667,0.46666667,0.0,0.06666667,0.0,0.0,0.0,0.0,0.0,0.0
2,2,0.4,0.06666667,0.46666667,0.0,0.06666667,0.0,0.0,0.0,0.0,0.0,0.0
2,2,0.4,0.06666667,0.46666667,0.0,0.06666667,0.0,0.0,0.0,0.0,0.0,0.0
2,2,0.33333334,0.06666667,0.53333336,0.0,0.06666667,0.0,0.0,0.0,0.0,0.0,0.0
2,2,0.33333334,0.06666667,0.53333336,0.0,0.06666667,0.0,0.0,0.0,0.0,0.0,0.0
2,2,0.33333334,0.06666667,0.53333336,0.0,0.06666667,0.0,0.0,0.0,0.0,0.0,0.0
2,2,0.33333334,0.06666667,0.53333336,0.0,0.06666667,0.0,0.0,0.0,0.0,0.0,0.0
2,2,0.33333334,0.06666667,0.53333336,0.0,0.06666667,0.0,0.0,0.0,0.0,0.0,0.0
2,2,0.33333334,0.06666667,0.53333336,0.0,0.06666667,0.0,0.0,0.0,0.0,0.0,0.0
2,2,0.33333334,0.0,0.6,0.0,0.06666667,0.0,0.0,0.0,0.0,0.0,0.0
2,2,0.26666668,0.0,0.6666667,0.0,0.06666667,0.0,0.0,0.0,0.0,0.0,0.0
2,2,0.26666668,0.0,0.6666667,0.0,0.06666667,0.0,0.0,0.0,0.0,0.0,0.0
2,2,0.26666668,0.0,0.6666667,0.0,0.06666667,0.0,0.0,0.0,0.0,0.0,0.0
2,2,0.26666668,0.0,0.6666667,0.0,0.06666667,0.0,0.0,0.0,0.0,0.0,0.0
2,2,0.26666668,0.0,0.6666667,0.0,0.06666667,0.0,0.0,0.0,0.0,0.0,0.0
2,2,0.26666668,0.0,0.6666667,0.0,0.06666667,0.0,0.0,0.0,0.0,0.0,0.0
2,2,0.26666668,0.0,0.6666667,0.0,0.06666667,0.0,0.0,0.0,0.0,0.0,0.0
2,2,0.26666668,0.0,0.6666667,0.0,0.06666667,0.0,0.0,0.0,0.0,0.0,0.0
2,2,0.26666668,0.0,0.6666667,0.0,0.06666667,0.0,0.0,0.0,0.0,0.0,0.0
2,2,0.26666668,0.0,0.6666667,0.0,0.06666667,0.0,0.0,0.0,0.0,0.0,0.0
2,2,0.26666668,0.0,0.6666667,0.0,0.06666667,0.0,0.0,0.0,0.0,0.0,0.0
2,2,0.26666668,0.0,0.6666667,0.0,0.06666667,0.0,0.0,0.0,0.0,0.0,0.0
2,2,0.2,0.0,0.73333335,0.0,0.06666667,0.0,0.0,0.0,0.0,0.0,0.0
2,2,0.2,0.0,0.73333335,0.0,0.06666667,0.0,0.0,0.0,0.0,0.0,0.0
2,2,0.13333334,0.0,0.8,0.0,0.06666667,0.0,0.0,0.0,0.0,0.0,0.0
2,2,0.13333334,0.0,0.8,0.0,0.06666667,0.0,0.0,0.0,0.0,0.0,0.0
2,2,0.13333334,0.0,0.8,0.0,0.06666667,0.0,0.0,0.0,0.0,0.0,0.0
2,2,0.13333334,0.0,0.8,0.0,0.06666667,0.0,0.0,0.0,0.0,0.0,0.0
2,2,0.13333334,0.0,0.8,0.0,0.06666667,0.0,0.0,0.0,0.0,0.0,0.0
2,2,0.13333334,0.0,0.8,0.0,0.06666667,0.0,0.0,0.0,0.0,0.0,0.0
2,2,0.125,0.0,0.8125,0.0,0.0625,0.0,0.0,0.0,0.0,0.0,0.0
2,2,0.125,0.0,0.8125,0.0,0.0625,0.0,0.0,0.0,0.0,0.0,0.0
2,2,0.125,0.0,0.8125,0.0,0.0625,0.0,0.0,0.0,0.0,0.0,0.0
2,2,0.125,0.0,0.8125,0.0,0.0625,0.0,0.0,0.0,0.0,0.0,0.0
2,2,0.125,0.0,0.875,0.0,0.0,0.0,0.0,0.0,0.0,0.0,0.0
2,2,0.125,0.0,0.875,0.0,0.0,0.0,0.0,0.0,0.0,0.0,0.0
2,2,0.125,0.0,0.875,0.0,0.0,0.0,0.0,0.0,0.0,0.0,0.0
2,2,0.125,0.0,0.875,0.0,0.0,0.0,0.0,0.0,0.0,0.0,0.0
2,2,0.125,0.0,0.875,0.0,0.0,0.0,0.0,0.0,0.0,0.0,0.0
2,2,0.125,0.0,0.875,0.0,0.0,0.0,0.0,0.0,0.0,0.0,0.0
2,2,0.125,0.0,0.875,0.0,0.0,0.0,0.0,0.0,0.0,0.0,0.0
2,2,0.125,0.0,0.875,0.0,0.0,0.0,0.0,0.0,0.0,0.0,0.0
2,2,0.125,0.0,0.875,0.0,0.0,0.0,0.0,0.0,0.0,0.0,0.0
2,2,0.125,0.0,0.875,0.0,0.0,0.0,0.0,0.0,0.0,0.0,0.0
2,2,0.125,0.0,0.875,0.0,0.0,0.0,0.0,0.0,0.0,0.0,0.0
2,2,0.125,0.0,0.875,0.0,0.0,0.0,0.0,0.0,0.0,0.0,0.0
2,2,0.125,0.0,0.875,0.0,0.0,0.0,0.0,0.0,0.0,0.0,0.0
2,2,0.125,0.0,0.875,0.0,0.0,0.0,0.0,0.0,0.0,0.0,0.0
2,2,0.125,0.0,0.875,0.0,0.0,0.0,0.0,0.0,0.0,0.0,0.0
2,2,0.125,0.0,0.875,0.0,0.0,0.0,0.0,0.0,0.0,0.0,0.0
2,2,0.125,0.0,0.875,0.0,0.0,0.0,0.0,0.0,0.0,0.0,0.0
2,2,0.125,0.0,0.875,0.0,0.0,0.0,0.0,0.0,0.0,0.0,0.0
2,2,0.125,0.0,0.875,0.0,0.0,0.0,0.0,0.0,0.0,0.0,0.0
2,2,0.125,0.0,0.875,0.0,0.0,0.0,0.0,0.0,0.0,0.0,0.0
2,2,0.0625,0.0,0.9375,0.0,0.0,0.0,0.0,0.0,0.0,0.0,0.0
2,2,0.0625,0.0,0.9375,0.0,0.0,0.0,0.0,0.0,0.0,0.0,0.0
2,2,0.0625,0.0,0.9375,0.0,0.0,0.0,0.0,0.0,0.0,0.0,0.0
2,2,0.0625,0.0,0.9375,0.0,0.0,0.0,0.0,0.0,0.0,0.0,0.0
2,2,0.0625,0.0,0.9375,0.0,0.0,0.0,0.0,0.0,0.0,0.0,0.0
2,2,0.0625,0.0,0.9375,0.0,0.0,0.0,0.0,0.0,0.0,0.0,0.0
2,2,0.0625,0.0,0.9375,0.0,0.0,0.0,0.0,0.0,0.0,0.0,0.0
2,2,0.0625,0.0,0.9375,0.0,0.0,0.0,0.0,0.0,0.0,0.0,0.0
2,2,0.0625,0.0,0.9375,0.0,0.0,0.0,0.0,0.0,0.0,0.0,0.0
2,2,0.0625,0.0,0.9375,0.0,0.0,0.0,0.0,0.0,0.0,0.0,0.0
2,2,0.0625,0.0,0.9375,0.0,0.0,0.0,0.0,0.0,0.0,0.0,0.0
2,2,0.0625,0.0,0.9375,0.0,0.0,0.0,0.0,0.0,0.0,0.0,0.0
2,2,0.0625,0.0,0.9375,0.0,0.0,0.0,0.0,0.0,0.0,0.0,0.0
2,2,0.0625,0.0,0.9375,0.0,0.0,0.0,0.0,0.0,0.0,0.0,0.0
2,2,0.0625,0.0,0.9375,0.0,0.0,0.0,0.0,0.0,0.0,0.0,0.0
2,2,0.0625,0.0,0.9375,0.0,0.0,0.0,0.0,0.0,0.0,0.0,0.0
2,2,0.0625,0.0,0.9375,0.0,0.0,0.0,0.0,0.0,0.0,0.0,0.0
2,2,0.0625,0.0,0.9375,0.0,0.0,0.0,0.0,0.0,0.0,0.0,0.0
2,2,0.0625,0.0,0.9375,0.0,0.0,0.0,0.0,0.0,0.0,0.0,0.0
2,2,0.0625,0.0,0.9375,0.0,0.0,0.0,0.0,0.0,0.0,0.0,0.0
2,2,0.0625,0.0,0.9375,0.0,0.0,0.0,0.0,0.0,0.0,0.0,0.0
2,2,0.0625,0.0,0.9375,0.0,0.0,0.0,0.0,0.0,0.0,0.0,0.0
2,2,0.0625,0.0,0.9375,0.0,0.0,0.0,0.0,0.0,0.0,0.0,0.0
2,2,0.0625,0.0,0.9375,0.0,0.0,0.0,0.0,0.0,0.0,0.0,0.0
2,2,0.0625,0.0,0.9375,0.0,0.0,0.0,0.0,0.0,0.0,0.0,0.0
2,2,0.0625,0.0,0.9375,0.0,0.0,0.0,0.0,0.0,0.0,0.0,0.0
2,2,0.0625,0.0,0.9375,0.0,0.0,0.0,0.0,0.0,0.0,0.0,0.0
2,2,0.0625,0.0,0.9375,0.0,0.0,0.0,0.0,0.0,0.0,0.0,0.0
2,2,0.0625,0.0,0.9375,0.0,0.0,0.0,0.0,0.0,0.0,0.0,0.0
2,2,0.0625,0.0,0.9375,0.0,0.0,0.0,0.0,0.0,0.0,0.0,0.0
2,2,0.0625,0.0,0.9375,0.0,0.0,0.0,0.0,0.0,0.0,0.0,0.0
2,2,0.0625,0.0,0.9375,0.0,0.0,0.0,0.0,0.0,0.0,0.0,0.0
2,2,0.0625,0.0,0.9375,0.0,0.0,0.0,0.0,0.0,0.0,0.0,0.0
2,2,0.0625,0.0,0.9375,0.0,0.0,0.0,0.0,0.0,0.0,0.0,0.0
2,2,0.0625,0.0,0.9375,0.0,0.0,0.0,0.0,0.0,0.0,0.0,0.0
2,2,0.0625,0.0,0.9375,0.0,0.0,0.0,0.0,0.0,0.0,0.0,0.0
2,2,0.0625,0.0,0.9375,0.0,0.0,0.0,0.0,0.0,0.0,0.0,0.0
2,2,0.0625,0.0,0.9375,0.0,0.0,0.0,0.0,0.0,0.0,0.0,0.0
2,2,0.0625,0.0,0.9375,0.0,0.0,0.0,0.0,0.0,0.0,0.0,0.0
2,2,0.0625,0.0,0.9375,0.0,0.0,0.0,0.0,0.0,0.0,0.0,0.0
2,2,0.0625,0.0,0.9375,0.0,0.0,0.0,0.0,0.0,0.0,0.0,0.0
2,2,0.0625,0.0,0.9375,0.0,0.0,0.0,0.0,0.0,0.0,0.0,0.0
2,2,0.0625,0.0,0.9375,0.0,0.0,0.0,0.0,0.0,0.0,0.0,0.0
2,2,0.0625,0.0,0.9375,0.0,0.0,0.0,0.0,0.0,0.0,0.0,0.0
2,2,0.0625,0.0,0.9375,0.0,0.0,0.0,0.0,0.0,0.0,0.0,0.0
2,2,0.0625,0.0,0.9375,0.0,0.0,0.0,0.0,0.0,0.0,0.0,0.0
2,2,0.0625,0.0,0.9375,0.0,0.0,0.0,0.0,0.0,0.0,0.0,0.0
2,2,0.0625,0.0,0.9375,0.0,0.0,0.0,0.0,0.0,0.0,0.0,0.0
2,2,0.0,0.0,1.0,0.0,0.0,0.0,0.0,0.0,0.0,0.0,0.0
2,2,0.0,0.0,1.0,0.0,0.0,0.0,0.0,0.0,0.0,0.0,0.0
2,2,0.0,0.0,1.0,0.0,0.0,0.0,0.0,0.0,0.0,0.0,0.0
2,2,0.0,0.0,1.0,0.0,0.0,0.0,0.0,0.0,0.0,0.0,0.0
2,2,0.0,0.0,1.0,0.0,0.0,0.0,0.0,0.0,0.0,0.0,0.0
2,2,0.0,0.0,1.0,0.0,0.0,0.0,0.0,0.0,0.0,0.0,0.0
2,2,0.0,0.0,1.0,0.0,0.0,0.0,0.0,0.0,0.0,0.0,0.0
2,2,0.0,0.0,1.0,0.0,0.0,0.0,0.0,0.0,0.0,0.0,0.0
2,2,0.0,0.0,1.0,0.0,0.0,0.0,0.0,0.0,0.0,0.0,0.0
2,2,0.0,0.0,1.0,0.0,0.0,0.0,0.0,0.0,0.0,0.0,0.0
2,2,0.0,0.0,1.0,0.0,0.0,0.0,0.0,0.0,0.0,0.0,0.0
2,2,0.0,0.0,1.0,0.0,0.0,0.0,0.0,0.0,0.0,0.0,0.0
2,2,0.0,0.0,1.0,0.0,0.0,0.0,0.0,0.0,0.0,0.0,0.0
2,2,0.0,0.0,1.0,0.0,0.0,0.0,0.0,0.0,0.0,0.0,0.0
2,2,0.0,0.0,1.0,0.0,0.0,0.0,0.0,0.0,0.0,0.0,0.0
2,2,0.0,0.0,1.0,0.0,0.0,0.0,0.0,0.0,0.0,0.0,0.0
2,2,0.0,0.0,1.0,0.0,0.0,0.0,0.0,0.0,0.0,0.0,0.0
2,2,0.0,0.0,1.0,0.0,0.0,0.0,0.0,0.0,0.0,0.0,0.0
2,2,0.0,0.0,1.0,0.0,0.0,0.0,0.0,0.0,0.0,0.0,0.0
2,2,0.0,0.0,1.0,0.0,0.0,0.0,0.0,0.0,0.0,0.0,0.0
2,2,0.0,0.0,1.0,0.0,0.0,0.0,0.0,0.0,0.0,0.0,0.0
2,2,0.0,0.0,1.0,0.0,0.0,0.0,0.0,0.0,0.0,0.0,0.0
2,2,0.0,0.0,1.0,0.0,0.0,0.0,0.0,0.0,0.0,0.0,0.0
2,2,0.0,0.0,1.0,0.0,0.0,0.0,0.0,0.0,0.0,0.0,0.0
2,2,0.0,0.0,1.0,0.0,0.0,0.0,0.0,0.0,0.0,0.0,0.0
2,2,0.0,0.0,1.0,0.0,0.0,0.0,0.0,0.0,0.0,0.0,0.0
2,2,0.0,0.0,1.0,0.0,0.0,0.0,0.0,0.0,0.0,0.0,0.0
2,2,0.0,0.0,1.0,0.0,0.0,0.0,0.0,0.0,0.0,0.0,0.0
2,2,0.0,0.0,1.0,0.0,0.0,0.0,0.0,0.0,0.0,0.0,0.0
2,2,0.0,0.0,1.0,0.0,0.0,0.0,0.0,0.0,0.0,0.0,0.0
2,2,0.0,0.0,1.0,0.0,0.0,0.0,0.0,0.0,0.0,0.0,0.0
2,2,0.0,0.0,1.0,0.0,0.0,0.0,0.0,0.0,0.0,0.0,0.0
2,2,0.0,0.0,1.0,0.0,0.0,0.0,0.0,0.0,0.0,0.0,0.0
2,2,0.0,0.0,1.0,0.0,0.0,0.0,0.0,0.0,0.0,0.0,0.0
2,2,0.0,0.0,1.0,0.0,0.0,0.0,0.0,0.0,0.0,0.0,0.0
2,2,0.0,0.0,1.0,0.0,0.0,0.0,0.0,0.0,0.0,0.0,0.0
2,2,0.0,0.0,1.0,0.0,0.0,0.0,0.0,0.0,0.0,0.0,0.0
2,2,0.0,0.0,1.0,0.0,0.0,0.0,0.0,0.0,0.0,0.0,0.0
2,2,0.0,0.0,1.0,0.0,0.0,0.0,0.0,0.0,0.0,0.0,0.0
2,2,0.0,0.0,1.0,0.0,0.0,0.0,0.0,0.0,0.0,0.0,0.0
2,2,0.0,0.0,1.0,0.0,0.0,0.0,0.0,0.0,0.0,0.0,0.0
2,2,0.0,0.0,1.0,0.0,0.0,0.0,0.0,0.0,0.0,0.0,0.0
2,2,0.0,0.0,1.0,0.0,0.0,0.0,0.0,0.0,0.0,0.0,0.0
2,2,0.0,0.0,1.0,0.0,0.0,0.0,0.0,0.0,0.0,0.0,0.0
2,2,0.0,0.0,1.0,0.0,0.0,0.0,0.0,0.0,0.0,0.0,0.0
2,2,0.0,0.0,1.0,0.0,0.0,0.0,0.0,0.0,0.0,0.0,0.0
2,2,0.0,0.0,1.0,0.0,0.0,0.0,0.0,0.0,0.0,0.0,0.0
2,2,0.0,0.0,1.0,0.0,0.0,0.0,0.0,0.0,0.0,0.0,0.0
2,2,0.0,0.0,1.0,0.0,0.0,0.0,0.0,0.0,0.0,0.0,0.0
2,2,0.0,0.0,1.0,0.0,0.0,0.0,0.0,0.0,0.0,0.0,0.0
2,2,0.0,0.0,1.0,0.0,0.0,0.0,0.0,0.0,0.0,0.0,0.0
2,2,0.0,0.0,1.0,0.0,0.0,0.0,0.0,0.0,0.0,0.0,0.0
2,2,0.0,0.0,1.0,0.0,0.0,0.0,0.0,0.0,0.0,0.0,0.0
2,2,0.0,0.0,1.0,0.0,0.0,0.0,0.0,0.0,0.0,0.0,0.0
2,2,0.0,0.0,1.0,0.0,0.0,0.0,0.0,0.0,0.0,0.0,0.0
2,2,0.0,0.0,1.0,0.0,0.0,0.0,0.0,0.0,0.0,0.0,0.0
2,2,0.0,0.0,1.0,0.0,0.0,0.0,0.0,0.0,0.0,0.0,0.0
2,2,0.0,0.0,1.0,0.0,0.0,0.0,0.0,0.0,0.0,0.0,0.0
2,2,0.0,0.0,1.0,0.0,0.0,0.0,0.0,0.0,0.0,0.0,0.0
2,2,0.0,0.0,1.0,0.0,0.0,0.0,0.0,0.0,0.0,0.0,0.0
2,2,0.0,0.0,1.0,0.0,0.0,0.0,0.0,0.0,0.0,0.0,0.0
2,2,0.0,0.0,1.0,0.0,0.0,0.0,0.0,0.0,0.0,0.0,0.0
2,2,0.0,0.0,1.0,0.0,0.0,0.0,0.0,0.0,0.0,0.0,0.0
2,2,0.0,0.0,1.0,0.0,0.0,0.0,0.0,0.0,0.0,0.0,0.0
2,2,0.0,0.0,1.0,0.0,0.0,0.0,0.0,0.0,0.0,0.0,0.0
2,2,0.0,0.0,1.0,0.0,0.0,0.0,0.0,0.0,0.0,0.0,0.0
2,2,0.0,0.0,1.0,0.0,0.0,0.0,0.0,0.0,0.0,0.0,0.0
2,2,0.0,0.0,1.0,0.0,0.0,0.0,0.0,0.0,0.0,0.0,0.0
2,2,0.0,0.0,1.0,0.0,0.0,0.0,0.0,0.0,0.0,0.0,0.0
2,2,0.0,0.0,1.0,0.0,0.0,0.0,0.0,0.0,0.0,0.0,0.0
2,2,0.0,0.0,1.0,0.0,0.0,0.0,0.0,0.0,0.0,0.0,0.0
2,2,0.0,0.0,1.0,0.0,0.0,0.0,0.0,0.0,0.0,0.0,0.0
2,2,0.0,0.0,1.0,0.0,0.0,0.0,0.0,0.0,0.0,0.0,0.0
2,2,0.0,0.0,1.0,0.0,0.0,0.0,0.0,0.0,0.0,0.0,0.0
2,2,0.0,0.0,1.0,0.0,0.0,0.0,0.0,0.0,0.0,0.0,0.0
2,2,0.0,0.0,1.0,0.0,0.0,0.0,0.0,0.0,0.0,0.0,0.0
2,2,0.0,0.0,1.0,0.0,0.0,0.0,0.0,0.0,0.0,0.0,0.0
2,2,0.0,0.0,1.0,0.0,0.0,0.0,0.0,0.0,0.0,0.0,0.0
2,2,0.0,0.0,1.0,0.0,0.0,0.0,0.0,0.0,0.0,0.0,0.0
2,2,0.0,0.0,1.0,0.0,0.0,0.0,0.0,0.0,0.0,0.0,0.0
2,2,0.0,0.0,1.0,0.0,0.0,0.0,0.0,0.0,0.0,0.0,0.0
2,2,0.0,0.0,1.0,0.0,0.0,0.0,0.0,0.0,0.0,0.0,0.0
2,2,0.0,0.0,1.0,0.0,0.0,0.0,0.0,0.0,0.0,0.0,0.0
2,2,0.0,0.0,1.0,0.0,0.0,0.0,0.0,0.0,0.0,0.0,0.0
2,2,0.0,0.0,1.0,0.0,0.0,0.0,0.0,0.0,0.0,0.0,0.0
2,2,0.0,0.0,1.0,0.0,0.0,0.0,0.0,0.0,0.0,0.0,0.0
2,2,0.0,0.0,1.0,0.0,0.0,0.0,0.0,0.0,0.0,0.0,0.0
2,2,0.0,0.0,1.0,0.0,0.0,0.0,0.0,0.0,0.0,0.0,0.0
2,2,0.0,0.0,1.0,0.0,0.0,0.0,0.0,0.0,0.0,0.0,0.0
2,2,0.0,0.0,1.0,0.0,0.0,0.0,0.0,0.0,0.0,0.0,0.0
2,2,0.0,0.0,1.0,0.0,0.0,0.0,0.0,0.0,0.0,0.0,0.0
2,2,0.0,0.0,1.0,0.0,0.0,0.0,0.0,0.0,0.0,0.0,0.0
2,2,0.0,0.0,1.0,0.0,0.0,0.0,0.0,0.0,0.0,0.0,0.0
2,2,0.0,0.0,1.0,0.0,0.0,0.0,0.0,0.0,0.0,0.0,0.0
2,2,0.0,0.0,1.0,0.0,0.0,0.0,0.0,0.0,0.0,0.0,0.0
2,2,0.0,0.0,1.0,0.0,0.0,0.0,0.0,0.0,0.0,0.0,0.0
2,2,0.0,0.0,1.0,0.0,0.0,0.0,0.0,0.0,0.0,0.0,0.0
2,2,0.0,0.0,1.0,0.0,0.0,0.0,0.0,0.0,0.0,0.0,0.0
2,2,0.0,0.0,1.0,0.0,0.0,0.0,0.0,0.0,0.0,0.0,0.0
2,2,0.0,0.0,1.0,0.0,0.0,0.0,0.0,0.0,0.0,0.0,0.0
2,2,0.0,0.0,1.0,0.0,0.0,0.0,0.0,0.0,0.0,0.0,0.0
2,2,0.0,0.0,1.0,0.0,0.0,0.0,0.0,0.0,0.0,0.0,0.0
2,2,0.0,0.0,1.0,0.0,0.0,0.0,0.0,0.0,0.0,0.0,0.0
2,2,0.0,0.0,1.0,0.0,0.0,0.0,0.0,0.0,0.0,0.0,0.0
2,2,0.0,0.0,1.0,0.0,0.0,0.0,0.0,0.0,0.0,0.0,0.0
2,2,0.0,0.0,1.0,0.0,0.0,0.0,0.0,0.0,0.0,0.0,0.0
2,2,0.0,0.0,1.0,0.0,0.0,0.0,0.0,0.0,0.0,0.0,0.0
2,2,0.0,0.0,1.0,0.0,0.0,0.0,0.0,0.0,0.0,0.0,0.0
2,2,0.0,0.0,1.0,0.0,0.0,0.0,0.0,0.0,0.0,0.0,0.0
2,2,0.0,0.0,1.0,0.0,0.0,0.0,0.0,0.0,0.0,0.0,0.0
2,2,0.0,0.0,1.0,0.0,0.0,0.0,0.0,0.0,0.0,0.0,0.0
2,2,0.0,0.0,1.0,0.0,0.0,0.0,0.0,0.0,0.0,0.0,0.0
2,2,0.0,0.0,1.0,0.0,0.0,0.0,0.0,0.0,0.0,0.0,0.0
2,2,0.0,0.0,1.0,0.0,0.0,0.0,0.0,0.0,0.0,0.0,0.0
2,2,0.0,0.0,1.0,0.0,0.0,0.0,0.0,0.0,0.0,0.0,0.0
2,2,0.0,0.0,1.0,0.0,0.0,0.0,0.0,0.0,0.0,0.0,0.0
2,2,0.0,0.0,1.0,0.0,0.0,0.0,0.0,0.0,0.0,0.0,0.0
2,2,0.0,0.0,1.0,0.0,0.0,0.0,0.0,0.0,0.0,0.0,0.0
2,2,0.0,0.0,1.0,0.0,0.0,0.0,0.0,0.0,0.0,0.0,0.0
2,2,0.0,0.0,1.0,0.0,0.0,0.0,0.0,0.0,0.0,0.0,0.0
2,2,0.0,0.0,1.0,0.0,0.0,0.0,0.0,0.0,0.0,0.0,0.0
2,2,0.0,0.0,1.0,0.0,0.0,0.0,0.0,0.0,0.0,0.0,0.0
2,2,0.0,0.0,1.0,0.0,0.0,0.0,0.0,0.0,0.0,0.0,0.0
2,2,0.0,0.0,1.0,0.0,0.0,0.0,0.0,0.0,0.0,0.0,0.0
2,2,0.0,0.0,1.0,0.0,0.0,0.0,0.0,0.0,0.0,0.0,0.0
2,2,0.0,0.0,1.0,0.0,0.0,0.0,0.0,0.0,0.0,0.0,0.0
2,2,0.0,0.0,1.0,0.0,0.0,0.0,0.0,0.0,0.0,0.0,0.0
2,2,0.0,0.0,1.0,0.0,0.0,0.0,0.0,0.0,0.0,0.0,0.0
2,2,0.0,0.0,1.0,0.0,0.0,0.0,0.0,0.0,0.0,0.0,0.0
2,2,0.0,0.0,1.0,0.0,0.0,0.0,0.0,0.0,0.0,0.0,0.0
2,2,0.0,0.0,1.0,0.0,0.0,0.0,0.0,0.0,0.0,0.0,0.0
2,2,0.0,0.0,1.0,0.0,0.0,0.0,0.0,0.0,0.0,0.0,0.0
2,2,0.0,0.0,1.0,0.0,0.0,0.0,0.0,0.0,0.0,0.0,0.0
2,2,0.0,0.0,1.0,0.0,0.0,0.0,0.0,0.0,0.0,0.0,0.0
2,2,0.0,0.0,1.0,0.0,0.0,0.0,0.0,0.0,0.0,0.0,0.0
2,2,0.0,0.0,1.0,0.0,0.0,0.0,0.0,0.0,0.0,0.0,0.0
2,2,0.0,0.0,1.0,0.0,0.0,0.0,0.0,0.0,0.0,0.0,0.0
2,2,0.0,0.0,1.0,0.0,0.0,0.0,0.0,0.0,0.0,0.0,0.0
2,2,0.0,0.0,1.0,0.0,0.0,0.0,0.0,0.0,0.0,0.0,0.0
2,2,0.0,0.0,1.0,0.0,0.0,0.0,0.0,0.0,0.0,0.0,0.0
2,2,0.0,0.0,1.0,0.0,0.0,0.0,0.0,0.0,0.0,0.0,0.0
2,2,0.0,0.0,1.0,0.0,0.0,0.0,0.0,0.0,0.0,0.0,0.0
2,2,0.0,0.0,1.0,0.0,0.0,0.0,0.0,0.0,0.0,0.0,0.0
2,2,0.0,0.0,1.0,0.0,0.0,0.0,0.0,0.0,0.0,0.0,0.0
2,2,0.0,0.0,1.0,0.0,0.0,0.0,0.0,0.0,0.0,0.0,0.0
2,2,0.0,0.0,1.0,0.0,0.0,0.0,0.0,0.0,0.0,0.0,0.0
2,2,0.0,0.0,1.0,0.0,0.0,0.0,0.0,0.0,0.0,0.0,0.0
2,2,0.0,0.0,1.0,0.0,0.0,0.0,0.0,0.0,0.0,0.0,0.0
2,2,0.0,0.0,1.0,0.0,0.0,0.0,0.0,0.0,0.0,0.0,0.0
2,2,0.0,0.0,1.0,0.0,0.0,0.0,0.0,0.0,0.0,0.0,0.0
2,2,0.0,0.0,1.0,0.0,0.0,0.0,0.0,0.0,0.0,0.0,0.0
2,2,0.0,0.0,1.0,0.0,0.0,0.0,0.0,0.0,0.0,0.0,0.0
2,2,0.0,0.0,1.0,0.0,0.0,0.0,0.0,0.0,0.0,0.0,0.0
2,2,0.0,0.0,1.0,0.0,0.0,0.0,0.0,0.0,0.0,0.0,0.0
2,2,0.0,0.0,1.0,0.0,0.0,0.0,0.0,0.0,0.0,0.0,0.0
2,2,0.0,0.0,1.0,0.0,0.0,0.0,0.0,0.0,0.0,0.0,0.0
2,2,0.0,0.0,1.0,0.0,0.0,0.0,0.0,0.0,0.0,0.0,0.0
2,2,0.0,0.0,1.0,0.0,0.0,0.0,0.0,0.0,0.0,0.0,0.0
2,2,0.0,0.0,1.0,0.0,0.0,0.0,0.0,0.0,0.0,0.0,0.0
2,2,0.0,0.0,1.0,0.0,0.0,0.0,0.0,0.0,0.0,0.0,0.0
2,2,0.0,0.0,1.0,0.0,0.0,0.0,0.0,0.0,0.0,0.0,0.0
2,2,0.0,0.0,1.0,0.0,0.0,0.0,0.0,0.0,0.0,0.0,0.0
2,2,0.0,0.0,1.0,0.0,0.0,0.0,0.0,0.0,0.0,0.0,0.0
2,2,0.0,0.0,1.0,0.0,0.0,0.0,0.0,0.0,0.0,0.0,0.0
2,2,0.0,0.0,1.0,0.0,0.0,0.0,0.0,0.0,0.0,0.0,0.0
2,2,0.0,0.0,1.0,0.0,0.0,0.0,0.0,0.0,0.0,0.0,0.0
2,2,0.0,0.0,1.0,0.0,0.0,0.0,0.0,0.0,0.0,0.0,0.0
2,2,0.0,0.0,1.0,0.0,0.0,0.0,0.0,0.0,0.0,0.0,0.0
2,2,0.0,0.0,1.0,0.0,0.0,0.0,0.0,0.0,0.0,0.0,0.0
2,2,0.0,0.0,1.0,0.0,0.0,0.0,0.0,0.0,0.0,0.0,0.0
2,2,0.0,0.0,1.0,0.0,0.0,0.0,0.0,0.0,0.0,0.0,0.0
2,2,0.0,0.0,1.0,0.0,0.0,0.0,0.0,0.0,0.0,0.0,0.0
2,2,0.0,0.0,1.0,0.0,0.0,0.0,0.0,0.0,0.0,0.0,0.0
2,2,0.0,0.0,1.0,0.0,0.0,0.0,0.0,0.0,0.0,0.0,0.0
2,2,0.0,0.0,1.0,0.0,0.0,0.0,0.0,0.0,0.0,0.0,0.0
2,2,0.0,0.0,1.0,0.0,0.0,0.0,0.0,0.0,0.0,0.0,0.0
2,2,0.0,0.0,1.0,0.0,0.0,0.0,0.0,0.0,0.0,0.0,0.0
2,2,0.0,0.0,1.0,0.0,0.0,0.0,0.0,0.0,0.0,0.0,0.0
2,2,0.0,0.0,1.0,0.0,0.0,0.0,0.0,0.0,0.0,0.0,0.0
2,2,0.0,0.0,1.0,0.0,0.0,0.0,0.0,0.0,0.0,0.0,0.0
2,2,0.0,0.0,1.0,0.0,0.0,0.0,0.0,0.0,0.0,0.0,0.0
2,2,0.0,0.0,1.0,0.0,0.0,0.0,0.0,0.0,0.0,0.0,0.0
2,2,0.0,0.0,1.0,0.0,0.0,0.0,0.0,0.0,0.0,0.0,0.0
2,2,0.0,0.0,1.0,0.0,0.0,0.0,0.0,0.0,0.0,0.0,0.0
2,2,0.0,0.0,1.0,0.0,0.0,0.0,0.0,0.0,0.0,0.0,0.0
2,2,0.0,0.0,1.0,0.0,0.0,0.0,0.0,0.0,0.0,0.0,0.0
2,2,0.0,0.0,1.0,0.0,0.0,0.0,0.0,0.0,0.0,0.0,0.0
2,2,0.0,0.0,1.0,0.0,0.0,0.0,0.0,0.0,0.0,0.0,0.0
2,2,0.0,0.0,1.0,0.0,0.0,0.0,0.0,0.0,0.0,0.0,0.0
2,2,0.0,0.0,1.0,0.0,0.0,0.0,0.0,0.0,0.0,0.0,0.0
2,2,0.0,0.0,1.0,0.0,0.0,0.0,0.0,0.0,0.0,0.0,0.0
2,2,0.0,0.0,1.0,0.0,0.0,0.0,0.0,0.0,0.0,0.0,0.0
2,2,0.0,0.0,1.0,0.0,0.0,0.0,0.0,0.0,0.0,0.0,0.0
2,2,0.0,0.0,1.0,0.0,0.0,0.0,0.0,0.0,0.0,0.0,0.0
2,2,0.0,0.0,1.0,0.0,0.0,0.0,0.0,0.0,0.0,0.0,0.0
2,2,0.0,0.0,1.0,0.0,0.0,0.0,0.0,0.0,0.0,0.0,0.0
2,2,0.0,0.0,1.0,0.0,0.0,0.0,0.0,0.0,0.0,0.0,0.0
2,2,0.0,0.0,1.0,0.0,0.0,0.0,0.0,0.0,0.0,0.0,0.0
2,2,0.0,0.0,1.0,0.0,0.0,0.0,0.0,0.0,0.0,0.0,0.0
2,2,0.0,0.0,1.0,0.0,0.0,0.0,0.0,0.0,0.0,0.0,0.0
2,2,0.0,0.0,1.0,0.0,0.0,0.0,0.0,0.0,0.0,0.0,0.0
2,2,0.0,0.0,1.0,0.0,0.0,0.0,0.0,0.0,0.0,0.0,0.0
2,2,0.0,0.0,1.0,0.0,0.0,0.0,0.0,0.0,0.0,0.0,0.0
2,2,0.0,0.0,1.0,0.0,0.0,0.0,0.0,0.0,0.0,0.0,0.0
2,2,0.0,0.0,1.0,0.0,0.0,0.0,0.0,0.0,0.0,0.0,0.0
2,2,0.0,0.0,1.0,0.0,0.0,0.0,0.0,0.0,0.0,0.0,0.0
2,2,0.0,0.0,1.0,0.0,0.0,0.0,0.0,0.0,0.0,0.0,0.0
2,2,0.0,0.0,1.0,0.0,0.0,0.0,0.0,0.0,0.0,0.0,0.0
2,2,0.0,0.0,1.0,0.0,0.0,0.0,0.0,0.0,0.0,0.0,0.0
2,2,0.0,0.0,1.0,0.0,0.0,0.0,0.0,0.0,0.0,0.0,0.0
2,2,0.0,0.0,1.0,0.0,0.0,0.0,0.0,0.0,0.0,0.0,0.0
2,2,0.0,0.0,1.0,0.0,0.0,0.0,0.0,0.0,0.0,0.0,0.0
2,2,0.0,0.0,1.0,0.0,0.0,0.0,0.0,0.0,0.0,0.0,0.0
2,2,0.0,0.0,1.0,0.0,0.0,0.0,0.0,0.0,0.0,0.0,0.0
2,2,0.0,0.0,1.0,0.0,0.0,0.0,0.0,0.0,0.0,0.0,0.0
2,2,0.0,0.0,1.0,0.0,0.0,0.0,0.0,0.0,0.0,0.0,0.0
2,2,0.0,0.0,1.0,0.0,0.0,0.0,0.0,0.0,0.0,0.0,0.0
2,2,0.0,0.0,1.0,0.0,0.0,0.0,0.0,0.0,0.0,0.0,0.0
2,2,0.0,0.0,1.0,0.0,0.0,0.0,0.0,0.0,0.0,0.0,0.0
2,2,0.0,0.0,1.0,0.0,0.0,0.0,0.0,0.0,0.0,0.0,0.0
2,2,0.0,0.0,1.0,0.0,0.0,0.0,0.0,0.0,0.0,0.0,0.0
2,2,0.0,0.0,1.0,0.0,0.0,0.0,0.0,0.0,0.0,0.0,0.0
2,2,0.0,0.0,1.0,0.0,0.0,0.0,0.0,0.0,0.0,0.0,0.0
2,2,0.0,0.0,1.0,0.0,0.0,0.0,0.0,0.0,0.0,0.0,0.0
2,2,0.0,0.0,1.0,0.0,0.0,0.0,0.0,0.0,0.0,0.0,0.0
2,2,0.0,0.0,1.0,0.0,0.0,0.0,0.0,0.0,0.0,0.0,0.0
2,2,0.0,0.0,1.0,0.0,0.0,0.0,0.0,0.0,0.0,0.0,0.0
2,2,0.0,0.0,1.0,0.0,0.0,0.0,0.0,0.0,0.0,0.0,0.0
2,2,0.0,0.0,1.0,0.0,0.0,0.0,0.0,0.0,0.0,0.0,0.0
2,2,0.0,0.0,1.0,0.0,0.0,0.0,0.0,0.0,0.0,0.0,0.0
2,2,0.0,0.0,1.0,0.0,0.0,0.0,0.0,0.0,0.0,0.0,0.0
2,2,0.0,0.0,1.0,0.0,0.0,0.0,0.0,0.0,0.0,0.0,0.0
2,2,0.0,0.0,1.0,0.0,0.0,0.0,0.0,0.0,0.0,0.0,0.0
2,2,0.0,0.0,1.0,0.0,0.0,0.0,0.0,0.0,0.0,0.0,0.0
2,2,0.0,0.0,1.0,0.0,0.0,0.0,0.0,0.0,0.0,0.0,0.0
2,2,0.0,0.0,1.0,0.0,0.0,0.0,0.0,0.0,0.0,0.0,0.0
2,2,0.0,0.0,1.0,0.0,0.0,0.0,0.0,0.0,0.0,0.0,0.0
2,2,0.0,0.0,1.0,0.0,0.0,0.0,0.0,0.0,0.0,0.0,0.0
2,2,0.0,0.0,1.0,0.0,0.0,0.0,0.0,0.0,0.0,0.0,0.0
2,2,0.0,0.0,1.0,0.0,0.0,0.0,0.0,0.0,0.0,0.0,0.0
2,2,0.0,0.0,1.0,0.0,0.0,0.0,0.0,0.0,0.0,0.0,0.0
2,2,0.0,0.0,1.0,0.0,0.0,0.0,0.0,0.0,0.0,0.0,0.0
2,2,0.0,0.0,1.0,0.0,0.0,0.0,0.0,0.0,0.0,0.0,0.0
2,2,0.0,0.0,1.0,0.0,0.0,0.0,0.0,0.0,0.0,0.0,0.0
2,2,0.0,0.0,1.0,0.0,0.0,0.0,0.0,0.0,0.0,0.0,0.0
2,2,0.0,0.0,1.0,0.0,0.0,0.0,0.0,0.0,0.0,0.0,0.0
2,2,0.0,0.0,1.0,0.0,0.0,0.0,0.0,0.0,0.0,0.0,0.0
2,2,0.0,0.0,1.0,0.0,0.0,0.0,0.0,0.0,0.0,0.0,0.0
2,2,0.0,0.0,1.0,0.0,0.0,0.0,0.0,0.0,0.0,0.0,0.0
2,2,0.0,0.0,1.0,0.0,0.0,0.0,0.0,0.0,0.0,0.0,0.0
2,2,0.0,0.0,1.0,0.0,0.0,0.0,0.0,0.0,0.0,0.0,0.0
2,2,0.0,0.0,1.0,0.0,0.0,0.0,0.0,0.0,0.0,0.0,0.0
2,2,0.0,0.0,1.0,0.0,0.0,0.0,0.0,0.0,0.0,0.0,0.0
2,2,0.0,0.0,1.0,0.0,0.0,0.0,0.0,0.0,0.0,0.0,0.0
2,2,0.0,0.0,1.0,0.0,0.0,0.0,0.0,0.0,0.0,0.0,0.0
2,2,0.0,0.0,1.0,0.0,0.0,0.0,0.0,0.0,0.0,0.0,0.0
2,2,0.0,0.0,1.0,0.0,0.0,0.0,0.0,0.0,0.0,0.0,0.0
2,2,0.0,0.0,1.0,0.0,0.0,0.0,0.0,0.0,0.0,0.0,0.0
2,2,0.0,0.0,1.0,0.0,0.0,0.0,0.0,0.0,0.0,0.0,0.0
2,2,0.0,0.0,1.0,0.0,0.0,0.0,0.0,0.0,0.0,0.0,0.0
2,2,0.0,0.0,1.0,0.0,0.0,0.0,0.0,0.0,0.0,0.0,0.0
2,2,0.0,0.0,1.0,0.0,0.0,0.0,0.0,0.0,0.0,0.0,0.0
2,2,0.0,0.0,1.0,0.0,0.0,0.0,0.0,0.0,0.0,0.0,0.0
2,2,0.0,0.0,1.0,0.0,0.0,0.0,0.0,0.0,0.0,0.0,0.0
2,2,0.0,0.0,1.0,0.0,0.0,0.0,0.0,0.0,0.0,0.0,0.0
2,2,0.0,0.0,1.0,0.0,0.0,0.0,0.0,0.0,0.0,0.0,0.0
2,2,0.0,0.0,1.0,0.0,0.0,0.0,0.0,0.0,0.0,0.0,0.0
2,2,0.0,0.0,1.0,0.0,0.0,0.0,0.0,0.0,0.0,0.0,0.0
2,2,0.0,0.0,1.0,0.0,0.0,0.0,0.0,0.0,0.0,0.0,0.0
2,2,0.0,0.0,1.0,0.0,0.0,0.0,0.0,0.0,0.0,0.0,0.0
2,2,0.0,0.0,1.0,0.0,0.0,0.0,0.0,0.0,0.0,0.0,0.0
2,2,0.0,0.0,1.0,0.0,0.0,0.0,0.0,0.0,0.0,0.0,0.0
2,2,0.0,0.0,1.0,0.0,0.0,0.0,0.0,0.0,0.0,0.0,0.0
2,2,0.0,0.0,1.0,0.0,0.0,0.0,0.0,0.0,0.0,0.0,0.0
2,2,0.0,0.0,1.0,0.0,0.0,0.0,0.0,0.0,0.0,0.0,0.0
2,2,0.0,0.0,1.0,0.0,0.0,0.0,0.0,0.0,0.0,0.0,0.0
2,2,0.0,0.0,1.0,0.0,0.0,0.0,0.0,0.0,0.0,0.0,0.0
2,2,0.0,0.0,1.0,0.0,0.0,0.0,0.0,0.0,0.0,0.0,0.0
2,2,0.0,0.0,1.0,0.0,0.0,0.0,0.0,0.0,0.0,0.0,0.0
2,2,0.0,0.0,1.0,0.0,0.0,0.0,0.0,0.0,0.0,0.0,0.0
2,2,0.0,0.0,1.0,0.0,0.0,0.0,0.0,0.0,0.0,0.0,0.0
2,2,0.0,0.0,1.0,0.0,0.0,0.0,0.0,0.0,0.0,0.0,0.0
2,2,0.0,0.0,1.0,0.0,0.0,0.0,0.0,0.0,0.0,0.0,0.0
2,2,0.0,0.0,1.0,0.0,0.0,0.0,0.0,0.0,0.0,0.0,0.0
2,2,0.0,0.0,1.0,0.0,0.0,0.0,0.0,0.0,0.0,0.0,0.0
2,2,0.0,0.0,1.0,0.0,0.0,0.0,0.0,0.0,0.0,0.0,0.0
2,2,0.0,0.0,1.0,0.0,0.0,0.0,0.0,0.0,0.0,0.0,0.0
2,2,0.0,0.0,1.0,0.0,0.0,0.0,0.0,0.0,0.0,0.0,0.0
2,2,0.0,0.0,1.0,0.0,0.0,0.0,0.0,0.0,0.0,0.0,0.0
2,2,0.0,0.0,1.0,0.0,0.0,0.0,0.0,0.0,0.0,0.0,0.0
2,2,0.0,0.0,1.0,0.0,0.0,0.0,0.0,0.0,0.0,0.0,0.0
2,2,0.0,0.0,1.0,0.0,0.0,0.0,0.0,0.0,0.0,0.0,0.0
2,2,0.0,0.0,1.0,0.0,0.0,0.0,0.0,0.0,0.0,0.0,0.0
2,2,0.0,0.0,1.0,0.0,0.0,0.0,0.0,0.0,0.0,0.0,0.0
2,2,0.0,0.0,1.0,0.0,0.0,0.0,0.0,0.0,0.0,0.0,0.0
2,2,0.0,0.0,1.0,0.0,0.0,0.0,0.0,0.0,0.0,0.0,0.0
2,2,0.0,0.0,1.0,0.0,0.0,0.0,0.0,0.0,0.0,0.0,0.0
2,2,0.0,0.0,1.0,0.0,0.0,0.0,0.0,0.0,0.0,0.0,0.0
2,2,0.0,0.0,1.0,0.0,0.0,0.0,0.0,0.0,0.0,0.0,0.0
2,2,0.0,0.0,1.0,0.0,0.0,0.0,0.0,0.0,0.0,0.0,0.0
2,2,0.0,0.0,1.0,0.0,0.0,0.0,0.0,0.0,0.0,0.0,0.0
2,2,0.0,0.0,1.0,0.0,0.0,0.0,0.0,0.0,0.0,0.0,0.0
2,2,0.0,0.0,1.0,0.0,0.0,0.0,0.0,0.0,0.0,0.0,0.0
2,2,0.0,0.0,1.0,0.0,0.0,0.0,0.0,0.0,0.0,0.0,0.0
2,2,0.0,0.0,1.0,0.0,0.0,0.0,0.0,0.0,0.0,0.0,0.0
2,2,0.0,0.0,1.0,0.0,0.0,0.0,0.0,0.0,0.0,0.0,0.0
2,2,0.0,0.0,1.0,0.0,0.0,0.0,0.0,0.0,0.0,0.0,0.0
2,2,0.0,0.0,1.0,0.0,0.0,0.0,0.0,0.0,0.0,0.0,0.0
2,2,0.0,0.0,1.0,0.0,0.0,0.0,0.0,0.0,0.0,0.0,0.0
2,2,0.0,0.0,1.0,0.0,0.0,0.0,0.0,0.0,0.0,0.0,0.0
2,2,0.0,0.0,1.0,0.0,0.0,0.0,0.0,0.0,0.0,0.0,0.0
2,2,0.0,0.0,1.0,0.0,0.0,0.0,0.0,0.0,0.0,0.0,0.0
2,2,0.0,0.0,1.0,0.0,0.0,0.0,0.0,0.0,0.0,0.0,0.0
2,2,0.0,0.0,1.0,0.0,0.0,0.0,0.0,0.0,0.0,0.0,0.0
2,2,0.0,0.0,1.0,0.0,0.0,0.0,0.0,0.0,0.0,0.0,0.0
2,2,0.0,0.0,1.0,0.0,0.0,0.0,0.0,0.0,0.0,0.0,0.0
2,2,0.0,0.0,1.0,0.0,0.0,0.0,0.0,0.0,0.0,0.0,0.0
2,2,0.0,0.0,1.0,0.0,0.0,0.0,0.0,0.0,0.0,0.0,0.0
2,2,0.0,0.0,1.0,0.0,0.0,0.0,0.0,0.0,0.0,0.0,0.0
2,2,0.0,0.0,1.0,0.0,0.0,0.0,0.0,0.0,0.0,0.0,0.0
2,2,0.0,0.0,1.0,0.0,0.0,0.0,0.0,0.0,0.0,0.0,0.0
2,2,0.0,0.0,1.0,0.0,0.0,0.0,0.0,0.0,0.0,0.0,0.0
2,2,0.0,0.0,1.0,0.0,0.0,0.0,0.0,0.0,0.0,0.0,0.0
2,2,0.0,0.0,1.0,0.0,0.0,0.0,0.0,0.0,0.0,0.0,0.0
2,2,0.0,0.0,1.0,0.0,0.0,0.0,0.0,0.0,0.0,0.0,0.0
2,2,0.0,0.0,1.0,0.0,0.0,0.0,0.0,0.0,0.0,0.0,0.0
2,2,0.0,0.0,1.0,0.0,0.0,0.0,0.0,0.0,0.0,0.0,0.0
2,2,0.0,0.0,1.0,0.0,0.0,0.0,0.0,0.0,0.0,0.0,0.0
2,2,0.0,0.0,1.0,0.0,0.0,0.0,0.0,0.0,0.0,0.0,0.0
2,2,0.0,0.0,1.0,0.0,0.0,0.0,0.0,0.0,0.0,0.0,0.0
2,2,0.0,0.0,1.0,0.0,0.0,0.0,0.0,0.0,0.0,0.0,0.0
2,2,0.0,0.0,1.0,0.0,0.0,0.0,0.0,0.0,0.0,0.0,0.0
2,2,0.0,0.0,1.0,0.0,0.0,0.0,0.0,0.0,0.0,0.0,0.0
2,2,0.0,0.0,1.0,0.0,0.0,0.0,0.0,0.0,0.0,0.0,0.0
2,2,0.0,0.0,1.0,0.0,0.0,0.0,0.0,0.0,0.0,0.0,0.0
2,2,0.0,0.0,1.0,0.0,0.0,0.0,0.0,0.0,0.0,0.0,0.0
2,2,0.0,0.0,1.0,0.0,0.0,0.0,0.0,0.0,0.0,0.0,0.0
2,2,0.0,0.0,1.0,0.0,0.0,0.0,0.0,0.0,0.0,0.0,0.0
2,2,0.0,0.0,1.0,0.0,0.0,0.0,0.0,0.0,0.0,0.0,0.0
2,2,0.0,0.0,1.0,0.0,0.0,0.0,0.0,0.0,0.0,0.0,0.0
2,2,0.0,0.0,1.0,0.0,0.0,0.0,0.0,0.0,0.0,0.0,0.0
2,2,0.0,0.0,1.0,0.0,0.0,0.0,0.0,0.0,0.0,0.0,0.0
2,2,0.0,0.0,1.0,0.0,0.0,0.0,0.0,0.0,0.0,0.0,0.0
2,2,0.0,0.0,1.0,0.0,0.0,0.0,0.0,0.0,0.0,0.0,0.0
2,2,0.0,0.0,1.0,0.0,0.0,0.0,0.0,0.0,0.0,0.0,0.0
2,2,0.0,0.0,1.0,0.0,0.0,0.0,0.0,0.0,0.0,0.0,0.0
2,2,0.0,0.0,1.0,0.0,0.0,0.0,0.0,0.0,0.0,0.0,0.0
2,2,0.0,0.0,1.0,0.0,0.0,0.0,0.0,0.0,0.0,0.0,0.0
2,2,0.0,0.0,1.0,0.0,0.0,0.0,0.0,0.0,0.0,0.0,0.0
2,2,0.0,0.0,1.0,0.0,0.0,0.0,0.0,0.0,0.0,0.0,0.0
2,2,0.0,0.0,1.0,0.0,0.0,0.0,0.0,0.0,0.0,0.0,0.0
2,2,0.0,0.0,1.0,0.0,0.0,0.0,0.0,0.0,0.0,0.0,0.0
2,2,0.0,0.0,1.0,0.0,0.0,0.0,0.0,0.0,0.0,0.0,0.0
2,2,0.0,0.0,1.0,0.0,0.0,0.0,0.0,0.0,0.0,0.0,0.0
2,2,0.0,0.0,1.0,0.0,0.0,0.0,0.0,0.0,0.0,0.0,0.0
2,2,0.0,0.0,1.0,0.0,0.0,0.0,0.0,0.0,0.0,0.0,0.0
2,2,0.0,0.0,1.0,0.0,0.0,0.0,0.0,0.0,0.0,0.0,0.0
2,2,0.0,0.0,1.0,0.0,0.0,0.0,0.0,0.0,0.0,0.0,0.0
2,2,0.0,0.0,1.0,0.0,0.0,0.0,0.0,0.0,0.0,0.0,0.0
2,2,0.0,0.0,1.0,0.0,0.0,0.0,0.0,0.0,0.0,0.0,0.0
2,2,0.0,0.0,1.0,0.0,0.0,0.0,0.0,0.0,0.0,0.0,0.0
2,2,0.0,0.0,1.0,0.0,0.0,0.0,0.0,0.0,0.0,0.0,0.0
2,2,0.0,0.0,1.0,0.0,0.0,0.0,0.0,0.0,0.0,0.0,0.0
2,2,0.0,0.0,1.0,0.0,0.0,0.0,0.0,0.0,0.0,0.0,0.0
2,2,0.0,0.0,1.0,0.0,0.0,0.0,0.0,0.0,0.0,0.0,0.0
2,2,0.0,0.0,1.0,0.0,0.0,0.0,0.0,0.0,0.0,0.0,0.0
2,2,0.0,0.0,1.0,0.0,0.0,0.0,0.0,0.0,0.0,0.0,0.0
2,2,0.0,0.0,1.0,0.0,0.0,0.0,0.0,0.0,0.0,0.0,0.0
2,2,0.0,0.0,1.0,0.0,0.0,0.0,0.0,0.0,0.0,0.0,0.0
2,2,0.0,0.0,1.0,0.0,0.0,0.0,0.0,0.0,0.0,0.0,0.0
2,2,0.0,0.0,1.0,0.0,0.0,0.0,0.0,0.0,0.0,0.0,0.0
2,2,0.0,0.0,1.0,0.0,0.0,0.0,0.0,0.0,0.0,0.0,0.0
2,2,0.0,0.0,1.0,0.0,0.0,0.0,0.0,0.0,0.0,0.0,0.0
2,2,0.0,0.0,1.0,0.0,0.0,0.0,0.0,0.0,0.0,0.0,0.0
2,2,0.0,0.0,1.0,0.0,0.0,0.0,0.0,0.0,0.0,0.0,0.0
2,2,0.0,0.0,1.0,0.0,0.0,0.0,0.0,0.0,0.0,0.0,0.0
2,2,0.0,0.0,1.0,0.0,0.0,0.0,0.0,0.0,0.0,0.0,0.0
2,2,0.0,0.0,1.0,0.0,0.0,0.0,0.0,0.0,0.0,0.0,0.0
2,2,0.0,0.0,1.0,0.0,0.0,0.0,0.0,0.0,0.0,0.0,0.0
2,2,0.0,0.0,1.0,0.0,0.0,0.0,0.0,0.0,0.0,0.0,0.0
2,2,0.0,0.0,1.0,0.0,0.0,0.0,0.0,0.0,0.0,0.0,0.0
2,2,0.0,0.0,1.0,0.0,0.0,0.0,0.0,0.0,0.0,0.0,0.0
2,2,0.0,0.0,1.0,0.0,0.0,0.0,0.0,0.0,0.0,0.0,0.0
2,2,0.0,0.0,1.0,0.0,0.0,0.0,0.0,0.0,0.0,0.0,0.0
2,2,0.0,0.0,1.0,0.0,0.0,0.0,0.0,0.0,0.0,0.0,0.0
2,2,0.0,0.0,1.0,0.0,0.0,0.0,0.0,0.0,0.0,0.0,0.0
2,2,0.0,0.0,1.0,0.0,0.0,0.0,0.0,0.0,0.0,0.0,0.0
2,2,0.0,0.0,1.0,0.0,0.0,0.0,0.0,0.0,0.0,0.0,0.0
2,2,0.0,0.0,1.0,0.0,0.0,0.0,0.0,0.0,0.0,0.0,0.0
2,2,0.0,0.0,1.0,0.0,0.0,0.0,0.0,0.0,0.0,0.0,0.0
2,2,0.0,0.0,1.0,0.0,0.0,0.0,0.0,0.0,0.0,0.0,0.0
2,2,0.0,0.0,1.0,0.0,0.0,0.0,0.0,0.0,0.0,0.0,0.0
2,2,0.0,0.0,1.0,0.0,0.0,0.0,0.0,0.0,0.0,0.0,0.0
2,2,0.0,0.0,1.0,0.0,0.0,0.0,0.0,0.0,0.0,0.0,0.0
2,2,0.0,0.0,1.0,0.0,0.0,0.0,0.0,0.0,0.0,0.0,0.0
2,2,0.0,0.0,1.0,0.0,0.0,0.0,0.0,0.0,0.0,0.0,0.0
2,2,0.0,0.0,1.0,0.0,0.0,0.0,0.0,0.0,0.0,0.0,0.0
2,2,0.0,0.0,1.0,0.0,0.0,0.0,0.0,0.0,0.0,0.0,0.0
2,2,0.0,0.0,1.0,0.0,0.0,0.0,0.0,0.0,0.0,0.0,0.0
2,2,0.0,0.0,1.0,0.0,0.0,0.0,0.0,0.0,0.0,0.0,0.0
2,2,0.0,0.0,1.0,0.0,0.0,0.0,0.0,0.0,0.0,0.0,0.0
2,2,0.0,0.0,1.0,0.0,0.0,0.0,0.0,0.0,0.0,0.0,0.0
2,2,0.0,0.0,1.0,0.0,0.0,0.0,0.0,0.0,0.0,0.0,0.0
2,2,0.0,0.0,1.0,0.0,0.0,0.0,0.0,0.0,0.0,0.0,0.0
2,2,0.0,0.0,1.0,0.0,0.0,0.0,0.0,0.0,0.0,0.0,0.0
2,2,0.0,0.0,1.0,0.0,0.0,0.0,0.0,0.0,0.0,0.0,0.0
2,2,0.0,0.0,1.0,0.0,0.0,0.0,0.0,0.0,0.0,0.0,0.0
2,2,0.0,0.0,1.0,0.0,0.0,0.0,0.0,0.0,0.0,0.0,0.0
2,2,0.0,0.0,1.0,0.0,0.0,0.0,0.0,0.0,0.0,0.0,0.0
2,2,0.0,0.0,1.0,0.0,0.0,0.0,0.0,0.0,0.0,0.0,0.0
2,2,0.0,0.0,1.0,0.0,0.0,0.0,0.0,0.0,0.0,0.0,0.0
2,2,0.0,0.0,1.0,0.0,0.0,0.0,0.0,0.0,0.0,0.0,0.0
2,2,0.0,0.0,1.0,0.0,0.0,0.0,0.0,0.0,0.0,0.0,0.0
2,2,0.0,0.0,1.0,0.0,0.0,0.0,0.0,0.0,0.0,0.0,0.0
2,2,0.0,0.0,1.0,0.0,0.0,0.0,0.0,0.0,0.0,0.0,0.0
2,2,0.0,0.0,1.0,0.0,0.0,0.0,0.0,0.0,0.0,0.0,0.0
2,2,0.0,0.0,1.0,0.0,0.0,0.0,0.0,0.0,0.0,0.0,0.0
2,2,0.0,0.0,1.0,0.0,0.0,0.0,0.0,0.0,0.0,0.0,0.0
2,2,0.0,0.0,1.0,0.0,0.0,0.0,0.0,0.0,0.0,0.0,0.0
2,2,0.0,0.0,1.0,0.0,0.0,0.0,0.0,0.0,0.0,0.0,0.0
2,2,0.0,0.0,1.0,0.0,0.0,0.0,0.0,0.0,0.0,0.0,0.0
2,2,0.0,0.0,1.0,0.0,0.0,0.0,0.0,0.0,0.0,0.0,0.0
2,2,0.0,0.0,1.0,0.0,0.0,0.0,0.0,0.0,0.0,0.0,0.0
2,2,0.0,0.0,1.0,0.0,0.0,0.0,0.0,0.0,0.0,0.0,0.0
2,2,0.0,0.0,1.0,0.0,0.0,0.0,0.0,0.0,0.0,0.0,0.0
2,2,0.0,0.0,1.0,0.0,0.0,0.0,0.0,0.0,0.0,0.0,0.0
2,2,0.0,0.0,1.0,0.0,0.0,0.0,0.0,0.0,0.0,0.0,0.0
2,2,0.0,0.0,1.0,0.0,0.0,0.0,0.0,0.0,0.0,0.0,0.0
2,2,0.0,0.0,1.0,0.0,0.0,0.0,0.0,0.0,0.0,0.0,0.0
2,2,0.0,0.0,1.0,0.0,0.0,0.0,0.0,0.0,0.0,0.0,0.0
2,2,0.0,0.0,1.0,0.0,0.0,0.0,0.0,0.0,0.0,0.0,0.0
2,2,0.0,0.0,1.0,0.0,0.0,0.0,0.0,0.0,0.0,0.0,0.0
2,2,0.0,0.0,1.0,0.0,0.0,0.0,0.0,0.0,0.0,0.0,0.0
2,2,0.0,0.0,1.0,0.0,0.0,0.0,0.0,0.0,0.0,0.0,0.0
2,2,0.0,0.0,1.0,0.0,0.0,0.0,0.0,0.0,0.0,0.0,0.0
2,2,0.0,0.0,1.0,0.0,0.0,0.0,0.0,0.0,0.0,0.0,0.0
2,2,0.0,0.0,1.0,0.0,0.0,0.0,0.0,0.0,0.0,0.0,0.0
2,2,0.0,0.0,1.0,0.0,0.0,0.0,0.0,0.0,0.0,0.0,0.0
2,2,0.0,0.0,1.0,0.0,0.0,0.0,0.0,0.0,0.0,0.0,0.0
2,2,0.0,0.0,1.0,0.0,0.0,0.0,0.0,0.0,0.0,0.0,0.0
2,2,0.0,0.0,1.0,0.0,0.0,0.0,0.0,0.0,0.0,0.0,0.0
2,2,0.0,0.0,1.0,0.0,0.0,0.0,0.0,0.0,0.0,0.0,0.0
2,2,0.0,0.0,1.0,0.0,0.0,0.0,0.0,0.0,0.0,0.0,0.0
2,2,0.0,0.0,1.0,0.0,0.0,0.0,0.0,0.0,0.0,0.0,0.0
2,2,0.0,0.0,1.0,0.0,0.0,0.0,0.0,0.0,0.0,0.0,0.0
2,2,0.0,0.0,1.0,0.0,0.0,0.0,0.0,0.0,0.0,0.0,0.0
2,2,0.0,0.0,1.0,0.0,0.0,0.0,0.0,0.0,0.0,0.0,0.0
2,2,0.0,0.0,1.0,0.0,0.0,0.0,0.0,0.0,0.0,0.0,0.0
2,2,0.0,0.0,1.0,0.0,0.0,0.0,0.0,0.0,0.0,0.0,0.0
2,2,0.0,0.0,1.0,0.0,0.0,0.0,0.0,0.0,0.0,0.0,0.0
2,2,0.0,0.0,1.0,0.0,0.0,0.0,0.0,0.0,0.0,0.0,0.0
2,2,0.0,0.0,1.0,0.0,0.0,0.0,0.0,0.0,0.0,0.0,0.0
2,2,0.0,0.0,1.0,0.0,0.0,0.0,0.0,0.0,0.0,0.0,0.0
2,2,0.0,0.0,1.0,0.0,0.0,0.0,0.0,0.0,0.0,0.0,0.0
2,2,0.0,0.0,1.0,0.0,0.0,0.0,0.0,0.0,0.0,0.0,0.0
2,2,0.0,0.0,1.0,0.0,0.0,0.0,0.0,0.0,0.0,0.0,0.0
2,2,0.0,0.0,1.0,0.0,0.0,0.0,0.0,0.0,0.0,0.0,0.0
2,2,0.0,0.0,1.0,0.0,0.0,0.0,0.0,0.0,0.0,0.0,0.0
2,2,0.0,0.0,1.0,0.0,0.0,0.0,0.0,0.0,0.0,0.0,0.0
2,2,0.0,0.0,1.0,0.0,0.0,0.0,0.0,0.0,0.0,0.0,0.0
2,2,0.0,0.0,1.0,0.0,0.0,0.0,0.0,0.0,0.0,0.0,0.0
2,2,0.0,0.0,1.0,0.0,0.0,0.0,0.0,0.0,0.0,0.0,0.0
2,2,0.0,0.0,1.0,0.0,0.0,0.0,0.0,0.0,0.0,0.0,0.0
2,2,0.0,0.0,1.0,0.0,0.0,0.0,0.0,0.0,0.0,0.0,0.0
2,2,0.0,0.0,1.0,0.0,0.0,0.0,0.0,0.0,0.0,0.0,0.0
2,2,0.0,0.0,1.0,0.0,0.0,0.0,0.0,0.0,0.0,0.0,0.0
2,2,0.0,0.0,1.0,0.0,0.0,0.0,0.0,0.0,0.0,0.0,0.0
2,2,0.0,0.0,1.0,0.0,0.0,0.0,0.0,0.0,0.0,0.0,0.0
2,2,0.0,0.0,1.0,0.0,0.0,0.0,0.0,0.0,0.0,0.0,0.0
2,2,0.0,0.0,1.0,0.0,0.0,0.0,0.0,0.0,0.0,0.0,0.0
2,2,0.0,0.0,1.0,0.0,0.0,0.0,0.0,0.0,0.0,0.0,0.0
2,2,0.0,0.0,1.0,0.0,0.0,0.0,0.0,0.0,0.0,0.0,0.0
2,2,0.0,0.0,1.0,0.0,0.0,0.0,0.0,0.0,0.0,0.0,0.0
2,2,0.0,0.0,1.0,0.0,0.0,0.0,0.0,0.0,0.0,0.0,0.0
2,2,0.0,0.0,1.0,0.0,0.0,0.0,0.0,0.0,0.0,0.0,0.0
2,2,0.0,0.0,1.0,0.0,0.0,0.0,0.0,0.0,0.0,0.0,0.0
2,2,0.0,0.0,1.0,0.0,0.0,0.0,0.0,0.0,0.0,0.0,0.0
2,2,0.0,0.0,1.0,0.0,0.0,0.0,0.0,0.0,0.0,0.0,0.0
2,2,0.0,0.0,1.0,0.0,0.0,0.0,0.0,0.0,0.0,0.0,0.0
2,2,0.0,0.0,1.0,0.0,0.0,0.0,0.0,0.0,0.0,0.0,0.0
2,2,0.0,0.0,1.0,0.0,0.0,0.0,0.0,0.0,0.0,0.0,0.0
2,2,0.0,0.0,1.0,0.0,0.0,0.0,0.0,0.0,0.0,0.0,0.0
2,2,0.0,0.0,1.0,0.0,0.0,0.0,0.0,0.0,0.0,0.0,0.0
2,2,0.0,0.0,1.0,0.0,0.0,0.0,0.0,0.0,0.0,0.0,0.0
2,2,0.0,0.0,1.0,0.0,0.0,0.0,0.0,0.0,0.0,0.0,0.0
2,2,0.0,0.0,1.0,0.0,0.0,0.0,0.0,0.0,0.0,0.0,0.0
2,2,0.0,0.0,1.0,0.0,0.0,0.0,0.0,0.0,0.0,0.0,0.0
2,2,0.0,0.0,1.0,0.0,0.0,0.0,0.0,0.0,0.0,0.0,0.0
2,2,0.0,0.0,1.0,0.0,0.0,0.0,0.0,0.0,0.0,0.0,0.0
2,2,0.0,0.0,1.0,0.0,0.0,0.0,0.0,0.0,0.0,0.0,0.0
2,2,0.0,0.0,1.0,0.0,0.0,0.0,0.0,0.0,0.0,0.0,0.0
2,2,0.0,0.0,1.0,0.0,0.0,0.0,0.0,0.0,0.0,0.0,0.0
2,2,0.0,0.0,1.0,0.0,0.0,0.0,0.0,0.0,0.0,0.0,0.0
2,2,0.0,0.0,1.0,0.0,0.0,0.0,0.0,0.0,0.0,0.0,0.0
2,2,0.0,0.0,1.0,0.0,0.0,0.0,0.0,0.0,0.0,0.0,0.0
2,2,0.0,0.0,1.0,0.0,0.0,0.0,0.0,0.0,0.0,0.0,0.0
2,2,0.0,0.0,1.0,0.0,0.0,0.0,0.0,0.0,0.0,0.0,0.0
2,2,0.0,0.0,1.0,0.0,0.0,0.0,0.0,0.0,0.0,0.0,0.0
2,2,0.0,0.0,1.0,0.0,0.0,0.0,0.0,0.0,0.0,0.0,0.0
2,2,0.0,0.0,1.0,0.0,0.0,0.0,0.0,0.0,0.0,0.0,0.0
2,2,0.0,0.0,1.0,0.0,0.0,0.0,0.0,0.0,0.0,0.0,0.0
2,2,0.0,0.0,1.0,0.0,0.0,0.0,0.0,0.0,0.0,0.0,0.0
2,2,0.0,0.0,1.0,0.0,0.0,0.0,0.0,0.0,0.0,0.0,0.0
2,2,0.0,0.0,1.0,0.0,0.0,0.0,0.0,0.0,0.0,0.0,0.0
2,2,0.0,0.0,1.0,0.0,0.0,0.0,0.0,0.0,0.0,0.0,0.0
2,2,0.0,0.0,1.0,0.0,0.0,0.0,0.0,0.0,0.0,0.0,0.0
2,2,0.0,0.0,1.0,0.0,0.0,0.0,0.0,0.0,0.0,0.0,0.0
2,2,0.0,0.0,1.0,0.0,0.0,0.0,0.0,0.0,0.0,0.0,0.0
2,2,0.0,0.0,1.0,0.0,0.0,0.0,0.0,0.0,0.0,0.0,0.0
2,2,0.0,0.0,1.0,0.0,0.0,0.0,0.0,0.0,0.0,0.0,0.0
2,2,0.0,0.0,1.0,0.0,0.0,0.0,0.0,0.0,0.0,0.0,0.0
2,2,0.0,0.0,1.0,0.0,0.0,0.0,0.0,0.0,0.0,0.0,0.0
2,2,0.0,0.0,1.0,0.0,0.0,0.0,0.0,0.0,0.0,0.0,0.0
2,2,0.0,0.0,1.0,0.0,0.0,0.0,0.0,0.0,0.0,0.0,0.0
2,2,0.0,0.0,1.0,0.0,0.0,0.0,0.0,0.0,0.0,0.0,0.0
2,2,0.0,0.0,1.0,0.0,0.0,0.0,0.0,0.0,0.0,0.0,0.0
2,2,0.0,0.0,1.0,0.0,0.0,0.0,0.0,0.0,0.0,0.0,0.0
2,2,0.0,0.0,1.0,0.0,0.0,0.0,0.0,0.0,0.0,0.0,0.0
2,2,0.0,0.0,1.0,0.0,0.0,0.0,0.0,0.0,0.0,0.0,0.0
2,2,0.0,0.0,1.0,0.0,0.0,0.0,0.0,0.0,0.0,0.0,0.0
2,2,0.0,0.0,1.0,0.0,0.0,0.0,0.0,0.0,0.0,0.0,0.0
2,2,0.0,0.0,1.0,0.0,0.0,0.0,0.0,0.0,0.0,0.0,0.0
2,2,0.0,0.0,1.0,0.0,0.0,0.0,0.0,0.0,0.0,0.0,0.0
2,2,0.0,0.0,1.0,0.0,0.0,0.0,0.0,0.0,0.0,0.0,0.0
2,2,0.0,0.0,1.0,0.0,0.0,0.0,0.0,0.0,0.0,0.0,0.0
2,2,0.0,0.0,1.0,0.0,0.0,0.0,0.0,0.0,0.0,0.0,0.0
2,2,0.0,0.0,1.0,0.0,0.0,0.0,0.0,0.0,0.0,0.0,0.0
2,2,0.0,0.0,1.0,0.0,0.0,0.0,0.0,0.0,0.0,0.0,0.0
2,2,0.0,0.0,1.0,0.0,0.0,0.0,0.0,0.0,0.0,0.0,0.0
2,2,0.0,0.0,1.0,0.0,0.0,0.0,0.0,0.0,0.0,0.0,0.0
2,2,0.0,0.0,1.0,0.0,0.0,0.0,0.0,0.0,0.0,0.0,0.0
2,2,0.0,0.0,1.0,0.0,0.0,0.0,0.0,0.0,0.0,0.0,0.0
2,2,0.0,0.0,1.0,0.0,0.0,0.0,0.0,0.0,0.0,0.0,0.0
2,2,0.0,0.0,1.0,0.0,0.0,0.0,0.0,0.0,0.0,0.0,0.0
2,2,0.0,0.0,1.0,0.0,0.0,0.0,0.0,0.0,0.0,0.0,0.0
2,2,0.0,0.0,1.0,0.0,0.0,0.0,0.0,0.0,0.0,0.0,0.0
2,2,0.0,0.0,1.0,0.0,0.0,0.0,0.0,0.0,0.0,0.0,0.0
2,2,0.0,0.0,1.0,0.0,0.0,0.0,0.0,0.0,0.0,0.0,0.0
2,2,0.0,0.0,1.0,0.0,0.0,0.0,0.0,0.0,0.0,0.0,0.0
2,2,0.0,0.0,1.0,0.0,0.0,0.0,0.0,0.0,0.0,0.0,0.0
2,2,0.0,0.0,1.0,0.0,0.0,0.0,0.0,0.0,0.0,0.0,0.0
2,2,0.0,0.0,1.0,0.0,0.0,0.0,0.0,0.0,0.0,0.0,0.0
2,2,0.0,0.0,1.0,0.0,0.0,0.0,0.0,0.0,0.0,0.0,0.0
2,2,0.0,0.0,1.0,0.0,0.0,0.0,0.0,0.0,0.0,0.0,0.0
2,2,0.0,0.0,1.0,0.0,0.0,0.0,0.0,0.0,0.0,0.0,0.0
2,2,0.0,0.0,1.0,0.0,0.0,0.0,0.0,0.0,0.0,0.0,0.0
2,2,0.0,0.0,1.0,0.0,0.0,0.0,0.0,0.0,0.0,0.0,0.0
2,2,0.0,0.0,1.0,0.0,0.0,0.0,0.0,0.0,0.0,0.0,0.0
2,2,0.0,0.0,1.0,0.0,0.0,0.0,0.0,0.0,0.0,0.0,0.0
2,2,0.0,0.0,1.0,0.0,0.0,0.0,0.0,0.0,0.0,0.0,0.0
2,2,0.0,0.0,1.0,0.0,0.0,0.0,0.0,0.0,0.0,0.0,0.0
2,2,0.0,0.0,1.0,0.0,0.0,0.0,0.0,0.0,0.0,0.0,0.0
2,2,0.0,0.0,1.0,0.0,0.0,0.0,0.0,0.0,0.0,0.0,0.0
2,2,0.0,0.0,1.0,0.0,0.0,0.0,0.0,0.0,0.0,0.0,0.0
2,2,0.0,0.0,1.0,0.0,0.0,0.0,0.0,0.0,0.0,0.0,0.0
2,2,0.0,0.0,1.0,0.0,0.0,0.0,0.0,0.0,0.0,0.0,0.0
2,2,0.0,0.0,1.0,0.0,0.0,0.0,0.0,0.0,0.0,0.0,0.0
2,2,0.0,0.0,1.0,0.0,0.0,0.0,0.0,0.0,0.0,0.0,0.0
2,2,0.0,0.0,1.0,0.0,0.0,0.0,0.0,0.0,0.0,0.0,0.0
2,2,0.0,0.0,1.0,0.0,0.0,0.0,0.0,0.0,0.0,0.0,0.0
2,2,0.0,0.0,1.0,0.0,0.0,0.0,0.0,0.0,0.0,0.0,0.0
2,2,0.0,0.0,1.0,0.0,0.0,0.0,0.0,0.0,0.0,0.0,0.0
2,2,0.0,0.0,1.0,0.0,0.0,0.0,0.0,0.0,0.0,0.0,0.0
2,2,0.0,0.0,1.0,0.0,0.0,0.0,0.0,0.0,0.0,0.0,0.0
2,2,0.0,0.0,1.0,0.0,0.0,0.0,0.0,0.0,0.0,0.0,0.0
2,2,0.0,0.0,1.0,0.0,0.0,0.0,0.0,0.0,0.0,0.0,0.0
2,2,0.0,0.0,1.0,0.0,0.0,0.0,0.0,0.0,0.0,0.0,0.0
2,2,0.0,0.0,1.0,0.0,0.0,0.0,0.0,0.0,0.0,0.0,0.0
2,2,0.0,0.0,1.0,0.0,0.0,0.0,0.0,0.0,0.0,0.0,0.0
2,2,0.0,0.0,1.0,0.0,0.0,0.0,0.0,0.0,0.0,0.0,0.0
2,2,0.0,0.0,1.0,0.0,0.0,0.0,0.0,0.0,0.0,0.0,0.0
2,2,0.0,0.0,1.0,0.0,0.0,0.0,0.0,0.0,0.0,0.0,0.0
2,2,0.0,0.0,1.0,0.0,0.0,0.0,0.0,0.0,0.0,0.0,0.0
2,2,0.0,0.0,1.0,0.0,0.0,0.0,0.0,0.0,0.0,0.0,0.0
2,2,0.0,0.0,1.0,0.0,0.0,0.0,0.0,0.0,0.0,0.0,0.0
2,2,0.0,0.0,1.0,0.0,0.0,0.0,0.0,0.0,0.0,0.0,0.0
2,2,0.0,0.0,1.0,0.0,0.0,0.0,0.0,0.0,0.0,0.0,0.0
2,2,0.0,0.0,1.0,0.0,0.0,0.0,0.0,0.0,0.0,0.0,0.0
2,2,0.0,0.0,1.0,0.0,0.0,0.0,0.0,0.0,0.0,0.0,0.0
2,2,0.0,0.0,1.0,0.0,0.0,0.0,0.0,0.0,0.0,0.0,0.0
2,2,0.0,0.0,1.0,0.0,0.0,0.0,0.0,0.0,0.0,0.0,0.0
2,2,0.0,0.0,1.0,0.0,0.0,0.0,0.0,0.0,0.0,0.0,0.0
2,2,0.0,0.0,1.0,0.0,0.0,0.0,0.0,0.0,0.0,0.0,0.0
2,2,0.0,0.0,1.0,0.0,0.0,0.0,0.0,0.0,0.0,0.0,0.0
2,2,0.0,0.0,1.0,0.0,0.0,0.0,0.0,0.0,0.0,0.0,0.0
2,2,0.0,0.0,1.0,0.0,0.0,0.0,0.0,0.0,0.0,0.0,0.0
2,2,0.0,0.0,1.0,0.0,0.0,0.0,0.0,0.0,0.0,0.0,0.0
2,2,0.0,0.0,1.0,0.0,0.0,0.0,0.0,0.0,0.0,0.0,0.0
2,2,0.0,0.0,1.0,0.0,0.0,0.0,0.0,0.0,0.0,0.0,0.0
2,2,0.0,0.0,1.0,0.0,0.0,0.0,0.0,0.0,0.0,0.0,0.0
2,2,0.0,0.0,1.0,0.0,0.0,0.0,0.0,0.0,0.0,0.0,0.0
2,2,0.0,0.0,1.0,0.0,0.0,0.0,0.0,0.0,0.0,0.0,0.0
2,2,0.0,0.0,1.0,0.0,0.0,0.0,0.0,0.0,0.0,0.0,0.0
2,2,0.0,0.0,1.0,0.0,0.0,0.0,0.0,0.0,0.0,0.0,0.0
2,2,0.0,0.0,1.0,0.0,0.0,0.0,0.0,0.0,0.0,0.0,0.0
2,2,0.0,0.0,1.0,0.0,0.0,0.0,0.0,0.0,0.0,0.0,0.0
2,2,0.0,0.0,1.0,0.0,0.0,0.0,0.0,0.0,0.0,0.0,0.0
2,2,0.0,0.0,1.0,0.0,0.0,0.0,0.0,0.0,0.0,0.0,0.0
2,2,0.0,0.0,1.0,0.0,0.0,0.0,0.0,0.0,0.0,0.0,0.0
2,2,0.0,0.0,1.0,0.0,0.0,0.0,0.0,0.0,0.0,0.0,0.0
2,2,0.0,0.0,1.0,0.0,0.0,0.0,0.0,0.0,0.0,0.0,0.0
2,2,0.0,0.0,1.0,0.0,0.0,0.0,0.0,0.0,0.0,0.0,0.0
2,2,0.0,0.0,1.0,0.0,0.0,0.0,0.0,0.0,0.0,0.0,0.0
2,2,0.0,0.0,1.0,0.0,0.0,0.0,0.0,0.0,0.0,0.0,0.0
2,2,0.0,0.0,1.0,0.0,0.0,0.0,0.0,0.0,0.0,0.0,0.0
2,2,0.0,0.0,1.0,0.0,0.0,0.0,0.0,0.0,0.0,0.0,0.0
2,2,0.0,0.0,1.0,0.0,0.0,0.0,0.0,0.0,0.0,0.0,0.0
2,2,0.0,0.0,1.0,0.0,0.0,0.0,0.0,0.0,0.0,0.0,0.0
2,2,0.0,0.0,1.0,0.0,0.0,0.0,0.0,0.0,0.0,0.0,0.0
2,2,0.0,0.0,1.0,0.0,0.0,0.0,0.0,0.0,0.0,0.0,0.0
2,2,0.0,0.0,1.0,0.0,0.0,0.0,0.0,0.0,0.0,0.0,0.0
2,2,0.0,0.0,1.0,0.0,0.0,0.0,0.0,0.0,0.0,0.0,0.0
2,2,0.0,0.0,1.0,0.0,0.0,0.0,0.0,0.0,0.0,0.0,0.0
2,2,0.0,0.0,1.0,0.0,0.0,0.0,0.0,0.0,0.0,0.0,0.0
2,2,0.0,0.0,1.0,0.0,0.0,0.0,0.0,0.0,0.0,0.0,0.0
2,2,0.0,0.0,1.0,0.0,0.0,0.0,0.0,0.0,0.0,0.0,0.0
2,2,0.0,0.0,1.0,0.0,0.0,0.0,0.0,0.0,0.0,0.0,0.0
2,2,0.0,0.0,1.0,0.0,0.0,0.0,0.0,0.0,0.0,0.0,0.0
2,2,0.0,0.0,1.0,0.0,0.0,0.0,0.0,0.0,0.0,0.0,0.0
2,2,0.0,0.0,1.0,0.0,0.0,0.0,0.0,0.0,0.0,0.0,0.0
2,2,0.0,0.0,1.0,0.0,0.0,0.0,0.0,0.0,0.0,0.0,0.0
2,2,0.0,0.0,1.0,0.0,0.0,0.0,0.0,0.0,0.0,0.0,0.0
2,2,0.0,0.0,1.0,0.0,0.0,0.0,0.0,0.0,0.0,0.0,0.0
2,2,0.0,0.0,1.0,0.0,0.0,0.0,0.0,0.0,0.0,0.0,0.0
2,2,0.0,0.0,1.0,0.0,0.0,0.0,0.0,0.0,0.0,0.0,0.0
2,2,0.0,0.0,1.0,0.0,0.0,0.0,0.0,0.0,0.0,0.0,0.0
2,2,0.0,0.0,1.0,0.0,0.0,0.0,0.0,0.0,0.0,0.0,0.0
2,2,0.0,0.0,1.0,0.0,0.0,0.0,0.0,0.0,0.0,0.0,0.0
2,2,0.0,0.0,1.0,0.0,0.0,0.0,0.0,0.0,0.0,0.0,0.0
2,2,0.0,0.0,1.0,0.0,0.0,0.0,0.0,0.0,0.0,0.0,0.0
2,2,0.0,0.0,1.0,0.0,0.0,0.0,0.0,0.0,0.0,0.0,0.0
2,2,0.0,0.0,1.0,0.0,0.0,0.0,0.0,0.0,0.0,0.0,0.0
2,2,0.0,0.0,1.0,0.0,0.0,0.0,0.0,0.0,0.0,0.0,0.0
2,2,0.0,0.0,1.0,0.0,0.0,0.0,0.0,0.0,0.0,0.0,0.0
2,2,0.0,0.0,1.0,0.0,0.0,0.0,0.0,0.0,0.0,0.0,0.0
2,2,0.0,0.0,1.0,0.0,0.0,0.0,0.0,0.0,0.0,0.0,0.0
2,2,0.0,0.0,1.0,0.0,0.0,0.0,0.0,0.0,0.0,0.0,0.0
2,2,0.0,0.0,1.0,0.0,0.0,0.0,0.0,0.0,0.0,0.0,0.0
2,2,0.0,0.0,1.0,0.0,0.0,0.0,0.0,0.0,0.0,0.0,0.0
2,2,0.0,0.0,1.0,0.0,0.0,0.0,0.0,0.0,0.0,0.0,0.0
2,2,0.0,0.0,1.0,0.0,0.0,0.0,0.0,0.0,0.0,0.0,0.0
2,2,0.0,0.0,1.0,0.0,0.0,0.0,0.0,0.0,0.0,0.0,0.0
2,2,0.0,0.0,1.0,0.0,0.0,0.0,0.0,0.0,0.0,0.0,0.0
2,2,0.0,0.0,1.0,0.0,0.0,0.0,0.0,0.0,0.0,0.0,0.0
2,2,0.0,0.0,1.0,0.0,0.0,0.0,0.0,0.0,0.0,0.0,0.0
2,2,0.0,0.0,1.0,0.0,0.0,0.0,0.0,0.0,0.0,0.0,0.0
2,2,0.0,0.0,1.0,0.0,0.0,0.0,0.0,0.0,0.0,0.0,0.0
2,2,0.0,0.0,1.0,0.0,0.0,0.0,0.0,0.0,0.0,0.0,0.0
2,2,0.0,0.0,1.0,0.0,0.0,0.0,0.0,0.0,0.0,0.0,0.0
2,2,0.0,0.0,1.0,0.0,0.0,0.0,0.0,0.0,0.0,0.0,0.0
2,2,0.0,0.0,1.0,0.0,0.0,0.0,0.0,0.0,0.0,0.0,0.0
2,2,0.0,0.0,1.0,0.0,0.0,0.0,0.0,0.0,0.0,0.0,0.0
2,2,0.0,0.0,1.0,0.0,0.0,0.0,0.0,0.0,0.0,0.0,0.0
2,2,0.0,0.0,1.0,0.0,0.0,0.0,0.0,0.0,0.0,0.0,0.0
2,2,0.0,0.0,1.0,0.0,0.0,0.0,0.0,0.0,0.0,0.0,0.0
2,2,0.0,0.0,1.0,0.0,0.0,0.0,0.0,0.0,0.0,0.0,0.0
2,2,0.0,0.0,1.0,0.0,0.0,0.0,0.0,0.0,0.0,0.0,0.0
2,2,0.0,0.0,1.0,0.0,0.0,0.0,0.0,0.0,0.0,0.0,0.0
2,2,0.0,0.0,1.0,0.0,0.0,0.0,0.0,0.0,0.0,0.0,0.0
2,2,0.0,0.0,1.0,0.0,0.0,0.0,0.0,0.0,0.0,0.0,0.0
2,2,0.0,0.0,1.0,0.0,0.0,0.0,0.0,0.0,0.0,0.0,0.0
2,2,0.0,0.0,1.0,0.0,0.0,0.0,0.0,0.0,0.0,0.0,0.0
2,2,0.0,0.0,1.0,0.0,0.0,0.0,0.0,0.0,0.0,0.0,0.0
2,2,0.0,0.0,1.0,0.0,0.0,0.0,0.0,0.0,0.0,0.0,0.0
2,2,0.0,0.0,1.0,0.0,0.0,0.0,0.0,0.0,0.0,0.0,0.0
2,2,0.0,0.0,1.0,0.0,0.0,0.0,0.0,0.0,0.0,0.0,0.0
2,2,0.0,0.0,1.0,0.0,0.0,0.0,0.0,0.0,0.0,0.0,0.0
2,2,0.0,0.0,1.0,0.0,0.0,0.0,0.0,0.0,0.0,0.0,0.0
2,2,0.0,0.0,1.0,0.0,0.0,0.0,0.0,0.0,0.0,0.0,0.0
2,2,0.0,0.0,1.0,0.0,0.0,0.0,0.0,0.0,0.0,0.0,0.0
2,2,0.0,0.0,1.0,0.0,0.0,0.0,0.0,0.0,0.0,0.0,0.0
2,2,0.0,0.0,1.0,0.0,0.0,0.0,0.0,0.0,0.0,0.0,0.0
2,2,0.0,0.0,1.0,0.0,0.0,0.0,0.0,0.0,0.0,0.0,0.0
2,2,0.0,0.0,1.0,0.0,0.0,0.0,0.0,0.0,0.0,0.0,0.0
2,2,0.0,0.0,1.0,0.0,0.0,0.0,0.0,0.0,0.0,0.0,0.0
2,2,0.0,0.0,1.0,0.0,0.0,0.0,0.0,0.0,0.0,0.0,0.0
2,2,0.0,0.0,1.0,0.0,0.0,0.0,0.0,0.0,0.0,0.0,0.0
2,2,0.0,0.0,1.0,0.0,0.0,0.0,0.0,0.0,0.0,0.0,0.0
2,2,0.0,0.0,1.0,0.0,0.0,0.0,0.0,0.0,0.0,0.0,0.0
2,2,0.0,0.0,1.0,0.0,0.0,0.0,0.0,0.0,0.0,0.0,0.0
2,2,0.0,0.0,1.0,0.0,0.0,0.0,0.0,0.0,0.0,0.0,0.0
2,2,0.0,0.0,1.0,0.0,0.0,0.0,0.0,0.0,0.0,0.0,0.0
2,2,0.0,0.0,1.0,0.0,0.0,0.0,0.0,0.0,0.0,0.0,0.0
2,2,0.0,0.0,1.0,0.0,0.0,0.0,0.0,0.0,0.0,0.0,0.0
2,2,0.0,0.0,1.0,0.0,0.0,0.0,0.0,0.0,0.0,0.0,0.0
2,2,0.0,0.0,1.0,0.0,0.0,0.0,0.0,0.0,0.0,0.0,0.0
2,2,0.0,0.0,1.0,0.0,0.0,0.0,0.0,0.0,0.0,0.0,0.0
2,2,0.0,0.0,1.0,0.0,0.0,0.0,0.0,0.0,0.0,0.0,0.0
2,2,0.0,0.0,1.0,0.0,0.0,0.0,0.0,0.0,0.0,0.0,0.0
2,2,0.0,0.0,1.0,0.0,0.0,0.0,0.0,0.0,0.0,0.0,0.0
2,2,0.0,0.0,1.0,0.0,0.0,0.0,0.0,0.0,0.0,0.0,0.0
2,2,0.0,0.0,1.0,0.0,0.0,0.0,0.0,0.0,0.0,0.0,0.0
2,2,0.0,0.0,1.0,0.0,0.0,0.0,0.0,0.0,0.0,0.0,0.0
2,2,0.0,0.0,1.0,0.0,0.0,0.0,0.0,0.0,0.0,0.0,0.0
2,2,0.0,0.0,1.0,0.0,0.0,0.0,0.0,0.0,0.0,0.0,0.0
2,2,0.0,0.0,1.0,0.0,0.0,0.0,0.0,0.0,0.0,0.0,0.0
2,2,0.0,0.0,1.0,0.0,0.0,0.0,0.0,0.0,0.0,0.0,0.0
2,2,0.0,0.0,1.0,0.0,0.0,0.0,0.0,0.0,0.0,0.0,0.0
2,2,0.0,0.0,1.0,0.0,0.0,0.0,0.0,0.0,0.0,0.0,0.0
2,2,0.0,0.0,1.0,0.0,0.0,0.0,0.0,0.0,0.0,0.0,0.0
2,2,0.0,0.0,1.0,0.0,0.0,0.0,0.0,0.0,0.0,0.0,0.0
2,2,0.0,0.0,1.0,0.0,0.0,0.0,0.0,0.0,0.0,0.0,0.0
2,2,0.0,0.0,1.0,0.0,0.0,0.0,0.0,0.0,0.0,0.0,0.0
2,2,0.0,0.0,1.0,0.0,0.0,0.0,0.0,0.0,0.0,0.0,0.0
2,2,0.0,0.0,1.0,0.0,0.0,0.0,0.0,0.0,0.0,0.0,0.0
2,2,0.0,0.0,1.0,0.0,0.0,0.0,0.0,0.0,0.0,0.0,0.0
2,2,0.0,0.0,1.0,0.0,0.0,0.0,0.0,0.0,0.0,0.0,0.0
2,2,0.0,0.0,1.0,0.0,0.0,0.0,0.0,0.0,0.0,0.0,0.0
2,2,0.0,0.0,1.0,0.0,0.0,0.0,0.0,0.0,0.0,0.0,0.0
2,2,0.0,0.0,1.0,0.0,0.0,0.0,0.0,0.0,0.0,0.0,0.0
2,2,0.0,0.0,1.0,0.0,0.0,0.0,0.0,0.0,0.0,0.0,0.0
2,2,0.0,0.0,1.0,0.0,0.0,0.0,0.0,0.0,0.0,0.0,0.0
2,2,0.0,0.0,1.0,0.0,0.0,0.0,0.0,0.0,0.0,0.0,0.0
2,2,0.0,0.0,1.0,0.0,0.0,0.0,0.0,0.0,0.0,0.0,0.0
2,2,0.0,0.0,1.0,0.0,0.0,0.0,0.0,0.0,0.0,0.0,0.0
2,2,0.0,0.0,1.0,0.0,0.0,0.0,0.0,0.0,0.0,0.0,0.0
2,2,0.0,0.0,1.0,0.0,0.0,0.0,0.0,0.0,0.0,0.0,0.0
2,2,0.0,0.0,1.0,0.0,0.0,0.0,0.0,0.0,0.0,0.0,0.0
2,2,0.0,0.0,1.0,0.0,0.0,0.0,0.0,0.0,0.0,0.0,0.0
2,2,0.0,0.0,1.0,0.0,0.0,0.0,0.0,0.0,0.0,0.0,0.0
2,2,0.0,0.0,1.0,0.0,0.0,0.0,0.0,0.0,0.0,0.0,0.0
2,2,0.0,0.0,1.0,0.0,0.0,0.0,0.0,0.0,0.0,0.0,0.0
2,2,0.0,0.0,1.0,0.0,0.0,0.0,0.0,0.0,0.0,0.0,0.0
2,2,0.0,0.0,1.0,0.0,0.0,0.0,0.0,0.0,0.0,0.0,0.0
2,2,0.0,0.0,1.0,0.0,0.0,0.0,0.0,0.0,0.0,0.0,0.0
2,2,0.0,0.0,1.0,0.0,0.0,0.0,0.0,0.0,0.0,0.0,0.0
2,2,0.0,0.0,1.0,0.0,0.0,0.0,0.0,0.0,0.0,0.0,0.0
2,2,0.0,0.0,1.0,0.0,0.0,0.0,0.0,0.0,0.0,0.0,0.0
2,2,0.0,0.0,1.0,0.0,0.0,0.0,0.0,0.0,0.0,0.0,0.0
2,2,0.0,0.0,1.0,0.0,0.0,0.0,0.0,0.0,0.0,0.0,0.0
2,2,0.0,0.0,1.0,0.0,0.0,0.0,0.0,0.0,0.0,0.0,0.0
2,2,0.0,0.0,1.0,0.0,0.0,0.0,0.0,0.0,0.0,0.0,0.0
2,2,0.0,0.0,1.0,0.0,0.0,0.0,0.0,0.0,0.0,0.0,0.0
2,2,0.0,0.0,1.0,0.0,0.0,0.0,0.0,0.0,0.0,0.0,0.0
2,2,0.0,0.0,1.0,0.0,0.0,0.0,0.0,0.0,0.0,0.0,0.0
2,2,0.0,0.0,1.0,0.0,0.0,0.0,0.0,0.0,0.0,0.0,0.0
2,2,0.0,0.0,1.0,0.0,0.0,0.0,0.0,0.0,0.0,0.0,0.0
2,2,0.0,0.0,1.0,0.0,0.0,0.0,0.0,0.0,0.0,0.0,0.0
2,2,0.0,0.0,1.0,0.0,0.0,0.0,0.0,0.0,0.0,0.0,0.0
2,2,0.0,0.0,1.0,0.0,0.0,0.0,0.0,0.0,0.0,0.0,0.0
2,2,0.0,0.0,1.0,0.0,0.0,0.0,0.0,0.0,0.0,0.0,0.0
2,2,0.0,0.0,1.0,0.0,0.0,0.0,0.0,0.0,0.0,0.0,0.0
2,2,0.0,0.0,1.0,0.0,0.0,0.0,0.0,0.0,0.0,0.0,0.0
2,2,0.0,0.0,1.0,0.0,0.0,0.0,0.0,0.0,0.0,0.0,0.0
2,2,0.0,0.0,1.0,0.0,0.0,0.0,0.0,0.0,0.0,0.0,0.0
2,2,0.0,0.0,1.0,0.0,0.0,0.0,0.0,0.0,0.0,0.0,0.0
2,2,0.0,0.0,1.0,0.0,0.0,0.0,0.0,0.0,0.0,0.0,0.0
2,2,0.0,0.0,1.0,0.0,0.0,0.0,0.0,0.0,0.0,0.0,0.0
2,2,0.0,0.0,1.0,0.0,0.0,0.0,0.0,0.0,0.0,0.0,0.0
2,2,0.0,0.0,1.0,0.0,0.0,0.0,0.0,0.0,0.0,0.0,0.0
2,2,0.0,0.0,1.0,0.0,0.0,0.0,0.0,0.0,0.0,0.0,0.0
2,2,0.0,0.0,1.0,0.0,0.0,0.0,0.0,0.0,0.0,0.0,0.0
2,2,0.0,0.0,1.0,0.0,0.0,0.0,0.0,0.0,0.0,0.0,0.0
2,2,0.0,0.0,1.0,0.0,0.0,0.0,0.0,0.0,0.0,0.0,0.0
2,2,0.0,0.0,1.0,0.0,0.0,0.0,0.0,0.0,0.0,0.0,0.0
2,2,0.0,0.0,1.0,0.0,0.0,0.0,0.0,0.0,0.0,0.0,0.0
2,2,0.0,0.0,1.0,0.0,0.0,0.0,0.0,0.0,0.0,0.0,0.0
2,2,0.0,0.0,1.0,0.0,0.0,0.0,0.0,0.0,0.0,0.0,0.0
2,2,0.0,0.0,1.0,0.0,0.0,0.0,0.0,0.0,0.0,0.0,0.0
2,2,0.0,0.0,1.0,0.0,0.0,0.0,0.0,0.0,0.0,0.0,0.0
2,2,0.0,0.0,1.0,0.0,0.0,0.0,0.0,0.0,0.0,0.0,0.0
2,2,0.0,0.0,1.0,0.0,0.0,0.0,0.0,0.0,0.0,0.0,0.0
2,2,0.0,0.0,1.0,0.0,0.0,0.0,0.0,0.0,0.0,0.0,0.0
2,2,0.0,0.0,1.0,0.0,0.0,0.0,0.0,0.0,0.0,0.0,0.0
2,2,0.0,0.0,1.0,0.0,0.0,0.0,0.0,0.0,0.0,0.0,0.0
2,2,0.0,0.0,1.0,0.0,0.0,0.0,0.0,0.0,0.0,0.0,0.0
2,2,0.0,0.0,1.0,0.0,0.0,0.0,0.0,0.0,0.0,0.0,0.0
2,2,0.0,0.0,1.0,0.0,0.0,0.0,0.0,0.0,0.0,0.0,0.0
2,2,0.0,0.0,1.0,0.0,0.0,0.0,0.0,0.0,0.0,0.0,0.0
2,2,0.0,0.0,1.0,0.0,0.0,0.0,0.0,0.0,0.0,0.0,0.0
2,2,0.0,0.0,1.0,0.0,0.0,0.0,0.0,0.0,0.0,0.0,0.0
2,2,0.0,0.0,1.0,0.0,0.0,0.0,0.0,0.0,0.0,0.0,0.0
2,2,0.0,0.0,1.0,0.0,0.0,0.0,0.0,0.0,0.0,0.0,0.0
2,2,0.0,0.0,1.0,0.0,0.0,0.0,0.0,0.0,0.0,0.0,0.0
2,2,0.0,0.0,1.0,0.0,0.0,0.0,0.0,0.0,0.0,0.0,0.0
2,2,0.0,0.0,1.0,0.0,0.0,0.0,0.0,0.0,0.0,0.0,0.0
2,2,0.0,0.0,1.0,0.0,0.0,0.0,0.0,0.0,0.0,0.0,0.0
2,2,0.0,0.0,1.0,0.0,0.0,0.0,0.0,0.0,0.0,0.0,0.0
2,2,0.0,0.0,1.0,0.0,0.0,0.0,0.0,0.0,0.0,0.0,0.0
2,2,0.0,0.0,1.0,0.0,0.0,0.0,0.0,0.0,0.0,0.0,0.0
2,2,0.0,0.0,1.0,0.0,0.0,0.0,0.0,0.0,0.0,0.0,0.0
2,2,0.0,0.0,1.0,0.0,0.0,0.0,0.0,0.0,0.0,0.0,0.0
2,2,0.0,0.0,1.0,0.0,0.0,0.0,0.0,0.0,0.0,0.0,0.0
2,2,0.0,0.0,1.0,0.0,0.0,0.0,0.0,0.0,0.0,0.0,0.0
2,2,0.0,0.0,1.0,0.0,0.0,0.0,0.0,0.0,0.0,0.0,0.0
2,2,0.0,0.0,1.0,0.0,0.0,0.0,0.0,0.0,0.0,0.0,0.0
2,2,0.0,0.0,1.0,0.0,0.0,0.0,0.0,0.0,0.0,0.0,0.0
2,2,0.0,0.0,1.0,0.0,0.0,0.0,0.0,0.0,0.0,0.0,0.0
2,2,0.0,0.0,1.0,0.0,0.0,0.0,0.0,0.0,0.0,0.0,0.0
2,2,0.0,0.0,1.0,0.0,0.0,0.0,0.0,0.0,0.0,0.0,0.0
2,2,0.0,0.0,1.0,0.0,0.0,0.0,0.0,0.0,0.0,0.0,0.0
2,2,0.0,0.0,1.0,0.0,0.0,0.0,0.0,0.0,0.0,0.0,0.0
2,2,0.0,0.0,1.0,0.0,0.0,0.0,0.0,0.0,0.0,0.0,0.0
2,2,0.0,0.0,1.0,0.0,0.0,0.0,0.0,0.0,0.0,0.0,0.0
2,2,0.0,0.0,1.0,0.0,0.0,0.0,0.0,0.0,0.0,0.0,0.0
2,2,0.0,0.0,1.0,0.0,0.0,0.0,0.0,0.0,0.0,0.0,0.0
2,2,0.0,0.0,1.0,0.0,0.0,0.0,0.0,0.0,0.0,0.0,0.0
2,2,0.0,0.0,1.0,0.0,0.0,0.0,0.0,0.0,0.0,0.0,0.0
2,2,0.0,0.0,1.0,0.0,0.0,0.0,0.0,0.0,0.0,0.0,0.0
2,2,0.0,0.0,1.0,0.0,0.0,0.0,0.0,0.0,0.0,0.0,0.0
2,2,0.0,0.0,1.0,0.0,0.0,0.0,0.0,0.0,0.0,0.0,0.0
2,2,0.0,0.0,1.0,0.0,0.0,0.0,0.0,0.0,0.0,0.0,0.0
2,2,0.0,0.0,1.0,0.0,0.0,0.0,0.0,0.0,0.0,0.0,0.0
2,2,0.0,0.0,1.0,0.0,0.0,0.0,0.0,0.0,0.0,0.0,0.0
2,2,0.0,0.0,1.0,0.0,0.0,0.0,0.0,0.0,0.0,0.0,0.0
2,2,0.0,0.0,1.0,0.0,0.0,0.0,0.0,0.0,0.0,0.0,0.0
2,2,0.0,0.0,1.0,0.0,0.0,0.0,0.0,0.0,0.0,0.0,0.0
2,2,0.0,0.0,1.0,0.0,0.0,0.0,0.0,0.0,0.0,0.0,0.0
2,2,0.0,0.0,1.0,0.0,0.0,0.0,0.0,0.0,0.0,0.0,0.0
2,2,0.0,0.0,1.0,0.0,0.0,0.0,0.0,0.0,0.0,0.0,0.0
2,2,0.0,0.0,1.0,0.0,0.0,0.0,0.0,0.0,0.0,0.0,0.0
2,2,0.0,0.0,1.0,0.0,0.0,0.0,0.0,0.0,0.0,0.0,0.0
2,2,0.0,0.0,1.0,0.0,0.0,0.0,0.0,0.0,0.0,0.0,0.0
2,2,0.0,0.0,1.0,0.0,0.0,0.0,0.0,0.0,0.0,0.0,0.0
2,2,0.0,0.0,1.0,0.0,0.0,0.0,0.0,0.0,0.0,0.0,0.0
2,2,0.0,0.0,1.0,0.0,0.0,0.0,0.0,0.0,0.0,0.0,0.0
2,2,0.0,0.0,1.0,0.0,0.0,0.0,0.0,0.0,0.0,0.0,0.0
2,2,0.0,0.0,1.0,0.0,0.0,0.0,0.0,0.0,0.0,0.0,0.0
2,2,0.0,0.0,1.0,0.0,0.0,0.0,0.0,0.0,0.0,0.0,0.0
2,2,0.0,0.0,1.0,0.0,0.0,0.0,0.0,0.0,0.0,0.0,0.0
2,2,0.0,0.0,1.0,0.0,0.0,0.0,0.0,0.0,0.0,0.0,0.0
2,2,0.0,0.0,1.0,0.0,0.0,0.0,0.0,0.0,0.0,0.0,0.0
2,2,0.0,0.0,1.0,0.0,0.0,0.0,0.0,0.0,0.0,0.0,0.0
2,2,0.0,0.0,1.0,0.0,0.0,0.0,0.0,0.0,0.0,0.0,0.0
2,2,0.0,0.0,1.0,0.0,0.0,0.0,0.0,0.0,0.0,0.0,0.0
2,2,0.0,0.0,1.0,0.0,0.0,0.0,0.0,0.0,0.0,0.0,0.0
2,2,0.0,0.0,1.0,0.0,0.0,0.0,0.0,0.0,0.0,0.0,0.0
2,2,0.0,0.0,1.0,0.0,0.0,0.0,0.0,0.0,0.0,0.0,0.0
2,2,0.0,0.0,1.0,0.0,0.0,0.0,0.0,0.0,0.0,0.0,0.0
2,2,0.0,0.0,1.0,0.0,0.0,0.0,0.0,0.0,0.0,0.0,0.0
2,2,0.0,0.0,1.0,0.0,0.0,0.0,0.0,0.0,0.0,0.0,0.0
2,2,0.0,0.0,1.0,0.0,0.0,0.0,0.0,0.0,0.0,0.0,0.0
2,2,0.0,0.0,1.0,0.0,0.0,0.0,0.0,0.0,0.0,0.0,0.0
2,2,0.0,0.0,1.0,0.0,0.0,0.0,0.0,0.0,0.0,0.0,0.0
2,2,0.0,0.0,1.0,0.0,0.0,0.0,0.0,0.0,0.0,0.0,0.0
2,2,0.0,0.0,1.0,0.0,0.0,0.0,0.0,0.0,0.0,0.0,0.0
2,2,0.0,0.0,1.0,0.0,0.0,0.0,0.0,0.0,0.0,0.0,0.0
2,2,0.0,0.0,1.0,0.0,0.0,0.0,0.0,0.0,0.0,0.0,0.0
2,2,0.0,0.0,1.0,0.0,0.0,0.0,0.0,0.0,0.0,0.0,0.0
2,2,0.0,0.0,1.0,0.0,0.0,0.0,0.0,0.0,0.0,0.0,0.0
2,2,0.0,0.0,1.0,0.0,0.0,0.0,0.0,0.0,0.0,0.0,0.0
2,2,0.0,0.0,1.0,0.0,0.0,0.0,0.0,0.0,0.0,0.0,0.0
2,2,0.0,0.0,1.0,0.0,0.0,0.0,0.0,0.0,0.0,0.0,0.0
2,2,0.0,0.0,1.0,0.0,0.0,0.0,0.0,0.0,0.0,0.0,0.0
2,2,0.0,0.0,1.0,0.0,0.0,0.0,0.0,0.0,0.0,0.0,0.0
2,2,0.0,0.0,1.0,0.0,0.0,0.0,0.0,0.0,0.0,0.0,0.0
2,2,0.0,0.0,1.0,0.0,0.0,0.0,0.0,0.0,0.0,0.0,0.0
2,2,0.0,0.0,1.0,0.0,0.0,0.0,0.0,0.0,0.0,0.0,0.0
2,2,0.0,0.0,1.0,0.0,0.0,0.0,0.0,0.0,0.0,0.0,0.0
2,2,0.0,0.0,1.0,0.0,0.0,0.0,0.0,0.0,0.0,0.0,0.0
2,2,0.0,0.0,1.0,0.0,0.0,0.0,0.0,0.0,0.0,0.0,0.0
2,2,0.0,0.0,1.0,0.0,0.0,0.0,0.0,0.0,0.0,0.0,0.0
2,2,0.0,0.0,1.0,0.0,0.0,0.0,0.0,0.0,0.0,0.0,0.0
2,2,0.0,0.0,1.0,0.0,0.0,0.0,0.0,0.0,0.0,0.0,0.0
2,2,0.0,0.0,1.0,0.0,0.0,0.0,0.0,0.0,0.0,0.0,0.0
2,2,0.0,0.0,1.0,0.0,0.0,0.0,0.0,0.0,0.0,0.0,0.0
2,2,0.0,0.0,1.0,0.0,0.0,0.0,0.0,0.0,0.0,0.0,0.0
2,2,0.0,0.0,1.0,0.0,0.0,0.0,0.0,0.0,0.0,0.0,0.0
2,2,0.0,0.0,1.0,0.0,0.0,0.0,0.0,0.0,0.0,0.0,0.0
2,2,0.0,0.0,1.0,0.0,0.0,0.0,0.0,0.0,0.0,0.0,0.0
2,2,0.0,0.0,1.0,0.0,0.0,0.0,0.0,0.0,0.0,0.0,0.0
2,2,0.0,0.0,1.0,0.0,0.0,0.0,0.0,0.0,0.0,0.0,0.0
2,2,0.0,0.0,1.0,0.0,0.0,0.0,0.0,0.0,0.0,0.0,0.0
2,2,0.0,0.0,1.0,0.0,0.0,0.0,0.0,0.0,0.0,0.0,0.0
2,2,0.0,0.0,1.0,0.0,0.0,0.0,0.0,0.0,0.0,0.0,0.0
2,2,0.0,0.0,1.0,0.0,0.0,0.0,0.0,0.0,0.0,0.0,0.0
2,2,0.0,0.0,1.0,0.0,0.0,0.0,0.0,0.0,0.0,0.0,0.0
2,2,0.0,0.0,1.0,0.0,0.0,0.0,0.0,0.0,0.0,0.0,0.0
2,2,0.0,0.0,1.0,0.0,0.0,0.0,0.0,0.0,0.0,0.0,0.0
2,2,0.0,0.0,1.0,0.0,0.0,0.0,0.0,0.0,0.0,0.0,0.0
2,2,0.0,0.0,1.0,0.0,0.0,0.0,0.0,0.0,0.0,0.0,0.0
2,2,0.0,0.0,1.0,0.0,0.0,0.0,0.0,0.0,0.0,0.0,0.0
2,2,0.0,0.0,1.0,0.0,0.0,0.0,0.0,0.0,0.0,0.0,0.0
2,2,0.0,0.0,1.0,0.0,0.0,0.0,0.0,0.0,0.0,0.0,0.0
2,2,0.0,0.0,1.0,0.0,0.0,0.0,0.0,0.0,0.0,0.0,0.0
2,2,0.0,0.0,1.0,0.0,0.0,0.0,0.0,0.0,0.0,0.0,0.0
2,2,0.0,0.0,1.0,0.0,0.0,0.0,0.0,0.0,0.0,0.0,0.0
2,2,0.0,0.0,1.0,0.0,0.0,0.0,0.0,0.0,0.0,0.0,0.0
2,2,0.0,0.0,1.0,0.0,0.0,0.0,0.0,0.0,0.0,0.0,0.0
2,2,0.0,0.0,1.0,0.0,0.0,0.0,0.0,0.0,0.0,0.0,0.0
2,2,0.0,0.0,1.0,0.0,0.0,0.0,0.0,0.0,0.0,0.0,0.0
2,2,0.0,0.0,1.0,0.0,0.0,0.0,0.0,0.0,0.0,0.0,0.0
2,2,0.0,0.0,1.0,0.0,0.0,0.0,0.0,0.0,0.0,0.0,0.0
2,2,0.0,0.0,1.0,0.0,0.0,0.0,0.0,0.0,0.0,0.0,0.0
2,2,0.0,0.0,1.0,0.0,0.0,0.0,0.0,0.0,0.0,0.0,0.0
2,2,0.0,0.0,1.0,0.0,0.0,0.0,0.0,0.0,0.0,0.0,0.0
2,2,0.0,0.0,1.0,0.0,0.0,0.0,0.0,0.0,0.0,0.0,0.0
2,2,0.0,0.0,1.0,0.0,0.0,0.0,0.0,0.0,0.0,0.0,0.0
2,2,0.0,0.0,1.0,0.0,0.0,0.0,0.0,0.0,0.0,0.0,0.0
2,2,0.0,0.0,1.0,0.0,0.0,0.0,0.0,0.0,0.0,0.0,0.0
2,2,0.0,0.0,1.0,0.0,0.0,0.0,0.0,0.0,0.0,0.0,0.0
2,2,0.0,0.0,1.0,0.0,0.0,0.0,0.0,0.0,0.0,0.0,0.0
2,2,0.0,0.0,1.0,0.0,0.0,0.0,0.0,0.0,0.0,0.0,0.0
2,2,0.0,0.0,1.0,0.0,0.0,0.0,0.0,0.0,0.0,0.0,0.0
2,2,0.0,0.0,1.0,0.0,0.0,0.0,0.0,0.0,0.0,0.0,0.0
2,2,0.0,0.0,1.0,0.0,0.0,0.0,0.0,0.0,0.0,0.0,0.0
2,2,0.0,0.0,1.0,0.0,0.0,0.0,0.0,0.0,0.0,0.0,0.0
2,2,0.0,0.0,1.0,0.0,0.0,0.0,0.0,0.0,0.0,0.0,0.0
2,2,0.0,0.0,1.0,0.0,0.0,0.0,0.0,0.0,0.0,0.0,0.0
2,2,0.0,0.0,1.0,0.0,0.0,0.0,0.0,0.0,0.0,0.0,0.0
2,2,0.0,0.0,1.0,0.0,0.0,0.0,0.0,0.0,0.0,0.0,0.0
2,2,0.0,0.0,1.0,0.0,0.0,0.0,0.0,0.0,0.0,0.0,0.0
2,2,0.0,0.0,1.0,0.0,0.0,0.0,0.0,0.0,0.0,0.0,0.0
2,2,0.0,0.0,1.0,0.0,0.0,0.0,0.0,0.0,0.0,0.0,0.0
2,2,0.0,0.0,1.0,0.0,0.0,0.0,0.0,0.0,0.0,0.0,0.0
2,2,0.0,0.0,1.0,0.0,0.0,0.0,0.0,0.0,0.0,0.0,0.0
2,2,0.0,0.0,1.0,0.0,0.0,0.0,0.0,0.0,0.0,0.0,0.0
2,2,0.0,0.0,1.0,0.0,0.0,0.0,0.0,0.0,0.0,0.0,0.0
2,2,0.0,0.0,1.0,0.0,0.0,0.0,0.0,0.0,0.0,0.0,0.0
2,2,0.0,0.0,1.0,0.0,0.0,0.0,0.0,0.0,0.0,0.0,0.0
2,2,0.0,0.0,1.0,0.0,0.0,0.0,0.0,0.0,0.0,0.0,0.0
2,2,0.0,0.0,1.0,0.0,0.0,0.0,0.0,0.0,0.0,0.0,0.0
2,2,0.0,0.0,1.0,0.0,0.0,0.0,0.0,0.0,0.0,0.0,0.0
2,2,0.0,0.0,1.0,0.0,0.0,0.0,0.0,0.0,0.0,0.0,0.0
2,2,0.0,0.0,1.0,0.0,0.0,0.0,0.0,0.0,0.0,0.0,0.0
2,2,0.0,0.0,1.0,0.0,0.0,0.0,0.0,0.0,0.0,0.0,0.0
2,2,0.0,0.0,1.0,0.0,0.0,0.0,0.0,0.0,0.0,0.0,0.0
2,2,0.0,0.0,1.0,0.0,0.0,0.0,0.0,0.0,0.0,0.0,0.0
2,2,0.0,0.0,1.0,0.0,0.0,0.0,0.0,0.0,0.0,0.0,0.0
2,2,0.0,0.0,1.0,0.0,0.0,0.0,0.0,0.0,0.0,0.0,0.0
2,2,0.0,0.0,1.0,0.0,0.0,0.0,0.0,0.0,0.0,0.0,0.0
2,2,0.0,0.0,1.0,0.0,0.0,0.0,0.0,0.0,0.0,0.0,0.0
2,2,0.0,0.0,1.0,0.0,0.0,0.0,0.0,0.0,0.0,0.0,0.0
2,2,0.0,0.0,1.0,0.0,0.0,0.0,0.0,0.0,0.0,0.0,0.0
2,2,0.0,0.0,1.0,0.0,0.0,0.0,0.0,0.0,0.0,0.0,0.0
2,2,0.0,0.0,1.0,0.0,0.0,0.0,0.0,0.0,0.0,0.0,0.0
2,2,0.0,0.0,1.0,0.0,0.0,0.0,0.0,0.0,0.0,0.0,0.0
2,2,0.0,0.0,1.0,0.0,0.0,0.0,0.0,0.0,0.0,0.0,0.0
2,2,0.0,0.0,1.0,0.0,0.0,0.0,0.0,0.0,0.0,0.0,0.0
2,2,0.0,0.0,1.0,0.0,0.0,0.0,0.0,0.0,0.0,0.0,0.0
2,2,0.0,0.0,1.0,0.0,0.0,0.0,0.0,0.0,0.0,0.0,0.0
2,2,0.0,0.0,1.0,0.0,0.0,0.0,0.0,0.0,0.0,0.0,0.0
2,2,0.0,0.0,1.0,0.0,0.0,0.0,0.0,0.0,0.0,0.0,0.0
2,2,0.0,0.0,1.0,0.0,0.0,0.0,0.0,0.0,0.0,0.0,0.0
2,2,0.0,0.0,1.0,0.0,0.0,0.0,0.0,0.0,0.0,0.0,0.0
2,2,0.0,0.0,1.0,0.0,0.0,0.0,0.0,0.0,0.0,0.0,0.0
2,2,0.0,0.0,1.0,0.0,0.0,0.0,0.0,0.0,0.0,0.0,0.0
2,2,0.0,0.0,1.0,0.0,0.0,0.0,0.0,0.0,0.0,0.0,0.0
2,2,0.0,0.0,1.0,0.0,0.0,0.0,0.0,0.0,0.0,0.0,0.0
2,2,0.0,0.0,1.0,0.0,0.0,0.0,0.0,0.0,0.0,0.0,0.0
2,2,0.0,0.0,1.0,0.0,0.0,0.0,0.0,0.0,0.0,0.0,0.0
2,2,0.0,0.0,1.0,0.0,0.0,0.0,0.0,0.0,0.0,0.0,0.0
2,2,0.0,0.0,1.0,0.0,0.0,0.0,0.0,0.0,0.0,0.0,0.0
2,2,0.0,0.0,1.0,0.0,0.0,0.0,0.0,0.0,0.0,0.0,0.0
2,2,0.0,0.0,1.0,0.0,0.0,0.0,0.0,0.0,0.0,0.0,0.0
2,2,0.0,0.0,1.0,0.0,0.0,0.0,0.0,0.0,0.0,0.0,0.0
2,2,0.0,0.0,1.0,0.0,0.0,0.0,0.0,0.0,0.0,0.0,0.0
2,2,0.0,0.0,1.0,0.0,0.0,0.0,0.0,0.0,0.0,0.0,0.0
2,2,0.0,0.0,1.0,0.0,0.0,0.0,0.0,0.0,0.0,0.0,0.0
2,2,0.0,0.0,1.0,0.0,0.0,0.0,0.0,0.0,0.0,0.0,0.0
2,2,0.0,0.0,1.0,0.0,0.0,0.0,0.0,0.0,0.0,0.0,0.0
2,2,0.0,0.0,1.0,0.0,0.0,0.0,0.0,0.0,0.0,0.0,0.0
2,2,0.0,0.0,1.0,0.0,0.0,0.0,0.0,0.0,0.0,0.0,0.0
2,2,0.0,0.0,1.0,0.0,0.0,0.0,0.0,0.0,0.0,0.0,0.0
2,2,0.0,0.0,1.0,0.0,0.0,0.0,0.0,0.0,0.0,0.0,0.0
2,2,0.0,0.0,1.0,0.0,0.0,0.0,0.0,0.0,0.0,0.0,0.0
2,2,0.0,0.0,1.0,0.0,0.0,0.0,0.0,0.0,0.0,0.0,0.0
2,2,0.0,0.0,1.0,0.0,0.0,0.0,0.0,0.0,0.0,0.0,0.0
2,2,0.0,0.0,1.0,0.0,0.0,0.0,0.0,0.0,0.0,0.0,0.0
2,2,0.0,0.0,1.0,0.0,0.0,0.0,0.0,0.0,0.0,0.0,0.0
2,2,0.0,0.0,1.0,0.0,0.0,0.0,0.0,0.0,0.0,0.0,0.0
2,2,0.0,0.0,1.0,0.0,0.0,0.0,0.0,0.0,0.0,0.0,0.0
2,2,0.0,0.0,1.0,0.0,0.0,0.0,0.0,0.0,0.0,0.0,0.0
2,2,0.0,0.0,1.0,0.0,0.0,0.0,0.0,0.0,0.0,0.0,0.0
2,2,0.0,0.0,1.0,0.0,0.0,0.0,0.0,0.0,0.0,0.0,0.0
2,2,0.0,0.0,1.0,0.0,0.0,0.0,0.0,0.0,0.0,0.0,0.0
2,2,0.0,0.0,1.0,0.0,0.0,0.0,0.0,0.0,0.0,0.0,0.0
2,2,0.0,0.0,1.0,0.0,0.0,0.0,0.0,0.0,0.0,0.0,0.0
2,2,0.0,0.0,1.0,0.0,0.0,0.0,0.0,0.0,0.0,0.0,0.0
2,2,0.0,0.0,1.0,0.0,0.0,0.0,0.0,0.0,0.0,0.0,0.0
2,2,0.0,0.0,1.0,0.0,0.0,0.0,0.0,0.0,0.0,0.0,0.0
2,2,0.0,0.0,1.0,0.0,0.0,0.0,0.0,0.0,0.0,0.0,0.0
2,2,0.0,0.0,1.0,0.0,0.0,0.0,0.0,0.0,0.0,0.0,0.0
2,2,0.0,0.0,1.0,0.0,0.0,0.0,0.0,0.0,0.0,0.0,0.0
2,2,0.0,0.0,1.0,0.0,0.0,0.0,0.0,0.0,0.0,0.0,0.0
2,2,0.0,0.0,1.0,0.0,0.0,0.0,0.0,0.0,0.0,0.0,0.0
2,2,0.0,0.0,1.0,0.0,0.0,0.0,0.0,0.0,0.0,0.0,0.0
2,2,0.0,0.0,1.0,0.0,0.0,0.0,0.0,0.0,0.0,0.0,0.0
2,2,0.0,0.0,1.0,0.0,0.0,0.0,0.0,0.0,0.0,0.0,0.0
2,2,0.0,0.0,1.0,0.0,0.0,0.0,0.0,0.0,0.0,0.0,0.0
2,2,0.0,0.0,1.0,0.0,0.0,0.0,0.0,0.0,0.0,0.0,0.0
2,2,0.0,0.0,1.0,0.0,0.0,0.0,0.0,0.0,0.0,0.0,0.0
2,2,0.0,0.0,1.0,0.0,0.0,0.0,0.0,0.0,0.0,0.0,0.0
2,2,0.0,0.0,1.0,0.0,0.0,0.0,0.0,0.0,0.0,0.0,0.0
2,2,0.0,0.0,1.0,0.0,0.0,0.0,0.0,0.0,0.0,0.0,0.0
2,2,0.0,0.0,1.0,0.0,0.0,0.0,0.0,0.0,0.0,0.0,0.0
2,2,0.0,0.0,1.0,0.0,0.0,0.0,0.0,0.0,0.0,0.0,0.0
2,2,0.0,0.0,1.0,0.0,0.0,0.0,0.0,0.0,0.0,0.0,0.0
2,2,0.0,0.0,1.0,0.0,0.0,0.0,0.0,0.0,0.0,0.0,0.0
2,2,0.0,0.0,1.0,0.0,0.0,0.0,0.0,0.0,0.0,0.0,0.0
2,2,0.0,0.0,1.0,0.0,0.0,0.0,0.0,0.0,0.0,0.0,0.0
2,2,0.0,0.0,1.0,0.0,0.0,0.0,0.0,0.0,0.0,0.0,0.0
2,2,0.0,0.0,1.0,0.0,0.0,0.0,0.0,0.0,0.0,0.0,0.0
2,2,0.0,0.0,1.0,0.0,0.0,0.0,0.0,0.0,0.0,0.0,0.0
2,2,0.0,0.0,1.0,0.0,0.0,0.0,0.0,0.0,0.0,0.0,0.0
2,2,0.0,0.0,1.0,0.0,0.0,0.0,0.0,0.0,0.0,0.0,0.0
2,2,0.0,0.0,1.0,0.0,0.0,0.0,0.0,0.0,0.0,0.0,0.0
2,2,0.0,0.0,1.0,0.0,0.0,0.0,0.0,0.0,0.0,0.0,0.0
2,2,0.0,0.0,1.0,0.0,0.0,0.0,0.0,0.0,0.0,0.0,0.0
2,2,0.0,0.0,1.0,0.0,0.0,0.0,0.0,0.0,0.0,0.0,0.0
2,2,0.0,0.0,1.0,0.0,0.0,0.0,0.0,0.0,0.0,0.0,0.0
2,2,0.0,0.0,1.0,0.0,0.0,0.0,0.0,0.0,0.0,0.0,0.0
2,2,0.0,0.0,1.0,0.0,0.0,0.0,0.0,0.0,0.0,0.0,0.0
2,2,0.0,0.0,1.0,0.0,0.0,0.0,0.0,0.0,0.0,0.0,0.0
2,2,0.0,0.0,1.0,0.0,0.0,0.0,0.0,0.0,0.0,0.0,0.0
2,2,0.0,0.0,1.0,0.0,0.0,0.0,0.0,0.0,0.0,0.0,0.0
2,2,0.0,0.0,1.0,0.0,0.0,0.0,0.0,0.0,0.0,0.0,0.0
2,2,0.0,0.0,1.0,0.0,0.0,0.0,0.0,0.0,0.0,0.0,0.0
2,2,0.0,0.0,1.0,0.0,0.0,0.0,0.0,0.0,0.0,0.0,0.0
2,2,0.0,0.0,1.0,0.0,0.0,0.0,0.0,0.0,0.0,0.0,0.0
2,2,0.0,0.0,1.0,0.0,0.0,0.0,0.0,0.0,0.0,0.0,0.0
2,2,0.0,0.0,1.0,0.0,0.0,0.0,0.0,0.0,0.0,0.0,0.0
2,2,0.0,0.0,1.0,0.0,0.0,0.0,0.0,0.0,0.0,0.0,0.0
2,2,0.0,0.0,1.0,0.0,0.0,0.0,0.0,0.0,0.0,0.0,0.0
2,2,0.0,0.0,1.0,0.0,0.0,0.0,0.0,0.0,0.0,0.0,0.0
2,2,0.0,0.0,1.0,0.0,0.0,0.0,0.0,0.0,0.0,0.0,0.0
2,2,0.0,0.0,1.0,0.0,0.0,0.0,0.0,0.0,0.0,0.0,0.0
2,2,0.0,0.0,1.0,0.0,0.0,0.0,0.0,0.0,0.0,0.0,0.0
2,2,0.0,0.0,1.0,0.0,0.0,0.0,0.0,0.0,0.0,0.0,0.0
2,2,0.0,0.0,1.0,0.0,0.0,0.0,0.0,0.0,0.0,0.0,0.0
2,2,0.0,0.0,1.0,0.0,0.0,0.0,0.0,0.0,0.0,0.0,0.0
2,2,0.0,0.0,1.0,0.0,0.0,0.0,0.0,0.0,0.0,0.0,0.0
2,2,0.0,0.0,1.0,0.0,0.0,0.0,0.0,0.0,0.0,0.0,0.0
2,2,0.0,0.0,1.0,0.0,0.0,0.0,0.0,0.0,0.0,0.0,0.0
2,2,0.0,0.0,1.0,0.0,0.0,0.0,0.0,0.0,0.0,0.0,0.0
2,2,0.0,0.0,1.0,0.0,0.0,0.0,0.0,0.0,0.0,0.0,0.0
2,2,0.0,0.0,1.0,0.0,0.0,0.0,0.0,0.0,0.0,0.0,0.0
2,2,0.0,0.0,1.0,0.0,0.0,0.0,0.0,0.0,0.0,0.0,0.0
2,2,0.0,0.0,1.0,0.0,0.0,0.0,0.0,0.0,0.0,0.0,0.0
2,2,0.0,0.0,1.0,0.0,0.0,0.0,0.0,0.0,0.0,0.0,0.0
2,2,0.0,0.0,1.0,0.0,0.0,0.0,0.0,0.0,0.0,0.0,0.0
2,2,0.0,0.0,1.0,0.0,0.0,0.0,0.0,0.0,0.0,0.0,0.0
2,2,0.0,0.0,1.0,0.0,0.0,0.0,0.0,0.0,0.0,0.0,0.0
2,2,0.0,0.0,1.0,0.0,0.0,0.0,0.0,0.0,0.0,0.0,0.0
2,2,0.0,0.0,1.0,0.0,0.0,0.0,0.0,0.0,0.0,0.0,0.0
2,2,0.0,0.0,1.0,0.0,0.0,0.0,0.0,0.0,0.0,0.0,0.0
2,2,0.0,0.0,1.0,0.0,0.0,0.0,0.0,0.0,0.0,0.0,0.0
2,2,0.0,0.0,1.0,0.0,0.0,0.0,0.0,0.0,0.0,0.0,0.0
2,2,0.0,0.0,1.0,0.0,0.0,0.0,0.0,0.0,0.0,0.0,0.0
2,2,0.0,0.0,1.0,0.0,0.0,0.0,0.0,0.0,0.0,0.0,0.0
2,2,0.0,0.0,1.0,0.0,0.0,0.0,0.0,0.0,0.0,0.0,0.0
2,2,0.0,0.0,1.0,0.0,0.0,0.0,0.0,0.0,0.0,0.0,0.0
2,2,0.0,0.0,1.0,0.0,0.0,0.0,0.0,0.0,0.0,0.0,0.0
2,2,0.0,0.0,1.0,0.0,0.0,0.0,0.0,0.0,0.0,0.0,0.0
2,2,0.0,0.0,1.0,0.0,0.0,0.0,0.0,0.0,0.0,0.0,0.0
2,2,0.0,0.0,1.0,0.0,0.0,0.0,0.0,0.0,0.0,0.0,0.0
2,2,0.0,0.0,1.0,0.0,0.0,0.0,0.0,0.0,0.0,0.0,0.0
2,2,0.0,0.0,1.0,0.0,0.0,0.0,0.0,0.0,0.0,0.0,0.0
2,2,0.0,0.0,1.0,0.0,0.0,0.0,0.0,0.0,0.0,0.0,0.0
2,2,0.0,0.0,1.0,0.0,0.0,0.0,0.0,0.0,0.0,0.0,0.0
2,2,0.0,0.0,1.0,0.0,0.0,0.0,0.0,0.0,0.0,0.0,0.0
2,2,0.0,0.0,1.0,0.0,0.0,0.0,0.0,0.0,0.0,0.0,0.0
2,2,0.0,0.0,1.0,0.0,0.0,0.0,0.0,0.0,0.0,0.0,0.0
2,2,0.0,0.0,1.0,0.0,0.0,0.0,0.0,0.0,0.0,0.0,0.0
2,2,0.0,0.0,1.0,0.0,0.0,0.0,0.0,0.0,0.0,0.0,0.0
2,2,0.0,0.0,1.0,0.0,0.0,0.0,0.0,0.0,0.0,0.0,0.0
2,2,0.0,0.0,1.0,0.0,0.0,0.0,0.0,0.0,0.0,0.0,0.0
2,2,0.0,0.0,1.0,0.0,0.0,0.0,0.0,0.0,0.0,0.0,0.0
2,2,0.0,0.0,1.0,0.0,0.0,0.0,0.0,0.0,0.0,0.0,0.0
2,2,0.0,0.0,1.0,0.0,0.0,0.0,0.0,0.0,0.0,0.0,0.0
2,2,0.0,0.0,1.0,0.0,0.0,0.0,0.0,0.0,0.0,0.0,0.0
2,2,0.0,0.0,1.0,0.0,0.0,0.0,0.0,0.0,0.0,0.0,0.0
2,2,0.0,0.0,1.0,0.0,0.0,0.0,0.0,0.0,0.0,0.0,0.0
2,2,0.0,0.0,1.0,0.0,0.0,0.0,0.0,0.0,0.0,0.0,0.0
2,2,0.0,0.0,1.0,0.0,0.0,0.0,0.0,0.0,0.0,0.0,0.0
2,2,0.0,0.0,1.0,0.0,0.0,0.0,0.0,0.0,0.0,0.0,0.0
2,2,0.0,0.0,1.0,0.0,0.0,0.0,0.0,0.0,0.0,0.0,0.0
2,2,0.0,0.0,1.0,0.0,0.0,0.0,0.0,0.0,0.0,0.0,0.0
2,2,0.0,0.0,1.0,0.0,0.0,0.0,0.0,0.0,0.0,0.0,0.0
2,2,0.0,0.0,1.0,0.0,0.0,0.0,0.0,0.0,0.0,0.0,0.0
2,2,0.0,0.0,1.0,0.0,0.0,0.0,0.0,0.0,0.0,0.0,0.0
2,2,0.0,0.0,1.0,0.0,0.0,0.0,0.0,0.0,0.0,0.0,0.0
2,2,0.0,0.0,1.0,0.0,0.0,0.0,0.0,0.0,0.0,0.0,0.0
2,2,0.0,0.0,1.0,0.0,0.0,0.0,0.0,0.0,0.0,0.0,0.0
2,2,0.0,0.0,1.0,0.0,0.0,0.0,0.0,0.0,0.0,0.0,0.0
2,2,0.0,0.0,1.0,0.0,0.0,0.0,0.0,0.0,0.0,0.0,0.0
2,2,0.0,0.0,1.0,0.0,0.0,0.0,0.0,0.0,0.0,0.0,0.0
2,2,0.0,0.0,1.0,0.0,0.0,0.0,0.0,0.0,0.0,0.0,0.0
2,2,0.0,0.0,1.0,0.0,0.0,0.0,0.0,0.0,0.0,0.0,0.0
2,2,0.0,0.0,1.0,0.0,0.0,0.0,0.0,0.0,0.0,0.0,0.0
2,2,0.0,0.0,1.0,0.0,0.0,0.0,0.0,0.0,0.0,0.0,0.0
2,2,0.0,0.0,1.0,0.0,0.0,0.0,0.0,0.0,0.0,0.0,0.0
2,2,0.0,0.0,1.0,0.0,0.0,0.0,0.0,0.0,0.0,0.0,0.0
2,2,0.0,0.0,1.0,0.0,0.0,0.0,0.0,0.0,0.0,0.0,0.0
2,2,0.0,0.0,1.0,0.0,0.0,0.0,0.0,0.0,0.0,0.0,0.0
2,2,0.0,0.0,1.0,0.0,0.0,0.0,0.0,0.0,0.0,0.0,0.0
2,2,0.0,0.0,1.0,0.0,0.0,0.0,0.0,0.0,0.0,0.0,0.0
2,2,0.0,0.0,1.0,0.0,0.0,0.0,0.0,0.0,0.0,0.0,0.0
2,2,0.0,0.0,1.0,0.0,0.0,0.0,0.0,0.0,0.0,0.0,0.0
2,2,0.0,0.0,1.0,0.0,0.0,0.0,0.0,0.0,0.0,0.0,0.0
2,2,0.0,0.0,1.0,0.0,0.0,0.0,0.0,0.0,0.0,0.0,0.0
2,2,0.0,0.0,1.0,0.0,0.0,0.0,0.0,0.0,0.0,0.0,0.0
2,2,0.0,0.0,1.0,0.0,0.0,0.0,0.0,0.0,0.0,0.0,0.0
2,2,0.0,0.0,1.0,0.0,0.0,0.0,0.0,0.0,0.0,0.0,0.0
2,2,0.0,0.0,1.0,0.0,0.0,0.0,0.0,0.0,0.0,0.0,0.0
2,2,0.0,0.0,1.0,0.0,0.0,0.0,0.0,0.0,0.0,0.0,0.0
2,2,0.0,0.0,1.0,0.0,0.0,0.0,0.0,0.0,0.0,0.0,0.0
2,2,0.0,0.0,1.0,0.0,0.0,0.0,0.0,0.0,0.0,0.0,0.0
2,2,0.0,0.0,1.0,0.0,0.0,0.0,0.0,0.0,0.0,0.0,0.0
2,2,0.0,0.0,1.0,0.0,0.0,0.0,0.0,0.0,0.0,0.0,0.0
2,2,0.0,0.0,1.0,0.0,0.0,0.0,0.0,0.0,0.0,0.0,0.0
2,2,0.0,0.0,1.0,0.0,0.0,0.0,0.0,0.0,0.0,0.0,0.0
2,2,0.0,0.0,1.0,0.0,0.0,0.0,0.0,0.0,0.0,0.0,0.0
2,2,0.0,0.0,1.0,0.0,0.0,0.0,0.0,0.0,0.0,0.0,0.0
2,2,0.0,0.0,1.0,0.0,0.0,0.0,0.0,0.0,0.0,0.0,0.0
2,2,0.0,0.0,1.0,0.0,0.0,0.0,0.0,0.0,0.0,0.0,0.0
2,2,0.0,0.0,1.0,0.0,0.0,0.0,0.0,0.0,0.0,0.0,0.0
2,2,0.0,0.0,1.0,0.0,0.0,0.0,0.0,0.0,0.0,0.0,0.0
2,2,0.0,0.0,1.0,0.0,0.0,0.0,0.0,0.0,0.0,0.0,0.0
2,2,0.0,0.0,1.0,0.0,0.0,0.0,0.0,0.0,0.0,0.0,0.0
2,2,0.0,0.0,1.0,0.0,0.0,0.0,0.0,0.0,0.0,0.0,0.0
2,2,0.0,0.0,1.0,0.0,0.0,0.0,0.0,0.0,0.0,0.0,0.0
2,2,0.0,0.0,1.0,0.0,0.0,0.0,0.0,0.0,0.0,0.0,0.0
2,2,0.0,0.0,1.0,0.0,0.0,0.0,0.0,0.0,0.0,0.0,0.0
2,2,0.0,0.0,1.0,0.0,0.0,0.0,0.0,0.0,0.0,0.0,0.0
2,2,0.0,0.0,1.0,0.0,0.0,0.0,0.0,0.0,0.0,0.0,0.0
2,2,0.0,0.0,1.0,0.0,0.0,0.0,0.0,0.0,0.0,0.0,0.0
2,2,0.0,0.0,1.0,0.0,0.0,0.0,0.0,0.0,0.0,0.0,0.0
2,2,0.0,0.0,1.0,0.0,0.0,0.0,0.0,0.0,0.0,0.0,0.0
2,2,0.0,0.0,1.0,0.0,0.0,0.0,0.0,0.0,0.0,0.0,0.0
2,2,0.0,0.0,1.0,0.0,0.0,0.0,0.0,0.0,0.0,0.0,0.0
2,2,0.0,0.0,1.0,0.0,0.0,0.0,0.0,0.0,0.0,0.0,0.0
2,2,0.0,0.0,1.0,0.0,0.0,0.0,0.0,0.0,0.0,0.0,0.0
2,2,0.0,0.0,1.0,0.0,0.0,0.0,0.0,0.0,0.0,0.0,0.0
2,2,0.0,0.0,1.0,0.0,0.0,0.0,0.0,0.0,0.0,0.0,0.0
2,2,0.0,0.0,1.0,0.0,0.0,0.0,0.0,0.0,0.0,0.0,0.0
2,2,0.0,0.0,1.0,0.0,0.0,0.0,0.0,0.0,0.0,0.0,0.0
2,2,0.0,0.0,1.0,0.0,0.0,0.0,0.0,0.0,0.0,0.0,0.0
2,2,0.0,0.0,1.0,0.0,0.0,0.0,0.0,0.0,0.0,0.0,0.0
2,2,0.0,0.0,1.0,0.0,0.0,0.0,0.0,0.0,0.0,0.0,0.0
2,2,0.0,0.0,1.0,0.0,0.0,0.0,0.0,0.0,0.0,0.0,0.0
2,2,0.0,0.0,1.0,0.0,0.0,0.0,0.0,0.0,0.0,0.0,0.0
2,2,0.0,0.0,1.0,0.0,0.0,0.0,0.0,0.0,0.0,0.0,0.0
2,2,0.0,0.0,1.0,0.0,0.0,0.0,0.0,0.0,0.0,0.0,0.0
2,2,0.0,0.0,1.0,0.0,0.0,0.0,0.0,0.0,0.0,0.0,0.0
2,2,0.0,0.0,1.0,0.0,0.0,0.0,0.0,0.0,0.0,0.0,0.0
2,2,0.0,0.0,1.0,0.0,0.0,0.0,0.0,0.0,0.0,0.0,0.0
2,2,0.0,0.0,1.0,0.0,0.0,0.0,0.0,0.0,0.0,0.0,0.0
2,2,0.0,0.0,1.0,0.0,0.0,0.0,0.0,0.0,0.0,0.0,0.0
2,2,0.0,0.0,1.0,0.0,0.0,0.0,0.0,0.0,0.0,0.0,0.0
2,2,0.0,0.0,1.0,0.0,0.0,0.0,0.0,0.0,0.0,0.0,0.0
2,2,0.0,0.0,1.0,0.0,0.0,0.0,0.0,0.0,0.0,0.0,0.0
2,2,0.0,0.0,1.0,0.0,0.0,0.0,0.0,0.0,0.0,0.0,0.0
2,2,0.0,0.0,1.0,0.0,0.0,0.0,0.0,0.0,0.0,0.0,0.0
2,2,0.0,0.0,1.0,0.0,0.0,0.0,0.0,0.0,0.0,0.0,0.0
2,2,0.0,0.0,1.0,0.0,0.0,0.0,0.0,0.0,0.0,0.0,0.0
2,2,0.0,0.0,1.0,0.0,0.0,0.0,0.0,0.0,0.0,0.0,0.0
2,2,0.0,0.0,1.0,0.0,0.0,0.0,0.0,0.0,0.0,0.0,0.0
2,2,0.0,0.0,1.0,0.0,0.0,0.0,0.0,0.0,0.0,0.0,0.0
2,2,0.0,0.0,1.0,0.0,0.0,0.0,0.0,0.0,0.0,0.0,0.0
2,2,0.0,0.0,1.0,0.0,0.0,0.0,0.0,0.0,0.0,0.0,0.0
2,2,0.0,0.0,1.0,0.0,0.0,0.0,0.0,0.0,0.0,0.0,0.0
2,2,0.0,0.0,1.0,0.0,0.0,0.0,0.0,0.0,0.0,0.0,0.0
2,2,0.0,0.0,1.0,0.0,0.0,0.0,0.0,0.0,0.0,0.0,0.0
2,2,0.0,0.0,1.0,0.0,0.0,0.0,0.0,0.0,0.0,0.0,0.0
2,2,0.0,0.0,1.0,0.0,0.0,0.0,0.0,0.0,0.0,0.0,0.0
2,2,0.0,0.0,1.0,0.0,0.0,0.0,0.0,0.0,0.0,0.0,0.0
2,2,0.0,0.0,1.0,0.0,0.0,0.0,0.0,0.0,0.0,0.0,0.0
2,2,0.0,0.0,1.0,0.0,0.0,0.0,0.0,0.0,0.0,0.0,0.0
2,2,0.0,0.0,1.0,0.0,0.0,0.0,0.0,0.0,0.0,0.0,0.0
2,2,0.0,0.0,1.0,0.0,0.0,0.0,0.0,0.0,0.0,0.0,0.0
2,2,0.0,0.0,1.0,0.0,0.0,0.0,0.0,0.0,0.0,0.0,0.0
2,2,0.0,0.0,1.0,0.0,0.0,0.0,0.0,0.0,0.0,0.0,0.0
2,2,0.0,0.0,1.0,0.0,0.0,0.0,0.0,0.0,0.0,0.0,0.0
2,2,0.0,0.0,1.0,0.0,0.0,0.0,0.0,0.0,0.0,0.0,0.0
2,2,0.0,0.0,1.0,0.0,0.0,0.0,0.0,0.0,0.0,0.0,0.0
2,2,0.0,0.0,1.0,0.0,0.0,0.0,0.0,0.0,0.0,0.0,0.0
2,2,0.0,0.0,1.0,0.0,0.0,0.0,0.0,0.0,0.0,0.0,0.0
2,2,0.0,0.0,1.0,0.0,0.0,0.0,0.0,0.0,0.0,0.0,0.0
2,2,0.0,0.0,1.0,0.0,0.0,0.0,0.0,0.0,0.0,0.0,0.0
2,2,0.0,0.0,1.0,0.0,0.0,0.0,0.0,0.0,0.0,0.0,0.0
2,2,0.0,0.0,1.0,0.0,0.0,0.0,0.0,0.0,0.0,0.0,0.0
2,2,0.0,0.0,1.0,0.0,0.0,0.0,0.0,0.0,0.0,0.0,0.0
2,2,0.0,0.0,1.0,0.0,0.0,0.0,0.0,0.0,0.0,0.0,0.0
2,2,0.0,0.0,1.0,0.0,0.0,0.0,0.0,0.0,0.0,0.0,0.0
2,2,0.0,0.0,1.0,0.0,0.0,0.0,0.0,0.0,0.0,0.0,0.0
2,2,0.0,0.0,1.0,0.0,0.0,0.0,0.0,0.0,0.0,0.0,0.0
2,2,0.0,0.0,1.0,0.0,0.0,0.0,0.0,0.0,0.0,0.0,0.0
2,2,0.0,0.0,1.0,0.0,0.0,0.0,0.0,0.0,0.0,0.0,0.0
2,2,0.0,0.0,1.0,0.0,0.0,0.0,0.0,0.0,0.0,0.0,0.0
2,2,0.0,0.0,1.0,0.0,0.0,0.0,0.0,0.0,0.0,0.0,0.0
2,2,0.0,0.0,1.0,0.0,0.0,0.0,0.0,0.0,0.0,0.0,0.0
2,2,0.0,0.0,1.0,0.0,0.0,0.0,0.0,0.0,0.0,0.0,0.0
2,2,0.0,0.0,1.0,0.0,0.0,0.0,0.0,0.0,0.0,0.0,0.0
2,2,0.0,0.0,1.0,0.0,0.0,0.0,0.0,0.0,0.0,0.0,0.0
2,2,0.0,0.0,1.0,0.0,0.0,0.0,0.0,0.0,0.0,0.0,0.0
2,2,0.0,0.0,1.0,0.0,0.0,0.0,0.0,0.0,0.0,0.0,0.0
2,2,0.0,0.0,1.0,0.0,0.0,0.0,0.0,0.0,0.0,0.0,0.0
2,2,0.0,0.0,1.0,0.0,0.0,0.0,0.0,0.0,0.0,0.0,0.0
2,2,0.0,0.0,1.0,0.0,0.0,0.0,0.0,0.0,0.0,0.0,0.0
2,2,0.0,0.0,1.0,0.0,0.0,0.0,0.0,0.0,0.0,0.0,0.0
2,2,0.0,0.0,1.0,0.0,0.0,0.0,0.0,0.0,0.0,0.0,0.0
2,2,0.0,0.0,1.0,0.0,0.0,0.0,0.0,0.0,0.0,0.0,0.0
2,2,0.0,0.0,1.0,0.0,0.0,0.0,0.0,0.0,0.0,0.0,0.0
2,2,0.0,0.0,1.0,0.0,0.0,0.0,0.0,0.0,0.0,0.0,0.0
2,2,0.0,0.0,1.0,0.0,0.0,0.0,0.0,0.0,0.0,0.0,0.0
2,2,0.0,0.0,1.0,0.0,0.0,0.0,0.0,0.0,0.0,0.0,0.0
2,2,0.0,0.0,1.0,0.0,0.0,0.0,0.0,0.0,0.0,0.0,0.0
2,2,0.0,0.0,1.0,0.0,0.0,0.0,0.0,0.0,0.0,0.0,0.0
2,2,0.0,0.0,1.0,0.0,0.0,0.0,0.0,0.0,0.0,0.0,0.0
2,2,0.0,0.0,1.0,0.0,0.0,0.0,0.0,0.0,0.0,0.0,0.0
2,2,0.0,0.0,1.0,0.0,0.0,0.0,0.0,0.0,0.0,0.0,0.0
2,2,0.0,0.0,1.0,0.0,0.0,0.0,0.0,0.0,0.0,0.0,0.0
2,2,0.0,0.0,1.0,0.0,0.0,0.0,0.0,0.0,0.0,0.0,0.0
2,2,0.0,0.0,1.0,0.0,0.0,0.0,0.0,0.0,0.0,0.0,0.0
2,2,0.0,0.0,1.0,0.0,0.0,0.0,0.0,0.0,0.0,0.0,0.0
2,2,0.0,0.0,1.0,0.0,0.0,0.0,0.0,0.0,0.0,0.0,0.0
2,2,0.0,0.0,1.0,0.0,0.0,0.0,0.0,0.0,0.0,0.0,0.0
2,2,0.0,0.0,1.0,0.0,0.0,0.0,0.0,0.0,0.0,0.0,0.0
2,2,0.0,0.0,1.0,0.0,0.0,0.0,0.0,0.0,0.0,0.0,0.0
2,2,0.0,0.0,1.0,0.0,0.0,0.0,0.0,0.0,0.0,0.0,0.0
2,2,0.0,0.0,1.0,0.0,0.0,0.0,0.0,0.0,0.0,0.0,0.0
2,2,0.0,0.0,1.0,0.0,0.0,0.0,0.0,0.0,0.0,0.0,0.0
2,2,0.0,0.0,1.0,0.0,0.0,0.0,0.0,0.0,0.0,0.0,0.0
2,2,0.0,0.0,1.0,0.0,0.0,0.0,0.0,0.0,0.0,0.0,0.0
2,2,0.0,0.0,1.0,0.0,0.0,0.0,0.0,0.0,0.0,0.0,0.0
2,2,0.0,0.0,1.0,0.0,0.0,0.0,0.0,0.0,0.0,0.0,0.0
2,2,0.0,0.0,1.0,0.0,0.0,0.0,0.0,0.0,0.0,0.0,0.0
2,2,0.0,0.0,1.0,0.0,0.0,0.0,0.0,0.0,0.0,0.0,0.0
2,2,0.0,0.0,1.0,0.0,0.0,0.0,0.0,0.0,0.0,0.0,0.0
2,2,0.0,0.0,1.0,0.0,0.0,0.0,0.0,0.0,0.0,0.0,0.0
2,2,0.0,0.0,1.0,0.0,0.0,0.0,0.0,0.0,0.0,0.0,0.0
2,2,0.0,0.0,1.0,0.0,0.0,0.0,0.0,0.0,0.0,0.0,0.0
2,2,0.0,0.0,1.0,0.0,0.0,0.0,0.0,0.0,0.0,0.0,0.0
2,2,0.0,0.0,1.0,0.0,0.0,0.0,0.0,0.0,0.0,0.0,0.0
2,2,0.0,0.0,1.0,0.0,0.0,0.0,0.0,0.0,0.0,0.0,0.0
2,2,0.0,0.0,1.0,0.0,0.0,0.0,0.0,0.0,0.0,0.0,0.0
2,2,0.0,0.0,1.0,0.0,0.0,0.0,0.0,0.0,0.0,0.0,0.0
2,2,0.0,0.0,1.0,0.0,0.0,0.0,0.0,0.0,0.0,0.0,0.0
2,2,0.0,0.0,1.0,0.0,0.0,0.0,0.0,0.0,0.0,0.0,0.0
2,2,0.0,0.0,1.0,0.0,0.0,0.0,0.0,0.0,0.0,0.0,0.0
2,2,0.0,0.0,1.0,0.0,0.0,0.0,0.0,0.0,0.0,0.0,0.0
2,2,0.0,0.0,1.0,0.0,0.0,0.0,0.0,0.0,0.0,0.0,0.0
2,2,0.0,0.0,1.0,0.0,0.0,0.0,0.0,0.0,0.0,0.0,0.0
2,2,0.0,0.0,1.0,0.0,0.0,0.0,0.0,0.0,0.0,0.0,0.0
2,2,0.0,0.0,1.0,0.0,0.0,0.0,0.0,0.0,0.0,0.0,0.0
2,2,0.0,0.0,1.0,0.0,0.0,0.0,0.0,0.0,0.0,0.0,0.0
2,2,0.0,0.0,1.0,0.0,0.0,0.0,0.0,0.0,0.0,0.0,0.0
2,2,0.0,0.0,1.0,0.0,0.0,0.0,0.0,0.0,0.0,0.0,0.0
2,2,0.0,0.0,1.0,0.0,0.0,0.0,0.0,0.0,0.0,0.0,0.0
2,2,0.0,0.0,1.0,0.0,0.0,0.0,0.0,0.0,0.0,0.0,0.0
2,2,0.0,0.0,1.0,0.0,0.0,0.0,0.0,0.0,0.0,0.0,0.0
2,2,0.0,0.0,1.0,0.0,0.0,0.0,0.0,0.0,0.0,0.0,0.0
2,2,0.0,0.0,1.0,0.0,0.0,0.0,0.0,0.0,0.0,0.0,0.0
2,2,0.0,0.0,1.0,0.0,0.0,0.0,0.0,0.0,0.0,0.0,0.0
2,2,0.0,0.0,1.0,0.0,0.0,0.0,0.0,0.0,0.0,0.0,0.0
2,2,0.0,0.0,1.0,0.0,0.0,0.0,0.0,0.0,0.0,0.0,0.0
2,2,0.0,0.0,1.0,0.0,0.0,0.0,0.0,0.0,0.0,0.0,0.0
2,2,0.0,0.0,1.0,0.0,0.0,0.0,0.0,0.0,0.0,0.0,0.0
2,2,0.0,0.0,1.0,0.0,0.0,0.0,0.0,0.0,0.0,0.0,0.0
2,2,0.0,0.0,1.0,0.0,0.0,0.0,0.0,0.0,0.0,0.0,0.0
2,2,0.0,0.0,1.0,0.0,0.0,0.0,0.0,0.0,0.0,0.0,0.0
2,2,0.0,0.0,1.0,0.0,0.0,0.0,0.0,0.0,0.0,0.0,0.0
2,2,0.0,0.0,1.0,0.0,0.0,0.0,0.0,0.0,0.0,0.0,0.0
2,2,0.0,0.0,1.0,0.0,0.0,0.0,0.0,0.0,0.0,0.0,0.0
2,2,0.0,0.0,1.0,0.0,0.0,0.0,0.0,0.0,0.0,0.0,0.0
2,2,0.0,0.0,1.0,0.0,0.0,0.0,0.0,0.0,0.0,0.0,0.0
2,2,0.0,0.0,1.0,0.0,0.0,0.0,0.0,0.0,0.0,0.0,0.0
2,2,0.0,0.0,1.0,0.0,0.0,0.0,0.0,0.0,0.0,0.0,0.0
2,2,0.0,0.0,1.0,0.0,0.0,0.0,0.0,0.0,0.0,0.0,0.0
2,2,0.0,0.0,1.0,0.0,0.0,0.0,0.0,0.0,0.0,0.0,0.0
2,2,0.0,0.0,1.0,0.0,0.0,0.0,0.0,0.0,0.0,0.0,0.0
2,2,0.0,0.0,1.0,0.0,0.0,0.0,0.0,0.0,0.0,0.0,0.0
2,2,0.0,0.0,1.0,0.0,0.0,0.0,0.0,0.0,0.0,0.0,0.0
2,2,0.0,0.0,1.0,0.0,0.0,0.0,0.0,0.0,0.0,0.0,0.0
2,2,0.0,0.0,1.0,0.0,0.0,0.0,0.0,0.0,0.0,0.0,0.0
2,2,0.0,0.0,1.0,0.0,0.0,0.0,0.0,0.0,0.0,0.0,0.0
2,2,0.0,0.0,1.0,0.0,0.0,0.0,0.0,0.0,0.0,0.0,0.0
2,2,0.0,0.0,1.0,0.0,0.0,0.0,0.0,0.0,0.0,0.0,0.0
2,2,0.0,0.0,1.0,0.0,0.0,0.0,0.0,0.0,0.0,0.0,0.0
2,2,0.0,0.0,1.0,0.0,0.0,0.0,0.0,0.0,0.0,0.0,0.0
2,2,0.0,0.0,1.0,0.0,0.0,0.0,0.0,0.0,0.0,0.0,0.0
2,2,0.0,0.0,1.0,0.0,0.0,0.0,0.0,0.0,0.0,0.0,0.0
2,2,0.0,0.0,1.0,0.0,0.0,0.0,0.0,0.0,0.0,0.0,0.0
2,2,0.0,0.0,1.0,0.0,0.0,0.0,0.0,0.0,0.0,0.0,0.0
2,2,0.0,0.0,1.0,0.0,0.0,0.0,0.0,0.0,0.0,0.0,0.0
2,2,0.0,0.0,1.0,0.0,0.0,0.0,0.0,0.0,0.0,0.0,0.0
2,2,0.0,0.0,1.0,0.0,0.0,0.0,0.0,0.0,0.0,0.0,0.0
2,2,0.0,0.0,1.0,0.0,0.0,0.0,0.0,0.0,0.0,0.0,0.0
2,2,0.0,0.0,1.0,0.0,0.0,0.0,0.0,0.0,0.0,0.0,0.0
2,2,0.0,0.0,1.0,0.0,0.0,0.0,0.0,0.0,0.0,0.0,0.0
2,2,0.0,0.0,1.0,0.0,0.0,0.0,0.0,0.0,0.0,0.0,0.0
2,2,0.0,0.0,1.0,0.0,0.0,0.0,0.0,0.0,0.0,0.0,0.0
2,2,0.0,0.0,1.0,0.0,0.0,0.0,0.0,0.0,0.0,0.0,0.0
2,2,0.0,0.0,1.0,0.0,0.0,0.0,0.0,0.0,0.0,0.0,0.0
2,2,0.0,0.0,1.0,0.0,0.0,0.0,0.0,0.0,0.0,0.0,0.0
2,2,0.0,0.0,1.0,0.0,0.0,0.0,0.0,0.0,0.0,0.0,0.0
2,2,0.0,0.0,1.0,0.0,0.0,0.0,0.0,0.0,0.0,0.0,0.0
2,2,0.0,0.0,1.0,0.0,0.0,0.0,0.0,0.0,0.0,0.0,0.0
2,2,0.0,0.0,1.0,0.0,0.0,0.0,0.0,0.0,0.0,0.0,0.0
2,2,0.0,0.0,1.0,0.0,0.0,0.0,0.0,0.0,0.0,0.0,0.0
2,2,0.0,0.0,1.0,0.0,0.0,0.0,0.0,0.0,0.0,0.0,0.0
2,2,0.0,0.0,1.0,0.0,0.0,0.0,0.0,0.0,0.0,0.0,0.0
2,2,0.0,0.0,1.0,0.0,0.0,0.0,0.0,0.0,0.0,0.0,0.0
2,2,0.0,0.0,1.0,0.0,0.0,0.0,0.0,0.0,0.0,0.0,0.0
2,2,0.0,0.0,1.0,0.0,0.0,0.0,0.0,0.0,0.0,0.0,0.0
2,2,0.0,0.0,1.0,0.0,0.0,0.0,0.0,0.0,0.0,0.0,0.0
2,2,0.0,0.0,1.0,0.0,0.0,0.0,0.0,0.0,0.0,0.0,0.0
2,2,0.0,0.0,1.0,0.0,0.0,0.0,0.0,0.0,0.0,0.0,0.0
2,2,0.0,0.0,1.0,0.0,0.0,0.0,0.0,0.0,0.0,0.0,0.0
2,2,0.0,0.0,1.0,0.0,0.0,0.0,0.0,0.0,0.0,0.0,0.0
2,2,0.0,0.0,1.0,0.0,0.0,0.0,0.0,0.0,0.0,0.0,0.0
2,2,0.0,0.0,1.0,0.0,0.0,0.0,0.0,0.0,0.0,0.0,0.0
2,2,0.0,0.0,1.0,0.0,0.0,0.0,0.0,0.0,0.0,0.0,0.0
2,2,0.0,0.0,1.0,0.0,0.0,0.0,0.0,0.0,0.0,0.0,0.0
2,2,0.0,0.0,1.0,0.0,0.0,0.0,0.0,0.0,0.0,0.0,0.0
2,2,0.0,0.0,1.0,0.0,0.0,0.0,0.0,0.0,0.0,0.0,0.0
2,2,0.0,0.0,1.0,0.0,0.0,0.0,0.0,0.0,0.0,0.0,0.0
2,2,0.0,0.0,1.0,0.0,0.0,0.0,0.0,0.0,0.0,0.0,0.0
2,2,0.0,0.0,1.0,0.0,0.0,0.0,0.0,0.0,0.0,0.0,0.0
2,2,0.0,0.0,1.0,0.0,0.0,0.0,0.0,0.0,0.0,0.0,0.0
2,2,0.0,0.0,1.0,0.0,0.0,0.0,0.0,0.0,0.0,0.0,0.0
2,2,0.0,0.0,1.0,0.0,0.0,0.0,0.0,0.0,0.0,0.0,0.0
2,2,0.0,0.0,1.0,0.0,0.0,0.0,0.0,0.0,0.0,0.0,0.0
2,2,0.0,0.0,1.0,0.0,0.0,0.0,0.0,0.0,0.0,0.0,0.0
2,2,0.0,0.0,1.0,0.0,0.0,0.0,0.0,0.0,0.0,0.0,0.0
2,2,0.0,0.0,1.0,0.0,0.0,0.0,0.0,0.0,0.0,0.0,0.0
2,2,0.0,0.0,1.0,0.0,0.0,0.0,0.0,0.0,0.0,0.0,0.0
2,2,0.0,0.0,1.0,0.0,0.0,0.0,0.0,0.0,0.0,0.0,0.0
2,2,0.0,0.0,1.0,0.0,0.0,0.0,0.0,0.0,0.0,0.0,0.0
2,2,0.0,0.0,1.0,0.0,0.0,0.0,0.0,0.0,0.0,0.0,0.0
2,2,0.0,0.0,1.0,0.0,0.0,0.0,0.0,0.0,0.0,0.0,0.0
2,2,0.0,0.0,1.0,0.0,0.0,0.0,0.0,0.0,0.0,0.0,0.0
2,2,0.0,0.0,1.0,0.0,0.0,0.0,0.0,0.0,0.0,0.0,0.0
2,2,0.0,0.0,1.0,0.0,0.0,0.0,0.0,0.0,0.0,0.0,0.0
2,2,0.0,0.0,1.0,0.0,0.0,0.0,0.0,0.0,0.0,0.0,0.0
2,2,0.0,0.0,1.0,0.0,0.0,0.0,0.0,0.0,0.0,0.0,0.0
2,2,0.0,0.0,1.0,0.0,0.0,0.0,0.0,0.0,0.0,0.0,0.0
2,2,0.0,0.0,1.0,0.0,0.0,0.0,0.0,0.0,0.0,0.0,0.0
2,2,0.0,0.0,1.0,0.0,0.0,0.0,0.0,0.0,0.0,0.0,0.0
2,2,0.0,0.0,1.0,0.0,0.0,0.0,0.0,0.0,0.0,0.0,0.0
2,2,0.0,0.0,1.0,0.0,0.0,0.0,0.0,0.0,0.0,0.0,0.0
2,2,0.0,0.0,1.0,0.0,0.0,0.0,0.0,0.0,0.0,0.0,0.0
2,2,0.0,0.0,1.0,0.0,0.0,0.0,0.0,0.0,0.0,0.0,0.0
2,2,0.0,0.0,1.0,0.0,0.0,0.0,0.0,0.0,0.0,0.0,0.0
2,2,0.0,0.0,1.0,0.0,0.0,0.0,0.0,0.0,0.0,0.0,0.0
2,2,0.0,0.0,1.0,0.0,0.0,0.0,0.0,0.0,0.0,0.0,0.0
2,2,0.0,0.0,1.0,0.0,0.0,0.0,0.0,0.0,0.0,0.0,0.0
2,2,0.0,0.0,1.0,0.0,0.0,0.0,0.0,0.0,0.0,0.0,0.0
2,2,0.0,0.0,1.0,0.0,0.0,0.0,0.0,0.0,0.0,0.0,0.0
2,2,0.0,0.0,1.0,0.0,0.0,0.0,0.0,0.0,0.0,0.0,0.0
2,2,0.0,0.0,1.0,0.0,0.0,0.0,0.0,0.0,0.0,0.0,0.0
2,2,0.0,0.0,1.0,0.0,0.0,0.0,0.0,0.0,0.0,0.0,0.0
2,2,0.0,0.0,1.0,0.0,0.0,0.0,0.0,0.0,0.0,0.0,0.0
2,2,0.0,0.0,1.0,0.0,0.0,0.0,0.0,0.0,0.0,0.0,0.0
2,2,0.0,0.0,1.0,0.0,0.0,0.0,0.0,0.0,0.0,0.0,0.0
2,2,0.0,0.0,1.0,0.0,0.0,0.0,0.0,0.0,0.0,0.0,0.0
2,2,0.0,0.0,1.0,0.0,0.0,0.0,0.0,0.0,0.0,0.0,0.0
2,2,0.0,0.0,1.0,0.0,0.0,0.0,0.0,0.0,0.0,0.0,0.0
2,2,0.0,0.0,1.0,0.0,0.0,0.0,0.0,0.0,0.0,0.0,0.0
2,2,0.0,0.0,1.0,0.0,0.0,0.0,0.0,0.0,0.0,0.0,0.0
2,2,0.0,0.0,1.0,0.0,0.0,0.0,0.0,0.0,0.0,0.0,0.0
2,2,0.0,0.0,1.0,0.0,0.0,0.0,0.0,0.0,0.0,0.0,0.0
2,2,0.0,0.0,1.0,0.0,0.0,0.0,0.0,0.0,0.0,0.0,0.0
2,2,0.0,0.0,1.0,0.0,0.0,0.0,0.0,0.0,0.0,0.0,0.0
2,2,0.0,0.0,1.0,0.0,0.0,0.0,0.0,0.0,0.0,0.0,0.0
2,2,0.0,0.0,1.0,0.0,0.0,0.0,0.0,0.0,0.0,0.0,0.0
2,2,0.0,0.0,1.0,0.0,0.0,0.0,0.0,0.0,0.0,0.0,0.0
2,2,0.0,0.0,1.0,0.0,0.0,0.0,0.0,0.0,0.0,0.0,0.0
2,2,0.0,0.0,1.0,0.0,0.0,0.0,0.0,0.0,0.0,0.0,0.0
2,2,0.0,0.0,1.0,0.0,0.0,0.0,0.0,0.0,0.0,0.0,0.0
2,2,0.0,0.0,1.0,0.0,0.0,0.0,0.0,0.0,0.0,0.0,0.0
2,2,0.0,0.0,1.0,0.0,0.0,0.0,0.0,0.0,0.0,0.0,0.0
2,2,0.0,0.0,1.0,0.0,0.0,0.0,0.0,0.0,0.0,0.0,0.0
2,2,0.0,0.0,1.0,0.0,0.0,0.0,0.0,0.0,0.0,0.0,0.0
2,2,0.0,0.0,1.0,0.0,0.0,0.0,0.0,0.0,0.0,0.0,0.0
2,2,0.0,0.0,1.0,0.0,0.0,0.0,0.0,0.0,0.0,0.0,0.0
2,2,0.0,0.0,1.0,0.0,0.0,0.0,0.0,0.0,0.0,0.0,0.0
2,2,0.0,0.0,1.0,0.0,0.0,0.0,0.0,0.0,0.0,0.0,0.0
2,2,0.0,0.0,1.0,0.0,0.0,0.0,0.0,0.0,0.0,0.0,0.0
2,2,0.0,0.0,1.0,0.0,0.0,0.0,0.0,0.0,0.0,0.0,0.0
2,2,0.0,0.0,1.0,0.0,0.0,0.0,0.0,0.0,0.0,0.0,0.0
2,2,0.0,0.0,1.0,0.0,0.0,0.0,0.0,0.0,0.0,0.0,0.0
2,2,0.0,0.0,1.0,0.0,0.0,0.0,0.0,0.0,0.0,0.0,0.0
2,2,0.0,0.0,1.0,0.0,0.0,0.0,0.0,0.0,0.0,0.0,0.0
2,2,0.0,0.0,1.0,0.0,0.0,0.0,0.0,0.0,0.0,0.0,0.0
2,2,0.0,0.0,1.0,0.0,0.0,0.0,0.0,0.0,0.0,0.0,0.0
2,2,0.0,0.0,1.0,0.0,0.0,0.0,0.0,0.0,0.0,0.0,0.0
2,2,0.0,0.0,1.0,0.0,0.0,0.0,0.0,0.0,0.0,0.0,0.0
2,2,0.0,0.0,1.0,0.0,0.0,0.0,0.0,0.0,0.0,0.0,0.0
2,2,0.0,0.0,1.0,0.0,0.0,0.0,0.0,0.0,0.0,0.0,0.0
2,2,0.0,0.0,1.0,0.0,0.0,0.0,0.0,0.0,0.0,0.0,0.0
2,2,0.0,0.0,1.0,0.0,0.0,0.0,0.0,0.0,0.0,0.0,0.0
2,2,0.0,0.0,1.0,0.0,0.0,0.0,0.0,0.0,0.0,0.0,0.0
2,2,0.0,0.0,1.0,0.0,0.0,0.0,0.0,0.0,0.0,0.0,0.0
2,2,0.0,0.0,1.0,0.0,0.0,0.0,0.0,0.0,0.0,0.0,0.0
2,2,0.0,0.0,1.0,0.0,0.0,0.0,0.0,0.0,0.0,0.0,0.0
2,2,0.0,0.0,1.0,0.0,0.0,0.0,0.0,0.0,0.0,0.0,0.0
2,2,0.0,0.0,1.0,0.0,0.0,0.0,0.0,0.0,0.0,0.0,0.0
2,2,0.0,0.0,1.0,0.0,0.0,0.0,0.0,0.0,0.0,0.0,0.0
2,2,0.0,0.0,1.0,0.0,0.0,0.0,0.0,0.0,0.0,0.0,0.0
2,2,0.0,0.0,1.0,0.0,0.0,0.0,0.0,0.0,0.0,0.0,0.0
2,2,0.0,0.0,1.0,0.0,0.0,0.0,0.0,0.0,0.0,0.0,0.0
2,2,0.0,0.0,1.0,0.0,0.0,0.0,0.0,0.0,0.0,0.0,0.0
2,2,0.0,0.0,1.0,0.0,0.0,0.0,0.0,0.0,0.0,0.0,0.0
2,2,0.0,0.0,1.0,0.0,0.0,0.0,0.0,0.0,0.0,0.0,0.0
2,2,0.0,0.0,1.0,0.0,0.0,0.0,0.0,0.0,0.0,0.0,0.0
2,2,0.0,0.0,1.0,0.0,0.0,0.0,0.0,0.0,0.0,0.0,0.0
2,2,0.0,0.0,1.0,0.0,0.0,0.0,0.0,0.0,0.0,0.0,0.0
2,2,0.0,0.0,1.0,0.0,0.0,0.0,0.0,0.0,0.0,0.0,0.0
2,2,0.0,0.0,1.0,0.0,0.0,0.0,0.0,0.0,0.0,0.0,0.0
2,2,0.0,0.0,1.0,0.0,0.0,0.0,0.0,0.0,0.0,0.0,0.0
2,2,0.0,0.0,1.0,0.0,0.0,0.0,0.0,0.0,0.0,0.0,0.0
2,2,0.0,0.0,1.0,0.0,0.0,0.0,0.0,0.0,0.0,0.0,0.0
2,2,0.0,0.0,1.0,0.0,0.0,0.0,0.0,0.0,0.0,0.0,0.0
2,2,0.0,0.0,1.0,0.0,0.0,0.0,0.0,0.0,0.0,0.0,0.0
2,2,0.0,0.0,1.0,0.0,0.0,0.0,0.0,0.0,0.0,0.0,0.0
2,2,0.0,0.0,1.0,0.0,0.0,0.0,0.0,0.0,0.0,0.0,0.0
2,2,0.0,0.0,1.0,0.0,0.0,0.0,0.0,0.0,0.0,0.0,0.0
2,2,0.0,0.0,1.0,0.0,0.0,0.0,0.0,0.0,0.0,0.0,0.0
2,2,0.0,0.0,1.0,0.0,0.0,0.0,0.0,0.0,0.0,0.0,0.0
2,2,0.0,0.0,1.0,0.0,0.0,0.0,0.0,0.0,0.0,0.0,0.0
2,2,0.0,0.0,1.0,0.0,0.0,0.0,0.0,0.0,0.0,0.0,0.0
2,2,0.0,0.0,1.0,0.0,0.0,0.0,0.0,0.0,0.0,0.0,0.0
2,2,0.0,0.0,1.0,0.0,0.0,0.0,0.0,0.0,0.0,0.0,0.0
2,2,0.0,0.0,1.0,0.0,0.0,0.0,0.0,0.0,0.0,0.0,0.0
2,2,0.0,0.0,1.0,0.0,0.0,0.0,0.0,0.0,0.0,0.0,0.0
2,2,0.0,0.0,1.0,0.0,0.0,0.0,0.0,0.0,0.0,0.0,0.0
2,2,0.0,0.0,1.0,0.0,0.0,0.0,0.0,0.0,0.0,0.0,0.0
2,2,0.0,0.0,1.0,0.0,0.0,0.0,0.0,0.0,0.0,0.0,0.0
2,2,0.0,0.0,1.0,0.0,0.0,0.0,0.0,0.0,0.0,0.0,0.0
2,2,0.0,0.0,1.0,0.0,0.0,0.0,0.0,0.0,0.0,0.0,0.0
2,2,0.0,0.0,1.0,0.0,0.0,0.0,0.0,0.0,0.0,0.0,0.0
2,2,0.0,0.0,1.0,0.0,0.0,0.0,0.0,0.0,0.0,0.0,0.0
2,2,0.0,0.0,1.0,0.0,0.0,0.0,0.0,0.0,0.0,0.0,0.0
2,2,0.0,0.0,1.0,0.0,0.0,0.0,0.0,0.0,0.0,0.0,0.0
2,2,0.0,0.0,1.0,0.0,0.0,0.0,0.0,0.0,0.0,0.0,0.0
2,2,0.0,0.0,1.0,0.0,0.0,0.0,0.0,0.0,0.0,0.0,0.0
2,2,0.0,0.0,1.0,0.0,0.0,0.0,0.0,0.0,0.0,0.0,0.0
2,2,0.0,0.0,1.0,0.0,0.0,0.0,0.0,0.0,0.0,0.0,0.0
2,2,0.0,0.0,1.0,0.0,0.0,0.0,0.0,0.0,0.0,0.0,0.0
2,2,0.0,0.0,1.0,0.0,0.0,0.0,0.0,0.0,0.0,0.0,0.0
2,2,0.0,0.0,1.0,0.0,0.0,0.0,0.0,0.0,0.0,0.0,0.0
2,2,0.0,0.0,1.0,0.0,0.0,0.0,0.0,0.0,0.0,0.0,0.0
2,2,0.0,0.0,1.0,0.0,0.0,0.0,0.0,0.0,0.0,0.0,0.0
2,2,0.0,0.0,1.0,0.0,0.0,0.0,0.0,0.0,0.0,0.0,0.0
2,2,0.0,0.0,1.0,0.0,0.0,0.0,0.0,0.0,0.0,0.0,0.0
2,2,0.0,0.0,1.0,0.0,0.0,0.0,0.0,0.0,0.0,0.0,0.0
2,2,0.0,0.0,1.0,0.0,0.0,0.0,0.0,0.0,0.0,0.0,0.0
2,2,0.0,0.0,1.0,0.0,0.0,0.0,0.0,0.0,0.0,0.0,0.0
2,2,0.0,0.0,1.0,0.0,0.0,0.0,0.0,0.0,0.0,0.0,0.0
2,2,0.0,0.0,1.0,0.0,0.0,0.0,0.0,0.0,0.0,0.0,0.0
2,2,0.0,0.0,1.0,0.0,0.0,0.0,0.0,0.0,0.0,0.0,0.0
2,2,0.0,0.0,1.0,0.0,0.0,0.0,0.0,0.0,0.0,0.0,0.0
2,2,0.0,0.0,1.0,0.0,0.0,0.0,0.0,0.0,0.0,0.0,0.0
2,2,0.0,0.0,1.0,0.0,0.0,0.0,0.0,0.0,0.0,0.0,0.0
2,2,0.0,0.0,1.0,0.0,0.0,0.0,0.0,0.0,0.0,0.0,0.0
2,2,0.0,0.0,1.0,0.0,0.0,0.0,0.0,0.0,0.0,0.0,0.0
2,2,0.0,0.0,1.0,0.0,0.0,0.0,0.0,0.0,0.0,0.0,0.0
2,2,0.0,0.0,1.0,0.0,0.0,0.0,0.0,0.0,0.0,0.0,0.0
2,2,0.0,0.0,1.0,0.0,0.0,0.0,0.0,0.0,0.0,0.0,0.0
2,2,0.0,0.0,1.0,0.0,0.0,0.0,0.0,0.0,0.0,0.0,0.0
2,2,0.0,0.0,1.0,0.0,0.0,0.0,0.0,0.0,0.0,0.0,0.0
2,2,0.0,0.0,1.0,0.0,0.0,0.0,0.0,0.0,0.0,0.0,0.0
2,2,0.0,0.0,1.0,0.0,0.0,0.0,0.0,0.0,0.0,0.0,0.0
2,2,0.0,0.0,1.0,0.0,0.0,0.0,0.0,0.0,0.0,0.0,0.0
2,2,0.0,0.0,1.0,0.0,0.0,0.0,0.0,0.0,0.0,0.0,0.0
2,2,0.0,0.0,1.0,0.0,0.0,0.0,0.0,0.0,0.0,0.0,0.0
2,2,0.0,0.0,1.0,0.0,0.0,0.0,0.0,0.0,0.0,0.0,0.0
2,2,0.0,0.0,1.0,0.0,0.0,0.0,0.0,0.0,0.0,0.0,0.0
2,2,0.0,0.0,1.0,0.0,0.0,0.0,0.0,0.0,0.0,0.0,0.0
2,2,0.0,0.0,1.0,0.0,0.0,0.0,0.0,0.0,0.0,0.0,0.0
2,2,0.0,0.0,1.0,0.0,0.0,0.0,0.0,0.0,0.0,0.0,0.0
2,2,0.0,0.0,1.0,0.0,0.0,0.0,0.0,0.0,0.0,0.0,0.0
2,2,0.0,0.0,1.0,0.0,0.0,0.0,0.0,0.0,0.0,0.0,0.0
2,2,0.0,0.0,1.0,0.0,0.0,0.0,0.0,0.0,0.0,0.0,0.0
2,2,0.0,0.0,1.0,0.0,0.0,0.0,0.0,0.0,0.0,0.0,0.0
2,2,0.0,0.0,1.0,0.0,0.0,0.0,0.0,0.0,0.0,0.0,0.0
2,2,0.0,0.0,1.0,0.0,0.0,0.0,0.0,0.0,0.0,0.0,0.0
2,2,0.0,0.0,1.0,0.0,0.0,0.0,0.0,0.0,0.0,0.0,0.0
2,2,0.0,0.0,1.0,0.0,0.0,0.0,0.0,0.0,0.0,0.0,0.0
2,2,0.0,0.0,1.0,0.0,0.0,0.0,0.0,0.0,0.0,0.0,0.0
2,2,0.0,0.0,1.0,0.0,0.0,0.0,0.0,0.0,0.0,0.0,0.0
2,2,0.0,0.0,1.0,0.0,0.0,0.0,0.0,0.0,0.0,0.0,0.0
2,2,0.0,0.0,1.0,0.0,0.0,0.0,0.0,0.0,0.0,0.0,0.0
2,2,0.0,0.0,1.0,0.0,0.0,0.0,0.0,0.0,0.0,0.0,0.0
2,2,0.0,0.0,1.0,0.0,0.0,0.0,0.0,0.0,0.0,0.0,0.0
2,2,0.0,0.0,1.0,0.0,0.0,0.0,0.0,0.0,0.0,0.0,0.0
2,2,0.0,0.0,1.0,0.0,0.0,0.0,0.0,0.0,0.0,0.0,0.0
2,2,0.0,0.0,1.0,0.0,0.0,0.0,0.0,0.0,0.0,0.0,0.0
2,2,0.0,0.0,1.0,0.0,0.0,0.0,0.0,0.0,0.0,0.0,0.0
2,2,0.0,0.0,1.0,0.0,0.0,0.0,0.0,0.0,0.0,0.0,0.0
2,2,0.0,0.0,1.0,0.0,0.0,0.0,0.0,0.0,0.0,0.0,0.0
2,2,0.0,0.0,1.0,0.0,0.0,0.0,0.0,0.0,0.0,0.0,0.0
2,2,0.0,0.0,1.0,0.0,0.0,0.0,0.0,0.0,0.0,0.0,0.0
2,2,0.0,0.0,1.0,0.0,0.0,0.0,0.0,0.0,0.0,0.0,0.0
2,2,0.0,0.0,1.0,0.0,0.0,0.0,0.0,0.0,0.0,0.0,0.0
2,2,0.0,0.0,1.0,0.0,0.0,0.0,0.0,0.0,0.0,0.0,0.0
2,2,0.0,0.0,1.0,0.0,0.0,0.0,0.0,0.0,0.0,0.0,0.0
2,2,0.0,0.0,1.0,0.0,0.0,0.0,0.0,0.0,0.0,0.0,0.0
2,2,0.0,0.0,1.0,0.0,0.0,0.0,0.0,0.0,0.0,0.0,0.0
2,2,0.0,0.0,1.0,0.0,0.0,0.0,0.0,0.0,0.0,0.0,0.0
2,2,0.0,0.0,1.0,0.0,0.0,0.0,0.0,0.0,0.0,0.0,0.0
2,2,0.0,0.0,1.0,0.0,0.0,0.0,0.0,0.0,0.0,0.0,0.0
2,2,0.0,0.0,1.0,0.0,0.0,0.0,0.0,0.0,0.0,0.0,0.0
2,2,0.0,0.0,1.0,0.0,0.0,0.0,0.0,0.0,0.0,0.0,0.0
2,2,0.0,0.0,1.0,0.0,0.0,0.0,0.0,0.0,0.0,0.0,0.0
2,2,0.0,0.0,1.0,0.0,0.0,0.0,0.0,0.0,0.0,0.0,0.0
2,2,0.0,0.0,1.0,0.0,0.0,0.0,0.0,0.0,0.0,0.0,0.0
2,2,0.0,0.0,1.0,0.0,0.0,0.0,0.0,0.0,0.0,0.0,0.0
2,2,0.0,0.0,1.0,0.0,0.0,0.0,0.0,0.0,0.0,0.0,0.0
2,2,0.0,0.0,1.0,0.0,0.0,0.0,0.0,0.0,0.0,0.0,0.0
2,2,0.0,0.0,1.0,0.0,0.0,0.0,0.0,0.0,0.0,0.0,0.0
2,2,0.0,0.0,1.0,0.0,0.0,0.0,0.0,0.0,0.0,0.0,0.0
2,2,0.0,0.0,1.0,0.0,0.0,0.0,0.0,0.0,0.0,0.0,0.0
2,2,0.0,0.0,1.0,0.0,0.0,0.0,0.0,0.0,0.0,0.0,0.0
2,2,0.0,0.0,1.0,0.0,0.0,0.0,0.0,0.0,0.0,0.0,0.0
2,2,0.0,0.0,1.0,0.0,0.0,0.0,0.0,0.0,0.0,0.0,0.0
2,2,0.0,0.0,1.0,0.0,0.0,0.0,0.0,0.0,0.0,0.0,0.0
2,2,0.0,0.0,1.0,0.0,0.0,0.0,0.0,0.0,0.0,0.0,0.0
2,2,0.0,0.0,1.0,0.0,0.0,0.0,0.0,0.0,0.0,0.0,0.0
2,2,0.0,0.0,1.0,0.0,0.0,0.0,0.0,0.0,0.0,0.0,0.0
2,2,0.0,0.0,1.0,0.0,0.0,0.0,0.0,0.0,0.0,0.0,0.0
2,2,0.0,0.0,1.0,0.0,0.0,0.0,0.0,0.0,0.0,0.0,0.0
2,2,0.0,0.0,1.0,0.0,0.0,0.0,0.0,0.0,0.0,0.0,0.0
2,2,0.0,0.0,1.0,0.0,0.0,0.0,0.0,0.0,0.0,0.0,0.0
2,2,0.0,0.0,1.0,0.0,0.0,0.0,0.0,0.0,0.0,0.0,0.0
2,2,0.0,0.0,1.0,0.0,0.0,0.0,0.0,0.0,0.0,0.0,0.0
2,2,0.0,0.0,1.0,0.0,0.0,0.0,0.0,0.0,0.0,0.0,0.0
2,2,0.0,0.0,1.0,0.0,0.0,0.0,0.0,0.0,0.0,0.0,0.0
2,2,0.0,0.0,1.0,0.0,0.0,0.0,0.0,0.0,0.0,0.0,0.0
2,2,0.0,0.0,1.0,0.0,0.0,0.0,0.0,0.0,0.0,0.0,0.0
2,2,0.0,0.0,1.0,0.0,0.0,0.0,0.0,0.0,0.0,0.0,0.0
2,2,0.0,0.0,1.0,0.0,0.0,0.0,0.0,0.0,0.0,0.0,0.0
2,2,0.0,0.0,1.0,0.0,0.0,0.0,0.0,0.0,0.0,0.0,0.0
2,2,0.0,0.0,1.0,0.0,0.0,0.0,0.0,0.0,0.0,0.0,0.0
2,2,0.0,0.0,1.0,0.0,0.0,0.0,0.0,0.0,0.0,0.0,0.0
2,2,0.0,0.0,1.0,0.0,0.0,0.0,0.0,0.0,0.0,0.0,0.0
2,2,0.0,0.0,1.0,0.0,0.0,0.0,0.0,0.0,0.0,0.0,0.0
2,2,0.0,0.0,1.0,0.0,0.0,0.0,0.0,0.0,0.0,0.0,0.0
2,2,0.0,0.0,1.0,0.0,0.0,0.0,0.0,0.0,0.0,0.0,0.0
2,2,0.0,0.0,1.0,0.0,0.0,0.0,0.0,0.0,0.0,0.0,0.0
2,2,0.0,0.0,1.0,0.0,0.0,0.0,0.0,0.0,0.0,0.0,0.0
2,2,0.0,0.0,1.0,0.0,0.0,0.0,0.0,0.0,0.0,0.0,0.0
2,2,0.0,0.0,1.0,0.0,0.0,0.0,0.0,0.0,0.0,0.0,0.0
2,2,0.0,0.0,1.0,0.0,0.0,0.0,0.0,0.0,0.0,0.0,0.0
2,2,0.0,0.0,1.0,0.0,0.0,0.0,0.0,0.0,0.0,0.0,0.0
2,2,0.0,0.0,1.0,0.0,0.0,0.0,0.0,0.0,0.0,0.0,0.0
2,2,0.0,0.0,1.0,0.0,0.0,0.0,0.0,0.0,0.0,0.0,0.0
2,2,0.0,0.0,1.0,0.0,0.0,0.0,0.0,0.0,0.0,0.0,0.0
2,2,0.0,0.0,1.0,0.0,0.0,0.0,0.0,0.0,0.0,0.0,0.0
2,2,0.0,0.0,1.0,0.0,0.0,0.0,0.0,0.0,0.0,0.0,0.0
2,2,0.0,0.0,1.0,0.0,0.0,0.0,0.0,0.0,0.0,0.0,0.0
2,2,0.0,0.0,1.0,0.0,0.0,0.0,0.0,0.0,0.0,0.0,0.0
2,2,0.0,0.0,1.0,0.0,0.0,0.0,0.0,0.0,0.0,0.0,0.0
2,2,0.0,0.0,1.0,0.0,0.0,0.0,0.0,0.0,0.0,0.0,0.0
2,2,0.0,0.0,1.0,0.0,0.0,0.0,0.0,0.0,0.0,0.0,0.0
2,2,0.0,0.0,1.0,0.0,0.0,0.0,0.0,0.0,0.0,0.0,0.0
2,2,0.0,0.0,1.0,0.0,0.0,0.0,0.0,0.0,0.0,0.0,0.0
2,2,0.0,0.0,1.0,0.0,0.0,0.0,0.0,0.0,0.0,0.0,0.0
2,2,0.0,0.0,1.0,0.0,0.0,0.0,0.0,0.0,0.0,0.0,0.0
2,2,0.0,0.0,1.0,0.0,0.0,0.0,0.0,0.0,0.0,0.0,0.0
2,2,0.0,0.0,1.0,0.0,0.0,0.0,0.0,0.0,0.0,0.0,0.0
2,2,0.0,0.0,1.0,0.0,0.0,0.0,0.0,0.0,0.0,0.0,0.0
2,2,0.0,0.0,1.0,0.0,0.0,0.0,0.0,0.0,0.0,0.0,0.0
2,2,0.0,0.0,1.0,0.0,0.0,0.0,0.0,0.0,0.0,0.0,0.0
2,2,0.0,0.0,1.0,0.0,0.0,0.0,0.0,0.0,0.0,0.0,0.0
2,2,0.0,0.0,1.0,0.0,0.0,0.0,0.0,0.0,0.0,0.0,0.0
2,2,0.0,0.0,1.0,0.0,0.0,0.0,0.0,0.0,0.0,0.0,0.0
2,2,0.0,0.0,1.0,0.0,0.0,0.0,0.0,0.0,0.0,0.0,0.0
2,2,0.0,0.0,1.0,0.0,0.0,0.0,0.0,0.0,0.0,0.0,0.0
2,2,0.0,0.0,1.0,0.0,0.0,0.0,0.0,0.0,0.0,0.0,0.0
2,2,0.0,0.0,1.0,0.0,0.0,0.0,0.0,0.0,0.0,0.0,0.0
2,2,0.0,0.0,1.0,0.0,0.0,0.0,0.0,0.0,0.0,0.0,0.0
2,2,0.0,0.0,1.0,0.0,0.0,0.0,0.0,0.0,0.0,0.0,0.0
2,2,0.0,0.0,1.0,0.0,0.0,0.0,0.0,0.0,0.0,0.0,0.0
2,2,0.0,0.0,1.0,0.0,0.0,0.0,0.0,0.0,0.0,0.0,0.0
2,2,0.0,0.0,1.0,0.0,0.0,0.0,0.0,0.0,0.0,0.0,0.0
2,2,0.0,0.0,1.0,0.0,0.0,0.0,0.0,0.0,0.0,0.0,0.0
2,2,0.0,0.0,1.0,0.0,0.0,0.0,0.0,0.0,0.0,0.0,0.0
2,2,0.0,0.0,1.0,0.0,0.0,0.0,0.0,0.0,0.0,0.0,0.0
2,2,0.0,0.0,1.0,0.0,0.0,0.0,0.0,0.0,0.0,0.0,0.0
2,2,0.0,0.0,1.0,0.0,0.0,0.0,0.0,0.0,0.0,0.0,0.0
2,2,0.0,0.0,1.0,0.0,0.0,0.0,0.0,0.0,0.0,0.0,0.0
2,2,0.0,0.0,1.0,0.0,0.0,0.0,0.0,0.0,0.0,0.0,0.0
2,2,0.0,0.0,1.0,0.0,0.0,0.0,0.0,0.0,0.0,0.0,0.0
2,2,0.0,0.0,1.0,0.0,0.0,0.0,0.0,0.0,0.0,0.0,0.0
2,2,0.0,0.0,1.0,0.0,0.0,0.0,0.0,0.0,0.0,0.0,0.0
2,2,0.0,0.0,1.0,0.0,0.0,0.0,0.0,0.0,0.0,0.0,0.0
2,2,0.0,0.0,1.0,0.0,0.0,0.0,0.0,0.0,0.0,0.0,0.0
2,2,0.0,0.0,1.0,0.0,0.0,0.0,0.0,0.0,0.0,0.0,0.0
2,2,0.0,0.0,1.0,0.0,0.0,0.0,0.0,0.0,0.0,0.0,0.0
2,2,0.0,0.0,1.0,0.0,0.0,0.0,0.0,0.0,0.0,0.0,0.0
2,2,0.0,0.0,1.0,0.0,0.0,0.0,0.0,0.0,0.0,0.0,0.0
2,2,0.0,0.0,1.0,0.0,0.0,0.0,0.0,0.0,0.0,0.0,0.0
2,2,0.0,0.0,1.0,0.0,0.0,0.0,0.0,0.0,0.0,0.0,0.0
2,2,0.0,0.0,1.0,0.0,0.0,0.0,0.0,0.0,0.0,0.0,0.0
2,2,0.0,0.0,1.0,0.0,0.0,0.0,0.0,0.0,0.0,0.0,0.0
2,2,0.0,0.0,1.0,0.0,0.0,0.0,0.0,0.0,0.0,0.0,0.0
2,2,0.0,0.0,1.0,0.0,0.0,0.0,0.0,0.0,0.0,0.0,0.0
2,2,0.0,0.0,1.0,0.0,0.0,0.0,0.0,0.0,0.0,0.0,0.0
2,2,0.0,0.0,1.0,0.0,0.0,0.0,0.0,0.0,0.0,0.0,0.0
2,2,0.0,0.0,1.0,0.0,0.0,0.0,0.0,0.0,0.0,0.0,0.0
2,2,0.0,0.0,1.0,0.0,0.0,0.0,0.0,0.0,0.0,0.0,0.0
2,2,0.0,0.0,1.0,0.0,0.0,0.0,0.0,0.0,0.0,0.0,0.0
2,2,0.0,0.0,1.0,0.0,0.0,0.0,0.0,0.0,0.0,0.0,0.0
2,2,0.0,0.0,1.0,0.0,0.0,0.0,0.0,0.0,0.0,0.0,0.0
2,2,0.0,0.0,1.0,0.0,0.0,0.0,0.0,0.0,0.0,0.0,0.0
2,2,0.0,0.0,1.0,0.0,0.0,0.0,0.0,0.0,0.0,0.0,0.0
2,2,0.0,0.0,1.0,0.0,0.0,0.0,0.0,0.0,0.0,0.0,0.0
2,2,0.0,0.0,1.0,0.0,0.0,0.0,0.0,0.0,0.0,0.0,0.0
2,2,0.0,0.0,1.0,0.0,0.0,0.0,0.0,0.0,0.0,0.0,0.0
2,2,0.0,0.0,1.0,0.0,0.0,0.0,0.0,0.0,0.0,0.0,0.0
2,2,0.0,0.0,1.0,0.0,0.0,0.0,0.0,0.0,0.0,0.0,0.0
2,2,0.0,0.0,1.0,0.0,0.0,0.0,0.0,0.0,0.0,0.0,0.0
2,2,0.0,0.0,1.0,0.0,0.0,0.0,0.0,0.0,0.0,0.0,0.0
2,2,0.0,0.0,1.0,0.0,0.0,0.0,0.0,0.0,0.0,0.0,0.0
2,2,0.0,0.0,1.0,0.0,0.0,0.0,0.0,0.0,0.0,0.0,0.0
2,2,0.0,0.0,1.0,0.0,0.0,0.0,0.0,0.0,0.0,0.0,0.0
2,2,0.0,0.0,1.0,0.0,0.0,0.0,0.0,0.0,0.0,0.0,0.0
2,2,0.0,0.0,1.0,0.0,0.0,0.0,0.0,0.0,0.0,0.0,0.0
2,2,0.0,0.0,1.0,0.0,0.0,0.0,0.0,0.0,0.0,0.0,0.0
2,2,0.0,0.0,1.0,0.0,0.0,0.0,0.0,0.0,0.0,0.0,0.0
2,2,0.0,0.0,1.0,0.0,0.0,0.0,0.0,0.0,0.0,0.0,0.0
2,2,0.0,0.0,1.0,0.0,0.0,0.0,0.0,0.0,0.0,0.0,0.0
2,2,0.0,0.0,1.0,0.0,0.0,0.0,0.0,0.0,0.0,0.0,0.0
2,2,0.0,0.0,1.0,0.0,0.0,0.0,0.0,0.0,0.0,0.0,0.0
2,2,0.0,0.0,1.0,0.0,0.0,0.0,0.0,0.0,0.0,0.0,0.0
2,2,0.0,0.0,1.0,0.0,0.0,0.0,0.0,0.0,0.0,0.0,0.0
2,2,0.0,0.0,1.0,0.0,0.0,0.0,0.0,0.0,0.0,0.0,0.0
2,2,0.0,0.0,1.0,0.0,0.0,0.0,0.0,0.0,0.0,0.0,0.0
2,2,0.0,0.0,1.0,0.0,0.0,0.0,0.0,0.0,0.0,0.0,0.0
2,2,0.0,0.0,1.0,0.0,0.0,0.0,0.0,0.0,0.0,0.0,0.0
2,2,0.0,0.0,1.0,0.0,0.0,0.0,0.0,0.0,0.0,0.0,0.0
2,2,0.0,0.0,1.0,0.0,0.0,0.0,0.0,0.0,0.0,0.0,0.0
2,2,0.0,0.0,1.0,0.0,0.0,0.0,0.0,0.0,0.0,0.0,0.0
2,2,0.0,0.0,1.0,0.0,0.0,0.0,0.0,0.0,0.0,0.0,0.0
2,2,0.0,0.0,1.0,0.0,0.0,0.0,0.0,0.0,0.0,0.0,0.0
2,2,0.0,0.0,1.0,0.0,0.0,0.0,0.0,0.0,0.0,0.0,0.0
2,2,0.0,0.0,1.0,0.0,0.0,0.0,0.0,0.0,0.0,0.0,0.0
2,2,0.0,0.0,1.0,0.0,0.0,0.0,0.0,0.0,0.0,0.0,0.0
2,2,0.0,0.0,1.0,0.0,0.0,0.0,0.0,0.0,0.0,0.0,0.0
2,2,0.0,0.0,1.0,0.0,0.0,0.0,0.0,0.0,0.0,0.0,0.0
2,2,0.0,0.0,1.0,0.0,0.0,0.0,0.0,0.0,0.0,0.0,0.0
2,2,0.0,0.0,1.0,0.0,0.0,0.0,0.0,0.0,0.0,0.0,0.0
2,2,0.0,0.0,1.0,0.0,0.0,0.0,0.0,0.0,0.0,0.0,0.0
2,2,0.0,0.0,1.0,0.0,0.0,0.0,0.0,0.0,0.0,0.0,0.0
2,2,0.0,0.0,1.0,0.0,0.0,0.0,0.0,0.0,0.0,0.0,0.0
2,2,0.0,0.0,1.0,0.0,0.0,0.0,0.0,0.0,0.0,0.0,0.0
2,2,0.0,0.0,1.0,0.0,0.0,0.0,0.0,0.0,0.0,0.0,0.0
2,2,0.0,0.0,1.0,0.0,0.0,0.0,0.0,0.0,0.0,0.0,0.0
2,2,0.0,0.0,1.0,0.0,0.0,0.0,0.0,0.0,0.0,0.0,0.0
2,2,0.0,0.0,1.0,0.0,0.0,0.0,0.0,0.0,0.0,0.0,0.0
2,2,0.0,0.0,1.0,0.0,0.0,0.0,0.0,0.0,0.0,0.0,0.0
2,2,0.0,0.0,1.0,0.0,0.0,0.0,0.0,0.0,0.0,0.0,0.0
2,2,0.0,0.0,1.0,0.0,0.0,0.0,0.0,0.0,0.0,0.0,0.0
2,2,0.0,0.0,1.0,0.0,0.0,0.0,0.0,0.0,0.0,0.0,0.0
2,2,0.0,0.0,1.0,0.0,0.0,0.0,0.0,0.0,0.0,0.0,0.0
2,2,0.0,0.0,1.0,0.0,0.0,0.0,0.0,0.0,0.0,0.0,0.0
2,2,0.0,0.0,1.0,0.0,0.0,0.0,0.0,0.0,0.0,0.0,0.0
2,2,0.0,0.0,1.0,0.0,0.0,0.0,0.0,0.0,0.0,0.0,0.0
2,2,0.0,0.0,1.0,0.0,0.0,0.0,0.0,0.0,0.0,0.0,0.0
2,2,0.0,0.0,1.0,0.0,0.0,0.0,0.0,0.0,0.0,0.0,0.0
2,2,0.0,0.0,1.0,0.0,0.0,0.0,0.0,0.0,0.0,0.0,0.0
2,2,0.0,0.0,1.0,0.0,0.0,0.0,0.0,0.0,0.0,0.0,0.0
2,2,0.0,0.0,1.0,0.0,0.0,0.0,0.0,0.0,0.0,0.0,0.0
2,2,0.0,0.0,1.0,0.0,0.0,0.0,0.0,0.0,0.0,0.0,0.0
2,2,0.0,0.0,1.0,0.0,0.0,0.0,0.0,0.0,0.0,0.0,0.0
2,2,0.0,0.0,1.0,0.0,0.0,0.0,0.0,0.0,0.0,0.0,0.0
2,2,0.0,0.0,1.0,0.0,0.0,0.0,0.0,0.0,0.0,0.0,0.0
2,2,0.0,0.0,1.0,0.0,0.0,0.0,0.0,0.0,0.0,0.0,0.0
2,2,0.0,0.0,1.0,0.0,0.0,0.0,0.0,0.0,0.0,0.0,0.0
2,2,0.0,0.0,1.0,0.0,0.0,0.0,0.0,0.0,0.0,0.0,0.0
2,2,0.0,0.0,1.0,0.0,0.0,0.0,0.0,0.0,0.0,0.0,0.0
2,2,0.0,0.0,1.0,0.0,0.0,0.0,0.0,0.0,0.0,0.0,0.0
2,2,0.0,0.0,1.0,0.0,0.0,0.0,0.0,0.0,0.0,0.0,0.0
2,2,0.0,0.0,1.0,0.0,0.0,0.0,0.0,0.0,0.0,0.0,0.0
2,2,0.0,0.0,1.0,0.0,0.0,0.0,0.0,0.0,0.0,0.0,0.0
2,2,0.0,0.0,1.0,0.0,0.0,0.0,0.0,0.0,0.0,0.0,0.0
2,2,0.0,0.0,1.0,0.0,0.0,0.0,0.0,0.0,0.0,0.0,0.0
2,2,0.0,0.0,1.0,0.0,0.0,0.0,0.0,0.0,0.0,0.0,0.0
2,2,0.0,0.0,1.0,0.0,0.0,0.0,0.0,0.0,0.0,0.0,0.0
2,2,0.0,0.0,1.0,0.0,0.0,0.0,0.0,0.0,0.0,0.0,0.0
2,2,0.0,0.0,1.0,0.0,0.0,0.0,0.0,0.0,0.0,0.0,0.0
2,2,0.0,0.0,1.0,0.0,0.0,0.0,0.0,0.0,0.0,0.0,0.0
2,2,0.0,0.0,1.0,0.0,0.0,0.0,0.0,0.0,0.0,0.0,0.0
2,2,0.0,0.0,1.0,0.0,0.0,0.0,0.0,0.0,0.0,0.0,0.0
2,2,0.0,0.0,1.0,0.0,0.0,0.0,0.0,0.0,0.0,0.0,0.0
2,2,0.0,0.0,1.0,0.0,0.0,0.0,0.0,0.0,0.0,0.0,0.0
2,2,0.0,0.0,1.0,0.0,0.0,0.0,0.0,0.0,0.0,0.0,0.0
2,2,0.0,0.0,1.0,0.0,0.0,0.0,0.0,0.0,0.0,0.0,0.0
2,2,0.0,0.0,1.0,0.0,0.0,0.0,0.0,0.0,0.0,0.0,0.0
2,2,0.0,0.0,1.0,0.0,0.0,0.0,0.0,0.0,0.0,0.0,0.0
2,2,0.0,0.0,1.0,0.0,0.0,0.0,0.0,0.0,0.0,0.0,0.0
2,2,0.0,0.0,1.0,0.0,0.0,0.0,0.0,0.0,0.0,0.0,0.0
2,2,0.0,0.0,1.0,0.0,0.0,0.0,0.0,0.0,0.0,0.0,0.0
2,2,0.0,0.0,1.0,0.0,0.0,0.0,0.0,0.0,0.0,0.0,0.0
2,2,0.0,0.0,1.0,0.0,0.0,0.0,0.0,0.0,0.0,0.0,0.0
2,2,0.0,0.0,1.0,0.0,0.0,0.0,0.0,0.0,0.0,0.0,0.0
2,2,0.0,0.0,1.0,0.0,0.0,0.0,0.0,0.0,0.0,0.0,0.0
2,2,0.0,0.0,1.0,0.0,0.0,0.0,0.0,0.0,0.0,0.0,0.0
2,2,0.0,0.0,1.0,0.0,0.0,0.0,0.0,0.0,0.0,0.0,0.0
2,2,0.0,0.0,1.0,0.0,0.0,0.0,0.0,0.0,0.0,0.0,0.0
2,2,0.0,0.0,1.0,0.0,0.0,0.0,0.0,0.0,0.0,0.0,0.0
2,2,0.0,0.0,1.0,0.0,0.0,0.0,0.0,0.0,0.0,0.0,0.0
2,2,0.0,0.0,1.0,0.0,0.0,0.0,0.0,0.0,0.0,0.0,0.0
2,2,0.0,0.0,1.0,0.0,0.0,0.0,0.0,0.0,0.0,0.0,0.0
2,2,0.0,0.0,1.0,0.0,0.0,0.0,0.0,0.0,0.0,0.0,0.0
2,2,0.0,0.0,1.0,0.0,0.0,0.0,0.0,0.0,0.0,0.0,0.0
2,2,0.0,0.0,1.0,0.0,0.0,0.0,0.0,0.0,0.0,0.0,0.0
2,2,0.0,0.0,1.0,0.0,0.0,0.0,0.0,0.0,0.0,0.0,0.0
2,2,0.0,0.0,1.0,0.0,0.0,0.0,0.0,0.0,0.0,0.0,0.0
2,2,0.0,0.0,1.0,0.0,0.0,0.0,0.0,0.0,0.0,0.0,0.0
2,2,0.0,0.0,1.0,0.0,0.0,0.0,0.0,0.0,0.0,0.0,0.0
2,2,0.0,0.0,1.0,0.0,0.0,0.0,0.0,0.0,0.0,0.0,0.0
2,2,0.0,0.0,1.0,0.0,0.0,0.0,0.0,0.0,0.0,0.0,0.0
2,2,0.0,0.0,1.0,0.0,0.0,0.0,0.0,0.0,0.0,0.0,0.0
2,2,0.0,0.0,1.0,0.0,0.0,0.0,0.0,0.0,0.0,0.0,0.0
2,2,0.0,0.0,1.0,0.0,0.0,0.0,0.0,0.0,0.0,0.0,0.0
2,2,0.0,0.0,1.0,0.0,0.0,0.0,0.0,0.0,0.0,0.0,0.0
2,2,0.0,0.0,1.0,0.0,0.0,0.0,0.0,0.0,0.0,0.0,0.0
2,2,0.0,0.0,1.0,0.0,0.0,0.0,0.0,0.0,0.0,0.0,0.0
2,2,0.0,0.0,1.0,0.0,0.0,0.0,0.0,0.0,0.0,0.0,0.0
2,2,0.0,0.0,1.0,0.0,0.0,0.0,0.0,0.0,0.0,0.0,0.0
2,2,0.0,0.0,1.0,0.0,0.0,0.0,0.0,0.0,0.0,0.0,0.0
2,2,0.0,0.0,1.0,0.0,0.0,0.0,0.0,0.0,0.0,0.0,0.0
2,2,0.0,0.0,1.0,0.0,0.0,0.0,0.0,0.0,0.0,0.0,0.0
2,2,0.0,0.0,1.0,0.0,0.0,0.0,0.0,0.0,0.0,0.0,0.0
2,2,0.0,0.0,1.0,0.0,0.0,0.0,0.0,0.0,0.0,0.0,0.0
2,2,0.0,0.0,1.0,0.0,0.0,0.0,0.0,0.0,0.0,0.0,0.0
2,2,0.0,0.0,1.0,0.0,0.0,0.0,0.0,0.0,0.0,0.0,0.0
2,2,0.0,0.0,1.0,0.0,0.0,0.0,0.0,0.0,0.0,0.0,0.0
2,2,0.0,0.0,1.0,0.0,0.0,0.0,0.0,0.0,0.0,0.0,0.0
2,2,0.0,0.0,1.0,0.0,0.0,0.0,0.0,0.0,0.0,0.0,0.0
2,2,0.0,0.0,1.0,0.0,0.0,0.0,0.0,0.0,0.0,0.0,0.0
2,2,0.0,0.0,1.0,0.0,0.0,0.0,0.0,0.0,0.0,0.0,0.0
2,2,0.0,0.0,1.0,0.0,0.0,0.0,0.0,0.0,0.0,0.0,0.0
2,2,0.0,0.0,1.0,0.0,0.0,0.0,0.0,0.0,0.0,0.0,0.0
2,2,0.0,0.0,1.0,0.0,0.0,0.0,0.0,0.0,0.0,0.0,0.0
2,2,0.0,0.0,1.0,0.0,0.0,0.0,0.0,0.0,0.0,0.0,0.0
2,2,0.0,0.0,1.0,0.0,0.0,0.0,0.0,0.0,0.0,0.0,0.0
2,2,0.0,0.0,1.0,0.0,0.0,0.0,0.0,0.0,0.0,0.0,0.0
2,2,0.0,0.0,1.0,0.0,0.0,0.0,0.0,0.0,0.0,0.0,0.0
2,2,0.0,0.0,1.0,0.0,0.0,0.0,0.0,0.0,0.0,0.0,0.0
2,2,0.0,0.0,1.0,0.0,0.0,0.0,0.0,0.0,0.0,0.0,0.0
2,2,0.0,0.0,1.0,0.0,0.0,0.0,0.0,0.0,0.0,0.0,0.0
2,2,0.0,0.0,1.0,0.0,0.0,0.0,0.0,0.0,0.0,0.0,0.0
2,2,0.0,0.0,1.0,0.0,0.0,0.0,0.0,0.0,0.0,0.0,0.0
2,2,0.0,0.0,1.0,0.0,0.0,0.0,0.0,0.0,0.0,0.0,0.0
2,2,0.0,0.0,1.0,0.0,0.0,0.0,0.0,0.0,0.0,0.0,0.0
2,2,0.0,0.0,1.0,0.0,0.0,0.0,0.0,0.0,0.0,0.0,0.0
2,2,0.0,0.0,1.0,0.0,0.0,0.0,0.0,0.0,0.0,0.0,0.0
2,2,0.0,0.0,1.0,0.0,0.0,0.0,0.0,0.0,0.0,0.0,0.0
2,2,0.0,0.0,1.0,0.0,0.0,0.0,0.0,0.0,0.0,0.0,0.0
2,2,0.0,0.0,1.0,0.0,0.0,0.0,0.0,0.0,0.0,0.0,0.0
2,2,0.0,0.0,1.0,0.0,0.0,0.0,0.0,0.0,0.0,0.0,0.0
2,2,0.0,0.0,1.0,0.0,0.0,0.0,0.0,0.0,0.0,0.0,0.0
2,2,0.0,0.0,1.0,0.0,0.0,0.0,0.0,0.0,0.0,0.0,0.0
2,2,0.0,0.0,1.0,0.0,0.0,0.0,0.0,0.0,0.0,0.0,0.0
2,2,0.0,0.0,1.0,0.0,0.0,0.0,0.0,0.0,0.0,0.0,0.0
2,2,0.0,0.0,1.0,0.0,0.0,0.0,0.0,0.0,0.0,0.0,0.0
2,2,0.0,0.0,1.0,0.0,0.0,0.0,0.0,0.0,0.0,0.0,0.0
2,2,0.0,0.0,1.0,0.0,0.0,0.0,0.0,0.0,0.0,0.0,0.0
2,2,0.0,0.0,1.0,0.0,0.0,0.0,0.0,0.0,0.0,0.0,0.0
2,2,0.0,0.0,1.0,0.0,0.0,0.0,0.0,0.0,0.0,0.0,0.0
2,2,0.0,0.0,1.0,0.0,0.0,0.0,0.0,0.0,0.0,0.0,0.0
2,2,0.0,0.0,1.0,0.0,0.0,0.0,0.0,0.0,0.0,0.0,0.0
2,2,0.0,0.0,1.0,0.0,0.0,0.0,0.0,0.0,0.0,0.0,0.0
2,2,0.0,0.0,1.0,0.0,0.0,0.0,0.0,0.0,0.0,0.0,0.0
2,2,0.0,0.0,1.0,0.0,0.0,0.0,0.0,0.0,0.0,0.0,0.0
2,2,0.0,0.0,1.0,0.0,0.0,0.0,0.0,0.0,0.0,0.0,0.0
2,2,0.0,0.0,1.0,0.0,0.0,0.0,0.0,0.0,0.0,0.0,0.0
2,2,0.0,0.0,1.0,0.0,0.0,0.0,0.0,0.0,0.0,0.0,0.0
2,2,0.0,0.0,1.0,0.0,0.0,0.0,0.0,0.0,0.0,0.0,0.0
2,2,0.0,0.0,1.0,0.0,0.0,0.0,0.0,0.0,0.0,0.0,0.0
2,2,0.0,0.0,1.0,0.0,0.0,0.0,0.0,0.0,0.0,0.0,0.0
2,2,0.0,0.0,1.0,0.0,0.0,0.0,0.0,0.0,0.0,0.0,0.0
2,2,0.0,0.0,1.0,0.0,0.0,0.0,0.0,0.0,0.0,0.0,0.0
2,2,0.0,0.0,1.0,0.0,0.0,0.0,0.0,0.0,0.0,0.0,0.0
2,2,0.0,0.0,1.0,0.0,0.0,0.0,0.0,0.0,0.0,0.0,0.0
2,2,0.0,0.0,1.0,0.0,0.0,0.0,0.0,0.0,0.0,0.0,0.0
2,2,0.0,0.0,1.0,0.0,0.0,0.0,0.0,0.0,0.0,0.0,0.0
2,2,0.0,0.0,1.0,0.0,0.0,0.0,0.0,0.0,0.0,0.0,0.0
2,2,0.0,0.0,1.0,0.0,0.0,0.0,0.0,0.0,0.0,0.0,0.0
2,2,0.0,0.0,1.0,0.0,0.0,0.0,0.0,0.0,0.0,0.0,0.0
2,2,0.0,0.0,1.0,0.0,0.0,0.0,0.0,0.0,0.0,0.0,0.0
2,2,0.0,0.0,1.0,0.0,0.0,0.0,0.0,0.0,0.0,0.0,0.0
2,2,0.0,0.0,1.0,0.0,0.0,0.0,0.0,0.0,0.0,0.0,0.0
2,2,0.0,0.0,1.0,0.0,0.0,0.0,0.0,0.0,0.0,0.0,0.0
2,2,0.0,0.0,1.0,0.0,0.0,0.0,0.0,0.0,0.0,0.0,0.0
2,2,0.0,0.0,1.0,0.0,0.0,0.0,0.0,0.0,0.0,0.0,0.0
2,2,0.0,0.0,1.0,0.0,0.0,0.0,0.0,0.0,0.0,0.0,0.0
2,2,0.0,0.0,1.0,0.0,0.0,0.0,0.0,0.0,0.0,0.0,0.0
2,2,0.0,0.0,1.0,0.0,0.0,0.0,0.0,0.0,0.0,0.0,0.0
2,2,0.0,0.0,1.0,0.0,0.0,0.0,0.0,0.0,0.0,0.0,0.0
2,2,0.0,0.0,1.0,0.0,0.0,0.0,0.0,0.0,0.0,0.0,0.0
2,2,0.0,0.0,1.0,0.0,0.0,0.0,0.0,0.0,0.0,0.0,0.0
2,2,0.0,0.0,1.0,0.0,0.0,0.0,0.0,0.0,0.0,0.0,0.0
2,2,0.0,0.0,1.0,0.0,0.0,0.0,0.0,0.0,0.0,0.0,0.0
2,2,0.0,0.0,1.0,0.0,0.0,0.0,0.0,0.0,0.0,0.0,0.0
2,2,0.0,0.0,1.0,0.0,0.0,0.0,0.0,0.0,0.0,0.0,0.0
2,2,0.0,0.0,1.0,0.0,0.0,0.0,0.0,0.0,0.0,0.0,0.0
2,2,0.0,0.0,1.0,0.0,0.0,0.0,0.0,0.0,0.0,0.0,0.0
2,2,0.0,0.0,1.0,0.0,0.0,0.0,0.0,0.0,0.0,0.0,0.0
2,2,0.0,0.0,1.0,0.0,0.0,0.0,0.0,0.0,0.0,0.0,0.0
2,2,0.0,0.0,1.0,0.0,0.0,0.0,0.0,0.0,0.0,0.0,0.0
2,2,0.0,0.0,1.0,0.0,0.0,0.0,0.0,0.0,0.0,0.0,0.0
2,2,0.0,0.0,1.0,0.0,0.0,0.0,0.0,0.0,0.0,0.0,0.0
2,2,0.0,0.0,1.0,0.0,0.0,0.0,0.0,0.0,0.0,0.0,0.0
2,2,0.0,0.0,1.0,0.0,0.0,0.0,0.0,0.0,0.0,0.0,0.0
2,2,0.0,0.0,1.0,0.0,0.0,0.0,0.0,0.0,0.0,0.0,0.0
2,2,0.0,0.0,1.0,0.0,0.0,0.0,0.0,0.0,0.0,0.0,0.0
2,2,0.0,0.0,1.0,0.0,0.0,0.0,0.0,0.0,0.0,0.0,0.0
2,2,0.0,0.0,1.0,0.0,0.0,0.0,0.0,0.0,0.0,0.0,0.0
2,2,0.0,0.0,1.0,0.0,0.0,0.0,0.0,0.0,0.0,0.0,0.0
2,2,0.0,0.0,1.0,0.0,0.0,0.0,0.0,0.0,0.0,0.0,0.0
2,2,0.0,0.0,1.0,0.0,0.0,0.0,0.0,0.0,0.0,0.0,0.0
2,2,0.0,0.0,1.0,0.0,0.0,0.0,0.0,0.0,0.0,0.0,0.0
2,2,0.0,0.0,1.0,0.0,0.0,0.0,0.0,0.0,0.0,0.0,0.0
2,2,0.0,0.0,1.0,0.0,0.0,0.0,0.0,0.0,0.0,0.0,0.0
2,2,0.0,0.0,1.0,0.0,0.0,0.0,0.0,0.0,0.0,0.0,0.0
2,2,0.0,0.0,1.0,0.0,0.0,0.0,0.0,0.0,0.0,0.0,0.0
2,2,0.0,0.0,1.0,0.0,0.0,0.0,0.0,0.0,0.0,0.0,0.0
2,2,0.0,0.0,1.0,0.0,0.0,0.0,0.0,0.0,0.0,0.0,0.0
2,2,0.0,0.0,1.0,0.0,0.0,0.0,0.0,0.0,0.0,0.0,0.0
2,2,0.0,0.0,1.0,0.0,0.0,0.0,0.0,0.0,0.0,0.0,0.0
2,2,0.0,0.0,1.0,0.0,0.0,0.0,0.0,0.0,0.0,0.0,0.0
2,2,0.0,0.0,1.0,0.0,0.0,0.0,0.0,0.0,0.0,0.0,0.0
2,2,0.0,0.0,1.0,0.0,0.0,0.0,0.0,0.0,0.0,0.0,0.0
2,2,0.0,0.0,1.0,0.0,0.0,0.0,0.0,0.0,0.0,0.0,0.0
2,2,0.0,0.0,1.0,0.0,0.0,0.0,0.0,0.0,0.0,0.0,0.0
2,2,0.0,0.0,1.0,0.0,0.0,0.0,0.0,0.0,0.0,0.0,0.0
2,2,0.0,0.0,1.0,0.0,0.0,0.0,0.0,0.0,0.0,0.0,0.0
2,2,0.0,0.0,1.0,0.0,0.0,0.0,0.0,0.0,0.0,0.0,0.0
2,2,0.0,0.0,1.0,0.0,0.0,0.0,0.0,0.0,0.0,0.0,0.0
2,2,0.0,0.0,1.0,0.0,0.0,0.0,0.0,0.0,0.0,0.0,0.0
2,2,0.0,0.0,1.0,0.0,0.0,0.0,0.0,0.0,0.0,0.0,0.0
2,2,0.0,0.0,1.0,0.0,0.0,0.0,0.0,0.0,0.0,0.0,0.0
2,2,0.0,0.0,1.0,0.0,0.0,0.0,0.0,0.0,0.0,0.0,0.0
2,2,0.0,0.0,1.0,0.0,0.0,0.0,0.0,0.0,0.0,0.0,0.0
2,2,0.0,0.0,1.0,0.0,0.0,0.0,0.0,0.0,0.0,0.0,0.0
2,2,0.0,0.0,1.0,0.0,0.0,0.0,0.0,0.0,0.0,0.0,0.0
2,2,0.0,0.0,1.0,0.0,0.0,0.0,0.0,0.0,0.0,0.0,0.0
2,2,0.0,0.0,1.0,0.0,0.0,0.0,0.0,0.0,0.0,0.0,0.0
2,2,0.0,0.0,1.0,0.0,0.0,0.0,0.0,0.0,0.0,0.0,0.0
2,2,0.0,0.0,1.0,0.0,0.0,0.0,0.0,0.0,0.0,0.0,0.0
2,2,0.0,0.0,1.0,0.0,0.0,0.0,0.0,0.0,0.0,0.0,0.0
2,2,0.0,0.0,1.0,0.0,0.0,0.0,0.0,0.0,0.0,0.0,0.0
2,2,0.0,0.0,1.0,0.0,0.0,0.0,0.0,0.0,0.0,0.0,0.0
2,2,0.0,0.0,1.0,0.0,0.0,0.0,0.0,0.0,0.0,0.0,0.0
2,2,0.0,0.0,1.0,0.0,0.0,0.0,0.0,0.0,0.0,0.0,0.0
2,2,0.0,0.0,1.0,0.0,0.0,0.0,0.0,0.0,0.0,0.0,0.0
2,2,0.0,0.0,1.0,0.0,0.0,0.0,0.0,0.0,0.0,0.0,0.0
2,2,0.0,0.0,1.0,0.0,0.0,0.0,0.0,0.0,0.0,0.0,0.0
2,2,0.0,0.0,1.0,0.0,0.0,0.0,0.0,0.0,0.0,0.0,0.0
2,2,0.0,0.0,1.0,0.0,0.0,0.0,0.0,0.0,0.0,0.0,0.0
2,2,0.0,0.0,1.0,0.0,0.0,0.0,0.0,0.0,0.0,0.0,0.0
2,2,0.0,0.0,1.0,0.0,0.0,0.0,0.0,0.0,0.0,0.0,0.0
2,2,0.0,0.0,1.0,0.0,0.0,0.0,0.0,0.0,0.0,0.0,0.0
2,2,0.0,0.0,1.0,0.0,0.0,0.0,0.0,0.0,0.0,0.0,0.0
2,2,0.0,0.0,1.0,0.0,0.0,0.0,0.0,0.0,0.0,0.0,0.0
2,2,0.0,0.0,1.0,0.0,0.0,0.0,0.0,0.0,0.0,0.0,0.0
2,2,0.0,0.0,1.0,0.0,0.0,0.0,0.0,0.0,0.0,0.0,0.0
2,2,0.0,0.0,1.0,0.0,0.0,0.0,0.0,0.0,0.0,0.0,0.0
2,2,0.0,0.0,1.0,0.0,0.0,0.0,0.0,0.0,0.0,0.0,0.0
2,2,0.0,0.0,1.0,0.0,0.0,0.0,0.0,0.0,0.0,0.0,0.0
2,2,0.0,0.0,1.0,0.0,0.0,0.0,0.0,0.0,0.0,0.0,0.0
2,2,0.0,0.0,1.0,0.0,0.0,0.0,0.0,0.0,0.0,0.0,0.0
2,2,0.0,0.0,1.0,0.0,0.0,0.0,0.0,0.0,0.0,0.0,0.0
2,2,0.0,0.0,1.0,0.0,0.0,0.0,0.0,0.0,0.0,0.0,0.0
2,2,0.0,0.0,1.0,0.0,0.0,0.0,0.0,0.0,0.0,0.0,0.0
2,2,0.0,0.0,1.0,0.0,0.0,0.0,0.0,0.0,0.0,0.0,0.0
2,2,0.0,0.0,1.0,0.0,0.0,0.0,0.0,0.0,0.0,0.0,0.0
2,2,0.0,0.0,1.0,0.0,0.0,0.0,0.0,0.0,0.0,0.0,0.0
2,2,0.0,0.0,1.0,0.0,0.0,0.0,0.0,0.0,0.0,0.0,0.0
2,2,0.0,0.0,1.0,0.0,0.0,0.0,0.0,0.0,0.0,0.0,0.0
2,2,0.0,0.0,1.0,0.0,0.0,0.0,0.0,0.0,0.0,0.0,0.0
2,2,0.0,0.0,1.0,0.0,0.0,0.0,0.0,0.0,0.0,0.0,0.0
2,2,0.0,0.0,1.0,0.0,0.0,0.0,0.0,0.0,0.0,0.0,0.0
2,2,0.0,0.0,1.0,0.0,0.0,0.0,0.0,0.0,0.0,0.0,0.0
2,2,0.0,0.0,1.0,0.0,0.0,0.0,0.0,0.0,0.0,0.0,0.0
2,2,0.0,0.0,1.0,0.0,0.0,0.0,0.0,0.0,0.0,0.0,0.0
2,2,0.0,0.0,1.0,0.0,0.0,0.0,0.0,0.0,0.0,0.0,0.0
2,2,0.0,0.0,1.0,0.0,0.0,0.0,0.0,0.0,0.0,0.0,0.0
2,2,0.0,0.0,1.0,0.0,0.0,0.0,0.0,0.0,0.0,0.0,0.0
2,2,0.0,0.0,1.0,0.0,0.0,0.0,0.0,0.0,0.0,0.0,0.0
2,2,0.0,0.0,1.0,0.0,0.0,0.0,0.0,0.0,0.0,0.0,0.0
2,2,0.0,0.0,1.0,0.0,0.0,0.0,0.0,0.0,0.0,0.0,0.0
2,2,0.0,0.0,1.0,0.0,0.0,0.0,0.0,0.0,0.0,0.0,0.0
2,2,0.0,0.0,1.0,0.0,0.0,0.0,0.0,0.0,0.0,0.0,0.0
2,2,0.0,0.0,1.0,0.0,0.0,0.0,0.0,0.0,0.0,0.0,0.0
2,2,0.0,0.0,1.0,0.0,0.0,0.0,0.0,0.0,0.0,0.0,0.0
2,2,0.0,0.0,1.0,0.0,0.0,0.0,0.0,0.0,0.0,0.0,0.0
2,2,0.0,0.0,1.0,0.0,0.0,0.0,0.0,0.0,0.0,0.0,0.0
2,2,0.0,0.0,1.0,0.0,0.0,0.0,0.0,0.0,0.0,0.0,0.0
2,2,0.0,0.0,1.0,0.0,0.0,0.0,0.0,0.0,0.0,0.0,0.0
2,2,0.0,0.0,1.0,0.0,0.0,0.0,0.0,0.0,0.0,0.0,0.0
2,2,0.0,0.0,1.0,0.0,0.0,0.0,0.0,0.0,0.0,0.0,0.0
2,2,0.0,0.0,1.0,0.0,0.0,0.0,0.0,0.0,0.0,0.0,0.0
2,2,0.0,0.0,1.0,0.0,0.0,0.0,0.0,0.0,0.0,0.0,0.0
2,2,0.0,0.0,1.0,0.0,0.0,0.0,0.0,0.0,0.0,0.0,0.0
2,2,0.0,0.0,1.0,0.0,0.0,0.0,0.0,0.0,0.0,0.0,0.0
2,2,0.0,0.0,1.0,0.0,0.0,0.0,0.0,0.0,0.0,0.0,0.0
2,2,0.0,0.0,1.0,0.0,0.0,0.0,0.0,0.0,0.0,0.0,0.0
2,2,0.0,0.0,1.0,0.0,0.0,0.0,0.0,0.0,0.0,0.0,0.0
2,2,0.0,0.0,1.0,0.0,0.0,0.0,0.0,0.0,0.0,0.0,0.0
2,2,0.0,0.0,1.0,0.0,0.0,0.0,0.0,0.0,0.0,0.0,0.0
2,2,0.0,0.0,1.0,0.0,0.0,0.0,0.0,0.0,0.0,0.0,0.0
2,2,0.0,0.0,1.0,0.0,0.0,0.0,0.0,0.0,0.0,0.0,0.0
2,2,0.0,0.0,1.0,0.0,0.0,0.0,0.0,0.0,0.0,0.0,0.0
2,2,0.0,0.0,1.0,0.0,0.0,0.0,0.0,0.0,0.0,0.0,0.0
2,2,0.0,0.0,1.0,0.0,0.0,0.0,0.0,0.0,0.0,0.0,0.0
2,2,0.0,0.0,1.0,0.0,0.0,0.0,0.0,0.0,0.0,0.0,0.0
2,2,0.0,0.0,1.0,0.0,0.0,0.0,0.0,0.0,0.0,0.0,0.0
2,2,0.0,0.0,1.0,0.0,0.0,0.0,0.0,0.0,0.0,0.0,0.0
2,2,0.0,0.0,1.0,0.0,0.0,0.0,0.0,0.0,0.0,0.0,0.0
2,2,0.0,0.0,1.0,0.0,0.0,0.0,0.0,0.0,0.0,0.0,0.0
2,2,0.0,0.0,1.0,0.0,0.0,0.0,0.0,0.0,0.0,0.0,0.0
2,2,0.0,0.0,1.0,0.0,0.0,0.0,0.0,0.0,0.0,0.0,0.0
2,2,0.0,0.0,1.0,0.0,0.0,0.0,0.0,0.0,0.0,0.0,0.0
2,2,0.0,0.0,1.0,0.0,0.0,0.0,0.0,0.0,0.0,0.0,0.0
2,2,0.0,0.0,1.0,0.0,0.0,0.0,0.0,0.0,0.0,0.0,0.0
2,2,0.0,0.0,1.0,0.0,0.0,0.0,0.0,0.0,0.0,0.0,0.0
2,2,0.0,0.0,1.0,0.0,0.0,0.0,0.0,0.0,0.0,0.0,0.0
2,2,0.0,0.0,1.0,0.0,0.0,0.0,0.0,0.0,0.0,0.0,0.0
2,2,0.0,0.0,1.0,0.0,0.0,0.0,0.0,0.0,0.0,0.0,0.0
2,2,0.0,0.0,1.0,0.0,0.0,0.0,0.0,0.0,0.0,0.0,0.0
2,2,0.0,0.0,1.0,0.0,0.0,0.0,0.0,0.0,0.0,0.0,0.0
2,2,0.0,0.0,1.0,0.0,0.0,0.0,0.0,0.0,0.0,0.0,0.0
2,2,0.0,0.0,1.0,0.0,0.0,0.0,0.0,0.0,0.0,0.0,0.0
2,2,0.0,0.0,1.0,0.0,0.0,0.0,0.0,0.0,0.0,0.0,0.0
2,2,0.0,0.0,1.0,0.0,0.0,0.0,0.0,0.0,0.0,0.0,0.0
2,2,0.0,0.0,1.0,0.0,0.0,0.0,0.0,0.0,0.0,0.0,0.0
2,2,0.0,0.0,1.0,0.0,0.0,0.0,0.0,0.0,0.0,0.0,0.0
2,2,0.0,0.0,1.0,0.0,0.0,0.0,0.0,0.0,0.0,0.0,0.0
2,2,0.0,0.0,1.0,0.0,0.0,0.0,0.0,0.0,0.0,0.0,0.0
2,2,0.0,0.0,1.0,0.0,0.0,0.0,0.0,0.0,0.0,0.0,0.0
2,2,0.0,0.0,1.0,0.0,0.0,0.0,0.0,0.0,0.0,0.0,0.0
2,2,0.0,0.0,1.0,0.0,0.0,0.0,0.0,0.0,0.0,0.0,0.0
2,2,0.0,0.0,1.0,0.0,0.0,0.0,0.0,0.0,0.0,0.0,0.0
2,2,0.0,0.0,1.0,0.0,0.0,0.0,0.0,0.0,0.0,0.0,0.0
2,2,0.0,0.0,1.0,0.0,0.0,0.0,0.0,0.0,0.0,0.0,0.0
2,2,0.0,0.0,1.0,0.0,0.0,0.0,0.0,0.0,0.0,0.0,0.0
2,2,0.0,0.0,1.0,0.0,0.0,0.0,0.0,0.0,0.0,0.0,0.0
2,2,0.0,0.0,1.0,0.0,0.0,0.0,0.0,0.0,0.0,0.0,0.0
2,2,0.0,0.0,1.0,0.0,0.0,0.0,0.0,0.0,0.0,0.0,0.0
2,2,0.0,0.0,1.0,0.0,0.0,0.0,0.0,0.0,0.0,0.0,0.0
2,2,0.0,0.0,1.0,0.0,0.0,0.0,0.0,0.0,0.0,0.0,0.0
2,2,0.0,0.0,1.0,0.0,0.0,0.0,0.0,0.0,0.0,0.0,0.0
2,2,0.0,0.0,1.0,0.0,0.0,0.0,0.0,0.0,0.0,0.0,0.0
2,2,0.0,0.0,1.0,0.0,0.0,0.0,0.0,0.0,0.0,0.0,0.0
2,2,0.0,0.0,1.0,0.0,0.0,0.0,0.0,0.0,0.0,0.0,0.0
2,2,0.0,0.0,1.0,0.0,0.0,0.0,0.0,0.0,0.0,0.0,0.0
2,2,0.0,0.0,1.0,0.0,0.0,0.0,0.0,0.0,0.0,0.0,0.0
2,2,0.0,0.0,1.0,0.0,0.0,0.0,0.0,0.0,0.0,0.0,0.0
2,2,0.0,0.0,1.0,0.0,0.0,0.0,0.0,0.0,0.0,0.0,0.0
2,2,0.0,0.0,1.0,0.0,0.0,0.0,0.0,0.0,0.0,0.0,0.0
2,2,0.0,0.0,1.0,0.0,0.0,0.0,0.0,0.0,0.0,0.0,0.0
2,2,0.0,0.0,1.0,0.0,0.0,0.0,0.0,0.0,0.0,0.0,0.0
2,2,0.0,0.0,1.0,0.0,0.0,0.0,0.0,0.0,0.0,0.0,0.0
2,2,0.0,0.0,1.0,0.0,0.0,0.0,0.0,0.0,0.0,0.0,0.0
2,2,0.0,0.0,1.0,0.0,0.0,0.0,0.0,0.0,0.0,0.0,0.0
2,2,0.0,0.0,1.0,0.0,0.0,0.0,0.0,0.0,0.0,0.0,0.0
2,2,0.0,0.0,1.0,0.0,0.0,0.0,0.0,0.0,0.0,0.0,0.0
2,2,0.0,0.0,1.0,0.0,0.0,0.0,0.0,0.0,0.0,0.0,0.0
2,2,0.0,0.0,1.0,0.0,0.0,0.0,0.0,0.0,0.0,0.0,0.0
2,2,0.0,0.0,1.0,0.0,0.0,0.0,0.0,0.0,0.0,0.0,0.0
2,2,0.0,0.0,1.0,0.0,0.0,0.0,0.0,0.0,0.0,0.0,0.0
2,2,0.0,0.0,1.0,0.0,0.0,0.0,0.0,0.0,0.0,0.0,0.0
2,2,0.0,0.0,1.0,0.0,0.0,0.0,0.0,0.0,0.0,0.0,0.0
2,2,0.0,0.0,1.0,0.0,0.0,0.0,0.0,0.0,0.0,0.0,0.0
2,2,0.0,0.0,1.0,0.0,0.0,0.0,0.0,0.0,0.0,0.0,0.0
2,2,0.0,0.0,1.0,0.0,0.0,0.0,0.0,0.0,0.0,0.0,0.0
2,2,0.0,0.0,1.0,0.0,0.0,0.0,0.0,0.0,0.0,0.0,0.0
2,2,0.0,0.0,1.0,0.0,0.0,0.0,0.0,0.0,0.0,0.0,0.0
2,2,0.0,0.0,1.0,0.0,0.0,0.0,0.0,0.0,0.0,0.0,0.0
2,2,0.0,0.0,1.0,0.0,0.0,0.0,0.0,0.0,0.0,0.0,0.0
2,2,0.0,0.0,1.0,0.0,0.0,0.0,0.0,0.0,0.0,0.0,0.0
2,2,0.0,0.0,1.0,0.0,0.0,0.0,0.0,0.0,0.0,0.0,0.0
2,2,0.0,0.0,1.0,0.0,0.0,0.0,0.0,0.0,0.0,0.0,0.0
2,2,0.0,0.0,1.0,0.0,0.0,0.0,0.0,0.0,0.0,0.0,0.0
2,2,0.0,0.0,1.0,0.0,0.0,0.0,0.0,0.0,0.0,0.0,0.0
2,2,0.0,0.0,1.0,0.0,0.0,0.0,0.0,0.0,0.0,0.0,0.0
2,2,0.0,0.0,1.0,0.0,0.0,0.0,0.0,0.0,0.0,0.0,0.0
2,2,0.0,0.0,1.0,0.0,0.0,0.0,0.0,0.0,0.0,0.0,0.0
2,2,0.0,0.0,1.0,0.0,0.0,0.0,0.0,0.0,0.0,0.0,0.0
2,2,0.0,0.0,1.0,0.0,0.0,0.0,0.0,0.0,0.0,0.0,0.0
2,2,0.0,0.0,1.0,0.0,0.0,0.0,0.0,0.0,0.0,0.0,0.0
2,2,0.0,0.0,1.0,0.0,0.0,0.0,0.0,0.0,0.0,0.0,0.0
2,2,0.0,0.0,1.0,0.0,0.0,0.0,0.0,0.0,0.0,0.0,0.0
2,2,0.0,0.0,1.0,0.0,0.0,0.0,0.0,0.0,0.0,0.0,0.0
2,2,0.0,0.0,1.0,0.0,0.0,0.0,0.0,0.0,0.0,0.0,0.0
2,2,0.0,0.0,1.0,0.0,0.0,0.0,0.0,0.0,0.0,0.0,0.0
2,2,0.0,0.0,1.0,0.0,0.0,0.0,0.0,0.0,0.0,0.0,0.0
2,2,0.0,0.0,1.0,0.0,0.0,0.0,0.0,0.0,0.0,0.0,0.0
2,2,0.0,0.0,1.0,0.0,0.0,0.0,0.0,0.0,0.0,0.0,0.0
2,2,0.0,0.0,1.0,0.0,0.0,0.0,0.0,0.0,0.0,0.0,0.0
2,2,0.0,0.0,1.0,0.0,0.0,0.0,0.0,0.0,0.0,0.0,0.0
2,2,0.0,0.0,1.0,0.0,0.0,0.0,0.0,0.0,0.0,0.0,0.0
2,2,0.0,0.0,1.0,0.0,0.0,0.0,0.0,0.0,0.0,0.0,0.0
2,2,0.0,0.0,1.0,0.0,0.0,0.0,0.0,0.0,0.0,0.0,0.0
2,2,0.0,0.0,1.0,0.0,0.0,0.0,0.0,0.0,0.0,0.0,0.0
2,2,0.0,0.0,1.0,0.0,0.0,0.0,0.0,0.0,0.0,0.0,0.0
2,2,0.0,0.0,1.0,0.0,0.0,0.0,0.0,0.0,0.0,0.0,0.0
2,2,0.0,0.0,1.0,0.0,0.0,0.0,0.0,0.0,0.0,0.0,0.0
2,2,0.0,0.0,1.0,0.0,0.0,0.0,0.0,0.0,0.0,0.0,0.0
2,2,0.0,0.0,1.0,0.0,0.0,0.0,0.0,0.0,0.0,0.0,0.0
2,2,0.0,0.0,1.0,0.0,0.0,0.0,0.0,0.0,0.0,0.0,0.0
2,2,0.0,0.0,1.0,0.0,0.0,0.0,0.0,0.0,0.0,0.0,0.0
2,2,0.0,0.0,1.0,0.0,0.0,0.0,0.0,0.0,0.0,0.0,0.0
2,2,0.0,0.0,1.0,0.0,0.0,0.0,0.0,0.0,0.0,0.0,0.0
2,2,0.0,0.0,1.0,0.0,0.0,0.0,0.0,0.0,0.0,0.0,0.0
2,2,0.0,0.0,1.0,0.0,0.0,0.0,0.0,0.0,0.0,0.0,0.0
2,2,0.0,0.0,1.0,0.0,0.0,0.0,0.0,0.0,0.0,0.0,0.0
2,2,0.0,0.0,1.0,0.0,0.0,0.0,0.0,0.0,0.0,0.0,0.0
2,2,0.0,0.0,1.0,0.0,0.0,0.0,0.0,0.0,0.0,0.0,0.0
2,2,0.0,0.0,1.0,0.0,0.0,0.0,0.0,0.0,0.0,0.0,0.0
2,2,0.0,0.0,1.0,0.0,0.0,0.0,0.0,0.0,0.0,0.0,0.0
2,2,0.0,0.0,1.0,0.0,0.0,0.0,0.0,0.0,0.0,0.0,0.0
2,2,0.0,0.0,1.0,0.0,0.0,0.0,0.0,0.0,0.0,0.0,0.0
2,2,0.0,0.0,1.0,0.0,0.0,0.0,0.0,0.0,0.0,0.0,0.0
2,2,0.0,0.0,1.0,0.0,0.0,0.0,0.0,0.0,0.0,0.0,0.0
2,2,0.0,0.0,1.0,0.0,0.0,0.0,0.0,0.0,0.0,0.0,0.0
2,2,0.0,0.0,1.0,0.0,0.0,0.0,0.0,0.0,0.0,0.0,0.0
2,2,0.0,0.0,1.0,0.0,0.0,0.0,0.0,0.0,0.0,0.0,0.0
2,2,0.0,0.0,1.0,0.0,0.0,0.0,0.0,0.0,0.0,0.0,0.0
2,2,0.0,0.0,1.0,0.0,0.0,0.0,0.0,0.0,0.0,0.0,0.0
2,2,0.0,0.0,1.0,0.0,0.0,0.0,0.0,0.0,0.0,0.0,0.0
2,2,0.0,0.0,1.0,0.0,0.0,0.0,0.0,0.0,0.0,0.0,0.0
2,2,0.0,0.0,1.0,0.0,0.0,0.0,0.0,0.0,0.0,0.0,0.0
2,2,0.0,0.0,1.0,0.0,0.0,0.0,0.0,0.0,0.0,0.0,0.0
2,2,0.0,0.0,1.0,0.0,0.0,0.0,0.0,0.0,0.0,0.0,0.0
2,2,0.0,0.0,1.0,0.0,0.0,0.0,0.0,0.0,0.0,0.0,0.0
2,2,0.0,0.0,1.0,0.0,0.0,0.0,0.0,0.0,0.0,0.0,0.0
2,2,0.0,0.0,1.0,0.0,0.0,0.0,0.0,0.0,0.0,0.0,0.0
2,2,0.0,0.0,1.0,0.0,0.0,0.0,0.0,0.0,0.0,0.0,0.0
2,2,0.0,0.0,1.0,0.0,0.0,0.0,0.0,0.0,0.0,0.0,0.0
2,2,0.0,0.0,1.0,0.0,0.0,0.0,0.0,0.0,0.0,0.0,0.0
2,2,0.0,0.0,1.0,0.0,0.0,0.0,0.0,0.0,0.0,0.0,0.0
2,2,0.0,0.0,1.0,0.0,0.0,0.0,0.0,0.0,0.0,0.0,0.0
2,2,0.0,0.0,1.0,0.0,0.0,0.0,0.0,0.0,0.0,0.0,0.0
2,2,0.0,0.0,1.0,0.0,0.0,0.0,0.0,0.0,0.0,0.0,0.0
2,2,0.0,0.0,1.0,0.0,0.0,0.0,0.0,0.0,0.0,0.0,0.0
2,2,0.0,0.0,1.0,0.0,0.0,0.0,0.0,0.0,0.0,0.0,0.0
2,2,0.0,0.0,1.0,0.0,0.0,0.0,0.0,0.0,0.0,0.0,0.0
2,2,0.0,0.0,1.0,0.0,0.0,0.0,0.0,0.0,0.0,0.0,0.0
2,2,0.0,0.0,1.0,0.0,0.0,0.0,0.0,0.0,0.0,0.0,0.0
2,2,0.0,0.0,1.0,0.0,0.0,0.0,0.0,0.0,0.0,0.0,0.0
2,2,0.0,0.0,1.0,0.0,0.0,0.0,0.0,0.0,0.0,0.0,0.0
2,2,0.0,0.0,1.0,0.0,0.0,0.0,0.0,0.0,0.0,0.0,0.0
2,2,0.0,0.0,1.0,0.0,0.0,0.0,0.0,0.0,0.0,0.0,0.0
2,2,0.0,0.0,1.0,0.0,0.0,0.0,0.0,0.0,0.0,0.0,0.0
2,2,0.0,0.0,1.0,0.0,0.0,0.0,0.0,0.0,0.0,0.0,0.0
2,2,0.0,0.0,1.0,0.0,0.0,0.0,0.0,0.0,0.0,0.0,0.0
2,2,0.0,0.0,1.0,0.0,0.0,0.0,0.0,0.0,0.0,0.0,0.0
2,2,0.0,0.0,1.0,0.0,0.0,0.0,0.0,0.0,0.0,0.0,0.0
2,2,0.0,0.0,1.0,0.0,0.0,0.0,0.0,0.0,0.0,0.0,0.0
2,2,0.0,0.0,1.0,0.0,0.0,0.0,0.0,0.0,0.0,0.0,0.0
2,2,0.0,0.0,1.0,0.0,0.0,0.0,0.0,0.0,0.0,0.0,0.0
2,2,0.0,0.0,1.0,0.0,0.0,0.0,0.0,0.0,0.0,0.0,0.0
2,2,0.0,0.0,1.0,0.0,0.0,0.0,0.0,0.0,0.0,0.0,0.0
2,2,0.0,0.0,1.0,0.0,0.0,0.0,0.0,0.0,0.0,0.0,0.0
2,2,0.0,0.0,1.0,0.0,0.0,0.0,0.0,0.0,0.0,0.0,0.0
2,2,0.0,0.0,1.0,0.0,0.0,0.0,0.0,0.0,0.0,0.0,0.0
2,2,0.0,0.0,1.0,0.0,0.0,0.0,0.0,0.0,0.0,0.0,0.0
2,2,0.0,0.0,1.0,0.0,0.0,0.0,0.0,0.0,0.0,0.0,0.0
2,2,0.0,0.0,1.0,0.0,0.0,0.0,0.0,0.0,0.0,0.0,0.0
2,2,0.0,0.0,1.0,0.0,0.0,0.0,0.0,0.0,0.0,0.0,0.0
2,2,0.0,0.0,1.0,0.0,0.0,0.0,0.0,0.0,0.0,0.0,0.0
2,2,0.0,0.0,1.0,0.0,0.0,0.0,0.0,0.0,0.0,0.0,0.0
2,2,0.0,0.0,1.0,0.0,0.0,0.0,0.0,0.0,0.0,0.0,0.0
2,2,0.0,0.0,1.0,0.0,0.0,0.0,0.0,0.0,0.0,0.0,0.0
2,2,0.0,0.0,1.0,0.0,0.0,0.0,0.0,0.0,0.0,0.0,0.0
2,2,0.0,0.0,1.0,0.0,0.0,0.0,0.0,0.0,0.0,0.0,0.0
2,2,0.0,0.0,1.0,0.0,0.0,0.0,0.0,0.0,0.0,0.0,0.0
2,2,0.0,0.0,1.0,0.0,0.0,0.0,0.0,0.0,0.0,0.0,0.0
2,2,0.0,0.0,1.0,0.0,0.0,0.0,0.0,0.0,0.0,0.0,0.0
2,2,0.0,0.0,1.0,0.0,0.0,0.0,0.0,0.0,0.0,0.0,0.0
2,2,0.0,0.0,1.0,0.0,0.0,0.0,0.0,0.0,0.0,0.0,0.0
2,2,0.0,0.0,1.0,0.0,0.0,0.0,0.0,0.0,0.0,0.0,0.0
2,2,0.0,0.0,1.0,0.0,0.0,0.0,0.0,0.0,0.0,0.0,0.0
2,2,0.0,0.0,1.0,0.0,0.0,0.0,0.0,0.0,0.0,0.0,0.0
2,2,0.0,0.0,1.0,0.0,0.0,0.0,0.0,0.0,0.0,0.0,0.0
2,2,0.0,0.0,1.0,0.0,0.0,0.0,0.0,0.0,0.0,0.0,0.0
2,2,0.0,0.0,1.0,0.0,0.0,0.0,0.0,0.0,0.0,0.0,0.0
2,2,0.0,0.0,1.0,0.0,0.0,0.0,0.0,0.0,0.0,0.0,0.0
2,2,0.0,0.0,1.0,0.0,0.0,0.0,0.0,0.0,0.0,0.0,0.0
2,2,0.0,0.0,1.0,0.0,0.0,0.0,0.0,0.0,0.0,0.0,0.0
2,2,0.0,0.0,1.0,0.0,0.0,0.0,0.0,0.0,0.0,0.0,0.0
2,2,0.0,0.0,1.0,0.0,0.0,0.0,0.0,0.0,0.0,0.0,0.0
2,2,0.0,0.0,1.0,0.0,0.0,0.0,0.0,0.0,0.0,0.0,0.0
2,2,0.0,0.0,1.0,0.0,0.0,0.0,0.0,0.0,0.0,0.0,0.0
2,2,0.0,0.0,1.0,0.0,0.0,0.0,0.0,0.0,0.0,0.0,0.0
2,2,0.0,0.0,1.0,0.0,0.0,0.0,0.0,0.0,0.0,0.0,0.0
2,2,0.0,0.0,1.0,0.0,0.0,0.0,0.0,0.0,0.0,0.0,0.0
2,2,0.0,0.0,1.0,0.0,0.0,0.0,0.0,0.0,0.0,0.0,0.0
2,2,0.0,0.0,1.0,0.0,0.0,0.0,0.0,0.0,0.0,0.0,0.0
2,2,0.0,0.0,1.0,0.0,0.0,0.0,0.0,0.0,0.0,0.0,0.0
2,2,0.0,0.0,1.0,0.0,0.0,0.0,0.0,0.0,0.0,0.0,0.0
2,2,0.0,0.0,1.0,0.0,0.0,0.0,0.0,0.0,0.0,0.0,0.0
2,2,0.0,0.0,1.0,0.0,0.0,0.0,0.0,0.0,0.0,0.0,0.0
2,2,0.0,0.0,1.0,0.0,0.0,0.0,0.0,0.0,0.0,0.0,0.0
2,2,0.0,0.0,1.0,0.0,0.0,0.0,0.0,0.0,0.0,0.0,0.0
2,2,0.0,0.0,1.0,0.0,0.0,0.0,0.0,0.0,0.0,0.0,0.0
2,2,0.0,0.0,1.0,0.0,0.0,0.0,0.0,0.0,0.0,0.0,0.0
2,2,0.0,0.0,1.0,0.0,0.0,0.0,0.0,0.0,0.0,0.0,0.0
2,2,0.0,0.0,1.0,0.0,0.0,0.0,0.0,0.0,0.0,0.0,0.0
2,2,0.0,0.0,1.0,0.0,0.0,0.0,0.0,0.0,0.0,0.0,0.0
2,2,0.0,0.0,1.0,0.0,0.0,0.0,0.0,0.0,0.0,0.0,0.0
2,2,0.0,0.0,1.0,0.0,0.0,0.0,0.0,0.0,0.0,0.0,0.0
2,2,0.0,0.0,1.0,0.0,0.0,0.0,0.0,0.0,0.0,0.0,0.0
2,2,0.0,0.0,1.0,0.0,0.0,0.0,0.0,0.0,0.0,0.0,0.0
2,2,0.0,0.0,1.0,0.0,0.0,0.0,0.0,0.0,0.0,0.0,0.0
2,2,0.0,0.0,1.0,0.0,0.0,0.0,0.0,0.0,0.0,0.0,0.0
2,2,0.0,0.0,1.0,0.0,0.0,0.0,0.0,0.0,0.0,0.0,0.0
2,2,0.0,0.0,1.0,0.0,0.0,0.0,0.0,0.0,0.0,0.0,0.0
2,2,0.0,0.0,1.0,0.0,0.0,0.0,0.0,0.0,0.0,0.0,0.0
2,2,0.0,0.0,1.0,0.0,0.0,0.0,0.0,0.0,0.0,0.0,0.0
2,2,0.0,0.0,1.0,0.0,0.0,0.0,0.0,0.0,0.0,0.0,0.0
2,2,0.0,0.0,1.0,0.0,0.0,0.0,0.0,0.0,0.0,0.0,0.0
2,2,0.0,0.0,1.0,0.0,0.0,0.0,0.0,0.0,0.0,0.0,0.0
2,2,0.0,0.0,1.0,0.0,0.0,0.0,0.0,0.0,0.0,0.0,0.0
2,2,0.0,0.0,1.0,0.0,0.0,0.0,0.0,0.0,0.0,0.0,0.0
2,2,0.0,0.0,1.0,0.0,0.0,0.0,0.0,0.0,0.0,0.0,0.0
2,2,0.0,0.0,1.0,0.0,0.0,0.0,0.0,0.0,0.0,0.0,0.0
2,2,0.0,0.0,1.0,0.0,0.0,0.0,0.0,0.0,0.0,0.0,0.0
2,2,0.0,0.0,1.0,0.0,0.0,0.0,0.0,0.0,0.0,0.0,0.0
2,2,0.0,0.0,1.0,0.0,0.0,0.0,0.0,0.0,0.0,0.0,0.0
2,2,0.0,0.0,1.0,0.0,0.0,0.0,0.0,0.0,0.0,0.0,0.0
2,2,0.0,0.0,1.0,0.0,0.0,0.0,0.0,0.0,0.0,0.0,0.0
2,2,0.0,0.0,1.0,0.0,0.0,0.0,0.0,0.0,0.0,0.0,0.0
2,2,0.0,0.0,1.0,0.0,0.0,0.0,0.0,0.0,0.0,0.0,0.0
2,2,0.0,0.0,1.0,0.0,0.0,0.0,0.0,0.0,0.0,0.0,0.0
2,2,0.0,0.0,1.0,0.0,0.0,0.0,0.0,0.0,0.0,0.0,0.0
2,2,0.0,0.0,1.0,0.0,0.0,0.0,0.0,0.0,0.0,0.0,0.0
2,2,0.0,0.0,1.0,0.0,0.0,0.0,0.0,0.0,0.0,0.0,0.0
2,2,0.0,0.0,1.0,0.0,0.0,0.0,0.0,0.0,0.0,0.0,0.0
2,2,0.0,0.0,1.0,0.0,0.0,0.0,0.0,0.0,0.0,0.0,0.0
2,2,0.0,0.0,1.0,0.0,0.0,0.0,0.0,0.0,0.0,0.0,0.0
2,2,0.0,0.0,1.0,0.0,0.0,0.0,0.0,0.0,0.0,0.0,0.0
2,2,0.0,0.0,1.0,0.0,0.0,0.0,0.0,0.0,0.0,0.0,0.0
2,2,0.0,0.0,1.0,0.0,0.0,0.0,0.0,0.0,0.0,0.0,0.0
2,2,0.0,0.0,1.0,0.0,0.0,0.0,0.0,0.0,0.0,0.0,0.0
2,2,0.0,0.0,1.0,0.0,0.0,0.0,0.0,0.0,0.0,0.0,0.0
2,2,0.0,0.0,1.0,0.0,0.0,0.0,0.0,0.0,0.0,0.0,0.0
2,2,0.0,0.0,1.0,0.0,0.0,0.0,0.0,0.0,0.0,0.0,0.0
2,2,0.0,0.0,1.0,0.0,0.0,0.0,0.0,0.0,0.0,0.0,0.0
2,2,0.0,0.0,1.0,0.0,0.0,0.0,0.0,0.0,0.0,0.0,0.0
2,2,0.0,0.0,1.0,0.0,0.0,0.0,0.0,0.0,0.0,0.0,0.0
2,2,0.0,0.0,1.0,0.0,0.0,0.0,0.0,0.0,0.0,0.0,0.0
2,2,0.0,0.0,1.0,0.0,0.0,0.0,0.0,0.0,0.0,0.0,0.0
2,2,0.0,0.0,1.0,0.0,0.0,0.0,0.0,0.0,0.0,0.0,0.0
2,2,0.0,0.0,1.0,0.0,0.0,0.0,0.0,0.0,0.0,0.0,0.0
2,2,0.0,0.0,1.0,0.0,0.0,0.0,0.0,0.0,0.0,0.0,0.0
2,2,0.0,0.0,1.0,0.0,0.0,0.0,0.0,0.0,0.0,0.0,0.0
2,2,0.0,0.0,1.0,0.0,0.0,0.0,0.0,0.0,0.0,0.0,0.0
2,2,0.0,0.0,1.0,0.0,0.0,0.0,0.0,0.0,0.0,0.0,0.0
2,2,0.0,0.0,1.0,0.0,0.0,0.0,0.0,0.0,0.0,0.0,0.0
2,2,0.0,0.0,1.0,0.0,0.0,0.0,0.0,0.0,0.0,0.0,0.0
2,2,0.0,0.0,1.0,0.0,0.0,0.0,0.0,0.0,0.0,0.0,0.0
2,2,0.0,0.0,1.0,0.0,0.0,0.0,0.0,0.0,0.0,0.0,0.0
2,2,0.0,0.0,1.0,0.0,0.0,0.0,0.0,0.0,0.0,0.0,0.0
2,2,0.0,0.0,1.0,0.0,0.0,0.0,0.0,0.0,0.0,0.0,0.0
2,2,0.0,0.0,1.0,0.0,0.0,0.0,0.0,0.0,0.0,0.0,0.0
2,2,0.0,0.0,1.0,0.0,0.0,0.0,0.0,0.0,0.0,0.0,0.0
2,2,0.0,0.0,1.0,0.0,0.0,0.0,0.0,0.0,0.0,0.0,0.0
2,2,0.0,0.0,1.0,0.0,0.0,0.0,0.0,0.0,0.0,0.0,0.0
2,2,0.0,0.0,1.0,0.0,0.0,0.0,0.0,0.0,0.0,0.0,0.0
2,2,0.0,0.0,1.0,0.0,0.0,0.0,0.0,0.0,0.0,0.0,0.0
2,2,0.0,0.0,1.0,0.0,0.0,0.0,0.0,0.0,0.0,0.0,0.0
2,2,0.0,0.0,1.0,0.0,0.0,0.0,0.0,0.0,0.0,0.0,0.0
2,2,0.0,0.0,1.0,0.0,0.0,0.0,0.0,0.0,0.0,0.0,0.0
2,2,0.0,0.0,1.0,0.0,0.0,0.0,0.0,0.0,0.0,0.0,0.0
2,2,0.0,0.0,1.0,0.0,0.0,0.0,0.0,0.0,0.0,0.0,0.0
2,2,0.0,0.0,1.0,0.0,0.0,0.0,0.0,0.0,0.0,0.0,0.0
2,2,0.0,0.0,1.0,0.0,0.0,0.0,0.0,0.0,0.0,0.0,0.0
2,2,0.0,0.0,1.0,0.0,0.0,0.0,0.0,0.0,0.0,0.0,0.0
2,2,0.0,0.0,1.0,0.0,0.0,0.0,0.0,0.0,0.0,0.0,0.0
2,2,0.0,0.0,1.0,0.0,0.0,0.0,0.0,0.0,0.0,0.0,0.0
2,2,0.0,0.0,1.0,0.0,0.0,0.0,0.0,0.0,0.0,0.0,0.0
2,2,0.0,0.0,1.0,0.0,0.0,0.0,0.0,0.0,0.0,0.0,0.0
2,2,0.0,0.0,1.0,0.0,0.0,0.0,0.0,0.0,0.0,0.0,0.0
2,2,0.0,0.0,1.0,0.0,0.0,0.0,0.0,0.0,0.0,0.0,0.0
2,2,0.0,0.0,1.0,0.0,0.0,0.0,0.0,0.0,0.0,0.0,0.0
2,2,0.0,0.0,1.0,0.0,0.0,0.0,0.0,0.0,0.0,0.0,0.0
2,2,0.0,0.0,1.0,0.0,0.0,0.0,0.0,0.0,0.0,0.0,0.0
2,2,0.0,0.0,1.0,0.0,0.0,0.0,0.0,0.0,0.0,0.0,0.0
2,2,0.0,0.0,1.0,0.0,0.0,0.0,0.0,0.0,0.0,0.0,0.0
2,2,0.0,0.0,1.0,0.0,0.0,0.0,0.0,0.0,0.0,0.0,0.0
2,2,0.0,0.0,1.0,0.0,0.0,0.0,0.0,0.0,0.0,0.0,0.0
2,2,0.0,0.0,1.0,0.0,0.0,0.0,0.0,0.0,0.0,0.0,0.0
2,2,0.0,0.0,1.0,0.0,0.0,0.0,0.0,0.0,0.0,0.0,0.0
2,2,0.0,0.0,1.0,0.0,0.0,0.0,0.0,0.0,0.0,0.0,0.0
2,2,0.0,0.0,1.0,0.0,0.0,0.0,0.0,0.0,0.0,0.0,0.0
2,2,0.0,0.0,1.0,0.0,0.0,0.0,0.0,0.0,0.0,0.0,0.0
2,2,0.0,0.0,1.0,0.0,0.0,0.0,0.0,0.0,0.0,0.0,0.0
2,2,0.0,0.0,1.0,0.0,0.0,0.0,0.0,0.0,0.0,0.0,0.0
2,2,0.0,0.0,1.0,0.0,0.0,0.0,0.0,0.0,0.0,0.0,0.0
2,2,0.0,0.0,1.0,0.0,0.0,0.0,0.0,0.0,0.0,0.0,0.0
2,2,0.0,0.0,1.0,0.0,0.0,0.0,0.0,0.0,0.0,0.0,0.0
2,2,0.0,0.0,1.0,0.0,0.0,0.0,0.0,0.0,0.0,0.0,0.0
2,2,0.0,0.0,1.0,0.0,0.0,0.0,0.0,0.0,0.0,0.0,0.0
2,2,0.0,0.0,1.0,0.0,0.0,0.0,0.0,0.0,0.0,0.0,0.0
2,2,0.0,0.0,1.0,0.0,0.0,0.0,0.0,0.0,0.0,0.0,0.0
2,2,0.0,0.0,1.0,0.0,0.0,0.0,0.0,0.0,0.0,0.0,0.0
2,2,0.0,0.0,1.0,0.0,0.0,0.0,0.0,0.0,0.0,0.0,0.0
2,2,0.0,0.0,1.0,0.0,0.0,0.0,0.0,0.0,0.0,0.0,0.0
2,2,0.0,0.0,1.0,0.0,0.0,0.0,0.0,0.0,0.0,0.0,0.0
2,2,0.0,0.0,1.0,0.0,0.0,0.0,0.0,0.0,0.0,0.0,0.0
2,2,0.0,0.0,1.0,0.0,0.0,0.0,0.0,0.0,0.0,0.0,0.0
2,2,0.0,0.0,1.0,0.0,0.0,0.0,0.0,0.0,0.0,0.0,0.0
2,2,0.0,0.0,1.0,0.0,0.0,0.0,0.0,0.0,0.0,0.0,0.0
2,2,0.0,0.0,1.0,0.0,0.0,0.0,0.0,0.0,0.0,0.0,0.0
2,2,0.0,0.0,1.0,0.0,0.0,0.0,0.0,0.0,0.0,0.0,0.0
2,2,0.0,0.0,1.0,0.0,0.0,0.0,0.0,0.0,0.0,0.0,0.0
2,2,0.0,0.0,1.0,0.0,0.0,0.0,0.0,0.0,0.0,0.0,0.0
2,2,0.0,0.0,1.0,0.0,0.0,0.0,0.0,0.0,0.0,0.0,0.0
2,2,0.0,0.0,1.0,0.0,0.0,0.0,0.0,0.0,0.0,0.0,0.0
2,2,0.0,0.0,1.0,0.0,0.0,0.0,0.0,0.0,0.0,0.0,0.0
2,2,0.0,0.0,1.0,0.0,0.0,0.0,0.0,0.0,0.0,0.0,0.0
2,2,0.0,0.0,1.0,0.0,0.0,0.0,0.0,0.0,0.0,0.0,0.0
2,2,0.0,0.0,1.0,0.0,0.0,0.0,0.0,0.0,0.0,0.0,0.0
2,2,0.0,0.0,1.0,0.0,0.0,0.0,0.0,0.0,0.0,0.0,0.0
2,2,0.0,0.0,1.0,0.0,0.0,0.0,0.0,0.0,0.0,0.0,0.0
2,2,0.0,0.0,1.0,0.0,0.0,0.0,0.0,0.0,0.0,0.0,0.0
2,2,0.0,0.0,1.0,0.0,0.0,0.0,0.0,0.0,0.0,0.0,0.0
2,2,0.0,0.0,1.0,0.0,0.0,0.0,0.0,0.0,0.0,0.0,0.0
2,2,0.0,0.0,1.0,0.0,0.0,0.0,0.0,0.0,0.0,0.0,0.0
2,2,0.0,0.0,1.0,0.0,0.0,0.0,0.0,0.0,0.0,0.0,0.0
2,2,0.0,0.0,1.0,0.0,0.0,0.0,0.0,0.0,0.0,0.0,0.0
2,2,0.0,0.0,1.0,0.0,0.0,0.0,0.0,0.0,0.0,0.0,0.0
2,2,0.0,0.0,1.0,0.0,0.0,0.0,0.0,0.0,0.0,0.0,0.0
2,2,0.0,0.0,1.0,0.0,0.0,0.0,0.0,0.0,0.0,0.0,0.0
2,2,0.0,0.0,1.0,0.0,0.0,0.0,0.0,0.0,0.0,0.0,0.0
2,2,0.0,0.0,1.0,0.0,0.0,0.0,0.0,0.0,0.0,0.0,0.0
2,2,0.0,0.0,1.0,0.0,0.0,0.0,0.0,0.0,0.0,0.0,0.0
2,2,0.0,0.0,1.0,0.0,0.0,0.0,0.0,0.0,0.0,0.0,0.0
2,2,0.0,0.0,1.0,0.0,0.0,0.0,0.0,0.0,0.0,0.0,0.0
2,2,0.0,0.0,1.0,0.0,0.0,0.0,0.0,0.0,0.0,0.0,0.0
2,2,0.0,0.0,1.0,0.0,0.0,0.0,0.0,0.0,0.0,0.0,0.0
2,2,0.0,0.0,1.0,0.0,0.0,0.0,0.0,0.0,0.0,0.0,0.0
2,2,0.0,0.0,1.0,0.0,0.0,0.0,0.0,0.0,0.0,0.0,0.0
2,2,0.0,0.0,1.0,0.0,0.0,0.0,0.0,0.0,0.0,0.0,0.0
2,2,0.0,0.0,1.0,0.0,0.0,0.0,0.0,0.0,0.0,0.0,0.0
2,2,0.0,0.0,1.0,0.0,0.0,0.0,0.0,0.0,0.0,0.0,0.0
2,2,0.0,0.0,1.0,0.0,0.0,0.0,0.0,0.0,0.0,0.0,0.0
2,2,0.0,0.0,1.0,0.0,0.0,0.0,0.0,0.0,0.0,0.0,0.0
2,2,0.0,0.0,1.0,0.0,0.0,0.0,0.0,0.0,0.0,0.0,0.0
2,2,0.0,0.0,1.0,0.0,0.0,0.0,0.0,0.0,0.0,0.0,0.0
2,2,0.0,0.0,1.0,0.0,0.0,0.0,0.0,0.0,0.0,0.0,0.0
2,2,0.0,0.0,1.0,0.0,0.0,0.0,0.0,0.0,0.0,0.0,0.0
2,2,0.0,0.0,1.0,0.0,0.0,0.0,0.0,0.0,0.0,0.0,0.0
2,2,0.0,0.0,1.0,0.0,0.0,0.0,0.0,0.0,0.0,0.0,0.0
2,2,0.0,0.0,1.0,0.0,0.0,0.0,0.0,0.0,0.0,0.0,0.0
2,2,0.0,0.0,1.0,0.0,0.0,0.0,0.0,0.0,0.0,0.0,0.0
2,2,0.0,0.0,1.0,0.0,0.0,0.0,0.0,0.0,0.0,0.0,0.0
2,2,0.0,0.0,1.0,0.0,0.0,0.0,0.0,0.0,0.0,0.0,0.0
2,2,0.0,0.0,1.0,0.0,0.0,0.0,0.0,0.0,0.0,0.0,0.0
2,2,0.0,0.0,1.0,0.0,0.0,0.0,0.0,0.0,0.0,0.0,0.0
2,2,0.0,0.0,1.0,0.0,0.0,0.0,0.0,0.0,0.0,0.0,0.0
2,2,0.0,0.0,1.0,0.0,0.0,0.0,0.0,0.0,0.0,0.0,0.0
2,2,0.0,0.0,1.0,0.0,0.0,0.0,0.0,0.0,0.0,0.0,0.0
2,2,0.0,0.0,1.0,0.0,0.0,0.0,0.0,0.0,0.0,0.0,0.0
2,2,0.0,0.0,1.0,0.0,0.0,0.0,0.0,0.0,0.0,0.0,0.0
2,2,0.0,0.0,1.0,0.0,0.0,0.0,0.0,0.0,0.0,0.0,0.0
2,2,0.0,0.0,1.0,0.0,0.0,0.0,0.0,0.0,0.0,0.0,0.0
2,2,0.0,0.0,1.0,0.0,0.0,0.0,0.0,0.0,0.0,0.0,0.0
2,2,0.0,0.0,1.0,0.0,0.0,0.0,0.0,0.0,0.0,0.0,0.0
2,2,0.0,0.0,1.0,0.0,0.0,0.0,0.0,0.0,0.0,0.0,0.0
2,2,0.0,0.0,1.0,0.0,0.0,0.0,0.0,0.0,0.0,0.0,0.0
2,2,0.0,0.0,1.0,0.0,0.0,0.0,0.0,0.0,0.0,0.0,0.0
2,2,0.0,0.0,1.0,0.0,0.0,0.0,0.0,0.0,0.0,0.0,0.0
2,2,0.0,0.0,1.0,0.0,0.0,0.0,0.0,0.0,0.0,0.0,0.0
2,2,0.0,0.0,1.0,0.0,0.0,0.0,0.0,0.0,0.0,0.0,0.0
2,2,0.0,0.0,1.0,0.0,0.0,0.0,0.0,0.0,0.0,0.0,0.0
2,2,0.0,0.0,1.0,0.0,0.0,0.0,0.0,0.0,0.0,0.0,0.0
2,2,0.0,0.0,1.0,0.0,0.0,0.0,0.0,0.0,0.0,0.0,0.0
2,2,0.0,0.0,1.0,0.0,0.0,0.0,0.0,0.0,0.0,0.0,0.0
2,2,0.0,0.0,1.0,0.0,0.0,0.0,0.0,0.0,0.0,0.0,0.0
2,2,0.0,0.0,1.0,0.0,0.0,0.0,0.0,0.0,0.0,0.0,0.0
2,2,0.0,0.0,1.0,0.0,0.0,0.0,0.0,0.0,0.0,0.0,0.0
2,2,0.0,0.0,1.0,0.0,0.0,0.0,0.0,0.0,0.0,0.0,0.0
2,2,0.0,0.0,1.0,0.0,0.0,0.0,0.0,0.0,0.0,0.0,0.0
2,2,0.0,0.0,1.0,0.0,0.0,0.0,0.0,0.0,0.0,0.0,0.0
2,2,0.0,0.0,1.0,0.0,0.0,0.0,0.0,0.0,0.0,0.0,0.0
2,2,0.0,0.0,1.0,0.0,0.0,0.0,0.0,0.0,0.0,0.0,0.0
2,2,0.0,0.0,1.0,0.0,0.0,0.0,0.0,0.0,0.0,0.0,0.0
2,2,0.0,0.0,1.0,0.0,0.0,0.0,0.0,0.0,0.0,0.0,0.0
2,2,0.0,0.0,1.0,0.0,0.0,0.0,0.0,0.0,0.0,0.0,0.0
2,2,0.0,0.0,1.0,0.0,0.0,0.0,0.0,0.0,0.0,0.0,0.0
2,2,0.0,0.0,1.0,0.0,0.0,0.0,0.0,0.0,0.0,0.0,0.0
2,2,0.0,0.0,1.0,0.0,0.0,0.0,0.0,0.0,0.0,0.0,0.0
2,2,0.0,0.0,1.0,0.0,0.0,0.0,0.0,0.0,0.0,0.0,0.0
2,2,0.0,0.0,1.0,0.0,0.0,0.0,0.0,0.0,0.0,0.0,0.0
2,2,0.0,0.0,1.0,0.0,0.0,0.0,0.0,0.0,0.0,0.0,0.0
2,2,0.0,0.0,1.0,0.0,0.0,0.0,0.0,0.0,0.0,0.0,0.0
2,2,0.0,0.0,1.0,0.0,0.0,0.0,0.0,0.0,0.0,0.0,0.0
2,2,0.0,0.0,1.0,0.0,0.0,0.0,0.0,0.0,0.0,0.0,0.0
2,2,0.0,0.0,1.0,0.0,0.0,0.0,0.0,0.0,0.0,0.0,0.0
2,2,0.0,0.0,1.0,0.0,0.0,0.0,0.0,0.0,0.0,0.0,0.0
2,2,0.0,0.0,1.0,0.0,0.0,0.0,0.0,0.0,0.0,0.0,0.0
2,2,0.0,0.0,1.0,0.0,0.0,0.0,0.0,0.0,0.0,0.0,0.0
2,2,0.0,0.0,1.0,0.0,0.0,0.0,0.0,0.0,0.0,0.0,0.0
2,2,0.0,0.0,1.0,0.0,0.0,0.0,0.0,0.0,0.0,0.0,0.0
2,2,0.0,0.0,1.0,0.0,0.0,0.0,0.0,0.0,0.0,0.0,0.0
2,2,0.0,0.0,1.0,0.0,0.0,0.0,0.0,0.0,0.0,0.0,0.0
2,2,0.0,0.0,1.0,0.0,0.0,0.0,0.0,0.0,0.0,0.0,0.0
2,2,0.0,0.0,1.0,0.0,0.0,0.0,0.0,0.0,0.0,0.0,0.0
2,2,0.0,0.0,1.0,0.0,0.0,0.0,0.0,0.0,0.0,0.0,0.0
2,2,0.0,0.0,1.0,0.0,0.0,0.0,0.0,0.0,0.0,0.0,0.0
2,2,0.0,0.0,1.0,0.0,0.0,0.0,0.0,0.0,0.0,0.0,0.0
2,2,0.0,0.0,1.0,0.0,0.0,0.0,0.0,0.0,0.0,0.0,0.0
2,2,0.0,0.0,1.0,0.0,0.0,0.0,0.0,0.0,0.0,0.0,0.0
2,2,0.0,0.0,1.0,0.0,0.0,0.0,0.0,0.0,0.0,0.0,0.0
2,2,0.0,0.0,1.0,0.0,0.0,0.0,0.0,0.0,0.0,0.0,0.0
2,2,0.0,0.0,1.0,0.0,0.0,0.0,0.0,0.0,0.0,0.0,0.0
2,2,0.0,0.0,1.0,0.0,0.0,0.0,0.0,0.0,0.0,0.0,0.0
2,2,0.0,0.0,1.0,0.0,0.0,0.0,0.0,0.0,0.0,0.0,0.0
2,2,0.0,0.0,1.0,0.0,0.0,0.0,0.0,0.0,0.0,0.0,0.0
2,2,0.0,0.0,1.0,0.0,0.0,0.0,0.0,0.0,0.0,0.0,0.0
2,2,0.0,0.0,1.0,0.0,0.0,0.0,0.0,0.0,0.0,0.0,0.0
2,2,0.0,0.0,1.0,0.0,0.0,0.0,0.0,0.0,0.0,0.0,0.0
2,2,0.0,0.0,1.0,0.0,0.0,0.0,0.0,0.0,0.0,0.0,0.0
2,2,0.0,0.0,1.0,0.0,0.0,0.0,0.0,0.0,0.0,0.0,0.0
2,2,0.0,0.0,1.0,0.0,0.0,0.0,0.0,0.0,0.0,0.0,0.0
2,2,0.0,0.0,1.0,0.0,0.0,0.0,0.0,0.0,0.0,0.0,0.0
2,2,0.0,0.0,1.0,0.0,0.0,0.0,0.0,0.0,0.0,0.0,0.0
2,2,0.0,0.0,1.0,0.0,0.0,0.0,0.0,0.0,0.0,0.0,0.0
2,2,0.0,0.0,1.0,0.0,0.0,0.0,0.0,0.0,0.0,0.0,0.0
2,2,0.0,0.0,1.0,0.0,0.0,0.0,0.0,0.0,0.0,0.0,0.0
2,2,0.0,0.0,1.0,0.0,0.0,0.0,0.0,0.0,0.0,0.0,0.0
2,2,0.0,0.0,1.0,0.0,0.0,0.0,0.0,0.0,0.0,0.0,0.0
2,2,0.0,0.0,1.0,0.0,0.0,0.0,0.0,0.0,0.0,0.0,0.0
2,2,0.0,0.0,1.0,0.0,0.0,0.0,0.0,0.0,0.0,0.0,0.0
2,2,0.0,0.0,1.0,0.0,0.0,0.0,0.0,0.0,0.0,0.0,0.0
2,2,0.0,0.0,1.0,0.0,0.0,0.0,0.0,0.0,0.0,0.0,0.0
2,2,0.0,0.0,1.0,0.0,0.0,0.0,0.0,0.0,0.0,0.0,0.0
2,2,0.0,0.0,1.0,0.0,0.0,0.0,0.0,0.0,0.0,0.0,0.0
2,2,0.0,0.0,1.0,0.0,0.0,0.0,0.0,0.0,0.0,0.0,0.0
2,2,0.0,0.0,1.0,0.0,0.0,0.0,0.0,0.0,0.0,0.0,0.0
2,2,0.0,0.0,1.0,0.0,0.0,0.0,0.0,0.0,0.0,0.0,0.0
2,2,0.0,0.0,1.0,0.0,0.0,0.0,0.0,0.0,0.0,0.0,0.0
2,2,0.0,0.0,1.0,0.0,0.0,0.0,0.0,0.0,0.0,0.0,0.0
2,2,0.0,0.0,1.0,0.0,0.0,0.0,0.0,0.0,0.0,0.0,0.0
2,2,0.0,0.0,1.0,0.0,0.0,0.0,0.0,0.0,0.0,0.0,0.0
2,2,0.0,0.0,1.0,0.0,0.0,0.0,0.0,0.0,0.0,0.0,0.0
2,2,0.0,0.0,1.0,0.0,0.0,0.0,0.0,0.0,0.0,0.0,0.0
2,2,0.0,0.0,1.0,0.0,0.0,0.0,0.0,0.0,0.0,0.0,0.0
2,2,0.0,0.0,1.0,0.0,0.0,0.0,0.0,0.0,0.0,0.0,0.0
2,2,0.0,0.0,1.0,0.0,0.0,0.0,0.0,0.0,0.0,0.0,0.0
2,2,0.0,0.0,1.0,0.0,0.0,0.0,0.0,0.0,0.0,0.0,0.0
2,2,0.0,0.0,1.0,0.0,0.0,0.0,0.0,0.0,0.0,0.0,0.0
2,2,0.0,0.0,1.0,0.0,0.0,0.0,0.0,0.0,0.0,0.0,0.0
2,2,0.0,0.0,1.0,0.0,0.0,0.0,0.0,0.0,0.0,0.0,0.0
2,2,0.0,0.0,1.0,0.0,0.0,0.0,0.0,0.0,0.0,0.0,0.0
2,2,0.0,0.0,1.0,0.0,0.0,0.0,0.0,0.0,0.0,0.0,0.0
2,2,0.0,0.0,1.0,0.0,0.0,0.0,0.0,0.0,0.0,0.0,0.0
2,2,0.0,0.0,1.0,0.0,0.0,0.0,0.0,0.0,0.0,0.0,0.0
2,2,0.0,0.0,1.0,0.0,0.0,0.0,0.0,0.0,0.0,0.0,0.0
2,2,0.0,0.0,1.0,0.0,0.0,0.0,0.0,0.0,0.0,0.0,0.0
2,2,0.0,0.0,1.0,0.0,0.0,0.0,0.0,0.0,0.0,0.0,0.0
2,2,0.0,0.0,1.0,0.0,0.0,0.0,0.0,0.0,0.0,0.0,0.0
2,2,0.0,0.0,1.0,0.0,0.0,0.0,0.0,0.0,0.0,0.0,0.0
2,2,0.0,0.0,1.0,0.0,0.0,0.0,0.0,0.0,0.0,0.0,0.0
2,2,0.0,0.0,1.0,0.0,0.0,0.0,0.0,0.0,0.0,0.0,0.0
2,2,0.0,0.0,1.0,0.0,0.0,0.0,0.0,0.0,0.0,0.0,0.0
2,2,0.0,0.0,1.0,0.0,0.0,0.0,0.0,0.0,0.0,0.0,0.0
2,2,0.0,0.0,1.0,0.0,0.0,0.0,0.0,0.0,0.0,0.0,0.0
2,2,0.0,0.0,1.0,0.0,0.0,0.0,0.0,0.0,0.0,0.0,0.0
2,2,0.0,0.0,1.0,0.0,0.0,0.0,0.0,0.0,0.0,0.0,0.0
2,2,0.0,0.0,1.0,0.0,0.0,0.0,0.0,0.0,0.0,0.0,0.0
2,2,0.0,0.0,1.0,0.0,0.0,0.0,0.0,0.0,0.0,0.0,0.0
2,2,0.0,0.0,1.0,0.0,0.0,0.0,0.0,0.0,0.0,0.0,0.0
2,2,0.0,0.0,1.0,0.0,0.0,0.0,0.0,0.0,0.0,0.0,0.0
2,2,0.0,0.0,1.0,0.0,0.0,0.0,0.0,0.0,0.0,0.0,0.0
2,2,0.0,0.0,1.0,0.0,0.0,0.0,0.0,0.0,0.0,0.0,0.0
2,2,0.0,0.0,1.0,0.0,0.0,0.0,0.0,0.0,0.0,0.0,0.0
2,2,0.0,0.0,1.0,0.0,0.0,0.0,0.0,0.0,0.0,0.0,0.0
2,2,0.0,0.0,1.0,0.0,0.0,0.0,0.0,0.0,0.0,0.0,0.0
2,2,0.0,0.0,1.0,0.0,0.0,0.0,0.0,0.0,0.0,0.0,0.0
2,2,0.0,0.0,1.0,0.0,0.0,0.0,0.0,0.0,0.0,0.0,0.0
2,2,0.0,0.0,1.0,0.0,0.0,0.0,0.0,0.0,0.0,0.0,0.0
2,2,0.0,0.0,1.0,0.0,0.0,0.0,0.0,0.0,0.0,0.0,0.0
2,2,0.0,0.0,1.0,0.0,0.0,0.0,0.0,0.0,0.0,0.0,0.0
2,2,0.0,0.0,1.0,0.0,0.0,0.0,0.0,0.0,0.0,0.0,0.0
2,2,0.0,0.0,1.0,0.0,0.0,0.0,0.0,0.0,0.0,0.0,0.0
2,2,0.0,0.0,1.0,0.0,0.0,0.0,0.0,0.0,0.0,0.0,0.0
2,2,0.0,0.0,1.0,0.0,0.0,0.0,0.0,0.0,0.0,0.0,0.0
2,2,0.0,0.0,1.0,0.0,0.0,0.0,0.0,0.0,0.0,0.0,0.0
2,2,0.0,0.0,1.0,0.0,0.0,0.0,0.0,0.0,0.0,0.0,0.0
2,2,0.0,0.0,1.0,0.0,0.0,0.0,0.0,0.0,0.0,0.0,0.0
2,2,0.0,0.0,1.0,0.0,0.0,0.0,0.0,0.0,0.0,0.0,0.0
2,2,0.0,0.0,1.0,0.0,0.0,0.0,0.0,0.0,0.0,0.0,0.0
2,2,0.0,0.0,1.0,0.0,0.0,0.0,0.0,0.0,0.0,0.0,0.0
2,2,0.0,0.0,1.0,0.0,0.0,0.0,0.0,0.0,0.0,0.0,0.0
2,2,0.0,0.0,1.0,0.0,0.0,0.0,0.0,0.0,0.0,0.0,0.0
2,2,0.0,0.0,1.0,0.0,0.0,0.0,0.0,0.0,0.0,0.0,0.0
2,2,0.0,0.0,1.0,0.0,0.0,0.0,0.0,0.0,0.0,0.0,0.0
2,2,0.0,0.0,1.0,0.0,0.0,0.0,0.0,0.0,0.0,0.0,0.0
2,2,0.0,0.0,1.0,0.0,0.0,0.0,0.0,0.0,0.0,0.0,0.0
2,2,0.0,0.0,1.0,0.0,0.0,0.0,0.0,0.0,0.0,0.0,0.0
2,2,0.0,0.0,1.0,0.0,0.0,0.0,0.0,0.0,0.0,0.0,0.0
2,2,0.0,0.0,1.0,0.0,0.0,0.0,0.0,0.0,0.0,0.0,0.0
2,2,0.0,0.0,1.0,0.0,0.0,0.0,0.0,0.0,0.0,0.0,0.0
2,2,0.0,0.0,1.0,0.0,0.0,0.0,0.0,0.0,0.0,0.0,0.0
2,2,0.0,0.0,1.0,0.0,0.0,0.0,0.0,0.0,0.0,0.0,0.0
2,2,0.0,0.0,1.0,0.0,0.0,0.0,0.0,0.0,0.0,0.0,0.0
2,2,0.0,0.0,1.0,0.0,0.0,0.0,0.0,0.0,0.0,0.0,0.0
2,2,0.0,0.0,1.0,0.0,0.0,0.0,0.0,0.0,0.0,0.0,0.0
2,2,0.0,0.0,1.0,0.0,0.0,0.0,0.0,0.0,0.0,0.0,0.0
2,2,0.0,0.0,1.0,0.0,0.0,0.0,0.0,0.0,0.0,0.0,0.0
2,2,0.0,0.0,1.0,0.0,0.0,0.0,0.0,0.0,0.0,0.0,0.0
2,2,0.0,0.0,1.0,0.0,0.0,0.0,0.0,0.0,0.0,0.0,0.0
2,2,0.0,0.0,1.0,0.0,0.0,0.0,0.0,0.0,0.0,0.0,0.0
2,2,0.0,0.0,1.0,0.0,0.0,0.0,0.0,0.0,0.0,0.0,0.0
2,2,0.0,0.0,1.0,0.0,0.0,0.0,0.0,0.0,0.0,0.0,0.0
2,2,0.0,0.0,1.0,0.0,0.0,0.0,0.0,0.0,0.0,0.0,0.0
2,2,0.0,0.0,1.0,0.0,0.0,0.0,0.0,0.0,0.0,0.0,0.0
2,2,0.0,0.0,1.0,0.0,0.0,0.0,0.0,0.0,0.0,0.0,0.0
2,2,0.0,0.0,1.0,0.0,0.0,0.0,0.0,0.0,0.0,0.0,0.0
2,2,0.0,0.0,1.0,0.0,0.0,0.0,0.0,0.0,0.0,0.0,0.0
2,2,0.0,0.0,1.0,0.0,0.0,0.0,0.0,0.0,0.0,0.0,0.0
2,2,0.0,0.0,1.0,0.0,0.0,0.0,0.0,0.0,0.0,0.0,0.0
2,2,0.0,0.0,1.0,0.0,0.0,0.0,0.0,0.0,0.0,0.0,0.0
2,2,0.0,0.0,1.0,0.0,0.0,0.0,0.0,0.0,0.0,0.0,0.0
2,2,0.0,0.0,1.0,0.0,0.0,0.0,0.0,0.0,0.0,0.0,0.0
2,2,0.0,0.0,1.0,0.0,0.0,0.0,0.0,0.0,0.0,0.0,0.0
2,2,0.0,0.0,1.0,0.0,0.0,0.0,0.0,0.0,0.0,0.0,0.0
2,2,0.0,0.0,1.0,0.0,0.0,0.0,0.0,0.0,0.0,0.0,0.0
2,2,0.0,0.0,1.0,0.0,0.0,0.0,0.0,0.0,0.0,0.0,0.0
2,2,0.0,0.0,1.0,0.0,0.0,0.0,0.0,0.0,0.0,0.0,0.0
2,2,0.0,0.0,1.0,0.0,0.0,0.0,0.0,0.0,0.0,0.0,0.0
2,2,0.0,0.0,1.0,0.0,0.0,0.0,0.0,0.0,0.0,0.0,0.0
2,2,0.0,0.0,1.0,0.0,0.0,0.0,0.0,0.0,0.0,0.0,0.0
2,2,0.0,0.0,1.0,0.0,0.0,0.0,0.0,0.0,0.0,0.0,0.0
2,2,0.0,0.0,1.0,0.0,0.0,0.0,0.0,0.0,0.0,0.0,0.0
2,2,0.0,0.0,1.0,0.0,0.0,0.0,0.0,0.0,0.0,0.0,0.0
2,2,0.0,0.0,1.0,0.0,0.0,0.0,0.0,0.0,0.0,0.0,0.0
2,2,0.0,0.0,1.0,0.0,0.0,0.0,0.0,0.0,0.0,0.0,0.0
2,2,0.0,0.0,1.0,0.0,0.0,0.0,0.0,0.0,0.0,0.0,0.0
2,2,0.0,0.0,1.0,0.0,0.0,0.0,0.0,0.0,0.0,0.0,0.0
2,2,0.0,0.0,1.0,0.0,0.0,0.0,0.0,0.0,0.0,0.0,0.0
2,2,0.0,0.0,1.0,0.0,0.0,0.0,0.0,0.0,0.0,0.0,0.0
2,2,0.0,0.0,1.0,0.0,0.0,0.0,0.0,0.0,0.0,0.0,0.0
2,2,0.0,0.0,1.0,0.0,0.0,0.0,0.0,0.0,0.0,0.0,0.0
2,2,0.0,0.0,1.0,0.0,0.0,0.0,0.0,0.0,0.0,0.0,0.0
2,2,0.0,0.0,1.0,0.0,0.0,0.0,0.0,0.0,0.0,0.0,0.0
2,2,0.0,0.0,1.0,0.0,0.0,0.0,0.0,0.0,0.0,0.0,0.0
2,2,0.0,0.0,1.0,0.0,0.0,0.0,0.0,0.0,0.0,0.0,0.0
2,2,0.0,0.0,1.0,0.0,0.0,0.0,0.0,0.0,0.0,0.0,0.0
2,2,0.0,0.0,1.0,0.0,0.0,0.0,0.0,0.0,0.0,0.0,0.0
2,2,0.0,0.0,1.0,0.0,0.0,0.0,0.0,0.0,0.0,0.0,0.0
2,2,0.0,0.0,1.0,0.0,0.0,0.0,0.0,0.0,0.0,0.0,0.0
2,2,0.0,0.0,1.0,0.0,0.0,0.0,0.0,0.0,0.0,0.0,0.0
2,2,0.0,0.0,1.0,0.0,0.0,0.0,0.0,0.0,0.0,0.0,0.0
2,2,0.0,0.0,1.0,0.0,0.0,0.0,0.0,0.0,0.0,0.0,0.0
2,2,0.0,0.0,1.0,0.0,0.0,0.0,0.0,0.0,0.0,0.0,0.0
2,2,0.0,0.0,1.0,0.0,0.0,0.0,0.0,0.0,0.0,0.0,0.0
2,2,0.0,0.0,1.0,0.0,0.0,0.0,0.0,0.0,0.0,0.0,0.0
2,2,0.0,0.0,1.0,0.0,0.0,0.0,0.0,0.0,0.0,0.0,0.0
2,2,0.0,0.0,1.0,0.0,0.0,0.0,0.0,0.0,0.0,0.0,0.0
2,2,0.0,0.0,1.0,0.0,0.0,0.0,0.0,0.0,0.0,0.0,0.0
2,2,0.0,0.0,1.0,0.0,0.0,0.0,0.0,0.0,0.0,0.0,0.0
2,2,0.0,0.0,1.0,0.0,0.0,0.0,0.0,0.0,0.0,0.0,0.0
2,2,0.0,0.0,1.0,0.0,0.0,0.0,0.0,0.0,0.0,0.0,0.0
2,2,0.0,0.0,1.0,0.0,0.0,0.0,0.0,0.0,0.0,0.0,0.0
2,2,0.0,0.0,1.0,0.0,0.0,0.0,0.0,0.0,0.0,0.0,0.0
2,2,0.0,0.0,1.0,0.0,0.0,0.0,0.0,0.0,0.0,0.0,0.0
2,2,0.0,0.0,1.0,0.0,0.0,0.0,0.0,0.0,0.0,0.0,0.0
2,2,0.0,0.0,1.0,0.0,0.0,0.0,0.0,0.0,0.0,0.0,0.0
2,2,0.0,0.0,1.0,0.0,0.0,0.0,0.0,0.0,0.0,0.0,0.0
2,2,0.0,0.0,1.0,0.0,0.0,0.0,0.0,0.0,0.0,0.0,0.0
2,2,0.0,0.0,1.0,0.0,0.0,0.0,0.0,0.0,0.0,0.0,0.0
2,2,0.0,0.0,1.0,0.0,0.0,0.0,0.0,0.0,0.0,0.0,0.0
2,2,0.0,0.0,1.0,0.0,0.0,0.0,0.0,0.0,0.0,0.0,0.0
2,2,0.0,0.0,1.0,0.0,0.0,0.0,0.0,0.0,0.0,0.0,0.0
2,2,0.0,0.0,1.0,0.0,0.0,0.0,0.0,0.0,0.0,0.0,0.0
2,2,0.0,0.0,1.0,0.0,0.0,0.0,0.0,0.0,0.0,0.0,0.0
2,2,0.0,0.0,1.0,0.0,0.0,0.0,0.0,0.0,0.0,0.0,0.0
2,2,0.0,0.0,1.0,0.0,0.0,0.0,0.0,0.0,0.0,0.0,0.0
2,2,0.0,0.0,1.0,0.0,0.0,0.0,0.0,0.0,0.0,0.0,0.0
2,2,0.0,0.0,1.0,0.0,0.0,0.0,0.0,0.0,0.0,0.0,0.0
2,2,0.0,0.0,1.0,0.0,0.0,0.0,0.0,0.0,0.0,0.0,0.0
2,2,0.0,0.0,1.0,0.0,0.0,0.0,0.0,0.0,0.0,0.0,0.0
2,2,0.0,0.0,1.0,0.0,0.0,0.0,0.0,0.0,0.0,0.0,0.0
2,2,0.0,0.0,1.0,0.0,0.0,0.0,0.0,0.0,0.0,0.0,0.0
2,2,0.0,0.0,1.0,0.0,0.0,0.0,0.0,0.0,0.0,0.0,0.0
2,2,0.0,0.0,1.0,0.0,0.0,0.0,0.0,0.0,0.0,0.0,0.0
2,2,0.0,0.0,1.0,0.0,0.0,0.0,0.0,0.0,0.0,0.0,0.0
2,2,0.0,0.0,1.0,0.0,0.0,0.0,0.0,0.0,0.0,0.0,0.0
2,2,0.0,0.0,1.0,0.0,0.0,0.0,0.0,0.0,0.0,0.0,0.0
2,2,0.0,0.0,1.0,0.0,0.0,0.0,0.0,0.0,0.0,0.0,0.0
2,2,0.0,0.0,1.0,0.0,0.0,0.0,0.0,0.0,0.0,0.0,0.0
2,2,0.0,0.0,1.0,0.0,0.0,0.0,0.0,0.0,0.0,0.0,0.0
2,2,0.0,0.0,1.0,0.0,0.0,0.0,0.0,0.0,0.0,0.0,0.0
2,2,0.0,0.0,1.0,0.0,0.0,0.0,0.0,0.0,0.0,0.0,0.0
2,2,0.0,0.0,1.0,0.0,0.0,0.0,0.0,0.0,0.0,0.0,0.0
2,2,0.0,0.0,1.0,0.0,0.0,0.0,0.0,0.0,0.0,0.0,0.0
2,2,0.0,0.0,1.0,0.0,0.0,0.0,0.0,0.0,0.0,0.0,0.0
2,2,0.0,0.0,1.0,0.0,0.0,0.0,0.0,0.0,0.0,0.0,0.0
2,2,0.0,0.0,1.0,0.0,0.0,0.0,0.0,0.0,0.0,0.0,0.0
2,2,0.0,0.0,1.0,0.0,0.0,0.0,0.0,0.0,0.0,0.0,0.0
2,2,0.0,0.0,1.0,0.0,0.0,0.0,0.0,0.0,0.0,0.0,0.0
2,2,0.0,0.0,1.0,0.0,0.0,0.0,0.0,0.0,0.0,0.0,0.0
2,2,0.0,0.0,1.0,0.0,0.0,0.0,0.0,0.0,0.0,0.0,0.0
2,2,0.0,0.0,1.0,0.0,0.0,0.0,0.0,0.0,0.0,0.0,0.0
2,2,0.0,0.0,1.0,0.0,0.0,0.0,0.0,0.0,0.0,0.0,0.0
2,2,0.0,0.0,1.0,0.0,0.0,0.0,0.0,0.0,0.0,0.0,0.0
2,2,0.0,0.0,1.0,0.0,0.0,0.0,0.0,0.0,0.0,0.0,0.0
2,2,0.0,0.0,1.0,0.0,0.0,0.0,0.0,0.0,0.0,0.0,0.0
2,2,0.0,0.0,1.0,0.0,0.0,0.0,0.0,0.0,0.0,0.0,0.0
2,2,0.0,0.0,1.0,0.0,0.0,0.0,0.0,0.0,0.0,0.0,0.0
2,2,0.0,0.0,1.0,0.0,0.0,0.0,0.0,0.0,0.0,0.0,0.0
2,2,0.0,0.0,1.0,0.0,0.0,0.0,0.0,0.0,0.0,0.0,0.0
2,2,0.0,0.0,1.0,0.0,0.0,0.0,0.0,0.0,0.0,0.0,0.0
2,2,0.0,0.0,1.0,0.0,0.0,0.0,0.0,0.0,0.0,0.0,0.0
2,2,0.0,0.0,1.0,0.0,0.0,0.0,0.0,0.0,0.0,0.0,0.0
2,2,0.0,0.0,1.0,0.0,0.0,0.0,0.0,0.0,0.0,0.0,0.0
2,2,0.0,0.0,1.0,0.0,0.0,0.0,0.0,0.0,0.0,0.0,0.0
2,2,0.0,0.0,1.0,0.0,0.0,0.0,0.0,0.0,0.0,0.0,0.0
2,2,0.0,0.0,1.0,0.0,0.0,0.0,0.0,0.0,0.0,0.0,0.0
2,2,0.0,0.0,1.0,0.0,0.0,0.0,0.0,0.0,0.0,0.0,0.0
2,2,0.0,0.0,1.0,0.0,0.0,0.0,0.0,0.0,0.0,0.0,0.0
2,2,0.0,0.0,1.0,0.0,0.0,0.0,0.0,0.0,0.0,0.0,0.0
2,2,0.0,0.0,1.0,0.0,0.0,0.0,0.0,0.0,0.0,0.0,0.0
2,2,0.0,0.0,1.0,0.0,0.0,0.0,0.0,0.0,0.0,0.0,0.0
2,2,0.0,0.0,1.0,0.0,0.0,0.0,0.0,0.0,0.0,0.0,0.0
2,2,0.0,0.0,1.0,0.0,0.0,0.0,0.0,0.0,0.0,0.0,0.0
2,2,0.0,0.0,1.0,0.0,0.0,0.0,0.0,0.0,0.0,0.0,0.0
2,2,0.0,0.0,1.0,0.0,0.0,0.0,0.0,0.0,0.0,0.0,0.0
2,2,0.0,0.0,1.0,0.0,0.0,0.0,0.0,0.0,0.0,0.0,0.0
2,2,0.0,0.0,1.0,0.0,0.0,0.0,0.0,0.0,0.0,0.0,0.0
2,2,0.0,0.0,1.0,0.0,0.0,0.0,0.0,0.0,0.0,0.0,0.0
2,2,0.0,0.0,1.0,0.0,0.0,0.0,0.0,0.0,0.0,0.0,0.0
2,2,0.0,0.0,1.0,0.0,0.0,0.0,0.0,0.0,0.0,0.0,0.0
2,2,0.0,0.0,1.0,0.0,0.0,0.0,0.0,0.0,0.0,0.0,0.0
2,2,0.0,0.0,1.0,0.0,0.0,0.0,0.0,0.0,0.0,0.0,0.0
2,2,0.0,0.0,1.0,0.0,0.0,0.0,0.0,0.0,0.0,0.0,0.0
2,2,0.0,0.0,1.0,0.0,0.0,0.0,0.0,0.0,0.0,0.0,0.0
2,2,0.0,0.0,1.0,0.0,0.0,0.0,0.0,0.0,0.0,0.0,0.0
2,2,0.0,0.0,1.0,0.0,0.0,0.0,0.0,0.0,0.0,0.0,0.0
2,2,0.0,0.0,1.0,0.0,0.0,0.0,0.0,0.0,0.0,0.0,0.0
2,2,0.0,0.0,1.0,0.0,0.0,0.0,0.0,0.0,0.0,0.0,0.0
2,2,0.0,0.0,1.0,0.0,0.0,0.0,0.0,0.0,0.0,0.0,0.0
2,2,0.0,0.0,1.0,0.0,0.0,0.0,0.0,0.0,0.0,0.0,0.0
2,2,0.0,0.0,1.0,0.0,0.0,0.0,0.0,0.0,0.0,0.0,0.0
2,2,0.0,0.0,1.0,0.0,0.0,0.0,0.0,0.0,0.0,0.0,0.0
2,2,0.0,0.0,1.0,0.0,0.0,0.0,0.0,0.0,0.0,0.0,0.0
2,2,0.0,0.0,1.0,0.0,0.0,0.0,0.0,0.0,0.0,0.0,0.0
2,2,0.0,0.0,1.0,0.0,0.0,0.0,0.0,0.0,0.0,0.0,0.0
2,2,0.0,0.0,1.0,0.0,0.0,0.0,0.0,0.0,0.0,0.0,0.0
2,2,0.0,0.0,1.0,0.0,0.0,0.0,0.0,0.0,0.0,0.0,0.0
2,2,0.0,0.0,1.0,0.0,0.0,0.0,0.0,0.0,0.0,0.0,0.0
2,2,0.0,0.0,1.0,0.0,0.0,0.0,0.0,0.0,0.0,0.0,0.0
2,2,0.0,0.0,1.0,0.0,0.0,0.0,0.0,0.0,0.0,0.0,0.0
2,2,0.0,0.0,1.0,0.0,0.0,0.0,0.0,0.0,0.0,0.0,0.0
2,2,0.0,0.0,1.0,0.0,0.0,0.0,0.0,0.0,0.0,0.0,0.0
2,2,0.0,0.0,1.0,0.0,0.0,0.0,0.0,0.0,0.0,0.0,0.0
2,2,0.0,0.0,1.0,0.0,0.0,0.0,0.0,0.0,0.0,0.0,0.0
2,2,0.0,0.0,1.0,0.0,0.0,0.0,0.0,0.0,0.0,0.0,0.0
2,2,0.0,0.0,1.0,0.0,0.0,0.0,0.0,0.0,0.0,0.0,0.0
2,2,0.0,0.0,1.0,0.0,0.0,0.0,0.0,0.0,0.0,0.0,0.0
2,2,0.0,0.0,1.0,0.0,0.0,0.0,0.0,0.0,0.0,0.0,0.0
2,2,0.0,0.0,1.0,0.0,0.0,0.0,0.0,0.0,0.0,0.0,0.0
2,2,0.0,0.0,1.0,0.0,0.0,0.0,0.0,0.0,0.0,0.0,0.0
2,2,0.0,0.0,1.0,0.0,0.0,0.0,0.0,0.0,0.0,0.0,0.0
2,2,0.0,0.0,1.0,0.0,0.0,0.0,0.0,0.0,0.0,0.0,0.0
2,2,0.0,0.0,1.0,0.0,0.0,0.0,0.0,0.0,0.0,0.0,0.0
2,2,0.0,0.0,1.0,0.0,0.0,0.0,0.0,0.0,0.0,0.0,0.0
2,2,0.0,0.0,1.0,0.0,0.0,0.0,0.0,0.0,0.0,0.0,0.0
2,2,0.0,0.0,1.0,0.0,0.0,0.0,0.0,0.0,0.0,0.0,0.0
2,2,0.0,0.0,1.0,0.0,0.0,0.0,0.0,0.0,0.0,0.0,0.0
2,2,0.0,0.0,1.0,0.0,0.0,0.0,0.0,0.0,0.0,0.0,0.0
2,2,0.0,0.0,1.0,0.0,0.0,0.0,0.0,0.0,0.0,0.0,0.0
2,2,0.0,0.0,1.0,0.0,0.0,0.0,0.0,0.0,0.0,0.0,0.0
2,2,0.0,0.0,1.0,0.0,0.0,0.0,0.0,0.0,0.0,0.0,0.0
2,2,0.0,0.0,1.0,0.0,0.0,0.0,0.0,0.0,0.0,0.0,0.0
2,2,0.0,0.0,1.0,0.0,0.0,0.0,0.0,0.0,0.0,0.0,0.0
2,2,0.0,0.0,1.0,0.0,0.0,0.0,0.0,0.0,0.0,0.0,0.0
2,2,0.0,0.0,1.0,0.0,0.0,0.0,0.0,0.0,0.0,0.0,0.0
2,2,0.0,0.0,1.0,0.0,0.0,0.0,0.0,0.0,0.0,0.0,0.0
2,2,0.0,0.0,1.0,0.0,0.0,0.0,0.0,0.0,0.0,0.0,0.0
2,2,0.0,0.0,1.0,0.0,0.0,0.0,0.0,0.0,0.0,0.0,0.0
2,2,0.0,0.0,1.0,0.0,0.0,0.0,0.0,0.0,0.0,0.0,0.0
2,2,0.0,0.0,1.0,0.0,0.0,0.0,0.0,0.0,0.0,0.0,0.0
2,2,0.0,0.0,1.0,0.0,0.0,0.0,0.0,0.0,0.0,0.0,0.0
2,2,0.0,0.0,1.0,0.0,0.0,0.0,0.0,0.0,0.0,0.0,0.0
2,2,0.0,0.0,1.0,0.0,0.0,0.0,0.0,0.0,0.0,0.0,0.0
2,2,0.0,0.0,1.0,0.0,0.0,0.0,0.0,0.0,0.0,0.0,0.0
2,2,0.0,0.0,1.0,0.0,0.0,0.0,0.0,0.0,0.0,0.0,0.0
2,2,0.0,0.0,1.0,0.0,0.0,0.0,0.0,0.0,0.0,0.0,0.0
2,2,0.0,0.0,1.0,0.0,0.0,0.0,0.0,0.0,0.0,0.0,0.0
2,2,0.0,0.0,1.0,0.0,0.0,0.0,0.0,0.0,0.0,0.0,0.0
2,2,0.0,0.0,1.0,0.0,0.0,0.0,0.0,0.0,0.0,0.0,0.0
2,2,0.0,0.0,1.0,0.0,0.0,0.0,0.0,0.0,0.0,0.0,0.0
2,2,0.0,0.0,1.0,0.0,0.0,0.0,0.0,0.0,0.0,0.0,0.0
2,2,0.0,0.0,1.0,0.0,0.0,0.0,0.0,0.0,0.0,0.0,0.0
2,2,0.0,0.0,1.0,0.0,0.0,0.0,0.0,0.0,0.0,0.0,0.0
2,2,0.0,0.0,1.0,0.0,0.0,0.0,0.0,0.0,0.0,0.0,0.0
2,2,0.0,0.0,1.0,0.0,0.0,0.0,0.0,0.0,0.0,0.0,0.0
2,2,0.0,0.0,1.0,0.0,0.0,0.0,0.0,0.0,0.0,0.0,0.0
2,2,0.0,0.0,1.0,0.0,0.0,0.0,0.0,0.0,0.0,0.0,0.0
2,2,0.0,0.0,1.0,0.0,0.0,0.0,0.0,0.0,0.0,0.0,0.0
2,2,0.0,0.0,1.0,0.0,0.0,0.0,0.0,0.0,0.0,0.0,0.0
2,2,0.0,0.0,1.0,0.0,0.0,0.0,0.0,0.0,0.0,0.0,0.0
2,2,0.0,0.0,1.0,0.0,0.0,0.0,0.0,0.0,0.0,0.0,0.0
2,2,0.0,0.0,1.0,0.0,0.0,0.0,0.0,0.0,0.0,0.0,0.0
2,2,0.0,0.0,1.0,0.0,0.0,0.0,0.0,0.0,0.0,0.0,0.0
2,2,0.0,0.0,1.0,0.0,0.0,0.0,0.0,0.0,0.0,0.0,0.0
2,2,0.0,0.0,1.0,0.0,0.0,0.0,0.0,0.0,0.0,0.0,0.0
2,2,0.0,0.0,1.0,0.0,0.0,0.0,0.0,0.0,0.0,0.0,0.0
2,2,0.0,0.0,1.0,0.0,0.0,0.0,0.0,0.0,0.0,0.0,0.0
2,2,0.0,0.0,1.0,0.0,0.0,0.0,0.0,0.0,0.0,0.0,0.0
2,2,0.0,0.0,1.0,0.0,0.0,0.0,0.0,0.0,0.0,0.0,0.0
2,2,0.0,0.0,1.0,0.0,0.0,0.0,0.0,0.0,0.0,0.0,0.0
2,2,0.0,0.0,1.0,0.0,0.0,0.0,0.0,0.0,0.0,0.0,0.0
2,2,0.0,0.0,1.0,0.0,0.0,0.0,0.0,0.0,0.0,0.0,0.0
2,2,0.0,0.0,1.0,0.0,0.0,0.0,0.0,0.0,0.0,0.0,0.0
2,2,0.0,0.0,1.0,0.0,0.0,0.0,0.0,0.0,0.0,0.0,0.0
2,2,0.0,0.0,1.0,0.0,0.0,0.0,0.0,0.0,0.0,0.0,0.0
2,2,0.0,0.0,1.0,0.0,0.0,0.0,0.0,0.0,0.0,0.0,0.0
2,2,0.0,0.0,1.0,0.0,0.0,0.0,0.0,0.0,0.0,0.0,0.0
2,2,0.0,0.0,1.0,0.0,0.0,0.0,0.0,0.0,0.0,0.0,0.0
2,2,0.0,0.0,1.0,0.0,0.0,0.0,0.0,0.0,0.0,0.0,0.0
2,2,0.0,0.0,1.0,0.0,0.0,0.0,0.0,0.0,0.0,0.0,0.0
2,2,0.0,0.0,1.0,0.0,0.0,0.0,0.0,0.0,0.0,0.0,0.0
2,2,0.0,0.0,1.0,0.0,0.0,0.0,0.0,0.0,0.0,0.0,0.0
2,2,0.0,0.0,1.0,0.0,0.0,0.0,0.0,0.0,0.0,0.0,0.0
2,2,0.0,0.0,1.0,0.0,0.0,0.0,0.0,0.0,0.0,0.0,0.0
2,2,0.0,0.0,1.0,0.0,0.0,0.0,0.0,0.0,0.0,0.0,0.0
2,2,0.0,0.0,1.0,0.0,0.0,0.0,0.0,0.0,0.0,0.0,0.0
2,2,0.0,0.0,1.0,0.0,0.0,0.0,0.0,0.0,0.0,0.0,0.0
2,2,0.0,0.0,1.0,0.0,0.0,0.0,0.0,0.0,0.0,0.0,0.0
2,2,0.0,0.0,1.0,0.0,0.0,0.0,0.0,0.0,0.0,0.0,0.0
2,2,0.0,0.0,1.0,0.0,0.0,0.0,0.0,0.0,0.0,0.0,0.0
2,2,0.0,0.0,1.0,0.0,0.0,0.0,0.0,0.0,0.0,0.0,0.0
2,2,0.0,0.0,1.0,0.0,0.0,0.0,0.0,0.0,0.0,0.0,0.0
2,2,0.0,0.0,1.0,0.0,0.0,0.0,0.0,0.0,0.0,0.0,0.0
2,2,0.0,0.0,1.0,0.0,0.0,0.0,0.0,0.0,0.0,0.0,0.0
2,2,0.0,0.0,1.0,0.0,0.0,0.0,0.0,0.0,0.0,0.0,0.0
2,2,0.0,0.0,1.0,0.0,0.0,0.0,0.0,0.0,0.0,0.0,0.0
2,2,0.0,0.0,1.0,0.0,0.0,0.0,0.0,0.0,0.0,0.0,0.0
2,2,0.0,0.0,1.0,0.0,0.0,0.0,0.0,0.0,0.0,0.0,0.0
2,2,0.0,0.0,1.0,0.0,0.0,0.0,0.0,0.0,0.0,0.0,0.0
2,2,0.0,0.0,1.0,0.0,0.0,0.0,0.0,0.0,0.0,0.0,0.0
2,2,0.0,0.0,1.0,0.0,0.0,0.0,0.0,0.0,0.0,0.0,0.0
2,2,0.0,0.0,1.0,0.0,0.0,0.0,0.0,0.0,0.0,0.0,0.0
2,2,0.0,0.0,1.0,0.0,0.0,0.0,0.0,0.0,0.0,0.0,0.0
2,2,0.0,0.0,1.0,0.0,0.0,0.0,0.0,0.0,0.0,0.0,0.0
2,2,0.0,0.0,1.0,0.0,0.0,0.0,0.0,0.0,0.0,0.0,0.0
2,2,0.0,0.0,1.0,0.0,0.0,0.0,0.0,0.0,0.0,0.0,0.0
2,2,0.0,0.0,1.0,0.0,0.0,0.0,0.0,0.0,0.0,0.0,0.0
2,2,0.0,0.0,1.0,0.0,0.0,0.0,0.0,0.0,0.0,0.0,0.0
2,2,0.0,0.0,1.0,0.0,0.0,0.0,0.0,0.0,0.0,0.0,0.0
2,2,0.0,0.0,1.0,0.0,0.0,0.0,0.0,0.0,0.0,0.0,0.0
2,2,0.0,0.0,1.0,0.0,0.0,0.0,0.0,0.0,0.0,0.0,0.0
2,2,0.0,0.0,1.0,0.0,0.0,0.0,0.0,0.0,0.0,0.0,0.0
2,2,0.0,0.0,1.0,0.0,0.0,0.0,0.0,0.0,0.0,0.0,0.0
2,2,0.0,0.0,1.0,0.0,0.0,0.0,0.0,0.0,0.0,0.0,0.0
2,2,0.0,0.0,1.0,0.0,0.0,0.0,0.0,0.0,0.0,0.0,0.0
2,2,0.0,0.0,1.0,0.0,0.0,0.0,0.0,0.0,0.0,0.0,0.0
2,2,0.0,0.0,1.0,0.0,0.0,0.0,0.0,0.0,0.0,0.0,0.0
2,2,0.0,0.0,1.0,0.0,0.0,0.0,0.0,0.0,0.0,0.0,0.0
2,2,0.0,0.0,1.0,0.0,0.0,0.0,0.0,0.0,0.0,0.0,0.0
2,2,0.0,0.0,1.0,0.0,0.0,0.0,0.0,0.0,0.0,0.0,0.0
2,2,0.0,0.0,1.0,0.0,0.0,0.0,0.0,0.0,0.0,0.0,0.0
2,2,0.0,0.0,1.0,0.0,0.0,0.0,0.0,0.0,0.0,0.0,0.0
2,2,0.0,0.0,1.0,0.0,0.0,0.0,0.0,0.0,0.0,0.0,0.0
2,2,0.0,0.0,1.0,0.0,0.0,0.0,0.0,0.0,0.0,0.0,0.0
2,2,0.0,0.0,1.0,0.0,0.0,0.0,0.0,0.0,0.0,0.0,0.0
2,2,0.0,0.0,1.0,0.0,0.0,0.0,0.0,0.0,0.0,0.0,0.0
2,2,0.0,0.0,1.0,0.0,0.0,0.0,0.0,0.0,0.0,0.0,0.0
2,2,0.0,0.0,1.0,0.0,0.0,0.0,0.0,0.0,0.0,0.0,0.0
2,2,0.0,0.0,1.0,0.0,0.0,0.0,0.0,0.0,0.0,0.0,0.0
2,2,0.0,0.0,1.0,0.0,0.0,0.0,0.0,0.0,0.0,0.0,0.0
2,2,0.0,0.0,1.0,0.0,0.0,0.0,0.0,0.0,0.0,0.0,0.0
2,2,0.0,0.0,1.0,0.0,0.0,0.0,0.0,0.0,0.0,0.0,0.0
2,2,0.0,0.0,1.0,0.0,0.0,0.0,0.0,0.0,0.0,0.0,0.0
2,2,0.0,0.0,1.0,0.0,0.0,0.0,0.0,0.0,0.0,0.0,0.0
2,2,0.0,0.0,1.0,0.0,0.0,0.0,0.0,0.0,0.0,0.0,0.0
2,2,0.0,0.0,1.0,0.0,0.0,0.0,0.0,0.0,0.0,0.0,0.0
2,2,0.0,0.0,1.0,0.0,0.0,0.0,0.0,0.0,0.0,0.0,0.0
2,2,0.0,0.0,1.0,0.0,0.0,0.0,0.0,0.0,0.0,0.0,0.0
2,2,0.0,0.0,1.0,0.0,0.0,0.0,0.0,0.0,0.0,0.0,0.0
2,2,0.0,0.0,1.0,0.0,0.0,0.0,0.0,0.0,0.0,0.0,0.0
2,2,0.0,0.0,1.0,0.0,0.0,0.0,0.0,0.0,0.0,0.0,0.0
2,2,0.0,0.0,1.0,0.0,0.0,0.0,0.0,0.0,0.0,0.0,0.0
2,2,0.0,0.0,1.0,0.0,0.0,0.0,0.0,0.0,0.0,0.0,0.0
2,2,0.0,0.0,1.0,0.0,0.0,0.0,0.0,0.0,0.0,0.0,0.0
2,2,0.0,0.0,1.0,0.0,0.0,0.0,0.0,0.0,0.0,0.0,0.0
2,2,0.0,0.0,1.0,0.0,0.0,0.0,0.0,0.0,0.0,0.0,0.0
2,2,0.0,0.0,1.0,0.0,0.0,0.0,0.0,0.0,0.0,0.0,0.0
2,2,0.0,0.0,1.0,0.0,0.0,0.0,0.0,0.0,0.0,0.0,0.0
2,2,0.0,0.0,1.0,0.0,0.0,0.0,0.0,0.0,0.0,0.0,0.0
2,2,0.0,0.0,1.0,0.0,0.0,0.0,0.0,0.0,0.0,0.0,0.0
2,2,0.0,0.0,1.0,0.0,0.0,0.0,0.0,0.0,0.0,0.0,0.0
2,2,0.0,0.0,1.0,0.0,0.0,0.0,0.0,0.0,0.0,0.0,0.0
2,2,0.0,0.0,1.0,0.0,0.0,0.0,0.0,0.0,0.0,0.0,0.0
2,2,0.0,0.0,1.0,0.0,0.0,0.0,0.0,0.0,0.0,0.0,0.0
2,2,0.0,0.0,1.0,0.0,0.0,0.0,0.0,0.0,0.0,0.0,0.0
2,2,0.0,0.0,1.0,0.0,0.0,0.0,0.0,0.0,0.0,0.0,0.0
2,2,0.0,0.0,1.0,0.0,0.0,0.0,0.0,0.0,0.0,0.0,0.0
2,2,0.0,0.0,1.0,0.0,0.0,0.0,0.0,0.0,0.0,0.0,0.0
2,2,0.0,0.0,1.0,0.0,0.0,0.0,0.0,0.0,0.0,0.0,0.0
2,2,0.0,0.0,1.0,0.0,0.0,0.0,0.0,0.0,0.0,0.0,0.0
2,2,0.0,0.0,1.0,0.0,0.0,0.0,0.0,0.0,0.0,0.0,0.0
2,2,0.0,0.0,1.0,0.0,0.0,0.0,0.0,0.0,0.0,0.0,0.0
2,2,0.0,0.0,1.0,0.0,0.0,0.0,0.0,0.0,0.0,0.0,0.0
2,2,0.0,0.0,1.0,0.0,0.0,0.0,0.0,0.0,0.0,0.0,0.0
2,2,0.0,0.0,1.0,0.0,0.0,0.0,0.0,0.0,0.0,0.0,0.0
2,2,0.0,0.0,1.0,0.0,0.0,0.0,0.0,0.0,0.0,0.0,0.0
2,2,0.0,0.0,1.0,0.0,0.0,0.0,0.0,0.0,0.0,0.0,0.0
2,2,0.0,0.0,1.0,0.0,0.0,0.0,0.0,0.0,0.0,0.0,0.0
2,2,0.0,0.0,1.0,0.0,0.0,0.0,0.0,0.0,0.0,0.0,0.0
2,2,0.0,0.0,1.0,0.0,0.0,0.0,0.0,0.0,0.0,0.0,0.0
2,2,0.0,0.0,1.0,0.0,0.0,0.0,0.0,0.0,0.0,0.0,0.0
2,2,0.0,0.0,1.0,0.0,0.0,0.0,0.0,0.0,0.0,0.0,0.0
2,2,0.0,0.0,1.0,0.0,0.0,0.0,0.0,0.0,0.0,0.0,0.0
2,2,0.0,0.0,1.0,0.0,0.0,0.0,0.0,0.0,0.0,0.0,0.0
2,2,0.0,0.0,1.0,0.0,0.0,0.0,0.0,0.0,0.0,0.0,0.0
2,2,0.0,0.0,1.0,0.0,0.0,0.0,0.0,0.0,0.0,0.0,0.0
2,2,0.0,0.0,1.0,0.0,0.0,0.0,0.0,0.0,0.0,0.0,0.0
2,2,0.0,0.0,1.0,0.0,0.0,0.0,0.0,0.0,0.0,0.0,0.0
2,2,0.0,0.0,1.0,0.0,0.0,0.0,0.0,0.0,0.0,0.0,0.0
2,2,0.0,0.0,1.0,0.0,0.0,0.0,0.0,0.0,0.0,0.0,0.0
2,2,0.0,0.0,1.0,0.0,0.0,0.0,0.0,0.0,0.0,0.0,0.0
2,2,0.0,0.0,1.0,0.0,0.0,0.0,0.0,0.0,0.0,0.0,0.0
2,2,0.0,0.0,1.0,0.0,0.0,0.0,0.0,0.0,0.0,0.0,0.0
2,2,0.0,0.0,1.0,0.0,0.0,0.0,0.0,0.0,0.0,0.0,0.0
2,2,0.0,0.0,1.0,0.0,0.0,0.0,0.0,0.0,0.0,0.0,0.0
2,2,0.0,0.0,1.0,0.0,0.0,0.0,0.0,0.0,0.0,0.0,0.0
2,2,0.0,0.0,1.0,0.0,0.0,0.0,0.0,0.0,0.0,0.0,0.0
2,2,0.0,0.0,1.0,0.0,0.0,0.0,0.0,0.0,0.0,0.0,0.0
2,2,0.0,0.0,1.0,0.0,0.0,0.0,0.0,0.0,0.0,0.0,0.0
2,2,0.0,0.0,1.0,0.0,0.0,0.0,0.0,0.0,0.0,0.0,0.0
2,2,0.0,0.0,1.0,0.0,0.0,0.0,0.0,0.0,0.0,0.0,0.0
2,2,0.0,0.0,1.0,0.0,0.0,0.0,0.0,0.0,0.0,0.0,0.0
2,2,0.0,0.0,1.0,0.0,0.0,0.0,0.0,0.0,0.0,0.0,0.0
2,2,0.0,0.0,1.0,0.0,0.0,0.0,0.0,0.0,0.0,0.0,0.0
2,2,0.0,0.0,1.0,0.0,0.0,0.0,0.0,0.0,0.0,0.0,0.0
2,2,0.0,0.0,1.0,0.0,0.0,0.0,0.0,0.0,0.0,0.0,0.0
2,2,0.0,0.0,1.0,0.0,0.0,0.0,0.0,0.0,0.0,0.0,0.0
2,2,0.0,0.0,1.0,0.0,0.0,0.0,0.0,0.0,0.0,0.0,0.0
2,2,0.0,0.0,1.0,0.0,0.0,0.0,0.0,0.0,0.0,0.0,0.0
2,2,0.0,0.0,1.0,0.0,0.0,0.0,0.0,0.0,0.0,0.0,0.0
2,2,0.0,0.0,1.0,0.0,0.0,0.0,0.0,0.0,0.0,0.0,0.0
2,2,0.0,0.0,1.0,0.0,0.0,0.0,0.0,0.0,0.0,0.0,0.0
2,2,0.0,0.0,1.0,0.0,0.0,0.0,0.0,0.0,0.0,0.0,0.0
2,2,0.0,0.0,1.0,0.0,0.0,0.0,0.0,0.0,0.0,0.0,0.0
2,2,0.0,0.0,1.0,0.0,0.0,0.0,0.0,0.0,0.0,0.0,0.0
2,2,0.0,0.0,1.0,0.0,0.0,0.0,0.0,0.0,0.0,0.0,0.0
2,2,0.0,0.0,1.0,0.0,0.0,0.0,0.0,0.0,0.0,0.0,0.0
2,2,0.0,0.0,1.0,0.0,0.0,0.0,0.0,0.0,0.0,0.0,0.0
2,2,0.0,0.0,1.0,0.0,0.0,0.0,0.0,0.0,0.0,0.0,0.0
2,2,0.0,0.0,1.0,0.0,0.0,0.0,0.0,0.0,0.0,0.0,0.0
2,2,0.0,0.0,1.0,0.0,0.0,0.0,0.0,0.0,0.0,0.0,0.0
2,2,0.0,0.0,1.0,0.0,0.0,0.0,0.0,0.0,0.0,0.0,0.0
2,2,0.0,0.0,1.0,0.0,0.0,0.0,0.0,0.0,0.0,0.0,0.0
2,2,0.0,0.0,1.0,0.0,0.0,0.0,0.0,0.0,0.0,0.0,0.0
2,2,0.0,0.0,1.0,0.0,0.0,0.0,0.0,0.0,0.0,0.0,0.0
2,2,0.0,0.0,1.0,0.0,0.0,0.0,0.0,0.0,0.0,0.0,0.0
2,2,0.0,0.0,1.0,0.0,0.0,0.0,0.0,0.0,0.0,0.0,0.0
2,2,0.0,0.0,1.0,0.0,0.0,0.0,0.0,0.0,0.0,0.0,0.0
2,2,0.0,0.0,1.0,0.0,0.0,0.0,0.0,0.0,0.0,0.0,0.0
2,2,0.0,0.0,1.0,0.0,0.0,0.0,0.0,0.0,0.0,0.0,0.0
2,2,0.0,0.0,1.0,0.0,0.0,0.0,0.0,0.0,0.0,0.0,0.0
2,2,0.0,0.0,1.0,0.0,0.0,0.0,0.0,0.0,0.0,0.0,0.0
2,2,0.0,0.0,1.0,0.0,0.0,0.0,0.0,0.0,0.0,0.0,0.0
2,2,0.0,0.0,1.0,0.0,0.0,0.0,0.0,0.0,0.0,0.0,0.0
2,2,0.0,0.0,1.0,0.0,0.0,0.0,0.0,0.0,0.0,0.0,0.0
2,2,0.0,0.0,1.0,0.0,0.0,0.0,0.0,0.0,0.0,0.0,0.0
2,2,0.0,0.0,1.0,0.0,0.0,0.0,0.0,0.0,0.0,0.0,0.0
2,2,0.0,0.0,1.0,0.0,0.0,0.0,0.0,0.0,0.0,0.0,0.0
2,2,0.0,0.0,1.0,0.0,0.0,0.0,0.0,0.0,0.0,0.0,0.0
2,2,0.0,0.0,1.0,0.0,0.0,0.0,0.0,0.0,0.0,0.0,0.0
2,2,0.0,0.0,1.0,0.0,0.0,0.0,0.0,0.0,0.0,0.0,0.0
2,2,0.0,0.0,1.0,0.0,0.0,0.0,0.0,0.0,0.0,0.0,0.0
2,2,0.0,0.0,1.0,0.0,0.0,0.0,0.0,0.0,0.0,0.0,0.0
2,2,0.0,0.0,1.0,0.0,0.0,0.0,0.0,0.0,0.0,0.0,0.0
2,2,0.0,0.0,1.0,0.0,0.0,0.0,0.0,0.0,0.0,0.0,0.0
2,2,0.0625,0.0,0.9375,0.0,0.0,0.0,0.0,0.0,0.0,0.0,0.0
2,2,0.0625,0.0,0.9375,0.0,0.0,0.0,0.0,0.0,0.0,0.0,0.0
2,2,0.0625,0.0,0.9375,0.0,0.0,0.0,0.0,0.0,0.0,0.0,0.0
2,2,0.0625,0.0,0.9375,0.0,0.0,0.0,0.0,0.0,0.0,0.0,0.0
2,2,0.0625,0.0,0.9375,0.0,0.0,0.0,0.0,0.0,0.0,0.0,0.0
2,2,0.0625,0.0,0.9375,0.0,0.0,0.0,0.0,0.0,0.0,0.0,0.0
2,2,0.0625,0.0,0.9375,0.0,0.0,0.0,0.0,0.0,0.0,0.0,0.0
2,2,0.0625,0.0,0.9375,0.0,0.0,0.0,0.0,0.0,0.0,0.0,0.0
2,2,0.0625,0.0,0.9375,0.0,0.0,0.0,0.0,0.0,0.0,0.0,0.0
2,2,0.0625,0.0,0.9375,0.0,0.0,0.0,0.0,0.0,0.0,0.0,0.0
2,2,0.0625,0.0,0.9375,0.0,0.0,0.0,0.0,0.0,0.0,0.0,0.0
2,2,0.0625,0.0,0.9375,0.0,0.0,0.0,0.0,0.0,0.0,0.0,0.0
2,2,0.0625,0.0,0.9375,0.0,0.0,0.0,0.0,0.0,0.0,0.0,0.0
2,2,0.0625,0.0,0.9375,0.0,0.0,0.0,0.0,0.0,0.0,0.0,0.0
2,2,0.0625,0.0,0.9375,0.0,0.0,0.0,0.0,0.0,0.0,0.0,0.0
2,2,0.0625,0.0,0.9375,0.0,0.0,0.0,0.0,0.0,0.0,0.0,0.0
2,2,0.0625,0.0,0.9375,0.0,0.0,0.0,0.0,0.0,0.0,0.0,0.0
2,2,0.0625,0.0,0.9375,0.0,0.0,0.0,0.0,0.0,0.0,0.0,0.0
2,2,0.0625,0.0,0.9375,0.0,0.0,0.0,0.0,0.0,0.0,0.0,0.0
2,2,0.0625,0.0,0.9375,0.0,0.0,0.0,0.0,0.0,0.0,0.0,0.0
2,2,0.0625,0.0,0.9375,0.0,0.0,0.0,0.0,0.0,0.0,0.0,0.0
2,2,0.0625,0.0,0.9375,0.0,0.0,0.0,0.0,0.0,0.0,0.0,0.0
2,2,0.0625,0.0,0.9375,0.0,0.0,0.0,0.0,0.0,0.0,0.0,0.0
2,2,0.0625,0.0,0.9375,0.0,0.0,0.0,0.0,0.0,0.0,0.0,0.0
2,2,0.0625,0.0,0.9375,0.0,0.0,0.0,0.0,0.0,0.0,0.0,0.0
2,2,0.0625,0.0,0.9375,0.0,0.0,0.0,0.0,0.0,0.0,0.0,0.0
2,2,0.0625,0.0,0.9375,0.0,0.0,0.0,0.0,0.0,0.0,0.0,0.0
2,2,0.0625,0.0,0.9375,0.0,0.0,0.0,0.0,0.0,0.0,0.0,0.0
2,2,0.0625,0.0,0.9375,0.0,0.0,0.0,0.0,0.0,0.0,0.0,0.0
2,2,0.0625,0.0,0.9375,0.0,0.0,0.0,0.0,0.0,0.0,0.0,0.0
2,2,0.0625,0.0,0.9375,0.0,0.0,0.0,0.0,0.0,0.0,0.0,0.0
2,2,0.0625,0.0,0.9375,0.0,0.0,0.0,0.0,0.0,0.0,0.0,0.0
2,2,0.0625,0.0,0.9375,0.0,0.0,0.0,0.0,0.0,0.0,0.0,0.0
2,2,0.0625,0.0,0.9375,0.0,0.0,0.0,0.0,0.0,0.0,0.0,0.0
2,2,0.0625,0.0,0.9375,0.0,0.0,0.0,0.0,0.0,0.0,0.0,0.0
2,2,0.0625,0.0,0.9375,0.0,0.0,0.0,0.0,0.0,0.0,0.0,0.0
2,2,0.0625,0.0,0.9375,0.0,0.0,0.0,0.0,0.0,0.0,0.0,0.0
2,2,0.0625,0.0,0.9375,0.0,0.0,0.0,0.0,0.0,0.0,0.0,0.0
2,2,0.0625,0.0,0.9375,0.0,0.0,0.0,0.0,0.0,0.0,0.0,0.0
2,2,0.0625,0.0,0.9375,0.0,0.0,0.0,0.0,0.0,0.0,0.0,0.0
2,2,0.0625,0.0,0.9375,0.0,0.0,0.0,0.0,0.0,0.0,0.0,0.0
2,2,0.0625,0.0,0.9375,0.0,0.0,0.0,0.0,0.0,0.0,0.0,0.0
2,2,0.0,0.0,1.0,0.0,0.0,0.0,0.0,0.0,0.0,0.0,0.0
2,2,0.0,0.0,1.0,0.0,0.0,0.0,0.0,0.0,0.0,0.0,0.0
2,2,0.0,0.0,1.0,0.0,0.0,0.0,0.0,0.0,0.0,0.0,0.0
2,2,0.0,0.0,1.0,0.0,0.0,0.0,0.0,0.0,0.0,0.0,0.0
2,2,0.0,0.0,1.0,0.0,0.0,0.0,0.0,0.0,0.0,0.0,0.0
2,2,0.0,0.0,1.0,0.0,0.0,0.0,0.0,0.0,0.0,0.0,0.0
2,2,0.0,0.0,1.0,0.0,0.0,0.0,0.0,0.0,0.0,0.0,0.0
2,2,0.0,0.0,1.0,0.0,0.0,0.0,0.0,0.0,0.0,0.0,0.0
2,2,0.0,0.0,1.0,0.0,0.0,0.0,0.0,0.0,0.0,0.0,0.0
2,2,0.0,0.0,1.0,0.0,0.0,0.0,0.0,0.0,0.0,0.0,0.0
2,2,0.0,0.0,1.0,0.0,0.0,0.0,0.0,0.0,0.0,0.0,0.0
2,2,0.0,0.0,1.0,0.0,0.0,0.0,0.0,0.0,0.0,0.0,0.0
2,2,0.0,0.0,1.0,0.0,0.0,0.0,0.0,0.0,0.0,0.0,0.0
2,2,0.0,0.0,1.0,0.0,0.0,0.0,0.0,0.0,0.0,0.0,0.0
2,2,0.0,0.0,1.0,0.0,0.0,0.0,0.0,0.0,0.0,0.0,0.0
2,2,0.0,0.0,1.0,0.0,0.0,0.0,0.0,0.0,0.0,0.0,0.0
2,2,0.0,0.0,1.0,0.0,0.0,0.0,0.0,0.0,0.0,0.0,0.0
2,2,0.0,0.0,1.0,0.0,0.0,0.0,0.0,0.0,0.0,0.0,0.0
2,2,0.0,0.0,1.0,0.0,0.0,0.0,0.0,0.0,0.0,0.0,0.0
2,2,0.0,0.0,1.0,0.0,0.0,0.0,0.0,0.0,0.0,0.0,0.0
2,2,0.0,0.0,1.0,0.0,0.0,0.0,0.0,0.0,0.0,0.0,0.0
2,2,0.0,0.0,1.0,0.0,0.0,0.0,0.0,0.0,0.0,0.0,0.0
2,2,0.0,0.0,1.0,0.0,0.0,0.0,0.0,0.0,0.0,0.0,0.0
2,2,0.0,0.0,1.0,0.0,0.0,0.0,0.0,0.0,0.0,0.0,0.0
2,2,0.0,0.0,1.0,0.0,0.0,0.0,0.0,0.0,0.0,0.0,0.0
2,2,0.0,0.0,1.0,0.0,0.0,0.0,0.0,0.0,0.0,0.0,0.0
2,2,0.0,0.0,1.0,0.0,0.0,0.0,0.0,0.0,0.0,0.0,0.0
2,2,0.0,0.0,1.0,0.0,0.0,0.0,0.0,0.0,0.0,0.0,0.0
2,2,0.0,0.0,1.0,0.0,0.0,0.0,0.0,0.0,0.0,0.0,0.0
2,2,0.0,0.0,1.0,0.0,0.0,0.0,0.0,0.0,0.0,0.0,0.0
2,2,0.0,0.0,1.0,0.0,0.0,0.0,0.0,0.0,0.0,0.0,0.0
2,2,0.0,0.0,1.0,0.0,0.0,0.0,0.0,0.0,0.0,0.0,0.0
2,2,0.0,0.0,1.0,0.0,0.0,0.0,0.0,0.0,0.0,0.0,0.0
2,2,0.0,0.0,1.0,0.0,0.0,0.0,0.0,0.0,0.0,0.0,0.0
2,2,0.0,0.0,1.0,0.0,0.0,0.0,0.0,0.0,0.0,0.0,0.0
2,2,0.0,0.0,1.0,0.0,0.0,0.0,0.0,0.0,0.0,0.0,0.0
2,2,0.0,0.0,1.0,0.0,0.0,0.0,0.0,0.0,0.0,0.0,0.0
2,2,0.0,0.0,1.0,0.0,0.0,0.0,0.0,0.0,0.0,0.0,0.0
2,2,0.0,0.0,1.0,0.0,0.0,0.0,0.0,0.0,0.0,0.0,0.0
2,2,0.0,0.0,1.0,0.0,0.0,0.0,0.0,0.0,0.0,0.0,0.0
2,2,0.0,0.0,1.0,0.0,0.0,0.0,0.0,0.0,0.0,0.0,0.0
2,2,0.0,0.0,1.0,0.0,0.0,0.0,0.0,0.0,0.0,0.0,0.0
2,2,0.0,0.0,1.0,0.0,0.0,0.0,0.0,0.0,0.0,0.0,0.0
2,2,0.0,0.0,1.0,0.0,0.0,0.0,0.0,0.0,0.0,0.0,0.0
2,2,0.0,0.0,1.0,0.0,0.0,0.0,0.0,0.0,0.0,0.0,0.0
2,2,0.0,0.0,1.0,0.0,0.0,0.0,0.0,0.0,0.0,0.0,0.0
2,2,0.0,0.0,1.0,0.0,0.0,0.0,0.0,0.0,0.0,0.0,0.0
2,2,0.0,0.0,1.0,0.0,0.0,0.0,0.0,0.0,0.0,0.0,0.0
2,2,0.0,0.0,1.0,0.0,0.0,0.0,0.0,0.0,0.0,0.0,0.0
2,2,0.0,0.0,1.0,0.0,0.0,0.0,0.0,0.0,0.0,0.0,0.0
2,2,0.0,0.0,1.0,0.0,0.0,0.0,0.0,0.0,0.0,0.0,0.0
2,2,0.0,0.0,1.0,0.0,0.0,0.0,0.0,0.0,0.0,0.0,0.0
2,2,0.0,0.0,1.0,0.0,0.0,0.0,0.0,0.0,0.0,0.0,0.0
2,2,0.0,0.0,1.0,0.0,0.0,0.0,0.0,0.0,0.0,0.0,0.0
2,2,0.0,0.0,1.0,0.0,0.0,0.0,0.0,0.0,0.0,0.0,0.0
2,2,0.0,0.0,1.0,0.0,0.0,0.0,0.0,0.0,0.0,0.0,0.0
2,2,0.0,0.0,1.0,0.0,0.0,0.0,0.0,0.0,0.0,0.0,0.0
2,2,0.0,0.0,1.0,0.0,0.0,0.0,0.0,0.0,0.0,0.0,0.0
2,2,0.0,0.0,1.0,0.0,0.0,0.0,0.0,0.0,0.0,0.0,0.0
2,2,0.0,0.0,1.0,0.0,0.0,0.0,0.0,0.0,0.0,0.0,0.0
2,2,0.0,0.0,1.0,0.0,0.0,0.0,0.0,0.0,0.0,0.0,0.0
2,2,0.0,0.0,1.0,0.0,0.0,0.0,0.0,0.0,0.0,0.0,0.0
2,2,0.0,0.0,1.0,0.0,0.0,0.0,0.0,0.0,0.0,0.0,0.0
2,2,0.0,0.0,1.0,0.0,0.0,0.0,0.0,0.0,0.0,0.0,0.0
2,2,0.0,0.0,1.0,0.0,0.0,0.0,0.0,0.0,0.0,0.0,0.0
2,2,0.0,0.0,1.0,0.0,0.0,0.0,0.0,0.0,0.0,0.0,0.0
2,2,0.0,0.0,1.0,0.0,0.0,0.0,0.0,0.0,0.0,0.0,0.0
2,2,0.0,0.0,1.0,0.0,0.0,0.0,0.0,0.0,0.0,0.0,0.0
2,2,0.0,0.0,1.0,0.0,0.0,0.0,0.0,0.0,0.0,0.0,0.0
2,2,0.0,0.0,1.0,0.0,0.0,0.0,0.0,0.0,0.0,0.0,0.0
2,2,0.0,0.0,1.0,0.0,0.0,0.0,0.0,0.0,0.0,0.0,0.0
2,2,0.0,0.0,1.0,0.0,0.0,0.0,0.0,0.0,0.0,0.0,0.0
2,2,0.0,0.0,1.0,0.0,0.0,0.0,0.0,0.0,0.0,0.0,0.0
2,2,0.0,0.0,1.0,0.0,0.0,0.0,0.0,0.0,0.0,0.0,0.0
2,2,0.0,0.0,1.0,0.0,0.0,0.0,0.0,0.0,0.0,0.0,0.0
2,2,0.0,0.0,1.0,0.0,0.0,0.0,0.0,0.0,0.0,0.0,0.0
2,2,0.0,0.0,1.0,0.0,0.0,0.0,0.0,0.0,0.0,0.0,0.0
2,2,0.0,0.0,1.0,0.0,0.0,0.0,0.0,0.0,0.0,0.0,0.0
2,2,0.0,0.0,1.0,0.0,0.0,0.0,0.0,0.0,0.0,0.0,0.0
2,2,0.0,0.0,1.0,0.0,0.0,0.0,0.0,0.0,0.0,0.0,0.0
2,2,0.0,0.0,1.0,0.0,0.0,0.0,0.0,0.0,0.0,0.0,0.0
2,2,0.0,0.0,1.0,0.0,0.0,0.0,0.0,0.0,0.0,0.0,0.0
2,2,0.0,0.0,1.0,0.0,0.0,0.0,0.0,0.0,0.0,0.0,0.0
2,2,0.0,0.0,1.0,0.0,0.0,0.0,0.0,0.0,0.0,0.0,0.0
2,2,0.0625,0.0,0.9375,0.0,0.0,0.0,0.0,0.0,0.0,0.0,0.0
2,2,0.0625,0.0,0.9375,0.0,0.0,0.0,0.0,0.0,0.0,0.0,0.0
2,2,0.0625,0.0,0.9375,0.0,0.0,0.0,0.0,0.0,0.0,0.0,0.0
2,2,0.0625,0.0,0.9375,0.0,0.0,0.0,0.0,0.0,0.0,0.0,0.0
2,2,0.0625,0.0,0.9375,0.0,0.0,0.0,0.0,0.0,0.0,0.0,0.0
2,2,0.0625,0.0,0.9375,0.0,0.0,0.0,0.0,0.0,0.0,0.0,0.0
2,2,0.0625,0.0,0.9375,0.0,0.0,0.0,0.0,0.0,0.0,0.0,0.0
2,2,0.0625,0.0,0.9375,0.0,0.0,0.0,0.0,0.0,0.0,0.0,0.0
2,2,0.0625,0.0,0.9375,0.0,0.0,0.0,0.0,0.0,0.0,0.0,0.0
2,2,0.0625,0.0,0.9375,0.0,0.0,0.0,0.0,0.0,0.0,0.0,0.0
2,2,0.0625,0.0,0.9375,0.0,0.0,0.0,0.0,0.0,0.0,0.0,0.0
2,2,0.0625,0.0,0.9375,0.0,0.0,0.0,0.0,0.0,0.0,0.0,0.0
2,2,0.0625,0.0,0.9375,0.0,0.0,0.0,0.0,0.0,0.0,0.0,0.0
2,2,0.0625,0.0,0.9375,0.0,0.0,0.0,0.0,0.0,0.0,0.0,0.0
2,2,0.0625,0.0,0.9375,0.0,0.0,0.0,0.0,0.0,0.0,0.0,0.0
2,2,0.0625,0.0,0.9375,0.0,0.0,0.0,0.0,0.0,0.0,0.0,0.0
2,2,0.0625,0.0,0.9375,0.0,0.0,0.0,0.0,0.0,0.0,0.0,0.0
2,2,0.0625,0.0,0.9375,0.0,0.0,0.0,0.0,0.0,0.0,0.0,0.0
2,2,0.0625,0.0,0.9375,0.0,0.0,0.0,0.0,0.0,0.0,0.0,0.0
2,2,0.0625,0.0,0.9375,0.0,0.0,0.0,0.0,0.0,0.0,0.0,0.0
2,2,0.0625,0.0,0.9375,0.0,0.0,0.0,0.0,0.0,0.0,0.0,0.0
2,2,0.0625,0.0,0.9375,0.0,0.0,0.0,0.0,0.0,0.0,0.0,0.0
2,2,0.0625,0.0,0.9375,0.0,0.0,0.0,0.0,0.0,0.0,0.0,0.0
2,2,0.0625,0.0,0.9375,0.0,0.0,0.0,0.0,0.0,0.0,0.0,0.0
2,2,0.0625,0.0,0.9375,0.0,0.0,0.0,0.0,0.0,0.0,0.0,0.0
2,2,0.0625,0.0,0.9375,0.0,0.0,0.0,0.0,0.0,0.0,0.0,0.0
2,2,0.0625,0.0,0.9375,0.0,0.0,0.0,0.0,0.0,0.0,0.0,0.0
2,2,0.0625,0.0,0.9375,0.0,0.0,0.0,0.0,0.0,0.0,0.0,0.0
2,2,0.0625,0.0,0.9375,0.0,0.0,0.0,0.0,0.0,0.0,0.0,0.0
2,2,0.0625,0.0,0.9375,0.0,0.0,0.0,0.0,0.0,0.0,0.0,0.0
2,2,0.0625,0.0,0.9375,0.0,0.0,0.0,0.0,0.0,0.0,0.0,0.0
2,2,0.0625,0.0,0.9375,0.0,0.0,0.0,0.0,0.0,0.0,0.0,0.0
2,2,0.0625,0.0,0.9375,0.0,0.0,0.0,0.0,0.0,0.0,0.0,0.0
2,2,0.0625,0.0,0.9375,0.0,0.0,0.0,0.0,0.0,0.0,0.0,0.0
2,2,0.0625,0.0,0.9375,0.0,0.0,0.0,0.0,0.0,0.0,0.0,0.0
2,2,0.0625,0.0,0.9375,0.0,0.0,0.0,0.0,0.0,0.0,0.0,0.0
2,2,0.0625,0.0,0.9375,0.0,0.0,0.0,0.0,0.0,0.0,0.0,0.0
2,2,0.0625,0.0,0.9375,0.0,0.0,0.0,0.0,0.0,0.0,0.0,0.0
2,2,0.0625,0.0,0.9375,0.0,0.0,0.0,0.0,0.0,0.0,0.0,0.0
2,2,0.0625,0.0,0.9375,0.0,0.0,0.0,0.0,0.0,0.0,0.0,0.0
2,2,0.0625,0.0,0.9375,0.0,0.0,0.0,0.0,0.0,0.0,0.0,0.0
2,2,0.0625,0.0,0.9375,0.0,0.0,0.0,0.0,0.0,0.0,0.0,0.0
2,2,0.0625,0.0,0.9375,0.0,0.0,0.0,0.0,0.0,0.0,0.0,0.0
2,2,0.0625,0.0,0.9375,0.0,0.0,0.0,0.0,0.0,0.0,0.0,0.0
2,2,0.0625,0.0,0.9375,0.0,0.0,0.0,0.0,0.0,0.0,0.0,0.0
2,2,0.0625,0.0,0.9375,0.0,0.0,0.0,0.0,0.0,0.0,0.0,0.0
2,2,0.0625,0.0,0.9375,0.0,0.0,0.0,0.0,0.0,0.0,0.0,0.0
2,2,0.0625,0.0,0.9375,0.0,0.0,0.0,0.0,0.0,0.0,0.0,0.0
2,2,0.0625,0.0,0.9375,0.0,0.0,0.0,0.0,0.0,0.0,0.0,0.0
2,2,0.0625,0.0,0.9375,0.0,0.0,0.0,0.0,0.0,0.0,0.0,0.0
2,2,0.0625,0.0,0.9375,0.0,0.0,0.0,0.0,0.0,0.0,0.0,0.0
2,2,0.0625,0.0,0.9375,0.0,0.0,0.0,0.0,0.0,0.0,0.0,0.0
2,2,0.0625,0.0,0.9375,0.0,0.0,0.0,0.0,0.0,0.0,0.0,0.0
2,2,0.0625,0.0,0.9375,0.0,0.0,0.0,0.0,0.0,0.0,0.0,0.0
2,2,0.0625,0.0,0.9375,0.0,0.0,0.0,0.0,0.0,0.0,0.0,0.0
2,2,0.0625,0.0,0.9375,0.0,0.0,0.0,0.0,0.0,0.0,0.0,0.0
2,2,0.0625,0.0,0.9375,0.0,0.0,0.0,0.0,0.0,0.0,0.0,0.0
2,2,0.0625,0.0,0.9375,0.0,0.0,0.0,0.0,0.0,0.0,0.0,0.0
2,2,0.0625,0.0,0.9375,0.0,0.0,0.0,0.0,0.0,0.0,0.0,0.0
2,2,0.0625,0.0,0.9375,0.0,0.0,0.0,0.0,0.0,0.0,0.0,0.0
2,2,0.0625,0.0,0.9375,0.0,0.0,0.0,0.0,0.0,0.0,0.0,0.0
2,2,0.0625,0.0,0.9375,0.0,0.0,0.0,0.0,0.0,0.0,0.0,0.0
2,2,0.0625,0.0,0.9375,0.0,0.0,0.0,0.0,0.0,0.0,0.0,0.0
2,2,0.0625,0.0,0.9375,0.0,0.0,0.0,0.0,0.0,0.0,0.0,0.0
2,2,0.0625,0.0,0.9375,0.0,0.0,0.0,0.0,0.0,0.0,0.0,0.0
2,2,0.0625,0.0,0.9375,0.0,0.0,0.0,0.0,0.0,0.0,0.0,0.0
2,2,0.0625,0.0,0.9375,0.0,0.0,0.0,0.0,0.0,0.0,0.0,0.0
2,2,0.0625,0.0,0.9375,0.0,0.0,0.0,0.0,0.0,0.0,0.0,0.0
2,2,0.0625,0.0,0.9375,0.0,0.0,0.0,0.0,0.0,0.0,0.0,0.0
2,2,0.0625,0.0,0.9375,0.0,0.0,0.0,0.0,0.0,0.0,0.0,0.0
2,2,0.0625,0.0,0.9375,0.0,0.0,0.0,0.0,0.0,0.0,0.0,0.0
2,2,0.0625,0.0,0.9375,0.0,0.0,0.0,0.0,0.0,0.0,0.0,0.0
2,2,0.0625,0.0,0.9375,0.0,0.0,0.0,0.0,0.0,0.0,0.0,0.0
2,2,0.0625,0.0,0.9375,0.0,0.0,0.0,0.0,0.0,0.0,0.0,0.0
2,2,0.0625,0.0,0.9375,0.0,0.0,0.0,0.0,0.0,0.0,0.0,0.0
2,2,0.0625,0.0,0.9375,0.0,0.0,0.0,0.0,0.0,0.0,0.0,0.0
2,2,0.0625,0.0,0.9375,0.0,0.0,0.0,0.0,0.0,0.0,0.0,0.0
2,2,0.0625,0.0,0.9375,0.0,0.0,0.0,0.0,0.0,0.0,0.0,0.0
2,2,0.0625,0.0,0.9375,0.0,0.0,0.0,0.0,0.0,0.0,0.0,0.0
2,2,0.0625,0.0,0.9375,0.0,0.0,0.0,0.0,0.0,0.0,0.0,0.0
2,2,0.0625,0.0,0.9375,0.0,0.0,0.0,0.0,0.0,0.0,0.0,0.0
2,2,0.0625,0.0,0.9375,0.0,0.0,0.0,0.0,0.0,0.0,0.0,0.0
2,2,0.0625,0.0,0.9375,0.0,0.0,0.0,0.0,0.0,0.0,0.0,0.0
2,2,0.0625,0.0,0.9375,0.0,0.0,0.0,0.0,0.0,0.0,0.0,0.0
2,2,0.0625,0.0,0.9375,0.0,0.0,0.0,0.0,0.0,0.0,0.0,0.0
2,2,0.0625,0.0,0.9375,0.0,0.0,0.0,0.0,0.0,0.0,0.0,0.0
2,2,0.0625,0.0,0.9375,0.0,0.0,0.0,0.0,0.0,0.0,0.0,0.0
2,2,0.0625,0.0,0.9375,0.0,0.0,0.0,0.0,0.0,0.0,0.0,0.0
2,2,0.0625,0.0,0.9375,0.0,0.0,0.0,0.0,0.0,0.0,0.0,0.0
2,2,0.0625,0.0,0.9375,0.0,0.0,0.0,0.0,0.0,0.0,0.0,0.0
2,2,0.0625,0.0,0.9375,0.0,0.0,0.0,0.0,0.0,0.0,0.0,0.0
2,2,0.0625,0.0,0.9375,0.0,0.0,0.0,0.0,0.0,0.0,0.0,0.0
2,2,0.0625,0.0,0.9375,0.0,0.0,0.0,0.0,0.0,0.0,0.0,0.0
2,2,0.0625,0.0,0.9375,0.0,0.0,0.0,0.0,0.0,0.0,0.0,0.0
2,2,0.0625,0.0,0.9375,0.0,0.0,0.0,0.0,0.0,0.0,0.0,0.0
2,2,0.0625,0.0,0.9375,0.0,0.0,0.0,0.0,0.0,0.0,0.0,0.0
2,2,0.0625,0.0,0.9375,0.0,0.0,0.0,0.0,0.0,0.0,0.0,0.0
2,2,0.0625,0.0,0.9375,0.0,0.0,0.0,0.0,0.0,0.0,0.0,0.0
2,2,0.0625,0.0,0.9375,0.0,0.0,0.0,0.0,0.0,0.0,0.0,0.0
2,2,0.0625,0.0,0.9375,0.0,0.0,0.0,0.0,0.0,0.0,0.0,0.0
2,2,0.0625,0.0,0.9375,0.0,0.0,0.0,0.0,0.0,0.0,0.0,0.0
2,2,0.0625,0.0,0.9375,0.0,0.0,0.0,0.0,0.0,0.0,0.0,0.0
2,2,0.0625,0.0,0.9375,0.0,0.0,0.0,0.0,0.0,0.0,0.0,0.0
2,2,0.0625,0.0,0.9375,0.0,0.0,0.0,0.0,0.0,0.0,0.0,0.0
2,2,0.0625,0.0,0.9375,0.0,0.0,0.0,0.0,0.0,0.0,0.0,0.0
2,2,0.0625,0.0,0.9375,0.0,0.0,0.0,0.0,0.0,0.0,0.0,0.0
2,2,0.0625,0.0,0.9375,0.0,0.0,0.0,0.0,0.0,0.0,0.0,0.0
2,2,0.0625,0.0,0.9375,0.0,0.0,0.0,0.0,0.0,0.0,0.0,0.0
2,2,0.0625,0.0,0.9375,0.0,0.0,0.0,0.0,0.0,0.0,0.0,0.0
2,2,0.0625,0.0,0.9375,0.0,0.0,0.0,0.0,0.0,0.0,0.0,0.0
2,2,0.0625,0.0,0.9375,0.0,0.0,0.0,0.0,0.0,0.0,0.0,0.0
2,2,0.0625,0.0,0.9375,0.0,0.0,0.0,0.0,0.0,0.0,0.0,0.0
2,2,0.0625,0.0,0.9375,0.0,0.0,0.0,0.0,0.0,0.0,0.0,0.0
2,2,0.0625,0.0,0.9375,0.0,0.0,0.0,0.0,0.0,0.0,0.0,0.0
2,2,0.0625,0.0,0.9375,0.0,0.0,0.0,0.0,0.0,0.0,0.0,0.0
2,2,0.0625,0.0,0.9375,0.0,0.0,0.0,0.0,0.0,0.0,0.0,0.0
2,2,0.0625,0.0,0.9375,0.0,0.0,0.0,0.0,0.0,0.0,0.0,0.0
2,2,0.0625,0.0,0.9375,0.0,0.0,0.0,0.0,0.0,0.0,0.0,0.0
2,2,0.0625,0.0,0.9375,0.0,0.0,0.0,0.0,0.0,0.0,0.0,0.0
2,2,0.0625,0.0,0.9375,0.0,0.0,0.0,0.0,0.0,0.0,0.0,0.0
2,2,0.0625,0.0,0.9375,0.0,0.0,0.0,0.0,0.0,0.0,0.0,0.0
2,2,0.0625,0.0,0.9375,0.0,0.0,0.0,0.0,0.0,0.0,0.0,0.0
2,2,0.0625,0.0,0.9375,0.0,0.0,0.0,0.0,0.0,0.0,0.0,0.0
2,2,0.0625,0.0,0.9375,0.0,0.0,0.0,0.0,0.0,0.0,0.0,0.0
2,2,0.0625,0.0,0.9375,0.0,0.0,0.0,0.0,0.0,0.0,0.0,0.0
2,2,0.0625,0.0,0.9375,0.0,0.0,0.0,0.0,0.0,0.0,0.0,0.0
2,2,0.0625,0.0,0.9375,0.0,0.0,0.0,0.0,0.0,0.0,0.0,0.0
2,2,0.0625,0.0,0.9375,0.0,0.0,0.0,0.0,0.0,0.0,0.0,0.0
2,2,0.0625,0.0,0.9375,0.0,0.0,0.0,0.0,0.0,0.0,0.0,0.0
2,2,0.0625,0.0,0.9375,0.0,0.0,0.0,0.0,0.0,0.0,0.0,0.0
2,2,0.0625,0.0,0.9375,0.0,0.0,0.0,0.0,0.0,0.0,0.0,0.0
2,2,0.0625,0.0,0.9375,0.0,0.0,0.0,0.0,0.0,0.0,0.0,0.0
2,2,0.0625,0.0,0.9375,0.0,0.0,0.0,0.0,0.0,0.0,0.0,0.0
2,2,0.0625,0.0,0.9375,0.0,0.0,0.0,0.0,0.0,0.0,0.0,0.0
2,2,0.0625,0.0,0.9375,0.0,0.0,0.0,0.0,0.0,0.0,0.0,0.0
2,2,0.0625,0.0,0.9375,0.0,0.0,0.0,0.0,0.0,0.0,0.0,0.0
2,2,0.0625,0.0,0.9375,0.0,0.0,0.0,0.0,0.0,0.0,0.0,0.0
2,2,0.0625,0.0,0.9375,0.0,0.0,0.0,0.0,0.0,0.0,0.0,0.0
2,2,0.0625,0.0,0.9375,0.0,0.0,0.0,0.0,0.0,0.0,0.0,0.0
2,2,0.0625,0.0,0.9375,0.0,0.0,0.0,0.0,0.0,0.0,0.0,0.0
2,2,0.0625,0.0,0.9375,0.0,0.0,0.0,0.0,0.0,0.0,0.0,0.0
2,2,0.0625,0.0,0.9375,0.0,0.0,0.0,0.0,0.0,0.0,0.0,0.0
2,2,0.0625,0.0,0.9375,0.0,0.0,0.0,0.0,0.0,0.0,0.0,0.0
2,2,0.0625,0.0,0.9375,0.0,0.0,0.0,0.0,0.0,0.0,0.0,0.0
2,2,0.0625,0.0,0.9375,0.0,0.0,0.0,0.0,0.0,0.0,0.0,0.0
2,2,0.0625,0.0,0.9375,0.0,0.0,0.0,0.0,0.0,0.0,0.0,0.0
2,2,0.0625,0.0,0.9375,0.0,0.0,0.0,0.0,0.0,0.0,0.0,0.0
2,2,0.0625,0.0,0.9375,0.0,0.0,0.0,0.0,0.0,0.0,0.0,0.0
2,2,0.0625,0.0,0.9375,0.0,0.0,0.0,0.0,0.0,0.0,0.0,0.0
2,2,0.0625,0.0,0.9375,0.0,0.0,0.0,0.0,0.0,0.0,0.0,0.0
2,2,0.0625,0.0,0.9375,0.0,0.0,0.0,0.0,0.0,0.0,0.0,0.0
2,2,0.0625,0.0,0.9375,0.0,0.0,0.0,0.0,0.0,0.0,0.0,0.0
2,2,0.0625,0.0,0.9375,0.0,0.0,0.0,0.0,0.0,0.0,0.0,0.0
2,2,0.0625,0.0,0.9375,0.0,0.0,0.0,0.0,0.0,0.0,0.0,0.0
2,2,0.0625,0.0,0.9375,0.0,0.0,0.0,0.0,0.0,0.0,0.0,0.0
2,2,0.0625,0.0,0.9375,0.0,0.0,0.0,0.0,0.0,0.0,0.0,0.0
2,2,0.0625,0.0,0.9375,0.0,0.0,0.0,0.0,0.0,0.0,0.0,0.0
2,2,0.0625,0.0,0.9375,0.0,0.0,0.0,0.0,0.0,0.0,0.0,0.0
2,2,0.0625,0.0,0.9375,0.0,0.0,0.0,0.0,0.0,0.0,0.0,0.0
2,2,0.0625,0.0,0.9375,0.0,0.0,0.0,0.0,0.0,0.0,0.0,0.0
2,2,0.0625,0.0,0.9375,0.0,0.0,0.0,0.0,0.0,0.0,0.0,0.0
2,2,0.0625,0.0,0.9375,0.0,0.0,0.0,0.0,0.0,0.0,0.0,0.0
2,2,0.0625,0.0,0.9375,0.0,0.0,0.0,0.0,0.0,0.0,0.0,0.0
2,2,0.0625,0.0,0.9375,0.0,0.0,0.0,0.0,0.0,0.0,0.0,0.0
2,2,0.0625,0.0,0.9375,0.0,0.0,0.0,0.0,0.0,0.0,0.0,0.0
2,2,0.0625,0.0,0.9375,0.0,0.0,0.0,0.0,0.0,0.0,0.0,0.0
2,2,0.0625,0.0,0.9375,0.0,0.0,0.0,0.0,0.0,0.0,0.0,0.0
2,2,0.0625,0.0,0.9375,0.0,0.0,0.0,0.0,0.0,0.0,0.0,0.0
2,2,0.0,0.0,1.0,0.0,0.0,0.0,0.0,0.0,0.0,0.0,0.0
2,2,0.0,0.0,1.0,0.0,0.0,0.0,0.0,0.0,0.0,0.0,0.0
2,2,0.0,0.0,1.0,0.0,0.0,0.0,0.0,0.0,0.0,0.0,0.0
2,2,0.0,0.0,1.0,0.0,0.0,0.0,0.0,0.0,0.0,0.0,0.0
2,2,0.0,0.0,1.0,0.0,0.0,0.0,0.0,0.0,0.0,0.0,0.0
2,2,0.0,0.0,1.0,0.0,0.0,0.0,0.0,0.0,0.0,0.0,0.0
2,2,0.0,0.0,1.0,0.0,0.0,0.0,0.0,0.0,0.0,0.0,0.0
2,2,0.0,0.0,1.0,0.0,0.0,0.0,0.0,0.0,0.0,0.0,0.0
2,2,0.0,0.0,1.0,0.0,0.0,0.0,0.0,0.0,0.0,0.0,0.0
2,2,0.0,0.0,1.0,0.0,0.0,0.0,0.0,0.0,0.0,0.0,0.0
2,2,0.0,0.0,1.0,0.0,0.0,0.0,0.0,0.0,0.0,0.0,0.0
2,2,0.0,0.0,1.0,0.0,0.0,0.0,0.0,0.0,0.0,0.0,0.0
2,2,0.0,0.0,1.0,0.0,0.0,0.0,0.0,0.0,0.0,0.0,0.0
2,2,0.0,0.0,1.0,0.0,0.0,0.0,0.0,0.0,0.0,0.0,0.0
2,2,0.0,0.0,1.0,0.0,0.0,0.0,0.0,0.0,0.0,0.0,0.0
2,2,0.0,0.0,1.0,0.0,0.0,0.0,0.0,0.0,0.0,0.0,0.0
2,2,0.0,0.0,1.0,0.0,0.0,0.0,0.0,0.0,0.0,0.0,0.0
2,2,0.0,0.0,1.0,0.0,0.0,0.0,0.0,0.0,0.0,0.0,0.0
2,2,0.0,0.0,1.0,0.0,0.0,0.0,0.0,0.0,0.0,0.0,0.0
2,2,0.0,0.0,1.0,0.0,0.0,0.0,0.0,0.0,0.0,0.0,0.0
2,2,0.0,0.0,1.0,0.0,0.0,0.0,0.0,0.0,0.0,0.0,0.0
2,2,0.0,0.0,1.0,0.0,0.0,0.0,0.0,0.0,0.0,0.0,0.0
2,2,0.0,0.0,1.0,0.0,0.0,0.0,0.0,0.0,0.0,0.0,0.0
2,2,0.0,0.0,1.0,0.0,0.0,0.0,0.0,0.0,0.0,0.0,0.0
2,2,0.0,0.0,1.0,0.0,0.0,0.0,0.0,0.0,0.0,0.0,0.0
2,2,0.0,0.0,1.0,0.0,0.0,0.0,0.0,0.0,0.0,0.0,0.0
2,2,0.0,0.0,1.0,0.0,0.0,0.0,0.0,0.0,0.0,0.0,0.0
2,2,0.0,0.0,1.0,0.0,0.0,0.0,0.0,0.0,0.0,0.0,0.0
2,2,0.0,0.0,1.0,0.0,0.0,0.0,0.0,0.0,0.0,0.0,0.0
2,2,0.0,0.0,1.0,0.0,0.0,0.0,0.0,0.0,0.0,0.0,0.0
2,2,0.0,0.0,1.0,0.0,0.0,0.0,0.0,0.0,0.0,0.0,0.0
2,2,0.0,0.0,1.0,0.0,0.0,0.0,0.0,0.0,0.0,0.0,0.0
2,2,0.0,0.0,1.0,0.0,0.0,0.0,0.0,0.0,0.0,0.0,0.0
2,2,0.0,0.0,1.0,0.0,0.0,0.0,0.0,0.0,0.0,0.0,0.0
2,2,0.0,0.0,1.0,0.0,0.0,0.0,0.0,0.0,0.0,0.0,0.0
2,2,0.0,0.0,1.0,0.0,0.0,0.0,0.0,0.0,0.0,0.0,0.0
2,2,0.0,0.0,1.0,0.0,0.0,0.0,0.0,0.0,0.0,0.0,0.0
2,2,0.0,0.0,1.0,0.0,0.0,0.0,0.0,0.0,0.0,0.0,0.0
2,2,0.0,0.0,1.0,0.0,0.0,0.0,0.0,0.0,0.0,0.0,0.0
2,2,0.0,0.0,1.0,0.0,0.0,0.0,0.0,0.0,0.0,0.0,0.0
2,2,0.0,0.0,1.0,0.0,0.0,0.0,0.0,0.0,0.0,0.0,0.0
2,2,0.0,0.0,1.0,0.0,0.0,0.0,0.0,0.0,0.0,0.0,0.0
2,2,0.0,0.0,1.0,0.0,0.0,0.0,0.0,0.0,0.0,0.0,0.0
2,2,0.0,0.0,1.0,0.0,0.0,0.0,0.0,0.0,0.0,0.0,0.0
2,2,0.0,0.0,1.0,0.0,0.0,0.0,0.0,0.0,0.0,0.0,0.0
2,2,0.0,0.0,1.0,0.0,0.0,0.0,0.0,0.0,0.0,0.0,0.0
2,2,0.0,0.0,1.0,0.0,0.0,0.0,0.0,0.0,0.0,0.0,0.0
2,2,0.0,0.0,1.0,0.0,0.0,0.0,0.0,0.0,0.0,0.0,0.0
2,2,0.0,0.0,1.0,0.0,0.0,0.0,0.0,0.0,0.0,0.0,0.0
2,2,0.0,0.0,1.0,0.0,0.0,0.0,0.0,0.0,0.0,0.0,0.0
2,2,0.0,0.0,1.0,0.0,0.0,0.0,0.0,0.0,0.0,0.0,0.0
2,2,0.0,0.0,1.0,0.0,0.0,0.0,0.0,0.0,0.0,0.0,0.0
2,2,0.0,0.0,1.0,0.0,0.0,0.0,0.0,0.0,0.0,0.0,0.0
2,2,0.0,0.0,1.0,0.0,0.0,0.0,0.0,0.0,0.0,0.0,0.0
2,2,0.0,0.0,1.0,0.0,0.0,0.0,0.0,0.0,0.0,0.0,0.0
2,2,0.0,0.0,1.0,0.0,0.0,0.0,0.0,0.0,0.0,0.0,0.0
2,2,0.0,0.0,1.0,0.0,0.0,0.0,0.0,0.0,0.0,0.0,0.0
2,2,0.0,0.0,1.0,0.0,0.0,0.0,0.0,0.0,0.0,0.0,0.0
2,2,0.0,0.0,1.0,0.0,0.0,0.0,0.0,0.0,0.0,0.0,0.0
2,2,0.0,0.0,1.0,0.0,0.0,0.0,0.0,0.0,0.0,0.0,0.0
2,2,0.0,0.0,1.0,0.0,0.0,0.0,0.0,0.0,0.0,0.0,0.0
2,2,0.0,0.0,1.0,0.0,0.0,0.0,0.0,0.0,0.0,0.0,0.0
2,2,0.0,0.0,1.0,0.0,0.0,0.0,0.0,0.0,0.0,0.0,0.0
2,2,0.0,0.0,1.0,0.0,0.0,0.0,0.0,0.0,0.0,0.0,0.0
2,2,0.0,0.0,1.0,0.0,0.0,0.0,0.0,0.0,0.0,0.0,0.0
2,2,0.0,0.0,1.0,0.0,0.0,0.0,0.0,0.0,0.0,0.0,0.0
2,2,0.0,0.0,1.0,0.0,0.0,0.0,0.0,0.0,0.0,0.0,0.0
2,2,0.0,0.0,1.0,0.0,0.0,0.0,0.0,0.0,0.0,0.0,0.0
2,2,0.0,0.0,1.0,0.0,0.0,0.0,0.0,0.0,0.0,0.0,0.0
2,2,0.0,0.0,1.0,0.0,0.0,0.0,0.0,0.0,0.0,0.0,0.0
2,2,0.0,0.0,1.0,0.0,0.0,0.0,0.0,0.0,0.0,0.0,0.0
2,2,0.0,0.0,1.0,0.0,0.0,0.0,0.0,0.0,0.0,0.0,0.0
2,2,0.0,0.0,1.0,0.0,0.0,0.0,0.0,0.0,0.0,0.0,0.0
2,2,0.0,0.0,1.0,0.0,0.0,0.0,0.0,0.0,0.0,0.0,0.0
2,2,0.0,0.0,1.0,0.0,0.0,0.0,0.0,0.0,0.0,0.0,0.0
2,2,0.0,0.0,1.0,0.0,0.0,0.0,0.0,0.0,0.0,0.0,0.0
2,2,0.0,0.0,1.0,0.0,0.0,0.0,0.0,0.0,0.0,0.0,0.0
2,2,0.0,0.0,1.0,0.0,0.0,0.0,0.0,0.0,0.0,0.0,0.0
2,2,0.0,0.0,1.0,0.0,0.0,0.0,0.0,0.0,0.0,0.0,0.0
2,2,0.0,0.0,1.0,0.0,0.0,0.0,0.0,0.0,0.0,0.0,0.0
2,2,0.0,0.0,1.0,0.0,0.0,0.0,0.0,0.0,0.0,0.0,0.0
2,2,0.0,0.0,1.0,0.0,0.0,0.0,0.0,0.0,0.0,0.0,0.0
2,2,0.0,0.0,1.0,0.0,0.0,0.0,0.0,0.0,0.0,0.0,0.0
2,2,0.0,0.0,1.0,0.0,0.0,0.0,0.0,0.0,0.0,0.0,0.0
2,2,0.0625,0.0,0.9375,0.0,0.0,0.0,0.0,0.0,0.0,0.0,0.0
2,2,0.0625,0.0,0.9375,0.0,0.0,0.0,0.0,0.0,0.0,0.0,0.0
2,2,0.0625,0.0,0.9375,0.0,0.0,0.0,0.0,0.0,0.0,0.0,0.0
2,2,0.0625,0.0,0.9375,0.0,0.0,0.0,0.0,0.0,0.0,0.0,0.0
2,2,0.0625,0.0,0.9375,0.0,0.0,0.0,0.0,0.0,0.0,0.0,0.0
2,2,0.0625,0.0,0.9375,0.0,0.0,0.0,0.0,0.0,0.0,0.0,0.0
2,2,0.0625,0.0,0.9375,0.0,0.0,0.0,0.0,0.0,0.0,0.0,0.0
2,2,0.0625,0.0,0.9375,0.0,0.0,0.0,0.0,0.0,0.0,0.0,0.0
2,2,0.0625,0.0,0.9375,0.0,0.0,0.0,0.0,0.0,0.0,0.0,0.0
2,2,0.0625,0.0,0.9375,0.0,0.0,0.0,0.0,0.0,0.0,0.0,0.0
2,2,0.0625,0.0,0.9375,0.0,0.0,0.0,0.0,0.0,0.0,0.0,0.0
2,2,0.0625,0.0,0.9375,0.0,0.0,0.0,0.0,0.0,0.0,0.0,0.0
2,2,0.0625,0.0,0.9375,0.0,0.0,0.0,0.0,0.0,0.0,0.0,0.0
2,2,0.0625,0.0,0.9375,0.0,0.0,0.0,0.0,0.0,0.0,0.0,0.0
2,2,0.0625,0.0,0.9375,0.0,0.0,0.0,0.0,0.0,0.0,0.0,0.0
2,2,0.0625,0.0,0.9375,0.0,0.0,0.0,0.0,0.0,0.0,0.0,0.0
2,2,0.0625,0.0,0.9375,0.0,0.0,0.0,0.0,0.0,0.0,0.0,0.0
2,2,0.0625,0.0,0.9375,0.0,0.0,0.0,0.0,0.0,0.0,0.0,0.0
2,2,0.0625,0.0,0.9375,0.0,0.0,0.0,0.0,0.0,0.0,0.0,0.0
2,2,0.0625,0.0,0.9375,0.0,0.0,0.0,0.0,0.0,0.0,0.0,0.0
2,2,0.0625,0.0,0.9375,0.0,0.0,0.0,0.0,0.0,0.0,0.0,0.0
2,2,0.0625,0.0,0.9375,0.0,0.0,0.0,0.0,0.0,0.0,0.0,0.0
2,2,0.0625,0.0,0.9375,0.0,0.0,0.0,0.0,0.0,0.0,0.0,0.0
2,2,0.0625,0.0,0.9375,0.0,0.0,0.0,0.0,0.0,0.0,0.0,0.0
2,2,0.0625,0.0,0.9375,0.0,0.0,0.0,0.0,0.0,0.0,0.0,0.0
2,2,0.0625,0.0,0.9375,0.0,0.0,0.0,0.0,0.0,0.0,0.0,0.0
2,2,0.0625,0.0,0.9375,0.0,0.0,0.0,0.0,0.0,0.0,0.0,0.0
2,2,0.0625,0.0,0.9375,0.0,0.0,0.0,0.0,0.0,0.0,0.0,0.0
2,2,0.0625,0.0,0.9375,0.0,0.0,0.0,0.0,0.0,0.0,0.0,0.0
2,2,0.0625,0.0,0.9375,0.0,0.0,0.0,0.0,0.0,0.0,0.0,0.0
2,2,0.0625,0.0,0.9375,0.0,0.0,0.0,0.0,0.0,0.0,0.0,0.0
2,2,0.0625,0.0,0.9375,0.0,0.0,0.0,0.0,0.0,0.0,0.0,0.0
2,2,0.0625,0.0,0.9375,0.0,0.0,0.0,0.0,0.0,0.0,0.0,0.0
2,2,0.0625,0.0,0.9375,0.0,0.0,0.0,0.0,0.0,0.0,0.0,0.0
2,2,0.0625,0.0,0.9375,0.0,0.0,0.0,0.0,0.0,0.0,0.0,0.0
2,2,0.0625,0.0,0.9375,0.0,0.0,0.0,0.0,0.0,0.0,0.0,0.0
2,2,0.0625,0.0,0.9375,0.0,0.0,0.0,0.0,0.0,0.0,0.0,0.0
2,2,0.0625,0.0,0.9375,0.0,0.0,0.0,0.0,0.0,0.0,0.0,0.0
2,2,0.0625,0.0,0.9375,0.0,0.0,0.0,0.0,0.0,0.0,0.0,0.0
2,2,0.0625,0.0,0.9375,0.0,0.0,0.0,0.0,0.0,0.0,0.0,0.0
2,2,0.0625,0.0,0.9375,0.0,0.0,0.0,0.0,0.0,0.0,0.0,0.0
2,2,0.0625,0.0,0.9375,0.0,0.0,0.0,0.0,0.0,0.0,0.0,0.0
2,2,0.0,0.0,1.0,0.0,0.0,0.0,0.0,0.0,0.0,0.0,0.0
2,2,0.0,0.0,1.0,0.0,0.0,0.0,0.0,0.0,0.0,0.0,0.0
2,2,0.0,0.0,1.0,0.0,0.0,0.0,0.0,0.0,0.0,0.0,0.0
2,2,0.0,0.0,1.0,0.0,0.0,0.0,0.0,0.0,0.0,0.0,0.0
2,2,0.0,0.0,1.0,0.0,0.0,0.0,0.0,0.0,0.0,0.0,0.0
2,2,0.0,0.0,1.0,0.0,0.0,0.0,0.0,0.0,0.0,0.0,0.0
2,2,0.0,0.0,1.0,0.0,0.0,0.0,0.0,0.0,0.0,0.0,0.0
2,2,0.0,0.0,1.0,0.0,0.0,0.0,0.0,0.0,0.0,0.0,0.0
2,2,0.0,0.0,1.0,0.0,0.0,0.0,0.0,0.0,0.0,0.0,0.0
2,2,0.0,0.0,1.0,0.0,0.0,0.0,0.0,0.0,0.0,0.0,0.0
2,2,0.0,0.0,1.0,0.0,0.0,0.0,0.0,0.0,0.0,0.0,0.0
2,2,0.0,0.0,1.0,0.0,0.0,0.0,0.0,0.0,0.0,0.0,0.0
2,2,0.0,0.0,1.0,0.0,0.0,0.0,0.0,0.0,0.0,0.0,0.0
2,2,0.0,0.0,1.0,0.0,0.0,0.0,0.0,0.0,0.0,0.0,0.0
2,2,0.0,0.0,1.0,0.0,0.0,0.0,0.0,0.0,0.0,0.0,0.0
2,2,0.0,0.0,1.0,0.0,0.0,0.0,0.0,0.0,0.0,0.0,0.0
2,2,0.0,0.0,1.0,0.0,0.0,0.0,0.0,0.0,0.0,0.0,0.0
2,2,0.0,0.0,1.0,0.0,0.0,0.0,0.0,0.0,0.0,0.0,0.0
2,2,0.0,0.0,1.0,0.0,0.0,0.0,0.0,0.0,0.0,0.0,0.0
2,2,0.0,0.0,1.0,0.0,0.0,0.0,0.0,0.0,0.0,0.0,0.0
2,2,0.0,0.0,1.0,0.0,0.0,0.0,0.0,0.0,0.0,0.0,0.0
2,2,0.0,0.0,1.0,0.0,0.0,0.0,0.0,0.0,0.0,0.0,0.0
2,2,0.0,0.0,1.0,0.0,0.0,0.0,0.0,0.0,0.0,0.0,0.0
2,2,0.0,0.0,1.0,0.0,0.0,0.0,0.0,0.0,0.0,0.0,0.0
2,2,0.0,0.0,1.0,0.0,0.0,0.0,0.0,0.0,0.0,0.0,0.0
2,2,0.0,0.0,1.0,0.0,0.0,0.0,0.0,0.0,0.0,0.0,0.0
2,2,0.0,0.0,1.0,0.0,0.0,0.0,0.0,0.0,0.0,0.0,0.0
2,2,0.0,0.0,1.0,0.0,0.0,0.0,0.0,0.0,0.0,0.0,0.0
2,2,0.0,0.0,1.0,0.0,0.0,0.0,0.0,0.0,0.0,0.0,0.0
2,2,0.0,0.0,1.0,0.0,0.0,0.0,0.0,0.0,0.0,0.0,0.0
2,2,0.0,0.0,1.0,0.0,0.0,0.0,0.0,0.0,0.0,0.0,0.0
2,2,0.0,0.0,1.0,0.0,0.0,0.0,0.0,0.0,0.0,0.0,0.0
2,2,0.0,0.0,1.0,0.0,0.0,0.0,0.0,0.0,0.0,0.0,0.0
2,2,0.0,0.0,1.0,0.0,0.0,0.0,0.0,0.0,0.0,0.0,0.0
2,2,0.0,0.0,1.0,0.0,0.0,0.0,0.0,0.0,0.0,0.0,0.0
2,2,0.0,0.0,1.0,0.0,0.0,0.0,0.0,0.0,0.0,0.0,0.0
2,2,0.0,0.0,1.0,0.0,0.0,0.0,0.0,0.0,0.0,0.0,0.0
2,2,0.0,0.0,1.0,0.0,0.0,0.0,0.0,0.0,0.0,0.0,0.0
2,2,0.0,0.0,1.0,0.0,0.0,0.0,0.0,0.0,0.0,0.0,0.0
2,2,0.0,0.0,1.0,0.0,0.0,0.0,0.0,0.0,0.0,0.0,0.0
2,2,0.0,0.0,1.0,0.0,0.0,0.0,0.0,0.0,0.0,0.0,0.0
2,2,0.0,0.0,1.0,0.0,0.0,0.0,0.0,0.0,0.0,0.0,0.0
2,2,0.0,0.0,1.0,0.0,0.0,0.0,0.0,0.0,0.0,0.0,0.0
2,2,0.0,0.0,1.0,0.0,0.0,0.0,0.0,0.0,0.0,0.0,0.0
2,2,0.0,0.0,1.0,0.0,0.0,0.0,0.0,0.0,0.0,0.0,0.0
2,2,0.0,0.0,1.0,0.0,0.0,0.0,0.0,0.0,0.0,0.0,0.0
2,2,0.0,0.0,1.0,0.0,0.0,0.0,0.0,0.0,0.0,0.0,0.0
2,2,0.0,0.0,1.0,0.0,0.0,0.0,0.0,0.0,0.0,0.0,0.0
2,2,0.0,0.0,1.0,0.0,0.0,0.0,0.0,0.0,0.0,0.0,0.0
2,2,0.0,0.0,1.0,0.0,0.0,0.0,0.0,0.0,0.0,0.0,0.0
2,2,0.0,0.0,1.0,0.0,0.0,0.0,0.0,0.0,0.0,0.0,0.0
2,2,0.0,0.0,1.0,0.0,0.0,0.0,0.0,0.0,0.0,0.0,0.0
2,2,0.0,0.0,1.0,0.0,0.0,0.0,0.0,0.0,0.0,0.0,0.0
2,2,0.0,0.0,1.0,0.0,0.0,0.0,0.0,0.0,0.0,0.0,0.0
2,2,0.0,0.0,1.0,0.0,0.0,0.0,0.0,0.0,0.0,0.0,0.0
2,2,0.0,0.0,1.0,0.0,0.0,0.0,0.0,0.0,0.0,0.0,0.0
2,2,0.0,0.0,1.0,0.0,0.0,0.0,0.0,0.0,0.0,0.0,0.0
2,2,0.0,0.0,1.0,0.0,0.0,0.0,0.0,0.0,0.0,0.0,0.0
2,2,0.0,0.0,1.0,0.0,0.0,0.0,0.0,0.0,0.0,0.0,0.0
2,2,0.0,0.0,1.0,0.0,0.0,0.0,0.0,0.0,0.0,0.0,0.0
2,2,0.0,0.0,1.0,0.0,0.0,0.0,0.0,0.0,0.0,0.0,0.0
2,2,0.0,0.0,1.0,0.0,0.0,0.0,0.0,0.0,0.0,0.0,0.0
2,2,0.0,0.0,1.0,0.0,0.0,0.0,0.0,0.0,0.0,0.0,0.0
2,2,0.0,0.0,1.0,0.0,0.0,0.0,0.0,0.0,0.0,0.0,0.0
2,2,0.0,0.0,1.0,0.0,0.0,0.0,0.0,0.0,0.0,0.0,0.0
2,2,0.0,0.0,1.0,0.0,0.0,0.0,0.0,0.0,0.0,0.0,0.0
2,2,0.0,0.0,1.0,0.0,0.0,0.0,0.0,0.0,0.0,0.0,0.0
2,2,0.0,0.0,1.0,0.0,0.0,0.0,0.0,0.0,0.0,0.0,0.0
2,2,0.0,0.0,1.0,0.0,0.0,0.0,0.0,0.0,0.0,0.0,0.0
2,2,0.0,0.0,1.0,0.0,0.0,0.0,0.0,0.0,0.0,0.0,0.0
2,2,0.0,0.0,1.0,0.0,0.0,0.0,0.0,0.0,0.0,0.0,0.0
2,2,0.0,0.0,1.0,0.0,0.0,0.0,0.0,0.0,0.0,0.0,0.0
2,2,0.0,0.0,1.0,0.0,0.0,0.0,0.0,0.0,0.0,0.0,0.0
2,2,0.0,0.0,1.0,0.0,0.0,0.0,0.0,0.0,0.0,0.0,0.0
2,2,0.0,0.0,1.0,0.0,0.0,0.0,0.0,0.0,0.0,0.0,0.0
2,2,0.0,0.0,1.0,0.0,0.0,0.0,0.0,0.0,0.0,0.0,0.0
2,2,0.0,0.0,1.0,0.0,0.0,0.0,0.0,0.0,0.0,0.0,0.0
2,2,0.0,0.0,1.0,0.0,0.0,0.0,0.0,0.0,0.0,0.0,0.0
2,2,0.0,0.0,1.0,0.0,0.0,0.0,0.0,0.0,0.0,0.0,0.0
2,2,0.0,0.0,1.0,0.0,0.0,0.0,0.0,0.0,0.0,0.0,0.0
2,2,0.0,0.0,1.0,0.0,0.0,0.0,0.0,0.0,0.0,0.0,0.0
2,2,0.0,0.0,1.0,0.0,0.0,0.0,0.0,0.0,0.0,0.0,0.0
2,2,0.0,0.0,1.0,0.0,0.0,0.0,0.0,0.0,0.0,0.0,0.0
2,2,0.0,0.0,1.0,0.0,0.0,0.0,0.0,0.0,0.0,0.0,0.0
2,2,0.0,0.0,1.0,0.0,0.0,0.0,0.0,0.0,0.0,0.0,0.0
2,2,0.0,0.0,1.0,0.0,0.0,0.0,0.0,0.0,0.0,0.0,0.0
2,2,0.0,0.0,1.0,0.0,0.0,0.0,0.0,0.0,0.0,0.0,0.0
2,2,0.0,0.0,1.0,0.0,0.0,0.0,0.0,0.0,0.0,0.0,0.0
2,2,0.0,0.0,1.0,0.0,0.0,0.0,0.0,0.0,0.0,0.0,0.0
2,2,0.0,0.0,1.0,0.0,0.0,0.0,0.0,0.0,0.0,0.0,0.0
2,2,0.0,0.0,1.0,0.0,0.0,0.0,0.0,0.0,0.0,0.0,0.0
2,2,0.0,0.0,1.0,0.0,0.0,0.0,0.0,0.0,0.0,0.0,0.0
2,2,0.0,0.0,1.0,0.0,0.0,0.0,0.0,0.0,0.0,0.0,0.0
2,2,0.0,0.0,1.0,0.0,0.0,0.0,0.0,0.0,0.0,0.0,0.0
2,2,0.0,0.0,1.0,0.0,0.0,0.0,0.0,0.0,0.0,0.0,0.0
2,2,0.0,0.0,1.0,0.0,0.0,0.0,0.0,0.0,0.0,0.0,0.0
2,2,0.0,0.0,1.0,0.0,0.0,0.0,0.0,0.0,0.0,0.0,0.0
2,2,0.0,0.0,1.0,0.0,0.0,0.0,0.0,0.0,0.0,0.0,0.0
2,2,0.0,0.0,1.0,0.0,0.0,0.0,0.0,0.0,0.0,0.0,0.0
2,2,0.0,0.0,1.0,0.0,0.0,0.0,0.0,0.0,0.0,0.0,0.0
2,2,0.0,0.0,1.0,0.0,0.0,0.0,0.0,0.0,0.0,0.0,0.0
2,2,0.0,0.0,1.0,0.0,0.0,0.0,0.0,0.0,0.0,0.0,0.0
2,2,0.0,0.0,1.0,0.0,0.0,0.0,0.0,0.0,0.0,0.0,0.0
2,2,0.0,0.0,1.0,0.0,0.0,0.0,0.0,0.0,0.0,0.0,0.0
2,2,0.0,0.0,1.0,0.0,0.0,0.0,0.0,0.0,0.0,0.0,0.0
2,2,0.0,0.0,1.0,0.0,0.0,0.0,0.0,0.0,0.0,0.0,0.0
2,2,0.0,0.0,1.0,0.0,0.0,0.0,0.0,0.0,0.0,0.0,0.0
2,2,0.0,0.0,1.0,0.0,0.0,0.0,0.0,0.0,0.0,0.0,0.0
2,2,0.0,0.0,1.0,0.0,0.0,0.0,0.0,0.0,0.0,0.0,0.0
2,2,0.0,0.0,1.0,0.0,0.0,0.0,0.0,0.0,0.0,0.0,0.0
2,2,0.0,0.0,1.0,0.0,0.0,0.0,0.0,0.0,0.0,0.0,0.0
2,2,0.0,0.0,1.0,0.0,0.0,0.0,0.0,0.0,0.0,0.0,0.0
2,2,0.0,0.0,1.0,0.0,0.0,0.0,0.0,0.0,0.0,0.0,0.0
2,2,0.0,0.0,1.0,0.0,0.0,0.0,0.0,0.0,0.0,0.0,0.0
2,2,0.0,0.0,1.0,0.0,0.0,0.0,0.0,0.0,0.0,0.0,0.0
2,2,0.0,0.0,1.0,0.0,0.0,0.0,0.0,0.0,0.0,0.0,0.0
2,2,0.0,0.0,1.0,0.0,0.0,0.0,0.0,0.0,0.0,0.0,0.0
2,2,0.0,0.0,1.0,0.0,0.0,0.0,0.0,0.0,0.0,0.0,0.0
2,2,0.0,0.0,1.0,0.0,0.0,0.0,0.0,0.0,0.0,0.0,0.0
2,2,0.0,0.0,1.0,0.0,0.0,0.0,0.0,0.0,0.0,0.0,0.0
2,2,0.0,0.0,1.0,0.0,0.0,0.0,0.0,0.0,0.0,0.0,0.0
2,2,0.0,0.0,1.0,0.0,0.0,0.0,0.0,0.0,0.0,0.0,0.0
2,2,0.0,0.0,1.0,0.0,0.0,0.0,0.0,0.0,0.0,0.0,0.0
2,2,0.0,0.0,1.0,0.0,0.0,0.0,0.0,0.0,0.0,0.0,0.0
2,2,0.0,0.0,1.0,0.0,0.0,0.0,0.0,0.0,0.0,0.0,0.0
2,2,0.0,0.0,1.0,0.0,0.0,0.0,0.0,0.0,0.0,0.0,0.0
2,2,0.0,0.0,1.0,0.0,0.0,0.0,0.0,0.0,0.0,0.0,0.0
2,2,0.0,0.0,1.0,0.0,0.0,0.0,0.0,0.0,0.0,0.0,0.0
2,2,0.0,0.0,1.0,0.0,0.0,0.0,0.0,0.0,0.0,0.0,0.0
2,2,0.0,0.0,1.0,0.0,0.0,0.0,0.0,0.0,0.0,0.0,0.0
2,2,0.0,0.0,1.0,0.0,0.0,0.0,0.0,0.0,0.0,0.0,0.0
2,2,0.0,0.0,1.0,0.0,0.0,0.0,0.0,0.0,0.0,0.0,0.0
2,2,0.0,0.0,1.0,0.0,0.0,0.0,0.0,0.0,0.0,0.0,0.0
2,2,0.0,0.0,1.0,0.0,0.0,0.0,0.0,0.0,0.0,0.0,0.0
2,2,0.0,0.0,1.0,0.0,0.0,0.0,0.0,0.0,0.0,0.0,0.0
2,2,0.0,0.0,1.0,0.0,0.0,0.0,0.0,0.0,0.0,0.0,0.0
2,2,0.0,0.0,1.0,0.0,0.0,0.0,0.0,0.0,0.0,0.0,0.0
2,2,0.0,0.0,1.0,0.0,0.0,0.0,0.0,0.0,0.0,0.0,0.0
2,2,0.0,0.0,1.0,0.0,0.0,0.0,0.0,0.0,0.0,0.0,0.0
2,2,0.0,0.0,1.0,0.0,0.0,0.0,0.0,0.0,0.0,0.0,0.0
2,2,0.0,0.0,1.0,0.0,0.0,0.0,0.0,0.0,0.0,0.0,0.0
2,2,0.0,0.0,1.0,0.0,0.0,0.0,0.0,0.0,0.0,0.0,0.0
2,2,0.0,0.0,1.0,0.0,0.0,0.0,0.0,0.0,0.0,0.0,0.0
2,2,0.0,0.0,1.0,0.0,0.0,0.0,0.0,0.0,0.0,0.0,0.0
2,2,0.0,0.0,1.0,0.0,0.0,0.0,0.0,0.0,0.0,0.0,0.0
2,2,0.0,0.0,1.0,0.0,0.0,0.0,0.0,0.0,0.0,0.0,0.0
2,2,0.0,0.0,1.0,0.0,0.0,0.0,0.0,0.0,0.0,0.0,0.0
2,2,0.0,0.0,1.0,0.0,0.0,0.0,0.0,0.0,0.0,0.0,0.0
2,2,0.0,0.0,1.0,0.0,0.0,0.0,0.0,0.0,0.0,0.0,0.0
2,2,0.0,0.0,1.0,0.0,0.0,0.0,0.0,0.0,0.0,0.0,0.0
2,2,0.0,0.0,1.0,0.0,0.0,0.0,0.0,0.0,0.0,0.0,0.0
2,2,0.0,0.0,1.0,0.0,0.0,0.0,0.0,0.0,0.0,0.0,0.0
2,2,0.0,0.0,1.0,0.0,0.0,0.0,0.0,0.0,0.0,0.0,0.0
2,2,0.0,0.0,1.0,0.0,0.0,0.0,0.0,0.0,0.0,0.0,0.0
2,2,0.0,0.0,1.0,0.0,0.0,0.0,0.0,0.0,0.0,0.0,0.0
2,2,0.0,0.0,1.0,0.0,0.0,0.0,0.0,0.0,0.0,0.0,0.0
2,2,0.0,0.0,1.0,0.0,0.0,0.0,0.0,0.0,0.0,0.0,0.0
2,2,0.0,0.0,1.0,0.0,0.0,0.0,0.0,0.0,0.0,0.0,0.0
2,2,0.0,0.0,1.0,0.0,0.0,0.0,0.0,0.0,0.0,0.0,0.0
2,2,0.0,0.0,1.0,0.0,0.0,0.0,0.0,0.0,0.0,0.0,0.0
2,2,0.0,0.0,1.0,0.0,0.0,0.0,0.0,0.0,0.0,0.0,0.0
2,2,0.0,0.0,1.0,0.0,0.0,0.0,0.0,0.0,0.0,0.0,0.0
2,2,0.0,0.0,1.0,0.0,0.0,0.0,0.0,0.0,0.0,0.0,0.0
2,2,0.0,0.0,1.0,0.0,0.0,0.0,0.0,0.0,0.0,0.0,0.0
2,2,0.0,0.0,1.0,0.0,0.0,0.0,0.0,0.0,0.0,0.0,0.0
2,2,0.0,0.0,1.0,0.0,0.0,0.0,0.0,0.0,0.0,0.0,0.0
2,2,0.0,0.0,1.0,0.0,0.0,0.0,0.0,0.0,0.0,0.0,0.0
2,2,0.0,0.0,1.0,0.0,0.0,0.0,0.0,0.0,0.0,0.0,0.0
2,2,0.0,0.0,1.0,0.0,0.0,0.0,0.0,0.0,0.0,0.0,0.0
2,2,0.0,0.0,1.0,0.0,0.0,0.0,0.0,0.0,0.0,0.0,0.0
2,2,0.0,0.0,1.0,0.0,0.0,0.0,0.0,0.0,0.0,0.0,0.0
2,2,0.0,0.0,1.0,0.0,0.0,0.0,0.0,0.0,0.0,0.0,0.0
2,2,0.0,0.0,1.0,0.0,0.0,0.0,0.0,0.0,0.0,0.0,0.0
2,2,0.0,0.0,1.0,0.0,0.0,0.0,0.0,0.0,0.0,0.0,0.0
2,2,0.0,0.0,1.0,0.0,0.0,0.0,0.0,0.0,0.0,0.0,0.0
2,2,0.0,0.0,1.0,0.0,0.0,0.0,0.0,0.0,0.0,0.0,0.0
2,2,0.0,0.0,1.0,0.0,0.0,0.0,0.0,0.0,0.0,0.0,0.0
2,2,0.0,0.0,1.0,0.0,0.0,0.0,0.0,0.0,0.0,0.0,0.0
2,2,0.0,0.0,1.0,0.0,0.0,0.0,0.0,0.0,0.0,0.0,0.0
2,2,0.0,0.0,1.0,0.0,0.0,0.0,0.0,0.0,0.0,0.0,0.0
2,2,0.0,0.0,1.0,0.0,0.0,0.0,0.0,0.0,0.0,0.0,0.0
2,2,0.0,0.0,1.0,0.0,0.0,0.0,0.0,0.0,0.0,0.0,0.0
2,2,0.0,0.0,1.0,0.0,0.0,0.0,0.0,0.0,0.0,0.0,0.0
2,2,0.0,0.0,1.0,0.0,0.0,0.0,0.0,0.0,0.0,0.0,0.0
2,2,0.0,0.0,1.0,0.0,0.0,0.0,0.0,0.0,0.0,0.0,0.0
2,2,0.0,0.0,1.0,0.0,0.0,0.0,0.0,0.0,0.0,0.0,0.0
2,2,0.0,0.0,1.0,0.0,0.0,0.0,0.0,0.0,0.0,0.0,0.0
2,2,0.0,0.0,1.0,0.0,0.0,0.0,0.0,0.0,0.0,0.0,0.0
2,2,0.0,0.0,1.0,0.0,0.0,0.0,0.0,0.0,0.0,0.0,0.0
2,2,0.0,0.0,1.0,0.0,0.0,0.0,0.0,0.0,0.0,0.0,0.0
2,2,0.0,0.0,1.0,0.0,0.0,0.0,0.0,0.0,0.0,0.0,0.0
2,2,0.0,0.0,1.0,0.0,0.0,0.0,0.0,0.0,0.0,0.0,0.0
2,2,0.0,0.0,1.0,0.0,0.0,0.0,0.0,0.0,0.0,0.0,0.0
2,2,0.0,0.0,1.0,0.0,0.0,0.0,0.0,0.0,0.0,0.0,0.0
2,2,0.0,0.0,1.0,0.0,0.0,0.0,0.0,0.0,0.0,0.0,0.0
2,2,0.0,0.0,1.0,0.0,0.0,0.0,0.0,0.0,0.0,0.0,0.0
2,2,0.0,0.0,1.0,0.0,0.0,0.0,0.0,0.0,0.0,0.0,0.0
2,2,0.0,0.0,1.0,0.0,0.0,0.0,0.0,0.0,0.0,0.0,0.0
2,2,0.0,0.0,1.0,0.0,0.0,0.0,0.0,0.0,0.0,0.0,0.0
2,2,0.0,0.0,1.0,0.0,0.0,0.0,0.0,0.0,0.0,0.0,0.0
2,2,0.0,0.0,1.0,0.0,0.0,0.0,0.0,0.0,0.0,0.0,0.0
2,2,0.0,0.0,1.0,0.0,0.0,0.0,0.0,0.0,0.0,0.0,0.0
2,2,0.0,0.0,1.0,0.0,0.0,0.0,0.0,0.0,0.0,0.0,0.0
2,2,0.0,0.0,1.0,0.0,0.0,0.0,0.0,0.0,0.0,0.0,0.0
2,2,0.0,0.0,1.0,0.0,0.0,0.0,0.0,0.0,0.0,0.0,0.0
2,2,0.0,0.0,1.0,0.0,0.0,0.0,0.0,0.0,0.0,0.0,0.0
2,2,0.0,0.0,1.0,0.0,0.0,0.0,0.0,0.0,0.0,0.0,0.0
2,2,0.0,0.0,1.0,0.0,0.0,0.0,0.0,0.0,0.0,0.0,0.0
2,2,0.0,0.0,1.0,0.0,0.0,0.0,0.0,0.0,0.0,0.0,0.0
2,2,0.0,0.0,1.0,0.0,0.0,0.0,0.0,0.0,0.0,0.0,0.0
2,2,0.0,0.0,1.0,0.0,0.0,0.0,0.0,0.0,0.0,0.0,0.0
2,2,0.0,0.0,1.0,0.0,0.0,0.0,0.0,0.0,0.0,0.0,0.0
2,2,0.0,0.0,1.0,0.0,0.0,0.0,0.0,0.0,0.0,0.0,0.0
2,2,0.0,0.0,1.0,0.0,0.0,0.0,0.0,0.0,0.0,0.0,0.0
2,2,0.0,0.0,1.0,0.0,0.0,0.0,0.0,0.0,0.0,0.0,0.0
2,2,0.0,0.0,1.0,0.0,0.0,0.0,0.0,0.0,0.0,0.0,0.0
2,2,0.0,0.0,1.0,0.0,0.0,0.0,0.0,0.0,0.0,0.0,0.0
2,2,0.0,0.0,1.0,0.0,0.0,0.0,0.0,0.0,0.0,0.0,0.0
2,2,0.0,0.0,0.9375,0.0,0.0625,0.0,0.0,0.0,0.0,0.0,0.0
2,2,0.0,0.0,0.9375,0.0,0.0625,0.0,0.0,0.0,0.0,0.0,0.0
2,2,0.0,0.0,0.9375,0.0,0.0625,0.0,0.0,0.0,0.0,0.0,0.0
2,2,0.0,0.0,0.9375,0.0,0.0625,0.0,0.0,0.0,0.0,0.0,0.0
2,2,0.0,0.0,0.9375,0.0,0.0625,0.0,0.0,0.0,0.0,0.0,0.0
2,2,0.0,0.0,0.9375,0.0,0.0625,0.0,0.0,0.0,0.0,0.0,0.0
2,2,0.0,0.0,0.9375,0.0,0.0625,0.0,0.0,0.0,0.0,0.0,0.0
2,2,0.0,0.0,0.9375,0.0,0.0625,0.0,0.0,0.0,0.0,0.0,0.0
2,2,0.0,0.0,0.9375,0.0,0.0625,0.0,0.0,0.0,0.0,0.0,0.0
2,2,0.0,0.0,0.9375,0.0,0.0625,0.0,0.0,0.0,0.0,0.0,0.0
2,2,0.0,0.0,0.9375,0.0,0.0625,0.0,0.0,0.0,0.0,0.0,0.0
2,2,0.0,0.0,0.9375,0.0,0.0625,0.0,0.0,0.0,0.0,0.0,0.0
2,2,0.0,0.0,0.9375,0.0,0.0625,0.0,0.0,0.0,0.0,0.0,0.0
2,2,0.0,0.0,0.9375,0.0,0.0625,0.0,0.0,0.0,0.0,0.0,0.0
2,2,0.0,0.0,0.9375,0.0,0.0625,0.0,0.0,0.0,0.0,0.0,0.0
2,2,0.0,0.0,0.9375,0.0,0.0625,0.0,0.0,0.0,0.0,0.0,0.0
2,2,0.0,0.0,0.9375,0.0,0.0625,0.0,0.0,0.0,0.0,0.0,0.0
2,2,0.0,0.0,0.9375,0.0,0.0625,0.0,0.0,0.0,0.0,0.0,0.0
2,2,0.0,0.0,0.9375,0.0,0.0625,0.0,0.0,0.0,0.0,0.0,0.0
2,2,0.0,0.0,0.9375,0.0,0.0625,0.0,0.0,0.0,0.0,0.0,0.0
2,2,0.0,0.0,0.9375,0.0,0.0625,0.0,0.0,0.0,0.0,0.0,0.0
2,2,0.0,0.0,0.9375,0.0,0.0625,0.0,0.0,0.0,0.0,0.0,0.0
2,2,0.0,0.0,0.9375,0.0,0.0625,0.0,0.0,0.0,0.0,0.0,0.0
2,2,0.0,0.0,0.9375,0.0,0.0625,0.0,0.0,0.0,0.0,0.0,0.0
2,2,0.0,0.0,0.9375,0.0,0.0625,0.0,0.0,0.0,0.0,0.0,0.0
2,2,0.0,0.0,0.9375,0.0,0.0625,0.0,0.0,0.0,0.0,0.0,0.0
2,2,0.0,0.0,0.9375,0.0,0.0625,0.0,0.0,0.0,0.0,0.0,0.0
2,2,0.0,0.0,0.9375,0.0,0.0625,0.0,0.0,0.0,0.0,0.0,0.0
2,2,0.0,0.0,0.9375,0.0,0.0625,0.0,0.0,0.0,0.0,0.0,0.0
2,2,0.0,0.0,0.9375,0.0,0.0625,0.0,0.0,0.0,0.0,0.0,0.0
2,2,0.0,0.0,0.9375,0.0,0.0625,0.0,0.0,0.0,0.0,0.0,0.0
2,2,0.0,0.0,0.9375,0.0,0.0625,0.0,0.0,0.0,0.0,0.0,0.0
2,2,0.0,0.0,0.9375,0.0,0.0625,0.0,0.0,0.0,0.0,0.0,0.0
2,2,0.0,0.0,0.9375,0.0,0.0625,0.0,0.0,0.0,0.0,0.0,0.0
2,2,0.0,0.0,0.9375,0.0,0.0625,0.0,0.0,0.0,0.0,0.0,0.0
2,2,0.0,0.0,0.9375,0.0,0.0625,0.0,0.0,0.0,0.0,0.0,0.0
2,2,0.0,0.0,0.9375,0.0,0.0625,0.0,0.0,0.0,0.0,0.0,0.0
2,2,0.0,0.0,0.9375,0.0,0.0625,0.0,0.0,0.0,0.0,0.0,0.0
2,2,0.0,0.0,0.9375,0.0,0.0625,0.0,0.0,0.0,0.0,0.0,0.0
2,2,0.0,0.0,0.9375,0.0,0.0625,0.0,0.0,0.0,0.0,0.0,0.0
2,2,0.0,0.0,0.9375,0.0,0.0625,0.0,0.0,0.0,0.0,0.0,0.0
2,2,0.0,0.0,0.9375,0.0,0.0625,0.0,0.0,0.0,0.0,0.0,0.0
2,2,0.0,0.0,0.9375,0.0,0.0625,0.0,0.0,0.0,0.0,0.0,0.0
2,2,0.0,0.0,0.9375,0.0,0.0625,0.0,0.0,0.0,0.0,0.0,0.0
2,2,0.0,0.0,0.9375,0.0,0.0625,0.0,0.0,0.0,0.0,0.0,0.0
2,2,0.0,0.0,0.9375,0.0,0.0625,0.0,0.0,0.0,0.0,0.0,0.0
2,2,0.0,0.0,0.9375,0.0,0.0625,0.0,0.0,0.0,0.0,0.0,0.0
2,2,0.0,0.0,0.9375,0.0,0.0625,0.0,0.0,0.0,0.0,0.0,0.0
2,2,0.0,0.0,0.875,0.0625,0.0625,0.0,0.0,0.0,0.0,0.0,0.0
2,2,0.0,0.0,0.875,0.0625,0.0625,0.0,0.0,0.0,0.0,0.0,0.0
2,2,0.0,0.0,0.875,0.0625,0.0625,0.0,0.0,0.0,0.0,0.0,0.0
2,2,0.0,0.0,0.875,0.0625,0.0625,0.0,0.0,0.0,0.0,0.0,0.0
2,2,0.0,0.0,0.875,0.0625,0.0625,0.0,0.0,0.0,0.0,0.0,0.0
2,2,0.0,0.0,0.875,0.0625,0.0625,0.0,0.0,0.0,0.0,0.0,0.0
2,2,0.0,0.0,0.875,0.0625,0.0625,0.0,0.0,0.0,0.0,0.0,0.0
2,2,0.0,0.0,0.875,0.0625,0.0625,0.0,0.0,0.0,0.0,0.0,0.0
2,2,0.0,0.0,0.875,0.0625,0.0625,0.0,0.0,0.0,0.0,0.0,0.0
2,2,0.0,0.0,0.875,0.0625,0.0625,0.0,0.0,0.0,0.0,0.0,0.0
2,2,0.0,0.0,0.875,0.0625,0.0625,0.0,0.0,0.0,0.0,0.0,0.0
2,2,0.0,0.0,0.875,0.0625,0.0625,0.0,0.0,0.0,0.0,0.0,0.0
2,2,0.0,0.0,0.875,0.0625,0.0625,0.0,0.0,0.0,0.0,0.0,0.0
2,2,0.0,0.0,0.875,0.0625,0.0625,0.0,0.0,0.0,0.0,0.0,0.0
2,2,0.0,0.0,0.875,0.0625,0.0625,0.0,0.0,0.0,0.0,0.0,0.0
2,2,0.0,0.0,0.875,0.0625,0.0625,0.0,0.0,0.0,0.0,0.0,0.0
2,2,0.0,0.0,0.875,0.0625,0.0625,0.0,0.0,0.0,0.0,0.0,0.0
2,2,0.0,0.0,0.875,0.0625,0.0625,0.0,0.0,0.0,0.0,0.0,0.0
2,2,0.0,0.0,0.875,0.0625,0.0625,0.0,0.0,0.0,0.0,0.0,0.0
2,2,0.0,0.0,0.875,0.0625,0.0625,0.0,0.0,0.0,0.0,0.0,0.0
2,2,0.0,0.0,0.875,0.0625,0.0625,0.0,0.0,0.0,0.0,0.0,0.0
2,2,0.0,0.0,0.875,0.0625,0.0625,0.0,0.0,0.0,0.0,0.0,0.0
2,2,0.0,0.0,0.875,0.0625,0.0625,0.0,0.0,0.0,0.0,0.0,0.0
2,2,0.0,0.0,0.875,0.0625,0.0625,0.0,0.0,0.0,0.0,0.0,0.0
2,2,0.0,0.0,0.875,0.0625,0.0625,0.0,0.0,0.0,0.0,0.0,0.0
2,2,0.0,0.0,0.875,0.0625,0.0625,0.0,0.0,0.0,0.0,0.0,0.0
2,2,0.0,0.0,0.875,0.0625,0.0625,0.0,0.0,0.0,0.0,0.0,0.0
2,2,0.0,0.0,0.875,0.0625,0.0625,0.0,0.0,0.0,0.0,0.0,0.0
2,2,0.0,0.0,0.875,0.0625,0.0625,0.0,0.0,0.0,0.0,0.0,0.0
2,2,0.0,0.0,0.875,0.0625,0.0625,0.0,0.0,0.0,0.0,0.0,0.0
2,2,0.0,0.0,0.875,0.0625,0.0625,0.0,0.0,0.0,0.0,0.0,0.0
2,2,0.0,0.0,0.875,0.0625,0.0625,0.0,0.0,0.0,0.0,0.0,0.0
2,2,0.0,0.0,0.875,0.0625,0.0625,0.0,0.0,0.0,0.0,0.0,0.0
2,2,0.0,0.0,0.875,0.0625,0.0625,0.0,0.0,0.0,0.0,0.0,0.0
2,2,0.0,0.0,0.875,0.0625,0.0625,0.0,0.0,0.0,0.0,0.0,0.0
2,2,0.0,0.0,0.875,0.0625,0.0625,0.0,0.0,0.0,0.0,0.0,0.0
2,2,0.0,0.0,0.875,0.0625,0.0625,0.0,0.0,0.0,0.0,0.0,0.0
2,2,0.0,0.0,0.875,0.0625,0.0625,0.0,0.0,0.0,0.0,0.0,0.0
2,2,0.0,0.0,0.875,0.0625,0.0625,0.0,0.0,0.0,0.0,0.0,0.0
2,2,0.0,0.0,0.875,0.0625,0.0625,0.0,0.0,0.0,0.0,0.0,0.0
2,2,0.0,0.0,0.875,0.0625,0.0625,0.0,0.0,0.0,0.0,0.0,0.0
2,2,0.0,0.0,0.875,0.0625,0.0625,0.0,0.0,0.0,0.0,0.0,0.0
2,2,0.0,0.0,0.875,0.0625,0.0625,0.0,0.0,0.0,0.0,0.0,0.0
2,2,0.0,0.0,0.875,0.0625,0.0625,0.0,0.0,0.0,0.0,0.0,0.0
2,2,0.0,0.0,0.875,0.0625,0.0625,0.0,0.0,0.0,0.0,0.0,0.0
2,2,0.0,0.0,0.875,0.0625,0.0625,0.0,0.0,0.0,0.0,0.0,0.0
2,2,0.0,0.0,0.875,0.0625,0.0625,0.0,0.0,0.0,0.0,0.0,0.0
2,2,0.0,0.0,0.875,0.0625,0.0625,0.0,0.0,0.0,0.0,0.0,0.0
2,2,0.0,0.0,0.9375,0.0625,0.0,0.0,0.0,0.0,0.0,0.0,0.0
2,2,0.0,0.0,0.9375,0.0625,0.0,0.0,0.0,0.0,0.0,0.0,0.0
2,2,0.0,0.0,0.9375,0.0625,0.0,0.0,0.0,0.0,0.0,0.0,0.0
2,2,0.0,0.0,0.9375,0.0625,0.0,0.0,0.0,0.0,0.0,0.0,0.0
2,2,0.0,0.0,0.9375,0.0625,0.0,0.0,0.0,0.0,0.0,0.0,0.0
2,2,0.0,0.0,0.9375,0.0625,0.0,0.0,0.0,0.0,0.0,0.0,0.0
2,2,0.0,0.0,0.9375,0.0625,0.0,0.0,0.0,0.0,0.0,0.0,0.0
2,2,0.0,0.0,0.9375,0.0625,0.0,0.0,0.0,0.0,0.0,0.0,0.0
2,2,0.0,0.0,0.9375,0.0625,0.0,0.0,0.0,0.0,0.0,0.0,0.0
2,2,0.0,0.0,0.9375,0.0625,0.0,0.0,0.0,0.0,0.0,0.0,0.0
2,2,0.0,0.0,0.9375,0.0625,0.0,0.0,0.0,0.0,0.0,0.0,0.0
2,2,0.0,0.0,0.9375,0.0625,0.0,0.0,0.0,0.0,0.0,0.0,0.0
2,2,0.0,0.0,0.9375,0.0625,0.0,0.0,0.0,0.0,0.0,0.0,0.0
2,2,0.0,0.0,0.9375,0.0625,0.0,0.0,0.0,0.0,0.0,0.0,0.0
2,2,0.0,0.0,0.9375,0.0625,0.0,0.0,0.0,0.0,0.0,0.0,0.0
2,2,0.0,0.0,0.9375,0.0625,0.0,0.0,0.0,0.0,0.0,0.0,0.0
2,2,0.0,0.0,0.9375,0.0625,0.0,0.0,0.0,0.0,0.0,0.0,0.0
2,2,0.0,0.0,0.9375,0.0625,0.0,0.0,0.0,0.0,0.0,0.0,0.0
2,2,0.0,0.0,0.9375,0.0625,0.0,0.0,0.0,0.0,0.0,0.0,0.0
2,2,0.0,0.0,0.9375,0.0625,0.0,0.0,0.0,0.0,0.0,0.0,0.0
2,2,0.0,0.0,0.9375,0.0625,0.0,0.0,0.0,0.0,0.0,0.0,0.0
2,2,0.0,0.0,0.9375,0.0625,0.0,0.0,0.0,0.0,0.0,0.0,0.0
2,2,0.0625,0.0,0.875,0.0625,0.0,0.0,0.0,0.0,0.0,0.0,0.0
2,2,0.0625,0.0,0.875,0.0625,0.0,0.0,0.0,0.0,0.0,0.0,0.0
2,2,0.0625,0.0,0.875,0.0625,0.0,0.0,0.0,0.0,0.0,0.0,0.0
2,2,0.0625,0.0,0.875,0.0625,0.0,0.0,0.0,0.0,0.0,0.0,0.0
2,2,0.0625,0.0,0.875,0.0625,0.0,0.0,0.0,0.0,0.0,0.0,0.0
2,2,0.0625,0.0,0.875,0.0625,0.0,0.0,0.0,0.0,0.0,0.0,0.0
2,2,0.0625,0.0,0.875,0.0625,0.0,0.0,0.0,0.0,0.0,0.0,0.0
2,2,0.0625,0.0,0.875,0.0625,0.0,0.0,0.0,0.0,0.0,0.0,0.0
2,2,0.0625,0.0,0.875,0.0625,0.0,0.0,0.0,0.0,0.0,0.0,0.0
2,2,0.0625,0.0,0.875,0.0625,0.0,0.0,0.0,0.0,0.0,0.0,0.0
2,2,0.0625,0.0,0.875,0.0625,0.0,0.0,0.0,0.0,0.0,0.0,0.0
2,2,0.0625,0.0,0.875,0.0625,0.0,0.0,0.0,0.0,0.0,0.0,0.0
2,2,0.0625,0.0,0.875,0.0625,0.0,0.0,0.0,0.0,0.0,0.0,0.0
2,2,0.0625,0.0,0.875,0.0625,0.0,0.0,0.0,0.0,0.0,0.0,0.0
2,2,0.0625,0.0,0.875,0.0625,0.0,0.0,0.0,0.0,0.0,0.0,0.0
2,2,0.0625,0.0,0.875,0.0625,0.0,0.0,0.0,0.0,0.0,0.0,0.0
2,2,0.0625,0.0,0.875,0.0625,0.0,0.0,0.0,0.0,0.0,0.0,0.0
2,2,0.0625,0.0,0.875,0.0625,0.0,0.0,0.0,0.0,0.0,0.0,0.0
2,2,0.0625,0.0,0.875,0.0625,0.0,0.0,0.0,0.0,0.0,0.0,0.0
2,2,0.0625,0.0,0.875,0.0625,0.0,0.0,0.0,0.0,0.0,0.0,0.0
2,2,0.0625,0.0,0.875,0.0625,0.0,0.0,0.0,0.0,0.0,0.0,0.0
2,2,0.0625,0.0,0.875,0.0625,0.0,0.0,0.0,0.0,0.0,0.0,0.0
2,2,0.0625,0.0,0.875,0.0625,0.0,0.0,0.0,0.0,0.0,0.0,0.0
2,2,0.0625,0.0,0.875,0.0625,0.0,0.0,0.0,0.0,0.0,0.0,0.0
2,2,0.0625,0.0,0.875,0.0625,0.0,0.0,0.0,0.0,0.0,0.0,0.0
2,2,0.0625,0.0,0.875,0.0625,0.0,0.0,0.0,0.0,0.0,0.0,0.0
2,2,0.0625,0.0,0.875,0.0625,0.0,0.0,0.0,0.0,0.0,0.0,0.0
2,2,0.0625,0.0,0.875,0.0625,0.0,0.0,0.0,0.0,0.0,0.0,0.0
2,2,0.0625,0.0,0.875,0.0625,0.0,0.0,0.0,0.0,0.0,0.0,0.0
2,2,0.0625,0.0,0.875,0.0625,0.0,0.0,0.0,0.0,0.0,0.0,0.0
2,2,0.0625,0.0,0.875,0.0625,0.0,0.0,0.0,0.0,0.0,0.0,0.0
2,2,0.0625,0.0,0.875,0.0625,0.0,0.0,0.0,0.0,0.0,0.0,0.0
2,2,0.0625,0.0,0.875,0.0625,0.0,0.0,0.0,0.0,0.0,0.0,0.0
2,2,0.0625,0.0,0.875,0.0625,0.0,0.0,0.0,0.0,0.0,0.0,0.0
2,2,0.0625,0.0,0.875,0.0625,0.0,0.0,0.0,0.0,0.0,0.0,0.0
2,2,0.0625,0.0,0.875,0.0625,0.0,0.0,0.0,0.0,0.0,0.0,0.0
2,2,0.0625,0.0,0.875,0.0625,0.0,0.0,0.0,0.0,0.0,0.0,0.0
2,2,0.0625,0.0,0.875,0.0625,0.0,0.0,0.0,0.0,0.0,0.0,0.0
2,2,0.0625,0.0,0.875,0.0625,0.0,0.0,0.0,0.0,0.0,0.0,0.0
2,2,0.0625,0.0,0.875,0.0625,0.0,0.0,0.0,0.0,0.0,0.0,0.0
2,2,0.0625,0.0,0.875,0.0625,0.0,0.0,0.0,0.0,0.0,0.0,0.0
2,2,0.0625,0.0,0.875,0.0625,0.0,0.0,0.0,0.0,0.0,0.0,0.0
2,2,0.0625,0.0,0.875,0.0625,0.0,0.0,0.0,0.0,0.0,0.0,0.0
2,2,0.0625,0.0,0.875,0.0625,0.0,0.0,0.0,0.0,0.0,0.0,0.0
2,2,0.0625,0.0,0.875,0.0625,0.0,0.0,0.0,0.0,0.0,0.0,0.0
2,2,0.0625,0.0,0.875,0.0625,0.0,0.0,0.0,0.0,0.0,0.0,0.0
2,2,0.0625,0.0,0.875,0.0625,0.0,0.0,0.0,0.0,0.0,0.0,0.0
2,2,0.0625,0.0,0.875,0.0625,0.0,0.0,0.0,0.0,0.0,0.0,0.0
2,2,0.0625,0.0,0.875,0.0625,0.0,0.0,0.0,0.0,0.0,0.0,0.0
2,2,0.0625,0.0,0.875,0.0625,0.0,0.0,0.0,0.0,0.0,0.0,0.0
2,2,0.0625,0.0,0.875,0.0625,0.0,0.0,0.0,0.0,0.0,0.0,0.0
2,2,0.0625,0.0,0.875,0.0625,0.0,0.0,0.0,0.0,0.0,0.0,0.0
2,2,0.0625,0.0,0.875,0.0625,0.0,0.0,0.0,0.0,0.0,0.0,0.0
2,2,0.0625,0.0,0.875,0.0625,0.0,0.0,0.0,0.0,0.0,0.0,0.0
2,2,0.0625,0.0,0.875,0.0625,0.0,0.0,0.0,0.0,0.0,0.0,0.0
2,2,0.0625,0.0,0.875,0.0625,0.0,0.0,0.0,0.0,0.0,0.0,0.0
2,2,0.0625,0.0,0.875,0.0625,0.0,0.0,0.0,0.0,0.0,0.0,0.0
2,2,0.0625,0.0,0.875,0.0625,0.0,0.0,0.0,0.0,0.0,0.0,0.0
2,2,0.0625,0.0,0.875,0.0625,0.0,0.0,0.0,0.0,0.0,0.0,0.0
2,2,0.0625,0.0,0.875,0.0625,0.0,0.0,0.0,0.0,0.0,0.0,0.0
2,2,0.0625,0.0,0.875,0.0625,0.0,0.0,0.0,0.0,0.0,0.0,0.0
2,2,0.0625,0.0,0.875,0.0625,0.0,0.0,0.0,0.0,0.0,0.0,0.0
2,2,0.0625,0.0,0.875,0.0625,0.0,0.0,0.0,0.0,0.0,0.0,0.0
2,2,0.0625,0.0,0.875,0.0625,0.0,0.0,0.0,0.0,0.0,0.0,0.0
2,2,0.0625,0.0,0.875,0.0625,0.0,0.0,0.0,0.0,0.0,0.0,0.0
2,2,0.0625,0.0,0.875,0.0625,0.0,0.0,0.0,0.0,0.0,0.0,0.0
2,2,0.0625,0.0,0.875,0.0625,0.0,0.0,0.0,0.0,0.0,0.0,0.0
2,2,0.0625,0.0,0.875,0.0625,0.0,0.0,0.0,0.0,0.0,0.0,0.0
2,2,0.0625,0.0,0.875,0.0625,0.0,0.0,0.0,0.0,0.0,0.0,0.0
2,2,0.0625,0.0,0.875,0.0625,0.0,0.0,0.0,0.0,0.0,0.0,0.0
2,2,0.0625,0.0,0.875,0.0625,0.0,0.0,0.0,0.0,0.0,0.0,0.0
2,2,0.0625,0.0,0.875,0.0625,0.0,0.0,0.0,0.0,0.0,0.0,0.0
2,2,0.0625,0.0,0.875,0.0625,0.0,0.0,0.0,0.0,0.0,0.0,0.0
2,2,0.0625,0.0,0.875,0.0625,0.0,0.0,0.0,0.0,0.0,0.0,0.0
2,2,0.0625,0.0,0.875,0.0625,0.0,0.0,0.0,0.0,0.0,0.0,0.0
2,2,0.0625,0.0,0.875,0.0625,0.0,0.0,0.0,0.0,0.0,0.0,0.0
2,2,0.0625,0.0,0.875,0.0625,0.0,0.0,0.0,0.0,0.0,0.0,0.0
2,2,0.0625,0.0,0.875,0.0625,0.0,0.0,0.0,0.0,0.0,0.0,0.0
2,2,0.0625,0.0,0.875,0.0625,0.0,0.0,0.0,0.0,0.0,0.0,0.0
2,2,0.0625,0.0,0.875,0.0625,0.0,0.0,0.0,0.0,0.0,0.0,0.0
2,2,0.0625,0.0,0.875,0.0625,0.0,0.0,0.0,0.0,0.0,0.0,0.0
2,2,0.0625,0.0,0.875,0.0625,0.0,0.0,0.0,0.0,0.0,0.0,0.0
2,2,0.0625,0.0,0.875,0.0625,0.0,0.0,0.0,0.0,0.0,0.0,0.0
2,2,0.0625,0.0,0.875,0.0625,0.0,0.0,0.0,0.0,0.0,0.0,0.0
2,2,0.0625,0.0,0.875,0.0625,0.0,0.0,0.0,0.0,0.0,0.0,0.0
2,2,0.0625,0.0,0.875,0.0625,0.0,0.0,0.0,0.0,0.0,0.0,0.0
2,2,0.0625,0.0,0.875,0.0625,0.0,0.0,0.0,0.0,0.0,0.0,0.0
2,2,0.0625,0.0,0.875,0.0625,0.0,0.0,0.0,0.0,0.0,0.0,0.0
2,2,0.0625,0.0,0.875,0.0625,0.0,0.0,0.0,0.0,0.0,0.0,0.0
2,2,0.0625,0.0,0.875,0.0625,0.0,0.0,0.0,0.0,0.0,0.0,0.0
2,2,0.0625,0.0,0.875,0.0625,0.0,0.0,0.0,0.0,0.0,0.0,0.0
2,2,0.0625,0.0,0.875,0.0625,0.0,0.0,0.0,0.0,0.0,0.0,0.0
2,2,0.0625,0.0,0.875,0.0625,0.0,0.0,0.0,0.0,0.0,0.0,0.0
2,2,0.0625,0.0,0.875,0.0625,0.0,0.0,0.0,0.0,0.0,0.0,0.0
2,2,0.0625,0.0,0.875,0.0625,0.0,0.0,0.0,0.0,0.0,0.0,0.0
2,2,0.0625,0.0,0.875,0.0625,0.0,0.0,0.0,0.0,0.0,0.0,0.0
2,2,0.0625,0.0,0.875,0.0625,0.0,0.0,0.0,0.0,0.0,0.0,0.0
2,2,0.0625,0.0,0.875,0.0625,0.0,0.0,0.0,0.0,0.0,0.0,0.0
2,2,0.0625,0.0,0.875,0.0625,0.0,0.0,0.0,0.0,0.0,0.0,0.0
2,2,0.0625,0.0,0.875,0.0625,0.0,0.0,0.0,0.0,0.0,0.0,0.0
2,2,0.0625,0.0,0.875,0.0625,0.0,0.0,0.0,0.0,0.0,0.0,0.0
2,2,0.0625,0.0,0.875,0.0625,0.0,0.0,0.0,0.0,0.0,0.0,0.0
2,2,0.0625,0.0,0.875,0.0625,0.0,0.0,0.0,0.0,0.0,0.0,0.0
2,2,0.0625,0.0,0.875,0.0625,0.0,0.0,0.0,0.0,0.0,0.0,0.0
2,2,0.0625,0.0,0.875,0.0625,0.0,0.0,0.0,0.0,0.0,0.0,0.0
2,2,0.0625,0.0,0.875,0.0625,0.0,0.0,0.0,0.0,0.0,0.0,0.0
2,2,0.0625,0.0,0.875,0.0625,0.0,0.0,0.0,0.0,0.0,0.0,0.0
2,2,0.0625,0.0,0.875,0.0625,0.0,0.0,0.0,0.0,0.0,0.0,0.0
2,2,0.0625,0.0,0.875,0.0625,0.0,0.0,0.0,0.0,0.0,0.0,0.0
2,2,0.0625,0.0,0.875,0.0625,0.0,0.0,0.0,0.0,0.0,0.0,0.0
2,2,0.0625,0.0,0.875,0.0625,0.0,0.0,0.0,0.0,0.0,0.0,0.0
2,2,0.0625,0.0,0.875,0.0625,0.0,0.0,0.0,0.0,0.0,0.0,0.0
2,2,0.0625,0.0,0.875,0.0625,0.0,0.0,0.0,0.0,0.0,0.0,0.0
2,2,0.0625,0.0,0.875,0.0625,0.0,0.0,0.0,0.0,0.0,0.0,0.0
2,2,0.0625,0.0,0.875,0.0625,0.0,0.0,0.0,0.0,0.0,0.0,0.0
2,2,0.0625,0.0,0.875,0.0625,0.0,0.0,0.0,0.0,0.0,0.0,0.0
2,2,0.0625,0.0,0.875,0.0625,0.0,0.0,0.0,0.0,0.0,0.0,0.0
2,2,0.0625,0.0,0.875,0.0625,0.0,0.0,0.0,0.0,0.0,0.0,0.0
2,2,0.0625,0.0,0.875,0.0625,0.0,0.0,0.0,0.0,0.0,0.0,0.0
2,2,0.0625,0.0,0.875,0.0625,0.0,0.0,0.0,0.0,0.0,0.0,0.0
2,2,0.0625,0.0,0.875,0.0625,0.0,0.0,0.0,0.0,0.0,0.0,0.0
2,2,0.0625,0.0,0.875,0.0625,0.0,0.0,0.0,0.0,0.0,0.0,0.0
2,2,0.0625,0.0,0.875,0.0625,0.0,0.0,0.0,0.0,0.0,0.0,0.0
2,2,0.0625,0.0,0.875,0.0625,0.0,0.0,0.0,0.0,0.0,0.0,0.0
2,2,0.0625,0.0,0.875,0.0625,0.0,0.0,0.0,0.0,0.0,0.0,0.0
2,2,0.0625,0.0,0.875,0.0625,0.0,0.0,0.0,0.0,0.0,0.0,0.0
2,2,0.0625,0.0,0.875,0.0625,0.0,0.0,0.0,0.0,0.0,0.0,0.0
2,2,0.0625,0.0,0.875,0.0625,0.0,0.0,0.0,0.0,0.0,0.0,0.0
2,2,0.0625,0.0,0.875,0.0625,0.0,0.0,0.0,0.0,0.0,0.0,0.0
2,2,0.0625,0.0,0.875,0.0625,0.0,0.0,0.0,0.0,0.0,0.0,0.0
2,2,0.0625,0.0,0.875,0.0625,0.0,0.0,0.0,0.0,0.0,0.0,0.0
2,2,0.0625,0.0,0.875,0.0625,0.0,0.0,0.0,0.0,0.0,0.0,0.0
2,2,0.0625,0.0,0.875,0.0625,0.0,0.0,0.0,0.0,0.0,0.0,0.0
2,2,0.0625,0.0,0.875,0.0625,0.0,0.0,0.0,0.0,0.0,0.0,0.0
2,2,0.0625,0.0,0.875,0.0625,0.0,0.0,0.0,0.0,0.0,0.0,0.0
2,2,0.0625,0.0,0.875,0.0625,0.0,0.0,0.0,0.0,0.0,0.0,0.0
2,2,0.0625,0.0,0.875,0.0625,0.0,0.0,0.0,0.0,0.0,0.0,0.0
2,2,0.0625,0.0,0.875,0.0625,0.0,0.0,0.0,0.0,0.0,0.0,0.0
2,2,0.0625,0.0,0.875,0.0625,0.0,0.0,0.0,0.0,0.0,0.0,0.0
2,2,0.0625,0.0,0.875,0.0625,0.0,0.0,0.0,0.0,0.0,0.0,0.0
2,2,0.0625,0.0,0.875,0.0625,0.0,0.0,0.0,0.0,0.0,0.0,0.0
2,2,0.0625,0.0,0.875,0.0625,0.0,0.0,0.0,0.0,0.0,0.0,0.0
2,2,0.0625,0.0,0.875,0.0625,0.0,0.0,0.0,0.0,0.0,0.0,0.0
2,2,0.0625,0.0,0.875,0.0625,0.0,0.0,0.0,0.0,0.0,0.0,0.0
2,2,0.0625,0.0,0.875,0.0625,0.0,0.0,0.0,0.0,0.0,0.0,0.0
2,2,0.0625,0.0,0.875,0.0625,0.0,0.0,0.0,0.0,0.0,0.0,0.0
2,2,0.0625,0.0,0.875,0.0625,0.0,0.0,0.0,0.0,0.0,0.0,0.0
2,2,0.0625,0.0,0.875,0.0625,0.0,0.0,0.0,0.0,0.0,0.0,0.0
2,2,0.0625,0.0,0.875,0.0625,0.0,0.0,0.0,0.0,0.0,0.0,0.0
2,2,0.0625,0.0,0.875,0.0625,0.0,0.0,0.0,0.0,0.0,0.0,0.0
2,2,0.0625,0.0,0.875,0.0625,0.0,0.0,0.0,0.0,0.0,0.0,0.0
2,2,0.0625,0.0,0.875,0.0625,0.0,0.0,0.0,0.0,0.0,0.0,0.0
2,2,0.0625,0.0,0.875,0.0625,0.0,0.0,0.0,0.0,0.0,0.0,0.0
2,2,0.0625,0.0,0.875,0.0625,0.0,0.0,0.0,0.0,0.0,0.0,0.0
2,2,0.0625,0.0,0.9375,0.0,0.0,0.0,0.0,0.0,0.0,0.0,0.0
2,2,0.0625,0.0,0.9375,0.0,0.0,0.0,0.0,0.0,0.0,0.0,0.0
2,2,0.0625,0.0,0.9375,0.0,0.0,0.0,0.0,0.0,0.0,0.0,0.0
2,2,0.0625,0.0,0.9375,0.0,0.0,0.0,0.0,0.0,0.0,0.0,0.0
2,2,0.0625,0.0,0.9375,0.0,0.0,0.0,0.0,0.0,0.0,0.0,0.0
2,2,0.0625,0.0,0.9375,0.0,0.0,0.0,0.0,0.0,0.0,0.0,0.0
2,2,0.0625,0.0,0.9375,0.0,0.0,0.0,0.0,0.0,0.0,0.0,0.0
2,2,0.0625,0.0,0.9375,0.0,0.0,0.0,0.0,0.0,0.0,0.0,0.0
2,2,0.0625,0.0,0.9375,0.0,0.0,0.0,0.0,0.0,0.0,0.0,0.0
2,2,0.0625,0.0,0.9375,0.0,0.0,0.0,0.0,0.0,0.0,0.0,0.0
2,2,0.0625,0.0,0.9375,0.0,0.0,0.0,0.0,0.0,0.0,0.0,0.0
2,2,0.0625,0.0,0.9375,0.0,0.0,0.0,0.0,0.0,0.0,0.0,0.0
2,2,0.0625,0.0,0.9375,0.0,0.0,0.0,0.0,0.0,0.0,0.0,0.0
2,2,0.0625,0.0,0.9375,0.0,0.0,0.0,0.0,0.0,0.0,0.0,0.0
2,2,0.0625,0.0,0.9375,0.0,0.0,0.0,0.0,0.0,0.0,0.0,0.0
2,2,0.0625,0.0,0.9375,0.0,0.0,0.0,0.0,0.0,0.0,0.0,0.0
2,2,0.0625,0.0,0.9375,0.0,0.0,0.0,0.0,0.0,0.0,0.0,0.0
2,2,0.0625,0.0,0.9375,0.0,0.0,0.0,0.0,0.0,0.0,0.0,0.0
2,2,0.0625,0.0,0.9375,0.0,0.0,0.0,0.0,0.0,0.0,0.0,0.0
2,2,0.0625,0.0,0.9375,0.0,0.0,0.0,0.0,0.0,0.0,0.0,0.0
2,2,0.0625,0.0,0.9375,0.0,0.0,0.0,0.0,0.0,0.0,0.0,0.0
2,2,0.0625,0.0,0.9375,0.0,0.0,0.0,0.0,0.0,0.0,0.0,0.0
2,2,0.0625,0.0,0.9375,0.0,0.0,0.0,0.0,0.0,0.0,0.0,0.0
2,2,0.0625,0.0,0.9375,0.0,0.0,0.0,0.0,0.0,0.0,0.0,0.0
2,2,0.0625,0.0,0.9375,0.0,0.0,0.0,0.0,0.0,0.0,0.0,0.0
2,2,0.0625,0.0,0.9375,0.0,0.0,0.0,0.0,0.0,0.0,0.0,0.0
2,2,0.0625,0.0,0.9375,0.0,0.0,0.0,0.0,0.0,0.0,0.0,0.0
2,2,0.0625,0.0,0.9375,0.0,0.0,0.0,0.0,0.0,0.0,0.0,0.0
2,2,0.0625,0.0,0.9375,0.0,0.0,0.0,0.0,0.0,0.0,0.0,0.0
2,2,0.0625,0.0,0.9375,0.0,0.0,0.0,0.0,0.0,0.0,0.0,0.0
2,2,0.0625,0.0,0.9375,0.0,0.0,0.0,0.0,0.0,0.0,0.0,0.0
2,2,0.0625,0.0,0.9375,0.0,0.0,0.0,0.0,0.0,0.0,0.0,0.0
2,2,0.0625,0.0,0.9375,0.0,0.0,0.0,0.0,0.0,0.0,0.0,0.0
2,2,0.0625,0.0,0.9375,0.0,0.0,0.0,0.0,0.0,0.0,0.0,0.0
2,2,0.0625,0.0,0.9375,0.0,0.0,0.0,0.0,0.0,0.0,0.0,0.0
2,2,0.0625,0.0,0.9375,0.0,0.0,0.0,0.0,0.0,0.0,0.0,0.0
2,2,0.0625,0.0,0.9375,0.0,0.0,0.0,0.0,0.0,0.0,0.0,0.0
2,2,0.0625,0.0,0.9375,0.0,0.0,0.0,0.0,0.0,0.0,0.0,0.0
2,2,0.0625,0.0,0.9375,0.0,0.0,0.0,0.0,0.0,0.0,0.0,0.0
2,2,0.0625,0.0,0.9375,0.0,0.0,0.0,0.0,0.0,0.0,0.0,0.0
2,2,0.0625,0.0,0.9375,0.0,0.0,0.0,0.0,0.0,0.0,0.0,0.0
2,2,0.0625,0.0,0.9375,0.0,0.0,0.0,0.0,0.0,0.0,0.0,0.0
2,2,0.0625,0.0,0.9375,0.0,0.0,0.0,0.0,0.0,0.0,0.0,0.0
2,2,0.0625,0.0,0.9375,0.0,0.0,0.0,0.0,0.0,0.0,0.0,0.0
2,2,0.0625,0.0,0.9375,0.0,0.0,0.0,0.0,0.0,0.0,0.0,0.0
2,2,0.0625,0.0,0.9375,0.0,0.0,0.0,0.0,0.0,0.0,0.0,0.0
2,2,0.0625,0.0,0.9375,0.0,0.0,0.0,0.0,0.0,0.0,0.0,0.0
2,2,0.0625,0.0,0.9375,0.0,0.0,0.0,0.0,0.0,0.0,0.0,0.0
2,2,0.0625,0.0,0.9375,0.0,0.0,0.0,0.0,0.0,0.0,0.0,0.0
2,2,0.0625,0.0,0.9375,0.0,0.0,0.0,0.0,0.0,0.0,0.0,0.0
2,2,0.0625,0.0,0.9375,0.0,0.0,0.0,0.0,0.0,0.0,0.0,0.0
2,2,0.0625,0.0,0.9375,0.0,0.0,0.0,0.0,0.0,0.0,0.0,0.0
2,2,0.0625,0.0,0.9375,0.0,0.0,0.0,0.0,0.0,0.0,0.0,0.0
2,2,0.0625,0.0,0.9375,0.0,0.0,0.0,0.0,0.0,0.0,0.0,0.0
2,2,0.0625,0.0,0.9375,0.0,0.0,0.0,0.0,0.0,0.0,0.0,0.0
2,2,0.0625,0.0,0.9375,0.0,0.0,0.0,0.0,0.0,0.0,0.0,0.0
2,2,0.0625,0.0,0.9375,0.0,0.0,0.0,0.0,0.0,0.0,0.0,0.0
2,2,0.0625,0.0,0.9375,0.0,0.0,0.0,0.0,0.0,0.0,0.0,0.0
2,2,0.0625,0.0,0.9375,0.0,0.0,0.0,0.0,0.0,0.0,0.0,0.0
2,2,0.0625,0.0,0.9375,0.0,0.0,0.0,0.0,0.0,0.0,0.0,0.0
2,2,0.0625,0.0,0.9375,0.0,0.0,0.0,0.0,0.0,0.0,0.0,0.0
2,2,0.0625,0.0,0.9375,0.0,0.0,0.0,0.0,0.0,0.0,0.0,0.0
2,2,0.0625,0.0,0.9375,0.0,0.0,0.0,0.0,0.0,0.0,0.0,0.0
2,2,0.0625,0.0,0.9375,0.0,0.0,0.0,0.0,0.0,0.0,0.0,0.0
2,2,0.0625,0.0,0.9375,0.0,0.0,0.0,0.0,0.0,0.0,0.0,0.0
2,2,0.0625,0.0,0.9375,0.0,0.0,0.0,0.0,0.0,0.0,0.0,0.0
2,2,0.0625,0.0,0.9375,0.0,0.0,0.0,0.0,0.0,0.0,0.0,0.0
2,2,0.0625,0.0,0.9375,0.0,0.0,0.0,0.0,0.0,0.0,0.0,0.0
2,2,0.0625,0.0,0.9375,0.0,0.0,0.0,0.0,0.0,0.0,0.0,0.0
2,2,0.0625,0.0,0.9375,0.0,0.0,0.0,0.0,0.0,0.0,0.0,0.0
2,2,0.0625,0.0,0.9375,0.0,0.0,0.0,0.0,0.0,0.0,0.0,0.0
2,2,0.0625,0.0,0.9375,0.0,0.0,0.0,0.0,0.0,0.0,0.0,0.0
2,2,0.0625,0.0,0.9375,0.0,0.0,0.0,0.0,0.0,0.0,0.0,0.0
2,2,0.0625,0.0,0.9375,0.0,0.0,0.0,0.0,0.0,0.0,0.0,0.0
2,2,0.0625,0.0,0.9375,0.0,0.0,0.0,0.0,0.0,0.0,0.0,0.0
2,2,0.0625,0.0,0.9375,0.0,0.0,0.0,0.0,0.0,0.0,0.0,0.0
2,2,0.0625,0.0,0.9375,0.0,0.0,0.0,0.0,0.0,0.0,0.0,0.0
2,2,0.0625,0.0,0.9375,0.0,0.0,0.0,0.0,0.0,0.0,0.0,0.0
2,2,0.0625,0.0,0.9375,0.0,0.0,0.0,0.0,0.0,0.0,0.0,0.0
2,2,0.0625,0.0,0.9375,0.0,0.0,0.0,0.0,0.0,0.0,0.0,0.0
2,2,0.0625,0.0,0.9375,0.0,0.0,0.0,0.0,0.0,0.0,0.0,0.0
2,2,0.0625,0.0,0.9375,0.0,0.0,0.0,0.0,0.0,0.0,0.0,0.0
2,2,0.0625,0.0,0.9375,0.0,0.0,0.0,0.0,0.0,0.0,0.0,0.0
2,2,0.0625,0.0,0.9375,0.0,0.0,0.0,0.0,0.0,0.0,0.0,0.0
2,2,0.0625,0.0,0.9375,0.0,0.0,0.0,0.0,0.0,0.0,0.0,0.0
2,2,0.0625,0.0,0.9375,0.0,0.0,0.0,0.0,0.0,0.0,0.0,0.0
2,2,0.0625,0.0,0.9375,0.0,0.0,0.0,0.0,0.0,0.0,0.0,0.0
2,2,0.0625,0.0,0.9375,0.0,0.0,0.0,0.0,0.0,0.0,0.0,0.0
2,2,0.0625,0.0,0.9375,0.0,0.0,0.0,0.0,0.0,0.0,0.0,0.0
2,2,0.0625,0.0,0.9375,0.0,0.0,0.0,0.0,0.0,0.0,0.0,0.0
2,2,0.0625,0.0,0.9375,0.0,0.0,0.0,0.0,0.0,0.0,0.0,0.0
2,2,0.0625,0.0,0.9375,0.0,0.0,0.0,0.0,0.0,0.0,0.0,0.0
2,2,0.0625,0.0,0.9375,0.0,0.0,0.0,0.0,0.0,0.0,0.0,0.0
2,2,0.0625,0.0,0.9375,0.0,0.0,0.0,0.0,0.0,0.0,0.0,0.0
2,2,0.0625,0.0,0.9375,0.0,0.0,0.0,0.0,0.0,0.0,0.0,0.0
2,2,0.0625,0.0,0.9375,0.0,0.0,0.0,0.0,0.0,0.0,0.0,0.0
2,2,0.0625,0.0,0.9375,0.0,0.0,0.0,0.0,0.0,0.0,0.0,0.0
2,2,0.0625,0.0,0.9375,0.0,0.0,0.0,0.0,0.0,0.0,0.0,0.0
2,2,0.0625,0.0,0.9375,0.0,0.0,0.0,0.0,0.0,0.0,0.0,0.0
2,2,0.0625,0.0,0.9375,0.0,0.0,0.0,0.0,0.0,0.0,0.0,0.0
2,2,0.0625,0.0,0.9375,0.0,0.0,0.0,0.0,0.0,0.0,0.0,0.0
2,2,0.0625,0.0,0.9375,0.0,0.0,0.0,0.0,0.0,0.0,0.0,0.0
2,2,0.0625,0.0,0.9375,0.0,0.0,0.0,0.0,0.0,0.0,0.0,0.0
2,2,0.0625,0.0,0.9375,0.0,0.0,0.0,0.0,0.0,0.0,0.0,0.0
2,2,0.0625,0.0,0.9375,0.0,0.0,0.0,0.0,0.0,0.0,0.0,0.0
2,2,0.0625,0.0,0.9375,0.0,0.0,0.0,0.0,0.0,0.0,0.0,0.0
2,2,0.0625,0.0,0.9375,0.0,0.0,0.0,0.0,0.0,0.0,0.0,0.0
2,2,0.0625,0.0,0.9375,0.0,0.0,0.0,0.0,0.0,0.0,0.0,0.0
2,2,0.0625,0.0,0.9375,0.0,0.0,0.0,0.0,0.0,0.0,0.0,0.0
2,2,0.0625,0.0,0.9375,0.0,0.0,0.0,0.0,0.0,0.0,0.0,0.0
2,2,0.0625,0.0,0.9375,0.0,0.0,0.0,0.0,0.0,0.0,0.0,0.0
2,2,0.0625,0.0,0.9375,0.0,0.0,0.0,0.0,0.0,0.0,0.0,0.0
2,2,0.0625,0.0,0.9375,0.0,0.0,0.0,0.0,0.0,0.0,0.0,0.0
2,2,0.0625,0.0,0.9375,0.0,0.0,0.0,0.0,0.0,0.0,0.0,0.0
2,2,0.0625,0.0,0.9375,0.0,0.0,0.0,0.0,0.0,0.0,0.0,0.0
2,2,0.0625,0.0,0.9375,0.0,0.0,0.0,0.0,0.0,0.0,0.0,0.0
2,2,0.0625,0.0,0.9375,0.0,0.0,0.0,0.0,0.0,0.0,0.0,0.0
2,2,0.0625,0.0,0.9375,0.0,0.0,0.0,0.0,0.0,0.0,0.0,0.0
2,2,0.0625,0.0,0.9375,0.0,0.0,0.0,0.0,0.0,0.0,0.0,0.0
2,2,0.0625,0.0,0.9375,0.0,0.0,0.0,0.0,0.0,0.0,0.0,0.0
2,2,0.0625,0.0,0.9375,0.0,0.0,0.0,0.0,0.0,0.0,0.0,0.0
2,2,0.0625,0.0,0.9375,0.0,0.0,0.0,0.0,0.0,0.0,0.0,0.0
2,2,0.0625,0.0,0.9375,0.0,0.0,0.0,0.0,0.0,0.0,0.0,0.0
2,2,0.0625,0.0,0.9375,0.0,0.0,0.0,0.0,0.0,0.0,0.0,0.0
2,2,0.0625,0.0,0.9375,0.0,0.0,0.0,0.0,0.0,0.0,0.0,0.0
2,2,0.0625,0.0,0.9375,0.0,0.0,0.0,0.0,0.0,0.0,0.0,0.0
2,2,0.0625,0.0,0.9375,0.0,0.0,0.0,0.0,0.0,0.0,0.0,0.0
2,2,0.0625,0.0,0.9375,0.0,0.0,0.0,0.0,0.0,0.0,0.0,0.0
2,2,0.0625,0.0,0.9375,0.0,0.0,0.0,0.0,0.0,0.0,0.0,0.0
2,2,0.0625,0.0,0.9375,0.0,0.0,0.0,0.0,0.0,0.0,0.0,0.0
2,2,0.0625,0.0,0.9375,0.0,0.0,0.0,0.0,0.0,0.0,0.0,0.0
2,2,0.0625,0.0,0.9375,0.0,0.0,0.0,0.0,0.0,0.0,0.0,0.0
2,2,0.0625,0.0,0.9375,0.0,0.0,0.0,0.0,0.0,0.0,0.0,0.0
2,2,0.0625,0.0,0.9375,0.0,0.0,0.0,0.0,0.0,0.0,0.0,0.0
2,2,0.0625,0.0,0.9375,0.0,0.0,0.0,0.0,0.0,0.0,0.0,0.0
2,2,0.0625,0.0,0.9375,0.0,0.0,0.0,0.0,0.0,0.0,0.0,0.0
2,2,0.0625,0.0,0.9375,0.0,0.0,0.0,0.0,0.0,0.0,0.0,0.0
2,2,0.0625,0.0,0.9375,0.0,0.0,0.0,0.0,0.0,0.0,0.0,0.0
2,2,0.0625,0.0,0.9375,0.0,0.0,0.0,0.0,0.0,0.0,0.0,0.0
2,2,0.0625,0.0,0.9375,0.0,0.0,0.0,0.0,0.0,0.0,0.0,0.0
2,2,0.0625,0.0,0.9375,0.0,0.0,0.0,0.0,0.0,0.0,0.0,0.0
2,2,0.0625,0.0,0.9375,0.0,0.0,0.0,0.0,0.0,0.0,0.0,0.0
2,2,0.0625,0.0,0.9375,0.0,0.0,0.0,0.0,0.0,0.0,0.0,0.0
2,2,0.0625,0.0,0.9375,0.0,0.0,0.0,0.0,0.0,0.0,0.0,0.0
2,2,0.0625,0.0,0.9375,0.0,0.0,0.0,0.0,0.0,0.0,0.0,0.0
2,2,0.0625,0.0,0.9375,0.0,0.0,0.0,0.0,0.0,0.0,0.0,0.0
2,2,0.0625,0.0,0.9375,0.0,0.0,0.0,0.0,0.0,0.0,0.0,0.0
2,2,0.0625,0.0,0.9375,0.0,0.0,0.0,0.0,0.0,0.0,0.0,0.0
2,2,0.0625,0.0,0.9375,0.0,0.0,0.0,0.0,0.0,0.0,0.0,0.0
2,2,0.0625,0.0,0.9375,0.0,0.0,0.0,0.0,0.0,0.0,0.0,0.0
2,2,0.0625,0.0,0.9375,0.0,0.0,0.0,0.0,0.0,0.0,0.0,0.0
2,2,0.0625,0.0,0.9375,0.0,0.0,0.0,0.0,0.0,0.0,0.0,0.0
2,2,0.0625,0.0,0.9375,0.0,0.0,0.0,0.0,0.0,0.0,0.0,0.0
2,2,0.0625,0.0,0.9375,0.0,0.0,0.0,0.0,0.0,0.0,0.0,0.0
2,2,0.0625,0.0,0.9375,0.0,0.0,0.0,0.0,0.0,0.0,0.0,0.0
2,2,0.0625,0.0,0.9375,0.0,0.0,0.0,0.0,0.0,0.0,0.0,0.0
2,2,0.0625,0.0,0.9375,0.0,0.0,0.0,0.0,0.0,0.0,0.0,0.0
2,2,0.0625,0.0,0.9375,0.0,0.0,0.0,0.0,0.0,0.0,0.0,0.0
2,2,0.0625,0.0,0.9375,0.0,0.0,0.0,0.0,0.0,0.0,0.0,0.0
2,2,0.0625,0.0,0.9375,0.0,0.0,0.0,0.0,0.0,0.0,0.0,0.0
2,2,0.0625,0.0,0.9375,0.0,0.0,0.0,0.0,0.0,0.0,0.0,0.0
2,2,0.0625,0.0,0.9375,0.0,0.0,0.0,0.0,0.0,0.0,0.0,0.0
2,2,0.0625,0.0,0.9375,0.0,0.0,0.0,0.0,0.0,0.0,0.0,0.0
2,2,0.0625,0.0,0.9375,0.0,0.0,0.0,0.0,0.0,0.0,0.0,0.0
2,2,0.0625,0.0,0.9375,0.0,0.0,0.0,0.0,0.0,0.0,0.0,0.0
2,2,0.0625,0.0,0.9375,0.0,0.0,0.0,0.0,0.0,0.0,0.0,0.0
2,2,0.0625,0.0,0.9375,0.0,0.0,0.0,0.0,0.0,0.0,0.0,0.0
2,2,0.0625,0.0,0.9375,0.0,0.0,0.0,0.0,0.0,0.0,0.0,0.0
2,2,0.0625,0.0,0.9375,0.0,0.0,0.0,0.0,0.0,0.0,0.0,0.0
2,2,0.0625,0.0,0.9375,0.0,0.0,0.0,0.0,0.0,0.0,0.0,0.0
2,2,0.0625,0.0,0.9375,0.0,0.0,0.0,0.0,0.0,0.0,0.0,0.0
2,2,0.0625,0.0,0.9375,0.0,0.0,0.0,0.0,0.0,0.0,0.0,0.0
2,2,0.0625,0.0,0.9375,0.0,0.0,0.0,0.0,0.0,0.0,0.0,0.0
2,2,0.0625,0.0,0.9375,0.0,0.0,0.0,0.0,0.0,0.0,0.0,0.0
2,2,0.0625,0.0,0.9375,0.0,0.0,0.0,0.0,0.0,0.0,0.0,0.0
2,2,0.0625,0.0,0.9375,0.0,0.0,0.0,0.0,0.0,0.0,0.0,0.0
2,2,0.0625,0.0,0.9375,0.0,0.0,0.0,0.0,0.0,0.0,0.0,0.0
2,2,0.0625,0.0,0.9375,0.0,0.0,0.0,0.0,0.0,0.0,0.0,0.0
2,2,0.0625,0.0,0.9375,0.0,0.0,0.0,0.0,0.0,0.0,0.0,0.0
2,2,0.0625,0.0,0.9375,0.0,0.0,0.0,0.0,0.0,0.0,0.0,0.0
2,2,0.0625,0.0,0.9375,0.0,0.0,0.0,0.0,0.0,0.0,0.0,0.0
2,2,0.0625,0.0,0.9375,0.0,0.0,0.0,0.0,0.0,0.0,0.0,0.0
2,2,0.0625,0.0,0.9375,0.0,0.0,0.0,0.0,0.0,0.0,0.0,0.0
2,2,0.0625,0.0,0.9375,0.0,0.0,0.0,0.0,0.0,0.0,0.0,0.0
2,2,0.0625,0.0,0.9375,0.0,0.0,0.0,0.0,0.0,0.0,0.0,0.0
2,2,0.0625,0.0,0.9375,0.0,0.0,0.0,0.0,0.0,0.0,0.0,0.0
2,2,0.0625,0.0,0.9375,0.0,0.0,0.0,0.0,0.0,0.0,0.0,0.0
2,2,0.0625,0.0,0.9375,0.0,0.0,0.0,0.0,0.0,0.0,0.0,0.0
2,2,0.0625,0.0,0.9375,0.0,0.0,0.0,0.0,0.0,0.0,0.0,0.0
2,2,0.0625,0.0,0.9375,0.0,0.0,0.0,0.0,0.0,0.0,0.0,0.0
2,2,0.0625,0.0,0.9375,0.0,0.0,0.0,0.0,0.0,0.0,0.0,0.0
2,2,0.0625,0.0,0.9375,0.0,0.0,0.0,0.0,0.0,0.0,0.0,0.0
2,2,0.0625,0.0,0.9375,0.0,0.0,0.0,0.0,0.0,0.0,0.0,0.0
2,2,0.0625,0.0,0.9375,0.0,0.0,0.0,0.0,0.0,0.0,0.0,0.0
2,2,0.0625,0.0,0.9375,0.0,0.0,0.0,0.0,0.0,0.0,0.0,0.0
2,2,0.0625,0.0,0.9375,0.0,0.0,0.0,0.0,0.0,0.0,0.0,0.0
2,2,0.0625,0.0,0.9375,0.0,0.0,0.0,0.0,0.0,0.0,0.0,0.0
2,2,0.0625,0.0,0.9375,0.0,0.0,0.0,0.0,0.0,0.0,0.0,0.0
2,2,0.0625,0.0,0.9375,0.0,0.0,0.0,0.0,0.0,0.0,0.0,0.0
2,2,0.0625,0.0,0.9375,0.0,0.0,0.0,0.0,0.0,0.0,0.0,0.0
2,2,0.0625,0.0,0.9375,0.0,0.0,0.0,0.0,0.0,0.0,0.0,0.0
2,2,0.0625,0.0,0.9375,0.0,0.0,0.0,0.0,0.0,0.0,0.0,0.0
2,2,0.0625,0.0,0.9375,0.0,0.0,0.0,0.0,0.0,0.0,0.0,0.0
2,2,0.0625,0.0,0.9375,0.0,0.0,0.0,0.0,0.0,0.0,0.0,0.0
2,2,0.0625,0.0,0.9375,0.0,0.0,0.0,0.0,0.0,0.0,0.0,0.0
2,2,0.0625,0.0,0.9375,0.0,0.0,0.0,0.0,0.0,0.0,0.0,0.0
2,2,0.0625,0.0,0.9375,0.0,0.0,0.0,0.0,0.0,0.0,0.0,0.0
2,2,0.0625,0.0,0.9375,0.0,0.0,0.0,0.0,0.0,0.0,0.0,0.0
2,2,0.0625,0.0,0.9375,0.0,0.0,0.0,0.0,0.0,0.0,0.0,0.0
2,2,0.0625,0.0,0.9375,0.0,0.0,0.0,0.0,0.0,0.0,0.0,0.0
2,2,0.0625,0.0,0.9375,0.0,0.0,0.0,0.0,0.0,0.0,0.0,0.0
2,2,0.0625,0.0,0.9375,0.0,0.0,0.0,0.0,0.0,0.0,0.0,0.0
2,2,0.0625,0.0,0.9375,0.0,0.0,0.0,0.0,0.0,0.0,0.0,0.0
2,2,0.0625,0.0,0.9375,0.0,0.0,0.0,0.0,0.0,0.0,0.0,0.0
2,2,0.0625,0.0,0.9375,0.0,0.0,0.0,0.0,0.0,0.0,0.0,0.0
2,2,0.0625,0.0,0.9375,0.0,0.0,0.0,0.0,0.0,0.0,0.0,0.0
2,2,0.0625,0.0,0.9375,0.0,0.0,0.0,0.0,0.0,0.0,0.0,0.0
2,2,0.0625,0.0,0.9375,0.0,0.0,0.0,0.0,0.0,0.0,0.0,0.0
2,2,0.0625,0.0,0.9375,0.0,0.0,0.0,0.0,0.0,0.0,0.0,0.0
2,2,0.0625,0.0,0.9375,0.0,0.0,0.0,0.0,0.0,0.0,0.0,0.0
2,2,0.0625,0.0,0.9375,0.0,0.0,0.0,0.0,0.0,0.0,0.0,0.0
2,2,0.0625,0.0,0.9375,0.0,0.0,0.0,0.0,0.0,0.0,0.0,0.0
2,2,0.0625,0.0,0.9375,0.0,0.0,0.0,0.0,0.0,0.0,0.0,0.0
2,2,0.0625,0.0,0.9375,0.0,0.0,0.0,0.0,0.0,0.0,0.0,0.0
2,2,0.0625,0.0,0.9375,0.0,0.0,0.0,0.0,0.0,0.0,0.0,0.0
2,2,0.0625,0.0,0.9375,0.0,0.0,0.0,0.0,0.0,0.0,0.0,0.0
2,2,0.0625,0.0,0.9375,0.0,0.0,0.0,0.0,0.0,0.0,0.0,0.0
2,2,0.0625,0.0,0.9375,0.0,0.0,0.0,0.0,0.0,0.0,0.0,0.0
2,2,0.0625,0.0,0.9375,0.0,0.0,0.0,0.0,0.0,0.0,0.0,0.0
2,2,0.0625,0.0,0.9375,0.0,0.0,0.0,0.0,0.0,0.0,0.0,0.0
2,2,0.0625,0.0,0.9375,0.0,0.0,0.0,0.0,0.0,0.0,0.0,0.0
2,2,0.0625,0.0,0.9375,0.0,0.0,0.0,0.0,0.0,0.0,0.0,0.0
2,2,0.0625,0.0,0.9375,0.0,0.0,0.0,0.0,0.0,0.0,0.0,0.0
2,2,0.0625,0.0,0.9375,0.0,0.0,0.0,0.0,0.0,0.0,0.0,0.0
2,2,0.0625,0.0,0.9375,0.0,0.0,0.0,0.0,0.0,0.0,0.0,0.0
2,2,0.0625,0.0,0.9375,0.0,0.0,0.0,0.0,0.0,0.0,0.0,0.0
2,2,0.0625,0.0,0.9375,0.0,0.0,0.0,0.0,0.0,0.0,0.0,0.0
2,2,0.0625,0.0,0.9375,0.0,0.0,0.0,0.0,0.0,0.0,0.0,0.0
2,2,0.0625,0.0,0.9375,0.0,0.0,0.0,0.0,0.0,0.0,0.0,0.0
2,2,0.0625,0.0,0.9375,0.0,0.0,0.0,0.0,0.0,0.0,0.0,0.0
2,2,0.0625,0.0,0.9375,0.0,0.0,0.0,0.0,0.0,0.0,0.0,0.0
2,2,0.0625,0.0,0.9375,0.0,0.0,0.0,0.0,0.0,0.0,0.0,0.0
2,2,0.0625,0.0,0.9375,0.0,0.0,0.0,0.0,0.0,0.0,0.0,0.0
2,2,0.0625,0.0,0.9375,0.0,0.0,0.0,0.0,0.0,0.0,0.0,0.0
2,2,0.0625,0.0,0.9375,0.0,0.0,0.0,0.0,0.0,0.0,0.0,0.0
2,2,0.0625,0.0,0.9375,0.0,0.0,0.0,0.0,0.0,0.0,0.0,0.0
2,2,0.0625,0.0,0.9375,0.0,0.0,0.0,0.0,0.0,0.0,0.0,0.0
2,2,0.0625,0.0,0.9375,0.0,0.0,0.0,0.0,0.0,0.0,0.0,0.0
2,2,0.0625,0.0,0.9375,0.0,0.0,0.0,0.0,0.0,0.0,0.0,0.0
2,2,0.0625,0.0,0.9375,0.0,0.0,0.0,0.0,0.0,0.0,0.0,0.0
2,2,0.0625,0.0,0.9375,0.0,0.0,0.0,0.0,0.0,0.0,0.0,0.0
2,2,0.0625,0.0,0.9375,0.0,0.0,0.0,0.0,0.0,0.0,0.0,0.0
2,2,0.0625,0.0,0.9375,0.0,0.0,0.0,0.0,0.0,0.0,0.0,0.0
2,2,0.0625,0.0,0.9375,0.0,0.0,0.0,0.0,0.0,0.0,0.0,0.0
2,2,0.0625,0.0,0.9375,0.0,0.0,0.0,0.0,0.0,0.0,0.0,0.0
2,2,0.0625,0.0,0.9375,0.0,0.0,0.0,0.0,0.0,0.0,0.0,0.0
2,2,0.0625,0.0,0.9375,0.0,0.0,0.0,0.0,0.0,0.0,0.0,0.0
2,2,0.0625,0.0,0.9375,0.0,0.0,0.0,0.0,0.0,0.0,0.0,0.0
2,2,0.0625,0.0,0.9375,0.0,0.0,0.0,0.0,0.0,0.0,0.0,0.0
2,2,0.0625,0.0,0.9375,0.0,0.0,0.0,0.0,0.0,0.0,0.0,0.0
2,2,0.0625,0.0,0.9375,0.0,0.0,0.0,0.0,0.0,0.0,0.0,0.0
2,2,0.0625,0.0,0.9375,0.0,0.0,0.0,0.0,0.0,0.0,0.0,0.0
2,2,0.0625,0.0,0.9375,0.0,0.0,0.0,0.0,0.0,0.0,0.0,0.0
2,2,0.0625,0.0,0.9375,0.0,0.0,0.0,0.0,0.0,0.0,0.0,0.0
2,2,0.0625,0.0,0.9375,0.0,0.0,0.0,0.0,0.0,0.0,0.0,0.0
2,2,0.0625,0.0,0.9375,0.0,0.0,0.0,0.0,0.0,0.0,0.0,0.0
2,2,0.0625,0.0,0.9375,0.0,0.0,0.0,0.0,0.0,0.0,0.0,0.0
2,2,0.0625,0.0,0.9375,0.0,0.0,0.0,0.0,0.0,0.0,0.0,0.0
2,2,0.0625,0.0,0.9375,0.0,0.0,0.0,0.0,0.0,0.0,0.0,0.0
2,2,0.0625,0.0,0.9375,0.0,0.0,0.0,0.0,0.0,0.0,0.0,0.0
2,2,0.0625,0.0,0.9375,0.0,0.0,0.0,0.0,0.0,0.0,0.0,0.0
2,2,0.0625,0.0,0.9375,0.0,0.0,0.0,0.0,0.0,0.0,0.0,0.0
2,2,0.0625,0.0,0.9375,0.0,0.0,0.0,0.0,0.0,0.0,0.0,0.0
2,2,0.0625,0.0,0.9375,0.0,0.0,0.0,0.0,0.0,0.0,0.0,0.0
2,2,0.0625,0.0,0.9375,0.0,0.0,0.0,0.0,0.0,0.0,0.0,0.0
2,2,0.0625,0.0,0.9375,0.0,0.0,0.0,0.0,0.0,0.0,0.0,0.0
2,2,0.0625,0.0,0.9375,0.0,0.0,0.0,0.0,0.0,0.0,0.0,0.0
2,2,0.0625,0.0,0.9375,0.0,0.0,0.0,0.0,0.0,0.0,0.0,0.0
2,2,0.0625,0.0,0.9375,0.0,0.0,0.0,0.0,0.0,0.0,0.0,0.0
2,2,0.0625,0.0,0.9375,0.0,0.0,0.0,0.0,0.0,0.0,0.0,0.0
2,2,0.0625,0.0,0.9375,0.0,0.0,0.0,0.0,0.0,0.0,0.0,0.0
2,2,0.0625,0.0,0.9375,0.0,0.0,0.0,0.0,0.0,0.0,0.0,0.0
2,2,0.0625,0.0,0.9375,0.0,0.0,0.0,0.0,0.0,0.0,0.0,0.0
2,2,0.0625,0.0,0.9375,0.0,0.0,0.0,0.0,0.0,0.0,0.0,0.0
2,2,0.0625,0.0,0.9375,0.0,0.0,0.0,0.0,0.0,0.0,0.0,0.0
2,2,0.0625,0.0,0.9375,0.0,0.0,0.0,0.0,0.0,0.0,0.0,0.0
2,2,0.0625,0.0,0.9375,0.0,0.0,0.0,0.0,0.0,0.0,0.0,0.0
2,2,0.0625,0.0,0.9375,0.0,0.0,0.0,0.0,0.0,0.0,0.0,0.0
2,2,0.0625,0.0,0.9375,0.0,0.0,0.0,0.0,0.0,0.0,0.0,0.0
2,2,0.0625,0.0,0.9375,0.0,0.0,0.0,0.0,0.0,0.0,0.0,0.0
2,2,0.0625,0.0,0.9375,0.0,0.0,0.0,0.0,0.0,0.0,0.0,0.0
2,2,0.0625,0.0,0.9375,0.0,0.0,0.0,0.0,0.0,0.0,0.0,0.0
2,2,0.0625,0.0,0.9375,0.0,0.0,0.0,0.0,0.0,0.0,0.0,0.0
2,2,0.0625,0.0,0.9375,0.0,0.0,0.0,0.0,0.0,0.0,0.0,0.0
2,2,0.0625,0.0,0.9375,0.0,0.0,0.0,0.0,0.0,0.0,0.0,0.0
2,2,0.0625,0.0,0.9375,0.0,0.0,0.0,0.0,0.0,0.0,0.0,0.0
2,2,0.0625,0.0,0.9375,0.0,0.0,0.0,0.0,0.0,0.0,0.0,0.0
2,2,0.0625,0.0,0.9375,0.0,0.0,0.0,0.0,0.0,0.0,0.0,0.0
2,2,0.0625,0.0,0.9375,0.0,0.0,0.0,0.0,0.0,0.0,0.0,0.0
2,2,0.0625,0.0,0.9375,0.0,0.0,0.0,0.0,0.0,0.0,0.0,0.0
2,2,0.0625,0.0,0.9375,0.0,0.0,0.0,0.0,0.0,0.0,0.0,0.0
2,2,0.0625,0.0,0.9375,0.0,0.0,0.0,0.0,0.0,0.0,0.0,0.0
2,2,0.0625,0.0,0.9375,0.0,0.0,0.0,0.0,0.0,0.0,0.0,0.0
2,2,0.0625,0.0,0.9375,0.0,0.0,0.0,0.0,0.0,0.0,0.0,0.0
2,2,0.0625,0.0,0.9375,0.0,0.0,0.0,0.0,0.0,0.0,0.0,0.0
2,2,0.0625,0.0,0.9375,0.0,0.0,0.0,0.0,0.0,0.0,0.0,0.0
2,2,0.0625,0.0,0.9375,0.0,0.0,0.0,0.0,0.0,0.0,0.0,0.0
2,2,0.0625,0.0,0.9375,0.0,0.0,0.0,0.0,0.0,0.0,0.0,0.0
2,2,0.0625,0.0,0.9375,0.0,0.0,0.0,0.0,0.0,0.0,0.0,0.0
2,2,0.0625,0.0,0.9375,0.0,0.0,0.0,0.0,0.0,0.0,0.0,0.0
2,2,0.0625,0.0,0.9375,0.0,0.0,0.0,0.0,0.0,0.0,0.0,0.0
2,2,0.0625,0.0,0.9375,0.0,0.0,0.0,0.0,0.0,0.0,0.0,0.0
2,2,0.0625,0.0,0.9375,0.0,0.0,0.0,0.0,0.0,0.0,0.0,0.0
2,2,0.0625,0.0,0.9375,0.0,0.0,0.0,0.0,0.0,0.0,0.0,0.0
2,2,0.0625,0.0,0.9375,0.0,0.0,0.0,0.0,0.0,0.0,0.0,0.0
2,2,0.0625,0.0,0.9375,0.0,0.0,0.0,0.0,0.0,0.0,0.0,0.0
2,2,0.0625,0.0,0.9375,0.0,0.0,0.0,0.0,0.0,0.0,0.0,0.0
2,2,0.0625,0.0,0.9375,0.0,0.0,0.0,0.0,0.0,0.0,0.0,0.0
2,2,0.0625,0.0,0.9375,0.0,0.0,0.0,0.0,0.0,0.0,0.0,0.0
2,2,0.0625,0.0,0.9375,0.0,0.0,0.0,0.0,0.0,0.0,0.0,0.0
2,2,0.0625,0.0,0.9375,0.0,0.0,0.0,0.0,0.0,0.0,0.0,0.0
2,2,0.0625,0.0,0.9375,0.0,0.0,0.0,0.0,0.0,0.0,0.0,0.0
2,2,0.0625,0.0,0.9375,0.0,0.0,0.0,0.0,0.0,0.0,0.0,0.0
2,2,0.0625,0.0,0.9375,0.0,0.0,0.0,0.0,0.0,0.0,0.0,0.0
2,2,0.0625,0.0,0.9375,0.0,0.0,0.0,0.0,0.0,0.0,0.0,0.0
2,2,0.0625,0.0,0.9375,0.0,0.0,0.0,0.0,0.0,0.0,0.0,0.0
2,2,0.0625,0.0,0.9375,0.0,0.0,0.0,0.0,0.0,0.0,0.0,0.0
2,2,0.0625,0.0,0.9375,0.0,0.0,0.0,0.0,0.0,0.0,0.0,0.0
2,2,0.0625,0.0,0.9375,0.0,0.0,0.0,0.0,0.0,0.0,0.0,0.0
2,2,0.0625,0.0,0.9375,0.0,0.0,0.0,0.0,0.0,0.0,0.0,0.0
2,2,0.0625,0.0,0.9375,0.0,0.0,0.0,0.0,0.0,0.0,0.0,0.0
2,2,0.0625,0.0,0.9375,0.0,0.0,0.0,0.0,0.0,0.0,0.0,0.0
2,2,0.0625,0.0,0.9375,0.0,0.0,0.0,0.0,0.0,0.0,0.0,0.0
2,2,0.0625,0.0,0.9375,0.0,0.0,0.0,0.0,0.0,0.0,0.0,0.0
2,2,0.0625,0.0,0.9375,0.0,0.0,0.0,0.0,0.0,0.0,0.0,0.0
2,2,0.0625,0.0,0.9375,0.0,0.0,0.0,0.0,0.0,0.0,0.0,0.0
2,2,0.0625,0.0,0.9375,0.0,0.0,0.0,0.0,0.0,0.0,0.0,0.0
2,2,0.0625,0.0,0.9375,0.0,0.0,0.0,0.0,0.0,0.0,0.0,0.0
2,2,0.0625,0.0,0.9375,0.0,0.0,0.0,0.0,0.0,0.0,0.0,0.0
2,2,0.0625,0.0,0.9375,0.0,0.0,0.0,0.0,0.0,0.0,0.0,0.0
2,2,0.0625,0.0,0.9375,0.0,0.0,0.0,0.0,0.0,0.0,0.0,0.0
2,2,0.0625,0.0,0.9375,0.0,0.0,0.0,0.0,0.0,0.0,0.0,0.0
2,2,0.0625,0.0,0.9375,0.0,0.0,0.0,0.0,0.0,0.0,0.0,0.0
2,2,0.0625,0.0,0.9375,0.0,0.0,0.0,0.0,0.0,0.0,0.0,0.0
2,2,0.0625,0.0,0.9375,0.0,0.0,0.0,0.0,0.0,0.0,0.0,0.0
2,2,0.0625,0.0,0.9375,0.0,0.0,0.0,0.0,0.0,0.0,0.0,0.0
2,2,0.0625,0.0,0.9375,0.0,0.0,0.0,0.0,0.0,0.0,0.0,0.0
2,2,0.0625,0.0,0.9375,0.0,0.0,0.0,0.0,0.0,0.0,0.0,0.0
2,2,0.0625,0.0,0.9375,0.0,0.0,0.0,0.0,0.0,0.0,0.0,0.0
2,2,0.0625,0.0,0.9375,0.0,0.0,0.0,0.0,0.0,0.0,0.0,0.0
2,2,0.0625,0.0,0.9375,0.0,0.0,0.0,0.0,0.0,0.0,0.0,0.0
2,2,0.0625,0.0,0.9375,0.0,0.0,0.0,0.0,0.0,0.0,0.0,0.0
2,2,0.0625,0.0,0.875,0.0625,0.0,0.0,0.0,0.0,0.0,0.0,0.0
2,2,0.0625,0.0,0.875,0.0625,0.0,0.0,0.0,0.0,0.0,0.0,0.0
2,2,0.0625,0.0,0.875,0.0625,0.0,0.0,0.0,0.0,0.0,0.0,0.0
2,2,0.0625,0.0,0.875,0.0625,0.0,0.0,0.0,0.0,0.0,0.0,0.0
2,2,0.0625,0.0,0.875,0.0625,0.0,0.0,0.0,0.0,0.0,0.0,0.0
2,2,0.0625,0.0,0.875,0.0625,0.0,0.0,0.0,0.0,0.0,0.0,0.0
2,2,0.0625,0.0,0.875,0.0625,0.0,0.0,0.0,0.0,0.0,0.0,0.0
2,2,0.0625,0.0,0.875,0.0625,0.0,0.0,0.0,0.0,0.0,0.0,0.0
2,2,0.0625,0.0,0.875,0.0625,0.0,0.0,0.0,0.0,0.0,0.0,0.0
2,2,0.0625,0.0,0.875,0.0625,0.0,0.0,0.0,0.0,0.0,0.0,0.0
2,2,0.0625,0.0,0.875,0.0625,0.0,0.0,0.0,0.0,0.0,0.0,0.0
2,2,0.0625,0.0,0.875,0.0625,0.0,0.0,0.0,0.0,0.0,0.0,0.0
2,2,0.0625,0.0,0.875,0.0625,0.0,0.0,0.0,0.0,0.0,0.0,0.0
2,2,0.0625,0.0,0.875,0.0625,0.0,0.0,0.0,0.0,0.0,0.0,0.0
2,2,0.0625,0.0,0.875,0.0625,0.0,0.0,0.0,0.0,0.0,0.0,0.0
2,2,0.0625,0.0,0.875,0.0625,0.0,0.0,0.0,0.0,0.0,0.0,0.0
2,2,0.0625,0.0,0.875,0.0625,0.0,0.0,0.0,0.0,0.0,0.0,0.0
2,2,0.0625,0.0,0.875,0.0625,0.0,0.0,0.0,0.0,0.0,0.0,0.0
2,2,0.0625,0.0,0.875,0.0625,0.0,0.0,0.0,0.0,0.0,0.0,0.0
2,2,0.0625,0.0,0.875,0.0625,0.0,0.0,0.0,0.0,0.0,0.0,0.0
2,2,0.0625,0.0,0.875,0.0625,0.0,0.0,0.0,0.0,0.0,0.0,0.0
2,2,0.0625,0.0,0.875,0.0625,0.0,0.0,0.0,0.0,0.0,0.0,0.0
2,2,0.0625,0.0,0.875,0.0625,0.0,0.0,0.0,0.0,0.0,0.0,0.0
2,2,0.0625,0.0,0.875,0.0625,0.0,0.0,0.0,0.0,0.0,0.0,0.0
2,2,0.0625,0.0,0.875,0.0625,0.0,0.0,0.0,0.0,0.0,0.0,0.0
2,2,0.0625,0.0,0.875,0.0625,0.0,0.0,0.0,0.0,0.0,0.0,0.0
2,2,0.0625,0.0,0.875,0.0625,0.0,0.0,0.0,0.0,0.0,0.0,0.0
2,2,0.0625,0.0,0.875,0.0625,0.0,0.0,0.0,0.0,0.0,0.0,0.0
2,2,0.0625,0.0,0.875,0.0625,0.0,0.0,0.0,0.0,0.0,0.0,0.0
2,2,0.0625,0.0,0.875,0.0625,0.0,0.0,0.0,0.0,0.0,0.0,0.0
2,2,0.0625,0.0,0.875,0.0625,0.0,0.0,0.0,0.0,0.0,0.0,0.0
2,2,0.0625,0.0,0.875,0.0625,0.0,0.0,0.0,0.0,0.0,0.0,0.0
2,2,0.0625,0.0,0.875,0.0625,0.0,0.0,0.0,0.0,0.0,0.0,0.0
2,2,0.0625,0.0,0.875,0.0625,0.0,0.0,0.0,0.0,0.0,0.0,0.0
2,2,0.0625,0.0,0.875,0.0625,0.0,0.0,0.0,0.0,0.0,0.0,0.0
2,2,0.0625,0.0,0.875,0.0625,0.0,0.0,0.0,0.0,0.0,0.0,0.0
2,2,0.0625,0.0,0.875,0.0625,0.0,0.0,0.0,0.0,0.0,0.0,0.0
2,2,0.0625,0.0,0.875,0.0625,0.0,0.0,0.0,0.0,0.0,0.0,0.0
2,2,0.0625,0.0,0.875,0.0625,0.0,0.0,0.0,0.0,0.0,0.0,0.0
2,2,0.0625,0.0,0.875,0.0625,0.0,0.0,0.0,0.0,0.0,0.0,0.0
2,2,0.0,0.0,0.9375,0.0625,0.0,0.0,0.0,0.0,0.0,0.0,0.0
2,2,0.0,0.0,0.9375,0.0625,0.0,0.0,0.0,0.0,0.0,0.0,0.0
2,2,0.0,0.0,0.9375,0.0625,0.0,0.0,0.0,0.0,0.0,0.0,0.0
2,2,0.0,0.0,0.9375,0.0625,0.0,0.0,0.0,0.0,0.0,0.0,0.0
2,2,0.0,0.0,0.9375,0.0625,0.0,0.0,0.0,0.0,0.0,0.0,0.0
2,2,0.0,0.0,0.9375,0.0625,0.0,0.0,0.0,0.0,0.0,0.0,0.0
2,2,0.0,0.0,0.9375,0.0625,0.0,0.0,0.0,0.0,0.0,0.0,0.0
2,2,0.0,0.0,0.9375,0.0625,0.0,0.0,0.0,0.0,0.0,0.0,0.0
2,2,0.0,0.0,0.9375,0.0625,0.0,0.0,0.0,0.0,0.0,0.0,0.0
2,2,0.0,0.0,0.9375,0.0625,0.0,0.0,0.0,0.0,0.0,0.0,0.0
2,2,0.0,0.0,0.9375,0.0625,0.0,0.0,0.0,0.0,0.0,0.0,0.0
2,2,0.0,0.0,0.9375,0.0625,0.0,0.0,0.0,0.0,0.0,0.0,0.0
2,2,0.0,0.0,0.9375,0.0625,0.0,0.0,0.0,0.0,0.0,0.0,0.0
2,2,0.0,0.0,0.9375,0.0625,0.0,0.0,0.0,0.0,0.0,0.0,0.0
2,2,0.0,0.0,0.9375,0.0625,0.0,0.0,0.0,0.0,0.0,0.0,0.0
2,2,0.0,0.0,0.9375,0.0625,0.0,0.0,0.0,0.0,0.0,0.0,0.0
2,2,0.0,0.0,0.9375,0.0625,0.0,0.0,0.0,0.0,0.0,0.0,0.0
2,2,0.0,0.0,0.9375,0.0625,0.0,0.0,0.0,0.0,0.0,0.0,0.0
2,2,0.0,0.0,0.9375,0.0625,0.0,0.0,0.0,0.0,0.0,0.0,0.0
2,2,0.0,0.0,0.9375,0.0625,0.0,0.0,0.0,0.0,0.0,0.0,0.0
2,2,0.0,0.0,0.9375,0.0625,0.0,0.0,0.0,0.0,0.0,0.0,0.0
2,2,0.0,0.0,0.9375,0.0625,0.0,0.0,0.0,0.0,0.0,0.0,0.0
2,2,0.0,0.0,0.9375,0.0625,0.0,0.0,0.0,0.0,0.0,0.0,0.0
2,2,0.0,0.0,0.9375,0.0625,0.0,0.0,0.0,0.0,0.0,0.0,0.0
2,2,0.0,0.0,0.9375,0.0625,0.0,0.0,0.0,0.0,0.0,0.0,0.0
2,2,0.0,0.0,0.9375,0.0625,0.0,0.0,0.0,0.0,0.0,0.0,0.0
2,2,0.0,0.0,0.9375,0.0625,0.0,0.0,0.0,0.0,0.0,0.0,0.0
2,2,0.0,0.0,0.9375,0.0625,0.0,0.0,0.0,0.0,0.0,0.0,0.0
2,2,0.0,0.0,0.9375,0.0625,0.0,0.0,0.0,0.0,0.0,0.0,0.0
2,2,0.0,0.0,0.9375,0.0625,0.0,0.0,0.0,0.0,0.0,0.0,0.0
2,2,0.0,0.0,0.9375,0.0625,0.0,0.0,0.0,0.0,0.0,0.0,0.0
2,2,0.0,0.0,0.9375,0.0625,0.0,0.0,0.0,0.0,0.0,0.0,0.0
2,2,0.0,0.0,0.9375,0.0625,0.0,0.0,0.0,0.0,0.0,0.0,0.0
2,2,0.0,0.0,0.9375,0.0625,0.0,0.0,0.0,0.0,0.0,0.0,0.0
2,2,0.0,0.0,0.9375,0.0625,0.0,0.0,0.0,0.0,0.0,0.0,0.0
2,2,0.0,0.0,0.9375,0.0625,0.0,0.0,0.0,0.0,0.0,0.0,0.0
2,2,0.0,0.0,0.9375,0.0625,0.0,0.0,0.0,0.0,0.0,0.0,0.0
2,2,0.0,0.0,0.9375,0.0625,0.0,0.0,0.0,0.0,0.0,0.0,0.0
2,2,0.0,0.0,0.9375,0.0625,0.0,0.0,0.0,0.0,0.0,0.0,0.0
2,2,0.0,0.0,0.9375,0.0625,0.0,0.0,0.0,0.0,0.0,0.0,0.0
2,2,0.0,0.0,0.875,0.0625,0.0625,0.0,0.0,0.0,0.0,0.0,0.0
2,2,0.0,0.0,0.875,0.0625,0.0625,0.0,0.0,0.0,0.0,0.0,0.0
2,2,0.0,0.0,0.875,0.0625,0.0625,0.0,0.0,0.0,0.0,0.0,0.0
2,2,0.0,0.0,0.875,0.0625,0.0625,0.0,0.0,0.0,0.0,0.0,0.0
2,2,0.0625,0.0,0.8125,0.0625,0.0625,0.0,0.0,0.0,0.0,0.0,0.0
2,2,0.0625,0.0,0.8125,0.0625,0.0625,0.0,0.0,0.0,0.0,0.0,0.0
2,2,0.0625,0.0,0.8125,0.0625,0.0625,0.0,0.0,0.0,0.0,0.0,0.0
2,2,0.0625,0.0,0.8125,0.0625,0.0625,0.0,0.0,0.0,0.0,0.0,0.0
2,2,0.0625,0.0,0.8125,0.0625,0.0625,0.0,0.0,0.0,0.0,0.0,0.0
2,2,0.0625,0.0,0.8125,0.0625,0.0625,0.0,0.0,0.0,0.0,0.0,0.0
2,2,0.0625,0.0,0.8125,0.0625,0.0625,0.0,0.0,0.0,0.0,0.0,0.0
2,2,0.0625,0.0,0.8125,0.0625,0.0625,0.0,0.0,0.0,0.0,0.0,0.0
2,2,0.0625,0.0,0.8125,0.0625,0.0625,0.0,0.0,0.0,0.0,0.0,0.0
2,2,0.0625,0.0,0.8125,0.0625,0.0625,0.0,0.0,0.0,0.0,0.0,0.0
2,2,0.0625,0.0,0.8125,0.0625,0.0625,0.0,0.0,0.0,0.0,0.0,0.0
2,2,0.0625,0.0,0.8125,0.0625,0.0625,0.0,0.0,0.0,0.0,0.0,0.0
2,2,0.0625,0.0,0.8125,0.0625,0.0625,0.0,0.0,0.0,0.0,0.0,0.0
2,2,0.0625,0.0,0.8125,0.0625,0.0625,0.0,0.0,0.0,0.0,0.0,0.0
2,2,0.0625,0.0,0.8125,0.0625,0.0625,0.0,0.0,0.0,0.0,0.0,0.0
2,2,0.0625,0.0,0.8125,0.0625,0.0625,0.0,0.0,0.0,0.0,0.0,0.0
2,2,0.0625,0.0,0.8125,0.0625,0.0625,0.0,0.0,0.0,0.0,0.0,0.0
2,2,0.0625,0.0,0.8125,0.0625,0.0625,0.0,0.0,0.0,0.0,0.0,0.0
2,2,0.0625,0.0,0.8125,0.0625,0.0625,0.0,0.0,0.0,0.0,0.0,0.0
2,2,0.0625,0.0,0.8125,0.0625,0.0625,0.0,0.0,0.0,0.0,0.0,0.0
2,2,0.0625,0.0,0.8125,0.0625,0.0625,0.0,0.0,0.0,0.0,0.0,0.0
2,2,0.0625,0.0,0.8125,0.0625,0.0625,0.0,0.0,0.0,0.0,0.0,0.0
2,2,0.0625,0.0,0.8125,0.0625,0.0625,0.0,0.0,0.0,0.0,0.0,0.0
2,2,0.0625,0.0,0.8125,0.0625,0.0625,0.0,0.0,0.0,0.0,0.0,0.0
2,2,0.0625,0.0,0.8125,0.0625,0.0625,0.0,0.0,0.0,0.0,0.0,0.0
2,2,0.0625,0.0,0.8125,0.0625,0.0625,0.0,0.0,0.0,0.0,0.0,0.0
2,2,0.0625,0.0,0.8125,0.0625,0.0625,0.0,0.0,0.0,0.0,0.0,0.0
2,2,0.0625,0.0,0.8125,0.0625,0.0625,0.0,0.0,0.0,0.0,0.0,0.0
2,2,0.0625,0.0,0.8125,0.0625,0.0625,0.0,0.0,0.0,0.0,0.0,0.0
2,2,0.0625,0.0,0.8125,0.0625,0.0625,0.0,0.0,0.0,0.0,0.0,0.0
2,2,0.0625,0.0,0.8125,0.0625,0.0625,0.0,0.0,0.0,0.0,0.0,0.0
2,2,0.0625,0.0,0.8125,0.0625,0.0625,0.0,0.0,0.0,0.0,0.0,0.0
2,2,0.0625,0.0,0.8125,0.0625,0.0625,0.0,0.0,0.0,0.0,0.0,0.0
2,2,0.0625,0.0,0.8125,0.0625,0.0625,0.0,0.0,0.0,0.0,0.0,0.0
2,2,0.0625,0.0,0.8125,0.0625,0.0625,0.0,0.0,0.0,0.0,0.0,0.0
2,2,0.0625,0.0,0.8125,0.0625,0.0625,0.0,0.0,0.0,0.0,0.0,0.0
2,2,0.0625,0.0,0.8125,0.0625,0.0625,0.0,0.0,0.0,0.0,0.0,0.0
2,2,0.0625,0.0,0.8125,0.0625,0.0625,0.0,0.0,0.0,0.0,0.0,0.0
2,2,0.0625,0.0,0.8125,0.0625,0.0625,0.0,0.0,0.0,0.0,0.0,0.0
2,2,0.0625,0.0,0.8125,0.0625,0.0625,0.0,0.0,0.0,0.0,0.0,0.0
2,2,0.0625,0.0,0.8125,0.0625,0.0625,0.0,0.0,0.0,0.0,0.0,0.0
2,2,0.0625,0.0,0.8125,0.0625,0.0625,0.0,0.0,0.0,0.0,0.0,0.0
2,2,0.0625,0.0,0.8125,0.0625,0.0625,0.0,0.0,0.0,0.0,0.0,0.0
2,2,0.0625,0.0,0.8125,0.0625,0.0625,0.0,0.0,0.0,0.0,0.0,0.0
2,2,0.0625,0.0,0.8125,0.0625,0.0625,0.0,0.0,0.0,0.0,0.0,0.0
2,2,0.0625,0.0,0.8125,0.0625,0.0625,0.0,0.0,0.0,0.0,0.0,0.0
2,2,0.0625,0.0,0.8125,0.0625,0.0625,0.0,0.0,0.0,0.0,0.0,0.0
2,2,0.0625,0.0,0.8125,0.0625,0.0625,0.0,0.0,0.0,0.0,0.0,0.0
2,2,0.0625,0.0,0.8125,0.0625,0.0625,0.0,0.0,0.0,0.0,0.0,0.0
2,2,0.0625,0.0,0.8125,0.0625,0.0625,0.0,0.0,0.0,0.0,0.0,0.0
2,2,0.0625,0.0,0.8125,0.0625,0.0625,0.0,0.0,0.0,0.0,0.0,0.0
2,2,0.0625,0.0,0.8125,0.0625,0.0625,0.0,0.0,0.0,0.0,0.0,0.0
2,2,0.0625,0.0,0.8125,0.0625,0.0625,0.0,0.0,0.0,0.0,0.0,0.0
2,2,0.0625,0.0,0.8125,0.0625,0.0625,0.0,0.0,0.0,0.0,0.0,0.0
2,2,0.0625,0.0,0.8125,0.0625,0.0625,0.0,0.0,0.0,0.0,0.0,0.0
2,2,0.0625,0.0,0.8125,0.0625,0.0625,0.0,0.0,0.0,0.0,0.0,0.0
2,2,0.0625,0.0,0.8125,0.0625,0.0625,0.0,0.0,0.0,0.0,0.0,0.0
2,2,0.0625,0.0,0.8125,0.0625,0.0625,0.0,0.0,0.0,0.0,0.0,0.0
2,2,0.0625,0.0,0.8125,0.0625,0.0625,0.0,0.0,0.0,0.0,0.0,0.0
2,2,0.0625,0.0,0.8125,0.0625,0.0625,0.0,0.0,0.0,0.0,0.0,0.0
2,2,0.0625,0.0,0.8125,0.0625,0.0625,0.0,0.0,0.0,0.0,0.0,0.0
2,2,0.0625,0.0,0.8125,0.0625,0.0625,0.0,0.0,0.0,0.0,0.0,0.0
2,2,0.0625,0.0,0.8125,0.0625,0.0625,0.0,0.0,0.0,0.0,0.0,0.0
2,2,0.0625,0.0,0.8125,0.0625,0.0625,0.0,0.0,0.0,0.0,0.0,0.0
2,2,0.0625,0.0,0.8125,0.0625,0.0625,0.0,0.0,0.0,0.0,0.0,0.0
2,2,0.0625,0.0,0.8125,0.0625,0.0625,0.0,0.0,0.0,0.0,0.0,0.0
2,2,0.0625,0.0,0.8125,0.0625,0.0625,0.0,0.0,0.0,0.0,0.0,0.0
2,2,0.0625,0.0,0.8125,0.0625,0.0625,0.0,0.0,0.0,0.0,0.0,0.0
2,2,0.0625,0.0,0.8125,0.0625,0.0625,0.0,0.0,0.0,0.0,0.0,0.0
2,2,0.0625,0.0,0.8125,0.0625,0.0625,0.0,0.0,0.0,0.0,0.0,0.0
2,2,0.0625,0.0,0.8125,0.0625,0.0625,0.0,0.0,0.0,0.0,0.0,0.0
2,2,0.0625,0.0,0.8125,0.0625,0.0625,0.0,0.0,0.0,0.0,0.0,0.0
2,2,0.0625,0.0,0.8125,0.0625,0.0625,0.0,0.0,0.0,0.0,0.0,0.0
2,2,0.0625,0.0,0.8125,0.0625,0.0625,0.0,0.0,0.0,0.0,0.0,0.0
2,2,0.0625,0.0,0.8125,0.0625,0.0625,0.0,0.0,0.0,0.0,0.0,0.0
2,2,0.0625,0.0,0.8125,0.0625,0.0625,0.0,0.0,0.0,0.0,0.0,0.0
2,2,0.0625,0.0,0.8125,0.0625,0.0625,0.0,0.0,0.0,0.0,0.0,0.0
2,2,0.0625,0.0,0.8125,0.0625,0.0625,0.0,0.0,0.0,0.0,0.0,0.0
2,2,0.0625,0.0,0.8125,0.0625,0.0625,0.0,0.0,0.0,0.0,0.0,0.0
2,2,0.0625,0.0,0.8125,0.0625,0.0625,0.0,0.0,0.0,0.0,0.0,0.0
2,2,0.0625,0.0,0.8125,0.0625,0.0625,0.0,0.0,0.0,0.0,0.0,0.0
2,2,0.0625,0.0,0.8125,0.0625,0.0625,0.0,0.0,0.0,0.0,0.0,0.0
2,2,0.0625,0.0,0.8125,0.0625,0.0625,0.0,0.0,0.0,0.0,0.0,0.0
2,2,0.0625,0.0,0.8125,0.0625,0.0625,0.0,0.0,0.0,0.0,0.0,0.0
2,2,0.0625,0.0,0.8125,0.0625,0.0625,0.0,0.0,0.0,0.0,0.0,0.0
2,2,0.0625,0.0,0.8125,0.0625,0.0625,0.0,0.0,0.0,0.0,0.0,0.0
2,2,0.0625,0.0,0.8125,0.0625,0.0625,0.0,0.0,0.0,0.0,0.0,0.0
2,2,0.0625,0.0,0.8125,0.0625,0.0625,0.0,0.0,0.0,0.0,0.0,0.0
2,2,0.0625,0.0,0.8125,0.0625,0.0625,0.0,0.0,0.0,0.0,0.0,0.0
2,2,0.0625,0.0,0.8125,0.0625,0.0625,0.0,0.0,0.0,0.0,0.0,0.0
2,2,0.0625,0.0,0.8125,0.0625,0.0625,0.0,0.0,0.0,0.0,0.0,0.0
2,2,0.0625,0.0,0.8125,0.0625,0.0625,0.0,0.0,0.0,0.0,0.0,0.0
2,2,0.0625,0.0,0.8125,0.0625,0.0625,0.0,0.0,0.0,0.0,0.0,0.0
2,2,0.0625,0.0,0.8125,0.0625,0.0625,0.0,0.0,0.0,0.0,0.0,0.0
2,2,0.0625,0.0,0.8125,0.0625,0.0625,0.0,0.0,0.0,0.0,0.0,0.0
2,2,0.0625,0.0,0.8125,0.0625,0.0625,0.0,0.0,0.0,0.0,0.0,0.0
2,2,0.0625,0.0,0.8125,0.0625,0.0625,0.0,0.0,0.0,0.0,0.0,0.0
2,2,0.0625,0.0,0.8125,0.0625,0.0625,0.0,0.0,0.0,0.0,0.0,0.0
2,2,0.0625,0.0,0.8125,0.0625,0.0625,0.0,0.0,0.0,0.0,0.0,0.0
2,2,0.0625,0.0,0.8125,0.0625,0.0625,0.0,0.0,0.0,0.0,0.0,0.0
2,2,0.0625,0.0,0.8125,0.0625,0.0625,0.0,0.0,0.0,0.0,0.0,0.0
2,2,0.0625,0.0,0.8125,0.0625,0.0625,0.0,0.0,0.0,0.0,0.0,0.0
2,2,0.0625,0.0,0.8125,0.0625,0.0625,0.0,0.0,0.0,0.0,0.0,0.0
2,2,0.0625,0.0,0.8125,0.0625,0.0625,0.0,0.0,0.0,0.0,0.0,0.0
2,2,0.0625,0.0,0.8125,0.0625,0.0625,0.0,0.0,0.0,0.0,0.0,0.0
2,2,0.0625,0.0,0.8125,0.0625,0.0625,0.0,0.0,0.0,0.0,0.0,0.0
2,2,0.0625,0.0,0.8125,0.0625,0.0625,0.0,0.0,0.0,0.0,0.0,0.0
2,2,0.0625,0.0,0.8125,0.0625,0.0625,0.0,0.0,0.0,0.0,0.0,0.0
2,2,0.0625,0.0,0.8125,0.0625,0.0625,0.0,0.0,0.0,0.0,0.0,0.0
2,2,0.0625,0.0,0.8125,0.0625,0.0625,0.0,0.0,0.0,0.0,0.0,0.0
2,2,0.0625,0.0,0.8125,0.0625,0.0625,0.0,0.0,0.0,0.0,0.0,0.0
2,2,0.0625,0.0,0.8125,0.0625,0.0625,0.0,0.0,0.0,0.0,0.0,0.0
2,2,0.0625,0.0,0.8125,0.0625,0.0625,0.0,0.0,0.0,0.0,0.0,0.0
2,2,0.0625,0.0,0.8125,0.0625,0.0625,0.0,0.0,0.0,0.0,0.0,0.0
2,2,0.0625,0.0,0.8125,0.0625,0.0625,0.0,0.0,0.0,0.0,0.0,0.0
2,2,0.0625,0.0,0.8125,0.0625,0.0625,0.0,0.0,0.0,0.0,0.0,0.0
2,2,0.0625,0.0,0.8125,0.0625,0.0625,0.0,0.0,0.0,0.0,0.0,0.0
2,2,0.0625,0.0,0.8125,0.0625,0.0625,0.0,0.0,0.0,0.0,0.0,0.0
2,2,0.0625,0.0,0.8125,0.0625,0.0625,0.0,0.0,0.0,0.0,0.0,0.0
2,2,0.0625,0.0,0.8125,0.0625,0.0625,0.0,0.0,0.0,0.0,0.0,0.0
2,2,0.0625,0.0,0.8125,0.0625,0.0625,0.0,0.0,0.0,0.0,0.0,0.0
2,2,0.0625,0.0,0.8125,0.0625,0.0625,0.0,0.0,0.0,0.0,0.0,0.0
2,2,0.0625,0.0,0.8125,0.0625,0.0625,0.0,0.0,0.0,0.0,0.0,0.0
2,2,0.0625,0.0,0.8125,0.0625,0.0625,0.0,0.0,0.0,0.0,0.0,0.0
2,2,0.0625,0.0,0.8125,0.0625,0.0625,0.0,0.0,0.0,0.0,0.0,0.0
2,2,0.0625,0.0,0.8125,0.0625,0.0625,0.0,0.0,0.0,0.0,0.0,0.0
2,2,0.0625,0.0,0.8125,0.0625,0.0625,0.0,0.0,0.0,0.0,0.0,0.0
2,2,0.0625,0.0,0.8125,0.0625,0.0625,0.0,0.0,0.0,0.0,0.0,0.0
2,2,0.0625,0.0,0.8125,0.0625,0.0625,0.0,0.0,0.0,0.0,0.0,0.0
2,2,0.0625,0.0,0.8125,0.0625,0.0625,0.0,0.0,0.0,0.0,0.0,0.0
2,2,0.0625,0.0,0.8125,0.0625,0.0625,0.0,0.0,0.0,0.0,0.0,0.0
2,2,0.0625,0.0,0.8125,0.0625,0.0625,0.0,0.0,0.0,0.0,0.0,0.0
2,2,0.0625,0.0,0.8125,0.0625,0.0625,0.0,0.0,0.0,0.0,0.0,0.0
2,2,0.0625,0.0,0.8125,0.0625,0.0625,0.0,0.0,0.0,0.0,0.0,0.0
2,2,0.0625,0.0,0.8125,0.0625,0.0625,0.0,0.0,0.0,0.0,0.0,0.0
2,2,0.0625,0.0,0.8125,0.0625,0.0625,0.0,0.0,0.0,0.0,0.0,0.0
2,2,0.0625,0.0,0.8125,0.0625,0.0625,0.0,0.0,0.0,0.0,0.0,0.0
2,2,0.0625,0.0,0.8125,0.0625,0.0625,0.0,0.0,0.0,0.0,0.0,0.0
2,2,0.0625,0.0,0.8125,0.0625,0.0625,0.0,0.0,0.0,0.0,0.0,0.0
2,2,0.0625,0.0,0.8125,0.0625,0.0625,0.0,0.0,0.0,0.0,0.0,0.0
2,2,0.0625,0.0,0.8125,0.0625,0.0625,0.0,0.0,0.0,0.0,0.0,0.0
2,2,0.0625,0.0,0.8125,0.0625,0.0625,0.0,0.0,0.0,0.0,0.0,0.0
2,2,0.0625,0.0,0.8125,0.0625,0.0625,0.0,0.0,0.0,0.0,0.0,0.0
2,2,0.0625,0.0,0.8125,0.0625,0.0625,0.0,0.0,0.0,0.0,0.0,0.0
2,2,0.0625,0.0,0.8125,0.0625,0.0625,0.0,0.0,0.0,0.0,0.0,0.0
2,2,0.0625,0.0,0.8125,0.0625,0.0625,0.0,0.0,0.0,0.0,0.0,0.0
2,2,0.0625,0.0,0.8125,0.0625,0.0625,0.0,0.0,0.0,0.0,0.0,0.0
2,2,0.0625,0.0,0.8125,0.0625,0.0625,0.0,0.0,0.0,0.0,0.0,0.0
2,2,0.0625,0.0,0.8125,0.0625,0.0625,0.0,0.0,0.0,0.0,0.0,0.0
2,2,0.0625,0.0,0.8125,0.0625,0.0625,0.0,0.0,0.0,0.0,0.0,0.0
2,2,0.0625,0.0,0.8125,0.0625,0.0625,0.0,0.0,0.0,0.0,0.0,0.0
2,2,0.0625,0.0,0.8125,0.0625,0.0625,0.0,0.0,0.0,0.0,0.0,0.0
2,2,0.0625,0.0,0.8125,0.0625,0.0625,0.0,0.0,0.0,0.0,0.0,0.0
2,2,0.0625,0.0,0.8125,0.0625,0.0625,0.0,0.0,0.0,0.0,0.0,0.0
2,2,0.0625,0.0,0.8125,0.0625,0.0625,0.0,0.0,0.0,0.0,0.0,0.0
2,2,0.0625,0.0,0.8125,0.0625,0.0625,0.0,0.0,0.0,0.0,0.0,0.0
2,2,0.0625,0.0,0.875,0.0625,0.0,0.0,0.0,0.0,0.0,0.0,0.0
2,2,0.0625,0.0,0.875,0.0625,0.0,0.0,0.0,0.0,0.0,0.0,0.0
2,2,0.0625,0.0,0.875,0.0625,0.0,0.0,0.0,0.0,0.0,0.0,0.0
2,2,0.0625,0.0,0.875,0.0625,0.0,0.0,0.0,0.0,0.0,0.0,0.0
2,2,0.0625,0.0,0.875,0.0625,0.0,0.0,0.0,0.0,0.0,0.0,0.0
2,2,0.0625,0.0,0.875,0.0625,0.0,0.0,0.0,0.0,0.0,0.0,0.0
2,2,0.0625,0.0,0.875,0.0625,0.0,0.0,0.0,0.0,0.0,0.0,0.0
2,2,0.0625,0.0,0.875,0.0625,0.0,0.0,0.0,0.0,0.0,0.0,0.0
2,2,0.0625,0.0,0.875,0.0625,0.0,0.0,0.0,0.0,0.0,0.0,0.0
2,2,0.0625,0.0,0.875,0.0625,0.0,0.0,0.0,0.0,0.0,0.0,0.0
2,2,0.125,0.0,0.8125,0.0625,0.0,0.0,0.0,0.0,0.0,0.0,0.0
2,2,0.125,0.0,0.8125,0.0625,0.0,0.0,0.0,0.0,0.0,0.0,0.0
2,2,0.125,0.0,0.8125,0.0625,0.0,0.0,0.0,0.0,0.0,0.0,0.0
2,2,0.125,0.0,0.8125,0.0625,0.0,0.0,0.0,0.0,0.0,0.0,0.0
2,2,0.125,0.0,0.8125,0.0625,0.0,0.0,0.0,0.0,0.0,0.0,0.0
2,2,0.125,0.0,0.8125,0.0625,0.0,0.0,0.0,0.0,0.0,0.0,0.0
2,2,0.125,0.0,0.8125,0.0625,0.0,0.0,0.0,0.0,0.0,0.0,0.0
2,2,0.125,0.0,0.8125,0.0625,0.0,0.0,0.0,0.0,0.0,0.0,0.0
2,2,0.125,0.0,0.8125,0.0625,0.0,0.0,0.0,0.0,0.0,0.0,0.0
2,2,0.125,0.0,0.8125,0.0625,0.0,0.0,0.0,0.0,0.0,0.0,0.0
2,2,0.0625,0.0,0.875,0.0625,0.0,0.0,0.0,0.0,0.0,0.0,0.0
2,2,0.0625,0.0,0.875,0.0625,0.0,0.0,0.0,0.0,0.0,0.0,0.0
2,2,0.0625,0.0,0.875,0.0625,0.0,0.0,0.0,0.0,0.0,0.0,0.0
2,2,0.0625,0.0,0.875,0.0625,0.0,0.0,0.0,0.0,0.0,0.0,0.0
2,2,0.0625,0.0,0.875,0.0625,0.0,0.0,0.0,0.0,0.0,0.0,0.0
2,2,0.0625,0.0,0.875,0.0625,0.0,0.0,0.0,0.0,0.0,0.0,0.0
2,2,0.0625,0.0,0.875,0.0625,0.0,0.0,0.0,0.0,0.0,0.0,0.0
2,2,0.0625,0.0,0.875,0.0625,0.0,0.0,0.0,0.0,0.0,0.0,0.0
2,2,0.0625,0.0,0.875,0.0625,0.0,0.0,0.0,0.0,0.0,0.0,0.0
2,2,0.0625,0.0,0.875,0.0625,0.0,0.0,0.0,0.0,0.0,0.0,0.0
2,2,0.0625,0.0,0.875,0.0625,0.0,0.0,0.0,0.0,0.0,0.0,0.0
2,2,0.0625,0.0,0.875,0.0625,0.0,0.0,0.0,0.0,0.0,0.0,0.0
2,2,0.0625,0.0,0.875,0.0625,0.0,0.0,0.0,0.0,0.0,0.0,0.0
2,2,0.0625,0.0,0.875,0.0625,0.0,0.0,0.0,0.0,0.0,0.0,0.0
2,2,0.0625,0.0,0.875,0.0625,0.0,0.0,0.0,0.0,0.0,0.0,0.0
2,2,0.0625,0.0,0.875,0.0625,0.0,0.0,0.0,0.0,0.0,0.0,0.0
2,2,0.0625,0.0,0.875,0.0625,0.0,0.0,0.0,0.0,0.0,0.0,0.0
2,2,0.0625,0.0,0.875,0.0625,0.0,0.0,0.0,0.0,0.0,0.0,0.0
2,2,0.0625,0.0,0.875,0.0625,0.0,0.0,0.0,0.0,0.0,0.0,0.0
2,2,0.0625,0.0,0.875,0.0625,0.0,0.0,0.0,0.0,0.0,0.0,0.0
2,2,0.0625,0.0,0.9375,0.0,0.0,0.0,0.0,0.0,0.0,0.0,0.0
2,2,0.0625,0.0,0.9375,0.0,0.0,0.0,0.0,0.0,0.0,0.0,0.0
2,2,0.0625,0.0,0.9375,0.0,0.0,0.0,0.0,0.0,0.0,0.0,0.0
2,2,0.0625,0.0,0.9375,0.0,0.0,0.0,0.0,0.0,0.0,0.0,0.0
2,2,0.0625,0.0,0.9375,0.0,0.0,0.0,0.0,0.0,0.0,0.0,0.0
2,2,0.0625,0.0,0.9375,0.0,0.0,0.0,0.0,0.0,0.0,0.0,0.0
2,2,0.0625,0.0,0.9375,0.0,0.0,0.0,0.0,0.0,0.0,0.0,0.0
2,2,0.0625,0.0,0.9375,0.0,0.0,0.0,0.0,0.0,0.0,0.0,0.0
2,2,0.0625,0.0,0.9375,0.0,0.0,0.0,0.0,0.0,0.0,0.0,0.0
2,2,0.0625,0.0,0.9375,0.0,0.0,0.0,0.0,0.0,0.0,0.0,0.0
2,2,0.0625,0.0,0.9375,0.0,0.0,0.0,0.0,0.0,0.0,0.0,0.0
2,2,0.0625,0.0,0.9375,0.0,0.0,0.0,0.0,0.0,0.0,0.0,0.0
2,2,0.0625,0.0,0.9375,0.0,0.0,0.0,0.0,0.0,0.0,0.0,0.0
2,2,0.0625,0.0,0.9375,0.0,0.0,0.0,0.0,0.0,0.0,0.0,0.0
2,2,0.0625,0.0,0.9375,0.0,0.0,0.0,0.0,0.0,0.0,0.0,0.0
2,2,0.0625,0.0,0.9375,0.0,0.0,0.0,0.0,0.0,0.0,0.0,0.0
2,2,0.0625,0.0,0.9375,0.0,0.0,0.0,0.0,0.0,0.0,0.0,0.0
2,2,0.0625,0.0,0.9375,0.0,0.0,0.0,0.0,0.0,0.0,0.0,0.0
2,2,0.0625,0.0,0.9375,0.0,0.0,0.0,0.0,0.0,0.0,0.0,0.0
2,2,0.0625,0.0,0.9375,0.0,0.0,0.0,0.0,0.0,0.0,0.0,0.0
2,2,0.0625,0.0,0.9375,0.0,0.0,0.0,0.0,0.0,0.0,0.0,0.0
2,2,0.0625,0.0,0.9375,0.0,0.0,0.0,0.0,0.0,0.0,0.0,0.0
2,2,0.0625,0.0,0.9375,0.0,0.0,0.0,0.0,0.0,0.0,0.0,0.0
2,2,0.0625,0.0,0.9375,0.0,0.0,0.0,0.0,0.0,0.0,0.0,0.0
2,2,0.0625,0.0,0.9375,0.0,0.0,0.0,0.0,0.0,0.0,0.0,0.0
2,2,0.0625,0.0,0.9375,0.0,0.0,0.0,0.0,0.0,0.0,0.0,0.0
2,2,0.0625,0.0,0.9375,0.0,0.0,0.0,0.0,0.0,0.0,0.0,0.0
2,2,0.0625,0.0,0.9375,0.0,0.0,0.0,0.0,0.0,0.0,0.0,0.0
2,2,0.0625,0.0,0.9375,0.0,0.0,0.0,0.0,0.0,0.0,0.0,0.0
2,2,0.0625,0.0,0.9375,0.0,0.0,0.0,0.0,0.0,0.0,0.0,0.0
2,2,0.0625,0.0,0.9375,0.0,0.0,0.0,0.0,0.0,0.0,0.0,0.0
2,2,0.0625,0.0,0.9375,0.0,0.0,0.0,0.0,0.0,0.0,0.0,0.0
2,2,0.0625,0.0,0.9375,0.0,0.0,0.0,0.0,0.0,0.0,0.0,0.0
2,2,0.0625,0.0,0.9375,0.0,0.0,0.0,0.0,0.0,0.0,0.0,0.0
2,2,0.0625,0.0,0.9375,0.0,0.0,0.0,0.0,0.0,0.0,0.0,0.0
2,2,0.0625,0.0,0.9375,0.0,0.0,0.0,0.0,0.0,0.0,0.0,0.0
2,2,0.0625,0.0,0.9375,0.0,0.0,0.0,0.0,0.0,0.0,0.0,0.0
2,2,0.0625,0.0,0.9375,0.0,0.0,0.0,0.0,0.0,0.0,0.0,0.0
2,2,0.0625,0.0,0.9375,0.0,0.0,0.0,0.0,0.0,0.0,0.0,0.0
2,2,0.0625,0.0,0.9375,0.0,0.0,0.0,0.0,0.0,0.0,0.0,0.0
2,2,0.0625,0.0,0.9375,0.0,0.0,0.0,0.0,0.0,0.0,0.0,0.0
2,2,0.0625,0.0,0.9375,0.0,0.0,0.0,0.0,0.0,0.0,0.0,0.0
2,2,0.0625,0.0,0.9375,0.0,0.0,0.0,0.0,0.0,0.0,0.0,0.0
2,2,0.0625,0.0,0.9375,0.0,0.0,0.0,0.0,0.0,0.0,0.0,0.0
2,2,0.0625,0.0,0.9375,0.0,0.0,0.0,0.0,0.0,0.0,0.0,0.0
2,2,0.0625,0.0,0.9375,0.0,0.0,0.0,0.0,0.0,0.0,0.0,0.0
2,2,0.0625,0.0,0.9375,0.0,0.0,0.0,0.0,0.0,0.0,0.0,0.0
2,2,0.0625,0.0,0.9375,0.0,0.0,0.0,0.0,0.0,0.0,0.0,0.0
2,2,0.0625,0.0,0.9375,0.0,0.0,0.0,0.0,0.0,0.0,0.0,0.0
2,2,0.0625,0.0,0.9375,0.0,0.0,0.0,0.0,0.0,0.0,0.0,0.0
2,2,0.0625,0.0,0.9375,0.0,0.0,0.0,0.0,0.0,0.0,0.0,0.0
2,2,0.0625,0.0,0.9375,0.0,0.0,0.0,0.0,0.0,0.0,0.0,0.0
2,2,0.0625,0.0,0.9375,0.0,0.0,0.0,0.0,0.0,0.0,0.0,0.0
2,2,0.0625,0.0,0.9375,0.0,0.0,0.0,0.0,0.0,0.0,0.0,0.0
2,2,0.0625,0.0,0.9375,0.0,0.0,0.0,0.0,0.0,0.0,0.0,0.0
2,2,0.0625,0.0,0.9375,0.0,0.0,0.0,0.0,0.0,0.0,0.0,0.0
2,2,0.0625,0.0,0.9375,0.0,0.0,0.0,0.0,0.0,0.0,0.0,0.0
2,2,0.0625,0.0,0.9375,0.0,0.0,0.0,0.0,0.0,0.0,0.0,0.0
2,2,0.0625,0.0,0.9375,0.0,0.0,0.0,0.0,0.0,0.0,0.0,0.0
2,2,0.0625,0.0,0.9375,0.0,0.0,0.0,0.0,0.0,0.0,0.0,0.0
2,2,0.0625,0.0,0.9375,0.0,0.0,0.0,0.0,0.0,0.0,0.0,0.0
2,2,0.0625,0.0,0.9375,0.0,0.0,0.0,0.0,0.0,0.0,0.0,0.0
2,2,0.0625,0.0,0.9375,0.0,0.0,0.0,0.0,0.0,0.0,0.0,0.0
2,2,0.0625,0.0,0.9375,0.0,0.0,0.0,0.0,0.0,0.0,0.0,0.0
2,2,0.0625,0.0,0.9375,0.0,0.0,0.0,0.0,0.0,0.0,0.0,0.0
2,2,0.0625,0.0,0.9375,0.0,0.0,0.0,0.0,0.0,0.0,0.0,0.0
2,2,0.0625,0.0,0.9375,0.0,0.0,0.0,0.0,0.0,0.0,0.0,0.0
2,2,0.0625,0.0,0.9375,0.0,0.0,0.0,0.0,0.0,0.0,0.0,0.0
2,2,0.0625,0.0,0.9375,0.0,0.0,0.0,0.0,0.0,0.0,0.0,0.0
2,2,0.0625,0.0,0.9375,0.0,0.0,0.0,0.0,0.0,0.0,0.0,0.0
2,2,0.0625,0.0,0.9375,0.0,0.0,0.0,0.0,0.0,0.0,0.0,0.0
2,2,0.0625,0.0,0.9375,0.0,0.0,0.0,0.0,0.0,0.0,0.0,0.0
2,2,0.0625,0.0,0.9375,0.0,0.0,0.0,0.0,0.0,0.0,0.0,0.0
2,2,0.0625,0.0,0.9375,0.0,0.0,0.0,0.0,0.0,0.0,0.0,0.0
2,2,0.0625,0.0,0.9375,0.0,0.0,0.0,0.0,0.0,0.0,0.0,0.0
2,2,0.0625,0.0,0.9375,0.0,0.0,0.0,0.0,0.0,0.0,0.0,0.0
2,2,0.0625,0.0,0.9375,0.0,0.0,0.0,0.0,0.0,0.0,0.0,0.0
2,2,0.0625,0.0,0.9375,0.0,0.0,0.0,0.0,0.0,0.0,0.0,0.0
2,2,0.0625,0.0,0.9375,0.0,0.0,0.0,0.0,0.0,0.0,0.0,0.0
2,2,0.0625,0.0,0.9375,0.0,0.0,0.0,0.0,0.0,0.0,0.0,0.0
2,2,0.0625,0.0,0.9375,0.0,0.0,0.0,0.0,0.0,0.0,0.0,0.0
2,2,0.0625,0.0,0.9375,0.0,0.0,0.0,0.0,0.0,0.0,0.0,0.0
2,2,0.0625,0.0,0.9375,0.0,0.0,0.0,0.0,0.0,0.0,0.0,0.0
2,2,0.0625,0.0,0.9375,0.0,0.0,0.0,0.0,0.0,0.0,0.0,0.0
2,2,0.0625,0.0,0.9375,0.0,0.0,0.0,0.0,0.0,0.0,0.0,0.0
2,2,0.0625,0.0,0.9375,0.0,0.0,0.0,0.0,0.0,0.0,0.0,0.0
2,2,0.0625,0.0,0.9375,0.0,0.0,0.0,0.0,0.0,0.0,0.0,0.0
2,2,0.0625,0.0,0.9375,0.0,0.0,0.0,0.0,0.0,0.0,0.0,0.0
2,2,0.0625,0.0,0.9375,0.0,0.0,0.0,0.0,0.0,0.0,0.0,0.0
2,2,0.0625,0.0,0.9375,0.0,0.0,0.0,0.0,0.0,0.0,0.0,0.0
2,2,0.0625,0.0,0.9375,0.0,0.0,0.0,0.0,0.0,0.0,0.0,0.0
2,2,0.0625,0.0,0.9375,0.0,0.0,0.0,0.0,0.0,0.0,0.0,0.0
2,2,0.0625,0.0,0.9375,0.0,0.0,0.0,0.0,0.0,0.0,0.0,0.0
2,2,0.0625,0.0,0.9375,0.0,0.0,0.0,0.0,0.0,0.0,0.0,0.0
2,2,0.0625,0.0,0.9375,0.0,0.0,0.0,0.0,0.0,0.0,0.0,0.0
2,2,0.0625,0.0,0.9375,0.0,0.0,0.0,0.0,0.0,0.0,0.0,0.0
2,2,0.0625,0.0,0.9375,0.0,0.0,0.0,0.0,0.0,0.0,0.0,0.0
2,2,0.0625,0.0,0.9375,0.0,0.0,0.0,0.0,0.0,0.0,0.0,0.0
2,2,0.0625,0.0,0.9375,0.0,0.0,0.0,0.0,0.0,0.0,0.0,0.0
2,2,0.0625,0.0,0.9375,0.0,0.0,0.0,0.0,0.0,0.0,0.0,0.0
2,2,0.0625,0.0,0.9375,0.0,0.0,0.0,0.0,0.0,0.0,0.0,0.0
2,2,0.0625,0.0,0.9375,0.0,0.0,0.0,0.0,0.0,0.0,0.0,0.0
2,2,0.0625,0.0,0.9375,0.0,0.0,0.0,0.0,0.0,0.0,0.0,0.0
2,2,0.0625,0.0,0.9375,0.0,0.0,0.0,0.0,0.0,0.0,0.0,0.0
2,2,0.0625,0.0,0.9375,0.0,0.0,0.0,0.0,0.0,0.0,0.0,0.0
2,2,0.0625,0.0,0.9375,0.0,0.0,0.0,0.0,0.0,0.0,0.0,0.0
2,2,0.0625,0.0,0.9375,0.0,0.0,0.0,0.0,0.0,0.0,0.0,0.0
2,2,0.0625,0.0,0.9375,0.0,0.0,0.0,0.0,0.0,0.0,0.0,0.0
2,2,0.0625,0.0,0.9375,0.0,0.0,0.0,0.0,0.0,0.0,0.0,0.0
2,2,0.0625,0.0,0.9375,0.0,0.0,0.0,0.0,0.0,0.0,0.0,0.0
2,2,0.0625,0.0,0.9375,0.0,0.0,0.0,0.0,0.0,0.0,0.0,0.0
2,2,0.0625,0.0,0.9375,0.0,0.0,0.0,0.0,0.0,0.0,0.0,0.0
2,2,0.0625,0.0,0.9375,0.0,0.0,0.0,0.0,0.0,0.0,0.0,0.0
2,2,0.0625,0.0,0.9375,0.0,0.0,0.0,0.0,0.0,0.0,0.0,0.0
2,2,0.0625,0.0,0.9375,0.0,0.0,0.0,0.0,0.0,0.0,0.0,0.0
2,2,0.0625,0.0,0.9375,0.0,0.0,0.0,0.0,0.0,0.0,0.0,0.0
2,2,0.0625,0.0,0.9375,0.0,0.0,0.0,0.0,0.0,0.0,0.0,0.0
2,2,0.0625,0.0,0.9375,0.0,0.0,0.0,0.0,0.0,0.0,0.0,0.0
2,2,0.0625,0.0,0.9375,0.0,0.0,0.0,0.0,0.0,0.0,0.0,0.0
2,2,0.0625,0.0,0.9375,0.0,0.0,0.0,0.0,0.0,0.0,0.0,0.0
2,2,0.0625,0.0,0.9375,0.0,0.0,0.0,0.0,0.0,0.0,0.0,0.0
2,2,0.0625,0.0,0.9375,0.0,0.0,0.0,0.0,0.0,0.0,0.0,0.0
2,2,0.0625,0.0,0.9375,0.0,0.0,0.0,0.0,0.0,0.0,0.0,0.0
2,2,0.0625,0.0,0.9375,0.0,0.0,0.0,0.0,0.0,0.0,0.0,0.0
2,2,0.0625,0.0,0.9375,0.0,0.0,0.0,0.0,0.0,0.0,0.0,0.0
2,2,0.0625,0.0,0.9375,0.0,0.0,0.0,0.0,0.0,0.0,0.0,0.0
2,2,0.0625,0.0,0.9375,0.0,0.0,0.0,0.0,0.0,0.0,0.0,0.0
2,2,0.0625,0.0,0.9375,0.0,0.0,0.0,0.0,0.0,0.0,0.0,0.0
2,2,0.0625,0.0,0.9375,0.0,0.0,0.0,0.0,0.0,0.0,0.0,0.0
2,2,0.0625,0.0,0.9375,0.0,0.0,0.0,0.0,0.0,0.0,0.0,0.0
2,2,0.0625,0.0,0.9375,0.0,0.0,0.0,0.0,0.0,0.0,0.0,0.0
2,2,0.0625,0.0,0.9375,0.0,0.0,0.0,0.0,0.0,0.0,0.0,0.0
2,2,0.0625,0.0,0.9375,0.0,0.0,0.0,0.0,0.0,0.0,0.0,0.0
2,2,0.0625,0.0,0.9375,0.0,0.0,0.0,0.0,0.0,0.0,0.0,0.0
2,2,0.0625,0.0,0.9375,0.0,0.0,0.0,0.0,0.0,0.0,0.0,0.0
2,2,0.0625,0.0,0.9375,0.0,0.0,0.0,0.0,0.0,0.0,0.0,0.0
2,2,0.0625,0.0,0.9375,0.0,0.0,0.0,0.0,0.0,0.0,0.0,0.0
2,2,0.0625,0.0,0.9375,0.0,0.0,0.0,0.0,0.0,0.0,0.0,0.0
2,2,0.0625,0.0,0.9375,0.0,0.0,0.0,0.0,0.0,0.0,0.0,0.0
2,2,0.0625,0.0,0.9375,0.0,0.0,0.0,0.0,0.0,0.0,0.0,0.0
2,2,0.0625,0.0,0.9375,0.0,0.0,0.0,0.0,0.0,0.0,0.0,0.0
2,2,0.0625,0.0,0.9375,0.0,0.0,0.0,0.0,0.0,0.0,0.0,0.0
2,2,0.0625,0.0,0.9375,0.0,0.0,0.0,0.0,0.0,0.0,0.0,0.0
2,2,0.0625,0.0,0.9375,0.0,0.0,0.0,0.0,0.0,0.0,0.0,0.0
2,2,0.0625,0.0,0.9375,0.0,0.0,0.0,0.0,0.0,0.0,0.0,0.0
2,2,0.0625,0.0,0.9375,0.0,0.0,0.0,0.0,0.0,0.0,0.0,0.0
2,2,0.0625,0.0,0.9375,0.0,0.0,0.0,0.0,0.0,0.0,0.0,0.0
2,2,0.0625,0.0,0.9375,0.0,0.0,0.0,0.0,0.0,0.0,0.0,0.0
2,2,0.0625,0.0,0.9375,0.0,0.0,0.0,0.0,0.0,0.0,0.0,0.0
2,2,0.0625,0.0,0.9375,0.0,0.0,0.0,0.0,0.0,0.0,0.0,0.0
2,2,0.0625,0.0,0.9375,0.0,0.0,0.0,0.0,0.0,0.0,0.0,0.0
2,2,0.0625,0.0,0.9375,0.0,0.0,0.0,0.0,0.0,0.0,0.0,0.0
2,2,0.0625,0.0,0.9375,0.0,0.0,0.0,0.0,0.0,0.0,0.0,0.0
2,2,0.0625,0.0,0.9375,0.0,0.0,0.0,0.0,0.0,0.0,0.0,0.0
2,2,0.0625,0.0,0.9375,0.0,0.0,0.0,0.0,0.0,0.0,0.0,0.0
2,2,0.0625,0.0,0.9375,0.0,0.0,0.0,0.0,0.0,0.0,0.0,0.0
2,2,0.0625,0.0,0.9375,0.0,0.0,0.0,0.0,0.0,0.0,0.0,0.0
2,2,0.0625,0.0,0.9375,0.0,0.0,0.0,0.0,0.0,0.0,0.0,0.0
2,2,0.0625,0.0,0.9375,0.0,0.0,0.0,0.0,0.0,0.0,0.0,0.0
2,2,0.0625,0.0,0.9375,0.0,0.0,0.0,0.0,0.0,0.0,0.0,0.0
2,2,0.0625,0.0,0.9375,0.0,0.0,0.0,0.0,0.0,0.0,0.0,0.0
2,2,0.0625,0.0,0.9375,0.0,0.0,0.0,0.0,0.0,0.0,0.0,0.0
2,2,0.0625,0.0,0.9375,0.0,0.0,0.0,0.0,0.0,0.0,0.0,0.0
2,2,0.0625,0.0,0.9375,0.0,0.0,0.0,0.0,0.0,0.0,0.0,0.0
2,2,0.0625,0.0,0.9375,0.0,0.0,0.0,0.0,0.0,0.0,0.0,0.0
2,2,0.0625,0.0,0.9375,0.0,0.0,0.0,0.0,0.0,0.0,0.0,0.0
2,2,0.0625,0.0,0.9375,0.0,0.0,0.0,0.0,0.0,0.0,0.0,0.0
2,2,0.0625,0.0,0.9375,0.0,0.0,0.0,0.0,0.0,0.0,0.0,0.0
2,2,0.0625,0.0,0.9375,0.0,0.0,0.0,0.0,0.0,0.0,0.0,0.0
2,2,0.0625,0.0,0.9375,0.0,0.0,0.0,0.0,0.0,0.0,0.0,0.0
2,2,0.0625,0.0,0.9375,0.0,0.0,0.0,0.0,0.0,0.0,0.0,0.0
2,2,0.0625,0.0,0.9375,0.0,0.0,0.0,0.0,0.0,0.0,0.0,0.0
2,2,0.0625,0.0,0.9375,0.0,0.0,0.0,0.0,0.0,0.0,0.0,0.0
2,2,0.0625,0.0,0.9375,0.0,0.0,0.0,0.0,0.0,0.0,0.0,0.0
2,2,0.0625,0.0,0.9375,0.0,0.0,0.0,0.0,0.0,0.0,0.0,0.0
2,2,0.0625,0.0,0.9375,0.0,0.0,0.0,0.0,0.0,0.0,0.0,0.0
2,2,0.0625,0.0,0.9375,0.0,0.0,0.0,0.0,0.0,0.0,0.0,0.0
2,2,0.0625,0.0,0.9375,0.0,0.0,0.0,0.0,0.0,0.0,0.0,0.0
2,2,0.0625,0.0,0.9375,0.0,0.0,0.0,0.0,0.0,0.0,0.0,0.0
2,2,0.0625,0.0,0.9375,0.0,0.0,0.0,0.0,0.0,0.0,0.0,0.0
2,2,0.0625,0.0,0.9375,0.0,0.0,0.0,0.0,0.0,0.0,0.0,0.0
2,2,0.0625,0.0,0.9375,0.0,0.0,0.0,0.0,0.0,0.0,0.0,0.0
2,2,0.0625,0.0,0.9375,0.0,0.0,0.0,0.0,0.0,0.0,0.0,0.0
2,2,0.0625,0.0,0.9375,0.0,0.0,0.0,0.0,0.0,0.0,0.0,0.0
2,2,0.0625,0.0,0.9375,0.0,0.0,0.0,0.0,0.0,0.0,0.0,0.0
2,2,0.0625,0.0,0.9375,0.0,0.0,0.0,0.0,0.0,0.0,0.0,0.0
2,2,0.0625,0.0,0.9375,0.0,0.0,0.0,0.0,0.0,0.0,0.0,0.0
2,2,0.0625,0.0,0.9375,0.0,0.0,0.0,0.0,0.0,0.0,0.0,0.0
2,2,0.0625,0.0,0.9375,0.0,0.0,0.0,0.0,0.0,0.0,0.0,0.0
2,2,0.0625,0.0,0.9375,0.0,0.0,0.0,0.0,0.0,0.0,0.0,0.0
2,2,0.0625,0.0,0.9375,0.0,0.0,0.0,0.0,0.0,0.0,0.0,0.0
2,2,0.0625,0.0,0.9375,0.0,0.0,0.0,0.0,0.0,0.0,0.0,0.0
2,2,0.0625,0.0,0.9375,0.0,0.0,0.0,0.0,0.0,0.0,0.0,0.0
2,2,0.0625,0.0,0.9375,0.0,0.0,0.0,0.0,0.0,0.0,0.0,0.0
2,2,0.0625,0.0,0.9375,0.0,0.0,0.0,0.0,0.0,0.0,0.0,0.0
2,2,0.0625,0.0,0.9375,0.0,0.0,0.0,0.0,0.0,0.0,0.0,0.0
2,2,0.0625,0.0,0.9375,0.0,0.0,0.0,0.0,0.0,0.0,0.0,0.0
2,2,0.0625,0.0,0.9375,0.0,0.0,0.0,0.0,0.0,0.0,0.0,0.0
2,2,0.0625,0.0,0.9375,0.0,0.0,0.0,0.0,0.0,0.0,0.0,0.0
2,2,0.0625,0.0,0.9375,0.0,0.0,0.0,0.0,0.0,0.0,0.0,0.0
2,2,0.0625,0.0,0.9375,0.0,0.0,0.0,0.0,0.0,0.0,0.0,0.0
2,2,0.0625,0.0,0.9375,0.0,0.0,0.0,0.0,0.0,0.0,0.0,0.0
2,2,0.0625,0.0,0.9375,0.0,0.0,0.0,0.0,0.0,0.0,0.0,0.0
2,2,0.0625,0.0,0.9375,0.0,0.0,0.0,0.0,0.0,0.0,0.0,0.0
2,2,0.0625,0.0,0.9375,0.0,0.0,0.0,0.0,0.0,0.0,0.0,0.0
2,2,0.0625,0.0,0.9375,0.0,0.0,0.0,0.0,0.0,0.0,0.0,0.0
2,2,0.0625,0.0,0.9375,0.0,0.0,0.0,0.0,0.0,0.0,0.0,0.0
2,2,0.0625,0.0,0.9375,0.0,0.0,0.0,0.0,0.0,0.0,0.0,0.0
2,2,0.0625,0.0,0.9375,0.0,0.0,0.0,0.0,0.0,0.0,0.0,0.0
2,2,0.0625,0.0,0.9375,0.0,0.0,0.0,0.0,0.0,0.0,0.0,0.0
2,2,0.0625,0.0,0.9375,0.0,0.0,0.0,0.0,0.0,0.0,0.0,0.0
2,2,0.0625,0.0,0.9375,0.0,0.0,0.0,0.0,0.0,0.0,0.0,0.0
2,2,0.0625,0.0,0.9375,0.0,0.0,0.0,0.0,0.0,0.0,0.0,0.0
2,2,0.0625,0.0,0.9375,0.0,0.0,0.0,0.0,0.0,0.0,0.0,0.0
2,2,0.0625,0.0,0.9375,0.0,0.0,0.0,0.0,0.0,0.0,0.0,0.0
2,2,0.0625,0.0,0.9375,0.0,0.0,0.0,0.0,0.0,0.0,0.0,0.0
2,2,0.0625,0.0,0.9375,0.0,0.0,0.0,0.0,0.0,0.0,0.0,0.0
2,2,0.0625,0.0,0.9375,0.0,0.0,0.0,0.0,0.0,0.0,0.0,0.0
2,2,0.0625,0.0,0.9375,0.0,0.0,0.0,0.0,0.0,0.0,0.0,0.0
2,2,0.0625,0.0,0.9375,0.0,0.0,0.0,0.0,0.0,0.0,0.0,0.0
2,2,0.0625,0.0,0.9375,0.0,0.0,0.0,0.0,0.0,0.0,0.0,0.0
2,2,0.0625,0.0,0.9375,0.0,0.0,0.0,0.0,0.0,0.0,0.0,0.0
2,2,0.0625,0.0,0.9375,0.0,0.0,0.0,0.0,0.0,0.0,0.0,0.0
2,2,0.0625,0.0,0.9375,0.0,0.0,0.0,0.0,0.0,0.0,0.0,0.0
2,2,0.0625,0.0,0.9375,0.0,0.0,0.0,0.0,0.0,0.0,0.0,0.0
2,2,0.0625,0.0,0.9375,0.0,0.0,0.0,0.0,0.0,0.0,0.0,0.0
2,2,0.0625,0.0,0.9375,0.0,0.0,0.0,0.0,0.0,0.0,0.0,0.0
2,2,0.0625,0.0,0.9375,0.0,0.0,0.0,0.0,0.0,0.0,0.0,0.0
2,2,0.0625,0.0,0.9375,0.0,0.0,0.0,0.0,0.0,0.0,0.0,0.0
2,2,0.0625,0.0,0.9375,0.0,0.0,0.0,0.0,0.0,0.0,0.0,0.0
2,2,0.0625,0.0,0.9375,0.0,0.0,0.0,0.0,0.0,0.0,0.0,0.0
2,2,0.0625,0.0,0.9375,0.0,0.0,0.0,0.0,0.0,0.0,0.0,0.0
2,2,0.0625,0.0,0.9375,0.0,0.0,0.0,0.0,0.0,0.0,0.0,0.0
2,2,0.0625,0.0,0.9375,0.0,0.0,0.0,0.0,0.0,0.0,0.0,0.0
2,2,0.0625,0.0,0.9375,0.0,0.0,0.0,0.0,0.0,0.0,0.0,0.0
2,2,0.0625,0.0,0.9375,0.0,0.0,0.0,0.0,0.0,0.0,0.0,0.0
2,2,0.0625,0.0,0.9375,0.0,0.0,0.0,0.0,0.0,0.0,0.0,0.0
2,2,0.0625,0.0,0.9375,0.0,0.0,0.0,0.0,0.0,0.0,0.0,0.0
2,2,0.0625,0.0,0.9375,0.0,0.0,0.0,0.0,0.0,0.0,0.0,0.0
2,2,0.0625,0.0,0.9375,0.0,0.0,0.0,0.0,0.0,0.0,0.0,0.0
2,2,0.0625,0.0,0.9375,0.0,0.0,0.0,0.0,0.0,0.0,0.0,0.0
2,2,0.0625,0.0,0.9375,0.0,0.0,0.0,0.0,0.0,0.0,0.0,0.0
2,2,0.0625,0.0,0.9375,0.0,0.0,0.0,0.0,0.0,0.0,0.0,0.0
2,2,0.0625,0.0,0.9375,0.0,0.0,0.0,0.0,0.0,0.0,0.0,0.0
2,2,0.0625,0.0,0.9375,0.0,0.0,0.0,0.0,0.0,0.0,0.0,0.0
2,2,0.0625,0.0,0.9375,0.0,0.0,0.0,0.0,0.0,0.0,0.0,0.0
2,2,0.0625,0.0,0.9375,0.0,0.0,0.0,0.0,0.0,0.0,0.0,0.0
2,2,0.0625,0.0,0.9375,0.0,0.0,0.0,0.0,0.0,0.0,0.0,0.0
2,2,0.0625,0.0,0.9375,0.0,0.0,0.0,0.0,0.0,0.0,0.0,0.0
2,2,0.0625,0.0,0.9375,0.0,0.0,0.0,0.0,0.0,0.0,0.0,0.0
2,2,0.0625,0.0,0.9375,0.0,0.0,0.0,0.0,0.0,0.0,0.0,0.0
2,2,0.0625,0.0,0.9375,0.0,0.0,0.0,0.0,0.0,0.0,0.0,0.0
2,2,0.0625,0.0,0.9375,0.0,0.0,0.0,0.0,0.0,0.0,0.0,0.0
2,2,0.0625,0.0,0.9375,0.0,0.0,0.0,0.0,0.0,0.0,0.0,0.0
2,2,0.0625,0.0,0.9375,0.0,0.0,0.0,0.0,0.0,0.0,0.0,0.0
2,2,0.0625,0.0,0.9375,0.0,0.0,0.0,0.0,0.0,0.0,0.0,0.0
2,2,0.0625,0.0,0.9375,0.0,0.0,0.0,0.0,0.0,0.0,0.0,0.0
2,2,0.0625,0.0,0.9375,0.0,0.0,0.0,0.0,0.0,0.0,0.0,0.0
2,2,0.0625,0.0,0.9375,0.0,0.0,0.0,0.0,0.0,0.0,0.0,0.0
2,2,0.0625,0.0,0.9375,0.0,0.0,0.0,0.0,0.0,0.0,0.0,0.0
2,2,0.0625,0.0,0.9375,0.0,0.0,0.0,0.0,0.0,0.0,0.0,0.0
2,2,0.0625,0.0,0.9375,0.0,0.0,0.0,0.0,0.0,0.0,0.0,0.0
2,2,0.0625,0.0,0.9375,0.0,0.0,0.0,0.0,0.0,0.0,0.0,0.0
2,2,0.0625,0.0,0.9375,0.0,0.0,0.0,0.0,0.0,0.0,0.0,0.0
2,2,0.125,0.0,0.875,0.0,0.0,0.0,0.0,0.0,0.0,0.0,0.0
2,2,0.125,0.0,0.875,0.0,0.0,0.0,0.0,0.0,0.0,0.0,0.0
2,2,0.125,0.0,0.875,0.0,0.0,0.0,0.0,0.0,0.0,0.0,0.0
2,2,0.125,0.0,0.875,0.0,0.0,0.0,0.0,0.0,0.0,0.0,0.0
2,2,0.125,0.0,0.875,0.0,0.0,0.0,0.0,0.0,0.0,0.0,0.0
2,2,0.125,0.0,0.875,0.0,0.0,0.0,0.0,0.0,0.0,0.0,0.0
2,2,0.125,0.0,0.875,0.0,0.0,0.0,0.0,0.0,0.0,0.0,0.0
2,2,0.125,0.0,0.875,0.0,0.0,0.0,0.0,0.0,0.0,0.0,0.0
2,2,0.125,0.0,0.875,0.0,0.0,0.0,0.0,0.0,0.0,0.0,0.0
2,2,0.125,0.0,0.875,0.0,0.0,0.0,0.0,0.0,0.0,0.0,0.0
2,2,0.125,0.0,0.875,0.0,0.0,0.0,0.0,0.0,0.0,0.0,0.0
2,2,0.125,0.0,0.875,0.0,0.0,0.0,0.0,0.0,0.0,0.0,0.0
2,2,0.125,0.0,0.875,0.0,0.0,0.0,0.0,0.0,0.0,0.0,0.0
2,2,0.125,0.0,0.875,0.0,0.0,0.0,0.0,0.0,0.0,0.0,0.0
2,2,0.125,0.0,0.875,0.0,0.0,0.0,0.0,0.0,0.0,0.0,0.0
2,2,0.125,0.0,0.875,0.0,0.0,0.0,0.0,0.0,0.0,0.0,0.0
2,2,0.125,0.0,0.875,0.0,0.0,0.0,0.0,0.0,0.0,0.0,0.0
2,2,0.125,0.0,0.875,0.0,0.0,0.0,0.0,0.0,0.0,0.0,0.0
2,2,0.125,0.0,0.875,0.0,0.0,0.0,0.0,0.0,0.0,0.0,0.0
2,2,0.125,0.0,0.875,0.0,0.0,0.0,0.0,0.0,0.0,0.0,0.0
2,2,0.125,0.0,0.875,0.0,0.0,0.0,0.0,0.0,0.0,0.0,0.0
2,2,0.125,0.0,0.875,0.0,0.0,0.0,0.0,0.0,0.0,0.0,0.0
2,2,0.125,0.0,0.875,0.0,0.0,0.0,0.0,0.0,0.0,0.0,0.0
2,2,0.125,0.0,0.875,0.0,0.0,0.0,0.0,0.0,0.0,0.0,0.0
2,2,0.125,0.0,0.875,0.0,0.0,0.0,0.0,0.0,0.0,0.0,0.0
2,2,0.125,0.0,0.875,0.0,0.0,0.0,0.0,0.0,0.0,0.0,0.0
2,2,0.125,0.0,0.875,0.0,0.0,0.0,0.0,0.0,0.0,0.0,0.0
2,2,0.125,0.0,0.875,0.0,0.0,0.0,0.0,0.0,0.0,0.0,0.0
2,2,0.125,0.0,0.875,0.0,0.0,0.0,0.0,0.0,0.0,0.0,0.0
2,2,0.125,0.0,0.875,0.0,0.0,0.0,0.0,0.0,0.0,0.0,0.0
2,2,0.125,0.0,0.875,0.0,0.0,0.0,0.0,0.0,0.0,0.0,0.0
2,2,0.125,0.0,0.875,0.0,0.0,0.0,0.0,0.0,0.0,0.0,0.0
2,2,0.125,0.0,0.875,0.0,0.0,0.0,0.0,0.0,0.0,0.0,0.0
2,2,0.125,0.0,0.875,0.0,0.0,0.0,0.0,0.0,0.0,0.0,0.0
2,2,0.125,0.0,0.875,0.0,0.0,0.0,0.0,0.0,0.0,0.0,0.0
2,2,0.125,0.0,0.875,0.0,0.0,0.0,0.0,0.0,0.0,0.0,0.0
2,2,0.125,0.0,0.875,0.0,0.0,0.0,0.0,0.0,0.0,0.0,0.0
2,2,0.125,0.0,0.875,0.0,0.0,0.0,0.0,0.0,0.0,0.0,0.0
2,2,0.125,0.0,0.875,0.0,0.0,0.0,0.0,0.0,0.0,0.0,0.0
2,2,0.125,0.0,0.875,0.0,0.0,0.0,0.0,0.0,0.0,0.0,0.0
2,2,0.125,0.0,0.875,0.0,0.0,0.0,0.0,0.0,0.0,0.0,0.0
2,2,0.125,0.0,0.875,0.0,0.0,0.0,0.0,0.0,0.0,0.0,0.0
2,2,0.125,0.0,0.875,0.0,0.0,0.0,0.0,0.0,0.0,0.0,0.0
2,2,0.125,0.0,0.875,0.0,0.0,0.0,0.0,0.0,0.0,0.0,0.0
2,2,0.125,0.0,0.875,0.0,0.0,0.0,0.0,0.0,0.0,0.0,0.0
2,2,0.125,0.0,0.875,0.0,0.0,0.0,0.0,0.0,0.0,0.0,0.0
2,2,0.125,0.0,0.875,0.0,0.0,0.0,0.0,0.0,0.0,0.0,0.0
2,2,0.125,0.0,0.875,0.0,0.0,0.0,0.0,0.0,0.0,0.0,0.0
2,2,0.125,0.0,0.875,0.0,0.0,0.0,0.0,0.0,0.0,0.0,0.0
2,2,0.125,0.0,0.875,0.0,0.0,0.0,0.0,0.0,0.0,0.0,0.0
2,2,0.125,0.0,0.875,0.0,0.0,0.0,0.0,0.0,0.0,0.0,0.0
2,2,0.125,0.0,0.875,0.0,0.0,0.0,0.0,0.0,0.0,0.0,0.0
2,2,0.125,0.0,0.875,0.0,0.0,0.0,0.0,0.0,0.0,0.0,0.0
2,2,0.125,0.0,0.875,0.0,0.0,0.0,0.0,0.0,0.0,0.0,0.0
2,2,0.125,0.0,0.875,0.0,0.0,0.0,0.0,0.0,0.0,0.0,0.0
2,2,0.125,0.0,0.875,0.0,0.0,0.0,0.0,0.0,0.0,0.0,0.0
2,2,0.125,0.0,0.875,0.0,0.0,0.0,0.0,0.0,0.0,0.0,0.0
2,2,0.125,0.0,0.875,0.0,0.0,0.0,0.0,0.0,0.0,0.0,0.0
2,2,0.125,0.0,0.875,0.0,0.0,0.0,0.0,0.0,0.0,0.0,0.0
2,2,0.125,0.0,0.875,0.0,0.0,0.0,0.0,0.0,0.0,0.0,0.0
2,2,0.125,0.0,0.875,0.0,0.0,0.0,0.0,0.0,0.0,0.0,0.0
2,2,0.125,0.0,0.875,0.0,0.0,0.0,0.0,0.0,0.0,0.0,0.0
2,2,0.125,0.0,0.875,0.0,0.0,0.0,0.0,0.0,0.0,0.0,0.0
2,2,0.125,0.0,0.875,0.0,0.0,0.0,0.0,0.0,0.0,0.0,0.0
2,2,0.125,0.0,0.875,0.0,0.0,0.0,0.0,0.0,0.0,0.0,0.0
2,2,0.125,0.0,0.875,0.0,0.0,0.0,0.0,0.0,0.0,0.0,0.0
2,2,0.125,0.0,0.875,0.0,0.0,0.0,0.0,0.0,0.0,0.0,0.0
2,2,0.125,0.0,0.875,0.0,0.0,0.0,0.0,0.0,0.0,0.0,0.0
2,2,0.125,0.0,0.875,0.0,0.0,0.0,0.0,0.0,0.0,0.0,0.0
2,2,0.125,0.0,0.875,0.0,0.0,0.0,0.0,0.0,0.0,0.0,0.0
2,2,0.125,0.0,0.875,0.0,0.0,0.0,0.0,0.0,0.0,0.0,0.0
2,2,0.125,0.0,0.875,0.0,0.0,0.0,0.0,0.0,0.0,0.0,0.0
2,2,0.125,0.0,0.875,0.0,0.0,0.0,0.0,0.0,0.0,0.0,0.0
2,2,0.125,0.0,0.875,0.0,0.0,0.0,0.0,0.0,0.0,0.0,0.0
2,2,0.125,0.0,0.875,0.0,0.0,0.0,0.0,0.0,0.0,0.0,0.0
2,2,0.125,0.0,0.875,0.0,0.0,0.0,0.0,0.0,0.0,0.0,0.0
2,2,0.125,0.0,0.875,0.0,0.0,0.0,0.0,0.0,0.0,0.0,0.0
2,2,0.125,0.0,0.875,0.0,0.0,0.0,0.0,0.0,0.0,0.0,0.0
2,2,0.125,0.0,0.875,0.0,0.0,0.0,0.0,0.0,0.0,0.0,0.0
2,2,0.125,0.0,0.875,0.0,0.0,0.0,0.0,0.0,0.0,0.0,0.0
2,2,0.1875,0.0625,0.75,0.0,0.0,0.0,0.0,0.0,0.0,0.0,0.0
2,2,0.1875,0.0625,0.75,0.0,0.0,0.0,0.0,0.0,0.0,0.0,0.0
2,2,0.1875,0.0625,0.75,0.0,0.0,0.0,0.0,0.0,0.0,0.0,0.0
2,2,0.1875,0.0625,0.75,0.0,0.0,0.0,0.0,0.0,0.0,0.0,0.0
2,2,0.1875,0.0625,0.75,0.0,0.0,0.0,0.0,0.0,0.0,0.0,0.0
2,2,0.1875,0.0625,0.75,0.0,0.0,0.0,0.0,0.0,0.0,0.0,0.0
2,2,0.1875,0.0625,0.75,0.0,0.0,0.0,0.0,0.0,0.0,0.0,0.0
2,2,0.1875,0.0625,0.75,0.0,0.0,0.0,0.0,0.0,0.0,0.0,0.0
2,2,0.1875,0.0625,0.75,0.0,0.0,0.0,0.0,0.0,0.0,0.0,0.0
2,2,0.1875,0.0625,0.75,0.0,0.0,0.0,0.0,0.0,0.0,0.0,0.0
2,2,0.1875,0.0625,0.75,0.0,0.0,0.0,0.0,0.0,0.0,0.0,0.0
2,2,0.1875,0.0625,0.75,0.0,0.0,0.0,0.0,0.0,0.0,0.0,0.0
2,2,0.1875,0.0625,0.75,0.0,0.0,0.0,0.0,0.0,0.0,0.0,0.0
2,2,0.1875,0.0625,0.75,0.0,0.0,0.0,0.0,0.0,0.0,0.0,0.0
2,2,0.1875,0.0625,0.75,0.0,0.0,0.0,0.0,0.0,0.0,0.0,0.0
2,2,0.1875,0.0625,0.75,0.0,0.0,0.0,0.0,0.0,0.0,0.0,0.0
3,2,0.3125,0.0625,0.625,0.0,0.0,0.0,0.0,0.0,0.0,0.0,0.0
3,2,0.3125,0.0625,0.625,0.0,0.0,0.0,0.0,0.0,0.0,0.0,0.0
3,2,0.3125,0.0625,0.625,0.0,0.0,0.0,0.0,0.0,0.0,0.0,0.0
3,2,0.3125,0.0625,0.625,0.0,0.0,0.0,0.0,0.0,0.0,0.0,0.0
3,2,0.3125,0.0625,0.625,0.0,0.0,0.0,0.0,0.0,0.0,0.0,0.0
3,2,0.3125,0.0625,0.625,0.0,0.0,0.0,0.0,0.0,0.0,0.0,0.0
3,2,0.3125,0.0625,0.625,0.0,0.0,0.0,0.0,0.0,0.0,0.0,0.0
3,2,0.3125,0.0625,0.625,0.0,0.0,0.0,0.0,0.0,0.0,0.0,0.0
3,2,0.3125,0.0625,0.625,0.0,0.0,0.0,0.0,0.0,0.0,0.0,0.0
3,2,0.3125,0.0625,0.625,0.0,0.0,0.0,0.0,0.0,0.0,0.0,0.0
3,2,0.3125,0.0625,0.625,0.0,0.0,0.0,0.0,0.0,0.0,0.0,0.0
3,2,0.3125,0.0625,0.625,0.0,0.0,0.0,0.0,0.0,0.0,0.0,0.0
3,2,0.3125,0.0625,0.625,0.0,0.0,0.0,0.0,0.0,0.0,0.0,0.0
3,2,0.3125,0.0625,0.625,0.0,0.0,0.0,0.0,0.0,0.0,0.0,0.0
3,2,0.3125,0.0625,0.625,0.0,0.0,0.0,0.0,0.0,0.0,0.0,0.0
3,2,0.3125,0.0625,0.625,0.0,0.0,0.0,0.0,0.0,0.0,0.0,0.0
3,2,0.3125,0.0625,0.625,0.0,0.0,0.0,0.0,0.0,0.0,0.0,0.0
3,2,0.3125,0.0625,0.625,0.0,0.0,0.0,0.0,0.0,0.0,0.0,0.0
3,2,0.3125,0.0625,0.625,0.0,0.0,0.0,0.0,0.0,0.0,0.0,0.0
3,2,0.3125,0.0625,0.625,0.0,0.0,0.0,0.0,0.0,0.0,0.0,0.0
3,2,0.3125,0.0625,0.625,0.0,0.0,0.0,0.0,0.0,0.0,0.0,0.0
3,2,0.3125,0.0625,0.625,0.0,0.0,0.0,0.0,0.0,0.0,0.0,0.0
3,2,0.3125,0.0625,0.625,0.0,0.0,0.0,0.0,0.0,0.0,0.0,0.0
3,2,0.3125,0.0625,0.625,0.0,0.0,0.0,0.0,0.0,0.0,0.0,0.0
3,2,0.3125,0.0625,0.625,0.0,0.0,0.0,0.0,0.0,0.0,0.0,0.0
3,2,0.3125,0.0625,0.625,0.0,0.0,0.0,0.0,0.0,0.0,0.0,0.0
3,2,0.3125,0.0625,0.625,0.0,0.0,0.0,0.0,0.0,0.0,0.0,0.0
3,2,0.3125,0.0625,0.625,0.0,0.0,0.0,0.0,0.0,0.0,0.0,0.0
3,2,0.375,0.0625,0.5625,0.0,0.0,0.0,0.0,0.0,0.0,0.0,0.0
3,2,0.375,0.0625,0.5625,0.0,0.0,0.0,0.0,0.0,0.0,0.0,0.0
3,2,0.375,0.0625,0.5625,0.0,0.0,0.0,0.0,0.0,0.0,0.0,0.0
3,2,0.375,0.0625,0.5625,0.0,0.0,0.0,0.0,0.0,0.0,0.0,0.0
3,2,0.375,0.0625,0.5625,0.0,0.0,0.0,0.0,0.0,0.0,0.0,0.0
3,2,0.375,0.0625,0.5625,0.0,0.0,0.0,0.0,0.0,0.0,0.0,0.0
3,2,0.4375,0.0625,0.5,0.0,0.0,0.0,0.0,0.0,0.0,0.0,0.0
3,2,0.4375,0.0625,0.5,0.0,0.0,0.0,0.0,0.0,0.0,0.0,0.0
3,2,0.4375,0.0625,0.5,0.0,0.0,0.0,0.0,0.0,0.0,0.0,0.0
3,2,0.4375,0.0625,0.5,0.0,0.0,0.0,0.0,0.0,0.0,0.0,0.0
3,2,0.4375,0.0625,0.5,0.0,0.0,0.0,0.0,0.0,0.0,0.0,0.0
3,2,0.4375,0.0625,0.5,0.0,0.0,0.0,0.0,0.0,0.0,0.0,0.0
3,2,0.4375,0.0625,0.5,0.0,0.0,0.0,0.0,0.0,0.0,0.0,0.0
3,2,0.4375,0.0625,0.5,0.0,0.0,0.0,0.0,0.0,0.0,0.0,0.0
3,2,0.4375,0.0625,0.5,0.0,0.0,0.0,0.0,0.0,0.0,0.0,0.0
3,2,0.4375,0.0625,0.5,0.0,0.0,0.0,0.0,0.0,0.0,0.0,0.0
3,0,0.5625,0.0625,0.375,0.0,0.0,0.0,0.0,0.0,0.0,0.0,0.0
3,0,0.5625,0.0625,0.375,0.0,0.0,0.0,0.0,0.0,0.0,0.0,0.0
3,0,0.5625,0.0625,0.375,0.0,0.0,0.0,0.0,0.0,0.0,0.0,0.0
3,0,0.5625,0.0625,0.375,0.0,0.0,0.0,0.0,0.0,0.0,0.0,0.0
3,0,0.625,0.0,0.375,0.0,0.0,0.0,0.0,0.0,0.0,0.0,0.0
3,0,0.625,0.0,0.375,0.0,0.0,0.0,0.0,0.0,0.0,0.0,0.0
3,0,0.6875,0.0,0.3125,0.0,0.0,0.0,0.0,0.0,0.0,0.0,0.0
3,0,0.6875,0.0,0.3125,0.0,0.0,0.0,0.0,0.0,0.0,0.0,0.0
3,0,0.75,0.0,0.25,0.0,0.0,0.0,0.0,0.0,0.0,0.0,0.0
3,0,0.75,0.0,0.25,0.0,0.0,0.0,0.0,0.0,0.0,0.0,0.0
3,0,0.75,0.0,0.25,0.0,0.0,0.0,0.0,0.0,0.0,0.0,0.0
3,0,0.75,0.0,0.25,0.0,0.0,0.0,0.0,0.0,0.0,0.0,0.0
3,0,0.75,0.0,0.25,0.0,0.0,0.0,0.0,0.0,0.0,0.0,0.0
3,0,0.75,0.0,0.25,0.0,0.0,0.0,0.0,0.0,0.0,0.0,0.0
3,0,0.75,0.0,0.25,0.0,0.0,0.0,0.0,0.0,0.0,0.0,0.0
3,0,0.75,0.0,0.25,0.0,0.0,0.0,0.0,0.0,0.0,0.0,0.0
3,0,0.75,0.0,0.25,0.0,0.0,0.0,0.0,0.0,0.0,0.0,0.0
3,0,0.75,0.0,0.25,0.0,0.0,0.0,0.0,0.0,0.0,0.0,0.0
3,0,0.75,0.0,0.25,0.0,0.0,0.0,0.0,0.0,0.0,0.0,0.0
3,0,0.75,0.0,0.25,0.0,0.0,0.0,0.0,0.0,0.0,0.0,0.0
3,0,0.75,0.0,0.25,0.0,0.0,0.0,0.0,0.0,0.0,0.0,0.0
3,0,0.75,0.0,0.25,0.0,0.0,0.0,0.0,0.0,0.0,0.0,0.0
3,0,0.75,0.0,0.25,0.0,0.0,0.0,0.0,0.0,0.0,0.0,0.0
3,0,0.75,0.0,0.25,0.0,0.0,0.0,0.0,0.0,0.0,0.0,0.0
3,0,0.75,0.0,0.25,0.0,0.0,0.0,0.0,0.0,0.0,0.0,0.0
3,0,0.75,0.0,0.25,0.0,0.0,0.0,0.0,0.0,0.0,0.0,0.0
3,0,0.75,0.0,0.25,0.0,0.0,0.0,0.0,0.0,0.0,0.0,0.0
3,0,0.75,0.0,0.25,0.0,0.0,0.0,0.0,0.0,0.0,0.0,0.0
3,0,0.8125,0.0,0.1875,0.0,0.0,0.0,0.0,0.0,0.0,0.0,0.0
3,0,0.8125,0.0,0.1875,0.0,0.0,0.0,0.0,0.0,0.0,0.0,0.0
3,0,0.8125,0.0,0.1875,0.0,0.0,0.0,0.0,0.0,0.0,0.0,0.0
3,0,0.875,0.0,0.125,0.0,0.0,0.0,0.0,0.0,0.0,0.0,0.0
3,0,0.875,0.0,0.125,0.0,0.0,0.0,0.0,0.0,0.0,0.0,0.0
3,0,0.875,0.0,0.125,0.0,0.0,0.0,0.0,0.0,0.0,0.0,0.0
3,0,0.875,0.0,0.125,0.0,0.0,0.0,0.0,0.0,0.0,0.0,0.0
3,0,0.875,0.0,0.125,0.0,0.0,0.0,0.0,0.0,0.0,0.0,0.0
3,0,0.875,0.0,0.125,0.0,0.0,0.0,0.0,0.0,0.0,0.0,0.0
3,0,0.875,0.0,0.125,0.0,0.0,0.0,0.0,0.0,0.0,0.0,0.0
3,0,0.9375,0.0,0.0625,0.0,0.0,0.0,0.0,0.0,0.0,0.0,0.0
3,0,0.9375,0.0,0.0625,0.0,0.0,0.0,0.0,0.0,0.0,0.0,0.0
3,0,0.9375,0.0,0.0625,0.0,0.0,0.0,0.0,0.0,0.0,0.0,0.0
3,0,0.9375,0.0,0.0625,0.0,0.0,0.0,0.0,0.0,0.0,0.0,0.0
3,0,0.9375,0.0,0.0625,0.0,0.0,0.0,0.0,0.0,0.0,0.0,0.0
3,0,0.9375,0.0,0.0625,0.0,0.0,0.0,0.0,0.0,0.0,0.0,0.0
3,0,0.9375,0.0,0.0625,0.0,0.0,0.0,0.0,0.0,0.0,0.0,0.0
3,0,0.9375,0.0,0.0625,0.0,0.0,0.0,0.0,0.0,0.0,0.0,0.0
3,0,0.9375,0.0,0.0625,0.0,0.0,0.0,0.0,0.0,0.0,0.0,0.0
3,0,0.9375,0.0,0.0625,0.0,0.0,0.0,0.0,0.0,0.0,0.0,0.0
3,0,0.9375,0.0,0.0625,0.0,0.0,0.0,0.0,0.0,0.0,0.0,0.0
3,0,0.9375,0.0,0.0625,0.0,0.0,0.0,0.0,0.0,0.0,0.0,0.0
3,0,0.9375,0.0,0.0625,0.0,0.0,0.0,0.0,0.0,0.0,0.0,0.0
3,0,0.9375,0.0,0.0625,0.0,0.0,0.0,0.0,0.0,0.0,0.0,0.0
3,0,0.9375,0.0,0.0625,0.0,0.0,0.0,0.0,0.0,0.0,0.0,0.0
3,0,0.9375,0.0,0.0625,0.0,0.0,0.0,0.0,0.0,0.0,0.0,0.0
3,0,0.9375,0.0,0.0625,0.0,0.0,0.0,0.0,0.0,0.0,0.0,0.0
3,0,0.9375,0.0,0.0625,0.0,0.0,0.0,0.0,0.0,0.0,0.0,0.0
3,0,0.9375,0.0,0.0625,0.0,0.0,0.0,0.0,0.0,0.0,0.0,0.0
3,0,0.9375,0.0,0.0625,0.0,0.0,0.0,0.0,0.0,0.0,0.0,0.0
3,0,0.9375,0.0,0.0625,0.0,0.0,0.0,0.0,0.0,0.0,0.0,0.0
3,0,0.9375,0.0,0.0625,0.0,0.0,0.0,0.0,0.0,0.0,0.0,0.0
3,0,0.9375,0.0,0.0625,0.0,0.0,0.0,0.0,0.0,0.0,0.0,0.0
3,0,0.9375,0.0,0.0625,0.0,0.0,0.0,0.0,0.0,0.0,0.0,0.0
3,0,0.9375,0.0,0.0625,0.0,0.0,0.0,0.0,0.0,0.0,0.0,0.0
3,0,0.9375,0.0,0.0625,0.0,0.0,0.0,0.0,0.0,0.0,0.0,0.0
3,0,0.9375,0.0,0.0625,0.0,0.0,0.0,0.0,0.0,0.0,0.0,0.0
3,0,0.9375,0.0,0.0625,0.0,0.0,0.0,0.0,0.0,0.0,0.0,0.0
3,0,0.9375,0.0,0.0625,0.0,0.0,0.0,0.0,0.0,0.0,0.0,0.0
3,0,0.9375,0.0,0.0625,0.0,0.0,0.0,0.0,0.0,0.0,0.0,0.0
3,0,0.9375,0.0,0.0625,0.0,0.0,0.0,0.0,0.0,0.0,0.0,0.0
3,0,0.9375,0.0,0.0625,0.0,0.0,0.0,0.0,0.0,0.0,0.0,0.0
3,0,0.9375,0.0,0.0625,0.0,0.0,0.0,0.0,0.0,0.0,0.0,0.0
3,0,0.9375,0.0,0.0625,0.0,0.0,0.0,0.0,0.0,0.0,0.0,0.0
3,0,0.9375,0.0,0.0625,0.0,0.0,0.0,0.0,0.0,0.0,0.0,0.0
3,0,0.9375,0.0,0.0625,0.0,0.0,0.0,0.0,0.0,0.0,0.0,0.0
3,0,0.9375,0.0,0.0625,0.0,0.0,0.0,0.0,0.0,0.0,0.0,0.0
3,0,0.9375,0.0,0.0625,0.0,0.0,0.0,0.0,0.0,0.0,0.0,0.0
3,0,0.9375,0.0,0.0625,0.0,0.0,0.0,0.0,0.0,0.0,0.0,0.0
3,0,0.9375,0.0,0.0625,0.0,0.0,0.0,0.0,0.0,0.0,0.0,0.0
3,0,0.9375,0.0,0.0625,0.0,0.0,0.0,0.0,0.0,0.0,0.0,0.0
3,0,0.9375,0.0,0.0625,0.0,0.0,0.0,0.0,0.0,0.0,0.0,0.0
3,0,0.9375,0.0,0.0625,0.0,0.0,0.0,0.0,0.0,0.0,0.0,0.0
3,0,0.9375,0.0,0.0625,0.0,0.0,0.0,0.0,0.0,0.0,0.0,0.0
3,0,0.9375,0.0,0.0625,0.0,0.0,0.0,0.0,0.0,0.0,0.0,0.0
3,0,0.9375,0.0,0.0625,0.0,0.0,0.0,0.0,0.0,0.0,0.0,0.0
3,0,0.9375,0.0,0.0625,0.0,0.0,0.0,0.0,0.0,0.0,0.0,0.0
3,0,0.9375,0.0,0.0625,0.0,0.0,0.0,0.0,0.0,0.0,0.0,0.0
3,0,0.9375,0.0,0.0625,0.0,0.0,0.0,0.0,0.0,0.0,0.0,0.0
3,0,0.9375,0.0,0.0625,0.0,0.0,0.0,0.0,0.0,0.0,0.0,0.0
3,0,0.9375,0.0,0.0625,0.0,0.0,0.0,0.0,0.0,0.0,0.0,0.0
3,0,0.9375,0.0,0.0625,0.0,0.0,0.0,0.0,0.0,0.0,0.0,0.0
3,0,0.9375,0.0,0.0625,0.0,0.0,0.0,0.0,0.0,0.0,0.0,0.0
3,0,0.9375,0.0,0.0625,0.0,0.0,0.0,0.0,0.0,0.0,0.0,0.0
3,0,0.9375,0.0,0.0625,0.0,0.0,0.0,0.0,0.0,0.0,0.0,0.0
3,0,0.9375,0.0,0.0625,0.0,0.0,0.0,0.0,0.0,0.0,0.0,0.0
3,0,0.9375,0.0,0.0625,0.0,0.0,0.0,0.0,0.0,0.0,0.0,0.0
3,0,0.9375,0.0,0.0625,0.0,0.0,0.0,0.0,0.0,0.0,0.0,0.0
3,0,0.9375,0.0,0.0625,0.0,0.0,0.0,0.0,0.0,0.0,0.0,0.0
3,0,0.9375,0.0,0.0625,0.0,0.0,0.0,0.0,0.0,0.0,0.0,0.0
3,0,0.9375,0.0,0.0625,0.0,0.0,0.0,0.0,0.0,0.0,0.0,0.0
3,0,0.9375,0.0,0.0625,0.0,0.0,0.0,0.0,0.0,0.0,0.0,0.0
3,0,0.9375,0.0,0.0625,0.0,0.0,0.0,0.0,0.0,0.0,0.0,0.0
3,0,0.9375,0.0,0.0625,0.0,0.0,0.0,0.0,0.0,0.0,0.0,0.0
3,0,0.9375,0.0,0.0625,0.0,0.0,0.0,0.0,0.0,0.0,0.0,0.0
3,0,0.9375,0.0,0.0625,0.0,0.0,0.0,0.0,0.0,0.0,0.0,0.0
3,0,0.9375,0.0,0.0625,0.0,0.0,0.0,0.0,0.0,0.0,0.0,0.0
3,0,0.9375,0.0,0.0625,0.0,0.0,0.0,0.0,0.0,0.0,0.0,0.0
3,0,0.9375,0.0,0.0625,0.0,0.0,0.0,0.0,0.0,0.0,0.0,0.0
3,0,0.9375,0.0,0.0625,0.0,0.0,0.0,0.0,0.0,0.0,0.0,0.0
3,0,0.9375,0.0,0.0625,0.0,0.0,0.0,0.0,0.0,0.0,0.0,0.0
3,0,0.9375,0.0,0.0625,0.0,0.0,0.0,0.0,0.0,0.0,0.0,0.0
3,0,0.9375,0.0,0.0625,0.0,0.0,0.0,0.0,0.0,0.0,0.0,0.0
3,0,0.9375,0.0,0.0625,0.0,0.0,0.0,0.0,0.0,0.0,0.0,0.0
3,0,0.9375,0.0,0.0625,0.0,0.0,0.0,0.0,0.0,0.0,0.0,0.0
3,0,0.9375,0.0,0.0625,0.0,0.0,0.0,0.0,0.0,0.0,0.0,0.0
3,0,0.9375,0.0,0.0625,0.0,0.0,0.0,0.0,0.0,0.0,0.0,0.0
3,0,0.9375,0.0,0.0625,0.0,0.0,0.0,0.0,0.0,0.0,0.0,0.0
3,0,0.9375,0.0,0.0625,0.0,0.0,0.0,0.0,0.0,0.0,0.0,0.0
3,0,0.9375,0.0,0.0625,0.0,0.0,0.0,0.0,0.0,0.0,0.0,0.0
3,0,0.9375,0.0,0.0625,0.0,0.0,0.0,0.0,0.0,0.0,0.0,0.0
3,0,0.9375,0.0,0.0625,0.0,0.0,0.0,0.0,0.0,0.0,0.0,0.0
3,0,0.9375,0.0,0.0625,0.0,0.0,0.0,0.0,0.0,0.0,0.0,0.0
3,0,0.9375,0.0,0.0625,0.0,0.0,0.0,0.0,0.0,0.0,0.0,0.0
3,0,0.9375,0.0,0.0625,0.0,0.0,0.0,0.0,0.0,0.0,0.0,0.0
3,0,0.9375,0.0,0.0625,0.0,0.0,0.0,0.0,0.0,0.0,0.0,0.0
3,0,0.9375,0.0,0.0625,0.0,0.0,0.0,0.0,0.0,0.0,0.0,0.0
3,0,0.9375,0.0,0.0625,0.0,0.0,0.0,0.0,0.0,0.0,0.0,0.0
3,0,0.9375,0.0,0.0625,0.0,0.0,0.0,0.0,0.0,0.0,0.0,0.0
3,0,0.9375,0.0,0.0625,0.0,0.0,0.0,0.0,0.0,0.0,0.0,0.0
3,0,0.9375,0.0,0.0625,0.0,0.0,0.0,0.0,0.0,0.0,0.0,0.0
3,0,0.9375,0.0,0.0625,0.0,0.0,0.0,0.0,0.0,0.0,0.0,0.0
3,0,0.9375,0.0,0.0625,0.0,0.0,0.0,0.0,0.0,0.0,0.0,0.0
3,0,0.9375,0.0,0.0625,0.0,0.0,0.0,0.0,0.0,0.0,0.0,0.0
3,0,0.9375,0.0,0.0625,0.0,0.0,0.0,0.0,0.0,0.0,0.0,0.0
3,0,0.9375,0.0,0.0625,0.0,0.0,0.0,0.0,0.0,0.0,0.0,0.0
3,0,0.9375,0.0,0.0625,0.0,0.0,0.0,0.0,0.0,0.0,0.0,0.0
3,0,0.9375,0.0,0.0625,0.0,0.0,0.0,0.0,0.0,0.0,0.0,0.0
3,0,0.9375,0.0,0.0625,0.0,0.0,0.0,0.0,0.0,0.0,0.0,0.0
3,0,0.9375,0.0,0.0625,0.0,0.0,0.0,0.0,0.0,0.0,0.0,0.0
3,0,0.9375,0.0,0.0625,0.0,0.0,0.0,0.0,0.0,0.0,0.0,0.0
3,0,0.9375,0.0,0.0625,0.0,0.0,0.0,0.0,0.0,0.0,0.0,0.0
3,0,0.9375,0.0,0.0625,0.0,0.0,0.0,0.0,0.0,0.0,0.0,0.0
3,0,0.9375,0.0,0.0625,0.0,0.0,0.0,0.0,0.0,0.0,0.0,0.0
3,0,0.9375,0.0,0.0625,0.0,0.0,0.0,0.0,0.0,0.0,0.0,0.0
3,0,0.9375,0.0,0.0625,0.0,0.0,0.0,0.0,0.0,0.0,0.0,0.0
3,0,0.9375,0.0,0.0625,0.0,0.0,0.0,0.0,0.0,0.0,0.0,0.0
3,0,0.9375,0.0,0.0625,0.0,0.0,0.0,0.0,0.0,0.0,0.0,0.0
3,0,0.9375,0.0,0.0625,0.0,0.0,0.0,0.0,0.0,0.0,0.0,0.0
3,0,0.9375,0.0,0.0625,0.0,0.0,0.0,0.0,0.0,0.0,0.0,0.0
3,0,0.9375,0.0,0.0625,0.0,0.0,0.0,0.0,0.0,0.0,0.0,0.0
3,0,0.9375,0.0,0.0625,0.0,0.0,0.0,0.0,0.0,0.0,0.0,0.0
3,0,0.9375,0.0,0.0625,0.0,0.0,0.0,0.0,0.0,0.0,0.0,0.0
3,0,0.9375,0.0,0.0625,0.0,0.0,0.0,0.0,0.0,0.0,0.0,0.0
3,0,0.9375,0.0,0.0625,0.0,0.0,0.0,0.0,0.0,0.0,0.0,0.0
3,0,0.9375,0.0,0.0625,0.0,0.0,0.0,0.0,0.0,0.0,0.0,0.0
3,0,0.9375,0.0,0.0625,0.0,0.0,0.0,0.0,0.0,0.0,0.0,0.0
3,0,0.9375,0.0,0.0625,0.0,0.0,0.0,0.0,0.0,0.0,0.0,0.0
3,0,0.9375,0.0,0.0625,0.0,0.0,0.0,0.0,0.0,0.0,0.0,0.0
3,0,0.9375,0.0,0.0625,0.0,0.0,0.0,0.0,0.0,0.0,0.0,0.0
3,0,0.9375,0.0,0.0625,0.0,0.0,0.0,0.0,0.0,0.0,0.0,0.0
3,0,0.9375,0.0,0.0625,0.0,0.0,0.0,0.0,0.0,0.0,0.0,0.0
3,0,0.9375,0.0,0.0625,0.0,0.0,0.0,0.0,0.0,0.0,0.0,0.0
3,0,0.9375,0.0,0.0625,0.0,0.0,0.0,0.0,0.0,0.0,0.0,0.0
3,0,0.9375,0.0,0.0625,0.0,0.0,0.0,0.0,0.0,0.0,0.0,0.0
3,0,0.9375,0.0,0.0625,0.0,0.0,0.0,0.0,0.0,0.0,0.0,0.0
3,0,0.9375,0.0,0.0625,0.0,0.0,0.0,0.0,0.0,0.0,0.0,0.0
3,0,0.9375,0.0,0.0625,0.0,0.0,0.0,0.0,0.0,0.0,0.0,0.0
3,0,0.9375,0.0,0.0625,0.0,0.0,0.0,0.0,0.0,0.0,0.0,0.0
3,0,0.9375,0.0,0.0625,0.0,0.0,0.0,0.0,0.0,0.0,0.0,0.0
3,0,0.9375,0.0,0.0625,0.0,0.0,0.0,0.0,0.0,0.0,0.0,0.0
3,0,0.9375,0.0,0.0625,0.0,0.0,0.0,0.0,0.0,0.0,0.0,0.0
3,0,0.9375,0.0,0.0625,0.0,0.0,0.0,0.0,0.0,0.0,0.0,0.0
3,0,0.9375,0.0,0.0625,0.0,0.0,0.0,0.0,0.0,0.0,0.0,0.0
3,0,0.9375,0.0,0.0625,0.0,0.0,0.0,0.0,0.0,0.0,0.0,0.0
3,0,0.9375,0.0,0.0625,0.0,0.0,0.0,0.0,0.0,0.0,0.0,0.0
3,0,0.9375,0.0,0.0625,0.0,0.0,0.0,0.0,0.0,0.0,0.0,0.0
3,0,0.9375,0.0,0.0625,0.0,0.0,0.0,0.0,0.0,0.0,0.0,0.0
3,0,0.9375,0.0,0.0625,0.0,0.0,0.0,0.0,0.0,0.0,0.0,0.0
3,0,0.9375,0.0,0.0625,0.0,0.0,0.0,0.0,0.0,0.0,0.0,0.0
3,0,0.9375,0.0,0.0625,0.0,0.0,0.0,0.0,0.0,0.0,0.0,0.0
3,0,0.9375,0.0,0.0625,0.0,0.0,0.0,0.0,0.0,0.0,0.0,0.0
3,0,0.9375,0.0,0.0625,0.0,0.0,0.0,0.0,0.0,0.0,0.0,0.0
3,0,0.9375,0.0,0.0625,0.0,0.0,0.0,0.0,0.0,0.0,0.0,0.0
3,0,0.9375,0.0,0.0625,0.0,0.0,0.0,0.0,0.0,0.0,0.0,0.0
3,0,0.9375,0.0,0.0625,0.0,0.0,0.0,0.0,0.0,0.0,0.0,0.0
3,0,0.9375,0.0,0.0625,0.0,0.0,0.0,0.0,0.0,0.0,0.0,0.0
3,0,0.9375,0.0,0.0625,0.0,0.0,0.0,0.0,0.0,0.0,0.0,0.0
3,0,0.9375,0.0,0.0625,0.0,0.0,0.0,0.0,0.0,0.0,0.0,0.0
3,0,0.9375,0.0,0.0625,0.0,0.0,0.0,0.0,0.0,0.0,0.0,0.0
3,0,0.9375,0.0,0.0625,0.0,0.0,0.0,0.0,0.0,0.0,0.0,0.0
3,0,0.9375,0.0,0.0625,0.0,0.0,0.0,0.0,0.0,0.0,0.0,0.0
3,0,0.9375,0.0,0.0625,0.0,0.0,0.0,0.0,0.0,0.0,0.0,0.0
3,0,0.9375,0.0,0.0625,0.0,0.0,0.0,0.0,0.0,0.0,0.0,0.0
3,0,0.9375,0.0,0.0625,0.0,0.0,0.0,0.0,0.0,0.0,0.0,0.0
3,0,0.9375,0.0,0.0625,0.0,0.0,0.0,0.0,0.0,0.0,0.0,0.0
3,0,0.9375,0.0,0.0625,0.0,0.0,0.0,0.0,0.0,0.0,0.0,0.0
3,0,0.9375,0.0,0.0625,0.0,0.0,0.0,0.0,0.0,0.0,0.0,0.0
3,0,0.9375,0.0,0.0625,0.0,0.0,0.0,0.0,0.0,0.0,0.0,0.0
3,0,0.9375,0.0,0.0625,0.0,0.0,0.0,0.0,0.0,0.0,0.0,0.0
3,0,0.9375,0.0,0.0625,0.0,0.0,0.0,0.0,0.0,0.0,0.0,0.0
3,0,0.9375,0.0,0.0625,0.0,0.0,0.0,0.0,0.0,0.0,0.0,0.0
3,0,0.9375,0.0,0.0625,0.0,0.0,0.0,0.0,0.0,0.0,0.0,0.0
3,0,0.9375,0.0,0.0625,0.0,0.0,0.0,0.0,0.0,0.0,0.0,0.0
3,0,0.9375,0.0,0.0625,0.0,0.0,0.0,0.0,0.0,0.0,0.0,0.0
3,0,0.9375,0.0,0.0625,0.0,0.0,0.0,0.0,0.0,0.0,0.0,0.0
3,0,0.9375,0.0,0.0625,0.0,0.0,0.0,0.0,0.0,0.0,0.0,0.0
3,0,0.9375,0.0,0.0625,0.0,0.0,0.0,0.0,0.0,0.0,0.0,0.0
3,0,0.9375,0.0,0.0625,0.0,0.0,0.0,0.0,0.0,0.0,0.0,0.0
3,0,0.9375,0.0,0.0625,0.0,0.0,0.0,0.0,0.0,0.0,0.0,0.0
3,0,0.9375,0.0,0.0625,0.0,0.0,0.0,0.0,0.0,0.0,0.0,0.0
3,0,0.9375,0.0,0.0625,0.0,0.0,0.0,0.0,0.0,0.0,0.0,0.0
3,0,0.9375,0.0,0.0625,0.0,0.0,0.0,0.0,0.0,0.0,0.0,0.0
3,0,0.9375,0.0,0.0625,0.0,0.0,0.0,0.0,0.0,0.0,0.0,0.0
3,0,0.9375,0.0,0.0625,0.0,0.0,0.0,0.0,0.0,0.0,0.0,0.0
3,0,0.9375,0.0,0.0625,0.0,0.0,0.0,0.0,0.0,0.0,0.0,0.0
3,0,0.9375,0.0,0.0625,0.0,0.0,0.0,0.0,0.0,0.0,0.0,0.0
3,0,0.9375,0.0,0.0625,0.0,0.0,0.0,0.0,0.0,0.0,0.0,0.0
3,0,0.9375,0.0,0.0625,0.0,0.0,0.0,0.0,0.0,0.0,0.0,0.0
3,0,0.9375,0.0,0.0625,0.0,0.0,0.0,0.0,0.0,0.0,0.0,0.0
3,0,0.9375,0.0,0.0625,0.0,0.0,0.0,0.0,0.0,0.0,0.0,0.0
3,0,0.9375,0.0,0.0625,0.0,0.0,0.0,0.0,0.0,0.0,0.0,0.0
3,0,0.9375,0.0,0.0625,0.0,0.0,0.0,0.0,0.0,0.0,0.0,0.0
3,0,0.9375,0.0,0.0625,0.0,0.0,0.0,0.0,0.0,0.0,0.0,0.0
3,0,0.9375,0.0,0.0625,0.0,0.0,0.0,0.0,0.0,0.0,0.0,0.0
3,0,0.9375,0.0,0.0625,0.0,0.0,0.0,0.0,0.0,0.0,0.0,0.0
3,0,1.0,0.0,0.0,0.0,0.0,0.0,0.0,0.0,0.0,0.0,0.0
3,0,1.0,0.0,0.0,0.0,0.0,0.0,0.0,0.0,0.0,0.0,0.0
3,0,1.0,0.0,0.0,0.0,0.0,0.0,0.0,0.0,0.0,0.0,0.0
3,0,1.0,0.0,0.0,0.0,0.0,0.0,0.0,0.0,0.0,0.0,0.0
3,0,1.0,0.0,0.0,0.0,0.0,0.0,0.0,0.0,0.0,0.0,0.0
3,0,1.0,0.0,0.0,0.0,0.0,0.0,0.0,0.0,0.0,0.0,0.0
3,0,1.0,0.0,0.0,0.0,0.0,0.0,0.0,0.0,0.0,0.0,0.0
3,0,1.0,0.0,0.0,0.0,0.0,0.0,0.0,0.0,0.0,0.0,0.0
3,0,1.0,0.0,0.0,0.0,0.0,0.0,0.0,0.0,0.0,0.0,0.0
3,0,1.0,0.0,0.0,0.0,0.0,0.0,0.0,0.0,0.0,0.0,0.0
3,0,1.0,0.0,0.0,0.0,0.0,0.0,0.0,0.0,0.0,0.0,0.0
3,0,1.0,0.0,0.0,0.0,0.0,0.0,0.0,0.0,0.0,0.0,0.0
3,0,1.0,0.0,0.0,0.0,0.0,0.0,0.0,0.0,0.0,0.0,0.0
3,0,1.0,0.0,0.0,0.0,0.0,0.0,0.0,0.0,0.0,0.0,0.0
3,0,1.0,0.0,0.0,0.0,0.0,0.0,0.0,0.0,0.0,0.0,0.0
3,0,1.0,0.0,0.0,0.0,0.0,0.0,0.0,0.0,0.0,0.0,0.0
3,0,1.0,0.0,0.0,0.0,0.0,0.0,0.0,0.0,0.0,0.0,0.0
3,0,1.0,0.0,0.0,0.0,0.0,0.0,0.0,0.0,0.0,0.0,0.0
3,0,1.0,0.0,0.0,0.0,0.0,0.0,0.0,0.0,0.0,0.0,0.0
3,0,1.0,0.0,0.0,0.0,0.0,0.0,0.0,0.0,0.0,0.0,0.0
3,0,1.0,0.0,0.0,0.0,0.0,0.0,0.0,0.0,0.0,0.0,0.0
3,0,1.0,0.0,0.0,0.0,0.0,0.0,0.0,0.0,0.0,0.0,0.0
3,0,1.0,0.0,0.0,0.0,0.0,0.0,0.0,0.0,0.0,0.0,0.0
3,0,1.0,0.0,0.0,0.0,0.0,0.0,0.0,0.0,0.0,0.0,0.0
3,0,1.0,0.0,0.0,0.0,0.0,0.0,0.0,0.0,0.0,0.0,0.0
3,0,1.0,0.0,0.0,0.0,0.0,0.0,0.0,0.0,0.0,0.0,0.0
3,0,1.0,0.0,0.0,0.0,0.0,0.0,0.0,0.0,0.0,0.0,0.0
3,0,1.0,0.0,0.0,0.0,0.0,0.0,0.0,0.0,0.0,0.0,0.0
3,0,1.0,0.0,0.0,0.0,0.0,0.0,0.0,0.0,0.0,0.0,0.0
3,0,1.0,0.0,0.0,0.0,0.0,0.0,0.0,0.0,0.0,0.0,0.0
3,0,1.0,0.0,0.0,0.0,0.0,0.0,0.0,0.0,0.0,0.0,0.0
3,0,1.0,0.0,0.0,0.0,0.0,0.0,0.0,0.0,0.0,0.0,0.0
3,0,1.0,0.0,0.0,0.0,0.0,0.0,0.0,0.0,0.0,0.0,0.0
3,0,1.0,0.0,0.0,0.0,0.0,0.0,0.0,0.0,0.0,0.0,0.0
3,0,1.0,0.0,0.0,0.0,0.0,0.0,0.0,0.0,0.0,0.0,0.0
3,0,1.0,0.0,0.0,0.0,0.0,0.0,0.0,0.0,0.0,0.0,0.0
3,0,1.0,0.0,0.0,0.0,0.0,0.0,0.0,0.0,0.0,0.0,0.0
3,0,1.0,0.0,0.0,0.0,0.0,0.0,0.0,0.0,0.0,0.0,0.0
3,0,1.0,0.0,0.0,0.0,0.0,0.0,0.0,0.0,0.0,0.0,0.0
3,0,1.0,0.0,0.0,0.0,0.0,0.0,0.0,0.0,0.0,0.0,0.0
3,0,1.0,0.0,0.0,0.0,0.0,0.0,0.0,0.0,0.0,0.0,0.0
3,0,1.0,0.0,0.0,0.0,0.0,0.0,0.0,0.0,0.0,0.0,0.0
3,0,1.0,0.0,0.0,0.0,0.0,0.0,0.0,0.0,0.0,0.0,0.0
3,0,1.0,0.0,0.0,0.0,0.0,0.0,0.0,0.0,0.0,0.0,0.0
3,0,1.0,0.0,0.0,0.0,0.0,0.0,0.0,0.0,0.0,0.0,0.0
3,0,1.0,0.0,0.0,0.0,0.0,0.0,0.0,0.0,0.0,0.0,0.0
3,0,1.0,0.0,0.0,0.0,0.0,0.0,0.0,0.0,0.0,0.0,0.0
3,0,1.0,0.0,0.0,0.0,0.0,0.0,0.0,0.0,0.0,0.0,0.0
3,0,1.0,0.0,0.0,0.0,0.0,0.0,0.0,0.0,0.0,0.0,0.0
3,0,1.0,0.0,0.0,0.0,0.0,0.0,0.0,0.0,0.0,0.0,0.0
3,0,1.0,0.0,0.0,0.0,0.0,0.0,0.0,0.0,0.0,0.0,0.0
3,0,1.0,0.0,0.0,0.0,0.0,0.0,0.0,0.0,0.0,0.0,0.0
3,0,1.0,0.0,0.0,0.0,0.0,0.0,0.0,0.0,0.0,0.0,0.0
3,0,1.0,0.0,0.0,0.0,0.0,0.0,0.0,0.0,0.0,0.0,0.0
3,0,1.0,0.0,0.0,0.0,0.0,0.0,0.0,0.0,0.0,0.0,0.0
3,0,1.0,0.0,0.0,0.0,0.0,0.0,0.0,0.0,0.0,0.0,0.0
3,0,1.0,0.0,0.0,0.0,0.0,0.0,0.0,0.0,0.0,0.0,0.0
3,0,1.0,0.0,0.0,0.0,0.0,0.0,0.0,0.0,0.0,0.0,0.0
3,0,1.0,0.0,0.0,0.0,0.0,0.0,0.0,0.0,0.0,0.0,0.0
3,0,1.0,0.0,0.0,0.0,0.0,0.0,0.0,0.0,0.0,0.0,0.0
3,0,1.0,0.0,0.0,0.0,0.0,0.0,0.0,0.0,0.0,0.0,0.0
3,0,1.0,0.0,0.0,0.0,0.0,0.0,0.0,0.0,0.0,0.0,0.0
3,0,1.0,0.0,0.0,0.0,0.0,0.0,0.0,0.0,0.0,0.0,0.0
3,0,1.0,0.0,0.0,0.0,0.0,0.0,0.0,0.0,0.0,0.0,0.0
3,0,1.0,0.0,0.0,0.0,0.0,0.0,0.0,0.0,0.0,0.0,0.0
3,0,1.0,0.0,0.0,0.0,0.0,0.0,0.0,0.0,0.0,0.0,0.0
3,0,1.0,0.0,0.0,0.0,0.0,0.0,0.0,0.0,0.0,0.0,0.0
3,0,1.0,0.0,0.0,0.0,0.0,0.0,0.0,0.0,0.0,0.0,0.0
3,0,1.0,0.0,0.0,0.0,0.0,0.0,0.0,0.0,0.0,0.0,0.0
3,0,1.0,0.0,0.0,0.0,0.0,0.0,0.0,0.0,0.0,0.0,0.0
3,0,1.0,0.0,0.0,0.0,0.0,0.0,0.0,0.0,0.0,0.0,0.0
3,0,1.0,0.0,0.0,0.0,0.0,0.0,0.0,0.0,0.0,0.0,0.0
3,0,1.0,0.0,0.0,0.0,0.0,0.0,0.0,0.0,0.0,0.0,0.0
3,0,1.0,0.0,0.0,0.0,0.0,0.0,0.0,0.0,0.0,0.0,0.0
3,0,1.0,0.0,0.0,0.0,0.0,0.0,0.0,0.0,0.0,0.0,0.0
3,0,1.0,0.0,0.0,0.0,0.0,0.0,0.0,0.0,0.0,0.0,0.0
3,0,1.0,0.0,0.0,0.0,0.0,0.0,0.0,0.0,0.0,0.0,0.0
3,0,1.0,0.0,0.0,0.0,0.0,0.0,0.0,0.0,0.0,0.0,0.0
3,0,1.0,0.0,0.0,0.0,0.0,0.0,0.0,0.0,0.0,0.0,0.0
3,0,1.0,0.0,0.0,0.0,0.0,0.0,0.0,0.0,0.0,0.0,0.0
3,0,1.0,0.0,0.0,0.0,0.0,0.0,0.0,0.0,0.0,0.0,0.0
3,0,1.0,0.0,0.0,0.0,0.0,0.0,0.0,0.0,0.0,0.0,0.0
3,0,1.0,0.0,0.0,0.0,0.0,0.0,0.0,0.0,0.0,0.0,0.0
3,0,1.0,0.0,0.0,0.0,0.0,0.0,0.0,0.0,0.0,0.0,0.0
3,0,1.0,0.0,0.0,0.0,0.0,0.0,0.0,0.0,0.0,0.0,0.0
3,0,1.0,0.0,0.0,0.0,0.0,0.0,0.0,0.0,0.0,0.0,0.0
3,0,1.0,0.0,0.0,0.0,0.0,0.0,0.0,0.0,0.0,0.0,0.0
3,0,1.0,0.0,0.0,0.0,0.0,0.0,0.0,0.0,0.0,0.0,0.0
3,0,0.9375,0.0,0.0,0.0625,0.0,0.0,0.0,0.0,0.0,0.0,0.0
3,0,0.9375,0.0,0.0,0.0625,0.0,0.0,0.0,0.0,0.0,0.0,0.0
3,0,0.9375,0.0,0.0,0.0625,0.0,0.0,0.0,0.0,0.0,0.0,0.0
3,0,0.9375,0.0,0.0,0.0625,0.0,0.0,0.0,0.0,0.0,0.0,0.0
3,0,0.9375,0.0,0.0,0.0625,0.0,0.0,0.0,0.0,0.0,0.0,0.0
3,0,0.9375,0.0,0.0,0.0625,0.0,0.0,0.0,0.0,0.0,0.0,0.0
3,0,0.9375,0.0,0.0,0.0625,0.0,0.0,0.0,0.0,0.0,0.0,0.0
3,0,0.9375,0.0,0.0,0.0625,0.0,0.0,0.0,0.0,0.0,0.0,0.0
3,0,0.9375,0.0,0.0,0.0625,0.0,0.0,0.0,0.0,0.0,0.0,0.0
3,0,0.9375,0.0,0.0,0.0625,0.0,0.0,0.0,0.0,0.0,0.0,0.0
3,0,0.9375,0.0,0.0,0.0625,0.0,0.0,0.0,0.0,0.0,0.0,0.0
3,0,0.9375,0.0,0.0,0.0625,0.0,0.0,0.0,0.0,0.0,0.0,0.0
3,0,0.9375,0.0,0.0,0.0625,0.0,0.0,0.0,0.0,0.0,0.0,0.0
3,0,0.9375,0.0,0.0,0.0625,0.0,0.0,0.0,0.0,0.0,0.0,0.0
3,0,0.9375,0.0,0.0,0.0625,0.0,0.0,0.0,0.0,0.0,0.0,0.0
3,0,0.9375,0.0,0.0,0.0625,0.0,0.0,0.0,0.0,0.0,0.0,0.0
3,0,0.875,0.0,0.0,0.125,0.0,0.0,0.0,0.0,0.0,0.0,0.0
3,0,0.875,0.0,0.0,0.125,0.0,0.0,0.0,0.0,0.0,0.0,0.0
3,0,0.875,0.0,0.0,0.125,0.0,0.0,0.0,0.0,0.0,0.0,0.0
3,0,0.875,0.0,0.0,0.125,0.0,0.0,0.0,0.0,0.0,0.0,0.0
3,0,0.875,0.0,0.0,0.125,0.0,0.0,0.0,0.0,0.0,0.0,0.0
3,0,0.875,0.0,0.0,0.125,0.0,0.0,0.0,0.0,0.0,0.0,0.0
3,0,0.875,0.0,0.0,0.125,0.0,0.0,0.0,0.0,0.0,0.0,0.0
3,0,0.875,0.0,0.0,0.125,0.0,0.0,0.0,0.0,0.0,0.0,0.0
3,0,0.875,0.0,0.0,0.125,0.0,0.0,0.0,0.0,0.0,0.0,0.0
3,0,0.875,0.0,0.0,0.125,0.0,0.0,0.0,0.0,0.0,0.0,0.0
3,0,0.875,0.0,0.0,0.125,0.0,0.0,0.0,0.0,0.0,0.0,0.0
3,0,0.875,0.0,0.0,0.125,0.0,0.0,0.0,0.0,0.0,0.0,0.0
3,0,0.875,0.0,0.0,0.125,0.0,0.0,0.0,0.0,0.0,0.0,0.0
3,0,0.875,0.0,0.0,0.125,0.0,0.0,0.0,0.0,0.0,0.0,0.0
3,0,0.875,0.0,0.0,0.125,0.0,0.0,0.0,0.0,0.0,0.0,0.0
3,0,0.875,0.0,0.0,0.125,0.0,0.0,0.0,0.0,0.0,0.0,0.0
3,0,0.875,0.0,0.0,0.125,0.0,0.0,0.0,0.0,0.0,0.0,0.0
3,0,0.875,0.0,0.0,0.125,0.0,0.0,0.0,0.0,0.0,0.0,0.0
3,0,0.875,0.0,0.0,0.125,0.0,0.0,0.0,0.0,0.0,0.0,0.0
3,0,0.875,0.0,0.0,0.125,0.0,0.0,0.0,0.0,0.0,0.0,0.0
3,0,0.875,0.0,0.0,0.125,0.0,0.0,0.0,0.0,0.0,0.0,0.0
3,0,0.875,0.0,0.0,0.125,0.0,0.0,0.0,0.0,0.0,0.0,0.0
3,0,0.875,0.0,0.0,0.125,0.0,0.0,0.0,0.0,0.0,0.0,0.0
3,0,0.875,0.0,0.0,0.125,0.0,0.0,0.0,0.0,0.0,0.0,0.0
3,0,0.875,0.0,0.0,0.125,0.0,0.0,0.0,0.0,0.0,0.0,0.0
3,0,0.875,0.0,0.0,0.125,0.0,0.0,0.0,0.0,0.0,0.0,0.0
3,0,0.875,0.0,0.0,0.125,0.0,0.0,0.0,0.0,0.0,0.0,0.0
3,0,0.875,0.0,0.0,0.125,0.0,0.0,0.0,0.0,0.0,0.0,0.0
3,0,0.875,0.0,0.0,0.125,0.0,0.0,0.0,0.0,0.0,0.0,0.0
3,0,0.875,0.0,0.0,0.125,0.0,0.0,0.0,0.0,0.0,0.0,0.0
3,0,0.875,0.0,0.0,0.125,0.0,0.0,0.0,0.0,0.0,0.0,0.0
3,0,0.875,0.0,0.0,0.125,0.0,0.0,0.0,0.0,0.0,0.0,0.0
3,0,0.875,0.0,0.0,0.125,0.0,0.0,0.0,0.0,0.0,0.0,0.0
3,0,0.875,0.0,0.0,0.125,0.0,0.0,0.0,0.0,0.0,0.0,0.0
3,0,0.875,0.0,0.0,0.125,0.0,0.0,0.0,0.0,0.0,0.0,0.0
3,0,0.875,0.0,0.0,0.125,0.0,0.0,0.0,0.0,0.0,0.0,0.0
3,0,0.875,0.0,0.0,0.125,0.0,0.0,0.0,0.0,0.0,0.0,0.0
3,0,0.875,0.0,0.0,0.125,0.0,0.0,0.0,0.0,0.0,0.0,0.0
3,0,0.875,0.0,0.0,0.125,0.0,0.0,0.0,0.0,0.0,0.0,0.0
3,0,0.875,0.0,0.0,0.125,0.0,0.0,0.0,0.0,0.0,0.0,0.0
3,0,0.875,0.0,0.0,0.125,0.0,0.0,0.0,0.0,0.0,0.0,0.0
3,0,0.875,0.0,0.0,0.125,0.0,0.0,0.0,0.0,0.0,0.0,0.0
3,0,0.875,0.0,0.0,0.125,0.0,0.0,0.0,0.0,0.0,0.0,0.0
3,0,0.875,0.0,0.0,0.125,0.0,0.0,0.0,0.0,0.0,0.0,0.0
3,0,0.875,0.0,0.0,0.125,0.0,0.0,0.0,0.0,0.0,0.0,0.0
3,0,0.875,0.0,0.0,0.125,0.0,0.0,0.0,0.0,0.0,0.0,0.0
3,0,0.875,0.0,0.0,0.125,0.0,0.0,0.0,0.0,0.0,0.0,0.0
3,0,0.875,0.0,0.0,0.125,0.0,0.0,0.0,0.0,0.0,0.0,0.0
3,0,0.875,0.0,0.0,0.125,0.0,0.0,0.0,0.0,0.0,0.0,0.0
3,0,0.875,0.0,0.0,0.125,0.0,0.0,0.0,0.0,0.0,0.0,0.0
3,0,0.875,0.0,0.0,0.125,0.0,0.0,0.0,0.0,0.0,0.0,0.0
3,0,0.875,0.0,0.0,0.125,0.0,0.0,0.0,0.0,0.0,0.0,0.0
3,0,0.875,0.0,0.0,0.125,0.0,0.0,0.0,0.0,0.0,0.0,0.0
3,0,0.875,0.0,0.0,0.125,0.0,0.0,0.0,0.0,0.0,0.0,0.0
3,0,0.875,0.0,0.0,0.125,0.0,0.0,0.0,0.0,0.0,0.0,0.0
3,0,0.875,0.0,0.0,0.125,0.0,0.0,0.0,0.0,0.0,0.0,0.0
3,0,0.875,0.0,0.0,0.125,0.0,0.0,0.0,0.0,0.0,0.0,0.0
3,0,0.875,0.0,0.0,0.125,0.0,0.0,0.0,0.0,0.0,0.0,0.0
3,0,0.875,0.0,0.0,0.125,0.0,0.0,0.0,0.0,0.0,0.0,0.0
3,0,0.875,0.0,0.0,0.125,0.0,0.0,0.0,0.0,0.0,0.0,0.0
3,0,0.875,0.0,0.0,0.125,0.0,0.0,0.0,0.0,0.0,0.0,0.0
3,0,0.875,0.0,0.0,0.125,0.0,0.0,0.0,0.0,0.0,0.0,0.0
3,0,0.875,0.0,0.0,0.125,0.0,0.0,0.0,0.0,0.0,0.0,0.0
3,0,0.875,0.0,0.0,0.125,0.0,0.0,0.0,0.0,0.0,0.0,0.0
3,0,0.875,0.0,0.0,0.125,0.0,0.0,0.0,0.0,0.0,0.0,0.0
3,0,0.875,0.0,0.0,0.125,0.0,0.0,0.0,0.0,0.0,0.0,0.0
3,0,0.875,0.0,0.0,0.125,0.0,0.0,0.0,0.0,0.0,0.0,0.0
3,0,0.875,0.0,0.0,0.125,0.0,0.0,0.0,0.0,0.0,0.0,0.0
3,0,0.875,0.0,0.0,0.125,0.0,0.0,0.0,0.0,0.0,0.0,0.0
3,0,0.875,0.0,0.0,0.125,0.0,0.0,0.0,0.0,0.0,0.0,0.0
3,0,0.875,0.0,0.0,0.125,0.0,0.0,0.0,0.0,0.0,0.0,0.0
3,0,0.875,0.0,0.0,0.125,0.0,0.0,0.0,0.0,0.0,0.0,0.0
3,0,0.875,0.0,0.0,0.125,0.0,0.0,0.0,0.0,0.0,0.0,0.0
3,0,0.875,0.0,0.0,0.125,0.0,0.0,0.0,0.0,0.0,0.0,0.0
3,0,0.875,0.0,0.0,0.125,0.0,0.0,0.0,0.0,0.0,0.0,0.0
3,0,0.875,0.0,0.0,0.125,0.0,0.0,0.0,0.0,0.0,0.0,0.0
3,0,0.875,0.0,0.0,0.125,0.0,0.0,0.0,0.0,0.0,0.0,0.0
3,0,0.875,0.0,0.0,0.125,0.0,0.0,0.0,0.0,0.0,0.0,0.0
3,0,0.875,0.0,0.0,0.125,0.0,0.0,0.0,0.0,0.0,0.0,0.0
3,0,0.875,0.0,0.0,0.125,0.0,0.0,0.0,0.0,0.0,0.0,0.0
3,0,0.875,0.0,0.0,0.125,0.0,0.0,0.0,0.0,0.0,0.0,0.0
3,0,0.875,0.0,0.0,0.125,0.0,0.0,0.0,0.0,0.0,0.0,0.0
3,0,0.875,0.0,0.0,0.125,0.0,0.0,0.0,0.0,0.0,0.0,0.0
3,0,0.875,0.0,0.0,0.125,0.0,0.0,0.0,0.0,0.0,0.0,0.0
3,0,0.875,0.0,0.0,0.125,0.0,0.0,0.0,0.0,0.0,0.0,0.0
3,0,0.875,0.0,0.0,0.125,0.0,0.0,0.0,0.0,0.0,0.0,0.0
3,0,0.875,0.0,0.0,0.125,0.0,0.0,0.0,0.0,0.0,0.0,0.0
3,0,0.875,0.0,0.0,0.125,0.0,0.0,0.0,0.0,0.0,0.0,0.0
3,0,0.875,0.0,0.0,0.125,0.0,0.0,0.0,0.0,0.0,0.0,0.0
3,0,0.875,0.0,0.0,0.125,0.0,0.0,0.0,0.0,0.0,0.0,0.0
3,0,0.875,0.0,0.0,0.125,0.0,0.0,0.0,0.0,0.0,0.0,0.0
3,0,0.875,0.0,0.0,0.125,0.0,0.0,0.0,0.0,0.0,0.0,0.0
3,0,0.875,0.0,0.0,0.125,0.0,0.0,0.0,0.0,0.0,0.0,0.0
3,0,0.875,0.0,0.0,0.125,0.0,0.0,0.0,0.0,0.0,0.0,0.0
3,0,0.875,0.0,0.0,0.125,0.0,0.0,0.0,0.0,0.0,0.0,0.0
3,0,0.875,0.0,0.0,0.125,0.0,0.0,0.0,0.0,0.0,0.0,0.0
3,0,0.875,0.0,0.0,0.125,0.0,0.0,0.0,0.0,0.0,0.0,0.0
3,0,0.875,0.0,0.0,0.125,0.0,0.0,0.0,0.0,0.0,0.0,0.0
3,0,0.875,0.0,0.0,0.125,0.0,0.0,0.0,0.0,0.0,0.0,0.0
3,0,0.875,0.0,0.0,0.125,0.0,0.0,0.0,0.0,0.0,0.0,0.0
3,0,0.875,0.0,0.0,0.125,0.0,0.0,0.0,0.0,0.0,0.0,0.0
3,0,0.875,0.0,0.0,0.125,0.0,0.0,0.0,0.0,0.0,0.0,0.0
3,0,0.875,0.0,0.0,0.125,0.0,0.0,0.0,0.0,0.0,0.0,0.0
3,0,0.875,0.0,0.0,0.125,0.0,0.0,0.0,0.0,0.0,0.0,0.0
3,0,0.875,0.0,0.0,0.125,0.0,0.0,0.0,0.0,0.0,0.0,0.0
3,0,0.875,0.0,0.0,0.125,0.0,0.0,0.0,0.0,0.0,0.0,0.0
3,0,0.875,0.0,0.0,0.125,0.0,0.0,0.0,0.0,0.0,0.0,0.0
3,0,0.875,0.0,0.0,0.125,0.0,0.0,0.0,0.0,0.0,0.0,0.0
3,0,0.875,0.0,0.0,0.125,0.0,0.0,0.0,0.0,0.0,0.0,0.0
3,0,0.875,0.0,0.0,0.125,0.0,0.0,0.0,0.0,0.0,0.0,0.0
3,0,0.875,0.0,0.0,0.125,0.0,0.0,0.0,0.0,0.0,0.0,0.0
3,0,0.875,0.0,0.0,0.125,0.0,0.0,0.0,0.0,0.0,0.0,0.0
3,0,0.875,0.0,0.0,0.125,0.0,0.0,0.0,0.0,0.0,0.0,0.0
3,0,0.875,0.0,0.0,0.125,0.0,0.0,0.0,0.0,0.0,0.0,0.0
3,0,0.875,0.0,0.0,0.125,0.0,0.0,0.0,0.0,0.0,0.0,0.0
3,0,0.875,0.0,0.0,0.125,0.0,0.0,0.0,0.0,0.0,0.0,0.0
3,0,0.875,0.0,0.0,0.125,0.0,0.0,0.0,0.0,0.0,0.0,0.0
3,0,0.875,0.0,0.0,0.125,0.0,0.0,0.0,0.0,0.0,0.0,0.0
3,0,0.875,0.0,0.0,0.125,0.0,0.0,0.0,0.0,0.0,0.0,0.0
3,0,0.875,0.0,0.0,0.125,0.0,0.0,0.0,0.0,0.0,0.0,0.0
3,0,0.875,0.0,0.0,0.125,0.0,0.0,0.0,0.0,0.0,0.0,0.0
3,0,0.875,0.0,0.0,0.125,0.0,0.0,0.0,0.0,0.0,0.0,0.0
3,0,0.875,0.0,0.0,0.125,0.0,0.0,0.0,0.0,0.0,0.0,0.0
3,0,0.875,0.0,0.0,0.125,0.0,0.0,0.0,0.0,0.0,0.0,0.0
3,0,0.875,0.0,0.0,0.125,0.0,0.0,0.0,0.0,0.0,0.0,0.0
3,0,0.875,0.0,0.0,0.125,0.0,0.0,0.0,0.0,0.0,0.0,0.0
3,0,0.875,0.0,0.0,0.125,0.0,0.0,0.0,0.0,0.0,0.0,0.0
3,0,0.875,0.0,0.0,0.125,0.0,0.0,0.0,0.0,0.0,0.0,0.0
3,0,0.875,0.0,0.0,0.125,0.0,0.0,0.0,0.0,0.0,0.0,0.0
3,0,0.875,0.0,0.0,0.125,0.0,0.0,0.0,0.0,0.0,0.0,0.0
3,0,0.875,0.0,0.0,0.125,0.0,0.0,0.0,0.0,0.0,0.0,0.0
3,0,0.875,0.0,0.0,0.125,0.0,0.0,0.0,0.0,0.0,0.0,0.0
3,0,0.875,0.0,0.0,0.125,0.0,0.0,0.0,0.0,0.0,0.0,0.0
3,0,0.875,0.0,0.0,0.125,0.0,0.0,0.0,0.0,0.0,0.0,0.0
3,0,0.875,0.0,0.0,0.125,0.0,0.0,0.0,0.0,0.0,0.0,0.0
3,0,0.875,0.0,0.0,0.125,0.0,0.0,0.0,0.0,0.0,0.0,0.0
3,0,0.875,0.0,0.0,0.125,0.0,0.0,0.0,0.0,0.0,0.0,0.0
3,0,0.875,0.0,0.0,0.125,0.0,0.0,0.0,0.0,0.0,0.0,0.0
3,0,0.875,0.0,0.0,0.125,0.0,0.0,0.0,0.0,0.0,0.0,0.0
3,0,0.875,0.0,0.0,0.125,0.0,0.0,0.0,0.0,0.0,0.0,0.0
3,0,0.875,0.0,0.0,0.125,0.0,0.0,0.0,0.0,0.0,0.0,0.0
3,0,0.875,0.0,0.0,0.125,0.0,0.0,0.0,0.0,0.0,0.0,0.0
3,0,0.875,0.0,0.0,0.125,0.0,0.0,0.0,0.0,0.0,0.0,0.0
3,0,0.875,0.0,0.0,0.125,0.0,0.0,0.0,0.0,0.0,0.0,0.0
3,0,0.875,0.0,0.0,0.125,0.0,0.0,0.0,0.0,0.0,0.0,0.0
3,0,0.875,0.0,0.0,0.125,0.0,0.0,0.0,0.0,0.0,0.0,0.0
3,0,0.875,0.0,0.0,0.125,0.0,0.0,0.0,0.0,0.0,0.0,0.0
3,0,0.875,0.0,0.0,0.125,0.0,0.0,0.0,0.0,0.0,0.0,0.0
3,0,0.875,0.0,0.0,0.125,0.0,0.0,0.0,0.0,0.0,0.0,0.0
3,0,0.875,0.0,0.0,0.125,0.0,0.0,0.0,0.0,0.0,0.0,0.0
3,0,0.875,0.0,0.0,0.125,0.0,0.0,0.0,0.0,0.0,0.0,0.0
3,0,0.875,0.0,0.0,0.125,0.0,0.0,0.0,0.0,0.0,0.0,0.0
3,0,0.875,0.0,0.0,0.125,0.0,0.0,0.0,0.0,0.0,0.0,0.0
3,0,0.875,0.0,0.0,0.125,0.0,0.0,0.0,0.0,0.0,0.0,0.0
3,0,0.875,0.0,0.0,0.125,0.0,0.0,0.0,0.0,0.0,0.0,0.0
3,0,0.875,0.0,0.0,0.125,0.0,0.0,0.0,0.0,0.0,0.0,0.0
3,0,0.875,0.0,0.0,0.125,0.0,0.0,0.0,0.0,0.0,0.0,0.0
3,0,0.875,0.0,0.0,0.125,0.0,0.0,0.0,0.0,0.0,0.0,0.0
3,0,0.875,0.0,0.0,0.125,0.0,0.0,0.0,0.0,0.0,0.0,0.0
3,0,0.875,0.0,0.0,0.125,0.0,0.0,0.0,0.0,0.0,0.0,0.0
3,0,0.875,0.0,0.0,0.125,0.0,0.0,0.0,0.0,0.0,0.0,0.0
3,0,0.875,0.0,0.0,0.125,0.0,0.0,0.0,0.0,0.0,0.0,0.0
3,0,0.875,0.0,0.0,0.125,0.0,0.0,0.0,0.0,0.0,0.0,0.0
3,0,0.875,0.0,0.0,0.125,0.0,0.0,0.0,0.0,0.0,0.0,0.0
3,0,0.875,0.0,0.0,0.125,0.0,0.0,0.0,0.0,0.0,0.0,0.0
3,0,0.875,0.0,0.0,0.125,0.0,0.0,0.0,0.0,0.0,0.0,0.0
3,0,0.875,0.0,0.0,0.125,0.0,0.0,0.0,0.0,0.0,0.0,0.0
3,0,0.875,0.0,0.0,0.125,0.0,0.0,0.0,0.0,0.0,0.0,0.0
3,0,0.875,0.0,0.0,0.125,0.0,0.0,0.0,0.0,0.0,0.0,0.0
3,0,0.875,0.0,0.0,0.125,0.0,0.0,0.0,0.0,0.0,0.0,0.0
3,0,0.875,0.0,0.0,0.125,0.0,0.0,0.0,0.0,0.0,0.0,0.0
3,0,0.875,0.0,0.0,0.125,0.0,0.0,0.0,0.0,0.0,0.0,0.0
3,0,0.875,0.0,0.0,0.125,0.0,0.0,0.0,0.0,0.0,0.0,0.0
3,0,0.875,0.0,0.0,0.125,0.0,0.0,0.0,0.0,0.0,0.0,0.0
3,0,0.875,0.0,0.0,0.125,0.0,0.0,0.0,0.0,0.0,0.0,0.0
3,0,0.875,0.0,0.0,0.125,0.0,0.0,0.0,0.0,0.0,0.0,0.0
3,0,0.875,0.0,0.0,0.125,0.0,0.0,0.0,0.0,0.0,0.0,0.0
3,0,0.875,0.0,0.0,0.125,0.0,0.0,0.0,0.0,0.0,0.0,0.0
3,0,0.875,0.0,0.0,0.125,0.0,0.0,0.0,0.0,0.0,0.0,0.0
3,0,0.875,0.0,0.0,0.125,0.0,0.0,0.0,0.0,0.0,0.0,0.0
3,0,0.875,0.0,0.0,0.125,0.0,0.0,0.0,0.0,0.0,0.0,0.0
3,0,0.875,0.0,0.0,0.125,0.0,0.0,0.0,0.0,0.0,0.0,0.0
3,0,0.875,0.0,0.0,0.125,0.0,0.0,0.0,0.0,0.0,0.0,0.0
3,0,0.875,0.0,0.0,0.125,0.0,0.0,0.0,0.0,0.0,0.0,0.0
3,0,0.875,0.0,0.0,0.125,0.0,0.0,0.0,0.0,0.0,0.0,0.0
3,0,0.875,0.0,0.0,0.125,0.0,0.0,0.0,0.0,0.0,0.0,0.0
3,0,0.875,0.0,0.0,0.125,0.0,0.0,0.0,0.0,0.0,0.0,0.0
3,0,0.875,0.0,0.0,0.125,0.0,0.0,0.0,0.0,0.0,0.0,0.0
3,0,0.875,0.0,0.0,0.125,0.0,0.0,0.0,0.0,0.0,0.0,0.0
3,0,0.875,0.0,0.0,0.125,0.0,0.0,0.0,0.0,0.0,0.0,0.0
3,0,0.875,0.0,0.0,0.125,0.0,0.0,0.0,0.0,0.0,0.0,0.0
3,0,0.875,0.0,0.0,0.125,0.0,0.0,0.0,0.0,0.0,0.0,0.0
3,0,0.875,0.0,0.0,0.125,0.0,0.0,0.0,0.0,0.0,0.0,0.0
3,0,0.875,0.0,0.0,0.125,0.0,0.0,0.0,0.0,0.0,0.0,0.0
3,0,0.875,0.0,0.0,0.125,0.0,0.0,0.0,0.0,0.0,0.0,0.0
3,0,0.875,0.0,0.0,0.125,0.0,0.0,0.0,0.0,0.0,0.0,0.0
3,0,0.875,0.0,0.0,0.125,0.0,0.0,0.0,0.0,0.0,0.0,0.0
3,0,0.875,0.0,0.0,0.125,0.0,0.0,0.0,0.0,0.0,0.0,0.0
3,0,0.875,0.0,0.0,0.125,0.0,0.0,0.0,0.0,0.0,0.0,0.0
3,0,0.875,0.0,0.0,0.125,0.0,0.0,0.0,0.0,0.0,0.0,0.0
3,0,0.875,0.0,0.0,0.125,0.0,0.0,0.0,0.0,0.0,0.0,0.0
3,0,0.875,0.0,0.0,0.125,0.0,0.0,0.0,0.0,0.0,0.0,0.0
3,0,0.875,0.0,0.0,0.125,0.0,0.0,0.0,0.0,0.0,0.0,0.0
3,0,0.875,0.0,0.0,0.125,0.0,0.0,0.0,0.0,0.0,0.0,0.0
3,0,0.875,0.0,0.0,0.125,0.0,0.0,0.0,0.0,0.0,0.0,0.0
3,0,0.875,0.0,0.0,0.125,0.0,0.0,0.0,0.0,0.0,0.0,0.0
3,0,0.875,0.0,0.0,0.125,0.0,0.0,0.0,0.0,0.0,0.0,0.0
3,0,0.875,0.0,0.0,0.125,0.0,0.0,0.0,0.0,0.0,0.0,0.0
3,0,0.9375,0.0,0.0,0.0625,0.0,0.0,0.0,0.0,0.0,0.0,0.0
3,0,0.9375,0.0,0.0,0.0625,0.0,0.0,0.0,0.0,0.0,0.0,0.0
3,0,0.9375,0.0,0.0,0.0625,0.0,0.0,0.0,0.0,0.0,0.0,0.0
3,0,0.9375,0.0,0.0,0.0625,0.0,0.0,0.0,0.0,0.0,0.0,0.0
3,0,0.9375,0.0,0.0,0.0625,0.0,0.0,0.0,0.0,0.0,0.0,0.0
3,0,0.9375,0.0,0.0,0.0625,0.0,0.0,0.0,0.0,0.0,0.0,0.0
3,0,0.9375,0.0,0.0,0.0625,0.0,0.0,0.0,0.0,0.0,0.0,0.0
3,0,0.9375,0.0,0.0,0.0625,0.0,0.0,0.0,0.0,0.0,0.0,0.0
3,0,0.9375,0.0,0.0,0.0625,0.0,0.0,0.0,0.0,0.0,0.0,0.0
3,0,0.9375,0.0,0.0,0.0625,0.0,0.0,0.0,0.0,0.0,0.0,0.0
3,0,0.9375,0.0,0.0,0.0625,0.0,0.0,0.0,0.0,0.0,0.0,0.0
3,0,0.9375,0.0,0.0,0.0625,0.0,0.0,0.0,0.0,0.0,0.0,0.0
3,0,0.9375,0.0,0.0,0.0625,0.0,0.0,0.0,0.0,0.0,0.0,0.0
3,0,0.9375,0.0,0.0,0.0625,0.0,0.0,0.0,0.0,0.0,0.0,0.0
3,0,0.9375,0.0,0.0,0.0625,0.0,0.0,0.0,0.0,0.0,0.0,0.0
3,0,0.9375,0.0,0.0,0.0625,0.0,0.0,0.0,0.0,0.0,0.0,0.0
3,0,0.9375,0.0,0.0,0.0625,0.0,0.0,0.0,0.0,0.0,0.0,0.0
3,0,0.9375,0.0,0.0,0.0625,0.0,0.0,0.0,0.0,0.0,0.0,0.0
3,0,0.9375,0.0,0.0,0.0625,0.0,0.0,0.0,0.0,0.0,0.0,0.0
3,0,0.9375,0.0,0.0,0.0625,0.0,0.0,0.0,0.0,0.0,0.0,0.0
3,0,0.9375,0.0,0.0,0.0625,0.0,0.0,0.0,0.0,0.0,0.0,0.0
3,0,0.9375,0.0,0.0,0.0625,0.0,0.0,0.0,0.0,0.0,0.0,0.0
3,0,0.9375,0.0,0.0,0.0625,0.0,0.0,0.0,0.0,0.0,0.0,0.0
3,0,0.9375,0.0,0.0,0.0625,0.0,0.0,0.0,0.0,0.0,0.0,0.0
3,0,0.9375,0.0,0.0,0.0625,0.0,0.0,0.0,0.0,0.0,0.0,0.0
3,0,0.9375,0.0,0.0,0.0625,0.0,0.0,0.0,0.0,0.0,0.0,0.0
3,0,1.0,0.0,0.0,0.0,0.0,0.0,0.0,0.0,0.0,0.0,0.0
3,0,1.0,0.0,0.0,0.0,0.0,0.0,0.0,0.0,0.0,0.0,0.0
3,0,1.0,0.0,0.0,0.0,0.0,0.0,0.0,0.0,0.0,0.0,0.0
3,0,1.0,0.0,0.0,0.0,0.0,0.0,0.0,0.0,0.0,0.0,0.0
3,0,1.0,0.0,0.0,0.0,0.0,0.0,0.0,0.0,0.0,0.0,0.0
3,0,1.0,0.0,0.0,0.0,0.0,0.0,0.0,0.0,0.0,0.0,0.0
3,0,1.0,0.0,0.0,0.0,0.0,0.0,0.0,0.0,0.0,0.0,0.0
3,0,1.0,0.0,0.0,0.0,0.0,0.0,0.0,0.0,0.0,0.0,0.0
3,0,1.0,0.0,0.0,0.0,0.0,0.0,0.0,0.0,0.0,0.0,0.0
3,0,1.0,0.0,0.0,0.0,0.0,0.0,0.0,0.0,0.0,0.0,0.0
3,0,1.0,0.0,0.0,0.0,0.0,0.0,0.0,0.0,0.0,0.0,0.0
3,0,1.0,0.0,0.0,0.0,0.0,0.0,0.0,0.0,0.0,0.0,0.0
3,0,1.0,0.0,0.0,0.0,0.0,0.0,0.0,0.0,0.0,0.0,0.0
3,0,1.0,0.0,0.0,0.0,0.0,0.0,0.0,0.0,0.0,0.0,0.0
3,0,1.0,0.0,0.0,0.0,0.0,0.0,0.0,0.0,0.0,0.0,0.0
3,0,1.0,0.0,0.0,0.0,0.0,0.0,0.0,0.0,0.0,0.0,0.0
3,0,1.0,0.0,0.0,0.0,0.0,0.0,0.0,0.0,0.0,0.0,0.0
3,0,1.0,0.0,0.0,0.0,0.0,0.0,0.0,0.0,0.0,0.0,0.0
3,0,1.0,0.0,0.0,0.0,0.0,0.0,0.0,0.0,0.0,0.0,0.0
3,0,1.0,0.0,0.0,0.0,0.0,0.0,0.0,0.0,0.0,0.0,0.0
3,0,1.0,0.0,0.0,0.0,0.0,0.0,0.0,0.0,0.0,0.0,0.0
3,0,1.0,0.0,0.0,0.0,0.0,0.0,0.0,0.0,0.0,0.0,0.0
3,0,1.0,0.0,0.0,0.0,0.0,0.0,0.0,0.0,0.0,0.0,0.0
3,0,1.0,0.0,0.0,0.0,0.0,0.0,0.0,0.0,0.0,0.0,0.0
3,0,1.0,0.0,0.0,0.0,0.0,0.0,0.0,0.0,0.0,0.0,0.0
3,0,1.0,0.0,0.0,0.0,0.0,0.0,0.0,0.0,0.0,0.0,0.0
3,0,1.0,0.0,0.0,0.0,0.0,0.0,0.0,0.0,0.0,0.0,0.0
3,0,1.0,0.0,0.0,0.0,0.0,0.0,0.0,0.0,0.0,0.0,0.0
3,0,1.0,0.0,0.0,0.0,0.0,0.0,0.0,0.0,0.0,0.0,0.0
3,0,1.0,0.0,0.0,0.0,0.0,0.0,0.0,0.0,0.0,0.0,0.0
3,0,1.0,0.0,0.0,0.0,0.0,0.0,0.0,0.0,0.0,0.0,0.0
3,0,1.0,0.0,0.0,0.0,0.0,0.0,0.0,0.0,0.0,0.0,0.0
3,0,1.0,0.0,0.0,0.0,0.0,0.0,0.0,0.0,0.0,0.0,0.0
3,0,1.0,0.0,0.0,0.0,0.0,0.0,0.0,0.0,0.0,0.0,0.0
3,0,1.0,0.0,0.0,0.0,0.0,0.0,0.0,0.0,0.0,0.0,0.0
3,0,1.0,0.0,0.0,0.0,0.0,0.0,0.0,0.0,0.0,0.0,0.0
3,0,1.0,0.0,0.0,0.0,0.0,0.0,0.0,0.0,0.0,0.0,0.0
3,0,1.0,0.0,0.0,0.0,0.0,0.0,0.0,0.0,0.0,0.0,0.0
3,0,1.0,0.0,0.0,0.0,0.0,0.0,0.0,0.0,0.0,0.0,0.0
3,0,1.0,0.0,0.0,0.0,0.0,0.0,0.0,0.0,0.0,0.0,0.0
3,0,1.0,0.0,0.0,0.0,0.0,0.0,0.0,0.0,0.0,0.0,0.0
3,0,1.0,0.0,0.0,0.0,0.0,0.0,0.0,0.0,0.0,0.0,0.0
3,0,1.0,0.0,0.0,0.0,0.0,0.0,0.0,0.0,0.0,0.0,0.0
3,0,1.0,0.0,0.0,0.0,0.0,0.0,0.0,0.0,0.0,0.0,0.0
3,0,1.0,0.0,0.0,0.0,0.0,0.0,0.0,0.0,0.0,0.0,0.0
3,0,1.0,0.0,0.0,0.0,0.0,0.0,0.0,0.0,0.0,0.0,0.0
3,0,1.0,0.0,0.0,0.0,0.0,0.0,0.0,0.0,0.0,0.0,0.0
3,0,1.0,0.0,0.0,0.0,0.0,0.0,0.0,0.0,0.0,0.0,0.0
3,0,1.0,0.0,0.0,0.0,0.0,0.0,0.0,0.0,0.0,0.0,0.0
3,0,1.0,0.0,0.0,0.0,0.0,0.0,0.0,0.0,0.0,0.0,0.0
3,0,1.0,0.0,0.0,0.0,0.0,0.0,0.0,0.0,0.0,0.0,0.0
3,0,1.0,0.0,0.0,0.0,0.0,0.0,0.0,0.0,0.0,0.0,0.0
3,0,1.0,0.0,0.0,0.0,0.0,0.0,0.0,0.0,0.0,0.0,0.0
3,0,1.0,0.0,0.0,0.0,0.0,0.0,0.0,0.0,0.0,0.0,0.0
3,0,1.0,0.0,0.0,0.0,0.0,0.0,0.0,0.0,0.0,0.0,0.0
3,0,1.0,0.0,0.0,0.0,0.0,0.0,0.0,0.0,0.0,0.0,0.0
3,0,1.0,0.0,0.0,0.0,0.0,0.0,0.0,0.0,0.0,0.0,0.0
3,0,1.0,0.0,0.0,0.0,0.0,0.0,0.0,0.0,0.0,0.0,0.0
3,0,1.0,0.0,0.0,0.0,0.0,0.0,0.0,0.0,0.0,0.0,0.0
3,0,1.0,0.0,0.0,0.0,0.0,0.0,0.0,0.0,0.0,0.0,0.0
3,0,1.0,0.0,0.0,0.0,0.0,0.0,0.0,0.0,0.0,0.0,0.0
3,0,1.0,0.0,0.0,0.0,0.0,0.0,0.0,0.0,0.0,0.0,0.0
3,0,1.0,0.0,0.0,0.0,0.0,0.0,0.0,0.0,0.0,0.0,0.0
3,0,1.0,0.0,0.0,0.0,0.0,0.0,0.0,0.0,0.0,0.0,0.0
3,0,1.0,0.0,0.0,0.0,0.0,0.0,0.0,0.0,0.0,0.0,0.0
3,0,1.0,0.0,0.0,0.0,0.0,0.0,0.0,0.0,0.0,0.0,0.0
3,0,1.0,0.0,0.0,0.0,0.0,0.0,0.0,0.0,0.0,0.0,0.0
3,0,1.0,0.0,0.0,0.0,0.0,0.0,0.0,0.0,0.0,0.0,0.0
3,0,1.0,0.0,0.0,0.0,0.0,0.0,0.0,0.0,0.0,0.0,0.0
3,0,1.0,0.0,0.0,0.0,0.0,0.0,0.0,0.0,0.0,0.0,0.0
3,0,1.0,0.0,0.0,0.0,0.0,0.0,0.0,0.0,0.0,0.0,0.0
3,0,1.0,0.0,0.0,0.0,0.0,0.0,0.0,0.0,0.0,0.0,0.0
3,0,1.0,0.0,0.0,0.0,0.0,0.0,0.0,0.0,0.0,0.0,0.0
3,0,1.0,0.0,0.0,0.0,0.0,0.0,0.0,0.0,0.0,0.0,0.0
3,0,1.0,0.0,0.0,0.0,0.0,0.0,0.0,0.0,0.0,0.0,0.0
3,0,1.0,0.0,0.0,0.0,0.0,0.0,0.0,0.0,0.0,0.0,0.0
3,0,1.0,0.0,0.0,0.0,0.0,0.0,0.0,0.0,0.0,0.0,0.0
3,0,1.0,0.0,0.0,0.0,0.0,0.0,0.0,0.0,0.0,0.0,0.0
3,0,1.0,0.0,0.0,0.0,0.0,0.0,0.0,0.0,0.0,0.0,0.0
3,0,1.0,0.0,0.0,0.0,0.0,0.0,0.0,0.0,0.0,0.0,0.0
3,0,1.0,0.0,0.0,0.0,0.0,0.0,0.0,0.0,0.0,0.0,0.0
3,0,1.0,0.0,0.0,0.0,0.0,0.0,0.0,0.0,0.0,0.0,0.0
3,0,1.0,0.0,0.0,0.0,0.0,0.0,0.0,0.0,0.0,0.0,0.0
3,0,1.0,0.0,0.0,0.0,0.0,0.0,0.0,0.0,0.0,0.0,0.0
3,0,1.0,0.0,0.0,0.0,0.0,0.0,0.0,0.0,0.0,0.0,0.0
3,0,1.0,0.0,0.0,0.0,0.0,0.0,0.0,0.0,0.0,0.0,0.0
3,0,1.0,0.0,0.0,0.0,0.0,0.0,0.0,0.0,0.0,0.0,0.0
3,0,1.0,0.0,0.0,0.0,0.0,0.0,0.0,0.0,0.0,0.0,0.0
3,0,1.0,0.0,0.0,0.0,0.0,0.0,0.0,0.0,0.0,0.0,0.0
3,0,1.0,0.0,0.0,0.0,0.0,0.0,0.0,0.0,0.0,0.0,0.0
3,0,1.0,0.0,0.0,0.0,0.0,0.0,0.0,0.0,0.0,0.0,0.0
3,0,1.0,0.0,0.0,0.0,0.0,0.0,0.0,0.0,0.0,0.0,0.0
3,0,1.0,0.0,0.0,0.0,0.0,0.0,0.0,0.0,0.0,0.0,0.0
3,0,1.0,0.0,0.0,0.0,0.0,0.0,0.0,0.0,0.0,0.0,0.0
3,0,1.0,0.0,0.0,0.0,0.0,0.0,0.0,0.0,0.0,0.0,0.0
3,0,1.0,0.0,0.0,0.0,0.0,0.0,0.0,0.0,0.0,0.0,0.0
3,0,1.0,0.0,0.0,0.0,0.0,0.0,0.0,0.0,0.0,0.0,0.0
3,0,1.0,0.0,0.0,0.0,0.0,0.0,0.0,0.0,0.0,0.0,0.0
3,0,1.0,0.0,0.0,0.0,0.0,0.0,0.0,0.0,0.0,0.0,0.0
3,0,1.0,0.0,0.0,0.0,0.0,0.0,0.0,0.0,0.0,0.0,0.0
3,0,1.0,0.0,0.0,0.0,0.0,0.0,0.0,0.0,0.0,0.0,0.0
3,0,1.0,0.0,0.0,0.0,0.0,0.0,0.0,0.0,0.0,0.0,0.0
3,0,1.0,0.0,0.0,0.0,0.0,0.0,0.0,0.0,0.0,0.0,0.0
3,0,1.0,0.0,0.0,0.0,0.0,0.0,0.0,0.0,0.0,0.0,0.0
3,0,1.0,0.0,0.0,0.0,0.0,0.0,0.0,0.0,0.0,0.0,0.0
3,0,1.0,0.0,0.0,0.0,0.0,0.0,0.0,0.0,0.0,0.0,0.0
3,0,1.0,0.0,0.0,0.0,0.0,0.0,0.0,0.0,0.0,0.0,0.0
3,0,1.0,0.0,0.0,0.0,0.0,0.0,0.0,0.0,0.0,0.0,0.0
3,0,1.0,0.0,0.0,0.0,0.0,0.0,0.0,0.0,0.0,0.0,0.0
3,0,1.0,0.0,0.0,0.0,0.0,0.0,0.0,0.0,0.0,0.0,0.0
3,0,1.0,0.0,0.0,0.0,0.0,0.0,0.0,0.0,0.0,0.0,0.0
3,0,1.0,0.0,0.0,0.0,0.0,0.0,0.0,0.0,0.0,0.0,0.0
3,0,1.0,0.0,0.0,0.0,0.0,0.0,0.0,0.0,0.0,0.0,0.0
3,0,1.0,0.0,0.0,0.0,0.0,0.0,0.0,0.0,0.0,0.0,0.0
3,0,1.0,0.0,0.0,0.0,0.0,0.0,0.0,0.0,0.0,0.0,0.0
3,0,1.0,0.0,0.0,0.0,0.0,0.0,0.0,0.0,0.0,0.0,0.0
3,0,1.0,0.0,0.0,0.0,0.0,0.0,0.0,0.0,0.0,0.0,0.0
3,0,1.0,0.0,0.0,0.0,0.0,0.0,0.0,0.0,0.0,0.0,0.0
3,0,1.0,0.0,0.0,0.0,0.0,0.0,0.0,0.0,0.0,0.0,0.0
3,0,1.0,0.0,0.0,0.0,0.0,0.0,0.0,0.0,0.0,0.0,0.0
3,0,1.0,0.0,0.0,0.0,0.0,0.0,0.0,0.0,0.0,0.0,0.0
3,0,1.0,0.0,0.0,0.0,0.0,0.0,0.0,0.0,0.0,0.0,0.0
3,0,1.0,0.0,0.0,0.0,0.0,0.0,0.0,0.0,0.0,0.0,0.0
3,0,1.0,0.0,0.0,0.0,0.0,0.0,0.0,0.0,0.0,0.0,0.0
3,0,1.0,0.0,0.0,0.0,0.0,0.0,0.0,0.0,0.0,0.0,0.0
3,0,1.0,0.0,0.0,0.0,0.0,0.0,0.0,0.0,0.0,0.0,0.0
3,0,1.0,0.0,0.0,0.0,0.0,0.0,0.0,0.0,0.0,0.0,0.0
3,0,1.0,0.0,0.0,0.0,0.0,0.0,0.0,0.0,0.0,0.0,0.0
3,0,1.0,0.0,0.0,0.0,0.0,0.0,0.0,0.0,0.0,0.0,0.0
3,0,1.0,0.0,0.0,0.0,0.0,0.0,0.0,0.0,0.0,0.0,0.0
3,0,1.0,0.0,0.0,0.0,0.0,0.0,0.0,0.0,0.0,0.0,0.0
3,0,1.0,0.0,0.0,0.0,0.0,0.0,0.0,0.0,0.0,0.0,0.0
3,0,1.0,0.0,0.0,0.0,0.0,0.0,0.0,0.0,0.0,0.0,0.0
3,0,1.0,0.0,0.0,0.0,0.0,0.0,0.0,0.0,0.0,0.0,0.0
3,0,1.0,0.0,0.0,0.0,0.0,0.0,0.0,0.0,0.0,0.0,0.0
3,0,1.0,0.0,0.0,0.0,0.0,0.0,0.0,0.0,0.0,0.0,0.0
3,0,1.0,0.0,0.0,0.0,0.0,0.0,0.0,0.0,0.0,0.0,0.0
3,0,1.0,0.0,0.0,0.0,0.0,0.0,0.0,0.0,0.0,0.0,0.0
3,0,1.0,0.0,0.0,0.0,0.0,0.0,0.0,0.0,0.0,0.0,0.0
3,0,1.0,0.0,0.0,0.0,0.0,0.0,0.0,0.0,0.0,0.0,0.0
3,0,1.0,0.0,0.0,0.0,0.0,0.0,0.0,0.0,0.0,0.0,0.0
3,0,1.0,0.0,0.0,0.0,0.0,0.0,0.0,0.0,0.0,0.0,0.0
3,0,1.0,0.0,0.0,0.0,0.0,0.0,0.0,0.0,0.0,0.0,0.0
3,0,1.0,0.0,0.0,0.0,0.0,0.0,0.0,0.0,0.0,0.0,0.0
3,0,1.0,0.0,0.0,0.0,0.0,0.0,0.0,0.0,0.0,0.0,0.0
3,0,1.0,0.0,0.0,0.0,0.0,0.0,0.0,0.0,0.0,0.0,0.0
3,0,1.0,0.0,0.0,0.0,0.0,0.0,0.0,0.0,0.0,0.0,0.0
3,0,1.0,0.0,0.0,0.0,0.0,0.0,0.0,0.0,0.0,0.0,0.0
3,0,1.0,0.0,0.0,0.0,0.0,0.0,0.0,0.0,0.0,0.0,0.0
3,0,1.0,0.0,0.0,0.0,0.0,0.0,0.0,0.0,0.0,0.0,0.0
3,0,1.0,0.0,0.0,0.0,0.0,0.0,0.0,0.0,0.0,0.0,0.0
3,0,1.0,0.0,0.0,0.0,0.0,0.0,0.0,0.0,0.0,0.0,0.0
3,0,1.0,0.0,0.0,0.0,0.0,0.0,0.0,0.0,0.0,0.0,0.0
3,0,1.0,0.0,0.0,0.0,0.0,0.0,0.0,0.0,0.0,0.0,0.0
3,0,1.0,0.0,0.0,0.0,0.0,0.0,0.0,0.0,0.0,0.0,0.0
3,0,1.0,0.0,0.0,0.0,0.0,0.0,0.0,0.0,0.0,0.0,0.0
3,0,0.9375,0.0,0.0,0.0625,0.0,0.0,0.0,0.0,0.0,0.0,0.0
3,0,0.9375,0.0,0.0,0.0625,0.0,0.0,0.0,0.0,0.0,0.0,0.0
3,0,0.9375,0.0,0.0,0.0625,0.0,0.0,0.0,0.0,0.0,0.0,0.0
3,0,0.9375,0.0,0.0,0.0625,0.0,0.0,0.0,0.0,0.0,0.0,0.0
3,0,0.9375,0.0,0.0,0.0625,0.0,0.0,0.0,0.0,0.0,0.0,0.0
3,0,0.9375,0.0,0.0,0.0625,0.0,0.0,0.0,0.0,0.0,0.0,0.0
3,0,0.9375,0.0,0.0,0.0625,0.0,0.0,0.0,0.0,0.0,0.0,0.0
3,0,0.9375,0.0,0.0,0.0625,0.0,0.0,0.0,0.0,0.0,0.0,0.0
3,0,0.9375,0.0,0.0,0.0625,0.0,0.0,0.0,0.0,0.0,0.0,0.0
3,0,0.9375,0.0,0.0,0.0625,0.0,0.0,0.0,0.0,0.0,0.0,0.0
3,0,0.9375,0.0,0.0,0.0625,0.0,0.0,0.0,0.0,0.0,0.0,0.0
3,0,0.9375,0.0,0.0,0.0625,0.0,0.0,0.0,0.0,0.0,0.0,0.0
3,0,0.9375,0.0,0.0,0.0625,0.0,0.0,0.0,0.0,0.0,0.0,0.0
3,0,0.9375,0.0,0.0,0.0625,0.0,0.0,0.0,0.0,0.0,0.0,0.0
3,0,0.9375,0.0,0.0,0.0625,0.0,0.0,0.0,0.0,0.0,0.0,0.0
3,0,0.9375,0.0,0.0,0.0625,0.0,0.0,0.0,0.0,0.0,0.0,0.0
3,0,0.9375,0.0,0.0,0.0625,0.0,0.0,0.0,0.0,0.0,0.0,0.0
3,0,0.9375,0.0,0.0,0.0625,0.0,0.0,0.0,0.0,0.0,0.0,0.0
3,0,0.9375,0.0,0.0,0.0625,0.0,0.0,0.0,0.0,0.0,0.0,0.0
3,0,0.9375,0.0,0.0,0.0625,0.0,0.0,0.0,0.0,0.0,0.0,0.0
3,0,0.9375,0.0,0.0,0.0625,0.0,0.0,0.0,0.0,0.0,0.0,0.0
3,0,0.9375,0.0,0.0,0.0625,0.0,0.0,0.0,0.0,0.0,0.0,0.0
3,0,0.9375,0.0,0.0,0.0625,0.0,0.0,0.0,0.0,0.0,0.0,0.0
3,0,0.9375,0.0,0.0,0.0625,0.0,0.0,0.0,0.0,0.0,0.0,0.0
3,0,0.9375,0.0,0.0,0.0625,0.0,0.0,0.0,0.0,0.0,0.0,0.0
3,0,0.9375,0.0,0.0,0.0625,0.0,0.0,0.0,0.0,0.0,0.0,0.0
3,0,0.9375,0.0,0.0,0.0625,0.0,0.0,0.0,0.0,0.0,0.0,0.0
3,0,0.9375,0.0,0.0,0.0625,0.0,0.0,0.0,0.0,0.0,0.0,0.0
3,0,0.9375,0.0,0.0,0.0625,0.0,0.0,0.0,0.0,0.0,0.0,0.0
3,0,0.9375,0.0,0.0,0.0625,0.0,0.0,0.0,0.0,0.0,0.0,0.0
3,0,0.9375,0.0,0.0,0.0625,0.0,0.0,0.0,0.0,0.0,0.0,0.0
3,0,0.9375,0.0,0.0,0.0625,0.0,0.0,0.0,0.0,0.0,0.0,0.0
3,0,0.9375,0.0,0.0,0.0625,0.0,0.0,0.0,0.0,0.0,0.0,0.0
3,0,0.9375,0.0,0.0,0.0625,0.0,0.0,0.0,0.0,0.0,0.0,0.0
3,0,0.9375,0.0,0.0,0.0625,0.0,0.0,0.0,0.0,0.0,0.0,0.0
3,0,0.9375,0.0,0.0,0.0625,0.0,0.0,0.0,0.0,0.0,0.0,0.0
3,0,0.9375,0.0,0.0,0.0625,0.0,0.0,0.0,0.0,0.0,0.0,0.0
3,0,0.9375,0.0,0.0,0.0625,0.0,0.0,0.0,0.0,0.0,0.0,0.0
3,0,0.9375,0.0,0.0,0.0625,0.0,0.0,0.0,0.0,0.0,0.0,0.0
3,0,0.9375,0.0,0.0,0.0625,0.0,0.0,0.0,0.0,0.0,0.0,0.0
3,0,0.9375,0.0,0.0,0.0625,0.0,0.0,0.0,0.0,0.0,0.0,0.0
3,0,0.9375,0.0,0.0,0.0625,0.0,0.0,0.0,0.0,0.0,0.0,0.0
3,0,0.9375,0.0,0.0,0.0625,0.0,0.0,0.0,0.0,0.0,0.0,0.0
3,0,0.9375,0.0,0.0,0.0625,0.0,0.0,0.0,0.0,0.0,0.0,0.0
3,0,0.9375,0.0,0.0,0.0625,0.0,0.0,0.0,0.0,0.0,0.0,0.0
3,0,0.9375,0.0,0.0,0.0625,0.0,0.0,0.0,0.0,0.0,0.0,0.0
3,0,0.9375,0.0,0.0,0.0625,0.0,0.0,0.0,0.0,0.0,0.0,0.0
3,0,0.9375,0.0,0.0,0.0625,0.0,0.0,0.0,0.0,0.0,0.0,0.0
3,0,0.9375,0.0,0.0,0.0625,0.0,0.0,0.0,0.0,0.0,0.0,0.0
3,0,0.9375,0.0,0.0,0.0625,0.0,0.0,0.0,0.0,0.0,0.0,0.0
3,0,0.9375,0.0,0.0,0.0625,0.0,0.0,0.0,0.0,0.0,0.0,0.0
3,0,0.9375,0.0,0.0,0.0625,0.0,0.0,0.0,0.0,0.0,0.0,0.0
3,0,0.9375,0.0,0.0,0.0625,0.0,0.0,0.0,0.0,0.0,0.0,0.0
3,0,0.9375,0.0,0.0,0.0625,0.0,0.0,0.0,0.0,0.0,0.0,0.0
3,0,0.9375,0.0,0.0,0.0625,0.0,0.0,0.0,0.0,0.0,0.0,0.0
3,0,0.9375,0.0,0.0,0.0625,0.0,0.0,0.0,0.0,0.0,0.0,0.0
3,0,0.9375,0.0,0.0,0.0625,0.0,0.0,0.0,0.0,0.0,0.0,0.0
3,0,0.9375,0.0,0.0,0.0625,0.0,0.0,0.0,0.0,0.0,0.0,0.0
3,0,0.9375,0.0,0.0,0.0625,0.0,0.0,0.0,0.0,0.0,0.0,0.0
3,0,0.9375,0.0,0.0,0.0625,0.0,0.0,0.0,0.0,0.0,0.0,0.0
3,0,0.9375,0.0,0.0,0.0625,0.0,0.0,0.0,0.0,0.0,0.0,0.0
3,0,0.9375,0.0,0.0,0.0625,0.0,0.0,0.0,0.0,0.0,0.0,0.0
3,0,0.9375,0.0,0.0,0.0625,0.0,0.0,0.0,0.0,0.0,0.0,0.0
3,0,0.9375,0.0,0.0,0.0625,0.0,0.0,0.0,0.0,0.0,0.0,0.0
3,0,0.9375,0.0,0.0,0.0625,0.0,0.0,0.0,0.0,0.0,0.0,0.0
3,0,0.9375,0.0,0.0,0.0625,0.0,0.0,0.0,0.0,0.0,0.0,0.0
3,0,0.9375,0.0,0.0,0.0625,0.0,0.0,0.0,0.0,0.0,0.0,0.0
3,0,0.9375,0.0,0.0,0.0625,0.0,0.0,0.0,0.0,0.0,0.0,0.0
3,0,0.9375,0.0,0.0,0.0625,0.0,0.0,0.0,0.0,0.0,0.0,0.0
3,0,0.9375,0.0,0.0,0.0625,0.0,0.0,0.0,0.0,0.0,0.0,0.0
3,0,0.9375,0.0,0.0,0.0625,0.0,0.0,0.0,0.0,0.0,0.0,0.0
3,0,0.9375,0.0,0.0,0.0625,0.0,0.0,0.0,0.0,0.0,0.0,0.0
3,0,0.9375,0.0,0.0,0.0625,0.0,0.0,0.0,0.0,0.0,0.0,0.0
3,0,0.9375,0.0,0.0,0.0625,0.0,0.0,0.0,0.0,0.0,0.0,0.0
3,0,0.9375,0.0,0.0,0.0625,0.0,0.0,0.0,0.0,0.0,0.0,0.0
3,0,0.9375,0.0,0.0,0.0625,0.0,0.0,0.0,0.0,0.0,0.0,0.0
3,0,0.9375,0.0,0.0,0.0625,0.0,0.0,0.0,0.0,0.0,0.0,0.0
3,0,0.9375,0.0,0.0,0.0625,0.0,0.0,0.0,0.0,0.0,0.0,0.0
3,0,0.9375,0.0,0.0,0.0625,0.0,0.0,0.0,0.0,0.0,0.0,0.0
3,0,0.9375,0.0,0.0,0.0625,0.0,0.0,0.0,0.0,0.0,0.0,0.0
3,0,0.9375,0.0,0.0,0.0625,0.0,0.0,0.0,0.0,0.0,0.0,0.0
3,0,0.9375,0.0,0.0,0.0625,0.0,0.0,0.0,0.0,0.0,0.0,0.0
3,0,0.9375,0.0,0.0,0.0625,0.0,0.0,0.0,0.0,0.0,0.0,0.0
3,0,0.9375,0.0,0.0,0.0625,0.0,0.0,0.0,0.0,0.0,0.0,0.0
3,0,0.9375,0.0,0.0,0.0625,0.0,0.0,0.0,0.0,0.0,0.0,0.0
3,0,0.9375,0.0,0.0,0.0625,0.0,0.0,0.0,0.0,0.0,0.0,0.0
3,0,0.9375,0.0,0.0,0.0625,0.0,0.0,0.0,0.0,0.0,0.0,0.0
3,0,0.9375,0.0,0.0,0.0625,0.0,0.0,0.0,0.0,0.0,0.0,0.0
3,0,0.9375,0.0,0.0,0.0625,0.0,0.0,0.0,0.0,0.0,0.0,0.0
3,0,0.9375,0.0,0.0,0.0625,0.0,0.0,0.0,0.0,0.0,0.0,0.0
3,0,0.9375,0.0,0.0,0.0625,0.0,0.0,0.0,0.0,0.0,0.0,0.0
3,0,0.9375,0.0,0.0,0.0625,0.0,0.0,0.0,0.0,0.0,0.0,0.0
3,0,0.9375,0.0,0.0,0.0625,0.0,0.0,0.0,0.0,0.0,0.0,0.0
3,0,0.9375,0.0,0.0,0.0625,0.0,0.0,0.0,0.0,0.0,0.0,0.0
3,0,0.9375,0.0,0.0,0.0625,0.0,0.0,0.0,0.0,0.0,0.0,0.0
3,0,0.9375,0.0,0.0,0.0625,0.0,0.0,0.0,0.0,0.0,0.0,0.0
3,0,0.9375,0.0,0.0,0.0625,0.0,0.0,0.0,0.0,0.0,0.0,0.0
3,0,0.9375,0.0,0.0,0.0625,0.0,0.0,0.0,0.0,0.0,0.0,0.0
3,0,0.9375,0.0,0.0,0.0625,0.0,0.0,0.0,0.0,0.0,0.0,0.0
3,0,0.9375,0.0,0.0,0.0625,0.0,0.0,0.0,0.0,0.0,0.0,0.0
3,0,0.9375,0.0,0.0,0.0625,0.0,0.0,0.0,0.0,0.0,0.0,0.0
3,0,0.9375,0.0,0.0,0.0625,0.0,0.0,0.0,0.0,0.0,0.0,0.0
3,0,0.9375,0.0,0.0,0.0625,0.0,0.0,0.0,0.0,0.0,0.0,0.0
3,0,0.9375,0.0,0.0,0.0625,0.0,0.0,0.0,0.0,0.0,0.0,0.0
3,0,0.9375,0.0,0.0,0.0625,0.0,0.0,0.0,0.0,0.0,0.0,0.0
3,0,0.9375,0.0,0.0,0.0625,0.0,0.0,0.0,0.0,0.0,0.0,0.0
3,0,0.9375,0.0,0.0,0.0625,0.0,0.0,0.0,0.0,0.0,0.0,0.0
3,0,0.9375,0.0,0.0,0.0625,0.0,0.0,0.0,0.0,0.0,0.0,0.0
3,0,0.9375,0.0,0.0,0.0625,0.0,0.0,0.0,0.0,0.0,0.0,0.0
3,0,0.9375,0.0,0.0,0.0625,0.0,0.0,0.0,0.0,0.0,0.0,0.0
3,0,0.9375,0.0,0.0,0.0625,0.0,0.0,0.0,0.0,0.0,0.0,0.0
3,0,0.9375,0.0,0.0,0.0625,0.0,0.0,0.0,0.0,0.0,0.0,0.0
3,0,0.9375,0.0,0.0,0.0625,0.0,0.0,0.0,0.0,0.0,0.0,0.0
3,0,0.9375,0.0,0.0,0.0625,0.0,0.0,0.0,0.0,0.0,0.0,0.0
3,0,0.9375,0.0,0.0,0.0625,0.0,0.0,0.0,0.0,0.0,0.0,0.0
3,0,0.9375,0.0,0.0,0.0625,0.0,0.0,0.0,0.0,0.0,0.0,0.0
3,0,0.9375,0.0,0.0,0.0625,0.0,0.0,0.0,0.0,0.0,0.0,0.0
3,0,0.9375,0.0,0.0,0.0625,0.0,0.0,0.0,0.0,0.0,0.0,0.0
3,0,0.9375,0.0,0.0,0.0625,0.0,0.0,0.0,0.0,0.0,0.0,0.0
3,0,0.9375,0.0,0.0,0.0625,0.0,0.0,0.0,0.0,0.0,0.0,0.0
3,0,0.9375,0.0,0.0,0.0625,0.0,0.0,0.0,0.0,0.0,0.0,0.0
3,0,0.9375,0.0,0.0,0.0625,0.0,0.0,0.0,0.0,0.0,0.0,0.0
3,0,0.9375,0.0,0.0,0.0625,0.0,0.0,0.0,0.0,0.0,0.0,0.0
3,0,0.9375,0.0,0.0,0.0625,0.0,0.0,0.0,0.0,0.0,0.0,0.0
3,0,0.9375,0.0,0.0,0.0625,0.0,0.0,0.0,0.0,0.0,0.0,0.0
3,0,0.9375,0.0,0.0,0.0625,0.0,0.0,0.0,0.0,0.0,0.0,0.0
3,0,0.9375,0.0,0.0,0.0625,0.0,0.0,0.0,0.0,0.0,0.0,0.0
3,0,0.9375,0.0,0.0,0.0625,0.0,0.0,0.0,0.0,0.0,0.0,0.0
3,0,0.9375,0.0,0.0,0.0625,0.0,0.0,0.0,0.0,0.0,0.0,0.0
3,0,0.9375,0.0,0.0,0.0625,0.0,0.0,0.0,0.0,0.0,0.0,0.0
3,0,1.0,0.0,0.0,0.0,0.0,0.0,0.0,0.0,0.0,0.0,0.0
3,0,1.0,0.0,0.0,0.0,0.0,0.0,0.0,0.0,0.0,0.0,0.0
3,0,1.0,0.0,0.0,0.0,0.0,0.0,0.0,0.0,0.0,0.0,0.0
3,0,1.0,0.0,0.0,0.0,0.0,0.0,0.0,0.0,0.0,0.0,0.0
3,0,1.0,0.0,0.0,0.0,0.0,0.0,0.0,0.0,0.0,0.0,0.0
3,0,1.0,0.0,0.0,0.0,0.0,0.0,0.0,0.0,0.0,0.0,0.0
3,0,1.0,0.0,0.0,0.0,0.0,0.0,0.0,0.0,0.0,0.0,0.0
3,0,1.0,0.0,0.0,0.0,0.0,0.0,0.0,0.0,0.0,0.0,0.0
3,0,1.0,0.0,0.0,0.0,0.0,0.0,0.0,0.0,0.0,0.0,0.0
3,0,1.0,0.0,0.0,0.0,0.0,0.0,0.0,0.0,0.0,0.0,0.0
3,0,1.0,0.0,0.0,0.0,0.0,0.0,0.0,0.0,0.0,0.0,0.0
3,0,1.0,0.0,0.0,0.0,0.0,0.0,0.0,0.0,0.0,0.0,0.0
3,0,1.0,0.0,0.0,0.0,0.0,0.0,0.0,0.0,0.0,0.0,0.0
3,0,1.0,0.0,0.0,0.0,0.0,0.0,0.0,0.0,0.0,0.0,0.0
3,0,1.0,0.0,0.0,0.0,0.0,0.0,0.0,0.0,0.0,0.0,0.0
3,0,1.0,0.0,0.0,0.0,0.0,0.0,0.0,0.0,0.0,0.0,0.0
3,0,1.0,0.0,0.0,0.0,0.0,0.0,0.0,0.0,0.0,0.0,0.0
3,0,1.0,0.0,0.0,0.0,0.0,0.0,0.0,0.0,0.0,0.0,0.0
3,0,1.0,0.0,0.0,0.0,0.0,0.0,0.0,0.0,0.0,0.0,0.0
3,0,1.0,0.0,0.0,0.0,0.0,0.0,0.0,0.0,0.0,0.0,0.0
3,0,1.0,0.0,0.0,0.0,0.0,0.0,0.0,0.0,0.0,0.0,0.0
3,0,1.0,0.0,0.0,0.0,0.0,0.0,0.0,0.0,0.0,0.0,0.0
3,0,1.0,0.0,0.0,0.0,0.0,0.0,0.0,0.0,0.0,0.0,0.0
3,0,1.0,0.0,0.0,0.0,0.0,0.0,0.0,0.0,0.0,0.0,0.0
3,0,1.0,0.0,0.0,0.0,0.0,0.0,0.0,0.0,0.0,0.0,0.0
3,0,1.0,0.0,0.0,0.0,0.0,0.0,0.0,0.0,0.0,0.0,0.0
3,0,1.0,0.0,0.0,0.0,0.0,0.0,0.0,0.0,0.0,0.0,0.0
3,0,1.0,0.0,0.0,0.0,0.0,0.0,0.0,0.0,0.0,0.0,0.0
3,0,1.0,0.0,0.0,0.0,0.0,0.0,0.0,0.0,0.0,0.0,0.0
3,0,1.0,0.0,0.0,0.0,0.0,0.0,0.0,0.0,0.0,0.0,0.0
3,0,1.0,0.0,0.0,0.0,0.0,0.0,0.0,0.0,0.0,0.0,0.0
3,0,1.0,0.0,0.0,0.0,0.0,0.0,0.0,0.0,0.0,0.0,0.0
3,0,1.0,0.0,0.0,0.0,0.0,0.0,0.0,0.0,0.0,0.0,0.0
3,0,1.0,0.0,0.0,0.0,0.0,0.0,0.0,0.0,0.0,0.0,0.0
3,0,1.0,0.0,0.0,0.0,0.0,0.0,0.0,0.0,0.0,0.0,0.0
3,0,1.0,0.0,0.0,0.0,0.0,0.0,0.0,0.0,0.0,0.0,0.0
3,0,1.0,0.0,0.0,0.0,0.0,0.0,0.0,0.0,0.0,0.0,0.0
3,0,1.0,0.0,0.0,0.0,0.0,0.0,0.0,0.0,0.0,0.0,0.0
3,0,1.0,0.0,0.0,0.0,0.0,0.0,0.0,0.0,0.0,0.0,0.0
3,0,1.0,0.0,0.0,0.0,0.0,0.0,0.0,0.0,0.0,0.0,0.0
3,0,1.0,0.0,0.0,0.0,0.0,0.0,0.0,0.0,0.0,0.0,0.0
3,0,1.0,0.0,0.0,0.0,0.0,0.0,0.0,0.0,0.0,0.0,0.0
3,0,1.0,0.0,0.0,0.0,0.0,0.0,0.0,0.0,0.0,0.0,0.0
3,0,1.0,0.0,0.0,0.0,0.0,0.0,0.0,0.0,0.0,0.0,0.0
3,0,1.0,0.0,0.0,0.0,0.0,0.0,0.0,0.0,0.0,0.0,0.0
3,0,1.0,0.0,0.0,0.0,0.0,0.0,0.0,0.0,0.0,0.0,0.0
3,0,1.0,0.0,0.0,0.0,0.0,0.0,0.0,0.0,0.0,0.0,0.0
3,0,1.0,0.0,0.0,0.0,0.0,0.0,0.0,0.0,0.0,0.0,0.0
3,0,1.0,0.0,0.0,0.0,0.0,0.0,0.0,0.0,0.0,0.0,0.0
3,0,1.0,0.0,0.0,0.0,0.0,0.0,0.0,0.0,0.0,0.0,0.0
3,0,1.0,0.0,0.0,0.0,0.0,0.0,0.0,0.0,0.0,0.0,0.0
3,0,1.0,0.0,0.0,0.0,0.0,0.0,0.0,0.0,0.0,0.0,0.0
3,0,1.0,0.0,0.0,0.0,0.0,0.0,0.0,0.0,0.0,0.0,0.0
3,0,1.0,0.0,0.0,0.0,0.0,0.0,0.0,0.0,0.0,0.0,0.0
3,0,1.0,0.0,0.0,0.0,0.0,0.0,0.0,0.0,0.0,0.0,0.0
3,0,1.0,0.0,0.0,0.0,0.0,0.0,0.0,0.0,0.0,0.0,0.0
3,0,1.0,0.0,0.0,0.0,0.0,0.0,0.0,0.0,0.0,0.0,0.0
3,0,1.0,0.0,0.0,0.0,0.0,0.0,0.0,0.0,0.0,0.0,0.0
3,0,1.0,0.0,0.0,0.0,0.0,0.0,0.0,0.0,0.0,0.0,0.0
3,0,1.0,0.0,0.0,0.0,0.0,0.0,0.0,0.0,0.0,0.0,0.0
3,0,1.0,0.0,0.0,0.0,0.0,0.0,0.0,0.0,0.0,0.0,0.0
3,0,1.0,0.0,0.0,0.0,0.0,0.0,0.0,0.0,0.0,0.0,0.0
3,0,1.0,0.0,0.0,0.0,0.0,0.0,0.0,0.0,0.0,0.0,0.0
3,0,1.0,0.0,0.0,0.0,0.0,0.0,0.0,0.0,0.0,0.0,0.0
3,0,1.0,0.0,0.0,0.0,0.0,0.0,0.0,0.0,0.0,0.0,0.0
3,0,1.0,0.0,0.0,0.0,0.0,0.0,0.0,0.0,0.0,0.0,0.0
3,0,1.0,0.0,0.0,0.0,0.0,0.0,0.0,0.0,0.0,0.0,0.0
3,0,1.0,0.0,0.0,0.0,0.0,0.0,0.0,0.0,0.0,0.0,0.0
3,0,1.0,0.0,0.0,0.0,0.0,0.0,0.0,0.0,0.0,0.0,0.0
3,0,1.0,0.0,0.0,0.0,0.0,0.0,0.0,0.0,0.0,0.0,0.0
3,0,1.0,0.0,0.0,0.0,0.0,0.0,0.0,0.0,0.0,0.0,0.0
3,0,1.0,0.0,0.0,0.0,0.0,0.0,0.0,0.0,0.0,0.0,0.0
3,0,1.0,0.0,0.0,0.0,0.0,0.0,0.0,0.0,0.0,0.0,0.0
3,0,1.0,0.0,0.0,0.0,0.0,0.0,0.0,0.0,0.0,0.0,0.0
3,0,1.0,0.0,0.0,0.0,0.0,0.0,0.0,0.0,0.0,0.0,0.0
3,0,1.0,0.0,0.0,0.0,0.0,0.0,0.0,0.0,0.0,0.0,0.0
3,0,1.0,0.0,0.0,0.0,0.0,0.0,0.0,0.0,0.0,0.0,0.0
3,0,1.0,0.0,0.0,0.0,0.0,0.0,0.0,0.0,0.0,0.0,0.0
3,0,1.0,0.0,0.0,0.0,0.0,0.0,0.0,0.0,0.0,0.0,0.0
3,0,1.0,0.0,0.0,0.0,0.0,0.0,0.0,0.0,0.0,0.0,0.0
3,0,1.0,0.0,0.0,0.0,0.0,0.0,0.0,0.0,0.0,0.0,0.0
3,0,1.0,0.0,0.0,0.0,0.0,0.0,0.0,0.0,0.0,0.0,0.0
3,0,1.0,0.0,0.0,0.0,0.0,0.0,0.0,0.0,0.0,0.0,0.0
3,0,1.0,0.0,0.0,0.0,0.0,0.0,0.0,0.0,0.0,0.0,0.0
3,0,1.0,0.0,0.0,0.0,0.0,0.0,0.0,0.0,0.0,0.0,0.0
3,0,1.0,0.0,0.0,0.0,0.0,0.0,0.0,0.0,0.0,0.0,0.0
3,0,1.0,0.0,0.0,0.0,0.0,0.0,0.0,0.0,0.0,0.0,0.0
3,0,1.0,0.0,0.0,0.0,0.0,0.0,0.0,0.0,0.0,0.0,0.0
3,0,1.0,0.0,0.0,0.0,0.0,0.0,0.0,0.0,0.0,0.0,0.0
3,0,1.0,0.0,0.0,0.0,0.0,0.0,0.0,0.0,0.0,0.0,0.0
3,0,1.0,0.0,0.0,0.0,0.0,0.0,0.0,0.0,0.0,0.0,0.0
3,0,1.0,0.0,0.0,0.0,0.0,0.0,0.0,0.0,0.0,0.0,0.0
3,0,1.0,0.0,0.0,0.0,0.0,0.0,0.0,0.0,0.0,0.0,0.0
3,0,1.0,0.0,0.0,0.0,0.0,0.0,0.0,0.0,0.0,0.0,0.0
3,0,1.0,0.0,0.0,0.0,0.0,0.0,0.0,0.0,0.0,0.0,0.0
3,0,1.0,0.0,0.0,0.0,0.0,0.0,0.0,0.0,0.0,0.0,0.0
3,0,1.0,0.0,0.0,0.0,0.0,0.0,0.0,0.0,0.0,0.0,0.0
3,0,1.0,0.0,0.0,0.0,0.0,0.0,0.0,0.0,0.0,0.0,0.0
3,0,1.0,0.0,0.0,0.0,0.0,0.0,0.0,0.0,0.0,0.0,0.0
3,0,1.0,0.0,0.0,0.0,0.0,0.0,0.0,0.0,0.0,0.0,0.0
3,0,1.0,0.0,0.0,0.0,0.0,0.0,0.0,0.0,0.0,0.0,0.0
3,0,1.0,0.0,0.0,0.0,0.0,0.0,0.0,0.0,0.0,0.0,0.0
3,0,1.0,0.0,0.0,0.0,0.0,0.0,0.0,0.0,0.0,0.0,0.0
3,0,1.0,0.0,0.0,0.0,0.0,0.0,0.0,0.0,0.0,0.0,0.0
3,0,1.0,0.0,0.0,0.0,0.0,0.0,0.0,0.0,0.0,0.0,0.0
3,0,1.0,0.0,0.0,0.0,0.0,0.0,0.0,0.0,0.0,0.0,0.0
3,0,1.0,0.0,0.0,0.0,0.0,0.0,0.0,0.0,0.0,0.0,0.0
3,0,1.0,0.0,0.0,0.0,0.0,0.0,0.0,0.0,0.0,0.0,0.0
3,0,1.0,0.0,0.0,0.0,0.0,0.0,0.0,0.0,0.0,0.0,0.0
3,0,1.0,0.0,0.0,0.0,0.0,0.0,0.0,0.0,0.0,0.0,0.0
3,0,1.0,0.0,0.0,0.0,0.0,0.0,0.0,0.0,0.0,0.0,0.0
3,0,1.0,0.0,0.0,0.0,0.0,0.0,0.0,0.0,0.0,0.0,0.0
3,0,1.0,0.0,0.0,0.0,0.0,0.0,0.0,0.0,0.0,0.0,0.0
3,0,1.0,0.0,0.0,0.0,0.0,0.0,0.0,0.0,0.0,0.0,0.0
3,0,1.0,0.0,0.0,0.0,0.0,0.0,0.0,0.0,0.0,0.0,0.0
3,0,1.0,0.0,0.0,0.0,0.0,0.0,0.0,0.0,0.0,0.0,0.0
3,0,1.0,0.0,0.0,0.0,0.0,0.0,0.0,0.0,0.0,0.0,0.0
3,0,1.0,0.0,0.0,0.0,0.0,0.0,0.0,0.0,0.0,0.0,0.0
3,0,1.0,0.0,0.0,0.0,0.0,0.0,0.0,0.0,0.0,0.0,0.0
3,0,1.0,0.0,0.0,0.0,0.0,0.0,0.0,0.0,0.0,0.0,0.0
3,0,1.0,0.0,0.0,0.0,0.0,0.0,0.0,0.0,0.0,0.0,0.0
3,0,1.0,0.0,0.0,0.0,0.0,0.0,0.0,0.0,0.0,0.0,0.0
3,0,1.0,0.0,0.0,0.0,0.0,0.0,0.0,0.0,0.0,0.0,0.0
3,0,1.0,0.0,0.0,0.0,0.0,0.0,0.0,0.0,0.0,0.0,0.0
3,0,1.0,0.0,0.0,0.0,0.0,0.0,0.0,0.0,0.0,0.0,0.0
3,0,1.0,0.0,0.0,0.0,0.0,0.0,0.0,0.0,0.0,0.0,0.0
3,0,1.0,0.0,0.0,0.0,0.0,0.0,0.0,0.0,0.0,0.0,0.0
3,0,1.0,0.0,0.0,0.0,0.0,0.0,0.0,0.0,0.0,0.0,0.0
3,0,1.0,0.0,0.0,0.0,0.0,0.0,0.0,0.0,0.0,0.0,0.0
3,0,1.0,0.0,0.0,0.0,0.0,0.0,0.0,0.0,0.0,0.0,0.0
3,0,1.0,0.0,0.0,0.0,0.0,0.0,0.0,0.0,0.0,0.0,0.0
3,0,1.0,0.0,0.0,0.0,0.0,0.0,0.0,0.0,0.0,0.0,0.0
3,0,1.0,0.0,0.0,0.0,0.0,0.0,0.0,0.0,0.0,0.0,0.0
3,0,1.0,0.0,0.0,0.0,0.0,0.0,0.0,0.0,0.0,0.0,0.0
3,0,1.0,0.0,0.0,0.0,0.0,0.0,0.0,0.0,0.0,0.0,0.0
3,0,1.0,0.0,0.0,0.0,0.0,0.0,0.0,0.0,0.0,0.0,0.0
3,0,1.0,0.0,0.0,0.0,0.0,0.0,0.0,0.0,0.0,0.0,0.0
3,0,1.0,0.0,0.0,0.0,0.0,0.0,0.0,0.0,0.0,0.0,0.0
3,0,1.0,0.0,0.0,0.0,0.0,0.0,0.0,0.0,0.0,0.0,0.0
3,0,1.0,0.0,0.0,0.0,0.0,0.0,0.0,0.0,0.0,0.0,0.0
3,0,1.0,0.0,0.0,0.0,0.0,0.0,0.0,0.0,0.0,0.0,0.0
3,0,1.0,0.0,0.0,0.0,0.0,0.0,0.0,0.0,0.0,0.0,0.0
3,0,1.0,0.0,0.0,0.0,0.0,0.0,0.0,0.0,0.0,0.0,0.0
3,0,1.0,0.0,0.0,0.0,0.0,0.0,0.0,0.0,0.0,0.0,0.0
3,0,1.0,0.0,0.0,0.0,0.0,0.0,0.0,0.0,0.0,0.0,0.0
3,0,1.0,0.0,0.0,0.0,0.0,0.0,0.0,0.0,0.0,0.0,0.0
3,0,1.0,0.0,0.0,0.0,0.0,0.0,0.0,0.0,0.0,0.0,0.0
3,0,1.0,0.0,0.0,0.0,0.0,0.0,0.0,0.0,0.0,0.0,0.0
3,0,1.0,0.0,0.0,0.0,0.0,0.0,0.0,0.0,0.0,0.0,0.0
3,0,1.0,0.0,0.0,0.0,0.0,0.0,0.0,0.0,0.0,0.0,0.0
3,0,1.0,0.0,0.0,0.0,0.0,0.0,0.0,0.0,0.0,0.0,0.0
3,0,1.0,0.0,0.0,0.0,0.0,0.0,0.0,0.0,0.0,0.0,0.0
3,0,1.0,0.0,0.0,0.0,0.0,0.0,0.0,0.0,0.0,0.0,0.0
3,0,1.0,0.0,0.0,0.0,0.0,0.0,0.0,0.0,0.0,0.0,0.0
3,0,1.0,0.0,0.0,0.0,0.0,0.0,0.0,0.0,0.0,0.0,0.0
3,0,1.0,0.0,0.0,0.0,0.0,0.0,0.0,0.0,0.0,0.0,0.0
3,0,1.0,0.0,0.0,0.0,0.0,0.0,0.0,0.0,0.0,0.0,0.0
3,0,1.0,0.0,0.0,0.0,0.0,0.0,0.0,0.0,0.0,0.0,0.0
3,0,1.0,0.0,0.0,0.0,0.0,0.0,0.0,0.0,0.0,0.0,0.0
3,0,1.0,0.0,0.0,0.0,0.0,0.0,0.0,0.0,0.0,0.0,0.0
3,0,1.0,0.0,0.0,0.0,0.0,0.0,0.0,0.0,0.0,0.0,0.0
3,0,1.0,0.0,0.0,0.0,0.0,0.0,0.0,0.0,0.0,0.0,0.0
3,0,1.0,0.0,0.0,0.0,0.0,0.0,0.0,0.0,0.0,0.0,0.0
3,0,1.0,0.0,0.0,0.0,0.0,0.0,0.0,0.0,0.0,0.0,0.0
3,0,1.0,0.0,0.0,0.0,0.0,0.0,0.0,0.0,0.0,0.0,0.0
3,0,1.0,0.0,0.0,0.0,0.0,0.0,0.0,0.0,0.0,0.0,0.0
3,0,1.0,0.0,0.0,0.0,0.0,0.0,0.0,0.0,0.0,0.0,0.0
3,0,1.0,0.0,0.0,0.0,0.0,0.0,0.0,0.0,0.0,0.0,0.0
3,0,1.0,0.0,0.0,0.0,0.0,0.0,0.0,0.0,0.0,0.0,0.0
3,0,1.0,0.0,0.0,0.0,0.0,0.0,0.0,0.0,0.0,0.0,0.0
3,0,1.0,0.0,0.0,0.0,0.0,0.0,0.0,0.0,0.0,0.0,0.0
3,0,1.0,0.0,0.0,0.0,0.0,0.0,0.0,0.0,0.0,0.0,0.0
3,0,1.0,0.0,0.0,0.0,0.0,0.0,0.0,0.0,0.0,0.0,0.0
3,0,1.0,0.0,0.0,0.0,0.0,0.0,0.0,0.0,0.0,0.0,0.0
3,0,1.0,0.0,0.0,0.0,0.0,0.0,0.0,0.0,0.0,0.0,0.0
3,0,1.0,0.0,0.0,0.0,0.0,0.0,0.0,0.0,0.0,0.0,0.0
3,0,1.0,0.0,0.0,0.0,0.0,0.0,0.0,0.0,0.0,0.0,0.0
3,0,1.0,0.0,0.0,0.0,0.0,0.0,0.0,0.0,0.0,0.0,0.0
3,0,1.0,0.0,0.0,0.0,0.0,0.0,0.0,0.0,0.0,0.0,0.0
3,0,1.0,0.0,0.0,0.0,0.0,0.0,0.0,0.0,0.0,0.0,0.0
3,0,1.0,0.0,0.0,0.0,0.0,0.0,0.0,0.0,0.0,0.0,0.0
3,0,1.0,0.0,0.0,0.0,0.0,0.0,0.0,0.0,0.0,0.0,0.0
3,0,1.0,0.0,0.0,0.0,0.0,0.0,0.0,0.0,0.0,0.0,0.0
3,0,1.0,0.0,0.0,0.0,0.0,0.0,0.0,0.0,0.0,0.0,0.0
3,0,1.0,0.0,0.0,0.0,0.0,0.0,0.0,0.0,0.0,0.0,0.0
3,0,1.0,0.0,0.0,0.0,0.0,0.0,0.0,0.0,0.0,0.0,0.0
3,0,1.0,0.0,0.0,0.0,0.0,0.0,0.0,0.0,0.0,0.0,0.0
3,0,1.0,0.0,0.0,0.0,0.0,0.0,0.0,0.0,0.0,0.0,0.0
3,0,1.0,0.0,0.0,0.0,0.0,0.0,0.0,0.0,0.0,0.0,0.0
3,0,1.0,0.0,0.0,0.0,0.0,0.0,0.0,0.0,0.0,0.0,0.0
3,0,1.0,0.0,0.0,0.0,0.0,0.0,0.0,0.0,0.0,0.0,0.0
3,0,1.0,0.0,0.0,0.0,0.0,0.0,0.0,0.0,0.0,0.0,0.0
3,0,1.0,0.0,0.0,0.0,0.0,0.0,0.0,0.0,0.0,0.0,0.0
3,0,1.0,0.0,0.0,0.0,0.0,0.0,0.0,0.0,0.0,0.0,0.0
3,0,1.0,0.0,0.0,0.0,0.0,0.0,0.0,0.0,0.0,0.0,0.0
3,0,1.0,0.0,0.0,0.0,0.0,0.0,0.0,0.0,0.0,0.0,0.0
3,0,1.0,0.0,0.0,0.0,0.0,0.0,0.0,0.0,0.0,0.0,0.0
3,0,1.0,0.0,0.0,0.0,0.0,0.0,0.0,0.0,0.0,0.0,0.0
3,0,1.0,0.0,0.0,0.0,0.0,0.0,0.0,0.0,0.0,0.0,0.0
3,0,1.0,0.0,0.0,0.0,0.0,0.0,0.0,0.0,0.0,0.0,0.0
3,0,1.0,0.0,0.0,0.0,0.0,0.0,0.0,0.0,0.0,0.0,0.0
3,0,1.0,0.0,0.0,0.0,0.0,0.0,0.0,0.0,0.0,0.0,0.0
3,0,1.0,0.0,0.0,0.0,0.0,0.0,0.0,0.0,0.0,0.0,0.0
3,0,1.0,0.0,0.0,0.0,0.0,0.0,0.0,0.0,0.0,0.0,0.0
3,0,1.0,0.0,0.0,0.0,0.0,0.0,0.0,0.0,0.0,0.0,0.0
3,0,1.0,0.0,0.0,0.0,0.0,0.0,0.0,0.0,0.0,0.0,0.0
3,0,1.0,0.0,0.0,0.0,0.0,0.0,0.0,0.0,0.0,0.0,0.0
3,0,1.0,0.0,0.0,0.0,0.0,0.0,0.0,0.0,0.0,0.0,0.0
3,0,1.0,0.0,0.0,0.0,0.0,0.0,0.0,0.0,0.0,0.0,0.0
3,0,1.0,0.0,0.0,0.0,0.0,0.0,0.0,0.0,0.0,0.0,0.0
3,0,1.0,0.0,0.0,0.0,0.0,0.0,0.0,0.0,0.0,0.0,0.0
3,0,1.0,0.0,0.0,0.0,0.0,0.0,0.0,0.0,0.0,0.0,0.0
3,0,1.0,0.0,0.0,0.0,0.0,0.0,0.0,0.0,0.0,0.0,0.0
3,0,1.0,0.0,0.0,0.0,0.0,0.0,0.0,0.0,0.0,0.0,0.0
3,0,1.0,0.0,0.0,0.0,0.0,0.0,0.0,0.0,0.0,0.0,0.0
3,0,1.0,0.0,0.0,0.0,0.0,0.0,0.0,0.0,0.0,0.0,0.0
3,0,1.0,0.0,0.0,0.0,0.0,0.0,0.0,0.0,0.0,0.0,0.0
3,0,1.0,0.0,0.0,0.0,0.0,0.0,0.0,0.0,0.0,0.0,0.0
3,0,1.0,0.0,0.0,0.0,0.0,0.0,0.0,0.0,0.0,0.0,0.0
3,0,1.0,0.0,0.0,0.0,0.0,0.0,0.0,0.0,0.0,0.0,0.0
3,0,1.0,0.0,0.0,0.0,0.0,0.0,0.0,0.0,0.0,0.0,0.0
3,0,1.0,0.0,0.0,0.0,0.0,0.0,0.0,0.0,0.0,0.0,0.0
3,0,1.0,0.0,0.0,0.0,0.0,0.0,0.0,0.0,0.0,0.0,0.0
3,0,1.0,0.0,0.0,0.0,0.0,0.0,0.0,0.0,0.0,0.0,0.0
3,0,1.0,0.0,0.0,0.0,0.0,0.0,0.0,0.0,0.0,0.0,0.0
3,0,1.0,0.0,0.0,0.0,0.0,0.0,0.0,0.0,0.0,0.0,0.0
3,0,1.0,0.0,0.0,0.0,0.0,0.0,0.0,0.0,0.0,0.0,0.0
3,0,1.0,0.0,0.0,0.0,0.0,0.0,0.0,0.0,0.0,0.0,0.0
3,0,1.0,0.0,0.0,0.0,0.0,0.0,0.0,0.0,0.0,0.0,0.0
3,0,1.0,0.0,0.0,0.0,0.0,0.0,0.0,0.0,0.0,0.0,0.0
3,0,1.0,0.0,0.0,0.0,0.0,0.0,0.0,0.0,0.0,0.0,0.0
3,0,1.0,0.0,0.0,0.0,0.0,0.0,0.0,0.0,0.0,0.0,0.0
3,0,1.0,0.0,0.0,0.0,0.0,0.0,0.0,0.0,0.0,0.0,0.0
3,0,1.0,0.0,0.0,0.0,0.0,0.0,0.0,0.0,0.0,0.0,0.0
3,0,1.0,0.0,0.0,0.0,0.0,0.0,0.0,0.0,0.0,0.0,0.0
3,0,1.0,0.0,0.0,0.0,0.0,0.0,0.0,0.0,0.0,0.0,0.0
3,0,1.0,0.0,0.0,0.0,0.0,0.0,0.0,0.0,0.0,0.0,0.0
3,0,1.0,0.0,0.0,0.0,0.0,0.0,0.0,0.0,0.0,0.0,0.0
3,0,1.0,0.0,0.0,0.0,0.0,0.0,0.0,0.0,0.0,0.0,0.0
3,0,1.0,0.0,0.0,0.0,0.0,0.0,0.0,0.0,0.0,0.0,0.0
3,0,1.0,0.0,0.0,0.0,0.0,0.0,0.0,0.0,0.0,0.0,0.0
3,0,1.0,0.0,0.0,0.0,0.0,0.0,0.0,0.0,0.0,0.0,0.0
3,0,1.0,0.0,0.0,0.0,0.0,0.0,0.0,0.0,0.0,0.0,0.0
3,0,1.0,0.0,0.0,0.0,0.0,0.0,0.0,0.0,0.0,0.0,0.0
3,0,1.0,0.0,0.0,0.0,0.0,0.0,0.0,0.0,0.0,0.0,0.0
3,0,1.0,0.0,0.0,0.0,0.0,0.0,0.0,0.0,0.0,0.0,0.0
3,0,1.0,0.0,0.0,0.0,0.0,0.0,0.0,0.0,0.0,0.0,0.0
3,0,1.0,0.0,0.0,0.0,0.0,0.0,0.0,0.0,0.0,0.0,0.0
3,0,1.0,0.0,0.0,0.0,0.0,0.0,0.0,0.0,0.0,0.0,0.0
3,0,1.0,0.0,0.0,0.0,0.0,0.0,0.0,0.0,0.0,0.0,0.0
3,0,1.0,0.0,0.0,0.0,0.0,0.0,0.0,0.0,0.0,0.0,0.0
3,0,1.0,0.0,0.0,0.0,0.0,0.0,0.0,0.0,0.0,0.0,0.0
3,0,1.0,0.0,0.0,0.0,0.0,0.0,0.0,0.0,0.0,0.0,0.0
3,0,1.0,0.0,0.0,0.0,0.0,0.0,0.0,0.0,0.0,0.0,0.0
3,0,1.0,0.0,0.0,0.0,0.0,0.0,0.0,0.0,0.0,0.0,0.0
3,0,1.0,0.0,0.0,0.0,0.0,0.0,0.0,0.0,0.0,0.0,0.0
3,0,1.0,0.0,0.0,0.0,0.0,0.0,0.0,0.0,0.0,0.0,0.0
3,0,1.0,0.0,0.0,0.0,0.0,0.0,0.0,0.0,0.0,0.0,0.0
3,0,1.0,0.0,0.0,0.0,0.0,0.0,0.0,0.0,0.0,0.0,0.0
3,0,1.0,0.0,0.0,0.0,0.0,0.0,0.0,0.0,0.0,0.0,0.0
3,0,1.0,0.0,0.0,0.0,0.0,0.0,0.0,0.0,0.0,0.0,0.0
3,0,1.0,0.0,0.0,0.0,0.0,0.0,0.0,0.0,0.0,0.0,0.0
3,0,1.0,0.0,0.0,0.0,0.0,0.0,0.0,0.0,0.0,0.0,0.0
3,0,1.0,0.0,0.0,0.0,0.0,0.0,0.0,0.0,0.0,0.0,0.0
3,0,1.0,0.0,0.0,0.0,0.0,0.0,0.0,0.0,0.0,0.0,0.0
3,0,1.0,0.0,0.0,0.0,0.0,0.0,0.0,0.0,0.0,0.0,0.0
3,0,1.0,0.0,0.0,0.0,0.0,0.0,0.0,0.0,0.0,0.0,0.0
3,0,1.0,0.0,0.0,0.0,0.0,0.0,0.0,0.0,0.0,0.0,0.0
3,0,1.0,0.0,0.0,0.0,0.0,0.0,0.0,0.0,0.0,0.0,0.0
3,0,1.0,0.0,0.0,0.0,0.0,0.0,0.0,0.0,0.0,0.0,0.0
3,0,1.0,0.0,0.0,0.0,0.0,0.0,0.0,0.0,0.0,0.0,0.0
3,0,1.0,0.0,0.0,0.0,0.0,0.0,0.0,0.0,0.0,0.0,0.0
3,0,1.0,0.0,0.0,0.0,0.0,0.0,0.0,0.0,0.0,0.0,0.0
3,0,1.0,0.0,0.0,0.0,0.0,0.0,0.0,0.0,0.0,0.0,0.0
3,0,1.0,0.0,0.0,0.0,0.0,0.0,0.0,0.0,0.0,0.0,0.0
3,0,1.0,0.0,0.0,0.0,0.0,0.0,0.0,0.0,0.0,0.0,0.0
3,0,1.0,0.0,0.0,0.0,0.0,0.0,0.0,0.0,0.0,0.0,0.0
3,0,1.0,0.0,0.0,0.0,0.0,0.0,0.0,0.0,0.0,0.0,0.0
3,0,1.0,0.0,0.0,0.0,0.0,0.0,0.0,0.0,0.0,0.0,0.0
3,0,1.0,0.0,0.0,0.0,0.0,0.0,0.0,0.0,0.0,0.0,0.0
3,0,1.0,0.0,0.0,0.0,0.0,0.0,0.0,0.0,0.0,0.0,0.0
3,0,1.0,0.0,0.0,0.0,0.0,0.0,0.0,0.0,0.0,0.0,0.0
3,0,1.0,0.0,0.0,0.0,0.0,0.0,0.0,0.0,0.0,0.0,0.0
3,0,1.0,0.0,0.0,0.0,0.0,0.0,0.0,0.0,0.0,0.0,0.0
3,0,1.0,0.0,0.0,0.0,0.0,0.0,0.0,0.0,0.0,0.0,0.0
3,0,1.0,0.0,0.0,0.0,0.0,0.0,0.0,0.0,0.0,0.0,0.0
3,0,1.0,0.0,0.0,0.0,0.0,0.0,0.0,0.0,0.0,0.0,0.0
3,0,1.0,0.0,0.0,0.0,0.0,0.0,0.0,0.0,0.0,0.0,0.0
3,0,1.0,0.0,0.0,0.0,0.0,0.0,0.0,0.0,0.0,0.0,0.0
3,0,1.0,0.0,0.0,0.0,0.0,0.0,0.0,0.0,0.0,0.0,0.0
3,0,1.0,0.0,0.0,0.0,0.0,0.0,0.0,0.0,0.0,0.0,0.0
3,0,1.0,0.0,0.0,0.0,0.0,0.0,0.0,0.0,0.0,0.0,0.0
3,0,1.0,0.0,0.0,0.0,0.0,0.0,0.0,0.0,0.0,0.0,0.0
3,0,1.0,0.0,0.0,0.0,0.0,0.0,0.0,0.0,0.0,0.0,0.0
3,0,1.0,0.0,0.0,0.0,0.0,0.0,0.0,0.0,0.0,0.0,0.0
3,0,1.0,0.0,0.0,0.0,0.0,0.0,0.0,0.0,0.0,0.0,0.0
3,0,1.0,0.0,0.0,0.0,0.0,0.0,0.0,0.0,0.0,0.0,0.0
3,0,1.0,0.0,0.0,0.0,0.0,0.0,0.0,0.0,0.0,0.0,0.0
3,0,1.0,0.0,0.0,0.0,0.0,0.0,0.0,0.0,0.0,0.0,0.0
3,0,1.0,0.0,0.0,0.0,0.0,0.0,0.0,0.0,0.0,0.0,0.0
3,0,1.0,0.0,0.0,0.0,0.0,0.0,0.0,0.0,0.0,0.0,0.0
3,0,1.0,0.0,0.0,0.0,0.0,0.0,0.0,0.0,0.0,0.0,0.0
3,0,1.0,0.0,0.0,0.0,0.0,0.0,0.0,0.0,0.0,0.0,0.0
3,0,1.0,0.0,0.0,0.0,0.0,0.0,0.0,0.0,0.0,0.0,0.0
3,0,1.0,0.0,0.0,0.0,0.0,0.0,0.0,0.0,0.0,0.0,0.0
3,0,1.0,0.0,0.0,0.0,0.0,0.0,0.0,0.0,0.0,0.0,0.0
3,0,1.0,0.0,0.0,0.0,0.0,0.0,0.0,0.0,0.0,0.0,0.0
3,0,1.0,0.0,0.0,0.0,0.0,0.0,0.0,0.0,0.0,0.0,0.0
3,0,1.0,0.0,0.0,0.0,0.0,0.0,0.0,0.0,0.0,0.0,0.0
3,0,1.0,0.0,0.0,0.0,0.0,0.0,0.0,0.0,0.0,0.0,0.0
3,0,1.0,0.0,0.0,0.0,0.0,0.0,0.0,0.0,0.0,0.0,0.0
3,0,1.0,0.0,0.0,0.0,0.0,0.0,0.0,0.0,0.0,0.0,0.0
3,0,1.0,0.0,0.0,0.0,0.0,0.0,0.0,0.0,0.0,0.0,0.0
3,0,1.0,0.0,0.0,0.0,0.0,0.0,0.0,0.0,0.0,0.0,0.0
3,0,1.0,0.0,0.0,0.0,0.0,0.0,0.0,0.0,0.0,0.0,0.0
3,0,1.0,0.0,0.0,0.0,0.0,0.0,0.0,0.0,0.0,0.0,0.0
3,0,1.0,0.0,0.0,0.0,0.0,0.0,0.0,0.0,0.0,0.0,0.0
3,0,1.0,0.0,0.0,0.0,0.0,0.0,0.0,0.0,0.0,0.0,0.0
3,0,1.0,0.0,0.0,0.0,0.0,0.0,0.0,0.0,0.0,0.0,0.0
3,0,1.0,0.0,0.0,0.0,0.0,0.0,0.0,0.0,0.0,0.0,0.0
3,0,1.0,0.0,0.0,0.0,0.0,0.0,0.0,0.0,0.0,0.0,0.0
3,0,1.0,0.0,0.0,0.0,0.0,0.0,0.0,0.0,0.0,0.0,0.0
3,0,1.0,0.0,0.0,0.0,0.0,0.0,0.0,0.0,0.0,0.0,0.0
3,0,1.0,0.0,0.0,0.0,0.0,0.0,0.0,0.0,0.0,0.0,0.0
3,0,1.0,0.0,0.0,0.0,0.0,0.0,0.0,0.0,0.0,0.0,0.0
3,0,1.0,0.0,0.0,0.0,0.0,0.0,0.0,0.0,0.0,0.0,0.0
3,0,1.0,0.0,0.0,0.0,0.0,0.0,0.0,0.0,0.0,0.0,0.0
3,0,1.0,0.0,0.0,0.0,0.0,0.0,0.0,0.0,0.0,0.0,0.0
3,0,1.0,0.0,0.0,0.0,0.0,0.0,0.0,0.0,0.0,0.0,0.0
3,0,1.0,0.0,0.0,0.0,0.0,0.0,0.0,0.0,0.0,0.0,0.0
3,0,1.0,0.0,0.0,0.0,0.0,0.0,0.0,0.0,0.0,0.0,0.0
3,0,1.0,0.0,0.0,0.0,0.0,0.0,0.0,0.0,0.0,0.0,0.0
3,0,1.0,0.0,0.0,0.0,0.0,0.0,0.0,0.0,0.0,0.0,0.0
3,0,1.0,0.0,0.0,0.0,0.0,0.0,0.0,0.0,0.0,0.0,0.0
3,0,1.0,0.0,0.0,0.0,0.0,0.0,0.0,0.0,0.0,0.0,0.0
3,0,1.0,0.0,0.0,0.0,0.0,0.0,0.0,0.0,0.0,0.0,0.0
3,0,1.0,0.0,0.0,0.0,0.0,0.0,0.0,0.0,0.0,0.0,0.0
3,0,1.0,0.0,0.0,0.0,0.0,0.0,0.0,0.0,0.0,0.0,0.0
3,0,1.0,0.0,0.0,0.0,0.0,0.0,0.0,0.0,0.0,0.0,0.0
3,0,1.0,0.0,0.0,0.0,0.0,0.0,0.0,0.0,0.0,0.0,0.0
3,0,1.0,0.0,0.0,0.0,0.0,0.0,0.0,0.0,0.0,0.0,0.0
3,0,1.0,0.0,0.0,0.0,0.0,0.0,0.0,0.0,0.0,0.0,0.0
3,0,1.0,0.0,0.0,0.0,0.0,0.0,0.0,0.0,0.0,0.0,0.0
3,0,1.0,0.0,0.0,0.0,0.0,0.0,0.0,0.0,0.0,0.0,0.0
3,0,1.0,0.0,0.0,0.0,0.0,0.0,0.0,0.0,0.0,0.0,0.0
3,0,1.0,0.0,0.0,0.0,0.0,0.0,0.0,0.0,0.0,0.0,0.0
3,0,1.0,0.0,0.0,0.0,0.0,0.0,0.0,0.0,0.0,0.0,0.0
3,0,1.0,0.0,0.0,0.0,0.0,0.0,0.0,0.0,0.0,0.0,0.0
3,0,1.0,0.0,0.0,0.0,0.0,0.0,0.0,0.0,0.0,0.0,0.0
3,0,1.0,0.0,0.0,0.0,0.0,0.0,0.0,0.0,0.0,0.0,0.0
3,0,1.0,0.0,0.0,0.0,0.0,0.0,0.0,0.0,0.0,0.0,0.0
3,0,1.0,0.0,0.0,0.0,0.0,0.0,0.0,0.0,0.0,0.0,0.0
3,0,1.0,0.0,0.0,0.0,0.0,0.0,0.0,0.0,0.0,0.0,0.0
3,0,1.0,0.0,0.0,0.0,0.0,0.0,0.0,0.0,0.0,0.0,0.0
3,0,1.0,0.0,0.0,0.0,0.0,0.0,0.0,0.0,0.0,0.0,0.0
3,0,1.0,0.0,0.0,0.0,0.0,0.0,0.0,0.0,0.0,0.0,0.0
3,0,1.0,0.0,0.0,0.0,0.0,0.0,0.0,0.0,0.0,0.0,0.0
3,0,1.0,0.0,0.0,0.0,0.0,0.0,0.0,0.0,0.0,0.0,0.0
3,0,1.0,0.0,0.0,0.0,0.0,0.0,0.0,0.0,0.0,0.0,0.0
3,0,1.0,0.0,0.0,0.0,0.0,0.0,0.0,0.0,0.0,0.0,0.0
3,0,1.0,0.0,0.0,0.0,0.0,0.0,0.0,0.0,0.0,0.0,0.0
3,0,1.0,0.0,0.0,0.0,0.0,0.0,0.0,0.0,0.0,0.0,0.0
3,0,1.0,0.0,0.0,0.0,0.0,0.0,0.0,0.0,0.0,0.0,0.0
3,0,1.0,0.0,0.0,0.0,0.0,0.0,0.0,0.0,0.0,0.0,0.0
3,0,1.0,0.0,0.0,0.0,0.0,0.0,0.0,0.0,0.0,0.0,0.0
3,0,1.0,0.0,0.0,0.0,0.0,0.0,0.0,0.0,0.0,0.0,0.0
3,0,1.0,0.0,0.0,0.0,0.0,0.0,0.0,0.0,0.0,0.0,0.0
3,0,1.0,0.0,0.0,0.0,0.0,0.0,0.0,0.0,0.0,0.0,0.0
3,0,1.0,0.0,0.0,0.0,0.0,0.0,0.0,0.0,0.0,0.0,0.0
3,0,1.0,0.0,0.0,0.0,0.0,0.0,0.0,0.0,0.0,0.0,0.0
3,0,1.0,0.0,0.0,0.0,0.0,0.0,0.0,0.0,0.0,0.0,0.0
3,0,1.0,0.0,0.0,0.0,0.0,0.0,0.0,0.0,0.0,0.0,0.0
3,0,1.0,0.0,0.0,0.0,0.0,0.0,0.0,0.0,0.0,0.0,0.0
3,0,1.0,0.0,0.0,0.0,0.0,0.0,0.0,0.0,0.0,0.0,0.0
3,0,1.0,0.0,0.0,0.0,0.0,0.0,0.0,0.0,0.0,0.0,0.0
3,0,1.0,0.0,0.0,0.0,0.0,0.0,0.0,0.0,0.0,0.0,0.0
3,0,1.0,0.0,0.0,0.0,0.0,0.0,0.0,0.0,0.0,0.0,0.0
3,0,1.0,0.0,0.0,0.0,0.0,0.0,0.0,0.0,0.0,0.0,0.0
3,0,1.0,0.0,0.0,0.0,0.0,0.0,0.0,0.0,0.0,0.0,0.0
3,0,1.0,0.0,0.0,0.0,0.0,0.0,0.0,0.0,0.0,0.0,0.0
3,0,1.0,0.0,0.0,0.0,0.0,0.0,0.0,0.0,0.0,0.0,0.0
3,0,1.0,0.0,0.0,0.0,0.0,0.0,0.0,0.0,0.0,0.0,0.0
3,0,1.0,0.0,0.0,0.0,0.0,0.0,0.0,0.0,0.0,0.0,0.0
3,0,1.0,0.0,0.0,0.0,0.0,0.0,0.0,0.0,0.0,0.0,0.0
3,0,1.0,0.0,0.0,0.0,0.0,0.0,0.0,0.0,0.0,0.0,0.0
3,0,1.0,0.0,0.0,0.0,0.0,0.0,0.0,0.0,0.0,0.0,0.0
3,0,1.0,0.0,0.0,0.0,0.0,0.0,0.0,0.0,0.0,0.0,0.0
3,0,1.0,0.0,0.0,0.0,0.0,0.0,0.0,0.0,0.0,0.0,0.0
3,0,1.0,0.0,0.0,0.0,0.0,0.0,0.0,0.0,0.0,0.0,0.0
3,0,1.0,0.0,0.0,0.0,0.0,0.0,0.0,0.0,0.0,0.0,0.0
3,0,1.0,0.0,0.0,0.0,0.0,0.0,0.0,0.0,0.0,0.0,0.0
3,0,1.0,0.0,0.0,0.0,0.0,0.0,0.0,0.0,0.0,0.0,0.0
3,0,1.0,0.0,0.0,0.0,0.0,0.0,0.0,0.0,0.0,0.0,0.0
3,0,1.0,0.0,0.0,0.0,0.0,0.0,0.0,0.0,0.0,0.0,0.0
3,0,1.0,0.0,0.0,0.0,0.0,0.0,0.0,0.0,0.0,0.0,0.0
3,0,1.0,0.0,0.0,0.0,0.0,0.0,0.0,0.0,0.0,0.0,0.0
3,0,1.0,0.0,0.0,0.0,0.0,0.0,0.0,0.0,0.0,0.0,0.0
3,0,1.0,0.0,0.0,0.0,0.0,0.0,0.0,0.0,0.0,0.0,0.0
3,0,1.0,0.0,0.0,0.0,0.0,0.0,0.0,0.0,0.0,0.0,0.0
3,0,1.0,0.0,0.0,0.0,0.0,0.0,0.0,0.0,0.0,0.0,0.0
3,0,1.0,0.0,0.0,0.0,0.0,0.0,0.0,0.0,0.0,0.0,0.0
3,0,1.0,0.0,0.0,0.0,0.0,0.0,0.0,0.0,0.0,0.0,0.0
3,0,1.0,0.0,0.0,0.0,0.0,0.0,0.0,0.0,0.0,0.0,0.0
3,0,1.0,0.0,0.0,0.0,0.0,0.0,0.0,0.0,0.0,0.0,0.0
3,0,1.0,0.0,0.0,0.0,0.0,0.0,0.0,0.0,0.0,0.0,0.0
3,0,1.0,0.0,0.0,0.0,0.0,0.0,0.0,0.0,0.0,0.0,0.0
3,0,1.0,0.0,0.0,0.0,0.0,0.0,0.0,0.0,0.0,0.0,0.0
3,0,1.0,0.0,0.0,0.0,0.0,0.0,0.0,0.0,0.0,0.0,0.0
3,0,1.0,0.0,0.0,0.0,0.0,0.0,0.0,0.0,0.0,0.0,0.0
3,0,1.0,0.0,0.0,0.0,0.0,0.0,0.0,0.0,0.0,0.0,0.0
3,0,1.0,0.0,0.0,0.0,0.0,0.0,0.0,0.0,0.0,0.0,0.0
3,0,1.0,0.0,0.0,0.0,0.0,0.0,0.0,0.0,0.0,0.0,0.0
3,0,1.0,0.0,0.0,0.0,0.0,0.0,0.0,0.0,0.0,0.0,0.0
3,0,1.0,0.0,0.0,0.0,0.0,0.0,0.0,0.0,0.0,0.0,0.0
3,0,1.0,0.0,0.0,0.0,0.0,0.0,0.0,0.0,0.0,0.0,0.0
3,0,1.0,0.0,0.0,0.0,0.0,0.0,0.0,0.0,0.0,0.0,0.0
3,0,1.0,0.0,0.0,0.0,0.0,0.0,0.0,0.0,0.0,0.0,0.0
3,0,1.0,0.0,0.0,0.0,0.0,0.0,0.0,0.0,0.0,0.0,0.0
3,0,1.0,0.0,0.0,0.0,0.0,0.0,0.0,0.0,0.0,0.0,0.0
3,0,1.0,0.0,0.0,0.0,0.0,0.0,0.0,0.0,0.0,0.0,0.0
3,0,1.0,0.0,0.0,0.0,0.0,0.0,0.0,0.0,0.0,0.0,0.0
3,0,1.0,0.0,0.0,0.0,0.0,0.0,0.0,0.0,0.0,0.0,0.0
3,0,1.0,0.0,0.0,0.0,0.0,0.0,0.0,0.0,0.0,0.0,0.0
3,0,1.0,0.0,0.0,0.0,0.0,0.0,0.0,0.0,0.0,0.0,0.0
3,0,1.0,0.0,0.0,0.0,0.0,0.0,0.0,0.0,0.0,0.0,0.0
3,0,1.0,0.0,0.0,0.0,0.0,0.0,0.0,0.0,0.0,0.0,0.0
3,0,1.0,0.0,0.0,0.0,0.0,0.0,0.0,0.0,0.0,0.0,0.0
3,0,1.0,0.0,0.0,0.0,0.0,0.0,0.0,0.0,0.0,0.0,0.0
3,0,1.0,0.0,0.0,0.0,0.0,0.0,0.0,0.0,0.0,0.0,0.0
3,0,1.0,0.0,0.0,0.0,0.0,0.0,0.0,0.0,0.0,0.0,0.0
3,0,1.0,0.0,0.0,0.0,0.0,0.0,0.0,0.0,0.0,0.0,0.0
3,0,1.0,0.0,0.0,0.0,0.0,0.0,0.0,0.0,0.0,0.0,0.0
3,0,1.0,0.0,0.0,0.0,0.0,0.0,0.0,0.0,0.0,0.0,0.0
3,0,1.0,0.0,0.0,0.0,0.0,0.0,0.0,0.0,0.0,0.0,0.0
3,0,1.0,0.0,0.0,0.0,0.0,0.0,0.0,0.0,0.0,0.0,0.0
3,0,1.0,0.0,0.0,0.0,0.0,0.0,0.0,0.0,0.0,0.0,0.0
3,0,1.0,0.0,0.0,0.0,0.0,0.0,0.0,0.0,0.0,0.0,0.0
3,0,1.0,0.0,0.0,0.0,0.0,0.0,0.0,0.0,0.0,0.0,0.0
3,0,1.0,0.0,0.0,0.0,0.0,0.0,0.0,0.0,0.0,0.0,0.0
3,0,1.0,0.0,0.0,0.0,0.0,0.0,0.0,0.0,0.0,0.0,0.0
3,0,1.0,0.0,0.0,0.0,0.0,0.0,0.0,0.0,0.0,0.0,0.0
3,0,1.0,0.0,0.0,0.0,0.0,0.0,0.0,0.0,0.0,0.0,0.0
3,0,1.0,0.0,0.0,0.0,0.0,0.0,0.0,0.0,0.0,0.0,0.0
3,0,1.0,0.0,0.0,0.0,0.0,0.0,0.0,0.0,0.0,0.0,0.0
3,0,1.0,0.0,0.0,0.0,0.0,0.0,0.0,0.0,0.0,0.0,0.0
3,0,1.0,0.0,0.0,0.0,0.0,0.0,0.0,0.0,0.0,0.0,0.0
3,0,1.0,0.0,0.0,0.0,0.0,0.0,0.0,0.0,0.0,0.0,0.0
3,0,1.0,0.0,0.0,0.0,0.0,0.0,0.0,0.0,0.0,0.0,0.0
3,0,1.0,0.0,0.0,0.0,0.0,0.0,0.0,0.0,0.0,0.0,0.0
3,0,1.0,0.0,0.0,0.0,0.0,0.0,0.0,0.0,0.0,0.0,0.0
3,0,1.0,0.0,0.0,0.0,0.0,0.0,0.0,0.0,0.0,0.0,0.0
3,0,1.0,0.0,0.0,0.0,0.0,0.0,0.0,0.0,0.0,0.0,0.0
3,0,1.0,0.0,0.0,0.0,0.0,0.0,0.0,0.0,0.0,0.0,0.0
3,0,1.0,0.0,0.0,0.0,0.0,0.0,0.0,0.0,0.0,0.0,0.0
3,0,1.0,0.0,0.0,0.0,0.0,0.0,0.0,0.0,0.0,0.0,0.0
3,0,1.0,0.0,0.0,0.0,0.0,0.0,0.0,0.0,0.0,0.0,0.0
3,0,1.0,0.0,0.0,0.0,0.0,0.0,0.0,0.0,0.0,0.0,0.0
3,0,1.0,0.0,0.0,0.0,0.0,0.0,0.0,0.0,0.0,0.0,0.0
3,0,1.0,0.0,0.0,0.0,0.0,0.0,0.0,0.0,0.0,0.0,0.0
3,0,1.0,0.0,0.0,0.0,0.0,0.0,0.0,0.0,0.0,0.0,0.0
3,0,1.0,0.0,0.0,0.0,0.0,0.0,0.0,0.0,0.0,0.0,0.0
3,0,1.0,0.0,0.0,0.0,0.0,0.0,0.0,0.0,0.0,0.0,0.0
3,0,1.0,0.0,0.0,0.0,0.0,0.0,0.0,0.0,0.0,0.0,0.0
3,0,1.0,0.0,0.0,0.0,0.0,0.0,0.0,0.0,0.0,0.0,0.0
3,0,1.0,0.0,0.0,0.0,0.0,0.0,0.0,0.0,0.0,0.0,0.0
3,0,1.0,0.0,0.0,0.0,0.0,0.0,0.0,0.0,0.0,0.0,0.0
3,0,1.0,0.0,0.0,0.0,0.0,0.0,0.0,0.0,0.0,0.0,0.0
3,0,1.0,0.0,0.0,0.0,0.0,0.0,0.0,0.0,0.0,0.0,0.0
3,0,1.0,0.0,0.0,0.0,0.0,0.0,0.0,0.0,0.0,0.0,0.0
3,0,1.0,0.0,0.0,0.0,0.0,0.0,0.0,0.0,0.0,0.0,0.0
3,0,1.0,0.0,0.0,0.0,0.0,0.0,0.0,0.0,0.0,0.0,0.0
3,0,1.0,0.0,0.0,0.0,0.0,0.0,0.0,0.0,0.0,0.0,0.0
3,0,1.0,0.0,0.0,0.0,0.0,0.0,0.0,0.0,0.0,0.0,0.0
3,0,1.0,0.0,0.0,0.0,0.0,0.0,0.0,0.0,0.0,0.0,0.0
3,0,1.0,0.0,0.0,0.0,0.0,0.0,0.0,0.0,0.0,0.0,0.0
3,0,1.0,0.0,0.0,0.0,0.0,0.0,0.0,0.0,0.0,0.0,0.0
3,0,1.0,0.0,0.0,0.0,0.0,0.0,0.0,0.0,0.0,0.0,0.0
3,0,1.0,0.0,0.0,0.0,0.0,0.0,0.0,0.0,0.0,0.0,0.0
3,0,1.0,0.0,0.0,0.0,0.0,0.0,0.0,0.0,0.0,0.0,0.0
3,0,1.0,0.0,0.0,0.0,0.0,0.0,0.0,0.0,0.0,0.0,0.0
3,0,1.0,0.0,0.0,0.0,0.0,0.0,0.0,0.0,0.0,0.0,0.0
3,0,1.0,0.0,0.0,0.0,0.0,0.0,0.0,0.0,0.0,0.0,0.0
3,0,1.0,0.0,0.0,0.0,0.0,0.0,0.0,0.0,0.0,0.0,0.0
3,0,1.0,0.0,0.0,0.0,0.0,0.0,0.0,0.0,0.0,0.0,0.0
3,0,1.0,0.0,0.0,0.0,0.0,0.0,0.0,0.0,0.0,0.0,0.0
3,0,1.0,0.0,0.0,0.0,0.0,0.0,0.0,0.0,0.0,0.0,0.0
3,0,1.0,0.0,0.0,0.0,0.0,0.0,0.0,0.0,0.0,0.0,0.0
3,0,1.0,0.0,0.0,0.0,0.0,0.0,0.0,0.0,0.0,0.0,0.0
3,0,1.0,0.0,0.0,0.0,0.0,0.0,0.0,0.0,0.0,0.0,0.0
3,0,1.0,0.0,0.0,0.0,0.0,0.0,0.0,0.0,0.0,0.0,0.0
3,0,1.0,0.0,0.0,0.0,0.0,0.0,0.0,0.0,0.0,0.0,0.0
3,0,1.0,0.0,0.0,0.0,0.0,0.0,0.0,0.0,0.0,0.0,0.0
3,0,1.0,0.0,0.0,0.0,0.0,0.0,0.0,0.0,0.0,0.0,0.0
3,0,1.0,0.0,0.0,0.0,0.0,0.0,0.0,0.0,0.0,0.0,0.0
3,0,1.0,0.0,0.0,0.0,0.0,0.0,0.0,0.0,0.0,0.0,0.0
3,0,1.0,0.0,0.0,0.0,0.0,0.0,0.0,0.0,0.0,0.0,0.0
3,0,1.0,0.0,0.0,0.0,0.0,0.0,0.0,0.0,0.0,0.0,0.0
3,0,1.0,0.0,0.0,0.0,0.0,0.0,0.0,0.0,0.0,0.0,0.0
3,0,1.0,0.0,0.0,0.0,0.0,0.0,0.0,0.0,0.0,0.0,0.0
3,0,1.0,0.0,0.0,0.0,0.0,0.0,0.0,0.0,0.0,0.0,0.0
3,0,1.0,0.0,0.0,0.0,0.0,0.0,0.0,0.0,0.0,0.0,0.0
3,0,1.0,0.0,0.0,0.0,0.0,0.0,0.0,0.0,0.0,0.0,0.0
3,0,1.0,0.0,0.0,0.0,0.0,0.0,0.0,0.0,0.0,0.0,0.0
3,0,1.0,0.0,0.0,0.0,0.0,0.0,0.0,0.0,0.0,0.0,0.0
3,0,1.0,0.0,0.0,0.0,0.0,0.0,0.0,0.0,0.0,0.0,0.0
3,0,1.0,0.0,0.0,0.0,0.0,0.0,0.0,0.0,0.0,0.0,0.0
3,0,1.0,0.0,0.0,0.0,0.0,0.0,0.0,0.0,0.0,0.0,0.0
3,0,1.0,0.0,0.0,0.0,0.0,0.0,0.0,0.0,0.0,0.0,0.0
3,0,1.0,0.0,0.0,0.0,0.0,0.0,0.0,0.0,0.0,0.0,0.0
3,0,1.0,0.0,0.0,0.0,0.0,0.0,0.0,0.0,0.0,0.0,0.0
3,0,1.0,0.0,0.0,0.0,0.0,0.0,0.0,0.0,0.0,0.0,0.0
3,0,1.0,0.0,0.0,0.0,0.0,0.0,0.0,0.0,0.0,0.0,0.0
3,0,1.0,0.0,0.0,0.0,0.0,0.0,0.0,0.0,0.0,0.0,0.0
3,0,1.0,0.0,0.0,0.0,0.0,0.0,0.0,0.0,0.0,0.0,0.0
3,0,1.0,0.0,0.0,0.0,0.0,0.0,0.0,0.0,0.0,0.0,0.0
3,0,1.0,0.0,0.0,0.0,0.0,0.0,0.0,0.0,0.0,0.0,0.0
3,0,1.0,0.0,0.0,0.0,0.0,0.0,0.0,0.0,0.0,0.0,0.0
3,0,1.0,0.0,0.0,0.0,0.0,0.0,0.0,0.0,0.0,0.0,0.0
3,0,1.0,0.0,0.0,0.0,0.0,0.0,0.0,0.0,0.0,0.0,0.0
3,0,1.0,0.0,0.0,0.0,0.0,0.0,0.0,0.0,0.0,0.0,0.0
3,0,1.0,0.0,0.0,0.0,0.0,0.0,0.0,0.0,0.0,0.0,0.0
3,0,1.0,0.0,0.0,0.0,0.0,0.0,0.0,0.0,0.0,0.0,0.0
3,0,1.0,0.0,0.0,0.0,0.0,0.0,0.0,0.0,0.0,0.0,0.0
3,0,1.0,0.0,0.0,0.0,0.0,0.0,0.0,0.0,0.0,0.0,0.0
3,0,1.0,0.0,0.0,0.0,0.0,0.0,0.0,0.0,0.0,0.0,0.0
3,0,1.0,0.0,0.0,0.0,0.0,0.0,0.0,0.0,0.0,0.0,0.0
3,0,1.0,0.0,0.0,0.0,0.0,0.0,0.0,0.0,0.0,0.0,0.0
3,0,1.0,0.0,0.0,0.0,0.0,0.0,0.0,0.0,0.0,0.0,0.0
3,0,1.0,0.0,0.0,0.0,0.0,0.0,0.0,0.0,0.0,0.0,0.0
3,0,1.0,0.0,0.0,0.0,0.0,0.0,0.0,0.0,0.0,0.0,0.0
3,0,1.0,0.0,0.0,0.0,0.0,0.0,0.0,0.0,0.0,0.0,0.0
3,0,1.0,0.0,0.0,0.0,0.0,0.0,0.0,0.0,0.0,0.0,0.0
3,0,1.0,0.0,0.0,0.0,0.0,0.0,0.0,0.0,0.0,0.0,0.0
3,0,1.0,0.0,0.0,0.0,0.0,0.0,0.0,0.0,0.0,0.0,0.0
3,0,1.0,0.0,0.0,0.0,0.0,0.0,0.0,0.0,0.0,0.0,0.0
3,0,1.0,0.0,0.0,0.0,0.0,0.0,0.0,0.0,0.0,0.0,0.0
3,0,1.0,0.0,0.0,0.0,0.0,0.0,0.0,0.0,0.0,0.0,0.0
3,0,1.0,0.0,0.0,0.0,0.0,0.0,0.0,0.0,0.0,0.0,0.0
3,0,1.0,0.0,0.0,0.0,0.0,0.0,0.0,0.0,0.0,0.0,0.0
3,0,1.0,0.0,0.0,0.0,0.0,0.0,0.0,0.0,0.0,0.0,0.0
3,0,1.0,0.0,0.0,0.0,0.0,0.0,0.0,0.0,0.0,0.0,0.0
3,0,1.0,0.0,0.0,0.0,0.0,0.0,0.0,0.0,0.0,0.0,0.0
3,0,1.0,0.0,0.0,0.0,0.0,0.0,0.0,0.0,0.0,0.0,0.0
3,0,1.0,0.0,0.0,0.0,0.0,0.0,0.0,0.0,0.0,0.0,0.0
3,0,1.0,0.0,0.0,0.0,0.0,0.0,0.0,0.0,0.0,0.0,0.0
3,0,1.0,0.0,0.0,0.0,0.0,0.0,0.0,0.0,0.0,0.0,0.0
3,0,1.0,0.0,0.0,0.0,0.0,0.0,0.0,0.0,0.0,0.0,0.0
3,0,1.0,0.0,0.0,0.0,0.0,0.0,0.0,0.0,0.0,0.0,0.0
3,0,1.0,0.0,0.0,0.0,0.0,0.0,0.0,0.0,0.0,0.0,0.0
3,0,1.0,0.0,0.0,0.0,0.0,0.0,0.0,0.0,0.0,0.0,0.0
3,0,1.0,0.0,0.0,0.0,0.0,0.0,0.0,0.0,0.0,0.0,0.0
3,0,1.0,0.0,0.0,0.0,0.0,0.0,0.0,0.0,0.0,0.0,0.0
3,0,1.0,0.0,0.0,0.0,0.0,0.0,0.0,0.0,0.0,0.0,0.0
3,0,1.0,0.0,0.0,0.0,0.0,0.0,0.0,0.0,0.0,0.0,0.0
3,0,1.0,0.0,0.0,0.0,0.0,0.0,0.0,0.0,0.0,0.0,0.0
3,0,1.0,0.0,0.0,0.0,0.0,0.0,0.0,0.0,0.0,0.0,0.0
3,0,1.0,0.0,0.0,0.0,0.0,0.0,0.0,0.0,0.0,0.0,0.0
3,0,1.0,0.0,0.0,0.0,0.0,0.0,0.0,0.0,0.0,0.0,0.0
3,0,1.0,0.0,0.0,0.0,0.0,0.0,0.0,0.0,0.0,0.0,0.0
3,0,1.0,0.0,0.0,0.0,0.0,0.0,0.0,0.0,0.0,0.0,0.0
3,0,1.0,0.0,0.0,0.0,0.0,0.0,0.0,0.0,0.0,0.0,0.0
3,0,1.0,0.0,0.0,0.0,0.0,0.0,0.0,0.0,0.0,0.0,0.0
3,0,1.0,0.0,0.0,0.0,0.0,0.0,0.0,0.0,0.0,0.0,0.0
3,0,1.0,0.0,0.0,0.0,0.0,0.0,0.0,0.0,0.0,0.0,0.0
3,0,1.0,0.0,0.0,0.0,0.0,0.0,0.0,0.0,0.0,0.0,0.0
3,0,1.0,0.0,0.0,0.0,0.0,0.0,0.0,0.0,0.0,0.0,0.0
3,0,1.0,0.0,0.0,0.0,0.0,0.0,0.0,0.0,0.0,0.0,0.0
3,0,1.0,0.0,0.0,0.0,0.0,0.0,0.0,0.0,0.0,0.0,0.0
3,0,1.0,0.0,0.0,0.0,0.0,0.0,0.0,0.0,0.0,0.0,0.0
3,0,1.0,0.0,0.0,0.0,0.0,0.0,0.0,0.0,0.0,0.0,0.0
3,0,1.0,0.0,0.0,0.0,0.0,0.0,0.0,0.0,0.0,0.0,0.0
3,0,1.0,0.0,0.0,0.0,0.0,0.0,0.0,0.0,0.0,0.0,0.0
3,0,1.0,0.0,0.0,0.0,0.0,0.0,0.0,0.0,0.0,0.0,0.0
3,0,1.0,0.0,0.0,0.0,0.0,0.0,0.0,0.0,0.0,0.0,0.0
3,0,1.0,0.0,0.0,0.0,0.0,0.0,0.0,0.0,0.0,0.0,0.0
3,0,1.0,0.0,0.0,0.0,0.0,0.0,0.0,0.0,0.0,0.0,0.0
3,0,1.0,0.0,0.0,0.0,0.0,0.0,0.0,0.0,0.0,0.0,0.0
3,0,1.0,0.0,0.0,0.0,0.0,0.0,0.0,0.0,0.0,0.0,0.0
3,0,1.0,0.0,0.0,0.0,0.0,0.0,0.0,0.0,0.0,0.0,0.0
3,0,1.0,0.0,0.0,0.0,0.0,0.0,0.0,0.0,0.0,0.0,0.0
3,0,1.0,0.0,0.0,0.0,0.0,0.0,0.0,0.0,0.0,0.0,0.0
3,0,1.0,0.0,0.0,0.0,0.0,0.0,0.0,0.0,0.0,0.0,0.0
3,0,1.0,0.0,0.0,0.0,0.0,0.0,0.0,0.0,0.0,0.0,0.0
3,0,1.0,0.0,0.0,0.0,0.0,0.0,0.0,0.0,0.0,0.0,0.0
3,0,1.0,0.0,0.0,0.0,0.0,0.0,0.0,0.0,0.0,0.0,0.0
3,0,1.0,0.0,0.0,0.0,0.0,0.0,0.0,0.0,0.0,0.0,0.0
3,0,1.0,0.0,0.0,0.0,0.0,0.0,0.0,0.0,0.0,0.0,0.0
3,0,1.0,0.0,0.0,0.0,0.0,0.0,0.0,0.0,0.0,0.0,0.0
3,0,1.0,0.0,0.0,0.0,0.0,0.0,0.0,0.0,0.0,0.0,0.0
3,0,1.0,0.0,0.0,0.0,0.0,0.0,0.0,0.0,0.0,0.0,0.0
3,0,1.0,0.0,0.0,0.0,0.0,0.0,0.0,0.0,0.0,0.0,0.0
3,0,1.0,0.0,0.0,0.0,0.0,0.0,0.0,0.0,0.0,0.0,0.0
3,0,1.0,0.0,0.0,0.0,0.0,0.0,0.0,0.0,0.0,0.0,0.0
3,0,1.0,0.0,0.0,0.0,0.0,0.0,0.0,0.0,0.0,0.0,0.0
3,0,1.0,0.0,0.0,0.0,0.0,0.0,0.0,0.0,0.0,0.0,0.0
3,0,1.0,0.0,0.0,0.0,0.0,0.0,0.0,0.0,0.0,0.0,0.0
3,0,1.0,0.0,0.0,0.0,0.0,0.0,0.0,0.0,0.0,0.0,0.0
3,0,1.0,0.0,0.0,0.0,0.0,0.0,0.0,0.0,0.0,0.0,0.0
3,0,1.0,0.0,0.0,0.0,0.0,0.0,0.0,0.0,0.0,0.0,0.0
3,0,1.0,0.0,0.0,0.0,0.0,0.0,0.0,0.0,0.0,0.0,0.0
3,0,1.0,0.0,0.0,0.0,0.0,0.0,0.0,0.0,0.0,0.0,0.0
3,0,1.0,0.0,0.0,0.0,0.0,0.0,0.0,0.0,0.0,0.0,0.0
3,0,1.0,0.0,0.0,0.0,0.0,0.0,0.0,0.0,0.0,0.0,0.0
3,0,1.0,0.0,0.0,0.0,0.0,0.0,0.0,0.0,0.0,0.0,0.0
3,0,1.0,0.0,0.0,0.0,0.0,0.0,0.0,0.0,0.0,0.0,0.0
3,0,1.0,0.0,0.0,0.0,0.0,0.0,0.0,0.0,0.0,0.0,0.0
3,0,1.0,0.0,0.0,0.0,0.0,0.0,0.0,0.0,0.0,0.0,0.0
3,0,1.0,0.0,0.0,0.0,0.0,0.0,0.0,0.0,0.0,0.0,0.0
3,0,1.0,0.0,0.0,0.0,0.0,0.0,0.0,0.0,0.0,0.0,0.0
3,0,1.0,0.0,0.0,0.0,0.0,0.0,0.0,0.0,0.0,0.0,0.0
3,0,1.0,0.0,0.0,0.0,0.0,0.0,0.0,0.0,0.0,0.0,0.0
3,0,1.0,0.0,0.0,0.0,0.0,0.0,0.0,0.0,0.0,0.0,0.0
3,0,1.0,0.0,0.0,0.0,0.0,0.0,0.0,0.0,0.0,0.0,0.0
3,0,1.0,0.0,0.0,0.0,0.0,0.0,0.0,0.0,0.0,0.0,0.0
3,0,1.0,0.0,0.0,0.0,0.0,0.0,0.0,0.0,0.0,0.0,0.0
3,0,1.0,0.0,0.0,0.0,0.0,0.0,0.0,0.0,0.0,0.0,0.0
3,0,1.0,0.0,0.0,0.0,0.0,0.0,0.0,0.0,0.0,0.0,0.0
3,0,1.0,0.0,0.0,0.0,0.0,0.0,0.0,0.0,0.0,0.0,0.0
3,0,1.0,0.0,0.0,0.0,0.0,0.0,0.0,0.0,0.0,0.0,0.0
3,0,1.0,0.0,0.0,0.0,0.0,0.0,0.0,0.0,0.0,0.0,0.0
3,0,1.0,0.0,0.0,0.0,0.0,0.0,0.0,0.0,0.0,0.0,0.0
3,0,1.0,0.0,0.0,0.0,0.0,0.0,0.0,0.0,0.0,0.0,0.0
3,0,1.0,0.0,0.0,0.0,0.0,0.0,0.0,0.0,0.0,0.0,0.0
3,0,0.9375,0.0,0.0,0.0,0.0,0.0625,0.0,0.0,0.0,0.0,0.0
3,0,0.9375,0.0,0.0,0.0,0.0,0.0625,0.0,0.0,0.0,0.0,0.0
3,0,0.9375,0.0,0.0,0.0,0.0,0.0625,0.0,0.0,0.0,0.0,0.0
3,0,0.9375,0.0,0.0,0.0,0.0,0.0625,0.0,0.0,0.0,0.0,0.0
3,0,0.9375,0.0,0.0,0.0,0.0,0.0625,0.0,0.0,0.0,0.0,0.0
3,0,0.9375,0.0,0.0,0.0,0.0,0.0625,0.0,0.0,0.0,0.0,0.0
3,0,0.9375,0.0,0.0,0.0,0.0,0.0625,0.0,0.0,0.0,0.0,0.0
3,0,0.9375,0.0,0.0,0.0,0.0,0.0625,0.0,0.0,0.0,0.0,0.0
3,0,0.9375,0.0,0.0,0.0,0.0,0.0625,0.0,0.0,0.0,0.0,0.0
3,0,0.9375,0.0,0.0,0.0,0.0,0.0625,0.0,0.0,0.0,0.0,0.0
3,0,0.9375,0.0,0.0,0.0,0.0,0.0625,0.0,0.0,0.0,0.0,0.0
3,0,0.9375,0.0,0.0,0.0,0.0,0.0625,0.0,0.0,0.0,0.0,0.0
3,0,0.9375,0.0,0.0,0.0,0.0,0.0625,0.0,0.0,0.0,0.0,0.0
3,0,0.9375,0.0,0.0,0.0,0.0,0.0625,0.0,0.0,0.0,0.0,0.0
3,0,0.9375,0.0,0.0,0.0,0.0,0.0625,0.0,0.0,0.0,0.0,0.0
3,0,0.9375,0.0,0.0,0.0,0.0,0.0625,0.0,0.0,0.0,0.0,0.0
3,0,0.9375,0.0,0.0,0.0,0.0,0.0625,0.0,0.0,0.0,0.0,0.0
3,0,0.9375,0.0,0.0,0.0,0.0,0.0625,0.0,0.0,0.0,0.0,0.0
3,0,0.9375,0.0,0.0,0.0,0.0,0.0625,0.0,0.0,0.0,0.0,0.0
3,0,0.9375,0.0,0.0,0.0,0.0,0.0625,0.0,0.0,0.0,0.0,0.0
3,0,0.9375,0.0,0.0,0.0,0.0,0.0625,0.0,0.0,0.0,0.0,0.0
3,0,0.9375,0.0,0.0,0.0,0.0,0.0625,0.0,0.0,0.0,0.0,0.0
3,0,0.9375,0.0,0.0,0.0,0.0,0.0625,0.0,0.0,0.0,0.0,0.0
3,0,0.9375,0.0,0.0,0.0,0.0,0.0625,0.0,0.0,0.0,0.0,0.0
3,0,0.9375,0.0,0.0,0.0,0.0,0.0625,0.0,0.0,0.0,0.0,0.0
3,0,0.9375,0.0,0.0,0.0,0.0,0.0625,0.0,0.0,0.0,0.0,0.0
3,0,0.9375,0.0,0.0,0.0,0.0,0.0625,0.0,0.0,0.0,0.0,0.0
3,0,0.9375,0.0,0.0,0.0,0.0,0.0625,0.0,0.0,0.0,0.0,0.0
3,0,0.9375,0.0,0.0,0.0,0.0,0.0625,0.0,0.0,0.0,0.0,0.0
3,0,0.9375,0.0,0.0,0.0,0.0,0.0625,0.0,0.0,0.0,0.0,0.0
3,0,0.9375,0.0,0.0,0.0,0.0,0.0625,0.0,0.0,0.0,0.0,0.0
3,0,0.9375,0.0,0.0,0.0,0.0,0.0625,0.0,0.0,0.0,0.0,0.0
3,0,0.9375,0.0,0.0,0.0,0.0,0.0625,0.0,0.0,0.0,0.0,0.0
3,0,0.9375,0.0,0.0,0.0,0.0,0.0625,0.0,0.0,0.0,0.0,0.0
3,0,0.9375,0.0,0.0,0.0,0.0,0.0625,0.0,0.0,0.0,0.0,0.0
3,0,0.9375,0.0,0.0,0.0,0.0,0.0625,0.0,0.0,0.0,0.0,0.0
3,0,0.9375,0.0,0.0,0.0,0.0,0.0625,0.0,0.0,0.0,0.0,0.0
3,0,0.9375,0.0,0.0,0.0,0.0,0.0625,0.0,0.0,0.0,0.0,0.0
3,0,0.9375,0.0,0.0,0.0,0.0,0.0625,0.0,0.0,0.0,0.0,0.0
3,0,0.9375,0.0,0.0,0.0,0.0,0.0625,0.0,0.0,0.0,0.0,0.0
3,0,0.9375,0.0,0.0,0.0,0.0,0.0625,0.0,0.0,0.0,0.0,0.0
3,0,0.9375,0.0,0.0,0.0,0.0,0.0625,0.0,0.0,0.0,0.0,0.0
3,0,0.9375,0.0,0.0,0.0,0.0,0.0625,0.0,0.0,0.0,0.0,0.0
3,0,0.9375,0.0,0.0,0.0,0.0,0.0625,0.0,0.0,0.0,0.0,0.0
3,0,0.9375,0.0,0.0,0.0,0.0,0.0625,0.0,0.0,0.0,0.0,0.0
3,0,0.9375,0.0,0.0,0.0,0.0,0.0625,0.0,0.0,0.0,0.0,0.0
3,0,0.9375,0.0,0.0,0.0,0.0,0.0625,0.0,0.0,0.0,0.0,0.0
3,0,0.9375,0.0,0.0,0.0,0.0,0.0625,0.0,0.0,0.0,0.0,0.0
3,0,0.9375,0.0,0.0,0.0,0.0,0.0625,0.0,0.0,0.0,0.0,0.0
3,0,0.9375,0.0,0.0,0.0,0.0,0.0625,0.0,0.0,0.0,0.0,0.0
3,0,0.9375,0.0,0.0,0.0,0.0,0.0625,0.0,0.0,0.0,0.0,0.0
3,0,0.9375,0.0,0.0,0.0,0.0,0.0625,0.0,0.0,0.0,0.0,0.0
3,0,0.9375,0.0,0.0,0.0,0.0,0.0625,0.0,0.0,0.0,0.0,0.0
3,0,0.9375,0.0,0.0,0.0,0.0,0.0625,0.0,0.0,0.0,0.0,0.0
3,0,0.9375,0.0,0.0,0.0,0.0,0.0625,0.0,0.0,0.0,0.0,0.0
3,0,0.9375,0.0,0.0,0.0,0.0,0.0625,0.0,0.0,0.0,0.0,0.0
3,0,0.9375,0.0,0.0,0.0,0.0,0.0625,0.0,0.0,0.0,0.0,0.0
3,0,0.9375,0.0,0.0,0.0,0.0,0.0625,0.0,0.0,0.0,0.0,0.0
3,0,0.9375,0.0,0.0,0.0,0.0,0.0625,0.0,0.0,0.0,0.0,0.0
3,0,0.9375,0.0,0.0,0.0,0.0,0.0625,0.0,0.0,0.0,0.0,0.0
3,0,0.9375,0.0,0.0,0.0,0.0,0.0625,0.0,0.0,0.0,0.0,0.0
3,0,0.9375,0.0,0.0,0.0,0.0,0.0625,0.0,0.0,0.0,0.0,0.0
3,0,0.9375,0.0,0.0,0.0,0.0,0.0625,0.0,0.0,0.0,0.0,0.0
3,0,0.9375,0.0,0.0,0.0,0.0,0.0625,0.0,0.0,0.0,0.0,0.0
3,0,0.9375,0.0,0.0,0.0,0.0,0.0625,0.0,0.0,0.0,0.0,0.0
3,0,0.9375,0.0,0.0,0.0,0.0,0.0625,0.0,0.0,0.0,0.0,0.0
3,0,0.9375,0.0,0.0,0.0,0.0,0.0625,0.0,0.0,0.0,0.0,0.0
3,0,0.9375,0.0,0.0,0.0,0.0,0.0625,0.0,0.0,0.0,0.0,0.0
3,0,0.9375,0.0,0.0,0.0,0.0,0.0625,0.0,0.0,0.0,0.0,0.0
3,0,0.9375,0.0,0.0,0.0,0.0,0.0625,0.0,0.0,0.0,0.0,0.0
3,0,0.9375,0.0,0.0,0.0,0.0,0.0625,0.0,0.0,0.0,0.0,0.0
3,0,0.9375,0.0,0.0,0.0,0.0,0.0625,0.0,0.0,0.0,0.0,0.0
3,0,0.9375,0.0,0.0,0.0,0.0,0.0625,0.0,0.0,0.0,0.0,0.0
3,0,0.9375,0.0,0.0,0.0,0.0,0.0625,0.0,0.0,0.0,0.0,0.0
3,0,0.9375,0.0,0.0,0.0,0.0,0.0625,0.0,0.0,0.0,0.0,0.0
3,0,0.9375,0.0,0.0,0.0,0.0,0.0625,0.0,0.0,0.0,0.0,0.0
3,0,0.9375,0.0,0.0,0.0,0.0,0.0625,0.0,0.0,0.0,0.0,0.0
3,0,0.9375,0.0,0.0,0.0,0.0,0.0625,0.0,0.0,0.0,0.0,0.0
3,0,0.9375,0.0,0.0,0.0,0.0,0.0625,0.0,0.0,0.0,0.0,0.0
3,0,0.9375,0.0,0.0,0.0,0.0,0.0625,0.0,0.0,0.0,0.0,0.0
3,0,0.9375,0.0,0.0,0.0,0.0,0.0625,0.0,0.0,0.0,0.0,0.0
3,0,0.9375,0.0,0.0,0.0,0.0,0.0625,0.0,0.0,0.0,0.0,0.0
3,0,0.9375,0.0,0.0,0.0,0.0,0.0625,0.0,0.0,0.0,0.0,0.0
3,0,0.9375,0.0,0.0,0.0,0.0,0.0625,0.0,0.0,0.0,0.0,0.0
3,0,0.9375,0.0,0.0,0.0,0.0,0.0625,0.0,0.0,0.0,0.0,0.0
3,0,0.9375,0.0,0.0,0.0,0.0,0.0625,0.0,0.0,0.0,0.0,0.0
3,0,0.9375,0.0,0.0,0.0,0.0,0.0625,0.0,0.0,0.0,0.0,0.0
3,0,0.9375,0.0,0.0,0.0,0.0,0.0625,0.0,0.0,0.0,0.0,0.0
3,0,0.9375,0.0,0.0,0.0,0.0,0.0625,0.0,0.0,0.0,0.0,0.0
3,0,0.9375,0.0,0.0,0.0,0.0,0.0625,0.0,0.0,0.0,0.0,0.0
3,0,0.9375,0.0,0.0,0.0,0.0,0.0625,0.0,0.0,0.0,0.0,0.0
3,0,0.9375,0.0,0.0,0.0,0.0,0.0625,0.0,0.0,0.0,0.0,0.0
3,0,0.9375,0.0,0.0,0.0,0.0,0.0625,0.0,0.0,0.0,0.0,0.0
3,0,0.9375,0.0,0.0,0.0,0.0,0.0625,0.0,0.0,0.0,0.0,0.0
3,0,0.9375,0.0,0.0,0.0,0.0,0.0625,0.0,0.0,0.0,0.0,0.0
3,0,0.9375,0.0,0.0,0.0,0.0,0.0625,0.0,0.0,0.0,0.0,0.0
3,0,0.9375,0.0,0.0,0.0,0.0,0.0625,0.0,0.0,0.0,0.0,0.0
3,0,0.9375,0.0,0.0,0.0,0.0,0.0625,0.0,0.0,0.0,0.0,0.0
3,0,0.9375,0.0,0.0,0.0,0.0,0.0625,0.0,0.0,0.0,0.0,0.0
3,0,0.9375,0.0,0.0,0.0,0.0,0.0625,0.0,0.0,0.0,0.0,0.0
3,0,0.9375,0.0,0.0,0.0,0.0,0.0625,0.0,0.0,0.0,0.0,0.0
3,0,0.9375,0.0,0.0,0.0,0.0,0.0625,0.0,0.0,0.0,0.0,0.0
3,0,0.9375,0.0,0.0,0.0,0.0,0.0625,0.0,0.0,0.0,0.0,0.0
3,0,0.9375,0.0,0.0,0.0,0.0,0.0625,0.0,0.0,0.0,0.0,0.0
3,0,0.9375,0.0,0.0,0.0,0.0,0.0625,0.0,0.0,0.0,0.0,0.0
3,0,0.875,0.0,0.0,0.0625,0.0,0.0625,0.0,0.0,0.0,0.0,0.0
3,0,0.875,0.0,0.0,0.0625,0.0,0.0625,0.0,0.0,0.0,0.0,0.0
3,0,0.875,0.0,0.0,0.0625,0.0,0.0625,0.0,0.0,0.0,0.0,0.0
3,0,0.875,0.0,0.0,0.0625,0.0,0.0625,0.0,0.0,0.0,0.0,0.0
3,0,0.875,0.0,0.0,0.0625,0.0,0.0625,0.0,0.0,0.0,0.0,0.0
3,0,0.875,0.0,0.0,0.0625,0.0,0.0625,0.0,0.0,0.0,0.0,0.0
3,0,0.875,0.0,0.0,0.0625,0.0,0.0625,0.0,0.0,0.0,0.0,0.0
3,0,0.875,0.0,0.0,0.0625,0.0,0.0625,0.0,0.0,0.0,0.0,0.0
3,0,0.875,0.0,0.0,0.0625,0.0,0.0625,0.0,0.0,0.0,0.0,0.0
3,0,0.875,0.0,0.0,0.0625,0.0,0.0625,0.0,0.0,0.0,0.0,0.0
3,0,0.875,0.0,0.0,0.0625,0.0,0.0625,0.0,0.0,0.0,0.0,0.0
3,0,0.875,0.0,0.0,0.0625,0.0,0.0625,0.0,0.0,0.0,0.0,0.0
3,0,0.875,0.0,0.0,0.0625,0.0,0.0625,0.0,0.0,0.0,0.0,0.0
3,0,0.875,0.0,0.0,0.0625,0.0,0.0625,0.0,0.0,0.0,0.0,0.0
3,0,0.875,0.0,0.0,0.0625,0.0,0.0625,0.0,0.0,0.0,0.0,0.0
3,0,0.875,0.0,0.0,0.0625,0.0,0.0625,0.0,0.0,0.0,0.0,0.0
3,0,0.875,0.0,0.0,0.0625,0.0,0.0625,0.0,0.0,0.0,0.0,0.0
3,0,0.875,0.0,0.0,0.0625,0.0,0.0625,0.0,0.0,0.0,0.0,0.0
3,0,0.875,0.0,0.0,0.0625,0.0,0.0625,0.0,0.0,0.0,0.0,0.0
3,0,0.875,0.0,0.0,0.0625,0.0,0.0625,0.0,0.0,0.0,0.0,0.0
3,0,0.875,0.0,0.0,0.0625,0.0,0.0625,0.0,0.0,0.0,0.0,0.0
3,0,0.875,0.0,0.0,0.0625,0.0,0.0625,0.0,0.0,0.0,0.0,0.0
3,0,0.875,0.0,0.0,0.0625,0.0,0.0625,0.0,0.0,0.0,0.0,0.0
3,0,0.875,0.0,0.0,0.0625,0.0,0.0625,0.0,0.0,0.0,0.0,0.0
3,0,0.875,0.0,0.0,0.0625,0.0,0.0625,0.0,0.0,0.0,0.0,0.0
3,0,0.875,0.0,0.0,0.0625,0.0,0.0625,0.0,0.0,0.0,0.0,0.0
3,0,0.875,0.0,0.0,0.0625,0.0,0.0625,0.0,0.0,0.0,0.0,0.0
3,0,0.875,0.0,0.0,0.0625,0.0,0.0625,0.0,0.0,0.0,0.0,0.0
3,0,0.875,0.0,0.0,0.0625,0.0,0.0625,0.0,0.0,0.0,0.0,0.0
3,0,0.875,0.0,0.0,0.0625,0.0,0.0625,0.0,0.0,0.0,0.0,0.0
3,0,0.9375,0.0,0.0,0.0,0.0,0.0625,0.0,0.0,0.0,0.0,0.0
3,0,0.9375,0.0,0.0,0.0,0.0,0.0625,0.0,0.0,0.0,0.0,0.0
3,0,0.9375,0.0,0.0,0.0,0.0,0.0625,0.0,0.0,0.0,0.0,0.0
3,0,0.9375,0.0,0.0,0.0,0.0,0.0625,0.0,0.0,0.0,0.0,0.0
3,0,0.9375,0.0,0.0,0.0,0.0,0.0625,0.0,0.0,0.0,0.0,0.0
3,0,0.9375,0.0,0.0,0.0,0.0,0.0625,0.0,0.0,0.0,0.0,0.0
3,0,0.9375,0.0,0.0,0.0,0.0,0.0625,0.0,0.0,0.0,0.0,0.0
3,0,0.9375,0.0,0.0,0.0,0.0,0.0625,0.0,0.0,0.0,0.0,0.0
3,0,0.9375,0.0,0.0,0.0,0.0,0.0625,0.0,0.0,0.0,0.0,0.0
3,0,0.9375,0.0,0.0,0.0,0.0,0.0625,0.0,0.0,0.0,0.0,0.0
3,0,0.9375,0.0,0.0,0.0,0.0,0.0625,0.0,0.0,0.0,0.0,0.0
3,0,0.9375,0.0,0.0,0.0,0.0,0.0625,0.0,0.0,0.0,0.0,0.0
3,0,0.9375,0.0,0.0,0.0,0.0,0.0625,0.0,0.0,0.0,0.0,0.0
3,0,0.9375,0.0,0.0,0.0,0.0,0.0625,0.0,0.0,0.0,0.0,0.0
3,0,0.9375,0.0,0.0,0.0,0.0,0.0625,0.0,0.0,0.0,0.0,0.0
3,0,0.9375,0.0,0.0,0.0,0.0,0.0625,0.0,0.0,0.0,0.0,0.0
3,0,0.9375,0.0,0.0,0.0,0.0,0.0625,0.0,0.0,0.0,0.0,0.0
3,0,0.9375,0.0,0.0,0.0,0.0,0.0625,0.0,0.0,0.0,0.0,0.0
3,0,0.9375,0.0,0.0,0.0,0.0,0.0625,0.0,0.0,0.0,0.0,0.0
3,0,0.9375,0.0,0.0,0.0,0.0,0.0625,0.0,0.0,0.0,0.0,0.0
3,0,0.9375,0.0,0.0,0.0,0.0,0.0625,0.0,0.0,0.0,0.0,0.0
3,0,0.9375,0.0,0.0,0.0,0.0,0.0625,0.0,0.0,0.0,0.0,0.0
3,0,0.9375,0.0,0.0,0.0,0.0,0.0625,0.0,0.0,0.0,0.0,0.0
3,0,0.9375,0.0,0.0,0.0,0.0,0.0625,0.0,0.0,0.0,0.0,0.0
3,0,0.9375,0.0,0.0,0.0,0.0,0.0625,0.0,0.0,0.0,0.0,0.0
3,0,0.9375,0.0,0.0,0.0,0.0,0.0625,0.0,0.0,0.0,0.0,0.0
3,0,0.9375,0.0,0.0,0.0,0.0,0.0625,0.0,0.0,0.0,0.0,0.0
3,0,0.9375,0.0,0.0,0.0,0.0,0.0625,0.0,0.0,0.0,0.0,0.0
3,0,0.9375,0.0,0.0,0.0,0.0,0.0625,0.0,0.0,0.0,0.0,0.0
3,0,0.9375,0.0,0.0,0.0,0.0,0.0625,0.0,0.0,0.0,0.0,0.0
3,0,0.9375,0.0,0.0,0.0,0.0,0.0625,0.0,0.0,0.0,0.0,0.0
3,0,0.9375,0.0,0.0,0.0,0.0,0.0625,0.0,0.0,0.0,0.0,0.0
3,0,0.9375,0.0,0.0,0.0,0.0,0.0625,0.0,0.0,0.0,0.0,0.0
3,0,0.9375,0.0,0.0,0.0,0.0,0.0625,0.0,0.0,0.0,0.0,0.0
3,0,0.9375,0.0,0.0,0.0,0.0,0.0625,0.0,0.0,0.0,0.0,0.0
3,0,0.9375,0.0,0.0,0.0,0.0,0.0625,0.0,0.0,0.0,0.0,0.0
3,0,0.9375,0.0,0.0,0.0,0.0,0.0625,0.0,0.0,0.0,0.0,0.0
3,0,0.9375,0.0,0.0,0.0,0.0,0.0625,0.0,0.0,0.0,0.0,0.0
3,0,0.9375,0.0,0.0,0.0,0.0,0.0625,0.0,0.0,0.0,0.0,0.0
3,0,0.9375,0.0,0.0,0.0,0.0,0.0625,0.0,0.0,0.0,0.0,0.0
3,0,0.9375,0.0,0.0,0.0,0.0,0.0625,0.0,0.0,0.0,0.0,0.0
3,0,0.9375,0.0,0.0,0.0,0.0,0.0625,0.0,0.0,0.0,0.0,0.0
3,0,0.9375,0.0,0.0,0.0,0.0,0.0625,0.0,0.0,0.0,0.0,0.0
3,0,0.9375,0.0,0.0,0.0,0.0,0.0625,0.0,0.0,0.0,0.0,0.0
3,0,0.9375,0.0,0.0,0.0,0.0,0.0625,0.0,0.0,0.0,0.0,0.0
3,0,0.9375,0.0,0.0,0.0,0.0,0.0625,0.0,0.0,0.0,0.0,0.0
3,0,0.9375,0.0,0.0,0.0,0.0,0.0625,0.0,0.0,0.0,0.0,0.0
3,0,0.9375,0.0,0.0,0.0,0.0,0.0625,0.0,0.0,0.0,0.0,0.0
3,0,0.9375,0.0,0.0,0.0,0.0,0.0625,0.0,0.0,0.0,0.0,0.0
3,0,0.9375,0.0,0.0,0.0,0.0,0.0625,0.0,0.0,0.0,0.0,0.0
3,0,0.9375,0.0,0.0,0.0,0.0,0.0625,0.0,0.0,0.0,0.0,0.0
3,0,0.9375,0.0,0.0,0.0,0.0,0.0625,0.0,0.0,0.0,0.0,0.0
3,0,0.9375,0.0,0.0,0.0,0.0,0.0625,0.0,0.0,0.0,0.0,0.0
3,0,0.9375,0.0,0.0,0.0,0.0,0.0625,0.0,0.0,0.0,0.0,0.0
3,0,0.9375,0.0,0.0,0.0,0.0,0.0625,0.0,0.0,0.0,0.0,0.0
3,0,0.9375,0.0,0.0,0.0,0.0,0.0625,0.0,0.0,0.0,0.0,0.0
3,0,0.9375,0.0,0.0,0.0,0.0,0.0625,0.0,0.0,0.0,0.0,0.0
3,0,0.9375,0.0,0.0,0.0,0.0,0.0625,0.0,0.0,0.0,0.0,0.0
3,0,0.9375,0.0,0.0,0.0,0.0,0.0625,0.0,0.0,0.0,0.0,0.0
3,0,0.9375,0.0,0.0,0.0,0.0,0.0625,0.0,0.0,0.0,0.0,0.0
3,0,0.9375,0.0,0.0,0.0,0.0,0.0625,0.0,0.0,0.0,0.0,0.0
3,0,0.9375,0.0,0.0,0.0,0.0,0.0625,0.0,0.0,0.0,0.0,0.0
3,0,0.9375,0.0,0.0,0.0,0.0,0.0625,0.0,0.0,0.0,0.0,0.0
3,0,0.9375,0.0,0.0,0.0,0.0,0.0625,0.0,0.0,0.0,0.0,0.0
3,0,0.9375,0.0,0.0,0.0,0.0,0.0625,0.0,0.0,0.0,0.0,0.0
3,0,0.9375,0.0,0.0,0.0,0.0,0.0625,0.0,0.0,0.0,0.0,0.0
3,0,0.9375,0.0,0.0,0.0,0.0,0.0625,0.0,0.0,0.0,0.0,0.0
3,0,0.9375,0.0,0.0,0.0,0.0,0.0625,0.0,0.0,0.0,0.0,0.0
3,0,0.9375,0.0,0.0,0.0,0.0,0.0625,0.0,0.0,0.0,0.0,0.0
3,0,0.9375,0.0,0.0,0.0,0.0,0.0625,0.0,0.0,0.0,0.0,0.0
3,0,0.9375,0.0,0.0,0.0,0.0,0.0625,0.0,0.0,0.0,0.0,0.0
3,0,0.9375,0.0,0.0,0.0,0.0,0.0625,0.0,0.0,0.0,0.0,0.0
3,0,0.9375,0.0,0.0,0.0,0.0,0.0625,0.0,0.0,0.0,0.0,0.0
3,0,0.9375,0.0,0.0,0.0,0.0,0.0625,0.0,0.0,0.0,0.0,0.0
3,0,0.9375,0.0,0.0,0.0,0.0,0.0625,0.0,0.0,0.0,0.0,0.0
3,0,0.9375,0.0,0.0,0.0,0.0,0.0625,0.0,0.0,0.0,0.0,0.0
3,0,0.9375,0.0,0.0,0.0,0.0,0.0625,0.0,0.0,0.0,0.0,0.0
3,0,0.9375,0.0,0.0,0.0,0.0,0.0625,0.0,0.0,0.0,0.0,0.0
3,0,0.9375,0.0,0.0,0.0,0.0,0.0625,0.0,0.0,0.0,0.0,0.0
3,0,0.9375,0.0,0.0,0.0,0.0,0.0625,0.0,0.0,0.0,0.0,0.0
3,0,0.9375,0.0,0.0,0.0,0.0,0.0625,0.0,0.0,0.0,0.0,0.0
3,0,0.9375,0.0,0.0,0.0,0.0,0.0625,0.0,0.0,0.0,0.0,0.0
3,0,0.9375,0.0,0.0,0.0,0.0,0.0625,0.0,0.0,0.0,0.0,0.0
3,0,0.9375,0.0,0.0,0.0,0.0,0.0625,0.0,0.0,0.0,0.0,0.0
3,0,0.9375,0.0,0.0,0.0,0.0,0.0625,0.0,0.0,0.0,0.0,0.0
3,0,0.9375,0.0,0.0,0.0,0.0,0.0625,0.0,0.0,0.0,0.0,0.0
3,0,0.9375,0.0,0.0,0.0,0.0,0.0625,0.0,0.0,0.0,0.0,0.0
3,0,0.9375,0.0,0.0,0.0,0.0,0.0625,0.0,0.0,0.0,0.0,0.0
3,0,0.9375,0.0,0.0,0.0,0.0,0.0625,0.0,0.0,0.0,0.0,0.0
3,0,0.9375,0.0,0.0,0.0,0.0,0.0625,0.0,0.0,0.0,0.0,0.0
3,0,0.9375,0.0,0.0,0.0,0.0,0.0625,0.0,0.0,0.0,0.0,0.0
3,0,0.9375,0.0,0.0,0.0,0.0,0.0625,0.0,0.0,0.0,0.0,0.0
3,0,0.9375,0.0,0.0,0.0,0.0,0.0625,0.0,0.0,0.0,0.0,0.0
3,0,0.9375,0.0,0.0,0.0,0.0,0.0625,0.0,0.0,0.0,0.0,0.0
3,0,0.9375,0.0,0.0,0.0,0.0,0.0625,0.0,0.0,0.0,0.0,0.0
3,0,0.9375,0.0,0.0,0.0,0.0,0.0625,0.0,0.0,0.0,0.0,0.0
3,0,0.9375,0.0,0.0,0.0,0.0,0.0625,0.0,0.0,0.0,0.0,0.0
3,0,0.9375,0.0,0.0,0.0,0.0,0.0625,0.0,0.0,0.0,0.0,0.0
3,0,0.9375,0.0,0.0,0.0,0.0,0.0625,0.0,0.0,0.0,0.0,0.0
3,0,0.9375,0.0,0.0,0.0,0.0,0.0625,0.0,0.0,0.0,0.0,0.0
3,0,0.9375,0.0,0.0,0.0,0.0,0.0625,0.0,0.0,0.0,0.0,0.0
3,0,0.9375,0.0,0.0,0.0,0.0,0.0625,0.0,0.0,0.0,0.0,0.0
3,0,0.9375,0.0,0.0,0.0,0.0,0.0625,0.0,0.0,0.0,0.0,0.0
3,0,0.9375,0.0,0.0,0.0,0.0,0.0625,0.0,0.0,0.0,0.0,0.0
3,0,0.9375,0.0,0.0,0.0,0.0,0.0625,0.0,0.0,0.0,0.0,0.0
3,0,0.9375,0.0,0.0,0.0,0.0,0.0625,0.0,0.0,0.0,0.0,0.0
3,0,0.9375,0.0,0.0,0.0,0.0,0.0625,0.0,0.0,0.0,0.0,0.0
3,0,0.9375,0.0,0.0,0.0,0.0,0.0625,0.0,0.0,0.0,0.0,0.0
3,0,0.9375,0.0,0.0,0.0,0.0,0.0625,0.0,0.0,0.0,0.0,0.0
3,0,0.9375,0.0,0.0,0.0,0.0,0.0625,0.0,0.0,0.0,0.0,0.0
3,0,0.9375,0.0,0.0,0.0,0.0,0.0625,0.0,0.0,0.0,0.0,0.0
3,0,0.9375,0.0,0.0,0.0,0.0,0.0625,0.0,0.0,0.0,0.0,0.0
3,0,0.9375,0.0,0.0,0.0,0.0,0.0625,0.0,0.0,0.0,0.0,0.0
3,0,0.9375,0.0,0.0,0.0,0.0,0.0625,0.0,0.0,0.0,0.0,0.0
3,0,0.9375,0.0,0.0,0.0,0.0,0.0625,0.0,0.0,0.0,0.0,0.0
3,0,0.9375,0.0,0.0,0.0,0.0,0.0625,0.0,0.0,0.0,0.0,0.0
3,0,0.9375,0.0,0.0,0.0,0.0,0.0625,0.0,0.0,0.0,0.0,0.0
3,0,0.9375,0.0,0.0,0.0,0.0,0.0625,0.0,0.0,0.0,0.0,0.0
3,0,0.9375,0.0,0.0,0.0,0.0,0.0625,0.0,0.0,0.0,0.0,0.0
3,0,0.9375,0.0,0.0,0.0,0.0,0.0625,0.0,0.0,0.0,0.0,0.0
3,0,0.9375,0.0,0.0,0.0,0.0,0.0625,0.0,0.0,0.0,0.0,0.0
3,0,0.9375,0.0,0.0,0.0,0.0,0.0625,0.0,0.0,0.0,0.0,0.0
3,0,0.9375,0.0,0.0,0.0,0.0,0.0625,0.0,0.0,0.0,0.0,0.0
3,0,0.9375,0.0,0.0,0.0,0.0,0.0625,0.0,0.0,0.0,0.0,0.0
3,0,0.9375,0.0,0.0,0.0,0.0,0.0625,0.0,0.0,0.0,0.0,0.0
3,0,0.9375,0.0,0.0,0.0,0.0,0.0625,0.0,0.0,0.0,0.0,0.0
3,0,0.9375,0.0,0.0,0.0,0.0,0.0625,0.0,0.0,0.0,0.0,0.0
3,0,0.9375,0.0,0.0,0.0,0.0,0.0625,0.0,0.0,0.0,0.0,0.0
3,0,0.9375,0.0,0.0,0.0,0.0,0.0625,0.0,0.0,0.0,0.0,0.0
3,0,0.9375,0.0,0.0,0.0,0.0,0.0625,0.0,0.0,0.0,0.0,0.0
3,0,0.9375,0.0,0.0,0.0,0.0,0.0625,0.0,0.0,0.0,0.0,0.0
3,0,0.9375,0.0,0.0,0.0,0.0,0.0625,0.0,0.0,0.0,0.0,0.0
3,0,0.9375,0.0,0.0,0.0,0.0,0.0625,0.0,0.0,0.0,0.0,0.0
3,0,0.9375,0.0,0.0,0.0,0.0,0.0625,0.0,0.0,0.0,0.0,0.0
3,0,0.9375,0.0,0.0,0.0,0.0,0.0625,0.0,0.0,0.0,0.0,0.0
3,0,0.9375,0.0,0.0,0.0,0.0,0.0625,0.0,0.0,0.0,0.0,0.0
3,0,0.9375,0.0,0.0,0.0,0.0,0.0625,0.0,0.0,0.0,0.0,0.0
3,0,1.0,0.0,0.0,0.0,0.0,0.0,0.0,0.0,0.0,0.0,0.0
3,0,1.0,0.0,0.0,0.0,0.0,0.0,0.0,0.0,0.0,0.0,0.0
3,0,1.0,0.0,0.0,0.0,0.0,0.0,0.0,0.0,0.0,0.0,0.0
3,0,1.0,0.0,0.0,0.0,0.0,0.0,0.0,0.0,0.0,0.0,0.0
3,0,1.0,0.0,0.0,0.0,0.0,0.0,0.0,0.0,0.0,0.0,0.0
3,0,1.0,0.0,0.0,0.0,0.0,0.0,0.0,0.0,0.0,0.0,0.0
3,0,1.0,0.0,0.0,0.0,0.0,0.0,0.0,0.0,0.0,0.0,0.0
3,0,1.0,0.0,0.0,0.0,0.0,0.0,0.0,0.0,0.0,0.0,0.0
3,0,1.0,0.0,0.0,0.0,0.0,0.0,0.0,0.0,0.0,0.0,0.0
3,0,1.0,0.0,0.0,0.0,0.0,0.0,0.0,0.0,0.0,0.0,0.0
3,0,1.0,0.0,0.0,0.0,0.0,0.0,0.0,0.0,0.0,0.0,0.0
3,0,1.0,0.0,0.0,0.0,0.0,0.0,0.0,0.0,0.0,0.0,0.0
3,0,1.0,0.0,0.0,0.0,0.0,0.0,0.0,0.0,0.0,0.0,0.0
3,0,1.0,0.0,0.0,0.0,0.0,0.0,0.0,0.0,0.0,0.0,0.0
3,0,1.0,0.0,0.0,0.0,0.0,0.0,0.0,0.0,0.0,0.0,0.0
3,0,1.0,0.0,0.0,0.0,0.0,0.0,0.0,0.0,0.0,0.0,0.0
3,0,1.0,0.0,0.0,0.0,0.0,0.0,0.0,0.0,0.0,0.0,0.0
3,0,1.0,0.0,0.0,0.0,0.0,0.0,0.0,0.0,0.0,0.0,0.0
3,0,1.0,0.0,0.0,0.0,0.0,0.0,0.0,0.0,0.0,0.0,0.0
3,0,1.0,0.0,0.0,0.0,0.0,0.0,0.0,0.0,0.0,0.0,0.0
3,0,1.0,0.0,0.0,0.0,0.0,0.0,0.0,0.0,0.0,0.0,0.0
3,0,1.0,0.0,0.0,0.0,0.0,0.0,0.0,0.0,0.0,0.0,0.0
3,0,1.0,0.0,0.0,0.0,0.0,0.0,0.0,0.0,0.0,0.0,0.0
3,0,1.0,0.0,0.0,0.0,0.0,0.0,0.0,0.0,0.0,0.0,0.0
3,0,1.0,0.0,0.0,0.0,0.0,0.0,0.0,0.0,0.0,0.0,0.0
3,0,1.0,0.0,0.0,0.0,0.0,0.0,0.0,0.0,0.0,0.0,0.0
3,0,1.0,0.0,0.0,0.0,0.0,0.0,0.0,0.0,0.0,0.0,0.0
3,0,1.0,0.0,0.0,0.0,0.0,0.0,0.0,0.0,0.0,0.0,0.0
3,0,1.0,0.0,0.0,0.0,0.0,0.0,0.0,0.0,0.0,0.0,0.0
3,0,1.0,0.0,0.0,0.0,0.0,0.0,0.0,0.0,0.0,0.0,0.0
3,0,1.0,0.0,0.0,0.0,0.0,0.0,0.0,0.0,0.0,0.0,0.0
3,0,1.0,0.0,0.0,0.0,0.0,0.0,0.0,0.0,0.0,0.0,0.0
3,0,1.0,0.0,0.0,0.0,0.0,0.0,0.0,0.0,0.0,0.0,0.0
3,0,1.0,0.0,0.0,0.0,0.0,0.0,0.0,0.0,0.0,0.0,0.0
3,0,1.0,0.0,0.0,0.0,0.0,0.0,0.0,0.0,0.0,0.0,0.0
3,0,1.0,0.0,0.0,0.0,0.0,0.0,0.0,0.0,0.0,0.0,0.0
3,0,1.0,0.0,0.0,0.0,0.0,0.0,0.0,0.0,0.0,0.0,0.0
3,0,1.0,0.0,0.0,0.0,0.0,0.0,0.0,0.0,0.0,0.0,0.0
3,0,1.0,0.0,0.0,0.0,0.0,0.0,0.0,0.0,0.0,0.0,0.0
3,0,1.0,0.0,0.0,0.0,0.0,0.0,0.0,0.0,0.0,0.0,0.0
3,0,1.0,0.0,0.0,0.0,0.0,0.0,0.0,0.0,0.0,0.0,0.0
3,0,1.0,0.0,0.0,0.0,0.0,0.0,0.0,0.0,0.0,0.0,0.0
3,0,1.0,0.0,0.0,0.0,0.0,0.0,0.0,0.0,0.0,0.0,0.0
3,0,1.0,0.0,0.0,0.0,0.0,0.0,0.0,0.0,0.0,0.0,0.0
3,0,1.0,0.0,0.0,0.0,0.0,0.0,0.0,0.0,0.0,0.0,0.0
3,0,1.0,0.0,0.0,0.0,0.0,0.0,0.0,0.0,0.0,0.0,0.0
3,0,1.0,0.0,0.0,0.0,0.0,0.0,0.0,0.0,0.0,0.0,0.0
3,0,1.0,0.0,0.0,0.0,0.0,0.0,0.0,0.0,0.0,0.0,0.0
3,0,1.0,0.0,0.0,0.0,0.0,0.0,0.0,0.0,0.0,0.0,0.0
3,0,1.0,0.0,0.0,0.0,0.0,0.0,0.0,0.0,0.0,0.0,0.0
3,0,1.0,0.0,0.0,0.0,0.0,0.0,0.0,0.0,0.0,0.0,0.0
3,0,1.0,0.0,0.0,0.0,0.0,0.0,0.0,0.0,0.0,0.0,0.0
3,0,1.0,0.0,0.0,0.0,0.0,0.0,0.0,0.0,0.0,0.0,0.0
3,0,1.0,0.0,0.0,0.0,0.0,0.0,0.0,0.0,0.0,0.0,0.0
3,0,1.0,0.0,0.0,0.0,0.0,0.0,0.0,0.0,0.0,0.0,0.0
3,0,1.0,0.0,0.0,0.0,0.0,0.0,0.0,0.0,0.0,0.0,0.0
3,0,1.0,0.0,0.0,0.0,0.0,0.0,0.0,0.0,0.0,0.0,0.0
3,0,1.0,0.0,0.0,0.0,0.0,0.0,0.0,0.0,0.0,0.0,0.0
3,0,1.0,0.0,0.0,0.0,0.0,0.0,0.0,0.0,0.0,0.0,0.0
3,0,1.0,0.0,0.0,0.0,0.0,0.0,0.0,0.0,0.0,0.0,0.0
3,0,1.0,0.0,0.0,0.0,0.0,0.0,0.0,0.0,0.0,0.0,0.0
3,0,1.0,0.0,0.0,0.0,0.0,0.0,0.0,0.0,0.0,0.0,0.0
3,0,1.0,0.0,0.0,0.0,0.0,0.0,0.0,0.0,0.0,0.0,0.0
3,0,1.0,0.0,0.0,0.0,0.0,0.0,0.0,0.0,0.0,0.0,0.0
3,0,1.0,0.0,0.0,0.0,0.0,0.0,0.0,0.0,0.0,0.0,0.0
3,0,1.0,0.0,0.0,0.0,0.0,0.0,0.0,0.0,0.0,0.0,0.0
3,0,1.0,0.0,0.0,0.0,0.0,0.0,0.0,0.0,0.0,0.0,0.0
3,0,1.0,0.0,0.0,0.0,0.0,0.0,0.0,0.0,0.0,0.0,0.0
3,0,1.0,0.0,0.0,0.0,0.0,0.0,0.0,0.0,0.0,0.0,0.0
3,0,1.0,0.0,0.0,0.0,0.0,0.0,0.0,0.0,0.0,0.0,0.0
3,0,1.0,0.0,0.0,0.0,0.0,0.0,0.0,0.0,0.0,0.0,0.0
3,0,1.0,0.0,0.0,0.0,0.0,0.0,0.0,0.0,0.0,0.0,0.0
3,0,1.0,0.0,0.0,0.0,0.0,0.0,0.0,0.0,0.0,0.0,0.0
3,0,1.0,0.0,0.0,0.0,0.0,0.0,0.0,0.0,0.0,0.0,0.0
3,0,1.0,0.0,0.0,0.0,0.0,0.0,0.0,0.0,0.0,0.0,0.0
3,0,1.0,0.0,0.0,0.0,0.0,0.0,0.0,0.0,0.0,0.0,0.0
3,0,1.0,0.0,0.0,0.0,0.0,0.0,0.0,0.0,0.0,0.0,0.0
3,0,1.0,0.0,0.0,0.0,0.0,0.0,0.0,0.0,0.0,0.0,0.0
3,0,1.0,0.0,0.0,0.0,0.0,0.0,0.0,0.0,0.0,0.0,0.0
3,0,1.0,0.0,0.0,0.0,0.0,0.0,0.0,0.0,0.0,0.0,0.0
3,0,1.0,0.0,0.0,0.0,0.0,0.0,0.0,0.0,0.0,0.0,0.0
3,0,1.0,0.0,0.0,0.0,0.0,0.0,0.0,0.0,0.0,0.0,0.0
3,0,1.0,0.0,0.0,0.0,0.0,0.0,0.0,0.0,0.0,0.0,0.0
3,0,1.0,0.0,0.0,0.0,0.0,0.0,0.0,0.0,0.0,0.0,0.0
3,0,1.0,0.0,0.0,0.0,0.0,0.0,0.0,0.0,0.0,0.0,0.0
3,0,1.0,0.0,0.0,0.0,0.0,0.0,0.0,0.0,0.0,0.0,0.0
3,0,1.0,0.0,0.0,0.0,0.0,0.0,0.0,0.0,0.0,0.0,0.0
3,0,1.0,0.0,0.0,0.0,0.0,0.0,0.0,0.0,0.0,0.0,0.0
3,0,1.0,0.0,0.0,0.0,0.0,0.0,0.0,0.0,0.0,0.0,0.0
3,0,1.0,0.0,0.0,0.0,0.0,0.0,0.0,0.0,0.0,0.0,0.0
3,0,1.0,0.0,0.0,0.0,0.0,0.0,0.0,0.0,0.0,0.0,0.0
3,0,1.0,0.0,0.0,0.0,0.0,0.0,0.0,0.0,0.0,0.0,0.0
3,0,1.0,0.0,0.0,0.0,0.0,0.0,0.0,0.0,0.0,0.0,0.0
3,0,1.0,0.0,0.0,0.0,0.0,0.0,0.0,0.0,0.0,0.0,0.0
3,0,1.0,0.0,0.0,0.0,0.0,0.0,0.0,0.0,0.0,0.0,0.0
3,0,1.0,0.0,0.0,0.0,0.0,0.0,0.0,0.0,0.0,0.0,0.0
3,0,1.0,0.0,0.0,0.0,0.0,0.0,0.0,0.0,0.0,0.0,0.0
3,0,1.0,0.0,0.0,0.0,0.0,0.0,0.0,0.0,0.0,0.0,0.0
3,0,1.0,0.0,0.0,0.0,0.0,0.0,0.0,0.0,0.0,0.0,0.0
3,0,1.0,0.0,0.0,0.0,0.0,0.0,0.0,0.0,0.0,0.0,0.0
3,0,1.0,0.0,0.0,0.0,0.0,0.0,0.0,0.0,0.0,0.0,0.0
3,0,1.0,0.0,0.0,0.0,0.0,0.0,0.0,0.0,0.0,0.0,0.0
3,0,1.0,0.0,0.0,0.0,0.0,0.0,0.0,0.0,0.0,0.0,0.0
3,0,1.0,0.0,0.0,0.0,0.0,0.0,0.0,0.0,0.0,0.0,0.0
3,0,1.0,0.0,0.0,0.0,0.0,0.0,0.0,0.0,0.0,0.0,0.0
3,0,1.0,0.0,0.0,0.0,0.0,0.0,0.0,0.0,0.0,0.0,0.0
3,0,1.0,0.0,0.0,0.0,0.0,0.0,0.0,0.0,0.0,0.0,0.0
3,0,1.0,0.0,0.0,0.0,0.0,0.0,0.0,0.0,0.0,0.0,0.0
3,0,1.0,0.0,0.0,0.0,0.0,0.0,0.0,0.0,0.0,0.0,0.0
3,0,1.0,0.0,0.0,0.0,0.0,0.0,0.0,0.0,0.0,0.0,0.0
3,0,1.0,0.0,0.0,0.0,0.0,0.0,0.0,0.0,0.0,0.0,0.0
3,0,1.0,0.0,0.0,0.0,0.0,0.0,0.0,0.0,0.0,0.0,0.0
3,0,1.0,0.0,0.0,0.0,0.0,0.0,0.0,0.0,0.0,0.0,0.0
3,0,1.0,0.0,0.0,0.0,0.0,0.0,0.0,0.0,0.0,0.0,0.0
3,0,1.0,0.0,0.0,0.0,0.0,0.0,0.0,0.0,0.0,0.0,0.0
3,0,1.0,0.0,0.0,0.0,0.0,0.0,0.0,0.0,0.0,0.0,0.0
3,0,1.0,0.0,0.0,0.0,0.0,0.0,0.0,0.0,0.0,0.0,0.0
3,0,1.0,0.0,0.0,0.0,0.0,0.0,0.0,0.0,0.0,0.0,0.0
3,0,1.0,0.0,0.0,0.0,0.0,0.0,0.0,0.0,0.0,0.0,0.0
3,0,1.0,0.0,0.0,0.0,0.0,0.0,0.0,0.0,0.0,0.0,0.0
3,0,1.0,0.0,0.0,0.0,0.0,0.0,0.0,0.0,0.0,0.0,0.0
3,0,1.0,0.0,0.0,0.0,0.0,0.0,0.0,0.0,0.0,0.0,0.0
3,0,1.0,0.0,0.0,0.0,0.0,0.0,0.0,0.0,0.0,0.0,0.0
3,0,1.0,0.0,0.0,0.0,0.0,0.0,0.0,0.0,0.0,0.0,0.0
3,0,1.0,0.0,0.0,0.0,0.0,0.0,0.0,0.0,0.0,0.0,0.0
3,0,1.0,0.0,0.0,0.0,0.0,0.0,0.0,0.0,0.0,0.0,0.0
3,0,1.0,0.0,0.0,0.0,0.0,0.0,0.0,0.0,0.0,0.0,0.0
3,0,1.0,0.0,0.0,0.0,0.0,0.0,0.0,0.0,0.0,0.0,0.0
3,0,1.0,0.0,0.0,0.0,0.0,0.0,0.0,0.0,0.0,0.0,0.0
3,0,1.0,0.0,0.0,0.0,0.0,0.0,0.0,0.0,0.0,0.0,0.0
3,0,1.0,0.0,0.0,0.0,0.0,0.0,0.0,0.0,0.0,0.0,0.0
3,0,1.0,0.0,0.0,0.0,0.0,0.0,0.0,0.0,0.0,0.0,0.0
3,0,1.0,0.0,0.0,0.0,0.0,0.0,0.0,0.0,0.0,0.0,0.0
3,0,1.0,0.0,0.0,0.0,0.0,0.0,0.0,0.0,0.0,0.0,0.0
3,0,1.0,0.0,0.0,0.0,0.0,0.0,0.0,0.0,0.0,0.0,0.0
3,0,1.0,0.0,0.0,0.0,0.0,0.0,0.0,0.0,0.0,0.0,0.0
3,0,1.0,0.0,0.0,0.0,0.0,0.0,0.0,0.0,0.0,0.0,0.0
3,0,1.0,0.0,0.0,0.0,0.0,0.0,0.0,0.0,0.0,0.0,0.0
3,0,1.0,0.0,0.0,0.0,0.0,0.0,0.0,0.0,0.0,0.0,0.0
3,0,1.0,0.0,0.0,0.0,0.0,0.0,0.0,0.0,0.0,0.0,0.0
3,0,1.0,0.0,0.0,0.0,0.0,0.0,0.0,0.0,0.0,0.0,0.0
3,0,1.0,0.0,0.0,0.0,0.0,0.0,0.0,0.0,0.0,0.0,0.0
3,0,1.0,0.0,0.0,0.0,0.0,0.0,0.0,0.0,0.0,0.0,0.0
3,0,1.0,0.0,0.0,0.0,0.0,0.0,0.0,0.0,0.0,0.0,0.0
3,0,1.0,0.0,0.0,0.0,0.0,0.0,0.0,0.0,0.0,0.0,0.0
3,0,1.0,0.0,0.0,0.0,0.0,0.0,0.0,0.0,0.0,0.0,0.0
3,0,1.0,0.0,0.0,0.0,0.0,0.0,0.0,0.0,0.0,0.0,0.0
3,0,1.0,0.0,0.0,0.0,0.0,0.0,0.0,0.0,0.0,0.0,0.0
3,0,1.0,0.0,0.0,0.0,0.0,0.0,0.0,0.0,0.0,0.0,0.0
3,0,1.0,0.0,0.0,0.0,0.0,0.0,0.0,0.0,0.0,0.0,0.0
3,0,1.0,0.0,0.0,0.0,0.0,0.0,0.0,0.0,0.0,0.0,0.0
3,0,1.0,0.0,0.0,0.0,0.0,0.0,0.0,0.0,0.0,0.0,0.0
3,0,1.0,0.0,0.0,0.0,0.0,0.0,0.0,0.0,0.0,0.0,0.0
3,0,1.0,0.0,0.0,0.0,0.0,0.0,0.0,0.0,0.0,0.0,0.0
3,0,1.0,0.0,0.0,0.0,0.0,0.0,0.0,0.0,0.0,0.0,0.0
3,0,1.0,0.0,0.0,0.0,0.0,0.0,0.0,0.0,0.0,0.0,0.0
3,0,1.0,0.0,0.0,0.0,0.0,0.0,0.0,0.0,0.0,0.0,0.0
3,0,1.0,0.0,0.0,0.0,0.0,0.0,0.0,0.0,0.0,0.0,0.0
3,0,1.0,0.0,0.0,0.0,0.0,0.0,0.0,0.0,0.0,0.0,0.0
3,0,1.0,0.0,0.0,0.0,0.0,0.0,0.0,0.0,0.0,0.0,0.0
3,0,1.0,0.0,0.0,0.0,0.0,0.0,0.0,0.0,0.0,0.0,0.0
3,0,1.0,0.0,0.0,0.0,0.0,0.0,0.0,0.0,0.0,0.0,0.0
3,0,1.0,0.0,0.0,0.0,0.0,0.0,0.0,0.0,0.0,0.0,0.0
3,0,1.0,0.0,0.0,0.0,0.0,0.0,0.0,0.0,0.0,0.0,0.0
3,0,1.0,0.0,0.0,0.0,0.0,0.0,0.0,0.0,0.0,0.0,0.0
3,0,1.0,0.0,0.0,0.0,0.0,0.0,0.0,0.0,0.0,0.0,0.0
3,0,1.0,0.0,0.0,0.0,0.0,0.0,0.0,0.0,0.0,0.0,0.0
3,0,1.0,0.0,0.0,0.0,0.0,0.0,0.0,0.0,0.0,0.0,0.0
3,0,1.0,0.0,0.0,0.0,0.0,0.0,0.0,0.0,0.0,0.0,0.0
3,0,1.0,0.0,0.0,0.0,0.0,0.0,0.0,0.0,0.0,0.0,0.0
3,0,1.0,0.0,0.0,0.0,0.0,0.0,0.0,0.0,0.0,0.0,0.0
3,0,1.0,0.0,0.0,0.0,0.0,0.0,0.0,0.0,0.0,0.0,0.0
3,0,1.0,0.0,0.0,0.0,0.0,0.0,0.0,0.0,0.0,0.0,0.0
3,0,1.0,0.0,0.0,0.0,0.0,0.0,0.0,0.0,0.0,0.0,0.0
3,0,1.0,0.0,0.0,0.0,0.0,0.0,0.0,0.0,0.0,0.0,0.0
3,0,1.0,0.0,0.0,0.0,0.0,0.0,0.0,0.0,0.0,0.0,0.0
3,0,1.0,0.0,0.0,0.0,0.0,0.0,0.0,0.0,0.0,0.0,0.0
3,0,1.0,0.0,0.0,0.0,0.0,0.0,0.0,0.0,0.0,0.0,0.0
3,0,1.0,0.0,0.0,0.0,0.0,0.0,0.0,0.0,0.0,0.0,0.0
3,0,1.0,0.0,0.0,0.0,0.0,0.0,0.0,0.0,0.0,0.0,0.0
3,0,1.0,0.0,0.0,0.0,0.0,0.0,0.0,0.0,0.0,0.0,0.0
3,0,1.0,0.0,0.0,0.0,0.0,0.0,0.0,0.0,0.0,0.0,0.0
3,0,1.0,0.0,0.0,0.0,0.0,0.0,0.0,0.0,0.0,0.0,0.0
3,0,1.0,0.0,0.0,0.0,0.0,0.0,0.0,0.0,0.0,0.0,0.0
3,0,1.0,0.0,0.0,0.0,0.0,0.0,0.0,0.0,0.0,0.0,0.0
3,0,1.0,0.0,0.0,0.0,0.0,0.0,0.0,0.0,0.0,0.0,0.0
3,0,1.0,0.0,0.0,0.0,0.0,0.0,0.0,0.0,0.0,0.0,0.0
3,0,1.0,0.0,0.0,0.0,0.0,0.0,0.0,0.0,0.0,0.0,0.0
3,0,1.0,0.0,0.0,0.0,0.0,0.0,0.0,0.0,0.0,0.0,0.0
3,0,1.0,0.0,0.0,0.0,0.0,0.0,0.0,0.0,0.0,0.0,0.0
3,0,1.0,0.0,0.0,0.0,0.0,0.0,0.0,0.0,0.0,0.0,0.0
3,0,1.0,0.0,0.0,0.0,0.0,0.0,0.0,0.0,0.0,0.0,0.0
3,0,1.0,0.0,0.0,0.0,0.0,0.0,0.0,0.0,0.0,0.0,0.0
3,0,1.0,0.0,0.0,0.0,0.0,0.0,0.0,0.0,0.0,0.0,0.0
3,0,1.0,0.0,0.0,0.0,0.0,0.0,0.0,0.0,0.0,0.0,0.0
3,0,1.0,0.0,0.0,0.0,0.0,0.0,0.0,0.0,0.0,0.0,0.0
3,0,1.0,0.0,0.0,0.0,0.0,0.0,0.0,0.0,0.0,0.0,0.0
3,0,1.0,0.0,0.0,0.0,0.0,0.0,0.0,0.0,0.0,0.0,0.0
3,0,1.0,0.0,0.0,0.0,0.0,0.0,0.0,0.0,0.0,0.0,0.0
3,0,1.0,0.0,0.0,0.0,0.0,0.0,0.0,0.0,0.0,0.0,0.0
3,0,1.0,0.0,0.0,0.0,0.0,0.0,0.0,0.0,0.0,0.0,0.0
3,0,1.0,0.0,0.0,0.0,0.0,0.0,0.0,0.0,0.0,0.0,0.0
3,0,1.0,0.0,0.0,0.0,0.0,0.0,0.0,0.0,0.0,0.0,0.0
3,0,1.0,0.0,0.0,0.0,0.0,0.0,0.0,0.0,0.0,0.0,0.0
3,0,1.0,0.0,0.0,0.0,0.0,0.0,0.0,0.0,0.0,0.0,0.0
3,0,1.0,0.0,0.0,0.0,0.0,0.0,0.0,0.0,0.0,0.0,0.0
3,0,1.0,0.0,0.0,0.0,0.0,0.0,0.0,0.0,0.0,0.0,0.0
3,0,1.0,0.0,0.0,0.0,0.0,0.0,0.0,0.0,0.0,0.0,0.0
3,0,1.0,0.0,0.0,0.0,0.0,0.0,0.0,0.0,0.0,0.0,0.0
3,0,1.0,0.0,0.0,0.0,0.0,0.0,0.0,0.0,0.0,0.0,0.0
3,0,1.0,0.0,0.0,0.0,0.0,0.0,0.0,0.0,0.0,0.0,0.0
3,0,1.0,0.0,0.0,0.0,0.0,0.0,0.0,0.0,0.0,0.0,0.0
3,0,1.0,0.0,0.0,0.0,0.0,0.0,0.0,0.0,0.0,0.0,0.0
3,0,1.0,0.0,0.0,0.0,0.0,0.0,0.0,0.0,0.0,0.0,0.0
3,0,1.0,0.0,0.0,0.0,0.0,0.0,0.0,0.0,0.0,0.0,0.0
3,0,1.0,0.0,0.0,0.0,0.0,0.0,0.0,0.0,0.0,0.0,0.0
3,0,1.0,0.0,0.0,0.0,0.0,0.0,0.0,0.0,0.0,0.0,0.0
3,0,1.0,0.0,0.0,0.0,0.0,0.0,0.0,0.0,0.0,0.0,0.0
3,0,1.0,0.0,0.0,0.0,0.0,0.0,0.0,0.0,0.0,0.0,0.0
3,0,1.0,0.0,0.0,0.0,0.0,0.0,0.0,0.0,0.0,0.0,0.0
3,0,1.0,0.0,0.0,0.0,0.0,0.0,0.0,0.0,0.0,0.0,0.0
3,0,1.0,0.0,0.0,0.0,0.0,0.0,0.0,0.0,0.0,0.0,0.0
3,0,1.0,0.0,0.0,0.0,0.0,0.0,0.0,0.0,0.0,0.0,0.0
3,0,1.0,0.0,0.0,0.0,0.0,0.0,0.0,0.0,0.0,0.0,0.0
3,0,1.0,0.0,0.0,0.0,0.0,0.0,0.0,0.0,0.0,0.0,0.0
3,0,1.0,0.0,0.0,0.0,0.0,0.0,0.0,0.0,0.0,0.0,0.0
3,0,1.0,0.0,0.0,0.0,0.0,0.0,0.0,0.0,0.0,0.0,0.0
3,0,1.0,0.0,0.0,0.0,0.0,0.0,0.0,0.0,0.0,0.0,0.0
3,0,1.0,0.0,0.0,0.0,0.0,0.0,0.0,0.0,0.0,0.0,0.0
3,0,1.0,0.0,0.0,0.0,0.0,0.0,0.0,0.0,0.0,0.0,0.0
3,0,1.0,0.0,0.0,0.0,0.0,0.0,0.0,0.0,0.0,0.0,0.0
3,0,1.0,0.0,0.0,0.0,0.0,0.0,0.0,0.0,0.0,0.0,0.0
3,0,1.0,0.0,0.0,0.0,0.0,0.0,0.0,0.0,0.0,0.0,0.0
3,0,1.0,0.0,0.0,0.0,0.0,0.0,0.0,0.0,0.0,0.0,0.0
3,0,1.0,0.0,0.0,0.0,0.0,0.0,0.0,0.0,0.0,0.0,0.0
3,0,1.0,0.0,0.0,0.0,0.0,0.0,0.0,0.0,0.0,0.0,0.0
3,0,1.0,0.0,0.0,0.0,0.0,0.0,0.0,0.0,0.0,0.0,0.0
3,0,1.0,0.0,0.0,0.0,0.0,0.0,0.0,0.0,0.0,0.0,0.0
3,0,1.0,0.0,0.0,0.0,0.0,0.0,0.0,0.0,0.0,0.0,0.0
3,0,1.0,0.0,0.0,0.0,0.0,0.0,0.0,0.0,0.0,0.0,0.0
3,0,1.0,0.0,0.0,0.0,0.0,0.0,0.0,0.0,0.0,0.0,0.0
3,0,1.0,0.0,0.0,0.0,0.0,0.0,0.0,0.0,0.0,0.0,0.0
3,0,1.0,0.0,0.0,0.0,0.0,0.0,0.0,0.0,0.0,0.0,0.0
3,0,1.0,0.0,0.0,0.0,0.0,0.0,0.0,0.0,0.0,0.0,0.0
3,0,1.0,0.0,0.0,0.0,0.0,0.0,0.0,0.0,0.0,0.0,0.0
3,0,1.0,0.0,0.0,0.0,0.0,0.0,0.0,0.0,0.0,0.0,0.0
3,0,1.0,0.0,0.0,0.0,0.0,0.0,0.0,0.0,0.0,0.0,0.0
3,0,1.0,0.0,0.0,0.0,0.0,0.0,0.0,0.0,0.0,0.0,0.0
3,0,1.0,0.0,0.0,0.0,0.0,0.0,0.0,0.0,0.0,0.0,0.0
3,0,1.0,0.0,0.0,0.0,0.0,0.0,0.0,0.0,0.0,0.0,0.0
3,0,1.0,0.0,0.0,0.0,0.0,0.0,0.0,0.0,0.0,0.0,0.0
3,0,1.0,0.0,0.0,0.0,0.0,0.0,0.0,0.0,0.0,0.0,0.0
3,0,1.0,0.0,0.0,0.0,0.0,0.0,0.0,0.0,0.0,0.0,0.0
3,0,1.0,0.0,0.0,0.0,0.0,0.0,0.0,0.0,0.0,0.0,0.0
3,0,1.0,0.0,0.0,0.0,0.0,0.0,0.0,0.0,0.0,0.0,0.0
3,0,1.0,0.0,0.0,0.0,0.0,0.0,0.0,0.0,0.0,0.0,0.0
3,0,1.0,0.0,0.0,0.0,0.0,0.0,0.0,0.0,0.0,0.0,0.0
3,0,1.0,0.0,0.0,0.0,0.0,0.0,0.0,0.0,0.0,0.0,0.0
3,0,1.0,0.0,0.0,0.0,0.0,0.0,0.0,0.0,0.0,0.0,0.0
3,0,1.0,0.0,0.0,0.0,0.0,0.0,0.0,0.0,0.0,0.0,0.0
3,0,1.0,0.0,0.0,0.0,0.0,0.0,0.0,0.0,0.0,0.0,0.0
3,0,1.0,0.0,0.0,0.0,0.0,0.0,0.0,0.0,0.0,0.0,0.0
3,0,1.0,0.0,0.0,0.0,0.0,0.0,0.0,0.0,0.0,0.0,0.0
3,0,1.0,0.0,0.0,0.0,0.0,0.0,0.0,0.0,0.0,0.0,0.0
3,0,1.0,0.0,0.0,0.0,0.0,0.0,0.0,0.0,0.0,0.0,0.0
3,0,1.0,0.0,0.0,0.0,0.0,0.0,0.0,0.0,0.0,0.0,0.0
3,0,1.0,0.0,0.0,0.0,0.0,0.0,0.0,0.0,0.0,0.0,0.0
3,0,1.0,0.0,0.0,0.0,0.0,0.0,0.0,0.0,0.0,0.0,0.0
3,0,1.0,0.0,0.0,0.0,0.0,0.0,0.0,0.0,0.0,0.0,0.0
3,0,1.0,0.0,0.0,0.0,0.0,0.0,0.0,0.0,0.0,0.0,0.0
3,0,1.0,0.0,0.0,0.0,0.0,0.0,0.0,0.0,0.0,0.0,0.0
3,0,1.0,0.0,0.0,0.0,0.0,0.0,0.0,0.0,0.0,0.0,0.0
3,0,1.0,0.0,0.0,0.0,0.0,0.0,0.0,0.0,0.0,0.0,0.0
3,0,1.0,0.0,0.0,0.0,0.0,0.0,0.0,0.0,0.0,0.0,0.0
3,0,1.0,0.0,0.0,0.0,0.0,0.0,0.0,0.0,0.0,0.0,0.0
3,0,1.0,0.0,0.0,0.0,0.0,0.0,0.0,0.0,0.0,0.0,0.0
3,0,1.0,0.0,0.0,0.0,0.0,0.0,0.0,0.0,0.0,0.0,0.0
3,0,1.0,0.0,0.0,0.0,0.0,0.0,0.0,0.0,0.0,0.0,0.0
3,0,1.0,0.0,0.0,0.0,0.0,0.0,0.0,0.0,0.0,0.0,0.0
3,0,1.0,0.0,0.0,0.0,0.0,0.0,0.0,0.0,0.0,0.0,0.0
3,0,1.0,0.0,0.0,0.0,0.0,0.0,0.0,0.0,0.0,0.0,0.0
3,0,1.0,0.0,0.0,0.0,0.0,0.0,0.0,0.0,0.0,0.0,0.0
3,0,1.0,0.0,0.0,0.0,0.0,0.0,0.0,0.0,0.0,0.0,0.0
3,0,1.0,0.0,0.0,0.0,0.0,0.0,0.0,0.0,0.0,0.0,0.0
3,0,1.0,0.0,0.0,0.0,0.0,0.0,0.0,0.0,0.0,0.0,0.0
3,0,1.0,0.0,0.0,0.0,0.0,0.0,0.0,0.0,0.0,0.0,0.0
3,0,1.0,0.0,0.0,0.0,0.0,0.0,0.0,0.0,0.0,0.0,0.0
3,0,1.0,0.0,0.0,0.0,0.0,0.0,0.0,0.0,0.0,0.0,0.0
3,0,1.0,0.0,0.0,0.0,0.0,0.0,0.0,0.0,0.0,0.0,0.0
3,0,1.0,0.0,0.0,0.0,0.0,0.0,0.0,0.0,0.0,0.0,0.0
3,0,1.0,0.0,0.0,0.0,0.0,0.0,0.0,0.0,0.0,0.0,0.0
3,0,1.0,0.0,0.0,0.0,0.0,0.0,0.0,0.0,0.0,0.0,0.0
3,0,1.0,0.0,0.0,0.0,0.0,0.0,0.0,0.0,0.0,0.0,0.0
3,0,1.0,0.0,0.0,0.0,0.0,0.0,0.0,0.0,0.0,0.0,0.0
3,0,1.0,0.0,0.0,0.0,0.0,0.0,0.0,0.0,0.0,0.0,0.0
3,0,1.0,0.0,0.0,0.0,0.0,0.0,0.0,0.0,0.0,0.0,0.0
3,0,1.0,0.0,0.0,0.0,0.0,0.0,0.0,0.0,0.0,0.0,0.0
3,0,1.0,0.0,0.0,0.0,0.0,0.0,0.0,0.0,0.0,0.0,0.0
3,0,1.0,0.0,0.0,0.0,0.0,0.0,0.0,0.0,0.0,0.0,0.0
3,0,1.0,0.0,0.0,0.0,0.0,0.0,0.0,0.0,0.0,0.0,0.0
3,0,1.0,0.0,0.0,0.0,0.0,0.0,0.0,0.0,0.0,0.0,0.0
3,0,1.0,0.0,0.0,0.0,0.0,0.0,0.0,0.0,0.0,0.0,0.0
3,0,1.0,0.0,0.0,0.0,0.0,0.0,0.0,0.0,0.0,0.0,0.0
3,0,1.0,0.0,0.0,0.0,0.0,0.0,0.0,0.0,0.0,0.0,0.0
3,0,1.0,0.0,0.0,0.0,0.0,0.0,0.0,0.0,0.0,0.0,0.0
3,0,1.0,0.0,0.0,0.0,0.0,0.0,0.0,0.0,0.0,0.0,0.0
3,0,1.0,0.0,0.0,0.0,0.0,0.0,0.0,0.0,0.0,0.0,0.0
3,0,1.0,0.0,0.0,0.0,0.0,0.0,0.0,0.0,0.0,0.0,0.0
3,0,1.0,0.0,0.0,0.0,0.0,0.0,0.0,0.0,0.0,0.0,0.0
3,0,1.0,0.0,0.0,0.0,0.0,0.0,0.0,0.0,0.0,0.0,0.0
3,0,1.0,0.0,0.0,0.0,0.0,0.0,0.0,0.0,0.0,0.0,0.0
3,0,1.0,0.0,0.0,0.0,0.0,0.0,0.0,0.0,0.0,0.0,0.0
3,0,1.0,0.0,0.0,0.0,0.0,0.0,0.0,0.0,0.0,0.0,0.0
3,0,1.0,0.0,0.0,0.0,0.0,0.0,0.0,0.0,0.0,0.0,0.0
3,0,1.0,0.0,0.0,0.0,0.0,0.0,0.0,0.0,0.0,0.0,0.0
3,0,1.0,0.0,0.0,0.0,0.0,0.0,0.0,0.0,0.0,0.0,0.0
3,0,1.0,0.0,0.0,0.0,0.0,0.0,0.0,0.0,0.0,0.0,0.0
3,0,1.0,0.0,0.0,0.0,0.0,0.0,0.0,0.0,0.0,0.0,0.0
3,0,1.0,0.0,0.0,0.0,0.0,0.0,0.0,0.0,0.0,0.0,0.0
3,0,1.0,0.0,0.0,0.0,0.0,0.0,0.0,0.0,0.0,0.0,0.0
3,0,1.0,0.0,0.0,0.0,0.0,0.0,0.0,0.0,0.0,0.0,0.0
3,0,1.0,0.0,0.0,0.0,0.0,0.0,0.0,0.0,0.0,0.0,0.0
3,0,1.0,0.0,0.0,0.0,0.0,0.0,0.0,0.0,0.0,0.0,0.0
3,0,1.0,0.0,0.0,0.0,0.0,0.0,0.0,0.0,0.0,0.0,0.0
3,0,1.0,0.0,0.0,0.0,0.0,0.0,0.0,0.0,0.0,0.0,0.0
3,0,1.0,0.0,0.0,0.0,0.0,0.0,0.0,0.0,0.0,0.0,0.0
3,0,1.0,0.0,0.0,0.0,0.0,0.0,0.0,0.0,0.0,0.0,0.0
3,0,1.0,0.0,0.0,0.0,0.0,0.0,0.0,0.0,0.0,0.0,0.0
3,0,1.0,0.0,0.0,0.0,0.0,0.0,0.0,0.0,0.0,0.0,0.0
3,0,1.0,0.0,0.0,0.0,0.0,0.0,0.0,0.0,0.0,0.0,0.0
3,0,1.0,0.0,0.0,0.0,0.0,0.0,0.0,0.0,0.0,0.0,0.0
3,0,1.0,0.0,0.0,0.0,0.0,0.0,0.0,0.0,0.0,0.0,0.0
3,0,1.0,0.0,0.0,0.0,0.0,0.0,0.0,0.0,0.0,0.0,0.0
3,0,1.0,0.0,0.0,0.0,0.0,0.0,0.0,0.0,0.0,0.0,0.0
3,0,1.0,0.0,0.0,0.0,0.0,0.0,0.0,0.0,0.0,0.0,0.0
3,0,1.0,0.0,0.0,0.0,0.0,0.0,0.0,0.0,0.0,0.0,0.0
3,0,1.0,0.0,0.0,0.0,0.0,0.0,0.0,0.0,0.0,0.0,0.0
3,0,1.0,0.0,0.0,0.0,0.0,0.0,0.0,0.0,0.0,0.0,0.0
3,0,1.0,0.0,0.0,0.0,0.0,0.0,0.0,0.0,0.0,0.0,0.0
3,0,1.0,0.0,0.0,0.0,0.0,0.0,0.0,0.0,0.0,0.0,0.0
3,0,1.0,0.0,0.0,0.0,0.0,0.0,0.0,0.0,0.0,0.0,0.0
3,0,1.0,0.0,0.0,0.0,0.0,0.0,0.0,0.0,0.0,0.0,0.0
3,0,1.0,0.0,0.0,0.0,0.0,0.0,0.0,0.0,0.0,0.0,0.0
3,0,1.0,0.0,0.0,0.0,0.0,0.0,0.0,0.0,0.0,0.0,0.0
3,0,1.0,0.0,0.0,0.0,0.0,0.0,0.0,0.0,0.0,0.0,0.0
3,0,1.0,0.0,0.0,0.0,0.0,0.0,0.0,0.0,0.0,0.0,0.0
3,0,1.0,0.0,0.0,0.0,0.0,0.0,0.0,0.0,0.0,0.0,0.0
3,0,1.0,0.0,0.0,0.0,0.0,0.0,0.0,0.0,0.0,0.0,0.0
3,0,1.0,0.0,0.0,0.0,0.0,0.0,0.0,0.0,0.0,0.0,0.0
3,0,1.0,0.0,0.0,0.0,0.0,0.0,0.0,0.0,0.0,0.0,0.0
3,0,1.0,0.0,0.0,0.0,0.0,0.0,0.0,0.0,0.0,0.0,0.0
3,0,1.0,0.0,0.0,0.0,0.0,0.0,0.0,0.0,0.0,0.0,0.0
3,0,1.0,0.0,0.0,0.0,0.0,0.0,0.0,0.0,0.0,0.0,0.0
3,0,1.0,0.0,0.0,0.0,0.0,0.0,0.0,0.0,0.0,0.0,0.0
3,0,1.0,0.0,0.0,0.0,0.0,0.0,0.0,0.0,0.0,0.0,0.0
3,0,1.0,0.0,0.0,0.0,0.0,0.0,0.0,0.0,0.0,0.0,0.0
3,0,1.0,0.0,0.0,0.0,0.0,0.0,0.0,0.0,0.0,0.0,0.0
3,0,1.0,0.0,0.0,0.0,0.0,0.0,0.0,0.0,0.0,0.0,0.0
3,0,1.0,0.0,0.0,0.0,0.0,0.0,0.0,0.0,0.0,0.0,0.0
3,0,1.0,0.0,0.0,0.0,0.0,0.0,0.0,0.0,0.0,0.0,0.0
3,0,1.0,0.0,0.0,0.0,0.0,0.0,0.0,0.0,0.0,0.0,0.0
3,0,1.0,0.0,0.0,0.0,0.0,0.0,0.0,0.0,0.0,0.0,0.0
3,0,1.0,0.0,0.0,0.0,0.0,0.0,0.0,0.0,0.0,0.0,0.0
3,0,1.0,0.0,0.0,0.0,0.0,0.0,0.0,0.0,0.0,0.0,0.0
3,0,1.0,0.0,0.0,0.0,0.0,0.0,0.0,0.0,0.0,0.0,0.0
3,0,1.0,0.0,0.0,0.0,0.0,0.0,0.0,0.0,0.0,0.0,0.0
3,0,1.0,0.0,0.0,0.0,0.0,0.0,0.0,0.0,0.0,0.0,0.0
3,0,1.0,0.0,0.0,0.0,0.0,0.0,0.0,0.0,0.0,0.0,0.0
3,0,1.0,0.0,0.0,0.0,0.0,0.0,0.0,0.0,0.0,0.0,0.0
3,0,1.0,0.0,0.0,0.0,0.0,0.0,0.0,0.0,0.0,0.0,0.0
3,0,1.0,0.0,0.0,0.0,0.0,0.0,0.0,0.0,0.0,0.0,0.0
3,0,1.0,0.0,0.0,0.0,0.0,0.0,0.0,0.0,0.0,0.0,0.0
3,0,1.0,0.0,0.0,0.0,0.0,0.0,0.0,0.0,0.0,0.0,0.0
3,0,1.0,0.0,0.0,0.0,0.0,0.0,0.0,0.0,0.0,0.0,0.0
3,0,1.0,0.0,0.0,0.0,0.0,0.0,0.0,0.0,0.0,0.0,0.0
3,0,1.0,0.0,0.0,0.0,0.0,0.0,0.0,0.0,0.0,0.0,0.0
3,0,1.0,0.0,0.0,0.0,0.0,0.0,0.0,0.0,0.0,0.0,0.0
3,0,1.0,0.0,0.0,0.0,0.0,0.0,0.0,0.0,0.0,0.0,0.0
3,0,1.0,0.0,0.0,0.0,0.0,0.0,0.0,0.0,0.0,0.0,0.0
3,0,1.0,0.0,0.0,0.0,0.0,0.0,0.0,0.0,0.0,0.0,0.0
3,0,1.0,0.0,0.0,0.0,0.0,0.0,0.0,0.0,0.0,0.0,0.0
3,0,1.0,0.0,0.0,0.0,0.0,0.0,0.0,0.0,0.0,0.0,0.0
3,0,1.0,0.0,0.0,0.0,0.0,0.0,0.0,0.0,0.0,0.0,0.0
3,0,1.0,0.0,0.0,0.0,0.0,0.0,0.0,0.0,0.0,0.0,0.0
3,0,1.0,0.0,0.0,0.0,0.0,0.0,0.0,0.0,0.0,0.0,0.0
3,0,1.0,0.0,0.0,0.0,0.0,0.0,0.0,0.0,0.0,0.0,0.0
3,0,1.0,0.0,0.0,0.0,0.0,0.0,0.0,0.0,0.0,0.0,0.0
3,0,1.0,0.0,0.0,0.0,0.0,0.0,0.0,0.0,0.0,0.0,0.0
3,0,1.0,0.0,0.0,0.0,0.0,0.0,0.0,0.0,0.0,0.0,0.0
3,0,1.0,0.0,0.0,0.0,0.0,0.0,0.0,0.0,0.0,0.0,0.0
3,0,1.0,0.0,0.0,0.0,0.0,0.0,0.0,0.0,0.0,0.0,0.0
3,0,1.0,0.0,0.0,0.0,0.0,0.0,0.0,0.0,0.0,0.0,0.0
3,0,1.0,0.0,0.0,0.0,0.0,0.0,0.0,0.0,0.0,0.0,0.0
3,0,1.0,0.0,0.0,0.0,0.0,0.0,0.0,0.0,0.0,0.0,0.0
3,0,1.0,0.0,0.0,0.0,0.0,0.0,0.0,0.0,0.0,0.0,0.0
3,0,1.0,0.0,0.0,0.0,0.0,0.0,0.0,0.0,0.0,0.0,0.0
3,0,1.0,0.0,0.0,0.0,0.0,0.0,0.0,0.0,0.0,0.0,0.0
3,0,1.0,0.0,0.0,0.0,0.0,0.0,0.0,0.0,0.0,0.0,0.0
3,0,1.0,0.0,0.0,0.0,0.0,0.0,0.0,0.0,0.0,0.0,0.0
3,0,1.0,0.0,0.0,0.0,0.0,0.0,0.0,0.0,0.0,0.0,0.0
3,0,1.0,0.0,0.0,0.0,0.0,0.0,0.0,0.0,0.0,0.0,0.0
3,0,1.0,0.0,0.0,0.0,0.0,0.0,0.0,0.0,0.0,0.0,0.0
3,0,1.0,0.0,0.0,0.0,0.0,0.0,0.0,0.0,0.0,0.0,0.0
3,0,1.0,0.0,0.0,0.0,0.0,0.0,0.0,0.0,0.0,0.0,0.0
3,0,1.0,0.0,0.0,0.0,0.0,0.0,0.0,0.0,0.0,0.0,0.0
3,0,1.0,0.0,0.0,0.0,0.0,0.0,0.0,0.0,0.0,0.0,0.0
3,0,1.0,0.0,0.0,0.0,0.0,0.0,0.0,0.0,0.0,0.0,0.0
3,0,1.0,0.0,0.0,0.0,0.0,0.0,0.0,0.0,0.0,0.0,0.0
3,0,1.0,0.0,0.0,0.0,0.0,0.0,0.0,0.0,0.0,0.0,0.0
3,0,1.0,0.0,0.0,0.0,0.0,0.0,0.0,0.0,0.0,0.0,0.0
3,0,1.0,0.0,0.0,0.0,0.0,0.0,0.0,0.0,0.0,0.0,0.0
3,0,1.0,0.0,0.0,0.0,0.0,0.0,0.0,0.0,0.0,0.0,0.0
3,0,1.0,0.0,0.0,0.0,0.0,0.0,0.0,0.0,0.0,0.0,0.0
3,0,1.0,0.0,0.0,0.0,0.0,0.0,0.0,0.0,0.0,0.0,0.0
3,0,1.0,0.0,0.0,0.0,0.0,0.0,0.0,0.0,0.0,0.0,0.0
3,0,1.0,0.0,0.0,0.0,0.0,0.0,0.0,0.0,0.0,0.0,0.0
3,0,1.0,0.0,0.0,0.0,0.0,0.0,0.0,0.0,0.0,0.0,0.0
3,0,1.0,0.0,0.0,0.0,0.0,0.0,0.0,0.0,0.0,0.0,0.0
3,0,1.0,0.0,0.0,0.0,0.0,0.0,0.0,0.0,0.0,0.0,0.0
3,0,1.0,0.0,0.0,0.0,0.0,0.0,0.0,0.0,0.0,0.0,0.0
3,0,1.0,0.0,0.0,0.0,0.0,0.0,0.0,0.0,0.0,0.0,0.0
3,0,1.0,0.0,0.0,0.0,0.0,0.0,0.0,0.0,0.0,0.0,0.0
3,0,1.0,0.0,0.0,0.0,0.0,0.0,0.0,0.0,0.0,0.0,0.0
3,0,1.0,0.0,0.0,0.0,0.0,0.0,0.0,0.0,0.0,0.0,0.0
3,0,1.0,0.0,0.0,0.0,0.0,0.0,0.0,0.0,0.0,0.0,0.0
3,0,1.0,0.0,0.0,0.0,0.0,0.0,0.0,0.0,0.0,0.0,0.0
3,0,1.0,0.0,0.0,0.0,0.0,0.0,0.0,0.0,0.0,0.0,0.0
3,0,1.0,0.0,0.0,0.0,0.0,0.0,0.0,0.0,0.0,0.0,0.0
3,0,1.0,0.0,0.0,0.0,0.0,0.0,0.0,0.0,0.0,0.0,0.0
3,0,1.0,0.0,0.0,0.0,0.0,0.0,0.0,0.0,0.0,0.0,0.0
3,0,1.0,0.0,0.0,0.0,0.0,0.0,0.0,0.0,0.0,0.0,0.0
3,0,1.0,0.0,0.0,0.0,0.0,0.0,0.0,0.0,0.0,0.0,0.0
3,0,1.0,0.0,0.0,0.0,0.0,0.0,0.0,0.0,0.0,0.0,0.0
3,0,1.0,0.0,0.0,0.0,0.0,0.0,0.0,0.0,0.0,0.0,0.0
3,0,1.0,0.0,0.0,0.0,0.0,0.0,0.0,0.0,0.0,0.0,0.0
3,0,1.0,0.0,0.0,0.0,0.0,0.0,0.0,0.0,0.0,0.0,0.0
3,0,1.0,0.0,0.0,0.0,0.0,0.0,0.0,0.0,0.0,0.0,0.0
3,0,1.0,0.0,0.0,0.0,0.0,0.0,0.0,0.0,0.0,0.0,0.0
3,0,1.0,0.0,0.0,0.0,0.0,0.0,0.0,0.0,0.0,0.0,0.0
3,0,1.0,0.0,0.0,0.0,0.0,0.0,0.0,0.0,0.0,0.0,0.0
3,0,1.0,0.0,0.0,0.0,0.0,0.0,0.0,0.0,0.0,0.0,0.0
3,0,1.0,0.0,0.0,0.0,0.0,0.0,0.0,0.0,0.0,0.0,0.0
3,0,1.0,0.0,0.0,0.0,0.0,0.0,0.0,0.0,0.0,0.0,0.0
3,0,1.0,0.0,0.0,0.0,0.0,0.0,0.0,0.0,0.0,0.0,0.0
3,0,1.0,0.0,0.0,0.0,0.0,0.0,0.0,0.0,0.0,0.0,0.0
3,0,1.0,0.0,0.0,0.0,0.0,0.0,0.0,0.0,0.0,0.0,0.0
3,0,1.0,0.0,0.0,0.0,0.0,0.0,0.0,0.0,0.0,0.0,0.0
3,0,1.0,0.0,0.0,0.0,0.0,0.0,0.0,0.0,0.0,0.0,0.0
3,0,1.0,0.0,0.0,0.0,0.0,0.0,0.0,0.0,0.0,0.0,0.0
3,0,1.0,0.0,0.0,0.0,0.0,0.0,0.0,0.0,0.0,0.0,0.0
3,0,1.0,0.0,0.0,0.0,0.0,0.0,0.0,0.0,0.0,0.0,0.0
3,0,1.0,0.0,0.0,0.0,0.0,0.0,0.0,0.0,0.0,0.0,0.0
3,0,1.0,0.0,0.0,0.0,0.0,0.0,0.0,0.0,0.0,0.0,0.0
3,0,1.0,0.0,0.0,0.0,0.0,0.0,0.0,0.0,0.0,0.0,0.0
3,0,1.0,0.0,0.0,0.0,0.0,0.0,0.0,0.0,0.0,0.0,0.0
3,0,1.0,0.0,0.0,0.0,0.0,0.0,0.0,0.0,0.0,0.0,0.0
3,0,1.0,0.0,0.0,0.0,0.0,0.0,0.0,0.0,0.0,0.0,0.0
3,0,1.0,0.0,0.0,0.0,0.0,0.0,0.0,0.0,0.0,0.0,0.0
3,0,1.0,0.0,0.0,0.0,0.0,0.0,0.0,0.0,0.0,0.0,0.0
3,0,1.0,0.0,0.0,0.0,0.0,0.0,0.0,0.0,0.0,0.0,0.0
3,0,1.0,0.0,0.0,0.0,0.0,0.0,0.0,0.0,0.0,0.0,0.0
3,0,1.0,0.0,0.0,0.0,0.0,0.0,0.0,0.0,0.0,0.0,0.0
3,0,1.0,0.0,0.0,0.0,0.0,0.0,0.0,0.0,0.0,0.0,0.0
3,0,1.0,0.0,0.0,0.0,0.0,0.0,0.0,0.0,0.0,0.0,0.0
3,0,1.0,0.0,0.0,0.0,0.0,0.0,0.0,0.0,0.0,0.0,0.0
3,0,1.0,0.0,0.0,0.0,0.0,0.0,0.0,0.0,0.0,0.0,0.0
3,0,1.0,0.0,0.0,0.0,0.0,0.0,0.0,0.0,0.0,0.0,0.0
3,0,1.0,0.0,0.0,0.0,0.0,0.0,0.0,0.0,0.0,0.0,0.0
3,0,1.0,0.0,0.0,0.0,0.0,0.0,0.0,0.0,0.0,0.0,0.0
3,0,1.0,0.0,0.0,0.0,0.0,0.0,0.0,0.0,0.0,0.0,0.0
3,0,1.0,0.0,0.0,0.0,0.0,0.0,0.0,0.0,0.0,0.0,0.0
3,0,1.0,0.0,0.0,0.0,0.0,0.0,0.0,0.0,0.0,0.0,0.0
3,0,1.0,0.0,0.0,0.0,0.0,0.0,0.0,0.0,0.0,0.0,0.0
3,0,1.0,0.0,0.0,0.0,0.0,0.0,0.0,0.0,0.0,0.0,0.0
3,0,1.0,0.0,0.0,0.0,0.0,0.0,0.0,0.0,0.0,0.0,0.0
3,0,1.0,0.0,0.0,0.0,0.0,0.0,0.0,0.0,0.0,0.0,0.0
3,0,1.0,0.0,0.0,0.0,0.0,0.0,0.0,0.0,0.0,0.0,0.0
3,0,1.0,0.0,0.0,0.0,0.0,0.0,0.0,0.0,0.0,0.0,0.0
3,0,1.0,0.0,0.0,0.0,0.0,0.0,0.0,0.0,0.0,0.0,0.0
3,0,1.0,0.0,0.0,0.0,0.0,0.0,0.0,0.0,0.0,0.0,0.0
3,0,1.0,0.0,0.0,0.0,0.0,0.0,0.0,0.0,0.0,0.0,0.0
3,0,1.0,0.0,0.0,0.0,0.0,0.0,0.0,0.0,0.0,0.0,0.0
3,0,1.0,0.0,0.0,0.0,0.0,0.0,0.0,0.0,0.0,0.0,0.0
3,0,1.0,0.0,0.0,0.0,0.0,0.0,0.0,0.0,0.0,0.0,0.0
3,0,1.0,0.0,0.0,0.0,0.0,0.0,0.0,0.0,0.0,0.0,0.0
3,0,1.0,0.0,0.0,0.0,0.0,0.0,0.0,0.0,0.0,0.0,0.0
3,0,1.0,0.0,0.0,0.0,0.0,0.0,0.0,0.0,0.0,0.0,0.0
3,0,1.0,0.0,0.0,0.0,0.0,0.0,0.0,0.0,0.0,0.0,0.0
3,0,1.0,0.0,0.0,0.0,0.0,0.0,0.0,0.0,0.0,0.0,0.0
3,0,1.0,0.0,0.0,0.0,0.0,0.0,0.0,0.0,0.0,0.0,0.0
3,0,1.0,0.0,0.0,0.0,0.0,0.0,0.0,0.0,0.0,0.0,0.0
3,0,1.0,0.0,0.0,0.0,0.0,0.0,0.0,0.0,0.0,0.0,0.0
3,0,1.0,0.0,0.0,0.0,0.0,0.0,0.0,0.0,0.0,0.0,0.0
3,0,1.0,0.0,0.0,0.0,0.0,0.0,0.0,0.0,0.0,0.0,0.0
3,0,1.0,0.0,0.0,0.0,0.0,0.0,0.0,0.0,0.0,0.0,0.0
3,0,1.0,0.0,0.0,0.0,0.0,0.0,0.0,0.0,0.0,0.0,0.0
3,0,1.0,0.0,0.0,0.0,0.0,0.0,0.0,0.0,0.0,0.0,0.0
3,0,1.0,0.0,0.0,0.0,0.0,0.0,0.0,0.0,0.0,0.0,0.0
3,0,1.0,0.0,0.0,0.0,0.0,0.0,0.0,0.0,0.0,0.0,0.0
3,0,1.0,0.0,0.0,0.0,0.0,0.0,0.0,0.0,0.0,0.0,0.0
3,0,1.0,0.0,0.0,0.0,0.0,0.0,0.0,0.0,0.0,0.0,0.0
3,0,1.0,0.0,0.0,0.0,0.0,0.0,0.0,0.0,0.0,0.0,0.0
3,0,1.0,0.0,0.0,0.0,0.0,0.0,0.0,0.0,0.0,0.0,0.0
3,0,1.0,0.0,0.0,0.0,0.0,0.0,0.0,0.0,0.0,0.0,0.0
3,0,1.0,0.0,0.0,0.0,0.0,0.0,0.0,0.0,0.0,0.0,0.0
3,0,1.0,0.0,0.0,0.0,0.0,0.0,0.0,0.0,0.0,0.0,0.0
3,0,1.0,0.0,0.0,0.0,0.0,0.0,0.0,0.0,0.0,0.0,0.0
3,0,1.0,0.0,0.0,0.0,0.0,0.0,0.0,0.0,0.0,0.0,0.0
3,0,1.0,0.0,0.0,0.0,0.0,0.0,0.0,0.0,0.0,0.0,0.0
3,0,1.0,0.0,0.0,0.0,0.0,0.0,0.0,0.0,0.0,0.0,0.0
3,0,1.0,0.0,0.0,0.0,0.0,0.0,0.0,0.0,0.0,0.0,0.0
3,0,1.0,0.0,0.0,0.0,0.0,0.0,0.0,0.0,0.0,0.0,0.0
3,0,1.0,0.0,0.0,0.0,0.0,0.0,0.0,0.0,0.0,0.0,0.0
3,0,1.0,0.0,0.0,0.0,0.0,0.0,0.0,0.0,0.0,0.0,0.0
3,0,1.0,0.0,0.0,0.0,0.0,0.0,0.0,0.0,0.0,0.0,0.0
3,0,1.0,0.0,0.0,0.0,0.0,0.0,0.0,0.0,0.0,0.0,0.0
3,0,1.0,0.0,0.0,0.0,0.0,0.0,0.0,0.0,0.0,0.0,0.0
3,0,1.0,0.0,0.0,0.0,0.0,0.0,0.0,0.0,0.0,0.0,0.0
3,0,1.0,0.0,0.0,0.0,0.0,0.0,0.0,0.0,0.0,0.0,0.0
3,0,1.0,0.0,0.0,0.0,0.0,0.0,0.0,0.0,0.0,0.0,0.0
3,0,1.0,0.0,0.0,0.0,0.0,0.0,0.0,0.0,0.0,0.0,0.0
3,0,1.0,0.0,0.0,0.0,0.0,0.0,0.0,0.0,0.0,0.0,0.0
3,0,1.0,0.0,0.0,0.0,0.0,0.0,0.0,0.0,0.0,0.0,0.0
3,0,1.0,0.0,0.0,0.0,0.0,0.0,0.0,0.0,0.0,0.0,0.0
3,0,1.0,0.0,0.0,0.0,0.0,0.0,0.0,0.0,0.0,0.0,0.0
3,0,1.0,0.0,0.0,0.0,0.0,0.0,0.0,0.0,0.0,0.0,0.0
3,0,1.0,0.0,0.0,0.0,0.0,0.0,0.0,0.0,0.0,0.0,0.0
3,0,1.0,0.0,0.0,0.0,0.0,0.0,0.0,0.0,0.0,0.0,0.0
3,0,1.0,0.0,0.0,0.0,0.0,0.0,0.0,0.0,0.0,0.0,0.0
3,0,1.0,0.0,0.0,0.0,0.0,0.0,0.0,0.0,0.0,0.0,0.0
3,0,1.0,0.0,0.0,0.0,0.0,0.0,0.0,0.0,0.0,0.0,0.0
3,0,1.0,0.0,0.0,0.0,0.0,0.0,0.0,0.0,0.0,0.0,0.0
3,0,1.0,0.0,0.0,0.0,0.0,0.0,0.0,0.0,0.0,0.0,0.0
3,0,0.9375,0.0,0.0,0.0625,0.0,0.0,0.0,0.0,0.0,0.0,0.0
3,0,0.9375,0.0,0.0,0.0625,0.0,0.0,0.0,0.0,0.0,0.0,0.0
3,0,0.9375,0.0,0.0,0.0625,0.0,0.0,0.0,0.0,0.0,0.0,0.0
3,0,0.9375,0.0,0.0,0.0625,0.0,0.0,0.0,0.0,0.0,0.0,0.0
3,0,0.9375,0.0,0.0,0.0625,0.0,0.0,0.0,0.0,0.0,0.0,0.0
3,0,0.9375,0.0,0.0,0.0625,0.0,0.0,0.0,0.0,0.0,0.0,0.0
3,0,0.9375,0.0,0.0,0.0625,0.0,0.0,0.0,0.0,0.0,0.0,0.0
3,0,0.9375,0.0,0.0,0.0625,0.0,0.0,0.0,0.0,0.0,0.0,0.0
3,0,0.9375,0.0,0.0,0.0625,0.0,0.0,0.0,0.0,0.0,0.0,0.0
3,0,0.9375,0.0,0.0,0.0625,0.0,0.0,0.0,0.0,0.0,0.0,0.0
3,0,0.9375,0.0,0.0,0.0625,0.0,0.0,0.0,0.0,0.0,0.0,0.0
3,0,0.9375,0.0,0.0,0.0625,0.0,0.0,0.0,0.0,0.0,0.0,0.0
3,0,0.9375,0.0,0.0,0.0625,0.0,0.0,0.0,0.0,0.0,0.0,0.0
3,0,0.9375,0.0,0.0,0.0625,0.0,0.0,0.0,0.0,0.0,0.0,0.0
3,0,0.9375,0.0,0.0,0.0625,0.0,0.0,0.0,0.0,0.0,0.0,0.0
3,0,0.9375,0.0,0.0,0.0625,0.0,0.0,0.0,0.0,0.0,0.0,0.0
3,0,0.9375,0.0,0.0,0.0625,0.0,0.0,0.0,0.0,0.0,0.0,0.0
3,0,0.9375,0.0,0.0,0.0625,0.0,0.0,0.0,0.0,0.0,0.0,0.0
3,0,0.9375,0.0,0.0,0.0625,0.0,0.0,0.0,0.0,0.0,0.0,0.0
3,0,0.9375,0.0,0.0,0.0625,0.0,0.0,0.0,0.0,0.0,0.0,0.0
3,0,0.9375,0.0,0.0,0.0625,0.0,0.0,0.0,0.0,0.0,0.0,0.0
3,0,0.9375,0.0,0.0,0.0625,0.0,0.0,0.0,0.0,0.0,0.0,0.0
3,0,0.9375,0.0,0.0,0.0625,0.0,0.0,0.0,0.0,0.0,0.0,0.0
3,0,0.9375,0.0,0.0,0.0625,0.0,0.0,0.0,0.0,0.0,0.0,0.0
3,0,0.9375,0.0,0.0,0.0625,0.0,0.0,0.0,0.0,0.0,0.0,0.0
3,0,0.9375,0.0,0.0,0.0625,0.0,0.0,0.0,0.0,0.0,0.0,0.0
3,0,0.9375,0.0,0.0,0.0625,0.0,0.0,0.0,0.0,0.0,0.0,0.0
3,0,0.9375,0.0,0.0,0.0625,0.0,0.0,0.0,0.0,0.0,0.0,0.0
3,0,0.9375,0.0,0.0,0.0625,0.0,0.0,0.0,0.0,0.0,0.0,0.0
3,0,0.9375,0.0,0.0,0.0625,0.0,0.0,0.0,0.0,0.0,0.0,0.0
3,0,0.9375,0.0,0.0,0.0625,0.0,0.0,0.0,0.0,0.0,0.0,0.0
3,0,0.9375,0.0,0.0,0.0625,0.0,0.0,0.0,0.0,0.0,0.0,0.0
3,0,0.9375,0.0,0.0,0.0625,0.0,0.0,0.0,0.0,0.0,0.0,0.0
3,0,0.9375,0.0,0.0,0.0625,0.0,0.0,0.0,0.0,0.0,0.0,0.0
3,0,0.9375,0.0,0.0,0.0625,0.0,0.0,0.0,0.0,0.0,0.0,0.0
3,0,0.9375,0.0,0.0,0.0625,0.0,0.0,0.0,0.0,0.0,0.0,0.0
3,0,0.9375,0.0,0.0,0.0625,0.0,0.0,0.0,0.0,0.0,0.0,0.0
3,0,0.9375,0.0,0.0,0.0625,0.0,0.0,0.0,0.0,0.0,0.0,0.0
3,0,0.9375,0.0,0.0,0.0625,0.0,0.0,0.0,0.0,0.0,0.0,0.0
3,0,0.9375,0.0,0.0,0.0625,0.0,0.0,0.0,0.0,0.0,0.0,0.0
3,0,0.9375,0.0,0.0,0.0625,0.0,0.0,0.0,0.0,0.0,0.0,0.0
3,0,0.9375,0.0,0.0,0.0625,0.0,0.0,0.0,0.0,0.0,0.0,0.0
3,0,0.9375,0.0,0.0,0.0625,0.0,0.0,0.0,0.0,0.0,0.0,0.0
3,0,0.9375,0.0,0.0,0.0625,0.0,0.0,0.0,0.0,0.0,0.0,0.0
3,0,0.9375,0.0,0.0,0.0625,0.0,0.0,0.0,0.0,0.0,0.0,0.0
3,0,0.9375,0.0,0.0,0.0625,0.0,0.0,0.0,0.0,0.0,0.0,0.0
3,0,0.9375,0.0,0.0,0.0625,0.0,0.0,0.0,0.0,0.0,0.0,0.0
3,0,0.9375,0.0,0.0,0.0625,0.0,0.0,0.0,0.0,0.0,0.0,0.0
3,0,0.9375,0.0,0.0,0.0625,0.0,0.0,0.0,0.0,0.0,0.0,0.0
3,0,0.9375,0.0,0.0,0.0625,0.0,0.0,0.0,0.0,0.0,0.0,0.0
3,0,0.9375,0.0,0.0,0.0625,0.0,0.0,0.0,0.0,0.0,0.0,0.0
3,0,0.9375,0.0,0.0,0.0625,0.0,0.0,0.0,0.0,0.0,0.0,0.0
3,0,0.9375,0.0,0.0,0.0625,0.0,0.0,0.0,0.0,0.0,0.0,0.0
3,0,0.9375,0.0,0.0,0.0625,0.0,0.0,0.0,0.0,0.0,0.0,0.0
3,0,0.9375,0.0,0.0,0.0625,0.0,0.0,0.0,0.0,0.0,0.0,0.0
3,0,0.9375,0.0,0.0,0.0625,0.0,0.0,0.0,0.0,0.0,0.0,0.0
3,0,0.9375,0.0,0.0,0.0625,0.0,0.0,0.0,0.0,0.0,0.0,0.0
3,0,0.9375,0.0,0.0,0.0625,0.0,0.0,0.0,0.0,0.0,0.0,0.0
3,0,0.9375,0.0,0.0,0.0625,0.0,0.0,0.0,0.0,0.0,0.0,0.0
3,0,0.9375,0.0,0.0,0.0625,0.0,0.0,0.0,0.0,0.0,0.0,0.0
3,0,0.9375,0.0,0.0,0.0625,0.0,0.0,0.0,0.0,0.0,0.0,0.0
3,0,0.9375,0.0,0.0,0.0625,0.0,0.0,0.0,0.0,0.0,0.0,0.0
3,0,0.9375,0.0,0.0,0.0625,0.0,0.0,0.0,0.0,0.0,0.0,0.0
3,0,0.9375,0.0,0.0,0.0625,0.0,0.0,0.0,0.0,0.0,0.0,0.0
3,0,0.9375,0.0,0.0,0.0625,0.0,0.0,0.0,0.0,0.0,0.0,0.0
3,0,0.9375,0.0,0.0,0.0625,0.0,0.0,0.0,0.0,0.0,0.0,0.0
3,0,0.9375,0.0,0.0,0.0625,0.0,0.0,0.0,0.0,0.0,0.0,0.0
3,0,0.9375,0.0,0.0,0.0625,0.0,0.0,0.0,0.0,0.0,0.0,0.0
3,0,0.9375,0.0,0.0,0.0625,0.0,0.0,0.0,0.0,0.0,0.0,0.0
3,0,0.9375,0.0,0.0,0.0625,0.0,0.0,0.0,0.0,0.0,0.0,0.0
3,0,0.9375,0.0,0.0,0.0625,0.0,0.0,0.0,0.0,0.0,0.0,0.0
3,0,0.9375,0.0,0.0,0.0625,0.0,0.0,0.0,0.0,0.0,0.0,0.0
3,0,0.9375,0.0,0.0,0.0625,0.0,0.0,0.0,0.0,0.0,0.0,0.0
3,0,0.9375,0.0,0.0,0.0625,0.0,0.0,0.0,0.0,0.0,0.0,0.0
3,0,0.9375,0.0,0.0,0.0625,0.0,0.0,0.0,0.0,0.0,0.0,0.0
3,0,0.9375,0.0,0.0,0.0625,0.0,0.0,0.0,0.0,0.0,0.0,0.0
3,0,0.9375,0.0,0.0,0.0625,0.0,0.0,0.0,0.0,0.0,0.0,0.0
3,0,0.9375,0.0,0.0,0.0625,0.0,0.0,0.0,0.0,0.0,0.0,0.0
3,0,0.9375,0.0,0.0,0.0625,0.0,0.0,0.0,0.0,0.0,0.0,0.0
3,0,0.9375,0.0,0.0,0.0625,0.0,0.0,0.0,0.0,0.0,0.0,0.0
3,0,0.9375,0.0,0.0,0.0625,0.0,0.0,0.0,0.0,0.0,0.0,0.0
3,0,0.9375,0.0,0.0,0.0625,0.0,0.0,0.0,0.0,0.0,0.0,0.0
3,0,0.9375,0.0,0.0,0.0625,0.0,0.0,0.0,0.0,0.0,0.0,0.0
3,0,0.9375,0.0,0.0,0.0625,0.0,0.0,0.0,0.0,0.0,0.0,0.0
3,0,0.9375,0.0,0.0,0.0625,0.0,0.0,0.0,0.0,0.0,0.0,0.0
3,0,0.9375,0.0,0.0,0.0625,0.0,0.0,0.0,0.0,0.0,0.0,0.0
3,0,0.9375,0.0,0.0,0.0625,0.0,0.0,0.0,0.0,0.0,0.0,0.0
3,0,0.9375,0.0,0.0,0.0625,0.0,0.0,0.0,0.0,0.0,0.0,0.0
3,0,0.9375,0.0,0.0,0.0625,0.0,0.0,0.0,0.0,0.0,0.0,0.0
3,0,0.9375,0.0,0.0,0.0625,0.0,0.0,0.0,0.0,0.0,0.0,0.0
3,0,0.9375,0.0,0.0,0.0625,0.0,0.0,0.0,0.0,0.0,0.0,0.0
3,0,0.9375,0.0,0.0,0.0625,0.0,0.0,0.0,0.0,0.0,0.0,0.0
3,0,0.9375,0.0,0.0,0.0625,0.0,0.0,0.0,0.0,0.0,0.0,0.0
3,0,0.9375,0.0,0.0,0.0625,0.0,0.0,0.0,0.0,0.0,0.0,0.0
3,0,0.9375,0.0,0.0,0.0625,0.0,0.0,0.0,0.0,0.0,0.0,0.0
3,0,0.9375,0.0,0.0,0.0625,0.0,0.0,0.0,0.0,0.0,0.0,0.0
3,0,0.9375,0.0,0.0,0.0625,0.0,0.0,0.0,0.0,0.0,0.0,0.0
3,0,0.9375,0.0,0.0,0.0625,0.0,0.0,0.0,0.0,0.0,0.0,0.0
3,0,0.9375,0.0,0.0,0.0625,0.0,0.0,0.0,0.0,0.0,0.0,0.0
3,0,0.9375,0.0,0.0,0.0625,0.0,0.0,0.0,0.0,0.0,0.0,0.0
3,0,0.9375,0.0,0.0,0.0625,0.0,0.0,0.0,0.0,0.0,0.0,0.0
3,0,0.9375,0.0,0.0,0.0625,0.0,0.0,0.0,0.0,0.0,0.0,0.0
3,0,0.9375,0.0,0.0,0.0625,0.0,0.0,0.0,0.0,0.0,0.0,0.0
3,0,0.9375,0.0,0.0,0.0625,0.0,0.0,0.0,0.0,0.0,0.0,0.0
3,0,0.875,0.0,0.0,0.125,0.0,0.0,0.0,0.0,0.0,0.0,0.0
3,0,0.875,0.0,0.0,0.125,0.0,0.0,0.0,0.0,0.0,0.0,0.0
3,0,0.875,0.0,0.0,0.125,0.0,0.0,0.0,0.0,0.0,0.0,0.0
3,0,0.875,0.0,0.0,0.125,0.0,0.0,0.0,0.0,0.0,0.0,0.0
3,0,0.875,0.0,0.0,0.125,0.0,0.0,0.0,0.0,0.0,0.0,0.0
3,0,0.875,0.0,0.0,0.125,0.0,0.0,0.0,0.0,0.0,0.0,0.0
3,0,0.875,0.0,0.0,0.125,0.0,0.0,0.0,0.0,0.0,0.0,0.0
3,0,0.875,0.0,0.0,0.125,0.0,0.0,0.0,0.0,0.0,0.0,0.0
3,0,0.875,0.0,0.0,0.125,0.0,0.0,0.0,0.0,0.0,0.0,0.0
3,0,0.875,0.0,0.0,0.125,0.0,0.0,0.0,0.0,0.0,0.0,0.0
3,0,0.875,0.0,0.0,0.125,0.0,0.0,0.0,0.0,0.0,0.0,0.0
3,0,0.875,0.0,0.0,0.125,0.0,0.0,0.0,0.0,0.0,0.0,0.0
3,0,0.875,0.0,0.0,0.125,0.0,0.0,0.0,0.0,0.0,0.0,0.0
3,0,0.875,0.0,0.0,0.125,0.0,0.0,0.0,0.0,0.0,0.0,0.0
3,0,0.875,0.0,0.0,0.125,0.0,0.0,0.0,0.0,0.0,0.0,0.0
3,0,0.875,0.0,0.0,0.125,0.0,0.0,0.0,0.0,0.0,0.0,0.0
3,0,0.875,0.0,0.0,0.125,0.0,0.0,0.0,0.0,0.0,0.0,0.0
3,0,0.875,0.0,0.0,0.125,0.0,0.0,0.0,0.0,0.0,0.0,0.0
3,0,0.875,0.0,0.0,0.125,0.0,0.0,0.0,0.0,0.0,0.0,0.0
3,0,0.875,0.0,0.0,0.125,0.0,0.0,0.0,0.0,0.0,0.0,0.0
3,0,0.875,0.0,0.0,0.125,0.0,0.0,0.0,0.0,0.0,0.0,0.0
3,0,0.875,0.0,0.0,0.125,0.0,0.0,0.0,0.0,0.0,0.0,0.0
3,0,0.875,0.0,0.0,0.125,0.0,0.0,0.0,0.0,0.0,0.0,0.0
3,0,0.875,0.0,0.0,0.125,0.0,0.0,0.0,0.0,0.0,0.0,0.0
3,0,0.875,0.0,0.0,0.125,0.0,0.0,0.0,0.0,0.0,0.0,0.0
3,0,0.875,0.0,0.0,0.125,0.0,0.0,0.0,0.0,0.0,0.0,0.0
3,0,0.875,0.0,0.0,0.125,0.0,0.0,0.0,0.0,0.0,0.0,0.0
3,0,0.875,0.0,0.0,0.125,0.0,0.0,0.0,0.0,0.0,0.0,0.0
3,0,0.875,0.0,0.0,0.125,0.0,0.0,0.0,0.0,0.0,0.0,0.0
3,0,0.875,0.0,0.0,0.125,0.0,0.0,0.0,0.0,0.0,0.0,0.0
3,0,0.875,0.0,0.0,0.125,0.0,0.0,0.0,0.0,0.0,0.0,0.0
3,0,0.875,0.0,0.0,0.125,0.0,0.0,0.0,0.0,0.0,0.0,0.0
3,0,0.8125,0.0625,0.0,0.125,0.0,0.0,0.0,0.0,0.0,0.0,0.0
3,0,0.8125,0.0625,0.0,0.125,0.0,0.0,0.0,0.0,0.0,0.0,0.0
3,0,0.8125,0.0625,0.0,0.125,0.0,0.0,0.0,0.0,0.0,0.0,0.0
3,0,0.8125,0.0625,0.0,0.125,0.0,0.0,0.0,0.0,0.0,0.0,0.0
3,0,0.8125,0.0625,0.0,0.125,0.0,0.0,0.0,0.0,0.0,0.0,0.0
3,0,0.8125,0.0625,0.0,0.125,0.0,0.0,0.0,0.0,0.0,0.0,0.0
3,0,0.8125,0.0625,0.0,0.125,0.0,0.0,0.0,0.0,0.0,0.0,0.0
3,0,0.8125,0.0625,0.0,0.125,0.0,0.0,0.0,0.0,0.0,0.0,0.0
3,0,0.8125,0.0625,0.0,0.125,0.0,0.0,0.0,0.0,0.0,0.0,0.0
3,0,0.8125,0.0625,0.0,0.125,0.0,0.0,0.0,0.0,0.0,0.0,0.0
3,0,0.8125,0.0625,0.0,0.125,0.0,0.0,0.0,0.0,0.0,0.0,0.0
3,0,0.8125,0.0625,0.0,0.125,0.0,0.0,0.0,0.0,0.0,0.0,0.0
3,0,0.8125,0.0625,0.0,0.125,0.0,0.0,0.0,0.0,0.0,0.0,0.0
3,0,0.8125,0.0625,0.0,0.125,0.0,0.0,0.0,0.0,0.0,0.0,0.0
3,0,0.8125,0.0625,0.0,0.125,0.0,0.0,0.0,0.0,0.0,0.0,0.0
3,0,0.8125,0.0625,0.0,0.125,0.0,0.0,0.0,0.0,0.0,0.0,0.0
3,0,0.8125,0.0625,0.0,0.125,0.0,0.0,0.0,0.0,0.0,0.0,0.0
3,0,0.8125,0.0625,0.0,0.125,0.0,0.0,0.0,0.0,0.0,0.0,0.0
3,0,0.8125,0.0625,0.0,0.125,0.0,0.0,0.0,0.0,0.0,0.0,0.0
3,0,0.8125,0.0625,0.0,0.125,0.0,0.0,0.0,0.0,0.0,0.0,0.0
3,0,0.8125,0.0625,0.0,0.125,0.0,0.0,0.0,0.0,0.0,0.0,0.0
3,0,0.8125,0.0625,0.0,0.125,0.0,0.0,0.0,0.0,0.0,0.0,0.0
3,0,0.75,0.0625,0.0,0.1875,0.0,0.0,0.0,0.0,0.0,0.0,0.0
3,0,0.75,0.0625,0.0,0.1875,0.0,0.0,0.0,0.0,0.0,0.0,0.0
3,0,0.6875,0.125,0.0,0.1875,0.0,0.0,0.0,0.0,0.0,0.0,0.0
3,0,0.6875,0.125,0.0,0.1875,0.0,0.0,0.0,0.0,0.0,0.0,0.0
3,0,0.6875,0.125,0.0,0.1875,0.0,0.0,0.0,0.0,0.0,0.0,0.0
3,0,0.6875,0.125,0.0,0.1875,0.0,0.0,0.0,0.0,0.0,0.0,0.0
3,0,0.6875,0.125,0.0,0.1875,0.0,0.0,0.0,0.0,0.0,0.0,0.0
3,0,0.6875,0.125,0.0,0.1875,0.0,0.0,0.0,0.0,0.0,0.0,0.0
3,0,0.6875,0.125,0.0,0.1875,0.0,0.0,0.0,0.0,0.0,0.0,0.0
3,0,0.6875,0.125,0.0,0.1875,0.0,0.0,0.0,0.0,0.0,0.0,0.0
3,0,0.6875,0.125,0.0,0.1875,0.0,0.0,0.0,0.0,0.0,0.0,0.0
3,0,0.6875,0.125,0.0,0.1875,0.0,0.0,0.0,0.0,0.0,0.0,0.0
3,0,0.6875,0.125,0.0,0.1875,0.0,0.0,0.0,0.0,0.0,0.0,0.0
3,0,0.6875,0.125,0.0,0.1875,0.0,0.0,0.0,0.0,0.0,0.0,0.0
3,0,0.6875,0.125,0.0,0.1875,0.0,0.0,0.0,0.0,0.0,0.0,0.0
3,0,0.6875,0.125,0.0,0.1875,0.0,0.0,0.0,0.0,0.0,0.0,0.0
3,0,0.6875,0.125,0.0,0.1875,0.0,0.0,0.0,0.0,0.0,0.0,0.0
3,0,0.6875,0.125,0.0,0.1875,0.0,0.0,0.0,0.0,0.0,0.0,0.0
3,0,0.6875,0.125,0.0,0.1875,0.0,0.0,0.0,0.0,0.0,0.0,0.0
3,0,0.6875,0.125,0.0,0.1875,0.0,0.0,0.0,0.0,0.0,0.0,0.0
3,0,0.6875,0.125,0.0,0.1875,0.0,0.0,0.0,0.0,0.0,0.0,0.0
3,0,0.6875,0.125,0.0,0.1875,0.0,0.0,0.0,0.0,0.0,0.0,0.0
3,0,0.6875,0.125,0.0,0.1875,0.0,0.0,0.0,0.0,0.0,0.0,0.0
3,0,0.6875,0.125,0.0,0.1875,0.0,0.0,0.0,0.0,0.0,0.0,0.0
3,0,0.6875,0.125,0.0,0.1875,0.0,0.0,0.0,0.0,0.0,0.0,0.0
3,0,0.6875,0.125,0.0,0.1875,0.0,0.0,0.0,0.0,0.0,0.0,0.0
3,0,0.6875,0.125,0.0,0.1875,0.0,0.0,0.0,0.0,0.0,0.0,0.0
3,0,0.6875,0.125,0.0,0.1875,0.0,0.0,0.0,0.0,0.0,0.0,0.0
3,0,0.6875,0.125,0.0,0.1875,0.0,0.0,0.0,0.0,0.0,0.0,0.0
3,0,0.6875,0.125,0.0,0.1875,0.0,0.0,0.0,0.0,0.0,0.0,0.0
3,0,0.6875,0.125,0.0,0.1875,0.0,0.0,0.0,0.0,0.0,0.0,0.0
3,0,0.6875,0.125,0.0,0.1875,0.0,0.0,0.0,0.0,0.0,0.0,0.0
3,0,0.6875,0.125,0.0,0.1875,0.0,0.0,0.0,0.0,0.0,0.0,0.0
3,0,0.6875,0.125,0.0,0.1875,0.0,0.0,0.0,0.0,0.0,0.0,0.0
3,0,0.6875,0.125,0.0,0.1875,0.0,0.0,0.0,0.0,0.0,0.0,0.0
3,0,0.6875,0.125,0.0,0.1875,0.0,0.0,0.0,0.0,0.0,0.0,0.0
3,0,0.6875,0.125,0.0,0.1875,0.0,0.0,0.0,0.0,0.0,0.0,0.0
3,0,0.6875,0.125,0.0,0.1875,0.0,0.0,0.0,0.0,0.0,0.0,0.0
3,0,0.6875,0.125,0.0,0.1875,0.0,0.0,0.0,0.0,0.0,0.0,0.0
3,0,0.6875,0.125,0.0,0.1875,0.0,0.0,0.0,0.0,0.0,0.0,0.0
3,0,0.6875,0.125,0.0,0.1875,0.0,0.0,0.0,0.0,0.0,0.0,0.0
3,0,0.6875,0.125,0.0,0.1875,0.0,0.0,0.0,0.0,0.0,0.0,0.0
3,0,0.6875,0.125,0.0,0.1875,0.0,0.0,0.0,0.0,0.0,0.0,0.0
3,0,0.6875,0.125,0.0,0.1875,0.0,0.0,0.0,0.0,0.0,0.0,0.0
3,0,0.6875,0.125,0.0,0.1875,0.0,0.0,0.0,0.0,0.0,0.0,0.0
3,0,0.6875,0.125,0.0,0.1875,0.0,0.0,0.0,0.0,0.0,0.0,0.0
3,0,0.6875,0.125,0.0,0.1875,0.0,0.0,0.0,0.0,0.0,0.0,0.0
3,0,0.6875,0.125,0.0,0.1875,0.0,0.0,0.0,0.0,0.0,0.0,0.0
3,0,0.6875,0.125,0.0,0.1875,0.0,0.0,0.0,0.0,0.0,0.0,0.0
3,0,0.6875,0.125,0.0,0.1875,0.0,0.0,0.0,0.0,0.0,0.0,0.0
3,0,0.6875,0.125,0.0,0.1875,0.0,0.0,0.0,0.0,0.0,0.0,0.0
3,0,0.6875,0.125,0.0,0.1875,0.0,0.0,0.0,0.0,0.0,0.0,0.0
3,0,0.6875,0.125,0.0,0.1875,0.0,0.0,0.0,0.0,0.0,0.0,0.0
3,0,0.6875,0.125,0.0,0.1875,0.0,0.0,0.0,0.0,0.0,0.0,0.0
3,0,0.6875,0.125,0.0,0.1875,0.0,0.0,0.0,0.0,0.0,0.0,0.0
3,0,0.6875,0.125,0.0,0.1875,0.0,0.0,0.0,0.0,0.0,0.0,0.0
3,0,0.6875,0.125,0.0,0.1875,0.0,0.0,0.0,0.0,0.0,0.0,0.0
3,0,0.6875,0.125,0.0,0.1875,0.0,0.0,0.0,0.0,0.0,0.0,0.0
3,0,0.625,0.125,0.0,0.25,0.0,0.0,0.0,0.0,0.0,0.0,0.0
3,0,0.625,0.125,0.0,0.25,0.0,0.0,0.0,0.0,0.0,0.0,0.0
3,0,0.625,0.125,0.0,0.25,0.0,0.0,0.0,0.0,0.0,0.0,0.0
3,0,0.625,0.125,0.0,0.25,0.0,0.0,0.0,0.0,0.0,0.0,0.0
3,0,0.625,0.125,0.0,0.25,0.0,0.0,0.0,0.0,0.0,0.0,0.0
3,0,0.625,0.125,0.0,0.25,0.0,0.0,0.0,0.0,0.0,0.0,0.0
3,0,0.625,0.125,0.0,0.25,0.0,0.0,0.0,0.0,0.0,0.0,0.0
3,0,0.625,0.125,0.0,0.25,0.0,0.0,0.0,0.0,0.0,0.0,0.0
3,0,0.625,0.125,0.0,0.25,0.0,0.0,0.0,0.0,0.0,0.0,0.0
3,0,0.625,0.125,0.0,0.25,0.0,0.0,0.0,0.0,0.0,0.0,0.0
3,0,0.625,0.125,0.0,0.25,0.0,0.0,0.0,0.0,0.0,0.0,0.0
3,0,0.625,0.125,0.0,0.25,0.0,0.0,0.0,0.0,0.0,0.0,0.0
3,0,0.625,0.125,0.0,0.25,0.0,0.0,0.0,0.0,0.0,0.0,0.0
3,0,0.625,0.125,0.0,0.25,0.0,0.0,0.0,0.0,0.0,0.0,0.0
3,0,0.625,0.125,0.0,0.25,0.0,0.0,0.0,0.0,0.0,0.0,0.0
3,0,0.625,0.125,0.0,0.25,0.0,0.0,0.0,0.0,0.0,0.0,0.0
3,0,0.625,0.125,0.0,0.25,0.0,0.0,0.0,0.0,0.0,0.0,0.0
3,0,0.625,0.125,0.0,0.25,0.0,0.0,0.0,0.0,0.0,0.0,0.0
3,0,0.625,0.125,0.0,0.25,0.0,0.0,0.0,0.0,0.0,0.0,0.0
3,0,0.625,0.125,0.0,0.25,0.0,0.0,0.0,0.0,0.0,0.0,0.0
3,0,0.625,0.125,0.0,0.25,0.0,0.0,0.0,0.0,0.0,0.0,0.0
3,0,0.625,0.125,0.0,0.25,0.0,0.0,0.0,0.0,0.0,0.0,0.0
3,0,0.625,0.125,0.0,0.25,0.0,0.0,0.0,0.0,0.0,0.0,0.0
3,0,0.625,0.125,0.0,0.25,0.0,0.0,0.0,0.0,0.0,0.0,0.0
3,0,0.625,0.125,0.0,0.25,0.0,0.0,0.0,0.0,0.0,0.0,0.0
3,0,0.625,0.125,0.0,0.25,0.0,0.0,0.0,0.0,0.0,0.0,0.0
3,0,0.625,0.125,0.0,0.25,0.0,0.0,0.0,0.0,0.0,0.0,0.0
3,0,0.625,0.125,0.0,0.25,0.0,0.0,0.0,0.0,0.0,0.0,0.0
3,0,0.625,0.125,0.0,0.25,0.0,0.0,0.0,0.0,0.0,0.0,0.0
3,0,0.625,0.125,0.0,0.25,0.0,0.0,0.0,0.0,0.0,0.0,0.0
3,0,0.625,0.125,0.0,0.25,0.0,0.0,0.0,0.0,0.0,0.0,0.0
3,0,0.625,0.125,0.0,0.25,0.0,0.0,0.0,0.0,0.0,0.0,0.0
3,0,0.625,0.125,0.0,0.25,0.0,0.0,0.0,0.0,0.0,0.0,0.0
3,0,0.625,0.125,0.0,0.25,0.0,0.0,0.0,0.0,0.0,0.0,0.0
3,0,0.625,0.125,0.0,0.25,0.0,0.0,0.0,0.0,0.0,0.0,0.0
3,0,0.625,0.125,0.0,0.25,0.0,0.0,0.0,0.0,0.0,0.0,0.0
3,0,0.625,0.125,0.0,0.25,0.0,0.0,0.0,0.0,0.0,0.0,0.0
3,0,0.625,0.125,0.0,0.25,0.0,0.0,0.0,0.0,0.0,0.0,0.0
3,0,0.625,0.125,0.0,0.25,0.0,0.0,0.0,0.0,0.0,0.0,0.0
3,0,0.625,0.125,0.0,0.25,0.0,0.0,0.0,0.0,0.0,0.0,0.0
3,0,0.625,0.125,0.0,0.25,0.0,0.0,0.0,0.0,0.0,0.0,0.0
3,0,0.625,0.125,0.0,0.25,0.0,0.0,0.0,0.0,0.0,0.0,0.0
3,0,0.625,0.125,0.0,0.25,0.0,0.0,0.0,0.0,0.0,0.0,0.0
3,0,0.625,0.125,0.0,0.25,0.0,0.0,0.0,0.0,0.0,0.0,0.0
3,0,0.625,0.125,0.0,0.25,0.0,0.0,0.0,0.0,0.0,0.0,0.0
3,0,0.625,0.125,0.0,0.25,0.0,0.0,0.0,0.0,0.0,0.0,0.0
3,0,0.625,0.125,0.0,0.25,0.0,0.0,0.0,0.0,0.0,0.0,0.0
3,0,0.625,0.125,0.0,0.25,0.0,0.0,0.0,0.0,0.0,0.0,0.0
3,0,0.625,0.125,0.0,0.25,0.0,0.0,0.0,0.0,0.0,0.0,0.0
3,0,0.625,0.125,0.0,0.25,0.0,0.0,0.0,0.0,0.0,0.0,0.0
3,0,0.625,0.125,0.0,0.25,0.0,0.0,0.0,0.0,0.0,0.0,0.0
3,0,0.625,0.125,0.0,0.25,0.0,0.0,0.0,0.0,0.0,0.0,0.0
3,0,0.625,0.125,0.0,0.25,0.0,0.0,0.0,0.0,0.0,0.0,0.0
3,0,0.625,0.125,0.0,0.25,0.0,0.0,0.0,0.0,0.0,0.0,0.0
3,0,0.625,0.125,0.0,0.25,0.0,0.0,0.0,0.0,0.0,0.0,0.0
3,0,0.625,0.125,0.0,0.25,0.0,0.0,0.0,0.0,0.0,0.0,0.0
3,0,0.625,0.125,0.0,0.25,0.0,0.0,0.0,0.0,0.0,0.0,0.0
3,0,0.625,0.125,0.0,0.25,0.0,0.0,0.0,0.0,0.0,0.0,0.0
3,0,0.625,0.125,0.0,0.25,0.0,0.0,0.0,0.0,0.0,0.0,0.0
3,0,0.625,0.125,0.0,0.25,0.0,0.0,0.0,0.0,0.0,0.0,0.0
3,0,0.625,0.125,0.0,0.25,0.0,0.0,0.0,0.0,0.0,0.0,0.0
3,0,0.625,0.125,0.0,0.25,0.0,0.0,0.0,0.0,0.0,0.0,0.0
3,0,0.625,0.125,0.0,0.25,0.0,0.0,0.0,0.0,0.0,0.0,0.0
3,0,0.625,0.125,0.0,0.25,0.0,0.0,0.0,0.0,0.0,0.0,0.0
3,0,0.625,0.125,0.0,0.25,0.0,0.0,0.0,0.0,0.0,0.0,0.0
3,0,0.625,0.125,0.0,0.25,0.0,0.0,0.0,0.0,0.0,0.0,0.0
3,0,0.625,0.125,0.0,0.25,0.0,0.0,0.0,0.0,0.0,0.0,0.0
3,0,0.625,0.125,0.0,0.25,0.0,0.0,0.0,0.0,0.0,0.0,0.0
3,0,0.625,0.125,0.0,0.25,0.0,0.0,0.0,0.0,0.0,0.0,0.0
3,0,0.625,0.125,0.0,0.25,0.0,0.0,0.0,0.0,0.0,0.0,0.0
3,0,0.625,0.125,0.0,0.25,0.0,0.0,0.0,0.0,0.0,0.0,0.0
3,0,0.625,0.125,0.0,0.25,0.0,0.0,0.0,0.0,0.0,0.0,0.0
3,0,0.625,0.125,0.0,0.25,0.0,0.0,0.0,0.0,0.0,0.0,0.0
3,0,0.625,0.125,0.0,0.25,0.0,0.0,0.0,0.0,0.0,0.0,0.0
3,0,0.625,0.125,0.0,0.25,0.0,0.0,0.0,0.0,0.0,0.0,0.0
3,0,0.625,0.125,0.0,0.25,0.0,0.0,0.0,0.0,0.0,0.0,0.0
3,0,0.625,0.125,0.0,0.25,0.0,0.0,0.0,0.0,0.0,0.0,0.0
3,0,0.625,0.125,0.0,0.25,0.0,0.0,0.0,0.0,0.0,0.0,0.0
3,0,0.625,0.125,0.0,0.25,0.0,0.0,0.0,0.0,0.0,0.0,0.0
3,0,0.625,0.125,0.0,0.25,0.0,0.0,0.0,0.0,0.0,0.0,0.0
3,0,0.625,0.125,0.0,0.25,0.0,0.0,0.0,0.0,0.0,0.0,0.0
3,0,0.625,0.125,0.0,0.25,0.0,0.0,0.0,0.0,0.0,0.0,0.0
3,0,0.625,0.125,0.0,0.25,0.0,0.0,0.0,0.0,0.0,0.0,0.0
3,0,0.625,0.125,0.0,0.25,0.0,0.0,0.0,0.0,0.0,0.0,0.0
3,0,0.625,0.125,0.0,0.25,0.0,0.0,0.0,0.0,0.0,0.0,0.0
3,0,0.625,0.125,0.0,0.25,0.0,0.0,0.0,0.0,0.0,0.0,0.0
3,0,0.625,0.125,0.0,0.25,0.0,0.0,0.0,0.0,0.0,0.0,0.0
3,0,0.625,0.125,0.0,0.25,0.0,0.0,0.0,0.0,0.0,0.0,0.0
3,0,0.625,0.125,0.0,0.25,0.0,0.0,0.0,0.0,0.0,0.0,0.0
3,0,0.625,0.125,0.0,0.25,0.0,0.0,0.0,0.0,0.0,0.0,0.0
3,0,0.625,0.125,0.0,0.25,0.0,0.0,0.0,0.0,0.0,0.0,0.0
3,0,0.625,0.125,0.0,0.25,0.0,0.0,0.0,0.0,0.0,0.0,0.0
3,0,0.625,0.125,0.0,0.25,0.0,0.0,0.0,0.0,0.0,0.0,0.0
3,0,0.625,0.125,0.0,0.25,0.0,0.0,0.0,0.0,0.0,0.0,0.0
3,0,0.625,0.125,0.0,0.25,0.0,0.0,0.0,0.0,0.0,0.0,0.0
3,0,0.625,0.125,0.0,0.25,0.0,0.0,0.0,0.0,0.0,0.0,0.0
3,0,0.625,0.125,0.0,0.25,0.0,0.0,0.0,0.0,0.0,0.0,0.0
3,0,0.625,0.125,0.0,0.25,0.0,0.0,0.0,0.0,0.0,0.0,0.0
3,0,0.625,0.125,0.0,0.25,0.0,0.0,0.0,0.0,0.0,0.0,0.0
3,0,0.625,0.125,0.0,0.25,0.0,0.0,0.0,0.0,0.0,0.0,0.0
3,0,0.625,0.125,0.0,0.25,0.0,0.0,0.0,0.0,0.0,0.0,0.0
3,0,0.625,0.125,0.0,0.25,0.0,0.0,0.0,0.0,0.0,0.0,0.0
3,0,0.625,0.125,0.0,0.25,0.0,0.0,0.0,0.0,0.0,0.0,0.0
3,0,0.625,0.125,0.0,0.25,0.0,0.0,0.0,0.0,0.0,0.0,0.0
3,0,0.625,0.125,0.0,0.25,0.0,0.0,0.0,0.0,0.0,0.0,0.0
3,0,0.625,0.125,0.0,0.25,0.0,0.0,0.0,0.0,0.0,0.0,0.0
3,0,0.625,0.125,0.0,0.25,0.0,0.0,0.0,0.0,0.0,0.0,0.0
3,0,0.625,0.125,0.0,0.25,0.0,0.0,0.0,0.0,0.0,0.0,0.0
3,0,0.625,0.125,0.0,0.25,0.0,0.0,0.0,0.0,0.0,0.0,0.0
3,0,0.625,0.125,0.0,0.25,0.0,0.0,0.0,0.0,0.0,0.0,0.0
3,0,0.625,0.125,0.0,0.25,0.0,0.0,0.0,0.0,0.0,0.0,0.0
3,0,0.625,0.125,0.0,0.25,0.0,0.0,0.0,0.0,0.0,0.0,0.0
3,0,0.625,0.125,0.0,0.25,0.0,0.0,0.0,0.0,0.0,0.0,0.0
3,0,0.625,0.125,0.0,0.25,0.0,0.0,0.0,0.0,0.0,0.0,0.0
3,0,0.625,0.125,0.0,0.25,0.0,0.0,0.0,0.0,0.0,0.0,0.0
3,0,0.625,0.125,0.0,0.25,0.0,0.0,0.0,0.0,0.0,0.0,0.0
3,0,0.625,0.125,0.0,0.25,0.0,0.0,0.0,0.0,0.0,0.0,0.0
3,0,0.625,0.125,0.0,0.25,0.0,0.0,0.0,0.0,0.0,0.0,0.0
3,0,0.625,0.125,0.0,0.25,0.0,0.0,0.0,0.0,0.0,0.0,0.0
3,0,0.625,0.125,0.0,0.25,0.0,0.0,0.0,0.0,0.0,0.0,0.0
3,0,0.625,0.125,0.0,0.25,0.0,0.0,0.0,0.0,0.0,0.0,0.0
3,0,0.625,0.125,0.0,0.25,0.0,0.0,0.0,0.0,0.0,0.0,0.0
3,0,0.625,0.125,0.0,0.25,0.0,0.0,0.0,0.0,0.0,0.0,0.0
3,0,0.625,0.125,0.0,0.25,0.0,0.0,0.0,0.0,0.0,0.0,0.0
3,0,0.625,0.125,0.0,0.25,0.0,0.0,0.0,0.0,0.0,0.0,0.0
3,0,0.625,0.125,0.0,0.25,0.0,0.0,0.0,0.0,0.0,0.0,0.0
3,0,0.625,0.125,0.0,0.25,0.0,0.0,0.0,0.0,0.0,0.0,0.0
3,0,0.625,0.125,0.0,0.25,0.0,0.0,0.0,0.0,0.0,0.0,0.0
3,0,0.625,0.125,0.0,0.25,0.0,0.0,0.0,0.0,0.0,0.0,0.0
3,0,0.625,0.125,0.0,0.25,0.0,0.0,0.0,0.0,0.0,0.0,0.0
3,0,0.625,0.125,0.0,0.25,0.0,0.0,0.0,0.0,0.0,0.0,0.0
3,0,0.625,0.125,0.0,0.25,0.0,0.0,0.0,0.0,0.0,0.0,0.0
3,0,0.625,0.125,0.0,0.25,0.0,0.0,0.0,0.0,0.0,0.0,0.0
3,0,0.625,0.125,0.0,0.25,0.0,0.0,0.0,0.0,0.0,0.0,0.0
3,0,0.625,0.125,0.0,0.25,0.0,0.0,0.0,0.0,0.0,0.0,0.0
3,0,0.625,0.125,0.0,0.25,0.0,0.0,0.0,0.0,0.0,0.0,0.0
3,0,0.625,0.125,0.0,0.25,0.0,0.0,0.0,0.0,0.0,0.0,0.0
3,0,0.625,0.125,0.0,0.25,0.0,0.0,0.0,0.0,0.0,0.0,0.0
3,0,0.625,0.125,0.0,0.25,0.0,0.0,0.0,0.0,0.0,0.0,0.0
3,0,0.625,0.125,0.0,0.25,0.0,0.0,0.0,0.0,0.0,0.0,0.0
3,0,0.625,0.125,0.0,0.25,0.0,0.0,0.0,0.0,0.0,0.0,0.0
3,0,0.625,0.125,0.0,0.25,0.0,0.0,0.0,0.0,0.0,0.0,0.0
3,0,0.625,0.125,0.0,0.25,0.0,0.0,0.0,0.0,0.0,0.0,0.0
3,0,0.625,0.125,0.0,0.25,0.0,0.0,0.0,0.0,0.0,0.0,0.0
3,0,0.625,0.125,0.0,0.25,0.0,0.0,0.0,0.0,0.0,0.0,0.0
3,0,0.625,0.125,0.0,0.25,0.0,0.0,0.0,0.0,0.0,0.0,0.0
3,0,0.625,0.125,0.0,0.25,0.0,0.0,0.0,0.0,0.0,0.0,0.0
3,0,0.625,0.125,0.0,0.25,0.0,0.0,0.0,0.0,0.0,0.0,0.0
3,0,0.625,0.125,0.0,0.25,0.0,0.0,0.0,0.0,0.0,0.0,0.0
3,0,0.625,0.125,0.0,0.25,0.0,0.0,0.0,0.0,0.0,0.0,0.0
3,0,0.6875,0.125,0.0,0.1875,0.0,0.0,0.0,0.0,0.0,0.0,0.0
3,0,0.6875,0.125,0.0,0.1875,0.0,0.0,0.0,0.0,0.0,0.0,0.0
3,0,0.6875,0.125,0.0,0.1875,0.0,0.0,0.0,0.0,0.0,0.0,0.0
3,0,0.6875,0.125,0.0,0.1875,0.0,0.0,0.0,0.0,0.0,0.0,0.0
3,0,0.6875,0.125,0.0,0.1875,0.0,0.0,0.0,0.0,0.0,0.0,0.0
3,0,0.6875,0.125,0.0,0.1875,0.0,0.0,0.0,0.0,0.0,0.0,0.0
3,0,0.6875,0.125,0.0,0.1875,0.0,0.0,0.0,0.0,0.0,0.0,0.0
3,0,0.6875,0.125,0.0,0.1875,0.0,0.0,0.0,0.0,0.0,0.0,0.0
3,0,0.6875,0.125,0.0,0.1875,0.0,0.0,0.0,0.0,0.0,0.0,0.0
3,0,0.6875,0.125,0.0,0.1875,0.0,0.0,0.0,0.0,0.0,0.0,0.0
3,0,0.6875,0.125,0.0,0.1875,0.0,0.0,0.0,0.0,0.0,0.0,0.0
3,0,0.6875,0.125,0.0,0.1875,0.0,0.0,0.0,0.0,0.0,0.0,0.0
3,0,0.6875,0.125,0.0,0.1875,0.0,0.0,0.0,0.0,0.0,0.0,0.0
3,0,0.6875,0.125,0.0,0.1875,0.0,0.0,0.0,0.0,0.0,0.0,0.0
3,0,0.6875,0.125,0.0,0.1875,0.0,0.0,0.0,0.0,0.0,0.0,0.0
3,0,0.6875,0.125,0.0,0.1875,0.0,0.0,0.0,0.0,0.0,0.0,0.0
3,0,0.6875,0.125,0.0,0.1875,0.0,0.0,0.0,0.0,0.0,0.0,0.0
3,0,0.6875,0.125,0.0,0.1875,0.0,0.0,0.0,0.0,0.0,0.0,0.0
3,0,0.75,0.125,0.0,0.125,0.0,0.0,0.0,0.0,0.0,0.0,0.0
3,0,0.75,0.125,0.0,0.125,0.0,0.0,0.0,0.0,0.0,0.0,0.0
3,0,0.75,0.125,0.0,0.125,0.0,0.0,0.0,0.0,0.0,0.0,0.0
3,0,0.75,0.125,0.0,0.125,0.0,0.0,0.0,0.0,0.0,0.0,0.0
3,0,0.75,0.125,0.0,0.125,0.0,0.0,0.0,0.0,0.0,0.0,0.0
3,0,0.75,0.125,0.0,0.125,0.0,0.0,0.0,0.0,0.0,0.0,0.0
3,0,0.75,0.125,0.0,0.125,0.0,0.0,0.0,0.0,0.0,0.0,0.0
3,0,0.75,0.125,0.0,0.125,0.0,0.0,0.0,0.0,0.0,0.0,0.0
3,0,0.75,0.125,0.0,0.125,0.0,0.0,0.0,0.0,0.0,0.0,0.0
3,0,0.75,0.125,0.0,0.125,0.0,0.0,0.0,0.0,0.0,0.0,0.0
3,0,0.75,0.125,0.0,0.125,0.0,0.0,0.0,0.0,0.0,0.0,0.0
3,0,0.75,0.125,0.0,0.125,0.0,0.0,0.0,0.0,0.0,0.0,0.0
3,0,0.75,0.125,0.0,0.125,0.0,0.0,0.0,0.0,0.0,0.0,0.0
3,0,0.75,0.125,0.0,0.125,0.0,0.0,0.0,0.0,0.0,0.0,0.0
3,0,0.75,0.125,0.0,0.125,0.0,0.0,0.0,0.0,0.0,0.0,0.0
3,0,0.75,0.125,0.0,0.125,0.0,0.0,0.0,0.0,0.0,0.0,0.0
3,0,0.75,0.125,0.0,0.125,0.0,0.0,0.0,0.0,0.0,0.0,0.0
3,0,0.75,0.125,0.0,0.125,0.0,0.0,0.0,0.0,0.0,0.0,0.0
3,0,0.75,0.125,0.0,0.125,0.0,0.0,0.0,0.0,0.0,0.0,0.0
3,0,0.75,0.125,0.0,0.125,0.0,0.0,0.0,0.0,0.0,0.0,0.0
3,0,0.75,0.125,0.0,0.125,0.0,0.0,0.0,0.0,0.0,0.0,0.0
3,0,0.75,0.125,0.0,0.125,0.0,0.0,0.0,0.0,0.0,0.0,0.0
3,0,0.75,0.125,0.0,0.125,0.0,0.0,0.0,0.0,0.0,0.0,0.0
3,0,0.75,0.125,0.0,0.125,0.0,0.0,0.0,0.0,0.0,0.0,0.0
3,0,0.75,0.125,0.0,0.125,0.0,0.0,0.0,0.0,0.0,0.0,0.0
3,0,0.75,0.125,0.0,0.125,0.0,0.0,0.0,0.0,0.0,0.0,0.0
3,0,0.75,0.125,0.0,0.125,0.0,0.0,0.0,0.0,0.0,0.0,0.0
3,0,0.75,0.125,0.0,0.125,0.0,0.0,0.0,0.0,0.0,0.0,0.0
3,0,0.75,0.125,0.0,0.125,0.0,0.0,0.0,0.0,0.0,0.0,0.0
3,0,0.75,0.125,0.0,0.125,0.0,0.0,0.0,0.0,0.0,0.0,0.0
3,0,0.75,0.125,0.0,0.125,0.0,0.0,0.0,0.0,0.0,0.0,0.0
3,0,0.75,0.125,0.0,0.125,0.0,0.0,0.0,0.0,0.0,0.0,0.0
3,0,0.75,0.125,0.0,0.125,0.0,0.0,0.0,0.0,0.0,0.0,0.0
3,0,0.75,0.125,0.0,0.125,0.0,0.0,0.0,0.0,0.0,0.0,0.0
3,0,0.75,0.125,0.0,0.125,0.0,0.0,0.0,0.0,0.0,0.0,0.0
3,0,0.75,0.125,0.0,0.125,0.0,0.0,0.0,0.0,0.0,0.0,0.0
3,0,0.75,0.125,0.0,0.125,0.0,0.0,0.0,0.0,0.0,0.0,0.0
3,0,0.75,0.125,0.0,0.125,0.0,0.0,0.0,0.0,0.0,0.0,0.0
3,0,0.75,0.125,0.0,0.125,0.0,0.0,0.0,0.0,0.0,0.0,0.0
3,0,0.75,0.125,0.0,0.125,0.0,0.0,0.0,0.0,0.0,0.0,0.0
3,0,0.75,0.125,0.0,0.125,0.0,0.0,0.0,0.0,0.0,0.0,0.0
3,0,0.75,0.125,0.0,0.125,0.0,0.0,0.0,0.0,0.0,0.0,0.0
3,0,0.75,0.125,0.0,0.125,0.0,0.0,0.0,0.0,0.0,0.0,0.0
3,0,0.75,0.125,0.0,0.125,0.0,0.0,0.0,0.0,0.0,0.0,0.0
3,0,0.75,0.125,0.0,0.125,0.0,0.0,0.0,0.0,0.0,0.0,0.0
3,0,0.75,0.125,0.0,0.125,0.0,0.0,0.0,0.0,0.0,0.0,0.0
3,0,0.8125,0.0625,0.0,0.125,0.0,0.0,0.0,0.0,0.0,0.0,0.0
3,0,0.8125,0.0625,0.0,0.125,0.0,0.0,0.0,0.0,0.0,0.0,0.0
3,0,0.8125,0.0625,0.0,0.125,0.0,0.0,0.0,0.0,0.0,0.0,0.0
3,0,0.8125,0.0625,0.0,0.125,0.0,0.0,0.0,0.0,0.0,0.0,0.0
3,0,0.8125,0.0625,0.0,0.125,0.0,0.0,0.0,0.0,0.0,0.0,0.0
3,0,0.8125,0.0625,0.0,0.125,0.0,0.0,0.0,0.0,0.0,0.0,0.0
3,0,0.8125,0.0625,0.0,0.125,0.0,0.0,0.0,0.0,0.0,0.0,0.0
3,0,0.8125,0.0625,0.0,0.125,0.0,0.0,0.0,0.0,0.0,0.0,0.0
3,0,0.8125,0.0625,0.0,0.125,0.0,0.0,0.0,0.0,0.0,0.0,0.0
3,0,0.8125,0.0625,0.0,0.125,0.0,0.0,0.0,0.0,0.0,0.0,0.0
3,0,0.8125,0.0625,0.0,0.125,0.0,0.0,0.0,0.0,0.0,0.0,0.0
3,0,0.8125,0.0625,0.0,0.125,0.0,0.0,0.0,0.0,0.0,0.0,0.0
3,0,0.8125,0.0625,0.0,0.125,0.0,0.0,0.0,0.0,0.0,0.0,0.0
3,0,0.8125,0.0625,0.0,0.125,0.0,0.0,0.0,0.0,0.0,0.0,0.0
3,0,0.8125,0.0625,0.0,0.125,0.0,0.0,0.0,0.0,0.0,0.0,0.0
3,0,0.8125,0.0625,0.0,0.125,0.0,0.0,0.0,0.0,0.0,0.0,0.0
3,0,0.8125,0.0625,0.0,0.125,0.0,0.0,0.0,0.0,0.0,0.0,0.0
3,0,0.8125,0.0625,0.0,0.125,0.0,0.0,0.0,0.0,0.0,0.0,0.0
3,0,0.8125,0.0625,0.0,0.125,0.0,0.0,0.0,0.0,0.0,0.0,0.0
3,0,0.8125,0.0625,0.0,0.125,0.0,0.0,0.0,0.0,0.0,0.0,0.0
3,0,0.8125,0.0625,0.0,0.125,0.0,0.0,0.0,0.0,0.0,0.0,0.0
3,0,0.8125,0.0625,0.0,0.125,0.0,0.0,0.0,0.0,0.0,0.0,0.0
3,0,0.8125,0.0625,0.0,0.125,0.0,0.0,0.0,0.0,0.0,0.0,0.0
3,0,0.8125,0.0625,0.0,0.125,0.0,0.0,0.0,0.0,0.0,0.0,0.0
3,0,0.8125,0.0625,0.0,0.125,0.0,0.0,0.0,0.0,0.0,0.0,0.0
3,0,0.8125,0.0625,0.0,0.125,0.0,0.0,0.0,0.0,0.0,0.0,0.0
3,0,0.8125,0.0625,0.0,0.125,0.0,0.0,0.0,0.0,0.0,0.0,0.0
3,0,0.8125,0.0625,0.0,0.125,0.0,0.0,0.0,0.0,0.0,0.0,0.0
3,0,0.8125,0.0625,0.0,0.125,0.0,0.0,0.0,0.0,0.0,0.0,0.0
3,0,0.8125,0.0625,0.0,0.125,0.0,0.0,0.0,0.0,0.0,0.0,0.0
3,0,0.8125,0.0625,0.0,0.125,0.0,0.0,0.0,0.0,0.0,0.0,0.0
3,0,0.8125,0.0625,0.0,0.125,0.0,0.0,0.0,0.0,0.0,0.0,0.0
3,0,0.8125,0.0625,0.0,0.125,0.0,0.0,0.0,0.0,0.0,0.0,0.0
3,0,0.8125,0.0625,0.0,0.125,0.0,0.0,0.0,0.0,0.0,0.0,0.0
3,0,0.8125,0.0625,0.0,0.125,0.0,0.0,0.0,0.0,0.0,0.0,0.0
3,0,0.8125,0.0625,0.0,0.125,0.0,0.0,0.0,0.0,0.0,0.0,0.0
3,0,0.8125,0.0625,0.0,0.125,0.0,0.0,0.0,0.0,0.0,0.0,0.0
3,0,0.8125,0.0625,0.0,0.125,0.0,0.0,0.0,0.0,0.0,0.0,0.0
3,0,0.8125,0.0625,0.0,0.125,0.0,0.0,0.0,0.0,0.0,0.0,0.0
3,0,0.8125,0.0625,0.0,0.125,0.0,0.0,0.0,0.0,0.0,0.0,0.0
3,0,0.8125,0.0625,0.0,0.125,0.0,0.0,0.0,0.0,0.0,0.0,0.0
3,0,0.8125,0.0625,0.0,0.125,0.0,0.0,0.0,0.0,0.0,0.0,0.0
3,0,0.8125,0.0625,0.0,0.125,0.0,0.0,0.0,0.0,0.0,0.0,0.0
3,0,0.8125,0.0625,0.0,0.125,0.0,0.0,0.0,0.0,0.0,0.0,0.0
3,0,0.8125,0.0625,0.0,0.125,0.0,0.0,0.0,0.0,0.0,0.0,0.0
3,0,0.8125,0.0625,0.0,0.125,0.0,0.0,0.0,0.0,0.0,0.0,0.0
3,0,0.8125,0.0625,0.0,0.125,0.0,0.0,0.0,0.0,0.0,0.0,0.0
3,0,0.8125,0.0625,0.0,0.125,0.0,0.0,0.0,0.0,0.0,0.0,0.0
3,0,0.8125,0.0625,0.0,0.125,0.0,0.0,0.0,0.0,0.0,0.0,0.0
3,0,0.8125,0.0625,0.0,0.125,0.0,0.0,0.0,0.0,0.0,0.0,0.0
3,0,0.8125,0.0625,0.0,0.125,0.0,0.0,0.0,0.0,0.0,0.0,0.0
3,0,0.8125,0.0625,0.0,0.125,0.0,0.0,0.0,0.0,0.0,0.0,0.0
3,0,0.8125,0.0625,0.0,0.125,0.0,0.0,0.0,0.0,0.0,0.0,0.0
3,0,0.8125,0.0625,0.0,0.125,0.0,0.0,0.0,0.0,0.0,0.0,0.0
3,0,0.8125,0.0625,0.0,0.125,0.0,0.0,0.0,0.0,0.0,0.0,0.0
3,0,0.8125,0.0625,0.0,0.125,0.0,0.0,0.0,0.0,0.0,0.0,0.0
3,0,0.8125,0.0625,0.0,0.125,0.0,0.0,0.0,0.0,0.0,0.0,0.0
3,0,0.8125,0.0625,0.0,0.125,0.0,0.0,0.0,0.0,0.0,0.0,0.0
3,0,0.8125,0.0625,0.0,0.125,0.0,0.0,0.0,0.0,0.0,0.0,0.0
3,0,0.8125,0.0625,0.0,0.125,0.0,0.0,0.0,0.0,0.0,0.0,0.0
3,0,0.8125,0.0625,0.0,0.125,0.0,0.0,0.0,0.0,0.0,0.0,0.0
3,0,0.8125,0.0625,0.0,0.125,0.0,0.0,0.0,0.0,0.0,0.0,0.0
3,0,0.8125,0.0625,0.0,0.125,0.0,0.0,0.0,0.0,0.0,0.0,0.0
3,0,0.8125,0.0625,0.0,0.125,0.0,0.0,0.0,0.0,0.0,0.0,0.0
3,0,0.8125,0.0625,0.0,0.125,0.0,0.0,0.0,0.0,0.0,0.0,0.0
3,0,0.8125,0.0625,0.0,0.125,0.0,0.0,0.0,0.0,0.0,0.0,0.0
3,0,0.8125,0.0625,0.0,0.125,0.0,0.0,0.0,0.0,0.0,0.0,0.0
3,0,0.8125,0.0625,0.0,0.125,0.0,0.0,0.0,0.0,0.0,0.0,0.0
3,0,0.8125,0.0625,0.0,0.125,0.0,0.0,0.0,0.0,0.0,0.0,0.0
3,0,0.8125,0.0625,0.0,0.125,0.0,0.0,0.0,0.0,0.0,0.0,0.0
3,0,0.8125,0.0625,0.0,0.125,0.0,0.0,0.0,0.0,0.0,0.0,0.0
3,0,0.8125,0.0625,0.0,0.125,0.0,0.0,0.0,0.0,0.0,0.0,0.0
3,0,0.8125,0.0625,0.0,0.125,0.0,0.0,0.0,0.0,0.0,0.0,0.0
3,0,0.8125,0.0625,0.0,0.125,0.0,0.0,0.0,0.0,0.0,0.0,0.0
3,0,0.8125,0.0625,0.0,0.125,0.0,0.0,0.0,0.0,0.0,0.0,0.0
3,0,0.8125,0.0625,0.0,0.125,0.0,0.0,0.0,0.0,0.0,0.0,0.0
3,0,0.8125,0.0625,0.0,0.125,0.0,0.0,0.0,0.0,0.0,0.0,0.0
3,0,0.8125,0.0625,0.0,0.125,0.0,0.0,0.0,0.0,0.0,0.0,0.0
3,0,0.8125,0.0625,0.0,0.125,0.0,0.0,0.0,0.0,0.0,0.0,0.0
3,0,0.8125,0.0625,0.0,0.125,0.0,0.0,0.0,0.0,0.0,0.0,0.0
3,0,0.8125,0.0625,0.0,0.125,0.0,0.0,0.0,0.0,0.0,0.0,0.0
3,0,0.8125,0.0625,0.0,0.125,0.0,0.0,0.0,0.0,0.0,0.0,0.0
3,0,0.8125,0.0625,0.0,0.125,0.0,0.0,0.0,0.0,0.0,0.0,0.0
3,0,0.8125,0.0625,0.0,0.125,0.0,0.0,0.0,0.0,0.0,0.0,0.0
3,0,0.8125,0.0625,0.0,0.125,0.0,0.0,0.0,0.0,0.0,0.0,0.0
3,0,0.8125,0.0625,0.0,0.125,0.0,0.0,0.0,0.0,0.0,0.0,0.0
3,0,0.8125,0.0625,0.0,0.125,0.0,0.0,0.0,0.0,0.0,0.0,0.0
3,0,0.8125,0.0625,0.0,0.125,0.0,0.0,0.0,0.0,0.0,0.0,0.0
3,0,0.8125,0.0625,0.0,0.125,0.0,0.0,0.0,0.0,0.0,0.0,0.0
3,0,0.8125,0.0625,0.0,0.125,0.0,0.0,0.0,0.0,0.0,0.0,0.0
3,0,0.8125,0.0625,0.0,0.125,0.0,0.0,0.0,0.0,0.0,0.0,0.0
3,0,0.8125,0.0625,0.0,0.125,0.0,0.0,0.0,0.0,0.0,0.0,0.0
3,0,0.8125,0.0625,0.0,0.125,0.0,0.0,0.0,0.0,0.0,0.0,0.0
3,0,0.8125,0.0625,0.0,0.125,0.0,0.0,0.0,0.0,0.0,0.0,0.0
3,0,0.8125,0.0625,0.0,0.125,0.0,0.0,0.0,0.0,0.0,0.0,0.0
3,0,0.8125,0.0625,0.0,0.125,0.0,0.0,0.0,0.0,0.0,0.0,0.0
3,0,0.8125,0.0625,0.0,0.125,0.0,0.0,0.0,0.0,0.0,0.0,0.0
3,0,0.8125,0.0625,0.0,0.125,0.0,0.0,0.0,0.0,0.0,0.0,0.0
3,0,0.8125,0.0625,0.0,0.125,0.0,0.0,0.0,0.0,0.0,0.0,0.0
3,0,0.8125,0.0625,0.0,0.125,0.0,0.0,0.0,0.0,0.0,0.0,0.0
3,0,0.8125,0.0625,0.0,0.125,0.0,0.0,0.0,0.0,0.0,0.0,0.0
3,0,0.8125,0.0625,0.0,0.125,0.0,0.0,0.0,0.0,0.0,0.0,0.0
3,0,0.8125,0.0625,0.0,0.125,0.0,0.0,0.0,0.0,0.0,0.0,0.0
3,0,0.8125,0.0625,0.0,0.125,0.0,0.0,0.0,0.0,0.0,0.0,0.0
3,0,0.8125,0.0625,0.0,0.125,0.0,0.0,0.0,0.0,0.0,0.0,0.0
3,0,0.8125,0.0625,0.0,0.125,0.0,0.0,0.0,0.0,0.0,0.0,0.0
3,0,0.8125,0.0625,0.0,0.125,0.0,0.0,0.0,0.0,0.0,0.0,0.0
3,0,0.8125,0.0625,0.0,0.125,0.0,0.0,0.0,0.0,0.0,0.0,0.0
3,0,0.8125,0.0625,0.0,0.125,0.0,0.0,0.0,0.0,0.0,0.0,0.0
3,0,0.8125,0.0625,0.0,0.125,0.0,0.0,0.0,0.0,0.0,0.0,0.0
3,0,0.8125,0.0625,0.0,0.125,0.0,0.0,0.0,0.0,0.0,0.0,0.0
3,0,0.8125,0.0625,0.0,0.125,0.0,0.0,0.0,0.0,0.0,0.0,0.0
3,0,0.8125,0.0625,0.0,0.125,0.0,0.0,0.0,0.0,0.0,0.0,0.0
3,0,0.875,0.0,0.0,0.125,0.0,0.0,0.0,0.0,0.0,0.0,0.0
3,0,0.875,0.0,0.0,0.125,0.0,0.0,0.0,0.0,0.0,0.0,0.0
3,0,0.875,0.0,0.0,0.125,0.0,0.0,0.0,0.0,0.0,0.0,0.0
3,0,0.875,0.0,0.0,0.125,0.0,0.0,0.0,0.0,0.0,0.0,0.0
3,0,0.875,0.0,0.0,0.125,0.0,0.0,0.0,0.0,0.0,0.0,0.0
3,0,0.875,0.0,0.0,0.125,0.0,0.0,0.0,0.0,0.0,0.0,0.0
3,0,0.875,0.0,0.0,0.125,0.0,0.0,0.0,0.0,0.0,0.0,0.0
3,0,0.875,0.0,0.0,0.125,0.0,0.0,0.0,0.0,0.0,0.0,0.0
3,0,0.875,0.0,0.0,0.125,0.0,0.0,0.0,0.0,0.0,0.0,0.0
3,0,0.875,0.0,0.0,0.125,0.0,0.0,0.0,0.0,0.0,0.0,0.0
3,0,0.875,0.0,0.0,0.125,0.0,0.0,0.0,0.0,0.0,0.0,0.0
3,0,0.875,0.0,0.0,0.125,0.0,0.0,0.0,0.0,0.0,0.0,0.0
3,0,0.875,0.0,0.0,0.125,0.0,0.0,0.0,0.0,0.0,0.0,0.0
3,0,0.875,0.0,0.0,0.125,0.0,0.0,0.0,0.0,0.0,0.0,0.0
3,0,0.875,0.0,0.0,0.125,0.0,0.0,0.0,0.0,0.0,0.0,0.0
3,0,0.875,0.0,0.0,0.125,0.0,0.0,0.0,0.0,0.0,0.0,0.0
3,0,0.875,0.0,0.0,0.125,0.0,0.0,0.0,0.0,0.0,0.0,0.0
3,0,0.875,0.0,0.0,0.125,0.0,0.0,0.0,0.0,0.0,0.0,0.0
3,0,0.875,0.0,0.0,0.125,0.0,0.0,0.0,0.0,0.0,0.0,0.0
3,0,0.875,0.0,0.0,0.125,0.0,0.0,0.0,0.0,0.0,0.0,0.0
3,0,0.875,0.0,0.0,0.125,0.0,0.0,0.0,0.0,0.0,0.0,0.0
3,0,0.875,0.0,0.0,0.125,0.0,0.0,0.0,0.0,0.0,0.0,0.0
3,0,0.875,0.0,0.0,0.125,0.0,0.0,0.0,0.0,0.0,0.0,0.0
3,0,0.875,0.0,0.0,0.125,0.0,0.0,0.0,0.0,0.0,0.0,0.0
3,0,0.875,0.0,0.0,0.125,0.0,0.0,0.0,0.0,0.0,0.0,0.0
3,0,0.875,0.0,0.0,0.125,0.0,0.0,0.0,0.0,0.0,0.0,0.0
3,0,0.875,0.0,0.0,0.125,0.0,0.0,0.0,0.0,0.0,0.0,0.0
3,0,0.875,0.0,0.0,0.125,0.0,0.0,0.0,0.0,0.0,0.0,0.0
3,0,0.875,0.0,0.0,0.125,0.0,0.0,0.0,0.0,0.0,0.0,0.0
3,0,0.875,0.0,0.0,0.125,0.0,0.0,0.0,0.0,0.0,0.0,0.0
3,0,0.875,0.0,0.0,0.125,0.0,0.0,0.0,0.0,0.0,0.0,0.0
3,0,0.875,0.0,0.0,0.125,0.0,0.0,0.0,0.0,0.0,0.0,0.0
3,0,0.875,0.0,0.0,0.125,0.0,0.0,0.0,0.0,0.0,0.0,0.0
3,0,0.875,0.0,0.0,0.125,0.0,0.0,0.0,0.0,0.0,0.0,0.0
3,0,0.875,0.0,0.0,0.125,0.0,0.0,0.0,0.0,0.0,0.0,0.0
3,0,0.875,0.0,0.0,0.125,0.0,0.0,0.0,0.0,0.0,0.0,0.0
3,0,0.875,0.0,0.0,0.125,0.0,0.0,0.0,0.0,0.0,0.0,0.0
3,0,0.875,0.0,0.0,0.125,0.0,0.0,0.0,0.0,0.0,0.0,0.0
3,0,0.875,0.0,0.0,0.125,0.0,0.0,0.0,0.0,0.0,0.0,0.0
3,0,0.875,0.0,0.0,0.125,0.0,0.0,0.0,0.0,0.0,0.0,0.0
3,0,0.875,0.0,0.0,0.125,0.0,0.0,0.0,0.0,0.0,0.0,0.0
3,0,0.875,0.0,0.0,0.125,0.0,0.0,0.0,0.0,0.0,0.0,0.0
3,0,0.875,0.0,0.0,0.125,0.0,0.0,0.0,0.0,0.0,0.0,0.0
3,0,0.875,0.0,0.0,0.125,0.0,0.0,0.0,0.0,0.0,0.0,0.0
3,0,0.875,0.0,0.0,0.125,0.0,0.0,0.0,0.0,0.0,0.0,0.0
3,0,0.875,0.0,0.0,0.125,0.0,0.0,0.0,0.0,0.0,0.0,0.0
3,0,0.875,0.0,0.0,0.125,0.0,0.0,0.0,0.0,0.0,0.0,0.0
3,0,0.875,0.0,0.0,0.125,0.0,0.0,0.0,0.0,0.0,0.0,0.0
3,0,0.875,0.0,0.0,0.125,0.0,0.0,0.0,0.0,0.0,0.0,0.0
3,0,0.875,0.0,0.0,0.125,0.0,0.0,0.0,0.0,0.0,0.0,0.0
3,0,0.875,0.0,0.0,0.125,0.0,0.0,0.0,0.0,0.0,0.0,0.0
3,0,0.875,0.0,0.0,0.125,0.0,0.0,0.0,0.0,0.0,0.0,0.0
3,0,0.875,0.0,0.0,0.125,0.0,0.0,0.0,0.0,0.0,0.0,0.0
3,0,0.875,0.0,0.0,0.125,0.0,0.0,0.0,0.0,0.0,0.0,0.0
3,0,0.875,0.0,0.0,0.125,0.0,0.0,0.0,0.0,0.0,0.0,0.0
3,0,0.875,0.0,0.0,0.125,0.0,0.0,0.0,0.0,0.0,0.0,0.0
3,0,0.875,0.0,0.0,0.125,0.0,0.0,0.0,0.0,0.0,0.0,0.0
3,0,0.875,0.0,0.0,0.125,0.0,0.0,0.0,0.0,0.0,0.0,0.0
3,0,0.875,0.0,0.0,0.125,0.0,0.0,0.0,0.0,0.0,0.0,0.0
3,0,0.875,0.0,0.0,0.125,0.0,0.0,0.0,0.0,0.0,0.0,0.0
3,0,0.875,0.0,0.0,0.125,0.0,0.0,0.0,0.0,0.0,0.0,0.0
3,0,0.875,0.0,0.0,0.125,0.0,0.0,0.0,0.0,0.0,0.0,0.0
3,0,0.875,0.0,0.0,0.125,0.0,0.0,0.0,0.0,0.0,0.0,0.0
3,0,0.875,0.0,0.0,0.125,0.0,0.0,0.0,0.0,0.0,0.0,0.0
3,0,0.875,0.0,0.0,0.125,0.0,0.0,0.0,0.0,0.0,0.0,0.0
3,0,0.875,0.0,0.0,0.125,0.0,0.0,0.0,0.0,0.0,0.0,0.0
3,0,0.875,0.0,0.0,0.125,0.0,0.0,0.0,0.0,0.0,0.0,0.0
3,0,0.875,0.0,0.0,0.125,0.0,0.0,0.0,0.0,0.0,0.0,0.0
3,0,0.875,0.0,0.0,0.125,0.0,0.0,0.0,0.0,0.0,0.0,0.0
3,0,0.875,0.0,0.0,0.125,0.0,0.0,0.0,0.0,0.0,0.0,0.0
3,0,0.875,0.0,0.0,0.125,0.0,0.0,0.0,0.0,0.0,0.0,0.0
3,0,0.875,0.0,0.0,0.125,0.0,0.0,0.0,0.0,0.0,0.0,0.0
3,0,0.875,0.0,0.0,0.125,0.0,0.0,0.0,0.0,0.0,0.0,0.0
3,0,0.875,0.0,0.0,0.125,0.0,0.0,0.0,0.0,0.0,0.0,0.0
3,0,0.875,0.0,0.0,0.125,0.0,0.0,0.0,0.0,0.0,0.0,0.0
3,0,0.875,0.0,0.0,0.125,0.0,0.0,0.0,0.0,0.0,0.0,0.0
3,0,0.875,0.0,0.0,0.125,0.0,0.0,0.0,0.0,0.0,0.0,0.0
3,0,0.875,0.0,0.0,0.125,0.0,0.0,0.0,0.0,0.0,0.0,0.0
3,0,0.875,0.0,0.0,0.125,0.0,0.0,0.0,0.0,0.0,0.0,0.0
3,0,0.875,0.0,0.0,0.125,0.0,0.0,0.0,0.0,0.0,0.0,0.0
3,0,0.875,0.0,0.0,0.125,0.0,0.0,0.0,0.0,0.0,0.0,0.0
3,0,0.875,0.0,0.0,0.125,0.0,0.0,0.0,0.0,0.0,0.0,0.0
3,0,0.875,0.0,0.0,0.125,0.0,0.0,0.0,0.0,0.0,0.0,0.0
3,0,0.875,0.0,0.0,0.125,0.0,0.0,0.0,0.0,0.0,0.0,0.0
3,0,0.875,0.0,0.0,0.125,0.0,0.0,0.0,0.0,0.0,0.0,0.0
3,0,0.875,0.0,0.0,0.125,0.0,0.0,0.0,0.0,0.0,0.0,0.0
3,0,0.875,0.0,0.0,0.125,0.0,0.0,0.0,0.0,0.0,0.0,0.0
3,0,0.875,0.0,0.0,0.125,0.0,0.0,0.0,0.0,0.0,0.0,0.0
3,0,0.875,0.0,0.0,0.125,0.0,0.0,0.0,0.0,0.0,0.0,0.0
3,0,0.875,0.0,0.0,0.125,0.0,0.0,0.0,0.0,0.0,0.0,0.0
3,0,0.875,0.0,0.0,0.125,0.0,0.0,0.0,0.0,0.0,0.0,0.0
3,0,0.875,0.0,0.0,0.125,0.0,0.0,0.0,0.0,0.0,0.0,0.0
3,0,0.875,0.0,0.0,0.125,0.0,0.0,0.0,0.0,0.0,0.0,0.0
3,0,0.875,0.0,0.0,0.125,0.0,0.0,0.0,0.0,0.0,0.0,0.0
3,0,0.875,0.0,0.0,0.125,0.0,0.0,0.0,0.0,0.0,0.0,0.0
3,0,0.875,0.0,0.0,0.125,0.0,0.0,0.0,0.0,0.0,0.0,0.0
3,0,0.875,0.0,0.0,0.125,0.0,0.0,0.0,0.0,0.0,0.0,0.0
3,0,0.875,0.0,0.0,0.125,0.0,0.0,0.0,0.0,0.0,0.0,0.0
3,0,0.875,0.0,0.0,0.125,0.0,0.0,0.0,0.0,0.0,0.0,0.0
3,0,0.875,0.0,0.0,0.125,0.0,0.0,0.0,0.0,0.0,0.0,0.0
3,0,0.875,0.0,0.0,0.125,0.0,0.0,0.0,0.0,0.0,0.0,0.0
3,0,0.875,0.0,0.0,0.125,0.0,0.0,0.0,0.0,0.0,0.0,0.0
3,0,0.875,0.0,0.0,0.125,0.0,0.0,0.0,0.0,0.0,0.0,0.0
3,0,0.875,0.0,0.0,0.125,0.0,0.0,0.0,0.0,0.0,0.0,0.0
3,0,0.875,0.0,0.0,0.125,0.0,0.0,0.0,0.0,0.0,0.0,0.0
3,0,0.875,0.0,0.0,0.125,0.0,0.0,0.0,0.0,0.0,0.0,0.0
3,0,0.875,0.0,0.0,0.125,0.0,0.0,0.0,0.0,0.0,0.0,0.0
3,0,0.875,0.0,0.0,0.125,0.0,0.0,0.0,0.0,0.0,0.0,0.0
3,0,0.875,0.0,0.0,0.125,0.0,0.0,0.0,0.0,0.0,0.0,0.0
3,0,0.875,0.0,0.0,0.125,0.0,0.0,0.0,0.0,0.0,0.0,0.0
3,0,0.875,0.0,0.0,0.125,0.0,0.0,0.0,0.0,0.0,0.0,0.0
3,0,0.875,0.0,0.0,0.125,0.0,0.0,0.0,0.0,0.0,0.0,0.0
3,0,0.875,0.0,0.0,0.125,0.0,0.0,0.0,0.0,0.0,0.0,0.0
3,0,0.875,0.0,0.0,0.125,0.0,0.0,0.0,0.0,0.0,0.0,0.0
3,0,0.875,0.0,0.0,0.125,0.0,0.0,0.0,0.0,0.0,0.0,0.0
3,0,0.875,0.0,0.0,0.125,0.0,0.0,0.0,0.0,0.0,0.0,0.0
3,0,0.875,0.0,0.0,0.125,0.0,0.0,0.0,0.0,0.0,0.0,0.0
3,0,0.875,0.0,0.0,0.125,0.0,0.0,0.0,0.0,0.0,0.0,0.0
3,0,0.875,0.0,0.0,0.125,0.0,0.0,0.0,0.0,0.0,0.0,0.0
3,0,0.875,0.0,0.0,0.125,0.0,0.0,0.0,0.0,0.0,0.0,0.0
3,0,0.875,0.0,0.0,0.125,0.0,0.0,0.0,0.0,0.0,0.0,0.0
3,0,0.875,0.0,0.0,0.125,0.0,0.0,0.0,0.0,0.0,0.0,0.0
3,0,0.875,0.0,0.0,0.125,0.0,0.0,0.0,0.0,0.0,0.0,0.0
3,0,0.875,0.0,0.0,0.125,0.0,0.0,0.0,0.0,0.0,0.0,0.0
3,0,0.875,0.0,0.0,0.125,0.0,0.0,0.0,0.0,0.0,0.0,0.0
3,0,0.875,0.0,0.0,0.125,0.0,0.0,0.0,0.0,0.0,0.0,0.0
3,0,0.875,0.0,0.0,0.125,0.0,0.0,0.0,0.0,0.0,0.0,0.0
3,0,0.875,0.0,0.0,0.125,0.0,0.0,0.0,0.0,0.0,0.0,0.0
3,0,0.875,0.0,0.0,0.125,0.0,0.0,0.0,0.0,0.0,0.0,0.0
3,0,0.875,0.0,0.0,0.125,0.0,0.0,0.0,0.0,0.0,0.0,0.0
3,0,0.875,0.0,0.0,0.125,0.0,0.0,0.0,0.0,0.0,0.0,0.0
3,0,0.875,0.0,0.0,0.125,0.0,0.0,0.0,0.0,0.0,0.0,0.0
3,0,0.875,0.0,0.0,0.125,0.0,0.0,0.0,0.0,0.0,0.0,0.0
3,0,0.875,0.0,0.0,0.125,0.0,0.0,0.0,0.0,0.0,0.0,0.0
3,0,0.875,0.0,0.0,0.125,0.0,0.0,0.0,0.0,0.0,0.0,0.0
3,0,0.875,0.0,0.0,0.125,0.0,0.0,0.0,0.0,0.0,0.0,0.0
3,0,0.875,0.0,0.0,0.125,0.0,0.0,0.0,0.0,0.0,0.0,0.0
3,0,0.875,0.0,0.0,0.125,0.0,0.0,0.0,0.0,0.0,0.0,0.0
3,0,0.875,0.0,0.0,0.125,0.0,0.0,0.0,0.0,0.0,0.0,0.0
3,0,0.875,0.0,0.0,0.125,0.0,0.0,0.0,0.0,0.0,0.0,0.0
3,0,0.875,0.0,0.0,0.125,0.0,0.0,0.0,0.0,0.0,0.0,0.0
3,0,0.875,0.0,0.0,0.125,0.0,0.0,0.0,0.0,0.0,0.0,0.0
3,0,0.875,0.0,0.0,0.125,0.0,0.0,0.0,0.0,0.0,0.0,0.0
3,0,0.875,0.0,0.0,0.125,0.0,0.0,0.0,0.0,0.0,0.0,0.0
3,0,0.875,0.0,0.0,0.125,0.0,0.0,0.0,0.0,0.0,0.0,0.0
3,0,0.875,0.0,0.0,0.125,0.0,0.0,0.0,0.0,0.0,0.0,0.0
3,0,0.875,0.0,0.0,0.125,0.0,0.0,0.0,0.0,0.0,0.0,0.0
3,0,0.875,0.0,0.0,0.125,0.0,0.0,0.0,0.0,0.0,0.0,0.0
3,0,0.875,0.0,0.0,0.125,0.0,0.0,0.0,0.0,0.0,0.0,0.0
3,0,0.875,0.0,0.0,0.125,0.0,0.0,0.0,0.0,0.0,0.0,0.0
3,0,0.875,0.0,0.0,0.125,0.0,0.0,0.0,0.0,0.0,0.0,0.0
3,0,0.875,0.0,0.0,0.125,0.0,0.0,0.0,0.0,0.0,0.0,0.0
3,0,0.875,0.0,0.0,0.125,0.0,0.0,0.0,0.0,0.0,0.0,0.0
3,0,0.875,0.0,0.0,0.125,0.0,0.0,0.0,0.0,0.0,0.0,0.0
3,0,0.875,0.0,0.0,0.125,0.0,0.0,0.0,0.0,0.0,0.0,0.0
3,0,0.875,0.0,0.0,0.125,0.0,0.0,0.0,0.0,0.0,0.0,0.0
3,0,0.875,0.0,0.0,0.125,0.0,0.0,0.0,0.0,0.0,0.0,0.0
3,0,0.875,0.0,0.0,0.125,0.0,0.0,0.0,0.0,0.0,0.0,0.0
3,0,0.875,0.0,0.0,0.125,0.0,0.0,0.0,0.0,0.0,0.0,0.0
3,0,0.875,0.0,0.0,0.125,0.0,0.0,0.0,0.0,0.0,0.0,0.0
3,0,0.875,0.0,0.0,0.125,0.0,0.0,0.0,0.0,0.0,0.0,0.0
3,0,0.875,0.0,0.0,0.125,0.0,0.0,0.0,0.0,0.0,0.0,0.0
3,0,0.875,0.0,0.0,0.125,0.0,0.0,0.0,0.0,0.0,0.0,0.0
3,0,0.875,0.0,0.0,0.125,0.0,0.0,0.0,0.0,0.0,0.0,0.0
3,0,0.875,0.0,0.0,0.125,0.0,0.0,0.0,0.0,0.0,0.0,0.0
3,0,0.875,0.0,0.0,0.125,0.0,0.0,0.0,0.0,0.0,0.0,0.0
3,0,0.875,0.0,0.0,0.125,0.0,0.0,0.0,0.0,0.0,0.0,0.0
3,0,0.875,0.0,0.0,0.125,0.0,0.0,0.0,0.0,0.0,0.0,0.0
3,0,0.875,0.0,0.0,0.125,0.0,0.0,0.0,0.0,0.0,0.0,0.0
3,0,0.875,0.0,0.0,0.125,0.0,0.0,0.0,0.0,0.0,0.0,0.0
3,0,0.875,0.0,0.0,0.125,0.0,0.0,0.0,0.0,0.0,0.0,0.0
3,0,0.875,0.0,0.0,0.125,0.0,0.0,0.0,0.0,0.0,0.0,0.0
3,0,0.875,0.0,0.0,0.125,0.0,0.0,0.0,0.0,0.0,0.0,0.0
3,0,0.875,0.0,0.0,0.125,0.0,0.0,0.0,0.0,0.0,0.0,0.0
3,0,0.875,0.0,0.0,0.125,0.0,0.0,0.0,0.0,0.0,0.0,0.0
3,0,0.875,0.0,0.0,0.125,0.0,0.0,0.0,0.0,0.0,0.0,0.0
3,0,0.875,0.0,0.0,0.125,0.0,0.0,0.0,0.0,0.0,0.0,0.0
3,0,0.9375,0.0,0.0,0.0625,0.0,0.0,0.0,0.0,0.0,0.0,0.0
3,0,0.9375,0.0,0.0,0.0625,0.0,0.0,0.0,0.0,0.0,0.0,0.0
3,0,0.9375,0.0,0.0,0.0625,0.0,0.0,0.0,0.0,0.0,0.0,0.0
3,0,0.9375,0.0,0.0,0.0625,0.0,0.0,0.0,0.0,0.0,0.0,0.0
3,0,0.9375,0.0,0.0,0.0625,0.0,0.0,0.0,0.0,0.0,0.0,0.0
3,0,0.9375,0.0,0.0,0.0625,0.0,0.0,0.0,0.0,0.0,0.0,0.0
3,0,0.9375,0.0,0.0,0.0625,0.0,0.0,0.0,0.0,0.0,0.0,0.0
3,0,0.9375,0.0,0.0,0.0625,0.0,0.0,0.0,0.0,0.0,0.0,0.0
3,0,0.9375,0.0,0.0,0.0625,0.0,0.0,0.0,0.0,0.0,0.0,0.0
3,0,0.9375,0.0,0.0,0.0625,0.0,0.0,0.0,0.0,0.0,0.0,0.0
3,0,0.9375,0.0,0.0,0.0625,0.0,0.0,0.0,0.0,0.0,0.0,0.0
3,0,0.9375,0.0,0.0,0.0625,0.0,0.0,0.0,0.0,0.0,0.0,0.0
3,0,0.9375,0.0,0.0,0.0625,0.0,0.0,0.0,0.0,0.0,0.0,0.0
3,0,0.9375,0.0,0.0,0.0625,0.0,0.0,0.0,0.0,0.0,0.0,0.0
3,0,0.9375,0.0,0.0,0.0625,0.0,0.0,0.0,0.0,0.0,0.0,0.0
3,0,0.9375,0.0,0.0,0.0625,0.0,0.0,0.0,0.0,0.0,0.0,0.0
3,0,0.9375,0.0,0.0,0.0625,0.0,0.0,0.0,0.0,0.0,0.0,0.0
3,0,0.9375,0.0,0.0,0.0625,0.0,0.0,0.0,0.0,0.0,0.0,0.0
3,0,0.9375,0.0,0.0,0.0625,0.0,0.0,0.0,0.0,0.0,0.0,0.0
3,0,0.9375,0.0,0.0,0.0625,0.0,0.0,0.0,0.0,0.0,0.0,0.0
3,0,0.9375,0.0,0.0,0.0625,0.0,0.0,0.0,0.0,0.0,0.0,0.0
3,0,0.9375,0.0,0.0,0.0625,0.0,0.0,0.0,0.0,0.0,0.0,0.0
3,0,0.9375,0.0,0.0,0.0625,0.0,0.0,0.0,0.0,0.0,0.0,0.0
3,0,0.9375,0.0,0.0,0.0625,0.0,0.0,0.0,0.0,0.0,0.0,0.0
3,0,0.9375,0.0,0.0,0.0625,0.0,0.0,0.0,0.0,0.0,0.0,0.0
3,0,0.9375,0.0,0.0,0.0625,0.0,0.0,0.0,0.0,0.0,0.0,0.0
3,0,0.9375,0.0,0.0,0.0625,0.0,0.0,0.0,0.0,0.0,0.0,0.0
3,0,0.9375,0.0,0.0,0.0625,0.0,0.0,0.0,0.0,0.0,0.0,0.0
3,0,0.9375,0.0,0.0,0.0625,0.0,0.0,0.0,0.0,0.0,0.0,0.0
3,0,0.9375,0.0,0.0,0.0625,0.0,0.0,0.0,0.0,0.0,0.0,0.0
3,0,0.9375,0.0,0.0,0.0625,0.0,0.0,0.0,0.0,0.0,0.0,0.0
3,0,0.9375,0.0,0.0,0.0625,0.0,0.0,0.0,0.0,0.0,0.0,0.0
3,0,0.9375,0.0,0.0,0.0625,0.0,0.0,0.0,0.0,0.0,0.0,0.0
3,0,0.9375,0.0,0.0,0.0625,0.0,0.0,0.0,0.0,0.0,0.0,0.0
3,0,0.9375,0.0,0.0,0.0625,0.0,0.0,0.0,0.0,0.0,0.0,0.0
3,0,0.9375,0.0,0.0,0.0625,0.0,0.0,0.0,0.0,0.0,0.0,0.0
3,0,0.9375,0.0,0.0,0.0625,0.0,0.0,0.0,0.0,0.0,0.0,0.0
3,0,0.9375,0.0,0.0,0.0625,0.0,0.0,0.0,0.0,0.0,0.0,0.0
3,0,0.9375,0.0,0.0,0.0625,0.0,0.0,0.0,0.0,0.0,0.0,0.0
3,0,0.9375,0.0,0.0,0.0625,0.0,0.0,0.0,0.0,0.0,0.0,0.0
3,0,0.9375,0.0,0.0,0.0625,0.0,0.0,0.0,0.0,0.0,0.0,0.0
3,0,0.9375,0.0,0.0,0.0625,0.0,0.0,0.0,0.0,0.0,0.0,0.0
3,0,0.9375,0.0,0.0,0.0625,0.0,0.0,0.0,0.0,0.0,0.0,0.0
3,0,0.9375,0.0,0.0,0.0625,0.0,0.0,0.0,0.0,0.0,0.0,0.0
3,0,0.9375,0.0,0.0,0.0625,0.0,0.0,0.0,0.0,0.0,0.0,0.0
3,0,0.9375,0.0,0.0,0.0625,0.0,0.0,0.0,0.0,0.0,0.0,0.0
3,0,0.9375,0.0,0.0,0.0625,0.0,0.0,0.0,0.0,0.0,0.0,0.0
3,0,0.9375,0.0,0.0,0.0625,0.0,0.0,0.0,0.0,0.0,0.0,0.0
3,0,0.9375,0.0,0.0,0.0625,0.0,0.0,0.0,0.0,0.0,0.0,0.0
3,0,0.9375,0.0,0.0,0.0625,0.0,0.0,0.0,0.0,0.0,0.0,0.0
3,0,0.9375,0.0,0.0,0.0625,0.0,0.0,0.0,0.0,0.0,0.0,0.0
3,0,0.9375,0.0,0.0,0.0625,0.0,0.0,0.0,0.0,0.0,0.0,0.0
3,0,0.9375,0.0,0.0,0.0625,0.0,0.0,0.0,0.0,0.0,0.0,0.0
3,0,0.9375,0.0,0.0,0.0625,0.0,0.0,0.0,0.0,0.0,0.0,0.0
3,0,0.9375,0.0,0.0,0.0625,0.0,0.0,0.0,0.0,0.0,0.0,0.0
3,0,0.9375,0.0,0.0,0.0625,0.0,0.0,0.0,0.0,0.0,0.0,0.0
3,0,0.9375,0.0,0.0,0.0625,0.0,0.0,0.0,0.0,0.0,0.0,0.0
3,0,0.9375,0.0,0.0,0.0625,0.0,0.0,0.0,0.0,0.0,0.0,0.0
3,0,0.9375,0.0,0.0,0.0625,0.0,0.0,0.0,0.0,0.0,0.0,0.0
3,0,0.9375,0.0,0.0,0.0625,0.0,0.0,0.0,0.0,0.0,0.0,0.0
3,0,0.9375,0.0,0.0,0.0625,0.0,0.0,0.0,0.0,0.0,0.0,0.0
3,0,0.9375,0.0,0.0,0.0625,0.0,0.0,0.0,0.0,0.0,0.0,0.0
3,0,0.9375,0.0,0.0,0.0625,0.0,0.0,0.0,0.0,0.0,0.0,0.0
3,0,0.9375,0.0,0.0,0.0625,0.0,0.0,0.0,0.0,0.0,0.0,0.0
3,0,0.9375,0.0,0.0,0.0625,0.0,0.0,0.0,0.0,0.0,0.0,0.0
3,0,0.9375,0.0,0.0,0.0625,0.0,0.0,0.0,0.0,0.0,0.0,0.0
3,0,0.9375,0.0,0.0,0.0625,0.0,0.0,0.0,0.0,0.0,0.0,0.0
3,0,0.9375,0.0,0.0,0.0625,0.0,0.0,0.0,0.0,0.0,0.0,0.0
3,0,0.9375,0.0,0.0,0.0625,0.0,0.0,0.0,0.0,0.0,0.0,0.0
3,0,0.9375,0.0,0.0,0.0625,0.0,0.0,0.0,0.0,0.0,0.0,0.0
3,0,0.9375,0.0,0.0,0.0625,0.0,0.0,0.0,0.0,0.0,0.0,0.0
3,0,0.9375,0.0,0.0,0.0625,0.0,0.0,0.0,0.0,0.0,0.0,0.0
3,0,0.9375,0.0,0.0,0.0625,0.0,0.0,0.0,0.0,0.0,0.0,0.0
3,0,0.9375,0.0,0.0,0.0625,0.0,0.0,0.0,0.0,0.0,0.0,0.0
3,0,0.9375,0.0,0.0,0.0625,0.0,0.0,0.0,0.0,0.0,0.0,0.0
3,0,0.9375,0.0,0.0,0.0625,0.0,0.0,0.0,0.0,0.0,0.0,0.0
3,0,0.9375,0.0,0.0,0.0625,0.0,0.0,0.0,0.0,0.0,0.0,0.0
3,0,0.9375,0.0,0.0,0.0625,0.0,0.0,0.0,0.0,0.0,0.0,0.0
3,0,0.9375,0.0,0.0,0.0625,0.0,0.0,0.0,0.0,0.0,0.0,0.0
3,0,0.9375,0.0,0.0,0.0625,0.0,0.0,0.0,0.0,0.0,0.0,0.0
3,0,0.9375,0.0,0.0,0.0625,0.0,0.0,0.0,0.0,0.0,0.0,0.0
3,0,0.9375,0.0,0.0,0.0625,0.0,0.0,0.0,0.0,0.0,0.0,0.0
3,0,0.9375,0.0,0.0,0.0625,0.0,0.0,0.0,0.0,0.0,0.0,0.0
3,0,0.9375,0.0,0.0,0.0625,0.0,0.0,0.0,0.0,0.0,0.0,0.0
3,0,0.9375,0.0,0.0,0.0625,0.0,0.0,0.0,0.0,0.0,0.0,0.0
3,0,0.9375,0.0,0.0,0.0625,0.0,0.0,0.0,0.0,0.0,0.0,0.0
3,0,0.9375,0.0,0.0,0.0625,0.0,0.0,0.0,0.0,0.0,0.0,0.0
3,0,0.9375,0.0,0.0,0.0625,0.0,0.0,0.0,0.0,0.0,0.0,0.0
3,0,0.9375,0.0,0.0,0.0625,0.0,0.0,0.0,0.0,0.0,0.0,0.0
3,0,0.9375,0.0,0.0,0.0625,0.0,0.0,0.0,0.0,0.0,0.0,0.0
3,0,0.9375,0.0,0.0,0.0625,0.0,0.0,0.0,0.0,0.0,0.0,0.0
3,0,0.9375,0.0,0.0,0.0625,0.0,0.0,0.0,0.0,0.0,0.0,0.0
3,0,0.9375,0.0,0.0,0.0625,0.0,0.0,0.0,0.0,0.0,0.0,0.0
3,0,0.9375,0.0,0.0,0.0625,0.0,0.0,0.0,0.0,0.0,0.0,0.0
3,0,0.9375,0.0,0.0,0.0625,0.0,0.0,0.0,0.0,0.0,0.0,0.0
3,0,0.9375,0.0,0.0,0.0625,0.0,0.0,0.0,0.0,0.0,0.0,0.0
3,0,0.9375,0.0,0.0,0.0625,0.0,0.0,0.0,0.0,0.0,0.0,0.0
3,0,0.9375,0.0,0.0,0.0625,0.0,0.0,0.0,0.0,0.0,0.0,0.0
3,0,0.9375,0.0,0.0,0.0625,0.0,0.0,0.0,0.0,0.0,0.0,0.0
3,0,0.9375,0.0,0.0,0.0625,0.0,0.0,0.0,0.0,0.0,0.0,0.0
3,0,0.9375,0.0,0.0,0.0625,0.0,0.0,0.0,0.0,0.0,0.0,0.0
3,0,0.9375,0.0,0.0,0.0625,0.0,0.0,0.0,0.0,0.0,0.0,0.0
3,0,0.9375,0.0,0.0,0.0625,0.0,0.0,0.0,0.0,0.0,0.0,0.0
3,0,0.9375,0.0,0.0,0.0625,0.0,0.0,0.0,0.0,0.0,0.0,0.0
3,0,0.9375,0.0,0.0,0.0625,0.0,0.0,0.0,0.0,0.0,0.0,0.0
3,0,0.9375,0.0,0.0,0.0625,0.0,0.0,0.0,0.0,0.0,0.0,0.0
3,0,0.9375,0.0,0.0,0.0625,0.0,0.0,0.0,0.0,0.0,0.0,0.0
3,0,0.9375,0.0,0.0,0.0625,0.0,0.0,0.0,0.0,0.0,0.0,0.0
3,0,0.9375,0.0,0.0,0.0625,0.0,0.0,0.0,0.0,0.0,0.0,0.0
3,0,0.9375,0.0,0.0,0.0625,0.0,0.0,0.0,0.0,0.0,0.0,0.0
3,0,0.9375,0.0,0.0,0.0625,0.0,0.0,0.0,0.0,0.0,0.0,0.0
3,0,0.9375,0.0,0.0,0.0625,0.0,0.0,0.0,0.0,0.0,0.0,0.0
3,0,0.9375,0.0,0.0,0.0625,0.0,0.0,0.0,0.0,0.0,0.0,0.0
3,0,0.9375,0.0,0.0,0.0625,0.0,0.0,0.0,0.0,0.0,0.0,0.0
3,0,0.9375,0.0,0.0,0.0625,0.0,0.0,0.0,0.0,0.0,0.0,0.0
3,0,0.9375,0.0,0.0,0.0625,0.0,0.0,0.0,0.0,0.0,0.0,0.0
3,0,0.9375,0.0,0.0,0.0625,0.0,0.0,0.0,0.0,0.0,0.0,0.0
3,0,0.9375,0.0,0.0,0.0625,0.0,0.0,0.0,0.0,0.0,0.0,0.0
3,0,0.9375,0.0,0.0,0.0625,0.0,0.0,0.0,0.0,0.0,0.0,0.0
3,0,0.9375,0.0,0.0,0.0625,0.0,0.0,0.0,0.0,0.0,0.0,0.0
3,0,0.9375,0.0,0.0,0.0625,0.0,0.0,0.0,0.0,0.0,0.0,0.0
3,0,0.9375,0.0,0.0,0.0625,0.0,0.0,0.0,0.0,0.0,0.0,0.0
3,0,0.9375,0.0,0.0,0.0625,0.0,0.0,0.0,0.0,0.0,0.0,0.0
3,0,0.9375,0.0,0.0,0.0625,0.0,0.0,0.0,0.0,0.0,0.0,0.0
3,0,0.9375,0.0,0.0,0.0625,0.0,0.0,0.0,0.0,0.0,0.0,0.0
3,0,0.9375,0.0,0.0,0.0625,0.0,0.0,0.0,0.0,0.0,0.0,0.0
3,0,0.9375,0.0,0.0,0.0625,0.0,0.0,0.0,0.0,0.0,0.0,0.0
3,0,0.9375,0.0,0.0,0.0625,0.0,0.0,0.0,0.0,0.0,0.0,0.0
3,0,0.9375,0.0,0.0,0.0625,0.0,0.0,0.0,0.0,0.0,0.0,0.0
3,0,0.9375,0.0,0.0,0.0625,0.0,0.0,0.0,0.0,0.0,0.0,0.0
3,0,0.9375,0.0,0.0,0.0625,0.0,0.0,0.0,0.0,0.0,0.0,0.0
3,0,0.9375,0.0,0.0,0.0625,0.0,0.0,0.0,0.0,0.0,0.0,0.0
3,0,0.9375,0.0,0.0,0.0625,0.0,0.0,0.0,0.0,0.0,0.0,0.0
3,0,0.9375,0.0,0.0,0.0625,0.0,0.0,0.0,0.0,0.0,0.0,0.0
3,0,0.9375,0.0,0.0,0.0625,0.0,0.0,0.0,0.0,0.0,0.0,0.0
3,0,0.9375,0.0,0.0,0.0625,0.0,0.0,0.0,0.0,0.0,0.0,0.0
3,0,0.9375,0.0,0.0,0.0625,0.0,0.0,0.0,0.0,0.0,0.0,0.0
3,0,0.9375,0.0,0.0,0.0625,0.0,0.0,0.0,0.0,0.0,0.0,0.0
3,0,0.9375,0.0,0.0,0.0625,0.0,0.0,0.0,0.0,0.0,0.0,0.0
3,0,0.9375,0.0,0.0,0.0625,0.0,0.0,0.0,0.0,0.0,0.0,0.0
3,0,0.9375,0.0,0.0,0.0625,0.0,0.0,0.0,0.0,0.0,0.0,0.0
3,0,0.9375,0.0,0.0,0.0625,0.0,0.0,0.0,0.0,0.0,0.0,0.0
3,0,0.9375,0.0,0.0,0.0625,0.0,0.0,0.0,0.0,0.0,0.0,0.0
3,0,0.9375,0.0,0.0,0.0625,0.0,0.0,0.0,0.0,0.0,0.0,0.0
3,0,0.9375,0.0,0.0,0.0625,0.0,0.0,0.0,0.0,0.0,0.0,0.0
3,0,0.9375,0.0,0.0,0.0625,0.0,0.0,0.0,0.0,0.0,0.0,0.0
3,0,0.9375,0.0,0.0,0.0625,0.0,0.0,0.0,0.0,0.0,0.0,0.0
3,0,0.9375,0.0,0.0,0.0625,0.0,0.0,0.0,0.0,0.0,0.0,0.0
3,0,0.9375,0.0,0.0,0.0625,0.0,0.0,0.0,0.0,0.0,0.0,0.0
3,0,0.9375,0.0,0.0,0.0625,0.0,0.0,0.0,0.0,0.0,0.0,0.0
3,0,0.9375,0.0,0.0,0.0625,0.0,0.0,0.0,0.0,0.0,0.0,0.0
3,0,0.9375,0.0,0.0,0.0625,0.0,0.0,0.0,0.0,0.0,0.0,0.0
3,0,0.9375,0.0,0.0,0.0625,0.0,0.0,0.0,0.0,0.0,0.0,0.0
3,0,0.9375,0.0,0.0,0.0625,0.0,0.0,0.0,0.0,0.0,0.0,0.0
3,0,0.9375,0.0,0.0,0.0625,0.0,0.0,0.0,0.0,0.0,0.0,0.0
3,0,0.9375,0.0,0.0,0.0625,0.0,0.0,0.0,0.0,0.0,0.0,0.0
3,0,0.9375,0.0,0.0,0.0625,0.0,0.0,0.0,0.0,0.0,0.0,0.0
3,0,0.9375,0.0,0.0,0.0625,0.0,0.0,0.0,0.0,0.0,0.0,0.0
3,0,0.9375,0.0,0.0,0.0625,0.0,0.0,0.0,0.0,0.0,0.0,0.0
3,0,0.9375,0.0,0.0,0.0625,0.0,0.0,0.0,0.0,0.0,0.0,0.0
3,0,0.9375,0.0,0.0,0.0625,0.0,0.0,0.0,0.0,0.0,0.0,0.0
3,0,0.9375,0.0,0.0,0.0625,0.0,0.0,0.0,0.0,0.0,0.0,0.0
3,0,0.9375,0.0,0.0,0.0625,0.0,0.0,0.0,0.0,0.0,0.0,0.0
3,0,0.9375,0.0,0.0,0.0625,0.0,0.0,0.0,0.0,0.0,0.0,0.0
3,0,0.9375,0.0,0.0,0.0625,0.0,0.0,0.0,0.0,0.0,0.0,0.0
3,0,0.9375,0.0,0.0,0.0625,0.0,0.0,0.0,0.0,0.0,0.0,0.0
3,0,0.9375,0.0,0.0,0.0625,0.0,0.0,0.0,0.0,0.0,0.0,0.0
3,0,0.9375,0.0,0.0,0.0625,0.0,0.0,0.0,0.0,0.0,0.0,0.0
3,0,0.9375,0.0,0.0,0.0625,0.0,0.0,0.0,0.0,0.0,0.0,0.0
3,0,0.9375,0.0,0.0,0.0625,0.0,0.0,0.0,0.0,0.0,0.0,0.0
3,0,0.9375,0.0,0.0,0.0625,0.0,0.0,0.0,0.0,0.0,0.0,0.0
3,0,0.9375,0.0,0.0,0.0625,0.0,0.0,0.0,0.0,0.0,0.0,0.0
3,0,0.9375,0.0,0.0,0.0625,0.0,0.0,0.0,0.0,0.0,0.0,0.0
3,0,0.9375,0.0,0.0,0.0625,0.0,0.0,0.0,0.0,0.0,0.0,0.0
3,0,0.9375,0.0,0.0,0.0625,0.0,0.0,0.0,0.0,0.0,0.0,0.0
3,0,0.9375,0.0,0.0,0.0625,0.0,0.0,0.0,0.0,0.0,0.0,0.0
3,0,0.9375,0.0,0.0,0.0625,0.0,0.0,0.0,0.0,0.0,0.0,0.0
3,0,0.9375,0.0,0.0,0.0625,0.0,0.0,0.0,0.0,0.0,0.0,0.0
3,0,0.9375,0.0,0.0,0.0625,0.0,0.0,0.0,0.0,0.0,0.0,0.0
3,0,0.9375,0.0,0.0,0.0625,0.0,0.0,0.0,0.0,0.0,0.0,0.0
3,0,0.9375,0.0,0.0,0.0625,0.0,0.0,0.0,0.0,0.0,0.0,0.0
3,0,0.9375,0.0,0.0,0.0625,0.0,0.0,0.0,0.0,0.0,0.0,0.0
3,0,0.9375,0.0,0.0,0.0625,0.0,0.0,0.0,0.0,0.0,0.0,0.0
3,0,0.9375,0.0,0.0,0.0625,0.0,0.0,0.0,0.0,0.0,0.0,0.0
3,0,0.9375,0.0,0.0,0.0625,0.0,0.0,0.0,0.0,0.0,0.0,0.0
3,0,0.9375,0.0,0.0,0.0625,0.0,0.0,0.0,0.0,0.0,0.0,0.0
3,0,0.9375,0.0,0.0,0.0625,0.0,0.0,0.0,0.0,0.0,0.0,0.0
3,0,0.9375,0.0,0.0,0.0625,0.0,0.0,0.0,0.0,0.0,0.0,0.0
3,0,0.9375,0.0,0.0,0.0625,0.0,0.0,0.0,0.0,0.0,0.0,0.0
3,0,0.9375,0.0,0.0,0.0625,0.0,0.0,0.0,0.0,0.0,0.0,0.0
3,0,0.9375,0.0,0.0,0.0625,0.0,0.0,0.0,0.0,0.0,0.0,0.0
3,0,0.9375,0.0,0.0,0.0625,0.0,0.0,0.0,0.0,0.0,0.0,0.0
3,0,0.9375,0.0,0.0,0.0625,0.0,0.0,0.0,0.0,0.0,0.0,0.0
3,0,0.9375,0.0,0.0,0.0625,0.0,0.0,0.0,0.0,0.0,0.0,0.0
3,0,0.9375,0.0,0.0,0.0625,0.0,0.0,0.0,0.0,0.0,0.0,0.0
3,0,0.9375,0.0,0.0,0.0625,0.0,0.0,0.0,0.0,0.0,0.0,0.0
3,0,0.9375,0.0,0.0,0.0625,0.0,0.0,0.0,0.0,0.0,0.0,0.0
3,0,0.9375,0.0,0.0,0.0625,0.0,0.0,0.0,0.0,0.0,0.0,0.0
3,0,0.9375,0.0,0.0,0.0625,0.0,0.0,0.0,0.0,0.0,0.0,0.0
3,0,0.9375,0.0,0.0,0.0625,0.0,0.0,0.0,0.0,0.0,0.0,0.0
3,0,0.875,0.0,0.0,0.125,0.0,0.0,0.0,0.0,0.0,0.0,0.0
3,0,0.875,0.0,0.0,0.125,0.0,0.0,0.0,0.0,0.0,0.0,0.0
3,0,0.875,0.0,0.0,0.125,0.0,0.0,0.0,0.0,0.0,0.0,0.0
3,0,0.875,0.0,0.0,0.125,0.0,0.0,0.0,0.0,0.0,0.0,0.0
3,0,0.875,0.0,0.0,0.125,0.0,0.0,0.0,0.0,0.0,0.0,0.0
3,0,0.875,0.0,0.0,0.125,0.0,0.0,0.0,0.0,0.0,0.0,0.0
3,0,0.875,0.0,0.0,0.125,0.0,0.0,0.0,0.0,0.0,0.0,0.0
3,0,0.875,0.0,0.0,0.125,0.0,0.0,0.0,0.0,0.0,0.0,0.0
3,0,0.875,0.0,0.0,0.125,0.0,0.0,0.0,0.0,0.0,0.0,0.0
3,0,0.875,0.0,0.0,0.125,0.0,0.0,0.0,0.0,0.0,0.0,0.0
3,0,0.875,0.0,0.0,0.125,0.0,0.0,0.0,0.0,0.0,0.0,0.0
3,0,0.875,0.0,0.0,0.125,0.0,0.0,0.0,0.0,0.0,0.0,0.0
3,0,0.875,0.0,0.0,0.125,0.0,0.0,0.0,0.0,0.0,0.0,0.0
3,0,0.875,0.0,0.0,0.125,0.0,0.0,0.0,0.0,0.0,0.0,0.0
3,0,0.875,0.0,0.0,0.125,0.0,0.0,0.0,0.0,0.0,0.0,0.0
3,0,0.875,0.0,0.0,0.125,0.0,0.0,0.0,0.0,0.0,0.0,0.0
3,0,0.875,0.0,0.0,0.125,0.0,0.0,0.0,0.0,0.0,0.0,0.0
3,0,0.875,0.0,0.0,0.125,0.0,0.0,0.0,0.0,0.0,0.0,0.0
3,0,0.875,0.0,0.0,0.125,0.0,0.0,0.0,0.0,0.0,0.0,0.0
3,0,0.875,0.0,0.0,0.125,0.0,0.0,0.0,0.0,0.0,0.0,0.0
3,0,0.875,0.0,0.0,0.125,0.0,0.0,0.0,0.0,0.0,0.0,0.0
3,0,0.875,0.0,0.0,0.125,0.0,0.0,0.0,0.0,0.0,0.0,0.0
3,0,0.875,0.0,0.0,0.125,0.0,0.0,0.0,0.0,0.0,0.0,0.0
3,0,0.875,0.0,0.0,0.125,0.0,0.0,0.0,0.0,0.0,0.0,0.0
3,0,0.9375,0.0,0.0,0.0625,0.0,0.0,0.0,0.0,0.0,0.0,0.0
3,0,0.9375,0.0,0.0,0.0625,0.0,0.0,0.0,0.0,0.0,0.0,0.0
3,0,0.9375,0.0,0.0,0.0625,0.0,0.0,0.0,0.0,0.0,0.0,0.0
3,0,0.9375,0.0,0.0,0.0625,0.0,0.0,0.0,0.0,0.0,0.0,0.0
3,0,0.9375,0.0,0.0,0.0625,0.0,0.0,0.0,0.0,0.0,0.0,0.0
3,0,0.9375,0.0,0.0,0.0625,0.0,0.0,0.0,0.0,0.0,0.0,0.0
3,0,0.9375,0.0,0.0,0.0625,0.0,0.0,0.0,0.0,0.0,0.0,0.0
3,0,0.9375,0.0,0.0,0.0625,0.0,0.0,0.0,0.0,0.0,0.0,0.0
3,0,0.9375,0.0,0.0,0.0625,0.0,0.0,0.0,0.0,0.0,0.0,0.0
3,0,0.9375,0.0,0.0,0.0625,0.0,0.0,0.0,0.0,0.0,0.0,0.0
3,0,0.9375,0.0,0.0,0.0625,0.0,0.0,0.0,0.0,0.0,0.0,0.0
3,0,0.9375,0.0,0.0,0.0625,0.0,0.0,0.0,0.0,0.0,0.0,0.0
3,0,0.9375,0.0,0.0,0.0625,0.0,0.0,0.0,0.0,0.0,0.0,0.0
3,0,0.9375,0.0,0.0,0.0625,0.0,0.0,0.0,0.0,0.0,0.0,0.0
3,0,0.9375,0.0,0.0,0.0625,0.0,0.0,0.0,0.0,0.0,0.0,0.0
3,0,0.9375,0.0,0.0,0.0625,0.0,0.0,0.0,0.0,0.0,0.0,0.0
3,0,0.9375,0.0,0.0,0.0625,0.0,0.0,0.0,0.0,0.0,0.0,0.0
3,0,0.9375,0.0,0.0,0.0625,0.0,0.0,0.0,0.0,0.0,0.0,0.0
3,0,0.9375,0.0,0.0,0.0625,0.0,0.0,0.0,0.0,0.0,0.0,0.0
3,0,0.9375,0.0,0.0,0.0625,0.0,0.0,0.0,0.0,0.0,0.0,0.0
3,0,0.9375,0.0,0.0,0.0625,0.0,0.0,0.0,0.0,0.0,0.0,0.0
3,0,0.9375,0.0,0.0,0.0625,0.0,0.0,0.0,0.0,0.0,0.0,0.0
3,0,0.9375,0.0,0.0,0.0625,0.0,0.0,0.0,0.0,0.0,0.0,0.0
3,0,0.9375,0.0,0.0,0.0625,0.0,0.0,0.0,0.0,0.0,0.0,0.0
3,0,0.9375,0.0,0.0,0.0625,0.0,0.0,0.0,0.0,0.0,0.0,0.0
3,0,0.9375,0.0,0.0,0.0625,0.0,0.0,0.0,0.0,0.0,0.0,0.0
3,0,0.9375,0.0,0.0,0.0625,0.0,0.0,0.0,0.0,0.0,0.0,0.0
3,0,0.9375,0.0,0.0,0.0625,0.0,0.0,0.0,0.0,0.0,0.0,0.0
3,0,0.9375,0.0,0.0,0.0625,0.0,0.0,0.0,0.0,0.0,0.0,0.0
3,0,0.9375,0.0,0.0,0.0625,0.0,0.0,0.0,0.0,0.0,0.0,0.0
3,0,0.9375,0.0,0.0,0.0625,0.0,0.0,0.0,0.0,0.0,0.0,0.0
3,0,0.9375,0.0,0.0,0.0625,0.0,0.0,0.0,0.0,0.0,0.0,0.0
3,0,0.9375,0.0,0.0,0.0625,0.0,0.0,0.0,0.0,0.0,0.0,0.0
3,0,0.9375,0.0,0.0,0.0625,0.0,0.0,0.0,0.0,0.0,0.0,0.0
3,0,0.9375,0.0,0.0,0.0625,0.0,0.0,0.0,0.0,0.0,0.0,0.0
3,0,0.9375,0.0,0.0,0.0625,0.0,0.0,0.0,0.0,0.0,0.0,0.0
3,0,0.9375,0.0,0.0,0.0625,0.0,0.0,0.0,0.0,0.0,0.0,0.0
3,0,0.9375,0.0,0.0,0.0625,0.0,0.0,0.0,0.0,0.0,0.0,0.0
3,0,0.9375,0.0,0.0,0.0625,0.0,0.0,0.0,0.0,0.0,0.0,0.0
3,0,0.9375,0.0,0.0,0.0625,0.0,0.0,0.0,0.0,0.0,0.0,0.0
3,0,0.9375,0.0,0.0,0.0625,0.0,0.0,0.0,0.0,0.0,0.0,0.0
3,0,0.9375,0.0,0.0,0.0625,0.0,0.0,0.0,0.0,0.0,0.0,0.0
3,0,0.9375,0.0,0.0,0.0625,0.0,0.0,0.0,0.0,0.0,0.0,0.0
3,0,0.9375,0.0,0.0,0.0625,0.0,0.0,0.0,0.0,0.0,0.0,0.0
3,0,0.9375,0.0,0.0,0.0625,0.0,0.0,0.0,0.0,0.0,0.0,0.0
3,0,0.9375,0.0,0.0,0.0625,0.0,0.0,0.0,0.0,0.0,0.0,0.0
3,0,0.9375,0.0,0.0,0.0625,0.0,0.0,0.0,0.0,0.0,0.0,0.0
3,0,0.9375,0.0,0.0,0.0625,0.0,0.0,0.0,0.0,0.0,0.0,0.0
3,0,0.875,0.0,0.0,0.125,0.0,0.0,0.0,0.0,0.0,0.0,0.0
3,0,0.875,0.0,0.0,0.125,0.0,0.0,0.0,0.0,0.0,0.0,0.0
3,0,0.875,0.0,0.0,0.125,0.0,0.0,0.0,0.0,0.0,0.0,0.0
3,0,0.875,0.0,0.0,0.125,0.0,0.0,0.0,0.0,0.0,0.0,0.0
3,0,0.875,0.0,0.0,0.125,0.0,0.0,0.0,0.0,0.0,0.0,0.0
3,0,0.875,0.0,0.0,0.125,0.0,0.0,0.0,0.0,0.0,0.0,0.0
3,0,0.875,0.0,0.0,0.125,0.0,0.0,0.0,0.0,0.0,0.0,0.0
3,0,0.875,0.0,0.0,0.125,0.0,0.0,0.0,0.0,0.0,0.0,0.0
3,0,0.875,0.0,0.0,0.125,0.0,0.0,0.0,0.0,0.0,0.0,0.0
3,0,0.875,0.0,0.0,0.125,0.0,0.0,0.0,0.0,0.0,0.0,0.0
3,0,0.875,0.0,0.0,0.125,0.0,0.0,0.0,0.0,0.0,0.0,0.0
3,0,0.875,0.0,0.0,0.125,0.0,0.0,0.0,0.0,0.0,0.0,0.0
3,0,0.875,0.0,0.0,0.125,0.0,0.0,0.0,0.0,0.0,0.0,0.0
3,0,0.875,0.0,0.0,0.125,0.0,0.0,0.0,0.0,0.0,0.0,0.0
3,0,0.875,0.0,0.0,0.125,0.0,0.0,0.0,0.0,0.0,0.0,0.0
3,0,0.875,0.0,0.0,0.125,0.0,0.0,0.0,0.0,0.0,0.0,0.0
3,0,0.875,0.0,0.0,0.125,0.0,0.0,0.0,0.0,0.0,0.0,0.0
3,0,0.875,0.0,0.0,0.125,0.0,0.0,0.0,0.0,0.0,0.0,0.0
3,0,0.875,0.0,0.0,0.125,0.0,0.0,0.0,0.0,0.0,0.0,0.0
3,0,0.875,0.0,0.0,0.125,0.0,0.0,0.0,0.0,0.0,0.0,0.0
3,0,0.875,0.0,0.0,0.125,0.0,0.0,0.0,0.0,0.0,0.0,0.0
3,0,0.875,0.0,0.0,0.125,0.0,0.0,0.0,0.0,0.0,0.0,0.0
3,0,0.875,0.0,0.0,0.125,0.0,0.0,0.0,0.0,0.0,0.0,0.0
3,0,0.875,0.0,0.0,0.125,0.0,0.0,0.0,0.0,0.0,0.0,0.0
3,0,0.875,0.0,0.0,0.125,0.0,0.0,0.0,0.0,0.0,0.0,0.0
3,0,0.875,0.0,0.0,0.125,0.0,0.0,0.0,0.0,0.0,0.0,0.0
3,0,0.875,0.0,0.0,0.125,0.0,0.0,0.0,0.0,0.0,0.0,0.0
3,0,0.875,0.0,0.0,0.125,0.0,0.0,0.0,0.0,0.0,0.0,0.0
3,0,0.875,0.0,0.0,0.125,0.0,0.0,0.0,0.0,0.0,0.0,0.0
3,0,0.875,0.0,0.0,0.125,0.0,0.0,0.0,0.0,0.0,0.0,0.0
3,0,0.875,0.0,0.0,0.125,0.0,0.0,0.0,0.0,0.0,0.0,0.0
3,0,0.875,0.0,0.0,0.125,0.0,0.0,0.0,0.0,0.0,0.0,0.0
3,0,0.875,0.0,0.0,0.125,0.0,0.0,0.0,0.0,0.0,0.0,0.0
3,0,0.875,0.0,0.0,0.125,0.0,0.0,0.0,0.0,0.0,0.0,0.0
3,0,0.875,0.0,0.0,0.125,0.0,0.0,0.0,0.0,0.0,0.0,0.0
3,0,0.875,0.0,0.0,0.125,0.0,0.0,0.0,0.0,0.0,0.0,0.0
3,0,0.875,0.0,0.0,0.125,0.0,0.0,0.0,0.0,0.0,0.0,0.0
3,0,0.875,0.0,0.0,0.125,0.0,0.0,0.0,0.0,0.0,0.0,0.0
3,0,0.875,0.0,0.0,0.125,0.0,0.0,0.0,0.0,0.0,0.0,0.0
3,0,0.875,0.0,0.0,0.125,0.0,0.0,0.0,0.0,0.0,0.0,0.0
3,0,0.875,0.0,0.0,0.125,0.0,0.0,0.0,0.0,0.0,0.0,0.0
3,0,0.875,0.0,0.0,0.125,0.0,0.0,0.0,0.0,0.0,0.0,0.0
3,0,0.875,0.0,0.0,0.125,0.0,0.0,0.0,0.0,0.0,0.0,0.0
3,0,0.875,0.0,0.0,0.125,0.0,0.0,0.0,0.0,0.0,0.0,0.0
3,0,0.875,0.0,0.0,0.125,0.0,0.0,0.0,0.0,0.0,0.0,0.0
3,0,0.875,0.0,0.0,0.125,0.0,0.0,0.0,0.0,0.0,0.0,0.0
3,0,0.875,0.0,0.0,0.125,0.0,0.0,0.0,0.0,0.0,0.0,0.0
3,0,0.875,0.0,0.0,0.125,0.0,0.0,0.0,0.0,0.0,0.0,0.0
3,0,0.875,0.0,0.0,0.125,0.0,0.0,0.0,0.0,0.0,0.0,0.0
3,0,0.875,0.0,0.0,0.125,0.0,0.0,0.0,0.0,0.0,0.0,0.0
3,0,0.875,0.0,0.0,0.125,0.0,0.0,0.0,0.0,0.0,0.0,0.0
3,0,0.875,0.0,0.0,0.125,0.0,0.0,0.0,0.0,0.0,0.0,0.0
3,0,0.875,0.0,0.0,0.125,0.0,0.0,0.0,0.0,0.0,0.0,0.0
3,0,0.875,0.0,0.0,0.125,0.0,0.0,0.0,0.0,0.0,0.0,0.0
3,0,0.875,0.0,0.0,0.125,0.0,0.0,0.0,0.0,0.0,0.0,0.0
3,0,0.875,0.0,0.0,0.125,0.0,0.0,0.0,0.0,0.0,0.0,0.0
3,0,0.875,0.0,0.0,0.125,0.0,0.0,0.0,0.0,0.0,0.0,0.0
3,0,0.875,0.0,0.0,0.125,0.0,0.0,0.0,0.0,0.0,0.0,0.0
3,0,0.875,0.0,0.0,0.125,0.0,0.0,0.0,0.0,0.0,0.0,0.0
3,0,0.875,0.0,0.0,0.125,0.0,0.0,0.0,0.0,0.0,0.0,0.0
3,0,0.875,0.0,0.0,0.125,0.0,0.0,0.0,0.0,0.0,0.0,0.0
3,0,0.875,0.0,0.0,0.125,0.0,0.0,0.0,0.0,0.0,0.0,0.0
3,0,0.875,0.0,0.0,0.125,0.0,0.0,0.0,0.0,0.0,0.0,0.0
3,0,0.875,0.0,0.0,0.125,0.0,0.0,0.0,0.0,0.0,0.0,0.0
3,0,0.875,0.0,0.0,0.125,0.0,0.0,0.0,0.0,0.0,0.0,0.0
3,0,0.875,0.0,0.0,0.125,0.0,0.0,0.0,0.0,0.0,0.0,0.0
3,0,0.875,0.0,0.0,0.125,0.0,0.0,0.0,0.0,0.0,0.0,0.0
3,0,0.875,0.0,0.0,0.125,0.0,0.0,0.0,0.0,0.0,0.0,0.0
3,0,0.875,0.0,0.0,0.125,0.0,0.0,0.0,0.0,0.0,0.0,0.0
3,0,0.875,0.0,0.0,0.125,0.0,0.0,0.0,0.0,0.0,0.0,0.0
3,0,0.875,0.0,0.0,0.125,0.0,0.0,0.0,0.0,0.0,0.0,0.0
3,0,0.875,0.0,0.0,0.125,0.0,0.0,0.0,0.0,0.0,0.0,0.0
3,0,0.875,0.0,0.0,0.125,0.0,0.0,0.0,0.0,0.0,0.0,0.0
3,0,0.875,0.0,0.0,0.125,0.0,0.0,0.0,0.0,0.0,0.0,0.0
3,0,0.875,0.0,0.0,0.125,0.0,0.0,0.0,0.0,0.0,0.0,0.0
3,0,0.875,0.0,0.0,0.125,0.0,0.0,0.0,0.0,0.0,0.0,0.0
3,0,0.875,0.0,0.0,0.125,0.0,0.0,0.0,0.0,0.0,0.0,0.0
3,0,0.875,0.0,0.0,0.125,0.0,0.0,0.0,0.0,0.0,0.0,0.0
3,0,0.875,0.0,0.0,0.125,0.0,0.0,0.0,0.0,0.0,0.0,0.0
3,0,0.875,0.0,0.0,0.125,0.0,0.0,0.0,0.0,0.0,0.0,0.0
3,0,0.875,0.0,0.0,0.125,0.0,0.0,0.0,0.0,0.0,0.0,0.0
3,0,0.875,0.0,0.0,0.125,0.0,0.0,0.0,0.0,0.0,0.0,0.0
3,0,0.875,0.0,0.0,0.125,0.0,0.0,0.0,0.0,0.0,0.0,0.0
3,0,0.875,0.0,0.0,0.125,0.0,0.0,0.0,0.0,0.0,0.0,0.0
3,0,0.875,0.0,0.0,0.125,0.0,0.0,0.0,0.0,0.0,0.0,0.0
3,0,0.875,0.0,0.0,0.125,0.0,0.0,0.0,0.0,0.0,0.0,0.0
3,0,0.875,0.0,0.0,0.125,0.0,0.0,0.0,0.0,0.0,0.0,0.0
3,0,0.875,0.0,0.0,0.125,0.0,0.0,0.0,0.0,0.0,0.0,0.0
3,0,0.875,0.0,0.0,0.125,0.0,0.0,0.0,0.0,0.0,0.0,0.0
3,0,0.875,0.0,0.0,0.125,0.0,0.0,0.0,0.0,0.0,0.0,0.0
3,0,0.875,0.0,0.0,0.125,0.0,0.0,0.0,0.0,0.0,0.0,0.0
3,0,0.875,0.0,0.0,0.125,0.0,0.0,0.0,0.0,0.0,0.0,0.0
3,0,0.875,0.0,0.0,0.125,0.0,0.0,0.0,0.0,0.0,0.0,0.0
3,0,0.875,0.0,0.0,0.125,0.0,0.0,0.0,0.0,0.0,0.0,0.0
3,0,0.875,0.0,0.0,0.125,0.0,0.0,0.0,0.0,0.0,0.0,0.0
3,0,0.875,0.0,0.0,0.125,0.0,0.0,0.0,0.0,0.0,0.0,0.0
3,0,0.875,0.0,0.0,0.125,0.0,0.0,0.0,0.0,0.0,0.0,0.0
3,0,0.875,0.0,0.0,0.125,0.0,0.0,0.0,0.0,0.0,0.0,0.0
3,0,0.875,0.0,0.0,0.125,0.0,0.0,0.0,0.0,0.0,0.0,0.0
3,0,0.875,0.0,0.0,0.125,0.0,0.0,0.0,0.0,0.0,0.0,0.0
3,0,0.875,0.0,0.0,0.125,0.0,0.0,0.0,0.0,0.0,0.0,0.0
3,0,0.875,0.0,0.0,0.125,0.0,0.0,0.0,0.0,0.0,0.0,0.0
3,0,0.875,0.0,0.0,0.125,0.0,0.0,0.0,0.0,0.0,0.0,0.0
3,0,0.875,0.0,0.0,0.125,0.0,0.0,0.0,0.0,0.0,0.0,0.0
3,0,0.875,0.0,0.0,0.125,0.0,0.0,0.0,0.0,0.0,0.0,0.0
3,0,0.875,0.0,0.0,0.125,0.0,0.0,0.0,0.0,0.0,0.0,0.0
3,0,0.875,0.0,0.0,0.125,0.0,0.0,0.0,0.0,0.0,0.0,0.0
3,0,0.875,0.0,0.0,0.125,0.0,0.0,0.0,0.0,0.0,0.0,0.0
3,0,0.875,0.0,0.0,0.125,0.0,0.0,0.0,0.0,0.0,0.0,0.0
3,0,0.875,0.0,0.0,0.125,0.0,0.0,0.0,0.0,0.0,0.0,0.0
3,0,0.875,0.0,0.0,0.125,0.0,0.0,0.0,0.0,0.0,0.0,0.0
3,0,0.875,0.0,0.0,0.125,0.0,0.0,0.0,0.0,0.0,0.0,0.0
3,0,0.875,0.0,0.0,0.125,0.0,0.0,0.0,0.0,0.0,0.0,0.0
3,0,0.875,0.0,0.0,0.125,0.0,0.0,0.0,0.0,0.0,0.0,0.0
3,0,0.875,0.0,0.0,0.125,0.0,0.0,0.0,0.0,0.0,0.0,0.0
3,0,0.875,0.0,0.0,0.125,0.0,0.0,0.0,0.0,0.0,0.0,0.0
3,0,0.875,0.0,0.0,0.125,0.0,0.0,0.0,0.0,0.0,0.0,0.0
3,0,0.875,0.0,0.0,0.125,0.0,0.0,0.0,0.0,0.0,0.0,0.0
3,0,0.875,0.0,0.0,0.125,0.0,0.0,0.0,0.0,0.0,0.0,0.0
3,0,0.875,0.0,0.0,0.125,0.0,0.0,0.0,0.0,0.0,0.0,0.0
3,0,0.875,0.0,0.0,0.125,0.0,0.0,0.0,0.0,0.0,0.0,0.0
3,0,0.875,0.0,0.0,0.125,0.0,0.0,0.0,0.0,0.0,0.0,0.0
3,0,0.875,0.0,0.0,0.125,0.0,0.0,0.0,0.0,0.0,0.0,0.0
3,0,0.875,0.0,0.0,0.125,0.0,0.0,0.0,0.0,0.0,0.0,0.0
3,0,0.875,0.0,0.0,0.125,0.0,0.0,0.0,0.0,0.0,0.0,0.0
3,0,0.875,0.0,0.0,0.125,0.0,0.0,0.0,0.0,0.0,0.0,0.0
3,0,0.875,0.0,0.0,0.125,0.0,0.0,0.0,0.0,0.0,0.0,0.0
3,0,0.875,0.0,0.0,0.125,0.0,0.0,0.0,0.0,0.0,0.0,0.0
3,0,0.9375,0.0,0.0,0.0625,0.0,0.0,0.0,0.0,0.0,0.0,0.0
3,0,0.9375,0.0,0.0,0.0625,0.0,0.0,0.0,0.0,0.0,0.0,0.0
3,0,0.9375,0.0,0.0,0.0625,0.0,0.0,0.0,0.0,0.0,0.0,0.0
3,0,0.9375,0.0,0.0,0.0625,0.0,0.0,0.0,0.0,0.0,0.0,0.0
3,0,0.9375,0.0,0.0,0.0625,0.0,0.0,0.0,0.0,0.0,0.0,0.0
3,0,0.9375,0.0,0.0,0.0625,0.0,0.0,0.0,0.0,0.0,0.0,0.0
3,0,0.9375,0.0,0.0,0.0625,0.0,0.0,0.0,0.0,0.0,0.0,0.0
3,0,0.9375,0.0,0.0,0.0625,0.0,0.0,0.0,0.0,0.0,0.0,0.0
3,0,0.9375,0.0,0.0,0.0625,0.0,0.0,0.0,0.0,0.0,0.0,0.0
3,0,0.9375,0.0,0.0,0.0625,0.0,0.0,0.0,0.0,0.0,0.0,0.0
3,0,1.0,0.0,0.0,0.0,0.0,0.0,0.0,0.0,0.0,0.0,0.0
3,0,1.0,0.0,0.0,0.0,0.0,0.0,0.0,0.0,0.0,0.0,0.0
3,0,1.0,0.0,0.0,0.0,0.0,0.0,0.0,0.0,0.0,0.0,0.0
3,0,1.0,0.0,0.0,0.0,0.0,0.0,0.0,0.0,0.0,0.0,0.0
3,0,1.0,0.0,0.0,0.0,0.0,0.0,0.0,0.0,0.0,0.0,0.0
3,0,1.0,0.0,0.0,0.0,0.0,0.0,0.0,0.0,0.0,0.0,0.0
3,0,1.0,0.0,0.0,0.0,0.0,0.0,0.0,0.0,0.0,0.0,0.0
3,0,1.0,0.0,0.0,0.0,0.0,0.0,0.0,0.0,0.0,0.0,0.0
3,0,1.0,0.0,0.0,0.0,0.0,0.0,0.0,0.0,0.0,0.0,0.0
3,0,1.0,0.0,0.0,0.0,0.0,0.0,0.0,0.0,0.0,0.0,0.0
3,0,1.0,0.0,0.0,0.0,0.0,0.0,0.0,0.0,0.0,0.0,0.0
3,0,1.0,0.0,0.0,0.0,0.0,0.0,0.0,0.0,0.0,0.0,0.0
3,0,1.0,0.0,0.0,0.0,0.0,0.0,0.0,0.0,0.0,0.0,0.0
3,0,1.0,0.0,0.0,0.0,0.0,0.0,0.0,0.0,0.0,0.0,0.0
3,0,1.0,0.0,0.0,0.0,0.0,0.0,0.0,0.0,0.0,0.0,0.0
3,0,1.0,0.0,0.0,0.0,0.0,0.0,0.0,0.0,0.0,0.0,0.0
3,0,1.0,0.0,0.0,0.0,0.0,0.0,0.0,0.0,0.0,0.0,0.0
3,0,1.0,0.0,0.0,0.0,0.0,0.0,0.0,0.0,0.0,0.0,0.0
3,0,1.0,0.0,0.0,0.0,0.0,0.0,0.0,0.0,0.0,0.0,0.0
3,0,1.0,0.0,0.0,0.0,0.0,0.0,0.0,0.0,0.0,0.0,0.0
3,0,1.0,0.0,0.0,0.0,0.0,0.0,0.0,0.0,0.0,0.0,0.0
3,0,1.0,0.0,0.0,0.0,0.0,0.0,0.0,0.0,0.0,0.0,0.0
3,0,1.0,0.0,0.0,0.0,0.0,0.0,0.0,0.0,0.0,0.0,0.0
3,0,1.0,0.0,0.0,0.0,0.0,0.0,0.0,0.0,0.0,0.0,0.0
3,0,1.0,0.0,0.0,0.0,0.0,0.0,0.0,0.0,0.0,0.0,0.0
3,0,1.0,0.0,0.0,0.0,0.0,0.0,0.0,0.0,0.0,0.0,0.0
3,0,1.0,0.0,0.0,0.0,0.0,0.0,0.0,0.0,0.0,0.0,0.0
3,0,1.0,0.0,0.0,0.0,0.0,0.0,0.0,0.0,0.0,0.0,0.0
3,0,1.0,0.0,0.0,0.0,0.0,0.0,0.0,0.0,0.0,0.0,0.0
3,0,1.0,0.0,0.0,0.0,0.0,0.0,0.0,0.0,0.0,0.0,0.0
3,0,1.0,0.0,0.0,0.0,0.0,0.0,0.0,0.0,0.0,0.0,0.0
3,0,1.0,0.0,0.0,0.0,0.0,0.0,0.0,0.0,0.0,0.0,0.0
3,0,1.0,0.0,0.0,0.0,0.0,0.0,0.0,0.0,0.0,0.0,0.0
3,0,1.0,0.0,0.0,0.0,0.0,0.0,0.0,0.0,0.0,0.0,0.0
3,0,1.0,0.0,0.0,0.0,0.0,0.0,0.0,0.0,0.0,0.0,0.0
3,0,1.0,0.0,0.0,0.0,0.0,0.0,0.0,0.0,0.0,0.0,0.0
3,0,1.0,0.0,0.0,0.0,0.0,0.0,0.0,0.0,0.0,0.0,0.0
3,0,1.0,0.0,0.0,0.0,0.0,0.0,0.0,0.0,0.0,0.0,0.0
3,0,1.0,0.0,0.0,0.0,0.0,0.0,0.0,0.0,0.0,0.0,0.0
3,0,1.0,0.0,0.0,0.0,0.0,0.0,0.0,0.0,0.0,0.0,0.0
3,0,1.0,0.0,0.0,0.0,0.0,0.0,0.0,0.0,0.0,0.0,0.0
3,0,1.0,0.0,0.0,0.0,0.0,0.0,0.0,0.0,0.0,0.0,0.0
3,0,1.0,0.0,0.0,0.0,0.0,0.0,0.0,0.0,0.0,0.0,0.0
3,0,1.0,0.0,0.0,0.0,0.0,0.0,0.0,0.0,0.0,0.0,0.0
3,0,1.0,0.0,0.0,0.0,0.0,0.0,0.0,0.0,0.0,0.0,0.0
3,0,1.0,0.0,0.0,0.0,0.0,0.0,0.0,0.0,0.0,0.0,0.0
3,0,1.0,0.0,0.0,0.0,0.0,0.0,0.0,0.0,0.0,0.0,0.0
3,0,1.0,0.0,0.0,0.0,0.0,0.0,0.0,0.0,0.0,0.0,0.0
3,0,1.0,0.0,0.0,0.0,0.0,0.0,0.0,0.0,0.0,0.0,0.0
3,0,1.0,0.0,0.0,0.0,0.0,0.0,0.0,0.0,0.0,0.0,0.0
3,0,1.0,0.0,0.0,0.0,0.0,0.0,0.0,0.0,0.0,0.0,0.0
3,0,1.0,0.0,0.0,0.0,0.0,0.0,0.0,0.0,0.0,0.0,0.0
3,0,1.0,0.0,0.0,0.0,0.0,0.0,0.0,0.0,0.0,0.0,0.0
3,0,1.0,0.0,0.0,0.0,0.0,0.0,0.0,0.0,0.0,0.0,0.0
3,0,1.0,0.0,0.0,0.0,0.0,0.0,0.0,0.0,0.0,0.0,0.0
3,0,1.0,0.0,0.0,0.0,0.0,0.0,0.0,0.0,0.0,0.0,0.0
3,0,1.0,0.0,0.0,0.0,0.0,0.0,0.0,0.0,0.0,0.0,0.0
3,0,1.0,0.0,0.0,0.0,0.0,0.0,0.0,0.0,0.0,0.0,0.0
3,0,1.0,0.0,0.0,0.0,0.0,0.0,0.0,0.0,0.0,0.0,0.0
3,0,1.0,0.0,0.0,0.0,0.0,0.0,0.0,0.0,0.0,0.0,0.0
3,0,1.0,0.0,0.0,0.0,0.0,0.0,0.0,0.0,0.0,0.0,0.0
3,0,1.0,0.0,0.0,0.0,0.0,0.0,0.0,0.0,0.0,0.0,0.0
3,0,1.0,0.0,0.0,0.0,0.0,0.0,0.0,0.0,0.0,0.0,0.0
3,0,1.0,0.0,0.0,0.0,0.0,0.0,0.0,0.0,0.0,0.0,0.0
3,0,1.0,0.0,0.0,0.0,0.0,0.0,0.0,0.0,0.0,0.0,0.0
3,0,1.0,0.0,0.0,0.0,0.0,0.0,0.0,0.0,0.0,0.0,0.0
3,0,1.0,0.0,0.0,0.0,0.0,0.0,0.0,0.0,0.0,0.0,0.0
3,0,1.0,0.0,0.0,0.0,0.0,0.0,0.0,0.0,0.0,0.0,0.0
3,0,1.0,0.0,0.0,0.0,0.0,0.0,0.0,0.0,0.0,0.0,0.0
3,0,1.0,0.0,0.0,0.0,0.0,0.0,0.0,0.0,0.0,0.0,0.0
3,0,1.0,0.0,0.0,0.0,0.0,0.0,0.0,0.0,0.0,0.0,0.0
3,0,1.0,0.0,0.0,0.0,0.0,0.0,0.0,0.0,0.0,0.0,0.0
3,0,1.0,0.0,0.0,0.0,0.0,0.0,0.0,0.0,0.0,0.0,0.0
3,0,1.0,0.0,0.0,0.0,0.0,0.0,0.0,0.0,0.0,0.0,0.0
3,0,1.0,0.0,0.0,0.0,0.0,0.0,0.0,0.0,0.0,0.0,0.0
3,0,1.0,0.0,0.0,0.0,0.0,0.0,0.0,0.0,0.0,0.0,0.0
3,0,1.0,0.0,0.0,0.0,0.0,0.0,0.0,0.0,0.0,0.0,0.0
3,0,1.0,0.0,0.0,0.0,0.0,0.0,0.0,0.0,0.0,0.0,0.0
3,0,1.0,0.0,0.0,0.0,0.0,0.0,0.0,0.0,0.0,0.0,0.0
3,0,1.0,0.0,0.0,0.0,0.0,0.0,0.0,0.0,0.0,0.0,0.0
3,0,1.0,0.0,0.0,0.0,0.0,0.0,0.0,0.0,0.0,0.0,0.0
3,0,1.0,0.0,0.0,0.0,0.0,0.0,0.0,0.0,0.0,0.0,0.0
3,0,1.0,0.0,0.0,0.0,0.0,0.0,0.0,0.0,0.0,0.0,0.0
3,0,1.0,0.0,0.0,0.0,0.0,0.0,0.0,0.0,0.0,0.0,0.0
3,0,1.0,0.0,0.0,0.0,0.0,0.0,0.0,0.0,0.0,0.0,0.0
3,0,1.0,0.0,0.0,0.0,0.0,0.0,0.0,0.0,0.0,0.0,0.0
3,0,1.0,0.0,0.0,0.0,0.0,0.0,0.0,0.0,0.0,0.0,0.0
3,0,1.0,0.0,0.0,0.0,0.0,0.0,0.0,0.0,0.0,0.0,0.0
3,0,1.0,0.0,0.0,0.0,0.0,0.0,0.0,0.0,0.0,0.0,0.0
3,0,1.0,0.0,0.0,0.0,0.0,0.0,0.0,0.0,0.0,0.0,0.0
3,0,1.0,0.0,0.0,0.0,0.0,0.0,0.0,0.0,0.0,0.0,0.0
3,0,1.0,0.0,0.0,0.0,0.0,0.0,0.0,0.0,0.0,0.0,0.0
3,0,1.0,0.0,0.0,0.0,0.0,0.0,0.0,0.0,0.0,0.0,0.0
3,0,1.0,0.0,0.0,0.0,0.0,0.0,0.0,0.0,0.0,0.0,0.0
3,0,1.0,0.0,0.0,0.0,0.0,0.0,0.0,0.0,0.0,0.0,0.0
3,0,1.0,0.0,0.0,0.0,0.0,0.0,0.0,0.0,0.0,0.0,0.0
3,0,1.0,0.0,0.0,0.0,0.0,0.0,0.0,0.0,0.0,0.0,0.0
3,0,1.0,0.0,0.0,0.0,0.0,0.0,0.0,0.0,0.0,0.0,0.0
3,0,1.0,0.0,0.0,0.0,0.0,0.0,0.0,0.0,0.0,0.0,0.0
3,0,1.0,0.0,0.0,0.0,0.0,0.0,0.0,0.0,0.0,0.0,0.0
3,0,1.0,0.0,0.0,0.0,0.0,0.0,0.0,0.0,0.0,0.0,0.0
3,0,1.0,0.0,0.0,0.0,0.0,0.0,0.0,0.0,0.0,0.0,0.0
3,0,1.0,0.0,0.0,0.0,0.0,0.0,0.0,0.0,0.0,0.0,0.0
3,0,1.0,0.0,0.0,0.0,0.0,0.0,0.0,0.0,0.0,0.0,0.0
3,0,1.0,0.0,0.0,0.0,0.0,0.0,0.0,0.0,0.0,0.0,0.0
3,0,1.0,0.0,0.0,0.0,0.0,0.0,0.0,0.0,0.0,0.0,0.0
3,0,1.0,0.0,0.0,0.0,0.0,0.0,0.0,0.0,0.0,0.0,0.0
3,0,1.0,0.0,0.0,0.0,0.0,0.0,0.0,0.0,0.0,0.0,0.0
3,0,1.0,0.0,0.0,0.0,0.0,0.0,0.0,0.0,0.0,0.0,0.0
3,0,1.0,0.0,0.0,0.0,0.0,0.0,0.0,0.0,0.0,0.0,0.0
3,0,0.9375,0.0,0.0,0.0625,0.0,0.0,0.0,0.0,0.0,0.0,0.0
3,0,0.9375,0.0,0.0,0.0625,0.0,0.0,0.0,0.0,0.0,0.0,0.0
3,0,0.9375,0.0,0.0,0.0625,0.0,0.0,0.0,0.0,0.0,0.0,0.0
3,0,0.9375,0.0,0.0,0.0625,0.0,0.0,0.0,0.0,0.0,0.0,0.0
3,0,0.9375,0.0,0.0,0.0625,0.0,0.0,0.0,0.0,0.0,0.0,0.0
3,0,0.9375,0.0,0.0,0.0625,0.0,0.0,0.0,0.0,0.0,0.0,0.0
3,0,0.9375,0.0,0.0,0.0625,0.0,0.0,0.0,0.0,0.0,0.0,0.0
3,0,0.9375,0.0,0.0,0.0625,0.0,0.0,0.0,0.0,0.0,0.0,0.0
3,0,0.9375,0.0,0.0,0.0625,0.0,0.0,0.0,0.0,0.0,0.0,0.0
3,0,0.9375,0.0,0.0,0.0625,0.0,0.0,0.0,0.0,0.0,0.0,0.0
3,0,0.875,0.0,0.0,0.125,0.0,0.0,0.0,0.0,0.0,0.0,0.0
3,0,0.875,0.0,0.0,0.125,0.0,0.0,0.0,0.0,0.0,0.0,0.0
3,0,0.875,0.0,0.0,0.125,0.0,0.0,0.0,0.0,0.0,0.0,0.0
3,0,0.875,0.0,0.0,0.125,0.0,0.0,0.0,0.0,0.0,0.0,0.0
3,0,0.875,0.0,0.0,0.125,0.0,0.0,0.0,0.0,0.0,0.0,0.0
3,0,0.875,0.0,0.0,0.125,0.0,0.0,0.0,0.0,0.0,0.0,0.0
3,0,0.875,0.0,0.0,0.125,0.0,0.0,0.0,0.0,0.0,0.0,0.0
3,0,0.875,0.0,0.0,0.125,0.0,0.0,0.0,0.0,0.0,0.0,0.0
3,0,0.875,0.0,0.0,0.125,0.0,0.0,0.0,0.0,0.0,0.0,0.0
3,0,0.875,0.0,0.0,0.125,0.0,0.0,0.0,0.0,0.0,0.0,0.0
3,0,0.875,0.0,0.0,0.125,0.0,0.0,0.0,0.0,0.0,0.0,0.0
3,0,0.875,0.0,0.0,0.125,0.0,0.0,0.0,0.0,0.0,0.0,0.0
3,0,0.875,0.0,0.0,0.125,0.0,0.0,0.0,0.0,0.0,0.0,0.0
3,0,0.875,0.0,0.0,0.125,0.0,0.0,0.0,0.0,0.0,0.0,0.0
3,0,0.875,0.0,0.0,0.125,0.0,0.0,0.0,0.0,0.0,0.0,0.0
3,0,0.875,0.0,0.0,0.125,0.0,0.0,0.0,0.0,0.0,0.0,0.0
3,0,0.875,0.0,0.0,0.125,0.0,0.0,0.0,0.0,0.0,0.0,0.0
3,0,0.875,0.0,0.0,0.125,0.0,0.0,0.0,0.0,0.0,0.0,0.0
3,0,0.875,0.0,0.0,0.125,0.0,0.0,0.0,0.0,0.0,0.0,0.0
3,0,0.875,0.0,0.0,0.125,0.0,0.0,0.0,0.0,0.0,0.0,0.0
3,0,0.875,0.0,0.0,0.125,0.0,0.0,0.0,0.0,0.0,0.0,0.0
3,0,0.875,0.0,0.0,0.125,0.0,0.0,0.0,0.0,0.0,0.0,0.0
3,0,0.875,0.0,0.0,0.125,0.0,0.0,0.0,0.0,0.0,0.0,0.0
3,0,0.875,0.0,0.0,0.125,0.0,0.0,0.0,0.0,0.0,0.0,0.0
3,0,0.875,0.0,0.0,0.125,0.0,0.0,0.0,0.0,0.0,0.0,0.0
3,0,0.875,0.0,0.0,0.125,0.0,0.0,0.0,0.0,0.0,0.0,0.0
3,0,0.875,0.0,0.0,0.125,0.0,0.0,0.0,0.0,0.0,0.0,0.0
3,0,0.875,0.0,0.0,0.125,0.0,0.0,0.0,0.0,0.0,0.0,0.0
3,0,0.875,0.0,0.0,0.125,0.0,0.0,0.0,0.0,0.0,0.0,0.0
3,0,0.875,0.0,0.0,0.125,0.0,0.0,0.0,0.0,0.0,0.0,0.0
3,0,0.8125,0.0625,0.0,0.125,0.0,0.0,0.0,0.0,0.0,0.0,0.0
3,0,0.8125,0.0625,0.0,0.125,0.0,0.0,0.0,0.0,0.0,0.0,0.0
3,0,0.8125,0.0625,0.0,0.125,0.0,0.0,0.0,0.0,0.0,0.0,0.0
3,0,0.8125,0.0625,0.0,0.125,0.0,0.0,0.0,0.0,0.0,0.0,0.0
3,0,0.8125,0.0625,0.0,0.125,0.0,0.0,0.0,0.0,0.0,0.0,0.0
3,0,0.8125,0.0625,0.0,0.125,0.0,0.0,0.0,0.0,0.0,0.0,0.0
3,0,0.8125,0.0625,0.0,0.125,0.0,0.0,0.0,0.0,0.0,0.0,0.0
3,0,0.8125,0.0625,0.0,0.125,0.0,0.0,0.0,0.0,0.0,0.0,0.0
3,0,0.8125,0.0625,0.0,0.125,0.0,0.0,0.0,0.0,0.0,0.0,0.0
3,0,0.8125,0.0625,0.0,0.125,0.0,0.0,0.0,0.0,0.0,0.0,0.0
3,0,0.8125,0.0625,0.0,0.125,0.0,0.0,0.0,0.0,0.0,0.0,0.0
3,0,0.8125,0.0625,0.0,0.125,0.0,0.0,0.0,0.0,0.0,0.0,0.0
3,0,0.8125,0.0625,0.0,0.125,0.0,0.0,0.0,0.0,0.0,0.0,0.0
3,0,0.8125,0.0625,0.0,0.125,0.0,0.0,0.0,0.0,0.0,0.0,0.0
3,0,0.8125,0.0625,0.0,0.125,0.0,0.0,0.0,0.0,0.0,0.0,0.0
3,0,0.8125,0.0625,0.0,0.125,0.0,0.0,0.0,0.0,0.0,0.0,0.0
3,0,0.8125,0.0625,0.0,0.125,0.0,0.0,0.0,0.0,0.0,0.0,0.0
3,0,0.8125,0.0625,0.0,0.125,0.0,0.0,0.0,0.0,0.0,0.0,0.0
3,0,0.8125,0.0625,0.0,0.125,0.0,0.0,0.0,0.0,0.0,0.0,0.0
3,0,0.8125,0.0625,0.0,0.125,0.0,0.0,0.0,0.0,0.0,0.0,0.0
3,0,0.8125,0.0625,0.0,0.125,0.0,0.0,0.0,0.0,0.0,0.0,0.0
3,0,0.8125,0.0625,0.0,0.125,0.0,0.0,0.0,0.0,0.0,0.0,0.0
3,0,0.8125,0.0625,0.0,0.125,0.0,0.0,0.0,0.0,0.0,0.0,0.0
3,0,0.8125,0.0625,0.0,0.125,0.0,0.0,0.0,0.0,0.0,0.0,0.0
3,0,0.8125,0.0625,0.0,0.125,0.0,0.0,0.0,0.0,0.0,0.0,0.0
3,0,0.8125,0.0625,0.0,0.125,0.0,0.0,0.0,0.0,0.0,0.0,0.0
3,0,0.8125,0.0625,0.0,0.125,0.0,0.0,0.0,0.0,0.0,0.0,0.0
3,0,0.8125,0.0625,0.0,0.125,0.0,0.0,0.0,0.0,0.0,0.0,0.0
3,0,0.8125,0.0625,0.0,0.125,0.0,0.0,0.0,0.0,0.0,0.0,0.0
3,0,0.8125,0.0625,0.0,0.125,0.0,0.0,0.0,0.0,0.0,0.0,0.0
3,0,0.8125,0.0625,0.0,0.125,0.0,0.0,0.0,0.0,0.0,0.0,0.0
3,0,0.8125,0.0625,0.0,0.125,0.0,0.0,0.0,0.0,0.0,0.0,0.0
3,0,0.8125,0.0625,0.0,0.125,0.0,0.0,0.0,0.0,0.0,0.0,0.0
3,0,0.8125,0.0625,0.0,0.125,0.0,0.0,0.0,0.0,0.0,0.0,0.0
3,0,0.8125,0.0625,0.0,0.125,0.0,0.0,0.0,0.0,0.0,0.0,0.0
3,0,0.8125,0.0625,0.0,0.125,0.0,0.0,0.0,0.0,0.0,0.0,0.0
3,0,0.8125,0.0625,0.0,0.125,0.0,0.0,0.0,0.0,0.0,0.0,0.0
3,0,0.8125,0.0625,0.0,0.125,0.0,0.0,0.0,0.0,0.0,0.0,0.0
3,0,0.8125,0.0625,0.0,0.125,0.0,0.0,0.0,0.0,0.0,0.0,0.0
3,0,0.8125,0.0625,0.0,0.125,0.0,0.0,0.0,0.0,0.0,0.0,0.0
3,0,0.8125,0.0625,0.0,0.125,0.0,0.0,0.0,0.0,0.0,0.0,0.0
3,0,0.8125,0.0625,0.0,0.125,0.0,0.0,0.0,0.0,0.0,0.0,0.0
3,0,0.8125,0.0625,0.0,0.125,0.0,0.0,0.0,0.0,0.0,0.0,0.0
3,0,0.8125,0.0625,0.0,0.125,0.0,0.0,0.0,0.0,0.0,0.0,0.0
3,0,0.8125,0.0625,0.0,0.125,0.0,0.0,0.0,0.0,0.0,0.0,0.0
3,0,0.8125,0.0625,0.0,0.125,0.0,0.0,0.0,0.0,0.0,0.0,0.0
3,0,0.8125,0.0625,0.0,0.125,0.0,0.0,0.0,0.0,0.0,0.0,0.0
3,0,0.8125,0.0625,0.0,0.125,0.0,0.0,0.0,0.0,0.0,0.0,0.0
3,0,0.8125,0.0625,0.0,0.125,0.0,0.0,0.0,0.0,0.0,0.0,0.0
3,0,0.8125,0.0625,0.0,0.125,0.0,0.0,0.0,0.0,0.0,0.0,0.0
3,0,0.8125,0.0625,0.0,0.125,0.0,0.0,0.0,0.0,0.0,0.0,0.0
3,0,0.8125,0.0625,0.0,0.125,0.0,0.0,0.0,0.0,0.0,0.0,0.0
3,0,0.8125,0.0625,0.0,0.125,0.0,0.0,0.0,0.0,0.0,0.0,0.0
3,0,0.8125,0.0625,0.0,0.125,0.0,0.0,0.0,0.0,0.0,0.0,0.0
3,0,0.8125,0.0625,0.0,0.125,0.0,0.0,0.0,0.0,0.0,0.0,0.0
3,0,0.8125,0.0625,0.0,0.125,0.0,0.0,0.0,0.0,0.0,0.0,0.0
3,0,0.8125,0.0625,0.0,0.125,0.0,0.0,0.0,0.0,0.0,0.0,0.0
3,0,0.8125,0.0625,0.0,0.125,0.0,0.0,0.0,0.0,0.0,0.0,0.0
3,0,0.8125,0.0625,0.0,0.125,0.0,0.0,0.0,0.0,0.0,0.0,0.0
3,0,0.8125,0.0625,0.0,0.125,0.0,0.0,0.0,0.0,0.0,0.0,0.0
3,0,0.8125,0.0625,0.0,0.125,0.0,0.0,0.0,0.0,0.0,0.0,0.0
3,0,0.8125,0.0625,0.0,0.125,0.0,0.0,0.0,0.0,0.0,0.0,0.0
3,0,0.8125,0.0625,0.0,0.125,0.0,0.0,0.0,0.0,0.0,0.0,0.0
3,0,0.8125,0.0625,0.0,0.125,0.0,0.0,0.0,0.0,0.0,0.0,0.0
3,0,0.8125,0.0625,0.0,0.125,0.0,0.0,0.0,0.0,0.0,0.0,0.0
3,0,0.8125,0.0625,0.0,0.125,0.0,0.0,0.0,0.0,0.0,0.0,0.0
3,0,0.8125,0.0625,0.0,0.125,0.0,0.0,0.0,0.0,0.0,0.0,0.0
3,0,0.8125,0.0625,0.0,0.125,0.0,0.0,0.0,0.0,0.0,0.0,0.0
3,0,0.8125,0.0625,0.0,0.125,0.0,0.0,0.0,0.0,0.0,0.0,0.0
3,0,0.8125,0.0625,0.0,0.125,0.0,0.0,0.0,0.0,0.0,0.0,0.0
3,0,0.8125,0.0625,0.0,0.125,0.0,0.0,0.0,0.0,0.0,0.0,0.0
3,0,0.8125,0.0625,0.0,0.125,0.0,0.0,0.0,0.0,0.0,0.0,0.0
3,0,0.8125,0.0625,0.0,0.125,0.0,0.0,0.0,0.0,0.0,0.0,0.0
3,0,0.8125,0.0625,0.0,0.125,0.0,0.0,0.0,0.0,0.0,0.0,0.0
3,0,0.8125,0.0625,0.0,0.125,0.0,0.0,0.0,0.0,0.0,0.0,0.0
3,0,0.8125,0.0625,0.0,0.125,0.0,0.0,0.0,0.0,0.0,0.0,0.0
3,0,0.8125,0.0625,0.0,0.125,0.0,0.0,0.0,0.0,0.0,0.0,0.0
3,0,0.8125,0.0625,0.0,0.125,0.0,0.0,0.0,0.0,0.0,0.0,0.0
3,0,0.8125,0.0625,0.0,0.125,0.0,0.0,0.0,0.0,0.0,0.0,0.0
3,0,0.8125,0.0625,0.0,0.125,0.0,0.0,0.0,0.0,0.0,0.0,0.0
3,0,0.8125,0.0625,0.0,0.125,0.0,0.0,0.0,0.0,0.0,0.0,0.0
3,0,0.8125,0.0625,0.0,0.125,0.0,0.0,0.0,0.0,0.0,0.0,0.0
3,0,0.8125,0.0625,0.0,0.125,0.0,0.0,0.0,0.0,0.0,0.0,0.0
3,0,0.8125,0.0625,0.0,0.125,0.0,0.0,0.0,0.0,0.0,0.0,0.0
3,0,0.8125,0.0625,0.0,0.125,0.0,0.0,0.0,0.0,0.0,0.0,0.0
3,0,0.8125,0.0625,0.0,0.125,0.0,0.0,0.0,0.0,0.0,0.0,0.0
3,0,0.8125,0.0625,0.0,0.125,0.0,0.0,0.0,0.0,0.0,0.0,0.0
3,0,0.8125,0.0625,0.0,0.125,0.0,0.0,0.0,0.0,0.0,0.0,0.0
3,0,0.8125,0.0625,0.0,0.125,0.0,0.0,0.0,0.0,0.0,0.0,0.0
3,0,0.8125,0.0625,0.0,0.125,0.0,0.0,0.0,0.0,0.0,0.0,0.0
3,0,0.8125,0.0625,0.0,0.125,0.0,0.0,0.0,0.0,0.0,0.0,0.0
3,0,0.8125,0.0625,0.0,0.125,0.0,0.0,0.0,0.0,0.0,0.0,0.0
3,0,0.8125,0.0625,0.0,0.125,0.0,0.0,0.0,0.0,0.0,0.0,0.0
3,0,0.8125,0.0625,0.0,0.125,0.0,0.0,0.0,0.0,0.0,0.0,0.0
3,0,0.8125,0.0625,0.0,0.125,0.0,0.0,0.0,0.0,0.0,0.0,0.0
3,0,0.8125,0.0625,0.0,0.125,0.0,0.0,0.0,0.0,0.0,0.0,0.0
3,0,0.8125,0.0625,0.0,0.125,0.0,0.0,0.0,0.0,0.0,0.0,0.0
3,0,0.8125,0.0625,0.0,0.125,0.0,0.0,0.0,0.0,0.0,0.0,0.0
3,0,0.8125,0.0625,0.0,0.125,0.0,0.0,0.0,0.0,0.0,0.0,0.0
3,0,0.8125,0.0625,0.0,0.125,0.0,0.0,0.0,0.0,0.0,0.0,0.0
3,0,0.8125,0.0625,0.0,0.125,0.0,0.0,0.0,0.0,0.0,0.0,0.0
3,0,0.8125,0.0625,0.0,0.125,0.0,0.0,0.0,0.0,0.0,0.0,0.0
3,0,0.8125,0.0625,0.0,0.125,0.0,0.0,0.0,0.0,0.0,0.0,0.0
3,0,0.8125,0.0625,0.0,0.125,0.0,0.0,0.0,0.0,0.0,0.0,0.0
3,0,0.8125,0.0625,0.0,0.125,0.0,0.0,0.0,0.0,0.0,0.0,0.0
3,0,0.8125,0.0625,0.0,0.125,0.0,0.0,0.0,0.0,0.0,0.0,0.0
3,0,0.8125,0.0625,0.0,0.125,0.0,0.0,0.0,0.0,0.0,0.0,0.0
3,0,0.8125,0.0625,0.0,0.125,0.0,0.0,0.0,0.0,0.0,0.0,0.0
3,0,0.8125,0.0625,0.0,0.125,0.0,0.0,0.0,0.0,0.0,0.0,0.0
3,0,0.8125,0.0625,0.0,0.125,0.0,0.0,0.0,0.0,0.0,0.0,0.0
3,0,0.8125,0.0625,0.0,0.125,0.0,0.0,0.0,0.0,0.0,0.0,0.0
3,0,0.8125,0.0625,0.0,0.125,0.0,0.0,0.0,0.0,0.0,0.0,0.0
3,0,0.8125,0.0625,0.0,0.125,0.0,0.0,0.0,0.0,0.0,0.0,0.0
3,0,0.8125,0.0625,0.0,0.125,0.0,0.0,0.0,0.0,0.0,0.0,0.0
3,0,0.8125,0.0625,0.0,0.125,0.0,0.0,0.0,0.0,0.0,0.0,0.0
3,0,0.8125,0.0625,0.0,0.125,0.0,0.0,0.0,0.0,0.0,0.0,0.0
3,0,0.8125,0.0625,0.0,0.125,0.0,0.0,0.0,0.0,0.0,0.0,0.0
3,0,0.8125,0.0625,0.0,0.125,0.0,0.0,0.0,0.0,0.0,0.0,0.0
3,0,0.8125,0.0625,0.0,0.125,0.0,0.0,0.0,0.0,0.0,0.0,0.0
3,0,0.8125,0.0625,0.0,0.125,0.0,0.0,0.0,0.0,0.0,0.0,0.0
3,0,0.8125,0.0625,0.0,0.125,0.0,0.0,0.0,0.0,0.0,0.0,0.0
3,0,0.8125,0.0625,0.0,0.125,0.0,0.0,0.0,0.0,0.0,0.0,0.0
3,0,0.8125,0.0625,0.0,0.125,0.0,0.0,0.0,0.0,0.0,0.0,0.0
3,0,0.8125,0.0625,0.0,0.125,0.0,0.0,0.0,0.0,0.0,0.0,0.0
3,0,0.8125,0.0625,0.0,0.125,0.0,0.0,0.0,0.0,0.0,0.0,0.0
3,0,0.8125,0.0625,0.0,0.125,0.0,0.0,0.0,0.0,0.0,0.0,0.0
3,0,0.8125,0.0625,0.0,0.125,0.0,0.0,0.0,0.0,0.0,0.0,0.0
3,0,0.8125,0.0625,0.0,0.125,0.0,0.0,0.0,0.0,0.0,0.0,0.0
3,0,0.8125,0.0625,0.0,0.125,0.0,0.0,0.0,0.0,0.0,0.0,0.0
3,0,0.8125,0.0625,0.0,0.125,0.0,0.0,0.0,0.0,0.0,0.0,0.0
3,0,0.8125,0.0625,0.0,0.125,0.0,0.0,0.0,0.0,0.0,0.0,0.0
3,0,0.8125,0.0625,0.0,0.125,0.0,0.0,0.0,0.0,0.0,0.0,0.0
3,0,0.8125,0.0625,0.0,0.125,0.0,0.0,0.0,0.0,0.0,0.0,0.0
3,0,0.8125,0.0625,0.0,0.125,0.0,0.0,0.0,0.0,0.0,0.0,0.0
3,0,0.8125,0.0625,0.0,0.125,0.0,0.0,0.0,0.0,0.0,0.0,0.0
3,0,0.8125,0.0625,0.0,0.125,0.0,0.0,0.0,0.0,0.0,0.0,0.0
3,0,0.8125,0.0625,0.0,0.125,0.0,0.0,0.0,0.0,0.0,0.0,0.0
3,0,0.8125,0.0625,0.0,0.125,0.0,0.0,0.0,0.0,0.0,0.0,0.0
3,0,0.8125,0.0625,0.0,0.125,0.0,0.0,0.0,0.0,0.0,0.0,0.0
3,0,0.8125,0.0625,0.0,0.125,0.0,0.0,0.0,0.0,0.0,0.0,0.0
3,0,0.8125,0.0625,0.0,0.125,0.0,0.0,0.0,0.0,0.0,0.0,0.0
3,0,0.8125,0.0625,0.0,0.125,0.0,0.0,0.0,0.0,0.0,0.0,0.0
3,0,0.8125,0.0625,0.0,0.125,0.0,0.0,0.0,0.0,0.0,0.0,0.0
3,0,0.8125,0.0625,0.0,0.125,0.0,0.0,0.0,0.0,0.0,0.0,0.0
3,0,0.8125,0.0625,0.0,0.125,0.0,0.0,0.0,0.0,0.0,0.0,0.0
3,0,0.8125,0.0625,0.0,0.125,0.0,0.0,0.0,0.0,0.0,0.0,0.0
3,0,0.8125,0.0625,0.0,0.125,0.0,0.0,0.0,0.0,0.0,0.0,0.0
3,0,0.8125,0.0625,0.0,0.125,0.0,0.0,0.0,0.0,0.0,0.0,0.0
3,0,0.8125,0.0625,0.0,0.125,0.0,0.0,0.0,0.0,0.0,0.0,0.0
3,0,0.8125,0.0625,0.0,0.125,0.0,0.0,0.0,0.0,0.0,0.0,0.0
3,0,0.8125,0.0625,0.0,0.125,0.0,0.0,0.0,0.0,0.0,0.0,0.0
3,0,0.8125,0.0625,0.0,0.125,0.0,0.0,0.0,0.0,0.0,0.0,0.0
3,0,0.8125,0.0625,0.0,0.125,0.0,0.0,0.0,0.0,0.0,0.0,0.0
3,0,0.8125,0.0625,0.0,0.125,0.0,0.0,0.0,0.0,0.0,0.0,0.0
3,0,0.8125,0.0625,0.0,0.125,0.0,0.0,0.0,0.0,0.0,0.0,0.0
3,0,0.8125,0.0625,0.0,0.125,0.0,0.0,0.0,0.0,0.0,0.0,0.0
3,0,0.8125,0.0625,0.0,0.125,0.0,0.0,0.0,0.0,0.0,0.0,0.0
3,0,0.8125,0.0625,0.0,0.125,0.0,0.0,0.0,0.0,0.0,0.0,0.0
3,0,0.8125,0.0625,0.0,0.125,0.0,0.0,0.0,0.0,0.0,0.0,0.0
3,0,0.8125,0.0625,0.0,0.125,0.0,0.0,0.0,0.0,0.0,0.0,0.0
3,0,0.8125,0.0625,0.0,0.125,0.0,0.0,0.0,0.0,0.0,0.0,0.0
3,0,0.8125,0.0625,0.0,0.125,0.0,0.0,0.0,0.0,0.0,0.0,0.0
3,0,0.8125,0.0625,0.0,0.125,0.0,0.0,0.0,0.0,0.0,0.0,0.0
3,0,0.8125,0.0625,0.0,0.125,0.0,0.0,0.0,0.0,0.0,0.0,0.0
3,0,0.8125,0.0625,0.0,0.125,0.0,0.0,0.0,0.0,0.0,0.0,0.0
3,0,0.75,0.0625,0.0625,0.125,0.0,0.0,0.0,0.0,0.0,0.0,0.0
3,0,0.75,0.0625,0.0625,0.125,0.0,0.0,0.0,0.0,0.0,0.0,0.0
3,0,0.75,0.0625,0.0625,0.125,0.0,0.0,0.0,0.0,0.0,0.0,0.0
3,0,0.75,0.0625,0.0625,0.125,0.0,0.0,0.0,0.0,0.0,0.0,0.0
3,0,0.75,0.0625,0.0625,0.125,0.0,0.0,0.0,0.0,0.0,0.0,0.0
3,0,0.75,0.0625,0.0625,0.125,0.0,0.0,0.0,0.0,0.0,0.0,0.0
3,0,0.75,0.0625,0.0625,0.125,0.0,0.0,0.0,0.0,0.0,0.0,0.0
3,0,0.75,0.0625,0.0625,0.125,0.0,0.0,0.0,0.0,0.0,0.0,0.0
3,0,0.75,0.0625,0.0625,0.125,0.0,0.0,0.0,0.0,0.0,0.0,0.0
3,0,0.75,0.0625,0.0625,0.125,0.0,0.0,0.0,0.0,0.0,0.0,0.0
3,0,0.75,0.0625,0.0625,0.125,0.0,0.0,0.0,0.0,0.0,0.0,0.0
3,0,0.75,0.0625,0.0625,0.125,0.0,0.0,0.0,0.0,0.0,0.0,0.0
3,0,0.75,0.0625,0.0625,0.125,0.0,0.0,0.0,0.0,0.0,0.0,0.0
3,0,0.75,0.0625,0.0625,0.125,0.0,0.0,0.0,0.0,0.0,0.0,0.0
3,0,0.75,0.0625,0.0625,0.125,0.0,0.0,0.0,0.0,0.0,0.0,0.0
3,0,0.75,0.0625,0.0625,0.125,0.0,0.0,0.0,0.0,0.0,0.0,0.0
3,0,0.75,0.0625,0.0625,0.125,0.0,0.0,0.0,0.0,0.0,0.0,0.0
3,0,0.75,0.0625,0.0625,0.125,0.0,0.0,0.0,0.0,0.0,0.0,0.0
3,0,0.75,0.0625,0.0625,0.125,0.0,0.0,0.0,0.0,0.0,0.0,0.0
3,0,0.75,0.0625,0.0625,0.125,0.0,0.0,0.0,0.0,0.0,0.0,0.0
3,0,0.75,0.0625,0.0625,0.125,0.0,0.0,0.0,0.0,0.0,0.0,0.0
3,0,0.75,0.0625,0.0625,0.125,0.0,0.0,0.0,0.0,0.0,0.0,0.0
3,0,0.75,0.0625,0.0625,0.125,0.0,0.0,0.0,0.0,0.0,0.0,0.0
3,0,0.75,0.0625,0.0625,0.125,0.0,0.0,0.0,0.0,0.0,0.0,0.0
3,0,0.75,0.0625,0.0625,0.125,0.0,0.0,0.0,0.0,0.0,0.0,0.0
3,0,0.75,0.0625,0.0625,0.125,0.0,0.0,0.0,0.0,0.0,0.0,0.0
3,0,0.75,0.0625,0.0625,0.125,0.0,0.0,0.0,0.0,0.0,0.0,0.0
3,0,0.6875,0.0625,0.0625,0.125,0.0625,0.0,0.0,0.0,0.0,0.0,0.0
3,0,0.6875,0.0625,0.0625,0.125,0.0625,0.0,0.0,0.0,0.0,0.0,0.0
3,0,0.6875,0.0625,0.0625,0.125,0.0625,0.0,0.0,0.0,0.0,0.0,0.0
3,0,0.6875,0.0625,0.0625,0.125,0.0625,0.0,0.0,0.0,0.0,0.0,0.0
3,0,0.625,0.0625,0.0625,0.125,0.0625,0.0625,0.0,0.0,0.0,0.0,0.0
3,0,0.625,0.0625,0.0625,0.125,0.0625,0.0625,0.0,0.0,0.0,0.0,0.0
3,0,0.625,0.0625,0.0625,0.125,0.0625,0.0625,0.0,0.0,0.0,0.0,0.0
3,0,0.625,0.0625,0.0625,0.125,0.0625,0.0625,0.0,0.0,0.0,0.0,0.0
3,0,0.6875,0.0,0.0625,0.125,0.0625,0.0625,0.0,0.0,0.0,0.0,0.0
3,0,0.6875,0.0,0.0625,0.125,0.0625,0.0625,0.0,0.0,0.0,0.0,0.0
3,0,0.6875,0.0,0.0625,0.125,0.0625,0.0625,0.0,0.0,0.0,0.0,0.0
3,0,0.6875,0.0,0.0625,0.125,0.0625,0.0625,0.0,0.0,0.0,0.0,0.0
3,0,0.6875,0.0,0.125,0.0625,0.0625,0.0625,0.0,0.0,0.0,0.0,0.0
3,0,0.6875,0.0,0.125,0.0625,0.0625,0.0625,0.0,0.0,0.0,0.0,0.0
3,0,0.6875,0.0,0.125,0.0625,0.0625,0.0625,0.0,0.0,0.0,0.0,0.0
3,0,0.6875,0.0,0.125,0.0625,0.0625,0.0625,0.0,0.0,0.0,0.0,0.0
3,0,0.6875,0.0,0.125,0.0625,0.0625,0.0625,0.0,0.0,0.0,0.0,0.0
3,0,0.6875,0.0,0.125,0.0625,0.0625,0.0625,0.0,0.0,0.0,0.0,0.0
3,0,0.6875,0.0,0.125,0.0625,0.0625,0.0625,0.0,0.0,0.0,0.0,0.0
3,0,0.6875,0.0,0.125,0.0625,0.0625,0.0625,0.0,0.0,0.0,0.0,0.0
3,0,0.6875,0.0,0.125,0.0625,0.0625,0.0625,0.0,0.0,0.0,0.0,0.0
3,0,0.6875,0.0,0.125,0.0625,0.0625,0.0625,0.0,0.0,0.0,0.0,0.0
3,0,0.6875,0.0,0.125,0.0625,0.0625,0.0625,0.0,0.0,0.0,0.0,0.0
3,0,0.6875,0.0,0.125,0.0625,0.0625,0.0625,0.0,0.0,0.0,0.0,0.0
3,0,0.6875,0.0,0.125,0.0625,0.0625,0.0625,0.0,0.0,0.0,0.0,0.0
3,0,0.6875,0.0,0.125,0.0625,0.0625,0.0625,0.0,0.0,0.0,0.0,0.0
3,0,0.6875,0.0,0.125,0.0625,0.0625,0.0625,0.0,0.0,0.0,0.0,0.0
3,0,0.6875,0.0,0.125,0.0625,0.0625,0.0625,0.0,0.0,0.0,0.0,0.0
3,0,0.6875,0.0,0.125,0.0625,0.0625,0.0625,0.0,0.0,0.0,0.0,0.0
3,0,0.6875,0.0,0.125,0.0625,0.0625,0.0625,0.0,0.0,0.0,0.0,0.0
3,0,0.625,0.0,0.1875,0.0625,0.0625,0.0625,0.0,0.0,0.0,0.0,0.0
3,0,0.625,0.0,0.1875,0.0625,0.0625,0.0625,0.0,0.0,0.0,0.0,0.0
3,0,0.5625,0.0,0.1875,0.125,0.0625,0.0625,0.0,0.0,0.0,0.0,0.0
3,0,0.5625,0.0,0.1875,0.125,0.0625,0.0625,0.0,0.0,0.0,0.0,0.0
3,0,0.5625,0.0,0.1875,0.125,0.0625,0.0625,0.0,0.0,0.0,0.0,0.0
3,0,0.5625,0.0,0.1875,0.125,0.0625,0.0625,0.0,0.0,0.0,0.0,0.0
3,0,0.5,0.0,0.25,0.125,0.0625,0.0625,0.0,0.0,0.0,0.0,0.0
3,0,0.5,0.0,0.25,0.125,0.0625,0.0625,0.0,0.0,0.0,0.0,0.0
3,0,0.5,0.0,0.25,0.125,0.0625,0.0625,0.0,0.0,0.0,0.0,0.0
3,0,0.5,0.0,0.25,0.125,0.0625,0.0625,0.0,0.0,0.0,0.0,0.0
3,0,0.5,0.0,0.25,0.125,0.0625,0.0625,0.0,0.0,0.0,0.0,0.0
3,0,0.5,0.0,0.25,0.125,0.0625,0.0625,0.0,0.0,0.0,0.0,0.0
3,0,0.5,0.0,0.25,0.125,0.0625,0.0625,0.0,0.0,0.0,0.0,0.0
3,0,0.5,0.0,0.25,0.125,0.0625,0.0625,0.0,0.0,0.0,0.0,0.0
3,0,0.5,0.0,0.25,0.125,0.0625,0.0625,0.0,0.0,0.0,0.0,0.0
3,0,0.5,0.0,0.25,0.125,0.0625,0.0625,0.0,0.0,0.0,0.0,0.0
3,0,0.5,0.0,0.25,0.125,0.0625,0.0625,0.0,0.0,0.0,0.0,0.0
3,0,0.5,0.0,0.25,0.125,0.0625,0.0625,0.0,0.0,0.0,0.0,0.0
3,0,0.5,0.0,0.25,0.125,0.0625,0.0625,0.0,0.0,0.0,0.0,0.0
3,0,0.5,0.0,0.25,0.125,0.0625,0.0625,0.0,0.0,0.0,0.0,0.0
3,0,0.5,0.0,0.25,0.125,0.0625,0.0625,0.0,0.0,0.0,0.0,0.0
3,0,0.5,0.0,0.25,0.125,0.0625,0.0625,0.0,0.0,0.0,0.0,0.0
3,0,0.5,0.0,0.25,0.125,0.0625,0.0625,0.0,0.0,0.0,0.0,0.0
3,0,0.5,0.0,0.25,0.125,0.0625,0.0625,0.0,0.0,0.0,0.0,0.0
3,0,0.5,0.0,0.25,0.125,0.0625,0.0625,0.0,0.0,0.0,0.0,0.0
3,0,0.5,0.0,0.25,0.125,0.0625,0.0625,0.0,0.0,0.0,0.0,0.0
3,0,0.5,0.0,0.25,0.125,0.0625,0.0625,0.0,0.0,0.0,0.0,0.0
3,0,0.5,0.0,0.25,0.125,0.0625,0.0625,0.0,0.0,0.0,0.0,0.0
3,0,0.5,0.0,0.25,0.125,0.0625,0.0625,0.0,0.0,0.0,0.0,0.0
3,0,0.5,0.0,0.25,0.125,0.0625,0.0625,0.0,0.0,0.0,0.0,0.0
3,0,0.5,0.0,0.25,0.125,0.0625,0.0625,0.0,0.0,0.0,0.0,0.0
3,0,0.5,0.0,0.25,0.125,0.0625,0.0625,0.0,0.0,0.0,0.0,0.0
3,0,0.5,0.0,0.25,0.125,0.0625,0.0625,0.0,0.0,0.0,0.0,0.0
3,0,0.5,0.0,0.25,0.125,0.0625,0.0625,0.0,0.0,0.0,0.0,0.0
3,0,0.4375,0.0,0.375,0.125,0.0,0.0625,0.0,0.0,0.0,0.0,0.0
3,0,0.4375,0.0,0.375,0.125,0.0,0.0625,0.0,0.0,0.0,0.0,0.0
3,0,0.4375,0.0,0.375,0.125,0.0,0.0625,0.0,0.0,0.0,0.0,0.0
3,0,0.4375,0.0,0.375,0.125,0.0,0.0625,0.0,0.0,0.0,0.0,0.0
3,0,0.4375,0.0,0.375,0.125,0.0,0.0625,0.0,0.0,0.0,0.0,0.0
3,0,0.4375,0.0,0.375,0.125,0.0,0.0625,0.0,0.0,0.0,0.0,0.0
3,0,0.4375,0.0,0.375,0.125,0.0,0.0625,0.0,0.0,0.0,0.0,0.0
3,0,0.4375,0.0,0.375,0.125,0.0,0.0625,0.0,0.0,0.0,0.0,0.0
3,0,0.4375,0.0,0.375,0.125,0.0,0.0625,0.0,0.0,0.0,0.0,0.0
3,0,0.4375,0.0,0.375,0.125,0.0,0.0625,0.0,0.0,0.0,0.0,0.0
3,0,0.4375,0.0,0.375,0.125,0.0,0.0625,0.0,0.0,0.0,0.0,0.0
3,0,0.4375,0.0,0.375,0.125,0.0,0.0625,0.0,0.0,0.0,0.0,0.0
3,0,0.4375,0.0,0.375,0.125,0.0,0.0625,0.0,0.0,0.0,0.0,0.0
3,0,0.4375,0.0,0.375,0.125,0.0,0.0625,0.0,0.0,0.0,0.0,0.0
3,0,0.4375,0.0,0.375,0.125,0.0,0.0625,0.0,0.0,0.0,0.0,0.0
3,0,0.4375,0.0,0.375,0.125,0.0,0.0625,0.0,0.0,0.0,0.0,0.0
3,0,0.4375,0.0,0.375,0.125,0.0,0.0625,0.0,0.0,0.0,0.0,0.0
3,0,0.4375,0.0,0.375,0.125,0.0,0.0625,0.0,0.0,0.0,0.0,0.0
3,0,0.4375,0.0,0.375,0.125,0.0,0.0625,0.0,0.0,0.0,0.0,0.0
3,0,0.4375,0.0,0.375,0.125,0.0,0.0625,0.0,0.0,0.0,0.0,0.0
3,0,0.4375,0.0,0.375,0.125,0.0,0.0625,0.0,0.0,0.0,0.0,0.0
3,0,0.4375,0.0,0.375,0.125,0.0,0.0625,0.0,0.0,0.0,0.0,0.0
3,0,0.4,0.0,0.4,0.13333334,0.0,0.06666667,0.0,0.0,0.0,0.0,0.0
3,0,0.4,0.0,0.4,0.13333334,0.0,0.06666667,0.0,0.0,0.0,0.0,0.0
3,0,0.4,0.0,0.4,0.13333334,0.0,0.06666667,0.0,0.0,0.0,0.0,0.0
3,0,0.4,0.0,0.4,0.13333334,0.0,0.06666667,0.0,0.0,0.0,0.0,0.0
3,0,0.4,0.0,0.4,0.13333334,0.0,0.06666667,0.0,0.0,0.0,0.0,0.0
3,0,0.4,0.0,0.4,0.13333334,0.0,0.06666667,0.0,0.0,0.0,0.0,0.0
3,0,0.4,0.0,0.4,0.13333334,0.0,0.06666667,0.0,0.0,0.0,0.0,0.0
3,0,0.4,0.0,0.4,0.13333334,0.0,0.06666667,0.0,0.0,0.0,0.0,0.0
3,0,0.4,0.0,0.4,0.13333334,0.0,0.06666667,0.0,0.0,0.0,0.0,0.0
3,0,0.4,0.0,0.4,0.13333334,0.0,0.06666667,0.0,0.0,0.0,0.0,0.0
3,0,0.4,0.0,0.4,0.13333334,0.0,0.06666667,0.0,0.0,0.0,0.0,0.0
3,0,0.4,0.0,0.4,0.13333334,0.0,0.06666667,0.0,0.0,0.0,0.0,0.0
3,0,0.4,0.0,0.4,0.13333334,0.0,0.06666667,0.0,0.0,0.0,0.0,0.0
3,0,0.4,0.0,0.4,0.13333334,0.0,0.06666667,0.0,0.0,0.0,0.0,0.0
3,0,0.4,0.0,0.4,0.13333334,0.0,0.06666667,0.0,0.0,0.0,0.0,0.0
3,0,0.4,0.0,0.4,0.13333334,0.0,0.06666667,0.0,0.0,0.0,0.0,0.0
3,0,0.4,0.0,0.4,0.13333334,0.0,0.06666667,0.0,0.0,0.0,0.0,0.0
3,0,0.4,0.0,0.4,0.13333334,0.0,0.06666667,0.0,0.0,0.0,0.0,0.0
3,0,0.4,0.0,0.4,0.13333334,0.0,0.06666667,0.0,0.0,0.0,0.0,0.0
3,0,0.4,0.0,0.4,0.13333334,0.0,0.06666667,0.0,0.0,0.0,0.0,0.0
3,0,0.4,0.0,0.4,0.13333334,0.0,0.06666667,0.0,0.0,0.0,0.0,0.0
3,0,0.4,0.0,0.4,0.13333334,0.0,0.06666667,0.0,0.0,0.0,0.0,0.0
3,0,0.4,0.0,0.4,0.13333334,0.0,0.06666667,0.0,0.0,0.0,0.0,0.0
3,0,0.4,0.0,0.4,0.13333334,0.0,0.06666667,0.0,0.0,0.0,0.0,0.0
3,0,0.4,0.0,0.4,0.13333334,0.0,0.06666667,0.0,0.0,0.0,0.0,0.0
3,0,0.4,0.0,0.4,0.13333334,0.0,0.06666667,0.0,0.0,0.0,0.0,0.0
3,0,0.4,0.0,0.4,0.13333334,0.0,0.06666667,0.0,0.0,0.0,0.0,0.0
3,0,0.4,0.0,0.4,0.13333334,0.0,0.06666667,0.0,0.0,0.0,0.0,0.0
3,0,0.4,0.0,0.4,0.13333334,0.0,0.06666667,0.0,0.0,0.0,0.0,0.0
3,0,0.4,0.0,0.4,0.13333334,0.0,0.06666667,0.0,0.0,0.0,0.0,0.0
3,0,0.4,0.0,0.4,0.13333334,0.0,0.06666667,0.0,0.0,0.0,0.0,0.0
3,0,0.4,0.0,0.4,0.13333334,0.0,0.06666667,0.0,0.0,0.0,0.0,0.0
3,0,0.4,0.0,0.4,0.13333334,0.0,0.06666667,0.0,0.0,0.0,0.0,0.0
3,0,0.4,0.0,0.4,0.13333334,0.0,0.06666667,0.0,0.0,0.0,0.0,0.0
3,0,0.4,0.0,0.4,0.13333334,0.0,0.06666667,0.0,0.0,0.0,0.0,0.0
3,0,0.4,0.0,0.4,0.13333334,0.0,0.06666667,0.0,0.0,0.0,0.0,0.0
3,0,0.4,0.0,0.4,0.13333334,0.0,0.06666667,0.0,0.0,0.0,0.0,0.0
3,0,0.4,0.0,0.4,0.13333334,0.0,0.06666667,0.0,0.0,0.0,0.0,0.0
3,2,0.33333334,0.0,0.46666667,0.13333334,0.0,0.06666667,0.0,0.0,0.0,0.0,0.0
3,2,0.33333334,0.0,0.46666667,0.13333334,0.0,0.06666667,0.0,0.0,0.0,0.0,0.0
3,2,0.33333334,0.0,0.46666667,0.13333334,0.0,0.06666667,0.0,0.0,0.0,0.0,0.0
3,2,0.33333334,0.0,0.46666667,0.13333334,0.0,0.06666667,0.0,0.0,0.0,0.0,0.0
3,2,0.33333334,0.0,0.46666667,0.13333334,0.0,0.06666667,0.0,0.0,0.0,0.0,0.0
3,2,0.33333334,0.0,0.46666667,0.13333334,0.0,0.06666667,0.0,0.0,0.0,0.0,0.0
3,2,0.33333334,0.0,0.46666667,0.13333334,0.0,0.06666667,0.0,0.0,0.0,0.0,0.0
3,2,0.33333334,0.0,0.46666667,0.13333334,0.0,0.06666667,0.0,0.0,0.0,0.0,0.0
3,2,0.33333334,0.0,0.46666667,0.13333334,0.0,0.06666667,0.0,0.0,0.0,0.0,0.0
3,2,0.33333334,0.0,0.46666667,0.13333334,0.0,0.06666667,0.0,0.0,0.0,0.0,0.0
3,2,0.33333334,0.0,0.46666667,0.13333334,0.0,0.06666667,0.0,0.0,0.0,0.0,0.0
3,2,0.33333334,0.0,0.46666667,0.13333334,0.0,0.06666667,0.0,0.0,0.0,0.0,0.0
3,2,0.33333334,0.0,0.46666667,0.13333334,0.0,0.06666667,0.0,0.0,0.0,0.0,0.0
3,2,0.33333334,0.0,0.46666667,0.13333334,0.0,0.06666667,0.0,0.0,0.0,0.0,0.0
3,2,0.33333334,0.0,0.46666667,0.13333334,0.0,0.06666667,0.0,0.0,0.0,0.0,0.0
3,2,0.33333334,0.0,0.46666667,0.13333334,0.0,0.06666667,0.0,0.0,0.0,0.0,0.0
3,2,0.33333334,0.0,0.46666667,0.13333334,0.0,0.06666667,0.0,0.0,0.0,0.0,0.0
3,2,0.33333334,0.0,0.46666667,0.13333334,0.0,0.06666667,0.0,0.0,0.0,0.0,0.0
3,2,0.33333334,0.0,0.46666667,0.13333334,0.0,0.06666667,0.0,0.0,0.0,0.0,0.0
3,2,0.33333334,0.0,0.46666667,0.13333334,0.0,0.06666667,0.0,0.0,0.0,0.0,0.0
3,2,0.33333334,0.0,0.46666667,0.13333334,0.0,0.06666667,0.0,0.0,0.0,0.0,0.0
3,2,0.33333334,0.0,0.46666667,0.13333334,0.0,0.06666667,0.0,0.0,0.0,0.0,0.0
3,2,0.33333334,0.0,0.46666667,0.13333334,0.0,0.06666667,0.0,0.0,0.0,0.0,0.0
3,2,0.33333334,0.0,0.46666667,0.13333334,0.0,0.06666667,0.0,0.0,0.0,0.0,0.0
3,2,0.33333334,0.0,0.46666667,0.13333334,0.0,0.06666667,0.0,0.0,0.0,0.0,0.0
3,2,0.33333334,0.0,0.46666667,0.13333334,0.0,0.06666667,0.0,0.0,0.0,0.0,0.0
3,2,0.33333334,0.0,0.46666667,0.13333334,0.0,0.06666667,0.0,0.0,0.0,0.0,0.0
3,2,0.33333334,0.0,0.46666667,0.13333334,0.0,0.06666667,0.0,0.0,0.0,0.0,0.0
3,2,0.33333334,0.0,0.46666667,0.13333334,0.0,0.06666667,0.0,0.0,0.0,0.0,0.0
3,2,0.33333334,0.0,0.46666667,0.13333334,0.0,0.06666667,0.0,0.0,0.0,0.0,0.0
3,2,0.33333334,0.0,0.46666667,0.13333334,0.0,0.06666667,0.0,0.0,0.0,0.0,0.0
3,2,0.33333334,0.0,0.46666667,0.13333334,0.0,0.06666667,0.0,0.0,0.0,0.0,0.0
3,2,0.33333334,0.0,0.46666667,0.13333334,0.0,0.06666667,0.0,0.0,0.0,0.0,0.0
3,2,0.33333334,0.0,0.46666667,0.13333334,0.0,0.06666667,0.0,0.0,0.0,0.0,0.0
3,2,0.33333334,0.0,0.46666667,0.13333334,0.0,0.06666667,0.0,0.0,0.0,0.0,0.0
3,2,0.33333334,0.0,0.46666667,0.13333334,0.0,0.06666667,0.0,0.0,0.0,0.0,0.0
3,2,0.33333334,0.0,0.46666667,0.13333334,0.0,0.06666667,0.0,0.0,0.0,0.0,0.0
3,2,0.33333334,0.0,0.46666667,0.13333334,0.0,0.06666667,0.0,0.0,0.0,0.0,0.0
3,2,0.33333334,0.0,0.46666667,0.13333334,0.0,0.06666667,0.0,0.0,0.0,0.0,0.0
3,2,0.33333334,0.0,0.46666667,0.13333334,0.0,0.06666667,0.0,0.0,0.0,0.0,0.0
3,2,0.33333334,0.0,0.46666667,0.13333334,0.0,0.06666667,0.0,0.0,0.0,0.0,0.0
3,2,0.33333334,0.0,0.46666667,0.13333334,0.0,0.06666667,0.0,0.0,0.0,0.0,0.0
3,2,0.33333334,0.0,0.46666667,0.13333334,0.0,0.06666667,0.0,0.0,0.0,0.0,0.0
3,2,0.33333334,0.0,0.46666667,0.13333334,0.0,0.06666667,0.0,0.0,0.0,0.0,0.0
3,2,0.33333334,0.0,0.46666667,0.13333334,0.0,0.06666667,0.0,0.0,0.0,0.0,0.0
3,2,0.33333334,0.0,0.46666667,0.13333334,0.0,0.06666667,0.0,0.0,0.0,0.0,0.0
3,2,0.33333334,0.0,0.46666667,0.13333334,0.0,0.06666667,0.0,0.0,0.0,0.0,0.0
3,2,0.33333334,0.0,0.46666667,0.13333334,0.0,0.06666667,0.0,0.0,0.0,0.0,0.0
3,2,0.33333334,0.0,0.46666667,0.13333334,0.0,0.06666667,0.0,0.0,0.0,0.0,0.0
3,2,0.33333334,0.0,0.46666667,0.13333334,0.0,0.06666667,0.0,0.0,0.0,0.0,0.0
3,2,0.33333334,0.0,0.46666667,0.13333334,0.0,0.06666667,0.0,0.0,0.0,0.0,0.0
3,2,0.33333334,0.0,0.46666667,0.13333334,0.0,0.06666667,0.0,0.0,0.0,0.0,0.0
3,2,0.33333334,0.0,0.46666667,0.13333334,0.0,0.06666667,0.0,0.0,0.0,0.0,0.0
3,2,0.33333334,0.0,0.46666667,0.13333334,0.0,0.06666667,0.0,0.0,0.0,0.0,0.0
3,2,0.33333334,0.0,0.46666667,0.13333334,0.0,0.06666667,0.0,0.0,0.0,0.0,0.0
3,2,0.33333334,0.0,0.46666667,0.13333334,0.0,0.06666667,0.0,0.0,0.0,0.0,0.0
3,2,0.33333334,0.0,0.46666667,0.13333334,0.0,0.06666667,0.0,0.0,0.0,0.0,0.0
3,2,0.33333334,0.0,0.46666667,0.13333334,0.0,0.06666667,0.0,0.0,0.0,0.0,0.0
3,2,0.33333334,0.0,0.46666667,0.13333334,0.0,0.06666667,0.0,0.0,0.0,0.0,0.0
3,2,0.33333334,0.0,0.46666667,0.13333334,0.0,0.06666667,0.0,0.0,0.0,0.0,0.0
3,2,0.33333334,0.0,0.46666667,0.13333334,0.0,0.06666667,0.0,0.0,0.0,0.0,0.0
3,2,0.33333334,0.0,0.46666667,0.13333334,0.0,0.06666667,0.0,0.0,0.0,0.0,0.0
3,2,0.33333334,0.0,0.46666667,0.13333334,0.0,0.06666667,0.0,0.0,0.0,0.0,0.0
3,2,0.33333334,0.0,0.46666667,0.13333334,0.0,0.06666667,0.0,0.0,0.0,0.0,0.0
3,2,0.33333334,0.0,0.46666667,0.13333334,0.0,0.06666667,0.0,0.0,0.0,0.0,0.0
3,2,0.33333334,0.0,0.46666667,0.13333334,0.0,0.06666667,0.0,0.0,0.0,0.0,0.0
3,2,0.33333334,0.0,0.46666667,0.13333334,0.0,0.06666667,0.0,0.0,0.0,0.0,0.0
3,2,0.375,0.0,0.4375,0.125,0.0,0.0625,0.0,0.0,0.0,0.0,0.0
3,2,0.375,0.0,0.4375,0.125,0.0,0.0625,0.0,0.0,0.0,0.0,0.0
3,2,0.375,0.0,0.4375,0.125,0.0,0.0625,0.0,0.0,0.0,0.0,0.0
3,2,0.375,0.0,0.4375,0.125,0.0,0.0625,0.0,0.0,0.0,0.0,0.0
3,2,0.375,0.0,0.4375,0.125,0.0,0.0625,0.0,0.0,0.0,0.0,0.0
3,2,0.375,0.0,0.4375,0.125,0.0,0.0625,0.0,0.0,0.0,0.0,0.0
3,2,0.375,0.0,0.4375,0.125,0.0,0.0625,0.0,0.0,0.0,0.0,0.0
3,2,0.3125,0.0,0.4375,0.1875,0.0,0.0625,0.0,0.0,0.0,0.0,0.0
3,2,0.3125,0.0,0.4375,0.1875,0.0,0.0625,0.0,0.0,0.0,0.0,0.0
3,2,0.3125,0.0,0.5,0.125,0.0,0.0625,0.0,0.0,0.0,0.0,0.0
3,2,0.3125,0.0,0.5,0.125,0.0,0.0625,0.0,0.0,0.0,0.0,0.0
3,2,0.3125,0.0,0.5,0.125,0.0,0.0625,0.0,0.0,0.0,0.0,0.0
3,2,0.3125,0.0,0.5,0.125,0.0,0.0625,0.0,0.0,0.0,0.0,0.0
3,2,0.3125,0.0,0.5,0.125,0.0,0.0625,0.0,0.0,0.0,0.0,0.0
3,2,0.3125,0.0,0.5,0.125,0.0,0.0625,0.0,0.0,0.0,0.0,0.0
3,2,0.3125,0.0,0.5,0.125,0.0,0.0625,0.0,0.0,0.0,0.0,0.0
3,2,0.3125,0.0,0.5,0.125,0.0,0.0625,0.0,0.0,0.0,0.0,0.0
4,2,0.3125,0.0,0.5,0.125,0.0,0.0625,0.0,0.0,0.0,0.0,0.0
4,2,0.3125,0.0,0.5,0.125,0.0,0.0625,0.0,0.0,0.0,0.0,0.0
4,2,0.3125,0.0,0.5,0.125,0.0,0.0625,0.0,0.0,0.0,0.0,0.0
4,2,0.3125,0.0,0.5,0.125,0.0,0.0625,0.0,0.0,0.0,0.0,0.0
4,2,0.375,0.0,0.375,0.125,0.0625,0.0625,0.0,0.0,0.0,0.0,0.0
4,2,0.375,0.0,0.375,0.125,0.0625,0.0625,0.0,0.0,0.0,0.0,0.0
4,2,0.3125,0.0,0.4375,0.125,0.0625,0.0625,0.0,0.0,0.0,0.0,0.0
4,2,0.3125,0.0,0.4375,0.125,0.0625,0.0625,0.0,0.0,0.0,0.0,0.0
4,2,0.3125,0.0,0.4375,0.125,0.0625,0.0625,0.0,0.0,0.0,0.0,0.0
4,2,0.3125,0.0,0.4375,0.125,0.0625,0.0625,0.0,0.0,0.0,0.0,0.0
4,2,0.3125,0.0,0.4375,0.125,0.0625,0.0625,0.0,0.0,0.0,0.0,0.0
4,2,0.3125,0.0,0.4375,0.125,0.0625,0.0625,0.0,0.0,0.0,0.0,0.0
4,2,0.3125,0.0,0.4375,0.125,0.0625,0.0625,0.0,0.0,0.0,0.0,0.0
4,2,0.3125,0.0,0.4375,0.125,0.0625,0.0625,0.0,0.0,0.0,0.0,0.0
4,2,0.3125,0.0,0.4375,0.125,0.0625,0.0625,0.0,0.0,0.0,0.0,0.0
4,2,0.3125,0.0,0.4375,0.125,0.0625,0.0625,0.0,0.0,0.0,0.0,0.0
4,2,0.3125,0.0625,0.375,0.125,0.0625,0.0625,0.0,0.0,0.0,0.0,0.0
4,2,0.3125,0.0625,0.375,0.125,0.0625,0.0625,0.0,0.0,0.0,0.0,0.0
4,2,0.26666668,0.06666667,0.4,0.13333334,0.06666667,0.06666667,0.0,0.0,0.0,0.0,0.0
4,2,0.26666668,0.06666667,0.4,0.13333334,0.06666667,0.06666667,0.0,0.0,0.0,0.0,0.0
4,2,0.26666668,0.06666667,0.4,0.13333334,0.06666667,0.06666667,0.0,0.0,0.0,0.0,0.0
4,2,0.26666668,0.06666667,0.4,0.13333334,0.06666667,0.06666667,0.0,0.0,0.0,0.0,0.0
4,2,0.26666668,0.06666667,0.4,0.13333334,0.06666667,0.06666667,0.0,0.0,0.0,0.0,0.0
4,2,0.26666668,0.06666667,0.4,0.13333334,0.06666667,0.06666667,0.0,0.0,0.0,0.0,0.0
4,2,0.26666668,0.06666667,0.4,0.13333334,0.06666667,0.06666667,0.0,0.0,0.0,0.0,0.0
4,2,0.2,0.06666667,0.4,0.2,0.06666667,0.06666667,0.0,0.0,0.0,0.0,0.0
4,2,0.2,0.06666667,0.4,0.2,0.06666667,0.06666667,0.0,0.0,0.0,0.0,0.0
4,2,0.2,0.06666667,0.4,0.2,0.06666667,0.06666667,0.0,0.0,0.0,0.0,0.0
4,2,0.2,0.13333334,0.4,0.2,0.06666667,0.0,0.0,0.0,0.0,0.0,0.0
4,2,0.2,0.13333334,0.4,0.2,0.06666667,0.0,0.0,0.0,0.0,0.0,0.0
4,2,0.2,0.13333334,0.4,0.2,0.06666667,0.0,0.0,0.0,0.0,0.0,0.0
4,2,0.2,0.13333334,0.4,0.2,0.06666667,0.0,0.0,0.0,0.0,0.0,0.0
4,2,0.2,0.13333334,0.4,0.2,0.06666667,0.0,0.0,0.0,0.0,0.0,0.0
4,2,0.2,0.13333334,0.4,0.2,0.06666667,0.0,0.0,0.0,0.0,0.0,0.0
4,2,0.2,0.13333334,0.4,0.2,0.06666667,0.0,0.0,0.0,0.0,0.0,0.0
4,2,0.2,0.13333334,0.4,0.2,0.06666667,0.0,0.0,0.0,0.0,0.0,0.0
4,2,0.2,0.13333334,0.4,0.2,0.06666667,0.0,0.0,0.0,0.0,0.0,0.0
4,2,0.2,0.13333334,0.4,0.2,0.06666667,0.0,0.0,0.0,0.0,0.0,0.0
4,2,0.2,0.13333334,0.4,0.2,0.06666667,0.0,0.0,0.0,0.0,0.0,0.0
4,2,0.2,0.13333334,0.4,0.2,0.06666667,0.0,0.0,0.0,0.0,0.0,0.0
4,2,0.2,0.13333334,0.33333334,0.26666668,0.06666667,0.0,0.0,0.0,0.0,0.0,0.0
4,2,0.2,0.13333334,0.33333334,0.26666668,0.06666667,0.0,0.0,0.0,0.0,0.0,0.0
4,2,0.2,0.13333334,0.33333334,0.26666668,0.06666667,0.0,0.0,0.0,0.0,0.0,0.0
4,2,0.2,0.13333334,0.33333334,0.26666668,0.06666667,0.0,0.0,0.0,0.0,0.0,0.0
4,3,0.2,0.13333334,0.26666668,0.33333334,0.06666667,0.0,0.0,0.0,0.0,0.0,0.0
4,3,0.2,0.13333334,0.26666668,0.33333334,0.06666667,0.0,0.0,0.0,0.0,0.0,0.0
4,3,0.2,0.13333334,0.26666668,0.33333334,0.06666667,0.0,0.0,0.0,0.0,0.0,0.0
4,3,0.2,0.13333334,0.26666668,0.33333334,0.06666667,0.0,0.0,0.0,0.0,0.0,0.0
4,3,0.13333334,0.06666667,0.2,0.53333336,0.06666667,0.0,0.0,0.0,0.0,0.0,0.0
4,3,0.13333334,0.06666667,0.2,0.53333336,0.06666667,0.0,0.0,0.0,0.0,0.0,0.0
4,3,0.13333334,0.06666667,0.13333334,0.6,0.06666667,0.0,0.0,0.0,0.0,0.0,0.0
4,3,0.13333334,0.06666667,0.13333334,0.6,0.06666667,0.0,0.0,0.0,0.0,0.0,0.0
4,3,0.13333334,0.06666667,0.13333334,0.6,0.06666667,0.0,0.0,0.0,0.0,0.0,0.0
4,3,0.125,0.0625,0.125,0.625,0.0625,0.0,0.0,0.0,0.0,0.0,0.0
4,3,0.125,0.0625,0.125,0.625,0.0625,0.0,0.0,0.0,0.0,0.0,0.0
4,3,0.125,0.0,0.125,0.6875,0.0625,0.0,0.0,0.0,0.0,0.0,0.0
4,3,0.125,0.0,0.125,0.6875,0.0625,0.0,0.0,0.0,0.0,0.0,0.0
4,3,0.125,0.0,0.125,0.6875,0.0625,0.0,0.0,0.0,0.0,0.0,0.0
4,3,0.125,0.0,0.125,0.6875,0.0625,0.0,0.0,0.0,0.0,0.0,0.0
4,3,0.125,0.0,0.125,0.6875,0.0625,0.0,0.0,0.0,0.0,0.0,0.0
4,3,0.125,0.0,0.125,0.6875,0.0625,0.0,0.0,0.0,0.0,0.0,0.0
4,3,0.125,0.0,0.125,0.6875,0.0625,0.0,0.0,0.0,0.0,0.0,0.0
4,3,0.0625,0.0,0.125,0.75,0.0625,0.0,0.0,0.0,0.0,0.0,0.0
4,3,0.0625,0.0,0.125,0.75,0.0625,0.0,0.0,0.0,0.0,0.0,0.0
4,3,0.0625,0.0,0.125,0.75,0.0625,0.0,0.0,0.0,0.0,0.0,0.0
4,3,0.0625,0.0,0.125,0.75,0.0625,0.0,0.0,0.0,0.0,0.0,0.0
4,3,0.0625,0.0,0.125,0.75,0.0625,0.0,0.0,0.0,0.0,0.0,0.0
4,3,0.0625,0.0,0.125,0.75,0.0625,0.0,0.0,0.0,0.0,0.0,0.0
4,3,0.0625,0.0,0.125,0.75,0.0625,0.0,0.0,0.0,0.0,0.0,0.0
4,3,0.0625,0.0,0.125,0.75,0.0625,0.0,0.0,0.0,0.0,0.0,0.0
4,3,0.0625,0.0,0.125,0.75,0.0625,0.0,0.0,0.0,0.0,0.0,0.0
4,3,0.0625,0.0,0.125,0.75,0.0625,0.0,0.0,0.0,0.0,0.0,0.0
4,3,0.0625,0.0,0.125,0.75,0.0625,0.0,0.0,0.0,0.0,0.0,0.0
4,3,0.0625,0.0,0.125,0.75,0.0625,0.0,0.0,0.0,0.0,0.0,0.0
4,3,0.0625,0.0,0.125,0.75,0.0625,0.0,0.0,0.0,0.0,0.0,0.0
4,3,0.0625,0.0,0.125,0.75,0.0625,0.0,0.0,0.0,0.0,0.0,0.0
4,3,0.0625,0.0,0.125,0.75,0.0625,0.0,0.0,0.0,0.0,0.0,0.0
4,3,0.0625,0.0,0.125,0.75,0.0625,0.0,0.0,0.0,0.0,0.0,0.0
4,3,0.0625,0.0,0.125,0.75,0.0625,0.0,0.0,0.0,0.0,0.0,0.0
4,3,0.0625,0.0,0.125,0.75,0.0625,0.0,0.0,0.0,0.0,0.0,0.0
4,3,0.0625,0.0,0.0625,0.8125,0.0625,0.0,0.0,0.0,0.0,0.0,0.0
4,3,0.0625,0.0,0.0625,0.8125,0.0625,0.0,0.0,0.0,0.0,0.0,0.0
4,3,0.0625,0.0,0.0625,0.8125,0.0625,0.0,0.0,0.0,0.0,0.0,0.0
4,3,0.0625,0.0,0.0625,0.8125,0.0625,0.0,0.0,0.0,0.0,0.0,0.0
4,3,0.0625,0.0,0.0625,0.8125,0.0625,0.0,0.0,0.0,0.0,0.0,0.0
4,3,0.0625,0.0,0.0625,0.8125,0.0625,0.0,0.0,0.0,0.0,0.0,0.0
4,3,0.0625,0.0,0.0625,0.8125,0.0625,0.0,0.0,0.0,0.0,0.0,0.0
4,3,0.0625,0.0,0.0625,0.8125,0.0625,0.0,0.0,0.0,0.0,0.0,0.0
4,3,0.0625,0.0,0.0625,0.8125,0.0625,0.0,0.0,0.0,0.0,0.0,0.0
4,3,0.0625,0.0,0.0625,0.8125,0.0625,0.0,0.0,0.0,0.0,0.0,0.0
4,3,0.0625,0.0625,0.0,0.8125,0.0625,0.0,0.0,0.0,0.0,0.0,0.0
4,3,0.0625,0.0625,0.0,0.8125,0.0625,0.0,0.0,0.0,0.0,0.0,0.0
4,3,0.0625,0.0625,0.0,0.875,0.0,0.0,0.0,0.0,0.0,0.0,0.0
4,3,0.0625,0.0625,0.0,0.875,0.0,0.0,0.0,0.0,0.0,0.0,0.0
4,3,0.0625,0.0625,0.0,0.875,0.0,0.0,0.0,0.0,0.0,0.0,0.0
4,3,0.0625,0.0625,0.0,0.875,0.0,0.0,0.0,0.0,0.0,0.0,0.0
4,3,0.0625,0.0625,0.0,0.875,0.0,0.0,0.0,0.0,0.0,0.0,0.0
4,3,0.0625,0.0625,0.0,0.875,0.0,0.0,0.0,0.0,0.0,0.0,0.0
4,3,0.0625,0.0625,0.0,0.875,0.0,0.0,0.0,0.0,0.0,0.0,0.0
4,3,0.0625,0.0625,0.0,0.875,0.0,0.0,0.0,0.0,0.0,0.0,0.0
4,3,0.0625,0.0625,0.0,0.875,0.0,0.0,0.0,0.0,0.0,0.0,0.0
4,3,0.0625,0.0625,0.0,0.875,0.0,0.0,0.0,0.0,0.0,0.0,0.0
4,3,0.0625,0.0625,0.0,0.875,0.0,0.0,0.0,0.0,0.0,0.0,0.0
4,3,0.0625,0.0625,0.0,0.875,0.0,0.0,0.0,0.0,0.0,0.0,0.0
4,3,0.0625,0.0625,0.0,0.875,0.0,0.0,0.0,0.0,0.0,0.0,0.0
4,3,0.0625,0.0625,0.0,0.875,0.0,0.0,0.0,0.0,0.0,0.0,0.0
4,3,0.0625,0.0625,0.0,0.875,0.0,0.0,0.0,0.0,0.0,0.0,0.0
4,3,0.0625,0.0625,0.0,0.875,0.0,0.0,0.0,0.0,0.0,0.0,0.0
4,3,0.0625,0.0625,0.0,0.875,0.0,0.0,0.0,0.0,0.0,0.0,0.0
4,3,0.0625,0.0625,0.0,0.875,0.0,0.0,0.0,0.0,0.0,0.0,0.0
4,3,0.0625,0.0625,0.0,0.875,0.0,0.0,0.0,0.0,0.0,0.0,0.0
4,3,0.0625,0.0625,0.0,0.875,0.0,0.0,0.0,0.0,0.0,0.0,0.0
4,3,0.0625,0.0625,0.0,0.875,0.0,0.0,0.0,0.0,0.0,0.0,0.0
4,3,0.0625,0.0625,0.0,0.875,0.0,0.0,0.0,0.0,0.0,0.0,0.0
4,3,0.0625,0.0625,0.0,0.875,0.0,0.0,0.0,0.0,0.0,0.0,0.0
4,3,0.0625,0.0625,0.0,0.875,0.0,0.0,0.0,0.0,0.0,0.0,0.0
4,3,0.0625,0.0,0.0,0.9375,0.0,0.0,0.0,0.0,0.0,0.0,0.0
4,3,0.0625,0.0,0.0,0.9375,0.0,0.0,0.0,0.0,0.0,0.0,0.0
4,3,0.0625,0.0,0.0,0.9375,0.0,0.0,0.0,0.0,0.0,0.0,0.0
4,3,0.0625,0.0,0.0,0.9375,0.0,0.0,0.0,0.0,0.0,0.0,0.0
4,3,0.0625,0.0,0.0,0.9375,0.0,0.0,0.0,0.0,0.0,0.0,0.0
4,3,0.0625,0.0,0.0,0.9375,0.0,0.0,0.0,0.0,0.0,0.0,0.0
4,3,0.0625,0.0,0.0,0.9375,0.0,0.0,0.0,0.0,0.0,0.0,0.0
4,3,0.0625,0.0,0.0,0.9375,0.0,0.0,0.0,0.0,0.0,0.0,0.0
4,3,0.0625,0.0,0.0,0.9375,0.0,0.0,0.0,0.0,0.0,0.0,0.0
4,3,0.0625,0.0,0.0,0.9375,0.0,0.0,0.0,0.0,0.0,0.0,0.0
4,3,0.0625,0.0,0.0,0.9375,0.0,0.0,0.0,0.0,0.0,0.0,0.0
4,3,0.0625,0.0,0.0,0.9375,0.0,0.0,0.0,0.0,0.0,0.0,0.0
4,3,0.0625,0.0,0.0,0.9375,0.0,0.0,0.0,0.0,0.0,0.0,0.0
4,3,0.0625,0.0,0.0,0.9375,0.0,0.0,0.0,0.0,0.0,0.0,0.0
4,3,0.0625,0.0,0.0,0.9375,0.0,0.0,0.0,0.0,0.0,0.0,0.0
4,3,0.0625,0.0,0.0,0.9375,0.0,0.0,0.0,0.0,0.0,0.0,0.0
4,3,0.0625,0.0,0.0,0.9375,0.0,0.0,0.0,0.0,0.0,0.0,0.0
4,3,0.0625,0.0,0.0,0.9375,0.0,0.0,0.0,0.0,0.0,0.0,0.0
4,3,0.0625,0.0,0.0,0.9375,0.0,0.0,0.0,0.0,0.0,0.0,0.0
4,3,0.0625,0.0,0.0,0.9375,0.0,0.0,0.0,0.0,0.0,0.0,0.0
4,3,0.0625,0.0,0.0,0.9375,0.0,0.0,0.0,0.0,0.0,0.0,0.0
4,3,0.0625,0.0,0.0,0.9375,0.0,0.0,0.0,0.0,0.0,0.0,0.0
4,3,0.0625,0.0,0.0,0.9375,0.0,0.0,0.0,0.0,0.0,0.0,0.0
4,3,0.0625,0.0,0.0,0.9375,0.0,0.0,0.0,0.0,0.0,0.0,0.0
4,3,0.0625,0.0,0.0,0.9375,0.0,0.0,0.0,0.0,0.0,0.0,0.0
4,3,0.0625,0.0,0.0,0.9375,0.0,0.0,0.0,0.0,0.0,0.0,0.0
4,3,0.0625,0.0,0.0,0.9375,0.0,0.0,0.0,0.0,0.0,0.0,0.0
4,3,0.0625,0.0,0.0,0.9375,0.0,0.0,0.0,0.0,0.0,0.0,0.0
4,3,0.0625,0.0,0.0,0.9375,0.0,0.0,0.0,0.0,0.0,0.0,0.0
4,3,0.0625,0.0,0.0,0.9375,0.0,0.0,0.0,0.0,0.0,0.0,0.0
4,3,0.0625,0.0,0.0,0.9375,0.0,0.0,0.0,0.0,0.0,0.0,0.0
4,3,0.0625,0.0,0.0,0.9375,0.0,0.0,0.0,0.0,0.0,0.0,0.0
4,3,0.0625,0.0,0.0,0.9375,0.0,0.0,0.0,0.0,0.0,0.0,0.0
4,3,0.0625,0.0,0.0,0.9375,0.0,0.0,0.0,0.0,0.0,0.0,0.0
4,3,0.0625,0.0,0.0,0.9375,0.0,0.0,0.0,0.0,0.0,0.0,0.0
4,3,0.0625,0.0,0.0,0.9375,0.0,0.0,0.0,0.0,0.0,0.0,0.0
4,3,0.0625,0.0,0.0,0.9375,0.0,0.0,0.0,0.0,0.0,0.0,0.0
4,3,0.0625,0.0,0.0,0.9375,0.0,0.0,0.0,0.0,0.0,0.0,0.0
4,3,0.0625,0.0,0.0,0.9375,0.0,0.0,0.0,0.0,0.0,0.0,0.0
4,3,0.0625,0.0,0.0,0.9375,0.0,0.0,0.0,0.0,0.0,0.0,0.0
4,3,0.0625,0.0,0.0,0.9375,0.0,0.0,0.0,0.0,0.0,0.0,0.0
4,3,0.0625,0.0,0.0,0.9375,0.0,0.0,0.0,0.0,0.0,0.0,0.0
4,3,0.0625,0.0,0.0,0.9375,0.0,0.0,0.0,0.0,0.0,0.0,0.0
4,3,0.0625,0.0,0.0,0.9375,0.0,0.0,0.0,0.0,0.0,0.0,0.0
4,3,0.0625,0.0,0.0,0.9375,0.0,0.0,0.0,0.0,0.0,0.0,0.0
4,3,0.0625,0.0,0.0,0.9375,0.0,0.0,0.0,0.0,0.0,0.0,0.0
4,3,0.0625,0.0,0.0,0.9375,0.0,0.0,0.0,0.0,0.0,0.0,0.0
4,3,0.0625,0.0,0.0,0.9375,0.0,0.0,0.0,0.0,0.0,0.0,0.0
4,3,0.0625,0.0,0.0,0.9375,0.0,0.0,0.0,0.0,0.0,0.0,0.0
4,3,0.0625,0.0,0.0,0.9375,0.0,0.0,0.0,0.0,0.0,0.0,0.0
4,3,0.0625,0.0,0.0,0.9375,0.0,0.0,0.0,0.0,0.0,0.0,0.0
4,3,0.0625,0.0,0.0,0.9375,0.0,0.0,0.0,0.0,0.0,0.0,0.0
4,3,0.0625,0.0,0.0,0.9375,0.0,0.0,0.0,0.0,0.0,0.0,0.0
4,3,0.0625,0.0,0.0,0.9375,0.0,0.0,0.0,0.0,0.0,0.0,0.0
4,3,0.0625,0.0,0.0,0.9375,0.0,0.0,0.0,0.0,0.0,0.0,0.0
4,3,0.0625,0.0,0.0,0.9375,0.0,0.0,0.0,0.0,0.0,0.0,0.0
4,3,0.0625,0.0,0.0,0.9375,0.0,0.0,0.0,0.0,0.0,0.0,0.0
4,3,0.0625,0.0,0.0,0.9375,0.0,0.0,0.0,0.0,0.0,0.0,0.0
4,3,0.0625,0.0,0.0,0.9375,0.0,0.0,0.0,0.0,0.0,0.0,0.0
4,3,0.0625,0.0,0.0,0.9375,0.0,0.0,0.0,0.0,0.0,0.0,0.0
4,3,0.0625,0.0,0.0,0.9375,0.0,0.0,0.0,0.0,0.0,0.0,0.0
4,3,0.0625,0.0,0.0,0.9375,0.0,0.0,0.0,0.0,0.0,0.0,0.0
4,3,0.0625,0.0,0.0,0.9375,0.0,0.0,0.0,0.0,0.0,0.0,0.0
4,3,0.0625,0.0,0.0,0.9375,0.0,0.0,0.0,0.0,0.0,0.0,0.0
4,3,0.0625,0.0,0.0,0.9375,0.0,0.0,0.0,0.0,0.0,0.0,0.0
4,3,0.0625,0.0,0.0,0.9375,0.0,0.0,0.0,0.0,0.0,0.0,0.0
4,3,0.0625,0.0,0.0,0.9375,0.0,0.0,0.0,0.0,0.0,0.0,0.0
4,3,0.0625,0.0,0.0,0.9375,0.0,0.0,0.0,0.0,0.0,0.0,0.0
4,3,0.0625,0.0,0.0,0.9375,0.0,0.0,0.0,0.0,0.0,0.0,0.0
4,3,0.0625,0.0,0.0,0.9375,0.0,0.0,0.0,0.0,0.0,0.0,0.0
4,3,0.0625,0.0,0.0,0.9375,0.0,0.0,0.0,0.0,0.0,0.0,0.0
4,3,0.0625,0.0,0.0,0.9375,0.0,0.0,0.0,0.0,0.0,0.0,0.0
4,3,0.0625,0.0,0.0,0.9375,0.0,0.0,0.0,0.0,0.0,0.0,0.0
4,3,0.0625,0.0,0.0,0.9375,0.0,0.0,0.0,0.0,0.0,0.0,0.0
4,3,0.0625,0.0,0.0,0.9375,0.0,0.0,0.0,0.0,0.0,0.0,0.0
4,3,0.0625,0.0,0.0,0.9375,0.0,0.0,0.0,0.0,0.0,0.0,0.0
4,3,0.0625,0.0,0.0,0.9375,0.0,0.0,0.0,0.0,0.0,0.0,0.0
4,3,0.0625,0.0,0.0,0.9375,0.0,0.0,0.0,0.0,0.0,0.0,0.0
4,3,0.0625,0.0,0.0,0.9375,0.0,0.0,0.0,0.0,0.0,0.0,0.0
4,3,0.0625,0.0,0.0,0.9375,0.0,0.0,0.0,0.0,0.0,0.0,0.0
4,3,0.0625,0.0,0.0,0.9375,0.0,0.0,0.0,0.0,0.0,0.0,0.0
4,3,0.0625,0.0,0.0,0.9375,0.0,0.0,0.0,0.0,0.0,0.0,0.0
4,3,0.0625,0.0,0.0,0.9375,0.0,0.0,0.0,0.0,0.0,0.0,0.0
4,3,0.0625,0.0,0.0,0.9375,0.0,0.0,0.0,0.0,0.0,0.0,0.0
4,3,0.0625,0.0,0.0,0.9375,0.0,0.0,0.0,0.0,0.0,0.0,0.0
4,3,0.0625,0.0,0.0,0.9375,0.0,0.0,0.0,0.0,0.0,0.0,0.0
4,3,0.0625,0.0,0.0,0.9375,0.0,0.0,0.0,0.0,0.0,0.0,0.0
4,3,0.0625,0.0,0.0,0.9375,0.0,0.0,0.0,0.0,0.0,0.0,0.0
4,3,0.0625,0.0,0.0,0.9375,0.0,0.0,0.0,0.0,0.0,0.0,0.0
4,3,0.0625,0.0,0.0,0.9375,0.0,0.0,0.0,0.0,0.0,0.0,0.0
4,3,0.0625,0.0,0.0,0.9375,0.0,0.0,0.0,0.0,0.0,0.0,0.0
4,3,0.0625,0.0,0.0,0.9375,0.0,0.0,0.0,0.0,0.0,0.0,0.0
4,3,0.0,0.0,0.0,1.0,0.0,0.0,0.0,0.0,0.0,0.0,0.0
4,3,0.0,0.0,0.0,1.0,0.0,0.0,0.0,0.0,0.0,0.0,0.0
4,3,0.0,0.0,0.0,1.0,0.0,0.0,0.0,0.0,0.0,0.0,0.0
4,3,0.0,0.0,0.0,1.0,0.0,0.0,0.0,0.0,0.0,0.0,0.0
4,3,0.0,0.0,0.0,1.0,0.0,0.0,0.0,0.0,0.0,0.0,0.0
4,3,0.0,0.0,0.0,1.0,0.0,0.0,0.0,0.0,0.0,0.0,0.0
4,3,0.0,0.0,0.0,1.0,0.0,0.0,0.0,0.0,0.0,0.0,0.0
4,3,0.0,0.0,0.0,1.0,0.0,0.0,0.0,0.0,0.0,0.0,0.0
4,3,0.0,0.0,0.0,1.0,0.0,0.0,0.0,0.0,0.0,0.0,0.0
4,3,0.0,0.0,0.0,1.0,0.0,0.0,0.0,0.0,0.0,0.0,0.0
4,3,0.0,0.0,0.0,1.0,0.0,0.0,0.0,0.0,0.0,0.0,0.0
4,3,0.0,0.0,0.0,1.0,0.0,0.0,0.0,0.0,0.0,0.0,0.0
4,3,0.0,0.0,0.0,1.0,0.0,0.0,0.0,0.0,0.0,0.0,0.0
4,3,0.0,0.0,0.0,1.0,0.0,0.0,0.0,0.0,0.0,0.0,0.0
4,3,0.0,0.0,0.0,1.0,0.0,0.0,0.0,0.0,0.0,0.0,0.0
4,3,0.0,0.0,0.0,1.0,0.0,0.0,0.0,0.0,0.0,0.0,0.0
4,3,0.0,0.0,0.0,1.0,0.0,0.0,0.0,0.0,0.0,0.0,0.0
4,3,0.0,0.0,0.0,1.0,0.0,0.0,0.0,0.0,0.0,0.0,0.0
4,3,0.0,0.0,0.0,1.0,0.0,0.0,0.0,0.0,0.0,0.0,0.0
4,3,0.0,0.0,0.0,1.0,0.0,0.0,0.0,0.0,0.0,0.0,0.0
4,3,0.0,0.0,0.0,1.0,0.0,0.0,0.0,0.0,0.0,0.0,0.0
4,3,0.0,0.0,0.0,1.0,0.0,0.0,0.0,0.0,0.0,0.0,0.0
4,3,0.0,0.0,0.0,1.0,0.0,0.0,0.0,0.0,0.0,0.0,0.0
4,3,0.0,0.0,0.0,1.0,0.0,0.0,0.0,0.0,0.0,0.0,0.0
4,3,0.0,0.0,0.0,1.0,0.0,0.0,0.0,0.0,0.0,0.0,0.0
4,3,0.0,0.0,0.0,1.0,0.0,0.0,0.0,0.0,0.0,0.0,0.0
4,3,0.0,0.0,0.0,1.0,0.0,0.0,0.0,0.0,0.0,0.0,0.0
4,3,0.0,0.0,0.0,1.0,0.0,0.0,0.0,0.0,0.0,0.0,0.0
4,3,0.0,0.0,0.0,1.0,0.0,0.0,0.0,0.0,0.0,0.0,0.0
4,3,0.0,0.0,0.0,1.0,0.0,0.0,0.0,0.0,0.0,0.0,0.0
4,3,0.0,0.0,0.0,1.0,0.0,0.0,0.0,0.0,0.0,0.0,0.0
4,3,0.0,0.0,0.0,1.0,0.0,0.0,0.0,0.0,0.0,0.0,0.0
4,3,0.0,0.0,0.0,1.0,0.0,0.0,0.0,0.0,0.0,0.0,0.0
4,3,0.0,0.0,0.0,1.0,0.0,0.0,0.0,0.0,0.0,0.0,0.0
4,3,0.0,0.0,0.0,1.0,0.0,0.0,0.0,0.0,0.0,0.0,0.0
4,3,0.0,0.0,0.0,1.0,0.0,0.0,0.0,0.0,0.0,0.0,0.0
4,3,0.0,0.0,0.0,1.0,0.0,0.0,0.0,0.0,0.0,0.0,0.0
4,3,0.0,0.0,0.0,1.0,0.0,0.0,0.0,0.0,0.0,0.0,0.0
4,3,0.0,0.0,0.0,1.0,0.0,0.0,0.0,0.0,0.0,0.0,0.0
4,3,0.0,0.0,0.0,1.0,0.0,0.0,0.0,0.0,0.0,0.0,0.0
4,3,0.0,0.0,0.0,1.0,0.0,0.0,0.0,0.0,0.0,0.0,0.0
4,3,0.0,0.0,0.0,1.0,0.0,0.0,0.0,0.0,0.0,0.0,0.0
4,3,0.0,0.0,0.0,1.0,0.0,0.0,0.0,0.0,0.0,0.0,0.0
4,3,0.0,0.0,0.0,1.0,0.0,0.0,0.0,0.0,0.0,0.0,0.0
4,3,0.0,0.0,0.0,1.0,0.0,0.0,0.0,0.0,0.0,0.0,0.0
4,3,0.0,0.0,0.0,1.0,0.0,0.0,0.0,0.0,0.0,0.0,0.0
4,3,0.0,0.0,0.0,1.0,0.0,0.0,0.0,0.0,0.0,0.0,0.0
4,3,0.0,0.0,0.0,1.0,0.0,0.0,0.0,0.0,0.0,0.0,0.0
4,3,0.0,0.0,0.0,1.0,0.0,0.0,0.0,0.0,0.0,0.0,0.0
4,3,0.0,0.0,0.0,1.0,0.0,0.0,0.0,0.0,0.0,0.0,0.0
4,3,0.0,0.0,0.0,1.0,0.0,0.0,0.0,0.0,0.0,0.0,0.0
4,3,0.0,0.0,0.0,1.0,0.0,0.0,0.0,0.0,0.0,0.0,0.0
4,3,0.0,0.0,0.0,1.0,0.0,0.0,0.0,0.0,0.0,0.0,0.0
4,3,0.0,0.0,0.0,1.0,0.0,0.0,0.0,0.0,0.0,0.0,0.0
4,3,0.0,0.0,0.0,1.0,0.0,0.0,0.0,0.0,0.0,0.0,0.0
4,3,0.0,0.0,0.0,1.0,0.0,0.0,0.0,0.0,0.0,0.0,0.0
4,3,0.0,0.0,0.0,1.0,0.0,0.0,0.0,0.0,0.0,0.0,0.0
4,3,0.0,0.0,0.0,1.0,0.0,0.0,0.0,0.0,0.0,0.0,0.0
4,3,0.0,0.0,0.0,1.0,0.0,0.0,0.0,0.0,0.0,0.0,0.0
4,3,0.0,0.0,0.0,1.0,0.0,0.0,0.0,0.0,0.0,0.0,0.0
4,3,0.0,0.0,0.0,1.0,0.0,0.0,0.0,0.0,0.0,0.0,0.0
4,3,0.0,0.0,0.0,1.0,0.0,0.0,0.0,0.0,0.0,0.0,0.0
4,3,0.0,0.0,0.0,1.0,0.0,0.0,0.0,0.0,0.0,0.0,0.0
4,3,0.0,0.0,0.0,1.0,0.0,0.0,0.0,0.0,0.0,0.0,0.0
4,3,0.0,0.0,0.0,1.0,0.0,0.0,0.0,0.0,0.0,0.0,0.0
4,3,0.0,0.0,0.0,1.0,0.0,0.0,0.0,0.0,0.0,0.0,0.0
4,3,0.0,0.0,0.0,1.0,0.0,0.0,0.0,0.0,0.0,0.0,0.0
4,3,0.0,0.0,0.0,1.0,0.0,0.0,0.0,0.0,0.0,0.0,0.0
4,3,0.0,0.0,0.0,1.0,0.0,0.0,0.0,0.0,0.0,0.0,0.0
4,3,0.0,0.0,0.0,1.0,0.0,0.0,0.0,0.0,0.0,0.0,0.0
4,3,0.0,0.0,0.0,1.0,0.0,0.0,0.0,0.0,0.0,0.0,0.0
4,3,0.0,0.0,0.0,1.0,0.0,0.0,0.0,0.0,0.0,0.0,0.0
4,3,0.0,0.0,0.0,1.0,0.0,0.0,0.0,0.0,0.0,0.0,0.0
4,3,0.0,0.0,0.0,1.0,0.0,0.0,0.0,0.0,0.0,0.0,0.0
4,3,0.0,0.0,0.0,1.0,0.0,0.0,0.0,0.0,0.0,0.0,0.0
4,3,0.0,0.0,0.0,1.0,0.0,0.0,0.0,0.0,0.0,0.0,0.0
4,3,0.0,0.0,0.0,1.0,0.0,0.0,0.0,0.0,0.0,0.0,0.0
4,3,0.0,0.0,0.0,1.0,0.0,0.0,0.0,0.0,0.0,0.0,0.0
4,3,0.0,0.0,0.0,1.0,0.0,0.0,0.0,0.0,0.0,0.0,0.0
4,3,0.0,0.0,0.0,1.0,0.0,0.0,0.0,0.0,0.0,0.0,0.0
4,3,0.0,0.0,0.0,1.0,0.0,0.0,0.0,0.0,0.0,0.0,0.0
4,3,0.0,0.0,0.0,1.0,0.0,0.0,0.0,0.0,0.0,0.0,0.0
4,3,0.0,0.0,0.0,1.0,0.0,0.0,0.0,0.0,0.0,0.0,0.0
4,3,0.0,0.0,0.0,1.0,0.0,0.0,0.0,0.0,0.0,0.0,0.0
4,3,0.0,0.0,0.0,1.0,0.0,0.0,0.0,0.0,0.0,0.0,0.0
4,3,0.0,0.0,0.0,1.0,0.0,0.0,0.0,0.0,0.0,0.0,0.0
4,3,0.0,0.0,0.0,1.0,0.0,0.0,0.0,0.0,0.0,0.0,0.0
4,3,0.0,0.0,0.0,1.0,0.0,0.0,0.0,0.0,0.0,0.0,0.0
4,3,0.0,0.0,0.0,1.0,0.0,0.0,0.0,0.0,0.0,0.0,0.0
4,3,0.0,0.0,0.0,1.0,0.0,0.0,0.0,0.0,0.0,0.0,0.0
4,3,0.0,0.0,0.0,1.0,0.0,0.0,0.0,0.0,0.0,0.0,0.0
4,3,0.0,0.0,0.0,1.0,0.0,0.0,0.0,0.0,0.0,0.0,0.0
4,3,0.0,0.0,0.0,1.0,0.0,0.0,0.0,0.0,0.0,0.0,0.0
4,3,0.0,0.0,0.0,1.0,0.0,0.0,0.0,0.0,0.0,0.0,0.0
4,3,0.0,0.0,0.0,1.0,0.0,0.0,0.0,0.0,0.0,0.0,0.0
4,3,0.0,0.0,0.0,1.0,0.0,0.0,0.0,0.0,0.0,0.0,0.0
4,3,0.0,0.0,0.0,1.0,0.0,0.0,0.0,0.0,0.0,0.0,0.0
4,3,0.0,0.0,0.0,1.0,0.0,0.0,0.0,0.0,0.0,0.0,0.0
4,3,0.0,0.0,0.0,1.0,0.0,0.0,0.0,0.0,0.0,0.0,0.0
4,3,0.0,0.0,0.0,1.0,0.0,0.0,0.0,0.0,0.0,0.0,0.0
4,3,0.0,0.0,0.0,1.0,0.0,0.0,0.0,0.0,0.0,0.0,0.0
4,3,0.0,0.0,0.0,1.0,0.0,0.0,0.0,0.0,0.0,0.0,0.0
4,3,0.0,0.0,0.0,1.0,0.0,0.0,0.0,0.0,0.0,0.0,0.0
4,3,0.0,0.0,0.0,1.0,0.0,0.0,0.0,0.0,0.0,0.0,0.0
4,3,0.0,0.0,0.0,1.0,0.0,0.0,0.0,0.0,0.0,0.0,0.0
4,3,0.0,0.0,0.0,1.0,0.0,0.0,0.0,0.0,0.0,0.0,0.0
4,3,0.0,0.0,0.0,1.0,0.0,0.0,0.0,0.0,0.0,0.0,0.0
4,3,0.0,0.0,0.0,1.0,0.0,0.0,0.0,0.0,0.0,0.0,0.0
4,3,0.0,0.0,0.0,1.0,0.0,0.0,0.0,0.0,0.0,0.0,0.0
4,3,0.0,0.0,0.0,1.0,0.0,0.0,0.0,0.0,0.0,0.0,0.0
4,3,0.0,0.0,0.0,1.0,0.0,0.0,0.0,0.0,0.0,0.0,0.0
4,3,0.0,0.0,0.0,1.0,0.0,0.0,0.0,0.0,0.0,0.0,0.0
4,3,0.0,0.0,0.0,1.0,0.0,0.0,0.0,0.0,0.0,0.0,0.0
4,3,0.0,0.0,0.0,1.0,0.0,0.0,0.0,0.0,0.0,0.0,0.0
4,3,0.0,0.0,0.0,1.0,0.0,0.0,0.0,0.0,0.0,0.0,0.0
4,3,0.0,0.0,0.0,1.0,0.0,0.0,0.0,0.0,0.0,0.0,0.0
4,3,0.0,0.0,0.0,1.0,0.0,0.0,0.0,0.0,0.0,0.0,0.0
4,3,0.0,0.0,0.0,1.0,0.0,0.0,0.0,0.0,0.0,0.0,0.0
4,3,0.0,0.0,0.0,1.0,0.0,0.0,0.0,0.0,0.0,0.0,0.0
4,3,0.0,0.0,0.0,1.0,0.0,0.0,0.0,0.0,0.0,0.0,0.0
4,3,0.0,0.0,0.0,1.0,0.0,0.0,0.0,0.0,0.0,0.0,0.0
4,3,0.0,0.0,0.0,1.0,0.0,0.0,0.0,0.0,0.0,0.0,0.0
4,3,0.0,0.0,0.0,1.0,0.0,0.0,0.0,0.0,0.0,0.0,0.0
4,3,0.0,0.0,0.0,1.0,0.0,0.0,0.0,0.0,0.0,0.0,0.0
4,3,0.0,0.0,0.0,1.0,0.0,0.0,0.0,0.0,0.0,0.0,0.0
4,3,0.0,0.0,0.0,1.0,0.0,0.0,0.0,0.0,0.0,0.0,0.0
4,3,0.0,0.0,0.0,1.0,0.0,0.0,0.0,0.0,0.0,0.0,0.0
4,3,0.0,0.0,0.0,1.0,0.0,0.0,0.0,0.0,0.0,0.0,0.0
4,3,0.0,0.0,0.0,1.0,0.0,0.0,0.0,0.0,0.0,0.0,0.0
4,3,0.0,0.0,0.0,1.0,0.0,0.0,0.0,0.0,0.0,0.0,0.0
4,3,0.0,0.0,0.0,1.0,0.0,0.0,0.0,0.0,0.0,0.0,0.0
4,3,0.0,0.0,0.0,1.0,0.0,0.0,0.0,0.0,0.0,0.0,0.0
4,3,0.0,0.0,0.0,1.0,0.0,0.0,0.0,0.0,0.0,0.0,0.0
4,3,0.0,0.0,0.0,1.0,0.0,0.0,0.0,0.0,0.0,0.0,0.0
4,3,0.0,0.0,0.0,1.0,0.0,0.0,0.0,0.0,0.0,0.0,0.0
4,3,0.0,0.0,0.0,1.0,0.0,0.0,0.0,0.0,0.0,0.0,0.0
4,3,0.0,0.0,0.0,1.0,0.0,0.0,0.0,0.0,0.0,0.0,0.0
4,3,0.0,0.0,0.0,1.0,0.0,0.0,0.0,0.0,0.0,0.0,0.0
4,3,0.0,0.0,0.0,1.0,0.0,0.0,0.0,0.0,0.0,0.0,0.0
4,3,0.0,0.0,0.0,1.0,0.0,0.0,0.0,0.0,0.0,0.0,0.0
4,3,0.0,0.0,0.0,1.0,0.0,0.0,0.0,0.0,0.0,0.0,0.0
4,3,0.0,0.0,0.0,1.0,0.0,0.0,0.0,0.0,0.0,0.0,0.0
4,3,0.0,0.0,0.0,1.0,0.0,0.0,0.0,0.0,0.0,0.0,0.0
4,3,0.0,0.0,0.0,1.0,0.0,0.0,0.0,0.0,0.0,0.0,0.0
4,3,0.0,0.0,0.0,1.0,0.0,0.0,0.0,0.0,0.0,0.0,0.0
4,3,0.0,0.0,0.0,1.0,0.0,0.0,0.0,0.0,0.0,0.0,0.0
4,3,0.0,0.0,0.0,1.0,0.0,0.0,0.0,0.0,0.0,0.0,0.0
4,3,0.0,0.0,0.0,1.0,0.0,0.0,0.0,0.0,0.0,0.0,0.0
4,3,0.0,0.0,0.0,1.0,0.0,0.0,0.0,0.0,0.0,0.0,0.0
4,3,0.0,0.0,0.0,1.0,0.0,0.0,0.0,0.0,0.0,0.0,0.0
4,3,0.0,0.0,0.0,1.0,0.0,0.0,0.0,0.0,0.0,0.0,0.0
4,3,0.0,0.0,0.0,1.0,0.0,0.0,0.0,0.0,0.0,0.0,0.0
4,3,0.0,0.0,0.0,1.0,0.0,0.0,0.0,0.0,0.0,0.0,0.0
4,3,0.0,0.0,0.0,1.0,0.0,0.0,0.0,0.0,0.0,0.0,0.0
4,3,0.0,0.0,0.0,1.0,0.0,0.0,0.0,0.0,0.0,0.0,0.0
4,3,0.0,0.0,0.0,1.0,0.0,0.0,0.0,0.0,0.0,0.0,0.0
4,3,0.0,0.0,0.0,1.0,0.0,0.0,0.0,0.0,0.0,0.0,0.0
4,3,0.0,0.0,0.0,1.0,0.0,0.0,0.0,0.0,0.0,0.0,0.0
4,3,0.0,0.0,0.0,1.0,0.0,0.0,0.0,0.0,0.0,0.0,0.0
4,3,0.0,0.0,0.0,1.0,0.0,0.0,0.0,0.0,0.0,0.0,0.0
4,3,0.0,0.0,0.0,1.0,0.0,0.0,0.0,0.0,0.0,0.0,0.0
4,3,0.0,0.0,0.0,1.0,0.0,0.0,0.0,0.0,0.0,0.0,0.0
4,3,0.0,0.0,0.0,1.0,0.0,0.0,0.0,0.0,0.0,0.0,0.0
4,3,0.0,0.0,0.0,1.0,0.0,0.0,0.0,0.0,0.0,0.0,0.0
4,3,0.0,0.0,0.0,1.0,0.0,0.0,0.0,0.0,0.0,0.0,0.0
4,3,0.0,0.0,0.0,1.0,0.0,0.0,0.0,0.0,0.0,0.0,0.0
4,3,0.0,0.0,0.0,1.0,0.0,0.0,0.0,0.0,0.0,0.0,0.0
4,3,0.0,0.0,0.0,1.0,0.0,0.0,0.0,0.0,0.0,0.0,0.0
4,3,0.0,0.0,0.0,1.0,0.0,0.0,0.0,0.0,0.0,0.0,0.0
4,3,0.0,0.0,0.0,1.0,0.0,0.0,0.0,0.0,0.0,0.0,0.0
4,3,0.0,0.0,0.0,1.0,0.0,0.0,0.0,0.0,0.0,0.0,0.0
4,3,0.0,0.0,0.0,1.0,0.0,0.0,0.0,0.0,0.0,0.0,0.0
4,3,0.0,0.0,0.0,1.0,0.0,0.0,0.0,0.0,0.0,0.0,0.0
4,3,0.0,0.0,0.0,1.0,0.0,0.0,0.0,0.0,0.0,0.0,0.0
4,3,0.0,0.0,0.0,1.0,0.0,0.0,0.0,0.0,0.0,0.0,0.0
4,3,0.0,0.0,0.0,1.0,0.0,0.0,0.0,0.0,0.0,0.0,0.0
4,3,0.0,0.0,0.0,1.0,0.0,0.0,0.0,0.0,0.0,0.0,0.0
4,3,0.0,0.0,0.0,1.0,0.0,0.0,0.0,0.0,0.0,0.0,0.0
4,3,0.0,0.0,0.0,1.0,0.0,0.0,0.0,0.0,0.0,0.0,0.0
4,3,0.0,0.0,0.0,1.0,0.0,0.0,0.0,0.0,0.0,0.0,0.0
4,3,0.0,0.0,0.0,1.0,0.0,0.0,0.0,0.0,0.0,0.0,0.0
4,3,0.0,0.0,0.0,1.0,0.0,0.0,0.0,0.0,0.0,0.0,0.0
4,3,0.0,0.0,0.0,1.0,0.0,0.0,0.0,0.0,0.0,0.0,0.0
4,3,0.0,0.0,0.0,1.0,0.0,0.0,0.0,0.0,0.0,0.0,0.0
4,3,0.0,0.0,0.0,1.0,0.0,0.0,0.0,0.0,0.0,0.0,0.0
4,3,0.0,0.0,0.0,1.0,0.0,0.0,0.0,0.0,0.0,0.0,0.0
4,3,0.0,0.0,0.0,1.0,0.0,0.0,0.0,0.0,0.0,0.0,0.0
4,3,0.0,0.0,0.0,1.0,0.0,0.0,0.0,0.0,0.0,0.0,0.0
4,3,0.0,0.0,0.0,1.0,0.0,0.0,0.0,0.0,0.0,0.0,0.0
4,3,0.0,0.0,0.0,1.0,0.0,0.0,0.0,0.0,0.0,0.0,0.0
4,3,0.0,0.0,0.0,1.0,0.0,0.0,0.0,0.0,0.0,0.0,0.0
4,3,0.0,0.0,0.0,1.0,0.0,0.0,0.0,0.0,0.0,0.0,0.0
4,3,0.0,0.0,0.0,1.0,0.0,0.0,0.0,0.0,0.0,0.0,0.0
4,3,0.0,0.0,0.0,1.0,0.0,0.0,0.0,0.0,0.0,0.0,0.0
4,3,0.0,0.0,0.0,1.0,0.0,0.0,0.0,0.0,0.0,0.0,0.0
4,3,0.0,0.0,0.0,1.0,0.0,0.0,0.0,0.0,0.0,0.0,0.0
4,3,0.0,0.0,0.0,1.0,0.0,0.0,0.0,0.0,0.0,0.0,0.0
4,3,0.0,0.0,0.0,1.0,0.0,0.0,0.0,0.0,0.0,0.0,0.0
4,3,0.0,0.0,0.0,1.0,0.0,0.0,0.0,0.0,0.0,0.0,0.0
4,3,0.0,0.0,0.0,1.0,0.0,0.0,0.0,0.0,0.0,0.0,0.0
4,3,0.0,0.0,0.0,1.0,0.0,0.0,0.0,0.0,0.0,0.0,0.0
4,3,0.0,0.0,0.0,1.0,0.0,0.0,0.0,0.0,0.0,0.0,0.0
4,3,0.0,0.0,0.0,1.0,0.0,0.0,0.0,0.0,0.0,0.0,0.0
4,3,0.0,0.0,0.0,1.0,0.0,0.0,0.0,0.0,0.0,0.0,0.0
4,3,0.0,0.0,0.0,1.0,0.0,0.0,0.0,0.0,0.0,0.0,0.0
4,3,0.0,0.0,0.0,1.0,0.0,0.0,0.0,0.0,0.0,0.0,0.0
4,3,0.0,0.0,0.0,1.0,0.0,0.0,0.0,0.0,0.0,0.0,0.0
4,3,0.0,0.0,0.0,1.0,0.0,0.0,0.0,0.0,0.0,0.0,0.0
4,3,0.0,0.0,0.0,1.0,0.0,0.0,0.0,0.0,0.0,0.0,0.0
4,3,0.0,0.0,0.0,1.0,0.0,0.0,0.0,0.0,0.0,0.0,0.0
4,3,0.0,0.0,0.0,1.0,0.0,0.0,0.0,0.0,0.0,0.0,0.0
4,3,0.0,0.0,0.0,1.0,0.0,0.0,0.0,0.0,0.0,0.0,0.0
4,3,0.0,0.0,0.0,1.0,0.0,0.0,0.0,0.0,0.0,0.0,0.0
4,3,0.0,0.0,0.0,1.0,0.0,0.0,0.0,0.0,0.0,0.0,0.0
4,3,0.0,0.0,0.0,1.0,0.0,0.0,0.0,0.0,0.0,0.0,0.0
4,3,0.0,0.0,0.0,1.0,0.0,0.0,0.0,0.0,0.0,0.0,0.0
4,3,0.0,0.0,0.0,1.0,0.0,0.0,0.0,0.0,0.0,0.0,0.0
4,3,0.0,0.0,0.0,1.0,0.0,0.0,0.0,0.0,0.0,0.0,0.0
4,3,0.0,0.0,0.0,1.0,0.0,0.0,0.0,0.0,0.0,0.0,0.0
4,3,0.0,0.0,0.0,1.0,0.0,0.0,0.0,0.0,0.0,0.0,0.0
4,3,0.0,0.0,0.0,1.0,0.0,0.0,0.0,0.0,0.0,0.0,0.0
4,3,0.0,0.0,0.0,1.0,0.0,0.0,0.0,0.0,0.0,0.0,0.0
4,3,0.0,0.0,0.0,1.0,0.0,0.0,0.0,0.0,0.0,0.0,0.0
4,3,0.0,0.0,0.0,1.0,0.0,0.0,0.0,0.0,0.0,0.0,0.0
4,3,0.0,0.0,0.0,1.0,0.0,0.0,0.0,0.0,0.0,0.0,0.0
4,3,0.0,0.0,0.0,1.0,0.0,0.0,0.0,0.0,0.0,0.0,0.0
4,3,0.0,0.0,0.0,1.0,0.0,0.0,0.0,0.0,0.0,0.0,0.0
4,3,0.0,0.0,0.0,1.0,0.0,0.0,0.0,0.0,0.0,0.0,0.0
4,3,0.0,0.0,0.0,1.0,0.0,0.0,0.0,0.0,0.0,0.0,0.0
4,3,0.0,0.0,0.0,1.0,0.0,0.0,0.0,0.0,0.0,0.0,0.0
4,3,0.0,0.0,0.0,1.0,0.0,0.0,0.0,0.0,0.0,0.0,0.0
4,3,0.0,0.0,0.0,1.0,0.0,0.0,0.0,0.0,0.0,0.0,0.0
4,3,0.0,0.0,0.0,1.0,0.0,0.0,0.0,0.0,0.0,0.0,0.0
4,3,0.0,0.0,0.0,1.0,0.0,0.0,0.0,0.0,0.0,0.0,0.0
4,3,0.0,0.0,0.0,1.0,0.0,0.0,0.0,0.0,0.0,0.0,0.0
4,3,0.0,0.0,0.0,1.0,0.0,0.0,0.0,0.0,0.0,0.0,0.0
4,3,0.0,0.0,0.0,1.0,0.0,0.0,0.0,0.0,0.0,0.0,0.0
4,3,0.0,0.0,0.0,1.0,0.0,0.0,0.0,0.0,0.0,0.0,0.0
4,3,0.0,0.0,0.0,1.0,0.0,0.0,0.0,0.0,0.0,0.0,0.0
4,3,0.0,0.0,0.0,1.0,0.0,0.0,0.0,0.0,0.0,0.0,0.0
4,3,0.0,0.0,0.0,1.0,0.0,0.0,0.0,0.0,0.0,0.0,0.0
4,3,0.0,0.0,0.0,1.0,0.0,0.0,0.0,0.0,0.0,0.0,0.0
4,3,0.0,0.0,0.0,1.0,0.0,0.0,0.0,0.0,0.0,0.0,0.0
4,3,0.0,0.0,0.0,1.0,0.0,0.0,0.0,0.0,0.0,0.0,0.0
4,3,0.0,0.0,0.0,1.0,0.0,0.0,0.0,0.0,0.0,0.0,0.0
4,3,0.0,0.0,0.0,1.0,0.0,0.0,0.0,0.0,0.0,0.0,0.0
4,3,0.0,0.0,0.0,1.0,0.0,0.0,0.0,0.0,0.0,0.0,0.0
4,3,0.0,0.0,0.0,1.0,0.0,0.0,0.0,0.0,0.0,0.0,0.0
4,3,0.0,0.0,0.0,1.0,0.0,0.0,0.0,0.0,0.0,0.0,0.0
4,3,0.0,0.0,0.0,1.0,0.0,0.0,0.0,0.0,0.0,0.0,0.0
4,3,0.0,0.0,0.0,1.0,0.0,0.0,0.0,0.0,0.0,0.0,0.0
4,3,0.0,0.0,0.0,1.0,0.0,0.0,0.0,0.0,0.0,0.0,0.0
4,3,0.0,0.0,0.0,1.0,0.0,0.0,0.0,0.0,0.0,0.0,0.0
4,3,0.0,0.0,0.0,1.0,0.0,0.0,0.0,0.0,0.0,0.0,0.0
4,3,0.0,0.0,0.0,1.0,0.0,0.0,0.0,0.0,0.0,0.0,0.0
4,3,0.0,0.0,0.0,1.0,0.0,0.0,0.0,0.0,0.0,0.0,0.0
4,3,0.0625,0.0,0.0,0.9375,0.0,0.0,0.0,0.0,0.0,0.0,0.0
4,3,0.0625,0.0,0.0,0.9375,0.0,0.0,0.0,0.0,0.0,0.0,0.0
4,3,0.0625,0.0,0.0,0.9375,0.0,0.0,0.0,0.0,0.0,0.0,0.0
4,3,0.0625,0.0,0.0,0.9375,0.0,0.0,0.0,0.0,0.0,0.0,0.0
4,3,0.0625,0.0,0.0,0.9375,0.0,0.0,0.0,0.0,0.0,0.0,0.0
4,3,0.0625,0.0,0.0,0.9375,0.0,0.0,0.0,0.0,0.0,0.0,0.0
4,3,0.0625,0.0,0.0,0.9375,0.0,0.0,0.0,0.0,0.0,0.0,0.0
4,3,0.0625,0.0,0.0,0.9375,0.0,0.0,0.0,0.0,0.0,0.0,0.0
4,3,0.0625,0.0,0.0,0.9375,0.0,0.0,0.0,0.0,0.0,0.0,0.0
4,3,0.0625,0.0,0.0,0.9375,0.0,0.0,0.0,0.0,0.0,0.0,0.0
4,3,0.0625,0.0,0.0,0.9375,0.0,0.0,0.0,0.0,0.0,0.0,0.0
4,3,0.0625,0.0,0.0,0.9375,0.0,0.0,0.0,0.0,0.0,0.0,0.0
4,3,0.0625,0.0,0.0,0.9375,0.0,0.0,0.0,0.0,0.0,0.0,0.0
4,3,0.0625,0.0,0.0,0.9375,0.0,0.0,0.0,0.0,0.0,0.0,0.0
4,3,0.0625,0.0,0.0,0.9375,0.0,0.0,0.0,0.0,0.0,0.0,0.0
4,3,0.0625,0.0,0.0,0.9375,0.0,0.0,0.0,0.0,0.0,0.0,0.0
4,3,0.0625,0.0,0.0,0.9375,0.0,0.0,0.0,0.0,0.0,0.0,0.0
4,3,0.0625,0.0,0.0,0.9375,0.0,0.0,0.0,0.0,0.0,0.0,0.0
4,3,0.0625,0.0,0.0,0.9375,0.0,0.0,0.0,0.0,0.0,0.0,0.0
4,3,0.0625,0.0,0.0,0.9375,0.0,0.0,0.0,0.0,0.0,0.0,0.0
4,3,0.0625,0.0,0.0,0.9375,0.0,0.0,0.0,0.0,0.0,0.0,0.0
4,3,0.0625,0.0,0.0,0.9375,0.0,0.0,0.0,0.0,0.0,0.0,0.0
4,3,0.0625,0.0,0.0,0.9375,0.0,0.0,0.0,0.0,0.0,0.0,0.0
4,3,0.0625,0.0,0.0,0.9375,0.0,0.0,0.0,0.0,0.0,0.0,0.0
4,3,0.0625,0.0,0.0,0.9375,0.0,0.0,0.0,0.0,0.0,0.0,0.0
4,3,0.0625,0.0,0.0,0.9375,0.0,0.0,0.0,0.0,0.0,0.0,0.0
4,3,0.0625,0.0,0.0,0.9375,0.0,0.0,0.0,0.0,0.0,0.0,0.0
4,3,0.0625,0.0,0.0,0.9375,0.0,0.0,0.0,0.0,0.0,0.0,0.0
4,3,0.0625,0.0,0.0,0.9375,0.0,0.0,0.0,0.0,0.0,0.0,0.0
4,3,0.0625,0.0,0.0,0.9375,0.0,0.0,0.0,0.0,0.0,0.0,0.0
4,3,0.0625,0.0,0.0,0.9375,0.0,0.0,0.0,0.0,0.0,0.0,0.0
4,3,0.0625,0.0,0.0,0.9375,0.0,0.0,0.0,0.0,0.0,0.0,0.0
4,3,0.0625,0.0,0.0,0.9375,0.0,0.0,0.0,0.0,0.0,0.0,0.0
4,3,0.0625,0.0,0.0,0.9375,0.0,0.0,0.0,0.0,0.0,0.0,0.0
4,3,0.0625,0.0,0.0,0.9375,0.0,0.0,0.0,0.0,0.0,0.0,0.0
4,3,0.0625,0.0,0.0,0.9375,0.0,0.0,0.0,0.0,0.0,0.0,0.0
4,3,0.0625,0.0,0.0,0.9375,0.0,0.0,0.0,0.0,0.0,0.0,0.0
4,3,0.0625,0.0,0.0,0.9375,0.0,0.0,0.0,0.0,0.0,0.0,0.0
4,3,0.0625,0.0,0.0,0.9375,0.0,0.0,0.0,0.0,0.0,0.0,0.0
4,3,0.0625,0.0,0.0,0.9375,0.0,0.0,0.0,0.0,0.0,0.0,0.0
4,3,0.0625,0.0,0.0,0.9375,0.0,0.0,0.0,0.0,0.0,0.0,0.0
4,3,0.0625,0.0,0.0,0.9375,0.0,0.0,0.0,0.0,0.0,0.0,0.0
4,3,0.0625,0.0,0.0,0.9375,0.0,0.0,0.0,0.0,0.0,0.0,0.0
4,3,0.0625,0.0,0.0,0.9375,0.0,0.0,0.0,0.0,0.0,0.0,0.0
4,3,0.0625,0.0,0.0,0.9375,0.0,0.0,0.0,0.0,0.0,0.0,0.0
4,3,0.0625,0.0,0.0,0.9375,0.0,0.0,0.0,0.0,0.0,0.0,0.0
4,3,0.0625,0.0,0.0,0.9375,0.0,0.0,0.0,0.0,0.0,0.0,0.0
4,3,0.0625,0.0,0.0,0.9375,0.0,0.0,0.0,0.0,0.0,0.0,0.0
4,3,0.0625,0.0,0.0,0.9375,0.0,0.0,0.0,0.0,0.0,0.0,0.0
4,3,0.0625,0.0,0.0,0.9375,0.0,0.0,0.0,0.0,0.0,0.0,0.0
4,3,0.0625,0.0,0.0,0.9375,0.0,0.0,0.0,0.0,0.0,0.0,0.0
4,3,0.0625,0.0,0.0,0.9375,0.0,0.0,0.0,0.0,0.0,0.0,0.0
4,3,0.0625,0.0,0.0,0.9375,0.0,0.0,0.0,0.0,0.0,0.0,0.0
4,3,0.0625,0.0,0.0,0.9375,0.0,0.0,0.0,0.0,0.0,0.0,0.0
4,3,0.0625,0.0,0.0,0.9375,0.0,0.0,0.0,0.0,0.0,0.0,0.0
4,3,0.0625,0.0,0.0,0.9375,0.0,0.0,0.0,0.0,0.0,0.0,0.0
4,3,0.0625,0.0,0.0,0.9375,0.0,0.0,0.0,0.0,0.0,0.0,0.0
4,3,0.0625,0.0,0.0,0.9375,0.0,0.0,0.0,0.0,0.0,0.0,0.0
4,3,0.0625,0.0,0.0,0.9375,0.0,0.0,0.0,0.0,0.0,0.0,0.0
4,3,0.0625,0.0,0.0,0.9375,0.0,0.0,0.0,0.0,0.0,0.0,0.0
4,3,0.0625,0.0,0.0,0.9375,0.0,0.0,0.0,0.0,0.0,0.0,0.0
4,3,0.0625,0.0,0.0,0.9375,0.0,0.0,0.0,0.0,0.0,0.0,0.0
4,3,0.0625,0.0,0.0,0.9375,0.0,0.0,0.0,0.0,0.0,0.0,0.0
4,3,0.0625,0.0,0.0,0.9375,0.0,0.0,0.0,0.0,0.0,0.0,0.0
4,3,0.0625,0.0,0.0,0.9375,0.0,0.0,0.0,0.0,0.0,0.0,0.0
4,3,0.0625,0.0,0.0,0.9375,0.0,0.0,0.0,0.0,0.0,0.0,0.0
4,3,0.0625,0.0,0.0,0.9375,0.0,0.0,0.0,0.0,0.0,0.0,0.0
4,3,0.0625,0.0,0.0,0.9375,0.0,0.0,0.0,0.0,0.0,0.0,0.0
4,3,0.0625,0.0,0.0,0.9375,0.0,0.0,0.0,0.0,0.0,0.0,0.0
4,3,0.0625,0.0,0.0,0.9375,0.0,0.0,0.0,0.0,0.0,0.0,0.0
4,3,0.0625,0.0,0.0,0.9375,0.0,0.0,0.0,0.0,0.0,0.0,0.0
4,3,0.0625,0.0,0.0,0.9375,0.0,0.0,0.0,0.0,0.0,0.0,0.0
4,3,0.0625,0.0,0.0,0.9375,0.0,0.0,0.0,0.0,0.0,0.0,0.0
4,3,0.0625,0.0,0.0,0.9375,0.0,0.0,0.0,0.0,0.0,0.0,0.0
4,3,0.0625,0.0,0.0,0.9375,0.0,0.0,0.0,0.0,0.0,0.0,0.0
4,3,0.0625,0.0,0.0,0.9375,0.0,0.0,0.0,0.0,0.0,0.0,0.0
4,3,0.0625,0.0,0.0,0.9375,0.0,0.0,0.0,0.0,0.0,0.0,0.0
4,3,0.0625,0.0,0.0,0.9375,0.0,0.0,0.0,0.0,0.0,0.0,0.0
4,3,0.0625,0.0,0.0,0.9375,0.0,0.0,0.0,0.0,0.0,0.0,0.0
4,3,0.0625,0.0,0.0,0.9375,0.0,0.0,0.0,0.0,0.0,0.0,0.0
4,3,0.0625,0.0,0.0,0.9375,0.0,0.0,0.0,0.0,0.0,0.0,0.0
4,3,0.0625,0.0,0.0,0.9375,0.0,0.0,0.0,0.0,0.0,0.0,0.0
4,3,0.0625,0.0,0.0,0.9375,0.0,0.0,0.0,0.0,0.0,0.0,0.0
4,3,0.0625,0.0,0.0,0.9375,0.0,0.0,0.0,0.0,0.0,0.0,0.0
4,3,0.0625,0.0,0.0,0.9375,0.0,0.0,0.0,0.0,0.0,0.0,0.0
4,3,0.0625,0.0,0.0,0.9375,0.0,0.0,0.0,0.0,0.0,0.0,0.0
4,3,0.0625,0.0,0.0,0.9375,0.0,0.0,0.0,0.0,0.0,0.0,0.0
4,3,0.0625,0.0,0.0,0.9375,0.0,0.0,0.0,0.0,0.0,0.0,0.0
4,3,0.0625,0.0,0.0,0.9375,0.0,0.0,0.0,0.0,0.0,0.0,0.0
4,3,0.0625,0.0,0.0,0.9375,0.0,0.0,0.0,0.0,0.0,0.0,0.0
4,3,0.0625,0.0,0.0,0.9375,0.0,0.0,0.0,0.0,0.0,0.0,0.0
4,3,0.0625,0.0,0.0,0.9375,0.0,0.0,0.0,0.0,0.0,0.0,0.0
4,3,0.0625,0.0,0.0,0.9375,0.0,0.0,0.0,0.0,0.0,0.0,0.0
4,3,0.0625,0.0,0.0,0.9375,0.0,0.0,0.0,0.0,0.0,0.0,0.0
4,3,0.0625,0.0,0.0,0.9375,0.0,0.0,0.0,0.0,0.0,0.0,0.0
4,3,0.0625,0.0,0.0,0.9375,0.0,0.0,0.0,0.0,0.0,0.0,0.0
4,3,0.0625,0.0,0.0,0.875,0.0625,0.0,0.0,0.0,0.0,0.0,0.0
4,3,0.0625,0.0,0.0,0.875,0.0625,0.0,0.0,0.0,0.0,0.0,0.0
4,3,0.0625,0.0,0.0,0.875,0.0625,0.0,0.0,0.0,0.0,0.0,0.0
4,3,0.0625,0.0,0.0,0.875,0.0625,0.0,0.0,0.0,0.0,0.0,0.0
4,3,0.0625,0.0,0.0,0.875,0.0625,0.0,0.0,0.0,0.0,0.0,0.0
4,3,0.0625,0.0,0.0,0.875,0.0625,0.0,0.0,0.0,0.0,0.0,0.0
4,3,0.0625,0.0,0.0,0.875,0.0625,0.0,0.0,0.0,0.0,0.0,0.0
4,3,0.0625,0.0,0.0,0.875,0.0625,0.0,0.0,0.0,0.0,0.0,0.0
4,3,0.0625,0.0,0.0,0.875,0.0625,0.0,0.0,0.0,0.0,0.0,0.0
4,3,0.0625,0.0,0.0,0.875,0.0625,0.0,0.0,0.0,0.0,0.0,0.0
4,3,0.0625,0.0,0.0,0.875,0.0625,0.0,0.0,0.0,0.0,0.0,0.0
4,3,0.0625,0.0,0.0,0.875,0.0625,0.0,0.0,0.0,0.0,0.0,0.0
4,3,0.0625,0.0,0.0,0.875,0.0625,0.0,0.0,0.0,0.0,0.0,0.0
4,3,0.0625,0.0,0.0,0.875,0.0625,0.0,0.0,0.0,0.0,0.0,0.0
4,3,0.0625,0.0,0.0,0.875,0.0625,0.0,0.0,0.0,0.0,0.0,0.0
4,3,0.0625,0.0,0.0,0.875,0.0625,0.0,0.0,0.0,0.0,0.0,0.0
4,3,0.0625,0.0,0.0,0.875,0.0625,0.0,0.0,0.0,0.0,0.0,0.0
4,3,0.0625,0.0,0.0,0.875,0.0625,0.0,0.0,0.0,0.0,0.0,0.0
4,3,0.0625,0.0,0.0,0.875,0.0625,0.0,0.0,0.0,0.0,0.0,0.0
4,3,0.0625,0.0,0.0,0.875,0.0625,0.0,0.0,0.0,0.0,0.0,0.0
4,3,0.0625,0.0,0.0,0.875,0.0625,0.0,0.0,0.0,0.0,0.0,0.0
4,3,0.0625,0.0,0.0,0.875,0.0625,0.0,0.0,0.0,0.0,0.0,0.0
4,3,0.0625,0.0,0.0,0.875,0.0625,0.0,0.0,0.0,0.0,0.0,0.0
4,3,0.0625,0.0,0.0,0.875,0.0625,0.0,0.0,0.0,0.0,0.0,0.0
4,3,0.0625,0.0,0.0,0.875,0.0625,0.0,0.0,0.0,0.0,0.0,0.0
4,3,0.0625,0.0,0.0,0.875,0.0625,0.0,0.0,0.0,0.0,0.0,0.0
4,3,0.0625,0.0,0.0,0.875,0.0625,0.0,0.0,0.0,0.0,0.0,0.0
4,3,0.0625,0.0,0.0,0.875,0.0625,0.0,0.0,0.0,0.0,0.0,0.0
4,3,0.0625,0.0,0.0,0.875,0.0625,0.0,0.0,0.0,0.0,0.0,0.0
4,3,0.0625,0.0,0.0,0.875,0.0625,0.0,0.0,0.0,0.0,0.0,0.0
4,3,0.0625,0.0,0.0,0.875,0.0625,0.0,0.0,0.0,0.0,0.0,0.0
4,3,0.0625,0.0,0.0,0.875,0.0625,0.0,0.0,0.0,0.0,0.0,0.0
4,3,0.0625,0.0,0.0,0.875,0.0625,0.0,0.0,0.0,0.0,0.0,0.0
4,3,0.0625,0.0,0.0,0.875,0.0625,0.0,0.0,0.0,0.0,0.0,0.0
4,3,0.0625,0.0,0.0,0.875,0.0625,0.0,0.0,0.0,0.0,0.0,0.0
4,3,0.0625,0.0,0.0,0.875,0.0625,0.0,0.0,0.0,0.0,0.0,0.0
4,3,0.0625,0.0,0.0,0.875,0.0625,0.0,0.0,0.0,0.0,0.0,0.0
4,3,0.0625,0.0,0.0,0.875,0.0625,0.0,0.0,0.0,0.0,0.0,0.0
4,3,0.0625,0.0,0.0,0.875,0.0625,0.0,0.0,0.0,0.0,0.0,0.0
4,3,0.0625,0.0,0.0,0.875,0.0625,0.0,0.0,0.0,0.0,0.0,0.0
4,3,0.0625,0.0,0.0,0.875,0.0625,0.0,0.0,0.0,0.0,0.0,0.0
4,3,0.0625,0.0,0.0,0.875,0.0625,0.0,0.0,0.0,0.0,0.0,0.0
4,3,0.0625,0.0,0.0,0.875,0.0625,0.0,0.0,0.0,0.0,0.0,0.0
4,3,0.0625,0.0,0.0,0.875,0.0625,0.0,0.0,0.0,0.0,0.0,0.0
4,3,0.0625,0.0,0.0,0.875,0.0625,0.0,0.0,0.0,0.0,0.0,0.0
4,3,0.0625,0.0,0.0,0.875,0.0625,0.0,0.0,0.0,0.0,0.0,0.0
4,3,0.0625,0.0,0.0,0.875,0.0625,0.0,0.0,0.0,0.0,0.0,0.0
4,3,0.0625,0.0,0.0,0.875,0.0625,0.0,0.0,0.0,0.0,0.0,0.0
4,3,0.0625,0.0,0.0,0.875,0.0625,0.0,0.0,0.0,0.0,0.0,0.0
4,3,0.0625,0.0,0.0,0.875,0.0625,0.0,0.0,0.0,0.0,0.0,0.0
4,3,0.0625,0.0,0.0,0.875,0.0625,0.0,0.0,0.0,0.0,0.0,0.0
4,3,0.0625,0.0,0.0,0.875,0.0625,0.0,0.0,0.0,0.0,0.0,0.0
4,3,0.0625,0.0,0.0,0.875,0.0625,0.0,0.0,0.0,0.0,0.0,0.0
4,3,0.0625,0.0,0.0,0.875,0.0625,0.0,0.0,0.0,0.0,0.0,0.0
4,3,0.0625,0.0,0.0,0.875,0.0625,0.0,0.0,0.0,0.0,0.0,0.0
4,3,0.0625,0.0,0.0,0.875,0.0625,0.0,0.0,0.0,0.0,0.0,0.0
4,3,0.0625,0.0,0.0,0.875,0.0625,0.0,0.0,0.0,0.0,0.0,0.0
4,3,0.0625,0.0,0.0,0.875,0.0625,0.0,0.0,0.0,0.0,0.0,0.0
4,3,0.0625,0.0,0.0,0.875,0.0625,0.0,0.0,0.0,0.0,0.0,0.0
4,3,0.0625,0.0,0.0,0.875,0.0625,0.0,0.0,0.0,0.0,0.0,0.0
4,3,0.0625,0.0,0.0,0.875,0.0625,0.0,0.0,0.0,0.0,0.0,0.0
4,3,0.0625,0.0,0.0,0.875,0.0625,0.0,0.0,0.0,0.0,0.0,0.0
4,3,0.0625,0.0,0.0,0.875,0.0625,0.0,0.0,0.0,0.0,0.0,0.0
4,3,0.0625,0.0,0.0,0.875,0.0625,0.0,0.0,0.0,0.0,0.0,0.0
4,3,0.0625,0.0,0.0,0.875,0.0625,0.0,0.0,0.0,0.0,0.0,0.0
4,3,0.0625,0.0,0.0,0.875,0.0625,0.0,0.0,0.0,0.0,0.0,0.0
4,3,0.0625,0.0,0.0,0.875,0.0625,0.0,0.0,0.0,0.0,0.0,0.0
4,3,0.0625,0.0,0.0,0.875,0.0625,0.0,0.0,0.0,0.0,0.0,0.0
4,3,0.0625,0.0,0.0,0.875,0.0625,0.0,0.0,0.0,0.0,0.0,0.0
4,3,0.0625,0.0,0.0,0.875,0.0625,0.0,0.0,0.0,0.0,0.0,0.0
4,3,0.0625,0.0,0.0,0.875,0.0625,0.0,0.0,0.0,0.0,0.0,0.0
4,3,0.0625,0.0,0.0,0.875,0.0625,0.0,0.0,0.0,0.0,0.0,0.0
4,3,0.0625,0.0,0.0,0.875,0.0625,0.0,0.0,0.0,0.0,0.0,0.0
4,3,0.0625,0.0,0.0,0.875,0.0625,0.0,0.0,0.0,0.0,0.0,0.0
4,3,0.0625,0.0,0.0,0.875,0.0625,0.0,0.0,0.0,0.0,0.0,0.0
4,3,0.0625,0.0,0.0,0.875,0.0625,0.0,0.0,0.0,0.0,0.0,0.0
4,3,0.0625,0.0,0.0,0.875,0.0625,0.0,0.0,0.0,0.0,0.0,0.0
4,3,0.0625,0.0,0.0,0.875,0.0625,0.0,0.0,0.0,0.0,0.0,0.0
4,3,0.0625,0.0,0.0,0.875,0.0625,0.0,0.0,0.0,0.0,0.0,0.0
4,3,0.0625,0.0,0.0,0.875,0.0625,0.0,0.0,0.0,0.0,0.0,0.0
4,3,0.0625,0.0,0.0,0.875,0.0625,0.0,0.0,0.0,0.0,0.0,0.0
4,3,0.0625,0.0,0.0,0.875,0.0625,0.0,0.0,0.0,0.0,0.0,0.0
4,3,0.0625,0.0,0.0,0.875,0.0625,0.0,0.0,0.0,0.0,0.0,0.0
4,3,0.0625,0.0,0.0,0.875,0.0625,0.0,0.0,0.0,0.0,0.0,0.0
4,3,0.0625,0.0,0.0,0.875,0.0625,0.0,0.0,0.0,0.0,0.0,0.0
4,3,0.0625,0.0,0.0,0.875,0.0625,0.0,0.0,0.0,0.0,0.0,0.0
4,3,0.0625,0.0,0.0,0.875,0.0625,0.0,0.0,0.0,0.0,0.0,0.0
4,3,0.0625,0.0,0.0,0.875,0.0625,0.0,0.0,0.0,0.0,0.0,0.0
4,3,0.0625,0.0,0.0,0.875,0.0625,0.0,0.0,0.0,0.0,0.0,0.0
4,3,0.0625,0.0,0.0,0.875,0.0625,0.0,0.0,0.0,0.0,0.0,0.0
4,3,0.0625,0.0,0.0,0.875,0.0625,0.0,0.0,0.0,0.0,0.0,0.0
4,3,0.0625,0.0,0.0,0.875,0.0625,0.0,0.0,0.0,0.0,0.0,0.0
4,3,0.0625,0.0,0.0,0.875,0.0625,0.0,0.0,0.0,0.0,0.0,0.0
4,3,0.0625,0.0,0.0,0.875,0.0625,0.0,0.0,0.0,0.0,0.0,0.0
4,3,0.0625,0.0,0.0,0.875,0.0625,0.0,0.0,0.0,0.0,0.0,0.0
4,3,0.0625,0.0,0.0,0.875,0.0625,0.0,0.0,0.0,0.0,0.0,0.0
4,3,0.0625,0.0625,0.0,0.8125,0.0625,0.0,0.0,0.0,0.0,0.0,0.0
4,3,0.0625,0.0625,0.0,0.8125,0.0625,0.0,0.0,0.0,0.0,0.0,0.0
4,3,0.0625,0.0625,0.0,0.8125,0.0625,0.0,0.0,0.0,0.0,0.0,0.0
4,3,0.0625,0.0625,0.0,0.8125,0.0625,0.0,0.0,0.0,0.0,0.0,0.0
4,3,0.0625,0.0625,0.0,0.8125,0.0625,0.0,0.0,0.0,0.0,0.0,0.0
4,3,0.0625,0.0625,0.0,0.8125,0.0625,0.0,0.0,0.0,0.0,0.0,0.0
4,3,0.0625,0.0625,0.0,0.8125,0.0625,0.0,0.0,0.0,0.0,0.0,0.0
4,3,0.0625,0.0625,0.0,0.8125,0.0625,0.0,0.0,0.0,0.0,0.0,0.0
4,3,0.0625,0.0625,0.0,0.8125,0.0625,0.0,0.0,0.0,0.0,0.0,0.0
4,3,0.0625,0.0625,0.0,0.8125,0.0625,0.0,0.0,0.0,0.0,0.0,0.0
4,3,0.0625,0.0625,0.0,0.8125,0.0625,0.0,0.0,0.0,0.0,0.0,0.0
4,3,0.0625,0.0625,0.0,0.8125,0.0625,0.0,0.0,0.0,0.0,0.0,0.0
4,3,0.0625,0.0625,0.0,0.8125,0.0625,0.0,0.0,0.0,0.0,0.0,0.0
4,3,0.0625,0.0625,0.0,0.8125,0.0625,0.0,0.0,0.0,0.0,0.0,0.0
4,3,0.0625,0.0625,0.0,0.8125,0.0625,0.0,0.0,0.0,0.0,0.0,0.0
4,3,0.0625,0.0625,0.0,0.8125,0.0625,0.0,0.0,0.0,0.0,0.0,0.0
4,3,0.0625,0.0625,0.0,0.8125,0.0625,0.0,0.0,0.0,0.0,0.0,0.0
4,3,0.0625,0.0625,0.0,0.8125,0.0625,0.0,0.0,0.0,0.0,0.0,0.0
4,3,0.0625,0.0625,0.0,0.8125,0.0625,0.0,0.0,0.0,0.0,0.0,0.0
4,3,0.0625,0.0625,0.0,0.8125,0.0625,0.0,0.0,0.0,0.0,0.0,0.0
4,3,0.0625,0.0625,0.0,0.8125,0.0625,0.0,0.0,0.0,0.0,0.0,0.0
4,3,0.0625,0.0625,0.0,0.8125,0.0625,0.0,0.0,0.0,0.0,0.0,0.0
4,3,0.0625,0.0625,0.0,0.8125,0.0625,0.0,0.0,0.0,0.0,0.0,0.0
4,3,0.0625,0.0625,0.0,0.8125,0.0625,0.0,0.0,0.0,0.0,0.0,0.0
4,3,0.0625,0.0625,0.0,0.8125,0.0625,0.0,0.0,0.0,0.0,0.0,0.0
4,3,0.0625,0.0625,0.0,0.8125,0.0625,0.0,0.0,0.0,0.0,0.0,0.0
4,3,0.0625,0.0625,0.0,0.8125,0.0625,0.0,0.0,0.0,0.0,0.0,0.0
4,3,0.0625,0.0625,0.0,0.8125,0.0625,0.0,0.0,0.0,0.0,0.0,0.0
4,3,0.0625,0.0625,0.0,0.8125,0.0625,0.0,0.0,0.0,0.0,0.0,0.0
4,3,0.0625,0.0625,0.0,0.8125,0.0625,0.0,0.0,0.0,0.0,0.0,0.0
4,3,0.0625,0.0625,0.0,0.8125,0.0625,0.0,0.0,0.0,0.0,0.0,0.0
4,3,0.0625,0.0625,0.0,0.8125,0.0625,0.0,0.0,0.0,0.0,0.0,0.0
4,3,0.0625,0.0625,0.0,0.8125,0.0625,0.0,0.0,0.0,0.0,0.0,0.0
4,3,0.0625,0.0625,0.0,0.8125,0.0625,0.0,0.0,0.0,0.0,0.0,0.0
4,3,0.0625,0.0625,0.0,0.8125,0.0625,0.0,0.0,0.0,0.0,0.0,0.0
4,3,0.0625,0.0625,0.0,0.8125,0.0625,0.0,0.0,0.0,0.0,0.0,0.0
4,3,0.0625,0.0625,0.0,0.8125,0.0625,0.0,0.0,0.0,0.0,0.0,0.0
4,3,0.0625,0.0625,0.0,0.8125,0.0625,0.0,0.0,0.0,0.0,0.0,0.0
4,3,0.0625,0.0625,0.0,0.8125,0.0625,0.0,0.0,0.0,0.0,0.0,0.0
4,3,0.0625,0.0625,0.0,0.8125,0.0625,0.0,0.0,0.0,0.0,0.0,0.0
4,3,0.0625,0.0625,0.0,0.8125,0.0625,0.0,0.0,0.0,0.0,0.0,0.0
4,3,0.0625,0.0625,0.0,0.8125,0.0625,0.0,0.0,0.0,0.0,0.0,0.0
4,3,0.0625,0.0625,0.0,0.8125,0.0625,0.0,0.0,0.0,0.0,0.0,0.0
4,3,0.0625,0.0625,0.0,0.8125,0.0625,0.0,0.0,0.0,0.0,0.0,0.0
4,3,0.0625,0.0625,0.0,0.8125,0.0625,0.0,0.0,0.0,0.0,0.0,0.0
4,3,0.0625,0.0625,0.0,0.8125,0.0625,0.0,0.0,0.0,0.0,0.0,0.0
4,3,0.0625,0.0625,0.0,0.8125,0.0625,0.0,0.0,0.0,0.0,0.0,0.0
4,3,0.0625,0.0625,0.0,0.8125,0.0625,0.0,0.0,0.0,0.0,0.0,0.0
4,3,0.0625,0.0625,0.0,0.8125,0.0625,0.0,0.0,0.0,0.0,0.0,0.0
4,3,0.0625,0.0625,0.0,0.8125,0.0625,0.0,0.0,0.0,0.0,0.0,0.0
4,3,0.0625,0.0625,0.0,0.8125,0.0625,0.0,0.0,0.0,0.0,0.0,0.0
4,3,0.0625,0.0625,0.0,0.8125,0.0625,0.0,0.0,0.0,0.0,0.0,0.0
4,3,0.0625,0.0625,0.0,0.75,0.125,0.0,0.0,0.0,0.0,0.0,0.0
4,3,0.0625,0.0625,0.0,0.75,0.125,0.0,0.0,0.0,0.0,0.0,0.0
4,3,0.0625,0.0625,0.0,0.75,0.125,0.0,0.0,0.0,0.0,0.0,0.0
4,3,0.0625,0.0625,0.0,0.75,0.125,0.0,0.0,0.0,0.0,0.0,0.0
4,3,0.0625,0.0625,0.0,0.75,0.125,0.0,0.0,0.0,0.0,0.0,0.0
4,3,0.0625,0.0625,0.0,0.75,0.125,0.0,0.0,0.0,0.0,0.0,0.0
4,3,0.0625,0.0625,0.0,0.75,0.125,0.0,0.0,0.0,0.0,0.0,0.0
4,3,0.0625,0.0625,0.0,0.75,0.125,0.0,0.0,0.0,0.0,0.0,0.0
4,3,0.0625,0.0625,0.0,0.75,0.125,0.0,0.0,0.0,0.0,0.0,0.0
4,3,0.0625,0.0625,0.0,0.75,0.125,0.0,0.0,0.0,0.0,0.0,0.0
4,3,0.0625,0.0625,0.0,0.75,0.125,0.0,0.0,0.0,0.0,0.0,0.0
4,3,0.0625,0.0625,0.0,0.75,0.125,0.0,0.0,0.0,0.0,0.0,0.0
4,3,0.0,0.0625,0.0,0.8125,0.125,0.0,0.0,0.0,0.0,0.0,0.0
4,3,0.0,0.0625,0.0,0.8125,0.125,0.0,0.0,0.0,0.0,0.0,0.0
4,3,0.0,0.0625,0.0,0.8125,0.125,0.0,0.0,0.0,0.0,0.0,0.0
4,3,0.0,0.0625,0.0,0.8125,0.125,0.0,0.0,0.0,0.0,0.0,0.0
4,3,0.0,0.0625,0.0,0.8125,0.125,0.0,0.0,0.0,0.0,0.0,0.0
4,3,0.0,0.0625,0.0,0.8125,0.125,0.0,0.0,0.0,0.0,0.0,0.0
4,3,0.0,0.0625,0.0,0.8125,0.125,0.0,0.0,0.0,0.0,0.0,0.0
4,3,0.0,0.0625,0.0,0.8125,0.125,0.0,0.0,0.0,0.0,0.0,0.0
4,3,0.0,0.0625,0.0,0.8125,0.125,0.0,0.0,0.0,0.0,0.0,0.0
4,3,0.0,0.0625,0.0,0.8125,0.125,0.0,0.0,0.0,0.0,0.0,0.0
4,3,0.0,0.0625,0.0,0.8125,0.125,0.0,0.0,0.0,0.0,0.0,0.0
4,3,0.0,0.0625,0.0,0.8125,0.125,0.0,0.0,0.0,0.0,0.0,0.0
4,3,0.0,0.0625,0.0,0.8125,0.125,0.0,0.0,0.0,0.0,0.0,0.0
4,3,0.0,0.0625,0.0,0.8125,0.125,0.0,0.0,0.0,0.0,0.0,0.0
4,3,0.0,0.0625,0.0,0.8125,0.125,0.0,0.0,0.0,0.0,0.0,0.0
4,3,0.0,0.0625,0.0,0.8125,0.125,0.0,0.0,0.0,0.0,0.0,0.0
4,3,0.0,0.0625,0.0,0.8125,0.125,0.0,0.0,0.0,0.0,0.0,0.0
4,3,0.0,0.0625,0.0,0.8125,0.125,0.0,0.0,0.0,0.0,0.0,0.0
4,3,0.0,0.0625,0.0,0.8125,0.125,0.0,0.0,0.0,0.0,0.0,0.0
4,3,0.0,0.0625,0.0,0.8125,0.125,0.0,0.0,0.0,0.0,0.0,0.0
4,3,0.0,0.0625,0.0,0.8125,0.125,0.0,0.0,0.0,0.0,0.0,0.0
4,3,0.0,0.0625,0.0,0.8125,0.125,0.0,0.0,0.0,0.0,0.0,0.0
4,3,0.0,0.0625,0.0,0.8125,0.125,0.0,0.0,0.0,0.0,0.0,0.0
4,3,0.0,0.0625,0.0,0.8125,0.125,0.0,0.0,0.0,0.0,0.0,0.0
4,3,0.0,0.0625,0.0,0.8125,0.125,0.0,0.0,0.0,0.0,0.0,0.0
4,3,0.0,0.0625,0.0,0.8125,0.125,0.0,0.0,0.0,0.0,0.0,0.0
4,3,0.0,0.0625,0.0,0.8125,0.125,0.0,0.0,0.0,0.0,0.0,0.0
4,3,0.0,0.0625,0.0,0.8125,0.125,0.0,0.0,0.0,0.0,0.0,0.0
4,3,0.0,0.0625,0.0,0.8125,0.125,0.0,0.0,0.0,0.0,0.0,0.0
4,3,0.0,0.0625,0.0,0.8125,0.125,0.0,0.0,0.0,0.0,0.0,0.0
4,3,0.0,0.0625,0.0,0.8125,0.125,0.0,0.0,0.0,0.0,0.0,0.0
4,3,0.0,0.0625,0.0,0.8125,0.125,0.0,0.0,0.0,0.0,0.0,0.0
4,3,0.0,0.0625,0.0,0.8125,0.125,0.0,0.0,0.0,0.0,0.0,0.0
4,3,0.0,0.0625,0.0,0.8125,0.125,0.0,0.0,0.0,0.0,0.0,0.0
4,3,0.0,0.0625,0.0,0.8125,0.125,0.0,0.0,0.0,0.0,0.0,0.0
4,3,0.0,0.0625,0.0,0.8125,0.125,0.0,0.0,0.0,0.0,0.0,0.0
4,3,0.0,0.0625,0.0,0.8125,0.125,0.0,0.0,0.0,0.0,0.0,0.0
4,3,0.0,0.0625,0.0,0.8125,0.125,0.0,0.0,0.0,0.0,0.0,0.0
4,3,0.0,0.0625,0.0,0.8125,0.125,0.0,0.0,0.0,0.0,0.0,0.0
4,3,0.0,0.0625,0.0,0.8125,0.125,0.0,0.0,0.0,0.0,0.0,0.0
4,3,0.0,0.0625,0.0,0.8125,0.125,0.0,0.0,0.0,0.0,0.0,0.0
4,3,0.0,0.0625,0.0,0.8125,0.125,0.0,0.0,0.0,0.0,0.0,0.0
4,3,0.0,0.0625,0.0,0.8125,0.125,0.0,0.0,0.0,0.0,0.0,0.0
4,3,0.0,0.0625,0.0,0.8125,0.125,0.0,0.0,0.0,0.0,0.0,0.0
4,3,0.0,0.0625,0.0,0.8125,0.125,0.0,0.0,0.0,0.0,0.0,0.0
4,3,0.0,0.0625,0.0,0.8125,0.125,0.0,0.0,0.0,0.0,0.0,0.0
4,3,0.0,0.0625,0.0,0.8125,0.125,0.0,0.0,0.0,0.0,0.0,0.0
4,3,0.0,0.0625,0.0,0.8125,0.125,0.0,0.0,0.0,0.0,0.0,0.0
4,3,0.0,0.0625,0.0,0.8125,0.125,0.0,0.0,0.0,0.0,0.0,0.0
4,3,0.0,0.0625,0.0,0.8125,0.125,0.0,0.0,0.0,0.0,0.0,0.0
4,3,0.0,0.0625,0.0,0.8125,0.125,0.0,0.0,0.0,0.0,0.0,0.0
4,3,0.0,0.0625,0.0,0.8125,0.125,0.0,0.0,0.0,0.0,0.0,0.0
4,3,0.0,0.0625,0.0,0.8125,0.125,0.0,0.0,0.0,0.0,0.0,0.0
4,3,0.0,0.0625,0.0,0.8125,0.125,0.0,0.0,0.0,0.0,0.0,0.0
4,3,0.0,0.0625,0.0,0.8125,0.125,0.0,0.0,0.0,0.0,0.0,0.0
4,3,0.0,0.0625,0.0,0.8125,0.125,0.0,0.0,0.0,0.0,0.0,0.0
4,3,0.0,0.0625,0.0,0.8125,0.125,0.0,0.0,0.0,0.0,0.0,0.0
4,3,0.0,0.0625,0.0,0.8125,0.125,0.0,0.0,0.0,0.0,0.0,0.0
4,3,0.0,0.0625,0.0,0.8125,0.125,0.0,0.0,0.0,0.0,0.0,0.0
4,3,0.0,0.0625,0.0,0.8125,0.125,0.0,0.0,0.0,0.0,0.0,0.0
4,3,0.0,0.0625,0.0,0.8125,0.125,0.0,0.0,0.0,0.0,0.0,0.0
4,3,0.0,0.0625,0.0,0.8125,0.125,0.0,0.0,0.0,0.0,0.0,0.0
4,3,0.0,0.0625,0.0,0.8125,0.125,0.0,0.0,0.0,0.0,0.0,0.0
4,3,0.0,0.0625,0.0,0.8125,0.125,0.0,0.0,0.0,0.0,0.0,0.0
4,3,0.0,0.0625,0.0,0.8125,0.125,0.0,0.0,0.0,0.0,0.0,0.0
4,3,0.0,0.0625,0.0,0.8125,0.125,0.0,0.0,0.0,0.0,0.0,0.0
4,3,0.0,0.0625,0.0,0.8125,0.125,0.0,0.0,0.0,0.0,0.0,0.0
4,3,0.0,0.0625,0.0,0.8125,0.125,0.0,0.0,0.0,0.0,0.0,0.0
4,3,0.0,0.0625,0.0,0.8125,0.125,0.0,0.0,0.0,0.0,0.0,0.0
4,3,0.0,0.0625,0.0,0.8125,0.125,0.0,0.0,0.0,0.0,0.0,0.0
4,3,0.0,0.0625,0.0,0.8125,0.125,0.0,0.0,0.0,0.0,0.0,0.0
4,3,0.0,0.0625,0.0,0.8125,0.125,0.0,0.0,0.0,0.0,0.0,0.0
4,3,0.0,0.0625,0.0,0.8125,0.125,0.0,0.0,0.0,0.0,0.0,0.0
4,3,0.0,0.0625,0.0,0.8125,0.125,0.0,0.0,0.0,0.0,0.0,0.0
4,3,0.0,0.0625,0.0,0.8125,0.125,0.0,0.0,0.0,0.0,0.0,0.0
4,3,0.0,0.0625,0.0,0.8125,0.125,0.0,0.0,0.0,0.0,0.0,0.0
4,3,0.0,0.0625,0.0,0.8125,0.125,0.0,0.0,0.0,0.0,0.0,0.0
4,3,0.0,0.0625,0.0,0.8125,0.125,0.0,0.0,0.0,0.0,0.0,0.0
4,3,0.0,0.0625,0.0,0.8125,0.125,0.0,0.0,0.0,0.0,0.0,0.0
4,3,0.0,0.0625,0.0,0.8125,0.125,0.0,0.0,0.0,0.0,0.0,0.0
4,3,0.0,0.0625,0.0,0.8125,0.125,0.0,0.0,0.0,0.0,0.0,0.0
4,3,0.0,0.0625,0.0,0.8125,0.125,0.0,0.0,0.0,0.0,0.0,0.0
4,3,0.0,0.0625,0.0,0.8125,0.125,0.0,0.0,0.0,0.0,0.0,0.0
4,3,0.0,0.0625,0.0,0.8125,0.125,0.0,0.0,0.0,0.0,0.0,0.0
4,3,0.0,0.0625,0.0,0.8125,0.125,0.0,0.0,0.0,0.0,0.0,0.0
4,3,0.0,0.0625,0.0,0.8125,0.125,0.0,0.0,0.0,0.0,0.0,0.0
4,3,0.0,0.0625,0.0,0.8125,0.125,0.0,0.0,0.0,0.0,0.0,0.0
4,3,0.0,0.0625,0.0,0.8125,0.125,0.0,0.0,0.0,0.0,0.0,0.0
4,3,0.0,0.0625,0.0,0.8125,0.125,0.0,0.0,0.0,0.0,0.0,0.0
4,3,0.0,0.0625,0.0,0.8125,0.125,0.0,0.0,0.0,0.0,0.0,0.0
4,3,0.0,0.0625,0.0,0.8125,0.125,0.0,0.0,0.0,0.0,0.0,0.0
4,3,0.0,0.0625,0.0,0.8125,0.125,0.0,0.0,0.0,0.0,0.0,0.0
4,3,0.0,0.0625,0.0,0.8125,0.125,0.0,0.0,0.0,0.0,0.0,0.0
4,3,0.0,0.0625,0.0,0.8125,0.125,0.0,0.0,0.0,0.0,0.0,0.0
4,3,0.0,0.0625,0.0,0.8125,0.125,0.0,0.0,0.0,0.0,0.0,0.0
4,3,0.0,0.0625,0.0,0.8125,0.125,0.0,0.0,0.0,0.0,0.0,0.0
4,3,0.0,0.0625,0.0,0.8125,0.125,0.0,0.0,0.0,0.0,0.0,0.0
4,3,0.0,0.0625,0.0,0.8125,0.125,0.0,0.0,0.0,0.0,0.0,0.0
4,3,0.0,0.0625,0.0,0.8125,0.125,0.0,0.0,0.0,0.0,0.0,0.0
4,3,0.0,0.0625,0.0,0.8125,0.125,0.0,0.0,0.0,0.0,0.0,0.0
4,3,0.0,0.0625,0.0,0.8125,0.125,0.0,0.0,0.0,0.0,0.0,0.0
4,3,0.0,0.0625,0.0,0.8125,0.125,0.0,0.0,0.0,0.0,0.0,0.0
4,3,0.0,0.0625,0.0,0.8125,0.125,0.0,0.0,0.0,0.0,0.0,0.0
4,3,0.0,0.0625,0.0,0.8125,0.125,0.0,0.0,0.0,0.0,0.0,0.0
4,3,0.0,0.0625,0.0,0.8125,0.125,0.0,0.0,0.0,0.0,0.0,0.0
4,3,0.0,0.0625,0.0,0.8125,0.125,0.0,0.0,0.0,0.0,0.0,0.0
4,3,0.0,0.0625,0.0,0.8125,0.125,0.0,0.0,0.0,0.0,0.0,0.0
4,3,0.0,0.0625,0.0,0.8125,0.125,0.0,0.0,0.0,0.0,0.0,0.0
4,3,0.0,0.0625,0.0,0.8125,0.125,0.0,0.0,0.0,0.0,0.0,0.0
4,3,0.0,0.0625,0.0,0.8125,0.125,0.0,0.0,0.0,0.0,0.0,0.0
4,3,0.0,0.0625,0.0,0.8125,0.125,0.0,0.0,0.0,0.0,0.0,0.0
4,3,0.0,0.0625,0.0,0.8125,0.125,0.0,0.0,0.0,0.0,0.0,0.0
4,3,0.0,0.0625,0.0,0.8125,0.125,0.0,0.0,0.0,0.0,0.0,0.0
4,3,0.0,0.0625,0.0,0.8125,0.125,0.0,0.0,0.0,0.0,0.0,0.0
4,3,0.0,0.0625,0.0,0.8125,0.125,0.0,0.0,0.0,0.0,0.0,0.0
4,3,0.0,0.0625,0.0,0.8125,0.125,0.0,0.0,0.0,0.0,0.0,0.0
4,3,0.0,0.0625,0.0,0.8125,0.125,0.0,0.0,0.0,0.0,0.0,0.0
4,3,0.0,0.0625,0.0,0.8125,0.125,0.0,0.0,0.0,0.0,0.0,0.0
4,3,0.0,0.0625,0.0,0.8125,0.125,0.0,0.0,0.0,0.0,0.0,0.0
4,3,0.0,0.0625,0.0,0.8125,0.125,0.0,0.0,0.0,0.0,0.0,0.0
4,3,0.0,0.0625,0.0,0.8125,0.125,0.0,0.0,0.0,0.0,0.0,0.0
4,3,0.0,0.0625,0.0,0.8125,0.125,0.0,0.0,0.0,0.0,0.0,0.0
4,3,0.0,0.0625,0.0,0.8125,0.125,0.0,0.0,0.0,0.0,0.0,0.0
4,3,0.0,0.0625,0.0,0.8125,0.125,0.0,0.0,0.0,0.0,0.0,0.0
4,3,0.0,0.0625,0.0,0.8125,0.125,0.0,0.0,0.0,0.0,0.0,0.0
4,3,0.0,0.0625,0.0,0.8125,0.125,0.0,0.0,0.0,0.0,0.0,0.0
4,3,0.0,0.0625,0.0,0.8125,0.125,0.0,0.0,0.0,0.0,0.0,0.0
4,3,0.0,0.0625,0.0,0.8125,0.125,0.0,0.0,0.0,0.0,0.0,0.0
4,3,0.0,0.0625,0.0,0.8125,0.125,0.0,0.0,0.0,0.0,0.0,0.0
4,3,0.0,0.0625,0.0,0.8125,0.125,0.0,0.0,0.0,0.0,0.0,0.0
4,3,0.0,0.0625,0.0,0.8125,0.125,0.0,0.0,0.0,0.0,0.0,0.0
4,3,0.0,0.0625,0.0,0.8125,0.125,0.0,0.0,0.0,0.0,0.0,0.0
4,3,0.0,0.0625,0.0,0.8125,0.125,0.0,0.0,0.0,0.0,0.0,0.0
4,3,0.0,0.0625,0.0,0.8125,0.125,0.0,0.0,0.0,0.0,0.0,0.0
4,3,0.0,0.0625,0.0,0.8125,0.125,0.0,0.0,0.0,0.0,0.0,0.0
4,3,0.0,0.0625,0.0,0.8125,0.125,0.0,0.0,0.0,0.0,0.0,0.0
4,3,0.0,0.0625,0.0,0.8125,0.125,0.0,0.0,0.0,0.0,0.0,0.0
4,3,0.0,0.0625,0.0,0.8125,0.125,0.0,0.0,0.0,0.0,0.0,0.0
4,3,0.0,0.0625,0.0,0.8125,0.125,0.0,0.0,0.0,0.0,0.0,0.0
4,3,0.0,0.0625,0.0,0.8125,0.125,0.0,0.0,0.0,0.0,0.0,0.0
4,3,0.0,0.0625,0.0,0.8125,0.125,0.0,0.0,0.0,0.0,0.0,0.0
4,3,0.0,0.0625,0.0,0.8125,0.125,0.0,0.0,0.0,0.0,0.0,0.0
4,3,0.0,0.0625,0.0,0.8125,0.125,0.0,0.0,0.0,0.0,0.0,0.0
4,3,0.0,0.0625,0.0,0.8125,0.125,0.0,0.0,0.0,0.0,0.0,0.0
4,3,0.0,0.0625,0.0,0.8125,0.125,0.0,0.0,0.0,0.0,0.0,0.0
4,3,0.0,0.0625,0.0,0.8125,0.125,0.0,0.0,0.0,0.0,0.0,0.0
4,3,0.0,0.0625,0.0,0.8125,0.125,0.0,0.0,0.0,0.0,0.0,0.0
4,3,0.0,0.0625,0.0,0.8125,0.125,0.0,0.0,0.0,0.0,0.0,0.0
4,3,0.0,0.0625,0.0,0.8125,0.125,0.0,0.0,0.0,0.0,0.0,0.0
4,3,0.0,0.0625,0.0,0.8125,0.125,0.0,0.0,0.0,0.0,0.0,0.0
4,3,0.0,0.0625,0.0,0.8125,0.125,0.0,0.0,0.0,0.0,0.0,0.0
4,3,0.0,0.0625,0.0,0.8125,0.125,0.0,0.0,0.0,0.0,0.0,0.0
4,3,0.0,0.0625,0.0,0.8125,0.125,0.0,0.0,0.0,0.0,0.0,0.0
4,3,0.0,0.0625,0.0,0.8125,0.125,0.0,0.0,0.0,0.0,0.0,0.0
4,3,0.0,0.0625,0.0,0.8125,0.125,0.0,0.0,0.0,0.0,0.0,0.0
4,3,0.0,0.0625,0.0,0.8125,0.125,0.0,0.0,0.0,0.0,0.0,0.0
4,3,0.0,0.0625,0.0,0.8125,0.125,0.0,0.0,0.0,0.0,0.0,0.0
4,3,0.0,0.0625,0.0,0.8125,0.125,0.0,0.0,0.0,0.0,0.0,0.0
4,3,0.0,0.0625,0.0,0.8125,0.125,0.0,0.0,0.0,0.0,0.0,0.0
4,3,0.0,0.0625,0.0,0.8125,0.125,0.0,0.0,0.0,0.0,0.0,0.0
4,3,0.0,0.0625,0.0,0.8125,0.125,0.0,0.0,0.0,0.0,0.0,0.0
4,3,0.0,0.0625,0.0,0.8125,0.125,0.0,0.0,0.0,0.0,0.0,0.0
4,3,0.0,0.0625,0.0,0.8125,0.125,0.0,0.0,0.0,0.0,0.0,0.0
4,3,0.0,0.0625,0.0,0.8125,0.125,0.0,0.0,0.0,0.0,0.0,0.0
4,3,0.0,0.0625,0.0,0.8125,0.125,0.0,0.0,0.0,0.0,0.0,0.0
4,3,0.0,0.0625,0.0,0.8125,0.125,0.0,0.0,0.0,0.0,0.0,0.0
4,3,0.0,0.0625,0.0,0.8125,0.125,0.0,0.0,0.0,0.0,0.0,0.0
4,3,0.0,0.0625,0.0,0.8125,0.125,0.0,0.0,0.0,0.0,0.0,0.0
4,3,0.0,0.0625,0.0,0.8125,0.125,0.0,0.0,0.0,0.0,0.0,0.0
4,3,0.0,0.0625,0.0,0.8125,0.125,0.0,0.0,0.0,0.0,0.0,0.0
4,3,0.0,0.0625,0.0,0.8125,0.125,0.0,0.0,0.0,0.0,0.0,0.0
4,3,0.0,0.0625,0.0,0.8125,0.125,0.0,0.0,0.0,0.0,0.0,0.0
4,3,0.0,0.0625,0.0,0.8125,0.125,0.0,0.0,0.0,0.0,0.0,0.0
4,3,0.0,0.0625,0.0,0.8125,0.125,0.0,0.0,0.0,0.0,0.0,0.0
4,3,0.0,0.0625,0.0,0.8125,0.125,0.0,0.0,0.0,0.0,0.0,0.0
4,3,0.0,0.0625,0.0,0.875,0.0625,0.0,0.0,0.0,0.0,0.0,0.0
4,3,0.0,0.0625,0.0,0.875,0.0625,0.0,0.0,0.0,0.0,0.0,0.0
4,3,0.0,0.0625,0.0,0.875,0.0625,0.0,0.0,0.0,0.0,0.0,0.0
4,3,0.0,0.0625,0.0,0.875,0.0625,0.0,0.0,0.0,0.0,0.0,0.0
4,3,0.0,0.0625,0.0,0.875,0.0625,0.0,0.0,0.0,0.0,0.0,0.0
4,3,0.0,0.0,0.0,0.9375,0.0625,0.0,0.0,0.0,0.0,0.0,0.0
4,3,0.0,0.0,0.0,0.9375,0.0625,0.0,0.0,0.0,0.0,0.0,0.0
4,3,0.0,0.0,0.0,0.9375,0.0625,0.0,0.0,0.0,0.0,0.0,0.0
4,3,0.0,0.0,0.0,0.9375,0.0625,0.0,0.0,0.0,0.0,0.0,0.0
4,3,0.0,0.0,0.0,0.9375,0.0625,0.0,0.0,0.0,0.0,0.0,0.0
4,3,0.0,0.0,0.0,0.9375,0.0625,0.0,0.0,0.0,0.0,0.0,0.0
4,3,0.0,0.0,0.0,0.9375,0.0625,0.0,0.0,0.0,0.0,0.0,0.0
4,3,0.0,0.0,0.0,0.9375,0.0625,0.0,0.0,0.0,0.0,0.0,0.0
4,3,0.0,0.0,0.0,0.9375,0.0625,0.0,0.0,0.0,0.0,0.0,0.0
4,3,0.0,0.0,0.0,0.9375,0.0625,0.0,0.0,0.0,0.0,0.0,0.0
4,3,0.0,0.0,0.0,0.9375,0.0625,0.0,0.0,0.0,0.0,0.0,0.0
4,3,0.0,0.0,0.0,0.9375,0.0625,0.0,0.0,0.0,0.0,0.0,0.0
4,3,0.0,0.0,0.0,1.0,0.0,0.0,0.0,0.0,0.0,0.0,0.0
4,3,0.0,0.0,0.0,1.0,0.0,0.0,0.0,0.0,0.0,0.0,0.0
4,3,0.0,0.0,0.0,1.0,0.0,0.0,0.0,0.0,0.0,0.0,0.0
4,3,0.0,0.0,0.0,1.0,0.0,0.0,0.0,0.0,0.0,0.0,0.0
4,3,0.0,0.0,0.0,1.0,0.0,0.0,0.0,0.0,0.0,0.0,0.0
4,3,0.0,0.0,0.0,1.0,0.0,0.0,0.0,0.0,0.0,0.0,0.0
4,3,0.0,0.0,0.0,1.0,0.0,0.0,0.0,0.0,0.0,0.0,0.0
4,3,0.0,0.0,0.0,1.0,0.0,0.0,0.0,0.0,0.0,0.0,0.0
4,3,0.0,0.0,0.0,1.0,0.0,0.0,0.0,0.0,0.0,0.0,0.0
4,3,0.0,0.0,0.0,1.0,0.0,0.0,0.0,0.0,0.0,0.0,0.0
4,3,0.0,0.0,0.0,1.0,0.0,0.0,0.0,0.0,0.0,0.0,0.0
4,3,0.0,0.0,0.0,1.0,0.0,0.0,0.0,0.0,0.0,0.0,0.0
4,3,0.0,0.0,0.0,1.0,0.0,0.0,0.0,0.0,0.0,0.0,0.0
4,3,0.0,0.0,0.0,1.0,0.0,0.0,0.0,0.0,0.0,0.0,0.0
4,3,0.0,0.0,0.0,1.0,0.0,0.0,0.0,0.0,0.0,0.0,0.0
4,3,0.0,0.0,0.0,1.0,0.0,0.0,0.0,0.0,0.0,0.0,0.0
4,3,0.0,0.0,0.0,1.0,0.0,0.0,0.0,0.0,0.0,0.0,0.0
4,3,0.0,0.0,0.0,1.0,0.0,0.0,0.0,0.0,0.0,0.0,0.0
4,3,0.0,0.0,0.0,1.0,0.0,0.0,0.0,0.0,0.0,0.0,0.0
4,3,0.0,0.0,0.0,1.0,0.0,0.0,0.0,0.0,0.0,0.0,0.0
4,3,0.0,0.0,0.0,1.0,0.0,0.0,0.0,0.0,0.0,0.0,0.0
4,3,0.0,0.0,0.0,1.0,0.0,0.0,0.0,0.0,0.0,0.0,0.0
4,3,0.0,0.0,0.0,1.0,0.0,0.0,0.0,0.0,0.0,0.0,0.0
4,3,0.0,0.0,0.0,1.0,0.0,0.0,0.0,0.0,0.0,0.0,0.0
4,3,0.0,0.0,0.0,1.0,0.0,0.0,0.0,0.0,0.0,0.0,0.0
4,3,0.0,0.0,0.0,1.0,0.0,0.0,0.0,0.0,0.0,0.0,0.0
4,3,0.0,0.0,0.0,1.0,0.0,0.0,0.0,0.0,0.0,0.0,0.0
4,3,0.0,0.0,0.0,1.0,0.0,0.0,0.0,0.0,0.0,0.0,0.0
4,3,0.0,0.0,0.0,1.0,0.0,0.0,0.0,0.0,0.0,0.0,0.0
4,3,0.0,0.0,0.0,1.0,0.0,0.0,0.0,0.0,0.0,0.0,0.0
4,3,0.0,0.0,0.0,1.0,0.0,0.0,0.0,0.0,0.0,0.0,0.0
4,3,0.0,0.0,0.0,1.0,0.0,0.0,0.0,0.0,0.0,0.0,0.0
4,3,0.0,0.0,0.0,1.0,0.0,0.0,0.0,0.0,0.0,0.0,0.0
4,3,0.0,0.0,0.0,1.0,0.0,0.0,0.0,0.0,0.0,0.0,0.0
4,3,0.0,0.0,0.0,1.0,0.0,0.0,0.0,0.0,0.0,0.0,0.0
4,3,0.0,0.0,0.0,1.0,0.0,0.0,0.0,0.0,0.0,0.0,0.0
4,3,0.0,0.0,0.0,1.0,0.0,0.0,0.0,0.0,0.0,0.0,0.0
4,3,0.0,0.0,0.0,1.0,0.0,0.0,0.0,0.0,0.0,0.0,0.0
4,3,0.0,0.0,0.0,1.0,0.0,0.0,0.0,0.0,0.0,0.0,0.0
4,3,0.0,0.0,0.0,1.0,0.0,0.0,0.0,0.0,0.0,0.0,0.0
4,3,0.0,0.0,0.0,1.0,0.0,0.0,0.0,0.0,0.0,0.0,0.0
4,3,0.0,0.0,0.0,1.0,0.0,0.0,0.0,0.0,0.0,0.0,0.0
4,3,0.0,0.0,0.0,1.0,0.0,0.0,0.0,0.0,0.0,0.0,0.0
4,3,0.0,0.0,0.0,1.0,0.0,0.0,0.0,0.0,0.0,0.0,0.0
4,3,0.0,0.0,0.0,1.0,0.0,0.0,0.0,0.0,0.0,0.0,0.0
4,3,0.0,0.0,0.0,1.0,0.0,0.0,0.0,0.0,0.0,0.0,0.0
4,3,0.0,0.0,0.0,1.0,0.0,0.0,0.0,0.0,0.0,0.0,0.0
4,3,0.0,0.0,0.0,1.0,0.0,0.0,0.0,0.0,0.0,0.0,0.0
4,3,0.0,0.0,0.0,1.0,0.0,0.0,0.0,0.0,0.0,0.0,0.0
4,3,0.0,0.0,0.0,1.0,0.0,0.0,0.0,0.0,0.0,0.0,0.0
4,3,0.0,0.0,0.0,1.0,0.0,0.0,0.0,0.0,0.0,0.0,0.0
4,3,0.0,0.0,0.0,1.0,0.0,0.0,0.0,0.0,0.0,0.0,0.0
4,3,0.0,0.0,0.0,1.0,0.0,0.0,0.0,0.0,0.0,0.0,0.0
4,3,0.0,0.0,0.0,1.0,0.0,0.0,0.0,0.0,0.0,0.0,0.0
4,3,0.0,0.0,0.0,1.0,0.0,0.0,0.0,0.0,0.0,0.0,0.0
4,3,0.0,0.0,0.0,1.0,0.0,0.0,0.0,0.0,0.0,0.0,0.0
4,3,0.0,0.0,0.0,1.0,0.0,0.0,0.0,0.0,0.0,0.0,0.0
4,3,0.0,0.0,0.0,1.0,0.0,0.0,0.0,0.0,0.0,0.0,0.0
4,3,0.0,0.0,0.0,1.0,0.0,0.0,0.0,0.0,0.0,0.0,0.0
4,3,0.0,0.0,0.0,1.0,0.0,0.0,0.0,0.0,0.0,0.0,0.0
4,3,0.0,0.0,0.0,1.0,0.0,0.0,0.0,0.0,0.0,0.0,0.0
4,3,0.0,0.0,0.0,1.0,0.0,0.0,0.0,0.0,0.0,0.0,0.0
4,3,0.0,0.0,0.0,1.0,0.0,0.0,0.0,0.0,0.0,0.0,0.0
4,3,0.0,0.0,0.0,1.0,0.0,0.0,0.0,0.0,0.0,0.0,0.0
4,3,0.0,0.0,0.0,1.0,0.0,0.0,0.0,0.0,0.0,0.0,0.0
4,3,0.0,0.0,0.0,1.0,0.0,0.0,0.0,0.0,0.0,0.0,0.0
4,3,0.0,0.0,0.0,1.0,0.0,0.0,0.0,0.0,0.0,0.0,0.0
4,3,0.0,0.0,0.0,1.0,0.0,0.0,0.0,0.0,0.0,0.0,0.0
4,3,0.0,0.0,0.0,1.0,0.0,0.0,0.0,0.0,0.0,0.0,0.0
4,3,0.0,0.0,0.0,1.0,0.0,0.0,0.0,0.0,0.0,0.0,0.0
4,3,0.0,0.0,0.0,1.0,0.0,0.0,0.0,0.0,0.0,0.0,0.0
4,3,0.0,0.0,0.0,1.0,0.0,0.0,0.0,0.0,0.0,0.0,0.0
4,3,0.0,0.0,0.0,1.0,0.0,0.0,0.0,0.0,0.0,0.0,0.0
4,3,0.0,0.0,0.0,1.0,0.0,0.0,0.0,0.0,0.0,0.0,0.0
4,3,0.0,0.0,0.0,1.0,0.0,0.0,0.0,0.0,0.0,0.0,0.0
4,3,0.0,0.0,0.0,1.0,0.0,0.0,0.0,0.0,0.0,0.0,0.0
4,3,0.0,0.0,0.0,1.0,0.0,0.0,0.0,0.0,0.0,0.0,0.0
4,3,0.0,0.0,0.0,1.0,0.0,0.0,0.0,0.0,0.0,0.0,0.0
4,3,0.0,0.0,0.0,1.0,0.0,0.0,0.0,0.0,0.0,0.0,0.0
4,3,0.0,0.0,0.0,1.0,0.0,0.0,0.0,0.0,0.0,0.0,0.0
4,3,0.0,0.0,0.0,1.0,0.0,0.0,0.0,0.0,0.0,0.0,0.0
4,3,0.0,0.0,0.0,1.0,0.0,0.0,0.0,0.0,0.0,0.0,0.0
4,3,0.0,0.0,0.0,1.0,0.0,0.0,0.0,0.0,0.0,0.0,0.0
4,3,0.0,0.0,0.0,1.0,0.0,0.0,0.0,0.0,0.0,0.0,0.0
4,3,0.0,0.0,0.0,1.0,0.0,0.0,0.0,0.0,0.0,0.0,0.0
4,3,0.0,0.0,0.0,1.0,0.0,0.0,0.0,0.0,0.0,0.0,0.0
4,3,0.0,0.0,0.0,1.0,0.0,0.0,0.0,0.0,0.0,0.0,0.0
4,3,0.0,0.0,0.0,1.0,0.0,0.0,0.0,0.0,0.0,0.0,0.0
4,3,0.0,0.0,0.0,1.0,0.0,0.0,0.0,0.0,0.0,0.0,0.0
4,3,0.0,0.0,0.0,1.0,0.0,0.0,0.0,0.0,0.0,0.0,0.0
4,3,0.0,0.0,0.0,1.0,0.0,0.0,0.0,0.0,0.0,0.0,0.0
4,3,0.0,0.0,0.0,1.0,0.0,0.0,0.0,0.0,0.0,0.0,0.0
4,3,0.0,0.0,0.0,1.0,0.0,0.0,0.0,0.0,0.0,0.0,0.0
4,3,0.0,0.0,0.0,1.0,0.0,0.0,0.0,0.0,0.0,0.0,0.0
4,3,0.0,0.0,0.0,1.0,0.0,0.0,0.0,0.0,0.0,0.0,0.0
4,3,0.0,0.0,0.0,1.0,0.0,0.0,0.0,0.0,0.0,0.0,0.0
4,3,0.0,0.0,0.0,1.0,0.0,0.0,0.0,0.0,0.0,0.0,0.0
4,3,0.0,0.0,0.0,1.0,0.0,0.0,0.0,0.0,0.0,0.0,0.0
4,3,0.0,0.0,0.0,1.0,0.0,0.0,0.0,0.0,0.0,0.0,0.0
4,3,0.0,0.0,0.0,1.0,0.0,0.0,0.0,0.0,0.0,0.0,0.0
4,3,0.0,0.0,0.0,1.0,0.0,0.0,0.0,0.0,0.0,0.0,0.0
4,3,0.0,0.0,0.0,1.0,0.0,0.0,0.0,0.0,0.0,0.0,0.0
4,3,0.0,0.0,0.0,1.0,0.0,0.0,0.0,0.0,0.0,0.0,0.0
4,3,0.0,0.0,0.0,1.0,0.0,0.0,0.0,0.0,0.0,0.0,0.0
4,3,0.0,0.0,0.0,1.0,0.0,0.0,0.0,0.0,0.0,0.0,0.0
4,3,0.0,0.0,0.0,1.0,0.0,0.0,0.0,0.0,0.0,0.0,0.0
4,3,0.0,0.0,0.0,1.0,0.0,0.0,0.0,0.0,0.0,0.0,0.0
4,3,0.0,0.0,0.0,1.0,0.0,0.0,0.0,0.0,0.0,0.0,0.0
4,3,0.0,0.0,0.0,1.0,0.0,0.0,0.0,0.0,0.0,0.0,0.0
4,3,0.0,0.0,0.0,1.0,0.0,0.0,0.0,0.0,0.0,0.0,0.0
4,3,0.0,0.0,0.0,1.0,0.0,0.0,0.0,0.0,0.0,0.0,0.0
4,3,0.0,0.0,0.0,1.0,0.0,0.0,0.0,0.0,0.0,0.0,0.0
4,3,0.0,0.0,0.0,1.0,0.0,0.0,0.0,0.0,0.0,0.0,0.0
4,3,0.0,0.0,0.0,1.0,0.0,0.0,0.0,0.0,0.0,0.0,0.0
4,3,0.0,0.0,0.0,1.0,0.0,0.0,0.0,0.0,0.0,0.0,0.0
4,3,0.0,0.0,0.0,1.0,0.0,0.0,0.0,0.0,0.0,0.0,0.0
4,3,0.0,0.0,0.0,1.0,0.0,0.0,0.0,0.0,0.0,0.0,0.0
4,3,0.0,0.0,0.0,1.0,0.0,0.0,0.0,0.0,0.0,0.0,0.0
4,3,0.0,0.0,0.0,1.0,0.0,0.0,0.0,0.0,0.0,0.0,0.0
4,3,0.0,0.0,0.0,1.0,0.0,0.0,0.0,0.0,0.0,0.0,0.0
4,3,0.0,0.0,0.0,1.0,0.0,0.0,0.0,0.0,0.0,0.0,0.0
4,3,0.0,0.0,0.0,1.0,0.0,0.0,0.0,0.0,0.0,0.0,0.0
4,3,0.0,0.0,0.0,1.0,0.0,0.0,0.0,0.0,0.0,0.0,0.0
4,3,0.0,0.0,0.0,1.0,0.0,0.0,0.0,0.0,0.0,0.0,0.0
4,3,0.0,0.0,0.0,1.0,0.0,0.0,0.0,0.0,0.0,0.0,0.0
4,3,0.0,0.0,0.0,1.0,0.0,0.0,0.0,0.0,0.0,0.0,0.0
4,3,0.0,0.0,0.0,1.0,0.0,0.0,0.0,0.0,0.0,0.0,0.0
4,3,0.0,0.0,0.0,1.0,0.0,0.0,0.0,0.0,0.0,0.0,0.0
4,3,0.0,0.0,0.0,1.0,0.0,0.0,0.0,0.0,0.0,0.0,0.0
4,3,0.0,0.0,0.0,1.0,0.0,0.0,0.0,0.0,0.0,0.0,0.0
4,3,0.0,0.0,0.0,1.0,0.0,0.0,0.0,0.0,0.0,0.0,0.0
4,3,0.0,0.0,0.0,1.0,0.0,0.0,0.0,0.0,0.0,0.0,0.0
4,3,0.0,0.0,0.0,1.0,0.0,0.0,0.0,0.0,0.0,0.0,0.0
4,3,0.0,0.0,0.0,1.0,0.0,0.0,0.0,0.0,0.0,0.0,0.0
4,3,0.0,0.0,0.0,1.0,0.0,0.0,0.0,0.0,0.0,0.0,0.0
4,3,0.0,0.0,0.0,1.0,0.0,0.0,0.0,0.0,0.0,0.0,0.0
4,3,0.0,0.0,0.0,1.0,0.0,0.0,0.0,0.0,0.0,0.0,0.0
4,3,0.0,0.0,0.0,1.0,0.0,0.0,0.0,0.0,0.0,0.0,0.0
4,3,0.0,0.0,0.0,1.0,0.0,0.0,0.0,0.0,0.0,0.0,0.0
4,3,0.0,0.0,0.0,1.0,0.0,0.0,0.0,0.0,0.0,0.0,0.0
4,3,0.0,0.0,0.0,1.0,0.0,0.0,0.0,0.0,0.0,0.0,0.0
4,3,0.0,0.0,0.0,1.0,0.0,0.0,0.0,0.0,0.0,0.0,0.0
4,3,0.0,0.0,0.0,1.0,0.0,0.0,0.0,0.0,0.0,0.0,0.0
4,3,0.0,0.0,0.0,1.0,0.0,0.0,0.0,0.0,0.0,0.0,0.0
4,3,0.0,0.0,0.0,1.0,0.0,0.0,0.0,0.0,0.0,0.0,0.0
4,3,0.0,0.0,0.0,1.0,0.0,0.0,0.0,0.0,0.0,0.0,0.0
4,3,0.0,0.0,0.0,1.0,0.0,0.0,0.0,0.0,0.0,0.0,0.0
4,3,0.0,0.0,0.0,1.0,0.0,0.0,0.0,0.0,0.0,0.0,0.0
4,3,0.0,0.0,0.0,1.0,0.0,0.0,0.0,0.0,0.0,0.0,0.0
4,3,0.0,0.0,0.0,1.0,0.0,0.0,0.0,0.0,0.0,0.0,0.0
4,3,0.0,0.0,0.0,1.0,0.0,0.0,0.0,0.0,0.0,0.0,0.0
4,3,0.0,0.0,0.0,1.0,0.0,0.0,0.0,0.0,0.0,0.0,0.0
4,3,0.0,0.0,0.0,1.0,0.0,0.0,0.0,0.0,0.0,0.0,0.0
4,3,0.0,0.0,0.0,1.0,0.0,0.0,0.0,0.0,0.0,0.0,0.0
4,3,0.0,0.0,0.0,1.0,0.0,0.0,0.0,0.0,0.0,0.0,0.0
4,3,0.0,0.0,0.0,1.0,0.0,0.0,0.0,0.0,0.0,0.0,0.0
4,3,0.0,0.0,0.0,1.0,0.0,0.0,0.0,0.0,0.0,0.0,0.0
4,3,0.0,0.0,0.0,1.0,0.0,0.0,0.0,0.0,0.0,0.0,0.0
4,3,0.0,0.0,0.0,1.0,0.0,0.0,0.0,0.0,0.0,0.0,0.0
4,3,0.0,0.0,0.0,1.0,0.0,0.0,0.0,0.0,0.0,0.0,0.0
4,3,0.0,0.0,0.0,1.0,0.0,0.0,0.0,0.0,0.0,0.0,0.0
4,3,0.0,0.0,0.0,1.0,0.0,0.0,0.0,0.0,0.0,0.0,0.0
4,3,0.0,0.0,0.0,1.0,0.0,0.0,0.0,0.0,0.0,0.0,0.0
4,3,0.0,0.0,0.0,1.0,0.0,0.0,0.0,0.0,0.0,0.0,0.0
4,3,0.0,0.0,0.0,1.0,0.0,0.0,0.0,0.0,0.0,0.0,0.0
4,3,0.0,0.0,0.0,1.0,0.0,0.0,0.0,0.0,0.0,0.0,0.0
4,3,0.0,0.0,0.0,1.0,0.0,0.0,0.0,0.0,0.0,0.0,0.0
4,3,0.0,0.0,0.0,1.0,0.0,0.0,0.0,0.0,0.0,0.0,0.0
4,3,0.0,0.0,0.0,1.0,0.0,0.0,0.0,0.0,0.0,0.0,0.0
4,3,0.0,0.0,0.0,1.0,0.0,0.0,0.0,0.0,0.0,0.0,0.0
4,3,0.0,0.0,0.0,1.0,0.0,0.0,0.0,0.0,0.0,0.0,0.0
4,3,0.0,0.0,0.0,1.0,0.0,0.0,0.0,0.0,0.0,0.0,0.0
4,3,0.0,0.0,0.0,1.0,0.0,0.0,0.0,0.0,0.0,0.0,0.0
4,3,0.0,0.0,0.0,1.0,0.0,0.0,0.0,0.0,0.0,0.0,0.0
4,3,0.0,0.0,0.0,1.0,0.0,0.0,0.0,0.0,0.0,0.0,0.0
4,3,0.0,0.0,0.0,1.0,0.0,0.0,0.0,0.0,0.0,0.0,0.0
4,3,0.0,0.0,0.0,1.0,0.0,0.0,0.0,0.0,0.0,0.0,0.0
4,3,0.0,0.0,0.0,1.0,0.0,0.0,0.0,0.0,0.0,0.0,0.0
4,3,0.0,0.0,0.0,1.0,0.0,0.0,0.0,0.0,0.0,0.0,0.0
4,3,0.0,0.0,0.0,1.0,0.0,0.0,0.0,0.0,0.0,0.0,0.0
4,3,0.0,0.0,0.0,1.0,0.0,0.0,0.0,0.0,0.0,0.0,0.0
4,3,0.0,0.0,0.0,1.0,0.0,0.0,0.0,0.0,0.0,0.0,0.0
4,3,0.0,0.0,0.0,1.0,0.0,0.0,0.0,0.0,0.0,0.0,0.0
4,3,0.0,0.0,0.0,1.0,0.0,0.0,0.0,0.0,0.0,0.0,0.0
4,3,0.0,0.0,0.0,1.0,0.0,0.0,0.0,0.0,0.0,0.0,0.0
4,3,0.0,0.0,0.0,1.0,0.0,0.0,0.0,0.0,0.0,0.0,0.0
4,3,0.0,0.0,0.0,1.0,0.0,0.0,0.0,0.0,0.0,0.0,0.0
4,3,0.0,0.0,0.0,1.0,0.0,0.0,0.0,0.0,0.0,0.0,0.0
4,3,0.0,0.0,0.0,1.0,0.0,0.0,0.0,0.0,0.0,0.0,0.0
4,3,0.0,0.0,0.0,1.0,0.0,0.0,0.0,0.0,0.0,0.0,0.0
4,3,0.0,0.0,0.0,1.0,0.0,0.0,0.0,0.0,0.0,0.0,0.0
4,3,0.0,0.0,0.0,1.0,0.0,0.0,0.0,0.0,0.0,0.0,0.0
4,3,0.0,0.0,0.0,1.0,0.0,0.0,0.0,0.0,0.0,0.0,0.0
4,3,0.0,0.0,0.0,1.0,0.0,0.0,0.0,0.0,0.0,0.0,0.0
4,3,0.0,0.0,0.0,1.0,0.0,0.0,0.0,0.0,0.0,0.0,0.0
4,3,0.0,0.0,0.0,1.0,0.0,0.0,0.0,0.0,0.0,0.0,0.0
4,3,0.0,0.0,0.0,1.0,0.0,0.0,0.0,0.0,0.0,0.0,0.0
4,3,0.0,0.0,0.0,1.0,0.0,0.0,0.0,0.0,0.0,0.0,0.0
4,3,0.0,0.0,0.0,1.0,0.0,0.0,0.0,0.0,0.0,0.0,0.0
4,3,0.0,0.0,0.0,1.0,0.0,0.0,0.0,0.0,0.0,0.0,0.0
4,3,0.0,0.0,0.0,1.0,0.0,0.0,0.0,0.0,0.0,0.0,0.0
4,3,0.0,0.0,0.0,1.0,0.0,0.0,0.0,0.0,0.0,0.0,0.0
4,3,0.0,0.0,0.0,1.0,0.0,0.0,0.0,0.0,0.0,0.0,0.0
4,3,0.0,0.0,0.0,1.0,0.0,0.0,0.0,0.0,0.0,0.0,0.0
4,3,0.0,0.0,0.0,1.0,0.0,0.0,0.0,0.0,0.0,0.0,0.0
4,3,0.0,0.0,0.0,1.0,0.0,0.0,0.0,0.0,0.0,0.0,0.0
4,3,0.0,0.0,0.0,1.0,0.0,0.0,0.0,0.0,0.0,0.0,0.0
4,3,0.0,0.0,0.0,1.0,0.0,0.0,0.0,0.0,0.0,0.0,0.0
4,3,0.0,0.0,0.0,1.0,0.0,0.0,0.0,0.0,0.0,0.0,0.0
4,3,0.0,0.0,0.0,1.0,0.0,0.0,0.0,0.0,0.0,0.0,0.0
4,3,0.0,0.0,0.0,1.0,0.0,0.0,0.0,0.0,0.0,0.0,0.0
4,3,0.0,0.0,0.0,1.0,0.0,0.0,0.0,0.0,0.0,0.0,0.0
4,3,0.0,0.0,0.0,1.0,0.0,0.0,0.0,0.0,0.0,0.0,0.0
4,3,0.0,0.0,0.0,1.0,0.0,0.0,0.0,0.0,0.0,0.0,0.0
4,3,0.0,0.0,0.0,1.0,0.0,0.0,0.0,0.0,0.0,0.0,0.0
4,3,0.0,0.0,0.0,1.0,0.0,0.0,0.0,0.0,0.0,0.0,0.0
4,3,0.0,0.0,0.0,1.0,0.0,0.0,0.0,0.0,0.0,0.0,0.0
4,3,0.0,0.0,0.0,1.0,0.0,0.0,0.0,0.0,0.0,0.0,0.0
4,3,0.0,0.0,0.0,1.0,0.0,0.0,0.0,0.0,0.0,0.0,0.0
4,3,0.0,0.0,0.0,1.0,0.0,0.0,0.0,0.0,0.0,0.0,0.0
4,3,0.0,0.0,0.0,1.0,0.0,0.0,0.0,0.0,0.0,0.0,0.0
4,3,0.0,0.0,0.0,1.0,0.0,0.0,0.0,0.0,0.0,0.0,0.0
4,3,0.0,0.0,0.0,1.0,0.0,0.0,0.0,0.0,0.0,0.0,0.0
4,3,0.0,0.0,0.0,1.0,0.0,0.0,0.0,0.0,0.0,0.0,0.0
4,3,0.0,0.0,0.0,1.0,0.0,0.0,0.0,0.0,0.0,0.0,0.0
4,3,0.0,0.0,0.0,1.0,0.0,0.0,0.0,0.0,0.0,0.0,0.0
4,3,0.0,0.0,0.0,1.0,0.0,0.0,0.0,0.0,0.0,0.0,0.0
4,3,0.0,0.0,0.0,1.0,0.0,0.0,0.0,0.0,0.0,0.0,0.0
4,3,0.0,0.0,0.0,1.0,0.0,0.0,0.0,0.0,0.0,0.0,0.0
4,3,0.0,0.0,0.0,1.0,0.0,0.0,0.0,0.0,0.0,0.0,0.0
4,3,0.0,0.0,0.0,1.0,0.0,0.0,0.0,0.0,0.0,0.0,0.0
4,3,0.0,0.0,0.0,1.0,0.0,0.0,0.0,0.0,0.0,0.0,0.0
4,3,0.0,0.0,0.0,1.0,0.0,0.0,0.0,0.0,0.0,0.0,0.0
4,3,0.0,0.0,0.0,1.0,0.0,0.0,0.0,0.0,0.0,0.0,0.0
4,3,0.0,0.0,0.0,1.0,0.0,0.0,0.0,0.0,0.0,0.0,0.0
4,3,0.0,0.0,0.0,1.0,0.0,0.0,0.0,0.0,0.0,0.0,0.0
4,3,0.0,0.0,0.0,1.0,0.0,0.0,0.0,0.0,0.0,0.0,0.0
4,3,0.0,0.0,0.0,1.0,0.0,0.0,0.0,0.0,0.0,0.0,0.0
4,3,0.0,0.0,0.0,1.0,0.0,0.0,0.0,0.0,0.0,0.0,0.0
4,3,0.0,0.0,0.0,1.0,0.0,0.0,0.0,0.0,0.0,0.0,0.0
4,3,0.0,0.0,0.0,1.0,0.0,0.0,0.0,0.0,0.0,0.0,0.0
4,3,0.0,0.0,0.0,1.0,0.0,0.0,0.0,0.0,0.0,0.0,0.0
4,3,0.0,0.0,0.0,1.0,0.0,0.0,0.0,0.0,0.0,0.0,0.0
4,3,0.0,0.0,0.0,1.0,0.0,0.0,0.0,0.0,0.0,0.0,0.0
4,3,0.0,0.0,0.0,1.0,0.0,0.0,0.0,0.0,0.0,0.0,0.0
4,3,0.0,0.0,0.0,1.0,0.0,0.0,0.0,0.0,0.0,0.0,0.0
4,3,0.0,0.0,0.0,1.0,0.0,0.0,0.0,0.0,0.0,0.0,0.0
4,3,0.0,0.0,0.0,1.0,0.0,0.0,0.0,0.0,0.0,0.0,0.0
4,3,0.0,0.0,0.0,1.0,0.0,0.0,0.0,0.0,0.0,0.0,0.0
4,3,0.0,0.0,0.0,1.0,0.0,0.0,0.0,0.0,0.0,0.0,0.0
4,3,0.0,0.0,0.0,1.0,0.0,0.0,0.0,0.0,0.0,0.0,0.0
4,3,0.0,0.0,0.0,1.0,0.0,0.0,0.0,0.0,0.0,0.0,0.0
4,3,0.0,0.0,0.0,1.0,0.0,0.0,0.0,0.0,0.0,0.0,0.0
4,3,0.0,0.0,0.0,1.0,0.0,0.0,0.0,0.0,0.0,0.0,0.0
4,3,0.0,0.0,0.0,1.0,0.0,0.0,0.0,0.0,0.0,0.0,0.0
4,3,0.0,0.0,0.0,1.0,0.0,0.0,0.0,0.0,0.0,0.0,0.0
4,3,0.0,0.0,0.0,1.0,0.0,0.0,0.0,0.0,0.0,0.0,0.0
4,3,0.0,0.0,0.0,1.0,0.0,0.0,0.0,0.0,0.0,0.0,0.0
4,3,0.0,0.0,0.0,1.0,0.0,0.0,0.0,0.0,0.0,0.0,0.0
4,3,0.0,0.0,0.0,1.0,0.0,0.0,0.0,0.0,0.0,0.0,0.0
4,3,0.0,0.0,0.0,1.0,0.0,0.0,0.0,0.0,0.0,0.0,0.0
4,3,0.0,0.0,0.0,1.0,0.0,0.0,0.0,0.0,0.0,0.0,0.0
4,3,0.0,0.0,0.0,1.0,0.0,0.0,0.0,0.0,0.0,0.0,0.0
4,3,0.0,0.0,0.0,1.0,0.0,0.0,0.0,0.0,0.0,0.0,0.0
4,3,0.0,0.0,0.0,1.0,0.0,0.0,0.0,0.0,0.0,0.0,0.0
4,3,0.0,0.0,0.0,1.0,0.0,0.0,0.0,0.0,0.0,0.0,0.0
4,3,0.0,0.0,0.0,1.0,0.0,0.0,0.0,0.0,0.0,0.0,0.0
4,3,0.0,0.0,0.0,1.0,0.0,0.0,0.0,0.0,0.0,0.0,0.0
4,3,0.0,0.0,0.0,1.0,0.0,0.0,0.0,0.0,0.0,0.0,0.0
4,3,0.0,0.0,0.0,1.0,0.0,0.0,0.0,0.0,0.0,0.0,0.0
4,3,0.0,0.0,0.0,1.0,0.0,0.0,0.0,0.0,0.0,0.0,0.0
4,3,0.0,0.0,0.0,1.0,0.0,0.0,0.0,0.0,0.0,0.0,0.0
4,3,0.0,0.0,0.0,1.0,0.0,0.0,0.0,0.0,0.0,0.0,0.0
4,3,0.0,0.0,0.0,1.0,0.0,0.0,0.0,0.0,0.0,0.0,0.0
4,3,0.0,0.0,0.0,1.0,0.0,0.0,0.0,0.0,0.0,0.0,0.0
4,3,0.0,0.0,0.0,1.0,0.0,0.0,0.0,0.0,0.0,0.0,0.0
4,3,0.0,0.0,0.0,1.0,0.0,0.0,0.0,0.0,0.0,0.0,0.0
4,3,0.0,0.0,0.0,1.0,0.0,0.0,0.0,0.0,0.0,0.0,0.0
4,3,0.0,0.0,0.0,1.0,0.0,0.0,0.0,0.0,0.0,0.0,0.0
4,3,0.0,0.0,0.0,1.0,0.0,0.0,0.0,0.0,0.0,0.0,0.0
4,3,0.0,0.0,0.0,1.0,0.0,0.0,0.0,0.0,0.0,0.0,0.0
4,3,0.0,0.0,0.0,1.0,0.0,0.0,0.0,0.0,0.0,0.0,0.0
4,3,0.0,0.0,0.0,1.0,0.0,0.0,0.0,0.0,0.0,0.0,0.0
4,3,0.0,0.0,0.0,1.0,0.0,0.0,0.0,0.0,0.0,0.0,0.0
4,3,0.0,0.0,0.0,1.0,0.0,0.0,0.0,0.0,0.0,0.0,0.0
4,3,0.0,0.0,0.0,1.0,0.0,0.0,0.0,0.0,0.0,0.0,0.0
4,3,0.0,0.0,0.0,1.0,0.0,0.0,0.0,0.0,0.0,0.0,0.0
4,3,0.0,0.0,0.0,1.0,0.0,0.0,0.0,0.0,0.0,0.0,0.0
4,3,0.0,0.0,0.0,1.0,0.0,0.0,0.0,0.0,0.0,0.0,0.0
4,3,0.0,0.0,0.0,1.0,0.0,0.0,0.0,0.0,0.0,0.0,0.0
4,3,0.0,0.0,0.0,1.0,0.0,0.0,0.0,0.0,0.0,0.0,0.0
4,3,0.0,0.0,0.0,1.0,0.0,0.0,0.0,0.0,0.0,0.0,0.0
4,3,0.0,0.0,0.0,1.0,0.0,0.0,0.0,0.0,0.0,0.0,0.0
4,3,0.0,0.0,0.0,1.0,0.0,0.0,0.0,0.0,0.0,0.0,0.0
4,3,0.0,0.0,0.0,1.0,0.0,0.0,0.0,0.0,0.0,0.0,0.0
4,3,0.0,0.0,0.0,1.0,0.0,0.0,0.0,0.0,0.0,0.0,0.0
4,3,0.0,0.0,0.0,1.0,0.0,0.0,0.0,0.0,0.0,0.0,0.0
4,3,0.0,0.0,0.0,1.0,0.0,0.0,0.0,0.0,0.0,0.0,0.0
4,3,0.0,0.0,0.0,1.0,0.0,0.0,0.0,0.0,0.0,0.0,0.0
4,3,0.0,0.0,0.0,1.0,0.0,0.0,0.0,0.0,0.0,0.0,0.0
4,3,0.0,0.0,0.0,1.0,0.0,0.0,0.0,0.0,0.0,0.0,0.0
4,3,0.0,0.0,0.0,1.0,0.0,0.0,0.0,0.0,0.0,0.0,0.0
4,3,0.0,0.0,0.0,1.0,0.0,0.0,0.0,0.0,0.0,0.0,0.0
4,3,0.0,0.0,0.0,1.0,0.0,0.0,0.0,0.0,0.0,0.0,0.0
4,3,0.0,0.0,0.0,1.0,0.0,0.0,0.0,0.0,0.0,0.0,0.0
4,3,0.0,0.0,0.0,1.0,0.0,0.0,0.0,0.0,0.0,0.0,0.0
4,3,0.0,0.0,0.0,1.0,0.0,0.0,0.0,0.0,0.0,0.0,0.0
4,3,0.0,0.0,0.0,1.0,0.0,0.0,0.0,0.0,0.0,0.0,0.0
4,3,0.0,0.0,0.0,1.0,0.0,0.0,0.0,0.0,0.0,0.0,0.0
4,3,0.0,0.0,0.0,1.0,0.0,0.0,0.0,0.0,0.0,0.0,0.0
4,3,0.0,0.0,0.0,1.0,0.0,0.0,0.0,0.0,0.0,0.0,0.0
4,3,0.0,0.0,0.0,1.0,0.0,0.0,0.0,0.0,0.0,0.0,0.0
4,3,0.0,0.0,0.0,1.0,0.0,0.0,0.0,0.0,0.0,0.0,0.0
4,3,0.0,0.0,0.0,1.0,0.0,0.0,0.0,0.0,0.0,0.0,0.0
4,3,0.0,0.0,0.0,1.0,0.0,0.0,0.0,0.0,0.0,0.0,0.0
4,3,0.0,0.0,0.0,1.0,0.0,0.0,0.0,0.0,0.0,0.0,0.0
4,3,0.0,0.0,0.0,1.0,0.0,0.0,0.0,0.0,0.0,0.0,0.0
4,3,0.0,0.0,0.0,1.0,0.0,0.0,0.0,0.0,0.0,0.0,0.0
4,3,0.0,0.0,0.0,1.0,0.0,0.0,0.0,0.0,0.0,0.0,0.0
4,3,0.0,0.0,0.0,1.0,0.0,0.0,0.0,0.0,0.0,0.0,0.0
4,3,0.0625,0.0,0.0,0.9375,0.0,0.0,0.0,0.0,0.0,0.0,0.0
4,3,0.0625,0.0,0.0,0.9375,0.0,0.0,0.0,0.0,0.0,0.0,0.0
4,3,0.0625,0.0,0.0,0.9375,0.0,0.0,0.0,0.0,0.0,0.0,0.0
4,3,0.0625,0.0,0.0,0.9375,0.0,0.0,0.0,0.0,0.0,0.0,0.0
4,3,0.0625,0.0,0.0,0.9375,0.0,0.0,0.0,0.0,0.0,0.0,0.0
4,3,0.0625,0.0,0.0,0.9375,0.0,0.0,0.0,0.0,0.0,0.0,0.0
4,3,0.0625,0.0,0.0,0.9375,0.0,0.0,0.0,0.0,0.0,0.0,0.0
4,3,0.0625,0.0,0.0,0.9375,0.0,0.0,0.0,0.0,0.0,0.0,0.0
4,3,0.0625,0.0,0.0,0.9375,0.0,0.0,0.0,0.0,0.0,0.0,0.0
4,3,0.0625,0.0,0.0,0.9375,0.0,0.0,0.0,0.0,0.0,0.0,0.0
4,3,0.0625,0.0,0.0,0.9375,0.0,0.0,0.0,0.0,0.0,0.0,0.0
4,3,0.0625,0.0,0.0,0.9375,0.0,0.0,0.0,0.0,0.0,0.0,0.0
4,3,0.0625,0.0,0.0,0.9375,0.0,0.0,0.0,0.0,0.0,0.0,0.0
4,3,0.0625,0.0,0.0,0.9375,0.0,0.0,0.0,0.0,0.0,0.0,0.0
4,3,0.0625,0.0,0.0,0.9375,0.0,0.0,0.0,0.0,0.0,0.0,0.0
4,3,0.0625,0.0,0.0,0.9375,0.0,0.0,0.0,0.0,0.0,0.0,0.0
4,3,0.0625,0.0,0.0,0.9375,0.0,0.0,0.0,0.0,0.0,0.0,0.0
4,3,0.0625,0.0,0.0,0.9375,0.0,0.0,0.0,0.0,0.0,0.0,0.0
4,3,0.0625,0.0,0.0,0.9375,0.0,0.0,0.0,0.0,0.0,0.0,0.0
4,3,0.0625,0.0,0.0,0.9375,0.0,0.0,0.0,0.0,0.0,0.0,0.0
4,3,0.0625,0.0,0.0,0.9375,0.0,0.0,0.0,0.0,0.0,0.0,0.0
4,3,0.0625,0.0,0.0,0.9375,0.0,0.0,0.0,0.0,0.0,0.0,0.0
4,3,0.0625,0.0,0.0,0.9375,0.0,0.0,0.0,0.0,0.0,0.0,0.0
4,3,0.0625,0.0,0.0,0.9375,0.0,0.0,0.0,0.0,0.0,0.0,0.0
4,3,0.0625,0.0,0.0,0.9375,0.0,0.0,0.0,0.0,0.0,0.0,0.0
4,3,0.0625,0.0,0.0,0.9375,0.0,0.0,0.0,0.0,0.0,0.0,0.0
4,3,0.0625,0.0,0.0,0.9375,0.0,0.0,0.0,0.0,0.0,0.0,0.0
4,3,0.0625,0.0,0.0,0.9375,0.0,0.0,0.0,0.0,0.0,0.0,0.0
4,3,0.0625,0.0,0.0,0.9375,0.0,0.0,0.0,0.0,0.0,0.0,0.0
4,3,0.0625,0.0,0.0,0.9375,0.0,0.0,0.0,0.0,0.0,0.0,0.0
4,3,0.0625,0.0,0.0,0.9375,0.0,0.0,0.0,0.0,0.0,0.0,0.0
4,3,0.0625,0.0,0.0,0.9375,0.0,0.0,0.0,0.0,0.0,0.0,0.0
4,3,0.0625,0.0,0.0,0.9375,0.0,0.0,0.0,0.0,0.0,0.0,0.0
4,3,0.0625,0.0,0.0,0.9375,0.0,0.0,0.0,0.0,0.0,0.0,0.0
4,3,0.0625,0.0,0.0,0.9375,0.0,0.0,0.0,0.0,0.0,0.0,0.0
4,3,0.0625,0.0,0.0,0.9375,0.0,0.0,0.0,0.0,0.0,0.0,0.0
4,3,0.0625,0.0,0.0,0.9375,0.0,0.0,0.0,0.0,0.0,0.0,0.0
4,3,0.0625,0.0,0.0,0.9375,0.0,0.0,0.0,0.0,0.0,0.0,0.0
4,3,0.0625,0.0,0.0,0.9375,0.0,0.0,0.0,0.0,0.0,0.0,0.0
4,3,0.0625,0.0,0.0,0.9375,0.0,0.0,0.0,0.0,0.0,0.0,0.0
4,3,0.0625,0.0,0.0,0.9375,0.0,0.0,0.0,0.0,0.0,0.0,0.0
4,3,0.0625,0.0,0.0,0.9375,0.0,0.0,0.0,0.0,0.0,0.0,0.0
4,3,0.0625,0.0,0.0,0.9375,0.0,0.0,0.0,0.0,0.0,0.0,0.0
4,3,0.0625,0.0,0.0,0.9375,0.0,0.0,0.0,0.0,0.0,0.0,0.0
4,3,0.0625,0.0,0.0,0.9375,0.0,0.0,0.0,0.0,0.0,0.0,0.0
4,3,0.0625,0.0,0.0,0.9375,0.0,0.0,0.0,0.0,0.0,0.0,0.0
4,3,0.0625,0.0,0.0,0.9375,0.0,0.0,0.0,0.0,0.0,0.0,0.0
4,3,0.0625,0.0,0.0,0.9375,0.0,0.0,0.0,0.0,0.0,0.0,0.0
4,3,0.0625,0.0,0.0,0.9375,0.0,0.0,0.0,0.0,0.0,0.0,0.0
4,3,0.0625,0.0,0.0,0.9375,0.0,0.0,0.0,0.0,0.0,0.0,0.0
4,3,0.0625,0.0,0.0,0.9375,0.0,0.0,0.0,0.0,0.0,0.0,0.0
4,3,0.0625,0.0,0.0,0.9375,0.0,0.0,0.0,0.0,0.0,0.0,0.0
4,3,0.0625,0.0,0.0,0.9375,0.0,0.0,0.0,0.0,0.0,0.0,0.0
4,3,0.0625,0.0,0.0,0.9375,0.0,0.0,0.0,0.0,0.0,0.0,0.0
4,3,0.0625,0.0,0.0,0.9375,0.0,0.0,0.0,0.0,0.0,0.0,0.0
4,3,0.0625,0.0,0.0,0.9375,0.0,0.0,0.0,0.0,0.0,0.0,0.0
4,3,0.0625,0.0,0.0,0.9375,0.0,0.0,0.0,0.0,0.0,0.0,0.0
4,3,0.0625,0.0,0.0,0.9375,0.0,0.0,0.0,0.0,0.0,0.0,0.0
4,3,0.0625,0.0,0.0,0.9375,0.0,0.0,0.0,0.0,0.0,0.0,0.0
4,3,0.0625,0.0,0.0,0.9375,0.0,0.0,0.0,0.0,0.0,0.0,0.0
4,3,0.0625,0.0,0.0,0.9375,0.0,0.0,0.0,0.0,0.0,0.0,0.0
4,3,0.0625,0.0,0.0,0.9375,0.0,0.0,0.0,0.0,0.0,0.0,0.0
4,3,0.0625,0.0,0.0,0.9375,0.0,0.0,0.0,0.0,0.0,0.0,0.0
4,3,0.0625,0.0,0.0,0.9375,0.0,0.0,0.0,0.0,0.0,0.0,0.0
4,3,0.0625,0.0,0.0,0.9375,0.0,0.0,0.0,0.0,0.0,0.0,0.0
4,3,0.0625,0.0,0.0,0.9375,0.0,0.0,0.0,0.0,0.0,0.0,0.0
4,3,0.0625,0.0,0.0,0.9375,0.0,0.0,0.0,0.0,0.0,0.0,0.0
4,3,0.0625,0.0,0.0,0.9375,0.0,0.0,0.0,0.0,0.0,0.0,0.0
4,3,0.0625,0.0,0.0,0.9375,0.0,0.0,0.0,0.0,0.0,0.0,0.0
4,3,0.0625,0.0,0.0,0.9375,0.0,0.0,0.0,0.0,0.0,0.0,0.0
4,3,0.0625,0.0,0.0,0.9375,0.0,0.0,0.0,0.0,0.0,0.0,0.0
4,3,0.0625,0.0,0.0,0.9375,0.0,0.0,0.0,0.0,0.0,0.0,0.0
4,3,0.0625,0.0,0.0,0.9375,0.0,0.0,0.0,0.0,0.0,0.0,0.0
4,3,0.0625,0.0,0.0,0.9375,0.0,0.0,0.0,0.0,0.0,0.0,0.0
4,3,0.0625,0.0,0.0,0.9375,0.0,0.0,0.0,0.0,0.0,0.0,0.0
4,3,0.0625,0.0,0.0,0.9375,0.0,0.0,0.0,0.0,0.0,0.0,0.0
4,3,0.0625,0.0,0.0,0.9375,0.0,0.0,0.0,0.0,0.0,0.0,0.0
4,3,0.0625,0.0,0.0,0.9375,0.0,0.0,0.0,0.0,0.0,0.0,0.0
4,3,0.0625,0.0,0.0,0.9375,0.0,0.0,0.0,0.0,0.0,0.0,0.0
4,3,0.0625,0.0,0.0,0.9375,0.0,0.0,0.0,0.0,0.0,0.0,0.0
4,3,0.0625,0.0,0.0,0.9375,0.0,0.0,0.0,0.0,0.0,0.0,0.0
4,3,0.0625,0.0,0.0,0.9375,0.0,0.0,0.0,0.0,0.0,0.0,0.0
4,3,0.0625,0.0,0.0,0.9375,0.0,0.0,0.0,0.0,0.0,0.0,0.0
4,3,0.0625,0.0,0.0,0.9375,0.0,0.0,0.0,0.0,0.0,0.0,0.0
4,3,0.0625,0.0,0.0,0.9375,0.0,0.0,0.0,0.0,0.0,0.0,0.0
4,3,0.0625,0.0,0.0,0.9375,0.0,0.0,0.0,0.0,0.0,0.0,0.0
4,3,0.0625,0.0,0.0,0.9375,0.0,0.0,0.0,0.0,0.0,0.0,0.0
4,3,0.0625,0.0,0.0,0.9375,0.0,0.0,0.0,0.0,0.0,0.0,0.0
4,3,0.0625,0.0,0.0,0.9375,0.0,0.0,0.0,0.0,0.0,0.0,0.0
4,3,0.0625,0.0,0.0,0.9375,0.0,0.0,0.0,0.0,0.0,0.0,0.0
4,3,0.0625,0.0,0.0,0.9375,0.0,0.0,0.0,0.0,0.0,0.0,0.0
4,3,0.0625,0.0,0.0,0.9375,0.0,0.0,0.0,0.0,0.0,0.0,0.0
4,3,0.0625,0.0,0.0,0.9375,0.0,0.0,0.0,0.0,0.0,0.0,0.0
4,3,0.0625,0.0,0.0,0.9375,0.0,0.0,0.0,0.0,0.0,0.0,0.0
4,3,0.0625,0.0,0.0,0.9375,0.0,0.0,0.0,0.0,0.0,0.0,0.0
4,3,0.0625,0.0,0.0,0.9375,0.0,0.0,0.0,0.0,0.0,0.0,0.0
4,3,0.0625,0.0,0.0,0.9375,0.0,0.0,0.0,0.0,0.0,0.0,0.0
4,3,0.0625,0.0,0.0,0.9375,0.0,0.0,0.0,0.0,0.0,0.0,0.0
4,3,0.0625,0.0,0.0,0.9375,0.0,0.0,0.0,0.0,0.0,0.0,0.0
4,3,0.0625,0.0,0.0,0.9375,0.0,0.0,0.0,0.0,0.0,0.0,0.0
4,3,0.0625,0.0,0.0,0.9375,0.0,0.0,0.0,0.0,0.0,0.0,0.0
4,3,0.0625,0.0,0.0,0.9375,0.0,0.0,0.0,0.0,0.0,0.0,0.0
4,3,0.0625,0.0,0.0,0.9375,0.0,0.0,0.0,0.0,0.0,0.0,0.0
4,3,0.0625,0.0,0.0,0.9375,0.0,0.0,0.0,0.0,0.0,0.0,0.0
4,3,0.0625,0.0,0.0,0.9375,0.0,0.0,0.0,0.0,0.0,0.0,0.0
4,3,0.0625,0.0,0.0,0.9375,0.0,0.0,0.0,0.0,0.0,0.0,0.0
4,3,0.0625,0.0,0.0,0.9375,0.0,0.0,0.0,0.0,0.0,0.0,0.0
4,3,0.0625,0.0,0.0,0.9375,0.0,0.0,0.0,0.0,0.0,0.0,0.0
4,3,0.0625,0.0,0.0,0.9375,0.0,0.0,0.0,0.0,0.0,0.0,0.0
4,3,0.0625,0.0,0.0,0.9375,0.0,0.0,0.0,0.0,0.0,0.0,0.0
4,3,0.0625,0.0,0.0,0.9375,0.0,0.0,0.0,0.0,0.0,0.0,0.0
4,3,0.0625,0.0,0.0,0.9375,0.0,0.0,0.0,0.0,0.0,0.0,0.0
4,3,0.0625,0.0,0.0,0.9375,0.0,0.0,0.0,0.0,0.0,0.0,0.0
4,3,0.0625,0.0,0.0,0.9375,0.0,0.0,0.0,0.0,0.0,0.0,0.0
4,3,0.0625,0.0,0.0,0.9375,0.0,0.0,0.0,0.0,0.0,0.0,0.0
4,3,0.0625,0.0,0.0,0.9375,0.0,0.0,0.0,0.0,0.0,0.0,0.0
4,3,0.0625,0.0,0.0,0.9375,0.0,0.0,0.0,0.0,0.0,0.0,0.0
4,3,0.0625,0.0,0.0,0.9375,0.0,0.0,0.0,0.0,0.0,0.0,0.0
4,3,0.0625,0.0,0.0,0.9375,0.0,0.0,0.0,0.0,0.0,0.0,0.0
4,3,0.0625,0.0,0.0,0.9375,0.0,0.0,0.0,0.0,0.0,0.0,0.0
4,3,0.0625,0.0,0.0,0.9375,0.0,0.0,0.0,0.0,0.0,0.0,0.0
4,3,0.0625,0.0,0.0,0.9375,0.0,0.0,0.0,0.0,0.0,0.0,0.0
4,3,0.0625,0.0,0.0,0.9375,0.0,0.0,0.0,0.0,0.0,0.0,0.0
4,3,0.0625,0.0,0.0,0.9375,0.0,0.0,0.0,0.0,0.0,0.0,0.0
4,3,0.0625,0.0,0.0,0.9375,0.0,0.0,0.0,0.0,0.0,0.0,0.0
4,3,0.0625,0.0,0.0,0.9375,0.0,0.0,0.0,0.0,0.0,0.0,0.0
4,3,0.0625,0.0,0.0,0.9375,0.0,0.0,0.0,0.0,0.0,0.0,0.0
4,3,0.0625,0.0,0.0,0.9375,0.0,0.0,0.0,0.0,0.0,0.0,0.0
4,3,0.0625,0.0,0.0,0.9375,0.0,0.0,0.0,0.0,0.0,0.0,0.0
4,3,0.0625,0.0,0.0,0.9375,0.0,0.0,0.0,0.0,0.0,0.0,0.0
4,3,0.0625,0.0,0.0,0.9375,0.0,0.0,0.0,0.0,0.0,0.0,0.0
4,3,0.0625,0.0,0.0,0.9375,0.0,0.0,0.0,0.0,0.0,0.0,0.0
4,3,0.0625,0.0,0.0,0.9375,0.0,0.0,0.0,0.0,0.0,0.0,0.0
4,3,0.0625,0.0,0.0,0.9375,0.0,0.0,0.0,0.0,0.0,0.0,0.0
4,3,0.0625,0.0,0.0,0.9375,0.0,0.0,0.0,0.0,0.0,0.0,0.0
4,3,0.0625,0.0,0.0,0.9375,0.0,0.0,0.0,0.0,0.0,0.0,0.0
4,3,0.0625,0.0,0.0,0.9375,0.0,0.0,0.0,0.0,0.0,0.0,0.0
4,3,0.0625,0.0,0.0,0.9375,0.0,0.0,0.0,0.0,0.0,0.0,0.0
4,3,0.0625,0.0,0.0,0.9375,0.0,0.0,0.0,0.0,0.0,0.0,0.0
4,3,0.0625,0.0,0.0,0.9375,0.0,0.0,0.0,0.0,0.0,0.0,0.0
4,3,0.0625,0.0,0.0,0.9375,0.0,0.0,0.0,0.0,0.0,0.0,0.0
4,3,0.0625,0.0,0.0,0.9375,0.0,0.0,0.0,0.0,0.0,0.0,0.0
4,3,0.0625,0.0,0.0,0.9375,0.0,0.0,0.0,0.0,0.0,0.0,0.0
4,3,0.0625,0.0,0.0,0.9375,0.0,0.0,0.0,0.0,0.0,0.0,0.0
4,3,0.0625,0.0,0.0,0.9375,0.0,0.0,0.0,0.0,0.0,0.0,0.0
4,3,0.0625,0.0,0.0,0.9375,0.0,0.0,0.0,0.0,0.0,0.0,0.0
4,3,0.0625,0.0,0.0,0.9375,0.0,0.0,0.0,0.0,0.0,0.0,0.0
4,3,0.0625,0.0,0.0,0.9375,0.0,0.0,0.0,0.0,0.0,0.0,0.0
4,3,0.0625,0.0,0.0,0.9375,0.0,0.0,0.0,0.0,0.0,0.0,0.0
4,3,0.0625,0.0,0.0,0.9375,0.0,0.0,0.0,0.0,0.0,0.0,0.0
4,3,0.0625,0.0,0.0,0.9375,0.0,0.0,0.0,0.0,0.0,0.0,0.0
4,3,0.0625,0.0,0.0,0.9375,0.0,0.0,0.0,0.0,0.0,0.0,0.0
4,3,0.0625,0.0,0.0,0.9375,0.0,0.0,0.0,0.0,0.0,0.0,0.0
4,3,0.0625,0.0,0.0,0.9375,0.0,0.0,0.0,0.0,0.0,0.0,0.0
4,3,0.0625,0.0,0.0,0.9375,0.0,0.0,0.0,0.0,0.0,0.0,0.0
4,3,0.0625,0.0,0.0,0.9375,0.0,0.0,0.0,0.0,0.0,0.0,0.0
4,3,0.0625,0.0,0.0,0.9375,0.0,0.0,0.0,0.0,0.0,0.0,0.0
4,3,0.0625,0.0,0.0,0.9375,0.0,0.0,0.0,0.0,0.0,0.0,0.0
4,3,0.0625,0.0,0.0,0.9375,0.0,0.0,0.0,0.0,0.0,0.0,0.0
4,3,0.0625,0.0,0.0,0.9375,0.0,0.0,0.0,0.0,0.0,0.0,0.0
4,3,0.0625,0.0,0.0,0.9375,0.0,0.0,0.0,0.0,0.0,0.0,0.0
4,3,0.0625,0.0,0.0,0.9375,0.0,0.0,0.0,0.0,0.0,0.0,0.0
4,3,0.0625,0.0,0.0,0.9375,0.0,0.0,0.0,0.0,0.0,0.0,0.0
4,3,0.0625,0.0,0.0,0.9375,0.0,0.0,0.0,0.0,0.0,0.0,0.0
4,3,0.0625,0.0,0.0,0.9375,0.0,0.0,0.0,0.0,0.0,0.0,0.0
4,3,0.0625,0.0,0.0,0.9375,0.0,0.0,0.0,0.0,0.0,0.0,0.0
4,3,0.0625,0.0,0.0,0.9375,0.0,0.0,0.0,0.0,0.0,0.0,0.0
4,3,0.0625,0.0,0.0,0.9375,0.0,0.0,0.0,0.0,0.0,0.0,0.0
4,3,0.0625,0.0,0.0,0.9375,0.0,0.0,0.0,0.0,0.0,0.0,0.0
4,3,0.0625,0.0,0.0,0.9375,0.0,0.0,0.0,0.0,0.0,0.0,0.0
4,3,0.0625,0.0,0.0,0.9375,0.0,0.0,0.0,0.0,0.0,0.0,0.0
4,3,0.0625,0.0,0.0,0.9375,0.0,0.0,0.0,0.0,0.0,0.0,0.0
4,3,0.0625,0.0,0.0,0.9375,0.0,0.0,0.0,0.0,0.0,0.0,0.0
4,3,0.0625,0.0,0.0,0.9375,0.0,0.0,0.0,0.0,0.0,0.0,0.0
4,3,0.0625,0.0,0.0,0.9375,0.0,0.0,0.0,0.0,0.0,0.0,0.0
4,3,0.0625,0.0,0.0,0.9375,0.0,0.0,0.0,0.0,0.0,0.0,0.0
4,3,0.0625,0.0,0.0,0.9375,0.0,0.0,0.0,0.0,0.0,0.0,0.0
4,3,0.0625,0.0,0.0,0.9375,0.0,0.0,0.0,0.0,0.0,0.0,0.0
4,3,0.0625,0.0,0.0,0.9375,0.0,0.0,0.0,0.0,0.0,0.0,0.0
4,3,0.0625,0.0,0.0,0.9375,0.0,0.0,0.0,0.0,0.0,0.0,0.0
4,3,0.0625,0.0,0.0,0.9375,0.0,0.0,0.0,0.0,0.0,0.0,0.0
4,3,0.0625,0.0,0.0,0.9375,0.0,0.0,0.0,0.0,0.0,0.0,0.0
4,3,0.0625,0.0,0.0,0.9375,0.0,0.0,0.0,0.0,0.0,0.0,0.0
4,3,0.0625,0.0,0.0,0.9375,0.0,0.0,0.0,0.0,0.0,0.0,0.0
4,3,0.0625,0.0,0.0,0.9375,0.0,0.0,0.0,0.0,0.0,0.0,0.0
4,3,0.0625,0.0,0.0,0.9375,0.0,0.0,0.0,0.0,0.0,0.0,0.0
4,3,0.0625,0.0,0.0,0.9375,0.0,0.0,0.0,0.0,0.0,0.0,0.0
4,3,0.0625,0.0,0.0,0.9375,0.0,0.0,0.0,0.0,0.0,0.0,0.0
4,3,0.0625,0.0,0.0,0.9375,0.0,0.0,0.0,0.0,0.0,0.0,0.0
4,3,0.0625,0.0,0.0,0.9375,0.0,0.0,0.0,0.0,0.0,0.0,0.0
4,3,0.0625,0.0,0.0,0.9375,0.0,0.0,0.0,0.0,0.0,0.0,0.0
4,3,0.0625,0.0,0.0,0.9375,0.0,0.0,0.0,0.0,0.0,0.0,0.0
4,3,0.0625,0.0,0.0,0.9375,0.0,0.0,0.0,0.0,0.0,0.0,0.0
4,3,0.0625,0.0,0.0,0.9375,0.0,0.0,0.0,0.0,0.0,0.0,0.0
4,3,0.0625,0.0,0.0,0.9375,0.0,0.0,0.0,0.0,0.0,0.0,0.0
4,3,0.0625,0.0,0.0,0.9375,0.0,0.0,0.0,0.0,0.0,0.0,0.0
4,3,0.0625,0.0,0.0,0.9375,0.0,0.0,0.0,0.0,0.0,0.0,0.0
4,3,0.0625,0.0,0.0,0.9375,0.0,0.0,0.0,0.0,0.0,0.0,0.0
4,3,0.0625,0.0,0.0,0.9375,0.0,0.0,0.0,0.0,0.0,0.0,0.0
4,3,0.0625,0.0,0.0,0.9375,0.0,0.0,0.0,0.0,0.0,0.0,0.0
4,3,0.0625,0.0,0.0,0.9375,0.0,0.0,0.0,0.0,0.0,0.0,0.0
4,3,0.0625,0.0,0.0,0.9375,0.0,0.0,0.0,0.0,0.0,0.0,0.0
4,3,0.0625,0.0,0.0,0.9375,0.0,0.0,0.0,0.0,0.0,0.0,0.0
4,3,0.0625,0.0,0.0,0.9375,0.0,0.0,0.0,0.0,0.0,0.0,0.0
4,3,0.0625,0.0,0.0,0.9375,0.0,0.0,0.0,0.0,0.0,0.0,0.0
4,3,0.0625,0.0,0.0,0.9375,0.0,0.0,0.0,0.0,0.0,0.0,0.0
4,3,0.0625,0.0,0.0,0.9375,0.0,0.0,0.0,0.0,0.0,0.0,0.0
4,3,0.0625,0.0,0.0,0.9375,0.0,0.0,0.0,0.0,0.0,0.0,0.0
4,3,0.0625,0.0,0.0,0.9375,0.0,0.0,0.0,0.0,0.0,0.0,0.0
4,3,0.0625,0.0,0.0,0.9375,0.0,0.0,0.0,0.0,0.0,0.0,0.0
4,3,0.0625,0.0,0.0,0.9375,0.0,0.0,0.0,0.0,0.0,0.0,0.0
4,3,0.0625,0.0,0.0,0.9375,0.0,0.0,0.0,0.0,0.0,0.0,0.0
4,3,0.0625,0.0,0.0,0.9375,0.0,0.0,0.0,0.0,0.0,0.0,0.0
4,3,0.0625,0.0,0.0,0.9375,0.0,0.0,0.0,0.0,0.0,0.0,0.0
4,3,0.0625,0.0,0.0,0.9375,0.0,0.0,0.0,0.0,0.0,0.0,0.0
4,3,0.0625,0.0,0.0,0.9375,0.0,0.0,0.0,0.0,0.0,0.0,0.0
4,3,0.0625,0.0,0.0,0.9375,0.0,0.0,0.0,0.0,0.0,0.0,0.0
4,3,0.0625,0.0,0.0,0.9375,0.0,0.0,0.0,0.0,0.0,0.0,0.0
4,3,0.0625,0.0,0.0,0.9375,0.0,0.0,0.0,0.0,0.0,0.0,0.0
4,3,0.0625,0.0,0.0,0.9375,0.0,0.0,0.0,0.0,0.0,0.0,0.0
4,3,0.0625,0.0,0.0,0.9375,0.0,0.0,0.0,0.0,0.0,0.0,0.0
4,3,0.0625,0.0,0.0,0.9375,0.0,0.0,0.0,0.0,0.0,0.0,0.0
4,3,0.0625,0.0,0.0,0.9375,0.0,0.0,0.0,0.0,0.0,0.0,0.0
4,3,0.0625,0.0,0.0,0.9375,0.0,0.0,0.0,0.0,0.0,0.0,0.0
4,3,0.0625,0.0,0.0,0.9375,0.0,0.0,0.0,0.0,0.0,0.0,0.0
4,3,0.0625,0.0,0.0,0.9375,0.0,0.0,0.0,0.0,0.0,0.0,0.0
4,3,0.0625,0.0,0.0,0.9375,0.0,0.0,0.0,0.0,0.0,0.0,0.0
4,3,0.0625,0.0,0.0,0.9375,0.0,0.0,0.0,0.0,0.0,0.0,0.0
4,3,0.0625,0.0,0.0,0.9375,0.0,0.0,0.0,0.0,0.0,0.0,0.0
4,3,0.0625,0.0,0.0,0.9375,0.0,0.0,0.0,0.0,0.0,0.0,0.0
4,3,0.0625,0.0,0.0,0.9375,0.0,0.0,0.0,0.0,0.0,0.0,0.0
4,3,0.0625,0.0,0.0,0.9375,0.0,0.0,0.0,0.0,0.0,0.0,0.0
4,3,0.0625,0.0,0.0,0.9375,0.0,0.0,0.0,0.0,0.0,0.0,0.0
4,3,0.0625,0.0,0.0,0.9375,0.0,0.0,0.0,0.0,0.0,0.0,0.0
4,3,0.0625,0.0,0.0,0.9375,0.0,0.0,0.0,0.0,0.0,0.0,0.0
4,3,0.0625,0.0,0.0,0.9375,0.0,0.0,0.0,0.0,0.0,0.0,0.0
4,3,0.0625,0.0,0.0,0.9375,0.0,0.0,0.0,0.0,0.0,0.0,0.0
4,3,0.0625,0.0,0.0,0.9375,0.0,0.0,0.0,0.0,0.0,0.0,0.0
4,3,0.0625,0.0,0.0,0.9375,0.0,0.0,0.0,0.0,0.0,0.0,0.0
4,3,0.0625,0.0,0.0,0.9375,0.0,0.0,0.0,0.0,0.0,0.0,0.0
4,3,0.0625,0.0,0.0,0.9375,0.0,0.0,0.0,0.0,0.0,0.0,0.0
4,3,0.0625,0.0,0.0,0.9375,0.0,0.0,0.0,0.0,0.0,0.0,0.0
4,3,0.0625,0.0,0.0,0.9375,0.0,0.0,0.0,0.0,0.0,0.0,0.0
4,3,0.0625,0.0,0.0,0.9375,0.0,0.0,0.0,0.0,0.0,0.0,0.0
4,3,0.0625,0.0,0.0,0.9375,0.0,0.0,0.0,0.0,0.0,0.0,0.0
4,3,0.0625,0.0,0.0,0.9375,0.0,0.0,0.0,0.0,0.0,0.0,0.0
4,3,0.0625,0.0,0.0,0.9375,0.0,0.0,0.0,0.0,0.0,0.0,0.0
4,3,0.0625,0.0,0.0,0.9375,0.0,0.0,0.0,0.0,0.0,0.0,0.0
4,3,0.0625,0.0,0.0,0.9375,0.0,0.0,0.0,0.0,0.0,0.0,0.0
4,3,0.0625,0.0,0.0,0.9375,0.0,0.0,0.0,0.0,0.0,0.0,0.0
4,3,0.0625,0.0,0.0,0.9375,0.0,0.0,0.0,0.0,0.0,0.0,0.0
4,3,0.0625,0.0,0.0,0.9375,0.0,0.0,0.0,0.0,0.0,0.0,0.0
4,3,0.0625,0.0,0.0,0.9375,0.0,0.0,0.0,0.0,0.0,0.0,0.0
4,3,0.0625,0.0,0.0,0.9375,0.0,0.0,0.0,0.0,0.0,0.0,0.0
4,3,0.0625,0.0,0.0,0.9375,0.0,0.0,0.0,0.0,0.0,0.0,0.0
4,3,0.0625,0.0,0.0,0.9375,0.0,0.0,0.0,0.0,0.0,0.0,0.0
4,3,0.0625,0.0,0.0,0.9375,0.0,0.0,0.0,0.0,0.0,0.0,0.0
4,3,0.0625,0.0,0.0,0.9375,0.0,0.0,0.0,0.0,0.0,0.0,0.0
4,3,0.0625,0.0,0.0,0.9375,0.0,0.0,0.0,0.0,0.0,0.0,0.0
4,3,0.0625,0.0,0.0,0.9375,0.0,0.0,0.0,0.0,0.0,0.0,0.0
4,3,0.0625,0.0,0.0,0.9375,0.0,0.0,0.0,0.0,0.0,0.0,0.0
4,3,0.0625,0.0,0.0,0.9375,0.0,0.0,0.0,0.0,0.0,0.0,0.0
4,3,0.0625,0.0,0.0,0.9375,0.0,0.0,0.0,0.0,0.0,0.0,0.0
4,3,0.0625,0.0,0.0,0.9375,0.0,0.0,0.0,0.0,0.0,0.0,0.0
4,3,0.0625,0.0,0.0,0.9375,0.0,0.0,0.0,0.0,0.0,0.0,0.0
4,3,0.0625,0.0,0.0,0.9375,0.0,0.0,0.0,0.0,0.0,0.0,0.0
4,3,0.0625,0.0,0.0,0.9375,0.0,0.0,0.0,0.0,0.0,0.0,0.0
4,3,0.0625,0.0,0.0,0.9375,0.0,0.0,0.0,0.0,0.0,0.0,0.0
4,3,0.0625,0.0,0.0,0.9375,0.0,0.0,0.0,0.0,0.0,0.0,0.0
4,3,0.0625,0.0,0.0,0.9375,0.0,0.0,0.0,0.0,0.0,0.0,0.0
4,3,0.0625,0.0,0.0,0.9375,0.0,0.0,0.0,0.0,0.0,0.0,0.0
4,3,0.0625,0.0,0.0,0.9375,0.0,0.0,0.0,0.0,0.0,0.0,0.0
4,3,0.0625,0.0,0.0,0.9375,0.0,0.0,0.0,0.0,0.0,0.0,0.0
4,3,0.0625,0.0,0.0,0.9375,0.0,0.0,0.0,0.0,0.0,0.0,0.0
4,3,0.0625,0.0,0.0,0.9375,0.0,0.0,0.0,0.0,0.0,0.0,0.0
4,3,0.0625,0.0,0.0,0.9375,0.0,0.0,0.0,0.0,0.0,0.0,0.0
4,3,0.0625,0.0,0.0,0.9375,0.0,0.0,0.0,0.0,0.0,0.0,0.0
4,3,0.0625,0.0,0.0,0.9375,0.0,0.0,0.0,0.0,0.0,0.0,0.0
4,3,0.0625,0.0,0.0,0.9375,0.0,0.0,0.0,0.0,0.0,0.0,0.0
4,3,0.0625,0.0,0.0,0.9375,0.0,0.0,0.0,0.0,0.0,0.0,0.0
4,3,0.0625,0.0,0.0,0.9375,0.0,0.0,0.0,0.0,0.0,0.0,0.0
4,3,0.0625,0.0,0.0,0.9375,0.0,0.0,0.0,0.0,0.0,0.0,0.0
4,3,0.0625,0.0,0.0,0.9375,0.0,0.0,0.0,0.0,0.0,0.0,0.0
4,3,0.0625,0.0,0.0,0.9375,0.0,0.0,0.0,0.0,0.0,0.0,0.0
4,3,0.0625,0.0,0.0,0.9375,0.0,0.0,0.0,0.0,0.0,0.0,0.0
4,3,0.0625,0.0,0.0,0.9375,0.0,0.0,0.0,0.0,0.0,0.0,0.0
4,3,0.0625,0.0,0.0,0.9375,0.0,0.0,0.0,0.0,0.0,0.0,0.0
4,3,0.0625,0.0,0.0,0.9375,0.0,0.0,0.0,0.0,0.0,0.0,0.0
4,3,0.0625,0.0,0.0,0.9375,0.0,0.0,0.0,0.0,0.0,0.0,0.0
4,3,0.0625,0.0,0.0,0.9375,0.0,0.0,0.0,0.0,0.0,0.0,0.0
4,3,0.0625,0.0,0.0,0.9375,0.0,0.0,0.0,0.0,0.0,0.0,0.0
4,3,0.0625,0.0,0.0,0.9375,0.0,0.0,0.0,0.0,0.0,0.0,0.0
4,3,0.0625,0.0,0.0,0.9375,0.0,0.0,0.0,0.0,0.0,0.0,0.0
4,3,0.0625,0.0,0.0,0.9375,0.0,0.0,0.0,0.0,0.0,0.0,0.0
4,3,0.0625,0.0,0.0,0.9375,0.0,0.0,0.0,0.0,0.0,0.0,0.0
4,3,0.0625,0.0,0.0,0.9375,0.0,0.0,0.0,0.0,0.0,0.0,0.0
4,3,0.0625,0.0,0.0,0.9375,0.0,0.0,0.0,0.0,0.0,0.0,0.0
4,3,0.0625,0.0,0.0,0.9375,0.0,0.0,0.0,0.0,0.0,0.0,0.0
4,3,0.0625,0.0,0.0,0.9375,0.0,0.0,0.0,0.0,0.0,0.0,0.0
4,3,0.0625,0.0,0.0,0.9375,0.0,0.0,0.0,0.0,0.0,0.0,0.0
4,3,0.0625,0.0,0.0,0.9375,0.0,0.0,0.0,0.0,0.0,0.0,0.0
4,3,0.0625,0.0,0.0,0.9375,0.0,0.0,0.0,0.0,0.0,0.0,0.0
4,3,0.0625,0.0,0.0,0.9375,0.0,0.0,0.0,0.0,0.0,0.0,0.0
4,3,0.0625,0.0,0.0,0.9375,0.0,0.0,0.0,0.0,0.0,0.0,0.0
4,3,0.0625,0.0,0.0,0.9375,0.0,0.0,0.0,0.0,0.0,0.0,0.0
4,3,0.0625,0.0,0.0,0.9375,0.0,0.0,0.0,0.0,0.0,0.0,0.0
4,3,0.0625,0.0,0.0,0.9375,0.0,0.0,0.0,0.0,0.0,0.0,0.0
4,3,0.0625,0.0,0.0,0.9375,0.0,0.0,0.0,0.0,0.0,0.0,0.0
4,3,0.0625,0.0,0.0,0.9375,0.0,0.0,0.0,0.0,0.0,0.0,0.0
4,3,0.0625,0.0,0.0,0.9375,0.0,0.0,0.0,0.0,0.0,0.0,0.0
4,3,0.0625,0.0,0.0,0.9375,0.0,0.0,0.0,0.0,0.0,0.0,0.0
4,3,0.0625,0.0,0.0,0.9375,0.0,0.0,0.0,0.0,0.0,0.0,0.0
4,3,0.0625,0.0,0.0,0.9375,0.0,0.0,0.0,0.0,0.0,0.0,0.0
4,3,0.0625,0.0,0.0,0.9375,0.0,0.0,0.0,0.0,0.0,0.0,0.0
4,3,0.0625,0.0,0.0,0.9375,0.0,0.0,0.0,0.0,0.0,0.0,0.0
4,3,0.0625,0.0,0.0,0.9375,0.0,0.0,0.0,0.0,0.0,0.0,0.0
4,3,0.0625,0.0,0.0,0.9375,0.0,0.0,0.0,0.0,0.0,0.0,0.0
4,3,0.0625,0.0,0.0,0.9375,0.0,0.0,0.0,0.0,0.0,0.0,0.0
4,3,0.0625,0.0,0.0,0.9375,0.0,0.0,0.0,0.0,0.0,0.0,0.0
4,3,0.0625,0.0,0.0,0.9375,0.0,0.0,0.0,0.0,0.0,0.0,0.0
4,3,0.0625,0.0,0.0,0.9375,0.0,0.0,0.0,0.0,0.0,0.0,0.0
4,3,0.0625,0.0,0.0,0.9375,0.0,0.0,0.0,0.0,0.0,0.0,0.0
4,3,0.0625,0.0,0.0,0.9375,0.0,0.0,0.0,0.0,0.0,0.0,0.0
4,3,0.0625,0.0,0.0,0.9375,0.0,0.0,0.0,0.0,0.0,0.0,0.0
4,3,0.0625,0.0,0.0,0.9375,0.0,0.0,0.0,0.0,0.0,0.0,0.0
4,3,0.0625,0.0,0.0,0.9375,0.0,0.0,0.0,0.0,0.0,0.0,0.0
4,3,0.0625,0.0,0.0,0.9375,0.0,0.0,0.0,0.0,0.0,0.0,0.0
4,3,0.0625,0.0,0.0,0.9375,0.0,0.0,0.0,0.0,0.0,0.0,0.0
4,3,0.0625,0.0,0.0,0.9375,0.0,0.0,0.0,0.0,0.0,0.0,0.0
4,3,0.0625,0.0,0.0,0.9375,0.0,0.0,0.0,0.0,0.0,0.0,0.0
4,3,0.0625,0.0,0.0,0.9375,0.0,0.0,0.0,0.0,0.0,0.0,0.0
4,3,0.0625,0.0,0.0,0.9375,0.0,0.0,0.0,0.0,0.0,0.0,0.0
4,3,0.0625,0.0,0.0,0.9375,0.0,0.0,0.0,0.0,0.0,0.0,0.0
4,3,0.0625,0.0,0.0,0.9375,0.0,0.0,0.0,0.0,0.0,0.0,0.0
4,3,0.0625,0.0,0.0,0.9375,0.0,0.0,0.0,0.0,0.0,0.0,0.0
4,3,0.0625,0.0,0.0,0.9375,0.0,0.0,0.0,0.0,0.0,0.0,0.0
4,3,0.0625,0.0,0.0,0.9375,0.0,0.0,0.0,0.0,0.0,0.0,0.0
4,3,0.0625,0.0,0.0,0.9375,0.0,0.0,0.0,0.0,0.0,0.0,0.0
4,3,0.0625,0.0,0.0,0.9375,0.0,0.0,0.0,0.0,0.0,0.0,0.0
4,3,0.0625,0.0,0.0,0.9375,0.0,0.0,0.0,0.0,0.0,0.0,0.0
4,3,0.0625,0.0,0.0,0.9375,0.0,0.0,0.0,0.0,0.0,0.0,0.0
4,3,0.0625,0.0,0.0,0.9375,0.0,0.0,0.0,0.0,0.0,0.0,0.0
4,3,0.0625,0.0,0.0,0.9375,0.0,0.0,0.0,0.0,0.0,0.0,0.0
4,3,0.0625,0.0,0.0,0.9375,0.0,0.0,0.0,0.0,0.0,0.0,0.0
4,3,0.0625,0.0,0.0,0.9375,0.0,0.0,0.0,0.0,0.0,0.0,0.0
4,3,0.0625,0.0,0.0,0.9375,0.0,0.0,0.0,0.0,0.0,0.0,0.0
4,3,0.0625,0.0,0.0,0.9375,0.0,0.0,0.0,0.0,0.0,0.0,0.0
4,3,0.0625,0.0,0.0,0.9375,0.0,0.0,0.0,0.0,0.0,0.0,0.0
4,3,0.0625,0.0,0.0,0.9375,0.0,0.0,0.0,0.0,0.0,0.0,0.0
4,3,0.0625,0.0,0.0,0.9375,0.0,0.0,0.0,0.0,0.0,0.0,0.0
4,3,0.0625,0.0,0.0,0.9375,0.0,0.0,0.0,0.0,0.0,0.0,0.0
4,3,0.0625,0.0,0.0,0.9375,0.0,0.0,0.0,0.0,0.0,0.0,0.0
4,3,0.0625,0.0,0.0,0.9375,0.0,0.0,0.0,0.0,0.0,0.0,0.0
4,3,0.0625,0.0,0.0,0.9375,0.0,0.0,0.0,0.0,0.0,0.0,0.0
4,3,0.0625,0.0,0.0,0.9375,0.0,0.0,0.0,0.0,0.0,0.0,0.0
4,3,0.0625,0.0,0.0,0.9375,0.0,0.0,0.0,0.0,0.0,0.0,0.0
4,3,0.0625,0.0,0.0,0.9375,0.0,0.0,0.0,0.0,0.0,0.0,0.0
4,3,0.0625,0.0,0.0,0.9375,0.0,0.0,0.0,0.0,0.0,0.0,0.0
4,3,0.0625,0.0,0.0,0.9375,0.0,0.0,0.0,0.0,0.0,0.0,0.0
4,3,0.0625,0.0,0.0,0.9375,0.0,0.0,0.0,0.0,0.0,0.0,0.0
4,3,0.0625,0.0,0.0,0.9375,0.0,0.0,0.0,0.0,0.0,0.0,0.0
4,3,0.0625,0.0,0.0,0.9375,0.0,0.0,0.0,0.0,0.0,0.0,0.0
4,3,0.0625,0.0,0.0,0.9375,0.0,0.0,0.0,0.0,0.0,0.0,0.0
4,3,0.0625,0.0,0.0,0.9375,0.0,0.0,0.0,0.0,0.0,0.0,0.0
4,3,0.0625,0.0,0.0,0.9375,0.0,0.0,0.0,0.0,0.0,0.0,0.0
4,3,0.0625,0.0,0.0,0.9375,0.0,0.0,0.0,0.0,0.0,0.0,0.0
4,3,0.0625,0.0,0.0,0.9375,0.0,0.0,0.0,0.0,0.0,0.0,0.0
4,3,0.0625,0.0,0.0,0.9375,0.0,0.0,0.0,0.0,0.0,0.0,0.0
4,3,0.0625,0.0,0.0,0.9375,0.0,0.0,0.0,0.0,0.0,0.0,0.0
4,3,0.0625,0.0,0.0,0.9375,0.0,0.0,0.0,0.0,0.0,0.0,0.0
4,3,0.0625,0.0,0.0,0.9375,0.0,0.0,0.0,0.0,0.0,0.0,0.0
4,3,0.0625,0.0,0.0,0.9375,0.0,0.0,0.0,0.0,0.0,0.0,0.0
4,3,0.0625,0.0,0.0,0.9375,0.0,0.0,0.0,0.0,0.0,0.0,0.0
4,3,0.0625,0.0,0.0,0.9375,0.0,0.0,0.0,0.0,0.0,0.0,0.0
4,3,0.0625,0.0,0.0,0.9375,0.0,0.0,0.0,0.0,0.0,0.0,0.0
4,3,0.0625,0.0,0.0,0.9375,0.0,0.0,0.0,0.0,0.0,0.0,0.0
4,3,0.0625,0.0,0.0,0.9375,0.0,0.0,0.0,0.0,0.0,0.0,0.0
4,3,0.0625,0.0,0.0,0.9375,0.0,0.0,0.0,0.0,0.0,0.0,0.0
4,3,0.0625,0.0,0.0,0.9375,0.0,0.0,0.0,0.0,0.0,0.0,0.0
4,3,0.0625,0.0,0.0,0.9375,0.0,0.0,0.0,0.0,0.0,0.0,0.0
4,3,0.0625,0.0,0.0,0.9375,0.0,0.0,0.0,0.0,0.0,0.0,0.0
4,3,0.0625,0.0,0.0,0.9375,0.0,0.0,0.0,0.0,0.0,0.0,0.0
4,3,0.0625,0.0,0.0,0.9375,0.0,0.0,0.0,0.0,0.0,0.0,0.0
4,3,0.0625,0.0,0.0,0.9375,0.0,0.0,0.0,0.0,0.0,0.0,0.0
4,3,0.0,0.0,0.0,1.0,0.0,0.0,0.0,0.0,0.0,0.0,0.0
4,3,0.0,0.0,0.0,1.0,0.0,0.0,0.0,0.0,0.0,0.0,0.0
4,3,0.0,0.0,0.0,1.0,0.0,0.0,0.0,0.0,0.0,0.0,0.0
4,3,0.0,0.0,0.0,1.0,0.0,0.0,0.0,0.0,0.0,0.0,0.0
4,3,0.0,0.0,0.0,1.0,0.0,0.0,0.0,0.0,0.0,0.0,0.0
4,3,0.0,0.0,0.0,1.0,0.0,0.0,0.0,0.0,0.0,0.0,0.0
4,3,0.0,0.0,0.0,1.0,0.0,0.0,0.0,0.0,0.0,0.0,0.0
4,3,0.0,0.0,0.0,1.0,0.0,0.0,0.0,0.0,0.0,0.0,0.0
4,3,0.0,0.0,0.0,1.0,0.0,0.0,0.0,0.0,0.0,0.0,0.0
4,3,0.0,0.0,0.0,1.0,0.0,0.0,0.0,0.0,0.0,0.0,0.0
4,3,0.0,0.0,0.0,1.0,0.0,0.0,0.0,0.0,0.0,0.0,0.0
4,3,0.0,0.0,0.0,1.0,0.0,0.0,0.0,0.0,0.0,0.0,0.0
4,3,0.0,0.0,0.0,1.0,0.0,0.0,0.0,0.0,0.0,0.0,0.0
4,3,0.0,0.0,0.0,1.0,0.0,0.0,0.0,0.0,0.0,0.0,0.0
4,3,0.0,0.0,0.0,1.0,0.0,0.0,0.0,0.0,0.0,0.0,0.0
4,3,0.0,0.0,0.0,1.0,0.0,0.0,0.0,0.0,0.0,0.0,0.0
4,3,0.0,0.0,0.0,1.0,0.0,0.0,0.0,0.0,0.0,0.0,0.0
4,3,0.0,0.0,0.0,1.0,0.0,0.0,0.0,0.0,0.0,0.0,0.0
4,3,0.0,0.0,0.0,1.0,0.0,0.0,0.0,0.0,0.0,0.0,0.0
4,3,0.0,0.0,0.0,1.0,0.0,0.0,0.0,0.0,0.0,0.0,0.0
4,3,0.0,0.0,0.0,1.0,0.0,0.0,0.0,0.0,0.0,0.0,0.0
4,3,0.0,0.0,0.0,1.0,0.0,0.0,0.0,0.0,0.0,0.0,0.0
4,3,0.0,0.0,0.0,1.0,0.0,0.0,0.0,0.0,0.0,0.0,0.0
4,3,0.0,0.0,0.0,1.0,0.0,0.0,0.0,0.0,0.0,0.0,0.0
4,3,0.0,0.0,0.0,1.0,0.0,0.0,0.0,0.0,0.0,0.0,0.0
4,3,0.0,0.0,0.0,1.0,0.0,0.0,0.0,0.0,0.0,0.0,0.0
4,3,0.0,0.0,0.0,1.0,0.0,0.0,0.0,0.0,0.0,0.0,0.0
4,3,0.0,0.0,0.0,1.0,0.0,0.0,0.0,0.0,0.0,0.0,0.0
4,3,0.0,0.0,0.0,1.0,0.0,0.0,0.0,0.0,0.0,0.0,0.0
4,3,0.0,0.0,0.0,1.0,0.0,0.0,0.0,0.0,0.0,0.0,0.0
4,3,0.0,0.0,0.0,1.0,0.0,0.0,0.0,0.0,0.0,0.0,0.0
4,3,0.0,0.0,0.0,1.0,0.0,0.0,0.0,0.0,0.0,0.0,0.0
4,3,0.0,0.0,0.0,1.0,0.0,0.0,0.0,0.0,0.0,0.0,0.0
4,3,0.0,0.0,0.0,1.0,0.0,0.0,0.0,0.0,0.0,0.0,0.0
4,3,0.0,0.0,0.0,1.0,0.0,0.0,0.0,0.0,0.0,0.0,0.0
4,3,0.0,0.0,0.0,1.0,0.0,0.0,0.0,0.0,0.0,0.0,0.0
4,3,0.0,0.0,0.0,1.0,0.0,0.0,0.0,0.0,0.0,0.0,0.0
4,3,0.0,0.0,0.0,1.0,0.0,0.0,0.0,0.0,0.0,0.0,0.0
4,3,0.0,0.0,0.0,1.0,0.0,0.0,0.0,0.0,0.0,0.0,0.0
4,3,0.0,0.0,0.0,1.0,0.0,0.0,0.0,0.0,0.0,0.0,0.0
4,3,0.0,0.0,0.0,1.0,0.0,0.0,0.0,0.0,0.0,0.0,0.0
4,3,0.0,0.0,0.0,1.0,0.0,0.0,0.0,0.0,0.0,0.0,0.0
4,3,0.0,0.0,0.0,1.0,0.0,0.0,0.0,0.0,0.0,0.0,0.0
4,3,0.0,0.0,0.0,1.0,0.0,0.0,0.0,0.0,0.0,0.0,0.0
4,3,0.0,0.0,0.0,1.0,0.0,0.0,0.0,0.0,0.0,0.0,0.0
4,3,0.0,0.0,0.0,1.0,0.0,0.0,0.0,0.0,0.0,0.0,0.0
4,3,0.0,0.0,0.0,1.0,0.0,0.0,0.0,0.0,0.0,0.0,0.0
4,3,0.0,0.0,0.0,1.0,0.0,0.0,0.0,0.0,0.0,0.0,0.0
4,3,0.0,0.0,0.0,1.0,0.0,0.0,0.0,0.0,0.0,0.0,0.0
4,3,0.0,0.0,0.0,1.0,0.0,0.0,0.0,0.0,0.0,0.0,0.0
4,3,0.0,0.0,0.0,1.0,0.0,0.0,0.0,0.0,0.0,0.0,0.0
4,3,0.0,0.0,0.0,1.0,0.0,0.0,0.0,0.0,0.0,0.0,0.0
4,3,0.0,0.0,0.0,1.0,0.0,0.0,0.0,0.0,0.0,0.0,0.0
4,3,0.0,0.0,0.0,1.0,0.0,0.0,0.0,0.0,0.0,0.0,0.0
4,3,0.0,0.0,0.0,1.0,0.0,0.0,0.0,0.0,0.0,0.0,0.0
4,3,0.0,0.0,0.0,1.0,0.0,0.0,0.0,0.0,0.0,0.0,0.0
4,3,0.0,0.0,0.0,1.0,0.0,0.0,0.0,0.0,0.0,0.0,0.0
4,3,0.0,0.0,0.0,1.0,0.0,0.0,0.0,0.0,0.0,0.0,0.0
4,3,0.0,0.0,0.0,1.0,0.0,0.0,0.0,0.0,0.0,0.0,0.0
4,3,0.0,0.0,0.0,1.0,0.0,0.0,0.0,0.0,0.0,0.0,0.0
4,3,0.0,0.0,0.0,1.0,0.0,0.0,0.0,0.0,0.0,0.0,0.0
4,3,0.0,0.0,0.0,1.0,0.0,0.0,0.0,0.0,0.0,0.0,0.0
4,3,0.0,0.0,0.0,1.0,0.0,0.0,0.0,0.0,0.0,0.0,0.0
4,3,0.0,0.0,0.0,1.0,0.0,0.0,0.0,0.0,0.0,0.0,0.0
4,3,0.0,0.0,0.0,1.0,0.0,0.0,0.0,0.0,0.0,0.0,0.0
4,3,0.0,0.0,0.0,1.0,0.0,0.0,0.0,0.0,0.0,0.0,0.0
4,3,0.0,0.0,0.0,1.0,0.0,0.0,0.0,0.0,0.0,0.0,0.0
4,3,0.0,0.0,0.0,1.0,0.0,0.0,0.0,0.0,0.0,0.0,0.0
4,3,0.0,0.0,0.0,1.0,0.0,0.0,0.0,0.0,0.0,0.0,0.0
4,3,0.0,0.0,0.0,1.0,0.0,0.0,0.0,0.0,0.0,0.0,0.0
4,3,0.0,0.0,0.0,1.0,0.0,0.0,0.0,0.0,0.0,0.0,0.0
4,3,0.0,0.0,0.0,1.0,0.0,0.0,0.0,0.0,0.0,0.0,0.0
4,3,0.0,0.0,0.0,1.0,0.0,0.0,0.0,0.0,0.0,0.0,0.0
4,3,0.0,0.0,0.0,1.0,0.0,0.0,0.0,0.0,0.0,0.0,0.0
4,3,0.0,0.0,0.0,1.0,0.0,0.0,0.0,0.0,0.0,0.0,0.0
4,3,0.0,0.0,0.0,1.0,0.0,0.0,0.0,0.0,0.0,0.0,0.0
4,3,0.0,0.0,0.0,1.0,0.0,0.0,0.0,0.0,0.0,0.0,0.0
4,3,0.0,0.0,0.0,1.0,0.0,0.0,0.0,0.0,0.0,0.0,0.0
4,3,0.0,0.0,0.0,1.0,0.0,0.0,0.0,0.0,0.0,0.0,0.0
4,3,0.0,0.0,0.0,1.0,0.0,0.0,0.0,0.0,0.0,0.0,0.0
4,3,0.0,0.0,0.0,1.0,0.0,0.0,0.0,0.0,0.0,0.0,0.0
4,3,0.0,0.0,0.0,1.0,0.0,0.0,0.0,0.0,0.0,0.0,0.0
4,3,0.0,0.0,0.0,1.0,0.0,0.0,0.0,0.0,0.0,0.0,0.0
4,3,0.0,0.0,0.0,1.0,0.0,0.0,0.0,0.0,0.0,0.0,0.0
4,3,0.0,0.0,0.0,1.0,0.0,0.0,0.0,0.0,0.0,0.0,0.0
4,3,0.0,0.0,0.0,1.0,0.0,0.0,0.0,0.0,0.0,0.0,0.0
4,3,0.0,0.0,0.0,1.0,0.0,0.0,0.0,0.0,0.0,0.0,0.0
4,3,0.0,0.0,0.0,1.0,0.0,0.0,0.0,0.0,0.0,0.0,0.0
4,3,0.0,0.0,0.0,1.0,0.0,0.0,0.0,0.0,0.0,0.0,0.0
4,3,0.0,0.0,0.0,1.0,0.0,0.0,0.0,0.0,0.0,0.0,0.0
4,3,0.0,0.0,0.0,1.0,0.0,0.0,0.0,0.0,0.0,0.0,0.0
4,3,0.0,0.0,0.0,1.0,0.0,0.0,0.0,0.0,0.0,0.0,0.0
4,3,0.0,0.0,0.0,1.0,0.0,0.0,0.0,0.0,0.0,0.0,0.0
4,3,0.0,0.0,0.0,1.0,0.0,0.0,0.0,0.0,0.0,0.0,0.0
4,3,0.0,0.0,0.0,1.0,0.0,0.0,0.0,0.0,0.0,0.0,0.0
4,3,0.0,0.0,0.0,1.0,0.0,0.0,0.0,0.0,0.0,0.0,0.0
4,3,0.0,0.0,0.0,1.0,0.0,0.0,0.0,0.0,0.0,0.0,0.0
4,3,0.0,0.0,0.0,1.0,0.0,0.0,0.0,0.0,0.0,0.0,0.0
4,3,0.0,0.0,0.0,1.0,0.0,0.0,0.0,0.0,0.0,0.0,0.0
4,3,0.0,0.0,0.0,1.0,0.0,0.0,0.0,0.0,0.0,0.0,0.0
4,3,0.0,0.0,0.0,1.0,0.0,0.0,0.0,0.0,0.0,0.0,0.0
4,3,0.0,0.0,0.0,1.0,0.0,0.0,0.0,0.0,0.0,0.0,0.0
4,3,0.0,0.0,0.0,1.0,0.0,0.0,0.0,0.0,0.0,0.0,0.0
4,3,0.0,0.0,0.0,1.0,0.0,0.0,0.0,0.0,0.0,0.0,0.0
4,3,0.0,0.0,0.0,1.0,0.0,0.0,0.0,0.0,0.0,0.0,0.0
4,3,0.0,0.0,0.0,1.0,0.0,0.0,0.0,0.0,0.0,0.0,0.0
4,3,0.0,0.0,0.0,1.0,0.0,0.0,0.0,0.0,0.0,0.0,0.0
4,3,0.0,0.0,0.0,1.0,0.0,0.0,0.0,0.0,0.0,0.0,0.0
4,3,0.0,0.0,0.0,1.0,0.0,0.0,0.0,0.0,0.0,0.0,0.0
4,3,0.0,0.0,0.0,1.0,0.0,0.0,0.0,0.0,0.0,0.0,0.0
4,3,0.0,0.0,0.0,1.0,0.0,0.0,0.0,0.0,0.0,0.0,0.0
4,3,0.0,0.0,0.0,1.0,0.0,0.0,0.0,0.0,0.0,0.0,0.0
4,3,0.0,0.0,0.0,0.9375,0.0625,0.0,0.0,0.0,0.0,0.0,0.0
4,3,0.0,0.0,0.0,0.9375,0.0625,0.0,0.0,0.0,0.0,0.0,0.0
4,3,0.0,0.0,0.0,0.9375,0.0625,0.0,0.0,0.0,0.0,0.0,0.0
4,3,0.0,0.0,0.0,0.9375,0.0625,0.0,0.0,0.0,0.0,0.0,0.0
4,3,0.0,0.0,0.0,0.9375,0.0625,0.0,0.0,0.0,0.0,0.0,0.0
4,3,0.0,0.0,0.0,0.9375,0.0625,0.0,0.0,0.0,0.0,0.0,0.0
4,3,0.0,0.0,0.0,0.9375,0.0625,0.0,0.0,0.0,0.0,0.0,0.0
4,3,0.0,0.0,0.0,0.9375,0.0625,0.0,0.0,0.0,0.0,0.0,0.0
4,3,0.0,0.0,0.0,0.9375,0.0625,0.0,0.0,0.0,0.0,0.0,0.0
4,3,0.0,0.0,0.0,0.9375,0.0625,0.0,0.0,0.0,0.0,0.0,0.0
4,3,0.0,0.0,0.0,0.9375,0.0625,0.0,0.0,0.0,0.0,0.0,0.0
4,3,0.0,0.0,0.0,0.9375,0.0625,0.0,0.0,0.0,0.0,0.0,0.0
4,3,0.0,0.0,0.0,0.9375,0.0625,0.0,0.0,0.0,0.0,0.0,0.0
4,3,0.0,0.0,0.0,0.9375,0.0625,0.0,0.0,0.0,0.0,0.0,0.0
4,3,0.0,0.0,0.0,0.9375,0.0625,0.0,0.0,0.0,0.0,0.0,0.0
4,3,0.0,0.0,0.0,0.9375,0.0625,0.0,0.0,0.0,0.0,0.0,0.0
4,3,0.0,0.0,0.0,0.875,0.0625,0.0,0.0,0.0,0.0625,0.0,0.0
4,3,0.0,0.0,0.0,0.875,0.0625,0.0,0.0,0.0,0.0625,0.0,0.0
4,3,0.0,0.0,0.0,0.875,0.0625,0.0,0.0,0.0,0.0625,0.0,0.0
4,3,0.0,0.0,0.0,0.875,0.0625,0.0,0.0,0.0,0.0625,0.0,0.0
4,3,0.0,0.0,0.0,0.875,0.0625,0.0,0.0,0.0,0.0625,0.0,0.0
4,3,0.0,0.0,0.0,0.875,0.0625,0.0,0.0,0.0,0.0625,0.0,0.0
4,3,0.0,0.0,0.0,0.875,0.0625,0.0,0.0,0.0,0.0625,0.0,0.0
4,3,0.0,0.0,0.0,0.875,0.0625,0.0,0.0,0.0,0.0625,0.0,0.0
4,3,0.0,0.0,0.0,0.875,0.0625,0.0,0.0,0.0,0.0625,0.0,0.0
4,3,0.0,0.0,0.0,0.875,0.0625,0.0,0.0,0.0,0.0625,0.0,0.0
4,3,0.0,0.0,0.0,0.875,0.0625,0.0,0.0,0.0,0.0625,0.0,0.0
4,3,0.0,0.0,0.0,0.875,0.0625,0.0,0.0,0.0,0.0625,0.0,0.0
4,3,0.0,0.0,0.0,0.875,0.0625,0.0,0.0,0.0,0.0625,0.0,0.0
4,3,0.0,0.0,0.0,0.875,0.0625,0.0,0.0,0.0,0.0625,0.0,0.0
4,3,0.0,0.0,0.0,0.875,0.0625,0.0,0.0,0.0,0.0625,0.0,0.0
4,3,0.0,0.0,0.0,0.875,0.0625,0.0,0.0,0.0,0.0625,0.0,0.0
4,3,0.0,0.0,0.0,0.875,0.0625,0.0,0.0,0.0,0.0625,0.0,0.0
4,3,0.0,0.0,0.0,0.875,0.0625,0.0,0.0,0.0,0.0625,0.0,0.0
4,3,0.0,0.0,0.0,0.875,0.0625,0.0,0.0,0.0,0.0625,0.0,0.0
4,3,0.0,0.0,0.0,0.875,0.0625,0.0,0.0,0.0,0.0625,0.0,0.0
4,3,0.0,0.0,0.0,0.875,0.0625,0.0,0.0,0.0,0.0625,0.0,0.0
4,3,0.0,0.0,0.0,0.875,0.0625,0.0,0.0,0.0,0.0625,0.0,0.0
4,3,0.0,0.0,0.0,0.875,0.0625,0.0,0.0,0.0,0.0625,0.0,0.0
4,3,0.0,0.0,0.0,0.875,0.0625,0.0,0.0,0.0,0.0625,0.0,0.0
4,3,0.0,0.0,0.0,0.875,0.0625,0.0,0.0,0.0,0.0625,0.0,0.0
4,3,0.0,0.0,0.0,0.875,0.0625,0.0,0.0,0.0,0.0625,0.0,0.0
4,3,0.0,0.0,0.0,0.875,0.0625,0.0,0.0,0.0,0.0625,0.0,0.0
4,3,0.0,0.0,0.0,0.875,0.0625,0.0,0.0,0.0,0.0625,0.0,0.0
4,3,0.0,0.0,0.0,0.875,0.0625,0.0,0.0,0.0,0.0625,0.0,0.0
4,3,0.0,0.0,0.0,0.875,0.0625,0.0,0.0,0.0,0.0625,0.0,0.0
4,3,0.0,0.0,0.0,0.875,0.0625,0.0,0.0,0.0,0.0625,0.0,0.0
4,3,0.0,0.0,0.0,0.875,0.0625,0.0,0.0,0.0,0.0625,0.0,0.0
4,3,0.0,0.0,0.0,0.8125,0.125,0.0,0.0,0.0,0.0625,0.0,0.0
4,3,0.0,0.0,0.0,0.8125,0.125,0.0,0.0,0.0,0.0625,0.0,0.0
4,3,0.0,0.0,0.0,0.8125,0.125,0.0,0.0,0.0,0.0625,0.0,0.0
4,3,0.0,0.0,0.0,0.8125,0.125,0.0,0.0,0.0,0.0625,0.0,0.0
4,3,0.0,0.0,0.0,0.8125,0.125,0.0,0.0,0.0,0.0625,0.0,0.0
4,3,0.0,0.0,0.0,0.75,0.1875,0.0,0.0,0.0,0.0625,0.0,0.0
4,3,0.0,0.0,0.0,0.75,0.1875,0.0,0.0,0.0,0.0625,0.0,0.0
4,3,0.0,0.0,0.0,0.75,0.1875,0.0,0.0,0.0,0.0625,0.0,0.0
4,3,0.0,0.0,0.0,0.75,0.1875,0.0,0.0,0.0,0.0625,0.0,0.0
4,3,0.0,0.0,0.0,0.75,0.1875,0.0,0.0,0.0,0.0625,0.0,0.0
4,3,0.0,0.0,0.0,0.6875,0.25,0.0,0.0,0.0,0.0625,0.0,0.0
4,3,0.0,0.0,0.0,0.6875,0.25,0.0,0.0,0.0,0.0625,0.0,0.0
4,3,0.0,0.0,0.0,0.6875,0.25,0.0,0.0,0.0,0.0625,0.0,0.0
4,3,0.0,0.0,0.0,0.6875,0.25,0.0,0.0,0.0,0.0625,0.0,0.0
4,3,0.0,0.0,0.0,0.6875,0.25,0.0,0.0,0.0,0.0625,0.0,0.0
4,3,0.0,0.0,0.0,0.6875,0.25,0.0,0.0,0.0,0.0625,0.0,0.0
4,3,0.0,0.0,0.0,0.6875,0.25,0.0,0.0,0.0,0.0625,0.0,0.0
4,3,0.0,0.0,0.0,0.6875,0.25,0.0,0.0,0.0,0.0625,0.0,0.0
4,3,0.0,0.0,0.0,0.6875,0.25,0.0,0.0,0.0,0.0625,0.0,0.0
4,3,0.0,0.0,0.0,0.6875,0.25,0.0,0.0,0.0,0.0625,0.0,0.0
4,3,0.0,0.0,0.0,0.6875,0.25,0.0,0.0,0.0,0.0625,0.0,0.0
4,3,0.0,0.0,0.0,0.6875,0.25,0.0,0.0,0.0,0.0625,0.0,0.0
4,3,0.0,0.0,0.0,0.6875,0.25,0.0,0.0,0.0,0.0625,0.0,0.0
4,3,0.0,0.0,0.0,0.6875,0.25,0.0,0.0,0.0,0.0625,0.0,0.0
4,3,0.0,0.0,0.0,0.6875,0.25,0.0,0.0,0.0,0.0625,0.0,0.0
4,3,0.0,0.0,0.0,0.6875,0.25,0.0,0.0,0.0,0.0625,0.0,0.0
4,3,0.0,0.0,0.0,0.6875,0.25,0.0,0.0,0.0,0.0625,0.0,0.0
4,3,0.0,0.0,0.0,0.6875,0.25,0.0,0.0,0.0,0.0625,0.0,0.0
4,3,0.0,0.0,0.0,0.6875,0.25,0.0,0.0,0.0,0.0625,0.0,0.0
4,3,0.0,0.0,0.0,0.6875,0.25,0.0,0.0,0.0,0.0625,0.0,0.0
4,3,0.0,0.0,0.0,0.6875,0.25,0.0,0.0,0.0,0.0625,0.0,0.0
4,3,0.0,0.0,0.0,0.6875,0.25,0.0,0.0,0.0,0.0625,0.0,0.0
4,3,0.0,0.0,0.0,0.6875,0.25,0.0,0.0,0.0,0.0625,0.0,0.0
4,3,0.0,0.0,0.0,0.6875,0.25,0.0,0.0,0.0,0.0625,0.0,0.0
4,3,0.0,0.0,0.0,0.6875,0.25,0.0,0.0,0.0,0.0625,0.0,0.0
4,3,0.0,0.0,0.0,0.6875,0.25,0.0,0.0,0.0,0.0625,0.0,0.0
4,3,0.0,0.0,0.0,0.6875,0.25,0.0,0.0,0.0,0.0625,0.0,0.0
4,3,0.0,0.0,0.0,0.6875,0.25,0.0,0.0,0.0,0.0625,0.0,0.0
4,3,0.0,0.0,0.0,0.6875,0.25,0.0,0.0,0.0,0.0625,0.0,0.0
4,3,0.0,0.0,0.0,0.6875,0.25,0.0,0.0,0.0,0.0625,0.0,0.0
4,3,0.0,0.0,0.0,0.6875,0.25,0.0,0.0,0.0,0.0625,0.0,0.0
4,3,0.0,0.0,0.0,0.6875,0.25,0.0,0.0,0.0,0.0625,0.0,0.0
4,3,0.0,0.0,0.0,0.6875,0.25,0.0,0.0,0.0,0.0625,0.0,0.0
4,3,0.0,0.0,0.0,0.6875,0.25,0.0,0.0,0.0,0.0625,0.0,0.0
4,3,0.0,0.0,0.0,0.6875,0.25,0.0,0.0,0.0,0.0625,0.0,0.0
4,3,0.0,0.0,0.0,0.6875,0.25,0.0,0.0,0.0,0.0625,0.0,0.0
4,3,0.0,0.0,0.0,0.6875,0.25,0.0,0.0,0.0,0.0625,0.0,0.0
4,3,0.0,0.0,0.0,0.6875,0.25,0.0,0.0,0.0,0.0625,0.0,0.0
4,3,0.0,0.0,0.0,0.6875,0.25,0.0,0.0,0.0,0.0625,0.0,0.0
4,3,0.0,0.0,0.0,0.6875,0.25,0.0,0.0,0.0,0.0625,0.0,0.0
4,3,0.0,0.0,0.0,0.6875,0.25,0.0,0.0,0.0,0.0625,0.0,0.0
4,3,0.0,0.0,0.0,0.6875,0.25,0.0,0.0,0.0,0.0625,0.0,0.0
4,3,0.0,0.0,0.0,0.6875,0.25,0.0,0.0,0.0,0.0625,0.0,0.0
4,3,0.0,0.0,0.0,0.6875,0.25,0.0,0.0,0.0,0.0625,0.0,0.0
4,3,0.0,0.0,0.0,0.6875,0.25,0.0,0.0,0.0,0.0625,0.0,0.0
4,3,0.0,0.0,0.0,0.6875,0.25,0.0,0.0,0.0,0.0625,0.0,0.0
4,3,0.0,0.0,0.0,0.6875,0.25,0.0,0.0,0.0,0.0625,0.0,0.0
4,3,0.0,0.0,0.0,0.6875,0.25,0.0,0.0,0.0,0.0625,0.0,0.0
4,3,0.0,0.0,0.0,0.6875,0.25,0.0,0.0,0.0,0.0625,0.0,0.0
4,3,0.0,0.0,0.0,0.6875,0.25,0.0,0.0,0.0,0.0625,0.0,0.0
4,3,0.0,0.0,0.0,0.6875,0.25,0.0,0.0,0.0,0.0625,0.0,0.0
4,3,0.0,0.0,0.0,0.6875,0.25,0.0,0.0,0.0,0.0625,0.0,0.0
4,3,0.0,0.0,0.0,0.6875,0.25,0.0,0.0,0.0,0.0625,0.0,0.0
4,3,0.0,0.0,0.0,0.6875,0.25,0.0,0.0,0.0,0.0625,0.0,0.0
4,3,0.0,0.0,0.0,0.6875,0.25,0.0,0.0,0.0,0.0625,0.0,0.0
4,3,0.0,0.0,0.0,0.6875,0.25,0.0,0.0,0.0,0.0625,0.0,0.0
4,3,0.0,0.0,0.0,0.6875,0.25,0.0,0.0,0.0,0.0625,0.0,0.0
4,3,0.0,0.0,0.0,0.6875,0.25,0.0,0.0,0.0,0.0625,0.0,0.0
4,3,0.0,0.0,0.0,0.6875,0.25,0.0,0.0,0.0,0.0625,0.0,0.0
4,3,0.0,0.0,0.0,0.6875,0.25,0.0,0.0,0.0,0.0625,0.0,0.0
4,3,0.0,0.0,0.0,0.6875,0.25,0.0,0.0,0.0,0.0625,0.0,0.0
4,3,0.0,0.0,0.0,0.6875,0.25,0.0,0.0,0.0,0.0625,0.0,0.0
4,3,0.0,0.0,0.0,0.6875,0.25,0.0,0.0,0.0,0.0625,0.0,0.0
4,3,0.0,0.0,0.0,0.6875,0.25,0.0,0.0,0.0,0.0625,0.0,0.0
4,3,0.0,0.0,0.0,0.6875,0.25,0.0,0.0,0.0,0.0625,0.0,0.0
4,3,0.0,0.0,0.0,0.6875,0.25,0.0,0.0,0.0,0.0625,0.0,0.0
4,3,0.0,0.0,0.0,0.6875,0.25,0.0,0.0,0.0,0.0625,0.0,0.0
4,3,0.0,0.0,0.0,0.6875,0.25,0.0,0.0,0.0,0.0625,0.0,0.0
4,3,0.0,0.0,0.0,0.6875,0.25,0.0,0.0,0.0,0.0625,0.0,0.0
4,3,0.0,0.0,0.0,0.6875,0.25,0.0,0.0,0.0,0.0625,0.0,0.0
4,3,0.0,0.0,0.0,0.6875,0.25,0.0,0.0,0.0,0.0625,0.0,0.0
4,3,0.0,0.0,0.0,0.6875,0.25,0.0,0.0,0.0,0.0625,0.0,0.0
4,3,0.0,0.0,0.0,0.6875,0.25,0.0,0.0,0.0,0.0625,0.0,0.0
4,3,0.0,0.0,0.0,0.6875,0.25,0.0,0.0,0.0,0.0625,0.0,0.0
4,3,0.0,0.0,0.0,0.6875,0.25,0.0,0.0,0.0,0.0625,0.0,0.0
4,3,0.0,0.0,0.0,0.6875,0.25,0.0,0.0,0.0,0.0625,0.0,0.0
4,3,0.0,0.0,0.0,0.6875,0.25,0.0,0.0,0.0,0.0625,0.0,0.0
4,3,0.0,0.0,0.0,0.6875,0.25,0.0,0.0,0.0,0.0625,0.0,0.0
4,3,0.0,0.0,0.0,0.6875,0.25,0.0,0.0,0.0,0.0625,0.0,0.0
4,3,0.0,0.0,0.0,0.6875,0.25,0.0,0.0,0.0,0.0625,0.0,0.0
4,3,0.0,0.0,0.0,0.6875,0.25,0.0,0.0,0.0,0.0625,0.0,0.0
4,3,0.0,0.0,0.0,0.6875,0.25,0.0,0.0,0.0,0.0625,0.0,0.0
4,3,0.0,0.0,0.0,0.6875,0.25,0.0,0.0,0.0,0.0625,0.0,0.0
4,3,0.0,0.0,0.0,0.6875,0.25,0.0,0.0,0.0,0.0625,0.0,0.0
4,3,0.0,0.0,0.0,0.6875,0.25,0.0,0.0,0.0,0.0625,0.0,0.0
4,3,0.0,0.0,0.0,0.6875,0.25,0.0,0.0,0.0,0.0625,0.0,0.0
4,3,0.0,0.0,0.0,0.75,0.25,0.0,0.0,0.0,0.0,0.0,0.0
4,3,0.0,0.0,0.0,0.75,0.25,0.0,0.0,0.0,0.0,0.0,0.0
4,3,0.0,0.0,0.0,0.75,0.25,0.0,0.0,0.0,0.0,0.0,0.0
4,3,0.0,0.0,0.0,0.75,0.25,0.0,0.0,0.0,0.0,0.0,0.0
4,3,0.0,0.0,0.0,0.75,0.25,0.0,0.0,0.0,0.0,0.0,0.0
4,3,0.0,0.0,0.0,0.75,0.25,0.0,0.0,0.0,0.0,0.0,0.0
4,3,0.0,0.0,0.0,0.75,0.25,0.0,0.0,0.0,0.0,0.0,0.0
4,3,0.0,0.0,0.0,0.75,0.25,0.0,0.0,0.0,0.0,0.0,0.0
4,3,0.0,0.0,0.0,0.75,0.25,0.0,0.0,0.0,0.0,0.0,0.0
4,3,0.0,0.0,0.0,0.75,0.25,0.0,0.0,0.0,0.0,0.0,0.0
4,3,0.0,0.0,0.0,0.75,0.25,0.0,0.0,0.0,0.0,0.0,0.0
4,3,0.0,0.0,0.0,0.75,0.25,0.0,0.0,0.0,0.0,0.0,0.0
4,3,0.0,0.0,0.0,0.75,0.25,0.0,0.0,0.0,0.0,0.0,0.0
4,3,0.0,0.0,0.0,0.75,0.25,0.0,0.0,0.0,0.0,0.0,0.0
4,3,0.0,0.0,0.0,0.75,0.25,0.0,0.0,0.0,0.0,0.0,0.0
4,3,0.0,0.0,0.0,0.75,0.25,0.0,0.0,0.0,0.0,0.0,0.0
4,3,0.0,0.0,0.0,0.75,0.25,0.0,0.0,0.0,0.0,0.0,0.0
4,3,0.0,0.0,0.0,0.75,0.25,0.0,0.0,0.0,0.0,0.0,0.0
4,3,0.0,0.0,0.0,0.75,0.25,0.0,0.0,0.0,0.0,0.0,0.0
4,3,0.0,0.0,0.0,0.75,0.25,0.0,0.0,0.0,0.0,0.0,0.0
4,3,0.0,0.0,0.0,0.75,0.25,0.0,0.0,0.0,0.0,0.0,0.0
4,3,0.0,0.0,0.0,0.75,0.25,0.0,0.0,0.0,0.0,0.0,0.0
4,3,0.0,0.0,0.0,0.75,0.25,0.0,0.0,0.0,0.0,0.0,0.0
4,3,0.0,0.0,0.0,0.75,0.25,0.0,0.0,0.0,0.0,0.0,0.0
4,3,0.0,0.0,0.0,0.75,0.25,0.0,0.0,0.0,0.0,0.0,0.0
4,3,0.0,0.0,0.0,0.75,0.25,0.0,0.0,0.0,0.0,0.0,0.0
4,3,0.0,0.0,0.0,0.75,0.25,0.0,0.0,0.0,0.0,0.0,0.0
4,3,0.0,0.0,0.0,0.75,0.25,0.0,0.0,0.0,0.0,0.0,0.0
4,3,0.0,0.0,0.0,0.75,0.25,0.0,0.0,0.0,0.0,0.0,0.0
4,3,0.0,0.0,0.0,0.75,0.25,0.0,0.0,0.0,0.0,0.0,0.0
4,3,0.0,0.0,0.0,0.75,0.25,0.0,0.0,0.0,0.0,0.0,0.0
4,3,0.0,0.0,0.0,0.75,0.25,0.0,0.0,0.0,0.0,0.0,0.0
4,3,0.0,0.0,0.0,0.75,0.25,0.0,0.0,0.0,0.0,0.0,0.0
4,3,0.0,0.0,0.0,0.75,0.25,0.0,0.0,0.0,0.0,0.0,0.0
4,3,0.0,0.0,0.0,0.75,0.25,0.0,0.0,0.0,0.0,0.0,0.0
4,3,0.0,0.0,0.0,0.75,0.25,0.0,0.0,0.0,0.0,0.0,0.0
4,3,0.0,0.0,0.0,0.75,0.25,0.0,0.0,0.0,0.0,0.0,0.0
4,3,0.0,0.0,0.0,0.75,0.25,0.0,0.0,0.0,0.0,0.0,0.0
4,3,0.0,0.0,0.0,0.75,0.25,0.0,0.0,0.0,0.0,0.0,0.0
4,3,0.0,0.0,0.0,0.75,0.25,0.0,0.0,0.0,0.0,0.0,0.0
4,3,0.0,0.0,0.0,0.75,0.25,0.0,0.0,0.0,0.0,0.0,0.0
4,3,0.0,0.0,0.0,0.75,0.25,0.0,0.0,0.0,0.0,0.0,0.0
4,3,0.0,0.0,0.0,0.75,0.25,0.0,0.0,0.0,0.0,0.0,0.0
4,3,0.0,0.0,0.0,0.75,0.25,0.0,0.0,0.0,0.0,0.0,0.0
4,3,0.0,0.0,0.0,0.75,0.25,0.0,0.0,0.0,0.0,0.0,0.0
4,3,0.0,0.0,0.0,0.75,0.25,0.0,0.0,0.0,0.0,0.0,0.0
4,3,0.0,0.0,0.0,0.75,0.25,0.0,0.0,0.0,0.0,0.0,0.0
4,3,0.0,0.0,0.0,0.75,0.25,0.0,0.0,0.0,0.0,0.0,0.0
4,3,0.0,0.0,0.0,0.75,0.25,0.0,0.0,0.0,0.0,0.0,0.0
4,3,0.0,0.0,0.0,0.75,0.25,0.0,0.0,0.0,0.0,0.0,0.0
4,3,0.0,0.0,0.0,0.75,0.25,0.0,0.0,0.0,0.0,0.0,0.0
4,3,0.0,0.0,0.0,0.75,0.25,0.0,0.0,0.0,0.0,0.0,0.0
4,3,0.0,0.0,0.0,0.75,0.25,0.0,0.0,0.0,0.0,0.0,0.0
4,3,0.0,0.0,0.0,0.75,0.25,0.0,0.0,0.0,0.0,0.0,0.0
4,3,0.0,0.0,0.0,0.75,0.25,0.0,0.0,0.0,0.0,0.0,0.0
4,3,0.0,0.0,0.0,0.75,0.25,0.0,0.0,0.0,0.0,0.0,0.0
4,3,0.0,0.0,0.0,0.75,0.25,0.0,0.0,0.0,0.0,0.0,0.0
4,3,0.0,0.0,0.0,0.75,0.25,0.0,0.0,0.0,0.0,0.0,0.0
4,3,0.0,0.0,0.0,0.75,0.25,0.0,0.0,0.0,0.0,0.0,0.0
4,3,0.0,0.0,0.0,0.75,0.25,0.0,0.0,0.0,0.0,0.0,0.0
4,3,0.0,0.0,0.0,0.75,0.25,0.0,0.0,0.0,0.0,0.0,0.0
4,3,0.0,0.0,0.0,0.75,0.25,0.0,0.0,0.0,0.0,0.0,0.0
4,3,0.0,0.0,0.0,0.75,0.25,0.0,0.0,0.0,0.0,0.0,0.0
4,3,0.0,0.0,0.0,0.75,0.25,0.0,0.0,0.0,0.0,0.0,0.0
4,3,0.0,0.0,0.0,0.75,0.25,0.0,0.0,0.0,0.0,0.0,0.0
4,3,0.0,0.0,0.0,0.75,0.25,0.0,0.0,0.0,0.0,0.0,0.0
4,3,0.0,0.0,0.0,0.75,0.25,0.0,0.0,0.0,0.0,0.0,0.0
4,3,0.0,0.0,0.0,0.75,0.25,0.0,0.0,0.0,0.0,0.0,0.0
4,3,0.0,0.0,0.0,0.8125,0.1875,0.0,0.0,0.0,0.0,0.0,0.0
4,3,0.0,0.0,0.0,0.8125,0.1875,0.0,0.0,0.0,0.0,0.0,0.0
4,3,0.0,0.0,0.0,0.8125,0.1875,0.0,0.0,0.0,0.0,0.0,0.0
4,3,0.0,0.0,0.0,0.8125,0.1875,0.0,0.0,0.0,0.0,0.0,0.0
4,3,0.0,0.0,0.0,0.8125,0.1875,0.0,0.0,0.0,0.0,0.0,0.0
4,3,0.0,0.0,0.0,0.8125,0.1875,0.0,0.0,0.0,0.0,0.0,0.0
4,3,0.0,0.0,0.0,0.8125,0.1875,0.0,0.0,0.0,0.0,0.0,0.0
4,3,0.0,0.0,0.0,0.8125,0.1875,0.0,0.0,0.0,0.0,0.0,0.0
4,3,0.0,0.0,0.0,0.8125,0.1875,0.0,0.0,0.0,0.0,0.0,0.0
4,3,0.0,0.0,0.0,0.8125,0.1875,0.0,0.0,0.0,0.0,0.0,0.0
4,3,0.0,0.0,0.0,0.8125,0.1875,0.0,0.0,0.0,0.0,0.0,0.0
4,3,0.0,0.0,0.0,0.8125,0.1875,0.0,0.0,0.0,0.0,0.0,0.0
4,3,0.0,0.0,0.0,0.8125,0.1875,0.0,0.0,0.0,0.0,0.0,0.0
4,3,0.0,0.0,0.0,0.8125,0.1875,0.0,0.0,0.0,0.0,0.0,0.0
4,3,0.0,0.0,0.0,0.8125,0.1875,0.0,0.0,0.0,0.0,0.0,0.0
4,3,0.0,0.0,0.0,0.8125,0.1875,0.0,0.0,0.0,0.0,0.0,0.0
4,3,0.0,0.0,0.0,0.8125,0.1875,0.0,0.0,0.0,0.0,0.0,0.0
4,3,0.0,0.0,0.0,0.8125,0.1875,0.0,0.0,0.0,0.0,0.0,0.0
4,3,0.0,0.0,0.0,0.8125,0.1875,0.0,0.0,0.0,0.0,0.0,0.0
4,3,0.0,0.0,0.0,0.8125,0.1875,0.0,0.0,0.0,0.0,0.0,0.0
4,3,0.0,0.0,0.0,0.8125,0.1875,0.0,0.0,0.0,0.0,0.0,0.0
4,3,0.0,0.0,0.0,0.8125,0.1875,0.0,0.0,0.0,0.0,0.0,0.0
4,3,0.0,0.0,0.0,0.8125,0.1875,0.0,0.0,0.0,0.0,0.0,0.0
4,3,0.0,0.0,0.0,0.8125,0.1875,0.0,0.0,0.0,0.0,0.0,0.0
4,3,0.0,0.0,0.0,0.8125,0.1875,0.0,0.0,0.0,0.0,0.0,0.0
4,3,0.0,0.0,0.0,0.8125,0.1875,0.0,0.0,0.0,0.0,0.0,0.0
4,3,0.0,0.0,0.0,0.8125,0.1875,0.0,0.0,0.0,0.0,0.0,0.0
4,3,0.0,0.0,0.0,0.8125,0.1875,0.0,0.0,0.0,0.0,0.0,0.0
4,3,0.0,0.0,0.0,0.8125,0.1875,0.0,0.0,0.0,0.0,0.0,0.0
4,3,0.0,0.0,0.0,0.8125,0.1875,0.0,0.0,0.0,0.0,0.0,0.0
4,3,0.0,0.0,0.0,0.8125,0.1875,0.0,0.0,0.0,0.0,0.0,0.0
4,3,0.0,0.0,0.0,0.8125,0.1875,0.0,0.0,0.0,0.0,0.0,0.0
4,3,0.0,0.0,0.0,0.8125,0.1875,0.0,0.0,0.0,0.0,0.0,0.0
4,3,0.0,0.0,0.0,0.8125,0.1875,0.0,0.0,0.0,0.0,0.0,0.0
4,3,0.0,0.0,0.0,0.8125,0.1875,0.0,0.0,0.0,0.0,0.0,0.0
4,3,0.0,0.0,0.0,0.8125,0.1875,0.0,0.0,0.0,0.0,0.0,0.0
4,3,0.0,0.0,0.0,0.8125,0.1875,0.0,0.0,0.0,0.0,0.0,0.0
4,3,0.0,0.0,0.0,0.8125,0.1875,0.0,0.0,0.0,0.0,0.0,0.0
4,3,0.0,0.0,0.0,0.8125,0.1875,0.0,0.0,0.0,0.0,0.0,0.0
4,3,0.0,0.0,0.0,0.8125,0.1875,0.0,0.0,0.0,0.0,0.0,0.0
4,3,0.0,0.0,0.0,0.8125,0.1875,0.0,0.0,0.0,0.0,0.0,0.0
4,3,0.0,0.0,0.0,0.8125,0.1875,0.0,0.0,0.0,0.0,0.0,0.0
4,3,0.0,0.0,0.0,0.8125,0.1875,0.0,0.0,0.0,0.0,0.0,0.0
4,3,0.0,0.0,0.0,0.8125,0.1875,0.0,0.0,0.0,0.0,0.0,0.0
4,3,0.0,0.0,0.0,0.8125,0.1875,0.0,0.0,0.0,0.0,0.0,0.0
4,3,0.0,0.0,0.0,0.8125,0.1875,0.0,0.0,0.0,0.0,0.0,0.0
4,3,0.0,0.0,0.0,0.8125,0.1875,0.0,0.0,0.0,0.0,0.0,0.0
4,3,0.0,0.0,0.0,0.8125,0.1875,0.0,0.0,0.0,0.0,0.0,0.0
4,3,0.0,0.0,0.0,0.8125,0.1875,0.0,0.0,0.0,0.0,0.0,0.0
4,3,0.0,0.0,0.0,0.8125,0.1875,0.0,0.0,0.0,0.0,0.0,0.0
4,3,0.0,0.0,0.0,0.8125,0.1875,0.0,0.0,0.0,0.0,0.0,0.0
4,3,0.0,0.0,0.0,0.8125,0.1875,0.0,0.0,0.0,0.0,0.0,0.0
4,3,0.0,0.0,0.0,0.8125,0.1875,0.0,0.0,0.0,0.0,0.0,0.0
4,3,0.0,0.0,0.0,0.8125,0.1875,0.0,0.0,0.0,0.0,0.0,0.0
4,3,0.0,0.0,0.0,0.8125,0.1875,0.0,0.0,0.0,0.0,0.0,0.0
4,3,0.0,0.0,0.0,0.8125,0.1875,0.0,0.0,0.0,0.0,0.0,0.0
4,3,0.0,0.0,0.0,0.8125,0.1875,0.0,0.0,0.0,0.0,0.0,0.0
4,3,0.0,0.0,0.0,0.8125,0.1875,0.0,0.0,0.0,0.0,0.0,0.0
4,3,0.0,0.0,0.0,0.8125,0.1875,0.0,0.0,0.0,0.0,0.0,0.0
4,3,0.0,0.0,0.0,0.8125,0.1875,0.0,0.0,0.0,0.0,0.0,0.0
4,3,0.0625,0.0,0.0,0.8125,0.125,0.0,0.0,0.0,0.0,0.0,0.0
4,3,0.0625,0.0,0.0,0.8125,0.125,0.0,0.0,0.0,0.0,0.0,0.0
4,3,0.0625,0.0,0.0,0.8125,0.125,0.0,0.0,0.0,0.0,0.0,0.0
4,3,0.0625,0.0,0.0,0.8125,0.125,0.0,0.0,0.0,0.0,0.0,0.0
4,3,0.0625,0.0,0.0,0.8125,0.125,0.0,0.0,0.0,0.0,0.0,0.0
4,3,0.0625,0.0,0.0,0.8125,0.125,0.0,0.0,0.0,0.0,0.0,0.0
4,3,0.0625,0.0625,0.0,0.75,0.125,0.0,0.0,0.0,0.0,0.0,0.0
4,3,0.0625,0.0625,0.0,0.75,0.125,0.0,0.0,0.0,0.0,0.0,0.0
4,3,0.0625,0.0625,0.0,0.8125,0.0625,0.0,0.0,0.0,0.0,0.0,0.0
4,3,0.0625,0.0625,0.0,0.8125,0.0625,0.0,0.0,0.0,0.0,0.0,0.0
4,3,0.0625,0.0625,0.0,0.8125,0.0625,0.0,0.0,0.0,0.0,0.0,0.0
4,3,0.0625,0.0625,0.0,0.8125,0.0625,0.0,0.0,0.0,0.0,0.0,0.0
4,3,0.0625,0.0625,0.0,0.8125,0.0625,0.0,0.0,0.0,0.0,0.0,0.0
4,3,0.0625,0.0625,0.0,0.8125,0.0625,0.0,0.0,0.0,0.0,0.0,0.0
4,3,0.0625,0.0625,0.0,0.8125,0.0625,0.0,0.0,0.0,0.0,0.0,0.0
4,3,0.0625,0.0625,0.0,0.8125,0.0625,0.0,0.0,0.0,0.0,0.0,0.0
4,3,0.0625,0.0625,0.0,0.8125,0.0625,0.0,0.0,0.0,0.0,0.0,0.0
4,3,0.0625,0.0625,0.0,0.8125,0.0625,0.0,0.0,0.0,0.0,0.0,0.0
4,3,0.0625,0.0625,0.0,0.8125,0.0625,0.0,0.0,0.0,0.0,0.0,0.0
4,3,0.0625,0.0625,0.0,0.8125,0.0625,0.0,0.0,0.0,0.0,0.0,0.0
4,3,0.0625,0.0625,0.0,0.8125,0.0625,0.0,0.0,0.0,0.0,0.0,0.0
4,3,0.0625,0.0625,0.0,0.8125,0.0625,0.0,0.0,0.0,0.0,0.0,0.0
4,3,0.0625,0.0625,0.0,0.8125,0.0625,0.0,0.0,0.0,0.0,0.0,0.0
4,3,0.0625,0.0625,0.0,0.8125,0.0625,0.0,0.0,0.0,0.0,0.0,0.0
4,3,0.0625,0.0625,0.0,0.8125,0.0625,0.0,0.0,0.0,0.0,0.0,0.0
4,3,0.0625,0.0625,0.0,0.8125,0.0625,0.0,0.0,0.0,0.0,0.0,0.0
4,3,0.0625,0.0625,0.0,0.8125,0.0625,0.0,0.0,0.0,0.0,0.0,0.0
4,3,0.0625,0.0625,0.0,0.8125,0.0625,0.0,0.0,0.0,0.0,0.0,0.0
4,3,0.0625,0.0625,0.0,0.8125,0.0625,0.0,0.0,0.0,0.0,0.0,0.0
4,3,0.0625,0.0625,0.0,0.8125,0.0625,0.0,0.0,0.0,0.0,0.0,0.0
4,3,0.0625,0.0625,0.0,0.8125,0.0625,0.0,0.0,0.0,0.0,0.0,0.0
4,3,0.0625,0.0625,0.0,0.8125,0.0625,0.0,0.0,0.0,0.0,0.0,0.0
4,3,0.0625,0.0625,0.0,0.8125,0.0625,0.0,0.0,0.0,0.0,0.0,0.0
4,3,0.0625,0.0625,0.0,0.8125,0.0625,0.0,0.0,0.0,0.0,0.0,0.0
4,3,0.0625,0.0625,0.0,0.8125,0.0625,0.0,0.0,0.0,0.0,0.0,0.0
4,3,0.0625,0.0625,0.0,0.8125,0.0625,0.0,0.0,0.0,0.0,0.0,0.0
4,3,0.0625,0.0625,0.0,0.8125,0.0625,0.0,0.0,0.0,0.0,0.0,0.0
4,3,0.0625,0.0625,0.0,0.8125,0.0625,0.0,0.0,0.0,0.0,0.0,0.0
4,3,0.0625,0.0625,0.0,0.8125,0.0625,0.0,0.0,0.0,0.0,0.0,0.0
4,3,0.0625,0.0625,0.0,0.8125,0.0625,0.0,0.0,0.0,0.0,0.0,0.0
4,3,0.0625,0.0625,0.0,0.8125,0.0625,0.0,0.0,0.0,0.0,0.0,0.0
4,3,0.0625,0.0625,0.0,0.8125,0.0625,0.0,0.0,0.0,0.0,0.0,0.0
4,3,0.0625,0.0625,0.0,0.8125,0.0625,0.0,0.0,0.0,0.0,0.0,0.0
4,3,0.0625,0.0625,0.0,0.8125,0.0625,0.0,0.0,0.0,0.0,0.0,0.0
4,3,0.0625,0.0625,0.0,0.8125,0.0625,0.0,0.0,0.0,0.0,0.0,0.0
4,3,0.0625,0.0625,0.0,0.8125,0.0625,0.0,0.0,0.0,0.0,0.0,0.0
4,3,0.0625,0.0625,0.0,0.8125,0.0625,0.0,0.0,0.0,0.0,0.0,0.0
4,3,0.0625,0.0625,0.0,0.8125,0.0625,0.0,0.0,0.0,0.0,0.0,0.0
4,3,0.0625,0.0625,0.0,0.8125,0.0625,0.0,0.0,0.0,0.0,0.0,0.0
4,3,0.0625,0.0625,0.0,0.8125,0.0625,0.0,0.0,0.0,0.0,0.0,0.0
4,3,0.0625,0.0,0.0,0.875,0.0625,0.0,0.0,0.0,0.0,0.0,0.0
4,3,0.0625,0.0,0.0,0.875,0.0625,0.0,0.0,0.0,0.0,0.0,0.0
4,3,0.0625,0.0,0.0,0.875,0.0625,0.0,0.0,0.0,0.0,0.0,0.0
4,3,0.0625,0.0,0.0,0.875,0.0625,0.0,0.0,0.0,0.0,0.0,0.0
4,3,0.0625,0.0,0.0,0.875,0.0625,0.0,0.0,0.0,0.0,0.0,0.0
4,3,0.0625,0.0,0.0,0.875,0.0625,0.0,0.0,0.0,0.0,0.0,0.0
4,3,0.0625,0.0,0.0,0.875,0.0625,0.0,0.0,0.0,0.0,0.0,0.0
4,3,0.0625,0.0,0.0,0.875,0.0625,0.0,0.0,0.0,0.0,0.0,0.0
4,3,0.0625,0.0,0.0,0.875,0.0625,0.0,0.0,0.0,0.0,0.0,0.0
4,3,0.0625,0.0,0.0,0.875,0.0625,0.0,0.0,0.0,0.0,0.0,0.0
4,3,0.0625,0.0,0.0,0.875,0.0625,0.0,0.0,0.0,0.0,0.0,0.0
4,3,0.0625,0.0,0.0,0.875,0.0625,0.0,0.0,0.0,0.0,0.0,0.0
4,3,0.0625,0.0,0.0,0.875,0.0625,0.0,0.0,0.0,0.0,0.0,0.0
4,3,0.0625,0.0,0.0,0.875,0.0625,0.0,0.0,0.0,0.0,0.0,0.0
4,3,0.0625,0.0,0.0,0.875,0.0625,0.0,0.0,0.0,0.0,0.0,0.0
4,3,0.0625,0.0,0.0,0.875,0.0625,0.0,0.0,0.0,0.0,0.0,0.0
4,3,0.0625,0.0,0.0,0.875,0.0625,0.0,0.0,0.0,0.0,0.0,0.0
4,3,0.0625,0.0,0.0,0.875,0.0625,0.0,0.0,0.0,0.0,0.0,0.0
4,3,0.0625,0.0,0.0,0.875,0.0625,0.0,0.0,0.0,0.0,0.0,0.0
4,3,0.0625,0.0,0.0,0.875,0.0625,0.0,0.0,0.0,0.0,0.0,0.0
4,3,0.0625,0.0,0.0,0.875,0.0625,0.0,0.0,0.0,0.0,0.0,0.0
4,3,0.0625,0.0,0.0,0.875,0.0625,0.0,0.0,0.0,0.0,0.0,0.0
4,3,0.0625,0.0,0.0,0.875,0.0625,0.0,0.0,0.0,0.0,0.0,0.0
4,3,0.0625,0.0,0.0,0.875,0.0625,0.0,0.0,0.0,0.0,0.0,0.0
4,3,0.0625,0.0,0.0,0.875,0.0625,0.0,0.0,0.0,0.0,0.0,0.0
4,3,0.0625,0.0,0.0,0.875,0.0625,0.0,0.0,0.0,0.0,0.0,0.0
4,3,0.0625,0.0,0.0,0.875,0.0625,0.0,0.0,0.0,0.0,0.0,0.0
4,3,0.0625,0.0,0.0,0.875,0.0625,0.0,0.0,0.0,0.0,0.0,0.0
4,3,0.0625,0.0,0.0,0.875,0.0625,0.0,0.0,0.0,0.0,0.0,0.0
4,3,0.0625,0.0,0.0,0.875,0.0625,0.0,0.0,0.0,0.0,0.0,0.0
4,3,0.0625,0.0,0.0,0.875,0.0625,0.0,0.0,0.0,0.0,0.0,0.0
4,3,0.0625,0.0,0.0,0.875,0.0625,0.0,0.0,0.0,0.0,0.0,0.0
4,3,0.0625,0.0,0.0,0.875,0.0625,0.0,0.0,0.0,0.0,0.0,0.0
4,3,0.0625,0.0,0.0,0.875,0.0625,0.0,0.0,0.0,0.0,0.0,0.0
4,3,0.0625,0.0,0.0,0.875,0.0625,0.0,0.0,0.0,0.0,0.0,0.0
4,3,0.0625,0.0,0.0,0.875,0.0625,0.0,0.0,0.0,0.0,0.0,0.0
4,3,0.0625,0.0,0.0,0.875,0.0625,0.0,0.0,0.0,0.0,0.0,0.0
4,3,0.0625,0.0,0.0,0.875,0.0625,0.0,0.0,0.0,0.0,0.0,0.0
4,3,0.0625,0.0,0.0,0.875,0.0625,0.0,0.0,0.0,0.0,0.0,0.0
4,3,0.0625,0.0,0.0,0.875,0.0625,0.0,0.0,0.0,0.0,0.0,0.0
4,3,0.0625,0.0,0.0,0.875,0.0625,0.0,0.0,0.0,0.0,0.0,0.0
4,3,0.0625,0.0,0.0,0.875,0.0625,0.0,0.0,0.0,0.0,0.0,0.0
4,3,0.0625,0.0,0.0,0.875,0.0625,0.0,0.0,0.0,0.0,0.0,0.0
4,3,0.0625,0.0,0.0,0.875,0.0625,0.0,0.0,0.0,0.0,0.0,0.0
4,3,0.0625,0.0,0.0,0.875,0.0625,0.0,0.0,0.0,0.0,0.0,0.0
4,3,0.0625,0.0,0.0,0.875,0.0625,0.0,0.0,0.0,0.0,0.0,0.0
4,3,0.0625,0.0,0.0,0.875,0.0625,0.0,0.0,0.0,0.0,0.0,0.0
4,3,0.0625,0.0,0.0,0.875,0.0625,0.0,0.0,0.0,0.0,0.0,0.0
4,3,0.0625,0.0,0.0,0.875,0.0625,0.0,0.0,0.0,0.0,0.0,0.0
4,3,0.0625,0.0,0.0,0.875,0.0625,0.0,0.0,0.0,0.0,0.0,0.0
4,3,0.0625,0.0,0.0,0.875,0.0625,0.0,0.0,0.0,0.0,0.0,0.0
4,3,0.0625,0.0,0.0,0.875,0.0625,0.0,0.0,0.0,0.0,0.0,0.0
4,3,0.0625,0.0,0.0,0.875,0.0625,0.0,0.0,0.0,0.0,0.0,0.0
4,3,0.0625,0.0,0.0,0.875,0.0625,0.0,0.0,0.0,0.0,0.0,0.0
4,3,0.0625,0.0,0.0,0.875,0.0625,0.0,0.0,0.0,0.0,0.0,0.0
4,3,0.0625,0.0,0.0,0.875,0.0625,0.0,0.0,0.0,0.0,0.0,0.0
4,3,0.0625,0.0,0.0,0.875,0.0625,0.0,0.0,0.0,0.0,0.0,0.0
4,3,0.0625,0.0,0.0,0.875,0.0625,0.0,0.0,0.0,0.0,0.0,0.0
4,3,0.0625,0.0,0.0,0.875,0.0625,0.0,0.0,0.0,0.0,0.0,0.0
4,3,0.0625,0.0,0.0,0.875,0.0625,0.0,0.0,0.0,0.0,0.0,0.0
4,3,0.0625,0.0,0.0,0.875,0.0625,0.0,0.0,0.0,0.0,0.0,0.0
4,3,0.0625,0.0,0.0,0.875,0.0625,0.0,0.0,0.0,0.0,0.0,0.0
4,3,0.0625,0.0,0.0,0.875,0.0625,0.0,0.0,0.0,0.0,0.0,0.0
4,3,0.0625,0.0,0.0,0.875,0.0625,0.0,0.0,0.0,0.0,0.0,0.0
4,3,0.0625,0.0,0.0,0.875,0.0625,0.0,0.0,0.0,0.0,0.0,0.0
4,3,0.0625,0.0,0.0,0.875,0.0625,0.0,0.0,0.0,0.0,0.0,0.0
4,3,0.0625,0.0,0.0,0.875,0.0625,0.0,0.0,0.0,0.0,0.0,0.0
4,3,0.0625,0.0,0.0,0.875,0.0625,0.0,0.0,0.0,0.0,0.0,0.0
4,3,0.0625,0.0,0.0,0.875,0.0625,0.0,0.0,0.0,0.0,0.0,0.0
4,3,0.0625,0.0,0.0,0.875,0.0625,0.0,0.0,0.0,0.0,0.0,0.0
4,3,0.0625,0.0,0.0,0.875,0.0625,0.0,0.0,0.0,0.0,0.0,0.0
4,3,0.0625,0.0,0.0,0.875,0.0625,0.0,0.0,0.0,0.0,0.0,0.0
4,3,0.0625,0.0,0.0,0.875,0.0625,0.0,0.0,0.0,0.0,0.0,0.0
4,3,0.0625,0.0,0.0,0.875,0.0625,0.0,0.0,0.0,0.0,0.0,0.0
4,3,0.0625,0.0,0.0,0.875,0.0625,0.0,0.0,0.0,0.0,0.0,0.0
4,3,0.0625,0.0,0.0,0.875,0.0625,0.0,0.0,0.0,0.0,0.0,0.0
4,3,0.0625,0.0,0.0,0.875,0.0625,0.0,0.0,0.0,0.0,0.0,0.0
4,3,0.0625,0.0,0.0,0.875,0.0625,0.0,0.0,0.0,0.0,0.0,0.0
4,3,0.0625,0.0,0.0,0.875,0.0625,0.0,0.0,0.0,0.0,0.0,0.0
4,3,0.0625,0.0,0.0,0.875,0.0625,0.0,0.0,0.0,0.0,0.0,0.0
4,3,0.0625,0.0,0.0,0.875,0.0625,0.0,0.0,0.0,0.0,0.0,0.0
4,3,0.0625,0.0,0.0,0.875,0.0625,0.0,0.0,0.0,0.0,0.0,0.0
4,3,0.0625,0.0,0.0,0.875,0.0625,0.0,0.0,0.0,0.0,0.0,0.0
4,3,0.0625,0.0,0.0,0.875,0.0625,0.0,0.0,0.0,0.0,0.0,0.0
4,3,0.0625,0.0,0.0,0.875,0.0625,0.0,0.0,0.0,0.0,0.0,0.0
4,3,0.0625,0.0,0.0,0.875,0.0625,0.0,0.0,0.0,0.0,0.0,0.0
4,3,0.0625,0.0,0.0,0.875,0.0625,0.0,0.0,0.0,0.0,0.0,0.0
4,3,0.0625,0.0,0.0,0.875,0.0625,0.0,0.0,0.0,0.0,0.0,0.0
4,3,0.0625,0.0,0.0,0.875,0.0625,0.0,0.0,0.0,0.0,0.0,0.0
4,3,0.0625,0.0,0.0,0.875,0.0625,0.0,0.0,0.0,0.0,0.0,0.0
4,3,0.0625,0.0,0.0,0.875,0.0625,0.0,0.0,0.0,0.0,0.0,0.0
4,3,0.0625,0.0,0.0,0.875,0.0625,0.0,0.0,0.0,0.0,0.0,0.0
4,3,0.0625,0.0,0.0,0.875,0.0625,0.0,0.0,0.0,0.0,0.0,0.0
4,3,0.0625,0.0,0.0,0.875,0.0625,0.0,0.0,0.0,0.0,0.0,0.0
4,3,0.0625,0.0,0.0,0.875,0.0625,0.0,0.0,0.0,0.0,0.0,0.0
4,3,0.0625,0.0,0.0,0.875,0.0625,0.0,0.0,0.0,0.0,0.0,0.0
4,3,0.0625,0.0,0.0,0.875,0.0625,0.0,0.0,0.0,0.0,0.0,0.0
4,3,0.0625,0.0,0.0,0.875,0.0625,0.0,0.0,0.0,0.0,0.0,0.0
4,3,0.0625,0.0,0.0,0.875,0.0625,0.0,0.0,0.0,0.0,0.0,0.0
4,3,0.0625,0.0,0.0,0.875,0.0625,0.0,0.0,0.0,0.0,0.0,0.0
4,3,0.0625,0.0,0.0,0.875,0.0625,0.0,0.0,0.0,0.0,0.0,0.0
4,3,0.0625,0.0,0.0,0.875,0.0625,0.0,0.0,0.0,0.0,0.0,0.0
4,3,0.0625,0.0,0.0,0.875,0.0625,0.0,0.0,0.0,0.0,0.0,0.0
4,3,0.0625,0.0,0.0,0.875,0.0625,0.0,0.0,0.0,0.0,0.0,0.0
4,3,0.0625,0.0,0.0,0.875,0.0625,0.0,0.0,0.0,0.0,0.0,0.0
4,3,0.0625,0.0,0.0,0.875,0.0625,0.0,0.0,0.0,0.0,0.0,0.0
4,3,0.0625,0.0,0.0,0.875,0.0625,0.0,0.0,0.0,0.0,0.0,0.0
4,3,0.0625,0.0,0.0,0.875,0.0625,0.0,0.0,0.0,0.0,0.0,0.0
4,3,0.0625,0.0,0.0,0.875,0.0625,0.0,0.0,0.0,0.0,0.0,0.0
4,3,0.0625,0.0,0.0,0.875,0.0625,0.0,0.0,0.0,0.0,0.0,0.0
4,3,0.0625,0.0,0.0,0.875,0.0625,0.0,0.0,0.0,0.0,0.0,0.0
4,3,0.0625,0.0,0.0,0.875,0.0625,0.0,0.0,0.0,0.0,0.0,0.0
4,3,0.0625,0.0,0.0,0.875,0.0625,0.0,0.0,0.0,0.0,0.0,0.0
4,3,0.0625,0.0,0.0,0.875,0.0625,0.0,0.0,0.0,0.0,0.0,0.0
4,3,0.0625,0.0,0.0,0.875,0.0625,0.0,0.0,0.0,0.0,0.0,0.0
4,3,0.0625,0.0,0.0,0.875,0.0625,0.0,0.0,0.0,0.0,0.0,0.0
4,3,0.0625,0.0,0.0,0.875,0.0625,0.0,0.0,0.0,0.0,0.0,0.0
4,3,0.0625,0.0,0.0,0.875,0.0625,0.0,0.0,0.0,0.0,0.0,0.0
4,3,0.0625,0.0,0.0,0.875,0.0625,0.0,0.0,0.0,0.0,0.0,0.0
4,3,0.0625,0.0,0.0,0.875,0.0625,0.0,0.0,0.0,0.0,0.0,0.0
4,3,0.0625,0.0,0.0,0.875,0.0625,0.0,0.0,0.0,0.0,0.0,0.0
4,3,0.0625,0.0,0.0,0.875,0.0625,0.0,0.0,0.0,0.0,0.0,0.0
4,3,0.0625,0.0,0.0,0.875,0.0625,0.0,0.0,0.0,0.0,0.0,0.0
4,3,0.0625,0.0,0.0,0.875,0.0625,0.0,0.0,0.0,0.0,0.0,0.0
4,3,0.0625,0.0,0.0,0.875,0.0625,0.0,0.0,0.0,0.0,0.0,0.0
4,3,0.0625,0.0,0.0,0.875,0.0625,0.0,0.0,0.0,0.0,0.0,0.0
4,3,0.0625,0.0,0.0,0.875,0.0625,0.0,0.0,0.0,0.0,0.0,0.0
4,3,0.0625,0.0,0.0,0.875,0.0625,0.0,0.0,0.0,0.0,0.0,0.0
4,3,0.0625,0.0,0.0,0.875,0.0625,0.0,0.0,0.0,0.0,0.0,0.0
4,3,0.0625,0.0,0.0,0.875,0.0625,0.0,0.0,0.0,0.0,0.0,0.0
4,3,0.0625,0.0,0.0,0.875,0.0625,0.0,0.0,0.0,0.0,0.0,0.0
4,3,0.0625,0.0,0.0,0.875,0.0625,0.0,0.0,0.0,0.0,0.0,0.0
4,3,0.0625,0.0,0.0,0.875,0.0625,0.0,0.0,0.0,0.0,0.0,0.0
4,3,0.0625,0.0,0.0,0.875,0.0625,0.0,0.0,0.0,0.0,0.0,0.0
4,3,0.0625,0.0,0.0,0.875,0.0625,0.0,0.0,0.0,0.0,0.0,0.0
4,3,0.0625,0.0,0.0,0.875,0.0625,0.0,0.0,0.0,0.0,0.0,0.0
4,3,0.0625,0.0,0.0,0.875,0.0625,0.0,0.0,0.0,0.0,0.0,0.0
4,3,0.0625,0.0,0.0,0.875,0.0625,0.0,0.0,0.0,0.0,0.0,0.0
4,3,0.0625,0.0,0.0,0.875,0.0625,0.0,0.0,0.0,0.0,0.0,0.0
4,3,0.0625,0.0,0.0,0.875,0.0625,0.0,0.0,0.0,0.0,0.0,0.0
4,3,0.0625,0.0,0.0,0.9375,0.0,0.0,0.0,0.0,0.0,0.0,0.0
4,3,0.0625,0.0,0.0,0.9375,0.0,0.0,0.0,0.0,0.0,0.0,0.0
4,3,0.0625,0.0,0.0,0.9375,0.0,0.0,0.0,0.0,0.0,0.0,0.0
4,3,0.0625,0.0,0.0,0.9375,0.0,0.0,0.0,0.0,0.0,0.0,0.0
4,3,0.0625,0.0,0.0,0.9375,0.0,0.0,0.0,0.0,0.0,0.0,0.0
4,3,0.0625,0.0,0.0,0.9375,0.0,0.0,0.0,0.0,0.0,0.0,0.0
4,3,0.0625,0.0,0.0,0.9375,0.0,0.0,0.0,0.0,0.0,0.0,0.0
4,3,0.0625,0.0,0.0,0.9375,0.0,0.0,0.0,0.0,0.0,0.0,0.0
4,3,0.0625,0.0,0.0,0.9375,0.0,0.0,0.0,0.0,0.0,0.0,0.0
4,3,0.0625,0.0,0.0,0.9375,0.0,0.0,0.0,0.0,0.0,0.0,0.0
4,3,0.0625,0.0,0.0,0.9375,0.0,0.0,0.0,0.0,0.0,0.0,0.0
4,3,0.0625,0.0,0.0,0.9375,0.0,0.0,0.0,0.0,0.0,0.0,0.0
4,3,0.0625,0.0,0.0,0.9375,0.0,0.0,0.0,0.0,0.0,0.0,0.0
4,3,0.0625,0.0,0.0,0.9375,0.0,0.0,0.0,0.0,0.0,0.0,0.0
4,3,0.0625,0.0,0.0,0.9375,0.0,0.0,0.0,0.0,0.0,0.0,0.0
4,3,0.0625,0.0,0.0,0.9375,0.0,0.0,0.0,0.0,0.0,0.0,0.0
4,3,0.0625,0.0,0.0,0.9375,0.0,0.0,0.0,0.0,0.0,0.0,0.0
4,3,0.0625,0.0,0.0,0.9375,0.0,0.0,0.0,0.0,0.0,0.0,0.0
4,3,0.0625,0.0,0.0,0.9375,0.0,0.0,0.0,0.0,0.0,0.0,0.0
4,3,0.0625,0.0,0.0,0.9375,0.0,0.0,0.0,0.0,0.0,0.0,0.0
4,3,0.0625,0.0,0.0,0.9375,0.0,0.0,0.0,0.0,0.0,0.0,0.0
4,3,0.0625,0.0,0.0,0.9375,0.0,0.0,0.0,0.0,0.0,0.0,0.0
4,3,0.0625,0.0,0.0,0.9375,0.0,0.0,0.0,0.0,0.0,0.0,0.0
4,3,0.0625,0.0,0.0,0.9375,0.0,0.0,0.0,0.0,0.0,0.0,0.0
4,3,0.0625,0.0,0.0,0.9375,0.0,0.0,0.0,0.0,0.0,0.0,0.0
4,3,0.0625,0.0,0.0,0.9375,0.0,0.0,0.0,0.0,0.0,0.0,0.0
4,3,0.0625,0.0,0.0,0.9375,0.0,0.0,0.0,0.0,0.0,0.0,0.0
4,3,0.0625,0.0,0.0,0.9375,0.0,0.0,0.0,0.0,0.0,0.0,0.0
4,3,0.0625,0.0,0.0,0.9375,0.0,0.0,0.0,0.0,0.0,0.0,0.0
4,3,0.0625,0.0,0.0,0.9375,0.0,0.0,0.0,0.0,0.0,0.0,0.0
4,3,0.0625,0.0,0.0,0.9375,0.0,0.0,0.0,0.0,0.0,0.0,0.0
4,3,0.0625,0.0,0.0,0.9375,0.0,0.0,0.0,0.0,0.0,0.0,0.0
4,3,0.0625,0.0,0.0,0.9375,0.0,0.0,0.0,0.0,0.0,0.0,0.0
4,3,0.0625,0.0,0.0,0.9375,0.0,0.0,0.0,0.0,0.0,0.0,0.0
4,3,0.0625,0.0,0.0,0.9375,0.0,0.0,0.0,0.0,0.0,0.0,0.0
4,3,0.0625,0.0,0.0,0.9375,0.0,0.0,0.0,0.0,0.0,0.0,0.0
4,3,0.0625,0.0,0.0,0.9375,0.0,0.0,0.0,0.0,0.0,0.0,0.0
4,3,0.0625,0.0,0.0,0.9375,0.0,0.0,0.0,0.0,0.0,0.0,0.0
4,3,0.0625,0.0,0.0,0.9375,0.0,0.0,0.0,0.0,0.0,0.0,0.0
4,3,0.0625,0.0,0.0,0.9375,0.0,0.0,0.0,0.0,0.0,0.0,0.0
4,3,0.0625,0.0,0.0,0.9375,0.0,0.0,0.0,0.0,0.0,0.0,0.0
4,3,0.0625,0.0,0.0,0.9375,0.0,0.0,0.0,0.0,0.0,0.0,0.0
4,3,0.0625,0.0,0.0,0.9375,0.0,0.0,0.0,0.0,0.0,0.0,0.0
4,3,0.0625,0.0,0.0,0.9375,0.0,0.0,0.0,0.0,0.0,0.0,0.0
4,3,0.0625,0.0,0.0,0.9375,0.0,0.0,0.0,0.0,0.0,0.0,0.0
4,3,0.0625,0.0,0.0,0.9375,0.0,0.0,0.0,0.0,0.0,0.0,0.0
4,3,0.0625,0.0,0.0,0.9375,0.0,0.0,0.0,0.0,0.0,0.0,0.0
4,3,0.0625,0.0,0.0,0.9375,0.0,0.0,0.0,0.0,0.0,0.0,0.0
4,3,0.0625,0.0,0.0,0.9375,0.0,0.0,0.0,0.0,0.0,0.0,0.0
4,3,0.0625,0.0,0.0,0.9375,0.0,0.0,0.0,0.0,0.0,0.0,0.0
4,3,0.0625,0.0,0.0,0.9375,0.0,0.0,0.0,0.0,0.0,0.0,0.0
4,3,0.0625,0.0,0.0,0.9375,0.0,0.0,0.0,0.0,0.0,0.0,0.0
4,3,0.0625,0.0,0.0,0.9375,0.0,0.0,0.0,0.0,0.0,0.0,0.0
4,3,0.0625,0.0,0.0,0.9375,0.0,0.0,0.0,0.0,0.0,0.0,0.0
4,3,0.0625,0.0,0.0,0.9375,0.0,0.0,0.0,0.0,0.0,0.0,0.0
4,3,0.0625,0.0,0.0,0.9375,0.0,0.0,0.0,0.0,0.0,0.0,0.0
4,3,0.0625,0.0,0.0,0.9375,0.0,0.0,0.0,0.0,0.0,0.0,0.0
4,3,0.0625,0.0,0.0,0.9375,0.0,0.0,0.0,0.0,0.0,0.0,0.0
4,3,0.0625,0.0,0.0,0.9375,0.0,0.0,0.0,0.0,0.0,0.0,0.0
4,3,0.0625,0.0,0.0,0.9375,0.0,0.0,0.0,0.0,0.0,0.0,0.0
4,3,0.0625,0.0,0.0,0.9375,0.0,0.0,0.0,0.0,0.0,0.0,0.0
4,3,0.0625,0.0,0.0,0.9375,0.0,0.0,0.0,0.0,0.0,0.0,0.0
4,3,0.0625,0.0,0.0,0.9375,0.0,0.0,0.0,0.0,0.0,0.0,0.0
4,3,0.0625,0.0,0.0,0.9375,0.0,0.0,0.0,0.0,0.0,0.0,0.0
4,3,0.0625,0.0,0.0,0.9375,0.0,0.0,0.0,0.0,0.0,0.0,0.0
4,3,0.0625,0.0,0.0,0.9375,0.0,0.0,0.0,0.0,0.0,0.0,0.0
4,3,0.0,0.0,0.0,1.0,0.0,0.0,0.0,0.0,0.0,0.0,0.0
4,3,0.0,0.0,0.0,1.0,0.0,0.0,0.0,0.0,0.0,0.0,0.0
4,3,0.0,0.0,0.0,1.0,0.0,0.0,0.0,0.0,0.0,0.0,0.0
4,3,0.0,0.0,0.0,1.0,0.0,0.0,0.0,0.0,0.0,0.0,0.0
4,3,0.0,0.0,0.0,1.0,0.0,0.0,0.0,0.0,0.0,0.0,0.0
4,3,0.0,0.0,0.0,1.0,0.0,0.0,0.0,0.0,0.0,0.0,0.0
4,3,0.0,0.0,0.0,1.0,0.0,0.0,0.0,0.0,0.0,0.0,0.0
4,3,0.0,0.0,0.0,1.0,0.0,0.0,0.0,0.0,0.0,0.0,0.0
4,3,0.0,0.0,0.0,1.0,0.0,0.0,0.0,0.0,0.0,0.0,0.0
4,3,0.0,0.0,0.0,1.0,0.0,0.0,0.0,0.0,0.0,0.0,0.0
4,3,0.0,0.0,0.0,1.0,0.0,0.0,0.0,0.0,0.0,0.0,0.0
4,3,0.0,0.0,0.0,1.0,0.0,0.0,0.0,0.0,0.0,0.0,0.0
4,3,0.0,0.0,0.0,1.0,0.0,0.0,0.0,0.0,0.0,0.0,0.0
4,3,0.0,0.0,0.0,1.0,0.0,0.0,0.0,0.0,0.0,0.0,0.0
4,3,0.0,0.0,0.0,1.0,0.0,0.0,0.0,0.0,0.0,0.0,0.0
4,3,0.0,0.0,0.0,1.0,0.0,0.0,0.0,0.0,0.0,0.0,0.0
4,3,0.0,0.0,0.0,1.0,0.0,0.0,0.0,0.0,0.0,0.0,0.0
4,3,0.0,0.0,0.0,1.0,0.0,0.0,0.0,0.0,0.0,0.0,0.0
4,3,0.0,0.0,0.0,1.0,0.0,0.0,0.0,0.0,0.0,0.0,0.0
4,3,0.0,0.0,0.0,1.0,0.0,0.0,0.0,0.0,0.0,0.0,0.0
4,3,0.0,0.0,0.0,1.0,0.0,0.0,0.0,0.0,0.0,0.0,0.0
4,3,0.0,0.0,0.0,1.0,0.0,0.0,0.0,0.0,0.0,0.0,0.0
4,3,0.0,0.0,0.0,1.0,0.0,0.0,0.0,0.0,0.0,0.0,0.0
4,3,0.0,0.0,0.0,1.0,0.0,0.0,0.0,0.0,0.0,0.0,0.0
4,3,0.0,0.0,0.0,1.0,0.0,0.0,0.0,0.0,0.0,0.0,0.0
4,3,0.0,0.0,0.0,1.0,0.0,0.0,0.0,0.0,0.0,0.0,0.0
4,3,0.0,0.0,0.0,1.0,0.0,0.0,0.0,0.0,0.0,0.0,0.0
4,3,0.0,0.0,0.0,1.0,0.0,0.0,0.0,0.0,0.0,0.0,0.0
4,3,0.0,0.0,0.0,1.0,0.0,0.0,0.0,0.0,0.0,0.0,0.0
4,3,0.0,0.0,0.0,1.0,0.0,0.0,0.0,0.0,0.0,0.0,0.0
4,3,0.0,0.0,0.0,1.0,0.0,0.0,0.0,0.0,0.0,0.0,0.0
4,3,0.0,0.0,0.0,1.0,0.0,0.0,0.0,0.0,0.0,0.0,0.0
4,3,0.0,0.0,0.0,1.0,0.0,0.0,0.0,0.0,0.0,0.0,0.0
4,3,0.0,0.0,0.0,1.0,0.0,0.0,0.0,0.0,0.0,0.0,0.0
4,3,0.0,0.0,0.0,1.0,0.0,0.0,0.0,0.0,0.0,0.0,0.0
4,3,0.0,0.0,0.0,1.0,0.0,0.0,0.0,0.0,0.0,0.0,0.0
4,3,0.0,0.0,0.0,1.0,0.0,0.0,0.0,0.0,0.0,0.0,0.0
4,3,0.0,0.0,0.0,1.0,0.0,0.0,0.0,0.0,0.0,0.0,0.0
4,3,0.0,0.0,0.0,1.0,0.0,0.0,0.0,0.0,0.0,0.0,0.0
4,3,0.0,0.0,0.0,1.0,0.0,0.0,0.0,0.0,0.0,0.0,0.0
4,3,0.0,0.0,0.0,1.0,0.0,0.0,0.0,0.0,0.0,0.0,0.0
4,3,0.0,0.0,0.0,1.0,0.0,0.0,0.0,0.0,0.0,0.0,0.0
4,3,0.0,0.0,0.0,1.0,0.0,0.0,0.0,0.0,0.0,0.0,0.0
4,3,0.0,0.0,0.0,1.0,0.0,0.0,0.0,0.0,0.0,0.0,0.0
4,3,0.0,0.0,0.0,1.0,0.0,0.0,0.0,0.0,0.0,0.0,0.0
4,3,0.0,0.0,0.0,1.0,0.0,0.0,0.0,0.0,0.0,0.0,0.0
4,3,0.0,0.0,0.0,1.0,0.0,0.0,0.0,0.0,0.0,0.0,0.0
4,3,0.0,0.0,0.0,1.0,0.0,0.0,0.0,0.0,0.0,0.0,0.0
4,3,0.0,0.0,0.0,1.0,0.0,0.0,0.0,0.0,0.0,0.0,0.0
4,3,0.0,0.0,0.0,1.0,0.0,0.0,0.0,0.0,0.0,0.0,0.0
4,3,0.0,0.0,0.0,1.0,0.0,0.0,0.0,0.0,0.0,0.0,0.0
4,3,0.0,0.0,0.0,1.0,0.0,0.0,0.0,0.0,0.0,0.0,0.0
4,3,0.0,0.0,0.0,1.0,0.0,0.0,0.0,0.0,0.0,0.0,0.0
4,3,0.0,0.0,0.0,1.0,0.0,0.0,0.0,0.0,0.0,0.0,0.0
4,3,0.0,0.0,0.0,1.0,0.0,0.0,0.0,0.0,0.0,0.0,0.0
4,3,0.0,0.0,0.0,1.0,0.0,0.0,0.0,0.0,0.0,0.0,0.0
4,3,0.0,0.0,0.0,1.0,0.0,0.0,0.0,0.0,0.0,0.0,0.0
4,3,0.0,0.0,0.0,1.0,0.0,0.0,0.0,0.0,0.0,0.0,0.0
4,3,0.0,0.0,0.0,1.0,0.0,0.0,0.0,0.0,0.0,0.0,0.0
4,3,0.0,0.0,0.0,1.0,0.0,0.0,0.0,0.0,0.0,0.0,0.0
4,3,0.0,0.0,0.0,1.0,0.0,0.0,0.0,0.0,0.0,0.0,0.0
4,3,0.0,0.0,0.0,1.0,0.0,0.0,0.0,0.0,0.0,0.0,0.0
4,3,0.0,0.0,0.0,1.0,0.0,0.0,0.0,0.0,0.0,0.0,0.0
4,3,0.0,0.0,0.0,1.0,0.0,0.0,0.0,0.0,0.0,0.0,0.0
4,3,0.0,0.0,0.0,1.0,0.0,0.0,0.0,0.0,0.0,0.0,0.0
4,3,0.0,0.0,0.0,1.0,0.0,0.0,0.0,0.0,0.0,0.0,0.0
4,3,0.0,0.0,0.0,1.0,0.0,0.0,0.0,0.0,0.0,0.0,0.0
4,3,0.0,0.0,0.0,1.0,0.0,0.0,0.0,0.0,0.0,0.0,0.0
4,3,0.0,0.0,0.0,1.0,0.0,0.0,0.0,0.0,0.0,0.0,0.0
4,3,0.0,0.0,0.0,1.0,0.0,0.0,0.0,0.0,0.0,0.0,0.0
4,3,0.0,0.0,0.0,1.0,0.0,0.0,0.0,0.0,0.0,0.0,0.0
4,3,0.0,0.0,0.0,1.0,0.0,0.0,0.0,0.0,0.0,0.0,0.0
4,3,0.0,0.0,0.0,1.0,0.0,0.0,0.0,0.0,0.0,0.0,0.0
4,3,0.0,0.0,0.0,1.0,0.0,0.0,0.0,0.0,0.0,0.0,0.0
4,3,0.0,0.0,0.0,0.9375,0.0,0.0625,0.0,0.0,0.0,0.0,0.0
4,3,0.0,0.0,0.0,0.9375,0.0,0.0625,0.0,0.0,0.0,0.0,0.0
4,3,0.0,0.0,0.0,0.9375,0.0,0.0625,0.0,0.0,0.0,0.0,0.0
4,3,0.0,0.0,0.0,0.9375,0.0,0.0625,0.0,0.0,0.0,0.0,0.0
4,3,0.0,0.0,0.0,0.9375,0.0,0.0625,0.0,0.0,0.0,0.0,0.0
4,3,0.0,0.0,0.0,0.9375,0.0,0.0625,0.0,0.0,0.0,0.0,0.0
4,3,0.0,0.0,0.0,0.9375,0.0,0.0625,0.0,0.0,0.0,0.0,0.0
4,3,0.0,0.0,0.0,0.9375,0.0,0.0625,0.0,0.0,0.0,0.0,0.0
4,3,0.0,0.0,0.0,0.9375,0.0,0.0625,0.0,0.0,0.0,0.0,0.0
4,3,0.0,0.0,0.0,0.9375,0.0,0.0625,0.0,0.0,0.0,0.0,0.0
4,3,0.0,0.0,0.0,0.9375,0.0,0.0625,0.0,0.0,0.0,0.0,0.0
4,3,0.0,0.0,0.0,0.9375,0.0,0.0625,0.0,0.0,0.0,0.0,0.0
4,3,0.0,0.0,0.0,0.9375,0.0,0.0625,0.0,0.0,0.0,0.0,0.0
4,3,0.0,0.0,0.0,0.9375,0.0,0.0625,0.0,0.0,0.0,0.0,0.0
4,3,0.0,0.0,0.0,0.9375,0.0,0.0625,0.0,0.0,0.0,0.0,0.0
4,3,0.0,0.0,0.0,0.9375,0.0,0.0625,0.0,0.0,0.0,0.0,0.0
4,3,0.0,0.0,0.0,0.9375,0.0,0.0625,0.0,0.0,0.0,0.0,0.0
4,3,0.0,0.0,0.0,0.9375,0.0,0.0625,0.0,0.0,0.0,0.0,0.0
4,3,0.0,0.0,0.0,0.9375,0.0,0.0625,0.0,0.0,0.0,0.0,0.0
4,3,0.0,0.0,0.0,0.9375,0.0,0.0625,0.0,0.0,0.0,0.0,0.0
4,3,0.0,0.0,0.0,0.9375,0.0,0.0625,0.0,0.0,0.0,0.0,0.0
4,3,0.0,0.0,0.0,0.9375,0.0,0.0625,0.0,0.0,0.0,0.0,0.0
4,3,0.0625,0.0,0.0,0.875,0.0,0.0625,0.0,0.0,0.0,0.0,0.0
4,3,0.0625,0.0,0.0,0.875,0.0,0.0625,0.0,0.0,0.0,0.0,0.0
4,3,0.0625,0.0,0.0,0.875,0.0,0.0625,0.0,0.0,0.0,0.0,0.0
4,3,0.0625,0.0,0.0,0.875,0.0,0.0625,0.0,0.0,0.0,0.0,0.0
4,3,0.0625,0.0,0.0,0.875,0.0,0.0625,0.0,0.0,0.0,0.0,0.0
4,3,0.0625,0.0,0.0,0.875,0.0,0.0625,0.0,0.0,0.0,0.0,0.0
4,3,0.0625,0.0,0.0,0.875,0.0,0.0625,0.0,0.0,0.0,0.0,0.0
4,3,0.0625,0.0,0.0,0.875,0.0,0.0625,0.0,0.0,0.0,0.0,0.0
4,3,0.0625,0.0,0.0,0.875,0.0,0.0625,0.0,0.0,0.0,0.0,0.0
4,3,0.0625,0.0,0.0,0.875,0.0,0.0625,0.0,0.0,0.0,0.0,0.0
4,3,0.0625,0.0,0.0,0.875,0.0,0.0625,0.0,0.0,0.0,0.0,0.0
4,3,0.0625,0.0,0.0,0.875,0.0,0.0625,0.0,0.0,0.0,0.0,0.0
4,3,0.0625,0.0,0.0,0.875,0.0,0.0625,0.0,0.0,0.0,0.0,0.0
4,3,0.0625,0.0,0.0,0.875,0.0,0.0625,0.0,0.0,0.0,0.0,0.0
4,3,0.0625,0.0,0.0,0.875,0.0,0.0625,0.0,0.0,0.0,0.0,0.0
4,3,0.0625,0.0,0.0,0.875,0.0,0.0625,0.0,0.0,0.0,0.0,0.0
4,3,0.0625,0.0,0.0,0.875,0.0,0.0625,0.0,0.0,0.0,0.0,0.0
4,3,0.0625,0.0,0.0,0.875,0.0,0.0625,0.0,0.0,0.0,0.0,0.0
4,3,0.0625,0.0,0.0,0.875,0.0,0.0625,0.0,0.0,0.0,0.0,0.0
4,3,0.0625,0.0,0.0,0.875,0.0,0.0625,0.0,0.0,0.0,0.0,0.0
4,3,0.0625,0.0,0.0,0.875,0.0,0.0625,0.0,0.0,0.0,0.0,0.0
4,3,0.0625,0.0,0.0,0.875,0.0,0.0625,0.0,0.0,0.0,0.0,0.0
4,3,0.0625,0.0,0.0,0.875,0.0,0.0625,0.0,0.0,0.0,0.0,0.0
4,3,0.0625,0.0,0.0,0.875,0.0,0.0625,0.0,0.0,0.0,0.0,0.0
4,3,0.0625,0.0,0.0,0.875,0.0,0.0625,0.0,0.0,0.0,0.0,0.0
4,3,0.0625,0.0,0.0,0.875,0.0,0.0625,0.0,0.0,0.0,0.0,0.0
4,3,0.0625,0.0,0.0,0.875,0.0,0.0625,0.0,0.0,0.0,0.0,0.0
4,3,0.0625,0.0,0.0,0.875,0.0,0.0625,0.0,0.0,0.0,0.0,0.0
4,3,0.0625,0.0,0.0,0.875,0.0,0.0625,0.0,0.0,0.0,0.0,0.0
4,3,0.0625,0.0,0.0,0.875,0.0,0.0625,0.0,0.0,0.0,0.0,0.0
4,3,0.0625,0.0,0.0,0.875,0.0,0.0625,0.0,0.0,0.0,0.0,0.0
4,3,0.0625,0.0,0.0,0.875,0.0,0.0625,0.0,0.0,0.0,0.0,0.0
4,3,0.0625,0.0,0.0,0.875,0.0,0.0625,0.0,0.0,0.0,0.0,0.0
4,3,0.0625,0.0,0.0,0.875,0.0,0.0625,0.0,0.0,0.0,0.0,0.0
4,3,0.0625,0.0,0.0,0.875,0.0,0.0625,0.0,0.0,0.0,0.0,0.0
4,3,0.0625,0.0,0.0,0.875,0.0,0.0625,0.0,0.0,0.0,0.0,0.0
4,3,0.0625,0.0,0.0,0.875,0.0,0.0625,0.0,0.0,0.0,0.0,0.0
4,3,0.0625,0.0,0.0,0.875,0.0,0.0625,0.0,0.0,0.0,0.0,0.0
4,3,0.0625,0.0,0.0,0.875,0.0,0.0625,0.0,0.0,0.0,0.0,0.0
4,3,0.0625,0.0,0.0,0.875,0.0,0.0625,0.0,0.0,0.0,0.0,0.0
4,3,0.0625,0.0,0.0,0.875,0.0,0.0625,0.0,0.0,0.0,0.0,0.0
4,3,0.0625,0.0,0.0,0.875,0.0,0.0625,0.0,0.0,0.0,0.0,0.0
4,3,0.0625,0.0,0.0,0.875,0.0,0.0625,0.0,0.0,0.0,0.0,0.0
4,3,0.0625,0.0,0.0,0.875,0.0,0.0625,0.0,0.0,0.0,0.0,0.0
4,3,0.0625,0.0,0.0,0.875,0.0,0.0625,0.0,0.0,0.0,0.0,0.0
4,3,0.0625,0.0,0.0,0.875,0.0,0.0625,0.0,0.0,0.0,0.0,0.0
4,3,0.0625,0.0,0.0,0.875,0.0,0.0625,0.0,0.0,0.0,0.0,0.0
4,3,0.0625,0.0,0.0,0.875,0.0,0.0625,0.0,0.0,0.0,0.0,0.0
4,3,0.0625,0.0,0.0,0.875,0.0,0.0625,0.0,0.0,0.0,0.0,0.0
4,3,0.0625,0.0,0.0,0.875,0.0,0.0625,0.0,0.0,0.0,0.0,0.0
4,3,0.0625,0.0,0.0,0.875,0.0,0.0625,0.0,0.0,0.0,0.0,0.0
4,3,0.0625,0.0,0.0,0.875,0.0,0.0625,0.0,0.0,0.0,0.0,0.0
4,3,0.0625,0.0,0.0,0.875,0.0,0.0625,0.0,0.0,0.0,0.0,0.0
4,3,0.0625,0.0,0.0,0.875,0.0,0.0625,0.0,0.0,0.0,0.0,0.0
4,3,0.0625,0.0,0.0,0.875,0.0,0.0625,0.0,0.0,0.0,0.0,0.0
4,3,0.0625,0.0,0.0,0.875,0.0,0.0625,0.0,0.0,0.0,0.0,0.0
4,3,0.0625,0.0,0.0,0.875,0.0,0.0625,0.0,0.0,0.0,0.0,0.0
4,3,0.0625,0.0,0.0,0.875,0.0,0.0625,0.0,0.0,0.0,0.0,0.0
4,3,0.0625,0.0,0.0,0.8125,0.0625,0.0625,0.0,0.0,0.0,0.0,0.0
4,3,0.0625,0.0,0.0,0.8125,0.0625,0.0625,0.0,0.0,0.0,0.0,0.0
4,3,0.0625,0.0,0.0,0.8125,0.0625,0.0625,0.0,0.0,0.0,0.0,0.0
4,3,0.0625,0.0,0.0,0.8125,0.0625,0.0625,0.0,0.0,0.0,0.0,0.0
4,3,0.0625,0.0,0.0,0.8125,0.0625,0.0625,0.0,0.0,0.0,0.0,0.0
4,3,0.0625,0.0,0.0,0.8125,0.0625,0.0625,0.0,0.0,0.0,0.0,0.0
4,3,0.0625,0.0,0.0,0.8125,0.0625,0.0625,0.0,0.0,0.0,0.0,0.0
4,3,0.0625,0.0,0.0,0.8125,0.0625,0.0625,0.0,0.0,0.0,0.0,0.0
4,3,0.0625,0.0,0.0,0.8125,0.0625,0.0625,0.0,0.0,0.0,0.0,0.0
4,3,0.0625,0.0,0.0,0.8125,0.0625,0.0625,0.0,0.0,0.0,0.0,0.0
4,3,0.0625,0.0,0.0,0.8125,0.0625,0.0625,0.0,0.0,0.0,0.0,0.0
4,3,0.0625,0.0,0.0,0.8125,0.0625,0.0625,0.0,0.0,0.0,0.0,0.0
4,3,0.0625,0.0,0.0,0.8125,0.0625,0.0625,0.0,0.0,0.0,0.0,0.0
4,3,0.0625,0.0,0.0,0.8125,0.0625,0.0625,0.0,0.0,0.0,0.0,0.0
4,3,0.0625,0.0,0.0,0.8125,0.0625,0.0625,0.0,0.0,0.0,0.0,0.0
4,3,0.0625,0.0,0.0,0.8125,0.0625,0.0625,0.0,0.0,0.0,0.0,0.0
4,3,0.0625,0.0,0.0,0.8125,0.0625,0.0625,0.0,0.0,0.0,0.0,0.0
4,3,0.0625,0.0,0.0,0.8125,0.0625,0.0625,0.0,0.0,0.0,0.0,0.0
4,3,0.0625,0.0,0.0,0.8125,0.0625,0.0625,0.0,0.0,0.0,0.0,0.0
4,3,0.0625,0.0,0.0,0.8125,0.0625,0.0625,0.0,0.0,0.0,0.0,0.0
4,3,0.0625,0.0,0.0,0.8125,0.0625,0.0625,0.0,0.0,0.0,0.0,0.0
4,3,0.0625,0.0,0.0,0.8125,0.0625,0.0625,0.0,0.0,0.0,0.0,0.0
4,3,0.0625,0.0,0.0,0.8125,0.0625,0.0625,0.0,0.0,0.0,0.0,0.0
4,3,0.0625,0.0,0.0,0.8125,0.0625,0.0625,0.0,0.0,0.0,0.0,0.0
4,3,0.0625,0.0,0.0,0.8125,0.0625,0.0625,0.0,0.0,0.0,0.0,0.0
4,3,0.0625,0.0,0.0,0.8125,0.0625,0.0625,0.0,0.0,0.0,0.0,0.0
4,3,0.0625,0.0,0.0,0.8125,0.0625,0.0625,0.0,0.0,0.0,0.0,0.0
4,3,0.0625,0.0,0.0,0.8125,0.0625,0.0625,0.0,0.0,0.0,0.0,0.0
4,3,0.0625,0.0,0.0,0.8125,0.0625,0.0625,0.0,0.0,0.0,0.0,0.0
4,3,0.0625,0.0,0.0,0.8125,0.0625,0.0625,0.0,0.0,0.0,0.0,0.0
4,3,0.0625,0.0,0.0,0.8125,0.0625,0.0625,0.0,0.0,0.0,0.0,0.0
4,3,0.0625,0.0,0.0,0.8125,0.0625,0.0625,0.0,0.0,0.0,0.0,0.0
4,3,0.0625,0.0,0.0,0.8125,0.0625,0.0625,0.0,0.0,0.0,0.0,0.0
4,3,0.0625,0.0,0.0,0.8125,0.0625,0.0625,0.0,0.0,0.0,0.0,0.0
4,3,0.0625,0.0,0.0,0.8125,0.0625,0.0625,0.0,0.0,0.0,0.0,0.0
4,3,0.0625,0.0,0.0,0.8125,0.0625,0.0625,0.0,0.0,0.0,0.0,0.0
4,3,0.0625,0.0,0.0,0.8125,0.0625,0.0625,0.0,0.0,0.0,0.0,0.0
4,3,0.0625,0.0,0.0,0.8125,0.0625,0.0625,0.0,0.0,0.0,0.0,0.0
4,3,0.0625,0.0,0.0,0.8125,0.0625,0.0625,0.0,0.0,0.0,0.0,0.0
4,3,0.0625,0.0,0.0,0.8125,0.0625,0.0625,0.0,0.0,0.0,0.0,0.0
4,3,0.0625,0.0,0.0,0.8125,0.0625,0.0625,0.0,0.0,0.0,0.0,0.0
4,3,0.0625,0.0,0.0,0.8125,0.0625,0.0625,0.0,0.0,0.0,0.0,0.0
4,3,0.0625,0.0,0.0,0.8125,0.0625,0.0625,0.0,0.0,0.0,0.0,0.0
4,3,0.0625,0.0,0.0,0.8125,0.0625,0.0625,0.0,0.0,0.0,0.0,0.0
4,3,0.0625,0.0,0.0,0.8125,0.0625,0.0625,0.0,0.0,0.0,0.0,0.0
4,3,0.0625,0.0,0.0,0.8125,0.0625,0.0625,0.0,0.0,0.0,0.0,0.0
4,3,0.0,0.0,0.0,0.875,0.0625,0.0625,0.0,0.0,0.0,0.0,0.0
4,3,0.0,0.0,0.0,0.875,0.0625,0.0625,0.0,0.0,0.0,0.0,0.0
4,3,0.0,0.0,0.0,0.875,0.0625,0.0625,0.0,0.0,0.0,0.0,0.0
4,3,0.0,0.0,0.0,0.875,0.0625,0.0625,0.0,0.0,0.0,0.0,0.0
4,3,0.0,0.0,0.0,0.875,0.0625,0.0625,0.0,0.0,0.0,0.0,0.0
4,3,0.0,0.0,0.0,0.875,0.0625,0.0625,0.0,0.0,0.0,0.0,0.0
4,3,0.0,0.0,0.0,0.875,0.0625,0.0625,0.0,0.0,0.0,0.0,0.0
4,3,0.0,0.0,0.0,0.875,0.0625,0.0625,0.0,0.0,0.0,0.0,0.0
4,3,0.0,0.0,0.0,0.875,0.0625,0.0625,0.0,0.0,0.0,0.0,0.0
4,3,0.0,0.0,0.0,0.875,0.0625,0.0625,0.0,0.0,0.0,0.0,0.0
4,3,0.0,0.0,0.0,0.875,0.0625,0.0625,0.0,0.0,0.0,0.0,0.0
4,3,0.0,0.0,0.0,0.875,0.0625,0.0625,0.0,0.0,0.0,0.0,0.0
4,3,0.0,0.0,0.0,0.875,0.0625,0.0625,0.0,0.0,0.0,0.0,0.0
4,3,0.0,0.0,0.0,0.875,0.0625,0.0625,0.0,0.0,0.0,0.0,0.0
4,3,0.0,0.0,0.0,0.875,0.0625,0.0625,0.0,0.0,0.0,0.0,0.0
4,3,0.0,0.0,0.0,0.875,0.0625,0.0625,0.0,0.0,0.0,0.0,0.0
4,3,0.0,0.0,0.0,0.875,0.0625,0.0625,0.0,0.0,0.0,0.0,0.0
4,3,0.0,0.0,0.0,0.875,0.0625,0.0625,0.0,0.0,0.0,0.0,0.0
4,3,0.0,0.0,0.0,0.875,0.0625,0.0625,0.0,0.0,0.0,0.0,0.0
4,3,0.0,0.0,0.0,0.875,0.0625,0.0625,0.0,0.0,0.0,0.0,0.0
4,3,0.0,0.0,0.0,0.875,0.0625,0.0625,0.0,0.0,0.0,0.0,0.0
4,3,0.0,0.0,0.0,0.875,0.0625,0.0625,0.0,0.0,0.0,0.0,0.0
4,3,0.0,0.0,0.0,0.875,0.0625,0.0625,0.0,0.0,0.0,0.0,0.0
4,3,0.0,0.0,0.0,0.875,0.0625,0.0625,0.0,0.0,0.0,0.0,0.0
4,3,0.0,0.0,0.0,0.875,0.0625,0.0625,0.0,0.0,0.0,0.0,0.0
4,3,0.0,0.0,0.0,0.875,0.0625,0.0625,0.0,0.0,0.0,0.0,0.0
4,3,0.0,0.0,0.0,0.875,0.0625,0.0625,0.0,0.0,0.0,0.0,0.0
4,3,0.0,0.0,0.0,0.875,0.0625,0.0625,0.0,0.0,0.0,0.0,0.0
4,3,0.0,0.0,0.0,0.875,0.0625,0.0625,0.0,0.0,0.0,0.0,0.0
4,3,0.0,0.0,0.0,0.875,0.0625,0.0625,0.0,0.0,0.0,0.0,0.0
4,3,0.0,0.0,0.0,0.875,0.0625,0.0625,0.0,0.0,0.0,0.0,0.0
4,3,0.0,0.0,0.0,0.875,0.0625,0.0625,0.0,0.0,0.0,0.0,0.0
4,3,0.0,0.0,0.0,0.875,0.0625,0.0625,0.0,0.0,0.0,0.0,0.0
4,3,0.0,0.0,0.0,0.875,0.0625,0.0625,0.0,0.0,0.0,0.0,0.0
4,3,0.0,0.0,0.0,0.875,0.0625,0.0625,0.0,0.0,0.0,0.0,0.0
4,3,0.0,0.0,0.0,0.875,0.0625,0.0625,0.0,0.0,0.0,0.0,0.0
4,3,0.0,0.0,0.0,0.875,0.0625,0.0625,0.0,0.0,0.0,0.0,0.0
4,3,0.0,0.0,0.0,0.875,0.0625,0.0625,0.0,0.0,0.0,0.0,0.0
4,3,0.0,0.0,0.0,0.875,0.0625,0.0625,0.0,0.0,0.0,0.0,0.0
4,3,0.0,0.0,0.0,0.875,0.0625,0.0625,0.0,0.0,0.0,0.0,0.0
4,3,0.0,0.0,0.0,0.875,0.0625,0.0625,0.0,0.0,0.0,0.0,0.0
4,3,0.0,0.0,0.0,0.875,0.0625,0.0625,0.0,0.0,0.0,0.0,0.0
4,3,0.0,0.0,0.0,0.875,0.0625,0.0625,0.0,0.0,0.0,0.0,0.0
4,3,0.0,0.0,0.0,0.875,0.0625,0.0625,0.0,0.0,0.0,0.0,0.0
4,3,0.0,0.0,0.0,0.875,0.0625,0.0625,0.0,0.0,0.0,0.0,0.0
4,3,0.0,0.0,0.0,0.875,0.0625,0.0625,0.0,0.0,0.0,0.0,0.0
4,3,0.0,0.0,0.0,0.875,0.0625,0.0625,0.0,0.0,0.0,0.0,0.0
4,3,0.0,0.0,0.0,0.875,0.0625,0.0625,0.0,0.0,0.0,0.0,0.0
4,3,0.0,0.0,0.0,0.875,0.0625,0.0625,0.0,0.0,0.0,0.0,0.0
4,3,0.0,0.0,0.0,0.875,0.0625,0.0625,0.0,0.0,0.0,0.0,0.0
4,3,0.0,0.0,0.0,0.875,0.0625,0.0625,0.0,0.0,0.0,0.0,0.0
4,3,0.0,0.0,0.0,0.875,0.0625,0.0625,0.0,0.0,0.0,0.0,0.0
4,3,0.0,0.0,0.0,0.875,0.0625,0.0625,0.0,0.0,0.0,0.0,0.0
4,3,0.0,0.0,0.0,0.875,0.0625,0.0625,0.0,0.0,0.0,0.0,0.0
4,3,0.0,0.0,0.0,0.875,0.0625,0.0625,0.0,0.0,0.0,0.0,0.0
4,3,0.0,0.0,0.0,0.875,0.0625,0.0625,0.0,0.0,0.0,0.0,0.0
4,3,0.0,0.0,0.0,0.875,0.0625,0.0625,0.0,0.0,0.0,0.0,0.0
4,3,0.0,0.0,0.0,0.875,0.0625,0.0625,0.0,0.0,0.0,0.0,0.0
4,3,0.0,0.0,0.0,0.875,0.0625,0.0625,0.0,0.0,0.0,0.0,0.0
4,3,0.0,0.0,0.0,0.875,0.0625,0.0625,0.0,0.0,0.0,0.0,0.0
4,3,0.0,0.0,0.0,0.875,0.0625,0.0625,0.0,0.0,0.0,0.0,0.0
4,3,0.0,0.0,0.0,0.875,0.0625,0.0625,0.0,0.0,0.0,0.0,0.0
4,3,0.0,0.0,0.0,0.875,0.0625,0.0625,0.0,0.0,0.0,0.0,0.0
4,3,0.0,0.0,0.0,0.875,0.0625,0.0625,0.0,0.0,0.0,0.0,0.0
4,3,0.0,0.0,0.0,0.875,0.0625,0.0625,0.0,0.0,0.0,0.0,0.0
4,3,0.0,0.0,0.0,0.875,0.0625,0.0625,0.0,0.0,0.0,0.0,0.0
4,3,0.0,0.0,0.0,0.875,0.0625,0.0625,0.0,0.0,0.0,0.0,0.0
4,3,0.0,0.0,0.0,0.875,0.0625,0.0625,0.0,0.0,0.0,0.0,0.0
4,3,0.0,0.0,0.0,0.875,0.0625,0.0625,0.0,0.0,0.0,0.0,0.0
4,3,0.0,0.0,0.0,0.875,0.0625,0.0625,0.0,0.0,0.0,0.0,0.0
4,3,0.0,0.0,0.0,0.875,0.0625,0.0625,0.0,0.0,0.0,0.0,0.0
4,3,0.0,0.0,0.0,0.875,0.0625,0.0625,0.0,0.0,0.0,0.0,0.0
4,3,0.0,0.0,0.0,0.875,0.0625,0.0625,0.0,0.0,0.0,0.0,0.0
4,3,0.0,0.0,0.0,0.875,0.0625,0.0625,0.0,0.0,0.0,0.0,0.0
4,3,0.0,0.0,0.0,0.875,0.0625,0.0625,0.0,0.0,0.0,0.0,0.0
4,3,0.0,0.0,0.0,0.875,0.0625,0.0625,0.0,0.0,0.0,0.0,0.0
4,3,0.0,0.0,0.0,0.875,0.0625,0.0625,0.0,0.0,0.0,0.0,0.0
4,3,0.0,0.0,0.0,0.875,0.0625,0.0625,0.0,0.0,0.0,0.0,0.0
4,3,0.0,0.0,0.0,0.875,0.0625,0.0625,0.0,0.0,0.0,0.0,0.0
4,3,0.0,0.0,0.0,0.875,0.0625,0.0625,0.0,0.0,0.0,0.0,0.0
4,3,0.0,0.0,0.0,0.875,0.0625,0.0625,0.0,0.0,0.0,0.0,0.0
4,3,0.0,0.0,0.0,0.875,0.0625,0.0625,0.0,0.0,0.0,0.0,0.0
4,3,0.0,0.0,0.0,0.875,0.0625,0.0625,0.0,0.0,0.0,0.0,0.0
4,3,0.0,0.0,0.0,0.875,0.0625,0.0625,0.0,0.0,0.0,0.0,0.0
4,3,0.0,0.0,0.0,0.875,0.0625,0.0625,0.0,0.0,0.0,0.0,0.0
4,3,0.0,0.0,0.0,0.875,0.0625,0.0625,0.0,0.0,0.0,0.0,0.0
4,3,0.0,0.0,0.0,0.875,0.0625,0.0625,0.0,0.0,0.0,0.0,0.0
4,3,0.0,0.0,0.0,0.875,0.0625,0.0625,0.0,0.0,0.0,0.0,0.0
4,3,0.0,0.0,0.0,0.875,0.0625,0.0625,0.0,0.0,0.0,0.0,0.0
4,3,0.0,0.0,0.0,0.875,0.0625,0.0625,0.0,0.0,0.0,0.0,0.0
4,3,0.0,0.0,0.0,0.875,0.0625,0.0625,0.0,0.0,0.0,0.0,0.0
4,3,0.0,0.0,0.0,0.875,0.0625,0.0625,0.0,0.0,0.0,0.0,0.0
4,3,0.0,0.0,0.0,0.875,0.0625,0.0625,0.0,0.0,0.0,0.0,0.0
4,3,0.0,0.0,0.0,0.875,0.0625,0.0625,0.0,0.0,0.0,0.0,0.0
4,3,0.0,0.0,0.0,0.875,0.0625,0.0625,0.0,0.0,0.0,0.0,0.0
4,3,0.0,0.0,0.0,0.875,0.0625,0.0625,0.0,0.0,0.0,0.0,0.0
4,3,0.0,0.0,0.0,0.875,0.0625,0.0625,0.0,0.0,0.0,0.0,0.0
4,3,0.0,0.0,0.0,0.875,0.0625,0.0625,0.0,0.0,0.0,0.0,0.0
4,3,0.0,0.0,0.0,0.875,0.0625,0.0625,0.0,0.0,0.0,0.0,0.0
4,3,0.0,0.0,0.0,0.875,0.0625,0.0625,0.0,0.0,0.0,0.0,0.0
4,3,0.0,0.0,0.0,0.875,0.0625,0.0625,0.0,0.0,0.0,0.0,0.0
4,3,0.0,0.0,0.0,0.875,0.0625,0.0625,0.0,0.0,0.0,0.0,0.0
4,3,0.0,0.0,0.0,0.875,0.0625,0.0625,0.0,0.0,0.0,0.0,0.0
4,3,0.0,0.0,0.0,0.875,0.0625,0.0625,0.0,0.0,0.0,0.0,0.0
4,3,0.0,0.0,0.0,0.875,0.0625,0.0625,0.0,0.0,0.0,0.0,0.0
4,3,0.0,0.0,0.0,0.875,0.0625,0.0625,0.0,0.0,0.0,0.0,0.0
4,3,0.0,0.0,0.0,0.875,0.0625,0.0625,0.0,0.0,0.0,0.0,0.0
4,3,0.0,0.0,0.0,0.875,0.0625,0.0625,0.0,0.0,0.0,0.0,0.0
4,3,0.0,0.0,0.0,0.875,0.0625,0.0625,0.0,0.0,0.0,0.0,0.0
4,3,0.0,0.0,0.0,0.875,0.0625,0.0625,0.0,0.0,0.0,0.0,0.0
4,3,0.0,0.0,0.0,0.875,0.0625,0.0625,0.0,0.0,0.0,0.0,0.0
4,3,0.0,0.0,0.0,0.875,0.0625,0.0625,0.0,0.0,0.0,0.0,0.0
4,3,0.0,0.0,0.0,0.875,0.0625,0.0625,0.0,0.0,0.0,0.0,0.0
4,3,0.0,0.0,0.0,0.875,0.0625,0.0625,0.0,0.0,0.0,0.0,0.0
4,3,0.0,0.0,0.0,0.875,0.0625,0.0625,0.0,0.0,0.0,0.0,0.0
4,3,0.0,0.0,0.0,0.875,0.0625,0.0625,0.0,0.0,0.0,0.0,0.0
4,3,0.0,0.0,0.0,0.875,0.0625,0.0625,0.0,0.0,0.0,0.0,0.0
4,3,0.0,0.0,0.0,0.875,0.0625,0.0625,0.0,0.0,0.0,0.0,0.0
4,3,0.0,0.0,0.0,0.875,0.0625,0.0625,0.0,0.0,0.0,0.0,0.0
4,3,0.0,0.0,0.0,0.875,0.0625,0.0625,0.0,0.0,0.0,0.0,0.0
4,3,0.0,0.0,0.0,0.875,0.0625,0.0625,0.0,0.0,0.0,0.0,0.0
4,3,0.0,0.0,0.0,0.875,0.0625,0.0625,0.0,0.0,0.0,0.0,0.0
4,3,0.0,0.0,0.0,0.875,0.0625,0.0625,0.0,0.0,0.0,0.0,0.0
4,3,0.0,0.0,0.0,0.875,0.0625,0.0625,0.0,0.0,0.0,0.0,0.0
4,3,0.0,0.0,0.0,0.875,0.0625,0.0625,0.0,0.0,0.0,0.0,0.0
4,3,0.0,0.0,0.0,0.875,0.0625,0.0625,0.0,0.0,0.0,0.0,0.0
4,3,0.0,0.0,0.0,0.875,0.0625,0.0625,0.0,0.0,0.0,0.0,0.0
4,3,0.0,0.0,0.0,0.875,0.0625,0.0625,0.0,0.0,0.0,0.0,0.0
4,3,0.0,0.0,0.0,0.875,0.0625,0.0625,0.0,0.0,0.0,0.0,0.0
4,3,0.0,0.0,0.0,0.875,0.0625,0.0625,0.0,0.0,0.0,0.0,0.0
4,3,0.0,0.0,0.0,0.875,0.0625,0.0625,0.0,0.0,0.0,0.0,0.0
4,3,0.0,0.0,0.0,0.875,0.0625,0.0625,0.0,0.0,0.0,0.0,0.0
4,3,0.0,0.0,0.0,0.875,0.0625,0.0625,0.0,0.0,0.0,0.0,0.0
4,3,0.0,0.0,0.0,0.875,0.0625,0.0625,0.0,0.0,0.0,0.0,0.0
4,3,0.0,0.0,0.0,0.875,0.0625,0.0625,0.0,0.0,0.0,0.0,0.0
4,3,0.0,0.0,0.0,0.875,0.0625,0.0625,0.0,0.0,0.0,0.0,0.0
4,3,0.0,0.0,0.0,0.875,0.0625,0.0625,0.0,0.0,0.0,0.0,0.0
4,3,0.0,0.0,0.0,0.875,0.0625,0.0625,0.0,0.0,0.0,0.0,0.0
4,3,0.0,0.0,0.0,0.875,0.0625,0.0625,0.0,0.0,0.0,0.0,0.0
4,3,0.0,0.0,0.0,0.875,0.0625,0.0625,0.0,0.0,0.0,0.0,0.0
4,3,0.0,0.0,0.0,0.875,0.0625,0.0625,0.0,0.0,0.0,0.0,0.0
4,3,0.0,0.0,0.0,0.9375,0.0,0.0625,0.0,0.0,0.0,0.0,0.0
4,3,0.0,0.0,0.0,0.9375,0.0,0.0625,0.0,0.0,0.0,0.0,0.0
4,3,0.0,0.0,0.0,0.9375,0.0,0.0625,0.0,0.0,0.0,0.0,0.0
4,3,0.0,0.0,0.0,0.9375,0.0,0.0625,0.0,0.0,0.0,0.0,0.0
4,3,0.0,0.0,0.0,0.9375,0.0,0.0625,0.0,0.0,0.0,0.0,0.0
4,3,0.0,0.0,0.0,0.9375,0.0,0.0625,0.0,0.0,0.0,0.0,0.0
4,3,0.0,0.0,0.0,0.9375,0.0,0.0625,0.0,0.0,0.0,0.0,0.0
4,3,0.0,0.0,0.0,0.9375,0.0,0.0625,0.0,0.0,0.0,0.0,0.0
4,3,0.0,0.0,0.0,0.9375,0.0,0.0625,0.0,0.0,0.0,0.0,0.0
4,3,0.0,0.0,0.0,0.9375,0.0,0.0625,0.0,0.0,0.0,0.0,0.0
4,3,0.0,0.0,0.0,0.9375,0.0,0.0625,0.0,0.0,0.0,0.0,0.0
4,3,0.0,0.0,0.0,0.9375,0.0,0.0625,0.0,0.0,0.0,0.0,0.0
4,3,0.0,0.0,0.0,0.9375,0.0,0.0625,0.0,0.0,0.0,0.0,0.0
4,3,0.0,0.0,0.0,0.9375,0.0,0.0625,0.0,0.0,0.0,0.0,0.0
4,3,0.0,0.0,0.0,0.9375,0.0,0.0625,0.0,0.0,0.0,0.0,0.0
4,3,0.0,0.0,0.0,0.9375,0.0,0.0625,0.0,0.0,0.0,0.0,0.0
4,3,0.0,0.0,0.0,0.9375,0.0,0.0625,0.0,0.0,0.0,0.0,0.0
4,3,0.0,0.0,0.0,0.9375,0.0,0.0625,0.0,0.0,0.0,0.0,0.0
4,3,0.0,0.0,0.0,0.9375,0.0,0.0625,0.0,0.0,0.0,0.0,0.0
4,3,0.0,0.0,0.0,0.9375,0.0,0.0625,0.0,0.0,0.0,0.0,0.0
4,3,0.0,0.0,0.0,0.9375,0.0,0.0625,0.0,0.0,0.0,0.0,0.0
4,3,0.0,0.0,0.0,0.9375,0.0,0.0625,0.0,0.0,0.0,0.0,0.0
4,3,0.0,0.0,0.0,0.9375,0.0,0.0625,0.0,0.0,0.0,0.0,0.0
4,3,0.0,0.0,0.0,0.9375,0.0,0.0625,0.0,0.0,0.0,0.0,0.0
4,3,0.0,0.0,0.0,0.9375,0.0,0.0625,0.0,0.0,0.0,0.0,0.0
4,3,0.0,0.0,0.0,0.9375,0.0,0.0625,0.0,0.0,0.0,0.0,0.0
4,3,0.0,0.0,0.0,0.9375,0.0,0.0625,0.0,0.0,0.0,0.0,0.0
4,3,0.0,0.0,0.0,0.9375,0.0,0.0625,0.0,0.0,0.0,0.0,0.0
4,3,0.0,0.0,0.0,0.9375,0.0,0.0625,0.0,0.0,0.0,0.0,0.0
4,3,0.0,0.0,0.0,0.9375,0.0,0.0625,0.0,0.0,0.0,0.0,0.0
4,3,0.0,0.0,0.0,0.9375,0.0,0.0625,0.0,0.0,0.0,0.0,0.0
4,3,0.0,0.0,0.0,0.9375,0.0,0.0625,0.0,0.0,0.0,0.0,0.0
4,3,0.0,0.0,0.0,0.9375,0.0,0.0625,0.0,0.0,0.0,0.0,0.0
4,3,0.0,0.0,0.0,0.9375,0.0,0.0625,0.0,0.0,0.0,0.0,0.0
4,3,0.0,0.0,0.0,0.9375,0.0,0.0625,0.0,0.0,0.0,0.0,0.0
4,3,0.0,0.0,0.0,0.9375,0.0,0.0625,0.0,0.0,0.0,0.0,0.0
4,3,0.0,0.0,0.0,0.9375,0.0,0.0625,0.0,0.0,0.0,0.0,0.0
4,3,0.0,0.0,0.0,0.9375,0.0,0.0625,0.0,0.0,0.0,0.0,0.0
4,3,0.0,0.0,0.0,0.9375,0.0,0.0625,0.0,0.0,0.0,0.0,0.0
4,3,0.0,0.0,0.0,0.9375,0.0,0.0625,0.0,0.0,0.0,0.0,0.0
4,3,0.0,0.0,0.0,0.9375,0.0,0.0625,0.0,0.0,0.0,0.0,0.0
4,3,0.0,0.0,0.0,0.9375,0.0,0.0625,0.0,0.0,0.0,0.0,0.0
4,3,0.0,0.0,0.0,0.9375,0.0,0.0625,0.0,0.0,0.0,0.0,0.0
4,3,0.0,0.0,0.0,0.9375,0.0,0.0625,0.0,0.0,0.0,0.0,0.0
4,3,0.0,0.0,0.0,0.9375,0.0,0.0625,0.0,0.0,0.0,0.0,0.0
4,3,0.0,0.0,0.0,0.9375,0.0,0.0625,0.0,0.0,0.0,0.0,0.0
4,3,0.0,0.0,0.0,0.9375,0.0,0.0625,0.0,0.0,0.0,0.0,0.0
4,3,0.0,0.0,0.0,0.9375,0.0,0.0625,0.0,0.0,0.0,0.0,0.0
4,3,0.0,0.0,0.0,0.9375,0.0,0.0625,0.0,0.0,0.0,0.0,0.0
4,3,0.0,0.0,0.0,0.9375,0.0,0.0625,0.0,0.0,0.0,0.0,0.0
4,3,0.0,0.0,0.0,0.9375,0.0,0.0625,0.0,0.0,0.0,0.0,0.0
4,3,0.0,0.0,0.0,0.9375,0.0,0.0625,0.0,0.0,0.0,0.0,0.0
4,3,0.0,0.0,0.0,0.9375,0.0,0.0625,0.0,0.0,0.0,0.0,0.0
4,3,0.0,0.0,0.0,0.9375,0.0,0.0625,0.0,0.0,0.0,0.0,0.0
4,3,0.0,0.0,0.0,0.9375,0.0,0.0625,0.0,0.0,0.0,0.0,0.0
4,3,0.0,0.0,0.0,0.9375,0.0,0.0625,0.0,0.0,0.0,0.0,0.0
4,3,0.0,0.0,0.0,0.9375,0.0,0.0625,0.0,0.0,0.0,0.0,0.0
4,3,0.0,0.0,0.0,0.9375,0.0,0.0625,0.0,0.0,0.0,0.0,0.0
4,3,0.0,0.0,0.0,0.9375,0.0,0.0625,0.0,0.0,0.0,0.0,0.0
4,3,0.0,0.0,0.0,0.9375,0.0,0.0625,0.0,0.0,0.0,0.0,0.0
4,3,0.0,0.0,0.0,0.9375,0.0,0.0625,0.0,0.0,0.0,0.0,0.0
4,3,0.0,0.0,0.0,0.9375,0.0,0.0625,0.0,0.0,0.0,0.0,0.0
4,3,0.0,0.0,0.0,0.9375,0.0,0.0625,0.0,0.0,0.0,0.0,0.0
4,3,0.0,0.0,0.0,0.9375,0.0,0.0625,0.0,0.0,0.0,0.0,0.0
4,3,0.0,0.0,0.0,0.9375,0.0,0.0625,0.0,0.0,0.0,0.0,0.0
4,3,0.0,0.0,0.0,0.9375,0.0,0.0625,0.0,0.0,0.0,0.0,0.0
4,3,0.0,0.0,0.0,0.9375,0.0,0.0625,0.0,0.0,0.0,0.0,0.0
4,3,0.0,0.0,0.0,0.9375,0.0,0.0625,0.0,0.0,0.0,0.0,0.0
4,3,0.0,0.0,0.0,0.9375,0.0,0.0625,0.0,0.0,0.0,0.0,0.0
4,3,0.0,0.0,0.0,0.9375,0.0,0.0625,0.0,0.0,0.0,0.0,0.0
4,3,0.0,0.0,0.0,0.9375,0.0,0.0625,0.0,0.0,0.0,0.0,0.0
4,3,0.0,0.0,0.0,0.9375,0.0,0.0625,0.0,0.0,0.0,0.0,0.0
4,3,0.0,0.0,0.0,0.9375,0.0,0.0625,0.0,0.0,0.0,0.0,0.0
4,3,0.0,0.0,0.0,0.9375,0.0,0.0625,0.0,0.0,0.0,0.0,0.0
4,3,0.0,0.0,0.0,0.9375,0.0,0.0625,0.0,0.0,0.0,0.0,0.0
4,3,0.0,0.0,0.0,0.9375,0.0,0.0625,0.0,0.0,0.0,0.0,0.0
4,3,0.0,0.0,0.0,0.9375,0.0,0.0625,0.0,0.0,0.0,0.0,0.0
4,3,0.0,0.0,0.0,0.9375,0.0,0.0625,0.0,0.0,0.0,0.0,0.0
4,3,0.0,0.0,0.0,0.9375,0.0,0.0625,0.0,0.0,0.0,0.0,0.0
4,3,0.0,0.0,0.0,0.9375,0.0,0.0625,0.0,0.0,0.0,0.0,0.0
4,3,0.0,0.0,0.0,0.9375,0.0,0.0625,0.0,0.0,0.0,0.0,0.0
4,3,0.0,0.0,0.0,0.9375,0.0,0.0625,0.0,0.0,0.0,0.0,0.0
4,3,0.0,0.0,0.0,0.9375,0.0,0.0625,0.0,0.0,0.0,0.0,0.0
4,3,0.0,0.0,0.0,0.9375,0.0,0.0625,0.0,0.0,0.0,0.0,0.0
4,3,0.0,0.0,0.0,0.9375,0.0,0.0625,0.0,0.0,0.0,0.0,0.0
4,3,0.0,0.0,0.0,0.9375,0.0,0.0625,0.0,0.0,0.0,0.0,0.0
4,3,0.0,0.0,0.0,0.9375,0.0,0.0625,0.0,0.0,0.0,0.0,0.0
4,3,0.0,0.0,0.0,0.9375,0.0,0.0625,0.0,0.0,0.0,0.0,0.0
4,3,0.0,0.0,0.0,0.9375,0.0,0.0625,0.0,0.0,0.0,0.0,0.0
4,3,0.0,0.0,0.0,0.9375,0.0,0.0625,0.0,0.0,0.0,0.0,0.0
4,3,0.0,0.0,0.0,0.9375,0.0,0.0625,0.0,0.0,0.0,0.0,0.0
4,3,0.0,0.0,0.0,0.9375,0.0,0.0625,0.0,0.0,0.0,0.0,0.0
4,3,0.0,0.0,0.0,0.9375,0.0,0.0625,0.0,0.0,0.0,0.0,0.0
4,3,0.0,0.0,0.0,1.0,0.0,0.0,0.0,0.0,0.0,0.0,0.0
4,3,0.0,0.0,0.0,1.0,0.0,0.0,0.0,0.0,0.0,0.0,0.0
4,3,0.0,0.0,0.0,1.0,0.0,0.0,0.0,0.0,0.0,0.0,0.0
4,3,0.0,0.0,0.0,1.0,0.0,0.0,0.0,0.0,0.0,0.0,0.0
4,3,0.0,0.0,0.0,1.0,0.0,0.0,0.0,0.0,0.0,0.0,0.0
4,3,0.0,0.0,0.0,1.0,0.0,0.0,0.0,0.0,0.0,0.0,0.0
4,3,0.0,0.0,0.0,1.0,0.0,0.0,0.0,0.0,0.0,0.0,0.0
4,3,0.0,0.0,0.0,1.0,0.0,0.0,0.0,0.0,0.0,0.0,0.0
4,3,0.0,0.0,0.0,1.0,0.0,0.0,0.0,0.0,0.0,0.0,0.0
4,3,0.0,0.0,0.0,1.0,0.0,0.0,0.0,0.0,0.0,0.0,0.0
4,3,0.0,0.0,0.0,1.0,0.0,0.0,0.0,0.0,0.0,0.0,0.0
4,3,0.0,0.0,0.0,1.0,0.0,0.0,0.0,0.0,0.0,0.0,0.0
4,3,0.0,0.0,0.0,1.0,0.0,0.0,0.0,0.0,0.0,0.0,0.0
4,3,0.0,0.0,0.0,1.0,0.0,0.0,0.0,0.0,0.0,0.0,0.0
4,3,0.0,0.0,0.0,1.0,0.0,0.0,0.0,0.0,0.0,0.0,0.0
4,3,0.0,0.0,0.0,1.0,0.0,0.0,0.0,0.0,0.0,0.0,0.0
4,3,0.0,0.0,0.0,1.0,0.0,0.0,0.0,0.0,0.0,0.0,0.0
4,3,0.0,0.0,0.0,1.0,0.0,0.0,0.0,0.0,0.0,0.0,0.0
4,3,0.0,0.0,0.0,1.0,0.0,0.0,0.0,0.0,0.0,0.0,0.0
4,3,0.0,0.0,0.0,1.0,0.0,0.0,0.0,0.0,0.0,0.0,0.0
4,3,0.0,0.0,0.0,1.0,0.0,0.0,0.0,0.0,0.0,0.0,0.0
4,3,0.0,0.0,0.0,1.0,0.0,0.0,0.0,0.0,0.0,0.0,0.0
4,3,0.0,0.0,0.0,1.0,0.0,0.0,0.0,0.0,0.0,0.0,0.0
4,3,0.0,0.0,0.0,1.0,0.0,0.0,0.0,0.0,0.0,0.0,0.0
4,3,0.0,0.0,0.0,1.0,0.0,0.0,0.0,0.0,0.0,0.0,0.0
4,3,0.0,0.0,0.0,1.0,0.0,0.0,0.0,0.0,0.0,0.0,0.0
4,3,0.0,0.0,0.0,1.0,0.0,0.0,0.0,0.0,0.0,0.0,0.0
4,3,0.0,0.0,0.0,1.0,0.0,0.0,0.0,0.0,0.0,0.0,0.0
4,3,0.0,0.0,0.0,1.0,0.0,0.0,0.0,0.0,0.0,0.0,0.0
4,3,0.0,0.0,0.0,1.0,0.0,0.0,0.0,0.0,0.0,0.0,0.0
4,3,0.0,0.0,0.0,1.0,0.0,0.0,0.0,0.0,0.0,0.0,0.0
4,3,0.0,0.0,0.0,1.0,0.0,0.0,0.0,0.0,0.0,0.0,0.0
4,3,0.0,0.0,0.0,1.0,0.0,0.0,0.0,0.0,0.0,0.0,0.0
4,3,0.0,0.0,0.0,1.0,0.0,0.0,0.0,0.0,0.0,0.0,0.0
4,3,0.0,0.0,0.0,1.0,0.0,0.0,0.0,0.0,0.0,0.0,0.0
4,3,0.0,0.0,0.0,1.0,0.0,0.0,0.0,0.0,0.0,0.0,0.0
4,3,0.0,0.0,0.0,1.0,0.0,0.0,0.0,0.0,0.0,0.0,0.0
4,3,0.0,0.0,0.0,1.0,0.0,0.0,0.0,0.0,0.0,0.0,0.0
4,3,0.0,0.0,0.0,1.0,0.0,0.0,0.0,0.0,0.0,0.0,0.0
4,3,0.0,0.0,0.0,1.0,0.0,0.0,0.0,0.0,0.0,0.0,0.0
4,3,0.0,0.0,0.0,1.0,0.0,0.0,0.0,0.0,0.0,0.0,0.0
4,3,0.0,0.0,0.0,1.0,0.0,0.0,0.0,0.0,0.0,0.0,0.0
4,3,0.0,0.0,0.0,1.0,0.0,0.0,0.0,0.0,0.0,0.0,0.0
4,3,0.0,0.0,0.0,1.0,0.0,0.0,0.0,0.0,0.0,0.0,0.0
4,3,0.0,0.0,0.0,1.0,0.0,0.0,0.0,0.0,0.0,0.0,0.0
4,3,0.0,0.0,0.0,1.0,0.0,0.0,0.0,0.0,0.0,0.0,0.0
4,3,0.0,0.0,0.0,1.0,0.0,0.0,0.0,0.0,0.0,0.0,0.0
4,3,0.0,0.0,0.0,1.0,0.0,0.0,0.0,0.0,0.0,0.0,0.0
4,3,0.0,0.0,0.0,1.0,0.0,0.0,0.0,0.0,0.0,0.0,0.0
4,3,0.0,0.0,0.0,1.0,0.0,0.0,0.0,0.0,0.0,0.0,0.0
4,3,0.0,0.0,0.0,1.0,0.0,0.0,0.0,0.0,0.0,0.0,0.0
4,3,0.0,0.0,0.0,1.0,0.0,0.0,0.0,0.0,0.0,0.0,0.0
4,3,0.0,0.0,0.0,1.0,0.0,0.0,0.0,0.0,0.0,0.0,0.0
4,3,0.0,0.0,0.0,1.0,0.0,0.0,0.0,0.0,0.0,0.0,0.0
4,3,0.0,0.0,0.0,1.0,0.0,0.0,0.0,0.0,0.0,0.0,0.0
4,3,0.0,0.0,0.0,1.0,0.0,0.0,0.0,0.0,0.0,0.0,0.0
4,3,0.0,0.0,0.0,1.0,0.0,0.0,0.0,0.0,0.0,0.0,0.0
4,3,0.0,0.0,0.0,1.0,0.0,0.0,0.0,0.0,0.0,0.0,0.0
4,3,0.0,0.0,0.0,1.0,0.0,0.0,0.0,0.0,0.0,0.0,0.0
4,3,0.0,0.0,0.0,1.0,0.0,0.0,0.0,0.0,0.0,0.0,0.0
4,3,0.0,0.0,0.0,1.0,0.0,0.0,0.0,0.0,0.0,0.0,0.0
4,3,0.0,0.0,0.0,1.0,0.0,0.0,0.0,0.0,0.0,0.0,0.0
4,3,0.0,0.0,0.0,1.0,0.0,0.0,0.0,0.0,0.0,0.0,0.0
4,3,0.0,0.0,0.0,1.0,0.0,0.0,0.0,0.0,0.0,0.0,0.0
4,3,0.0,0.0,0.0,1.0,0.0,0.0,0.0,0.0,0.0,0.0,0.0
4,3,0.0,0.0,0.0,1.0,0.0,0.0,0.0,0.0,0.0,0.0,0.0
4,3,0.0,0.0,0.0,1.0,0.0,0.0,0.0,0.0,0.0,0.0,0.0
4,3,0.0,0.0,0.0,1.0,0.0,0.0,0.0,0.0,0.0,0.0,0.0
4,3,0.0,0.0,0.0,1.0,0.0,0.0,0.0,0.0,0.0,0.0,0.0
4,3,0.0,0.0,0.0,1.0,0.0,0.0,0.0,0.0,0.0,0.0,0.0
4,3,0.0,0.0,0.0,1.0,0.0,0.0,0.0,0.0,0.0,0.0,0.0
4,3,0.0,0.0,0.0,1.0,0.0,0.0,0.0,0.0,0.0,0.0,0.0
4,3,0.0,0.0,0.0,1.0,0.0,0.0,0.0,0.0,0.0,0.0,0.0
4,3,0.0,0.0,0.0,1.0,0.0,0.0,0.0,0.0,0.0,0.0,0.0
4,3,0.0,0.0,0.0,1.0,0.0,0.0,0.0,0.0,0.0,0.0,0.0
4,3,0.0,0.0,0.0,1.0,0.0,0.0,0.0,0.0,0.0,0.0,0.0
4,3,0.0,0.0,0.0,1.0,0.0,0.0,0.0,0.0,0.0,0.0,0.0
4,3,0.0,0.0,0.0,1.0,0.0,0.0,0.0,0.0,0.0,0.0,0.0
4,3,0.0,0.0,0.0,1.0,0.0,0.0,0.0,0.0,0.0,0.0,0.0
4,3,0.0,0.0,0.0,1.0,0.0,0.0,0.0,0.0,0.0,0.0,0.0
4,3,0.0,0.0,0.0,1.0,0.0,0.0,0.0,0.0,0.0,0.0,0.0
4,3,0.0,0.0,0.0,1.0,0.0,0.0,0.0,0.0,0.0,0.0,0.0
4,3,0.0,0.0,0.0,1.0,0.0,0.0,0.0,0.0,0.0,0.0,0.0
4,3,0.0,0.0,0.0,1.0,0.0,0.0,0.0,0.0,0.0,0.0,0.0
4,3,0.0,0.0,0.0,1.0,0.0,0.0,0.0,0.0,0.0,0.0,0.0
4,3,0.0,0.0,0.0,1.0,0.0,0.0,0.0,0.0,0.0,0.0,0.0
4,3,0.0,0.0,0.0,1.0,0.0,0.0,0.0,0.0,0.0,0.0,0.0
4,3,0.0,0.0,0.0,1.0,0.0,0.0,0.0,0.0,0.0,0.0,0.0
4,3,0.0,0.0,0.0,1.0,0.0,0.0,0.0,0.0,0.0,0.0,0.0
4,3,0.0,0.0,0.0,1.0,0.0,0.0,0.0,0.0,0.0,0.0,0.0
4,3,0.0,0.0,0.0,1.0,0.0,0.0,0.0,0.0,0.0,0.0,0.0
4,3,0.0,0.0,0.0,1.0,0.0,0.0,0.0,0.0,0.0,0.0,0.0
4,3,0.0,0.0,0.0,1.0,0.0,0.0,0.0,0.0,0.0,0.0,0.0
4,3,0.0,0.0,0.0,1.0,0.0,0.0,0.0,0.0,0.0,0.0,0.0
4,3,0.0,0.0,0.0,1.0,0.0,0.0,0.0,0.0,0.0,0.0,0.0
4,3,0.0,0.0,0.0,1.0,0.0,0.0,0.0,0.0,0.0,0.0,0.0
4,3,0.0,0.0,0.0,1.0,0.0,0.0,0.0,0.0,0.0,0.0,0.0
4,3,0.0,0.0,0.0,1.0,0.0,0.0,0.0,0.0,0.0,0.0,0.0
4,3,0.0,0.0,0.0,1.0,0.0,0.0,0.0,0.0,0.0,0.0,0.0
4,3,0.0,0.0,0.0,1.0,0.0,0.0,0.0,0.0,0.0,0.0,0.0
4,3,0.0,0.0,0.0,1.0,0.0,0.0,0.0,0.0,0.0,0.0,0.0
4,3,0.0,0.0,0.0,1.0,0.0,0.0,0.0,0.0,0.0,0.0,0.0
4,3,0.0,0.0,0.0,1.0,0.0,0.0,0.0,0.0,0.0,0.0,0.0
4,3,0.0,0.0,0.0,1.0,0.0,0.0,0.0,0.0,0.0,0.0,0.0
4,3,0.0,0.0,0.0,1.0,0.0,0.0,0.0,0.0,0.0,0.0,0.0
4,3,0.0,0.0,0.0,1.0,0.0,0.0,0.0,0.0,0.0,0.0,0.0
4,3,0.0,0.0,0.0,1.0,0.0,0.0,0.0,0.0,0.0,0.0,0.0
4,3,0.0,0.0,0.0,1.0,0.0,0.0,0.0,0.0,0.0,0.0,0.0
4,3,0.0,0.0,0.0,1.0,0.0,0.0,0.0,0.0,0.0,0.0,0.0
4,3,0.0,0.0,0.0,1.0,0.0,0.0,0.0,0.0,0.0,0.0,0.0
4,3,0.0,0.0,0.0,1.0,0.0,0.0,0.0,0.0,0.0,0.0,0.0
4,3,0.0,0.0,0.0,1.0,0.0,0.0,0.0,0.0,0.0,0.0,0.0
4,3,0.0,0.0,0.0,1.0,0.0,0.0,0.0,0.0,0.0,0.0,0.0
4,3,0.0,0.0,0.0,1.0,0.0,0.0,0.0,0.0,0.0,0.0,0.0
4,3,0.0,0.0,0.0,1.0,0.0,0.0,0.0,0.0,0.0,0.0,0.0
4,3,0.0,0.0,0.0,1.0,0.0,0.0,0.0,0.0,0.0,0.0,0.0
4,3,0.0,0.0,0.0,1.0,0.0,0.0,0.0,0.0,0.0,0.0,0.0
4,3,0.0,0.0,0.0,1.0,0.0,0.0,0.0,0.0,0.0,0.0,0.0
4,3,0.0,0.0,0.0,1.0,0.0,0.0,0.0,0.0,0.0,0.0,0.0
4,3,0.0,0.0,0.0,1.0,0.0,0.0,0.0,0.0,0.0,0.0,0.0
4,3,0.0,0.0,0.0,1.0,0.0,0.0,0.0,0.0,0.0,0.0,0.0
4,3,0.0,0.0,0.0,1.0,0.0,0.0,0.0,0.0,0.0,0.0,0.0
4,3,0.0,0.0,0.0,1.0,0.0,0.0,0.0,0.0,0.0,0.0,0.0
4,3,0.0,0.0,0.0,1.0,0.0,0.0,0.0,0.0,0.0,0.0,0.0
4,3,0.0,0.0,0.0,1.0,0.0,0.0,0.0,0.0,0.0,0.0,0.0
4,3,0.0,0.0,0.0,1.0,0.0,0.0,0.0,0.0,0.0,0.0,0.0
4,3,0.0,0.0,0.0,1.0,0.0,0.0,0.0,0.0,0.0,0.0,0.0
4,3,0.0,0.0,0.0,1.0,0.0,0.0,0.0,0.0,0.0,0.0,0.0
4,3,0.0,0.0,0.0,1.0,0.0,0.0,0.0,0.0,0.0,0.0,0.0
4,3,0.0,0.0,0.0,1.0,0.0,0.0,0.0,0.0,0.0,0.0,0.0
4,3,0.0,0.0,0.0,1.0,0.0,0.0,0.0,0.0,0.0,0.0,0.0
4,3,0.0,0.0,0.0,1.0,0.0,0.0,0.0,0.0,0.0,0.0,0.0
4,3,0.0,0.0,0.0,1.0,0.0,0.0,0.0,0.0,0.0,0.0,0.0
4,3,0.0,0.0,0.0,1.0,0.0,0.0,0.0,0.0,0.0,0.0,0.0
4,3,0.0,0.0,0.0,1.0,0.0,0.0,0.0,0.0,0.0,0.0,0.0
4,3,0.0,0.0,0.0,1.0,0.0,0.0,0.0,0.0,0.0,0.0,0.0
4,3,0.0,0.0,0.0,1.0,0.0,0.0,0.0,0.0,0.0,0.0,0.0
4,3,0.0,0.0,0.0,1.0,0.0,0.0,0.0,0.0,0.0,0.0,0.0
4,3,0.0,0.0,0.0,1.0,0.0,0.0,0.0,0.0,0.0,0.0,0.0
4,3,0.0,0.0,0.0,1.0,0.0,0.0,0.0,0.0,0.0,0.0,0.0
4,3,0.0,0.0,0.0,1.0,0.0,0.0,0.0,0.0,0.0,0.0,0.0
4,3,0.0,0.0,0.0,1.0,0.0,0.0,0.0,0.0,0.0,0.0,0.0
4,3,0.0,0.0,0.0,1.0,0.0,0.0,0.0,0.0,0.0,0.0,0.0
4,3,0.0,0.0,0.0,1.0,0.0,0.0,0.0,0.0,0.0,0.0,0.0
4,3,0.0,0.0,0.0,1.0,0.0,0.0,0.0,0.0,0.0,0.0,0.0
4,3,0.0,0.0,0.0,1.0,0.0,0.0,0.0,0.0,0.0,0.0,0.0
4,3,0.0,0.0,0.0,1.0,0.0,0.0,0.0,0.0,0.0,0.0,0.0
4,3,0.0,0.0,0.0,1.0,0.0,0.0,0.0,0.0,0.0,0.0,0.0
4,3,0.0,0.0,0.0,1.0,0.0,0.0,0.0,0.0,0.0,0.0,0.0
4,3,0.0,0.0,0.0,1.0,0.0,0.0,0.0,0.0,0.0,0.0,0.0
4,3,0.0,0.0,0.0,1.0,0.0,0.0,0.0,0.0,0.0,0.0,0.0
4,3,0.0,0.0,0.0,1.0,0.0,0.0,0.0,0.0,0.0,0.0,0.0
4,3,0.0,0.0,0.0,1.0,0.0,0.0,0.0,0.0,0.0,0.0,0.0
4,3,0.0,0.0,0.0,1.0,0.0,0.0,0.0,0.0,0.0,0.0,0.0
4,3,0.0,0.0,0.0,1.0,0.0,0.0,0.0,0.0,0.0,0.0,0.0
4,3,0.0,0.0,0.0,1.0,0.0,0.0,0.0,0.0,0.0,0.0,0.0
4,3,0.0,0.0,0.0,1.0,0.0,0.0,0.0,0.0,0.0,0.0,0.0
4,3,0.0,0.0,0.0,1.0,0.0,0.0,0.0,0.0,0.0,0.0,0.0
4,3,0.0,0.0,0.0,1.0,0.0,0.0,0.0,0.0,0.0,0.0,0.0
4,3,0.0,0.0,0.0,1.0,0.0,0.0,0.0,0.0,0.0,0.0,0.0
4,3,0.0,0.0,0.0,1.0,0.0,0.0,0.0,0.0,0.0,0.0,0.0
4,3,0.0,0.0,0.0,1.0,0.0,0.0,0.0,0.0,0.0,0.0,0.0
4,3,0.0,0.0,0.0,1.0,0.0,0.0,0.0,0.0,0.0,0.0,0.0
4,3,0.0,0.0,0.0,1.0,0.0,0.0,0.0,0.0,0.0,0.0,0.0
4,3,0.0,0.0,0.0,1.0,0.0,0.0,0.0,0.0,0.0,0.0,0.0
4,3,0.0,0.0,0.0,1.0,0.0,0.0,0.0,0.0,0.0,0.0,0.0
4,3,0.0,0.0,0.0,1.0,0.0,0.0,0.0,0.0,0.0,0.0,0.0
4,3,0.0,0.0,0.0,1.0,0.0,0.0,0.0,0.0,0.0,0.0,0.0
4,3,0.0,0.0,0.0,1.0,0.0,0.0,0.0,0.0,0.0,0.0,0.0
4,3,0.0,0.0,0.0,1.0,0.0,0.0,0.0,0.0,0.0,0.0,0.0
4,3,0.0,0.0,0.0,1.0,0.0,0.0,0.0,0.0,0.0,0.0,0.0
4,3,0.0,0.0,0.0,1.0,0.0,0.0,0.0,0.0,0.0,0.0,0.0
4,3,0.0,0.0,0.0,1.0,0.0,0.0,0.0,0.0,0.0,0.0,0.0
4,3,0.0,0.0,0.0,1.0,0.0,0.0,0.0,0.0,0.0,0.0,0.0
4,3,0.0,0.0,0.0,1.0,0.0,0.0,0.0,0.0,0.0,0.0,0.0
4,3,0.0,0.0,0.0,1.0,0.0,0.0,0.0,0.0,0.0,0.0,0.0
4,3,0.0,0.0,0.0,1.0,0.0,0.0,0.0,0.0,0.0,0.0,0.0
4,3,0.0,0.0,0.0,1.0,0.0,0.0,0.0,0.0,0.0,0.0,0.0
4,3,0.0,0.0,0.0,1.0,0.0,0.0,0.0,0.0,0.0,0.0,0.0
4,3,0.0,0.0,0.0,1.0,0.0,0.0,0.0,0.0,0.0,0.0,0.0
4,3,0.0,0.0,0.0,1.0,0.0,0.0,0.0,0.0,0.0,0.0,0.0
4,3,0.0,0.0,0.0,1.0,0.0,0.0,0.0,0.0,0.0,0.0,0.0
4,3,0.0,0.0,0.0,1.0,0.0,0.0,0.0,0.0,0.0,0.0,0.0
4,3,0.0,0.0,0.0,1.0,0.0,0.0,0.0,0.0,0.0,0.0,0.0
4,3,0.0,0.0,0.0,1.0,0.0,0.0,0.0,0.0,0.0,0.0,0.0
4,3,0.0,0.0,0.0,1.0,0.0,0.0,0.0,0.0,0.0,0.0,0.0
4,3,0.0,0.0,0.0,1.0,0.0,0.0,0.0,0.0,0.0,0.0,0.0
4,3,0.0,0.0,0.0,1.0,0.0,0.0,0.0,0.0,0.0,0.0,0.0
4,3,0.0,0.0,0.0,1.0,0.0,0.0,0.0,0.0,0.0,0.0,0.0
4,3,0.0,0.0,0.0,1.0,0.0,0.0,0.0,0.0,0.0,0.0,0.0
4,3,0.0,0.0,0.0,1.0,0.0,0.0,0.0,0.0,0.0,0.0,0.0
4,3,0.0,0.0,0.0,1.0,0.0,0.0,0.0,0.0,0.0,0.0,0.0
4,3,0.0,0.0,0.0,1.0,0.0,0.0,0.0,0.0,0.0,0.0,0.0
4,3,0.0,0.0,0.0,1.0,0.0,0.0,0.0,0.0,0.0,0.0,0.0
4,3,0.0,0.0,0.0,1.0,0.0,0.0,0.0,0.0,0.0,0.0,0.0
4,3,0.0,0.0,0.0,1.0,0.0,0.0,0.0,0.0,0.0,0.0,0.0
4,3,0.0,0.0,0.0,1.0,0.0,0.0,0.0,0.0,0.0,0.0,0.0
4,3,0.0,0.0,0.0,1.0,0.0,0.0,0.0,0.0,0.0,0.0,0.0
4,3,0.0,0.0,0.0,1.0,0.0,0.0,0.0,0.0,0.0,0.0,0.0
4,3,0.0,0.0,0.0,1.0,0.0,0.0,0.0,0.0,0.0,0.0,0.0
4,3,0.0,0.0,0.0,1.0,0.0,0.0,0.0,0.0,0.0,0.0,0.0
4,3,0.0,0.0,0.0,1.0,0.0,0.0,0.0,0.0,0.0,0.0,0.0
4,3,0.0,0.0,0.0,1.0,0.0,0.0,0.0,0.0,0.0,0.0,0.0
4,3,0.0,0.0,0.0,1.0,0.0,0.0,0.0,0.0,0.0,0.0,0.0
4,3,0.0,0.0,0.0,1.0,0.0,0.0,0.0,0.0,0.0,0.0,0.0
4,3,0.0,0.0,0.0,1.0,0.0,0.0,0.0,0.0,0.0,0.0,0.0
4,3,0.0625,0.0,0.0,0.9375,0.0,0.0,0.0,0.0,0.0,0.0,0.0
4,3,0.0625,0.0,0.0,0.9375,0.0,0.0,0.0,0.0,0.0,0.0,0.0
4,3,0.0625,0.0,0.0,0.9375,0.0,0.0,0.0,0.0,0.0,0.0,0.0
4,3,0.0625,0.0,0.0,0.9375,0.0,0.0,0.0,0.0,0.0,0.0,0.0
4,3,0.0625,0.0,0.0,0.9375,0.0,0.0,0.0,0.0,0.0,0.0,0.0
4,3,0.0625,0.0,0.0,0.9375,0.0,0.0,0.0,0.0,0.0,0.0,0.0
4,3,0.0625,0.0,0.0,0.9375,0.0,0.0,0.0,0.0,0.0,0.0,0.0
4,3,0.0625,0.0,0.0,0.9375,0.0,0.0,0.0,0.0,0.0,0.0,0.0
4,3,0.0625,0.0,0.0,0.9375,0.0,0.0,0.0,0.0,0.0,0.0,0.0
4,3,0.0625,0.0,0.0,0.9375,0.0,0.0,0.0,0.0,0.0,0.0,0.0
4,3,0.0625,0.0,0.0,0.9375,0.0,0.0,0.0,0.0,0.0,0.0,0.0
4,3,0.0625,0.0,0.0,0.9375,0.0,0.0,0.0,0.0,0.0,0.0,0.0
4,3,0.0625,0.0,0.0,0.9375,0.0,0.0,0.0,0.0,0.0,0.0,0.0
4,3,0.0625,0.0,0.0,0.9375,0.0,0.0,0.0,0.0,0.0,0.0,0.0
4,3,0.0625,0.0,0.0,0.9375,0.0,0.0,0.0,0.0,0.0,0.0,0.0
4,3,0.0625,0.0,0.0,0.9375,0.0,0.0,0.0,0.0,0.0,0.0,0.0
4,3,0.0625,0.0,0.0,0.9375,0.0,0.0,0.0,0.0,0.0,0.0,0.0
4,3,0.0625,0.0,0.0,0.9375,0.0,0.0,0.0,0.0,0.0,0.0,0.0
4,3,0.0625,0.0,0.0,0.9375,0.0,0.0,0.0,0.0,0.0,0.0,0.0
4,3,0.0625,0.0,0.0,0.9375,0.0,0.0,0.0,0.0,0.0,0.0,0.0
4,3,0.0625,0.0,0.0,0.9375,0.0,0.0,0.0,0.0,0.0,0.0,0.0
4,3,0.0625,0.0,0.0,0.9375,0.0,0.0,0.0,0.0,0.0,0.0,0.0
4,3,0.0625,0.0,0.0,0.9375,0.0,0.0,0.0,0.0,0.0,0.0,0.0
4,3,0.0625,0.0,0.0,0.9375,0.0,0.0,0.0,0.0,0.0,0.0,0.0
4,3,0.0625,0.0,0.0,0.9375,0.0,0.0,0.0,0.0,0.0,0.0,0.0
4,3,0.0625,0.0,0.0,0.9375,0.0,0.0,0.0,0.0,0.0,0.0,0.0
4,3,0.0625,0.0,0.0,0.9375,0.0,0.0,0.0,0.0,0.0,0.0,0.0
4,3,0.0625,0.0,0.0,0.9375,0.0,0.0,0.0,0.0,0.0,0.0,0.0
4,3,0.0625,0.0,0.0,0.9375,0.0,0.0,0.0,0.0,0.0,0.0,0.0
4,3,0.0625,0.0,0.0,0.9375,0.0,0.0,0.0,0.0,0.0,0.0,0.0
4,3,0.0625,0.0,0.0,0.9375,0.0,0.0,0.0,0.0,0.0,0.0,0.0
4,3,0.0625,0.0,0.0,0.9375,0.0,0.0,0.0,0.0,0.0,0.0,0.0
4,3,0.0625,0.0,0.0,0.9375,0.0,0.0,0.0,0.0,0.0,0.0,0.0
4,3,0.0625,0.0,0.0,0.9375,0.0,0.0,0.0,0.0,0.0,0.0,0.0
4,3,0.0625,0.0,0.0,0.9375,0.0,0.0,0.0,0.0,0.0,0.0,0.0
4,3,0.0625,0.0,0.0,0.9375,0.0,0.0,0.0,0.0,0.0,0.0,0.0
4,3,0.0625,0.0,0.0,0.9375,0.0,0.0,0.0,0.0,0.0,0.0,0.0
4,3,0.0625,0.0,0.0,0.9375,0.0,0.0,0.0,0.0,0.0,0.0,0.0
4,3,0.0625,0.0,0.0,0.9375,0.0,0.0,0.0,0.0,0.0,0.0,0.0
4,3,0.0625,0.0,0.0,0.9375,0.0,0.0,0.0,0.0,0.0,0.0,0.0
4,3,0.0625,0.0,0.0,0.9375,0.0,0.0,0.0,0.0,0.0,0.0,0.0
4,3,0.0625,0.0,0.0,0.9375,0.0,0.0,0.0,0.0,0.0,0.0,0.0
4,3,0.0625,0.0,0.0,0.9375,0.0,0.0,0.0,0.0,0.0,0.0,0.0
4,3,0.0625,0.0,0.0,0.9375,0.0,0.0,0.0,0.0,0.0,0.0,0.0
4,3,0.0625,0.0,0.0,0.9375,0.0,0.0,0.0,0.0,0.0,0.0,0.0
4,3,0.0625,0.0,0.0,0.9375,0.0,0.0,0.0,0.0,0.0,0.0,0.0
4,3,0.0625,0.0,0.0,0.9375,0.0,0.0,0.0,0.0,0.0,0.0,0.0
4,3,0.0625,0.0,0.0,0.9375,0.0,0.0,0.0,0.0,0.0,0.0,0.0
4,3,0.0625,0.0,0.0,0.9375,0.0,0.0,0.0,0.0,0.0,0.0,0.0
4,3,0.0625,0.0,0.0,0.9375,0.0,0.0,0.0,0.0,0.0,0.0,0.0
4,3,0.0625,0.0,0.0,0.9375,0.0,0.0,0.0,0.0,0.0,0.0,0.0
4,3,0.0625,0.0,0.0,0.9375,0.0,0.0,0.0,0.0,0.0,0.0,0.0
4,3,0.0625,0.0,0.0,0.9375,0.0,0.0,0.0,0.0,0.0,0.0,0.0
4,3,0.0625,0.0,0.0,0.9375,0.0,0.0,0.0,0.0,0.0,0.0,0.0
4,3,0.0625,0.0,0.0,0.9375,0.0,0.0,0.0,0.0,0.0,0.0,0.0
4,3,0.0625,0.0,0.0,0.9375,0.0,0.0,0.0,0.0,0.0,0.0,0.0
4,3,0.0625,0.0,0.0,0.9375,0.0,0.0,0.0,0.0,0.0,0.0,0.0
4,3,0.0625,0.0,0.0,0.9375,0.0,0.0,0.0,0.0,0.0,0.0,0.0
4,3,0.0625,0.0,0.0,0.9375,0.0,0.0,0.0,0.0,0.0,0.0,0.0
4,3,0.0625,0.0,0.0,0.9375,0.0,0.0,0.0,0.0,0.0,0.0,0.0
4,3,0.0625,0.0,0.0,0.9375,0.0,0.0,0.0,0.0,0.0,0.0,0.0
4,3,0.0625,0.0,0.0,0.9375,0.0,0.0,0.0,0.0,0.0,0.0,0.0
4,3,0.0625,0.0,0.0,0.9375,0.0,0.0,0.0,0.0,0.0,0.0,0.0
4,3,0.0625,0.0,0.0,0.9375,0.0,0.0,0.0,0.0,0.0,0.0,0.0
4,3,0.0625,0.0,0.0,0.9375,0.0,0.0,0.0,0.0,0.0,0.0,0.0
4,3,0.0625,0.0,0.0,0.9375,0.0,0.0,0.0,0.0,0.0,0.0,0.0
4,3,0.0625,0.0,0.0,0.875,0.0,0.0625,0.0,0.0,0.0,0.0,0.0
4,3,0.0625,0.0,0.0,0.875,0.0,0.0625,0.0,0.0,0.0,0.0,0.0
4,3,0.0625,0.0,0.0,0.875,0.0,0.0625,0.0,0.0,0.0,0.0,0.0
4,3,0.0625,0.0,0.0,0.875,0.0,0.0625,0.0,0.0,0.0,0.0,0.0
4,3,0.0625,0.0,0.0,0.875,0.0,0.0625,0.0,0.0,0.0,0.0,0.0
4,3,0.0625,0.0,0.0,0.875,0.0,0.0625,0.0,0.0,0.0,0.0,0.0
4,3,0.0625,0.0,0.0,0.875,0.0,0.0625,0.0,0.0,0.0,0.0,0.0
4,3,0.0625,0.0,0.0,0.875,0.0,0.0625,0.0,0.0,0.0,0.0,0.0
4,3,0.0625,0.0,0.0,0.875,0.0,0.0625,0.0,0.0,0.0,0.0,0.0
4,3,0.0625,0.0,0.0,0.875,0.0,0.0625,0.0,0.0,0.0,0.0,0.0
4,3,0.0625,0.0,0.0,0.875,0.0,0.0625,0.0,0.0,0.0,0.0,0.0
4,3,0.0625,0.0,0.0,0.875,0.0,0.0625,0.0,0.0,0.0,0.0,0.0
4,3,0.0625,0.0,0.0,0.875,0.0,0.0625,0.0,0.0,0.0,0.0,0.0
4,3,0.0625,0.0,0.0,0.875,0.0,0.0625,0.0,0.0,0.0,0.0,0.0
4,3,0.0625,0.0,0.0,0.875,0.0,0.0625,0.0,0.0,0.0,0.0,0.0
4,3,0.0625,0.0,0.0,0.875,0.0,0.0625,0.0,0.0,0.0,0.0,0.0
4,3,0.0625,0.0,0.0,0.875,0.0,0.0625,0.0,0.0,0.0,0.0,0.0
4,3,0.0625,0.0,0.0,0.875,0.0,0.0625,0.0,0.0,0.0,0.0,0.0
4,3,0.0625,0.0,0.0,0.875,0.0,0.0625,0.0,0.0,0.0,0.0,0.0
4,3,0.0625,0.0,0.0,0.875,0.0,0.0625,0.0,0.0,0.0,0.0,0.0
4,3,0.0625,0.0,0.0,0.875,0.0,0.0625,0.0,0.0,0.0,0.0,0.0
4,3,0.0625,0.0,0.0,0.875,0.0,0.0625,0.0,0.0,0.0,0.0,0.0
4,3,0.0625,0.0,0.0,0.875,0.0,0.0625,0.0,0.0,0.0,0.0,0.0
4,3,0.0625,0.0,0.0,0.875,0.0,0.0625,0.0,0.0,0.0,0.0,0.0
4,3,0.0625,0.0,0.0,0.875,0.0,0.0625,0.0,0.0,0.0,0.0,0.0
4,3,0.0625,0.0,0.0,0.875,0.0,0.0625,0.0,0.0,0.0,0.0,0.0
4,3,0.0625,0.0,0.0,0.875,0.0,0.0625,0.0,0.0,0.0,0.0,0.0
4,3,0.0625,0.0,0.0,0.875,0.0,0.0625,0.0,0.0,0.0,0.0,0.0
4,3,0.0625,0.0,0.0,0.875,0.0,0.0625,0.0,0.0,0.0,0.0,0.0
4,3,0.0625,0.0,0.0,0.875,0.0,0.0625,0.0,0.0,0.0,0.0,0.0
4,3,0.0625,0.0,0.0,0.875,0.0,0.0625,0.0,0.0,0.0,0.0,0.0
4,3,0.0625,0.0,0.0,0.875,0.0,0.0625,0.0,0.0,0.0,0.0,0.0
4,3,0.0625,0.0,0.0,0.875,0.0,0.0625,0.0,0.0,0.0,0.0,0.0
4,3,0.0625,0.0,0.0,0.875,0.0,0.0625,0.0,0.0,0.0,0.0,0.0
4,3,0.0625,0.0,0.0,0.875,0.0,0.0625,0.0,0.0,0.0,0.0,0.0
4,3,0.0625,0.0,0.0,0.875,0.0,0.0625,0.0,0.0,0.0,0.0,0.0
4,3,0.0625,0.0,0.0,0.875,0.0,0.0625,0.0,0.0,0.0,0.0,0.0
4,3,0.0625,0.0,0.0,0.875,0.0,0.0625,0.0,0.0,0.0,0.0,0.0
4,3,0.0625,0.0,0.0,0.875,0.0,0.0625,0.0,0.0,0.0,0.0,0.0
4,3,0.0625,0.0,0.0,0.875,0.0,0.0625,0.0,0.0,0.0,0.0,0.0
4,3,0.0625,0.0,0.0,0.875,0.0,0.0625,0.0,0.0,0.0,0.0,0.0
4,3,0.0625,0.0,0.0,0.875,0.0,0.0625,0.0,0.0,0.0,0.0,0.0
4,3,0.0625,0.0,0.0,0.8125,0.0625,0.0625,0.0,0.0,0.0,0.0,0.0
4,3,0.0625,0.0,0.0,0.8125,0.0625,0.0625,0.0,0.0,0.0,0.0,0.0
4,3,0.0625,0.0,0.0,0.8125,0.0625,0.0625,0.0,0.0,0.0,0.0,0.0
4,3,0.0625,0.0,0.0,0.8125,0.0625,0.0625,0.0,0.0,0.0,0.0,0.0
4,3,0.0625,0.0,0.0,0.8125,0.0625,0.0625,0.0,0.0,0.0,0.0,0.0
4,3,0.0625,0.0,0.0,0.8125,0.0625,0.0625,0.0,0.0,0.0,0.0,0.0
4,3,0.0625,0.0,0.0,0.8125,0.0625,0.0625,0.0,0.0,0.0,0.0,0.0
4,3,0.0625,0.0,0.0,0.8125,0.0625,0.0625,0.0,0.0,0.0,0.0,0.0
4,3,0.0625,0.0,0.0,0.8125,0.0625,0.0625,0.0,0.0,0.0,0.0,0.0
4,3,0.0625,0.0,0.0,0.8125,0.0625,0.0625,0.0,0.0,0.0,0.0,0.0
4,3,0.0625,0.0,0.0,0.8125,0.0625,0.0625,0.0,0.0,0.0,0.0,0.0
4,3,0.0625,0.0,0.0,0.8125,0.0625,0.0625,0.0,0.0,0.0,0.0,0.0
4,3,0.0625,0.0,0.0,0.8125,0.0625,0.0625,0.0,0.0,0.0,0.0,0.0
4,3,0.0625,0.0,0.0,0.8125,0.0625,0.0625,0.0,0.0,0.0,0.0,0.0
4,3,0.0625,0.0,0.0,0.8125,0.0625,0.0625,0.0,0.0,0.0,0.0,0.0
4,3,0.0625,0.0,0.0,0.8125,0.0625,0.0625,0.0,0.0,0.0,0.0,0.0
4,3,0.0625,0.0,0.0,0.8125,0.0625,0.0625,0.0,0.0,0.0,0.0,0.0
4,3,0.0625,0.0,0.0,0.8125,0.0625,0.0625,0.0,0.0,0.0,0.0,0.0
4,3,0.0625,0.0,0.0,0.8125,0.0625,0.0625,0.0,0.0,0.0,0.0,0.0
4,3,0.0625,0.0,0.0,0.8125,0.0625,0.0625,0.0,0.0,0.0,0.0,0.0
4,3,0.0625,0.0,0.0,0.8125,0.0625,0.0625,0.0,0.0,0.0,0.0,0.0
4,3,0.0625,0.0,0.0,0.8125,0.0625,0.0625,0.0,0.0,0.0,0.0,0.0
4,3,0.0625,0.0,0.0,0.8125,0.0625,0.0625,0.0,0.0,0.0,0.0,0.0
4,3,0.0625,0.0,0.0,0.8125,0.0625,0.0625,0.0,0.0,0.0,0.0,0.0
4,3,0.0625,0.0,0.0,0.8125,0.0625,0.0625,0.0,0.0,0.0,0.0,0.0
4,3,0.0625,0.0,0.0,0.8125,0.0625,0.0625,0.0,0.0,0.0,0.0,0.0
4,3,0.0625,0.0,0.0,0.8125,0.0625,0.0625,0.0,0.0,0.0,0.0,0.0
4,3,0.0625,0.0,0.0,0.8125,0.0625,0.0625,0.0,0.0,0.0,0.0,0.0
4,3,0.0625,0.0,0.0,0.8125,0.0625,0.0625,0.0,0.0,0.0,0.0,0.0
4,3,0.0625,0.0,0.0,0.8125,0.0625,0.0625,0.0,0.0,0.0,0.0,0.0
4,3,0.0625,0.0,0.0,0.8125,0.0625,0.0625,0.0,0.0,0.0,0.0,0.0
4,3,0.0625,0.0,0.0,0.8125,0.0625,0.0625,0.0,0.0,0.0,0.0,0.0
4,3,0.0625,0.0,0.0,0.8125,0.0625,0.0625,0.0,0.0,0.0,0.0,0.0
4,3,0.0625,0.0,0.0,0.8125,0.0625,0.0625,0.0,0.0,0.0,0.0,0.0
4,3,0.0625,0.0,0.0,0.8125,0.0625,0.0625,0.0,0.0,0.0,0.0,0.0
4,3,0.0625,0.0,0.0,0.8125,0.0625,0.0625,0.0,0.0,0.0,0.0,0.0
4,3,0.0625,0.0,0.0,0.8125,0.0625,0.0625,0.0,0.0,0.0,0.0,0.0
4,3,0.0625,0.0,0.0,0.8125,0.0625,0.0625,0.0,0.0,0.0,0.0,0.0
4,3,0.0625,0.0,0.0,0.8125,0.0625,0.0625,0.0,0.0,0.0,0.0,0.0
4,3,0.0625,0.0,0.0,0.8125,0.0625,0.0625,0.0,0.0,0.0,0.0,0.0
4,3,0.0625,0.0,0.0,0.8125,0.0625,0.0625,0.0,0.0,0.0,0.0,0.0
4,3,0.0625,0.0,0.0,0.8125,0.0625,0.0625,0.0,0.0,0.0,0.0,0.0
4,3,0.0625,0.0,0.0,0.8125,0.0625,0.0625,0.0,0.0,0.0,0.0,0.0
4,3,0.0625,0.0,0.0,0.8125,0.0625,0.0625,0.0,0.0,0.0,0.0,0.0
4,3,0.0625,0.0,0.0,0.8125,0.0625,0.0625,0.0,0.0,0.0,0.0,0.0
4,3,0.0625,0.0,0.0,0.8125,0.0625,0.0625,0.0,0.0,0.0,0.0,0.0
4,3,0.0625,0.0,0.0,0.8125,0.0625,0.0625,0.0,0.0,0.0,0.0,0.0
4,3,0.0625,0.0,0.0,0.8125,0.0625,0.0625,0.0,0.0,0.0,0.0,0.0
4,3,0.0625,0.0,0.0,0.8125,0.0625,0.0625,0.0,0.0,0.0,0.0,0.0
4,3,0.0625,0.0,0.0,0.8125,0.0625,0.0625,0.0,0.0,0.0,0.0,0.0
4,3,0.0625,0.0,0.0,0.8125,0.0625,0.0625,0.0,0.0,0.0,0.0,0.0
4,3,0.0625,0.0,0.0,0.8125,0.0625,0.0625,0.0,0.0,0.0,0.0,0.0
4,3,0.0625,0.0,0.0,0.8125,0.0625,0.0625,0.0,0.0,0.0,0.0,0.0
4,3,0.0625,0.0,0.0,0.8125,0.0625,0.0625,0.0,0.0,0.0,0.0,0.0
4,3,0.0625,0.0,0.0,0.8125,0.0625,0.0625,0.0,0.0,0.0,0.0,0.0
4,3,0.0625,0.0,0.0,0.8125,0.0625,0.0625,0.0,0.0,0.0,0.0,0.0
4,3,0.0625,0.0,0.0,0.8125,0.0625,0.0625,0.0,0.0,0.0,0.0,0.0
4,3,0.0625,0.0,0.0,0.8125,0.0625,0.0625,0.0,0.0,0.0,0.0,0.0
4,3,0.0625,0.0,0.0,0.8125,0.0625,0.0625,0.0,0.0,0.0,0.0,0.0
4,3,0.0625,0.0,0.0,0.8125,0.0625,0.0625,0.0,0.0,0.0,0.0,0.0
4,3,0.0625,0.0,0.0,0.8125,0.0625,0.0625,0.0,0.0,0.0,0.0,0.0
4,3,0.0625,0.0,0.0,0.8125,0.0625,0.0625,0.0,0.0,0.0,0.0,0.0
4,3,0.0625,0.0,0.0,0.8125,0.0625,0.0625,0.0,0.0,0.0,0.0,0.0
4,3,0.0625,0.0,0.0,0.8125,0.0625,0.0625,0.0,0.0,0.0,0.0,0.0
4,3,0.0625,0.0,0.0,0.8125,0.0625,0.0625,0.0,0.0,0.0,0.0,0.0
4,3,0.0625,0.0,0.0,0.8125,0.0625,0.0625,0.0,0.0,0.0,0.0,0.0
4,3,0.0625,0.0,0.0,0.8125,0.0625,0.0625,0.0,0.0,0.0,0.0,0.0
4,3,0.0625,0.0,0.0,0.8125,0.0625,0.0625,0.0,0.0,0.0,0.0,0.0
4,3,0.0625,0.0,0.0,0.8125,0.0625,0.0625,0.0,0.0,0.0,0.0,0.0
4,3,0.0625,0.0,0.0,0.8125,0.0625,0.0625,0.0,0.0,0.0,0.0,0.0
4,3,0.0625,0.0,0.0,0.8125,0.0625,0.0625,0.0,0.0,0.0,0.0,0.0
4,3,0.0625,0.0,0.0,0.8125,0.0625,0.0625,0.0,0.0,0.0,0.0,0.0
4,3,0.0625,0.0,0.0,0.8125,0.0625,0.0625,0.0,0.0,0.0,0.0,0.0
4,3,0.0625,0.0,0.0,0.8125,0.0625,0.0625,0.0,0.0,0.0,0.0,0.0
4,3,0.0625,0.0,0.0,0.8125,0.0625,0.0625,0.0,0.0,0.0,0.0,0.0
4,3,0.0625,0.0,0.0,0.8125,0.0625,0.0625,0.0,0.0,0.0,0.0,0.0
4,3,0.0625,0.0,0.0,0.8125,0.0625,0.0625,0.0,0.0,0.0,0.0,0.0
4,3,0.0625,0.0,0.0,0.8125,0.0625,0.0625,0.0,0.0,0.0,0.0,0.0
4,3,0.0625,0.0,0.0,0.8125,0.0625,0.0625,0.0,0.0,0.0,0.0,0.0
4,3,0.0625,0.0,0.0,0.8125,0.0625,0.0625,0.0,0.0,0.0,0.0,0.0
4,3,0.0625,0.0,0.0,0.8125,0.0625,0.0625,0.0,0.0,0.0,0.0,0.0
4,3,0.0625,0.0,0.0,0.8125,0.0625,0.0625,0.0,0.0,0.0,0.0,0.0
4,3,0.0625,0.0,0.0,0.8125,0.0625,0.0625,0.0,0.0,0.0,0.0,0.0
4,3,0.0625,0.0,0.0,0.8125,0.0625,0.0625,0.0,0.0,0.0,0.0,0.0
4,3,0.0625,0.0,0.0,0.8125,0.0625,0.0625,0.0,0.0,0.0,0.0,0.0
4,3,0.0625,0.0,0.0,0.8125,0.0625,0.0625,0.0,0.0,0.0,0.0,0.0
4,3,0.0625,0.0,0.0,0.8125,0.0625,0.0625,0.0,0.0,0.0,0.0,0.0
4,3,0.0625,0.0,0.0,0.8125,0.0625,0.0625,0.0,0.0,0.0,0.0,0.0
4,3,0.0625,0.0,0.0,0.8125,0.0625,0.0625,0.0,0.0,0.0,0.0,0.0
4,3,0.0625,0.0,0.0,0.8125,0.0625,0.0625,0.0,0.0,0.0,0.0,0.0
4,3,0.0625,0.0,0.0,0.8125,0.0625,0.0625,0.0,0.0,0.0,0.0,0.0
4,3,0.0625,0.0,0.0,0.8125,0.0625,0.0625,0.0,0.0,0.0,0.0,0.0
4,3,0.0625,0.0,0.0,0.8125,0.0625,0.0625,0.0,0.0,0.0,0.0,0.0
4,3,0.0625,0.0,0.0,0.8125,0.0625,0.0625,0.0,0.0,0.0,0.0,0.0
4,3,0.0625,0.0,0.0,0.8125,0.0625,0.0625,0.0,0.0,0.0,0.0,0.0
4,3,0.0625,0.0,0.0,0.8125,0.0625,0.0625,0.0,0.0,0.0,0.0,0.0
4,3,0.0625,0.0,0.0,0.8125,0.0625,0.0625,0.0,0.0,0.0,0.0,0.0
4,3,0.0625,0.0,0.0,0.8125,0.0625,0.0625,0.0,0.0,0.0,0.0,0.0
4,3,0.0625,0.0,0.0,0.8125,0.0625,0.0625,0.0,0.0,0.0,0.0,0.0
4,3,0.0625,0.0,0.0,0.8125,0.0625,0.0625,0.0,0.0,0.0,0.0,0.0
4,3,0.0625,0.0,0.0,0.8125,0.0625,0.0625,0.0,0.0,0.0,0.0,0.0
4,3,0.0625,0.0,0.0,0.8125,0.0625,0.0625,0.0,0.0,0.0,0.0,0.0
4,3,0.0625,0.0,0.0,0.8125,0.0625,0.0625,0.0,0.0,0.0,0.0,0.0
4,3,0.0625,0.0,0.0,0.8125,0.0625,0.0625,0.0,0.0,0.0,0.0,0.0
4,3,0.0625,0.0,0.0,0.8125,0.0625,0.0625,0.0,0.0,0.0,0.0,0.0
4,3,0.0625,0.0,0.0,0.8125,0.0625,0.0625,0.0,0.0,0.0,0.0,0.0
4,3,0.0625,0.0,0.0,0.8125,0.0625,0.0625,0.0,0.0,0.0,0.0,0.0
4,3,0.0625,0.0,0.0,0.8125,0.0625,0.0625,0.0,0.0,0.0,0.0,0.0
4,3,0.0625,0.0,0.0,0.8125,0.0625,0.0625,0.0,0.0,0.0,0.0,0.0
4,3,0.0625,0.0,0.0,0.8125,0.0625,0.0625,0.0,0.0,0.0,0.0,0.0
4,3,0.0625,0.0,0.0,0.8125,0.0625,0.0625,0.0,0.0,0.0,0.0,0.0
4,3,0.0625,0.0,0.0,0.8125,0.0625,0.0625,0.0,0.0,0.0,0.0,0.0
4,3,0.0625,0.0,0.0,0.8125,0.0625,0.0625,0.0,0.0,0.0,0.0,0.0
4,3,0.0625,0.0,0.0,0.8125,0.0625,0.0625,0.0,0.0,0.0,0.0,0.0
4,3,0.0625,0.0,0.0,0.8125,0.0625,0.0625,0.0,0.0,0.0,0.0,0.0
4,3,0.0625,0.0,0.0,0.8125,0.0625,0.0625,0.0,0.0,0.0,0.0,0.0
4,3,0.0625,0.0,0.0,0.8125,0.0625,0.0625,0.0,0.0,0.0,0.0,0.0
4,3,0.0625,0.0,0.0,0.8125,0.0625,0.0625,0.0,0.0,0.0,0.0,0.0
4,3,0.0625,0.0,0.0,0.8125,0.0625,0.0625,0.0,0.0,0.0,0.0,0.0
4,3,0.0625,0.0,0.0,0.8125,0.0625,0.0625,0.0,0.0,0.0,0.0,0.0
4,3,0.0625,0.0,0.0,0.8125,0.0625,0.0625,0.0,0.0,0.0,0.0,0.0
4,3,0.0625,0.0,0.0,0.8125,0.0625,0.0625,0.0,0.0,0.0,0.0,0.0
4,3,0.0625,0.0,0.0,0.8125,0.0625,0.0625,0.0,0.0,0.0,0.0,0.0
4,3,0.0625,0.0,0.0,0.8125,0.0625,0.0625,0.0,0.0,0.0,0.0,0.0
4,3,0.0625,0.0,0.0,0.8125,0.0625,0.0625,0.0,0.0,0.0,0.0,0.0
4,3,0.0625,0.0,0.0,0.8125,0.0625,0.0625,0.0,0.0,0.0,0.0,0.0
4,3,0.0625,0.0,0.0,0.8125,0.0625,0.0625,0.0,0.0,0.0,0.0,0.0
4,3,0.0625,0.0,0.0,0.8125,0.0625,0.0625,0.0,0.0,0.0,0.0,0.0
4,3,0.0625,0.0,0.0,0.8125,0.0625,0.0625,0.0,0.0,0.0,0.0,0.0
4,3,0.0625,0.0,0.0,0.8125,0.0625,0.0625,0.0,0.0,0.0,0.0,0.0
4,3,0.0625,0.0,0.0,0.8125,0.0625,0.0625,0.0,0.0,0.0,0.0,0.0
4,3,0.0625,0.0,0.0,0.8125,0.0625,0.0625,0.0,0.0,0.0,0.0,0.0
4,3,0.0625,0.0,0.0,0.8125,0.0625,0.0625,0.0,0.0,0.0,0.0,0.0
4,3,0.0625,0.0,0.0,0.8125,0.0625,0.0625,0.0,0.0,0.0,0.0,0.0
4,3,0.0625,0.0,0.0,0.8125,0.0625,0.0625,0.0,0.0,0.0,0.0,0.0
4,3,0.0625,0.0,0.0,0.8125,0.0625,0.0625,0.0,0.0,0.0,0.0,0.0
4,3,0.0625,0.0,0.0,0.8125,0.0625,0.0625,0.0,0.0,0.0,0.0,0.0
4,3,0.0625,0.0,0.0,0.8125,0.0625,0.0625,0.0,0.0,0.0,0.0,0.0
4,3,0.0625,0.0,0.0,0.8125,0.0625,0.0625,0.0,0.0,0.0,0.0,0.0
4,3,0.0625,0.0,0.0,0.8125,0.0625,0.0625,0.0,0.0,0.0,0.0,0.0
4,3,0.0625,0.0,0.0,0.8125,0.0625,0.0625,0.0,0.0,0.0,0.0,0.0
4,3,0.0625,0.0,0.0,0.8125,0.0625,0.0625,0.0,0.0,0.0,0.0,0.0
4,3,0.0625,0.0,0.0,0.8125,0.0625,0.0625,0.0,0.0,0.0,0.0,0.0
4,3,0.0625,0.0,0.0,0.8125,0.0625,0.0625,0.0,0.0,0.0,0.0,0.0
4,3,0.0625,0.0,0.0,0.8125,0.0625,0.0625,0.0,0.0,0.0,0.0,0.0
4,3,0.0625,0.0,0.0,0.8125,0.0625,0.0625,0.0,0.0,0.0,0.0,0.0
4,3,0.0625,0.0,0.0,0.8125,0.0625,0.0625,0.0,0.0,0.0,0.0,0.0
4,3,0.0625,0.0,0.0,0.8125,0.0625,0.0625,0.0,0.0,0.0,0.0,0.0
4,3,0.0625,0.0,0.0,0.8125,0.0625,0.0625,0.0,0.0,0.0,0.0,0.0
4,3,0.0625,0.0,0.0,0.8125,0.0625,0.0625,0.0,0.0,0.0,0.0,0.0
4,3,0.0625,0.0,0.0,0.8125,0.0625,0.0625,0.0,0.0,0.0,0.0,0.0
4,3,0.0625,0.0,0.0,0.8125,0.0625,0.0625,0.0,0.0,0.0,0.0,0.0
4,3,0.0625,0.0,0.0,0.8125,0.0625,0.0625,0.0,0.0,0.0,0.0,0.0
4,3,0.0625,0.0,0.0,0.8125,0.0625,0.0625,0.0,0.0,0.0,0.0,0.0
4,3,0.0625,0.0,0.0,0.8125,0.0625,0.0625,0.0,0.0,0.0,0.0,0.0
4,3,0.0625,0.0,0.0,0.8125,0.0625,0.0625,0.0,0.0,0.0,0.0,0.0
4,3,0.0625,0.0,0.0,0.8125,0.0625,0.0625,0.0,0.0,0.0,0.0,0.0
4,3,0.0625,0.0,0.0,0.8125,0.0625,0.0625,0.0,0.0,0.0,0.0,0.0
4,3,0.0625,0.0,0.0,0.8125,0.0625,0.0625,0.0,0.0,0.0,0.0,0.0
4,3,0.0625,0.0,0.0,0.8125,0.0625,0.0625,0.0,0.0,0.0,0.0,0.0
4,3,0.0625,0.0,0.0,0.8125,0.0625,0.0625,0.0,0.0,0.0,0.0,0.0
4,3,0.0625,0.0,0.0,0.8125,0.0625,0.0625,0.0,0.0,0.0,0.0,0.0
4,3,0.0625,0.0,0.0,0.8125,0.0625,0.0625,0.0,0.0,0.0,0.0,0.0
4,3,0.0625,0.0,0.0,0.8125,0.0625,0.0625,0.0,0.0,0.0,0.0,0.0
4,3,0.0625,0.0,0.0,0.8125,0.0625,0.0625,0.0,0.0,0.0,0.0,0.0
4,3,0.0625,0.0,0.0,0.8125,0.0625,0.0625,0.0,0.0,0.0,0.0,0.0
4,3,0.0625,0.0,0.0,0.8125,0.0625,0.0625,0.0,0.0,0.0,0.0,0.0
4,3,0.0625,0.0,0.0,0.8125,0.0625,0.0625,0.0,0.0,0.0,0.0,0.0
4,3,0.0625,0.0,0.0,0.8125,0.0625,0.0625,0.0,0.0,0.0,0.0,0.0
4,3,0.0625,0.0,0.0,0.8125,0.0625,0.0625,0.0,0.0,0.0,0.0,0.0
4,3,0.0625,0.0,0.0,0.8125,0.0625,0.0625,0.0,0.0,0.0,0.0,0.0
4,3,0.0625,0.0,0.0,0.8125,0.0625,0.0625,0.0,0.0,0.0,0.0,0.0
4,3,0.0625,0.0,0.0,0.8125,0.0625,0.0625,0.0,0.0,0.0,0.0,0.0
4,3,0.0625,0.0,0.0,0.8125,0.0625,0.0625,0.0,0.0,0.0,0.0,0.0
4,3,0.0625,0.0,0.0,0.8125,0.0625,0.0625,0.0,0.0,0.0,0.0,0.0
4,3,0.0625,0.0,0.0,0.8125,0.0625,0.0625,0.0,0.0,0.0,0.0,0.0
4,3,0.0625,0.0,0.0,0.8125,0.0625,0.0625,0.0,0.0,0.0,0.0,0.0
4,3,0.0625,0.0,0.0,0.8125,0.0625,0.0625,0.0,0.0,0.0,0.0,0.0
4,3,0.0625,0.0,0.0,0.8125,0.0625,0.0625,0.0,0.0,0.0,0.0,0.0
4,3,0.0625,0.0,0.0,0.8125,0.0625,0.0625,0.0,0.0,0.0,0.0,0.0
4,3,0.0625,0.0,0.0,0.8125,0.0625,0.0625,0.0,0.0,0.0,0.0,0.0
4,3,0.0625,0.0,0.0,0.8125,0.0625,0.0625,0.0,0.0,0.0,0.0,0.0
4,3,0.0625,0.0,0.0,0.8125,0.0625,0.0625,0.0,0.0,0.0,0.0,0.0
4,3,0.0625,0.0,0.0,0.8125,0.0625,0.0625,0.0,0.0,0.0,0.0,0.0
4,3,0.0625,0.0,0.0,0.8125,0.0625,0.0625,0.0,0.0,0.0,0.0,0.0
4,3,0.0625,0.0,0.0,0.8125,0.0625,0.0625,0.0,0.0,0.0,0.0,0.0
4,3,0.0625,0.0,0.0,0.8125,0.0625,0.0625,0.0,0.0,0.0,0.0,0.0
4,3,0.0625,0.0,0.0,0.8125,0.0625,0.0625,0.0,0.0,0.0,0.0,0.0
4,3,0.0625,0.0,0.0,0.8125,0.0625,0.0625,0.0,0.0,0.0,0.0,0.0
4,3,0.0625,0.0,0.0,0.8125,0.0625,0.0625,0.0,0.0,0.0,0.0,0.0
4,3,0.0625,0.0,0.0,0.8125,0.0625,0.0625,0.0,0.0,0.0,0.0,0.0
4,3,0.0625,0.0,0.0,0.8125,0.0625,0.0625,0.0,0.0,0.0,0.0,0.0
4,3,0.0625,0.0,0.0,0.8125,0.0625,0.0625,0.0,0.0,0.0,0.0,0.0
4,3,0.0625,0.0,0.0,0.8125,0.0625,0.0625,0.0,0.0,0.0,0.0,0.0
4,3,0.0625,0.0,0.0,0.8125,0.0625,0.0625,0.0,0.0,0.0,0.0,0.0
4,3,0.0625,0.0,0.0,0.8125,0.0625,0.0625,0.0,0.0,0.0,0.0,0.0
4,3,0.0625,0.0,0.0,0.8125,0.0625,0.0625,0.0,0.0,0.0,0.0,0.0
4,3,0.0625,0.0,0.0,0.8125,0.0625,0.0625,0.0,0.0,0.0,0.0,0.0
4,3,0.0625,0.0,0.0,0.8125,0.0625,0.0625,0.0,0.0,0.0,0.0,0.0
4,3,0.0625,0.0,0.0,0.8125,0.0625,0.0625,0.0,0.0,0.0,0.0,0.0
4,3,0.0625,0.0,0.0,0.8125,0.0625,0.0625,0.0,0.0,0.0,0.0,0.0
4,3,0.0625,0.0,0.0,0.8125,0.0625,0.0625,0.0,0.0,0.0,0.0,0.0
4,3,0.0625,0.0,0.0,0.8125,0.0625,0.0625,0.0,0.0,0.0,0.0,0.0
4,3,0.0625,0.0,0.0,0.8125,0.0625,0.0625,0.0,0.0,0.0,0.0,0.0
4,3,0.0625,0.0,0.0,0.8125,0.0625,0.0625,0.0,0.0,0.0,0.0,0.0
4,3,0.0625,0.0,0.0,0.8125,0.0625,0.0625,0.0,0.0,0.0,0.0,0.0
4,3,0.0625,0.0,0.0,0.8125,0.0625,0.0625,0.0,0.0,0.0,0.0,0.0
4,3,0.0625,0.0,0.0,0.8125,0.0625,0.0625,0.0,0.0,0.0,0.0,0.0
4,3,0.0625,0.0,0.0,0.8125,0.0625,0.0625,0.0,0.0,0.0,0.0,0.0
4,3,0.0625,0.0,0.0,0.8125,0.0625,0.0625,0.0,0.0,0.0,0.0,0.0
4,3,0.0625,0.0,0.0,0.8125,0.0625,0.0625,0.0,0.0,0.0,0.0,0.0
4,3,0.0625,0.0,0.0,0.8125,0.0625,0.0625,0.0,0.0,0.0,0.0,0.0
4,3,0.0625,0.0,0.0,0.8125,0.0625,0.0625,0.0,0.0,0.0,0.0,0.0
4,3,0.0625,0.0,0.0,0.8125,0.0625,0.0625,0.0,0.0,0.0,0.0,0.0
4,3,0.0625,0.0,0.0,0.8125,0.0625,0.0625,0.0,0.0,0.0,0.0,0.0
4,3,0.0625,0.0,0.0,0.8125,0.0625,0.0625,0.0,0.0,0.0,0.0,0.0
4,3,0.0625,0.0,0.0,0.8125,0.0625,0.0625,0.0,0.0,0.0,0.0,0.0
4,3,0.0625,0.0,0.0,0.8125,0.0625,0.0625,0.0,0.0,0.0,0.0,0.0
4,3,0.0625,0.0,0.0,0.8125,0.0625,0.0625,0.0,0.0,0.0,0.0,0.0
4,3,0.0625,0.0,0.0,0.8125,0.0625,0.0625,0.0,0.0,0.0,0.0,0.0
4,3,0.0625,0.0,0.0,0.8125,0.0625,0.0625,0.0,0.0,0.0,0.0,0.0
4,3,0.0625,0.0,0.0,0.8125,0.0625,0.0625,0.0,0.0,0.0,0.0,0.0
4,3,0.0625,0.0,0.0,0.875,0.0,0.0625,0.0,0.0,0.0,0.0,0.0
4,3,0.0625,0.0,0.0,0.875,0.0,0.0625,0.0,0.0,0.0,0.0,0.0
4,3,0.0625,0.0,0.0,0.875,0.0,0.0625,0.0,0.0,0.0,0.0,0.0
4,3,0.0625,0.0,0.0,0.875,0.0,0.0625,0.0,0.0,0.0,0.0,0.0
4,3,0.0625,0.0,0.0,0.875,0.0,0.0625,0.0,0.0,0.0,0.0,0.0
4,3,0.0625,0.0,0.0,0.875,0.0,0.0625,0.0,0.0,0.0,0.0,0.0
4,3,0.0625,0.0,0.0,0.875,0.0,0.0625,0.0,0.0,0.0,0.0,0.0
4,3,0.0625,0.0,0.0,0.875,0.0,0.0625,0.0,0.0,0.0,0.0,0.0
4,3,0.0625,0.0,0.0,0.875,0.0,0.0625,0.0,0.0,0.0,0.0,0.0
4,3,0.0625,0.0,0.0,0.875,0.0,0.0625,0.0,0.0,0.0,0.0,0.0
4,3,0.0625,0.0,0.0,0.875,0.0,0.0625,0.0,0.0,0.0,0.0,0.0
4,3,0.0625,0.0,0.0,0.875,0.0,0.0625,0.0,0.0,0.0,0.0,0.0
4,3,0.0625,0.0,0.0,0.875,0.0,0.0625,0.0,0.0,0.0,0.0,0.0
4,3,0.0625,0.0,0.0,0.875,0.0,0.0625,0.0,0.0,0.0,0.0,0.0
4,3,0.0625,0.0,0.0,0.875,0.0,0.0625,0.0,0.0,0.0,0.0,0.0
4,3,0.0625,0.0,0.0,0.875,0.0,0.0625,0.0,0.0,0.0,0.0,0.0
4,3,0.0625,0.0,0.0,0.875,0.0,0.0625,0.0,0.0,0.0,0.0,0.0
4,3,0.0625,0.0,0.0,0.875,0.0,0.0625,0.0,0.0,0.0,0.0,0.0
4,3,0.0625,0.0,0.0,0.875,0.0,0.0625,0.0,0.0,0.0,0.0,0.0
4,3,0.0625,0.0,0.0,0.875,0.0,0.0625,0.0,0.0,0.0,0.0,0.0
4,3,0.0625,0.0,0.0,0.875,0.0,0.0625,0.0,0.0,0.0,0.0,0.0
4,3,0.0625,0.0,0.0,0.875,0.0,0.0625,0.0,0.0,0.0,0.0,0.0
4,3,0.0625,0.0,0.0,0.875,0.0,0.0625,0.0,0.0,0.0,0.0,0.0
4,3,0.0625,0.0,0.0,0.875,0.0,0.0625,0.0,0.0,0.0,0.0,0.0
4,3,0.0625,0.0,0.0,0.875,0.0,0.0625,0.0,0.0,0.0,0.0,0.0
4,3,0.0625,0.0,0.0,0.875,0.0,0.0625,0.0,0.0,0.0,0.0,0.0
4,3,0.0625,0.0,0.0,0.875,0.0,0.0625,0.0,0.0,0.0,0.0,0.0
4,3,0.0625,0.0,0.0,0.875,0.0,0.0625,0.0,0.0,0.0,0.0,0.0
4,3,0.0625,0.0,0.0,0.875,0.0,0.0625,0.0,0.0,0.0,0.0,0.0
4,3,0.0625,0.0,0.0,0.875,0.0,0.0625,0.0,0.0,0.0,0.0,0.0
4,3,0.0625,0.0,0.0,0.875,0.0,0.0625,0.0,0.0,0.0,0.0,0.0
4,3,0.0625,0.0,0.0,0.875,0.0,0.0625,0.0,0.0,0.0,0.0,0.0
4,3,0.0625,0.0,0.0,0.875,0.0,0.0625,0.0,0.0,0.0,0.0,0.0
4,3,0.0625,0.0,0.0,0.875,0.0,0.0625,0.0,0.0,0.0,0.0,0.0
4,3,0.0625,0.0,0.0,0.875,0.0,0.0625,0.0,0.0,0.0,0.0,0.0
4,3,0.0625,0.0,0.0,0.875,0.0,0.0625,0.0,0.0,0.0,0.0,0.0
4,3,0.0625,0.0,0.0,0.875,0.0,0.0625,0.0,0.0,0.0,0.0,0.0
4,3,0.0625,0.0,0.0,0.875,0.0,0.0625,0.0,0.0,0.0,0.0,0.0
4,3,0.0625,0.0,0.0,0.875,0.0,0.0625,0.0,0.0,0.0,0.0,0.0
4,3,0.0625,0.0,0.0,0.875,0.0,0.0625,0.0,0.0,0.0,0.0,0.0
4,3,0.0625,0.0,0.0,0.875,0.0,0.0625,0.0,0.0,0.0,0.0,0.0
4,3,0.0625,0.0,0.0,0.875,0.0,0.0625,0.0,0.0,0.0,0.0,0.0
4,3,0.0625,0.0,0.0,0.875,0.0,0.0625,0.0,0.0,0.0,0.0,0.0
4,3,0.0625,0.0,0.0,0.875,0.0,0.0625,0.0,0.0,0.0,0.0,0.0
4,3,0.0625,0.0,0.0,0.875,0.0,0.0625,0.0,0.0,0.0,0.0,0.0
4,3,0.0625,0.0,0.0,0.875,0.0,0.0625,0.0,0.0,0.0,0.0,0.0
4,3,0.0625,0.0,0.0,0.875,0.0,0.0625,0.0,0.0,0.0,0.0,0.0
4,3,0.0625,0.0,0.0,0.875,0.0,0.0625,0.0,0.0,0.0,0.0,0.0
4,3,0.0625,0.0,0.0,0.875,0.0,0.0625,0.0,0.0,0.0,0.0,0.0
4,3,0.0625,0.0,0.0,0.875,0.0,0.0625,0.0,0.0,0.0,0.0,0.0
4,3,0.0625,0.0,0.0,0.875,0.0,0.0625,0.0,0.0,0.0,0.0,0.0
4,3,0.0625,0.0,0.0,0.875,0.0,0.0625,0.0,0.0,0.0,0.0,0.0
4,3,0.0625,0.0,0.0,0.875,0.0,0.0625,0.0,0.0,0.0,0.0,0.0
4,3,0.0625,0.0,0.0,0.875,0.0,0.0625,0.0,0.0,0.0,0.0,0.0
4,3,0.0,0.0,0.0,0.9375,0.0,0.0625,0.0,0.0,0.0,0.0,0.0
4,3,0.0,0.0,0.0,0.9375,0.0,0.0625,0.0,0.0,0.0,0.0,0.0
4,3,0.0,0.0,0.0,0.9375,0.0,0.0625,0.0,0.0,0.0,0.0,0.0
4,3,0.0,0.0,0.0,0.9375,0.0,0.0625,0.0,0.0,0.0,0.0,0.0
4,3,0.0,0.0,0.0,0.9375,0.0,0.0625,0.0,0.0,0.0,0.0,0.0
4,3,0.0,0.0,0.0,0.9375,0.0,0.0625,0.0,0.0,0.0,0.0,0.0
4,3,0.0,0.0,0.0,0.9375,0.0,0.0625,0.0,0.0,0.0,0.0,0.0
4,3,0.0,0.0,0.0,0.9375,0.0,0.0625,0.0,0.0,0.0,0.0,0.0
4,3,0.0,0.0,0.0,0.9375,0.0,0.0625,0.0,0.0,0.0,0.0,0.0
4,3,0.0,0.0,0.0,0.9375,0.0,0.0625,0.0,0.0,0.0,0.0,0.0
4,3,0.0,0.0,0.0,0.9375,0.0,0.0625,0.0,0.0,0.0,0.0,0.0
4,3,0.0,0.0,0.0,0.9375,0.0,0.0625,0.0,0.0,0.0,0.0,0.0
4,3,0.0,0.0,0.0,0.9375,0.0,0.0625,0.0,0.0,0.0,0.0,0.0
4,3,0.0,0.0,0.0,0.9375,0.0,0.0625,0.0,0.0,0.0,0.0,0.0
4,3,0.0,0.0,0.0,0.9375,0.0,0.0625,0.0,0.0,0.0,0.0,0.0
4,3,0.0,0.0,0.0,0.9375,0.0,0.0625,0.0,0.0,0.0,0.0,0.0
4,3,0.0,0.0,0.0,0.9375,0.0,0.0625,0.0,0.0,0.0,0.0,0.0
4,3,0.0,0.0,0.0,0.9375,0.0,0.0625,0.0,0.0,0.0,0.0,0.0
4,3,0.0,0.0,0.0,0.9375,0.0,0.0625,0.0,0.0,0.0,0.0,0.0
4,3,0.0,0.0,0.0,0.9375,0.0,0.0625,0.0,0.0,0.0,0.0,0.0
4,3,0.0,0.0,0.0,0.9375,0.0,0.0625,0.0,0.0,0.0,0.0,0.0
4,3,0.0,0.0,0.0,0.9375,0.0,0.0625,0.0,0.0,0.0,0.0,0.0
4,3,0.0,0.0,0.0,0.9375,0.0,0.0625,0.0,0.0,0.0,0.0,0.0
4,3,0.0,0.0,0.0,0.9375,0.0,0.0625,0.0,0.0,0.0,0.0,0.0
4,3,0.0,0.0,0.0,0.9375,0.0,0.0625,0.0,0.0,0.0,0.0,0.0
4,3,0.0,0.0,0.0,0.9375,0.0,0.0625,0.0,0.0,0.0,0.0,0.0
4,3,0.0,0.0,0.0,0.9375,0.0,0.0625,0.0,0.0,0.0,0.0,0.0
4,3,0.0,0.0,0.0,0.9375,0.0,0.0625,0.0,0.0,0.0,0.0,0.0
4,3,0.0,0.0,0.0,0.9375,0.0,0.0625,0.0,0.0,0.0,0.0,0.0
4,3,0.0,0.0,0.0,0.9375,0.0,0.0625,0.0,0.0,0.0,0.0,0.0
4,3,0.0,0.0,0.0,0.9375,0.0,0.0625,0.0,0.0,0.0,0.0,0.0
4,3,0.0,0.0,0.0,0.9375,0.0,0.0625,0.0,0.0,0.0,0.0,0.0
4,3,0.0,0.0,0.0,0.9375,0.0,0.0625,0.0,0.0,0.0,0.0,0.0
4,3,0.0,0.0,0.0,0.9375,0.0,0.0625,0.0,0.0,0.0,0.0,0.0
4,3,0.0,0.0,0.0,0.9375,0.0,0.0625,0.0,0.0,0.0,0.0,0.0
4,3,0.0,0.0,0.0,0.9375,0.0,0.0625,0.0,0.0,0.0,0.0,0.0
4,3,0.0,0.0,0.0,0.9375,0.0,0.0625,0.0,0.0,0.0,0.0,0.0
4,3,0.0,0.0,0.0,0.9375,0.0,0.0625,0.0,0.0,0.0,0.0,0.0
4,3,0.0,0.0,0.0,0.9375,0.0,0.0625,0.0,0.0,0.0,0.0,0.0
4,3,0.0,0.0,0.0,0.9375,0.0,0.0625,0.0,0.0,0.0,0.0,0.0
4,3,0.0,0.0,0.0,1.0,0.0,0.0,0.0,0.0,0.0,0.0,0.0
4,3,0.0,0.0,0.0,1.0,0.0,0.0,0.0,0.0,0.0,0.0,0.0
4,3,0.0,0.0,0.0,1.0,0.0,0.0,0.0,0.0,0.0,0.0,0.0
4,3,0.0,0.0,0.0,1.0,0.0,0.0,0.0,0.0,0.0,0.0,0.0
4,3,0.0,0.0,0.0,1.0,0.0,0.0,0.0,0.0,0.0,0.0,0.0
4,3,0.0,0.0,0.0,1.0,0.0,0.0,0.0,0.0,0.0,0.0,0.0
4,3,0.0,0.0,0.0,1.0,0.0,0.0,0.0,0.0,0.0,0.0,0.0
4,3,0.0,0.0,0.0,1.0,0.0,0.0,0.0,0.0,0.0,0.0,0.0
4,3,0.0,0.0,0.0,1.0,0.0,0.0,0.0,0.0,0.0,0.0,0.0
4,3,0.0,0.0,0.0,1.0,0.0,0.0,0.0,0.0,0.0,0.0,0.0
4,3,0.0,0.0,0.0,1.0,0.0,0.0,0.0,0.0,0.0,0.0,0.0
4,3,0.0,0.0,0.0,1.0,0.0,0.0,0.0,0.0,0.0,0.0,0.0
4,3,0.0,0.0,0.0,1.0,0.0,0.0,0.0,0.0,0.0,0.0,0.0
4,3,0.0,0.0,0.0,1.0,0.0,0.0,0.0,0.0,0.0,0.0,0.0
4,3,0.0,0.0,0.0,1.0,0.0,0.0,0.0,0.0,0.0,0.0,0.0
4,3,0.0,0.0,0.0,1.0,0.0,0.0,0.0,0.0,0.0,0.0,0.0
4,3,0.0,0.0,0.0,1.0,0.0,0.0,0.0,0.0,0.0,0.0,0.0
4,3,0.0,0.0,0.0,1.0,0.0,0.0,0.0,0.0,0.0,0.0,0.0
4,3,0.0,0.0,0.0,1.0,0.0,0.0,0.0,0.0,0.0,0.0,0.0
4,3,0.0,0.0,0.0,1.0,0.0,0.0,0.0,0.0,0.0,0.0,0.0
4,3,0.0,0.0,0.0,1.0,0.0,0.0,0.0,0.0,0.0,0.0,0.0
4,3,0.0,0.0,0.0,1.0,0.0,0.0,0.0,0.0,0.0,0.0,0.0
4,3,0.0,0.0,0.0,1.0,0.0,0.0,0.0,0.0,0.0,0.0,0.0
4,3,0.0,0.0,0.0,1.0,0.0,0.0,0.0,0.0,0.0,0.0,0.0
4,3,0.0,0.0,0.0,1.0,0.0,0.0,0.0,0.0,0.0,0.0,0.0
4,3,0.0,0.0,0.0,1.0,0.0,0.0,0.0,0.0,0.0,0.0,0.0
4,3,0.0,0.0,0.0,1.0,0.0,0.0,0.0,0.0,0.0,0.0,0.0
4,3,0.0,0.0,0.0,1.0,0.0,0.0,0.0,0.0,0.0,0.0,0.0
4,3,0.0,0.0,0.0,1.0,0.0,0.0,0.0,0.0,0.0,0.0,0.0
4,3,0.0,0.0,0.0,1.0,0.0,0.0,0.0,0.0,0.0,0.0,0.0
4,3,0.0,0.0,0.0,1.0,0.0,0.0,0.0,0.0,0.0,0.0,0.0
4,3,0.0,0.0,0.0,1.0,0.0,0.0,0.0,0.0,0.0,0.0,0.0
4,3,0.0,0.0,0.0,1.0,0.0,0.0,0.0,0.0,0.0,0.0,0.0
4,3,0.0,0.0,0.0,1.0,0.0,0.0,0.0,0.0,0.0,0.0,0.0
4,3,0.0,0.0,0.0,1.0,0.0,0.0,0.0,0.0,0.0,0.0,0.0
4,3,0.0,0.0,0.0,1.0,0.0,0.0,0.0,0.0,0.0,0.0,0.0
4,3,0.0,0.0,0.0,1.0,0.0,0.0,0.0,0.0,0.0,0.0,0.0
4,3,0.0,0.0,0.0,1.0,0.0,0.0,0.0,0.0,0.0,0.0,0.0
4,3,0.0,0.0,0.0,1.0,0.0,0.0,0.0,0.0,0.0,0.0,0.0
4,3,0.0,0.0,0.0,1.0,0.0,0.0,0.0,0.0,0.0,0.0,0.0
4,3,0.0,0.0,0.0,1.0,0.0,0.0,0.0,0.0,0.0,0.0,0.0
4,3,0.0,0.0,0.0,1.0,0.0,0.0,0.0,0.0,0.0,0.0,0.0
4,3,0.0,0.0,0.0,1.0,0.0,0.0,0.0,0.0,0.0,0.0,0.0
4,3,0.0,0.0,0.0,1.0,0.0,0.0,0.0,0.0,0.0,0.0,0.0
4,3,0.0,0.0,0.0,1.0,0.0,0.0,0.0,0.0,0.0,0.0,0.0
4,3,0.0,0.0,0.0,1.0,0.0,0.0,0.0,0.0,0.0,0.0,0.0
4,3,0.0,0.0,0.0,1.0,0.0,0.0,0.0,0.0,0.0,0.0,0.0
4,3,0.0,0.0,0.0,1.0,0.0,0.0,0.0,0.0,0.0,0.0,0.0
4,3,0.0,0.0,0.0,1.0,0.0,0.0,0.0,0.0,0.0,0.0,0.0
4,3,0.0,0.0,0.0,1.0,0.0,0.0,0.0,0.0,0.0,0.0,0.0
4,3,0.0,0.0,0.0,1.0,0.0,0.0,0.0,0.0,0.0,0.0,0.0
4,3,0.0,0.0,0.0,1.0,0.0,0.0,0.0,0.0,0.0,0.0,0.0
4,3,0.0,0.0,0.0,1.0,0.0,0.0,0.0,0.0,0.0,0.0,0.0
4,3,0.0,0.0,0.0,1.0,0.0,0.0,0.0,0.0,0.0,0.0,0.0
4,3,0.0,0.0,0.0,1.0,0.0,0.0,0.0,0.0,0.0,0.0,0.0
4,3,0.0,0.0,0.0,1.0,0.0,0.0,0.0,0.0,0.0,0.0,0.0
4,3,0.0,0.0,0.0,1.0,0.0,0.0,0.0,0.0,0.0,0.0,0.0
4,3,0.0,0.0,0.0,1.0,0.0,0.0,0.0,0.0,0.0,0.0,0.0
4,3,0.0,0.0,0.0,1.0,0.0,0.0,0.0,0.0,0.0,0.0,0.0
4,3,0.0,0.0,0.0,1.0,0.0,0.0,0.0,0.0,0.0,0.0,0.0
4,3,0.0,0.0,0.0,1.0,0.0,0.0,0.0,0.0,0.0,0.0,0.0
4,3,0.0,0.0,0.0,1.0,0.0,0.0,0.0,0.0,0.0,0.0,0.0
4,3,0.0,0.0,0.0,1.0,0.0,0.0,0.0,0.0,0.0,0.0,0.0
4,3,0.0,0.0,0.0,1.0,0.0,0.0,0.0,0.0,0.0,0.0,0.0
4,3,0.0,0.0,0.0,1.0,0.0,0.0,0.0,0.0,0.0,0.0,0.0
4,3,0.0,0.0,0.0,1.0,0.0,0.0,0.0,0.0,0.0,0.0,0.0
4,3,0.0,0.0,0.0,1.0,0.0,0.0,0.0,0.0,0.0,0.0,0.0
4,3,0.0,0.0,0.0,1.0,0.0,0.0,0.0,0.0,0.0,0.0,0.0
4,3,0.0,0.0,0.0,1.0,0.0,0.0,0.0,0.0,0.0,0.0,0.0
4,3,0.0,0.0,0.0,1.0,0.0,0.0,0.0,0.0,0.0,0.0,0.0
4,3,0.0,0.0,0.0,1.0,0.0,0.0,0.0,0.0,0.0,0.0,0.0
4,3,0.0,0.0,0.0,1.0,0.0,0.0,0.0,0.0,0.0,0.0,0.0
4,3,0.0,0.0,0.0,1.0,0.0,0.0,0.0,0.0,0.0,0.0,0.0
4,3,0.0,0.0,0.0,1.0,0.0,0.0,0.0,0.0,0.0,0.0,0.0
4,3,0.0,0.0,0.0,1.0,0.0,0.0,0.0,0.0,0.0,0.0,0.0
4,3,0.0,0.0,0.0,1.0,0.0,0.0,0.0,0.0,0.0,0.0,0.0
4,3,0.0,0.0,0.0,1.0,0.0,0.0,0.0,0.0,0.0,0.0,0.0
4,3,0.0,0.0,0.0,1.0,0.0,0.0,0.0,0.0,0.0,0.0,0.0
4,3,0.0,0.0,0.0,1.0,0.0,0.0,0.0,0.0,0.0,0.0,0.0
4,3,0.0,0.0,0.0,1.0,0.0,0.0,0.0,0.0,0.0,0.0,0.0
4,3,0.0,0.0,0.0,1.0,0.0,0.0,0.0,0.0,0.0,0.0,0.0
4,3,0.0,0.0,0.0,1.0,0.0,0.0,0.0,0.0,0.0,0.0,0.0
4,3,0.0,0.0,0.0,1.0,0.0,0.0,0.0,0.0,0.0,0.0,0.0
4,3,0.0,0.0,0.0,1.0,0.0,0.0,0.0,0.0,0.0,0.0,0.0
4,3,0.0,0.0,0.0,1.0,0.0,0.0,0.0,0.0,0.0,0.0,0.0
4,3,0.0,0.0,0.0,1.0,0.0,0.0,0.0,0.0,0.0,0.0,0.0
4,3,0.0,0.0,0.0,1.0,0.0,0.0,0.0,0.0,0.0,0.0,0.0
4,3,0.0,0.0,0.0,1.0,0.0,0.0,0.0,0.0,0.0,0.0,0.0
4,3,0.0,0.0,0.0,1.0,0.0,0.0,0.0,0.0,0.0,0.0,0.0
4,3,0.0,0.0,0.0,1.0,0.0,0.0,0.0,0.0,0.0,0.0,0.0
4,3,0.0,0.0,0.0,1.0,0.0,0.0,0.0,0.0,0.0,0.0,0.0
4,3,0.0,0.0,0.0,1.0,0.0,0.0,0.0,0.0,0.0,0.0,0.0
4,3,0.0,0.0,0.0,1.0,0.0,0.0,0.0,0.0,0.0,0.0,0.0
4,3,0.0,0.0,0.0,1.0,0.0,0.0,0.0,0.0,0.0,0.0,0.0
4,3,0.0,0.0,0.0,1.0,0.0,0.0,0.0,0.0,0.0,0.0,0.0
4,3,0.0,0.0,0.0,1.0,0.0,0.0,0.0,0.0,0.0,0.0,0.0
4,3,0.0,0.0,0.0,1.0,0.0,0.0,0.0,0.0,0.0,0.0,0.0
4,3,0.0,0.0,0.0,1.0,0.0,0.0,0.0,0.0,0.0,0.0,0.0
4,3,0.0,0.0,0.0,1.0,0.0,0.0,0.0,0.0,0.0,0.0,0.0
4,3,0.0,0.0,0.0,1.0,0.0,0.0,0.0,0.0,0.0,0.0,0.0
4,3,0.0,0.0,0.0,1.0,0.0,0.0,0.0,0.0,0.0,0.0,0.0
4,3,0.0,0.0,0.0,1.0,0.0,0.0,0.0,0.0,0.0,0.0,0.0
4,3,0.0,0.0,0.0,1.0,0.0,0.0,0.0,0.0,0.0,0.0,0.0
4,3,0.0,0.0,0.0,1.0,0.0,0.0,0.0,0.0,0.0,0.0,0.0
4,3,0.0,0.0,0.0,1.0,0.0,0.0,0.0,0.0,0.0,0.0,0.0
4,3,0.0,0.0,0.0,1.0,0.0,0.0,0.0,0.0,0.0,0.0,0.0
4,3,0.0,0.0,0.0,1.0,0.0,0.0,0.0,0.0,0.0,0.0,0.0
4,3,0.0,0.0,0.0,1.0,0.0,0.0,0.0,0.0,0.0,0.0,0.0
4,3,0.0,0.0,0.0,1.0,0.0,0.0,0.0,0.0,0.0,0.0,0.0
4,3,0.0,0.0,0.0,1.0,0.0,0.0,0.0,0.0,0.0,0.0,0.0
4,3,0.0,0.0,0.0,1.0,0.0,0.0,0.0,0.0,0.0,0.0,0.0
4,3,0.0,0.0,0.0,1.0,0.0,0.0,0.0,0.0,0.0,0.0,0.0
4,3,0.0,0.0,0.0,1.0,0.0,0.0,0.0,0.0,0.0,0.0,0.0
4,3,0.0,0.0,0.0,1.0,0.0,0.0,0.0,0.0,0.0,0.0,0.0
4,3,0.0,0.0,0.0,1.0,0.0,0.0,0.0,0.0,0.0,0.0,0.0
4,3,0.0,0.0,0.0,1.0,0.0,0.0,0.0,0.0,0.0,0.0,0.0
4,3,0.0,0.0,0.0,1.0,0.0,0.0,0.0,0.0,0.0,0.0,0.0
4,3,0.0,0.0,0.0,1.0,0.0,0.0,0.0,0.0,0.0,0.0,0.0
4,3,0.0,0.0,0.0,1.0,0.0,0.0,0.0,0.0,0.0,0.0,0.0
4,3,0.0,0.0,0.0,1.0,0.0,0.0,0.0,0.0,0.0,0.0,0.0
4,3,0.0,0.0,0.0,1.0,0.0,0.0,0.0,0.0,0.0,0.0,0.0
4,3,0.0,0.0,0.0,1.0,0.0,0.0,0.0,0.0,0.0,0.0,0.0
4,3,0.0,0.0,0.0,1.0,0.0,0.0,0.0,0.0,0.0,0.0,0.0
4,3,0.0,0.0,0.0,1.0,0.0,0.0,0.0,0.0,0.0,0.0,0.0
4,3,0.0,0.0,0.0,1.0,0.0,0.0,0.0,0.0,0.0,0.0,0.0
4,3,0.0,0.0,0.0,1.0,0.0,0.0,0.0,0.0,0.0,0.0,0.0
4,3,0.0,0.0,0.0,1.0,0.0,0.0,0.0,0.0,0.0,0.0,0.0
4,3,0.0,0.0,0.0,1.0,0.0,0.0,0.0,0.0,0.0,0.0,0.0
4,3,0.0,0.0,0.0,1.0,0.0,0.0,0.0,0.0,0.0,0.0,0.0
4,3,0.0,0.0,0.0,1.0,0.0,0.0,0.0,0.0,0.0,0.0,0.0
4,3,0.0,0.0,0.0,1.0,0.0,0.0,0.0,0.0,0.0,0.0,0.0
4,3,0.0,0.0,0.0,1.0,0.0,0.0,0.0,0.0,0.0,0.0,0.0
4,3,0.0,0.0,0.0,1.0,0.0,0.0,0.0,0.0,0.0,0.0,0.0
4,3,0.0,0.0,0.0,1.0,0.0,0.0,0.0,0.0,0.0,0.0,0.0
4,3,0.0,0.0,0.0,1.0,0.0,0.0,0.0,0.0,0.0,0.0,0.0
4,3,0.0,0.0,0.0,1.0,0.0,0.0,0.0,0.0,0.0,0.0,0.0
4,3,0.0,0.0,0.0,1.0,0.0,0.0,0.0,0.0,0.0,0.0,0.0
4,3,0.0,0.0,0.0,1.0,0.0,0.0,0.0,0.0,0.0,0.0,0.0
4,3,0.0,0.0,0.0,1.0,0.0,0.0,0.0,0.0,0.0,0.0,0.0
4,3,0.0,0.0,0.0,1.0,0.0,0.0,0.0,0.0,0.0,0.0,0.0
4,3,0.0,0.0,0.0,1.0,0.0,0.0,0.0,0.0,0.0,0.0,0.0
4,3,0.0,0.0,0.0,1.0,0.0,0.0,0.0,0.0,0.0,0.0,0.0
4,3,0.0,0.0,0.0,1.0,0.0,0.0,0.0,0.0,0.0,0.0,0.0
4,3,0.0,0.0,0.0,1.0,0.0,0.0,0.0,0.0,0.0,0.0,0.0
4,3,0.0,0.0,0.0,1.0,0.0,0.0,0.0,0.0,0.0,0.0,0.0
4,3,0.0,0.0,0.0,1.0,0.0,0.0,0.0,0.0,0.0,0.0,0.0
4,3,0.0,0.0,0.0,1.0,0.0,0.0,0.0,0.0,0.0,0.0,0.0
4,3,0.0,0.0,0.0,1.0,0.0,0.0,0.0,0.0,0.0,0.0,0.0
4,3,0.0,0.0,0.0,1.0,0.0,0.0,0.0,0.0,0.0,0.0,0.0
4,3,0.0,0.0,0.0,1.0,0.0,0.0,0.0,0.0,0.0,0.0,0.0
4,3,0.0,0.0,0.0,1.0,0.0,0.0,0.0,0.0,0.0,0.0,0.0
4,3,0.0,0.0,0.0,1.0,0.0,0.0,0.0,0.0,0.0,0.0,0.0
4,3,0.0,0.0,0.0,1.0,0.0,0.0,0.0,0.0,0.0,0.0,0.0
4,3,0.0,0.0,0.0,1.0,0.0,0.0,0.0,0.0,0.0,0.0,0.0
4,3,0.0,0.0,0.0,1.0,0.0,0.0,0.0,0.0,0.0,0.0,0.0
4,3,0.0,0.0,0.0,1.0,0.0,0.0,0.0,0.0,0.0,0.0,0.0
4,3,0.0,0.0,0.0,1.0,0.0,0.0,0.0,0.0,0.0,0.0,0.0
4,3,0.0,0.0,0.0,1.0,0.0,0.0,0.0,0.0,0.0,0.0,0.0
4,3,0.0,0.0,0.0,1.0,0.0,0.0,0.0,0.0,0.0,0.0,0.0
4,3,0.0,0.0,0.0,1.0,0.0,0.0,0.0,0.0,0.0,0.0,0.0
4,3,0.0,0.0,0.0,1.0,0.0,0.0,0.0,0.0,0.0,0.0,0.0
4,3,0.0,0.0,0.0,1.0,0.0,0.0,0.0,0.0,0.0,0.0,0.0
4,3,0.0,0.0,0.0,1.0,0.0,0.0,0.0,0.0,0.0,0.0,0.0
4,3,0.0,0.0,0.0,1.0,0.0,0.0,0.0,0.0,0.0,0.0,0.0
4,3,0.0,0.0,0.0,1.0,0.0,0.0,0.0,0.0,0.0,0.0,0.0
4,3,0.0,0.0,0.0,1.0,0.0,0.0,0.0,0.0,0.0,0.0,0.0
4,3,0.0,0.0,0.0,1.0,0.0,0.0,0.0,0.0,0.0,0.0,0.0
4,3,0.0,0.0,0.0,1.0,0.0,0.0,0.0,0.0,0.0,0.0,0.0
4,3,0.0,0.0,0.0,1.0,0.0,0.0,0.0,0.0,0.0,0.0,0.0
4,3,0.0,0.0,0.0,1.0,0.0,0.0,0.0,0.0,0.0,0.0,0.0
4,3,0.0,0.0,0.0,1.0,0.0,0.0,0.0,0.0,0.0,0.0,0.0
4,3,0.0,0.0,0.0,1.0,0.0,0.0,0.0,0.0,0.0,0.0,0.0
4,3,0.0,0.0,0.0,1.0,0.0,0.0,0.0,0.0,0.0,0.0,0.0
4,3,0.0,0.0,0.0,1.0,0.0,0.0,0.0,0.0,0.0,0.0,0.0
4,3,0.0,0.0,0.0,1.0,0.0,0.0,0.0,0.0,0.0,0.0,0.0
4,3,0.0,0.0,0.0,1.0,0.0,0.0,0.0,0.0,0.0,0.0,0.0
4,3,0.0,0.0,0.0,1.0,0.0,0.0,0.0,0.0,0.0,0.0,0.0
4,3,0.0,0.0,0.0,1.0,0.0,0.0,0.0,0.0,0.0,0.0,0.0
4,3,0.0,0.0,0.0,1.0,0.0,0.0,0.0,0.0,0.0,0.0,0.0
4,3,0.0,0.0,0.0,1.0,0.0,0.0,0.0,0.0,0.0,0.0,0.0
4,3,0.0,0.0,0.0,1.0,0.0,0.0,0.0,0.0,0.0,0.0,0.0
4,3,0.0,0.0,0.0,1.0,0.0,0.0,0.0,0.0,0.0,0.0,0.0
4,3,0.0,0.0,0.0,1.0,0.0,0.0,0.0,0.0,0.0,0.0,0.0
4,3,0.0,0.0,0.0,1.0,0.0,0.0,0.0,0.0,0.0,0.0,0.0
4,3,0.0,0.0,0.0,1.0,0.0,0.0,0.0,0.0,0.0,0.0,0.0
4,3,0.0,0.0,0.0,1.0,0.0,0.0,0.0,0.0,0.0,0.0,0.0
4,3,0.0,0.0,0.0,1.0,0.0,0.0,0.0,0.0,0.0,0.0,0.0
4,3,0.0,0.0,0.0,1.0,0.0,0.0,0.0,0.0,0.0,0.0,0.0
4,3,0.0,0.0,0.0,1.0,0.0,0.0,0.0,0.0,0.0,0.0,0.0
4,3,0.0,0.0,0.0,1.0,0.0,0.0,0.0,0.0,0.0,0.0,0.0
4,3,0.0,0.0,0.0,1.0,0.0,0.0,0.0,0.0,0.0,0.0,0.0
4,3,0.0,0.0,0.0,1.0,0.0,0.0,0.0,0.0,0.0,0.0,0.0
4,3,0.0,0.0,0.0,1.0,0.0,0.0,0.0,0.0,0.0,0.0,0.0
4,3,0.0,0.0,0.0,1.0,0.0,0.0,0.0,0.0,0.0,0.0,0.0
4,3,0.0,0.0,0.0,1.0,0.0,0.0,0.0,0.0,0.0,0.0,0.0
4,3,0.0,0.0,0.0,1.0,0.0,0.0,0.0,0.0,0.0,0.0,0.0
4,3,0.0,0.0,0.0,1.0,0.0,0.0,0.0,0.0,0.0,0.0,0.0
4,3,0.0,0.0,0.0,1.0,0.0,0.0,0.0,0.0,0.0,0.0,0.0
4,3,0.0,0.0,0.0,1.0,0.0,0.0,0.0,0.0,0.0,0.0,0.0
4,3,0.0,0.0,0.0,1.0,0.0,0.0,0.0,0.0,0.0,0.0,0.0
4,3,0.0,0.0,0.0,1.0,0.0,0.0,0.0,0.0,0.0,0.0,0.0
4,3,0.0,0.0,0.0,1.0,0.0,0.0,0.0,0.0,0.0,0.0,0.0
4,3,0.0,0.0,0.0,1.0,0.0,0.0,0.0,0.0,0.0,0.0,0.0
4,3,0.0,0.0,0.0,1.0,0.0,0.0,0.0,0.0,0.0,0.0,0.0
4,3,0.0,0.0,0.0,1.0,0.0,0.0,0.0,0.0,0.0,0.0,0.0
4,3,0.0,0.0,0.0,1.0,0.0,0.0,0.0,0.0,0.0,0.0,0.0
4,3,0.0,0.0,0.0,1.0,0.0,0.0,0.0,0.0,0.0,0.0,0.0
4,3,0.0,0.0,0.0,1.0,0.0,0.0,0.0,0.0,0.0,0.0,0.0
4,3,0.0,0.0,0.0,1.0,0.0,0.0,0.0,0.0,0.0,0.0,0.0
4,3,0.0,0.0,0.0,1.0,0.0,0.0,0.0,0.0,0.0,0.0,0.0
4,3,0.0,0.0,0.0,1.0,0.0,0.0,0.0,0.0,0.0,0.0,0.0
4,3,0.0,0.0,0.0,1.0,0.0,0.0,0.0,0.0,0.0,0.0,0.0
4,3,0.0,0.0,0.0,1.0,0.0,0.0,0.0,0.0,0.0,0.0,0.0
4,3,0.0,0.0,0.0,1.0,0.0,0.0,0.0,0.0,0.0,0.0,0.0
4,3,0.0,0.0,0.0,1.0,0.0,0.0,0.0,0.0,0.0,0.0,0.0
4,3,0.0,0.0,0.0,1.0,0.0,0.0,0.0,0.0,0.0,0.0,0.0
4,3,0.0,0.0,0.0,1.0,0.0,0.0,0.0,0.0,0.0,0.0,0.0
4,3,0.0,0.0,0.0,1.0,0.0,0.0,0.0,0.0,0.0,0.0,0.0
4,3,0.0,0.0,0.0,1.0,0.0,0.0,0.0,0.0,0.0,0.0,0.0
4,3,0.0,0.0,0.0,1.0,0.0,0.0,0.0,0.0,0.0,0.0,0.0
4,3,0.0,0.0,0.0,1.0,0.0,0.0,0.0,0.0,0.0,0.0,0.0
4,3,0.0,0.0,0.0,1.0,0.0,0.0,0.0,0.0,0.0,0.0,0.0
4,3,0.0,0.0,0.0,1.0,0.0,0.0,0.0,0.0,0.0,0.0,0.0
4,3,0.0,0.0,0.0,1.0,0.0,0.0,0.0,0.0,0.0,0.0,0.0
4,3,0.0,0.0,0.0,1.0,0.0,0.0,0.0,0.0,0.0,0.0,0.0
4,3,0.0,0.0,0.0,1.0,0.0,0.0,0.0,0.0,0.0,0.0,0.0
4,3,0.0,0.0,0.0,1.0,0.0,0.0,0.0,0.0,0.0,0.0,0.0
4,3,0.0,0.0,0.0,1.0,0.0,0.0,0.0,0.0,0.0,0.0,0.0
4,3,0.0,0.0,0.0,1.0,0.0,0.0,0.0,0.0,0.0,0.0,0.0
4,3,0.0,0.0,0.0,1.0,0.0,0.0,0.0,0.0,0.0,0.0,0.0
4,3,0.0,0.0,0.0,1.0,0.0,0.0,0.0,0.0,0.0,0.0,0.0
4,3,0.0,0.0,0.0,1.0,0.0,0.0,0.0,0.0,0.0,0.0,0.0
4,3,0.0,0.0,0.0,1.0,0.0,0.0,0.0,0.0,0.0,0.0,0.0
4,3,0.0,0.0,0.0,1.0,0.0,0.0,0.0,0.0,0.0,0.0,0.0
4,3,0.0,0.0,0.0,1.0,0.0,0.0,0.0,0.0,0.0,0.0,0.0
4,3,0.0,0.0,0.0,1.0,0.0,0.0,0.0,0.0,0.0,0.0,0.0
4,3,0.0,0.0,0.0,1.0,0.0,0.0,0.0,0.0,0.0,0.0,0.0
4,3,0.0,0.0,0.0,1.0,0.0,0.0,0.0,0.0,0.0,0.0,0.0
4,3,0.0,0.0,0.0,1.0,0.0,0.0,0.0,0.0,0.0,0.0,0.0
4,3,0.0,0.0,0.0,1.0,0.0,0.0,0.0,0.0,0.0,0.0,0.0
4,3,0.0,0.0,0.0,1.0,0.0,0.0,0.0,0.0,0.0,0.0,0.0
4,3,0.0,0.0,0.0,1.0,0.0,0.0,0.0,0.0,0.0,0.0,0.0
4,3,0.0,0.0,0.0,1.0,0.0,0.0,0.0,0.0,0.0,0.0,0.0
4,3,0.0,0.0,0.0,1.0,0.0,0.0,0.0,0.0,0.0,0.0,0.0
4,3,0.0,0.0,0.0,1.0,0.0,0.0,0.0,0.0,0.0,0.0,0.0
4,3,0.0,0.0,0.0,1.0,0.0,0.0,0.0,0.0,0.0,0.0,0.0
4,3,0.0,0.0,0.0,1.0,0.0,0.0,0.0,0.0,0.0,0.0,0.0
4,3,0.0,0.0,0.0,1.0,0.0,0.0,0.0,0.0,0.0,0.0,0.0
4,3,0.0,0.0,0.0,1.0,0.0,0.0,0.0,0.0,0.0,0.0,0.0
4,3,0.0,0.0,0.0,1.0,0.0,0.0,0.0,0.0,0.0,0.0,0.0
4,3,0.0,0.0,0.0,1.0,0.0,0.0,0.0,0.0,0.0,0.0,0.0
4,3,0.0,0.0,0.0,1.0,0.0,0.0,0.0,0.0,0.0,0.0,0.0
4,3,0.0,0.0,0.0,1.0,0.0,0.0,0.0,0.0,0.0,0.0,0.0
4,3,0.0,0.0,0.0,1.0,0.0,0.0,0.0,0.0,0.0,0.0,0.0
4,3,0.0,0.0,0.0,1.0,0.0,0.0,0.0,0.0,0.0,0.0,0.0
4,3,0.0,0.0,0.0,1.0,0.0,0.0,0.0,0.0,0.0,0.0,0.0
4,3,0.0,0.0,0.0,1.0,0.0,0.0,0.0,0.0,0.0,0.0,0.0
4,3,0.0,0.0,0.0,1.0,0.0,0.0,0.0,0.0,0.0,0.0,0.0
4,3,0.0,0.0,0.0,1.0,0.0,0.0,0.0,0.0,0.0,0.0,0.0
4,3,0.0,0.0,0.0,1.0,0.0,0.0,0.0,0.0,0.0,0.0,0.0
4,3,0.0,0.0,0.0,1.0,0.0,0.0,0.0,0.0,0.0,0.0,0.0
4,3,0.0,0.0,0.0,1.0,0.0,0.0,0.0,0.0,0.0,0.0,0.0
4,3,0.0,0.0,0.0,1.0,0.0,0.0,0.0,0.0,0.0,0.0,0.0
4,3,0.0,0.0,0.0,1.0,0.0,0.0,0.0,0.0,0.0,0.0,0.0
4,3,0.0,0.0,0.0,1.0,0.0,0.0,0.0,0.0,0.0,0.0,0.0
4,3,0.0,0.0,0.0,1.0,0.0,0.0,0.0,0.0,0.0,0.0,0.0
4,3,0.0,0.0,0.0,1.0,0.0,0.0,0.0,0.0,0.0,0.0,0.0
4,3,0.0,0.0,0.0,1.0,0.0,0.0,0.0,0.0,0.0,0.0,0.0
4,3,0.0,0.0,0.0,1.0,0.0,0.0,0.0,0.0,0.0,0.0,0.0
4,3,0.0,0.0,0.0,1.0,0.0,0.0,0.0,0.0,0.0,0.0,0.0
4,3,0.0,0.0,0.0,1.0,0.0,0.0,0.0,0.0,0.0,0.0,0.0
4,3,0.0,0.0,0.0,1.0,0.0,0.0,0.0,0.0,0.0,0.0,0.0
4,3,0.0,0.0,0.0,1.0,0.0,0.0,0.0,0.0,0.0,0.0,0.0
4,3,0.0,0.0,0.0,1.0,0.0,0.0,0.0,0.0,0.0,0.0,0.0
4,3,0.0,0.0,0.0,1.0,0.0,0.0,0.0,0.0,0.0,0.0,0.0
4,3,0.0,0.0,0.0,1.0,0.0,0.0,0.0,0.0,0.0,0.0,0.0
4,3,0.0,0.0,0.0,1.0,0.0,0.0,0.0,0.0,0.0,0.0,0.0
4,3,0.0,0.0,0.0,1.0,0.0,0.0,0.0,0.0,0.0,0.0,0.0
4,3,0.0,0.0,0.0,1.0,0.0,0.0,0.0,0.0,0.0,0.0,0.0
4,3,0.0,0.0,0.0,1.0,0.0,0.0,0.0,0.0,0.0,0.0,0.0
4,3,0.0,0.0,0.0,1.0,0.0,0.0,0.0,0.0,0.0,0.0,0.0
4,3,0.0,0.0,0.0,1.0,0.0,0.0,0.0,0.0,0.0,0.0,0.0
4,3,0.0,0.0,0.0,1.0,0.0,0.0,0.0,0.0,0.0,0.0,0.0
4,3,0.0,0.0,0.0,1.0,0.0,0.0,0.0,0.0,0.0,0.0,0.0
4,3,0.0,0.0,0.0,1.0,0.0,0.0,0.0,0.0,0.0,0.0,0.0
4,3,0.0,0.0,0.0,1.0,0.0,0.0,0.0,0.0,0.0,0.0,0.0
4,3,0.0,0.0,0.0,1.0,0.0,0.0,0.0,0.0,0.0,0.0,0.0
4,3,0.0,0.0,0.0,1.0,0.0,0.0,0.0,0.0,0.0,0.0,0.0
4,3,0.0,0.0,0.0,1.0,0.0,0.0,0.0,0.0,0.0,0.0,0.0
4,3,0.0,0.0,0.0,1.0,0.0,0.0,0.0,0.0,0.0,0.0,0.0
4,3,0.0,0.0,0.0,1.0,0.0,0.0,0.0,0.0,0.0,0.0,0.0
4,3,0.0,0.0,0.0,1.0,0.0,0.0,0.0,0.0,0.0,0.0,0.0
4,3,0.0,0.0,0.0,1.0,0.0,0.0,0.0,0.0,0.0,0.0,0.0
4,3,0.0,0.0,0.0,1.0,0.0,0.0,0.0,0.0,0.0,0.0,0.0
4,3,0.0,0.0,0.0,1.0,0.0,0.0,0.0,0.0,0.0,0.0,0.0
4,3,0.0,0.0,0.0,1.0,0.0,0.0,0.0,0.0,0.0,0.0,0.0
4,3,0.0,0.0,0.0,1.0,0.0,0.0,0.0,0.0,0.0,0.0,0.0
4,3,0.0,0.0,0.0,1.0,0.0,0.0,0.0,0.0,0.0,0.0,0.0
4,3,0.0,0.0,0.0,1.0,0.0,0.0,0.0,0.0,0.0,0.0,0.0
4,3,0.0,0.0,0.0,1.0,0.0,0.0,0.0,0.0,0.0,0.0,0.0
4,3,0.0,0.0,0.0,1.0,0.0,0.0,0.0,0.0,0.0,0.0,0.0
4,3,0.0,0.0,0.0,1.0,0.0,0.0,0.0,0.0,0.0,0.0,0.0
4,3,0.0,0.0,0.0,1.0,0.0,0.0,0.0,0.0,0.0,0.0,0.0
4,3,0.0,0.0,0.0,1.0,0.0,0.0,0.0,0.0,0.0,0.0,0.0
4,3,0.0,0.0,0.0,1.0,0.0,0.0,0.0,0.0,0.0,0.0,0.0
4,3,0.0,0.0,0.0,1.0,0.0,0.0,0.0,0.0,0.0,0.0,0.0
4,3,0.0,0.0,0.0,1.0,0.0,0.0,0.0,0.0,0.0,0.0,0.0
4,3,0.0,0.0,0.0,1.0,0.0,0.0,0.0,0.0,0.0,0.0,0.0
4,3,0.0,0.0,0.0,1.0,0.0,0.0,0.0,0.0,0.0,0.0,0.0
4,3,0.0,0.0,0.0,1.0,0.0,0.0,0.0,0.0,0.0,0.0,0.0
4,3,0.0,0.0,0.0,1.0,0.0,0.0,0.0,0.0,0.0,0.0,0.0
4,3,0.0,0.0,0.0,1.0,0.0,0.0,0.0,0.0,0.0,0.0,0.0
4,3,0.0,0.0,0.0,1.0,0.0,0.0,0.0,0.0,0.0,0.0,0.0
4,3,0.0,0.0,0.0,1.0,0.0,0.0,0.0,0.0,0.0,0.0,0.0
4,3,0.0,0.0,0.0,1.0,0.0,0.0,0.0,0.0,0.0,0.0,0.0
4,3,0.0,0.0,0.0,1.0,0.0,0.0,0.0,0.0,0.0,0.0,0.0
4,3,0.0,0.0,0.0,1.0,0.0,0.0,0.0,0.0,0.0,0.0,0.0
4,3,0.0,0.0,0.0,1.0,0.0,0.0,0.0,0.0,0.0,0.0,0.0
4,3,0.0,0.0,0.0,1.0,0.0,0.0,0.0,0.0,0.0,0.0,0.0
4,3,0.0,0.0,0.0,1.0,0.0,0.0,0.0,0.0,0.0,0.0,0.0
4,3,0.0,0.0,0.0,1.0,0.0,0.0,0.0,0.0,0.0,0.0,0.0
4,3,0.0,0.0,0.0,1.0,0.0,0.0,0.0,0.0,0.0,0.0,0.0
4,3,0.0,0.0,0.0,1.0,0.0,0.0,0.0,0.0,0.0,0.0,0.0
4,3,0.0,0.0,0.0,1.0,0.0,0.0,0.0,0.0,0.0,0.0,0.0
4,3,0.0,0.0,0.0,1.0,0.0,0.0,0.0,0.0,0.0,0.0,0.0
4,3,0.0,0.0,0.0,1.0,0.0,0.0,0.0,0.0,0.0,0.0,0.0
4,3,0.0,0.0,0.0,1.0,0.0,0.0,0.0,0.0,0.0,0.0,0.0
4,3,0.0,0.0,0.0,1.0,0.0,0.0,0.0,0.0,0.0,0.0,0.0
4,3,0.0,0.0,0.0,1.0,0.0,0.0,0.0,0.0,0.0,0.0,0.0
4,3,0.0,0.0,0.0,1.0,0.0,0.0,0.0,0.0,0.0,0.0,0.0
4,3,0.0,0.0,0.0,1.0,0.0,0.0,0.0,0.0,0.0,0.0,0.0
4,3,0.0,0.0,0.0,1.0,0.0,0.0,0.0,0.0,0.0,0.0,0.0
4,3,0.0,0.0,0.0,1.0,0.0,0.0,0.0,0.0,0.0,0.0,0.0
4,3,0.0,0.0,0.0,1.0,0.0,0.0,0.0,0.0,0.0,0.0,0.0
4,3,0.0,0.0,0.0,1.0,0.0,0.0,0.0,0.0,0.0,0.0,0.0
4,3,0.0,0.0,0.0,1.0,0.0,0.0,0.0,0.0,0.0,0.0,0.0
4,3,0.0,0.0,0.0,1.0,0.0,0.0,0.0,0.0,0.0,0.0,0.0
4,3,0.0,0.0,0.0,1.0,0.0,0.0,0.0,0.0,0.0,0.0,0.0
4,3,0.0,0.0,0.0,1.0,0.0,0.0,0.0,0.0,0.0,0.0,0.0
4,3,0.0,0.0,0.0,1.0,0.0,0.0,0.0,0.0,0.0,0.0,0.0
4,3,0.0,0.0,0.0,1.0,0.0,0.0,0.0,0.0,0.0,0.0,0.0
4,3,0.0,0.0,0.0,1.0,0.0,0.0,0.0,0.0,0.0,0.0,0.0
4,3,0.0,0.0,0.0,1.0,0.0,0.0,0.0,0.0,0.0,0.0,0.0
4,3,0.0,0.0,0.0,1.0,0.0,0.0,0.0,0.0,0.0,0.0,0.0
4,3,0.0,0.0,0.0,1.0,0.0,0.0,0.0,0.0,0.0,0.0,0.0
4,3,0.0,0.0,0.0,1.0,0.0,0.0,0.0,0.0,0.0,0.0,0.0
4,3,0.0,0.0,0.0,1.0,0.0,0.0,0.0,0.0,0.0,0.0,0.0
4,3,0.0,0.0,0.0,1.0,0.0,0.0,0.0,0.0,0.0,0.0,0.0
4,3,0.0,0.0,0.0,1.0,0.0,0.0,0.0,0.0,0.0,0.0,0.0
4,3,0.0,0.0,0.0,1.0,0.0,0.0,0.0,0.0,0.0,0.0,0.0
4,3,0.0,0.0,0.0,1.0,0.0,0.0,0.0,0.0,0.0,0.0,0.0
4,3,0.0,0.0,0.0,1.0,0.0,0.0,0.0,0.0,0.0,0.0,0.0
4,3,0.0,0.0,0.0,1.0,0.0,0.0,0.0,0.0,0.0,0.0,0.0
4,3,0.0,0.0,0.0,1.0,0.0,0.0,0.0,0.0,0.0,0.0,0.0
4,3,0.0,0.0,0.0,1.0,0.0,0.0,0.0,0.0,0.0,0.0,0.0
4,3,0.0,0.0,0.0,1.0,0.0,0.0,0.0,0.0,0.0,0.0,0.0
4,3,0.0,0.0,0.0,1.0,0.0,0.0,0.0,0.0,0.0,0.0,0.0
4,3,0.0,0.0,0.0,1.0,0.0,0.0,0.0,0.0,0.0,0.0,0.0
4,3,0.0,0.0,0.0,1.0,0.0,0.0,0.0,0.0,0.0,0.0,0.0
4,3,0.0,0.0,0.0,1.0,0.0,0.0,0.0,0.0,0.0,0.0,0.0
4,3,0.0,0.0,0.0,1.0,0.0,0.0,0.0,0.0,0.0,0.0,0.0
4,3,0.0,0.0,0.0,1.0,0.0,0.0,0.0,0.0,0.0,0.0,0.0
4,3,0.0,0.0,0.0,1.0,0.0,0.0,0.0,0.0,0.0,0.0,0.0
4,3,0.0,0.0,0.0,1.0,0.0,0.0,0.0,0.0,0.0,0.0,0.0
4,3,0.0,0.0,0.0,1.0,0.0,0.0,0.0,0.0,0.0,0.0,0.0
4,3,0.0,0.0,0.0,1.0,0.0,0.0,0.0,0.0,0.0,0.0,0.0
4,3,0.0,0.0,0.0,1.0,0.0,0.0,0.0,0.0,0.0,0.0,0.0
4,3,0.0,0.0,0.0,1.0,0.0,0.0,0.0,0.0,0.0,0.0,0.0
4,3,0.0,0.0,0.0,1.0,0.0,0.0,0.0,0.0,0.0,0.0,0.0
4,3,0.0,0.0,0.0,1.0,0.0,0.0,0.0,0.0,0.0,0.0,0.0
4,3,0.0,0.0,0.0,1.0,0.0,0.0,0.0,0.0,0.0,0.0,0.0
4,3,0.0,0.0,0.0,1.0,0.0,0.0,0.0,0.0,0.0,0.0,0.0
4,3,0.0,0.0,0.0,1.0,0.0,0.0,0.0,0.0,0.0,0.0,0.0
4,3,0.0,0.0,0.0,1.0,0.0,0.0,0.0,0.0,0.0,0.0,0.0
4,3,0.0,0.0,0.0,1.0,0.0,0.0,0.0,0.0,0.0,0.0,0.0
4,3,0.0,0.0,0.0,1.0,0.0,0.0,0.0,0.0,0.0,0.0,0.0
4,3,0.0,0.0,0.0,1.0,0.0,0.0,0.0,0.0,0.0,0.0,0.0
4,3,0.0,0.0,0.0,1.0,0.0,0.0,0.0,0.0,0.0,0.0,0.0
4,3,0.0,0.0,0.0,1.0,0.0,0.0,0.0,0.0,0.0,0.0,0.0
4,3,0.0,0.0,0.0,1.0,0.0,0.0,0.0,0.0,0.0,0.0,0.0
4,3,0.0,0.0,0.0,1.0,0.0,0.0,0.0,0.0,0.0,0.0,0.0
4,3,0.0,0.0,0.0,1.0,0.0,0.0,0.0,0.0,0.0,0.0,0.0
4,3,0.0,0.0,0.0,1.0,0.0,0.0,0.0,0.0,0.0,0.0,0.0
4,3,0.0,0.0,0.0,1.0,0.0,0.0,0.0,0.0,0.0,0.0,0.0
4,3,0.0,0.0,0.0,1.0,0.0,0.0,0.0,0.0,0.0,0.0,0.0
4,3,0.0,0.0,0.0,1.0,0.0,0.0,0.0,0.0,0.0,0.0,0.0
4,3,0.0,0.0,0.0,1.0,0.0,0.0,0.0,0.0,0.0,0.0,0.0
4,3,0.0,0.0,0.0,1.0,0.0,0.0,0.0,0.0,0.0,0.0,0.0
4,3,0.0,0.0,0.0,1.0,0.0,0.0,0.0,0.0,0.0,0.0,0.0
4,3,0.0,0.0,0.0,1.0,0.0,0.0,0.0,0.0,0.0,0.0,0.0
4,3,0.0,0.0,0.0,1.0,0.0,0.0,0.0,0.0,0.0,0.0,0.0
4,3,0.0,0.0,0.0,1.0,0.0,0.0,0.0,0.0,0.0,0.0,0.0
4,3,0.0,0.0,0.0,1.0,0.0,0.0,0.0,0.0,0.0,0.0,0.0
4,3,0.0,0.0,0.0,1.0,0.0,0.0,0.0,0.0,0.0,0.0,0.0
4,3,0.0,0.0,0.0,1.0,0.0,0.0,0.0,0.0,0.0,0.0,0.0
4,3,0.0,0.0,0.0,1.0,0.0,0.0,0.0,0.0,0.0,0.0,0.0
4,3,0.0,0.0,0.0,1.0,0.0,0.0,0.0,0.0,0.0,0.0,0.0
4,3,0.0,0.0,0.0,1.0,0.0,0.0,0.0,0.0,0.0,0.0,0.0
4,3,0.0,0.0,0.0,1.0,0.0,0.0,0.0,0.0,0.0,0.0,0.0
4,3,0.0,0.0,0.0,1.0,0.0,0.0,0.0,0.0,0.0,0.0,0.0
4,3,0.0,0.0,0.0,1.0,0.0,0.0,0.0,0.0,0.0,0.0,0.0
4,3,0.0,0.0,0.0,1.0,0.0,0.0,0.0,0.0,0.0,0.0,0.0
4,3,0.0,0.0,0.0,1.0,0.0,0.0,0.0,0.0,0.0,0.0,0.0
4,3,0.0,0.0,0.0,1.0,0.0,0.0,0.0,0.0,0.0,0.0,0.0
4,3,0.0,0.0,0.0,1.0,0.0,0.0,0.0,0.0,0.0,0.0,0.0
4,3,0.0,0.0,0.0,1.0,0.0,0.0,0.0,0.0,0.0,0.0,0.0
4,3,0.0,0.0,0.0,1.0,0.0,0.0,0.0,0.0,0.0,0.0,0.0
4,3,0.0,0.0,0.0,1.0,0.0,0.0,0.0,0.0,0.0,0.0,0.0
4,3,0.0,0.0,0.0,1.0,0.0,0.0,0.0,0.0,0.0,0.0,0.0
4,3,0.0,0.0,0.0,1.0,0.0,0.0,0.0,0.0,0.0,0.0,0.0
4,3,0.0,0.0,0.0,1.0,0.0,0.0,0.0,0.0,0.0,0.0,0.0
4,3,0.0,0.0,0.0,1.0,0.0,0.0,0.0,0.0,0.0,0.0,0.0
4,3,0.0,0.0,0.0,1.0,0.0,0.0,0.0,0.0,0.0,0.0,0.0
4,3,0.0,0.0,0.0,1.0,0.0,0.0,0.0,0.0,0.0,0.0,0.0
4,3,0.0,0.0,0.0,1.0,0.0,0.0,0.0,0.0,0.0,0.0,0.0
4,3,0.0,0.0,0.0,1.0,0.0,0.0,0.0,0.0,0.0,0.0,0.0
4,3,0.0,0.0,0.0,1.0,0.0,0.0,0.0,0.0,0.0,0.0,0.0
4,3,0.0,0.0,0.0,1.0,0.0,0.0,0.0,0.0,0.0,0.0,0.0
4,3,0.0,0.0,0.0,1.0,0.0,0.0,0.0,0.0,0.0,0.0,0.0
4,3,0.0,0.0,0.0,1.0,0.0,0.0,0.0,0.0,0.0,0.0,0.0
4,3,0.0,0.0,0.0,1.0,0.0,0.0,0.0,0.0,0.0,0.0,0.0
4,3,0.0,0.0,0.0,1.0,0.0,0.0,0.0,0.0,0.0,0.0,0.0
4,3,0.0,0.0,0.0,1.0,0.0,0.0,0.0,0.0,0.0,0.0,0.0
4,3,0.0,0.0,0.0,1.0,0.0,0.0,0.0,0.0,0.0,0.0,0.0
4,3,0.0,0.0,0.0,1.0,0.0,0.0,0.0,0.0,0.0,0.0,0.0
4,3,0.0,0.0,0.0,1.0,0.0,0.0,0.0,0.0,0.0,0.0,0.0
4,3,0.0,0.0,0.0,1.0,0.0,0.0,0.0,0.0,0.0,0.0,0.0
4,3,0.0,0.0,0.0,1.0,0.0,0.0,0.0,0.0,0.0,0.0,0.0
4,3,0.0,0.0,0.0,1.0,0.0,0.0,0.0,0.0,0.0,0.0,0.0
4,3,0.0,0.0,0.0,1.0,0.0,0.0,0.0,0.0,0.0,0.0,0.0
4,3,0.0,0.0,0.0,1.0,0.0,0.0,0.0,0.0,0.0,0.0,0.0
4,3,0.0,0.0,0.0,1.0,0.0,0.0,0.0,0.0,0.0,0.0,0.0
4,3,0.0,0.0,0.0,1.0,0.0,0.0,0.0,0.0,0.0,0.0,0.0
4,3,0.0,0.0,0.0,1.0,0.0,0.0,0.0,0.0,0.0,0.0,0.0
4,3,0.0,0.0,0.0,1.0,0.0,0.0,0.0,0.0,0.0,0.0,0.0
4,3,0.0,0.0,0.0,1.0,0.0,0.0,0.0,0.0,0.0,0.0,0.0
4,3,0.0,0.0,0.0,1.0,0.0,0.0,0.0,0.0,0.0,0.0,0.0
4,3,0.0,0.0,0.0,1.0,0.0,0.0,0.0,0.0,0.0,0.0,0.0
4,3,0.0,0.0,0.0,1.0,0.0,0.0,0.0,0.0,0.0,0.0,0.0
4,3,0.0,0.0,0.0,1.0,0.0,0.0,0.0,0.0,0.0,0.0,0.0
4,3,0.0,0.0,0.0,1.0,0.0,0.0,0.0,0.0,0.0,0.0,0.0
4,3,0.0,0.0,0.0,1.0,0.0,0.0,0.0,0.0,0.0,0.0,0.0
4,3,0.0,0.0,0.0,1.0,0.0,0.0,0.0,0.0,0.0,0.0,0.0
4,3,0.0,0.0,0.0,1.0,0.0,0.0,0.0,0.0,0.0,0.0,0.0
4,3,0.0,0.0,0.0,1.0,0.0,0.0,0.0,0.0,0.0,0.0,0.0
4,3,0.0,0.0,0.0,1.0,0.0,0.0,0.0,0.0,0.0,0.0,0.0
4,3,0.0,0.0,0.0,1.0,0.0,0.0,0.0,0.0,0.0,0.0,0.0
4,3,0.0,0.0,0.0,1.0,0.0,0.0,0.0,0.0,0.0,0.0,0.0
4,3,0.0,0.0,0.0,1.0,0.0,0.0,0.0,0.0,0.0,0.0,0.0
4,3,0.0,0.0,0.0,1.0,0.0,0.0,0.0,0.0,0.0,0.0,0.0
4,3,0.0,0.0,0.0,1.0,0.0,0.0,0.0,0.0,0.0,0.0,0.0
4,3,0.0,0.0,0.0,1.0,0.0,0.0,0.0,0.0,0.0,0.0,0.0
4,3,0.0,0.0,0.0,1.0,0.0,0.0,0.0,0.0,0.0,0.0,0.0
4,3,0.0,0.0,0.0,1.0,0.0,0.0,0.0,0.0,0.0,0.0,0.0
4,3,0.0,0.0,0.0,1.0,0.0,0.0,0.0,0.0,0.0,0.0,0.0
4,3,0.0,0.0,0.0,1.0,0.0,0.0,0.0,0.0,0.0,0.0,0.0
4,3,0.0,0.0,0.0,1.0,0.0,0.0,0.0,0.0,0.0,0.0,0.0
4,3,0.0,0.0,0.0,1.0,0.0,0.0,0.0,0.0,0.0,0.0,0.0
4,3,0.0,0.0,0.0,1.0,0.0,0.0,0.0,0.0,0.0,0.0,0.0
4,3,0.0,0.0,0.0,1.0,0.0,0.0,0.0,0.0,0.0,0.0,0.0
4,3,0.0,0.0,0.0,1.0,0.0,0.0,0.0,0.0,0.0,0.0,0.0
4,3,0.0,0.0,0.0,1.0,0.0,0.0,0.0,0.0,0.0,0.0,0.0
4,3,0.0,0.0,0.0,1.0,0.0,0.0,0.0,0.0,0.0,0.0,0.0
4,3,0.0,0.0,0.0,1.0,0.0,0.0,0.0,0.0,0.0,0.0,0.0
4,3,0.0,0.0,0.0,1.0,0.0,0.0,0.0,0.0,0.0,0.0,0.0
4,3,0.0,0.0,0.0,1.0,0.0,0.0,0.0,0.0,0.0,0.0,0.0
4,3,0.0,0.0,0.0,1.0,0.0,0.0,0.0,0.0,0.0,0.0,0.0
4,3,0.0,0.0,0.0,1.0,0.0,0.0,0.0,0.0,0.0,0.0,0.0
4,3,0.0,0.0,0.0,1.0,0.0,0.0,0.0,0.0,0.0,0.0,0.0
4,3,0.0,0.0,0.0,1.0,0.0,0.0,0.0,0.0,0.0,0.0,0.0
4,3,0.0,0.0,0.0,1.0,0.0,0.0,0.0,0.0,0.0,0.0,0.0
4,3,0.0,0.0,0.0,1.0,0.0,0.0,0.0,0.0,0.0,0.0,0.0
4,3,0.0,0.0,0.0,1.0,0.0,0.0,0.0,0.0,0.0,0.0,0.0
4,3,0.0,0.0,0.0,1.0,0.0,0.0,0.0,0.0,0.0,0.0,0.0
4,3,0.0,0.0,0.0,1.0,0.0,0.0,0.0,0.0,0.0,0.0,0.0
4,3,0.0,0.0,0.0,1.0,0.0,0.0,0.0,0.0,0.0,0.0,0.0
4,3,0.0,0.0,0.0,1.0,0.0,0.0,0.0,0.0,0.0,0.0,0.0
4,3,0.0,0.0,0.0,1.0,0.0,0.0,0.0,0.0,0.0,0.0,0.0
4,3,0.0,0.0,0.0,1.0,0.0,0.0,0.0,0.0,0.0,0.0,0.0
4,3,0.0,0.0,0.0,1.0,0.0,0.0,0.0,0.0,0.0,0.0,0.0
4,3,0.0,0.0,0.0,1.0,0.0,0.0,0.0,0.0,0.0,0.0,0.0
4,3,0.0,0.0,0.0,1.0,0.0,0.0,0.0,0.0,0.0,0.0,0.0
4,3,0.0,0.0,0.0,1.0,0.0,0.0,0.0,0.0,0.0,0.0,0.0
4,3,0.0,0.0,0.0,1.0,0.0,0.0,0.0,0.0,0.0,0.0,0.0
4,3,0.0,0.0,0.0,1.0,0.0,0.0,0.0,0.0,0.0,0.0,0.0
4,3,0.0,0.0,0.0,1.0,0.0,0.0,0.0,0.0,0.0,0.0,0.0
4,3,0.0,0.0,0.0,1.0,0.0,0.0,0.0,0.0,0.0,0.0,0.0
4,3,0.0,0.0,0.0,1.0,0.0,0.0,0.0,0.0,0.0,0.0,0.0
4,3,0.0,0.0,0.0,1.0,0.0,0.0,0.0,0.0,0.0,0.0,0.0
4,3,0.0,0.0,0.0,1.0,0.0,0.0,0.0,0.0,0.0,0.0,0.0
4,3,0.0,0.0,0.0,1.0,0.0,0.0,0.0,0.0,0.0,0.0,0.0
4,3,0.0,0.0,0.0,1.0,0.0,0.0,0.0,0.0,0.0,0.0,0.0
4,3,0.0,0.0,0.0,1.0,0.0,0.0,0.0,0.0,0.0,0.0,0.0
4,3,0.0,0.0,0.0,1.0,0.0,0.0,0.0,0.0,0.0,0.0,0.0
4,3,0.0,0.0,0.0,1.0,0.0,0.0,0.0,0.0,0.0,0.0,0.0
4,3,0.0,0.0,0.0,1.0,0.0,0.0,0.0,0.0,0.0,0.0,0.0
4,3,0.0,0.0,0.0,1.0,0.0,0.0,0.0,0.0,0.0,0.0,0.0
4,3,0.0,0.0,0.0,1.0,0.0,0.0,0.0,0.0,0.0,0.0,0.0
4,3,0.0,0.0,0.0,1.0,0.0,0.0,0.0,0.0,0.0,0.0,0.0
4,3,0.0,0.0,0.0,1.0,0.0,0.0,0.0,0.0,0.0,0.0,0.0
4,3,0.0,0.0,0.0,1.0,0.0,0.0,0.0,0.0,0.0,0.0,0.0
4,3,0.0,0.0,0.0,1.0,0.0,0.0,0.0,0.0,0.0,0.0,0.0
4,3,0.0,0.0,0.0,1.0,0.0,0.0,0.0,0.0,0.0,0.0,0.0
4,3,0.0,0.0,0.0,1.0,0.0,0.0,0.0,0.0,0.0,0.0,0.0
4,3,0.0,0.0,0.0,1.0,0.0,0.0,0.0,0.0,0.0,0.0,0.0
4,3,0.0,0.0,0.0,1.0,0.0,0.0,0.0,0.0,0.0,0.0,0.0
4,3,0.0,0.0,0.0,1.0,0.0,0.0,0.0,0.0,0.0,0.0,0.0
4,3,0.0,0.0,0.0,1.0,0.0,0.0,0.0,0.0,0.0,0.0,0.0
4,3,0.0,0.0,0.0,1.0,0.0,0.0,0.0,0.0,0.0,0.0,0.0
4,3,0.0,0.0,0.0,1.0,0.0,0.0,0.0,0.0,0.0,0.0,0.0
4,3,0.0,0.0,0.0,1.0,0.0,0.0,0.0,0.0,0.0,0.0,0.0
4,3,0.0,0.0,0.0,1.0,0.0,0.0,0.0,0.0,0.0,0.0,0.0
4,3,0.0,0.0,0.0,1.0,0.0,0.0,0.0,0.0,0.0,0.0,0.0
4,3,0.0,0.0,0.0,1.0,0.0,0.0,0.0,0.0,0.0,0.0,0.0
4,3,0.0,0.0,0.0,1.0,0.0,0.0,0.0,0.0,0.0,0.0,0.0
4,3,0.0,0.0,0.0,1.0,0.0,0.0,0.0,0.0,0.0,0.0,0.0
4,3,0.0,0.0,0.0,1.0,0.0,0.0,0.0,0.0,0.0,0.0,0.0
4,3,0.0,0.0,0.0,1.0,0.0,0.0,0.0,0.0,0.0,0.0,0.0
4,3,0.0,0.0,0.0,1.0,0.0,0.0,0.0,0.0,0.0,0.0,0.0
4,3,0.0,0.0,0.0,1.0,0.0,0.0,0.0,0.0,0.0,0.0,0.0
4,3,0.0,0.0,0.0,1.0,0.0,0.0,0.0,0.0,0.0,0.0,0.0
4,3,0.0,0.0,0.0,1.0,0.0,0.0,0.0,0.0,0.0,0.0,0.0
4,3,0.0,0.0,0.0,1.0,0.0,0.0,0.0,0.0,0.0,0.0,0.0
4,3,0.0,0.0,0.0,1.0,0.0,0.0,0.0,0.0,0.0,0.0,0.0
4,3,0.0,0.0,0.0,1.0,0.0,0.0,0.0,0.0,0.0,0.0,0.0
4,3,0.0,0.0,0.0,1.0,0.0,0.0,0.0,0.0,0.0,0.0,0.0
4,3,0.0,0.0,0.0,1.0,0.0,0.0,0.0,0.0,0.0,0.0,0.0
4,3,0.0,0.0,0.0,1.0,0.0,0.0,0.0,0.0,0.0,0.0,0.0
4,3,0.0,0.0,0.0,1.0,0.0,0.0,0.0,0.0,0.0,0.0,0.0
4,3,0.0,0.0,0.0,1.0,0.0,0.0,0.0,0.0,0.0,0.0,0.0
4,3,0.0,0.0,0.0,1.0,0.0,0.0,0.0,0.0,0.0,0.0,0.0
4,3,0.0,0.0,0.0,1.0,0.0,0.0,0.0,0.0,0.0,0.0,0.0
4,3,0.0,0.0,0.0,1.0,0.0,0.0,0.0,0.0,0.0,0.0,0.0
4,3,0.0,0.0,0.0,1.0,0.0,0.0,0.0,0.0,0.0,0.0,0.0
4,3,0.0,0.0,0.0,1.0,0.0,0.0,0.0,0.0,0.0,0.0,0.0
4,3,0.0,0.0,0.0,1.0,0.0,0.0,0.0,0.0,0.0,0.0,0.0
4,3,0.0,0.0,0.0,1.0,0.0,0.0,0.0,0.0,0.0,0.0,0.0
4,3,0.0,0.0,0.0,1.0,0.0,0.0,0.0,0.0,0.0,0.0,0.0
4,3,0.0,0.0,0.0,1.0,0.0,0.0,0.0,0.0,0.0,0.0,0.0
4,3,0.0,0.0,0.0,1.0,0.0,0.0,0.0,0.0,0.0,0.0,0.0
4,3,0.0,0.0,0.0,1.0,0.0,0.0,0.0,0.0,0.0,0.0,0.0
4,3,0.0,0.0,0.0,1.0,0.0,0.0,0.0,0.0,0.0,0.0,0.0
4,3,0.0,0.0,0.0,1.0,0.0,0.0,0.0,0.0,0.0,0.0,0.0
4,3,0.0,0.0,0.0,1.0,0.0,0.0,0.0,0.0,0.0,0.0,0.0
4,3,0.0,0.0,0.0,1.0,0.0,0.0,0.0,0.0,0.0,0.0,0.0
4,3,0.0,0.0,0.0,1.0,0.0,0.0,0.0,0.0,0.0,0.0,0.0
4,3,0.0,0.0,0.0,1.0,0.0,0.0,0.0,0.0,0.0,0.0,0.0
4,3,0.0,0.0,0.0,1.0,0.0,0.0,0.0,0.0,0.0,0.0,0.0
4,3,0.0,0.0,0.0,1.0,0.0,0.0,0.0,0.0,0.0,0.0,0.0
4,3,0.0,0.0,0.0,1.0,0.0,0.0,0.0,0.0,0.0,0.0,0.0
4,3,0.0,0.0,0.0,1.0,0.0,0.0,0.0,0.0,0.0,0.0,0.0
4,3,0.0,0.0,0.0,1.0,0.0,0.0,0.0,0.0,0.0,0.0,0.0
4,3,0.0,0.0,0.0,1.0,0.0,0.0,0.0,0.0,0.0,0.0,0.0
4,3,0.0,0.0,0.0,1.0,0.0,0.0,0.0,0.0,0.0,0.0,0.0
4,3,0.0,0.0,0.0,1.0,0.0,0.0,0.0,0.0,0.0,0.0,0.0
4,3,0.0,0.0,0.0,1.0,0.0,0.0,0.0,0.0,0.0,0.0,0.0
4,3,0.0,0.0,0.0,1.0,0.0,0.0,0.0,0.0,0.0,0.0,0.0
4,3,0.0,0.0,0.0,1.0,0.0,0.0,0.0,0.0,0.0,0.0,0.0
4,3,0.0,0.0,0.0,1.0,0.0,0.0,0.0,0.0,0.0,0.0,0.0
4,3,0.0,0.0,0.0,1.0,0.0,0.0,0.0,0.0,0.0,0.0,0.0
4,3,0.0,0.0,0.0,1.0,0.0,0.0,0.0,0.0,0.0,0.0,0.0
4,3,0.0,0.0,0.0,1.0,0.0,0.0,0.0,0.0,0.0,0.0,0.0
4,3,0.0,0.0,0.0,1.0,0.0,0.0,0.0,0.0,0.0,0.0,0.0
4,3,0.0,0.0,0.0,1.0,0.0,0.0,0.0,0.0,0.0,0.0,0.0
4,3,0.0,0.0,0.0,1.0,0.0,0.0,0.0,0.0,0.0,0.0,0.0
4,3,0.0,0.0,0.0,1.0,0.0,0.0,0.0,0.0,0.0,0.0,0.0
4,3,0.0,0.0,0.0,1.0,0.0,0.0,0.0,0.0,0.0,0.0,0.0
4,3,0.0,0.0,0.0,1.0,0.0,0.0,0.0,0.0,0.0,0.0,0.0
4,3,0.0,0.0,0.0,1.0,0.0,0.0,0.0,0.0,0.0,0.0,0.0
4,3,0.0,0.0,0.0,1.0,0.0,0.0,0.0,0.0,0.0,0.0,0.0
4,3,0.0,0.0,0.0,1.0,0.0,0.0,0.0,0.0,0.0,0.0,0.0
4,3,0.0,0.0,0.0,1.0,0.0,0.0,0.0,0.0,0.0,0.0,0.0
4,3,0.0,0.0,0.0,1.0,0.0,0.0,0.0,0.0,0.0,0.0,0.0
4,3,0.0,0.0,0.0,1.0,0.0,0.0,0.0,0.0,0.0,0.0,0.0
4,3,0.0,0.0,0.0,1.0,0.0,0.0,0.0,0.0,0.0,0.0,0.0
4,3,0.0,0.0,0.0,1.0,0.0,0.0,0.0,0.0,0.0,0.0,0.0
4,3,0.0,0.0,0.0,1.0,0.0,0.0,0.0,0.0,0.0,0.0,0.0
4,3,0.0,0.0,0.0,1.0,0.0,0.0,0.0,0.0,0.0,0.0,0.0
4,3,0.0,0.0,0.0,1.0,0.0,0.0,0.0,0.0,0.0,0.0,0.0
4,3,0.0,0.0,0.0,1.0,0.0,0.0,0.0,0.0,0.0,0.0,0.0
4,3,0.0,0.0,0.0,1.0,0.0,0.0,0.0,0.0,0.0,0.0,0.0
4,3,0.0,0.0,0.0,1.0,0.0,0.0,0.0,0.0,0.0,0.0,0.0
4,3,0.0,0.0,0.0,1.0,0.0,0.0,0.0,0.0,0.0,0.0,0.0
4,3,0.0,0.0,0.0,1.0,0.0,0.0,0.0,0.0,0.0,0.0,0.0
4,3,0.0,0.0,0.0,1.0,0.0,0.0,0.0,0.0,0.0,0.0,0.0
4,3,0.0,0.0,0.0,1.0,0.0,0.0,0.0,0.0,0.0,0.0,0.0
4,3,0.0,0.0,0.0,1.0,0.0,0.0,0.0,0.0,0.0,0.0,0.0
4,3,0.0,0.0,0.0,1.0,0.0,0.0,0.0,0.0,0.0,0.0,0.0
4,3,0.0,0.0,0.0,1.0,0.0,0.0,0.0,0.0,0.0,0.0,0.0
4,3,0.0,0.0,0.0,1.0,0.0,0.0,0.0,0.0,0.0,0.0,0.0
4,3,0.0,0.0,0.0,1.0,0.0,0.0,0.0,0.0,0.0,0.0,0.0
4,3,0.0,0.0,0.0,1.0,0.0,0.0,0.0,0.0,0.0,0.0,0.0
4,3,0.0,0.0,0.0,1.0,0.0,0.0,0.0,0.0,0.0,0.0,0.0
4,3,0.0,0.0,0.0,1.0,0.0,0.0,0.0,0.0,0.0,0.0,0.0
4,3,0.0,0.0,0.0,1.0,0.0,0.0,0.0,0.0,0.0,0.0,0.0
4,3,0.0,0.0,0.0,1.0,0.0,0.0,0.0,0.0,0.0,0.0,0.0
4,3,0.0,0.0,0.0,1.0,0.0,0.0,0.0,0.0,0.0,0.0,0.0
4,3,0.0,0.0,0.0,1.0,0.0,0.0,0.0,0.0,0.0,0.0,0.0
4,3,0.0,0.0,0.0,1.0,0.0,0.0,0.0,0.0,0.0,0.0,0.0
4,3,0.0,0.0,0.0,1.0,0.0,0.0,0.0,0.0,0.0,0.0,0.0
4,3,0.0,0.0,0.0,1.0,0.0,0.0,0.0,0.0,0.0,0.0,0.0
4,3,0.0,0.0,0.0,1.0,0.0,0.0,0.0,0.0,0.0,0.0,0.0
4,3,0.0,0.0,0.0,1.0,0.0,0.0,0.0,0.0,0.0,0.0,0.0
4,3,0.0,0.0,0.0,1.0,0.0,0.0,0.0,0.0,0.0,0.0,0.0
4,3,0.0,0.0,0.0,1.0,0.0,0.0,0.0,0.0,0.0,0.0,0.0
4,3,0.0,0.0,0.0,1.0,0.0,0.0,0.0,0.0,0.0,0.0,0.0
4,3,0.0,0.0,0.0,1.0,0.0,0.0,0.0,0.0,0.0,0.0,0.0
4,3,0.0,0.0,0.0,1.0,0.0,0.0,0.0,0.0,0.0,0.0,0.0
4,3,0.0,0.0,0.0,1.0,0.0,0.0,0.0,0.0,0.0,0.0,0.0
4,3,0.0,0.0,0.0,1.0,0.0,0.0,0.0,0.0,0.0,0.0,0.0
4,3,0.0,0.0,0.0,1.0,0.0,0.0,0.0,0.0,0.0,0.0,0.0
4,3,0.0,0.0,0.0,1.0,0.0,0.0,0.0,0.0,0.0,0.0,0.0
4,3,0.0,0.0,0.0,1.0,0.0,0.0,0.0,0.0,0.0,0.0,0.0
4,3,0.0,0.0,0.0,1.0,0.0,0.0,0.0,0.0,0.0,0.0,0.0
4,3,0.0,0.0,0.0,1.0,0.0,0.0,0.0,0.0,0.0,0.0,0.0
4,3,0.0,0.0,0.0,1.0,0.0,0.0,0.0,0.0,0.0,0.0,0.0
4,3,0.0,0.0,0.0,1.0,0.0,0.0,0.0,0.0,0.0,0.0,0.0
4,3,0.0,0.0,0.0,1.0,0.0,0.0,0.0,0.0,0.0,0.0,0.0
4,3,0.0,0.0,0.0,1.0,0.0,0.0,0.0,0.0,0.0,0.0,0.0
4,3,0.0,0.0,0.0,1.0,0.0,0.0,0.0,0.0,0.0,0.0,0.0
4,3,0.0,0.0,0.0,1.0,0.0,0.0,0.0,0.0,0.0,0.0,0.0
4,3,0.0,0.0,0.0,1.0,0.0,0.0,0.0,0.0,0.0,0.0,0.0
4,3,0.0,0.0,0.0,1.0,0.0,0.0,0.0,0.0,0.0,0.0,0.0
4,3,0.0,0.0,0.0,1.0,0.0,0.0,0.0,0.0,0.0,0.0,0.0
4,3,0.0,0.0,0.0,1.0,0.0,0.0,0.0,0.0,0.0,0.0,0.0
4,3,0.0,0.0,0.0,1.0,0.0,0.0,0.0,0.0,0.0,0.0,0.0
4,3,0.0,0.0,0.0,1.0,0.0,0.0,0.0,0.0,0.0,0.0,0.0
4,3,0.0,0.0,0.0,1.0,0.0,0.0,0.0,0.0,0.0,0.0,0.0
4,3,0.0,0.0,0.0,1.0,0.0,0.0,0.0,0.0,0.0,0.0,0.0
4,3,0.0,0.0,0.0,1.0,0.0,0.0,0.0,0.0,0.0,0.0,0.0
4,3,0.0,0.0,0.0,1.0,0.0,0.0,0.0,0.0,0.0,0.0,0.0
4,3,0.0,0.0,0.0,1.0,0.0,0.0,0.0,0.0,0.0,0.0,0.0
4,3,0.0,0.0,0.0,1.0,0.0,0.0,0.0,0.0,0.0,0.0,0.0
4,3,0.0,0.0,0.0,1.0,0.0,0.0,0.0,0.0,0.0,0.0,0.0
4,3,0.0,0.0,0.0,1.0,0.0,0.0,0.0,0.0,0.0,0.0,0.0
4,3,0.0,0.0,0.0,1.0,0.0,0.0,0.0,0.0,0.0,0.0,0.0
4,3,0.0,0.0,0.0,1.0,0.0,0.0,0.0,0.0,0.0,0.0,0.0
4,3,0.0,0.0,0.0,1.0,0.0,0.0,0.0,0.0,0.0,0.0,0.0
4,3,0.0,0.0,0.0,1.0,0.0,0.0,0.0,0.0,0.0,0.0,0.0
4,3,0.0,0.0,0.0,1.0,0.0,0.0,0.0,0.0,0.0,0.0,0.0
4,3,0.0,0.0,0.0,1.0,0.0,0.0,0.0,0.0,0.0,0.0,0.0
4,3,0.0,0.0,0.0,1.0,0.0,0.0,0.0,0.0,0.0,0.0,0.0
4,3,0.0,0.0,0.0,1.0,0.0,0.0,0.0,0.0,0.0,0.0,0.0
4,3,0.0,0.0,0.0,1.0,0.0,0.0,0.0,0.0,0.0,0.0,0.0
4,3,0.0,0.0,0.0,1.0,0.0,0.0,0.0,0.0,0.0,0.0,0.0
4,3,0.0,0.0,0.0,1.0,0.0,0.0,0.0,0.0,0.0,0.0,0.0
4,3,0.0,0.0,0.0,1.0,0.0,0.0,0.0,0.0,0.0,0.0,0.0
4,3,0.0,0.0,0.0,1.0,0.0,0.0,0.0,0.0,0.0,0.0,0.0
4,3,0.0,0.0,0.0,1.0,0.0,0.0,0.0,0.0,0.0,0.0,0.0
4,3,0.0,0.0,0.0,1.0,0.0,0.0,0.0,0.0,0.0,0.0,0.0
4,3,0.0,0.0,0.0,1.0,0.0,0.0,0.0,0.0,0.0,0.0,0.0
4,3,0.0,0.0,0.0,1.0,0.0,0.0,0.0,0.0,0.0,0.0,0.0
4,3,0.0,0.0,0.0,1.0,0.0,0.0,0.0,0.0,0.0,0.0,0.0
4,3,0.0,0.0,0.0,1.0,0.0,0.0,0.0,0.0,0.0,0.0,0.0
4,3,0.0,0.0,0.0,1.0,0.0,0.0,0.0,0.0,0.0,0.0,0.0
4,3,0.0,0.0,0.0,1.0,0.0,0.0,0.0,0.0,0.0,0.0,0.0
4,3,0.0,0.0,0.0,1.0,0.0,0.0,0.0,0.0,0.0,0.0,0.0
4,3,0.0,0.0,0.0,1.0,0.0,0.0,0.0,0.0,0.0,0.0,0.0
4,3,0.0,0.0,0.0,1.0,0.0,0.0,0.0,0.0,0.0,0.0,0.0
4,3,0.0,0.0,0.0,1.0,0.0,0.0,0.0,0.0,0.0,0.0,0.0
4,3,0.0,0.0,0.0,1.0,0.0,0.0,0.0,0.0,0.0,0.0,0.0
4,3,0.0,0.0,0.0,1.0,0.0,0.0,0.0,0.0,0.0,0.0,0.0
4,3,0.0,0.0,0.0,1.0,0.0,0.0,0.0,0.0,0.0,0.0,0.0
4,3,0.0,0.0,0.0,1.0,0.0,0.0,0.0,0.0,0.0,0.0,0.0
4,3,0.0,0.0,0.0,1.0,0.0,0.0,0.0,0.0,0.0,0.0,0.0
4,3,0.0,0.0,0.0,1.0,0.0,0.0,0.0,0.0,0.0,0.0,0.0
4,3,0.0,0.0,0.0,1.0,0.0,0.0,0.0,0.0,0.0,0.0,0.0
4,3,0.0,0.0,0.0,1.0,0.0,0.0,0.0,0.0,0.0,0.0,0.0
4,3,0.0,0.0,0.0,1.0,0.0,0.0,0.0,0.0,0.0,0.0,0.0
4,3,0.0,0.0,0.0,1.0,0.0,0.0,0.0,0.0,0.0,0.0,0.0
4,3,0.0,0.0,0.0,1.0,0.0,0.0,0.0,0.0,0.0,0.0,0.0
4,3,0.0,0.0,0.0,1.0,0.0,0.0,0.0,0.0,0.0,0.0,0.0
4,3,0.0,0.0,0.0,1.0,0.0,0.0,0.0,0.0,0.0,0.0,0.0
4,3,0.0,0.0,0.0,1.0,0.0,0.0,0.0,0.0,0.0,0.0,0.0
4,3,0.0,0.0,0.0,1.0,0.0,0.0,0.0,0.0,0.0,0.0,0.0
4,3,0.0,0.0,0.0,1.0,0.0,0.0,0.0,0.0,0.0,0.0,0.0
4,3,0.0,0.0,0.0,1.0,0.0,0.0,0.0,0.0,0.0,0.0,0.0
4,3,0.0,0.0,0.0,1.0,0.0,0.0,0.0,0.0,0.0,0.0,0.0
4,3,0.0,0.0,0.0,1.0,0.0,0.0,0.0,0.0,0.0,0.0,0.0
4,3,0.0,0.0,0.0,1.0,0.0,0.0,0.0,0.0,0.0,0.0,0.0
5,3,0.0,0.0,0.0,1.0,0.0,0.0,0.0,0.0,0.0,0.0,0.0
5,3,0.0,0.0,0.0,1.0,0.0,0.0,0.0,0.0,0.0,0.0,0.0
5,3,0.0,0.0,0.0,1.0,0.0,0.0,0.0,0.0,0.0,0.0,0.0
5,3,0.0,0.0,0.0,1.0,0.0,0.0,0.0,0.0,0.0,0.0,0.0
5,3,0.0,0.0,0.0,1.0,0.0,0.0,0.0,0.0,0.0,0.0,0.0
5,3,0.0,0.0,0.0,1.0,0.0,0.0,0.0,0.0,0.0,0.0,0.0
5,3,0.0,0.0,0.0,1.0,0.0,0.0,0.0,0.0,0.0,0.0,0.0
5,3,0.0,0.0,0.0,1.0,0.0,0.0,0.0,0.0,0.0,0.0,0.0
5,3,0.0,0.0,0.0,1.0,0.0,0.0,0.0,0.0,0.0,0.0,0.0
5,3,0.0,0.0,0.0,1.0,0.0,0.0,0.0,0.0,0.0,0.0,0.0
5,3,0.0,0.0,0.0,1.0,0.0,0.0,0.0,0.0,0.0,0.0,0.0
5,3,0.0,0.0,0.0,1.0,0.0,0.0,0.0,0.0,0.0,0.0,0.0
5,3,0.0,0.0,0.0,1.0,0.0,0.0,0.0,0.0,0.0,0.0,0.0
5,3,0.0,0.0,0.0,1.0,0.0,0.0,0.0,0.0,0.0,0.0,0.0
5,3,0.0,0.0,0.0,1.0,0.0,0.0,0.0,0.0,0.0,0.0,0.0
5,3,0.0,0.0,0.0,1.0,0.0,0.0,0.0,0.0,0.0,0.0,0.0
5,3,0.0,0.0,0.0,1.0,0.0,0.0,0.0,0.0,0.0,0.0,0.0
5,3,0.0,0.0,0.0,1.0,0.0,0.0,0.0,0.0,0.0,0.0,0.0
5,3,0.0,0.0,0.0,1.0,0.0,0.0,0.0,0.0,0.0,0.0,0.0
5,3,0.0,0.0,0.0,1.0,0.0,0.0,0.0,0.0,0.0,0.0,0.0
5,3,0.0,0.0,0.0,1.0,0.0,0.0,0.0,0.0,0.0,0.0,0.0
5,3,0.0,0.0,0.0,1.0,0.0,0.0,0.0,0.0,0.0,0.0,0.0
5,3,0.0,0.0,0.0,1.0,0.0,0.0,0.0,0.0,0.0,0.0,0.0
5,3,0.0,0.0,0.0,1.0,0.0,0.0,0.0,0.0,0.0,0.0,0.0
5,3,0.0,0.0,0.0,1.0,0.0,0.0,0.0,0.0,0.0,0.0,0.0
5,3,0.0,0.0,0.0,1.0,0.0,0.0,0.0,0.0,0.0,0.0,0.0
5,3,0.0,0.0,0.0,1.0,0.0,0.0,0.0,0.0,0.0,0.0,0.0
5,3,0.0,0.0,0.0,1.0,0.0,0.0,0.0,0.0,0.0,0.0,0.0
5,3,0.0,0.0,0.0,1.0,0.0,0.0,0.0,0.0,0.0,0.0,0.0
5,3,0.0,0.0,0.0,1.0,0.0,0.0,0.0,0.0,0.0,0.0,0.0
5,3,0.0,0.0,0.0,1.0,0.0,0.0,0.0,0.0,0.0,0.0,0.0
5,3,0.0,0.0,0.0,1.0,0.0,0.0,0.0,0.0,0.0,0.0,0.0
5,3,0.0,0.0,0.0,1.0,0.0,0.0,0.0,0.0,0.0,0.0,0.0
5,3,0.0,0.0,0.0,1.0,0.0,0.0,0.0,0.0,0.0,0.0,0.0
5,3,0.0,0.0,0.0,1.0,0.0,0.0,0.0,0.0,0.0,0.0,0.0
5,3,0.0,0.0,0.0,1.0,0.0,0.0,0.0,0.0,0.0,0.0,0.0
5,3,0.0,0.0,0.0,1.0,0.0,0.0,0.0,0.0,0.0,0.0,0.0
5,3,0.0,0.0,0.0,1.0,0.0,0.0,0.0,0.0,0.0,0.0,0.0
5,3,0.0,0.0,0.0,1.0,0.0,0.0,0.0,0.0,0.0,0.0,0.0
5,3,0.0,0.0,0.0,1.0,0.0,0.0,0.0,0.0,0.0,0.0,0.0
5,3,0.0,0.0,0.0,1.0,0.0,0.0,0.0,0.0,0.0,0.0,0.0
5,3,0.0,0.0,0.0,1.0,0.0,0.0,0.0,0.0,0.0,0.0,0.0
5,3,0.0,0.0,0.0,1.0,0.0,0.0,0.0,0.0,0.0,0.0,0.0
5,3,0.0,0.0,0.0,1.0,0.0,0.0,0.0,0.0,0.0,0.0,0.0
5,3,0.0,0.0,0.0,1.0,0.0,0.0,0.0,0.0,0.0,0.0,0.0
5,3,0.0,0.0,0.0,1.0,0.0,0.0,0.0,0.0,0.0,0.0,0.0
5,3,0.0,0.0,0.0,1.0,0.0,0.0,0.0,0.0,0.0,0.0,0.0
5,3,0.0,0.0,0.0,1.0,0.0,0.0,0.0,0.0,0.0,0.0,0.0
5,3,0.0,0.0,0.0,1.0,0.0,0.0,0.0,0.0,0.0,0.0,0.0
5,3,0.0,0.0,0.0,1.0,0.0,0.0,0.0,0.0,0.0,0.0,0.0
5,3,0.0,0.0,0.0,1.0,0.0,0.0,0.0,0.0,0.0,0.0,0.0
5,3,0.0,0.0,0.0,1.0,0.0,0.0,0.0,0.0,0.0,0.0,0.0
5,3,0.0,0.0,0.0,1.0,0.0,0.0,0.0,0.0,0.0,0.0,0.0
5,3,0.0,0.0,0.0,1.0,0.0,0.0,0.0,0.0,0.0,0.0,0.0
5,3,0.0,0.0,0.0,1.0,0.0,0.0,0.0,0.0,0.0,0.0,0.0
5,3,0.0,0.0,0.0,1.0,0.0,0.0,0.0,0.0,0.0,0.0,0.0
5,3,0.0,0.0,0.0,1.0,0.0,0.0,0.0,0.0,0.0,0.0,0.0
5,3,0.0,0.0,0.0,1.0,0.0,0.0,0.0,0.0,0.0,0.0,0.0
5,3,0.0,0.0,0.0,1.0,0.0,0.0,0.0,0.0,0.0,0.0,0.0
5,3,0.0,0.0,0.0,1.0,0.0,0.0,0.0,0.0,0.0,0.0,0.0
5,3,0.0,0.0,0.0,1.0,0.0,0.0,0.0,0.0,0.0,0.0,0.0
5,3,0.0,0.0,0.0,1.0,0.0,0.0,0.0,0.0,0.0,0.0,0.0
5,3,0.0,0.0,0.0,1.0,0.0,0.0,0.0,0.0,0.0,0.0,0.0
5,3,0.0,0.0,0.0,1.0,0.0,0.0,0.0,0.0,0.0,0.0,0.0
5,3,0.0,0.0,0.0,1.0,0.0,0.0,0.0,0.0,0.0,0.0,0.0
5,3,0.0,0.0,0.0,1.0,0.0,0.0,0.0,0.0,0.0,0.0,0.0
5,3,0.0,0.0,0.0,1.0,0.0,0.0,0.0,0.0,0.0,0.0,0.0
5,3,0.0,0.0,0.0,1.0,0.0,0.0,0.0,0.0,0.0,0.0,0.0
5,3,0.0,0.0,0.0,1.0,0.0,0.0,0.0,0.0,0.0,0.0,0.0
5,3,0.0,0.0,0.0,1.0,0.0,0.0,0.0,0.0,0.0,0.0,0.0
5,3,0.0,0.0,0.0,1.0,0.0,0.0,0.0,0.0,0.0,0.0,0.0
5,3,0.0,0.0,0.0,1.0,0.0,0.0,0.0,0.0,0.0,0.0,0.0
5,3,0.0,0.0,0.0,1.0,0.0,0.0,0.0,0.0,0.0,0.0,0.0
5,3,0.0,0.0,0.0,1.0,0.0,0.0,0.0,0.0,0.0,0.0,0.0
5,3,0.0,0.0,0.0,1.0,0.0,0.0,0.0,0.0,0.0,0.0,0.0
5,3,0.0,0.0,0.0,1.0,0.0,0.0,0.0,0.0,0.0,0.0,0.0
5,3,0.0,0.0,0.0,1.0,0.0,0.0,0.0,0.0,0.0,0.0,0.0
5,3,0.0,0.0,0.0,1.0,0.0,0.0,0.0,0.0,0.0,0.0,0.0
5,3,0.0,0.0,0.0,1.0,0.0,0.0,0.0,0.0,0.0,0.0,0.0
5,3,0.0,0.0,0.0,1.0,0.0,0.0,0.0,0.0,0.0,0.0,0.0
5,3,0.0,0.0,0.0,1.0,0.0,0.0,0.0,0.0,0.0,0.0,0.0
5,3,0.0,0.0,0.0,1.0,0.0,0.0,0.0,0.0,0.0,0.0,0.0
5,3,0.0,0.0,0.0,1.0,0.0,0.0,0.0,0.0,0.0,0.0,0.0
5,3,0.0,0.0,0.0,1.0,0.0,0.0,0.0,0.0,0.0,0.0,0.0
5,3,0.0,0.0,0.0,1.0,0.0,0.0,0.0,0.0,0.0,0.0,0.0
5,3,0.0,0.0,0.0,1.0,0.0,0.0,0.0,0.0,0.0,0.0,0.0
5,3,0.0,0.0,0.0,1.0,0.0,0.0,0.0,0.0,0.0,0.0,0.0
5,3,0.0,0.0,0.0,1.0,0.0,0.0,0.0,0.0,0.0,0.0,0.0
5,3,0.0,0.0,0.0,1.0,0.0,0.0,0.0,0.0,0.0,0.0,0.0
5,3,0.0,0.0,0.0,1.0,0.0,0.0,0.0,0.0,0.0,0.0,0.0
5,3,0.0,0.0,0.0,1.0,0.0,0.0,0.0,0.0,0.0,0.0,0.0
5,3,0.0,0.0,0.0,1.0,0.0,0.0,0.0,0.0,0.0,0.0,0.0
5,3,0.0,0.0,0.0,1.0,0.0,0.0,0.0,0.0,0.0,0.0,0.0
5,3,0.0,0.0,0.0,1.0,0.0,0.0,0.0,0.0,0.0,0.0,0.0
5,3,0.0,0.0,0.0,1.0,0.0,0.0,0.0,0.0,0.0,0.0,0.0
5,3,0.0,0.0,0.0,1.0,0.0,0.0,0.0,0.0,0.0,0.0,0.0
5,3,0.0,0.0,0.0,1.0,0.0,0.0,0.0,0.0,0.0,0.0,0.0
5,3,0.0,0.0,0.0,1.0,0.0,0.0,0.0,0.0,0.0,0.0,0.0
5,3,0.0,0.0,0.0,1.0,0.0,0.0,0.0,0.0,0.0,0.0,0.0
5,3,0.0,0.0,0.0,1.0,0.0,0.0,0.0,0.0,0.0,0.0,0.0
5,3,0.0,0.0,0.0,1.0,0.0,0.0,0.0,0.0,0.0,0.0,0.0
5,3,0.0,0.0,0.0,1.0,0.0,0.0,0.0,0.0,0.0,0.0,0.0
5,3,0.0,0.0,0.0,1.0,0.0,0.0,0.0,0.0,0.0,0.0,0.0
5,3,0.0,0.0,0.0,1.0,0.0,0.0,0.0,0.0,0.0,0.0,0.0
5,3,0.0,0.0,0.0,1.0,0.0,0.0,0.0,0.0,0.0,0.0,0.0
5,3,0.0,0.0,0.0,1.0,0.0,0.0,0.0,0.0,0.0,0.0,0.0
5,3,0.0,0.0,0.0,1.0,0.0,0.0,0.0,0.0,0.0,0.0,0.0
5,3,0.0,0.0,0.0,1.0,0.0,0.0,0.0,0.0,0.0,0.0,0.0
5,3,0.0,0.0,0.0,1.0,0.0,0.0,0.0,0.0,0.0,0.0,0.0
5,3,0.0,0.0,0.0,1.0,0.0,0.0,0.0,0.0,0.0,0.0,0.0
5,3,0.0,0.0,0.0,1.0,0.0,0.0,0.0,0.0,0.0,0.0,0.0
5,3,0.0,0.0,0.0,1.0,0.0,0.0,0.0,0.0,0.0,0.0,0.0
5,3,0.0,0.0,0.0,1.0,0.0,0.0,0.0,0.0,0.0,0.0,0.0
5,3,0.0,0.0,0.0,1.0,0.0,0.0,0.0,0.0,0.0,0.0,0.0
5,3,0.0,0.0,0.0,1.0,0.0,0.0,0.0,0.0,0.0,0.0,0.0
5,3,0.0,0.0,0.0,1.0,0.0,0.0,0.0,0.0,0.0,0.0,0.0
5,3,0.0,0.0,0.0,1.0,0.0,0.0,0.0,0.0,0.0,0.0,0.0
5,3,0.0,0.0,0.0,1.0,0.0,0.0,0.0,0.0,0.0,0.0,0.0
5,3,0.0,0.0,0.0,1.0,0.0,0.0,0.0,0.0,0.0,0.0,0.0
5,3,0.0,0.0,0.0,1.0,0.0,0.0,0.0,0.0,0.0,0.0,0.0
5,3,0.0,0.0,0.0,1.0,0.0,0.0,0.0,0.0,0.0,0.0,0.0
5,3,0.0,0.0,0.0,1.0,0.0,0.0,0.0,0.0,0.0,0.0,0.0
5,3,0.0,0.0,0.0,1.0,0.0,0.0,0.0,0.0,0.0,0.0,0.0
5,3,0.0,0.0,0.0,1.0,0.0,0.0,0.0,0.0,0.0,0.0,0.0
5,3,0.0,0.0,0.0,1.0,0.0,0.0,0.0,0.0,0.0,0.0,0.0
5,3,0.0,0.0,0.0,1.0,0.0,0.0,0.0,0.0,0.0,0.0,0.0
5,3,0.0,0.0,0.0,1.0,0.0,0.0,0.0,0.0,0.0,0.0,0.0
5,3,0.0,0.0,0.0,1.0,0.0,0.0,0.0,0.0,0.0,0.0,0.0
5,3,0.0,0.0,0.0,1.0,0.0,0.0,0.0,0.0,0.0,0.0,0.0
5,3,0.0,0.0,0.0,1.0,0.0,0.0,0.0,0.0,0.0,0.0,0.0
5,3,0.0,0.0,0.0,1.0,0.0,0.0,0.0,0.0,0.0,0.0,0.0
5,3,0.0,0.0,0.0,1.0,0.0,0.0,0.0,0.0,0.0,0.0,0.0
5,3,0.0,0.0,0.0,1.0,0.0,0.0,0.0,0.0,0.0,0.0,0.0
5,3,0.0,0.0,0.0,1.0,0.0,0.0,0.0,0.0,0.0,0.0,0.0
5,3,0.0,0.0,0.0,1.0,0.0,0.0,0.0,0.0,0.0,0.0,0.0
5,3,0.0,0.0,0.0,1.0,0.0,0.0,0.0,0.0,0.0,0.0,0.0
5,3,0.0,0.0,0.0,1.0,0.0,0.0,0.0,0.0,0.0,0.0,0.0
5,3,0.0,0.0,0.0,1.0,0.0,0.0,0.0,0.0,0.0,0.0,0.0
5,3,0.0,0.0,0.0,1.0,0.0,0.0,0.0,0.0,0.0,0.0,0.0
5,3,0.0,0.0,0.0,1.0,0.0,0.0,0.0,0.0,0.0,0.0,0.0
5,3,0.0,0.0,0.0,1.0,0.0,0.0,0.0,0.0,0.0,0.0,0.0
5,3,0.0,0.0,0.0,1.0,0.0,0.0,0.0,0.0,0.0,0.0,0.0
5,3,0.0,0.0,0.0,1.0,0.0,0.0,0.0,0.0,0.0,0.0,0.0
5,3,0.0,0.0,0.0,1.0,0.0,0.0,0.0,0.0,0.0,0.0,0.0
5,3,0.0,0.0,0.0,1.0,0.0,0.0,0.0,0.0,0.0,0.0,0.0
5,3,0.0,0.0,0.0,1.0,0.0,0.0,0.0,0.0,0.0,0.0,0.0
5,3,0.0,0.0,0.0,1.0,0.0,0.0,0.0,0.0,0.0,0.0,0.0
5,3,0.0,0.0,0.0,1.0,0.0,0.0,0.0,0.0,0.0,0.0,0.0
5,3,0.0,0.0,0.0,1.0,0.0,0.0,0.0,0.0,0.0,0.0,0.0
5,3,0.0,0.0,0.0,1.0,0.0,0.0,0.0,0.0,0.0,0.0,0.0
5,3,0.0,0.0,0.0,1.0,0.0,0.0,0.0,0.0,0.0,0.0,0.0
5,3,0.0,0.0,0.0,1.0,0.0,0.0,0.0,0.0,0.0,0.0,0.0
5,3,0.0,0.0,0.0,1.0,0.0,0.0,0.0,0.0,0.0,0.0,0.0
5,3,0.0,0.0,0.0,1.0,0.0,0.0,0.0,0.0,0.0,0.0,0.0
5,3,0.0,0.0,0.0,1.0,0.0,0.0,0.0,0.0,0.0,0.0,0.0
5,3,0.0,0.0,0.0,1.0,0.0,0.0,0.0,0.0,0.0,0.0,0.0
5,3,0.0,0.0,0.0,1.0,0.0,0.0,0.0,0.0,0.0,0.0,0.0
5,3,0.0,0.0,0.0,1.0,0.0,0.0,0.0,0.0,0.0,0.0,0.0
5,3,0.0,0.0,0.0,1.0,0.0,0.0,0.0,0.0,0.0,0.0,0.0
5,3,0.0,0.0,0.0,1.0,0.0,0.0,0.0,0.0,0.0,0.0,0.0
5,3,0.0,0.0,0.0,1.0,0.0,0.0,0.0,0.0,0.0,0.0,0.0
5,3,0.0,0.0,0.0,1.0,0.0,0.0,0.0,0.0,0.0,0.0,0.0
5,3,0.0,0.0,0.0,1.0,0.0,0.0,0.0,0.0,0.0,0.0,0.0
5,3,0.0,0.0,0.0,1.0,0.0,0.0,0.0,0.0,0.0,0.0,0.0
5,3,0.0,0.0,0.0,1.0,0.0,0.0,0.0,0.0,0.0,0.0,0.0
5,3,0.0,0.0,0.0,1.0,0.0,0.0,0.0,0.0,0.0,0.0,0.0
5,3,0.0,0.0,0.0,1.0,0.0,0.0,0.0,0.0,0.0,0.0,0.0
5,3,0.0,0.0,0.0,1.0,0.0,0.0,0.0,0.0,0.0,0.0,0.0
5,3,0.0,0.0,0.0,1.0,0.0,0.0,0.0,0.0,0.0,0.0,0.0
5,3,0.0,0.0,0.0,1.0,0.0,0.0,0.0,0.0,0.0,0.0,0.0
5,3,0.0,0.0,0.0,1.0,0.0,0.0,0.0,0.0,0.0,0.0,0.0
5,3,0.0,0.0,0.0,1.0,0.0,0.0,0.0,0.0,0.0,0.0,0.0
5,3,0.0,0.0,0.0,1.0,0.0,0.0,0.0,0.0,0.0,0.0,0.0
5,3,0.0,0.0,0.0,1.0,0.0,0.0,0.0,0.0,0.0,0.0,0.0
5,3,0.0,0.0,0.0,1.0,0.0,0.0,0.0,0.0,0.0,0.0,0.0
5,3,0.0,0.0,0.0,1.0,0.0,0.0,0.0,0.0,0.0,0.0,0.0
5,3,0.0,0.0,0.0,1.0,0.0,0.0,0.0,0.0,0.0,0.0,0.0
5,3,0.0,0.0,0.0,1.0,0.0,0.0,0.0,0.0,0.0,0.0,0.0
5,3,0.0,0.0,0.0,1.0,0.0,0.0,0.0,0.0,0.0,0.0,0.0
5,3,0.0,0.0,0.0,1.0,0.0,0.0,0.0,0.0,0.0,0.0,0.0
5,3,0.0,0.0,0.0,1.0,0.0,0.0,0.0,0.0,0.0,0.0,0.0
5,3,0.0,0.0,0.0,1.0,0.0,0.0,0.0,0.0,0.0,0.0,0.0
5,3,0.0,0.0,0.0,1.0,0.0,0.0,0.0,0.0,0.0,0.0,0.0
5,3,0.0,0.0,0.0,1.0,0.0,0.0,0.0,0.0,0.0,0.0,0.0
5,3,0.0,0.0,0.0,1.0,0.0,0.0,0.0,0.0,0.0,0.0,0.0
5,3,0.0,0.0,0.0,1.0,0.0,0.0,0.0,0.0,0.0,0.0,0.0
5,3,0.0,0.0,0.0,1.0,0.0,0.0,0.0,0.0,0.0,0.0,0.0
5,3,0.0,0.0,0.0,1.0,0.0,0.0,0.0,0.0,0.0,0.0,0.0
5,3,0.0,0.0,0.0,1.0,0.0,0.0,0.0,0.0,0.0,0.0,0.0
5,3,0.0,0.0,0.0,1.0,0.0,0.0,0.0,0.0,0.0,0.0,0.0
5,3,0.0,0.0,0.0,1.0,0.0,0.0,0.0,0.0,0.0,0.0,0.0
5,3,0.0,0.0,0.0,1.0,0.0,0.0,0.0,0.0,0.0,0.0,0.0
5,3,0.0,0.0,0.0,1.0,0.0,0.0,0.0,0.0,0.0,0.0,0.0
5,3,0.0,0.0,0.0,1.0,0.0,0.0,0.0,0.0,0.0,0.0,0.0
5,3,0.0,0.0,0.0,1.0,0.0,0.0,0.0,0.0,0.0,0.0,0.0
5,3,0.0,0.0,0.0,1.0,0.0,0.0,0.0,0.0,0.0,0.0,0.0
5,3,0.0,0.0,0.0,1.0,0.0,0.0,0.0,0.0,0.0,0.0,0.0
5,3,0.0,0.0,0.0,1.0,0.0,0.0,0.0,0.0,0.0,0.0,0.0
5,3,0.0,0.0,0.0,1.0,0.0,0.0,0.0,0.0,0.0,0.0,0.0
5,3,0.0,0.0,0.0,1.0,0.0,0.0,0.0,0.0,0.0,0.0,0.0
5,3,0.0,0.0,0.0,1.0,0.0,0.0,0.0,0.0,0.0,0.0,0.0
5,3,0.0,0.0,0.0,1.0,0.0,0.0,0.0,0.0,0.0,0.0,0.0
5,3,0.0,0.0,0.0,1.0,0.0,0.0,0.0,0.0,0.0,0.0,0.0
5,3,0.0,0.0,0.0,1.0,0.0,0.0,0.0,0.0,0.0,0.0,0.0
5,3,0.0,0.0,0.0,1.0,0.0,0.0,0.0,0.0,0.0,0.0,0.0
5,3,0.0,0.0,0.0,1.0,0.0,0.0,0.0,0.0,0.0,0.0,0.0
5,3,0.0,0.0,0.0,1.0,0.0,0.0,0.0,0.0,0.0,0.0,0.0
5,3,0.0,0.0,0.0,1.0,0.0,0.0,0.0,0.0,0.0,0.0,0.0
5,3,0.0,0.0,0.0,1.0,0.0,0.0,0.0,0.0,0.0,0.0,0.0
5,3,0.0,0.0,0.0,1.0,0.0,0.0,0.0,0.0,0.0,0.0,0.0
5,3,0.0,0.0,0.0,1.0,0.0,0.0,0.0,0.0,0.0,0.0,0.0
5,3,0.0,0.0,0.0,1.0,0.0,0.0,0.0,0.0,0.0,0.0,0.0
5,3,0.0,0.0,0.0,1.0,0.0,0.0,0.0,0.0,0.0,0.0,0.0
5,3,0.0,0.0,0.0,1.0,0.0,0.0,0.0,0.0,0.0,0.0,0.0
5,3,0.0,0.0,0.0,1.0,0.0,0.0,0.0,0.0,0.0,0.0,0.0
5,3,0.0,0.0,0.0,1.0,0.0,0.0,0.0,0.0,0.0,0.0,0.0
5,3,0.0,0.0,0.0,1.0,0.0,0.0,0.0,0.0,0.0,0.0,0.0
5,3,0.0,0.0,0.0,1.0,0.0,0.0,0.0,0.0,0.0,0.0,0.0
5,3,0.0,0.0,0.0,1.0,0.0,0.0,0.0,0.0,0.0,0.0,0.0
5,3,0.0,0.0,0.0,1.0,0.0,0.0,0.0,0.0,0.0,0.0,0.0
5,3,0.0,0.0,0.0,1.0,0.0,0.0,0.0,0.0,0.0,0.0,0.0
5,3,0.0,0.0,0.0,1.0,0.0,0.0,0.0,0.0,0.0,0.0,0.0
5,3,0.0,0.0,0.0,1.0,0.0,0.0,0.0,0.0,0.0,0.0,0.0
5,3,0.0,0.0,0.0,1.0,0.0,0.0,0.0,0.0,0.0,0.0,0.0
5,3,0.0,0.0,0.0,1.0,0.0,0.0,0.0,0.0,0.0,0.0,0.0
5,3,0.0,0.0,0.0,1.0,0.0,0.0,0.0,0.0,0.0,0.0,0.0
5,3,0.0,0.0,0.0,1.0,0.0,0.0,0.0,0.0,0.0,0.0,0.0
5,3,0.0,0.0,0.0,1.0,0.0,0.0,0.0,0.0,0.0,0.0,0.0
5,3,0.0,0.0,0.0,1.0,0.0,0.0,0.0,0.0,0.0,0.0,0.0
5,3,0.0,0.0,0.0,1.0,0.0,0.0,0.0,0.0,0.0,0.0,0.0
5,3,0.0,0.0,0.0,1.0,0.0,0.0,0.0,0.0,0.0,0.0,0.0
5,3,0.0,0.0,0.0,1.0,0.0,0.0,0.0,0.0,0.0,0.0,0.0
5,3,0.0,0.0,0.0,1.0,0.0,0.0,0.0,0.0,0.0,0.0,0.0
5,3,0.0,0.0,0.0,1.0,0.0,0.0,0.0,0.0,0.0,0.0,0.0
5,3,0.0,0.0,0.0,1.0,0.0,0.0,0.0,0.0,0.0,0.0,0.0
5,3,0.0,0.0,0.0,1.0,0.0,0.0,0.0,0.0,0.0,0.0,0.0
5,3,0.0,0.0,0.0,1.0,0.0,0.0,0.0,0.0,0.0,0.0,0.0
5,3,0.0,0.0,0.0,1.0,0.0,0.0,0.0,0.0,0.0,0.0,0.0
5,3,0.0,0.0,0.0,1.0,0.0,0.0,0.0,0.0,0.0,0.0,0.0
5,3,0.0,0.0,0.0,1.0,0.0,0.0,0.0,0.0,0.0,0.0,0.0
5,3,0.0,0.0,0.0,1.0,0.0,0.0,0.0,0.0,0.0,0.0,0.0
5,3,0.0,0.0,0.0,1.0,0.0,0.0,0.0,0.0,0.0,0.0,0.0
5,3,0.0,0.0,0.0,1.0,0.0,0.0,0.0,0.0,0.0,0.0,0.0
5,3,0.0,0.0,0.0,1.0,0.0,0.0,0.0,0.0,0.0,0.0,0.0
5,3,0.0,0.0,0.0,1.0,0.0,0.0,0.0,0.0,0.0,0.0,0.0
5,3,0.0,0.0,0.0,1.0,0.0,0.0,0.0,0.0,0.0,0.0,0.0
5,3,0.0,0.0,0.0,1.0,0.0,0.0,0.0,0.0,0.0,0.0,0.0
5,3,0.0,0.0,0.0,1.0,0.0,0.0,0.0,0.0,0.0,0.0,0.0
5,3,0.0,0.0,0.0,1.0,0.0,0.0,0.0,0.0,0.0,0.0,0.0
5,3,0.0,0.0,0.0,1.0,0.0,0.0,0.0,0.0,0.0,0.0,0.0
5,3,0.0,0.0,0.0,1.0,0.0,0.0,0.0,0.0,0.0,0.0,0.0
5,3,0.0,0.0,0.0,1.0,0.0,0.0,0.0,0.0,0.0,0.0,0.0
5,3,0.0,0.0,0.0,1.0,0.0,0.0,0.0,0.0,0.0,0.0,0.0
5,3,0.0,0.0,0.0,1.0,0.0,0.0,0.0,0.0,0.0,0.0,0.0
5,3,0.0,0.0,0.0,1.0,0.0,0.0,0.0,0.0,0.0,0.0,0.0
5,3,0.0,0.0,0.0,1.0,0.0,0.0,0.0,0.0,0.0,0.0,0.0
5,3,0.0,0.0,0.0,1.0,0.0,0.0,0.0,0.0,0.0,0.0,0.0
5,3,0.0,0.0,0.0,1.0,0.0,0.0,0.0,0.0,0.0,0.0,0.0
5,3,0.0,0.0,0.0,1.0,0.0,0.0,0.0,0.0,0.0,0.0,0.0
5,3,0.0,0.0,0.0,1.0,0.0,0.0,0.0,0.0,0.0,0.0,0.0
5,3,0.0,0.0,0.0,1.0,0.0,0.0,0.0,0.0,0.0,0.0,0.0
5,3,0.0,0.0,0.0,1.0,0.0,0.0,0.0,0.0,0.0,0.0,0.0
5,3,0.0,0.0,0.0,1.0,0.0,0.0,0.0,0.0,0.0,0.0,0.0
5,3,0.0,0.0,0.0,1.0,0.0,0.0,0.0,0.0,0.0,0.0,0.0
5,3,0.0,0.0,0.0,1.0,0.0,0.0,0.0,0.0,0.0,0.0,0.0
5,3,0.0,0.0,0.0,1.0,0.0,0.0,0.0,0.0,0.0,0.0,0.0
5,3,0.0,0.0,0.0,1.0,0.0,0.0,0.0,0.0,0.0,0.0,0.0
5,3,0.0,0.0,0.0,1.0,0.0,0.0,0.0,0.0,0.0,0.0,0.0
5,3,0.0,0.0,0.0,1.0,0.0,0.0,0.0,0.0,0.0,0.0,0.0
5,3,0.0,0.0,0.0,1.0,0.0,0.0,0.0,0.0,0.0,0.0,0.0
5,3,0.0,0.0,0.0,1.0,0.0,0.0,0.0,0.0,0.0,0.0,0.0
5,3,0.0,0.0,0.0,1.0,0.0,0.0,0.0,0.0,0.0,0.0,0.0
5,3,0.0,0.0,0.0,1.0,0.0,0.0,0.0,0.0,0.0,0.0,0.0
5,3,0.0,0.0,0.0,1.0,0.0,0.0,0.0,0.0,0.0,0.0,0.0
5,3,0.0,0.0,0.0,1.0,0.0,0.0,0.0,0.0,0.0,0.0,0.0
5,3,0.0,0.0,0.0,1.0,0.0,0.0,0.0,0.0,0.0,0.0,0.0
5,3,0.0,0.0,0.0,1.0,0.0,0.0,0.0,0.0,0.0,0.0,0.0
5,3,0.0,0.0,0.0,1.0,0.0,0.0,0.0,0.0,0.0,0.0,0.0
5,3,0.0,0.0,0.0,1.0,0.0,0.0,0.0,0.0,0.0,0.0,0.0
5,3,0.0,0.0,0.0,1.0,0.0,0.0,0.0,0.0,0.0,0.0,0.0
5,3,0.0,0.0,0.0,1.0,0.0,0.0,0.0,0.0,0.0,0.0,0.0
5,3,0.0,0.0,0.0,1.0,0.0,0.0,0.0,0.0,0.0,0.0,0.0
5,3,0.0,0.0,0.0,1.0,0.0,0.0,0.0,0.0,0.0,0.0,0.0
5,3,0.0,0.0,0.0,1.0,0.0,0.0,0.0,0.0,0.0,0.0,0.0
5,3,0.0,0.0,0.0,1.0,0.0,0.0,0.0,0.0,0.0,0.0,0.0
5,3,0.0,0.0,0.0,1.0,0.0,0.0,0.0,0.0,0.0,0.0,0.0
5,3,0.0,0.0,0.0,1.0,0.0,0.0,0.0,0.0,0.0,0.0,0.0
5,3,0.0,0.0,0.0,1.0,0.0,0.0,0.0,0.0,0.0,0.0,0.0
5,3,0.0,0.0,0.0,1.0,0.0,0.0,0.0,0.0,0.0,0.0,0.0
5,3,0.0,0.0,0.0,1.0,0.0,0.0,0.0,0.0,0.0,0.0,0.0
5,3,0.0,0.0,0.0,1.0,0.0,0.0,0.0,0.0,0.0,0.0,0.0
5,3,0.0,0.0,0.0,1.0,0.0,0.0,0.0,0.0,0.0,0.0,0.0
5,3,0.0,0.0,0.0,1.0,0.0,0.0,0.0,0.0,0.0,0.0,0.0
5,3,0.0,0.0,0.0,1.0,0.0,0.0,0.0,0.0,0.0,0.0,0.0
5,3,0.0,0.0,0.0,1.0,0.0,0.0,0.0,0.0,0.0,0.0,0.0
5,3,0.0,0.0,0.0,1.0,0.0,0.0,0.0,0.0,0.0,0.0,0.0
5,3,0.0,0.0,0.0,1.0,0.0,0.0,0.0,0.0,0.0,0.0,0.0
5,3,0.0,0.0,0.0,1.0,0.0,0.0,0.0,0.0,0.0,0.0,0.0
5,3,0.0,0.0,0.0,1.0,0.0,0.0,0.0,0.0,0.0,0.0,0.0
5,3,0.0,0.0,0.0,1.0,0.0,0.0,0.0,0.0,0.0,0.0,0.0
5,3,0.0,0.0,0.0,1.0,0.0,0.0,0.0,0.0,0.0,0.0,0.0
5,3,0.0,0.0,0.0,1.0,0.0,0.0,0.0,0.0,0.0,0.0,0.0
5,3,0.0,0.0,0.0,1.0,0.0,0.0,0.0,0.0,0.0,0.0,0.0
5,3,0.0,0.0,0.0,1.0,0.0,0.0,0.0,0.0,0.0,0.0,0.0
5,3,0.0,0.0,0.0,1.0,0.0,0.0,0.0,0.0,0.0,0.0,0.0
5,3,0.0,0.0,0.0,1.0,0.0,0.0,0.0,0.0,0.0,0.0,0.0
5,3,0.0,0.0,0.0,1.0,0.0,0.0,0.0,0.0,0.0,0.0,0.0
5,3,0.0,0.0,0.0,1.0,0.0,0.0,0.0,0.0,0.0,0.0,0.0
5,3,0.0,0.0,0.0,1.0,0.0,0.0,0.0,0.0,0.0,0.0,0.0
5,3,0.0,0.0,0.0,1.0,0.0,0.0,0.0,0.0,0.0,0.0,0.0
5,3,0.0,0.0,0.0,1.0,0.0,0.0,0.0,0.0,0.0,0.0,0.0
5,3,0.0,0.0,0.0,1.0,0.0,0.0,0.0,0.0,0.0,0.0,0.0
5,3,0.0,0.0,0.0,1.0,0.0,0.0,0.0,0.0,0.0,0.0,0.0
5,3,0.0,0.0,0.0,1.0,0.0,0.0,0.0,0.0,0.0,0.0,0.0
5,3,0.0,0.0,0.0,1.0,0.0,0.0,0.0,0.0,0.0,0.0,0.0
5,3,0.0,0.0,0.0,1.0,0.0,0.0,0.0,0.0,0.0,0.0,0.0
5,3,0.0,0.0,0.0,1.0,0.0,0.0,0.0,0.0,0.0,0.0,0.0
5,3,0.0,0.0,0.0,1.0,0.0,0.0,0.0,0.0,0.0,0.0,0.0
5,3,0.0,0.0,0.0,1.0,0.0,0.0,0.0,0.0,0.0,0.0,0.0
5,3,0.0,0.0,0.0,1.0,0.0,0.0,0.0,0.0,0.0,0.0,0.0
5,3,0.0,0.0,0.0,1.0,0.0,0.0,0.0,0.0,0.0,0.0,0.0
5,3,0.0,0.0,0.0,1.0,0.0,0.0,0.0,0.0,0.0,0.0,0.0
5,3,0.0,0.0,0.0,1.0,0.0,0.0,0.0,0.0,0.0,0.0,0.0
5,3,0.0,0.0,0.0,1.0,0.0,0.0,0.0,0.0,0.0,0.0,0.0
5,3,0.0,0.0,0.0,1.0,0.0,0.0,0.0,0.0,0.0,0.0,0.0
5,3,0.0,0.0,0.0,1.0,0.0,0.0,0.0,0.0,0.0,0.0,0.0
5,3,0.0,0.0,0.0,1.0,0.0,0.0,0.0,0.0,0.0,0.0,0.0
5,3,0.0,0.0,0.0,1.0,0.0,0.0,0.0,0.0,0.0,0.0,0.0
5,3,0.0,0.0,0.0,1.0,0.0,0.0,0.0,0.0,0.0,0.0,0.0
5,3,0.0,0.0,0.0,1.0,0.0,0.0,0.0,0.0,0.0,0.0,0.0
5,3,0.0,0.0,0.0,1.0,0.0,0.0,0.0,0.0,0.0,0.0,0.0
5,3,0.0,0.0,0.0,1.0,0.0,0.0,0.0,0.0,0.0,0.0,0.0
5,3,0.0,0.0,0.0,1.0,0.0,0.0,0.0,0.0,0.0,0.0,0.0
5,3,0.0,0.0,0.0,1.0,0.0,0.0,0.0,0.0,0.0,0.0,0.0
5,3,0.0,0.0,0.0,1.0,0.0,0.0,0.0,0.0,0.0,0.0,0.0
5,3,0.0,0.0,0.0,1.0,0.0,0.0,0.0,0.0,0.0,0.0,0.0
5,3,0.0,0.0,0.0,1.0,0.0,0.0,0.0,0.0,0.0,0.0,0.0
5,3,0.0,0.0,0.0,1.0,0.0,0.0,0.0,0.0,0.0,0.0,0.0
5,3,0.0,0.0,0.0,1.0,0.0,0.0,0.0,0.0,0.0,0.0,0.0
5,3,0.0,0.0,0.0,1.0,0.0,0.0,0.0,0.0,0.0,0.0,0.0
5,3,0.0,0.0,0.0,1.0,0.0,0.0,0.0,0.0,0.0,0.0,0.0
5,3,0.0,0.0,0.0,1.0,0.0,0.0,0.0,0.0,0.0,0.0,0.0
5,3,0.0,0.0,0.0,1.0,0.0,0.0,0.0,0.0,0.0,0.0,0.0
5,3,0.0,0.0,0.0,1.0,0.0,0.0,0.0,0.0,0.0,0.0,0.0
5,3,0.0,0.0,0.0,1.0,0.0,0.0,0.0,0.0,0.0,0.0,0.0
5,3,0.0,0.0,0.0,1.0,0.0,0.0,0.0,0.0,0.0,0.0,0.0
5,3,0.0,0.0,0.0,1.0,0.0,0.0,0.0,0.0,0.0,0.0,0.0
5,3,0.0,0.0,0.0,1.0,0.0,0.0,0.0,0.0,0.0,0.0,0.0
5,3,0.0,0.0,0.0,1.0,0.0,0.0,0.0,0.0,0.0,0.0,0.0
5,3,0.0,0.0,0.0,1.0,0.0,0.0,0.0,0.0,0.0,0.0,0.0
5,3,0.0,0.0,0.0,1.0,0.0,0.0,0.0,0.0,0.0,0.0,0.0
5,3,0.0,0.0,0.0,1.0,0.0,0.0,0.0,0.0,0.0,0.0,0.0
5,3,0.0,0.0,0.0,1.0,0.0,0.0,0.0,0.0,0.0,0.0,0.0
5,3,0.0,0.0,0.0,1.0,0.0,0.0,0.0,0.0,0.0,0.0,0.0
5,3,0.0,0.0,0.0,1.0,0.0,0.0,0.0,0.0,0.0,0.0,0.0
5,3,0.0,0.0,0.0,1.0,0.0,0.0,0.0,0.0,0.0,0.0,0.0
5,3,0.0,0.0,0.0,1.0,0.0,0.0,0.0,0.0,0.0,0.0,0.0
5,3,0.0,0.0,0.0,1.0,0.0,0.0,0.0,0.0,0.0,0.0,0.0
5,3,0.0,0.0,0.0,1.0,0.0,0.0,0.0,0.0,0.0,0.0,0.0
5,3,0.0,0.0,0.0,1.0,0.0,0.0,0.0,0.0,0.0,0.0,0.0
5,3,0.0,0.0,0.0,1.0,0.0,0.0,0.0,0.0,0.0,0.0,0.0
5,3,0.0,0.0,0.0,1.0,0.0,0.0,0.0,0.0,0.0,0.0,0.0
5,3,0.0,0.0,0.0,1.0,0.0,0.0,0.0,0.0,0.0,0.0,0.0
5,3,0.0,0.0,0.0,1.0,0.0,0.0,0.0,0.0,0.0,0.0,0.0
5,3,0.0,0.0,0.0,1.0,0.0,0.0,0.0,0.0,0.0,0.0,0.0
5,3,0.0,0.0,0.0,1.0,0.0,0.0,0.0,0.0,0.0,0.0,0.0
5,3,0.0,0.0,0.0,1.0,0.0,0.0,0.0,0.0,0.0,0.0,0.0
5,3,0.0,0.0,0.0,1.0,0.0,0.0,0.0,0.0,0.0,0.0,0.0
5,3,0.0,0.0,0.0,1.0,0.0,0.0,0.0,0.0,0.0,0.0,0.0
5,3,0.0,0.0,0.0,1.0,0.0,0.0,0.0,0.0,0.0,0.0,0.0
5,3,0.0,0.0,0.0,1.0,0.0,0.0,0.0,0.0,0.0,0.0,0.0
5,3,0.0,0.0,0.0,1.0,0.0,0.0,0.0,0.0,0.0,0.0,0.0
5,3,0.0,0.0,0.0,1.0,0.0,0.0,0.0,0.0,0.0,0.0,0.0
5,3,0.0,0.0,0.0,1.0,0.0,0.0,0.0,0.0,0.0,0.0,0.0
5,3,0.0,0.0,0.0,1.0,0.0,0.0,0.0,0.0,0.0,0.0,0.0
5,3,0.0,0.0,0.0,1.0,0.0,0.0,0.0,0.0,0.0,0.0,0.0
5,3,0.0,0.0,0.0,1.0,0.0,0.0,0.0,0.0,0.0,0.0,0.0
5,3,0.0,0.0,0.0,1.0,0.0,0.0,0.0,0.0,0.0,0.0,0.0
5,3,0.0,0.0,0.0,1.0,0.0,0.0,0.0,0.0,0.0,0.0,0.0
5,3,0.0,0.0,0.0,1.0,0.0,0.0,0.0,0.0,0.0,0.0,0.0
5,3,0.0,0.0,0.0,1.0,0.0,0.0,0.0,0.0,0.0,0.0,0.0
5,3,0.0,0.0,0.0,1.0,0.0,0.0,0.0,0.0,0.0,0.0,0.0
5,3,0.0,0.0,0.0,1.0,0.0,0.0,0.0,0.0,0.0,0.0,0.0
5,3,0.0,0.0,0.0,1.0,0.0,0.0,0.0,0.0,0.0,0.0,0.0
5,3,0.0,0.0,0.0,1.0,0.0,0.0,0.0,0.0,0.0,0.0,0.0
5,3,0.0,0.0,0.0,1.0,0.0,0.0,0.0,0.0,0.0,0.0,0.0
5,3,0.0,0.0,0.0,1.0,0.0,0.0,0.0,0.0,0.0,0.0,0.0
5,3,0.0,0.0,0.0,1.0,0.0,0.0,0.0,0.0,0.0,0.0,0.0
5,3,0.0,0.0,0.0,1.0,0.0,0.0,0.0,0.0,0.0,0.0,0.0
5,3,0.0,0.0,0.0,1.0,0.0,0.0,0.0,0.0,0.0,0.0,0.0
5,3,0.0,0.0,0.0,1.0,0.0,0.0,0.0,0.0,0.0,0.0,0.0
5,3,0.0,0.0,0.0,1.0,0.0,0.0,0.0,0.0,0.0,0.0,0.0
5,3,0.0,0.0,0.0,1.0,0.0,0.0,0.0,0.0,0.0,0.0,0.0
5,3,0.0,0.0,0.0,1.0,0.0,0.0,0.0,0.0,0.0,0.0,0.0
5,3,0.0,0.0,0.0,1.0,0.0,0.0,0.0,0.0,0.0,0.0,0.0
5,3,0.0,0.0,0.0,1.0,0.0,0.0,0.0,0.0,0.0,0.0,0.0
5,3,0.0,0.0,0.0,1.0,0.0,0.0,0.0,0.0,0.0,0.0,0.0
5,3,0.0,0.0,0.0,1.0,0.0,0.0,0.0,0.0,0.0,0.0,0.0
5,3,0.0,0.0,0.0,1.0,0.0,0.0,0.0,0.0,0.0,0.0,0.0
5,3,0.0,0.0,0.0,1.0,0.0,0.0,0.0,0.0,0.0,0.0,0.0
5,3,0.0,0.0,0.0,1.0,0.0,0.0,0.0,0.0,0.0,0.0,0.0
5,3,0.0,0.0,0.0,1.0,0.0,0.0,0.0,0.0,0.0,0.0,0.0
5,3,0.0,0.0,0.0,1.0,0.0,0.0,0.0,0.0,0.0,0.0,0.0
5,3,0.0,0.0,0.0,1.0,0.0,0.0,0.0,0.0,0.0,0.0,0.0
5,3,0.0,0.0,0.0,1.0,0.0,0.0,0.0,0.0,0.0,0.0,0.0
5,3,0.0,0.0,0.0,1.0,0.0,0.0,0.0,0.0,0.0,0.0,0.0
5,3,0.0,0.0,0.0,1.0,0.0,0.0,0.0,0.0,0.0,0.0,0.0
5,3,0.0,0.0,0.0,1.0,0.0,0.0,0.0,0.0,0.0,0.0,0.0
5,3,0.0,0.0,0.0,1.0,0.0,0.0,0.0,0.0,0.0,0.0,0.0
5,3,0.0,0.0,0.0,1.0,0.0,0.0,0.0,0.0,0.0,0.0,0.0
5,3,0.0,0.0,0.0,1.0,0.0,0.0,0.0,0.0,0.0,0.0,0.0
5,3,0.0,0.0,0.0,1.0,0.0,0.0,0.0,0.0,0.0,0.0,0.0
5,3,0.0,0.0,0.0,1.0,0.0,0.0,0.0,0.0,0.0,0.0,0.0
5,3,0.0,0.0,0.0,1.0,0.0,0.0,0.0,0.0,0.0,0.0,0.0
5,3,0.0,0.0,0.0,1.0,0.0,0.0,0.0,0.0,0.0,0.0,0.0
5,3,0.0,0.0,0.0,1.0,0.0,0.0,0.0,0.0,0.0,0.0,0.0
5,3,0.0,0.0,0.0,1.0,0.0,0.0,0.0,0.0,0.0,0.0,0.0
5,3,0.0,0.0,0.0,1.0,0.0,0.0,0.0,0.0,0.0,0.0,0.0
5,3,0.0,0.0,0.0,1.0,0.0,0.0,0.0,0.0,0.0,0.0,0.0
5,3,0.0,0.0,0.0,1.0,0.0,0.0,0.0,0.0,0.0,0.0,0.0
5,3,0.0,0.0,0.0,1.0,0.0,0.0,0.0,0.0,0.0,0.0,0.0
5,3,0.0,0.0,0.0,1.0,0.0,0.0,0.0,0.0,0.0,0.0,0.0
5,3,0.0,0.0,0.0,1.0,0.0,0.0,0.0,0.0,0.0,0.0,0.0
5,3,0.0,0.0,0.0,1.0,0.0,0.0,0.0,0.0,0.0,0.0,0.0
5,3,0.0,0.0,0.0,1.0,0.0,0.0,0.0,0.0,0.0,0.0,0.0
5,3,0.0,0.0,0.0,1.0,0.0,0.0,0.0,0.0,0.0,0.0,0.0
5,3,0.0,0.0,0.0,1.0,0.0,0.0,0.0,0.0,0.0,0.0,0.0
5,3,0.0,0.0,0.0,1.0,0.0,0.0,0.0,0.0,0.0,0.0,0.0
5,3,0.0,0.0,0.0,1.0,0.0,0.0,0.0,0.0,0.0,0.0,0.0
5,3,0.0,0.0,0.0,1.0,0.0,0.0,0.0,0.0,0.0,0.0,0.0
5,3,0.0,0.0,0.0,1.0,0.0,0.0,0.0,0.0,0.0,0.0,0.0
5,3,0.0,0.0,0.0,1.0,0.0,0.0,0.0,0.0,0.0,0.0,0.0
5,3,0.0,0.0,0.0,1.0,0.0,0.0,0.0,0.0,0.0,0.0,0.0
5,3,0.0,0.0,0.0,1.0,0.0,0.0,0.0,0.0,0.0,0.0,0.0
5,3,0.0,0.0,0.0,1.0,0.0,0.0,0.0,0.0,0.0,0.0,0.0
5,3,0.0,0.0,0.0,1.0,0.0,0.0,0.0,0.0,0.0,0.0,0.0
5,3,0.0,0.0,0.0,1.0,0.0,0.0,0.0,0.0,0.0,0.0,0.0
5,3,0.0,0.0,0.0,1.0,0.0,0.0,0.0,0.0,0.0,0.0,0.0
5,3,0.0,0.0,0.0,1.0,0.0,0.0,0.0,0.0,0.0,0.0,0.0
5,3,0.0,0.0,0.0,1.0,0.0,0.0,0.0,0.0,0.0,0.0,0.0
5,3,0.0,0.0,0.0,1.0,0.0,0.0,0.0,0.0,0.0,0.0,0.0
5,3,0.0,0.0,0.0,1.0,0.0,0.0,0.0,0.0,0.0,0.0,0.0
5,3,0.0,0.0,0.0,1.0,0.0,0.0,0.0,0.0,0.0,0.0,0.0
5,3,0.0,0.0,0.0,1.0,0.0,0.0,0.0,0.0,0.0,0.0,0.0
5,3,0.0,0.0,0.0,1.0,0.0,0.0,0.0,0.0,0.0,0.0,0.0
5,3,0.0,0.0,0.0,1.0,0.0,0.0,0.0,0.0,0.0,0.0,0.0
5,3,0.0,0.0,0.0,1.0,0.0,0.0,0.0,0.0,0.0,0.0,0.0
5,3,0.0,0.0,0.0,1.0,0.0,0.0,0.0,0.0,0.0,0.0,0.0
5,3,0.0625,0.0,0.0,0.9375,0.0,0.0,0.0,0.0,0.0,0.0,0.0
5,3,0.0625,0.0,0.0,0.9375,0.0,0.0,0.0,0.0,0.0,0.0,0.0
5,3,0.0625,0.0,0.0,0.9375,0.0,0.0,0.0,0.0,0.0,0.0,0.0
5,3,0.0625,0.0,0.0,0.9375,0.0,0.0,0.0,0.0,0.0,0.0,0.0
5,3,0.0625,0.0,0.0,0.9375,0.0,0.0,0.0,0.0,0.0,0.0,0.0
5,3,0.0625,0.0,0.0,0.9375,0.0,0.0,0.0,0.0,0.0,0.0,0.0
5,3,0.0625,0.0,0.0,0.9375,0.0,0.0,0.0,0.0,0.0,0.0,0.0
5,3,0.0625,0.0,0.0,0.9375,0.0,0.0,0.0,0.0,0.0,0.0,0.0
5,3,0.0625,0.0,0.0,0.9375,0.0,0.0,0.0,0.0,0.0,0.0,0.0
5,3,0.0625,0.0,0.0,0.9375,0.0,0.0,0.0,0.0,0.0,0.0,0.0
5,3,0.0625,0.0,0.0,0.9375,0.0,0.0,0.0,0.0,0.0,0.0,0.0
5,3,0.0625,0.0,0.0,0.9375,0.0,0.0,0.0,0.0,0.0,0.0,0.0
5,3,0.0625,0.0,0.0,0.9375,0.0,0.0,0.0,0.0,0.0,0.0,0.0
5,3,0.0625,0.0,0.0,0.9375,0.0,0.0,0.0,0.0,0.0,0.0,0.0
5,3,0.0625,0.0,0.0,0.9375,0.0,0.0,0.0,0.0,0.0,0.0,0.0
5,3,0.0625,0.0,0.0,0.9375,0.0,0.0,0.0,0.0,0.0,0.0,0.0
5,3,0.0625,0.0,0.0,0.9375,0.0,0.0,0.0,0.0,0.0,0.0,0.0
5,3,0.0625,0.0,0.0,0.9375,0.0,0.0,0.0,0.0,0.0,0.0,0.0
5,3,0.0625,0.0,0.0,0.9375,0.0,0.0,0.0,0.0,0.0,0.0,0.0
5,3,0.0625,0.0,0.0,0.9375,0.0,0.0,0.0,0.0,0.0,0.0,0.0
5,3,0.0625,0.0,0.0,0.9375,0.0,0.0,0.0,0.0,0.0,0.0,0.0
5,3,0.0625,0.0,0.0,0.9375,0.0,0.0,0.0,0.0,0.0,0.0,0.0
5,3,0.0625,0.0,0.0,0.9375,0.0,0.0,0.0,0.0,0.0,0.0,0.0
5,3,0.0625,0.0,0.0,0.9375,0.0,0.0,0.0,0.0,0.0,0.0,0.0
5,3,0.0625,0.0,0.0,0.9375,0.0,0.0,0.0,0.0,0.0,0.0,0.0
5,3,0.0625,0.0,0.0,0.9375,0.0,0.0,0.0,0.0,0.0,0.0,0.0
5,3,0.0625,0.0,0.0,0.9375,0.0,0.0,0.0,0.0,0.0,0.0,0.0
5,3,0.0625,0.0,0.0,0.9375,0.0,0.0,0.0,0.0,0.0,0.0,0.0
5,3,0.0625,0.0,0.0,0.9375,0.0,0.0,0.0,0.0,0.0,0.0,0.0
5,3,0.0625,0.0,0.0,0.9375,0.0,0.0,0.0,0.0,0.0,0.0,0.0
5,3,0.0625,0.0,0.0,0.9375,0.0,0.0,0.0,0.0,0.0,0.0,0.0
5,3,0.0625,0.0,0.0,0.9375,0.0,0.0,0.0,0.0,0.0,0.0,0.0
5,3,0.0625,0.0,0.0,0.9375,0.0,0.0,0.0,0.0,0.0,0.0,0.0
5,3,0.0625,0.0,0.0,0.9375,0.0,0.0,0.0,0.0,0.0,0.0,0.0
5,3,0.0625,0.0,0.0,0.9375,0.0,0.0,0.0,0.0,0.0,0.0,0.0
5,3,0.0625,0.0,0.0,0.9375,0.0,0.0,0.0,0.0,0.0,0.0,0.0
5,3,0.0625,0.0,0.0,0.9375,0.0,0.0,0.0,0.0,0.0,0.0,0.0
5,3,0.0625,0.0,0.0,0.9375,0.0,0.0,0.0,0.0,0.0,0.0,0.0
5,3,0.0625,0.0,0.0,0.9375,0.0,0.0,0.0,0.0,0.0,0.0,0.0
5,3,0.0625,0.0,0.0,0.9375,0.0,0.0,0.0,0.0,0.0,0.0,0.0
5,3,0.0625,0.0,0.0,0.9375,0.0,0.0,0.0,0.0,0.0,0.0,0.0
5,3,0.0625,0.0,0.0,0.9375,0.0,0.0,0.0,0.0,0.0,0.0,0.0
5,3,0.0625,0.0,0.0,0.9375,0.0,0.0,0.0,0.0,0.0,0.0,0.0
5,3,0.0625,0.0,0.0,0.9375,0.0,0.0,0.0,0.0,0.0,0.0,0.0
5,3,0.0625,0.0,0.0,0.9375,0.0,0.0,0.0,0.0,0.0,0.0,0.0
5,3,0.0625,0.0,0.0,0.9375,0.0,0.0,0.0,0.0,0.0,0.0,0.0
5,3,0.0625,0.0,0.0,0.9375,0.0,0.0,0.0,0.0,0.0,0.0,0.0
5,3,0.0625,0.0,0.0,0.9375,0.0,0.0,0.0,0.0,0.0,0.0,0.0
5,3,0.0625,0.0,0.0,0.9375,0.0,0.0,0.0,0.0,0.0,0.0,0.0
5,3,0.0625,0.0,0.0,0.9375,0.0,0.0,0.0,0.0,0.0,0.0,0.0
5,3,0.0625,0.0,0.0,0.9375,0.0,0.0,0.0,0.0,0.0,0.0,0.0
5,3,0.0625,0.0,0.0,0.9375,0.0,0.0,0.0,0.0,0.0,0.0,0.0
5,3,0.0625,0.0,0.0,0.9375,0.0,0.0,0.0,0.0,0.0,0.0,0.0
5,3,0.0625,0.0,0.0,0.9375,0.0,0.0,0.0,0.0,0.0,0.0,0.0
5,3,0.0625,0.0,0.0,0.9375,0.0,0.0,0.0,0.0,0.0,0.0,0.0
5,3,0.0625,0.0,0.0,0.9375,0.0,0.0,0.0,0.0,0.0,0.0,0.0
5,3,0.0625,0.0,0.0,0.9375,0.0,0.0,0.0,0.0,0.0,0.0,0.0
5,3,0.0625,0.0,0.0,0.9375,0.0,0.0,0.0,0.0,0.0,0.0,0.0
5,3,0.0625,0.0,0.0,0.9375,0.0,0.0,0.0,0.0,0.0,0.0,0.0
5,3,0.0625,0.0,0.0,0.9375,0.0,0.0,0.0,0.0,0.0,0.0,0.0
5,3,0.0625,0.0,0.0,0.9375,0.0,0.0,0.0,0.0,0.0,0.0,0.0
5,3,0.0625,0.0,0.0,0.9375,0.0,0.0,0.0,0.0,0.0,0.0,0.0
5,3,0.0625,0.0,0.0,0.9375,0.0,0.0,0.0,0.0,0.0,0.0,0.0
5,3,0.0625,0.0,0.0,0.9375,0.0,0.0,0.0,0.0,0.0,0.0,0.0
5,3,0.0625,0.0,0.0,0.9375,0.0,0.0,0.0,0.0,0.0,0.0,0.0
5,3,0.0625,0.0,0.0,0.9375,0.0,0.0,0.0,0.0,0.0,0.0,0.0
5,3,0.0625,0.0,0.0,0.9375,0.0,0.0,0.0,0.0,0.0,0.0,0.0
5,3,0.0625,0.0,0.0,0.9375,0.0,0.0,0.0,0.0,0.0,0.0,0.0
5,3,0.0625,0.0,0.0,0.9375,0.0,0.0,0.0,0.0,0.0,0.0,0.0
5,3,0.0625,0.0,0.0,0.9375,0.0,0.0,0.0,0.0,0.0,0.0,0.0
5,3,0.0625,0.0,0.0,0.9375,0.0,0.0,0.0,0.0,0.0,0.0,0.0
5,3,0.0625,0.0,0.0,0.9375,0.0,0.0,0.0,0.0,0.0,0.0,0.0
5,3,0.0625,0.0,0.0,0.9375,0.0,0.0,0.0,0.0,0.0,0.0,0.0
5,3,0.0625,0.0,0.0,0.9375,0.0,0.0,0.0,0.0,0.0,0.0,0.0
5,3,0.0625,0.0,0.0,0.9375,0.0,0.0,0.0,0.0,0.0,0.0,0.0
5,3,0.0625,0.0,0.0,0.9375,0.0,0.0,0.0,0.0,0.0,0.0,0.0
5,3,0.0625,0.0,0.0,0.9375,0.0,0.0,0.0,0.0,0.0,0.0,0.0
5,3,0.0625,0.0,0.0,0.9375,0.0,0.0,0.0,0.0,0.0,0.0,0.0
5,3,0.0625,0.0,0.0,0.9375,0.0,0.0,0.0,0.0,0.0,0.0,0.0
5,3,0.0625,0.0,0.0,0.9375,0.0,0.0,0.0,0.0,0.0,0.0,0.0
5,3,0.0625,0.0,0.0,0.9375,0.0,0.0,0.0,0.0,0.0,0.0,0.0
5,3,0.0625,0.0,0.0,0.9375,0.0,0.0,0.0,0.0,0.0,0.0,0.0
5,3,0.0625,0.0,0.0,0.9375,0.0,0.0,0.0,0.0,0.0,0.0,0.0
5,3,0.0625,0.0,0.0,0.9375,0.0,0.0,0.0,0.0,0.0,0.0,0.0
5,3,0.0625,0.0,0.0,0.9375,0.0,0.0,0.0,0.0,0.0,0.0,0.0
5,3,0.0625,0.0,0.0,0.9375,0.0,0.0,0.0,0.0,0.0,0.0,0.0
5,3,0.0625,0.0,0.0,0.9375,0.0,0.0,0.0,0.0,0.0,0.0,0.0
5,3,0.0625,0.0,0.0,0.9375,0.0,0.0,0.0,0.0,0.0,0.0,0.0
5,3,0.0625,0.0,0.0,0.9375,0.0,0.0,0.0,0.0,0.0,0.0,0.0
5,3,0.0625,0.0,0.0,0.9375,0.0,0.0,0.0,0.0,0.0,0.0,0.0
5,3,0.0625,0.0,0.0,0.9375,0.0,0.0,0.0,0.0,0.0,0.0,0.0
5,3,0.0625,0.0,0.0,0.9375,0.0,0.0,0.0,0.0,0.0,0.0,0.0
5,3,0.0625,0.0,0.0,0.9375,0.0,0.0,0.0,0.0,0.0,0.0,0.0
5,3,0.0625,0.0,0.0,0.9375,0.0,0.0,0.0,0.0,0.0,0.0,0.0
5,3,0.0625,0.0,0.0,0.9375,0.0,0.0,0.0,0.0,0.0,0.0,0.0
5,3,0.0625,0.0,0.0,0.9375,0.0,0.0,0.0,0.0,0.0,0.0,0.0
5,3,0.0625,0.0,0.0,0.9375,0.0,0.0,0.0,0.0,0.0,0.0,0.0
5,3,0.0625,0.0,0.0,0.9375,0.0,0.0,0.0,0.0,0.0,0.0,0.0
5,3,0.0625,0.0,0.0,0.9375,0.0,0.0,0.0,0.0,0.0,0.0,0.0
5,3,0.0625,0.0,0.0,0.9375,0.0,0.0,0.0,0.0,0.0,0.0,0.0
5,3,0.0625,0.0,0.0,0.9375,0.0,0.0,0.0,0.0,0.0,0.0,0.0
5,3,0.0625,0.0,0.0,0.9375,0.0,0.0,0.0,0.0,0.0,0.0,0.0
5,3,0.0625,0.0,0.0,0.9375,0.0,0.0,0.0,0.0,0.0,0.0,0.0
5,3,0.0625,0.0,0.0,0.9375,0.0,0.0,0.0,0.0,0.0,0.0,0.0
5,3,0.0625,0.0,0.0,0.9375,0.0,0.0,0.0,0.0,0.0,0.0,0.0
5,3,0.0625,0.0,0.0,0.9375,0.0,0.0,0.0,0.0,0.0,0.0,0.0
5,3,0.0625,0.0,0.0,0.9375,0.0,0.0,0.0,0.0,0.0,0.0,0.0
5,3,0.0625,0.0,0.0,0.9375,0.0,0.0,0.0,0.0,0.0,0.0,0.0
5,3,0.0625,0.0,0.0,0.9375,0.0,0.0,0.0,0.0,0.0,0.0,0.0
5,3,0.0625,0.0,0.0,0.9375,0.0,0.0,0.0,0.0,0.0,0.0,0.0
5,3,0.0625,0.0,0.0,0.9375,0.0,0.0,0.0,0.0,0.0,0.0,0.0
5,3,0.0625,0.0,0.0,0.9375,0.0,0.0,0.0,0.0,0.0,0.0,0.0
5,3,0.0625,0.0,0.0,0.9375,0.0,0.0,0.0,0.0,0.0,0.0,0.0
5,3,0.0625,0.0,0.0,0.9375,0.0,0.0,0.0,0.0,0.0,0.0,0.0
5,3,0.0625,0.0,0.0,0.9375,0.0,0.0,0.0,0.0,0.0,0.0,0.0
5,3,0.0625,0.0,0.0,0.9375,0.0,0.0,0.0,0.0,0.0,0.0,0.0
5,3,0.0625,0.0,0.0,0.9375,0.0,0.0,0.0,0.0,0.0,0.0,0.0
5,3,0.0625,0.0,0.0,0.9375,0.0,0.0,0.0,0.0,0.0,0.0,0.0
5,3,0.0625,0.0,0.0,0.9375,0.0,0.0,0.0,0.0,0.0,0.0,0.0
5,3,0.0625,0.0,0.0,0.9375,0.0,0.0,0.0,0.0,0.0,0.0,0.0
5,3,0.0625,0.0,0.0,0.9375,0.0,0.0,0.0,0.0,0.0,0.0,0.0
5,3,0.0625,0.0,0.0,0.9375,0.0,0.0,0.0,0.0,0.0,0.0,0.0
5,3,0.0625,0.0,0.0,0.9375,0.0,0.0,0.0,0.0,0.0,0.0,0.0
5,3,0.0625,0.0,0.0,0.9375,0.0,0.0,0.0,0.0,0.0,0.0,0.0
5,3,0.0625,0.0,0.0,0.9375,0.0,0.0,0.0,0.0,0.0,0.0,0.0
5,3,0.0625,0.0,0.0,0.9375,0.0,0.0,0.0,0.0,0.0,0.0,0.0
5,3,0.0625,0.0,0.0,0.9375,0.0,0.0,0.0,0.0,0.0,0.0,0.0
5,3,0.0625,0.0,0.0,0.9375,0.0,0.0,0.0,0.0,0.0,0.0,0.0
5,3,0.0625,0.0,0.0,0.9375,0.0,0.0,0.0,0.0,0.0,0.0,0.0
5,3,0.0625,0.0,0.0,0.9375,0.0,0.0,0.0,0.0,0.0,0.0,0.0
5,3,0.0625,0.0,0.0,0.9375,0.0,0.0,0.0,0.0,0.0,0.0,0.0
5,3,0.0625,0.0,0.0,0.9375,0.0,0.0,0.0,0.0,0.0,0.0,0.0
5,3,0.0,0.0,0.0,1.0,0.0,0.0,0.0,0.0,0.0,0.0,0.0
5,3,0.0,0.0,0.0,1.0,0.0,0.0,0.0,0.0,0.0,0.0,0.0
5,3,0.0,0.0,0.0,1.0,0.0,0.0,0.0,0.0,0.0,0.0,0.0
5,3,0.0,0.0,0.0,1.0,0.0,0.0,0.0,0.0,0.0,0.0,0.0
5,3,0.0,0.0,0.0,1.0,0.0,0.0,0.0,0.0,0.0,0.0,0.0
5,3,0.0,0.0,0.0,1.0,0.0,0.0,0.0,0.0,0.0,0.0,0.0
5,3,0.0,0.0,0.0,1.0,0.0,0.0,0.0,0.0,0.0,0.0,0.0
5,3,0.0,0.0,0.0,1.0,0.0,0.0,0.0,0.0,0.0,0.0,0.0
5,3,0.0,0.0,0.0,1.0,0.0,0.0,0.0,0.0,0.0,0.0,0.0
5,3,0.0,0.0,0.0,1.0,0.0,0.0,0.0,0.0,0.0,0.0,0.0
5,3,0.0,0.0,0.0,1.0,0.0,0.0,0.0,0.0,0.0,0.0,0.0
5,3,0.0,0.0,0.0,1.0,0.0,0.0,0.0,0.0,0.0,0.0,0.0
5,3,0.0,0.0,0.0,1.0,0.0,0.0,0.0,0.0,0.0,0.0,0.0
5,3,0.0,0.0,0.0,1.0,0.0,0.0,0.0,0.0,0.0,0.0,0.0
5,3,0.0,0.0,0.0,1.0,0.0,0.0,0.0,0.0,0.0,0.0,0.0
5,3,0.0,0.0,0.0,1.0,0.0,0.0,0.0,0.0,0.0,0.0,0.0
5,3,0.0,0.0,0.0,1.0,0.0,0.0,0.0,0.0,0.0,0.0,0.0
5,3,0.0,0.0,0.0,1.0,0.0,0.0,0.0,0.0,0.0,0.0,0.0
5,3,0.0,0.0,0.0,1.0,0.0,0.0,0.0,0.0,0.0,0.0,0.0
5,3,0.0,0.0,0.0,1.0,0.0,0.0,0.0,0.0,0.0,0.0,0.0
5,3,0.0,0.0,0.0,1.0,0.0,0.0,0.0,0.0,0.0,0.0,0.0
5,3,0.0,0.0,0.0,1.0,0.0,0.0,0.0,0.0,0.0,0.0,0.0
5,3,0.0,0.0,0.0,1.0,0.0,0.0,0.0,0.0,0.0,0.0,0.0
5,3,0.0,0.0,0.0,1.0,0.0,0.0,0.0,0.0,0.0,0.0,0.0
5,3,0.0,0.0,0.0,1.0,0.0,0.0,0.0,0.0,0.0,0.0,0.0
5,3,0.0,0.0,0.0,1.0,0.0,0.0,0.0,0.0,0.0,0.0,0.0
5,3,0.0,0.0,0.0,1.0,0.0,0.0,0.0,0.0,0.0,0.0,0.0
5,3,0.0,0.0,0.0,1.0,0.0,0.0,0.0,0.0,0.0,0.0,0.0
5,3,0.0,0.0,0.0,1.0,0.0,0.0,0.0,0.0,0.0,0.0,0.0
5,3,0.0,0.0,0.0,1.0,0.0,0.0,0.0,0.0,0.0,0.0,0.0
5,3,0.0,0.0,0.0,1.0,0.0,0.0,0.0,0.0,0.0,0.0,0.0
5,3,0.0,0.0,0.0,1.0,0.0,0.0,0.0,0.0,0.0,0.0,0.0
5,3,0.0,0.0,0.0,1.0,0.0,0.0,0.0,0.0,0.0,0.0,0.0
5,3,0.0,0.0,0.0,1.0,0.0,0.0,0.0,0.0,0.0,0.0,0.0
5,3,0.0,0.0,0.0,1.0,0.0,0.0,0.0,0.0,0.0,0.0,0.0
5,3,0.0,0.0,0.0,1.0,0.0,0.0,0.0,0.0,0.0,0.0,0.0
5,3,0.0,0.0,0.0,1.0,0.0,0.0,0.0,0.0,0.0,0.0,0.0
5,3,0.0,0.0,0.0,1.0,0.0,0.0,0.0,0.0,0.0,0.0,0.0
5,3,0.0,0.0,0.0,1.0,0.0,0.0,0.0,0.0,0.0,0.0,0.0
5,3,0.0,0.0,0.0,1.0,0.0,0.0,0.0,0.0,0.0,0.0,0.0
5,3,0.0,0.0,0.0,1.0,0.0,0.0,0.0,0.0,0.0,0.0,0.0
5,3,0.0,0.0,0.0,1.0,0.0,0.0,0.0,0.0,0.0,0.0,0.0
5,3,0.0,0.0,0.0,1.0,0.0,0.0,0.0,0.0,0.0,0.0,0.0
5,3,0.0,0.0,0.0,1.0,0.0,0.0,0.0,0.0,0.0,0.0,0.0
5,3,0.0,0.0,0.0,1.0,0.0,0.0,0.0,0.0,0.0,0.0,0.0
5,3,0.0,0.0,0.0,1.0,0.0,0.0,0.0,0.0,0.0,0.0,0.0
5,3,0.0,0.0,0.0,1.0,0.0,0.0,0.0,0.0,0.0,0.0,0.0
5,3,0.0,0.0,0.0,1.0,0.0,0.0,0.0,0.0,0.0,0.0,0.0
5,3,0.0,0.0,0.0,1.0,0.0,0.0,0.0,0.0,0.0,0.0,0.0
5,3,0.0,0.0,0.0,1.0,0.0,0.0,0.0,0.0,0.0,0.0,0.0
5,3,0.0,0.0,0.0,1.0,0.0,0.0,0.0,0.0,0.0,0.0,0.0
5,3,0.0,0.0,0.0,1.0,0.0,0.0,0.0,0.0,0.0,0.0,0.0
5,3,0.0,0.0,0.0,1.0,0.0,0.0,0.0,0.0,0.0,0.0,0.0
5,3,0.0,0.0,0.0,1.0,0.0,0.0,0.0,0.0,0.0,0.0,0.0
5,3,0.0,0.0,0.0,1.0,0.0,0.0,0.0,0.0,0.0,0.0,0.0
5,3,0.0,0.0,0.0,1.0,0.0,0.0,0.0,0.0,0.0,0.0,0.0
5,3,0.0,0.0,0.0,1.0,0.0,0.0,0.0,0.0,0.0,0.0,0.0
5,3,0.0,0.0,0.0,1.0,0.0,0.0,0.0,0.0,0.0,0.0,0.0
5,3,0.0,0.0,0.0,1.0,0.0,0.0,0.0,0.0,0.0,0.0,0.0
5,3,0.0,0.0,0.0,1.0,0.0,0.0,0.0,0.0,0.0,0.0,0.0
5,3,0.0,0.0,0.0,1.0,0.0,0.0,0.0,0.0,0.0,0.0,0.0
5,3,0.0,0.0,0.0,1.0,0.0,0.0,0.0,0.0,0.0,0.0,0.0
5,3,0.0,0.0,0.0,1.0,0.0,0.0,0.0,0.0,0.0,0.0,0.0
5,3,0.0,0.0,0.0,1.0,0.0,0.0,0.0,0.0,0.0,0.0,0.0
5,3,0.0,0.0,0.0,1.0,0.0,0.0,0.0,0.0,0.0,0.0,0.0
5,3,0.0,0.0,0.0,1.0,0.0,0.0,0.0,0.0,0.0,0.0,0.0
5,3,0.0,0.0,0.0,1.0,0.0,0.0,0.0,0.0,0.0,0.0,0.0
5,3,0.0,0.0,0.0,1.0,0.0,0.0,0.0,0.0,0.0,0.0,0.0
5,3,0.0,0.0,0.0,1.0,0.0,0.0,0.0,0.0,0.0,0.0,0.0
5,3,0.0,0.0,0.0,1.0,0.0,0.0,0.0,0.0,0.0,0.0,0.0
5,3,0.0,0.0,0.0,1.0,0.0,0.0,0.0,0.0,0.0,0.0,0.0
5,3,0.0,0.0,0.0,1.0,0.0,0.0,0.0,0.0,0.0,0.0,0.0
5,3,0.0,0.0,0.0,1.0,0.0,0.0,0.0,0.0,0.0,0.0,0.0
5,3,0.0,0.0,0.0,1.0,0.0,0.0,0.0,0.0,0.0,0.0,0.0
5,3,0.0,0.0,0.0,1.0,0.0,0.0,0.0,0.0,0.0,0.0,0.0
5,3,0.0,0.0,0.0,1.0,0.0,0.0,0.0,0.0,0.0,0.0,0.0
5,3,0.0,0.0,0.0,1.0,0.0,0.0,0.0,0.0,0.0,0.0,0.0
5,3,0.0,0.0,0.0,1.0,0.0,0.0,0.0,0.0,0.0,0.0,0.0
5,3,0.0,0.0,0.0,1.0,0.0,0.0,0.0,0.0,0.0,0.0,0.0
5,3,0.0,0.0,0.0,1.0,0.0,0.0,0.0,0.0,0.0,0.0,0.0
5,3,0.0,0.0,0.0,1.0,0.0,0.0,0.0,0.0,0.0,0.0,0.0
5,3,0.0,0.0,0.0,1.0,0.0,0.0,0.0,0.0,0.0,0.0,0.0
5,3,0.0,0.0,0.0,1.0,0.0,0.0,0.0,0.0,0.0,0.0,0.0
5,3,0.0,0.0,0.0,1.0,0.0,0.0,0.0,0.0,0.0,0.0,0.0
5,3,0.0,0.0,0.0,1.0,0.0,0.0,0.0,0.0,0.0,0.0,0.0
5,3,0.0,0.0,0.0,1.0,0.0,0.0,0.0,0.0,0.0,0.0,0.0
5,3,0.0,0.0,0.0,1.0,0.0,0.0,0.0,0.0,0.0,0.0,0.0
5,3,0.0,0.0,0.0,1.0,0.0,0.0,0.0,0.0,0.0,0.0,0.0
5,3,0.0,0.0,0.0,1.0,0.0,0.0,0.0,0.0,0.0,0.0,0.0
5,3,0.0,0.0,0.0,1.0,0.0,0.0,0.0,0.0,0.0,0.0,0.0
5,3,0.0,0.0,0.0,1.0,0.0,0.0,0.0,0.0,0.0,0.0,0.0
5,3,0.0,0.0,0.0,1.0,0.0,0.0,0.0,0.0,0.0,0.0,0.0
5,3,0.0,0.0,0.0,1.0,0.0,0.0,0.0,0.0,0.0,0.0,0.0
5,3,0.0,0.0,0.0,1.0,0.0,0.0,0.0,0.0,0.0,0.0,0.0
5,3,0.0,0.0,0.0,1.0,0.0,0.0,0.0,0.0,0.0,0.0,0.0
5,3,0.0,0.0,0.0,1.0,0.0,0.0,0.0,0.0,0.0,0.0,0.0
5,3,0.0,0.0,0.0,1.0,0.0,0.0,0.0,0.0,0.0,0.0,0.0
5,3,0.0,0.0,0.0,1.0,0.0,0.0,0.0,0.0,0.0,0.0,0.0
5,3,0.0,0.0,0.0,1.0,0.0,0.0,0.0,0.0,0.0,0.0,0.0
5,3,0.0,0.0,0.0,1.0,0.0,0.0,0.0,0.0,0.0,0.0,0.0
5,3,0.0,0.0,0.0,1.0,0.0,0.0,0.0,0.0,0.0,0.0,0.0
5,3,0.0,0.0,0.0,1.0,0.0,0.0,0.0,0.0,0.0,0.0,0.0
5,3,0.0,0.0,0.0,1.0,0.0,0.0,0.0,0.0,0.0,0.0,0.0
5,3,0.0,0.0,0.0,1.0,0.0,0.0,0.0,0.0,0.0,0.0,0.0
5,3,0.0,0.0,0.0,1.0,0.0,0.0,0.0,0.0,0.0,0.0,0.0
5,3,0.0,0.0,0.0,1.0,0.0,0.0,0.0,0.0,0.0,0.0,0.0
5,3,0.0,0.0,0.0,1.0,0.0,0.0,0.0,0.0,0.0,0.0,0.0
5,3,0.0,0.0,0.0,1.0,0.0,0.0,0.0,0.0,0.0,0.0,0.0
5,3,0.0,0.0,0.0,1.0,0.0,0.0,0.0,0.0,0.0,0.0,0.0
5,3,0.0,0.0,0.0,1.0,0.0,0.0,0.0,0.0,0.0,0.0,0.0
5,3,0.0,0.0,0.0,1.0,0.0,0.0,0.0,0.0,0.0,0.0,0.0
5,3,0.0,0.0,0.0,1.0,0.0,0.0,0.0,0.0,0.0,0.0,0.0
5,3,0.0,0.0,0.0,1.0,0.0,0.0,0.0,0.0,0.0,0.0,0.0
5,3,0.0,0.0,0.0,1.0,0.0,0.0,0.0,0.0,0.0,0.0,0.0
5,3,0.0,0.0,0.0,1.0,0.0,0.0,0.0,0.0,0.0,0.0,0.0
5,3,0.0,0.0,0.0,1.0,0.0,0.0,0.0,0.0,0.0,0.0,0.0
5,3,0.0,0.0,0.0,1.0,0.0,0.0,0.0,0.0,0.0,0.0,0.0
5,3,0.0,0.0,0.0,1.0,0.0,0.0,0.0,0.0,0.0,0.0,0.0
5,3,0.0,0.0,0.0,1.0,0.0,0.0,0.0,0.0,0.0,0.0,0.0
5,3,0.0,0.0,0.0,1.0,0.0,0.0,0.0,0.0,0.0,0.0,0.0
5,3,0.0,0.0,0.0,1.0,0.0,0.0,0.0,0.0,0.0,0.0,0.0
5,3,0.0,0.0,0.0,1.0,0.0,0.0,0.0,0.0,0.0,0.0,0.0
5,3,0.0,0.0,0.0,1.0,0.0,0.0,0.0,0.0,0.0,0.0,0.0
5,3,0.0,0.0,0.0,1.0,0.0,0.0,0.0,0.0,0.0,0.0,0.0
5,3,0.0,0.0,0.0,1.0,0.0,0.0,0.0,0.0,0.0,0.0,0.0
5,3,0.0,0.0,0.0,1.0,0.0,0.0,0.0,0.0,0.0,0.0,0.0
5,3,0.0,0.0,0.0,1.0,0.0,0.0,0.0,0.0,0.0,0.0,0.0
5,3,0.0,0.0,0.0,1.0,0.0,0.0,0.0,0.0,0.0,0.0,0.0
5,3,0.0,0.0,0.0,1.0,0.0,0.0,0.0,0.0,0.0,0.0,0.0
5,3,0.0,0.0,0.0,1.0,0.0,0.0,0.0,0.0,0.0,0.0,0.0
5,3,0.0,0.0,0.0,1.0,0.0,0.0,0.0,0.0,0.0,0.0,0.0
5,3,0.0,0.0,0.0,1.0,0.0,0.0,0.0,0.0,0.0,0.0,0.0
5,3,0.0,0.0,0.0,1.0,0.0,0.0,0.0,0.0,0.0,0.0,0.0
5,3,0.0,0.0,0.0,1.0,0.0,0.0,0.0,0.0,0.0,0.0,0.0
5,3,0.0,0.0,0.0,1.0,0.0,0.0,0.0,0.0,0.0,0.0,0.0
5,3,0.0,0.0,0.0,1.0,0.0,0.0,0.0,0.0,0.0,0.0,0.0
5,3,0.0,0.0,0.0,1.0,0.0,0.0,0.0,0.0,0.0,0.0,0.0
5,3,0.0,0.0,0.0,1.0,0.0,0.0,0.0,0.0,0.0,0.0,0.0
5,3,0.0,0.0,0.0,1.0,0.0,0.0,0.0,0.0,0.0,0.0,0.0
5,3,0.0,0.0,0.0,1.0,0.0,0.0,0.0,0.0,0.0,0.0,0.0
5,3,0.0,0.0,0.0,1.0,0.0,0.0,0.0,0.0,0.0,0.0,0.0
5,3,0.0,0.0,0.0,1.0,0.0,0.0,0.0,0.0,0.0,0.0,0.0
5,3,0.0,0.0,0.0,1.0,0.0,0.0,0.0,0.0,0.0,0.0,0.0
5,3,0.0,0.0,0.0,1.0,0.0,0.0,0.0,0.0,0.0,0.0,0.0
5,3,0.0,0.0,0.0,1.0,0.0,0.0,0.0,0.0,0.0,0.0,0.0
5,3,0.0,0.0,0.0,1.0,0.0,0.0,0.0,0.0,0.0,0.0,0.0
5,3,0.0,0.0,0.0,1.0,0.0,0.0,0.0,0.0,0.0,0.0,0.0
5,3,0.0,0.0,0.0,1.0,0.0,0.0,0.0,0.0,0.0,0.0,0.0
5,3,0.0,0.0,0.0,1.0,0.0,0.0,0.0,0.0,0.0,0.0,0.0
5,3,0.0,0.0,0.0,1.0,0.0,0.0,0.0,0.0,0.0,0.0,0.0
5,3,0.0,0.0,0.0,1.0,0.0,0.0,0.0,0.0,0.0,0.0,0.0
5,3,0.0,0.0,0.0,1.0,0.0,0.0,0.0,0.0,0.0,0.0,0.0
5,3,0.0,0.0,0.0,1.0,0.0,0.0,0.0,0.0,0.0,0.0,0.0
5,3,0.0,0.0,0.0,1.0,0.0,0.0,0.0,0.0,0.0,0.0,0.0
5,3,0.0,0.0,0.0,1.0,0.0,0.0,0.0,0.0,0.0,0.0,0.0
5,3,0.0,0.0,0.0,1.0,0.0,0.0,0.0,0.0,0.0,0.0,0.0
5,3,0.0,0.0,0.0,1.0,0.0,0.0,0.0,0.0,0.0,0.0,0.0
5,3,0.0,0.0,0.0,1.0,0.0,0.0,0.0,0.0,0.0,0.0,0.0
5,3,0.0,0.0,0.0,1.0,0.0,0.0,0.0,0.0,0.0,0.0,0.0
5,3,0.0,0.0,0.0,1.0,0.0,0.0,0.0,0.0,0.0,0.0,0.0
5,3,0.0,0.0,0.0,1.0,0.0,0.0,0.0,0.0,0.0,0.0,0.0
5,3,0.0,0.0,0.0,1.0,0.0,0.0,0.0,0.0,0.0,0.0,0.0
5,3,0.0,0.0,0.0,1.0,0.0,0.0,0.0,0.0,0.0,0.0,0.0
5,3,0.0,0.0,0.0,1.0,0.0,0.0,0.0,0.0,0.0,0.0,0.0
5,3,0.0,0.0,0.0,1.0,0.0,0.0,0.0,0.0,0.0,0.0,0.0
5,3,0.0,0.0,0.0,1.0,0.0,0.0,0.0,0.0,0.0,0.0,0.0
5,3,0.0,0.0,0.0,1.0,0.0,0.0,0.0,0.0,0.0,0.0,0.0
5,3,0.0,0.0,0.0,1.0,0.0,0.0,0.0,0.0,0.0,0.0,0.0
5,3,0.0,0.0,0.0,1.0,0.0,0.0,0.0,0.0,0.0,0.0,0.0
5,3,0.0,0.0,0.0,1.0,0.0,0.0,0.0,0.0,0.0,0.0,0.0
5,3,0.0,0.0,0.0,1.0,0.0,0.0,0.0,0.0,0.0,0.0,0.0
5,3,0.0,0.0,0.0,1.0,0.0,0.0,0.0,0.0,0.0,0.0,0.0
5,3,0.0,0.0,0.0,1.0,0.0,0.0,0.0,0.0,0.0,0.0,0.0
5,3,0.0,0.0,0.0,1.0,0.0,0.0,0.0,0.0,0.0,0.0,0.0
5,3,0.0,0.0,0.0,1.0,0.0,0.0,0.0,0.0,0.0,0.0,0.0
5,3,0.0,0.0,0.0,1.0,0.0,0.0,0.0,0.0,0.0,0.0,0.0
5,3,0.0,0.0,0.0,1.0,0.0,0.0,0.0,0.0,0.0,0.0,0.0
5,3,0.0,0.0,0.0,1.0,0.0,0.0,0.0,0.0,0.0,0.0,0.0
5,3,0.0,0.0,0.0,1.0,0.0,0.0,0.0,0.0,0.0,0.0,0.0
5,3,0.0,0.0,0.0,1.0,0.0,0.0,0.0,0.0,0.0,0.0,0.0
5,3,0.0,0.0,0.0,1.0,0.0,0.0,0.0,0.0,0.0,0.0,0.0
5,3,0.0,0.0,0.0,1.0,0.0,0.0,0.0,0.0,0.0,0.0,0.0
5,3,0.0,0.0,0.0,1.0,0.0,0.0,0.0,0.0,0.0,0.0,0.0
5,3,0.0,0.0,0.0,1.0,0.0,0.0,0.0,0.0,0.0,0.0,0.0
5,3,0.0,0.0,0.0,1.0,0.0,0.0,0.0,0.0,0.0,0.0,0.0
5,3,0.0,0.0,0.0,1.0,0.0,0.0,0.0,0.0,0.0,0.0,0.0
5,3,0.0,0.0,0.0,1.0,0.0,0.0,0.0,0.0,0.0,0.0,0.0
5,3,0.0,0.0,0.0,1.0,0.0,0.0,0.0,0.0,0.0,0.0,0.0
5,3,0.0,0.0,0.0,1.0,0.0,0.0,0.0,0.0,0.0,0.0,0.0
5,3,0.0,0.0,0.0,1.0,0.0,0.0,0.0,0.0,0.0,0.0,0.0
5,3,0.0,0.0,0.0,1.0,0.0,0.0,0.0,0.0,0.0,0.0,0.0
5,3,0.0,0.0,0.0,1.0,0.0,0.0,0.0,0.0,0.0,0.0,0.0
5,3,0.0,0.0,0.0,1.0,0.0,0.0,0.0,0.0,0.0,0.0,0.0
5,3,0.0,0.0,0.0,1.0,0.0,0.0,0.0,0.0,0.0,0.0,0.0
5,3,0.0,0.0,0.0,1.0,0.0,0.0,0.0,0.0,0.0,0.0,0.0
5,3,0.0,0.0,0.0,1.0,0.0,0.0,0.0,0.0,0.0,0.0,0.0
5,3,0.0,0.0,0.0,1.0,0.0,0.0,0.0,0.0,0.0,0.0,0.0
5,3,0.0,0.0,0.0,1.0,0.0,0.0,0.0,0.0,0.0,0.0,0.0
5,3,0.0,0.0,0.0,1.0,0.0,0.0,0.0,0.0,0.0,0.0,0.0
5,3,0.0,0.0,0.0,1.0,0.0,0.0,0.0,0.0,0.0,0.0,0.0
5,3,0.0,0.0,0.0,1.0,0.0,0.0,0.0,0.0,0.0,0.0,0.0
5,3,0.0,0.0,0.0,1.0,0.0,0.0,0.0,0.0,0.0,0.0,0.0
5,3,0.0,0.0,0.0,1.0,0.0,0.0,0.0,0.0,0.0,0.0,0.0
5,3,0.0,0.0,0.0,1.0,0.0,0.0,0.0,0.0,0.0,0.0,0.0
5,3,0.0,0.0,0.0,1.0,0.0,0.0,0.0,0.0,0.0,0.0,0.0
5,3,0.0,0.0,0.0,1.0,0.0,0.0,0.0,0.0,0.0,0.0,0.0
5,3,0.0,0.0,0.0,1.0,0.0,0.0,0.0,0.0,0.0,0.0,0.0
5,3,0.0,0.0,0.0,1.0,0.0,0.0,0.0,0.0,0.0,0.0,0.0
5,3,0.0,0.0,0.0,1.0,0.0,0.0,0.0,0.0,0.0,0.0,0.0
5,3,0.0,0.0,0.0,1.0,0.0,0.0,0.0,0.0,0.0,0.0,0.0
5,3,0.0,0.0,0.0,1.0,0.0,0.0,0.0,0.0,0.0,0.0,0.0
5,3,0.0,0.0,0.0,1.0,0.0,0.0,0.0,0.0,0.0,0.0,0.0
5,3,0.0,0.0,0.0,1.0,0.0,0.0,0.0,0.0,0.0,0.0,0.0
5,3,0.0,0.0,0.0,1.0,0.0,0.0,0.0,0.0,0.0,0.0,0.0
5,3,0.0,0.0,0.0,1.0,0.0,0.0,0.0,0.0,0.0,0.0,0.0
5,3,0.0,0.0,0.0,1.0,0.0,0.0,0.0,0.0,0.0,0.0,0.0
5,3,0.0,0.0,0.0,1.0,0.0,0.0,0.0,0.0,0.0,0.0,0.0
5,3,0.0,0.0,0.0,1.0,0.0,0.0,0.0,0.0,0.0,0.0,0.0
5,3,0.0,0.0,0.0,1.0,0.0,0.0,0.0,0.0,0.0,0.0,0.0
5,3,0.0,0.0,0.0,1.0,0.0,0.0,0.0,0.0,0.0,0.0,0.0
5,3,0.0,0.0,0.0,1.0,0.0,0.0,0.0,0.0,0.0,0.0,0.0
5,3,0.0,0.0,0.0,1.0,0.0,0.0,0.0,0.0,0.0,0.0,0.0
5,3,0.0,0.0,0.0,1.0,0.0,0.0,0.0,0.0,0.0,0.0,0.0
5,3,0.0,0.0,0.0,1.0,0.0,0.0,0.0,0.0,0.0,0.0,0.0
5,3,0.0,0.0,0.0,1.0,0.0,0.0,0.0,0.0,0.0,0.0,0.0
5,3,0.0,0.0,0.0,1.0,0.0,0.0,0.0,0.0,0.0,0.0,0.0
5,3,0.0,0.0,0.0,1.0,0.0,0.0,0.0,0.0,0.0,0.0,0.0
5,3,0.0,0.0,0.0,1.0,0.0,0.0,0.0,0.0,0.0,0.0,0.0
5,3,0.0,0.0,0.0,1.0,0.0,0.0,0.0,0.0,0.0,0.0,0.0
5,3,0.0,0.0,0.0,1.0,0.0,0.0,0.0,0.0,0.0,0.0,0.0
5,3,0.0,0.0,0.0,1.0,0.0,0.0,0.0,0.0,0.0,0.0,0.0
5,3,0.0,0.0,0.0,1.0,0.0,0.0,0.0,0.0,0.0,0.0,0.0
5,3,0.0,0.0,0.0,1.0,0.0,0.0,0.0,0.0,0.0,0.0,0.0
5,3,0.0,0.0,0.0,1.0,0.0,0.0,0.0,0.0,0.0,0.0,0.0
5,3,0.0,0.0,0.0,1.0,0.0,0.0,0.0,0.0,0.0,0.0,0.0
5,3,0.0,0.0,0.0,1.0,0.0,0.0,0.0,0.0,0.0,0.0,0.0
5,3,0.0,0.0,0.0,1.0,0.0,0.0,0.0,0.0,0.0,0.0,0.0
5,3,0.0,0.0,0.0,1.0,0.0,0.0,0.0,0.0,0.0,0.0,0.0
5,3,0.0,0.0,0.0,1.0,0.0,0.0,0.0,0.0,0.0,0.0,0.0
5,3,0.0,0.0,0.0,1.0,0.0,0.0,0.0,0.0,0.0,0.0,0.0
5,3,0.0,0.0,0.0,1.0,0.0,0.0,0.0,0.0,0.0,0.0,0.0
5,3,0.0,0.0,0.0,1.0,0.0,0.0,0.0,0.0,0.0,0.0,0.0
5,3,0.0,0.0,0.0,1.0,0.0,0.0,0.0,0.0,0.0,0.0,0.0
5,3,0.0,0.0,0.0,1.0,0.0,0.0,0.0,0.0,0.0,0.0,0.0
5,3,0.0,0.0,0.0,1.0,0.0,0.0,0.0,0.0,0.0,0.0,0.0
5,3,0.0,0.0,0.0,1.0,0.0,0.0,0.0,0.0,0.0,0.0,0.0
5,3,0.0,0.0,0.0,1.0,0.0,0.0,0.0,0.0,0.0,0.0,0.0
5,3,0.0,0.0,0.0,1.0,0.0,0.0,0.0,0.0,0.0,0.0,0.0
5,3,0.0,0.0,0.0,1.0,0.0,0.0,0.0,0.0,0.0,0.0,0.0
5,3,0.0,0.0,0.0,1.0,0.0,0.0,0.0,0.0,0.0,0.0,0.0
5,3,0.0,0.0,0.0,1.0,0.0,0.0,0.0,0.0,0.0,0.0,0.0
5,3,0.0,0.0,0.0,1.0,0.0,0.0,0.0,0.0,0.0,0.0,0.0
5,3,0.0,0.0,0.0,1.0,0.0,0.0,0.0,0.0,0.0,0.0,0.0
5,3,0.0,0.0,0.0,1.0,0.0,0.0,0.0,0.0,0.0,0.0,0.0
5,3,0.0,0.0,0.0,1.0,0.0,0.0,0.0,0.0,0.0,0.0,0.0
5,3,0.0,0.0,0.0,1.0,0.0,0.0,0.0,0.0,0.0,0.0,0.0
5,3,0.0,0.0,0.0,1.0,0.0,0.0,0.0,0.0,0.0,0.0,0.0
5,3,0.0,0.0,0.0,1.0,0.0,0.0,0.0,0.0,0.0,0.0,0.0
5,3,0.0,0.0,0.0,1.0,0.0,0.0,0.0,0.0,0.0,0.0,0.0
5,3,0.0,0.0,0.0,1.0,0.0,0.0,0.0,0.0,0.0,0.0,0.0
5,3,0.0,0.0,0.0,1.0,0.0,0.0,0.0,0.0,0.0,0.0,0.0
5,3,0.0,0.0,0.0,1.0,0.0,0.0,0.0,0.0,0.0,0.0,0.0
5,3,0.0,0.0,0.0,1.0,0.0,0.0,0.0,0.0,0.0,0.0,0.0
5,3,0.0,0.0,0.0,1.0,0.0,0.0,0.0,0.0,0.0,0.0,0.0
5,3,0.0625,0.0,0.0,0.9375,0.0,0.0,0.0,0.0,0.0,0.0,0.0
5,3,0.0625,0.0,0.0,0.9375,0.0,0.0,0.0,0.0,0.0,0.0,0.0
5,3,0.0625,0.0,0.0,0.9375,0.0,0.0,0.0,0.0,0.0,0.0,0.0
5,3,0.0625,0.0,0.0,0.9375,0.0,0.0,0.0,0.0,0.0,0.0,0.0
5,3,0.0625,0.0,0.0,0.9375,0.0,0.0,0.0,0.0,0.0,0.0,0.0
5,3,0.0625,0.0,0.0,0.9375,0.0,0.0,0.0,0.0,0.0,0.0,0.0
5,3,0.0625,0.0,0.0,0.9375,0.0,0.0,0.0,0.0,0.0,0.0,0.0
5,3,0.0625,0.0,0.0,0.9375,0.0,0.0,0.0,0.0,0.0,0.0,0.0
5,3,0.0625,0.0,0.0,0.9375,0.0,0.0,0.0,0.0,0.0,0.0,0.0
5,3,0.0625,0.0,0.0,0.9375,0.0,0.0,0.0,0.0,0.0,0.0,0.0
5,3,0.0625,0.0,0.0,0.9375,0.0,0.0,0.0,0.0,0.0,0.0,0.0
5,3,0.0625,0.0,0.0,0.9375,0.0,0.0,0.0,0.0,0.0,0.0,0.0
5,3,0.0625,0.0,0.0,0.9375,0.0,0.0,0.0,0.0,0.0,0.0,0.0
5,3,0.0625,0.0,0.0,0.9375,0.0,0.0,0.0,0.0,0.0,0.0,0.0
5,3,0.0625,0.0,0.0,0.9375,0.0,0.0,0.0,0.0,0.0,0.0,0.0
5,3,0.0625,0.0,0.0,0.9375,0.0,0.0,0.0,0.0,0.0,0.0,0.0
5,3,0.0625,0.0,0.0,0.9375,0.0,0.0,0.0,0.0,0.0,0.0,0.0
5,3,0.0625,0.0,0.0,0.9375,0.0,0.0,0.0,0.0,0.0,0.0,0.0
5,3,0.0625,0.0,0.0,0.9375,0.0,0.0,0.0,0.0,0.0,0.0,0.0
5,3,0.0625,0.0,0.0,0.9375,0.0,0.0,0.0,0.0,0.0,0.0,0.0
5,3,0.0625,0.0,0.0,0.9375,0.0,0.0,0.0,0.0,0.0,0.0,0.0
5,3,0.0625,0.0,0.0,0.9375,0.0,0.0,0.0,0.0,0.0,0.0,0.0
5,3,0.0625,0.0,0.0,0.9375,0.0,0.0,0.0,0.0,0.0,0.0,0.0
5,3,0.0625,0.0,0.0,0.9375,0.0,0.0,0.0,0.0,0.0,0.0,0.0
5,3,0.0625,0.0,0.0,0.9375,0.0,0.0,0.0,0.0,0.0,0.0,0.0
5,3,0.0625,0.0,0.0,0.9375,0.0,0.0,0.0,0.0,0.0,0.0,0.0
5,3,0.0625,0.0,0.0,0.9375,0.0,0.0,0.0,0.0,0.0,0.0,0.0
5,3,0.0625,0.0,0.0,0.9375,0.0,0.0,0.0,0.0,0.0,0.0,0.0
5,3,0.0625,0.0,0.0,0.9375,0.0,0.0,0.0,0.0,0.0,0.0,0.0
5,3,0.0625,0.0,0.0,0.9375,0.0,0.0,0.0,0.0,0.0,0.0,0.0
5,3,0.0625,0.0,0.0,0.9375,0.0,0.0,0.0,0.0,0.0,0.0,0.0
5,3,0.0625,0.0,0.0,0.9375,0.0,0.0,0.0,0.0,0.0,0.0,0.0
5,3,0.0625,0.0,0.0,0.9375,0.0,0.0,0.0,0.0,0.0,0.0,0.0
5,3,0.0625,0.0,0.0,0.9375,0.0,0.0,0.0,0.0,0.0,0.0,0.0
5,3,0.0625,0.0,0.0,0.9375,0.0,0.0,0.0,0.0,0.0,0.0,0.0
5,3,0.0625,0.0,0.0,0.9375,0.0,0.0,0.0,0.0,0.0,0.0,0.0
5,3,0.0625,0.0,0.0,0.9375,0.0,0.0,0.0,0.0,0.0,0.0,0.0
5,3,0.0625,0.0,0.0,0.9375,0.0,0.0,0.0,0.0,0.0,0.0,0.0
5,3,0.0625,0.0,0.0,0.9375,0.0,0.0,0.0,0.0,0.0,0.0,0.0
5,3,0.0625,0.0,0.0,0.9375,0.0,0.0,0.0,0.0,0.0,0.0,0.0
5,3,0.0625,0.0,0.0,0.9375,0.0,0.0,0.0,0.0,0.0,0.0,0.0
5,3,0.0625,0.0,0.0,0.9375,0.0,0.0,0.0,0.0,0.0,0.0,0.0
5,3,0.0625,0.0,0.0,0.9375,0.0,0.0,0.0,0.0,0.0,0.0,0.0
5,3,0.0625,0.0,0.0,0.9375,0.0,0.0,0.0,0.0,0.0,0.0,0.0
5,3,0.0625,0.0,0.0,0.9375,0.0,0.0,0.0,0.0,0.0,0.0,0.0
5,3,0.0625,0.0,0.0,0.9375,0.0,0.0,0.0,0.0,0.0,0.0,0.0
5,3,0.0625,0.0,0.0,0.9375,0.0,0.0,0.0,0.0,0.0,0.0,0.0
5,3,0.0625,0.0,0.0,0.9375,0.0,0.0,0.0,0.0,0.0,0.0,0.0
5,3,0.0625,0.0,0.0,0.9375,0.0,0.0,0.0,0.0,0.0,0.0,0.0
5,3,0.0625,0.0,0.0,0.9375,0.0,0.0,0.0,0.0,0.0,0.0,0.0
5,3,0.0625,0.0,0.0,0.9375,0.0,0.0,0.0,0.0,0.0,0.0,0.0
5,3,0.0625,0.0,0.0,0.9375,0.0,0.0,0.0,0.0,0.0,0.0,0.0
5,3,0.0625,0.0,0.0,0.9375,0.0,0.0,0.0,0.0,0.0,0.0,0.0
5,3,0.0625,0.0,0.0,0.9375,0.0,0.0,0.0,0.0,0.0,0.0,0.0
5,3,0.0625,0.0,0.0,0.9375,0.0,0.0,0.0,0.0,0.0,0.0,0.0
5,3,0.0625,0.0,0.0,0.9375,0.0,0.0,0.0,0.0,0.0,0.0,0.0
5,3,0.0625,0.0,0.0,0.9375,0.0,0.0,0.0,0.0,0.0,0.0,0.0
5,3,0.0625,0.0,0.0,0.9375,0.0,0.0,0.0,0.0,0.0,0.0,0.0
5,3,0.0625,0.0,0.0,0.9375,0.0,0.0,0.0,0.0,0.0,0.0,0.0
5,3,0.0625,0.0,0.0,0.9375,0.0,0.0,0.0,0.0,0.0,0.0,0.0
5,3,0.0625,0.0,0.0,0.9375,0.0,0.0,0.0,0.0,0.0,0.0,0.0
5,3,0.0625,0.0,0.0,0.9375,0.0,0.0,0.0,0.0,0.0,0.0,0.0
5,3,0.0625,0.0,0.0,0.9375,0.0,0.0,0.0,0.0,0.0,0.0,0.0
5,3,0.0625,0.0,0.0,0.9375,0.0,0.0,0.0,0.0,0.0,0.0,0.0
5,3,0.0625,0.0,0.0,0.9375,0.0,0.0,0.0,0.0,0.0,0.0,0.0
5,3,0.0625,0.0,0.0,0.9375,0.0,0.0,0.0,0.0,0.0,0.0,0.0
5,3,0.0625,0.0,0.0,0.9375,0.0,0.0,0.0,0.0,0.0,0.0,0.0
5,3,0.0625,0.0,0.0,0.9375,0.0,0.0,0.0,0.0,0.0,0.0,0.0
5,3,0.0625,0.0,0.0,0.9375,0.0,0.0,0.0,0.0,0.0,0.0,0.0
5,3,0.0625,0.0,0.0,0.9375,0.0,0.0,0.0,0.0,0.0,0.0,0.0
5,3,0.0625,0.0,0.0,0.9375,0.0,0.0,0.0,0.0,0.0,0.0,0.0
5,3,0.0625,0.0,0.0,0.9375,0.0,0.0,0.0,0.0,0.0,0.0,0.0
5,3,0.0625,0.0,0.0,0.9375,0.0,0.0,0.0,0.0,0.0,0.0,0.0
5,3,0.0625,0.0,0.0,0.9375,0.0,0.0,0.0,0.0,0.0,0.0,0.0
5,3,0.0625,0.0,0.0,0.9375,0.0,0.0,0.0,0.0,0.0,0.0,0.0
5,3,0.0625,0.0,0.0,0.9375,0.0,0.0,0.0,0.0,0.0,0.0,0.0
5,3,0.0625,0.0,0.0,0.9375,0.0,0.0,0.0,0.0,0.0,0.0,0.0
5,3,0.0625,0.0,0.0,0.9375,0.0,0.0,0.0,0.0,0.0,0.0,0.0
5,3,0.0625,0.0,0.0,0.9375,0.0,0.0,0.0,0.0,0.0,0.0,0.0
5,3,0.0625,0.0,0.0,0.9375,0.0,0.0,0.0,0.0,0.0,0.0,0.0
5,3,0.0625,0.0,0.0,0.9375,0.0,0.0,0.0,0.0,0.0,0.0,0.0
5,3,0.0625,0.0,0.0,0.9375,0.0,0.0,0.0,0.0,0.0,0.0,0.0
5,3,0.0625,0.0,0.0,0.9375,0.0,0.0,0.0,0.0,0.0,0.0,0.0
5,3,0.0625,0.0,0.0,0.9375,0.0,0.0,0.0,0.0,0.0,0.0,0.0
5,3,0.0625,0.0,0.0,0.9375,0.0,0.0,0.0,0.0,0.0,0.0,0.0
5,3,0.0625,0.0,0.0,0.9375,0.0,0.0,0.0,0.0,0.0,0.0,0.0
5,3,0.0625,0.0,0.0,0.9375,0.0,0.0,0.0,0.0,0.0,0.0,0.0
5,3,0.0625,0.0,0.0,0.9375,0.0,0.0,0.0,0.0,0.0,0.0,0.0
5,3,0.0625,0.0,0.0,0.9375,0.0,0.0,0.0,0.0,0.0,0.0,0.0
5,3,0.0625,0.0,0.0,0.9375,0.0,0.0,0.0,0.0,0.0,0.0,0.0
5,3,0.0625,0.0,0.0,0.9375,0.0,0.0,0.0,0.0,0.0,0.0,0.0
5,3,0.0625,0.0,0.0,0.9375,0.0,0.0,0.0,0.0,0.0,0.0,0.0
5,3,0.0625,0.0,0.0,0.9375,0.0,0.0,0.0,0.0,0.0,0.0,0.0
5,3,0.0625,0.0,0.0,0.9375,0.0,0.0,0.0,0.0,0.0,0.0,0.0
5,3,0.0625,0.0,0.0,0.9375,0.0,0.0,0.0,0.0,0.0,0.0,0.0
5,3,0.0625,0.0,0.0,0.9375,0.0,0.0,0.0,0.0,0.0,0.0,0.0
5,3,0.0625,0.0,0.0,0.9375,0.0,0.0,0.0,0.0,0.0,0.0,0.0
5,3,0.0625,0.0,0.0,0.9375,0.0,0.0,0.0,0.0,0.0,0.0,0.0
5,3,0.0625,0.0,0.0,0.9375,0.0,0.0,0.0,0.0,0.0,0.0,0.0
5,3,0.0625,0.0,0.0,0.9375,0.0,0.0,0.0,0.0,0.0,0.0,0.0
5,3,0.0625,0.0,0.0,0.9375,0.0,0.0,0.0,0.0,0.0,0.0,0.0
5,3,0.0625,0.0,0.0,0.9375,0.0,0.0,0.0,0.0,0.0,0.0,0.0
5,3,0.0625,0.0,0.0,0.9375,0.0,0.0,0.0,0.0,0.0,0.0,0.0
5,3,0.0625,0.0,0.0,0.9375,0.0,0.0,0.0,0.0,0.0,0.0,0.0
5,3,0.0625,0.0,0.0,0.9375,0.0,0.0,0.0,0.0,0.0,0.0,0.0
5,3,0.0625,0.0,0.0,0.9375,0.0,0.0,0.0,0.0,0.0,0.0,0.0
5,3,0.0625,0.0,0.0,0.9375,0.0,0.0,0.0,0.0,0.0,0.0,0.0
5,3,0.0625,0.0,0.0,0.9375,0.0,0.0,0.0,0.0,0.0,0.0,0.0
5,3,0.0625,0.0,0.0,0.9375,0.0,0.0,0.0,0.0,0.0,0.0,0.0
5,3,0.0625,0.0,0.0,0.9375,0.0,0.0,0.0,0.0,0.0,0.0,0.0
5,3,0.0625,0.0,0.0,0.9375,0.0,0.0,0.0,0.0,0.0,0.0,0.0
5,3,0.0625,0.0,0.0,0.9375,0.0,0.0,0.0,0.0,0.0,0.0,0.0
5,3,0.0625,0.0,0.0,0.9375,0.0,0.0,0.0,0.0,0.0,0.0,0.0
5,3,0.0625,0.0,0.0,0.9375,0.0,0.0,0.0,0.0,0.0,0.0,0.0
5,3,0.0625,0.0,0.0,0.9375,0.0,0.0,0.0,0.0,0.0,0.0,0.0
5,3,0.0625,0.0,0.0,0.9375,0.0,0.0,0.0,0.0,0.0,0.0,0.0
5,3,0.0625,0.0,0.0,0.9375,0.0,0.0,0.0,0.0,0.0,0.0,0.0
5,3,0.0625,0.0,0.0,0.9375,0.0,0.0,0.0,0.0,0.0,0.0,0.0
5,3,0.0625,0.0,0.0,0.9375,0.0,0.0,0.0,0.0,0.0,0.0,0.0
5,3,0.0625,0.0,0.0,0.9375,0.0,0.0,0.0,0.0,0.0,0.0,0.0
5,3,0.0625,0.0,0.0,0.9375,0.0,0.0,0.0,0.0,0.0,0.0,0.0
5,3,0.0625,0.0,0.0,0.9375,0.0,0.0,0.0,0.0,0.0,0.0,0.0
5,3,0.0625,0.0,0.0,0.9375,0.0,0.0,0.0,0.0,0.0,0.0,0.0
5,3,0.0625,0.0,0.0,0.9375,0.0,0.0,0.0,0.0,0.0,0.0,0.0
5,3,0.0625,0.0,0.0,0.9375,0.0,0.0,0.0,0.0,0.0,0.0,0.0
5,3,0.0625,0.0,0.0,0.9375,0.0,0.0,0.0,0.0,0.0,0.0,0.0
5,3,0.0625,0.0,0.0,0.9375,0.0,0.0,0.0,0.0,0.0,0.0,0.0
5,3,0.0625,0.0,0.0,0.9375,0.0,0.0,0.0,0.0,0.0,0.0,0.0
5,3,0.0625,0.0,0.0,0.9375,0.0,0.0,0.0,0.0,0.0,0.0,0.0
5,3,0.0625,0.0,0.0,0.9375,0.0,0.0,0.0,0.0,0.0,0.0,0.0
5,3,0.0625,0.0,0.0,0.9375,0.0,0.0,0.0,0.0,0.0,0.0,0.0
5,3,0.0625,0.0,0.0,0.9375,0.0,0.0,0.0,0.0,0.0,0.0,0.0
5,3,0.0,0.0,0.0,1.0,0.0,0.0,0.0,0.0,0.0,0.0,0.0
5,3,0.0,0.0,0.0,1.0,0.0,0.0,0.0,0.0,0.0,0.0,0.0
5,3,0.0,0.0,0.0,1.0,0.0,0.0,0.0,0.0,0.0,0.0,0.0
5,3,0.0,0.0,0.0,1.0,0.0,0.0,0.0,0.0,0.0,0.0,0.0
5,3,0.0,0.0,0.0,1.0,0.0,0.0,0.0,0.0,0.0,0.0,0.0
5,3,0.0,0.0,0.0,1.0,0.0,0.0,0.0,0.0,0.0,0.0,0.0
5,3,0.0,0.0,0.0,1.0,0.0,0.0,0.0,0.0,0.0,0.0,0.0
5,3,0.0,0.0,0.0,1.0,0.0,0.0,0.0,0.0,0.0,0.0,0.0
5,3,0.0,0.0,0.0,1.0,0.0,0.0,0.0,0.0,0.0,0.0,0.0
5,3,0.0,0.0,0.0,1.0,0.0,0.0,0.0,0.0,0.0,0.0,0.0
5,3,0.0,0.0,0.0,1.0,0.0,0.0,0.0,0.0,0.0,0.0,0.0
5,3,0.0,0.0,0.0,1.0,0.0,0.0,0.0,0.0,0.0,0.0,0.0
5,3,0.0,0.0,0.0,1.0,0.0,0.0,0.0,0.0,0.0,0.0,0.0
5,3,0.0,0.0,0.0,1.0,0.0,0.0,0.0,0.0,0.0,0.0,0.0
5,3,0.0,0.0,0.0,1.0,0.0,0.0,0.0,0.0,0.0,0.0,0.0
5,3,0.0,0.0,0.0,1.0,0.0,0.0,0.0,0.0,0.0,0.0,0.0
5,3,0.0,0.0,0.0,1.0,0.0,0.0,0.0,0.0,0.0,0.0,0.0
5,3,0.0,0.0,0.0,1.0,0.0,0.0,0.0,0.0,0.0,0.0,0.0
5,3,0.0,0.0,0.0,1.0,0.0,0.0,0.0,0.0,0.0,0.0,0.0
5,3,0.0,0.0,0.0,1.0,0.0,0.0,0.0,0.0,0.0,0.0,0.0
5,3,0.0,0.0,0.0,1.0,0.0,0.0,0.0,0.0,0.0,0.0,0.0
5,3,0.0,0.0,0.0,1.0,0.0,0.0,0.0,0.0,0.0,0.0,0.0
5,3,0.0,0.0,0.0,1.0,0.0,0.0,0.0,0.0,0.0,0.0,0.0
5,3,0.0,0.0,0.0,1.0,0.0,0.0,0.0,0.0,0.0,0.0,0.0
5,3,0.0,0.0,0.0,1.0,0.0,0.0,0.0,0.0,0.0,0.0,0.0
5,3,0.0,0.0,0.0,1.0,0.0,0.0,0.0,0.0,0.0,0.0,0.0
5,3,0.0,0.0,0.0,1.0,0.0,0.0,0.0,0.0,0.0,0.0,0.0
5,3,0.0,0.0,0.0,1.0,0.0,0.0,0.0,0.0,0.0,0.0,0.0
5,3,0.0,0.0,0.0,1.0,0.0,0.0,0.0,0.0,0.0,0.0,0.0
5,3,0.0,0.0,0.0,1.0,0.0,0.0,0.0,0.0,0.0,0.0,0.0
5,3,0.0,0.0,0.0,1.0,0.0,0.0,0.0,0.0,0.0,0.0,0.0
5,3,0.0,0.0,0.0,1.0,0.0,0.0,0.0,0.0,0.0,0.0,0.0
5,3,0.0,0.0,0.0,1.0,0.0,0.0,0.0,0.0,0.0,0.0,0.0
5,3,0.0,0.0,0.0,1.0,0.0,0.0,0.0,0.0,0.0,0.0,0.0
5,3,0.0,0.0,0.0,1.0,0.0,0.0,0.0,0.0,0.0,0.0,0.0
5,3,0.0,0.0,0.0,1.0,0.0,0.0,0.0,0.0,0.0,0.0,0.0
5,3,0.0,0.0,0.0,1.0,0.0,0.0,0.0,0.0,0.0,0.0,0.0
5,3,0.0,0.0,0.0,1.0,0.0,0.0,0.0,0.0,0.0,0.0,0.0
5,3,0.0,0.0,0.0,1.0,0.0,0.0,0.0,0.0,0.0,0.0,0.0
5,3,0.0,0.0,0.0,1.0,0.0,0.0,0.0,0.0,0.0,0.0,0.0
5,3,0.0,0.0,0.0,1.0,0.0,0.0,0.0,0.0,0.0,0.0,0.0
5,3,0.0,0.0,0.0,1.0,0.0,0.0,0.0,0.0,0.0,0.0,0.0
5,3,0.0,0.0,0.0,1.0,0.0,0.0,0.0,0.0,0.0,0.0,0.0
5,3,0.0,0.0,0.0,1.0,0.0,0.0,0.0,0.0,0.0,0.0,0.0
5,3,0.0,0.0,0.0,1.0,0.0,0.0,0.0,0.0,0.0,0.0,0.0
5,3,0.0,0.0,0.0,1.0,0.0,0.0,0.0,0.0,0.0,0.0,0.0
5,3,0.0,0.0,0.0,1.0,0.0,0.0,0.0,0.0,0.0,0.0,0.0
5,3,0.0,0.0,0.0,1.0,0.0,0.0,0.0,0.0,0.0,0.0,0.0
5,3,0.0,0.0,0.0,1.0,0.0,0.0,0.0,0.0,0.0,0.0,0.0
5,3,0.0,0.0,0.0,1.0,0.0,0.0,0.0,0.0,0.0,0.0,0.0
5,3,0.0,0.0,0.0,1.0,0.0,0.0,0.0,0.0,0.0,0.0,0.0
5,3,0.0,0.0,0.0,1.0,0.0,0.0,0.0,0.0,0.0,0.0,0.0
5,3,0.0,0.0,0.0,1.0,0.0,0.0,0.0,0.0,0.0,0.0,0.0
5,3,0.0,0.0,0.0,1.0,0.0,0.0,0.0,0.0,0.0,0.0,0.0
5,3,0.0,0.0,0.0,1.0,0.0,0.0,0.0,0.0,0.0,0.0,0.0
5,3,0.0,0.0,0.0,1.0,0.0,0.0,0.0,0.0,0.0,0.0,0.0
5,3,0.0,0.0,0.0,1.0,0.0,0.0,0.0,0.0,0.0,0.0,0.0
5,3,0.0,0.0,0.0,1.0,0.0,0.0,0.0,0.0,0.0,0.0,0.0
5,3,0.0,0.0,0.0,1.0,0.0,0.0,0.0,0.0,0.0,0.0,0.0
5,3,0.0,0.0,0.0,1.0,0.0,0.0,0.0,0.0,0.0,0.0,0.0
5,3,0.0,0.0,0.0,1.0,0.0,0.0,0.0,0.0,0.0,0.0,0.0
5,3,0.0,0.0,0.0,1.0,0.0,0.0,0.0,0.0,0.0,0.0,0.0
5,3,0.0,0.0,0.0,1.0,0.0,0.0,0.0,0.0,0.0,0.0,0.0
5,3,0.0,0.0,0.0,1.0,0.0,0.0,0.0,0.0,0.0,0.0,0.0
5,3,0.0,0.0,0.0,1.0,0.0,0.0,0.0,0.0,0.0,0.0,0.0
5,3,0.0,0.0,0.0,1.0,0.0,0.0,0.0,0.0,0.0,0.0,0.0
5,3,0.0,0.0,0.0,1.0,0.0,0.0,0.0,0.0,0.0,0.0,0.0
5,3,0.0,0.0,0.0,1.0,0.0,0.0,0.0,0.0,0.0,0.0,0.0
5,3,0.0,0.0,0.0,1.0,0.0,0.0,0.0,0.0,0.0,0.0,0.0
5,3,0.0,0.0,0.0,1.0,0.0,0.0,0.0,0.0,0.0,0.0,0.0
5,3,0.0,0.0,0.0,1.0,0.0,0.0,0.0,0.0,0.0,0.0,0.0
5,3,0.0,0.0,0.0,1.0,0.0,0.0,0.0,0.0,0.0,0.0,0.0
5,3,0.0,0.0,0.0,1.0,0.0,0.0,0.0,0.0,0.0,0.0,0.0
5,3,0.0,0.0,0.0,1.0,0.0,0.0,0.0,0.0,0.0,0.0,0.0
5,3,0.0,0.0,0.0,1.0,0.0,0.0,0.0,0.0,0.0,0.0,0.0
5,3,0.0,0.0,0.0,1.0,0.0,0.0,0.0,0.0,0.0,0.0,0.0
5,3,0.0,0.0,0.0,1.0,0.0,0.0,0.0,0.0,0.0,0.0,0.0
5,3,0.0,0.0,0.0,1.0,0.0,0.0,0.0,0.0,0.0,0.0,0.0
5,3,0.0,0.0,0.0,1.0,0.0,0.0,0.0,0.0,0.0,0.0,0.0
5,3,0.0,0.0,0.0,1.0,0.0,0.0,0.0,0.0,0.0,0.0,0.0
5,3,0.0,0.0,0.0,1.0,0.0,0.0,0.0,0.0,0.0,0.0,0.0
5,3,0.0,0.0,0.0,1.0,0.0,0.0,0.0,0.0,0.0,0.0,0.0
5,3,0.0,0.0,0.0,1.0,0.0,0.0,0.0,0.0,0.0,0.0,0.0
5,3,0.0,0.0,0.0,1.0,0.0,0.0,0.0,0.0,0.0,0.0,0.0
5,3,0.0,0.0,0.0,1.0,0.0,0.0,0.0,0.0,0.0,0.0,0.0
5,3,0.0,0.0,0.0,1.0,0.0,0.0,0.0,0.0,0.0,0.0,0.0
5,3,0.0,0.0,0.0,1.0,0.0,0.0,0.0,0.0,0.0,0.0,0.0
5,3,0.0,0.0,0.0,1.0,0.0,0.0,0.0,0.0,0.0,0.0,0.0
5,3,0.0,0.0,0.0,1.0,0.0,0.0,0.0,0.0,0.0,0.0,0.0
5,3,0.0,0.0,0.0,1.0,0.0,0.0,0.0,0.0,0.0,0.0,0.0
5,3,0.0,0.0,0.0,1.0,0.0,0.0,0.0,0.0,0.0,0.0,0.0
5,3,0.0,0.0,0.0,1.0,0.0,0.0,0.0,0.0,0.0,0.0,0.0
5,3,0.0,0.0,0.0,1.0,0.0,0.0,0.0,0.0,0.0,0.0,0.0
5,3,0.0,0.0,0.0,1.0,0.0,0.0,0.0,0.0,0.0,0.0,0.0
5,3,0.0,0.0,0.0,1.0,0.0,0.0,0.0,0.0,0.0,0.0,0.0
5,3,0.0,0.0,0.0,1.0,0.0,0.0,0.0,0.0,0.0,0.0,0.0
5,3,0.0,0.0,0.0,1.0,0.0,0.0,0.0,0.0,0.0,0.0,0.0
5,3,0.0,0.0,0.0,1.0,0.0,0.0,0.0,0.0,0.0,0.0,0.0
5,3,0.0,0.0,0.0,1.0,0.0,0.0,0.0,0.0,0.0,0.0,0.0
5,3,0.0,0.0,0.0,1.0,0.0,0.0,0.0,0.0,0.0,0.0,0.0
5,3,0.0,0.0,0.0,1.0,0.0,0.0,0.0,0.0,0.0,0.0,0.0
5,3,0.0,0.0,0.0,1.0,0.0,0.0,0.0,0.0,0.0,0.0,0.0
5,3,0.0,0.0,0.0,1.0,0.0,0.0,0.0,0.0,0.0,0.0,0.0
5,3,0.0,0.0,0.0,1.0,0.0,0.0,0.0,0.0,0.0,0.0,0.0
5,3,0.0,0.0,0.0,1.0,0.0,0.0,0.0,0.0,0.0,0.0,0.0
5,3,0.0,0.0,0.0,1.0,0.0,0.0,0.0,0.0,0.0,0.0,0.0
5,3,0.0,0.0,0.0,1.0,0.0,0.0,0.0,0.0,0.0,0.0,0.0
5,3,0.0,0.0,0.0,1.0,0.0,0.0,0.0,0.0,0.0,0.0,0.0
5,3,0.0,0.0,0.0,1.0,0.0,0.0,0.0,0.0,0.0,0.0,0.0
5,3,0.0,0.0,0.0,1.0,0.0,0.0,0.0,0.0,0.0,0.0,0.0
5,3,0.0,0.0,0.0,1.0,0.0,0.0,0.0,0.0,0.0,0.0,0.0
5,3,0.0,0.0,0.0,1.0,0.0,0.0,0.0,0.0,0.0,0.0,0.0
5,3,0.0,0.0,0.0,1.0,0.0,0.0,0.0,0.0,0.0,0.0,0.0
5,3,0.0,0.0,0.0,1.0,0.0,0.0,0.0,0.0,0.0,0.0,0.0
5,3,0.0,0.0,0.0,1.0,0.0,0.0,0.0,0.0,0.0,0.0,0.0
5,3,0.0,0.0,0.0,1.0,0.0,0.0,0.0,0.0,0.0,0.0,0.0
5,3,0.0,0.0,0.0,1.0,0.0,0.0,0.0,0.0,0.0,0.0,0.0
5,3,0.0,0.0,0.0,1.0,0.0,0.0,0.0,0.0,0.0,0.0,0.0
5,3,0.0,0.0,0.0,1.0,0.0,0.0,0.0,0.0,0.0,0.0,0.0
5,3,0.0,0.0,0.0,1.0,0.0,0.0,0.0,0.0,0.0,0.0,0.0
5,3,0.0,0.0,0.0,1.0,0.0,0.0,0.0,0.0,0.0,0.0,0.0
5,3,0.0,0.0,0.0,1.0,0.0,0.0,0.0,0.0,0.0,0.0,0.0
5,3,0.0,0.0,0.0,1.0,0.0,0.0,0.0,0.0,0.0,0.0,0.0
5,3,0.0,0.0,0.0,1.0,0.0,0.0,0.0,0.0,0.0,0.0,0.0
5,3,0.0,0.0,0.0,1.0,0.0,0.0,0.0,0.0,0.0,0.0,0.0
5,3,0.0,0.0,0.0,1.0,0.0,0.0,0.0,0.0,0.0,0.0,0.0
5,3,0.0,0.0,0.0,1.0,0.0,0.0,0.0,0.0,0.0,0.0,0.0
5,3,0.0,0.0,0.0,1.0,0.0,0.0,0.0,0.0,0.0,0.0,0.0
5,3,0.0,0.0,0.0,1.0,0.0,0.0,0.0,0.0,0.0,0.0,0.0
5,3,0.0,0.0,0.0,1.0,0.0,0.0,0.0,0.0,0.0,0.0,0.0
5,3,0.0,0.0,0.0,1.0,0.0,0.0,0.0,0.0,0.0,0.0,0.0
5,3,0.0,0.0,0.0,1.0,0.0,0.0,0.0,0.0,0.0,0.0,0.0
5,3,0.0,0.0,0.0,1.0,0.0,0.0,0.0,0.0,0.0,0.0,0.0
5,3,0.0,0.0,0.0,1.0,0.0,0.0,0.0,0.0,0.0,0.0,0.0
5,3,0.0,0.0,0.0,1.0,0.0,0.0,0.0,0.0,0.0,0.0,0.0
5,3,0.0,0.0,0.0,1.0,0.0,0.0,0.0,0.0,0.0,0.0,0.0
5,3,0.0,0.0,0.0,1.0,0.0,0.0,0.0,0.0,0.0,0.0,0.0
5,3,0.0,0.0,0.0,1.0,0.0,0.0,0.0,0.0,0.0,0.0,0.0
5,3,0.0,0.0,0.0,1.0,0.0,0.0,0.0,0.0,0.0,0.0,0.0
5,3,0.0,0.0,0.0,1.0,0.0,0.0,0.0,0.0,0.0,0.0,0.0
5,3,0.0,0.0,0.0,1.0,0.0,0.0,0.0,0.0,0.0,0.0,0.0
5,3,0.0,0.0,0.0,1.0,0.0,0.0,0.0,0.0,0.0,0.0,0.0
5,3,0.0,0.0,0.0,1.0,0.0,0.0,0.0,0.0,0.0,0.0,0.0
5,3,0.0,0.0,0.0,1.0,0.0,0.0,0.0,0.0,0.0,0.0,0.0
5,3,0.0,0.0,0.0,1.0,0.0,0.0,0.0,0.0,0.0,0.0,0.0
5,3,0.0,0.0,0.0,1.0,0.0,0.0,0.0,0.0,0.0,0.0,0.0
5,3,0.0,0.0,0.0,1.0,0.0,0.0,0.0,0.0,0.0,0.0,0.0
5,3,0.0,0.0,0.0,1.0,0.0,0.0,0.0,0.0,0.0,0.0,0.0
5,3,0.0,0.0,0.0,1.0,0.0,0.0,0.0,0.0,0.0,0.0,0.0
5,3,0.0,0.0,0.0,1.0,0.0,0.0,0.0,0.0,0.0,0.0,0.0
5,3,0.0,0.0,0.0,1.0,0.0,0.0,0.0,0.0,0.0,0.0,0.0
5,3,0.0,0.0,0.0,1.0,0.0,0.0,0.0,0.0,0.0,0.0,0.0
5,3,0.0,0.0,0.0,1.0,0.0,0.0,0.0,0.0,0.0,0.0,0.0
5,3,0.0,0.0,0.0,1.0,0.0,0.0,0.0,0.0,0.0,0.0,0.0
5,3,0.0,0.0,0.0,1.0,0.0,0.0,0.0,0.0,0.0,0.0,0.0
5,3,0.0,0.0,0.0,1.0,0.0,0.0,0.0,0.0,0.0,0.0,0.0
5,3,0.0,0.0,0.0,1.0,0.0,0.0,0.0,0.0,0.0,0.0,0.0
5,3,0.0,0.0,0.0,1.0,0.0,0.0,0.0,0.0,0.0,0.0,0.0
5,3,0.0,0.0,0.0,1.0,0.0,0.0,0.0,0.0,0.0,0.0,0.0
5,3,0.0,0.0,0.0,1.0,0.0,0.0,0.0,0.0,0.0,0.0,0.0
5,3,0.0,0.0,0.0,1.0,0.0,0.0,0.0,0.0,0.0,0.0,0.0
5,3,0.0,0.0,0.0,1.0,0.0,0.0,0.0,0.0,0.0,0.0,0.0
5,3,0.0,0.0,0.0,1.0,0.0,0.0,0.0,0.0,0.0,0.0,0.0
5,3,0.0,0.0,0.0,1.0,0.0,0.0,0.0,0.0,0.0,0.0,0.0
5,3,0.0,0.0,0.0,1.0,0.0,0.0,0.0,0.0,0.0,0.0,0.0
5,3,0.0,0.0,0.0,1.0,0.0,0.0,0.0,0.0,0.0,0.0,0.0
5,3,0.0,0.0,0.0,1.0,0.0,0.0,0.0,0.0,0.0,0.0,0.0
5,3,0.0,0.0,0.0,1.0,0.0,0.0,0.0,0.0,0.0,0.0,0.0
5,3,0.0,0.0,0.0,1.0,0.0,0.0,0.0,0.0,0.0,0.0,0.0
5,3,0.0,0.0,0.0,1.0,0.0,0.0,0.0,0.0,0.0,0.0,0.0
5,3,0.0,0.0,0.0,1.0,0.0,0.0,0.0,0.0,0.0,0.0,0.0
5,3,0.0,0.0,0.0,1.0,0.0,0.0,0.0,0.0,0.0,0.0,0.0
5,3,0.0,0.0,0.0,1.0,0.0,0.0,0.0,0.0,0.0,0.0,0.0
5,3,0.0,0.0,0.0,1.0,0.0,0.0,0.0,0.0,0.0,0.0,0.0
5,3,0.0,0.0,0.0,1.0,0.0,0.0,0.0,0.0,0.0,0.0,0.0
5,3,0.0,0.0,0.0,1.0,0.0,0.0,0.0,0.0,0.0,0.0,0.0
5,3,0.0,0.0,0.0,1.0,0.0,0.0,0.0,0.0,0.0,0.0,0.0
5,3,0.0,0.0,0.0,1.0,0.0,0.0,0.0,0.0,0.0,0.0,0.0
5,3,0.0,0.0,0.0,1.0,0.0,0.0,0.0,0.0,0.0,0.0,0.0
5,3,0.0,0.0,0.0,1.0,0.0,0.0,0.0,0.0,0.0,0.0,0.0
5,3,0.0,0.0,0.0,1.0,0.0,0.0,0.0,0.0,0.0,0.0,0.0
5,3,0.0,0.0,0.0,1.0,0.0,0.0,0.0,0.0,0.0,0.0,0.0
5,3,0.0,0.0,0.0,1.0,0.0,0.0,0.0,0.0,0.0,0.0,0.0
5,3,0.0,0.0,0.0,1.0,0.0,0.0,0.0,0.0,0.0,0.0,0.0
5,3,0.0,0.0,0.0,1.0,0.0,0.0,0.0,0.0,0.0,0.0,0.0
5,3,0.0,0.0,0.0,1.0,0.0,0.0,0.0,0.0,0.0,0.0,0.0
5,3,0.0,0.0,0.0,1.0,0.0,0.0,0.0,0.0,0.0,0.0,0.0
5,3,0.0,0.0,0.0,1.0,0.0,0.0,0.0,0.0,0.0,0.0,0.0
5,3,0.0,0.0,0.0,1.0,0.0,0.0,0.0,0.0,0.0,0.0,0.0
5,3,0.0,0.0,0.0,1.0,0.0,0.0,0.0,0.0,0.0,0.0,0.0
5,3,0.0,0.0,0.0,1.0,0.0,0.0,0.0,0.0,0.0,0.0,0.0
5,3,0.0,0.0,0.0,1.0,0.0,0.0,0.0,0.0,0.0,0.0,0.0
5,3,0.0,0.0,0.0,1.0,0.0,0.0,0.0,0.0,0.0,0.0,0.0
5,3,0.0,0.0,0.0,1.0,0.0,0.0,0.0,0.0,0.0,0.0,0.0
5,3,0.0,0.0,0.0,1.0,0.0,0.0,0.0,0.0,0.0,0.0,0.0
5,3,0.0,0.0,0.0,1.0,0.0,0.0,0.0,0.0,0.0,0.0,0.0
5,3,0.0,0.0,0.0,1.0,0.0,0.0,0.0,0.0,0.0,0.0,0.0
5,3,0.0,0.0,0.0,1.0,0.0,0.0,0.0,0.0,0.0,0.0,0.0
5,3,0.0,0.0,0.0,1.0,0.0,0.0,0.0,0.0,0.0,0.0,0.0
5,3,0.0,0.0,0.0,1.0,0.0,0.0,0.0,0.0,0.0,0.0,0.0
5,3,0.0,0.0,0.0,1.0,0.0,0.0,0.0,0.0,0.0,0.0,0.0
5,3,0.0,0.0,0.0,1.0,0.0,0.0,0.0,0.0,0.0,0.0,0.0
5,3,0.0,0.0,0.0,1.0,0.0,0.0,0.0,0.0,0.0,0.0,0.0
5,3,0.0,0.0,0.0,1.0,0.0,0.0,0.0,0.0,0.0,0.0,0.0
5,3,0.0,0.0,0.0,1.0,0.0,0.0,0.0,0.0,0.0,0.0,0.0
5,3,0.0,0.0,0.0,1.0,0.0,0.0,0.0,0.0,0.0,0.0,0.0
5,3,0.0,0.0,0.0,1.0,0.0,0.0,0.0,0.0,0.0,0.0,0.0
5,3,0.0,0.0,0.0,1.0,0.0,0.0,0.0,0.0,0.0,0.0,0.0
5,3,0.0,0.0,0.0,1.0,0.0,0.0,0.0,0.0,0.0,0.0,0.0
5,3,0.0,0.0,0.0,1.0,0.0,0.0,0.0,0.0,0.0,0.0,0.0
5,3,0.0,0.0,0.0,1.0,0.0,0.0,0.0,0.0,0.0,0.0,0.0
5,3,0.0,0.0,0.0,1.0,0.0,0.0,0.0,0.0,0.0,0.0,0.0
5,3,0.0,0.0,0.0,1.0,0.0,0.0,0.0,0.0,0.0,0.0,0.0
5,3,0.0,0.0,0.0,1.0,0.0,0.0,0.0,0.0,0.0,0.0,0.0
5,3,0.0,0.0,0.0,1.0,0.0,0.0,0.0,0.0,0.0,0.0,0.0
5,3,0.0,0.0,0.0,1.0,0.0,0.0,0.0,0.0,0.0,0.0,0.0
5,3,0.0,0.0,0.0,1.0,0.0,0.0,0.0,0.0,0.0,0.0,0.0
5,3,0.0,0.0,0.0,1.0,0.0,0.0,0.0,0.0,0.0,0.0,0.0
5,3,0.0,0.0,0.0,1.0,0.0,0.0,0.0,0.0,0.0,0.0,0.0
5,3,0.0,0.0,0.0,1.0,0.0,0.0,0.0,0.0,0.0,0.0,0.0
5,3,0.0,0.0,0.0,1.0,0.0,0.0,0.0,0.0,0.0,0.0,0.0
5,3,0.0,0.0,0.0,1.0,0.0,0.0,0.0,0.0,0.0,0.0,0.0
5,3,0.0,0.0,0.0,1.0,0.0,0.0,0.0,0.0,0.0,0.0,0.0
5,3,0.0,0.0,0.0,1.0,0.0,0.0,0.0,0.0,0.0,0.0,0.0
5,3,0.0,0.0,0.0,1.0,0.0,0.0,0.0,0.0,0.0,0.0,0.0
5,3,0.0,0.0,0.0,1.0,0.0,0.0,0.0,0.0,0.0,0.0,0.0
5,3,0.0,0.0,0.0,1.0,0.0,0.0,0.0,0.0,0.0,0.0,0.0
5,3,0.0,0.0,0.0,1.0,0.0,0.0,0.0,0.0,0.0,0.0,0.0
5,3,0.0,0.0,0.0,1.0,0.0,0.0,0.0,0.0,0.0,0.0,0.0
5,3,0.0,0.0,0.0,1.0,0.0,0.0,0.0,0.0,0.0,0.0,0.0
5,3,0.0,0.0,0.0,1.0,0.0,0.0,0.0,0.0,0.0,0.0,0.0
5,3,0.0,0.0,0.0,1.0,0.0,0.0,0.0,0.0,0.0,0.0,0.0
5,3,0.0,0.0,0.0,1.0,0.0,0.0,0.0,0.0,0.0,0.0,0.0
5,3,0.0,0.0,0.0,1.0,0.0,0.0,0.0,0.0,0.0,0.0,0.0
5,3,0.0,0.0,0.0,1.0,0.0,0.0,0.0,0.0,0.0,0.0,0.0
5,3,0.0,0.0,0.0,1.0,0.0,0.0,0.0,0.0,0.0,0.0,0.0
5,3,0.0,0.0,0.0,1.0,0.0,0.0,0.0,0.0,0.0,0.0,0.0
5,3,0.0,0.0,0.0,1.0,0.0,0.0,0.0,0.0,0.0,0.0,0.0
5,3,0.0,0.0,0.0,1.0,0.0,0.0,0.0,0.0,0.0,0.0,0.0
5,3,0.0,0.0,0.0,1.0,0.0,0.0,0.0,0.0,0.0,0.0,0.0
5,3,0.0,0.0,0.0,1.0,0.0,0.0,0.0,0.0,0.0,0.0,0.0
5,3,0.0,0.0,0.0,1.0,0.0,0.0,0.0,0.0,0.0,0.0,0.0
5,3,0.0,0.0,0.0,1.0,0.0,0.0,0.0,0.0,0.0,0.0,0.0
5,3,0.0,0.0,0.0,1.0,0.0,0.0,0.0,0.0,0.0,0.0,0.0
5,3,0.0,0.0,0.0,1.0,0.0,0.0,0.0,0.0,0.0,0.0,0.0
5,3,0.0,0.0,0.0,1.0,0.0,0.0,0.0,0.0,0.0,0.0,0.0
5,3,0.0,0.0,0.0,1.0,0.0,0.0,0.0,0.0,0.0,0.0,0.0
5,3,0.0,0.0,0.0,1.0,0.0,0.0,0.0,0.0,0.0,0.0,0.0
5,3,0.0,0.0,0.0,1.0,0.0,0.0,0.0,0.0,0.0,0.0,0.0
5,3,0.0,0.0,0.0,1.0,0.0,0.0,0.0,0.0,0.0,0.0,0.0
5,3,0.0,0.0,0.0,1.0,0.0,0.0,0.0,0.0,0.0,0.0,0.0
5,3,0.0,0.0,0.0,1.0,0.0,0.0,0.0,0.0,0.0,0.0,0.0
5,3,0.0,0.0,0.0,1.0,0.0,0.0,0.0,0.0,0.0,0.0,0.0
5,3,0.0,0.0,0.0,1.0,0.0,0.0,0.0,0.0,0.0,0.0,0.0
5,3,0.0,0.0,0.0,1.0,0.0,0.0,0.0,0.0,0.0,0.0,0.0
5,3,0.0,0.0,0.0,1.0,0.0,0.0,0.0,0.0,0.0,0.0,0.0
5,3,0.0,0.0,0.0,1.0,0.0,0.0,0.0,0.0,0.0,0.0,0.0
5,3,0.0,0.0,0.0,1.0,0.0,0.0,0.0,0.0,0.0,0.0,0.0
5,3,0.0,0.0,0.0,1.0,0.0,0.0,0.0,0.0,0.0,0.0,0.0
5,3,0.0,0.0,0.0,1.0,0.0,0.0,0.0,0.0,0.0,0.0,0.0
5,3,0.0,0.0,0.0,1.0,0.0,0.0,0.0,0.0,0.0,0.0,0.0
5,3,0.0,0.0,0.0,1.0,0.0,0.0,0.0,0.0,0.0,0.0,0.0
5,3,0.0,0.0,0.0,1.0,0.0,0.0,0.0,0.0,0.0,0.0,0.0
5,3,0.0,0.0,0.0,1.0,0.0,0.0,0.0,0.0,0.0,0.0,0.0
5,3,0.0,0.0,0.0,1.0,0.0,0.0,0.0,0.0,0.0,0.0,0.0
5,3,0.0,0.0,0.0,1.0,0.0,0.0,0.0,0.0,0.0,0.0,0.0
5,3,0.0,0.0,0.0,1.0,0.0,0.0,0.0,0.0,0.0,0.0,0.0
5,3,0.0,0.0,0.0,1.0,0.0,0.0,0.0,0.0,0.0,0.0,0.0
5,3,0.0,0.0,0.0,1.0,0.0,0.0,0.0,0.0,0.0,0.0,0.0
5,3,0.0,0.0,0.0,1.0,0.0,0.0,0.0,0.0,0.0,0.0,0.0
5,3,0.0,0.0,0.0,1.0,0.0,0.0,0.0,0.0,0.0,0.0,0.0
5,3,0.0,0.0,0.0,1.0,0.0,0.0,0.0,0.0,0.0,0.0,0.0
5,3,0.0,0.0,0.0,1.0,0.0,0.0,0.0,0.0,0.0,0.0,0.0
5,3,0.0,0.0,0.0,1.0,0.0,0.0,0.0,0.0,0.0,0.0,0.0
5,3,0.0,0.0,0.0,1.0,0.0,0.0,0.0,0.0,0.0,0.0,0.0
5,3,0.0,0.0,0.0,1.0,0.0,0.0,0.0,0.0,0.0,0.0,0.0
5,3,0.0,0.0,0.0,1.0,0.0,0.0,0.0,0.0,0.0,0.0,0.0
5,3,0.0,0.0,0.0,1.0,0.0,0.0,0.0,0.0,0.0,0.0,0.0
5,3,0.0,0.0,0.0,1.0,0.0,0.0,0.0,0.0,0.0,0.0,0.0
5,3,0.0,0.0,0.0,1.0,0.0,0.0,0.0,0.0,0.0,0.0,0.0
5,3,0.0,0.0,0.0,1.0,0.0,0.0,0.0,0.0,0.0,0.0,0.0
5,3,0.0,0.0,0.0,1.0,0.0,0.0,0.0,0.0,0.0,0.0,0.0
5,3,0.0,0.0,0.0,1.0,0.0,0.0,0.0,0.0,0.0,0.0,0.0
5,3,0.0,0.0,0.0,1.0,0.0,0.0,0.0,0.0,0.0,0.0,0.0
5,3,0.0,0.0,0.0,1.0,0.0,0.0,0.0,0.0,0.0,0.0,0.0
5,3,0.0,0.0,0.0,1.0,0.0,0.0,0.0,0.0,0.0,0.0,0.0
5,3,0.0,0.0,0.0,1.0,0.0,0.0,0.0,0.0,0.0,0.0,0.0
5,3,0.0,0.0,0.0,1.0,0.0,0.0,0.0,0.0,0.0,0.0,0.0
5,3,0.0,0.0,0.0,1.0,0.0,0.0,0.0,0.0,0.0,0.0,0.0
5,3,0.0,0.0,0.0,1.0,0.0,0.0,0.0,0.0,0.0,0.0,0.0
5,3,0.0,0.0,0.0,1.0,0.0,0.0,0.0,0.0,0.0,0.0,0.0
5,3,0.0,0.0,0.0,1.0,0.0,0.0,0.0,0.0,0.0,0.0,0.0
5,3,0.0,0.0,0.0,1.0,0.0,0.0,0.0,0.0,0.0,0.0,0.0
5,3,0.0,0.0,0.0,1.0,0.0,0.0,0.0,0.0,0.0,0.0,0.0
5,3,0.0,0.0,0.0,1.0,0.0,0.0,0.0,0.0,0.0,0.0,0.0
5,3,0.0,0.0,0.0,1.0,0.0,0.0,0.0,0.0,0.0,0.0,0.0
5,3,0.0,0.0,0.0,1.0,0.0,0.0,0.0,0.0,0.0,0.0,0.0
5,3,0.0,0.0,0.0,1.0,0.0,0.0,0.0,0.0,0.0,0.0,0.0
5,3,0.0,0.0,0.0,1.0,0.0,0.0,0.0,0.0,0.0,0.0,0.0
5,3,0.0,0.0,0.0,1.0,0.0,0.0,0.0,0.0,0.0,0.0,0.0
5,3,0.0,0.0,0.0,1.0,0.0,0.0,0.0,0.0,0.0,0.0,0.0
5,3,0.0,0.0,0.0,1.0,0.0,0.0,0.0,0.0,0.0,0.0,0.0
5,3,0.0,0.0,0.0,1.0,0.0,0.0,0.0,0.0,0.0,0.0,0.0
5,3,0.0,0.0,0.0,1.0,0.0,0.0,0.0,0.0,0.0,0.0,0.0
5,3,0.0,0.0,0.0,1.0,0.0,0.0,0.0,0.0,0.0,0.0,0.0
5,3,0.0,0.0,0.0,1.0,0.0,0.0,0.0,0.0,0.0,0.0,0.0
5,3,0.0,0.0,0.0,1.0,0.0,0.0,0.0,0.0,0.0,0.0,0.0
5,3,0.0,0.0,0.0,1.0,0.0,0.0,0.0,0.0,0.0,0.0,0.0
5,3,0.0,0.0,0.0,1.0,0.0,0.0,0.0,0.0,0.0,0.0,0.0
5,3,0.0,0.0,0.0,1.0,0.0,0.0,0.0,0.0,0.0,0.0,0.0
5,3,0.0,0.0,0.0,1.0,0.0,0.0,0.0,0.0,0.0,0.0,0.0
5,3,0.0,0.0,0.0,1.0,0.0,0.0,0.0,0.0,0.0,0.0,0.0
5,3,0.0,0.0,0.0,1.0,0.0,0.0,0.0,0.0,0.0,0.0,0.0
5,3,0.0,0.0,0.0,1.0,0.0,0.0,0.0,0.0,0.0,0.0,0.0
5,3,0.0,0.0,0.0,1.0,0.0,0.0,0.0,0.0,0.0,0.0,0.0
5,3,0.0,0.0,0.0,1.0,0.0,0.0,0.0,0.0,0.0,0.0,0.0
5,3,0.0,0.0,0.0,1.0,0.0,0.0,0.0,0.0,0.0,0.0,0.0
5,3,0.0,0.0,0.0,1.0,0.0,0.0,0.0,0.0,0.0,0.0,0.0
5,3,0.0,0.0,0.0,1.0,0.0,0.0,0.0,0.0,0.0,0.0,0.0
5,3,0.0,0.0,0.0,1.0,0.0,0.0,0.0,0.0,0.0,0.0,0.0
5,3,0.0,0.0,0.0,1.0,0.0,0.0,0.0,0.0,0.0,0.0,0.0
5,3,0.0,0.0,0.0,1.0,0.0,0.0,0.0,0.0,0.0,0.0,0.0
5,3,0.0,0.0,0.0,1.0,0.0,0.0,0.0,0.0,0.0,0.0,0.0
5,3,0.0,0.0,0.0,1.0,0.0,0.0,0.0,0.0,0.0,0.0,0.0
5,3,0.0,0.0,0.0,1.0,0.0,0.0,0.0,0.0,0.0,0.0,0.0
5,3,0.0,0.0,0.0,1.0,0.0,0.0,0.0,0.0,0.0,0.0,0.0
5,3,0.0,0.0,0.0,1.0,0.0,0.0,0.0,0.0,0.0,0.0,0.0
5,3,0.0,0.0,0.0,1.0,0.0,0.0,0.0,0.0,0.0,0.0,0.0
5,3,0.0,0.0,0.0,1.0,0.0,0.0,0.0,0.0,0.0,0.0,0.0
5,3,0.0,0.0,0.0,1.0,0.0,0.0,0.0,0.0,0.0,0.0,0.0
5,3,0.0,0.0,0.0,1.0,0.0,0.0,0.0,0.0,0.0,0.0,0.0
5,3,0.0,0.0,0.0,1.0,0.0,0.0,0.0,0.0,0.0,0.0,0.0
5,3,0.0,0.0,0.0,1.0,0.0,0.0,0.0,0.0,0.0,0.0,0.0
5,3,0.0,0.0,0.0,1.0,0.0,0.0,0.0,0.0,0.0,0.0,0.0
5,3,0.0,0.0,0.0,1.0,0.0,0.0,0.0,0.0,0.0,0.0,0.0
5,3,0.0,0.0,0.0,1.0,0.0,0.0,0.0,0.0,0.0,0.0,0.0
5,3,0.0,0.0,0.0,1.0,0.0,0.0,0.0,0.0,0.0,0.0,0.0
5,3,0.0,0.0,0.0,1.0,0.0,0.0,0.0,0.0,0.0,0.0,0.0
5,3,0.0,0.0,0.0,1.0,0.0,0.0,0.0,0.0,0.0,0.0,0.0
5,3,0.0,0.0,0.0,1.0,0.0,0.0,0.0,0.0,0.0,0.0,0.0
5,3,0.0,0.0,0.0,1.0,0.0,0.0,0.0,0.0,0.0,0.0,0.0
5,3,0.0,0.0,0.0,1.0,0.0,0.0,0.0,0.0,0.0,0.0,0.0
5,3,0.0,0.0,0.0,1.0,0.0,0.0,0.0,0.0,0.0,0.0,0.0
5,3,0.0,0.0,0.0,1.0,0.0,0.0,0.0,0.0,0.0,0.0,0.0
5,3,0.0,0.0,0.0,1.0,0.0,0.0,0.0,0.0,0.0,0.0,0.0
5,3,0.0,0.0,0.0,1.0,0.0,0.0,0.0,0.0,0.0,0.0,0.0
5,3,0.0,0.0,0.0,1.0,0.0,0.0,0.0,0.0,0.0,0.0,0.0
5,3,0.0,0.0,0.0,1.0,0.0,0.0,0.0,0.0,0.0,0.0,0.0
5,3,0.0,0.0,0.0,1.0,0.0,0.0,0.0,0.0,0.0,0.0,0.0
5,3,0.0,0.0,0.0,1.0,0.0,0.0,0.0,0.0,0.0,0.0,0.0
5,3,0.0,0.0,0.0,1.0,0.0,0.0,0.0,0.0,0.0,0.0,0.0
5,3,0.0,0.0,0.0,1.0,0.0,0.0,0.0,0.0,0.0,0.0,0.0
5,3,0.0,0.0,0.0,1.0,0.0,0.0,0.0,0.0,0.0,0.0,0.0
5,3,0.0,0.0,0.0,1.0,0.0,0.0,0.0,0.0,0.0,0.0,0.0
5,3,0.0,0.0,0.0,1.0,0.0,0.0,0.0,0.0,0.0,0.0,0.0
5,3,0.0,0.0,0.0,1.0,0.0,0.0,0.0,0.0,0.0,0.0,0.0
5,3,0.0,0.0,0.0,1.0,0.0,0.0,0.0,0.0,0.0,0.0,0.0
5,3,0.0,0.0,0.0,1.0,0.0,0.0,0.0,0.0,0.0,0.0,0.0
5,3,0.0,0.0,0.0,1.0,0.0,0.0,0.0,0.0,0.0,0.0,0.0
5,3,0.0,0.0,0.0,1.0,0.0,0.0,0.0,0.0,0.0,0.0,0.0
5,3,0.0,0.0,0.0,1.0,0.0,0.0,0.0,0.0,0.0,0.0,0.0
5,3,0.0,0.0,0.0,1.0,0.0,0.0,0.0,0.0,0.0,0.0,0.0
5,3,0.0,0.0,0.0,1.0,0.0,0.0,0.0,0.0,0.0,0.0,0.0
5,3,0.0,0.0,0.0,1.0,0.0,0.0,0.0,0.0,0.0,0.0,0.0
5,3,0.0,0.0,0.0,1.0,0.0,0.0,0.0,0.0,0.0,0.0,0.0
5,3,0.0,0.0,0.0,1.0,0.0,0.0,0.0,0.0,0.0,0.0,0.0
5,3,0.0,0.0,0.0,1.0,0.0,0.0,0.0,0.0,0.0,0.0,0.0
5,3,0.0,0.0,0.0,1.0,0.0,0.0,0.0,0.0,0.0,0.0,0.0
5,3,0.0,0.0,0.0,1.0,0.0,0.0,0.0,0.0,0.0,0.0,0.0
5,3,0.0,0.0,0.0,1.0,0.0,0.0,0.0,0.0,0.0,0.0,0.0
5,3,0.0,0.0,0.0,1.0,0.0,0.0,0.0,0.0,0.0,0.0,0.0
5,3,0.0,0.0,0.0,1.0,0.0,0.0,0.0,0.0,0.0,0.0,0.0
5,3,0.0,0.0,0.0,1.0,0.0,0.0,0.0,0.0,0.0,0.0,0.0
5,3,0.0,0.0,0.0,1.0,0.0,0.0,0.0,0.0,0.0,0.0,0.0
5,3,0.0,0.0,0.0,1.0,0.0,0.0,0.0,0.0,0.0,0.0,0.0
5,3,0.0,0.0,0.0,1.0,0.0,0.0,0.0,0.0,0.0,0.0,0.0
5,3,0.0,0.0,0.0,1.0,0.0,0.0,0.0,0.0,0.0,0.0,0.0
5,3,0.0,0.0,0.0,1.0,0.0,0.0,0.0,0.0,0.0,0.0,0.0
5,3,0.0,0.0,0.0,1.0,0.0,0.0,0.0,0.0,0.0,0.0,0.0
5,3,0.0,0.0,0.0,1.0,0.0,0.0,0.0,0.0,0.0,0.0,0.0
5,3,0.0,0.0,0.0,1.0,0.0,0.0,0.0,0.0,0.0,0.0,0.0
5,3,0.0,0.0,0.0,1.0,0.0,0.0,0.0,0.0,0.0,0.0,0.0
5,3,0.0,0.0,0.0,1.0,0.0,0.0,0.0,0.0,0.0,0.0,0.0
5,3,0.0,0.0,0.0,1.0,0.0,0.0,0.0,0.0,0.0,0.0,0.0
5,3,0.0,0.0,0.0,1.0,0.0,0.0,0.0,0.0,0.0,0.0,0.0
5,3,0.0,0.0,0.0,1.0,0.0,0.0,0.0,0.0,0.0,0.0,0.0
5,3,0.0,0.0,0.0,1.0,0.0,0.0,0.0,0.0,0.0,0.0,0.0
5,3,0.0,0.0,0.0,1.0,0.0,0.0,0.0,0.0,0.0,0.0,0.0
5,3,0.0,0.0,0.0,1.0,0.0,0.0,0.0,0.0,0.0,0.0,0.0
5,3,0.0,0.0,0.0,1.0,0.0,0.0,0.0,0.0,0.0,0.0,0.0
5,3,0.0,0.0,0.0,1.0,0.0,0.0,0.0,0.0,0.0,0.0,0.0
5,3,0.0,0.0,0.0,1.0,0.0,0.0,0.0,0.0,0.0,0.0,0.0
5,3,0.0,0.0,0.0,1.0,0.0,0.0,0.0,0.0,0.0,0.0,0.0
5,3,0.0,0.0,0.0,1.0,0.0,0.0,0.0,0.0,0.0,0.0,0.0
5,3,0.0,0.0,0.0,1.0,0.0,0.0,0.0,0.0,0.0,0.0,0.0
5,3,0.0,0.0,0.0,1.0,0.0,0.0,0.0,0.0,0.0,0.0,0.0
5,3,0.0,0.0,0.0,1.0,0.0,0.0,0.0,0.0,0.0,0.0,0.0
5,3,0.0,0.0,0.0,1.0,0.0,0.0,0.0,0.0,0.0,0.0,0.0
5,3,0.0,0.0,0.0,1.0,0.0,0.0,0.0,0.0,0.0,0.0,0.0
5,3,0.0,0.0,0.0,1.0,0.0,0.0,0.0,0.0,0.0,0.0,0.0
5,3,0.0,0.0,0.0,1.0,0.0,0.0,0.0,0.0,0.0,0.0,0.0
5,3,0.0,0.0,0.0,1.0,0.0,0.0,0.0,0.0,0.0,0.0,0.0
5,3,0.0,0.0,0.0,1.0,0.0,0.0,0.0,0.0,0.0,0.0,0.0
5,3,0.0,0.0,0.0,1.0,0.0,0.0,0.0,0.0,0.0,0.0,0.0
5,3,0.0,0.0,0.0,1.0,0.0,0.0,0.0,0.0,0.0,0.0,0.0
5,3,0.0,0.0,0.0,1.0,0.0,0.0,0.0,0.0,0.0,0.0,0.0
5,3,0.0,0.0,0.0,1.0,0.0,0.0,0.0,0.0,0.0,0.0,0.0
5,3,0.0,0.0,0.0,1.0,0.0,0.0,0.0,0.0,0.0,0.0,0.0
5,3,0.0,0.0,0.0,1.0,0.0,0.0,0.0,0.0,0.0,0.0,0.0
5,3,0.0,0.0,0.0,1.0,0.0,0.0,0.0,0.0,0.0,0.0,0.0
5,3,0.0,0.0,0.0,1.0,0.0,0.0,0.0,0.0,0.0,0.0,0.0
5,3,0.0,0.0,0.0,1.0,0.0,0.0,0.0,0.0,0.0,0.0,0.0
5,3,0.0,0.0,0.0,1.0,0.0,0.0,0.0,0.0,0.0,0.0,0.0
5,3,0.0,0.0,0.0,1.0,0.0,0.0,0.0,0.0,0.0,0.0,0.0
5,3,0.0,0.0,0.0,1.0,0.0,0.0,0.0,0.0,0.0,0.0,0.0
5,3,0.0,0.0,0.0,1.0,0.0,0.0,0.0,0.0,0.0,0.0,0.0
5,3,0.0,0.0,0.0,1.0,0.0,0.0,0.0,0.0,0.0,0.0,0.0
5,3,0.0,0.0,0.0,1.0,0.0,0.0,0.0,0.0,0.0,0.0,0.0
5,3,0.0,0.0,0.0,1.0,0.0,0.0,0.0,0.0,0.0,0.0,0.0
5,3,0.0,0.0,0.0,1.0,0.0,0.0,0.0,0.0,0.0,0.0,0.0
5,3,0.0,0.0,0.0,1.0,0.0,0.0,0.0,0.0,0.0,0.0,0.0
5,3,0.0,0.0,0.0,1.0,0.0,0.0,0.0,0.0,0.0,0.0,0.0
5,3,0.0,0.0,0.0,1.0,0.0,0.0,0.0,0.0,0.0,0.0,0.0
5,3,0.0,0.0,0.0,1.0,0.0,0.0,0.0,0.0,0.0,0.0,0.0
5,3,0.0,0.0,0.0,1.0,0.0,0.0,0.0,0.0,0.0,0.0,0.0
5,3,0.0,0.0,0.0,1.0,0.0,0.0,0.0,0.0,0.0,0.0,0.0
5,3,0.0,0.0,0.0,1.0,0.0,0.0,0.0,0.0,0.0,0.0,0.0
5,3,0.0,0.0,0.0,1.0,0.0,0.0,0.0,0.0,0.0,0.0,0.0
5,3,0.0,0.0,0.0,1.0,0.0,0.0,0.0,0.0,0.0,0.0,0.0
5,3,0.0,0.0,0.0,1.0,0.0,0.0,0.0,0.0,0.0,0.0,0.0
5,3,0.0,0.0,0.0,1.0,0.0,0.0,0.0,0.0,0.0,0.0,0.0
5,3,0.0,0.0,0.0,1.0,0.0,0.0,0.0,0.0,0.0,0.0,0.0
5,3,0.0,0.0,0.0,1.0,0.0,0.0,0.0,0.0,0.0,0.0,0.0
5,3,0.0,0.0,0.0,1.0,0.0,0.0,0.0,0.0,0.0,0.0,0.0
5,3,0.0,0.0,0.0,1.0,0.0,0.0,0.0,0.0,0.0,0.0,0.0
5,3,0.0,0.0,0.0,1.0,0.0,0.0,0.0,0.0,0.0,0.0,0.0
5,3,0.0,0.0,0.0,1.0,0.0,0.0,0.0,0.0,0.0,0.0,0.0
5,3,0.0,0.0,0.0,1.0,0.0,0.0,0.0,0.0,0.0,0.0,0.0
5,3,0.0,0.0,0.0,1.0,0.0,0.0,0.0,0.0,0.0,0.0,0.0
5,3,0.0,0.0,0.0,1.0,0.0,0.0,0.0,0.0,0.0,0.0,0.0
5,3,0.0625,0.0,0.0,0.9375,0.0,0.0,0.0,0.0,0.0,0.0,0.0
5,3,0.0625,0.0,0.0,0.9375,0.0,0.0,0.0,0.0,0.0,0.0,0.0
5,3,0.0625,0.0,0.0,0.9375,0.0,0.0,0.0,0.0,0.0,0.0,0.0
5,3,0.0625,0.0,0.0,0.9375,0.0,0.0,0.0,0.0,0.0,0.0,0.0
5,3,0.0625,0.0,0.0,0.9375,0.0,0.0,0.0,0.0,0.0,0.0,0.0
5,3,0.0625,0.0,0.0,0.9375,0.0,0.0,0.0,0.0,0.0,0.0,0.0
5,3,0.0625,0.0,0.0,0.9375,0.0,0.0,0.0,0.0,0.0,0.0,0.0
5,3,0.0625,0.0,0.0,0.9375,0.0,0.0,0.0,0.0,0.0,0.0,0.0
5,3,0.0625,0.0,0.0,0.9375,0.0,0.0,0.0,0.0,0.0,0.0,0.0
5,3,0.0625,0.0,0.0,0.9375,0.0,0.0,0.0,0.0,0.0,0.0,0.0
5,3,0.0625,0.0,0.0,0.9375,0.0,0.0,0.0,0.0,0.0,0.0,0.0
5,3,0.0625,0.0,0.0,0.9375,0.0,0.0,0.0,0.0,0.0,0.0,0.0
5,3,0.0625,0.0,0.0,0.9375,0.0,0.0,0.0,0.0,0.0,0.0,0.0
5,3,0.0625,0.0,0.0,0.9375,0.0,0.0,0.0,0.0,0.0,0.0,0.0
5,3,0.0625,0.0,0.0,0.9375,0.0,0.0,0.0,0.0,0.0,0.0,0.0
5,3,0.0625,0.0,0.0,0.9375,0.0,0.0,0.0,0.0,0.0,0.0,0.0
5,3,0.0625,0.0,0.0,0.9375,0.0,0.0,0.0,0.0,0.0,0.0,0.0
5,3,0.0625,0.0,0.0,0.9375,0.0,0.0,0.0,0.0,0.0,0.0,0.0
5,3,0.0625,0.0,0.0,0.9375,0.0,0.0,0.0,0.0,0.0,0.0,0.0
5,3,0.0625,0.0,0.0,0.9375,0.0,0.0,0.0,0.0,0.0,0.0,0.0
5,3,0.0625,0.0,0.0,0.9375,0.0,0.0,0.0,0.0,0.0,0.0,0.0
5,3,0.0625,0.0,0.0,0.9375,0.0,0.0,0.0,0.0,0.0,0.0,0.0
5,3,0.0625,0.0,0.0,0.9375,0.0,0.0,0.0,0.0,0.0,0.0,0.0
5,3,0.0625,0.0,0.0,0.9375,0.0,0.0,0.0,0.0,0.0,0.0,0.0
5,3,0.0625,0.0,0.0,0.9375,0.0,0.0,0.0,0.0,0.0,0.0,0.0
5,3,0.0625,0.0,0.0,0.9375,0.0,0.0,0.0,0.0,0.0,0.0,0.0
5,3,0.0625,0.0,0.0,0.9375,0.0,0.0,0.0,0.0,0.0,0.0,0.0
5,3,0.0625,0.0,0.0,0.9375,0.0,0.0,0.0,0.0,0.0,0.0,0.0
5,3,0.0625,0.0,0.0,0.9375,0.0,0.0,0.0,0.0,0.0,0.0,0.0
5,3,0.0625,0.0,0.0,0.9375,0.0,0.0,0.0,0.0,0.0,0.0,0.0
5,3,0.0625,0.0,0.0,0.9375,0.0,0.0,0.0,0.0,0.0,0.0,0.0
5,3,0.0625,0.0,0.0,0.9375,0.0,0.0,0.0,0.0,0.0,0.0,0.0
5,3,0.0625,0.0,0.0,0.9375,0.0,0.0,0.0,0.0,0.0,0.0,0.0
5,3,0.0625,0.0,0.0,0.9375,0.0,0.0,0.0,0.0,0.0,0.0,0.0
5,3,0.0625,0.0,0.0,0.9375,0.0,0.0,0.0,0.0,0.0,0.0,0.0
5,3,0.0625,0.0,0.0,0.9375,0.0,0.0,0.0,0.0,0.0,0.0,0.0
5,3,0.0625,0.0,0.0,0.9375,0.0,0.0,0.0,0.0,0.0,0.0,0.0
5,3,0.0625,0.0,0.0,0.9375,0.0,0.0,0.0,0.0,0.0,0.0,0.0
5,3,0.0625,0.0,0.0,0.9375,0.0,0.0,0.0,0.0,0.0,0.0,0.0
5,3,0.0625,0.0,0.0,0.9375,0.0,0.0,0.0,0.0,0.0,0.0,0.0
5,3,0.0625,0.0,0.0,0.9375,0.0,0.0,0.0,0.0,0.0,0.0,0.0
5,3,0.0625,0.0,0.0,0.9375,0.0,0.0,0.0,0.0,0.0,0.0,0.0
5,3,0.0625,0.0,0.0,0.9375,0.0,0.0,0.0,0.0,0.0,0.0,0.0
5,3,0.0625,0.0,0.0,0.9375,0.0,0.0,0.0,0.0,0.0,0.0,0.0
5,3,0.0625,0.0,0.0,0.9375,0.0,0.0,0.0,0.0,0.0,0.0,0.0
5,3,0.0625,0.0,0.0,0.9375,0.0,0.0,0.0,0.0,0.0,0.0,0.0
5,3,0.0625,0.0,0.0,0.9375,0.0,0.0,0.0,0.0,0.0,0.0,0.0
5,3,0.0625,0.0,0.0,0.9375,0.0,0.0,0.0,0.0,0.0,0.0,0.0
5,3,0.0625,0.0,0.0,0.9375,0.0,0.0,0.0,0.0,0.0,0.0,0.0
5,3,0.0625,0.0,0.0,0.9375,0.0,0.0,0.0,0.0,0.0,0.0,0.0
5,3,0.0625,0.0,0.0,0.9375,0.0,0.0,0.0,0.0,0.0,0.0,0.0
5,3,0.0625,0.0,0.0,0.9375,0.0,0.0,0.0,0.0,0.0,0.0,0.0
5,3,0.0625,0.0,0.0,0.9375,0.0,0.0,0.0,0.0,0.0,0.0,0.0
5,3,0.0625,0.0,0.0,0.9375,0.0,0.0,0.0,0.0,0.0,0.0,0.0
5,3,0.0625,0.0,0.0,0.9375,0.0,0.0,0.0,0.0,0.0,0.0,0.0
5,3,0.0625,0.0,0.0,0.9375,0.0,0.0,0.0,0.0,0.0,0.0,0.0
5,3,0.0625,0.0,0.0,0.9375,0.0,0.0,0.0,0.0,0.0,0.0,0.0
5,3,0.0625,0.0,0.0,0.9375,0.0,0.0,0.0,0.0,0.0,0.0,0.0
5,3,0.0625,0.0,0.0,0.9375,0.0,0.0,0.0,0.0,0.0,0.0,0.0
5,3,0.0625,0.0,0.0,0.9375,0.0,0.0,0.0,0.0,0.0,0.0,0.0
5,3,0.0625,0.0,0.0,0.9375,0.0,0.0,0.0,0.0,0.0,0.0,0.0
5,3,0.0625,0.0,0.0,0.9375,0.0,0.0,0.0,0.0,0.0,0.0,0.0
5,3,0.0625,0.0,0.0,0.9375,0.0,0.0,0.0,0.0,0.0,0.0,0.0
5,3,0.0625,0.0,0.0,0.9375,0.0,0.0,0.0,0.0,0.0,0.0,0.0
5,3,0.0625,0.0,0.0,0.9375,0.0,0.0,0.0,0.0,0.0,0.0,0.0
5,3,0.0625,0.0,0.0,0.9375,0.0,0.0,0.0,0.0,0.0,0.0,0.0
5,3,0.0625,0.0,0.0,0.9375,0.0,0.0,0.0,0.0,0.0,0.0,0.0
5,3,0.0625,0.0,0.0,0.9375,0.0,0.0,0.0,0.0,0.0,0.0,0.0
5,3,0.0625,0.0,0.0,0.9375,0.0,0.0,0.0,0.0,0.0,0.0,0.0
5,3,0.0625,0.0,0.0,0.9375,0.0,0.0,0.0,0.0,0.0,0.0,0.0
5,3,0.0625,0.0,0.0,0.9375,0.0,0.0,0.0,0.0,0.0,0.0,0.0
5,3,0.0625,0.0,0.0,0.9375,0.0,0.0,0.0,0.0,0.0,0.0,0.0
5,3,0.0625,0.0,0.0,0.9375,0.0,0.0,0.0,0.0,0.0,0.0,0.0
5,3,0.0625,0.0,0.0,0.9375,0.0,0.0,0.0,0.0,0.0,0.0,0.0
5,3,0.0625,0.0,0.0,0.9375,0.0,0.0,0.0,0.0,0.0,0.0,0.0
5,3,0.0625,0.0,0.0,0.9375,0.0,0.0,0.0,0.0,0.0,0.0,0.0
5,3,0.0625,0.0,0.0,0.9375,0.0,0.0,0.0,0.0,0.0,0.0,0.0
5,3,0.0625,0.0,0.0,0.9375,0.0,0.0,0.0,0.0,0.0,0.0,0.0
5,3,0.0625,0.0,0.0,0.9375,0.0,0.0,0.0,0.0,0.0,0.0,0.0
5,3,0.0625,0.0,0.0,0.9375,0.0,0.0,0.0,0.0,0.0,0.0,0.0
5,3,0.0625,0.0,0.0,0.9375,0.0,0.0,0.0,0.0,0.0,0.0,0.0
5,3,0.0625,0.0,0.0,0.9375,0.0,0.0,0.0,0.0,0.0,0.0,0.0
5,3,0.0625,0.0,0.0,0.9375,0.0,0.0,0.0,0.0,0.0,0.0,0.0
5,3,0.0625,0.0,0.0,0.9375,0.0,0.0,0.0,0.0,0.0,0.0,0.0
5,3,0.0625,0.0,0.0,0.9375,0.0,0.0,0.0,0.0,0.0,0.0,0.0
5,3,0.0625,0.0,0.0,0.9375,0.0,0.0,0.0,0.0,0.0,0.0,0.0
5,3,0.0625,0.0,0.0,0.9375,0.0,0.0,0.0,0.0,0.0,0.0,0.0
5,3,0.0625,0.0,0.0,0.9375,0.0,0.0,0.0,0.0,0.0,0.0,0.0
5,3,0.0625,0.0,0.0,0.9375,0.0,0.0,0.0,0.0,0.0,0.0,0.0
5,3,0.0625,0.0,0.0,0.9375,0.0,0.0,0.0,0.0,0.0,0.0,0.0
5,3,0.0625,0.0,0.0,0.9375,0.0,0.0,0.0,0.0,0.0,0.0,0.0
5,3,0.0625,0.0,0.0,0.9375,0.0,0.0,0.0,0.0,0.0,0.0,0.0
5,3,0.0625,0.0,0.0,0.9375,0.0,0.0,0.0,0.0,0.0,0.0,0.0
5,3,0.0625,0.0,0.0,0.9375,0.0,0.0,0.0,0.0,0.0,0.0,0.0
5,3,0.0625,0.0,0.0,0.9375,0.0,0.0,0.0,0.0,0.0,0.0,0.0
5,3,0.0625,0.0,0.0,0.9375,0.0,0.0,0.0,0.0,0.0,0.0,0.0
5,3,0.0625,0.0,0.0,0.9375,0.0,0.0,0.0,0.0,0.0,0.0,0.0
5,3,0.0625,0.0,0.0,0.9375,0.0,0.0,0.0,0.0,0.0,0.0,0.0
5,3,0.0625,0.0,0.0,0.9375,0.0,0.0,0.0,0.0,0.0,0.0,0.0
5,3,0.0625,0.0,0.0,0.9375,0.0,0.0,0.0,0.0,0.0,0.0,0.0
5,3,0.0625,0.0,0.0,0.9375,0.0,0.0,0.0,0.0,0.0,0.0,0.0
5,3,0.0625,0.0,0.0,0.9375,0.0,0.0,0.0,0.0,0.0,0.0,0.0
5,3,0.0625,0.0,0.0,0.9375,0.0,0.0,0.0,0.0,0.0,0.0,0.0
5,3,0.0625,0.0,0.0,0.9375,0.0,0.0,0.0,0.0,0.0,0.0,0.0
5,3,0.0625,0.0,0.0,0.9375,0.0,0.0,0.0,0.0,0.0,0.0,0.0
5,3,0.0625,0.0,0.0,0.9375,0.0,0.0,0.0,0.0,0.0,0.0,0.0
5,3,0.0625,0.0,0.0,0.9375,0.0,0.0,0.0,0.0,0.0,0.0,0.0
5,3,0.0625,0.0,0.0,0.9375,0.0,0.0,0.0,0.0,0.0,0.0,0.0
5,3,0.0625,0.0,0.0,0.9375,0.0,0.0,0.0,0.0,0.0,0.0,0.0
5,3,0.0625,0.0,0.0,0.9375,0.0,0.0,0.0,0.0,0.0,0.0,0.0
5,3,0.0625,0.0,0.0,0.9375,0.0,0.0,0.0,0.0,0.0,0.0,0.0
5,3,0.0625,0.0,0.0,0.9375,0.0,0.0,0.0,0.0,0.0,0.0,0.0
5,3,0.0625,0.0,0.0,0.9375,0.0,0.0,0.0,0.0,0.0,0.0,0.0
5,3,0.0625,0.0,0.0,0.9375,0.0,0.0,0.0,0.0,0.0,0.0,0.0
5,3,0.0625,0.0,0.0,0.9375,0.0,0.0,0.0,0.0,0.0,0.0,0.0
5,3,0.0625,0.0,0.0,0.9375,0.0,0.0,0.0,0.0,0.0,0.0,0.0
5,3,0.0625,0.0,0.0,0.9375,0.0,0.0,0.0,0.0,0.0,0.0,0.0
5,3,0.0625,0.0,0.0,0.9375,0.0,0.0,0.0,0.0,0.0,0.0,0.0
5,3,0.0625,0.0,0.0,0.9375,0.0,0.0,0.0,0.0,0.0,0.0,0.0
5,3,0.0625,0.0,0.0,0.9375,0.0,0.0,0.0,0.0,0.0,0.0,0.0
5,3,0.0625,0.0,0.0,0.9375,0.0,0.0,0.0,0.0,0.0,0.0,0.0
5,3,0.0625,0.0,0.0,0.9375,0.0,0.0,0.0,0.0,0.0,0.0,0.0
5,3,0.0625,0.0,0.0,0.9375,0.0,0.0,0.0,0.0,0.0,0.0,0.0
5,3,0.0625,0.0,0.0,0.9375,0.0,0.0,0.0,0.0,0.0,0.0,0.0
5,3,0.0625,0.0,0.0,0.9375,0.0,0.0,0.0,0.0,0.0,0.0,0.0
5,3,0.0625,0.0,0.0,0.9375,0.0,0.0,0.0,0.0,0.0,0.0,0.0
5,3,0.0625,0.0,0.0,0.9375,0.0,0.0,0.0,0.0,0.0,0.0,0.0
5,3,0.0625,0.0,0.0,0.9375,0.0,0.0,0.0,0.0,0.0,0.0,0.0
5,3,0.0625,0.0,0.0,0.9375,0.0,0.0,0.0,0.0,0.0,0.0,0.0
5,3,0.0625,0.0,0.0,0.9375,0.0,0.0,0.0,0.0,0.0,0.0,0.0
5,3,0.0625,0.0,0.0,0.9375,0.0,0.0,0.0,0.0,0.0,0.0,0.0
5,3,0.0625,0.0,0.0,0.9375,0.0,0.0,0.0,0.0,0.0,0.0,0.0
5,3,0.0,0.0,0.0,1.0,0.0,0.0,0.0,0.0,0.0,0.0,0.0
5,3,0.0,0.0,0.0,1.0,0.0,0.0,0.0,0.0,0.0,0.0,0.0
5,3,0.0,0.0,0.0,1.0,0.0,0.0,0.0,0.0,0.0,0.0,0.0
5,3,0.0,0.0,0.0,1.0,0.0,0.0,0.0,0.0,0.0,0.0,0.0
5,3,0.0,0.0,0.0,1.0,0.0,0.0,0.0,0.0,0.0,0.0,0.0
5,3,0.0,0.0,0.0,1.0,0.0,0.0,0.0,0.0,0.0,0.0,0.0
5,3,0.0,0.0,0.0,1.0,0.0,0.0,0.0,0.0,0.0,0.0,0.0
5,3,0.0,0.0,0.0,1.0,0.0,0.0,0.0,0.0,0.0,0.0,0.0
5,3,0.0,0.0,0.0,1.0,0.0,0.0,0.0,0.0,0.0,0.0,0.0
5,3,0.0,0.0,0.0,1.0,0.0,0.0,0.0,0.0,0.0,0.0,0.0
5,3,0.0,0.0,0.0,1.0,0.0,0.0,0.0,0.0,0.0,0.0,0.0
5,3,0.0,0.0,0.0,1.0,0.0,0.0,0.0,0.0,0.0,0.0,0.0
5,3,0.0,0.0,0.0,1.0,0.0,0.0,0.0,0.0,0.0,0.0,0.0
5,3,0.0,0.0,0.0,1.0,0.0,0.0,0.0,0.0,0.0,0.0,0.0
5,3,0.0,0.0,0.0,1.0,0.0,0.0,0.0,0.0,0.0,0.0,0.0
5,3,0.0,0.0,0.0,1.0,0.0,0.0,0.0,0.0,0.0,0.0,0.0
5,3,0.0,0.0,0.0,1.0,0.0,0.0,0.0,0.0,0.0,0.0,0.0
5,3,0.0,0.0,0.0,1.0,0.0,0.0,0.0,0.0,0.0,0.0,0.0
5,3,0.0,0.0,0.0,1.0,0.0,0.0,0.0,0.0,0.0,0.0,0.0
5,3,0.0,0.0,0.0,1.0,0.0,0.0,0.0,0.0,0.0,0.0,0.0
5,3,0.0,0.0,0.0,1.0,0.0,0.0,0.0,0.0,0.0,0.0,0.0
5,3,0.0,0.0,0.0,1.0,0.0,0.0,0.0,0.0,0.0,0.0,0.0
5,3,0.0,0.0,0.0,1.0,0.0,0.0,0.0,0.0,0.0,0.0,0.0
5,3,0.0,0.0,0.0,1.0,0.0,0.0,0.0,0.0,0.0,0.0,0.0
5,3,0.0,0.0,0.0,1.0,0.0,0.0,0.0,0.0,0.0,0.0,0.0
5,3,0.0,0.0,0.0,1.0,0.0,0.0,0.0,0.0,0.0,0.0,0.0
5,3,0.0,0.0,0.0,1.0,0.0,0.0,0.0,0.0,0.0,0.0,0.0
5,3,0.0,0.0,0.0,1.0,0.0,0.0,0.0,0.0,0.0,0.0,0.0
5,3,0.0,0.0,0.0,1.0,0.0,0.0,0.0,0.0,0.0,0.0,0.0
5,3,0.0,0.0,0.0,1.0,0.0,0.0,0.0,0.0,0.0,0.0,0.0
5,3,0.0,0.0,0.0,1.0,0.0,0.0,0.0,0.0,0.0,0.0,0.0
5,3,0.0,0.0,0.0,1.0,0.0,0.0,0.0,0.0,0.0,0.0,0.0
5,3,0.0,0.0,0.0,1.0,0.0,0.0,0.0,0.0,0.0,0.0,0.0
5,3,0.0,0.0,0.0,1.0,0.0,0.0,0.0,0.0,0.0,0.0,0.0
5,3,0.0,0.0,0.0,1.0,0.0,0.0,0.0,0.0,0.0,0.0,0.0
5,3,0.0,0.0,0.0,1.0,0.0,0.0,0.0,0.0,0.0,0.0,0.0
5,3,0.0,0.0,0.0,1.0,0.0,0.0,0.0,0.0,0.0,0.0,0.0
5,3,0.0,0.0,0.0,1.0,0.0,0.0,0.0,0.0,0.0,0.0,0.0
5,3,0.0,0.0,0.0,1.0,0.0,0.0,0.0,0.0,0.0,0.0,0.0
5,3,0.0,0.0,0.0,1.0,0.0,0.0,0.0,0.0,0.0,0.0,0.0
5,3,0.0,0.0,0.0,1.0,0.0,0.0,0.0,0.0,0.0,0.0,0.0
5,3,0.0,0.0,0.0,1.0,0.0,0.0,0.0,0.0,0.0,0.0,0.0
5,3,0.0,0.0,0.0,1.0,0.0,0.0,0.0,0.0,0.0,0.0,0.0
5,3,0.0,0.0,0.0,1.0,0.0,0.0,0.0,0.0,0.0,0.0,0.0
5,3,0.0,0.0,0.0,1.0,0.0,0.0,0.0,0.0,0.0,0.0,0.0
5,3,0.0,0.0,0.0,1.0,0.0,0.0,0.0,0.0,0.0,0.0,0.0
5,3,0.0,0.0,0.0,1.0,0.0,0.0,0.0,0.0,0.0,0.0,0.0
5,3,0.0,0.0,0.0,1.0,0.0,0.0,0.0,0.0,0.0,0.0,0.0
5,3,0.0,0.0,0.0,1.0,0.0,0.0,0.0,0.0,0.0,0.0,0.0
5,3,0.0,0.0,0.0,1.0,0.0,0.0,0.0,0.0,0.0,0.0,0.0
5,3,0.0,0.0,0.0,1.0,0.0,0.0,0.0,0.0,0.0,0.0,0.0
5,3,0.0,0.0,0.0,1.0,0.0,0.0,0.0,0.0,0.0,0.0,0.0
5,3,0.0,0.0,0.0,1.0,0.0,0.0,0.0,0.0,0.0,0.0,0.0
5,3,0.0,0.0,0.0,1.0,0.0,0.0,0.0,0.0,0.0,0.0,0.0
5,3,0.0,0.0,0.0,1.0,0.0,0.0,0.0,0.0,0.0,0.0,0.0
5,3,0.0,0.0,0.0,1.0,0.0,0.0,0.0,0.0,0.0,0.0,0.0
5,3,0.0,0.0,0.0,1.0,0.0,0.0,0.0,0.0,0.0,0.0,0.0
5,3,0.0,0.0,0.0,1.0,0.0,0.0,0.0,0.0,0.0,0.0,0.0
5,3,0.0,0.0,0.0,1.0,0.0,0.0,0.0,0.0,0.0,0.0,0.0
5,3,0.0,0.0,0.0,1.0,0.0,0.0,0.0,0.0,0.0,0.0,0.0
5,3,0.0,0.0,0.0,1.0,0.0,0.0,0.0,0.0,0.0,0.0,0.0
5,3,0.0,0.0,0.0,1.0,0.0,0.0,0.0,0.0,0.0,0.0,0.0
5,3,0.0,0.0,0.0,1.0,0.0,0.0,0.0,0.0,0.0,0.0,0.0
5,3,0.0,0.0,0.0,1.0,0.0,0.0,0.0,0.0,0.0,0.0,0.0
5,3,0.0,0.0,0.0,1.0,0.0,0.0,0.0,0.0,0.0,0.0,0.0
5,3,0.0,0.0,0.0,1.0,0.0,0.0,0.0,0.0,0.0,0.0,0.0
5,3,0.0,0.0,0.0,1.0,0.0,0.0,0.0,0.0,0.0,0.0,0.0
5,3,0.0,0.0,0.0,1.0,0.0,0.0,0.0,0.0,0.0,0.0,0.0
5,3,0.0,0.0,0.0,1.0,0.0,0.0,0.0,0.0,0.0,0.0,0.0
5,3,0.0,0.0,0.0,1.0,0.0,0.0,0.0,0.0,0.0,0.0,0.0
5,3,0.0,0.0,0.0,1.0,0.0,0.0,0.0,0.0,0.0,0.0,0.0
5,3,0.0,0.0,0.0,1.0,0.0,0.0,0.0,0.0,0.0,0.0,0.0
5,3,0.0,0.0,0.0,1.0,0.0,0.0,0.0,0.0,0.0,0.0,0.0
5,3,0.0,0.0,0.0,1.0,0.0,0.0,0.0,0.0,0.0,0.0,0.0
5,3,0.0,0.0,0.0,1.0,0.0,0.0,0.0,0.0,0.0,0.0,0.0
5,3,0.0,0.0,0.0,1.0,0.0,0.0,0.0,0.0,0.0,0.0,0.0
5,3,0.0,0.0,0.0,1.0,0.0,0.0,0.0,0.0,0.0,0.0,0.0
5,3,0.0,0.0,0.0,1.0,0.0,0.0,0.0,0.0,0.0,0.0,0.0
5,3,0.0,0.0,0.0,1.0,0.0,0.0,0.0,0.0,0.0,0.0,0.0
5,3,0.0,0.0,0.0,1.0,0.0,0.0,0.0,0.0,0.0,0.0,0.0
5,3,0.0,0.0,0.0,1.0,0.0,0.0,0.0,0.0,0.0,0.0,0.0
5,3,0.0,0.0,0.0,1.0,0.0,0.0,0.0,0.0,0.0,0.0,0.0
5,3,0.0,0.0,0.0,1.0,0.0,0.0,0.0,0.0,0.0,0.0,0.0
5,3,0.0,0.0,0.0,1.0,0.0,0.0,0.0,0.0,0.0,0.0,0.0
5,3,0.0,0.0,0.0,1.0,0.0,0.0,0.0,0.0,0.0,0.0,0.0
5,3,0.0,0.0,0.0,1.0,0.0,0.0,0.0,0.0,0.0,0.0,0.0
5,3,0.0,0.0,0.0,1.0,0.0,0.0,0.0,0.0,0.0,0.0,0.0
5,3,0.0,0.0,0.0,1.0,0.0,0.0,0.0,0.0,0.0,0.0,0.0
5,3,0.0,0.0,0.0,1.0,0.0,0.0,0.0,0.0,0.0,0.0,0.0
5,3,0.0,0.0,0.0,1.0,0.0,0.0,0.0,0.0,0.0,0.0,0.0
5,3,0.0,0.0,0.0,1.0,0.0,0.0,0.0,0.0,0.0,0.0,0.0
5,3,0.0,0.0,0.0,1.0,0.0,0.0,0.0,0.0,0.0,0.0,0.0
5,3,0.0,0.0,0.0,1.0,0.0,0.0,0.0,0.0,0.0,0.0,0.0
5,3,0.0,0.0,0.0,1.0,0.0,0.0,0.0,0.0,0.0,0.0,0.0
5,3,0.0,0.0,0.0,1.0,0.0,0.0,0.0,0.0,0.0,0.0,0.0
5,3,0.0,0.0,0.0,1.0,0.0,0.0,0.0,0.0,0.0,0.0,0.0
5,3,0.0,0.0,0.0,1.0,0.0,0.0,0.0,0.0,0.0,0.0,0.0
5,3,0.0,0.0,0.0,1.0,0.0,0.0,0.0,0.0,0.0,0.0,0.0
5,3,0.0,0.0,0.0,1.0,0.0,0.0,0.0,0.0,0.0,0.0,0.0
5,3,0.0,0.0,0.0,1.0,0.0,0.0,0.0,0.0,0.0,0.0,0.0
5,3,0.0,0.0,0.0,1.0,0.0,0.0,0.0,0.0,0.0,0.0,0.0
5,3,0.0,0.0,0.0,1.0,0.0,0.0,0.0,0.0,0.0,0.0,0.0
5,3,0.0,0.0,0.0,1.0,0.0,0.0,0.0,0.0,0.0,0.0,0.0
5,3,0.0,0.0,0.0,1.0,0.0,0.0,0.0,0.0,0.0,0.0,0.0
5,3,0.0,0.0,0.0,1.0,0.0,0.0,0.0,0.0,0.0,0.0,0.0
5,3,0.0,0.0,0.0,1.0,0.0,0.0,0.0,0.0,0.0,0.0,0.0
5,3,0.0,0.0,0.0,1.0,0.0,0.0,0.0,0.0,0.0,0.0,0.0
5,3,0.0,0.0,0.0,1.0,0.0,0.0,0.0,0.0,0.0,0.0,0.0
5,3,0.0,0.0,0.0,1.0,0.0,0.0,0.0,0.0,0.0,0.0,0.0
5,3,0.0,0.0,0.0,1.0,0.0,0.0,0.0,0.0,0.0,0.0,0.0
5,3,0.0,0.0,0.0,1.0,0.0,0.0,0.0,0.0,0.0,0.0,0.0
5,3,0.0,0.0,0.0,1.0,0.0,0.0,0.0,0.0,0.0,0.0,0.0
5,3,0.0,0.0,0.0,1.0,0.0,0.0,0.0,0.0,0.0,0.0,0.0
5,3,0.0,0.0,0.0,1.0,0.0,0.0,0.0,0.0,0.0,0.0,0.0
5,3,0.0,0.0,0.0,1.0,0.0,0.0,0.0,0.0,0.0,0.0,0.0
5,3,0.0,0.0,0.0,1.0,0.0,0.0,0.0,0.0,0.0,0.0,0.0
5,3,0.0,0.0,0.0,1.0,0.0,0.0,0.0,0.0,0.0,0.0,0.0
5,3,0.0,0.0,0.0,1.0,0.0,0.0,0.0,0.0,0.0,0.0,0.0
5,3,0.0,0.0,0.0,1.0,0.0,0.0,0.0,0.0,0.0,0.0,0.0
5,3,0.0,0.0,0.0,1.0,0.0,0.0,0.0,0.0,0.0,0.0,0.0
5,3,0.0,0.0,0.0,1.0,0.0,0.0,0.0,0.0,0.0,0.0,0.0
5,3,0.0,0.0,0.0,1.0,0.0,0.0,0.0,0.0,0.0,0.0,0.0
5,3,0.0,0.0,0.0,1.0,0.0,0.0,0.0,0.0,0.0,0.0,0.0
5,3,0.0,0.0,0.0,1.0,0.0,0.0,0.0,0.0,0.0,0.0,0.0
5,3,0.0,0.0,0.0,1.0,0.0,0.0,0.0,0.0,0.0,0.0,0.0
5,3,0.0,0.0,0.0,1.0,0.0,0.0,0.0,0.0,0.0,0.0,0.0
5,3,0.0,0.0,0.0,1.0,0.0,0.0,0.0,0.0,0.0,0.0,0.0
5,3,0.0,0.0,0.0,1.0,0.0,0.0,0.0,0.0,0.0,0.0,0.0
5,3,0.0,0.0,0.0,1.0,0.0,0.0,0.0,0.0,0.0,0.0,0.0
5,3,0.0,0.0,0.0,1.0,0.0,0.0,0.0,0.0,0.0,0.0,0.0
5,3,0.0,0.0,0.0,1.0,0.0,0.0,0.0,0.0,0.0,0.0,0.0
5,3,0.0,0.0,0.0,1.0,0.0,0.0,0.0,0.0,0.0,0.0,0.0
5,3,0.0,0.0,0.0,1.0,0.0,0.0,0.0,0.0,0.0,0.0,0.0
5,3,0.0,0.0,0.0,1.0,0.0,0.0,0.0,0.0,0.0,0.0,0.0
5,3,0.0,0.0,0.0,1.0,0.0,0.0,0.0,0.0,0.0,0.0,0.0
5,3,0.0,0.0,0.0,1.0,0.0,0.0,0.0,0.0,0.0,0.0,0.0
5,3,0.0,0.0,0.0,1.0,0.0,0.0,0.0,0.0,0.0,0.0,0.0
5,3,0.0,0.0,0.0,1.0,0.0,0.0,0.0,0.0,0.0,0.0,0.0
5,3,0.0,0.0,0.0,1.0,0.0,0.0,0.0,0.0,0.0,0.0,0.0
5,3,0.0,0.0,0.0,1.0,0.0,0.0,0.0,0.0,0.0,0.0,0.0
5,3,0.0,0.0,0.0,1.0,0.0,0.0,0.0,0.0,0.0,0.0,0.0
5,3,0.0,0.0,0.0,1.0,0.0,0.0,0.0,0.0,0.0,0.0,0.0
5,3,0.0,0.0,0.0,1.0,0.0,0.0,0.0,0.0,0.0,0.0,0.0
5,3,0.0,0.0,0.0,1.0,0.0,0.0,0.0,0.0,0.0,0.0,0.0
5,3,0.0,0.0,0.0,1.0,0.0,0.0,0.0,0.0,0.0,0.0,0.0
5,3,0.0,0.0,0.0,1.0,0.0,0.0,0.0,0.0,0.0,0.0,0.0
5,3,0.0,0.0,0.0,1.0,0.0,0.0,0.0,0.0,0.0,0.0,0.0
5,3,0.0,0.0,0.0,1.0,0.0,0.0,0.0,0.0,0.0,0.0,0.0
5,3,0.0,0.0,0.0,1.0,0.0,0.0,0.0,0.0,0.0,0.0,0.0
5,3,0.0,0.0,0.0,1.0,0.0,0.0,0.0,0.0,0.0,0.0,0.0
5,3,0.0,0.0,0.0,1.0,0.0,0.0,0.0,0.0,0.0,0.0,0.0
5,3,0.0,0.0,0.0,1.0,0.0,0.0,0.0,0.0,0.0,0.0,0.0
5,3,0.0,0.0,0.0,1.0,0.0,0.0,0.0,0.0,0.0,0.0,0.0
5,3,0.0,0.0,0.0,1.0,0.0,0.0,0.0,0.0,0.0,0.0,0.0
5,3,0.0,0.0,0.0,1.0,0.0,0.0,0.0,0.0,0.0,0.0,0.0
5,3,0.0,0.0,0.0,1.0,0.0,0.0,0.0,0.0,0.0,0.0,0.0
5,3,0.0,0.0,0.0,1.0,0.0,0.0,0.0,0.0,0.0,0.0,0.0
5,3,0.0,0.0,0.0,1.0,0.0,0.0,0.0,0.0,0.0,0.0,0.0
5,3,0.0,0.0,0.0,1.0,0.0,0.0,0.0,0.0,0.0,0.0,0.0
5,3,0.0,0.0,0.0,1.0,0.0,0.0,0.0,0.0,0.0,0.0,0.0
5,3,0.0,0.0,0.0,1.0,0.0,0.0,0.0,0.0,0.0,0.0,0.0
5,3,0.0,0.0,0.0,1.0,0.0,0.0,0.0,0.0,0.0,0.0,0.0
5,3,0.0,0.0,0.0,1.0,0.0,0.0,0.0,0.0,0.0,0.0,0.0
5,3,0.0,0.0,0.0,1.0,0.0,0.0,0.0,0.0,0.0,0.0,0.0
5,3,0.0,0.0,0.0,1.0,0.0,0.0,0.0,0.0,0.0,0.0,0.0
5,3,0.0,0.0,0.0,1.0,0.0,0.0,0.0,0.0,0.0,0.0,0.0
5,3,0.0,0.0,0.0,1.0,0.0,0.0,0.0,0.0,0.0,0.0,0.0
5,3,0.0,0.0,0.0,1.0,0.0,0.0,0.0,0.0,0.0,0.0,0.0
5,3,0.0,0.0,0.0,1.0,0.0,0.0,0.0,0.0,0.0,0.0,0.0
5,3,0.0,0.0,0.0,1.0,0.0,0.0,0.0,0.0,0.0,0.0,0.0
5,3,0.0,0.0,0.0,1.0,0.0,0.0,0.0,0.0,0.0,0.0,0.0
5,3,0.0,0.0,0.0,1.0,0.0,0.0,0.0,0.0,0.0,0.0,0.0
5,3,0.0,0.0,0.0,1.0,0.0,0.0,0.0,0.0,0.0,0.0,0.0
5,3,0.0,0.0,0.0,1.0,0.0,0.0,0.0,0.0,0.0,0.0,0.0
5,3,0.0,0.0,0.0,1.0,0.0,0.0,0.0,0.0,0.0,0.0,0.0
5,3,0.0,0.0,0.0,1.0,0.0,0.0,0.0,0.0,0.0,0.0,0.0
5,3,0.0,0.0,0.0,1.0,0.0,0.0,0.0,0.0,0.0,0.0,0.0
5,3,0.0,0.0,0.0,1.0,0.0,0.0,0.0,0.0,0.0,0.0,0.0
5,3,0.0,0.0,0.0,1.0,0.0,0.0,0.0,0.0,0.0,0.0,0.0
5,3,0.0,0.0,0.0,1.0,0.0,0.0,0.0,0.0,0.0,0.0,0.0
5,3,0.0,0.0,0.0,1.0,0.0,0.0,0.0,0.0,0.0,0.0,0.0
5,3,0.0,0.0,0.0,1.0,0.0,0.0,0.0,0.0,0.0,0.0,0.0
5,3,0.0,0.0,0.0,1.0,0.0,0.0,0.0,0.0,0.0,0.0,0.0
5,3,0.0,0.0,0.0,1.0,0.0,0.0,0.0,0.0,0.0,0.0,0.0
5,3,0.0,0.0,0.0,1.0,0.0,0.0,0.0,0.0,0.0,0.0,0.0
5,3,0.0,0.0,0.0,1.0,0.0,0.0,0.0,0.0,0.0,0.0,0.0
5,3,0.0,0.0,0.0,1.0,0.0,0.0,0.0,0.0,0.0,0.0,0.0
5,3,0.0,0.0,0.0,1.0,0.0,0.0,0.0,0.0,0.0,0.0,0.0
5,3,0.0,0.0,0.0,1.0,0.0,0.0,0.0,0.0,0.0,0.0,0.0
5,3,0.0,0.0,0.0,1.0,0.0,0.0,0.0,0.0,0.0,0.0,0.0
5,3,0.0,0.0,0.0,1.0,0.0,0.0,0.0,0.0,0.0,0.0,0.0
5,3,0.0,0.0,0.0,1.0,0.0,0.0,0.0,0.0,0.0,0.0,0.0
5,3,0.0,0.0,0.0,1.0,0.0,0.0,0.0,0.0,0.0,0.0,0.0
5,3,0.0,0.0,0.0,1.0,0.0,0.0,0.0,0.0,0.0,0.0,0.0
5,3,0.0,0.0,0.0,1.0,0.0,0.0,0.0,0.0,0.0,0.0,0.0
5,3,0.0,0.0,0.0,1.0,0.0,0.0,0.0,0.0,0.0,0.0,0.0
5,3,0.0,0.0,0.0,1.0,0.0,0.0,0.0,0.0,0.0,0.0,0.0
5,3,0.0,0.0,0.0,1.0,0.0,0.0,0.0,0.0,0.0,0.0,0.0
5,3,0.0,0.0,0.0,1.0,0.0,0.0,0.0,0.0,0.0,0.0,0.0
5,3,0.0,0.0,0.0,1.0,0.0,0.0,0.0,0.0,0.0,0.0,0.0
5,3,0.0,0.0,0.0,1.0,0.0,0.0,0.0,0.0,0.0,0.0,0.0
5,3,0.0,0.0,0.0,1.0,0.0,0.0,0.0,0.0,0.0,0.0,0.0
5,3,0.0,0.0,0.0,1.0,0.0,0.0,0.0,0.0,0.0,0.0,0.0
5,3,0.0,0.0,0.0,1.0,0.0,0.0,0.0,0.0,0.0,0.0,0.0
5,3,0.0,0.0,0.0,1.0,0.0,0.0,0.0,0.0,0.0,0.0,0.0
5,3,0.0,0.0,0.0,1.0,0.0,0.0,0.0,0.0,0.0,0.0,0.0
5,3,0.0,0.0,0.0,1.0,0.0,0.0,0.0,0.0,0.0,0.0,0.0
5,3,0.0,0.0,0.0,1.0,0.0,0.0,0.0,0.0,0.0,0.0,0.0
5,3,0.0,0.0,0.0,1.0,0.0,0.0,0.0,0.0,0.0,0.0,0.0
5,3,0.0,0.0,0.0,1.0,0.0,0.0,0.0,0.0,0.0,0.0,0.0
5,3,0.0,0.0,0.0,1.0,0.0,0.0,0.0,0.0,0.0,0.0,0.0
5,3,0.0,0.0,0.0,1.0,0.0,0.0,0.0,0.0,0.0,0.0,0.0
5,3,0.0,0.0,0.0,1.0,0.0,0.0,0.0,0.0,0.0,0.0,0.0
5,3,0.0,0.0,0.0,1.0,0.0,0.0,0.0,0.0,0.0,0.0,0.0
5,3,0.0,0.0,0.0,1.0,0.0,0.0,0.0,0.0,0.0,0.0,0.0
5,3,0.0,0.0,0.0,1.0,0.0,0.0,0.0,0.0,0.0,0.0,0.0
5,3,0.0,0.0,0.0,1.0,0.0,0.0,0.0,0.0,0.0,0.0,0.0
5,3,0.0,0.0,0.0,1.0,0.0,0.0,0.0,0.0,0.0,0.0,0.0
5,3,0.0,0.0,0.0,1.0,0.0,0.0,0.0,0.0,0.0,0.0,0.0
5,3,0.0,0.0,0.0,1.0,0.0,0.0,0.0,0.0,0.0,0.0,0.0
5,3,0.0,0.0,0.0,1.0,0.0,0.0,0.0,0.0,0.0,0.0,0.0
5,3,0.0,0.0,0.0,1.0,0.0,0.0,0.0,0.0,0.0,0.0,0.0
5,3,0.0,0.0,0.0,1.0,0.0,0.0,0.0,0.0,0.0,0.0,0.0
5,3,0.0,0.0,0.0,1.0,0.0,0.0,0.0,0.0,0.0,0.0,0.0
5,3,0.0,0.0,0.0,1.0,0.0,0.0,0.0,0.0,0.0,0.0,0.0
5,3,0.0,0.0,0.0,1.0,0.0,0.0,0.0,0.0,0.0,0.0,0.0
5,3,0.0,0.0,0.0,1.0,0.0,0.0,0.0,0.0,0.0,0.0,0.0
5,3,0.0,0.0,0.0,1.0,0.0,0.0,0.0,0.0,0.0,0.0,0.0
5,3,0.0,0.0,0.0,1.0,0.0,0.0,0.0,0.0,0.0,0.0,0.0
5,3,0.0,0.0,0.0,1.0,0.0,0.0,0.0,0.0,0.0,0.0,0.0
5,3,0.0,0.0,0.0,1.0,0.0,0.0,0.0,0.0,0.0,0.0,0.0
5,3,0.0,0.0,0.0,1.0,0.0,0.0,0.0,0.0,0.0,0.0,0.0
5,3,0.0,0.0,0.0,1.0,0.0,0.0,0.0,0.0,0.0,0.0,0.0
5,3,0.0,0.0,0.0,1.0,0.0,0.0,0.0,0.0,0.0,0.0,0.0
5,3,0.0,0.0,0.0,1.0,0.0,0.0,0.0,0.0,0.0,0.0,0.0
5,3,0.0,0.0,0.0,1.0,0.0,0.0,0.0,0.0,0.0,0.0,0.0
5,3,0.0,0.0,0.0,1.0,0.0,0.0,0.0,0.0,0.0,0.0,0.0
5,3,0.0,0.0,0.0,1.0,0.0,0.0,0.0,0.0,0.0,0.0,0.0
5,3,0.0,0.0,0.0,1.0,0.0,0.0,0.0,0.0,0.0,0.0,0.0
5,3,0.0,0.0,0.0,1.0,0.0,0.0,0.0,0.0,0.0,0.0,0.0
5,3,0.0,0.0,0.0,1.0,0.0,0.0,0.0,0.0,0.0,0.0,0.0
5,3,0.0,0.0,0.0,1.0,0.0,0.0,0.0,0.0,0.0,0.0,0.0
5,3,0.0,0.0,0.0,1.0,0.0,0.0,0.0,0.0,0.0,0.0,0.0
5,3,0.0,0.0,0.0,1.0,0.0,0.0,0.0,0.0,0.0,0.0,0.0
5,3,0.0,0.0,0.0,1.0,0.0,0.0,0.0,0.0,0.0,0.0,0.0
5,3,0.0,0.0,0.0,1.0,0.0,0.0,0.0,0.0,0.0,0.0,0.0
5,3,0.0,0.0,0.0,1.0,0.0,0.0,0.0,0.0,0.0,0.0,0.0
5,3,0.0,0.0,0.0,1.0,0.0,0.0,0.0,0.0,0.0,0.0,0.0
5,3,0.0,0.0,0.0,1.0,0.0,0.0,0.0,0.0,0.0,0.0,0.0
5,3,0.0,0.0,0.0,1.0,0.0,0.0,0.0,0.0,0.0,0.0,0.0
5,3,0.0,0.0,0.0,1.0,0.0,0.0,0.0,0.0,0.0,0.0,0.0
5,3,0.0,0.0,0.0,1.0,0.0,0.0,0.0,0.0,0.0,0.0,0.0
5,3,0.0,0.0,0.0,1.0,0.0,0.0,0.0,0.0,0.0,0.0,0.0
5,3,0.0,0.0,0.0,1.0,0.0,0.0,0.0,0.0,0.0,0.0,0.0
5,3,0.0,0.0,0.0,1.0,0.0,0.0,0.0,0.0,0.0,0.0,0.0
5,3,0.0,0.0,0.0,1.0,0.0,0.0,0.0,0.0,0.0,0.0,0.0
5,3,0.0,0.0,0.0,1.0,0.0,0.0,0.0,0.0,0.0,0.0,0.0
5,3,0.0,0.0,0.0,1.0,0.0,0.0,0.0,0.0,0.0,0.0,0.0
5,3,0.0,0.0,0.0,1.0,0.0,0.0,0.0,0.0,0.0,0.0,0.0
5,3,0.0,0.0,0.0,1.0,0.0,0.0,0.0,0.0,0.0,0.0,0.0
5,3,0.0,0.0,0.0,1.0,0.0,0.0,0.0,0.0,0.0,0.0,0.0
5,3,0.0,0.0,0.0,1.0,0.0,0.0,0.0,0.0,0.0,0.0,0.0
5,3,0.0,0.0,0.0,1.0,0.0,0.0,0.0,0.0,0.0,0.0,0.0
5,3,0.0,0.0,0.0,1.0,0.0,0.0,0.0,0.0,0.0,0.0,0.0
5,3,0.0,0.0,0.0,1.0,0.0,0.0,0.0,0.0,0.0,0.0,0.0
5,3,0.0,0.0,0.0,1.0,0.0,0.0,0.0,0.0,0.0,0.0,0.0
5,3,0.0,0.0,0.0,1.0,0.0,0.0,0.0,0.0,0.0,0.0,0.0
5,3,0.0,0.0,0.0,1.0,0.0,0.0,0.0,0.0,0.0,0.0,0.0
5,3,0.0,0.0,0.0,1.0,0.0,0.0,0.0,0.0,0.0,0.0,0.0
5,3,0.0,0.0,0.0,1.0,0.0,0.0,0.0,0.0,0.0,0.0,0.0
5,3,0.0,0.0,0.0,1.0,0.0,0.0,0.0,0.0,0.0,0.0,0.0
5,3,0.0,0.0,0.0,1.0,0.0,0.0,0.0,0.0,0.0,0.0,0.0
5,3,0.0,0.0,0.0,1.0,0.0,0.0,0.0,0.0,0.0,0.0,0.0
5,3,0.0,0.0,0.0,1.0,0.0,0.0,0.0,0.0,0.0,0.0,0.0
5,3,0.0,0.0,0.0,1.0,0.0,0.0,0.0,0.0,0.0,0.0,0.0
5,3,0.0,0.0,0.0,1.0,0.0,0.0,0.0,0.0,0.0,0.0,0.0
5,3,0.0,0.0,0.0,1.0,0.0,0.0,0.0,0.0,0.0,0.0,0.0
5,3,0.0,0.0,0.0,1.0,0.0,0.0,0.0,0.0,0.0,0.0,0.0
5,3,0.0,0.0,0.0,1.0,0.0,0.0,0.0,0.0,0.0,0.0,0.0
5,3,0.0,0.0,0.0,1.0,0.0,0.0,0.0,0.0,0.0,0.0,0.0
5,3,0.0,0.0,0.0,1.0,0.0,0.0,0.0,0.0,0.0,0.0,0.0
5,3,0.0,0.0,0.0,1.0,0.0,0.0,0.0,0.0,0.0,0.0,0.0
5,3,0.0,0.0,0.0,1.0,0.0,0.0,0.0,0.0,0.0,0.0,0.0
5,3,0.0,0.0,0.0,1.0,0.0,0.0,0.0,0.0,0.0,0.0,0.0
5,3,0.0,0.0,0.0,1.0,0.0,0.0,0.0,0.0,0.0,0.0,0.0
5,3,0.0,0.0,0.0,1.0,0.0,0.0,0.0,0.0,0.0,0.0,0.0
5,3,0.0,0.0,0.0,1.0,0.0,0.0,0.0,0.0,0.0,0.0,0.0
5,3,0.0,0.0,0.0,1.0,0.0,0.0,0.0,0.0,0.0,0.0,0.0
5,3,0.0,0.0,0.0,1.0,0.0,0.0,0.0,0.0,0.0,0.0,0.0
5,3,0.0,0.0,0.0,1.0,0.0,0.0,0.0,0.0,0.0,0.0,0.0
5,3,0.0,0.0,0.0,1.0,0.0,0.0,0.0,0.0,0.0,0.0,0.0
5,3,0.0,0.0,0.0,1.0,0.0,0.0,0.0,0.0,0.0,0.0,0.0
5,3,0.0,0.0,0.0,1.0,0.0,0.0,0.0,0.0,0.0,0.0,0.0
5,3,0.0,0.0,0.0,1.0,0.0,0.0,0.0,0.0,0.0,0.0,0.0
5,3,0.0,0.0,0.0,1.0,0.0,0.0,0.0,0.0,0.0,0.0,0.0
5,3,0.0,0.0,0.0,1.0,0.0,0.0,0.0,0.0,0.0,0.0,0.0
5,3,0.0,0.0,0.0,1.0,0.0,0.0,0.0,0.0,0.0,0.0,0.0
5,3,0.0,0.0,0.0,1.0,0.0,0.0,0.0,0.0,0.0,0.0,0.0
5,3,0.0,0.0,0.0,1.0,0.0,0.0,0.0,0.0,0.0,0.0,0.0
5,3,0.0,0.0,0.0,1.0,0.0,0.0,0.0,0.0,0.0,0.0,0.0
5,3,0.0,0.0,0.0,1.0,0.0,0.0,0.0,0.0,0.0,0.0,0.0
5,3,0.0,0.0,0.0,1.0,0.0,0.0,0.0,0.0,0.0,0.0,0.0
5,3,0.0,0.0,0.0,1.0,0.0,0.0,0.0,0.0,0.0,0.0,0.0
5,3,0.0,0.0,0.0,1.0,0.0,0.0,0.0,0.0,0.0,0.0,0.0
5,3,0.0,0.0,0.0,1.0,0.0,0.0,0.0,0.0,0.0,0.0,0.0
5,3,0.0,0.0,0.0,1.0,0.0,0.0,0.0,0.0,0.0,0.0,0.0
5,3,0.0,0.0,0.0,1.0,0.0,0.0,0.0,0.0,0.0,0.0,0.0
5,3,0.0,0.0,0.0,1.0,0.0,0.0,0.0,0.0,0.0,0.0,0.0
5,3,0.0,0.0,0.0,1.0,0.0,0.0,0.0,0.0,0.0,0.0,0.0
5,3,0.0,0.0,0.0,1.0,0.0,0.0,0.0,0.0,0.0,0.0,0.0
5,3,0.0,0.0,0.0,1.0,0.0,0.0,0.0,0.0,0.0,0.0,0.0
5,3,0.0,0.0,0.0,1.0,0.0,0.0,0.0,0.0,0.0,0.0,0.0
5,3,0.0,0.0,0.0,1.0,0.0,0.0,0.0,0.0,0.0,0.0,0.0
5,3,0.0,0.0,0.0,1.0,0.0,0.0,0.0,0.0,0.0,0.0,0.0
5,3,0.0,0.0,0.0,1.0,0.0,0.0,0.0,0.0,0.0,0.0,0.0
5,3,0.0,0.0,0.0,1.0,0.0,0.0,0.0,0.0,0.0,0.0,0.0
5,3,0.0,0.0,0.0,1.0,0.0,0.0,0.0,0.0,0.0,0.0,0.0
5,3,0.0,0.0,0.0,1.0,0.0,0.0,0.0,0.0,0.0,0.0,0.0
5,3,0.0,0.0,0.0,1.0,0.0,0.0,0.0,0.0,0.0,0.0,0.0
5,3,0.0,0.0,0.0,1.0,0.0,0.0,0.0,0.0,0.0,0.0,0.0
5,3,0.0,0.0,0.0,1.0,0.0,0.0,0.0,0.0,0.0,0.0,0.0
5,3,0.0,0.0,0.0,1.0,0.0,0.0,0.0,0.0,0.0,0.0,0.0
5,3,0.0,0.0,0.0,1.0,0.0,0.0,0.0,0.0,0.0,0.0,0.0
5,3,0.0,0.0,0.0,1.0,0.0,0.0,0.0,0.0,0.0,0.0,0.0
5,3,0.0,0.0,0.0,1.0,0.0,0.0,0.0,0.0,0.0,0.0,0.0
5,3,0.0,0.0,0.0,1.0,0.0,0.0,0.0,0.0,0.0,0.0,0.0
5,3,0.0,0.0,0.0,1.0,0.0,0.0,0.0,0.0,0.0,0.0,0.0
5,3,0.0,0.0,0.0,1.0,0.0,0.0,0.0,0.0,0.0,0.0,0.0
5,3,0.0,0.0,0.0,1.0,0.0,0.0,0.0,0.0,0.0,0.0,0.0
5,3,0.0,0.0,0.0,1.0,0.0,0.0,0.0,0.0,0.0,0.0,0.0
5,3,0.0,0.0,0.0,1.0,0.0,0.0,0.0,0.0,0.0,0.0,0.0
5,3,0.0,0.0,0.0,1.0,0.0,0.0,0.0,0.0,0.0,0.0,0.0
5,3,0.0,0.0,0.0,1.0,0.0,0.0,0.0,0.0,0.0,0.0,0.0
5,3,0.0,0.0,0.0,1.0,0.0,0.0,0.0,0.0,0.0,0.0,0.0
5,3,0.0,0.0,0.0,1.0,0.0,0.0,0.0,0.0,0.0,0.0,0.0
5,3,0.0,0.0,0.0,1.0,0.0,0.0,0.0,0.0,0.0,0.0,0.0
5,3,0.0,0.0,0.0,1.0,0.0,0.0,0.0,0.0,0.0,0.0,0.0
5,3,0.0,0.0,0.0,1.0,0.0,0.0,0.0,0.0,0.0,0.0,0.0
5,3,0.0,0.0,0.0,1.0,0.0,0.0,0.0,0.0,0.0,0.0,0.0
5,3,0.0,0.0,0.0,1.0,0.0,0.0,0.0,0.0,0.0,0.0,0.0
5,3,0.0,0.0,0.0,1.0,0.0,0.0,0.0,0.0,0.0,0.0,0.0
5,3,0.0,0.0,0.0,1.0,0.0,0.0,0.0,0.0,0.0,0.0,0.0
5,3,0.0,0.0,0.0,1.0,0.0,0.0,0.0,0.0,0.0,0.0,0.0
5,3,0.0,0.0,0.0,1.0,0.0,0.0,0.0,0.0,0.0,0.0,0.0
5,3,0.0,0.0,0.0,1.0,0.0,0.0,0.0,0.0,0.0,0.0,0.0
5,3,0.0,0.0,0.0,1.0,0.0,0.0,0.0,0.0,0.0,0.0,0.0
5,3,0.0,0.0,0.0,1.0,0.0,0.0,0.0,0.0,0.0,0.0,0.0
5,3,0.0,0.0,0.0,1.0,0.0,0.0,0.0,0.0,0.0,0.0,0.0
5,3,0.0,0.0,0.0,1.0,0.0,0.0,0.0,0.0,0.0,0.0,0.0
5,3,0.0,0.0,0.0,1.0,0.0,0.0,0.0,0.0,0.0,0.0,0.0
5,3,0.0,0.0,0.0,1.0,0.0,0.0,0.0,0.0,0.0,0.0,0.0
5,3,0.0,0.0,0.0,1.0,0.0,0.0,0.0,0.0,0.0,0.0,0.0
5,3,0.0625,0.0,0.0,0.9375,0.0,0.0,0.0,0.0,0.0,0.0,0.0
5,3,0.0625,0.0,0.0,0.9375,0.0,0.0,0.0,0.0,0.0,0.0,0.0
5,3,0.0625,0.0,0.0,0.9375,0.0,0.0,0.0,0.0,0.0,0.0,0.0
5,3,0.0625,0.0,0.0,0.9375,0.0,0.0,0.0,0.0,0.0,0.0,0.0
5,3,0.0625,0.0,0.0,0.9375,0.0,0.0,0.0,0.0,0.0,0.0,0.0
5,3,0.0625,0.0,0.0,0.9375,0.0,0.0,0.0,0.0,0.0,0.0,0.0
5,3,0.0625,0.0,0.0,0.9375,0.0,0.0,0.0,0.0,0.0,0.0,0.0
5,3,0.0625,0.0,0.0,0.9375,0.0,0.0,0.0,0.0,0.0,0.0,0.0
5,3,0.0625,0.0,0.0,0.9375,0.0,0.0,0.0,0.0,0.0,0.0,0.0
5,3,0.0625,0.0,0.0,0.9375,0.0,0.0,0.0,0.0,0.0,0.0,0.0
5,3,0.0625,0.0,0.0,0.9375,0.0,0.0,0.0,0.0,0.0,0.0,0.0
5,3,0.0625,0.0,0.0,0.9375,0.0,0.0,0.0,0.0,0.0,0.0,0.0
5,3,0.0625,0.0,0.0,0.9375,0.0,0.0,0.0,0.0,0.0,0.0,0.0
5,3,0.0625,0.0,0.0,0.9375,0.0,0.0,0.0,0.0,0.0,0.0,0.0
5,3,0.0625,0.0,0.0,0.9375,0.0,0.0,0.0,0.0,0.0,0.0,0.0
5,3,0.0625,0.0,0.0,0.9375,0.0,0.0,0.0,0.0,0.0,0.0,0.0
5,3,0.0625,0.0,0.0,0.9375,0.0,0.0,0.0,0.0,0.0,0.0,0.0
5,3,0.0625,0.0,0.0,0.9375,0.0,0.0,0.0,0.0,0.0,0.0,0.0
5,3,0.0625,0.0,0.0,0.9375,0.0,0.0,0.0,0.0,0.0,0.0,0.0
5,3,0.0625,0.0,0.0,0.9375,0.0,0.0,0.0,0.0,0.0,0.0,0.0
5,3,0.0625,0.0,0.0,0.9375,0.0,0.0,0.0,0.0,0.0,0.0,0.0
5,3,0.0625,0.0,0.0,0.9375,0.0,0.0,0.0,0.0,0.0,0.0,0.0
5,3,0.0625,0.0,0.0,0.9375,0.0,0.0,0.0,0.0,0.0,0.0,0.0
5,3,0.0625,0.0,0.0,0.9375,0.0,0.0,0.0,0.0,0.0,0.0,0.0
5,3,0.0625,0.0,0.0,0.9375,0.0,0.0,0.0,0.0,0.0,0.0,0.0
5,3,0.0625,0.0,0.0,0.9375,0.0,0.0,0.0,0.0,0.0,0.0,0.0
5,3,0.0625,0.0,0.0,0.9375,0.0,0.0,0.0,0.0,0.0,0.0,0.0
5,3,0.0625,0.0,0.0,0.9375,0.0,0.0,0.0,0.0,0.0,0.0,0.0
5,3,0.0625,0.0,0.0,0.9375,0.0,0.0,0.0,0.0,0.0,0.0,0.0
5,3,0.0625,0.0,0.0,0.9375,0.0,0.0,0.0,0.0,0.0,0.0,0.0
5,3,0.0625,0.0,0.0,0.9375,0.0,0.0,0.0,0.0,0.0,0.0,0.0
5,3,0.0625,0.0,0.0,0.9375,0.0,0.0,0.0,0.0,0.0,0.0,0.0
5,3,0.0625,0.0,0.0,0.9375,0.0,0.0,0.0,0.0,0.0,0.0,0.0
5,3,0.0625,0.0,0.0,0.9375,0.0,0.0,0.0,0.0,0.0,0.0,0.0
5,3,0.0625,0.0,0.0,0.9375,0.0,0.0,0.0,0.0,0.0,0.0,0.0
5,3,0.0625,0.0,0.0,0.9375,0.0,0.0,0.0,0.0,0.0,0.0,0.0
5,3,0.0625,0.0,0.0,0.9375,0.0,0.0,0.0,0.0,0.0,0.0,0.0
5,3,0.0625,0.0,0.0,0.9375,0.0,0.0,0.0,0.0,0.0,0.0,0.0
5,3,0.0625,0.0,0.0,0.9375,0.0,0.0,0.0,0.0,0.0,0.0,0.0
5,3,0.0625,0.0,0.0,0.9375,0.0,0.0,0.0,0.0,0.0,0.0,0.0
5,3,0.125,0.0,0.0,0.875,0.0,0.0,0.0,0.0,0.0,0.0,0.0
5,3,0.125,0.0,0.0,0.875,0.0,0.0,0.0,0.0,0.0,0.0,0.0
5,3,0.125,0.0,0.0,0.875,0.0,0.0,0.0,0.0,0.0,0.0,0.0
5,3,0.125,0.0,0.0,0.875,0.0,0.0,0.0,0.0,0.0,0.0,0.0
5,3,0.125,0.0,0.0,0.875,0.0,0.0,0.0,0.0,0.0,0.0,0.0
5,3,0.125,0.0,0.0,0.875,0.0,0.0,0.0,0.0,0.0,0.0,0.0
5,3,0.125,0.0,0.0,0.875,0.0,0.0,0.0,0.0,0.0,0.0,0.0
5,3,0.125,0.0,0.0,0.875,0.0,0.0,0.0,0.0,0.0,0.0,0.0
5,3,0.125,0.0,0.0,0.875,0.0,0.0,0.0,0.0,0.0,0.0,0.0
5,3,0.125,0.0,0.0,0.875,0.0,0.0,0.0,0.0,0.0,0.0,0.0
5,3,0.1875,0.0,0.0,0.8125,0.0,0.0,0.0,0.0,0.0,0.0,0.0
5,3,0.1875,0.0,0.0,0.8125,0.0,0.0,0.0,0.0,0.0,0.0,0.0
5,3,0.1875,0.0,0.0,0.8125,0.0,0.0,0.0,0.0,0.0,0.0,0.0
5,3,0.1875,0.0,0.0,0.8125,0.0,0.0,0.0,0.0,0.0,0.0,0.0
5,3,0.1875,0.0,0.0,0.8125,0.0,0.0,0.0,0.0,0.0,0.0,0.0
5,3,0.1875,0.0,0.0,0.8125,0.0,0.0,0.0,0.0,0.0,0.0,0.0
5,3,0.1875,0.0,0.0,0.8125,0.0,0.0,0.0,0.0,0.0,0.0,0.0
5,3,0.1875,0.0,0.0,0.8125,0.0,0.0,0.0,0.0,0.0,0.0,0.0
5,3,0.1875,0.0,0.0,0.8125,0.0,0.0,0.0,0.0,0.0,0.0,0.0
5,3,0.1875,0.0,0.0,0.8125,0.0,0.0,0.0,0.0,0.0,0.0,0.0
5,3,0.1875,0.0,0.0,0.8125,0.0,0.0,0.0,0.0,0.0,0.0,0.0
5,3,0.1875,0.0,0.0,0.8125,0.0,0.0,0.0,0.0,0.0,0.0,0.0
5,3,0.1875,0.0,0.0,0.8125,0.0,0.0,0.0,0.0,0.0,0.0,0.0
5,3,0.1875,0.0,0.0,0.8125,0.0,0.0,0.0,0.0,0.0,0.0,0.0
5,3,0.1875,0.0,0.0,0.8125,0.0,0.0,0.0,0.0,0.0,0.0,0.0
5,3,0.1875,0.0,0.0,0.8125,0.0,0.0,0.0,0.0,0.0,0.0,0.0
5,3,0.125,0.0,0.0,0.875,0.0,0.0,0.0,0.0,0.0,0.0,0.0
5,3,0.125,0.0,0.0,0.875,0.0,0.0,0.0,0.0,0.0,0.0,0.0
5,3,0.125,0.0,0.0,0.875,0.0,0.0,0.0,0.0,0.0,0.0,0.0
5,3,0.125,0.0,0.0,0.875,0.0,0.0,0.0,0.0,0.0,0.0,0.0
5,3,0.125,0.0,0.0,0.875,0.0,0.0,0.0,0.0,0.0,0.0,0.0
5,3,0.125,0.0,0.0,0.875,0.0,0.0,0.0,0.0,0.0,0.0,0.0
5,3,0.125,0.0,0.0,0.875,0.0,0.0,0.0,0.0,0.0,0.0,0.0
5,3,0.125,0.0,0.0,0.875,0.0,0.0,0.0,0.0,0.0,0.0,0.0
5,3,0.125,0.0,0.0,0.875,0.0,0.0,0.0,0.0,0.0,0.0,0.0
5,3,0.125,0.0,0.0,0.875,0.0,0.0,0.0,0.0,0.0,0.0,0.0
5,3,0.125,0.0,0.0,0.875,0.0,0.0,0.0,0.0,0.0,0.0,0.0
5,3,0.125,0.0,0.0,0.875,0.0,0.0,0.0,0.0,0.0,0.0,0.0
5,3,0.125,0.0,0.0,0.875,0.0,0.0,0.0,0.0,0.0,0.0,0.0
5,3,0.125,0.0,0.0,0.875,0.0,0.0,0.0,0.0,0.0,0.0,0.0
5,3,0.125,0.0,0.0,0.875,0.0,0.0,0.0,0.0,0.0,0.0,0.0
5,3,0.125,0.0,0.0,0.875,0.0,0.0,0.0,0.0,0.0,0.0,0.0
5,3,0.125,0.0,0.0,0.875,0.0,0.0,0.0,0.0,0.0,0.0,0.0
5,3,0.125,0.0,0.0,0.875,0.0,0.0,0.0,0.0,0.0,0.0,0.0
5,3,0.125,0.0,0.0,0.875,0.0,0.0,0.0,0.0,0.0,0.0,0.0
5,3,0.125,0.0,0.0,0.875,0.0,0.0,0.0,0.0,0.0,0.0,0.0
5,3,0.125,0.0,0.0,0.875,0.0,0.0,0.0,0.0,0.0,0.0,0.0
5,3,0.125,0.0,0.0,0.875,0.0,0.0,0.0,0.0,0.0,0.0,0.0
5,3,0.125,0.0,0.0,0.875,0.0,0.0,0.0,0.0,0.0,0.0,0.0
5,3,0.125,0.0,0.0,0.875,0.0,0.0,0.0,0.0,0.0,0.0,0.0
5,3,0.125,0.0,0.0,0.875,0.0,0.0,0.0,0.0,0.0,0.0,0.0
5,3,0.125,0.0,0.0,0.875,0.0,0.0,0.0,0.0,0.0,0.0,0.0
5,3,0.125,0.0,0.0,0.875,0.0,0.0,0.0,0.0,0.0,0.0,0.0
5,3,0.125,0.0,0.0,0.875,0.0,0.0,0.0,0.0,0.0,0.0,0.0
5,3,0.125,0.0,0.0,0.875,0.0,0.0,0.0,0.0,0.0,0.0,0.0
5,3,0.125,0.0,0.0,0.875,0.0,0.0,0.0,0.0,0.0,0.0,0.0
5,3,0.125,0.0,0.0,0.875,0.0,0.0,0.0,0.0,0.0,0.0,0.0
5,3,0.125,0.0,0.0,0.875,0.0,0.0,0.0,0.0,0.0,0.0,0.0
5,3,0.125,0.0,0.0,0.875,0.0,0.0,0.0,0.0,0.0,0.0,0.0
5,3,0.125,0.0,0.0,0.875,0.0,0.0,0.0,0.0,0.0,0.0,0.0
5,3,0.125,0.0,0.0,0.875,0.0,0.0,0.0,0.0,0.0,0.0,0.0
5,3,0.125,0.0,0.0,0.875,0.0,0.0,0.0,0.0,0.0,0.0,0.0
5,3,0.125,0.0,0.0,0.875,0.0,0.0,0.0,0.0,0.0,0.0,0.0
5,3,0.125,0.0,0.0,0.875,0.0,0.0,0.0,0.0,0.0,0.0,0.0
5,3,0.125,0.0,0.0,0.875,0.0,0.0,0.0,0.0,0.0,0.0,0.0
5,3,0.125,0.0,0.0,0.875,0.0,0.0,0.0,0.0,0.0,0.0,0.0
5,3,0.125,0.0,0.0,0.875,0.0,0.0,0.0,0.0,0.0,0.0,0.0
5,3,0.125,0.0,0.0,0.875,0.0,0.0,0.0,0.0,0.0,0.0,0.0
5,3,0.125,0.0,0.0,0.875,0.0,0.0,0.0,0.0,0.0,0.0,0.0
5,3,0.125,0.0,0.0,0.875,0.0,0.0,0.0,0.0,0.0,0.0,0.0
5,3,0.125,0.0,0.0,0.875,0.0,0.0,0.0,0.0,0.0,0.0,0.0
5,3,0.125,0.0,0.0,0.875,0.0,0.0,0.0,0.0,0.0,0.0,0.0
5,3,0.125,0.0,0.0,0.875,0.0,0.0,0.0,0.0,0.0,0.0,0.0
5,3,0.125,0.0,0.0,0.875,0.0,0.0,0.0,0.0,0.0,0.0,0.0
5,3,0.125,0.0,0.0,0.875,0.0,0.0,0.0,0.0,0.0,0.0,0.0
5,3,0.125,0.0,0.0,0.875,0.0,0.0,0.0,0.0,0.0,0.0,0.0
5,3,0.125,0.0,0.0,0.875,0.0,0.0,0.0,0.0,0.0,0.0,0.0
5,3,0.125,0.0,0.0,0.875,0.0,0.0,0.0,0.0,0.0,0.0,0.0
5,3,0.1875,0.0,0.0,0.8125,0.0,0.0,0.0,0.0,0.0,0.0,0.0
5,3,0.1875,0.0,0.0,0.8125,0.0,0.0,0.0,0.0,0.0,0.0,0.0
5,3,0.1875,0.0,0.0,0.8125,0.0,0.0,0.0,0.0,0.0,0.0,0.0
5,3,0.1875,0.0,0.0,0.8125,0.0,0.0,0.0,0.0,0.0,0.0,0.0
5,3,0.1875,0.0,0.0,0.8125,0.0,0.0,0.0,0.0,0.0,0.0,0.0
5,3,0.1875,0.0,0.0,0.8125,0.0,0.0,0.0,0.0,0.0,0.0,0.0
5,3,0.1875,0.0,0.0,0.8125,0.0,0.0,0.0,0.0,0.0,0.0,0.0
5,3,0.1875,0.0,0.0,0.8125,0.0,0.0,0.0,0.0,0.0,0.0,0.0
5,3,0.1875,0.0,0.0,0.8125,0.0,0.0,0.0,0.0,0.0,0.0,0.0
5,3,0.1875,0.0,0.0,0.8125,0.0,0.0,0.0,0.0,0.0,0.0,0.0
5,3,0.1875,0.0,0.0,0.8125,0.0,0.0,0.0,0.0,0.0,0.0,0.0
5,3,0.1875,0.0,0.0,0.8125,0.0,0.0,0.0,0.0,0.0,0.0,0.0
5,3,0.1875,0.0,0.0,0.8125,0.0,0.0,0.0,0.0,0.0,0.0,0.0
5,3,0.1875,0.0,0.0,0.8125,0.0,0.0,0.0,0.0,0.0,0.0,0.0
5,3,0.125,0.0,0.0,0.875,0.0,0.0,0.0,0.0,0.0,0.0,0.0
5,3,0.125,0.0,0.0,0.875,0.0,0.0,0.0,0.0,0.0,0.0,0.0
5,3,0.125,0.0,0.0,0.875,0.0,0.0,0.0,0.0,0.0,0.0,0.0
5,3,0.125,0.0,0.0,0.875,0.0,0.0,0.0,0.0,0.0,0.0,0.0
5,3,0.125,0.0,0.0,0.875,0.0,0.0,0.0,0.0,0.0,0.0,0.0
5,3,0.125,0.0,0.0,0.875,0.0,0.0,0.0,0.0,0.0,0.0,0.0
5,3,0.125,0.0,0.0,0.875,0.0,0.0,0.0,0.0,0.0,0.0,0.0
5,3,0.125,0.0,0.0,0.875,0.0,0.0,0.0,0.0,0.0,0.0,0.0
5,3,0.125,0.0,0.0,0.875,0.0,0.0,0.0,0.0,0.0,0.0,0.0
5,3,0.125,0.0,0.0,0.875,0.0,0.0,0.0,0.0,0.0,0.0,0.0
5,3,0.125,0.0,0.0,0.875,0.0,0.0,0.0,0.0,0.0,0.0,0.0
5,3,0.125,0.0,0.0,0.875,0.0,0.0,0.0,0.0,0.0,0.0,0.0
5,3,0.0625,0.0,0.0,0.9375,0.0,0.0,0.0,0.0,0.0,0.0,0.0
5,3,0.0625,0.0,0.0,0.9375,0.0,0.0,0.0,0.0,0.0,0.0,0.0
5,3,0.0625,0.0,0.0,0.9375,0.0,0.0,0.0,0.0,0.0,0.0,0.0
5,3,0.0625,0.0,0.0,0.9375,0.0,0.0,0.0,0.0,0.0,0.0,0.0
5,3,0.0625,0.0,0.0,0.9375,0.0,0.0,0.0,0.0,0.0,0.0,0.0
5,3,0.0625,0.0,0.0,0.9375,0.0,0.0,0.0,0.0,0.0,0.0,0.0
5,3,0.0625,0.0,0.0,0.9375,0.0,0.0,0.0,0.0,0.0,0.0,0.0
5,3,0.0625,0.0,0.0,0.9375,0.0,0.0,0.0,0.0,0.0,0.0,0.0
5,3,0.0625,0.0,0.0,0.9375,0.0,0.0,0.0,0.0,0.0,0.0,0.0
5,3,0.0625,0.0,0.0,0.9375,0.0,0.0,0.0,0.0,0.0,0.0,0.0
5,3,0.0625,0.0,0.0,0.9375,0.0,0.0,0.0,0.0,0.0,0.0,0.0
5,3,0.0625,0.0,0.0,0.9375,0.0,0.0,0.0,0.0,0.0,0.0,0.0
5,3,0.0625,0.0,0.0,0.9375,0.0,0.0,0.0,0.0,0.0,0.0,0.0
5,3,0.0625,0.0,0.0,0.9375,0.0,0.0,0.0,0.0,0.0,0.0,0.0
5,3,0.0625,0.0,0.0,0.9375,0.0,0.0,0.0,0.0,0.0,0.0,0.0
5,3,0.0625,0.0,0.0,0.9375,0.0,0.0,0.0,0.0,0.0,0.0,0.0
5,3,0.0625,0.0,0.0,0.9375,0.0,0.0,0.0,0.0,0.0,0.0,0.0
5,3,0.0625,0.0,0.0,0.9375,0.0,0.0,0.0,0.0,0.0,0.0,0.0
5,3,0.0625,0.0,0.0,0.9375,0.0,0.0,0.0,0.0,0.0,0.0,0.0
5,3,0.0625,0.0,0.0,0.9375,0.0,0.0,0.0,0.0,0.0,0.0,0.0
5,3,0.0625,0.0,0.0,0.9375,0.0,0.0,0.0,0.0,0.0,0.0,0.0
5,3,0.0625,0.0,0.0,0.9375,0.0,0.0,0.0,0.0,0.0,0.0,0.0
5,3,0.0625,0.0,0.0,0.9375,0.0,0.0,0.0,0.0,0.0,0.0,0.0
5,3,0.0625,0.0,0.0,0.9375,0.0,0.0,0.0,0.0,0.0,0.0,0.0
5,3,0.125,0.0,0.0,0.875,0.0,0.0,0.0,0.0,0.0,0.0,0.0
5,3,0.125,0.0,0.0,0.875,0.0,0.0,0.0,0.0,0.0,0.0,0.0
5,3,0.125,0.0,0.0,0.875,0.0,0.0,0.0,0.0,0.0,0.0,0.0
5,3,0.125,0.0,0.0,0.875,0.0,0.0,0.0,0.0,0.0,0.0,0.0
5,3,0.125,0.0,0.0,0.875,0.0,0.0,0.0,0.0,0.0,0.0,0.0
5,3,0.1875,0.0,0.0,0.8125,0.0,0.0,0.0,0.0,0.0,0.0,0.0
5,3,0.1875,0.0,0.0,0.8125,0.0,0.0,0.0,0.0,0.0,0.0,0.0
5,3,0.1875,0.0,0.0,0.8125,0.0,0.0,0.0,0.0,0.0,0.0,0.0
5,3,0.1875,0.0,0.0,0.8125,0.0,0.0,0.0,0.0,0.0,0.0,0.0
5,3,0.1875,0.0,0.0,0.8125,0.0,0.0,0.0,0.0,0.0,0.0,0.0
5,3,0.1875,0.0,0.0,0.8125,0.0,0.0,0.0,0.0,0.0,0.0,0.0
5,3,0.1875,0.0,0.0,0.8125,0.0,0.0,0.0,0.0,0.0,0.0,0.0
5,3,0.1875,0.0,0.0,0.8125,0.0,0.0,0.0,0.0,0.0,0.0,0.0
5,3,0.1875,0.0,0.0,0.8125,0.0,0.0,0.0,0.0,0.0,0.0,0.0
5,3,0.1875,0.0,0.0,0.8125,0.0,0.0,0.0,0.0,0.0,0.0,0.0
5,3,0.1875,0.0,0.0,0.8125,0.0,0.0,0.0,0.0,0.0,0.0,0.0
5,3,0.1875,0.0,0.0,0.8125,0.0,0.0,0.0,0.0,0.0,0.0,0.0
5,3,0.1875,0.0,0.0,0.8125,0.0,0.0,0.0,0.0,0.0,0.0,0.0
5,3,0.1875,0.0,0.0,0.8125,0.0,0.0,0.0,0.0,0.0,0.0,0.0
5,3,0.1875,0.0,0.0,0.8125,0.0,0.0,0.0,0.0,0.0,0.0,0.0
5,3,0.1875,0.0,0.0,0.8125,0.0,0.0,0.0,0.0,0.0,0.0,0.0
5,3,0.1875,0.0,0.0,0.8125,0.0,0.0,0.0,0.0,0.0,0.0,0.0
5,3,0.1875,0.0,0.0,0.8125,0.0,0.0,0.0,0.0,0.0,0.0,0.0
5,3,0.1875,0.0,0.0,0.8125,0.0,0.0,0.0,0.0,0.0,0.0,0.0
5,3,0.1875,0.0,0.0,0.8125,0.0,0.0,0.0,0.0,0.0,0.0,0.0
5,3,0.1875,0.0,0.0,0.8125,0.0,0.0,0.0,0.0,0.0,0.0,0.0
5,3,0.1875,0.0,0.0,0.8125,0.0,0.0,0.0,0.0,0.0,0.0,0.0
5,3,0.1875,0.0,0.0,0.8125,0.0,0.0,0.0,0.0,0.0,0.0,0.0
5,3,0.3125,0.0,0.0,0.6875,0.0,0.0,0.0,0.0,0.0,0.0,0.0
5,3,0.3125,0.0,0.0,0.6875,0.0,0.0,0.0,0.0,0.0,0.0,0.0
5,3,0.3125,0.0,0.0,0.6875,0.0,0.0,0.0,0.0,0.0,0.0,0.0
5,3,0.3125,0.0,0.0,0.6875,0.0,0.0,0.0,0.0,0.0,0.0,0.0
5,3,0.3125,0.0,0.0,0.6875,0.0,0.0,0.0,0.0,0.0,0.0,0.0
5,3,0.3125,0.0,0.0,0.6875,0.0,0.0,0.0,0.0,0.0,0.0,0.0
5,3,0.3125,0.0,0.0,0.6875,0.0,0.0,0.0,0.0,0.0,0.0,0.0
5,3,0.3125,0.0,0.0,0.6875,0.0,0.0,0.0,0.0,0.0,0.0,0.0
5,3,0.3125,0.0,0.0,0.6875,0.0,0.0,0.0,0.0,0.0,0.0,0.0
5,3,0.3125,0.0,0.0,0.6875,0.0,0.0,0.0,0.0,0.0,0.0,0.0
5,3,0.3125,0.0,0.0,0.6875,0.0,0.0,0.0,0.0,0.0,0.0,0.0
5,3,0.3125,0.0,0.0,0.6875,0.0,0.0,0.0,0.0,0.0,0.0,0.0
5,3,0.3125,0.0,0.0,0.6875,0.0,0.0,0.0,0.0,0.0,0.0,0.0
5,3,0.3125,0.0,0.0,0.6875,0.0,0.0,0.0,0.0,0.0,0.0,0.0
5,3,0.375,0.0,0.0,0.5625,0.0625,0.0,0.0,0.0,0.0,0.0,0.0
5,3,0.375,0.0,0.0,0.5625,0.0625,0.0,0.0,0.0,0.0,0.0,0.0
5,3,0.375,0.0,0.0,0.5625,0.0625,0.0,0.0,0.0,0.0,0.0,0.0
5,3,0.375,0.0,0.0,0.5625,0.0625,0.0,0.0,0.0,0.0,0.0,0.0
5,3,0.375,0.0,0.0,0.5625,0.0625,0.0,0.0,0.0,0.0,0.0,0.0
5,3,0.375,0.0,0.0,0.5625,0.0625,0.0,0.0,0.0,0.0,0.0,0.0
5,3,0.375,0.0,0.0,0.5625,0.0625,0.0,0.0,0.0,0.0,0.0,0.0
5,3,0.375,0.0,0.0,0.5625,0.0625,0.0,0.0,0.0,0.0,0.0,0.0
5,3,0.375,0.0,0.0,0.5625,0.0625,0.0,0.0,0.0,0.0,0.0,0.0
5,3,0.375,0.0,0.0,0.5625,0.0625,0.0,0.0,0.0,0.0,0.0,0.0
5,3,0.375,0.0,0.0,0.5625,0.0625,0.0,0.0,0.0,0.0,0.0,0.0
5,3,0.375,0.0,0.0,0.5625,0.0625,0.0,0.0,0.0,0.0,0.0,0.0
5,3,0.375,0.0,0.0,0.5625,0.0625,0.0,0.0,0.0,0.0,0.0,0.0
5,3,0.375,0.0,0.0,0.5625,0.0625,0.0,0.0,0.0,0.0,0.0,0.0
5,3,0.375,0.0,0.0,0.5625,0.0625,0.0,0.0,0.0,0.0,0.0,0.0
5,3,0.375,0.0,0.0,0.5625,0.0625,0.0,0.0,0.0,0.0,0.0,0.0
5,3,0.375,0.0,0.0,0.5625,0.0625,0.0,0.0,0.0,0.0,0.0,0.0
5,3,0.375,0.0,0.0,0.5625,0.0625,0.0,0.0,0.0,0.0,0.0,0.0
5,3,0.375,0.0,0.0,0.5625,0.0625,0.0,0.0,0.0,0.0,0.0,0.0
5,3,0.375,0.0,0.0,0.5625,0.0625,0.0,0.0,0.0,0.0,0.0,0.0
5,3,0.375,0.0,0.0,0.5625,0.0625,0.0,0.0,0.0,0.0,0.0,0.0
5,3,0.375,0.0,0.0,0.5625,0.0625,0.0,0.0,0.0,0.0,0.0,0.0
5,3,0.375,0.0,0.0,0.5625,0.0625,0.0,0.0,0.0,0.0,0.0,0.0
5,3,0.375,0.0,0.0,0.5625,0.0625,0.0,0.0,0.0,0.0,0.0,0.0
5,3,0.375,0.0,0.0,0.5625,0.0625,0.0,0.0,0.0,0.0,0.0,0.0
5,3,0.375,0.0,0.0,0.5625,0.0625,0.0,0.0,0.0,0.0,0.0,0.0
5,3,0.375,0.0,0.0,0.5625,0.0625,0.0,0.0,0.0,0.0,0.0,0.0
5,3,0.375,0.0,0.0,0.5625,0.0625,0.0,0.0,0.0,0.0,0.0,0.0
5,3,0.375,0.0,0.0,0.5625,0.0625,0.0,0.0,0.0,0.0,0.0,0.0
5,3,0.375,0.0,0.0,0.5625,0.0625,0.0,0.0,0.0,0.0,0.0,0.0
5,3,0.375,0.0,0.0,0.5625,0.0625,0.0,0.0,0.0,0.0,0.0,0.0
5,3,0.375,0.0,0.0,0.5625,0.0625,0.0,0.0,0.0,0.0,0.0,0.0
5,3,0.375,0.0,0.0,0.5625,0.0625,0.0,0.0,0.0,0.0,0.0,0.0
5,3,0.375,0.0,0.0,0.5625,0.0625,0.0,0.0,0.0,0.0,0.0,0.0
5,3,0.375,0.0,0.0,0.5625,0.0625,0.0,0.0,0.0,0.0,0.0,0.0
5,3,0.375,0.0,0.0,0.5625,0.0625,0.0,0.0,0.0,0.0,0.0,0.0
5,3,0.375,0.0,0.0,0.5625,0.0625,0.0,0.0,0.0,0.0,0.0,0.0
5,3,0.375,0.0,0.0,0.5625,0.0625,0.0,0.0,0.0,0.0,0.0,0.0
5,3,0.375,0.0,0.0,0.5625,0.0625,0.0,0.0,0.0,0.0,0.0,0.0
5,3,0.375,0.0,0.0,0.5625,0.0625,0.0,0.0,0.0,0.0,0.0,0.0
5,3,0.375,0.0,0.0,0.5625,0.0625,0.0,0.0,0.0,0.0,0.0,0.0
5,3,0.375,0.0,0.0,0.5625,0.0625,0.0,0.0,0.0,0.0,0.0,0.0
5,3,0.375,0.0,0.0,0.5625,0.0625,0.0,0.0,0.0,0.0,0.0,0.0
5,3,0.375,0.0,0.0,0.5625,0.0625,0.0,0.0,0.0,0.0,0.0,0.0
5,3,0.375,0.0,0.0,0.5625,0.0625,0.0,0.0,0.0,0.0,0.0,0.0
5,3,0.375,0.0,0.0,0.5625,0.0625,0.0,0.0,0.0,0.0,0.0,0.0
5,3,0.375,0.0,0.0,0.5625,0.0625,0.0,0.0,0.0,0.0,0.0,0.0
5,3,0.375,0.0,0.0,0.5625,0.0625,0.0,0.0,0.0,0.0,0.0,0.0
5,3,0.375,0.0,0.0,0.5625,0.0625,0.0,0.0,0.0,0.0,0.0,0.0
5,3,0.375,0.0,0.0,0.5625,0.0625,0.0,0.0,0.0,0.0,0.0,0.0
5,3,0.375,0.0,0.0,0.5625,0.0625,0.0,0.0,0.0,0.0,0.0,0.0
5,3,0.375,0.0,0.0,0.5625,0.0625,0.0,0.0,0.0,0.0,0.0,0.0
5,3,0.375,0.0,0.0,0.5625,0.0625,0.0,0.0,0.0,0.0,0.0,0.0
5,3,0.375,0.0,0.0,0.5625,0.0625,0.0,0.0,0.0,0.0,0.0,0.0
5,3,0.375,0.0,0.0,0.5625,0.0625,0.0,0.0,0.0,0.0,0.0,0.0
5,3,0.375,0.0,0.0,0.5625,0.0625,0.0,0.0,0.0,0.0,0.0,0.0
5,3,0.375,0.0,0.0,0.5625,0.0625,0.0,0.0,0.0,0.0,0.0,0.0
5,3,0.375,0.0,0.0,0.5625,0.0625,0.0,0.0,0.0,0.0,0.0,0.0
5,3,0.375,0.0,0.0,0.5625,0.0625,0.0,0.0,0.0,0.0,0.0,0.0
5,3,0.375,0.0,0.0,0.5625,0.0625,0.0,0.0,0.0,0.0,0.0,0.0
5,3,0.375,0.0,0.0,0.5625,0.0625,0.0,0.0,0.0,0.0,0.0,0.0
5,3,0.375,0.0,0.0,0.5625,0.0625,0.0,0.0,0.0,0.0,0.0,0.0
5,3,0.375,0.0,0.0,0.5625,0.0625,0.0,0.0,0.0,0.0,0.0,0.0
5,3,0.375,0.0,0.0,0.5625,0.0625,0.0,0.0,0.0,0.0,0.0,0.0
5,3,0.375,0.0,0.0,0.5625,0.0625,0.0,0.0,0.0,0.0,0.0,0.0
5,3,0.375,0.0,0.0,0.5625,0.0625,0.0,0.0,0.0,0.0,0.0,0.0
5,3,0.375,0.0,0.0,0.5625,0.0625,0.0,0.0,0.0,0.0,0.0,0.0
5,3,0.375,0.0,0.0,0.5625,0.0625,0.0,0.0,0.0,0.0,0.0,0.0
5,3,0.375,0.0,0.0,0.5625,0.0625,0.0,0.0,0.0,0.0,0.0,0.0
5,3,0.375,0.0,0.0,0.5625,0.0625,0.0,0.0,0.0,0.0,0.0,0.0
5,3,0.375,0.0,0.0,0.5625,0.0625,0.0,0.0,0.0,0.0,0.0,0.0
5,3,0.375,0.0,0.0,0.5625,0.0625,0.0,0.0,0.0,0.0,0.0,0.0
5,3,0.375,0.0,0.0,0.5625,0.0625,0.0,0.0,0.0,0.0,0.0,0.0
5,3,0.375,0.0,0.0,0.5625,0.0625,0.0,0.0,0.0,0.0,0.0,0.0
5,3,0.375,0.0,0.0,0.5625,0.0625,0.0,0.0,0.0,0.0,0.0,0.0
5,3,0.375,0.0,0.0,0.5625,0.0625,0.0,0.0,0.0,0.0,0.0,0.0
5,3,0.375,0.0,0.0,0.5625,0.0625,0.0,0.0,0.0,0.0,0.0,0.0
5,3,0.375,0.0,0.0,0.5625,0.0625,0.0,0.0,0.0,0.0,0.0,0.0
5,3,0.375,0.0,0.0,0.5625,0.0625,0.0,0.0,0.0,0.0,0.0,0.0
5,3,0.375,0.0,0.0,0.5625,0.0625,0.0,0.0,0.0,0.0,0.0,0.0
5,3,0.375,0.0,0.0,0.5625,0.0625,0.0,0.0,0.0,0.0,0.0,0.0
5,3,0.375,0.0,0.0,0.5625,0.0625,0.0,0.0,0.0,0.0,0.0,0.0
5,3,0.375,0.0,0.0,0.5625,0.0625,0.0,0.0,0.0,0.0,0.0,0.0
5,3,0.375,0.0,0.0,0.5625,0.0625,0.0,0.0,0.0,0.0,0.0,0.0
5,3,0.375,0.0,0.0,0.5625,0.0625,0.0,0.0,0.0,0.0,0.0,0.0
5,3,0.375,0.0,0.0,0.5625,0.0625,0.0,0.0,0.0,0.0,0.0,0.0
5,3,0.375,0.0,0.0,0.5625,0.0625,0.0,0.0,0.0,0.0,0.0,0.0
5,3,0.375,0.0,0.0,0.5625,0.0625,0.0,0.0,0.0,0.0,0.0,0.0
5,3,0.375,0.0,0.0,0.5625,0.0625,0.0,0.0,0.0,0.0,0.0,0.0
5,3,0.375,0.0,0.0,0.5625,0.0625,0.0,0.0,0.0,0.0,0.0,0.0
5,3,0.375,0.0,0.0,0.5625,0.0625,0.0,0.0,0.0,0.0,0.0,0.0
5,3,0.375,0.0,0.0,0.5625,0.0625,0.0,0.0,0.0,0.0,0.0,0.0
5,3,0.375,0.0,0.0,0.5625,0.0625,0.0,0.0,0.0,0.0,0.0,0.0
5,3,0.375,0.0,0.0,0.5625,0.0625,0.0,0.0,0.0,0.0,0.0,0.0
5,3,0.375,0.0,0.0,0.5625,0.0625,0.0,0.0,0.0,0.0,0.0,0.0
5,3,0.375,0.0,0.0,0.5625,0.0625,0.0,0.0,0.0,0.0,0.0,0.0
5,3,0.375,0.0,0.0,0.5625,0.0625,0.0,0.0,0.0,0.0,0.0,0.0
5,3,0.375,0.0,0.0,0.5625,0.0625,0.0,0.0,0.0,0.0,0.0,0.0
5,3,0.375,0.0,0.0,0.5625,0.0625,0.0,0.0,0.0,0.0,0.0,0.0
5,3,0.375,0.0,0.0,0.5625,0.0625,0.0,0.0,0.0,0.0,0.0,0.0
5,3,0.375,0.0,0.0,0.5625,0.0625,0.0,0.0,0.0,0.0,0.0,0.0
5,3,0.375,0.0,0.0,0.5625,0.0625,0.0,0.0,0.0,0.0,0.0,0.0
5,3,0.375,0.0,0.0,0.5625,0.0625,0.0,0.0,0.0,0.0,0.0,0.0
5,3,0.375,0.0,0.0,0.5625,0.0625,0.0,0.0,0.0,0.0,0.0,0.0
5,3,0.375,0.0,0.0,0.5625,0.0625,0.0,0.0,0.0,0.0,0.0,0.0
5,3,0.375,0.0,0.0,0.5625,0.0625,0.0,0.0,0.0,0.0,0.0,0.0
5,3,0.375,0.0,0.0,0.5625,0.0625,0.0,0.0,0.0,0.0,0.0,0.0
5,3,0.375,0.0,0.0,0.5625,0.0625,0.0,0.0,0.0,0.0,0.0,0.0
5,3,0.375,0.0,0.0,0.5625,0.0625,0.0,0.0,0.0,0.0,0.0,0.0
5,3,0.375,0.0,0.0,0.5625,0.0625,0.0,0.0,0.0,0.0,0.0,0.0
5,3,0.375,0.0,0.0,0.5625,0.0625,0.0,0.0,0.0,0.0,0.0,0.0
5,3,0.375,0.0,0.0,0.5625,0.0625,0.0,0.0,0.0,0.0,0.0,0.0
5,3,0.375,0.0,0.0,0.5625,0.0625,0.0,0.0,0.0,0.0,0.0,0.0
5,3,0.375,0.0,0.0,0.5625,0.0625,0.0,0.0,0.0,0.0,0.0,0.0
5,3,0.375,0.0,0.0,0.5625,0.0625,0.0,0.0,0.0,0.0,0.0,0.0
5,3,0.375,0.0,0.0,0.5625,0.0625,0.0,0.0,0.0,0.0,0.0,0.0
5,3,0.375,0.0,0.0,0.5625,0.0625,0.0,0.0,0.0,0.0,0.0,0.0
5,3,0.375,0.0,0.0,0.5625,0.0625,0.0,0.0,0.0,0.0,0.0,0.0
5,3,0.375,0.0,0.0,0.5625,0.0625,0.0,0.0,0.0,0.0,0.0,0.0
5,3,0.375,0.0,0.0,0.5625,0.0625,0.0,0.0,0.0,0.0,0.0,0.0
5,3,0.375,0.0,0.0,0.5625,0.0625,0.0,0.0,0.0,0.0,0.0,0.0
5,3,0.375,0.0,0.0,0.5625,0.0625,0.0,0.0,0.0,0.0,0.0,0.0
5,3,0.375,0.0,0.0,0.5625,0.0625,0.0,0.0,0.0,0.0,0.0,0.0
5,3,0.375,0.0,0.0,0.5625,0.0625,0.0,0.0,0.0,0.0,0.0,0.0
5,3,0.375,0.0,0.0,0.5625,0.0625,0.0,0.0,0.0,0.0,0.0,0.0
5,3,0.375,0.0,0.0,0.5625,0.0625,0.0,0.0,0.0,0.0,0.0,0.0
5,3,0.375,0.0,0.0,0.5625,0.0625,0.0,0.0,0.0,0.0,0.0,0.0
5,3,0.375,0.0,0.0,0.5625,0.0625,0.0,0.0,0.0,0.0,0.0,0.0
5,3,0.375,0.0,0.0,0.5625,0.0625,0.0,0.0,0.0,0.0,0.0,0.0
5,3,0.375,0.0,0.0,0.5625,0.0625,0.0,0.0,0.0,0.0,0.0,0.0
5,3,0.375,0.0,0.0625,0.5,0.0625,0.0,0.0,0.0,0.0,0.0,0.0
5,3,0.375,0.0,0.0625,0.5,0.0625,0.0,0.0,0.0,0.0,0.0,0.0
5,3,0.375,0.0,0.0625,0.5,0.0625,0.0,0.0,0.0,0.0,0.0,0.0
5,3,0.375,0.0,0.0625,0.5,0.0625,0.0,0.0,0.0,0.0,0.0,0.0
5,3,0.375,0.0,0.0625,0.5,0.0625,0.0,0.0,0.0,0.0,0.0,0.0
5,3,0.375,0.0,0.0625,0.5,0.0625,0.0,0.0,0.0,0.0,0.0,0.0
5,3,0.375,0.0,0.0625,0.5,0.0625,0.0,0.0,0.0,0.0,0.0,0.0
5,3,0.375,0.0,0.0625,0.5,0.0625,0.0,0.0,0.0,0.0,0.0,0.0
5,3,0.375,0.0,0.0625,0.5,0.0625,0.0,0.0,0.0,0.0,0.0,0.0
5,3,0.375,0.0,0.0625,0.5,0.0625,0.0,0.0,0.0,0.0,0.0,0.0
5,3,0.375,0.0,0.0625,0.5,0.0625,0.0,0.0,0.0,0.0,0.0,0.0
5,3,0.375,0.0,0.0625,0.5,0.0625,0.0,0.0,0.0,0.0,0.0,0.0
5,3,0.375,0.0,0.0625,0.4375,0.125,0.0,0.0,0.0,0.0,0.0,0.0
5,3,0.375,0.0,0.0625,0.4375,0.125,0.0,0.0,0.0,0.0,0.0,0.0
5,3,0.375,0.0,0.0625,0.4375,0.125,0.0,0.0,0.0,0.0,0.0,0.0
5,3,0.375,0.0,0.0625,0.4375,0.125,0.0,0.0,0.0,0.0,0.0,0.0
5,3,0.375,0.0,0.0625,0.4375,0.125,0.0,0.0,0.0,0.0,0.0,0.0
5,3,0.375,0.0,0.0625,0.4375,0.125,0.0,0.0,0.0,0.0,0.0,0.0
5,3,0.375,0.0,0.0625,0.4375,0.125,0.0,0.0,0.0,0.0,0.0,0.0
5,3,0.375,0.0,0.0625,0.4375,0.125,0.0,0.0,0.0,0.0,0.0,0.0
5,3,0.375,0.0,0.0625,0.5,0.0625,0.0,0.0,0.0,0.0,0.0,0.0
5,3,0.375,0.0,0.0625,0.5,0.0625,0.0,0.0,0.0,0.0,0.0,0.0
5,3,0.375,0.0,0.0625,0.5,0.0625,0.0,0.0,0.0,0.0,0.0,0.0
5,3,0.375,0.0,0.0625,0.5,0.0625,0.0,0.0,0.0,0.0,0.0,0.0
5,3,0.375,0.0,0.0625,0.5,0.0625,0.0,0.0,0.0,0.0,0.0,0.0
5,3,0.375,0.0,0.0625,0.5,0.0625,0.0,0.0,0.0,0.0,0.0,0.0
5,3,0.375,0.0,0.0625,0.5,0.0625,0.0,0.0,0.0,0.0,0.0,0.0
5,3,0.375,0.0,0.0625,0.5,0.0625,0.0,0.0,0.0,0.0,0.0,0.0
5,3,0.375,0.0,0.0625,0.5,0.0625,0.0,0.0,0.0,0.0,0.0,0.0
5,3,0.375,0.0,0.0625,0.5,0.0625,0.0,0.0,0.0,0.0,0.0,0.0
5,3,0.375,0.0,0.0625,0.5,0.0625,0.0,0.0,0.0,0.0,0.0,0.0
5,3,0.375,0.0,0.0625,0.5,0.0625,0.0,0.0,0.0,0.0,0.0,0.0
5,3,0.375,0.0,0.0625,0.5,0.0625,0.0,0.0,0.0,0.0,0.0,0.0
5,3,0.375,0.0,0.0625,0.5,0.0625,0.0,0.0,0.0,0.0,0.0,0.0
5,3,0.4375,0.0,0.0625,0.4375,0.0625,0.0,0.0,0.0,0.0,0.0,0.0
5,3,0.4375,0.0,0.0625,0.4375,0.0625,0.0,0.0,0.0,0.0,0.0,0.0
5,3,0.4375,0.0,0.0625,0.4375,0.0625,0.0,0.0,0.0,0.0,0.0,0.0
5,3,0.4375,0.0,0.0625,0.4375,0.0625,0.0,0.0,0.0,0.0,0.0,0.0
5,3,0.4375,0.0,0.0625,0.4375,0.0625,0.0,0.0,0.0,0.0,0.0,0.0
5,3,0.4375,0.0,0.0625,0.4375,0.0625,0.0,0.0,0.0,0.0,0.0,0.0
5,3,0.4375,0.0,0.0625,0.4375,0.0625,0.0,0.0,0.0,0.0,0.0,0.0
5,3,0.4375,0.0,0.0625,0.4375,0.0625,0.0,0.0,0.0,0.0,0.0,0.0
5,3,0.4375,0.0,0.0625,0.4375,0.0625,0.0,0.0,0.0,0.0,0.0,0.0
5,3,0.4375,0.0,0.0625,0.4375,0.0625,0.0,0.0,0.0,0.0,0.0,0.0
5,3,0.4375,0.0,0.0625,0.4375,0.0625,0.0,0.0,0.0,0.0,0.0,0.0
5,3,0.4375,0.0,0.0625,0.4375,0.0625,0.0,0.0,0.0,0.0,0.0,0.0
5,3,0.4375,0.0,0.0625,0.4375,0.0625,0.0,0.0,0.0,0.0,0.0,0.0
5,3,0.4375,0.0,0.0625,0.4375,0.0625,0.0,0.0,0.0,0.0,0.0,0.0
5,3,0.4375,0.0,0.0625,0.4375,0.0625,0.0,0.0,0.0,0.0,0.0,0.0
5,3,0.4375,0.0,0.0625,0.4375,0.0625,0.0,0.0,0.0,0.0,0.0,0.0
5,3,0.375,0.0,0.125,0.4375,0.0625,0.0,0.0,0.0,0.0,0.0,0.0
5,3,0.375,0.0,0.125,0.4375,0.0625,0.0,0.0,0.0,0.0,0.0,0.0
5,3,0.375,0.0,0.125,0.4375,0.0625,0.0,0.0,0.0,0.0,0.0,0.0
5,3,0.375,0.0,0.125,0.4375,0.0625,0.0,0.0,0.0,0.0,0.0,0.0
5,3,0.375,0.0,0.125,0.4375,0.0625,0.0,0.0,0.0,0.0,0.0,0.0
5,3,0.375,0.0,0.125,0.4375,0.0625,0.0,0.0,0.0,0.0,0.0,0.0
5,3,0.375,0.0,0.125,0.4375,0.0625,0.0,0.0,0.0,0.0,0.0,0.0
5,3,0.375,0.0,0.125,0.4375,0.0625,0.0,0.0,0.0,0.0,0.0,0.0
5,3,0.375,0.0,0.125,0.4375,0.0625,0.0,0.0,0.0,0.0,0.0,0.0
5,3,0.375,0.0,0.125,0.4375,0.0625,0.0,0.0,0.0,0.0,0.0,0.0
5,3,0.375,0.0,0.125,0.4375,0.0625,0.0,0.0,0.0,0.0,0.0,0.0
5,3,0.375,0.0,0.125,0.4375,0.0625,0.0,0.0,0.0,0.0,0.0,0.0
5,3,0.375,0.0,0.125,0.4375,0.0625,0.0,0.0,0.0,0.0,0.0,0.0
5,3,0.375,0.0,0.125,0.4375,0.0625,0.0,0.0,0.0,0.0,0.0,0.0
5,3,0.375,0.0,0.125,0.4375,0.0625,0.0,0.0,0.0,0.0,0.0,0.0
5,3,0.375,0.0,0.125,0.4375,0.0625,0.0,0.0,0.0,0.0,0.0,0.0
5,3,0.375,0.0,0.125,0.4375,0.0625,0.0,0.0,0.0,0.0,0.0,0.0
5,3,0.375,0.0,0.125,0.4375,0.0625,0.0,0.0,0.0,0.0,0.0,0.0
5,3,0.375,0.0,0.125,0.4375,0.0625,0.0,0.0,0.0,0.0,0.0,0.0
5,3,0.375,0.0,0.125,0.4375,0.0625,0.0,0.0,0.0,0.0,0.0,0.0
5,3,0.375,0.0,0.125,0.4375,0.0625,0.0,0.0,0.0,0.0,0.0,0.0
5,3,0.375,0.0,0.125,0.4375,0.0625,0.0,0.0,0.0,0.0,0.0,0.0
5,3,0.375,0.0,0.125,0.4375,0.0625,0.0,0.0,0.0,0.0,0.0,0.0
5,3,0.375,0.0,0.125,0.4375,0.0625,0.0,0.0,0.0,0.0,0.0,0.0
5,3,0.375,0.0,0.125,0.4375,0.0625,0.0,0.0,0.0,0.0,0.0,0.0
5,3,0.375,0.0,0.125,0.4375,0.0625,0.0,0.0,0.0,0.0,0.0,0.0
5,3,0.375,0.0,0.125,0.4375,0.0625,0.0,0.0,0.0,0.0,0.0,0.0
5,3,0.375,0.0,0.125,0.4375,0.0625,0.0,0.0,0.0,0.0,0.0,0.0
5,3,0.375,0.0,0.125,0.4375,0.0625,0.0,0.0,0.0,0.0,0.0,0.0
5,3,0.375,0.0,0.125,0.4375,0.0625,0.0,0.0,0.0,0.0,0.0,0.0
5,3,0.35714287,0.0,0.14285715,0.42857143,0.071428575,0.0,0.0,0.0,0.0,0.0,0.0
5,3,0.35714287,0.0,0.14285715,0.42857143,0.071428575,0.0,0.0,0.0,0.0,0.0,0.0
5,3,0.35714287,0.0,0.14285715,0.42857143,0.071428575,0.0,0.0,0.0,0.0,0.0,0.0
5,3,0.35714287,0.0,0.14285715,0.42857143,0.071428575,0.0,0.0,0.0,0.0,0.0,0.0
5,3,0.35714287,0.0,0.14285715,0.42857143,0.071428575,0.0,0.0,0.0,0.0,0.0,0.0
5,3,0.35714287,0.0,0.14285715,0.42857143,0.071428575,0.0,0.0,0.0,0.0,0.0,0.0
5,3,0.35714287,0.0,0.14285715,0.42857143,0.071428575,0.0,0.0,0.0,0.0,0.0,0.0
5,3,0.35714287,0.0,0.14285715,0.42857143,0.071428575,0.0,0.0,0.0,0.0,0.0,0.0
5,3,0.35714287,0.0,0.14285715,0.42857143,0.071428575,0.0,0.0,0.0,0.0,0.0,0.0
5,3,0.35714287,0.0,0.14285715,0.42857143,0.071428575,0.0,0.0,0.0,0.0,0.0,0.0
5,0,0.35714287,0.0,0.21428572,0.35714287,0.071428575,0.0,0.0,0.0,0.0,0.0,0.0
5,0,0.35714287,0.0,0.21428572,0.35714287,0.071428575,0.0,0.0,0.0,0.0,0.0,0.0
5,0,0.35714287,0.0,0.21428572,0.35714287,0.071428575,0.0,0.0,0.0,0.0,0.0,0.0
5,0,0.35714287,0.0,0.21428572,0.35714287,0.071428575,0.0,0.0,0.0,0.0,0.0,0.0
5,0,0.35714287,0.0,0.21428572,0.35714287,0.071428575,0.0,0.0,0.0,0.0,0.0,0.0
5,0,0.35714287,0.0,0.21428572,0.35714287,0.071428575,0.0,0.0,0.0,0.0,0.0,0.0
5,0,0.35714287,0.0,0.21428572,0.35714287,0.071428575,0.0,0.0,0.0,0.0,0.0,0.0
5,0,0.35714287,0.0,0.21428572,0.35714287,0.071428575,0.0,0.0,0.0,0.0,0.0,0.0
5,0,0.35714287,0.0,0.21428572,0.35714287,0.071428575,0.0,0.0,0.0,0.0,0.0,0.0
5,0,0.35714287,0.0,0.21428572,0.35714287,0.071428575,0.0,0.0,0.0,0.0,0.0,0.0
5,0,0.35714287,0.0,0.21428572,0.35714287,0.071428575,0.0,0.0,0.0,0.0,0.0,0.0
5,0,0.35714287,0.0,0.21428572,0.35714287,0.071428575,0.0,0.0,0.0,0.0,0.0,0.0
5,0,0.35714287,0.0,0.21428572,0.35714287,0.071428575,0.0,0.0,0.0,0.0,0.0,0.0
5,0,0.35714287,0.0,0.21428572,0.35714287,0.071428575,0.0,0.0,0.0,0.0,0.0,0.0
5,0,0.35714287,0.0,0.21428572,0.35714287,0.071428575,0.0,0.0,0.0,0.0,0.0,0.0
5,0,0.35714287,0.0,0.21428572,0.35714287,0.071428575,0.0,0.0,0.0,0.0,0.0,0.0
5,0,0.35714287,0.0,0.21428572,0.35714287,0.071428575,0.0,0.0,0.0,0.0,0.0,0.0
5,0,0.35714287,0.0,0.21428572,0.35714287,0.071428575,0.0,0.0,0.0,0.0,0.0,0.0
5,0,0.35714287,0.0,0.21428572,0.35714287,0.071428575,0.0,0.0,0.0,0.0,0.0,0.0
5,0,0.35714287,0.0,0.21428572,0.35714287,0.071428575,0.0,0.0,0.0,0.0,0.0,0.0
5,0,0.35714287,0.0,0.21428572,0.35714287,0.071428575,0.0,0.0,0.0,0.0,0.0,0.0
5,0,0.35714287,0.0,0.21428572,0.35714287,0.071428575,0.0,0.0,0.0,0.0,0.0,0.0
5,0,0.35714287,0.0,0.21428572,0.35714287,0.071428575,0.0,0.0,0.0,0.0,0.0,0.0
5,0,0.35714287,0.0,0.21428572,0.35714287,0.071428575,0.0,0.0,0.0,0.0,0.0,0.0
5,0,0.35714287,0.0,0.21428572,0.35714287,0.071428575,0.0,0.0,0.0,0.0,0.0,0.0
5,0,0.35714287,0.0,0.21428572,0.35714287,0.071428575,0.0,0.0,0.0,0.0,0.0,0.0
5,3,0.2857143,0.0,0.2857143,0.35714287,0.071428575,0.0,0.0,0.0,0.0,0.0,0.0
5,3,0.2857143,0.0,0.2857143,0.35714287,0.071428575,0.0,0.0,0.0,0.0,0.0,0.0
5,3,0.2857143,0.0,0.2857143,0.35714287,0.071428575,0.0,0.0,0.0,0.0,0.0,0.0
5,3,0.2857143,0.0,0.2857143,0.35714287,0.071428575,0.0,0.0,0.0,0.0,0.0,0.0
5,3,0.2857143,0.0,0.2857143,0.35714287,0.071428575,0.0,0.0,0.0,0.0,0.0,0.0
5,3,0.2857143,0.0,0.2857143,0.35714287,0.071428575,0.0,0.0,0.0,0.0,0.0,0.0
5,3,0.21428572,0.0,0.2857143,0.42857143,0.071428575,0.0,0.0,0.0,0.0,0.0,0.0
5,3,0.21428572,0.0,0.2857143,0.42857143,0.071428575,0.0,0.0,0.0,0.0,0.0,0.0
5,3,0.21428572,0.0,0.2857143,0.42857143,0.071428575,0.0,0.0,0.0,0.0,0.0,0.0
5,3,0.21428572,0.0,0.2857143,0.42857143,0.071428575,0.0,0.0,0.0,0.0,0.0,0.0
5,3,0.21428572,0.0,0.2857143,0.42857143,0.071428575,0.0,0.0,0.0,0.0,0.0,0.0
5,3,0.21428572,0.0,0.2857143,0.42857143,0.071428575,0.0,0.0,0.0,0.0,0.0,0.0
5,3,0.21428572,0.0,0.2857143,0.42857143,0.071428575,0.0,0.0,0.0,0.0,0.0,0.0
5,3,0.21428572,0.0,0.2857143,0.42857143,0.071428575,0.0,0.0,0.0,0.0,0.0,0.0
5,3,0.21428572,0.0,0.2857143,0.42857143,0.071428575,0.0,0.0,0.0,0.0,0.0,0.0
5,3,0.21428572,0.0,0.2857143,0.42857143,0.071428575,0.0,0.0,0.0,0.0,0.0,0.0
5,3,0.21428572,0.0,0.2857143,0.42857143,0.071428575,0.0,0.0,0.0,0.0,0.0,0.0
5,3,0.21428572,0.0,0.2857143,0.42857143,0.071428575,0.0,0.0,0.0,0.0,0.0,0.0
5,3,0.21428572,0.0,0.2857143,0.42857143,0.071428575,0.0,0.0,0.0,0.0,0.0,0.0
5,3,0.21428572,0.0,0.2857143,0.42857143,0.071428575,0.0,0.0,0.0,0.0,0.0,0.0
5,3,0.21428572,0.0,0.2857143,0.42857143,0.071428575,0.0,0.0,0.0,0.0,0.0,0.0
5,3,0.21428572,0.0,0.2857143,0.42857143,0.071428575,0.0,0.0,0.0,0.0,0.0,0.0
5,3,0.21428572,0.0,0.2857143,0.42857143,0.071428575,0.0,0.0,0.0,0.0,0.0,0.0
5,3,0.21428572,0.0,0.2857143,0.42857143,0.071428575,0.0,0.0,0.0,0.0,0.0,0.0
5,3,0.21428572,0.0,0.2857143,0.42857143,0.071428575,0.0,0.0,0.0,0.0,0.0,0.0
5,3,0.21428572,0.0,0.2857143,0.42857143,0.071428575,0.0,0.0,0.0,0.0,0.0,0.0
5,3,0.21428572,0.0,0.2857143,0.42857143,0.071428575,0.0,0.0,0.0,0.0,0.0,0.0
5,3,0.21428572,0.0,0.2857143,0.42857143,0.071428575,0.0,0.0,0.0,0.0,0.0,0.0
5,3,0.21428572,0.0,0.2857143,0.42857143,0.071428575,0.0,0.0,0.0,0.0,0.0,0.0
5,3,0.21428572,0.0,0.2857143,0.35714287,0.071428575,0.071428575,0.0,0.0,0.0,0.0,0.0
5,3,0.21428572,0.0,0.2857143,0.35714287,0.071428575,0.071428575,0.0,0.0,0.0,0.0,0.0
5,3,0.21428572,0.0,0.2857143,0.35714287,0.071428575,0.071428575,0.0,0.0,0.0,0.0,0.0
5,3,0.21428572,0.0,0.2857143,0.35714287,0.071428575,0.071428575,0.0,0.0,0.0,0.0,0.0
5,3,0.21428572,0.0,0.2857143,0.35714287,0.071428575,0.071428575,0.0,0.0,0.0,0.0,0.0
5,3,0.21428572,0.0,0.2857143,0.35714287,0.071428575,0.071428575,0.0,0.0,0.0,0.0,0.0
5,3,0.21428572,0.0,0.2857143,0.35714287,0.071428575,0.071428575,0.0,0.0,0.0,0.0,0.0
5,3,0.21428572,0.0,0.2857143,0.35714287,0.071428575,0.071428575,0.0,0.0,0.0,0.0,0.0
5,3,0.21428572,0.0,0.2857143,0.35714287,0.071428575,0.071428575,0.0,0.0,0.0,0.0,0.0
5,3,0.21428572,0.0,0.2857143,0.35714287,0.071428575,0.071428575,0.0,0.0,0.0,0.0,0.0
5,3,0.21428572,0.0,0.2857143,0.35714287,0.071428575,0.071428575,0.0,0.0,0.0,0.0,0.0
5,3,0.21428572,0.0,0.2857143,0.35714287,0.071428575,0.071428575,0.0,0.0,0.0,0.0,0.0
5,3,0.21428572,0.0,0.2857143,0.35714287,0.071428575,0.071428575,0.0,0.0,0.0,0.0,0.0
5,3,0.21428572,0.0,0.2857143,0.35714287,0.071428575,0.071428575,0.0,0.0,0.0,0.0,0.0
5,3,0.21428572,0.0,0.2857143,0.35714287,0.071428575,0.071428575,0.0,0.0,0.0,0.0,0.0
5,3,0.2857143,0.0,0.21428572,0.35714287,0.071428575,0.071428575,0.0,0.0,0.0,0.0,0.0
5,3,0.2857143,0.0,0.21428572,0.35714287,0.071428575,0.071428575,0.0,0.0,0.0,0.0,0.0
5,3,0.2857143,0.0,0.21428572,0.35714287,0.071428575,0.071428575,0.0,0.0,0.0,0.0,0.0
5,3,0.2857143,0.0,0.21428572,0.35714287,0.071428575,0.071428575,0.0,0.0,0.0,0.0,0.0
5,3,0.2857143,0.0,0.21428572,0.35714287,0.071428575,0.071428575,0.0,0.0,0.0,0.0,0.0
5,3,0.2857143,0.0,0.21428572,0.35714287,0.071428575,0.071428575,0.0,0.0,0.0,0.0,0.0
5,3,0.2857143,0.0,0.21428572,0.35714287,0.071428575,0.071428575,0.0,0.0,0.0,0.0,0.0
5,3,0.2857143,0.0,0.21428572,0.35714287,0.071428575,0.071428575,0.0,0.0,0.0,0.0,0.0
5,3,0.21428572,0.0,0.21428572,0.42857143,0.071428575,0.071428575,0.0,0.0,0.0,0.0,0.0
5,3,0.21428572,0.0,0.21428572,0.42857143,0.071428575,0.071428575,0.0,0.0,0.0,0.0,0.0
5,3,0.21428572,0.0,0.21428572,0.42857143,0.071428575,0.071428575,0.0,0.0,0.0,0.0,0.0
5,3,0.21428572,0.0,0.21428572,0.42857143,0.071428575,0.071428575,0.0,0.0,0.0,0.0,0.0
5,3,0.21428572,0.0,0.21428572,0.42857143,0.071428575,0.071428575,0.0,0.0,0.0,0.0,0.0
5,3,0.21428572,0.0,0.21428572,0.42857143,0.071428575,0.071428575,0.0,0.0,0.0,0.0,0.0
5,3,0.21428572,0.0,0.21428572,0.42857143,0.071428575,0.071428575,0.0,0.0,0.0,0.0,0.0
5,3,0.21428572,0.0,0.21428572,0.42857143,0.071428575,0.071428575,0.0,0.0,0.0,0.0,0.0
5,3,0.21428572,0.0,0.21428572,0.42857143,0.071428575,0.071428575,0.0,0.0,0.0,0.0,0.0
5,3,0.21428572,0.0,0.21428572,0.42857143,0.071428575,0.071428575,0.0,0.0,0.0,0.0,0.0
5,3,0.21428572,0.0,0.21428572,0.42857143,0.071428575,0.071428575,0.0,0.0,0.0,0.0,0.0
5,3,0.21428572,0.0,0.21428572,0.42857143,0.071428575,0.071428575,0.0,0.0,0.0,0.0,0.0
5,3,0.21428572,0.0,0.21428572,0.42857143,0.071428575,0.071428575,0.0,0.0,0.0,0.0,0.0
5,3,0.21428572,0.0,0.21428572,0.42857143,0.071428575,0.071428575,0.0,0.0,0.0,0.0,0.0
5,3,0.21428572,0.0,0.21428572,0.42857143,0.071428575,0.071428575,0.0,0.0,0.0,0.0,0.0
5,3,0.21428572,0.0,0.21428572,0.42857143,0.071428575,0.071428575,0.0,0.0,0.0,0.0,0.0
5,3,0.21428572,0.0,0.21428572,0.42857143,0.071428575,0.071428575,0.0,0.0,0.0,0.0,0.0
5,3,0.21428572,0.0,0.21428572,0.42857143,0.071428575,0.071428575,0.0,0.0,0.0,0.0,0.0
5,3,0.21428572,0.0,0.21428572,0.42857143,0.071428575,0.071428575,0.0,0.0,0.0,0.0,0.0
5,3,0.21428572,0.0,0.21428572,0.42857143,0.071428575,0.071428575,0.0,0.0,0.0,0.0,0.0
5,3,0.21428572,0.071428575,0.21428572,0.42857143,0.0,0.071428575,0.0,0.0,0.0,0.0,0.0
5,3,0.21428572,0.071428575,0.21428572,0.42857143,0.0,0.071428575,0.0,0.0,0.0,0.0,0.0
5,3,0.21428572,0.071428575,0.21428572,0.42857143,0.0,0.071428575,0.0,0.0,0.0,0.0,0.0
5,3,0.21428572,0.071428575,0.21428572,0.42857143,0.0,0.071428575,0.0,0.0,0.0,0.0,0.0
5,3,0.21428572,0.071428575,0.21428572,0.42857143,0.0,0.071428575,0.0,0.0,0.0,0.0,0.0
5,3,0.21428572,0.071428575,0.21428572,0.42857143,0.0,0.071428575,0.0,0.0,0.0,0.0,0.0
5,3,0.21428572,0.071428575,0.21428572,0.42857143,0.0,0.071428575,0.0,0.0,0.0,0.0,0.0
5,3,0.21428572,0.071428575,0.21428572,0.42857143,0.0,0.071428575,0.0,0.0,0.0,0.0,0.0
5,3,0.21428572,0.071428575,0.21428572,0.42857143,0.0,0.071428575,0.0,0.0,0.0,0.0,0.0
5,3,0.21428572,0.071428575,0.21428572,0.42857143,0.0,0.071428575,0.0,0.0,0.0,0.0,0.0
5,3,0.21428572,0.071428575,0.21428572,0.42857143,0.0,0.071428575,0.0,0.0,0.0,0.0,0.0
5,3,0.21428572,0.071428575,0.21428572,0.42857143,0.0,0.071428575,0.0,0.0,0.0,0.0,0.0
5,3,0.21428572,0.071428575,0.21428572,0.42857143,0.0,0.071428575,0.0,0.0,0.0,0.0,0.0
5,3,0.21428572,0.071428575,0.21428572,0.42857143,0.0,0.071428575,0.0,0.0,0.0,0.0,0.0
5,3,0.21428572,0.071428575,0.21428572,0.42857143,0.0,0.071428575,0.0,0.0,0.0,0.0,0.0
5,3,0.21428572,0.071428575,0.21428572,0.42857143,0.0,0.071428575,0.0,0.0,0.0,0.0,0.0
5,3,0.21428572,0.071428575,0.21428572,0.42857143,0.0,0.071428575,0.0,0.0,0.0,0.0,0.0
5,3,0.21428572,0.071428575,0.21428572,0.42857143,0.0,0.071428575,0.0,0.0,0.0,0.0,0.0
5,3,0.21428572,0.071428575,0.21428572,0.42857143,0.0,0.071428575,0.0,0.0,0.0,0.0,0.0
5,3,0.21428572,0.071428575,0.21428572,0.42857143,0.0,0.071428575,0.0,0.0,0.0,0.0,0.0
5,3,0.2,0.06666667,0.26666668,0.4,0.0,0.06666667,0.0,0.0,0.0,0.0,0.0
5,3,0.2,0.06666667,0.26666668,0.4,0.0,0.06666667,0.0,0.0,0.0,0.0,0.0
5,3,0.2,0.06666667,0.26666668,0.4,0.0,0.06666667,0.0,0.0,0.0,0.0,0.0
5,3,0.2,0.06666667,0.26666668,0.4,0.0,0.06666667,0.0,0.0,0.0,0.0,0.0
5,3,0.2,0.06666667,0.26666668,0.4,0.0,0.06666667,0.0,0.0,0.0,0.0,0.0
5,3,0.2,0.06666667,0.26666668,0.4,0.0,0.06666667,0.0,0.0,0.0,0.0,0.0
5,3,0.2,0.06666667,0.26666668,0.4,0.0,0.06666667,0.0,0.0,0.0,0.0,0.0
5,3,0.2,0.06666667,0.26666668,0.4,0.0,0.06666667,0.0,0.0,0.0,0.0,0.0
5,3,0.2,0.06666667,0.26666668,0.4,0.0,0.06666667,0.0,0.0,0.0,0.0,0.0
5,3,0.2,0.06666667,0.26666668,0.4,0.0,0.06666667,0.0,0.0,0.0,0.0,0.0
5,3,0.2,0.06666667,0.26666668,0.4,0.0,0.06666667,0.0,0.0,0.0,0.0,0.0
5,3,0.2,0.06666667,0.26666668,0.4,0.0,0.06666667,0.0,0.0,0.0,0.0,0.0
5,3,0.2,0.06666667,0.26666668,0.4,0.0,0.06666667,0.0,0.0,0.0,0.0,0.0
5,3,0.2,0.06666667,0.26666668,0.4,0.0,0.06666667,0.0,0.0,0.0,0.0,0.0
5,3,0.2,0.06666667,0.26666668,0.4,0.0,0.06666667,0.0,0.0,0.0,0.0,0.0
5,3,0.2,0.06666667,0.26666668,0.4,0.0,0.06666667,0.0,0.0,0.0,0.0,0.0
5,3,0.2,0.06666667,0.26666668,0.4,0.0,0.06666667,0.0,0.0,0.0,0.0,0.0
5,3,0.2,0.06666667,0.26666668,0.4,0.0,0.06666667,0.0,0.0,0.0,0.0,0.0
5,3,0.2,0.06666667,0.26666668,0.4,0.0,0.06666667,0.0,0.0,0.0,0.0,0.0
5,3,0.2,0.06666667,0.26666668,0.4,0.0,0.06666667,0.0,0.0,0.0,0.0,0.0
5,3,0.2,0.06666667,0.26666668,0.4,0.0,0.06666667,0.0,0.0,0.0,0.0,0.0
5,3,0.2,0.06666667,0.26666668,0.4,0.0,0.06666667,0.0,0.0,0.0,0.0,0.0
5,3,0.2,0.06666667,0.26666668,0.4,0.0,0.06666667,0.0,0.0,0.0,0.0,0.0
5,3,0.2,0.06666667,0.26666668,0.4,0.0,0.06666667,0.0,0.0,0.0,0.0,0.0
5,3,0.2,0.06666667,0.26666668,0.4,0.0,0.06666667,0.0,0.0,0.0,0.0,0.0
5,3,0.2,0.06666667,0.26666668,0.4,0.0,0.06666667,0.0,0.0,0.0,0.0,0.0
5,3,0.2,0.06666667,0.26666668,0.4,0.0,0.06666667,0.0,0.0,0.0,0.0,0.0
5,3,0.2,0.06666667,0.26666668,0.4,0.0,0.06666667,0.0,0.0,0.0,0.0,0.0
5,3,0.2,0.06666667,0.26666668,0.4,0.0,0.06666667,0.0,0.0,0.0,0.0,0.0
5,3,0.2,0.06666667,0.26666668,0.4,0.0,0.06666667,0.0,0.0,0.0,0.0,0.0
5,3,0.2,0.06666667,0.26666668,0.4,0.0,0.06666667,0.0,0.0,0.0,0.0,0.0
5,3,0.2,0.06666667,0.26666668,0.4,0.0,0.06666667,0.0,0.0,0.0,0.0,0.0
5,3,0.13333334,0.06666667,0.33333334,0.4,0.0,0.06666667,0.0,0.0,0.0,0.0,0.0
5,3,0.13333334,0.06666667,0.33333334,0.4,0.0,0.06666667,0.0,0.0,0.0,0.0,0.0
5,3,0.13333334,0.06666667,0.33333334,0.4,0.0,0.06666667,0.0,0.0,0.0,0.0,0.0
5,3,0.13333334,0.06666667,0.33333334,0.4,0.0,0.06666667,0.0,0.0,0.0,0.0,0.0
5,3,0.13333334,0.06666667,0.33333334,0.4,0.0,0.06666667,0.0,0.0,0.0,0.0,0.0
5,3,0.13333334,0.06666667,0.33333334,0.4,0.0,0.06666667,0.0,0.0,0.0,0.0,0.0
5,3,0.13333334,0.06666667,0.33333334,0.4,0.0,0.06666667,0.0,0.0,0.0,0.0,0.0
5,3,0.13333334,0.06666667,0.33333334,0.4,0.0,0.06666667,0.0,0.0,0.0,0.0,0.0
5,3,0.13333334,0.06666667,0.33333334,0.4,0.0,0.06666667,0.0,0.0,0.0,0.0,0.0
5,3,0.13333334,0.06666667,0.33333334,0.4,0.0,0.06666667,0.0,0.0,0.0,0.0,0.0
5,3,0.13333334,0.06666667,0.33333334,0.4,0.0,0.06666667,0.0,0.0,0.0,0.0,0.0
5,3,0.13333334,0.06666667,0.33333334,0.4,0.0,0.06666667,0.0,0.0,0.0,0.0,0.0
5,3,0.13333334,0.06666667,0.33333334,0.4,0.0,0.06666667,0.0,0.0,0.0,0.0,0.0
5,3,0.1875,0.0625,0.3125,0.375,0.0,0.0625,0.0,0.0,0.0,0.0,0.0
5,3,0.1875,0.0625,0.3125,0.375,0.0,0.0625,0.0,0.0,0.0,0.0,0.0
5,3,0.1875,0.0625,0.3125,0.375,0.0,0.0625,0.0,0.0,0.0,0.0,0.0
5,3,0.1875,0.0625,0.3125,0.375,0.0,0.0625,0.0,0.0,0.0,0.0,0.0
5,3,0.1875,0.0625,0.3125,0.375,0.0,0.0625,0.0,0.0,0.0,0.0,0.0
5,3,0.1875,0.0625,0.3125,0.375,0.0,0.0625,0.0,0.0,0.0,0.0,0.0
5,3,0.1875,0.0625,0.3125,0.375,0.0,0.0625,0.0,0.0,0.0,0.0,0.0
5,3,0.1875,0.0625,0.3125,0.375,0.0,0.0625,0.0,0.0,0.0,0.0,0.0
5,3,0.1875,0.0625,0.3125,0.375,0.0,0.0625,0.0,0.0,0.0,0.0,0.0
5,3,0.1875,0.0625,0.3125,0.375,0.0,0.0625,0.0,0.0,0.0,0.0,0.0
5,3,0.1875,0.0625,0.3125,0.375,0.0,0.0625,0.0,0.0,0.0,0.0,0.0
5,3,0.1875,0.0625,0.3125,0.375,0.0,0.0625,0.0,0.0,0.0,0.0,0.0
5,3,0.1875,0.0625,0.3125,0.375,0.0,0.0625,0.0,0.0,0.0,0.0,0.0
5,3,0.1875,0.0625,0.3125,0.375,0.0,0.0625,0.0,0.0,0.0,0.0,0.0
5,3,0.1875,0.0625,0.3125,0.375,0.0,0.0625,0.0,0.0,0.0,0.0,0.0
5,3,0.1875,0.0625,0.3125,0.375,0.0,0.0625,0.0,0.0,0.0,0.0,0.0
5,3,0.1875,0.0625,0.3125,0.375,0.0,0.0625,0.0,0.0,0.0,0.0,0.0
5,3,0.1875,0.0625,0.3125,0.375,0.0,0.0625,0.0,0.0,0.0,0.0,0.0
5,3,0.1875,0.0625,0.3125,0.375,0.0,0.0625,0.0,0.0,0.0,0.0,0.0
5,3,0.25,0.0625,0.3125,0.3125,0.0,0.0625,0.0,0.0,0.0,0.0,0.0
5,3,0.25,0.0625,0.3125,0.3125,0.0,0.0625,0.0,0.0,0.0,0.0,0.0
5,3,0.25,0.0625,0.3125,0.3125,0.0,0.0625,0.0,0.0,0.0,0.0,0.0
5,3,0.25,0.0625,0.3125,0.3125,0.0,0.0625,0.0,0.0,0.0,0.0,0.0
5,3,0.25,0.0,0.3125,0.3125,0.0625,0.0625,0.0,0.0,0.0,0.0,0.0
5,3,0.25,0.0,0.3125,0.3125,0.0625,0.0625,0.0,0.0,0.0,0.0,0.0
5,3,0.25,0.0,0.3125,0.3125,0.0625,0.0625,0.0,0.0,0.0,0.0,0.0
5,3,0.25,0.0,0.3125,0.3125,0.0625,0.0625,0.0,0.0,0.0,0.0,0.0
5,3,0.25,0.0,0.3125,0.3125,0.0625,0.0625,0.0,0.0,0.0,0.0,0.0
5,3,0.25,0.0,0.3125,0.3125,0.0625,0.0625,0.0,0.0,0.0,0.0,0.0
5,3,0.25,0.0,0.3125,0.3125,0.0625,0.0625,0.0,0.0,0.0,0.0,0.0
5,3,0.25,0.0,0.3125,0.3125,0.0625,0.0625,0.0,0.0,0.0,0.0,0.0
5,3,0.25,0.0,0.3125,0.3125,0.0625,0.0625,0.0,0.0,0.0,0.0,0.0
5,3,0.25,0.0,0.3125,0.3125,0.0625,0.0625,0.0,0.0,0.0,0.0,0.0
5,3,0.25,0.0,0.3125,0.3125,0.0625,0.0625,0.0,0.0,0.0,0.0,0.0
5,3,0.25,0.0,0.3125,0.3125,0.0625,0.0625,0.0,0.0,0.0,0.0,0.0
5,3,0.25,0.0,0.3125,0.3125,0.0625,0.0625,0.0,0.0,0.0,0.0,0.0
5,3,0.25,0.0,0.3125,0.3125,0.0625,0.0625,0.0,0.0,0.0,0.0,0.0
5,3,0.25,0.0,0.25,0.3125,0.125,0.0625,0.0,0.0,0.0,0.0,0.0
5,3,0.25,0.0,0.25,0.3125,0.125,0.0625,0.0,0.0,0.0,0.0,0.0
5,3,0.25,0.0,0.25,0.3125,0.125,0.0625,0.0,0.0,0.0,0.0,0.0
5,3,0.25,0.0,0.25,0.3125,0.125,0.0625,0.0,0.0,0.0,0.0,0.0
5,3,0.25,0.0,0.25,0.3125,0.125,0.0625,0.0,0.0,0.0,0.0,0.0
5,3,0.25,0.0,0.25,0.3125,0.125,0.0625,0.0,0.0,0.0,0.0,0.0
5,3,0.25,0.0,0.25,0.3125,0.125,0.0625,0.0,0.0,0.0,0.0,0.0
5,3,0.25,0.0,0.25,0.3125,0.125,0.0625,0.0,0.0,0.0,0.0,0.0
5,3,0.25,0.0,0.25,0.3125,0.125,0.0625,0.0,0.0,0.0,0.0,0.0
5,3,0.25,0.0,0.25,0.3125,0.125,0.0625,0.0,0.0,0.0,0.0,0.0
5,3,0.25,0.0,0.25,0.3125,0.125,0.0625,0.0,0.0,0.0,0.0,0.0
5,3,0.25,0.0,0.25,0.3125,0.125,0.0625,0.0,0.0,0.0,0.0,0.0
5,3,0.25,0.0,0.25,0.3125,0.125,0.0625,0.0,0.0,0.0,0.0,0.0
5,3,0.25,0.0,0.25,0.3125,0.125,0.0625,0.0,0.0,0.0,0.0,0.0
5,3,0.25,0.0,0.25,0.25,0.1875,0.0625,0.0,0.0,0.0,0.0,0.0
5,3,0.25,0.0,0.25,0.25,0.1875,0.0625,0.0,0.0,0.0,0.0,0.0
5,3,0.25,0.0,0.25,0.3125,0.1875,0.0,0.0,0.0,0.0,0.0,0.0
5,3,0.25,0.0,0.25,0.3125,0.1875,0.0,0.0,0.0,0.0,0.0,0.0
5,3,0.25,0.0,0.25,0.3125,0.1875,0.0,0.0,0.0,0.0,0.0,0.0
5,3,0.25,0.0,0.25,0.3125,0.1875,0.0,0.0,0.0,0.0,0.0,0.0
5,3,0.25,0.0,0.25,0.3125,0.1875,0.0,0.0,0.0,0.0,0.0,0.0
5,3,0.25,0.0,0.25,0.3125,0.1875,0.0,0.0,0.0,0.0,0.0,0.0
5,3,0.25,0.0,0.25,0.3125,0.1875,0.0,0.0,0.0,0.0,0.0,0.0
5,3,0.25,0.0,0.25,0.3125,0.1875,0.0,0.0,0.0,0.0,0.0,0.0
5,3,0.25,0.0,0.25,0.3125,0.1875,0.0,0.0,0.0,0.0,0.0,0.0
5,3,0.25,0.0,0.25,0.3125,0.1875,0.0,0.0,0.0,0.0,0.0,0.0
5,4,0.25,0.0,0.25,0.25,0.25,0.0,0.0,0.0,0.0,0.0,0.0
5,4,0.25,0.0,0.25,0.25,0.25,0.0,0.0,0.0,0.0,0.0,0.0
5,4,0.25,0.0,0.25,0.25,0.25,0.0,0.0,0.0,0.0,0.0,0.0
5,4,0.25,0.0,0.25,0.25,0.25,0.0,0.0,0.0,0.0,0.0,0.0
5,4,0.1875,0.0,0.25,0.25,0.3125,0.0,0.0,0.0,0.0,0.0,0.0
5,4,0.1875,0.0,0.25,0.25,0.3125,0.0,0.0,0.0,0.0,0.0,0.0
5,4,0.1875,0.0,0.25,0.25,0.3125,0.0,0.0,0.0,0.0,0.0,0.0
5,4,0.1875,0.0,0.25,0.25,0.3125,0.0,0.0,0.0,0.0,0.0,0.0
5,4,0.1875,0.0,0.25,0.25,0.3125,0.0,0.0,0.0,0.0,0.0,0.0
5,4,0.1875,0.0,0.25,0.25,0.3125,0.0,0.0,0.0,0.0,0.0,0.0
5,4,0.1875,0.0,0.25,0.25,0.3125,0.0,0.0,0.0,0.0,0.0,0.0
5,4,0.1875,0.0,0.25,0.25,0.3125,0.0,0.0,0.0,0.0,0.0,0.0
5,4,0.1875,0.0,0.25,0.25,0.3125,0.0,0.0,0.0,0.0,0.0,0.0
5,4,0.1875,0.0,0.25,0.25,0.3125,0.0,0.0,0.0,0.0,0.0,0.0
5,4,0.1875,0.0,0.25,0.25,0.3125,0.0,0.0,0.0,0.0,0.0,0.0
5,4,0.1875,0.0,0.25,0.25,0.3125,0.0,0.0,0.0,0.0,0.0,0.0
5,4,0.1875,0.0,0.25,0.25,0.3125,0.0,0.0,0.0,0.0,0.0,0.0
5,4,0.1875,0.0,0.25,0.25,0.3125,0.0,0.0,0.0,0.0,0.0,0.0
5,4,0.1875,0.0,0.25,0.25,0.3125,0.0,0.0,0.0,0.0,0.0,0.0
5,4,0.1875,0.0,0.25,0.25,0.3125,0.0,0.0,0.0,0.0,0.0,0.0
5,4,0.1875,0.0,0.1875,0.25,0.375,0.0,0.0,0.0,0.0,0.0,0.0
5,4,0.1875,0.0,0.1875,0.25,0.375,0.0,0.0,0.0,0.0,0.0,0.0
5,4,0.1875,0.0,0.1875,0.25,0.375,0.0,0.0,0.0,0.0,0.0,0.0
5,4,0.1875,0.0,0.1875,0.25,0.375,0.0,0.0,0.0,0.0,0.0,0.0
5,4,0.1875,0.0,0.1875,0.25,0.375,0.0,0.0,0.0,0.0,0.0,0.0
5,4,0.1875,0.0,0.1875,0.25,0.375,0.0,0.0,0.0,0.0,0.0,0.0
5,4,0.1875,0.0,0.1875,0.25,0.375,0.0,0.0,0.0,0.0,0.0,0.0
5,4,0.1875,0.0,0.1875,0.25,0.375,0.0,0.0,0.0,0.0,0.0,0.0
5,4,0.1875,0.0,0.1875,0.25,0.375,0.0,0.0,0.0,0.0,0.0,0.0
5,4,0.1875,0.0,0.1875,0.25,0.375,0.0,0.0,0.0,0.0,0.0,0.0
5,4,0.1875,0.0,0.1875,0.25,0.375,0.0,0.0,0.0,0.0,0.0,0.0
5,4,0.1875,0.0,0.1875,0.25,0.375,0.0,0.0,0.0,0.0,0.0,0.0
5,4,0.1875,0.0,0.1875,0.25,0.375,0.0,0.0,0.0,0.0,0.0,0.0
5,4,0.1875,0.0,0.1875,0.25,0.375,0.0,0.0,0.0,0.0,0.0,0.0
5,4,0.1875,0.0,0.125,0.3125,0.375,0.0,0.0,0.0,0.0,0.0,0.0
5,4,0.1875,0.0,0.125,0.3125,0.375,0.0,0.0,0.0,0.0,0.0,0.0
5,4,0.1875,0.0,0.125,0.3125,0.375,0.0,0.0,0.0,0.0,0.0,0.0
5,4,0.1875,0.0,0.125,0.3125,0.375,0.0,0.0,0.0,0.0,0.0,0.0
5,4,0.1875,0.0,0.125,0.3125,0.375,0.0,0.0,0.0,0.0,0.0,0.0
5,4,0.1875,0.0,0.125,0.3125,0.375,0.0,0.0,0.0,0.0,0.0,0.0
5,4,0.1875,0.0,0.125,0.3125,0.375,0.0,0.0,0.0,0.0,0.0,0.0
5,4,0.1875,0.0,0.125,0.3125,0.375,0.0,0.0,0.0,0.0,0.0,0.0
5,4,0.1875,0.0,0.125,0.3125,0.375,0.0,0.0,0.0,0.0,0.0,0.0
5,4,0.1875,0.0,0.125,0.3125,0.375,0.0,0.0,0.0,0.0,0.0,0.0
5,4,0.125,0.0,0.125,0.3125,0.4375,0.0,0.0,0.0,0.0,0.0,0.0
5,4,0.125,0.0,0.125,0.3125,0.4375,0.0,0.0,0.0,0.0,0.0,0.0
5,4,0.125,0.0,0.125,0.3125,0.4375,0.0,0.0,0.0,0.0,0.0,0.0
5,4,0.125,0.0,0.125,0.3125,0.4375,0.0,0.0,0.0,0.0,0.0,0.0
5,4,0.125,0.0,0.125,0.3125,0.4375,0.0,0.0,0.0,0.0,0.0,0.0
5,4,0.125,0.0,0.125,0.3125,0.4375,0.0,0.0,0.0,0.0,0.0,0.0
5,4,0.125,0.0,0.125,0.3125,0.4375,0.0,0.0,0.0,0.0,0.0,0.0
5,4,0.125,0.0,0.125,0.3125,0.4375,0.0,0.0,0.0,0.0,0.0,0.0
5,4,0.1875,0.0,0.0625,0.3125,0.4375,0.0,0.0,0.0,0.0,0.0,0.0
5,4,0.1875,0.0,0.0625,0.3125,0.4375,0.0,0.0,0.0,0.0,0.0,0.0
5,4,0.1875,0.0,0.0625,0.3125,0.4375,0.0,0.0,0.0,0.0,0.0,0.0
5,4,0.1875,0.0,0.0625,0.3125,0.4375,0.0,0.0,0.0,0.0,0.0,0.0
5,4,0.1875,0.0,0.0625,0.3125,0.4375,0.0,0.0,0.0,0.0,0.0,0.0
5,4,0.1875,0.0,0.0625,0.3125,0.4375,0.0,0.0,0.0,0.0,0.0,0.0
5,4,0.1875,0.0,0.0625,0.3125,0.4375,0.0,0.0,0.0,0.0,0.0,0.0
5,4,0.1875,0.0,0.0625,0.3125,0.4375,0.0,0.0,0.0,0.0,0.0,0.0
5,4,0.1875,0.0,0.0625,0.3125,0.4375,0.0,0.0,0.0,0.0,0.0,0.0
5,4,0.1875,0.0,0.0625,0.3125,0.4375,0.0,0.0,0.0,0.0,0.0,0.0
5,4,0.1875,0.0,0.0625,0.3125,0.4375,0.0,0.0,0.0,0.0,0.0,0.0
5,4,0.1875,0.0,0.0625,0.3125,0.4375,0.0,0.0,0.0,0.0,0.0,0.0
5,4,0.1875,0.0,0.0625,0.3125,0.4375,0.0,0.0,0.0,0.0,0.0,0.0
5,4,0.1875,0.0,0.0625,0.3125,0.4375,0.0,0.0,0.0,0.0,0.0,0.0
5,4,0.1875,0.0,0.0625,0.3125,0.4375,0.0,0.0,0.0,0.0,0.0,0.0
5,4,0.1875,0.0,0.0625,0.3125,0.4375,0.0,0.0,0.0,0.0,0.0,0.0
5,4,0.1875,0.0,0.0625,0.3125,0.4375,0.0,0.0,0.0,0.0,0.0,0.0
5,4,0.1875,0.0,0.0625,0.3125,0.4375,0.0,0.0,0.0,0.0,0.0,0.0
5,4,0.1875,0.0,0.0625,0.3125,0.4375,0.0,0.0,0.0,0.0,0.0,0.0
5,4,0.1875,0.0,0.0625,0.3125,0.4375,0.0,0.0,0.0,0.0,0.0,0.0
5,4,0.1875,0.0,0.0625,0.3125,0.4375,0.0,0.0,0.0,0.0,0.0,0.0
5,4,0.1875,0.0,0.0625,0.3125,0.4375,0.0,0.0,0.0,0.0,0.0,0.0
5,4,0.1875,0.0,0.0625,0.3125,0.4375,0.0,0.0,0.0,0.0,0.0,0.0
5,4,0.1875,0.0,0.0625,0.3125,0.4375,0.0,0.0,0.0,0.0,0.0,0.0
5,4,0.1875,0.0,0.0625,0.3125,0.4375,0.0,0.0,0.0,0.0,0.0,0.0
5,4,0.1875,0.0,0.0625,0.3125,0.4375,0.0,0.0,0.0,0.0,0.0,0.0
5,4,0.1875,0.0,0.0625,0.3125,0.4375,0.0,0.0,0.0,0.0,0.0,0.0
5,4,0.1875,0.0,0.0625,0.3125,0.4375,0.0,0.0,0.0,0.0,0.0,0.0
5,4,0.1875,0.0,0.0625,0.3125,0.4375,0.0,0.0,0.0,0.0,0.0,0.0
5,4,0.1875,0.0,0.0625,0.3125,0.4375,0.0,0.0,0.0,0.0,0.0,0.0
5,4,0.1875,0.0,0.0625,0.3125,0.4375,0.0,0.0,0.0,0.0,0.0,0.0
5,4,0.1875,0.0,0.0625,0.3125,0.4375,0.0,0.0,0.0,0.0,0.0,0.0
5,4,0.1875,0.0,0.0625,0.3125,0.4375,0.0,0.0,0.0,0.0,0.0,0.0
5,4,0.1875,0.0,0.0625,0.3125,0.4375,0.0,0.0,0.0,0.0,0.0,0.0
5,4,0.1875,0.0,0.0625,0.3125,0.4375,0.0,0.0,0.0,0.0,0.0,0.0
5,4,0.1875,0.0,0.0625,0.3125,0.4375,0.0,0.0,0.0,0.0,0.0,0.0
5,4,0.1875,0.0,0.0625,0.3125,0.4375,0.0,0.0,0.0,0.0,0.0,0.0
5,4,0.1875,0.0,0.0625,0.3125,0.4375,0.0,0.0,0.0,0.0,0.0,0.0
5,4,0.1875,0.0,0.0625,0.3125,0.4375,0.0,0.0,0.0,0.0,0.0,0.0
5,4,0.1875,0.0,0.0625,0.3125,0.4375,0.0,0.0,0.0,0.0,0.0,0.0
5,4,0.1875,0.0,0.0625,0.3125,0.4375,0.0,0.0,0.0,0.0,0.0,0.0
5,4,0.1875,0.0,0.0625,0.3125,0.4375,0.0,0.0,0.0,0.0,0.0,0.0
5,4,0.1875,0.0,0.0625,0.3125,0.4375,0.0,0.0,0.0,0.0,0.0,0.0
5,4,0.1875,0.0,0.0625,0.3125,0.4375,0.0,0.0,0.0,0.0,0.0,0.0
5,4,0.1875,0.0,0.0625,0.3125,0.4375,0.0,0.0,0.0,0.0,0.0,0.0
5,4,0.1875,0.0,0.0625,0.3125,0.4375,0.0,0.0,0.0,0.0,0.0,0.0
5,4,0.1875,0.0,0.0625,0.3125,0.4375,0.0,0.0,0.0,0.0,0.0,0.0
5,4,0.1875,0.0,0.0625,0.3125,0.4375,0.0,0.0,0.0,0.0,0.0,0.0
5,4,0.1875,0.0,0.0625,0.3125,0.4375,0.0,0.0,0.0,0.0,0.0,0.0
5,4,0.1875,0.0,0.0625,0.3125,0.4375,0.0,0.0,0.0,0.0,0.0,0.0
5,4,0.1875,0.0,0.0625,0.3125,0.4375,0.0,0.0,0.0,0.0,0.0,0.0
5,4,0.1875,0.0,0.0625,0.3125,0.4375,0.0,0.0,0.0,0.0,0.0,0.0
5,4,0.1875,0.0,0.0625,0.3125,0.4375,0.0,0.0,0.0,0.0,0.0,0.0
5,4,0.1875,0.0,0.0625,0.3125,0.4375,0.0,0.0,0.0,0.0,0.0,0.0
5,4,0.1875,0.0,0.0625,0.3125,0.4375,0.0,0.0,0.0,0.0,0.0,0.0
5,4,0.1875,0.0,0.0625,0.3125,0.4375,0.0,0.0,0.0,0.0,0.0,0.0
5,4,0.1875,0.0,0.0625,0.3125,0.4375,0.0,0.0,0.0,0.0,0.0,0.0
5,4,0.1875,0.0,0.0625,0.3125,0.4375,0.0,0.0,0.0,0.0,0.0,0.0
5,4,0.1875,0.0,0.0625,0.3125,0.4375,0.0,0.0,0.0,0.0,0.0,0.0
5,4,0.1875,0.0,0.0625,0.3125,0.4375,0.0,0.0,0.0,0.0,0.0,0.0
5,4,0.1875,0.0,0.0625,0.3125,0.4375,0.0,0.0,0.0,0.0,0.0,0.0
5,4,0.1875,0.0,0.0625,0.3125,0.4375,0.0,0.0,0.0,0.0,0.0,0.0
5,4,0.1875,0.0,0.0625,0.3125,0.4375,0.0,0.0,0.0,0.0,0.0,0.0
5,4,0.1875,0.0,0.0625,0.3125,0.4375,0.0,0.0,0.0,0.0,0.0,0.0
5,4,0.1875,0.0,0.0625,0.3125,0.4375,0.0,0.0,0.0,0.0,0.0,0.0
5,4,0.1875,0.0,0.0625,0.3125,0.4375,0.0,0.0,0.0,0.0,0.0,0.0
5,4,0.1875,0.0,0.0625,0.3125,0.4375,0.0,0.0,0.0,0.0,0.0,0.0
5,4,0.1875,0.0,0.0625,0.3125,0.4375,0.0,0.0,0.0,0.0,0.0,0.0
5,4,0.1875,0.0,0.0625,0.3125,0.4375,0.0,0.0,0.0,0.0,0.0,0.0
5,4,0.1875,0.0,0.0625,0.3125,0.4375,0.0,0.0,0.0,0.0,0.0,0.0
5,4,0.1875,0.0,0.0625,0.3125,0.4375,0.0,0.0,0.0,0.0,0.0,0.0
5,4,0.1875,0.0,0.0625,0.3125,0.4375,0.0,0.0,0.0,0.0,0.0,0.0
5,4,0.1875,0.0,0.0625,0.3125,0.4375,0.0,0.0,0.0,0.0,0.0,0.0
5,4,0.1875,0.0,0.0625,0.3125,0.4375,0.0,0.0,0.0,0.0,0.0,0.0
5,4,0.1875,0.0,0.0625,0.3125,0.4375,0.0,0.0,0.0,0.0,0.0,0.0
5,4,0.1875,0.0,0.0625,0.3125,0.4375,0.0,0.0,0.0,0.0,0.0,0.0
5,4,0.1875,0.0,0.0625,0.3125,0.4375,0.0,0.0,0.0,0.0,0.0,0.0
5,4,0.1875,0.0,0.0625,0.3125,0.4375,0.0,0.0,0.0,0.0,0.0,0.0
5,4,0.1875,0.0,0.0625,0.3125,0.4375,0.0,0.0,0.0,0.0,0.0,0.0
5,4,0.1875,0.0,0.0625,0.3125,0.4375,0.0,0.0,0.0,0.0,0.0,0.0
5,4,0.1875,0.0,0.0625,0.3125,0.4375,0.0,0.0,0.0,0.0,0.0,0.0
5,4,0.1875,0.0,0.0625,0.3125,0.4375,0.0,0.0,0.0,0.0,0.0,0.0
5,4,0.1875,0.0,0.0625,0.3125,0.4375,0.0,0.0,0.0,0.0,0.0,0.0
5,4,0.1875,0.0,0.0625,0.3125,0.4375,0.0,0.0,0.0,0.0,0.0,0.0
5,4,0.1875,0.0,0.0625,0.3125,0.4375,0.0,0.0,0.0,0.0,0.0,0.0
5,4,0.1875,0.0,0.0625,0.3125,0.4375,0.0,0.0,0.0,0.0,0.0,0.0
5,4,0.1875,0.0,0.0625,0.3125,0.4375,0.0,0.0,0.0,0.0,0.0,0.0
5,4,0.1875,0.0,0.0625,0.3125,0.4375,0.0,0.0,0.0,0.0,0.0,0.0
5,4,0.1875,0.0,0.0625,0.3125,0.4375,0.0,0.0,0.0,0.0,0.0,0.0
5,4,0.1875,0.0,0.0625,0.3125,0.4375,0.0,0.0,0.0,0.0,0.0,0.0
5,4,0.25,0.0,0.0625,0.25,0.4375,0.0,0.0,0.0,0.0,0.0,0.0
5,4,0.25,0.0,0.0625,0.25,0.4375,0.0,0.0,0.0,0.0,0.0,0.0
5,4,0.25,0.0,0.0625,0.25,0.4375,0.0,0.0,0.0,0.0,0.0,0.0
5,4,0.25,0.0,0.0625,0.25,0.4375,0.0,0.0,0.0,0.0,0.0,0.0
5,4,0.25,0.0,0.0625,0.25,0.4375,0.0,0.0,0.0,0.0,0.0,0.0
5,4,0.25,0.0,0.0625,0.25,0.4375,0.0,0.0,0.0,0.0,0.0,0.0
5,4,0.25,0.0,0.0625,0.25,0.4375,0.0,0.0,0.0,0.0,0.0,0.0
5,4,0.25,0.0,0.0625,0.25,0.4375,0.0,0.0,0.0,0.0,0.0,0.0
5,4,0.25,0.0,0.0625,0.25,0.4375,0.0,0.0,0.0,0.0,0.0,0.0
5,4,0.25,0.0,0.0625,0.25,0.4375,0.0,0.0,0.0,0.0,0.0,0.0
5,4,0.25,0.0,0.0625,0.25,0.4375,0.0,0.0,0.0,0.0,0.0,0.0
5,4,0.25,0.0,0.0625,0.25,0.4375,0.0,0.0,0.0,0.0,0.0,0.0
5,4,0.25,0.0,0.0625,0.25,0.4375,0.0,0.0,0.0,0.0,0.0,0.0
5,4,0.25,0.0,0.0625,0.25,0.4375,0.0,0.0,0.0,0.0,0.0,0.0
5,4,0.25,0.0,0.0625,0.25,0.4375,0.0,0.0,0.0,0.0,0.0,0.0
5,4,0.25,0.0,0.0625,0.25,0.4375,0.0,0.0,0.0,0.0,0.0,0.0
5,4,0.25,0.0,0.0625,0.25,0.4375,0.0,0.0,0.0,0.0,0.0,0.0
5,4,0.25,0.0,0.0625,0.25,0.4375,0.0,0.0,0.0,0.0,0.0,0.0
5,4,0.25,0.0,0.0625,0.25,0.4375,0.0,0.0,0.0,0.0,0.0,0.0
5,4,0.25,0.0,0.0625,0.25,0.4375,0.0,0.0,0.0,0.0,0.0,0.0
5,4,0.25,0.0,0.0625,0.25,0.4375,0.0,0.0,0.0,0.0,0.0,0.0
5,4,0.25,0.0,0.0625,0.25,0.4375,0.0,0.0,0.0,0.0,0.0,0.0
5,4,0.25,0.0,0.0625,0.25,0.4375,0.0,0.0,0.0,0.0,0.0,0.0
5,4,0.25,0.0,0.0625,0.25,0.4375,0.0,0.0,0.0,0.0,0.0,0.0
5,4,0.25,0.0,0.0625,0.25,0.4375,0.0,0.0,0.0,0.0,0.0,0.0
5,4,0.25,0.0,0.0625,0.25,0.4375,0.0,0.0,0.0,0.0,0.0,0.0
5,4,0.25,0.0,0.0625,0.25,0.4375,0.0,0.0,0.0,0.0,0.0,0.0
5,4,0.25,0.0,0.0625,0.25,0.4375,0.0,0.0,0.0,0.0,0.0,0.0
5,4,0.25,0.0,0.0625,0.25,0.4375,0.0,0.0,0.0,0.0,0.0,0.0
5,4,0.25,0.0,0.0625,0.25,0.4375,0.0,0.0,0.0,0.0,0.0,0.0
5,4,0.25,0.0,0.0625,0.25,0.4375,0.0,0.0,0.0,0.0,0.0,0.0
5,4,0.25,0.0,0.0625,0.25,0.4375,0.0,0.0,0.0,0.0,0.0,0.0
5,4,0.25,0.0,0.0625,0.25,0.4375,0.0,0.0,0.0,0.0,0.0,0.0
5,4,0.25,0.0,0.0625,0.25,0.4375,0.0,0.0,0.0,0.0,0.0,0.0
5,4,0.25,0.0,0.0625,0.25,0.4375,0.0,0.0,0.0,0.0,0.0,0.0
5,4,0.25,0.0,0.0625,0.25,0.4375,0.0,0.0,0.0,0.0,0.0,0.0
5,4,0.25,0.0,0.0625,0.25,0.4375,0.0,0.0,0.0,0.0,0.0,0.0
5,4,0.25,0.0,0.0625,0.25,0.4375,0.0,0.0,0.0,0.0,0.0,0.0
5,4,0.25,0.0,0.0625,0.25,0.4375,0.0,0.0,0.0,0.0,0.0,0.0
5,4,0.25,0.0,0.0625,0.25,0.4375,0.0,0.0,0.0,0.0,0.0,0.0
5,4,0.25,0.0,0.0625,0.25,0.4375,0.0,0.0,0.0,0.0,0.0,0.0
5,4,0.25,0.0,0.0625,0.25,0.4375,0.0,0.0,0.0,0.0,0.0,0.0
5,4,0.1875,0.0,0.0625,0.3125,0.4375,0.0,0.0,0.0,0.0,0.0,0.0
5,4,0.1875,0.0,0.0625,0.3125,0.4375,0.0,0.0,0.0,0.0,0.0,0.0
5,4,0.1875,0.0,0.0625,0.3125,0.4375,0.0,0.0,0.0,0.0,0.0,0.0
5,4,0.1875,0.0,0.0625,0.3125,0.4375,0.0,0.0,0.0,0.0,0.0,0.0
5,4,0.1875,0.0,0.0625,0.3125,0.4375,0.0,0.0,0.0,0.0,0.0,0.0
5,4,0.1875,0.0,0.0625,0.3125,0.4375,0.0,0.0,0.0,0.0,0.0,0.0
5,4,0.1875,0.0,0.0625,0.3125,0.4375,0.0,0.0,0.0,0.0,0.0,0.0
5,4,0.1875,0.0,0.0625,0.3125,0.4375,0.0,0.0,0.0,0.0,0.0,0.0
5,4,0.1875,0.0,0.0625,0.3125,0.4375,0.0,0.0,0.0,0.0,0.0,0.0
5,4,0.1875,0.0,0.0625,0.3125,0.4375,0.0,0.0,0.0,0.0,0.0,0.0
5,4,0.1875,0.0,0.0625,0.3125,0.4375,0.0,0.0,0.0,0.0,0.0,0.0
5,4,0.1875,0.0,0.0625,0.3125,0.4375,0.0,0.0,0.0,0.0,0.0,0.0
5,4,0.1875,0.0,0.0625,0.3125,0.4375,0.0,0.0,0.0,0.0,0.0,0.0
5,4,0.1875,0.0,0.0625,0.3125,0.4375,0.0,0.0,0.0,0.0,0.0,0.0
5,4,0.1875,0.0,0.0625,0.3125,0.4375,0.0,0.0,0.0,0.0,0.0,0.0
5,4,0.1875,0.0,0.0625,0.3125,0.4375,0.0,0.0,0.0,0.0,0.0,0.0
5,4,0.1875,0.0,0.0625,0.3125,0.4375,0.0,0.0,0.0,0.0,0.0,0.0
5,4,0.1875,0.0,0.0625,0.3125,0.4375,0.0,0.0,0.0,0.0,0.0,0.0
5,4,0.1875,0.0,0.0625,0.3125,0.4375,0.0,0.0,0.0,0.0,0.0,0.0
5,4,0.1875,0.0,0.0625,0.3125,0.4375,0.0,0.0,0.0,0.0,0.0,0.0
5,4,0.1875,0.0,0.0625,0.3125,0.4375,0.0,0.0,0.0,0.0,0.0,0.0
5,4,0.1875,0.0,0.0625,0.3125,0.4375,0.0,0.0,0.0,0.0,0.0,0.0
5,4,0.1875,0.0,0.0625,0.3125,0.4375,0.0,0.0,0.0,0.0,0.0,0.0
5,4,0.1875,0.0,0.0625,0.3125,0.4375,0.0,0.0,0.0,0.0,0.0,0.0
5,4,0.1875,0.0,0.0625,0.3125,0.4375,0.0,0.0,0.0,0.0,0.0,0.0
5,4,0.1875,0.0,0.0625,0.3125,0.4375,0.0,0.0,0.0,0.0,0.0,0.0
5,4,0.1875,0.0,0.0625,0.3125,0.4375,0.0,0.0,0.0,0.0,0.0,0.0
5,4,0.1875,0.0,0.0625,0.3125,0.4375,0.0,0.0,0.0,0.0,0.0,0.0
5,4,0.1875,0.0,0.0625,0.3125,0.4375,0.0,0.0,0.0,0.0,0.0,0.0
5,4,0.1875,0.0,0.0625,0.3125,0.4375,0.0,0.0,0.0,0.0,0.0,0.0
5,4,0.1875,0.0,0.0625,0.3125,0.4375,0.0,0.0,0.0,0.0,0.0,0.0
5,4,0.1875,0.0,0.0625,0.3125,0.4375,0.0,0.0,0.0,0.0,0.0,0.0
5,4,0.1875,0.0,0.0625,0.3125,0.4375,0.0,0.0,0.0,0.0,0.0,0.0
5,4,0.1875,0.0,0.0625,0.3125,0.4375,0.0,0.0,0.0,0.0,0.0,0.0
5,4,0.1875,0.0,0.0625,0.3125,0.4375,0.0,0.0,0.0,0.0,0.0,0.0
5,4,0.1875,0.0,0.0625,0.3125,0.4375,0.0,0.0,0.0,0.0,0.0,0.0
5,4,0.1875,0.0,0.0625,0.3125,0.4375,0.0,0.0,0.0,0.0,0.0,0.0
5,4,0.1875,0.0,0.0625,0.3125,0.4375,0.0,0.0,0.0,0.0,0.0,0.0
5,4,0.1875,0.0,0.0625,0.3125,0.4375,0.0,0.0,0.0,0.0,0.0,0.0
5,4,0.1875,0.0,0.0625,0.3125,0.4375,0.0,0.0,0.0,0.0,0.0,0.0
5,4,0.1875,0.0,0.0625,0.3125,0.4375,0.0,0.0,0.0,0.0,0.0,0.0
5,4,0.1875,0.0,0.0625,0.3125,0.4375,0.0,0.0,0.0,0.0,0.0,0.0
5,4,0.1875,0.0,0.0625,0.3125,0.4375,0.0,0.0,0.0,0.0,0.0,0.0
5,4,0.1875,0.0,0.0625,0.3125,0.4375,0.0,0.0,0.0,0.0,0.0,0.0
5,4,0.1875,0.0,0.0625,0.3125,0.4375,0.0,0.0,0.0,0.0,0.0,0.0
5,4,0.1875,0.0,0.0625,0.3125,0.4375,0.0,0.0,0.0,0.0,0.0,0.0
5,4,0.1875,0.0,0.0625,0.3125,0.4375,0.0,0.0,0.0,0.0,0.0,0.0
5,4,0.1875,0.0625,0.0625,0.25,0.4375,0.0,0.0,0.0,0.0,0.0,0.0
5,4,0.1875,0.0625,0.0625,0.25,0.4375,0.0,0.0,0.0,0.0,0.0,0.0
5,4,0.1875,0.0625,0.0625,0.25,0.4375,0.0,0.0,0.0,0.0,0.0,0.0
5,4,0.1875,0.0625,0.0625,0.25,0.4375,0.0,0.0,0.0,0.0,0.0,0.0
5,4,0.1875,0.0625,0.0625,0.25,0.4375,0.0,0.0,0.0,0.0,0.0,0.0
5,4,0.1875,0.0625,0.0625,0.25,0.4375,0.0,0.0,0.0,0.0,0.0,0.0
5,4,0.1875,0.0625,0.0625,0.25,0.4375,0.0,0.0,0.0,0.0,0.0,0.0
5,4,0.1875,0.0625,0.0625,0.25,0.4375,0.0,0.0,0.0,0.0,0.0,0.0
5,4,0.1875,0.0625,0.0625,0.25,0.4375,0.0,0.0,0.0,0.0,0.0,0.0
5,4,0.1875,0.0625,0.0625,0.25,0.4375,0.0,0.0,0.0,0.0,0.0,0.0
5,4,0.1875,0.0625,0.0625,0.25,0.4375,0.0,0.0,0.0,0.0,0.0,0.0
5,4,0.1875,0.0625,0.0625,0.25,0.4375,0.0,0.0,0.0,0.0,0.0,0.0
5,4,0.1875,0.0625,0.0625,0.25,0.4375,0.0,0.0,0.0,0.0,0.0,0.0
5,4,0.1875,0.0625,0.0625,0.25,0.4375,0.0,0.0,0.0,0.0,0.0,0.0
5,4,0.1875,0.0625,0.0625,0.25,0.4375,0.0,0.0,0.0,0.0,0.0,0.0
5,4,0.1875,0.0625,0.0625,0.25,0.4375,0.0,0.0,0.0,0.0,0.0,0.0
5,4,0.1875,0.0625,0.0625,0.25,0.4375,0.0,0.0,0.0,0.0,0.0,0.0
5,4,0.1875,0.0625,0.0625,0.25,0.4375,0.0,0.0,0.0,0.0,0.0,0.0
5,4,0.1875,0.0625,0.0625,0.25,0.4375,0.0,0.0,0.0,0.0,0.0,0.0
5,4,0.1875,0.0625,0.0625,0.25,0.4375,0.0,0.0,0.0,0.0,0.0,0.0
5,4,0.1875,0.0625,0.0625,0.25,0.4375,0.0,0.0,0.0,0.0,0.0,0.0
5,4,0.1875,0.0625,0.0625,0.25,0.4375,0.0,0.0,0.0,0.0,0.0,0.0
5,4,0.1875,0.0625,0.0625,0.25,0.4375,0.0,0.0,0.0,0.0,0.0,0.0
5,4,0.1875,0.0625,0.0625,0.25,0.4375,0.0,0.0,0.0,0.0,0.0,0.0
5,4,0.1875,0.0625,0.0625,0.25,0.4375,0.0,0.0,0.0,0.0,0.0,0.0
5,4,0.1875,0.0625,0.0625,0.25,0.4375,0.0,0.0,0.0,0.0,0.0,0.0
5,4,0.1875,0.0625,0.0625,0.25,0.4375,0.0,0.0,0.0,0.0,0.0,0.0
5,4,0.1875,0.0625,0.0625,0.25,0.4375,0.0,0.0,0.0,0.0,0.0,0.0
5,4,0.1875,0.0625,0.0625,0.25,0.4375,0.0,0.0,0.0,0.0,0.0,0.0
5,4,0.1875,0.0625,0.0625,0.25,0.4375,0.0,0.0,0.0,0.0,0.0,0.0
5,4,0.1875,0.0625,0.0625,0.25,0.4375,0.0,0.0,0.0,0.0,0.0,0.0
5,4,0.1875,0.0625,0.0625,0.25,0.4375,0.0,0.0,0.0,0.0,0.0,0.0
5,4,0.1875,0.0625,0.0625,0.25,0.4375,0.0,0.0,0.0,0.0,0.0,0.0
5,4,0.1875,0.0625,0.0625,0.25,0.4375,0.0,0.0,0.0,0.0,0.0,0.0
5,4,0.1875,0.0625,0.0625,0.25,0.4375,0.0,0.0,0.0,0.0,0.0,0.0
5,4,0.1875,0.0625,0.0625,0.25,0.4375,0.0,0.0,0.0,0.0,0.0,0.0
5,4,0.1875,0.0625,0.0625,0.25,0.4375,0.0,0.0,0.0,0.0,0.0,0.0
5,4,0.25,0.0625,0.0625,0.1875,0.4375,0.0,0.0,0.0,0.0,0.0,0.0
5,4,0.25,0.0625,0.0625,0.1875,0.4375,0.0,0.0,0.0,0.0,0.0,0.0
5,4,0.25,0.0625,0.0625,0.1875,0.4375,0.0,0.0,0.0,0.0,0.0,0.0
5,4,0.25,0.0625,0.0625,0.1875,0.4375,0.0,0.0,0.0,0.0,0.0,0.0
5,4,0.25,0.0625,0.0625,0.1875,0.4375,0.0,0.0,0.0,0.0,0.0,0.0
5,4,0.25,0.0625,0.0625,0.1875,0.4375,0.0,0.0,0.0,0.0,0.0,0.0
5,4,0.25,0.0625,0.0625,0.1875,0.4375,0.0,0.0,0.0,0.0,0.0,0.0
5,4,0.25,0.0625,0.0625,0.1875,0.4375,0.0,0.0,0.0,0.0,0.0,0.0
5,4,0.25,0.0625,0.0625,0.1875,0.4375,0.0,0.0,0.0,0.0,0.0,0.0
5,4,0.25,0.0625,0.0625,0.1875,0.4375,0.0,0.0,0.0,0.0,0.0,0.0
5,4,0.25,0.0625,0.0625,0.1875,0.4375,0.0,0.0,0.0,0.0,0.0,0.0
5,4,0.25,0.0625,0.0625,0.1875,0.4375,0.0,0.0,0.0,0.0,0.0,0.0
5,4,0.25,0.0625,0.0625,0.1875,0.4375,0.0,0.0,0.0,0.0,0.0,0.0
5,4,0.25,0.0625,0.0625,0.1875,0.4375,0.0,0.0,0.0,0.0,0.0,0.0
5,4,0.25,0.0625,0.0625,0.1875,0.4375,0.0,0.0,0.0,0.0,0.0,0.0
5,4,0.25,0.0625,0.0625,0.1875,0.4375,0.0,0.0,0.0,0.0,0.0,0.0
5,4,0.25,0.0625,0.0625,0.1875,0.4375,0.0,0.0,0.0,0.0,0.0,0.0
5,4,0.25,0.0625,0.0625,0.1875,0.4375,0.0,0.0,0.0,0.0,0.0,0.0
5,4,0.25,0.0625,0.0625,0.1875,0.4375,0.0,0.0,0.0,0.0,0.0,0.0
5,4,0.25,0.0625,0.0625,0.1875,0.4375,0.0,0.0,0.0,0.0,0.0,0.0
5,4,0.25,0.0625,0.0625,0.1875,0.4375,0.0,0.0,0.0,0.0,0.0,0.0
5,4,0.25,0.0625,0.0625,0.1875,0.4375,0.0,0.0,0.0,0.0,0.0,0.0
5,4,0.25,0.0625,0.0625,0.1875,0.4375,0.0,0.0,0.0,0.0,0.0,0.0
5,4,0.25,0.0625,0.0625,0.1875,0.4375,0.0,0.0,0.0,0.0,0.0,0.0
5,4,0.25,0.0625,0.0625,0.1875,0.4375,0.0,0.0,0.0,0.0,0.0,0.0
5,4,0.25,0.0625,0.0625,0.1875,0.4375,0.0,0.0,0.0,0.0,0.0,0.0
5,4,0.3125,0.0625,0.0625,0.1875,0.375,0.0,0.0,0.0,0.0,0.0,0.0
5,4,0.3125,0.0625,0.0625,0.1875,0.375,0.0,0.0,0.0,0.0,0.0,0.0
5,4,0.3125,0.0625,0.0625,0.1875,0.375,0.0,0.0,0.0,0.0,0.0,0.0
5,4,0.3125,0.0625,0.0625,0.1875,0.375,0.0,0.0,0.0,0.0,0.0,0.0
5,4,0.3125,0.0625,0.0625,0.1875,0.375,0.0,0.0,0.0,0.0,0.0,0.0
5,4,0.3125,0.0625,0.0625,0.1875,0.375,0.0,0.0,0.0,0.0,0.0,0.0
5,4,0.3125,0.0625,0.0625,0.1875,0.375,0.0,0.0,0.0,0.0,0.0,0.0
5,4,0.3125,0.0625,0.0625,0.1875,0.375,0.0,0.0,0.0,0.0,0.0,0.0
5,4,0.3125,0.0625,0.0625,0.1875,0.375,0.0,0.0,0.0,0.0,0.0,0.0
5,4,0.3125,0.0625,0.0625,0.1875,0.375,0.0,0.0,0.0,0.0,0.0,0.0
5,4,0.3125,0.0625,0.0625,0.1875,0.375,0.0,0.0,0.0,0.0,0.0,0.0
5,4,0.3125,0.0625,0.0625,0.1875,0.375,0.0,0.0,0.0,0.0,0.0,0.0
5,4,0.3125,0.0625,0.0625,0.1875,0.375,0.0,0.0,0.0,0.0,0.0,0.0
5,4,0.3125,0.0625,0.0625,0.1875,0.375,0.0,0.0,0.0,0.0,0.0,0.0
5,4,0.3125,0.0625,0.0625,0.1875,0.375,0.0,0.0,0.0,0.0,0.0,0.0
5,4,0.3125,0.0625,0.0625,0.1875,0.375,0.0,0.0,0.0,0.0,0.0,0.0
5,4,0.25,0.0625,0.0625,0.25,0.375,0.0,0.0,0.0,0.0,0.0,0.0
5,4,0.25,0.0625,0.0625,0.25,0.375,0.0,0.0,0.0,0.0,0.0,0.0
5,4,0.25,0.0625,0.0625,0.25,0.375,0.0,0.0,0.0,0.0,0.0,0.0
5,4,0.25,0.0625,0.0625,0.25,0.375,0.0,0.0,0.0,0.0,0.0,0.0
5,4,0.25,0.0625,0.0625,0.25,0.375,0.0,0.0,0.0,0.0,0.0,0.0
5,4,0.25,0.0625,0.0625,0.25,0.375,0.0,0.0,0.0,0.0,0.0,0.0
5,4,0.25,0.0625,0.0625,0.25,0.375,0.0,0.0,0.0,0.0,0.0,0.0
5,4,0.25,0.0625,0.0625,0.25,0.375,0.0,0.0,0.0,0.0,0.0,0.0
5,4,0.25,0.0625,0.0625,0.25,0.375,0.0,0.0,0.0,0.0,0.0,0.0
5,4,0.3125,0.0,0.0625,0.25,0.375,0.0,0.0,0.0,0.0,0.0,0.0
5,4,0.3125,0.0,0.0625,0.25,0.375,0.0,0.0,0.0,0.0,0.0,0.0
5,4,0.3125,0.0,0.0625,0.25,0.375,0.0,0.0,0.0,0.0,0.0,0.0
5,4,0.3125,0.0,0.0625,0.25,0.375,0.0,0.0,0.0,0.0,0.0,0.0
5,4,0.3125,0.0,0.0625,0.25,0.375,0.0,0.0,0.0,0.0,0.0,0.0
5,4,0.3125,0.0,0.0625,0.25,0.375,0.0,0.0,0.0,0.0,0.0,0.0
5,4,0.3125,0.0,0.0625,0.25,0.375,0.0,0.0,0.0,0.0,0.0,0.0
5,4,0.3125,0.0,0.0625,0.25,0.375,0.0,0.0,0.0,0.0,0.0,0.0
5,4,0.3125,0.0,0.0625,0.25,0.375,0.0,0.0,0.0,0.0,0.0,0.0
5,4,0.3125,0.0,0.0625,0.25,0.375,0.0,0.0,0.0,0.0,0.0,0.0
5,4,0.3125,0.0,0.0625,0.25,0.375,0.0,0.0,0.0,0.0,0.0,0.0
5,4,0.3125,0.0,0.0625,0.25,0.375,0.0,0.0,0.0,0.0,0.0,0.0
5,4,0.3125,0.0,0.0625,0.25,0.375,0.0,0.0,0.0,0.0,0.0,0.0
5,4,0.3125,0.0,0.0625,0.25,0.375,0.0,0.0,0.0,0.0,0.0,0.0
5,4,0.3125,0.0,0.0625,0.25,0.375,0.0,0.0,0.0,0.0,0.0,0.0
5,4,0.3125,0.0,0.0625,0.25,0.375,0.0,0.0,0.0,0.0,0.0,0.0
5,4,0.3125,0.0,0.0625,0.25,0.375,0.0,0.0,0.0,0.0,0.0,0.0
5,4,0.3125,0.0,0.0625,0.25,0.375,0.0,0.0,0.0,0.0,0.0,0.0
5,4,0.3125,0.0,0.0625,0.25,0.375,0.0,0.0,0.0,0.0,0.0,0.0
5,4,0.3125,0.0,0.0625,0.25,0.375,0.0,0.0,0.0,0.0,0.0,0.0
5,4,0.3125,0.0,0.0625,0.25,0.375,0.0,0.0,0.0,0.0,0.0,0.0
5,4,0.3125,0.0,0.0625,0.25,0.375,0.0,0.0,0.0,0.0,0.0,0.0
5,4,0.3125,0.0,0.0625,0.25,0.375,0.0,0.0,0.0,0.0,0.0,0.0
5,4,0.3125,0.0,0.0625,0.25,0.375,0.0,0.0,0.0,0.0,0.0,0.0
5,4,0.3125,0.0,0.0625,0.25,0.375,0.0,0.0,0.0,0.0,0.0,0.0
5,4,0.3125,0.0,0.0625,0.25,0.375,0.0,0.0,0.0,0.0,0.0,0.0
5,4,0.3125,0.0,0.0625,0.25,0.375,0.0,0.0,0.0,0.0,0.0,0.0
5,4,0.3125,0.0,0.0625,0.25,0.375,0.0,0.0,0.0,0.0,0.0,0.0
5,4,0.3125,0.0,0.0625,0.25,0.375,0.0,0.0,0.0,0.0,0.0,0.0
5,4,0.3125,0.0,0.0625,0.25,0.375,0.0,0.0,0.0,0.0,0.0,0.0
5,4,0.3125,0.0,0.0625,0.25,0.375,0.0,0.0,0.0,0.0,0.0,0.0
5,4,0.3125,0.0,0.0625,0.25,0.375,0.0,0.0,0.0,0.0,0.0,0.0
5,4,0.3125,0.0,0.0625,0.25,0.375,0.0,0.0,0.0,0.0,0.0,0.0
5,4,0.3125,0.0,0.0625,0.25,0.375,0.0,0.0,0.0,0.0,0.0,0.0
5,4,0.3125,0.0,0.0625,0.25,0.375,0.0,0.0,0.0,0.0,0.0,0.0
5,4,0.3125,0.0,0.0625,0.25,0.375,0.0,0.0,0.0,0.0,0.0,0.0
5,4,0.3125,0.0,0.0625,0.25,0.375,0.0,0.0,0.0,0.0,0.0,0.0
5,4,0.3125,0.0,0.0625,0.25,0.375,0.0,0.0,0.0,0.0,0.0,0.0
5,4,0.3125,0.0,0.0625,0.25,0.375,0.0,0.0,0.0,0.0,0.0,0.0
5,4,0.3125,0.0,0.0625,0.25,0.375,0.0,0.0,0.0,0.0,0.0,0.0
5,4,0.3125,0.0,0.0625,0.25,0.375,0.0,0.0,0.0,0.0,0.0,0.0
5,4,0.3125,0.0,0.0625,0.25,0.375,0.0,0.0,0.0,0.0,0.0,0.0
5,4,0.3125,0.0,0.0625,0.25,0.375,0.0,0.0,0.0,0.0,0.0,0.0
5,4,0.3125,0.0,0.0625,0.25,0.375,0.0,0.0,0.0,0.0,0.0,0.0
5,4,0.3125,0.0,0.0625,0.25,0.375,0.0,0.0,0.0,0.0,0.0,0.0
5,4,0.3125,0.0,0.0625,0.25,0.375,0.0,0.0,0.0,0.0,0.0,0.0
5,4,0.3125,0.0,0.0625,0.25,0.375,0.0,0.0,0.0,0.0,0.0,0.0
5,4,0.3125,0.0,0.0625,0.25,0.375,0.0,0.0,0.0,0.0,0.0,0.0
5,4,0.3125,0.0,0.0625,0.25,0.375,0.0,0.0,0.0,0.0,0.0,0.0
5,4,0.3125,0.0,0.0625,0.25,0.375,0.0,0.0,0.0,0.0,0.0,0.0
5,4,0.3125,0.0,0.0625,0.25,0.375,0.0,0.0,0.0,0.0,0.0,0.0
5,4,0.3125,0.0,0.0625,0.25,0.375,0.0,0.0,0.0,0.0,0.0,0.0
5,4,0.3125,0.0,0.0625,0.25,0.375,0.0,0.0,0.0,0.0,0.0,0.0
5,4,0.3125,0.0,0.0625,0.25,0.375,0.0,0.0,0.0,0.0,0.0,0.0
5,4,0.3125,0.0,0.0625,0.25,0.375,0.0,0.0,0.0,0.0,0.0,0.0
5,4,0.3125,0.0,0.0625,0.25,0.375,0.0,0.0,0.0,0.0,0.0,0.0
5,4,0.3125,0.0,0.0625,0.25,0.375,0.0,0.0,0.0,0.0,0.0,0.0
5,4,0.3125,0.0,0.0625,0.25,0.375,0.0,0.0,0.0,0.0,0.0,0.0
5,4,0.3125,0.0,0.0625,0.25,0.375,0.0,0.0,0.0,0.0,0.0,0.0
5,4,0.3125,0.0,0.0625,0.25,0.375,0.0,0.0,0.0,0.0,0.0,0.0
5,4,0.3125,0.0,0.0625,0.25,0.375,0.0,0.0,0.0,0.0,0.0,0.0
5,4,0.3125,0.0,0.0625,0.25,0.375,0.0,0.0,0.0,0.0,0.0,0.0
5,4,0.3125,0.0,0.0625,0.25,0.375,0.0,0.0,0.0,0.0,0.0,0.0
5,4,0.3125,0.0,0.0625,0.25,0.375,0.0,0.0,0.0,0.0,0.0,0.0
5,4,0.3125,0.0,0.0625,0.25,0.375,0.0,0.0,0.0,0.0,0.0,0.0
5,4,0.3125,0.0,0.0625,0.25,0.375,0.0,0.0,0.0,0.0,0.0,0.0
5,4,0.3125,0.0,0.0625,0.25,0.375,0.0,0.0,0.0,0.0,0.0,0.0
5,4,0.3125,0.0,0.0625,0.25,0.375,0.0,0.0,0.0,0.0,0.0,0.0
5,4,0.3125,0.0,0.0625,0.25,0.375,0.0,0.0,0.0,0.0,0.0,0.0
5,4,0.3125,0.0,0.0625,0.25,0.375,0.0,0.0,0.0,0.0,0.0,0.0
5,4,0.3125,0.0,0.0625,0.25,0.375,0.0,0.0,0.0,0.0,0.0,0.0
5,4,0.3125,0.0,0.0625,0.25,0.375,0.0,0.0,0.0,0.0,0.0,0.0
5,4,0.3125,0.0,0.0625,0.25,0.375,0.0,0.0,0.0,0.0,0.0,0.0
5,4,0.3125,0.0,0.0625,0.25,0.375,0.0,0.0,0.0,0.0,0.0,0.0
5,4,0.3125,0.0,0.0625,0.25,0.375,0.0,0.0,0.0,0.0,0.0,0.0
5,4,0.3125,0.0,0.0625,0.25,0.375,0.0,0.0,0.0,0.0,0.0,0.0
5,4,0.3125,0.0,0.0625,0.25,0.375,0.0,0.0,0.0,0.0,0.0,0.0
5,4,0.3125,0.0,0.0625,0.25,0.375,0.0,0.0,0.0,0.0,0.0,0.0
5,4,0.3125,0.0,0.0625,0.25,0.375,0.0,0.0,0.0,0.0,0.0,0.0
5,4,0.3125,0.0,0.0625,0.25,0.375,0.0,0.0,0.0,0.0,0.0,0.0
5,4,0.3125,0.0,0.0625,0.25,0.375,0.0,0.0,0.0,0.0,0.0,0.0
5,4,0.3125,0.0,0.0625,0.25,0.375,0.0,0.0,0.0,0.0,0.0,0.0
5,4,0.3125,0.0,0.0625,0.25,0.375,0.0,0.0,0.0,0.0,0.0,0.0
5,4,0.3125,0.0,0.0625,0.25,0.375,0.0,0.0,0.0,0.0,0.0,0.0
5,4,0.3125,0.0,0.0625,0.25,0.375,0.0,0.0,0.0,0.0,0.0,0.0
5,4,0.3125,0.0,0.0625,0.25,0.375,0.0,0.0,0.0,0.0,0.0,0.0
5,4,0.3125,0.0,0.0625,0.25,0.375,0.0,0.0,0.0,0.0,0.0,0.0
5,4,0.3125,0.0,0.0625,0.25,0.375,0.0,0.0,0.0,0.0,0.0,0.0
5,4,0.3125,0.0,0.0625,0.25,0.375,0.0,0.0,0.0,0.0,0.0,0.0
5,4,0.3125,0.0,0.0625,0.25,0.375,0.0,0.0,0.0,0.0,0.0,0.0
5,4,0.3125,0.0,0.0625,0.25,0.375,0.0,0.0,0.0,0.0,0.0,0.0
5,4,0.3125,0.0,0.0625,0.25,0.375,0.0,0.0,0.0,0.0,0.0,0.0
5,4,0.3125,0.0,0.0625,0.25,0.375,0.0,0.0,0.0,0.0,0.0,0.0
5,4,0.3125,0.0,0.0625,0.25,0.375,0.0,0.0,0.0,0.0,0.0,0.0
5,4,0.3125,0.0,0.0625,0.25,0.375,0.0,0.0,0.0,0.0,0.0,0.0
5,4,0.3125,0.0,0.0625,0.25,0.375,0.0,0.0,0.0,0.0,0.0,0.0
5,4,0.3125,0.0,0.0625,0.25,0.375,0.0,0.0,0.0,0.0,0.0,0.0
5,4,0.3125,0.0,0.0625,0.25,0.375,0.0,0.0,0.0,0.0,0.0,0.0
5,4,0.3125,0.0,0.0625,0.25,0.375,0.0,0.0,0.0,0.0,0.0,0.0
5,4,0.3125,0.0,0.0625,0.25,0.375,0.0,0.0,0.0,0.0,0.0,0.0
5,4,0.3125,0.0,0.0625,0.25,0.375,0.0,0.0,0.0,0.0,0.0,0.0
5,4,0.3125,0.0,0.0625,0.25,0.375,0.0,0.0,0.0,0.0,0.0,0.0
5,4,0.3125,0.0,0.0625,0.25,0.375,0.0,0.0,0.0,0.0,0.0,0.0
5,4,0.3125,0.0,0.0625,0.25,0.375,0.0,0.0,0.0,0.0,0.0,0.0
5,4,0.3125,0.0,0.0625,0.25,0.375,0.0,0.0,0.0,0.0,0.0,0.0
5,0,0.375,0.0,0.0625,0.25,0.3125,0.0,0.0,0.0,0.0,0.0,0.0
5,0,0.375,0.0,0.0625,0.25,0.3125,0.0,0.0,0.0,0.0,0.0,0.0
5,0,0.375,0.0,0.0625,0.25,0.3125,0.0,0.0,0.0,0.0,0.0,0.0
5,0,0.375,0.0,0.0625,0.25,0.3125,0.0,0.0,0.0,0.0,0.0,0.0
5,0,0.375,0.0,0.0625,0.25,0.3125,0.0,0.0,0.0,0.0,0.0,0.0
5,0,0.375,0.0,0.0625,0.25,0.3125,0.0,0.0,0.0,0.0,0.0,0.0
5,0,0.375,0.0,0.0625,0.25,0.3125,0.0,0.0,0.0,0.0,0.0,0.0
5,0,0.375,0.0,0.0625,0.25,0.3125,0.0,0.0,0.0,0.0,0.0,0.0
5,0,0.375,0.0,0.0625,0.25,0.3125,0.0,0.0,0.0,0.0,0.0,0.0
5,0,0.375,0.0,0.0625,0.25,0.3125,0.0,0.0,0.0,0.0,0.0,0.0
5,0,0.375,0.0,0.0625,0.25,0.3125,0.0,0.0,0.0,0.0,0.0,0.0
5,0,0.375,0.0,0.0625,0.25,0.3125,0.0,0.0,0.0,0.0,0.0,0.0
5,0,0.375,0.0,0.0625,0.25,0.3125,0.0,0.0,0.0,0.0,0.0,0.0
5,0,0.375,0.0,0.0625,0.25,0.3125,0.0,0.0,0.0,0.0,0.0,0.0
5,0,0.375,0.0,0.0625,0.25,0.3125,0.0,0.0,0.0,0.0,0.0,0.0
5,0,0.375,0.0,0.0625,0.25,0.3125,0.0,0.0,0.0,0.0,0.0,0.0
5,0,0.375,0.0,0.0625,0.25,0.3125,0.0,0.0,0.0,0.0,0.0,0.0
5,0,0.375,0.0,0.0625,0.25,0.3125,0.0,0.0,0.0,0.0,0.0,0.0
5,0,0.375,0.0,0.0625,0.25,0.3125,0.0,0.0,0.0,0.0,0.0,0.0
5,0,0.375,0.0,0.0625,0.25,0.3125,0.0,0.0,0.0,0.0,0.0,0.0
5,0,0.375,0.0,0.0,0.3125,0.3125,0.0,0.0,0.0,0.0,0.0,0.0
5,0,0.375,0.0,0.0,0.3125,0.3125,0.0,0.0,0.0,0.0,0.0,0.0
5,0,0.375,0.0,0.0,0.3125,0.3125,0.0,0.0,0.0,0.0,0.0,0.0
5,0,0.375,0.0,0.0,0.3125,0.3125,0.0,0.0,0.0,0.0,0.0,0.0
5,0,0.375,0.0,0.0,0.3125,0.3125,0.0,0.0,0.0,0.0,0.0,0.0
5,0,0.375,0.0,0.0,0.3125,0.3125,0.0,0.0,0.0,0.0,0.0,0.0
5,0,0.375,0.0,0.0,0.3125,0.3125,0.0,0.0,0.0,0.0,0.0,0.0
5,0,0.375,0.0,0.0,0.3125,0.3125,0.0,0.0,0.0,0.0,0.0,0.0
5,0,0.375,0.0,0.0,0.3125,0.3125,0.0,0.0,0.0,0.0,0.0,0.0
5,0,0.375,0.0,0.0,0.3125,0.3125,0.0,0.0,0.0,0.0,0.0,0.0
5,3,0.3125,0.0,0.0,0.375,0.3125,0.0,0.0,0.0,0.0,0.0,0.0
5,3,0.3125,0.0,0.0,0.375,0.3125,0.0,0.0,0.0,0.0,0.0,0.0
5,3,0.3125,0.0,0.0,0.375,0.3125,0.0,0.0,0.0,0.0,0.0,0.0
5,3,0.3125,0.0,0.0,0.375,0.3125,0.0,0.0,0.0,0.0,0.0,0.0
5,3,0.3125,0.0,0.0,0.375,0.3125,0.0,0.0,0.0,0.0,0.0,0.0
5,3,0.3125,0.0,0.0,0.375,0.3125,0.0,0.0,0.0,0.0,0.0,0.0
5,3,0.3125,0.0,0.0,0.375,0.3125,0.0,0.0,0.0,0.0,0.0,0.0
5,3,0.3125,0.0,0.0,0.375,0.3125,0.0,0.0,0.0,0.0,0.0,0.0
5,3,0.3125,0.0,0.0,0.375,0.3125,0.0,0.0,0.0,0.0,0.0,0.0
5,3,0.3125,0.0,0.0,0.375,0.3125,0.0,0.0,0.0,0.0,0.0,0.0
5,3,0.25,0.0,0.0,0.4375,0.3125,0.0,0.0,0.0,0.0,0.0,0.0
5,3,0.25,0.0,0.0,0.4375,0.3125,0.0,0.0,0.0,0.0,0.0,0.0
5,3,0.25,0.0,0.0,0.5,0.25,0.0,0.0,0.0,0.0,0.0,0.0
5,3,0.25,0.0,0.0,0.5,0.25,0.0,0.0,0.0,0.0,0.0,0.0
5,3,0.25,0.0,0.0,0.5625,0.1875,0.0,0.0,0.0,0.0,0.0,0.0
5,3,0.25,0.0,0.0,0.5625,0.1875,0.0,0.0,0.0,0.0,0.0,0.0
5,3,0.25,0.0,0.0,0.5625,0.1875,0.0,0.0,0.0,0.0,0.0,0.0
5,3,0.25,0.0,0.0,0.5625,0.1875,0.0,0.0,0.0,0.0,0.0,0.0
5,3,0.25,0.0,0.0,0.5625,0.1875,0.0,0.0,0.0,0.0,0.0,0.0
5,3,0.25,0.0,0.0,0.5625,0.1875,0.0,0.0,0.0,0.0,0.0,0.0
5,3,0.25,0.0,0.0,0.5625,0.1875,0.0,0.0,0.0,0.0,0.0,0.0
5,3,0.25,0.0,0.0,0.5625,0.1875,0.0,0.0,0.0,0.0,0.0,0.0
5,3,0.1875,0.0,0.0,0.625,0.1875,0.0,0.0,0.0,0.0,0.0,0.0
5,3,0.1875,0.0,0.0,0.625,0.1875,0.0,0.0,0.0,0.0,0.0,0.0
5,3,0.1875,0.0,0.0,0.625,0.1875,0.0,0.0,0.0,0.0,0.0,0.0
5,3,0.1875,0.0,0.0,0.625,0.1875,0.0,0.0,0.0,0.0,0.0,0.0
5,3,0.1875,0.0,0.0,0.625,0.1875,0.0,0.0,0.0,0.0,0.0,0.0
5,3,0.1875,0.0,0.0,0.625,0.1875,0.0,0.0,0.0,0.0,0.0,0.0
5,3,0.1875,0.0,0.0,0.625,0.1875,0.0,0.0,0.0,0.0,0.0,0.0
5,3,0.1875,0.0,0.0,0.625,0.1875,0.0,0.0,0.0,0.0,0.0,0.0
5,3,0.1875,0.0,0.0,0.625,0.1875,0.0,0.0,0.0,0.0,0.0,0.0
5,3,0.1875,0.0,0.0,0.625,0.1875,0.0,0.0,0.0,0.0,0.0,0.0
5,3,0.1875,0.0,0.0,0.625,0.1875,0.0,0.0,0.0,0.0,0.0,0.0
5,3,0.1875,0.0,0.0,0.625,0.1875,0.0,0.0,0.0,0.0,0.0,0.0
5,3,0.1875,0.0,0.0,0.6875,0.125,0.0,0.0,0.0,0.0,0.0,0.0
5,3,0.1875,0.0,0.0,0.6875,0.125,0.0,0.0,0.0,0.0,0.0,0.0
5,3,0.1875,0.0,0.0,0.6875,0.125,0.0,0.0,0.0,0.0,0.0,0.0
5,3,0.1875,0.0,0.0,0.6875,0.125,0.0,0.0,0.0,0.0,0.0,0.0
5,3,0.1875,0.0,0.0,0.75,0.0625,0.0,0.0,0.0,0.0,0.0,0.0
5,3,0.1875,0.0,0.0,0.75,0.0625,0.0,0.0,0.0,0.0,0.0,0.0
5,3,0.1875,0.0,0.0,0.75,0.0625,0.0,0.0,0.0,0.0,0.0,0.0
5,3,0.1875,0.0,0.0,0.75,0.0625,0.0,0.0,0.0,0.0,0.0,0.0
5,3,0.1875,0.0,0.0,0.75,0.0625,0.0,0.0,0.0,0.0,0.0,0.0
5,3,0.1875,0.0,0.0,0.75,0.0625,0.0,0.0,0.0,0.0,0.0,0.0
5,3,0.1875,0.0,0.0,0.75,0.0625,0.0,0.0,0.0,0.0,0.0,0.0
5,3,0.25,0.0,0.0,0.6875,0.0625,0.0,0.0,0.0,0.0,0.0,0.0
5,3,0.25,0.0,0.0,0.6875,0.0625,0.0,0.0,0.0,0.0,0.0,0.0
5,3,0.25,0.0,0.0,0.6875,0.0625,0.0,0.0,0.0,0.0,0.0,0.0
5,3,0.25,0.0,0.0,0.6875,0.0625,0.0,0.0,0.0,0.0,0.0,0.0
5,3,0.25,0.0,0.0,0.6875,0.0625,0.0,0.0,0.0,0.0,0.0,0.0
5,3,0.25,0.0,0.0,0.6875,0.0625,0.0,0.0,0.0,0.0,0.0,0.0
5,3,0.25,0.0,0.0,0.6875,0.0625,0.0,0.0,0.0,0.0,0.0,0.0
5,3,0.25,0.0,0.0,0.6875,0.0625,0.0,0.0,0.0,0.0,0.0,0.0
5,3,0.25,0.0,0.0,0.6875,0.0625,0.0,0.0,0.0,0.0,0.0,0.0
5,3,0.25,0.0,0.0,0.6875,0.0625,0.0,0.0,0.0,0.0,0.0,0.0
5,3,0.25,0.0,0.0,0.6875,0.0625,0.0,0.0,0.0,0.0,0.0,0.0
5,3,0.25,0.0,0.0,0.6875,0.0625,0.0,0.0,0.0,0.0,0.0,0.0
5,3,0.25,0.0,0.0,0.6875,0.0625,0.0,0.0,0.0,0.0,0.0,0.0
5,3,0.25,0.0,0.0,0.6875,0.0625,0.0,0.0,0.0,0.0,0.0,0.0
5,3,0.25,0.0,0.0,0.6875,0.0625,0.0,0.0,0.0,0.0,0.0,0.0
5,3,0.25,0.0,0.0,0.6875,0.0625,0.0,0.0,0.0,0.0,0.0,0.0
5,3,0.25,0.0,0.0,0.6875,0.0625,0.0,0.0,0.0,0.0,0.0,0.0
5,3,0.25,0.0,0.0,0.6875,0.0625,0.0,0.0,0.0,0.0,0.0,0.0
5,3,0.25,0.0,0.0,0.6875,0.0625,0.0,0.0,0.0,0.0,0.0,0.0
5,3,0.25,0.0,0.0,0.6875,0.0625,0.0,0.0,0.0,0.0,0.0,0.0
5,3,0.25,0.0,0.0,0.6875,0.0625,0.0,0.0,0.0,0.0,0.0,0.0
5,3,0.3125,0.0,0.0,0.625,0.0625,0.0,0.0,0.0,0.0,0.0,0.0
5,3,0.3125,0.0,0.0,0.625,0.0625,0.0,0.0,0.0,0.0,0.0,0.0
5,3,0.3125,0.0,0.0,0.625,0.0625,0.0,0.0,0.0,0.0,0.0,0.0
5,3,0.3125,0.0,0.0,0.625,0.0625,0.0,0.0,0.0,0.0,0.0,0.0
5,3,0.3125,0.0,0.0,0.625,0.0625,0.0,0.0,0.0,0.0,0.0,0.0
5,3,0.3125,0.0,0.0,0.625,0.0625,0.0,0.0,0.0,0.0,0.0,0.0
5,3,0.3125,0.0,0.0,0.625,0.0625,0.0,0.0,0.0,0.0,0.0,0.0
5,3,0.3125,0.0,0.0,0.625,0.0625,0.0,0.0,0.0,0.0,0.0,0.0
5,3,0.3125,0.0,0.0,0.625,0.0625,0.0,0.0,0.0,0.0,0.0,0.0
5,3,0.3125,0.0,0.0,0.625,0.0625,0.0,0.0,0.0,0.0,0.0,0.0
5,3,0.3125,0.0,0.0,0.625,0.0625,0.0,0.0,0.0,0.0,0.0,0.0
5,3,0.3125,0.0,0.0,0.625,0.0625,0.0,0.0,0.0,0.0,0.0,0.0
5,3,0.3125,0.0,0.0,0.625,0.0625,0.0,0.0,0.0,0.0,0.0,0.0
5,3,0.3125,0.0,0.0,0.625,0.0625,0.0,0.0,0.0,0.0,0.0,0.0
5,3,0.3125,0.0,0.0,0.625,0.0625,0.0,0.0,0.0,0.0,0.0,0.0
5,3,0.3125,0.0,0.0,0.625,0.0625,0.0,0.0,0.0,0.0,0.0,0.0
5,3,0.3125,0.0,0.0,0.625,0.0625,0.0,0.0,0.0,0.0,0.0,0.0
5,3,0.3125,0.0,0.0,0.625,0.0625,0.0,0.0,0.0,0.0,0.0,0.0
5,3,0.3125,0.0,0.0,0.625,0.0625,0.0,0.0,0.0,0.0,0.0,0.0
5,3,0.3125,0.0,0.0,0.625,0.0625,0.0,0.0,0.0,0.0,0.0,0.0
5,3,0.3125,0.0,0.0,0.625,0.0625,0.0,0.0,0.0,0.0,0.0,0.0
5,3,0.3125,0.0,0.0,0.625,0.0625,0.0,0.0,0.0,0.0,0.0,0.0
5,3,0.3125,0.0,0.0,0.625,0.0625,0.0,0.0,0.0,0.0,0.0,0.0
5,3,0.3125,0.0,0.0,0.625,0.0625,0.0,0.0,0.0,0.0,0.0,0.0
5,3,0.3125,0.0,0.0,0.625,0.0625,0.0,0.0,0.0,0.0,0.0,0.0
5,3,0.3125,0.0,0.0,0.625,0.0625,0.0,0.0,0.0,0.0,0.0,0.0
5,3,0.3125,0.0,0.0,0.625,0.0625,0.0,0.0,0.0,0.0,0.0,0.0
5,3,0.3125,0.0,0.0,0.625,0.0625,0.0,0.0,0.0,0.0,0.0,0.0
5,3,0.3125,0.0,0.0,0.625,0.0625,0.0,0.0,0.0,0.0,0.0,0.0
5,3,0.3125,0.0,0.0,0.625,0.0625,0.0,0.0,0.0,0.0,0.0,0.0
5,3,0.3125,0.0,0.0,0.625,0.0625,0.0,0.0,0.0,0.0,0.0,0.0
5,3,0.3125,0.0,0.0,0.625,0.0625,0.0,0.0,0.0,0.0,0.0,0.0
5,3,0.3125,0.0,0.0,0.625,0.0625,0.0,0.0,0.0,0.0,0.0,0.0
5,3,0.3125,0.0,0.0,0.625,0.0625,0.0,0.0,0.0,0.0,0.0,0.0
5,3,0.3125,0.0,0.0,0.625,0.0625,0.0,0.0,0.0,0.0,0.0,0.0
5,3,0.3125,0.0,0.0,0.625,0.0625,0.0,0.0,0.0,0.0,0.0,0.0
5,3,0.3125,0.0,0.0,0.625,0.0625,0.0,0.0,0.0,0.0,0.0,0.0
5,3,0.3125,0.0,0.0,0.625,0.0625,0.0,0.0,0.0,0.0,0.0,0.0
5,3,0.3125,0.0,0.0,0.625,0.0625,0.0,0.0,0.0,0.0,0.0,0.0
5,3,0.3125,0.0,0.0,0.625,0.0625,0.0,0.0,0.0,0.0,0.0,0.0
5,3,0.3125,0.0,0.0,0.625,0.0625,0.0,0.0,0.0,0.0,0.0,0.0
5,3,0.3125,0.0,0.0,0.625,0.0625,0.0,0.0,0.0,0.0,0.0,0.0
5,3,0.3125,0.0,0.0,0.625,0.0625,0.0,0.0,0.0,0.0,0.0,0.0
5,3,0.3125,0.0,0.0,0.625,0.0625,0.0,0.0,0.0,0.0,0.0,0.0
5,3,0.3125,0.0,0.0,0.625,0.0625,0.0,0.0,0.0,0.0,0.0,0.0
5,3,0.3125,0.0,0.0,0.625,0.0625,0.0,0.0,0.0,0.0,0.0,0.0
5,3,0.3125,0.0,0.0,0.625,0.0625,0.0,0.0,0.0,0.0,0.0,0.0
5,3,0.3125,0.0,0.0,0.625,0.0625,0.0,0.0,0.0,0.0,0.0,0.0
5,3,0.3125,0.0,0.0,0.625,0.0625,0.0,0.0,0.0,0.0,0.0,0.0
5,3,0.3125,0.0,0.0,0.625,0.0625,0.0,0.0,0.0,0.0,0.0,0.0
5,3,0.3125,0.0,0.0,0.625,0.0625,0.0,0.0,0.0,0.0,0.0,0.0
5,3,0.3125,0.0,0.0,0.625,0.0625,0.0,0.0,0.0,0.0,0.0,0.0
5,3,0.3125,0.0,0.0,0.625,0.0625,0.0,0.0,0.0,0.0,0.0,0.0
5,3,0.3125,0.0,0.0,0.625,0.0625,0.0,0.0,0.0,0.0,0.0,0.0
5,3,0.3125,0.0,0.0,0.625,0.0625,0.0,0.0,0.0,0.0,0.0,0.0
5,3,0.3125,0.0,0.0,0.625,0.0625,0.0,0.0,0.0,0.0,0.0,0.0
5,3,0.3125,0.0,0.0,0.625,0.0625,0.0,0.0,0.0,0.0,0.0,0.0
5,3,0.3125,0.0,0.0,0.625,0.0625,0.0,0.0,0.0,0.0,0.0,0.0
5,3,0.3125,0.0,0.0,0.625,0.0625,0.0,0.0,0.0,0.0,0.0,0.0
5,3,0.3125,0.0,0.0,0.625,0.0625,0.0,0.0,0.0,0.0,0.0,0.0
5,3,0.375,0.0,0.0,0.5625,0.0625,0.0,0.0,0.0,0.0,0.0,0.0
5,3,0.375,0.0,0.0,0.5625,0.0625,0.0,0.0,0.0,0.0,0.0,0.0
5,3,0.375,0.0,0.0,0.5625,0.0625,0.0,0.0,0.0,0.0,0.0,0.0
5,3,0.375,0.0,0.0,0.5625,0.0625,0.0,0.0,0.0,0.0,0.0,0.0
5,3,0.375,0.0,0.0,0.5625,0.0625,0.0,0.0,0.0,0.0,0.0,0.0
5,3,0.375,0.0,0.0,0.5625,0.0625,0.0,0.0,0.0,0.0,0.0,0.0
5,3,0.375,0.0,0.0,0.5625,0.0625,0.0,0.0,0.0,0.0,0.0,0.0
5,3,0.375,0.0,0.0,0.5625,0.0625,0.0,0.0,0.0,0.0,0.0,0.0
5,3,0.375,0.0,0.0,0.5625,0.0625,0.0,0.0,0.0,0.0,0.0,0.0
5,3,0.375,0.0,0.0,0.5625,0.0625,0.0,0.0,0.0,0.0,0.0,0.0
5,3,0.375,0.0,0.0,0.5625,0.0625,0.0,0.0,0.0,0.0,0.0,0.0
5,3,0.3125,0.0,0.0,0.625,0.0625,0.0,0.0,0.0,0.0,0.0,0.0
5,3,0.375,0.0,0.0,0.625,0.0,0.0,0.0,0.0,0.0,0.0,0.0
5,3,0.375,0.0,0.0,0.625,0.0,0.0,0.0,0.0,0.0,0.0,0.0
5,3,0.375,0.0,0.0,0.625,0.0,0.0,0.0,0.0,0.0,0.0,0.0
5,3,0.375,0.0,0.0,0.625,0.0,0.0,0.0,0.0,0.0,0.0,0.0
5,3,0.375,0.0,0.0,0.625,0.0,0.0,0.0,0.0,0.0,0.0,0.0
5,3,0.375,0.0,0.0,0.625,0.0,0.0,0.0,0.0,0.0,0.0,0.0
5,3,0.375,0.0,0.0,0.625,0.0,0.0,0.0,0.0,0.0,0.0,0.0
5,3,0.375,0.0,0.0,0.625,0.0,0.0,0.0,0.0,0.0,0.0,0.0
5,3,0.375,0.0,0.0,0.625,0.0,0.0,0.0,0.0,0.0,0.0,0.0
5,3,0.375,0.0,0.0,0.625,0.0,0.0,0.0,0.0,0.0,0.0,0.0
5,3,0.375,0.0,0.0,0.625,0.0,0.0,0.0,0.0,0.0,0.0,0.0
5,3,0.375,0.0,0.0,0.625,0.0,0.0,0.0,0.0,0.0,0.0,0.0
5,3,0.4,0.0,0.0,0.6,0.0,0.0,0.0,0.0,0.0,0.0,0.0
5,3,0.4,0.0,0.0,0.6,0.0,0.0,0.0,0.0,0.0,0.0,0.0
5,3,0.4,0.0,0.0,0.6,0.0,0.0,0.0,0.0,0.0,0.0,0.0
5,3,0.4,0.0,0.0,0.6,0.0,0.0,0.0,0.0,0.0,0.0,0.0
5,3,0.4,0.0,0.0,0.6,0.0,0.0,0.0,0.0,0.0,0.0,0.0
5,3,0.4,0.0,0.0,0.6,0.0,0.0,0.0,0.0,0.0,0.0,0.0
5,3,0.4,0.0,0.0,0.6,0.0,0.0,0.0,0.0,0.0,0.0,0.0
5,3,0.4,0.0,0.0,0.6,0.0,0.0,0.0,0.0,0.0,0.0,0.0
5,3,0.4,0.0,0.0,0.6,0.0,0.0,0.0,0.0,0.0,0.0,0.0
5,3,0.4,0.0,0.0,0.6,0.0,0.0,0.0,0.0,0.0,0.0,0.0
5,3,0.4,0.0,0.0,0.6,0.0,0.0,0.0,0.0,0.0,0.0,0.0
5,3,0.4,0.0,0.0,0.6,0.0,0.0,0.0,0.0,0.0,0.0,0.0
5,3,0.4,0.0,0.0,0.6,0.0,0.0,0.0,0.0,0.0,0.0,0.0
5,3,0.4,0.0,0.0,0.6,0.0,0.0,0.0,0.0,0.0,0.0,0.0
5,3,0.4,0.0,0.0,0.6,0.0,0.0,0.0,0.0,0.0,0.0,0.0
5,3,0.4,0.0,0.0,0.6,0.0,0.0,0.0,0.0,0.0,0.0,0.0
5,3,0.4,0.0,0.0,0.6,0.0,0.0,0.0,0.0,0.0,0.0,0.0
5,3,0.4,0.0,0.0,0.6,0.0,0.0,0.0,0.0,0.0,0.0,0.0
5,3,0.4,0.0,0.0,0.6,0.0,0.0,0.0,0.0,0.0,0.0,0.0
5,3,0.4,0.0,0.0,0.6,0.0,0.0,0.0,0.0,0.0,0.0,0.0
5,3,0.4,0.0,0.0,0.6,0.0,0.0,0.0,0.0,0.0,0.0,0.0
5,3,0.4,0.0,0.0,0.6,0.0,0.0,0.0,0.0,0.0,0.0,0.0
5,3,0.4,0.0,0.06666667,0.53333336,0.0,0.0,0.0,0.0,0.0,0.0,0.0
5,3,0.4,0.0,0.06666667,0.53333336,0.0,0.0,0.0,0.0,0.0,0.0,0.0
5,3,0.4,0.0,0.06666667,0.53333336,0.0,0.0,0.0,0.0,0.0,0.0,0.0
5,3,0.4,0.0,0.06666667,0.53333336,0.0,0.0,0.0,0.0,0.0,0.0,0.0
5,3,0.4,0.0,0.06666667,0.53333336,0.0,0.0,0.0,0.0,0.0,0.0,0.0
5,3,0.4,0.0,0.06666667,0.53333336,0.0,0.0,0.0,0.0,0.0,0.0,0.0
5,3,0.4,0.0,0.13333334,0.46666667,0.0,0.0,0.0,0.0,0.0,0.0,0.0
5,3,0.4,0.0,0.13333334,0.46666667,0.0,0.0,0.0,0.0,0.0,0.0,0.0
5,3,0.4,0.0,0.13333334,0.46666667,0.0,0.0,0.0,0.0,0.0,0.0,0.0
5,3,0.4,0.0,0.13333334,0.46666667,0.0,0.0,0.0,0.0,0.0,0.0,0.0
5,0,0.46666667,0.0,0.13333334,0.4,0.0,0.0,0.0,0.0,0.0,0.0,0.0
5,0,0.46666667,0.0,0.13333334,0.4,0.0,0.0,0.0,0.0,0.0,0.0,0.0
5,0,0.46666667,0.0,0.13333334,0.4,0.0,0.0,0.0,0.0,0.0,0.0,0.0
5,0,0.46666667,0.0,0.13333334,0.4,0.0,0.0,0.0,0.0,0.0,0.0,0.0
5,0,0.46666667,0.0,0.13333334,0.4,0.0,0.0,0.0,0.0,0.0,0.0,0.0
5,0,0.46666667,0.0,0.13333334,0.4,0.0,0.0,0.0,0.0,0.0,0.0,0.0
5,0,0.46666667,0.0,0.2,0.33333334,0.0,0.0,0.0,0.0,0.0,0.0,0.0
5,0,0.46666667,0.0,0.2,0.33333334,0.0,0.0,0.0,0.0,0.0,0.0,0.0
6,0,0.46666667,0.0,0.2,0.33333334,0.0,0.0,0.0,0.0,0.0,0.0,0.0
6,0,0.46666667,0.0,0.2,0.33333334,0.0,0.0,0.0,0.0,0.0,0.0,0.0
6,0,0.46666667,0.0,0.2,0.33333334,0.0,0.0,0.0,0.0,0.0,0.0,0.0
6,0,0.46666667,0.0,0.2,0.33333334,0.0,0.0,0.0,0.0,0.0,0.0,0.0
6,0,0.46666667,0.0,0.2,0.33333334,0.0,0.0,0.0,0.0,0.0,0.0,0.0
6,0,0.46666667,0.0,0.2,0.33333334,0.0,0.0,0.0,0.0,0.0,0.0,0.0
6,0,0.46666667,0.0,0.2,0.33333334,0.0,0.0,0.0,0.0,0.0,0.0,0.0
6,0,0.46666667,0.0,0.2,0.33333334,0.0,0.0,0.0,0.0,0.0,0.0,0.0
6,0,0.46666667,0.0,0.2,0.33333334,0.0,0.0,0.0,0.0,0.0,0.0,0.0
6,0,0.46666667,0.0,0.2,0.33333334,0.0,0.0,0.0,0.0,0.0,0.0,0.0
6,0,0.46666667,0.0,0.2,0.33333334,0.0,0.0,0.0,0.0,0.0,0.0,0.0
6,0,0.46666667,0.0,0.2,0.33333334,0.0,0.0,0.0,0.0,0.0,0.0,0.0
6,0,0.46666667,0.0,0.2,0.33333334,0.0,0.0,0.0,0.0,0.0,0.0,0.0
6,0,0.46666667,0.0,0.2,0.33333334,0.0,0.0,0.0,0.0,0.0,0.0,0.0
6,0,0.46666667,0.0,0.2,0.33333334,0.0,0.0,0.0,0.0,0.0,0.0,0.0
6,0,0.46666667,0.0,0.2,0.33333334,0.0,0.0,0.0,0.0,0.0,0.0,0.0
6,0,0.53333336,0.0,0.2,0.26666668,0.0,0.0,0.0,0.0,0.0,0.0,0.0
6,0,0.53333336,0.0,0.2,0.26666668,0.0,0.0,0.0,0.0,0.0,0.0,0.0
6,0,0.53333336,0.0,0.26666668,0.2,0.0,0.0,0.0,0.0,0.0,0.0,0.0
6,0,0.53333336,0.0,0.26666668,0.2,0.0,0.0,0.0,0.0,0.0,0.0,0.0
6,0,0.53333336,0.0,0.26666668,0.2,0.0,0.0,0.0,0.0,0.0,0.0,0.0
6,0,0.53333336,0.0,0.26666668,0.2,0.0,0.0,0.0,0.0,0.0,0.0,0.0
6,0,0.53333336,0.0,0.26666668,0.2,0.0,0.0,0.0,0.0,0.0,0.0,0.0
6,0,0.53333336,0.0,0.26666668,0.2,0.0,0.0,0.0,0.0,0.0,0.0,0.0
6,0,0.53333336,0.0,0.26666668,0.2,0.0,0.0,0.0,0.0,0.0,0.0,0.0
6,0,0.53333336,0.0,0.26666668,0.2,0.0,0.0,0.0,0.0,0.0,0.0,0.0
6,0,0.53333336,0.0,0.26666668,0.2,0.0,0.0,0.0,0.0,0.0,0.0,0.0
6,0,0.53333336,0.0,0.26666668,0.2,0.0,0.0,0.0,0.0,0.0,0.0,0.0
6,0,0.53333336,0.0,0.26666668,0.2,0.0,0.0,0.0,0.0,0.0,0.0,0.0
6,0,0.53333336,0.0,0.26666668,0.2,0.0,0.0,0.0,0.0,0.0,0.0,0.0
6,0,0.53333336,0.0,0.26666668,0.2,0.0,0.0,0.0,0.0,0.0,0.0,0.0
6,0,0.53333336,0.0,0.26666668,0.2,0.0,0.0,0.0,0.0,0.0,0.0,0.0
6,0,0.53333336,0.0,0.26666668,0.2,0.0,0.0,0.0,0.0,0.0,0.0,0.0
6,0,0.53333336,0.0,0.26666668,0.2,0.0,0.0,0.0,0.0,0.0,0.0,0.0
6,0,0.53333336,0.0,0.26666668,0.2,0.0,0.0,0.0,0.0,0.0,0.0,0.0
6,0,0.53333336,0.0,0.26666668,0.2,0.0,0.0,0.0,0.0,0.0,0.0,0.0
6,0,0.53333336,0.0,0.26666668,0.2,0.0,0.0,0.0,0.0,0.0,0.0,0.0
6,0,0.53333336,0.0,0.26666668,0.2,0.0,0.0,0.0,0.0,0.0,0.0,0.0
6,0,0.53333336,0.0,0.26666668,0.2,0.0,0.0,0.0,0.0,0.0,0.0,0.0
6,0,0.53333336,0.0,0.26666668,0.2,0.0,0.0,0.0,0.0,0.0,0.0,0.0
6,0,0.53333336,0.0,0.26666668,0.13333334,0.0,0.06666667,0.0,0.0,0.0,0.0,0.0
6,0,0.53333336,0.0,0.26666668,0.13333334,0.0,0.06666667,0.0,0.0,0.0,0.0,0.0
6,0,0.53333336,0.0,0.26666668,0.13333334,0.0,0.06666667,0.0,0.0,0.0,0.0,0.0
6,0,0.53333336,0.0,0.26666668,0.13333334,0.0,0.06666667,0.0,0.0,0.0,0.0,0.0
6,0,0.53333336,0.0,0.26666668,0.13333334,0.0,0.06666667,0.0,0.0,0.0,0.0,0.0
6,0,0.53333336,0.0,0.26666668,0.13333334,0.0,0.06666667,0.0,0.0,0.0,0.0,0.0
6,0,0.53333336,0.0,0.26666668,0.13333334,0.0,0.06666667,0.0,0.0,0.0,0.0,0.0
6,0,0.53333336,0.0,0.26666668,0.13333334,0.0,0.06666667,0.0,0.0,0.0,0.0,0.0
6,0,0.46666667,0.0,0.26666668,0.2,0.0,0.06666667,0.0,0.0,0.0,0.0,0.0
6,0,0.46666667,0.0,0.26666668,0.2,0.0,0.06666667,0.0,0.0,0.0,0.0,0.0
6,0,0.4,0.0,0.33333334,0.2,0.0,0.06666667,0.0,0.0,0.0,0.0,0.0
6,0,0.4,0.0,0.33333334,0.2,0.0,0.06666667,0.0,0.0,0.0,0.0,0.0
6,0,0.4,0.0,0.33333334,0.2,0.0,0.06666667,0.0,0.0,0.0,0.0,0.0
6,0,0.4,0.0,0.33333334,0.2,0.0,0.06666667,0.0,0.0,0.0,0.0,0.0
6,0,0.4,0.0,0.33333334,0.2,0.0,0.06666667,0.0,0.0,0.0,0.0,0.0
6,0,0.4,0.0,0.33333334,0.2,0.0,0.06666667,0.0,0.0,0.0,0.0,0.0
6,0,0.4,0.0,0.33333334,0.2,0.0,0.06666667,0.0,0.0,0.0,0.0,0.0
6,0,0.4,0.0,0.33333334,0.2,0.0,0.06666667,0.0,0.0,0.0,0.0,0.0
6,0,0.4,0.0,0.33333334,0.2,0.0,0.06666667,0.0,0.0,0.0,0.0,0.0
6,0,0.4,0.0,0.33333334,0.2,0.0,0.06666667,0.0,0.0,0.0,0.0,0.0
6,0,0.4,0.0,0.33333334,0.2,0.0,0.06666667,0.0,0.0,0.0,0.0,0.0
6,0,0.4,0.0,0.33333334,0.2,0.0,0.06666667,0.0,0.0,0.0,0.0,0.0
6,0,0.4,0.0,0.33333334,0.2,0.0,0.06666667,0.0,0.0,0.0,0.0,0.0
6,0,0.4,0.0,0.33333334,0.2,0.0,0.06666667,0.0,0.0,0.0,0.0,0.0
6,0,0.4,0.06666667,0.33333334,0.13333334,0.0,0.06666667,0.0,0.0,0.0,0.0,0.0
6,0,0.4,0.06666667,0.33333334,0.13333334,0.0,0.06666667,0.0,0.0,0.0,0.0,0.0
6,0,0.4,0.06666667,0.33333334,0.13333334,0.0,0.06666667,0.0,0.0,0.0,0.0,0.0
6,0,0.4,0.06666667,0.33333334,0.13333334,0.0,0.06666667,0.0,0.0,0.0,0.0,0.0
6,0,0.4,0.06666667,0.33333334,0.13333334,0.0,0.06666667,0.0,0.0,0.0,0.0,0.0
6,0,0.4,0.06666667,0.33333334,0.13333334,0.0,0.06666667,0.0,0.0,0.0,0.0,0.0
6,0,0.4,0.06666667,0.33333334,0.13333334,0.0,0.06666667,0.0,0.0,0.0,0.0,0.0
6,0,0.4,0.06666667,0.33333334,0.13333334,0.0,0.06666667,0.0,0.0,0.0,0.0,0.0
6,0,0.4,0.06666667,0.33333334,0.13333334,0.0,0.06666667,0.0,0.0,0.0,0.0,0.0
6,0,0.4,0.06666667,0.33333334,0.13333334,0.0,0.06666667,0.0,0.0,0.0,0.0,0.0
6,0,0.4,0.06666667,0.33333334,0.13333334,0.0,0.06666667,0.0,0.0,0.0,0.0,0.0
6,0,0.4,0.06666667,0.33333334,0.13333334,0.0,0.06666667,0.0,0.0,0.0,0.0,0.0
6,0,0.4,0.06666667,0.33333334,0.13333334,0.0,0.06666667,0.0,0.0,0.0,0.0,0.0
6,0,0.4,0.06666667,0.33333334,0.13333334,0.0,0.06666667,0.0,0.0,0.0,0.0,0.0
6,0,0.4,0.06666667,0.33333334,0.13333334,0.0,0.06666667,0.0,0.0,0.0,0.0,0.0
6,0,0.4,0.06666667,0.33333334,0.13333334,0.0,0.06666667,0.0,0.0,0.0,0.0,0.0
6,0,0.4,0.06666667,0.26666668,0.13333334,0.0,0.13333334,0.0,0.0,0.0,0.0,0.0
6,0,0.4,0.06666667,0.26666668,0.13333334,0.0,0.13333334,0.0,0.0,0.0,0.0,0.0
6,0,0.4,0.06666667,0.26666668,0.13333334,0.0,0.13333334,0.0,0.0,0.0,0.0,0.0
6,0,0.4,0.06666667,0.26666668,0.13333334,0.0,0.13333334,0.0,0.0,0.0,0.0,0.0
6,0,0.4,0.06666667,0.26666668,0.13333334,0.0,0.13333334,0.0,0.0,0.0,0.0,0.0
6,0,0.4,0.06666667,0.26666668,0.13333334,0.0,0.13333334,0.0,0.0,0.0,0.0,0.0
6,0,0.4,0.06666667,0.2,0.13333334,0.0,0.2,0.0,0.0,0.0,0.0,0.0
6,0,0.4,0.06666667,0.2,0.13333334,0.0,0.2,0.0,0.0,0.0,0.0,0.0
6,0,0.4,0.06666667,0.2,0.13333334,0.0,0.2,0.0,0.0,0.0,0.0,0.0
6,0,0.4,0.06666667,0.2,0.13333334,0.0,0.2,0.0,0.0,0.0,0.0,0.0
6,0,0.4,0.06666667,0.2,0.13333334,0.0,0.2,0.0,0.0,0.0,0.0,0.0
6,0,0.4,0.06666667,0.2,0.13333334,0.0,0.2,0.0,0.0,0.0,0.0,0.0
6,0,0.4,0.06666667,0.2,0.13333334,0.0,0.2,0.0,0.0,0.0,0.0,0.0
6,0,0.4,0.06666667,0.2,0.13333334,0.0,0.2,0.0,0.0,0.0,0.0,0.0
6,0,0.35714287,0.071428575,0.21428572,0.14285715,0.0,0.21428572,0.0,0.0,0.0,0.0,0.0
6,0,0.35714287,0.071428575,0.21428572,0.14285715,0.0,0.21428572,0.0,0.0,0.0,0.0,0.0
6,0,0.35714287,0.071428575,0.21428572,0.14285715,0.0,0.21428572,0.0,0.0,0.0,0.0,0.0
6,0,0.35714287,0.071428575,0.21428572,0.14285715,0.0,0.21428572,0.0,0.0,0.0,0.0,0.0
6,0,0.35714287,0.071428575,0.21428572,0.14285715,0.0,0.21428572,0.0,0.0,0.0,0.0,0.0
6,0,0.35714287,0.071428575,0.21428572,0.14285715,0.0,0.21428572,0.0,0.0,0.0,0.0,0.0
6,0,0.35714287,0.071428575,0.21428572,0.14285715,0.0,0.21428572,0.0,0.0,0.0,0.0,0.0
6,0,0.35714287,0.071428575,0.21428572,0.14285715,0.0,0.21428572,0.0,0.0,0.0,0.0,0.0
6,0,0.35714287,0.071428575,0.21428572,0.14285715,0.0,0.21428572,0.0,0.0,0.0,0.0,0.0
6,0,0.35714287,0.071428575,0.21428572,0.14285715,0.0,0.21428572,0.0,0.0,0.0,0.0,0.0
6,0,0.35714287,0.071428575,0.21428572,0.14285715,0.0,0.21428572,0.0,0.0,0.0,0.0,0.0
6,0,0.35714287,0.071428575,0.21428572,0.14285715,0.0,0.21428572,0.0,0.0,0.0,0.0,0.0
6,0,0.35714287,0.071428575,0.21428572,0.14285715,0.0,0.21428572,0.0,0.0,0.0,0.0,0.0
6,0,0.35714287,0.071428575,0.21428572,0.14285715,0.0,0.21428572,0.0,0.0,0.0,0.0,0.0
6,0,0.35714287,0.0,0.21428572,0.14285715,0.0,0.2857143,0.0,0.0,0.0,0.0,0.0
6,0,0.35714287,0.0,0.21428572,0.14285715,0.0,0.2857143,0.0,0.0,0.0,0.0,0.0
6,0,0.35714287,0.0,0.21428572,0.14285715,0.0,0.2857143,0.0,0.0,0.0,0.0,0.0
6,0,0.35714287,0.0,0.21428572,0.14285715,0.0,0.2857143,0.0,0.0,0.0,0.0,0.0
6,0,0.35714287,0.0,0.21428572,0.14285715,0.0,0.2857143,0.0,0.0,0.0,0.0,0.0
6,0,0.35714287,0.0,0.21428572,0.14285715,0.0,0.2857143,0.0,0.0,0.0,0.0,0.0
6,0,0.35714287,0.0,0.21428572,0.14285715,0.0,0.2857143,0.0,0.0,0.0,0.0,0.0
6,0,0.35714287,0.0,0.21428572,0.14285715,0.0,0.2857143,0.0,0.0,0.0,0.0,0.0
6,0,0.35714287,0.0,0.21428572,0.14285715,0.0,0.2857143,0.0,0.0,0.0,0.0,0.0
6,0,0.35714287,0.0,0.21428572,0.14285715,0.0,0.2857143,0.0,0.0,0.0,0.0,0.0
6,0,0.35714287,0.0,0.21428572,0.14285715,0.0,0.2857143,0.0,0.0,0.0,0.0,0.0
6,0,0.35714287,0.0,0.21428572,0.14285715,0.0,0.2857143,0.0,0.0,0.0,0.0,0.0
6,0,0.35714287,0.0,0.21428572,0.14285715,0.0,0.2857143,0.0,0.0,0.0,0.0,0.0
6,0,0.35714287,0.0,0.21428572,0.14285715,0.0,0.2857143,0.0,0.0,0.0,0.0,0.0
6,0,0.35714287,0.0,0.21428572,0.14285715,0.0,0.2857143,0.0,0.0,0.0,0.0,0.0
6,0,0.35714287,0.0,0.21428572,0.14285715,0.0,0.2857143,0.0,0.0,0.0,0.0,0.0
6,0,0.35714287,0.0,0.21428572,0.14285715,0.0,0.2857143,0.0,0.0,0.0,0.0,0.0
6,0,0.35714287,0.0,0.21428572,0.14285715,0.0,0.2857143,0.0,0.0,0.0,0.0,0.0
6,0,0.35714287,0.0,0.21428572,0.14285715,0.0,0.2857143,0.0,0.0,0.0,0.0,0.0
6,5,0.2857143,0.0,0.21428572,0.14285715,0.0,0.35714287,0.0,0.0,0.0,0.0,0.0
6,5,0.21428572,0.0,0.21428572,0.21428572,0.0,0.35714287,0.0,0.0,0.0,0.0,0.0
6,5,0.21428572,0.0,0.21428572,0.21428572,0.0,0.35714287,0.0,0.0,0.0,0.0,0.0
6,5,0.21428572,0.0,0.21428572,0.21428572,0.0,0.35714287,0.0,0.0,0.0,0.0,0.0
6,5,0.21428572,0.0,0.21428572,0.21428572,0.0,0.35714287,0.0,0.0,0.0,0.0,0.0
6,5,0.21428572,0.0,0.21428572,0.21428572,0.0,0.35714287,0.0,0.0,0.0,0.0,0.0
6,5,0.21428572,0.0,0.21428572,0.21428572,0.0,0.35714287,0.0,0.0,0.0,0.0,0.0
6,5,0.21428572,0.0,0.21428572,0.21428572,0.0,0.35714287,0.0,0.0,0.0,0.0,0.0
6,5,0.21428572,0.0,0.21428572,0.21428572,0.0,0.35714287,0.0,0.0,0.0,0.0,0.0
6,5,0.21428572,0.0,0.21428572,0.21428572,0.0,0.35714287,0.0,0.0,0.0,0.0,0.0
6,5,0.21428572,0.0,0.21428572,0.21428572,0.0,0.35714287,0.0,0.0,0.0,0.0,0.0
6,5,0.21428572,0.0,0.21428572,0.21428572,0.0,0.35714287,0.0,0.0,0.0,0.0,0.0
6,5,0.21428572,0.0,0.21428572,0.21428572,0.0,0.35714287,0.0,0.0,0.0,0.0,0.0
6,5,0.21428572,0.0,0.21428572,0.21428572,0.0,0.35714287,0.0,0.0,0.0,0.0,0.0
6,5,0.21428572,0.0,0.21428572,0.21428572,0.0,0.35714287,0.0,0.0,0.0,0.0,0.0
6,5,0.21428572,0.0,0.21428572,0.21428572,0.0,0.35714287,0.0,0.0,0.0,0.0,0.0
6,5,0.21428572,0.0,0.21428572,0.21428572,0.0,0.35714287,0.0,0.0,0.0,0.0,0.0
6,5,0.14285715,0.0,0.14285715,0.21428572,0.0,0.42857143,0.0,0.071428575,0.0,0.0,0.0
6,5,0.14285715,0.0,0.14285715,0.21428572,0.0,0.42857143,0.0,0.071428575,0.0,0.0,0.0
6,5,0.14285715,0.0,0.14285715,0.21428572,0.0,0.42857143,0.0,0.071428575,0.0,0.0,0.0
6,5,0.14285715,0.0,0.14285715,0.21428572,0.0,0.42857143,0.0,0.071428575,0.0,0.0,0.0
6,5,0.14285715,0.0,0.14285715,0.21428572,0.0,0.42857143,0.0,0.071428575,0.0,0.0,0.0
6,5,0.14285715,0.0,0.14285715,0.21428572,0.0,0.42857143,0.0,0.071428575,0.0,0.0,0.0
6,5,0.071428575,0.0,0.14285715,0.21428572,0.0,0.5,0.0,0.071428575,0.0,0.0,0.0
6,5,0.071428575,0.0,0.14285715,0.21428572,0.0,0.5,0.0,0.071428575,0.0,0.0,0.0
6,5,0.071428575,0.0,0.14285715,0.21428572,0.0,0.5,0.0,0.071428575,0.0,0.0,0.0
6,5,0.071428575,0.0,0.14285715,0.21428572,0.0,0.5,0.0,0.071428575,0.0,0.0,0.0
6,5,0.071428575,0.0,0.14285715,0.21428572,0.0,0.5,0.0,0.071428575,0.0,0.0,0.0
6,5,0.071428575,0.0,0.14285715,0.21428572,0.0,0.5,0.0,0.071428575,0.0,0.0,0.0
6,5,0.071428575,0.0,0.14285715,0.21428572,0.0,0.5,0.0,0.071428575,0.0,0.0,0.0
6,5,0.071428575,0.0,0.14285715,0.21428572,0.0,0.5,0.0,0.071428575,0.0,0.0,0.0
6,5,0.071428575,0.0,0.14285715,0.21428572,0.0,0.5,0.0,0.071428575,0.0,0.0,0.0
6,5,0.071428575,0.0,0.14285715,0.21428572,0.0,0.5,0.0,0.071428575,0.0,0.0,0.0
6,5,0.071428575,0.0,0.14285715,0.21428572,0.0,0.5,0.0,0.071428575,0.0,0.0,0.0
6,5,0.071428575,0.0,0.14285715,0.21428572,0.0,0.5,0.0,0.071428575,0.0,0.0,0.0
6,5,0.071428575,0.0,0.14285715,0.21428572,0.0,0.5,0.0,0.071428575,0.0,0.0,0.0
6,5,0.071428575,0.0,0.14285715,0.21428572,0.0,0.5,0.0,0.071428575,0.0,0.0,0.0
6,5,0.071428575,0.0,0.14285715,0.21428572,0.0,0.5,0.0,0.071428575,0.0,0.0,0.0
6,5,0.071428575,0.0,0.14285715,0.21428572,0.0,0.5,0.0,0.071428575,0.0,0.0,0.0
6,5,0.071428575,0.0,0.14285715,0.21428572,0.0,0.5,0.0,0.071428575,0.0,0.0,0.0
6,5,0.071428575,0.0,0.14285715,0.21428572,0.0,0.5,0.0,0.071428575,0.0,0.0,0.0
6,5,0.071428575,0.0,0.14285715,0.21428572,0.0,0.5,0.0,0.071428575,0.0,0.0,0.0
6,5,0.071428575,0.0,0.14285715,0.21428572,0.0,0.5,0.0,0.071428575,0.0,0.0,0.0
6,5,0.071428575,0.0,0.14285715,0.14285715,0.0,0.64285713,0.0,0.0,0.0,0.0,0.0
6,5,0.071428575,0.0,0.14285715,0.14285715,0.0,0.64285713,0.0,0.0,0.0,0.0,0.0
6,5,0.071428575,0.0,0.14285715,0.14285715,0.0,0.64285713,0.0,0.0,0.0,0.0,0.0
6,5,0.071428575,0.0,0.14285715,0.14285715,0.0,0.64285713,0.0,0.0,0.0,0.0,0.0
6,5,0.071428575,0.0,0.14285715,0.14285715,0.0,0.64285713,0.0,0.0,0.0,0.0,0.0
6,5,0.071428575,0.0,0.14285715,0.14285715,0.0,0.64285713,0.0,0.0,0.0,0.0,0.0
6,5,0.0,0.0,0.14285715,0.071428575,0.0,0.71428573,0.0,0.071428575,0.0,0.0,0.0
6,5,0.0,0.0,0.14285715,0.071428575,0.0,0.71428573,0.0,0.071428575,0.0,0.0,0.0
6,5,0.0,0.0,0.14285715,0.071428575,0.0,0.71428573,0.0,0.071428575,0.0,0.0,0.0
6,5,0.0,0.0,0.14285715,0.071428575,0.0,0.71428573,0.0,0.071428575,0.0,0.0,0.0
6,5,0.0,0.0,0.14285715,0.071428575,0.0,0.71428573,0.0,0.071428575,0.0,0.0,0.0
6,5,0.0,0.0,0.14285715,0.071428575,0.0,0.71428573,0.0,0.071428575,0.0,0.0,0.0
6,5,0.0,0.0,0.14285715,0.071428575,0.0,0.71428573,0.0,0.071428575,0.0,0.0,0.0
6,5,0.0,0.0,0.14285715,0.071428575,0.0,0.71428573,0.0,0.071428575,0.0,0.0,0.0
6,5,0.0,0.0,0.14285715,0.0,0.0,0.78571427,0.0,0.071428575,0.0,0.0,0.0
6,5,0.0,0.0,0.14285715,0.0,0.0,0.78571427,0.0,0.071428575,0.0,0.0,0.0
6,5,0.0,0.0,0.14285715,0.0,0.0,0.78571427,0.0,0.071428575,0.0,0.0,0.0
6,5,0.0,0.0,0.14285715,0.0,0.0,0.78571427,0.0,0.071428575,0.0,0.0,0.0
6,5,0.0,0.0,0.14285715,0.0,0.0,0.78571427,0.0,0.071428575,0.0,0.0,0.0
6,5,0.0,0.0,0.14285715,0.0,0.0,0.78571427,0.0,0.071428575,0.0,0.0,0.0
6,5,0.0,0.0,0.14285715,0.0,0.0,0.78571427,0.0,0.071428575,0.0,0.0,0.0
6,5,0.0,0.0,0.14285715,0.0,0.0,0.78571427,0.0,0.071428575,0.0,0.0,0.0
6,5,0.0,0.0,0.14285715,0.0,0.0,0.78571427,0.0,0.071428575,0.0,0.0,0.0
6,5,0.0,0.0,0.14285715,0.0,0.0,0.78571427,0.0,0.071428575,0.0,0.0,0.0
6,5,0.0,0.0,0.14285715,0.0,0.0,0.78571427,0.0,0.071428575,0.0,0.0,0.0
6,5,0.0,0.0,0.14285715,0.0,0.0,0.78571427,0.0,0.071428575,0.0,0.0,0.0
6,5,0.0,0.0,0.14285715,0.0,0.0,0.78571427,0.0,0.071428575,0.0,0.0,0.0
6,5,0.0,0.0,0.14285715,0.0,0.0,0.78571427,0.0,0.071428575,0.0,0.0,0.0
6,5,0.0,0.0,0.14285715,0.0,0.0,0.78571427,0.0,0.071428575,0.0,0.0,0.0
6,5,0.0,0.0,0.14285715,0.0,0.0,0.78571427,0.0,0.071428575,0.0,0.0,0.0
6,5,0.0,0.0,0.14285715,0.0,0.0,0.78571427,0.0,0.071428575,0.0,0.0,0.0
6,5,0.0,0.0,0.14285715,0.0,0.0,0.78571427,0.0,0.071428575,0.0,0.0,0.0
6,5,0.0,0.0,0.14285715,0.0,0.0,0.78571427,0.0,0.071428575,0.0,0.0,0.0
6,5,0.0,0.0,0.14285715,0.0,0.0,0.78571427,0.0,0.071428575,0.0,0.0,0.0
6,5,0.0,0.0,0.14285715,0.0,0.0,0.78571427,0.0,0.071428575,0.0,0.0,0.0
6,5,0.0,0.0,0.14285715,0.0,0.0,0.78571427,0.0,0.071428575,0.0,0.0,0.0
6,5,0.0,0.0,0.14285715,0.0,0.0,0.78571427,0.0,0.071428575,0.0,0.0,0.0
6,5,0.0,0.0,0.14285715,0.0,0.0,0.78571427,0.0,0.071428575,0.0,0.0,0.0
6,5,0.0,0.0,0.14285715,0.0,0.0,0.78571427,0.0,0.071428575,0.0,0.0,0.0
6,5,0.0,0.0,0.14285715,0.0,0.0,0.78571427,0.0,0.071428575,0.0,0.0,0.0
6,5,0.0,0.0,0.14285715,0.0,0.0,0.78571427,0.0,0.071428575,0.0,0.0,0.0
6,5,0.0,0.0,0.14285715,0.0,0.0,0.78571427,0.0,0.071428575,0.0,0.0,0.0
6,5,0.0,0.0,0.14285715,0.0,0.0,0.78571427,0.0,0.071428575,0.0,0.0,0.0
6,5,0.0,0.0,0.14285715,0.0,0.0,0.78571427,0.0,0.071428575,0.0,0.0,0.0
6,5,0.0,0.0,0.14285715,0.0,0.0,0.78571427,0.0,0.071428575,0.0,0.0,0.0
6,5,0.0,0.0,0.14285715,0.0,0.0,0.78571427,0.0,0.071428575,0.0,0.0,0.0
6,5,0.0,0.0,0.14285715,0.0,0.0,0.78571427,0.0,0.071428575,0.0,0.0,0.0
6,5,0.0,0.0,0.14285715,0.0,0.0,0.78571427,0.0,0.071428575,0.0,0.0,0.0
6,5,0.0,0.0,0.14285715,0.0,0.0,0.78571427,0.0,0.071428575,0.0,0.0,0.0
6,5,0.0,0.0,0.14285715,0.0,0.0,0.78571427,0.0,0.071428575,0.0,0.0,0.0
6,5,0.0,0.0,0.14285715,0.0,0.0,0.78571427,0.0,0.071428575,0.0,0.0,0.0
6,5,0.0,0.0,0.14285715,0.0,0.0,0.78571427,0.0,0.071428575,0.0,0.0,0.0
6,5,0.0,0.0,0.14285715,0.0,0.0,0.78571427,0.0,0.071428575,0.0,0.0,0.0
6,5,0.0,0.0,0.14285715,0.0,0.0,0.78571427,0.0,0.071428575,0.0,0.0,0.0
6,5,0.0,0.0,0.14285715,0.0,0.0,0.78571427,0.0,0.071428575,0.0,0.0,0.0
6,5,0.0,0.0,0.14285715,0.0,0.0,0.78571427,0.0,0.071428575,0.0,0.0,0.0
6,5,0.0,0.0,0.14285715,0.0,0.0,0.78571427,0.0,0.071428575,0.0,0.0,0.0
6,5,0.0,0.0,0.14285715,0.0,0.0,0.78571427,0.0,0.071428575,0.0,0.0,0.0
6,5,0.0,0.0,0.14285715,0.0,0.0,0.78571427,0.0,0.071428575,0.0,0.0,0.0
6,5,0.0,0.0,0.14285715,0.0,0.0,0.78571427,0.0,0.071428575,0.0,0.0,0.0
6,5,0.0,0.0,0.14285715,0.0,0.0,0.78571427,0.0,0.071428575,0.0,0.0,0.0
6,5,0.0,0.0,0.14285715,0.0,0.0,0.78571427,0.0,0.071428575,0.0,0.0,0.0
6,5,0.0,0.0,0.14285715,0.0,0.0,0.78571427,0.0,0.071428575,0.0,0.0,0.0
6,5,0.0,0.0,0.14285715,0.0,0.0,0.78571427,0.0,0.071428575,0.0,0.0,0.0
6,5,0.0,0.0,0.14285715,0.0,0.0,0.78571427,0.0,0.071428575,0.0,0.0,0.0
6,5,0.0,0.0,0.14285715,0.0,0.0,0.78571427,0.0,0.071428575,0.0,0.0,0.0
6,5,0.0,0.0,0.14285715,0.0,0.0,0.78571427,0.0,0.071428575,0.0,0.0,0.0
6,5,0.0,0.0,0.14285715,0.0,0.0,0.78571427,0.0,0.071428575,0.0,0.0,0.0
6,5,0.0,0.0,0.14285715,0.0,0.0,0.78571427,0.0,0.071428575,0.0,0.0,0.0
6,5,0.0,0.0,0.14285715,0.0,0.0,0.78571427,0.0,0.071428575,0.0,0.0,0.0
6,5,0.0,0.0,0.14285715,0.0,0.0,0.78571427,0.0,0.071428575,0.0,0.0,0.0
6,5,0.0,0.0,0.14285715,0.0,0.0,0.78571427,0.0,0.071428575,0.0,0.0,0.0
6,5,0.0,0.0,0.14285715,0.0,0.0,0.78571427,0.0,0.071428575,0.0,0.0,0.0
6,5,0.0,0.0,0.14285715,0.0,0.0,0.78571427,0.0,0.071428575,0.0,0.0,0.0
6,5,0.0,0.0,0.14285715,0.0,0.0,0.78571427,0.0,0.071428575,0.0,0.0,0.0
6,5,0.0,0.0,0.14285715,0.0,0.0,0.78571427,0.0,0.071428575,0.0,0.0,0.0
6,5,0.0,0.0,0.14285715,0.0,0.0,0.78571427,0.0,0.071428575,0.0,0.0,0.0
6,5,0.0,0.0,0.14285715,0.0,0.0,0.78571427,0.0,0.071428575,0.0,0.0,0.0
6,5,0.0,0.0,0.14285715,0.0,0.0,0.78571427,0.0,0.071428575,0.0,0.0,0.0
6,5,0.0,0.0,0.14285715,0.0,0.0,0.78571427,0.0,0.071428575,0.0,0.0,0.0
6,5,0.0,0.0,0.14285715,0.0,0.0,0.78571427,0.0,0.071428575,0.0,0.0,0.0
6,5,0.0,0.0,0.14285715,0.0,0.0,0.78571427,0.0,0.071428575,0.0,0.0,0.0
6,5,0.0,0.0,0.14285715,0.0,0.0,0.78571427,0.0,0.071428575,0.0,0.0,0.0
6,5,0.0,0.0,0.14285715,0.0,0.0,0.78571427,0.0,0.071428575,0.0,0.0,0.0
6,5,0.0,0.0,0.14285715,0.0,0.0,0.78571427,0.0,0.071428575,0.0,0.0,0.0
6,5,0.0,0.0,0.14285715,0.0,0.0,0.78571427,0.0,0.071428575,0.0,0.0,0.0
6,5,0.0,0.0,0.14285715,0.0,0.0,0.78571427,0.0,0.071428575,0.0,0.0,0.0
6,5,0.0,0.0,0.14285715,0.0,0.0,0.78571427,0.0,0.071428575,0.0,0.0,0.0
6,5,0.0,0.0,0.14285715,0.0,0.0,0.78571427,0.0,0.071428575,0.0,0.0,0.0
6,5,0.0,0.0,0.14285715,0.0,0.0,0.78571427,0.0,0.071428575,0.0,0.0,0.0
6,5,0.0,0.0,0.14285715,0.0,0.0,0.78571427,0.0,0.071428575,0.0,0.0,0.0
6,5,0.0,0.0,0.14285715,0.0,0.0,0.78571427,0.0,0.071428575,0.0,0.0,0.0
6,5,0.0,0.0,0.14285715,0.0,0.0,0.78571427,0.0,0.071428575,0.0,0.0,0.0
6,5,0.0,0.0,0.14285715,0.0,0.0,0.78571427,0.0,0.071428575,0.0,0.0,0.0
6,5,0.0,0.0,0.14285715,0.0,0.0,0.78571427,0.0,0.071428575,0.0,0.0,0.0
6,5,0.0,0.0,0.14285715,0.0,0.0,0.78571427,0.0,0.071428575,0.0,0.0,0.0
6,5,0.0,0.0,0.14285715,0.0,0.0,0.78571427,0.0,0.071428575,0.0,0.0,0.0
6,5,0.0,0.0,0.14285715,0.0,0.0,0.78571427,0.0,0.071428575,0.0,0.0,0.0
6,5,0.0,0.0,0.14285715,0.0,0.0,0.78571427,0.0,0.071428575,0.0,0.0,0.0
6,5,0.0,0.0,0.14285715,0.0,0.0,0.78571427,0.0,0.071428575,0.0,0.0,0.0
6,5,0.0,0.0,0.14285715,0.0,0.0,0.78571427,0.0,0.071428575,0.0,0.0,0.0
6,5,0.0,0.0,0.14285715,0.0,0.0,0.78571427,0.0,0.071428575,0.0,0.0,0.0
6,5,0.0,0.0,0.14285715,0.0,0.0,0.78571427,0.0,0.071428575,0.0,0.0,0.0
6,5,0.0,0.0,0.13333334,0.0,0.0,0.8,0.0,0.06666667,0.0,0.0,0.0
6,5,0.0,0.0,0.13333334,0.0,0.0,0.8,0.0,0.06666667,0.0,0.0,0.0
6,5,0.0,0.0,0.13333334,0.0,0.0,0.8,0.0,0.06666667,0.0,0.0,0.0
6,5,0.0,0.0,0.13333334,0.0,0.0,0.8,0.0,0.06666667,0.0,0.0,0.0
6,5,0.0,0.0,0.13333334,0.0,0.0,0.8,0.0,0.06666667,0.0,0.0,0.0
6,5,0.0,0.0,0.13333334,0.0,0.0,0.8,0.0,0.06666667,0.0,0.0,0.0
6,5,0.0,0.0,0.125,0.0,0.0,0.8125,0.0,0.0625,0.0,0.0,0.0
6,5,0.0,0.0,0.125,0.0,0.0,0.8125,0.0,0.0625,0.0,0.0,0.0
6,5,0.0625,0.0,0.0625,0.0,0.0,0.8125,0.0,0.0625,0.0,0.0,0.0
6,5,0.0625,0.0,0.0625,0.0,0.0,0.8125,0.0,0.0625,0.0,0.0,0.0
6,5,0.0625,0.0,0.0625,0.0,0.0,0.8125,0.0,0.0625,0.0,0.0,0.0
6,5,0.0625,0.0,0.0625,0.0,0.0,0.8125,0.0,0.0625,0.0,0.0,0.0
6,5,0.0625,0.0,0.0625,0.0,0.0,0.8125,0.0,0.0625,0.0,0.0,0.0
6,5,0.0625,0.0,0.0625,0.0,0.0,0.8125,0.0,0.0625,0.0,0.0,0.0
6,5,0.0625,0.0,0.0625,0.0,0.0,0.8125,0.0,0.0625,0.0,0.0,0.0
6,5,0.0625,0.0,0.0625,0.0,0.0,0.8125,0.0,0.0625,0.0,0.0,0.0
6,5,0.0625,0.0,0.0625,0.0,0.0,0.8125,0.0,0.0625,0.0,0.0,0.0
6,5,0.0625,0.0,0.0625,0.0,0.0,0.8125,0.0,0.0625,0.0,0.0,0.0
6,5,0.0625,0.0,0.0625,0.0,0.0,0.8125,0.0,0.0625,0.0,0.0,0.0
6,5,0.0625,0.0,0.0625,0.0,0.0,0.8125,0.0,0.0625,0.0,0.0,0.0
6,5,0.0625,0.0,0.0625,0.0,0.0,0.8125,0.0,0.0625,0.0,0.0,0.0
6,5,0.0625,0.0,0.0625,0.0,0.0,0.8125,0.0,0.0625,0.0,0.0,0.0
6,5,0.0625,0.0,0.0625,0.0,0.0,0.8125,0.0,0.0625,0.0,0.0,0.0
6,5,0.0625,0.0,0.0625,0.0,0.0,0.8125,0.0,0.0625,0.0,0.0,0.0
6,5,0.0625,0.0,0.0625,0.0,0.0,0.8125,0.0,0.0625,0.0,0.0,0.0
6,5,0.0625,0.0,0.0,0.0,0.0,0.875,0.0,0.0625,0.0,0.0,0.0
6,5,0.0625,0.0,0.0,0.0,0.0,0.875,0.0,0.0625,0.0,0.0,0.0
6,5,0.0625,0.0,0.0,0.0,0.0,0.875,0.0,0.0625,0.0,0.0,0.0
6,5,0.0625,0.0,0.0,0.0,0.0,0.875,0.0,0.0625,0.0,0.0,0.0
6,5,0.0625,0.0,0.0,0.0,0.0,0.875,0.0,0.0625,0.0,0.0,0.0
6,5,0.0625,0.0,0.0,0.0,0.0,0.875,0.0,0.0625,0.0,0.0,0.0
6,5,0.0625,0.0,0.0,0.0,0.0,0.9375,0.0,0.0,0.0,0.0,0.0
6,5,0.0625,0.0,0.0,0.0,0.0,0.9375,0.0,0.0,0.0,0.0,0.0
6,5,0.0625,0.0,0.0,0.0,0.0,0.9375,0.0,0.0,0.0,0.0,0.0
6,5,0.0625,0.0,0.0,0.0,0.0,0.9375,0.0,0.0,0.0,0.0,0.0
6,5,0.0625,0.0,0.0,0.0,0.0,0.9375,0.0,0.0,0.0,0.0,0.0
6,5,0.0625,0.0,0.0,0.0,0.0,0.9375,0.0,0.0,0.0,0.0,0.0
6,5,0.0625,0.0,0.0,0.0,0.0,0.9375,0.0,0.0,0.0,0.0,0.0
6,5,0.0625,0.0,0.0,0.0,0.0,0.9375,0.0,0.0,0.0,0.0,0.0
6,5,0.0625,0.0,0.0,0.0,0.0,0.9375,0.0,0.0,0.0,0.0,0.0
6,5,0.0625,0.0,0.0,0.0,0.0,0.9375,0.0,0.0,0.0,0.0,0.0
6,5,0.0625,0.0,0.0,0.0,0.0,0.9375,0.0,0.0,0.0,0.0,0.0
6,5,0.0625,0.0,0.0,0.0,0.0,0.9375,0.0,0.0,0.0,0.0,0.0
6,5,0.0625,0.0,0.0,0.0,0.0,0.9375,0.0,0.0,0.0,0.0,0.0
6,5,0.0625,0.0,0.0,0.0,0.0,0.9375,0.0,0.0,0.0,0.0,0.0
6,5,0.0625,0.0,0.0,0.0,0.0,0.9375,0.0,0.0,0.0,0.0,0.0
6,5,0.0625,0.0,0.0,0.0,0.0,0.9375,0.0,0.0,0.0,0.0,0.0
6,5,0.0625,0.0,0.0,0.0,0.0,0.9375,0.0,0.0,0.0,0.0,0.0
6,5,0.0625,0.0,0.0,0.0,0.0,0.9375,0.0,0.0,0.0,0.0,0.0
6,5,0.0625,0.0,0.0,0.0,0.0,0.9375,0.0,0.0,0.0,0.0,0.0
6,5,0.0625,0.0,0.0,0.0,0.0,0.9375,0.0,0.0,0.0,0.0,0.0
6,5,0.0625,0.0,0.0,0.0,0.0,0.9375,0.0,0.0,0.0,0.0,0.0
6,5,0.0625,0.0,0.0,0.0,0.0,0.9375,0.0,0.0,0.0,0.0,0.0
6,5,0.0625,0.0,0.0,0.0,0.0,0.9375,0.0,0.0,0.0,0.0,0.0
6,5,0.0625,0.0,0.0,0.0,0.0,0.9375,0.0,0.0,0.0,0.0,0.0
6,5,0.0625,0.0,0.0,0.0,0.0,0.9375,0.0,0.0,0.0,0.0,0.0
6,5,0.0625,0.0,0.0,0.0,0.0,0.9375,0.0,0.0,0.0,0.0,0.0
6,5,0.0625,0.0,0.0,0.0,0.0,0.9375,0.0,0.0,0.0,0.0,0.0
6,5,0.0625,0.0,0.0,0.0,0.0,0.9375,0.0,0.0,0.0,0.0,0.0
6,5,0.0625,0.0,0.0,0.0,0.0,0.9375,0.0,0.0,0.0,0.0,0.0
6,5,0.0625,0.0,0.0,0.0,0.0,0.9375,0.0,0.0,0.0,0.0,0.0
6,5,0.0625,0.0,0.0,0.0,0.0,0.9375,0.0,0.0,0.0,0.0,0.0
6,5,0.0625,0.0,0.0,0.0,0.0,0.9375,0.0,0.0,0.0,0.0,0.0
6,5,0.0625,0.0,0.0,0.0,0.0,0.9375,0.0,0.0,0.0,0.0,0.0
6,5,0.0625,0.0,0.0,0.0,0.0,0.9375,0.0,0.0,0.0,0.0,0.0
6,5,0.0625,0.0,0.0,0.0,0.0,0.9375,0.0,0.0,0.0,0.0,0.0
6,5,0.0625,0.0,0.0,0.0,0.0,0.9375,0.0,0.0,0.0,0.0,0.0
6,5,0.0625,0.0,0.0,0.0,0.0,0.9375,0.0,0.0,0.0,0.0,0.0
6,5,0.0625,0.0,0.0,0.0,0.0,0.9375,0.0,0.0,0.0,0.0,0.0
6,5,0.0625,0.0,0.0,0.0,0.0,0.9375,0.0,0.0,0.0,0.0,0.0
6,5,0.0625,0.0,0.0,0.0,0.0,0.9375,0.0,0.0,0.0,0.0,0.0
6,5,0.0625,0.0,0.0,0.0,0.0,0.9375,0.0,0.0,0.0,0.0,0.0
6,5,0.0625,0.0,0.0,0.0,0.0,0.9375,0.0,0.0,0.0,0.0,0.0
6,5,0.0625,0.0,0.0,0.0,0.0,0.9375,0.0,0.0,0.0,0.0,0.0
6,5,0.0625,0.0,0.0,0.0,0.0,0.9375,0.0,0.0,0.0,0.0,0.0
6,5,0.0625,0.0,0.0,0.0,0.0,0.9375,0.0,0.0,0.0,0.0,0.0
6,5,0.0625,0.0,0.0,0.0,0.0,0.9375,0.0,0.0,0.0,0.0,0.0
6,5,0.0625,0.0,0.0,0.0,0.0,0.9375,0.0,0.0,0.0,0.0,0.0
6,5,0.0625,0.0,0.0,0.0,0.0,0.9375,0.0,0.0,0.0,0.0,0.0
6,5,0.0625,0.0,0.0,0.0,0.0,0.9375,0.0,0.0,0.0,0.0,0.0
6,5,0.0625,0.0,0.0,0.0,0.0,0.9375,0.0,0.0,0.0,0.0,0.0
6,5,0.0625,0.0,0.0,0.0,0.0,0.9375,0.0,0.0,0.0,0.0,0.0
6,5,0.0625,0.0,0.0,0.0,0.0,0.9375,0.0,0.0,0.0,0.0,0.0
6,5,0.0625,0.0,0.0,0.0,0.0,0.9375,0.0,0.0,0.0,0.0,0.0
6,5,0.0625,0.0,0.0,0.0,0.0,0.9375,0.0,0.0,0.0,0.0,0.0
6,5,0.0625,0.0,0.0,0.0,0.0,0.9375,0.0,0.0,0.0,0.0,0.0
6,5,0.0625,0.0,0.0,0.0,0.0,0.9375,0.0,0.0,0.0,0.0,0.0
6,5,0.0625,0.0,0.0,0.0,0.0,0.9375,0.0,0.0,0.0,0.0,0.0
6,5,0.0625,0.0,0.0,0.0,0.0,0.9375,0.0,0.0,0.0,0.0,0.0
6,5,0.0625,0.0,0.0,0.0,0.0,0.9375,0.0,0.0,0.0,0.0,0.0
6,5,0.0625,0.0,0.0,0.0,0.0,0.9375,0.0,0.0,0.0,0.0,0.0
6,5,0.0625,0.0,0.0,0.0,0.0,0.9375,0.0,0.0,0.0,0.0,0.0
6,5,0.0625,0.0,0.0,0.0,0.0,0.9375,0.0,0.0,0.0,0.0,0.0
6,5,0.0625,0.0,0.0,0.0,0.0,0.9375,0.0,0.0,0.0,0.0,0.0
6,5,0.0625,0.0,0.0,0.0,0.0,0.9375,0.0,0.0,0.0,0.0,0.0
6,5,0.0625,0.0,0.0,0.0,0.0,0.9375,0.0,0.0,0.0,0.0,0.0
6,5,0.0625,0.0,0.0,0.0,0.0,0.9375,0.0,0.0,0.0,0.0,0.0
6,5,0.0625,0.0,0.0,0.0,0.0,0.9375,0.0,0.0,0.0,0.0,0.0
6,5,0.0625,0.0,0.0,0.0,0.0,0.9375,0.0,0.0,0.0,0.0,0.0
6,5,0.0625,0.0,0.0,0.0,0.0,0.9375,0.0,0.0,0.0,0.0,0.0
6,5,0.0625,0.0,0.0,0.0,0.0,0.9375,0.0,0.0,0.0,0.0,0.0
6,5,0.0625,0.0,0.0,0.0,0.0,0.9375,0.0,0.0,0.0,0.0,0.0
6,5,0.0625,0.0,0.0,0.0,0.0,0.9375,0.0,0.0,0.0,0.0,0.0
6,5,0.0625,0.0,0.0,0.0,0.0,0.9375,0.0,0.0,0.0,0.0,0.0
6,5,0.0625,0.0,0.0,0.0,0.0,0.9375,0.0,0.0,0.0,0.0,0.0
6,5,0.0625,0.0,0.0,0.0,0.0,0.9375,0.0,0.0,0.0,0.0,0.0
6,5,0.0625,0.0,0.0,0.0,0.0,0.9375,0.0,0.0,0.0,0.0,0.0
6,5,0.0625,0.0,0.0,0.0,0.0,0.9375,0.0,0.0,0.0,0.0,0.0
6,5,0.0625,0.0,0.0,0.0,0.0,0.9375,0.0,0.0,0.0,0.0,0.0
6,5,0.0625,0.0,0.0,0.0,0.0,0.9375,0.0,0.0,0.0,0.0,0.0
6,5,0.0625,0.0,0.0,0.0,0.0,0.9375,0.0,0.0,0.0,0.0,0.0
6,5,0.0625,0.0,0.0,0.0,0.0,0.9375,0.0,0.0,0.0,0.0,0.0
6,5,0.0625,0.0,0.0,0.0,0.0,0.9375,0.0,0.0,0.0,0.0,0.0
6,5,0.0625,0.0,0.0,0.0,0.0,0.9375,0.0,0.0,0.0,0.0,0.0
6,5,0.0625,0.0,0.0,0.0,0.0,0.9375,0.0,0.0,0.0,0.0,0.0
6,5,0.0625,0.0,0.0,0.0,0.0,0.9375,0.0,0.0,0.0,0.0,0.0
6,5,0.0625,0.0,0.0,0.0,0.0,0.9375,0.0,0.0,0.0,0.0,0.0
6,5,0.0625,0.0,0.0,0.0,0.0,0.9375,0.0,0.0,0.0,0.0,0.0
6,5,0.0625,0.0,0.0,0.0,0.0,0.9375,0.0,0.0,0.0,0.0,0.0
6,5,0.0625,0.0,0.0,0.0,0.0,0.9375,0.0,0.0,0.0,0.0,0.0
6,5,0.0625,0.0,0.0,0.0,0.0,0.9375,0.0,0.0,0.0,0.0,0.0
6,5,0.0625,0.0,0.0,0.0,0.0,0.9375,0.0,0.0,0.0,0.0,0.0
6,5,0.0625,0.0,0.0,0.0,0.0,0.9375,0.0,0.0,0.0,0.0,0.0
6,5,0.0625,0.0,0.0,0.0,0.0,0.9375,0.0,0.0,0.0,0.0,0.0
6,5,0.0625,0.0,0.0,0.0,0.0,0.9375,0.0,0.0,0.0,0.0,0.0
6,5,0.0625,0.0,0.0,0.0,0.0,0.9375,0.0,0.0,0.0,0.0,0.0
6,5,0.0625,0.0,0.0,0.0,0.0,0.9375,0.0,0.0,0.0,0.0,0.0
6,5,0.0625,0.0,0.0,0.0,0.0,0.9375,0.0,0.0,0.0,0.0,0.0
6,5,0.0625,0.0,0.0,0.0,0.0,0.9375,0.0,0.0,0.0,0.0,0.0
6,5,0.0625,0.0,0.0,0.0,0.0,0.9375,0.0,0.0,0.0,0.0,0.0
6,5,0.0625,0.0,0.0,0.0,0.0,0.9375,0.0,0.0,0.0,0.0,0.0
6,5,0.0625,0.0,0.0,0.0,0.0,0.9375,0.0,0.0,0.0,0.0,0.0
6,5,0.0625,0.0,0.0,0.0,0.0,0.9375,0.0,0.0,0.0,0.0,0.0
6,5,0.0625,0.0,0.0,0.0,0.0,0.9375,0.0,0.0,0.0,0.0,0.0
6,5,0.0625,0.0,0.0,0.0,0.0,0.9375,0.0,0.0,0.0,0.0,0.0
6,5,0.0625,0.0,0.0,0.0,0.0,0.9375,0.0,0.0,0.0,0.0,0.0
6,5,0.0625,0.0,0.0,0.0,0.0,0.9375,0.0,0.0,0.0,0.0,0.0
6,5,0.0625,0.0,0.0,0.0,0.0,0.9375,0.0,0.0,0.0,0.0,0.0
6,5,0.0625,0.0,0.0,0.0,0.0,0.9375,0.0,0.0,0.0,0.0,0.0
6,5,0.0625,0.0,0.0,0.0,0.0,0.9375,0.0,0.0,0.0,0.0,0.0
6,5,0.0625,0.0,0.0,0.0,0.0,0.9375,0.0,0.0,0.0,0.0,0.0
6,5,0.0625,0.0,0.0,0.0,0.0,0.9375,0.0,0.0,0.0,0.0,0.0
6,5,0.0625,0.0,0.0,0.0,0.0,0.9375,0.0,0.0,0.0,0.0,0.0
6,5,0.0625,0.0,0.0,0.0,0.0,0.9375,0.0,0.0,0.0,0.0,0.0
6,5,0.0625,0.0,0.0,0.0,0.0,0.9375,0.0,0.0,0.0,0.0,0.0
6,5,0.0625,0.0,0.0,0.0,0.0,0.9375,0.0,0.0,0.0,0.0,0.0
6,5,0.0625,0.0,0.0,0.0,0.0,0.9375,0.0,0.0,0.0,0.0,0.0
6,5,0.0625,0.0,0.0,0.0,0.0,0.9375,0.0,0.0,0.0,0.0,0.0
6,5,0.0625,0.0,0.0,0.0,0.0,0.9375,0.0,0.0,0.0,0.0,0.0
6,5,0.0625,0.0,0.0,0.0,0.0,0.9375,0.0,0.0,0.0,0.0,0.0
6,5,0.0625,0.0,0.0,0.0,0.0,0.9375,0.0,0.0,0.0,0.0,0.0
6,5,0.0625,0.0,0.0,0.0,0.0,0.9375,0.0,0.0,0.0,0.0,0.0
6,5,0.0625,0.0,0.0,0.0,0.0,0.9375,0.0,0.0,0.0,0.0,0.0
6,5,0.0,0.0,0.0,0.0,0.0,1.0,0.0,0.0,0.0,0.0,0.0
6,5,0.0,0.0,0.0,0.0,0.0,1.0,0.0,0.0,0.0,0.0,0.0
6,5,0.0,0.0,0.0,0.0,0.0,1.0,0.0,0.0,0.0,0.0,0.0
6,5,0.0,0.0,0.0,0.0,0.0,1.0,0.0,0.0,0.0,0.0,0.0
6,5,0.0,0.0,0.0,0.0,0.0,1.0,0.0,0.0,0.0,0.0,0.0
6,5,0.0,0.0,0.0,0.0,0.0,1.0,0.0,0.0,0.0,0.0,0.0
6,5,0.0,0.0,0.0,0.0,0.0,1.0,0.0,0.0,0.0,0.0,0.0
6,5,0.0,0.0,0.0,0.0,0.0,1.0,0.0,0.0,0.0,0.0,0.0
6,5,0.0,0.0,0.0,0.0,0.0,1.0,0.0,0.0,0.0,0.0,0.0
6,5,0.0,0.0,0.0,0.0,0.0,1.0,0.0,0.0,0.0,0.0,0.0
6,5,0.0,0.0,0.0,0.0,0.0,1.0,0.0,0.0,0.0,0.0,0.0
6,5,0.0,0.0,0.0,0.0,0.0,1.0,0.0,0.0,0.0,0.0,0.0
6,5,0.0,0.0,0.0,0.0,0.0,1.0,0.0,0.0,0.0,0.0,0.0
6,5,0.0,0.0,0.0,0.0,0.0,1.0,0.0,0.0,0.0,0.0,0.0
6,5,0.0,0.0,0.0,0.0,0.0,1.0,0.0,0.0,0.0,0.0,0.0
6,5,0.0,0.0,0.0,0.0,0.0,1.0,0.0,0.0,0.0,0.0,0.0
6,5,0.0,0.0,0.0,0.0,0.0,1.0,0.0,0.0,0.0,0.0,0.0
6,5,0.0,0.0,0.0,0.0,0.0,1.0,0.0,0.0,0.0,0.0,0.0
6,5,0.0,0.0,0.0,0.0,0.0,1.0,0.0,0.0,0.0,0.0,0.0
6,5,0.0,0.0,0.0,0.0,0.0,1.0,0.0,0.0,0.0,0.0,0.0
6,5,0.0,0.0,0.0,0.0,0.0,1.0,0.0,0.0,0.0,0.0,0.0
6,5,0.0,0.0,0.0,0.0,0.0,1.0,0.0,0.0,0.0,0.0,0.0
6,5,0.0,0.0,0.0,0.0,0.0,1.0,0.0,0.0,0.0,0.0,0.0
6,5,0.0,0.0,0.0,0.0,0.0,1.0,0.0,0.0,0.0,0.0,0.0
6,5,0.0,0.0,0.0,0.0,0.0,1.0,0.0,0.0,0.0,0.0,0.0
6,5,0.0,0.0,0.0,0.0,0.0,1.0,0.0,0.0,0.0,0.0,0.0
6,5,0.0,0.0,0.0,0.0,0.0,1.0,0.0,0.0,0.0,0.0,0.0
6,5,0.0,0.0,0.0,0.0,0.0,1.0,0.0,0.0,0.0,0.0,0.0
6,5,0.0,0.0,0.0,0.0,0.0,1.0,0.0,0.0,0.0,0.0,0.0
6,5,0.0,0.0,0.0,0.0,0.0,1.0,0.0,0.0,0.0,0.0,0.0
6,5,0.0,0.0,0.0,0.0,0.0,1.0,0.0,0.0,0.0,0.0,0.0
6,5,0.0,0.0,0.0,0.0,0.0,1.0,0.0,0.0,0.0,0.0,0.0
6,5,0.0,0.0,0.0,0.0,0.0,1.0,0.0,0.0,0.0,0.0,0.0
6,5,0.0,0.0,0.0,0.0,0.0,1.0,0.0,0.0,0.0,0.0,0.0
6,5,0.0,0.0,0.0,0.0,0.0,1.0,0.0,0.0,0.0,0.0,0.0
6,5,0.0,0.0,0.0,0.0,0.0,1.0,0.0,0.0,0.0,0.0,0.0
6,5,0.0,0.0,0.0,0.0,0.0,1.0,0.0,0.0,0.0,0.0,0.0
6,5,0.0,0.0,0.0,0.0,0.0,1.0,0.0,0.0,0.0,0.0,0.0
6,5,0.0,0.0,0.0,0.0,0.0,1.0,0.0,0.0,0.0,0.0,0.0
6,5,0.0,0.0,0.0,0.0,0.0,1.0,0.0,0.0,0.0,0.0,0.0
6,5,0.0,0.0,0.0,0.0,0.0,1.0,0.0,0.0,0.0,0.0,0.0
6,5,0.0,0.0,0.0,0.0,0.0,1.0,0.0,0.0,0.0,0.0,0.0
6,5,0.0,0.0,0.0,0.0,0.0,1.0,0.0,0.0,0.0,0.0,0.0
6,5,0.0,0.0,0.0,0.0,0.0,1.0,0.0,0.0,0.0,0.0,0.0
6,5,0.0,0.0,0.0,0.0,0.0,1.0,0.0,0.0,0.0,0.0,0.0
6,5,0.0,0.0,0.0,0.0,0.0,1.0,0.0,0.0,0.0,0.0,0.0
6,5,0.0,0.0,0.0,0.0,0.0,1.0,0.0,0.0,0.0,0.0,0.0
6,5,0.0,0.0,0.0,0.0,0.0,1.0,0.0,0.0,0.0,0.0,0.0
6,5,0.0,0.0,0.0,0.0,0.0,1.0,0.0,0.0,0.0,0.0,0.0
6,5,0.0,0.0,0.0,0.0,0.0,1.0,0.0,0.0,0.0,0.0,0.0
6,5,0.0,0.0,0.0,0.0,0.0,1.0,0.0,0.0,0.0,0.0,0.0
6,5,0.0,0.0,0.0,0.0,0.0,1.0,0.0,0.0,0.0,0.0,0.0
6,5,0.0,0.0,0.0,0.0,0.0,1.0,0.0,0.0,0.0,0.0,0.0
6,5,0.0,0.0,0.0,0.0,0.0,1.0,0.0,0.0,0.0,0.0,0.0
6,5,0.0,0.0,0.0,0.0,0.0,1.0,0.0,0.0,0.0,0.0,0.0
6,5,0.0,0.0,0.0,0.0,0.0,1.0,0.0,0.0,0.0,0.0,0.0
6,5,0.0,0.0,0.0,0.0,0.0,1.0,0.0,0.0,0.0,0.0,0.0
6,5,0.0,0.0,0.0,0.0,0.0,1.0,0.0,0.0,0.0,0.0,0.0
6,5,0.0,0.0,0.0,0.0,0.0,1.0,0.0,0.0,0.0,0.0,0.0
6,5,0.0,0.0,0.0,0.0,0.0,1.0,0.0,0.0,0.0,0.0,0.0
6,5,0.0,0.0,0.0,0.0,0.0,1.0,0.0,0.0,0.0,0.0,0.0
6,5,0.0,0.0,0.0,0.0,0.0,1.0,0.0,0.0,0.0,0.0,0.0
6,5,0.0,0.0,0.0,0.0,0.0,1.0,0.0,0.0,0.0,0.0,0.0
6,5,0.0,0.0,0.0,0.0,0.0,1.0,0.0,0.0,0.0,0.0,0.0
6,5,0.0,0.0,0.0,0.0,0.0,1.0,0.0,0.0,0.0,0.0,0.0
6,5,0.0,0.0,0.0,0.0,0.0,1.0,0.0,0.0,0.0,0.0,0.0
6,5,0.0,0.0,0.0,0.0,0.0,1.0,0.0,0.0,0.0,0.0,0.0
6,5,0.0,0.0,0.0,0.0,0.0,1.0,0.0,0.0,0.0,0.0,0.0
6,5,0.0,0.0,0.0,0.0,0.0,1.0,0.0,0.0,0.0,0.0,0.0
6,5,0.0,0.0,0.0,0.0,0.0,1.0,0.0,0.0,0.0,0.0,0.0
6,5,0.0,0.0,0.0,0.0,0.0,1.0,0.0,0.0,0.0,0.0,0.0
6,5,0.0,0.0,0.0,0.0,0.0,1.0,0.0,0.0,0.0,0.0,0.0
6,5,0.0,0.0,0.0,0.0,0.0,1.0,0.0,0.0,0.0,0.0,0.0
6,5,0.0,0.0,0.0,0.0,0.0,1.0,0.0,0.0,0.0,0.0,0.0
6,5,0.0,0.0,0.0,0.0,0.0,1.0,0.0,0.0,0.0,0.0,0.0
6,5,0.0,0.0,0.0,0.0,0.0,1.0,0.0,0.0,0.0,0.0,0.0
6,5,0.0,0.0,0.0,0.0,0.0,1.0,0.0,0.0,0.0,0.0,0.0
6,5,0.0,0.0,0.0,0.0,0.0,1.0,0.0,0.0,0.0,0.0,0.0
6,5,0.0,0.0,0.0,0.0,0.0,1.0,0.0,0.0,0.0,0.0,0.0
6,5,0.0,0.0,0.0,0.0,0.0,1.0,0.0,0.0,0.0,0.0,0.0
6,5,0.0,0.0,0.0,0.0,0.0,1.0,0.0,0.0,0.0,0.0,0.0
6,5,0.0,0.0,0.0,0.0,0.0,1.0,0.0,0.0,0.0,0.0,0.0
6,5,0.0,0.0,0.0,0.0,0.0,1.0,0.0,0.0,0.0,0.0,0.0
6,5,0.0,0.0,0.0,0.0,0.0,1.0,0.0,0.0,0.0,0.0,0.0
6,5,0.0,0.0,0.0,0.0,0.0,1.0,0.0,0.0,0.0,0.0,0.0
6,5,0.0,0.0,0.0,0.0,0.0,1.0,0.0,0.0,0.0,0.0,0.0
6,5,0.0,0.0,0.0,0.0,0.0,1.0,0.0,0.0,0.0,0.0,0.0
6,5,0.0,0.0,0.0,0.0,0.0,1.0,0.0,0.0,0.0,0.0,0.0
6,5,0.0,0.0,0.0,0.0,0.0,1.0,0.0,0.0,0.0,0.0,0.0
6,5,0.0,0.0,0.0,0.0,0.0,1.0,0.0,0.0,0.0,0.0,0.0
6,5,0.0,0.0,0.0,0.0,0.0,1.0,0.0,0.0,0.0,0.0,0.0
6,5,0.0,0.0,0.0,0.0,0.0,1.0,0.0,0.0,0.0,0.0,0.0
6,5,0.0,0.0,0.0,0.0,0.0,1.0,0.0,0.0,0.0,0.0,0.0
6,5,0.0,0.0,0.0,0.0,0.0,1.0,0.0,0.0,0.0,0.0,0.0
6,5,0.0,0.0,0.0,0.0,0.0,1.0,0.0,0.0,0.0,0.0,0.0
6,5,0.0,0.0,0.0,0.0,0.0,1.0,0.0,0.0,0.0,0.0,0.0
6,5,0.0,0.0,0.0,0.0,0.0,1.0,0.0,0.0,0.0,0.0,0.0
6,5,0.0,0.0,0.0,0.0,0.0,1.0,0.0,0.0,0.0,0.0,0.0
6,5,0.0,0.0,0.0,0.0,0.0,1.0,0.0,0.0,0.0,0.0,0.0
6,5,0.0,0.0,0.0,0.0,0.0,1.0,0.0,0.0,0.0,0.0,0.0
6,5,0.0,0.0,0.0,0.0,0.0,1.0,0.0,0.0,0.0,0.0,0.0
6,5,0.0,0.0,0.0,0.0,0.0,1.0,0.0,0.0,0.0,0.0,0.0
6,5,0.0,0.0,0.0,0.0,0.0,1.0,0.0,0.0,0.0,0.0,0.0
6,5,0.0,0.0,0.0,0.0,0.0,1.0,0.0,0.0,0.0,0.0,0.0
6,5,0.0,0.0,0.0,0.0,0.0,1.0,0.0,0.0,0.0,0.0,0.0
6,5,0.0,0.0,0.0,0.0,0.0,1.0,0.0,0.0,0.0,0.0,0.0
6,5,0.0,0.0,0.0,0.0,0.0,1.0,0.0,0.0,0.0,0.0,0.0
6,5,0.0,0.0,0.0,0.0,0.0,1.0,0.0,0.0,0.0,0.0,0.0
6,5,0.0,0.0,0.0,0.0,0.0,1.0,0.0,0.0,0.0,0.0,0.0
6,5,0.0,0.0,0.0,0.0,0.0,1.0,0.0,0.0,0.0,0.0,0.0
6,5,0.0,0.0,0.0,0.0,0.0,1.0,0.0,0.0,0.0,0.0,0.0
6,5,0.0,0.0,0.0,0.0,0.0,1.0,0.0,0.0,0.0,0.0,0.0
6,5,0.0,0.0,0.0,0.0,0.0,1.0,0.0,0.0,0.0,0.0,0.0
6,5,0.0,0.0,0.0,0.0,0.0,1.0,0.0,0.0,0.0,0.0,0.0
6,5,0.0,0.0,0.0,0.0,0.0,1.0,0.0,0.0,0.0,0.0,0.0
6,5,0.0,0.0,0.0,0.0,0.0,1.0,0.0,0.0,0.0,0.0,0.0
6,5,0.0,0.0,0.0,0.0,0.0,1.0,0.0,0.0,0.0,0.0,0.0
6,5,0.0,0.0,0.0,0.0,0.0,1.0,0.0,0.0,0.0,0.0,0.0
6,5,0.0,0.0,0.0,0.0,0.0,1.0,0.0,0.0,0.0,0.0,0.0
6,5,0.0,0.0,0.0,0.0,0.0,1.0,0.0,0.0,0.0,0.0,0.0
6,5,0.0,0.0,0.0,0.0,0.0,1.0,0.0,0.0,0.0,0.0,0.0
6,5,0.0,0.0,0.0,0.0,0.0,1.0,0.0,0.0,0.0,0.0,0.0
6,5,0.0,0.0,0.0,0.0,0.0,1.0,0.0,0.0,0.0,0.0,0.0
6,5,0.0,0.0,0.0,0.0,0.0,1.0,0.0,0.0,0.0,0.0,0.0
6,5,0.0,0.0,0.0,0.0,0.0,1.0,0.0,0.0,0.0,0.0,0.0
6,5,0.0,0.0,0.0,0.0,0.0,1.0,0.0,0.0,0.0,0.0,0.0
6,5,0.0,0.0,0.0,0.0,0.0,1.0,0.0,0.0,0.0,0.0,0.0
6,5,0.0,0.0,0.0,0.0,0.0,1.0,0.0,0.0,0.0,0.0,0.0
6,5,0.0,0.0,0.0,0.0,0.0,1.0,0.0,0.0,0.0,0.0,0.0
6,5,0.0,0.0,0.0,0.0,0.0,1.0,0.0,0.0,0.0,0.0,0.0
6,5,0.0,0.0,0.0,0.0,0.0,1.0,0.0,0.0,0.0,0.0,0.0
6,5,0.0,0.0,0.0,0.0,0.0,1.0,0.0,0.0,0.0,0.0,0.0
6,5,0.0,0.0,0.0,0.0,0.0,1.0,0.0,0.0,0.0,0.0,0.0
6,5,0.0,0.0,0.0,0.0,0.0,1.0,0.0,0.0,0.0,0.0,0.0
6,5,0.0,0.0,0.0,0.0,0.0,1.0,0.0,0.0,0.0,0.0,0.0
6,5,0.0,0.0,0.0,0.0,0.0,1.0,0.0,0.0,0.0,0.0,0.0
6,5,0.0,0.0,0.0,0.0,0.0,1.0,0.0,0.0,0.0,0.0,0.0
6,5,0.0,0.0,0.0,0.0,0.0,1.0,0.0,0.0,0.0,0.0,0.0
6,5,0.0,0.0,0.0,0.0,0.0,1.0,0.0,0.0,0.0,0.0,0.0
6,5,0.0,0.0,0.0,0.0,0.0,1.0,0.0,0.0,0.0,0.0,0.0
6,5,0.0,0.0,0.0,0.0,0.0,1.0,0.0,0.0,0.0,0.0,0.0
6,5,0.0,0.0,0.0,0.0,0.0,1.0,0.0,0.0,0.0,0.0,0.0
6,5,0.0,0.0,0.0,0.0,0.0,1.0,0.0,0.0,0.0,0.0,0.0
6,5,0.0,0.0,0.0,0.0,0.0,1.0,0.0,0.0,0.0,0.0,0.0
6,5,0.0,0.0,0.0,0.0,0.0,1.0,0.0,0.0,0.0,0.0,0.0
6,5,0.0,0.0,0.0,0.0,0.0,1.0,0.0,0.0,0.0,0.0,0.0
6,5,0.0,0.0,0.0,0.0,0.0,1.0,0.0,0.0,0.0,0.0,0.0
6,5,0.0,0.0,0.0,0.0,0.0,1.0,0.0,0.0,0.0,0.0,0.0
6,5,0.0,0.0,0.0,0.0,0.0,1.0,0.0,0.0,0.0,0.0,0.0
6,5,0.0,0.0,0.0,0.0,0.0,1.0,0.0,0.0,0.0,0.0,0.0
6,5,0.0,0.0,0.0,0.0,0.0,1.0,0.0,0.0,0.0,0.0,0.0
6,5,0.0,0.0,0.0,0.0,0.0,1.0,0.0,0.0,0.0,0.0,0.0
6,5,0.0,0.0,0.0,0.0,0.0,1.0,0.0,0.0,0.0,0.0,0.0
6,5,0.0,0.0,0.0,0.0,0.0,1.0,0.0,0.0,0.0,0.0,0.0
6,5,0.0,0.0,0.0,0.0,0.0,1.0,0.0,0.0,0.0,0.0,0.0
6,5,0.0,0.0,0.0,0.0,0.0,1.0,0.0,0.0,0.0,0.0,0.0
6,5,0.0,0.0,0.0,0.0,0.0,1.0,0.0,0.0,0.0,0.0,0.0
6,5,0.0,0.0,0.0,0.0,0.0,1.0,0.0,0.0,0.0,0.0,0.0
6,5,0.0,0.0,0.0,0.0,0.0,1.0,0.0,0.0,0.0,0.0,0.0
6,5,0.0,0.0,0.0,0.0,0.0,1.0,0.0,0.0,0.0,0.0,0.0
6,5,0.0,0.0,0.0,0.0,0.0,1.0,0.0,0.0,0.0,0.0,0.0
6,5,0.0,0.0,0.0,0.0,0.0,1.0,0.0,0.0,0.0,0.0,0.0
6,5,0.0,0.0,0.0,0.0,0.0,1.0,0.0,0.0,0.0,0.0,0.0
6,5,0.0,0.0,0.0,0.0,0.0,1.0,0.0,0.0,0.0,0.0,0.0
6,5,0.0,0.0,0.0,0.0,0.0,1.0,0.0,0.0,0.0,0.0,0.0
6,5,0.0,0.0,0.0,0.0,0.0,1.0,0.0,0.0,0.0,0.0,0.0
6,5,0.0,0.0,0.0,0.0,0.0,1.0,0.0,0.0,0.0,0.0,0.0
6,5,0.0,0.0,0.0,0.0,0.0,1.0,0.0,0.0,0.0,0.0,0.0
6,5,0.0,0.0,0.0,0.0,0.0,1.0,0.0,0.0,0.0,0.0,0.0
6,5,0.0,0.0,0.0,0.0,0.0,1.0,0.0,0.0,0.0,0.0,0.0
6,5,0.0,0.0,0.0,0.0,0.0,1.0,0.0,0.0,0.0,0.0,0.0
6,5,0.0,0.0,0.0,0.0,0.0,1.0,0.0,0.0,0.0,0.0,0.0
6,5,0.0,0.0,0.0,0.0,0.0,1.0,0.0,0.0,0.0,0.0,0.0
6,5,0.0,0.0,0.0,0.0,0.0,1.0,0.0,0.0,0.0,0.0,0.0
6,5,0.0,0.0,0.0,0.0,0.0,1.0,0.0,0.0,0.0,0.0,0.0
6,5,0.0,0.0,0.0,0.0,0.0,1.0,0.0,0.0,0.0,0.0,0.0
6,5,0.0,0.0,0.0,0.0,0.0,1.0,0.0,0.0,0.0,0.0,0.0
6,5,0.0,0.0,0.0,0.0,0.0,1.0,0.0,0.0,0.0,0.0,0.0
6,5,0.0,0.0,0.0,0.0,0.0,1.0,0.0,0.0,0.0,0.0,0.0
6,5,0.0,0.0,0.0,0.0,0.0,1.0,0.0,0.0,0.0,0.0,0.0
6,5,0.0,0.0,0.0,0.0,0.0,1.0,0.0,0.0,0.0,0.0,0.0
6,5,0.0,0.0,0.0,0.0,0.0,1.0,0.0,0.0,0.0,0.0,0.0
6,5,0.0,0.0,0.0,0.0,0.0,1.0,0.0,0.0,0.0,0.0,0.0
6,5,0.0,0.0,0.0,0.0,0.0,1.0,0.0,0.0,0.0,0.0,0.0
6,5,0.0,0.0,0.0,0.0,0.0,1.0,0.0,0.0,0.0,0.0,0.0
6,5,0.0,0.0,0.0,0.0,0.0,1.0,0.0,0.0,0.0,0.0,0.0
6,5,0.0,0.0,0.0,0.0,0.0,1.0,0.0,0.0,0.0,0.0,0.0
6,5,0.0,0.0,0.0,0.0,0.0,1.0,0.0,0.0,0.0,0.0,0.0
6,5,0.0,0.0,0.0,0.0,0.0,1.0,0.0,0.0,0.0,0.0,0.0
6,5,0.0,0.0,0.0,0.0,0.0,1.0,0.0,0.0,0.0,0.0,0.0
6,5,0.0,0.0,0.0,0.0,0.0,1.0,0.0,0.0,0.0,0.0,0.0
6,5,0.0,0.0,0.0,0.0,0.0,1.0,0.0,0.0,0.0,0.0,0.0
6,5,0.0,0.0,0.0,0.0,0.0,1.0,0.0,0.0,0.0,0.0,0.0
6,5,0.0,0.0,0.0,0.0,0.0,1.0,0.0,0.0,0.0,0.0,0.0
6,5,0.0,0.0,0.0,0.0,0.0,1.0,0.0,0.0,0.0,0.0,0.0
6,5,0.0,0.0,0.0,0.0,0.0,1.0,0.0,0.0,0.0,0.0,0.0
6,5,0.0,0.0,0.0,0.0,0.0,1.0,0.0,0.0,0.0,0.0,0.0
6,5,0.0,0.0,0.0,0.0,0.0,1.0,0.0,0.0,0.0,0.0,0.0
6,5,0.0,0.0,0.0,0.0,0.0,1.0,0.0,0.0,0.0,0.0,0.0
6,5,0.0,0.0,0.0,0.0,0.0,1.0,0.0,0.0,0.0,0.0,0.0
6,5,0.0,0.0,0.0,0.0,0.0,1.0,0.0,0.0,0.0,0.0,0.0
6,5,0.0,0.0,0.0,0.0,0.0,1.0,0.0,0.0,0.0,0.0,0.0
6,5,0.0,0.0,0.0,0.0,0.0,1.0,0.0,0.0,0.0,0.0,0.0
6,5,0.0,0.0,0.0,0.0,0.0,1.0,0.0,0.0,0.0,0.0,0.0
6,5,0.0,0.0,0.0,0.0,0.0,1.0,0.0,0.0,0.0,0.0,0.0
6,5,0.0,0.0,0.0,0.0,0.0,1.0,0.0,0.0,0.0,0.0,0.0
6,5,0.0,0.0,0.0,0.0,0.0,1.0,0.0,0.0,0.0,0.0,0.0
6,5,0.0,0.0,0.0,0.0,0.0,1.0,0.0,0.0,0.0,0.0,0.0
6,5,0.0,0.0,0.0,0.0,0.0,1.0,0.0,0.0,0.0,0.0,0.0
6,5,0.0,0.0,0.0,0.0,0.0,1.0,0.0,0.0,0.0,0.0,0.0
6,5,0.0,0.0,0.0,0.0,0.0,1.0,0.0,0.0,0.0,0.0,0.0
6,5,0.0,0.0,0.0,0.0,0.0,1.0,0.0,0.0,0.0,0.0,0.0
6,5,0.0,0.0,0.0,0.0,0.0,1.0,0.0,0.0,0.0,0.0,0.0
6,5,0.0,0.0,0.0,0.0,0.0,1.0,0.0,0.0,0.0,0.0,0.0
6,5,0.0,0.0,0.0,0.0,0.0,1.0,0.0,0.0,0.0,0.0,0.0
6,5,0.0,0.0,0.0,0.0,0.0,1.0,0.0,0.0,0.0,0.0,0.0
6,5,0.0,0.0,0.0,0.0,0.0,1.0,0.0,0.0,0.0,0.0,0.0
6,5,0.0,0.0,0.0,0.0,0.0,1.0,0.0,0.0,0.0,0.0,0.0
6,5,0.0,0.0,0.0,0.0,0.0,1.0,0.0,0.0,0.0,0.0,0.0
6,5,0.0,0.0,0.0,0.0,0.0,1.0,0.0,0.0,0.0,0.0,0.0
6,5,0.0,0.0,0.0,0.0,0.0,1.0,0.0,0.0,0.0,0.0,0.0
6,5,0.0,0.0,0.0,0.0,0.0,1.0,0.0,0.0,0.0,0.0,0.0
6,5,0.0,0.0,0.0,0.0,0.0,1.0,0.0,0.0,0.0,0.0,0.0
6,5,0.0,0.0,0.0,0.0,0.0,1.0,0.0,0.0,0.0,0.0,0.0
6,5,0.0,0.0,0.0,0.0,0.0,1.0,0.0,0.0,0.0,0.0,0.0
6,5,0.0,0.0,0.0,0.0,0.0,1.0,0.0,0.0,0.0,0.0,0.0
6,5,0.0,0.0,0.0,0.0,0.0,1.0,0.0,0.0,0.0,0.0,0.0
6,5,0.0,0.0,0.0,0.0,0.0,1.0,0.0,0.0,0.0,0.0,0.0
6,5,0.0,0.0,0.0,0.0,0.0,1.0,0.0,0.0,0.0,0.0,0.0
6,5,0.0,0.0,0.0,0.0,0.0,1.0,0.0,0.0,0.0,0.0,0.0
6,5,0.0,0.0,0.0,0.0,0.0,1.0,0.0,0.0,0.0,0.0,0.0
6,5,0.0,0.0,0.0,0.0,0.0,1.0,0.0,0.0,0.0,0.0,0.0
6,5,0.0,0.0,0.0,0.0,0.0,1.0,0.0,0.0,0.0,0.0,0.0
6,5,0.0,0.0,0.0,0.0,0.0,1.0,0.0,0.0,0.0,0.0,0.0
6,5,0.0,0.0,0.0,0.0,0.0,1.0,0.0,0.0,0.0,0.0,0.0
6,5,0.0,0.0,0.0,0.0,0.0,1.0,0.0,0.0,0.0,0.0,0.0
6,5,0.0,0.0,0.0,0.0,0.0,1.0,0.0,0.0,0.0,0.0,0.0
6,5,0.0,0.0,0.0,0.0,0.0,1.0,0.0,0.0,0.0,0.0,0.0
6,5,0.0,0.0,0.0,0.0,0.0,1.0,0.0,0.0,0.0,0.0,0.0
6,5,0.0,0.0,0.0,0.0,0.0,1.0,0.0,0.0,0.0,0.0,0.0
6,5,0.0,0.0,0.0,0.0,0.0,1.0,0.0,0.0,0.0,0.0,0.0
6,5,0.0,0.0,0.0,0.0,0.0,1.0,0.0,0.0,0.0,0.0,0.0
6,5,0.0,0.0,0.0,0.0,0.0,1.0,0.0,0.0,0.0,0.0,0.0
6,5,0.0,0.0,0.0,0.0,0.0,1.0,0.0,0.0,0.0,0.0,0.0
6,5,0.0,0.0,0.0,0.0,0.0,1.0,0.0,0.0,0.0,0.0,0.0
6,5,0.0,0.0,0.0,0.0,0.0,1.0,0.0,0.0,0.0,0.0,0.0
6,5,0.0,0.0,0.0,0.0,0.0,1.0,0.0,0.0,0.0,0.0,0.0
6,5,0.0,0.0,0.0,0.0,0.0,1.0,0.0,0.0,0.0,0.0,0.0
6,5,0.0,0.0,0.0,0.0,0.0,1.0,0.0,0.0,0.0,0.0,0.0
6,5,0.0,0.0,0.0,0.0,0.0,1.0,0.0,0.0,0.0,0.0,0.0
6,5,0.0,0.0,0.0,0.0,0.0,1.0,0.0,0.0,0.0,0.0,0.0
6,5,0.0,0.0,0.0,0.0,0.0,1.0,0.0,0.0,0.0,0.0,0.0
6,5,0.0,0.0,0.0,0.0,0.0,1.0,0.0,0.0,0.0,0.0,0.0
6,5,0.0,0.0,0.0,0.0,0.0,1.0,0.0,0.0,0.0,0.0,0.0
6,5,0.0,0.0,0.0,0.0,0.0,1.0,0.0,0.0,0.0,0.0,0.0
6,5,0.0,0.0,0.0,0.0,0.0,1.0,0.0,0.0,0.0,0.0,0.0
6,5,0.0,0.0,0.0,0.0,0.0,1.0,0.0,0.0,0.0,0.0,0.0
6,5,0.0,0.0,0.0,0.0,0.0,1.0,0.0,0.0,0.0,0.0,0.0
6,5,0.0,0.0,0.0,0.0,0.0,1.0,0.0,0.0,0.0,0.0,0.0
6,5,0.0,0.0,0.0,0.0,0.0,1.0,0.0,0.0,0.0,0.0,0.0
6,5,0.0,0.0,0.0,0.0,0.0,1.0,0.0,0.0,0.0,0.0,0.0
6,5,0.0,0.0,0.0,0.0,0.0,1.0,0.0,0.0,0.0,0.0,0.0
6,5,0.0,0.0,0.0,0.0,0.0,1.0,0.0,0.0,0.0,0.0,0.0
6,5,0.0,0.0,0.0,0.0,0.0,1.0,0.0,0.0,0.0,0.0,0.0
6,5,0.0,0.0,0.0,0.0,0.0,1.0,0.0,0.0,0.0,0.0,0.0
6,5,0.0,0.0,0.0,0.0,0.0,1.0,0.0,0.0,0.0,0.0,0.0
6,5,0.0,0.0,0.0,0.0,0.0,1.0,0.0,0.0,0.0,0.0,0.0
6,5,0.0,0.0,0.0,0.0,0.0,1.0,0.0,0.0,0.0,0.0,0.0
6,5,0.0,0.0,0.0,0.0,0.0,1.0,0.0,0.0,0.0,0.0,0.0
6,5,0.0,0.0,0.0,0.0,0.0,1.0,0.0,0.0,0.0,0.0,0.0
6,5,0.0,0.0,0.0,0.0,0.0,1.0,0.0,0.0,0.0,0.0,0.0
6,5,0.0,0.0,0.0,0.0,0.0,1.0,0.0,0.0,0.0,0.0,0.0
6,5,0.0,0.0,0.0,0.0,0.0,1.0,0.0,0.0,0.0,0.0,0.0
6,5,0.0,0.0,0.0,0.0,0.0,1.0,0.0,0.0,0.0,0.0,0.0
6,5,0.0,0.0,0.0,0.0,0.0,1.0,0.0,0.0,0.0,0.0,0.0
6,5,0.0,0.0,0.0,0.0,0.0,1.0,0.0,0.0,0.0,0.0,0.0
6,5,0.0,0.0,0.0,0.0,0.0,1.0,0.0,0.0,0.0,0.0,0.0
6,5,0.0,0.0,0.0,0.0,0.0,1.0,0.0,0.0,0.0,0.0,0.0
6,5,0.0,0.0,0.0,0.0,0.0,1.0,0.0,0.0,0.0,0.0,0.0
6,5,0.0,0.0,0.0,0.0,0.0,1.0,0.0,0.0,0.0,0.0,0.0
6,5,0.0,0.0,0.0,0.0,0.0,1.0,0.0,0.0,0.0,0.0,0.0
6,5,0.0,0.0,0.0,0.0,0.0,1.0,0.0,0.0,0.0,0.0,0.0
6,5,0.0,0.0,0.0,0.0,0.0,1.0,0.0,0.0,0.0,0.0,0.0
6,5,0.0,0.0,0.0,0.0,0.0,1.0,0.0,0.0,0.0,0.0,0.0
6,5,0.0,0.0,0.0,0.0,0.0,1.0,0.0,0.0,0.0,0.0,0.0
6,5,0.0,0.0,0.0,0.0,0.0,1.0,0.0,0.0,0.0,0.0,0.0
6,5,0.0,0.0,0.0,0.0,0.0,1.0,0.0,0.0,0.0,0.0,0.0
6,5,0.0,0.0,0.0,0.0,0.0,1.0,0.0,0.0,0.0,0.0,0.0
6,5,0.0,0.0,0.0,0.0,0.0,1.0,0.0,0.0,0.0,0.0,0.0
6,5,0.0,0.0,0.0,0.0,0.0,1.0,0.0,0.0,0.0,0.0,0.0
6,5,0.0,0.0,0.0,0.0,0.0,1.0,0.0,0.0,0.0,0.0,0.0
6,5,0.0,0.0,0.0,0.0,0.0,1.0,0.0,0.0,0.0,0.0,0.0
6,5,0.0,0.0,0.0,0.0,0.0,1.0,0.0,0.0,0.0,0.0,0.0
6,5,0.0,0.0,0.0,0.0,0.0,1.0,0.0,0.0,0.0,0.0,0.0
6,5,0.0,0.0,0.0,0.0,0.0,1.0,0.0,0.0,0.0,0.0,0.0
6,5,0.0,0.0,0.0,0.0,0.0,1.0,0.0,0.0,0.0,0.0,0.0
6,5,0.0,0.0,0.0,0.0,0.0,1.0,0.0,0.0,0.0,0.0,0.0
6,5,0.0,0.0,0.0,0.0,0.0,1.0,0.0,0.0,0.0,0.0,0.0
6,5,0.0,0.0,0.0,0.0,0.0,1.0,0.0,0.0,0.0,0.0,0.0
6,5,0.0,0.0,0.0,0.0,0.0,1.0,0.0,0.0,0.0,0.0,0.0
6,5,0.0,0.0,0.0,0.0,0.0,1.0,0.0,0.0,0.0,0.0,0.0
6,5,0.0,0.0,0.0,0.0,0.0,1.0,0.0,0.0,0.0,0.0,0.0
6,5,0.0,0.0,0.0,0.0,0.0,1.0,0.0,0.0,0.0,0.0,0.0
6,5,0.0,0.0,0.0,0.0,0.0,1.0,0.0,0.0,0.0,0.0,0.0
6,5,0.0,0.0,0.0,0.0,0.0,1.0,0.0,0.0,0.0,0.0,0.0
6,5,0.0,0.0,0.0,0.0,0.0,1.0,0.0,0.0,0.0,0.0,0.0
6,5,0.0,0.0,0.0,0.0,0.0,1.0,0.0,0.0,0.0,0.0,0.0
6,5,0.0,0.0,0.0,0.0,0.0,1.0,0.0,0.0,0.0,0.0,0.0
6,5,0.0,0.0,0.0,0.0,0.0,1.0,0.0,0.0,0.0,0.0,0.0
6,5,0.0,0.0,0.0,0.0,0.0,1.0,0.0,0.0,0.0,0.0,0.0
6,5,0.0,0.0,0.0,0.0,0.0,1.0,0.0,0.0,0.0,0.0,0.0
6,5,0.0,0.0,0.0,0.0,0.0,1.0,0.0,0.0,0.0,0.0,0.0
6,5,0.0,0.0,0.0,0.0,0.0,1.0,0.0,0.0,0.0,0.0,0.0
6,5,0.0,0.0,0.0,0.0,0.0,1.0,0.0,0.0,0.0,0.0,0.0
6,5,0.0,0.0,0.0,0.0,0.0,1.0,0.0,0.0,0.0,0.0,0.0
6,5,0.0,0.0,0.0,0.0,0.0,1.0,0.0,0.0,0.0,0.0,0.0
6,5,0.0,0.0,0.0,0.0,0.0,1.0,0.0,0.0,0.0,0.0,0.0
6,5,0.0,0.0,0.0,0.0,0.0,1.0,0.0,0.0,0.0,0.0,0.0
6,5,0.0,0.0,0.0,0.0,0.0,1.0,0.0,0.0,0.0,0.0,0.0
6,5,0.0,0.0,0.0,0.0,0.0,1.0,0.0,0.0,0.0,0.0,0.0
6,5,0.0,0.0,0.0,0.0,0.0,1.0,0.0,0.0,0.0,0.0,0.0
6,5,0.0,0.0,0.0,0.0,0.0,1.0,0.0,0.0,0.0,0.0,0.0
6,5,0.0,0.0,0.0,0.0,0.0,1.0,0.0,0.0,0.0,0.0,0.0
6,5,0.0,0.0,0.0,0.0,0.0,1.0,0.0,0.0,0.0,0.0,0.0
6,5,0.0,0.0,0.0,0.0,0.0,1.0,0.0,0.0,0.0,0.0,0.0
6,5,0.0,0.0,0.0,0.0,0.0,1.0,0.0,0.0,0.0,0.0,0.0
6,5,0.0,0.0,0.0,0.0,0.0,1.0,0.0,0.0,0.0,0.0,0.0
6,5,0.0,0.0,0.0,0.0,0.0,1.0,0.0,0.0,0.0,0.0,0.0
6,5,0.0,0.0,0.0,0.0,0.0,1.0,0.0,0.0,0.0,0.0,0.0
6,5,0.0,0.0,0.0,0.0,0.0,1.0,0.0,0.0,0.0,0.0,0.0
6,5,0.0,0.0,0.0,0.0,0.0,1.0,0.0,0.0,0.0,0.0,0.0
6,5,0.0,0.0,0.0,0.0,0.0,1.0,0.0,0.0,0.0,0.0,0.0
6,5,0.0,0.0,0.0,0.0,0.0,1.0,0.0,0.0,0.0,0.0,0.0
6,5,0.0,0.0,0.0,0.0,0.0,1.0,0.0,0.0,0.0,0.0,0.0
6,5,0.0,0.0,0.0,0.0,0.0,1.0,0.0,0.0,0.0,0.0,0.0
6,5,0.0,0.0,0.0,0.0,0.0,1.0,0.0,0.0,0.0,0.0,0.0
6,5,0.0,0.0,0.0,0.0,0.0,1.0,0.0,0.0,0.0,0.0,0.0
6,5,0.0,0.0,0.0,0.0,0.0,1.0,0.0,0.0,0.0,0.0,0.0
6,5,0.0,0.0,0.0,0.0,0.0,1.0,0.0,0.0,0.0,0.0,0.0
6,5,0.0,0.0,0.0,0.0,0.0,1.0,0.0,0.0,0.0,0.0,0.0
6,5,0.0,0.0,0.0,0.0,0.0,1.0,0.0,0.0,0.0,0.0,0.0
6,5,0.0,0.0,0.0,0.0,0.0,1.0,0.0,0.0,0.0,0.0,0.0
6,5,0.0,0.0,0.0,0.0,0.0,1.0,0.0,0.0,0.0,0.0,0.0
6,5,0.0,0.0,0.0,0.0,0.0,1.0,0.0,0.0,0.0,0.0,0.0
6,5,0.0,0.0,0.0,0.0,0.0,1.0,0.0,0.0,0.0,0.0,0.0
6,5,0.0,0.0,0.0,0.0,0.0,1.0,0.0,0.0,0.0,0.0,0.0
6,5,0.0,0.0,0.0,0.0,0.0,1.0,0.0,0.0,0.0,0.0,0.0
6,5,0.0,0.0,0.0,0.0,0.0,1.0,0.0,0.0,0.0,0.0,0.0
6,5,0.0,0.0,0.0,0.0,0.0,1.0,0.0,0.0,0.0,0.0,0.0
6,5,0.0,0.0,0.0,0.0,0.0,1.0,0.0,0.0,0.0,0.0,0.0
6,5,0.0,0.0,0.0,0.0,0.0,1.0,0.0,0.0,0.0,0.0,0.0
6,5,0.0,0.0,0.0,0.0,0.0,1.0,0.0,0.0,0.0,0.0,0.0
6,5,0.0,0.0,0.0,0.0,0.0,1.0,0.0,0.0,0.0,0.0,0.0
6,5,0.0,0.0,0.0,0.0,0.0,1.0,0.0,0.0,0.0,0.0,0.0
6,5,0.0,0.0,0.0,0.0,0.0,1.0,0.0,0.0,0.0,0.0,0.0
6,5,0.0,0.0,0.0,0.0,0.0,1.0,0.0,0.0,0.0,0.0,0.0
6,5,0.0,0.0,0.0,0.0,0.0,1.0,0.0,0.0,0.0,0.0,0.0
6,5,0.0,0.0,0.0,0.0,0.0,1.0,0.0,0.0,0.0,0.0,0.0
6,5,0.0,0.0,0.0,0.0,0.0,1.0,0.0,0.0,0.0,0.0,0.0
6,5,0.0,0.0,0.0,0.0,0.0,1.0,0.0,0.0,0.0,0.0,0.0
6,5,0.0,0.0,0.0,0.0,0.0,1.0,0.0,0.0,0.0,0.0,0.0
6,5,0.0,0.0,0.0,0.0,0.0,1.0,0.0,0.0,0.0,0.0,0.0
6,5,0.0,0.0,0.0,0.0,0.0,1.0,0.0,0.0,0.0,0.0,0.0
6,5,0.0,0.0,0.0,0.0,0.0,1.0,0.0,0.0,0.0,0.0,0.0
6,5,0.0,0.0,0.0,0.0,0.0,1.0,0.0,0.0,0.0,0.0,0.0
6,5,0.0,0.0,0.0,0.0,0.0,1.0,0.0,0.0,0.0,0.0,0.0
6,5,0.0,0.0,0.0,0.0,0.0,1.0,0.0,0.0,0.0,0.0,0.0
6,5,0.0,0.0,0.0,0.0,0.0,1.0,0.0,0.0,0.0,0.0,0.0
6,5,0.0,0.0,0.0,0.0,0.0,1.0,0.0,0.0,0.0,0.0,0.0
6,5,0.0,0.0,0.0,0.0,0.0,1.0,0.0,0.0,0.0,0.0,0.0
6,5,0.0,0.0,0.0,0.0,0.0,1.0,0.0,0.0,0.0,0.0,0.0
6,5,0.0,0.0,0.0,0.0,0.0,1.0,0.0,0.0,0.0,0.0,0.0
6,5,0.0,0.0,0.0,0.0,0.0,1.0,0.0,0.0,0.0,0.0,0.0
6,5,0.0,0.0,0.0,0.0,0.0,1.0,0.0,0.0,0.0,0.0,0.0
6,5,0.0,0.0,0.0,0.0,0.0,1.0,0.0,0.0,0.0,0.0,0.0
6,5,0.0,0.0,0.0,0.0,0.0,1.0,0.0,0.0,0.0,0.0,0.0
6,5,0.0,0.0,0.0,0.0,0.0,1.0,0.0,0.0,0.0,0.0,0.0
6,5,0.0,0.0,0.0,0.0,0.0,1.0,0.0,0.0,0.0,0.0,0.0
6,5,0.0,0.0,0.0,0.0,0.0,1.0,0.0,0.0,0.0,0.0,0.0
6,5,0.0,0.0,0.0,0.0,0.0,1.0,0.0,0.0,0.0,0.0,0.0
6,5,0.0,0.0,0.0,0.0,0.0,1.0,0.0,0.0,0.0,0.0,0.0
6,5,0.0,0.0,0.0,0.0,0.0,1.0,0.0,0.0,0.0,0.0,0.0
6,5,0.0,0.0,0.0,0.0,0.0,1.0,0.0,0.0,0.0,0.0,0.0
6,5,0.0,0.0,0.0,0.0,0.0,1.0,0.0,0.0,0.0,0.0,0.0
6,5,0.0,0.0,0.0,0.0,0.0,1.0,0.0,0.0,0.0,0.0,0.0
6,5,0.0,0.0,0.0,0.0,0.0,1.0,0.0,0.0,0.0,0.0,0.0
6,5,0.0,0.0,0.0,0.0,0.0,1.0,0.0,0.0,0.0,0.0,0.0
6,5,0.0,0.0,0.0,0.0,0.0,1.0,0.0,0.0,0.0,0.0,0.0
6,5,0.0,0.0,0.0,0.0,0.0,1.0,0.0,0.0,0.0,0.0,0.0
6,5,0.0,0.0,0.0,0.0,0.0,1.0,0.0,0.0,0.0,0.0,0.0
6,5,0.0,0.0,0.0,0.0,0.0,1.0,0.0,0.0,0.0,0.0,0.0
6,5,0.0,0.0,0.0,0.0,0.0,1.0,0.0,0.0,0.0,0.0,0.0
6,5,0.0,0.0,0.0,0.0,0.0,1.0,0.0,0.0,0.0,0.0,0.0
6,5,0.0,0.0,0.0,0.0,0.0,1.0,0.0,0.0,0.0,0.0,0.0
6,5,0.0,0.0,0.0,0.0,0.0,1.0,0.0,0.0,0.0,0.0,0.0
6,5,0.0,0.0,0.0,0.0,0.0,1.0,0.0,0.0,0.0,0.0,0.0
6,5,0.0,0.0,0.0,0.0,0.0,1.0,0.0,0.0,0.0,0.0,0.0
6,5,0.0,0.0,0.0,0.0,0.0,1.0,0.0,0.0,0.0,0.0,0.0
6,5,0.0,0.0,0.0,0.0,0.0,1.0,0.0,0.0,0.0,0.0,0.0
6,5,0.0,0.0,0.0,0.0,0.0,1.0,0.0,0.0,0.0,0.0,0.0
6,5,0.0,0.0,0.0,0.0,0.0,1.0,0.0,0.0,0.0,0.0,0.0
6,5,0.0,0.0,0.0,0.0,0.0,1.0,0.0,0.0,0.0,0.0,0.0
6,5,0.0,0.0,0.0,0.0,0.0,1.0,0.0,0.0,0.0,0.0,0.0
6,5,0.0,0.0,0.0,0.0,0.0,1.0,0.0,0.0,0.0,0.0,0.0
6,5,0.0,0.0,0.0,0.0,0.0,1.0,0.0,0.0,0.0,0.0,0.0
6,5,0.0,0.0,0.0,0.0,0.0,1.0,0.0,0.0,0.0,0.0,0.0
6,5,0.0,0.0,0.0,0.0,0.0,1.0,0.0,0.0,0.0,0.0,0.0
6,5,0.0,0.0,0.0,0.0,0.0,1.0,0.0,0.0,0.0,0.0,0.0
6,5,0.0,0.0,0.0,0.0,0.0,1.0,0.0,0.0,0.0,0.0,0.0
6,5,0.0,0.0,0.0,0.0,0.0,1.0,0.0,0.0,0.0,0.0,0.0
6,5,0.0,0.0,0.0,0.0,0.0,1.0,0.0,0.0,0.0,0.0,0.0
6,5,0.0,0.0,0.0,0.0,0.0,1.0,0.0,0.0,0.0,0.0,0.0
6,5,0.0,0.0,0.0,0.0,0.0,1.0,0.0,0.0,0.0,0.0,0.0
6,5,0.0,0.0,0.0,0.0,0.0,1.0,0.0,0.0,0.0,0.0,0.0
6,5,0.0,0.0,0.0,0.0,0.0,1.0,0.0,0.0,0.0,0.0,0.0
6,5,0.0,0.0,0.0,0.0,0.0,1.0,0.0,0.0,0.0,0.0,0.0
6,5,0.0,0.0,0.0,0.0,0.0,1.0,0.0,0.0,0.0,0.0,0.0
6,5,0.0,0.0,0.0,0.0,0.0,1.0,0.0,0.0,0.0,0.0,0.0
6,5,0.0,0.0,0.0,0.0,0.0,1.0,0.0,0.0,0.0,0.0,0.0
6,5,0.0,0.0,0.0,0.0,0.0,1.0,0.0,0.0,0.0,0.0,0.0
6,5,0.0,0.0,0.0,0.0,0.0,1.0,0.0,0.0,0.0,0.0,0.0
6,5,0.0,0.0,0.0,0.0,0.0,1.0,0.0,0.0,0.0,0.0,0.0
6,5,0.0,0.0,0.0,0.0,0.0,1.0,0.0,0.0,0.0,0.0,0.0
6,5,0.0,0.0,0.0,0.0,0.0,1.0,0.0,0.0,0.0,0.0,0.0
6,5,0.0,0.0,0.0,0.0,0.0,1.0,0.0,0.0,0.0,0.0,0.0
6,5,0.0,0.0,0.0,0.0,0.0,1.0,0.0,0.0,0.0,0.0,0.0
6,5,0.0,0.0,0.0,0.0,0.0,1.0,0.0,0.0,0.0,0.0,0.0
6,5,0.0,0.0,0.0,0.0,0.0,1.0,0.0,0.0,0.0,0.0,0.0
6,5,0.0,0.0,0.0,0.0,0.0,1.0,0.0,0.0,0.0,0.0,0.0
6,5,0.0,0.0,0.0,0.0,0.0,1.0,0.0,0.0,0.0,0.0,0.0
6,5,0.0,0.0,0.0,0.0,0.0,1.0,0.0,0.0,0.0,0.0,0.0
6,5,0.0,0.0,0.0,0.0,0.0,1.0,0.0,0.0,0.0,0.0,0.0
6,5,0.0,0.0,0.0,0.0,0.0,1.0,0.0,0.0,0.0,0.0,0.0
6,5,0.0,0.0,0.0,0.0,0.0,1.0,0.0,0.0,0.0,0.0,0.0
6,5,0.0,0.0,0.0,0.0,0.0,1.0,0.0,0.0,0.0,0.0,0.0
6,5,0.0,0.0,0.0,0.0,0.0,1.0,0.0,0.0,0.0,0.0,0.0
6,5,0.0,0.0,0.0,0.0,0.0,1.0,0.0,0.0,0.0,0.0,0.0
6,5,0.0,0.0,0.0,0.0,0.0,1.0,0.0,0.0,0.0,0.0,0.0
6,5,0.0,0.0,0.0,0.0,0.0,1.0,0.0,0.0,0.0,0.0,0.0
6,5,0.0,0.0,0.0,0.0,0.0,1.0,0.0,0.0,0.0,0.0,0.0
6,5,0.0,0.0,0.0,0.0,0.0,1.0,0.0,0.0,0.0,0.0,0.0
6,5,0.0,0.0,0.0,0.0,0.0,1.0,0.0,0.0,0.0,0.0,0.0
6,5,0.0,0.0,0.0,0.0,0.0,1.0,0.0,0.0,0.0,0.0,0.0
6,5,0.0,0.0,0.0,0.0,0.0,1.0,0.0,0.0,0.0,0.0,0.0
6,5,0.0,0.0,0.0,0.0,0.0,1.0,0.0,0.0,0.0,0.0,0.0
6,5,0.0,0.0,0.0,0.0,0.0,1.0,0.0,0.0,0.0,0.0,0.0
6,5,0.0,0.0,0.0,0.0,0.0,1.0,0.0,0.0,0.0,0.0,0.0
6,5,0.0,0.0,0.0,0.0,0.0,1.0,0.0,0.0,0.0,0.0,0.0
6,5,0.0,0.0,0.0,0.0,0.0,1.0,0.0,0.0,0.0,0.0,0.0
6,5,0.0,0.0,0.0,0.0,0.0,1.0,0.0,0.0,0.0,0.0,0.0
6,5,0.0,0.0,0.0,0.0,0.0,1.0,0.0,0.0,0.0,0.0,0.0
6,5,0.0,0.0,0.0,0.0,0.0,1.0,0.0,0.0,0.0,0.0,0.0
6,5,0.0,0.0,0.0,0.0,0.0,1.0,0.0,0.0,0.0,0.0,0.0
6,5,0.0,0.0,0.0,0.0,0.0,1.0,0.0,0.0,0.0,0.0,0.0
6,5,0.0,0.0,0.0,0.0,0.0,1.0,0.0,0.0,0.0,0.0,0.0
6,5,0.0,0.0,0.0,0.0,0.0,1.0,0.0,0.0,0.0,0.0,0.0
6,5,0.0,0.0,0.0,0.0,0.0,1.0,0.0,0.0,0.0,0.0,0.0
6,5,0.0,0.0,0.0,0.0,0.0,1.0,0.0,0.0,0.0,0.0,0.0
6,5,0.0,0.0,0.0,0.0,0.0,1.0,0.0,0.0,0.0,0.0,0.0
6,5,0.0,0.0,0.0,0.0,0.0,1.0,0.0,0.0,0.0,0.0,0.0
6,5,0.0,0.0,0.0,0.0,0.0,1.0,0.0,0.0,0.0,0.0,0.0
6,5,0.0,0.0,0.0,0.0,0.0,1.0,0.0,0.0,0.0,0.0,0.0
6,5,0.0,0.0,0.0,0.0,0.0,1.0,0.0,0.0,0.0,0.0,0.0
6,5,0.0,0.0,0.0,0.0,0.0,1.0,0.0,0.0,0.0,0.0,0.0
6,5,0.0,0.0,0.0,0.0,0.0,1.0,0.0,0.0,0.0,0.0,0.0
6,5,0.0,0.0,0.0,0.0,0.0,1.0,0.0,0.0,0.0,0.0,0.0
6,5,0.0,0.0,0.0,0.0,0.0,1.0,0.0,0.0,0.0,0.0,0.0
6,5,0.0,0.0,0.0,0.0,0.0,1.0,0.0,0.0,0.0,0.0,0.0
6,5,0.0,0.0,0.0,0.0,0.0,1.0,0.0,0.0,0.0,0.0,0.0
6,5,0.0,0.0,0.0,0.0,0.0,1.0,0.0,0.0,0.0,0.0,0.0
6,5,0.0,0.0,0.0,0.0,0.0,1.0,0.0,0.0,0.0,0.0,0.0
6,5,0.0,0.0,0.0,0.0,0.0,1.0,0.0,0.0,0.0,0.0,0.0
6,5,0.0,0.0,0.0,0.0,0.0,1.0,0.0,0.0,0.0,0.0,0.0
6,5,0.0,0.0,0.0,0.0,0.0,1.0,0.0,0.0,0.0,0.0,0.0
6,5,0.0,0.0,0.0,0.0,0.0,1.0,0.0,0.0,0.0,0.0,0.0
6,5,0.0,0.0,0.0,0.0,0.0,1.0,0.0,0.0,0.0,0.0,0.0
6,5,0.0,0.0,0.0,0.0,0.0,1.0,0.0,0.0,0.0,0.0,0.0
6,5,0.0,0.0,0.0,0.0,0.0,1.0,0.0,0.0,0.0,0.0,0.0
6,5,0.0,0.0,0.0,0.0,0.0,1.0,0.0,0.0,0.0,0.0,0.0
6,5,0.0,0.0,0.0,0.0,0.0,1.0,0.0,0.0,0.0,0.0,0.0
6,5,0.0,0.0,0.0,0.0,0.0,1.0,0.0,0.0,0.0,0.0,0.0
6,5,0.0,0.0,0.0,0.0,0.0,1.0,0.0,0.0,0.0,0.0,0.0
6,5,0.0,0.0,0.0,0.0,0.0,1.0,0.0,0.0,0.0,0.0,0.0
6,5,0.0,0.0,0.0,0.0,0.0,1.0,0.0,0.0,0.0,0.0,0.0
6,5,0.0,0.0,0.0,0.0,0.0,1.0,0.0,0.0,0.0,0.0,0.0
6,5,0.0,0.0,0.0,0.0,0.0,1.0,0.0,0.0,0.0,0.0,0.0
6,5,0.0,0.0,0.0,0.0,0.0,1.0,0.0,0.0,0.0,0.0,0.0
6,5,0.0,0.0,0.0,0.0,0.0,1.0,0.0,0.0,0.0,0.0,0.0
6,5,0.0,0.0,0.0,0.0,0.0,1.0,0.0,0.0,0.0,0.0,0.0
6,5,0.0,0.0,0.0,0.0,0.0,1.0,0.0,0.0,0.0,0.0,0.0
6,5,0.0,0.0,0.0,0.0,0.0,1.0,0.0,0.0,0.0,0.0,0.0
6,5,0.0,0.0,0.0,0.0,0.0,1.0,0.0,0.0,0.0,0.0,0.0
6,5,0.0,0.0,0.0,0.0,0.0,1.0,0.0,0.0,0.0,0.0,0.0
6,5,0.0,0.0,0.0,0.0,0.0,1.0,0.0,0.0,0.0,0.0,0.0
6,5,0.0,0.0,0.0,0.0,0.0,1.0,0.0,0.0,0.0,0.0,0.0
6,5,0.0,0.0,0.0,0.0,0.0,1.0,0.0,0.0,0.0,0.0,0.0
6,5,0.0,0.0,0.0,0.0,0.0,1.0,0.0,0.0,0.0,0.0,0.0
6,5,0.0,0.0,0.0,0.0,0.0,1.0,0.0,0.0,0.0,0.0,0.0
6,5,0.0,0.0,0.0,0.0,0.0,1.0,0.0,0.0,0.0,0.0,0.0
6,5,0.0,0.0,0.0,0.0,0.0,1.0,0.0,0.0,0.0,0.0,0.0
6,5,0.0,0.0,0.0,0.0,0.0,1.0,0.0,0.0,0.0,0.0,0.0
6,5,0.0,0.0,0.0,0.0,0.0,1.0,0.0,0.0,0.0,0.0,0.0
6,5,0.0,0.0,0.0,0.0,0.0,1.0,0.0,0.0,0.0,0.0,0.0
6,5,0.0,0.0,0.0,0.0,0.0,1.0,0.0,0.0,0.0,0.0,0.0
6,5,0.0,0.0,0.0,0.0,0.0,1.0,0.0,0.0,0.0,0.0,0.0
6,5,0.0,0.0,0.0,0.0,0.0,1.0,0.0,0.0,0.0,0.0,0.0
6,5,0.0,0.0,0.0,0.0,0.0,1.0,0.0,0.0,0.0,0.0,0.0
6,5,0.0,0.0,0.0,0.0,0.0,1.0,0.0,0.0,0.0,0.0,0.0
6,5,0.0,0.0,0.0,0.0,0.0,1.0,0.0,0.0,0.0,0.0,0.0
6,5,0.0,0.0,0.0,0.0,0.0,1.0,0.0,0.0,0.0,0.0,0.0
6,5,0.0,0.0,0.0,0.0,0.0,1.0,0.0,0.0,0.0,0.0,0.0
6,5,0.0,0.0,0.0,0.0,0.0,1.0,0.0,0.0,0.0,0.0,0.0
6,5,0.0,0.0,0.0,0.0,0.0,1.0,0.0,0.0,0.0,0.0,0.0
6,5,0.0,0.0,0.0,0.0,0.0,1.0,0.0,0.0,0.0,0.0,0.0
6,5,0.0,0.0,0.0,0.0,0.0,1.0,0.0,0.0,0.0,0.0,0.0
6,5,0.0,0.0,0.0,0.0,0.0,1.0,0.0,0.0,0.0,0.0,0.0
6,5,0.0,0.0,0.0,0.0,0.0,1.0,0.0,0.0,0.0,0.0,0.0
6,5,0.0,0.0,0.0,0.0,0.0,1.0,0.0,0.0,0.0,0.0,0.0
6,5,0.0,0.0,0.0,0.0,0.0,1.0,0.0,0.0,0.0,0.0,0.0
6,5,0.0,0.0,0.0,0.0,0.0,1.0,0.0,0.0,0.0,0.0,0.0
6,5,0.0,0.0,0.0,0.0,0.0,1.0,0.0,0.0,0.0,0.0,0.0
6,5,0.0,0.0,0.0,0.0,0.0,1.0,0.0,0.0,0.0,0.0,0.0
6,5,0.0,0.0,0.0,0.0,0.0,1.0,0.0,0.0,0.0,0.0,0.0
6,5,0.0,0.0,0.0,0.0,0.0,1.0,0.0,0.0,0.0,0.0,0.0
6,5,0.0,0.0,0.0,0.0,0.0,1.0,0.0,0.0,0.0,0.0,0.0
6,5,0.0,0.0,0.0,0.0,0.0,1.0,0.0,0.0,0.0,0.0,0.0
6,5,0.0,0.0,0.0,0.0,0.0,1.0,0.0,0.0,0.0,0.0,0.0
6,5,0.0,0.0,0.0,0.0,0.0,1.0,0.0,0.0,0.0,0.0,0.0
6,5,0.0,0.0,0.0,0.0,0.0,1.0,0.0,0.0,0.0,0.0,0.0
6,5,0.0,0.0,0.0,0.0,0.0,1.0,0.0,0.0,0.0,0.0,0.0
6,5,0.0,0.0,0.0,0.0,0.0,1.0,0.0,0.0,0.0,0.0,0.0
6,5,0.0,0.0,0.0,0.0,0.0,1.0,0.0,0.0,0.0,0.0,0.0
6,5,0.0,0.0,0.0,0.0,0.0,1.0,0.0,0.0,0.0,0.0,0.0
6,5,0.0,0.0,0.0,0.0,0.0,1.0,0.0,0.0,0.0,0.0,0.0
6,5,0.0,0.0,0.0,0.0,0.0,1.0,0.0,0.0,0.0,0.0,0.0
6,5,0.0,0.0,0.0,0.0,0.0,1.0,0.0,0.0,0.0,0.0,0.0
6,5,0.0,0.0,0.0,0.0,0.0,1.0,0.0,0.0,0.0,0.0,0.0
6,5,0.0,0.0,0.0,0.0,0.0,1.0,0.0,0.0,0.0,0.0,0.0
6,5,0.0,0.0,0.0,0.0,0.0,1.0,0.0,0.0,0.0,0.0,0.0
6,5,0.0,0.0,0.0,0.0,0.0,1.0,0.0,0.0,0.0,0.0,0.0
6,5,0.0,0.0,0.0,0.0,0.0,1.0,0.0,0.0,0.0,0.0,0.0
6,5,0.0,0.0,0.0,0.0,0.0,1.0,0.0,0.0,0.0,0.0,0.0
6,5,0.0,0.0,0.0,0.0,0.0,1.0,0.0,0.0,0.0,0.0,0.0
6,5,0.0,0.0,0.0,0.0,0.0,1.0,0.0,0.0,0.0,0.0,0.0
6,5,0.0,0.0,0.0,0.0,0.0,1.0,0.0,0.0,0.0,0.0,0.0
6,5,0.0,0.0,0.0,0.0,0.0,1.0,0.0,0.0,0.0,0.0,0.0
6,5,0.0,0.0,0.0,0.0,0.0,1.0,0.0,0.0,0.0,0.0,0.0
6,5,0.0,0.0,0.0,0.0,0.0,1.0,0.0,0.0,0.0,0.0,0.0
6,5,0.0,0.0,0.0,0.0,0.0,1.0,0.0,0.0,0.0,0.0,0.0
6,5,0.0,0.0,0.0,0.0,0.0,1.0,0.0,0.0,0.0,0.0,0.0
6,5,0.0,0.0,0.0,0.0,0.0,1.0,0.0,0.0,0.0,0.0,0.0
6,5,0.0,0.0,0.0,0.0,0.0,1.0,0.0,0.0,0.0,0.0,0.0
6,5,0.0,0.0,0.0,0.0,0.0,1.0,0.0,0.0,0.0,0.0,0.0
6,5,0.0,0.0,0.0,0.0,0.0,1.0,0.0,0.0,0.0,0.0,0.0
6,5,0.0,0.0,0.0,0.0,0.0,1.0,0.0,0.0,0.0,0.0,0.0
6,5,0.0,0.0,0.0,0.0,0.0,1.0,0.0,0.0,0.0,0.0,0.0
6,5,0.0,0.0,0.0,0.0,0.0,1.0,0.0,0.0,0.0,0.0,0.0
6,5,0.0,0.0,0.0,0.0,0.0,1.0,0.0,0.0,0.0,0.0,0.0
6,5,0.0,0.0,0.0,0.0,0.0,1.0,0.0,0.0,0.0,0.0,0.0
6,5,0.0,0.0,0.0,0.0,0.0,1.0,0.0,0.0,0.0,0.0,0.0
6,5,0.0,0.0,0.0,0.0,0.0,1.0,0.0,0.0,0.0,0.0,0.0
6,5,0.0,0.0,0.0,0.0,0.0,1.0,0.0,0.0,0.0,0.0,0.0
6,5,0.0,0.0,0.0,0.0,0.0,1.0,0.0,0.0,0.0,0.0,0.0
6,5,0.0,0.0,0.0,0.0,0.0,1.0,0.0,0.0,0.0,0.0,0.0
6,5,0.0,0.0,0.0,0.0,0.0,1.0,0.0,0.0,0.0,0.0,0.0
6,5,0.0,0.0,0.0,0.0,0.0,1.0,0.0,0.0,0.0,0.0,0.0
6,5,0.0,0.0,0.0,0.0,0.0,1.0,0.0,0.0,0.0,0.0,0.0
6,5,0.0,0.0,0.0,0.0,0.0,1.0,0.0,0.0,0.0,0.0,0.0
6,5,0.0,0.0,0.0,0.0,0.0,1.0,0.0,0.0,0.0,0.0,0.0
6,5,0.0,0.0,0.0,0.0,0.0,1.0,0.0,0.0,0.0,0.0,0.0
6,5,0.0,0.0,0.0,0.0,0.0,1.0,0.0,0.0,0.0,0.0,0.0
6,5,0.0,0.0,0.0,0.0,0.0,1.0,0.0,0.0,0.0,0.0,0.0
6,5,0.0,0.0,0.0,0.0,0.0,1.0,0.0,0.0,0.0,0.0,0.0
6,5,0.0,0.0,0.0,0.0,0.0,1.0,0.0,0.0,0.0,0.0,0.0
6,5,0.0,0.0,0.0,0.0,0.0,1.0,0.0,0.0,0.0,0.0,0.0
6,5,0.0,0.0,0.0,0.0,0.0,1.0,0.0,0.0,0.0,0.0,0.0
6,5,0.0,0.0,0.0,0.0,0.0,1.0,0.0,0.0,0.0,0.0,0.0
6,5,0.0,0.0,0.0,0.0,0.0,1.0,0.0,0.0,0.0,0.0,0.0
6,5,0.0,0.0,0.0,0.0,0.0,1.0,0.0,0.0,0.0,0.0,0.0
6,5,0.0,0.0,0.0,0.0,0.0,1.0,0.0,0.0,0.0,0.0,0.0
6,5,0.0,0.0,0.0,0.0,0.0,1.0,0.0,0.0,0.0,0.0,0.0
6,5,0.0,0.0,0.0,0.0,0.0,1.0,0.0,0.0,0.0,0.0,0.0
6,5,0.0,0.0,0.0,0.0,0.0,1.0,0.0,0.0,0.0,0.0,0.0
6,5,0.0,0.0,0.0,0.0,0.0,1.0,0.0,0.0,0.0,0.0,0.0
6,5,0.0,0.0,0.0,0.0,0.0,1.0,0.0,0.0,0.0,0.0,0.0
6,5,0.0,0.0,0.0,0.0,0.0,1.0,0.0,0.0,0.0,0.0,0.0
6,5,0.0,0.0,0.0,0.0,0.0,1.0,0.0,0.0,0.0,0.0,0.0
6,5,0.0,0.0,0.0,0.0,0.0,1.0,0.0,0.0,0.0,0.0,0.0
6,5,0.0,0.0,0.0,0.0,0.0,1.0,0.0,0.0,0.0,0.0,0.0
6,5,0.0,0.0,0.0,0.0,0.0,1.0,0.0,0.0,0.0,0.0,0.0
6,5,0.0,0.0,0.0,0.0,0.0,1.0,0.0,0.0,0.0,0.0,0.0
6,5,0.0,0.0,0.0,0.0,0.0,1.0,0.0,0.0,0.0,0.0,0.0
6,5,0.0,0.0,0.0,0.0,0.0,1.0,0.0,0.0,0.0,0.0,0.0
6,5,0.0,0.0,0.0,0.0,0.0,1.0,0.0,0.0,0.0,0.0,0.0
6,5,0.0,0.0,0.0,0.0,0.0,1.0,0.0,0.0,0.0,0.0,0.0
6,5,0.0,0.0,0.0,0.0,0.0,1.0,0.0,0.0,0.0,0.0,0.0
6,5,0.0,0.0,0.0,0.0,0.0,1.0,0.0,0.0,0.0,0.0,0.0
6,5,0.0,0.0,0.0,0.0,0.0,1.0,0.0,0.0,0.0,0.0,0.0
6,5,0.0,0.0,0.0,0.0,0.0,1.0,0.0,0.0,0.0,0.0,0.0
6,5,0.0,0.0,0.0,0.0,0.0,1.0,0.0,0.0,0.0,0.0,0.0
6,5,0.0,0.0,0.0,0.0,0.0,1.0,0.0,0.0,0.0,0.0,0.0
6,5,0.0,0.0,0.0,0.0,0.0,1.0,0.0,0.0,0.0,0.0,0.0
6,5,0.0,0.0,0.0,0.0,0.0,1.0,0.0,0.0,0.0,0.0,0.0
6,5,0.0,0.0,0.0,0.0,0.0,1.0,0.0,0.0,0.0,0.0,0.0
6,5,0.0,0.0,0.0,0.0,0.0,1.0,0.0,0.0,0.0,0.0,0.0
6,5,0.0,0.0,0.0,0.0,0.0,1.0,0.0,0.0,0.0,0.0,0.0
6,5,0.0,0.0,0.0,0.0,0.0,1.0,0.0,0.0,0.0,0.0,0.0
6,5,0.0,0.0,0.0,0.0,0.0,1.0,0.0,0.0,0.0,0.0,0.0
6,5,0.0,0.0,0.0,0.0,0.0,1.0,0.0,0.0,0.0,0.0,0.0
6,5,0.0,0.0,0.0,0.0,0.0,1.0,0.0,0.0,0.0,0.0,0.0
6,5,0.0,0.0,0.0,0.0,0.0,1.0,0.0,0.0,0.0,0.0,0.0
6,5,0.0,0.0,0.0,0.0,0.0,1.0,0.0,0.0,0.0,0.0,0.0
6,5,0.0,0.0,0.0,0.0,0.0,1.0,0.0,0.0,0.0,0.0,0.0
6,5,0.0,0.0,0.0,0.0,0.0,1.0,0.0,0.0,0.0,0.0,0.0
6,5,0.0,0.0,0.0,0.0,0.0,1.0,0.0,0.0,0.0,0.0,0.0
6,5,0.0,0.0,0.0,0.0,0.0,1.0,0.0,0.0,0.0,0.0,0.0
6,5,0.0,0.0,0.0,0.0,0.0,1.0,0.0,0.0,0.0,0.0,0.0
6,5,0.0,0.0,0.0,0.0,0.0,1.0,0.0,0.0,0.0,0.0,0.0
6,5,0.0,0.0,0.0,0.0,0.0,1.0,0.0,0.0,0.0,0.0,0.0
6,5,0.0,0.0,0.0,0.0,0.0,1.0,0.0,0.0,0.0,0.0,0.0
6,5,0.0,0.0,0.0,0.0,0.0,1.0,0.0,0.0,0.0,0.0,0.0
6,5,0.0,0.0,0.0,0.0,0.0,1.0,0.0,0.0,0.0,0.0,0.0
6,5,0.0,0.0,0.0,0.0,0.0,1.0,0.0,0.0,0.0,0.0,0.0
6,5,0.0,0.0,0.0,0.0,0.0,1.0,0.0,0.0,0.0,0.0,0.0
6,5,0.0,0.0,0.0,0.0,0.0,1.0,0.0,0.0,0.0,0.0,0.0
6,5,0.0,0.0,0.0,0.0,0.0,1.0,0.0,0.0,0.0,0.0,0.0
6,5,0.0,0.0,0.0,0.0,0.0,1.0,0.0,0.0,0.0,0.0,0.0
6,5,0.0,0.0,0.0,0.0,0.0,1.0,0.0,0.0,0.0,0.0,0.0
6,5,0.0,0.0,0.0,0.0,0.0,1.0,0.0,0.0,0.0,0.0,0.0
6,5,0.0,0.0,0.0,0.0,0.0,1.0,0.0,0.0,0.0,0.0,0.0
6,5,0.0,0.0,0.0,0.0,0.0,1.0,0.0,0.0,0.0,0.0,0.0
6,5,0.0,0.0,0.0,0.0,0.0,1.0,0.0,0.0,0.0,0.0,0.0
6,5,0.0,0.0,0.0,0.0,0.0,1.0,0.0,0.0,0.0,0.0,0.0
6,5,0.0,0.0,0.0,0.0,0.0,1.0,0.0,0.0,0.0,0.0,0.0
6,5,0.0,0.0,0.0,0.0,0.0,1.0,0.0,0.0,0.0,0.0,0.0
6,5,0.0,0.0,0.0,0.0,0.0,1.0,0.0,0.0,0.0,0.0,0.0
6,5,0.0,0.0,0.0,0.0,0.0,1.0,0.0,0.0,0.0,0.0,0.0
6,5,0.0,0.0,0.0,0.0,0.0,1.0,0.0,0.0,0.0,0.0,0.0
6,5,0.0,0.0,0.0,0.0,0.0,1.0,0.0,0.0,0.0,0.0,0.0
6,5,0.0,0.0,0.0,0.0,0.0,1.0,0.0,0.0,0.0,0.0,0.0
6,5,0.0,0.0,0.0,0.0,0.0,1.0,0.0,0.0,0.0,0.0,0.0
6,5,0.0,0.0,0.0,0.0,0.0,1.0,0.0,0.0,0.0,0.0,0.0
6,5,0.0,0.0,0.0,0.0,0.0,1.0,0.0,0.0,0.0,0.0,0.0
6,5,0.0,0.0,0.0,0.0,0.0,1.0,0.0,0.0,0.0,0.0,0.0
6,5,0.0,0.0,0.0,0.0,0.0,1.0,0.0,0.0,0.0,0.0,0.0
6,5,0.0,0.0,0.0,0.0,0.0,1.0,0.0,0.0,0.0,0.0,0.0
6,5,0.0,0.0,0.0,0.0,0.0,1.0,0.0,0.0,0.0,0.0,0.0
6,5,0.0,0.0,0.0,0.0,0.0,1.0,0.0,0.0,0.0,0.0,0.0
6,5,0.0,0.0,0.0,0.0,0.0,1.0,0.0,0.0,0.0,0.0,0.0
6,5,0.0,0.0,0.0,0.0,0.0,1.0,0.0,0.0,0.0,0.0,0.0
6,5,0.0,0.0,0.0,0.0,0.0,1.0,0.0,0.0,0.0,0.0,0.0
6,5,0.0,0.0,0.0,0.0,0.0,1.0,0.0,0.0,0.0,0.0,0.0
6,5,0.0,0.0,0.0,0.0,0.0,1.0,0.0,0.0,0.0,0.0,0.0
6,5,0.0,0.0,0.0,0.0,0.0,1.0,0.0,0.0,0.0,0.0,0.0
6,5,0.0,0.0,0.0,0.0,0.0,1.0,0.0,0.0,0.0,0.0,0.0
6,5,0.0,0.0,0.0,0.0,0.0,1.0,0.0,0.0,0.0,0.0,0.0
6,5,0.0,0.0,0.0,0.0,0.0,1.0,0.0,0.0,0.0,0.0,0.0
6,5,0.0,0.0,0.0,0.0,0.0,1.0,0.0,0.0,0.0,0.0,0.0
6,5,0.0,0.0,0.0,0.0,0.0,1.0,0.0,0.0,0.0,0.0,0.0
6,5,0.0,0.0,0.0,0.0,0.0,1.0,0.0,0.0,0.0,0.0,0.0
6,5,0.0,0.0,0.0,0.0,0.0,1.0,0.0,0.0,0.0,0.0,0.0
6,5,0.0,0.0,0.0,0.0,0.0,1.0,0.0,0.0,0.0,0.0,0.0
6,5,0.0,0.0,0.0,0.0,0.0,1.0,0.0,0.0,0.0,0.0,0.0
6,5,0.0,0.0,0.0,0.0,0.0,1.0,0.0,0.0,0.0,0.0,0.0
6,5,0.0,0.0,0.0,0.0,0.0,1.0,0.0,0.0,0.0,0.0,0.0
6,5,0.0,0.0,0.0,0.0,0.0,1.0,0.0,0.0,0.0,0.0,0.0
6,5,0.0,0.0,0.0,0.0,0.0,1.0,0.0,0.0,0.0,0.0,0.0
6,5,0.0,0.0,0.0,0.0,0.0,1.0,0.0,0.0,0.0,0.0,0.0
6,5,0.0,0.0,0.0,0.0,0.0,1.0,0.0,0.0,0.0,0.0,0.0
6,5,0.0,0.0,0.0,0.0,0.0,1.0,0.0,0.0,0.0,0.0,0.0
6,5,0.0,0.0,0.0,0.0,0.0,1.0,0.0,0.0,0.0,0.0,0.0
6,5,0.0,0.0,0.0,0.0,0.0,1.0,0.0,0.0,0.0,0.0,0.0
6,5,0.0,0.0,0.0,0.0,0.0,1.0,0.0,0.0,0.0,0.0,0.0
6,5,0.0,0.0,0.0,0.0,0.0,1.0,0.0,0.0,0.0,0.0,0.0
6,5,0.0,0.0,0.0,0.0,0.0,1.0,0.0,0.0,0.0,0.0,0.0
6,5,0.0,0.0,0.0,0.0,0.0,1.0,0.0,0.0,0.0,0.0,0.0
6,5,0.0,0.0,0.0,0.0,0.0,1.0,0.0,0.0,0.0,0.0,0.0
6,5,0.0,0.0,0.0,0.0,0.0,1.0,0.0,0.0,0.0,0.0,0.0
6,5,0.0,0.0,0.0,0.0,0.0,1.0,0.0,0.0,0.0,0.0,0.0
6,5,0.0,0.0,0.0,0.0,0.0,1.0,0.0,0.0,0.0,0.0,0.0
6,5,0.0,0.0,0.0,0.0,0.0,1.0,0.0,0.0,0.0,0.0,0.0
6,5,0.0,0.0,0.0,0.0,0.0,1.0,0.0,0.0,0.0,0.0,0.0
6,5,0.0,0.0,0.0,0.0,0.0,1.0,0.0,0.0,0.0,0.0,0.0
6,5,0.0,0.0,0.0,0.0,0.0,1.0,0.0,0.0,0.0,0.0,0.0
6,5,0.0,0.0,0.0,0.0,0.0,1.0,0.0,0.0,0.0,0.0,0.0
6,5,0.0,0.0,0.0,0.0,0.0,1.0,0.0,0.0,0.0,0.0,0.0
6,5,0.0,0.0,0.0,0.0,0.0,1.0,0.0,0.0,0.0,0.0,0.0
6,5,0.0,0.0,0.0,0.0,0.0,1.0,0.0,0.0,0.0,0.0,0.0
6,5,0.0,0.0,0.0,0.0,0.0,1.0,0.0,0.0,0.0,0.0,0.0
6,5,0.0,0.0,0.0,0.0,0.0,1.0,0.0,0.0,0.0,0.0,0.0
6,5,0.0,0.0,0.0,0.0,0.0,1.0,0.0,0.0,0.0,0.0,0.0
6,5,0.0,0.0,0.0,0.0,0.0,1.0,0.0,0.0,0.0,0.0,0.0
6,5,0.0,0.0,0.0,0.0,0.0,1.0,0.0,0.0,0.0,0.0,0.0
6,5,0.0,0.0,0.0,0.0,0.0,1.0,0.0,0.0,0.0,0.0,0.0
6,5,0.0,0.0,0.0,0.0,0.0,1.0,0.0,0.0,0.0,0.0,0.0
6,5,0.0,0.0,0.0,0.0,0.0,1.0,0.0,0.0,0.0,0.0,0.0
6,5,0.0,0.0,0.0,0.0,0.0,1.0,0.0,0.0,0.0,0.0,0.0
6,5,0.0,0.0,0.0,0.0,0.0,1.0,0.0,0.0,0.0,0.0,0.0
6,5,0.0,0.0,0.0,0.0,0.0,1.0,0.0,0.0,0.0,0.0,0.0
6,5,0.0,0.0,0.0,0.0,0.0,1.0,0.0,0.0,0.0,0.0,0.0
6,5,0.0,0.0,0.0,0.0,0.0,1.0,0.0,0.0,0.0,0.0,0.0
6,5,0.0,0.0,0.0,0.0,0.0,1.0,0.0,0.0,0.0,0.0,0.0
6,5,0.0,0.0,0.0,0.0,0.0,1.0,0.0,0.0,0.0,0.0,0.0
6,5,0.0,0.0,0.0,0.0,0.0,1.0,0.0,0.0,0.0,0.0,0.0
6,5,0.0,0.0,0.0,0.0,0.0,1.0,0.0,0.0,0.0,0.0,0.0
6,5,0.0,0.0,0.0,0.0,0.0,1.0,0.0,0.0,0.0,0.0,0.0
6,5,0.0,0.0,0.0,0.0,0.0,1.0,0.0,0.0,0.0,0.0,0.0
6,5,0.0,0.0,0.0,0.0,0.0,1.0,0.0,0.0,0.0,0.0,0.0
6,5,0.0,0.0,0.0,0.0,0.0,1.0,0.0,0.0,0.0,0.0,0.0
6,5,0.0,0.0,0.0,0.0,0.0,1.0,0.0,0.0,0.0,0.0,0.0
6,5,0.0,0.0,0.0,0.0,0.0,1.0,0.0,0.0,0.0,0.0,0.0
6,5,0.0,0.0,0.0,0.0,0.0,1.0,0.0,0.0,0.0,0.0,0.0
6,5,0.0,0.0,0.0,0.0,0.0,1.0,0.0,0.0,0.0,0.0,0.0
6,5,0.0,0.0,0.0,0.0,0.0,1.0,0.0,0.0,0.0,0.0,0.0
6,5,0.0,0.0,0.0,0.0,0.0,1.0,0.0,0.0,0.0,0.0,0.0
6,5,0.0,0.0,0.0,0.0,0.0,1.0,0.0,0.0,0.0,0.0,0.0
6,5,0.0,0.0,0.0,0.0,0.0,1.0,0.0,0.0,0.0,0.0,0.0
6,5,0.0,0.0,0.0,0.0,0.0,1.0,0.0,0.0,0.0,0.0,0.0
6,5,0.0,0.0,0.0,0.0,0.0,1.0,0.0,0.0,0.0,0.0,0.0
6,5,0.0,0.0,0.0,0.0,0.0,1.0,0.0,0.0,0.0,0.0,0.0
6,5,0.0,0.0,0.0,0.0,0.0,1.0,0.0,0.0,0.0,0.0,0.0
6,5,0.0,0.0,0.0,0.0,0.0,1.0,0.0,0.0,0.0,0.0,0.0
6,5,0.0,0.0,0.0,0.0,0.0,1.0,0.0,0.0,0.0,0.0,0.0
6,5,0.0,0.0,0.0,0.0,0.0,1.0,0.0,0.0,0.0,0.0,0.0
6,5,0.0,0.0,0.0,0.0,0.0,1.0,0.0,0.0,0.0,0.0,0.0
6,5,0.0,0.0,0.0,0.0,0.0,1.0,0.0,0.0,0.0,0.0,0.0
6,5,0.0,0.0,0.0,0.0,0.0,1.0,0.0,0.0,0.0,0.0,0.0
6,5,0.0,0.0,0.0,0.0,0.0,1.0,0.0,0.0,0.0,0.0,0.0
6,5,0.0,0.0,0.0,0.0,0.0,1.0,0.0,0.0,0.0,0.0,0.0
6,5,0.0,0.0,0.0,0.0,0.0,1.0,0.0,0.0,0.0,0.0,0.0
6,5,0.0,0.0,0.0,0.0,0.0,1.0,0.0,0.0,0.0,0.0,0.0
6,5,0.0,0.0,0.0,0.0,0.0,1.0,0.0,0.0,0.0,0.0,0.0
6,5,0.0,0.0,0.0,0.0,0.0,1.0,0.0,0.0,0.0,0.0,0.0
6,5,0.0,0.0,0.0,0.0,0.0,1.0,0.0,0.0,0.0,0.0,0.0
6,5,0.0,0.0,0.0,0.0,0.0,1.0,0.0,0.0,0.0,0.0,0.0
6,5,0.0,0.0,0.0,0.0,0.0,1.0,0.0,0.0,0.0,0.0,0.0
6,5,0.0,0.0,0.0,0.0,0.0,1.0,0.0,0.0,0.0,0.0,0.0
6,5,0.0,0.0,0.0,0.0,0.0,1.0,0.0,0.0,0.0,0.0,0.0
6,5,0.0,0.0,0.0,0.0,0.0,1.0,0.0,0.0,0.0,0.0,0.0
6,5,0.0,0.0,0.0,0.0,0.0,1.0,0.0,0.0,0.0,0.0,0.0
6,5,0.0,0.0,0.0,0.0,0.0,1.0,0.0,0.0,0.0,0.0,0.0
6,5,0.0,0.0,0.0,0.0,0.0,1.0,0.0,0.0,0.0,0.0,0.0
6,5,0.0,0.0,0.0,0.0,0.0,1.0,0.0,0.0,0.0,0.0,0.0
6,5,0.0,0.0,0.0,0.0,0.0,1.0,0.0,0.0,0.0,0.0,0.0
6,5,0.0,0.0,0.0,0.0,0.0,1.0,0.0,0.0,0.0,0.0,0.0
6,5,0.0,0.0,0.0,0.0,0.0,1.0,0.0,0.0,0.0,0.0,0.0
6,5,0.0,0.0,0.0,0.0,0.0,1.0,0.0,0.0,0.0,0.0,0.0
6,5,0.0,0.0,0.0,0.0,0.0,1.0,0.0,0.0,0.0,0.0,0.0
6,5,0.0,0.0,0.0,0.0,0.0,1.0,0.0,0.0,0.0,0.0,0.0
6,5,0.0,0.0,0.0,0.0,0.0,1.0,0.0,0.0,0.0,0.0,0.0
6,5,0.0,0.0,0.0,0.0,0.0,1.0,0.0,0.0,0.0,0.0,0.0
6,5,0.0,0.0,0.0,0.0,0.0,1.0,0.0,0.0,0.0,0.0,0.0
6,5,0.0,0.0,0.0,0.0,0.0,1.0,0.0,0.0,0.0,0.0,0.0
6,5,0.0,0.0,0.0,0.0,0.0,1.0,0.0,0.0,0.0,0.0,0.0
6,5,0.0,0.0,0.0,0.0,0.0,1.0,0.0,0.0,0.0,0.0,0.0
6,5,0.0,0.0,0.0,0.0,0.0,1.0,0.0,0.0,0.0,0.0,0.0
6,5,0.0,0.0,0.0,0.0,0.0,1.0,0.0,0.0,0.0,0.0,0.0
6,5,0.0,0.0,0.0,0.0,0.0,1.0,0.0,0.0,0.0,0.0,0.0
6,5,0.0,0.0,0.0,0.0,0.0,1.0,0.0,0.0,0.0,0.0,0.0
6,5,0.0,0.0,0.0,0.0,0.0,1.0,0.0,0.0,0.0,0.0,0.0
6,5,0.0,0.0,0.0,0.0,0.0,1.0,0.0,0.0,0.0,0.0,0.0
6,5,0.0,0.0,0.0,0.0,0.0,1.0,0.0,0.0,0.0,0.0,0.0
6,5,0.0,0.0,0.0,0.0,0.0,1.0,0.0,0.0,0.0,0.0,0.0
6,5,0.0,0.0,0.0,0.0,0.0,1.0,0.0,0.0,0.0,0.0,0.0
6,5,0.0,0.0,0.0,0.0,0.0,1.0,0.0,0.0,0.0,0.0,0.0
6,5,0.0,0.0,0.0,0.0,0.0,1.0,0.0,0.0,0.0,0.0,0.0
6,5,0.0,0.0,0.0,0.0,0.0,1.0,0.0,0.0,0.0,0.0,0.0
6,5,0.0,0.0,0.0,0.0,0.0,1.0,0.0,0.0,0.0,0.0,0.0
6,5,0.0,0.0,0.0,0.0,0.0,1.0,0.0,0.0,0.0,0.0,0.0
6,5,0.0,0.0,0.0,0.0,0.0,1.0,0.0,0.0,0.0,0.0,0.0
6,5,0.0,0.0,0.0,0.0,0.0,1.0,0.0,0.0,0.0,0.0,0.0
6,5,0.0,0.0,0.0,0.0,0.0,1.0,0.0,0.0,0.0,0.0,0.0
6,5,0.0,0.0,0.0,0.0,0.0,1.0,0.0,0.0,0.0,0.0,0.0
6,5,0.0,0.0,0.0,0.0,0.0,1.0,0.0,0.0,0.0,0.0,0.0
6,5,0.0,0.0,0.0,0.0,0.0,1.0,0.0,0.0,0.0,0.0,0.0
6,5,0.0,0.0,0.0,0.0,0.0,1.0,0.0,0.0,0.0,0.0,0.0
6,5,0.0,0.0,0.0,0.0,0.0,1.0,0.0,0.0,0.0,0.0,0.0
6,5,0.0,0.0,0.0,0.0,0.0,1.0,0.0,0.0,0.0,0.0,0.0
6,5,0.0,0.0,0.0,0.0,0.0,1.0,0.0,0.0,0.0,0.0,0.0
6,5,0.0,0.0,0.0,0.0,0.0,1.0,0.0,0.0,0.0,0.0,0.0
6,5,0.0,0.0,0.0,0.0,0.0,1.0,0.0,0.0,0.0,0.0,0.0
6,5,0.0,0.0,0.0,0.0,0.0,1.0,0.0,0.0,0.0,0.0,0.0
6,5,0.0,0.0,0.0,0.0,0.0,1.0,0.0,0.0,0.0,0.0,0.0
6,5,0.0,0.0,0.0,0.0,0.0,1.0,0.0,0.0,0.0,0.0,0.0
6,5,0.0,0.0,0.0,0.0,0.0,1.0,0.0,0.0,0.0,0.0,0.0
6,5,0.0,0.0,0.0,0.0,0.0,1.0,0.0,0.0,0.0,0.0,0.0
6,5,0.0,0.0,0.0,0.0,0.0,1.0,0.0,0.0,0.0,0.0,0.0
6,5,0.0,0.0,0.0,0.0,0.0,1.0,0.0,0.0,0.0,0.0,0.0
6,5,0.0,0.0,0.0,0.0,0.0,1.0,0.0,0.0,0.0,0.0,0.0
6,5,0.0,0.0,0.0,0.0,0.0,1.0,0.0,0.0,0.0,0.0,0.0
6,5,0.0,0.0,0.0,0.0,0.0,1.0,0.0,0.0,0.0,0.0,0.0
6,5,0.0,0.0,0.0,0.0,0.0,1.0,0.0,0.0,0.0,0.0,0.0
6,5,0.0,0.0,0.0,0.0,0.0,1.0,0.0,0.0,0.0,0.0,0.0
6,5,0.0,0.0,0.0,0.0,0.0,1.0,0.0,0.0,0.0,0.0,0.0
6,5,0.0,0.0,0.0,0.0,0.0,1.0,0.0,0.0,0.0,0.0,0.0
6,5,0.0,0.0,0.0,0.0,0.0,1.0,0.0,0.0,0.0,0.0,0.0
6,5,0.0,0.0,0.0,0.0,0.0,1.0,0.0,0.0,0.0,0.0,0.0
6,5,0.0,0.0,0.0,0.0,0.0,1.0,0.0,0.0,0.0,0.0,0.0
6,5,0.0,0.0,0.0,0.0,0.0,1.0,0.0,0.0,0.0,0.0,0.0
6,5,0.0,0.0,0.0,0.0,0.0,1.0,0.0,0.0,0.0,0.0,0.0
6,5,0.0,0.0,0.0,0.0,0.0,1.0,0.0,0.0,0.0,0.0,0.0
6,5,0.0,0.0,0.0,0.0,0.0,1.0,0.0,0.0,0.0,0.0,0.0
6,5,0.0,0.0,0.0,0.0,0.0,1.0,0.0,0.0,0.0,0.0,0.0
6,5,0.0,0.0,0.0,0.0,0.0,1.0,0.0,0.0,0.0,0.0,0.0
6,5,0.0,0.0,0.0,0.0,0.0,1.0,0.0,0.0,0.0,0.0,0.0
6,5,0.0,0.0,0.0,0.0,0.0,1.0,0.0,0.0,0.0,0.0,0.0
6,5,0.0,0.0,0.0,0.0,0.0,1.0,0.0,0.0,0.0,0.0,0.0
6,5,0.0,0.0,0.0,0.0,0.0,1.0,0.0,0.0,0.0,0.0,0.0
6,5,0.0,0.0,0.0,0.0,0.0,1.0,0.0,0.0,0.0,0.0,0.0
6,5,0.0,0.0,0.0,0.0,0.0,1.0,0.0,0.0,0.0,0.0,0.0
6,5,0.0,0.0,0.0,0.0,0.0,1.0,0.0,0.0,0.0,0.0,0.0
6,5,0.0,0.0,0.0,0.0,0.0,1.0,0.0,0.0,0.0,0.0,0.0
6,5,0.0,0.0,0.0,0.0,0.0,1.0,0.0,0.0,0.0,0.0,0.0
6,5,0.0,0.0,0.0,0.0,0.0,1.0,0.0,0.0,0.0,0.0,0.0
6,5,0.0,0.0,0.0,0.0,0.0,1.0,0.0,0.0,0.0,0.0,0.0
6,5,0.0,0.0,0.0,0.0,0.0,1.0,0.0,0.0,0.0,0.0,0.0
6,5,0.0,0.0,0.0,0.0,0.0,1.0,0.0,0.0,0.0,0.0,0.0
6,5,0.0,0.0,0.0,0.0,0.0,1.0,0.0,0.0,0.0,0.0,0.0
6,5,0.0,0.0,0.0,0.0,0.0,1.0,0.0,0.0,0.0,0.0,0.0
6,5,0.0,0.0,0.0,0.0,0.0,1.0,0.0,0.0,0.0,0.0,0.0
6,5,0.0,0.0,0.0,0.0,0.0,1.0,0.0,0.0,0.0,0.0,0.0
6,5,0.0,0.0,0.0,0.0,0.0,1.0,0.0,0.0,0.0,0.0,0.0
6,5,0.0,0.0,0.0,0.0,0.0,1.0,0.0,0.0,0.0,0.0,0.0
6,5,0.0,0.0,0.0,0.0,0.0,1.0,0.0,0.0,0.0,0.0,0.0
6,5,0.0,0.0,0.0,0.0,0.0,1.0,0.0,0.0,0.0,0.0,0.0
6,5,0.0,0.0,0.0,0.0,0.0,1.0,0.0,0.0,0.0,0.0,0.0
6,5,0.0,0.0,0.0,0.0,0.0,1.0,0.0,0.0,0.0,0.0,0.0
6,5,0.0,0.0,0.0,0.0,0.0,1.0,0.0,0.0,0.0,0.0,0.0
6,5,0.0,0.0,0.0,0.0,0.0,1.0,0.0,0.0,0.0,0.0,0.0
6,5,0.0,0.0,0.0,0.0,0.0,1.0,0.0,0.0,0.0,0.0,0.0
6,5,0.0,0.0,0.0,0.0,0.0,1.0,0.0,0.0,0.0,0.0,0.0
6,5,0.0,0.0,0.0,0.0,0.0,1.0,0.0,0.0,0.0,0.0,0.0
6,5,0.0,0.0,0.0,0.0,0.0,1.0,0.0,0.0,0.0,0.0,0.0
6,5,0.0,0.0,0.0,0.0,0.0,1.0,0.0,0.0,0.0,0.0,0.0
6,5,0.0,0.0,0.0,0.0,0.0,1.0,0.0,0.0,0.0,0.0,0.0
6,5,0.0,0.0,0.0,0.0,0.0,1.0,0.0,0.0,0.0,0.0,0.0
6,5,0.0,0.0,0.0,0.0,0.0,1.0,0.0,0.0,0.0,0.0,0.0
6,5,0.0,0.0,0.0,0.0,0.0,1.0,0.0,0.0,0.0,0.0,0.0
6,5,0.0,0.0,0.0,0.0,0.0,1.0,0.0,0.0,0.0,0.0,0.0
6,5,0.0,0.0,0.0,0.0,0.0,1.0,0.0,0.0,0.0,0.0,0.0
6,5,0.0,0.0,0.0,0.0,0.0,1.0,0.0,0.0,0.0,0.0,0.0
6,5,0.0,0.0,0.0,0.0,0.0,1.0,0.0,0.0,0.0,0.0,0.0
6,5,0.0,0.0,0.0,0.0,0.0,1.0,0.0,0.0,0.0,0.0,0.0
6,5,0.0,0.0,0.0,0.0,0.0,1.0,0.0,0.0,0.0,0.0,0.0
6,5,0.0,0.0,0.0,0.0,0.0,1.0,0.0,0.0,0.0,0.0,0.0
6,5,0.0,0.0,0.0,0.0,0.0,1.0,0.0,0.0,0.0,0.0,0.0
6,5,0.0,0.0,0.0,0.0,0.0,1.0,0.0,0.0,0.0,0.0,0.0
6,5,0.0,0.0,0.0,0.0,0.0,1.0,0.0,0.0,0.0,0.0,0.0
6,5,0.0,0.0,0.0,0.0,0.0,1.0,0.0,0.0,0.0,0.0,0.0
6,5,0.0,0.0,0.0,0.0,0.0,1.0,0.0,0.0,0.0,0.0,0.0
6,5,0.0,0.0,0.0,0.0,0.0,1.0,0.0,0.0,0.0,0.0,0.0
6,5,0.0,0.0,0.0,0.0,0.0,1.0,0.0,0.0,0.0,0.0,0.0
6,5,0.0,0.0,0.0,0.0,0.0,1.0,0.0,0.0,0.0,0.0,0.0
6,5,0.0,0.0,0.0,0.0,0.0,1.0,0.0,0.0,0.0,0.0,0.0
6,5,0.0,0.0,0.0,0.0,0.0,1.0,0.0,0.0,0.0,0.0,0.0
6,5,0.0,0.0,0.0,0.0,0.0,1.0,0.0,0.0,0.0,0.0,0.0
6,5,0.0,0.0,0.0,0.0,0.0,1.0,0.0,0.0,0.0,0.0,0.0
6,5,0.0,0.0,0.0,0.0,0.0,1.0,0.0,0.0,0.0,0.0,0.0
6,5,0.0,0.0,0.0,0.0,0.0,1.0,0.0,0.0,0.0,0.0,0.0
6,5,0.0,0.0,0.0,0.0,0.0,1.0,0.0,0.0,0.0,0.0,0.0
6,5,0.0,0.0,0.0,0.0,0.0,1.0,0.0,0.0,0.0,0.0,0.0
6,5,0.0,0.0,0.0,0.0,0.0,1.0,0.0,0.0,0.0,0.0,0.0
6,5,0.0,0.0,0.0,0.0,0.0,1.0,0.0,0.0,0.0,0.0,0.0
6,5,0.0,0.0,0.0,0.0,0.0,1.0,0.0,0.0,0.0,0.0,0.0
6,5,0.0,0.0,0.0,0.0,0.0,1.0,0.0,0.0,0.0,0.0,0.0
6,5,0.0,0.0,0.0,0.0,0.0,1.0,0.0,0.0,0.0,0.0,0.0
6,5,0.0,0.0,0.0,0.0,0.0,1.0,0.0,0.0,0.0,0.0,0.0
6,5,0.0,0.0,0.0,0.0,0.0,1.0,0.0,0.0,0.0,0.0,0.0
6,5,0.0,0.0,0.0,0.0,0.0,1.0,0.0,0.0,0.0,0.0,0.0
6,5,0.0,0.0,0.0,0.0,0.0,1.0,0.0,0.0,0.0,0.0,0.0
6,5,0.0,0.0,0.0,0.0,0.0,1.0,0.0,0.0,0.0,0.0,0.0
6,5,0.0,0.0,0.0,0.0,0.0,1.0,0.0,0.0,0.0,0.0,0.0
6,5,0.0,0.0,0.0,0.0,0.0,1.0,0.0,0.0,0.0,0.0,0.0
6,5,0.0,0.0,0.0,0.0,0.0,1.0,0.0,0.0,0.0,0.0,0.0
6,5,0.0,0.0,0.0,0.0,0.0,1.0,0.0,0.0,0.0,0.0,0.0
6,5,0.0,0.0,0.0,0.0,0.0,1.0,0.0,0.0,0.0,0.0,0.0
6,5,0.0,0.0,0.0,0.0,0.0,1.0,0.0,0.0,0.0,0.0,0.0
6,5,0.0,0.0,0.0,0.0,0.0,1.0,0.0,0.0,0.0,0.0,0.0
6,5,0.0,0.0,0.0,0.0,0.0,1.0,0.0,0.0,0.0,0.0,0.0
6,5,0.0,0.0,0.0,0.0,0.0,1.0,0.0,0.0,0.0,0.0,0.0
6,5,0.0,0.0,0.0,0.0,0.0,1.0,0.0,0.0,0.0,0.0,0.0
6,5,0.0,0.0,0.0,0.0,0.0,1.0,0.0,0.0,0.0,0.0,0.0
6,5,0.0,0.0,0.0,0.0,0.0,1.0,0.0,0.0,0.0,0.0,0.0
6,5,0.0,0.0,0.0,0.0,0.0,1.0,0.0,0.0,0.0,0.0,0.0
6,5,0.0,0.0,0.0,0.0,0.0,1.0,0.0,0.0,0.0,0.0,0.0
6,5,0.0,0.0,0.0,0.0,0.0,1.0,0.0,0.0,0.0,0.0,0.0
6,5,0.0,0.0,0.0,0.0,0.0,1.0,0.0,0.0,0.0,0.0,0.0
6,5,0.0,0.0,0.0,0.0,0.0,1.0,0.0,0.0,0.0,0.0,0.0
6,5,0.0,0.0,0.0,0.0,0.0,1.0,0.0,0.0,0.0,0.0,0.0
6,5,0.0,0.0,0.0,0.0,0.0,1.0,0.0,0.0,0.0,0.0,0.0
6,5,0.0,0.0,0.0,0.0,0.0,1.0,0.0,0.0,0.0,0.0,0.0
6,5,0.0,0.0,0.0,0.0,0.0,1.0,0.0,0.0,0.0,0.0,0.0
6,5,0.0,0.0,0.0,0.0,0.0,1.0,0.0,0.0,0.0,0.0,0.0
6,5,0.0,0.0,0.0,0.0,0.0,1.0,0.0,0.0,0.0,0.0,0.0
6,5,0.0,0.0,0.0,0.0,0.0,1.0,0.0,0.0,0.0,0.0,0.0
6,5,0.0,0.0,0.0,0.0,0.0,1.0,0.0,0.0,0.0,0.0,0.0
6,5,0.0,0.0,0.0,0.0,0.0,1.0,0.0,0.0,0.0,0.0,0.0
6,5,0.0,0.0,0.0,0.0,0.0,1.0,0.0,0.0,0.0,0.0,0.0
6,5,0.0,0.0,0.0,0.0,0.0,1.0,0.0,0.0,0.0,0.0,0.0
6,5,0.0,0.0,0.0,0.0,0.0,1.0,0.0,0.0,0.0,0.0,0.0
6,5,0.0,0.0,0.0,0.0,0.0,1.0,0.0,0.0,0.0,0.0,0.0
6,5,0.0,0.0,0.0,0.0,0.0,1.0,0.0,0.0,0.0,0.0,0.0
6,5,0.0,0.0,0.0,0.0,0.0,1.0,0.0,0.0,0.0,0.0,0.0
6,5,0.0,0.0,0.0,0.0,0.0,1.0,0.0,0.0,0.0,0.0,0.0
6,5,0.0,0.0,0.0,0.0,0.0,1.0,0.0,0.0,0.0,0.0,0.0
6,5,0.0,0.0,0.0,0.0,0.0,1.0,0.0,0.0,0.0,0.0,0.0
6,5,0.0,0.0,0.0,0.0,0.0,1.0,0.0,0.0,0.0,0.0,0.0
6,5,0.0,0.0,0.0,0.0,0.0,1.0,0.0,0.0,0.0,0.0,0.0
6,5,0.0,0.0,0.0,0.0,0.0,1.0,0.0,0.0,0.0,0.0,0.0
6,5,0.0,0.0,0.0,0.0,0.0,1.0,0.0,0.0,0.0,0.0,0.0
6,5,0.0,0.0,0.0,0.0,0.0,1.0,0.0,0.0,0.0,0.0,0.0
6,5,0.0,0.0,0.0,0.0,0.0,1.0,0.0,0.0,0.0,0.0,0.0
6,5,0.0,0.0,0.0,0.0,0.0,1.0,0.0,0.0,0.0,0.0,0.0
6,5,0.0,0.0,0.0,0.0,0.0,1.0,0.0,0.0,0.0,0.0,0.0
6,5,0.0,0.0,0.0,0.0,0.0,1.0,0.0,0.0,0.0,0.0,0.0
6,5,0.0,0.0,0.0,0.0,0.0,1.0,0.0,0.0,0.0,0.0,0.0
6,5,0.0,0.0,0.0,0.0,0.0,1.0,0.0,0.0,0.0,0.0,0.0
6,5,0.0,0.0,0.0,0.0,0.0,1.0,0.0,0.0,0.0,0.0,0.0
6,5,0.0,0.0,0.0,0.0,0.0,1.0,0.0,0.0,0.0,0.0,0.0
6,5,0.0,0.0,0.0,0.0,0.0,1.0,0.0,0.0,0.0,0.0,0.0
6,5,0.0,0.0,0.0,0.0,0.0,1.0,0.0,0.0,0.0,0.0,0.0
6,5,0.0,0.0,0.0,0.0,0.0,1.0,0.0,0.0,0.0,0.0,0.0
6,5,0.0,0.0,0.0,0.0,0.0,1.0,0.0,0.0,0.0,0.0,0.0
6,5,0.0,0.0,0.0,0.0,0.0,1.0,0.0,0.0,0.0,0.0,0.0
6,5,0.0,0.0,0.0,0.0,0.0,1.0,0.0,0.0,0.0,0.0,0.0
6,5,0.0,0.0,0.0,0.0,0.0,1.0,0.0,0.0,0.0,0.0,0.0
6,5,0.0,0.0,0.0,0.0,0.0,1.0,0.0,0.0,0.0,0.0,0.0
6,5,0.0,0.0,0.0,0.0,0.0,1.0,0.0,0.0,0.0,0.0,0.0
6,5,0.0,0.0,0.0,0.0,0.0,1.0,0.0,0.0,0.0,0.0,0.0
6,5,0.0,0.0,0.0,0.0,0.0,1.0,0.0,0.0,0.0,0.0,0.0
6,5,0.0,0.0,0.0,0.0,0.0,1.0,0.0,0.0,0.0,0.0,0.0
6,5,0.0,0.0,0.0,0.0,0.0,1.0,0.0,0.0,0.0,0.0,0.0
6,5,0.0,0.0,0.0,0.0,0.0,1.0,0.0,0.0,0.0,0.0,0.0
6,5,0.0,0.0,0.0,0.0,0.0,1.0,0.0,0.0,0.0,0.0,0.0
6,5,0.0,0.0,0.0,0.0,0.0,1.0,0.0,0.0,0.0,0.0,0.0
6,5,0.0,0.0,0.0,0.0,0.0,1.0,0.0,0.0,0.0,0.0,0.0
6,5,0.0,0.0,0.0,0.0,0.0,1.0,0.0,0.0,0.0,0.0,0.0
6,5,0.0,0.0,0.0,0.0,0.0,1.0,0.0,0.0,0.0,0.0,0.0
6,5,0.0,0.0,0.0,0.0,0.0,1.0,0.0,0.0,0.0,0.0,0.0
6,5,0.0,0.0,0.0,0.0,0.0,1.0,0.0,0.0,0.0,0.0,0.0
6,5,0.0,0.0,0.0,0.0,0.0,1.0,0.0,0.0,0.0,0.0,0.0
6,5,0.0,0.0,0.0,0.0,0.0,1.0,0.0,0.0,0.0,0.0,0.0
6,5,0.0,0.0,0.0,0.0,0.0,1.0,0.0,0.0,0.0,0.0,0.0
6,5,0.0,0.0,0.0,0.0,0.0,1.0,0.0,0.0,0.0,0.0,0.0
6,5,0.0,0.0,0.0,0.0,0.0,1.0,0.0,0.0,0.0,0.0,0.0
6,5,0.0,0.0,0.0,0.0,0.0,1.0,0.0,0.0,0.0,0.0,0.0
6,5,0.0,0.0,0.0,0.0,0.0,1.0,0.0,0.0,0.0,0.0,0.0
6,5,0.0,0.0,0.0,0.0,0.0,1.0,0.0,0.0,0.0,0.0,0.0
6,5,0.0,0.0,0.0,0.0,0.0,1.0,0.0,0.0,0.0,0.0,0.0
6,5,0.0,0.0,0.0,0.0,0.0,1.0,0.0,0.0,0.0,0.0,0.0
6,5,0.0,0.0,0.0,0.0,0.0,1.0,0.0,0.0,0.0,0.0,0.0
6,5,0.0,0.0,0.0,0.0,0.0,1.0,0.0,0.0,0.0,0.0,0.0
6,5,0.0,0.0,0.0,0.0,0.0,1.0,0.0,0.0,0.0,0.0,0.0
6,5,0.0,0.0,0.0,0.0,0.0,1.0,0.0,0.0,0.0,0.0,0.0
6,5,0.0,0.0,0.0,0.0,0.0,1.0,0.0,0.0,0.0,0.0,0.0
6,5,0.0,0.0,0.0,0.0,0.0,1.0,0.0,0.0,0.0,0.0,0.0
6,5,0.0,0.0,0.0,0.0,0.0,1.0,0.0,0.0,0.0,0.0,0.0
6,5,0.0,0.0,0.0,0.0,0.0,1.0,0.0,0.0,0.0,0.0,0.0
6,5,0.0,0.0,0.0,0.0,0.0,1.0,0.0,0.0,0.0,0.0,0.0
6,5,0.0,0.0,0.0,0.0,0.0,1.0,0.0,0.0,0.0,0.0,0.0
6,5,0.0,0.0,0.0,0.0,0.0,1.0,0.0,0.0,0.0,0.0,0.0
6,5,0.0,0.0,0.0,0.0,0.0,1.0,0.0,0.0,0.0,0.0,0.0
6,5,0.0,0.0,0.0,0.0,0.0,1.0,0.0,0.0,0.0,0.0,0.0
6,5,0.0,0.0,0.0,0.0,0.0,1.0,0.0,0.0,0.0,0.0,0.0
6,5,0.0,0.0,0.0,0.0,0.0,1.0,0.0,0.0,0.0,0.0,0.0
6,5,0.0,0.0,0.0,0.0,0.0,1.0,0.0,0.0,0.0,0.0,0.0
6,5,0.0,0.0,0.0,0.0,0.0,1.0,0.0,0.0,0.0,0.0,0.0
6,5,0.0,0.0,0.0,0.0,0.0,1.0,0.0,0.0,0.0,0.0,0.0
6,5,0.0,0.0,0.0,0.0,0.0,1.0,0.0,0.0,0.0,0.0,0.0
6,5,0.0,0.0,0.0,0.0,0.0,1.0,0.0,0.0,0.0,0.0,0.0
6,5,0.0,0.0,0.0,0.0,0.0,1.0,0.0,0.0,0.0,0.0,0.0
6,5,0.0,0.0,0.0,0.0,0.0,1.0,0.0,0.0,0.0,0.0,0.0
6,5,0.0,0.0,0.0,0.0,0.0,1.0,0.0,0.0,0.0,0.0,0.0
6,5,0.0,0.0,0.0,0.0,0.0,1.0,0.0,0.0,0.0,0.0,0.0
6,5,0.0,0.0,0.0,0.0,0.0,1.0,0.0,0.0,0.0,0.0,0.0
6,5,0.0,0.0,0.0,0.0,0.0,1.0,0.0,0.0,0.0,0.0,0.0
6,5,0.0,0.0,0.0,0.0,0.0,1.0,0.0,0.0,0.0,0.0,0.0
6,5,0.0,0.0,0.0,0.0,0.0,1.0,0.0,0.0,0.0,0.0,0.0
6,5,0.0,0.0,0.0,0.0,0.0,1.0,0.0,0.0,0.0,0.0,0.0
6,5,0.0,0.0,0.0,0.0,0.0,1.0,0.0,0.0,0.0,0.0,0.0
6,5,0.0,0.0,0.0,0.0,0.0,1.0,0.0,0.0,0.0,0.0,0.0
6,5,0.0,0.0,0.0,0.0,0.0,1.0,0.0,0.0,0.0,0.0,0.0
6,5,0.0,0.0,0.0,0.0,0.0,1.0,0.0,0.0,0.0,0.0,0.0
6,5,0.0,0.0,0.0,0.0,0.0,1.0,0.0,0.0,0.0,0.0,0.0
6,5,0.0,0.0,0.0,0.0,0.0,1.0,0.0,0.0,0.0,0.0,0.0
6,5,0.0,0.0,0.0,0.0,0.0,1.0,0.0,0.0,0.0,0.0,0.0
6,5,0.0,0.0,0.0,0.0,0.0,1.0,0.0,0.0,0.0,0.0,0.0
6,5,0.0,0.0,0.0,0.0,0.0,1.0,0.0,0.0,0.0,0.0,0.0
6,5,0.0,0.0,0.0,0.0,0.0,1.0,0.0,0.0,0.0,0.0,0.0
6,5,0.0,0.0,0.0,0.0,0.0,1.0,0.0,0.0,0.0,0.0,0.0
6,5,0.0,0.0,0.0,0.0,0.0,1.0,0.0,0.0,0.0,0.0,0.0
6,5,0.0,0.0,0.0,0.0,0.0,1.0,0.0,0.0,0.0,0.0,0.0
6,5,0.0,0.0,0.0,0.0,0.0,1.0,0.0,0.0,0.0,0.0,0.0
6,5,0.0,0.0,0.0,0.0,0.0,1.0,0.0,0.0,0.0,0.0,0.0
6,5,0.0,0.0,0.0,0.0,0.0,1.0,0.0,0.0,0.0,0.0,0.0
6,5,0.0,0.0,0.0,0.0,0.0,1.0,0.0,0.0,0.0,0.0,0.0
6,5,0.0,0.0,0.0,0.0,0.0,1.0,0.0,0.0,0.0,0.0,0.0
6,5,0.0,0.0,0.0,0.0,0.0,1.0,0.0,0.0,0.0,0.0,0.0
6,5,0.0,0.0,0.0,0.0,0.0,1.0,0.0,0.0,0.0,0.0,0.0
6,5,0.0,0.0,0.0,0.0,0.0,1.0,0.0,0.0,0.0,0.0,0.0
6,5,0.0,0.0,0.0,0.0,0.0,1.0,0.0,0.0,0.0,0.0,0.0
6,5,0.0,0.0,0.0,0.0,0.0,1.0,0.0,0.0,0.0,0.0,0.0
6,5,0.0,0.0,0.0,0.0,0.0,1.0,0.0,0.0,0.0,0.0,0.0
6,5,0.0,0.0,0.0,0.0,0.0,1.0,0.0,0.0,0.0,0.0,0.0
6,5,0.0,0.0,0.0,0.0,0.0,1.0,0.0,0.0,0.0,0.0,0.0
6,5,0.0,0.0,0.0,0.0,0.0,1.0,0.0,0.0,0.0,0.0,0.0
6,5,0.0,0.0,0.0,0.0,0.0,1.0,0.0,0.0,0.0,0.0,0.0
6,5,0.0,0.0,0.0,0.0,0.0,1.0,0.0,0.0,0.0,0.0,0.0
6,5,0.0,0.0,0.0,0.0,0.0,1.0,0.0,0.0,0.0,0.0,0.0
6,5,0.0,0.0,0.0,0.0,0.0,1.0,0.0,0.0,0.0,0.0,0.0
6,5,0.0,0.0,0.0,0.0,0.0,1.0,0.0,0.0,0.0,0.0,0.0
6,5,0.0,0.0,0.0,0.0,0.0,1.0,0.0,0.0,0.0,0.0,0.0
6,5,0.0,0.0,0.0,0.0,0.0,1.0,0.0,0.0,0.0,0.0,0.0
6,5,0.0,0.0,0.0,0.0,0.0,1.0,0.0,0.0,0.0,0.0,0.0
6,5,0.0,0.0,0.0,0.0,0.0,1.0,0.0,0.0,0.0,0.0,0.0
6,5,0.0,0.0,0.0,0.0,0.0,1.0,0.0,0.0,0.0,0.0,0.0
6,5,0.0,0.0,0.0,0.0,0.0,1.0,0.0,0.0,0.0,0.0,0.0
6,5,0.0,0.0,0.0,0.0,0.0,1.0,0.0,0.0,0.0,0.0,0.0
6,5,0.0,0.0,0.0,0.0,0.0,1.0,0.0,0.0,0.0,0.0,0.0
6,5,0.0,0.0,0.0,0.0,0.0,1.0,0.0,0.0,0.0,0.0,0.0
6,5,0.0,0.0,0.0,0.0,0.0,1.0,0.0,0.0,0.0,0.0,0.0
6,5,0.0,0.0,0.0,0.0,0.0,1.0,0.0,0.0,0.0,0.0,0.0
6,5,0.0,0.0,0.0,0.0,0.0,1.0,0.0,0.0,0.0,0.0,0.0
6,5,0.0,0.0,0.0,0.0,0.0,1.0,0.0,0.0,0.0,0.0,0.0
6,5,0.0,0.0,0.0,0.0,0.0,1.0,0.0,0.0,0.0,0.0,0.0
6,5,0.0,0.0,0.0,0.0,0.0,1.0,0.0,0.0,0.0,0.0,0.0
6,5,0.0,0.0,0.0,0.0,0.0,1.0,0.0,0.0,0.0,0.0,0.0
6,5,0.0,0.0,0.0,0.0,0.0,1.0,0.0,0.0,0.0,0.0,0.0
6,5,0.0,0.0,0.0,0.0,0.0,1.0,0.0,0.0,0.0,0.0,0.0
6,5,0.0,0.0,0.0,0.0,0.0,1.0,0.0,0.0,0.0,0.0,0.0
6,5,0.0,0.0,0.0,0.0,0.0,1.0,0.0,0.0,0.0,0.0,0.0
6,5,0.0,0.0,0.0,0.0,0.0,1.0,0.0,0.0,0.0,0.0,0.0
6,5,0.0,0.0,0.0,0.0,0.0,1.0,0.0,0.0,0.0,0.0,0.0
6,5,0.0,0.0,0.0,0.0,0.0,1.0,0.0,0.0,0.0,0.0,0.0
6,5,0.0,0.0,0.0,0.0,0.0,1.0,0.0,0.0,0.0,0.0,0.0
6,5,0.0,0.0,0.0,0.0,0.0,1.0,0.0,0.0,0.0,0.0,0.0
6,5,0.0,0.0,0.0,0.0,0.0,1.0,0.0,0.0,0.0,0.0,0.0
6,5,0.0,0.0,0.0,0.0,0.0,1.0,0.0,0.0,0.0,0.0,0.0
6,5,0.0,0.0,0.0,0.0,0.0,1.0,0.0,0.0,0.0,0.0,0.0
6,5,0.0,0.0,0.0,0.0,0.0,1.0,0.0,0.0,0.0,0.0,0.0
6,5,0.0,0.0,0.0,0.0,0.0,1.0,0.0,0.0,0.0,0.0,0.0
6,5,0.0,0.0,0.0,0.0,0.0,1.0,0.0,0.0,0.0,0.0,0.0
6,5,0.0,0.0,0.0,0.0,0.0,1.0,0.0,0.0,0.0,0.0,0.0
6,5,0.0,0.0,0.0,0.0,0.0,1.0,0.0,0.0,0.0,0.0,0.0
6,5,0.0,0.0,0.0,0.0,0.0,1.0,0.0,0.0,0.0,0.0,0.0
6,5,0.0,0.0,0.0,0.0,0.0,1.0,0.0,0.0,0.0,0.0,0.0
6,5,0.0,0.0,0.0,0.0,0.0,1.0,0.0,0.0,0.0,0.0,0.0
6,5,0.0,0.0,0.0,0.0,0.0,1.0,0.0,0.0,0.0,0.0,0.0
6,5,0.0,0.0,0.0,0.0,0.0,1.0,0.0,0.0,0.0,0.0,0.0
6,5,0.0,0.0,0.0,0.0,0.0,1.0,0.0,0.0,0.0,0.0,0.0
6,5,0.0,0.0,0.0,0.0,0.0,1.0,0.0,0.0,0.0,0.0,0.0
6,5,0.0,0.0,0.0,0.0,0.0,1.0,0.0,0.0,0.0,0.0,0.0
6,5,0.0,0.0,0.0,0.0,0.0,1.0,0.0,0.0,0.0,0.0,0.0
6,5,0.0,0.0,0.0,0.0,0.0,1.0,0.0,0.0,0.0,0.0,0.0
6,5,0.0,0.0,0.0,0.0,0.0,1.0,0.0,0.0,0.0,0.0,0.0
6,5,0.0,0.0,0.0,0.0,0.0,1.0,0.0,0.0,0.0,0.0,0.0
6,5,0.0,0.0,0.0,0.0,0.0,1.0,0.0,0.0,0.0,0.0,0.0
6,5,0.0,0.0,0.0,0.0,0.0,1.0,0.0,0.0,0.0,0.0,0.0
6,5,0.0,0.0,0.0,0.0,0.0,1.0,0.0,0.0,0.0,0.0,0.0
6,5,0.0,0.0,0.0,0.0,0.0,1.0,0.0,0.0,0.0,0.0,0.0
6,5,0.0,0.0,0.0,0.0,0.0,1.0,0.0,0.0,0.0,0.0,0.0
6,5,0.0,0.0,0.0,0.0,0.0,1.0,0.0,0.0,0.0,0.0,0.0
6,5,0.0,0.0,0.0,0.0,0.0,1.0,0.0,0.0,0.0,0.0,0.0
6,5,0.0,0.0,0.0,0.0,0.0,1.0,0.0,0.0,0.0,0.0,0.0
6,5,0.0,0.0,0.0,0.0,0.0,1.0,0.0,0.0,0.0,0.0,0.0
6,5,0.0,0.0,0.0,0.0,0.0,1.0,0.0,0.0,0.0,0.0,0.0
6,5,0.0,0.0,0.0,0.0,0.0,1.0,0.0,0.0,0.0,0.0,0.0
6,5,0.0,0.0,0.0,0.0,0.0,1.0,0.0,0.0,0.0,0.0,0.0
6,5,0.0,0.0,0.0,0.0,0.0,1.0,0.0,0.0,0.0,0.0,0.0
6,5,0.0,0.0,0.0,0.0,0.0,1.0,0.0,0.0,0.0,0.0,0.0
6,5,0.0,0.0,0.0,0.0,0.0,1.0,0.0,0.0,0.0,0.0,0.0
6,5,0.0,0.0,0.0,0.0,0.0,1.0,0.0,0.0,0.0,0.0,0.0
6,5,0.0,0.0,0.0,0.0,0.0,1.0,0.0,0.0,0.0,0.0,0.0
6,5,0.0,0.0,0.0,0.0,0.0,1.0,0.0,0.0,0.0,0.0,0.0
6,5,0.0,0.0,0.0,0.0,0.0,1.0,0.0,0.0,0.0,0.0,0.0
6,5,0.0,0.0,0.0,0.0,0.0,1.0,0.0,0.0,0.0,0.0,0.0
6,5,0.0,0.0,0.0,0.0,0.0,1.0,0.0,0.0,0.0,0.0,0.0
6,5,0.0,0.0,0.0,0.0,0.0,1.0,0.0,0.0,0.0,0.0,0.0
6,5,0.0,0.0,0.0,0.0,0.0,1.0,0.0,0.0,0.0,0.0,0.0
6,5,0.0,0.0,0.0,0.0,0.0,1.0,0.0,0.0,0.0,0.0,0.0
6,5,0.0,0.0,0.0,0.0,0.0,1.0,0.0,0.0,0.0,0.0,0.0
6,5,0.0,0.0,0.0,0.0,0.0,1.0,0.0,0.0,0.0,0.0,0.0
6,5,0.0,0.0,0.0,0.0,0.0,1.0,0.0,0.0,0.0,0.0,0.0
6,5,0.0,0.0,0.0,0.0,0.0,1.0,0.0,0.0,0.0,0.0,0.0
6,5,0.0,0.0,0.0,0.0,0.0,1.0,0.0,0.0,0.0,0.0,0.0
6,5,0.0,0.0,0.0,0.0,0.0,1.0,0.0,0.0,0.0,0.0,0.0
6,5,0.0,0.0,0.0,0.0,0.0,1.0,0.0,0.0,0.0,0.0,0.0
6,5,0.0,0.0,0.0,0.0,0.0,1.0,0.0,0.0,0.0,0.0,0.0
6,5,0.0,0.0,0.0,0.0,0.0,1.0,0.0,0.0,0.0,0.0,0.0
6,5,0.0,0.0,0.0,0.0,0.0,1.0,0.0,0.0,0.0,0.0,0.0
6,5,0.0,0.0,0.0,0.0,0.0,1.0,0.0,0.0,0.0,0.0,0.0
6,5,0.0,0.0,0.0,0.0,0.0,1.0,0.0,0.0,0.0,0.0,0.0
6,5,0.0,0.0,0.0,0.0,0.0,1.0,0.0,0.0,0.0,0.0,0.0
6,5,0.0,0.0,0.0,0.0,0.0,1.0,0.0,0.0,0.0,0.0,0.0
6,5,0.0,0.0,0.0,0.0,0.0,1.0,0.0,0.0,0.0,0.0,0.0
6,5,0.0,0.0,0.0,0.0,0.0,1.0,0.0,0.0,0.0,0.0,0.0
6,5,0.0,0.0,0.0,0.0,0.0,1.0,0.0,0.0,0.0,0.0,0.0
6,5,0.0,0.0,0.0,0.0,0.0,1.0,0.0,0.0,0.0,0.0,0.0
6,5,0.0,0.0,0.0,0.0,0.0,1.0,0.0,0.0,0.0,0.0,0.0
6,5,0.0,0.0,0.0,0.0,0.0,1.0,0.0,0.0,0.0,0.0,0.0
6,5,0.0,0.0,0.0,0.0,0.0,1.0,0.0,0.0,0.0,0.0,0.0
6,5,0.0,0.0,0.0,0.0,0.0,1.0,0.0,0.0,0.0,0.0,0.0
6,5,0.0,0.0,0.0,0.0,0.0,1.0,0.0,0.0,0.0,0.0,0.0
6,5,0.0,0.0,0.0,0.0,0.0,1.0,0.0,0.0,0.0,0.0,0.0
6,5,0.0,0.0,0.0,0.0,0.0,1.0,0.0,0.0,0.0,0.0,0.0
6,5,0.0,0.0,0.0,0.0,0.0,1.0,0.0,0.0,0.0,0.0,0.0
6,5,0.0,0.0,0.0,0.0,0.0,1.0,0.0,0.0,0.0,0.0,0.0
6,5,0.0,0.0,0.0,0.0,0.0,1.0,0.0,0.0,0.0,0.0,0.0
6,5,0.0,0.0,0.0,0.0,0.0,1.0,0.0,0.0,0.0,0.0,0.0
6,5,0.0,0.0,0.0,0.0,0.0,1.0,0.0,0.0,0.0,0.0,0.0
6,5,0.0,0.0,0.0,0.0,0.0,1.0,0.0,0.0,0.0,0.0,0.0
6,5,0.0,0.0,0.0,0.0,0.0,1.0,0.0,0.0,0.0,0.0,0.0
6,5,0.0,0.0,0.0,0.0,0.0,1.0,0.0,0.0,0.0,0.0,0.0
6,5,0.0,0.0,0.0,0.0,0.0,1.0,0.0,0.0,0.0,0.0,0.0
6,5,0.0,0.0,0.0,0.0,0.0,1.0,0.0,0.0,0.0,0.0,0.0
6,5,0.0,0.0,0.0,0.0,0.0,1.0,0.0,0.0,0.0,0.0,0.0
6,5,0.0,0.0,0.0,0.0,0.0,1.0,0.0,0.0,0.0,0.0,0.0
6,5,0.0,0.0,0.0,0.0,0.0,1.0,0.0,0.0,0.0,0.0,0.0
6,5,0.0,0.0,0.0,0.0,0.0,1.0,0.0,0.0,0.0,0.0,0.0
6,5,0.0,0.0,0.0,0.0,0.0,1.0,0.0,0.0,0.0,0.0,0.0
6,5,0.0,0.0,0.0,0.0,0.0,1.0,0.0,0.0,0.0,0.0,0.0
6,5,0.0,0.0,0.0,0.0,0.0,1.0,0.0,0.0,0.0,0.0,0.0
6,5,0.0,0.0,0.0,0.0,0.0,1.0,0.0,0.0,0.0,0.0,0.0
6,5,0.0,0.0,0.0,0.0,0.0,1.0,0.0,0.0,0.0,0.0,0.0
6,5,0.0,0.0,0.0,0.0,0.0,1.0,0.0,0.0,0.0,0.0,0.0
6,5,0.0,0.0,0.0,0.0,0.0,1.0,0.0,0.0,0.0,0.0,0.0
6,5,0.0,0.0,0.0,0.0,0.0,1.0,0.0,0.0,0.0,0.0,0.0
6,5,0.0,0.0,0.0,0.0,0.0,1.0,0.0,0.0,0.0,0.0,0.0
6,5,0.0,0.0,0.0,0.0,0.0,1.0,0.0,0.0,0.0,0.0,0.0
6,5,0.0,0.0,0.0,0.0,0.0,0.9375,0.0625,0.0,0.0,0.0,0.0
6,5,0.0,0.0,0.0,0.0,0.0,0.9375,0.0625,0.0,0.0,0.0,0.0
6,5,0.0,0.0,0.0,0.0,0.0,0.9375,0.0625,0.0,0.0,0.0,0.0
6,5,0.0,0.0,0.0,0.0,0.0,0.9375,0.0625,0.0,0.0,0.0,0.0
6,5,0.0,0.0,0.0,0.0,0.0,0.9375,0.0625,0.0,0.0,0.0,0.0
6,5,0.0,0.0,0.0,0.0,0.0,0.9375,0.0625,0.0,0.0,0.0,0.0
6,5,0.0,0.0,0.0,0.0,0.0,0.9375,0.0625,0.0,0.0,0.0,0.0
6,5,0.0,0.0,0.0,0.0,0.0,0.9375,0.0625,0.0,0.0,0.0,0.0
6,5,0.0,0.0,0.0,0.0,0.0,0.9375,0.0625,0.0,0.0,0.0,0.0
6,5,0.0,0.0,0.0,0.0,0.0,0.9375,0.0625,0.0,0.0,0.0,0.0
6,5,0.0,0.0,0.0,0.0,0.0,0.9375,0.0625,0.0,0.0,0.0,0.0
6,5,0.0,0.0,0.0,0.0,0.0,0.9375,0.0625,0.0,0.0,0.0,0.0
6,5,0.0,0.0,0.0,0.0,0.0,0.9375,0.0625,0.0,0.0,0.0,0.0
6,5,0.0,0.0,0.0,0.0,0.0,0.9375,0.0625,0.0,0.0,0.0,0.0
6,5,0.0,0.0,0.0,0.0,0.0,0.9375,0.0625,0.0,0.0,0.0,0.0
6,5,0.0,0.0,0.0,0.0,0.0,0.9375,0.0625,0.0,0.0,0.0,0.0
6,5,0.0,0.0,0.0,0.0,0.0,0.9375,0.0625,0.0,0.0,0.0,0.0
6,5,0.0,0.0,0.0,0.0,0.0,0.9375,0.0625,0.0,0.0,0.0,0.0
6,5,0.0,0.0,0.0,0.0,0.0,0.9375,0.0625,0.0,0.0,0.0,0.0
6,5,0.0,0.0,0.0,0.0,0.0,0.9375,0.0625,0.0,0.0,0.0,0.0
6,5,0.0,0.0,0.0,0.0,0.0,0.9375,0.0625,0.0,0.0,0.0,0.0
6,5,0.0,0.0,0.0,0.0,0.0,0.9375,0.0625,0.0,0.0,0.0,0.0
6,5,0.0,0.0,0.0,0.0,0.0,0.9375,0.0625,0.0,0.0,0.0,0.0
6,5,0.0,0.0,0.0,0.0,0.0,0.9375,0.0625,0.0,0.0,0.0,0.0
6,5,0.0,0.0,0.0,0.0,0.0,0.9375,0.0625,0.0,0.0,0.0,0.0
6,5,0.0,0.0,0.0,0.0,0.0,0.9375,0.0625,0.0,0.0,0.0,0.0
6,5,0.0,0.0,0.0,0.0,0.0,0.9375,0.0625,0.0,0.0,0.0,0.0
6,5,0.0,0.0,0.0,0.0,0.0,0.9375,0.0625,0.0,0.0,0.0,0.0
6,5,0.0,0.0,0.0,0.0,0.0,0.9375,0.0625,0.0,0.0,0.0,0.0
6,5,0.0,0.0,0.0,0.0,0.0,0.9375,0.0625,0.0,0.0,0.0,0.0
6,5,0.0,0.0,0.0,0.0,0.0,0.9375,0.0625,0.0,0.0,0.0,0.0
6,5,0.0,0.0,0.0,0.0,0.0,0.9375,0.0625,0.0,0.0,0.0,0.0
6,5,0.0,0.0,0.0,0.0,0.0,0.9375,0.0625,0.0,0.0,0.0,0.0
6,5,0.0,0.0,0.0,0.0,0.0,0.9375,0.0625,0.0,0.0,0.0,0.0
6,5,0.0,0.0,0.0,0.0,0.0,0.9375,0.0625,0.0,0.0,0.0,0.0
6,5,0.0,0.0,0.0,0.0,0.0,0.9375,0.0625,0.0,0.0,0.0,0.0
6,5,0.0,0.0,0.0,0.0,0.0,0.9375,0.0625,0.0,0.0,0.0,0.0
6,5,0.0,0.0,0.0,0.0,0.0,0.9375,0.0625,0.0,0.0,0.0,0.0
6,5,0.0,0.0,0.0,0.0,0.0,0.9375,0.0625,0.0,0.0,0.0,0.0
6,5,0.0,0.0,0.0,0.0,0.0,0.9375,0.0625,0.0,0.0,0.0,0.0
6,5,0.0,0.0,0.0,0.0,0.0,0.9375,0.0625,0.0,0.0,0.0,0.0
6,5,0.0,0.0,0.0,0.0,0.0,0.9375,0.0625,0.0,0.0,0.0,0.0
6,5,0.0,0.0,0.0,0.0,0.0,0.9375,0.0625,0.0,0.0,0.0,0.0
6,5,0.0,0.0,0.0,0.0,0.0,0.9375,0.0625,0.0,0.0,0.0,0.0
6,5,0.0,0.0,0.0,0.0,0.0,0.9375,0.0625,0.0,0.0,0.0,0.0
6,5,0.0,0.0,0.0,0.0,0.0,0.9375,0.0625,0.0,0.0,0.0,0.0
6,5,0.0,0.0,0.0,0.0,0.0,0.9375,0.0625,0.0,0.0,0.0,0.0
6,5,0.0,0.0,0.0,0.0,0.0,0.9375,0.0625,0.0,0.0,0.0,0.0
6,5,0.0,0.0,0.0,0.0,0.0,0.9375,0.0625,0.0,0.0,0.0,0.0
6,5,0.0,0.0,0.0,0.0,0.0,0.9375,0.0625,0.0,0.0,0.0,0.0
6,5,0.0,0.0,0.0,0.0,0.0,0.9375,0.0625,0.0,0.0,0.0,0.0
6,5,0.0,0.0,0.0,0.0,0.0,0.9375,0.0625,0.0,0.0,0.0,0.0
6,5,0.0,0.0,0.0,0.0,0.0,0.9375,0.0625,0.0,0.0,0.0,0.0
6,5,0.0,0.0,0.0,0.0,0.0,0.9375,0.0625,0.0,0.0,0.0,0.0
6,5,0.0,0.0,0.0,0.0,0.0,0.9375,0.0625,0.0,0.0,0.0,0.0
6,5,0.0,0.0,0.0,0.0,0.0,0.9375,0.0625,0.0,0.0,0.0,0.0
6,5,0.0,0.0,0.0,0.0,0.0,0.9375,0.0625,0.0,0.0,0.0,0.0
6,5,0.0,0.0,0.0,0.0,0.0,0.9375,0.0625,0.0,0.0,0.0,0.0
6,5,0.0,0.0,0.0,0.0,0.0,0.9375,0.0625,0.0,0.0,0.0,0.0
6,5,0.0,0.0,0.0,0.0,0.0,0.9375,0.0625,0.0,0.0,0.0,0.0
6,5,0.0,0.0,0.0,0.0,0.0,0.9375,0.0625,0.0,0.0,0.0,0.0
6,5,0.0,0.0,0.0,0.0,0.0,0.9375,0.0625,0.0,0.0,0.0,0.0
6,5,0.0,0.0,0.0,0.0,0.0,0.9375,0.0625,0.0,0.0,0.0,0.0
6,5,0.0,0.0,0.0,0.0,0.0,0.9375,0.0625,0.0,0.0,0.0,0.0
6,5,0.0,0.0,0.0,0.0,0.0,0.9375,0.0625,0.0,0.0,0.0,0.0
6,5,0.0,0.0,0.0,0.0,0.0,0.9375,0.0625,0.0,0.0,0.0,0.0
6,5,0.0,0.0,0.0,0.0,0.0,0.9375,0.0625,0.0,0.0,0.0,0.0
6,5,0.0,0.0,0.0,0.0,0.0,0.9375,0.0625,0.0,0.0,0.0,0.0
6,5,0.0,0.0,0.0,0.0,0.0,0.9375,0.0625,0.0,0.0,0.0,0.0
6,5,0.0,0.0,0.0,0.0,0.0,0.9375,0.0625,0.0,0.0,0.0,0.0
6,5,0.0,0.0,0.0,0.0,0.0,0.9375,0.0625,0.0,0.0,0.0,0.0
6,5,0.0,0.0,0.0,0.0,0.0,0.9375,0.0625,0.0,0.0,0.0,0.0
6,5,0.0,0.0,0.0,0.0,0.0,0.9375,0.0625,0.0,0.0,0.0,0.0
6,5,0.0,0.0,0.0,0.0,0.0,0.9375,0.0625,0.0,0.0,0.0,0.0
6,5,0.0,0.0,0.0,0.0,0.0,0.9375,0.0625,0.0,0.0,0.0,0.0
6,5,0.0,0.0,0.0,0.0,0.0,0.9375,0.0625,0.0,0.0,0.0,0.0
6,5,0.0,0.0,0.0,0.0,0.0,0.9375,0.0625,0.0,0.0,0.0,0.0
6,5,0.0,0.0,0.0,0.0,0.0,0.9375,0.0625,0.0,0.0,0.0,0.0
6,5,0.0,0.0,0.0,0.0,0.0,0.9375,0.0625,0.0,0.0,0.0,0.0
6,5,0.0,0.0,0.0,0.0,0.0,0.9375,0.0625,0.0,0.0,0.0,0.0
6,5,0.0,0.0,0.0,0.0,0.0,0.9375,0.0625,0.0,0.0,0.0,0.0
6,5,0.0,0.0,0.0,0.0,0.0,0.9375,0.0625,0.0,0.0,0.0,0.0
6,5,0.0,0.0,0.0,0.0,0.0,0.9375,0.0625,0.0,0.0,0.0,0.0
6,5,0.0,0.0,0.0,0.0,0.0,0.9375,0.0625,0.0,0.0,0.0,0.0
6,5,0.0,0.0,0.0,0.0,0.0,0.9375,0.0625,0.0,0.0,0.0,0.0
6,5,0.0,0.0,0.0,0.0,0.0,0.9375,0.0625,0.0,0.0,0.0,0.0
6,5,0.0,0.0,0.0,0.0,0.0,0.9375,0.0625,0.0,0.0,0.0,0.0
6,5,0.0,0.0,0.0,0.0,0.0,0.9375,0.0625,0.0,0.0,0.0,0.0
6,5,0.0,0.0,0.0,0.0,0.0,0.9375,0.0625,0.0,0.0,0.0,0.0
6,5,0.0,0.0,0.0,0.0,0.0,0.9375,0.0625,0.0,0.0,0.0,0.0
6,5,0.0,0.0,0.0,0.0,0.0,0.9375,0.0625,0.0,0.0,0.0,0.0
6,5,0.0,0.0,0.0,0.0,0.0,0.9375,0.0625,0.0,0.0,0.0,0.0
6,5,0.0,0.0,0.0,0.0,0.0,0.9375,0.0625,0.0,0.0,0.0,0.0
6,5,0.0,0.0,0.0,0.0,0.0,0.9375,0.0625,0.0,0.0,0.0,0.0
6,5,0.0,0.0,0.0,0.0,0.0,0.9375,0.0625,0.0,0.0,0.0,0.0
6,5,0.0,0.0,0.0,0.0,0.0,0.9375,0.0625,0.0,0.0,0.0,0.0
6,5,0.0,0.0,0.0,0.0,0.0,0.9375,0.0625,0.0,0.0,0.0,0.0
6,5,0.0,0.0,0.0,0.0,0.0,0.9375,0.0625,0.0,0.0,0.0,0.0
6,5,0.0,0.0,0.0,0.0,0.0,0.9375,0.0625,0.0,0.0,0.0,0.0
6,5,0.0,0.0,0.0,0.0,0.0,0.9375,0.0625,0.0,0.0,0.0,0.0
6,5,0.0,0.0,0.0,0.0,0.0,0.9375,0.0625,0.0,0.0,0.0,0.0
6,5,0.0,0.0,0.0,0.0,0.0,0.9375,0.0625,0.0,0.0,0.0,0.0
6,5,0.0,0.0,0.0,0.0,0.0,0.9375,0.0625,0.0,0.0,0.0,0.0
6,5,0.0,0.0,0.0,0.0,0.0,0.9375,0.0625,0.0,0.0,0.0,0.0
6,5,0.0,0.0,0.0,0.0,0.0,0.9375,0.0625,0.0,0.0,0.0,0.0
6,5,0.0,0.0,0.0,0.0,0.0,0.9375,0.0625,0.0,0.0,0.0,0.0
6,5,0.0,0.0,0.0,0.0,0.0,0.9375,0.0625,0.0,0.0,0.0,0.0
6,5,0.0,0.0,0.0,0.0,0.0,0.9375,0.0625,0.0,0.0,0.0,0.0
6,5,0.0,0.0,0.0,0.0,0.0,0.9375,0.0625,0.0,0.0,0.0,0.0
6,5,0.0,0.0,0.0,0.0,0.0,0.9375,0.0625,0.0,0.0,0.0,0.0
6,5,0.0,0.0,0.0,0.0,0.0,0.9375,0.0625,0.0,0.0,0.0,0.0
6,5,0.0,0.0,0.0,0.0,0.0,0.9375,0.0625,0.0,0.0,0.0,0.0
6,5,0.0,0.0,0.0,0.0,0.0,0.9375,0.0625,0.0,0.0,0.0,0.0
6,5,0.0,0.0,0.0,0.0,0.0,0.9375,0.0625,0.0,0.0,0.0,0.0
6,5,0.0,0.0,0.0,0.0,0.0,0.9375,0.0625,0.0,0.0,0.0,0.0
6,5,0.0,0.0,0.0,0.0,0.0,0.9375,0.0625,0.0,0.0,0.0,0.0
6,5,0.0,0.0,0.0,0.0,0.0,0.9375,0.0625,0.0,0.0,0.0,0.0
6,5,0.0,0.0,0.0,0.0,0.0,0.9375,0.0625,0.0,0.0,0.0,0.0
6,5,0.0,0.0,0.0,0.0,0.0,0.9375,0.0625,0.0,0.0,0.0,0.0
6,5,0.0,0.0,0.0,0.0,0.0,0.9375,0.0625,0.0,0.0,0.0,0.0
6,5,0.0,0.0,0.0,0.0,0.0,0.9375,0.0625,0.0,0.0,0.0,0.0
6,5,0.0,0.0,0.0,0.0,0.0,0.9375,0.0625,0.0,0.0,0.0,0.0
6,5,0.0,0.0,0.0,0.0,0.0,0.9375,0.0625,0.0,0.0,0.0,0.0
6,5,0.0,0.0,0.0,0.0,0.0,0.9375,0.0625,0.0,0.0,0.0,0.0
6,5,0.0,0.0,0.0,0.0,0.0,0.9375,0.0625,0.0,0.0,0.0,0.0
6,5,0.0,0.0,0.0,0.0,0.0,0.9375,0.0625,0.0,0.0,0.0,0.0
6,5,0.0,0.0,0.0,0.0,0.0,0.9375,0.0625,0.0,0.0,0.0,0.0
6,5,0.0,0.0,0.0,0.0,0.0,0.9375,0.0625,0.0,0.0,0.0,0.0
6,5,0.0,0.0,0.0,0.0,0.0,0.9375,0.0625,0.0,0.0,0.0,0.0
6,5,0.0,0.0,0.0,0.0,0.0,0.9375,0.0625,0.0,0.0,0.0,0.0
6,5,0.0,0.0,0.0,0.0,0.0,0.9375,0.0625,0.0,0.0,0.0,0.0
6,5,0.0,0.0,0.0,0.0,0.0,0.9375,0.0625,0.0,0.0,0.0,0.0
6,5,0.0,0.0,0.0,0.0,0.0,0.9375,0.0625,0.0,0.0,0.0,0.0
6,5,0.0,0.0,0.0,0.0,0.0,0.9375,0.0625,0.0,0.0,0.0,0.0
6,5,0.0,0.0,0.0,0.0,0.0,0.9375,0.0625,0.0,0.0,0.0,0.0
6,5,0.0,0.0,0.0,0.0,0.0,0.9375,0.0625,0.0,0.0,0.0,0.0
6,5,0.0,0.0,0.0,0.0,0.0,0.9375,0.0625,0.0,0.0,0.0,0.0
6,5,0.0,0.0,0.0,0.0,0.0,0.9375,0.0625,0.0,0.0,0.0,0.0
6,5,0.0,0.0,0.0,0.0,0.0,0.9375,0.0625,0.0,0.0,0.0,0.0
6,5,0.0,0.0,0.0,0.0,0.0,0.9375,0.0625,0.0,0.0,0.0,0.0
6,5,0.0,0.0,0.0,0.0,0.0,0.9375,0.0625,0.0,0.0,0.0,0.0
6,5,0.0,0.0,0.0,0.0,0.0,0.9375,0.0625,0.0,0.0,0.0,0.0
6,5,0.0,0.0,0.0,0.0,0.0,0.9375,0.0625,0.0,0.0,0.0,0.0
6,5,0.0,0.0,0.0,0.0,0.0,0.9375,0.0625,0.0,0.0,0.0,0.0
6,5,0.0,0.0,0.0,0.0,0.0,0.9375,0.0625,0.0,0.0,0.0,0.0
6,5,0.0,0.0,0.0,0.0,0.0,0.9375,0.0625,0.0,0.0,0.0,0.0
6,5,0.0,0.0,0.0,0.0,0.0,0.9375,0.0625,0.0,0.0,0.0,0.0
6,5,0.0,0.0,0.0,0.0,0.0,1.0,0.0,0.0,0.0,0.0,0.0
6,5,0.0,0.0,0.0,0.0,0.0,1.0,0.0,0.0,0.0,0.0,0.0
6,5,0.0,0.0,0.0,0.0,0.0,1.0,0.0,0.0,0.0,0.0,0.0
6,5,0.0,0.0,0.0,0.0,0.0,1.0,0.0,0.0,0.0,0.0,0.0
6,5,0.0,0.0,0.0,0.0,0.0,1.0,0.0,0.0,0.0,0.0,0.0
6,5,0.0,0.0,0.0,0.0,0.0,1.0,0.0,0.0,0.0,0.0,0.0
6,5,0.0,0.0,0.0,0.0,0.0,1.0,0.0,0.0,0.0,0.0,0.0
6,5,0.0,0.0,0.0,0.0,0.0,1.0,0.0,0.0,0.0,0.0,0.0
6,5,0.0,0.0,0.0,0.0,0.0,1.0,0.0,0.0,0.0,0.0,0.0
6,5,0.0,0.0,0.0,0.0,0.0,1.0,0.0,0.0,0.0,0.0,0.0
6,5,0.0,0.0,0.0,0.0,0.0,1.0,0.0,0.0,0.0,0.0,0.0
6,5,0.0,0.0,0.0,0.0,0.0,1.0,0.0,0.0,0.0,0.0,0.0
6,5,0.0,0.0,0.0,0.0,0.0,1.0,0.0,0.0,0.0,0.0,0.0
6,5,0.0,0.0,0.0,0.0,0.0,1.0,0.0,0.0,0.0,0.0,0.0
6,5,0.0,0.0,0.0,0.0,0.0,1.0,0.0,0.0,0.0,0.0,0.0
6,5,0.0,0.0,0.0,0.0,0.0,1.0,0.0,0.0,0.0,0.0,0.0
6,5,0.0,0.0,0.0,0.0,0.0,1.0,0.0,0.0,0.0,0.0,0.0
6,5,0.0,0.0,0.0,0.0,0.0,1.0,0.0,0.0,0.0,0.0,0.0
6,5,0.0,0.0,0.0,0.0,0.0,1.0,0.0,0.0,0.0,0.0,0.0
6,5,0.0,0.0,0.0,0.0,0.0,1.0,0.0,0.0,0.0,0.0,0.0
6,5,0.0,0.0,0.0,0.0,0.0,1.0,0.0,0.0,0.0,0.0,0.0
6,5,0.0,0.0,0.0,0.0,0.0,1.0,0.0,0.0,0.0,0.0,0.0
6,5,0.0,0.0,0.0,0.0,0.0,1.0,0.0,0.0,0.0,0.0,0.0
6,5,0.0,0.0,0.0,0.0,0.0,1.0,0.0,0.0,0.0,0.0,0.0
6,5,0.0,0.0,0.0,0.0,0.0,1.0,0.0,0.0,0.0,0.0,0.0
6,5,0.0,0.0,0.0,0.0,0.0,1.0,0.0,0.0,0.0,0.0,0.0
6,5,0.0,0.0,0.0,0.0,0.0,1.0,0.0,0.0,0.0,0.0,0.0
6,5,0.0,0.0,0.0,0.0,0.0,1.0,0.0,0.0,0.0,0.0,0.0
6,5,0.0,0.0,0.0,0.0,0.0,1.0,0.0,0.0,0.0,0.0,0.0
6,5,0.0,0.0,0.0,0.0,0.0,1.0,0.0,0.0,0.0,0.0,0.0
6,5,0.0,0.0,0.0,0.0,0.0,1.0,0.0,0.0,0.0,0.0,0.0
6,5,0.0,0.0,0.0,0.0,0.0,1.0,0.0,0.0,0.0,0.0,0.0
6,5,0.0,0.0,0.0,0.0,0.0,1.0,0.0,0.0,0.0,0.0,0.0
6,5,0.0,0.0,0.0,0.0,0.0,1.0,0.0,0.0,0.0,0.0,0.0
6,5,0.0,0.0,0.0,0.0,0.0,1.0,0.0,0.0,0.0,0.0,0.0
6,5,0.0,0.0,0.0,0.0,0.0,1.0,0.0,0.0,0.0,0.0,0.0
6,5,0.0,0.0,0.0,0.0,0.0,1.0,0.0,0.0,0.0,0.0,0.0
6,5,0.0,0.0,0.0,0.0,0.0,1.0,0.0,0.0,0.0,0.0,0.0
6,5,0.0,0.0,0.0,0.0,0.0,1.0,0.0,0.0,0.0,0.0,0.0
6,5,0.0,0.0,0.0,0.0,0.0,1.0,0.0,0.0,0.0,0.0,0.0
6,5,0.0,0.0,0.0,0.0,0.0,1.0,0.0,0.0,0.0,0.0,0.0
6,5,0.0,0.0,0.0,0.0,0.0,1.0,0.0,0.0,0.0,0.0,0.0
6,5,0.0,0.0,0.0,0.0,0.0,1.0,0.0,0.0,0.0,0.0,0.0
6,5,0.0,0.0,0.0,0.0,0.0,1.0,0.0,0.0,0.0,0.0,0.0
6,5,0.0,0.0,0.0,0.0,0.0,1.0,0.0,0.0,0.0,0.0,0.0
6,5,0.0,0.0,0.0,0.0,0.0,1.0,0.0,0.0,0.0,0.0,0.0
6,5,0.0,0.0,0.0,0.0,0.0,1.0,0.0,0.0,0.0,0.0,0.0
6,5,0.0,0.0,0.0,0.0,0.0,1.0,0.0,0.0,0.0,0.0,0.0
6,5,0.0,0.0,0.0,0.0,0.0,1.0,0.0,0.0,0.0,0.0,0.0
6,5,0.0,0.0,0.0,0.0,0.0,1.0,0.0,0.0,0.0,0.0,0.0
6,5,0.0,0.0,0.0,0.0,0.0,1.0,0.0,0.0,0.0,0.0,0.0
6,5,0.0,0.0,0.0,0.0,0.0,1.0,0.0,0.0,0.0,0.0,0.0
6,5,0.0,0.0,0.0,0.0,0.0,1.0,0.0,0.0,0.0,0.0,0.0
6,5,0.0,0.0,0.0,0.0,0.0,1.0,0.0,0.0,0.0,0.0,0.0
6,5,0.0,0.0,0.0,0.0,0.0,1.0,0.0,0.0,0.0,0.0,0.0
6,5,0.0,0.0,0.0,0.0,0.0,1.0,0.0,0.0,0.0,0.0,0.0
6,5,0.0,0.0,0.0,0.0,0.0,1.0,0.0,0.0,0.0,0.0,0.0
6,5,0.0,0.0,0.0,0.0,0.0,1.0,0.0,0.0,0.0,0.0,0.0
6,5,0.0,0.0,0.0,0.0,0.0,1.0,0.0,0.0,0.0,0.0,0.0
6,5,0.0,0.0,0.0,0.0,0.0,1.0,0.0,0.0,0.0,0.0,0.0
6,5,0.0,0.0,0.0,0.0,0.0,1.0,0.0,0.0,0.0,0.0,0.0
6,5,0.0,0.0,0.0,0.0,0.0,1.0,0.0,0.0,0.0,0.0,0.0
6,5,0.0,0.0,0.0,0.0,0.0,1.0,0.0,0.0,0.0,0.0,0.0
6,5,0.0,0.0,0.0,0.0,0.0,1.0,0.0,0.0,0.0,0.0,0.0
6,5,0.0,0.0,0.0,0.0,0.0,1.0,0.0,0.0,0.0,0.0,0.0
6,5,0.0,0.0,0.0,0.0,0.0,1.0,0.0,0.0,0.0,0.0,0.0
6,5,0.0,0.0,0.0,0.0,0.0,1.0,0.0,0.0,0.0,0.0,0.0
6,5,0.0,0.0,0.0,0.0,0.0,1.0,0.0,0.0,0.0,0.0,0.0
6,5,0.0,0.0,0.0,0.0,0.0,1.0,0.0,0.0,0.0,0.0,0.0
6,5,0.0,0.0,0.0,0.0,0.0,1.0,0.0,0.0,0.0,0.0,0.0
6,5,0.0,0.0,0.0,0.0,0.0,1.0,0.0,0.0,0.0,0.0,0.0
6,5,0.0,0.0,0.0,0.0,0.0,1.0,0.0,0.0,0.0,0.0,0.0
6,5,0.0,0.0,0.0,0.0,0.0,1.0,0.0,0.0,0.0,0.0,0.0
6,5,0.0,0.0,0.0,0.0,0.0,1.0,0.0,0.0,0.0,0.0,0.0
6,5,0.0,0.0,0.0,0.0,0.0,1.0,0.0,0.0,0.0,0.0,0.0
6,5,0.0,0.0,0.0,0.0,0.0,1.0,0.0,0.0,0.0,0.0,0.0
6,5,0.0,0.0,0.0,0.0,0.0,1.0,0.0,0.0,0.0,0.0,0.0
6,5,0.0,0.0,0.0,0.0,0.0,1.0,0.0,0.0,0.0,0.0,0.0
6,5,0.0,0.0,0.0,0.0,0.0,1.0,0.0,0.0,0.0,0.0,0.0
6,5,0.0,0.0,0.0,0.0,0.0,1.0,0.0,0.0,0.0,0.0,0.0
6,5,0.0,0.0,0.0,0.0,0.0,1.0,0.0,0.0,0.0,0.0,0.0
6,5,0.0,0.0,0.0,0.0,0.0,1.0,0.0,0.0,0.0,0.0,0.0
6,5,0.0,0.0,0.0,0.0,0.0,1.0,0.0,0.0,0.0,0.0,0.0
6,5,0.0,0.0,0.0,0.0,0.0,1.0,0.0,0.0,0.0,0.0,0.0
6,5,0.0,0.0,0.0,0.0,0.0,1.0,0.0,0.0,0.0,0.0,0.0
6,5,0.0,0.0,0.0,0.0,0.0,1.0,0.0,0.0,0.0,0.0,0.0
6,5,0.0,0.0,0.0,0.0,0.0,1.0,0.0,0.0,0.0,0.0,0.0
6,5,0.0,0.0,0.0,0.0,0.0,1.0,0.0,0.0,0.0,0.0,0.0
6,5,0.0,0.0,0.0,0.0,0.0,1.0,0.0,0.0,0.0,0.0,0.0
6,5,0.0,0.0,0.0,0.0,0.0,1.0,0.0,0.0,0.0,0.0,0.0
6,5,0.0,0.0,0.0,0.0,0.0,1.0,0.0,0.0,0.0,0.0,0.0
6,5,0.0,0.0,0.0,0.0,0.0,1.0,0.0,0.0,0.0,0.0,0.0
6,5,0.0,0.0,0.0,0.0,0.0,1.0,0.0,0.0,0.0,0.0,0.0
6,5,0.0,0.0,0.0,0.0,0.0,1.0,0.0,0.0,0.0,0.0,0.0
6,5,0.0,0.0,0.0,0.0,0.0,1.0,0.0,0.0,0.0,0.0,0.0
6,5,0.0,0.0,0.0,0.0,0.0,1.0,0.0,0.0,0.0,0.0,0.0
6,5,0.0,0.0,0.0,0.0,0.0,1.0,0.0,0.0,0.0,0.0,0.0
6,5,0.0,0.0,0.0,0.0,0.0,1.0,0.0,0.0,0.0,0.0,0.0
6,5,0.0,0.0,0.0,0.0,0.0,1.0,0.0,0.0,0.0,0.0,0.0
6,5,0.0,0.0,0.0,0.0,0.0,1.0,0.0,0.0,0.0,0.0,0.0
6,5,0.0,0.0,0.0,0.0,0.0,1.0,0.0,0.0,0.0,0.0,0.0
6,5,0.0,0.0,0.0,0.0,0.0,1.0,0.0,0.0,0.0,0.0,0.0
6,5,0.0,0.0,0.0,0.0,0.0,1.0,0.0,0.0,0.0,0.0,0.0
6,5,0.0,0.0,0.0,0.0,0.0,1.0,0.0,0.0,0.0,0.0,0.0
6,5,0.0,0.0,0.0,0.0,0.0,1.0,0.0,0.0,0.0,0.0,0.0
6,5,0.0,0.0,0.0,0.0,0.0,1.0,0.0,0.0,0.0,0.0,0.0
6,5,0.0,0.0,0.0,0.0,0.0,1.0,0.0,0.0,0.0,0.0,0.0
6,5,0.0,0.0,0.0,0.0,0.0,1.0,0.0,0.0,0.0,0.0,0.0
6,5,0.0,0.0,0.0,0.0,0.0,1.0,0.0,0.0,0.0,0.0,0.0
6,5,0.0,0.0,0.0,0.0,0.0,1.0,0.0,0.0,0.0,0.0,0.0
6,5,0.0,0.0,0.0,0.0,0.0,1.0,0.0,0.0,0.0,0.0,0.0
6,5,0.0,0.0,0.0,0.0,0.0,1.0,0.0,0.0,0.0,0.0,0.0
6,5,0.0,0.0,0.0,0.0,0.0,1.0,0.0,0.0,0.0,0.0,0.0
6,5,0.0,0.0,0.0,0.0,0.0,1.0,0.0,0.0,0.0,0.0,0.0
6,5,0.0,0.0,0.0,0.0,0.0,1.0,0.0,0.0,0.0,0.0,0.0
6,5,0.0,0.0,0.0,0.0,0.0,1.0,0.0,0.0,0.0,0.0,0.0
6,5,0.0,0.0,0.0,0.0,0.0,1.0,0.0,0.0,0.0,0.0,0.0
6,5,0.0,0.0,0.0,0.0,0.0,1.0,0.0,0.0,0.0,0.0,0.0
6,5,0.0,0.0,0.0,0.0,0.0,1.0,0.0,0.0,0.0,0.0,0.0
6,5,0.0,0.0,0.0,0.0,0.0,1.0,0.0,0.0,0.0,0.0,0.0
6,5,0.0,0.0,0.0,0.0,0.0,1.0,0.0,0.0,0.0,0.0,0.0
6,5,0.0,0.0,0.0,0.0,0.0,1.0,0.0,0.0,0.0,0.0,0.0
6,5,0.0,0.0,0.0,0.0,0.0,1.0,0.0,0.0,0.0,0.0,0.0
6,5,0.0,0.0,0.0,0.0,0.0,1.0,0.0,0.0,0.0,0.0,0.0
6,5,0.0,0.0,0.0,0.0,0.0,1.0,0.0,0.0,0.0,0.0,0.0
6,5,0.0,0.0,0.0,0.0,0.0,1.0,0.0,0.0,0.0,0.0,0.0
6,5,0.0,0.0,0.0,0.0,0.0,1.0,0.0,0.0,0.0,0.0,0.0
6,5,0.0,0.0,0.0,0.0,0.0,1.0,0.0,0.0,0.0,0.0,0.0
6,5,0.0,0.0,0.0,0.0,0.0,1.0,0.0,0.0,0.0,0.0,0.0
6,5,0.0,0.0,0.0,0.0,0.0,1.0,0.0,0.0,0.0,0.0,0.0
6,5,0.0,0.0,0.0,0.0,0.0,1.0,0.0,0.0,0.0,0.0,0.0
6,5,0.0,0.0,0.0,0.0,0.0,1.0,0.0,0.0,0.0,0.0,0.0
6,5,0.0,0.0,0.0,0.0,0.0,1.0,0.0,0.0,0.0,0.0,0.0
6,5,0.0,0.0,0.0,0.0,0.0,1.0,0.0,0.0,0.0,0.0,0.0
6,5,0.0,0.0,0.0,0.0,0.0,1.0,0.0,0.0,0.0,0.0,0.0
6,5,0.0,0.0,0.0,0.0,0.0,1.0,0.0,0.0,0.0,0.0,0.0
6,5,0.0,0.0,0.0,0.0,0.0,1.0,0.0,0.0,0.0,0.0,0.0
6,5,0.0,0.0,0.0,0.0,0.0,1.0,0.0,0.0,0.0,0.0,0.0
6,5,0.0,0.0,0.0,0.0,0.0,1.0,0.0,0.0,0.0,0.0,0.0
6,5,0.0,0.0,0.0,0.0,0.0,1.0,0.0,0.0,0.0,0.0,0.0
6,5,0.0,0.0,0.0,0.0,0.0,1.0,0.0,0.0,0.0,0.0,0.0
6,5,0.0,0.0,0.0,0.0,0.0,1.0,0.0,0.0,0.0,0.0,0.0
6,5,0.0,0.0,0.0,0.0,0.0,1.0,0.0,0.0,0.0,0.0,0.0
6,5,0.0,0.0,0.0,0.0,0.0,1.0,0.0,0.0,0.0,0.0,0.0
6,5,0.0,0.0,0.0,0.0,0.0,1.0,0.0,0.0,0.0,0.0,0.0
6,5,0.0,0.0,0.0,0.0,0.0,1.0,0.0,0.0,0.0,0.0,0.0
6,5,0.0,0.0,0.0,0.0,0.0,1.0,0.0,0.0,0.0,0.0,0.0
6,5,0.0,0.0,0.0,0.0,0.0,1.0,0.0,0.0,0.0,0.0,0.0
6,5,0.0,0.0,0.0,0.0,0.0,1.0,0.0,0.0,0.0,0.0,0.0
6,5,0.0,0.0,0.0,0.0,0.0,1.0,0.0,0.0,0.0,0.0,0.0
6,5,0.0,0.0,0.0,0.0,0.0,1.0,0.0,0.0,0.0,0.0,0.0
6,5,0.0,0.0,0.0,0.0,0.0,1.0,0.0,0.0,0.0,0.0,0.0
6,5,0.0,0.0,0.0,0.0,0.0,1.0,0.0,0.0,0.0,0.0,0.0
6,5,0.0,0.0,0.0,0.0,0.0,1.0,0.0,0.0,0.0,0.0,0.0
6,5,0.0,0.0,0.0,0.0,0.0,1.0,0.0,0.0,0.0,0.0,0.0
6,5,0.0,0.0,0.0,0.0,0.0,1.0,0.0,0.0,0.0,0.0,0.0
6,5,0.0,0.0,0.0,0.0,0.0,1.0,0.0,0.0,0.0,0.0,0.0
6,5,0.0,0.0,0.0,0.0,0.0,1.0,0.0,0.0,0.0,0.0,0.0
6,5,0.0,0.0,0.0,0.0,0.0,1.0,0.0,0.0,0.0,0.0,0.0
6,5,0.0,0.0,0.0,0.0,0.0,1.0,0.0,0.0,0.0,0.0,0.0
6,5,0.0,0.0,0.0,0.0,0.0,1.0,0.0,0.0,0.0,0.0,0.0
6,5,0.0,0.0,0.0,0.0,0.0,1.0,0.0,0.0,0.0,0.0,0.0
6,5,0.0,0.0,0.0,0.0,0.0,1.0,0.0,0.0,0.0,0.0,0.0
6,5,0.0,0.0,0.0,0.0,0.0,1.0,0.0,0.0,0.0,0.0,0.0
6,5,0.0,0.0,0.0,0.0,0.0,1.0,0.0,0.0,0.0,0.0,0.0
6,5,0.0,0.0,0.0,0.0,0.0,1.0,0.0,0.0,0.0,0.0,0.0
6,5,0.0,0.0,0.0,0.0,0.0,1.0,0.0,0.0,0.0,0.0,0.0
6,5,0.0,0.0,0.0,0.0,0.0,1.0,0.0,0.0,0.0,0.0,0.0
6,5,0.0,0.0,0.0,0.0,0.0,1.0,0.0,0.0,0.0,0.0,0.0
6,5,0.0,0.0,0.0,0.0,0.0,1.0,0.0,0.0,0.0,0.0,0.0
6,5,0.0,0.0,0.0,0.0,0.0,1.0,0.0,0.0,0.0,0.0,0.0
6,5,0.0,0.0,0.0,0.0,0.0,1.0,0.0,0.0,0.0,0.0,0.0
6,5,0.0,0.0,0.0,0.0,0.0,1.0,0.0,0.0,0.0,0.0,0.0
6,5,0.0,0.0,0.0,0.0,0.0,1.0,0.0,0.0,0.0,0.0,0.0
6,5,0.0,0.0,0.0,0.0,0.0,1.0,0.0,0.0,0.0,0.0,0.0
6,5,0.0,0.0,0.0,0.0,0.0,1.0,0.0,0.0,0.0,0.0,0.0
6,5,0.0,0.0,0.0,0.0,0.0,1.0,0.0,0.0,0.0,0.0,0.0
6,5,0.0,0.0,0.0,0.0,0.0,1.0,0.0,0.0,0.0,0.0,0.0
6,5,0.0,0.0,0.0,0.0,0.0,1.0,0.0,0.0,0.0,0.0,0.0
6,5,0.0,0.0,0.0,0.0,0.0,1.0,0.0,0.0,0.0,0.0,0.0
6,5,0.0,0.0,0.0,0.0,0.0,0.9375,0.0625,0.0,0.0,0.0,0.0
6,5,0.0,0.0,0.0,0.0,0.0,0.9375,0.0625,0.0,0.0,0.0,0.0
6,5,0.0,0.0,0.0,0.0,0.0,0.9375,0.0625,0.0,0.0,0.0,0.0
6,5,0.0,0.0,0.0,0.0,0.0,0.9375,0.0625,0.0,0.0,0.0,0.0
6,5,0.0,0.0,0.0,0.0,0.0,0.9375,0.0625,0.0,0.0,0.0,0.0
6,5,0.0,0.0,0.0,0.0,0.0,0.9375,0.0625,0.0,0.0,0.0,0.0
6,5,0.0,0.0,0.0,0.0,0.0,0.9375,0.0625,0.0,0.0,0.0,0.0
6,5,0.0,0.0,0.0,0.0,0.0,0.9375,0.0625,0.0,0.0,0.0,0.0
6,5,0.0,0.0,0.0,0.0,0.0,0.9375,0.0625,0.0,0.0,0.0,0.0
6,5,0.0,0.0,0.0,0.0,0.0,0.9375,0.0625,0.0,0.0,0.0,0.0
6,5,0.0,0.0,0.0,0.0,0.0,0.9375,0.0625,0.0,0.0,0.0,0.0
6,5,0.0,0.0,0.0,0.0,0.0,0.9375,0.0625,0.0,0.0,0.0,0.0
6,5,0.0,0.0,0.0,0.0,0.0,0.9375,0.0625,0.0,0.0,0.0,0.0
6,5,0.0,0.0,0.0,0.0,0.0,0.9375,0.0625,0.0,0.0,0.0,0.0
6,5,0.0,0.0,0.0,0.0,0.0,0.9375,0.0625,0.0,0.0,0.0,0.0
6,5,0.0,0.0,0.0,0.0,0.0,0.9375,0.0625,0.0,0.0,0.0,0.0
6,5,0.0,0.0,0.0,0.0,0.0,0.9375,0.0625,0.0,0.0,0.0,0.0
6,5,0.0,0.0,0.0,0.0,0.0,0.9375,0.0625,0.0,0.0,0.0,0.0
6,5,0.0,0.0,0.0,0.0,0.0,0.9375,0.0625,0.0,0.0,0.0,0.0
6,5,0.0,0.0,0.0,0.0,0.0,0.9375,0.0625,0.0,0.0,0.0,0.0
6,5,0.0,0.0,0.0,0.0,0.0,0.9375,0.0625,0.0,0.0,0.0,0.0
6,5,0.0,0.0,0.0,0.0,0.0,0.9375,0.0625,0.0,0.0,0.0,0.0
6,5,0.0,0.0,0.0,0.0,0.0,0.9375,0.0625,0.0,0.0,0.0,0.0
6,5,0.0,0.0,0.0,0.0,0.0,0.9375,0.0625,0.0,0.0,0.0,0.0
6,5,0.0,0.0,0.0,0.0,0.0,0.9375,0.0625,0.0,0.0,0.0,0.0
6,5,0.0,0.0,0.0,0.0,0.0,0.9375,0.0625,0.0,0.0,0.0,0.0
6,5,0.0,0.0,0.0,0.0,0.0,0.9375,0.0625,0.0,0.0,0.0,0.0
6,5,0.0,0.0,0.0,0.0,0.0,0.9375,0.0625,0.0,0.0,0.0,0.0
6,5,0.0,0.0,0.0,0.0,0.0,0.9375,0.0625,0.0,0.0,0.0,0.0
6,5,0.0,0.0,0.0,0.0,0.0,0.9375,0.0625,0.0,0.0,0.0,0.0
6,5,0.0,0.0,0.0,0.0,0.0,0.9375,0.0625,0.0,0.0,0.0,0.0
6,5,0.0,0.0,0.0,0.0,0.0,0.9375,0.0625,0.0,0.0,0.0,0.0
6,5,0.0,0.0,0.0,0.0,0.0,0.9375,0.0625,0.0,0.0,0.0,0.0
6,5,0.0,0.0,0.0,0.0,0.0,0.9375,0.0625,0.0,0.0,0.0,0.0
6,5,0.0,0.0,0.0,0.0,0.0,0.9375,0.0625,0.0,0.0,0.0,0.0
6,5,0.0,0.0,0.0,0.0,0.0,0.9375,0.0625,0.0,0.0,0.0,0.0
6,5,0.0,0.0,0.0,0.0,0.0,0.9375,0.0625,0.0,0.0,0.0,0.0
6,5,0.0,0.0,0.0,0.0,0.0,0.9375,0.0625,0.0,0.0,0.0,0.0
6,5,0.0,0.0,0.0,0.0,0.0,0.9375,0.0625,0.0,0.0,0.0,0.0
6,5,0.0,0.0,0.0,0.0,0.0,0.9375,0.0625,0.0,0.0,0.0,0.0
6,5,0.0,0.0,0.0,0.0,0.0,0.9375,0.0625,0.0,0.0,0.0,0.0
6,5,0.0,0.0,0.0,0.0,0.0,0.9375,0.0625,0.0,0.0,0.0,0.0
6,5,0.0,0.0,0.0,0.0,0.0,0.9375,0.0625,0.0,0.0,0.0,0.0
6,5,0.0,0.0,0.0,0.0,0.0,0.9375,0.0625,0.0,0.0,0.0,0.0
6,5,0.0,0.0,0.0,0.0,0.0,0.9375,0.0625,0.0,0.0,0.0,0.0
6,5,0.0,0.0,0.0,0.0,0.0,0.9375,0.0625,0.0,0.0,0.0,0.0
6,5,0.0,0.0,0.0,0.0,0.0,0.9375,0.0625,0.0,0.0,0.0,0.0
6,5,0.0,0.0,0.0,0.0,0.0,0.9375,0.0625,0.0,0.0,0.0,0.0
6,5,0.0,0.0,0.0,0.0,0.0,0.9375,0.0625,0.0,0.0,0.0,0.0
6,5,0.0,0.0,0.0,0.0,0.0,0.9375,0.0625,0.0,0.0,0.0,0.0
6,5,0.0,0.0,0.0,0.0,0.0,0.9375,0.0625,0.0,0.0,0.0,0.0
6,5,0.0,0.0,0.0,0.0,0.0,0.9375,0.0625,0.0,0.0,0.0,0.0
6,5,0.0,0.0,0.0,0.0,0.0,0.9375,0.0625,0.0,0.0,0.0,0.0
6,5,0.0,0.0,0.0,0.0,0.0,0.9375,0.0625,0.0,0.0,0.0,0.0
6,5,0.0,0.0,0.0,0.0,0.0,0.9375,0.0625,0.0,0.0,0.0,0.0
6,5,0.0,0.0,0.0,0.0,0.0,0.9375,0.0625,0.0,0.0,0.0,0.0
6,5,0.0,0.0,0.0,0.0,0.0,0.9375,0.0625,0.0,0.0,0.0,0.0
6,5,0.0,0.0,0.0,0.0,0.0,0.9375,0.0625,0.0,0.0,0.0,0.0
6,5,0.0,0.0,0.0,0.0,0.0,0.9375,0.0625,0.0,0.0,0.0,0.0
6,5,0.0,0.0,0.0,0.0,0.0,0.9375,0.0625,0.0,0.0,0.0,0.0
6,5,0.0,0.0,0.0,0.0,0.0,0.9375,0.0625,0.0,0.0,0.0,0.0
6,5,0.0,0.0,0.0,0.0,0.0,0.9375,0.0625,0.0,0.0,0.0,0.0
6,5,0.0,0.0,0.0,0.0,0.0,0.9375,0.0625,0.0,0.0,0.0,0.0
6,5,0.0,0.0,0.0,0.0,0.0,0.9375,0.0625,0.0,0.0,0.0,0.0
6,5,0.0,0.0,0.0,0.0,0.0,0.9375,0.0625,0.0,0.0,0.0,0.0
6,5,0.0,0.0,0.0,0.0,0.0,0.9375,0.0625,0.0,0.0,0.0,0.0
6,5,0.0,0.0,0.0,0.0,0.0,0.9375,0.0625,0.0,0.0,0.0,0.0
6,5,0.0,0.0,0.0,0.0,0.0,0.9375,0.0625,0.0,0.0,0.0,0.0
6,5,0.0,0.0,0.0,0.0,0.0,0.9375,0.0625,0.0,0.0,0.0,0.0
6,5,0.0,0.0,0.0,0.0,0.0,0.9375,0.0625,0.0,0.0,0.0,0.0
6,5,0.0,0.0,0.0,0.0,0.0,0.9375,0.0625,0.0,0.0,0.0,0.0
6,5,0.0,0.0,0.0,0.0,0.0,0.9375,0.0625,0.0,0.0,0.0,0.0
6,5,0.0,0.0,0.0,0.0,0.0,0.9375,0.0625,0.0,0.0,0.0,0.0
6,5,0.0,0.0,0.0,0.0,0.0,0.9375,0.0625,0.0,0.0,0.0,0.0
6,5,0.0,0.0,0.0,0.0,0.0,0.9375,0.0625,0.0,0.0,0.0,0.0
6,5,0.0,0.0,0.0,0.0,0.0,0.9375,0.0625,0.0,0.0,0.0,0.0
6,5,0.0,0.0,0.0,0.0,0.0,0.9375,0.0625,0.0,0.0,0.0,0.0
6,5,0.0,0.0,0.0,0.0,0.0,0.9375,0.0625,0.0,0.0,0.0,0.0
6,5,0.0,0.0,0.0,0.0,0.0,0.9375,0.0625,0.0,0.0,0.0,0.0
6,5,0.0,0.0,0.0,0.0,0.0,0.9375,0.0625,0.0,0.0,0.0,0.0
6,5,0.0,0.0,0.0,0.0,0.0,0.9375,0.0625,0.0,0.0,0.0,0.0
6,5,0.0,0.0,0.0,0.0,0.0,0.9375,0.0625,0.0,0.0,0.0,0.0
6,5,0.0,0.0,0.0,0.0,0.0,0.9375,0.0625,0.0,0.0,0.0,0.0
6,5,0.0,0.0,0.0,0.0,0.0,0.9375,0.0625,0.0,0.0,0.0,0.0
6,5,0.0,0.0,0.0,0.0,0.0,0.9375,0.0625,0.0,0.0,0.0,0.0
6,5,0.0,0.0,0.0,0.0,0.0,0.9375,0.0625,0.0,0.0,0.0,0.0
6,5,0.0,0.0,0.0,0.0,0.0,0.9375,0.0625,0.0,0.0,0.0,0.0
6,5,0.0,0.0,0.0,0.0,0.0,0.9375,0.0625,0.0,0.0,0.0,0.0
6,5,0.0,0.0,0.0,0.0,0.0,0.9375,0.0625,0.0,0.0,0.0,0.0
6,5,0.0,0.0,0.0,0.0,0.0,0.9375,0.0625,0.0,0.0,0.0,0.0
6,5,0.0,0.0,0.0,0.0,0.0,0.9375,0.0625,0.0,0.0,0.0,0.0
6,5,0.0,0.0,0.0,0.0,0.0,0.9375,0.0625,0.0,0.0,0.0,0.0
6,5,0.0,0.0,0.0,0.0,0.0,0.9375,0.0625,0.0,0.0,0.0,0.0
6,5,0.0,0.0,0.0,0.0,0.0,0.9375,0.0625,0.0,0.0,0.0,0.0
6,5,0.0,0.0,0.0,0.0,0.0,0.9375,0.0625,0.0,0.0,0.0,0.0
6,5,0.0,0.0,0.0,0.0,0.0,0.9375,0.0625,0.0,0.0,0.0,0.0
6,5,0.0,0.0,0.0,0.0,0.0,0.9375,0.0625,0.0,0.0,0.0,0.0
6,5,0.0,0.0,0.0,0.0,0.0,0.9375,0.0625,0.0,0.0,0.0,0.0
6,5,0.0,0.0,0.0,0.0,0.0,0.9375,0.0625,0.0,0.0,0.0,0.0
6,5,0.0,0.0,0.0,0.0,0.0,0.9375,0.0625,0.0,0.0,0.0,0.0
6,5,0.0,0.0,0.0,0.0,0.0,0.9375,0.0625,0.0,0.0,0.0,0.0
6,5,0.0,0.0,0.0,0.0,0.0,0.9375,0.0625,0.0,0.0,0.0,0.0
6,5,0.0,0.0,0.0,0.0,0.0,0.9375,0.0625,0.0,0.0,0.0,0.0
6,5,0.0,0.0,0.0,0.0,0.0,0.9375,0.0625,0.0,0.0,0.0,0.0
6,5,0.0,0.0,0.0,0.0,0.0,0.9375,0.0625,0.0,0.0,0.0,0.0
6,5,0.0,0.0,0.0,0.0,0.0,0.9375,0.0625,0.0,0.0,0.0,0.0
6,5,0.0,0.0,0.0,0.0,0.0,0.9375,0.0625,0.0,0.0,0.0,0.0
6,5,0.0,0.0,0.0,0.0,0.0,0.9375,0.0625,0.0,0.0,0.0,0.0
6,5,0.0,0.0,0.0,0.0,0.0,0.9375,0.0625,0.0,0.0,0.0,0.0
6,5,0.0,0.0,0.0,0.0,0.0,0.9375,0.0625,0.0,0.0,0.0,0.0
6,5,0.0,0.0,0.0,0.0,0.0,0.9375,0.0625,0.0,0.0,0.0,0.0
6,5,0.0,0.0,0.0,0.0,0.0,0.9375,0.0625,0.0,0.0,0.0,0.0
6,5,0.0,0.0,0.0,0.0,0.0,0.9375,0.0625,0.0,0.0,0.0,0.0
6,5,0.0,0.0,0.0,0.0,0.0,0.9375,0.0625,0.0,0.0,0.0,0.0
6,5,0.0,0.0,0.0,0.0,0.0,0.9375,0.0625,0.0,0.0,0.0,0.0
6,5,0.0,0.0,0.0,0.0,0.0,0.9375,0.0625,0.0,0.0,0.0,0.0
6,5,0.0,0.0,0.0,0.0,0.0,0.9375,0.0625,0.0,0.0,0.0,0.0
6,5,0.0,0.0,0.0,0.0,0.0,0.9375,0.0625,0.0,0.0,0.0,0.0
6,5,0.0,0.0,0.0,0.0,0.0,0.9375,0.0625,0.0,0.0,0.0,0.0
6,5,0.0,0.0,0.0,0.0,0.0,0.9375,0.0625,0.0,0.0,0.0,0.0
6,5,0.0,0.0,0.0,0.0,0.0,0.9375,0.0625,0.0,0.0,0.0,0.0
6,5,0.0,0.0,0.0,0.0,0.0,0.9375,0.0625,0.0,0.0,0.0,0.0
6,5,0.0,0.0,0.0,0.0,0.0,0.9375,0.0625,0.0,0.0,0.0,0.0
6,5,0.0,0.0,0.0,0.0,0.0,0.9375,0.0625,0.0,0.0,0.0,0.0
6,5,0.0,0.0,0.0,0.0,0.0,0.9375,0.0625,0.0,0.0,0.0,0.0
6,5,0.0,0.0,0.0,0.0,0.0,0.9375,0.0625,0.0,0.0,0.0,0.0
6,5,0.0,0.0,0.0,0.0,0.0,0.9375,0.0625,0.0,0.0,0.0,0.0
6,5,0.0,0.0,0.0,0.0,0.0,0.9375,0.0625,0.0,0.0,0.0,0.0
6,5,0.0,0.0,0.0,0.0,0.0,0.9375,0.0625,0.0,0.0,0.0,0.0
6,5,0.0,0.0,0.0,0.0,0.0,0.9375,0.0625,0.0,0.0,0.0,0.0
6,5,0.0,0.0,0.0,0.0,0.0,0.9375,0.0625,0.0,0.0,0.0,0.0
6,5,0.0,0.0,0.0,0.0,0.0,0.9375,0.0625,0.0,0.0,0.0,0.0
6,5,0.0,0.0,0.0,0.0,0.0,0.9375,0.0625,0.0,0.0,0.0,0.0
6,5,0.0,0.0,0.0,0.0,0.0,1.0,0.0,0.0,0.0,0.0,0.0
6,5,0.0,0.0,0.0,0.0,0.0,1.0,0.0,0.0,0.0,0.0,0.0
6,5,0.0,0.0,0.0,0.0,0.0,1.0,0.0,0.0,0.0,0.0,0.0
6,5,0.0,0.0,0.0,0.0,0.0,1.0,0.0,0.0,0.0,0.0,0.0
6,5,0.0,0.0,0.0,0.0,0.0,1.0,0.0,0.0,0.0,0.0,0.0
6,5,0.0,0.0,0.0,0.0,0.0,1.0,0.0,0.0,0.0,0.0,0.0
6,5,0.0,0.0,0.0,0.0,0.0,1.0,0.0,0.0,0.0,0.0,0.0
6,5,0.0,0.0,0.0,0.0,0.0,1.0,0.0,0.0,0.0,0.0,0.0
6,5,0.0,0.0,0.0,0.0,0.0,1.0,0.0,0.0,0.0,0.0,0.0
6,5,0.0,0.0,0.0,0.0,0.0,1.0,0.0,0.0,0.0,0.0,0.0
6,5,0.0,0.0,0.0,0.0,0.0,1.0,0.0,0.0,0.0,0.0,0.0
6,5,0.0,0.0,0.0,0.0,0.0,1.0,0.0,0.0,0.0,0.0,0.0
6,5,0.0,0.0,0.0,0.0,0.0,1.0,0.0,0.0,0.0,0.0,0.0
6,5,0.0,0.0,0.0,0.0,0.0,1.0,0.0,0.0,0.0,0.0,0.0
6,5,0.0,0.0,0.0,0.0,0.0,1.0,0.0,0.0,0.0,0.0,0.0
6,5,0.0,0.0,0.0,0.0,0.0,1.0,0.0,0.0,0.0,0.0,0.0
6,5,0.0,0.0,0.0,0.0,0.0,1.0,0.0,0.0,0.0,0.0,0.0
6,5,0.0,0.0,0.0,0.0,0.0,1.0,0.0,0.0,0.0,0.0,0.0
6,5,0.0,0.0,0.0,0.0,0.0,1.0,0.0,0.0,0.0,0.0,0.0
6,5,0.0,0.0,0.0,0.0,0.0,1.0,0.0,0.0,0.0,0.0,0.0
6,5,0.0,0.0,0.0,0.0,0.0,1.0,0.0,0.0,0.0,0.0,0.0
6,5,0.0,0.0,0.0,0.0,0.0,1.0,0.0,0.0,0.0,0.0,0.0
6,5,0.0,0.0,0.0,0.0,0.0,1.0,0.0,0.0,0.0,0.0,0.0
6,5,0.0,0.0,0.0,0.0,0.0,1.0,0.0,0.0,0.0,0.0,0.0
6,5,0.0,0.0,0.0,0.0,0.0,1.0,0.0,0.0,0.0,0.0,0.0
6,5,0.0,0.0,0.0,0.0,0.0,1.0,0.0,0.0,0.0,0.0,0.0
6,5,0.0,0.0,0.0,0.0,0.0,1.0,0.0,0.0,0.0,0.0,0.0
6,5,0.0,0.0,0.0,0.0,0.0,1.0,0.0,0.0,0.0,0.0,0.0
6,5,0.0,0.0,0.0,0.0,0.0,1.0,0.0,0.0,0.0,0.0,0.0
6,5,0.0,0.0,0.0,0.0,0.0,1.0,0.0,0.0,0.0,0.0,0.0
6,5,0.0,0.0,0.0,0.0,0.0,1.0,0.0,0.0,0.0,0.0,0.0
6,5,0.0,0.0,0.0,0.0,0.0,1.0,0.0,0.0,0.0,0.0,0.0
6,5,0.0,0.0,0.0,0.0,0.0,1.0,0.0,0.0,0.0,0.0,0.0
6,5,0.0,0.0,0.0,0.0,0.0,1.0,0.0,0.0,0.0,0.0,0.0
6,5,0.0,0.0,0.0,0.0,0.0,1.0,0.0,0.0,0.0,0.0,0.0
6,5,0.0,0.0,0.0,0.0,0.0,1.0,0.0,0.0,0.0,0.0,0.0
6,5,0.0,0.0,0.0,0.0,0.0,1.0,0.0,0.0,0.0,0.0,0.0
6,5,0.0,0.0,0.0,0.0,0.0,1.0,0.0,0.0,0.0,0.0,0.0
6,5,0.0,0.0,0.0,0.0,0.0,1.0,0.0,0.0,0.0,0.0,0.0
6,5,0.0,0.0,0.0,0.0,0.0,1.0,0.0,0.0,0.0,0.0,0.0
6,5,0.0,0.0,0.0,0.0,0.0,1.0,0.0,0.0,0.0,0.0,0.0
6,5,0.0,0.0,0.0,0.0,0.0,1.0,0.0,0.0,0.0,0.0,0.0
6,5,0.0,0.0,0.0,0.0,0.0,1.0,0.0,0.0,0.0,0.0,0.0
6,5,0.0,0.0,0.0,0.0,0.0,1.0,0.0,0.0,0.0,0.0,0.0
6,5,0.0,0.0,0.0,0.0,0.0,1.0,0.0,0.0,0.0,0.0,0.0
6,5,0.0,0.0,0.0,0.0,0.0,1.0,0.0,0.0,0.0,0.0,0.0
6,5,0.0,0.0,0.0,0.0,0.0,1.0,0.0,0.0,0.0,0.0,0.0
6,5,0.0,0.0,0.0,0.0,0.0,1.0,0.0,0.0,0.0,0.0,0.0
6,5,0.0,0.0,0.0,0.0,0.0,1.0,0.0,0.0,0.0,0.0,0.0
6,5,0.0,0.0,0.0,0.0,0.0,1.0,0.0,0.0,0.0,0.0,0.0
6,5,0.0,0.0,0.0,0.0,0.0,1.0,0.0,0.0,0.0,0.0,0.0
6,5,0.0,0.0,0.0,0.0,0.0,1.0,0.0,0.0,0.0,0.0,0.0
6,5,0.0,0.0,0.0,0.0,0.0,1.0,0.0,0.0,0.0,0.0,0.0
6,5,0.0,0.0,0.0,0.0,0.0,1.0,0.0,0.0,0.0,0.0,0.0
6,5,0.0,0.0,0.0,0.0,0.0,1.0,0.0,0.0,0.0,0.0,0.0
6,5,0.0,0.0,0.0,0.0,0.0,1.0,0.0,0.0,0.0,0.0,0.0
6,5,0.0,0.0,0.0,0.0,0.0,1.0,0.0,0.0,0.0,0.0,0.0
6,5,0.0,0.0,0.0,0.0,0.0,1.0,0.0,0.0,0.0,0.0,0.0
6,5,0.0,0.0,0.0,0.0,0.0,1.0,0.0,0.0,0.0,0.0,0.0
6,5,0.0,0.0,0.0,0.0,0.0,1.0,0.0,0.0,0.0,0.0,0.0
6,5,0.0,0.0,0.0,0.0,0.0,1.0,0.0,0.0,0.0,0.0,0.0
6,5,0.0,0.0,0.0,0.0,0.0,1.0,0.0,0.0,0.0,0.0,0.0
6,5,0.0,0.0,0.0,0.0,0.0,1.0,0.0,0.0,0.0,0.0,0.0
6,5,0.0,0.0,0.0,0.0,0.0,1.0,0.0,0.0,0.0,0.0,0.0
6,5,0.0,0.0,0.0,0.0,0.0,1.0,0.0,0.0,0.0,0.0,0.0
6,5,0.0,0.0,0.0,0.0,0.0,1.0,0.0,0.0,0.0,0.0,0.0
6,5,0.0,0.0,0.0,0.0,0.0,1.0,0.0,0.0,0.0,0.0,0.0
6,5,0.0,0.0,0.0,0.0,0.0,1.0,0.0,0.0,0.0,0.0,0.0
6,5,0.0,0.0,0.0,0.0,0.0,1.0,0.0,0.0,0.0,0.0,0.0
6,5,0.0,0.0,0.0,0.0,0.0,1.0,0.0,0.0,0.0,0.0,0.0
6,5,0.0,0.0,0.0,0.0,0.0,1.0,0.0,0.0,0.0,0.0,0.0
6,5,0.0,0.0,0.0,0.0,0.0,1.0,0.0,0.0,0.0,0.0,0.0
6,5,0.0,0.0,0.0,0.0,0.0,1.0,0.0,0.0,0.0,0.0,0.0
6,5,0.0,0.0,0.0,0.0,0.0,1.0,0.0,0.0,0.0,0.0,0.0
6,5,0.0,0.0,0.0,0.0,0.0,1.0,0.0,0.0,0.0,0.0,0.0
6,5,0.0,0.0,0.0,0.0,0.0,1.0,0.0,0.0,0.0,0.0,0.0
6,5,0.0,0.0,0.0,0.0,0.0,1.0,0.0,0.0,0.0,0.0,0.0
6,5,0.0,0.0,0.0,0.0,0.0,1.0,0.0,0.0,0.0,0.0,0.0
6,5,0.0,0.0,0.0,0.0,0.0,1.0,0.0,0.0,0.0,0.0,0.0
6,5,0.0,0.0,0.0,0.0,0.0,1.0,0.0,0.0,0.0,0.0,0.0
6,5,0.0,0.0,0.0,0.0,0.0,1.0,0.0,0.0,0.0,0.0,0.0
6,5,0.0,0.0,0.0,0.0,0.0,1.0,0.0,0.0,0.0,0.0,0.0
6,5,0.0,0.0,0.0,0.0,0.0,1.0,0.0,0.0,0.0,0.0,0.0
6,5,0.0,0.0,0.0,0.0,0.0,1.0,0.0,0.0,0.0,0.0,0.0
6,5,0.0,0.0,0.0,0.0,0.0,1.0,0.0,0.0,0.0,0.0,0.0
6,5,0.0,0.0,0.0,0.0,0.0,1.0,0.0,0.0,0.0,0.0,0.0
6,5,0.0,0.0,0.0,0.0,0.0,1.0,0.0,0.0,0.0,0.0,0.0
6,5,0.0,0.0,0.0,0.0,0.0,0.9375,0.0625,0.0,0.0,0.0,0.0
6,5,0.0,0.0,0.0,0.0,0.0,0.9375,0.0625,0.0,0.0,0.0,0.0
6,5,0.0,0.0,0.0,0.0,0.0,0.9375,0.0625,0.0,0.0,0.0,0.0
6,5,0.0,0.0,0.0,0.0,0.0,0.9375,0.0625,0.0,0.0,0.0,0.0
6,5,0.0,0.0,0.0,0.0,0.0,0.9375,0.0625,0.0,0.0,0.0,0.0
6,5,0.0,0.0,0.0,0.0,0.0,0.875,0.125,0.0,0.0,0.0,0.0
6,5,0.0,0.0,0.0,0.0,0.0,0.875,0.125,0.0,0.0,0.0,0.0
6,5,0.0,0.0,0.0,0.0,0.0,0.875,0.125,0.0,0.0,0.0,0.0
6,5,0.0,0.0,0.0,0.0,0.0,0.875,0.125,0.0,0.0,0.0,0.0
6,5,0.0,0.0,0.0,0.0,0.0,0.875,0.125,0.0,0.0,0.0,0.0
6,5,0.0,0.0,0.0,0.0,0.0,0.875,0.125,0.0,0.0,0.0,0.0
6,5,0.0,0.0,0.0,0.0,0.0,0.875,0.125,0.0,0.0,0.0,0.0
6,5,0.0,0.0,0.0,0.0,0.0,0.875,0.125,0.0,0.0,0.0,0.0
6,5,0.0,0.0,0.0,0.0,0.0,0.875,0.125,0.0,0.0,0.0,0.0
6,5,0.0,0.0,0.0,0.0,0.0,0.875,0.125,0.0,0.0,0.0,0.0
6,5,0.0,0.0,0.0,0.0,0.0,0.875,0.125,0.0,0.0,0.0,0.0
6,5,0.0,0.0,0.0,0.0,0.0,0.875,0.125,0.0,0.0,0.0,0.0
6,5,0.0,0.0,0.0,0.0,0.0,0.875,0.125,0.0,0.0,0.0,0.0
6,5,0.0,0.0,0.0,0.0,0.0,0.875,0.125,0.0,0.0,0.0,0.0
6,5,0.0,0.0,0.0,0.0,0.0,0.875,0.125,0.0,0.0,0.0,0.0
6,5,0.0,0.0,0.0,0.0,0.0,0.875,0.125,0.0,0.0,0.0,0.0
6,5,0.0,0.0,0.0,0.0,0.0,0.875,0.125,0.0,0.0,0.0,0.0
6,5,0.0,0.0,0.0,0.0,0.0,0.875,0.125,0.0,0.0,0.0,0.0
6,5,0.0,0.0,0.0,0.0,0.0,0.875,0.125,0.0,0.0,0.0,0.0
6,5,0.0,0.0,0.0,0.0,0.0,0.875,0.125,0.0,0.0,0.0,0.0
6,5,0.0,0.0,0.0,0.0,0.0,0.875,0.125,0.0,0.0,0.0,0.0
6,5,0.0,0.0,0.0,0.0,0.0,0.875,0.125,0.0,0.0,0.0,0.0
6,5,0.0,0.0,0.0,0.0,0.0,0.875,0.125,0.0,0.0,0.0,0.0
6,5,0.0,0.0,0.0,0.0,0.0,0.875,0.125,0.0,0.0,0.0,0.0
6,5,0.0,0.0,0.0,0.0,0.0,0.875,0.125,0.0,0.0,0.0,0.0
6,5,0.0,0.0,0.0,0.0,0.0,0.875,0.125,0.0,0.0,0.0,0.0
6,5,0.0,0.0,0.0,0.0,0.0,0.875,0.125,0.0,0.0,0.0,0.0
6,5,0.0,0.0,0.0,0.0,0.0,0.875,0.125,0.0,0.0,0.0,0.0
6,5,0.0,0.0,0.0,0.0,0.0,0.875,0.125,0.0,0.0,0.0,0.0
6,5,0.0,0.0,0.0,0.0,0.0,0.875,0.125,0.0,0.0,0.0,0.0
6,5,0.0,0.0,0.0,0.0,0.0,0.875,0.125,0.0,0.0,0.0,0.0
6,5,0.0,0.0,0.0,0.0,0.0,0.875,0.125,0.0,0.0,0.0,0.0
6,5,0.0,0.0,0.0,0.0,0.0,0.875,0.125,0.0,0.0,0.0,0.0
6,5,0.0,0.0,0.0,0.0,0.0,0.875,0.125,0.0,0.0,0.0,0.0
6,5,0.0,0.0,0.0,0.0,0.0,0.875,0.125,0.0,0.0,0.0,0.0
6,5,0.0,0.0,0.0,0.0,0.0,0.875,0.125,0.0,0.0,0.0,0.0
6,5,0.0,0.0,0.0,0.0,0.0,0.875,0.125,0.0,0.0,0.0,0.0
6,5,0.0,0.0,0.0,0.0,0.0,0.875,0.125,0.0,0.0,0.0,0.0
6,5,0.0,0.0,0.0,0.0,0.0,0.875,0.125,0.0,0.0,0.0,0.0
6,5,0.0,0.0,0.0,0.0,0.0,0.875,0.125,0.0,0.0,0.0,0.0
6,5,0.0,0.0,0.0,0.0,0.0,0.875,0.125,0.0,0.0,0.0,0.0
6,5,0.0,0.0,0.0,0.0,0.0,0.875,0.125,0.0,0.0,0.0,0.0
6,5,0.0,0.0,0.0,0.0,0.0,0.875,0.125,0.0,0.0,0.0,0.0
6,5,0.0,0.0,0.0,0.0,0.0,0.875,0.125,0.0,0.0,0.0,0.0
6,5,0.0,0.0,0.0,0.0,0.0,0.875,0.125,0.0,0.0,0.0,0.0
6,5,0.0,0.0,0.0,0.0,0.0,0.875,0.125,0.0,0.0,0.0,0.0
6,5,0.0,0.0,0.0,0.0,0.0,0.875,0.125,0.0,0.0,0.0,0.0
6,5,0.0,0.0,0.0,0.0,0.0,0.875,0.125,0.0,0.0,0.0,0.0
6,5,0.0,0.0,0.0,0.0,0.0,0.875,0.125,0.0,0.0,0.0,0.0
6,5,0.0,0.0,0.0,0.0,0.0,0.875,0.125,0.0,0.0,0.0,0.0
6,5,0.0,0.0,0.0,0.0,0.0,0.875,0.125,0.0,0.0,0.0,0.0
6,5,0.0,0.0,0.0,0.0,0.0,0.875,0.125,0.0,0.0,0.0,0.0
6,5,0.0,0.0,0.0,0.0,0.0,0.875,0.125,0.0,0.0,0.0,0.0
6,5,0.0,0.0,0.0,0.0,0.0,0.875,0.125,0.0,0.0,0.0,0.0
6,5,0.0,0.0,0.0,0.0,0.0,0.875,0.125,0.0,0.0,0.0,0.0
6,5,0.0,0.0,0.0,0.0,0.0,0.875,0.125,0.0,0.0,0.0,0.0
6,5,0.0,0.0,0.0,0.0,0.0,0.875,0.125,0.0,0.0,0.0,0.0
6,5,0.0,0.0,0.0,0.0,0.0,0.875,0.125,0.0,0.0,0.0,0.0
6,5,0.0,0.0,0.0,0.0,0.0,0.875,0.125,0.0,0.0,0.0,0.0
6,5,0.0,0.0,0.0,0.0,0.0,0.875,0.125,0.0,0.0,0.0,0.0
6,5,0.0,0.0,0.0,0.0,0.0,0.875,0.125,0.0,0.0,0.0,0.0
6,5,0.0,0.0,0.0,0.0,0.0,0.875,0.125,0.0,0.0,0.0,0.0
6,5,0.0,0.0,0.0,0.0,0.0,0.875,0.125,0.0,0.0,0.0,0.0
6,5,0.0,0.0,0.0,0.0,0.0,0.875,0.125,0.0,0.0,0.0,0.0
6,5,0.0,0.0,0.0,0.0,0.0,0.875,0.125,0.0,0.0,0.0,0.0
6,5,0.0,0.0,0.0,0.0,0.0,0.875,0.125,0.0,0.0,0.0,0.0
6,5,0.0,0.0,0.0,0.0,0.0,0.875,0.125,0.0,0.0,0.0,0.0
6,5,0.0,0.0,0.0,0.0,0.0,0.875,0.125,0.0,0.0,0.0,0.0
6,5,0.0,0.0,0.0,0.0,0.0,0.875,0.125,0.0,0.0,0.0,0.0
6,5,0.0,0.0,0.0,0.0,0.0,0.875,0.125,0.0,0.0,0.0,0.0
6,5,0.0,0.0,0.0,0.0,0.0,0.875,0.125,0.0,0.0,0.0,0.0
6,5,0.0,0.0,0.0,0.0,0.0,0.875,0.125,0.0,0.0,0.0,0.0
6,5,0.0,0.0,0.0,0.0,0.0,0.875,0.125,0.0,0.0,0.0,0.0
6,5,0.0,0.0,0.0,0.0,0.0,0.875,0.125,0.0,0.0,0.0,0.0
6,5,0.0,0.0,0.0,0.0,0.0,0.875,0.125,0.0,0.0,0.0,0.0
6,5,0.0,0.0,0.0,0.0,0.0,0.875,0.125,0.0,0.0,0.0,0.0
6,5,0.0,0.0,0.0,0.0,0.0,0.875,0.125,0.0,0.0,0.0,0.0
6,5,0.0,0.0,0.0,0.0,0.0,0.875,0.125,0.0,0.0,0.0,0.0
6,5,0.0,0.0,0.0,0.0,0.0,0.875,0.125,0.0,0.0,0.0,0.0
6,5,0.0,0.0,0.0,0.0,0.0,0.875,0.125,0.0,0.0,0.0,0.0
6,5,0.0,0.0,0.0,0.0,0.0,0.875,0.125,0.0,0.0,0.0,0.0
6,5,0.0,0.0,0.0,0.0,0.0,0.875,0.125,0.0,0.0,0.0,0.0
6,5,0.0,0.0,0.0,0.0,0.0,0.875,0.125,0.0,0.0,0.0,0.0
6,5,0.0,0.0,0.0,0.0,0.0,0.875,0.125,0.0,0.0,0.0,0.0
6,5,0.0,0.0,0.0,0.0,0.0,0.875,0.125,0.0,0.0,0.0,0.0
6,5,0.0,0.0,0.0,0.0,0.0,0.875,0.125,0.0,0.0,0.0,0.0
6,5,0.0,0.0,0.0,0.0,0.0,0.875,0.125,0.0,0.0,0.0,0.0
6,5,0.0,0.0,0.0,0.0,0.0,0.875,0.125,0.0,0.0,0.0,0.0
6,5,0.0,0.0,0.0,0.0,0.0,0.875,0.125,0.0,0.0,0.0,0.0
6,5,0.0,0.0,0.0,0.0,0.0,0.875,0.125,0.0,0.0,0.0,0.0
6,5,0.0,0.0,0.0,0.0,0.0,0.875,0.125,0.0,0.0,0.0,0.0
6,5,0.0,0.0,0.0,0.0,0.0,0.875,0.125,0.0,0.0,0.0,0.0
6,5,0.0,0.0,0.0,0.0,0.0,0.875,0.125,0.0,0.0,0.0,0.0
6,5,0.0,0.0,0.0,0.0,0.0,0.875,0.125,0.0,0.0,0.0,0.0
6,5,0.0,0.0,0.0,0.0,0.0,0.875,0.125,0.0,0.0,0.0,0.0
6,5,0.0,0.0,0.0,0.0,0.0,0.875,0.125,0.0,0.0,0.0,0.0
6,5,0.0,0.0,0.0,0.0,0.0,0.875,0.125,0.0,0.0,0.0,0.0
6,5,0.0,0.0,0.0,0.0,0.0,0.875,0.125,0.0,0.0,0.0,0.0
6,5,0.0,0.0,0.0,0.0,0.0,0.875,0.125,0.0,0.0,0.0,0.0
6,5,0.0,0.0,0.0,0.0,0.0,0.875,0.125,0.0,0.0,0.0,0.0
6,5,0.0,0.0,0.0,0.0,0.0,0.875,0.125,0.0,0.0,0.0,0.0
6,5,0.0,0.0,0.0,0.0,0.0,0.875,0.125,0.0,0.0,0.0,0.0
6,5,0.0,0.0,0.0,0.0,0.0,0.875,0.125,0.0,0.0,0.0,0.0
6,5,0.0,0.0,0.0,0.0,0.0,0.875,0.125,0.0,0.0,0.0,0.0
6,5,0.0,0.0,0.0,0.0,0.0,0.875,0.125,0.0,0.0,0.0,0.0
6,5,0.0,0.0,0.0,0.0,0.0,0.875,0.125,0.0,0.0,0.0,0.0
6,5,0.0,0.0,0.0,0.0,0.0,0.875,0.125,0.0,0.0,0.0,0.0
6,5,0.0,0.0,0.0,0.0,0.0,0.875,0.125,0.0,0.0,0.0,0.0
6,5,0.0,0.0,0.0,0.0,0.0,0.875,0.125,0.0,0.0,0.0,0.0
6,5,0.0,0.0,0.0,0.0,0.0,0.875,0.125,0.0,0.0,0.0,0.0
6,5,0.0,0.0,0.0,0.0,0.0,0.875,0.125,0.0,0.0,0.0,0.0
6,5,0.0,0.0,0.0,0.0,0.0,0.875,0.125,0.0,0.0,0.0,0.0
6,5,0.0,0.0,0.0,0.0,0.0,0.875,0.125,0.0,0.0,0.0,0.0
6,5,0.0,0.0,0.0,0.0,0.0,0.875,0.125,0.0,0.0,0.0,0.0
6,5,0.0,0.0,0.0,0.0,0.0,0.875,0.125,0.0,0.0,0.0,0.0
6,5,0.0,0.0,0.0,0.0,0.0,0.875,0.125,0.0,0.0,0.0,0.0
6,5,0.0,0.0,0.0,0.0,0.0,0.875,0.125,0.0,0.0,0.0,0.0
6,5,0.0,0.0,0.0,0.0,0.0,0.875,0.125,0.0,0.0,0.0,0.0
6,5,0.0,0.0,0.0,0.0,0.0,0.875,0.125,0.0,0.0,0.0,0.0
6,5,0.0,0.0,0.0,0.0,0.0,0.875,0.125,0.0,0.0,0.0,0.0
6,5,0.0,0.0,0.0,0.0,0.0,0.875,0.125,0.0,0.0,0.0,0.0
6,5,0.0,0.0,0.0,0.0,0.0,0.875,0.125,0.0,0.0,0.0,0.0
6,5,0.0,0.0,0.0,0.0,0.0,0.875,0.125,0.0,0.0,0.0,0.0
6,5,0.0,0.0,0.0,0.0,0.0,0.875,0.125,0.0,0.0,0.0,0.0
6,5,0.0,0.0,0.0,0.0,0.0,0.875,0.125,0.0,0.0,0.0,0.0
6,5,0.0,0.0,0.0,0.0,0.0,0.875,0.125,0.0,0.0,0.0,0.0
6,5,0.0,0.0,0.0,0.0,0.0,0.875,0.125,0.0,0.0,0.0,0.0
6,5,0.0,0.0,0.0,0.0,0.0,0.875,0.125,0.0,0.0,0.0,0.0
6,5,0.0,0.0,0.0,0.0,0.0,0.875,0.125,0.0,0.0,0.0,0.0
6,5,0.0,0.0,0.0,0.0,0.0,0.875,0.125,0.0,0.0,0.0,0.0
6,5,0.0,0.0,0.0,0.0,0.0,0.875,0.125,0.0,0.0,0.0,0.0
6,5,0.0,0.0,0.0,0.0,0.0,0.875,0.125,0.0,0.0,0.0,0.0
6,5,0.0,0.0,0.0,0.0,0.0,0.875,0.125,0.0,0.0,0.0,0.0
6,5,0.0,0.0,0.0,0.0,0.0,0.875,0.125,0.0,0.0,0.0,0.0
6,5,0.0,0.0,0.0,0.0,0.0,0.875,0.125,0.0,0.0,0.0,0.0
6,5,0.0,0.0,0.0,0.0,0.0,0.875,0.125,0.0,0.0,0.0,0.0
6,5,0.0,0.0,0.0,0.0,0.0,0.875,0.125,0.0,0.0,0.0,0.0
6,5,0.0,0.0,0.0,0.0,0.0,0.875,0.125,0.0,0.0,0.0,0.0
6,5,0.0,0.0,0.0,0.0,0.0,0.875,0.125,0.0,0.0,0.0,0.0
6,5,0.0,0.0,0.0,0.0,0.0,0.875,0.125,0.0,0.0,0.0,0.0
6,5,0.0,0.0,0.0,0.0,0.0,0.875,0.125,0.0,0.0,0.0,0.0
6,5,0.0,0.0,0.0,0.0,0.0,0.875,0.125,0.0,0.0,0.0,0.0
6,5,0.0,0.0,0.0,0.0,0.0,0.875,0.125,0.0,0.0,0.0,0.0
6,5,0.0,0.0,0.0,0.0,0.0,0.875,0.125,0.0,0.0,0.0,0.0
6,5,0.0,0.0,0.0,0.0,0.0,0.875,0.125,0.0,0.0,0.0,0.0
6,5,0.0,0.0,0.0,0.0,0.0,0.875,0.125,0.0,0.0,0.0,0.0
6,5,0.0,0.0,0.0,0.0,0.0,0.875,0.125,0.0,0.0,0.0,0.0
6,5,0.0,0.0,0.0,0.0,0.0,0.875,0.125,0.0,0.0,0.0,0.0
6,5,0.0,0.0,0.0,0.0,0.0,0.875,0.125,0.0,0.0,0.0,0.0
6,5,0.0,0.0,0.0,0.0,0.0,0.875,0.125,0.0,0.0,0.0,0.0
6,5,0.0,0.0,0.0,0.0,0.0,0.875,0.125,0.0,0.0,0.0,0.0
6,5,0.0,0.0,0.0,0.0,0.0,0.875,0.125,0.0,0.0,0.0,0.0
6,5,0.0,0.0,0.0,0.0,0.0,0.875,0.125,0.0,0.0,0.0,0.0
6,5,0.0,0.0,0.0,0.0,0.0,0.875,0.125,0.0,0.0,0.0,0.0
6,5,0.0,0.0,0.0,0.0,0.0,0.875,0.125,0.0,0.0,0.0,0.0
6,5,0.0,0.0,0.0,0.0,0.0,0.875,0.125,0.0,0.0,0.0,0.0
6,5,0.0,0.0,0.0,0.0,0.0,0.875,0.125,0.0,0.0,0.0,0.0
6,5,0.0,0.0,0.0,0.0,0.0,0.875,0.125,0.0,0.0,0.0,0.0
6,5,0.0,0.0,0.0,0.0,0.0,0.875,0.125,0.0,0.0,0.0,0.0
6,5,0.0,0.0,0.0,0.0,0.0,0.875,0.125,0.0,0.0,0.0,0.0
6,5,0.0,0.0,0.0,0.0,0.0,0.875,0.125,0.0,0.0,0.0,0.0
6,5,0.0,0.0,0.0,0.0,0.0,0.875,0.125,0.0,0.0,0.0,0.0
6,5,0.0,0.0,0.0,0.0,0.0,0.875,0.125,0.0,0.0,0.0,0.0
6,5,0.0,0.0,0.0,0.0,0.0,0.875,0.125,0.0,0.0,0.0,0.0
6,5,0.0,0.0,0.0,0.0,0.0,0.875,0.125,0.0,0.0,0.0,0.0
6,5,0.0,0.0,0.0,0.0,0.0,0.875,0.125,0.0,0.0,0.0,0.0
6,5,0.0,0.0,0.0,0.0,0.0,0.875,0.125,0.0,0.0,0.0,0.0
6,5,0.0,0.0,0.0,0.0,0.0,0.875,0.125,0.0,0.0,0.0,0.0
6,5,0.0,0.0,0.0,0.0,0.0,0.875,0.125,0.0,0.0,0.0,0.0
6,5,0.0,0.0,0.0,0.0,0.0,0.875,0.125,0.0,0.0,0.0,0.0
6,5,0.0,0.0,0.0,0.0,0.0,0.875,0.125,0.0,0.0,0.0,0.0
6,5,0.0,0.0,0.0,0.0,0.0,0.875,0.125,0.0,0.0,0.0,0.0
6,5,0.0,0.0,0.0,0.0,0.0,0.875,0.125,0.0,0.0,0.0,0.0
6,5,0.0,0.0,0.0,0.0,0.0,0.875,0.125,0.0,0.0,0.0,0.0
6,5,0.0,0.0,0.0,0.0,0.0,0.875,0.125,0.0,0.0,0.0,0.0
6,5,0.0,0.0,0.0,0.0,0.0,0.875,0.125,0.0,0.0,0.0,0.0
6,5,0.0,0.0,0.0,0.0,0.0,0.875,0.125,0.0,0.0,0.0,0.0
6,5,0.0,0.0,0.0,0.0,0.0,0.875,0.125,0.0,0.0,0.0,0.0
6,5,0.0,0.0,0.0,0.0,0.0,0.875,0.125,0.0,0.0,0.0,0.0
6,5,0.0,0.0,0.0,0.0,0.0,0.875,0.125,0.0,0.0,0.0,0.0
6,5,0.0,0.0,0.0,0.0,0.0,0.875,0.125,0.0,0.0,0.0,0.0
6,5,0.0,0.0,0.0,0.0,0.0,0.875,0.125,0.0,0.0,0.0,0.0
6,5,0.0,0.0,0.0,0.0,0.0,0.875,0.125,0.0,0.0,0.0,0.0
6,5,0.0,0.0,0.0,0.0,0.0,0.875,0.125,0.0,0.0,0.0,0.0
6,5,0.0,0.0,0.0,0.0,0.0,0.875,0.125,0.0,0.0,0.0,0.0
6,5,0.0,0.0,0.0,0.0,0.0,0.875,0.125,0.0,0.0,0.0,0.0
6,5,0.0,0.0,0.0,0.0,0.0,0.875,0.125,0.0,0.0,0.0,0.0
6,5,0.0,0.0,0.0,0.0,0.0,0.875,0.125,0.0,0.0,0.0,0.0
6,5,0.0,0.0,0.0,0.0,0.0,0.875,0.125,0.0,0.0,0.0,0.0
6,5,0.0,0.0,0.0,0.0,0.0,0.875,0.125,0.0,0.0,0.0,0.0
6,5,0.0,0.0,0.0,0.0,0.0,0.875,0.125,0.0,0.0,0.0,0.0
6,5,0.0,0.0,0.0,0.0,0.0,0.875,0.125,0.0,0.0,0.0,0.0
6,5,0.0,0.0,0.0,0.0,0.0,0.875,0.125,0.0,0.0,0.0,0.0
6,5,0.0,0.0,0.0,0.0,0.0,0.875,0.125,0.0,0.0,0.0,0.0
6,5,0.0,0.0,0.0,0.0,0.0,0.875,0.125,0.0,0.0,0.0,0.0
6,5,0.0,0.0,0.0,0.0,0.0,0.875,0.125,0.0,0.0,0.0,0.0
6,5,0.0,0.0,0.0,0.0,0.0,0.875,0.125,0.0,0.0,0.0,0.0
6,5,0.0,0.0,0.0,0.0,0.0,0.875,0.125,0.0,0.0,0.0,0.0
6,5,0.0,0.0,0.0,0.0,0.0,0.875,0.125,0.0,0.0,0.0,0.0
6,5,0.0,0.0,0.0,0.0,0.0,0.875,0.125,0.0,0.0,0.0,0.0
6,5,0.0,0.0,0.0,0.0,0.0,0.875,0.125,0.0,0.0,0.0,0.0
6,5,0.0,0.0,0.0,0.0,0.0,0.875,0.125,0.0,0.0,0.0,0.0
6,5,0.0,0.0,0.0,0.0,0.0,0.875,0.125,0.0,0.0,0.0,0.0
6,5,0.0,0.0,0.0,0.0,0.0,0.875,0.125,0.0,0.0,0.0,0.0
6,5,0.0,0.0,0.0,0.0,0.0,0.875,0.125,0.0,0.0,0.0,0.0
6,5,0.0,0.0,0.0,0.0,0.0,0.875,0.125,0.0,0.0,0.0,0.0
6,5,0.0,0.0,0.0,0.0,0.0,0.875,0.125,0.0,0.0,0.0,0.0
6,5,0.0,0.0,0.0,0.0,0.0,0.9375,0.0625,0.0,0.0,0.0,0.0
6,5,0.0,0.0,0.0,0.0,0.0,0.9375,0.0625,0.0,0.0,0.0,0.0
6,5,0.0,0.0,0.0,0.0,0.0,0.9375,0.0625,0.0,0.0,0.0,0.0
6,5,0.0,0.0,0.0,0.0,0.0,0.9375,0.0625,0.0,0.0,0.0,0.0
6,5,0.0,0.0,0.0,0.0,0.0,0.9375,0.0625,0.0,0.0,0.0,0.0
6,5,0.0,0.0,0.0,0.0,0.0,0.9375,0.0625,0.0,0.0,0.0,0.0
6,5,0.0,0.0,0.0,0.0,0.0,0.9375,0.0625,0.0,0.0,0.0,0.0
6,5,0.0,0.0,0.0,0.0,0.0,0.9375,0.0625,0.0,0.0,0.0,0.0
6,5,0.0,0.0,0.0,0.0,0.0,0.9375,0.0625,0.0,0.0,0.0,0.0
6,5,0.0,0.0,0.0,0.0,0.0,0.9375,0.0625,0.0,0.0,0.0,0.0
6,5,0.0,0.0,0.0,0.0,0.0,0.9375,0.0625,0.0,0.0,0.0,0.0
6,5,0.0,0.0,0.0,0.0,0.0,0.9375,0.0625,0.0,0.0,0.0,0.0
6,5,0.0,0.0,0.0,0.0,0.0,0.9375,0.0625,0.0,0.0,0.0,0.0
6,5,0.0,0.0,0.0,0.0,0.0,0.9375,0.0625,0.0,0.0,0.0,0.0
6,5,0.0,0.0,0.0,0.0,0.0,0.9375,0.0625,0.0,0.0,0.0,0.0
6,5,0.0,0.0,0.0,0.0,0.0,0.9375,0.0625,0.0,0.0,0.0,0.0
6,5,0.0,0.0,0.0,0.0,0.0,0.9375,0.0625,0.0,0.0,0.0,0.0
6,5,0.0,0.0,0.0,0.0,0.0,0.9375,0.0625,0.0,0.0,0.0,0.0
6,5,0.0,0.0,0.0,0.0,0.0,0.9375,0.0625,0.0,0.0,0.0,0.0
6,5,0.0,0.0,0.0,0.0,0.0,0.9375,0.0625,0.0,0.0,0.0,0.0
6,5,0.0,0.0,0.0,0.0,0.0,0.9375,0.0625,0.0,0.0,0.0,0.0
6,5,0.0,0.0,0.0,0.0,0.0,0.9375,0.0625,0.0,0.0,0.0,0.0
6,5,0.0,0.0,0.0,0.0,0.0,0.9375,0.0625,0.0,0.0,0.0,0.0
6,5,0.0,0.0,0.0,0.0,0.0,0.9375,0.0625,0.0,0.0,0.0,0.0
6,5,0.0,0.0,0.0,0.0,0.0,0.9375,0.0625,0.0,0.0,0.0,0.0
6,5,0.0,0.0,0.0,0.0,0.0,0.9375,0.0625,0.0,0.0,0.0,0.0
6,5,0.0,0.0,0.0,0.0,0.0,0.9375,0.0625,0.0,0.0,0.0,0.0
6,5,0.0,0.0,0.0,0.0,0.0,0.9375,0.0625,0.0,0.0,0.0,0.0
6,5,0.0,0.0,0.0,0.0,0.0,0.9375,0.0625,0.0,0.0,0.0,0.0
6,5,0.0,0.0,0.0,0.0,0.0,0.9375,0.0625,0.0,0.0,0.0,0.0
6,5,0.0,0.0,0.0,0.0,0.0,0.9375,0.0625,0.0,0.0,0.0,0.0
6,5,0.0,0.0,0.0,0.0,0.0,0.9375,0.0625,0.0,0.0,0.0,0.0
6,5,0.0,0.0,0.0,0.0,0.0,0.9375,0.0625,0.0,0.0,0.0,0.0
6,5,0.0,0.0,0.0,0.0,0.0,0.9375,0.0625,0.0,0.0,0.0,0.0
6,5,0.0,0.0,0.0,0.0,0.0,0.9375,0.0625,0.0,0.0,0.0,0.0
6,5,0.0,0.0,0.0,0.0,0.0,0.9375,0.0625,0.0,0.0,0.0,0.0
6,5,0.0,0.0,0.0,0.0,0.0,0.9375,0.0625,0.0,0.0,0.0,0.0
6,5,0.0,0.0,0.0,0.0,0.0,0.9375,0.0625,0.0,0.0,0.0,0.0
6,5,0.0,0.0,0.0,0.0,0.0,0.9375,0.0625,0.0,0.0,0.0,0.0
6,5,0.0,0.0,0.0,0.0,0.0,0.9375,0.0625,0.0,0.0,0.0,0.0
6,5,0.0,0.0,0.0,0.0,0.0,0.9375,0.0625,0.0,0.0,0.0,0.0
6,5,0.0,0.0,0.0,0.0,0.0,0.9375,0.0625,0.0,0.0,0.0,0.0
6,5,0.0,0.0,0.0,0.0,0.0,0.9375,0.0625,0.0,0.0,0.0,0.0
6,5,0.0,0.0,0.0,0.0,0.0,0.9375,0.0625,0.0,0.0,0.0,0.0
6,5,0.0,0.0,0.0,0.0,0.0,0.9375,0.0625,0.0,0.0,0.0,0.0
6,5,0.0,0.0,0.0,0.0,0.0,0.9375,0.0625,0.0,0.0,0.0,0.0
6,5,0.0,0.0,0.0,0.0,0.0,0.9375,0.0625,0.0,0.0,0.0,0.0
6,5,0.0,0.0,0.0,0.0,0.0,0.9375,0.0625,0.0,0.0,0.0,0.0
6,5,0.0,0.0,0.0,0.0,0.0,0.9375,0.0625,0.0,0.0,0.0,0.0
6,5,0.0,0.0,0.0,0.0,0.0,0.9375,0.0625,0.0,0.0,0.0,0.0
6,5,0.0,0.0,0.0,0.0,0.0,0.9375,0.0625,0.0,0.0,0.0,0.0
6,5,0.0,0.0,0.0,0.0,0.0,0.9375,0.0625,0.0,0.0,0.0,0.0
6,5,0.0,0.0,0.0,0.0,0.0,0.9375,0.0625,0.0,0.0,0.0,0.0
6,5,0.0,0.0,0.0,0.0,0.0,0.9375,0.0625,0.0,0.0,0.0,0.0
6,5,0.0,0.0,0.0,0.0,0.0,0.9375,0.0625,0.0,0.0,0.0,0.0
6,5,0.0,0.0,0.0,0.0,0.0,0.9375,0.0625,0.0,0.0,0.0,0.0
6,5,0.0,0.0,0.0,0.0,0.0,0.9375,0.0625,0.0,0.0,0.0,0.0
6,5,0.0,0.0,0.0,0.0,0.0,0.9375,0.0625,0.0,0.0,0.0,0.0
6,5,0.0,0.0,0.0,0.0,0.0,0.9375,0.0625,0.0,0.0,0.0,0.0
6,5,0.0,0.0,0.0,0.0,0.0,0.9375,0.0625,0.0,0.0,0.0,0.0
6,5,0.0,0.0,0.0,0.0,0.0,0.9375,0.0625,0.0,0.0,0.0,0.0
6,5,0.0,0.0,0.0,0.0,0.0,0.9375,0.0625,0.0,0.0,0.0,0.0
6,5,0.0,0.0,0.0,0.0,0.0,0.9375,0.0625,0.0,0.0,0.0,0.0
6,5,0.0,0.0,0.0,0.0,0.0,0.9375,0.0625,0.0,0.0,0.0,0.0
6,5,0.0,0.0,0.0,0.0,0.0,0.9375,0.0625,0.0,0.0,0.0,0.0
6,5,0.0,0.0,0.0,0.0,0.0,0.9375,0.0625,0.0,0.0,0.0,0.0
6,5,0.0,0.0,0.0,0.0,0.0,0.9375,0.0625,0.0,0.0,0.0,0.0
6,5,0.0,0.0,0.0,0.0,0.0,0.9375,0.0625,0.0,0.0,0.0,0.0
6,5,0.0,0.0,0.0,0.0,0.0,0.9375,0.0625,0.0,0.0,0.0,0.0
6,5,0.0,0.0,0.0,0.0,0.0,0.9375,0.0625,0.0,0.0,0.0,0.0
6,5,0.0,0.0,0.0,0.0,0.0,0.9375,0.0625,0.0,0.0,0.0,0.0
6,5,0.0,0.0,0.0,0.0,0.0,0.9375,0.0625,0.0,0.0,0.0,0.0
6,5,0.0,0.0,0.0,0.0,0.0,0.9375,0.0625,0.0,0.0,0.0,0.0
6,5,0.0,0.0,0.0,0.0,0.0,0.9375,0.0625,0.0,0.0,0.0,0.0
6,5,0.0,0.0,0.0,0.0,0.0,0.9375,0.0625,0.0,0.0,0.0,0.0
6,5,0.0,0.0,0.0,0.0,0.0,0.9375,0.0625,0.0,0.0,0.0,0.0
6,5,0.0,0.0,0.0,0.0,0.0,0.9375,0.0625,0.0,0.0,0.0,0.0
6,5,0.0,0.0,0.0,0.0,0.0,0.9375,0.0625,0.0,0.0,0.0,0.0
6,5,0.0,0.0,0.0,0.0,0.0,0.9375,0.0625,0.0,0.0,0.0,0.0
6,5,0.0,0.0,0.0,0.0,0.0,0.9375,0.0625,0.0,0.0,0.0,0.0
6,5,0.0,0.0,0.0,0.0,0.0,0.9375,0.0625,0.0,0.0,0.0,0.0
6,5,0.0,0.0,0.0,0.0,0.0,0.9375,0.0625,0.0,0.0,0.0,0.0
6,5,0.0,0.0,0.0,0.0,0.0,0.9375,0.0625,0.0,0.0,0.0,0.0
6,5,0.0,0.0,0.0,0.0,0.0,0.9375,0.0625,0.0,0.0,0.0,0.0
6,5,0.0,0.0,0.0,0.0,0.0,0.9375,0.0625,0.0,0.0,0.0,0.0
6,5,0.0,0.0,0.0,0.0,0.0,0.9375,0.0625,0.0,0.0,0.0,0.0
6,5,0.0,0.0,0.0,0.0,0.0,0.9375,0.0625,0.0,0.0,0.0,0.0
6,5,0.0,0.0,0.0,0.0,0.0,0.9375,0.0625,0.0,0.0,0.0,0.0
6,5,0.0,0.0,0.0,0.0,0.0,0.9375,0.0625,0.0,0.0,0.0,0.0
6,5,0.0,0.0,0.0,0.0,0.0,0.9375,0.0625,0.0,0.0,0.0,0.0
6,5,0.0,0.0,0.0,0.0,0.0,0.9375,0.0625,0.0,0.0,0.0,0.0
6,5,0.0,0.0,0.0,0.0,0.0,0.9375,0.0625,0.0,0.0,0.0,0.0
6,5,0.0,0.0,0.0,0.0,0.0,0.9375,0.0625,0.0,0.0,0.0,0.0
6,5,0.0,0.0,0.0,0.0,0.0,0.9375,0.0625,0.0,0.0,0.0,0.0
6,5,0.0,0.0,0.0,0.0,0.0,0.9375,0.0625,0.0,0.0,0.0,0.0
6,5,0.0,0.0,0.0,0.0,0.0,0.9375,0.0625,0.0,0.0,0.0,0.0
6,5,0.0,0.0,0.0,0.0,0.0,0.9375,0.0625,0.0,0.0,0.0,0.0
6,5,0.0,0.0,0.0,0.0,0.0,0.9375,0.0625,0.0,0.0,0.0,0.0
6,5,0.0,0.0,0.0,0.0,0.0,0.9375,0.0625,0.0,0.0,0.0,0.0
6,5,0.0,0.0,0.0,0.0,0.0,0.9375,0.0625,0.0,0.0,0.0,0.0
6,5,0.0,0.0,0.0,0.0,0.0,0.9375,0.0625,0.0,0.0,0.0,0.0
6,5,0.0,0.0,0.0,0.0,0.0,0.9375,0.0625,0.0,0.0,0.0,0.0
6,5,0.0,0.0,0.0,0.0,0.0,0.9375,0.0625,0.0,0.0,0.0,0.0
6,5,0.0,0.0,0.0,0.0,0.0,0.9375,0.0625,0.0,0.0,0.0,0.0
6,5,0.0,0.0,0.0,0.0,0.0,0.9375,0.0625,0.0,0.0,0.0,0.0
6,5,0.0,0.0,0.0,0.0,0.0,0.9375,0.0625,0.0,0.0,0.0,0.0
6,5,0.0,0.0,0.0,0.0,0.0,0.9375,0.0625,0.0,0.0,0.0,0.0
6,5,0.0,0.0,0.0,0.0,0.0,0.9375,0.0625,0.0,0.0,0.0,0.0
6,5,0.0,0.0,0.0,0.0,0.0,0.9375,0.0625,0.0,0.0,0.0,0.0
6,5,0.0,0.0,0.0,0.0,0.0,0.9375,0.0625,0.0,0.0,0.0,0.0
6,5,0.0,0.0,0.0,0.0,0.0,0.9375,0.0625,0.0,0.0,0.0,0.0
6,5,0.0,0.0,0.0,0.0,0.0,0.9375,0.0625,0.0,0.0,0.0,0.0
6,5,0.0,0.0,0.0,0.0,0.0,0.9375,0.0625,0.0,0.0,0.0,0.0
6,5,0.0,0.0,0.0,0.0,0.0,0.9375,0.0625,0.0,0.0,0.0,0.0
6,5,0.0,0.0,0.0,0.0,0.0,0.9375,0.0625,0.0,0.0,0.0,0.0
6,5,0.0,0.0,0.0,0.0,0.0,0.9375,0.0625,0.0,0.0,0.0,0.0
6,5,0.0,0.0,0.0,0.0,0.0,0.9375,0.0625,0.0,0.0,0.0,0.0
6,5,0.0,0.0,0.0,0.0,0.0,0.9375,0.0625,0.0,0.0,0.0,0.0
6,5,0.0,0.0,0.0,0.0,0.0,0.9375,0.0625,0.0,0.0,0.0,0.0
6,5,0.0,0.0,0.0,0.0,0.0,0.9375,0.0625,0.0,0.0,0.0,0.0
6,5,0.0,0.0,0.0,0.0,0.0,0.9375,0.0625,0.0,0.0,0.0,0.0
6,5,0.0,0.0,0.0,0.0,0.0,0.9375,0.0625,0.0,0.0,0.0,0.0
6,5,0.0,0.0,0.0,0.0,0.0,0.9375,0.0625,0.0,0.0,0.0,0.0
6,5,0.0,0.0,0.0,0.0,0.0,0.9375,0.0625,0.0,0.0,0.0,0.0
6,5,0.0,0.0,0.0,0.0,0.0,0.9375,0.0625,0.0,0.0,0.0,0.0
6,5,0.0,0.0,0.0,0.0,0.0,0.9375,0.0625,0.0,0.0,0.0,0.0
6,5,0.0,0.0,0.0,0.0,0.0,0.9375,0.0625,0.0,0.0,0.0,0.0
6,5,0.0,0.0,0.0,0.0,0.0,0.9375,0.0625,0.0,0.0,0.0,0.0
6,5,0.0,0.0,0.0,0.0,0.0,0.9375,0.0625,0.0,0.0,0.0,0.0
6,5,0.0,0.0,0.0,0.0,0.0,0.9375,0.0625,0.0,0.0,0.0,0.0
6,5,0.0,0.0,0.0,0.0,0.0,0.9375,0.0625,0.0,0.0,0.0,0.0
6,5,0.0,0.0,0.0,0.0,0.0,0.9375,0.0625,0.0,0.0,0.0,0.0
6,5,0.0,0.0,0.0,0.0,0.0,0.9375,0.0625,0.0,0.0,0.0,0.0
6,5,0.0,0.0,0.0,0.0,0.0,0.9375,0.0625,0.0,0.0,0.0,0.0
6,5,0.0,0.0,0.0,0.0,0.0,0.9375,0.0625,0.0,0.0,0.0,0.0
6,5,0.0,0.0,0.0,0.0,0.0,0.9375,0.0625,0.0,0.0,0.0,0.0
6,5,0.0,0.0,0.0,0.0,0.0,0.9375,0.0625,0.0,0.0,0.0,0.0
6,5,0.0,0.0,0.0,0.0,0.0,0.9375,0.0625,0.0,0.0,0.0,0.0
6,5,0.0,0.0,0.0,0.0,0.0,0.9375,0.0625,0.0,0.0,0.0,0.0
6,5,0.0,0.0,0.0,0.0,0.0,0.9375,0.0625,0.0,0.0,0.0,0.0
6,5,0.0,0.0,0.0,0.0,0.0,0.9375,0.0625,0.0,0.0,0.0,0.0
6,5,0.0,0.0,0.0,0.0,0.0,0.9375,0.0625,0.0,0.0,0.0,0.0
6,5,0.0,0.0,0.0,0.0,0.0,0.9375,0.0625,0.0,0.0,0.0,0.0
6,5,0.0,0.0,0.0,0.0,0.0,0.9375,0.0625,0.0,0.0,0.0,0.0
6,5,0.0,0.0,0.0,0.0,0.0,0.9375,0.0625,0.0,0.0,0.0,0.0
6,5,0.0,0.0,0.0,0.0,0.0,0.9375,0.0625,0.0,0.0,0.0,0.0
6,5,0.0,0.0,0.0,0.0,0.0,0.9375,0.0625,0.0,0.0,0.0,0.0
6,5,0.0,0.0,0.0,0.0,0.0,0.9375,0.0625,0.0,0.0,0.0,0.0
6,5,0.0,0.0,0.0,0.0,0.0,0.9375,0.0625,0.0,0.0,0.0,0.0
6,5,0.0,0.0,0.0,0.0,0.0,0.9375,0.0625,0.0,0.0,0.0,0.0
6,5,0.0,0.0,0.0,0.0,0.0,0.9375,0.0625,0.0,0.0,0.0,0.0
6,5,0.0,0.0,0.0,0.0,0.0,1.0,0.0,0.0,0.0,0.0,0.0
6,5,0.0,0.0,0.0,0.0,0.0,1.0,0.0,0.0,0.0,0.0,0.0
6,5,0.0,0.0,0.0,0.0,0.0,1.0,0.0,0.0,0.0,0.0,0.0
6,5,0.0,0.0,0.0,0.0,0.0,1.0,0.0,0.0,0.0,0.0,0.0
6,5,0.0,0.0,0.0,0.0,0.0,1.0,0.0,0.0,0.0,0.0,0.0
6,5,0.0,0.0,0.0,0.0,0.0,1.0,0.0,0.0,0.0,0.0,0.0
6,5,0.0,0.0,0.0,0.0,0.0,1.0,0.0,0.0,0.0,0.0,0.0
6,5,0.0,0.0,0.0,0.0,0.0,1.0,0.0,0.0,0.0,0.0,0.0
6,5,0.0,0.0,0.0,0.0,0.0,1.0,0.0,0.0,0.0,0.0,0.0
6,5,0.0,0.0,0.0,0.0,0.0,1.0,0.0,0.0,0.0,0.0,0.0
6,5,0.0,0.0,0.0,0.0,0.0,1.0,0.0,0.0,0.0,0.0,0.0
6,5,0.0,0.0,0.0,0.0,0.0,1.0,0.0,0.0,0.0,0.0,0.0
6,5,0.0,0.0,0.0,0.0,0.0,1.0,0.0,0.0,0.0,0.0,0.0
6,5,0.0,0.0,0.0,0.0,0.0,1.0,0.0,0.0,0.0,0.0,0.0
6,5,0.0,0.0,0.0,0.0,0.0,1.0,0.0,0.0,0.0,0.0,0.0
6,5,0.0,0.0,0.0,0.0,0.0,1.0,0.0,0.0,0.0,0.0,0.0
6,5,0.0,0.0,0.0,0.0,0.0,1.0,0.0,0.0,0.0,0.0,0.0
6,5,0.0,0.0,0.0,0.0,0.0,1.0,0.0,0.0,0.0,0.0,0.0
6,5,0.0,0.0,0.0,0.0,0.0,1.0,0.0,0.0,0.0,0.0,0.0
6,5,0.0,0.0,0.0,0.0,0.0,1.0,0.0,0.0,0.0,0.0,0.0
6,5,0.0,0.0,0.0,0.0,0.0,1.0,0.0,0.0,0.0,0.0,0.0
6,5,0.0,0.0,0.0,0.0,0.0,1.0,0.0,0.0,0.0,0.0,0.0
6,5,0.0,0.0,0.0,0.0,0.0,1.0,0.0,0.0,0.0,0.0,0.0
6,5,0.0,0.0,0.0,0.0,0.0,1.0,0.0,0.0,0.0,0.0,0.0
6,5,0.0,0.0,0.0,0.0,0.0,1.0,0.0,0.0,0.0,0.0,0.0
6,5,0.0,0.0,0.0,0.0,0.0,1.0,0.0,0.0,0.0,0.0,0.0
6,5,0.0,0.0,0.0,0.0,0.0,1.0,0.0,0.0,0.0,0.0,0.0
6,5,0.0,0.0,0.0,0.0,0.0,1.0,0.0,0.0,0.0,0.0,0.0
6,5,0.0,0.0,0.0,0.0,0.0,1.0,0.0,0.0,0.0,0.0,0.0
6,5,0.0,0.0,0.0,0.0,0.0,1.0,0.0,0.0,0.0,0.0,0.0
6,5,0.0,0.0,0.0,0.0,0.0,1.0,0.0,0.0,0.0,0.0,0.0
6,5,0.0,0.0,0.0,0.0,0.0,1.0,0.0,0.0,0.0,0.0,0.0
6,5,0.0,0.0,0.0,0.0,0.0,1.0,0.0,0.0,0.0,0.0,0.0
6,5,0.0,0.0,0.0,0.0,0.0,1.0,0.0,0.0,0.0,0.0,0.0
6,5,0.0,0.0,0.0,0.0,0.0,1.0,0.0,0.0,0.0,0.0,0.0
6,5,0.0,0.0,0.0,0.0,0.0,1.0,0.0,0.0,0.0,0.0,0.0
6,5,0.0,0.0,0.0,0.0,0.0,1.0,0.0,0.0,0.0,0.0,0.0
6,5,0.0,0.0,0.0,0.0,0.0,1.0,0.0,0.0,0.0,0.0,0.0
6,5,0.0,0.0,0.0,0.0,0.0,1.0,0.0,0.0,0.0,0.0,0.0
6,5,0.0,0.0,0.0,0.0,0.0,1.0,0.0,0.0,0.0,0.0,0.0
6,5,0.0,0.0,0.0,0.0,0.0,1.0,0.0,0.0,0.0,0.0,0.0
6,5,0.0,0.0,0.0,0.0,0.0,1.0,0.0,0.0,0.0,0.0,0.0
6,5,0.0,0.0,0.0,0.0,0.0,1.0,0.0,0.0,0.0,0.0,0.0
6,5,0.0,0.0,0.0,0.0,0.0,1.0,0.0,0.0,0.0,0.0,0.0
6,5,0.0,0.0,0.0,0.0,0.0,1.0,0.0,0.0,0.0,0.0,0.0
6,5,0.0,0.0,0.0,0.0,0.0,1.0,0.0,0.0,0.0,0.0,0.0
6,5,0.0,0.0,0.0,0.0,0.0,1.0,0.0,0.0,0.0,0.0,0.0
6,5,0.0,0.0,0.0,0.0,0.0,1.0,0.0,0.0,0.0,0.0,0.0
6,5,0.0,0.0,0.0,0.0,0.0,1.0,0.0,0.0,0.0,0.0,0.0
6,5,0.0,0.0,0.0,0.0,0.0,1.0,0.0,0.0,0.0,0.0,0.0
6,5,0.0,0.0,0.0,0.0,0.0,1.0,0.0,0.0,0.0,0.0,0.0
6,5,0.0,0.0,0.0,0.0,0.0,1.0,0.0,0.0,0.0,0.0,0.0
6,5,0.0,0.0,0.0,0.0,0.0,1.0,0.0,0.0,0.0,0.0,0.0
6,5,0.0,0.0,0.0,0.0,0.0,1.0,0.0,0.0,0.0,0.0,0.0
6,5,0.0,0.0,0.0,0.0,0.0,1.0,0.0,0.0,0.0,0.0,0.0
6,5,0.0,0.0,0.0,0.0,0.0,1.0,0.0,0.0,0.0,0.0,0.0
6,5,0.0,0.0,0.0,0.0,0.0,1.0,0.0,0.0,0.0,0.0,0.0
6,5,0.0,0.0,0.0,0.0,0.0,1.0,0.0,0.0,0.0,0.0,0.0
6,5,0.0,0.0,0.0,0.0,0.0,1.0,0.0,0.0,0.0,0.0,0.0
6,5,0.0,0.0,0.0,0.0,0.0,1.0,0.0,0.0,0.0,0.0,0.0
6,5,0.0,0.0,0.0,0.0,0.0,1.0,0.0,0.0,0.0,0.0,0.0
6,5,0.0,0.0,0.0,0.0,0.0,1.0,0.0,0.0,0.0,0.0,0.0
6,5,0.0,0.0,0.0,0.0,0.0,1.0,0.0,0.0,0.0,0.0,0.0
6,5,0.0,0.0,0.0,0.0,0.0,1.0,0.0,0.0,0.0,0.0,0.0
6,5,0.0,0.0,0.0,0.0,0.0,1.0,0.0,0.0,0.0,0.0,0.0
6,5,0.0,0.0,0.0,0.0,0.0,1.0,0.0,0.0,0.0,0.0,0.0
6,5,0.0,0.0,0.0,0.0,0.0,1.0,0.0,0.0,0.0,0.0,0.0
6,5,0.0,0.0,0.0,0.0,0.0,1.0,0.0,0.0,0.0,0.0,0.0
6,5,0.0,0.0,0.0,0.0,0.0,1.0,0.0,0.0,0.0,0.0,0.0
6,5,0.0,0.0,0.0,0.0,0.0,1.0,0.0,0.0,0.0,0.0,0.0
6,5,0.0,0.0,0.0,0.0,0.0,1.0,0.0,0.0,0.0,0.0,0.0
6,5,0.0,0.0,0.0,0.0,0.0,1.0,0.0,0.0,0.0,0.0,0.0
6,5,0.0,0.0,0.0,0.0,0.0,1.0,0.0,0.0,0.0,0.0,0.0
6,5,0.0,0.0,0.0,0.0,0.0,1.0,0.0,0.0,0.0,0.0,0.0
6,5,0.0,0.0,0.0,0.0,0.0,1.0,0.0,0.0,0.0,0.0,0.0
6,5,0.0,0.0,0.0,0.0,0.0,1.0,0.0,0.0,0.0,0.0,0.0
6,5,0.0,0.0,0.0,0.0,0.0,1.0,0.0,0.0,0.0,0.0,0.0
6,5,0.0,0.0,0.0,0.0,0.0,1.0,0.0,0.0,0.0,0.0,0.0
6,5,0.0,0.0,0.0,0.0,0.0,1.0,0.0,0.0,0.0,0.0,0.0
6,5,0.0,0.0,0.0,0.0,0.0,1.0,0.0,0.0,0.0,0.0,0.0
6,5,0.0,0.0,0.0,0.0,0.0,1.0,0.0,0.0,0.0,0.0,0.0
6,5,0.0,0.0,0.0,0.0,0.0,1.0,0.0,0.0,0.0,0.0,0.0
6,5,0.0,0.0,0.0,0.0,0.0,1.0,0.0,0.0,0.0,0.0,0.0
6,5,0.0,0.0,0.0,0.0,0.0,1.0,0.0,0.0,0.0,0.0,0.0
6,5,0.0,0.0,0.0,0.0,0.0,1.0,0.0,0.0,0.0,0.0,0.0
6,5,0.0,0.0,0.0,0.0,0.0,1.0,0.0,0.0,0.0,0.0,0.0
6,5,0.0,0.0,0.0,0.0,0.0,1.0,0.0,0.0,0.0,0.0,0.0
6,5,0.0,0.0,0.0,0.0,0.0,1.0,0.0,0.0,0.0,0.0,0.0
6,5,0.0,0.0,0.0,0.0,0.0,1.0,0.0,0.0,0.0,0.0,0.0
6,5,0.0,0.0,0.0,0.0,0.0,1.0,0.0,0.0,0.0,0.0,0.0
6,5,0.0,0.0,0.0,0.0,0.0,1.0,0.0,0.0,0.0,0.0,0.0
6,5,0.0,0.0,0.0,0.0,0.0,1.0,0.0,0.0,0.0,0.0,0.0
6,5,0.0,0.0,0.0,0.0,0.0,1.0,0.0,0.0,0.0,0.0,0.0
6,5,0.0,0.0,0.0,0.0,0.0,1.0,0.0,0.0,0.0,0.0,0.0
6,5,0.0,0.0,0.0,0.0,0.0,1.0,0.0,0.0,0.0,0.0,0.0
6,5,0.0,0.0,0.0,0.0,0.0,1.0,0.0,0.0,0.0,0.0,0.0
6,5,0.0,0.0,0.0,0.0,0.0,1.0,0.0,0.0,0.0,0.0,0.0
6,5,0.0,0.0,0.0,0.0,0.0,1.0,0.0,0.0,0.0,0.0,0.0
6,5,0.0,0.0,0.0,0.0,0.0,1.0,0.0,0.0,0.0,0.0,0.0
6,5,0.0,0.0,0.0,0.0,0.0,1.0,0.0,0.0,0.0,0.0,0.0
6,5,0.0,0.0,0.0,0.0,0.0,1.0,0.0,0.0,0.0,0.0,0.0
6,5,0.0,0.0,0.0,0.0,0.0,1.0,0.0,0.0,0.0,0.0,0.0
6,5,0.0,0.0,0.0,0.0,0.0,1.0,0.0,0.0,0.0,0.0,0.0
6,5,0.0,0.0,0.0,0.0,0.0,1.0,0.0,0.0,0.0,0.0,0.0
6,5,0.0,0.0,0.0,0.0,0.0,1.0,0.0,0.0,0.0,0.0,0.0
6,5,0.0,0.0,0.0,0.0,0.0,1.0,0.0,0.0,0.0,0.0,0.0
6,5,0.0,0.0,0.0,0.0,0.0,1.0,0.0,0.0,0.0,0.0,0.0
6,5,0.0,0.0,0.0,0.0,0.0,1.0,0.0,0.0,0.0,0.0,0.0
6,5,0.0,0.0,0.0,0.0,0.0,1.0,0.0,0.0,0.0,0.0,0.0
6,5,0.0,0.0,0.0,0.0,0.0,1.0,0.0,0.0,0.0,0.0,0.0
6,5,0.0,0.0,0.0,0.0,0.0,1.0,0.0,0.0,0.0,0.0,0.0
6,5,0.0,0.0,0.0,0.0,0.0,1.0,0.0,0.0,0.0,0.0,0.0
6,5,0.0,0.0,0.0,0.0,0.0,1.0,0.0,0.0,0.0,0.0,0.0
6,5,0.0,0.0,0.0,0.0,0.0,1.0,0.0,0.0,0.0,0.0,0.0
6,5,0.0,0.0,0.0,0.0,0.0,1.0,0.0,0.0,0.0,0.0,0.0
6,5,0.0,0.0,0.0,0.0,0.0,1.0,0.0,0.0,0.0,0.0,0.0
6,5,0.0,0.0,0.0,0.0,0.0,1.0,0.0,0.0,0.0,0.0,0.0
6,5,0.0,0.0,0.0,0.0,0.0,1.0,0.0,0.0,0.0,0.0,0.0
6,5,0.0,0.0,0.0,0.0,0.0,1.0,0.0,0.0,0.0,0.0,0.0
6,5,0.0,0.0,0.0,0.0,0.0,1.0,0.0,0.0,0.0,0.0,0.0
6,5,0.0,0.0,0.0,0.0,0.0,1.0,0.0,0.0,0.0,0.0,0.0
6,5,0.0,0.0,0.0,0.0,0.0,1.0,0.0,0.0,0.0,0.0,0.0
6,5,0.0,0.0,0.0,0.0,0.0,1.0,0.0,0.0,0.0,0.0,0.0
6,5,0.0,0.0,0.0,0.0,0.0,1.0,0.0,0.0,0.0,0.0,0.0
6,5,0.0,0.0,0.0,0.0,0.0,1.0,0.0,0.0,0.0,0.0,0.0
6,5,0.0,0.0,0.0,0.0,0.0,1.0,0.0,0.0,0.0,0.0,0.0
6,5,0.0,0.0,0.0,0.0,0.0,1.0,0.0,0.0,0.0,0.0,0.0
6,5,0.0,0.0,0.0,0.0,0.0,1.0,0.0,0.0,0.0,0.0,0.0
6,5,0.0,0.0,0.0,0.0,0.0,1.0,0.0,0.0,0.0,0.0,0.0
6,5,0.0,0.0,0.0,0.0,0.0,1.0,0.0,0.0,0.0,0.0,0.0
6,5,0.0,0.0,0.0,0.0,0.0,1.0,0.0,0.0,0.0,0.0,0.0
6,5,0.0,0.0,0.0,0.0,0.0,1.0,0.0,0.0,0.0,0.0,0.0
6,5,0.0,0.0,0.0,0.0,0.0,1.0,0.0,0.0,0.0,0.0,0.0
6,5,0.0,0.0,0.0,0.0,0.0,1.0,0.0,0.0,0.0,0.0,0.0
6,5,0.0,0.0,0.0,0.0,0.0,1.0,0.0,0.0,0.0,0.0,0.0
6,5,0.0,0.0,0.0,0.0,0.0,1.0,0.0,0.0,0.0,0.0,0.0
6,5,0.0,0.0,0.0,0.0,0.0,1.0,0.0,0.0,0.0,0.0,0.0
6,5,0.0,0.0,0.0,0.0,0.0,1.0,0.0,0.0,0.0,0.0,0.0
6,5,0.0,0.0,0.0,0.0,0.0,1.0,0.0,0.0,0.0,0.0,0.0
6,5,0.0,0.0,0.0,0.0,0.0,1.0,0.0,0.0,0.0,0.0,0.0
6,5,0.0,0.0,0.0,0.0,0.0,1.0,0.0,0.0,0.0,0.0,0.0
6,5,0.0,0.0,0.0,0.0,0.0,1.0,0.0,0.0,0.0,0.0,0.0
6,5,0.0,0.0,0.0,0.0,0.0,1.0,0.0,0.0,0.0,0.0,0.0
6,5,0.0,0.0,0.0,0.0,0.0,1.0,0.0,0.0,0.0,0.0,0.0
6,5,0.0,0.0,0.0,0.0,0.0,1.0,0.0,0.0,0.0,0.0,0.0
6,5,0.0,0.0,0.0,0.0,0.0,1.0,0.0,0.0,0.0,0.0,0.0
6,5,0.0,0.0,0.0,0.0,0.0,1.0,0.0,0.0,0.0,0.0,0.0
6,5,0.0,0.0,0.0,0.0,0.0,1.0,0.0,0.0,0.0,0.0,0.0
6,5,0.0,0.0,0.0,0.0,0.0,1.0,0.0,0.0,0.0,0.0,0.0
6,5,0.0,0.0,0.0,0.0,0.0,1.0,0.0,0.0,0.0,0.0,0.0
6,5,0.0,0.0,0.0,0.0,0.0,1.0,0.0,0.0,0.0,0.0,0.0
6,5,0.0,0.0,0.0,0.0,0.0,1.0,0.0,0.0,0.0,0.0,0.0
6,5,0.0,0.0,0.0,0.0,0.0,1.0,0.0,0.0,0.0,0.0,0.0
6,5,0.0,0.0,0.0,0.0,0.0,1.0,0.0,0.0,0.0,0.0,0.0
6,5,0.0,0.0,0.0,0.0,0.0,1.0,0.0,0.0,0.0,0.0,0.0
6,5,0.0,0.0,0.0,0.0,0.0,1.0,0.0,0.0,0.0,0.0,0.0
6,5,0.0,0.0,0.0,0.0,0.0,1.0,0.0,0.0,0.0,0.0,0.0
6,5,0.0,0.0,0.0,0.0,0.0,1.0,0.0,0.0,0.0,0.0,0.0
6,5,0.0,0.0,0.0,0.0,0.0,1.0,0.0,0.0,0.0,0.0,0.0
6,5,0.0,0.0,0.0,0.0,0.0,1.0,0.0,0.0,0.0,0.0,0.0
6,5,0.0,0.0,0.0,0.0,0.0,1.0,0.0,0.0,0.0,0.0,0.0
6,5,0.0,0.0,0.0,0.0,0.0,1.0,0.0,0.0,0.0,0.0,0.0
6,5,0.0,0.0,0.0,0.0,0.0,1.0,0.0,0.0,0.0,0.0,0.0
6,5,0.0,0.0,0.0,0.0,0.0,1.0,0.0,0.0,0.0,0.0,0.0
6,5,0.0,0.0,0.0,0.0,0.0,1.0,0.0,0.0,0.0,0.0,0.0
6,5,0.0,0.0,0.0,0.0,0.0,1.0,0.0,0.0,0.0,0.0,0.0
6,5,0.0,0.0,0.0,0.0,0.0,1.0,0.0,0.0,0.0,0.0,0.0
6,5,0.0,0.0,0.0,0.0,0.0,1.0,0.0,0.0,0.0,0.0,0.0
6,5,0.0,0.0,0.0,0.0,0.0,1.0,0.0,0.0,0.0,0.0,0.0
6,5,0.0,0.0,0.0,0.0,0.0,1.0,0.0,0.0,0.0,0.0,0.0
6,5,0.0,0.0,0.0,0.0,0.0,1.0,0.0,0.0,0.0,0.0,0.0
6,5,0.0,0.0,0.0,0.0,0.0,1.0,0.0,0.0,0.0,0.0,0.0
6,5,0.0,0.0,0.0,0.0,0.0,1.0,0.0,0.0,0.0,0.0,0.0
6,5,0.0,0.0,0.0,0.0,0.0,1.0,0.0,0.0,0.0,0.0,0.0
6,5,0.0,0.0,0.0,0.0,0.0,1.0,0.0,0.0,0.0,0.0,0.0
6,5,0.0,0.0,0.0,0.0,0.0,1.0,0.0,0.0,0.0,0.0,0.0
6,5,0.0,0.0,0.0,0.0,0.0,1.0,0.0,0.0,0.0,0.0,0.0
6,5,0.0,0.0,0.0,0.0,0.0,1.0,0.0,0.0,0.0,0.0,0.0
6,5,0.0,0.0,0.0,0.0,0.0,1.0,0.0,0.0,0.0,0.0,0.0
6,5,0.0,0.0,0.0,0.0,0.0,1.0,0.0,0.0,0.0,0.0,0.0
6,5,0.0,0.0,0.0,0.0,0.0,1.0,0.0,0.0,0.0,0.0,0.0
6,5,0.0,0.0,0.0,0.0,0.0,1.0,0.0,0.0,0.0,0.0,0.0
6,5,0.0,0.0,0.0,0.0,0.0,1.0,0.0,0.0,0.0,0.0,0.0
6,5,0.0,0.0,0.0,0.0,0.0,1.0,0.0,0.0,0.0,0.0,0.0
6,5,0.0,0.0,0.0,0.0,0.0,1.0,0.0,0.0,0.0,0.0,0.0
6,5,0.0,0.0,0.0,0.0,0.0,1.0,0.0,0.0,0.0,0.0,0.0
6,5,0.0,0.0,0.0,0.0,0.0,1.0,0.0,0.0,0.0,0.0,0.0
6,5,0.0,0.0,0.0,0.0,0.0,1.0,0.0,0.0,0.0,0.0,0.0
6,5,0.0,0.0,0.0,0.0,0.0,1.0,0.0,0.0,0.0,0.0,0.0
6,5,0.0,0.0,0.0,0.0,0.0,1.0,0.0,0.0,0.0,0.0,0.0
6,5,0.0,0.0,0.0,0.0,0.0,1.0,0.0,0.0,0.0,0.0,0.0
6,5,0.0,0.0,0.0,0.0,0.0,1.0,0.0,0.0,0.0,0.0,0.0
6,5,0.0,0.0,0.0,0.0,0.0,1.0,0.0,0.0,0.0,0.0,0.0
6,5,0.0,0.0,0.0,0.0,0.0,1.0,0.0,0.0,0.0,0.0,0.0
6,5,0.0,0.0,0.0,0.0,0.0,1.0,0.0,0.0,0.0,0.0,0.0
6,5,0.0,0.0,0.0,0.0,0.0,1.0,0.0,0.0,0.0,0.0,0.0
6,5,0.0,0.0,0.0,0.0,0.0,1.0,0.0,0.0,0.0,0.0,0.0
6,5,0.0,0.0,0.0,0.0,0.0,1.0,0.0,0.0,0.0,0.0,0.0
6,5,0.0,0.0,0.0,0.0,0.0,1.0,0.0,0.0,0.0,0.0,0.0
6,5,0.0,0.0,0.0,0.0,0.0,1.0,0.0,0.0,0.0,0.0,0.0
6,5,0.0,0.0,0.0,0.0,0.0,1.0,0.0,0.0,0.0,0.0,0.0
6,5,0.0,0.0,0.0,0.0,0.0,1.0,0.0,0.0,0.0,0.0,0.0
6,5,0.0,0.0,0.0,0.0,0.0,1.0,0.0,0.0,0.0,0.0,0.0
6,5,0.0,0.0,0.0,0.0,0.0,1.0,0.0,0.0,0.0,0.0,0.0
6,5,0.0,0.0,0.0,0.0,0.0,1.0,0.0,0.0,0.0,0.0,0.0
6,5,0.0,0.0,0.0,0.0,0.0,1.0,0.0,0.0,0.0,0.0,0.0
6,5,0.0,0.0,0.0,0.0,0.0,1.0,0.0,0.0,0.0,0.0,0.0
6,5,0.0,0.0,0.0,0.0,0.0,1.0,0.0,0.0,0.0,0.0,0.0
6,5,0.0,0.0,0.0,0.0,0.0,1.0,0.0,0.0,0.0,0.0,0.0
6,5,0.0,0.0,0.0,0.0,0.0,1.0,0.0,0.0,0.0,0.0,0.0
6,5,0.0,0.0,0.0,0.0,0.0,1.0,0.0,0.0,0.0,0.0,0.0
6,5,0.0,0.0,0.0,0.0,0.0,1.0,0.0,0.0,0.0,0.0,0.0
6,5,0.0,0.0,0.0,0.0,0.0,1.0,0.0,0.0,0.0,0.0,0.0
6,5,0.0,0.0,0.0,0.0,0.0,1.0,0.0,0.0,0.0,0.0,0.0
6,5,0.0,0.0,0.0,0.0,0.0,1.0,0.0,0.0,0.0,0.0,0.0
6,5,0.0,0.0,0.0,0.0,0.0,1.0,0.0,0.0,0.0,0.0,0.0
6,5,0.0,0.0,0.0,0.0,0.0,1.0,0.0,0.0,0.0,0.0,0.0
6,5,0.0,0.0,0.0,0.0,0.0,1.0,0.0,0.0,0.0,0.0,0.0
6,5,0.0,0.0,0.0,0.0,0.0,1.0,0.0,0.0,0.0,0.0,0.0
6,5,0.0,0.0,0.0,0.0,0.0,1.0,0.0,0.0,0.0,0.0,0.0
6,5,0.0,0.0,0.0,0.0,0.0,1.0,0.0,0.0,0.0,0.0,0.0
6,5,0.0,0.0,0.0,0.0,0.0,1.0,0.0,0.0,0.0,0.0,0.0
6,5,0.0,0.0,0.0,0.0,0.0,1.0,0.0,0.0,0.0,0.0,0.0
6,5,0.0,0.0,0.0,0.0,0.0,1.0,0.0,0.0,0.0,0.0,0.0
6,5,0.0,0.0,0.0,0.0,0.0,1.0,0.0,0.0,0.0,0.0,0.0
6,5,0.0,0.0,0.0,0.0,0.0,1.0,0.0,0.0,0.0,0.0,0.0
6,5,0.0,0.0,0.0,0.0,0.0,1.0,0.0,0.0,0.0,0.0,0.0
6,5,0.0,0.0,0.0,0.0,0.0,1.0,0.0,0.0,0.0,0.0,0.0
6,5,0.0,0.0,0.0,0.0,0.0,1.0,0.0,0.0,0.0,0.0,0.0
6,5,0.0,0.0,0.0,0.0,0.0,1.0,0.0,0.0,0.0,0.0,0.0
6,5,0.0,0.0,0.0,0.0,0.0,1.0,0.0,0.0,0.0,0.0,0.0
6,5,0.0,0.0,0.0,0.0,0.0,1.0,0.0,0.0,0.0,0.0,0.0
6,5,0.0,0.0,0.0,0.0,0.0,1.0,0.0,0.0,0.0,0.0,0.0
6,5,0.0,0.0,0.0,0.0,0.0,1.0,0.0,0.0,0.0,0.0,0.0
6,5,0.0,0.0,0.0,0.0,0.0,1.0,0.0,0.0,0.0,0.0,0.0
6,5,0.0,0.0,0.0,0.0,0.0,1.0,0.0,0.0,0.0,0.0,0.0
6,5,0.0,0.0,0.0,0.0,0.0,1.0,0.0,0.0,0.0,0.0,0.0
6,5,0.0,0.0,0.0,0.0,0.0,1.0,0.0,0.0,0.0,0.0,0.0
6,5,0.0,0.0,0.0,0.0,0.0,1.0,0.0,0.0,0.0,0.0,0.0
6,5,0.0,0.0,0.0,0.0,0.0,1.0,0.0,0.0,0.0,0.0,0.0
6,5,0.0,0.0,0.0,0.0,0.0,1.0,0.0,0.0,0.0,0.0,0.0
6,5,0.0,0.0,0.0,0.0,0.0,1.0,0.0,0.0,0.0,0.0,0.0
6,5,0.0,0.0,0.0,0.0,0.0,1.0,0.0,0.0,0.0,0.0,0.0
6,5,0.0,0.0,0.0,0.0,0.0,1.0,0.0,0.0,0.0,0.0,0.0
6,5,0.0,0.0,0.0,0.0,0.0,1.0,0.0,0.0,0.0,0.0,0.0
6,5,0.0,0.0,0.0,0.0,0.0,1.0,0.0,0.0,0.0,0.0,0.0
6,5,0.0,0.0,0.0,0.0,0.0,1.0,0.0,0.0,0.0,0.0,0.0
6,5,0.0,0.0,0.0,0.0,0.0,1.0,0.0,0.0,0.0,0.0,0.0
6,5,0.0,0.0,0.0,0.0,0.0,1.0,0.0,0.0,0.0,0.0,0.0
6,5,0.0,0.0,0.0,0.0,0.0,1.0,0.0,0.0,0.0,0.0,0.0
6,5,0.0,0.0,0.0,0.0,0.0,1.0,0.0,0.0,0.0,0.0,0.0
6,5,0.0,0.0,0.0,0.0,0.0,1.0,0.0,0.0,0.0,0.0,0.0
6,5,0.0,0.0,0.0,0.0,0.0,1.0,0.0,0.0,0.0,0.0,0.0
6,5,0.0,0.0,0.0,0.0,0.0,1.0,0.0,0.0,0.0,0.0,0.0
6,5,0.0,0.0,0.0,0.0,0.0,1.0,0.0,0.0,0.0,0.0,0.0
6,5,0.0,0.0,0.0,0.0,0.0,1.0,0.0,0.0,0.0,0.0,0.0
6,5,0.0,0.0,0.0,0.0,0.0,1.0,0.0,0.0,0.0,0.0,0.0
6,5,0.0,0.0,0.0,0.0,0.0,1.0,0.0,0.0,0.0,0.0,0.0
6,5,0.0,0.0,0.0,0.0,0.0,1.0,0.0,0.0,0.0,0.0,0.0
6,5,0.0,0.0,0.0,0.0,0.0,1.0,0.0,0.0,0.0,0.0,0.0
6,5,0.0,0.0,0.0,0.0,0.0,1.0,0.0,0.0,0.0,0.0,0.0
6,5,0.0,0.0,0.0,0.0,0.0,1.0,0.0,0.0,0.0,0.0,0.0
6,5,0.0,0.0,0.0,0.0,0.0,1.0,0.0,0.0,0.0,0.0,0.0
6,5,0.0,0.0,0.0,0.0,0.0,1.0,0.0,0.0,0.0,0.0,0.0
6,5,0.0,0.0,0.0,0.0,0.0,1.0,0.0,0.0,0.0,0.0,0.0
6,5,0.0,0.0,0.0,0.0,0.0,1.0,0.0,0.0,0.0,0.0,0.0
6,5,0.0,0.0,0.0,0.0,0.0,1.0,0.0,0.0,0.0,0.0,0.0
6,5,0.0,0.0,0.0,0.0,0.0,1.0,0.0,0.0,0.0,0.0,0.0
6,5,0.0,0.0,0.0,0.0,0.0,1.0,0.0,0.0,0.0,0.0,0.0
6,5,0.0,0.0,0.0,0.0,0.0,1.0,0.0,0.0,0.0,0.0,0.0
6,5,0.0,0.0,0.0,0.0,0.0,1.0,0.0,0.0,0.0,0.0,0.0
6,5,0.0,0.0,0.0,0.0,0.0,1.0,0.0,0.0,0.0,0.0,0.0
6,5,0.0,0.0,0.0,0.0,0.0,1.0,0.0,0.0,0.0,0.0,0.0
6,5,0.0,0.0,0.0,0.0,0.0,1.0,0.0,0.0,0.0,0.0,0.0
6,5,0.0,0.0,0.0,0.0,0.0,1.0,0.0,0.0,0.0,0.0,0.0
6,5,0.0,0.0,0.0,0.0,0.0,1.0,0.0,0.0,0.0,0.0,0.0
6,5,0.0,0.0,0.0,0.0,0.0,1.0,0.0,0.0,0.0,0.0,0.0
6,5,0.0,0.0,0.0,0.0,0.0,1.0,0.0,0.0,0.0,0.0,0.0
6,5,0.0,0.0,0.0,0.0,0.0,1.0,0.0,0.0,0.0,0.0,0.0
6,5,0.0,0.0,0.0,0.0,0.0,1.0,0.0,0.0,0.0,0.0,0.0
6,5,0.0,0.0,0.0,0.0,0.0,1.0,0.0,0.0,0.0,0.0,0.0
6,5,0.0,0.0,0.0,0.0,0.0,1.0,0.0,0.0,0.0,0.0,0.0
6,5,0.0,0.0,0.0,0.0,0.0,1.0,0.0,0.0,0.0,0.0,0.0
6,5,0.0,0.0,0.0,0.0,0.0,1.0,0.0,0.0,0.0,0.0,0.0
6,5,0.0,0.0,0.0,0.0,0.0,1.0,0.0,0.0,0.0,0.0,0.0
6,5,0.0,0.0,0.0,0.0,0.0,1.0,0.0,0.0,0.0,0.0,0.0
6,5,0.0,0.0,0.0,0.0,0.0,1.0,0.0,0.0,0.0,0.0,0.0
6,5,0.0,0.0,0.0,0.0,0.0,1.0,0.0,0.0,0.0,0.0,0.0
6,5,0.0,0.0,0.0,0.0,0.0,1.0,0.0,0.0,0.0,0.0,0.0
6,5,0.0,0.0,0.0,0.0,0.0,1.0,0.0,0.0,0.0,0.0,0.0
6,5,0.0,0.0,0.0,0.0,0.0,1.0,0.0,0.0,0.0,0.0,0.0
6,5,0.0,0.0,0.0,0.0,0.0,1.0,0.0,0.0,0.0,0.0,0.0
6,5,0.0,0.0,0.0,0.0,0.0,1.0,0.0,0.0,0.0,0.0,0.0
6,5,0.0,0.0,0.0,0.0,0.0,1.0,0.0,0.0,0.0,0.0,0.0
6,5,0.0,0.0,0.0,0.0,0.0,1.0,0.0,0.0,0.0,0.0,0.0
6,5,0.0,0.0,0.0,0.0,0.0,1.0,0.0,0.0,0.0,0.0,0.0
6,5,0.0,0.0,0.0,0.0,0.0,1.0,0.0,0.0,0.0,0.0,0.0
6,5,0.0,0.0,0.0,0.0,0.0,1.0,0.0,0.0,0.0,0.0,0.0
6,5,0.0,0.0,0.0,0.0,0.0,1.0,0.0,0.0,0.0,0.0,0.0
6,5,0.0,0.0,0.0,0.0,0.0,1.0,0.0,0.0,0.0,0.0,0.0
6,5,0.0,0.0,0.0,0.0,0.0,1.0,0.0,0.0,0.0,0.0,0.0
6,5,0.0,0.0,0.0,0.0,0.0,1.0,0.0,0.0,0.0,0.0,0.0
6,5,0.0,0.0,0.0,0.0,0.0,1.0,0.0,0.0,0.0,0.0,0.0
6,5,0.0,0.0,0.0,0.0,0.0,1.0,0.0,0.0,0.0,0.0,0.0
6,5,0.0,0.0,0.0,0.0,0.0,1.0,0.0,0.0,0.0,0.0,0.0
6,5,0.0,0.0,0.0,0.0,0.0,1.0,0.0,0.0,0.0,0.0,0.0
6,5,0.0,0.0,0.0,0.0,0.0,1.0,0.0,0.0,0.0,0.0,0.0
6,5,0.0,0.0,0.0,0.0,0.0,1.0,0.0,0.0,0.0,0.0,0.0
6,5,0.0,0.0,0.0,0.0,0.0,1.0,0.0,0.0,0.0,0.0,0.0
6,5,0.0,0.0,0.0,0.0,0.0,1.0,0.0,0.0,0.0,0.0,0.0
6,5,0.0,0.0,0.0,0.0,0.0,1.0,0.0,0.0,0.0,0.0,0.0
6,5,0.0,0.0,0.0,0.0,0.0,1.0,0.0,0.0,0.0,0.0,0.0
6,5,0.0,0.0,0.0,0.0,0.0,1.0,0.0,0.0,0.0,0.0,0.0
6,5,0.0,0.0,0.0,0.0,0.0,1.0,0.0,0.0,0.0,0.0,0.0
6,5,0.0,0.0,0.0,0.0,0.0,1.0,0.0,0.0,0.0,0.0,0.0
6,5,0.0,0.0,0.0,0.0,0.0,1.0,0.0,0.0,0.0,0.0,0.0
6,5,0.0,0.0,0.0,0.0,0.0,1.0,0.0,0.0,0.0,0.0,0.0
6,5,0.0,0.0,0.0,0.0,0.0,1.0,0.0,0.0,0.0,0.0,0.0
6,5,0.0,0.0,0.0,0.0,0.0,1.0,0.0,0.0,0.0,0.0,0.0
6,5,0.0,0.0,0.0,0.0,0.0,1.0,0.0,0.0,0.0,0.0,0.0
6,5,0.0,0.0,0.0,0.0,0.0,1.0,0.0,0.0,0.0,0.0,0.0
6,5,0.0,0.0,0.0,0.0,0.0,1.0,0.0,0.0,0.0,0.0,0.0
6,5,0.0,0.0,0.0,0.0,0.0,1.0,0.0,0.0,0.0,0.0,0.0
6,5,0.0,0.0,0.0,0.0,0.0,1.0,0.0,0.0,0.0,0.0,0.0
6,5,0.0,0.0,0.0,0.0,0.0,1.0,0.0,0.0,0.0,0.0,0.0
6,5,0.0,0.0,0.0,0.0,0.0,1.0,0.0,0.0,0.0,0.0,0.0
6,5,0.0,0.0,0.0,0.0,0.0,1.0,0.0,0.0,0.0,0.0,0.0
6,5,0.0,0.0,0.0,0.0,0.0,1.0,0.0,0.0,0.0,0.0,0.0
6,5,0.0,0.0,0.0,0.0,0.0,1.0,0.0,0.0,0.0,0.0,0.0
6,5,0.0,0.0,0.0,0.0,0.0,1.0,0.0,0.0,0.0,0.0,0.0
6,5,0.0,0.0,0.0,0.0,0.0,1.0,0.0,0.0,0.0,0.0,0.0
6,5,0.0,0.0,0.0,0.0,0.0,1.0,0.0,0.0,0.0,0.0,0.0
6,5,0.0,0.0,0.0,0.0,0.0,1.0,0.0,0.0,0.0,0.0,0.0
6,5,0.0,0.0,0.0,0.0,0.0,1.0,0.0,0.0,0.0,0.0,0.0
6,5,0.0,0.0,0.0,0.0,0.0,1.0,0.0,0.0,0.0,0.0,0.0
6,5,0.0,0.0,0.0,0.0,0.0,1.0,0.0,0.0,0.0,0.0,0.0
6,5,0.0,0.0,0.0,0.0,0.0,1.0,0.0,0.0,0.0,0.0,0.0
6,5,0.0,0.0,0.0,0.0,0.0,1.0,0.0,0.0,0.0,0.0,0.0
6,5,0.0,0.0,0.0,0.0,0.0,1.0,0.0,0.0,0.0,0.0,0.0
6,5,0.0,0.0,0.0,0.0,0.0,1.0,0.0,0.0,0.0,0.0,0.0
6,5,0.0,0.0,0.0,0.0,0.0,1.0,0.0,0.0,0.0,0.0,0.0
6,5,0.0,0.0,0.0,0.0,0.0,1.0,0.0,0.0,0.0,0.0,0.0
6,5,0.0,0.0,0.0,0.0,0.0,1.0,0.0,0.0,0.0,0.0,0.0
6,5,0.0,0.0,0.0,0.0,0.0,1.0,0.0,0.0,0.0,0.0,0.0
6,5,0.0,0.0,0.0,0.0,0.0,1.0,0.0,0.0,0.0,0.0,0.0
6,5,0.0,0.0,0.0,0.0,0.0,1.0,0.0,0.0,0.0,0.0,0.0
6,5,0.0,0.0,0.0,0.0,0.0,1.0,0.0,0.0,0.0,0.0,0.0
6,5,0.0,0.0,0.0,0.0,0.0,1.0,0.0,0.0,0.0,0.0,0.0
6,5,0.0,0.0,0.0,0.0,0.0,1.0,0.0,0.0,0.0,0.0,0.0
6,5,0.0,0.0,0.0,0.0,0.0,1.0,0.0,0.0,0.0,0.0,0.0
6,5,0.0,0.0,0.0,0.0,0.0,1.0,0.0,0.0,0.0,0.0,0.0
6,5,0.0,0.0,0.0,0.0,0.0,1.0,0.0,0.0,0.0,0.0,0.0
6,5,0.0,0.0,0.0,0.0,0.0,1.0,0.0,0.0,0.0,0.0,0.0
6,5,0.0,0.0,0.0,0.0,0.0,1.0,0.0,0.0,0.0,0.0,0.0
6,5,0.0,0.0,0.0,0.0,0.0,1.0,0.0,0.0,0.0,0.0,0.0
6,5,0.0,0.0,0.0,0.0,0.0,1.0,0.0,0.0,0.0,0.0,0.0
6,5,0.0,0.0,0.0,0.0,0.0,1.0,0.0,0.0,0.0,0.0,0.0
6,5,0.0,0.0,0.0,0.0,0.0,1.0,0.0,0.0,0.0,0.0,0.0
6,5,0.0,0.0,0.0,0.0,0.0,1.0,0.0,0.0,0.0,0.0,0.0
6,5,0.0,0.0,0.0,0.0,0.0,1.0,0.0,0.0,0.0,0.0,0.0
6,5,0.0,0.0,0.0,0.0,0.0,1.0,0.0,0.0,0.0,0.0,0.0
6,5,0.0,0.0,0.0,0.0,0.0,1.0,0.0,0.0,0.0,0.0,0.0
6,5,0.0,0.0,0.0,0.0,0.0,1.0,0.0,0.0,0.0,0.0,0.0
6,5,0.0,0.0,0.0,0.0,0.0,1.0,0.0,0.0,0.0,0.0,0.0
6,5,0.0,0.0,0.0,0.0,0.0,1.0,0.0,0.0,0.0,0.0,0.0
6,5,0.0,0.0,0.0,0.0,0.0,1.0,0.0,0.0,0.0,0.0,0.0
6,5,0.0,0.0,0.0,0.0,0.0,1.0,0.0,0.0,0.0,0.0,0.0
6,5,0.0,0.0,0.0,0.0,0.0,1.0,0.0,0.0,0.0,0.0,0.0
6,5,0.0,0.0,0.0,0.0,0.0,1.0,0.0,0.0,0.0,0.0,0.0
6,5,0.0,0.0,0.0,0.0,0.0,1.0,0.0,0.0,0.0,0.0,0.0
6,5,0.0,0.0,0.0,0.0,0.0,1.0,0.0,0.0,0.0,0.0,0.0
6,5,0.0,0.0,0.0,0.0,0.0,1.0,0.0,0.0,0.0,0.0,0.0
6,5,0.0,0.0,0.0,0.0,0.0,1.0,0.0,0.0,0.0,0.0,0.0
6,5,0.0,0.0,0.0,0.0,0.0,1.0,0.0,0.0,0.0,0.0,0.0
6,5,0.0,0.0,0.0,0.0,0.0,1.0,0.0,0.0,0.0,0.0,0.0
6,5,0.0,0.0,0.0,0.0,0.0,1.0,0.0,0.0,0.0,0.0,0.0
6,5,0.0,0.0,0.0,0.0,0.0,1.0,0.0,0.0,0.0,0.0,0.0
6,5,0.0,0.0,0.0,0.0,0.0,1.0,0.0,0.0,0.0,0.0,0.0
6,5,0.0,0.0,0.0,0.0,0.0,1.0,0.0,0.0,0.0,0.0,0.0
6,5,0.0,0.0,0.0,0.0,0.0,1.0,0.0,0.0,0.0,0.0,0.0
6,5,0.0,0.0,0.0,0.0,0.0,1.0,0.0,0.0,0.0,0.0,0.0
6,5,0.0,0.0,0.0,0.0,0.0,1.0,0.0,0.0,0.0,0.0,0.0
6,5,0.0,0.0,0.0,0.0,0.0,1.0,0.0,0.0,0.0,0.0,0.0
6,5,0.0,0.0,0.0,0.0,0.0,1.0,0.0,0.0,0.0,0.0,0.0
6,5,0.0,0.0,0.0,0.0,0.0,1.0,0.0,0.0,0.0,0.0,0.0
6,5,0.0,0.0,0.0,0.0,0.0,1.0,0.0,0.0,0.0,0.0,0.0
6,5,0.0,0.0,0.0,0.0,0.0,1.0,0.0,0.0,0.0,0.0,0.0
6,5,0.0,0.0,0.0,0.0,0.0,1.0,0.0,0.0,0.0,0.0,0.0
6,5,0.0,0.0,0.0,0.0,0.0,1.0,0.0,0.0,0.0,0.0,0.0
6,5,0.0,0.0,0.0,0.0,0.0,1.0,0.0,0.0,0.0,0.0,0.0
6,5,0.0,0.0,0.0,0.0,0.0,1.0,0.0,0.0,0.0,0.0,0.0
6,5,0.0,0.0,0.0,0.0,0.0,1.0,0.0,0.0,0.0,0.0,0.0
6,5,0.0,0.0,0.0,0.0,0.0,1.0,0.0,0.0,0.0,0.0,0.0
6,5,0.0,0.0,0.0,0.0,0.0,1.0,0.0,0.0,0.0,0.0,0.0
6,5,0.0,0.0,0.0,0.0,0.0,1.0,0.0,0.0,0.0,0.0,0.0
6,5,0.0,0.0,0.0,0.0,0.0,1.0,0.0,0.0,0.0,0.0,0.0
6,5,0.0,0.0,0.0,0.0,0.0,1.0,0.0,0.0,0.0,0.0,0.0
6,5,0.0,0.0,0.0,0.0,0.0,1.0,0.0,0.0,0.0,0.0,0.0
6,5,0.0,0.0,0.0,0.0,0.0,1.0,0.0,0.0,0.0,0.0,0.0
6,5,0.0,0.0,0.0,0.0,0.0,1.0,0.0,0.0,0.0,0.0,0.0
6,5,0.0,0.0,0.0,0.0,0.0,1.0,0.0,0.0,0.0,0.0,0.0
6,5,0.0,0.0,0.0,0.0,0.0,1.0,0.0,0.0,0.0,0.0,0.0
6,5,0.0,0.0,0.0,0.0,0.0,1.0,0.0,0.0,0.0,0.0,0.0
6,5,0.0,0.0,0.0,0.0,0.0,1.0,0.0,0.0,0.0,0.0,0.0
6,5,0.0,0.0,0.0,0.0,0.0,1.0,0.0,0.0,0.0,0.0,0.0
6,5,0.0,0.0,0.0,0.0,0.0,1.0,0.0,0.0,0.0,0.0,0.0
6,5,0.0,0.0,0.0,0.0,0.0,1.0,0.0,0.0,0.0,0.0,0.0
6,5,0.0,0.0,0.0,0.0,0.0,1.0,0.0,0.0,0.0,0.0,0.0
6,5,0.0,0.0,0.0,0.0,0.0,1.0,0.0,0.0,0.0,0.0,0.0
6,5,0.0,0.0,0.0,0.0,0.0,1.0,0.0,0.0,0.0,0.0,0.0
6,5,0.0,0.0,0.0,0.0,0.0,1.0,0.0,0.0,0.0,0.0,0.0
6,5,0.0,0.0,0.0,0.0,0.0,1.0,0.0,0.0,0.0,0.0,0.0
6,5,0.0,0.0,0.0,0.0,0.0,1.0,0.0,0.0,0.0,0.0,0.0
6,5,0.0,0.0,0.0,0.0,0.0,1.0,0.0,0.0,0.0,0.0,0.0
6,5,0.0,0.0,0.0,0.0,0.0,1.0,0.0,0.0,0.0,0.0,0.0
6,5,0.0,0.0,0.0,0.0,0.0,1.0,0.0,0.0,0.0,0.0,0.0
6,5,0.0,0.0,0.0,0.0,0.0,1.0,0.0,0.0,0.0,0.0,0.0
6,5,0.0,0.0,0.0,0.0,0.0,1.0,0.0,0.0,0.0,0.0,0.0
6,5,0.0,0.0,0.0,0.0,0.0,1.0,0.0,0.0,0.0,0.0,0.0
6,5,0.0,0.0,0.0,0.0,0.0,1.0,0.0,0.0,0.0,0.0,0.0
6,5,0.0,0.0,0.0,0.0,0.0,1.0,0.0,0.0,0.0,0.0,0.0
6,5,0.0,0.0,0.0,0.0,0.0,1.0,0.0,0.0,0.0,0.0,0.0
6,5,0.0,0.0,0.0,0.0,0.0,1.0,0.0,0.0,0.0,0.0,0.0
6,5,0.0,0.0,0.0,0.0,0.0,1.0,0.0,0.0,0.0,0.0,0.0
6,5,0.0,0.0,0.0,0.0,0.0,1.0,0.0,0.0,0.0,0.0,0.0
6,5,0.0,0.0,0.0,0.0,0.0,1.0,0.0,0.0,0.0,0.0,0.0
6,5,0.0,0.0,0.0,0.0,0.0,1.0,0.0,0.0,0.0,0.0,0.0
6,5,0.0,0.0,0.0,0.0,0.0,1.0,0.0,0.0,0.0,0.0,0.0
6,5,0.0,0.0,0.0,0.0,0.0,1.0,0.0,0.0,0.0,0.0,0.0
6,5,0.0,0.0,0.0,0.0,0.0,1.0,0.0,0.0,0.0,0.0,0.0
6,5,0.0,0.0,0.0,0.0,0.0,1.0,0.0,0.0,0.0,0.0,0.0
6,5,0.0,0.0,0.0,0.0,0.0,1.0,0.0,0.0,0.0,0.0,0.0
6,5,0.0,0.0,0.0,0.0,0.0,1.0,0.0,0.0,0.0,0.0,0.0
6,5,0.0,0.0,0.0,0.0,0.0,1.0,0.0,0.0,0.0,0.0,0.0
6,5,0.0,0.0,0.0,0.0,0.0,1.0,0.0,0.0,0.0,0.0,0.0
6,5,0.0,0.0,0.0,0.0,0.0,1.0,0.0,0.0,0.0,0.0,0.0
6,5,0.0,0.0,0.0,0.0,0.0,1.0,0.0,0.0,0.0,0.0,0.0
6,5,0.0,0.0,0.0,0.0,0.0,1.0,0.0,0.0,0.0,0.0,0.0
6,5,0.0,0.0,0.0,0.0,0.0,1.0,0.0,0.0,0.0,0.0,0.0
6,5,0.0,0.0,0.0,0.0,0.0,1.0,0.0,0.0,0.0,0.0,0.0
6,5,0.0,0.0,0.0,0.0,0.0,1.0,0.0,0.0,0.0,0.0,0.0
6,5,0.0,0.0,0.0,0.0,0.0,1.0,0.0,0.0,0.0,0.0,0.0
6,5,0.0,0.0,0.0,0.0,0.0,1.0,0.0,0.0,0.0,0.0,0.0
6,5,0.0,0.0,0.0,0.0,0.0,1.0,0.0,0.0,0.0,0.0,0.0
6,5,0.0,0.0,0.0,0.0,0.0,1.0,0.0,0.0,0.0,0.0,0.0
6,5,0.0,0.0,0.0,0.0,0.0,1.0,0.0,0.0,0.0,0.0,0.0
6,5,0.0,0.0,0.0,0.0,0.0,1.0,0.0,0.0,0.0,0.0,0.0
6,5,0.0,0.0,0.0,0.0,0.0,1.0,0.0,0.0,0.0,0.0,0.0
6,5,0.0,0.0,0.0,0.0,0.0,1.0,0.0,0.0,0.0,0.0,0.0
6,5,0.0,0.0,0.0,0.0,0.0,1.0,0.0,0.0,0.0,0.0,0.0
6,5,0.0,0.0,0.0,0.0,0.0,1.0,0.0,0.0,0.0,0.0,0.0
6,5,0.0,0.0,0.0,0.0,0.0,1.0,0.0,0.0,0.0,0.0,0.0
6,5,0.0,0.0,0.0,0.0,0.0,1.0,0.0,0.0,0.0,0.0,0.0
6,5,0.0,0.0,0.0,0.0,0.0,1.0,0.0,0.0,0.0,0.0,0.0
6,5,0.0,0.0,0.0,0.0,0.0,1.0,0.0,0.0,0.0,0.0,0.0
6,5,0.0,0.0,0.0,0.0,0.0,1.0,0.0,0.0,0.0,0.0,0.0
6,5,0.0,0.0,0.0,0.0,0.0,1.0,0.0,0.0,0.0,0.0,0.0
6,5,0.0,0.0,0.0,0.0,0.0,1.0,0.0,0.0,0.0,0.0,0.0
6,5,0.0,0.0,0.0,0.0,0.0,1.0,0.0,0.0,0.0,0.0,0.0
6,5,0.0,0.0,0.0,0.0,0.0,1.0,0.0,0.0,0.0,0.0,0.0
6,5,0.0,0.0,0.0,0.0,0.0,1.0,0.0,0.0,0.0,0.0,0.0
6,5,0.0,0.0,0.0,0.0,0.0,1.0,0.0,0.0,0.0,0.0,0.0
6,5,0.0,0.0,0.0,0.0,0.0,1.0,0.0,0.0,0.0,0.0,0.0
6,5,0.0,0.0,0.0,0.0,0.0,1.0,0.0,0.0,0.0,0.0,0.0
6,5,0.0,0.0,0.0,0.0,0.0,1.0,0.0,0.0,0.0,0.0,0.0
6,5,0.0,0.0,0.0,0.0,0.0,1.0,0.0,0.0,0.0,0.0,0.0
6,5,0.0,0.0,0.0,0.0,0.0,1.0,0.0,0.0,0.0,0.0,0.0
6,5,0.0,0.0,0.0,0.0,0.0,1.0,0.0,0.0,0.0,0.0,0.0
6,5,0.0,0.0,0.0,0.0,0.0,1.0,0.0,0.0,0.0,0.0,0.0
6,5,0.0,0.0,0.0,0.0,0.0,1.0,0.0,0.0,0.0,0.0,0.0
6,5,0.0,0.0,0.0,0.0,0.0,1.0,0.0,0.0,0.0,0.0,0.0
6,5,0.0,0.0,0.0,0.0,0.0,1.0,0.0,0.0,0.0,0.0,0.0
6,5,0.0,0.0,0.0,0.0,0.0,1.0,0.0,0.0,0.0,0.0,0.0
6,5,0.0,0.0,0.0,0.0,0.0,1.0,0.0,0.0,0.0,0.0,0.0
6,5,0.0,0.0,0.0,0.0,0.0,1.0,0.0,0.0,0.0,0.0,0.0
6,5,0.0,0.0,0.0,0.0,0.0,1.0,0.0,0.0,0.0,0.0,0.0
6,5,0.0,0.0,0.0,0.0,0.0,1.0,0.0,0.0,0.0,0.0,0.0
6,5,0.0,0.0,0.0,0.0,0.0,1.0,0.0,0.0,0.0,0.0,0.0
6,5,0.0,0.0,0.0,0.0,0.0,1.0,0.0,0.0,0.0,0.0,0.0
6,5,0.0,0.0,0.0,0.0,0.0,1.0,0.0,0.0,0.0,0.0,0.0
6,5,0.0,0.0,0.0,0.0,0.0,1.0,0.0,0.0,0.0,0.0,0.0
6,5,0.0,0.0,0.0,0.0,0.0,1.0,0.0,0.0,0.0,0.0,0.0
6,5,0.0,0.0,0.0,0.0,0.0,1.0,0.0,0.0,0.0,0.0,0.0
6,5,0.0,0.0,0.0,0.0,0.0,1.0,0.0,0.0,0.0,0.0,0.0
6,5,0.0,0.0,0.0,0.0,0.0,1.0,0.0,0.0,0.0,0.0,0.0
6,5,0.0,0.0,0.0,0.0,0.0,1.0,0.0,0.0,0.0,0.0,0.0
6,5,0.0,0.0,0.0,0.0,0.0,1.0,0.0,0.0,0.0,0.0,0.0
6,5,0.0,0.0,0.0,0.0,0.0,1.0,0.0,0.0,0.0,0.0,0.0
6,5,0.0,0.0,0.0,0.0,0.0,1.0,0.0,0.0,0.0,0.0,0.0
6,5,0.0,0.0,0.0,0.0,0.0,1.0,0.0,0.0,0.0,0.0,0.0
6,5,0.0,0.0,0.0,0.0,0.0,1.0,0.0,0.0,0.0,0.0,0.0
6,5,0.0,0.0,0.0,0.0,0.0,1.0,0.0,0.0,0.0,0.0,0.0
6,5,0.0,0.0,0.0,0.0,0.0,1.0,0.0,0.0,0.0,0.0,0.0
6,5,0.0,0.0,0.0,0.0,0.0,1.0,0.0,0.0,0.0,0.0,0.0
6,5,0.0,0.0,0.0,0.0,0.0,1.0,0.0,0.0,0.0,0.0,0.0
6,5,0.0,0.0,0.0,0.0,0.0,1.0,0.0,0.0,0.0,0.0,0.0
6,5,0.0,0.0,0.0,0.0,0.0,1.0,0.0,0.0,0.0,0.0,0.0
6,5,0.0,0.0,0.0,0.0,0.0,1.0,0.0,0.0,0.0,0.0,0.0
6,5,0.0,0.0,0.0,0.0,0.0,1.0,0.0,0.0,0.0,0.0,0.0
6,5,0.0,0.0,0.0,0.0,0.0,1.0,0.0,0.0,0.0,0.0,0.0
6,5,0.0,0.0,0.0,0.0,0.0,1.0,0.0,0.0,0.0,0.0,0.0
6,5,0.0,0.0,0.0,0.0,0.0,1.0,0.0,0.0,0.0,0.0,0.0
6,5,0.0,0.0,0.0,0.0,0.0,1.0,0.0,0.0,0.0,0.0,0.0
6,5,0.0,0.0,0.0,0.0,0.0,1.0,0.0,0.0,0.0,0.0,0.0
6,5,0.0,0.0,0.0,0.0,0.0,1.0,0.0,0.0,0.0,0.0,0.0
6,5,0.0,0.0,0.0,0.0,0.0,1.0,0.0,0.0,0.0,0.0,0.0
6,5,0.0,0.0,0.0,0.0,0.0,1.0,0.0,0.0,0.0,0.0,0.0
6,5,0.0,0.0,0.0,0.0,0.0,1.0,0.0,0.0,0.0,0.0,0.0
6,5,0.0,0.0,0.0,0.0,0.0,1.0,0.0,0.0,0.0,0.0,0.0
6,5,0.0,0.0,0.0,0.0,0.0,1.0,0.0,0.0,0.0,0.0,0.0
6,5,0.0,0.0,0.0,0.0,0.0,1.0,0.0,0.0,0.0,0.0,0.0
6,5,0.0,0.0,0.0,0.0,0.0,1.0,0.0,0.0,0.0,0.0,0.0
6,5,0.0,0.0,0.0,0.0,0.0,1.0,0.0,0.0,0.0,0.0,0.0
6,5,0.0,0.0,0.0,0.0,0.0,1.0,0.0,0.0,0.0,0.0,0.0
6,5,0.0,0.0,0.0,0.0,0.0,1.0,0.0,0.0,0.0,0.0,0.0
6,5,0.0,0.0,0.0,0.0,0.0,1.0,0.0,0.0,0.0,0.0,0.0
6,5,0.0,0.0,0.0,0.0,0.0,1.0,0.0,0.0,0.0,0.0,0.0
6,5,0.0,0.0,0.0,0.0,0.0,1.0,0.0,0.0,0.0,0.0,0.0
6,5,0.0,0.0,0.0,0.0,0.0,1.0,0.0,0.0,0.0,0.0,0.0
6,5,0.0,0.0,0.0,0.0,0.0,1.0,0.0,0.0,0.0,0.0,0.0
6,5,0.0,0.0,0.0,0.0,0.0,1.0,0.0,0.0,0.0,0.0,0.0
6,5,0.0,0.0,0.0,0.0,0.0,1.0,0.0,0.0,0.0,0.0,0.0
6,5,0.0,0.0,0.0,0.0,0.0,1.0,0.0,0.0,0.0,0.0,0.0
6,5,0.0,0.0,0.0,0.0,0.0,1.0,0.0,0.0,0.0,0.0,0.0
6,5,0.0,0.0,0.0,0.0,0.0,1.0,0.0,0.0,0.0,0.0,0.0
6,5,0.0,0.0,0.0,0.0,0.0,1.0,0.0,0.0,0.0,0.0,0.0
6,5,0.0,0.0,0.0,0.0,0.0,1.0,0.0,0.0,0.0,0.0,0.0
6,5,0.0,0.0,0.0,0.0,0.0,1.0,0.0,0.0,0.0,0.0,0.0
6,5,0.0,0.0,0.0,0.0,0.0,1.0,0.0,0.0,0.0,0.0,0.0
6,5,0.0,0.0,0.0,0.0,0.0,1.0,0.0,0.0,0.0,0.0,0.0
6,5,0.0,0.0,0.0,0.0,0.0,1.0,0.0,0.0,0.0,0.0,0.0
6,5,0.0,0.0,0.0,0.0,0.0,1.0,0.0,0.0,0.0,0.0,0.0
6,5,0.0,0.0,0.0,0.0,0.0,1.0,0.0,0.0,0.0,0.0,0.0
6,5,0.0,0.0,0.0,0.0,0.0,1.0,0.0,0.0,0.0,0.0,0.0
6,5,0.0,0.0,0.0,0.0,0.0,1.0,0.0,0.0,0.0,0.0,0.0
6,5,0.0,0.0,0.0,0.0,0.0,1.0,0.0,0.0,0.0,0.0,0.0
6,5,0.0,0.0,0.0,0.0,0.0,1.0,0.0,0.0,0.0,0.0,0.0
6,5,0.0,0.0,0.0,0.0,0.0,1.0,0.0,0.0,0.0,0.0,0.0
6,5,0.0,0.0,0.0,0.0,0.0,1.0,0.0,0.0,0.0,0.0,0.0
6,5,0.0,0.0,0.0,0.0,0.0,1.0,0.0,0.0,0.0,0.0,0.0
6,5,0.0,0.0,0.0,0.0,0.0,1.0,0.0,0.0,0.0,0.0,0.0
6,5,0.0,0.0,0.0,0.0,0.0,1.0,0.0,0.0,0.0,0.0,0.0
6,5,0.0,0.0,0.0,0.0,0.0,1.0,0.0,0.0,0.0,0.0,0.0
6,5,0.0,0.0,0.0,0.0,0.0,1.0,0.0,0.0,0.0,0.0,0.0
6,5,0.0,0.0,0.0,0.0,0.0,1.0,0.0,0.0,0.0,0.0,0.0
6,5,0.0,0.0,0.0,0.0,0.0,1.0,0.0,0.0,0.0,0.0,0.0
6,5,0.0,0.0,0.0,0.0,0.0,1.0,0.0,0.0,0.0,0.0,0.0
6,5,0.0,0.0,0.0,0.0,0.0,1.0,0.0,0.0,0.0,0.0,0.0
6,5,0.0,0.0,0.0,0.0,0.0,1.0,0.0,0.0,0.0,0.0,0.0
6,5,0.0,0.0,0.0,0.0,0.0,1.0,0.0,0.0,0.0,0.0,0.0
6,5,0.0,0.0,0.0,0.0,0.0,1.0,0.0,0.0,0.0,0.0,0.0
6,5,0.0,0.0,0.0,0.0,0.0,1.0,0.0,0.0,0.0,0.0,0.0
6,5,0.0,0.0,0.0,0.0,0.0,1.0,0.0,0.0,0.0,0.0,0.0
6,5,0.0,0.0,0.0,0.0,0.0,1.0,0.0,0.0,0.0,0.0,0.0
6,5,0.0,0.0,0.0,0.0,0.0,1.0,0.0,0.0,0.0,0.0,0.0
6,5,0.0,0.0,0.0,0.0,0.0,1.0,0.0,0.0,0.0,0.0,0.0
6,5,0.0,0.0,0.0,0.0,0.0,1.0,0.0,0.0,0.0,0.0,0.0
6,5,0.0,0.0,0.0,0.0,0.0,1.0,0.0,0.0,0.0,0.0,0.0
6,5,0.0,0.0,0.0,0.0,0.0,1.0,0.0,0.0,0.0,0.0,0.0
6,5,0.0,0.0,0.0,0.0,0.0,1.0,0.0,0.0,0.0,0.0,0.0
6,5,0.0,0.0,0.0,0.0,0.0,1.0,0.0,0.0,0.0,0.0,0.0
6,5,0.0,0.0,0.0,0.0,0.0,1.0,0.0,0.0,0.0,0.0,0.0
6,5,0.0,0.0,0.0,0.0,0.0,1.0,0.0,0.0,0.0,0.0,0.0
6,5,0.0,0.0,0.0,0.0,0.0,1.0,0.0,0.0,0.0,0.0,0.0
6,5,0.0,0.0,0.0,0.0,0.0,1.0,0.0,0.0,0.0,0.0,0.0
6,5,0.0,0.0,0.0,0.0,0.0,1.0,0.0,0.0,0.0,0.0,0.0
6,5,0.0,0.0,0.0,0.0,0.0,1.0,0.0,0.0,0.0,0.0,0.0
6,5,0.0,0.0,0.0,0.0,0.0,1.0,0.0,0.0,0.0,0.0,0.0
6,5,0.0,0.0,0.0,0.0,0.0,1.0,0.0,0.0,0.0,0.0,0.0
6,5,0.0,0.0,0.0,0.0,0.0,1.0,0.0,0.0,0.0,0.0,0.0
6,5,0.0,0.0,0.0,0.0,0.0,1.0,0.0,0.0,0.0,0.0,0.0
6,5,0.0,0.0,0.0,0.0,0.0,1.0,0.0,0.0,0.0,0.0,0.0
6,5,0.0,0.0,0.0,0.0,0.0,1.0,0.0,0.0,0.0,0.0,0.0
6,5,0.0,0.0,0.0,0.0,0.0,1.0,0.0,0.0,0.0,0.0,0.0
6,5,0.0,0.0,0.0,0.0,0.0,1.0,0.0,0.0,0.0,0.0,0.0
6,5,0.0,0.0,0.0,0.0,0.0,1.0,0.0,0.0,0.0,0.0,0.0
6,5,0.0,0.0,0.0,0.0,0.0,1.0,0.0,0.0,0.0,0.0,0.0
6,5,0.0,0.0,0.0,0.0,0.0,1.0,0.0,0.0,0.0,0.0,0.0
6,5,0.0,0.0,0.0,0.0,0.0,1.0,0.0,0.0,0.0,0.0,0.0
6,5,0.0,0.0,0.0,0.0,0.0,1.0,0.0,0.0,0.0,0.0,0.0
6,5,0.0,0.0,0.0,0.0,0.0,1.0,0.0,0.0,0.0,0.0,0.0
6,5,0.0,0.0,0.0,0.0,0.0,1.0,0.0,0.0,0.0,0.0,0.0
6,5,0.0,0.0,0.0,0.0,0.0,1.0,0.0,0.0,0.0,0.0,0.0
6,5,0.0,0.0,0.0,0.0,0.0,1.0,0.0,0.0,0.0,0.0,0.0
6,5,0.0,0.0,0.0,0.0,0.0,1.0,0.0,0.0,0.0,0.0,0.0
6,5,0.0,0.0,0.0,0.0,0.0,1.0,0.0,0.0,0.0,0.0,0.0
6,5,0.0,0.0,0.0,0.0,0.0,1.0,0.0,0.0,0.0,0.0,0.0
6,5,0.0,0.0,0.0,0.0,0.0,1.0,0.0,0.0,0.0,0.0,0.0
6,5,0.0,0.0,0.0,0.0,0.0,1.0,0.0,0.0,0.0,0.0,0.0
6,5,0.0,0.0,0.0,0.0,0.0,1.0,0.0,0.0,0.0,0.0,0.0
6,5,0.0,0.0,0.0,0.0,0.0,1.0,0.0,0.0,0.0,0.0,0.0
6,5,0.0,0.0,0.0,0.0,0.0,1.0,0.0,0.0,0.0,0.0,0.0
6,5,0.0,0.0,0.0,0.0,0.0,1.0,0.0,0.0,0.0,0.0,0.0
6,5,0.0,0.0,0.0,0.0,0.0,1.0,0.0,0.0,0.0,0.0,0.0
6,5,0.0,0.0,0.0,0.0,0.0,1.0,0.0,0.0,0.0,0.0,0.0
6,5,0.0,0.0,0.0,0.0,0.0,1.0,0.0,0.0,0.0,0.0,0.0
6,5,0.0,0.0,0.0,0.0,0.0,1.0,0.0,0.0,0.0,0.0,0.0
6,5,0.0,0.0,0.0,0.0,0.0,1.0,0.0,0.0,0.0,0.0,0.0
6,5,0.0,0.0,0.0,0.0,0.0,1.0,0.0,0.0,0.0,0.0,0.0
6,5,0.0,0.0,0.0,0.0,0.0,1.0,0.0,0.0,0.0,0.0,0.0
6,5,0.0,0.0,0.0,0.0,0.0,1.0,0.0,0.0,0.0,0.0,0.0
6,5,0.0,0.0,0.0,0.0,0.0,1.0,0.0,0.0,0.0,0.0,0.0
6,5,0.0,0.0,0.0,0.0,0.0,1.0,0.0,0.0,0.0,0.0,0.0
6,5,0.0,0.0,0.0,0.0,0.0,1.0,0.0,0.0,0.0,0.0,0.0
6,5,0.0,0.0,0.0,0.0,0.0,1.0,0.0,0.0,0.0,0.0,0.0
6,5,0.0,0.0,0.0,0.0,0.0,1.0,0.0,0.0,0.0,0.0,0.0
6,5,0.0,0.0,0.0,0.0,0.0,1.0,0.0,0.0,0.0,0.0,0.0
6,5,0.0,0.0,0.0,0.0,0.0,1.0,0.0,0.0,0.0,0.0,0.0
6,5,0.0,0.0,0.0,0.0,0.0,1.0,0.0,0.0,0.0,0.0,0.0
6,5,0.0,0.0,0.0,0.0,0.0,1.0,0.0,0.0,0.0,0.0,0.0
6,5,0.0,0.0,0.0,0.0,0.0,1.0,0.0,0.0,0.0,0.0,0.0
6,5,0.0,0.0,0.0,0.0,0.0,1.0,0.0,0.0,0.0,0.0,0.0
6,5,0.0,0.0,0.0,0.0,0.0,1.0,0.0,0.0,0.0,0.0,0.0
6,5,0.0,0.0,0.0,0.0,0.0,1.0,0.0,0.0,0.0,0.0,0.0
6,5,0.0,0.0,0.0,0.0,0.0,1.0,0.0,0.0,0.0,0.0,0.0
6,5,0.0,0.0,0.0,0.0,0.0,1.0,0.0,0.0,0.0,0.0,0.0
6,5,0.0,0.0,0.0,0.0,0.0,1.0,0.0,0.0,0.0,0.0,0.0
6,5,0.0,0.0,0.0,0.0,0.0,1.0,0.0,0.0,0.0,0.0,0.0
6,5,0.0,0.0,0.0,0.0,0.0,1.0,0.0,0.0,0.0,0.0,0.0
6,5,0.0,0.0,0.0,0.0,0.0,1.0,0.0,0.0,0.0,0.0,0.0
6,5,0.0,0.0,0.0,0.0,0.0,1.0,0.0,0.0,0.0,0.0,0.0
6,5,0.0,0.0,0.0,0.0,0.0,1.0,0.0,0.0,0.0,0.0,0.0
6,5,0.0,0.0,0.0,0.0,0.0,1.0,0.0,0.0,0.0,0.0,0.0
6,5,0.0,0.0,0.0,0.0,0.0,1.0,0.0,0.0,0.0,0.0,0.0
6,5,0.0,0.0,0.0,0.0,0.0,1.0,0.0,0.0,0.0,0.0,0.0
6,5,0.0,0.0,0.0,0.0,0.0,1.0,0.0,0.0,0.0,0.0,0.0
6,5,0.0,0.0,0.0,0.0,0.0,1.0,0.0,0.0,0.0,0.0,0.0
6,5,0.0,0.0,0.0,0.0,0.0,1.0,0.0,0.0,0.0,0.0,0.0
6,5,0.0,0.0,0.0,0.0,0.0,1.0,0.0,0.0,0.0,0.0,0.0
6,5,0.0,0.0,0.0,0.0,0.0,1.0,0.0,0.0,0.0,0.0,0.0
6,5,0.0,0.0,0.0,0.0,0.0,1.0,0.0,0.0,0.0,0.0,0.0
6,5,0.0,0.0,0.0,0.0,0.0,1.0,0.0,0.0,0.0,0.0,0.0
6,5,0.0,0.0,0.0,0.0,0.0,1.0,0.0,0.0,0.0,0.0,0.0
6,5,0.0,0.0,0.0,0.0,0.0,1.0,0.0,0.0,0.0,0.0,0.0
6,5,0.0,0.0,0.0,0.0,0.0,1.0,0.0,0.0,0.0,0.0,0.0
6,5,0.0,0.0,0.0,0.0,0.0,1.0,0.0,0.0,0.0,0.0,0.0
6,5,0.0,0.0,0.0,0.0,0.0,1.0,0.0,0.0,0.0,0.0,0.0
6,5,0.0,0.0,0.0,0.0,0.0,1.0,0.0,0.0,0.0,0.0,0.0
6,5,0.0,0.0,0.0,0.0,0.0,1.0,0.0,0.0,0.0,0.0,0.0
6,5,0.0,0.0,0.0,0.0,0.0,1.0,0.0,0.0,0.0,0.0,0.0
6,5,0.0,0.0,0.0,0.0,0.0,1.0,0.0,0.0,0.0,0.0,0.0
6,5,0.0,0.0,0.0,0.0,0.0,1.0,0.0,0.0,0.0,0.0,0.0
6,5,0.0,0.0,0.0,0.0,0.0,1.0,0.0,0.0,0.0,0.0,0.0
6,5,0.0,0.0,0.0,0.0,0.0,1.0,0.0,0.0,0.0,0.0,0.0
6,5,0.0,0.0,0.0,0.0,0.0,1.0,0.0,0.0,0.0,0.0,0.0
6,5,0.0,0.0,0.0,0.0,0.0,1.0,0.0,0.0,0.0,0.0,0.0
6,5,0.0,0.0,0.0,0.0,0.0,1.0,0.0,0.0,0.0,0.0,0.0
6,5,0.0,0.0,0.0,0.0,0.0,1.0,0.0,0.0,0.0,0.0,0.0
6,5,0.0,0.0,0.0,0.0,0.0,1.0,0.0,0.0,0.0,0.0,0.0
6,5,0.0,0.0,0.0,0.0,0.0,1.0,0.0,0.0,0.0,0.0,0.0
6,5,0.0,0.0,0.0,0.0,0.0,1.0,0.0,0.0,0.0,0.0,0.0
6,5,0.0,0.0,0.0,0.0,0.0,1.0,0.0,0.0,0.0,0.0,0.0
6,5,0.0,0.0,0.0,0.0,0.0,1.0,0.0,0.0,0.0,0.0,0.0
6,5,0.0,0.0,0.0,0.0,0.0,1.0,0.0,0.0,0.0,0.0,0.0
6,5,0.0,0.0,0.0,0.0,0.0,1.0,0.0,0.0,0.0,0.0,0.0
6,5,0.0,0.0,0.0,0.0,0.0,1.0,0.0,0.0,0.0,0.0,0.0
6,5,0.0,0.0,0.0,0.0,0.0,1.0,0.0,0.0,0.0,0.0,0.0
6,5,0.0,0.0,0.0,0.0,0.0,1.0,0.0,0.0,0.0,0.0,0.0
6,5,0.0,0.0,0.0,0.0,0.0,1.0,0.0,0.0,0.0,0.0,0.0
6,5,0.0,0.0,0.0,0.0,0.0,1.0,0.0,0.0,0.0,0.0,0.0
6,5,0.0,0.0,0.0,0.0,0.0,1.0,0.0,0.0,0.0,0.0,0.0
6,5,0.0,0.0,0.0,0.0,0.0,1.0,0.0,0.0,0.0,0.0,0.0
6,5,0.0,0.0,0.0,0.0,0.0,1.0,0.0,0.0,0.0,0.0,0.0
6,5,0.0,0.0,0.0,0.0,0.0,1.0,0.0,0.0,0.0,0.0,0.0
6,5,0.0,0.0,0.0,0.0,0.0,1.0,0.0,0.0,0.0,0.0,0.0
6,5,0.0,0.0,0.0,0.0,0.0,1.0,0.0,0.0,0.0,0.0,0.0
6,5,0.0,0.0,0.0,0.0,0.0,1.0,0.0,0.0,0.0,0.0,0.0
6,5,0.0,0.0,0.0,0.0,0.0,1.0,0.0,0.0,0.0,0.0,0.0
6,5,0.0,0.0,0.0,0.0,0.0,1.0,0.0,0.0,0.0,0.0,0.0
6,5,0.0,0.0,0.0,0.0,0.0,1.0,0.0,0.0,0.0,0.0,0.0
6,5,0.0,0.0,0.0,0.0,0.0,1.0,0.0,0.0,0.0,0.0,0.0
6,5,0.0,0.0,0.0,0.0,0.0,1.0,0.0,0.0,0.0,0.0,0.0
6,5,0.0,0.0,0.0,0.0,0.0,1.0,0.0,0.0,0.0,0.0,0.0
6,5,0.0,0.0,0.0,0.0,0.0,1.0,0.0,0.0,0.0,0.0,0.0
6,5,0.0,0.0,0.0,0.0,0.0,1.0,0.0,0.0,0.0,0.0,0.0
6,5,0.0,0.0,0.0,0.0,0.0,1.0,0.0,0.0,0.0,0.0,0.0
6,5,0.0,0.0,0.0,0.0,0.0,1.0,0.0,0.0,0.0,0.0,0.0
6,5,0.0625,0.0,0.0,0.0,0.0,0.9375,0.0,0.0,0.0,0.0,0.0
6,5,0.0625,0.0,0.0,0.0,0.0,0.9375,0.0,0.0,0.0,0.0,0.0
6,5,0.0625,0.0,0.0,0.0,0.0,0.9375,0.0,0.0,0.0,0.0,0.0
6,5,0.0625,0.0,0.0,0.0,0.0,0.9375,0.0,0.0,0.0,0.0,0.0
6,5,0.0625,0.0,0.0,0.0,0.0,0.9375,0.0,0.0,0.0,0.0,0.0
6,5,0.0625,0.0,0.0,0.0,0.0,0.9375,0.0,0.0,0.0,0.0,0.0
6,5,0.0625,0.0,0.0,0.0,0.0,0.9375,0.0,0.0,0.0,0.0,0.0
6,5,0.0625,0.0,0.0,0.0,0.0,0.9375,0.0,0.0,0.0,0.0,0.0
6,5,0.0625,0.0,0.0,0.0,0.0,0.9375,0.0,0.0,0.0,0.0,0.0
6,5,0.0625,0.0,0.0,0.0,0.0,0.9375,0.0,0.0,0.0,0.0,0.0
6,5,0.0625,0.0,0.0,0.0,0.0,0.9375,0.0,0.0,0.0,0.0,0.0
6,5,0.0625,0.0,0.0,0.0,0.0,0.9375,0.0,0.0,0.0,0.0,0.0
6,5,0.0625,0.0,0.0,0.0,0.0,0.9375,0.0,0.0,0.0,0.0,0.0
6,5,0.0625,0.0,0.0,0.0,0.0,0.9375,0.0,0.0,0.0,0.0,0.0
6,5,0.0625,0.0,0.0,0.0,0.0,0.9375,0.0,0.0,0.0,0.0,0.0
6,5,0.0625,0.0,0.0,0.0,0.0,0.9375,0.0,0.0,0.0,0.0,0.0
6,5,0.0625,0.0,0.0,0.0,0.0,0.9375,0.0,0.0,0.0,0.0,0.0
6,5,0.0625,0.0,0.0,0.0,0.0,0.9375,0.0,0.0,0.0,0.0,0.0
6,5,0.0625,0.0,0.0,0.0,0.0,0.9375,0.0,0.0,0.0,0.0,0.0
6,5,0.0625,0.0,0.0,0.0,0.0,0.9375,0.0,0.0,0.0,0.0,0.0
6,5,0.0625,0.0,0.0,0.0,0.0,0.9375,0.0,0.0,0.0,0.0,0.0
6,5,0.0625,0.0,0.0,0.0,0.0,0.9375,0.0,0.0,0.0,0.0,0.0
6,5,0.0625,0.0,0.0,0.0,0.0,0.9375,0.0,0.0,0.0,0.0,0.0
6,5,0.0625,0.0,0.0,0.0,0.0,0.9375,0.0,0.0,0.0,0.0,0.0
6,5,0.0625,0.0,0.0,0.0,0.0,0.9375,0.0,0.0,0.0,0.0,0.0
6,5,0.0625,0.0,0.0,0.0,0.0,0.9375,0.0,0.0,0.0,0.0,0.0
6,5,0.0625,0.0,0.0,0.0,0.0,0.9375,0.0,0.0,0.0,0.0,0.0
6,5,0.0625,0.0,0.0,0.0,0.0,0.9375,0.0,0.0,0.0,0.0,0.0
6,5,0.0625,0.0,0.0,0.0,0.0,0.9375,0.0,0.0,0.0,0.0,0.0
6,5,0.0625,0.0,0.0,0.0,0.0,0.9375,0.0,0.0,0.0,0.0,0.0
6,5,0.0625,0.0,0.0,0.0,0.0,0.9375,0.0,0.0,0.0,0.0,0.0
6,5,0.0625,0.0,0.0,0.0,0.0,0.9375,0.0,0.0,0.0,0.0,0.0
6,5,0.0625,0.0,0.0,0.0,0.0,0.9375,0.0,0.0,0.0,0.0,0.0
6,5,0.0625,0.0,0.0,0.0,0.0,0.9375,0.0,0.0,0.0,0.0,0.0
6,5,0.0625,0.0,0.0,0.0,0.0,0.9375,0.0,0.0,0.0,0.0,0.0
6,5,0.0625,0.0,0.0,0.0,0.0,0.9375,0.0,0.0,0.0,0.0,0.0
6,5,0.0625,0.0,0.0,0.0,0.0,0.9375,0.0,0.0,0.0,0.0,0.0
6,5,0.0625,0.0,0.0,0.0,0.0,0.9375,0.0,0.0,0.0,0.0,0.0
6,5,0.0625,0.0,0.0,0.0,0.0,0.9375,0.0,0.0,0.0,0.0,0.0
6,5,0.0625,0.0,0.0,0.0,0.0,0.9375,0.0,0.0,0.0,0.0,0.0
6,5,0.0625,0.0,0.0,0.0,0.0,0.9375,0.0,0.0,0.0,0.0,0.0
6,5,0.0625,0.0,0.0,0.0,0.0,0.9375,0.0,0.0,0.0,0.0,0.0
6,5,0.0625,0.0,0.0,0.0,0.0,0.9375,0.0,0.0,0.0,0.0,0.0
6,5,0.0625,0.0,0.0,0.0,0.0,0.9375,0.0,0.0,0.0,0.0,0.0
6,5,0.0625,0.0,0.0,0.0,0.0,0.9375,0.0,0.0,0.0,0.0,0.0
6,5,0.0625,0.0,0.0,0.0,0.0,0.9375,0.0,0.0,0.0,0.0,0.0
6,5,0.0625,0.0,0.0,0.0,0.0,0.9375,0.0,0.0,0.0,0.0,0.0
6,5,0.0625,0.0,0.0,0.0,0.0,0.9375,0.0,0.0,0.0,0.0,0.0
6,5,0.0625,0.0,0.0,0.0,0.0,0.9375,0.0,0.0,0.0,0.0,0.0
6,5,0.0625,0.0,0.0,0.0,0.0,0.9375,0.0,0.0,0.0,0.0,0.0
6,5,0.0625,0.0,0.0,0.0,0.0,0.9375,0.0,0.0,0.0,0.0,0.0
6,5,0.0625,0.0,0.0,0.0,0.0,0.9375,0.0,0.0,0.0,0.0,0.0
6,5,0.0625,0.0,0.0,0.0,0.0,0.9375,0.0,0.0,0.0,0.0,0.0
6,5,0.0625,0.0,0.0,0.0,0.0,0.9375,0.0,0.0,0.0,0.0,0.0
6,5,0.0625,0.0,0.0,0.0,0.0,0.9375,0.0,0.0,0.0,0.0,0.0
6,5,0.0625,0.0,0.0,0.0,0.0,0.9375,0.0,0.0,0.0,0.0,0.0
6,5,0.0625,0.0,0.0,0.0,0.0,0.9375,0.0,0.0,0.0,0.0,0.0
6,5,0.0625,0.0,0.0,0.0,0.0,0.9375,0.0,0.0,0.0,0.0,0.0
6,5,0.0625,0.0,0.0,0.0,0.0,0.9375,0.0,0.0,0.0,0.0,0.0
6,5,0.0625,0.0,0.0,0.0,0.0,0.9375,0.0,0.0,0.0,0.0,0.0
6,5,0.0625,0.0,0.0,0.0,0.0,0.9375,0.0,0.0,0.0,0.0,0.0
6,5,0.0625,0.0,0.0,0.0,0.0,0.9375,0.0,0.0,0.0,0.0,0.0
6,5,0.0625,0.0,0.0,0.0,0.0,0.9375,0.0,0.0,0.0,0.0,0.0
6,5,0.0625,0.0,0.0,0.0,0.0,0.9375,0.0,0.0,0.0,0.0,0.0
6,5,0.0625,0.0,0.0,0.0,0.0,0.9375,0.0,0.0,0.0,0.0,0.0
6,5,0.0625,0.0,0.0,0.0,0.0,0.9375,0.0,0.0,0.0,0.0,0.0
6,5,0.0625,0.0,0.0,0.0,0.0,0.9375,0.0,0.0,0.0,0.0,0.0
6,5,0.0625,0.0,0.0,0.0,0.0,0.9375,0.0,0.0,0.0,0.0,0.0
6,5,0.0625,0.0,0.0,0.0,0.0,0.9375,0.0,0.0,0.0,0.0,0.0
6,5,0.0625,0.0,0.0,0.0,0.0,0.9375,0.0,0.0,0.0,0.0,0.0
6,5,0.0625,0.0,0.0,0.0,0.0,0.9375,0.0,0.0,0.0,0.0,0.0
6,5,0.0625,0.0,0.0,0.0,0.0,0.9375,0.0,0.0,0.0,0.0,0.0
6,5,0.0625,0.0,0.0,0.0,0.0,0.9375,0.0,0.0,0.0,0.0,0.0
6,5,0.0625,0.0,0.0,0.0,0.0,0.9375,0.0,0.0,0.0,0.0,0.0
6,5,0.0625,0.0,0.0,0.0,0.0,0.9375,0.0,0.0,0.0,0.0,0.0
6,5,0.0625,0.0,0.0,0.0,0.0,0.9375,0.0,0.0,0.0,0.0,0.0
6,5,0.0625,0.0,0.0,0.0,0.0,0.9375,0.0,0.0,0.0,0.0,0.0
6,5,0.0625,0.0,0.0,0.0,0.0,0.9375,0.0,0.0,0.0,0.0,0.0
6,5,0.0625,0.0,0.0,0.0,0.0,0.9375,0.0,0.0,0.0,0.0,0.0
6,5,0.0625,0.0,0.0,0.0,0.0,0.9375,0.0,0.0,0.0,0.0,0.0
6,5,0.0625,0.0,0.0,0.0,0.0,0.9375,0.0,0.0,0.0,0.0,0.0
6,5,0.0625,0.0,0.0,0.0,0.0,0.9375,0.0,0.0,0.0,0.0,0.0
6,5,0.0625,0.0,0.0,0.0,0.0,0.9375,0.0,0.0,0.0,0.0,0.0
6,5,0.0625,0.0,0.0,0.0,0.0,0.9375,0.0,0.0,0.0,0.0,0.0
6,5,0.0625,0.0,0.0,0.0,0.0,0.9375,0.0,0.0,0.0,0.0,0.0
6,5,0.0625,0.0,0.0,0.0,0.0,0.9375,0.0,0.0,0.0,0.0,0.0
6,5,0.0625,0.0,0.0,0.0,0.0,0.9375,0.0,0.0,0.0,0.0,0.0
6,5,0.0625,0.0,0.0,0.0,0.0,0.9375,0.0,0.0,0.0,0.0,0.0
6,5,0.0625,0.0,0.0,0.0,0.0,0.9375,0.0,0.0,0.0,0.0,0.0
6,5,0.0625,0.0,0.0,0.0,0.0,0.9375,0.0,0.0,0.0,0.0,0.0
6,5,0.0625,0.0,0.0,0.0,0.0,0.9375,0.0,0.0,0.0,0.0,0.0
6,5,0.0625,0.0,0.0,0.0,0.0,0.9375,0.0,0.0,0.0,0.0,0.0
6,5,0.0625,0.0,0.0,0.0,0.0,0.9375,0.0,0.0,0.0,0.0,0.0
6,5,0.0625,0.0,0.0,0.0,0.0,0.9375,0.0,0.0,0.0,0.0,0.0
6,5,0.0625,0.0,0.0,0.0,0.0,0.9375,0.0,0.0,0.0,0.0,0.0
6,5,0.0625,0.0,0.0,0.0,0.0,0.9375,0.0,0.0,0.0,0.0,0.0
6,5,0.0625,0.0,0.0,0.0,0.0,0.9375,0.0,0.0,0.0,0.0,0.0
6,5,0.0625,0.0,0.0,0.0,0.0,0.9375,0.0,0.0,0.0,0.0,0.0
6,5,0.0625,0.0,0.0,0.0,0.0,0.9375,0.0,0.0,0.0,0.0,0.0
6,5,0.0625,0.0,0.0,0.0,0.0,0.9375,0.0,0.0,0.0,0.0,0.0
6,5,0.0625,0.0,0.0,0.0,0.0,0.9375,0.0,0.0,0.0,0.0,0.0
6,5,0.0625,0.0,0.0,0.0,0.0,0.9375,0.0,0.0,0.0,0.0,0.0
6,5,0.0625,0.0,0.0,0.0,0.0,0.9375,0.0,0.0,0.0,0.0,0.0
6,5,0.0625,0.0,0.0,0.0,0.0,0.9375,0.0,0.0,0.0,0.0,0.0
6,5,0.0625,0.0,0.0,0.0,0.0,0.9375,0.0,0.0,0.0,0.0,0.0
6,5,0.0625,0.0,0.0,0.0,0.0,0.9375,0.0,0.0,0.0,0.0,0.0
6,5,0.0625,0.0,0.0,0.0,0.0,0.9375,0.0,0.0,0.0,0.0,0.0
6,5,0.0625,0.0,0.0,0.0,0.0,0.9375,0.0,0.0,0.0,0.0,0.0
6,5,0.0625,0.0,0.0,0.0,0.0,0.9375,0.0,0.0,0.0,0.0,0.0
6,5,0.0625,0.0,0.0,0.0,0.0,0.9375,0.0,0.0,0.0,0.0,0.0
6,5,0.0625,0.0,0.0,0.0,0.0,0.9375,0.0,0.0,0.0,0.0,0.0
6,5,0.0625,0.0,0.0,0.0,0.0,0.9375,0.0,0.0,0.0,0.0,0.0
6,5,0.0625,0.0,0.0,0.0,0.0,0.9375,0.0,0.0,0.0,0.0,0.0
6,5,0.0625,0.0,0.0,0.0,0.0,0.9375,0.0,0.0,0.0,0.0,0.0
6,5,0.0625,0.0,0.0,0.0,0.0,0.9375,0.0,0.0,0.0,0.0,0.0
6,5,0.0625,0.0,0.0,0.0,0.0,0.9375,0.0,0.0,0.0,0.0,0.0
6,5,0.0625,0.0,0.0,0.0,0.0,0.9375,0.0,0.0,0.0,0.0,0.0
6,5,0.0625,0.0,0.0,0.0,0.0,0.9375,0.0,0.0,0.0,0.0,0.0
6,5,0.0625,0.0,0.0,0.0,0.0,0.9375,0.0,0.0,0.0,0.0,0.0
6,5,0.0625,0.0,0.0,0.0,0.0,0.9375,0.0,0.0,0.0,0.0,0.0
6,5,0.0625,0.0,0.0,0.0,0.0,0.9375,0.0,0.0,0.0,0.0,0.0
6,5,0.0625,0.0,0.0,0.0,0.0,0.9375,0.0,0.0,0.0,0.0,0.0
6,5,0.0625,0.0,0.0,0.0,0.0,0.9375,0.0,0.0,0.0,0.0,0.0
6,5,0.0625,0.0,0.0,0.0,0.0,0.9375,0.0,0.0,0.0,0.0,0.0
6,5,0.0625,0.0,0.0,0.0,0.0,0.9375,0.0,0.0,0.0,0.0,0.0
6,5,0.0625,0.0,0.0,0.0,0.0,0.9375,0.0,0.0,0.0,0.0,0.0
6,5,0.0625,0.0,0.0,0.0,0.0,0.9375,0.0,0.0,0.0,0.0,0.0
6,5,0.0625,0.0,0.0,0.0,0.0,0.9375,0.0,0.0,0.0,0.0,0.0
6,5,0.0625,0.0,0.0,0.0,0.0,0.9375,0.0,0.0,0.0,0.0,0.0
6,5,0.0625,0.0,0.0,0.0,0.0,0.9375,0.0,0.0,0.0,0.0,0.0
6,5,0.0625,0.0,0.0,0.0,0.0,0.9375,0.0,0.0,0.0,0.0,0.0
6,5,0.0625,0.0,0.0,0.0,0.0,0.9375,0.0,0.0,0.0,0.0,0.0
6,5,0.0625,0.0,0.0,0.0,0.0,0.9375,0.0,0.0,0.0,0.0,0.0
6,5,0.0625,0.0,0.0,0.0,0.0,0.9375,0.0,0.0,0.0,0.0,0.0
6,5,0.0625,0.0,0.0,0.0,0.0,0.9375,0.0,0.0,0.0,0.0,0.0
6,5,0.0625,0.0,0.0,0.0,0.0,0.9375,0.0,0.0,0.0,0.0,0.0
6,5,0.0625,0.0,0.0,0.0,0.0,0.9375,0.0,0.0,0.0,0.0,0.0
6,5,0.0625,0.0,0.0,0.0,0.0,0.9375,0.0,0.0,0.0,0.0,0.0
6,5,0.0625,0.0,0.0,0.0,0.0,0.9375,0.0,0.0,0.0,0.0,0.0
6,5,0.0625,0.0,0.0,0.0,0.0,0.9375,0.0,0.0,0.0,0.0,0.0
6,5,0.0625,0.0,0.0,0.0,0.0,0.9375,0.0,0.0,0.0,0.0,0.0
6,5,0.0625,0.0,0.0,0.0,0.0,0.9375,0.0,0.0,0.0,0.0,0.0
6,5,0.0625,0.0,0.0,0.0,0.0,0.9375,0.0,0.0,0.0,0.0,0.0
6,5,0.0625,0.0,0.0,0.0,0.0,0.9375,0.0,0.0,0.0,0.0,0.0
6,5,0.0625,0.0,0.0,0.0,0.0,0.9375,0.0,0.0,0.0,0.0,0.0
6,5,0.0625,0.0,0.0,0.0,0.0,0.9375,0.0,0.0,0.0,0.0,0.0
6,5,0.0625,0.0,0.0,0.0,0.0,0.9375,0.0,0.0,0.0,0.0,0.0
6,5,0.0625,0.0,0.0,0.0,0.0,0.9375,0.0,0.0,0.0,0.0,0.0
6,5,0.0625,0.0,0.0,0.0,0.0,0.9375,0.0,0.0,0.0,0.0,0.0
6,5,0.0625,0.0,0.0,0.0,0.0,0.9375,0.0,0.0,0.0,0.0,0.0
6,5,0.0625,0.0,0.0,0.0,0.0,0.9375,0.0,0.0,0.0,0.0,0.0
6,5,0.0625,0.0,0.0,0.0,0.0,0.9375,0.0,0.0,0.0,0.0,0.0
6,5,0.0625,0.0,0.0,0.0,0.0,0.9375,0.0,0.0,0.0,0.0,0.0
6,5,0.0625,0.0,0.0,0.0,0.0,0.9375,0.0,0.0,0.0,0.0,0.0
6,5,0.0625,0.0,0.0,0.0,0.0,0.9375,0.0,0.0,0.0,0.0,0.0
6,5,0.0625,0.0,0.0,0.0,0.0,0.9375,0.0,0.0,0.0,0.0,0.0
6,5,0.0625,0.0,0.0,0.0,0.0,0.9375,0.0,0.0,0.0,0.0,0.0
6,5,0.0625,0.0,0.0,0.0,0.0,0.9375,0.0,0.0,0.0,0.0,0.0
6,5,0.0625,0.0,0.0,0.0,0.0,0.9375,0.0,0.0,0.0,0.0,0.0
6,5,0.0625,0.0,0.0,0.0,0.0,0.9375,0.0,0.0,0.0,0.0,0.0
6,5,0.0625,0.0,0.0,0.0,0.0,0.9375,0.0,0.0,0.0,0.0,0.0
6,5,0.0625,0.0,0.0,0.0,0.0,0.9375,0.0,0.0,0.0,0.0,0.0
6,5,0.0625,0.0,0.0,0.0,0.0,0.9375,0.0,0.0,0.0,0.0,0.0
6,5,0.0625,0.0,0.0,0.0,0.0,0.9375,0.0,0.0,0.0,0.0,0.0
6,5,0.0625,0.0,0.0,0.0,0.0,0.9375,0.0,0.0,0.0,0.0,0.0
6,5,0.0625,0.0,0.0,0.0,0.0,0.9375,0.0,0.0,0.0,0.0,0.0
6,5,0.0625,0.0,0.0,0.0,0.0,0.9375,0.0,0.0,0.0,0.0,0.0
6,5,0.0625,0.0,0.0,0.0,0.0,0.9375,0.0,0.0,0.0,0.0,0.0
6,5,0.0625,0.0,0.0,0.0,0.0,0.9375,0.0,0.0,0.0,0.0,0.0
6,5,0.0625,0.0,0.0,0.0,0.0,0.9375,0.0,0.0,0.0,0.0,0.0
6,5,0.0625,0.0,0.0,0.0,0.0,0.9375,0.0,0.0,0.0,0.0,0.0
6,5,0.0625,0.0,0.0,0.0,0.0,0.9375,0.0,0.0,0.0,0.0,0.0
6,5,0.0625,0.0,0.0,0.0,0.0,0.9375,0.0,0.0,0.0,0.0,0.0
6,5,0.0625,0.0,0.0,0.0,0.0,0.9375,0.0,0.0,0.0,0.0,0.0
6,5,0.0625,0.0,0.0,0.0,0.0,0.9375,0.0,0.0,0.0,0.0,0.0
6,5,0.0625,0.0,0.0,0.0,0.0,0.9375,0.0,0.0,0.0,0.0,0.0
6,5,0.0625,0.0,0.0,0.0,0.0,0.9375,0.0,0.0,0.0,0.0,0.0
6,5,0.0625,0.0,0.0,0.0,0.0,0.9375,0.0,0.0,0.0,0.0,0.0
6,5,0.0625,0.0,0.0,0.0,0.0,0.9375,0.0,0.0,0.0,0.0,0.0
6,5,0.0625,0.0,0.0,0.0,0.0,0.875,0.0625,0.0,0.0,0.0,0.0
6,5,0.0625,0.0,0.0,0.0,0.0,0.875,0.0625,0.0,0.0,0.0,0.0
6,5,0.0625,0.0,0.0,0.0,0.0,0.875,0.0625,0.0,0.0,0.0,0.0
6,5,0.0625,0.0,0.0,0.0,0.0,0.875,0.0625,0.0,0.0,0.0,0.0
6,5,0.0625,0.0,0.0,0.0,0.0,0.875,0.0625,0.0,0.0,0.0,0.0
6,5,0.0625,0.0,0.0,0.0,0.0,0.875,0.0625,0.0,0.0,0.0,0.0
6,5,0.0625,0.0,0.0,0.0,0.0,0.875,0.0625,0.0,0.0,0.0,0.0
6,5,0.0625,0.0,0.0,0.0,0.0,0.875,0.0625,0.0,0.0,0.0,0.0
6,5,0.0625,0.0,0.0,0.0,0.0,0.875,0.0625,0.0,0.0,0.0,0.0
6,5,0.0625,0.0,0.0,0.0,0.0,0.875,0.0625,0.0,0.0,0.0,0.0
6,5,0.0625,0.0,0.0,0.0,0.0,0.875,0.0625,0.0,0.0,0.0,0.0
6,5,0.0625,0.0,0.0,0.0,0.0,0.875,0.0625,0.0,0.0,0.0,0.0
6,5,0.0625,0.0,0.0,0.0,0.0,0.875,0.0625,0.0,0.0,0.0,0.0
6,5,0.0625,0.0,0.0,0.0,0.0,0.875,0.0625,0.0,0.0,0.0,0.0
6,5,0.0625,0.0,0.0,0.0,0.0,0.875,0.0625,0.0,0.0,0.0,0.0
6,5,0.0625,0.0,0.0,0.0,0.0,0.875,0.0625,0.0,0.0,0.0,0.0
6,5,0.0625,0.0,0.0,0.0,0.0,0.875,0.0625,0.0,0.0,0.0,0.0
6,5,0.0625,0.0,0.0,0.0,0.0,0.875,0.0625,0.0,0.0,0.0,0.0
6,5,0.0625,0.0,0.0,0.0,0.0,0.875,0.0625,0.0,0.0,0.0,0.0
6,5,0.0625,0.0,0.0,0.0,0.0,0.875,0.0625,0.0,0.0,0.0,0.0
6,5,0.0625,0.0,0.0,0.0,0.0,0.875,0.0625,0.0,0.0,0.0,0.0
6,5,0.0625,0.0,0.0,0.0,0.0,0.875,0.0625,0.0,0.0,0.0,0.0
6,5,0.0625,0.0,0.0,0.0,0.0,0.875,0.0625,0.0,0.0,0.0,0.0
6,5,0.0625,0.0,0.0,0.0,0.0,0.875,0.0625,0.0,0.0,0.0,0.0
6,5,0.0625,0.0,0.0,0.0,0.0,0.875,0.0625,0.0,0.0,0.0,0.0
6,5,0.0625,0.0,0.0,0.0,0.0,0.875,0.0625,0.0,0.0,0.0,0.0
6,5,0.0625,0.0,0.0,0.0,0.0,0.875,0.0625,0.0,0.0,0.0,0.0
6,5,0.0625,0.0,0.0,0.0,0.0,0.875,0.0625,0.0,0.0,0.0,0.0
6,5,0.0625,0.0,0.0,0.0,0.0,0.875,0.0625,0.0,0.0,0.0,0.0
6,5,0.0625,0.0,0.0,0.0,0.0,0.875,0.0625,0.0,0.0,0.0,0.0
6,5,0.0625,0.0,0.0,0.0,0.0,0.875,0.0625,0.0,0.0,0.0,0.0
6,5,0.0625,0.0,0.0,0.0,0.0,0.875,0.0625,0.0,0.0,0.0,0.0
6,5,0.0625,0.0,0.0,0.0,0.0,0.875,0.0625,0.0,0.0,0.0,0.0
6,5,0.0625,0.0,0.0,0.0,0.0,0.875,0.0625,0.0,0.0,0.0,0.0
6,5,0.0625,0.0,0.0,0.0,0.0,0.875,0.0625,0.0,0.0,0.0,0.0
6,5,0.0625,0.0,0.0,0.0,0.0,0.875,0.0625,0.0,0.0,0.0,0.0
6,5,0.0625,0.0,0.0,0.0,0.0,0.875,0.0625,0.0,0.0,0.0,0.0
6,5,0.0625,0.0,0.0,0.0,0.0,0.875,0.0625,0.0,0.0,0.0,0.0
6,5,0.0625,0.0,0.0,0.0,0.0,0.875,0.0625,0.0,0.0,0.0,0.0
6,5,0.0625,0.0,0.0,0.0,0.0,0.875,0.0625,0.0,0.0,0.0,0.0
6,5,0.0625,0.0,0.0,0.0,0.0,0.875,0.0625,0.0,0.0,0.0,0.0
6,5,0.0625,0.0,0.0,0.0,0.0,0.875,0.0625,0.0,0.0,0.0,0.0
6,5,0.0625,0.0,0.0,0.0,0.0,0.875,0.0625,0.0,0.0,0.0,0.0
6,5,0.0625,0.0,0.0,0.0,0.0,0.875,0.0625,0.0,0.0,0.0,0.0
6,5,0.0625,0.0,0.0,0.0,0.0,0.875,0.0625,0.0,0.0,0.0,0.0
6,5,0.0625,0.0,0.0,0.0,0.0,0.875,0.0625,0.0,0.0,0.0,0.0
6,5,0.0625,0.0,0.0,0.0,0.0,0.875,0.0625,0.0,0.0,0.0,0.0
6,5,0.0625,0.0,0.0,0.0,0.0,0.875,0.0625,0.0,0.0,0.0,0.0
6,5,0.0625,0.0,0.0,0.0,0.0,0.875,0.0625,0.0,0.0,0.0,0.0
6,5,0.0625,0.0,0.0,0.0,0.0,0.875,0.0625,0.0,0.0,0.0,0.0
6,5,0.0625,0.0,0.0,0.0,0.0,0.875,0.0625,0.0,0.0,0.0,0.0
6,5,0.0625,0.0,0.0,0.0,0.0,0.875,0.0625,0.0,0.0,0.0,0.0
6,5,0.0625,0.0,0.0,0.0,0.0,0.875,0.0625,0.0,0.0,0.0,0.0
6,5,0.0625,0.0,0.0,0.0,0.0,0.875,0.0625,0.0,0.0,0.0,0.0
6,5,0.0625,0.0,0.0,0.0,0.0,0.875,0.0625,0.0,0.0,0.0,0.0
6,5,0.0625,0.0,0.0,0.0,0.0,0.875,0.0625,0.0,0.0,0.0,0.0
6,5,0.0625,0.0,0.0,0.0,0.0,0.875,0.0625,0.0,0.0,0.0,0.0
6,5,0.0625,0.0,0.0,0.0,0.0,0.875,0.0625,0.0,0.0,0.0,0.0
6,5,0.0625,0.0,0.0,0.0,0.0,0.875,0.0625,0.0,0.0,0.0,0.0
6,5,0.0625,0.0,0.0,0.0,0.0,0.875,0.0625,0.0,0.0,0.0,0.0
6,5,0.0625,0.0,0.0,0.0,0.0,0.875,0.0625,0.0,0.0,0.0,0.0
6,5,0.0625,0.0,0.0,0.0,0.0,0.875,0.0625,0.0,0.0,0.0,0.0
6,5,0.0625,0.0,0.0,0.0,0.0,0.875,0.0625,0.0,0.0,0.0,0.0
6,5,0.0625,0.0,0.0,0.0,0.0,0.875,0.0625,0.0,0.0,0.0,0.0
6,5,0.0625,0.0,0.0,0.0,0.0,0.875,0.0625,0.0,0.0,0.0,0.0
6,5,0.0625,0.0,0.0,0.0,0.0,0.875,0.0625,0.0,0.0,0.0,0.0
6,5,0.0625,0.0,0.0,0.0,0.0,0.875,0.0625,0.0,0.0,0.0,0.0
6,5,0.0625,0.0,0.0,0.0,0.0,0.875,0.0625,0.0,0.0,0.0,0.0
6,5,0.0625,0.0,0.0,0.0,0.0,0.875,0.0625,0.0,0.0,0.0,0.0
6,5,0.0625,0.0,0.0,0.0,0.0,0.875,0.0625,0.0,0.0,0.0,0.0
6,5,0.0625,0.0,0.0,0.0,0.0,0.875,0.0625,0.0,0.0,0.0,0.0
6,5,0.0625,0.0,0.0,0.0,0.0,0.875,0.0625,0.0,0.0,0.0,0.0
6,5,0.0625,0.0,0.0,0.0,0.0,0.875,0.0625,0.0,0.0,0.0,0.0
6,5,0.0625,0.0,0.0,0.0,0.0,0.875,0.0625,0.0,0.0,0.0,0.0
6,5,0.0625,0.0,0.0,0.0,0.0,0.875,0.0625,0.0,0.0,0.0,0.0
6,5,0.0625,0.0,0.0,0.0,0.0,0.875,0.0625,0.0,0.0,0.0,0.0
6,5,0.0625,0.0,0.0,0.0,0.0,0.875,0.0625,0.0,0.0,0.0,0.0
6,5,0.0625,0.0,0.0,0.0,0.0,0.875,0.0625,0.0,0.0,0.0,0.0
6,5,0.0625,0.0,0.0,0.0,0.0,0.875,0.0625,0.0,0.0,0.0,0.0
6,5,0.0625,0.0,0.0,0.0,0.0,0.875,0.0625,0.0,0.0,0.0,0.0
6,5,0.0625,0.0,0.0,0.0,0.0,0.875,0.0625,0.0,0.0,0.0,0.0
6,5,0.0625,0.0,0.0,0.0,0.0,0.875,0.0625,0.0,0.0,0.0,0.0
6,5,0.0625,0.0,0.0,0.0,0.0,0.875,0.0625,0.0,0.0,0.0,0.0
6,5,0.0625,0.0,0.0,0.0,0.0,0.875,0.0625,0.0,0.0,0.0,0.0
6,5,0.0625,0.0,0.0,0.0,0.0,0.875,0.0625,0.0,0.0,0.0,0.0
6,5,0.0625,0.0,0.0,0.0,0.0,0.875,0.0625,0.0,0.0,0.0,0.0
6,5,0.0625,0.0,0.0,0.0,0.0,0.875,0.0625,0.0,0.0,0.0,0.0
6,5,0.0625,0.0,0.0,0.0,0.0,0.875,0.0625,0.0,0.0,0.0,0.0
6,5,0.0625,0.0,0.0,0.0,0.0,0.875,0.0625,0.0,0.0,0.0,0.0
6,5,0.0625,0.0,0.0,0.0,0.0,0.8125,0.125,0.0,0.0,0.0,0.0
6,5,0.0625,0.0,0.0,0.0,0.0,0.8125,0.125,0.0,0.0,0.0,0.0
6,5,0.0625,0.0,0.0,0.0,0.0,0.8125,0.125,0.0,0.0,0.0,0.0
6,5,0.0625,0.0,0.0,0.0,0.0,0.8125,0.125,0.0,0.0,0.0,0.0
6,5,0.0625,0.0,0.0,0.0,0.0,0.8125,0.125,0.0,0.0,0.0,0.0
6,5,0.0625,0.0,0.0,0.0,0.0,0.8125,0.125,0.0,0.0,0.0,0.0
6,5,0.0625,0.0,0.0,0.0,0.0,0.8125,0.125,0.0,0.0,0.0,0.0
6,5,0.0625,0.0,0.0,0.0,0.0,0.8125,0.125,0.0,0.0,0.0,0.0
6,5,0.0625,0.0,0.0,0.0,0.0,0.8125,0.125,0.0,0.0,0.0,0.0
6,5,0.0625,0.0,0.0,0.0,0.0,0.8125,0.125,0.0,0.0,0.0,0.0
6,5,0.0625,0.0,0.0,0.0,0.0,0.8125,0.125,0.0,0.0,0.0,0.0
6,5,0.0625,0.0,0.0,0.0,0.0,0.8125,0.125,0.0,0.0,0.0,0.0
6,5,0.0625,0.0,0.0,0.0,0.0,0.8125,0.125,0.0,0.0,0.0,0.0
6,5,0.0625,0.0,0.0,0.0,0.0,0.8125,0.125,0.0,0.0,0.0,0.0
6,5,0.0625,0.0,0.0,0.0,0.0,0.8125,0.125,0.0,0.0,0.0,0.0
6,5,0.0625,0.0,0.0,0.0,0.0,0.8125,0.125,0.0,0.0,0.0,0.0
6,5,0.0625,0.0,0.0,0.0,0.0,0.75,0.1875,0.0,0.0,0.0,0.0
6,5,0.0625,0.0,0.0,0.0,0.0,0.75,0.1875,0.0,0.0,0.0,0.0
6,5,0.0625,0.0,0.0,0.0,0.0,0.75,0.1875,0.0,0.0,0.0,0.0
6,5,0.0625,0.0,0.0,0.0,0.0,0.75,0.1875,0.0,0.0,0.0,0.0
6,5,0.0625,0.0,0.0,0.0,0.0,0.75,0.1875,0.0,0.0,0.0,0.0
6,5,0.0625,0.0,0.0,0.0,0.0,0.75,0.1875,0.0,0.0,0.0,0.0
6,5,0.0625,0.0,0.0,0.0,0.0,0.6875,0.25,0.0,0.0,0.0,0.0
6,5,0.0625,0.0,0.0,0.0,0.0,0.6875,0.25,0.0,0.0,0.0,0.0
6,5,0.0625,0.0,0.0,0.0,0.0,0.6875,0.25,0.0,0.0,0.0,0.0
6,5,0.0625,0.0,0.0,0.0,0.0,0.6875,0.25,0.0,0.0,0.0,0.0
6,5,0.0625,0.0,0.0,0.0,0.0,0.6875,0.25,0.0,0.0,0.0,0.0
6,5,0.0625,0.0,0.0,0.0,0.0,0.6875,0.25,0.0,0.0,0.0,0.0
6,5,0.0625,0.0,0.0,0.0,0.0,0.6875,0.25,0.0,0.0,0.0,0.0
6,5,0.0625,0.0,0.0,0.0,0.0,0.6875,0.25,0.0,0.0,0.0,0.0
6,5,0.0625,0.0,0.0,0.0,0.0,0.5625,0.375,0.0,0.0,0.0,0.0
6,5,0.0625,0.0,0.0,0.0,0.0,0.5625,0.375,0.0,0.0,0.0,0.0
6,5,0.0625,0.0,0.0,0.0,0.0,0.5625,0.375,0.0,0.0,0.0,0.0
6,5,0.0625,0.0,0.0,0.0,0.0,0.5625,0.375,0.0,0.0,0.0,0.0
6,5,0.0625,0.0,0.0,0.0,0.0,0.5625,0.375,0.0,0.0,0.0,0.0
6,5,0.0625,0.0,0.0,0.0,0.0,0.5625,0.375,0.0,0.0,0.0,0.0
6,5,0.0625,0.0,0.0,0.0,0.0,0.5,0.4375,0.0,0.0,0.0,0.0
6,5,0.0625,0.0,0.0,0.0,0.0,0.5,0.4375,0.0,0.0,0.0,0.0
6,5,0.0625,0.0,0.0,0.0,0.0,0.5,0.4375,0.0,0.0,0.0,0.0
6,5,0.0625,0.0,0.0,0.0,0.0,0.5,0.4375,0.0,0.0,0.0,0.0
6,6,0.0625,0.0,0.0,0.0,0.0,0.4375,0.5,0.0,0.0,0.0,0.0
6,6,0.0625,0.0,0.0,0.0,0.0,0.4375,0.5,0.0,0.0,0.0,0.0
6,6,0.0625,0.0,0.0,0.0,0.0,0.3125,0.625,0.0,0.0,0.0,0.0
6,6,0.0625,0.0,0.0,0.0,0.0,0.3125,0.625,0.0,0.0,0.0,0.0
6,6,0.0625,0.0,0.0,0.0,0.0,0.3125,0.625,0.0,0.0,0.0,0.0
6,6,0.0625,0.0,0.0,0.0,0.0,0.3125,0.625,0.0,0.0,0.0,0.0
6,6,0.0625,0.0,0.0,0.0,0.0,0.3125,0.625,0.0,0.0,0.0,0.0
6,6,0.0625,0.0,0.0,0.0,0.0,0.3125,0.625,0.0,0.0,0.0,0.0
6,6,0.0625,0.0,0.0,0.0,0.0,0.3125,0.625,0.0,0.0,0.0,0.0
6,6,0.0625,0.0,0.0,0.0,0.0,0.3125,0.625,0.0,0.0,0.0,0.0
6,6,0.0625,0.0,0.0,0.0,0.0,0.3125,0.625,0.0,0.0,0.0,0.0
6,6,0.0625,0.0,0.0,0.0,0.0,0.3125,0.625,0.0,0.0,0.0,0.0
6,6,0.0625,0.0,0.0,0.0,0.0,0.3125,0.625,0.0,0.0,0.0,0.0
6,6,0.0625,0.0,0.0,0.0,0.0,0.3125,0.625,0.0,0.0,0.0,0.0
6,6,0.0625,0.0,0.0,0.0,0.0,0.3125,0.625,0.0,0.0,0.0,0.0
6,6,0.0625,0.0,0.0,0.0,0.0,0.3125,0.625,0.0,0.0,0.0,0.0
6,6,0.0625,0.0,0.0,0.0,0.0,0.3125,0.625,0.0,0.0,0.0,0.0
6,6,0.0625,0.0,0.0,0.0,0.0,0.3125,0.625,0.0,0.0,0.0,0.0
6,6,0.0625,0.0,0.0,0.0,0.0,0.3125,0.625,0.0,0.0,0.0,0.0
6,6,0.0625,0.0,0.0,0.0,0.0,0.3125,0.625,0.0,0.0,0.0,0.0
6,6,0.0625,0.0,0.0,0.0,0.0,0.3125,0.625,0.0,0.0,0.0,0.0
6,6,0.0625,0.0,0.0,0.0,0.0,0.3125,0.625,0.0,0.0,0.0,0.0
6,6,0.0625,0.0,0.0,0.0,0.0,0.3125,0.625,0.0,0.0,0.0,0.0
6,6,0.0625,0.0,0.0,0.0,0.0,0.3125,0.625,0.0,0.0,0.0,0.0
6,6,0.0625,0.0,0.0,0.0,0.0,0.3125,0.625,0.0,0.0,0.0,0.0
6,6,0.0625,0.0,0.0,0.0,0.0,0.3125,0.625,0.0,0.0,0.0,0.0
6,6,0.0625,0.0,0.0,0.0,0.0,0.3125,0.625,0.0,0.0,0.0,0.0
6,6,0.0625,0.0,0.0,0.0,0.0,0.3125,0.625,0.0,0.0,0.0,0.0
6,6,0.0625,0.0,0.0,0.0,0.0,0.3125,0.625,0.0,0.0,0.0,0.0
6,6,0.0625,0.0,0.0,0.0,0.0,0.3125,0.625,0.0,0.0,0.0,0.0
6,6,0.0625,0.0,0.0,0.0,0.0,0.3125,0.625,0.0,0.0,0.0,0.0
6,6,0.0625,0.0,0.0,0.0,0.0,0.3125,0.625,0.0,0.0,0.0,0.0
6,6,0.0625,0.0,0.0,0.0,0.0,0.3125,0.625,0.0,0.0,0.0,0.0
6,6,0.0625,0.0,0.0,0.0,0.0,0.3125,0.625,0.0,0.0,0.0,0.0
6,6,0.0625,0.0,0.0,0.0,0.0,0.3125,0.625,0.0,0.0,0.0,0.0
6,6,0.0625,0.0,0.0,0.0,0.0,0.3125,0.625,0.0,0.0,0.0,0.0
6,6,0.0625,0.0,0.0,0.0,0.0,0.3125,0.625,0.0,0.0,0.0,0.0
6,6,0.0625,0.0,0.0,0.0,0.0,0.3125,0.625,0.0,0.0,0.0,0.0
6,6,0.0625,0.0,0.0,0.0,0.0,0.3125,0.625,0.0,0.0,0.0,0.0
6,6,0.0625,0.0,0.0,0.0,0.0,0.3125,0.625,0.0,0.0,0.0,0.0
6,6,0.0625,0.0,0.0,0.0,0.0,0.3125,0.625,0.0,0.0,0.0,0.0
6,6,0.0625,0.0,0.0,0.0,0.0,0.3125,0.625,0.0,0.0,0.0,0.0
6,6,0.0625,0.0,0.0,0.0,0.0,0.3125,0.625,0.0,0.0,0.0,0.0
6,6,0.0625,0.0,0.0,0.0,0.0,0.3125,0.625,0.0,0.0,0.0,0.0
6,6,0.0625,0.0,0.0,0.0,0.0,0.3125,0.625,0.0,0.0,0.0,0.0
6,6,0.0625,0.0,0.0,0.0,0.0,0.3125,0.625,0.0,0.0,0.0,0.0
6,6,0.0625,0.0,0.0,0.0,0.0,0.3125,0.625,0.0,0.0,0.0,0.0
6,6,0.0625,0.0,0.0,0.0,0.0,0.3125,0.625,0.0,0.0,0.0,0.0
6,6,0.0625,0.0,0.0,0.0,0.0,0.3125,0.625,0.0,0.0,0.0,0.0
6,6,0.0625,0.0,0.0,0.0,0.0,0.3125,0.625,0.0,0.0,0.0,0.0
6,6,0.0625,0.0,0.0,0.0,0.0,0.3125,0.625,0.0,0.0,0.0,0.0
6,6,0.0625,0.0,0.0,0.0,0.0,0.3125,0.625,0.0,0.0,0.0,0.0
6,6,0.0625,0.0,0.0,0.0,0.0,0.3125,0.625,0.0,0.0,0.0,0.0
6,6,0.0625,0.0,0.0,0.0,0.0,0.3125,0.625,0.0,0.0,0.0,0.0
6,6,0.0625,0.0,0.0,0.0,0.0,0.25,0.6875,0.0,0.0,0.0,0.0
6,6,0.0625,0.0,0.0,0.0,0.0,0.25,0.6875,0.0,0.0,0.0,0.0
6,6,0.0625,0.0,0.0,0.0,0.0,0.25,0.6875,0.0,0.0,0.0,0.0
6,6,0.0625,0.0,0.0,0.0,0.0,0.25,0.6875,0.0,0.0,0.0,0.0
6,6,0.0625,0.0,0.0,0.0,0.0,0.25,0.6875,0.0,0.0,0.0,0.0
6,6,0.0625,0.0,0.0,0.0,0.0,0.25,0.6875,0.0,0.0,0.0,0.0
6,6,0.0625,0.0,0.0,0.0,0.0,0.25,0.6875,0.0,0.0,0.0,0.0
6,6,0.0625,0.0,0.0,0.0,0.0,0.25,0.6875,0.0,0.0,0.0,0.0
6,6,0.0625,0.0,0.0,0.0,0.0,0.25,0.6875,0.0,0.0,0.0,0.0
6,6,0.0625,0.0,0.0,0.0,0.0,0.25,0.6875,0.0,0.0,0.0,0.0
6,6,0.0625,0.0,0.0,0.0,0.0,0.25,0.6875,0.0,0.0,0.0,0.0
6,6,0.0625,0.0,0.0,0.0,0.0,0.25,0.6875,0.0,0.0,0.0,0.0
6,6,0.0625,0.0,0.0,0.0,0.0,0.25,0.6875,0.0,0.0,0.0,0.0
6,6,0.0625,0.0,0.0,0.0,0.0,0.25,0.6875,0.0,0.0,0.0,0.0
6,6,0.0625,0.0,0.0,0.0,0.0,0.25,0.6875,0.0,0.0,0.0,0.0
6,6,0.0625,0.0,0.0,0.0,0.0,0.25,0.6875,0.0,0.0,0.0,0.0
6,6,0.0625,0.0,0.0,0.0,0.0,0.25,0.6875,0.0,0.0,0.0,0.0
6,6,0.0625,0.0,0.0,0.0,0.0,0.25,0.6875,0.0,0.0,0.0,0.0
6,6,0.0625,0.0,0.0,0.0,0.0,0.25,0.6875,0.0,0.0,0.0,0.0
6,6,0.0625,0.0,0.0,0.0,0.0,0.25,0.6875,0.0,0.0,0.0,0.0
6,6,0.0625,0.0,0.0,0.0,0.0,0.25,0.6875,0.0,0.0,0.0,0.0
6,6,0.0625,0.0,0.0,0.0,0.0,0.25,0.6875,0.0,0.0,0.0,0.0
6,6,0.0625,0.0,0.0,0.0,0.0,0.25,0.6875,0.0,0.0,0.0,0.0
6,6,0.0625,0.0,0.0,0.0,0.0,0.25,0.6875,0.0,0.0,0.0,0.0
6,6,0.0625,0.0,0.0,0.0,0.0,0.25,0.6875,0.0,0.0,0.0,0.0
6,6,0.0625,0.0,0.0,0.0,0.0,0.25,0.6875,0.0,0.0,0.0,0.0
6,6,0.0625,0.0,0.0,0.0,0.0,0.25,0.6875,0.0,0.0,0.0,0.0
6,6,0.0625,0.0,0.0,0.0,0.0,0.25,0.6875,0.0,0.0,0.0,0.0
6,6,0.0625,0.0,0.0,0.0,0.0,0.25,0.6875,0.0,0.0,0.0,0.0
6,6,0.0625,0.0,0.0,0.0,0.0,0.25,0.6875,0.0,0.0,0.0,0.0
6,6,0.0625,0.0,0.0,0.0,0.0,0.25,0.6875,0.0,0.0,0.0,0.0
6,6,0.0625,0.0,0.0,0.0,0.0,0.25,0.6875,0.0,0.0,0.0,0.0
6,6,0.0625,0.0,0.0,0.0,0.0,0.25,0.6875,0.0,0.0,0.0,0.0
6,6,0.0625,0.0,0.0,0.0,0.0,0.25,0.6875,0.0,0.0,0.0,0.0
6,6,0.0625,0.0,0.0,0.0,0.0,0.25,0.6875,0.0,0.0,0.0,0.0
6,6,0.0625,0.0,0.0,0.0,0.0,0.25,0.6875,0.0,0.0,0.0,0.0
6,6,0.0625,0.0,0.0,0.0,0.0,0.25,0.6875,0.0,0.0,0.0,0.0
6,6,0.0625,0.0,0.0,0.0,0.0,0.25,0.6875,0.0,0.0,0.0,0.0
6,6,0.0625,0.0,0.0,0.0,0.0,0.25,0.6875,0.0,0.0,0.0,0.0
6,6,0.0625,0.0,0.0,0.0,0.0,0.25,0.6875,0.0,0.0,0.0,0.0
6,6,0.0625,0.0,0.0,0.0,0.0,0.25,0.6875,0.0,0.0,0.0,0.0
6,6,0.0625,0.0,0.0,0.0,0.0,0.25,0.6875,0.0,0.0,0.0,0.0
6,6,0.0625,0.0,0.0,0.0,0.0,0.25,0.6875,0.0,0.0,0.0,0.0
6,6,0.0625,0.0,0.0,0.0,0.0,0.25,0.6875,0.0,0.0,0.0,0.0
6,6,0.0625,0.0,0.0,0.0,0.0,0.25,0.6875,0.0,0.0,0.0,0.0
6,6,0.0625,0.0,0.0,0.0,0.0,0.25,0.6875,0.0,0.0,0.0,0.0
6,6,0.0625,0.0,0.0,0.0,0.0,0.25,0.6875,0.0,0.0,0.0,0.0
6,6,0.0625,0.0,0.0,0.0,0.0,0.25,0.6875,0.0,0.0,0.0,0.0
6,6,0.0625,0.0,0.0,0.0,0.0,0.25,0.6875,0.0,0.0,0.0,0.0
6,6,0.0625,0.0,0.0,0.0,0.0,0.25,0.6875,0.0,0.0,0.0,0.0
6,6,0.0625,0.0,0.0,0.0,0.0,0.25,0.6875,0.0,0.0,0.0,0.0
6,6,0.0625,0.0,0.0,0.0,0.0,0.25,0.6875,0.0,0.0,0.0,0.0
6,6,0.0625,0.0,0.0,0.0,0.0,0.25,0.6875,0.0,0.0,0.0,0.0
6,6,0.0625,0.0,0.0,0.0,0.0,0.25,0.6875,0.0,0.0,0.0,0.0
6,6,0.0625,0.0,0.0,0.0,0.0,0.25,0.6875,0.0,0.0,0.0,0.0
6,6,0.0625,0.0,0.0,0.0,0.0,0.25,0.6875,0.0,0.0,0.0,0.0
6,6,0.0625,0.0,0.0,0.0,0.0,0.25,0.6875,0.0,0.0,0.0,0.0
6,6,0.0625,0.0,0.0,0.0,0.0,0.25,0.6875,0.0,0.0,0.0,0.0
6,6,0.0625,0.0,0.0,0.0,0.0,0.25,0.6875,0.0,0.0,0.0,0.0
6,6,0.0625,0.0,0.0,0.0,0.0,0.25,0.6875,0.0,0.0,0.0,0.0
6,6,0.0625,0.0,0.0,0.0,0.0,0.25,0.6875,0.0,0.0,0.0,0.0
6,6,0.0625,0.0,0.0,0.0,0.0,0.25,0.6875,0.0,0.0,0.0,0.0
6,6,0.0625,0.0,0.0,0.0,0.0,0.25,0.6875,0.0,0.0,0.0,0.0
6,6,0.0625,0.0,0.0,0.0,0.0,0.25,0.6875,0.0,0.0,0.0,0.0
6,6,0.0625,0.0,0.0,0.0,0.0,0.25,0.6875,0.0,0.0,0.0,0.0
6,6,0.0625,0.0,0.0,0.0,0.0,0.25,0.6875,0.0,0.0,0.0,0.0
6,6,0.0625,0.0,0.0,0.0,0.0,0.25,0.6875,0.0,0.0,0.0,0.0
6,6,0.0625,0.0,0.0,0.0,0.0,0.25,0.6875,0.0,0.0,0.0,0.0
6,6,0.0625,0.0,0.0,0.0,0.0,0.25,0.6875,0.0,0.0,0.0,0.0
6,6,0.0625,0.0,0.0,0.0,0.0,0.25,0.6875,0.0,0.0,0.0,0.0
6,6,0.0625,0.0,0.0,0.0,0.0,0.25,0.6875,0.0,0.0,0.0,0.0
6,6,0.0625,0.0,0.0,0.0,0.0,0.25,0.6875,0.0,0.0,0.0,0.0
6,6,0.0625,0.0,0.0,0.0,0.0,0.25,0.6875,0.0,0.0,0.0,0.0
6,6,0.0625,0.0,0.0,0.0,0.0,0.25,0.6875,0.0,0.0,0.0,0.0
6,6,0.0625,0.0,0.0,0.0,0.0,0.25,0.6875,0.0,0.0,0.0,0.0
6,6,0.0625,0.0,0.0,0.0,0.0,0.25,0.6875,0.0,0.0,0.0,0.0
6,6,0.0625,0.0,0.0,0.0,0.0,0.25,0.6875,0.0,0.0,0.0,0.0
6,6,0.0625,0.0,0.0,0.0,0.0,0.25,0.6875,0.0,0.0,0.0,0.0
6,6,0.0625,0.0,0.0,0.0,0.0,0.25,0.6875,0.0,0.0,0.0,0.0
6,6,0.0625,0.0,0.0,0.0,0.0,0.25,0.6875,0.0,0.0,0.0,0.0
6,6,0.0625,0.0,0.0,0.0,0.0,0.3125,0.625,0.0,0.0,0.0,0.0
6,6,0.0625,0.0,0.0,0.0,0.0,0.3125,0.625,0.0,0.0,0.0,0.0
6,6,0.0625,0.0,0.0,0.0,0.0,0.3125,0.625,0.0,0.0,0.0,0.0
6,6,0.0625,0.0,0.0,0.0,0.0,0.375,0.5625,0.0,0.0,0.0,0.0
6,6,0.0625,0.0,0.0,0.0,0.0,0.375,0.5625,0.0,0.0,0.0,0.0
6,6,0.0625,0.0,0.0,0.0,0.0,0.375,0.5625,0.0,0.0,0.0,0.0
6,6,0.0625,0.0,0.0,0.0,0.0,0.4375,0.5,0.0,0.0,0.0,0.0
6,6,0.0625,0.0,0.0,0.0,0.0,0.4375,0.5,0.0,0.0,0.0,0.0
6,6,0.0625,0.0,0.0,0.0,0.0,0.4375,0.5,0.0,0.0,0.0,0.0
6,6,0.0625,0.0,0.0,0.0,0.0,0.4375,0.5,0.0,0.0,0.0,0.0
6,6,0.0625,0.0,0.0,0.0,0.0,0.4375,0.5,0.0,0.0,0.0,0.0
6,6,0.0625,0.0,0.0,0.0,0.0,0.4375,0.5,0.0,0.0,0.0,0.0
6,6,0.0625,0.0,0.0,0.0,0.0,0.4375,0.5,0.0,0.0,0.0,0.0
6,6,0.0625,0.0,0.0,0.0,0.0,0.4375,0.5,0.0,0.0,0.0,0.0
6,6,0.0625,0.0,0.0,0.0,0.0,0.4375,0.5,0.0,0.0,0.0,0.0
6,6,0.0625,0.0,0.0,0.0,0.0,0.4375,0.5,0.0,0.0,0.0,0.0
6,6,0.0625,0.0,0.0,0.0,0.0,0.4375,0.5,0.0,0.0,0.0,0.0
6,6,0.0625,0.0,0.0,0.0,0.0,0.4375,0.5,0.0,0.0,0.0,0.0
6,6,0.0625,0.0,0.0,0.0,0.0,0.4375,0.5,0.0,0.0,0.0,0.0
6,6,0.0625,0.0,0.0,0.0,0.0,0.4375,0.5,0.0,0.0,0.0,0.0
6,6,0.0625,0.0,0.0,0.0,0.0,0.4375,0.5,0.0,0.0,0.0,0.0
6,6,0.0625,0.0,0.0,0.0,0.0,0.4375,0.5,0.0,0.0,0.0,0.0
6,6,0.0625,0.0,0.0,0.0,0.0,0.4375,0.5,0.0,0.0,0.0,0.0
6,6,0.0625,0.0,0.0,0.0,0.0,0.4375,0.5,0.0,0.0,0.0,0.0
6,6,0.0625,0.0,0.0,0.0,0.0,0.4375,0.5,0.0,0.0,0.0,0.0
6,6,0.0625,0.0,0.0,0.0,0.0,0.4375,0.5,0.0,0.0,0.0,0.0
6,6,0.0625,0.0,0.0,0.0,0.0,0.4375,0.5,0.0,0.0,0.0,0.0
6,6,0.0625,0.0,0.0,0.0,0.0,0.4375,0.5,0.0,0.0,0.0,0.0
6,6,0.0625,0.0,0.0,0.0,0.0,0.4375,0.5,0.0,0.0,0.0,0.0
6,6,0.0625,0.0,0.0,0.0,0.0,0.4375,0.5,0.0,0.0,0.0,0.0
6,6,0.0625,0.0,0.0,0.0,0.0,0.4375,0.5,0.0,0.0,0.0,0.0
6,6,0.0625,0.0,0.0,0.0,0.0,0.4375,0.5,0.0,0.0,0.0,0.0
6,6,0.0625,0.0,0.0,0.0,0.0,0.4375,0.5,0.0,0.0,0.0,0.0
6,6,0.0625,0.0,0.0,0.0,0.0,0.4375,0.5,0.0,0.0,0.0,0.0
6,6,0.0625,0.0,0.0,0.0,0.0,0.4375,0.5,0.0,0.0,0.0,0.0
6,6,0.0625,0.0,0.0,0.0,0.0,0.4375,0.5,0.0,0.0,0.0,0.0
6,6,0.0625,0.0,0.0,0.0,0.0,0.4375,0.5,0.0,0.0,0.0,0.0
6,6,0.0625,0.0,0.0,0.0,0.0,0.4375,0.5,0.0,0.0,0.0,0.0
6,6,0.0625,0.0,0.0,0.0,0.0,0.4375,0.5,0.0,0.0,0.0,0.0
6,6,0.0625,0.0,0.0,0.0,0.0,0.4375,0.5,0.0,0.0,0.0,0.0
6,6,0.0625,0.0,0.0,0.0,0.0,0.4375,0.5,0.0,0.0,0.0,0.0
6,6,0.0625,0.0,0.0,0.0,0.0,0.4375,0.5,0.0,0.0,0.0,0.0
6,6,0.0625,0.0,0.0,0.0,0.0,0.4375,0.5,0.0,0.0,0.0,0.0
6,6,0.0625,0.0,0.0,0.0,0.0,0.4375,0.5,0.0,0.0,0.0,0.0
6,5,0.0625,0.0,0.0,0.0,0.0,0.5,0.4375,0.0,0.0,0.0,0.0
6,5,0.0625,0.0,0.0,0.0,0.0,0.5,0.4375,0.0,0.0,0.0,0.0
6,5,0.0625,0.0,0.0,0.0,0.0,0.5,0.4375,0.0,0.0,0.0,0.0
6,5,0.0625,0.0,0.0,0.0,0.0,0.5,0.4375,0.0,0.0,0.0,0.0
6,5,0.0625,0.0,0.0,0.0,0.0,0.5625,0.375,0.0,0.0,0.0,0.0
6,5,0.0625,0.0,0.0,0.0,0.0,0.5625,0.375,0.0,0.0,0.0,0.0
6,5,0.0625,0.0,0.0,0.0,0.0,0.5625,0.375,0.0,0.0,0.0,0.0
6,5,0.0625,0.0,0.0,0.0,0.0,0.5625,0.375,0.0,0.0,0.0,0.0
6,5,0.0625,0.0,0.0,0.0,0.0,0.5625,0.375,0.0,0.0,0.0,0.0
6,5,0.0625,0.0,0.0,0.0,0.0,0.5625,0.375,0.0,0.0,0.0,0.0
6,5,0.0625,0.0,0.0,0.0,0.0,0.5625,0.375,0.0,0.0,0.0,0.0
6,5,0.0625,0.0,0.0,0.0,0.0,0.5625,0.375,0.0,0.0,0.0,0.0
6,5,0.0625,0.0,0.0,0.0,0.0,0.625,0.3125,0.0,0.0,0.0,0.0
6,5,0.0625,0.0,0.0,0.0,0.0,0.625,0.3125,0.0,0.0,0.0,0.0
6,5,0.0625,0.0,0.0,0.0,0.0,0.625,0.3125,0.0,0.0,0.0,0.0
6,5,0.0625,0.0,0.0,0.0,0.0,0.625,0.3125,0.0,0.0,0.0,0.0
6,5,0.0625,0.0,0.0,0.0,0.0,0.625,0.3125,0.0,0.0,0.0,0.0
6,5,0.0625,0.0,0.0,0.0,0.0,0.625,0.3125,0.0,0.0,0.0,0.0
6,5,0.0625,0.0,0.0,0.0,0.0,0.6875,0.25,0.0,0.0,0.0,0.0
6,5,0.0625,0.0,0.0,0.0,0.0,0.6875,0.25,0.0,0.0,0.0,0.0
6,5,0.0625,0.0,0.0,0.0,0.0,0.6875,0.25,0.0,0.0,0.0,0.0
6,5,0.0625,0.0,0.0,0.0,0.0,0.6875,0.25,0.0,0.0,0.0,0.0
6,5,0.0625,0.0,0.0,0.0,0.0,0.75,0.1875,0.0,0.0,0.0,0.0
6,5,0.0625,0.0,0.0,0.0,0.0,0.75,0.1875,0.0,0.0,0.0,0.0
6,5,0.0625,0.0,0.0,0.0,0.0,0.75,0.1875,0.0,0.0,0.0,0.0
6,5,0.0625,0.0,0.0,0.0,0.0,0.75,0.1875,0.0,0.0,0.0,0.0
6,5,0.0625,0.0,0.0,0.0,0.0,0.75,0.1875,0.0,0.0,0.0,0.0
6,5,0.0625,0.0,0.0,0.0,0.0,0.75,0.1875,0.0,0.0,0.0,0.0
6,5,0.0625,0.0,0.0,0.0,0.0,0.875,0.0625,0.0,0.0,0.0,0.0
6,5,0.0625,0.0,0.0,0.0,0.0,0.875,0.0625,0.0,0.0,0.0,0.0
6,5,0.0625,0.0,0.0,0.0,0.0,0.875,0.0625,0.0,0.0,0.0,0.0
6,5,0.0625,0.0,0.0,0.0,0.0,0.875,0.0625,0.0,0.0,0.0,0.0
6,5,0.0625,0.0,0.0,0.0,0.0,0.875,0.0625,0.0,0.0,0.0,0.0
6,5,0.0625,0.0,0.0,0.0,0.0,0.875,0.0625,0.0,0.0,0.0,0.0
6,5,0.0625,0.0,0.0,0.0,0.0,0.875,0.0625,0.0,0.0,0.0,0.0
6,5,0.0625,0.0,0.0,0.0,0.0,0.875,0.0625,0.0,0.0,0.0,0.0
6,5,0.0625,0.0,0.0,0.0,0.0,0.875,0.0625,0.0,0.0,0.0,0.0
6,5,0.0625,0.0,0.0,0.0,0.0,0.875,0.0625,0.0,0.0,0.0,0.0
6,5,0.0625,0.0,0.0,0.0,0.0,0.875,0.0625,0.0,0.0,0.0,0.0
6,5,0.0625,0.0,0.0,0.0,0.0,0.875,0.0625,0.0,0.0,0.0,0.0
6,5,0.0625,0.0,0.0,0.0,0.0,0.875,0.0625,0.0,0.0,0.0,0.0
6,5,0.0625,0.0,0.0,0.0,0.0,0.875,0.0625,0.0,0.0,0.0,0.0
6,5,0.0625,0.0,0.0,0.0,0.0,0.875,0.0625,0.0,0.0,0.0,0.0
6,5,0.0625,0.0,0.0,0.0,0.0,0.875,0.0625,0.0,0.0,0.0,0.0
6,5,0.0625,0.0,0.0,0.0,0.0,0.875,0.0625,0.0,0.0,0.0,0.0
6,5,0.0625,0.0,0.0,0.0,0.0,0.875,0.0625,0.0,0.0,0.0,0.0
6,5,0.0625,0.0,0.0,0.0,0.0,0.875,0.0625,0.0,0.0,0.0,0.0
6,5,0.0625,0.0,0.0,0.0,0.0,0.875,0.0625,0.0,0.0,0.0,0.0
6,5,0.0625,0.0,0.0,0.0,0.0,0.875,0.0625,0.0,0.0,0.0,0.0
6,5,0.0625,0.0,0.0,0.0,0.0,0.875,0.0625,0.0,0.0,0.0,0.0
6,5,0.0625,0.0,0.0,0.0,0.0,0.875,0.0625,0.0,0.0,0.0,0.0
6,5,0.0625,0.0,0.0,0.0,0.0,0.875,0.0625,0.0,0.0,0.0,0.0
6,5,0.0,0.0,0.0,0.0,0.0,0.875,0.125,0.0,0.0,0.0,0.0
6,5,0.0,0.0,0.0,0.0,0.0,0.875,0.125,0.0,0.0,0.0,0.0
6,5,0.0,0.0,0.0,0.0,0.0,0.875,0.125,0.0,0.0,0.0,0.0
6,5,0.0,0.0,0.0,0.0,0.0,0.875,0.125,0.0,0.0,0.0,0.0
6,5,0.0,0.0,0.0,0.0,0.0,0.875,0.125,0.0,0.0,0.0,0.0
6,5,0.0,0.0,0.0,0.0,0.0,0.875,0.125,0.0,0.0,0.0,0.0
6,5,0.0,0.0,0.0,0.0,0.0,0.875,0.125,0.0,0.0,0.0,0.0
6,5,0.0,0.0,0.0,0.0,0.0,0.875,0.125,0.0,0.0,0.0,0.0
6,5,0.0,0.0,0.0,0.0,0.0,0.875,0.125,0.0,0.0,0.0,0.0
6,5,0.0,0.0,0.0,0.0,0.0,0.875,0.125,0.0,0.0,0.0,0.0
6,5,0.0,0.0,0.0,0.0,0.0,0.9375,0.0625,0.0,0.0,0.0,0.0
6,5,0.0,0.0,0.0,0.0,0.0,0.9375,0.0625,0.0,0.0,0.0,0.0
6,5,0.0,0.0,0.0,0.0,0.0,0.9375,0.0625,0.0,0.0,0.0,0.0
6,5,0.0,0.0,0.0,0.0,0.0,0.9375,0.0625,0.0,0.0,0.0,0.0
6,5,0.0,0.0,0.0,0.0,0.0,0.9375,0.0625,0.0,0.0,0.0,0.0
6,5,0.0,0.0,0.0,0.0,0.0,0.9375,0.0625,0.0,0.0,0.0,0.0
6,5,0.0,0.0,0.0,0.0,0.0,0.9375,0.0625,0.0,0.0,0.0,0.0
6,5,0.0,0.0,0.0,0.0,0.0,0.9375,0.0625,0.0,0.0,0.0,0.0
6,5,0.0,0.0,0.0,0.0,0.0,0.9375,0.0625,0.0,0.0,0.0,0.0
6,5,0.0,0.0,0.0,0.0,0.0,0.9375,0.0625,0.0,0.0,0.0,0.0
6,5,0.0,0.0,0.0,0.0,0.0,0.9375,0.0625,0.0,0.0,0.0,0.0
6,5,0.0,0.0,0.0,0.0,0.0,0.9375,0.0625,0.0,0.0,0.0,0.0
6,5,0.0,0.0,0.0,0.0,0.0,0.9375,0.0625,0.0,0.0,0.0,0.0
6,5,0.0,0.0,0.0,0.0,0.0,0.9375,0.0625,0.0,0.0,0.0,0.0
6,5,0.0,0.0,0.0,0.0,0.0,0.9375,0.0625,0.0,0.0,0.0,0.0
6,5,0.0,0.0,0.0,0.0,0.0,0.9375,0.0625,0.0,0.0,0.0,0.0
6,5,0.0,0.0,0.0,0.0,0.0,0.9375,0.0625,0.0,0.0,0.0,0.0
6,5,0.0,0.0,0.0,0.0,0.0,0.9375,0.0625,0.0,0.0,0.0,0.0
6,5,0.0,0.0,0.0,0.0,0.0,0.9375,0.0625,0.0,0.0,0.0,0.0
6,5,0.0,0.0,0.0,0.0,0.0,0.9375,0.0625,0.0,0.0,0.0,0.0
6,5,0.0,0.0,0.0,0.0,0.0,0.9375,0.0625,0.0,0.0,0.0,0.0
6,5,0.0,0.0,0.0,0.0,0.0,0.9375,0.0625,0.0,0.0,0.0,0.0
6,5,0.0,0.0,0.0,0.0,0.0,0.9375,0.0625,0.0,0.0,0.0,0.0
6,5,0.0,0.0,0.0,0.0,0.0,0.9375,0.0625,0.0,0.0,0.0,0.0
6,5,0.0,0.0,0.0,0.0,0.0,0.9375,0.0625,0.0,0.0,0.0,0.0
6,5,0.0,0.0,0.0,0.0,0.0,0.9375,0.0625,0.0,0.0,0.0,0.0
6,5,0.0,0.0,0.0,0.0,0.0,0.9375,0.0625,0.0,0.0,0.0,0.0
6,5,0.0,0.0,0.0,0.0,0.0,0.9375,0.0625,0.0,0.0,0.0,0.0
6,5,0.0,0.0,0.0,0.0,0.0,0.9375,0.0625,0.0,0.0,0.0,0.0
6,5,0.0,0.0,0.0,0.0,0.0,0.9375,0.0625,0.0,0.0,0.0,0.0
6,5,0.0,0.0,0.0,0.0,0.0,0.9375,0.0625,0.0,0.0,0.0,0.0
6,5,0.0,0.0,0.0,0.0,0.0,0.9375,0.0625,0.0,0.0,0.0,0.0
6,5,0.0,0.0,0.0,0.0,0.0,0.9375,0.0625,0.0,0.0,0.0,0.0
6,5,0.0,0.0,0.0,0.0,0.0,0.9375,0.0625,0.0,0.0,0.0,0.0
6,5,0.0,0.0,0.0,0.0,0.0,0.9375,0.0625,0.0,0.0,0.0,0.0
6,5,0.0,0.0,0.0,0.0,0.0,0.9375,0.0625,0.0,0.0,0.0,0.0
6,5,0.0,0.0,0.0,0.0,0.0,0.9375,0.0625,0.0,0.0,0.0,0.0
6,5,0.0,0.0,0.0,0.0,0.0,0.9375,0.0625,0.0,0.0,0.0,0.0
6,5,0.0,0.0,0.0,0.0,0.0,0.9375,0.0625,0.0,0.0,0.0,0.0
6,5,0.0,0.0,0.0,0.0,0.0,0.9375,0.0625,0.0,0.0,0.0,0.0
6,5,0.0,0.0,0.0,0.0,0.0,0.9375,0.0625,0.0,0.0,0.0,0.0
6,5,0.0,0.0,0.0,0.0,0.0,0.9375,0.0625,0.0,0.0,0.0,0.0
6,5,0.0,0.0,0.0,0.0,0.0,0.9375,0.0625,0.0,0.0,0.0,0.0
6,5,0.0,0.0,0.0,0.0,0.0,0.9375,0.0625,0.0,0.0,0.0,0.0
6,5,0.0,0.0,0.0,0.0,0.0,0.9375,0.0625,0.0,0.0,0.0,0.0
6,5,0.0,0.0,0.0,0.0,0.0,0.9375,0.0625,0.0,0.0,0.0,0.0
6,5,0.0,0.0,0.0,0.0,0.0,0.9375,0.0625,0.0,0.0,0.0,0.0
6,5,0.0,0.0,0.0,0.0,0.0,0.9375,0.0625,0.0,0.0,0.0,0.0
6,5,0.0,0.0,0.0,0.0,0.0,0.9375,0.0625,0.0,0.0,0.0,0.0
6,5,0.0,0.0,0.0,0.0,0.0,0.9375,0.0625,0.0,0.0,0.0,0.0
6,5,0.0,0.0,0.0,0.0,0.0,0.9375,0.0625,0.0,0.0,0.0,0.0
6,5,0.0,0.0,0.0,0.0,0.0,0.9375,0.0625,0.0,0.0,0.0,0.0
6,5,0.0,0.0,0.0,0.0,0.0,0.9375,0.0625,0.0,0.0,0.0,0.0
6,5,0.0,0.0,0.0,0.0,0.0,0.9375,0.0625,0.0,0.0,0.0,0.0
6,5,0.0,0.0,0.0,0.0,0.0,0.9375,0.0625,0.0,0.0,0.0,0.0
6,5,0.0,0.0,0.0,0.0,0.0,0.9375,0.0625,0.0,0.0,0.0,0.0
6,5,0.0,0.0,0.0,0.0,0.0,0.9375,0.0625,0.0,0.0,0.0,0.0
6,5,0.0,0.0,0.0,0.0,0.0,0.9375,0.0625,0.0,0.0,0.0,0.0
6,5,0.0,0.0,0.0,0.0,0.0,0.9375,0.0625,0.0,0.0,0.0,0.0
6,5,0.0,0.0,0.0,0.0,0.0,0.9375,0.0625,0.0,0.0,0.0,0.0
6,5,0.0,0.0,0.0,0.0,0.0,0.9375,0.0625,0.0,0.0,0.0,0.0
6,5,0.0,0.0,0.0,0.0,0.0,0.9375,0.0625,0.0,0.0,0.0,0.0
6,5,0.0,0.0,0.0,0.0,0.0,0.9375,0.0625,0.0,0.0,0.0,0.0
6,5,0.0,0.0,0.0,0.0,0.0,0.9375,0.0625,0.0,0.0,0.0,0.0
6,5,0.0,0.0,0.0,0.0,0.0,0.9375,0.0625,0.0,0.0,0.0,0.0
6,5,0.0,0.0,0.0,0.0,0.0,0.9375,0.0625,0.0,0.0,0.0,0.0
6,5,0.0,0.0,0.0,0.0,0.0,0.9375,0.0625,0.0,0.0,0.0,0.0
6,5,0.0,0.0,0.0,0.0,0.0,0.9375,0.0625,0.0,0.0,0.0,0.0
6,5,0.0,0.0,0.0,0.0,0.0,0.9375,0.0625,0.0,0.0,0.0,0.0
6,5,0.0,0.0,0.0,0.0,0.0,0.9375,0.0625,0.0,0.0,0.0,0.0
6,5,0.0,0.0,0.0,0.0,0.0,0.9375,0.0625,0.0,0.0,0.0,0.0
6,5,0.0,0.0,0.0,0.0,0.0,0.9375,0.0625,0.0,0.0,0.0,0.0
6,5,0.0,0.0,0.0,0.0,0.0,0.9375,0.0625,0.0,0.0,0.0,0.0
6,5,0.0,0.0,0.0,0.0,0.0,0.9375,0.0625,0.0,0.0,0.0,0.0
6,5,0.0,0.0,0.0,0.0,0.0,0.9375,0.0625,0.0,0.0,0.0,0.0
6,5,0.0,0.0,0.0,0.0,0.0,0.9375,0.0625,0.0,0.0,0.0,0.0
6,5,0.0,0.0,0.0,0.0,0.0,0.9375,0.0625,0.0,0.0,0.0,0.0
6,5,0.0,0.0,0.0,0.0,0.0,0.9375,0.0625,0.0,0.0,0.0,0.0
6,5,0.0,0.0,0.0,0.0,0.0,0.9375,0.0625,0.0,0.0,0.0,0.0
6,5,0.0,0.0,0.0,0.0,0.0,0.9375,0.0625,0.0,0.0,0.0,0.0
6,5,0.0,0.0,0.0,0.0,0.0,0.9375,0.0625,0.0,0.0,0.0,0.0
6,5,0.0,0.0,0.0,0.0,0.0,0.9375,0.0625,0.0,0.0,0.0,0.0
6,5,0.0,0.0,0.0,0.0,0.0,0.9375,0.0625,0.0,0.0,0.0,0.0
6,5,0.0,0.0,0.0,0.0,0.0,0.9375,0.0625,0.0,0.0,0.0,0.0
6,5,0.0,0.0,0.0,0.0,0.0,0.9375,0.0625,0.0,0.0,0.0,0.0
6,5,0.0,0.0,0.0,0.0,0.0,0.9375,0.0625,0.0,0.0,0.0,0.0
6,5,0.0,0.0,0.0,0.0,0.0,0.9375,0.0625,0.0,0.0,0.0,0.0
6,5,0.0,0.0,0.0,0.0,0.0,0.9375,0.0625,0.0,0.0,0.0,0.0
6,5,0.0,0.0,0.0,0.0,0.0,0.9375,0.0625,0.0,0.0,0.0,0.0
6,5,0.0,0.0,0.0,0.0,0.0,0.9375,0.0625,0.0,0.0,0.0,0.0
6,5,0.0,0.0,0.0,0.0,0.0,0.9375,0.0625,0.0,0.0,0.0,0.0
6,5,0.0,0.0,0.0,0.0,0.0,0.9375,0.0625,0.0,0.0,0.0,0.0
6,5,0.0,0.0,0.0,0.0,0.0,0.9375,0.0625,0.0,0.0,0.0,0.0
6,5,0.0,0.0,0.0,0.0,0.0,0.9375,0.0625,0.0,0.0,0.0,0.0
6,5,0.0,0.0,0.0,0.0,0.0,0.9375,0.0625,0.0,0.0,0.0,0.0
6,5,0.0,0.0,0.0,0.0,0.0,0.9375,0.0625,0.0,0.0,0.0,0.0
6,5,0.0,0.0,0.0,0.0,0.0,0.9375,0.0625,0.0,0.0,0.0,0.0
6,5,0.0,0.0,0.0,0.0,0.0,0.9375,0.0625,0.0,0.0,0.0,0.0
6,5,0.0,0.0,0.0,0.0,0.0,0.9375,0.0625,0.0,0.0,0.0,0.0
6,5,0.0,0.0,0.0,0.0,0.0,0.9375,0.0625,0.0,0.0,0.0,0.0
6,5,0.0,0.0,0.0,0.0,0.0,0.9375,0.0625,0.0,0.0,0.0,0.0
6,5,0.0,0.0,0.0,0.0,0.0,0.9375,0.0625,0.0,0.0,0.0,0.0
6,5,0.0,0.0,0.0,0.0,0.0,0.9375,0.0625,0.0,0.0,0.0,0.0
6,5,0.0,0.0,0.0,0.0,0.0,0.9375,0.0625,0.0,0.0,0.0,0.0
6,5,0.0,0.0,0.0,0.0,0.0,0.9375,0.0625,0.0,0.0,0.0,0.0
6,5,0.0,0.0,0.0,0.0,0.0,0.9375,0.0625,0.0,0.0,0.0,0.0
6,5,0.0,0.0,0.0,0.0,0.0,0.9375,0.0625,0.0,0.0,0.0,0.0
6,5,0.0,0.0,0.0,0.0,0.0,0.9375,0.0625,0.0,0.0,0.0,0.0
6,5,0.0,0.0,0.0,0.0,0.0,0.9375,0.0625,0.0,0.0,0.0,0.0
6,5,0.0,0.0,0.0,0.0,0.0,0.9375,0.0625,0.0,0.0,0.0,0.0
6,5,0.0,0.0,0.0,0.0,0.0,0.9375,0.0625,0.0,0.0,0.0,0.0
6,5,0.0,0.0,0.0,0.0,0.0,0.9375,0.0625,0.0,0.0,0.0,0.0
6,5,0.0,0.0,0.0,0.0,0.0,0.9375,0.0625,0.0,0.0,0.0,0.0
6,5,0.0,0.0,0.0,0.0,0.0,0.9375,0.0625,0.0,0.0,0.0,0.0
6,5,0.0,0.0,0.0,0.0,0.0,0.9375,0.0625,0.0,0.0,0.0,0.0
6,5,0.0,0.0,0.0,0.0,0.0,0.9375,0.0625,0.0,0.0,0.0,0.0
6,5,0.0,0.0,0.0,0.0,0.0,0.9375,0.0625,0.0,0.0,0.0,0.0
6,5,0.0,0.0,0.0,0.0,0.0,0.9375,0.0625,0.0,0.0,0.0,0.0
6,5,0.0,0.0,0.0,0.0,0.0,0.9375,0.0625,0.0,0.0,0.0,0.0
6,5,0.0,0.0,0.0,0.0,0.0,0.9375,0.0625,0.0,0.0,0.0,0.0
6,5,0.0,0.0,0.0,0.0,0.0,0.9375,0.0625,0.0,0.0,0.0,0.0
6,5,0.0,0.0,0.0,0.0,0.0,0.9375,0.0625,0.0,0.0,0.0,0.0
6,5,0.0,0.0,0.0,0.0,0.0,0.9375,0.0625,0.0,0.0,0.0,0.0
6,5,0.0,0.0,0.0,0.0,0.0,0.9375,0.0625,0.0,0.0,0.0,0.0
6,5,0.0,0.0,0.0,0.0,0.0,0.9375,0.0625,0.0,0.0,0.0,0.0
6,5,0.0,0.0,0.0,0.0,0.0,0.9375,0.0625,0.0,0.0,0.0,0.0
6,5,0.0,0.0,0.0,0.0,0.0,0.9375,0.0625,0.0,0.0,0.0,0.0
6,5,0.0,0.0,0.0,0.0,0.0,0.9375,0.0625,0.0,0.0,0.0,0.0
6,5,0.0,0.0,0.0,0.0,0.0,0.9375,0.0625,0.0,0.0,0.0,0.0
6,5,0.0,0.0,0.0,0.0,0.0,0.9375,0.0625,0.0,0.0,0.0,0.0
6,5,0.0,0.0,0.0,0.0,0.0,0.9375,0.0625,0.0,0.0,0.0,0.0
6,5,0.0,0.0,0.0,0.0,0.0,0.9375,0.0625,0.0,0.0,0.0,0.0
6,5,0.0,0.0,0.0,0.0,0.0,0.9375,0.0625,0.0,0.0,0.0,0.0
6,5,0.0,0.0,0.0,0.0,0.0,0.9375,0.0625,0.0,0.0,0.0,0.0
6,5,0.0,0.0,0.0,0.0,0.0,0.9375,0.0625,0.0,0.0,0.0,0.0
6,5,0.0,0.0,0.0,0.0,0.0,0.9375,0.0625,0.0,0.0,0.0,0.0
6,5,0.0,0.0,0.0,0.0,0.0,0.9375,0.0625,0.0,0.0,0.0,0.0
6,5,0.0,0.0,0.0,0.0,0.0,0.9375,0.0625,0.0,0.0,0.0,0.0
6,5,0.0,0.0,0.0,0.0,0.0,0.9375,0.0625,0.0,0.0,0.0,0.0
6,5,0.0,0.0,0.0,0.0,0.0,0.9375,0.0625,0.0,0.0,0.0,0.0
6,5,0.0,0.0,0.0,0.0,0.0,0.9375,0.0625,0.0,0.0,0.0,0.0
6,5,0.0,0.0,0.0,0.0,0.0,0.9375,0.0625,0.0,0.0,0.0,0.0
6,5,0.0,0.0,0.0,0.0,0.0,0.9375,0.0625,0.0,0.0,0.0,0.0
6,5,0.0,0.0,0.0,0.0,0.0,0.9375,0.0625,0.0,0.0,0.0,0.0
6,5,0.0,0.0,0.0,0.0,0.0,0.9375,0.0625,0.0,0.0,0.0,0.0
6,5,0.0,0.0,0.0,0.0,0.0,0.9375,0.0625,0.0,0.0,0.0,0.0
6,5,0.0,0.0,0.0,0.0,0.0,0.9375,0.0625,0.0,0.0,0.0,0.0
6,5,0.0,0.0,0.0,0.0,0.0,0.9375,0.0625,0.0,0.0,0.0,0.0
6,5,0.0,0.0,0.0,0.0,0.0,0.9375,0.0625,0.0,0.0,0.0,0.0
6,5,0.0,0.0,0.0,0.0,0.0,0.9375,0.0625,0.0,0.0,0.0,0.0
6,5,0.0,0.0,0.0,0.0,0.0,0.9375,0.0625,0.0,0.0,0.0,0.0
6,5,0.0,0.0,0.0,0.0,0.0,0.9375,0.0625,0.0,0.0,0.0,0.0
6,5,0.0,0.0,0.0,0.0,0.0,0.9375,0.0625,0.0,0.0,0.0,0.0
6,5,0.0,0.0,0.0,0.0,0.0,0.9375,0.0625,0.0,0.0,0.0,0.0
6,5,0.0,0.0,0.0,0.0,0.0,0.9375,0.0625,0.0,0.0,0.0,0.0
6,5,0.0,0.0,0.0,0.0,0.0,0.9375,0.0625,0.0,0.0,0.0,0.0
6,5,0.0,0.0,0.0,0.0,0.0,0.9375,0.0625,0.0,0.0,0.0,0.0
6,5,0.0,0.0,0.0,0.0,0.0,0.9375,0.0625,0.0,0.0,0.0,0.0
6,5,0.0,0.0,0.0,0.0,0.0,0.9375,0.0625,0.0,0.0,0.0,0.0
6,5,0.0,0.0,0.0,0.0,0.0,0.9375,0.0625,0.0,0.0,0.0,0.0
6,5,0.0,0.0,0.0,0.0,0.0,0.9375,0.0625,0.0,0.0,0.0,0.0
6,5,0.0,0.0,0.0,0.0,0.0,0.9375,0.0625,0.0,0.0,0.0,0.0
6,5,0.0,0.0,0.0,0.0,0.0,0.9375,0.0625,0.0,0.0,0.0,0.0
6,5,0.0,0.0,0.0,0.0,0.0,0.9375,0.0625,0.0,0.0,0.0,0.0
6,5,0.0,0.0,0.0,0.0,0.0,0.9375,0.0625,0.0,0.0,0.0,0.0
6,5,0.0,0.0,0.0,0.0,0.0,0.9375,0.0625,0.0,0.0,0.0,0.0
6,5,0.0,0.0,0.0,0.0,0.0,0.9375,0.0625,0.0,0.0,0.0,0.0
6,5,0.0,0.0,0.0,0.0,0.0,0.9375,0.0625,0.0,0.0,0.0,0.0
6,5,0.0,0.0,0.0,0.0,0.0,0.9375,0.0625,0.0,0.0,0.0,0.0
6,5,0.0,0.0,0.0,0.0,0.0,0.9375,0.0625,0.0,0.0,0.0,0.0
6,5,0.0,0.0,0.0,0.0,0.0,0.9375,0.0625,0.0,0.0,0.0,0.0
6,5,0.0,0.0,0.0,0.0,0.0,0.9375,0.0625,0.0,0.0,0.0,0.0
6,5,0.0,0.0,0.0,0.0,0.0,0.9375,0.0625,0.0,0.0,0.0,0.0
6,5,0.0,0.0,0.0,0.0,0.0,0.9375,0.0625,0.0,0.0,0.0,0.0
6,5,0.0,0.0,0.0,0.0,0.0,0.9375,0.0625,0.0,0.0,0.0,0.0
6,5,0.0,0.0,0.0,0.0,0.0,0.9375,0.0625,0.0,0.0,0.0,0.0
6,5,0.0,0.0,0.0,0.0,0.0,0.9375,0.0625,0.0,0.0,0.0,0.0
6,5,0.0,0.0,0.0,0.0,0.0,0.9375,0.0625,0.0,0.0,0.0,0.0
6,5,0.0,0.0,0.0,0.0,0.0,0.9375,0.0625,0.0,0.0,0.0,0.0
6,5,0.0,0.0,0.0,0.0,0.0,0.9375,0.0625,0.0,0.0,0.0,0.0
6,5,0.0,0.0,0.0,0.0,0.0,0.9375,0.0625,0.0,0.0,0.0,0.0
6,5,0.0,0.0,0.0,0.0,0.0,0.9375,0.0625,0.0,0.0,0.0,0.0
6,5,0.0,0.0,0.0,0.0,0.0,0.9375,0.0625,0.0,0.0,0.0,0.0
6,5,0.0,0.0,0.0,0.0,0.0,0.9375,0.0625,0.0,0.0,0.0,0.0
6,5,0.0,0.0,0.0,0.0,0.0,0.9375,0.0625,0.0,0.0,0.0,0.0
6,5,0.0,0.0,0.0,0.0,0.0,0.9375,0.0625,0.0,0.0,0.0,0.0
6,5,0.0,0.0,0.0,0.0,0.0,0.9375,0.0625,0.0,0.0,0.0,0.0
6,5,0.0,0.0,0.0,0.0,0.0,0.9375,0.0625,0.0,0.0,0.0,0.0
6,5,0.0,0.0,0.0,0.0,0.0,0.9375,0.0625,0.0,0.0,0.0,0.0
6,5,0.0,0.0,0.0,0.0,0.0,0.9375,0.0625,0.0,0.0,0.0,0.0
6,5,0.0,0.0,0.0,0.0,0.0,0.9375,0.0625,0.0,0.0,0.0,0.0
6,5,0.0,0.0,0.0,0.0,0.0,0.9375,0.0625,0.0,0.0,0.0,0.0
6,5,0.0,0.0,0.0,0.0,0.0,0.9375,0.0625,0.0,0.0,0.0,0.0
6,5,0.0,0.0,0.0,0.0,0.0,0.9375,0.0625,0.0,0.0,0.0,0.0
6,5,0.0,0.0,0.0,0.0,0.0,0.9375,0.0625,0.0,0.0,0.0,0.0
6,5,0.0,0.0,0.0,0.0,0.0,0.9375,0.0625,0.0,0.0,0.0,0.0
6,5,0.0,0.0,0.0,0.0,0.0,0.9375,0.0625,0.0,0.0,0.0,0.0
6,5,0.0,0.0,0.0,0.0,0.0,0.9375,0.0625,0.0,0.0,0.0,0.0
6,5,0.0,0.0,0.0,0.0,0.0,0.9375,0.0625,0.0,0.0,0.0,0.0
6,5,0.0,0.0,0.0,0.0,0.0,0.9375,0.0625,0.0,0.0,0.0,0.0
6,5,0.0,0.0,0.0,0.0,0.0,0.9375,0.0625,0.0,0.0,0.0,0.0
6,5,0.0,0.0,0.0,0.0,0.0,0.9375,0.0625,0.0,0.0,0.0,0.0
6,5,0.0,0.0,0.0,0.0,0.0,0.9375,0.0625,0.0,0.0,0.0,0.0
6,5,0.0,0.0,0.0,0.0,0.0,0.9375,0.0625,0.0,0.0,0.0,0.0
6,5,0.0,0.0,0.0,0.0,0.0,0.9375,0.0625,0.0,0.0,0.0,0.0
6,5,0.0,0.0,0.0,0.0,0.0,0.9375,0.0625,0.0,0.0,0.0,0.0
6,5,0.0,0.0,0.0,0.0,0.0,0.9375,0.0625,0.0,0.0,0.0,0.0
6,5,0.0,0.0,0.0,0.0,0.0,0.9375,0.0625,0.0,0.0,0.0,0.0
6,5,0.0,0.0,0.0,0.0,0.0,0.9375,0.0625,0.0,0.0,0.0,0.0
6,5,0.0,0.0,0.0,0.0,0.0,0.9375,0.0625,0.0,0.0,0.0,0.0
6,5,0.0,0.0,0.0,0.0,0.0,0.9375,0.0625,0.0,0.0,0.0,0.0
6,5,0.0,0.0,0.0,0.0,0.0,0.9375,0.0625,0.0,0.0,0.0,0.0
6,5,0.0,0.0,0.0,0.0,0.0,0.9375,0.0625,0.0,0.0,0.0,0.0
6,5,0.0,0.0,0.0,0.0,0.0,0.9375,0.0625,0.0,0.0,0.0,0.0
6,5,0.0,0.0,0.0,0.0,0.0,0.9375,0.0625,0.0,0.0,0.0,0.0
6,5,0.0,0.0,0.0,0.0,0.0,0.9375,0.0625,0.0,0.0,0.0,0.0
6,5,0.0,0.0,0.0,0.0,0.0,0.9375,0.0625,0.0,0.0,0.0,0.0
6,5,0.0,0.0,0.0,0.0,0.0,0.9375,0.0625,0.0,0.0,0.0,0.0
6,5,0.0,0.0,0.0,0.0,0.0,0.9375,0.0625,0.0,0.0,0.0,0.0
6,5,0.0,0.0,0.0,0.0,0.0,0.9375,0.0625,0.0,0.0,0.0,0.0
6,5,0.0,0.0,0.0,0.0,0.0,0.9375,0.0625,0.0,0.0,0.0,0.0
6,5,0.0,0.0,0.0,0.0,0.0,0.9375,0.0625,0.0,0.0,0.0,0.0
6,5,0.0,0.0,0.0,0.0,0.0,0.9375,0.0625,0.0,0.0,0.0,0.0
6,5,0.0,0.0,0.0,0.0,0.0,0.9375,0.0625,0.0,0.0,0.0,0.0
6,5,0.0,0.0,0.0,0.0,0.0,0.9375,0.0625,0.0,0.0,0.0,0.0
6,5,0.0,0.0,0.0,0.0,0.0,0.9375,0.0625,0.0,0.0,0.0,0.0
6,5,0.0,0.0,0.0,0.0,0.0,0.9375,0.0625,0.0,0.0,0.0,0.0
6,5,0.0,0.0,0.0,0.0,0.0,0.9375,0.0625,0.0,0.0,0.0,0.0
6,5,0.0,0.0,0.0,0.0,0.0,0.9375,0.0625,0.0,0.0,0.0,0.0
6,5,0.0,0.0,0.0,0.0,0.0,0.9375,0.0625,0.0,0.0,0.0,0.0
6,5,0.0,0.0,0.0,0.0,0.0,0.9375,0.0625,0.0,0.0,0.0,0.0
6,5,0.0,0.0,0.0,0.0,0.0,0.9375,0.0625,0.0,0.0,0.0,0.0
6,5,0.0,0.0,0.0,0.0,0.0,0.9375,0.0625,0.0,0.0,0.0,0.0
6,5,0.0,0.0,0.0,0.0,0.0,0.9375,0.0625,0.0,0.0,0.0,0.0
6,5,0.0,0.0,0.0,0.0,0.0,0.9375,0.0625,0.0,0.0,0.0,0.0
6,5,0.0,0.0,0.0,0.0,0.0,0.9375,0.0625,0.0,0.0,0.0,0.0
6,5,0.0,0.0,0.0,0.0,0.0,0.9375,0.0625,0.0,0.0,0.0,0.0
6,5,0.0,0.0,0.0,0.0,0.0,0.9375,0.0625,0.0,0.0,0.0,0.0
6,5,0.0,0.0,0.0,0.0,0.0,0.9375,0.0625,0.0,0.0,0.0,0.0
6,5,0.0,0.0,0.0,0.0,0.0,0.9375,0.0625,0.0,0.0,0.0,0.0
6,5,0.0,0.0,0.0,0.0,0.0,0.9375,0.0625,0.0,0.0,0.0,0.0
6,5,0.0,0.0,0.0,0.0,0.0,0.9375,0.0625,0.0,0.0,0.0,0.0
6,5,0.0,0.0,0.0,0.0,0.0,0.9375,0.0625,0.0,0.0,0.0,0.0
6,5,0.0,0.0,0.0,0.0,0.0,0.9375,0.0625,0.0,0.0,0.0,0.0
6,5,0.0,0.0,0.0,0.0,0.0,0.9375,0.0625,0.0,0.0,0.0,0.0
6,5,0.0,0.0,0.0,0.0,0.0,0.9375,0.0625,0.0,0.0,0.0,0.0
6,5,0.0,0.0,0.0,0.0,0.0,0.9375,0.0625,0.0,0.0,0.0,0.0
6,5,0.0,0.0,0.0,0.0,0.0,0.9375,0.0625,0.0,0.0,0.0,0.0
6,5,0.0,0.0,0.0,0.0,0.0,0.9375,0.0625,0.0,0.0,0.0,0.0
6,5,0.0,0.0,0.0,0.0,0.0,0.9375,0.0625,0.0,0.0,0.0,0.0
6,5,0.0,0.0,0.0,0.0,0.0,0.9375,0.0625,0.0,0.0,0.0,0.0
6,5,0.0,0.0,0.0,0.0,0.0,0.9375,0.0625,0.0,0.0,0.0,0.0
6,5,0.0,0.0,0.0,0.0,0.0,0.9375,0.0625,0.0,0.0,0.0,0.0
6,5,0.0,0.0,0.0,0.0,0.0,0.9375,0.0625,0.0,0.0,0.0,0.0
6,5,0.0,0.0,0.0,0.0,0.0,0.9375,0.0625,0.0,0.0,0.0,0.0
6,5,0.0,0.0,0.0,0.0,0.0,0.9375,0.0625,0.0,0.0,0.0,0.0
6,5,0.0,0.0,0.0,0.0,0.0,0.9375,0.0625,0.0,0.0,0.0,0.0
6,5,0.0,0.0,0.0,0.0,0.0,0.9375,0.0625,0.0,0.0,0.0,0.0
6,5,0.0,0.0,0.0,0.0,0.0,0.9375,0.0625,0.0,0.0,0.0,0.0
6,5,0.0,0.0,0.0,0.0,0.0,0.9375,0.0625,0.0,0.0,0.0,0.0
6,5,0.0,0.0,0.0,0.0,0.0,0.9375,0.0625,0.0,0.0,0.0,0.0
6,5,0.0,0.0,0.0,0.0,0.0,0.9375,0.0625,0.0,0.0,0.0,0.0
6,5,0.0,0.0,0.0,0.0,0.0,0.9375,0.0625,0.0,0.0,0.0,0.0
6,5,0.0,0.0,0.0,0.0,0.0,0.9375,0.0625,0.0,0.0,0.0,0.0
6,5,0.0,0.0,0.0,0.0,0.0,0.9375,0.0625,0.0,0.0,0.0,0.0
6,5,0.0,0.0,0.0,0.0,0.0,0.9375,0.0625,0.0,0.0,0.0,0.0
6,5,0.0,0.0,0.0,0.0,0.0,0.9375,0.0625,0.0,0.0,0.0,0.0
6,5,0.0,0.0,0.0,0.0,0.0,0.9375,0.0625,0.0,0.0,0.0,0.0
6,5,0.0,0.0,0.0,0.0,0.0,0.9375,0.0625,0.0,0.0,0.0,0.0
6,5,0.0,0.0,0.0,0.0,0.0,0.9375,0.0625,0.0,0.0,0.0,0.0
6,5,0.0,0.0,0.0,0.0,0.0,0.9375,0.0625,0.0,0.0,0.0,0.0
6,5,0.0,0.0,0.0,0.0,0.0,0.9375,0.0625,0.0,0.0,0.0,0.0
6,5,0.0,0.0,0.0,0.0,0.0,0.9375,0.0625,0.0,0.0,0.0,0.0
6,5,0.0,0.0,0.0,0.0,0.0,0.9375,0.0625,0.0,0.0,0.0,0.0
6,5,0.0,0.0,0.0,0.0,0.0,0.9375,0.0625,0.0,0.0,0.0,0.0
6,5,0.0,0.0,0.0,0.0,0.0,0.9375,0.0625,0.0,0.0,0.0,0.0
6,5,0.0,0.0,0.0,0.0,0.0,0.9375,0.0625,0.0,0.0,0.0,0.0
6,5,0.0,0.0,0.0,0.0,0.0,0.9375,0.0625,0.0,0.0,0.0,0.0
6,5,0.0,0.0,0.0,0.0,0.0,0.9375,0.0625,0.0,0.0,0.0,0.0
6,5,0.0,0.0,0.0,0.0,0.0,0.9375,0.0625,0.0,0.0,0.0,0.0
6,5,0.0,0.0,0.0,0.0,0.0,0.9375,0.0625,0.0,0.0,0.0,0.0
6,5,0.0,0.0,0.0,0.0,0.0,0.9375,0.0625,0.0,0.0,0.0,0.0
6,5,0.0,0.0,0.0,0.0,0.0,0.9375,0.0625,0.0,0.0,0.0,0.0
6,5,0.0,0.0,0.0,0.0,0.0,0.9375,0.0625,0.0,0.0,0.0,0.0
6,5,0.0,0.0,0.0,0.0,0.0,0.9375,0.0625,0.0,0.0,0.0,0.0
6,5,0.0,0.0,0.0,0.0,0.0,0.9375,0.0625,0.0,0.0,0.0,0.0
6,5,0.0,0.0,0.0,0.0,0.0,0.9375,0.0625,0.0,0.0,0.0,0.0
6,5,0.0,0.0,0.0,0.0,0.0,0.9375,0.0625,0.0,0.0,0.0,0.0
6,5,0.0,0.0,0.0,0.0,0.0,0.9375,0.0625,0.0,0.0,0.0,0.0
6,5,0.0,0.0,0.0,0.0,0.0,0.9375,0.0625,0.0,0.0,0.0,0.0
6,5,0.0,0.0,0.0,0.0,0.0,0.9375,0.0625,0.0,0.0,0.0,0.0
6,5,0.0,0.0,0.0,0.0,0.0,0.9375,0.0625,0.0,0.0,0.0,0.0
6,5,0.0,0.0,0.0,0.0,0.0,0.9375,0.0625,0.0,0.0,0.0,0.0
6,5,0.0,0.0,0.0,0.0,0.0,0.9375,0.0625,0.0,0.0,0.0,0.0
6,5,0.0,0.0,0.0,0.0,0.0,0.9375,0.0625,0.0,0.0,0.0,0.0
6,5,0.0,0.0,0.0,0.0,0.0,0.9375,0.0625,0.0,0.0,0.0,0.0
6,5,0.0,0.0,0.0,0.0,0.0,0.9375,0.0625,0.0,0.0,0.0,0.0
6,5,0.0,0.0,0.0,0.0,0.0,0.9375,0.0625,0.0,0.0,0.0,0.0
6,5,0.0,0.0,0.0,0.0,0.0,0.9375,0.0625,0.0,0.0,0.0,0.0
6,5,0.0,0.0,0.0,0.0,0.0,0.9375,0.0625,0.0,0.0,0.0,0.0
6,5,0.0,0.0,0.0,0.0,0.0,0.9375,0.0625,0.0,0.0,0.0,0.0
6,5,0.0,0.0,0.0,0.0,0.0,0.9375,0.0625,0.0,0.0,0.0,0.0
6,5,0.0,0.0,0.0,0.0,0.0,0.9375,0.0625,0.0,0.0,0.0,0.0
6,5,0.0,0.0,0.0,0.0,0.0,0.9375,0.0625,0.0,0.0,0.0,0.0
6,5,0.0,0.0,0.0,0.0,0.0,0.9375,0.0625,0.0,0.0,0.0,0.0
6,5,0.0,0.0,0.0,0.0,0.0,0.9375,0.0625,0.0,0.0,0.0,0.0
6,5,0.0,0.0,0.0,0.0,0.0,0.9375,0.0625,0.0,0.0,0.0,0.0
6,5,0.0,0.0,0.0,0.0,0.0,0.9375,0.0625,0.0,0.0,0.0,0.0
6,5,0.0,0.0,0.0,0.0,0.0,0.9375,0.0625,0.0,0.0,0.0,0.0
6,5,0.0,0.0,0.0,0.0,0.0,0.9375,0.0625,0.0,0.0,0.0,0.0
6,5,0.0,0.0,0.0,0.0,0.0,0.9375,0.0625,0.0,0.0,0.0,0.0
6,5,0.0,0.0,0.0,0.0,0.0,0.9375,0.0625,0.0,0.0,0.0,0.0
6,5,0.0,0.0,0.0,0.0,0.0,0.9375,0.0625,0.0,0.0,0.0,0.0
6,5,0.0,0.0,0.0,0.0,0.0,0.9375,0.0625,0.0,0.0,0.0,0.0
6,5,0.0,0.0,0.0,0.0,0.0,0.9375,0.0625,0.0,0.0,0.0,0.0
6,5,0.0,0.0,0.0,0.0,0.0,0.9375,0.0625,0.0,0.0,0.0,0.0
6,5,0.0,0.0,0.0,0.0,0.0,0.9375,0.0625,0.0,0.0,0.0,0.0
6,5,0.0,0.0,0.0,0.0,0.0,0.9375,0.0625,0.0,0.0,0.0,0.0
6,5,0.0,0.0,0.0,0.0,0.0,0.9375,0.0625,0.0,0.0,0.0,0.0
6,5,0.0,0.0,0.0,0.0,0.0,0.9375,0.0625,0.0,0.0,0.0,0.0
6,5,0.0,0.0,0.0,0.0,0.0,0.9375,0.0625,0.0,0.0,0.0,0.0
6,5,0.0,0.0,0.0,0.0,0.0,0.9375,0.0625,0.0,0.0,0.0,0.0
6,5,0.0,0.0,0.0,0.0,0.0,0.9375,0.0625,0.0,0.0,0.0,0.0
6,5,0.0,0.0,0.0,0.0,0.0,0.9375,0.0625,0.0,0.0,0.0,0.0
6,5,0.0,0.0,0.0,0.0,0.0,0.9375,0.0625,0.0,0.0,0.0,0.0
6,5,0.0,0.0,0.0,0.0,0.0,0.9375,0.0625,0.0,0.0,0.0,0.0
6,5,0.0,0.0,0.0,0.0,0.0,0.875,0.125,0.0,0.0,0.0,0.0
6,5,0.0,0.0,0.0,0.0,0.0,0.875,0.125,0.0,0.0,0.0,0.0
6,5,0.0,0.0,0.0,0.0,0.0,0.875,0.125,0.0,0.0,0.0,0.0
6,5,0.0,0.0,0.0,0.0,0.0,0.875,0.125,0.0,0.0,0.0,0.0
6,5,0.0,0.0,0.0,0.0,0.0,0.875,0.125,0.0,0.0,0.0,0.0
6,5,0.0,0.0,0.0,0.0,0.0,0.875,0.125,0.0,0.0,0.0,0.0
6,5,0.0,0.0,0.0,0.0,0.0,0.875,0.125,0.0,0.0,0.0,0.0
6,5,0.0,0.0,0.0,0.0,0.0,0.875,0.125,0.0,0.0,0.0,0.0
6,5,0.0,0.0,0.0,0.0,0.0,0.875,0.125,0.0,0.0,0.0,0.0
6,5,0.0,0.0,0.0,0.0,0.0,0.875,0.125,0.0,0.0,0.0,0.0
6,5,0.0,0.0,0.0,0.0,0.0,0.875,0.125,0.0,0.0,0.0,0.0
6,5,0.0,0.0,0.0,0.0,0.0,0.875,0.125,0.0,0.0,0.0,0.0
6,5,0.0,0.0,0.0,0.0,0.0,0.875,0.125,0.0,0.0,0.0,0.0
6,5,0.0,0.0,0.0,0.0,0.0,0.875,0.125,0.0,0.0,0.0,0.0
6,5,0.0,0.0,0.0,0.0,0.0,0.875,0.125,0.0,0.0,0.0,0.0
6,5,0.0,0.0,0.0,0.0,0.0,0.875,0.125,0.0,0.0,0.0,0.0
6,5,0.0,0.0,0.0,0.0,0.0,0.875,0.125,0.0,0.0,0.0,0.0
6,5,0.0,0.0,0.0,0.0,0.0,0.875,0.125,0.0,0.0,0.0,0.0
6,5,0.0,0.0,0.0,0.0,0.0,0.875,0.125,0.0,0.0,0.0,0.0
6,5,0.0,0.0,0.0,0.0,0.0,0.875,0.125,0.0,0.0,0.0,0.0
6,5,0.0,0.0,0.0,0.0,0.0,0.875,0.125,0.0,0.0,0.0,0.0
6,5,0.0,0.0,0.0,0.0,0.0,0.875,0.125,0.0,0.0,0.0,0.0
6,5,0.0,0.0,0.0,0.0,0.0,0.875,0.125,0.0,0.0,0.0,0.0
6,5,0.0,0.0,0.0,0.0,0.0,0.875,0.125,0.0,0.0,0.0,0.0
6,5,0.0,0.0,0.0,0.0,0.0,0.75,0.25,0.0,0.0,0.0,0.0
6,5,0.0,0.0,0.0,0.0,0.0,0.75,0.25,0.0,0.0,0.0,0.0
6,5,0.0,0.0,0.0,0.0,0.0,0.75,0.25,0.0,0.0,0.0,0.0
6,5,0.0,0.0,0.0,0.0,0.0,0.75,0.25,0.0,0.0,0.0,0.0
6,5,0.0,0.0,0.0,0.0,0.0,0.75,0.25,0.0,0.0,0.0,0.0
6,5,0.0,0.0,0.0,0.0,0.0,0.75,0.25,0.0,0.0,0.0,0.0
6,5,0.0,0.0,0.0,0.0,0.0,0.6875,0.3125,0.0,0.0,0.0,0.0
6,5,0.0,0.0,0.0,0.0,0.0,0.6875,0.3125,0.0,0.0,0.0,0.0
6,5,0.0,0.0,0.0,0.0,0.0,0.6875,0.3125,0.0,0.0,0.0,0.0
6,5,0.0,0.0,0.0,0.0,0.0,0.6875,0.3125,0.0,0.0,0.0,0.0
6,5,0.0,0.0,0.0,0.0,0.0,0.6875,0.3125,0.0,0.0,0.0,0.0
6,5,0.0,0.0,0.0,0.0,0.0,0.6875,0.3125,0.0,0.0,0.0,0.0
6,5,0.0,0.0,0.0,0.0,0.0,0.6875,0.3125,0.0,0.0,0.0,0.0
6,5,0.0,0.0,0.0,0.0,0.0,0.6875,0.3125,0.0,0.0,0.0,0.0
6,5,0.0,0.0,0.0,0.0,0.0,0.6875,0.3125,0.0,0.0,0.0,0.0
6,5,0.0,0.0,0.0,0.0,0.0,0.6875,0.3125,0.0,0.0,0.0,0.0
6,5,0.0,0.0,0.0,0.0,0.0,0.6875,0.3125,0.0,0.0,0.0,0.0
6,5,0.0,0.0,0.0,0.0,0.0,0.6875,0.3125,0.0,0.0,0.0,0.0
6,5,0.0,0.0,0.0,0.0,0.0,0.6875,0.3125,0.0,0.0,0.0,0.0
6,5,0.0,0.0,0.0,0.0,0.0,0.6875,0.3125,0.0,0.0,0.0,0.0
6,5,0.0,0.0,0.0,0.0,0.0,0.6875,0.3125,0.0,0.0,0.0,0.0
6,5,0.0,0.0,0.0,0.0,0.0,0.6875,0.3125,0.0,0.0,0.0,0.0
6,5,0.0,0.0,0.0,0.0,0.0,0.6875,0.3125,0.0,0.0,0.0,0.0
6,5,0.0,0.0,0.0,0.0,0.0,0.6875,0.3125,0.0,0.0,0.0,0.0
6,5,0.0,0.0,0.0,0.0,0.0,0.6875,0.3125,0.0,0.0,0.0,0.0
6,5,0.0,0.0,0.0,0.0,0.0,0.6875,0.3125,0.0,0.0,0.0,0.0
6,5,0.0,0.0,0.0,0.0,0.0,0.6875,0.3125,0.0,0.0,0.0,0.0
6,5,0.0,0.0,0.0,0.0,0.0,0.6875,0.3125,0.0,0.0,0.0,0.0
6,5,0.0,0.0,0.0,0.0,0.0,0.625,0.375,0.0,0.0,0.0,0.0
6,5,0.0,0.0,0.0,0.0,0.0,0.625,0.375,0.0,0.0,0.0,0.0
6,5,0.0,0.0,0.0,0.0,0.0,0.5625,0.4375,0.0,0.0,0.0,0.0
6,5,0.0,0.0,0.0,0.0,0.0,0.5625,0.4375,0.0,0.0,0.0,0.0
6,5,0.0,0.0,0.0,0.0,0.0,0.5625,0.4375,0.0,0.0,0.0,0.0
6,5,0.0,0.0,0.0,0.0,0.0,0.5625,0.4375,0.0,0.0,0.0,0.0
6,5,0.0,0.0,0.0,0.0,0.0,0.5625,0.4375,0.0,0.0,0.0,0.0
6,5,0.0,0.0,0.0,0.0,0.0,0.5625,0.4375,0.0,0.0,0.0,0.0
6,5,0.0,0.0,0.0,0.0,0.0,0.5625,0.4375,0.0,0.0,0.0,0.0
6,5,0.0,0.0,0.0,0.0,0.0,0.5625,0.4375,0.0,0.0,0.0,0.0
6,5,0.0,0.0,0.0,0.0,0.0,0.5625,0.4375,0.0,0.0,0.0,0.0
6,5,0.0,0.0,0.0,0.0,0.0,0.5625,0.4375,0.0,0.0,0.0,0.0
6,5,0.0,0.0,0.0,0.0,0.0,0.5625,0.4375,0.0,0.0,0.0,0.0
6,5,0.0,0.0,0.0,0.0,0.0,0.5625,0.4375,0.0,0.0,0.0,0.0
6,5,0.0,0.0,0.0,0.0,0.0,0.5625,0.4375,0.0,0.0,0.0,0.0
6,5,0.0,0.0,0.0,0.0,0.0,0.5625,0.4375,0.0,0.0,0.0,0.0
6,5,0.0,0.0,0.0,0.0,0.0,0.5625,0.4375,0.0,0.0,0.0,0.0
6,5,0.0,0.0,0.0,0.0,0.0,0.5625,0.4375,0.0,0.0,0.0,0.0
6,5,0.0,0.0,0.0,0.0,0.0,0.5625,0.4375,0.0,0.0,0.0,0.0
6,5,0.0,0.0,0.0,0.0,0.0,0.5625,0.4375,0.0,0.0,0.0,0.0
6,5,0.0,0.0,0.0,0.0,0.0,0.5625,0.4375,0.0,0.0,0.0,0.0
6,5,0.0,0.0,0.0,0.0,0.0,0.5625,0.4375,0.0,0.0,0.0,0.0
6,5,0.0,0.0,0.0,0.0,0.0,0.5625,0.4375,0.0,0.0,0.0,0.0
6,5,0.0,0.0,0.0,0.0,0.0,0.5625,0.4375,0.0,0.0,0.0,0.0
6,5,0.0,0.0,0.0,0.0,0.0,0.5625,0.4375,0.0,0.0,0.0,0.0
6,5,0.0,0.0,0.0,0.0,0.0,0.5625,0.4375,0.0,0.0,0.0,0.0
6,5,0.0,0.0,0.0,0.0,0.0,0.5625,0.4375,0.0,0.0,0.0,0.0
6,5,0.0,0.0,0.0,0.0,0.0,0.5625,0.4375,0.0,0.0,0.0,0.0
6,5,0.0,0.0,0.0,0.0,0.0,0.5,0.5,0.0,0.0,0.0,0.0
6,5,0.0,0.0,0.0,0.0,0.0,0.5,0.5,0.0,0.0,0.0,0.0
6,5,0.0,0.0,0.0,0.0,0.0,0.5,0.5,0.0,0.0,0.0,0.0
6,5,0.0,0.0,0.0,0.0,0.0,0.5,0.5,0.0,0.0,0.0,0.0
6,5,0.0,0.0,0.0,0.0,0.0,0.5,0.5,0.0,0.0,0.0,0.0
6,5,0.0,0.0,0.0,0.0,0.0,0.5,0.5,0.0,0.0,0.0,0.0
6,5,0.0,0.0,0.0,0.0,0.0,0.5,0.5,0.0,0.0,0.0,0.0
6,5,0.0,0.0,0.0,0.0,0.0,0.5,0.5,0.0,0.0,0.0,0.0
6,5,0.0,0.0,0.0,0.0,0.0,0.5,0.5,0.0,0.0,0.0,0.0
6,5,0.0,0.0,0.0,0.0,0.0,0.5,0.5,0.0,0.0,0.0,0.0
6,5,0.0,0.0,0.0,0.0,0.0,0.5,0.5,0.0,0.0,0.0,0.0
6,5,0.0,0.0,0.0,0.0,0.0,0.5,0.5,0.0,0.0,0.0,0.0
6,5,0.0,0.0,0.0,0.0,0.0,0.5,0.5,0.0,0.0,0.0,0.0
6,5,0.0,0.0,0.0,0.0,0.0,0.5,0.5,0.0,0.0,0.0,0.0
6,5,0.0,0.0,0.0,0.0,0.0,0.5,0.5,0.0,0.0,0.0,0.0
6,5,0.0,0.0,0.0,0.0,0.0,0.5,0.5,0.0,0.0,0.0,0.0
6,5,0.0,0.0,0.0,0.0,0.0,0.5,0.5,0.0,0.0,0.0,0.0
6,5,0.0,0.0,0.0,0.0,0.0,0.5,0.5,0.0,0.0,0.0,0.0
6,5,0.0,0.0,0.0,0.0,0.0,0.5,0.5,0.0,0.0,0.0,0.0
6,5,0.0,0.0,0.0,0.0,0.0,0.5,0.5,0.0,0.0,0.0,0.0
6,5,0.0,0.0,0.0,0.0,0.0,0.5,0.5,0.0,0.0,0.0,0.0
6,5,0.0,0.0,0.0,0.0,0.0,0.5,0.5,0.0,0.0,0.0,0.0
6,5,0.0,0.0,0.0,0.0,0.0,0.5,0.5,0.0,0.0,0.0,0.0
6,5,0.0,0.0,0.0,0.0,0.0,0.5,0.5,0.0,0.0,0.0,0.0
6,5,0.0,0.0,0.0,0.0,0.0,0.5,0.5,0.0,0.0,0.0,0.0
6,5,0.0,0.0,0.0,0.0,0.0,0.5,0.5,0.0,0.0,0.0,0.0
6,5,0.0,0.0,0.0,0.0,0.0,0.5,0.5,0.0,0.0,0.0,0.0
6,5,0.0,0.0,0.0,0.0,0.0,0.5,0.5,0.0,0.0,0.0,0.0
6,5,0.0,0.0,0.0,0.0,0.0,0.5,0.5,0.0,0.0,0.0,0.0
6,5,0.0,0.0,0.0,0.0,0.0,0.5,0.5,0.0,0.0,0.0,0.0
6,5,0.0,0.0,0.0,0.0,0.0,0.5,0.5,0.0,0.0,0.0,0.0
6,5,0.0,0.0,0.0,0.0,0.0,0.5,0.5,0.0,0.0,0.0,0.0
6,5,0.0,0.0,0.0,0.0,0.0,0.5,0.5,0.0,0.0,0.0,0.0
6,5,0.0,0.0,0.0,0.0,0.0,0.5,0.5,0.0,0.0,0.0,0.0
6,5,0.0,0.0,0.0,0.0,0.0,0.5,0.5,0.0,0.0,0.0,0.0
6,5,0.0,0.0,0.0,0.0,0.0,0.5,0.5,0.0,0.0,0.0,0.0
6,5,0.0,0.0,0.0,0.0,0.0,0.5,0.5,0.0,0.0,0.0,0.0
6,5,0.0,0.0,0.0,0.0,0.0,0.5,0.5,0.0,0.0,0.0,0.0
6,5,0.0,0.0,0.0,0.0,0.0,0.5,0.5,0.0,0.0,0.0,0.0
6,5,0.0,0.0,0.0,0.0,0.0,0.5,0.5,0.0,0.0,0.0,0.0
6,5,0.0,0.0,0.0,0.0,0.0,0.5,0.5,0.0,0.0,0.0,0.0
6,5,0.0,0.0,0.0,0.0,0.0,0.5,0.5,0.0,0.0,0.0,0.0
6,5,0.0,0.0,0.0,0.0,0.0,0.5,0.5,0.0,0.0,0.0,0.0
6,5,0.0,0.0,0.0,0.0,0.0,0.5,0.5,0.0,0.0,0.0,0.0
6,5,0.0,0.0,0.0,0.0,0.0,0.5,0.5,0.0,0.0,0.0,0.0
6,5,0.0,0.0,0.0,0.0,0.0,0.5,0.5,0.0,0.0,0.0,0.0
6,5,0.0,0.0,0.0,0.0,0.0,0.5,0.5,0.0,0.0,0.0,0.0
6,5,0.0,0.0,0.0,0.0,0.0,0.5,0.5,0.0,0.0,0.0,0.0
6,5,0.0,0.0,0.0,0.0,0.0,0.5625,0.4375,0.0,0.0,0.0,0.0
6,5,0.0,0.0,0.0,0.0,0.0,0.5625,0.4375,0.0,0.0,0.0,0.0
6,5,0.0,0.0,0.0,0.0,0.0,0.5625,0.4375,0.0,0.0,0.0,0.0
6,5,0.0,0.0,0.0,0.0,0.0,0.5625,0.4375,0.0,0.0,0.0,0.0
6,5,0.0,0.0,0.0,0.0,0.0,0.5625,0.4375,0.0,0.0,0.0,0.0
6,5,0.0,0.0,0.0,0.0,0.0,0.5625,0.4375,0.0,0.0,0.0,0.0
6,5,0.0,0.0,0.0,0.0,0.0,0.5625,0.4375,0.0,0.0,0.0,0.0
6,5,0.0,0.0,0.0,0.0,0.0,0.5625,0.4375,0.0,0.0,0.0,0.0
6,5,0.0,0.0,0.0,0.0,0.0,0.5625,0.4375,0.0,0.0,0.0,0.0
6,5,0.0,0.0,0.0,0.0,0.0,0.5625,0.4375,0.0,0.0,0.0,0.0
6,5,0.0,0.0,0.0,0.0,0.0,0.5625,0.4375,0.0,0.0,0.0,0.0
6,5,0.0,0.0,0.0,0.0,0.0,0.5625,0.4375,0.0,0.0,0.0,0.0
6,5,0.0,0.0,0.0,0.0,0.0,0.5625,0.4375,0.0,0.0,0.0,0.0
6,5,0.0,0.0,0.0,0.0,0.0,0.5625,0.4375,0.0,0.0,0.0,0.0
6,5,0.0,0.0,0.0,0.0,0.0,0.5625,0.4375,0.0,0.0,0.0,0.0
6,5,0.0,0.0,0.0,0.0,0.0,0.5625,0.4375,0.0,0.0,0.0,0.0
6,5,0.0,0.0,0.0,0.0,0.0,0.5625,0.4375,0.0,0.0,0.0,0.0
6,5,0.0,0.0,0.0,0.0,0.0,0.5625,0.4375,0.0,0.0,0.0,0.0
6,5,0.0,0.0,0.0,0.0,0.0,0.5625,0.4375,0.0,0.0,0.0,0.0
6,5,0.0,0.0,0.0,0.0,0.0,0.5625,0.4375,0.0,0.0,0.0,0.0
6,5,0.0,0.0,0.0,0.0,0.0,0.5625,0.4375,0.0,0.0,0.0,0.0
6,5,0.0,0.0,0.0,0.0,0.0,0.5625,0.4375,0.0,0.0,0.0,0.0
6,5,0.0,0.0,0.0,0.0,0.0,0.5625,0.4375,0.0,0.0,0.0,0.0
6,5,0.0,0.0,0.0,0.0,0.0,0.5625,0.4375,0.0,0.0,0.0,0.0
6,5,0.0,0.0,0.0,0.0,0.0,0.5625,0.4375,0.0,0.0,0.0,0.0
6,5,0.0,0.0,0.0,0.0,0.0,0.5625,0.4375,0.0,0.0,0.0,0.0
6,5,0.0,0.0,0.0,0.0,0.0,0.5625,0.4375,0.0,0.0,0.0,0.0
6,5,0.0,0.0,0.0,0.0,0.0,0.5625,0.4375,0.0,0.0,0.0,0.0
6,5,0.0,0.0,0.0,0.0,0.0,0.5625,0.4375,0.0,0.0,0.0,0.0
6,5,0.0,0.0,0.0,0.0,0.0,0.5625,0.4375,0.0,0.0,0.0,0.0
6,5,0.0,0.0,0.0,0.0,0.0,0.5625,0.4375,0.0,0.0,0.0,0.0
6,5,0.0,0.0,0.0,0.0,0.0,0.5625,0.4375,0.0,0.0,0.0,0.0
6,5,0.0,0.0,0.0,0.0,0.0,0.5625,0.4375,0.0,0.0,0.0,0.0
6,5,0.0,0.0,0.0,0.0,0.0,0.5625,0.4375,0.0,0.0,0.0,0.0
6,5,0.0,0.0,0.0,0.0,0.0,0.5625,0.4375,0.0,0.0,0.0,0.0
6,5,0.0,0.0,0.0,0.0,0.0,0.5625,0.4375,0.0,0.0,0.0,0.0
6,5,0.0,0.0,0.0,0.0,0.0,0.5625,0.4375,0.0,0.0,0.0,0.0
6,5,0.0,0.0,0.0,0.0,0.0,0.5625,0.4375,0.0,0.0,0.0,0.0
6,5,0.0,0.0,0.0,0.0,0.0,0.5625,0.4375,0.0,0.0,0.0,0.0
6,5,0.0,0.0,0.0,0.0,0.0,0.5625,0.4375,0.0,0.0,0.0,0.0
6,5,0.0,0.0,0.0,0.0,0.0,0.5625,0.4375,0.0,0.0,0.0,0.0
6,5,0.0,0.0,0.0,0.0,0.0,0.5625,0.4375,0.0,0.0,0.0,0.0
6,5,0.0,0.0,0.0,0.0,0.0,0.5625,0.4375,0.0,0.0,0.0,0.0
6,5,0.0,0.0,0.0,0.0,0.0,0.5625,0.4375,0.0,0.0,0.0,0.0
6,5,0.0,0.0,0.0,0.0,0.0,0.5625,0.4375,0.0,0.0,0.0,0.0
6,5,0.0,0.0,0.0,0.0,0.0,0.5625,0.4375,0.0,0.0,0.0,0.0
6,5,0.0,0.0,0.0,0.0,0.0,0.625,0.375,0.0,0.0,0.0,0.0
6,5,0.0,0.0,0.0,0.0,0.0,0.625,0.375,0.0,0.0,0.0,0.0
6,5,0.0,0.0,0.0,0.0,0.0,0.625,0.375,0.0,0.0,0.0,0.0
6,5,0.0,0.0,0.0,0.0,0.0,0.625,0.375,0.0,0.0,0.0,0.0
6,5,0.0,0.0,0.0,0.0,0.0,0.625,0.375,0.0,0.0,0.0,0.0
6,5,0.0,0.0,0.0,0.0,0.0,0.625,0.375,0.0,0.0,0.0,0.0
6,5,0.0,0.0,0.0,0.0,0.0,0.625,0.375,0.0,0.0,0.0,0.0
6,5,0.0,0.0,0.0,0.0,0.0,0.625,0.375,0.0,0.0,0.0,0.0
6,5,0.0,0.0,0.0,0.0,0.0,0.625,0.375,0.0,0.0,0.0,0.0
6,5,0.0,0.0,0.0,0.0,0.0,0.625,0.375,0.0,0.0,0.0,0.0
6,5,0.0,0.0,0.0,0.0,0.0,0.6875,0.3125,0.0,0.0,0.0,0.0
6,5,0.0,0.0,0.0,0.0,0.0,0.6875,0.3125,0.0,0.0,0.0,0.0
6,5,0.0,0.0,0.0,0.0,0.0,0.6875,0.3125,0.0,0.0,0.0,0.0
6,5,0.0,0.0,0.0,0.0,0.0,0.6875,0.3125,0.0,0.0,0.0,0.0
6,5,0.0,0.0,0.0,0.0,0.0,0.6875,0.3125,0.0,0.0,0.0,0.0
6,5,0.0,0.0,0.0,0.0,0.0,0.6875,0.3125,0.0,0.0,0.0,0.0
6,5,0.0,0.0,0.0,0.0,0.0,0.6875,0.3125,0.0,0.0,0.0,0.0
6,5,0.0,0.0,0.0,0.0,0.0,0.6875,0.3125,0.0,0.0,0.0,0.0
6,5,0.0,0.0,0.0,0.0,0.0,0.6875,0.3125,0.0,0.0,0.0,0.0
6,5,0.0,0.0,0.0,0.0,0.0,0.6875,0.3125,0.0,0.0,0.0,0.0
6,5,0.0,0.0,0.0,0.0,0.0,0.6875,0.3125,0.0,0.0,0.0,0.0
6,5,0.0,0.0,0.0,0.0,0.0,0.6875,0.3125,0.0,0.0,0.0,0.0
6,5,0.0,0.0,0.0,0.0,0.0,0.6875,0.3125,0.0,0.0,0.0,0.0
6,5,0.0,0.0,0.0,0.0,0.0,0.6875,0.3125,0.0,0.0,0.0,0.0
6,5,0.0,0.0,0.0,0.0,0.0,0.6875,0.3125,0.0,0.0,0.0,0.0
6,5,0.0,0.0,0.0,0.0,0.0,0.6875,0.3125,0.0,0.0,0.0,0.0
6,5,0.0,0.0,0.0,0.0,0.0,0.6875,0.3125,0.0,0.0,0.0,0.0
6,5,0.0,0.0,0.0,0.0,0.0,0.6875,0.3125,0.0,0.0,0.0,0.0
6,5,0.0,0.0,0.0,0.0,0.0,0.6875,0.3125,0.0,0.0,0.0,0.0
6,5,0.0,0.0,0.0,0.0,0.0,0.6875,0.3125,0.0,0.0,0.0,0.0
6,5,0.0,0.0,0.0,0.0,0.0,0.6875,0.3125,0.0,0.0,0.0,0.0
6,5,0.0,0.0,0.0,0.0,0.0,0.6875,0.3125,0.0,0.0,0.0,0.0
6,5,0.0,0.0,0.0,0.0,0.0,0.6875,0.3125,0.0,0.0,0.0,0.0
6,5,0.0,0.0,0.0,0.0,0.0,0.6875,0.3125,0.0,0.0,0.0,0.0
6,5,0.0,0.0,0.0,0.0,0.0,0.6875,0.3125,0.0,0.0,0.0,0.0
6,5,0.0,0.0,0.0,0.0,0.0,0.6875,0.3125,0.0,0.0,0.0,0.0
6,5,0.0,0.0,0.0,0.0,0.0,0.6875,0.3125,0.0,0.0,0.0,0.0
6,5,0.0,0.0,0.0,0.0,0.0,0.6875,0.3125,0.0,0.0,0.0,0.0
6,5,0.0,0.0,0.0,0.0,0.0,0.6875,0.3125,0.0,0.0,0.0,0.0
6,5,0.0,0.0,0.0,0.0,0.0,0.6875,0.3125,0.0,0.0,0.0,0.0
6,5,0.0,0.0,0.0,0.0,0.0,0.6875,0.3125,0.0,0.0,0.0,0.0
6,5,0.0,0.0,0.0,0.0,0.0,0.6875,0.3125,0.0,0.0,0.0,0.0
6,5,0.0,0.0,0.0,0.0,0.0,0.6875,0.3125,0.0,0.0,0.0,0.0
6,5,0.0,0.0,0.0,0.0,0.0,0.6875,0.3125,0.0,0.0,0.0,0.0
6,5,0.0,0.0,0.0,0.0,0.0,0.6875,0.3125,0.0,0.0,0.0,0.0
6,5,0.0,0.0,0.0,0.0,0.0,0.6875,0.3125,0.0,0.0,0.0,0.0
6,5,0.0,0.0,0.0,0.0,0.0,0.6875,0.3125,0.0,0.0,0.0,0.0
6,5,0.0,0.0,0.0,0.0,0.0,0.6875,0.3125,0.0,0.0,0.0,0.0
6,5,0.0,0.0,0.0,0.0,0.0,0.6875,0.3125,0.0,0.0,0.0,0.0
6,5,0.0,0.0,0.0,0.0,0.0,0.6875,0.3125,0.0,0.0,0.0,0.0
6,5,0.0,0.0,0.0,0.0,0.0,0.6875,0.3125,0.0,0.0,0.0,0.0
6,5,0.0,0.0,0.0,0.0,0.0,0.6875,0.3125,0.0,0.0,0.0,0.0
6,5,0.0,0.0,0.0,0.0,0.0,0.6875,0.3125,0.0,0.0,0.0,0.0
6,5,0.0,0.0,0.0,0.0,0.0,0.6875,0.3125,0.0,0.0,0.0,0.0
6,5,0.0,0.0,0.0,0.0,0.0,0.6875,0.3125,0.0,0.0,0.0,0.0
6,5,0.0,0.0,0.0,0.0,0.0,0.6875,0.3125,0.0,0.0,0.0,0.0
6,5,0.0,0.0,0.0,0.0,0.0,0.6875,0.3125,0.0,0.0,0.0,0.0
6,5,0.0,0.0,0.0,0.0,0.0,0.6875,0.3125,0.0,0.0,0.0,0.0
6,5,0.0,0.0,0.0,0.0,0.0,0.6875,0.3125,0.0,0.0,0.0,0.0
6,5,0.0,0.0,0.0,0.0,0.0,0.6875,0.3125,0.0,0.0,0.0,0.0
6,5,0.0,0.0,0.0,0.0,0.0,0.6875,0.3125,0.0,0.0,0.0,0.0
6,5,0.0,0.0,0.0,0.0,0.0,0.6875,0.3125,0.0,0.0,0.0,0.0
6,5,0.0,0.0,0.0,0.0,0.0,0.6875,0.3125,0.0,0.0,0.0,0.0
6,5,0.0,0.0,0.0,0.0,0.0,0.6875,0.3125,0.0,0.0,0.0,0.0
6,5,0.0,0.0,0.0,0.0,0.0,0.6875,0.3125,0.0,0.0,0.0,0.0
6,5,0.0,0.0,0.0,0.0,0.0,0.6875,0.3125,0.0,0.0,0.0,0.0
6,5,0.0,0.0,0.0,0.0,0.0,0.6875,0.3125,0.0,0.0,0.0,0.0
6,5,0.0,0.0,0.0,0.0,0.0,0.6875,0.3125,0.0,0.0,0.0,0.0
6,5,0.0,0.0,0.0,0.0,0.0,0.6875,0.3125,0.0,0.0,0.0,0.0
6,5,0.0,0.0,0.0,0.0,0.0,0.6875,0.3125,0.0,0.0,0.0,0.0
6,5,0.0,0.0,0.0,0.0,0.0,0.6875,0.3125,0.0,0.0,0.0,0.0
6,5,0.0,0.0,0.0,0.0,0.0,0.6875,0.3125,0.0,0.0,0.0,0.0
6,5,0.0,0.0,0.0,0.0,0.0,0.6875,0.3125,0.0,0.0,0.0,0.0
6,5,0.0,0.0,0.0,0.0,0.0,0.6875,0.3125,0.0,0.0,0.0,0.0
6,5,0.0,0.0,0.0,0.0,0.0,0.6875,0.3125,0.0,0.0,0.0,0.0
6,5,0.0,0.0,0.0,0.0,0.0,0.6875,0.3125,0.0,0.0,0.0,0.0
6,5,0.0,0.0,0.0,0.0,0.0,0.6875,0.3125,0.0,0.0,0.0,0.0
6,5,0.0,0.0,0.0,0.0,0.0,0.6875,0.3125,0.0,0.0,0.0,0.0
6,5,0.0,0.0,0.0,0.0,0.0,0.6875,0.3125,0.0,0.0,0.0,0.0
6,5,0.0,0.0,0.0,0.0,0.0,0.6875,0.3125,0.0,0.0,0.0,0.0
6,5,0.0,0.0,0.0,0.0,0.0,0.6875,0.3125,0.0,0.0,0.0,0.0
6,5,0.0,0.0,0.0,0.0,0.0,0.6875,0.3125,0.0,0.0,0.0,0.0
6,5,0.0,0.0,0.0,0.0,0.0,0.625,0.3125,0.0625,0.0,0.0,0.0
6,5,0.0,0.0,0.0,0.0,0.0,0.625,0.3125,0.0625,0.0,0.0,0.0
6,5,0.0,0.0,0.0,0.0,0.0,0.625,0.3125,0.0625,0.0,0.0,0.0
6,5,0.0,0.0,0.0,0.0,0.0,0.5625,0.3125,0.125,0.0,0.0,0.0
6,5,0.0,0.0,0.0,0.0,0.0,0.5625,0.3125,0.125,0.0,0.0,0.0
6,5,0.0,0.0,0.0,0.0,0.0,0.5,0.375,0.125,0.0,0.0,0.0
6,5,0.0,0.0,0.0,0.0,0.0,0.5,0.3125,0.1875,0.0,0.0,0.0
6,5,0.0,0.0,0.0,0.0,0.0,0.5,0.3125,0.1875,0.0,0.0,0.0
6,5,0.0,0.0,0.0,0.0,0.0,0.5,0.3125,0.1875,0.0,0.0,0.0
6,5,0.0,0.0,0.0,0.0,0.0,0.5,0.3125,0.1875,0.0,0.0,0.0
6,5,0.0,0.0,0.0,0.0,0.0,0.5,0.3125,0.1875,0.0,0.0,0.0
6,5,0.0,0.0,0.0,0.0,0.0,0.5,0.3125,0.1875,0.0,0.0,0.0
6,5,0.0,0.0,0.0,0.0,0.0,0.5,0.3125,0.1875,0.0,0.0,0.0
6,5,0.0,0.0,0.0,0.0,0.0,0.5,0.3125,0.1875,0.0,0.0,0.0
6,5,0.0,0.0,0.0625,0.0,0.0,0.4375,0.3125,0.1875,0.0,0.0,0.0
6,5,0.0,0.0,0.0625,0.0,0.0,0.4375,0.3125,0.1875,0.0,0.0,0.0
6,5,0.0,0.0,0.125,0.0,0.0,0.4375,0.25,0.1875,0.0,0.0,0.0
6,5,0.0,0.0,0.125,0.0,0.0,0.4375,0.25,0.1875,0.0,0.0,0.0
6,5,0.0,0.0,0.125,0.0,0.0,0.4375,0.25,0.1875,0.0,0.0,0.0
6,5,0.0,0.0,0.125,0.0,0.0,0.4375,0.25,0.1875,0.0,0.0,0.0
6,5,0.0,0.0,0.125,0.0,0.0,0.4375,0.25,0.1875,0.0,0.0,0.0
6,5,0.0,0.0,0.125,0.0,0.0,0.4375,0.25,0.1875,0.0,0.0,0.0
6,5,0.0,0.0,0.125,0.0,0.0,0.4375,0.25,0.1875,0.0,0.0,0.0
6,5,0.0,0.0,0.125,0.0,0.0,0.4375,0.25,0.1875,0.0,0.0,0.0
6,5,0.0,0.0,0.125,0.0,0.0,0.4375,0.25,0.1875,0.0,0.0,0.0
6,5,0.0,0.0,0.125,0.0,0.0,0.4375,0.25,0.1875,0.0,0.0,0.0
6,5,0.0,0.0,0.125,0.0,0.0,0.4375,0.25,0.1875,0.0,0.0,0.0
6,5,0.0,0.0,0.125,0.0,0.0,0.4375,0.25,0.1875,0.0,0.0,0.0
7,5,0.0,0.0,0.125,0.0,0.0,0.375,0.25,0.25,0.0,0.0,0.0
7,5,0.0,0.0,0.125,0.0,0.0,0.375,0.25,0.25,0.0,0.0,0.0
7,5,0.0,0.0,0.125,0.0,0.0,0.375,0.25,0.25,0.0,0.0,0.0
7,5,0.0,0.0,0.125,0.0,0.0,0.375,0.25,0.25,0.0,0.0,0.0
7,5,0.0,0.0,0.125,0.0,0.0,0.375,0.25,0.25,0.0,0.0,0.0
7,5,0.0,0.0,0.125,0.0,0.0,0.375,0.25,0.25,0.0,0.0,0.0
7,5,0.0,0.0,0.125,0.0,0.0,0.375,0.25,0.25,0.0,0.0,0.0
7,5,0.0,0.0,0.125,0.0,0.0,0.375,0.25,0.25,0.0,0.0,0.0
7,5,0.0,0.0,0.125,0.0,0.0,0.375,0.25,0.25,0.0,0.0,0.0
7,5,0.0,0.0,0.125,0.0,0.0,0.375,0.25,0.25,0.0,0.0,0.0
7,7,0.0,0.0,0.125,0.0,0.0,0.3125,0.1875,0.375,0.0,0.0,0.0
7,7,0.0,0.0,0.125,0.0,0.0,0.3125,0.1875,0.375,0.0,0.0,0.0
7,7,0.0,0.0,0.1875,0.0,0.0,0.25,0.125,0.4375,0.0,0.0,0.0
7,7,0.0,0.0,0.1875,0.0,0.0,0.25,0.125,0.4375,0.0,0.0,0.0
7,7,0.0,0.0,0.1875,0.0,0.0,0.25,0.125,0.4375,0.0,0.0,0.0
7,7,0.0,0.0,0.1875,0.0,0.0,0.25,0.125,0.4375,0.0,0.0,0.0
7,7,0.0,0.0,0.1875,0.0,0.0,0.25,0.125,0.4375,0.0,0.0,0.0
7,7,0.0,0.0,0.1875,0.0,0.0,0.25,0.125,0.4375,0.0,0.0,0.0
7,7,0.0,0.0,0.1875,0.0,0.0,0.25,0.125,0.4375,0.0,0.0,0.0
7,7,0.0,0.0,0.1875,0.0,0.0,0.25,0.125,0.4375,0.0,0.0,0.0
7,7,0.0,0.0,0.1875,0.0,0.0,0.25,0.0625,0.5,0.0,0.0,0.0
7,7,0.0,0.0,0.1875,0.0,0.0,0.25,0.0625,0.5,0.0,0.0,0.0
7,7,0.0,0.0,0.1875,0.0,0.0,0.25,0.0625,0.5,0.0,0.0,0.0
7,7,0.0,0.0,0.1875,0.0,0.0,0.25,0.0625,0.5,0.0,0.0,0.0
7,7,0.0,0.0,0.1875,0.0,0.0,0.25,0.0625,0.5,0.0,0.0,0.0
7,7,0.0,0.0,0.1875,0.0,0.0,0.25,0.0625,0.5,0.0,0.0,0.0
7,7,0.0,0.0,0.1875,0.0,0.0,0.25,0.0625,0.5,0.0,0.0,0.0
7,7,0.0,0.0,0.1875,0.0,0.0,0.25,0.0625,0.5,0.0,0.0,0.0
7,7,0.0,0.0,0.1875,0.0,0.0,0.1875,0.0625,0.5625,0.0,0.0,0.0
7,7,0.0,0.0,0.1875,0.0,0.0,0.1875,0.0625,0.5625,0.0,0.0,0.0
7,7,0.0,0.0,0.1875,0.0,0.0,0.1875,0.0625,0.5625,0.0,0.0,0.0
7,7,0.0,0.0,0.1875,0.0,0.0,0.1875,0.0625,0.5625,0.0,0.0,0.0
7,7,0.0,0.0,0.1875,0.0,0.0,0.125,0.0625,0.625,0.0,0.0,0.0
7,7,0.0,0.0,0.1875,0.0,0.0,0.125,0.0625,0.625,0.0,0.0,0.0
7,7,0.0,0.0,0.1875,0.0,0.0,0.125,0.0625,0.625,0.0,0.0,0.0
7,7,0.0,0.0,0.1875,0.0,0.0,0.125,0.0625,0.625,0.0,0.0,0.0
7,7,0.0,0.0,0.1875,0.0,0.0,0.0625,0.0625,0.6875,0.0,0.0,0.0
7,7,0.0,0.0,0.1875,0.0,0.0,0.0625,0.0625,0.6875,0.0,0.0,0.0
7,7,0.0,0.0,0.1875,0.0,0.0,0.0625,0.0625,0.6875,0.0,0.0,0.0
7,7,0.0,0.0,0.1875,0.0,0.0,0.0625,0.0625,0.6875,0.0,0.0,0.0
7,7,0.0,0.0,0.1875,0.0,0.0,0.0625,0.0625,0.6875,0.0,0.0,0.0
7,7,0.0,0.0,0.1875,0.0,0.0,0.0625,0.0625,0.6875,0.0,0.0,0.0
7,7,0.0,0.0,0.1875,0.0,0.0,0.0625,0.0625,0.6875,0.0,0.0,0.0
7,7,0.0,0.0,0.1875,0.0,0.0,0.0625,0.0625,0.6875,0.0,0.0,0.0
7,7,0.0,0.0,0.1875,0.0,0.0,0.0625,0.0625,0.6875,0.0,0.0,0.0
7,7,0.0,0.0,0.1875,0.0,0.0,0.0625,0.0625,0.6875,0.0,0.0,0.0
7,7,0.0,0.0,0.1875,0.0,0.0,0.0625,0.0625,0.6875,0.0,0.0,0.0
7,7,0.0,0.0,0.1875,0.0,0.0,0.0625,0.0625,0.6875,0.0,0.0,0.0
7,7,0.0,0.0,0.1875,0.0,0.0,0.0625,0.0625,0.6875,0.0,0.0,0.0
7,7,0.0,0.0,0.1875,0.0,0.0,0.0625,0.0625,0.6875,0.0,0.0,0.0
7,7,0.0,0.0,0.1875,0.0,0.0,0.0,0.0625,0.75,0.0,0.0,0.0
7,7,0.0,0.0,0.1875,0.0,0.0,0.0,0.0625,0.75,0.0,0.0,0.0
7,7,0.0,0.0,0.1875,0.0,0.0,0.0,0.0625,0.75,0.0,0.0,0.0
7,7,0.0,0.0,0.1875,0.0,0.0,0.0,0.0625,0.75,0.0,0.0,0.0
7,7,0.0,0.0,0.1875,0.0,0.0,0.0,0.0625,0.75,0.0,0.0,0.0
7,7,0.0,0.0,0.1875,0.0,0.0,0.0,0.0625,0.75,0.0,0.0,0.0
7,7,0.0,0.0,0.1875,0.0,0.0,0.0,0.0625,0.75,0.0,0.0,0.0
7,7,0.0,0.0,0.1875,0.0,0.0,0.0,0.0625,0.75,0.0,0.0,0.0
7,7,0.0,0.0,0.1875,0.0,0.0,0.0,0.0625,0.75,0.0,0.0,0.0
7,7,0.0,0.0,0.1875,0.0,0.0,0.0,0.0625,0.75,0.0,0.0,0.0
7,7,0.0,0.0,0.1875,0.0,0.0,0.0,0.0625,0.75,0.0,0.0,0.0
7,7,0.0,0.0,0.1875,0.0,0.0,0.0,0.0625,0.75,0.0,0.0,0.0
7,7,0.0,0.0,0.1875,0.0,0.0,0.0,0.0625,0.75,0.0,0.0,0.0
7,7,0.0,0.0,0.1875,0.0,0.0,0.0,0.0625,0.75,0.0,0.0,0.0
7,7,0.0,0.0,0.1875,0.0,0.0,0.0,0.0625,0.75,0.0,0.0,0.0
7,7,0.0,0.0,0.1875,0.0,0.0,0.0,0.0625,0.75,0.0,0.0,0.0
7,7,0.0,0.0,0.1875,0.0,0.0,0.0,0.0625,0.75,0.0,0.0,0.0
7,7,0.0,0.0,0.1875,0.0,0.0,0.0,0.0625,0.75,0.0,0.0,0.0
7,7,0.0,0.0,0.1875,0.0,0.0,0.0,0.0625,0.75,0.0,0.0,0.0
7,7,0.0,0.0,0.1875,0.0,0.0,0.0,0.0625,0.75,0.0,0.0,0.0
7,7,0.0,0.0,0.1875,0.0,0.0,0.0,0.0625,0.75,0.0,0.0,0.0
7,7,0.0,0.0,0.1875,0.0,0.0,0.0,0.0625,0.75,0.0,0.0,0.0
7,7,0.0,0.0,0.1875,0.0,0.0,0.0,0.0625,0.75,0.0,0.0,0.0
7,7,0.0,0.0,0.1875,0.0,0.0,0.0,0.0625,0.75,0.0,0.0,0.0
7,7,0.0,0.0,0.1875,0.0,0.0,0.0,0.0625,0.75,0.0,0.0,0.0
7,7,0.0,0.0,0.1875,0.0,0.0,0.0,0.0625,0.75,0.0,0.0,0.0
7,7,0.0,0.0,0.125,0.0,0.0,0.0,0.0625,0.8125,0.0,0.0,0.0
7,7,0.0,0.0,0.125,0.0,0.0,0.0,0.0625,0.8125,0.0,0.0,0.0
7,7,0.0,0.0,0.125,0.0,0.0,0.0,0.0625,0.8125,0.0,0.0,0.0
7,7,0.0,0.0,0.125,0.0,0.0,0.0,0.0625,0.8125,0.0,0.0,0.0
7,7,0.0,0.0,0.125,0.0,0.0,0.0,0.0625,0.8125,0.0,0.0,0.0
7,7,0.0,0.0,0.125,0.0,0.0,0.0,0.0625,0.8125,0.0,0.0,0.0
7,7,0.0,0.0,0.125,0.0,0.0,0.0,0.0625,0.8125,0.0,0.0,0.0
7,7,0.0,0.0,0.125,0.0,0.0,0.0,0.0625,0.8125,0.0,0.0,0.0
7,7,0.0,0.0,0.125,0.0,0.0,0.0,0.0625,0.8125,0.0,0.0,0.0
7,7,0.0,0.0,0.125,0.0,0.0,0.0,0.0625,0.8125,0.0,0.0,0.0
7,7,0.0,0.0,0.125,0.0,0.0,0.0,0.0625,0.8125,0.0,0.0,0.0
7,7,0.0,0.0,0.125,0.0,0.0,0.0,0.0625,0.8125,0.0,0.0,0.0
7,7,0.0,0.0,0.125,0.0,0.0,0.0,0.0625,0.8125,0.0,0.0,0.0
7,7,0.0,0.0,0.125,0.0,0.0,0.0,0.0625,0.8125,0.0,0.0,0.0
7,7,0.0,0.0,0.125,0.0,0.0,0.0,0.0625,0.8125,0.0,0.0,0.0
7,7,0.0,0.0,0.125,0.0,0.0,0.0,0.0625,0.8125,0.0,0.0,0.0
7,7,0.0,0.0,0.125,0.0,0.0,0.0,0.0625,0.8125,0.0,0.0,0.0
7,7,0.0,0.0,0.125,0.0,0.0,0.0,0.0625,0.8125,0.0,0.0,0.0
7,7,0.0,0.0,0.125,0.0,0.0,0.0,0.0625,0.8125,0.0,0.0,0.0
7,7,0.0,0.0,0.125,0.0,0.0,0.0,0.0625,0.8125,0.0,0.0,0.0
7,7,0.0,0.0,0.125,0.0,0.0,0.0,0.0625,0.8125,0.0,0.0,0.0
7,7,0.0,0.0,0.125,0.0,0.0,0.0,0.0625,0.8125,0.0,0.0,0.0
7,7,0.0,0.0,0.125,0.0,0.0,0.0,0.0625,0.8125,0.0,0.0,0.0
7,7,0.0,0.0,0.125,0.0,0.0,0.0,0.0625,0.8125,0.0,0.0,0.0
7,7,0.0,0.0,0.125,0.0,0.0,0.0,0.0625,0.8125,0.0,0.0,0.0
7,7,0.0,0.0,0.125,0.0,0.0,0.0,0.0625,0.8125,0.0,0.0,0.0
7,7,0.0,0.0,0.125,0.0,0.0,0.0,0.0625,0.8125,0.0,0.0,0.0
7,7,0.0,0.0,0.125,0.0,0.0,0.0,0.0625,0.8125,0.0,0.0,0.0
7,7,0.0,0.0,0.125,0.0,0.0,0.0,0.0625,0.8125,0.0,0.0,0.0
7,7,0.0,0.0,0.125,0.0,0.0,0.0,0.0625,0.8125,0.0,0.0,0.0
7,7,0.0,0.0,0.125,0.0,0.0,0.0,0.0625,0.8125,0.0,0.0,0.0
7,7,0.0,0.0,0.125,0.0,0.0,0.0,0.0625,0.8125,0.0,0.0,0.0
7,7,0.0,0.0,0.125,0.0,0.0,0.0,0.0,0.875,0.0,0.0,0.0
7,7,0.0,0.0,0.125,0.0,0.0,0.0,0.0,0.875,0.0,0.0,0.0
7,7,0.0,0.0,0.125,0.0,0.0,0.0,0.0,0.875,0.0,0.0,0.0
7,7,0.0,0.0,0.125,0.0,0.0,0.0,0.0,0.875,0.0,0.0,0.0
7,7,0.0,0.0,0.125,0.0,0.0,0.0,0.0,0.875,0.0,0.0,0.0
7,7,0.0,0.0,0.125,0.0,0.0,0.0,0.0,0.875,0.0,0.0,0.0
7,7,0.0,0.0,0.125,0.0,0.0,0.0,0.0,0.875,0.0,0.0,0.0
7,7,0.0,0.0,0.125,0.0,0.0,0.0,0.0,0.875,0.0,0.0,0.0
7,7,0.0,0.0,0.125,0.0,0.0,0.0,0.0,0.875,0.0,0.0,0.0
7,7,0.0,0.0,0.125,0.0,0.0,0.0,0.0,0.875,0.0,0.0,0.0
7,7,0.0,0.0,0.125,0.0,0.0,0.0,0.0,0.875,0.0,0.0,0.0
7,7,0.0,0.0,0.125,0.0,0.0,0.0,0.0,0.875,0.0,0.0,0.0
7,7,0.0,0.0,0.125,0.0,0.0,0.0,0.0,0.875,0.0,0.0,0.0
7,7,0.0,0.0,0.125,0.0,0.0,0.0,0.0,0.875,0.0,0.0,0.0
7,7,0.0,0.0,0.125,0.0,0.0,0.0,0.0,0.875,0.0,0.0,0.0
7,7,0.0,0.0,0.125,0.0,0.0,0.0,0.0,0.875,0.0,0.0,0.0
7,7,0.0,0.0,0.125,0.0,0.0,0.0,0.0,0.875,0.0,0.0,0.0
7,7,0.0,0.0,0.125,0.0,0.0,0.0,0.0,0.875,0.0,0.0,0.0
7,7,0.0,0.0,0.125,0.0,0.0,0.0,0.0,0.875,0.0,0.0,0.0
7,7,0.0,0.0,0.125,0.0,0.0,0.0,0.0,0.875,0.0,0.0,0.0
7,7,0.0,0.0,0.125,0.0,0.0,0.0,0.0,0.875,0.0,0.0,0.0
7,7,0.0,0.0,0.125,0.0,0.0,0.0,0.0,0.875,0.0,0.0,0.0
7,7,0.0,0.0,0.125,0.0,0.0,0.0,0.0,0.875,0.0,0.0,0.0
7,7,0.0,0.0,0.125,0.0,0.0,0.0,0.0,0.875,0.0,0.0,0.0
7,7,0.0,0.0,0.125,0.0,0.0,0.0,0.0,0.875,0.0,0.0,0.0
7,7,0.0,0.0,0.125,0.0,0.0,0.0,0.0,0.875,0.0,0.0,0.0
7,7,0.0,0.0,0.125,0.0,0.0,0.0,0.0,0.875,0.0,0.0,0.0
7,7,0.0,0.0,0.125,0.0,0.0,0.0,0.0,0.875,0.0,0.0,0.0
7,7,0.0,0.0,0.125,0.0,0.0,0.0,0.0,0.875,0.0,0.0,0.0
7,7,0.0,0.0,0.125,0.0,0.0,0.0,0.0,0.875,0.0,0.0,0.0
7,7,0.0,0.0,0.125,0.0,0.0,0.0,0.0,0.875,0.0,0.0,0.0
7,7,0.0,0.0,0.125,0.0,0.0,0.0,0.0,0.875,0.0,0.0,0.0
7,7,0.0,0.0,0.125,0.0,0.0,0.0,0.0,0.875,0.0,0.0,0.0
7,7,0.0,0.0,0.125,0.0,0.0,0.0,0.0,0.875,0.0,0.0,0.0
7,7,0.0,0.0,0.125,0.0,0.0,0.0,0.0,0.875,0.0,0.0,0.0
7,7,0.0,0.0,0.125,0.0,0.0,0.0,0.0,0.875,0.0,0.0,0.0
7,7,0.0,0.0,0.125,0.0,0.0,0.0,0.0,0.875,0.0,0.0,0.0
7,7,0.0,0.0,0.125,0.0,0.0,0.0,0.0,0.875,0.0,0.0,0.0
7,7,0.0,0.0,0.125,0.0,0.0,0.0,0.0,0.875,0.0,0.0,0.0
7,7,0.0,0.0,0.125,0.0,0.0,0.0,0.0,0.875,0.0,0.0,0.0
7,7,0.0,0.0,0.125,0.0,0.0,0.0,0.0,0.875,0.0,0.0,0.0
7,7,0.0,0.0,0.125,0.0,0.0,0.0,0.0,0.875,0.0,0.0,0.0
7,7,0.0,0.0,0.125,0.0,0.0,0.0,0.0,0.875,0.0,0.0,0.0
7,7,0.0,0.0,0.125,0.0,0.0,0.0,0.0,0.875,0.0,0.0,0.0
7,7,0.0,0.0,0.125,0.0,0.0,0.0,0.0,0.875,0.0,0.0,0.0
7,7,0.0,0.0,0.125,0.0,0.0,0.0,0.0,0.875,0.0,0.0,0.0
7,7,0.0,0.0,0.0625,0.0,0.0,0.0,0.0,0.9375,0.0,0.0,0.0
7,7,0.0,0.0,0.0625,0.0,0.0,0.0,0.0,0.9375,0.0,0.0,0.0
7,7,0.0,0.0,0.0625,0.0,0.0,0.0,0.0,0.9375,0.0,0.0,0.0
7,7,0.0,0.0,0.0625,0.0,0.0,0.0,0.0,0.9375,0.0,0.0,0.0
7,7,0.0,0.0,0.0625,0.0,0.0,0.0,0.0,0.9375,0.0,0.0,0.0
7,7,0.0,0.0,0.0625,0.0,0.0,0.0,0.0,0.9375,0.0,0.0,0.0
7,7,0.0,0.0,0.0625,0.0,0.0,0.0,0.0,0.9375,0.0,0.0,0.0
7,7,0.0,0.0,0.0625,0.0,0.0,0.0,0.0,0.9375,0.0,0.0,0.0
7,7,0.0,0.0,0.0625,0.0,0.0,0.0,0.0,0.9375,0.0,0.0,0.0
7,7,0.0,0.0,0.0625,0.0,0.0,0.0,0.0,0.9375,0.0,0.0,0.0
7,7,0.0,0.0,0.0625,0.0,0.0,0.0,0.0,0.9375,0.0,0.0,0.0
7,7,0.0,0.0,0.0625,0.0,0.0,0.0,0.0,0.9375,0.0,0.0,0.0
7,7,0.0,0.0,0.0625,0.0,0.0,0.0,0.0,0.9375,0.0,0.0,0.0
7,7,0.0,0.0,0.0625,0.0,0.0,0.0,0.0,0.9375,0.0,0.0,0.0
7,7,0.0,0.0,0.0625,0.0,0.0,0.0,0.0,0.9375,0.0,0.0,0.0
7,7,0.0,0.0,0.0625,0.0,0.0,0.0,0.0,0.9375,0.0,0.0,0.0
7,7,0.0,0.0,0.0625,0.0,0.0,0.0,0.0,0.9375,0.0,0.0,0.0
7,7,0.0,0.0,0.0625,0.0,0.0,0.0,0.0,0.9375,0.0,0.0,0.0
7,7,0.0,0.0,0.0625,0.0,0.0,0.0,0.0,0.9375,0.0,0.0,0.0
7,7,0.0,0.0,0.0625,0.0,0.0,0.0,0.0,0.9375,0.0,0.0,0.0
7,7,0.0,0.0,0.0625,0.0,0.0,0.0,0.0,0.9375,0.0,0.0,0.0
7,7,0.0,0.0,0.0625,0.0,0.0,0.0,0.0,0.9375,0.0,0.0,0.0
7,7,0.0,0.0,0.0625,0.0,0.0,0.0,0.0,0.9375,0.0,0.0,0.0
7,7,0.0,0.0,0.0625,0.0,0.0,0.0,0.0,0.9375,0.0,0.0,0.0
7,7,0.0,0.0,0.0625,0.0,0.0,0.0,0.0,0.9375,0.0,0.0,0.0
7,7,0.0,0.0,0.0625,0.0,0.0,0.0,0.0,0.9375,0.0,0.0,0.0
7,7,0.0,0.0,0.0625,0.0,0.0,0.0,0.0,0.9375,0.0,0.0,0.0
7,7,0.0,0.0,0.0625,0.0,0.0,0.0,0.0,0.9375,0.0,0.0,0.0
7,7,0.0,0.0,0.0625,0.0,0.0,0.0,0.0,0.9375,0.0,0.0,0.0
7,7,0.0,0.0,0.0625,0.0,0.0,0.0,0.0,0.9375,0.0,0.0,0.0
7,7,0.0,0.0,0.0625,0.0,0.0,0.0,0.0,0.9375,0.0,0.0,0.0
7,7,0.0,0.0,0.0625,0.0,0.0,0.0,0.0,0.9375,0.0,0.0,0.0
7,7,0.0,0.0,0.0625,0.0,0.0,0.0,0.0,0.9375,0.0,0.0,0.0
7,7,0.0,0.0,0.0625,0.0,0.0,0.0,0.0,0.9375,0.0,0.0,0.0
7,7,0.0,0.0,0.0625,0.0,0.0,0.0,0.0,0.9375,0.0,0.0,0.0
7,7,0.0,0.0,0.0625,0.0,0.0,0.0,0.0,0.9375,0.0,0.0,0.0
7,7,0.0,0.0,0.0625,0.0,0.0,0.0,0.0,0.9375,0.0,0.0,0.0
7,7,0.0,0.0,0.0625,0.0,0.0,0.0,0.0,0.9375,0.0,0.0,0.0
7,7,0.0,0.0,0.0625,0.0,0.0,0.0,0.0,0.9375,0.0,0.0,0.0
7,7,0.0,0.0,0.0625,0.0,0.0,0.0,0.0,0.9375,0.0,0.0,0.0
7,7,0.0,0.0,0.0625,0.0,0.0,0.0,0.0,0.9375,0.0,0.0,0.0
7,7,0.0,0.0,0.0625,0.0,0.0,0.0,0.0,0.9375,0.0,0.0,0.0
7,7,0.0,0.0,0.0625,0.0,0.0,0.0,0.0,0.9375,0.0,0.0,0.0
7,7,0.0,0.0,0.0625,0.0,0.0,0.0,0.0,0.9375,0.0,0.0,0.0
7,7,0.0,0.0,0.0625,0.0,0.0,0.0,0.0,0.9375,0.0,0.0,0.0
7,7,0.0,0.0,0.0625,0.0,0.0,0.0,0.0,0.9375,0.0,0.0,0.0
7,7,0.0,0.0,0.0625,0.0,0.0,0.0,0.0,0.9375,0.0,0.0,0.0
7,7,0.0,0.0,0.0625,0.0,0.0,0.0,0.0,0.9375,0.0,0.0,0.0
7,7,0.0,0.0,0.0625,0.0,0.0,0.0,0.0,0.9375,0.0,0.0,0.0
7,7,0.0,0.0,0.0625,0.0,0.0,0.0,0.0,0.9375,0.0,0.0,0.0
7,7,0.0,0.0,0.0625,0.0,0.0,0.0,0.0,0.9375,0.0,0.0,0.0
7,7,0.0,0.0,0.0625,0.0,0.0,0.0,0.0,0.9375,0.0,0.0,0.0
7,7,0.0,0.0,0.0625,0.0,0.0,0.0,0.0,0.9375,0.0,0.0,0.0
7,7,0.0,0.0,0.0625,0.0,0.0,0.0,0.0,0.9375,0.0,0.0,0.0
7,7,0.0,0.0,0.0625,0.0,0.0,0.0,0.0,0.9375,0.0,0.0,0.0
7,7,0.0,0.0,0.0625,0.0,0.0,0.0,0.0,0.9375,0.0,0.0,0.0
7,7,0.0,0.0,0.0625,0.0,0.0,0.0,0.0,0.9375,0.0,0.0,0.0
7,7,0.0,0.0,0.0625,0.0,0.0,0.0,0.0,0.9375,0.0,0.0,0.0
7,7,0.0,0.0,0.0625,0.0,0.0,0.0,0.0,0.9375,0.0,0.0,0.0
7,7,0.0,0.0,0.0625,0.0,0.0,0.0,0.0,0.9375,0.0,0.0,0.0
7,7,0.0,0.0,0.0625,0.0,0.0,0.0,0.0,0.9375,0.0,0.0,0.0
7,7,0.0,0.0,0.0625,0.0,0.0,0.0,0.0,0.9375,0.0,0.0,0.0
7,7,0.0,0.0,0.0625,0.0,0.0,0.0,0.0,0.9375,0.0,0.0,0.0
7,7,0.0,0.0,0.0625,0.0,0.0,0.0,0.0,0.9375,0.0,0.0,0.0
7,7,0.0,0.0,0.0625,0.0,0.0,0.0,0.0,0.9375,0.0,0.0,0.0
7,7,0.0,0.0,0.0625,0.0,0.0,0.0,0.0,0.9375,0.0,0.0,0.0
7,7,0.0,0.0,0.0625,0.0,0.0,0.0,0.0,0.9375,0.0,0.0,0.0
7,7,0.0,0.0,0.0625,0.0,0.0,0.0,0.0,0.9375,0.0,0.0,0.0
7,7,0.0,0.0,0.0625,0.0,0.0,0.0,0.0,0.9375,0.0,0.0,0.0
7,7,0.0,0.0,0.0625,0.0,0.0,0.0,0.0,0.9375,0.0,0.0,0.0
7,7,0.0,0.0,0.0625,0.0,0.0,0.0,0.0,0.9375,0.0,0.0,0.0
7,7,0.0,0.0,0.0625,0.0,0.0,0.0,0.0,0.9375,0.0,0.0,0.0
7,7,0.0,0.0,0.0625,0.0,0.0,0.0,0.0,0.9375,0.0,0.0,0.0
7,7,0.0,0.0,0.0625,0.0,0.0,0.0,0.0,0.9375,0.0,0.0,0.0
7,7,0.0,0.0,0.0625,0.0,0.0,0.0,0.0,0.9375,0.0,0.0,0.0
7,7,0.0,0.0,0.0625,0.0,0.0,0.0,0.0,0.9375,0.0,0.0,0.0
7,7,0.0,0.0,0.0625,0.0,0.0,0.0,0.0,0.9375,0.0,0.0,0.0
7,7,0.0,0.0,0.0625,0.0,0.0,0.0,0.0,0.9375,0.0,0.0,0.0
7,7,0.0,0.0,0.0625,0.0,0.0,0.0,0.0,0.9375,0.0,0.0,0.0
7,7,0.0,0.0,0.0625,0.0,0.0,0.0,0.0,0.9375,0.0,0.0,0.0
7,7,0.0,0.0,0.0625,0.0,0.0,0.0,0.0,0.9375,0.0,0.0,0.0
7,7,0.0,0.0,0.0625,0.0,0.0,0.0,0.0,0.9375,0.0,0.0,0.0
7,7,0.0,0.0,0.0625,0.0,0.0,0.0,0.0,0.9375,0.0,0.0,0.0
7,7,0.0,0.0,0.0625,0.0,0.0,0.0,0.0,0.9375,0.0,0.0,0.0
7,7,0.0,0.0,0.0625,0.0,0.0,0.0,0.0,0.9375,0.0,0.0,0.0
7,7,0.0,0.0,0.0625,0.0,0.0,0.0,0.0,0.9375,0.0,0.0,0.0
7,7,0.0,0.0,0.0625,0.0,0.0,0.0,0.0,0.9375,0.0,0.0,0.0
7,7,0.0,0.0,0.0625,0.0,0.0,0.0,0.0,0.9375,0.0,0.0,0.0
7,7,0.0,0.0,0.0625,0.0,0.0,0.0,0.0,0.9375,0.0,0.0,0.0
7,7,0.0,0.0,0.0625,0.0,0.0,0.0,0.0,0.9375,0.0,0.0,0.0
7,7,0.0,0.0,0.0625,0.0,0.0,0.0,0.0,0.9375,0.0,0.0,0.0
7,7,0.0,0.0,0.0625,0.0,0.0,0.0,0.0,0.9375,0.0,0.0,0.0
7,7,0.0,0.0,0.0625,0.0,0.0,0.0,0.0,0.9375,0.0,0.0,0.0
7,7,0.0,0.0,0.0625,0.0,0.0,0.0,0.0,0.9375,0.0,0.0,0.0
7,7,0.0,0.0,0.0625,0.0,0.0,0.0,0.0,0.9375,0.0,0.0,0.0
7,7,0.0,0.0,0.0625,0.0,0.0,0.0,0.0,0.9375,0.0,0.0,0.0
7,7,0.0,0.0,0.0625,0.0,0.0,0.0,0.0,0.9375,0.0,0.0,0.0
7,7,0.0,0.0,0.0625,0.0,0.0,0.0,0.0,0.9375,0.0,0.0,0.0
7,7,0.0,0.0,0.0625,0.0,0.0,0.0,0.0,0.9375,0.0,0.0,0.0
7,7,0.0,0.0,0.0625,0.0,0.0,0.0,0.0,0.9375,0.0,0.0,0.0
7,7,0.0,0.0,0.0625,0.0,0.0,0.0,0.0,0.9375,0.0,0.0,0.0
7,7,0.0,0.0,0.0625,0.0,0.0,0.0,0.0,0.9375,0.0,0.0,0.0
7,7,0.0,0.0,0.0625,0.0,0.0,0.0,0.0,0.9375,0.0,0.0,0.0
7,7,0.0,0.0,0.0625,0.0,0.0,0.0,0.0,0.9375,0.0,0.0,0.0
7,7,0.0,0.0,0.0625,0.0,0.0,0.0,0.0,0.9375,0.0,0.0,0.0
7,7,0.0,0.0,0.0625,0.0,0.0,0.0,0.0,0.9375,0.0,0.0,0.0
7,7,0.0,0.0,0.0625,0.0,0.0,0.0,0.0,0.9375,0.0,0.0,0.0
7,7,0.0,0.0,0.0625,0.0,0.0,0.0,0.0,0.9375,0.0,0.0,0.0
7,7,0.0,0.0,0.0625,0.0,0.0,0.0,0.0,0.9375,0.0,0.0,0.0
7,7,0.0,0.0,0.0625,0.0,0.0,0.0,0.0,0.9375,0.0,0.0,0.0
7,7,0.0,0.0,0.0625,0.0,0.0,0.0,0.0,0.9375,0.0,0.0,0.0
7,7,0.0,0.0,0.0625,0.0,0.0,0.0,0.0,0.9375,0.0,0.0,0.0
7,7,0.0,0.0,0.0625,0.0,0.0,0.0,0.0,0.9375,0.0,0.0,0.0
7,7,0.0,0.0,0.0625,0.0,0.0,0.0,0.0,0.9375,0.0,0.0,0.0
7,7,0.0,0.0,0.0625,0.0,0.0,0.0,0.0,0.9375,0.0,0.0,0.0
7,7,0.0,0.0,0.0625,0.0,0.0,0.0,0.0,0.9375,0.0,0.0,0.0
7,7,0.0,0.0,0.0625,0.0,0.0,0.0,0.0,0.9375,0.0,0.0,0.0
7,7,0.0,0.0,0.0,0.0,0.0,0.0,0.0,1.0,0.0,0.0,0.0
7,7,0.0,0.0,0.0,0.0,0.0,0.0,0.0,1.0,0.0,0.0,0.0
7,7,0.0,0.0,0.0,0.0,0.0,0.0,0.0,1.0,0.0,0.0,0.0
7,7,0.0,0.0,0.0,0.0,0.0,0.0,0.0,1.0,0.0,0.0,0.0
7,7,0.0,0.0,0.0,0.0,0.0,0.0,0.0,1.0,0.0,0.0,0.0
7,7,0.0,0.0,0.0,0.0,0.0,0.0,0.0,1.0,0.0,0.0,0.0
7,7,0.0,0.0,0.0,0.0,0.0,0.0,0.0,1.0,0.0,0.0,0.0
7,7,0.0,0.0,0.0,0.0,0.0,0.0,0.0,1.0,0.0,0.0,0.0
7,7,0.0,0.0,0.0,0.0,0.0,0.0,0.0,1.0,0.0,0.0,0.0
7,7,0.0,0.0,0.0,0.0,0.0,0.0,0.0,1.0,0.0,0.0,0.0
7,7,0.0,0.0,0.0,0.0,0.0,0.0,0.0,1.0,0.0,0.0,0.0
7,7,0.0,0.0,0.0,0.0,0.0,0.0,0.0,1.0,0.0,0.0,0.0
7,7,0.0,0.0,0.0,0.0,0.0,0.0,0.0,1.0,0.0,0.0,0.0
7,7,0.0,0.0,0.0,0.0,0.0,0.0,0.0,1.0,0.0,0.0,0.0
7,7,0.0,0.0,0.0,0.0,0.0,0.0,0.0,1.0,0.0,0.0,0.0
7,7,0.0,0.0,0.0,0.0,0.0,0.0,0.0,1.0,0.0,0.0,0.0
7,7,0.0,0.0,0.0,0.0,0.0,0.0,0.0,1.0,0.0,0.0,0.0
7,7,0.0,0.0,0.0,0.0,0.0,0.0,0.0,1.0,0.0,0.0,0.0
7,7,0.0,0.0,0.0,0.0,0.0,0.0,0.0,1.0,0.0,0.0,0.0
7,7,0.0,0.0,0.0,0.0,0.0,0.0,0.0,1.0,0.0,0.0,0.0
7,7,0.0,0.0,0.0,0.0,0.0,0.0,0.0,1.0,0.0,0.0,0.0
7,7,0.0,0.0,0.0,0.0,0.0,0.0,0.0,1.0,0.0,0.0,0.0
7,7,0.0,0.0,0.0,0.0,0.0,0.0,0.0,1.0,0.0,0.0,0.0
7,7,0.0,0.0,0.0,0.0,0.0,0.0,0.0,1.0,0.0,0.0,0.0
7,7,0.0,0.0,0.0,0.0,0.0,0.0,0.0,1.0,0.0,0.0,0.0
7,7,0.0,0.0,0.0,0.0,0.0,0.0,0.0,1.0,0.0,0.0,0.0
7,7,0.0,0.0,0.0,0.0,0.0,0.0,0.0,1.0,0.0,0.0,0.0
7,7,0.0,0.0,0.0,0.0,0.0,0.0,0.0,1.0,0.0,0.0,0.0
7,7,0.0,0.0,0.0,0.0,0.0,0.0,0.0,1.0,0.0,0.0,0.0
7,7,0.0,0.0,0.0,0.0,0.0,0.0,0.0,1.0,0.0,0.0,0.0
7,7,0.0,0.0,0.0,0.0,0.0,0.0,0.0,1.0,0.0,0.0,0.0
7,7,0.0,0.0,0.0,0.0,0.0,0.0,0.0,1.0,0.0,0.0,0.0
7,7,0.0,0.0,0.0,0.0,0.0,0.0,0.0,1.0,0.0,0.0,0.0
7,7,0.0,0.0,0.0,0.0,0.0,0.0,0.0,1.0,0.0,0.0,0.0
7,7,0.0,0.0,0.0,0.0,0.0,0.0,0.0,1.0,0.0,0.0,0.0
7,7,0.0,0.0,0.0,0.0,0.0,0.0,0.0,1.0,0.0,0.0,0.0
7,7,0.0,0.0,0.0,0.0,0.0,0.0,0.0,1.0,0.0,0.0,0.0
7,7,0.0,0.0,0.0,0.0,0.0,0.0,0.0,1.0,0.0,0.0,0.0
7,7,0.0,0.0,0.0,0.0,0.0,0.0,0.0,1.0,0.0,0.0,0.0
7,7,0.0,0.0,0.0,0.0,0.0,0.0,0.0,1.0,0.0,0.0,0.0
7,7,0.0,0.0,0.0,0.0,0.0,0.0,0.0,1.0,0.0,0.0,0.0
7,7,0.0,0.0,0.0,0.0,0.0,0.0,0.0,1.0,0.0,0.0,0.0
7,7,0.0,0.0,0.0,0.0,0.0,0.0,0.0,1.0,0.0,0.0,0.0
7,7,0.0,0.0,0.0,0.0,0.0,0.0,0.0,1.0,0.0,0.0,0.0
7,7,0.0,0.0,0.0,0.0,0.0,0.0,0.0,1.0,0.0,0.0,0.0
7,7,0.0,0.0,0.0,0.0,0.0,0.0,0.0,1.0,0.0,0.0,0.0
7,7,0.0,0.0,0.0,0.0,0.0,0.0,0.0,1.0,0.0,0.0,0.0
7,7,0.0,0.0,0.0,0.0,0.0,0.0,0.0,1.0,0.0,0.0,0.0
7,7,0.0,0.0,0.0,0.0,0.0,0.0,0.0,1.0,0.0,0.0,0.0
7,7,0.0,0.0,0.0,0.0,0.0,0.0,0.0,1.0,0.0,0.0,0.0
7,7,0.0,0.0,0.0,0.0,0.0,0.0,0.0,1.0,0.0,0.0,0.0
7,7,0.0,0.0,0.0,0.0,0.0,0.0,0.0,1.0,0.0,0.0,0.0
7,7,0.0,0.0,0.0,0.0,0.0,0.0,0.0,1.0,0.0,0.0,0.0
7,7,0.0,0.0,0.0,0.0,0.0,0.0,0.0,1.0,0.0,0.0,0.0
7,7,0.0,0.0,0.0,0.0,0.0,0.0,0.0,1.0,0.0,0.0,0.0
7,7,0.0,0.0,0.0,0.0,0.0,0.0,0.0,1.0,0.0,0.0,0.0
7,7,0.0,0.0,0.0,0.0,0.0,0.0,0.0,1.0,0.0,0.0,0.0
7,7,0.0,0.0,0.0,0.0,0.0,0.0,0.0,1.0,0.0,0.0,0.0
7,7,0.0,0.0,0.0,0.0,0.0,0.0,0.0,1.0,0.0,0.0,0.0
7,7,0.0,0.0,0.0,0.0,0.0,0.0,0.0,1.0,0.0,0.0,0.0
7,7,0.0,0.0,0.0,0.0,0.0,0.0,0.0,1.0,0.0,0.0,0.0
7,7,0.0,0.0,0.0,0.0,0.0,0.0,0.0,1.0,0.0,0.0,0.0
7,7,0.0,0.0,0.0,0.0,0.0,0.0,0.0,1.0,0.0,0.0,0.0
7,7,0.0,0.0,0.0,0.0,0.0,0.0,0.0,1.0,0.0,0.0,0.0
7,7,0.0,0.0,0.0,0.0,0.0,0.0,0.0,1.0,0.0,0.0,0.0
7,7,0.0,0.0,0.0,0.0,0.0,0.0,0.0,1.0,0.0,0.0,0.0
7,7,0.0,0.0,0.0,0.0,0.0,0.0,0.0,1.0,0.0,0.0,0.0
7,7,0.0,0.0,0.0,0.0,0.0,0.0,0.0,1.0,0.0,0.0,0.0
7,7,0.0,0.0,0.0,0.0,0.0,0.0,0.0,1.0,0.0,0.0,0.0
7,7,0.0,0.0,0.0,0.0,0.0,0.0,0.0,1.0,0.0,0.0,0.0
7,7,0.0,0.0,0.0,0.0,0.0,0.0,0.0,1.0,0.0,0.0,0.0
7,7,0.0,0.0,0.0,0.0,0.0,0.0,0.0,1.0,0.0,0.0,0.0
7,7,0.0,0.0,0.0,0.0,0.0,0.0,0.0,1.0,0.0,0.0,0.0
7,7,0.0,0.0,0.0,0.0,0.0,0.0,0.0,1.0,0.0,0.0,0.0
7,7,0.0,0.0,0.0,0.0,0.0,0.0,0.0,1.0,0.0,0.0,0.0
7,7,0.0,0.0,0.0,0.0,0.0,0.0,0.0,1.0,0.0,0.0,0.0
7,7,0.0,0.0,0.0,0.0,0.0,0.0,0.0,1.0,0.0,0.0,0.0
7,7,0.0,0.0,0.0,0.0,0.0,0.0,0.0,1.0,0.0,0.0,0.0
7,7,0.0,0.0,0.0,0.0,0.0,0.0,0.0,1.0,0.0,0.0,0.0
7,7,0.0,0.0,0.0,0.0,0.0,0.0,0.0,1.0,0.0,0.0,0.0
7,7,0.0,0.0,0.0,0.0,0.0,0.0,0.0,1.0,0.0,0.0,0.0
7,7,0.0,0.0,0.0,0.0,0.0,0.0,0.0,1.0,0.0,0.0,0.0
7,7,0.0,0.0,0.0,0.0,0.0,0.0,0.0,1.0,0.0,0.0,0.0
7,7,0.0,0.0,0.0,0.0,0.0,0.0,0.0,1.0,0.0,0.0,0.0
7,7,0.0,0.0,0.0,0.0,0.0,0.0,0.0,1.0,0.0,0.0,0.0
7,7,0.0,0.0,0.0,0.0,0.0,0.0,0.0,1.0,0.0,0.0,0.0
7,7,0.0,0.0,0.0,0.0,0.0,0.0,0.0,1.0,0.0,0.0,0.0
7,7,0.0,0.0,0.0,0.0,0.0,0.0,0.0,1.0,0.0,0.0,0.0
7,7,0.0,0.0,0.0,0.0,0.0,0.0,0.0,1.0,0.0,0.0,0.0
7,7,0.0,0.0,0.0,0.0,0.0,0.0,0.0,1.0,0.0,0.0,0.0
7,7,0.0,0.0,0.0,0.0,0.0,0.0,0.0,1.0,0.0,0.0,0.0
7,7,0.0,0.0,0.0,0.0,0.0,0.0,0.0,1.0,0.0,0.0,0.0
7,7,0.0,0.0,0.0,0.0,0.0,0.0,0.0,1.0,0.0,0.0,0.0
7,7,0.0,0.0,0.0,0.0,0.0,0.0,0.0,1.0,0.0,0.0,0.0
7,7,0.0,0.0,0.0,0.0,0.0,0.0,0.0,1.0,0.0,0.0,0.0
7,7,0.0,0.0,0.0,0.0,0.0,0.0,0.0,1.0,0.0,0.0,0.0
7,7,0.0,0.0,0.0,0.0,0.0,0.0,0.0,1.0,0.0,0.0,0.0
7,7,0.0,0.0,0.0,0.0,0.0,0.0,0.0,1.0,0.0,0.0,0.0
7,7,0.0,0.0,0.0,0.0,0.0,0.0,0.0,1.0,0.0,0.0,0.0
7,7,0.0,0.0,0.0,0.0,0.0,0.0,0.0,1.0,0.0,0.0,0.0
7,7,0.0,0.0,0.0,0.0,0.0,0.0,0.0,1.0,0.0,0.0,0.0
7,7,0.0,0.0,0.0,0.0,0.0,0.0,0.0,1.0,0.0,0.0,0.0
7,7,0.0,0.0,0.0,0.0,0.0,0.0,0.0,1.0,0.0,0.0,0.0
7,7,0.0,0.0,0.0,0.0,0.0,0.0,0.0,1.0,0.0,0.0,0.0
7,7,0.0,0.0,0.0,0.0,0.0,0.0,0.0,1.0,0.0,0.0,0.0
7,7,0.0,0.0,0.0,0.0,0.0,0.0,0.0,1.0,0.0,0.0,0.0
7,7,0.0,0.0,0.0,0.0,0.0,0.0,0.0,1.0,0.0,0.0,0.0
7,7,0.0,0.0,0.0,0.0,0.0,0.0,0.0,1.0,0.0,0.0,0.0
7,7,0.0,0.0,0.0,0.0,0.0,0.0,0.0,1.0,0.0,0.0,0.0
7,7,0.0,0.0,0.0,0.0,0.0,0.0,0.0,1.0,0.0,0.0,0.0
7,7,0.0,0.0,0.0,0.0,0.0,0.0,0.0,1.0,0.0,0.0,0.0
7,7,0.0,0.0,0.0,0.0,0.0,0.0,0.0,1.0,0.0,0.0,0.0
7,7,0.0,0.0,0.0,0.0,0.0,0.0,0.0,1.0,0.0,0.0,0.0
7,7,0.0,0.0,0.0,0.0,0.0,0.0,0.0,1.0,0.0,0.0,0.0
7,7,0.0,0.0,0.0,0.0,0.0,0.0,0.0,1.0,0.0,0.0,0.0
7,7,0.0,0.0,0.0,0.0,0.0,0.0,0.0,1.0,0.0,0.0,0.0
7,7,0.0,0.0,0.0,0.0,0.0,0.0,0.0,1.0,0.0,0.0,0.0
7,7,0.0,0.0,0.0,0.0,0.0,0.0,0.0,1.0,0.0,0.0,0.0
7,7,0.0,0.0,0.0,0.0,0.0,0.0,0.0,1.0,0.0,0.0,0.0
7,7,0.0,0.0,0.0,0.0,0.0,0.0,0.0,1.0,0.0,0.0,0.0
7,7,0.0,0.0,0.0,0.0,0.0,0.0,0.0,1.0,0.0,0.0,0.0
7,7,0.0,0.0,0.0,0.0,0.0,0.0,0.0,1.0,0.0,0.0,0.0
7,7,0.0,0.0,0.0,0.0,0.0,0.0,0.0,1.0,0.0,0.0,0.0
7,7,0.0,0.0,0.0,0.0,0.0,0.0,0.0,1.0,0.0,0.0,0.0
7,7,0.0,0.0,0.0,0.0,0.0,0.0,0.0,1.0,0.0,0.0,0.0
7,7,0.0,0.0,0.0,0.0,0.0,0.0,0.0,1.0,0.0,0.0,0.0
7,7,0.0,0.0,0.0,0.0,0.0,0.0,0.0,1.0,0.0,0.0,0.0
7,7,0.0,0.0,0.0,0.0,0.0,0.0,0.0,1.0,0.0,0.0,0.0
7,7,0.0,0.0,0.0,0.0,0.0,0.0,0.0,1.0,0.0,0.0,0.0
7,7,0.0,0.0,0.0,0.0,0.0,0.0,0.0,1.0,0.0,0.0,0.0
7,7,0.0,0.0,0.0,0.0,0.0,0.0,0.0,1.0,0.0,0.0,0.0
7,7,0.0,0.0,0.0,0.0,0.0,0.0,0.0,1.0,0.0,0.0,0.0
7,7,0.0,0.0,0.0,0.0,0.0,0.0,0.0,1.0,0.0,0.0,0.0
7,7,0.0,0.0,0.0,0.0,0.0,0.0,0.0,1.0,0.0,0.0,0.0
7,7,0.0,0.0,0.0,0.0,0.0,0.0,0.0,1.0,0.0,0.0,0.0
7,7,0.0,0.0,0.0,0.0,0.0,0.0,0.0,1.0,0.0,0.0,0.0
7,7,0.0,0.0,0.0,0.0,0.0,0.0,0.0,1.0,0.0,0.0,0.0
7,7,0.0,0.0,0.0,0.0,0.0,0.0,0.0,1.0,0.0,0.0,0.0
7,7,0.0,0.0,0.0,0.0,0.0,0.0,0.0,1.0,0.0,0.0,0.0
7,7,0.0,0.0,0.0,0.0,0.0,0.0,0.0,1.0,0.0,0.0,0.0
7,7,0.0,0.0,0.0,0.0,0.0,0.0,0.0,1.0,0.0,0.0,0.0
7,7,0.0,0.0,0.0,0.0,0.0,0.0,0.0,1.0,0.0,0.0,0.0
7,7,0.0,0.0,0.0,0.0,0.0,0.0,0.0,1.0,0.0,0.0,0.0
7,7,0.0,0.0,0.0,0.0,0.0,0.0,0.0,1.0,0.0,0.0,0.0
7,7,0.0,0.0,0.0,0.0,0.0,0.0,0.0,1.0,0.0,0.0,0.0
7,7,0.0,0.0,0.0,0.0,0.0,0.0,0.0,1.0,0.0,0.0,0.0
7,7,0.0,0.0,0.0,0.0,0.0,0.0,0.0,1.0,0.0,0.0,0.0
7,7,0.0,0.0,0.0,0.0,0.0,0.0,0.0,1.0,0.0,0.0,0.0
7,7,0.0,0.0,0.0,0.0,0.0,0.0,0.0,1.0,0.0,0.0,0.0
7,7,0.0,0.0,0.0,0.0,0.0,0.0,0.0,1.0,0.0,0.0,0.0
7,7,0.0,0.0,0.0,0.0,0.0,0.0,0.0,1.0,0.0,0.0,0.0
7,7,0.0,0.0,0.0,0.0,0.0,0.0,0.0,1.0,0.0,0.0,0.0
7,7,0.0,0.0,0.0,0.0,0.0,0.0,0.0,1.0,0.0,0.0,0.0
7,7,0.0,0.0,0.0,0.0,0.0,0.0,0.0,1.0,0.0,0.0,0.0
7,7,0.0,0.0,0.0,0.0,0.0,0.0,0.0,1.0,0.0,0.0,0.0
7,7,0.0,0.0,0.0,0.0,0.0,0.0,0.0,1.0,0.0,0.0,0.0
7,7,0.0,0.0,0.0,0.0,0.0,0.0,0.0,1.0,0.0,0.0,0.0
7,7,0.0,0.0,0.0,0.0,0.0,0.0,0.0,1.0,0.0,0.0,0.0
7,7,0.0,0.0,0.0,0.0,0.0,0.0,0.0,1.0,0.0,0.0,0.0
7,7,0.0,0.0,0.0,0.0,0.0,0.0,0.0,1.0,0.0,0.0,0.0
7,7,0.0,0.0,0.0,0.0,0.0,0.0,0.0,1.0,0.0,0.0,0.0
7,7,0.0,0.0,0.0,0.0,0.0,0.0,0.0,1.0,0.0,0.0,0.0
7,7,0.0,0.0,0.0,0.0,0.0,0.0,0.0,1.0,0.0,0.0,0.0
7,7,0.0,0.0,0.0,0.0,0.0,0.0,0.0,1.0,0.0,0.0,0.0
7,7,0.0,0.0,0.0,0.0,0.0,0.0,0.0,1.0,0.0,0.0,0.0
7,7,0.0,0.0,0.0,0.0,0.0,0.0,0.0,1.0,0.0,0.0,0.0
7,7,0.0,0.0,0.0,0.0,0.0,0.0,0.0,1.0,0.0,0.0,0.0
7,7,0.0,0.0,0.0,0.0,0.0,0.0,0.0,1.0,0.0,0.0,0.0
7,7,0.0,0.0,0.0,0.0,0.0,0.0,0.0,1.0,0.0,0.0,0.0
7,7,0.0,0.0,0.0,0.0,0.0,0.0,0.0,1.0,0.0,0.0,0.0
7,7,0.0,0.0,0.0,0.0,0.0,0.0,0.0,1.0,0.0,0.0,0.0
7,7,0.0,0.0,0.0,0.0,0.0,0.0,0.0,1.0,0.0,0.0,0.0
7,7,0.0,0.0,0.0,0.0,0.0,0.0,0.0,1.0,0.0,0.0,0.0
7,7,0.0,0.0,0.0,0.0,0.0,0.0,0.0,1.0,0.0,0.0,0.0
7,7,0.0,0.0,0.0,0.0,0.0,0.0,0.0,1.0,0.0,0.0,0.0
7,7,0.0,0.0,0.0,0.0,0.0,0.0,0.0,1.0,0.0,0.0,0.0
7,7,0.0,0.0,0.0,0.0,0.0,0.0,0.0,1.0,0.0,0.0,0.0
7,7,0.0,0.0,0.0,0.0,0.0,0.0,0.0,1.0,0.0,0.0,0.0
7,7,0.0,0.0,0.0,0.0,0.0,0.0,0.0,1.0,0.0,0.0,0.0
7,7,0.0,0.0,0.0,0.0,0.0,0.0,0.0,1.0,0.0,0.0,0.0
7,7,0.0,0.0,0.0,0.0,0.0,0.0,0.0,1.0,0.0,0.0,0.0
7,7,0.0,0.0,0.0,0.0,0.0,0.0,0.0,1.0,0.0,0.0,0.0
7,7,0.0,0.0,0.0,0.0,0.0,0.0,0.0,1.0,0.0,0.0,0.0
7,7,0.0,0.0,0.0,0.0,0.0,0.0,0.0,1.0,0.0,0.0,0.0
7,7,0.0,0.0,0.0,0.0,0.0,0.0,0.0,1.0,0.0,0.0,0.0
7,7,0.0,0.0,0.0,0.0,0.0,0.0,0.0,1.0,0.0,0.0,0.0
7,7,0.0,0.0,0.0,0.0,0.0,0.0,0.0,1.0,0.0,0.0,0.0
7,7,0.0,0.0,0.0,0.0,0.0,0.0,0.0,1.0,0.0,0.0,0.0
7,7,0.0,0.0,0.0,0.0,0.0,0.0,0.0,1.0,0.0,0.0,0.0
7,7,0.0,0.0,0.0,0.0,0.0,0.0,0.0,1.0,0.0,0.0,0.0
7,7,0.0,0.0,0.0,0.0,0.0,0.0,0.0,1.0,0.0,0.0,0.0
7,7,0.0,0.0,0.0,0.0,0.0,0.0,0.0,1.0,0.0,0.0,0.0
7,7,0.0,0.0,0.0,0.0,0.0,0.0,0.0,1.0,0.0,0.0,0.0
7,7,0.0,0.0,0.0,0.0,0.0,0.0,0.0,1.0,0.0,0.0,0.0
7,7,0.0,0.0,0.0,0.0,0.0,0.0,0.0,1.0,0.0,0.0,0.0
7,7,0.0,0.0,0.0,0.0,0.0,0.0,0.0,1.0,0.0,0.0,0.0
7,7,0.0,0.0,0.0,0.0,0.0,0.0,0.0,1.0,0.0,0.0,0.0
7,7,0.0,0.0,0.0,0.0,0.0,0.0,0.0,1.0,0.0,0.0,0.0
7,7,0.0,0.0,0.0,0.0,0.0,0.0,0.0,1.0,0.0,0.0,0.0
7,7,0.0,0.0,0.0,0.0,0.0,0.0,0.0,1.0,0.0,0.0,0.0
7,7,0.0,0.0,0.0,0.0,0.0,0.0,0.0,1.0,0.0,0.0,0.0
7,7,0.0,0.0,0.0,0.0,0.0,0.0,0.0,1.0,0.0,0.0,0.0
7,7,0.0,0.0,0.0,0.0,0.0,0.0,0.0,1.0,0.0,0.0,0.0
7,7,0.0,0.0,0.0,0.0,0.0,0.0,0.0,1.0,0.0,0.0,0.0
7,7,0.0,0.0,0.0,0.0,0.0,0.0,0.0,1.0,0.0,0.0,0.0
7,7,0.0,0.0,0.0,0.0,0.0,0.0,0.0,1.0,0.0,0.0,0.0
7,7,0.0,0.0,0.0,0.0,0.0,0.0,0.0,1.0,0.0,0.0,0.0
7,7,0.0,0.0,0.0,0.0,0.0,0.0,0.0,1.0,0.0,0.0,0.0
7,7,0.0,0.0,0.0,0.0,0.0,0.0,0.0,1.0,0.0,0.0,0.0
7,7,0.0,0.0,0.0,0.0,0.0,0.0,0.0,1.0,0.0,0.0,0.0
7,7,0.0,0.0,0.0,0.0,0.0,0.0,0.0,1.0,0.0,0.0,0.0
7,7,0.0,0.0,0.0,0.0,0.0,0.0,0.0,1.0,0.0,0.0,0.0
7,7,0.0,0.0,0.0,0.0,0.0,0.0,0.0,1.0,0.0,0.0,0.0
7,7,0.0,0.0,0.0,0.0,0.0,0.0,0.0,1.0,0.0,0.0,0.0
7,7,0.0,0.0,0.0,0.0,0.0,0.0,0.0,1.0,0.0,0.0,0.0
7,7,0.0,0.0,0.0,0.0,0.0,0.0,0.0,1.0,0.0,0.0,0.0
7,7,0.0,0.0,0.0,0.0,0.0,0.0,0.0,1.0,0.0,0.0,0.0
7,7,0.0,0.0,0.0,0.0,0.0,0.0,0.0,1.0,0.0,0.0,0.0
7,7,0.0,0.0,0.0,0.0,0.0,0.0,0.0,1.0,0.0,0.0,0.0
7,7,0.0,0.0,0.0,0.0,0.0,0.0,0.0,1.0,0.0,0.0,0.0
7,7,0.0,0.0,0.0,0.0,0.0,0.0,0.0,1.0,0.0,0.0,0.0
7,7,0.0,0.0,0.0,0.0,0.0,0.0,0.0,1.0,0.0,0.0,0.0
7,7,0.0,0.0,0.0,0.0,0.0,0.0,0.0,1.0,0.0,0.0,0.0
7,7,0.0,0.0,0.0,0.0,0.0,0.0,0.0,1.0,0.0,0.0,0.0
7,7,0.0,0.0,0.0,0.0,0.0,0.0,0.0,1.0,0.0,0.0,0.0
7,7,0.0,0.0,0.0,0.0,0.0,0.0,0.0,1.0,0.0,0.0,0.0
7,7,0.0,0.0,0.0,0.0,0.0,0.0,0.0,1.0,0.0,0.0,0.0
7,7,0.0,0.0,0.0,0.0,0.0,0.0,0.0,1.0,0.0,0.0,0.0
7,7,0.0,0.0,0.0,0.0,0.0,0.0,0.0,1.0,0.0,0.0,0.0
7,7,0.0,0.0,0.0,0.0,0.0,0.0,0.0,1.0,0.0,0.0,0.0
7,7,0.0,0.0,0.0,0.0,0.0,0.0,0.0,1.0,0.0,0.0,0.0
7,7,0.0,0.0,0.0,0.0,0.0,0.0,0.0,1.0,0.0,0.0,0.0
7,7,0.0,0.0,0.0,0.0,0.0,0.0,0.0,1.0,0.0,0.0,0.0
7,7,0.0,0.0,0.0,0.0,0.0,0.0,0.0,1.0,0.0,0.0,0.0
7,7,0.0,0.0,0.0,0.0,0.0,0.0,0.0,1.0,0.0,0.0,0.0
7,7,0.0,0.0,0.0,0.0,0.0,0.0,0.0,1.0,0.0,0.0,0.0
7,7,0.0,0.0,0.0,0.0,0.0,0.0,0.0,1.0,0.0,0.0,0.0
7,7,0.0,0.0,0.0,0.0,0.0,0.0,0.0,1.0,0.0,0.0,0.0
7,7,0.0,0.0,0.0,0.0,0.0,0.0,0.0,1.0,0.0,0.0,0.0
7,7,0.0,0.0,0.0,0.0,0.0,0.0,0.0,1.0,0.0,0.0,0.0
7,7,0.0,0.0,0.0,0.0,0.0,0.0,0.0,1.0,0.0,0.0,0.0
7,7,0.0,0.0,0.0,0.0,0.0,0.0,0.0,1.0,0.0,0.0,0.0
7,7,0.0,0.0,0.0,0.0,0.0,0.0,0.0,1.0,0.0,0.0,0.0
7,7,0.0,0.0,0.0,0.0,0.0,0.0,0.0,1.0,0.0,0.0,0.0
7,7,0.0,0.0,0.0,0.0,0.0,0.0,0.0,1.0,0.0,0.0,0.0
7,7,0.0,0.0,0.0,0.0,0.0,0.0,0.0,1.0,0.0,0.0,0.0
7,7,0.0,0.0,0.0,0.0,0.0,0.0,0.0,1.0,0.0,0.0,0.0
7,7,0.0,0.0,0.0,0.0,0.0,0.0,0.0,1.0,0.0,0.0,0.0
7,7,0.0,0.0,0.0,0.0,0.0,0.0,0.0,1.0,0.0,0.0,0.0
7,7,0.0,0.0,0.0,0.0,0.0,0.0,0.0,1.0,0.0,0.0,0.0
7,7,0.0,0.0,0.0,0.0,0.0,0.0,0.0,1.0,0.0,0.0,0.0
7,7,0.0,0.0,0.0,0.0,0.0,0.0,0.0,1.0,0.0,0.0,0.0
7,7,0.0,0.0,0.0,0.0,0.0,0.0,0.0,1.0,0.0,0.0,0.0
7,7,0.0,0.0,0.0,0.0,0.0,0.0,0.0,1.0,0.0,0.0,0.0
7,7,0.0,0.0,0.0,0.0,0.0,0.0,0.0,1.0,0.0,0.0,0.0
7,7,0.0,0.0,0.0,0.0,0.0,0.0,0.0,1.0,0.0,0.0,0.0
7,7,0.0,0.0,0.0,0.0,0.0,0.0,0.0,1.0,0.0,0.0,0.0
7,7,0.0,0.0,0.0,0.0,0.0,0.0,0.0,1.0,0.0,0.0,0.0
7,7,0.0,0.0,0.0,0.0,0.0,0.0,0.0,1.0,0.0,0.0,0.0
7,7,0.0,0.0,0.0,0.0,0.0,0.0,0.0,1.0,0.0,0.0,0.0
7,7,0.0,0.0,0.0,0.0,0.0,0.0,0.0,1.0,0.0,0.0,0.0
7,7,0.0,0.0,0.0,0.0,0.0,0.0,0.0,1.0,0.0,0.0,0.0
7,7,0.0,0.0,0.0,0.0,0.0,0.0,0.0,1.0,0.0,0.0,0.0
7,7,0.0,0.0,0.0,0.0,0.0,0.0,0.0,1.0,0.0,0.0,0.0
7,7,0.0,0.0,0.0,0.0,0.0,0.0,0.0,1.0,0.0,0.0,0.0
7,7,0.0,0.0,0.0,0.0,0.0,0.0,0.0,1.0,0.0,0.0,0.0
7,7,0.0,0.0,0.0,0.0,0.0,0.0,0.0,1.0,0.0,0.0,0.0
7,7,0.0,0.0,0.0,0.0,0.0,0.0,0.0,1.0,0.0,0.0,0.0
7,7,0.0,0.0,0.0,0.0,0.0,0.0,0.0,1.0,0.0,0.0,0.0
7,7,0.0,0.0,0.0,0.0,0.0,0.0,0.0,1.0,0.0,0.0,0.0
7,7,0.0,0.0,0.0,0.0,0.0,0.0,0.0,1.0,0.0,0.0,0.0
7,7,0.0,0.0,0.0,0.0,0.0,0.0,0.0,1.0,0.0,0.0,0.0
7,7,0.0,0.0,0.0,0.0,0.0,0.0,0.0,1.0,0.0,0.0,0.0
7,7,0.0,0.0,0.0,0.0,0.0,0.0,0.0,1.0,0.0,0.0,0.0
7,7,0.0,0.0,0.0,0.0,0.0,0.0,0.0,1.0,0.0,0.0,0.0
7,7,0.0,0.0,0.0,0.0,0.0,0.0,0.0,1.0,0.0,0.0,0.0
7,7,0.0,0.0,0.0,0.0,0.0,0.0,0.0,1.0,0.0,0.0,0.0
7,7,0.0,0.0,0.0,0.0,0.0,0.0,0.0,1.0,0.0,0.0,0.0
7,7,0.0,0.0,0.0,0.0,0.0,0.0,0.0,1.0,0.0,0.0,0.0
7,7,0.0,0.0,0.0,0.0,0.0,0.0,0.0,1.0,0.0,0.0,0.0
7,7,0.0,0.0,0.0,0.0,0.0,0.0,0.0,1.0,0.0,0.0,0.0
7,7,0.0,0.0,0.0,0.0,0.0,0.0,0.0,1.0,0.0,0.0,0.0
7,7,0.0,0.0,0.0,0.0,0.0,0.0,0.0,1.0,0.0,0.0,0.0
7,7,0.0,0.0,0.0,0.0,0.0,0.0,0.0,1.0,0.0,0.0,0.0
7,7,0.0,0.0,0.0,0.0,0.0,0.0,0.0,1.0,0.0,0.0,0.0
7,7,0.0,0.0,0.0,0.0,0.0,0.0,0.0,1.0,0.0,0.0,0.0
7,7,0.0,0.0,0.0,0.0,0.0,0.0,0.0,1.0,0.0,0.0,0.0
7,7,0.0,0.0,0.0,0.0,0.0,0.0,0.0,1.0,0.0,0.0,0.0
7,7,0.0,0.0,0.0,0.0,0.0,0.0,0.0,1.0,0.0,0.0,0.0
7,7,0.0,0.0,0.0,0.0,0.0,0.0,0.0,1.0,0.0,0.0,0.0
7,7,0.0,0.0,0.0,0.0,0.0,0.0,0.0,1.0,0.0,0.0,0.0
7,7,0.0,0.0,0.0,0.0,0.0,0.0,0.0,1.0,0.0,0.0,0.0
7,7,0.0,0.0,0.0,0.0,0.0,0.0,0.0,1.0,0.0,0.0,0.0
7,7,0.0,0.0,0.0,0.0,0.0,0.0,0.0,1.0,0.0,0.0,0.0
7,7,0.0,0.0,0.0,0.0,0.0,0.0,0.0,1.0,0.0,0.0,0.0
7,7,0.0,0.0,0.0,0.0,0.0,0.0,0.0,1.0,0.0,0.0,0.0
7,7,0.0,0.0,0.0,0.0,0.0,0.0,0.0,1.0,0.0,0.0,0.0
7,7,0.0,0.0,0.0,0.0,0.0,0.0,0.0,1.0,0.0,0.0,0.0
7,7,0.0,0.0,0.0,0.0,0.0,0.0,0.0,1.0,0.0,0.0,0.0
7,7,0.0,0.0,0.0,0.0,0.0,0.0,0.0,1.0,0.0,0.0,0.0
7,7,0.0,0.0,0.0,0.0,0.0,0.0,0.0,1.0,0.0,0.0,0.0
7,7,0.0,0.0,0.0,0.0,0.0,0.0,0.0,1.0,0.0,0.0,0.0
7,7,0.0,0.0,0.0,0.0,0.0,0.0,0.0,1.0,0.0,0.0,0.0
7,7,0.0,0.0,0.0,0.0,0.0,0.0,0.0,1.0,0.0,0.0,0.0
7,7,0.0,0.0,0.0,0.0,0.0,0.0,0.0,1.0,0.0,0.0,0.0
7,7,0.0,0.0,0.0,0.0,0.0,0.0,0.0,1.0,0.0,0.0,0.0
7,7,0.0,0.0,0.0,0.0,0.0,0.0,0.0,1.0,0.0,0.0,0.0
7,7,0.0,0.0,0.0,0.0,0.0,0.0,0.0,1.0,0.0,0.0,0.0
7,7,0.0,0.0,0.0,0.0,0.0,0.0,0.0,1.0,0.0,0.0,0.0
7,7,0.0,0.0,0.0,0.0,0.0,0.0,0.0,1.0,0.0,0.0,0.0
7,7,0.0,0.0,0.0,0.0,0.0,0.0,0.0,1.0,0.0,0.0,0.0
7,7,0.0,0.0,0.0,0.0,0.0,0.0,0.0,1.0,0.0,0.0,0.0
7,7,0.0,0.0,0.0,0.0,0.0,0.0,0.0,1.0,0.0,0.0,0.0
7,7,0.0,0.0,0.0,0.0,0.0,0.0,0.0,1.0,0.0,0.0,0.0
7,7,0.0,0.0,0.0,0.0,0.0,0.0,0.0,1.0,0.0,0.0,0.0
7,7,0.0,0.0,0.0,0.0,0.0,0.0,0.0,1.0,0.0,0.0,0.0
7,7,0.0,0.0,0.0,0.0,0.0,0.0,0.0,1.0,0.0,0.0,0.0
7,7,0.0,0.0,0.0,0.0,0.0,0.0,0.0,1.0,0.0,0.0,0.0
7,7,0.0,0.0,0.0,0.0,0.0,0.0,0.0,1.0,0.0,0.0,0.0
7,7,0.0,0.0,0.0,0.0,0.0,0.0,0.0,1.0,0.0,0.0,0.0
7,7,0.0,0.0,0.0,0.0,0.0,0.0,0.0,1.0,0.0,0.0,0.0
7,7,0.0,0.0,0.0,0.0,0.0,0.0,0.0,1.0,0.0,0.0,0.0
7,7,0.0,0.0,0.0,0.0,0.0,0.0,0.0,1.0,0.0,0.0,0.0
7,7,0.0,0.0,0.0,0.0,0.0,0.0,0.0,1.0,0.0,0.0,0.0
7,7,0.0,0.0,0.0,0.0,0.0,0.0,0.0,1.0,0.0,0.0,0.0
7,7,0.0,0.0,0.0,0.0,0.0,0.0,0.0,1.0,0.0,0.0,0.0
7,7,0.0,0.0,0.0,0.0,0.0,0.0,0.0,1.0,0.0,0.0,0.0
7,7,0.0,0.0,0.0,0.0,0.0,0.0,0.0,1.0,0.0,0.0,0.0
7,7,0.0,0.0,0.0,0.0,0.0,0.0,0.0,1.0,0.0,0.0,0.0
7,7,0.0,0.0,0.0,0.0,0.0,0.0,0.0,1.0,0.0,0.0,0.0
7,7,0.0,0.0,0.0,0.0,0.0,0.0,0.0,1.0,0.0,0.0,0.0
7,7,0.0,0.0,0.0,0.0,0.0,0.0,0.0,1.0,0.0,0.0,0.0
7,7,0.0,0.0,0.0,0.0,0.0,0.0,0.0,1.0,0.0,0.0,0.0
7,7,0.0,0.0,0.0,0.0,0.0,0.0,0.0,1.0,0.0,0.0,0.0
7,7,0.0,0.0,0.0,0.0,0.0,0.0,0.0,1.0,0.0,0.0,0.0
7,7,0.0,0.0,0.0,0.0,0.0,0.0,0.0,1.0,0.0,0.0,0.0
7,7,0.0,0.0,0.0,0.0,0.0,0.0,0.0,1.0,0.0,0.0,0.0
7,7,0.0,0.0,0.0,0.0,0.0,0.0,0.0,1.0,0.0,0.0,0.0
7,7,0.0,0.0,0.0,0.0,0.0,0.0,0.0,1.0,0.0,0.0,0.0
7,7,0.0,0.0,0.0,0.0,0.0,0.0,0.0,1.0,0.0,0.0,0.0
7,7,0.0,0.0,0.0,0.0,0.0,0.0,0.0,1.0,0.0,0.0,0.0
7,7,0.0,0.0,0.0,0.0,0.0,0.0625,0.0,0.9375,0.0,0.0,0.0
7,7,0.0,0.0,0.0,0.0,0.0,0.0625,0.0,0.9375,0.0,0.0,0.0
7,7,0.0,0.0,0.0,0.0,0.0,0.0625,0.0,0.9375,0.0,0.0,0.0
7,7,0.0,0.0,0.0,0.0,0.0,0.0625,0.0,0.9375,0.0,0.0,0.0
7,7,0.0,0.0,0.0,0.0,0.0,0.0625,0.0,0.9375,0.0,0.0,0.0
7,7,0.0,0.0,0.0,0.0,0.0,0.0625,0.0,0.9375,0.0,0.0,0.0
7,7,0.0,0.0,0.0,0.0,0.0,0.0625,0.0,0.9375,0.0,0.0,0.0
7,7,0.0,0.0,0.0,0.0,0.0,0.0625,0.0,0.9375,0.0,0.0,0.0
7,7,0.0,0.0,0.0,0.0,0.0,0.0625,0.0,0.9375,0.0,0.0,0.0
7,7,0.0,0.0,0.0,0.0,0.0,0.0625,0.0,0.9375,0.0,0.0,0.0
7,7,0.0,0.0,0.0,0.0,0.0,0.0625,0.0,0.9375,0.0,0.0,0.0
7,7,0.0,0.0,0.0,0.0,0.0,0.0625,0.0,0.9375,0.0,0.0,0.0
7,7,0.0,0.0,0.0,0.0,0.0,0.0625,0.0,0.9375,0.0,0.0,0.0
7,7,0.0,0.0,0.0,0.0,0.0,0.0625,0.0,0.9375,0.0,0.0,0.0
7,7,0.0,0.0,0.0,0.0,0.0,0.0625,0.0,0.9375,0.0,0.0,0.0
7,7,0.0,0.0,0.0,0.0,0.0,0.0625,0.0,0.9375,0.0,0.0,0.0
7,7,0.0,0.0,0.0,0.0,0.0,0.0625,0.0,0.9375,0.0,0.0,0.0
7,7,0.0,0.0,0.0,0.0,0.0,0.0625,0.0,0.9375,0.0,0.0,0.0
7,7,0.0,0.0,0.0,0.0,0.0,0.0625,0.0,0.9375,0.0,0.0,0.0
7,7,0.0,0.0,0.0,0.0,0.0,0.0625,0.0,0.9375,0.0,0.0,0.0
7,7,0.0,0.0,0.0,0.0,0.0,0.0625,0.0,0.9375,0.0,0.0,0.0
7,7,0.0,0.0,0.0,0.0,0.0,0.0625,0.0,0.9375,0.0,0.0,0.0
7,7,0.0,0.0,0.0,0.0,0.0,0.0625,0.0,0.9375,0.0,0.0,0.0
7,7,0.0,0.0,0.0,0.0,0.0,0.0625,0.0,0.9375,0.0,0.0,0.0
7,7,0.0,0.0,0.0,0.0,0.0,0.0625,0.0,0.9375,0.0,0.0,0.0
7,7,0.0,0.0,0.0,0.0,0.0,0.0625,0.0,0.9375,0.0,0.0,0.0
7,7,0.0,0.0,0.0,0.0,0.0,0.0625,0.0,0.9375,0.0,0.0,0.0
7,7,0.0,0.0,0.0,0.0,0.0,0.0625,0.0,0.9375,0.0,0.0,0.0
7,7,0.0,0.0,0.0,0.0,0.0,0.0625,0.0,0.9375,0.0,0.0,0.0
7,7,0.0,0.0,0.0,0.0,0.0,0.0625,0.0,0.9375,0.0,0.0,0.0
7,7,0.0,0.0,0.0,0.0,0.0,0.0625,0.0,0.9375,0.0,0.0,0.0
7,7,0.0,0.0,0.0,0.0,0.0,0.0625,0.0,0.9375,0.0,0.0,0.0
7,7,0.0,0.0,0.0,0.0,0.0,0.0625,0.0,0.9375,0.0,0.0,0.0
7,7,0.0,0.0,0.0,0.0,0.0,0.0625,0.0,0.9375,0.0,0.0,0.0
7,7,0.0,0.0,0.0,0.0,0.0,0.0625,0.0,0.9375,0.0,0.0,0.0
7,7,0.0,0.0,0.0,0.0,0.0,0.0625,0.0,0.9375,0.0,0.0,0.0
7,7,0.0,0.0,0.0,0.0,0.0,0.0625,0.0,0.9375,0.0,0.0,0.0
7,7,0.0,0.0,0.0,0.0,0.0,0.0625,0.0,0.9375,0.0,0.0,0.0
7,7,0.0,0.0,0.0,0.0,0.0,0.0625,0.0,0.9375,0.0,0.0,0.0
7,7,0.0,0.0,0.0,0.0,0.0,0.0625,0.0,0.9375,0.0,0.0,0.0
7,7,0.0,0.0,0.0,0.0,0.0,0.0625,0.0,0.9375,0.0,0.0,0.0
7,7,0.0,0.0,0.0,0.0,0.0,0.0625,0.0,0.9375,0.0,0.0,0.0
7,7,0.0,0.0,0.0,0.0,0.0,0.0625,0.0,0.9375,0.0,0.0,0.0
7,7,0.0,0.0,0.0,0.0,0.0,0.0625,0.0,0.9375,0.0,0.0,0.0
7,7,0.0,0.0,0.0,0.0,0.0,0.0625,0.0,0.9375,0.0,0.0,0.0
7,7,0.0,0.0,0.0,0.0,0.0,0.0625,0.0,0.9375,0.0,0.0,0.0
7,7,0.0,0.0,0.0,0.0,0.0,0.0625,0.0,0.9375,0.0,0.0,0.0
7,7,0.0,0.0,0.0,0.0,0.0,0.0625,0.0,0.9375,0.0,0.0,0.0
7,7,0.0,0.0,0.0,0.0,0.0,0.0625,0.0,0.9375,0.0,0.0,0.0
7,7,0.0,0.0,0.0,0.0,0.0,0.0625,0.0,0.9375,0.0,0.0,0.0
7,7,0.0,0.0,0.0,0.0,0.0,0.0625,0.0,0.9375,0.0,0.0,0.0
7,7,0.0,0.0,0.0,0.0,0.0,0.0625,0.0,0.9375,0.0,0.0,0.0
7,7,0.0,0.0,0.0,0.0,0.0,0.0625,0.0,0.9375,0.0,0.0,0.0
7,7,0.0,0.0,0.0,0.0,0.0,0.0625,0.0,0.9375,0.0,0.0,0.0
7,7,0.0,0.0,0.0,0.0,0.0,0.0625,0.0,0.9375,0.0,0.0,0.0
7,7,0.0,0.0,0.0,0.0,0.0,0.0625,0.0,0.9375,0.0,0.0,0.0
7,7,0.0,0.0,0.0,0.0,0.0,0.0625,0.0,0.9375,0.0,0.0,0.0
7,7,0.0,0.0,0.0,0.0,0.0,0.0625,0.0,0.9375,0.0,0.0,0.0
7,7,0.0,0.0,0.0,0.0,0.0,0.0625,0.0,0.9375,0.0,0.0,0.0
7,7,0.0,0.0,0.0,0.0,0.0,0.0625,0.0,0.9375,0.0,0.0,0.0
7,7,0.0,0.0,0.0,0.0,0.0,0.0625,0.0,0.9375,0.0,0.0,0.0
7,7,0.0,0.0,0.0,0.0,0.0,0.0625,0.0,0.9375,0.0,0.0,0.0
7,7,0.0,0.0,0.0,0.0,0.0,0.0625,0.0,0.9375,0.0,0.0,0.0
7,7,0.0,0.0,0.0,0.0,0.0,0.0625,0.0,0.9375,0.0,0.0,0.0
7,7,0.0,0.0,0.0,0.0,0.0,0.0625,0.0,0.9375,0.0,0.0,0.0
7,7,0.0,0.0,0.0,0.0,0.0,0.0625,0.0,0.9375,0.0,0.0,0.0
7,7,0.0,0.0,0.0,0.0,0.0,0.0625,0.0,0.9375,0.0,0.0,0.0
7,7,0.0,0.0,0.0,0.0,0.0,0.0625,0.0,0.9375,0.0,0.0,0.0
7,7,0.0,0.0,0.0,0.0,0.0,0.0625,0.0,0.9375,0.0,0.0,0.0
7,7,0.0,0.0,0.0,0.0,0.0,0.0625,0.0,0.9375,0.0,0.0,0.0
7,7,0.0,0.0,0.0,0.0,0.0,0.0625,0.0,0.9375,0.0,0.0,0.0
7,7,0.0,0.0,0.0,0.0,0.0,0.0625,0.0,0.9375,0.0,0.0,0.0
7,7,0.0,0.0,0.0,0.0,0.0,0.0625,0.0,0.9375,0.0,0.0,0.0
7,7,0.0,0.0,0.0,0.0,0.0,0.0625,0.0,0.9375,0.0,0.0,0.0
7,7,0.0,0.0,0.0,0.0,0.0,0.0625,0.0,0.9375,0.0,0.0,0.0
7,7,0.0,0.0,0.0,0.0,0.0,0.0625,0.0,0.9375,0.0,0.0,0.0
7,7,0.0,0.0,0.0,0.0,0.0,0.0625,0.0,0.9375,0.0,0.0,0.0
7,7,0.0,0.0,0.0,0.0,0.0,0.0625,0.0,0.9375,0.0,0.0,0.0
7,7,0.0,0.0,0.0,0.0,0.0,0.0625,0.0,0.9375,0.0,0.0,0.0
7,7,0.0,0.0,0.0,0.0,0.0,0.0625,0.0,0.9375,0.0,0.0,0.0
7,7,0.0,0.0,0.0,0.0,0.0,0.0625,0.0,0.9375,0.0,0.0,0.0
7,7,0.0,0.0,0.0,0.0,0.0,0.0625,0.0,0.9375,0.0,0.0,0.0
7,7,0.0,0.0,0.0,0.0,0.0,0.0625,0.0,0.9375,0.0,0.0,0.0
7,7,0.0,0.0,0.0,0.0,0.0,0.0625,0.0,0.9375,0.0,0.0,0.0
7,7,0.0,0.0,0.0,0.0,0.0,0.0625,0.0,0.9375,0.0,0.0,0.0
7,7,0.0,0.0,0.0,0.0,0.0,0.0625,0.0,0.9375,0.0,0.0,0.0
7,7,0.0,0.0,0.0,0.0,0.0,0.0625,0.0,0.9375,0.0,0.0,0.0
7,7,0.0,0.0,0.0,0.0,0.0,0.0625,0.0,0.9375,0.0,0.0,0.0
7,7,0.0,0.0,0.0,0.0,0.0,0.0625,0.0,0.9375,0.0,0.0,0.0
7,7,0.0,0.0,0.0,0.0,0.0,0.0625,0.0,0.9375,0.0,0.0,0.0
7,7,0.0,0.0,0.0,0.0,0.0,0.0625,0.0,0.9375,0.0,0.0,0.0
7,7,0.0,0.0,0.0,0.0,0.0,0.0625,0.0,0.9375,0.0,0.0,0.0
7,7,0.0,0.0,0.0,0.0,0.0,0.0625,0.0,0.9375,0.0,0.0,0.0
7,7,0.0,0.0,0.0,0.0,0.0,0.0625,0.0,0.9375,0.0,0.0,0.0
7,7,0.0,0.0,0.0,0.0,0.0,0.0625,0.0,0.9375,0.0,0.0,0.0
7,7,0.0,0.0,0.0,0.0,0.0,0.0625,0.0,0.9375,0.0,0.0,0.0
7,7,0.0,0.0,0.0,0.0,0.0,0.0625,0.0,0.9375,0.0,0.0,0.0
7,7,0.0,0.0,0.0,0.0,0.0,0.0625,0.0,0.9375,0.0,0.0,0.0
7,7,0.0,0.0,0.0,0.0,0.0,0.0625,0.0,0.9375,0.0,0.0,0.0
7,7,0.0,0.0,0.0,0.0,0.0,0.0625,0.0,0.9375,0.0,0.0,0.0
7,7,0.0,0.0,0.0,0.0,0.0,0.0625,0.0,0.9375,0.0,0.0,0.0
7,7,0.0,0.0,0.0,0.0,0.0,0.0625,0.0,0.9375,0.0,0.0,0.0
7,7,0.0,0.0,0.0,0.0,0.0,0.0625,0.0,0.9375,0.0,0.0,0.0
7,7,0.0,0.0,0.0,0.0,0.0,0.0625,0.0,0.9375,0.0,0.0,0.0
7,7,0.0,0.0,0.0,0.0,0.0,0.0625,0.0,0.9375,0.0,0.0,0.0
7,7,0.0,0.0,0.0,0.0,0.0,0.0625,0.0,0.9375,0.0,0.0,0.0
7,7,0.0,0.0,0.0,0.0,0.0,0.0625,0.0,0.9375,0.0,0.0,0.0
7,7,0.0,0.0,0.0,0.0,0.0,0.0625,0.0,0.9375,0.0,0.0,0.0
7,7,0.0,0.0,0.0,0.0,0.0,0.0625,0.0,0.9375,0.0,0.0,0.0
7,7,0.0,0.0,0.0,0.0,0.0,0.0625,0.0,0.9375,0.0,0.0,0.0
7,7,0.0,0.0,0.0,0.0,0.0,0.0625,0.0,0.9375,0.0,0.0,0.0
7,7,0.0,0.0,0.0,0.0,0.0,0.0625,0.0,0.9375,0.0,0.0,0.0
7,7,0.0,0.0,0.0,0.0,0.0,0.0625,0.0,0.9375,0.0,0.0,0.0
7,7,0.0,0.0,0.0,0.0,0.0,0.0625,0.0,0.9375,0.0,0.0,0.0
7,7,0.0,0.0,0.0,0.0,0.0,0.0625,0.0,0.9375,0.0,0.0,0.0
7,7,0.0,0.0,0.0,0.0,0.0,0.0625,0.0,0.9375,0.0,0.0,0.0
7,7,0.0,0.0,0.0,0.0,0.0,0.0625,0.0,0.9375,0.0,0.0,0.0
7,7,0.0,0.0,0.0,0.0,0.0,0.0625,0.0,0.9375,0.0,0.0,0.0
7,7,0.0,0.0,0.0,0.0,0.0,0.0625,0.0,0.9375,0.0,0.0,0.0
7,7,0.0,0.0,0.0,0.0,0.0,0.0625,0.0,0.9375,0.0,0.0,0.0
7,7,0.0,0.0,0.0,0.0,0.0,0.0625,0.0,0.9375,0.0,0.0,0.0
7,7,0.0,0.0,0.0,0.0,0.0,0.0625,0.0,0.9375,0.0,0.0,0.0
7,7,0.0,0.0,0.0,0.0,0.0,0.0625,0.0,0.9375,0.0,0.0,0.0
7,7,0.0,0.0,0.0,0.0,0.0,0.0625,0.0,0.9375,0.0,0.0,0.0
7,7,0.0,0.0,0.0,0.0,0.0,0.0625,0.0,0.9375,0.0,0.0,0.0
7,7,0.0,0.0,0.0,0.0,0.0,0.0625,0.0,0.9375,0.0,0.0,0.0
7,7,0.0,0.0,0.0,0.0,0.0,0.0625,0.0,0.9375,0.0,0.0,0.0
7,7,0.0,0.0,0.0,0.0,0.0,0.0625,0.0,0.9375,0.0,0.0,0.0
7,7,0.0,0.0,0.0,0.0,0.0,0.0625,0.0,0.9375,0.0,0.0,0.0
7,7,0.0,0.0,0.0,0.0,0.0,0.0625,0.0,0.9375,0.0,0.0,0.0
7,7,0.0,0.0,0.0,0.0,0.0,0.0625,0.0,0.9375,0.0,0.0,0.0
7,7,0.0,0.0,0.0,0.0,0.0,0.0625,0.0,0.9375,0.0,0.0,0.0
7,7,0.0,0.0,0.0,0.0,0.0,0.0625,0.0,0.9375,0.0,0.0,0.0
7,7,0.0,0.0,0.0,0.0,0.0,0.0625,0.0,0.9375,0.0,0.0,0.0
7,7,0.0,0.0,0.0,0.0,0.0,0.0625,0.0,0.9375,0.0,0.0,0.0
7,7,0.0,0.0,0.0,0.0,0.0,0.0625,0.0,0.9375,0.0,0.0,0.0
7,7,0.0,0.0,0.0,0.0,0.0,0.0625,0.0,0.9375,0.0,0.0,0.0
7,7,0.0,0.0,0.0,0.0,0.0,0.0625,0.0,0.9375,0.0,0.0,0.0
7,7,0.0,0.0,0.0,0.0,0.0,0.0625,0.0,0.9375,0.0,0.0,0.0
7,7,0.0,0.0,0.0,0.0,0.0,0.0625,0.0,0.9375,0.0,0.0,0.0
7,7,0.0,0.0,0.0,0.0,0.0,0.0625,0.0,0.9375,0.0,0.0,0.0
7,7,0.0,0.0,0.0,0.0,0.0,0.0625,0.0,0.9375,0.0,0.0,0.0
7,7,0.0,0.0,0.0,0.0,0.0,0.0625,0.0,0.9375,0.0,0.0,0.0
7,7,0.0,0.0,0.0,0.0,0.0,0.0625,0.0,0.9375,0.0,0.0,0.0
7,7,0.0,0.0,0.0,0.0,0.0,0.0625,0.0,0.9375,0.0,0.0,0.0
7,7,0.0,0.0,0.0,0.0,0.0,0.0625,0.0,0.9375,0.0,0.0,0.0
7,7,0.0,0.0,0.0,0.0,0.0,0.0625,0.0,0.9375,0.0,0.0,0.0
7,7,0.0,0.0,0.0,0.0,0.0,0.0625,0.0,0.9375,0.0,0.0,0.0
7,7,0.0,0.0,0.0,0.0,0.0,0.0625,0.0,0.9375,0.0,0.0,0.0
7,7,0.0,0.0,0.0,0.0,0.0,0.0625,0.0,0.9375,0.0,0.0,0.0
7,7,0.0,0.0,0.0,0.0,0.0,0.0625,0.0,0.9375,0.0,0.0,0.0
7,7,0.0,0.0,0.0,0.0,0.0,0.0625,0.0,0.9375,0.0,0.0,0.0
7,7,0.0,0.0,0.0,0.0,0.0,0.0625,0.0,0.9375,0.0,0.0,0.0
7,7,0.0,0.0,0.0,0.0,0.0,0.0625,0.0,0.9375,0.0,0.0,0.0
7,7,0.0,0.0,0.0,0.0,0.0,0.0625,0.0,0.9375,0.0,0.0,0.0
7,7,0.0,0.0,0.0,0.0,0.0,0.0625,0.0,0.9375,0.0,0.0,0.0
7,7,0.0,0.0,0.0,0.0,0.0,0.0625,0.0,0.9375,0.0,0.0,0.0
7,7,0.0,0.0,0.0,0.0,0.0,0.0625,0.0,0.9375,0.0,0.0,0.0
7,7,0.0,0.0,0.0,0.0,0.0,0.0625,0.0,0.9375,0.0,0.0,0.0
7,7,0.0,0.0,0.0,0.0,0.0,0.0625,0.0,0.9375,0.0,0.0,0.0
7,7,0.0,0.0,0.0,0.0,0.0,0.0625,0.0,0.9375,0.0,0.0,0.0
7,7,0.0,0.0,0.0,0.0,0.0,0.0625,0.0,0.9375,0.0,0.0,0.0
7,7,0.0,0.0,0.0,0.0,0.0,0.0625,0.0,0.9375,0.0,0.0,0.0
7,7,0.0,0.0,0.0,0.0,0.0,0.0625,0.0,0.9375,0.0,0.0,0.0
7,7,0.0,0.0,0.0,0.0,0.0,0.0625,0.0,0.9375,0.0,0.0,0.0
7,7,0.0,0.0,0.0,0.0,0.0,0.0625,0.0,0.9375,0.0,0.0,0.0
7,7,0.0,0.0,0.0,0.0,0.0,0.0625,0.0,0.9375,0.0,0.0,0.0
7,7,0.0,0.0,0.0,0.0,0.0,0.0625,0.0,0.9375,0.0,0.0,0.0
7,7,0.0,0.0,0.0,0.0,0.0,0.0625,0.0,0.9375,0.0,0.0,0.0
7,7,0.0,0.0,0.0,0.0,0.0,0.0625,0.0,0.9375,0.0,0.0,0.0
7,7,0.0,0.0,0.0,0.0,0.0,0.0625,0.0,0.9375,0.0,0.0,0.0
7,7,0.0,0.0,0.0,0.0,0.0,0.0625,0.0,0.9375,0.0,0.0,0.0
7,7,0.0,0.0,0.0,0.0,0.0,0.0625,0.0,0.9375,0.0,0.0,0.0
7,7,0.0,0.0,0.0,0.0,0.0,0.0625,0.0,0.9375,0.0,0.0,0.0
7,7,0.0,0.0,0.0,0.0,0.0,0.0625,0.0,0.9375,0.0,0.0,0.0
7,7,0.0,0.0,0.0,0.0,0.0,0.0625,0.0,0.9375,0.0,0.0,0.0
7,7,0.0,0.0,0.0,0.0,0.0,0.0625,0.0,0.9375,0.0,0.0,0.0
7,7,0.0,0.0,0.0,0.0,0.0,0.0625,0.0,0.9375,0.0,0.0,0.0
7,7,0.0,0.0,0.0,0.0,0.0,0.0625,0.0,0.9375,0.0,0.0,0.0
7,7,0.0,0.0,0.0,0.0,0.0,0.0625,0.0,0.9375,0.0,0.0,0.0
7,7,0.0,0.0,0.0,0.0,0.0,0.0625,0.0,0.9375,0.0,0.0,0.0
7,7,0.0,0.0,0.0,0.0,0.0,0.0625,0.0,0.9375,0.0,0.0,0.0
7,7,0.0,0.0,0.0,0.0,0.0,0.0625,0.0,0.9375,0.0,0.0,0.0
7,7,0.0,0.0,0.0,0.0,0.0,0.0625,0.0,0.9375,0.0,0.0,0.0
7,7,0.0,0.0,0.0,0.0,0.0,0.0625,0.0,0.9375,0.0,0.0,0.0
7,7,0.0,0.0,0.0,0.0,0.0,0.0625,0.0,0.9375,0.0,0.0,0.0
7,7,0.0,0.0,0.0,0.0,0.0,0.0625,0.0,0.9375,0.0,0.0,0.0
7,7,0.0,0.0,0.0,0.0,0.0,0.0625,0.0,0.9375,0.0,0.0,0.0
7,7,0.0,0.0,0.0,0.0,0.0,0.0625,0.0,0.9375,0.0,0.0,0.0
7,7,0.0,0.0,0.0,0.0,0.0,0.0625,0.0,0.9375,0.0,0.0,0.0
7,7,0.0,0.0,0.0,0.0,0.0,0.0625,0.0,0.9375,0.0,0.0,0.0
7,7,0.0,0.0,0.0,0.0,0.0,0.0625,0.0,0.9375,0.0,0.0,0.0
7,7,0.0,0.0,0.0,0.0,0.0,0.0625,0.0,0.9375,0.0,0.0,0.0
7,7,0.0,0.0,0.0,0.0,0.0,0.0625,0.0,0.9375,0.0,0.0,0.0
7,7,0.0,0.0,0.0,0.0,0.0,0.0625,0.0,0.9375,0.0,0.0,0.0
7,7,0.0,0.0,0.0,0.0,0.0,0.0625,0.0,0.9375,0.0,0.0,0.0
7,7,0.0,0.0,0.0,0.0,0.0,0.0625,0.0,0.9375,0.0,0.0,0.0
7,7,0.0,0.0,0.0,0.0,0.0,0.0625,0.0,0.9375,0.0,0.0,0.0
7,7,0.0,0.0,0.0,0.0,0.0,0.0625,0.0,0.9375,0.0,0.0,0.0
7,7,0.0,0.0,0.0,0.0,0.0,0.0625,0.0,0.9375,0.0,0.0,0.0
7,7,0.0,0.0,0.0,0.0,0.0,0.0625,0.0,0.9375,0.0,0.0,0.0
7,7,0.0,0.0,0.0,0.0,0.0,0.0625,0.0,0.9375,0.0,0.0,0.0
7,7,0.0,0.0,0.0,0.0,0.0,0.0625,0.0,0.9375,0.0,0.0,0.0
7,7,0.0,0.0,0.0,0.0,0.0,0.0625,0.0,0.9375,0.0,0.0,0.0
7,7,0.0,0.0,0.0,0.0,0.0,0.0625,0.0,0.9375,0.0,0.0,0.0
7,7,0.0,0.0,0.0,0.0,0.0,0.0625,0.0,0.9375,0.0,0.0,0.0
7,7,0.0,0.0,0.0,0.0,0.0,0.0625,0.0,0.9375,0.0,0.0,0.0
7,7,0.0,0.0,0.0,0.0,0.0,0.0625,0.0,0.9375,0.0,0.0,0.0
7,7,0.0,0.0,0.0,0.0,0.0,0.0625,0.0,0.9375,0.0,0.0,0.0
7,7,0.0,0.0,0.0,0.0,0.0,0.0625,0.0,0.9375,0.0,0.0,0.0
7,7,0.0,0.0,0.0,0.0,0.0,0.0625,0.0,0.9375,0.0,0.0,0.0
7,7,0.0,0.0,0.0,0.0,0.0,0.0625,0.0,0.9375,0.0,0.0,0.0
7,7,0.0,0.0,0.0,0.0,0.0,0.0625,0.0,0.9375,0.0,0.0,0.0
7,7,0.0,0.0,0.0,0.0,0.0,0.0625,0.0,0.9375,0.0,0.0,0.0
7,7,0.0,0.0,0.0,0.0,0.0,0.0625,0.0,0.9375,0.0,0.0,0.0
7,7,0.0,0.0,0.0,0.0,0.0,0.0625,0.0,0.9375,0.0,0.0,0.0
7,7,0.0,0.0,0.0,0.0,0.0,0.0625,0.0,0.9375,0.0,0.0,0.0
7,7,0.0,0.0,0.0,0.0,0.0,0.0625,0.0,0.9375,0.0,0.0,0.0
7,7,0.0,0.0,0.0,0.0,0.0,0.0625,0.0,0.9375,0.0,0.0,0.0
7,7,0.0,0.0,0.0,0.0,0.0,0.0625,0.0,0.9375,0.0,0.0,0.0
7,7,0.0,0.0,0.0,0.0,0.0,0.0625,0.0,0.9375,0.0,0.0,0.0
7,7,0.0,0.0,0.0,0.0,0.0,0.0625,0.0,0.9375,0.0,0.0,0.0
7,7,0.0,0.0,0.0,0.0,0.0,0.0625,0.0,0.9375,0.0,0.0,0.0
7,7,0.0,0.0,0.0,0.0,0.0,0.0625,0.0,0.9375,0.0,0.0,0.0
7,7,0.0,0.0,0.0,0.0,0.0,0.0625,0.0,0.9375,0.0,0.0,0.0
7,7,0.0,0.0,0.0,0.0,0.0,0.0625,0.0,0.9375,0.0,0.0,0.0
7,7,0.0,0.0,0.0,0.0,0.0,0.0625,0.0,0.9375,0.0,0.0,0.0
7,7,0.0,0.0,0.0,0.0,0.0,0.0625,0.0,0.9375,0.0,0.0,0.0
7,7,0.0,0.0,0.0,0.0,0.0,0.0625,0.0,0.9375,0.0,0.0,0.0
7,7,0.0,0.0,0.0,0.0,0.0,0.0625,0.0,0.9375,0.0,0.0,0.0
7,7,0.0,0.0,0.0,0.0,0.0,0.0625,0.0,0.9375,0.0,0.0,0.0
7,7,0.0,0.0,0.0,0.0,0.0,0.0625,0.0,0.9375,0.0,0.0,0.0
7,7,0.0,0.0,0.0,0.0,0.0,0.0625,0.0,0.9375,0.0,0.0,0.0
7,7,0.0,0.0,0.0,0.0,0.0,0.0625,0.0,0.9375,0.0,0.0,0.0
7,7,0.0,0.0,0.0,0.0,0.0,0.0625,0.0,0.9375,0.0,0.0,0.0
7,7,0.0,0.0,0.0,0.0,0.0,0.0625,0.0,0.9375,0.0,0.0,0.0
7,7,0.0,0.0,0.0,0.0,0.0,0.0625,0.0,0.9375,0.0,0.0,0.0
7,7,0.0,0.0,0.0,0.0,0.0,0.0625,0.0,0.9375,0.0,0.0,0.0
7,7,0.0,0.0,0.0,0.0,0.0,0.0625,0.0,0.9375,0.0,0.0,0.0
7,7,0.0,0.0,0.0,0.0,0.0,0.0625,0.0,0.9375,0.0,0.0,0.0
7,7,0.0,0.0,0.0,0.0,0.0,0.0625,0.0,0.9375,0.0,0.0,0.0
7,7,0.0,0.0,0.0,0.0,0.0,0.0625,0.0,0.9375,0.0,0.0,0.0
7,7,0.0,0.0,0.0,0.0,0.0,0.0625,0.0,0.9375,0.0,0.0,0.0
7,7,0.0,0.0,0.0,0.0,0.0,0.0625,0.0,0.9375,0.0,0.0,0.0
7,7,0.0,0.0,0.0,0.0,0.0,0.0625,0.0,0.9375,0.0,0.0,0.0
7,7,0.0,0.0,0.0,0.0,0.0,0.0625,0.0,0.9375,0.0,0.0,0.0
7,7,0.0,0.0,0.0,0.0,0.0,0.0625,0.0,0.9375,0.0,0.0,0.0
7,7,0.0,0.0,0.0,0.0,0.0,0.0625,0.0,0.9375,0.0,0.0,0.0
7,7,0.0,0.0,0.0,0.0,0.0,0.0625,0.0,0.9375,0.0,0.0,0.0
7,7,0.0,0.0,0.0,0.0,0.0,0.0625,0.0,0.9375,0.0,0.0,0.0
7,7,0.0,0.0,0.0,0.0,0.0,0.0625,0.0,0.9375,0.0,0.0,0.0
7,7,0.0,0.0,0.0,0.0,0.0,0.0625,0.0,0.9375,0.0,0.0,0.0
7,7,0.0,0.0,0.0,0.0,0.0,0.0625,0.0,0.9375,0.0,0.0,0.0
7,7,0.0,0.0,0.0,0.0,0.0,0.0625,0.0,0.9375,0.0,0.0,0.0
7,7,0.0,0.0,0.0,0.0,0.0,0.0625,0.0,0.9375,0.0,0.0,0.0
7,7,0.0,0.0,0.0,0.0,0.0,0.0625,0.0,0.9375,0.0,0.0,0.0
7,7,0.0,0.0,0.0,0.0,0.0,0.0,0.0625,0.9375,0.0,0.0,0.0
7,7,0.0,0.0,0.0,0.0,0.0,0.0,0.0625,0.9375,0.0,0.0,0.0
7,7,0.0,0.0,0.0,0.0,0.0,0.0,0.0625,0.9375,0.0,0.0,0.0
7,7,0.0,0.0,0.0,0.0,0.0,0.0,0.0625,0.9375,0.0,0.0,0.0
7,7,0.0,0.0,0.0,0.0,0.0,0.0,0.0625,0.9375,0.0,0.0,0.0
7,7,0.0,0.0,0.0,0.0,0.0,0.0,0.0625,0.9375,0.0,0.0,0.0
7,7,0.0,0.0,0.0,0.0,0.0,0.0,0.0625,0.9375,0.0,0.0,0.0
7,7,0.0,0.0,0.0,0.0,0.0,0.0,0.0625,0.9375,0.0,0.0,0.0
7,7,0.0,0.0,0.0,0.0,0.0,0.0,0.0625,0.9375,0.0,0.0,0.0
7,7,0.0,0.0,0.0,0.0,0.0,0.0,0.0625,0.9375,0.0,0.0,0.0
7,7,0.0,0.0,0.0,0.0,0.0,0.0,0.0625,0.9375,0.0,0.0,0.0
7,7,0.0,0.0,0.0,0.0,0.0,0.0,0.0625,0.9375,0.0,0.0,0.0
7,7,0.0,0.0,0.0,0.0,0.0,0.0,0.0625,0.9375,0.0,0.0,0.0
7,7,0.0,0.0,0.0,0.0,0.0,0.0,0.0625,0.9375,0.0,0.0,0.0
7,7,0.0,0.0,0.0,0.0,0.0,0.0,0.0625,0.9375,0.0,0.0,0.0
7,7,0.0,0.0,0.0,0.0,0.0,0.0,0.0625,0.9375,0.0,0.0,0.0
7,7,0.0,0.0,0.0,0.0,0.0,0.0,0.0625,0.9375,0.0,0.0,0.0
7,7,0.0,0.0,0.0,0.0,0.0,0.0,0.0625,0.9375,0.0,0.0,0.0
7,7,0.0,0.0,0.0,0.0,0.0,0.0,0.0625,0.9375,0.0,0.0,0.0
7,7,0.0,0.0,0.0,0.0,0.0,0.0,0.0625,0.9375,0.0,0.0,0.0
7,7,0.0,0.0,0.0,0.0,0.0,0.0,0.0625,0.9375,0.0,0.0,0.0
7,7,0.0,0.0,0.0,0.0,0.0,0.0,0.0625,0.9375,0.0,0.0,0.0
7,7,0.0,0.0,0.0,0.0,0.0,0.0,0.0625,0.9375,0.0,0.0,0.0
7,7,0.0,0.0,0.0,0.0,0.0,0.0,0.0625,0.9375,0.0,0.0,0.0
7,7,0.0,0.0,0.0,0.0,0.0,0.0,0.0625,0.9375,0.0,0.0,0.0
7,7,0.0,0.0,0.0,0.0,0.0,0.0,0.0625,0.9375,0.0,0.0,0.0
7,7,0.0,0.0,0.0,0.0,0.0,0.0,0.0625,0.9375,0.0,0.0,0.0
7,7,0.0,0.0,0.0,0.0,0.0,0.0,0.0625,0.9375,0.0,0.0,0.0
7,7,0.0,0.0,0.0,0.0,0.0,0.0,0.0625,0.9375,0.0,0.0,0.0
7,7,0.0,0.0,0.0,0.0,0.0,0.0,0.0625,0.9375,0.0,0.0,0.0
7,7,0.0,0.0,0.0,0.0,0.0,0.0,0.0625,0.9375,0.0,0.0,0.0
7,7,0.0,0.0,0.0,0.0,0.0,0.0,0.0625,0.9375,0.0,0.0,0.0
7,7,0.0,0.0,0.0,0.0,0.0,0.0,0.0625,0.9375,0.0,0.0,0.0
7,7,0.0,0.0,0.0,0.0,0.0,0.0,0.0625,0.9375,0.0,0.0,0.0
7,7,0.0,0.0,0.0,0.0,0.0,0.0,0.0625,0.9375,0.0,0.0,0.0
7,7,0.0,0.0,0.0,0.0,0.0,0.0,0.0625,0.9375,0.0,0.0,0.0
7,7,0.0,0.0,0.0,0.0,0.0,0.0,0.0625,0.9375,0.0,0.0,0.0
7,7,0.0,0.0,0.0,0.0,0.0,0.0,0.0625,0.9375,0.0,0.0,0.0
7,7,0.0,0.0,0.0,0.0,0.0,0.0,0.0625,0.9375,0.0,0.0,0.0
7,7,0.0,0.0,0.0,0.0,0.0,0.0,0.0625,0.9375,0.0,0.0,0.0
7,7,0.0,0.0,0.0,0.0,0.0,0.0,0.0625,0.9375,0.0,0.0,0.0
7,7,0.0,0.0,0.0,0.0,0.0,0.0,0.0625,0.9375,0.0,0.0,0.0
7,7,0.0,0.0,0.0,0.0,0.0,0.0,0.0625,0.9375,0.0,0.0,0.0
7,7,0.0,0.0,0.0,0.0,0.0,0.0,0.0625,0.9375,0.0,0.0,0.0
7,7,0.0,0.0,0.0,0.0,0.0,0.0,0.0625,0.9375,0.0,0.0,0.0
7,7,0.0,0.0,0.0,0.0,0.0,0.0,0.0625,0.9375,0.0,0.0,0.0
7,7,0.0,0.0,0.0,0.0,0.0,0.0,0.0625,0.9375,0.0,0.0,0.0
7,7,0.0,0.0,0.0,0.0,0.0,0.0,0.0625,0.9375,0.0,0.0,0.0
7,7,0.0,0.0,0.0,0.0,0.0,0.0,0.0625,0.9375,0.0,0.0,0.0
7,7,0.0,0.0,0.0,0.0,0.0,0.0,0.0625,0.9375,0.0,0.0,0.0
7,7,0.0,0.0,0.0,0.0,0.0,0.0,0.0625,0.9375,0.0,0.0,0.0
7,7,0.0,0.0,0.0,0.0,0.0,0.0,0.0625,0.9375,0.0,0.0,0.0
7,7,0.0,0.0,0.0,0.0,0.0,0.0,0.0625,0.9375,0.0,0.0,0.0
7,7,0.0,0.0,0.0,0.0,0.0,0.0,0.0625,0.9375,0.0,0.0,0.0
7,7,0.0,0.0,0.0,0.0,0.0,0.0,0.0625,0.9375,0.0,0.0,0.0
7,7,0.0,0.0,0.0,0.0,0.0,0.0,0.0625,0.9375,0.0,0.0,0.0
7,7,0.0,0.0,0.0,0.0,0.0,0.0,0.0625,0.9375,0.0,0.0,0.0
7,7,0.0,0.0,0.0,0.0,0.0,0.0,0.0625,0.9375,0.0,0.0,0.0
7,7,0.0,0.0,0.0,0.0,0.0,0.0,0.0625,0.9375,0.0,0.0,0.0
7,7,0.0,0.0,0.0,0.0,0.0,0.0,0.0625,0.9375,0.0,0.0,0.0
7,7,0.0,0.0,0.0,0.0,0.0,0.0,0.0625,0.9375,0.0,0.0,0.0
7,7,0.0,0.0,0.0,0.0,0.0,0.0,0.0625,0.9375,0.0,0.0,0.0
7,7,0.0,0.0,0.0,0.0,0.0,0.0,0.0625,0.9375,0.0,0.0,0.0
7,7,0.0,0.0,0.0,0.0,0.0,0.0,0.0625,0.9375,0.0,0.0,0.0
7,7,0.0,0.0,0.0,0.0,0.0,0.0,0.0625,0.9375,0.0,0.0,0.0
7,7,0.0,0.0,0.0,0.0,0.0,0.0,0.0625,0.9375,0.0,0.0,0.0
7,7,0.0,0.0,0.0,0.0,0.0,0.0,0.0625,0.9375,0.0,0.0,0.0
7,7,0.0,0.0,0.0,0.0,0.0,0.0,0.0625,0.9375,0.0,0.0,0.0
7,7,0.0,0.0,0.0,0.0,0.0,0.0,0.0625,0.9375,0.0,0.0,0.0
7,7,0.0,0.0,0.0,0.0,0.0,0.0,0.0625,0.9375,0.0,0.0,0.0
7,7,0.0,0.0,0.0,0.0,0.0,0.0,0.0625,0.9375,0.0,0.0,0.0
7,7,0.0,0.0,0.0,0.0,0.0,0.0,0.0625,0.9375,0.0,0.0,0.0
7,7,0.0,0.0,0.0,0.0,0.0,0.0,0.0625,0.9375,0.0,0.0,0.0
7,7,0.0,0.0,0.0,0.0,0.0,0.0,0.0625,0.9375,0.0,0.0,0.0
7,7,0.0,0.0,0.0,0.0,0.0,0.0,0.0625,0.9375,0.0,0.0,0.0
7,7,0.0,0.0,0.0,0.0,0.0,0.0,0.0625,0.9375,0.0,0.0,0.0
7,7,0.0,0.0,0.0,0.0,0.0,0.0,0.0625,0.9375,0.0,0.0,0.0
7,7,0.0,0.0,0.0,0.0,0.0,0.0,0.0625,0.9375,0.0,0.0,0.0
7,7,0.0,0.0,0.0,0.0,0.0,0.0,0.0625,0.9375,0.0,0.0,0.0
7,7,0.0,0.0,0.0,0.0,0.0,0.0,0.0625,0.9375,0.0,0.0,0.0
7,7,0.0,0.0,0.0,0.0,0.0,0.0,0.0625,0.9375,0.0,0.0,0.0
7,7,0.0,0.0,0.0,0.0,0.0,0.0,0.0625,0.9375,0.0,0.0,0.0
7,7,0.0,0.0,0.0,0.0,0.0,0.0,0.0625,0.9375,0.0,0.0,0.0
7,7,0.0,0.0,0.0,0.0,0.0,0.0,0.0625,0.9375,0.0,0.0,0.0
7,7,0.0,0.0,0.0,0.0,0.0,0.0,0.0625,0.9375,0.0,0.0,0.0
7,7,0.0,0.0,0.0,0.0,0.0,0.0,0.0625,0.9375,0.0,0.0,0.0
7,7,0.0,0.0,0.0,0.0,0.0,0.0,0.0625,0.9375,0.0,0.0,0.0
7,7,0.0,0.0,0.0,0.0,0.0,0.0,0.0625,0.9375,0.0,0.0,0.0
7,7,0.0,0.0,0.0,0.0,0.0,0.0,0.0625,0.9375,0.0,0.0,0.0
7,7,0.0,0.0,0.0,0.0,0.0,0.0,0.0625,0.9375,0.0,0.0,0.0
7,7,0.0,0.0,0.0,0.0,0.0,0.0,0.0625,0.9375,0.0,0.0,0.0
7,7,0.0,0.0,0.0,0.0,0.0,0.0,0.0625,0.9375,0.0,0.0,0.0
7,7,0.0,0.0,0.0,0.0,0.0,0.0,0.0625,0.9375,0.0,0.0,0.0
7,7,0.0,0.0,0.0,0.0,0.0,0.0,0.0625,0.9375,0.0,0.0,0.0
7,7,0.0,0.0,0.0,0.0,0.0,0.0,0.0625,0.9375,0.0,0.0,0.0
7,7,0.0,0.0,0.0,0.0,0.0,0.0,0.0625,0.9375,0.0,0.0,0.0
7,7,0.0,0.0,0.0,0.0,0.0,0.0,0.0625,0.9375,0.0,0.0,0.0
7,7,0.0,0.0,0.0,0.0,0.0,0.0,0.0625,0.9375,0.0,0.0,0.0
7,7,0.0,0.0,0.0,0.0,0.0,0.0,0.0625,0.9375,0.0,0.0,0.0
7,7,0.0,0.0,0.0,0.0,0.0,0.0,0.0625,0.9375,0.0,0.0,0.0
7,7,0.0,0.0,0.0,0.0,0.0,0.0,0.0625,0.9375,0.0,0.0,0.0
7,7,0.0,0.0,0.0,0.0,0.0,0.0,0.0625,0.9375,0.0,0.0,0.0
7,7,0.0,0.0,0.0,0.0,0.0,0.0,0.0625,0.9375,0.0,0.0,0.0
7,7,0.0,0.0,0.0,0.0,0.0,0.0,0.0625,0.9375,0.0,0.0,0.0
7,7,0.0,0.0,0.0,0.0,0.0,0.0,0.0625,0.9375,0.0,0.0,0.0
7,7,0.0,0.0,0.0,0.0,0.0,0.0,0.0625,0.9375,0.0,0.0,0.0
7,7,0.0,0.0,0.0,0.0,0.0,0.0,0.0625,0.9375,0.0,0.0,0.0
7,7,0.0,0.0,0.0,0.0,0.0,0.0,0.0625,0.9375,0.0,0.0,0.0
7,7,0.0,0.0,0.0,0.0,0.0,0.0,0.0625,0.9375,0.0,0.0,0.0
7,7,0.0,0.0,0.0,0.0,0.0,0.0,0.0625,0.9375,0.0,0.0,0.0
7,7,0.0,0.0,0.0,0.0,0.0,0.0,0.0625,0.9375,0.0,0.0,0.0
7,7,0.0,0.0,0.0,0.0,0.0,0.0,0.0625,0.9375,0.0,0.0,0.0
7,7,0.0,0.0,0.0,0.0,0.0,0.0,0.0625,0.9375,0.0,0.0,0.0
7,7,0.0,0.0,0.0,0.0,0.0,0.0,0.0625,0.9375,0.0,0.0,0.0
7,7,0.0,0.0,0.0,0.0,0.0,0.0,0.0625,0.9375,0.0,0.0,0.0
7,7,0.0,0.0,0.0,0.0,0.0,0.0,0.0625,0.9375,0.0,0.0,0.0
7,7,0.0,0.0,0.0,0.0,0.0,0.0,0.0625,0.9375,0.0,0.0,0.0
7,7,0.0,0.0,0.0,0.0,0.0,0.0,0.0625,0.9375,0.0,0.0,0.0
7,7,0.0,0.0,0.0,0.0,0.0,0.0,0.0625,0.9375,0.0,0.0,0.0
7,7,0.0,0.0,0.0,0.0,0.0,0.0,0.0625,0.9375,0.0,0.0,0.0
7,7,0.0,0.0,0.0,0.0,0.0,0.0,0.0625,0.9375,0.0,0.0,0.0
7,7,0.0,0.0,0.0,0.0,0.0,0.0,0.0625,0.9375,0.0,0.0,0.0
7,7,0.0,0.0,0.0,0.0,0.0,0.0,0.0625,0.9375,0.0,0.0,0.0
7,7,0.0,0.0,0.0,0.0,0.0,0.0,0.0625,0.9375,0.0,0.0,0.0
7,7,0.0,0.0,0.0,0.0,0.0,0.0,0.0625,0.9375,0.0,0.0,0.0
7,7,0.0,0.0,0.0,0.0,0.0,0.0,0.0625,0.9375,0.0,0.0,0.0
7,7,0.0,0.0,0.0,0.0,0.0,0.0,0.0625,0.9375,0.0,0.0,0.0
7,7,0.0,0.0,0.0,0.0,0.0,0.0,0.0625,0.9375,0.0,0.0,0.0
7,7,0.0,0.0,0.0,0.0,0.0,0.0,0.0,1.0,0.0,0.0,0.0
7,7,0.0,0.0,0.0,0.0,0.0,0.0,0.0,1.0,0.0,0.0,0.0
7,7,0.0,0.0,0.0,0.0,0.0,0.0,0.0,1.0,0.0,0.0,0.0
7,7,0.0,0.0,0.0,0.0,0.0,0.0,0.0,1.0,0.0,0.0,0.0
7,7,0.0,0.0,0.0,0.0,0.0,0.0,0.0,1.0,0.0,0.0,0.0
7,7,0.0,0.0,0.0,0.0,0.0,0.0,0.0,1.0,0.0,0.0,0.0
7,7,0.0,0.0,0.0,0.0,0.0,0.0,0.0,1.0,0.0,0.0,0.0
7,7,0.0,0.0,0.0,0.0,0.0,0.0,0.0,1.0,0.0,0.0,0.0
7,7,0.0,0.0,0.0,0.0,0.0,0.0,0.0,1.0,0.0,0.0,0.0
7,7,0.0,0.0,0.0,0.0,0.0,0.0,0.0,1.0,0.0,0.0,0.0
7,7,0.0,0.0,0.0,0.0,0.0,0.0,0.0,1.0,0.0,0.0,0.0
7,7,0.0,0.0,0.0,0.0,0.0,0.0,0.0,1.0,0.0,0.0,0.0
7,7,0.0,0.0,0.0,0.0,0.0,0.0,0.0,1.0,0.0,0.0,0.0
7,7,0.0,0.0,0.0,0.0,0.0,0.0,0.0,1.0,0.0,0.0,0.0
7,7,0.0,0.0,0.0,0.0,0.0,0.0,0.0,1.0,0.0,0.0,0.0
7,7,0.0,0.0,0.0,0.0,0.0,0.0,0.0,1.0,0.0,0.0,0.0
7,7,0.0,0.0,0.0,0.0,0.0,0.0,0.0,1.0,0.0,0.0,0.0
7,7,0.0,0.0,0.0,0.0,0.0,0.0,0.0,1.0,0.0,0.0,0.0
7,7,0.0,0.0,0.0,0.0,0.0,0.0,0.0,1.0,0.0,0.0,0.0
7,7,0.0,0.0,0.0,0.0,0.0,0.0,0.0,1.0,0.0,0.0,0.0
7,7,0.0,0.0,0.0,0.0,0.0,0.0,0.0,1.0,0.0,0.0,0.0
7,7,0.0,0.0,0.0,0.0,0.0,0.0,0.0,1.0,0.0,0.0,0.0
7,7,0.0,0.0,0.0,0.0,0.0,0.0,0.0,1.0,0.0,0.0,0.0
7,7,0.0,0.0,0.0,0.0,0.0,0.0,0.0,1.0,0.0,0.0,0.0
7,7,0.0,0.0,0.0,0.0,0.0,0.0,0.0,1.0,0.0,0.0,0.0
7,7,0.0,0.0,0.0,0.0,0.0,0.0,0.0,1.0,0.0,0.0,0.0
7,7,0.0,0.0,0.0,0.0,0.0,0.0,0.0,1.0,0.0,0.0,0.0
7,7,0.0,0.0,0.0,0.0,0.0,0.0,0.0,1.0,0.0,0.0,0.0
7,7,0.0,0.0,0.0,0.0,0.0,0.0,0.0,1.0,0.0,0.0,0.0
7,7,0.0,0.0,0.0,0.0,0.0,0.0,0.0,1.0,0.0,0.0,0.0
7,7,0.0,0.0,0.0,0.0,0.0,0.0,0.0,1.0,0.0,0.0,0.0
7,7,0.0,0.0,0.0,0.0,0.0,0.0,0.0,1.0,0.0,0.0,0.0
7,7,0.0,0.0,0.0,0.0,0.0,0.0,0.0,1.0,0.0,0.0,0.0
7,7,0.0,0.0,0.0,0.0,0.0,0.0,0.0,1.0,0.0,0.0,0.0
7,7,0.0,0.0,0.0,0.0,0.0,0.0,0.0,1.0,0.0,0.0,0.0
7,7,0.0,0.0,0.0,0.0,0.0,0.0,0.0,1.0,0.0,0.0,0.0
7,7,0.0,0.0,0.0,0.0,0.0,0.0,0.0,1.0,0.0,0.0,0.0
7,7,0.0,0.0,0.0,0.0,0.0,0.0,0.0,1.0,0.0,0.0,0.0
7,7,0.0,0.0,0.0,0.0,0.0,0.0,0.0,1.0,0.0,0.0,0.0
7,7,0.0,0.0,0.0,0.0,0.0,0.0,0.0,1.0,0.0,0.0,0.0
7,7,0.0,0.0,0.0,0.0,0.0,0.0,0.0,1.0,0.0,0.0,0.0
7,7,0.0,0.0,0.0,0.0,0.0,0.0,0.0,1.0,0.0,0.0,0.0
7,7,0.0,0.0,0.0,0.0,0.0,0.0,0.0,1.0,0.0,0.0,0.0
7,7,0.0,0.0,0.0,0.0,0.0,0.0,0.0,1.0,0.0,0.0,0.0
7,7,0.0,0.0,0.0,0.0,0.0,0.0,0.0,1.0,0.0,0.0,0.0
7,7,0.0,0.0,0.0,0.0,0.0,0.0,0.0,1.0,0.0,0.0,0.0
7,7,0.0,0.0,0.0,0.0,0.0,0.0,0.0,1.0,0.0,0.0,0.0
7,7,0.0,0.0,0.0,0.0,0.0,0.0,0.0,1.0,0.0,0.0,0.0
7,7,0.0,0.0,0.0,0.0,0.0,0.0,0.0,1.0,0.0,0.0,0.0
7,7,0.0,0.0,0.0,0.0,0.0,0.0,0.0,1.0,0.0,0.0,0.0
7,7,0.0,0.0,0.0,0.0,0.0,0.0,0.0,1.0,0.0,0.0,0.0
7,7,0.0,0.0,0.0,0.0,0.0,0.0,0.0,1.0,0.0,0.0,0.0
7,7,0.0,0.0,0.0,0.0,0.0,0.0,0.0,1.0,0.0,0.0,0.0
7,7,0.0,0.0,0.0,0.0,0.0,0.0,0.0,1.0,0.0,0.0,0.0
7,7,0.0,0.0,0.0,0.0,0.0,0.0,0.0,1.0,0.0,0.0,0.0
7,7,0.0,0.0,0.0,0.0,0.0,0.0,0.0,1.0,0.0,0.0,0.0
7,7,0.0,0.0,0.0,0.0,0.0,0.0,0.0,1.0,0.0,0.0,0.0
7,7,0.0,0.0,0.0,0.0,0.0,0.0,0.0,1.0,0.0,0.0,0.0
7,7,0.0,0.0,0.0,0.0,0.0,0.0,0.0,1.0,0.0,0.0,0.0
7,7,0.0,0.0,0.0,0.0,0.0,0.0,0.0,1.0,0.0,0.0,0.0
7,7,0.0,0.0,0.0,0.0,0.0,0.0,0.0,1.0,0.0,0.0,0.0
7,7,0.0,0.0,0.0,0.0,0.0,0.0,0.0,1.0,0.0,0.0,0.0
7,7,0.0,0.0,0.0,0.0,0.0,0.0,0.0,1.0,0.0,0.0,0.0
7,7,0.0,0.0,0.0,0.0,0.0,0.0,0.0,1.0,0.0,0.0,0.0
7,7,0.0,0.0,0.0,0.0,0.0,0.0,0.0,1.0,0.0,0.0,0.0
7,7,0.0,0.0,0.0,0.0,0.0,0.0,0.0,1.0,0.0,0.0,0.0
7,7,0.0,0.0,0.0,0.0,0.0,0.0,0.0,1.0,0.0,0.0,0.0
7,7,0.0,0.0,0.0,0.0,0.0,0.0,0.0,1.0,0.0,0.0,0.0
7,7,0.0,0.0,0.0,0.0,0.0,0.0,0.0,1.0,0.0,0.0,0.0
7,7,0.0,0.0,0.0,0.0,0.0,0.0,0.0,1.0,0.0,0.0,0.0
7,7,0.0,0.0,0.0,0.0,0.0,0.0,0.0,1.0,0.0,0.0,0.0
7,7,0.0,0.0,0.0,0.0,0.0,0.0,0.0,1.0,0.0,0.0,0.0
7,7,0.0,0.0,0.0,0.0,0.0,0.0,0.0,1.0,0.0,0.0,0.0
7,7,0.0,0.0,0.0,0.0,0.0,0.0,0.0,1.0,0.0,0.0,0.0
7,7,0.0,0.0,0.0,0.0,0.0,0.0,0.0,1.0,0.0,0.0,0.0
7,7,0.0,0.0,0.0,0.0,0.0,0.0,0.0,1.0,0.0,0.0,0.0
7,7,0.0,0.0,0.0,0.0,0.0,0.0,0.0,1.0,0.0,0.0,0.0
7,7,0.0,0.0,0.0,0.0,0.0,0.0,0.0,1.0,0.0,0.0,0.0
7,7,0.0,0.0,0.0,0.0,0.0,0.0,0.0,1.0,0.0,0.0,0.0
7,7,0.0,0.0,0.0,0.0,0.0,0.0,0.0,1.0,0.0,0.0,0.0
7,7,0.0,0.0,0.0,0.0,0.0,0.0,0.0,1.0,0.0,0.0,0.0
7,7,0.0,0.0,0.0,0.0,0.0,0.0,0.0,1.0,0.0,0.0,0.0
7,7,0.0,0.0,0.0,0.0,0.0,0.0,0.0,1.0,0.0,0.0,0.0
7,7,0.0,0.0,0.0,0.0,0.0,0.0,0.0,1.0,0.0,0.0,0.0
7,7,0.0,0.0,0.0,0.0,0.0,0.0,0.0,1.0,0.0,0.0,0.0
7,7,0.0,0.0,0.0,0.0,0.0,0.0,0.0,1.0,0.0,0.0,0.0
7,7,0.0,0.0,0.0,0.0,0.0,0.0,0.0,1.0,0.0,0.0,0.0
7,7,0.0,0.0,0.0,0.0,0.0,0.0,0.0,1.0,0.0,0.0,0.0
7,7,0.0,0.0,0.0,0.0,0.0,0.0,0.0,1.0,0.0,0.0,0.0
7,7,0.0,0.0,0.0,0.0,0.0,0.0,0.0,1.0,0.0,0.0,0.0
7,7,0.0,0.0,0.0,0.0,0.0,0.0,0.0,1.0,0.0,0.0,0.0
7,7,0.0,0.0,0.0,0.0,0.0,0.0,0.0,1.0,0.0,0.0,0.0
7,7,0.0,0.0,0.0,0.0,0.0,0.0,0.0,1.0,0.0,0.0,0.0
7,7,0.0,0.0,0.0,0.0,0.0,0.0,0.0,1.0,0.0,0.0,0.0
7,7,0.0,0.0,0.0,0.0,0.0,0.0,0.0,1.0,0.0,0.0,0.0
7,7,0.0,0.0,0.0,0.0,0.0,0.0,0.0,1.0,0.0,0.0,0.0
7,7,0.0,0.0,0.0,0.0,0.0,0.0,0.0,1.0,0.0,0.0,0.0
7,7,0.0,0.0,0.0,0.0,0.0,0.0,0.0,1.0,0.0,0.0,0.0
7,7,0.0,0.0,0.0,0.0,0.0,0.0,0.0,1.0,0.0,0.0,0.0
7,7,0.0,0.0,0.0,0.0,0.0,0.0,0.0,1.0,0.0,0.0,0.0
7,7,0.0,0.0,0.0,0.0,0.0,0.0,0.0,1.0,0.0,0.0,0.0
7,7,0.0,0.0,0.0,0.0,0.0,0.0,0.0,1.0,0.0,0.0,0.0
7,7,0.0,0.0,0.0,0.0,0.0,0.0,0.0,1.0,0.0,0.0,0.0
7,7,0.0,0.0,0.0,0.0,0.0,0.0,0.0,1.0,0.0,0.0,0.0
7,7,0.0,0.0,0.0,0.0,0.0,0.0,0.0,1.0,0.0,0.0,0.0
7,7,0.0,0.0,0.0,0.0,0.0,0.0,0.0,1.0,0.0,0.0,0.0
7,7,0.0,0.0,0.0,0.0,0.0,0.0,0.0,1.0,0.0,0.0,0.0
7,7,0.0,0.0,0.0,0.0,0.0,0.0,0.0,1.0,0.0,0.0,0.0
7,7,0.0,0.0,0.0,0.0,0.0,0.0,0.0,1.0,0.0,0.0,0.0
7,7,0.0,0.0,0.0,0.0,0.0,0.0,0.0,1.0,0.0,0.0,0.0
7,7,0.0,0.0,0.0,0.0,0.0,0.0,0.0,1.0,0.0,0.0,0.0
7,7,0.0,0.0,0.0,0.0,0.0,0.0,0.0,1.0,0.0,0.0,0.0
7,7,0.0,0.0,0.0,0.0,0.0,0.0,0.0,1.0,0.0,0.0,0.0
7,7,0.0,0.0,0.0,0.0,0.0,0.0,0.0,1.0,0.0,0.0,0.0
7,7,0.0,0.0,0.0,0.0,0.0,0.0,0.0,1.0,0.0,0.0,0.0
7,7,0.0,0.0,0.0,0.0,0.0,0.0,0.0,1.0,0.0,0.0,0.0
7,7,0.0,0.0,0.0,0.0,0.0,0.0,0.0,1.0,0.0,0.0,0.0
7,7,0.0,0.0,0.0,0.0,0.0,0.0,0.0,1.0,0.0,0.0,0.0
7,7,0.0,0.0,0.0,0.0,0.0,0.0,0.0,1.0,0.0,0.0,0.0
7,7,0.0,0.0,0.0,0.0,0.0,0.0,0.0,1.0,0.0,0.0,0.0
7,7,0.0,0.0,0.0,0.0,0.0,0.0,0.0,1.0,0.0,0.0,0.0
7,7,0.0,0.0,0.0,0.0,0.0,0.0,0.0,1.0,0.0,0.0,0.0
7,7,0.0,0.0,0.0,0.0,0.0,0.0,0.0,1.0,0.0,0.0,0.0
7,7,0.0,0.0,0.0,0.0,0.0,0.0,0.0,1.0,0.0,0.0,0.0
7,7,0.0,0.0,0.0,0.0,0.0,0.0,0.0,1.0,0.0,0.0,0.0
7,7,0.0,0.0,0.0,0.0,0.0,0.0,0.0,1.0,0.0,0.0,0.0
7,7,0.0,0.0,0.0,0.0,0.0,0.0,0.0,1.0,0.0,0.0,0.0
7,7,0.0,0.0,0.0,0.0,0.0,0.0,0.0,1.0,0.0,0.0,0.0
7,7,0.0,0.0,0.0,0.0,0.0,0.0,0.0,1.0,0.0,0.0,0.0
7,7,0.0,0.0,0.0,0.0,0.0,0.0,0.0,1.0,0.0,0.0,0.0
7,7,0.0,0.0,0.0,0.0,0.0,0.0,0.0,1.0,0.0,0.0,0.0
7,7,0.0,0.0,0.0,0.0,0.0,0.0,0.0,1.0,0.0,0.0,0.0
7,7,0.0,0.0,0.0,0.0,0.0,0.0,0.0,1.0,0.0,0.0,0.0
7,7,0.0,0.0,0.0,0.0,0.0,0.0,0.0,1.0,0.0,0.0,0.0
7,7,0.0,0.0,0.0,0.0,0.0,0.0,0.0,1.0,0.0,0.0,0.0
7,7,0.0,0.0,0.0,0.0,0.0,0.0,0.0,1.0,0.0,0.0,0.0
7,7,0.0,0.0,0.0,0.0,0.0,0.0,0.0,1.0,0.0,0.0,0.0
7,7,0.0,0.0,0.0,0.0,0.0,0.0,0.0,1.0,0.0,0.0,0.0
7,7,0.0,0.0,0.0,0.0,0.0,0.0,0.0,1.0,0.0,0.0,0.0
7,7,0.0,0.0,0.0,0.0,0.0,0.0,0.0,1.0,0.0,0.0,0.0
7,7,0.0,0.0,0.0,0.0,0.0,0.0,0.0,1.0,0.0,0.0,0.0
7,7,0.0,0.0,0.0,0.0,0.0,0.0,0.0,1.0,0.0,0.0,0.0
7,7,0.0,0.0,0.0,0.0,0.0,0.0,0.0,1.0,0.0,0.0,0.0
7,7,0.0,0.0,0.0,0.0,0.0,0.0,0.0,1.0,0.0,0.0,0.0
7,7,0.0,0.0,0.0,0.0,0.0,0.0,0.0,1.0,0.0,0.0,0.0
7,7,0.0,0.0,0.0,0.0,0.0,0.0,0.0,1.0,0.0,0.0,0.0
7,7,0.0,0.0,0.0,0.0,0.0,0.0,0.0,1.0,0.0,0.0,0.0
7,7,0.0,0.0,0.0,0.0,0.0,0.0,0.0,1.0,0.0,0.0,0.0
7,7,0.0,0.0,0.0,0.0,0.0,0.0,0.0,1.0,0.0,0.0,0.0
7,7,0.0,0.0,0.0,0.0,0.0,0.0,0.0,1.0,0.0,0.0,0.0
7,7,0.0,0.0,0.0,0.0,0.0,0.0,0.0,1.0,0.0,0.0,0.0
7,7,0.0,0.0,0.0,0.0,0.0,0.0,0.0,1.0,0.0,0.0,0.0
7,7,0.0,0.0,0.0,0.0,0.0,0.0,0.0,1.0,0.0,0.0,0.0
7,7,0.0,0.0,0.0,0.0,0.0,0.0,0.0,1.0,0.0,0.0,0.0
7,7,0.0,0.0,0.0,0.0,0.0,0.0,0.0,1.0,0.0,0.0,0.0
7,7,0.0,0.0,0.0,0.0,0.0,0.0,0.0,1.0,0.0,0.0,0.0
7,7,0.0,0.0,0.0,0.0,0.0,0.0,0.0,1.0,0.0,0.0,0.0
7,7,0.0,0.0,0.0,0.0,0.0,0.0,0.0,1.0,0.0,0.0,0.0
7,7,0.0,0.0,0.0,0.0,0.0,0.0,0.0,1.0,0.0,0.0,0.0
7,7,0.0,0.0,0.0,0.0,0.0,0.0,0.0,1.0,0.0,0.0,0.0
7,7,0.0,0.0,0.0,0.0,0.0,0.0,0.0,1.0,0.0,0.0,0.0
7,7,0.0,0.0,0.0,0.0,0.0,0.0,0.0,1.0,0.0,0.0,0.0
7,7,0.0,0.0,0.0,0.0,0.0,0.0,0.0,1.0,0.0,0.0,0.0
7,7,0.0,0.0,0.0,0.0,0.0,0.0,0.0,1.0,0.0,0.0,0.0
7,7,0.0,0.0,0.0,0.0,0.0,0.0,0.0,1.0,0.0,0.0,0.0
7,7,0.0,0.0,0.0,0.0,0.0,0.0,0.0,1.0,0.0,0.0,0.0
7,7,0.0,0.0,0.0,0.0,0.0,0.0,0.0,1.0,0.0,0.0,0.0
7,7,0.0,0.0,0.0,0.0,0.0,0.0,0.0,1.0,0.0,0.0,0.0
7,7,0.0,0.0,0.0,0.0,0.0,0.0,0.0,1.0,0.0,0.0,0.0
7,7,0.0,0.0,0.0,0.0,0.0,0.0,0.0,1.0,0.0,0.0,0.0
7,7,0.0,0.0,0.0,0.0,0.0,0.0,0.0,1.0,0.0,0.0,0.0
7,7,0.0,0.0,0.0,0.0,0.0,0.0,0.0,1.0,0.0,0.0,0.0
7,7,0.0,0.0,0.0,0.0,0.0,0.0,0.0,1.0,0.0,0.0,0.0
7,7,0.0,0.0,0.0,0.0,0.0,0.0,0.0,1.0,0.0,0.0,0.0
7,7,0.0,0.0,0.0,0.0,0.0,0.0,0.0,1.0,0.0,0.0,0.0
7,7,0.0,0.0,0.0,0.0,0.0,0.0,0.0,1.0,0.0,0.0,0.0
7,7,0.0,0.0,0.0,0.0,0.0,0.0,0.0,1.0,0.0,0.0,0.0
7,7,0.0,0.0,0.0,0.0,0.0,0.0,0.0,1.0,0.0,0.0,0.0
7,7,0.0,0.0,0.0,0.0,0.0,0.0,0.0,1.0,0.0,0.0,0.0
7,7,0.0,0.0,0.0,0.0,0.0,0.0,0.0,1.0,0.0,0.0,0.0
7,7,0.0,0.0,0.0,0.0,0.0,0.0,0.0,1.0,0.0,0.0,0.0
7,7,0.0,0.0,0.0,0.0,0.0,0.0,0.0,1.0,0.0,0.0,0.0
7,7,0.0,0.0,0.0,0.0,0.0,0.0,0.0,1.0,0.0,0.0,0.0
7,7,0.0,0.0,0.0,0.0,0.0,0.0,0.0,1.0,0.0,0.0,0.0
7,7,0.0,0.0,0.0,0.0,0.0,0.0,0.0,1.0,0.0,0.0,0.0
7,7,0.0,0.0,0.0,0.0,0.0,0.0,0.0,1.0,0.0,0.0,0.0
7,7,0.0,0.0,0.0,0.0,0.0,0.0,0.0,1.0,0.0,0.0,0.0
7,7,0.0,0.0,0.0,0.0,0.0,0.0,0.0,1.0,0.0,0.0,0.0
7,7,0.0,0.0,0.0,0.0,0.0,0.0,0.0,1.0,0.0,0.0,0.0
7,7,0.0,0.0,0.0,0.0,0.0,0.0,0.0,1.0,0.0,0.0,0.0
7,7,0.0,0.0,0.0,0.0,0.0,0.0,0.0,1.0,0.0,0.0,0.0
7,7,0.0,0.0,0.0,0.0,0.0,0.0,0.0,1.0,0.0,0.0,0.0
7,7,0.0,0.0,0.0,0.0,0.0,0.0,0.0,1.0,0.0,0.0,0.0
7,7,0.0,0.0,0.0,0.0,0.0,0.0,0.0,1.0,0.0,0.0,0.0
7,7,0.0,0.0,0.0,0.0,0.0,0.0,0.0,1.0,0.0,0.0,0.0
7,7,0.0,0.0,0.0,0.0,0.0,0.0,0.0,1.0,0.0,0.0,0.0
7,7,0.0,0.0,0.0,0.0,0.0,0.0,0.0,1.0,0.0,0.0,0.0
7,7,0.0,0.0,0.0,0.0,0.0,0.0,0.0,1.0,0.0,0.0,0.0
7,7,0.0,0.0,0.0,0.0,0.0,0.0,0.0,1.0,0.0,0.0,0.0
7,7,0.0,0.0,0.0,0.0,0.0,0.0,0.0,1.0,0.0,0.0,0.0
7,7,0.0,0.0,0.0,0.0,0.0,0.0,0.0,1.0,0.0,0.0,0.0
7,7,0.0,0.0,0.0,0.0,0.0,0.0,0.0,1.0,0.0,0.0,0.0
7,7,0.0,0.0,0.0,0.0,0.0,0.0,0.0,1.0,0.0,0.0,0.0
7,7,0.0,0.0,0.0,0.0,0.0,0.0,0.0,1.0,0.0,0.0,0.0
7,7,0.0,0.0,0.0,0.0,0.0,0.0,0.0,1.0,0.0,0.0,0.0
7,7,0.0,0.0,0.0,0.0,0.0,0.0,0.0,1.0,0.0,0.0,0.0
7,7,0.0,0.0,0.0,0.0,0.0,0.0,0.0,1.0,0.0,0.0,0.0
7,7,0.0,0.0,0.0,0.0,0.0,0.0,0.0,1.0,0.0,0.0,0.0
7,7,0.0,0.0,0.0,0.0,0.0,0.0,0.0,1.0,0.0,0.0,0.0
7,7,0.0,0.0,0.0,0.0,0.0,0.0,0.0,1.0,0.0,0.0,0.0
7,7,0.0,0.0,0.0,0.0,0.0,0.0,0.0,1.0,0.0,0.0,0.0
7,7,0.0,0.0,0.0,0.0,0.0,0.0,0.0,1.0,0.0,0.0,0.0
7,7,0.0,0.0,0.0,0.0,0.0,0.0,0.0,1.0,0.0,0.0,0.0
7,7,0.0,0.0,0.0,0.0,0.0,0.0,0.0,1.0,0.0,0.0,0.0
7,7,0.0,0.0,0.0,0.0,0.0,0.0,0.0,1.0,0.0,0.0,0.0
7,7,0.0,0.0,0.0,0.0,0.0,0.0,0.0,1.0,0.0,0.0,0.0
7,7,0.0,0.0,0.0,0.0,0.0,0.0,0.0,1.0,0.0,0.0,0.0
7,7,0.0,0.0,0.0,0.0,0.0,0.0,0.0,1.0,0.0,0.0,0.0
7,7,0.0,0.0,0.0,0.0,0.0,0.0,0.0,1.0,0.0,0.0,0.0
7,7,0.0,0.0,0.0,0.0,0.0,0.0,0.0,1.0,0.0,0.0,0.0
7,7,0.0,0.0,0.0,0.0,0.0,0.0,0.0,1.0,0.0,0.0,0.0
7,7,0.0,0.0,0.0,0.0,0.0,0.0,0.0,1.0,0.0,0.0,0.0
7,7,0.0,0.0,0.0,0.0,0.0,0.0,0.0,1.0,0.0,0.0,0.0
7,7,0.0,0.0,0.0,0.0,0.0,0.0,0.0,1.0,0.0,0.0,0.0
7,7,0.0,0.0,0.0,0.0,0.0,0.0,0.0,1.0,0.0,0.0,0.0
7,7,0.0,0.0,0.0,0.0,0.0,0.0,0.0,1.0,0.0,0.0,0.0
7,7,0.0,0.0,0.0,0.0,0.0,0.0,0.0,1.0,0.0,0.0,0.0
7,7,0.0,0.0,0.0,0.0,0.0,0.0,0.0,1.0,0.0,0.0,0.0
7,7,0.0,0.0,0.0,0.0,0.0,0.0,0.0,1.0,0.0,0.0,0.0
7,7,0.0,0.0,0.0,0.0,0.0,0.0,0.0,1.0,0.0,0.0,0.0
7,7,0.0,0.0,0.0,0.0,0.0,0.0,0.0,1.0,0.0,0.0,0.0
7,7,0.0,0.0,0.0,0.0,0.0,0.0,0.0,1.0,0.0,0.0,0.0
7,7,0.0,0.0,0.0,0.0,0.0,0.0,0.0,1.0,0.0,0.0,0.0
7,7,0.0,0.0,0.0,0.0,0.0,0.0,0.0,1.0,0.0,0.0,0.0
7,7,0.0,0.0,0.0,0.0,0.0,0.0,0.0,1.0,0.0,0.0,0.0
7,7,0.0,0.0,0.0,0.0,0.0,0.0,0.0,1.0,0.0,0.0,0.0
7,7,0.0,0.0,0.0,0.0,0.0,0.0,0.0,1.0,0.0,0.0,0.0
7,7,0.0,0.0,0.0,0.0,0.0,0.0,0.0,1.0,0.0,0.0,0.0
7,7,0.0,0.0,0.0,0.0,0.0,0.0,0.0,1.0,0.0,0.0,0.0
7,7,0.0,0.0,0.0,0.0,0.0,0.0,0.0,1.0,0.0,0.0,0.0
7,7,0.0,0.0,0.0,0.0,0.0,0.0,0.0,1.0,0.0,0.0,0.0
7,7,0.0,0.0,0.0,0.0,0.0,0.0,0.0,1.0,0.0,0.0,0.0
7,7,0.0,0.0,0.0,0.0,0.0,0.0,0.0,1.0,0.0,0.0,0.0
7,7,0.0,0.0,0.0,0.0,0.0,0.0,0.0,1.0,0.0,0.0,0.0
7,7,0.0,0.0,0.0,0.0,0.0,0.0,0.0,1.0,0.0,0.0,0.0
7,7,0.0,0.0,0.0,0.0,0.0,0.0,0.0,1.0,0.0,0.0,0.0
7,7,0.0,0.0,0.0,0.0,0.0,0.0,0.0,1.0,0.0,0.0,0.0
7,7,0.0,0.0,0.0,0.0,0.0,0.0,0.0,1.0,0.0,0.0,0.0
7,7,0.0,0.0,0.0,0.0,0.0,0.0,0.0,1.0,0.0,0.0,0.0
7,7,0.0,0.0,0.0,0.0,0.0,0.0,0.0,1.0,0.0,0.0,0.0
7,7,0.0,0.0,0.0,0.0,0.0,0.0,0.0,1.0,0.0,0.0,0.0
7,7,0.0,0.0,0.0,0.0,0.0,0.0,0.0,1.0,0.0,0.0,0.0
7,7,0.0,0.0,0.0,0.0,0.0,0.0,0.0,1.0,0.0,0.0,0.0
7,7,0.0,0.0,0.0,0.0,0.0,0.0,0.0,1.0,0.0,0.0,0.0
7,7,0.0,0.0,0.0,0.0,0.0,0.0,0.0,1.0,0.0,0.0,0.0
7,7,0.0,0.0,0.0,0.0,0.0,0.0,0.0,1.0,0.0,0.0,0.0
7,7,0.0,0.0,0.0,0.0,0.0,0.0,0.0,1.0,0.0,0.0,0.0
7,7,0.0,0.0,0.0,0.0,0.0,0.0,0.0,1.0,0.0,0.0,0.0
7,7,0.0,0.0,0.0,0.0,0.0,0.0,0.0,1.0,0.0,0.0,0.0
7,7,0.0,0.0,0.0,0.0,0.0,0.0,0.0,1.0,0.0,0.0,0.0
7,7,0.0,0.0,0.0,0.0,0.0,0.0,0.0,1.0,0.0,0.0,0.0
7,7,0.0,0.0,0.0,0.0,0.0,0.0,0.0,1.0,0.0,0.0,0.0
7,7,0.0,0.0,0.0,0.0,0.0,0.0,0.0,1.0,0.0,0.0,0.0
7,7,0.0,0.0,0.0,0.0,0.0,0.0,0.0,1.0,0.0,0.0,0.0
7,7,0.0,0.0,0.0,0.0,0.0,0.0,0.0,1.0,0.0,0.0,0.0
7,7,0.0,0.0,0.0,0.0,0.0,0.0,0.0,1.0,0.0,0.0,0.0
7,7,0.0,0.0,0.0,0.0,0.0,0.0,0.0,1.0,0.0,0.0,0.0
7,7,0.0,0.0,0.0,0.0,0.0,0.0,0.0,1.0,0.0,0.0,0.0
7,7,0.0,0.0,0.0,0.0,0.0,0.0,0.0,1.0,0.0,0.0,0.0
7,7,0.0,0.0,0.0,0.0,0.0,0.0,0.0,1.0,0.0,0.0,0.0
7,7,0.0,0.0,0.0,0.0,0.0,0.0,0.0,1.0,0.0,0.0,0.0
7,7,0.0,0.0,0.0,0.0,0.0,0.0,0.0,1.0,0.0,0.0,0.0
7,7,0.0,0.0,0.0,0.0,0.0,0.0,0.0,1.0,0.0,0.0,0.0
7,7,0.0,0.0,0.0,0.0,0.0,0.0,0.0,1.0,0.0,0.0,0.0
7,7,0.0,0.0,0.0,0.0,0.0,0.0,0.0,1.0,0.0,0.0,0.0
7,7,0.0,0.0,0.0,0.0,0.0,0.0,0.0,1.0,0.0,0.0,0.0
7,7,0.0,0.0,0.0,0.0,0.0,0.0,0.0,1.0,0.0,0.0,0.0
7,7,0.0,0.0,0.0,0.0,0.0,0.0,0.0,1.0,0.0,0.0,0.0
7,7,0.0,0.0,0.0,0.0,0.0,0.0,0.0,1.0,0.0,0.0,0.0
7,7,0.0,0.0,0.0,0.0,0.0,0.0,0.0,1.0,0.0,0.0,0.0
7,7,0.0,0.0,0.0,0.0,0.0,0.0,0.0,1.0,0.0,0.0,0.0
7,7,0.0,0.0,0.0,0.0,0.0,0.0,0.0,1.0,0.0,0.0,0.0
7,7,0.0,0.0,0.0,0.0,0.0,0.0,0.0,1.0,0.0,0.0,0.0
7,7,0.0,0.0,0.0,0.0,0.0,0.0,0.0,1.0,0.0,0.0,0.0
7,7,0.0,0.0,0.0,0.0,0.0,0.0,0.0,1.0,0.0,0.0,0.0
7,7,0.0,0.0,0.0,0.0,0.0,0.0,0.0,1.0,0.0,0.0,0.0
7,7,0.0,0.0,0.0,0.0,0.0,0.0,0.0,1.0,0.0,0.0,0.0
7,7,0.0,0.0,0.0,0.0,0.0,0.0,0.0,1.0,0.0,0.0,0.0
7,7,0.0,0.0,0.0,0.0,0.0,0.0,0.0,1.0,0.0,0.0,0.0
7,7,0.0,0.0,0.0,0.0,0.0,0.0,0.0,1.0,0.0,0.0,0.0
7,7,0.0,0.0,0.0,0.0,0.0,0.0,0.0,1.0,0.0,0.0,0.0
7,7,0.0,0.0,0.0,0.0,0.0,0.0,0.0,1.0,0.0,0.0,0.0
7,7,0.0,0.0,0.0,0.0,0.0,0.0,0.0,1.0,0.0,0.0,0.0
7,7,0.0,0.0,0.0,0.0,0.0,0.0,0.0,1.0,0.0,0.0,0.0
7,7,0.0,0.0,0.0,0.0,0.0,0.0,0.0,1.0,0.0,0.0,0.0
7,7,0.0,0.0,0.0,0.0,0.0,0.0,0.0,1.0,0.0,0.0,0.0
7,7,0.0,0.0,0.0,0.0,0.0,0.0,0.0,1.0,0.0,0.0,0.0
7,7,0.0,0.0,0.0,0.0,0.0,0.0,0.0,1.0,0.0,0.0,0.0
7,7,0.0,0.0,0.0,0.0,0.0,0.0,0.0,1.0,0.0,0.0,0.0
7,7,0.0,0.0,0.0,0.0,0.0,0.0,0.0,1.0,0.0,0.0,0.0
7,7,0.0,0.0,0.0,0.0,0.0,0.0,0.0,1.0,0.0,0.0,0.0
7,7,0.0,0.0,0.0,0.0,0.0,0.0,0.0,1.0,0.0,0.0,0.0
7,7,0.0,0.0,0.0,0.0,0.0,0.0,0.0,1.0,0.0,0.0,0.0
7,7,0.0,0.0,0.0,0.0,0.0,0.0,0.0,1.0,0.0,0.0,0.0
7,7,0.0,0.0,0.0,0.0,0.0,0.0,0.0,1.0,0.0,0.0,0.0
7,7,0.0,0.0,0.0,0.0,0.0,0.0,0.0,1.0,0.0,0.0,0.0
7,7,0.0,0.0,0.0,0.0,0.0,0.0,0.0,1.0,0.0,0.0,0.0
7,7,0.0,0.0,0.0,0.0,0.0,0.0,0.0,1.0,0.0,0.0,0.0
7,7,0.0,0.0,0.0,0.0,0.0,0.0,0.0,1.0,0.0,0.0,0.0
7,7,0.0,0.0,0.0,0.0,0.0,0.0,0.0,1.0,0.0,0.0,0.0
7,7,0.0,0.0,0.0,0.0,0.0,0.0,0.0,1.0,0.0,0.0,0.0
7,7,0.0,0.0,0.0,0.0,0.0,0.0,0.0,1.0,0.0,0.0,0.0
7,7,0.0,0.0,0.0,0.0,0.0,0.0,0.0,1.0,0.0,0.0,0.0
7,7,0.0,0.0,0.0,0.0,0.0,0.0,0.0,1.0,0.0,0.0,0.0
7,7,0.0,0.0,0.0,0.0,0.0,0.0,0.0,1.0,0.0,0.0,0.0
7,7,0.0,0.0,0.0,0.0,0.0,0.0,0.0,1.0,0.0,0.0,0.0
7,7,0.0,0.0,0.0,0.0,0.0,0.0,0.0,1.0,0.0,0.0,0.0
7,7,0.0,0.0,0.0,0.0,0.0,0.0,0.0,1.0,0.0,0.0,0.0
7,7,0.0,0.0,0.0,0.0,0.0,0.0,0.0,1.0,0.0,0.0,0.0
7,7,0.0,0.0,0.0,0.0,0.0,0.0,0.0,1.0,0.0,0.0,0.0
7,7,0.0,0.0,0.0,0.0,0.0,0.0,0.0,1.0,0.0,0.0,0.0
7,7,0.0,0.0,0.0,0.0,0.0,0.0,0.0,1.0,0.0,0.0,0.0
7,7,0.0,0.0,0.0,0.0,0.0,0.0,0.0,1.0,0.0,0.0,0.0
7,7,0.0,0.0,0.0,0.0,0.0,0.0,0.0,1.0,0.0,0.0,0.0
7,7,0.0,0.0,0.0,0.0,0.0,0.0,0.0,1.0,0.0,0.0,0.0
7,7,0.0,0.0,0.0,0.0,0.0,0.0,0.0,1.0,0.0,0.0,0.0
7,7,0.0,0.0,0.0,0.0,0.0,0.0,0.0,1.0,0.0,0.0,0.0
7,7,0.0,0.0,0.0,0.0,0.0,0.0,0.0,1.0,0.0,0.0,0.0
7,7,0.0,0.0,0.0,0.0,0.0,0.0,0.0,1.0,0.0,0.0,0.0
7,7,0.0,0.0,0.0,0.0,0.0,0.0,0.0,1.0,0.0,0.0,0.0
7,7,0.0,0.0,0.0,0.0,0.0,0.0,0.0,1.0,0.0,0.0,0.0
7,7,0.0,0.0,0.0,0.0,0.0,0.0,0.0,1.0,0.0,0.0,0.0
7,7,0.0,0.0,0.0,0.0,0.0,0.0,0.0,1.0,0.0,0.0,0.0
7,7,0.0,0.0,0.0,0.0,0.0,0.0,0.0,1.0,0.0,0.0,0.0
7,7,0.0,0.0,0.0,0.0,0.0,0.0,0.0,1.0,0.0,0.0,0.0
7,7,0.0,0.0,0.0,0.0,0.0,0.0,0.0,1.0,0.0,0.0,0.0
7,7,0.0,0.0,0.0,0.0,0.0,0.0,0.0,1.0,0.0,0.0,0.0
7,7,0.0,0.0,0.0,0.0,0.0,0.0,0.0,1.0,0.0,0.0,0.0
7,7,0.0,0.0,0.0,0.0,0.0,0.0,0.0,1.0,0.0,0.0,0.0
7,7,0.0,0.0,0.0,0.0,0.0,0.0,0.0,1.0,0.0,0.0,0.0
7,7,0.0,0.0,0.0,0.0,0.0,0.0,0.0,1.0,0.0,0.0,0.0
7,7,0.0,0.0,0.0,0.0,0.0,0.0,0.0,1.0,0.0,0.0,0.0
7,7,0.0,0.0,0.0,0.0,0.0,0.0,0.0,1.0,0.0,0.0,0.0
7,7,0.0,0.0,0.0,0.0,0.0,0.0,0.0,1.0,0.0,0.0,0.0
7,7,0.0,0.0,0.0,0.0,0.0,0.0,0.0,1.0,0.0,0.0,0.0
7,7,0.0,0.0,0.0,0.0,0.0,0.0,0.0,1.0,0.0,0.0,0.0
7,7,0.0,0.0,0.0,0.0,0.0,0.0,0.0,1.0,0.0,0.0,0.0
7,7,0.0,0.0,0.0,0.0,0.0,0.0,0.0,1.0,0.0,0.0,0.0
7,7,0.0,0.0,0.0,0.0,0.0,0.0,0.0,1.0,0.0,0.0,0.0
7,7,0.0,0.0,0.0,0.0,0.0,0.0,0.0,1.0,0.0,0.0,0.0
7,7,0.0,0.0,0.0,0.0,0.0,0.0,0.0,1.0,0.0,0.0,0.0
7,7,0.0,0.0,0.0,0.0,0.0,0.0,0.0,1.0,0.0,0.0,0.0
7,7,0.0,0.0,0.0,0.0,0.0,0.0,0.0,1.0,0.0,0.0,0.0
7,7,0.0,0.0,0.0,0.0,0.0,0.0,0.0,1.0,0.0,0.0,0.0
7,7,0.0,0.0,0.0,0.0,0.0,0.0,0.0,1.0,0.0,0.0,0.0
7,7,0.0,0.0,0.0,0.0,0.0,0.0,0.0,1.0,0.0,0.0,0.0
7,7,0.0,0.0,0.0,0.0,0.0,0.0,0.0,1.0,0.0,0.0,0.0
7,7,0.0,0.0,0.0,0.0,0.0,0.0,0.0,1.0,0.0,0.0,0.0
7,7,0.0,0.0,0.0,0.0,0.0,0.0,0.0,1.0,0.0,0.0,0.0
7,7,0.0,0.0,0.0,0.0,0.0,0.0,0.0,1.0,0.0,0.0,0.0
7,7,0.0,0.0,0.0,0.0,0.0,0.0,0.0,1.0,0.0,0.0,0.0
7,7,0.0,0.0,0.0,0.0,0.0,0.0,0.0,1.0,0.0,0.0,0.0
7,7,0.0,0.0,0.0,0.0,0.0,0.0,0.0,1.0,0.0,0.0,0.0
7,7,0.0,0.0,0.0,0.0,0.0,0.0,0.0,1.0,0.0,0.0,0.0
7,7,0.0,0.0,0.0,0.0,0.0,0.0,0.0,1.0,0.0,0.0,0.0
7,7,0.0,0.0,0.0,0.0,0.0,0.0,0.0,1.0,0.0,0.0,0.0
7,7,0.0,0.0,0.0,0.0,0.0,0.0,0.0,1.0,0.0,0.0,0.0
7,7,0.0,0.0,0.0,0.0,0.0,0.0,0.0,1.0,0.0,0.0,0.0
7,7,0.0,0.0,0.0,0.0,0.0,0.0,0.0,1.0,0.0,0.0,0.0
7,7,0.0,0.0,0.0,0.0,0.0,0.0,0.0,1.0,0.0,0.0,0.0
7,7,0.0,0.0,0.0,0.0,0.0,0.0,0.0,1.0,0.0,0.0,0.0
7,7,0.0,0.0,0.0,0.0,0.0,0.0,0.0,1.0,0.0,0.0,0.0
7,7,0.0,0.0,0.0,0.0,0.0,0.0,0.0,1.0,0.0,0.0,0.0
7,7,0.0,0.0,0.0,0.0,0.0,0.0,0.0,1.0,0.0,0.0,0.0
7,7,0.0,0.0,0.0,0.0,0.0,0.0,0.0,1.0,0.0,0.0,0.0
7,7,0.0,0.0,0.0,0.0,0.0,0.0,0.0,1.0,0.0,0.0,0.0
7,7,0.0,0.0,0.0,0.0,0.0,0.0,0.0,1.0,0.0,0.0,0.0
7,7,0.0,0.0,0.0,0.0,0.0,0.0,0.0,1.0,0.0,0.0,0.0
7,7,0.0,0.0,0.0,0.0,0.0,0.0,0.0,1.0,0.0,0.0,0.0
7,7,0.0,0.0,0.0,0.0,0.0,0.0,0.0,1.0,0.0,0.0,0.0
7,7,0.0,0.0,0.0,0.0,0.0,0.0,0.0,1.0,0.0,0.0,0.0
7,7,0.0,0.0,0.0,0.0,0.0,0.0,0.0,1.0,0.0,0.0,0.0
7,7,0.0,0.0,0.0,0.0,0.0,0.0,0.0,1.0,0.0,0.0,0.0
7,7,0.0,0.0,0.0,0.0,0.0,0.0,0.0,1.0,0.0,0.0,0.0
7,7,0.0,0.0,0.0,0.0,0.0,0.0,0.0,1.0,0.0,0.0,0.0
7,7,0.0,0.0,0.0,0.0,0.0,0.0,0.0,1.0,0.0,0.0,0.0
7,7,0.0,0.0,0.0,0.0,0.0,0.0,0.0,1.0,0.0,0.0,0.0
7,7,0.0,0.0,0.0,0.0,0.0,0.0,0.0,1.0,0.0,0.0,0.0
7,7,0.0,0.0,0.0,0.0,0.0,0.0,0.0,1.0,0.0,0.0,0.0
7,7,0.0,0.0,0.0,0.0,0.0,0.0,0.0,1.0,0.0,0.0,0.0
7,7,0.0,0.0,0.0,0.0,0.0,0.0,0.0,1.0,0.0,0.0,0.0
7,7,0.0,0.0,0.0,0.0,0.0,0.0,0.0,1.0,0.0,0.0,0.0
7,7,0.0,0.0,0.0,0.0,0.0,0.0,0.0,1.0,0.0,0.0,0.0
7,7,0.0,0.0,0.0,0.0,0.0,0.0,0.0,1.0,0.0,0.0,0.0
7,7,0.0,0.0,0.0,0.0,0.0,0.0,0.0,1.0,0.0,0.0,0.0
7,7,0.0,0.0,0.0,0.0,0.0,0.0,0.0,1.0,0.0,0.0,0.0
7,7,0.0,0.0,0.0,0.0,0.0,0.0,0.0,1.0,0.0,0.0,0.0
7,7,0.0,0.0,0.0,0.0,0.0,0.0,0.0,1.0,0.0,0.0,0.0
7,7,0.0,0.0,0.0,0.0,0.0,0.0,0.0,1.0,0.0,0.0,0.0
7,7,0.0,0.0,0.0,0.0,0.0,0.0,0.0,1.0,0.0,0.0,0.0
7,7,0.0,0.0,0.0,0.0,0.0,0.0,0.0,1.0,0.0,0.0,0.0
7,7,0.0,0.0,0.0,0.0,0.0,0.0,0.0,1.0,0.0,0.0,0.0
7,7,0.0,0.0,0.0,0.0,0.0,0.0,0.0,1.0,0.0,0.0,0.0
7,7,0.0,0.0,0.0,0.0,0.0,0.0,0.0,1.0,0.0,0.0,0.0
7,7,0.0,0.0,0.0,0.0,0.0,0.0,0.0,1.0,0.0,0.0,0.0
7,7,0.0,0.0,0.0,0.0,0.0,0.0,0.0,1.0,0.0,0.0,0.0
7,7,0.0,0.0,0.0,0.0,0.0,0.0,0.0,1.0,0.0,0.0,0.0
7,7,0.0,0.0,0.0,0.0,0.0,0.0,0.0,1.0,0.0,0.0,0.0
7,7,0.0,0.0,0.0,0.0,0.0,0.0,0.0,1.0,0.0,0.0,0.0
7,7,0.0,0.0,0.0,0.0,0.0,0.0,0.0,1.0,0.0,0.0,0.0
7,7,0.0,0.0,0.0,0.0,0.0,0.0,0.0,1.0,0.0,0.0,0.0
7,7,0.0,0.0,0.0,0.0,0.0,0.0,0.0,1.0,0.0,0.0,0.0
7,7,0.0,0.0,0.0,0.0,0.0,0.0,0.0,1.0,0.0,0.0,0.0
7,7,0.0,0.0,0.0,0.0,0.0,0.0,0.0,1.0,0.0,0.0,0.0
7,7,0.0,0.0,0.0,0.0,0.0,0.0,0.0,1.0,0.0,0.0,0.0
7,7,0.0,0.0,0.0,0.0,0.0,0.0,0.0,1.0,0.0,0.0,0.0
7,7,0.0,0.0,0.0,0.0,0.0,0.0,0.0,1.0,0.0,0.0,0.0
7,7,0.0,0.0,0.0,0.0,0.0,0.0,0.0,1.0,0.0,0.0,0.0
7,7,0.0,0.0,0.0,0.0,0.0,0.0,0.0,1.0,0.0,0.0,0.0
7,7,0.0,0.0,0.0,0.0,0.0,0.0,0.0,1.0,0.0,0.0,0.0
7,7,0.0,0.0,0.0,0.0,0.0,0.0,0.0,1.0,0.0,0.0,0.0
7,7,0.0,0.0,0.0,0.0,0.0,0.0,0.0,1.0,0.0,0.0,0.0
7,7,0.0,0.0,0.0,0.0,0.0,0.0,0.0,1.0,0.0,0.0,0.0
7,7,0.0,0.0,0.0,0.0,0.0,0.0,0.0,1.0,0.0,0.0,0.0
7,7,0.0,0.0,0.0,0.0,0.0,0.0,0.0,1.0,0.0,0.0,0.0
7,7,0.0,0.0,0.0,0.0,0.0,0.0,0.0,1.0,0.0,0.0,0.0
7,7,0.0,0.0,0.0,0.0,0.0,0.0,0.0,1.0,0.0,0.0,0.0
7,7,0.0,0.0,0.0,0.0,0.0,0.0,0.0,1.0,0.0,0.0,0.0
7,7,0.0,0.0,0.0,0.0,0.0,0.0,0.0,1.0,0.0,0.0,0.0
7,7,0.0,0.0,0.0,0.0,0.0,0.0,0.0,1.0,0.0,0.0,0.0
7,7,0.0,0.0,0.0,0.0,0.0,0.0,0.0,1.0,0.0,0.0,0.0
7,7,0.0,0.0,0.0,0.0,0.0,0.0,0.0,1.0,0.0,0.0,0.0
7,7,0.0,0.0,0.0,0.0,0.0,0.0,0.0,1.0,0.0,0.0,0.0
7,7,0.0,0.0,0.0,0.0,0.0,0.0,0.0,1.0,0.0,0.0,0.0
7,7,0.0,0.0,0.0,0.0,0.0,0.0,0.0,1.0,0.0,0.0,0.0
7,7,0.0,0.0,0.0,0.0,0.0,0.0,0.0,1.0,0.0,0.0,0.0
7,7,0.0,0.0,0.0,0.0,0.0,0.0,0.0,1.0,0.0,0.0,0.0
7,7,0.0,0.0,0.0,0.0,0.0,0.0,0.0,1.0,0.0,0.0,0.0
7,7,0.0,0.0,0.0,0.0,0.0,0.0,0.0,1.0,0.0,0.0,0.0
7,7,0.0,0.0,0.0,0.0,0.0,0.0,0.0,1.0,0.0,0.0,0.0
7,7,0.0,0.0,0.0,0.0,0.0,0.0,0.0,1.0,0.0,0.0,0.0
7,7,0.0,0.0,0.0,0.0,0.0,0.0,0.0,1.0,0.0,0.0,0.0
7,7,0.0,0.0,0.0,0.0,0.0,0.0,0.0,1.0,0.0,0.0,0.0
7,7,0.0,0.0,0.0,0.0,0.0,0.0,0.0,1.0,0.0,0.0,0.0
7,7,0.0,0.0,0.0,0.0,0.0,0.0,0.0,1.0,0.0,0.0,0.0
7,7,0.0,0.0,0.0,0.0,0.0,0.0,0.0,1.0,0.0,0.0,0.0
7,7,0.0,0.0,0.0,0.0,0.0,0.0,0.0,1.0,0.0,0.0,0.0
7,7,0.0,0.0,0.0,0.0,0.0,0.0,0.0,1.0,0.0,0.0,0.0
7,7,0.0,0.0,0.0,0.0,0.0,0.0,0.0,1.0,0.0,0.0,0.0
7,7,0.0,0.0,0.0,0.0,0.0,0.0,0.0,1.0,0.0,0.0,0.0
7,7,0.0,0.0,0.0,0.0,0.0,0.0,0.0,1.0,0.0,0.0,0.0
7,7,0.0,0.0,0.0,0.0,0.0,0.0,0.0,1.0,0.0,0.0,0.0
7,7,0.0,0.0,0.0,0.0,0.0,0.0,0.0,1.0,0.0,0.0,0.0
7,7,0.0,0.0,0.0,0.0,0.0,0.0,0.0,1.0,0.0,0.0,0.0
7,7,0.0,0.0,0.0,0.0,0.0,0.0,0.0,1.0,0.0,0.0,0.0
7,7,0.0,0.0,0.0,0.0,0.0,0.0,0.0,1.0,0.0,0.0,0.0
7,7,0.0,0.0,0.0,0.0,0.0,0.0,0.0,1.0,0.0,0.0,0.0
7,7,0.0,0.0,0.0,0.0,0.0,0.0,0.0,1.0,0.0,0.0,0.0
7,7,0.0,0.0,0.0,0.0,0.0,0.0,0.0,1.0,0.0,0.0,0.0
7,7,0.0,0.0,0.0,0.0,0.0,0.0,0.0,1.0,0.0,0.0,0.0
7,7,0.0,0.0,0.0,0.0,0.0,0.0,0.0,1.0,0.0,0.0,0.0
7,7,0.0,0.0,0.0,0.0,0.0,0.0,0.0,1.0,0.0,0.0,0.0
7,7,0.0,0.0,0.0,0.0,0.0,0.0,0.0,1.0,0.0,0.0,0.0
7,7,0.0,0.0,0.0,0.0,0.0,0.0,0.0,1.0,0.0,0.0,0.0
7,7,0.0,0.0,0.0,0.0,0.0,0.0,0.0,1.0,0.0,0.0,0.0
7,7,0.0,0.0,0.0,0.0,0.0,0.0,0.0,1.0,0.0,0.0,0.0
7,7,0.0,0.0,0.0,0.0,0.0,0.0,0.0,1.0,0.0,0.0,0.0
7,7,0.0,0.0,0.0,0.0,0.0,0.0,0.0,1.0,0.0,0.0,0.0
7,7,0.0,0.0,0.0,0.0,0.0,0.0,0.0,1.0,0.0,0.0,0.0
7,7,0.0,0.0,0.0,0.0,0.0,0.0,0.0,1.0,0.0,0.0,0.0
7,7,0.0,0.0,0.0,0.0,0.0,0.0,0.0,1.0,0.0,0.0,0.0
7,7,0.0,0.0,0.0,0.0,0.0,0.0,0.0,1.0,0.0,0.0,0.0
7,7,0.0,0.0,0.0,0.0,0.0,0.0,0.0,1.0,0.0,0.0,0.0
7,7,0.0,0.0,0.0,0.0,0.0,0.0,0.0,1.0,0.0,0.0,0.0
7,7,0.0,0.0,0.0,0.0,0.0,0.0,0.0,1.0,0.0,0.0,0.0
7,7,0.0,0.0,0.0,0.0,0.0,0.0,0.0,1.0,0.0,0.0,0.0
7,7,0.0,0.0,0.0,0.0,0.0,0.0,0.0,1.0,0.0,0.0,0.0
7,7,0.0,0.0,0.0,0.0,0.0,0.0,0.0,1.0,0.0,0.0,0.0
7,7,0.0,0.0,0.0,0.0,0.0,0.0,0.0,1.0,0.0,0.0,0.0
7,7,0.0,0.0,0.0,0.0,0.0,0.0,0.0,1.0,0.0,0.0,0.0
7,7,0.0,0.0,0.0,0.0,0.0,0.0,0.0,1.0,0.0,0.0,0.0
7,7,0.0,0.0,0.0,0.0,0.0,0.0,0.0,1.0,0.0,0.0,0.0
7,7,0.0,0.0,0.0,0.0,0.0,0.0,0.0,1.0,0.0,0.0,0.0
7,7,0.0,0.0,0.0,0.0,0.0,0.0,0.0,1.0,0.0,0.0,0.0
7,7,0.0,0.0,0.0,0.0,0.0,0.0,0.0,1.0,0.0,0.0,0.0
7,7,0.0,0.0,0.0,0.0,0.0,0.0,0.0,1.0,0.0,0.0,0.0
7,7,0.0,0.0,0.0,0.0,0.0,0.0,0.0,1.0,0.0,0.0,0.0
7,7,0.0,0.0,0.0,0.0,0.0,0.0,0.0,1.0,0.0,0.0,0.0
7,7,0.0,0.0,0.0,0.0,0.0,0.0,0.0,1.0,0.0,0.0,0.0
7,7,0.0,0.0,0.0,0.0,0.0,0.0,0.0,1.0,0.0,0.0,0.0
7,7,0.0,0.0,0.0,0.0,0.0,0.0,0.0,1.0,0.0,0.0,0.0
7,7,0.0,0.0,0.0,0.0,0.0,0.0,0.0,1.0,0.0,0.0,0.0
7,7,0.0,0.0,0.0,0.0,0.0,0.0,0.0,1.0,0.0,0.0,0.0
7,7,0.0,0.0,0.0,0.0,0.0,0.0,0.0,1.0,0.0,0.0,0.0
7,7,0.0,0.0,0.0,0.0,0.0,0.0,0.0,1.0,0.0,0.0,0.0
7,7,0.0,0.0,0.0,0.0,0.0,0.0,0.0,1.0,0.0,0.0,0.0
7,7,0.0,0.0,0.0,0.0,0.0,0.0,0.0,1.0,0.0,0.0,0.0
7,7,0.0,0.0,0.0,0.0,0.0,0.0,0.0,1.0,0.0,0.0,0.0
7,7,0.0,0.0,0.0,0.0,0.0,0.0,0.0,1.0,0.0,0.0,0.0
7,7,0.0,0.0,0.0,0.0,0.0,0.0,0.0,1.0,0.0,0.0,0.0
7,7,0.0,0.0,0.0,0.0,0.0,0.0,0.0,1.0,0.0,0.0,0.0
7,7,0.0,0.0,0.0,0.0,0.0,0.0,0.0,1.0,0.0,0.0,0.0
7,7,0.0,0.0,0.0,0.0,0.0,0.0,0.0,1.0,0.0,0.0,0.0
7,7,0.0,0.0,0.0,0.0,0.0,0.0,0.0,1.0,0.0,0.0,0.0
7,7,0.0,0.0,0.0,0.0,0.0,0.0,0.0,1.0,0.0,0.0,0.0
7,7,0.0,0.0,0.0,0.0,0.0,0.0,0.0,1.0,0.0,0.0,0.0
7,7,0.0,0.0,0.0,0.0,0.0,0.0,0.0,1.0,0.0,0.0,0.0
7,7,0.0,0.0,0.0,0.0,0.0,0.0,0.0,1.0,0.0,0.0,0.0
7,7,0.0,0.0,0.0,0.0,0.0,0.0,0.0,1.0,0.0,0.0,0.0
7,7,0.0,0.0,0.0,0.0,0.0,0.0,0.0,1.0,0.0,0.0,0.0
7,7,0.0,0.0,0.0,0.0,0.0,0.0,0.0,1.0,0.0,0.0,0.0
7,7,0.0,0.0,0.0,0.0,0.0,0.0,0.0,1.0,0.0,0.0,0.0
7,7,0.0,0.0,0.0,0.0,0.0,0.0,0.0,1.0,0.0,0.0,0.0
7,7,0.0,0.0,0.0,0.0,0.0,0.0,0.0,1.0,0.0,0.0,0.0
7,7,0.0,0.0,0.0,0.0,0.0,0.0,0.0,1.0,0.0,0.0,0.0
7,7,0.0,0.0,0.0,0.0,0.0,0.0,0.0,1.0,0.0,0.0,0.0
7,7,0.0,0.0,0.0,0.0,0.0,0.0,0.0,1.0,0.0,0.0,0.0
7,7,0.0,0.0,0.0,0.0,0.0,0.0,0.0,1.0,0.0,0.0,0.0
7,7,0.0,0.0,0.0,0.0,0.0,0.0,0.0,1.0,0.0,0.0,0.0
7,7,0.0,0.0,0.0,0.0,0.0,0.0,0.0,1.0,0.0,0.0,0.0
7,7,0.0,0.0,0.0,0.0,0.0,0.0,0.0,1.0,0.0,0.0,0.0
7,7,0.0,0.0,0.0,0.0,0.0,0.0,0.0,1.0,0.0,0.0,0.0
7,7,0.0,0.0,0.0,0.0,0.0,0.0,0.0,1.0,0.0,0.0,0.0
7,7,0.0,0.0,0.0,0.0,0.0,0.0,0.0,1.0,0.0,0.0,0.0
7,7,0.0,0.0,0.0,0.0,0.0,0.0,0.0,1.0,0.0,0.0,0.0
7,7,0.0,0.0,0.0,0.0,0.0,0.0,0.0,1.0,0.0,0.0,0.0
7,7,0.0,0.0,0.0,0.0,0.0,0.0,0.0,1.0,0.0,0.0,0.0
7,7,0.0,0.0,0.0,0.0,0.0,0.0,0.0,1.0,0.0,0.0,0.0
7,7,0.0,0.0,0.0,0.0,0.0,0.0,0.0,1.0,0.0,0.0,0.0
7,7,0.0,0.0,0.0,0.0,0.0,0.0,0.0,1.0,0.0,0.0,0.0
7,7,0.0,0.0,0.0,0.0,0.0,0.0,0.0,1.0,0.0,0.0,0.0
7,7,0.0,0.0,0.0,0.0,0.0,0.0,0.0,1.0,0.0,0.0,0.0
7,7,0.0,0.0,0.0,0.0,0.0,0.0,0.0,1.0,0.0,0.0,0.0
7,7,0.0,0.0,0.0,0.0,0.0,0.0,0.0,1.0,0.0,0.0,0.0
7,7,0.0,0.0,0.0,0.0,0.0,0.0,0.0,1.0,0.0,0.0,0.0
7,7,0.0,0.0,0.0,0.0,0.0,0.0,0.0,1.0,0.0,0.0,0.0
7,7,0.0,0.0,0.0,0.0,0.0,0.0,0.0,1.0,0.0,0.0,0.0
7,7,0.0,0.0,0.0,0.0,0.0,0.0,0.0,1.0,0.0,0.0,0.0
7,7,0.0,0.0,0.0,0.0,0.0,0.0,0.0,1.0,0.0,0.0,0.0
7,7,0.0,0.0,0.0,0.0,0.0,0.0,0.0,1.0,0.0,0.0,0.0
7,7,0.0,0.0,0.0,0.0,0.0,0.0,0.0,1.0,0.0,0.0,0.0
7,7,0.0,0.0,0.0,0.0,0.0,0.0,0.0,1.0,0.0,0.0,0.0
7,7,0.0,0.0,0.0,0.0,0.0,0.0,0.0,1.0,0.0,0.0,0.0
7,7,0.0,0.0,0.0,0.0,0.0,0.0,0.0,1.0,0.0,0.0,0.0
7,7,0.0,0.0,0.0,0.0,0.0,0.0,0.0,1.0,0.0,0.0,0.0
7,7,0.0,0.0,0.0,0.0,0.0,0.0,0.0,1.0,0.0,0.0,0.0
7,7,0.0,0.0,0.0,0.0,0.0,0.0,0.0,1.0,0.0,0.0,0.0
7,7,0.0,0.0,0.0,0.0,0.0,0.0,0.0,1.0,0.0,0.0,0.0
7,7,0.0,0.0,0.0,0.0,0.0,0.0,0.0,1.0,0.0,0.0,0.0
7,7,0.0,0.0,0.0,0.0,0.0,0.0,0.0,1.0,0.0,0.0,0.0
7,7,0.0,0.0,0.0,0.0,0.0,0.0,0.0,1.0,0.0,0.0,0.0
7,7,0.0,0.0,0.0,0.0,0.0,0.0,0.0,1.0,0.0,0.0,0.0
7,7,0.0,0.0,0.0,0.0,0.0,0.0,0.0,1.0,0.0,0.0,0.0
7,7,0.0,0.0,0.0,0.0,0.0,0.0,0.0,1.0,0.0,0.0,0.0
7,7,0.0,0.0,0.0,0.0,0.0,0.0,0.0,1.0,0.0,0.0,0.0
7,7,0.0,0.0,0.0,0.0,0.0,0.0,0.0,1.0,0.0,0.0,0.0
7,7,0.0,0.0,0.0,0.0,0.0,0.0,0.0,1.0,0.0,0.0,0.0
7,7,0.0,0.0,0.0,0.0,0.0,0.0,0.0,1.0,0.0,0.0,0.0
7,7,0.0,0.0,0.0,0.0,0.0,0.0,0.0,1.0,0.0,0.0,0.0
7,7,0.0,0.0,0.0,0.0,0.0,0.0,0.0,1.0,0.0,0.0,0.0
7,7,0.0,0.0,0.0,0.0,0.0,0.0,0.0,1.0,0.0,0.0,0.0
7,7,0.0,0.0,0.0,0.0,0.0,0.0,0.0,1.0,0.0,0.0,0.0
7,7,0.0,0.0,0.0,0.0,0.0,0.0,0.0,1.0,0.0,0.0,0.0
7,7,0.0,0.0,0.0,0.0,0.0,0.0,0.0,1.0,0.0,0.0,0.0
7,7,0.0,0.0,0.0,0.0,0.0,0.0,0.0,1.0,0.0,0.0,0.0
7,7,0.0,0.0,0.0,0.0,0.0,0.0,0.0,1.0,0.0,0.0,0.0
7,7,0.0,0.0,0.0,0.0,0.0,0.0,0.0,1.0,0.0,0.0,0.0
7,7,0.0,0.0,0.0,0.0,0.0,0.0,0.0,1.0,0.0,0.0,0.0
7,7,0.0,0.0,0.0,0.0,0.0,0.0,0.0,1.0,0.0,0.0,0.0
7,7,0.0,0.0,0.0,0.0,0.0,0.0,0.0,1.0,0.0,0.0,0.0
7,7,0.0,0.0,0.0,0.0,0.0,0.0,0.0,1.0,0.0,0.0,0.0
7,7,0.0,0.0,0.0,0.0,0.0,0.0,0.0,1.0,0.0,0.0,0.0
7,7,0.0,0.0,0.0,0.0,0.0,0.0,0.0,1.0,0.0,0.0,0.0
7,7,0.0,0.0,0.0,0.0,0.0,0.0,0.0,1.0,0.0,0.0,0.0
7,7,0.0,0.0,0.0,0.0,0.0,0.0,0.0,1.0,0.0,0.0,0.0
7,7,0.0,0.0,0.0,0.0,0.0,0.0,0.0,1.0,0.0,0.0,0.0
7,7,0.0,0.0,0.0,0.0,0.0,0.0,0.0,1.0,0.0,0.0,0.0
7,7,0.0,0.0,0.0,0.0,0.0,0.0,0.0,1.0,0.0,0.0,0.0
7,7,0.0,0.0,0.0,0.0,0.0,0.0,0.0,1.0,0.0,0.0,0.0
7,7,0.0,0.0,0.0,0.0,0.0,0.0,0.0,1.0,0.0,0.0,0.0
7,7,0.0,0.0,0.0,0.0,0.0,0.0,0.0,1.0,0.0,0.0,0.0
7,7,0.0,0.0,0.0,0.0,0.0,0.0,0.0,1.0,0.0,0.0,0.0
7,7,0.0,0.0,0.0,0.0,0.0,0.0,0.0,1.0,0.0,0.0,0.0
7,7,0.0,0.0,0.0,0.0,0.0,0.0,0.0,1.0,0.0,0.0,0.0
7,7,0.0,0.0,0.0,0.0,0.0,0.0,0.0,1.0,0.0,0.0,0.0
7,7,0.0,0.0,0.0,0.0,0.0,0.0,0.0,1.0,0.0,0.0,0.0
7,7,0.0,0.0,0.0,0.0,0.0,0.0,0.0,1.0,0.0,0.0,0.0
7,7,0.0,0.0,0.0,0.0,0.0,0.0,0.0,1.0,0.0,0.0,0.0
7,7,0.0,0.0,0.0,0.0,0.0,0.0,0.0,1.0,0.0,0.0,0.0
7,7,0.0,0.0,0.0,0.0,0.0,0.0,0.0,1.0,0.0,0.0,0.0
7,7,0.0,0.0,0.0,0.0,0.0,0.0,0.0,1.0,0.0,0.0,0.0
7,7,0.0,0.0,0.0,0.0,0.0,0.0,0.0,1.0,0.0,0.0,0.0
7,7,0.0,0.0,0.0,0.0,0.0,0.0,0.0,1.0,0.0,0.0,0.0
7,7,0.0,0.0,0.0,0.0,0.0,0.0,0.0,1.0,0.0,0.0,0.0
7,7,0.0,0.0,0.0,0.0,0.0,0.0,0.0,1.0,0.0,0.0,0.0
7,7,0.0,0.0,0.0,0.0,0.0,0.0,0.0,1.0,0.0,0.0,0.0
7,7,0.0,0.0,0.0,0.0,0.0,0.0,0.0,1.0,0.0,0.0,0.0
7,7,0.0,0.0,0.0,0.0,0.0,0.0,0.0,1.0,0.0,0.0,0.0
7,7,0.0,0.0,0.0,0.0,0.0,0.0,0.0,1.0,0.0,0.0,0.0
7,7,0.0,0.0,0.0,0.0,0.0,0.0,0.0,1.0,0.0,0.0,0.0
7,7,0.0,0.0,0.0,0.0,0.0,0.0,0.0,1.0,0.0,0.0,0.0
7,7,0.0,0.0,0.0,0.0,0.0,0.0,0.0,1.0,0.0,0.0,0.0
7,7,0.0,0.0,0.0,0.0,0.0,0.0,0.0,1.0,0.0,0.0,0.0
7,7,0.0,0.0,0.0,0.0,0.0,0.0,0.0,1.0,0.0,0.0,0.0
7,7,0.0,0.0,0.0,0.0,0.0,0.0,0.0,1.0,0.0,0.0,0.0
7,7,0.0,0.0,0.0,0.0,0.0,0.0,0.0,1.0,0.0,0.0,0.0
7,7,0.0,0.0,0.0,0.0,0.0,0.0,0.0,1.0,0.0,0.0,0.0
7,7,0.0,0.0,0.0,0.0,0.0,0.0,0.0,1.0,0.0,0.0,0.0
7,7,0.0,0.0,0.0,0.0,0.0,0.0,0.0,1.0,0.0,0.0,0.0
7,7,0.0,0.0,0.0,0.0,0.0,0.0,0.0,1.0,0.0,0.0,0.0
7,7,0.0,0.0,0.0,0.0,0.0,0.0,0.0,1.0,0.0,0.0,0.0
7,7,0.0,0.0,0.0,0.0,0.0,0.0,0.0,1.0,0.0,0.0,0.0
7,7,0.0,0.0,0.0,0.0,0.0,0.0,0.0,1.0,0.0,0.0,0.0
7,7,0.0,0.0,0.0,0.0,0.0,0.0,0.0,1.0,0.0,0.0,0.0
7,7,0.0,0.0,0.0,0.0,0.0,0.0,0.0,1.0,0.0,0.0,0.0
7,7,0.0,0.0,0.0,0.0,0.0,0.0,0.0,1.0,0.0,0.0,0.0
7,7,0.0,0.0,0.0,0.0,0.0,0.0,0.0,1.0,0.0,0.0,0.0
7,7,0.0,0.0,0.0,0.0,0.0,0.0,0.0,1.0,0.0,0.0,0.0
7,7,0.0,0.0,0.0,0.0,0.0,0.0,0.0,1.0,0.0,0.0,0.0
7,7,0.0,0.0,0.0,0.0,0.0,0.0,0.0,1.0,0.0,0.0,0.0
7,7,0.0,0.0,0.0,0.0,0.0,0.0,0.0,1.0,0.0,0.0,0.0
7,7,0.0,0.0,0.0,0.0,0.0,0.0,0.0,1.0,0.0,0.0,0.0
7,7,0.0,0.0,0.0,0.0,0.0,0.0,0.0,1.0,0.0,0.0,0.0
7,7,0.0,0.0,0.0,0.0,0.0,0.0,0.0,1.0,0.0,0.0,0.0
7,7,0.0,0.0,0.0,0.0,0.0,0.0,0.0,1.0,0.0,0.0,0.0
7,7,0.0,0.0,0.0,0.0,0.0,0.0,0.0,1.0,0.0,0.0,0.0
7,7,0.0,0.0,0.0,0.0,0.0,0.0,0.0,1.0,0.0,0.0,0.0
7,7,0.0,0.0,0.0,0.0,0.0,0.0,0.0,1.0,0.0,0.0,0.0
7,7,0.0,0.0,0.0,0.0,0.0,0.0,0.0,1.0,0.0,0.0,0.0
7,7,0.0,0.0,0.0,0.0,0.0,0.0,0.0,1.0,0.0,0.0,0.0
7,7,0.0,0.0,0.0,0.0,0.0,0.0,0.0,1.0,0.0,0.0,0.0
7,7,0.0,0.0,0.0,0.0,0.0,0.0,0.0,1.0,0.0,0.0,0.0
7,7,0.0,0.0,0.0,0.0,0.0,0.0,0.0,1.0,0.0,0.0,0.0
7,7,0.0,0.0,0.0,0.0,0.0,0.0,0.0,1.0,0.0,0.0,0.0
7,7,0.0,0.0,0.0,0.0,0.0,0.0,0.0,1.0,0.0,0.0,0.0
7,7,0.0,0.0,0.0,0.0,0.0,0.0,0.0,1.0,0.0,0.0,0.0
7,7,0.0,0.0,0.0,0.0,0.0,0.0,0.0,1.0,0.0,0.0,0.0
7,7,0.0,0.0,0.0,0.0,0.0,0.0,0.0,1.0,0.0,0.0,0.0
7,7,0.0,0.0,0.0,0.0,0.0,0.0,0.0,1.0,0.0,0.0,0.0
7,7,0.0,0.0,0.0,0.0,0.0,0.0,0.0,1.0,0.0,0.0,0.0
7,7,0.0,0.0,0.0,0.0,0.0,0.0,0.0,1.0,0.0,0.0,0.0
7,7,0.0,0.0,0.0,0.0,0.0,0.0,0.0,1.0,0.0,0.0,0.0
7,7,0.0,0.0,0.0,0.0,0.0,0.0,0.0,1.0,0.0,0.0,0.0
7,7,0.0,0.0,0.0,0.0,0.0,0.0,0.0,1.0,0.0,0.0,0.0
7,7,0.0,0.0,0.0,0.0,0.0,0.0,0.0,1.0,0.0,0.0,0.0
7,7,0.0,0.0,0.0,0.0,0.0,0.0,0.0,1.0,0.0,0.0,0.0
7,7,0.0,0.0,0.0,0.0,0.0,0.0,0.0,1.0,0.0,0.0,0.0
7,7,0.0,0.0,0.0,0.0,0.0,0.0,0.0,1.0,0.0,0.0,0.0
7,7,0.0,0.0,0.0,0.0,0.0,0.0,0.0,1.0,0.0,0.0,0.0
7,7,0.0,0.0,0.0,0.0,0.0,0.0,0.0,1.0,0.0,0.0,0.0
7,7,0.0,0.0,0.0,0.0,0.0,0.0,0.0,1.0,0.0,0.0,0.0
7,7,0.0,0.0,0.0,0.0,0.0,0.0,0.0,1.0,0.0,0.0,0.0
7,7,0.0,0.0,0.0,0.0,0.0,0.0,0.0,1.0,0.0,0.0,0.0
7,7,0.0,0.0,0.0,0.0,0.0,0.0,0.0,1.0,0.0,0.0,0.0
7,7,0.0,0.0,0.0,0.0,0.0,0.0,0.0,1.0,0.0,0.0,0.0
7,7,0.0,0.0,0.0,0.0,0.0,0.0,0.0,1.0,0.0,0.0,0.0
7,7,0.0,0.0,0.0,0.0,0.0,0.0,0.0,1.0,0.0,0.0,0.0
7,7,0.0,0.0,0.0,0.0,0.0,0.0,0.0,1.0,0.0,0.0,0.0
7,7,0.0,0.0,0.0,0.0,0.0,0.0,0.0,1.0,0.0,0.0,0.0
7,7,0.0,0.0,0.0,0.0,0.0,0.0,0.0,1.0,0.0,0.0,0.0
7,7,0.0,0.0,0.0,0.0,0.0,0.0,0.0,1.0,0.0,0.0,0.0
7,7,0.0,0.0,0.0,0.0,0.0,0.0,0.0,1.0,0.0,0.0,0.0
7,7,0.0,0.0,0.0,0.0,0.0,0.0,0.0,1.0,0.0,0.0,0.0
7,7,0.0,0.0,0.0,0.0,0.0,0.0,0.0,1.0,0.0,0.0,0.0
7,7,0.0,0.0,0.0,0.0,0.0,0.0,0.0,1.0,0.0,0.0,0.0
7,7,0.0,0.0,0.0,0.0,0.0,0.0,0.0,1.0,0.0,0.0,0.0
7,7,0.0,0.0,0.0,0.0,0.0,0.0,0.0,1.0,0.0,0.0,0.0
7,7,0.0,0.0,0.0,0.0,0.0,0.0,0.0,1.0,0.0,0.0,0.0
7,7,0.0,0.0,0.0,0.0,0.0,0.0,0.0,1.0,0.0,0.0,0.0
7,7,0.0,0.0,0.0,0.0,0.0,0.0,0.0,1.0,0.0,0.0,0.0
7,7,0.0,0.0,0.0,0.0,0.0,0.0,0.0,1.0,0.0,0.0,0.0
7,7,0.0,0.0,0.0,0.0,0.0,0.0,0.0,1.0,0.0,0.0,0.0
7,7,0.0,0.0,0.0,0.0,0.0,0.0,0.0,1.0,0.0,0.0,0.0
7,7,0.0,0.0,0.0,0.0,0.0,0.0,0.0,1.0,0.0,0.0,0.0
7,7,0.0,0.0,0.0,0.0,0.0,0.0,0.0,1.0,0.0,0.0,0.0
7,7,0.0,0.0,0.0,0.0,0.0,0.0,0.0,1.0,0.0,0.0,0.0
7,7,0.0,0.0,0.0,0.0,0.0,0.0,0.0,1.0,0.0,0.0,0.0
7,7,0.0,0.0,0.0,0.0,0.0,0.0,0.0,1.0,0.0,0.0,0.0
7,7,0.0,0.0,0.0,0.0,0.0,0.0,0.0,1.0,0.0,0.0,0.0
7,7,0.0,0.0,0.0,0.0,0.0,0.0,0.0,1.0,0.0,0.0,0.0
7,7,0.0,0.0,0.0,0.0,0.0,0.0,0.0,1.0,0.0,0.0,0.0
7,7,0.0,0.0,0.0,0.0,0.0,0.0,0.0,1.0,0.0,0.0,0.0
7,7,0.0,0.0,0.0,0.0,0.0,0.0,0.0,1.0,0.0,0.0,0.0
7,7,0.0,0.0,0.0,0.0,0.0,0.0,0.0,1.0,0.0,0.0,0.0
7,7,0.0,0.0,0.0,0.0,0.0,0.0,0.0,1.0,0.0,0.0,0.0
7,7,0.0,0.0,0.0,0.0,0.0,0.0,0.0,1.0,0.0,0.0,0.0
7,7,0.0,0.0,0.0,0.0,0.0,0.0,0.0,1.0,0.0,0.0,0.0
7,7,0.0,0.0,0.0,0.0,0.0,0.0,0.0,1.0,0.0,0.0,0.0
7,7,0.0,0.0,0.0,0.0,0.0,0.0,0.0,1.0,0.0,0.0,0.0
7,7,0.0,0.0,0.0,0.0,0.0,0.0,0.0,1.0,0.0,0.0,0.0
7,7,0.0,0.0,0.0,0.0,0.0,0.0,0.0,1.0,0.0,0.0,0.0
7,7,0.0,0.0,0.0,0.0,0.0,0.0,0.0,1.0,0.0,0.0,0.0
7,7,0.0,0.0,0.0,0.0,0.0,0.0,0.0,1.0,0.0,0.0,0.0
7,7,0.0,0.0,0.0,0.0,0.0,0.0,0.0,1.0,0.0,0.0,0.0
7,7,0.0,0.0,0.0,0.0,0.0,0.0,0.0,1.0,0.0,0.0,0.0
7,7,0.0,0.0,0.0,0.0,0.0,0.0,0.0,1.0,0.0,0.0,0.0
7,7,0.0,0.0,0.0,0.0,0.0,0.0,0.0,1.0,0.0,0.0,0.0
7,7,0.0,0.0,0.0,0.0,0.0,0.0,0.0,1.0,0.0,0.0,0.0
7,7,0.0,0.0,0.0,0.0,0.0,0.0,0.0,1.0,0.0,0.0,0.0
7,7,0.0,0.0,0.0,0.0,0.0,0.0,0.0,1.0,0.0,0.0,0.0
7,7,0.0,0.0,0.0,0.0,0.0,0.0,0.0,1.0,0.0,0.0,0.0
7,7,0.0,0.0,0.0,0.0,0.0,0.0,0.0,1.0,0.0,0.0,0.0
7,7,0.0,0.0,0.0,0.0,0.0,0.0,0.0,1.0,0.0,0.0,0.0
7,7,0.0,0.0,0.0,0.0,0.0,0.0,0.0,1.0,0.0,0.0,0.0
7,7,0.0,0.0,0.0,0.0,0.0,0.0,0.0,1.0,0.0,0.0,0.0
7,7,0.0,0.0,0.0,0.0,0.0,0.0,0.0,1.0,0.0,0.0,0.0
7,7,0.0,0.0,0.0,0.0,0.0,0.0,0.0,1.0,0.0,0.0,0.0
7,7,0.0,0.0,0.0,0.0,0.0,0.0,0.0,1.0,0.0,0.0,0.0
7,7,0.0,0.0,0.0,0.0,0.0,0.0,0.0,1.0,0.0,0.0,0.0
7,7,0.0,0.0,0.0,0.0,0.0,0.0,0.0,1.0,0.0,0.0,0.0
7,7,0.0,0.0,0.0,0.0,0.0,0.0,0.0,1.0,0.0,0.0,0.0
7,7,0.0,0.0,0.0,0.0,0.0,0.0,0.0,1.0,0.0,0.0,0.0
7,7,0.0,0.0,0.0,0.0,0.0,0.0,0.0,1.0,0.0,0.0,0.0
7,7,0.0,0.0,0.0,0.0,0.0,0.0,0.0,1.0,0.0,0.0,0.0
7,7,0.0,0.0,0.0,0.0,0.0,0.0,0.0,1.0,0.0,0.0,0.0
7,7,0.0,0.0,0.0,0.0,0.0,0.0,0.0,1.0,0.0,0.0,0.0
7,7,0.0,0.0,0.0,0.0,0.0,0.0,0.0,1.0,0.0,0.0,0.0
7,7,0.0,0.0,0.0,0.0,0.0,0.0,0.0,1.0,0.0,0.0,0.0
7,7,0.0,0.0,0.0,0.0,0.0,0.0,0.0,1.0,0.0,0.0,0.0
7,7,0.0,0.0,0.0,0.0,0.0,0.0,0.0,1.0,0.0,0.0,0.0
7,7,0.0,0.0,0.0,0.0,0.0,0.0,0.0,1.0,0.0,0.0,0.0
7,7,0.0,0.0,0.0,0.0,0.0,0.0,0.0,1.0,0.0,0.0,0.0
7,7,0.0,0.0,0.0,0.0,0.0,0.0,0.0,1.0,0.0,0.0,0.0
7,7,0.0,0.0,0.0,0.0,0.0,0.0,0.0,1.0,0.0,0.0,0.0
7,7,0.0,0.0,0.0,0.0,0.0,0.0,0.0,1.0,0.0,0.0,0.0
7,7,0.0,0.0,0.0,0.0,0.0,0.0,0.0,1.0,0.0,0.0,0.0
7,7,0.0,0.0,0.0,0.0,0.0,0.0,0.0,1.0,0.0,0.0,0.0
7,7,0.0,0.0,0.0,0.0,0.0,0.0,0.0,1.0,0.0,0.0,0.0
7,7,0.0,0.0,0.0,0.0,0.0,0.0,0.0,1.0,0.0,0.0,0.0
7,7,0.0,0.0,0.0,0.0,0.0,0.0,0.0,1.0,0.0,0.0,0.0
7,7,0.0,0.0,0.0,0.0,0.0,0.0,0.0,1.0,0.0,0.0,0.0
7,7,0.0,0.0,0.0,0.0,0.0,0.0,0.0,1.0,0.0,0.0,0.0
7,7,0.0,0.0,0.0,0.0,0.0,0.0,0.0,1.0,0.0,0.0,0.0
7,7,0.0,0.0,0.0,0.0,0.0,0.0,0.0,1.0,0.0,0.0,0.0
7,7,0.0,0.0,0.0,0.0,0.0,0.0,0.0,1.0,0.0,0.0,0.0
7,7,0.0,0.0,0.0,0.0,0.0,0.0,0.0,1.0,0.0,0.0,0.0
7,7,0.0,0.0,0.0,0.0,0.0,0.0,0.0,1.0,0.0,0.0,0.0
7,7,0.0,0.0,0.0,0.0,0.0,0.0,0.0,1.0,0.0,0.0,0.0
7,7,0.0,0.0,0.0,0.0,0.0,0.0,0.0,1.0,0.0,0.0,0.0
7,7,0.0,0.0,0.0,0.0,0.0,0.0,0.0,1.0,0.0,0.0,0.0
7,7,0.0,0.0,0.0,0.0,0.0,0.0,0.0,1.0,0.0,0.0,0.0
7,7,0.0,0.0,0.0,0.0,0.0,0.0,0.0,1.0,0.0,0.0,0.0
7,7,0.0,0.0,0.0,0.0,0.0,0.0,0.0,1.0,0.0,0.0,0.0
7,7,0.0,0.0,0.0,0.0,0.0,0.0,0.0,1.0,0.0,0.0,0.0
7,7,0.0,0.0,0.0,0.0,0.0,0.0,0.0,1.0,0.0,0.0,0.0
7,7,0.0,0.0,0.0,0.0,0.0,0.0,0.0,1.0,0.0,0.0,0.0
7,7,0.0,0.0,0.0,0.0,0.0,0.0,0.0,1.0,0.0,0.0,0.0
7,7,0.0,0.0,0.0,0.0,0.0,0.0,0.0,1.0,0.0,0.0,0.0
7,7,0.0,0.0,0.0,0.0,0.0,0.0,0.0,1.0,0.0,0.0,0.0
7,7,0.0,0.0,0.0,0.0,0.0,0.0,0.0,1.0,0.0,0.0,0.0
7,7,0.0,0.0,0.0,0.0,0.0,0.0,0.0,1.0,0.0,0.0,0.0
7,7,0.0,0.0,0.0,0.0,0.0,0.0,0.0,1.0,0.0,0.0,0.0
7,7,0.0,0.0,0.0,0.0,0.0,0.0,0.0,1.0,0.0,0.0,0.0
7,7,0.0,0.0,0.0,0.0,0.0,0.0,0.0,1.0,0.0,0.0,0.0
7,7,0.0,0.0,0.0,0.0,0.0,0.0,0.0,1.0,0.0,0.0,0.0
7,7,0.0,0.0,0.0,0.0,0.0,0.0,0.0,1.0,0.0,0.0,0.0
7,7,0.0,0.0,0.0,0.0,0.0,0.0,0.0,1.0,0.0,0.0,0.0
7,7,0.0,0.0,0.0,0.0,0.0,0.0,0.0,1.0,0.0,0.0,0.0
7,7,0.0,0.0,0.0,0.0,0.0,0.0,0.0,1.0,0.0,0.0,0.0
7,7,0.0,0.0,0.0,0.0,0.0,0.0,0.0,1.0,0.0,0.0,0.0
7,7,0.0,0.0,0.0,0.0,0.0,0.0,0.0,1.0,0.0,0.0,0.0
7,7,0.0,0.0,0.0,0.0,0.0,0.0,0.0,1.0,0.0,0.0,0.0
7,7,0.0,0.0,0.0,0.0,0.0,0.0,0.0,1.0,0.0,0.0,0.0
7,7,0.0,0.0,0.0,0.0,0.0,0.0,0.0,1.0,0.0,0.0,0.0
7,7,0.0,0.0,0.0,0.0,0.0,0.0,0.0,1.0,0.0,0.0,0.0
7,7,0.0,0.0,0.0,0.0,0.0,0.0,0.0,1.0,0.0,0.0,0.0
7,7,0.0,0.0,0.0,0.0,0.0,0.0,0.0,1.0,0.0,0.0,0.0
7,7,0.0,0.0,0.0,0.0,0.0,0.0,0.0,1.0,0.0,0.0,0.0
7,7,0.0,0.0,0.0,0.0,0.0,0.0,0.0,1.0,0.0,0.0,0.0
7,7,0.0,0.0,0.0,0.0,0.0,0.0,0.0,1.0,0.0,0.0,0.0
7,7,0.0,0.0,0.0,0.0,0.0,0.0,0.0,1.0,0.0,0.0,0.0
7,7,0.0,0.0,0.0,0.0,0.0,0.0,0.0,1.0,0.0,0.0,0.0
7,7,0.0,0.0,0.0,0.0,0.0,0.0,0.0,1.0,0.0,0.0,0.0
7,7,0.0,0.0,0.0,0.0,0.0,0.0,0.0,1.0,0.0,0.0,0.0
7,7,0.0,0.0,0.0,0.0,0.0,0.0,0.0,1.0,0.0,0.0,0.0
7,7,0.0,0.0,0.0,0.0,0.0,0.0,0.0,1.0,0.0,0.0,0.0
7,7,0.0,0.0,0.0,0.0,0.0,0.0,0.0,1.0,0.0,0.0,0.0
7,7,0.0,0.0,0.0,0.0,0.0,0.0,0.0,1.0,0.0,0.0,0.0
7,7,0.0,0.0,0.0,0.0,0.0,0.0,0.0,1.0,0.0,0.0,0.0
7,7,0.0,0.0,0.0,0.0,0.0,0.0,0.0,1.0,0.0,0.0,0.0
7,7,0.0,0.0,0.0,0.0,0.0,0.0,0.0,1.0,0.0,0.0,0.0
7,7,0.0,0.0,0.0,0.0,0.0,0.0,0.0,1.0,0.0,0.0,0.0
7,7,0.0,0.0,0.0,0.0,0.0,0.0,0.0,1.0,0.0,0.0,0.0
7,7,0.0,0.0,0.0,0.0,0.0,0.0,0.0,1.0,0.0,0.0,0.0
7,7,0.0,0.0,0.0,0.0,0.0,0.0,0.0,1.0,0.0,0.0,0.0
7,7,0.0,0.0,0.0,0.0,0.0,0.0,0.0,1.0,0.0,0.0,0.0
7,7,0.0,0.0,0.0,0.0,0.0,0.0,0.0,1.0,0.0,0.0,0.0
7,7,0.0,0.0,0.0,0.0,0.0,0.0,0.0,1.0,0.0,0.0,0.0
7,7,0.0,0.0,0.0,0.0,0.0,0.0,0.0,1.0,0.0,0.0,0.0
7,7,0.0,0.0,0.0,0.0,0.0,0.0,0.0,1.0,0.0,0.0,0.0
7,7,0.0,0.0,0.0,0.0,0.0,0.0,0.0,1.0,0.0,0.0,0.0
7,7,0.0,0.0,0.0,0.0,0.0,0.0,0.0,1.0,0.0,0.0,0.0
7,7,0.0,0.0,0.0,0.0,0.0,0.0,0.0,1.0,0.0,0.0,0.0
7,7,0.0,0.0,0.0,0.0,0.0,0.0,0.0,1.0,0.0,0.0,0.0
7,7,0.0,0.0,0.0,0.0,0.0,0.0,0.0,1.0,0.0,0.0,0.0
7,7,0.0,0.0,0.0,0.0,0.0,0.0,0.0,1.0,0.0,0.0,0.0
7,7,0.0,0.0,0.0,0.0,0.0,0.0,0.0,1.0,0.0,0.0,0.0
7,7,0.0,0.0,0.0,0.0,0.0,0.0,0.0,1.0,0.0,0.0,0.0
7,7,0.0,0.0,0.0,0.0,0.0,0.0,0.0,1.0,0.0,0.0,0.0
7,7,0.0,0.0,0.0,0.0,0.0,0.0,0.0,1.0,0.0,0.0,0.0
7,7,0.0,0.0,0.0,0.0,0.0,0.0,0.0,1.0,0.0,0.0,0.0
7,7,0.0,0.0,0.0,0.0,0.0,0.0,0.0,1.0,0.0,0.0,0.0
7,7,0.0,0.0,0.0,0.0,0.0,0.0,0.0,1.0,0.0,0.0,0.0
7,7,0.0,0.0,0.0,0.0,0.0,0.0,0.0,1.0,0.0,0.0,0.0
8,7,0.0,0.0,0.0,0.0,0.0,0.0,0.0,1.0,0.0,0.0,0.0
8,7,0.0,0.0,0.0,0.0,0.0,0.0,0.0,1.0,0.0,0.0,0.0
8,7,0.0,0.0,0.0,0.0,0.0,0.0,0.0,1.0,0.0,0.0,0.0
8,7,0.0,0.0,0.0,0.0,0.0,0.0,0.0,1.0,0.0,0.0,0.0
8,7,0.0,0.0,0.0,0.0,0.0,0.0,0.0,1.0,0.0,0.0,0.0
8,7,0.0,0.0,0.0,0.0,0.0,0.0,0.0,1.0,0.0,0.0,0.0
8,7,0.0,0.0,0.0,0.0,0.0,0.0,0.0,1.0,0.0,0.0,0.0
8,7,0.0,0.0,0.0,0.0,0.0,0.0,0.0,1.0,0.0,0.0,0.0
8,7,0.0,0.0,0.0,0.0,0.0,0.0,0.0,1.0,0.0,0.0,0.0
8,7,0.0,0.0,0.0,0.0,0.0,0.0,0.0,1.0,0.0,0.0,0.0
8,7,0.0,0.0,0.0,0.0,0.0,0.0,0.0,1.0,0.0,0.0,0.0
8,7,0.0,0.0,0.0,0.0,0.0,0.0,0.0,1.0,0.0,0.0,0.0
8,7,0.0,0.0,0.0,0.0,0.0,0.0,0.0,1.0,0.0,0.0,0.0
8,7,0.0,0.0,0.0,0.0,0.0,0.0,0.0,1.0,0.0,0.0,0.0
8,7,0.0,0.0,0.0,0.0,0.0,0.0,0.0,1.0,0.0,0.0,0.0
8,7,0.0,0.0,0.0,0.0,0.0,0.0,0.0,1.0,0.0,0.0,0.0
8,7,0.0,0.0,0.0,0.0,0.0,0.0,0.0,1.0,0.0,0.0,0.0
8,7,0.0,0.0,0.0,0.0,0.0,0.0,0.0,1.0,0.0,0.0,0.0
8,7,0.0,0.0,0.0,0.0,0.0,0.0,0.0,1.0,0.0,0.0,0.0
8,7,0.0,0.0,0.0,0.0,0.0,0.0,0.0,1.0,0.0,0.0,0.0
8,7,0.0,0.0,0.0,0.0,0.0,0.0,0.0,1.0,0.0,0.0,0.0
8,7,0.0,0.0,0.0,0.0,0.0,0.0,0.0,1.0,0.0,0.0,0.0
8,7,0.0,0.0,0.0,0.0,0.0,0.0,0.0,1.0,0.0,0.0,0.0
8,7,0.0,0.0,0.0,0.0,0.0,0.0,0.0,1.0,0.0,0.0,0.0
8,7,0.0,0.0,0.0,0.0,0.0,0.0,0.0,1.0,0.0,0.0,0.0
8,7,0.0,0.0,0.0,0.0,0.0,0.0,0.0,1.0,0.0,0.0,0.0
8,7,0.0,0.0,0.0,0.0,0.0,0.0,0.0,1.0,0.0,0.0,0.0
8,7,0.0,0.0,0.0,0.0,0.0,0.0,0.0,1.0,0.0,0.0,0.0
8,7,0.0,0.0,0.0,0.0,0.0,0.0,0.0,1.0,0.0,0.0,0.0
8,7,0.0,0.0,0.0,0.0,0.0,0.0,0.0,1.0,0.0,0.0,0.0
8,7,0.0,0.0,0.0,0.0,0.0,0.0,0.0,1.0,0.0,0.0,0.0
8,7,0.0,0.0,0.0,0.0,0.0,0.0,0.0,1.0,0.0,0.0,0.0
8,7,0.0,0.0,0.0,0.0,0.0,0.0,0.0,1.0,0.0,0.0,0.0
8,7,0.0,0.0,0.0,0.0,0.0,0.0,0.0,1.0,0.0,0.0,0.0
8,7,0.0,0.0,0.0,0.0,0.0,0.0,0.0,1.0,0.0,0.0,0.0
8,7,0.0,0.0,0.0,0.0,0.0,0.0,0.0,1.0,0.0,0.0,0.0
8,7,0.0,0.0,0.0,0.0,0.0,0.0,0.0,1.0,0.0,0.0,0.0
8,7,0.0,0.0,0.0,0.0,0.0,0.0,0.0,1.0,0.0,0.0,0.0
8,7,0.0,0.0,0.0,0.0,0.0,0.0,0.0,1.0,0.0,0.0,0.0
8,7,0.0,0.0,0.0,0.0,0.0,0.0,0.0,1.0,0.0,0.0,0.0
8,7,0.0,0.0,0.0,0.0,0.0,0.0,0.0,1.0,0.0,0.0,0.0
8,7,0.0,0.0,0.0,0.0,0.0,0.0,0.0,1.0,0.0,0.0,0.0
8,7,0.0,0.0,0.0,0.0,0.0,0.0,0.0,1.0,0.0,0.0,0.0
8,7,0.0,0.0,0.0,0.0,0.0,0.0,0.0,1.0,0.0,0.0,0.0
8,7,0.0,0.0,0.0,0.0,0.0,0.0,0.0,1.0,0.0,0.0,0.0
8,7,0.0,0.0,0.0,0.0,0.0,0.0,0.0,1.0,0.0,0.0,0.0
8,7,0.0,0.0,0.0,0.0,0.0,0.0,0.0,1.0,0.0,0.0,0.0
8,7,0.0,0.0,0.0,0.0,0.0,0.0,0.0,1.0,0.0,0.0,0.0
8,7,0.0,0.0,0.0,0.0,0.0,0.0,0.0,1.0,0.0,0.0,0.0
8,7,0.0,0.0,0.0,0.0,0.0,0.0,0.0,1.0,0.0,0.0,0.0
8,7,0.0625,0.0,0.0,0.0,0.0,0.0,0.0,0.9375,0.0,0.0,0.0
8,7,0.0625,0.0,0.0,0.0,0.0,0.0,0.0,0.9375,0.0,0.0,0.0
8,7,0.0625,0.0,0.0,0.0,0.0,0.0,0.0,0.9375,0.0,0.0,0.0
8,7,0.0625,0.0,0.0,0.0,0.0,0.0,0.0,0.9375,0.0,0.0,0.0
8,7,0.0625,0.0,0.0,0.0,0.0,0.0,0.0,0.9375,0.0,0.0,0.0
8,7,0.0625,0.0,0.0,0.0,0.0,0.0,0.0,0.9375,0.0,0.0,0.0
8,7,0.0625,0.0,0.0,0.0,0.0,0.0,0.0,0.9375,0.0,0.0,0.0
8,7,0.0625,0.0,0.0,0.0,0.0,0.0,0.0,0.9375,0.0,0.0,0.0
8,7,0.0625,0.0,0.0,0.0,0.0,0.0,0.0,0.9375,0.0,0.0,0.0
8,7,0.0625,0.0,0.0,0.0,0.0,0.0,0.0,0.9375,0.0,0.0,0.0
8,7,0.0625,0.0,0.0,0.0,0.0,0.0,0.0,0.9375,0.0,0.0,0.0
8,7,0.0625,0.0,0.0,0.0,0.0,0.0,0.0,0.9375,0.0,0.0,0.0
8,7,0.0625,0.0,0.0,0.0,0.0,0.0,0.0,0.9375,0.0,0.0,0.0
8,7,0.0625,0.0,0.0,0.0,0.0,0.0,0.0,0.9375,0.0,0.0,0.0
8,7,0.0625,0.0,0.0,0.0,0.0,0.0,0.0,0.9375,0.0,0.0,0.0
8,7,0.0625,0.0,0.0,0.0,0.0,0.0,0.0,0.9375,0.0,0.0,0.0
8,7,0.0625,0.0,0.0,0.0,0.0,0.0,0.0,0.9375,0.0,0.0,0.0
8,7,0.0625,0.0,0.0,0.0,0.0,0.0,0.0,0.9375,0.0,0.0,0.0
8,7,0.0625,0.0,0.0,0.0,0.0,0.0,0.0,0.9375,0.0,0.0,0.0
8,7,0.0625,0.0,0.0,0.0,0.0,0.0,0.0,0.9375,0.0,0.0,0.0
8,7,0.0625,0.0,0.0,0.0,0.0,0.0,0.0,0.875,0.0625,0.0,0.0
8,7,0.0625,0.0,0.0,0.0,0.0,0.0,0.0,0.875,0.0625,0.0,0.0
8,7,0.0625,0.0,0.0,0.0,0.0,0.0,0.0,0.875,0.0625,0.0,0.0
8,7,0.0625,0.0,0.0,0.0,0.0,0.0,0.0,0.875,0.0625,0.0,0.0
8,7,0.0625,0.0,0.0,0.0,0.0,0.0,0.0,0.875,0.0625,0.0,0.0
8,7,0.0625,0.0,0.0,0.0,0.0,0.0,0.0,0.875,0.0625,0.0,0.0
8,7,0.0625,0.0,0.0,0.0,0.0,0.0,0.0,0.75,0.1875,0.0,0.0
8,7,0.0625,0.0,0.0,0.0,0.0,0.0,0.0,0.75,0.1875,0.0,0.0
8,7,0.0625,0.0,0.0,0.0,0.0,0.0,0.0,0.75,0.1875,0.0,0.0
8,7,0.0625,0.0,0.0,0.0,0.0,0.0,0.0,0.75,0.1875,0.0,0.0
8,7,0.0625,0.0,0.0,0.0,0.0,0.0,0.0,0.6875,0.25,0.0,0.0
8,7,0.0625,0.0,0.0,0.0,0.0,0.0,0.0,0.6875,0.25,0.0,0.0
8,7,0.0625,0.0,0.0,0.0,0.0,0.0,0.0,0.6875,0.25,0.0,0.0
8,7,0.0625,0.0,0.0,0.0,0.0,0.0,0.0,0.6875,0.25,0.0,0.0
8,7,0.0625,0.0,0.0,0.0,0.0,0.0,0.0,0.6875,0.25,0.0,0.0
8,7,0.0625,0.0,0.0,0.0,0.0,0.0,0.0,0.6875,0.25,0.0,0.0
8,7,0.0625,0.0,0.0,0.0,0.0,0.0,0.0,0.6875,0.25,0.0,0.0
8,7,0.0625,0.0,0.0,0.0,0.0,0.0,0.0,0.6875,0.25,0.0,0.0
8,7,0.0625,0.0,0.0,0.0,0.0,0.0,0.0,0.6875,0.25,0.0,0.0
8,7,0.0625,0.0,0.0,0.0,0.0,0.0,0.0,0.6875,0.25,0.0,0.0
8,7,0.0625,0.0,0.0,0.0,0.0,0.0,0.0,0.625,0.3125,0.0,0.0
8,7,0.0625,0.0,0.0,0.0,0.0,0.0,0.0,0.625,0.3125,0.0,0.0
8,7,0.0625,0.0,0.0,0.0,0.0,0.0,0.0,0.5,0.4375,0.0,0.0
8,7,0.0625,0.0,0.0,0.0,0.0,0.0,0.0,0.5,0.4375,0.0,0.0
8,7,0.0625,0.0,0.0,0.0,0.0,0.0,0.0,0.5,0.4375,0.0,0.0
8,8,0.0625,0.0,0.0,0.0,0.0,0.0,0.0,0.4375,0.5,0.0,0.0
8,8,0.0625,0.0,0.0,0.0,0.0,0.0,0.0,0.4375,0.5,0.0,0.0
8,8,0.0625,0.0,0.0,0.0,0.0,0.0,0.0,0.4375,0.5,0.0,0.0
8,8,0.0625,0.0,0.0,0.0,0.0,0.0,0.0,0.4375,0.5,0.0,0.0
8,8,0.0625,0.0,0.0,0.0,0.0,0.0,0.0,0.4375,0.5,0.0,0.0
8,8,0.0625,0.0,0.0,0.0,0.0,0.0,0.0,0.375,0.5625,0.0,0.0
8,8,0.0625,0.0,0.0,0.0,0.0,0.0,0.0,0.375,0.5625,0.0,0.0
8,8,0.06666667,0.0,0.0,0.0,0.0,0.0,0.0,0.33333334,0.6,0.0,0.0
8,8,0.06666667,0.0,0.0,0.0,0.0,0.0,0.0,0.33333334,0.6,0.0,0.0
8,8,0.06666667,0.0,0.0,0.0,0.0,0.0,0.0,0.33333334,0.6,0.0,0.0
8,8,0.06666667,0.0,0.0,0.0,0.0,0.0,0.0,0.33333334,0.6,0.0,0.0
8,8,0.06666667,0.0,0.0,0.0,0.0,0.0,0.0,0.26666668,0.6666667,0.0,0.0
8,8,0.06666667,0.0,0.0,0.0,0.0,0.0,0.0,0.26666668,0.6666667,0.0,0.0
8,8,0.06666667,0.0,0.0,0.0,0.0,0.0,0.0,0.26666668,0.6666667,0.0,0.0
8,8,0.06666667,0.0,0.0,0.0,0.0,0.0,0.0,0.26666668,0.6666667,0.0,0.0
8,8,0.06666667,0.0,0.0,0.0,0.0,0.0,0.0,0.26666668,0.6666667,0.0,0.0
8,8,0.06666667,0.0,0.0,0.0,0.0,0.0,0.0,0.26666668,0.6666667,0.0,0.0
8,8,0.06666667,0.0,0.0,0.0,0.0,0.0,0.0,0.26666668,0.6666667,0.0,0.0
8,8,0.06666667,0.0,0.0,0.0,0.0,0.0,0.0,0.26666668,0.6666667,0.0,0.0
8,8,0.06666667,0.0,0.0,0.0,0.0,0.0,0.0,0.26666668,0.6666667,0.0,0.0
8,8,0.06666667,0.0,0.0,0.0,0.0,0.0,0.0,0.26666668,0.6666667,0.0,0.0
8,8,0.06666667,0.0,0.0,0.0,0.0,0.0,0.0,0.26666668,0.6666667,0.0,0.0
8,8,0.06666667,0.0,0.0,0.0,0.0,0.0,0.0,0.26666668,0.6666667,0.0,0.0
8,8,0.06666667,0.0,0.0,0.0,0.0,0.0,0.0,0.26666668,0.6666667,0.0,0.0
8,8,0.06666667,0.0,0.0,0.0,0.0,0.0,0.0,0.26666668,0.6666667,0.0,0.0
8,8,0.06666667,0.0,0.0,0.0,0.0,0.0,0.0,0.26666668,0.6666667,0.0,0.0
8,8,0.06666667,0.0,0.0,0.0,0.0,0.0,0.0,0.26666668,0.6666667,0.0,0.0
8,8,0.06666667,0.0,0.0,0.0,0.0,0.0,0.0,0.26666668,0.6666667,0.0,0.0
8,8,0.06666667,0.0,0.0,0.0,0.0,0.0,0.0,0.26666668,0.6666667,0.0,0.0
8,8,0.0625,0.0,0.0,0.0,0.0,0.0,0.0,0.25,0.6875,0.0,0.0
8,8,0.0625,0.0,0.0,0.0,0.0,0.0,0.0,0.25,0.6875,0.0,0.0
8,8,0.0625,0.0,0.0,0.0,0.0,0.0,0.0,0.25,0.6875,0.0,0.0
8,8,0.0625,0.0,0.0,0.0,0.0,0.0,0.0,0.25,0.6875,0.0,0.0
8,8,0.0625,0.0,0.0,0.0,0.0,0.0,0.0,0.25,0.6875,0.0,0.0
8,8,0.0625,0.0,0.0,0.0,0.0,0.0,0.0,0.25,0.6875,0.0,0.0
8,8,0.0625,0.0,0.0,0.0,0.0,0.0,0.0,0.25,0.6875,0.0,0.0
8,8,0.0625,0.0,0.0,0.0,0.0,0.0,0.0,0.25,0.6875,0.0,0.0
8,8,0.0625,0.0,0.0,0.0,0.0,0.0,0.0,0.25,0.6875,0.0,0.0
8,8,0.0625,0.0,0.0,0.0,0.0,0.0,0.0,0.25,0.6875,0.0,0.0
8,8,0.0625,0.0,0.0,0.0,0.0,0.0,0.0,0.25,0.6875,0.0,0.0
8,8,0.0625,0.0,0.0,0.0,0.0,0.0,0.0,0.25,0.6875,0.0,0.0
8,8,0.0625,0.0,0.0,0.0,0.0,0.0,0.0,0.1875,0.75,0.0,0.0
8,8,0.0625,0.0,0.0,0.0,0.0,0.0,0.0,0.1875,0.75,0.0,0.0
8,8,0.0625,0.0,0.0,0.0,0.0,0.0,0.0,0.1875,0.75,0.0,0.0
8,8,0.0625,0.0,0.0,0.0,0.0,0.0,0.0,0.1875,0.75,0.0,0.0
8,8,0.0625,0.0,0.0,0.0,0.0,0.0,0.0,0.1875,0.75,0.0,0.0
8,8,0.0625,0.0,0.0,0.0,0.0,0.0,0.0,0.1875,0.75,0.0,0.0
8,8,0.0625,0.0,0.0,0.0,0.0,0.0,0.0,0.1875,0.75,0.0,0.0
8,8,0.0625,0.0,0.0,0.0,0.0,0.0,0.0,0.1875,0.75,0.0,0.0
8,8,0.0625,0.0,0.0,0.0,0.0,0.0,0.0,0.1875,0.75,0.0,0.0
8,8,0.0625,0.0,0.0,0.0,0.0,0.0,0.0,0.125,0.8125,0.0,0.0
8,8,0.0625,0.0,0.0,0.0,0.0,0.0,0.0,0.125,0.8125,0.0,0.0
8,8,0.0625,0.0,0.0,0.0,0.0,0.0,0.0,0.125,0.8125,0.0,0.0
8,8,0.0625,0.0,0.0,0.0,0.0,0.0,0.0,0.125,0.8125,0.0,0.0
8,8,0.0625,0.0,0.0,0.0,0.0,0.0,0.0,0.125,0.8125,0.0,0.0
8,8,0.0625,0.0,0.0,0.0,0.0,0.0,0.0,0.125,0.8125,0.0,0.0
8,8,0.0625,0.0,0.0,0.0,0.0,0.0,0.0,0.125,0.8125,0.0,0.0
8,8,0.0625,0.0,0.0,0.0,0.0,0.0,0.0,0.125,0.8125,0.0,0.0
8,8,0.0625,0.0,0.0,0.0,0.0,0.0,0.0,0.125,0.8125,0.0,0.0
8,8,0.0,0.0,0.0,0.0,0.0,0.0,0.0,0.125,0.875,0.0,0.0
8,8,0.0,0.0,0.0,0.0,0.0,0.0,0.0,0.125,0.875,0.0,0.0
8,8,0.0,0.0,0.0,0.0,0.0,0.0,0.0,0.125,0.875,0.0,0.0
8,8,0.0,0.0,0.0,0.0,0.0,0.0,0.0,0.125,0.875,0.0,0.0
8,8,0.0,0.0,0.0,0.0,0.0,0.0,0.0,0.125,0.875,0.0,0.0
8,8,0.0,0.0,0.0,0.0,0.0,0.0,0.0,0.125,0.875,0.0,0.0
8,8,0.0,0.0,0.0,0.0,0.0,0.0,0.0,0.125,0.875,0.0,0.0
8,8,0.0,0.0,0.0,0.0,0.0,0.0,0.0,0.125,0.875,0.0,0.0
8,8,0.0,0.0,0.0,0.0,0.0,0.0,0.0,0.125,0.875,0.0,0.0
8,8,0.0,0.0,0.0,0.0,0.0,0.0,0.0,0.125,0.875,0.0,0.0
8,8,0.0,0.0,0.0,0.0,0.0,0.0,0.0,0.125,0.875,0.0,0.0
8,8,0.0,0.0,0.0,0.0,0.0,0.0,0.0,0.125,0.875,0.0,0.0
8,8,0.0,0.0,0.0,0.0,0.0,0.0,0.0,0.125,0.875,0.0,0.0
8,8,0.0,0.0,0.0,0.0,0.0,0.0,0.0,0.125,0.875,0.0,0.0
8,8,0.0,0.0,0.0,0.0,0.0,0.0,0.0,0.125,0.875,0.0,0.0
8,8,0.0,0.0,0.0,0.0,0.0,0.0,0.0,0.125,0.875,0.0,0.0
8,8,0.0,0.0,0.0,0.0,0.0,0.0,0.0,0.125,0.875,0.0,0.0
8,8,0.0,0.0,0.0,0.0,0.0,0.0,0.0,0.125,0.875,0.0,0.0
8,8,0.0,0.0,0.0,0.0,0.0,0.0,0.0,0.125,0.875,0.0,0.0
8,8,0.0,0.0,0.0,0.0,0.0,0.0,0.0,0.125,0.875,0.0,0.0
8,8,0.0,0.0,0.0,0.0,0.0,0.0,0.0,0.125,0.875,0.0,0.0
8,8,0.0,0.0,0.0,0.0,0.0,0.0,0.0,0.125,0.875,0.0,0.0
8,8,0.0,0.0,0.0,0.0,0.0,0.0,0.0,0.125,0.875,0.0,0.0
8,8,0.0,0.0,0.0,0.0,0.0,0.0,0.0,0.125,0.875,0.0,0.0
8,8,0.0,0.0,0.0,0.0,0.0,0.0,0.0,0.125,0.875,0.0,0.0
8,8,0.0,0.0,0.0,0.0,0.0,0.0,0.0,0.125,0.875,0.0,0.0
8,8,0.0,0.0,0.0,0.0,0.0,0.0,0.0,0.125,0.875,0.0,0.0
8,8,0.0,0.0,0.0,0.0,0.0,0.0,0.0,0.125,0.875,0.0,0.0
8,8,0.0,0.0,0.0,0.0,0.0,0.0,0.0,0.125,0.875,0.0,0.0
8,8,0.0,0.0,0.0,0.0,0.0,0.0,0.0,0.125,0.875,0.0,0.0
8,8,0.0,0.0,0.0,0.0,0.0,0.0,0.0,0.125,0.875,0.0,0.0
8,8,0.0,0.0,0.0,0.0,0.0,0.0,0.0,0.125,0.875,0.0,0.0
8,8,0.0,0.0,0.0,0.0,0.0,0.0,0.0,0.125,0.875,0.0,0.0
8,8,0.0,0.0,0.0,0.0,0.0,0.0,0.0,0.0625,0.9375,0.0,0.0
8,8,0.0,0.0,0.0,0.0,0.0,0.0,0.0,0.0625,0.9375,0.0,0.0
8,8,0.0,0.0,0.0,0.0,0.0,0.0,0.0,0.0625,0.9375,0.0,0.0
8,8,0.0,0.0,0.0,0.0,0.0,0.0,0.0,0.0625,0.9375,0.0,0.0
8,8,0.0,0.0,0.0,0.0,0.0,0.0,0.0,0.0625,0.9375,0.0,0.0
8,8,0.0,0.0,0.0,0.0,0.0,0.0,0.0,0.0625,0.9375,0.0,0.0
8,8,0.0,0.0,0.0,0.0,0.0,0.0,0.0,0.0625,0.9375,0.0,0.0
8,8,0.0,0.0,0.0,0.0,0.0,0.0,0.0,0.0625,0.9375,0.0,0.0
8,8,0.0,0.0,0.0,0.0,0.0,0.0,0.0,0.0625,0.9375,0.0,0.0
8,8,0.0,0.0,0.0,0.0,0.0,0.0,0.0,0.0625,0.9375,0.0,0.0
8,8,0.0,0.0,0.0,0.0,0.0,0.0,0.0,0.0625,0.9375,0.0,0.0
8,8,0.0,0.0,0.0,0.0,0.0,0.0,0.0,0.0625,0.9375,0.0,0.0
8,8,0.0,0.0,0.0,0.0,0.0,0.0,0.0,0.0625,0.9375,0.0,0.0
8,8,0.0,0.0,0.0,0.0,0.0,0.0,0.0,0.0625,0.9375,0.0,0.0
8,8,0.0,0.0,0.0,0.0,0.0,0.0,0.0,0.0625,0.9375,0.0,0.0
8,8,0.0,0.0,0.0,0.0,0.0,0.0,0.0,0.0625,0.9375,0.0,0.0
8,8,0.0,0.0,0.0,0.0,0.0,0.0,0.0,0.0625,0.9375,0.0,0.0
8,8,0.0,0.0,0.0,0.0,0.0,0.0,0.0,0.0625,0.9375,0.0,0.0
8,8,0.0,0.0,0.0,0.0,0.0,0.0,0.0,0.0625,0.9375,0.0,0.0
8,8,0.0,0.0,0.0,0.0,0.0,0.0,0.0,0.0625,0.9375,0.0,0.0
8,8,0.0,0.0,0.0,0.0,0.0,0.0,0.0,0.0625,0.9375,0.0,0.0
8,8,0.0,0.0,0.0,0.0,0.0,0.0,0.0,0.0625,0.9375,0.0,0.0
8,8,0.0,0.0,0.0,0.0,0.0,0.0,0.0,0.0625,0.9375,0.0,0.0
8,8,0.0,0.0,0.0,0.0,0.0,0.0,0.0,0.0625,0.9375,0.0,0.0
8,8,0.0,0.0,0.0,0.0,0.0,0.0,0.0,0.0625,0.9375,0.0,0.0
8,8,0.0,0.0,0.0,0.0,0.0,0.0,0.0,0.0625,0.9375,0.0,0.0
8,8,0.0,0.0,0.0,0.0,0.0,0.0,0.0,0.0625,0.9375,0.0,0.0
8,8,0.0,0.0,0.0,0.0,0.0,0.0,0.0,0.0625,0.9375,0.0,0.0
8,8,0.0,0.0,0.0,0.0,0.0,0.0,0.0,0.0625,0.9375,0.0,0.0
8,8,0.0,0.0,0.0,0.0,0.0,0.0,0.0,0.0625,0.9375,0.0,0.0
8,8,0.0,0.0,0.0,0.0,0.0,0.0,0.0,0.0625,0.9375,0.0,0.0
8,8,0.0,0.0,0.0,0.0,0.0,0.0,0.0,0.0625,0.9375,0.0,0.0
8,8,0.0,0.0,0.0,0.0,0.0,0.0,0.0,0.0625,0.9375,0.0,0.0
8,8,0.0,0.0,0.0,0.0,0.0,0.0,0.0,0.0625,0.9375,0.0,0.0
8,8,0.0,0.0,0.0,0.0,0.0,0.0,0.0,0.0625,0.9375,0.0,0.0
8,8,0.0,0.0,0.0,0.0,0.0,0.0,0.0,0.0625,0.9375,0.0,0.0
8,8,0.0,0.0,0.0,0.0,0.0,0.0,0.0,0.0625,0.9375,0.0,0.0
8,8,0.0,0.0,0.0,0.0,0.0,0.0,0.0,0.0625,0.9375,0.0,0.0
8,8,0.0,0.0,0.0,0.0,0.0,0.0,0.0,0.0625,0.9375,0.0,0.0
8,8,0.0,0.0,0.0,0.0,0.0,0.0,0.0,0.0625,0.9375,0.0,0.0
8,8,0.0,0.0,0.0,0.0,0.0,0.0,0.0,0.0625,0.9375,0.0,0.0
8,8,0.0,0.0,0.0,0.0,0.0,0.0,0.0,0.0625,0.9375,0.0,0.0
8,8,0.0,0.0,0.0,0.0,0.0,0.0,0.0,0.0625,0.9375,0.0,0.0
8,8,0.0,0.0,0.0,0.0,0.0,0.0,0.0,0.0625,0.9375,0.0,0.0
8,8,0.0,0.0,0.0,0.0,0.0,0.0,0.0,0.0625,0.9375,0.0,0.0
8,8,0.0,0.0,0.0,0.0,0.0,0.0,0.0,0.0625,0.9375,0.0,0.0
8,8,0.0,0.0,0.0,0.0,0.0,0.0,0.0,0.0625,0.9375,0.0,0.0
8,8,0.0,0.0,0.0,0.0,0.0,0.0,0.0,0.0625,0.9375,0.0,0.0
8,8,0.0,0.0,0.0,0.0,0.0,0.0,0.0,0.0625,0.9375,0.0,0.0
8,8,0.0,0.0,0.0,0.0,0.0,0.0,0.0,0.0625,0.9375,0.0,0.0
8,8,0.0,0.0,0.0,0.0,0.0,0.0,0.0,0.0625,0.9375,0.0,0.0
8,8,0.0,0.0,0.0,0.0,0.0,0.0,0.0,0.0625,0.9375,0.0,0.0
8,8,0.0,0.0,0.0,0.0,0.0,0.0,0.0,0.0625,0.9375,0.0,0.0
8,8,0.0,0.0,0.0,0.0,0.0,0.0,0.0,0.0625,0.9375,0.0,0.0
8,8,0.0,0.0,0.0,0.0,0.0,0.0,0.0,0.0625,0.9375,0.0,0.0
8,8,0.0,0.0,0.0,0.0,0.0,0.0,0.0,0.0625,0.9375,0.0,0.0
8,8,0.0,0.0,0.0,0.0,0.0,0.0,0.0,0.0625,0.9375,0.0,0.0
8,8,0.0,0.0,0.0,0.0,0.0,0.0,0.0,0.0,1.0,0.0,0.0
8,8,0.0,0.0,0.0,0.0,0.0,0.0,0.0,0.0,1.0,0.0,0.0
8,8,0.0,0.0,0.0,0.0,0.0,0.0,0.0,0.0,1.0,0.0,0.0
8,8,0.0,0.0,0.0,0.0,0.0,0.0,0.0,0.0,1.0,0.0,0.0
8,8,0.0,0.0,0.0,0.0,0.0,0.0,0.0,0.0,1.0,0.0,0.0
8,8,0.0,0.0,0.0,0.0,0.0,0.0,0.0,0.0,1.0,0.0,0.0
8,8,0.0,0.0,0.0,0.0,0.0,0.0,0.0,0.0,1.0,0.0,0.0
8,8,0.0,0.0,0.0,0.0,0.0,0.0,0.0,0.0,1.0,0.0,0.0
8,8,0.0,0.0,0.0,0.0,0.0,0.0,0.0,0.0,1.0,0.0,0.0
8,8,0.0,0.0,0.0,0.0,0.0,0.0,0.0,0.0,1.0,0.0,0.0
8,8,0.0,0.0,0.0,0.0,0.0,0.0,0.0,0.0,1.0,0.0,0.0
8,8,0.0,0.0,0.0,0.0,0.0,0.0,0.0,0.0,1.0,0.0,0.0
8,8,0.0,0.0,0.0,0.0,0.0,0.0,0.0,0.0,1.0,0.0,0.0
8,8,0.0,0.0,0.0,0.0,0.0,0.0,0.0,0.0,1.0,0.0,0.0
8,8,0.0,0.0,0.0,0.0,0.0,0.0,0.0,0.0,1.0,0.0,0.0
8,8,0.0,0.0,0.0,0.0,0.0,0.0,0.0,0.0,1.0,0.0,0.0
8,8,0.0,0.0,0.0,0.0,0.0,0.0,0.0,0.0,1.0,0.0,0.0
8,8,0.0,0.0,0.0,0.0,0.0,0.0,0.0,0.0,1.0,0.0,0.0
8,8,0.0,0.0,0.0,0.0,0.0,0.0,0.0,0.0,1.0,0.0,0.0
8,8,0.0,0.0,0.0,0.0,0.0,0.0,0.0,0.0,1.0,0.0,0.0
8,8,0.0,0.0,0.0,0.0,0.0,0.0,0.0,0.0,1.0,0.0,0.0
8,8,0.0,0.0,0.0,0.0,0.0,0.0,0.0,0.0,1.0,0.0,0.0
8,8,0.0,0.0,0.0,0.0,0.0,0.0,0.0,0.0,1.0,0.0,0.0
8,8,0.0,0.0,0.0,0.0,0.0,0.0,0.0,0.0,1.0,0.0,0.0
8,8,0.0,0.0,0.0,0.0,0.0,0.0,0.0,0.0,1.0,0.0,0.0
8,8,0.0,0.0,0.0,0.0,0.0,0.0,0.0,0.0,1.0,0.0,0.0
8,8,0.0,0.0,0.0,0.0,0.0,0.0,0.0,0.0,1.0,0.0,0.0
8,8,0.0,0.0,0.0,0.0,0.0,0.0,0.0,0.0,1.0,0.0,0.0
8,8,0.0,0.0,0.0,0.0,0.0,0.0,0.0,0.0,1.0,0.0,0.0
8,8,0.0,0.0,0.0,0.0,0.0,0.0,0.0,0.0,1.0,0.0,0.0
8,8,0.0,0.0,0.0,0.0,0.0,0.0,0.0,0.0,1.0,0.0,0.0
8,8,0.0,0.0,0.0,0.0,0.0,0.0,0.0,0.0,1.0,0.0,0.0
8,8,0.0,0.0,0.0,0.0,0.0,0.0,0.0,0.0,1.0,0.0,0.0
8,8,0.0,0.0,0.0,0.0,0.0,0.0,0.0,0.0,1.0,0.0,0.0
8,8,0.0,0.0,0.0,0.0,0.0,0.0,0.0,0.0,1.0,0.0,0.0
8,8,0.0,0.0,0.0,0.0,0.0,0.0,0.0,0.0,1.0,0.0,0.0
8,8,0.0,0.0,0.0,0.0,0.0,0.0,0.0,0.0,1.0,0.0,0.0
8,8,0.0,0.0,0.0,0.0,0.0,0.0,0.0,0.0,1.0,0.0,0.0
8,8,0.0,0.0,0.0,0.0,0.0,0.0,0.0,0.0,1.0,0.0,0.0
8,8,0.0,0.0,0.0,0.0,0.0,0.0,0.0,0.0,1.0,0.0,0.0
8,8,0.0,0.0,0.0,0.0,0.0,0.0,0.0,0.0,1.0,0.0,0.0
8,8,0.0,0.0,0.0,0.0,0.0,0.0,0.0,0.0,1.0,0.0,0.0
8,8,0.0,0.0,0.0,0.0,0.0,0.0,0.0,0.0,1.0,0.0,0.0
8,8,0.0,0.0,0.0,0.0,0.0,0.0,0.0,0.0,1.0,0.0,0.0
8,8,0.0,0.0,0.0,0.0,0.0,0.0,0.0,0.0,1.0,0.0,0.0
8,8,0.0,0.0,0.0,0.0,0.0,0.0,0.0,0.0,1.0,0.0,0.0
8,8,0.0,0.0,0.0,0.0,0.0,0.0,0.0,0.0,1.0,0.0,0.0
8,8,0.0,0.0,0.0,0.0,0.0,0.0,0.0,0.0,1.0,0.0,0.0
8,8,0.0,0.0,0.0,0.0,0.0,0.0,0.0,0.0,1.0,0.0,0.0
8,8,0.0,0.0,0.0,0.0,0.0,0.0,0.0,0.0,1.0,0.0,0.0
8,8,0.0,0.0,0.0,0.0,0.0,0.0,0.0,0.0,1.0,0.0,0.0
8,8,0.0,0.0,0.0,0.0,0.0,0.0,0.0,0.0,1.0,0.0,0.0
8,8,0.0,0.0,0.0,0.0,0.0,0.0,0.0,0.0,1.0,0.0,0.0
8,8,0.0,0.0,0.0,0.0,0.0,0.0,0.0,0.0,1.0,0.0,0.0
8,8,0.0,0.0,0.0,0.0,0.0,0.0,0.0,0.0,1.0,0.0,0.0
8,8,0.0,0.0,0.0,0.0,0.0,0.0,0.0,0.0,1.0,0.0,0.0
8,8,0.0,0.0,0.0,0.0,0.0,0.0,0.0,0.0,1.0,0.0,0.0
8,8,0.0,0.0,0.0,0.0,0.0,0.0,0.0,0.0,1.0,0.0,0.0
8,8,0.0,0.0,0.0,0.0,0.0,0.0,0.0,0.0,1.0,0.0,0.0
8,8,0.0,0.0,0.0,0.0,0.0,0.0,0.0,0.0,1.0,0.0,0.0
8,8,0.0,0.0,0.0,0.0,0.0,0.0,0.0,0.0,1.0,0.0,0.0
8,8,0.0,0.0,0.0,0.0,0.0,0.0,0.0,0.0,1.0,0.0,0.0
8,8,0.0,0.0,0.0,0.0,0.0,0.0,0.0,0.0,1.0,0.0,0.0
8,8,0.0,0.0,0.0,0.0,0.0,0.0,0.0,0.0,1.0,0.0,0.0
8,8,0.0,0.0,0.0,0.0,0.0,0.0,0.0,0.0,1.0,0.0,0.0
8,8,0.0,0.0,0.0,0.0,0.0,0.0,0.0,0.0,1.0,0.0,0.0
8,8,0.0,0.0,0.0,0.0,0.0,0.0,0.0,0.0,1.0,0.0,0.0
8,8,0.0,0.0,0.0,0.0,0.0,0.0,0.0,0.0,1.0,0.0,0.0
8,8,0.0,0.0,0.0,0.0,0.0,0.0,0.0,0.0,1.0,0.0,0.0
8,8,0.0,0.0,0.0,0.0,0.0,0.0,0.0,0.0,1.0,0.0,0.0
8,8,0.0,0.0,0.0,0.0,0.0,0.0,0.0,0.0,1.0,0.0,0.0
8,8,0.0,0.0,0.0,0.0,0.0,0.0,0.0,0.0,1.0,0.0,0.0
8,8,0.0,0.0,0.0,0.0,0.0,0.0,0.0,0.0,1.0,0.0,0.0
8,8,0.0,0.0,0.0,0.0,0.0,0.0,0.0,0.0,1.0,0.0,0.0
8,8,0.0,0.0,0.0,0.0,0.0,0.0,0.0,0.0,1.0,0.0,0.0
8,8,0.0,0.0,0.0,0.0,0.0,0.0,0.0,0.0,1.0,0.0,0.0
8,8,0.0,0.0,0.0,0.0,0.0,0.0,0.0,0.0,1.0,0.0,0.0
8,8,0.0,0.0,0.0,0.0,0.0,0.0,0.0,0.0,1.0,0.0,0.0
8,8,0.0,0.0,0.0,0.0,0.0,0.0,0.0,0.0,1.0,0.0,0.0
8,8,0.0,0.0,0.0,0.0,0.0,0.0,0.0,0.0,1.0,0.0,0.0
8,8,0.0,0.0,0.0,0.0,0.0,0.0,0.0,0.0,1.0,0.0,0.0
8,8,0.0,0.0,0.0,0.0,0.0,0.0,0.0,0.0,1.0,0.0,0.0
8,8,0.0,0.0,0.0,0.0,0.0,0.0,0.0,0.0,1.0,0.0,0.0
8,8,0.0,0.0,0.0,0.0,0.0,0.0,0.0,0.0,1.0,0.0,0.0
8,8,0.0,0.0,0.0,0.0,0.0,0.0,0.0,0.0,1.0,0.0,0.0
8,8,0.0,0.0,0.0,0.0,0.0,0.0,0.0,0.0,1.0,0.0,0.0
8,8,0.0,0.0,0.0,0.0,0.0,0.0,0.0,0.0,1.0,0.0,0.0
8,8,0.0,0.0,0.0,0.0,0.0,0.0,0.0,0.0,1.0,0.0,0.0
8,8,0.0,0.0,0.0,0.0,0.0,0.0,0.0,0.0,1.0,0.0,0.0
8,8,0.0,0.0,0.0,0.0,0.0,0.0,0.0,0.0,1.0,0.0,0.0
8,8,0.0,0.0,0.0,0.0,0.0,0.0,0.0,0.0,1.0,0.0,0.0
8,8,0.0,0.0,0.0,0.0,0.0,0.0,0.0,0.0,1.0,0.0,0.0
8,8,0.0,0.0,0.0,0.0,0.0,0.0,0.0,0.0,1.0,0.0,0.0
8,8,0.0,0.0,0.0,0.0,0.0,0.0,0.0,0.0,1.0,0.0,0.0
8,8,0.0,0.0,0.0,0.0,0.0,0.0,0.0,0.0,1.0,0.0,0.0
8,8,0.0,0.0,0.0,0.0,0.0,0.0,0.0,0.0,1.0,0.0,0.0
8,8,0.0,0.0,0.0,0.0,0.0,0.0,0.0,0.0,1.0,0.0,0.0
8,8,0.0,0.0,0.0,0.0,0.0,0.0,0.0,0.0,1.0,0.0,0.0
8,8,0.0,0.0,0.0,0.0,0.0,0.0,0.0,0.0,1.0,0.0,0.0
8,8,0.0,0.0,0.0,0.0,0.0,0.0,0.0,0.0,1.0,0.0,0.0
8,8,0.0,0.0,0.0,0.0,0.0,0.0,0.0,0.0,1.0,0.0,0.0
8,8,0.0,0.0,0.0,0.0,0.0,0.0,0.0,0.0,1.0,0.0,0.0
8,8,0.0,0.0,0.0,0.0,0.0,0.0,0.0,0.0,1.0,0.0,0.0
8,8,0.0,0.0,0.0,0.0,0.0,0.0,0.0,0.0,1.0,0.0,0.0
8,8,0.0,0.0,0.0,0.0,0.0,0.0,0.0,0.0,1.0,0.0,0.0
8,8,0.0,0.0,0.0,0.0,0.0,0.0,0.0,0.0,1.0,0.0,0.0
8,8,0.0,0.0,0.0,0.0,0.0,0.0,0.0,0.0,1.0,0.0,0.0
8,8,0.0,0.0,0.0,0.0,0.0,0.0,0.0,0.0,1.0,0.0,0.0
8,8,0.0,0.0,0.0,0.0,0.0,0.0,0.0,0.0,1.0,0.0,0.0
8,8,0.0,0.0,0.0,0.0,0.0,0.0,0.0,0.0,1.0,0.0,0.0
8,8,0.0,0.0,0.0,0.0,0.0,0.0,0.0,0.0,1.0,0.0,0.0
8,8,0.0,0.0,0.0,0.0,0.0,0.0,0.0,0.0,1.0,0.0,0.0
8,8,0.0,0.0,0.0,0.0,0.0,0.0,0.0,0.0,1.0,0.0,0.0
8,8,0.0,0.0,0.0,0.0,0.0,0.0,0.0,0.0,1.0,0.0,0.0
8,8,0.0,0.0,0.0,0.0,0.0,0.0,0.0,0.0,1.0,0.0,0.0
8,8,0.0,0.0,0.0,0.0,0.0,0.0,0.0,0.0,1.0,0.0,0.0
8,8,0.0,0.0,0.0,0.0,0.0,0.0,0.0,0.0,1.0,0.0,0.0
8,8,0.0,0.0,0.0,0.0,0.0,0.0,0.0,0.0,1.0,0.0,0.0
8,8,0.0,0.0,0.0,0.0,0.0,0.0,0.0,0.0,1.0,0.0,0.0
8,8,0.0,0.0,0.0,0.0,0.0,0.0,0.0,0.0,1.0,0.0,0.0
8,8,0.0,0.0,0.0,0.0,0.0,0.0,0.0,0.0,1.0,0.0,0.0
8,8,0.0,0.0,0.0,0.0,0.0,0.0,0.0,0.0,1.0,0.0,0.0
8,8,0.0,0.0,0.0,0.0,0.0,0.0,0.0,0.0,1.0,0.0,0.0
8,8,0.0,0.0,0.0,0.0,0.0,0.0,0.0,0.0,1.0,0.0,0.0
8,8,0.0,0.0,0.0,0.0,0.0,0.0,0.0,0.0,1.0,0.0,0.0
8,8,0.0,0.0,0.0,0.0,0.0,0.0,0.0,0.0,1.0,0.0,0.0
8,8,0.0,0.0,0.0,0.0,0.0,0.0,0.0,0.0,1.0,0.0,0.0
8,8,0.0,0.0,0.0,0.0,0.0,0.0,0.0,0.0,1.0,0.0,0.0
8,8,0.0,0.0,0.0,0.0,0.0,0.0,0.0,0.0,1.0,0.0,0.0
8,8,0.0,0.0,0.0,0.0,0.0,0.0,0.0,0.0,1.0,0.0,0.0
8,8,0.0,0.0,0.0,0.0,0.0,0.0,0.0,0.0,1.0,0.0,0.0
8,8,0.0,0.0,0.0,0.0,0.0,0.0,0.0,0.0,1.0,0.0,0.0
8,8,0.0,0.0,0.0,0.0,0.0,0.0,0.0,0.0,1.0,0.0,0.0
8,8,0.0,0.0,0.0,0.0,0.0,0.0,0.0,0.0,1.0,0.0,0.0
8,8,0.0,0.0,0.0,0.0,0.0,0.0,0.0,0.0,1.0,0.0,0.0
8,8,0.0,0.0,0.0,0.0,0.0,0.0,0.0,0.0,1.0,0.0,0.0
8,8,0.0,0.0,0.0,0.0,0.0,0.0,0.0,0.0,1.0,0.0,0.0
8,8,0.0,0.0,0.0,0.0,0.0,0.0,0.0,0.0,1.0,0.0,0.0
8,8,0.0,0.0,0.0,0.0,0.0,0.0,0.0,0.0,1.0,0.0,0.0
8,8,0.0,0.0,0.0,0.0,0.0,0.0,0.0,0.0,1.0,0.0,0.0
8,8,0.0,0.0,0.0,0.0,0.0,0.0,0.0,0.0,1.0,0.0,0.0
8,8,0.0,0.0,0.0,0.0,0.0,0.0,0.0,0.0,1.0,0.0,0.0
8,8,0.0,0.0,0.0,0.0,0.0,0.0,0.0,0.0,1.0,0.0,0.0
8,8,0.0,0.0,0.0,0.0,0.0,0.0,0.0,0.0,1.0,0.0,0.0
8,8,0.0,0.0,0.0,0.0,0.0,0.0,0.0,0.0,1.0,0.0,0.0
8,8,0.0,0.0,0.0,0.0,0.0,0.0,0.0,0.0,1.0,0.0,0.0
8,8,0.0,0.0,0.0,0.0,0.0,0.0,0.0,0.0,1.0,0.0,0.0
8,8,0.0,0.0,0.0,0.0,0.0,0.0,0.0,0.0,1.0,0.0,0.0
8,8,0.0,0.0,0.0,0.0,0.0,0.0,0.0,0.0,1.0,0.0,0.0
8,8,0.0,0.0,0.0,0.0,0.0,0.0,0.0,0.0,1.0,0.0,0.0
8,8,0.0,0.0,0.0,0.0,0.0,0.0,0.0,0.0,1.0,0.0,0.0
8,8,0.0,0.0,0.0,0.0,0.0,0.0,0.0,0.0,1.0,0.0,0.0
8,8,0.0,0.0,0.0,0.0,0.0,0.0,0.0,0.0,1.0,0.0,0.0
8,8,0.0,0.0,0.0,0.0,0.0,0.0,0.0,0.0,1.0,0.0,0.0
8,8,0.0,0.0,0.0,0.0,0.0,0.0,0.0,0.0,1.0,0.0,0.0
8,8,0.0,0.0,0.0,0.0,0.0,0.0,0.0,0.0,1.0,0.0,0.0
8,8,0.0,0.0,0.0,0.0,0.0,0.0,0.0,0.0,1.0,0.0,0.0
8,8,0.0,0.0,0.0,0.0,0.0,0.0,0.0,0.0,1.0,0.0,0.0
8,8,0.0,0.0,0.0,0.0,0.0,0.0,0.0,0.0,1.0,0.0,0.0
8,8,0.0,0.0,0.0,0.0,0.0,0.0,0.0,0.0,1.0,0.0,0.0
8,8,0.0,0.0,0.0,0.0,0.0,0.0,0.0,0.0,1.0,0.0,0.0
8,8,0.0,0.0,0.0,0.0,0.0,0.0,0.0,0.0,1.0,0.0,0.0
8,8,0.0,0.0,0.0,0.0,0.0,0.0,0.0,0.0,1.0,0.0,0.0
8,8,0.0,0.0,0.0,0.0,0.0,0.0,0.0,0.0,1.0,0.0,0.0
8,8,0.0,0.0,0.0,0.0,0.0,0.0,0.0,0.0,1.0,0.0,0.0
8,8,0.0,0.0,0.0,0.0,0.0,0.0,0.0,0.0,1.0,0.0,0.0
8,8,0.0,0.0,0.0,0.0,0.0,0.0,0.0,0.0,1.0,0.0,0.0
8,8,0.0,0.0,0.0,0.0,0.0,0.0,0.0,0.0,1.0,0.0,0.0
8,8,0.0,0.0,0.0,0.0,0.0,0.0,0.0,0.0,1.0,0.0,0.0
8,8,0.0,0.0,0.0,0.0,0.0,0.0,0.0,0.0,1.0,0.0,0.0
8,8,0.0,0.0,0.0,0.0,0.0,0.0,0.0,0.0,1.0,0.0,0.0
8,8,0.0,0.0,0.0,0.0,0.0,0.0,0.0,0.0,1.0,0.0,0.0
8,8,0.0,0.0,0.0,0.0,0.0,0.0,0.0,0.0,1.0,0.0,0.0
8,8,0.0,0.0,0.0,0.0,0.0,0.0,0.0,0.0,1.0,0.0,0.0
8,8,0.0,0.0,0.0,0.0,0.0,0.0,0.0,0.0,1.0,0.0,0.0
8,8,0.0,0.0,0.0,0.0,0.0,0.0,0.0,0.0,1.0,0.0,0.0
8,8,0.0,0.0,0.0,0.0,0.0,0.0,0.0,0.0,1.0,0.0,0.0
8,8,0.0,0.0,0.0,0.0,0.0,0.0,0.0,0.0,1.0,0.0,0.0
8,8,0.0,0.0,0.0,0.0,0.0,0.0,0.0,0.0,1.0,0.0,0.0
8,8,0.0,0.0,0.0,0.0,0.0,0.0,0.0,0.0,1.0,0.0,0.0
8,8,0.0,0.0,0.0,0.0,0.0,0.0,0.0,0.0,1.0,0.0,0.0
8,8,0.0,0.0,0.0,0.0,0.0,0.0,0.0,0.0,1.0,0.0,0.0
8,8,0.0,0.0,0.0,0.0,0.0,0.0,0.0,0.0,1.0,0.0,0.0
8,8,0.0,0.0,0.0,0.0,0.0,0.0,0.0,0.0,1.0,0.0,0.0
8,8,0.0,0.0,0.0,0.0,0.0,0.0,0.0,0.0,1.0,0.0,0.0
8,8,0.0,0.0,0.0,0.0,0.0,0.0,0.0,0.0,1.0,0.0,0.0
8,8,0.0,0.0,0.0,0.0,0.0,0.0,0.0,0.0,1.0,0.0,0.0
8,8,0.0,0.0,0.0,0.0,0.0,0.0,0.0,0.0,1.0,0.0,0.0
8,8,0.0,0.0,0.0,0.0,0.0,0.0,0.0,0.0,1.0,0.0,0.0
8,8,0.0,0.0,0.0,0.0,0.0,0.0,0.0,0.0,1.0,0.0,0.0
8,8,0.0,0.0,0.0,0.0,0.0,0.0,0.0,0.0,1.0,0.0,0.0
8,8,0.0,0.0,0.0,0.0,0.0,0.0,0.0,0.0,1.0,0.0,0.0
8,8,0.0,0.0,0.0,0.0,0.0,0.0,0.0,0.0,1.0,0.0,0.0
8,8,0.0,0.0,0.0,0.0,0.0,0.0,0.0,0.0,1.0,0.0,0.0
8,8,0.0,0.0,0.0,0.0,0.0,0.0,0.0,0.0,1.0,0.0,0.0
8,8,0.0,0.0,0.0,0.0,0.0,0.0,0.0,0.0,1.0,0.0,0.0
8,8,0.0,0.0,0.0,0.0,0.0,0.0,0.0,0.0,1.0,0.0,0.0
8,8,0.0,0.0,0.0,0.0,0.0,0.0,0.0,0.0,1.0,0.0,0.0
8,8,0.0,0.0,0.0,0.0,0.0,0.0,0.0,0.0,1.0,0.0,0.0
8,8,0.0,0.0,0.0,0.0,0.0,0.0,0.0,0.0,1.0,0.0,0.0
8,8,0.0,0.0,0.0,0.0,0.0,0.0,0.0,0.0,1.0,0.0,0.0
8,8,0.0,0.0,0.0,0.0,0.0,0.0,0.0,0.0,1.0,0.0,0.0
8,8,0.0,0.0,0.0,0.0,0.0,0.0,0.0,0.0,1.0,0.0,0.0
8,8,0.0,0.0,0.0,0.0,0.0,0.0,0.0,0.0,1.0,0.0,0.0
8,8,0.0,0.0,0.0,0.0,0.0,0.0,0.0,0.0,1.0,0.0,0.0
8,8,0.0,0.0,0.0,0.0,0.0,0.0,0.0,0.0,1.0,0.0,0.0
8,8,0.0,0.0,0.0,0.0,0.0,0.0,0.0,0.0,1.0,0.0,0.0
8,8,0.0,0.0,0.0,0.0,0.0,0.0,0.0,0.0,1.0,0.0,0.0
8,8,0.0,0.0,0.0,0.0,0.0,0.0,0.0,0.0,1.0,0.0,0.0
8,8,0.0,0.0,0.0,0.0,0.0,0.0,0.0,0.0,1.0,0.0,0.0
8,8,0.0,0.0,0.0,0.0,0.0,0.0,0.0,0.0,1.0,0.0,0.0
8,8,0.0,0.0,0.0,0.0,0.0,0.0,0.0,0.0,1.0,0.0,0.0
8,8,0.0,0.0,0.0,0.0,0.0,0.0,0.0,0.0,1.0,0.0,0.0
8,8,0.0,0.0,0.0,0.0,0.0,0.0,0.0,0.0,1.0,0.0,0.0
8,8,0.0,0.0,0.0,0.0,0.0,0.0,0.0,0.0,1.0,0.0,0.0
8,8,0.0,0.0,0.0,0.0,0.0,0.0,0.0,0.0,1.0,0.0,0.0
8,8,0.0,0.0,0.0,0.0,0.0,0.0,0.0,0.0,1.0,0.0,0.0
8,8,0.0,0.0,0.0,0.0,0.0,0.0,0.0,0.0,1.0,0.0,0.0
8,8,0.0,0.0,0.0,0.0,0.0,0.0,0.0,0.0,1.0,0.0,0.0
8,8,0.0,0.0,0.0,0.0,0.0,0.0,0.0,0.0,1.0,0.0,0.0
8,8,0.0,0.0,0.0,0.0,0.0,0.0,0.0,0.0,1.0,0.0,0.0
8,8,0.0,0.0,0.0,0.0,0.0,0.0,0.0,0.0,1.0,0.0,0.0
8,8,0.0,0.0,0.0,0.0,0.0,0.0,0.0,0.0,1.0,0.0,0.0
8,8,0.0,0.0,0.0,0.0,0.0,0.0,0.0,0.0,1.0,0.0,0.0
8,8,0.0,0.0,0.0,0.0,0.0,0.0,0.0,0.0,1.0,0.0,0.0
8,8,0.0,0.0,0.0,0.0,0.0,0.0,0.0,0.0,1.0,0.0,0.0
8,8,0.0,0.0,0.0,0.0,0.0,0.0,0.0,0.0,1.0,0.0,0.0
8,8,0.0,0.0,0.0,0.0,0.0,0.0,0.0,0.0,1.0,0.0,0.0
8,8,0.0,0.0,0.0,0.0,0.0,0.0,0.0,0.0,1.0,0.0,0.0
8,8,0.0,0.0,0.0,0.0,0.0,0.0,0.0,0.0,1.0,0.0,0.0
8,8,0.0,0.0,0.0,0.0,0.0,0.0,0.0,0.0,1.0,0.0,0.0
8,8,0.0,0.0,0.0,0.0,0.0,0.0,0.0,0.0,1.0,0.0,0.0
8,8,0.0,0.0,0.0,0.0,0.0,0.0,0.0,0.0,1.0,0.0,0.0
8,8,0.0,0.0,0.0,0.0,0.0,0.0,0.0,0.0,1.0,0.0,0.0
8,8,0.0,0.0,0.0,0.0,0.0,0.0,0.0,0.0,1.0,0.0,0.0
8,8,0.0,0.0,0.0,0.0,0.0,0.0,0.0,0.0,1.0,0.0,0.0
8,8,0.0,0.0,0.0,0.0,0.0,0.0,0.0,0.0,1.0,0.0,0.0
8,8,0.0,0.0,0.0,0.0,0.0,0.0,0.0,0.0,1.0,0.0,0.0
8,8,0.0,0.0,0.0,0.0,0.0,0.0,0.0,0.0,1.0,0.0,0.0
8,8,0.0,0.0,0.0,0.0,0.0,0.0,0.0,0.0,1.0,0.0,0.0
8,8,0.0,0.0,0.0,0.0,0.0,0.0,0.0,0.0,1.0,0.0,0.0
8,8,0.0,0.0,0.0,0.0,0.0,0.0,0.0,0.0,1.0,0.0,0.0
8,8,0.0,0.0,0.0,0.0,0.0,0.0,0.0,0.0,1.0,0.0,0.0
8,8,0.0,0.0,0.0,0.0,0.0,0.0,0.0,0.0,1.0,0.0,0.0
8,8,0.0,0.0,0.0,0.0,0.0,0.0,0.0,0.0,1.0,0.0,0.0
8,8,0.0,0.0,0.0,0.0,0.0,0.0,0.0,0.0,1.0,0.0,0.0
8,8,0.0,0.0,0.0,0.0,0.0,0.0,0.0,0.0,1.0,0.0,0.0
8,8,0.0,0.0,0.0,0.0,0.0,0.0,0.0,0.0,1.0,0.0,0.0
8,8,0.0,0.0,0.0,0.0,0.0,0.0,0.0,0.0,1.0,0.0,0.0
8,8,0.0,0.0,0.0,0.0,0.0,0.0,0.0,0.0,1.0,0.0,0.0
8,8,0.0,0.0,0.0,0.0,0.0,0.0,0.0,0.0,1.0,0.0,0.0
8,8,0.0,0.0,0.0,0.0,0.0,0.0,0.0,0.0,1.0,0.0,0.0
8,8,0.0,0.0,0.0,0.0,0.0,0.0,0.0,0.0,1.0,0.0,0.0
8,8,0.0,0.0,0.0,0.0,0.0,0.0,0.0,0.0,1.0,0.0,0.0
8,8,0.0,0.0,0.0,0.0,0.0,0.0,0.0,0.0,1.0,0.0,0.0
8,8,0.0,0.0,0.0,0.0,0.0,0.0,0.0,0.0,1.0,0.0,0.0
8,8,0.0,0.0,0.0,0.0,0.0,0.0,0.0,0.0,1.0,0.0,0.0
8,8,0.0,0.0,0.0,0.0,0.0,0.0,0.0,0.0,1.0,0.0,0.0
8,8,0.0,0.0,0.0,0.0,0.0,0.0,0.0,0.0,1.0,0.0,0.0
8,8,0.0,0.0,0.0,0.0,0.0,0.0,0.0,0.0,1.0,0.0,0.0
8,8,0.0,0.0,0.0,0.0,0.0,0.0,0.0,0.0,1.0,0.0,0.0
8,8,0.0,0.0,0.0,0.0,0.0,0.0,0.0,0.0,1.0,0.0,0.0
8,8,0.0,0.0,0.0,0.0,0.0,0.0,0.0,0.0,1.0,0.0,0.0
8,8,0.0,0.0,0.0,0.0,0.0,0.0,0.0,0.0,1.0,0.0,0.0
8,8,0.0,0.0,0.0,0.0,0.0,0.0,0.0,0.0,1.0,0.0,0.0
8,8,0.0,0.0,0.0,0.0,0.0,0.0,0.0,0.0,1.0,0.0,0.0
8,8,0.0,0.0,0.0,0.0,0.0,0.0,0.0,0.0,1.0,0.0,0.0
8,8,0.0,0.0,0.0,0.0,0.0,0.0,0.0,0.0,1.0,0.0,0.0
8,8,0.0,0.0,0.0,0.0,0.0,0.0,0.0,0.0,1.0,0.0,0.0
8,8,0.0,0.0,0.0,0.0,0.0,0.0,0.0,0.0,1.0,0.0,0.0
8,8,0.0,0.0,0.0,0.0,0.0,0.0,0.0,0.0,1.0,0.0,0.0
8,8,0.0,0.0,0.0,0.0,0.0,0.0,0.0,0.0,1.0,0.0,0.0
8,8,0.0,0.0,0.0,0.0,0.0,0.0,0.0,0.0,1.0,0.0,0.0
8,8,0.0,0.0,0.0,0.0,0.0,0.0,0.0,0.0,1.0,0.0,0.0
8,8,0.0,0.0,0.0,0.0,0.0,0.0,0.0,0.0,1.0,0.0,0.0
8,8,0.0,0.0,0.0,0.0,0.0,0.0,0.0,0.0,1.0,0.0,0.0
8,8,0.0,0.0,0.0,0.0,0.0,0.0,0.0,0.0,1.0,0.0,0.0
8,8,0.0,0.0,0.0,0.0,0.0,0.0,0.0,0.0,1.0,0.0,0.0
8,8,0.0,0.0,0.0,0.0,0.0,0.0,0.0,0.0,1.0,0.0,0.0
8,8,0.0,0.0,0.0,0.0,0.0,0.0,0.0,0.0,1.0,0.0,0.0
8,8,0.0,0.0,0.0,0.0,0.0,0.0,0.0,0.0,1.0,0.0,0.0
8,8,0.0,0.0,0.0,0.0,0.0,0.0,0.0,0.0,1.0,0.0,0.0
8,8,0.0,0.0,0.0,0.0,0.0,0.0,0.0,0.0,1.0,0.0,0.0
8,8,0.0,0.0,0.0,0.0,0.0,0.0,0.0,0.0,1.0,0.0,0.0
8,8,0.0,0.0,0.0,0.0,0.0,0.0,0.0,0.0,1.0,0.0,0.0
8,8,0.0,0.0,0.0,0.0,0.0,0.0,0.0,0.0,1.0,0.0,0.0
8,8,0.0,0.0,0.0,0.0,0.0,0.0,0.0,0.0,1.0,0.0,0.0
8,8,0.0,0.0,0.0,0.0,0.0,0.0,0.0,0.0,1.0,0.0,0.0
8,8,0.0,0.0,0.0,0.0,0.0,0.0,0.0,0.0,1.0,0.0,0.0
8,8,0.0,0.0,0.0,0.0,0.0,0.0,0.0,0.0,1.0,0.0,0.0
8,8,0.0,0.0,0.0,0.0,0.0,0.0,0.0,0.0,1.0,0.0,0.0
8,8,0.0,0.0,0.0,0.0,0.0,0.0,0.0,0.0,1.0,0.0,0.0
8,8,0.0,0.0,0.0,0.0,0.0,0.0,0.0,0.0,1.0,0.0,0.0
8,8,0.0,0.0,0.0,0.0,0.0,0.0,0.0,0.0,1.0,0.0,0.0
8,8,0.0,0.0,0.0,0.0,0.0,0.0,0.0,0.0,1.0,0.0,0.0
8,8,0.0,0.0,0.0,0.0,0.0,0.0,0.0,0.0,1.0,0.0,0.0
8,8,0.0,0.0,0.0,0.0,0.0,0.0,0.0,0.0,1.0,0.0,0.0
8,8,0.0,0.0,0.0,0.0,0.0,0.0,0.0,0.0,1.0,0.0,0.0
8,8,0.0,0.0,0.0,0.0,0.0,0.0,0.0,0.0,1.0,0.0,0.0
8,8,0.0,0.0,0.0,0.0,0.0,0.0,0.0,0.0,1.0,0.0,0.0
8,8,0.0,0.0,0.0,0.0,0.0,0.0,0.0,0.0,1.0,0.0,0.0
8,8,0.0,0.0,0.0,0.0,0.0,0.0,0.0,0.0,1.0,0.0,0.0
8,8,0.0,0.0,0.0,0.0,0.0,0.0,0.0,0.0,1.0,0.0,0.0
8,8,0.0,0.0,0.0,0.0,0.0,0.0,0.0,0.0,1.0,0.0,0.0
8,8,0.0,0.0,0.0,0.0,0.0,0.0,0.0,0.0,1.0,0.0,0.0
8,8,0.0,0.0,0.0,0.0,0.0,0.0,0.0,0.0,1.0,0.0,0.0
8,8,0.0,0.0,0.0,0.0,0.0,0.0,0.0,0.0,1.0,0.0,0.0
8,8,0.0,0.0,0.0,0.0,0.0,0.0,0.0,0.0,1.0,0.0,0.0
8,8,0.0,0.0,0.0,0.0,0.0,0.0,0.0,0.0,1.0,0.0,0.0
8,8,0.0,0.0,0.0,0.0,0.0,0.0,0.0,0.0,1.0,0.0,0.0
8,8,0.0,0.0,0.0,0.0,0.0,0.0,0.0,0.0,1.0,0.0,0.0
8,8,0.0,0.0,0.0,0.0,0.0,0.0,0.0,0.0,1.0,0.0,0.0
8,8,0.0,0.0,0.0,0.0,0.0,0.0,0.0,0.0,1.0,0.0,0.0
8,8,0.0,0.0,0.0,0.0,0.0,0.0,0.0,0.0,1.0,0.0,0.0
8,8,0.0,0.0,0.0,0.0,0.0,0.0,0.0,0.0,1.0,0.0,0.0
8,8,0.0,0.0,0.0,0.0,0.0,0.0,0.0,0.0,1.0,0.0,0.0
8,8,0.0,0.0,0.0,0.0,0.0,0.0,0.0,0.0,1.0,0.0,0.0
8,8,0.0,0.0,0.0,0.0,0.0,0.0,0.0,0.0,1.0,0.0,0.0
8,8,0.0,0.0,0.0,0.0,0.0,0.0,0.0,0.0,1.0,0.0,0.0
8,8,0.0,0.0,0.0,0.0,0.0,0.0,0.0,0.0,1.0,0.0,0.0
8,8,0.0,0.0,0.0,0.0,0.0,0.0,0.0,0.0,1.0,0.0,0.0
8,8,0.0,0.0,0.0,0.0,0.0,0.0,0.0,0.0,1.0,0.0,0.0
8,8,0.0,0.0,0.0,0.0,0.0,0.0,0.0,0.0,1.0,0.0,0.0
8,8,0.0,0.0,0.0,0.0,0.0,0.0,0.0,0.0,1.0,0.0,0.0
8,8,0.0,0.0,0.0,0.0,0.0,0.0,0.0,0.0,1.0,0.0,0.0
8,8,0.0,0.0,0.0,0.0,0.0,0.0,0.0,0.0,1.0,0.0,0.0
8,8,0.0,0.0,0.0,0.0,0.0,0.0,0.0,0.0,1.0,0.0,0.0
8,8,0.0,0.0,0.0,0.0,0.0,0.0,0.0,0.0,1.0,0.0,0.0
8,8,0.0,0.0,0.0,0.0,0.0,0.0,0.0,0.0,1.0,0.0,0.0
8,8,0.0,0.0,0.0,0.0,0.0,0.0,0.0,0.0,1.0,0.0,0.0
8,8,0.0,0.0,0.0,0.0,0.0,0.0,0.0,0.0,1.0,0.0,0.0
8,8,0.0,0.0,0.0,0.0,0.0,0.0,0.0,0.0,1.0,0.0,0.0
8,8,0.0,0.0,0.0,0.0,0.0,0.0,0.0,0.0,1.0,0.0,0.0
8,8,0.0,0.0,0.0,0.0,0.0,0.0,0.0,0.0,1.0,0.0,0.0
8,8,0.0,0.0,0.0,0.0,0.0,0.0,0.0,0.0,1.0,0.0,0.0
8,8,0.0,0.0,0.0,0.0,0.0,0.0,0.0,0.0,1.0,0.0,0.0
8,8,0.0,0.0,0.0,0.0,0.0,0.0,0.0,0.0,1.0,0.0,0.0
8,8,0.0,0.0,0.0,0.0,0.0,0.0,0.0,0.0,1.0,0.0,0.0
8,8,0.0,0.0,0.0,0.0,0.0,0.0,0.0,0.0,1.0,0.0,0.0
8,8,0.0,0.0,0.0,0.0,0.0,0.0,0.0,0.0,1.0,0.0,0.0
8,8,0.0,0.0,0.0,0.0,0.0,0.0,0.0,0.0,1.0,0.0,0.0
8,8,0.0,0.0,0.0,0.0,0.0,0.0,0.0,0.0,1.0,0.0,0.0
8,8,0.0,0.0,0.0,0.0,0.0,0.0,0.0,0.0,1.0,0.0,0.0
8,8,0.0,0.0,0.0,0.0,0.0,0.0,0.0,0.0,1.0,0.0,0.0
8,8,0.0,0.0,0.0,0.0,0.0,0.0,0.0,0.0,1.0,0.0,0.0
8,8,0.0,0.0,0.0,0.0,0.0,0.0,0.0,0.0,1.0,0.0,0.0
8,8,0.0,0.0,0.0,0.0,0.0,0.0,0.0,0.0,1.0,0.0,0.0
8,8,0.0,0.0,0.0,0.0,0.0,0.0,0.0,0.0,1.0,0.0,0.0
8,8,0.0,0.0,0.0,0.0,0.0,0.0,0.0,0.0,1.0,0.0,0.0
8,8,0.0,0.0,0.0,0.0,0.0,0.0,0.0,0.0,1.0,0.0,0.0
8,8,0.0,0.0,0.0,0.0,0.0,0.0,0.0,0.0,1.0,0.0,0.0
8,8,0.0,0.0,0.0,0.0,0.0,0.0,0.0,0.0,1.0,0.0,0.0
8,8,0.0,0.0,0.0,0.0,0.0,0.0,0.0,0.0,1.0,0.0,0.0
8,8,0.0,0.0,0.0,0.0,0.0,0.0,0.0,0.0,1.0,0.0,0.0
8,8,0.0,0.0,0.0,0.0,0.0,0.0,0.0,0.0,1.0,0.0,0.0
8,8,0.0,0.0,0.0,0.0,0.0,0.0,0.0,0.0,1.0,0.0,0.0
8,8,0.0,0.0,0.0,0.0,0.0,0.0,0.0,0.0,1.0,0.0,0.0
8,8,0.0,0.0,0.0,0.0,0.0,0.0,0.0,0.0,1.0,0.0,0.0
8,8,0.0,0.0,0.0,0.0,0.0,0.0,0.0,0.0,1.0,0.0,0.0
8,8,0.0,0.0,0.0,0.0,0.0,0.0,0.0,0.0,1.0,0.0,0.0
8,8,0.0,0.0,0.0,0.0,0.0,0.0,0.0,0.0,1.0,0.0,0.0
8,8,0.0,0.0,0.0,0.0,0.0,0.0,0.0,0.0,1.0,0.0,0.0
8,8,0.0,0.0,0.0,0.0,0.0,0.0,0.0,0.0,1.0,0.0,0.0
8,8,0.0,0.0,0.0,0.0,0.0,0.0,0.0,0.0,1.0,0.0,0.0
8,8,0.0,0.0,0.0,0.0,0.0,0.0,0.0,0.0,1.0,0.0,0.0
8,8,0.0,0.0,0.0,0.0,0.0,0.0,0.0,0.0,1.0,0.0,0.0
8,8,0.0,0.0,0.0,0.0,0.0,0.0,0.0,0.0,1.0,0.0,0.0
8,8,0.0,0.0,0.0,0.0,0.0,0.0,0.0,0.0,1.0,0.0,0.0
8,8,0.0,0.0,0.0,0.0,0.0,0.0,0.0,0.0,1.0,0.0,0.0
8,8,0.0,0.0,0.0,0.0,0.0,0.0,0.0,0.0,1.0,0.0,0.0
8,8,0.0,0.0,0.0,0.0,0.0,0.0,0.0,0.0,1.0,0.0,0.0
8,8,0.0,0.0,0.0,0.0,0.0,0.0,0.0,0.0,1.0,0.0,0.0
8,8,0.0,0.0,0.0,0.0,0.0,0.0,0.0,0.0,1.0,0.0,0.0
8,8,0.0,0.0,0.0,0.0,0.0,0.0,0.0,0.0,1.0,0.0,0.0
8,8,0.0,0.0,0.0,0.0,0.0,0.0,0.0,0.0,1.0,0.0,0.0
8,8,0.0,0.0,0.0,0.0,0.0,0.0,0.0,0.0,1.0,0.0,0.0
8,8,0.0,0.0,0.0,0.0,0.0,0.0,0.0,0.0,1.0,0.0,0.0
8,8,0.0,0.0,0.0,0.0,0.0,0.0,0.0,0.0,1.0,0.0,0.0
8,8,0.0,0.0,0.0,0.0,0.0,0.0,0.0,0.0,1.0,0.0,0.0
8,8,0.0,0.0,0.0,0.0,0.0,0.0,0.0,0.0,1.0,0.0,0.0
8,8,0.0,0.0,0.0,0.0,0.0,0.0,0.0,0.0,1.0,0.0,0.0
8,8,0.0,0.0,0.0,0.0,0.0,0.0,0.0,0.0,1.0,0.0,0.0
8,8,0.0,0.0,0.0,0.0,0.0,0.0,0.0,0.0,1.0,0.0,0.0
8,8,0.0,0.0,0.0,0.0,0.0,0.0,0.0,0.0,1.0,0.0,0.0
8,8,0.0,0.0,0.0,0.0,0.0,0.0,0.0,0.0,1.0,0.0,0.0
8,8,0.0,0.0,0.0,0.0,0.0,0.0,0.0,0.0,1.0,0.0,0.0
8,8,0.0,0.0,0.0,0.0,0.0,0.0,0.0,0.0,1.0,0.0,0.0
8,8,0.0,0.0,0.0,0.0,0.0,0.0,0.0,0.0,1.0,0.0,0.0
8,8,0.0,0.0,0.0,0.0,0.0,0.0,0.0,0.0,1.0,0.0,0.0
8,8,0.0,0.0,0.0,0.0,0.0,0.0,0.0,0.0,1.0,0.0,0.0
8,8,0.0,0.0,0.0,0.0,0.0,0.0,0.0,0.0,1.0,0.0,0.0
8,8,0.0,0.0,0.0,0.0,0.0,0.0,0.0,0.0,1.0,0.0,0.0
8,8,0.0,0.0,0.0,0.0,0.0,0.0,0.0,0.0,1.0,0.0,0.0
8,8,0.0,0.0,0.0,0.0,0.0,0.0,0.0,0.0,1.0,0.0,0.0
8,8,0.0,0.0,0.0,0.0,0.0,0.0,0.0,0.0,1.0,0.0,0.0
8,8,0.0,0.0,0.0,0.0,0.0,0.0,0.0,0.0,1.0,0.0,0.0
8,8,0.0,0.0,0.0,0.0,0.0,0.0,0.0,0.0,1.0,0.0,0.0
8,8,0.0,0.0,0.0,0.0,0.0,0.0,0.0,0.0,1.0,0.0,0.0
8,8,0.0,0.0,0.0,0.0,0.0,0.0,0.0,0.0,1.0,0.0,0.0
8,8,0.0,0.0,0.0,0.0,0.0,0.0,0.0,0.0,1.0,0.0,0.0
8,8,0.0,0.0,0.0,0.0,0.0,0.0,0.0,0.0,1.0,0.0,0.0
8,8,0.0,0.0,0.0,0.0,0.0,0.0,0.0,0.0,1.0,0.0,0.0
8,8,0.0,0.0,0.0,0.0,0.0,0.0,0.0,0.0,1.0,0.0,0.0
8,8,0.0,0.0,0.0,0.0,0.0,0.0,0.0,0.0,1.0,0.0,0.0
8,8,0.0,0.0,0.0,0.0,0.0,0.0,0.0,0.0,1.0,0.0,0.0
8,8,0.0,0.0,0.0,0.0,0.0,0.0,0.0,0.0,1.0,0.0,0.0
8,8,0.0,0.0,0.0,0.0,0.0,0.0,0.0,0.0,1.0,0.0,0.0
8,8,0.0,0.0,0.0,0.0,0.0,0.0,0.0,0.0,1.0,0.0,0.0
8,8,0.0,0.0,0.0,0.0,0.0,0.0,0.0,0.0,1.0,0.0,0.0
8,8,0.0,0.0,0.0,0.0,0.0,0.0,0.0,0.0,1.0,0.0,0.0
8,8,0.0,0.0,0.0,0.0,0.0,0.0,0.0,0.0,1.0,0.0,0.0
8,8,0.0,0.0,0.0,0.0,0.0,0.0,0.0,0.0,1.0,0.0,0.0
8,8,0.0,0.0,0.0,0.0,0.0,0.0,0.0,0.0,1.0,0.0,0.0
8,8,0.0,0.0,0.0,0.0,0.0,0.0,0.0,0.0,1.0,0.0,0.0
8,8,0.0,0.0,0.0,0.0,0.0,0.0,0.0,0.0,1.0,0.0,0.0
8,8,0.0,0.0,0.0,0.0,0.0,0.0,0.0,0.0,1.0,0.0,0.0
8,8,0.0,0.0,0.0,0.0,0.0,0.0,0.0,0.0,1.0,0.0,0.0
8,8,0.0,0.0,0.0,0.0,0.0,0.0,0.0,0.0,1.0,0.0,0.0
8,8,0.0,0.0,0.0,0.0,0.0,0.0,0.0,0.0,1.0,0.0,0.0
8,8,0.0,0.0,0.0,0.0,0.0,0.0,0.0,0.0,1.0,0.0,0.0
8,8,0.0,0.0,0.0,0.0,0.0,0.0,0.0,0.0,1.0,0.0,0.0
8,8,0.0,0.0,0.0,0.0,0.0,0.0,0.0,0.0,1.0,0.0,0.0
8,8,0.0,0.0,0.0,0.0,0.0,0.0,0.0,0.0,1.0,0.0,0.0
8,8,0.0,0.0,0.0,0.0,0.0,0.0,0.0,0.0,1.0,0.0,0.0
8,8,0.0,0.0,0.0,0.0,0.0,0.0,0.0,0.0,1.0,0.0,0.0
8,8,0.0,0.0,0.0,0.0,0.0,0.0,0.0,0.0,1.0,0.0,0.0
8,8,0.0,0.0,0.0,0.0,0.0,0.0,0.0,0.0,1.0,0.0,0.0
8,8,0.0,0.0,0.0,0.0,0.0,0.0,0.0,0.0,1.0,0.0,0.0
8,8,0.0,0.0,0.0,0.0,0.0,0.0,0.0,0.0,1.0,0.0,0.0
8,8,0.0,0.0,0.0,0.0,0.0,0.0,0.0,0.0,1.0,0.0,0.0
8,8,0.0,0.0,0.0,0.0,0.0,0.0,0.0,0.0,1.0,0.0,0.0
8,8,0.0,0.0,0.0,0.0,0.0,0.0,0.0,0.0,1.0,0.0,0.0
8,8,0.0,0.0,0.0,0.0,0.0,0.0,0.0,0.0,1.0,0.0,0.0
8,8,0.0,0.0,0.0,0.0,0.0,0.0,0.0,0.0,1.0,0.0,0.0
8,8,0.0,0.0,0.0,0.0,0.0,0.0,0.0,0.0,1.0,0.0,0.0
8,8,0.0,0.0,0.0,0.0,0.0,0.0,0.0,0.0,1.0,0.0,0.0
8,8,0.0,0.0,0.0,0.0,0.0,0.0,0.0,0.0,1.0,0.0,0.0
8,8,0.0,0.0,0.0,0.0,0.0,0.0,0.0,0.0,1.0,0.0,0.0
8,8,0.0,0.0,0.0,0.0,0.0,0.0,0.0,0.0,1.0,0.0,0.0
8,8,0.0,0.0,0.0,0.0,0.0,0.0,0.0,0.0,1.0,0.0,0.0
8,8,0.0,0.0,0.0,0.0,0.0,0.0,0.0,0.0,1.0,0.0,0.0
8,8,0.0,0.0,0.0,0.0,0.0,0.0,0.0,0.0,1.0,0.0,0.0
8,8,0.0,0.0,0.0,0.0,0.0,0.0,0.0,0.0,1.0,0.0,0.0
8,8,0.0,0.0,0.0,0.0,0.0,0.0,0.0,0.0,1.0,0.0,0.0
8,8,0.0,0.0,0.0,0.0,0.0,0.0,0.0,0.0,1.0,0.0,0.0
8,8,0.0,0.0,0.0,0.0,0.0,0.0,0.0,0.0,1.0,0.0,0.0
8,8,0.0,0.0,0.0,0.0,0.0,0.0,0.0,0.0,1.0,0.0,0.0
8,8,0.0,0.0,0.0,0.0,0.0,0.0,0.0,0.0,1.0,0.0,0.0
8,8,0.0,0.0,0.0,0.0,0.0,0.0,0.0,0.0,1.0,0.0,0.0
8,8,0.0,0.0,0.0,0.0,0.0,0.0,0.0,0.0,1.0,0.0,0.0
8,8,0.0,0.0,0.0,0.0,0.0,0.0,0.0,0.0,1.0,0.0,0.0
8,8,0.0,0.0,0.0,0.0,0.0,0.0,0.0,0.0,1.0,0.0,0.0
8,8,0.0,0.0,0.0,0.0,0.0,0.0,0.0,0.0,1.0,0.0,0.0
8,8,0.0,0.0,0.0,0.0,0.0,0.0,0.0,0.0,1.0,0.0,0.0
8,8,0.0,0.0,0.0,0.0,0.0,0.0,0.0,0.0,1.0,0.0,0.0
8,8,0.0,0.0,0.0,0.0,0.0,0.0,0.0,0.0,1.0,0.0,0.0
8,8,0.0,0.0,0.0,0.0,0.0,0.0,0.0,0.0,1.0,0.0,0.0
8,8,0.0,0.0,0.0,0.0,0.0,0.0,0.0,0.0,1.0,0.0,0.0
8,8,0.0,0.0,0.0,0.0,0.0,0.0,0.0,0.0,1.0,0.0,0.0
8,8,0.0,0.0,0.0,0.0,0.0,0.0,0.0,0.0,1.0,0.0,0.0
8,8,0.0,0.0,0.0,0.0,0.0,0.0,0.0,0.0,1.0,0.0,0.0
8,8,0.0,0.0,0.0,0.0,0.0,0.0,0.0,0.0,1.0,0.0,0.0
8,8,0.0,0.0,0.0,0.0,0.0,0.0,0.0,0.0,1.0,0.0,0.0
8,8,0.0,0.0,0.0,0.0,0.0,0.0,0.0,0.0,1.0,0.0,0.0
8,8,0.0,0.0,0.0,0.0,0.0,0.0,0.0,0.0,1.0,0.0,0.0
8,8,0.0,0.0,0.0,0.0,0.0,0.0,0.0,0.0,1.0,0.0,0.0
8,8,0.0,0.0,0.0,0.0,0.0,0.0,0.0,0.0,1.0,0.0,0.0
8,8,0.0,0.0,0.0,0.0,0.0,0.0,0.0,0.0,1.0,0.0,0.0
8,8,0.0,0.0,0.0,0.0,0.0,0.0,0.0,0.0,1.0,0.0,0.0
8,8,0.0,0.0,0.0,0.0,0.0,0.0,0.0,0.0,1.0,0.0,0.0
8,8,0.0,0.0,0.0,0.0,0.0,0.0,0.0,0.0,1.0,0.0,0.0
8,8,0.0,0.0,0.0,0.0,0.0,0.0,0.0,0.0,1.0,0.0,0.0
8,8,0.0,0.0,0.0,0.0,0.0,0.0,0.0,0.0,1.0,0.0,0.0
8,8,0.0,0.0,0.0,0.0,0.0,0.0,0.0,0.0,1.0,0.0,0.0
8,8,0.0,0.0,0.0,0.0,0.0,0.0,0.0,0.0,1.0,0.0,0.0
8,8,0.0,0.0,0.0,0.0,0.0,0.0,0.0,0.0,1.0,0.0,0.0
8,8,0.0,0.0,0.0,0.0,0.0,0.0,0.0,0.0,1.0,0.0,0.0
8,8,0.0,0.0,0.0,0.0,0.0,0.0,0.0,0.0,1.0,0.0,0.0
8,8,0.0,0.0,0.0,0.0,0.0,0.0,0.0,0.0,1.0,0.0,0.0
8,8,0.0,0.0,0.0,0.0,0.0,0.0,0.0,0.0,1.0,0.0,0.0
8,8,0.0,0.0,0.0,0.0,0.0,0.0,0.0,0.0,1.0,0.0,0.0
8,8,0.0,0.0,0.0,0.0,0.0,0.0,0.0,0.0,1.0,0.0,0.0
8,8,0.0,0.0,0.0,0.0,0.0,0.0,0.0,0.0,1.0,0.0,0.0
8,8,0.0,0.0,0.0,0.0,0.0,0.0,0.0,0.0,1.0,0.0,0.0
8,8,0.0,0.0,0.0,0.0,0.0,0.0,0.0,0.0,1.0,0.0,0.0
8,8,0.0,0.0,0.0,0.0,0.0,0.0,0.0,0.0,1.0,0.0,0.0
8,8,0.0,0.0,0.0,0.0,0.0,0.0,0.0,0.0,1.0,0.0,0.0
8,8,0.0,0.0,0.0,0.0,0.0,0.0,0.0,0.0,1.0,0.0,0.0
8,8,0.0,0.0,0.0,0.0,0.0,0.0,0.0,0.0,1.0,0.0,0.0
8,8,0.0,0.0,0.0,0.0,0.0,0.0,0.0,0.0,1.0,0.0,0.0
8,8,0.0,0.0,0.0,0.0,0.0,0.0,0.0,0.0,1.0,0.0,0.0
8,8,0.0,0.0,0.0,0.0,0.0,0.0,0.0,0.0,1.0,0.0,0.0
8,8,0.0,0.0,0.0,0.0,0.0,0.0,0.0,0.0,1.0,0.0,0.0
8,8,0.0,0.0,0.0,0.0,0.0,0.0,0.0,0.0,1.0,0.0,0.0
8,8,0.0,0.0,0.0,0.0,0.0,0.0,0.0,0.0,1.0,0.0,0.0
8,8,0.0,0.0,0.0,0.0,0.0,0.0,0.0,0.0,1.0,0.0,0.0
8,8,0.0,0.0,0.0,0.0,0.0,0.0,0.0,0.0,1.0,0.0,0.0
8,8,0.0,0.0,0.0,0.0,0.0,0.0,0.0,0.0,1.0,0.0,0.0
8,8,0.0,0.0,0.0,0.0,0.0,0.0,0.0,0.0,1.0,0.0,0.0
8,8,0.0,0.0,0.0,0.0,0.0,0.0,0.0,0.0,1.0,0.0,0.0
8,8,0.0,0.0,0.0,0.0,0.0,0.0,0.0,0.0,1.0,0.0,0.0
8,8,0.0,0.0,0.0,0.0,0.0,0.0,0.0,0.0,1.0,0.0,0.0
8,8,0.0,0.0,0.0,0.0,0.0,0.0,0.0,0.0,1.0,0.0,0.0
8,8,0.0,0.0,0.0,0.0,0.0,0.0,0.0,0.0,1.0,0.0,0.0
8,8,0.0,0.0,0.0,0.0,0.0,0.0,0.0,0.0,1.0,0.0,0.0
8,8,0.0,0.0,0.0,0.0,0.0,0.0,0.0,0.0,1.0,0.0,0.0
8,8,0.0,0.0,0.0,0.0,0.0,0.0,0.0,0.0,1.0,0.0,0.0
8,8,0.0,0.0,0.0,0.0,0.0,0.0,0.0,0.0,1.0,0.0,0.0
8,8,0.0,0.0,0.0,0.0,0.0,0.0,0.0,0.0,1.0,0.0,0.0
8,8,0.0,0.0,0.0,0.0,0.0,0.0,0.0,0.0,1.0,0.0,0.0
8,8,0.0,0.0,0.0,0.0,0.0,0.0,0.0,0.0,1.0,0.0,0.0
8,8,0.0,0.0,0.0,0.0,0.0,0.0,0.0,0.0,1.0,0.0,0.0
8,8,0.0,0.0,0.0,0.0,0.0,0.0,0.0,0.0,1.0,0.0,0.0
8,8,0.0,0.0,0.0,0.0,0.0,0.0,0.0,0.0,1.0,0.0,0.0
8,8,0.0,0.0,0.0,0.0,0.0,0.0,0.0,0.0,1.0,0.0,0.0
8,8,0.0,0.0,0.0,0.0,0.0,0.0,0.0,0.0,1.0,0.0,0.0
8,8,0.0,0.0,0.0,0.0,0.0,0.0,0.0,0.0,1.0,0.0,0.0
8,8,0.0,0.0,0.0,0.0,0.0,0.0,0.0,0.0,1.0,0.0,0.0
8,8,0.0,0.0,0.0,0.0,0.0,0.0,0.0,0.0,1.0,0.0,0.0
8,8,0.0,0.0,0.0,0.0,0.0,0.0,0.0,0.0,1.0,0.0,0.0
8,8,0.0,0.0,0.0,0.0,0.0,0.0,0.0,0.0,1.0,0.0,0.0
8,8,0.0,0.0,0.0,0.0,0.0,0.0,0.0,0.0,1.0,0.0,0.0
8,8,0.0,0.0,0.0,0.0,0.0,0.0,0.0,0.0,1.0,0.0,0.0
8,8,0.0,0.0,0.0,0.0,0.0,0.0,0.0,0.0,1.0,0.0,0.0
8,8,0.0,0.0,0.0,0.0,0.0,0.0,0.0,0.0,1.0,0.0,0.0
8,8,0.0,0.0,0.0,0.0,0.0,0.0,0.0,0.0,1.0,0.0,0.0
8,8,0.0,0.0,0.0,0.0,0.0,0.0,0.0,0.0,1.0,0.0,0.0
8,8,0.0,0.0,0.0,0.0,0.0,0.0,0.0,0.0,1.0,0.0,0.0
8,8,0.0,0.0,0.0,0.0,0.0,0.0,0.0,0.0,1.0,0.0,0.0
8,8,0.0,0.0,0.0,0.0,0.0,0.0,0.0,0.0,1.0,0.0,0.0
8,8,0.0,0.0,0.0,0.0,0.0,0.0,0.0,0.0,1.0,0.0,0.0
8,8,0.0,0.0,0.0,0.0,0.0,0.0,0.0,0.0,1.0,0.0,0.0
8,8,0.0,0.0,0.0,0.0,0.0,0.0,0.0,0.0,1.0,0.0,0.0
8,8,0.0,0.0,0.0,0.0,0.0,0.0,0.0,0.0,1.0,0.0,0.0
8,8,0.0,0.0,0.0,0.0,0.0,0.0,0.0,0.0,1.0,0.0,0.0
8,8,0.0,0.0,0.0,0.0,0.0,0.0,0.0,0.0,1.0,0.0,0.0
8,8,0.0,0.0,0.0,0.0,0.0,0.0,0.0,0.0,1.0,0.0,0.0
8,8,0.0,0.0,0.0,0.0,0.0,0.0,0.0,0.0,1.0,0.0,0.0
8,8,0.0,0.0,0.0,0.0,0.0,0.0,0.0,0.0,1.0,0.0,0.0
8,8,0.0,0.0,0.0,0.0,0.0,0.0,0.0,0.0,1.0,0.0,0.0
8,8,0.0,0.0,0.0,0.0,0.0,0.0,0.0,0.0,1.0,0.0,0.0
8,8,0.0,0.0,0.0,0.0,0.0,0.0,0.0,0.0,1.0,0.0,0.0
8,8,0.0,0.0,0.0,0.0,0.0,0.0,0.0,0.0,1.0,0.0,0.0
8,8,0.0,0.0,0.0,0.0,0.0,0.0,0.0,0.0,1.0,0.0,0.0
8,8,0.0,0.0,0.0,0.0,0.0,0.0,0.0,0.0,1.0,0.0,0.0
8,8,0.0,0.0,0.0,0.0,0.0,0.0,0.0,0.0,1.0,0.0,0.0
8,8,0.0,0.0,0.0,0.0,0.0,0.0,0.0,0.0,1.0,0.0,0.0
8,8,0.0,0.0,0.0,0.0,0.0,0.0,0.0,0.0,1.0,0.0,0.0
8,8,0.0,0.0,0.0,0.0,0.0,0.0,0.0,0.0,1.0,0.0,0.0
8,8,0.0,0.0,0.0,0.0,0.0,0.0,0.0,0.0,1.0,0.0,0.0
8,8,0.0,0.0,0.0,0.0,0.0,0.0,0.0,0.0,1.0,0.0,0.0
8,8,0.0,0.0,0.0,0.0,0.0,0.0,0.0,0.0,1.0,0.0,0.0
8,8,0.0,0.0,0.0,0.0,0.0,0.0,0.0,0.0,1.0,0.0,0.0
8,8,0.0,0.0,0.0,0.0,0.0,0.0,0.0,0.0,1.0,0.0,0.0
8,8,0.0,0.0,0.0,0.0,0.0,0.0,0.0,0.0,1.0,0.0,0.0
8,8,0.0,0.0,0.0,0.0,0.0,0.0,0.0,0.0,1.0,0.0,0.0
8,8,0.0,0.0,0.0,0.0,0.0,0.0,0.0,0.0,1.0,0.0,0.0
8,8,0.0,0.0,0.0,0.0,0.0,0.0,0.0,0.0,1.0,0.0,0.0
8,8,0.0,0.0,0.0,0.0,0.0,0.0,0.0,0.0,1.0,0.0,0.0
8,8,0.0,0.0,0.0,0.0,0.0,0.0,0.0,0.0,1.0,0.0,0.0
8,8,0.0,0.0,0.0,0.0,0.0,0.0,0.0,0.0,1.0,0.0,0.0
8,8,0.0,0.0,0.0,0.0,0.0,0.0,0.0,0.0,1.0,0.0,0.0
8,8,0.0,0.0,0.0,0.0,0.0,0.0,0.0,0.0,1.0,0.0,0.0
8,8,0.0,0.0,0.0,0.0,0.0,0.0,0.0,0.0,1.0,0.0,0.0
8,8,0.0,0.0,0.0,0.0,0.0,0.0,0.0,0.0,1.0,0.0,0.0
8,8,0.0,0.0,0.0,0.0,0.0,0.0,0.0,0.0,1.0,0.0,0.0
8,8,0.0,0.0,0.0,0.0,0.0,0.0,0.0,0.0,1.0,0.0,0.0
8,8,0.0,0.0,0.0,0.0,0.0,0.0,0.0,0.0,1.0,0.0,0.0
8,8,0.0,0.0,0.0,0.0,0.0,0.0,0.0,0.0,1.0,0.0,0.0
8,8,0.0,0.0,0.0,0.0,0.0,0.0,0.0,0.0,1.0,0.0,0.0
8,8,0.0,0.0,0.0,0.0,0.0,0.0,0.0,0.0,1.0,0.0,0.0
8,8,0.0,0.0,0.0,0.0,0.0,0.0,0.0,0.0,1.0,0.0,0.0
8,8,0.0,0.0,0.0,0.0,0.0,0.0,0.0,0.0,1.0,0.0,0.0
8,8,0.0,0.0,0.0,0.0,0.0,0.0,0.0,0.0,1.0,0.0,0.0
8,8,0.0,0.0,0.0,0.0,0.0,0.0,0.0,0.0,1.0,0.0,0.0
8,8,0.0,0.0,0.0,0.0,0.0,0.0,0.0,0.0,1.0,0.0,0.0
8,8,0.0,0.0,0.0,0.0,0.0,0.0,0.0,0.0,1.0,0.0,0.0
8,8,0.0,0.0,0.0,0.0,0.0,0.0,0.0,0.0,1.0,0.0,0.0
8,8,0.0,0.0,0.0,0.0,0.0,0.0,0.0,0.0,1.0,0.0,0.0
8,8,0.0,0.0,0.0,0.0,0.0,0.0,0.0,0.0,1.0,0.0,0.0
8,8,0.0,0.0,0.0,0.0,0.0,0.0,0.0,0.0,1.0,0.0,0.0
8,8,0.0,0.0,0.0,0.0,0.0,0.0,0.0,0.0,1.0,0.0,0.0
8,8,0.0,0.0,0.0,0.0,0.0,0.0,0.0,0.0,1.0,0.0,0.0
8,8,0.0,0.0,0.0,0.0,0.0,0.0,0.0,0.0,1.0,0.0,0.0
8,8,0.0,0.0,0.0,0.0,0.0,0.0,0.0,0.0,1.0,0.0,0.0
8,8,0.0,0.0,0.0,0.0,0.0,0.0,0.0,0.0,1.0,0.0,0.0
8,8,0.0,0.0,0.0,0.0,0.0,0.0,0.0,0.0,1.0,0.0,0.0
8,8,0.0,0.0,0.0,0.0,0.0,0.0,0.0,0.0,1.0,0.0,0.0
8,8,0.0,0.0,0.0,0.0,0.0,0.0,0.0,0.0,1.0,0.0,0.0
8,8,0.0,0.0,0.0,0.0,0.0,0.0,0.0,0.0,1.0,0.0,0.0
8,8,0.0,0.0,0.0,0.0,0.0,0.0,0.0,0.0,1.0,0.0,0.0
8,8,0.0,0.0,0.0,0.0,0.0,0.0,0.0,0.0,1.0,0.0,0.0
8,8,0.0,0.0,0.0,0.0,0.0,0.0,0.0,0.0,1.0,0.0,0.0
8,8,0.0,0.0,0.0,0.0,0.0,0.0,0.0,0.0,1.0,0.0,0.0
8,8,0.0,0.0,0.0,0.0,0.0,0.0,0.0,0.0,1.0,0.0,0.0
8,8,0.0,0.0,0.0,0.0,0.0,0.0,0.0,0.0,1.0,0.0,0.0
8,8,0.0,0.0,0.0,0.0,0.0,0.0,0.0,0.0,1.0,0.0,0.0
8,8,0.0,0.0,0.0,0.0,0.0,0.0,0.0,0.0,1.0,0.0,0.0
8,8,0.0,0.0,0.0,0.0,0.0,0.0,0.0,0.0,1.0,0.0,0.0
8,8,0.0,0.0,0.0,0.0,0.0,0.0,0.0,0.0,1.0,0.0,0.0
8,8,0.0,0.0,0.0,0.0,0.0,0.0,0.0,0.0,1.0,0.0,0.0
8,8,0.0,0.0,0.0,0.0,0.0,0.0,0.0,0.0,1.0,0.0,0.0
8,8,0.0,0.0,0.0,0.0,0.0,0.0,0.0,0.0,1.0,0.0,0.0
8,8,0.0,0.0,0.0,0.0,0.0,0.0,0.0,0.0,1.0,0.0,0.0
8,8,0.0,0.0,0.0,0.0,0.0,0.0,0.0,0.0,1.0,0.0,0.0
8,8,0.0,0.0,0.0,0.0,0.0,0.0,0.0,0.0,1.0,0.0,0.0
8,8,0.0,0.0,0.0,0.0,0.0,0.0,0.0,0.0,1.0,0.0,0.0
8,8,0.0,0.0,0.0,0.0,0.0,0.0,0.0,0.0,1.0,0.0,0.0
8,8,0.0,0.0,0.0,0.0,0.0,0.0,0.0,0.0,1.0,0.0,0.0
8,8,0.0,0.0,0.0,0.0,0.0,0.0,0.0,0.0,1.0,0.0,0.0
8,8,0.0,0.0,0.0,0.0,0.0,0.0,0.0,0.0,1.0,0.0,0.0
8,8,0.0,0.0,0.0,0.0,0.0,0.0,0.0,0.0,1.0,0.0,0.0
8,8,0.0,0.0,0.0,0.0,0.0,0.0,0.0,0.0,1.0,0.0,0.0
8,8,0.0,0.0,0.0,0.0,0.0,0.0,0.0,0.0,1.0,0.0,0.0
8,8,0.0,0.0,0.0,0.0,0.0,0.0,0.0,0.0,1.0,0.0,0.0
8,8,0.0,0.0,0.0,0.0,0.0,0.0,0.0,0.0,1.0,0.0,0.0
8,8,0.0,0.0,0.0,0.0,0.0,0.0,0.0,0.0,1.0,0.0,0.0
8,8,0.0,0.0,0.0,0.0,0.0,0.0,0.0,0.0,1.0,0.0,0.0
8,8,0.0,0.0,0.0,0.0,0.0,0.0,0.0,0.0,1.0,0.0,0.0
8,8,0.0,0.0,0.0,0.0,0.0,0.0,0.0,0.0,1.0,0.0,0.0
8,8,0.0,0.0,0.0,0.0,0.0,0.0,0.0,0.0,1.0,0.0,0.0
8,8,0.0,0.0,0.0,0.0,0.0,0.0,0.0,0.0,1.0,0.0,0.0
8,8,0.0,0.0,0.0,0.0,0.0,0.0,0.0,0.0,1.0,0.0,0.0
8,8,0.0,0.0,0.0,0.0,0.0,0.0,0.0,0.0,1.0,0.0,0.0
8,8,0.0,0.0,0.0,0.0,0.0,0.0,0.0,0.0,1.0,0.0,0.0
8,8,0.0,0.0,0.0,0.0,0.0,0.0,0.0,0.0,1.0,0.0,0.0
8,8,0.0,0.0,0.0,0.0,0.0,0.0,0.0,0.0,1.0,0.0,0.0
8,8,0.0,0.0,0.0,0.0,0.0,0.0,0.0,0.0,1.0,0.0,0.0
8,8,0.0,0.0,0.0,0.0,0.0,0.0,0.0,0.0,1.0,0.0,0.0
8,8,0.0,0.0,0.0,0.0,0.0,0.0,0.0,0.0,1.0,0.0,0.0
8,8,0.0,0.0,0.0,0.0,0.0,0.0,0.0,0.0,1.0,0.0,0.0
8,8,0.0,0.0,0.0,0.0,0.0,0.0,0.0,0.0,1.0,0.0,0.0
8,8,0.0,0.0,0.0,0.0,0.0,0.0,0.0,0.0,1.0,0.0,0.0
8,8,0.0,0.0,0.0,0.0,0.0,0.0,0.0,0.0,1.0,0.0,0.0
8,8,0.0,0.0,0.0,0.0,0.0,0.0,0.0,0.0,1.0,0.0,0.0
8,8,0.0,0.0,0.0,0.0,0.0,0.0,0.0,0.0,1.0,0.0,0.0
8,8,0.0,0.0,0.0,0.0,0.0,0.0,0.0,0.0,1.0,0.0,0.0
8,8,0.0,0.0,0.0,0.0,0.0,0.0,0.0,0.0,1.0,0.0,0.0
8,8,0.0,0.0,0.0,0.0,0.0,0.0,0.0,0.0,1.0,0.0,0.0
8,8,0.0,0.0,0.0,0.0,0.0,0.0,0.0,0.0,1.0,0.0,0.0
8,8,0.0,0.0,0.0,0.0,0.0,0.0,0.0,0.0,1.0,0.0,0.0
8,8,0.0,0.0,0.0,0.0,0.0,0.0,0.0,0.0,1.0,0.0,0.0
8,8,0.0,0.0,0.0,0.0,0.0,0.0,0.0,0.0,1.0,0.0,0.0
8,8,0.0,0.0,0.0,0.0,0.0,0.0,0.0,0.0,1.0,0.0,0.0
8,8,0.0,0.0,0.0,0.0,0.0,0.0,0.0,0.0,1.0,0.0,0.0
8,8,0.0,0.0,0.0,0.0,0.0,0.0,0.0,0.0,1.0,0.0,0.0
8,8,0.0,0.0,0.0,0.0,0.0,0.0,0.0,0.0,1.0,0.0,0.0
8,8,0.0,0.0,0.0,0.0,0.0,0.0,0.0,0.0,1.0,0.0,0.0
8,8,0.0,0.0,0.0,0.0,0.0,0.0,0.0,0.0,1.0,0.0,0.0
8,8,0.0,0.0,0.0,0.0,0.0,0.0,0.0,0.0,1.0,0.0,0.0
8,8,0.0,0.0,0.0,0.0,0.0,0.0,0.0,0.0,1.0,0.0,0.0
8,8,0.0,0.0,0.0,0.0,0.0,0.0,0.0,0.0,1.0,0.0,0.0
8,8,0.0,0.0,0.0,0.0,0.0,0.0,0.0,0.0,1.0,0.0,0.0
8,8,0.0,0.0,0.0,0.0,0.0,0.0,0.0,0.0,1.0,0.0,0.0
8,8,0.0,0.0,0.0,0.0,0.0,0.0,0.0,0.0,1.0,0.0,0.0
8,8,0.0,0.0,0.0,0.0,0.0,0.0,0.0,0.0,1.0,0.0,0.0
8,8,0.0,0.0,0.0,0.0,0.0,0.0,0.0,0.0,1.0,0.0,0.0
8,8,0.0,0.0,0.0,0.0,0.0,0.0,0.0,0.0,1.0,0.0,0.0
8,8,0.0,0.0,0.0,0.0,0.0,0.0,0.0,0.0,1.0,0.0,0.0
8,8,0.0,0.0,0.0,0.0,0.0,0.0,0.0,0.0,1.0,0.0,0.0
8,8,0.0,0.0,0.0,0.0,0.0,0.0,0.0,0.0,1.0,0.0,0.0
8,8,0.0,0.0,0.0,0.0,0.0,0.0,0.0,0.0,1.0,0.0,0.0
8,8,0.0,0.0,0.0,0.0,0.0,0.0,0.0,0.0,1.0,0.0,0.0
8,8,0.0,0.0,0.0,0.0,0.0,0.0,0.0,0.0,1.0,0.0,0.0
8,8,0.0,0.0,0.0,0.0,0.0,0.0,0.0,0.0,1.0,0.0,0.0
8,8,0.0,0.0,0.0,0.0,0.0,0.0,0.0,0.0,1.0,0.0,0.0
8,8,0.0,0.0,0.0,0.0,0.0,0.0,0.0,0.0,1.0,0.0,0.0
8,8,0.0,0.0,0.0,0.0,0.0,0.0,0.0,0.0,1.0,0.0,0.0
8,8,0.0,0.0,0.0,0.0,0.0,0.0,0.0,0.0,1.0,0.0,0.0
8,8,0.0,0.0,0.0,0.0,0.0,0.0,0.0,0.0,1.0,0.0,0.0
8,8,0.0,0.0,0.0,0.0,0.0,0.0,0.0,0.0,1.0,0.0,0.0
8,8,0.0,0.0,0.0,0.0,0.0,0.0,0.0,0.0,1.0,0.0,0.0
8,8,0.0,0.0,0.0,0.0,0.0,0.0,0.0,0.0,1.0,0.0,0.0
8,8,0.0,0.0,0.0,0.0,0.0,0.0,0.0,0.0,1.0,0.0,0.0
8,8,0.0,0.0,0.0,0.0,0.0,0.0,0.0,0.0,1.0,0.0,0.0
8,8,0.0,0.0,0.0,0.0,0.0,0.0,0.0,0.0,1.0,0.0,0.0
8,8,0.0,0.0,0.0,0.0,0.0,0.0,0.0,0.0,1.0,0.0,0.0
8,8,0.0,0.0,0.0,0.0,0.0,0.0,0.0,0.0,1.0,0.0,0.0
8,8,0.0,0.0,0.0,0.0,0.0,0.0,0.0,0.0,1.0,0.0,0.0
8,8,0.0,0.0,0.0,0.0,0.0,0.0,0.0,0.0,1.0,0.0,0.0
8,8,0.0,0.0,0.0,0.0,0.0,0.0,0.0,0.0,1.0,0.0,0.0
8,8,0.0,0.0,0.0,0.0,0.0,0.0,0.0,0.0,1.0,0.0,0.0
8,8,0.0,0.0,0.0,0.0,0.0,0.0,0.0,0.0,1.0,0.0,0.0
8,8,0.0,0.0,0.0,0.0,0.0,0.0,0.0,0.0,1.0,0.0,0.0
8,8,0.0,0.0,0.0,0.0,0.0,0.0,0.0,0.0,1.0,0.0,0.0
8,8,0.0,0.0,0.0,0.0,0.0,0.0,0.0,0.0,1.0,0.0,0.0
8,8,0.0,0.0,0.0,0.0,0.0,0.0,0.0,0.0,1.0,0.0,0.0
8,8,0.0,0.0,0.0,0.0,0.0,0.0,0.0,0.0,1.0,0.0,0.0
8,8,0.0,0.0,0.0,0.0,0.0,0.0,0.0,0.0,1.0,0.0,0.0
8,8,0.0,0.0,0.0,0.0,0.0,0.0,0.0,0.0,1.0,0.0,0.0
8,8,0.0,0.0,0.0,0.0,0.0,0.0,0.0,0.0,1.0,0.0,0.0
8,8,0.0,0.0,0.0,0.0,0.0,0.0,0.0,0.0,1.0,0.0,0.0
8,8,0.0,0.0,0.0,0.0,0.0,0.0,0.0,0.0,1.0,0.0,0.0
8,8,0.0,0.0,0.0,0.0,0.0,0.0,0.0,0.0,1.0,0.0,0.0
8,8,0.0,0.0,0.0,0.0,0.0,0.0,0.0,0.0,1.0,0.0,0.0
8,8,0.0,0.0,0.0,0.0,0.0,0.0,0.0,0.0,1.0,0.0,0.0
8,8,0.0,0.0,0.0,0.0,0.0,0.0,0.0,0.0,1.0,0.0,0.0
8,8,0.0,0.0,0.0,0.0,0.0,0.0,0.0,0.0,1.0,0.0,0.0
8,8,0.0,0.0,0.0,0.0,0.0,0.0,0.0,0.0,1.0,0.0,0.0
8,8,0.0,0.0,0.0,0.0,0.0,0.0,0.0,0.0,1.0,0.0,0.0
8,8,0.0,0.0,0.0,0.0,0.0,0.0,0.0,0.0,1.0,0.0,0.0
8,8,0.0,0.0,0.0,0.0,0.0,0.0,0.0,0.0,1.0,0.0,0.0
8,8,0.0,0.0,0.0,0.0,0.0,0.0,0.0,0.0,1.0,0.0,0.0
8,8,0.0,0.0,0.0,0.0,0.0,0.0,0.0,0.0,1.0,0.0,0.0
8,8,0.0,0.0,0.0,0.0,0.0,0.0,0.0,0.0,1.0,0.0,0.0
8,8,0.0,0.0,0.0,0.0,0.0,0.0,0.0,0.0,1.0,0.0,0.0
8,8,0.0,0.0,0.0,0.0,0.0,0.0,0.0,0.0,1.0,0.0,0.0
8,8,0.0,0.0,0.0,0.0,0.0,0.0,0.0,0.0,1.0,0.0,0.0
8,8,0.0,0.0,0.0,0.0,0.0,0.0,0.0,0.0,1.0,0.0,0.0
8,8,0.0,0.0,0.0,0.0,0.0,0.0,0.0,0.0,1.0,0.0,0.0
8,8,0.0,0.0,0.0,0.0,0.0,0.0,0.0,0.0,1.0,0.0,0.0
8,8,0.0,0.0,0.0,0.0,0.0,0.0,0.0,0.0,1.0,0.0,0.0
8,8,0.0,0.0,0.0,0.0,0.0,0.0,0.0,0.0,1.0,0.0,0.0
8,8,0.0,0.0,0.0,0.0,0.0,0.0,0.0,0.0,1.0,0.0,0.0
8,8,0.0,0.0,0.0,0.0,0.0,0.0,0.0,0.0,1.0,0.0,0.0
8,8,0.0,0.0,0.0,0.0,0.0,0.0,0.0,0.0,1.0,0.0,0.0
8,8,0.0,0.0,0.0,0.0,0.0,0.0,0.0,0.0,1.0,0.0,0.0
8,8,0.0,0.0,0.0,0.0,0.0,0.0,0.0,0.0,1.0,0.0,0.0
8,8,0.0,0.0,0.0,0.0,0.0,0.0,0.0,0.0,1.0,0.0,0.0
8,8,0.0,0.0,0.0,0.0,0.0,0.0,0.0,0.0,1.0,0.0,0.0
8,8,0.0,0.0,0.0,0.0,0.0,0.0,0.0,0.0,1.0,0.0,0.0
8,8,0.0,0.0,0.0,0.0,0.0,0.0,0.0,0.0,1.0,0.0,0.0
8,8,0.0,0.0,0.0,0.0,0.0,0.0,0.0,0.0,1.0,0.0,0.0
8,8,0.0,0.0,0.0,0.0,0.0,0.0,0.0,0.0,1.0,0.0,0.0
8,8,0.0,0.0,0.0,0.0,0.0,0.0,0.0,0.0,1.0,0.0,0.0
8,8,0.0,0.0,0.0,0.0,0.0,0.0,0.0,0.0,1.0,0.0,0.0
8,8,0.0,0.0,0.0,0.0,0.0,0.0,0.0,0.0,1.0,0.0,0.0
8,8,0.0,0.0,0.0,0.0,0.0,0.0,0.0,0.0,1.0,0.0,0.0
8,8,0.0,0.0,0.0,0.0,0.0,0.0,0.0,0.0,1.0,0.0,0.0
8,8,0.0,0.0,0.0,0.0,0.0,0.0,0.0,0.0,1.0,0.0,0.0
8,8,0.0,0.0,0.0,0.0,0.0,0.0,0.0,0.0,1.0,0.0,0.0
8,8,0.0,0.0,0.0,0.0,0.0,0.0,0.0,0.0,1.0,0.0,0.0
8,8,0.0,0.0,0.0,0.0,0.0,0.0,0.0,0.0,1.0,0.0,0.0
8,8,0.0,0.0,0.0,0.0,0.0,0.0,0.0,0.0,1.0,0.0,0.0
8,8,0.0,0.0,0.0,0.0,0.0,0.0,0.0,0.0,1.0,0.0,0.0
8,8,0.0,0.0,0.0,0.0,0.0,0.0,0.0,0.0,1.0,0.0,0.0
8,8,0.0,0.0,0.0,0.0,0.0,0.0,0.0,0.0,1.0,0.0,0.0
8,8,0.0,0.0,0.0,0.0,0.0,0.0,0.0,0.0,1.0,0.0,0.0
8,8,0.0,0.0,0.0,0.0,0.0,0.0,0.0,0.0,1.0,0.0,0.0
8,8,0.0,0.0,0.0,0.0,0.0,0.0,0.0,0.0,1.0,0.0,0.0
8,8,0.0,0.0,0.0,0.0,0.0,0.0,0.0,0.0,1.0,0.0,0.0
8,8,0.0,0.0,0.0,0.0,0.0,0.0,0.0,0.0,1.0,0.0,0.0
8,8,0.0,0.0,0.0,0.0,0.0,0.0,0.0,0.0,1.0,0.0,0.0
8,8,0.0,0.0,0.0,0.0,0.0,0.0,0.0,0.0,1.0,0.0,0.0
8,8,0.0,0.0,0.0,0.0,0.0,0.0,0.0,0.0,1.0,0.0,0.0
8,8,0.0,0.0,0.0,0.0,0.0,0.0,0.0,0.0,1.0,0.0,0.0
8,8,0.0,0.0,0.0,0.0,0.0,0.0,0.0,0.0,1.0,0.0,0.0
8,8,0.0,0.0,0.0,0.0,0.0,0.0,0.0,0.0,1.0,0.0,0.0
8,8,0.0,0.0,0.0,0.0,0.0,0.0,0.0,0.0,1.0,0.0,0.0
8,8,0.0,0.0,0.0,0.0,0.0,0.0,0.0,0.0,1.0,0.0,0.0
8,8,0.0,0.0,0.0,0.0,0.0,0.0,0.0,0.0,1.0,0.0,0.0
8,8,0.0,0.0,0.0,0.0,0.0,0.0,0.0,0.0,1.0,0.0,0.0
8,8,0.0,0.0,0.0,0.0,0.0,0.0,0.0,0.0,1.0,0.0,0.0
8,8,0.0,0.0,0.0,0.0,0.0,0.0,0.0,0.0,1.0,0.0,0.0
8,8,0.0,0.0,0.0,0.0,0.0,0.0,0.0,0.0,1.0,0.0,0.0
8,8,0.0,0.0,0.0,0.0,0.0,0.0,0.0,0.0,1.0,0.0,0.0
8,8,0.0,0.0,0.0,0.0,0.0,0.0,0.0,0.0,1.0,0.0,0.0
8,8,0.0,0.0,0.0,0.0,0.0,0.0,0.0,0.0,1.0,0.0,0.0
8,8,0.0,0.0,0.0,0.0,0.0,0.0,0.0,0.0,1.0,0.0,0.0
8,8,0.0,0.0,0.0,0.0,0.0,0.0,0.0,0.0,1.0,0.0,0.0
8,8,0.0,0.0,0.0,0.0,0.0,0.0,0.0,0.0,1.0,0.0,0.0
8,8,0.0,0.0,0.0,0.0,0.0,0.0,0.0,0.0,1.0,0.0,0.0
8,8,0.0,0.0,0.0,0.0,0.0,0.0,0.0,0.0,1.0,0.0,0.0
8,8,0.0,0.0,0.0,0.0,0.0,0.0,0.0,0.0,1.0,0.0,0.0
8,8,0.0,0.0,0.0,0.0,0.0,0.0,0.0,0.0,1.0,0.0,0.0
8,8,0.0,0.0,0.0,0.0,0.0,0.0,0.0,0.0,1.0,0.0,0.0
8,8,0.0,0.0,0.0,0.0,0.0,0.0,0.0,0.0,1.0,0.0,0.0
8,8,0.0,0.0,0.0,0.0,0.0,0.0,0.0,0.0,1.0,0.0,0.0
8,8,0.0,0.0,0.0,0.0,0.0,0.0,0.0,0.0,1.0,0.0,0.0
8,8,0.0,0.0,0.0,0.0,0.0,0.0,0.0,0.0,1.0,0.0,0.0
8,8,0.0,0.0,0.0,0.0,0.0,0.0,0.0,0.0,1.0,0.0,0.0
8,8,0.0,0.0,0.0,0.0,0.0,0.0,0.0,0.0,1.0,0.0,0.0
8,8,0.0,0.0,0.0,0.0,0.0,0.0,0.0,0.0,1.0,0.0,0.0
8,8,0.0,0.0,0.0,0.0,0.0,0.0,0.0,0.0,1.0,0.0,0.0
8,8,0.0,0.0,0.0,0.0,0.0,0.0,0.0,0.0,1.0,0.0,0.0
8,8,0.0,0.0,0.0,0.0,0.0,0.0,0.0,0.0,1.0,0.0,0.0
8,8,0.0,0.0,0.0,0.0,0.0,0.0,0.0,0.0,1.0,0.0,0.0
8,8,0.0,0.0,0.0,0.0,0.0,0.0,0.0,0.0,1.0,0.0,0.0
8,8,0.0,0.0,0.0,0.0,0.0,0.0,0.0,0.0,1.0,0.0,0.0
8,8,0.0,0.0,0.0,0.0,0.0,0.0,0.0,0.0,1.0,0.0,0.0
8,8,0.0,0.0,0.0,0.0,0.0,0.0,0.0,0.0,1.0,0.0,0.0
8,8,0.0,0.0,0.0,0.0,0.0,0.0,0.0,0.0,1.0,0.0,0.0
8,8,0.0,0.0,0.0,0.0,0.0,0.0,0.0,0.0,1.0,0.0,0.0
8,8,0.0,0.0,0.0,0.0,0.0,0.0,0.0,0.0,1.0,0.0,0.0
8,8,0.0,0.0,0.0,0.0,0.0,0.0,0.0,0.0,1.0,0.0,0.0
8,8,0.0,0.0,0.0,0.0,0.0,0.0,0.0,0.0,1.0,0.0,0.0
8,8,0.0,0.0,0.0,0.0,0.0,0.0,0.0,0.0,1.0,0.0,0.0
8,8,0.0,0.0,0.0,0.0,0.0,0.0,0.0,0.0,1.0,0.0,0.0
8,8,0.0,0.0,0.0,0.0,0.0,0.0,0.0,0.0,1.0,0.0,0.0
8,8,0.0,0.0,0.0,0.0,0.0,0.0,0.0,0.0,1.0,0.0,0.0
8,8,0.0,0.0,0.0,0.0,0.0,0.0,0.0,0.0,1.0,0.0,0.0
8,8,0.0,0.0,0.0,0.0,0.0,0.0,0.0,0.0,1.0,0.0,0.0
8,8,0.0,0.0,0.0,0.0,0.0,0.0,0.0,0.0,1.0,0.0,0.0
8,8,0.0,0.0,0.0,0.0,0.0,0.0,0.0,0.0,1.0,0.0,0.0
8,8,0.0,0.0,0.0,0.0,0.0,0.0,0.0,0.0,1.0,0.0,0.0
8,8,0.0,0.0,0.0,0.0,0.0,0.0,0.0,0.0,1.0,0.0,0.0
8,8,0.0,0.0,0.0,0.0,0.0,0.0,0.0,0.0,1.0,0.0,0.0
8,8,0.0,0.0,0.0,0.0,0.0,0.0,0.0,0.0,1.0,0.0,0.0
8,8,0.0,0.0,0.0,0.0,0.0,0.0,0.0,0.0,1.0,0.0,0.0
8,8,0.0,0.0,0.0,0.0,0.0,0.0,0.0,0.0,1.0,0.0,0.0
8,8,0.0,0.0,0.0,0.0,0.0,0.0,0.0,0.0,1.0,0.0,0.0
8,8,0.0,0.0,0.0,0.0,0.0,0.0,0.0,0.0,1.0,0.0,0.0
8,8,0.0,0.0,0.0,0.0,0.0,0.0,0.0,0.0,1.0,0.0,0.0
8,8,0.0,0.0,0.0,0.0,0.0,0.0,0.0,0.0,1.0,0.0,0.0
8,8,0.0,0.0,0.0,0.0,0.0,0.0,0.0,0.0,1.0,0.0,0.0
8,8,0.0,0.0,0.0,0.0,0.0,0.0,0.0,0.0,1.0,0.0,0.0
8,8,0.0,0.0,0.0,0.0,0.0,0.0,0.0,0.0,1.0,0.0,0.0
8,8,0.0,0.0,0.0,0.0,0.0,0.0,0.0,0.0,1.0,0.0,0.0
8,8,0.0,0.0,0.0,0.0,0.0,0.0,0.0,0.0,1.0,0.0,0.0
8,8,0.0,0.0,0.0,0.0,0.0,0.0,0.0,0.0,1.0,0.0,0.0
8,8,0.0,0.0,0.0,0.0,0.0,0.0,0.0,0.0,1.0,0.0,0.0
8,8,0.0,0.0,0.0,0.0,0.0,0.0,0.0,0.0,1.0,0.0,0.0
8,8,0.0,0.0,0.0,0.0,0.0,0.0,0.0,0.0,1.0,0.0,0.0
8,8,0.0,0.0,0.0,0.0,0.0,0.0,0.0,0.0,1.0,0.0,0.0
8,8,0.0,0.0,0.0,0.0,0.0,0.0,0.0,0.0,1.0,0.0,0.0
8,8,0.0,0.0,0.0,0.0,0.0,0.0,0.0,0.0,1.0,0.0,0.0
8,8,0.0,0.0,0.0,0.0,0.0,0.0,0.0,0.0,1.0,0.0,0.0
8,8,0.0,0.0,0.0,0.0,0.0,0.0,0.0,0.0,1.0,0.0,0.0
8,8,0.0,0.0,0.0,0.0,0.0,0.0,0.0,0.0,1.0,0.0,0.0
8,8,0.0,0.0,0.0,0.0,0.0,0.0,0.0,0.0,1.0,0.0,0.0
8,8,0.0,0.0,0.0,0.0,0.0,0.0,0.0,0.0,1.0,0.0,0.0
8,8,0.0,0.0,0.0,0.0,0.0,0.0,0.0,0.0,1.0,0.0,0.0
8,8,0.0,0.0,0.0,0.0,0.0,0.0,0.0,0.0,1.0,0.0,0.0
8,8,0.0,0.0,0.0,0.0,0.0,0.0,0.0,0.0,1.0,0.0,0.0
8,8,0.0,0.0,0.0,0.0,0.0,0.0,0.0,0.0,1.0,0.0,0.0
8,8,0.0,0.0,0.0,0.0,0.0,0.0,0.0,0.0,1.0,0.0,0.0
8,8,0.0,0.0,0.0,0.0,0.0,0.0,0.0,0.0,1.0,0.0,0.0
8,8,0.0,0.0,0.0,0.0,0.0,0.0,0.0,0.0,1.0,0.0,0.0
8,8,0.0,0.0,0.0,0.0,0.0,0.0,0.0,0.0,1.0,0.0,0.0
8,8,0.0,0.0,0.0,0.0,0.0,0.0,0.0,0.0,1.0,0.0,0.0
8,8,0.0,0.0,0.0,0.0,0.0,0.0,0.0,0.0,1.0,0.0,0.0
8,8,0.0,0.0,0.0,0.0,0.0,0.0,0.0,0.0,1.0,0.0,0.0
8,8,0.0,0.0,0.0,0.0,0.0,0.0,0.0,0.0,1.0,0.0,0.0
8,8,0.0,0.0,0.0,0.0,0.0,0.0,0.0,0.0,1.0,0.0,0.0
8,8,0.0,0.0,0.0,0.0,0.0,0.0,0.0,0.0,1.0,0.0,0.0
8,8,0.0,0.0,0.0,0.0,0.0,0.0,0.0,0.0,1.0,0.0,0.0
8,8,0.0,0.0,0.0,0.0,0.0,0.0,0.0,0.0,1.0,0.0,0.0
8,8,0.0,0.0,0.0,0.0,0.0,0.0,0.0,0.0,1.0,0.0,0.0
8,8,0.0,0.0,0.0,0.0,0.0,0.0,0.0,0.0,1.0,0.0,0.0
8,8,0.0,0.0,0.0,0.0,0.0,0.0,0.0,0.0,1.0,0.0,0.0
8,8,0.0,0.0,0.0,0.0,0.0,0.0,0.0,0.0,1.0,0.0,0.0
8,8,0.0,0.0,0.0,0.0,0.0,0.0,0.0,0.0,1.0,0.0,0.0
8,8,0.0,0.0,0.0,0.0,0.0,0.0,0.0,0.0,1.0,0.0,0.0
8,8,0.0,0.0,0.0,0.0,0.0,0.0,0.0,0.0,1.0,0.0,0.0
8,8,0.0,0.0,0.0,0.0,0.0,0.0,0.0,0.0,1.0,0.0,0.0
8,8,0.0,0.0,0.0,0.0,0.0,0.0,0.0,0.0,1.0,0.0,0.0
8,8,0.0,0.0,0.0,0.0,0.0,0.0,0.0,0.0,1.0,0.0,0.0
8,8,0.0,0.0,0.0,0.0,0.0,0.0,0.0,0.0,1.0,0.0,0.0
8,8,0.0,0.0,0.0,0.0,0.0,0.0,0.0,0.0,1.0,0.0,0.0
8,8,0.0,0.0,0.0,0.0,0.0,0.0,0.0,0.0,1.0,0.0,0.0
8,8,0.0,0.0,0.0,0.0,0.0,0.0,0.0,0.0,1.0,0.0,0.0
8,8,0.0,0.0,0.0,0.0,0.0,0.0,0.0,0.0,1.0,0.0,0.0
8,8,0.0,0.0,0.0,0.0,0.0,0.0,0.0,0.0,1.0,0.0,0.0
8,8,0.0,0.0,0.0,0.0,0.0,0.0,0.0,0.0,1.0,0.0,0.0
8,8,0.0,0.0,0.0,0.0,0.0,0.0,0.0,0.0,1.0,0.0,0.0
8,8,0.0,0.0,0.0,0.0,0.0,0.0,0.0,0.0,1.0,0.0,0.0
8,8,0.0,0.0,0.0,0.0,0.0,0.0,0.0,0.0,1.0,0.0,0.0
8,8,0.0,0.0,0.0,0.0,0.0,0.0,0.0,0.0,1.0,0.0,0.0
8,8,0.0,0.0,0.0,0.0,0.0,0.0,0.0,0.0,1.0,0.0,0.0
8,8,0.0,0.0,0.0,0.0,0.0,0.0,0.0,0.0,1.0,0.0,0.0
8,8,0.0,0.0,0.0,0.0,0.0,0.0,0.0,0.0,1.0,0.0,0.0
8,8,0.0,0.0,0.0,0.0,0.0,0.0,0.0,0.0,1.0,0.0,0.0
8,8,0.0,0.0,0.0,0.0,0.0,0.0,0.0,0.0,1.0,0.0,0.0
8,8,0.0,0.0,0.0,0.0,0.0,0.0,0.0,0.0,1.0,0.0,0.0
8,8,0.0,0.0,0.0,0.0,0.0,0.0,0.0,0.0,1.0,0.0,0.0
8,8,0.0,0.0,0.0,0.0,0.0,0.0,0.0,0.0,1.0,0.0,0.0
8,8,0.0,0.0,0.0,0.0,0.0,0.0,0.0,0.0,1.0,0.0,0.0
8,8,0.0,0.0,0.0,0.0,0.0,0.0,0.0,0.0,1.0,0.0,0.0
8,8,0.0,0.0,0.0,0.0,0.0,0.0,0.0,0.0,1.0,0.0,0.0
8,8,0.0,0.0,0.0,0.0,0.0,0.0,0.0,0.0,1.0,0.0,0.0
8,8,0.0,0.0,0.0,0.0,0.0,0.0,0.0,0.0,1.0,0.0,0.0
8,8,0.0,0.0,0.0,0.0,0.0,0.0,0.0,0.0,1.0,0.0,0.0
8,8,0.0,0.0,0.0,0.0,0.0,0.0,0.0,0.0,1.0,0.0,0.0
8,8,0.0,0.0,0.0,0.0,0.0,0.0,0.0,0.0,1.0,0.0,0.0
8,8,0.0,0.0,0.0,0.0,0.0,0.0,0.0,0.0,1.0,0.0,0.0
8,8,0.0,0.0,0.0,0.0,0.0,0.0,0.0,0.0,1.0,0.0,0.0
8,8,0.0,0.0,0.0,0.0,0.0,0.0,0.0,0.0,1.0,0.0,0.0
8,8,0.0,0.0,0.0,0.0,0.0,0.0,0.0,0.0,1.0,0.0,0.0
8,8,0.0,0.0,0.0,0.0,0.0,0.0,0.0,0.0,1.0,0.0,0.0
8,8,0.0,0.0,0.0,0.0,0.0,0.0,0.0,0.0,1.0,0.0,0.0
8,8,0.0,0.0,0.0,0.0,0.0,0.0,0.0,0.0,1.0,0.0,0.0
8,8,0.0,0.0,0.0,0.0,0.0,0.0,0.0,0.0,1.0,0.0,0.0
8,8,0.0,0.0,0.0,0.0,0.0,0.0,0.0,0.0,1.0,0.0,0.0
8,8,0.0,0.0,0.0,0.0,0.0,0.0,0.0,0.0,1.0,0.0,0.0
8,8,0.0,0.0,0.0,0.0,0.0,0.0,0.0,0.0,1.0,0.0,0.0
8,8,0.0,0.0,0.0,0.0,0.0,0.0,0.0,0.0,1.0,0.0,0.0
8,8,0.0,0.0,0.0,0.0,0.0,0.0,0.0,0.0,1.0,0.0,0.0
8,8,0.0,0.0,0.0,0.0,0.0,0.0,0.0,0.0,1.0,0.0,0.0
8,8,0.0,0.0,0.0,0.0,0.0,0.0,0.0,0.0,1.0,0.0,0.0
8,8,0.0,0.0,0.0,0.0,0.0,0.0,0.0,0.0,1.0,0.0,0.0
8,8,0.0,0.0,0.0,0.0,0.0,0.0,0.0,0.0,1.0,0.0,0.0
8,8,0.0,0.0,0.0,0.0,0.0,0.0,0.0,0.0,1.0,0.0,0.0
8,8,0.0,0.0,0.0,0.0,0.0,0.0,0.0,0.0,1.0,0.0,0.0
8,8,0.0,0.0,0.0,0.0,0.0,0.0,0.0,0.0,1.0,0.0,0.0
8,8,0.0,0.0,0.0,0.0,0.0,0.0,0.0,0.0,1.0,0.0,0.0
8,8,0.0,0.0,0.0,0.0,0.0,0.0,0.0,0.0,1.0,0.0,0.0
8,8,0.0,0.0,0.0,0.0,0.0,0.0,0.0,0.0,1.0,0.0,0.0
8,8,0.0,0.0,0.0,0.0,0.0,0.0,0.0,0.0,1.0,0.0,0.0
8,8,0.0,0.0,0.0,0.0,0.0,0.0,0.0,0.0,1.0,0.0,0.0
8,8,0.0,0.0,0.0,0.0,0.0,0.0,0.0,0.0,1.0,0.0,0.0
8,8,0.0,0.0,0.0,0.0,0.0,0.0,0.0,0.0,1.0,0.0,0.0
8,8,0.0,0.0,0.0,0.0,0.0,0.0,0.0,0.0,1.0,0.0,0.0
8,8,0.0,0.0,0.0,0.0,0.0,0.0,0.0,0.0,1.0,0.0,0.0
8,8,0.0,0.0,0.0,0.0,0.0,0.0,0.0,0.0,1.0,0.0,0.0
8,8,0.0,0.0,0.0,0.0,0.0,0.0,0.0,0.0,1.0,0.0,0.0
8,8,0.0,0.0,0.0,0.0,0.0,0.0,0.0,0.0,1.0,0.0,0.0
8,8,0.0,0.0,0.0,0.0,0.0,0.0,0.0,0.0,1.0,0.0,0.0
8,8,0.0,0.0,0.0,0.0,0.0,0.0,0.0,0.0,1.0,0.0,0.0
8,8,0.0,0.0,0.0,0.0,0.0,0.0,0.0,0.0,1.0,0.0,0.0
8,8,0.0,0.0,0.0,0.0,0.0,0.0,0.0,0.0,1.0,0.0,0.0
8,8,0.0,0.0,0.0,0.0,0.0,0.0,0.0,0.0,1.0,0.0,0.0
8,8,0.0,0.0,0.0,0.0,0.0,0.0,0.0,0.0,1.0,0.0,0.0
8,8,0.0,0.0,0.0,0.0,0.0,0.0,0.0,0.0,1.0,0.0,0.0
8,8,0.0,0.0,0.0,0.0,0.0,0.0,0.0,0.0,1.0,0.0,0.0
8,8,0.0,0.0,0.0,0.0,0.0,0.0,0.0,0.0,1.0,0.0,0.0
8,8,0.0,0.0,0.0,0.0,0.0,0.0,0.0,0.0,1.0,0.0,0.0
8,8,0.0,0.0,0.0,0.0,0.0,0.0,0.0,0.0,1.0,0.0,0.0
8,8,0.0,0.0,0.0,0.0,0.0,0.0,0.0,0.0,1.0,0.0,0.0
8,8,0.0,0.0,0.0,0.0,0.0,0.0,0.0,0.0,1.0,0.0,0.0
8,8,0.0,0.0,0.0,0.0,0.0,0.0,0.0,0.0,1.0,0.0,0.0
8,8,0.0,0.0,0.0,0.0,0.0,0.0,0.0,0.0,1.0,0.0,0.0
8,8,0.0,0.0,0.0,0.0,0.0,0.0,0.0,0.0,1.0,0.0,0.0
8,8,0.0,0.0,0.0,0.0,0.0,0.0,0.0,0.0,1.0,0.0,0.0
8,8,0.0,0.0,0.0,0.0,0.0,0.0,0.0,0.0,1.0,0.0,0.0
8,8,0.0,0.0,0.0,0.0,0.0,0.0,0.0,0.0,1.0,0.0,0.0
8,8,0.0,0.0,0.0,0.0,0.0,0.0,0.0,0.0,1.0,0.0,0.0
8,8,0.0,0.0,0.0,0.0,0.0,0.0,0.0,0.0,1.0,0.0,0.0
8,8,0.0,0.0,0.0,0.0,0.0,0.0,0.0,0.0,1.0,0.0,0.0
8,8,0.0,0.0,0.0,0.0,0.0,0.0,0.0,0.0,1.0,0.0,0.0
8,8,0.0,0.0,0.0,0.0,0.0,0.0,0.0,0.0,1.0,0.0,0.0
8,8,0.0,0.0,0.0,0.0,0.0,0.0,0.0,0.0,1.0,0.0,0.0
8,8,0.0,0.0,0.0,0.0,0.0,0.0,0.0,0.0,1.0,0.0,0.0
8,8,0.0,0.0,0.0,0.0,0.0,0.0,0.0,0.0,1.0,0.0,0.0
8,8,0.0,0.0,0.0,0.0,0.0,0.0,0.0,0.0,1.0,0.0,0.0
8,8,0.0,0.0,0.0,0.0,0.0,0.0,0.0,0.0,1.0,0.0,0.0
8,8,0.0,0.0,0.0,0.0,0.0,0.0,0.0,0.0,1.0,0.0,0.0
8,8,0.0,0.0,0.0,0.0,0.0,0.0,0.0,0.0,1.0,0.0,0.0
8,8,0.0,0.0,0.0,0.0,0.0,0.0,0.0,0.0,1.0,0.0,0.0
8,8,0.0,0.0,0.0,0.0,0.0,0.0,0.0,0.0,1.0,0.0,0.0
8,8,0.0,0.0,0.0,0.0,0.0,0.0,0.0,0.0,1.0,0.0,0.0
8,8,0.0,0.0,0.0,0.0,0.0,0.0,0.0,0.0,1.0,0.0,0.0
8,8,0.0,0.0,0.0,0.0,0.0,0.0,0.0,0.0,1.0,0.0,0.0
8,8,0.0,0.0,0.0,0.0,0.0,0.0,0.0,0.0,1.0,0.0,0.0
8,8,0.0,0.0,0.0,0.0,0.0,0.0,0.0,0.0,1.0,0.0,0.0
8,8,0.0,0.0,0.0,0.0,0.0,0.0,0.0,0.0,1.0,0.0,0.0
8,8,0.0,0.0,0.0,0.0,0.0,0.0,0.0,0.0,1.0,0.0,0.0
8,8,0.0,0.0,0.0,0.0,0.0,0.0,0.0,0.0,1.0,0.0,0.0
8,8,0.0,0.0,0.0,0.0,0.0,0.0,0.0,0.0,1.0,0.0,0.0
8,8,0.0,0.0,0.0,0.0,0.0,0.0,0.0,0.0,1.0,0.0,0.0
8,8,0.0,0.0,0.0,0.0,0.0,0.0,0.0,0.0,1.0,0.0,0.0
8,8,0.0,0.0,0.0,0.0,0.0,0.0,0.0,0.0,1.0,0.0,0.0
8,8,0.0,0.0,0.0,0.0,0.0,0.0,0.0,0.0,1.0,0.0,0.0
8,8,0.0,0.0,0.0,0.0,0.0,0.0,0.0,0.0,1.0,0.0,0.0
8,8,0.0,0.0,0.0,0.0,0.0,0.0,0.0,0.0,1.0,0.0,0.0
8,8,0.0,0.0,0.0,0.0,0.0,0.0,0.0,0.0,1.0,0.0,0.0
8,8,0.0,0.0,0.0,0.0,0.0,0.0,0.0,0.0,1.0,0.0,0.0
8,8,0.0,0.0,0.0,0.0,0.0,0.0,0.0,0.0,1.0,0.0,0.0
8,8,0.0,0.0,0.0,0.0,0.0,0.0,0.0,0.0,1.0,0.0,0.0
8,8,0.0,0.0,0.0,0.0,0.0,0.0,0.0,0.0,1.0,0.0,0.0
8,8,0.0,0.0,0.0,0.0,0.0,0.0,0.0,0.0,1.0,0.0,0.0
8,8,0.0,0.0,0.0,0.0,0.0,0.0,0.0,0.0,1.0,0.0,0.0
8,8,0.0,0.0,0.0,0.0,0.0,0.0,0.0,0.0,1.0,0.0,0.0
8,8,0.0,0.0,0.0,0.0,0.0,0.0,0.0,0.0,1.0,0.0,0.0
8,8,0.0,0.0,0.0,0.0,0.0,0.0,0.0,0.0,1.0,0.0,0.0
8,8,0.0,0.0,0.0,0.0,0.0,0.0,0.0,0.0,1.0,0.0,0.0
8,8,0.0,0.0,0.0,0.0,0.0,0.0,0.0,0.0,1.0,0.0,0.0
8,8,0.0,0.0,0.0,0.0,0.0,0.0,0.0,0.0,1.0,0.0,0.0
8,8,0.0,0.0,0.0,0.0,0.0,0.0,0.0,0.0,1.0,0.0,0.0
8,8,0.0,0.0,0.0,0.0,0.0,0.0,0.0,0.0,1.0,0.0,0.0
8,8,0.0,0.0,0.0,0.0,0.0,0.0,0.0,0.0,1.0,0.0,0.0
8,8,0.0,0.0,0.0,0.0,0.0,0.0,0.0,0.0,1.0,0.0,0.0
8,8,0.0,0.0,0.0,0.0,0.0,0.0,0.0,0.0,1.0,0.0,0.0
8,8,0.0,0.0,0.0,0.0,0.0,0.0,0.0,0.0,1.0,0.0,0.0
8,8,0.0,0.0,0.0,0.0,0.0,0.0,0.0,0.0,1.0,0.0,0.0
8,8,0.0,0.0,0.0,0.0,0.0,0.0,0.0,0.0,1.0,0.0,0.0
8,8,0.0,0.0,0.0,0.0,0.0,0.0,0.0,0.0,1.0,0.0,0.0
8,8,0.0,0.0,0.0,0.0,0.0,0.0,0.0,0.0,1.0,0.0,0.0
8,8,0.0,0.0,0.0,0.0,0.0,0.0,0.0,0.0,1.0,0.0,0.0
8,8,0.0,0.0,0.0,0.0,0.0,0.0,0.0,0.0,1.0,0.0,0.0
8,8,0.0,0.0,0.0,0.0,0.0,0.0,0.0,0.0,1.0,0.0,0.0
8,8,0.0,0.0,0.0,0.0,0.0,0.0,0.0,0.0,1.0,0.0,0.0
8,8,0.0,0.0,0.0,0.0,0.0,0.0,0.0,0.0,1.0,0.0,0.0
8,8,0.0,0.0,0.0,0.0,0.0,0.0,0.0,0.0,1.0,0.0,0.0
8,8,0.0,0.0,0.0,0.0,0.0,0.0,0.0,0.0,1.0,0.0,0.0
8,8,0.0,0.0,0.0,0.0,0.0,0.0,0.0,0.0,1.0,0.0,0.0
8,8,0.0,0.0,0.0,0.0,0.0,0.0,0.0,0.0,1.0,0.0,0.0
8,8,0.0,0.0,0.0,0.0,0.0,0.0,0.0,0.0,1.0,0.0,0.0
8,8,0.0,0.0,0.0,0.0,0.0,0.0,0.0,0.0,1.0,0.0,0.0
8,8,0.0,0.0,0.0,0.0,0.0,0.0,0.0,0.0,1.0,0.0,0.0
8,8,0.0,0.0,0.0,0.0,0.0,0.0,0.0,0.0,1.0,0.0,0.0
8,8,0.0,0.0,0.0,0.0,0.0,0.0,0.0,0.0,1.0,0.0,0.0
8,8,0.0,0.0,0.0,0.0,0.0,0.0,0.0,0.0,1.0,0.0,0.0
8,8,0.0,0.0,0.0,0.0,0.0,0.0,0.0,0.0,1.0,0.0,0.0
8,8,0.0,0.0,0.0,0.0,0.0,0.0,0.0,0.0,1.0,0.0,0.0
8,8,0.0,0.0,0.0,0.0,0.0,0.0,0.0,0.0,1.0,0.0,0.0
8,8,0.0,0.0,0.0,0.0,0.0,0.0,0.0,0.0,1.0,0.0,0.0
8,8,0.0,0.0,0.0,0.0,0.0,0.0,0.0,0.0,1.0,0.0,0.0
8,8,0.0,0.0,0.0,0.0,0.0,0.0,0.0,0.0,1.0,0.0,0.0
8,8,0.0,0.0,0.0,0.0,0.0,0.0,0.0,0.0,1.0,0.0,0.0
8,8,0.0,0.0,0.0,0.0,0.0,0.0,0.0,0.0,1.0,0.0,0.0
8,8,0.0,0.0,0.0,0.0,0.0,0.0,0.0,0.0,1.0,0.0,0.0
8,8,0.0,0.0,0.0,0.0,0.0,0.0,0.0,0.0,1.0,0.0,0.0
8,8,0.0,0.0,0.0,0.0,0.0,0.0,0.0,0.0,1.0,0.0,0.0
8,8,0.0,0.0,0.0,0.0,0.0,0.0,0.0,0.0,1.0,0.0,0.0
8,8,0.0,0.0,0.0,0.0,0.0,0.0,0.0,0.0,1.0,0.0,0.0
8,8,0.0,0.0,0.0,0.0,0.0,0.0,0.0,0.0,1.0,0.0,0.0
8,8,0.0,0.0,0.0,0.0,0.0,0.0,0.0,0.0,1.0,0.0,0.0
8,8,0.0,0.0,0.0,0.0,0.0,0.0,0.0,0.0,1.0,0.0,0.0
8,8,0.0,0.0,0.0,0.0,0.0,0.0,0.0,0.0,1.0,0.0,0.0
8,8,0.0,0.0,0.0,0.0,0.0,0.0,0.0,0.0,1.0,0.0,0.0
8,8,0.0,0.0,0.0,0.0,0.0,0.0,0.0,0.0,1.0,0.0,0.0
8,8,0.0,0.0,0.0,0.0,0.0,0.0,0.0,0.0,1.0,0.0,0.0
8,8,0.0,0.0,0.0,0.0,0.0,0.0,0.0,0.0,1.0,0.0,0.0
8,8,0.0,0.0,0.0,0.0,0.0,0.0,0.0,0.0,1.0,0.0,0.0
8,8,0.0,0.0,0.0,0.0,0.0,0.0,0.0,0.0,1.0,0.0,0.0
8,8,0.0,0.0,0.0,0.0,0.0,0.0,0.0,0.0,1.0,0.0,0.0
8,8,0.0,0.0,0.0,0.0,0.0,0.0,0.0,0.0,1.0,0.0,0.0
8,8,0.0,0.0,0.0,0.0,0.0,0.0,0.0,0.0,1.0,0.0,0.0
8,8,0.0,0.0,0.0,0.0,0.0,0.0,0.0,0.0,1.0,0.0,0.0
8,8,0.0,0.0,0.0,0.0,0.0,0.0,0.0,0.0,1.0,0.0,0.0
8,8,0.0,0.0,0.0,0.0,0.0,0.0,0.0,0.0,1.0,0.0,0.0
8,8,0.0,0.0,0.0,0.0,0.0,0.0,0.0,0.0,1.0,0.0,0.0
8,8,0.0,0.0,0.0,0.0,0.0,0.0,0.0,0.0,1.0,0.0,0.0
8,8,0.0,0.0,0.0,0.0,0.0,0.0,0.0,0.0,1.0,0.0,0.0
8,8,0.0,0.0,0.0,0.0,0.0,0.0,0.0,0.0,1.0,0.0,0.0
8,8,0.0,0.0,0.0,0.0,0.0,0.0,0.0,0.0,1.0,0.0,0.0
8,8,0.0,0.0,0.0,0.0,0.0,0.0,0.0,0.0,1.0,0.0,0.0
8,8,0.0,0.0,0.0,0.0,0.0,0.0,0.0,0.0,1.0,0.0,0.0
8,8,0.0,0.0,0.0,0.0,0.0,0.0,0.0,0.0,1.0,0.0,0.0
8,8,0.0,0.0,0.0,0.0,0.0,0.0,0.0,0.0,1.0,0.0,0.0
8,8,0.0,0.0,0.0,0.0,0.0,0.0,0.0,0.0,1.0,0.0,0.0
8,8,0.0,0.0,0.0,0.0,0.0,0.0,0.0,0.0,1.0,0.0,0.0
8,8,0.0,0.0,0.0,0.0,0.0,0.0,0.0,0.0,1.0,0.0,0.0
8,8,0.0,0.0,0.0,0.0,0.0,0.0,0.0,0.0,1.0,0.0,0.0
8,8,0.0,0.0,0.0,0.0,0.0,0.0,0.0,0.0,1.0,0.0,0.0
8,8,0.0,0.0,0.0,0.0,0.0,0.0,0.0,0.0,1.0,0.0,0.0
8,8,0.0,0.0,0.0,0.0,0.0,0.0,0.0,0.0,1.0,0.0,0.0
8,8,0.0,0.0,0.0,0.0,0.0,0.0,0.0,0.0,1.0,0.0,0.0
8,8,0.0,0.0,0.0,0.0,0.0,0.0,0.0,0.0,1.0,0.0,0.0
8,8,0.0,0.0,0.0,0.0,0.0,0.0,0.0,0.0,1.0,0.0,0.0
8,8,0.0,0.0,0.0,0.0,0.0,0.0,0.0,0.0,1.0,0.0,0.0
8,8,0.0,0.0,0.0,0.0,0.0,0.0,0.0,0.0,1.0,0.0,0.0
8,8,0.0,0.0,0.0,0.0,0.0,0.0,0.0,0.0,1.0,0.0,0.0
8,8,0.0,0.0,0.0,0.0,0.0,0.0,0.0,0.0,1.0,0.0,0.0
8,8,0.0,0.0,0.0,0.0,0.0,0.0,0.0,0.0,1.0,0.0,0.0
8,8,0.0,0.0,0.0,0.0,0.0,0.0,0.0,0.0,1.0,0.0,0.0
8,8,0.0,0.0,0.0,0.0,0.0,0.0,0.0,0.0,1.0,0.0,0.0
8,8,0.0,0.0,0.0,0.0,0.0,0.0,0.0,0.0,1.0,0.0,0.0
8,8,0.0,0.0,0.0,0.0,0.0,0.0,0.0,0.0,1.0,0.0,0.0
8,8,0.0,0.0,0.0,0.0,0.0,0.0,0.0,0.0,1.0,0.0,0.0
8,8,0.0,0.0,0.0,0.0,0.0,0.0,0.0,0.0,1.0,0.0,0.0
8,8,0.0,0.0,0.0,0.0,0.0,0.0,0.0,0.0,1.0,0.0,0.0
8,8,0.0,0.0,0.0,0.0,0.0,0.0,0.0,0.0,1.0,0.0,0.0
8,8,0.0,0.0,0.0,0.0,0.0,0.0,0.0,0.0,1.0,0.0,0.0
8,8,0.0,0.0,0.0,0.0,0.0,0.0,0.0,0.0,1.0,0.0,0.0
8,8,0.0,0.0,0.0,0.0,0.0,0.0,0.0,0.0,1.0,0.0,0.0
8,8,0.0,0.0,0.0,0.0,0.0,0.0,0.0,0.0,1.0,0.0,0.0
8,8,0.0,0.0,0.0,0.0,0.0,0.0,0.0,0.0,1.0,0.0,0.0
8,8,0.0,0.0,0.0,0.0,0.0,0.0,0.0,0.0,1.0,0.0,0.0
8,8,0.0,0.0,0.0,0.0,0.0,0.0,0.0,0.0,1.0,0.0,0.0
8,8,0.0,0.0,0.0,0.0,0.0,0.0,0.0,0.0,1.0,0.0,0.0
8,8,0.0,0.0,0.0,0.0,0.0,0.0,0.0,0.0,1.0,0.0,0.0
8,8,0.0,0.0,0.0,0.0,0.0,0.0,0.0,0.0,1.0,0.0,0.0
8,8,0.0,0.0,0.0,0.0,0.0,0.0,0.0,0.0,1.0,0.0,0.0
8,8,0.0,0.0,0.0,0.0,0.0,0.0,0.0,0.0,1.0,0.0,0.0
8,8,0.0,0.0,0.0,0.0,0.0,0.0,0.0,0.0,1.0,0.0,0.0
8,8,0.0,0.0,0.0,0.0,0.0,0.0,0.0,0.0,1.0,0.0,0.0
8,8,0.0,0.0,0.0,0.0,0.0,0.0,0.0,0.0,1.0,0.0,0.0
8,8,0.0,0.0,0.0,0.0,0.0,0.0,0.0,0.0,1.0,0.0,0.0
8,8,0.0,0.0,0.0,0.0,0.0,0.0,0.0,0.0,1.0,0.0,0.0
8,8,0.0,0.0,0.0,0.0,0.0,0.0,0.0,0.0,1.0,0.0,0.0
8,8,0.0,0.0,0.0,0.0,0.0,0.0,0.0,0.0,1.0,0.0,0.0
8,8,0.0,0.0,0.0,0.0,0.0,0.0,0.0,0.0,1.0,0.0,0.0
8,8,0.0,0.0,0.0,0.0,0.0,0.0,0.0,0.0,1.0,0.0,0.0
8,8,0.0,0.0,0.0,0.0,0.0,0.0,0.0,0.0,1.0,0.0,0.0
8,8,0.0,0.0,0.0,0.0,0.0,0.0,0.0,0.0,1.0,0.0,0.0
8,8,0.0,0.0,0.0,0.0,0.0,0.0,0.0,0.0,1.0,0.0,0.0
8,8,0.0,0.0,0.0,0.0,0.0,0.0,0.0,0.0,1.0,0.0,0.0
8,8,0.0,0.0,0.0,0.0,0.0,0.0,0.0,0.0,1.0,0.0,0.0
8,8,0.0,0.0,0.0,0.0,0.0,0.0,0.0,0.0,1.0,0.0,0.0
8,8,0.0,0.0,0.0,0.0,0.0,0.0,0.0,0.0,1.0,0.0,0.0
8,8,0.0,0.0,0.0,0.0,0.0,0.0,0.0,0.0,1.0,0.0,0.0
8,8,0.0,0.0,0.0,0.0,0.0,0.0,0.0,0.0,1.0,0.0,0.0
8,8,0.0,0.0,0.0,0.0,0.0,0.0,0.0,0.0,1.0,0.0,0.0
8,8,0.0,0.0,0.0,0.0,0.0,0.0,0.0,0.0,1.0,0.0,0.0
8,8,0.0,0.0,0.0,0.0,0.0,0.0,0.0,0.0,1.0,0.0,0.0
8,8,0.0,0.0,0.0,0.0,0.0,0.0,0.0,0.0,1.0,0.0,0.0
8,8,0.0,0.0,0.0,0.0,0.0,0.0,0.0,0.0,1.0,0.0,0.0
8,8,0.0,0.0,0.0,0.0,0.0,0.0,0.0,0.0,1.0,0.0,0.0
8,8,0.0,0.0,0.0,0.0,0.0,0.0,0.0,0.0,1.0,0.0,0.0
8,8,0.0,0.0,0.0,0.0,0.0,0.0,0.0,0.0,1.0,0.0,0.0
8,8,0.0,0.0,0.0,0.0,0.0,0.0,0.0,0.0,1.0,0.0,0.0
8,8,0.0,0.0,0.0,0.0,0.0,0.0,0.0,0.0,1.0,0.0,0.0
8,8,0.0,0.0,0.0,0.0,0.0,0.0,0.0,0.0,1.0,0.0,0.0
8,8,0.0,0.0,0.0,0.0,0.0,0.0,0.0,0.0,1.0,0.0,0.0
8,8,0.0,0.0,0.0,0.0,0.0,0.0,0.0,0.0,1.0,0.0,0.0
8,8,0.0,0.0,0.0,0.0,0.0,0.0,0.0,0.0,1.0,0.0,0.0
8,8,0.0,0.0,0.0,0.0,0.0,0.0,0.0,0.0,1.0,0.0,0.0
8,8,0.0,0.0,0.0,0.0,0.0,0.0,0.0,0.0,1.0,0.0,0.0
8,8,0.0,0.0,0.0,0.0,0.0,0.0,0.0,0.0,1.0,0.0,0.0
8,8,0.0,0.0,0.0,0.0,0.0,0.0,0.0,0.0,1.0,0.0,0.0
8,8,0.0,0.0,0.0,0.0,0.0,0.0,0.0,0.0,1.0,0.0,0.0
8,8,0.0,0.0,0.0,0.0,0.0,0.0,0.0,0.0,1.0,0.0,0.0
8,8,0.0,0.0,0.0,0.0,0.0,0.0,0.0,0.0,1.0,0.0,0.0
8,8,0.0,0.0,0.0,0.0,0.0,0.0,0.0,0.0,1.0,0.0,0.0
8,8,0.0,0.0,0.0,0.0,0.0,0.0,0.0,0.0,1.0,0.0,0.0
8,8,0.0,0.0,0.0,0.0,0.0,0.0,0.0,0.0,1.0,0.0,0.0
8,8,0.0,0.0,0.0,0.0,0.0,0.0,0.0,0.0,1.0,0.0,0.0
8,8,0.0,0.0,0.0,0.0,0.0,0.0,0.0,0.0,1.0,0.0,0.0
8,8,0.0,0.0,0.0,0.0,0.0,0.0,0.0,0.0,1.0,0.0,0.0
8,8,0.0,0.0,0.0,0.0,0.0,0.0,0.0,0.0,1.0,0.0,0.0
8,8,0.0,0.0,0.0,0.0,0.0,0.0,0.0,0.0,1.0,0.0,0.0
8,8,0.0,0.0,0.0,0.0,0.0,0.0,0.0,0.0,1.0,0.0,0.0
8,8,0.0,0.0,0.0,0.0,0.0,0.0,0.0,0.0,1.0,0.0,0.0
8,8,0.0,0.0,0.0,0.0,0.0,0.0,0.0,0.0,1.0,0.0,0.0
8,8,0.0,0.0,0.0,0.0,0.0,0.0,0.0,0.0,1.0,0.0,0.0
8,8,0.0,0.0,0.0,0.0,0.0,0.0,0.0,0.0,1.0,0.0,0.0
8,8,0.0,0.0,0.0,0.0,0.0,0.0,0.0,0.0,1.0,0.0,0.0
8,8,0.0,0.0,0.0,0.0,0.0,0.0,0.0,0.0,1.0,0.0,0.0
8,8,0.0,0.0,0.0,0.0,0.0,0.0,0.0,0.0,1.0,0.0,0.0
8,8,0.0,0.0,0.0,0.0,0.0,0.0,0.0,0.0,1.0,0.0,0.0
8,8,0.0,0.0,0.0,0.0,0.0,0.0,0.0,0.0,1.0,0.0,0.0
8,8,0.0,0.0,0.0,0.0,0.0,0.0,0.0,0.0,1.0,0.0,0.0
8,8,0.0,0.0,0.0,0.0,0.0,0.0,0.0,0.0,1.0,0.0,0.0
8,8,0.0,0.0,0.0,0.0,0.0,0.0,0.0,0.0,1.0,0.0,0.0
8,8,0.0,0.0,0.0,0.0,0.0,0.0,0.0,0.0,1.0,0.0,0.0
8,8,0.0,0.0,0.0,0.0,0.0,0.0,0.0,0.0,1.0,0.0,0.0
8,8,0.0,0.0,0.0,0.0,0.0,0.0,0.0,0.0,1.0,0.0,0.0
8,8,0.0,0.0,0.0,0.0,0.0,0.0,0.0,0.0,1.0,0.0,0.0
8,8,0.0,0.0,0.0,0.0,0.0,0.0,0.0,0.0,1.0,0.0,0.0
8,8,0.0,0.0,0.0,0.0,0.0,0.0,0.0,0.0,1.0,0.0,0.0
8,8,0.0,0.0,0.0,0.0,0.0,0.0,0.0,0.0,1.0,0.0,0.0
8,8,0.0,0.0,0.0,0.0,0.0,0.0,0.0,0.0,1.0,0.0,0.0
8,8,0.0,0.0,0.0,0.0,0.0,0.0,0.0,0.0,1.0,0.0,0.0
8,8,0.0,0.0,0.0,0.0,0.0,0.0,0.0,0.0,1.0,0.0,0.0
8,8,0.0,0.0,0.0,0.0,0.0,0.0,0.0,0.0,1.0,0.0,0.0
8,8,0.0,0.0,0.0,0.0,0.0,0.0,0.0,0.0,1.0,0.0,0.0
8,8,0.0,0.0,0.0,0.0,0.0,0.0,0.0,0.0,1.0,0.0,0.0
8,8,0.0,0.0,0.0,0.0,0.0,0.0,0.0,0.0,1.0,0.0,0.0
8,8,0.0,0.0,0.0,0.0,0.0,0.0,0.0,0.0,1.0,0.0,0.0
8,8,0.0,0.0,0.0,0.0,0.0,0.0,0.0,0.0,1.0,0.0,0.0
8,8,0.0,0.0,0.0,0.0,0.0,0.0,0.0,0.0,1.0,0.0,0.0
8,8,0.0,0.0,0.0,0.0,0.0,0.0,0.0,0.0,1.0,0.0,0.0
8,8,0.0,0.0,0.0,0.0,0.0,0.0,0.0,0.0,1.0,0.0,0.0
8,8,0.0,0.0,0.0,0.0,0.0,0.0,0.0,0.0,1.0,0.0,0.0
8,8,0.0,0.0,0.0,0.0,0.0,0.0,0.0,0.0,1.0,0.0,0.0
8,8,0.0,0.0,0.0,0.0,0.0,0.0,0.0,0.0,1.0,0.0,0.0
8,8,0.0,0.0,0.0,0.0,0.0,0.0,0.0,0.0,1.0,0.0,0.0
8,8,0.0,0.0,0.0,0.0,0.0,0.0,0.0,0.0,1.0,0.0,0.0
8,8,0.0,0.0,0.0,0.0,0.0,0.0,0.0,0.0,1.0,0.0,0.0
8,8,0.0,0.0,0.0,0.0,0.0,0.0,0.0,0.0,1.0,0.0,0.0
8,8,0.0,0.0,0.0,0.0,0.0,0.0,0.0,0.0,1.0,0.0,0.0
8,8,0.0,0.0,0.0,0.0,0.0,0.0,0.0,0.0,1.0,0.0,0.0
8,8,0.0,0.0,0.0,0.0,0.0,0.0,0.0,0.0,1.0,0.0,0.0
8,8,0.0,0.0,0.0,0.0,0.0,0.0,0.0,0.0,1.0,0.0,0.0
8,8,0.0,0.0,0.0,0.0,0.0,0.0,0.0,0.0,1.0,0.0,0.0
8,8,0.0,0.0,0.0,0.0,0.0,0.0,0.0,0.0,1.0,0.0,0.0
8,8,0.0,0.0,0.0,0.0,0.0,0.0,0.0,0.0,1.0,0.0,0.0
8,8,0.0,0.0,0.0,0.0,0.0,0.0,0.0,0.0,1.0,0.0,0.0
8,8,0.0,0.0,0.0,0.0,0.0,0.0,0.0,0.0,1.0,0.0,0.0
8,8,0.0,0.0,0.0,0.0,0.0,0.0,0.0,0.0,1.0,0.0,0.0
8,8,0.0,0.0,0.0,0.0,0.0,0.0,0.0,0.0,1.0,0.0,0.0
8,8,0.0,0.0,0.0,0.0,0.0,0.0,0.0,0.0,1.0,0.0,0.0
8,8,0.0,0.0,0.0,0.0,0.0,0.0,0.0,0.0,1.0,0.0,0.0
8,8,0.0,0.0,0.0,0.0,0.0,0.0,0.0,0.0,1.0,0.0,0.0
8,8,0.0,0.0,0.0,0.0,0.0,0.0,0.0,0.0,1.0,0.0,0.0
8,8,0.0,0.0,0.0,0.0,0.0,0.0,0.0,0.0,1.0,0.0,0.0
8,8,0.0,0.0,0.0,0.0,0.0,0.0,0.0,0.0,1.0,0.0,0.0
8,8,0.0,0.0,0.0,0.0,0.0,0.0,0.0,0.0,1.0,0.0,0.0
8,8,0.0,0.0,0.0,0.0,0.0,0.0,0.0,0.0,1.0,0.0,0.0
8,8,0.0,0.0,0.0,0.0,0.0,0.0,0.0,0.0,1.0,0.0,0.0
8,8,0.0,0.0,0.0,0.0,0.0,0.0,0.0,0.0,1.0,0.0,0.0
8,8,0.0,0.0,0.0,0.0,0.0,0.0,0.0,0.0,1.0,0.0,0.0
8,8,0.0,0.0,0.0,0.0,0.0,0.0,0.0,0.0,1.0,0.0,0.0
8,8,0.0,0.0,0.0,0.0,0.0,0.0,0.0,0.0,1.0,0.0,0.0
8,8,0.0,0.0,0.0,0.0,0.0,0.0,0.0,0.0,1.0,0.0,0.0
8,8,0.0,0.0,0.0,0.0,0.0,0.0,0.0,0.0,1.0,0.0,0.0
8,8,0.0,0.0,0.0,0.0,0.0,0.0,0.0,0.0,1.0,0.0,0.0
8,8,0.0,0.0,0.0,0.0,0.0,0.0,0.0,0.0,1.0,0.0,0.0
8,8,0.0,0.0,0.0,0.0,0.0,0.0,0.0,0.0,1.0,0.0,0.0
8,8,0.0,0.0,0.0,0.0,0.0,0.0,0.0,0.0,1.0,0.0,0.0
8,8,0.0,0.0,0.0,0.0,0.0,0.0,0.0,0.0,1.0,0.0,0.0
8,8,0.0,0.0,0.0,0.0,0.0,0.0,0.0,0.0,1.0,0.0,0.0
8,8,0.0,0.0,0.0,0.0,0.0,0.0,0.0,0.0,1.0,0.0,0.0
8,8,0.0,0.0,0.0,0.0,0.0,0.0,0.0,0.0,1.0,0.0,0.0
8,8,0.0,0.0,0.0,0.0,0.0,0.0,0.0,0.0,1.0,0.0,0.0
8,8,0.0,0.0,0.0,0.0,0.0,0.0,0.0,0.0,1.0,0.0,0.0
8,8,0.0,0.0,0.0,0.0,0.0,0.0,0.0,0.0,1.0,0.0,0.0
8,8,0.0,0.0,0.0,0.0,0.0,0.0,0.0,0.0,1.0,0.0,0.0
8,8,0.0,0.0,0.0,0.0,0.0,0.0,0.0,0.0,1.0,0.0,0.0
8,8,0.0,0.0,0.0,0.0,0.0,0.0,0.0,0.0,1.0,0.0,0.0
8,8,0.0,0.0,0.0,0.0,0.0,0.0,0.0,0.0,1.0,0.0,0.0
8,8,0.0,0.0,0.0,0.0,0.0,0.0,0.0,0.0,1.0,0.0,0.0
8,8,0.0,0.0,0.0,0.0,0.0,0.0,0.0,0.0,1.0,0.0,0.0
8,8,0.0,0.0,0.0,0.0,0.0,0.0,0.0,0.0,1.0,0.0,0.0
8,8,0.0,0.0,0.0,0.0,0.0,0.0,0.0,0.0,1.0,0.0,0.0
8,8,0.0,0.0,0.0,0.0,0.0,0.0,0.0,0.0,1.0,0.0,0.0
8,8,0.0,0.0,0.0,0.0,0.0,0.0,0.0,0.0,1.0,0.0,0.0
8,8,0.0,0.0,0.0,0.0,0.0,0.0,0.0,0.0,1.0,0.0,0.0
8,8,0.0,0.0,0.0,0.0,0.0,0.0,0.0,0.0,1.0,0.0,0.0
8,8,0.0,0.0,0.0,0.0,0.0,0.0,0.0,0.0,1.0,0.0,0.0
8,8,0.0,0.0,0.0,0.0,0.0,0.0,0.0,0.0,1.0,0.0,0.0
8,8,0.0,0.0,0.0,0.0,0.0,0.0,0.0,0.0,1.0,0.0,0.0
8,8,0.0,0.0,0.0,0.0,0.0,0.0,0.0,0.0,1.0,0.0,0.0
8,8,0.0,0.0,0.0,0.0,0.0,0.0,0.0,0.0,1.0,0.0,0.0
8,8,0.0,0.0,0.0,0.0,0.0,0.0,0.0,0.0,1.0,0.0,0.0
8,8,0.0,0.0,0.0,0.0,0.0,0.0,0.0,0.0,1.0,0.0,0.0
8,8,0.0,0.0,0.0,0.0,0.0,0.0,0.0,0.0,1.0,0.0,0.0
8,8,0.0,0.0,0.0,0.0,0.0,0.0,0.0,0.0,1.0,0.0,0.0
8,8,0.0,0.0,0.0,0.0,0.0,0.0,0.0,0.0,1.0,0.0,0.0
8,8,0.0,0.0,0.0,0.0,0.0,0.0,0.0,0.0,1.0,0.0,0.0
8,8,0.0,0.0,0.0,0.0,0.0,0.0,0.0,0.0,1.0,0.0,0.0
8,8,0.0,0.0,0.0,0.0,0.0,0.0,0.0,0.0,1.0,0.0,0.0
8,8,0.0,0.0,0.0,0.0,0.0,0.0,0.0,0.0,1.0,0.0,0.0
8,8,0.0,0.0,0.0,0.0,0.0,0.0,0.0,0.0,1.0,0.0,0.0
8,8,0.0,0.0,0.0,0.0,0.0,0.0,0.0,0.0,1.0,0.0,0.0
8,8,0.0,0.0,0.0,0.0,0.0,0.0,0.0,0.0,1.0,0.0,0.0
8,8,0.0,0.0,0.0,0.0,0.0,0.0,0.0,0.0,1.0,0.0,0.0
8,8,0.0,0.0,0.0,0.0,0.0,0.0,0.0,0.0,1.0,0.0,0.0
8,8,0.0,0.0,0.0,0.0,0.0,0.0,0.0,0.0,1.0,0.0,0.0
8,8,0.0,0.0,0.0,0.0,0.0,0.0,0.0,0.0,1.0,0.0,0.0
8,8,0.0,0.0,0.0,0.0,0.0,0.0,0.0,0.0,1.0,0.0,0.0
8,8,0.0,0.0,0.0,0.0,0.0,0.0,0.0,0.0,1.0,0.0,0.0
8,8,0.0,0.0,0.0,0.0,0.0,0.0,0.0,0.0,1.0,0.0,0.0
8,8,0.0,0.0,0.0,0.0,0.0,0.0,0.0,0.0,1.0,0.0,0.0
8,8,0.0,0.0,0.0,0.0,0.0,0.0,0.0,0.0,1.0,0.0,0.0
8,8,0.0,0.0,0.0,0.0,0.0,0.0,0.0,0.0,1.0,0.0,0.0
8,8,0.0,0.0,0.0,0.0,0.0,0.0,0.0,0.0,1.0,0.0,0.0
8,8,0.0,0.0,0.0,0.0,0.0,0.0,0.0,0.0,1.0,0.0,0.0
8,8,0.0,0.0,0.0,0.0,0.0,0.0,0.0,0.0,1.0,0.0,0.0
8,8,0.0,0.0,0.0,0.0,0.0,0.0,0.0,0.0,1.0,0.0,0.0
8,8,0.0,0.0,0.0,0.0,0.0,0.0,0.0,0.0,1.0,0.0,0.0
8,8,0.0,0.0,0.0,0.0,0.0,0.0,0.0,0.0,1.0,0.0,0.0
8,8,0.0,0.0,0.0,0.0,0.0,0.0,0.0,0.0,1.0,0.0,0.0
8,8,0.0,0.0,0.0,0.0,0.0,0.0,0.0,0.0,1.0,0.0,0.0
8,8,0.0,0.0,0.0,0.0,0.0,0.0,0.0,0.0,1.0,0.0,0.0
8,8,0.0,0.0,0.0,0.0,0.0,0.0,0.0,0.0,1.0,0.0,0.0
8,8,0.0,0.0,0.0,0.0,0.0,0.0,0.0,0.0,1.0,0.0,0.0
8,8,0.0,0.0,0.0,0.0,0.0,0.0,0.0,0.0,1.0,0.0,0.0
8,8,0.0,0.0,0.0,0.0,0.0,0.0,0.0,0.0,1.0,0.0,0.0
8,8,0.0,0.0,0.0,0.0,0.0,0.0,0.0,0.0,1.0,0.0,0.0
8,8,0.0,0.0,0.0,0.0,0.0,0.0,0.0,0.0,1.0,0.0,0.0
8,8,0.0,0.0,0.0,0.0,0.0,0.0,0.0,0.0,1.0,0.0,0.0
8,8,0.0,0.0,0.0,0.0,0.0,0.0,0.0,0.0,1.0,0.0,0.0
8,8,0.0,0.0,0.0,0.0,0.0,0.0,0.0,0.0,1.0,0.0,0.0
8,8,0.0,0.0,0.0,0.0,0.0,0.0,0.0,0.0,1.0,0.0,0.0
8,8,0.0,0.0,0.0,0.0,0.0,0.0,0.0,0.0,1.0,0.0,0.0
8,8,0.0,0.0,0.0,0.0,0.0,0.0,0.0,0.0,1.0,0.0,0.0
8,8,0.0,0.0,0.0,0.0,0.0,0.0,0.0,0.0,1.0,0.0,0.0
8,8,0.0,0.0,0.0,0.0,0.0,0.0,0.0,0.0,1.0,0.0,0.0
8,8,0.0,0.0,0.0,0.0,0.0,0.0,0.0,0.0,1.0,0.0,0.0
8,8,0.0,0.0,0.0,0.0,0.0,0.0,0.0,0.0,1.0,0.0,0.0
8,8,0.0,0.0,0.0,0.0,0.0,0.0,0.0,0.0,1.0,0.0,0.0
8,8,0.0,0.0,0.0,0.0,0.0,0.0,0.0,0.0,1.0,0.0,0.0
8,8,0.0,0.0,0.0,0.0,0.0,0.0,0.0,0.0,1.0,0.0,0.0
8,8,0.0,0.0,0.0,0.0,0.0,0.0,0.0,0.0,1.0,0.0,0.0
8,8,0.0,0.0,0.0,0.0,0.0,0.0,0.0,0.0,1.0,0.0,0.0
8,8,0.0,0.0,0.0,0.0,0.0,0.0,0.0,0.0,1.0,0.0,0.0
8,8,0.0,0.0,0.0,0.0,0.0,0.0,0.0,0.0,1.0,0.0,0.0
8,8,0.0,0.0,0.0,0.0,0.0,0.0,0.0,0.0,1.0,0.0,0.0
8,8,0.0,0.0,0.0,0.0,0.0,0.0,0.0,0.0,1.0,0.0,0.0
8,8,0.0,0.0,0.0,0.0,0.0,0.0,0.0,0.0,1.0,0.0,0.0
8,8,0.0,0.0,0.0,0.0,0.0,0.0,0.0,0.0,1.0,0.0,0.0
8,8,0.0,0.0,0.0,0.0,0.0,0.0,0.0,0.0,1.0,0.0,0.0
8,8,0.0,0.0,0.0,0.0,0.0,0.0,0.0,0.0,1.0,0.0,0.0
8,8,0.0,0.0,0.0,0.0,0.0,0.0,0.0,0.0,1.0,0.0,0.0
8,8,0.0,0.0,0.0,0.0,0.0,0.0,0.0,0.0,1.0,0.0,0.0
8,8,0.0,0.0,0.0,0.0,0.0,0.0,0.0,0.0,1.0,0.0,0.0
8,8,0.0,0.0,0.0,0.0,0.0,0.0,0.0,0.0,1.0,0.0,0.0
8,8,0.0,0.0,0.0,0.0,0.0,0.0,0.0,0.0,1.0,0.0,0.0
8,8,0.0,0.0,0.0,0.0,0.0,0.0,0.0,0.0,1.0,0.0,0.0
8,8,0.0,0.0,0.0,0.0,0.0,0.0,0.0,0.0,1.0,0.0,0.0
8,8,0.0,0.0,0.0,0.0,0.0,0.0,0.0,0.0,1.0,0.0,0.0
8,8,0.0,0.0,0.0,0.0,0.0,0.0,0.0,0.0,1.0,0.0,0.0
8,8,0.0,0.0,0.0,0.0,0.0,0.0,0.0,0.0,1.0,0.0,0.0
8,8,0.0,0.0,0.0,0.0,0.0,0.0,0.0,0.0,1.0,0.0,0.0
8,8,0.0,0.0,0.0,0.0,0.0,0.0,0.0,0.0,1.0,0.0,0.0
8,8,0.0,0.0,0.0,0.0,0.0,0.0,0.0,0.0,1.0,0.0,0.0
8,8,0.0,0.0,0.0,0.0,0.0,0.0,0.0,0.0,1.0,0.0,0.0
8,8,0.0,0.0,0.0,0.0,0.0,0.0,0.0,0.0,1.0,0.0,0.0
8,8,0.0,0.0,0.0,0.0,0.0,0.0,0.0,0.0,1.0,0.0,0.0
8,8,0.0,0.0,0.0,0.0,0.0,0.0,0.0,0.0,1.0,0.0,0.0
8,8,0.0,0.0,0.0,0.0,0.0,0.0,0.0,0.0,1.0,0.0,0.0
8,8,0.0,0.0,0.0,0.0,0.0,0.0,0.0,0.0,1.0,0.0,0.0
8,8,0.0,0.0,0.0,0.0,0.0,0.0,0.0,0.0,1.0,0.0,0.0
8,8,0.0,0.0,0.0,0.0,0.0,0.0,0.0,0.0,1.0,0.0,0.0
8,8,0.0,0.0,0.0,0.0,0.0,0.0,0.0,0.0,1.0,0.0,0.0
8,8,0.0,0.0,0.0,0.0,0.0,0.0,0.0,0.0,1.0,0.0,0.0
8,8,0.0,0.0,0.0,0.0,0.0,0.0,0.0,0.0,1.0,0.0,0.0
8,8,0.0,0.0,0.0,0.0,0.0,0.0,0.0,0.0,1.0,0.0,0.0
8,8,0.0,0.0,0.0,0.0,0.0,0.0,0.0,0.0,1.0,0.0,0.0
8,8,0.0,0.0,0.0,0.0,0.0,0.0,0.0,0.0,1.0,0.0,0.0
8,8,0.0,0.0,0.0,0.0,0.0,0.0,0.0,0.0,1.0,0.0,0.0
8,8,0.0,0.0,0.0,0.0,0.0,0.0,0.0,0.0,1.0,0.0,0.0
8,8,0.0,0.0,0.0,0.0,0.0,0.0,0.0,0.0,1.0,0.0,0.0
8,8,0.0,0.0,0.0,0.0,0.0,0.0,0.0,0.0,1.0,0.0,0.0
8,8,0.0,0.0,0.0,0.0,0.0,0.0,0.0,0.0,1.0,0.0,0.0
8,8,0.0,0.0,0.0,0.0,0.0,0.0,0.0,0.0,1.0,0.0,0.0
8,8,0.0,0.0,0.0,0.0,0.0,0.0,0.0,0.0,1.0,0.0,0.0
8,8,0.0,0.0,0.0,0.0,0.0,0.0,0.0,0.0,1.0,0.0,0.0
8,8,0.0,0.0,0.0,0.0,0.0,0.0,0.0,0.0,1.0,0.0,0.0
8,8,0.0,0.0,0.0,0.0,0.0,0.0,0.0,0.0,1.0,0.0,0.0
8,8,0.0,0.0,0.0,0.0,0.0,0.0,0.0,0.0,1.0,0.0,0.0
8,8,0.0,0.0,0.0,0.0,0.0,0.0,0.0,0.0,1.0,0.0,0.0
8,8,0.0,0.0,0.0,0.0,0.0,0.0,0.0,0.0,1.0,0.0,0.0
8,8,0.0,0.0,0.0,0.0,0.0,0.0,0.0,0.0,1.0,0.0,0.0
8,8,0.0,0.0,0.0,0.0,0.0,0.0,0.0,0.0,1.0,0.0,0.0
8,8,0.0,0.0,0.0,0.0,0.0,0.0,0.0,0.0,1.0,0.0,0.0
8,8,0.0,0.0,0.0,0.0,0.0,0.0,0.0,0.0,1.0,0.0,0.0
8,8,0.0,0.0,0.0,0.0,0.0,0.0,0.0,0.0,1.0,0.0,0.0
8,8,0.0,0.0,0.0,0.0,0.0,0.0,0.0,0.0,1.0,0.0,0.0
8,8,0.0,0.0,0.0,0.0,0.0,0.0,0.0,0.0,1.0,0.0,0.0
8,8,0.0,0.0,0.0,0.0,0.0,0.0,0.0,0.0,1.0,0.0,0.0
8,8,0.0,0.0,0.0,0.0,0.0,0.0,0.0,0.0,1.0,0.0,0.0
8,8,0.0,0.0,0.0,0.0,0.0,0.0,0.0,0.0,1.0,0.0,0.0
8,8,0.0,0.0,0.0,0.0,0.0,0.0,0.0,0.0,1.0,0.0,0.0
8,8,0.0,0.0,0.0,0.0,0.0,0.0,0.0,0.0,1.0,0.0,0.0
8,8,0.0,0.0,0.0,0.0,0.0,0.0,0.0,0.0,1.0,0.0,0.0
8,8,0.0,0.0,0.0,0.0,0.0,0.0,0.0,0.0,1.0,0.0,0.0
8,8,0.0,0.0,0.0,0.0,0.0,0.0,0.0,0.0,1.0,0.0,0.0
8,8,0.0,0.0,0.0,0.0,0.0,0.0,0.0,0.0,1.0,0.0,0.0
8,8,0.0,0.0,0.0,0.0,0.0,0.0,0.0,0.0,1.0,0.0,0.0
8,8,0.0,0.0,0.0,0.0,0.0,0.0,0.0,0.0,1.0,0.0,0.0
8,8,0.0,0.0,0.0,0.0,0.0,0.0,0.0,0.0,1.0,0.0,0.0
8,8,0.0,0.0,0.0,0.0,0.0,0.0,0.0,0.0,1.0,0.0,0.0
8,8,0.0,0.0,0.0,0.0,0.0,0.0,0.0,0.0,1.0,0.0,0.0
8,8,0.0,0.0,0.0,0.0,0.0,0.0,0.0,0.0,1.0,0.0,0.0
8,8,0.0,0.0,0.0,0.0,0.0,0.0,0.0,0.0,1.0,0.0,0.0
8,8,0.0,0.0,0.0,0.0,0.0,0.0,0.0,0.0,1.0,0.0,0.0
8,8,0.0,0.0,0.0,0.0,0.0,0.0,0.0,0.0,1.0,0.0,0.0
8,8,0.0,0.0,0.0,0.0,0.0,0.0,0.0,0.0,1.0,0.0,0.0
8,8,0.0,0.0,0.0,0.0,0.0,0.0,0.0,0.0,1.0,0.0,0.0
8,8,0.0,0.0,0.0,0.0,0.0,0.0,0.0,0.0,1.0,0.0,0.0
8,8,0.0,0.0,0.0,0.0,0.0,0.0,0.0,0.0,1.0,0.0,0.0
8,8,0.0,0.0,0.0,0.0,0.0,0.0,0.0,0.0,1.0,0.0,0.0
8,8,0.0,0.0,0.0,0.0,0.0,0.0,0.0,0.0,1.0,0.0,0.0
8,8,0.0,0.0,0.0,0.0,0.0,0.0,0.0,0.0,1.0,0.0,0.0
8,8,0.0,0.0,0.0,0.0,0.0,0.0,0.0,0.0,1.0,0.0,0.0
8,8,0.0,0.0,0.0,0.0,0.0,0.0,0.0,0.0,1.0,0.0,0.0
8,8,0.0,0.0,0.0,0.0,0.0,0.0,0.0,0.0,1.0,0.0,0.0
8,8,0.0,0.0,0.0,0.0,0.0,0.0,0.0,0.0,1.0,0.0,0.0
8,8,0.0,0.0,0.0,0.0,0.0,0.0,0.0,0.0,1.0,0.0,0.0
8,8,0.0,0.0,0.0,0.0,0.0,0.0,0.0,0.0,1.0,0.0,0.0
8,8,0.0,0.0,0.0,0.0,0.0,0.0,0.0,0.0,1.0,0.0,0.0
8,8,0.0,0.0,0.0,0.0,0.0,0.0,0.0,0.0,1.0,0.0,0.0
8,8,0.0,0.0,0.0,0.0,0.0,0.0,0.0,0.0,1.0,0.0,0.0
8,8,0.0,0.0,0.0,0.0,0.0,0.0,0.0,0.0,1.0,0.0,0.0
8,8,0.0,0.0,0.0,0.0,0.0,0.0,0.0,0.0,1.0,0.0,0.0
8,8,0.0,0.0,0.0,0.0,0.0,0.0,0.0,0.0,1.0,0.0,0.0
8,8,0.0,0.0,0.0,0.0,0.0,0.0,0.0,0.0,1.0,0.0,0.0
8,8,0.0,0.0,0.0,0.0,0.0,0.0,0.0,0.0,1.0,0.0,0.0
8,8,0.0,0.0,0.0,0.0,0.0,0.0,0.0,0.0,1.0,0.0,0.0
8,8,0.0,0.0,0.0,0.0,0.0,0.0,0.0,0.0,1.0,0.0,0.0
8,8,0.0,0.0,0.0,0.0,0.0,0.0,0.0,0.0,1.0,0.0,0.0
8,8,0.0,0.0,0.0,0.0,0.0,0.0,0.0,0.0,1.0,0.0,0.0
8,8,0.0,0.0,0.0,0.0,0.0,0.0,0.0,0.0,1.0,0.0,0.0
8,8,0.0,0.0,0.0,0.0,0.0,0.0,0.0,0.0,1.0,0.0,0.0
8,8,0.0,0.0,0.0,0.0,0.0,0.0,0.0,0.0,1.0,0.0,0.0
8,8,0.0,0.0,0.0,0.0,0.0,0.0,0.0,0.0,1.0,0.0,0.0
8,8,0.0,0.0,0.0,0.0,0.0,0.0,0.0,0.0,1.0,0.0,0.0
8,8,0.0,0.0,0.0,0.0,0.0,0.0,0.0,0.0,1.0,0.0,0.0
8,8,0.0,0.0,0.0,0.0,0.0,0.0,0.0,0.0,1.0,0.0,0.0
8,8,0.0,0.0,0.0,0.0,0.0,0.0,0.0,0.0,1.0,0.0,0.0
8,8,0.0,0.0,0.0,0.0,0.0,0.0,0.0,0.0,1.0,0.0,0.0
8,8,0.0,0.0,0.0,0.0,0.0,0.0,0.0,0.0,1.0,0.0,0.0
8,8,0.0,0.0,0.0,0.0,0.0,0.0,0.0,0.0,1.0,0.0,0.0
8,8,0.0,0.0,0.0,0.0,0.0,0.0,0.0,0.0,1.0,0.0,0.0
8,8,0.0,0.0,0.0,0.0,0.0,0.0,0.0,0.0,1.0,0.0,0.0
8,8,0.0,0.0,0.0,0.0,0.0,0.0,0.0,0.0,1.0,0.0,0.0
8,8,0.0,0.0,0.0,0.0,0.0,0.0,0.0,0.0,1.0,0.0,0.0
8,8,0.0,0.0,0.0,0.0,0.0,0.0,0.0,0.0,1.0,0.0,0.0
8,8,0.0,0.0,0.0,0.0,0.0,0.0,0.0,0.0,1.0,0.0,0.0
8,8,0.0,0.0,0.0,0.0,0.0,0.0,0.0,0.0,1.0,0.0,0.0
8,8,0.0,0.0,0.0,0.0,0.0,0.0,0.0,0.0,1.0,0.0,0.0
8,8,0.0,0.0,0.0,0.0,0.0,0.0,0.0,0.0,1.0,0.0,0.0
8,8,0.0,0.0,0.0,0.0,0.0,0.0,0.0,0.0,1.0,0.0,0.0
8,8,0.0,0.0,0.0,0.0,0.0,0.0,0.0,0.0,1.0,0.0,0.0
8,8,0.0,0.0,0.0,0.0,0.0,0.0,0.0,0.0,1.0,0.0,0.0
8,8,0.0,0.0,0.0,0.0,0.0,0.0,0.0,0.0,1.0,0.0,0.0
8,8,0.0,0.0,0.0,0.0,0.0,0.0,0.0,0.0,1.0,0.0,0.0
8,8,0.0,0.0,0.0,0.0,0.0,0.0,0.0,0.0,1.0,0.0,0.0
8,8,0.0,0.0,0.0,0.0,0.0,0.0,0.0,0.0,1.0,0.0,0.0
8,8,0.0,0.0,0.0,0.0,0.0,0.0,0.0,0.0,1.0,0.0,0.0
8,8,0.0,0.0,0.0,0.0,0.0,0.0,0.0,0.0,1.0,0.0,0.0
8,8,0.0,0.0,0.0,0.0,0.0,0.0,0.0,0.0,1.0,0.0,0.0
8,8,0.0,0.0,0.0,0.0,0.0,0.0,0.0,0.0,1.0,0.0,0.0
8,8,0.0,0.0,0.0,0.0,0.0,0.0,0.0,0.0,1.0,0.0,0.0
8,8,0.0,0.0,0.0,0.0,0.0,0.0,0.0,0.0,1.0,0.0,0.0
8,8,0.0,0.0,0.0,0.0,0.0,0.0,0.0,0.0,1.0,0.0,0.0
8,8,0.0,0.0,0.0,0.0,0.0,0.0,0.0,0.0,1.0,0.0,0.0
8,8,0.0,0.0,0.0,0.0,0.0,0.0,0.0,0.0,1.0,0.0,0.0
8,8,0.0,0.0,0.0,0.0,0.0,0.0,0.0,0.0,1.0,0.0,0.0
8,8,0.0,0.0,0.0,0.0,0.0,0.0,0.0,0.0,1.0,0.0,0.0
8,8,0.0,0.0,0.0,0.0,0.0,0.0,0.0,0.0,1.0,0.0,0.0
8,8,0.0,0.0,0.0,0.0,0.0,0.0,0.0,0.0,1.0,0.0,0.0
8,8,0.0,0.0,0.0,0.0,0.0,0.0,0.0,0.0,1.0,0.0,0.0
8,8,0.0,0.0,0.0,0.0,0.0,0.0,0.0,0.0,1.0,0.0,0.0
8,8,0.0,0.0,0.0,0.0,0.0,0.0,0.0,0.0,1.0,0.0,0.0
8,8,0.0,0.0,0.0,0.0,0.0,0.0,0.0,0.0,1.0,0.0,0.0
8,8,0.0,0.0,0.0,0.0,0.0,0.0,0.0,0.0,1.0,0.0,0.0
8,8,0.0,0.0,0.0,0.0,0.0,0.0,0.0,0.0,1.0,0.0,0.0
8,8,0.0,0.0,0.0,0.0,0.0,0.0,0.0,0.0,1.0,0.0,0.0
8,8,0.0,0.0,0.0,0.0,0.0,0.0,0.0,0.0,1.0,0.0,0.0
8,8,0.0,0.0,0.0,0.0,0.0,0.0,0.0,0.0,1.0,0.0,0.0
8,8,0.0,0.0,0.0,0.0,0.0,0.0,0.0,0.0,1.0,0.0,0.0
8,8,0.0,0.0,0.0,0.0,0.0,0.0,0.0,0.0,1.0,0.0,0.0
8,8,0.0,0.0,0.0,0.0,0.0,0.0,0.0,0.0,1.0,0.0,0.0
8,8,0.0,0.0,0.0,0.0,0.0,0.0,0.0,0.0,1.0,0.0,0.0
8,8,0.0,0.0,0.0,0.0,0.0,0.0,0.0,0.0,1.0,0.0,0.0
8,8,0.0,0.0,0.0,0.0,0.0,0.0,0.0,0.0,1.0,0.0,0.0
8,8,0.0,0.0,0.0,0.0,0.0,0.0,0.0,0.0,1.0,0.0,0.0
8,8,0.0,0.0,0.0,0.0,0.0,0.0,0.0,0.0,1.0,0.0,0.0
8,8,0.0,0.0,0.0,0.0,0.0,0.0,0.0,0.0,1.0,0.0,0.0
8,8,0.0,0.0,0.0,0.0,0.0,0.0,0.0,0.0,1.0,0.0,0.0
8,8,0.0,0.0,0.0,0.0,0.0,0.0,0.0,0.0,1.0,0.0,0.0
8,8,0.0,0.0,0.0,0.0,0.0,0.0,0.0,0.0,1.0,0.0,0.0
8,8,0.0,0.0,0.0,0.0,0.0,0.0,0.0,0.0,1.0,0.0,0.0
8,8,0.0,0.0,0.0,0.0,0.0,0.0,0.0,0.0,1.0,0.0,0.0
8,8,0.0,0.0,0.0,0.0,0.0,0.0,0.0,0.0,1.0,0.0,0.0
8,8,0.0,0.0,0.0,0.0,0.0,0.0,0.0,0.0,1.0,0.0,0.0
8,8,0.0,0.0,0.0,0.0,0.0,0.0,0.0,0.0,1.0,0.0,0.0
8,8,0.0,0.0,0.0,0.0,0.0,0.0,0.0,0.0,1.0,0.0,0.0
8,8,0.0,0.0,0.0,0.0,0.0,0.0,0.0,0.0,1.0,0.0,0.0
8,8,0.0,0.0,0.0,0.0,0.0,0.0,0.0,0.0,1.0,0.0,0.0
8,8,0.0,0.0,0.0,0.0,0.0,0.0,0.0,0.0,1.0,0.0,0.0
8,8,0.0,0.0,0.0,0.0,0.0,0.0,0.0,0.0,1.0,0.0,0.0
8,8,0.0,0.0,0.0,0.0,0.0,0.0,0.0,0.0,1.0,0.0,0.0
8,8,0.0,0.0,0.0,0.0,0.0,0.0,0.0,0.0,1.0,0.0,0.0
8,8,0.0,0.0,0.0,0.0,0.0,0.0,0.0,0.0,1.0,0.0,0.0
8,8,0.0,0.0,0.0,0.0,0.0,0.0,0.0,0.0,1.0,0.0,0.0
8,8,0.0,0.0,0.0,0.0,0.0,0.0,0.0,0.0,1.0,0.0,0.0
8,8,0.0,0.0,0.0,0.0,0.0,0.0,0.0,0.0,1.0,0.0,0.0
8,8,0.0,0.0,0.0,0.0,0.0,0.0,0.0,0.0,1.0,0.0,0.0
8,8,0.0,0.0,0.0,0.0,0.0,0.0,0.0,0.0,1.0,0.0,0.0
8,8,0.0,0.0,0.0,0.0,0.0,0.0,0.0,0.0,1.0,0.0,0.0
8,8,0.0,0.0,0.0,0.0,0.0,0.0,0.0,0.0,1.0,0.0,0.0
8,8,0.0,0.0,0.0,0.0,0.0,0.0,0.0,0.0,1.0,0.0,0.0
8,8,0.0,0.0,0.0,0.0,0.0,0.0,0.0,0.0,1.0,0.0,0.0
8,8,0.0,0.0,0.0,0.0,0.0,0.0,0.0,0.0,1.0,0.0,0.0
8,8,0.0,0.0,0.0,0.0,0.0,0.0,0.0,0.0,1.0,0.0,0.0
8,8,0.0,0.0,0.0,0.0,0.0,0.0,0.0,0.0,1.0,0.0,0.0
8,8,0.0,0.0,0.0,0.0,0.0,0.0,0.0,0.0,1.0,0.0,0.0
8,8,0.0,0.0,0.0,0.0,0.0,0.0,0.0,0.0,1.0,0.0,0.0
8,8,0.0,0.0,0.0,0.0,0.0,0.0,0.0,0.0,1.0,0.0,0.0
8,8,0.0,0.0,0.0,0.0,0.0,0.0,0.0,0.0,1.0,0.0,0.0
8,8,0.0,0.0,0.0,0.0,0.0,0.0,0.0,0.0,1.0,0.0,0.0
8,8,0.0,0.0,0.0,0.0,0.0,0.0,0.0,0.0,1.0,0.0,0.0
8,8,0.0,0.0,0.0,0.0,0.0,0.0,0.0,0.0,1.0,0.0,0.0
8,8,0.0,0.0,0.0,0.0,0.0,0.0,0.0,0.0,1.0,0.0,0.0
8,8,0.0,0.0,0.0,0.0,0.0,0.0,0.0,0.0,1.0,0.0,0.0
8,8,0.0,0.0,0.0,0.0,0.0,0.0,0.0,0.0,1.0,0.0,0.0
8,8,0.0,0.0,0.0,0.0,0.0,0.0,0.0,0.0,1.0,0.0,0.0
8,8,0.0,0.0,0.0,0.0,0.0,0.0,0.0,0.0,1.0,0.0,0.0
8,8,0.0,0.0,0.0,0.0,0.0,0.0,0.0,0.0,1.0,0.0,0.0
8,8,0.0,0.0,0.0,0.0,0.0,0.0,0.0,0.0,1.0,0.0,0.0
8,8,0.0,0.0,0.0,0.0,0.0,0.0,0.0,0.0,1.0,0.0,0.0
8,8,0.0,0.0,0.0,0.0,0.0,0.0,0.0,0.0,1.0,0.0,0.0
8,8,0.0,0.0,0.0,0.0,0.0,0.0,0.0,0.0,1.0,0.0,0.0
8,8,0.0,0.0,0.0,0.0,0.0,0.0,0.0,0.0,1.0,0.0,0.0
8,8,0.0,0.0,0.0,0.0,0.0,0.0,0.0,0.0,1.0,0.0,0.0
8,8,0.0,0.0,0.0,0.0,0.0,0.0,0.0,0.0,1.0,0.0,0.0
8,8,0.0,0.0,0.0,0.0,0.0,0.0,0.0,0.0,1.0,0.0,0.0
8,8,0.0,0.0,0.0,0.0,0.0,0.0,0.0,0.0,1.0,0.0,0.0
8,8,0.0,0.0,0.0,0.0,0.0,0.0,0.0,0.0,1.0,0.0,0.0
8,8,0.0,0.0,0.0,0.0,0.0,0.0,0.0,0.0,1.0,0.0,0.0
8,8,0.0,0.0,0.0,0.0,0.0,0.0,0.0,0.0,1.0,0.0,0.0
8,8,0.0,0.0,0.0,0.0,0.0,0.0,0.0,0.0,1.0,0.0,0.0
8,8,0.0,0.0,0.0,0.0,0.0,0.0,0.0,0.0,1.0,0.0,0.0
8,8,0.0,0.0,0.0,0.0,0.0,0.0,0.0,0.0,1.0,0.0,0.0
8,8,0.0,0.0,0.0,0.0,0.0,0.0,0.0,0.0,1.0,0.0,0.0
8,8,0.0,0.0,0.0,0.0,0.0,0.0,0.0,0.0,1.0,0.0,0.0
8,8,0.0,0.0,0.0,0.0,0.0,0.0,0.0,0.0,1.0,0.0,0.0
8,8,0.0,0.0,0.0,0.0,0.0,0.0,0.0,0.0,1.0,0.0,0.0
8,8,0.0,0.0,0.0,0.0,0.0,0.0,0.0,0.0,1.0,0.0,0.0
8,8,0.0,0.0,0.0,0.0,0.0,0.0,0.0,0.0,1.0,0.0,0.0
8,8,0.0,0.0,0.0,0.0,0.0,0.0,0.0,0.0,1.0,0.0,0.0
8,8,0.0,0.0,0.0,0.0,0.0,0.0,0.0,0.0,1.0,0.0,0.0
8,8,0.0,0.0,0.0,0.0,0.0,0.0,0.0,0.0,1.0,0.0,0.0
8,8,0.0,0.0,0.0,0.0,0.0,0.0,0.0,0.0,1.0,0.0,0.0
8,8,0.0,0.0,0.0,0.0,0.0,0.0,0.0,0.0,1.0,0.0,0.0
8,8,0.0,0.0,0.0,0.0,0.0,0.0,0.0,0.0,1.0,0.0,0.0
8,8,0.0,0.0,0.0,0.0,0.0,0.0,0.0,0.0,1.0,0.0,0.0
8,8,0.0,0.0,0.0,0.0,0.0,0.0,0.0,0.0,1.0,0.0,0.0
8,8,0.0,0.0,0.0,0.0,0.0,0.0,0.0,0.0,1.0,0.0,0.0
8,8,0.0,0.0,0.0,0.0,0.0,0.0,0.0,0.0,1.0,0.0,0.0
8,8,0.0,0.0,0.0,0.0,0.0,0.0,0.0,0.0,1.0,0.0,0.0
8,8,0.0,0.0,0.0,0.0,0.0,0.0,0.0,0.0,1.0,0.0,0.0
8,8,0.0,0.0,0.0,0.0,0.0,0.0,0.0,0.0,1.0,0.0,0.0
8,8,0.0,0.0,0.0,0.0,0.0,0.0,0.0,0.0,1.0,0.0,0.0
8,8,0.0,0.0,0.0,0.0,0.0,0.0,0.0,0.0,1.0,0.0,0.0
8,8,0.0,0.0,0.0,0.0,0.0,0.0,0.0,0.0,1.0,0.0,0.0
8,8,0.0,0.0,0.0,0.0,0.0,0.0,0.0,0.0,1.0,0.0,0.0
8,8,0.0,0.0,0.0,0.0,0.0,0.0,0.0,0.0,1.0,0.0,0.0
8,8,0.0,0.0,0.0,0.0,0.0,0.0,0.0,0.0,1.0,0.0,0.0
8,8,0.0,0.0,0.0,0.0,0.0,0.0,0.0,0.0,1.0,0.0,0.0
8,8,0.0,0.0,0.0,0.0,0.0,0.0,0.0,0.0,1.0,0.0,0.0
8,8,0.0,0.0,0.0,0.0,0.0,0.0,0.0,0.0,1.0,0.0,0.0
8,8,0.0,0.0,0.0,0.0,0.0,0.0,0.0,0.0,1.0,0.0,0.0
8,8,0.0,0.0,0.0,0.0,0.0,0.0,0.0,0.0,1.0,0.0,0.0
8,8,0.0,0.0,0.0,0.0,0.0,0.0,0.0,0.0,1.0,0.0,0.0
8,8,0.0,0.0,0.0,0.0,0.0,0.0,0.0,0.0,1.0,0.0,0.0
8,8,0.0,0.0,0.0,0.0,0.0,0.0,0.0,0.0,1.0,0.0,0.0
8,8,0.0,0.0,0.0,0.0,0.0,0.0,0.0,0.0,1.0,0.0,0.0
8,8,0.0,0.0,0.0,0.0,0.0,0.0,0.0,0.0,1.0,0.0,0.0
8,8,0.0,0.0,0.0,0.0,0.0,0.0,0.0,0.0,1.0,0.0,0.0
8,8,0.0,0.0,0.0,0.0,0.0,0.0,0.0,0.0,1.0,0.0,0.0
8,8,0.0,0.0,0.0,0.0,0.0,0.0,0.0,0.0,1.0,0.0,0.0
8,8,0.0,0.0,0.0,0.0,0.0,0.0,0.0,0.0,1.0,0.0,0.0
8,8,0.0,0.0,0.0,0.0,0.0,0.0,0.0,0.0,1.0,0.0,0.0
8,8,0.0,0.0,0.0,0.0,0.0,0.0,0.0,0.0,1.0,0.0,0.0
8,8,0.0,0.0,0.0,0.0,0.0,0.0,0.0,0.0,1.0,0.0,0.0
8,8,0.0,0.0,0.0,0.0,0.0,0.0,0.0,0.0,1.0,0.0,0.0
8,8,0.0,0.0,0.0,0.0,0.0,0.0,0.0,0.0,1.0,0.0,0.0
8,8,0.0,0.0,0.0,0.0,0.0,0.0,0.0,0.0,1.0,0.0,0.0
8,8,0.0,0.0,0.0,0.0,0.0,0.0,0.0,0.0,1.0,0.0,0.0
8,8,0.0,0.0,0.0,0.0,0.0,0.0,0.0,0.0,1.0,0.0,0.0
8,8,0.0,0.0,0.0,0.0,0.0,0.0,0.0,0.0,1.0,0.0,0.0
8,8,0.0,0.0,0.0,0.0,0.0,0.0,0.0,0.0,1.0,0.0,0.0
8,8,0.0,0.0,0.0,0.0,0.0,0.0,0.0,0.0,1.0,0.0,0.0
8,8,0.0,0.0,0.0,0.0,0.0,0.0,0.0,0.0,1.0,0.0,0.0
8,8,0.0,0.0,0.0,0.0,0.0,0.0,0.0,0.0,1.0,0.0,0.0
8,8,0.0,0.0,0.0,0.0,0.0,0.0,0.0,0.0,1.0,0.0,0.0
8,8,0.0,0.0,0.0,0.0,0.0,0.0,0.0,0.0,1.0,0.0,0.0
8,8,0.0,0.0,0.0,0.0,0.0,0.0,0.0,0.0,1.0,0.0,0.0
8,8,0.0,0.0,0.0,0.0,0.0,0.0,0.0,0.0,1.0,0.0,0.0
8,8,0.0,0.0,0.0,0.0,0.0,0.0,0.0,0.0,1.0,0.0,0.0
8,8,0.0,0.0,0.0,0.0,0.0,0.0,0.0,0.0,1.0,0.0,0.0
8,8,0.0,0.0,0.0,0.0,0.0,0.0,0.0,0.0,1.0,0.0,0.0
8,8,0.0,0.0,0.0,0.0,0.0,0.0,0.0,0.0,1.0,0.0,0.0
8,8,0.0,0.0,0.0,0.0,0.0,0.0,0.0,0.0,1.0,0.0,0.0
8,8,0.0,0.0,0.0,0.0,0.0,0.0,0.0,0.0,1.0,0.0,0.0
8,8,0.0,0.0,0.0,0.0,0.0,0.0,0.0,0.0,1.0,0.0,0.0
8,8,0.0,0.0,0.0,0.0,0.0,0.0,0.0,0.0,1.0,0.0,0.0
8,8,0.0,0.0,0.0,0.0,0.0,0.0,0.0,0.0,1.0,0.0,0.0
8,8,0.0,0.0,0.0,0.0,0.0,0.0,0.0,0.0,1.0,0.0,0.0
8,8,0.0,0.0,0.0,0.0,0.0,0.0,0.0,0.0,1.0,0.0,0.0
8,8,0.0,0.0,0.0,0.0,0.0,0.0,0.0,0.0,1.0,0.0,0.0
8,8,0.0,0.0,0.0,0.0,0.0,0.0,0.0,0.0,1.0,0.0,0.0
8,8,0.0,0.0,0.0,0.0,0.0,0.0,0.0,0.0,1.0,0.0,0.0
8,8,0.0,0.0,0.0,0.0,0.0,0.0,0.0,0.0,1.0,0.0,0.0
8,8,0.0,0.0,0.0,0.0,0.0,0.0,0.0,0.0,1.0,0.0,0.0
8,8,0.0,0.0,0.0,0.0,0.0,0.0,0.0,0.0,1.0,0.0,0.0
8,8,0.0,0.0,0.0,0.0,0.0,0.0,0.0,0.0,1.0,0.0,0.0
8,8,0.0,0.0,0.0,0.0,0.0,0.0,0.0,0.0,1.0,0.0,0.0
8,8,0.0,0.0,0.0,0.0,0.0,0.0,0.0,0.0,1.0,0.0,0.0
8,8,0.0,0.0,0.0,0.0,0.0,0.0,0.0,0.0,1.0,0.0,0.0
8,8,0.0,0.0,0.0,0.0,0.0,0.0,0.0,0.0,1.0,0.0,0.0
8,8,0.0,0.0,0.0,0.0,0.0,0.0,0.0,0.0,1.0,0.0,0.0
8,8,0.0,0.0,0.0,0.0,0.0,0.0,0.0,0.0,1.0,0.0,0.0
8,8,0.0,0.0,0.0,0.0,0.0,0.0,0.0,0.0,1.0,0.0,0.0
8,8,0.0,0.0,0.0,0.0,0.0,0.0,0.0,0.0,1.0,0.0,0.0
8,8,0.0,0.0,0.0,0.0,0.0,0.0,0.0,0.0,1.0,0.0,0.0
8,8,0.0,0.0,0.0,0.0,0.0,0.0,0.0,0.0,1.0,0.0,0.0
8,8,0.0,0.0,0.0,0.0,0.0,0.0,0.0,0.0,1.0,0.0,0.0
8,8,0.0,0.0,0.0,0.0,0.0,0.0,0.0,0.0,1.0,0.0,0.0
8,8,0.0,0.0,0.0,0.0,0.0,0.0,0.0,0.0,1.0,0.0,0.0
8,8,0.0,0.0,0.0,0.0,0.0,0.0,0.0,0.0,1.0,0.0,0.0
8,8,0.0,0.0,0.0,0.0,0.0,0.0,0.0,0.0,1.0,0.0,0.0
8,8,0.0,0.0,0.0,0.0,0.0,0.0,0.0,0.0,1.0,0.0,0.0
8,8,0.0,0.0,0.0,0.0,0.0,0.0,0.0,0.0,1.0,0.0,0.0
8,8,0.0,0.0,0.0,0.0,0.0,0.0,0.0,0.0,1.0,0.0,0.0
8,8,0.0,0.0,0.0,0.0,0.0,0.0,0.0,0.0,1.0,0.0,0.0
8,8,0.0,0.0,0.0,0.0,0.0,0.0,0.0,0.0,1.0,0.0,0.0
8,8,0.0,0.0,0.0,0.0,0.0,0.0,0.0,0.0,1.0,0.0,0.0
8,8,0.0,0.0,0.0,0.0,0.0,0.0,0.0,0.0,1.0,0.0,0.0
8,8,0.0,0.0,0.0,0.0,0.0,0.0,0.0,0.0,1.0,0.0,0.0
8,8,0.0,0.0,0.0,0.0,0.0,0.0,0.0,0.0,1.0,0.0,0.0
8,8,0.0,0.0,0.0,0.0,0.0,0.0,0.0,0.0,1.0,0.0,0.0
8,8,0.0,0.0,0.0,0.0,0.0,0.0,0.0,0.0,1.0,0.0,0.0
8,8,0.0,0.0,0.0,0.0,0.0,0.0,0.0,0.0,1.0,0.0,0.0
8,8,0.0,0.0,0.0,0.0,0.0,0.0,0.0,0.0,1.0,0.0,0.0
8,8,0.0,0.0,0.0,0.0,0.0,0.0,0.0,0.0,1.0,0.0,0.0
8,8,0.0,0.0,0.0,0.0,0.0,0.0,0.0,0.0,1.0,0.0,0.0
8,8,0.0,0.0,0.0,0.0,0.0,0.0,0.0,0.0,1.0,0.0,0.0
8,8,0.0,0.0,0.0,0.0,0.0,0.0,0.0,0.0,1.0,0.0,0.0
8,8,0.0,0.0,0.0,0.0,0.0,0.0,0.0,0.0,1.0,0.0,0.0
8,8,0.0,0.0,0.0,0.0,0.0,0.0,0.0,0.0,1.0,0.0,0.0
8,8,0.0,0.0,0.0,0.0,0.0,0.0,0.0,0.0,1.0,0.0,0.0
8,8,0.0,0.0,0.0,0.0,0.0,0.0,0.0,0.0,1.0,0.0,0.0
8,8,0.0,0.0,0.0,0.0,0.0,0.0,0.0,0.0,1.0,0.0,0.0
8,8,0.0,0.0,0.0,0.0,0.0,0.0,0.0,0.0,1.0,0.0,0.0
8,8,0.0,0.0,0.0,0.0,0.0,0.0,0.0,0.0,1.0,0.0,0.0
8,8,0.0,0.0,0.0,0.0,0.0,0.0,0.0,0.0,1.0,0.0,0.0
8,8,0.0,0.0,0.0,0.0,0.0,0.0,0.0,0.0,1.0,0.0,0.0
8,8,0.0,0.0,0.0,0.0,0.0,0.0,0.0,0.0,1.0,0.0,0.0
8,8,0.0,0.0,0.0,0.0,0.0,0.0,0.0,0.0,1.0,0.0,0.0
8,8,0.0,0.0,0.0,0.0,0.0,0.0,0.0,0.0,1.0,0.0,0.0
8,8,0.0,0.0,0.0,0.0,0.0,0.0,0.0,0.0,1.0,0.0,0.0
8,8,0.0,0.0,0.0,0.0,0.0,0.0,0.0,0.0,1.0,0.0,0.0
8,8,0.0,0.0,0.0,0.0,0.0,0.0,0.0,0.0,1.0,0.0,0.0
8,8,0.0,0.0,0.0,0.0,0.0,0.0,0.0,0.0,1.0,0.0,0.0
8,8,0.0,0.0,0.0,0.0,0.0,0.0,0.0,0.0,1.0,0.0,0.0
8,8,0.0,0.0,0.0,0.0,0.0,0.0,0.0,0.0,1.0,0.0,0.0
8,8,0.0,0.0,0.0,0.0,0.0,0.0,0.0,0.0,1.0,0.0,0.0
8,8,0.0,0.0,0.0,0.0,0.0,0.0,0.0,0.0,1.0,0.0,0.0
8,8,0.0,0.0,0.0,0.0,0.0,0.0,0.0,0.0,1.0,0.0,0.0
8,8,0.0,0.0,0.0,0.0,0.0,0.0,0.0,0.0,1.0,0.0,0.0
8,8,0.0,0.0,0.0,0.0,0.0,0.0,0.0,0.0,1.0,0.0,0.0
8,8,0.0,0.0,0.0,0.0,0.0,0.0,0.0,0.0,1.0,0.0,0.0
8,8,0.0,0.0,0.0,0.0,0.0,0.0,0.0,0.0,1.0,0.0,0.0
8,8,0.0,0.0,0.0,0.0,0.0,0.0,0.0,0.0,1.0,0.0,0.0
8,8,0.0,0.0,0.0,0.0,0.0,0.0,0.0,0.0,1.0,0.0,0.0
8,8,0.0,0.0,0.0,0.0,0.0,0.0,0.0,0.0,1.0,0.0,0.0
8,8,0.0,0.0,0.0,0.0,0.0,0.0,0.0,0.0,1.0,0.0,0.0
8,8,0.0,0.0,0.0,0.0,0.0,0.0,0.0,0.0,1.0,0.0,0.0
8,8,0.0,0.0,0.0,0.0,0.0,0.0,0.0,0.0,1.0,0.0,0.0
8,8,0.0,0.0,0.0,0.0,0.0,0.0,0.0,0.0,1.0,0.0,0.0
8,8,0.0,0.0,0.0,0.0,0.0,0.0,0.0,0.0,1.0,0.0,0.0
8,8,0.0,0.0,0.0,0.0,0.0,0.0,0.0,0.0,1.0,0.0,0.0
8,8,0.0,0.0,0.0,0.0,0.0,0.0,0.0,0.0,1.0,0.0,0.0
8,8,0.0,0.0,0.0,0.0,0.0,0.0,0.0,0.0,1.0,0.0,0.0
8,8,0.0,0.0,0.0,0.0,0.0,0.0,0.0,0.0,1.0,0.0,0.0
8,8,0.0,0.0,0.0,0.0,0.0,0.0,0.0,0.0,1.0,0.0,0.0
8,8,0.0,0.0,0.0,0.0,0.0,0.0,0.0,0.0,1.0,0.0,0.0
8,8,0.0,0.0,0.0,0.0,0.0,0.0,0.0,0.0,1.0,0.0,0.0
8,8,0.0,0.0,0.0,0.0,0.0,0.0,0.0,0.0,1.0,0.0,0.0
8,8,0.0,0.0,0.0,0.0,0.0,0.0,0.0,0.0,1.0,0.0,0.0
8,8,0.0,0.0,0.0,0.0,0.0,0.0,0.0,0.0,1.0,0.0,0.0
8,8,0.0,0.0,0.0,0.0,0.0,0.0,0.0,0.0,1.0,0.0,0.0
8,8,0.0,0.0,0.0,0.0,0.0,0.0,0.0,0.0,1.0,0.0,0.0
8,8,0.0,0.0,0.0,0.0,0.0,0.0,0.0,0.0,1.0,0.0,0.0
8,8,0.0,0.0,0.0,0.0,0.0,0.0,0.0,0.0,1.0,0.0,0.0
8,8,0.0,0.0,0.0,0.0,0.0,0.0,0.0,0.0,1.0,0.0,0.0
8,8,0.0,0.0,0.0,0.0,0.0,0.0,0.0,0.0,1.0,0.0,0.0
8,8,0.0,0.0,0.0,0.0,0.0,0.0,0.0,0.0,1.0,0.0,0.0
8,8,0.0,0.0,0.0,0.0,0.0,0.0,0.0,0.0,1.0,0.0,0.0
8,8,0.0,0.0,0.0,0.0,0.0,0.0,0.0,0.0,1.0,0.0,0.0
8,8,0.0,0.0,0.0,0.0,0.0,0.0,0.0,0.0,1.0,0.0,0.0
8,8,0.0,0.0,0.0,0.0,0.0,0.0,0.0,0.0,1.0,0.0,0.0
8,8,0.0,0.0,0.0,0.0,0.0,0.0,0.0,0.0,1.0,0.0,0.0
8,8,0.0,0.0,0.0,0.0,0.0,0.0,0.0,0.0,1.0,0.0,0.0
8,8,0.0,0.0,0.0,0.0,0.0,0.0,0.0,0.0,1.0,0.0,0.0
8,8,0.0,0.0,0.0,0.0,0.0,0.0,0.0,0.0,1.0,0.0,0.0
8,8,0.0,0.0,0.0,0.0,0.0,0.0,0.0,0.0,1.0,0.0,0.0
8,8,0.0,0.0,0.0,0.0,0.0,0.0,0.0,0.0,1.0,0.0,0.0
8,8,0.0,0.0,0.0,0.0,0.0,0.0,0.0,0.0,1.0,0.0,0.0
8,8,0.0,0.0,0.0,0.0,0.0,0.0,0.0,0.0,1.0,0.0,0.0
8,8,0.0,0.0,0.0,0.0,0.0,0.0,0.0,0.0,1.0,0.0,0.0
8,8,0.0,0.0,0.0,0.0,0.0,0.0,0.0,0.0,1.0,0.0,0.0
8,8,0.0,0.0,0.0,0.0,0.0,0.0,0.0,0.0,1.0,0.0,0.0
8,8,0.0,0.0,0.0,0.0,0.0,0.0,0.0,0.0,1.0,0.0,0.0
8,8,0.0,0.0,0.0,0.0,0.0,0.0,0.0,0.0,1.0,0.0,0.0
8,8,0.0,0.0,0.0,0.0,0.0,0.0,0.0,0.0,1.0,0.0,0.0
8,8,0.0,0.0,0.0,0.0,0.0,0.0,0.0,0.0,1.0,0.0,0.0
8,8,0.0,0.0,0.0,0.0,0.0,0.0,0.0,0.0,1.0,0.0,0.0
8,8,0.0,0.0,0.0,0.0,0.0,0.0,0.0,0.0,1.0,0.0,0.0
8,8,0.0,0.0,0.0,0.0,0.0,0.0,0.0,0.0,1.0,0.0,0.0
8,8,0.0,0.0,0.0,0.0,0.0,0.0,0.0,0.0,1.0,0.0,0.0
8,8,0.0,0.0,0.0,0.0,0.0,0.0,0.0,0.0,1.0,0.0,0.0
8,8,0.0,0.0,0.0,0.0,0.0,0.0,0.0,0.0,1.0,0.0,0.0
8,8,0.0,0.0,0.0,0.0,0.0,0.0,0.0,0.0,1.0,0.0,0.0
8,8,0.0,0.0,0.0,0.0,0.0,0.0,0.0,0.0,1.0,0.0,0.0
8,8,0.0,0.0,0.0,0.0,0.0,0.0,0.0,0.0,1.0,0.0,0.0
8,8,0.0,0.0,0.0,0.0,0.0,0.0,0.0,0.0,1.0,0.0,0.0
8,8,0.0,0.0,0.0,0.0,0.0,0.0,0.0,0.0,1.0,0.0,0.0
8,8,0.0,0.0,0.0,0.0,0.0,0.0,0.0,0.0,1.0,0.0,0.0
8,8,0.0,0.0,0.0,0.0,0.0,0.0,0.0,0.0,1.0,0.0,0.0
8,8,0.0,0.0,0.0,0.0,0.0,0.0,0.0,0.0,1.0,0.0,0.0
8,8,0.0,0.0,0.0,0.0,0.0,0.0,0.0,0.0,1.0,0.0,0.0
8,8,0.0,0.0,0.0,0.0,0.0,0.0,0.0,0.0,1.0,0.0,0.0
8,8,0.0,0.0,0.0,0.0,0.0,0.0,0.0,0.0,1.0,0.0,0.0
8,8,0.0,0.0,0.0,0.0,0.0,0.0,0.0,0.0,1.0,0.0,0.0
8,8,0.0,0.0,0.0,0.0,0.0,0.0,0.0,0.0,1.0,0.0,0.0
8,8,0.0,0.0,0.0,0.0,0.0,0.0,0.0,0.0,1.0,0.0,0.0
8,8,0.0,0.0,0.0,0.0,0.0,0.0,0.0,0.0,1.0,0.0,0.0
8,8,0.0,0.0,0.0,0.0,0.0,0.0,0.0,0.0,1.0,0.0,0.0
8,8,0.0,0.0,0.0,0.0,0.0,0.0,0.0,0.0,1.0,0.0,0.0
8,8,0.0,0.0,0.0,0.0,0.0,0.0,0.0,0.0,1.0,0.0,0.0
8,8,0.0,0.0,0.0,0.0,0.0,0.0,0.0,0.0,1.0,0.0,0.0
8,8,0.0,0.0,0.0,0.0,0.0,0.0,0.0,0.0,1.0,0.0,0.0
8,8,0.0,0.0,0.0,0.0,0.0,0.0,0.0,0.0,1.0,0.0,0.0
8,8,0.0,0.0,0.0,0.0,0.0,0.0,0.0,0.0,1.0,0.0,0.0
8,8,0.0,0.0,0.0,0.0,0.0,0.0,0.0,0.0,1.0,0.0,0.0
8,8,0.0,0.0,0.0,0.0,0.0,0.0,0.0,0.0,1.0,0.0,0.0
8,8,0.0,0.0,0.0,0.0,0.0,0.0,0.0,0.0,1.0,0.0,0.0
8,8,0.0,0.0,0.0,0.0,0.0,0.0,0.0,0.0,1.0,0.0,0.0
8,8,0.0,0.0,0.0,0.0,0.0,0.0,0.0,0.0,1.0,0.0,0.0
8,8,0.0,0.0,0.0,0.0,0.0,0.0,0.0,0.0,1.0,0.0,0.0
8,8,0.0,0.0,0.0,0.0,0.0,0.0,0.0,0.0,1.0,0.0,0.0
8,8,0.0,0.0,0.0,0.0,0.0,0.0,0.0,0.0,1.0,0.0,0.0
8,8,0.0,0.0,0.0,0.0,0.0,0.0,0.0,0.0,1.0,0.0,0.0
8,8,0.0,0.0,0.0,0.0,0.0,0.0,0.0,0.0,1.0,0.0,0.0
8,8,0.0,0.0,0.0,0.0,0.0,0.0,0.0,0.0,1.0,0.0,0.0
8,8,0.0,0.0,0.0,0.0,0.0,0.0,0.0,0.0,1.0,0.0,0.0
8,8,0.0,0.0,0.0,0.0,0.0,0.0,0.0,0.0,1.0,0.0,0.0
8,8,0.0,0.0,0.0,0.0,0.0,0.0,0.0,0.0,1.0,0.0,0.0
8,8,0.0,0.0,0.0,0.0,0.0,0.0,0.0,0.0,1.0,0.0,0.0
8,8,0.0,0.0,0.0,0.0,0.0,0.0,0.0,0.0,1.0,0.0,0.0
8,8,0.0,0.0,0.0,0.0,0.0,0.0,0.0,0.0,1.0,0.0,0.0
8,8,0.0,0.0,0.0,0.0,0.0,0.0,0.0,0.0,1.0,0.0,0.0
8,8,0.0,0.0,0.0,0.0,0.0,0.0,0.0,0.0,1.0,0.0,0.0
8,8,0.0,0.0,0.0,0.0,0.0,0.0,0.0,0.0,1.0,0.0,0.0
8,8,0.0,0.0,0.0,0.0,0.0,0.0,0.0,0.0,1.0,0.0,0.0
8,8,0.0,0.0,0.0,0.0,0.0,0.0,0.0,0.0,1.0,0.0,0.0
8,8,0.0,0.0,0.0,0.0,0.0,0.0,0.0,0.0,1.0,0.0,0.0
8,8,0.0,0.0,0.0,0.0,0.0,0.0,0.0,0.0,1.0,0.0,0.0
8,8,0.0,0.0,0.0,0.0,0.0,0.0,0.0,0.0,1.0,0.0,0.0
8,8,0.0,0.0,0.0,0.0,0.0,0.0,0.0,0.0,1.0,0.0,0.0
8,8,0.0,0.0,0.0,0.0,0.0,0.0,0.0,0.0,1.0,0.0,0.0
8,8,0.0,0.0,0.0,0.0,0.0,0.0,0.0,0.0,1.0,0.0,0.0
8,8,0.0,0.0,0.0,0.0,0.0,0.0,0.0,0.0,1.0,0.0,0.0
8,8,0.0,0.0,0.0,0.0,0.0,0.0,0.0,0.0,1.0,0.0,0.0
8,8,0.0,0.0,0.0,0.0,0.0,0.0,0.0,0.0,1.0,0.0,0.0
8,8,0.0,0.0,0.0,0.0,0.0,0.0,0.0,0.0,1.0,0.0,0.0
8,8,0.0,0.0,0.0,0.0,0.0,0.0,0.0,0.0,1.0,0.0,0.0
8,8,0.0,0.0,0.0,0.0,0.0,0.0,0.0,0.0,1.0,0.0,0.0
8,8,0.0,0.0,0.0,0.0,0.0,0.0,0.0,0.0,1.0,0.0,0.0
8,8,0.0,0.0,0.0,0.0,0.0,0.0,0.0,0.0,1.0,0.0,0.0
8,8,0.0,0.0,0.0,0.0,0.0,0.0,0.0,0.0,1.0,0.0,0.0
8,8,0.0,0.0,0.0,0.0,0.0,0.0,0.0,0.0,1.0,0.0,0.0
8,8,0.0,0.0,0.0,0.0,0.0,0.0,0.0,0.0,1.0,0.0,0.0
8,8,0.0,0.0,0.0,0.0,0.0,0.0,0.0,0.0,1.0,0.0,0.0
8,8,0.0,0.0,0.0,0.0,0.0,0.0,0.0,0.0,1.0,0.0,0.0
8,8,0.0,0.0,0.0,0.0,0.0,0.0,0.0,0.0,1.0,0.0,0.0
8,8,0.0,0.0,0.0,0.0,0.0,0.0,0.0,0.0,1.0,0.0,0.0
8,8,0.0,0.0,0.0,0.0,0.0,0.0,0.0,0.0,1.0,0.0,0.0
8,8,0.0,0.0,0.0,0.0,0.0,0.0,0.0,0.0,1.0,0.0,0.0
8,8,0.0,0.0,0.0,0.0,0.0,0.0,0.0,0.0,1.0,0.0,0.0
8,8,0.0,0.0,0.0,0.0,0.0,0.0,0.0,0.0,1.0,0.0,0.0
8,8,0.0,0.0,0.0,0.0,0.0,0.0,0.0,0.0,1.0,0.0,0.0
8,8,0.0,0.0,0.0,0.0,0.0,0.0,0.0,0.0,1.0,0.0,0.0
8,8,0.0,0.0,0.0,0.0,0.0,0.0,0.0,0.0,1.0,0.0,0.0
8,8,0.0,0.0,0.0,0.0,0.0,0.0,0.0,0.0,1.0,0.0,0.0
8,8,0.0,0.0,0.0,0.0,0.0,0.0,0.0,0.0,1.0,0.0,0.0
8,8,0.0,0.0,0.0,0.0,0.0,0.0,0.0,0.0,1.0,0.0,0.0
8,8,0.0,0.0,0.0,0.0,0.0,0.0,0.0,0.0,1.0,0.0,0.0
8,8,0.0,0.0,0.0,0.0,0.0,0.0,0.0,0.0,1.0,0.0,0.0
8,8,0.0,0.0,0.0,0.0,0.0,0.0,0.0,0.0,1.0,0.0,0.0
8,8,0.0,0.0,0.0,0.0,0.0,0.0,0.0,0.0,1.0,0.0,0.0
8,8,0.0,0.0,0.0,0.0,0.0,0.0,0.0,0.0,1.0,0.0,0.0
8,8,0.0,0.0,0.0,0.0,0.0,0.0,0.0,0.0,1.0,0.0,0.0
8,8,0.0,0.0,0.0,0.0,0.0,0.0,0.0,0.0,1.0,0.0,0.0
8,8,0.0,0.0,0.0,0.0,0.0,0.0,0.0,0.0,1.0,0.0,0.0
8,8,0.0,0.0,0.0,0.0,0.0,0.0,0.0,0.0,1.0,0.0,0.0
8,8,0.0,0.0,0.0,0.0,0.0,0.0,0.0,0.0,1.0,0.0,0.0
8,8,0.0,0.0,0.0,0.0,0.0,0.0,0.0,0.0,1.0,0.0,0.0
8,8,0.0,0.0,0.0,0.0,0.0,0.0,0.0,0.0,1.0,0.0,0.0
8,8,0.0,0.0,0.0,0.0,0.0,0.0,0.0,0.0,1.0,0.0,0.0
8,8,0.0,0.0,0.0,0.0,0.0,0.0,0.0,0.0,1.0,0.0,0.0
8,8,0.0,0.0,0.0,0.0,0.0,0.0,0.0,0.0,1.0,0.0,0.0
8,8,0.0,0.0,0.0,0.0,0.0,0.0,0.0,0.0,1.0,0.0,0.0
8,8,0.0,0.0,0.0,0.0,0.0,0.0,0.0,0.0,1.0,0.0,0.0
8,8,0.0,0.0,0.0,0.0,0.0,0.0,0.0,0.0,1.0,0.0,0.0
8,8,0.0,0.0,0.0,0.0,0.0,0.0,0.0,0.0,1.0,0.0,0.0
8,8,0.0,0.0,0.0,0.0,0.0,0.0,0.0,0.0,1.0,0.0,0.0
8,8,0.0,0.0,0.0,0.0,0.0,0.0,0.0,0.0,1.0,0.0,0.0
8,8,0.0,0.0,0.0,0.0,0.0,0.0,0.0,0.0,1.0,0.0,0.0
8,8,0.0,0.0,0.0,0.0,0.0,0.0,0.0,0.0,1.0,0.0,0.0
8,8,0.0,0.0,0.0,0.0,0.0,0.0,0.0,0.0,1.0,0.0,0.0
8,8,0.0,0.0,0.0,0.0,0.0,0.0,0.0,0.0,1.0,0.0,0.0
8,8,0.0,0.0,0.0,0.0,0.0,0.0,0.0,0.0,1.0,0.0,0.0
8,8,0.0,0.0,0.0,0.0,0.0,0.0,0.0,0.0,1.0,0.0,0.0
8,8,0.0,0.0,0.0,0.0,0.0,0.0,0.0,0.0,1.0,0.0,0.0
8,8,0.0,0.0,0.0,0.0,0.0,0.0,0.0,0.0,1.0,0.0,0.0
8,8,0.0,0.0,0.0,0.0,0.0,0.0,0.0,0.0,1.0,0.0,0.0
8,8,0.0,0.0,0.0,0.0,0.0,0.0,0.0,0.0,1.0,0.0,0.0
8,8,0.0,0.0,0.0,0.0,0.0,0.0,0.0,0.0,1.0,0.0,0.0
8,8,0.0,0.0,0.0,0.0,0.0,0.0,0.0,0.0,1.0,0.0,0.0
8,8,0.0,0.0,0.0,0.0,0.0,0.0,0.0,0.0,1.0,0.0,0.0
8,8,0.0,0.0,0.0,0.0,0.0,0.0,0.0,0.0,1.0,0.0,0.0
8,8,0.0,0.0,0.0,0.0,0.0,0.0,0.0,0.0,1.0,0.0,0.0
8,8,0.0,0.0,0.0,0.0,0.0,0.0,0.0,0.0,1.0,0.0,0.0
8,8,0.0,0.0,0.0,0.0,0.0,0.0,0.0,0.0,1.0,0.0,0.0
8,8,0.0,0.0,0.0,0.0,0.0,0.0,0.0,0.0,1.0,0.0,0.0
8,8,0.0,0.0,0.0,0.0,0.0,0.0,0.0,0.0,1.0,0.0,0.0
8,8,0.0,0.0,0.0,0.0,0.0,0.0,0.0,0.0,1.0,0.0,0.0
8,8,0.0,0.0,0.0,0.0,0.0,0.0,0.0,0.0,1.0,0.0,0.0
8,8,0.0,0.0,0.0,0.0,0.0,0.0,0.0,0.0,1.0,0.0,0.0
8,8,0.0,0.0,0.0,0.0,0.0,0.0,0.0,0.0,1.0,0.0,0.0
8,8,0.0,0.0,0.0,0.0,0.0,0.0,0.0,0.0,1.0,0.0,0.0
8,8,0.0,0.0,0.0,0.0,0.0,0.0,0.0,0.0,1.0,0.0,0.0
8,8,0.0,0.0,0.0,0.0,0.0,0.0,0.0,0.0,1.0,0.0,0.0
8,8,0.0,0.0,0.0,0.0,0.0,0.0,0.0,0.0,1.0,0.0,0.0
8,8,0.0,0.0,0.0,0.0,0.0,0.0,0.0,0.0,1.0,0.0,0.0
8,8,0.0,0.0,0.0,0.0,0.0,0.0,0.0,0.0,1.0,0.0,0.0
8,8,0.0,0.0,0.0,0.0,0.0,0.0,0.0,0.0,1.0,0.0,0.0
8,8,0.0,0.0,0.0,0.0,0.0,0.0,0.0,0.0,1.0,0.0,0.0
8,8,0.0,0.0,0.0,0.0,0.0,0.0,0.0,0.0,1.0,0.0,0.0
8,8,0.0,0.0,0.0,0.0,0.0,0.0,0.0,0.0,1.0,0.0,0.0
8,8,0.0,0.0,0.0,0.0,0.0,0.0,0.0,0.0,1.0,0.0,0.0
8,8,0.0,0.0,0.0,0.0,0.0,0.0,0.0,0.0,1.0,0.0,0.0
8,8,0.0,0.0,0.0,0.0,0.0,0.0,0.0,0.0,1.0,0.0,0.0
8,8,0.0,0.0,0.0,0.0,0.0,0.0,0.0,0.0,1.0,0.0,0.0
8,8,0.0,0.0,0.0,0.0,0.0,0.0,0.0,0.0,1.0,0.0,0.0
8,8,0.0,0.0,0.0,0.0,0.0,0.0,0.0,0.0,1.0,0.0,0.0
8,8,0.0,0.0,0.0,0.0,0.0,0.0,0.0,0.0,1.0,0.0,0.0
8,8,0.0,0.0,0.0,0.0,0.0,0.0,0.0,0.0,1.0,0.0,0.0
8,8,0.0,0.0,0.0,0.0,0.0,0.0,0.0,0.0,1.0,0.0,0.0
8,8,0.0,0.0,0.0,0.0,0.0,0.0,0.0,0.0,1.0,0.0,0.0
8,8,0.0,0.0,0.0,0.0,0.0,0.0,0.0,0.0,1.0,0.0,0.0
8,8,0.0,0.0,0.0,0.0,0.0,0.0,0.0,0.0,1.0,0.0,0.0
8,8,0.0,0.0,0.0,0.0,0.0,0.0,0.0,0.0,1.0,0.0,0.0
8,8,0.0,0.0,0.0,0.0,0.0,0.0,0.0,0.0,1.0,0.0,0.0
8,8,0.0,0.0,0.0,0.0,0.0,0.0,0.0,0.0,1.0,0.0,0.0
8,8,0.0,0.0,0.0,0.0,0.0,0.0,0.0,0.0,1.0,0.0,0.0
8,8,0.0,0.0,0.0,0.0,0.0,0.0,0.0,0.0,1.0,0.0,0.0
8,8,0.0,0.0,0.0,0.0,0.0,0.0,0.0,0.0,1.0,0.0,0.0
8,8,0.0,0.0,0.0,0.0,0.0,0.0,0.0,0.0,1.0,0.0,0.0
8,8,0.0,0.0,0.0,0.0,0.0,0.0,0.0,0.0,1.0,0.0,0.0
8,8,0.0,0.0,0.0,0.0,0.0,0.0,0.0,0.0,1.0,0.0,0.0
8,8,0.0,0.0,0.0,0.0,0.0,0.0,0.0,0.0,1.0,0.0,0.0
8,8,0.0,0.0,0.0,0.0,0.0,0.0,0.0,0.0,1.0,0.0,0.0
8,8,0.0,0.0,0.0,0.0,0.0,0.0,0.0,0.0,1.0,0.0,0.0
8,8,0.0,0.0,0.0,0.0,0.0,0.0,0.0,0.0,1.0,0.0,0.0
8,8,0.0,0.0,0.0,0.0,0.0,0.0,0.0,0.0,1.0,0.0,0.0
8,8,0.0,0.0,0.0,0.0,0.0,0.0,0.0,0.0,1.0,0.0,0.0
8,8,0.0,0.0,0.0,0.0,0.0,0.0,0.0,0.0,1.0,0.0,0.0
8,8,0.0,0.0,0.0,0.0,0.0,0.0,0.0,0.0,1.0,0.0,0.0
8,8,0.0,0.0,0.0,0.0,0.0,0.0,0.0,0.0,1.0,0.0,0.0
8,8,0.0,0.0,0.0,0.0,0.0,0.0,0.0,0.0,1.0,0.0,0.0
8,8,0.0,0.0,0.0,0.0,0.0,0.0,0.0,0.0,1.0,0.0,0.0
8,8,0.0,0.0,0.0,0.0,0.0,0.0,0.0,0.0,1.0,0.0,0.0
8,8,0.0,0.0,0.0,0.0,0.0,0.0,0.0,0.0,1.0,0.0,0.0
8,8,0.0,0.0,0.0,0.0,0.0,0.0,0.0,0.0,1.0,0.0,0.0
8,8,0.0,0.0,0.0,0.0,0.0,0.0,0.0,0.0,1.0,0.0,0.0
8,8,0.0,0.0,0.0,0.0,0.0,0.0,0.0,0.0,1.0,0.0,0.0
8,8,0.0,0.0,0.0,0.0,0.0,0.0,0.0,0.0,1.0,0.0,0.0
8,8,0.0,0.0,0.0,0.0,0.0,0.0,0.0,0.0,1.0,0.0,0.0
8,8,0.0,0.0,0.0,0.0,0.0,0.0,0.0,0.0,1.0,0.0,0.0
8,8,0.0,0.0,0.0,0.0,0.0,0.0,0.0,0.0,1.0,0.0,0.0
8,8,0.0,0.0,0.0,0.0,0.0,0.0,0.0,0.0,1.0,0.0,0.0
8,8,0.0,0.0,0.0,0.0,0.0,0.0,0.0,0.0,1.0,0.0,0.0
8,8,0.0,0.0,0.0,0.0,0.0,0.0,0.0,0.0,1.0,0.0,0.0
8,8,0.0,0.0,0.0,0.0,0.0,0.0,0.0,0.0,1.0,0.0,0.0
8,8,0.0,0.0,0.0,0.0,0.0,0.0,0.0,0.0,1.0,0.0,0.0
8,8,0.0,0.0,0.0,0.0,0.0,0.0,0.0,0.0,1.0,0.0,0.0
8,8,0.0,0.0,0.0,0.0,0.0,0.0,0.0,0.0,1.0,0.0,0.0
8,8,0.0,0.0,0.0,0.0,0.0,0.0,0.0,0.0,1.0,0.0,0.0
8,8,0.0,0.0,0.0,0.0,0.0,0.0,0.0,0.0,1.0,0.0,0.0
8,8,0.0,0.0,0.0,0.0,0.0,0.0,0.0,0.0,1.0,0.0,0.0
8,8,0.0,0.0,0.0,0.0,0.0,0.0,0.0,0.0,1.0,0.0,0.0
8,8,0.0,0.0,0.0,0.0,0.0,0.0,0.0,0.0,1.0,0.0,0.0
8,8,0.0,0.0,0.0,0.0,0.0,0.0,0.0,0.0,1.0,0.0,0.0
8,8,0.0,0.0,0.0,0.0,0.0,0.0,0.0,0.0,1.0,0.0,0.0
8,8,0.0,0.0,0.0,0.0,0.0,0.0,0.0,0.0,1.0,0.0,0.0
8,8,0.0,0.0,0.0,0.0,0.0,0.0,0.0,0.0,1.0,0.0,0.0
8,8,0.0,0.0,0.0,0.0,0.0,0.0,0.0,0.0,1.0,0.0,0.0
8,8,0.0,0.0,0.0,0.0,0.0,0.0,0.0,0.0,1.0,0.0,0.0
8,8,0.0,0.0,0.0,0.0,0.0,0.0,0.0,0.0,1.0,0.0,0.0
8,8,0.0,0.0,0.0,0.0,0.0,0.0,0.0,0.0,1.0,0.0,0.0
8,8,0.0,0.0,0.0,0.0,0.0,0.0,0.0,0.0,1.0,0.0,0.0
8,8,0.0,0.0,0.0,0.0,0.0,0.0,0.0,0.0,1.0,0.0,0.0
8,8,0.0,0.0,0.0,0.0,0.0,0.0,0.0,0.0,1.0,0.0,0.0
8,8,0.0,0.0,0.0,0.0,0.0,0.0,0.0,0.0,1.0,0.0,0.0
8,8,0.0,0.0,0.0,0.0,0.0,0.0,0.0,0.0,1.0,0.0,0.0
8,8,0.0,0.0,0.0,0.0,0.0,0.0,0.0,0.0,1.0,0.0,0.0
8,8,0.0,0.0,0.0,0.0,0.0,0.0,0.0,0.0,1.0,0.0,0.0
8,8,0.0,0.0,0.0,0.0,0.0,0.0,0.0,0.0,1.0,0.0,0.0
8,8,0.0,0.0,0.0,0.0,0.0,0.0,0.0,0.0,1.0,0.0,0.0
8,8,0.0,0.0,0.0,0.0,0.0,0.0,0.0,0.0,1.0,0.0,0.0
8,8,0.0,0.0,0.0,0.0,0.0,0.0,0.0,0.0,1.0,0.0,0.0
8,8,0.0,0.0,0.0,0.0,0.0,0.0,0.0,0.0,1.0,0.0,0.0
8,8,0.0,0.0,0.0,0.0,0.0,0.0,0.0,0.0,1.0,0.0,0.0
8,8,0.0,0.0,0.0,0.0,0.0,0.0,0.0,0.0,1.0,0.0,0.0
8,8,0.0,0.0,0.0,0.0,0.0,0.0,0.0,0.0,1.0,0.0,0.0
8,8,0.0,0.0,0.0,0.0,0.0,0.0,0.0,0.0,1.0,0.0,0.0
8,8,0.0,0.0,0.0,0.0,0.0,0.0,0.0,0.0,1.0,0.0,0.0
8,8,0.0,0.0,0.0,0.0,0.0,0.0,0.0,0.0,1.0,0.0,0.0
8,8,0.0,0.0,0.0,0.0,0.0,0.0,0.0,0.0,1.0,0.0,0.0
8,8,0.0,0.0,0.0,0.0,0.0,0.0,0.0,0.0,1.0,0.0,0.0
8,8,0.0,0.0,0.0,0.0,0.0,0.0,0.0,0.0,1.0,0.0,0.0
8,8,0.0,0.0,0.0,0.0,0.0,0.0,0.0,0.0,1.0,0.0,0.0
8,8,0.0,0.0,0.0,0.0,0.0,0.0,0.0,0.0,1.0,0.0,0.0
8,8,0.0,0.0,0.0,0.0,0.0,0.0,0.0,0.0,1.0,0.0,0.0
8,8,0.0,0.0,0.0,0.0,0.0,0.0,0.0,0.0,1.0,0.0,0.0
8,8,0.0,0.0,0.0,0.0,0.0,0.0,0.0,0.0,1.0,0.0,0.0
8,8,0.0,0.0,0.0,0.0,0.0,0.0,0.0,0.0,1.0,0.0,0.0
8,8,0.0,0.0,0.0,0.0,0.0,0.0,0.0,0.0,1.0,0.0,0.0
8,8,0.0,0.0,0.0,0.0,0.0,0.0,0.0,0.0,1.0,0.0,0.0
8,8,0.0,0.0,0.0,0.0,0.0,0.0,0.0,0.0,1.0,0.0,0.0
8,8,0.0,0.0,0.0,0.0,0.0,0.0,0.0,0.0,1.0,0.0,0.0
8,8,0.0,0.0,0.0,0.0,0.0,0.0,0.0,0.0,1.0,0.0,0.0
8,8,0.0,0.0,0.0,0.0,0.0,0.0,0.0,0.0,1.0,0.0,0.0
8,8,0.0,0.0,0.0,0.0,0.0,0.0,0.0,0.0,1.0,0.0,0.0
8,8,0.0,0.0,0.0,0.0,0.0,0.0,0.0,0.0,1.0,0.0,0.0
8,8,0.0,0.0,0.0,0.0,0.0,0.0,0.0,0.0,1.0,0.0,0.0
8,8,0.0,0.0,0.0,0.0,0.0,0.0,0.0,0.0,1.0,0.0,0.0
8,8,0.0,0.0,0.0,0.0,0.0,0.0,0.0,0.0,1.0,0.0,0.0
8,8,0.0,0.0,0.0,0.0,0.0,0.0,0.0,0.0,1.0,0.0,0.0
8,8,0.0,0.0,0.0,0.0,0.0,0.0,0.0,0.0,1.0,0.0,0.0
8,8,0.0,0.0,0.0,0.0,0.0,0.0,0.0,0.0,1.0,0.0,0.0
8,8,0.0,0.0,0.0,0.0,0.0,0.0,0.0,0.0,1.0,0.0,0.0
8,8,0.0,0.0,0.0,0.0,0.0,0.0,0.0,0.0,1.0,0.0,0.0
8,8,0.0,0.0,0.0,0.0,0.0,0.0,0.0,0.0,1.0,0.0,0.0
8,8,0.0,0.0,0.0,0.0,0.0,0.0,0.0,0.0,1.0,0.0,0.0
8,8,0.0,0.0,0.0,0.0,0.0,0.0,0.0,0.0,1.0,0.0,0.0
8,8,0.0,0.0,0.0,0.0,0.0,0.0,0.0,0.0,1.0,0.0,0.0
8,8,0.0,0.0,0.0,0.0,0.0,0.0,0.0,0.0,1.0,0.0,0.0
8,8,0.0,0.0,0.0,0.0,0.0,0.0,0.0,0.0,1.0,0.0,0.0
8,8,0.0,0.0,0.0,0.0,0.0,0.0,0.0,0.0,1.0,0.0,0.0
8,8,0.0,0.0,0.0,0.0,0.0,0.0,0.0,0.0,1.0,0.0,0.0
8,8,0.0,0.0,0.0,0.0,0.0,0.0,0.0,0.0,1.0,0.0,0.0
8,8,0.0,0.0,0.0,0.0,0.0,0.0,0.0,0.0,1.0,0.0,0.0
8,8,0.0,0.0,0.0,0.0,0.0,0.0,0.0,0.0,1.0,0.0,0.0
8,8,0.0,0.0,0.0,0.0,0.0,0.0,0.0,0.0,1.0,0.0,0.0
8,8,0.0,0.0,0.0,0.0,0.0,0.0,0.0,0.0,1.0,0.0,0.0
8,8,0.0,0.0,0.0,0.0,0.0,0.0,0.0,0.0,1.0,0.0,0.0
8,8,0.0,0.0,0.0,0.0,0.0,0.0,0.0,0.0,1.0,0.0,0.0
8,8,0.0,0.0,0.0,0.0,0.0,0.0,0.0,0.0,1.0,0.0,0.0
8,8,0.0,0.0,0.0,0.0,0.0,0.0,0.0,0.0,1.0,0.0,0.0
8,8,0.0,0.0,0.0,0.0,0.0,0.0,0.0,0.0,1.0,0.0,0.0
8,8,0.0,0.0,0.0,0.0,0.0,0.0,0.0,0.0,1.0,0.0,0.0
8,8,0.0,0.0,0.0,0.0,0.0,0.0,0.0,0.0,1.0,0.0,0.0
8,8,0.0,0.0,0.0,0.0,0.0,0.0,0.0,0.0,1.0,0.0,0.0
8,8,0.0,0.0,0.0,0.0,0.0,0.0,0.0,0.0,1.0,0.0,0.0
8,8,0.0,0.0,0.0,0.0,0.0,0.0,0.0,0.0,1.0,0.0,0.0
8,8,0.0,0.0,0.0,0.0,0.0,0.0,0.0,0.0,1.0,0.0,0.0
8,8,0.0,0.0,0.0,0.0,0.0,0.0,0.0,0.0,1.0,0.0,0.0
8,8,0.0,0.0,0.0,0.0,0.0,0.0,0.0,0.0,1.0,0.0,0.0
8,8,0.0,0.0,0.0,0.0,0.0,0.0,0.0,0.0,1.0,0.0,0.0
8,8,0.0,0.0,0.0,0.0,0.0,0.0,0.0,0.0,1.0,0.0,0.0
8,8,0.0,0.0,0.0,0.0,0.0,0.0,0.0,0.0,1.0,0.0,0.0
8,8,0.0,0.0,0.0,0.0,0.0,0.0,0.0,0.0,1.0,0.0,0.0
8,8,0.0,0.0,0.0,0.0,0.0,0.0,0.0,0.0,1.0,0.0,0.0
8,8,0.0,0.0,0.0,0.0,0.0,0.0,0.0,0.0,1.0,0.0,0.0
8,8,0.0,0.0,0.0,0.0,0.0,0.0,0.0,0.0,1.0,0.0,0.0
8,8,0.0,0.0,0.0,0.0,0.0,0.0,0.0,0.0,1.0,0.0,0.0
8,8,0.0,0.0,0.0,0.0,0.0,0.0,0.0,0.0,1.0,0.0,0.0
8,8,0.0,0.0,0.0,0.0,0.0,0.0,0.0,0.0,1.0,0.0,0.0
8,8,0.0,0.0,0.0,0.0,0.0,0.0,0.0,0.0,1.0,0.0,0.0
8,8,0.0,0.0,0.0,0.0,0.0,0.0,0.0,0.0,1.0,0.0,0.0
8,8,0.0,0.0,0.0,0.0,0.0,0.0,0.0,0.0,1.0,0.0,0.0
8,8,0.0,0.0,0.0,0.0,0.0,0.0,0.0,0.0,1.0,0.0,0.0
8,8,0.0,0.0,0.0,0.0,0.0,0.0,0.0,0.0,1.0,0.0,0.0
8,8,0.0,0.0,0.0,0.0,0.0,0.0,0.0,0.0,1.0,0.0,0.0
8,8,0.0,0.0,0.0,0.0,0.0,0.0,0.0,0.0,1.0,0.0,0.0
8,8,0.0,0.0,0.0,0.0,0.0,0.0,0.0,0.0,1.0,0.0,0.0
8,8,0.0,0.0,0.0,0.0,0.0,0.0,0.0,0.0,1.0,0.0,0.0
8,8,0.0,0.0,0.0,0.0,0.0,0.0,0.0,0.0,1.0,0.0,0.0
8,8,0.0,0.0,0.0,0.0,0.0,0.0,0.0,0.0,1.0,0.0,0.0
8,8,0.0,0.0,0.0,0.0,0.0,0.0,0.0,0.0,1.0,0.0,0.0
8,8,0.0,0.0,0.0,0.0,0.0,0.0,0.0,0.0,1.0,0.0,0.0
8,8,0.0,0.0,0.0,0.0,0.0,0.0,0.0,0.0,1.0,0.0,0.0
8,8,0.0,0.0,0.0,0.0,0.0,0.0,0.0,0.0,1.0,0.0,0.0
8,8,0.0,0.0,0.0,0.0,0.0,0.0,0.0,0.0,1.0,0.0,0.0
8,8,0.0,0.0,0.0,0.0,0.0,0.0,0.0,0.0,1.0,0.0,0.0
8,8,0.0,0.0,0.0,0.0,0.0,0.0,0.0,0.0,1.0,0.0,0.0
8,8,0.0,0.0,0.0,0.0,0.0,0.0,0.0,0.0,1.0,0.0,0.0
8,8,0.0,0.0,0.0,0.0,0.0,0.0,0.0,0.0,1.0,0.0,0.0
8,8,0.0,0.0,0.0,0.0,0.0,0.0,0.0,0.0,1.0,0.0,0.0
8,8,0.0,0.0,0.0,0.0,0.0,0.0,0.0,0.0,1.0,0.0,0.0
8,8,0.0,0.0,0.0,0.0,0.0,0.0,0.0,0.0,1.0,0.0,0.0
8,8,0.0,0.0,0.0,0.0,0.0,0.0,0.0,0.0,1.0,0.0,0.0
8,8,0.0,0.0,0.0,0.0,0.0,0.0,0.0,0.0,1.0,0.0,0.0
8,8,0.0,0.0,0.0,0.0,0.0,0.0,0.0,0.0,1.0,0.0,0.0
8,8,0.0,0.0,0.0,0.0,0.0,0.0,0.0,0.0,1.0,0.0,0.0
8,8,0.0,0.0,0.0,0.0,0.0,0.0,0.0,0.0,1.0,0.0,0.0
8,8,0.0,0.0,0.0,0.0,0.0,0.0,0.0,0.0,1.0,0.0,0.0
8,8,0.0,0.0,0.0,0.0,0.0,0.0,0.0,0.0,1.0,0.0,0.0
8,8,0.0,0.0,0.0,0.0,0.0,0.0,0.0,0.0,1.0,0.0,0.0
8,8,0.0,0.0,0.0,0.0,0.0,0.0,0.0,0.0,1.0,0.0,0.0
8,8,0.0,0.0,0.0,0.0,0.0,0.0,0.0,0.0,1.0,0.0,0.0
8,8,0.0,0.0,0.0,0.0,0.0,0.0,0.0,0.0,1.0,0.0,0.0
8,8,0.0,0.0,0.0,0.0,0.0,0.0,0.0,0.0,1.0,0.0,0.0
8,8,0.0,0.0,0.0,0.0,0.0,0.0,0.0,0.0,1.0,0.0,0.0
8,8,0.0,0.0,0.0,0.0,0.0,0.0,0.0,0.0,1.0,0.0,0.0
8,8,0.0,0.0,0.0,0.0,0.0,0.0,0.0,0.0,1.0,0.0,0.0
8,8,0.0,0.0,0.0,0.0,0.0,0.0,0.0,0.0,1.0,0.0,0.0
8,8,0.0,0.0,0.0,0.0,0.0,0.0,0.0,0.0,1.0,0.0,0.0
8,8,0.0,0.0,0.0,0.0,0.0,0.0,0.0,0.0,1.0,0.0,0.0
8,8,0.0,0.0,0.0,0.0,0.0,0.0,0.0,0.0,1.0,0.0,0.0
8,8,0.0,0.0,0.0,0.0,0.0,0.0,0.0,0.0,1.0,0.0,0.0
8,8,0.0,0.0,0.0,0.0,0.0,0.0,0.0,0.0,1.0,0.0,0.0
8,8,0.0,0.0,0.0,0.0,0.0,0.0,0.0,0.0,1.0,0.0,0.0
8,8,0.0,0.0,0.0,0.0,0.0,0.0,0.0,0.0,1.0,0.0,0.0
8,8,0.0,0.0,0.0,0.0,0.0,0.0,0.0,0.0,1.0,0.0,0.0
8,8,0.0,0.0,0.0,0.0,0.0,0.0,0.0,0.0,1.0,0.0,0.0
8,8,0.0,0.0,0.0,0.0,0.0,0.0,0.0,0.0,1.0,0.0,0.0
8,8,0.0,0.0,0.0,0.0,0.0,0.0,0.0,0.0,1.0,0.0,0.0
8,8,0.0,0.0,0.0,0.0,0.0,0.0,0.0,0.0,1.0,0.0,0.0
8,8,0.0,0.0,0.0,0.0,0.0,0.0,0.0,0.0,1.0,0.0,0.0
8,8,0.0,0.0,0.0,0.0,0.0,0.0,0.0,0.0,1.0,0.0,0.0
8,8,0.0,0.0,0.0,0.0,0.0,0.0,0.0,0.0,1.0,0.0,0.0
8,8,0.0,0.0,0.0,0.0,0.0,0.0,0.0,0.0,1.0,0.0,0.0
8,8,0.0,0.0,0.0,0.0,0.0,0.0,0.0,0.0,1.0,0.0,0.0
8,8,0.0,0.0,0.0,0.0,0.0,0.0,0.0,0.0,1.0,0.0,0.0
8,8,0.0,0.0,0.0,0.0,0.0,0.0,0.0,0.0,1.0,0.0,0.0
8,8,0.0,0.0,0.0,0.0,0.0,0.0,0.0,0.0,1.0,0.0,0.0
8,8,0.0,0.0,0.0,0.0,0.0,0.0,0.0,0.0,1.0,0.0,0.0
8,8,0.0,0.0,0.0,0.0,0.0,0.0,0.0,0.0,1.0,0.0,0.0
8,8,0.0,0.0,0.0,0.0,0.0,0.0,0.0,0.0,1.0,0.0,0.0
8,8,0.0,0.0,0.0,0.0,0.0,0.0,0.0,0.0,1.0,0.0,0.0
8,8,0.0,0.0,0.0,0.0,0.0,0.0,0.0,0.0,1.0,0.0,0.0
8,8,0.0,0.0,0.0,0.0,0.0,0.0,0.0,0.0,1.0,0.0,0.0
8,8,0.0,0.0,0.0,0.0,0.0,0.0,0.0,0.0,1.0,0.0,0.0
8,8,0.0,0.0,0.0,0.0,0.0,0.0,0.0,0.0,1.0,0.0,0.0
8,8,0.0,0.0,0.0,0.0,0.0,0.0,0.0,0.0,1.0,0.0,0.0
8,8,0.0,0.0,0.0,0.0,0.0,0.0,0.0,0.0,1.0,0.0,0.0
8,8,0.0,0.0,0.0,0.0,0.0,0.0,0.0,0.0,1.0,0.0,0.0
8,8,0.0,0.0,0.0,0.0,0.0,0.0,0.0,0.0,1.0,0.0,0.0
8,8,0.0,0.0,0.0,0.0,0.0,0.0,0.0,0.0,1.0,0.0,0.0
8,8,0.0,0.0,0.0,0.0,0.0,0.0,0.0,0.0,1.0,0.0,0.0
8,8,0.0,0.0,0.0,0.0,0.0,0.0,0.0,0.0,1.0,0.0,0.0
8,8,0.0,0.0,0.0,0.0,0.0,0.0,0.0,0.0,1.0,0.0,0.0
8,8,0.0,0.0,0.0,0.0,0.0,0.0,0.0,0.0,1.0,0.0,0.0
8,8,0.0,0.0,0.0,0.0,0.0,0.0,0.0,0.0,1.0,0.0,0.0
8,8,0.0,0.0,0.0,0.0,0.0,0.0,0.0,0.0,1.0,0.0,0.0
8,8,0.0,0.0,0.0,0.0,0.0,0.0,0.0,0.0,1.0,0.0,0.0
8,8,0.0,0.0,0.0,0.0,0.0,0.0,0.0,0.0,1.0,0.0,0.0
8,8,0.0,0.0,0.0,0.0,0.0,0.0,0.0,0.0,1.0,0.0,0.0
8,8,0.0,0.0,0.0,0.0,0.0,0.0,0.0,0.0,1.0,0.0,0.0
8,8,0.0,0.0,0.0,0.0,0.0,0.0,0.0,0.0,1.0,0.0,0.0
8,8,0.0,0.0,0.0,0.0,0.0,0.0,0.0,0.0,1.0,0.0,0.0
8,8,0.0,0.0,0.0,0.0,0.0,0.0,0.0,0.0,1.0,0.0,0.0
8,8,0.0,0.0,0.0,0.0,0.0,0.0,0.0,0.0,1.0,0.0,0.0
8,8,0.0,0.0,0.0,0.0,0.0,0.0,0.0,0.0,1.0,0.0,0.0
8,8,0.0,0.0,0.0,0.0,0.0,0.0,0.0,0.0,1.0,0.0,0.0
8,8,0.0,0.0,0.0,0.0,0.0,0.0,0.0,0.0,1.0,0.0,0.0
8,8,0.0,0.0,0.0,0.0,0.0,0.0,0.0,0.0,1.0,0.0,0.0
8,8,0.0,0.0,0.0,0.0,0.0,0.0,0.0,0.0,1.0,0.0,0.0
8,8,0.0,0.0,0.0,0.0,0.0,0.0,0.0,0.0,1.0,0.0,0.0
8,8,0.0,0.0,0.0,0.0,0.0,0.0,0.0,0.0,1.0,0.0,0.0
8,8,0.0,0.0,0.0,0.0,0.0,0.0,0.0,0.0,1.0,0.0,0.0
8,8,0.0,0.0,0.0,0.0,0.0,0.0,0.0,0.0,1.0,0.0,0.0
8,8,0.0,0.0,0.0,0.0,0.0,0.0,0.0,0.0,1.0,0.0,0.0
8,8,0.0,0.0,0.0,0.0,0.0,0.0,0.0,0.0,1.0,0.0,0.0
8,8,0.0,0.0,0.0,0.0,0.0,0.0,0.0,0.0,1.0,0.0,0.0
8,8,0.0,0.0,0.0,0.0,0.0,0.0,0.0,0.0,1.0,0.0,0.0
8,8,0.0,0.0,0.0,0.0,0.0,0.0,0.0,0.0,1.0,0.0,0.0
8,8,0.0,0.0,0.0,0.0,0.0,0.0,0.0,0.0,1.0,0.0,0.0
8,8,0.0,0.0,0.0,0.0,0.0,0.0,0.0,0.0,1.0,0.0,0.0
8,8,0.0,0.0,0.0,0.0,0.0,0.0,0.0,0.0,1.0,0.0,0.0
8,8,0.0,0.0,0.0,0.0,0.0,0.0,0.0,0.0,1.0,0.0,0.0
8,8,0.0,0.0,0.0,0.0,0.0,0.0,0.0,0.0,1.0,0.0,0.0
8,8,0.0,0.0,0.0,0.0,0.0,0.0,0.0,0.0,1.0,0.0,0.0
8,8,0.0,0.0,0.0,0.0,0.0,0.0,0.0,0.0,1.0,0.0,0.0
8,8,0.0,0.0,0.0,0.0,0.0,0.0,0.0,0.0,1.0,0.0,0.0
8,8,0.0,0.0,0.0,0.0,0.0,0.0,0.0,0.0,1.0,0.0,0.0
8,8,0.0,0.0,0.0,0.0,0.0,0.0,0.0,0.0,1.0,0.0,0.0
8,8,0.0,0.0,0.0,0.0,0.0,0.0,0.0,0.0,1.0,0.0,0.0
8,8,0.0,0.0,0.0,0.0,0.0,0.0,0.0,0.0,1.0,0.0,0.0
8,8,0.0,0.0,0.0,0.0,0.0,0.0,0.0,0.0,1.0,0.0,0.0
8,8,0.0,0.0,0.0,0.0,0.0,0.0,0.0,0.0,1.0,0.0,0.0
8,8,0.0,0.0,0.0,0.0,0.0,0.0,0.0,0.0,1.0,0.0,0.0
8,8,0.0,0.0,0.0,0.0,0.0,0.0,0.0,0.0,1.0,0.0,0.0
8,8,0.0,0.0,0.0,0.0,0.0,0.0,0.0,0.0,1.0,0.0,0.0
8,8,0.0,0.0,0.0,0.0,0.0,0.0,0.0,0.0,1.0,0.0,0.0
8,8,0.0,0.0,0.0,0.0,0.0,0.0,0.0,0.0,1.0,0.0,0.0
8,8,0.0,0.0,0.0,0.0,0.0,0.0,0.0,0.0,1.0,0.0,0.0
8,8,0.0,0.0,0.0,0.0,0.0,0.0,0.0,0.0,1.0,0.0,0.0
8,8,0.0,0.0,0.0,0.0,0.0,0.0,0.0,0.0,1.0,0.0,0.0
8,8,0.0,0.0,0.0,0.0,0.0,0.0,0.0,0.0,1.0,0.0,0.0
8,8,0.0,0.0,0.0,0.0,0.0,0.0,0.0,0.0,1.0,0.0,0.0
8,8,0.0,0.0,0.0,0.0,0.0,0.0,0.0,0.0,1.0,0.0,0.0
8,8,0.0,0.0,0.0,0.0,0.0,0.0,0.0,0.0,1.0,0.0,0.0
8,8,0.0,0.0,0.0,0.0,0.0,0.0,0.0,0.0,1.0,0.0,0.0
8,8,0.0,0.0,0.0,0.0,0.0,0.0,0.0,0.0,1.0,0.0,0.0
8,8,0.0,0.0,0.0,0.0,0.0,0.0,0.0,0.0,1.0,0.0,0.0
8,8,0.0,0.0,0.0,0.0,0.0,0.0,0.0,0.0,1.0,0.0,0.0
8,8,0.0,0.0,0.0,0.0,0.0,0.0,0.0,0.0,1.0,0.0,0.0
8,8,0.0,0.0,0.0,0.0,0.0,0.0,0.0,0.0,1.0,0.0,0.0
8,8,0.0,0.0,0.0,0.0,0.0,0.0,0.0,0.0,1.0,0.0,0.0
8,8,0.0,0.0,0.0,0.0,0.0,0.0,0.0,0.0,1.0,0.0,0.0
8,8,0.0,0.0,0.0,0.0,0.0,0.0,0.0,0.0,1.0,0.0,0.0
8,8,0.0,0.0,0.0,0.0,0.0,0.0,0.0,0.0,1.0,0.0,0.0
8,8,0.0,0.0,0.0,0.0,0.0,0.0,0.0,0.0,1.0,0.0,0.0
8,8,0.0,0.0,0.0,0.0,0.0,0.0,0.0,0.0,1.0,0.0,0.0
8,8,0.0,0.0,0.0,0.0,0.0,0.0,0.0,0.0,1.0,0.0,0.0
8,8,0.0,0.0,0.0,0.0,0.0,0.0,0.0,0.0,1.0,0.0,0.0
8,8,0.0,0.0,0.0,0.0,0.0,0.0,0.0,0.0,1.0,0.0,0.0
8,8,0.0,0.0,0.0,0.0,0.0,0.0,0.0,0.0,1.0,0.0,0.0
8,8,0.0,0.0,0.0,0.0,0.0,0.0,0.0,0.0,1.0,0.0,0.0
8,8,0.0,0.0,0.0,0.0,0.0,0.0,0.0,0.0,1.0,0.0,0.0
8,8,0.0,0.0,0.0,0.0,0.0,0.0,0.0,0.0,1.0,0.0,0.0
8,8,0.0,0.0,0.0,0.0,0.0,0.0,0.0,0.0,1.0,0.0,0.0
8,8,0.0,0.0,0.0,0.0,0.0,0.0,0.0,0.0,1.0,0.0,0.0
8,8,0.0,0.0,0.0,0.0,0.0,0.0,0.0,0.0,1.0,0.0,0.0
8,8,0.0,0.0,0.0,0.0,0.0,0.0,0.0,0.0,1.0,0.0,0.0
8,8,0.0,0.0,0.0,0.0,0.0,0.0,0.0,0.0,1.0,0.0,0.0
8,8,0.0,0.0,0.0,0.0,0.0,0.0,0.0,0.0,1.0,0.0,0.0
8,8,0.0,0.0,0.0,0.0,0.0,0.0,0.0,0.0,1.0,0.0,0.0
8,8,0.0,0.0,0.0,0.0,0.0,0.0,0.0,0.0,1.0,0.0,0.0
8,8,0.0,0.0,0.0,0.0,0.0,0.0,0.0,0.0,1.0,0.0,0.0
8,8,0.0,0.0,0.0,0.0,0.0,0.0,0.0,0.0,1.0,0.0,0.0
8,8,0.0,0.0,0.0,0.0,0.0,0.0,0.0,0.0,1.0,0.0,0.0
8,8,0.0,0.0,0.0,0.0,0.0,0.0,0.0,0.0,1.0,0.0,0.0
8,8,0.0,0.0,0.0,0.0,0.0,0.0,0.0,0.0,1.0,0.0,0.0
8,8,0.0,0.0,0.0,0.0,0.0,0.0,0.0,0.0,1.0,0.0,0.0
8,8,0.0,0.0,0.0,0.0,0.0,0.0,0.0,0.0,1.0,0.0,0.0
8,8,0.0,0.0,0.0,0.0,0.0,0.0,0.0,0.0,1.0,0.0,0.0
8,8,0.0,0.0,0.0,0.0,0.0,0.0,0.0,0.0,1.0,0.0,0.0
8,8,0.0,0.0,0.0,0.0,0.0,0.0,0.0,0.0,1.0,0.0,0.0
8,8,0.0,0.0,0.0,0.0,0.0,0.0,0.0,0.0,1.0,0.0,0.0
8,8,0.0,0.0,0.0,0.0,0.0,0.0,0.0,0.0,1.0,0.0,0.0
8,8,0.0,0.0,0.0,0.0,0.0,0.0,0.0,0.0,1.0,0.0,0.0
8,8,0.0,0.0,0.0,0.0,0.0,0.0,0.0,0.0,1.0,0.0,0.0
8,8,0.0,0.0,0.0,0.0,0.0,0.0,0.0,0.0,1.0,0.0,0.0
8,8,0.0,0.0,0.0,0.0,0.0,0.0,0.0,0.0,1.0,0.0,0.0
8,8,0.0,0.0,0.0,0.0,0.0,0.0,0.0,0.0,1.0,0.0,0.0
8,8,0.0,0.0,0.0,0.0,0.0,0.0,0.0,0.0,1.0,0.0,0.0
8,8,0.0,0.0,0.0,0.0,0.0,0.0,0.0,0.0,1.0,0.0,0.0
8,8,0.0,0.0,0.0,0.0,0.0,0.0,0.0,0.0,1.0,0.0,0.0
8,8,0.0,0.0,0.0,0.0,0.0,0.0,0.0,0.0,1.0,0.0,0.0
8,8,0.0,0.0,0.0,0.0,0.0,0.0,0.0,0.0,1.0,0.0,0.0
8,8,0.0,0.0,0.0,0.0,0.0,0.0,0.0,0.0,1.0,0.0,0.0
8,8,0.0,0.0,0.0,0.0,0.0,0.0,0.0,0.0,1.0,0.0,0.0
8,8,0.0,0.0,0.0,0.0,0.0,0.0,0.0,0.0,1.0,0.0,0.0
8,8,0.0,0.0,0.0,0.0,0.0,0.0,0.0,0.0,1.0,0.0,0.0
8,8,0.0,0.0,0.0,0.0,0.0,0.0,0.0,0.0,1.0,0.0,0.0
8,8,0.0,0.0,0.0,0.0,0.0,0.0,0.0,0.0,1.0,0.0,0.0
8,8,0.0,0.0,0.0,0.0,0.0,0.0,0.0,0.0,1.0,0.0,0.0
8,8,0.0,0.0,0.0,0.0,0.0,0.0,0.0,0.0,1.0,0.0,0.0
8,8,0.0,0.0,0.0,0.0,0.0,0.0,0.0,0.0,1.0,0.0,0.0
8,8,0.0,0.0,0.0,0.0,0.0,0.0,0.0,0.0,1.0,0.0,0.0
8,8,0.0,0.0,0.0,0.0,0.0,0.0,0.0,0.0,1.0,0.0,0.0
8,8,0.0,0.0,0.0,0.0,0.0,0.0,0.0,0.0,1.0,0.0,0.0
8,8,0.0,0.0,0.0,0.0,0.0,0.0,0.0,0.0,1.0,0.0,0.0
8,8,0.0,0.0,0.0,0.0,0.0,0.0,0.0,0.0,1.0,0.0,0.0
8,8,0.0,0.0,0.0,0.0,0.0,0.0,0.0,0.0,1.0,0.0,0.0
8,8,0.0,0.0,0.0,0.0,0.0,0.0,0.0,0.0,1.0,0.0,0.0
8,8,0.0,0.0,0.0,0.0,0.0,0.0,0.0,0.0,1.0,0.0,0.0
8,8,0.0,0.0,0.0,0.0,0.0,0.0,0.0,0.0,1.0,0.0,0.0
8,8,0.0,0.0,0.0,0.0,0.0,0.0,0.0,0.0,1.0,0.0,0.0
8,8,0.0,0.0,0.0,0.0,0.0,0.0,0.0,0.0,1.0,0.0,0.0
8,8,0.0,0.0,0.0,0.0,0.0,0.0,0.0,0.0,1.0,0.0,0.0
8,8,0.0,0.0,0.0,0.0,0.0,0.0,0.0,0.0,1.0,0.0,0.0
8,8,0.0,0.0,0.0,0.0,0.0,0.0,0.0,0.0,1.0,0.0,0.0
8,8,0.0,0.0,0.0,0.0,0.0,0.0,0.0,0.0,1.0,0.0,0.0
8,8,0.0,0.0,0.0,0.0,0.0,0.0,0.0,0.0,1.0,0.0,0.0
8,8,0.0,0.0,0.0,0.0,0.0,0.0,0.0,0.0,1.0,0.0,0.0
8,8,0.0,0.0,0.0,0.0,0.0,0.0,0.0,0.0,1.0,0.0,0.0
8,8,0.0,0.0,0.0,0.0,0.0,0.0,0.0,0.0,1.0,0.0,0.0
8,8,0.0,0.0,0.0,0.0,0.0,0.0,0.0,0.0,1.0,0.0,0.0
8,8,0.0,0.0,0.0,0.0,0.0,0.0,0.0,0.0,1.0,0.0,0.0
8,8,0.0,0.0,0.0,0.0,0.0,0.0,0.0,0.0,1.0,0.0,0.0
8,8,0.0,0.0,0.0,0.0,0.0,0.0,0.0,0.0,1.0,0.0,0.0
8,8,0.0,0.0,0.0,0.0,0.0,0.0,0.0,0.0,1.0,0.0,0.0
8,8,0.0,0.0,0.0,0.0,0.0,0.0,0.0,0.0,1.0,0.0,0.0
8,8,0.0,0.0,0.0,0.0,0.0,0.0,0.0,0.0,1.0,0.0,0.0
8,8,0.0,0.0,0.0,0.0,0.0,0.0,0.0,0.0,1.0,0.0,0.0
8,8,0.0,0.0,0.0,0.0,0.0,0.0,0.0,0.0,1.0,0.0,0.0
8,8,0.0,0.0,0.0,0.0,0.0,0.0,0.0,0.0,1.0,0.0,0.0
8,8,0.0,0.0,0.0,0.0,0.0,0.0,0.0,0.0,1.0,0.0,0.0
8,8,0.0,0.0,0.0,0.0,0.0,0.0,0.0,0.0,1.0,0.0,0.0
8,8,0.0,0.0,0.0,0.0,0.0,0.0,0.0,0.0,1.0,0.0,0.0
8,8,0.0,0.0,0.0,0.0,0.0,0.0,0.0,0.0,1.0,0.0,0.0
8,8,0.0,0.0,0.0,0.0,0.0,0.0,0.0,0.0,1.0,0.0,0.0
8,8,0.0,0.0,0.0,0.0,0.0,0.0,0.0,0.0,1.0,0.0,0.0
8,8,0.0,0.0,0.0,0.0,0.0,0.0,0.0,0.0,1.0,0.0,0.0
8,8,0.0,0.0,0.0,0.0,0.0,0.0,0.0,0.0,1.0,0.0,0.0
8,8,0.0,0.0,0.0,0.0,0.0,0.0,0.0,0.0,1.0,0.0,0.0
8,8,0.0,0.0,0.0,0.0,0.0,0.0,0.0,0.0,1.0,0.0,0.0
8,8,0.0,0.0,0.0,0.0,0.0,0.0,0.0,0.0,1.0,0.0,0.0
8,8,0.0,0.0,0.0,0.0,0.0,0.0,0.0,0.0,1.0,0.0,0.0
8,8,0.0,0.0,0.0,0.0,0.0,0.0,0.0,0.0,1.0,0.0,0.0
8,8,0.0,0.0,0.0,0.0,0.0,0.0,0.0,0.0,1.0,0.0,0.0
8,8,0.0,0.0,0.0,0.0,0.0,0.0,0.0,0.0,1.0,0.0,0.0
8,8,0.0,0.0,0.0,0.0,0.0,0.0,0.0,0.0,1.0,0.0,0.0
8,8,0.0,0.0,0.0,0.0,0.0,0.0,0.0,0.0,1.0,0.0,0.0
8,8,0.0,0.0,0.0,0.0,0.0,0.0,0.0,0.0,1.0,0.0,0.0
8,8,0.0,0.0,0.0,0.0,0.0,0.0,0.0,0.0,1.0,0.0,0.0
8,8,0.0,0.0,0.0,0.0,0.0,0.0,0.0,0.0,1.0,0.0,0.0
8,8,0.0,0.0,0.0,0.0,0.0,0.0,0.0,0.0,1.0,0.0,0.0
8,8,0.0,0.0,0.0,0.0,0.0,0.0,0.0,0.0,1.0,0.0,0.0
8,8,0.0,0.0,0.0,0.0,0.0,0.0,0.0,0.0,1.0,0.0,0.0
8,8,0.0,0.0,0.0,0.0,0.0,0.0,0.0,0.0,1.0,0.0,0.0
8,8,0.0,0.0,0.0,0.0,0.0,0.0,0.0,0.0,1.0,0.0,0.0
8,8,0.0,0.0,0.0,0.0,0.0,0.0,0.0,0.0,1.0,0.0,0.0
8,8,0.0,0.0,0.0,0.0,0.0,0.0,0.0,0.0,1.0,0.0,0.0
8,8,0.0,0.0,0.0,0.0,0.0,0.0,0.0,0.0,1.0,0.0,0.0
8,8,0.0,0.0,0.0,0.0,0.0,0.0,0.0,0.0,1.0,0.0,0.0
8,8,0.0,0.0,0.0,0.0,0.0,0.0,0.0,0.0,1.0,0.0,0.0
8,8,0.0,0.0,0.0,0.0,0.0,0.0,0.0,0.0,1.0,0.0,0.0
8,8,0.0,0.0,0.0,0.0,0.0,0.0,0.0,0.0,1.0,0.0,0.0
8,8,0.0,0.0,0.0,0.0,0.0,0.0,0.0,0.0,1.0,0.0,0.0
8,8,0.0,0.0,0.0,0.0,0.0,0.0,0.0,0.0,1.0,0.0,0.0
8,8,0.0,0.0,0.0,0.0,0.0,0.0,0.0,0.0,1.0,0.0,0.0
8,8,0.0,0.0,0.0,0.0,0.0,0.0,0.0,0.0,1.0,0.0,0.0
8,8,0.0,0.0,0.0,0.0,0.0,0.0,0.0,0.0,1.0,0.0,0.0
8,8,0.0,0.0,0.0,0.0,0.0,0.0,0.0,0.0,1.0,0.0,0.0
8,8,0.0,0.0,0.0,0.0,0.0,0.0,0.0,0.0,1.0,0.0,0.0
8,8,0.0,0.0,0.0,0.0,0.0,0.0,0.0,0.0,1.0,0.0,0.0
8,8,0.0,0.0,0.0,0.0,0.0,0.0,0.0,0.0,1.0,0.0,0.0
8,8,0.0,0.0,0.0,0.0,0.0,0.0,0.0,0.0,1.0,0.0,0.0
8,8,0.0,0.0,0.0,0.0,0.0,0.0,0.0,0.0,1.0,0.0,0.0
8,8,0.0,0.0,0.0,0.0,0.0,0.0,0.0,0.0,1.0,0.0,0.0
8,8,0.0,0.0,0.0,0.0,0.0,0.0,0.0,0.0,1.0,0.0,0.0
8,8,0.0,0.0,0.0,0.0,0.0,0.0,0.0,0.0,1.0,0.0,0.0
8,8,0.0,0.0,0.0,0.0,0.0,0.0,0.0,0.0,1.0,0.0,0.0
8,8,0.0,0.0,0.0,0.0,0.0,0.0,0.0,0.0,1.0,0.0,0.0
8,8,0.0,0.0,0.0,0.0,0.0,0.0,0.0,0.0,1.0,0.0,0.0
8,8,0.0,0.0,0.0,0.0,0.0,0.0,0.0,0.0,1.0,0.0,0.0
8,8,0.0,0.0,0.0,0.0,0.0,0.0,0.0,0.0,1.0,0.0,0.0
8,8,0.0,0.0,0.0,0.0,0.0,0.0,0.0,0.0,1.0,0.0,0.0
8,8,0.0,0.0,0.0,0.0,0.0,0.0,0.0,0.0,1.0,0.0,0.0
8,8,0.0,0.0,0.0,0.0,0.0,0.0,0.0,0.0,1.0,0.0,0.0
8,8,0.0,0.0,0.0,0.0,0.0,0.0,0.0,0.0,1.0,0.0,0.0
8,8,0.0,0.0,0.0,0.0,0.0,0.0,0.0,0.0,1.0,0.0,0.0
8,8,0.0,0.0,0.0,0.0,0.0,0.0,0.0,0.0,1.0,0.0,0.0
8,8,0.0,0.0,0.0,0.0,0.0,0.0,0.0,0.0,1.0,0.0,0.0
8,8,0.0,0.0,0.0,0.0,0.0,0.0,0.0,0.0,1.0,0.0,0.0
8,8,0.0,0.0,0.0,0.0,0.0,0.0,0.0,0.0,1.0,0.0,0.0
8,8,0.0,0.0,0.0,0.0,0.0,0.0,0.0,0.0,1.0,0.0,0.0
8,8,0.0,0.0,0.0,0.0,0.0,0.0,0.0,0.0,1.0,0.0,0.0
8,8,0.0,0.0,0.0,0.0,0.0,0.0,0.0,0.0,1.0,0.0,0.0
8,8,0.0,0.0,0.0,0.0,0.0,0.0,0.0,0.0,1.0,0.0,0.0
8,8,0.0,0.0,0.0,0.0,0.0,0.0,0.0,0.0,1.0,0.0,0.0
8,8,0.0,0.0,0.0,0.0,0.0,0.0,0.0,0.0,1.0,0.0,0.0
8,8,0.0,0.0,0.0,0.0,0.0,0.0,0.0,0.0,1.0,0.0,0.0
8,8,0.0,0.0,0.0,0.0,0.0,0.0,0.0,0.0,1.0,0.0,0.0
8,8,0.0,0.0,0.0,0.0,0.0,0.0,0.0,0.0,1.0,0.0,0.0
8,8,0.0,0.0,0.0,0.0,0.0,0.0,0.0,0.0,1.0,0.0,0.0
8,8,0.0,0.0,0.0,0.0,0.0,0.0,0.0,0.0,1.0,0.0,0.0
8,8,0.0,0.0,0.0,0.0,0.0,0.0,0.0,0.0,1.0,0.0,0.0
8,8,0.0,0.0,0.0,0.0,0.0,0.0,0.0,0.0,1.0,0.0,0.0
8,8,0.0,0.0,0.0,0.0,0.0,0.0,0.0,0.0,1.0,0.0,0.0
8,8,0.0,0.0,0.0,0.0,0.0,0.0,0.0,0.0,1.0,0.0,0.0
8,8,0.0,0.0,0.0,0.0,0.0,0.0,0.0,0.0,1.0,0.0,0.0
8,8,0.0,0.0,0.0,0.0,0.0,0.0,0.0,0.0,1.0,0.0,0.0
8,8,0.0,0.0,0.0,0.0,0.0,0.0,0.0,0.0,1.0,0.0,0.0
8,8,0.0,0.0,0.0,0.0,0.0,0.0,0.0,0.0,1.0,0.0,0.0
8,8,0.0,0.0,0.0,0.0,0.0,0.0,0.0,0.0,1.0,0.0,0.0
8,8,0.0,0.0,0.0,0.0,0.0,0.0,0.0,0.0,1.0,0.0,0.0
8,8,0.0,0.0,0.0,0.0,0.0,0.0,0.0,0.0,1.0,0.0,0.0
8,8,0.0,0.0,0.0,0.0,0.0,0.0,0.0,0.0,1.0,0.0,0.0
8,8,0.0,0.0,0.0,0.0,0.0,0.0,0.0,0.0,1.0,0.0,0.0
8,8,0.0,0.0,0.0,0.0,0.0,0.0,0.0,0.0,1.0,0.0,0.0
8,8,0.0,0.0,0.0,0.0,0.0,0.0,0.0,0.0,1.0,0.0,0.0
8,8,0.0,0.0,0.0,0.0,0.0,0.0,0.0,0.0,1.0,0.0,0.0
8,8,0.0,0.0,0.0,0.0,0.0,0.0,0.0,0.0,1.0,0.0,0.0
8,8,0.0,0.0,0.0,0.0,0.0,0.0,0.0,0.0,1.0,0.0,0.0
8,8,0.0,0.0,0.0,0.0,0.0,0.0,0.0,0.0,1.0,0.0,0.0
8,8,0.0,0.0,0.0,0.0,0.0,0.0,0.0,0.0,1.0,0.0,0.0
8,8,0.0,0.0,0.0,0.0,0.0,0.0,0.0,0.0,1.0,0.0,0.0
8,8,0.0,0.0,0.0,0.0,0.0,0.0,0.0,0.0,1.0,0.0,0.0
8,8,0.0,0.0,0.0,0.0,0.0,0.0,0.0,0.0,1.0,0.0,0.0
8,8,0.0,0.0,0.0,0.0,0.0,0.0,0.0,0.0,1.0,0.0,0.0
8,8,0.0,0.0,0.0,0.0,0.0,0.0,0.0,0.0,1.0,0.0,0.0
8,8,0.0,0.0,0.0,0.0,0.0,0.0,0.0,0.0,1.0,0.0,0.0
8,8,0.0,0.0,0.0,0.0,0.0,0.0,0.0,0.0,1.0,0.0,0.0
8,8,0.0,0.0,0.0,0.0,0.0,0.0,0.0,0.0,1.0,0.0,0.0
8,8,0.0,0.0,0.0,0.0,0.0,0.0,0.0,0.0,1.0,0.0,0.0
8,8,0.0,0.0,0.0,0.0,0.0,0.0,0.0,0.0,1.0,0.0,0.0
8,8,0.0,0.0,0.0,0.0,0.0,0.0,0.0,0.0,1.0,0.0,0.0
8,8,0.0,0.0,0.0,0.0,0.0,0.0,0.0,0.0,1.0,0.0,0.0
8,8,0.0,0.0,0.0,0.0,0.0,0.0,0.0,0.0,1.0,0.0,0.0
8,8,0.0,0.0,0.0,0.0,0.0,0.0,0.0,0.0,1.0,0.0,0.0
8,8,0.0,0.0,0.0,0.0,0.0,0.0,0.0,0.0,1.0,0.0,0.0
8,8,0.0,0.0,0.0,0.0,0.0,0.0,0.0,0.0,1.0,0.0,0.0
8,8,0.0,0.0,0.0,0.0,0.0,0.0,0.0,0.0,1.0,0.0,0.0
8,8,0.0,0.0,0.0,0.0,0.0,0.0,0.0,0.0,1.0,0.0,0.0
8,8,0.0,0.0,0.0,0.0,0.0,0.0,0.0,0.0,1.0,0.0,0.0
8,8,0.0,0.0,0.0,0.0,0.0,0.0,0.0,0.0,1.0,0.0,0.0
8,8,0.0,0.0,0.0,0.0,0.0,0.0,0.0,0.0,1.0,0.0,0.0
8,8,0.0,0.0,0.0,0.0,0.0,0.0,0.0,0.0,1.0,0.0,0.0
8,8,0.0,0.0,0.0,0.0,0.0,0.0,0.0,0.0,1.0,0.0,0.0
8,8,0.0,0.0,0.0,0.0,0.0,0.0,0.0,0.0,1.0,0.0,0.0
8,8,0.0,0.0,0.0,0.0,0.0,0.0,0.0,0.0,1.0,0.0,0.0
8,8,0.0,0.0,0.0,0.0,0.0,0.0,0.0,0.0,1.0,0.0,0.0
8,8,0.0,0.0,0.0,0.0,0.0,0.0,0.0,0.0,1.0,0.0,0.0
8,8,0.0,0.0,0.0,0.0,0.0,0.0,0.0,0.0,1.0,0.0,0.0
8,8,0.0,0.0,0.0,0.0,0.0,0.0,0.0,0.0,1.0,0.0,0.0
8,8,0.0,0.0,0.0,0.0,0.0,0.0,0.0,0.0,1.0,0.0,0.0
8,8,0.0,0.0,0.0,0.0,0.0,0.0,0.0,0.0,1.0,0.0,0.0
8,8,0.0,0.0,0.0,0.0,0.0,0.0,0.0,0.0,1.0,0.0,0.0
8,8,0.0,0.0,0.0,0.0,0.0,0.0,0.0,0.0,1.0,0.0,0.0
8,8,0.0,0.0,0.0,0.0,0.0,0.0,0.0,0.0,1.0,0.0,0.0
8,8,0.0,0.0,0.0,0.0,0.0,0.0,0.0,0.0,1.0,0.0,0.0
8,8,0.0,0.0,0.0,0.0,0.0,0.0,0.0,0.0,1.0,0.0,0.0
8,8,0.0,0.0,0.0,0.0,0.0,0.0,0.0,0.0,1.0,0.0,0.0
8,8,0.0,0.0,0.0,0.0,0.0,0.0,0.0,0.0,1.0,0.0,0.0
8,8,0.0,0.0,0.0,0.0,0.0,0.0,0.0,0.0,1.0,0.0,0.0
8,8,0.0,0.0,0.0,0.0,0.0,0.0,0.0,0.0,1.0,0.0,0.0
8,8,0.0,0.0,0.0,0.0,0.0,0.0,0.0,0.0,1.0,0.0,0.0
8,8,0.0,0.0,0.0,0.0,0.0,0.0,0.0,0.0,1.0,0.0,0.0
8,8,0.0,0.0,0.0,0.0,0.0,0.0,0.0,0.0,1.0,0.0,0.0
8,8,0.0,0.0,0.0,0.0,0.0,0.0,0.0,0.0,1.0,0.0,0.0
8,8,0.0,0.0,0.0,0.0,0.0,0.0,0.0,0.0,1.0,0.0,0.0
8,8,0.0,0.0,0.0,0.0,0.0,0.0,0.0,0.0,1.0,0.0,0.0
8,8,0.0,0.0,0.0,0.0,0.0,0.0,0.0,0.0,1.0,0.0,0.0
8,8,0.0,0.0,0.0,0.0,0.0,0.0,0.0,0.0,1.0,0.0,0.0
8,8,0.0,0.0,0.0,0.0,0.0,0.0,0.0,0.0,1.0,0.0,0.0
8,8,0.0,0.0,0.0,0.0,0.0,0.0,0.0,0.0,1.0,0.0,0.0
8,8,0.0,0.0,0.0,0.0,0.0,0.0,0.0,0.0,1.0,0.0,0.0
8,8,0.0,0.0,0.0,0.0,0.0,0.0,0.0,0.0,1.0,0.0,0.0
8,8,0.0,0.0,0.0,0.0,0.0,0.0,0.0,0.0,1.0,0.0,0.0
8,8,0.0,0.0,0.0,0.0,0.0,0.0,0.0,0.0,1.0,0.0,0.0
8,8,0.0,0.0,0.0,0.0,0.0,0.0,0.0,0.0,1.0,0.0,0.0
8,8,0.0,0.0,0.0,0.0,0.0,0.0,0.0,0.0,1.0,0.0,0.0
8,8,0.0,0.0,0.0,0.0,0.0,0.0,0.0,0.0,1.0,0.0,0.0
8,8,0.0,0.0,0.0,0.0,0.0,0.0,0.0,0.0,1.0,0.0,0.0
8,8,0.0,0.0,0.0,0.0,0.0,0.0,0.0,0.0,1.0,0.0,0.0
8,8,0.0,0.0,0.0,0.0,0.0,0.0,0.0,0.0,1.0,0.0,0.0
8,8,0.0,0.0,0.0,0.0,0.0,0.0,0.0,0.0,1.0,0.0,0.0
8,8,0.0,0.0,0.0,0.0,0.0,0.0,0.0,0.0,1.0,0.0,0.0
8,8,0.0,0.0,0.0,0.0,0.0,0.0,0.0,0.0,1.0,0.0,0.0
8,8,0.0,0.0,0.0,0.0,0.0,0.0,0.0,0.0,1.0,0.0,0.0
8,8,0.0,0.0,0.0,0.0,0.0,0.0,0.0,0.0,1.0,0.0,0.0
8,8,0.0,0.0,0.0,0.0,0.0,0.0,0.0,0.0,1.0,0.0,0.0
8,8,0.0,0.0,0.0,0.0,0.0,0.0,0.0,0.0,1.0,0.0,0.0
8,8,0.0,0.0,0.0,0.0,0.0,0.0,0.0,0.0,1.0,0.0,0.0
8,8,0.0,0.0,0.0,0.0,0.0,0.0,0.0,0.0,1.0,0.0,0.0
8,8,0.0,0.0,0.0,0.0,0.0,0.0,0.0,0.0,1.0,0.0,0.0
8,8,0.0,0.0,0.0,0.0,0.0,0.0,0.0,0.0,1.0,0.0,0.0
8,8,0.0,0.0,0.0,0.0,0.0,0.0,0.0,0.0,1.0,0.0,0.0
8,8,0.0,0.0,0.0,0.0,0.0,0.0,0.0,0.0,1.0,0.0,0.0
8,8,0.0,0.0,0.0,0.0,0.0,0.0,0.0,0.0,1.0,0.0,0.0
8,8,0.0,0.0,0.0,0.0,0.0,0.0,0.0,0.0,1.0,0.0,0.0
8,8,0.0,0.0,0.0,0.0,0.0,0.0,0.0,0.0,1.0,0.0,0.0
8,8,0.0,0.0,0.0,0.0,0.0,0.0,0.0,0.0,1.0,0.0,0.0
8,8,0.0,0.0,0.0,0.0,0.0,0.0,0.0,0.0,1.0,0.0,0.0
8,8,0.0,0.0,0.0,0.0,0.0,0.0,0.0,0.0,1.0,0.0,0.0
8,8,0.0,0.0,0.0,0.0,0.0,0.0,0.0,0.0,1.0,0.0,0.0
8,8,0.0,0.0,0.0,0.0,0.0,0.0,0.0,0.0,1.0,0.0,0.0
8,8,0.0,0.0,0.0,0.0,0.0,0.0,0.0,0.0,1.0,0.0,0.0
8,8,0.0,0.0,0.0,0.0,0.0,0.0,0.0,0.0,1.0,0.0,0.0
8,8,0.0,0.0,0.0,0.0,0.0,0.0,0.0,0.0,1.0,0.0,0.0
8,8,0.0,0.0,0.0,0.0,0.0,0.0,0.0,0.0,1.0,0.0,0.0
8,8,0.0,0.0,0.0,0.0,0.0,0.0,0.0,0.0,1.0,0.0,0.0
8,8,0.0,0.0,0.0,0.0,0.0,0.0,0.0,0.0,1.0,0.0,0.0
8,8,0.0,0.0,0.0,0.0,0.0,0.0,0.0,0.0,1.0,0.0,0.0
8,8,0.0,0.0,0.0,0.0,0.0,0.0,0.0,0.0,1.0,0.0,0.0
8,8,0.0,0.0,0.0,0.0,0.0,0.0,0.0,0.0,1.0,0.0,0.0
8,8,0.0,0.0,0.0,0.0,0.0,0.0,0.0,0.0,1.0,0.0,0.0
8,8,0.0,0.0,0.0,0.0,0.0,0.0,0.0,0.0,1.0,0.0,0.0
8,8,0.0,0.0,0.0,0.0,0.0,0.0,0.0,0.0,1.0,0.0,0.0
8,8,0.0,0.0,0.0,0.0,0.0,0.0,0.0,0.0,1.0,0.0,0.0
8,8,0.0,0.0,0.0,0.0,0.0,0.0,0.0,0.0,1.0,0.0,0.0
8,8,0.0,0.0,0.0,0.0,0.0,0.0,0.0,0.0,1.0,0.0,0.0
8,8,0.0,0.0,0.0,0.0,0.0,0.0,0.0,0.0,1.0,0.0,0.0
8,8,0.0,0.0,0.0,0.0,0.0,0.0,0.0,0.0,1.0,0.0,0.0
8,8,0.0,0.0,0.0,0.0,0.0,0.0,0.0,0.0,1.0,0.0,0.0
8,8,0.0,0.0,0.0,0.0,0.0,0.0,0.0,0.0,1.0,0.0,0.0
8,8,0.0,0.0,0.0,0.0,0.0,0.0,0.0,0.0,1.0,0.0,0.0
8,8,0.0,0.0,0.0,0.0,0.0,0.0,0.0,0.0,1.0,0.0,0.0
8,8,0.0,0.0,0.0,0.0,0.0,0.0,0.0,0.0,1.0,0.0,0.0
8,8,0.0,0.0,0.0,0.0,0.0,0.0,0.0,0.0,1.0,0.0,0.0
8,8,0.0,0.0,0.0,0.0,0.0,0.0,0.0,0.0,1.0,0.0,0.0
8,8,0.0,0.0,0.0,0.0,0.0,0.0,0.0,0.0,1.0,0.0,0.0
8,8,0.0,0.0,0.0,0.0,0.0,0.0,0.0,0.0,1.0,0.0,0.0
8,8,0.0,0.0,0.0,0.0,0.0,0.0,0.0,0.0,1.0,0.0,0.0
8,8,0.0,0.0,0.0,0.0,0.0,0.0,0.0,0.0,1.0,0.0,0.0
8,8,0.0,0.0,0.0,0.0,0.0,0.0,0.0,0.0,1.0,0.0,0.0
8,8,0.0,0.0,0.0,0.0,0.0,0.0,0.0,0.0,1.0,0.0,0.0
8,8,0.0,0.0,0.0,0.0,0.0,0.0,0.0,0.0,1.0,0.0,0.0
8,8,0.0,0.0,0.0,0.0,0.0,0.0,0.0,0.0,1.0,0.0,0.0
8,8,0.0,0.0,0.0,0.0,0.0,0.0,0.0,0.0,1.0,0.0,0.0
8,8,0.0,0.0,0.0,0.0,0.0,0.0,0.0,0.0,1.0,0.0,0.0
8,8,0.0,0.0,0.0,0.0,0.0,0.0,0.0,0.0,1.0,0.0,0.0
8,8,0.0,0.0,0.0,0.0,0.0,0.0,0.0,0.0,1.0,0.0,0.0
8,8,0.0,0.0,0.0,0.0,0.0,0.0,0.0,0.0,1.0,0.0,0.0
8,8,0.0,0.0,0.0,0.0,0.0,0.0,0.0,0.0,1.0,0.0,0.0
8,8,0.0,0.0,0.0,0.0,0.0,0.0,0.0,0.0,1.0,0.0,0.0
8,8,0.0,0.0,0.0,0.0,0.0,0.0,0.0,0.0,1.0,0.0,0.0
8,8,0.0,0.0,0.0,0.0,0.0,0.0,0.0,0.0,1.0,0.0,0.0
8,8,0.0,0.0,0.0,0.0,0.0,0.0,0.0,0.0,1.0,0.0,0.0
8,8,0.0,0.0,0.0,0.0,0.0,0.0,0.0,0.0,1.0,0.0,0.0
8,8,0.0,0.0,0.0,0.0,0.0,0.0,0.0,0.0,1.0,0.0,0.0
8,8,0.0,0.0,0.0,0.0,0.0,0.0,0.0,0.0,1.0,0.0,0.0
8,8,0.0,0.0,0.0,0.0,0.0,0.0,0.0,0.0,1.0,0.0,0.0
8,8,0.0,0.0,0.0,0.0,0.0,0.0,0.0,0.0,1.0,0.0,0.0
8,8,0.0,0.0,0.0,0.0,0.0,0.0,0.0,0.0,1.0,0.0,0.0
8,8,0.0,0.0,0.0,0.0,0.0,0.0,0.0,0.0,1.0,0.0,0.0
8,8,0.0,0.0,0.0,0.0,0.0,0.0,0.0,0.0,1.0,0.0,0.0
8,8,0.0,0.0,0.0,0.0,0.0,0.0,0.0,0.0,1.0,0.0,0.0
8,8,0.0,0.0,0.0,0.0,0.0,0.0,0.0,0.0,1.0,0.0,0.0
8,8,0.0,0.0,0.0,0.0,0.0,0.0,0.0,0.0,1.0,0.0,0.0
8,8,0.0,0.0,0.0,0.0,0.0,0.0,0.0,0.0,1.0,0.0,0.0
8,8,0.0,0.0,0.0,0.0,0.0,0.0,0.0,0.0,1.0,0.0,0.0
8,8,0.0,0.0,0.0,0.0,0.0,0.0,0.0,0.0,1.0,0.0,0.0
8,8,0.0,0.0,0.0,0.0,0.0,0.0,0.0,0.0,1.0,0.0,0.0
8,8,0.0,0.0,0.0,0.0,0.0,0.0,0.0,0.0,1.0,0.0,0.0
8,8,0.0,0.0,0.0,0.0,0.0,0.0,0.0,0.0,1.0,0.0,0.0
8,8,0.0,0.0,0.0,0.0,0.0,0.0,0.0,0.0,1.0,0.0,0.0
8,8,0.0,0.0,0.0,0.0,0.0,0.0,0.0,0.0,1.0,0.0,0.0
8,8,0.0,0.0,0.0,0.0,0.0,0.0,0.0,0.0,1.0,0.0,0.0
8,8,0.0,0.0,0.0,0.0,0.0,0.0,0.0,0.0,1.0,0.0,0.0
8,8,0.0,0.0,0.0,0.0,0.0,0.0,0.0,0.0,1.0,0.0,0.0
8,8,0.0,0.0,0.0,0.0,0.0,0.0,0.0,0.0,1.0,0.0,0.0
8,8,0.0,0.0,0.0,0.0,0.0,0.0,0.0,0.0,1.0,0.0,0.0
8,8,0.0,0.0,0.0,0.0,0.0,0.0,0.0,0.0,1.0,0.0,0.0
8,8,0.0,0.0,0.0,0.0,0.0,0.0,0.0,0.0,1.0,0.0,0.0
8,8,0.0,0.0,0.0,0.0,0.0,0.0,0.0,0.0,1.0,0.0,0.0
8,8,0.0,0.0,0.0,0.0,0.0,0.0,0.0,0.0,1.0,0.0,0.0
8,8,0.0,0.0,0.0,0.0,0.0,0.0,0.0,0.0,1.0,0.0,0.0
8,8,0.0,0.0,0.0,0.0,0.0,0.0,0.0,0.0,1.0,0.0,0.0
8,8,0.0,0.0,0.0,0.0,0.0,0.0,0.0,0.0,1.0,0.0,0.0
8,8,0.0,0.0,0.0,0.0,0.0,0.0,0.0,0.0,1.0,0.0,0.0
8,8,0.0,0.0,0.0,0.0,0.0,0.0,0.0,0.0,1.0,0.0,0.0
8,8,0.0,0.0,0.0,0.0,0.0,0.0,0.0,0.0,1.0,0.0,0.0
8,8,0.0,0.0,0.0,0.0,0.0,0.0,0.0,0.0,1.0,0.0,0.0
8,8,0.0,0.0,0.0,0.0,0.0,0.0,0.0,0.0,1.0,0.0,0.0
8,8,0.0,0.0,0.0,0.0,0.0,0.0,0.0,0.0,1.0,0.0,0.0
8,8,0.0,0.0,0.0,0.0,0.0,0.0,0.0,0.0,1.0,0.0,0.0
8,8,0.0,0.0,0.0,0.0,0.0,0.0,0.0,0.0,1.0,0.0,0.0
8,8,0.0,0.0,0.0,0.0,0.0,0.0,0.0,0.0,1.0,0.0,0.0
8,8,0.0,0.0,0.0,0.0,0.0,0.0,0.0,0.0,1.0,0.0,0.0
8,8,0.0,0.0,0.0,0.0,0.0,0.0,0.0,0.0,1.0,0.0,0.0
8,8,0.0,0.0,0.0,0.0,0.0,0.0,0.0,0.0,1.0,0.0,0.0
8,8,0.0,0.0,0.0,0.0,0.0,0.0,0.0,0.0,1.0,0.0,0.0
8,8,0.0,0.0,0.0,0.0,0.0,0.0,0.0,0.0,1.0,0.0,0.0
8,8,0.0,0.0,0.0,0.0,0.0,0.0,0.0,0.0,1.0,0.0,0.0
8,8,0.0,0.0,0.0,0.0,0.0,0.0,0.0,0.0,1.0,0.0,0.0
8,8,0.0,0.0,0.0,0.0,0.0,0.0,0.0,0.0,1.0,0.0,0.0
8,8,0.0,0.0,0.0,0.0,0.0,0.0,0.0,0.0,1.0,0.0,0.0
8,8,0.0,0.0,0.0,0.0,0.0,0.0,0.0,0.0,1.0,0.0,0.0
8,8,0.0,0.0,0.0,0.0,0.0,0.0,0.0,0.0,1.0,0.0,0.0
8,8,0.0,0.0,0.0,0.0,0.0,0.0,0.0,0.0,1.0,0.0,0.0
8,8,0.0,0.0,0.0,0.0,0.0,0.0,0.0,0.0,1.0,0.0,0.0
8,8,0.0,0.0,0.0,0.0,0.0,0.0,0.0,0.0,1.0,0.0,0.0
8,8,0.0,0.0,0.0,0.0,0.0,0.0,0.0,0.0,1.0,0.0,0.0
8,8,0.0,0.0,0.0,0.0,0.0,0.0,0.0,0.0,1.0,0.0,0.0
8,8,0.0,0.0,0.0,0.0,0.0,0.0,0.0,0.0,1.0,0.0,0.0
8,8,0.0,0.0,0.0,0.0,0.0,0.0,0.0,0.0,1.0,0.0,0.0
8,8,0.0,0.0,0.0,0.0,0.0,0.0,0.0,0.0,1.0,0.0,0.0
8,8,0.0,0.0,0.0,0.0,0.0,0.0,0.0,0.0,1.0,0.0,0.0
8,8,0.0,0.0,0.0,0.0,0.0,0.0,0.0,0.0,1.0,0.0,0.0
8,8,0.0,0.0,0.0,0.0,0.0,0.0,0.0,0.0,1.0,0.0,0.0
8,8,0.0,0.0,0.0,0.0,0.0,0.0,0.0,0.0,1.0,0.0,0.0
8,8,0.0,0.0,0.0,0.0,0.0,0.0,0.0,0.0,1.0,0.0,0.0
8,8,0.0,0.0,0.0,0.0,0.0,0.0,0.0,0.0,1.0,0.0,0.0
8,8,0.0,0.0,0.0,0.0,0.0,0.0,0.0,0.0,1.0,0.0,0.0
8,8,0.0,0.0,0.0,0.0,0.0,0.0,0.0,0.0,1.0,0.0,0.0
8,8,0.0,0.0,0.0,0.0,0.0,0.0,0.0,0.0,1.0,0.0,0.0
8,8,0.0,0.0,0.0,0.0,0.0,0.0,0.0,0.0,1.0,0.0,0.0
8,8,0.0,0.0,0.0,0.0,0.0,0.0,0.0,0.0,1.0,0.0,0.0
8,8,0.0,0.0,0.0,0.0,0.0,0.0,0.0,0.0,1.0,0.0,0.0
8,8,0.0,0.0,0.0,0.0,0.0,0.0,0.0,0.0,1.0,0.0,0.0
8,8,0.0,0.0,0.0,0.0,0.0,0.0,0.0,0.0,1.0,0.0,0.0
8,8,0.0,0.0,0.0,0.0,0.0,0.0,0.0,0.0,1.0,0.0,0.0
8,8,0.0,0.0,0.0,0.0,0.0,0.0,0.0,0.0,1.0,0.0,0.0
8,8,0.0,0.0,0.0,0.0,0.0,0.0,0.0,0.0,1.0,0.0,0.0
8,8,0.0,0.0,0.0,0.0,0.0,0.0,0.0,0.0,1.0,0.0,0.0
8,8,0.0,0.0,0.0,0.0,0.0,0.0,0.0,0.0,1.0,0.0,0.0
8,8,0.0,0.0,0.0,0.0,0.0,0.0,0.0,0.0,1.0,0.0,0.0
8,8,0.0,0.0,0.0,0.0,0.0,0.0,0.0,0.0,1.0,0.0,0.0
8,8,0.0,0.0,0.0,0.0,0.0,0.0,0.0,0.0,1.0,0.0,0.0
8,8,0.0,0.0,0.0,0.0,0.0,0.0,0.0,0.0,1.0,0.0,0.0
8,8,0.0,0.0,0.0,0.0,0.0,0.0,0.0,0.0,1.0,0.0,0.0
8,8,0.0,0.0,0.0,0.0,0.0,0.0,0.0,0.0,1.0,0.0,0.0
8,8,0.0,0.0,0.0,0.0,0.0,0.0,0.0,0.0,1.0,0.0,0.0
8,8,0.0,0.0,0.0,0.0,0.0,0.0,0.0,0.0,1.0,0.0,0.0
8,8,0.0,0.0,0.0,0.0,0.0,0.0,0.0,0.0,1.0,0.0,0.0
8,8,0.0,0.0,0.0,0.0,0.0,0.0,0.0,0.0,1.0,0.0,0.0
8,8,0.0,0.0,0.0,0.0,0.0,0.0,0.0,0.0,1.0,0.0,0.0
8,8,0.0,0.0,0.0,0.0,0.0,0.0,0.0,0.0,1.0,0.0,0.0
8,8,0.0,0.0,0.0,0.0,0.0,0.0,0.0,0.0,1.0,0.0,0.0
8,8,0.0,0.0,0.0,0.0,0.0,0.0,0.0,0.0,1.0,0.0,0.0
8,8,0.0,0.0,0.0,0.0,0.0,0.0,0.0,0.0,1.0,0.0,0.0
8,8,0.0,0.0,0.0,0.0,0.0,0.0,0.0,0.0,1.0,0.0,0.0
8,8,0.0,0.0,0.0,0.0,0.0,0.0,0.0,0.0,1.0,0.0,0.0
8,8,0.0,0.0,0.0,0.0,0.0,0.0,0.0,0.0,1.0,0.0,0.0
8,8,0.0,0.0,0.0,0.0,0.0,0.0,0.0,0.0,1.0,0.0,0.0
8,8,0.0,0.0,0.0,0.0,0.0,0.0,0.0,0.0,1.0,0.0,0.0
8,8,0.0,0.0,0.0,0.0,0.0,0.0,0.0,0.0,1.0,0.0,0.0
8,8,0.0,0.0,0.0,0.0,0.0,0.0,0.0,0.0,1.0,0.0,0.0
8,8,0.0,0.0,0.0,0.0,0.0,0.0,0.0,0.0,1.0,0.0,0.0
8,8,0.0,0.0,0.0,0.0,0.0,0.0,0.0,0.0,1.0,0.0,0.0
8,8,0.0,0.0,0.0,0.0,0.0,0.0,0.0,0.0,1.0,0.0,0.0
8,8,0.0,0.0,0.0,0.0,0.0,0.0,0.0,0.0,1.0,0.0,0.0
8,8,0.0,0.0,0.0,0.0,0.0,0.0,0.0,0.0,1.0,0.0,0.0
8,8,0.0,0.0,0.0,0.0,0.0,0.0,0.0,0.0,1.0,0.0,0.0
8,8,0.0,0.0,0.0,0.0,0.0,0.0,0.0,0.0,1.0,0.0,0.0
8,8,0.0,0.0,0.0,0.0,0.0,0.0,0.0,0.0,1.0,0.0,0.0
8,8,0.0,0.0,0.0,0.0,0.0,0.0,0.0,0.0,1.0,0.0,0.0
8,8,0.0,0.0,0.0,0.0,0.0,0.0,0.0,0.0,1.0,0.0,0.0
8,8,0.0,0.0,0.0,0.0,0.0,0.0,0.0,0.0,1.0,0.0,0.0
8,8,0.0,0.0,0.0,0.0,0.0,0.0,0.0,0.0,1.0,0.0,0.0
8,8,0.0,0.0,0.0,0.0,0.0,0.0,0.0,0.0,1.0,0.0,0.0
8,8,0.0,0.0,0.0,0.0,0.0,0.0,0.0,0.0,1.0,0.0,0.0
8,8,0.0,0.0,0.0,0.0,0.0,0.0,0.0,0.0,1.0,0.0,0.0
8,8,0.0,0.0,0.0,0.0,0.0,0.0,0.0,0.0,1.0,0.0,0.0
8,8,0.0,0.0,0.0,0.0,0.0,0.0,0.0,0.0,1.0,0.0,0.0
8,8,0.0,0.0,0.0,0.0,0.0,0.0,0.0,0.0,1.0,0.0,0.0
8,8,0.0,0.0,0.0,0.0,0.0,0.0,0.0,0.0,1.0,0.0,0.0
8,8,0.0,0.0,0.0,0.0,0.0,0.0,0.0,0.0,1.0,0.0,0.0
8,8,0.0,0.0,0.0,0.0,0.0,0.0,0.0,0.0,1.0,0.0,0.0
8,8,0.0,0.0,0.0,0.0,0.0,0.0,0.0,0.0,1.0,0.0,0.0
8,8,0.0,0.0,0.0,0.0,0.0,0.0,0.0,0.0,1.0,0.0,0.0
8,8,0.0,0.0,0.0,0.0,0.0,0.0,0.0,0.0,1.0,0.0,0.0
8,8,0.0,0.0,0.0,0.0,0.0,0.0,0.0,0.0,1.0,0.0,0.0
8,8,0.0,0.0,0.0,0.0,0.0,0.0,0.0,0.0,1.0,0.0,0.0
8,8,0.0,0.0,0.0,0.0,0.0,0.0,0.0,0.0,1.0,0.0,0.0
8,8,0.0,0.0,0.0,0.0,0.0,0.0,0.0,0.0,1.0,0.0,0.0
8,8,0.0,0.0,0.0,0.0,0.0,0.0,0.0,0.0,1.0,0.0,0.0
8,8,0.0,0.0,0.0,0.0,0.0,0.0,0.0,0.0,1.0,0.0,0.0
8,8,0.0,0.0,0.0,0.0,0.0,0.0,0.0,0.0,1.0,0.0,0.0
8,8,0.0,0.0,0.0,0.0,0.0,0.0,0.0,0.0,1.0,0.0,0.0
8,8,0.0,0.0,0.0,0.0,0.0,0.0,0.0,0.0,1.0,0.0,0.0
8,8,0.0,0.0,0.0,0.0,0.0,0.0,0.0,0.0,1.0,0.0,0.0
8,8,0.0,0.0,0.0,0.0,0.0,0.0,0.0,0.0,1.0,0.0,0.0
8,8,0.0,0.0,0.0,0.0,0.0,0.0,0.0,0.0,1.0,0.0,0.0
8,8,0.0,0.0,0.0,0.0,0.0,0.0,0.0,0.0,1.0,0.0,0.0
8,8,0.0,0.0,0.0,0.0,0.0,0.0,0.0,0.0,1.0,0.0,0.0
8,8,0.0,0.0,0.0,0.0,0.0,0.0,0.0,0.0,1.0,0.0,0.0
8,8,0.0,0.0,0.0,0.0,0.0,0.0,0.0,0.0,1.0,0.0,0.0
8,8,0.0,0.0,0.0,0.0,0.0,0.0,0.0,0.0,1.0,0.0,0.0
8,8,0.0,0.0,0.0,0.0,0.0,0.0,0.0,0.0,1.0,0.0,0.0
8,8,0.0,0.0,0.0,0.0,0.0,0.0,0.0,0.0,1.0,0.0,0.0
8,8,0.0,0.0,0.0,0.0,0.0,0.0,0.0,0.0,1.0,0.0,0.0
8,8,0.0,0.0,0.0,0.0,0.0,0.0,0.0,0.0,1.0,0.0,0.0
8,8,0.0,0.0,0.0,0.0,0.0,0.0,0.0,0.0,1.0,0.0,0.0
8,8,0.0,0.0,0.0,0.0,0.0,0.0,0.0,0.0,1.0,0.0,0.0
8,8,0.0,0.0,0.0,0.0,0.0,0.0,0.0,0.0,1.0,0.0,0.0
8,8,0.0,0.0,0.0,0.0,0.0,0.0,0.0,0.0,1.0,0.0,0.0
8,8,0.0,0.0,0.0,0.0,0.0,0.0,0.0,0.0,1.0,0.0,0.0
8,8,0.0,0.0,0.0,0.0,0.0,0.0,0.0,0.0,1.0,0.0,0.0
8,8,0.0,0.0,0.0,0.0,0.0,0.0,0.0,0.0,1.0,0.0,0.0
8,8,0.0,0.0,0.0,0.0,0.0,0.0,0.0,0.0,1.0,0.0,0.0
8,8,0.0,0.0,0.0,0.0,0.0,0.0,0.0,0.0,1.0,0.0,0.0
8,8,0.0,0.0,0.0,0.0,0.0,0.0,0.0,0.0,1.0,0.0,0.0
8,8,0.0,0.0,0.0,0.0,0.0,0.0,0.0,0.0,1.0,0.0,0.0
8,8,0.0,0.0,0.0,0.0,0.0,0.0,0.0,0.0,1.0,0.0,0.0
8,8,0.0,0.0,0.0,0.0,0.0,0.0,0.0,0.0,1.0,0.0,0.0
8,8,0.0,0.0,0.0,0.0,0.0,0.0,0.0,0.0,1.0,0.0,0.0
8,8,0.0,0.0,0.0,0.0,0.0,0.0,0.0,0.0,1.0,0.0,0.0
8,8,0.0,0.0,0.0,0.0,0.0,0.0,0.0,0.0,1.0,0.0,0.0
8,8,0.0,0.0,0.0,0.0,0.0,0.0,0.0,0.0,1.0,0.0,0.0
8,8,0.0,0.0,0.0,0.0,0.0,0.0,0.0,0.0,1.0,0.0,0.0
8,8,0.0,0.0,0.0,0.0,0.0,0.0,0.0,0.0,1.0,0.0,0.0
8,8,0.0,0.0,0.0,0.0,0.0,0.0,0.0,0.0,1.0,0.0,0.0
8,8,0.0,0.0,0.0,0.0,0.0,0.0,0.0,0.0,1.0,0.0,0.0
8,8,0.0,0.0,0.0,0.0,0.0,0.0,0.0,0.0,1.0,0.0,0.0
8,8,0.0,0.0,0.0,0.0,0.0,0.0,0.0,0.0,1.0,0.0,0.0
8,8,0.0,0.0,0.0,0.0,0.0,0.0,0.0,0.0,1.0,0.0,0.0
8,8,0.0,0.0,0.0,0.0,0.0,0.0,0.0,0.0,1.0,0.0,0.0
8,8,0.0,0.0,0.0,0.0,0.0,0.0,0.0,0.0,1.0,0.0,0.0
8,8,0.0,0.0,0.0,0.0,0.0,0.0,0.0,0.0,1.0,0.0,0.0
8,8,0.0,0.0,0.0,0.0,0.0,0.0,0.0,0.0,1.0,0.0,0.0
8,8,0.0,0.0,0.0,0.0,0.0,0.0,0.0,0.0,1.0,0.0,0.0
8,8,0.0,0.0,0.0,0.0,0.0,0.0,0.0,0.0,1.0,0.0,0.0
8,8,0.0,0.0,0.0,0.0,0.0,0.0,0.0,0.0,1.0,0.0,0.0
8,8,0.0,0.0,0.0,0.0,0.0,0.0,0.0,0.0,1.0,0.0,0.0
8,8,0.0,0.0,0.0,0.0,0.0,0.0,0.0,0.0,1.0,0.0,0.0
8,8,0.0,0.0,0.0,0.0,0.0,0.0,0.0,0.0,1.0,0.0,0.0
8,8,0.0,0.0,0.0,0.0,0.0,0.0,0.0,0.0,1.0,0.0,0.0
8,8,0.0,0.0,0.0,0.0,0.0,0.0,0.0,0.0,1.0,0.0,0.0
8,8,0.0,0.0,0.0,0.0,0.0,0.0,0.0,0.0,1.0,0.0,0.0
8,8,0.0,0.0,0.0,0.0,0.0,0.0,0.0,0.0,1.0,0.0,0.0
8,8,0.0,0.0,0.0,0.0,0.0,0.0,0.0,0.0,1.0,0.0,0.0
8,8,0.0,0.0,0.0,0.0,0.0,0.0,0.0,0.0,1.0,0.0,0.0
8,8,0.0,0.0,0.0,0.0,0.0,0.0,0.0,0.0,1.0,0.0,0.0
8,8,0.0,0.0,0.0,0.0,0.0,0.0,0.0,0.0,1.0,0.0,0.0
8,8,0.0,0.0,0.0,0.0,0.0,0.0,0.0,0.0,1.0,0.0,0.0
8,8,0.0,0.0,0.0,0.0,0.0,0.0,0.0,0.0,1.0,0.0,0.0
8,8,0.0,0.0,0.0,0.0,0.0,0.0,0.0,0.0,1.0,0.0,0.0
8,8,0.0,0.0,0.0,0.0,0.0,0.0,0.0,0.0,1.0,0.0,0.0
8,8,0.0,0.0,0.0,0.0,0.0,0.0,0.0,0.0,1.0,0.0,0.0
8,8,0.0,0.0,0.0,0.0,0.0,0.0,0.0,0.0,1.0,0.0,0.0
8,8,0.0,0.0,0.0,0.0,0.0,0.0,0.0,0.0,1.0,0.0,0.0
8,8,0.0,0.0,0.0,0.0,0.0,0.0,0.0,0.0,1.0,0.0,0.0
8,8,0.0,0.0,0.0,0.0,0.0,0.0,0.0,0.0,1.0,0.0,0.0
8,8,0.0,0.0,0.0,0.0,0.0,0.0,0.0,0.0,1.0,0.0,0.0
8,8,0.0,0.0,0.0,0.0,0.0,0.0,0.0,0.0,1.0,0.0,0.0
8,8,0.0,0.0,0.0,0.0,0.0,0.0,0.0,0.0,1.0,0.0,0.0
8,8,0.0,0.0,0.0,0.0,0.0,0.0,0.0,0.0,1.0,0.0,0.0
8,8,0.0,0.0,0.0,0.0,0.0,0.0,0.0,0.0,1.0,0.0,0.0
8,8,0.0,0.0,0.0,0.0,0.0,0.0,0.0,0.0,1.0,0.0,0.0
8,8,0.0,0.0,0.0,0.0,0.0,0.0,0.0,0.0,1.0,0.0,0.0
8,8,0.0,0.0,0.0,0.0,0.0,0.0,0.0,0.0,1.0,0.0,0.0
8,8,0.0,0.0,0.0,0.0,0.0,0.0,0.0,0.0,1.0,0.0,0.0
8,8,0.0,0.0,0.0,0.0,0.0,0.0,0.0,0.0,1.0,0.0,0.0
8,8,0.0,0.0,0.0,0.0,0.0,0.0,0.0,0.0,1.0,0.0,0.0
8,8,0.0,0.0,0.0,0.0,0.0,0.0,0.0,0.0,1.0,0.0,0.0
8,8,0.0,0.0,0.0,0.0,0.0,0.0,0.0,0.0,1.0,0.0,0.0
8,8,0.0,0.0,0.0,0.0,0.0,0.0,0.0,0.0,1.0,0.0,0.0
8,8,0.0,0.0,0.0,0.0,0.0,0.0,0.0,0.0,1.0,0.0,0.0
8,8,0.0,0.0,0.0,0.0,0.0,0.0,0.0,0.0,1.0,0.0,0.0
8,8,0.0,0.0,0.0,0.0,0.0,0.0,0.0,0.0,1.0,0.0,0.0
8,8,0.0,0.0,0.0,0.0,0.0,0.0,0.0,0.0,1.0,0.0,0.0
8,8,0.0,0.0,0.0,0.0,0.0,0.0,0.0,0.0,1.0,0.0,0.0
8,8,0.0,0.0,0.0,0.0,0.0,0.0,0.0,0.0,1.0,0.0,0.0
8,8,0.0,0.0,0.0,0.0,0.0,0.0,0.0,0.0,1.0,0.0,0.0
8,8,0.0,0.0,0.0,0.0,0.0,0.0,0.0,0.0,1.0,0.0,0.0
8,8,0.0,0.0,0.0,0.0,0.0,0.0,0.0,0.0,1.0,0.0,0.0
8,8,0.0,0.0,0.0,0.0,0.0,0.0,0.0,0.0,1.0,0.0,0.0
8,8,0.0,0.0,0.0,0.0,0.0,0.0,0.0,0.0,1.0,0.0,0.0
8,8,0.0,0.0,0.0,0.0,0.0,0.0,0.0,0.0,1.0,0.0,0.0
8,8,0.0,0.0,0.0,0.0,0.0,0.0,0.0,0.0,1.0,0.0,0.0
8,8,0.0,0.0,0.0,0.0,0.0,0.0,0.0,0.0,1.0,0.0,0.0
8,8,0.0,0.0,0.0,0.0,0.0,0.0,0.0,0.0,1.0,0.0,0.0
8,8,0.0,0.0,0.0,0.0,0.0,0.0,0.0,0.0,1.0,0.0,0.0
8,8,0.0,0.0,0.0,0.0,0.0,0.0,0.0,0.0,1.0,0.0,0.0
8,8,0.0,0.0,0.0,0.0,0.0,0.0,0.0,0.0,1.0,0.0,0.0
8,8,0.0,0.0,0.0,0.0,0.0,0.0,0.0,0.0,1.0,0.0,0.0
8,8,0.0,0.0,0.0,0.0,0.0,0.0,0.0,0.0,1.0,0.0,0.0
8,8,0.0,0.0,0.0,0.0,0.0,0.0,0.0,0.0,1.0,0.0,0.0
8,8,0.0,0.0,0.0,0.0,0.0,0.0,0.0,0.0,1.0,0.0,0.0
8,8,0.0,0.0,0.0,0.0,0.0,0.0,0.0,0.0,1.0,0.0,0.0
8,8,0.0,0.0,0.0,0.0,0.0,0.0,0.0,0.0,1.0,0.0,0.0
8,8,0.0,0.0,0.0,0.0,0.0,0.0,0.0,0.0,1.0,0.0,0.0
8,8,0.0,0.0,0.0,0.0,0.0,0.0,0.0,0.0,1.0,0.0,0.0
8,8,0.0,0.0,0.0,0.0,0.0,0.0,0.0,0.0,1.0,0.0,0.0
8,8,0.0,0.0,0.0,0.0,0.0,0.0,0.0,0.0,1.0,0.0,0.0
8,8,0.0,0.0,0.0,0.0,0.0,0.0,0.0,0.0,1.0,0.0,0.0
8,8,0.0,0.0,0.0,0.0,0.0,0.0,0.0,0.0,1.0,0.0,0.0
8,8,0.0,0.0,0.0,0.0,0.0,0.0,0.0,0.0,1.0,0.0,0.0
8,8,0.0,0.0,0.0,0.0,0.0,0.0,0.0,0.0,1.0,0.0,0.0
8,8,0.0,0.0,0.0,0.0,0.0,0.0,0.0,0.0,1.0,0.0,0.0
8,8,0.0,0.0,0.0,0.0,0.0,0.0,0.0,0.0,1.0,0.0,0.0
8,8,0.0,0.0,0.0,0.0,0.0,0.0,0.0,0.0,1.0,0.0,0.0
8,8,0.0,0.0,0.0,0.0,0.0,0.0,0.0,0.0,1.0,0.0,0.0
8,8,0.0,0.0,0.0,0.0,0.0,0.0,0.0,0.0,1.0,0.0,0.0
8,8,0.0,0.0,0.0,0.0,0.0,0.0,0.0,0.0,1.0,0.0,0.0
8,8,0.0,0.0,0.0,0.0,0.0,0.0,0.0,0.0,1.0,0.0,0.0
8,8,0.0,0.0,0.0,0.0,0.0,0.0,0.0,0.0,1.0,0.0,0.0
8,8,0.0,0.0,0.0,0.0,0.0,0.0,0.0,0.0,1.0,0.0,0.0
8,8,0.0,0.0,0.0,0.0,0.0,0.0,0.0,0.0,1.0,0.0,0.0
8,8,0.0,0.0,0.0,0.0,0.0,0.0,0.0,0.0,1.0,0.0,0.0
8,8,0.0,0.0,0.0,0.0,0.0,0.0,0.0,0.0,1.0,0.0,0.0
8,8,0.0,0.0,0.0,0.0,0.0,0.0,0.0,0.0,1.0,0.0,0.0
8,8,0.0,0.0,0.0,0.0,0.0,0.0,0.0,0.0,1.0,0.0,0.0
8,8,0.0,0.0,0.0,0.0,0.0,0.0,0.0,0.0,1.0,0.0,0.0
8,8,0.0,0.0,0.0,0.0,0.0,0.0,0.0,0.0,1.0,0.0,0.0
8,8,0.0,0.0,0.0,0.0,0.0,0.0,0.0,0.0,1.0,0.0,0.0
8,8,0.0,0.0,0.0,0.0,0.0,0.0,0.0,0.0,1.0,0.0,0.0
8,8,0.0,0.0,0.0,0.0,0.0,0.0,0.0,0.0,1.0,0.0,0.0
8,8,0.0,0.0,0.0,0.0,0.0,0.0,0.0,0.0,1.0,0.0,0.0
8,8,0.0,0.0,0.0,0.0,0.0,0.0,0.0,0.0,1.0,0.0,0.0
8,8,0.0,0.0,0.0,0.0,0.0,0.0,0.0,0.0,1.0,0.0,0.0
8,8,0.0,0.0,0.0,0.0,0.0,0.0,0.0,0.0,1.0,0.0,0.0
8,8,0.0,0.0,0.0,0.0,0.0,0.0,0.0,0.0,1.0,0.0,0.0
8,8,0.0,0.0,0.0,0.0,0.0,0.0,0.0,0.0,1.0,0.0,0.0
8,8,0.0,0.0,0.0,0.0,0.0,0.0,0.0,0.0,1.0,0.0,0.0
8,8,0.0,0.0,0.0,0.0,0.0,0.0,0.0,0.0,1.0,0.0,0.0
8,8,0.0,0.0,0.0,0.0,0.0,0.0,0.0,0.0,1.0,0.0,0.0
8,8,0.0,0.0,0.0,0.0,0.0,0.0,0.0,0.0,1.0,0.0,0.0
8,8,0.0,0.0,0.0,0.0,0.0,0.0,0.0,0.0,1.0,0.0,0.0
8,8,0.0,0.0,0.0,0.0,0.0,0.0,0.0,0.0,1.0,0.0,0.0
8,8,0.0,0.0,0.0,0.0,0.0,0.0,0.0,0.0,1.0,0.0,0.0
8,8,0.0,0.0,0.0,0.0,0.0,0.0,0.0,0.0,1.0,0.0,0.0
8,8,0.0,0.0,0.0,0.0,0.0,0.0,0.0,0.0,1.0,0.0,0.0
8,8,0.0,0.0,0.0,0.0,0.0,0.0,0.0,0.0,1.0,0.0,0.0
8,8,0.0,0.0,0.0,0.0,0.0,0.0,0.0,0.0,1.0,0.0,0.0
8,8,0.0,0.0,0.0,0.0,0.0,0.0,0.0,0.0,1.0,0.0,0.0
8,8,0.0,0.0,0.0,0.0,0.0,0.0,0.0,0.0,1.0,0.0,0.0
8,8,0.0,0.0,0.0,0.0,0.0,0.0,0.0,0.0,1.0,0.0,0.0
8,8,0.0,0.0,0.0,0.0,0.0,0.0,0.0,0.0,1.0,0.0,0.0
8,8,0.0,0.0,0.0,0.0,0.0,0.0,0.0,0.0,1.0,0.0,0.0
8,8,0.0,0.0,0.0,0.0,0.0,0.0,0.0,0.0,1.0,0.0,0.0
8,8,0.0,0.0,0.0,0.0,0.0,0.0,0.0,0.0,1.0,0.0,0.0
8,8,0.0,0.0,0.0,0.0,0.0,0.0,0.0,0.0,1.0,0.0,0.0
8,8,0.0,0.0,0.0,0.0,0.0,0.0,0.0,0.0,1.0,0.0,0.0
8,8,0.0,0.0,0.0,0.0,0.0,0.0,0.0,0.0,1.0,0.0,0.0
8,8,0.0,0.0,0.0,0.0,0.0,0.0,0.0,0.0,1.0,0.0,0.0
8,8,0.0,0.0,0.0,0.0,0.0,0.0,0.0,0.0,1.0,0.0,0.0
8,8,0.0,0.0,0.0,0.0,0.0,0.0,0.0,0.0,1.0,0.0,0.0
8,8,0.0,0.0,0.0,0.0,0.0,0.0,0.0,0.0,1.0,0.0,0.0
8,8,0.0,0.0,0.0,0.0,0.0,0.0,0.0,0.0,1.0,0.0,0.0
8,8,0.0,0.0,0.0,0.0,0.0,0.0,0.0,0.0,1.0,0.0,0.0
8,8,0.0,0.0,0.0,0.0,0.0,0.0,0.0,0.0,1.0,0.0,0.0
8,8,0.0,0.0,0.0,0.0,0.0,0.0,0.0,0.0,1.0,0.0,0.0
8,8,0.0,0.0,0.0,0.0,0.0,0.0,0.0,0.0,1.0,0.0,0.0
8,8,0.0,0.0,0.0,0.0,0.0,0.0,0.0,0.0,1.0,0.0,0.0
8,8,0.0,0.0,0.0,0.0,0.0,0.0,0.0,0.0,1.0,0.0,0.0
8,8,0.0,0.0,0.0,0.0,0.0,0.0,0.0,0.0,1.0,0.0,0.0
8,8,0.0,0.0,0.0,0.0,0.0,0.0,0.0,0.0,1.0,0.0,0.0
8,8,0.0,0.0,0.0,0.0,0.0,0.0,0.0,0.0,1.0,0.0,0.0
8,8,0.0,0.0,0.0,0.0,0.0,0.0,0.0,0.0,1.0,0.0,0.0
8,8,0.0,0.0,0.0,0.0,0.0,0.0,0.0,0.0,1.0,0.0,0.0
8,8,0.0,0.0,0.0,0.0,0.0,0.0,0.0,0.0,1.0,0.0,0.0
8,8,0.0,0.0,0.0,0.0,0.0,0.0,0.0,0.0,1.0,0.0,0.0
8,8,0.0,0.0,0.0,0.0,0.0,0.0,0.0,0.0,1.0,0.0,0.0
8,8,0.0,0.0,0.0,0.0,0.0,0.0,0.0,0.0,1.0,0.0,0.0
8,8,0.0,0.0,0.0,0.0,0.0,0.0,0.0,0.0,1.0,0.0,0.0
8,8,0.0,0.0,0.0,0.0,0.0,0.0,0.0,0.0,1.0,0.0,0.0
8,8,0.0,0.0,0.0,0.0,0.0,0.0,0.0,0.0,1.0,0.0,0.0
8,8,0.0,0.0,0.0,0.0,0.0,0.0,0.0,0.0,1.0,0.0,0.0
8,8,0.0,0.0,0.0,0.0,0.0,0.0,0.0,0.0,1.0,0.0,0.0
8,8,0.0,0.0,0.0,0.0,0.0,0.0,0.0,0.0,1.0,0.0,0.0
8,8,0.0,0.0,0.0,0.0,0.0,0.0,0.0,0.0,1.0,0.0,0.0
8,8,0.0,0.0,0.0,0.0,0.0,0.0,0.0,0.0,1.0,0.0,0.0
8,8,0.0,0.0,0.0,0.0,0.0,0.0,0.0,0.0,1.0,0.0,0.0
8,8,0.0,0.0,0.0,0.0,0.0,0.0,0.0,0.0,1.0,0.0,0.0
8,8,0.0,0.0,0.0,0.0,0.0,0.0,0.0,0.0,1.0,0.0,0.0
8,8,0.0,0.0,0.0,0.0,0.0,0.0,0.0,0.0,1.0,0.0,0.0
8,8,0.0,0.0,0.0,0.0,0.0,0.0,0.0,0.0,1.0,0.0,0.0
8,8,0.0,0.0,0.0,0.0,0.0,0.0,0.0,0.0,1.0,0.0,0.0
8,8,0.0,0.0,0.0,0.0,0.0,0.0,0.0,0.0,1.0,0.0,0.0
8,8,0.0,0.0,0.0,0.0,0.0,0.0,0.0,0.0,1.0,0.0,0.0
8,8,0.0,0.0,0.0,0.0,0.0,0.0,0.0,0.0,1.0,0.0,0.0
8,8,0.0,0.0,0.0,0.0,0.0,0.0,0.0,0.0,1.0,0.0,0.0
8,8,0.0,0.0,0.0,0.0,0.0,0.0,0.0,0.0,1.0,0.0,0.0
8,8,0.0,0.0,0.0,0.0,0.0,0.0,0.0,0.0,1.0,0.0,0.0
8,8,0.0,0.0,0.0,0.0,0.0,0.0,0.0,0.0,1.0,0.0,0.0
8,8,0.0,0.0,0.0,0.0,0.0,0.0,0.0,0.0,1.0,0.0,0.0
8,8,0.0,0.0,0.0,0.0,0.0,0.0,0.0,0.0,1.0,0.0,0.0
8,8,0.0,0.0,0.0,0.0,0.0,0.0,0.0,0.0,1.0,0.0,0.0
8,8,0.0,0.0,0.0,0.0,0.0,0.0,0.0,0.0,1.0,0.0,0.0
8,8,0.0,0.0,0.0,0.0,0.0,0.0,0.0,0.0,1.0,0.0,0.0
8,8,0.0,0.0,0.0,0.0,0.0,0.0,0.0,0.0,1.0,0.0,0.0
8,8,0.0,0.0,0.0,0.0,0.0,0.0,0.0,0.0,1.0,0.0,0.0
8,8,0.0,0.0,0.0,0.0,0.0,0.0,0.0,0.0,1.0,0.0,0.0
8,8,0.0,0.0,0.0,0.0,0.0,0.0,0.0,0.0,1.0,0.0,0.0
8,8,0.0,0.0,0.0,0.0,0.0,0.0,0.0,0.0,1.0,0.0,0.0
8,8,0.0,0.0,0.0,0.0,0.0,0.0,0.0,0.0,1.0,0.0,0.0
8,8,0.0,0.0,0.0,0.0,0.0,0.0,0.0,0.0,1.0,0.0,0.0
8,8,0.0,0.0,0.0,0.0,0.0,0.0,0.0,0.0,1.0,0.0,0.0
8,8,0.0,0.0,0.0,0.0,0.0,0.0,0.0,0.0,1.0,0.0,0.0
8,8,0.0,0.0,0.0,0.0,0.0,0.0,0.0,0.0,1.0,0.0,0.0
8,8,0.0,0.0,0.0,0.0,0.0,0.0,0.0,0.0,1.0,0.0,0.0
8,8,0.0,0.0,0.0,0.0,0.0,0.0,0.0,0.0,1.0,0.0,0.0
8,8,0.0,0.0,0.0,0.0,0.0,0.0,0.0,0.0,1.0,0.0,0.0
8,8,0.0,0.0,0.0,0.0,0.0,0.0,0.0,0.0,1.0,0.0,0.0
8,8,0.0,0.0,0.0,0.0,0.0,0.0,0.0,0.0,1.0,0.0,0.0
8,8,0.0,0.0,0.0,0.0,0.0,0.0,0.0,0.0,1.0,0.0,0.0
8,8,0.0,0.0,0.0,0.0,0.0,0.0,0.0,0.0,1.0,0.0,0.0
8,8,0.0,0.0,0.0,0.0,0.0,0.0,0.0,0.0,1.0,0.0,0.0
8,8,0.0,0.0,0.0,0.0,0.0,0.0,0.0,0.0,1.0,0.0,0.0
8,8,0.0,0.0,0.0,0.0,0.0,0.0,0.0,0.0,1.0,0.0,0.0
8,8,0.0,0.0,0.0,0.0,0.0,0.0,0.0,0.0,1.0,0.0,0.0
8,8,0.0,0.0,0.0,0.0,0.0,0.0,0.0,0.0,1.0,0.0,0.0
8,8,0.0,0.0,0.0,0.0,0.0,0.0,0.0,0.0,1.0,0.0,0.0
8,8,0.0,0.0,0.0,0.0,0.0,0.0,0.0,0.0,1.0,0.0,0.0
8,8,0.0,0.0,0.0,0.0,0.0,0.0,0.0,0.0,1.0,0.0,0.0
8,8,0.0,0.0,0.0,0.0,0.0,0.0,0.0,0.0,1.0,0.0,0.0
8,8,0.0,0.0,0.0,0.0,0.0,0.0,0.0,0.0,1.0,0.0,0.0
8,8,0.0,0.0,0.0,0.0,0.0,0.0,0.0,0.0,1.0,0.0,0.0
8,8,0.0,0.0,0.0,0.0,0.0,0.0,0.0,0.0,1.0,0.0,0.0
8,8,0.0,0.0,0.0,0.0,0.0,0.0,0.0,0.0,1.0,0.0,0.0
8,8,0.0,0.0,0.0,0.0,0.0,0.0,0.0,0.0,1.0,0.0,0.0
8,8,0.0,0.0,0.0,0.0,0.0,0.0,0.0,0.0,1.0,0.0,0.0
8,8,0.0,0.0,0.0,0.0,0.0,0.0,0.0,0.0,1.0,0.0,0.0
8,8,0.0,0.0,0.0,0.0,0.0,0.0,0.0,0.0,1.0,0.0,0.0
8,8,0.0,0.0,0.0,0.0,0.0,0.0,0.0,0.0,1.0,0.0,0.0
8,8,0.0,0.0,0.0,0.0,0.0,0.0,0.0,0.0,1.0,0.0,0.0
8,8,0.0,0.0,0.0,0.0,0.0,0.0,0.0,0.0,1.0,0.0,0.0
8,8,0.0,0.0,0.0,0.0,0.0,0.0,0.0,0.0,1.0,0.0,0.0
8,8,0.0,0.0,0.0,0.0,0.0,0.0,0.0,0.0,1.0,0.0,0.0
8,8,0.0,0.0,0.0,0.0,0.0,0.0,0.0,0.0,1.0,0.0,0.0
8,8,0.0,0.0,0.0,0.0,0.0,0.0,0.0,0.0,1.0,0.0,0.0
8,8,0.0,0.0,0.0,0.0,0.0,0.0,0.0,0.0,1.0,0.0,0.0
8,8,0.0,0.0,0.0,0.0,0.0,0.0,0.0,0.0,1.0,0.0,0.0
8,8,0.0,0.0,0.0,0.0,0.0,0.0,0.0,0.0,1.0,0.0,0.0
8,8,0.0,0.0,0.0,0.0,0.0,0.0,0.0,0.0,1.0,0.0,0.0
8,8,0.0,0.0,0.0,0.0,0.0,0.0,0.0,0.0,1.0,0.0,0.0
8,8,0.0,0.0,0.0,0.0,0.0,0.0,0.0,0.0,1.0,0.0,0.0
8,8,0.0,0.0,0.0,0.0,0.0,0.0,0.0,0.0,1.0,0.0,0.0
8,8,0.0,0.0,0.0,0.0,0.0,0.0,0.0,0.0,1.0,0.0,0.0
8,8,0.0,0.0,0.0,0.0,0.0,0.0,0.0,0.0,1.0,0.0,0.0
8,8,0.0,0.0,0.0,0.0,0.0,0.0,0.0,0.0,1.0,0.0,0.0
8,8,0.0,0.0,0.0,0.0,0.0,0.0,0.0,0.0,1.0,0.0,0.0
8,8,0.0,0.0,0.0,0.0,0.0,0.0,0.0,0.0,1.0,0.0,0.0
8,8,0.0,0.0,0.0,0.0,0.0,0.0,0.0,0.0,1.0,0.0,0.0
8,8,0.0,0.0,0.0,0.0,0.0,0.0,0.0,0.0,1.0,0.0,0.0
8,8,0.0,0.0,0.0,0.0,0.0,0.0,0.0,0.0,1.0,0.0,0.0
8,8,0.0,0.0,0.0,0.0,0.0,0.0,0.0,0.0,1.0,0.0,0.0
8,8,0.0,0.0,0.0,0.0,0.0,0.0,0.0,0.0,1.0,0.0,0.0
8,8,0.0,0.0,0.0,0.0,0.0,0.0,0.0,0.0,1.0,0.0,0.0
8,8,0.0,0.0,0.0,0.0,0.0,0.0,0.0,0.0,1.0,0.0,0.0
8,8,0.0,0.0,0.0,0.0,0.0,0.0,0.0,0.0,1.0,0.0,0.0
8,8,0.0,0.0,0.0,0.0,0.0,0.0,0.0,0.0,1.0,0.0,0.0
8,8,0.0,0.0,0.0,0.0,0.0,0.0,0.0,0.0,1.0,0.0,0.0
8,8,0.0,0.0,0.0,0.0,0.0,0.0,0.0,0.0,1.0,0.0,0.0
8,8,0.0,0.0,0.0,0.0,0.0,0.0,0.0,0.0,1.0,0.0,0.0
8,8,0.0,0.0,0.0,0.0,0.0,0.0,0.0,0.0,1.0,0.0,0.0
8,8,0.0,0.0,0.0,0.0,0.0,0.0,0.0,0.0,1.0,0.0,0.0
8,8,0.0,0.0,0.0,0.0,0.0,0.0,0.0,0.0,1.0,0.0,0.0
8,8,0.0,0.0,0.0,0.0,0.0,0.0,0.0,0.0,1.0,0.0,0.0
8,8,0.0,0.0,0.0,0.0,0.0,0.0,0.0,0.0,1.0,0.0,0.0
8,8,0.0,0.0,0.0,0.0,0.0,0.0,0.0,0.0,1.0,0.0,0.0
8,8,0.0,0.0,0.0,0.0,0.0,0.0,0.0,0.0,1.0,0.0,0.0
8,8,0.0,0.0,0.0,0.0,0.0,0.0,0.0,0.0,1.0,0.0,0.0
8,8,0.0,0.0,0.0,0.0,0.0,0.0,0.0,0.0,1.0,0.0,0.0
8,8,0.0,0.0,0.0,0.0,0.0,0.0,0.0,0.0,1.0,0.0,0.0
8,8,0.0,0.0,0.0,0.0,0.0,0.0,0.0,0.0,1.0,0.0,0.0
8,8,0.0,0.0,0.0,0.0,0.0,0.0,0.0,0.0,1.0,0.0,0.0
8,8,0.0,0.0,0.0,0.0,0.0,0.0,0.0,0.0,1.0,0.0,0.0
8,8,0.0,0.0,0.0,0.0,0.0,0.0,0.0,0.0,1.0,0.0,0.0
8,8,0.0,0.0,0.0,0.0,0.0,0.0,0.0,0.0,1.0,0.0,0.0
8,8,0.0,0.0,0.0,0.0,0.0,0.0,0.0,0.0,1.0,0.0,0.0
8,8,0.0,0.0,0.0,0.0,0.0,0.0,0.0,0.0,1.0,0.0,0.0
8,8,0.0,0.0,0.0,0.0,0.0,0.0,0.0,0.0,1.0,0.0,0.0
8,8,0.0,0.0,0.0,0.0,0.0,0.0,0.0,0.0,1.0,0.0,0.0
8,8,0.0,0.0,0.0,0.0,0.0,0.0,0.0,0.0,1.0,0.0,0.0
8,8,0.0,0.0,0.0,0.0,0.0,0.0,0.0,0.0,1.0,0.0,0.0
8,8,0.0,0.0,0.0,0.0,0.0,0.0,0.0,0.0,1.0,0.0,0.0
8,8,0.0,0.0,0.0,0.0,0.0,0.0,0.0,0.0,1.0,0.0,0.0
8,8,0.0,0.0,0.0,0.0,0.0,0.0,0.0,0.0,1.0,0.0,0.0
8,8,0.0,0.0,0.0,0.0,0.0,0.0,0.0,0.0,1.0,0.0,0.0
8,8,0.0,0.0,0.0,0.0,0.0,0.0,0.0,0.0,1.0,0.0,0.0
8,8,0.0,0.0,0.0,0.0,0.0,0.0,0.0,0.0,1.0,0.0,0.0
8,8,0.0,0.0,0.0,0.0,0.0,0.0,0.0,0.0,1.0,0.0,0.0
8,8,0.0,0.0,0.0,0.0,0.0,0.0,0.0,0.0,1.0,0.0,0.0
8,8,0.0,0.0,0.0,0.0,0.0,0.0,0.0,0.0,1.0,0.0,0.0
8,8,0.0,0.0,0.0,0.0,0.0,0.0,0.0,0.0,1.0,0.0,0.0
8,8,0.0,0.0,0.0,0.0,0.0,0.0,0.0,0.0,1.0,0.0,0.0
8,8,0.0,0.0,0.0,0.0,0.0,0.0,0.0,0.0,1.0,0.0,0.0
8,8,0.0,0.0,0.0,0.0,0.0,0.0,0.0,0.0,1.0,0.0,0.0
8,8,0.0,0.0,0.0,0.0,0.0,0.0,0.0,0.0,1.0,0.0,0.0
8,8,0.0,0.0,0.0,0.0,0.0,0.0,0.0,0.0,1.0,0.0,0.0
8,8,0.0,0.0,0.0,0.0,0.0,0.0,0.0,0.0,1.0,0.0,0.0
8,8,0.0,0.0,0.0,0.0,0.0,0.0,0.0,0.0,1.0,0.0,0.0
8,8,0.0,0.0,0.0,0.0,0.0,0.0,0.0,0.0,1.0,0.0,0.0
8,8,0.0,0.0,0.0,0.0,0.0,0.0,0.0,0.0,1.0,0.0,0.0
8,8,0.0,0.0,0.0,0.0,0.0,0.0,0.0,0.0,1.0,0.0,0.0
8,8,0.0,0.0,0.0,0.0,0.0,0.0,0.0,0.0,1.0,0.0,0.0
8,8,0.0,0.0,0.0,0.0,0.0,0.0,0.0,0.0,1.0,0.0,0.0
8,8,0.0,0.0,0.0,0.0,0.0,0.0,0.0,0.0,1.0,0.0,0.0
8,8,0.0,0.0,0.0,0.0,0.0,0.0,0.0,0.0,1.0,0.0,0.0
8,8,0.0,0.0,0.0,0.0,0.0,0.0,0.0,0.0,1.0,0.0,0.0
8,8,0.0,0.0,0.0,0.0,0.0,0.0,0.0,0.0,1.0,0.0,0.0
8,8,0.0,0.0,0.0,0.0,0.0,0.0,0.0,0.0,1.0,0.0,0.0
8,8,0.0,0.0,0.0,0.0,0.0,0.0,0.0,0.0,1.0,0.0,0.0
8,8,0.0,0.0,0.0,0.0,0.0,0.0,0.0,0.0,1.0,0.0,0.0
8,8,0.0,0.0,0.0,0.0,0.0,0.0,0.0,0.0,1.0,0.0,0.0
8,8,0.0,0.0,0.0,0.0,0.0,0.0,0.0,0.0,1.0,0.0,0.0
8,8,0.0,0.0,0.0,0.0,0.0,0.0,0.0,0.0,1.0,0.0,0.0
8,8,0.0,0.0,0.0,0.0,0.0,0.0,0.0,0.0,1.0,0.0,0.0
8,8,0.0,0.0,0.0,0.0,0.0,0.0,0.0,0.0,1.0,0.0,0.0
8,8,0.0,0.0,0.0,0.0,0.0,0.0,0.0,0.0,1.0,0.0,0.0
8,8,0.0,0.0,0.0,0.0,0.0,0.0,0.0,0.0,1.0,0.0,0.0
8,8,0.0,0.0,0.0,0.0,0.0,0.0,0.0,0.0,1.0,0.0,0.0
8,8,0.0,0.0,0.0,0.0,0.0,0.0,0.0,0.0,1.0,0.0,0.0
8,8,0.0,0.0,0.0,0.0,0.0,0.0,0.0,0.0,1.0,0.0,0.0
8,8,0.0,0.0,0.0,0.0,0.0,0.0,0.0,0.0,1.0,0.0,0.0
8,8,0.0,0.0,0.0,0.0,0.0,0.0,0.0,0.0,1.0,0.0,0.0
8,8,0.0,0.0,0.0,0.0,0.0,0.0,0.0,0.0,1.0,0.0,0.0
8,8,0.0,0.0,0.0,0.0,0.0,0.0,0.0,0.0,1.0,0.0,0.0
8,8,0.0,0.0,0.0,0.0,0.0,0.0,0.0,0.0,1.0,0.0,0.0
8,8,0.0,0.0,0.0,0.0,0.0,0.0,0.0,0.0,1.0,0.0,0.0
8,8,0.0,0.0,0.0,0.0,0.0,0.0,0.0,0.0,1.0,0.0,0.0
8,8,0.0,0.0,0.0,0.0,0.0,0.0,0.0,0.0,1.0,0.0,0.0
8,8,0.0,0.0,0.0,0.0,0.0,0.0,0.0,0.0,1.0,0.0,0.0
8,8,0.0,0.0,0.0,0.0,0.0,0.0,0.0,0.0,1.0,0.0,0.0
8,8,0.0,0.0,0.0,0.0,0.0,0.0,0.0,0.0,1.0,0.0,0.0
8,8,0.0,0.0,0.0,0.0,0.0,0.0,0.0,0.0,1.0,0.0,0.0
8,8,0.0,0.0,0.0,0.0,0.0,0.0,0.0,0.0,1.0,0.0,0.0
8,8,0.0,0.0,0.0,0.0,0.0,0.0,0.0,0.0,1.0,0.0,0.0
8,8,0.0,0.0,0.0,0.0,0.0,0.0,0.0,0.0,1.0,0.0,0.0
8,8,0.0,0.0,0.0,0.0,0.0,0.0,0.0,0.0,1.0,0.0,0.0
8,8,0.0,0.0,0.0,0.0,0.0,0.0,0.0,0.0,1.0,0.0,0.0
8,8,0.0,0.0,0.0,0.0,0.0,0.0,0.0,0.0,1.0,0.0,0.0
8,8,0.0,0.0,0.0,0.0,0.0,0.0,0.0,0.0,1.0,0.0,0.0
8,8,0.0,0.0,0.0,0.0,0.0,0.0,0.0,0.0,1.0,0.0,0.0
8,8,0.0,0.0,0.0,0.0,0.0,0.0,0.0,0.0,1.0,0.0,0.0
8,8,0.0,0.0,0.0,0.0,0.0,0.0,0.0,0.0,1.0,0.0,0.0
8,8,0.0,0.0,0.0,0.0,0.0,0.0,0.0,0.0,1.0,0.0,0.0
8,8,0.0,0.0,0.0,0.0,0.0,0.0,0.0,0.0,1.0,0.0,0.0
8,8,0.0,0.0,0.0,0.0,0.0,0.0,0.0,0.0,1.0,0.0,0.0
8,8,0.0,0.0,0.0,0.0,0.0,0.0,0.0,0.0,1.0,0.0,0.0
8,8,0.0,0.0,0.0,0.0,0.0,0.0,0.0,0.0,1.0,0.0,0.0
8,8,0.0,0.0,0.0,0.0,0.0,0.0,0.0,0.0,1.0,0.0,0.0
8,8,0.0,0.0,0.0,0.0,0.0,0.0,0.0,0.0,1.0,0.0,0.0
8,8,0.0,0.0,0.0,0.0,0.0,0.0,0.0,0.0,1.0,0.0,0.0
8,8,0.0,0.0,0.0,0.0,0.0,0.0,0.0,0.0,1.0,0.0,0.0
8,8,0.0,0.0,0.0,0.0,0.0,0.0,0.0,0.0,1.0,0.0,0.0
8,8,0.0,0.0,0.0,0.0,0.0,0.0,0.0,0.0,1.0,0.0,0.0
8,8,0.0,0.0,0.0,0.0,0.0,0.0,0.0,0.0,1.0,0.0,0.0
8,8,0.0,0.0,0.0,0.0,0.0,0.0,0.0,0.0,1.0,0.0,0.0
8,8,0.0,0.0,0.0,0.0,0.0,0.0,0.0,0.0,1.0,0.0,0.0
8,8,0.0,0.0,0.0,0.0,0.0,0.0,0.0,0.0,1.0,0.0,0.0
8,8,0.0,0.0,0.0,0.0,0.0,0.0,0.0,0.0,1.0,0.0,0.0
8,8,0.0,0.0,0.0,0.0,0.0,0.0,0.0,0.0,1.0,0.0,0.0
8,8,0.0,0.0,0.0,0.0,0.0,0.0,0.0,0.0,1.0,0.0,0.0
8,8,0.0,0.0,0.0,0.0,0.0,0.0,0.0,0.0,1.0,0.0,0.0
8,8,0.0,0.0,0.0,0.0,0.0,0.0,0.0,0.0,1.0,0.0,0.0
8,8,0.0,0.0,0.0,0.0,0.0,0.0,0.0,0.0,1.0,0.0,0.0
8,8,0.0,0.0,0.0,0.0,0.0,0.0,0.0,0.0,1.0,0.0,0.0
8,8,0.0,0.0,0.0,0.0,0.0,0.0,0.0,0.0,1.0,0.0,0.0
8,8,0.0,0.0,0.0,0.0,0.0,0.0,0.0,0.0,1.0,0.0,0.0
8,8,0.0,0.0,0.0,0.0,0.0,0.0,0.0,0.0,1.0,0.0,0.0
8,8,0.0,0.0,0.0,0.0,0.0,0.0,0.0,0.0,1.0,0.0,0.0
8,8,0.0,0.0,0.0,0.0,0.0,0.0,0.0,0.0,1.0,0.0,0.0
8,8,0.0,0.0,0.0,0.0,0.0,0.0,0.0,0.0,1.0,0.0,0.0
8,8,0.0,0.0,0.0,0.0,0.0,0.0,0.0,0.0,1.0,0.0,0.0
8,8,0.0,0.0,0.0,0.0,0.0,0.0,0.0,0.0,1.0,0.0,0.0
8,8,0.0,0.0,0.0,0.0,0.0,0.0,0.0,0.0,1.0,0.0,0.0
8,8,0.0,0.0,0.0,0.0,0.0,0.0,0.0,0.0,1.0,0.0,0.0
8,8,0.0,0.0,0.0,0.0,0.0,0.0,0.0,0.0,1.0,0.0,0.0
8,8,0.0,0.0,0.0,0.0,0.0,0.0,0.0,0.0,1.0,0.0,0.0
8,8,0.0,0.0,0.0,0.0,0.0,0.0,0.0,0.0,1.0,0.0,0.0
8,8,0.0,0.0,0.0,0.0,0.0,0.0,0.0,0.0,1.0,0.0,0.0
8,8,0.0,0.0,0.0,0.0,0.0,0.0,0.0,0.0,1.0,0.0,0.0
8,8,0.0,0.0,0.0,0.0,0.0,0.0,0.0,0.0,1.0,0.0,0.0
8,8,0.0,0.0,0.0,0.0,0.0,0.0,0.0,0.0,1.0,0.0,0.0
8,8,0.0,0.0,0.0,0.0,0.0,0.0,0.0,0.0,1.0,0.0,0.0
8,8,0.0,0.0,0.0,0.0,0.0,0.0,0.0,0.0,1.0,0.0,0.0
8,8,0.0,0.0,0.0,0.0,0.0,0.0,0.0,0.0,1.0,0.0,0.0
8,8,0.0,0.0,0.0,0.0,0.0,0.0,0.0,0.0,1.0,0.0,0.0
8,8,0.0,0.0,0.0,0.0,0.0,0.0,0.0,0.0,1.0,0.0,0.0
8,8,0.0,0.0,0.0,0.0,0.0,0.0,0.0,0.0,1.0,0.0,0.0
8,8,0.0,0.0,0.0,0.0,0.0,0.0,0.0,0.0,1.0,0.0,0.0
8,8,0.0,0.0,0.0,0.0,0.0,0.0,0.0,0.0,1.0,0.0,0.0
8,8,0.0,0.0,0.0,0.0,0.0,0.0,0.0,0.0,1.0,0.0,0.0
8,8,0.0,0.0,0.0,0.0,0.0,0.0,0.0,0.0,1.0,0.0,0.0
8,8,0.0,0.0,0.0,0.0,0.0,0.0,0.0,0.0,1.0,0.0,0.0
8,8,0.0,0.0,0.0,0.0,0.0,0.0,0.0,0.0,1.0,0.0,0.0
8,8,0.0,0.0,0.0,0.0,0.0,0.0,0.0,0.0,1.0,0.0,0.0
8,8,0.0,0.0,0.0,0.0,0.0,0.0,0.0,0.0,1.0,0.0,0.0
8,8,0.0,0.0,0.0,0.0,0.0,0.0,0.0,0.0,1.0,0.0,0.0
8,8,0.0,0.0,0.0,0.0,0.0,0.0,0.0,0.0,1.0,0.0,0.0
8,8,0.0,0.0,0.0,0.0,0.0,0.0,0.0,0.0,1.0,0.0,0.0
8,8,0.0,0.0,0.0,0.0,0.0,0.0,0.0,0.0,1.0,0.0,0.0
8,8,0.0,0.0,0.0,0.0,0.0,0.0,0.0,0.0,1.0,0.0,0.0
8,8,0.0,0.0,0.0,0.0,0.0,0.0,0.0,0.0,1.0,0.0,0.0
8,8,0.0,0.0,0.0,0.0,0.0,0.0,0.0,0.0,1.0,0.0,0.0
8,8,0.0,0.0,0.0,0.0,0.0,0.0,0.0,0.0,1.0,0.0,0.0
8,8,0.0,0.0,0.0,0.0,0.0,0.0,0.0,0.0,1.0,0.0,0.0
8,8,0.0,0.0,0.0,0.0,0.0,0.0,0.0,0.0,1.0,0.0,0.0
8,8,0.0,0.0,0.0,0.0,0.0,0.0,0.0,0.0,1.0,0.0,0.0
8,8,0.0,0.0,0.0,0.0,0.0,0.0,0.0,0.0,1.0,0.0,0.0
8,8,0.0,0.0,0.0,0.0,0.0,0.0,0.0,0.0,1.0,0.0,0.0
8,8,0.0,0.0,0.0,0.0,0.0,0.0,0.0,0.0,1.0,0.0,0.0
8,8,0.0,0.0,0.0,0.0,0.0,0.0,0.0,0.0,1.0,0.0,0.0
8,8,0.0,0.0,0.0,0.0,0.0,0.0,0.0,0.0,1.0,0.0,0.0
8,8,0.0,0.0,0.0,0.0,0.0,0.0,0.0,0.0,1.0,0.0,0.0
8,8,0.0,0.0,0.0,0.0,0.0,0.0,0.0,0.0,1.0,0.0,0.0
8,8,0.0,0.0,0.0,0.0,0.0,0.0,0.0,0.0,1.0,0.0,0.0
8,8,0.0,0.0,0.0,0.0,0.0,0.0,0.0,0.0,1.0,0.0,0.0
8,8,0.0,0.0,0.0,0.0,0.0,0.0,0.0,0.0,1.0,0.0,0.0
8,8,0.0,0.0,0.0,0.0,0.0,0.0,0.0,0.0,1.0,0.0,0.0
8,8,0.0,0.0,0.0,0.0,0.0,0.0,0.0,0.0,1.0,0.0,0.0
8,8,0.0,0.0,0.0,0.0,0.0,0.0,0.0,0.0,1.0,0.0,0.0
8,8,0.0,0.0,0.0,0.0,0.0,0.0,0.0,0.0,1.0,0.0,0.0
8,8,0.0,0.0,0.0,0.0,0.0,0.0,0.0,0.0,1.0,0.0,0.0
8,8,0.0,0.0,0.0,0.0,0.0,0.0,0.0,0.0,1.0,0.0,0.0
8,8,0.0,0.0,0.0,0.0,0.0,0.0,0.0,0.0,1.0,0.0,0.0
8,8,0.0,0.0,0.0,0.0,0.0,0.0,0.0,0.0,1.0,0.0,0.0
8,8,0.0,0.0,0.0,0.0,0.0,0.0,0.0,0.0,1.0,0.0,0.0
8,8,0.0,0.0,0.0,0.0,0.0,0.0,0.0,0.0,1.0,0.0,0.0
8,8,0.0,0.0,0.0,0.0,0.0,0.0,0.0,0.0,1.0,0.0,0.0
8,8,0.0,0.0,0.0,0.0,0.0,0.0,0.0,0.0,1.0,0.0,0.0
8,8,0.0,0.0,0.0,0.0,0.0,0.0,0.0,0.0,1.0,0.0,0.0
8,8,0.0,0.0,0.0,0.0,0.0,0.0,0.0,0.0,1.0,0.0,0.0
8,8,0.0,0.0,0.0,0.0,0.0,0.0,0.0,0.0,1.0,0.0,0.0
8,8,0.0,0.0,0.0,0.0,0.0,0.0,0.0,0.0,1.0,0.0,0.0
8,8,0.0,0.0,0.0,0.0,0.0,0.0,0.0,0.0,1.0,0.0,0.0
8,8,0.0,0.0,0.0,0.0,0.0,0.0,0.0,0.0,1.0,0.0,0.0
8,8,0.0,0.0,0.0,0.0,0.0,0.0,0.0,0.0,1.0,0.0,0.0
8,8,0.0,0.0,0.0,0.0,0.0,0.0,0.0,0.0,1.0,0.0,0.0
8,8,0.0,0.0,0.0,0.0,0.0,0.0,0.0,0.0,1.0,0.0,0.0
8,8,0.0,0.0,0.0,0.0,0.0,0.0,0.0,0.0,1.0,0.0,0.0
8,8,0.0,0.0,0.0,0.0,0.0,0.0,0.0,0.0,1.0,0.0,0.0
8,8,0.0,0.0,0.0,0.0,0.0,0.0,0.0,0.0,1.0,0.0,0.0
8,8,0.0,0.0,0.0,0.0,0.0,0.0,0.0,0.0,1.0,0.0,0.0
8,8,0.0,0.0,0.0,0.0,0.0,0.0,0.0,0.0,1.0,0.0,0.0
8,8,0.0,0.0,0.0,0.0,0.0,0.0,0.0,0.0,1.0,0.0,0.0
8,8,0.0,0.0,0.0,0.0,0.0,0.0,0.0,0.0,1.0,0.0,0.0
8,8,0.0,0.0,0.0,0.0,0.0,0.0,0.0,0.0,1.0,0.0,0.0
8,8,0.0,0.0,0.0,0.0,0.0,0.0,0.0,0.0,1.0,0.0,0.0
8,8,0.0,0.0,0.0,0.0,0.0,0.0,0.0,0.0,1.0,0.0,0.0
8,8,0.0,0.0,0.0,0.0,0.0,0.0,0.0,0.0,1.0,0.0,0.0
8,8,0.0,0.0,0.0,0.0,0.0,0.0,0.0,0.0,1.0,0.0,0.0
8,8,0.0,0.0,0.0,0.0,0.0,0.0,0.0,0.0,1.0,0.0,0.0
8,8,0.0,0.0,0.0,0.0,0.0,0.0,0.0,0.0,1.0,0.0,0.0
8,8,0.0,0.0,0.0,0.0,0.0,0.0,0.0,0.0,1.0,0.0,0.0
8,8,0.0,0.0,0.0,0.0,0.0,0.0,0.0,0.0,1.0,0.0,0.0
8,8,0.0,0.0,0.0,0.0,0.0,0.0,0.0,0.0,1.0,0.0,0.0
8,8,0.0,0.0,0.0,0.0,0.0,0.0,0.0,0.0,1.0,0.0,0.0
8,8,0.0,0.0,0.0,0.0,0.0,0.0,0.0,0.0,1.0,0.0,0.0
8,8,0.0,0.0,0.0,0.0,0.0,0.0,0.0,0.0,1.0,0.0,0.0
8,8,0.0,0.0,0.0,0.0,0.0,0.0,0.0,0.0,1.0,0.0,0.0
8,8,0.0,0.0,0.0,0.0,0.0,0.0,0.0,0.0,1.0,0.0,0.0
8,8,0.0,0.0,0.0,0.0,0.0,0.0,0.0,0.0,1.0,0.0,0.0
8,8,0.0,0.0,0.0,0.0,0.0,0.0,0.0,0.0,1.0,0.0,0.0
8,8,0.0,0.0,0.0,0.0,0.0,0.0,0.0,0.0,1.0,0.0,0.0
8,8,0.0,0.0,0.0,0.0,0.0,0.0,0.0,0.0,1.0,0.0,0.0
8,8,0.0,0.0,0.0,0.0,0.0,0.0,0.0,0.0,1.0,0.0,0.0
8,8,0.0,0.0,0.0,0.0,0.0,0.0,0.0,0.0,1.0,0.0,0.0
8,8,0.0,0.0,0.0,0.0,0.0,0.0,0.0,0.0,1.0,0.0,0.0
8,8,0.0,0.0,0.0,0.0,0.0,0.0,0.0,0.0,1.0,0.0,0.0
8,8,0.0,0.0,0.0,0.0,0.0,0.0,0.0,0.0,1.0,0.0,0.0
8,8,0.0,0.0,0.0,0.0,0.0,0.0,0.0,0.0,1.0,0.0,0.0
8,8,0.0,0.0,0.0,0.0,0.0,0.0,0.0,0.0,1.0,0.0,0.0
8,8,0.0,0.0,0.0,0.0,0.0,0.0,0.0,0.0,1.0,0.0,0.0
8,8,0.0,0.0,0.0,0.0,0.0,0.0,0.0,0.0,1.0,0.0,0.0
8,8,0.0,0.0,0.0,0.0,0.0,0.0,0.0,0.0,1.0,0.0,0.0
8,8,0.0,0.0,0.0,0.0,0.0,0.0,0.0,0.0,1.0,0.0,0.0
8,8,0.0,0.0,0.0,0.0,0.0,0.0,0.0,0.0,1.0,0.0,0.0
8,8,0.0,0.0,0.0,0.0,0.0,0.0,0.0,0.0,1.0,0.0,0.0
8,8,0.0,0.0,0.0,0.0,0.0,0.0,0.0,0.0,1.0,0.0,0.0
8,8,0.0,0.0,0.0,0.0,0.0,0.0,0.0,0.0,1.0,0.0,0.0
8,8,0.0,0.0,0.0,0.0,0.0,0.0,0.0,0.0,1.0,0.0,0.0
8,8,0.0,0.0,0.0,0.0,0.0,0.0,0.0,0.0,1.0,0.0,0.0
8,8,0.0,0.0,0.0,0.0,0.0,0.0,0.0,0.0,1.0,0.0,0.0
8,8,0.0,0.0,0.0,0.0,0.0,0.0,0.0,0.0,1.0,0.0,0.0
8,8,0.0,0.0,0.0,0.0,0.0,0.0,0.0,0.0,1.0,0.0,0.0
8,8,0.0,0.0,0.0,0.0,0.0,0.0,0.0,0.0,1.0,0.0,0.0
8,8,0.0,0.0,0.0,0.0,0.0,0.0,0.0,0.0,1.0,0.0,0.0
8,8,0.0,0.0,0.0,0.0,0.0,0.0,0.0,0.0,1.0,0.0,0.0
8,8,0.0,0.0,0.0,0.0,0.0,0.0,0.0,0.0,1.0,0.0,0.0
8,8,0.0,0.0,0.0,0.0,0.0,0.0,0.0,0.0,1.0,0.0,0.0
8,8,0.0,0.0,0.0,0.0,0.0,0.0,0.0,0.0,1.0,0.0,0.0
8,8,0.0,0.0,0.0,0.0,0.0,0.0,0.0,0.0,1.0,0.0,0.0
8,8,0.0,0.0,0.0,0.0,0.0,0.0,0.0,0.0,1.0,0.0,0.0
8,8,0.0,0.0,0.0,0.0,0.0,0.0,0.0,0.0,1.0,0.0,0.0
8,8,0.0,0.0,0.0,0.0,0.0,0.0,0.0,0.0,1.0,0.0,0.0
8,8,0.0,0.0,0.0,0.0,0.0,0.0,0.0,0.0,1.0,0.0,0.0
8,8,0.0,0.0,0.0,0.0,0.0,0.0,0.0,0.0,1.0,0.0,0.0
8,8,0.0,0.0,0.0,0.0,0.0,0.0,0.0,0.0,1.0,0.0,0.0
8,8,0.0,0.0,0.0,0.0,0.0,0.0,0.0,0.0,1.0,0.0,0.0
8,8,0.0,0.0,0.0,0.0,0.0,0.0,0.0,0.0,1.0,0.0,0.0
8,8,0.0,0.0,0.0,0.0,0.0,0.0,0.0,0.0,1.0,0.0,0.0
8,8,0.0,0.0,0.0,0.0,0.0,0.0,0.0,0.0,1.0,0.0,0.0
8,8,0.0,0.0,0.0,0.0,0.0,0.0,0.0,0.0,1.0,0.0,0.0
8,8,0.0,0.0,0.0,0.0,0.0,0.0,0.0,0.0,1.0,0.0,0.0
8,8,0.0,0.0,0.0,0.0,0.0,0.0,0.0,0.0,1.0,0.0,0.0
8,8,0.0,0.0,0.0,0.0,0.0,0.0,0.0,0.0,1.0,0.0,0.0
8,8,0.0,0.0,0.0,0.0,0.0,0.0,0.0,0.0,1.0,0.0,0.0
8,8,0.0,0.0,0.0,0.0,0.0,0.0,0.0,0.0,1.0,0.0,0.0
8,8,0.0,0.0,0.0,0.0,0.0,0.0,0.0,0.0,1.0,0.0,0.0
8,8,0.0,0.0,0.0,0.0,0.0,0.0,0.0,0.0,1.0,0.0,0.0
8,8,0.0,0.0,0.0,0.0,0.0,0.0,0.0,0.0,1.0,0.0,0.0
8,8,0.0,0.0,0.0,0.0,0.0,0.0,0.0,0.0,1.0,0.0,0.0
8,8,0.0,0.0,0.0,0.0,0.0,0.0,0.0,0.0,1.0,0.0,0.0
8,8,0.0,0.0,0.0,0.0,0.0,0.0,0.0,0.0,1.0,0.0,0.0
8,8,0.0,0.0,0.0,0.0,0.0,0.0,0.0,0.0,1.0,0.0,0.0
8,8,0.0,0.0,0.0,0.0,0.0,0.0,0.0,0.0,1.0,0.0,0.0
8,8,0.0,0.0,0.0,0.0,0.0,0.0,0.0,0.0,1.0,0.0,0.0
8,8,0.0,0.0,0.0,0.0,0.0,0.0,0.0,0.0,1.0,0.0,0.0
8,8,0.0,0.0,0.0,0.0,0.0,0.0,0.0,0.0,1.0,0.0,0.0
8,8,0.0,0.0,0.0,0.0,0.0,0.0,0.0,0.0,1.0,0.0,0.0
8,8,0.0,0.0,0.0,0.0,0.0,0.0,0.0,0.0,1.0,0.0,0.0
8,8,0.0,0.0,0.0,0.0,0.0,0.0,0.0,0.0,1.0,0.0,0.0
8,8,0.0,0.0,0.0,0.0,0.0,0.0,0.0,0.0,1.0,0.0,0.0
8,8,0.0,0.0,0.0,0.0,0.0,0.0,0.0,0.0,1.0,0.0,0.0
8,8,0.0,0.0,0.0,0.0,0.0,0.0,0.0,0.0,1.0,0.0,0.0
8,8,0.0,0.0,0.0,0.0,0.0,0.0,0.0,0.0,1.0,0.0,0.0
8,8,0.0,0.0,0.0,0.0,0.0,0.0,0.0,0.0,1.0,0.0,0.0
8,8,0.0,0.0,0.0,0.0,0.0,0.0,0.0,0.0,1.0,0.0,0.0
8,8,0.0,0.0,0.0,0.0,0.0,0.0,0.0,0.0,1.0,0.0,0.0
8,8,0.0,0.0,0.0,0.0,0.0,0.0,0.0,0.0,1.0,0.0,0.0
8,8,0.0,0.0,0.0,0.0,0.0,0.0,0.0,0.0,1.0,0.0,0.0
8,8,0.0,0.0,0.0,0.0,0.0,0.0,0.0,0.0,1.0,0.0,0.0
8,8,0.0,0.0,0.0,0.0,0.0,0.0,0.0,0.0,1.0,0.0,0.0
8,8,0.0,0.0,0.0,0.0,0.0,0.0,0.0,0.0,1.0,0.0,0.0
8,8,0.0,0.0,0.0,0.0,0.0,0.0,0.0,0.0,1.0,0.0,0.0
8,8,0.0,0.0,0.0,0.0,0.0,0.0,0.0,0.0,1.0,0.0,0.0
8,8,0.0,0.0,0.0,0.0,0.0,0.0,0.0,0.0,1.0,0.0,0.0
8,8,0.0,0.0,0.0,0.0,0.0,0.0,0.0,0.0,1.0,0.0,0.0
8,8,0.0,0.0,0.0,0.0,0.0,0.0,0.0,0.0,1.0,0.0,0.0
8,8,0.0,0.0,0.0,0.0,0.0,0.0,0.0,0.0,1.0,0.0,0.0
8,8,0.0,0.0,0.0,0.0,0.0,0.0,0.0,0.0,1.0,0.0,0.0
8,8,0.0,0.0,0.0,0.0,0.0,0.0,0.0,0.0,1.0,0.0,0.0
8,8,0.0,0.0,0.0,0.0,0.0,0.0,0.0,0.0,1.0,0.0,0.0
8,8,0.0,0.0,0.0,0.0,0.0,0.0,0.0,0.0,1.0,0.0,0.0
8,8,0.0,0.0,0.0,0.0,0.0,0.0,0.0,0.0,1.0,0.0,0.0
8,8,0.0,0.0,0.0,0.0,0.0,0.0,0.0,0.0,1.0,0.0,0.0
8,8,0.0,0.0,0.0,0.0,0.0,0.0,0.0,0.0,1.0,0.0,0.0
8,8,0.0,0.0,0.0,0.0,0.0,0.0,0.0,0.0,1.0,0.0,0.0
8,8,0.0,0.0,0.0,0.0,0.0,0.0,0.0,0.0,1.0,0.0,0.0
8,8,0.0,0.0,0.0,0.0,0.0,0.0,0.0,0.0,1.0,0.0,0.0
8,8,0.0,0.0,0.0,0.0,0.0,0.0,0.0,0.0,1.0,0.0,0.0
8,8,0.0,0.0,0.0,0.0,0.0,0.0,0.0,0.0,1.0,0.0,0.0
8,8,0.0,0.0,0.0,0.0,0.0,0.0,0.0,0.0,1.0,0.0,0.0
8,8,0.0,0.0,0.0,0.0,0.0,0.0,0.0,0.0,1.0,0.0,0.0
8,8,0.0,0.0,0.0,0.0,0.0,0.0,0.0,0.0,1.0,0.0,0.0
8,8,0.0,0.0,0.0,0.0,0.0,0.0,0.0,0.0,1.0,0.0,0.0
8,8,0.0,0.0,0.0,0.0,0.0,0.0,0.0,0.0,1.0,0.0,0.0
8,8,0.0,0.0,0.0,0.0,0.0,0.0,0.0,0.0,1.0,0.0,0.0
8,8,0.0,0.0,0.0,0.0,0.0,0.0,0.0,0.0,1.0,0.0,0.0
8,8,0.0,0.0,0.0,0.0,0.0,0.0,0.0,0.0,1.0,0.0,0.0
8,8,0.0,0.0,0.0,0.0,0.0,0.0,0.0,0.0,1.0,0.0,0.0
8,8,0.0,0.0,0.0,0.0,0.0,0.0,0.0,0.0,1.0,0.0,0.0
8,8,0.0,0.0,0.0,0.0,0.0,0.0,0.0,0.0,1.0,0.0,0.0
8,8,0.0,0.0,0.0,0.0,0.0,0.0,0.0,0.0,1.0,0.0,0.0
8,8,0.0,0.0,0.0,0.0,0.0,0.0,0.0,0.0,1.0,0.0,0.0
8,8,0.0,0.0,0.0,0.0,0.0,0.0,0.0,0.0,1.0,0.0,0.0
8,8,0.0,0.0,0.0,0.0,0.0,0.0,0.0,0.0,1.0,0.0,0.0
8,8,0.0,0.0,0.0,0.0,0.0,0.0,0.0,0.0,1.0,0.0,0.0
8,8,0.0,0.0,0.0,0.0,0.0,0.0,0.0,0.0,1.0,0.0,0.0
8,8,0.0,0.0,0.0,0.0,0.0,0.0,0.0,0.0,1.0,0.0,0.0
8,8,0.0,0.0,0.0,0.0,0.0,0.0,0.0,0.0,1.0,0.0,0.0
8,8,0.0,0.0,0.0,0.0,0.0,0.0,0.0,0.0,1.0,0.0,0.0
8,8,0.0,0.0,0.0,0.0,0.0,0.0,0.0,0.0,1.0,0.0,0.0
8,8,0.0,0.0,0.0,0.0,0.0,0.0,0.0,0.0,1.0,0.0,0.0
8,8,0.0,0.0,0.0,0.0,0.0,0.0,0.0,0.0,1.0,0.0,0.0
8,8,0.0,0.0,0.0,0.0,0.0,0.0,0.0,0.0,1.0,0.0,0.0
8,8,0.0,0.0,0.0,0.0,0.0,0.0,0.0,0.0,1.0,0.0,0.0
8,8,0.0,0.0,0.0,0.0,0.0,0.0,0.0,0.0,1.0,0.0,0.0
8,8,0.0,0.0,0.0,0.0,0.0,0.0,0.0,0.0,1.0,0.0,0.0
8,8,0.0,0.0,0.0,0.0,0.0,0.0,0.0,0.0,1.0,0.0,0.0
8,8,0.0,0.0,0.0,0.0,0.0,0.0,0.0,0.0,1.0,0.0,0.0
8,8,0.0,0.0,0.0,0.0,0.0,0.0,0.0,0.0,1.0,0.0,0.0
8,8,0.0,0.0,0.0,0.0,0.0,0.0,0.0,0.0,1.0,0.0,0.0
8,8,0.0,0.0,0.0,0.0,0.0,0.0,0.0,0.0,1.0,0.0,0.0
8,8,0.0,0.0,0.0,0.0,0.0,0.0,0.0,0.0,1.0,0.0,0.0
8,8,0.0,0.0,0.0,0.0,0.0,0.0,0.0,0.0,1.0,0.0,0.0
8,8,0.0,0.0,0.0,0.0,0.0,0.0,0.0,0.0,1.0,0.0,0.0
8,8,0.0,0.0,0.0,0.0,0.0,0.0,0.0,0.0,1.0,0.0,0.0
8,8,0.0,0.0,0.0,0.0,0.0,0.0,0.0,0.0,1.0,0.0,0.0
8,8,0.0,0.0,0.0,0.0,0.0,0.0,0.0,0.0,1.0,0.0,0.0
8,8,0.0,0.0,0.0,0.0,0.0,0.0,0.0,0.0,1.0,0.0,0.0
8,8,0.0,0.0,0.0,0.0,0.0,0.0,0.0,0.0,1.0,0.0,0.0
8,8,0.0,0.0,0.0,0.0,0.0,0.0,0.0,0.0,1.0,0.0,0.0
8,8,0.0,0.0,0.0,0.0,0.0,0.0,0.0,0.0,1.0,0.0,0.0
8,8,0.0,0.0,0.0,0.0,0.0,0.0,0.0,0.0,1.0,0.0,0.0
8,8,0.0,0.0,0.0,0.0,0.0,0.0,0.0,0.0,1.0,0.0,0.0
8,8,0.0,0.0,0.0,0.0,0.0,0.0,0.0,0.0,1.0,0.0,0.0
8,8,0.0,0.0,0.0,0.0,0.0,0.0,0.0,0.0,1.0,0.0,0.0
8,8,0.0,0.0,0.0,0.0,0.0,0.0,0.0,0.0,1.0,0.0,0.0
8,8,0.0,0.0,0.0,0.0,0.0,0.0,0.0,0.0,1.0,0.0,0.0
8,8,0.0,0.0,0.0,0.0,0.0,0.0,0.0,0.0,1.0,0.0,0.0
8,8,0.0,0.0,0.0,0.0,0.0,0.0,0.0,0.0,1.0,0.0,0.0
8,8,0.0,0.0,0.0,0.0,0.0,0.0,0.0,0.0,1.0,0.0,0.0
8,8,0.0,0.0,0.0,0.0,0.0,0.0,0.0,0.0,1.0,0.0,0.0
8,8,0.0,0.0,0.0,0.0,0.0,0.0,0.0,0.0,1.0,0.0,0.0
8,8,0.0,0.0,0.0,0.0,0.0,0.0,0.0,0.0,1.0,0.0,0.0
8,8,0.0,0.0,0.0,0.0,0.0,0.0,0.0,0.0,1.0,0.0,0.0
8,8,0.0,0.0,0.0,0.0,0.0,0.0,0.0,0.0,1.0,0.0,0.0
8,8,0.0,0.0,0.0,0.0,0.0,0.0,0.0,0.0,1.0,0.0,0.0
8,8,0.0,0.0,0.0,0.0,0.0,0.0,0.0,0.0,1.0,0.0,0.0
8,8,0.0,0.0,0.0,0.0,0.0,0.0,0.0,0.0,1.0,0.0,0.0
8,8,0.0,0.0,0.0,0.0,0.0,0.0,0.0,0.0,1.0,0.0,0.0
8,8,0.0,0.0,0.0,0.0,0.0,0.0,0.0,0.0,1.0,0.0,0.0
8,8,0.0,0.0,0.0,0.0,0.0,0.0,0.0,0.0,1.0,0.0,0.0
8,8,0.0,0.0,0.0,0.0,0.0,0.0,0.0,0.0,1.0,0.0,0.0
8,8,0.0,0.0,0.0,0.0,0.0,0.0,0.0,0.0,1.0,0.0,0.0
8,8,0.0,0.0,0.0,0.0,0.0,0.0,0.0,0.0,1.0,0.0,0.0
8,8,0.0,0.0,0.0,0.0,0.0,0.0,0.0,0.0,1.0,0.0,0.0
8,8,0.0,0.0,0.0,0.0,0.0,0.0,0.0,0.0,1.0,0.0,0.0
8,8,0.0,0.0,0.0,0.0,0.0,0.0,0.0,0.0,1.0,0.0,0.0
8,8,0.0,0.0,0.0,0.0,0.0,0.0,0.0,0.0,1.0,0.0,0.0
8,8,0.0,0.0,0.0,0.0,0.0,0.0,0.0,0.0,1.0,0.0,0.0
8,8,0.0,0.0,0.0,0.0,0.0,0.0,0.0,0.0,1.0,0.0,0.0
8,8,0.0,0.0,0.0,0.0,0.0,0.0,0.0,0.0,1.0,0.0,0.0
8,8,0.0,0.0,0.0,0.0,0.0,0.0,0.0,0.0,1.0,0.0,0.0
8,8,0.0,0.0,0.0,0.0,0.0,0.0,0.0,0.0,1.0,0.0,0.0
8,8,0.0,0.0,0.0,0.0,0.0,0.0,0.0,0.0,1.0,0.0,0.0
8,8,0.0,0.0,0.0,0.0,0.0,0.0,0.0,0.0,1.0,0.0,0.0
8,8,0.0,0.0,0.0,0.0,0.0,0.0,0.0,0.0,1.0,0.0,0.0
8,8,0.0,0.0,0.0,0.0,0.0,0.0,0.0,0.0,1.0,0.0,0.0
8,8,0.0,0.0,0.0,0.0,0.0,0.0,0.0,0.0,1.0,0.0,0.0
8,8,0.0,0.0,0.0,0.0,0.0,0.0,0.0,0.0,1.0,0.0,0.0
8,8,0.0,0.0,0.0,0.0,0.0,0.0,0.0,0.0,1.0,0.0,0.0
8,8,0.0,0.0,0.0,0.0,0.0,0.0,0.0,0.0,1.0,0.0,0.0
8,8,0.0,0.0,0.0,0.0,0.0,0.0,0.0,0.0,1.0,0.0,0.0
8,8,0.0,0.0,0.0,0.0,0.0,0.0,0.0,0.0,1.0,0.0,0.0
8,8,0.0,0.0,0.0,0.0,0.0,0.0,0.0,0.0,1.0,0.0,0.0
8,8,0.0,0.0,0.0,0.0,0.0,0.0,0.0,0.0,1.0,0.0,0.0
8,8,0.0,0.0,0.0,0.0,0.0,0.0,0.0,0.0,1.0,0.0,0.0
8,8,0.0,0.0,0.0,0.0,0.0,0.0,0.0,0.0,1.0,0.0,0.0
8,8,0.0,0.0,0.0,0.0,0.0,0.0,0.0,0.0,1.0,0.0,0.0
8,8,0.0,0.0,0.0,0.0,0.0,0.0,0.0,0.0,1.0,0.0,0.0
8,8,0.0,0.0,0.0,0.0,0.0,0.0,0.0,0.0,1.0,0.0,0.0
8,8,0.0,0.0,0.0,0.0,0.0,0.0,0.0,0.0,1.0,0.0,0.0
8,8,0.0,0.0,0.0,0.0,0.0,0.0,0.0,0.0,1.0,0.0,0.0
8,8,0.0,0.0,0.0,0.0,0.0,0.0,0.0,0.0,1.0,0.0,0.0
8,8,0.0,0.0,0.0,0.0,0.0,0.0,0.0,0.0,1.0,0.0,0.0
8,8,0.0,0.0,0.0,0.0,0.0,0.0,0.0,0.0,1.0,0.0,0.0
8,8,0.0,0.0,0.0,0.0,0.0,0.0,0.0,0.0,1.0,0.0,0.0
8,8,0.0,0.0,0.0,0.0,0.0,0.0,0.0,0.0,1.0,0.0,0.0
8,8,0.0,0.0,0.0,0.0,0.0,0.0,0.0,0.0,1.0,0.0,0.0
8,8,0.0,0.0,0.0,0.0,0.0,0.0,0.0,0.0,1.0,0.0,0.0
8,8,0.0,0.0,0.0,0.0,0.0,0.0,0.0,0.0,1.0,0.0,0.0
8,8,0.0,0.0,0.0,0.0,0.0,0.0,0.0,0.0,1.0,0.0,0.0
8,8,0.0,0.0,0.0,0.0,0.0,0.0,0.0,0.0,1.0,0.0,0.0
8,8,0.0,0.0,0.0,0.0,0.0,0.0,0.0,0.0,1.0,0.0,0.0
8,8,0.0,0.0,0.0,0.0,0.0,0.0,0.0,0.0,1.0,0.0,0.0
8,8,0.0,0.0,0.0,0.0,0.0,0.0,0.0,0.0,1.0,0.0,0.0
8,8,0.0,0.0,0.0,0.0,0.0,0.0,0.0,0.0,1.0,0.0,0.0
8,8,0.0,0.0,0.0,0.0,0.0,0.0,0.0,0.0,1.0,0.0,0.0
8,8,0.0,0.0,0.0,0.0,0.0,0.0,0.0,0.0,1.0,0.0,0.0
8,8,0.0,0.0,0.0,0.0,0.0,0.0,0.0,0.0,1.0,0.0,0.0
8,8,0.0,0.0,0.0,0.0,0.0,0.0,0.0,0.0,1.0,0.0,0.0
8,8,0.0,0.0,0.0,0.0,0.0,0.0,0.0,0.0,1.0,0.0,0.0
8,8,0.0,0.0,0.0,0.0,0.0,0.0,0.0,0.0,1.0,0.0,0.0
8,8,0.0,0.0,0.0,0.0,0.0,0.0,0.0,0.0,1.0,0.0,0.0
8,8,0.0,0.0,0.0,0.0,0.0,0.0,0.0,0.0,1.0,0.0,0.0
8,8,0.0,0.0,0.0,0.0,0.0,0.0,0.0,0.0,1.0,0.0,0.0
8,8,0.0,0.0,0.0,0.0,0.0,0.0,0.0,0.0,1.0,0.0,0.0
8,8,0.0,0.0,0.0,0.0,0.0,0.0,0.0,0.0,1.0,0.0,0.0
8,8,0.0,0.0,0.0,0.0,0.0,0.0,0.0,0.0,1.0,0.0,0.0
8,8,0.0,0.0,0.0,0.0,0.0,0.0,0.0,0.0,1.0,0.0,0.0
8,8,0.0,0.0,0.0,0.0,0.0,0.0,0.0,0.0,1.0,0.0,0.0
8,8,0.0,0.0,0.0,0.0,0.0,0.0,0.0,0.0,1.0,0.0,0.0
8,8,0.0,0.0,0.0,0.0,0.0,0.0,0.0,0.0,1.0,0.0,0.0
8,8,0.0,0.0,0.0,0.0,0.0,0.0,0.0,0.0,1.0,0.0,0.0
8,8,0.0,0.0,0.0,0.0,0.0,0.0,0.0,0.0,1.0,0.0,0.0
8,8,0.0,0.0,0.0,0.0,0.0,0.0,0.0,0.0,1.0,0.0,0.0
8,8,0.0,0.0,0.0,0.0,0.0,0.0,0.0,0.0,1.0,0.0,0.0
8,8,0.0,0.0,0.0,0.0,0.0,0.0,0.0,0.0,1.0,0.0,0.0
8,8,0.0,0.0,0.0,0.0,0.0,0.0,0.0,0.0,1.0,0.0,0.0
8,8,0.0,0.0,0.0,0.0,0.0,0.0,0.0,0.0,1.0,0.0,0.0
8,8,0.0,0.0,0.0,0.0,0.0,0.0,0.0,0.0,1.0,0.0,0.0
8,8,0.0,0.0,0.0,0.0,0.0,0.0,0.0,0.0,1.0,0.0,0.0
8,8,0.0,0.0,0.0,0.0,0.0,0.0,0.0,0.0,1.0,0.0,0.0
8,8,0.0,0.0,0.0,0.0,0.0,0.0,0.0,0.0,1.0,0.0,0.0
8,8,0.0,0.0,0.0,0.0,0.0,0.0,0.0,0.0,1.0,0.0,0.0
8,8,0.0,0.0,0.0,0.0,0.0,0.0,0.0,0.0,1.0,0.0,0.0
8,8,0.0,0.0,0.0,0.0,0.0,0.0,0.0,0.0,1.0,0.0,0.0
8,8,0.0,0.0,0.0,0.0,0.0,0.0,0.0,0.0,1.0,0.0,0.0
8,8,0.0,0.0,0.0,0.0,0.0,0.0,0.0,0.0,1.0,0.0,0.0
8,8,0.0,0.0,0.0,0.0,0.0,0.0,0.0,0.0,1.0,0.0,0.0
8,8,0.0,0.0,0.0,0.0,0.0,0.0,0.0,0.0,1.0,0.0,0.0
8,8,0.0,0.0,0.0,0.0,0.0,0.0,0.0,0.0,1.0,0.0,0.0
8,8,0.0,0.0,0.0,0.0,0.0,0.0,0.0,0.0,1.0,0.0,0.0
8,8,0.0,0.0,0.0,0.0,0.0,0.0,0.0,0.0,1.0,0.0,0.0
8,8,0.0,0.0,0.0,0.0,0.0,0.0,0.0,0.0,1.0,0.0,0.0
8,8,0.0,0.0,0.0,0.0,0.0,0.0,0.0,0.0,1.0,0.0,0.0
8,8,0.0,0.0,0.0,0.0,0.0,0.0,0.0,0.0,1.0,0.0,0.0
8,8,0.0,0.0,0.0,0.0,0.0,0.0,0.0,0.0,1.0,0.0,0.0
8,8,0.0,0.0,0.0,0.0,0.0,0.0,0.0,0.0,1.0,0.0,0.0
8,8,0.0,0.0,0.0,0.0,0.0,0.0,0.0,0.0,1.0,0.0,0.0
8,8,0.0,0.0,0.0,0.0,0.0,0.0,0.0,0.0,1.0,0.0,0.0
8,8,0.0,0.0,0.0,0.0,0.0,0.0,0.0,0.0,1.0,0.0,0.0
8,8,0.0,0.0,0.0,0.0,0.0,0.0,0.0,0.0,1.0,0.0,0.0
8,8,0.0,0.0,0.0,0.0,0.0,0.0,0.0,0.0,1.0,0.0,0.0
8,8,0.0,0.0,0.0,0.0,0.0,0.0,0.0,0.0,1.0,0.0,0.0
8,8,0.0,0.0,0.0,0.0,0.0,0.0,0.0,0.0,1.0,0.0,0.0
8,8,0.0,0.0,0.0,0.0,0.0,0.0,0.0,0.0,1.0,0.0,0.0
8,8,0.0,0.0,0.0,0.0,0.0,0.0,0.0,0.0,1.0,0.0,0.0
8,8,0.0,0.0,0.0,0.0,0.0,0.0,0.0,0.0,1.0,0.0,0.0
8,8,0.0,0.0,0.0,0.0,0.0,0.0,0.0,0.0,1.0,0.0,0.0
8,8,0.0,0.0,0.0,0.0,0.0,0.0,0.0,0.0,1.0,0.0,0.0
8,8,0.0,0.0,0.0,0.0,0.0,0.0,0.0,0.0,1.0,0.0,0.0
8,8,0.0,0.0,0.0,0.0,0.0,0.0,0.0,0.0,1.0,0.0,0.0
8,8,0.0,0.0,0.0,0.0,0.0,0.0,0.0,0.0,1.0,0.0,0.0
8,8,0.0,0.0,0.0,0.0,0.0,0.0,0.0,0.0,1.0,0.0,0.0
8,8,0.0,0.0,0.0,0.0,0.0,0.0,0.0,0.0,1.0,0.0,0.0
8,8,0.0,0.0,0.0,0.0,0.0,0.0,0.0,0.0,1.0,0.0,0.0
8,8,0.0,0.0,0.0,0.0,0.0,0.0,0.0,0.0,1.0,0.0,0.0
8,8,0.0,0.0,0.0,0.0,0.0,0.0,0.0,0.0,1.0,0.0,0.0
8,8,0.0,0.0,0.0,0.0,0.0,0.0,0.0,0.0,1.0,0.0,0.0
8,8,0.0,0.0,0.0,0.0,0.0,0.0,0.0,0.0,1.0,0.0,0.0
8,8,0.0,0.0,0.0,0.0,0.0,0.0,0.0,0.0,1.0,0.0,0.0
8,8,0.0,0.0,0.0,0.0,0.0,0.0,0.0,0.0,1.0,0.0,0.0
8,8,0.0,0.0,0.0,0.0,0.0,0.0,0.0,0.0,1.0,0.0,0.0
8,8,0.0,0.0,0.0,0.0,0.0,0.0,0.0,0.0,1.0,0.0,0.0
8,8,0.0,0.0,0.0,0.0,0.0,0.0,0.0,0.0,1.0,0.0,0.0
8,8,0.0,0.0,0.0,0.0,0.0,0.0,0.0,0.0,1.0,0.0,0.0
8,8,0.0,0.0,0.0,0.0,0.0,0.0,0.0,0.0,1.0,0.0,0.0
8,8,0.0,0.0,0.0,0.0,0.0,0.0,0.0,0.0,1.0,0.0,0.0
8,8,0.0,0.0,0.0,0.0,0.0,0.0,0.0,0.0,1.0,0.0,0.0
8,8,0.0,0.0,0.0,0.0,0.0,0.0,0.0,0.0,1.0,0.0,0.0
8,8,0.0,0.0,0.0,0.0,0.0,0.0,0.0,0.0,1.0,0.0,0.0
8,8,0.0,0.0,0.0,0.0,0.0,0.0,0.0,0.0,1.0,0.0,0.0
8,8,0.0,0.0,0.0,0.0,0.0,0.0,0.0,0.0,1.0,0.0,0.0
8,8,0.0,0.0,0.0,0.0,0.0,0.0,0.0,0.0,1.0,0.0,0.0
8,8,0.0,0.0,0.0,0.0,0.0,0.0,0.0,0.0,1.0,0.0,0.0
8,8,0.0,0.0,0.0,0.0,0.0,0.0,0.0,0.0,1.0,0.0,0.0
8,8,0.0,0.0,0.0,0.0,0.0,0.0,0.0,0.0,1.0,0.0,0.0
8,8,0.0,0.0,0.0,0.0,0.0,0.0,0.0,0.0,1.0,0.0,0.0
8,8,0.0,0.0,0.0,0.0,0.0,0.0,0.0,0.0,1.0,0.0,0.0
8,8,0.0,0.0,0.0,0.0,0.0,0.0,0.0,0.0,1.0,0.0,0.0
8,8,0.0,0.0,0.0,0.0,0.0,0.0,0.0,0.0,1.0,0.0,0.0
8,8,0.0,0.0,0.0,0.0,0.0,0.0,0.0,0.0,1.0,0.0,0.0
8,8,0.0,0.0,0.0,0.0,0.0,0.0,0.0,0.0,1.0,0.0,0.0
8,8,0.0,0.0,0.0,0.0,0.0,0.0,0.0,0.0,1.0,0.0,0.0
8,8,0.0,0.0,0.0,0.0,0.0,0.0,0.0,0.0,1.0,0.0,0.0
8,8,0.0,0.0,0.0,0.0,0.0,0.0,0.0,0.0,1.0,0.0,0.0
8,8,0.0,0.0,0.0,0.0,0.0,0.0,0.0,0.0,1.0,0.0,0.0
8,8,0.0,0.0,0.0,0.0,0.0,0.0,0.0,0.0,1.0,0.0,0.0
8,8,0.0,0.0,0.0,0.0,0.0,0.0,0.0,0.0,1.0,0.0,0.0
8,8,0.0,0.0,0.0,0.0,0.0,0.0,0.0,0.0,1.0,0.0,0.0
8,8,0.0,0.0,0.0,0.0,0.0,0.0,0.0,0.0,1.0,0.0,0.0
8,8,0.0,0.0,0.0,0.0,0.0,0.0,0.0,0.0,1.0,0.0,0.0
8,8,0.0,0.0,0.0,0.0,0.0,0.0,0.0,0.0,1.0,0.0,0.0
8,8,0.0,0.0,0.0,0.0,0.0,0.0,0.0,0.0,1.0,0.0,0.0
8,8,0.0,0.0,0.0,0.0,0.0,0.0,0.0,0.0,1.0,0.0,0.0
8,8,0.0,0.0,0.0,0.0,0.0,0.0,0.0,0.0,1.0,0.0,0.0
8,8,0.0,0.0,0.0,0.0,0.0,0.0,0.0,0.0,1.0,0.0,0.0
8,8,0.0,0.0,0.0,0.0,0.0,0.0,0.0,0.0,1.0,0.0,0.0
8,8,0.0,0.0,0.0,0.0,0.0,0.0,0.0,0.0,1.0,0.0,0.0
8,8,0.0,0.0,0.0,0.0,0.0,0.0,0.0,0.0,1.0,0.0,0.0
8,8,0.0,0.0,0.0,0.0,0.0,0.0,0.0,0.0,1.0,0.0,0.0
8,8,0.0,0.0,0.0,0.0,0.0,0.0,0.0,0.0,1.0,0.0,0.0
8,8,0.0,0.0,0.0,0.0,0.0,0.0,0.0,0.0,1.0,0.0,0.0
8,8,0.0,0.0,0.0,0.0,0.0,0.0,0.0,0.0,1.0,0.0,0.0
8,8,0.0,0.0,0.0,0.0,0.0,0.0,0.0,0.0,1.0,0.0,0.0
8,8,0.0,0.0,0.0,0.0,0.0,0.0,0.0,0.0,1.0,0.0,0.0
8,8,0.0,0.0,0.0,0.0,0.0,0.0,0.0,0.0,1.0,0.0,0.0
8,8,0.0,0.0,0.0,0.0,0.0,0.0,0.0,0.0,1.0,0.0,0.0
8,8,0.0,0.0,0.0,0.0,0.0,0.0,0.0,0.0,1.0,0.0,0.0
8,8,0.0,0.0,0.0,0.0,0.0,0.0,0.0,0.0,1.0,0.0,0.0
8,8,0.0,0.0,0.0,0.0,0.0,0.0,0.0,0.0,1.0,0.0,0.0
8,8,0.0,0.0,0.0,0.0,0.0,0.0,0.0,0.0,1.0,0.0,0.0
8,8,0.0,0.0,0.0,0.0,0.0,0.0,0.0,0.0,1.0,0.0,0.0
8,8,0.0,0.0,0.0,0.0,0.0,0.0,0.0,0.0,1.0,0.0,0.0
8,8,0.0,0.0,0.0,0.0,0.0,0.0,0.0,0.0,1.0,0.0,0.0
8,8,0.0,0.0,0.0,0.0,0.0,0.0,0.0,0.0,1.0,0.0,0.0
8,8,0.0,0.0,0.0,0.0,0.0,0.0,0.0,0.0,1.0,0.0,0.0
8,8,0.0,0.0,0.0,0.0,0.0,0.0,0.0,0.0,1.0,0.0,0.0
8,8,0.0,0.0,0.0,0.0,0.0,0.0,0.0,0.0,1.0,0.0,0.0
8,8,0.0,0.0,0.0,0.0,0.0,0.0,0.0,0.0,1.0,0.0,0.0
8,8,0.0,0.0,0.0,0.0,0.0,0.0,0.0,0.0,1.0,0.0,0.0
8,8,0.0,0.0,0.0,0.0,0.0,0.0,0.0,0.0,1.0,0.0,0.0
8,8,0.0,0.0,0.0,0.0,0.0,0.0,0.0,0.0,1.0,0.0,0.0
8,8,0.0,0.0,0.0,0.0,0.0,0.0,0.0,0.0,1.0,0.0,0.0
8,8,0.0,0.0,0.0,0.0,0.0,0.0,0.0,0.0,1.0,0.0,0.0
8,8,0.0,0.0,0.0,0.0,0.0,0.0,0.0,0.0,1.0,0.0,0.0
8,8,0.0,0.0,0.0,0.0,0.0,0.0,0.0,0.0,1.0,0.0,0.0
8,8,0.0,0.0,0.0,0.0,0.0,0.0,0.0,0.0,1.0,0.0,0.0
8,8,0.0,0.0,0.0,0.0,0.0,0.0,0.0,0.0,1.0,0.0,0.0
8,8,0.0,0.0,0.0,0.0,0.0,0.0,0.0,0.0,1.0,0.0,0.0
8,8,0.0,0.0,0.0,0.0,0.0,0.0,0.0,0.0,1.0,0.0,0.0
8,8,0.0,0.0,0.0,0.0,0.0,0.0,0.0,0.0,1.0,0.0,0.0
8,8,0.0,0.0,0.0,0.0,0.0,0.0,0.0,0.0,1.0,0.0,0.0
8,8,0.0,0.0,0.0,0.0,0.0,0.0,0.0,0.0,1.0,0.0,0.0
8,8,0.0,0.0,0.0,0.0,0.0,0.0,0.0,0.0,1.0,0.0,0.0
8,8,0.0,0.0,0.0,0.0,0.0,0.0,0.0,0.0,1.0,0.0,0.0
8,8,0.0,0.0,0.0,0.0,0.0,0.0,0.0,0.0,1.0,0.0,0.0
8,8,0.0,0.0,0.0,0.0,0.0,0.0,0.0,0.0,1.0,0.0,0.0
8,8,0.0,0.0,0.0,0.0,0.0,0.0,0.0,0.0,1.0,0.0,0.0
8,8,0.0,0.0,0.0,0.0,0.0,0.0,0.0,0.0,1.0,0.0,0.0
8,8,0.0,0.0,0.0,0.0,0.0,0.0,0.0,0.0,1.0,0.0,0.0
8,8,0.0,0.0,0.0,0.0,0.0,0.0,0.0,0.0,1.0,0.0,0.0
8,8,0.0,0.0,0.0,0.0,0.0,0.0,0.0,0.0,1.0,0.0,0.0
8,8,0.0,0.0,0.0,0.0,0.0,0.0,0.0,0.0,1.0,0.0,0.0
8,8,0.0,0.0,0.0,0.0,0.0,0.0,0.0,0.0,1.0,0.0,0.0
8,8,0.0,0.0,0.0,0.0,0.0,0.0,0.0,0.0,1.0,0.0,0.0
8,8,0.0,0.0,0.0,0.0,0.0,0.0,0.0,0.0,1.0,0.0,0.0
8,8,0.0,0.0,0.0,0.0,0.0,0.0,0.0,0.0,1.0,0.0,0.0
8,8,0.0,0.0,0.0,0.0,0.0,0.0,0.0,0.0,1.0,0.0,0.0
8,8,0.0,0.0,0.0,0.0,0.0,0.0,0.0,0.0,1.0,0.0,0.0
8,8,0.0,0.0,0.0,0.0,0.0,0.0,0.0,0.0,1.0,0.0,0.0
8,8,0.0,0.0,0.0,0.0,0.0,0.0,0.0,0.0,1.0,0.0,0.0
8,8,0.0,0.0,0.0,0.0,0.0,0.0,0.0,0.0,1.0,0.0,0.0
8,8,0.0,0.0,0.0,0.0,0.0,0.0,0.0,0.0,1.0,0.0,0.0
8,8,0.0,0.0,0.0,0.0,0.0,0.0,0.0,0.0,1.0,0.0,0.0
8,8,0.0,0.0,0.0,0.0,0.0,0.0,0.0,0.0,1.0,0.0,0.0
8,8,0.0,0.0,0.0,0.0,0.0,0.0,0.0,0.0,1.0,0.0,0.0
8,8,0.0,0.0,0.0,0.0,0.0,0.0,0.0,0.0,1.0,0.0,0.0
8,8,0.0,0.0,0.0,0.0,0.0,0.0,0.0,0.0,1.0,0.0,0.0
8,8,0.0,0.0,0.0,0.0,0.0,0.0,0.0,0.0,1.0,0.0,0.0
8,8,0.0,0.0,0.0,0.0,0.0,0.0,0.0,0.0,1.0,0.0,0.0
8,8,0.0,0.0,0.0,0.0,0.0,0.0,0.0,0.0,1.0,0.0,0.0
8,8,0.0,0.0,0.0,0.0,0.0,0.0,0.0,0.0,1.0,0.0,0.0
8,8,0.0,0.0,0.0,0.0,0.0,0.0,0.0,0.0,1.0,0.0,0.0
8,8,0.0,0.0,0.0,0.0,0.0,0.0,0.0,0.0,1.0,0.0,0.0
8,8,0.0,0.0,0.0,0.0,0.0,0.0,0.0,0.0,1.0,0.0,0.0
8,8,0.0,0.0,0.0,0.0,0.0,0.0,0.0,0.0,1.0,0.0,0.0
8,8,0.0,0.0,0.0,0.0,0.0,0.0,0.0,0.0,1.0,0.0,0.0
8,8,0.0,0.0,0.0,0.0,0.0,0.0,0.0,0.0,1.0,0.0,0.0
8,8,0.0,0.0,0.0,0.0,0.0,0.0,0.0,0.0,1.0,0.0,0.0
8,8,0.0,0.0,0.0,0.0,0.0,0.0,0.0,0.0,1.0,0.0,0.0
8,8,0.0,0.0,0.0,0.0,0.0,0.0,0.0,0.0,1.0,0.0,0.0
8,8,0.0,0.0,0.0,0.0,0.0,0.0,0.0,0.0,1.0,0.0,0.0
8,8,0.0,0.0,0.0,0.0,0.0,0.0,0.0,0.0,1.0,0.0,0.0
8,8,0.0,0.0,0.0,0.0,0.0,0.0,0.0,0.0,1.0,0.0,0.0
8,8,0.0,0.0,0.0,0.0,0.0,0.0,0.0,0.0,1.0,0.0,0.0
8,8,0.0,0.0,0.0,0.0,0.0,0.0,0.0,0.0,1.0,0.0,0.0
8,8,0.0,0.0,0.0,0.0,0.0,0.0,0.0,0.0,1.0,0.0,0.0
8,8,0.0,0.0,0.0,0.0,0.0,0.0,0.0,0.0,1.0,0.0,0.0
8,8,0.0,0.0,0.0,0.0,0.0,0.0,0.0,0.0,1.0,0.0,0.0
8,8,0.0,0.0,0.0,0.0,0.0,0.0,0.0,0.0,1.0,0.0,0.0
8,8,0.0,0.0,0.0,0.0,0.0,0.0,0.0,0.0,1.0,0.0,0.0
8,8,0.0,0.0,0.0,0.0,0.0,0.0,0.0,0.0,1.0,0.0,0.0
8,8,0.0,0.0,0.0,0.0,0.0,0.0,0.0,0.0,1.0,0.0,0.0
8,8,0.0,0.0,0.0,0.0,0.0,0.0,0.0,0.0,1.0,0.0,0.0
8,8,0.0,0.0,0.0,0.0,0.0,0.0,0.0,0.0,1.0,0.0,0.0
8,8,0.0,0.0,0.0,0.0,0.0,0.0,0.0,0.0,1.0,0.0,0.0
8,8,0.0,0.0,0.0,0.0,0.0,0.0,0.0,0.0,1.0,0.0,0.0
8,8,0.0,0.0,0.0,0.0,0.0,0.0,0.0,0.0,1.0,0.0,0.0
8,8,0.0,0.0,0.0,0.0,0.0,0.0,0.0,0.0,1.0,0.0,0.0
8,8,0.0,0.0,0.0,0.0,0.0,0.0,0.0,0.0,1.0,0.0,0.0
8,8,0.0,0.0,0.0,0.0,0.0,0.0,0.0,0.0,1.0,0.0,0.0
8,8,0.0,0.0,0.0,0.0,0.0,0.0,0.0,0.0,1.0,0.0,0.0
8,8,0.0,0.0,0.0,0.0,0.0,0.0,0.0,0.0,1.0,0.0,0.0
8,8,0.0,0.0,0.0,0.0,0.0,0.0,0.0,0.0,1.0,0.0,0.0
8,8,0.0,0.0,0.0,0.0,0.0,0.0,0.0,0.0,1.0,0.0,0.0
8,8,0.0,0.0,0.0,0.0,0.0,0.0,0.0,0.0,1.0,0.0,0.0
8,8,0.0,0.0,0.0,0.0,0.0,0.0,0.0,0.0,1.0,0.0,0.0
8,8,0.0,0.0,0.0,0.0,0.0,0.0,0.0,0.0,1.0,0.0,0.0
8,8,0.0,0.0,0.0,0.0,0.0,0.0,0.0,0.0,1.0,0.0,0.0
8,8,0.0,0.0,0.0,0.0,0.0,0.0,0.0,0.0,1.0,0.0,0.0
8,8,0.0,0.0,0.0,0.0,0.0,0.0,0.0,0.0,1.0,0.0,0.0
8,8,0.0,0.0,0.0,0.0,0.0,0.0,0.0,0.0,1.0,0.0,0.0
8,8,0.0,0.0,0.0,0.0,0.0,0.0,0.0,0.0,1.0,0.0,0.0
8,8,0.0,0.0,0.0,0.0,0.0,0.0,0.0,0.0,1.0,0.0,0.0
8,8,0.0,0.0,0.0,0.0,0.0,0.0,0.0,0.0,1.0,0.0,0.0
8,8,0.0,0.0,0.0,0.0,0.0,0.0,0.0,0.0,1.0,0.0,0.0
8,8,0.0,0.0,0.0,0.0,0.0,0.0,0.0,0.0,1.0,0.0,0.0
8,8,0.0,0.0,0.0,0.0,0.0,0.0,0.0,0.0,1.0,0.0,0.0
8,8,0.0,0.0,0.0,0.0,0.0,0.0,0.0,0.0,1.0,0.0,0.0
8,8,0.0,0.0,0.0,0.0,0.0,0.0,0.0,0.0,1.0,0.0,0.0
8,8,0.0,0.0,0.0,0.0,0.0,0.0,0.0,0.0,1.0,0.0,0.0
8,8,0.0,0.0,0.0,0.0,0.0,0.0,0.0,0.0,1.0,0.0,0.0
8,8,0.0,0.0,0.0,0.0,0.0,0.0,0.0,0.0,1.0,0.0,0.0
8,8,0.0,0.0,0.0,0.0,0.0,0.0,0.0,0.0,1.0,0.0,0.0
8,8,0.0,0.0,0.0,0.0,0.0,0.0,0.0,0.0,1.0,0.0,0.0
8,8,0.0,0.0,0.0,0.0,0.0,0.0,0.0,0.0,1.0,0.0,0.0
8,8,0.0,0.0,0.0,0.0,0.0,0.0,0.0,0.0,1.0,0.0,0.0
8,8,0.0,0.0,0.0,0.0,0.0,0.0,0.0,0.0,1.0,0.0,0.0
8,8,0.0,0.0,0.0,0.0,0.0,0.0,0.0,0.0,1.0,0.0,0.0
8,8,0.0,0.0,0.0,0.0,0.0,0.0,0.0,0.0,1.0,0.0,0.0
8,8,0.0,0.0,0.0,0.0,0.0,0.0,0.0,0.0,1.0,0.0,0.0
8,8,0.0,0.0,0.0,0.0,0.0,0.0,0.0,0.0,1.0,0.0,0.0
8,8,0.0,0.0,0.0,0.0,0.0,0.0,0.0,0.0,1.0,0.0,0.0
8,8,0.0,0.0,0.0,0.0,0.0,0.0,0.0,0.0,1.0,0.0,0.0
8,8,0.0,0.0,0.0,0.0,0.0,0.0,0.0,0.0,1.0,0.0,0.0
8,8,0.0,0.0,0.0,0.0,0.0,0.0,0.0,0.0,1.0,0.0,0.0
8,8,0.0,0.0,0.0,0.0,0.0,0.0,0.0,0.0,1.0,0.0,0.0
8,8,0.0,0.0,0.0,0.0,0.0,0.0,0.0,0.0,1.0,0.0,0.0
8,8,0.0,0.0,0.0,0.0,0.0,0.0,0.0,0.0,1.0,0.0,0.0
8,8,0.0,0.0,0.0,0.0,0.0,0.0,0.0,0.0,1.0,0.0,0.0
8,8,0.0,0.0,0.0,0.0,0.0,0.0,0.0,0.0,1.0,0.0,0.0
8,8,0.0,0.0,0.0,0.0,0.0,0.0,0.0,0.0,1.0,0.0,0.0
8,8,0.0,0.0,0.0,0.0,0.0,0.0,0.0,0.0,1.0,0.0,0.0
8,8,0.0,0.0,0.0,0.0,0.0,0.0,0.0,0.0,1.0,0.0,0.0
8,8,0.0,0.0,0.0,0.0,0.0,0.0,0.0,0.0,1.0,0.0,0.0
8,8,0.0,0.0,0.0,0.0,0.0,0.0,0.0,0.0,1.0,0.0,0.0
8,8,0.0,0.0,0.0,0.0,0.0,0.0,0.0,0.0,1.0,0.0,0.0
8,8,0.0,0.0,0.0,0.0,0.0,0.0,0.0,0.0,1.0,0.0,0.0
8,8,0.0,0.0,0.0,0.0,0.0,0.0,0.0,0.0,1.0,0.0,0.0
8,8,0.0,0.0,0.0,0.0,0.0,0.0,0.0,0.0,1.0,0.0,0.0
8,8,0.0,0.0,0.0,0.0,0.0,0.0,0.0,0.0,1.0,0.0,0.0
8,8,0.0,0.0,0.0,0.0,0.0,0.0,0.0,0.0,1.0,0.0,0.0
8,8,0.0,0.0,0.0,0.0,0.0,0.0,0.0,0.0,1.0,0.0,0.0
8,8,0.0,0.0,0.0,0.0,0.0,0.0,0.0,0.0,1.0,0.0,0.0
8,8,0.0,0.0,0.0,0.0,0.0,0.0,0.0,0.0,1.0,0.0,0.0
8,8,0.0,0.0,0.0,0.0,0.0,0.0,0.0,0.0,1.0,0.0,0.0
8,8,0.0,0.0,0.0,0.0,0.0,0.0,0.0,0.0,1.0,0.0,0.0
8,8,0.0,0.0,0.0,0.0,0.0,0.0,0.0,0.0,1.0,0.0,0.0
8,8,0.0,0.0,0.0,0.0,0.0,0.0,0.0,0.0,1.0,0.0,0.0
8,8,0.0,0.0,0.0,0.0,0.0,0.0,0.0,0.0,1.0,0.0,0.0
8,8,0.0,0.0,0.0,0.0,0.0,0.0,0.0,0.0,1.0,0.0,0.0
8,8,0.0,0.0,0.0,0.0,0.0,0.0,0.0,0.0,1.0,0.0,0.0
8,8,0.0,0.0,0.0,0.0,0.0,0.0,0.0,0.0,1.0,0.0,0.0
8,8,0.0,0.0,0.0,0.0,0.0,0.0,0.0,0.0,1.0,0.0,0.0
8,8,0.0,0.0,0.0,0.0,0.0,0.0,0.0,0.0,1.0,0.0,0.0
8,8,0.0,0.0,0.0,0.0,0.0,0.0,0.0,0.0,1.0,0.0,0.0
8,8,0.0,0.0,0.0,0.0,0.0,0.0,0.0,0.0,1.0,0.0,0.0
8,8,0.0,0.0,0.0,0.0,0.0,0.0,0.0,0.0,1.0,0.0,0.0
8,8,0.0,0.0,0.0,0.0,0.0,0.0,0.0,0.0,1.0,0.0,0.0
8,8,0.0,0.0,0.0,0.0,0.0,0.0,0.0,0.0,1.0,0.0,0.0
8,8,0.0,0.0,0.0,0.0,0.0,0.0,0.0,0.0,1.0,0.0,0.0
8,8,0.0,0.0,0.0,0.0,0.0,0.0,0.0,0.0,1.0,0.0,0.0
8,8,0.0,0.0,0.0,0.0,0.0,0.0,0.0,0.0,1.0,0.0,0.0
8,8,0.0,0.0,0.0,0.0,0.0,0.0,0.0,0.0,1.0,0.0,0.0
8,8,0.0,0.0,0.0,0.0,0.0,0.0,0.0,0.0,1.0,0.0,0.0
8,8,0.0,0.0,0.0,0.0,0.0,0.0,0.0,0.0,1.0,0.0,0.0
8,8,0.0,0.0,0.0,0.0,0.0,0.0,0.0,0.0,1.0,0.0,0.0
8,8,0.0,0.0,0.0,0.0,0.0,0.0,0.0,0.0,1.0,0.0,0.0
8,8,0.0,0.0,0.0,0.0,0.0,0.0,0.0,0.0,1.0,0.0,0.0
8,8,0.0,0.0,0.0,0.0,0.0,0.0,0.0,0.0,1.0,0.0,0.0
8,8,0.0,0.0,0.0,0.0,0.0,0.0,0.0,0.0,1.0,0.0,0.0
8,8,0.0,0.0,0.0,0.0,0.0,0.0,0.0,0.0,1.0,0.0,0.0
8,8,0.0,0.0,0.0,0.0,0.0,0.0,0.0,0.0,1.0,0.0,0.0
8,8,0.0,0.0,0.0,0.0,0.0,0.0,0.0,0.0,1.0,0.0,0.0
8,8,0.0,0.0,0.0,0.0,0.0,0.0,0.0,0.0,1.0,0.0,0.0
8,8,0.0,0.0,0.0,0.0,0.0,0.0,0.0,0.0,1.0,0.0,0.0
8,8,0.0,0.0,0.0,0.0,0.0,0.0,0.0,0.0,1.0,0.0,0.0
8,8,0.0,0.0,0.0,0.0,0.0,0.0,0.0,0.0,1.0,0.0,0.0
8,8,0.0,0.0,0.0,0.0,0.0,0.0,0.0,0.0,1.0,0.0,0.0
8,8,0.0,0.0,0.0,0.0,0.0,0.0,0.0,0.0,1.0,0.0,0.0
8,8,0.0,0.0,0.0,0.0,0.0,0.0,0.0,0.0,1.0,0.0,0.0
8,8,0.0,0.0,0.0,0.0,0.0,0.0,0.0,0.0,1.0,0.0,0.0
8,8,0.0,0.0,0.0,0.0,0.0,0.0,0.0,0.0,1.0,0.0,0.0
8,8,0.0,0.0,0.0,0.0,0.0,0.0,0.0,0.0,1.0,0.0,0.0
8,8,0.0,0.0,0.0,0.0,0.0,0.0,0.0,0.0,1.0,0.0,0.0
8,8,0.0,0.0,0.0,0.0,0.0,0.0,0.0,0.0,1.0,0.0,0.0
8,8,0.0,0.0,0.0,0.0,0.0,0.0,0.0,0.0,1.0,0.0,0.0
8,8,0.0,0.0,0.0,0.0,0.0,0.0,0.0,0.0,1.0,0.0,0.0
8,8,0.0,0.0,0.0,0.0,0.0,0.0,0.0,0.0,1.0,0.0,0.0
8,8,0.0,0.0,0.0,0.0,0.0,0.0,0.0,0.0,1.0,0.0,0.0
8,8,0.0,0.0,0.0,0.0,0.0,0.0,0.0,0.0,1.0,0.0,0.0
8,8,0.0,0.0,0.0,0.0,0.0,0.0,0.0,0.0,1.0,0.0,0.0
8,8,0.0,0.0,0.0,0.0,0.0,0.0,0.0,0.0,1.0,0.0,0.0
8,8,0.0,0.0,0.0,0.0,0.0,0.0,0.0,0.0,1.0,0.0,0.0
8,8,0.0,0.0,0.0,0.0,0.0,0.0,0.0,0.0,1.0,0.0,0.0
8,8,0.0,0.0,0.0,0.0,0.0,0.0,0.0,0.0,1.0,0.0,0.0
8,8,0.0,0.0,0.0,0.0,0.0,0.0,0.0,0.0,1.0,0.0,0.0
8,8,0.0,0.0,0.0,0.0,0.0,0.0,0.0,0.0,1.0,0.0,0.0
8,8,0.0,0.0,0.0,0.0,0.0,0.0,0.0,0.0,1.0,0.0,0.0
8,8,0.0,0.0,0.0,0.0,0.0,0.0,0.0,0.0,1.0,0.0,0.0
8,8,0.0,0.0,0.0,0.0,0.0,0.0,0.0,0.0,1.0,0.0,0.0
8,8,0.0,0.0,0.0,0.0,0.0,0.0,0.0,0.0,1.0,0.0,0.0
8,8,0.0,0.0,0.0,0.0,0.0,0.0,0.0,0.0,1.0,0.0,0.0
8,8,0.0,0.0,0.0,0.0,0.0,0.0,0.0,0.0,1.0,0.0,0.0
8,8,0.0,0.0,0.0,0.0,0.0,0.0,0.0,0.0,1.0,0.0,0.0
8,8,0.0,0.0,0.0,0.0,0.0,0.0,0.0,0.0,1.0,0.0,0.0
8,8,0.0,0.0,0.0,0.0,0.0,0.0,0.0,0.0,1.0,0.0,0.0
8,8,0.0,0.0,0.0,0.0,0.0,0.0,0.0,0.0,1.0,0.0,0.0
8,8,0.0,0.0,0.0,0.0,0.0,0.0,0.0,0.0,1.0,0.0,0.0
8,8,0.0,0.0,0.0,0.0,0.0,0.0,0.0,0.0,1.0,0.0,0.0
8,8,0.0,0.0,0.0,0.0,0.0,0.0,0.0,0.0,1.0,0.0,0.0
8,8,0.0,0.0,0.0,0.0,0.0,0.0,0.0,0.0,1.0,0.0,0.0
8,8,0.0,0.0,0.0,0.0,0.0,0.0,0.0,0.0,1.0,0.0,0.0
8,8,0.0,0.0,0.0,0.0,0.0,0.0,0.0,0.0,1.0,0.0,0.0
8,8,0.0,0.0,0.0,0.0,0.0,0.0,0.0,0.0,1.0,0.0,0.0
8,8,0.0,0.0,0.0,0.0,0.0,0.0,0.0,0.0,1.0,0.0,0.0
8,8,0.0,0.0,0.0,0.0,0.0,0.0,0.0,0.0,1.0,0.0,0.0
8,8,0.0,0.0,0.0,0.0,0.0,0.0,0.0,0.0,1.0,0.0,0.0
8,8,0.0,0.0,0.0,0.0,0.0,0.0,0.0,0.0,1.0,0.0,0.0
8,8,0.0,0.0,0.0,0.0,0.0,0.0,0.0,0.0,1.0,0.0,0.0
8,8,0.0,0.0,0.0,0.0,0.0,0.0,0.0,0.0,1.0,0.0,0.0
8,8,0.0,0.0,0.0,0.0,0.0,0.0,0.0,0.0,1.0,0.0,0.0
8,8,0.0,0.0,0.0,0.0,0.0,0.0,0.0,0.0,1.0,0.0,0.0
8,8,0.0,0.0,0.0,0.0,0.0,0.0,0.0,0.0,1.0,0.0,0.0
8,8,0.0,0.0,0.0,0.0,0.0,0.0,0.0,0.0,1.0,0.0,0.0
8,8,0.0,0.0,0.0,0.0,0.0,0.0,0.0,0.0,1.0,0.0,0.0
8,8,0.0,0.0,0.0,0.0,0.0,0.0,0.0,0.0,1.0,0.0,0.0
8,8,0.0,0.0,0.0,0.0,0.0,0.0,0.0,0.0,1.0,0.0,0.0
8,8,0.0,0.0,0.0,0.0,0.0,0.0,0.0,0.0,1.0,0.0,0.0
8,8,0.0,0.0,0.0,0.0,0.0,0.0,0.0,0.0,1.0,0.0,0.0
8,8,0.0,0.0,0.0,0.0,0.0,0.0,0.0,0.0,1.0,0.0,0.0
8,8,0.0,0.0,0.0,0.0,0.0,0.0,0.0,0.0,1.0,0.0,0.0
8,8,0.0,0.0,0.0,0.0,0.0,0.0,0.0,0.0,1.0,0.0,0.0
8,8,0.0,0.0,0.0,0.0,0.0,0.0,0.0,0.0,1.0,0.0,0.0
8,8,0.0,0.0,0.0,0.0,0.0,0.0,0.0,0.0,1.0,0.0,0.0
8,8,0.0,0.0,0.0,0.0,0.0,0.0,0.0,0.0,1.0,0.0,0.0
8,8,0.0,0.0,0.0,0.0,0.0,0.0,0.0,0.0,1.0,0.0,0.0
8,8,0.0,0.0,0.0,0.0,0.0,0.0,0.0,0.0,1.0,0.0,0.0
8,8,0.0,0.0,0.0,0.0,0.0,0.0,0.0,0.0,1.0,0.0,0.0
8,8,0.0,0.0,0.0,0.0,0.0,0.0,0.0,0.0,1.0,0.0,0.0
8,8,0.0,0.0,0.0,0.0,0.0,0.0,0.0,0.0,1.0,0.0,0.0
8,8,0.0,0.0,0.0,0.0,0.0,0.0,0.0,0.0,1.0,0.0,0.0
8,8,0.0,0.0,0.0,0.0,0.0,0.0,0.0,0.0,1.0,0.0,0.0
8,8,0.0,0.0,0.0,0.0,0.0,0.0,0.0,0.0,1.0,0.0,0.0
8,8,0.0,0.0,0.0,0.0,0.0,0.0,0.0,0.0,1.0,0.0,0.0
8,8,0.0,0.0,0.0,0.0,0.0,0.0,0.0,0.0,1.0,0.0,0.0
8,8,0.0,0.0,0.0,0.0,0.0,0.0,0.0,0.0,1.0,0.0,0.0
8,8,0.0,0.0,0.0,0.0,0.0,0.0,0.0,0.0,1.0,0.0,0.0
8,8,0.0,0.0,0.0,0.0,0.0,0.0,0.0,0.0,1.0,0.0,0.0
8,8,0.0,0.0,0.0,0.0,0.0,0.0,0.0,0.0,1.0,0.0,0.0
8,8,0.0,0.0,0.0,0.0,0.0,0.0,0.0,0.0,1.0,0.0,0.0
8,8,0.0,0.0,0.0,0.0,0.0,0.0,0.0,0.0,1.0,0.0,0.0
8,8,0.0,0.0,0.0,0.0,0.0,0.0,0.0,0.0,1.0,0.0,0.0
8,8,0.0,0.0,0.0,0.0,0.0,0.0,0.0,0.0,1.0,0.0,0.0
8,8,0.0,0.0,0.0,0.0,0.0,0.0,0.0,0.0,1.0,0.0,0.0
8,8,0.0,0.0,0.0,0.0,0.0,0.0,0.0,0.0,1.0,0.0,0.0
8,8,0.0,0.0,0.0,0.0,0.0,0.0,0.0,0.0,1.0,0.0,0.0
8,8,0.0,0.0,0.0,0.0,0.0,0.0,0.0,0.0,1.0,0.0,0.0
8,8,0.0,0.0,0.0,0.0,0.0,0.0,0.0,0.0,1.0,0.0,0.0
8,8,0.0,0.0,0.0,0.0,0.0,0.0,0.0,0.0,1.0,0.0,0.0
8,8,0.0,0.0,0.0,0.0,0.0,0.0,0.0,0.0,1.0,0.0,0.0
8,8,0.0,0.0,0.0,0.0,0.0,0.0,0.0,0.0,1.0,0.0,0.0
8,8,0.0,0.0,0.0,0.0,0.0,0.0,0.0,0.0,1.0,0.0,0.0
8,8,0.0,0.0,0.0,0.0,0.0,0.0,0.0,0.0,1.0,0.0,0.0
8,8,0.0,0.0,0.0,0.0,0.0,0.0,0.0,0.0,1.0,0.0,0.0
8,8,0.0,0.0,0.0,0.0,0.0,0.0,0.0,0.0,1.0,0.0,0.0
8,8,0.0,0.0,0.0,0.0,0.0,0.0,0.0,0.0,1.0,0.0,0.0
8,8,0.0,0.0,0.0,0.0,0.0,0.0,0.0,0.0,1.0,0.0,0.0
8,8,0.0,0.0,0.0,0.0,0.0,0.0,0.0,0.0,1.0,0.0,0.0
8,8,0.0,0.0,0.0,0.0,0.0,0.0,0.0,0.0,1.0,0.0,0.0
8,8,0.0,0.0,0.0,0.0,0.0,0.0,0.0,0.0,1.0,0.0,0.0
8,8,0.0,0.0,0.0,0.0,0.0,0.0,0.0,0.0,1.0,0.0,0.0
8,8,0.0,0.0,0.0,0.0,0.0,0.0,0.0,0.0,1.0,0.0,0.0
8,8,0.0,0.0,0.0,0.0,0.0,0.0,0.0,0.0,1.0,0.0,0.0
8,8,0.0,0.0,0.0,0.0,0.0,0.0,0.0,0.0,1.0,0.0,0.0
8,8,0.0,0.0,0.0,0.0,0.0,0.0,0.0,0.0,1.0,0.0,0.0
8,8,0.0,0.0,0.0,0.0,0.0,0.0,0.0,0.0,1.0,0.0,0.0
8,8,0.0,0.0,0.0,0.0,0.0,0.0,0.0,0.0,1.0,0.0,0.0
8,8,0.0,0.0,0.0,0.0,0.0,0.0,0.0,0.0,1.0,0.0,0.0
8,8,0.0,0.0,0.0,0.0,0.0,0.0,0.0,0.0,1.0,0.0,0.0
8,8,0.0,0.0,0.0,0.0,0.0,0.0,0.0,0.0,1.0,0.0,0.0
8,8,0.0,0.0,0.0,0.0,0.0,0.0,0.0,0.0,1.0,0.0,0.0
8,8,0.0,0.0,0.0,0.0,0.0,0.0,0.0,0.0,1.0,0.0,0.0
8,8,0.0,0.0,0.0,0.0,0.0,0.0,0.0,0.0,1.0,0.0,0.0
8,8,0.0,0.0,0.0,0.0,0.0,0.0,0.0,0.0,1.0,0.0,0.0
8,8,0.0,0.0,0.0,0.0,0.0,0.0,0.0,0.0,1.0,0.0,0.0
8,8,0.0,0.0,0.0,0.0,0.0,0.0,0.0,0.0,1.0,0.0,0.0
8,8,0.0,0.0,0.0,0.0,0.0,0.0,0.0,0.0,1.0,0.0,0.0
8,8,0.0,0.0,0.0,0.0,0.0,0.0,0.0,0.0,1.0,0.0,0.0
8,8,0.0,0.0,0.0,0.0,0.0,0.0,0.0,0.0,1.0,0.0,0.0
8,8,0.0,0.0,0.0,0.0,0.0,0.0,0.0,0.0,1.0,0.0,0.0
8,8,0.0,0.0,0.0,0.0,0.0,0.0,0.0,0.0,1.0,0.0,0.0
8,8,0.0,0.0,0.0,0.0,0.0,0.0,0.0,0.0,1.0,0.0,0.0
8,8,0.0,0.0,0.0,0.0,0.0,0.0,0.0,0.0,1.0,0.0,0.0
8,8,0.0,0.0,0.0,0.0,0.0,0.0,0.0,0.0,1.0,0.0,0.0
8,8,0.0,0.0,0.0,0.0,0.0,0.0,0.0,0.0,1.0,0.0,0.0
8,8,0.0,0.0,0.0,0.0,0.0,0.0,0.0,0.0,1.0,0.0,0.0
8,8,0.0,0.0,0.0,0.0,0.0,0.0,0.0,0.0,1.0,0.0,0.0
8,8,0.0,0.0,0.0,0.0,0.0,0.0,0.0,0.0,1.0,0.0,0.0
8,8,0.0,0.0,0.0,0.0,0.0,0.0,0.0,0.0,1.0,0.0,0.0
8,8,0.0,0.0,0.0,0.0,0.0,0.0,0.0,0.0,1.0,0.0,0.0
8,8,0.0,0.0,0.0,0.0,0.0,0.0,0.0,0.0,1.0,0.0,0.0
8,8,0.0,0.0,0.0,0.0,0.0,0.0,0.0,0.0,1.0,0.0,0.0
8,8,0.0,0.0,0.0,0.0,0.0,0.0,0.0,0.0,1.0,0.0,0.0
8,8,0.0,0.0,0.0,0.0,0.0,0.0,0.0,0.0,1.0,0.0,0.0
8,8,0.0,0.0,0.0,0.0,0.0,0.0,0.0,0.0,1.0,0.0,0.0
8,8,0.0,0.0,0.0,0.0,0.0,0.0,0.0,0.0,1.0,0.0,0.0
8,8,0.0,0.0,0.0,0.0,0.0,0.0,0.0,0.0,1.0,0.0,0.0
8,8,0.0,0.0,0.0,0.0,0.0,0.0,0.0,0.0,1.0,0.0,0.0
8,8,0.0,0.0,0.0,0.0,0.0,0.0,0.0,0.0,1.0,0.0,0.0
8,8,0.0,0.0,0.0,0.0,0.0,0.0,0.0,0.0,1.0,0.0,0.0
8,8,0.0,0.0,0.0,0.0,0.0,0.0,0.0,0.0,1.0,0.0,0.0
8,8,0.0,0.0,0.0,0.0,0.0,0.0,0.0,0.0,1.0,0.0,0.0
8,8,0.0,0.0,0.0,0.0,0.0,0.0,0.0,0.0,1.0,0.0,0.0
8,8,0.0,0.0,0.0,0.0,0.0,0.0,0.0,0.0,1.0,0.0,0.0
8,8,0.0,0.0,0.0,0.0,0.0,0.0,0.0,0.0,1.0,0.0,0.0
8,8,0.0,0.0,0.0,0.0,0.0,0.0,0.0,0.0,1.0,0.0,0.0
8,8,0.0,0.0,0.0,0.0,0.0,0.0,0.0,0.0,1.0,0.0,0.0
8,8,0.0,0.0,0.0,0.0,0.0,0.0,0.0,0.0,1.0,0.0,0.0
8,8,0.0,0.0,0.0,0.0,0.0,0.0,0.0,0.0,1.0,0.0,0.0
8,8,0.0,0.0,0.0,0.0,0.0,0.0,0.0,0.0,1.0,0.0,0.0
8,8,0.0,0.0,0.0,0.0,0.0,0.0,0.0,0.0,1.0,0.0,0.0
8,8,0.0,0.0,0.0,0.0,0.0,0.0,0.0,0.0,1.0,0.0,0.0
8,8,0.0,0.0,0.0,0.0,0.0,0.0,0.0,0.0,1.0,0.0,0.0
8,8,0.0,0.0,0.0,0.0,0.0,0.0,0.0,0.0,1.0,0.0,0.0
8,8,0.0,0.0,0.0,0.0,0.0,0.0,0.0,0.0,1.0,0.0,0.0
8,8,0.0,0.0,0.0,0.0,0.0,0.0,0.0,0.0,1.0,0.0,0.0
8,8,0.0,0.0,0.0,0.0,0.0,0.0,0.0,0.0,1.0,0.0,0.0
8,8,0.0,0.0,0.0,0.0,0.0,0.0,0.0,0.0,1.0,0.0,0.0
8,8,0.0,0.0,0.0,0.0,0.0,0.0,0.0,0.0,1.0,0.0,0.0
8,8,0.0,0.0,0.0,0.0,0.0,0.0,0.0,0.0,1.0,0.0,0.0
8,8,0.0,0.0,0.0,0.0,0.0,0.0,0.0,0.0,1.0,0.0,0.0
8,8,0.0,0.0,0.0,0.0,0.0,0.0,0.0,0.0,1.0,0.0,0.0
8,8,0.0,0.0,0.0,0.0,0.0,0.0,0.0,0.0,1.0,0.0,0.0
8,8,0.0,0.0,0.0,0.0,0.0,0.0,0.0,0.0,1.0,0.0,0.0
8,8,0.0,0.0,0.0,0.0,0.0,0.0,0.0,0.0,1.0,0.0,0.0
8,8,0.0,0.0,0.0,0.0,0.0,0.0,0.0,0.0,1.0,0.0,0.0
8,8,0.0,0.0,0.0,0.0,0.0,0.0,0.0,0.0,1.0,0.0,0.0
8,8,0.0,0.0,0.0,0.0,0.0,0.0,0.0,0.0,1.0,0.0,0.0
8,8,0.0,0.0,0.0,0.0,0.0,0.0,0.0,0.0,1.0,0.0,0.0
8,8,0.0,0.0,0.0,0.0,0.0,0.0,0.0,0.0,1.0,0.0,0.0
8,8,0.0,0.0,0.0,0.0,0.0,0.0,0.0,0.0,1.0,0.0,0.0
8,8,0.0,0.0,0.0,0.0,0.0,0.0,0.0,0.0,1.0,0.0,0.0
8,8,0.0,0.0,0.0,0.0,0.0,0.0,0.0,0.0,1.0,0.0,0.0
8,8,0.0,0.0,0.0,0.0,0.0,0.0,0.0,0.0,1.0,0.0,0.0
8,8,0.0,0.0,0.0,0.0,0.0,0.0,0.0,0.0,1.0,0.0,0.0
8,8,0.0,0.0,0.0,0.0,0.0,0.0,0.0,0.0,1.0,0.0,0.0
8,8,0.0,0.0,0.0,0.0,0.0,0.0,0.0,0.0,1.0,0.0,0.0
8,8,0.0,0.0,0.0,0.0,0.0,0.0,0.0,0.0,1.0,0.0,0.0
8,8,0.0,0.0,0.0,0.0,0.0,0.0,0.0,0.0,1.0,0.0,0.0
8,8,0.0,0.0,0.0,0.0,0.0,0.0,0.0,0.0,1.0,0.0,0.0
8,8,0.0,0.0,0.0,0.0,0.0,0.0,0.0,0.0,1.0,0.0,0.0
8,8,0.0,0.0,0.0,0.0,0.0,0.0,0.0,0.0,1.0,0.0,0.0
8,8,0.0,0.0,0.0,0.0,0.0,0.0,0.0,0.0,1.0,0.0,0.0
8,8,0.0,0.0,0.0,0.0,0.0,0.0,0.0,0.0,1.0,0.0,0.0
8,8,0.0,0.0,0.0,0.0,0.0,0.0,0.0,0.0,1.0,0.0,0.0
8,8,0.0,0.0,0.0,0.0,0.0,0.0,0.0,0.0,1.0,0.0,0.0
8,8,0.0,0.0,0.0,0.0,0.0,0.0,0.0,0.0,1.0,0.0,0.0
8,8,0.0,0.0,0.0,0.0,0.0,0.0,0.0,0.0,1.0,0.0,0.0
8,8,0.0,0.0,0.0,0.0,0.0,0.0,0.0,0.0,1.0,0.0,0.0
8,8,0.0,0.0,0.0,0.0,0.0,0.0,0.0,0.0,1.0,0.0,0.0
8,8,0.0,0.0,0.0,0.0,0.0,0.0,0.0,0.0,1.0,0.0,0.0
8,8,0.0,0.0,0.0,0.0,0.0,0.0,0.0,0.0,1.0,0.0,0.0
8,8,0.0,0.0,0.0,0.0,0.0,0.0,0.0,0.0,1.0,0.0,0.0
8,8,0.0,0.0,0.0,0.0,0.0,0.0,0.0,0.0,1.0,0.0,0.0
8,8,0.0,0.0,0.0,0.0,0.0,0.0,0.0,0.0,1.0,0.0,0.0
8,8,0.0,0.0,0.0,0.0,0.0,0.0,0.0,0.0,1.0,0.0,0.0
8,8,0.0,0.0,0.0,0.0,0.0,0.0,0.0,0.0,1.0,0.0,0.0
8,8,0.0,0.0,0.0,0.0,0.0,0.0,0.0,0.0,1.0,0.0,0.0
8,8,0.0,0.0,0.0,0.0,0.0,0.0,0.0,0.0,1.0,0.0,0.0
8,8,0.0,0.0,0.0,0.0,0.0,0.0,0.0,0.0,1.0,0.0,0.0
8,8,0.0,0.0,0.0,0.0,0.0,0.0,0.0,0.0,1.0,0.0,0.0
8,8,0.0,0.0,0.0,0.0,0.0,0.0,0.0,0.0,1.0,0.0,0.0
8,8,0.0,0.0,0.0,0.0,0.0,0.0,0.0,0.0,1.0,0.0,0.0
8,8,0.0,0.0,0.0,0.0,0.0,0.0,0.0,0.0,1.0,0.0,0.0
8,8,0.0,0.0,0.0,0.0,0.0,0.0,0.0,0.0,1.0,0.0,0.0
8,8,0.0,0.0,0.0,0.0,0.0,0.0,0.0,0.0,1.0,0.0,0.0
8,8,0.0,0.0,0.0,0.0,0.0,0.0,0.0,0.0,1.0,0.0,0.0
8,8,0.0,0.0,0.0,0.0,0.0,0.0,0.0,0.0,1.0,0.0,0.0
8,8,0.0,0.0,0.0,0.0,0.0,0.0,0.0,0.0,1.0,0.0,0.0
8,8,0.0,0.0,0.0,0.0,0.0,0.0,0.0,0.0,1.0,0.0,0.0
8,8,0.0,0.0,0.0,0.0,0.0,0.0,0.0,0.0,1.0,0.0,0.0
8,8,0.0,0.0,0.0,0.0,0.0,0.0,0.0,0.0,1.0,0.0,0.0
8,8,0.0,0.0,0.0,0.0,0.0,0.0,0.0,0.0,1.0,0.0,0.0
8,8,0.0,0.0,0.0,0.0,0.0,0.0,0.0,0.0,1.0,0.0,0.0
8,8,0.0,0.0,0.0,0.0,0.0,0.0,0.0,0.0,1.0,0.0,0.0
8,8,0.0,0.0,0.0,0.0,0.0,0.0,0.0,0.0,1.0,0.0,0.0
8,8,0.0,0.0,0.0,0.0,0.0,0.0,0.0,0.0,1.0,0.0,0.0
8,8,0.0,0.0,0.0,0.0,0.0,0.0,0.0,0.0,1.0,0.0,0.0
8,8,0.0,0.0,0.0,0.0,0.0,0.0,0.0,0.0,1.0,0.0,0.0
8,8,0.0,0.0,0.0,0.0,0.0,0.0,0.0,0.0,1.0,0.0,0.0
8,8,0.0,0.0,0.0,0.0,0.0,0.0,0.0,0.0,1.0,0.0,0.0
8,8,0.0,0.0,0.0,0.0,0.0,0.0,0.0,0.0,1.0,0.0,0.0
8,8,0.0,0.0,0.0,0.0,0.0,0.0,0.0,0.0,1.0,0.0,0.0
8,8,0.0,0.0,0.0,0.0,0.0,0.0,0.0,0.0,1.0,0.0,0.0
8,8,0.0,0.0,0.0,0.0,0.0,0.0,0.0,0.0,1.0,0.0,0.0
8,8,0.0,0.0,0.0,0.0,0.0,0.0,0.0,0.0,1.0,0.0,0.0
8,8,0.0,0.0,0.0,0.0,0.0,0.0,0.0,0.0,1.0,0.0,0.0
8,8,0.0,0.0,0.0,0.0,0.0,0.0,0.0,0.0,1.0,0.0,0.0
8,8,0.0,0.0,0.0,0.0,0.0,0.0,0.0,0.0,1.0,0.0,0.0
8,8,0.0,0.0,0.0,0.0,0.0,0.0,0.0,0.0,1.0,0.0,0.0
8,8,0.0,0.0,0.0,0.0,0.0,0.0,0.0,0.0,1.0,0.0,0.0
8,8,0.0,0.0,0.0,0.0,0.0,0.0,0.0,0.0,1.0,0.0,0.0
8,8,0.0,0.0,0.0,0.0,0.0,0.0,0.0,0.0,1.0,0.0,0.0
8,8,0.0,0.0,0.0,0.0,0.0,0.0,0.0,0.0,1.0,0.0,0.0
8,8,0.0,0.0,0.0,0.0,0.0,0.0,0.0,0.0,1.0,0.0,0.0
8,8,0.0,0.0,0.0,0.0,0.0,0.0,0.0,0.0,1.0,0.0,0.0
8,8,0.0,0.0,0.0,0.0,0.0,0.0,0.0,0.0,1.0,0.0,0.0
8,8,0.0,0.0,0.0,0.0,0.0,0.0,0.0,0.0,1.0,0.0,0.0
8,8,0.0,0.0,0.0,0.0,0.0,0.0,0.0,0.0,1.0,0.0,0.0
8,8,0.0,0.0,0.0,0.0,0.0,0.0,0.0,0.0,1.0,0.0,0.0
8,8,0.0,0.0,0.0,0.0,0.0,0.0,0.0,0.0,1.0,0.0,0.0
8,8,0.0,0.0,0.0,0.0,0.0,0.0,0.0,0.0,1.0,0.0,0.0
8,8,0.0,0.0,0.0,0.0,0.0,0.0,0.0,0.0,1.0,0.0,0.0
8,8,0.0,0.0,0.0,0.0,0.0,0.0,0.0,0.0,1.0,0.0,0.0
8,8,0.0,0.0,0.0,0.0,0.0,0.0,0.0,0.0,1.0,0.0,0.0
8,8,0.0,0.0,0.0,0.0,0.0,0.0,0.0,0.0,1.0,0.0,0.0
8,8,0.0,0.0,0.0,0.0,0.0,0.0,0.0,0.0,1.0,0.0,0.0
8,8,0.0,0.0,0.0,0.0,0.0,0.0,0.0,0.0,1.0,0.0,0.0
8,8,0.0,0.0,0.0,0.0,0.0,0.0,0.0,0.0,1.0,0.0,0.0
8,8,0.0,0.0,0.0,0.0,0.0,0.0,0.0,0.0,1.0,0.0,0.0
8,8,0.0,0.0,0.0,0.0,0.0,0.0,0.0,0.0,1.0,0.0,0.0
8,8,0.0,0.0,0.0,0.0,0.0,0.0,0.0,0.0,1.0,0.0,0.0
8,8,0.0,0.0,0.0,0.0,0.0,0.0,0.0,0.0,1.0,0.0,0.0
8,8,0.0,0.0,0.0,0.0,0.0,0.0,0.0,0.0,1.0,0.0,0.0
8,8,0.0,0.0,0.0,0.0,0.0,0.0,0.0,0.0,1.0,0.0,0.0
8,8,0.0,0.0,0.0,0.0,0.0,0.0,0.0,0.0,1.0,0.0,0.0
8,8,0.0,0.0,0.0,0.0,0.0,0.0,0.0,0.0,1.0,0.0,0.0
8,8,0.0,0.0,0.0,0.0,0.0,0.0,0.0,0.0,1.0,0.0,0.0
8,8,0.0,0.0,0.0,0.0,0.0,0.0,0.0,0.0,1.0,0.0,0.0
8,8,0.0,0.0,0.0,0.0,0.0,0.0,0.0,0.0,1.0,0.0,0.0
8,8,0.0,0.0,0.0,0.0,0.0,0.0,0.0,0.0,1.0,0.0,0.0
8,8,0.0,0.0,0.0,0.0,0.0,0.0,0.0,0.0,1.0,0.0,0.0
8,8,0.0,0.0,0.0,0.0,0.0,0.0,0.0,0.0,1.0,0.0,0.0
8,8,0.0,0.0,0.0,0.0,0.0,0.0,0.0,0.0,1.0,0.0,0.0
8,8,0.0,0.0,0.0,0.0,0.0,0.0,0.0,0.0,1.0,0.0,0.0
8,8,0.0,0.0,0.0,0.0,0.0,0.0,0.0,0.0,1.0,0.0,0.0
8,8,0.0,0.0,0.0,0.0,0.0,0.0,0.0,0.0,1.0,0.0,0.0
8,8,0.0,0.0,0.0,0.0,0.0,0.0,0.0,0.0,1.0,0.0,0.0
8,8,0.0,0.0,0.0,0.0,0.0,0.0,0.0,0.0,1.0,0.0,0.0
8,8,0.0,0.0,0.0,0.0,0.0,0.0,0.0,0.0,1.0,0.0,0.0
8,8,0.0,0.0,0.0,0.0,0.0,0.0,0.0,0.0,1.0,0.0,0.0
8,8,0.0,0.0,0.0,0.0,0.0,0.0,0.0,0.0,1.0,0.0,0.0
8,8,0.0,0.0,0.0,0.0,0.0,0.0,0.0,0.0,1.0,0.0,0.0
8,8,0.0,0.0,0.0,0.0,0.0,0.0,0.0,0.0,1.0,0.0,0.0
8,8,0.0,0.0,0.0,0.0,0.0,0.0,0.0,0.0,1.0,0.0,0.0
8,8,0.0,0.0,0.0,0.0,0.0,0.0,0.0,0.0,1.0,0.0,0.0
8,8,0.0,0.0,0.0,0.0,0.0,0.0,0.0,0.0,1.0,0.0,0.0
8,8,0.0,0.0,0.0,0.0,0.0,0.0,0.0,0.0,1.0,0.0,0.0
8,8,0.0,0.0,0.0,0.0,0.0,0.0,0.0,0.0,1.0,0.0,0.0
8,8,0.0,0.0,0.0,0.0,0.0,0.0,0.0,0.0,1.0,0.0,0.0
8,8,0.0,0.0,0.0,0.0,0.0,0.0,0.0,0.0,1.0,0.0,0.0
8,8,0.0,0.0,0.0,0.0,0.0,0.0,0.0,0.0,1.0,0.0,0.0
8,8,0.0,0.0,0.0,0.0,0.0,0.0,0.0,0.0,1.0,0.0,0.0
8,8,0.0,0.0,0.0,0.0,0.0,0.0,0.0,0.0,1.0,0.0,0.0
8,8,0.0,0.0,0.0,0.0,0.0,0.0,0.0,0.0,1.0,0.0,0.0
8,8,0.0,0.0,0.0,0.0,0.0,0.0,0.0,0.0,1.0,0.0,0.0
8,8,0.0,0.0,0.0,0.0,0.0,0.0,0.0,0.0,1.0,0.0,0.0
8,8,0.0,0.0,0.0,0.0,0.0,0.0,0.0,0.0,1.0,0.0,0.0
8,8,0.0,0.0,0.0,0.0,0.0,0.0,0.0,0.0,1.0,0.0,0.0
8,8,0.0,0.0,0.0,0.0,0.0,0.0,0.0,0.0,1.0,0.0,0.0
8,8,0.0,0.0,0.0,0.0,0.0,0.0,0.0,0.0,1.0,0.0,0.0
8,8,0.0,0.0,0.0,0.0,0.0,0.0,0.0,0.0,1.0,0.0,0.0
8,8,0.0,0.0,0.0,0.0,0.0,0.0,0.0,0.0,1.0,0.0,0.0
8,8,0.0,0.0,0.0,0.0,0.0,0.0,0.0,0.0,1.0,0.0,0.0
8,8,0.0,0.0,0.0,0.0,0.0,0.0,0.0,0.0,1.0,0.0,0.0
8,8,0.0,0.0,0.0,0.0,0.0,0.0,0.0,0.0,1.0,0.0,0.0
8,8,0.0,0.0,0.0,0.0,0.0,0.0,0.0,0.0,1.0,0.0,0.0
8,8,0.0,0.0,0.0,0.0,0.0,0.0,0.0,0.0,1.0,0.0,0.0
8,8,0.0,0.0,0.0,0.0,0.0,0.0,0.0,0.0,1.0,0.0,0.0
8,8,0.0,0.0,0.0,0.0,0.0,0.0,0.0,0.0,1.0,0.0,0.0
8,8,0.0,0.0,0.0,0.0,0.0,0.0,0.0,0.0,1.0,0.0,0.0
8,8,0.0,0.0,0.0,0.0,0.0,0.0,0.0,0.0,1.0,0.0,0.0
8,8,0.0,0.0,0.0,0.0,0.0,0.0,0.0,0.0,1.0,0.0,0.0
8,8,0.0,0.0,0.0,0.0,0.0,0.0,0.0,0.0,1.0,0.0,0.0
8,8,0.0,0.0,0.0,0.0,0.0,0.0,0.0,0.0,1.0,0.0,0.0
8,8,0.0,0.0,0.0,0.0,0.0,0.0,0.0,0.0,1.0,0.0,0.0
8,8,0.0,0.0,0.0,0.0,0.0,0.0,0.0,0.0,1.0,0.0,0.0
8,8,0.0,0.0,0.0,0.0,0.0,0.0,0.0,0.0,1.0,0.0,0.0
8,8,0.0,0.0,0.0,0.0,0.0,0.0,0.0,0.0,1.0,0.0,0.0
8,8,0.0,0.0,0.0,0.0,0.0,0.0,0.0,0.0,1.0,0.0,0.0
8,8,0.0,0.0,0.0,0.0,0.0,0.0,0.0,0.0,1.0,0.0,0.0
8,8,0.0,0.0,0.0,0.0,0.0,0.0,0.0,0.0,1.0,0.0,0.0
8,8,0.0,0.0,0.0,0.0,0.0,0.0,0.0,0.0,1.0,0.0,0.0
8,8,0.0,0.0,0.0,0.0,0.0,0.0,0.0,0.0,1.0,0.0,0.0
8,8,0.0,0.0,0.0,0.0,0.0,0.0,0.0,0.0,1.0,0.0,0.0
8,8,0.0,0.0,0.0,0.0,0.0,0.0,0.0,0.0,1.0,0.0,0.0
8,8,0.0,0.0,0.0,0.0,0.0,0.0,0.0,0.0,1.0,0.0,0.0
8,8,0.0,0.0,0.0,0.0,0.0,0.0,0.0,0.0,1.0,0.0,0.0
8,8,0.0,0.0,0.0,0.0,0.0,0.0,0.0,0.0,1.0,0.0,0.0
8,8,0.0,0.0,0.0,0.0,0.0,0.0,0.0,0.0,1.0,0.0,0.0
8,8,0.0,0.0,0.0,0.0,0.0,0.0,0.0,0.0,1.0,0.0,0.0
8,8,0.0,0.0,0.0,0.0,0.0,0.0,0.0,0.0,1.0,0.0,0.0
8,8,0.0,0.0,0.0,0.0,0.0,0.0,0.0,0.0,1.0,0.0,0.0
8,8,0.0,0.0,0.0,0.0,0.0,0.0,0.0,0.0,1.0,0.0,0.0
8,8,0.0,0.0,0.0,0.0,0.0,0.0,0.0,0.0,1.0,0.0,0.0
8,8,0.0,0.0,0.0,0.0,0.0,0.0,0.0,0.0,1.0,0.0,0.0
8,8,0.0,0.0,0.0,0.0,0.0,0.0,0.0,0.0,1.0,0.0,0.0
8,8,0.0,0.0,0.0,0.0,0.0,0.0,0.0,0.0,1.0,0.0,0.0
8,8,0.0,0.0,0.0,0.0,0.0,0.0,0.0,0.0,1.0,0.0,0.0
8,8,0.0,0.0,0.0,0.0,0.0,0.0,0.0,0.0,1.0,0.0,0.0
8,8,0.0,0.0,0.0,0.0,0.0,0.0,0.0,0.0,1.0,0.0,0.0
8,8,0.0,0.0,0.0,0.0,0.0,0.0,0.0,0.0,1.0,0.0,0.0
8,8,0.0,0.0,0.0,0.0,0.0,0.0,0.0,0.0,1.0,0.0,0.0
8,8,0.0,0.0,0.0,0.0,0.0,0.0,0.0,0.0,1.0,0.0,0.0
8,8,0.0,0.0,0.0,0.0,0.0,0.0,0.0,0.0,1.0,0.0,0.0
8,8,0.0,0.0,0.0,0.0,0.0,0.0,0.0,0.0,1.0,0.0,0.0
8,8,0.0,0.0,0.0,0.0,0.0,0.0,0.0,0.0,1.0,0.0,0.0
8,8,0.0,0.0,0.0,0.0,0.0,0.0,0.0,0.0,1.0,0.0,0.0
8,8,0.0,0.0,0.0,0.0,0.0,0.0,0.0,0.0,1.0,0.0,0.0
8,8,0.0,0.0,0.0,0.0,0.0,0.0,0.0,0.0,1.0,0.0,0.0
8,8,0.0,0.0,0.0,0.0,0.0,0.0,0.0,0.0,1.0,0.0,0.0
8,8,0.0,0.0,0.0,0.0,0.0,0.0,0.0,0.0,1.0,0.0,0.0
8,8,0.0,0.0,0.0,0.0,0.0,0.0,0.0,0.0,1.0,0.0,0.0
8,8,0.0,0.0,0.0,0.0,0.0,0.0,0.0,0.0,1.0,0.0,0.0
8,8,0.0,0.0,0.0,0.0,0.0,0.0,0.0,0.0,1.0,0.0,0.0
8,8,0.0,0.0,0.0,0.0,0.0,0.0,0.0,0.0,1.0,0.0,0.0
8,8,0.0,0.0,0.0,0.0,0.0,0.0,0.0,0.0,1.0,0.0,0.0
8,8,0.0,0.0,0.0,0.0,0.0,0.0,0.0,0.0,1.0,0.0,0.0
8,8,0.0,0.0,0.0,0.0,0.0,0.0,0.0,0.0,1.0,0.0,0.0
8,8,0.0,0.0,0.0,0.0,0.0,0.0,0.0,0.0,1.0,0.0,0.0
8,8,0.0,0.0,0.0,0.0,0.0,0.0,0.0,0.0,1.0,0.0,0.0
8,8,0.0,0.0,0.0,0.0,0.0,0.0,0.0,0.0,1.0,0.0,0.0
8,8,0.0,0.0,0.0,0.0,0.0,0.0,0.0,0.0,1.0,0.0,0.0
8,8,0.0,0.0,0.0,0.0,0.0,0.0,0.0,0.0,1.0,0.0,0.0
8,8,0.0,0.0,0.0,0.0,0.0,0.0,0.0,0.0,1.0,0.0,0.0
8,8,0.0,0.0,0.0,0.0,0.0,0.0,0.0,0.0,1.0,0.0,0.0
8,8,0.0,0.0,0.0,0.0,0.0,0.0,0.0,0.0,1.0,0.0,0.0
8,8,0.0,0.0,0.0,0.0,0.0,0.0,0.0,0.0,1.0,0.0,0.0
8,8,0.0,0.0,0.0,0.0,0.0,0.0,0.0,0.0,1.0,0.0,0.0
8,8,0.0,0.0,0.0,0.0,0.0,0.0,0.0,0.0,1.0,0.0,0.0
8,8,0.0,0.0,0.0,0.0,0.0,0.0,0.0,0.0,1.0,0.0,0.0
8,8,0.0,0.0,0.0,0.0,0.0,0.0,0.0,0.0,1.0,0.0,0.0
8,8,0.0,0.0,0.0,0.0,0.0,0.0,0.0,0.0,1.0,0.0,0.0
8,8,0.0,0.0,0.0,0.0,0.0,0.0,0.0,0.0,1.0,0.0,0.0
8,8,0.0,0.0,0.0,0.0,0.0,0.0,0.0,0.0,1.0,0.0,0.0
8,8,0.0,0.0,0.0,0.0,0.0,0.0,0.0,0.0,1.0,0.0,0.0
8,8,0.0,0.0,0.0,0.0,0.0,0.0,0.0,0.0,1.0,0.0,0.0
8,8,0.0,0.0,0.0,0.0,0.0,0.0,0.0,0.0,1.0,0.0,0.0
8,8,0.0,0.0,0.0,0.0,0.0,0.0,0.0,0.0,1.0,0.0,0.0
8,8,0.0,0.0,0.0,0.0,0.0,0.0,0.0,0.0,1.0,0.0,0.0
8,8,0.0,0.0,0.0,0.0,0.0,0.0,0.0,0.0,1.0,0.0,0.0
8,8,0.0,0.0,0.0,0.0,0.0,0.0,0.0,0.0,1.0,0.0,0.0
8,8,0.0,0.0,0.0,0.0,0.0,0.0,0.0,0.0,1.0,0.0,0.0
8,8,0.0,0.0,0.0,0.0,0.0,0.0,0.0,0.0,1.0,0.0,0.0
8,8,0.0,0.0,0.0,0.0,0.0,0.0,0.0,0.0,1.0,0.0,0.0
8,8,0.0,0.0,0.0,0.0,0.0,0.0,0.0,0.0,1.0,0.0,0.0
8,8,0.0,0.0,0.0,0.0,0.0,0.0,0.0,0.0,1.0,0.0,0.0
8,8,0.0,0.0,0.0,0.0,0.0,0.0,0.0,0.0,1.0,0.0,0.0
8,8,0.0,0.0,0.0,0.0,0.0,0.0,0.0,0.0,1.0,0.0,0.0
8,8,0.0,0.0,0.0,0.0,0.0,0.0,0.0,0.0,1.0,0.0,0.0
8,8,0.0,0.0,0.0,0.0,0.0,0.0,0.0,0.0,1.0,0.0,0.0
8,8,0.0,0.0,0.0,0.0,0.0,0.0,0.0,0.0,1.0,0.0,0.0
8,8,0.0,0.0,0.0,0.0,0.0,0.0,0.0,0.0,1.0,0.0,0.0
8,8,0.0,0.0,0.0,0.0,0.0,0.0,0.0,0.0,1.0,0.0,0.0
8,8,0.0,0.0,0.0,0.0,0.0,0.0,0.0,0.0,1.0,0.0,0.0
8,8,0.0,0.0,0.0,0.0,0.0,0.0,0.0,0.0,1.0,0.0,0.0
8,8,0.0,0.0,0.0,0.0,0.0,0.0,0.0,0.0,1.0,0.0,0.0
8,8,0.0,0.0,0.0,0.0,0.0,0.0,0.0,0.0,1.0,0.0,0.0
8,8,0.0,0.0,0.0,0.0,0.0,0.0,0.0,0.0,1.0,0.0,0.0
8,8,0.0,0.0,0.0,0.0,0.0,0.0,0.0,0.0,1.0,0.0,0.0
8,8,0.0,0.0,0.0,0.0,0.0,0.0,0.0,0.0,1.0,0.0,0.0
8,8,0.0,0.0,0.0,0.0,0.0,0.0,0.0,0.0,1.0,0.0,0.0
8,8,0.0,0.0,0.0,0.0,0.0,0.0,0.0,0.0,1.0,0.0,0.0
8,8,0.0,0.0,0.0,0.0,0.0,0.0,0.0,0.0,1.0,0.0,0.0
8,8,0.0,0.0,0.0,0.0,0.0,0.0,0.0,0.0,1.0,0.0,0.0
8,8,0.0,0.0,0.0,0.0,0.0,0.0,0.0,0.0,1.0,0.0,0.0
8,8,0.0,0.0,0.0,0.0,0.0,0.0,0.0,0.0,1.0,0.0,0.0
8,8,0.0,0.0,0.0,0.0,0.0,0.0,0.0,0.0,1.0,0.0,0.0
8,8,0.0,0.0,0.0,0.0,0.0,0.0,0.0,0.0,1.0,0.0,0.0
8,8,0.0,0.0,0.0,0.0,0.0,0.0,0.0,0.0,1.0,0.0,0.0
8,8,0.0,0.0,0.0,0.0,0.0,0.0,0.0,0.0,1.0,0.0,0.0
8,8,0.0,0.0,0.0,0.0,0.0,0.0,0.0,0.0,1.0,0.0,0.0
8,8,0.0,0.0,0.0,0.0,0.0,0.0,0.0,0.0,1.0,0.0,0.0
8,8,0.0,0.0,0.0,0.0,0.0,0.0,0.0,0.0,1.0,0.0,0.0
8,8,0.0,0.0,0.0,0.0,0.0,0.0,0.0,0.0,1.0,0.0,0.0
8,8,0.0,0.0,0.0,0.0,0.0,0.0,0.0,0.0,1.0,0.0,0.0
8,8,0.0,0.0,0.0,0.0,0.0,0.0,0.0,0.0,1.0,0.0,0.0
8,8,0.0,0.0,0.0,0.0,0.0,0.0,0.0,0.0,1.0,0.0,0.0
8,8,0.0,0.0,0.0,0.0,0.0,0.0,0.0,0.0,1.0,0.0,0.0
8,8,0.0,0.0,0.0,0.0,0.0,0.0,0.0,0.0,1.0,0.0,0.0
8,8,0.0,0.0,0.0,0.0,0.0,0.0,0.0,0.0,1.0,0.0,0.0
8,8,0.0,0.0,0.0,0.0,0.0,0.0,0.0,0.0,1.0,0.0,0.0
8,8,0.0,0.0,0.0,0.0,0.0,0.0,0.0,0.0,1.0,0.0,0.0
8,8,0.0,0.0,0.0,0.0,0.0,0.0,0.0,0.0,1.0,0.0,0.0
8,8,0.0,0.0,0.0,0.0,0.0,0.0,0.0,0.0,1.0,0.0,0.0
8,8,0.0,0.0,0.0,0.0,0.0,0.0,0.0,0.0,1.0,0.0,0.0
8,8,0.0,0.0,0.0,0.0,0.0,0.0,0.0,0.0,1.0,0.0,0.0
8,8,0.0,0.0,0.0,0.0,0.0,0.0,0.0,0.0,1.0,0.0,0.0
8,8,0.0,0.0,0.0,0.0,0.0,0.0,0.0,0.0,1.0,0.0,0.0
8,8,0.0,0.0,0.0,0.0,0.0,0.0,0.0,0.0,1.0,0.0,0.0
8,8,0.0,0.0,0.0,0.0,0.0,0.0,0.0,0.0,1.0,0.0,0.0
8,8,0.0,0.0,0.0,0.0,0.0,0.0,0.0,0.0,1.0,0.0,0.0
8,8,0.0,0.0,0.0,0.0,0.0,0.0,0.0,0.0,1.0,0.0,0.0
8,8,0.0,0.0,0.0,0.0,0.0,0.0,0.0,0.0,1.0,0.0,0.0
8,8,0.0,0.0,0.0,0.0,0.0,0.0,0.0,0.0,1.0,0.0,0.0
8,8,0.0,0.0,0.0,0.0,0.0,0.0,0.0,0.0,1.0,0.0,0.0
8,8,0.0,0.0,0.0,0.0,0.0,0.0,0.0,0.0,1.0,0.0,0.0
8,8,0.0,0.0,0.0,0.0,0.0,0.0,0.0,0.0,1.0,0.0,0.0
8,8,0.0,0.0,0.0,0.0,0.0,0.0,0.0,0.0,1.0,0.0,0.0
8,8,0.0,0.0,0.0,0.0,0.0,0.0,0.0,0.0,1.0,0.0,0.0
8,8,0.0,0.0,0.0,0.0,0.0,0.0,0.0,0.0,1.0,0.0,0.0
8,8,0.0,0.0,0.0,0.0,0.0,0.0,0.0,0.0,1.0,0.0,0.0
8,8,0.0,0.0,0.0,0.0,0.0,0.0,0.0,0.0,1.0,0.0,0.0
8,8,0.0,0.0,0.0,0.0,0.0,0.0,0.0,0.0,1.0,0.0,0.0
8,8,0.0,0.0,0.0,0.0,0.0,0.0,0.0,0.0,1.0,0.0,0.0
8,8,0.0,0.0,0.0,0.0,0.0,0.0,0.0,0.0,1.0,0.0,0.0
8,8,0.0,0.0,0.0,0.0,0.0,0.0,0.0,0.0,1.0,0.0,0.0
8,8,0.0,0.0,0.0,0.0,0.0,0.0,0.0,0.0,1.0,0.0,0.0
8,8,0.0,0.0,0.0,0.0,0.0,0.0,0.0,0.0,1.0,0.0,0.0
8,8,0.0,0.0,0.0,0.0,0.0,0.0,0.0,0.0,1.0,0.0,0.0
8,8,0.0,0.0,0.0,0.0,0.0,0.0,0.0,0.0,1.0,0.0,0.0
8,8,0.0,0.0,0.0,0.0,0.0,0.0,0.0,0.0,1.0,0.0,0.0
8,8,0.0,0.0,0.0,0.0,0.0,0.0,0.0,0.0,1.0,0.0,0.0
8,8,0.0,0.0,0.0,0.0,0.0,0.0,0.0,0.0,1.0,0.0,0.0
8,8,0.0,0.0,0.0,0.0,0.0,0.0,0.0,0.0,1.0,0.0,0.0
8,8,0.0,0.0,0.0,0.0,0.0,0.0,0.0,0.0,1.0,0.0,0.0
8,8,0.0,0.0,0.0,0.0,0.0,0.0,0.0,0.0,1.0,0.0,0.0
8,8,0.0,0.0,0.0,0.0,0.0,0.0,0.0,0.0,1.0,0.0,0.0
8,8,0.0,0.0,0.0,0.0,0.0,0.0,0.0,0.0,1.0,0.0,0.0
8,8,0.0,0.0,0.0,0.0,0.0,0.0,0.0,0.0,1.0,0.0,0.0
8,8,0.0,0.0,0.0,0.0,0.0,0.0,0.0,0.0,1.0,0.0,0.0
8,8,0.0,0.0,0.0,0.0,0.0,0.0,0.0,0.0,1.0,0.0,0.0
8,8,0.0,0.0,0.0,0.0,0.0,0.0,0.0,0.0,1.0,0.0,0.0
8,8,0.0,0.0,0.0,0.0,0.0,0.0,0.0,0.0,1.0,0.0,0.0
8,8,0.0,0.0,0.0,0.0,0.0,0.0,0.0,0.0,1.0,0.0,0.0
8,8,0.0,0.0,0.0,0.0,0.0,0.0,0.0,0.0,1.0,0.0,0.0
8,8,0.0,0.0,0.0,0.0,0.0,0.0,0.0,0.0,1.0,0.0,0.0
8,8,0.0,0.0,0.0,0.0,0.0,0.0,0.0,0.0,1.0,0.0,0.0
8,8,0.0,0.0,0.0,0.0,0.0,0.0,0.0,0.0,1.0,0.0,0.0
8,8,0.0,0.0,0.0,0.0,0.0,0.0,0.0,0.0,1.0,0.0,0.0
8,8,0.0,0.0,0.0,0.0,0.0,0.0,0.0,0.0,1.0,0.0,0.0
8,8,0.0,0.0,0.0,0.0,0.0,0.0,0.0,0.0,1.0,0.0,0.0
8,8,0.0,0.0,0.0,0.0,0.0,0.0,0.0,0.0,1.0,0.0,0.0
8,8,0.0,0.0,0.0,0.0,0.0,0.0,0.0,0.0,1.0,0.0,0.0
8,8,0.0,0.0,0.0,0.0,0.0,0.0,0.0,0.0,1.0,0.0,0.0
8,8,0.0,0.0,0.0,0.0,0.0,0.0,0.0,0.0,1.0,0.0,0.0
8,8,0.0,0.0,0.0,0.0,0.0,0.0,0.0,0.0,1.0,0.0,0.0
8,8,0.0,0.0,0.0,0.0,0.0,0.0,0.0,0.0,1.0,0.0,0.0
8,8,0.0,0.0,0.0,0.0,0.0,0.0,0.0,0.0,1.0,0.0,0.0
8,8,0.0,0.0,0.0,0.0,0.0,0.0,0.0,0.0,1.0,0.0,0.0
8,8,0.0,0.0,0.0,0.0,0.0,0.0,0.0,0.0,1.0,0.0,0.0
8,8,0.0,0.0,0.0,0.0,0.0,0.0,0.0,0.0,1.0,0.0,0.0
8,8,0.0,0.0,0.0,0.0,0.0,0.0,0.0,0.0,1.0,0.0,0.0
8,8,0.0,0.0,0.0,0.0,0.0,0.0,0.0,0.0,1.0,0.0,0.0
8,8,0.0,0.0,0.0,0.0,0.0,0.0,0.0,0.0,1.0,0.0,0.0
8,8,0.0,0.0,0.0,0.0,0.0,0.0,0.0,0.0,1.0,0.0,0.0
8,8,0.0,0.0,0.0,0.0,0.0,0.0,0.0,0.0,1.0,0.0,0.0
8,8,0.0,0.0,0.0,0.0,0.0,0.0,0.0,0.0,1.0,0.0,0.0
8,8,0.0,0.0,0.0,0.0,0.0,0.0,0.0,0.0,1.0,0.0,0.0
8,8,0.0,0.0,0.0,0.0,0.0,0.0,0.0,0.0,1.0,0.0,0.0
8,8,0.0,0.0,0.0,0.0,0.0,0.0,0.0,0.0,1.0,0.0,0.0
8,8,0.0,0.0,0.0,0.0,0.0,0.0,0.0,0.0,1.0,0.0,0.0
8,8,0.0,0.0,0.0,0.0,0.0,0.0,0.0,0.0,1.0,0.0,0.0
8,8,0.0,0.0,0.0,0.0,0.0,0.0,0.0,0.0,1.0,0.0,0.0
8,8,0.0,0.0,0.0,0.0,0.0,0.0,0.0,0.0,1.0,0.0,0.0
8,8,0.0,0.0,0.0,0.0,0.0,0.0,0.0,0.0,1.0,0.0,0.0
8,8,0.0,0.0,0.0,0.0,0.0,0.0,0.0,0.0,1.0,0.0,0.0
8,8,0.0,0.0,0.0,0.0,0.0,0.0,0.0,0.0,1.0,0.0,0.0
8,8,0.0,0.0,0.0,0.0,0.0,0.0,0.0,0.0,1.0,0.0,0.0
8,8,0.0,0.0,0.0,0.0,0.0,0.0,0.0,0.0,1.0,0.0,0.0
8,8,0.0,0.0,0.0,0.0,0.0,0.0,0.0,0.0,1.0,0.0,0.0
8,8,0.0,0.0,0.0,0.0,0.0,0.0,0.0,0.0,1.0,0.0,0.0
8,8,0.0,0.0,0.0,0.0,0.0,0.0,0.0,0.0,1.0,0.0,0.0
8,8,0.0,0.0,0.0,0.0,0.0,0.0,0.0,0.0,1.0,0.0,0.0
8,8,0.0,0.0,0.0,0.0,0.0,0.0,0.0,0.0,1.0,0.0,0.0
8,8,0.0,0.0,0.0,0.0,0.0,0.0,0.0,0.0,1.0,0.0,0.0
8,8,0.0,0.0,0.0,0.0,0.0,0.0,0.0,0.0,1.0,0.0,0.0
8,8,0.0,0.0,0.0,0.0,0.0,0.0,0.0,0.0,1.0,0.0,0.0
8,8,0.0,0.0,0.0,0.0,0.0,0.0,0.0,0.0,1.0,0.0,0.0
8,8,0.0,0.0,0.0,0.0,0.0,0.0,0.0,0.0,1.0,0.0,0.0
8,8,0.0,0.0,0.0,0.0,0.0,0.0,0.0,0.0,1.0,0.0,0.0
8,8,0.0,0.0,0.0,0.0,0.0,0.0,0.0,0.0,1.0,0.0,0.0
8,8,0.0,0.0,0.0,0.0,0.0,0.0,0.0,0.0,1.0,0.0,0.0
8,8,0.0,0.0,0.0,0.0,0.0,0.0,0.0,0.0,1.0,0.0,0.0
8,8,0.0,0.0,0.0,0.0,0.0,0.0,0.0,0.0,1.0,0.0,0.0
8,8,0.0,0.0,0.0,0.0,0.0,0.0,0.0,0.0,1.0,0.0,0.0
8,8,0.0,0.0,0.0,0.0,0.0,0.0,0.0,0.0,1.0,0.0,0.0
8,8,0.0,0.0,0.0,0.0,0.0,0.0,0.0,0.0,1.0,0.0,0.0
8,8,0.0,0.0,0.0,0.0,0.0,0.0,0.0,0.0,1.0,0.0,0.0
8,8,0.0,0.0,0.0,0.0,0.0,0.0,0.0,0.0,1.0,0.0,0.0
8,8,0.0,0.0,0.0,0.0,0.0,0.0,0.0,0.0,1.0,0.0,0.0
8,8,0.0,0.0,0.0,0.0,0.0,0.0,0.0,0.0,1.0,0.0,0.0
8,8,0.0,0.0,0.0,0.0,0.0,0.0,0.0,0.0,1.0,0.0,0.0
8,8,0.0,0.0,0.0,0.0,0.0,0.0,0.0,0.0,1.0,0.0,0.0
8,8,0.0,0.0,0.0,0.0,0.0,0.0,0.0,0.0,1.0,0.0,0.0
8,8,0.0,0.0,0.0,0.0,0.0,0.0,0.0,0.0,1.0,0.0,0.0
8,8,0.0,0.0,0.0,0.0,0.0,0.0,0.0,0.0,1.0,0.0,0.0
8,8,0.0,0.0,0.0,0.0,0.0,0.0,0.0,0.0,1.0,0.0,0.0
8,8,0.0,0.0,0.0,0.0,0.0,0.0,0.0,0.0,1.0,0.0,0.0
8,8,0.0,0.0,0.0,0.0,0.0,0.0,0.0,0.0,1.0,0.0,0.0
8,8,0.0,0.0,0.0,0.0,0.0,0.0,0.0,0.0,1.0,0.0,0.0
8,8,0.0,0.0,0.0,0.0,0.0,0.0,0.0,0.0,1.0,0.0,0.0
8,8,0.0,0.0,0.0,0.0,0.0,0.0,0.0,0.0,1.0,0.0,0.0
8,8,0.0,0.0,0.0,0.0,0.0,0.0,0.0,0.0,1.0,0.0,0.0
8,8,0.0,0.0,0.0,0.0,0.0,0.0,0.0,0.0,1.0,0.0,0.0
8,8,0.0,0.0,0.0,0.0,0.0,0.0,0.0,0.0,1.0,0.0,0.0
8,8,0.0,0.0,0.0,0.0,0.0,0.0,0.0,0.0,1.0,0.0,0.0
8,8,0.0,0.0,0.0,0.0,0.0,0.0,0.0,0.0,1.0,0.0,0.0
8,8,0.0,0.0,0.0,0.0,0.0,0.0,0.0,0.0,1.0,0.0,0.0
8,8,0.0,0.0,0.0,0.0,0.0,0.0,0.0,0.0,1.0,0.0,0.0
8,8,0.0,0.0,0.0,0.0,0.0,0.0,0.0,0.0,1.0,0.0,0.0
8,8,0.0,0.0,0.0,0.0,0.0,0.0,0.0,0.0,1.0,0.0,0.0
8,8,0.0,0.0,0.0,0.0,0.0,0.0,0.0,0.0,1.0,0.0,0.0
8,8,0.0,0.0,0.0,0.0,0.0,0.0,0.0,0.0,1.0,0.0,0.0
8,8,0.0,0.0,0.0,0.0,0.0,0.0,0.0,0.0,1.0,0.0,0.0
8,8,0.0,0.0,0.0,0.0,0.0,0.0,0.0,0.0,1.0,0.0,0.0
8,8,0.0,0.0,0.0,0.0,0.0,0.0,0.0,0.0,1.0,0.0,0.0
8,8,0.0,0.0,0.0,0.0,0.0,0.0,0.0,0.0,1.0,0.0,0.0
8,8,0.0,0.0,0.0,0.0,0.0,0.0,0.0,0.0,1.0,0.0,0.0
8,8,0.0,0.0,0.0,0.0,0.0,0.0,0.0,0.0,1.0,0.0,0.0
8,8,0.0,0.0,0.0,0.0,0.0,0.0,0.0,0.0,1.0,0.0,0.0
8,8,0.0,0.0,0.0,0.0,0.0,0.0,0.0,0.0,1.0,0.0,0.0
8,8,0.0,0.0,0.0,0.0,0.0,0.0,0.0,0.0,1.0,0.0,0.0
8,8,0.0,0.0,0.0,0.0,0.0,0.0,0.0,0.0,1.0,0.0,0.0
8,8,0.0,0.0,0.0,0.0,0.0,0.0,0.0,0.0,1.0,0.0,0.0
8,8,0.0,0.0,0.0,0.0,0.0,0.0,0.0,0.0,1.0,0.0,0.0
8,8,0.0,0.0,0.0,0.0,0.0,0.0,0.0,0.0,1.0,0.0,0.0
8,8,0.0,0.0,0.0,0.0,0.0,0.0,0.0,0.0,1.0,0.0,0.0
8,8,0.0,0.0,0.0,0.0,0.0,0.0,0.0,0.0,1.0,0.0,0.0
8,8,0.0,0.0,0.0,0.0,0.0,0.0,0.0,0.0,1.0,0.0,0.0
8,8,0.0,0.0,0.0,0.0,0.0,0.0,0.0,0.0,1.0,0.0,0.0
8,8,0.0,0.0,0.0,0.0,0.0,0.0,0.0,0.0,1.0,0.0,0.0
8,8,0.0,0.0,0.0,0.0,0.0,0.0,0.0,0.0,1.0,0.0,0.0
8,8,0.0,0.0,0.0,0.0,0.0,0.0,0.0,0.0,1.0,0.0,0.0
8,8,0.0,0.0,0.0,0.0,0.0,0.0,0.0,0.0,1.0,0.0,0.0
8,8,0.0,0.0,0.0,0.0,0.0,0.0,0.0,0.0,1.0,0.0,0.0
8,8,0.0,0.0,0.0,0.0,0.0,0.0,0.0,0.0,1.0,0.0,0.0
8,8,0.0,0.0,0.0,0.0,0.0,0.0,0.0,0.0,1.0,0.0,0.0
8,8,0.0,0.0,0.0,0.0,0.0,0.0,0.0,0.0,1.0,0.0,0.0
8,8,0.0,0.0,0.0,0.0,0.0,0.0,0.0,0.0,1.0,0.0,0.0
8,8,0.0,0.0,0.0,0.0,0.0,0.0,0.0,0.0,1.0,0.0,0.0
8,8,0.0,0.0,0.0,0.0,0.0,0.0,0.0,0.0,1.0,0.0,0.0
8,8,0.0,0.0,0.0,0.0,0.0,0.0,0.0,0.0,1.0,0.0,0.0
8,8,0.0,0.0,0.0,0.0,0.0,0.0,0.0,0.0,1.0,0.0,0.0
8,8,0.0,0.0,0.0,0.0,0.0,0.0,0.0,0.0,1.0,0.0,0.0
8,8,0.0,0.0,0.0,0.0,0.0,0.0,0.0,0.0,1.0,0.0,0.0
8,8,0.0,0.0,0.0,0.0,0.0,0.0,0.0,0.0,1.0,0.0,0.0
8,8,0.0,0.0,0.0,0.0,0.0,0.0,0.0,0.0,1.0,0.0,0.0
8,8,0.0,0.0,0.0,0.0,0.0,0.0,0.0,0.0,1.0,0.0,0.0
8,8,0.0,0.0,0.0,0.0,0.0,0.0,0.0,0.0,1.0,0.0,0.0
8,8,0.0,0.0,0.0,0.0,0.0,0.0,0.0,0.0,1.0,0.0,0.0
8,8,0.0,0.0,0.0,0.0,0.0,0.0,0.0,0.0,1.0,0.0,0.0
8,8,0.0,0.0,0.0,0.0,0.0,0.0,0.0,0.0,1.0,0.0,0.0
8,8,0.0,0.0,0.0,0.0,0.0,0.0,0.0,0.0,1.0,0.0,0.0
8,8,0.0,0.0,0.0,0.0,0.0,0.0,0.0,0.0,1.0,0.0,0.0
8,8,0.0,0.0,0.0,0.0,0.0,0.0,0.0,0.0,1.0,0.0,0.0
8,8,0.0,0.0,0.0,0.0,0.0,0.0,0.0,0.0,1.0,0.0,0.0
8,8,0.0,0.0,0.0,0.0,0.0,0.0,0.0,0.0,1.0,0.0,0.0
8,8,0.0,0.0,0.0,0.0,0.0,0.0,0.0,0.0,1.0,0.0,0.0
8,8,0.0,0.0,0.0,0.0,0.0,0.0,0.0,0.0,1.0,0.0,0.0
8,8,0.0,0.0,0.0,0.0,0.0,0.0,0.0,0.0,1.0,0.0,0.0
8,8,0.0,0.0,0.0,0.0,0.0,0.0,0.0,0.0,1.0,0.0,0.0
8,8,0.0,0.0,0.0,0.0,0.0,0.0,0.0,0.0,1.0,0.0,0.0
8,8,0.0,0.0,0.0,0.0,0.0,0.0,0.0,0.0,1.0,0.0,0.0
8,8,0.0,0.0,0.0,0.0,0.0,0.0,0.0,0.0,1.0,0.0,0.0
8,8,0.0,0.0,0.0,0.0,0.0,0.0,0.0,0.0,1.0,0.0,0.0
8,8,0.0,0.0,0.0,0.0,0.0,0.0,0.0,0.0,1.0,0.0,0.0
8,8,0.0,0.0,0.0,0.0,0.0,0.0,0.0,0.0,1.0,0.0,0.0
8,8,0.0,0.0,0.0,0.0,0.0,0.0,0.0,0.0,1.0,0.0,0.0
8,8,0.0,0.0,0.0,0.0,0.0,0.0,0.0,0.0,1.0,0.0,0.0
8,8,0.0,0.0,0.0,0.0,0.0,0.0,0.0,0.0,1.0,0.0,0.0
8,8,0.0,0.0,0.0,0.0,0.0,0.0,0.0,0.0,1.0,0.0,0.0
8,8,0.0,0.0,0.0,0.0,0.0,0.0,0.0,0.0,1.0,0.0,0.0
8,8,0.0,0.0,0.0,0.0,0.0,0.0,0.0,0.0,1.0,0.0,0.0
8,8,0.0,0.0,0.0,0.0,0.0,0.0,0.0,0.0,1.0,0.0,0.0
8,8,0.0,0.0,0.0,0.0,0.0,0.0,0.0,0.0,1.0,0.0,0.0
8,8,0.0,0.0,0.0,0.0,0.0,0.0,0.0,0.0,1.0,0.0,0.0
8,8,0.0,0.0,0.0,0.0,0.0,0.0,0.0,0.0,1.0,0.0,0.0
8,8,0.0,0.0,0.0,0.0,0.0,0.0,0.0,0.0,1.0,0.0,0.0
8,8,0.0,0.0,0.0,0.0,0.0,0.0,0.0,0.0,1.0,0.0,0.0
8,8,0.0,0.0,0.0,0.0,0.0,0.0,0.0,0.0,1.0,0.0,0.0
8,8,0.0,0.0,0.0,0.0,0.0,0.0,0.0,0.0,1.0,0.0,0.0
8,8,0.0,0.0,0.0,0.0,0.0,0.0,0.0,0.0,1.0,0.0,0.0
8,8,0.0,0.0,0.0,0.0,0.0,0.0,0.0,0.0,1.0,0.0,0.0
8,8,0.0,0.0,0.0,0.0,0.0,0.0,0.0,0.0,1.0,0.0,0.0
8,8,0.0,0.0,0.0,0.0,0.0,0.0,0.0,0.0,1.0,0.0,0.0
8,8,0.0,0.0,0.0,0.0,0.0,0.0,0.0,0.0,1.0,0.0,0.0
8,8,0.0,0.0,0.0,0.0,0.0,0.0,0.0,0.0,1.0,0.0,0.0
8,8,0.0,0.0,0.0,0.0,0.0,0.0,0.0,0.0,1.0,0.0,0.0
8,8,0.0,0.0,0.0,0.0,0.0,0.0,0.0,0.0,1.0,0.0,0.0
8,8,0.0,0.0,0.0,0.0,0.0,0.0,0.0,0.0,1.0,0.0,0.0
8,8,0.0,0.0,0.0,0.0,0.0,0.0,0.0,0.0,1.0,0.0,0.0
8,8,0.0,0.0,0.0,0.0,0.0,0.0,0.0,0.0,1.0,0.0,0.0
8,8,0.0,0.0,0.0,0.0,0.0,0.0,0.0,0.0,1.0,0.0,0.0
8,8,0.0,0.0,0.0,0.0,0.0,0.0,0.0,0.0,1.0,0.0,0.0
8,8,0.0,0.0,0.0,0.0,0.0,0.0,0.0,0.0,1.0,0.0,0.0
8,8,0.0,0.0,0.0,0.0,0.0,0.0,0.0,0.0,1.0,0.0,0.0
8,8,0.0,0.0,0.0,0.0,0.0,0.0,0.0,0.0,1.0,0.0,0.0
8,8,0.0,0.0,0.0,0.0,0.0,0.0,0.0,0.0,1.0,0.0,0.0
8,8,0.0,0.0,0.0,0.0,0.0,0.0,0.0,0.0,1.0,0.0,0.0
8,8,0.0,0.0,0.0,0.0,0.0,0.0,0.0,0.0,1.0,0.0,0.0
8,8,0.0,0.0,0.0,0.0,0.0,0.0,0.0,0.0,1.0,0.0,0.0
8,8,0.0,0.0,0.0,0.0,0.0,0.0,0.0,0.0,1.0,0.0,0.0
8,8,0.0,0.0,0.0,0.0,0.0,0.0,0.0,0.0,1.0,0.0,0.0
8,8,0.0,0.0,0.0,0.0,0.0,0.0,0.0,0.0,1.0,0.0,0.0
8,8,0.0,0.0,0.0,0.0,0.0,0.0,0.0,0.0,1.0,0.0,0.0
8,8,0.0,0.0,0.0,0.0,0.0,0.0,0.0,0.0,1.0,0.0,0.0
8,8,0.0,0.0,0.0,0.0,0.0,0.0,0.0,0.0,1.0,0.0,0.0
8,8,0.0,0.0,0.0,0.0,0.0,0.0,0.0,0.0,1.0,0.0,0.0
8,8,0.0,0.0,0.0,0.0,0.0,0.0,0.0,0.0,1.0,0.0,0.0
8,8,0.0,0.0,0.0,0.0,0.0,0.0,0.0,0.0,1.0,0.0,0.0
8,8,0.0,0.0,0.0,0.0,0.0,0.0,0.0,0.0,1.0,0.0,0.0
8,8,0.0,0.0,0.0,0.0,0.0,0.0,0.0,0.0,1.0,0.0,0.0
8,8,0.0,0.0,0.0,0.0,0.0,0.0,0.0,0.0,1.0,0.0,0.0
8,8,0.0,0.0,0.0,0.0,0.0,0.0,0.0,0.0,1.0,0.0,0.0
8,8,0.0,0.0,0.0,0.0,0.0,0.0,0.0,0.0,1.0,0.0,0.0
8,8,0.0,0.0,0.0,0.0,0.0,0.0,0.0,0.0,1.0,0.0,0.0
8,8,0.0,0.0,0.0,0.0,0.0,0.0,0.0,0.0,1.0,0.0,0.0
8,8,0.0,0.0,0.0,0.0,0.0,0.0,0.0,0.0,1.0,0.0,0.0
8,8,0.0,0.0,0.0,0.0,0.0,0.0,0.0,0.0,1.0,0.0,0.0
8,8,0.0,0.0,0.0,0.0,0.0,0.0,0.0,0.0,1.0,0.0,0.0
8,8,0.0,0.0,0.0,0.0,0.0,0.0,0.0,0.0,1.0,0.0,0.0
8,8,0.0,0.0,0.0,0.0,0.0,0.0,0.0,0.0,1.0,0.0,0.0
8,8,0.0,0.0,0.0,0.0,0.0,0.0,0.0,0.0,1.0,0.0,0.0
8,8,0.0,0.0,0.0,0.0,0.0,0.0,0.0,0.0,1.0,0.0,0.0
8,8,0.0,0.0,0.0,0.0,0.0,0.0,0.0,0.0,1.0,0.0,0.0
8,8,0.0,0.0,0.0,0.0,0.0,0.0,0.0,0.0,1.0,0.0,0.0
8,8,0.0,0.0,0.0,0.0,0.0,0.0,0.0,0.0,1.0,0.0,0.0
8,8,0.0,0.0,0.0,0.0,0.0,0.0,0.0,0.0,1.0,0.0,0.0
8,8,0.0,0.0,0.0,0.0,0.0,0.0,0.0,0.0,1.0,0.0,0.0
8,8,0.0,0.0,0.0,0.0,0.0,0.0,0.0,0.0,1.0,0.0,0.0
8,8,0.0,0.0,0.0,0.0,0.0,0.0,0.0,0.0,1.0,0.0,0.0
8,8,0.0,0.0,0.0,0.0,0.0,0.0,0.0,0.0,1.0,0.0,0.0
8,8,0.0,0.0,0.0,0.0,0.0,0.0,0.0,0.0,1.0,0.0,0.0
8,8,0.0,0.0,0.0,0.0,0.0,0.0,0.0,0.0,1.0,0.0,0.0
8,8,0.0,0.0,0.0,0.0,0.0,0.0,0.0,0.0,1.0,0.0,0.0
8,8,0.0,0.0,0.0,0.0,0.0,0.0,0.0,0.0,1.0,0.0,0.0
8,8,0.0,0.0,0.0,0.0,0.0,0.0,0.0,0.0,1.0,0.0,0.0
8,8,0.0,0.0,0.0,0.0,0.0,0.0,0.0,0.0,1.0,0.0,0.0
8,8,0.0,0.0,0.0,0.0,0.0,0.0,0.0,0.0,1.0,0.0,0.0
8,8,0.0,0.0,0.0,0.0,0.0,0.0,0.0,0.0,1.0,0.0,0.0
8,8,0.0,0.0,0.0,0.0,0.0,0.0,0.0,0.0,1.0,0.0,0.0
8,8,0.0,0.0,0.0,0.0,0.0,0.0,0.0,0.0,1.0,0.0,0.0
8,8,0.0,0.0,0.0,0.0,0.0,0.0,0.0,0.0,1.0,0.0,0.0
8,8,0.0,0.0,0.0,0.0,0.0,0.0,0.0,0.0,1.0,0.0,0.0
8,8,0.0,0.0,0.0,0.0,0.0,0.0,0.0,0.0,1.0,0.0,0.0
8,8,0.0,0.0,0.0,0.0,0.0,0.0,0.0,0.0,1.0,0.0,0.0
8,8,0.0,0.0,0.0,0.0,0.0,0.0,0.0,0.0,1.0,0.0,0.0
8,8,0.0,0.0,0.0,0.0,0.0,0.0,0.0,0.0,1.0,0.0,0.0
8,8,0.0,0.0,0.0,0.0,0.0,0.0,0.0,0.0,1.0,0.0,0.0
8,8,0.0,0.0,0.0,0.0,0.0,0.0,0.0,0.0,1.0,0.0,0.0
8,8,0.0,0.0,0.0,0.0,0.0,0.0,0.0,0.0,1.0,0.0,0.0
8,8,0.0,0.0,0.0,0.0,0.0,0.0,0.0,0.0,1.0,0.0,0.0
8,8,0.0,0.0,0.0,0.0,0.0,0.0,0.0,0.0,1.0,0.0,0.0
8,8,0.0,0.0,0.0,0.0,0.0,0.0,0.0,0.0,1.0,0.0,0.0
8,8,0.0,0.0,0.0,0.0,0.0,0.0,0.0,0.0,1.0,0.0,0.0
8,8,0.0,0.0,0.0,0.0,0.0,0.0,0.0,0.0,1.0,0.0,0.0
8,8,0.0,0.0,0.0,0.0,0.0,0.0,0.0,0.0,1.0,0.0,0.0
8,8,0.0,0.0,0.0,0.0,0.0,0.0,0.0,0.0,1.0,0.0,0.0
8,8,0.0,0.0,0.0,0.0,0.0,0.0,0.0,0.0,1.0,0.0,0.0
8,8,0.0,0.0,0.0,0.0,0.0,0.0,0.0,0.0,1.0,0.0,0.0
8,8,0.0,0.0,0.0,0.0,0.0,0.0,0.0,0.0,1.0,0.0,0.0
8,8,0.0,0.0,0.0,0.0,0.0,0.0,0.0,0.0,1.0,0.0,0.0
8,8,0.0,0.0,0.0,0.0,0.0,0.0,0.0,0.0,1.0,0.0,0.0
8,8,0.0,0.0,0.0,0.0,0.0,0.0,0.0,0.0,1.0,0.0,0.0
8,8,0.0,0.0,0.0,0.0,0.0,0.0,0.0,0.0,1.0,0.0,0.0
8,8,0.0,0.0625,0.0,0.0,0.0,0.0,0.0,0.0,0.9375,0.0,0.0
8,8,0.0,0.0625,0.0,0.0,0.0,0.0,0.0,0.0,0.9375,0.0,0.0
8,8,0.0,0.0625,0.0,0.0,0.0,0.0,0.0,0.0,0.9375,0.0,0.0
8,8,0.0,0.0625,0.0,0.0,0.0,0.0,0.0,0.0,0.9375,0.0,0.0
8,8,0.0,0.0625,0.0,0.0,0.0,0.0,0.0,0.0,0.9375,0.0,0.0
8,8,0.0,0.0625,0.0,0.0,0.0,0.0,0.0,0.0,0.9375,0.0,0.0
8,8,0.0,0.0625,0.0,0.0,0.0,0.0,0.0,0.0,0.9375,0.0,0.0
8,8,0.0,0.0625,0.0,0.0,0.0,0.0,0.0,0.0,0.9375,0.0,0.0
8,8,0.0,0.0625,0.0,0.0,0.0,0.0,0.0,0.0,0.9375,0.0,0.0
8,8,0.0,0.0625,0.0,0.0,0.0,0.0,0.0,0.0,0.9375,0.0,0.0
8,8,0.0,0.0625,0.0,0.0,0.0,0.0,0.0,0.0,0.9375,0.0,0.0
8,8,0.0,0.0625,0.0,0.0,0.0,0.0,0.0,0.0,0.9375,0.0,0.0
8,8,0.0,0.0625,0.0,0.0,0.0,0.0,0.0,0.0,0.875,0.0625,0.0
8,8,0.0,0.0625,0.0,0.0,0.0,0.0,0.0,0.0,0.875,0.0625,0.0
8,8,0.0,0.0625,0.0,0.0,0.0,0.0,0.0,0.0,0.875,0.0625,0.0
8,8,0.0,0.0625,0.0,0.0,0.0,0.0,0.0,0.0,0.875,0.0625,0.0
8,8,0.0,0.0625,0.0,0.0,0.0,0.0,0.0,0.0,0.875,0.0625,0.0
8,8,0.0,0.0625,0.0,0.0,0.0,0.0,0.0,0.0,0.875,0.0625,0.0
8,8,0.0,0.0625,0.0,0.0,0.0,0.0,0.0,0.0,0.875,0.0625,0.0
8,8,0.0,0.0625,0.0,0.0,0.0,0.0,0.0,0.0,0.875,0.0625,0.0
8,8,0.0,0.0625,0.0,0.0,0.0,0.0,0.0,0.0,0.875,0.0625,0.0
8,8,0.0,0.0625,0.0,0.0,0.0,0.0,0.0,0.0,0.875,0.0625,0.0
8,8,0.0,0.0625,0.0,0.0,0.0,0.0,0.0,0.0,0.875,0.0625,0.0
8,8,0.0,0.0625,0.0,0.0,0.0,0.0,0.0,0.0,0.875,0.0625,0.0
8,8,0.0,0.0625,0.0,0.0,0.0,0.0,0.0,0.0,0.875,0.0625,0.0
8,8,0.0,0.0625,0.0,0.0,0.0,0.0,0.0,0.0,0.875,0.0625,0.0
8,8,0.0,0.0625,0.0,0.0,0.0,0.0,0.0,0.0,0.875,0.0625,0.0
8,8,0.0,0.0625,0.0,0.0,0.0,0.0,0.0,0.0,0.875,0.0625,0.0
8,8,0.0,0.0625,0.0,0.0,0.0,0.0,0.0,0.0,0.875,0.0625,0.0
8,8,0.0,0.0625,0.0,0.0,0.0,0.0,0.0,0.0,0.875,0.0625,0.0
8,8,0.0,0.0625,0.0,0.0,0.0,0.0,0.0,0.0,0.875,0.0625,0.0
8,8,0.0,0.0625,0.0,0.0,0.0,0.0,0.0,0.0,0.875,0.0625,0.0
8,8,0.0,0.0625,0.0,0.0,0.0,0.0,0.0,0.0,0.875,0.0625,0.0
8,8,0.0,0.0625,0.0,0.0,0.0,0.0,0.0,0.0,0.875,0.0625,0.0
8,8,0.0,0.0625,0.0,0.0,0.0,0.0,0.0,0.0,0.875,0.0625,0.0
8,8,0.0,0.0625,0.0,0.0,0.0,0.0,0.0,0.0,0.875,0.0625,0.0
8,8,0.0,0.0625,0.0,0.0,0.0,0.0,0.0,0.0,0.875,0.0625,0.0
8,8,0.0,0.0625,0.0,0.0,0.0,0.0,0.0,0.0,0.875,0.0625,0.0
8,8,0.0,0.0625,0.0,0.0,0.0,0.0,0.0,0.0,0.875,0.0625,0.0
8,8,0.0,0.0625,0.0,0.0,0.0,0.0,0.0,0.0,0.875,0.0625,0.0
8,8,0.0,0.0625,0.0,0.0,0.0,0.0,0.0,0.0,0.875,0.0625,0.0
8,8,0.0,0.0625,0.0,0.0,0.0,0.0,0.0,0.0,0.875,0.0625,0.0
8,8,0.0,0.0625,0.0,0.0,0.0,0.0,0.0,0.0,0.875,0.0625,0.0
8,8,0.0,0.0625,0.0,0.0,0.0,0.0,0.0,0.0,0.875,0.0625,0.0
8,8,0.0,0.0625,0.0,0.0,0.0,0.0,0.0,0.0,0.875,0.0625,0.0
8,8,0.0,0.0625,0.0,0.0,0.0,0.0,0.0,0.0,0.875,0.0625,0.0
8,8,0.0,0.0625,0.0,0.0,0.0,0.0,0.0,0.0,0.875,0.0625,0.0
8,8,0.0,0.0625,0.0,0.0,0.0,0.0,0.0,0.0,0.875,0.0625,0.0
8,8,0.0,0.0625,0.0,0.0,0.0,0.0,0.0,0.0,0.875,0.0625,0.0
8,8,0.0,0.0625,0.0,0.0,0.0,0.0,0.0,0.0,0.875,0.0625,0.0
8,8,0.0,0.0625,0.0,0.0,0.0,0.0,0.0,0.0,0.875,0.0625,0.0
8,8,0.0,0.0625,0.0,0.0,0.0,0.0,0.0,0.0,0.875,0.0625,0.0
8,8,0.0,0.0625,0.0,0.0,0.0,0.0,0.0,0.0,0.875,0.0625,0.0
8,8,0.0,0.0625,0.0,0.0,0.0,0.0,0.0,0.0,0.875,0.0625,0.0
8,8,0.0,0.0625,0.0,0.0,0.0,0.0,0.0,0.0,0.9375,0.0,0.0
8,8,0.0,0.0625,0.0,0.0,0.0,0.0,0.0,0.0,0.9375,0.0,0.0
8,8,0.0,0.0625,0.0,0.0,0.0,0.0,0.0,0.0,0.9375,0.0,0.0
8,8,0.0,0.0625,0.0,0.0,0.0,0.0,0.0,0.0,0.9375,0.0,0.0
8,8,0.0,0.0625,0.0,0.0,0.0,0.0,0.0,0.0,0.9375,0.0,0.0
8,8,0.0,0.0625,0.0,0.0,0.0,0.0,0.0,0.0,0.9375,0.0,0.0
8,8,0.0,0.0625,0.0,0.0,0.0,0.0,0.0,0.0,0.9375,0.0,0.0
8,8,0.0,0.0625,0.0,0.0,0.0,0.0,0.0,0.0,0.9375,0.0,0.0
8,8,0.0,0.0625,0.0,0.0,0.0,0.0,0.0,0.0,0.9375,0.0,0.0
8,8,0.0,0.0625,0.0,0.0,0.0,0.0,0.0,0.0,0.9375,0.0,0.0
8,8,0.0,0.0625,0.0,0.0,0.0,0.0,0.0,0.0,0.9375,0.0,0.0
8,8,0.0,0.0625,0.0,0.0,0.0,0.0,0.0,0.0,0.9375,0.0,0.0
8,8,0.0,0.0625,0.0,0.0,0.0,0.0,0.0,0.0,0.9375,0.0,0.0
8,8,0.0,0.0625,0.0,0.0,0.0,0.0,0.0,0.0,0.9375,0.0,0.0
8,8,0.0,0.0625,0.0,0.0,0.0,0.0,0.0,0.0,0.9375,0.0,0.0
8,8,0.0,0.0625,0.0,0.0,0.0,0.0,0.0,0.0,0.9375,0.0,0.0
8,8,0.0,0.0625,0.0,0.0,0.0,0.0,0.0,0.0,0.9375,0.0,0.0
8,8,0.0,0.0625,0.0,0.0,0.0,0.0,0.0,0.0,0.9375,0.0,0.0
8,8,0.0,0.0625,0.0,0.0,0.0,0.0,0.0,0.0,0.9375,0.0,0.0
8,8,0.0,0.0625,0.0,0.0,0.0,0.0,0.0,0.0,0.9375,0.0,0.0
8,8,0.0,0.0625,0.0,0.0,0.0,0.0,0.0,0.0,0.9375,0.0,0.0
8,8,0.0,0.0625,0.0,0.0,0.0,0.0,0.0,0.0,0.9375,0.0,0.0
8,8,0.0,0.0625,0.0,0.0,0.0,0.0,0.0,0.0,0.9375,0.0,0.0
8,8,0.0,0.0625,0.0,0.0,0.0,0.0,0.0,0.0,0.9375,0.0,0.0
8,8,0.0,0.0625,0.0,0.0,0.0,0.0,0.0,0.0,0.9375,0.0,0.0
8,8,0.0,0.0625,0.0,0.0,0.0,0.0,0.0,0.0,0.9375,0.0,0.0
8,8,0.0,0.0625,0.0,0.0,0.0,0.0,0.0,0.0,0.9375,0.0,0.0
8,8,0.0,0.0625,0.0,0.0,0.0,0.0,0.0,0.0,0.9375,0.0,0.0
8,8,0.0,0.0625,0.0,0.0,0.0,0.0,0.0,0.0,0.9375,0.0,0.0
8,8,0.0,0.0625,0.0,0.0,0.0,0.0,0.0,0.0,0.9375,0.0,0.0
8,8,0.0,0.0625,0.0,0.0,0.0,0.0,0.0,0.0,0.9375,0.0,0.0
8,8,0.0,0.0625,0.0,0.0,0.0,0.0,0.0,0.0,0.9375,0.0,0.0
8,8,0.0,0.0625,0.0,0.0,0.0,0.0,0.0,0.0,0.9375,0.0,0.0
8,8,0.0,0.0625,0.0,0.0,0.0,0.0,0.0,0.0,0.9375,0.0,0.0
8,8,0.0,0.0625,0.0,0.0,0.0,0.0,0.0,0.0,0.9375,0.0,0.0
8,8,0.0,0.0625,0.0,0.0,0.0,0.0,0.0,0.0,0.9375,0.0,0.0
8,8,0.0,0.0625,0.0,0.0,0.0,0.0,0.0,0.0,0.9375,0.0,0.0
8,8,0.0,0.0625,0.0,0.0,0.0,0.0,0.0,0.0,0.9375,0.0,0.0
8,8,0.0,0.0625,0.0,0.0,0.0,0.0,0.0,0.0,0.9375,0.0,0.0
8,8,0.0,0.0625,0.0,0.0,0.0,0.0,0.0,0.0,0.9375,0.0,0.0
8,8,0.0,0.0625,0.0,0.0,0.0,0.0,0.0,0.0,0.9375,0.0,0.0
8,8,0.0,0.0625,0.0,0.0,0.0,0.0,0.0,0.0,0.9375,0.0,0.0
8,8,0.0,0.0,0.0,0.0,0.0,0.0,0.0,0.0,1.0,0.0,0.0
8,8,0.0,0.0,0.0,0.0,0.0,0.0,0.0,0.0,1.0,0.0,0.0
8,8,0.0,0.0,0.0,0.0,0.0,0.0,0.0,0.0,1.0,0.0,0.0
8,8,0.0,0.0,0.0,0.0,0.0,0.0,0.0,0.0,1.0,0.0,0.0
8,8,0.0,0.0,0.0,0.0,0.0,0.0,0.0,0.0,1.0,0.0,0.0
8,8,0.0,0.0,0.0,0.0,0.0,0.0,0.0,0.0,1.0,0.0,0.0
8,8,0.0,0.0,0.0,0.0,0.0,0.0,0.0,0.0,1.0,0.0,0.0
8,8,0.0,0.0,0.0,0.0,0.0,0.0,0.0,0.0,1.0,0.0,0.0
8,8,0.0,0.0,0.0,0.0,0.0,0.0,0.0,0.0,1.0,0.0,0.0
8,8,0.0,0.0,0.0,0.0,0.0,0.0,0.0,0.0,1.0,0.0,0.0
8,8,0.0,0.0,0.0,0.0,0.0,0.0,0.0,0.0,1.0,0.0,0.0
8,8,0.0,0.0,0.0,0.0,0.0,0.0,0.0,0.0,1.0,0.0,0.0
8,8,0.0,0.0,0.0,0.0,0.0,0.0,0.0,0.0,1.0,0.0,0.0
8,8,0.0,0.0,0.0,0.0,0.0,0.0,0.0,0.0,1.0,0.0,0.0
8,8,0.0,0.0,0.0,0.0,0.0,0.0,0.0,0.0,1.0,0.0,0.0
8,8,0.0,0.0,0.0,0.0,0.0,0.0,0.0,0.0,1.0,0.0,0.0
8,8,0.0,0.0,0.0,0.0,0.0,0.0,0.0,0.0,1.0,0.0,0.0
8,8,0.0,0.0,0.0,0.0,0.0,0.0,0.0,0.0,1.0,0.0,0.0
8,8,0.0,0.0,0.0,0.0,0.0,0.0,0.0,0.0,1.0,0.0,0.0
8,8,0.0,0.0,0.0,0.0,0.0,0.0,0.0,0.0,1.0,0.0,0.0
8,8,0.0,0.0,0.0,0.0,0.0,0.0,0.0,0.0,1.0,0.0,0.0
8,8,0.0,0.0,0.0,0.0,0.0,0.0,0.0,0.0,1.0,0.0,0.0
8,8,0.0,0.0,0.0,0.0,0.0,0.0,0.0,0.0,1.0,0.0,0.0
8,8,0.0,0.0,0.0,0.0,0.0,0.0,0.0,0.0,1.0,0.0,0.0
8,8,0.0,0.0,0.0,0.0,0.0,0.0,0.0,0.0,1.0,0.0,0.0
8,8,0.0,0.0,0.0,0.0,0.0,0.0,0.0,0.0,1.0,0.0,0.0
8,8,0.0,0.0,0.0,0.0,0.0,0.0,0.0,0.0,1.0,0.0,0.0
8,8,0.0,0.0,0.0,0.0,0.0,0.0,0.0,0.0,1.0,0.0,0.0
8,8,0.0,0.0,0.0,0.0,0.0,0.0,0.0,0.0,1.0,0.0,0.0
8,8,0.0,0.0,0.0,0.0,0.0,0.0,0.0,0.0,1.0,0.0,0.0
8,8,0.0,0.0,0.0,0.0,0.0,0.0,0.0,0.0,1.0,0.0,0.0
8,8,0.0,0.0,0.0,0.0,0.0,0.0,0.0,0.0,1.0,0.0,0.0
8,8,0.0,0.0,0.0,0.0,0.0,0.0,0.0,0.0,1.0,0.0,0.0
8,8,0.0,0.0,0.0,0.0,0.0,0.0,0.0,0.0,1.0,0.0,0.0
8,8,0.0,0.0,0.0,0.0,0.0,0.0,0.0,0.0,1.0,0.0,0.0
8,8,0.0,0.0,0.0,0.0,0.0,0.0,0.0,0.0,1.0,0.0,0.0
8,8,0.0,0.0,0.0,0.0,0.0,0.0,0.0,0.0,1.0,0.0,0.0
8,8,0.0,0.0,0.0,0.0,0.0,0.0,0.0,0.0,1.0,0.0,0.0
8,8,0.0,0.0,0.0,0.0,0.0,0.0,0.0,0.0,1.0,0.0,0.0
8,8,0.0,0.0,0.0,0.0,0.0,0.0,0.0,0.0,1.0,0.0,0.0
8,8,0.0,0.0,0.0,0.0,0.0,0.0,0.0,0.0,1.0,0.0,0.0
8,8,0.0,0.0,0.0,0.0,0.0,0.0,0.0,0.0,1.0,0.0,0.0
8,8,0.0,0.0,0.0,0.0,0.0,0.0,0.0,0.0,0.9375,0.0625,0.0
8,8,0.0,0.0,0.0,0.0,0.0,0.0,0.0,0.0,0.9375,0.0625,0.0
8,8,0.0,0.0,0.0,0.0,0.0,0.0,0.0,0.0,0.9375,0.0625,0.0
8,8,0.0,0.0,0.0,0.0,0.0,0.0,0.0,0.0,0.9375,0.0625,0.0
8,8,0.0,0.0,0.0,0.0,0.0,0.0,0.0,0.0,0.9375,0.0625,0.0
8,8,0.0,0.0,0.0,0.0,0.0,0.0,0.0,0.0,0.9375,0.0625,0.0
8,8,0.0,0.0,0.0,0.0,0.0,0.0,0.0,0.0,0.9375,0.0625,0.0
8,8,0.0,0.0,0.0,0.0,0.0,0.0,0.0,0.0,0.9375,0.0625,0.0
8,8,0.0,0.0,0.0,0.0,0.0,0.0,0.0,0.0,0.9375,0.0625,0.0
8,8,0.0,0.0,0.0,0.0,0.0,0.0,0.0,0.0,0.9375,0.0625,0.0
8,8,0.0,0.0,0.0,0.0,0.0,0.0,0.0,0.0,0.9375,0.0625,0.0
8,8,0.0,0.0,0.0,0.0,0.0,0.0,0.0,0.0,0.9375,0.0625,0.0
8,8,0.0,0.0,0.0,0.0,0.0,0.0,0.0,0.0,0.9375,0.0625,0.0
8,8,0.0,0.0,0.0,0.0,0.0,0.0,0.0,0.0,0.9375,0.0625,0.0
8,8,0.0,0.0,0.0,0.0,0.0,0.0,0.0,0.0,0.9375,0.0625,0.0
8,8,0.0,0.0,0.0,0.0,0.0,0.0,0.0,0.0,0.9375,0.0625,0.0
8,8,0.0,0.0,0.0,0.0,0.0,0.0,0.0,0.0,0.9375,0.0625,0.0
8,8,0.0,0.0,0.0,0.0,0.0,0.0,0.0,0.0,0.9375,0.0625,0.0
8,8,0.0,0.0,0.0,0.0,0.0,0.0,0.0,0.0,0.9375,0.0625,0.0
8,8,0.0,0.0,0.0,0.0,0.0,0.0,0.0,0.0,0.9375,0.0625,0.0
8,8,0.0,0.0,0.0,0.0,0.0,0.0,0.0,0.0,0.9375,0.0625,0.0
8,8,0.0,0.0,0.0,0.0,0.0,0.0,0.0,0.0,0.9375,0.0625,0.0
8,8,0.0,0.0,0.0,0.0,0.0,0.0,0.0,0.0,0.9375,0.0625,0.0
8,8,0.0,0.0,0.0,0.0,0.0,0.0,0.0,0.0,0.9375,0.0625,0.0
8,8,0.0,0.0,0.0,0.0,0.0,0.0,0.0,0.0,0.9375,0.0625,0.0
8,8,0.0,0.0,0.0,0.0,0.0,0.0,0.0,0.0,0.9375,0.0625,0.0
8,8,0.0,0.0,0.0,0.0,0.0,0.0,0.0,0.0,0.9375,0.0625,0.0
8,8,0.0,0.0,0.0,0.0,0.0,0.0,0.0,0.0,0.9375,0.0625,0.0
8,8,0.0,0.0,0.0,0.0,0.0,0.0,0.0,0.0,0.9375,0.0625,0.0
8,8,0.0,0.0,0.0,0.0,0.0,0.0,0.0,0.0,0.9375,0.0625,0.0
8,8,0.0,0.0,0.0,0.0,0.0,0.0,0.0,0.0,0.9375,0.0625,0.0
8,8,0.0,0.0,0.0,0.0,0.0,0.0,0.0,0.0,0.9375,0.0625,0.0
8,8,0.0,0.0,0.0,0.0,0.0,0.0,0.0,0.0,0.9375,0.0625,0.0
8,8,0.0,0.0,0.0,0.0,0.0,0.0,0.0,0.0,0.9375,0.0625,0.0
8,8,0.0,0.0,0.0,0.0,0.0,0.0,0.0,0.0,0.9375,0.0625,0.0
8,8,0.0,0.0,0.0,0.0,0.0,0.0,0.0,0.0,0.9375,0.0625,0.0
8,8,0.0,0.0,0.0,0.0,0.0,0.0,0.0,0.0,0.9375,0.0625,0.0
8,8,0.0,0.0,0.0,0.0,0.0,0.0,0.0,0.0,0.9375,0.0625,0.0
8,8,0.0,0.0,0.0,0.0,0.0,0.0,0.0,0.0,0.9375,0.0625,0.0
8,8,0.0,0.0,0.0,0.0,0.0,0.0,0.0,0.0,0.9375,0.0625,0.0
8,8,0.0,0.0,0.0,0.0,0.0,0.0,0.0,0.0,0.9375,0.0625,0.0
8,8,0.0,0.0,0.0,0.0,0.0,0.0,0.0,0.0,0.9375,0.0625,0.0
8,8,0.0,0.0,0.0,0.0,0.0,0.0,0.0,0.0,1.0,0.0,0.0
8,8,0.0,0.0,0.0,0.0,0.0,0.0,0.0,0.0,1.0,0.0,0.0
8,8,0.0,0.0,0.0,0.0,0.0,0.0,0.0,0.0,1.0,0.0,0.0
8,8,0.0,0.0,0.0,0.0,0.0,0.0,0.0,0.0,1.0,0.0,0.0
8,8,0.0,0.0,0.0,0.0,0.0,0.0,0.0,0.0,1.0,0.0,0.0
8,8,0.0,0.0,0.0,0.0,0.0,0.0,0.0,0.0,1.0,0.0,0.0
8,8,0.0,0.0,0.0,0.0,0.0,0.0,0.0,0.0,1.0,0.0,0.0
8,8,0.0,0.0,0.0,0.0,0.0,0.0,0.0,0.0,1.0,0.0,0.0
8,8,0.0,0.0,0.0,0.0,0.0,0.0,0.0,0.0,1.0,0.0,0.0
8,8,0.0,0.0,0.0,0.0,0.0,0.0,0.0,0.0,1.0,0.0,0.0
8,8,0.0,0.0,0.0,0.0,0.0,0.0,0.0,0.0,1.0,0.0,0.0
8,8,0.0,0.0,0.0,0.0,0.0,0.0,0.0,0.0,1.0,0.0,0.0
8,8,0.0,0.0,0.0,0.0,0.0,0.0,0.0,0.0,1.0,0.0,0.0
8,8,0.0,0.0,0.0,0.0,0.0,0.0,0.0,0.0,1.0,0.0,0.0
8,8,0.0,0.0,0.0,0.0,0.0,0.0,0.0,0.0,1.0,0.0,0.0
8,8,0.0,0.0,0.0,0.0,0.0,0.0,0.0,0.0,1.0,0.0,0.0
8,8,0.0,0.0,0.0,0.0,0.0,0.0,0.0,0.0,1.0,0.0,0.0
8,8,0.0,0.0,0.0,0.0,0.0,0.0,0.0,0.0,1.0,0.0,0.0
8,8,0.0,0.0,0.0,0.0,0.0,0.0,0.0,0.0,1.0,0.0,0.0
8,8,0.0,0.0,0.0,0.0,0.0,0.0,0.0,0.0,1.0,0.0,0.0
8,8,0.0,0.0,0.0,0.0,0.0,0.0,0.0,0.0,1.0,0.0,0.0
8,8,0.0,0.0,0.0,0.0,0.0,0.0,0.0,0.0,1.0,0.0,0.0
8,8,0.0,0.0,0.0,0.0,0.0,0.0,0.0,0.0,1.0,0.0,0.0
8,8,0.0,0.0,0.0,0.0,0.0,0.0,0.0,0.0,1.0,0.0,0.0
8,8,0.0,0.0,0.0,0.0,0.0,0.0,0.0,0.0,1.0,0.0,0.0
8,8,0.0,0.0,0.0,0.0,0.0,0.0,0.0,0.0,1.0,0.0,0.0
8,8,0.0,0.0,0.0,0.0,0.0,0.0,0.0,0.0,1.0,0.0,0.0
8,8,0.0,0.0,0.0,0.0,0.0,0.0,0.0,0.0,1.0,0.0,0.0
8,8,0.0,0.0,0.0,0.0,0.0,0.0,0.0,0.0,1.0,0.0,0.0
8,8,0.0,0.0,0.0,0.0,0.0,0.0,0.0,0.0,1.0,0.0,0.0
8,8,0.0,0.0,0.0,0.0,0.0,0.0,0.0,0.0,1.0,0.0,0.0
8,8,0.0,0.0,0.0,0.0,0.0,0.0,0.0,0.0,1.0,0.0,0.0
8,8,0.0,0.0,0.0,0.0,0.0,0.0,0.0,0.0,1.0,0.0,0.0
8,8,0.0,0.0,0.0,0.0,0.0,0.0,0.0,0.0,1.0,0.0,0.0
8,8,0.0,0.0,0.0,0.0,0.0,0.0,0.0,0.0,1.0,0.0,0.0
8,8,0.0,0.0,0.0,0.0,0.0,0.0,0.0,0.0,1.0,0.0,0.0
8,8,0.0,0.0,0.0,0.0,0.0,0.0,0.0,0.0,1.0,0.0,0.0
8,8,0.0,0.0,0.0,0.0,0.0,0.0,0.0,0.0,1.0,0.0,0.0
8,8,0.0,0.0,0.0,0.0,0.0,0.0,0.0,0.0,1.0,0.0,0.0
8,8,0.0,0.0,0.0,0.0,0.0,0.0,0.0,0.0,1.0,0.0,0.0
8,8,0.0,0.0,0.0,0.0,0.0,0.0,0.0,0.0,1.0,0.0,0.0
8,8,0.0,0.0,0.0,0.0,0.0,0.0,0.0,0.0,1.0,0.0,0.0
8,8,0.0,0.0,0.0,0.0,0.0,0.0,0.0,0.0,1.0,0.0,0.0
8,8,0.0,0.0,0.0,0.0,0.0,0.0,0.0,0.0,1.0,0.0,0.0
8,8,0.0,0.0,0.0,0.0,0.0,0.0,0.0,0.0,1.0,0.0,0.0
8,8,0.0,0.0,0.0,0.0,0.0,0.0,0.0,0.0,1.0,0.0,0.0
8,8,0.0,0.0,0.0,0.0,0.0,0.0,0.0,0.0,1.0,0.0,0.0
8,8,0.0,0.0,0.0,0.0,0.0,0.0,0.0,0.0,1.0,0.0,0.0
8,8,0.0,0.0,0.0,0.0,0.0,0.0,0.0,0.0,1.0,0.0,0.0
8,8,0.0,0.0,0.0,0.0,0.0,0.0,0.0,0.0,1.0,0.0,0.0
8,8,0.0,0.0,0.0,0.0,0.0,0.0,0.0,0.0,1.0,0.0,0.0
8,8,0.0,0.0,0.0,0.0,0.0,0.0,0.0,0.0,1.0,0.0,0.0
8,8,0.0,0.0,0.0,0.0,0.0,0.0,0.0,0.0,1.0,0.0,0.0
8,8,0.0,0.0,0.0,0.0,0.0,0.0,0.0,0.0,1.0,0.0,0.0
8,8,0.0,0.0,0.0,0.0,0.0,0.0,0.0,0.0,1.0,0.0,0.0
8,8,0.0,0.0,0.0,0.0,0.0,0.0,0.0,0.0,1.0,0.0,0.0
8,8,0.0,0.0,0.0,0.0,0.0,0.0,0.0,0.0,1.0,0.0,0.0
8,8,0.0,0.0,0.0,0.0,0.0,0.0,0.0,0.0,1.0,0.0,0.0
8,8,0.0,0.0,0.0,0.0,0.0,0.0,0.0,0.0,1.0,0.0,0.0
8,8,0.0,0.0,0.0,0.0,0.0,0.0,0.0,0.0,1.0,0.0,0.0
8,8,0.0,0.0,0.0,0.0,0.0,0.0,0.0,0.0,1.0,0.0,0.0
8,8,0.0,0.0,0.0,0.0,0.0,0.0,0.0,0.0,1.0,0.0,0.0
8,8,0.0,0.0,0.0,0.0,0.0,0.0,0.0,0.0,1.0,0.0,0.0
8,8,0.0,0.0,0.0,0.0,0.0,0.0,0.0,0.0,1.0,0.0,0.0
8,8,0.0,0.0,0.0,0.0,0.0,0.0,0.0,0.0,1.0,0.0,0.0
8,8,0.0,0.0,0.0,0.0,0.0,0.0,0.0,0.0,1.0,0.0,0.0
8,8,0.0,0.0,0.0,0.0,0.0,0.0,0.0,0.0,1.0,0.0,0.0
8,8,0.0,0.0,0.0,0.0,0.0,0.0,0.0,0.0,1.0,0.0,0.0
8,8,0.0,0.0,0.0,0.0,0.0,0.0,0.0,0.0,1.0,0.0,0.0
8,8,0.0,0.0,0.0,0.0,0.0,0.0,0.0,0.0,1.0,0.0,0.0
8,8,0.0,0.0,0.0,0.0,0.0,0.0,0.0,0.0,1.0,0.0,0.0
8,8,0.0,0.0,0.0,0.0,0.0,0.0,0.0,0.0,1.0,0.0,0.0
8,8,0.0,0.0,0.0,0.0,0.0,0.0,0.0,0.0,1.0,0.0,0.0
8,8,0.0,0.0,0.0,0.0,0.0,0.0,0.0,0.0,1.0,0.0,0.0
8,8,0.0,0.0,0.0,0.0,0.0,0.0,0.0,0.0,1.0,0.0,0.0
8,8,0.0,0.0,0.0,0.0,0.0,0.0,0.0,0.0,1.0,0.0,0.0
8,8,0.0,0.0,0.0,0.0,0.0,0.0,0.0,0.0,1.0,0.0,0.0
8,8,0.0,0.0,0.0,0.0,0.0,0.0,0.0,0.0,1.0,0.0,0.0
8,8,0.0,0.0,0.0,0.0,0.0,0.0,0.0,0.0,1.0,0.0,0.0
8,8,0.0,0.0,0.0,0.0,0.0,0.0,0.0,0.0,1.0,0.0,0.0
8,8,0.0,0.0,0.0,0.0,0.0,0.0,0.0,0.0,1.0,0.0,0.0
8,8,0.0,0.0,0.0,0.0,0.0,0.0,0.0,0.0,1.0,0.0,0.0
8,8,0.0,0.0,0.0,0.0,0.0,0.0,0.0,0.0,1.0,0.0,0.0
8,8,0.0,0.0,0.0,0.0,0.0,0.0,0.0,0.0,1.0,0.0,0.0
8,8,0.0,0.0,0.0,0.0,0.0,0.0,0.0,0.0,1.0,0.0,0.0
8,8,0.0,0.0,0.0,0.0,0.0,0.0,0.0,0.0,1.0,0.0,0.0
8,8,0.0,0.0,0.0,0.0,0.0,0.0,0.0,0.0,1.0,0.0,0.0
8,8,0.0,0.0,0.0,0.0,0.0,0.0,0.0,0.0,1.0,0.0,0.0
8,8,0.0,0.0,0.0,0.0,0.0,0.0,0.0,0.0,1.0,0.0,0.0
8,8,0.0,0.0,0.0,0.0,0.0,0.0,0.0,0.0,1.0,0.0,0.0
8,8,0.0,0.0,0.0,0.0,0.0,0.0,0.0,0.0,1.0,0.0,0.0
8,8,0.0,0.0,0.0,0.0,0.0,0.0,0.0,0.0,1.0,0.0,0.0
8,8,0.0,0.0,0.0,0.0,0.0,0.0,0.0,0.0,1.0,0.0,0.0
8,8,0.0,0.0,0.0,0.0,0.0,0.0,0.0,0.0,1.0,0.0,0.0
8,8,0.0,0.0,0.0,0.0,0.0,0.0,0.0,0.0,1.0,0.0,0.0
8,8,0.0,0.0,0.0,0.0,0.0,0.0,0.0,0.0,1.0,0.0,0.0
8,8,0.0,0.0,0.0,0.0,0.0,0.0,0.0,0.0,1.0,0.0,0.0
8,8,0.0,0.0,0.0,0.0,0.0,0.0,0.0,0.0,1.0,0.0,0.0
8,8,0.0,0.0,0.0,0.0,0.0,0.0,0.0,0.0,1.0,0.0,0.0
8,8,0.0,0.0,0.0,0.0,0.0,0.0,0.0,0.0,1.0,0.0,0.0
8,8,0.0,0.0,0.0,0.0,0.0,0.0,0.0,0.0,1.0,0.0,0.0
8,8,0.0,0.0,0.0,0.0,0.0,0.0,0.0,0.0,1.0,0.0,0.0
8,8,0.0,0.0,0.0,0.0,0.0,0.0,0.0,0.0,1.0,0.0,0.0
8,8,0.0,0.0,0.0,0.0,0.0,0.0,0.0,0.0,1.0,0.0,0.0
8,8,0.0,0.0,0.0,0.0,0.0,0.0,0.0,0.0,1.0,0.0,0.0
8,8,0.0,0.0,0.0,0.0,0.0,0.0,0.0,0.0,1.0,0.0,0.0
8,8,0.0,0.0,0.0,0.0,0.0,0.0,0.0,0.0,1.0,0.0,0.0
8,8,0.0,0.0,0.0,0.0,0.0,0.0,0.0,0.0,1.0,0.0,0.0
8,8,0.0,0.0,0.0,0.0,0.0,0.0,0.0,0.0,1.0,0.0,0.0
8,8,0.0,0.0,0.0,0.0,0.0,0.0,0.0,0.0,1.0,0.0,0.0
8,8,0.0,0.0,0.0,0.0,0.0,0.0,0.0,0.0,1.0,0.0,0.0
8,8,0.0,0.0,0.0,0.0,0.0,0.0,0.0,0.0,1.0,0.0,0.0
8,8,0.0,0.0,0.0,0.0,0.0,0.0,0.0,0.0,1.0,0.0,0.0
8,8,0.0,0.0,0.0,0.0,0.0,0.0,0.0,0.0,1.0,0.0,0.0
8,8,0.0,0.0,0.0,0.0,0.0,0.0,0.0,0.0,1.0,0.0,0.0
8,8,0.0,0.0,0.0,0.0,0.0,0.0,0.0,0.0,1.0,0.0,0.0
8,8,0.0,0.0,0.0,0.0,0.0,0.0,0.0,0.0,1.0,0.0,0.0
8,8,0.0,0.0,0.0,0.0,0.0,0.0,0.0,0.0,1.0,0.0,0.0
8,8,0.0,0.0,0.0,0.0,0.0,0.0,0.0,0.0,1.0,0.0,0.0
8,8,0.0,0.0,0.0,0.0,0.0,0.0,0.0,0.0,1.0,0.0,0.0
8,8,0.0,0.0,0.0,0.0,0.0,0.0,0.0,0.0,1.0,0.0,0.0
8,8,0.0,0.0,0.0,0.0,0.0,0.0,0.0,0.0,1.0,0.0,0.0
8,8,0.0,0.0,0.0,0.0,0.0,0.0,0.0,0.0,1.0,0.0,0.0
8,8,0.0,0.0,0.0,0.0,0.0,0.0,0.0,0.0,1.0,0.0,0.0
8,8,0.0,0.0,0.0,0.0,0.0,0.0,0.0,0.0,1.0,0.0,0.0
8,8,0.0,0.0,0.0,0.0,0.0,0.0,0.0,0.0,1.0,0.0,0.0
8,8,0.0,0.0,0.0,0.0,0.0,0.0,0.0,0.0,1.0,0.0,0.0
8,8,0.0,0.0,0.0,0.0,0.0,0.0,0.0,0.0,1.0,0.0,0.0
8,8,0.0,0.0,0.0,0.0,0.0,0.0,0.0,0.0,1.0,0.0,0.0
8,8,0.0,0.0,0.0,0.0,0.0,0.0,0.0,0.0,1.0,0.0,0.0
8,8,0.0,0.0,0.0,0.0,0.0,0.0,0.0,0.0,1.0,0.0,0.0
8,8,0.0,0.0,0.0,0.0,0.0,0.0,0.0,0.0,1.0,0.0,0.0
8,8,0.0,0.0,0.0,0.0,0.0,0.0,0.0,0.0,1.0,0.0,0.0
8,8,0.0,0.0,0.0,0.0,0.0,0.0,0.0,0.0,1.0,0.0,0.0
8,8,0.0,0.0,0.0,0.0,0.0,0.0,0.0,0.0,1.0,0.0,0.0
8,8,0.0,0.0,0.0,0.0,0.0,0.0,0.0,0.0,1.0,0.0,0.0
8,8,0.0,0.0,0.0,0.0,0.0,0.0,0.0,0.0,1.0,0.0,0.0
8,8,0.0,0.0,0.0,0.0,0.0,0.0,0.0,0.0,1.0,0.0,0.0
8,8,0.0,0.0,0.0,0.0,0.0,0.0,0.0,0.0,1.0,0.0,0.0
8,8,0.0,0.0,0.0,0.0,0.0,0.0,0.0,0.0,1.0,0.0,0.0
8,8,0.0,0.0,0.0,0.0,0.0,0.0,0.0,0.0,1.0,0.0,0.0
8,8,0.0,0.0,0.0,0.0,0.0,0.0,0.0,0.0,1.0,0.0,0.0
8,8,0.0,0.0,0.0,0.0,0.0,0.0,0.0,0.0,1.0,0.0,0.0
8,8,0.0,0.0,0.0,0.0,0.0,0.0,0.0,0.0,1.0,0.0,0.0
8,8,0.0,0.0,0.0,0.0,0.0,0.0,0.0,0.0,1.0,0.0,0.0
8,8,0.0,0.0,0.0,0.0,0.0,0.0,0.0,0.0,1.0,0.0,0.0
8,8,0.0,0.0,0.0,0.0,0.0,0.0,0.0,0.0,1.0,0.0,0.0
8,8,0.0,0.0,0.0,0.0,0.0,0.0,0.0,0.0,1.0,0.0,0.0
8,8,0.0,0.0,0.0,0.0,0.0,0.0,0.0,0.0,1.0,0.0,0.0
8,8,0.0,0.0,0.0,0.0,0.0,0.0,0.0,0.0,1.0,0.0,0.0
8,8,0.0,0.0,0.0,0.0,0.0,0.0,0.0,0.0,1.0,0.0,0.0
8,8,0.0,0.0,0.0,0.0,0.0,0.0,0.0,0.0,1.0,0.0,0.0
8,8,0.0,0.0,0.0,0.0,0.0,0.0,0.0,0.0,1.0,0.0,0.0
8,8,0.0,0.0,0.0,0.0,0.0,0.0,0.0,0.0,1.0,0.0,0.0
8,8,0.0,0.0,0.0,0.0,0.0,0.0,0.0,0.0,1.0,0.0,0.0
8,8,0.0,0.0,0.0,0.0,0.0,0.0,0.0,0.0,1.0,0.0,0.0
8,8,0.0,0.0,0.0,0.0,0.0,0.0,0.0,0.0,1.0,0.0,0.0
8,8,0.0,0.0,0.0,0.0,0.0,0.0,0.0,0.0,1.0,0.0,0.0
8,8,0.0,0.0,0.0,0.0,0.0,0.0,0.0,0.0,1.0,0.0,0.0
8,8,0.0,0.0,0.0,0.0,0.0,0.0,0.0,0.0,1.0,0.0,0.0
8,8,0.0,0.0,0.0,0.0,0.0,0.0,0.0,0.0,1.0,0.0,0.0
8,8,0.0,0.0,0.0,0.0,0.0,0.0,0.0,0.0,1.0,0.0,0.0
8,8,0.0,0.0,0.0,0.0,0.0,0.0,0.0,0.0,1.0,0.0,0.0
8,8,0.0,0.0,0.0,0.0,0.0,0.0,0.0,0.0,1.0,0.0,0.0
8,8,0.0,0.0,0.0,0.0,0.0,0.0,0.0,0.0,1.0,0.0,0.0
8,8,0.0,0.0,0.0,0.0,0.0,0.0,0.0,0.0,1.0,0.0,0.0
8,8,0.0,0.0,0.0,0.0,0.0,0.0,0.0,0.0,1.0,0.0,0.0
8,8,0.0,0.0,0.0,0.0,0.0,0.0,0.0,0.0,1.0,0.0,0.0
8,8,0.0,0.0,0.0,0.0,0.0,0.0,0.0,0.0,1.0,0.0,0.0
8,8,0.0,0.0,0.0,0.0,0.0,0.0,0.0,0.0,1.0,0.0,0.0
8,8,0.0,0.0,0.0,0.0,0.0,0.0,0.0,0.0,1.0,0.0,0.0
8,8,0.0,0.0,0.0,0.0,0.0,0.0,0.0,0.0,1.0,0.0,0.0
8,8,0.0,0.0,0.0,0.0,0.0,0.0,0.0,0.0,1.0,0.0,0.0
8,8,0.0,0.0,0.0,0.0,0.0,0.0,0.0,0.0,1.0,0.0,0.0
8,8,0.0,0.0,0.0,0.0,0.0,0.0,0.0,0.0,1.0,0.0,0.0
8,8,0.0,0.0,0.0,0.0,0.0,0.0,0.0,0.0,1.0,0.0,0.0
8,8,0.0,0.0,0.0,0.0,0.0,0.0,0.0,0.0,1.0,0.0,0.0
8,8,0.0,0.0,0.0,0.0,0.0,0.0,0.0,0.0,1.0,0.0,0.0
8,8,0.0,0.0,0.0,0.0,0.0,0.0,0.0,0.0,1.0,0.0,0.0
8,8,0.0,0.0,0.0,0.0,0.0,0.0,0.0,0.0,1.0,0.0,0.0
8,8,0.0,0.0,0.0,0.0,0.0,0.0,0.0,0.0,1.0,0.0,0.0
8,8,0.0,0.0,0.0,0.0,0.0,0.0,0.0,0.0,1.0,0.0,0.0
8,8,0.0,0.0,0.0,0.0,0.0,0.0,0.0,0.0,1.0,0.0,0.0
8,8,0.0,0.0,0.0,0.0,0.0,0.0,0.0,0.0,1.0,0.0,0.0
8,8,0.0,0.0,0.0,0.0,0.0,0.0,0.0,0.0,1.0,0.0,0.0
8,8,0.0,0.0,0.0,0.0,0.0,0.0,0.0,0.0,1.0,0.0,0.0
8,8,0.0,0.0,0.0,0.0,0.0,0.0,0.0,0.0,1.0,0.0,0.0
8,8,0.0,0.0,0.0,0.0,0.0,0.0,0.0,0.0,1.0,0.0,0.0
8,8,0.0,0.0,0.0,0.0,0.0,0.0,0.0,0.0,1.0,0.0,0.0
8,8,0.0,0.0,0.0,0.0,0.0,0.0,0.0,0.0,1.0,0.0,0.0
8,8,0.0,0.0,0.0,0.0,0.0,0.0,0.0,0.0,1.0,0.0,0.0
8,8,0.0,0.0,0.0,0.0,0.0,0.0,0.0,0.0,1.0,0.0,0.0
8,8,0.0,0.0,0.0,0.0,0.0,0.0,0.0,0.0,1.0,0.0,0.0
8,8,0.0,0.0,0.0,0.0,0.0,0.0,0.0,0.0,1.0,0.0,0.0
8,8,0.0,0.0,0.0,0.0,0.0,0.0,0.0,0.0,1.0,0.0,0.0
8,8,0.0,0.0,0.0,0.0,0.0,0.0,0.0,0.0,1.0,0.0,0.0
8,8,0.0,0.0,0.0,0.0,0.0,0.0,0.0,0.0,1.0,0.0,0.0
8,8,0.0,0.0,0.0,0.0,0.0,0.0,0.0,0.0,1.0,0.0,0.0
8,8,0.0,0.0,0.0,0.0,0.0,0.0,0.0,0.0,1.0,0.0,0.0
8,8,0.0,0.0,0.0,0.0,0.0,0.0,0.0,0.0,1.0,0.0,0.0
8,8,0.0,0.0,0.0,0.0,0.0,0.0,0.0,0.0,1.0,0.0,0.0
8,8,0.0,0.0,0.0,0.0,0.0,0.0,0.0,0.0,1.0,0.0,0.0
8,8,0.0,0.0,0.0,0.0,0.0,0.0,0.0,0.0,1.0,0.0,0.0
8,8,0.0,0.0,0.0,0.0,0.0,0.0,0.0,0.0,1.0,0.0,0.0
8,8,0.0,0.0,0.0,0.0,0.0,0.0,0.0,0.0,1.0,0.0,0.0
8,8,0.0,0.0,0.0,0.0,0.0,0.0,0.0,0.0,1.0,0.0,0.0
8,8,0.0,0.0,0.0,0.0,0.0,0.0,0.0,0.0,1.0,0.0,0.0
8,8,0.0,0.0,0.0,0.0,0.0,0.0,0.0,0.0,1.0,0.0,0.0
8,8,0.0,0.0,0.0,0.0,0.0,0.0,0.0,0.0,1.0,0.0,0.0
8,8,0.0,0.0,0.0,0.0,0.0,0.0,0.0,0.0,1.0,0.0,0.0
8,8,0.0,0.0,0.0,0.0,0.0,0.0,0.0,0.0,1.0,0.0,0.0
8,8,0.0,0.0,0.0,0.0,0.0,0.0,0.0,0.0,1.0,0.0,0.0
8,8,0.0,0.0,0.0,0.0,0.0,0.0,0.0,0.0,1.0,0.0,0.0
8,8,0.0,0.0,0.0,0.0,0.0,0.0,0.0,0.0,1.0,0.0,0.0
8,8,0.0,0.0,0.0,0.0,0.0,0.0,0.0,0.0,1.0,0.0,0.0
8,8,0.0,0.0,0.0,0.0,0.0,0.0,0.0,0.0,1.0,0.0,0.0
8,8,0.0,0.0,0.0,0.0,0.0,0.0,0.0,0.0,1.0,0.0,0.0
8,8,0.0,0.0,0.0,0.0,0.0,0.0,0.0,0.0,1.0,0.0,0.0
8,8,0.0,0.0,0.0,0.0,0.0,0.0,0.0,0.0,1.0,0.0,0.0
8,8,0.0,0.0,0.0,0.0,0.0,0.0,0.0,0.0,1.0,0.0,0.0
8,8,0.0,0.0,0.0,0.0,0.0,0.0,0.0,0.0,1.0,0.0,0.0
8,8,0.0,0.0,0.0,0.0,0.0,0.0,0.0,0.0,1.0,0.0,0.0
8,8,0.0,0.0,0.0,0.0,0.0,0.0,0.0,0.0,1.0,0.0,0.0
8,8,0.0,0.0,0.0,0.0,0.0,0.0,0.0,0.0,1.0,0.0,0.0
8,8,0.0,0.0,0.0,0.0,0.0,0.0,0.0,0.0,1.0,0.0,0.0
8,8,0.0,0.0,0.0,0.0,0.0,0.0,0.0,0.0,1.0,0.0,0.0
8,8,0.0,0.0,0.0,0.0,0.0,0.0,0.0,0.0,1.0,0.0,0.0
8,8,0.0,0.0,0.0,0.0,0.0,0.0,0.0,0.0,1.0,0.0,0.0
8,8,0.0,0.0,0.0,0.0,0.0,0.0,0.0,0.0,1.0,0.0,0.0
8,8,0.0,0.0,0.0,0.0,0.0,0.0,0.0,0.0,1.0,0.0,0.0
8,8,0.0,0.0,0.0,0.0,0.0,0.0,0.0,0.0,1.0,0.0,0.0
8,8,0.0,0.0,0.0,0.0,0.0,0.0,0.0,0.0,1.0,0.0,0.0
8,8,0.0,0.0,0.0,0.0,0.0,0.0,0.0,0.0,1.0,0.0,0.0
8,8,0.0,0.0,0.0,0.0,0.0,0.0,0.0,0.0,1.0,0.0,0.0
8,8,0.0,0.0,0.0,0.0,0.0,0.0,0.0,0.0,1.0,0.0,0.0
8,8,0.0,0.0,0.0,0.0,0.0,0.0,0.0,0.0,1.0,0.0,0.0
8,8,0.0,0.0,0.0,0.0,0.0,0.0,0.0,0.0,1.0,0.0,0.0
8,8,0.0,0.0,0.0,0.0,0.0,0.0,0.0,0.0,1.0,0.0,0.0
8,8,0.0,0.0,0.0,0.0,0.0,0.0,0.0,0.0,1.0,0.0,0.0
8,8,0.0,0.0,0.0,0.0,0.0,0.0,0.0,0.0,1.0,0.0,0.0
8,8,0.0,0.0,0.0,0.0,0.0,0.0,0.0,0.0,1.0,0.0,0.0
8,8,0.0,0.0,0.0,0.0,0.0,0.0,0.0,0.0,1.0,0.0,0.0
8,8,0.0,0.0,0.0,0.0,0.0,0.0,0.0,0.0,1.0,0.0,0.0
8,8,0.0,0.0,0.0,0.0,0.0,0.0,0.0,0.0,1.0,0.0,0.0
8,8,0.0,0.0,0.0,0.0,0.0,0.0,0.0,0.0,1.0,0.0,0.0
8,8,0.0,0.0,0.0,0.0,0.0,0.0,0.0,0.0,1.0,0.0,0.0
8,8,0.0,0.0,0.0,0.0,0.0,0.0,0.0,0.0,1.0,0.0,0.0
8,8,0.0,0.0,0.0,0.0,0.0,0.0,0.0,0.0,1.0,0.0,0.0
8,8,0.0,0.0,0.0,0.0,0.0,0.0,0.0,0.0,1.0,0.0,0.0
8,8,0.0,0.0,0.0,0.0,0.0,0.0,0.0,0.0,1.0,0.0,0.0
8,8,0.0,0.0,0.0,0.0,0.0,0.0,0.0,0.0,1.0,0.0,0.0
8,8,0.0,0.0,0.0,0.0,0.0,0.0,0.0,0.0,1.0,0.0,0.0
8,8,0.0,0.0,0.0,0.0,0.0,0.0,0.0,0.0,1.0,0.0,0.0
8,8,0.0,0.0,0.0,0.0,0.0,0.0,0.0,0.0,1.0,0.0,0.0
8,8,0.0,0.0,0.0,0.0,0.0,0.0,0.0,0.0,1.0,0.0,0.0
8,8,0.0,0.0,0.0,0.0,0.0,0.0,0.0,0.0,1.0,0.0,0.0
8,8,0.0,0.0,0.0,0.0,0.0,0.0,0.0,0.0,1.0,0.0,0.0
8,8,0.0,0.0,0.0,0.0,0.0,0.0,0.0,0.0,1.0,0.0,0.0
8,8,0.0,0.0,0.0,0.0,0.0,0.0,0.0,0.0,1.0,0.0,0.0
8,8,0.0,0.0,0.0,0.0,0.0,0.0,0.0,0.0,1.0,0.0,0.0
8,8,0.0,0.0,0.0,0.0,0.0,0.0,0.0,0.0,1.0,0.0,0.0
8,8,0.0,0.0,0.0,0.0,0.0,0.0,0.0,0.0,1.0,0.0,0.0
8,8,0.0,0.0,0.0,0.0,0.0,0.0,0.0,0.0,1.0,0.0,0.0
8,8,0.0,0.0,0.0,0.0,0.0,0.0,0.0,0.0,1.0,0.0,0.0
8,8,0.0,0.0,0.0,0.0,0.0,0.0,0.0,0.0,1.0,0.0,0.0
8,8,0.0,0.0,0.0,0.0,0.0,0.0,0.0,0.0,1.0,0.0,0.0
8,8,0.0,0.0,0.0,0.0,0.0,0.0,0.0,0.0,1.0,0.0,0.0
8,8,0.0,0.0,0.0,0.0,0.0,0.0,0.0,0.0,1.0,0.0,0.0
8,8,0.0,0.0,0.0,0.0,0.0,0.0,0.0,0.0,1.0,0.0,0.0
8,8,0.0,0.0,0.0,0.0,0.0,0.0,0.0,0.0,1.0,0.0,0.0
8,8,0.0,0.0,0.0,0.0,0.0,0.0,0.0,0.0,1.0,0.0,0.0
8,8,0.0,0.0,0.0,0.0,0.0,0.0,0.0,0.0,1.0,0.0,0.0
8,8,0.0,0.0,0.0,0.0,0.0,0.0,0.0,0.0,1.0,0.0,0.0
8,8,0.0,0.0,0.0,0.0,0.0,0.0,0.0,0.0,1.0,0.0,0.0
8,8,0.0,0.0,0.0,0.0,0.0,0.0,0.0,0.0,1.0,0.0,0.0
8,8,0.0,0.0,0.0,0.0,0.0,0.0,0.0,0.0,1.0,0.0,0.0
8,8,0.0,0.0,0.0,0.0,0.0,0.0,0.0,0.0,1.0,0.0,0.0
8,8,0.0,0.0,0.0,0.0,0.0,0.0,0.0,0.0,1.0,0.0,0.0
8,8,0.0,0.0,0.0,0.0,0.0,0.0,0.0,0.0,1.0,0.0,0.0
8,8,0.0,0.0,0.0,0.0,0.0,0.0,0.0,0.0,1.0,0.0,0.0
8,8,0.0,0.0,0.0,0.0,0.0,0.0,0.0,0.0,1.0,0.0,0.0
8,8,0.0,0.0,0.0,0.0,0.0,0.0,0.0,0.0,1.0,0.0,0.0
8,8,0.0,0.0,0.0,0.0,0.0,0.0,0.0,0.0,1.0,0.0,0.0
8,8,0.0,0.0,0.0,0.0,0.0,0.0,0.0,0.0,1.0,0.0,0.0
8,8,0.0,0.0,0.0,0.0,0.0,0.0,0.0,0.0,1.0,0.0,0.0
8,8,0.0,0.0,0.0,0.0,0.0,0.0,0.0,0.0,1.0,0.0,0.0
8,8,0.0,0.0,0.0,0.0,0.0,0.0,0.0,0.0,1.0,0.0,0.0
8,8,0.0,0.0,0.0,0.0,0.0,0.0,0.0,0.0,1.0,0.0,0.0
8,8,0.0,0.0,0.0,0.0,0.0,0.0,0.0,0.0,1.0,0.0,0.0
8,8,0.0,0.0,0.0,0.0,0.0,0.0,0.0,0.0,1.0,0.0,0.0
8,8,0.0,0.0,0.0,0.0,0.0,0.0,0.0,0.0,1.0,0.0,0.0
8,8,0.0,0.0,0.0,0.0,0.0,0.0,0.0,0.0,1.0,0.0,0.0
8,8,0.0,0.0,0.0,0.0,0.0,0.0,0.0,0.0,1.0,0.0,0.0
8,8,0.0,0.0,0.0,0.0,0.0,0.0,0.0,0.0,1.0,0.0,0.0
8,8,0.0,0.0,0.0,0.0,0.0,0.0,0.0,0.0,1.0,0.0,0.0
8,8,0.0,0.0,0.0,0.0,0.0,0.0,0.0,0.0,1.0,0.0,0.0
8,8,0.0,0.0,0.0,0.0,0.0,0.0,0.0,0.0,1.0,0.0,0.0
8,8,0.0,0.0,0.0,0.0,0.0,0.0,0.0,0.0,1.0,0.0,0.0
8,8,0.0,0.0,0.0,0.0,0.0,0.0,0.0,0.0,1.0,0.0,0.0
8,8,0.0,0.0,0.0,0.0,0.0,0.0,0.0,0.0,1.0,0.0,0.0
8,8,0.0,0.0,0.0,0.0,0.0,0.0,0.0,0.0,1.0,0.0,0.0
8,8,0.0,0.0,0.0,0.0,0.0,0.0,0.0,0.0,1.0,0.0,0.0
8,8,0.0,0.0,0.0,0.0,0.0,0.0,0.0,0.0,1.0,0.0,0.0
8,8,0.0,0.0,0.0,0.0,0.0,0.0,0.0,0.0,1.0,0.0,0.0
8,8,0.0,0.0,0.0,0.0,0.0,0.0,0.0,0.0,1.0,0.0,0.0
8,8,0.0,0.0,0.0,0.0,0.0,0.0,0.0,0.0,1.0,0.0,0.0
8,8,0.0,0.0,0.0,0.0,0.0,0.0,0.0,0.0,1.0,0.0,0.0
8,8,0.0,0.0,0.0,0.0,0.0,0.0,0.0,0.0,1.0,0.0,0.0
8,8,0.0,0.0,0.0,0.0,0.0,0.0,0.0,0.0,1.0,0.0,0.0
8,8,0.0,0.0,0.0,0.0,0.0,0.0,0.0,0.0,1.0,0.0,0.0
8,8,0.0,0.0,0.0,0.0,0.0,0.0,0.0,0.0,1.0,0.0,0.0
8,8,0.0,0.0,0.0,0.0,0.0,0.0,0.0,0.0,1.0,0.0,0.0
8,8,0.0,0.0,0.0,0.0,0.0,0.0,0.0,0.0,1.0,0.0,0.0
8,8,0.0,0.0,0.0,0.0,0.0,0.0,0.0,0.0,1.0,0.0,0.0
8,8,0.0,0.0,0.0,0.0,0.0,0.0,0.0,0.0,1.0,0.0,0.0
8,8,0.0,0.0,0.0,0.0,0.0,0.0,0.0,0.0,1.0,0.0,0.0
8,8,0.0,0.0,0.0,0.0,0.0,0.0,0.0,0.0,1.0,0.0,0.0
8,8,0.0,0.0,0.0,0.0,0.0,0.0,0.0,0.0,1.0,0.0,0.0
8,8,0.0,0.0,0.0,0.0,0.0,0.0,0.0,0.0,1.0,0.0,0.0
8,8,0.0,0.0,0.0,0.0,0.0,0.0,0.0,0.0,1.0,0.0,0.0
8,8,0.0,0.0,0.0,0.0,0.0,0.0,0.0,0.0,1.0,0.0,0.0
8,8,0.0,0.0,0.0,0.0,0.0,0.0,0.0,0.0,1.0,0.0,0.0
8,8,0.0,0.0,0.0,0.0,0.0,0.0,0.0,0.0,1.0,0.0,0.0
8,8,0.0,0.0,0.0,0.0,0.0,0.0,0.0,0.0,0.9375,0.0625,0.0
8,8,0.0,0.0,0.0,0.0,0.0,0.0,0.0,0.0,0.9375,0.0625,0.0
8,8,0.0,0.0,0.0,0.0,0.0,0.0,0.0,0.0,0.9375,0.0625,0.0
8,8,0.0,0.0,0.0,0.0,0.0,0.0,0.0,0.0,0.9375,0.0625,0.0
8,8,0.0,0.0,0.0,0.0,0.0,0.0,0.0,0.0,0.9375,0.0625,0.0
8,8,0.0,0.0,0.0,0.0,0.0,0.0,0.0,0.0,0.9375,0.0625,0.0
8,8,0.0,0.0,0.0,0.0,0.0,0.0,0.0,0.0,0.9375,0.0625,0.0
8,8,0.0,0.0,0.0,0.0,0.0,0.0,0.0,0.0,0.9375,0.0625,0.0
8,8,0.0,0.0,0.0,0.0,0.0,0.0,0.0,0.0,0.9375,0.0625,0.0
8,8,0.0,0.0,0.0,0.0,0.0,0.0,0.0,0.0,0.9375,0.0625,0.0
8,8,0.0,0.0,0.0,0.0,0.0,0.0,0.0,0.0,0.9375,0.0625,0.0
8,8,0.0,0.0,0.0,0.0,0.0,0.0,0.0,0.0,0.9375,0.0625,0.0
8,8,0.0,0.0,0.0,0.0,0.0,0.0,0.0,0.0,0.9375,0.0625,0.0
8,8,0.0,0.0,0.0,0.0,0.0,0.0,0.0,0.0,0.9375,0.0625,0.0
8,8,0.0,0.0,0.0,0.0,0.0,0.0,0.0,0.0,0.9375,0.0625,0.0
8,8,0.0,0.0,0.0,0.0,0.0,0.0,0.0,0.0,0.9375,0.0625,0.0
8,8,0.0,0.0,0.0,0.0,0.0,0.0,0.0,0.0,0.9375,0.0625,0.0
8,8,0.0,0.0,0.0,0.0,0.0,0.0,0.0,0.0,0.9375,0.0625,0.0
8,8,0.0,0.0,0.0,0.0,0.0,0.0,0.0,0.0,0.9375,0.0625,0.0
8,8,0.0,0.0,0.0,0.0,0.0,0.0,0.0,0.0,0.9375,0.0625,0.0
8,8,0.0,0.0,0.0,0.0,0.0,0.0,0.0,0.0,0.9375,0.0625,0.0
8,8,0.0,0.0,0.0,0.0,0.0,0.0,0.0,0.0,0.9375,0.0625,0.0
8,8,0.0,0.0,0.0,0.0,0.0,0.0,0.0,0.0,0.9375,0.0625,0.0
8,8,0.0,0.0,0.0,0.0,0.0,0.0,0.0,0.0,0.9375,0.0625,0.0
8,8,0.0,0.0,0.0,0.0,0.0,0.0,0.0,0.0,0.9375,0.0625,0.0
8,8,0.0,0.0,0.0,0.0,0.0,0.0,0.0,0.0,0.9375,0.0625,0.0
8,8,0.0,0.0,0.0,0.0,0.0,0.0,0.0,0.0,0.9375,0.0625,0.0
8,8,0.0,0.0,0.0,0.0,0.0,0.0,0.0,0.0,0.9375,0.0625,0.0
8,8,0.0,0.0,0.0,0.0,0.0,0.0,0.0,0.0,0.9375,0.0625,0.0
8,8,0.0,0.0,0.0,0.0,0.0,0.0,0.0,0.0,0.9375,0.0625,0.0
8,8,0.0,0.0,0.0,0.0,0.0,0.0,0.0,0.0,0.9375,0.0625,0.0
8,8,0.0,0.0,0.0,0.0,0.0,0.0,0.0,0.0,0.9375,0.0625,0.0
8,8,0.0,0.0,0.0,0.0,0.0,0.0,0.0,0.0,0.9375,0.0625,0.0
8,8,0.0,0.0,0.0,0.0,0.0,0.0,0.0,0.0,0.9375,0.0625,0.0
8,8,0.0,0.0,0.0,0.0,0.0,0.0,0.0,0.0,0.9375,0.0625,0.0
8,8,0.0,0.0,0.0,0.0,0.0,0.0,0.0,0.0,0.9375,0.0625,0.0
8,8,0.0,0.0,0.0,0.0,0.0,0.0,0.0,0.0,0.9375,0.0625,0.0
8,8,0.0,0.0,0.0,0.0,0.0,0.0,0.0,0.0,0.9375,0.0625,0.0
8,8,0.0,0.0,0.0,0.0,0.0,0.0,0.0,0.0,0.9375,0.0625,0.0
8,8,0.0,0.0,0.0,0.0,0.0,0.0,0.0,0.0,0.9375,0.0625,0.0
8,8,0.0,0.0,0.0,0.0,0.0,0.0,0.0,0.0,0.9375,0.0625,0.0
8,8,0.0,0.0,0.0,0.0,0.0,0.0,0.0,0.0,0.9375,0.0625,0.0
8,8,0.0,0.0,0.0,0.0,0.0,0.0,0.0,0.0,0.9375,0.0625,0.0
8,8,0.0,0.0,0.0,0.0,0.0,0.0,0.0,0.0,0.9375,0.0625,0.0
8,8,0.0,0.0,0.0,0.0,0.0,0.0,0.0,0.0,0.9375,0.0625,0.0
8,8,0.0,0.0,0.0,0.0,0.0,0.0,0.0,0.0,0.9375,0.0625,0.0
8,8,0.0,0.0,0.0,0.0,0.0,0.0,0.0,0.0,0.9375,0.0625,0.0
8,8,0.0,0.0,0.0,0.0,0.0,0.0,0.0,0.0,0.9375,0.0625,0.0
8,8,0.0,0.0,0.0,0.0,0.0,0.0,0.0,0.0,0.9375,0.0625,0.0
8,8,0.0,0.0,0.0,0.0,0.0,0.0,0.0,0.0,0.9375,0.0625,0.0
8,8,0.0,0.0,0.0,0.0,0.0,0.0,0.0,0.0,0.9375,0.0625,0.0
8,8,0.0,0.0,0.0,0.0,0.0,0.0,0.0,0.0,0.9375,0.0625,0.0
8,8,0.0,0.0,0.0,0.0,0.0,0.0,0.0,0.0,0.9375,0.0625,0.0
8,8,0.0,0.0,0.0,0.0,0.0,0.0,0.0,0.0,0.9375,0.0625,0.0
8,8,0.0,0.0,0.0,0.0,0.0,0.0,0.0,0.0,0.9375,0.0625,0.0
8,8,0.0,0.0,0.0,0.0,0.0,0.0,0.0,0.0,0.9375,0.0625,0.0
8,8,0.0,0.0,0.0,0.0,0.0,0.0,0.0,0.0,0.9375,0.0625,0.0
8,8,0.0,0.0,0.0,0.0,0.0,0.0,0.0,0.0,0.9375,0.0625,0.0
8,8,0.0,0.0,0.0,0.0,0.0,0.0,0.0,0.0,0.9375,0.0625,0.0
8,8,0.0,0.0,0.0,0.0,0.0,0.0,0.0,0.0,0.9375,0.0625,0.0
8,8,0.0,0.0,0.0,0.0,0.0,0.0,0.0,0.0,0.9375,0.0625,0.0
8,8,0.0,0.0,0.0,0.0,0.0,0.0,0.0,0.0,0.9375,0.0625,0.0
8,8,0.0,0.0,0.0,0.0,0.0,0.0,0.0,0.0,0.9375,0.0625,0.0
8,8,0.0,0.0,0.0,0.0,0.0,0.0,0.0,0.0,0.9375,0.0625,0.0
8,8,0.0,0.0,0.0,0.0,0.0,0.0,0.0,0.0,0.9375,0.0625,0.0
8,8,0.0,0.0,0.0,0.0,0.0,0.0,0.0,0.0,0.9375,0.0625,0.0
8,8,0.0,0.0,0.0,0.0,0.0,0.0,0.0,0.0,0.9375,0.0625,0.0
8,8,0.0,0.0,0.0,0.0,0.0,0.0,0.0,0.0,0.9375,0.0625,0.0
8,8,0.0,0.0,0.0,0.0,0.0,0.0,0.0,0.0,0.9375,0.0625,0.0
8,8,0.0,0.0,0.0,0.0,0.0,0.0,0.0,0.0,0.9375,0.0625,0.0
8,8,0.0,0.0,0.0,0.0,0.0,0.0,0.0,0.0,0.9375,0.0625,0.0
8,8,0.0,0.0,0.0,0.0,0.0,0.0,0.0,0.0,0.9375,0.0625,0.0
8,8,0.0,0.0,0.0,0.0,0.0,0.0,0.0,0.0,0.9375,0.0625,0.0
8,8,0.0,0.0,0.0,0.0,0.0,0.0,0.0,0.0,0.9375,0.0625,0.0
8,8,0.0,0.0,0.0,0.0,0.0,0.0,0.0,0.0,0.9375,0.0625,0.0
8,8,0.0,0.0,0.0,0.0,0.0,0.0,0.0,0.0,0.9375,0.0625,0.0
8,8,0.0,0.0,0.0,0.0,0.0,0.0,0.0,0.0,0.9375,0.0625,0.0
8,8,0.0,0.0,0.0,0.0,0.0,0.0,0.0,0.0,0.9375,0.0625,0.0
8,8,0.0,0.0,0.0,0.0,0.0,0.0,0.0,0.0,0.9375,0.0625,0.0
8,8,0.0,0.0,0.0,0.0,0.0,0.0,0.0,0.0,0.9375,0.0625,0.0
8,8,0.0,0.0,0.0,0.0,0.0,0.0,0.0,0.0,0.9375,0.0625,0.0
8,8,0.0,0.0,0.0,0.0,0.0,0.0,0.0,0.0,0.9375,0.0625,0.0
8,8,0.0,0.0,0.0,0.0,0.0,0.0,0.0,0.0,0.9375,0.0625,0.0
8,8,0.0,0.0,0.0,0.0,0.0,0.0,0.0,0.0,0.9375,0.0625,0.0
8,8,0.0,0.0,0.0,0.0,0.0,0.0,0.0,0.0,0.9375,0.0625,0.0
8,8,0.0,0.0,0.0,0.0,0.0,0.0,0.0,0.0,0.9375,0.0625,0.0
8,8,0.0,0.0,0.0,0.0,0.0,0.0,0.0,0.0,0.9375,0.0625,0.0
8,8,0.0,0.0,0.0,0.0,0.0,0.0,0.0,0.0,0.9375,0.0625,0.0
8,8,0.0,0.0,0.0,0.0,0.0,0.0,0.0,0.0,0.9375,0.0625,0.0
8,8,0.0,0.0,0.0,0.0,0.0,0.0,0.0,0.0,0.9375,0.0625,0.0
8,8,0.0,0.0,0.0,0.0,0.0,0.0,0.0,0.0,0.9375,0.0625,0.0
8,8,0.0,0.0,0.0,0.0,0.0,0.0,0.0,0.0,0.9375,0.0625,0.0
8,8,0.0,0.0,0.0,0.0,0.0,0.0,0.0,0.0,0.9375,0.0625,0.0
8,8,0.0,0.0,0.0,0.0,0.0,0.0,0.0,0.0,0.9375,0.0625,0.0
8,8,0.0,0.0,0.0,0.0,0.0,0.0,0.0,0.0,0.9375,0.0625,0.0
8,8,0.0,0.0,0.0,0.0,0.0,0.0,0.0,0.0,0.9375,0.0625,0.0
8,8,0.0,0.0,0.0,0.0,0.0,0.0,0.0,0.0,0.9375,0.0625,0.0
8,8,0.0,0.0,0.0,0.0,0.0,0.0,0.0,0.0,0.9375,0.0625,0.0
8,8,0.0,0.0,0.0,0.0,0.0,0.0,0.0,0.0,0.9375,0.0625,0.0
8,8,0.0,0.0,0.0,0.0,0.0,0.0,0.0,0.0,0.9375,0.0625,0.0
8,8,0.0,0.0,0.0,0.0,0.0,0.0,0.0,0.0,0.9375,0.0625,0.0
8,8,0.0,0.0,0.0,0.0,0.0,0.0,0.0,0.0,0.9375,0.0625,0.0
8,8,0.0,0.0,0.0,0.0,0.0,0.0,0.0,0.0,0.9375,0.0625,0.0
8,8,0.0,0.0,0.0,0.0,0.0,0.0,0.0,0.0,0.9375,0.0625,0.0
8,8,0.0,0.0,0.0,0.0,0.0,0.0,0.0,0.0,0.9375,0.0625,0.0
8,8,0.0,0.0,0.0,0.0,0.0,0.0,0.0,0.0,0.9375,0.0625,0.0
8,8,0.0,0.0,0.0,0.0,0.0,0.0,0.0,0.0,0.9375,0.0625,0.0
8,8,0.0,0.0,0.0,0.0,0.0,0.0,0.0,0.0,0.9375,0.0625,0.0
8,8,0.0,0.0,0.0,0.0,0.0,0.0,0.0,0.0,0.9375,0.0625,0.0
8,8,0.0,0.0,0.0,0.0,0.0,0.0,0.0,0.0,0.9375,0.0625,0.0
8,8,0.0,0.0,0.0,0.0,0.0,0.0,0.0,0.0,0.9375,0.0625,0.0
8,8,0.0,0.0,0.0,0.0,0.0,0.0,0.0,0.0,0.9375,0.0625,0.0
8,8,0.0,0.0,0.0,0.0,0.0,0.0,0.0,0.0,0.9375,0.0625,0.0
8,8,0.0,0.0,0.0,0.0,0.0,0.0,0.0,0.0,0.9375,0.0625,0.0
8,8,0.0,0.0,0.0,0.0,0.0,0.0,0.0,0.0,0.9375,0.0625,0.0
8,8,0.0,0.0,0.0,0.0,0.0,0.0,0.0,0.0,0.9375,0.0625,0.0
8,8,0.0,0.0,0.0,0.0,0.0,0.0,0.0,0.0,0.9375,0.0625,0.0
8,8,0.0,0.0,0.0,0.0,0.0,0.0,0.0,0.0,0.9375,0.0625,0.0
8,8,0.0,0.0,0.0,0.0,0.0,0.0,0.0,0.0,0.9375,0.0625,0.0
8,8,0.0,0.0,0.0,0.0,0.0,0.0,0.0,0.0,0.9375,0.0625,0.0
8,8,0.0,0.0,0.0,0.0,0.0,0.0,0.0,0.0,0.9375,0.0625,0.0
8,8,0.0,0.0,0.0,0.0,0.0,0.0,0.0,0.0,0.9375,0.0625,0.0
8,8,0.0,0.0,0.0,0.0,0.0,0.0,0.0,0.0,0.9375,0.0625,0.0
8,8,0.0,0.0,0.0,0.0,0.0,0.0,0.0,0.0,0.9375,0.0625,0.0
8,8,0.0,0.0,0.0,0.0,0.0,0.0,0.0,0.0,0.9375,0.0625,0.0
8,8,0.0,0.0,0.0,0.0,0.0,0.0,0.0,0.0,0.9375,0.0625,0.0
8,8,0.0,0.0,0.0,0.0,0.0,0.0,0.0,0.0,0.9375,0.0625,0.0
8,8,0.0,0.0,0.0,0.0,0.0,0.0,0.0,0.0,0.9375,0.0625,0.0
8,8,0.0,0.0,0.0,0.0,0.0,0.0,0.0,0.0,0.9375,0.0625,0.0
8,8,0.0,0.0,0.0,0.0,0.0,0.0,0.0,0.0,0.9375,0.0625,0.0
8,8,0.0,0.0,0.0,0.0,0.0,0.0,0.0,0.0,0.9375,0.0625,0.0
8,8,0.0,0.0,0.0,0.0,0.0,0.0,0.0,0.0,0.9375,0.0625,0.0
8,8,0.0,0.0,0.0,0.0,0.0,0.0,0.0,0.0,0.9375,0.0625,0.0
8,8,0.0,0.0,0.0,0.0,0.0,0.0,0.0,0.0,0.9375,0.0625,0.0
8,8,0.0,0.0,0.0,0.0,0.0,0.0,0.0,0.0,0.9375,0.0625,0.0
8,8,0.0,0.0,0.0,0.0,0.0,0.0,0.0,0.0,0.9375,0.0625,0.0
8,8,0.0,0.0,0.0,0.0,0.0,0.0,0.0,0.0,0.9375,0.0625,0.0
8,8,0.0,0.0,0.0,0.0,0.0,0.0,0.0,0.0,0.9375,0.0625,0.0
8,8,0.0,0.0,0.0,0.0,0.0,0.0,0.0,0.0,0.9375,0.0625,0.0
8,8,0.0,0.0,0.0,0.0,0.0,0.0,0.0,0.0,0.9375,0.0625,0.0
8,8,0.0,0.0,0.0,0.0,0.0,0.0,0.0,0.0,0.9375,0.0625,0.0
8,8,0.0,0.0,0.0,0.0,0.0,0.0,0.0,0.0,0.9375,0.0625,0.0
8,8,0.0,0.0,0.0,0.0,0.0,0.0,0.0,0.0,0.9375,0.0625,0.0
8,8,0.0,0.0,0.0,0.0,0.0,0.0,0.0,0.0,0.9375,0.0625,0.0
8,8,0.0,0.0,0.0,0.0,0.0,0.0,0.0,0.0,0.9375,0.0625,0.0
8,8,0.0,0.0,0.0,0.0,0.0,0.0,0.0,0.0,0.9375,0.0625,0.0
8,8,0.0,0.0,0.0,0.0,0.0,0.0,0.0,0.0,0.9375,0.0625,0.0
8,8,0.0,0.0,0.0,0.0,0.0,0.0,0.0,0.0,0.9375,0.0625,0.0
8,8,0.0,0.0,0.0,0.0,0.0,0.0,0.0,0.0,0.9375,0.0625,0.0
9,8,0.0,0.0,0.0,0.0,0.0,0.0,0.0,0.0,0.9375,0.0625,0.0
9,8,0.0,0.0,0.0,0.0,0.0,0.0,0.0,0.0,0.9375,0.0625,0.0
9,8,0.0,0.0,0.0,0.0,0.0,0.0,0.0,0.0,0.9375,0.0625,0.0
9,8,0.0,0.0,0.0,0.0,0.0,0.0,0.0,0.0,0.9375,0.0625,0.0
9,8,0.0,0.0,0.0,0.0,0.0,0.0,0.0,0.0,0.9375,0.0625,0.0
9,8,0.0,0.0,0.0,0.0,0.0,0.0,0.0,0.0,0.9375,0.0625,0.0
9,8,0.0,0.0,0.0,0.0,0.0,0.0,0.0,0.0,0.9375,0.0625,0.0
9,8,0.0,0.0,0.0,0.0,0.0,0.0,0.0,0.0,0.9375,0.0625,0.0
9,8,0.0,0.0,0.0,0.0,0.0,0.0,0.0,0.0,0.9375,0.0625,0.0
9,8,0.0,0.0,0.0,0.0,0.0,0.0,0.0,0.0,0.9375,0.0625,0.0
9,8,0.0,0.0,0.0,0.0,0.0,0.0,0.0,0.0,0.9375,0.0625,0.0
9,8,0.0,0.0,0.0,0.0,0.0,0.0,0.0,0.0,0.9375,0.0625,0.0
9,8,0.0,0.0,0.0,0.0,0.0,0.0,0.0,0.0,0.9375,0.0625,0.0
9,8,0.0,0.0,0.0,0.0,0.0,0.0,0.0,0.0,0.9375,0.0625,0.0
9,8,0.0,0.0,0.0,0.0,0.0,0.0,0.0,0.0,0.9375,0.0625,0.0
9,8,0.0,0.0,0.0,0.0,0.0,0.0,0.0,0.0,0.9375,0.0625,0.0
9,8,0.0,0.0,0.0,0.0,0.0,0.0,0.0,0.0,0.9375,0.0625,0.0
9,8,0.0,0.0,0.0,0.0,0.0,0.0,0.0,0.0,0.9375,0.0625,0.0
9,8,0.0,0.0,0.0,0.0,0.0,0.0,0.0,0.0,0.9375,0.0625,0.0
9,8,0.0,0.0,0.0,0.0,0.0,0.0,0.0,0.0,0.9375,0.0625,0.0
9,8,0.0,0.0,0.0,0.0,0.0,0.0,0.0,0.0,0.9375,0.0625,0.0
9,8,0.0,0.0,0.0,0.0,0.0,0.0,0.0,0.0,0.9375,0.0625,0.0
9,8,0.0,0.0,0.0,0.0,0.0,0.0,0.0,0.0,0.9375,0.0625,0.0
9,8,0.0,0.0,0.0,0.0,0.0,0.0,0.0,0.0,0.875,0.125,0.0
9,8,0.0,0.0,0.0,0.0,0.0,0.0,0.0,0.0,0.875,0.125,0.0
9,8,0.0,0.0,0.0,0.0,0.0,0.0,0.0,0.0,0.875,0.125,0.0
9,8,0.0,0.0,0.0,0.0,0.0,0.0,0.0,0.0,0.875,0.125,0.0
9,8,0.0,0.0,0.0,0.0,0.0,0.0,0.0,0.0,0.875,0.125,0.0
9,8,0.0,0.0,0.0,0.0,0.0,0.0,0.0,0.0,0.875,0.125,0.0
9,8,0.0,0.0,0.0,0.0,0.0,0.0,0.0,0.0,0.875,0.125,0.0
9,8,0.0,0.0,0.0,0.0,0.0,0.0,0.0,0.0,0.875,0.125,0.0
9,8,0.0,0.0,0.0,0.0,0.0,0.0,0.0,0.0,0.875,0.125,0.0
9,8,0.0,0.0,0.0,0.0,0.0,0.0,0.0,0.0,0.875,0.125,0.0
9,8,0.0,0.0,0.0,0.0,0.0,0.0,0.0,0.0,0.875,0.125,0.0
9,8,0.0,0.0,0.0,0.0,0.0,0.0,0.0,0.0,0.875,0.125,0.0
9,8,0.0,0.0,0.0,0.0,0.0,0.0,0.0,0.0,0.875,0.125,0.0
9,8,0.0,0.0,0.0,0.0,0.0,0.0,0.0,0.0,0.875,0.125,0.0
9,8,0.0,0.0,0.0,0.0,0.0,0.0,0.0,0.0,0.875,0.125,0.0
9,8,0.0,0.0,0.0,0.0,0.0,0.0,0.0,0.0,0.875,0.125,0.0
9,8,0.0,0.0,0.0,0.0,0.0,0.0,0.0,0.0,0.875,0.125,0.0
9,8,0.0,0.0,0.0,0.0,0.0,0.0,0.0,0.0,0.875,0.125,0.0
9,8,0.0,0.0,0.0,0.0,0.0,0.0,0.0,0.0,0.875,0.125,0.0
9,8,0.0,0.0,0.0,0.0,0.0,0.0,0.0,0.0,0.875,0.125,0.0
9,8,0.0,0.0,0.0,0.0,0.0,0.0,0.0,0.0,0.875,0.125,0.0
9,8,0.0,0.0,0.0,0.0,0.0,0.0,0.0,0.0,0.875,0.125,0.0
9,8,0.0,0.0,0.0,0.0,0.0,0.0,0.0,0.0,0.875,0.125,0.0
9,8,0.0,0.0,0.0,0.0,0.0,0.0,0.0,0.0,0.875,0.125,0.0
9,8,0.0,0.0,0.0,0.0,0.0,0.0,0.0,0.0,0.875,0.125,0.0
9,8,0.0,0.0,0.0,0.0,0.0,0.0,0.0,0.0,0.875,0.125,0.0
9,8,0.0,0.0,0.0,0.0,0.0,0.0,0.0,0.0,0.875,0.125,0.0
9,8,0.0,0.0,0.0,0.0,0.0,0.0,0.0,0.0,0.8125,0.1875,0.0
9,8,0.0,0.0,0.0,0.0,0.0,0.0,0.0,0.0,0.8125,0.1875,0.0
9,8,0.0,0.0,0.0,0.0,0.0,0.0,0.0,0.0,0.8125,0.1875,0.0
9,8,0.0,0.0,0.0,0.0,0.0,0.0,0.0,0.0,0.8125,0.1875,0.0
9,8,0.0,0.0,0.0,0.0,0.0,0.0,0.0,0.0,0.75,0.25,0.0
9,8,0.0,0.0,0.0,0.0,0.0,0.0,0.0,0.0,0.75,0.25,0.0
9,8,0.0,0.0,0.0,0.0,0.0,0.0,0.0,0.0,0.75,0.25,0.0
9,8,0.0,0.0,0.0,0.0,0.0,0.0,0.0,0.0,0.75,0.25,0.0
9,8,0.0,0.0,0.0,0.0,0.0,0.0,0.0,0.0,0.75,0.25,0.0
9,8,0.0,0.0,0.0,0.0,0.0,0.0,0.0,0.0,0.75,0.25,0.0
9,8,0.0,0.0,0.0,0.0,0.0,0.0,0.0,0.0,0.75,0.25,0.0
9,8,0.0,0.0,0.0,0.0,0.0,0.0,0.0,0.0,0.75,0.25,0.0
9,8,0.0,0.0,0.0,0.0,0.0,0.0,0.0,0.0,0.75,0.25,0.0
9,8,0.0,0.0,0.0,0.0,0.0,0.0,0.0,0.0,0.75,0.25,0.0
9,8,0.0,0.0,0.0,0.0,0.0,0.0,0.0,0.0,0.75,0.25,0.0
9,8,0.0,0.0,0.0,0.0,0.0,0.0,0.0,0.0,0.75,0.25,0.0
9,8,0.0,0.0,0.0,0.0,0.0,0.0,0.0,0.0,0.75,0.25,0.0
9,8,0.0,0.0,0.0,0.0,0.0,0.0,0.0,0.0,0.75,0.25,0.0
9,8,0.0,0.0,0.0,0.0,0.0,0.0,0.0,0.0,0.6875,0.3125,0.0
9,8,0.0,0.0,0.0,0.0,0.0,0.0,0.0,0.0,0.6875,0.3125,0.0
9,8,0.0,0.0,0.0,0.0,0.0,0.0,0.0,0.0,0.6875,0.3125,0.0
9,8,0.0,0.0,0.0,0.0,0.0,0.0,0.0,0.0,0.6875,0.3125,0.0
9,8,0.0,0.0,0.0,0.0,0.0,0.0,0.0,0.0,0.6875,0.3125,0.0
9,8,0.0,0.0,0.0,0.0,0.0,0.0,0.0,0.0,0.6875,0.3125,0.0
9,8,0.0,0.0,0.0,0.0,0.0,0.0,0.0,0.0,0.625,0.375,0.0
9,8,0.0,0.0,0.0,0.0,0.0,0.0,0.0,0.0,0.625,0.375,0.0
9,8,0.0,0.0,0.0,0.0,0.0,0.0,0.0,0.0,0.625,0.375,0.0
9,8,0.0,0.0,0.0,0.0,0.0,0.0,0.0,0.0,0.625,0.375,0.0
9,8,0.0,0.0,0.0,0.0,0.0,0.0,0.0,0.0,0.625,0.375,0.0
9,8,0.0,0.0,0.0,0.0,0.0,0.0,0.0,0.0,0.625,0.375,0.0
9,8,0.0,0.0,0.0,0.0,0.0,0.0,0.0,0.0,0.625,0.375,0.0
9,8,0.0,0.0,0.0,0.0,0.0,0.0,0.0,0.0,0.625,0.375,0.0
9,8,0.0,0.0,0.0,0.0,0.0,0.0,0.0,0.0,0.625,0.375,0.0
9,8,0.0,0.0,0.0,0.0,0.0,0.0,0.0,0.0,0.625,0.375,0.0
9,8,0.0,0.0,0.0,0.0,0.0,0.0,0.0,0.0,0.5,0.5,0.0
9,8,0.0,0.0,0.0,0.0,0.0,0.0,0.0,0.0,0.5,0.5,0.0
9,8,0.0,0.0,0.0,0.0,0.0,0.0,0.0,0.0,0.5,0.5,0.0
9,8,0.0,0.0,0.0,0.0,0.0,0.0,0.0,0.0,0.5,0.5,0.0
9,8,0.0,0.0,0.0,0.0,0.0,0.0,0.0,0.0,0.5,0.5,0.0
9,8,0.0,0.0,0.0,0.0,0.0,0.0,0.0,0.0,0.5,0.5,0.0
9,8,0.0,0.0,0.0,0.0,0.0,0.0,0.0,0.0,0.5,0.5,0.0
9,8,0.0,0.0,0.0,0.0,0.0,0.0,0.0,0.0,0.5,0.5,0.0
9,8,0.0,0.0,0.0,0.0,0.0,0.0,0.0,0.0,0.5,0.5,0.0
9,8,0.0,0.0,0.0,0.0,0.0,0.0,0.0,0.0,0.5,0.5,0.0
9,8,0.0,0.0,0.0,0.0,0.0,0.0,0.0,0.0,0.5,0.5,0.0
9,8,0.0,0.0,0.0,0.0,0.0,0.0,0.0,0.0,0.5,0.5,0.0
9,9,0.0,0.0,0.0,0.0,0.0,0.0,0.0,0.0,0.4375,0.5625,0.0
9,9,0.0,0.0,0.0,0.0,0.0,0.0,0.0,0.0,0.4375,0.5625,0.0
9,9,0.0,0.0,0.0,0.0,0.0,0.0,0.0,0.0,0.4375,0.5625,0.0
9,9,0.0,0.0,0.0,0.0,0.0,0.0,0.0,0.0,0.4375,0.5625,0.0
9,9,0.0,0.0,0.0,0.0,0.0,0.0,0.0,0.0,0.4375,0.5625,0.0
9,9,0.0,0.0,0.0,0.0,0.0,0.0,0.0,0.0,0.4375,0.5625,0.0
9,9,0.0,0.0,0.0,0.0,0.0,0.0,0.0,0.0,0.4375,0.5625,0.0
9,9,0.0,0.0,0.0,0.0,0.0,0.0,0.0,0.0,0.4375,0.5625,0.0
9,9,0.0,0.0,0.0,0.0,0.0,0.0,0.0,0.0,0.4375,0.5625,0.0
9,9,0.0,0.0,0.0,0.0,0.0,0.0,0.0,0.0,0.4375,0.5625,0.0
9,9,0.0,0.0,0.0,0.0,0.0,0.0,0.0,0.0,0.375,0.625,0.0
9,9,0.0,0.0,0.0,0.0,0.0,0.0,0.0,0.0,0.375,0.625,0.0
9,9,0.0,0.0,0.0,0.0,0.0,0.0,0.0,0.0,0.375,0.625,0.0
9,9,0.0,0.0,0.0,0.0,0.0,0.0,0.0,0.0,0.375,0.625,0.0
9,9,0.0,0.0,0.0,0.0,0.0,0.0,0.0,0.0,0.4375,0.5625,0.0
9,9,0.0,0.0,0.0,0.0,0.0,0.0,0.0,0.0,0.4375,0.5625,0.0
9,9,0.0,0.0,0.0,0.0,0.0,0.0,0.0,0.0,0.4375,0.5625,0.0
9,9,0.0,0.0,0.0,0.0,0.0,0.0,0.0,0.0,0.4375,0.5625,0.0
9,9,0.0,0.0,0.0,0.0,0.0,0.0,0.0,0.0,0.4375,0.5625,0.0
9,9,0.0,0.0,0.0,0.0,0.0,0.0,0.0,0.0,0.4375,0.5625,0.0
9,9,0.0,0.0,0.0,0.0,0.0,0.0,0.0,0.0,0.3125,0.6875,0.0
9,9,0.0,0.0,0.0,0.0,0.0,0.0,0.0,0.0,0.3125,0.6875,0.0
9,9,0.0,0.0,0.0,0.0,0.0,0.0,0.0,0.0,0.3125,0.6875,0.0
9,9,0.0,0.0,0.0,0.0,0.0,0.0,0.0,0.0,0.3125,0.6875,0.0
9,9,0.0,0.0,0.0,0.0,0.0,0.0,0.0,0.0,0.3125,0.6875,0.0
9,9,0.0,0.0,0.0,0.0,0.0,0.0,0.0,0.0,0.3125,0.6875,0.0
9,9,0.0,0.0,0.0,0.0,0.0,0.0,0.0,0.0,0.3125,0.6875,0.0
9,9,0.0,0.0,0.0,0.0,0.0,0.0,0.0,0.0,0.3125,0.6875,0.0
9,9,0.0,0.0,0.0,0.0,0.0,0.0,0.0,0.0,0.3125,0.6875,0.0
9,9,0.0,0.0,0.0,0.0,0.0,0.0,0.0,0.0,0.3125,0.6875,0.0
9,9,0.0,0.0,0.0,0.0,0.0,0.0,0.0,0.0,0.3125,0.6875,0.0
9,9,0.0,0.0,0.0,0.0,0.0,0.0,0.0,0.0,0.3125,0.6875,0.0
9,9,0.0,0.0,0.0,0.0,0.0,0.0,0.0,0.0,0.3125,0.6875,0.0
9,9,0.0,0.0,0.0,0.0,0.0,0.0,0.0,0.0,0.3125,0.6875,0.0
9,9,0.0,0.0,0.0,0.0,0.0,0.0,0.0,0.0,0.3125,0.6875,0.0
9,9,0.0,0.0,0.0,0.0,0.0,0.0,0.0,0.0,0.25,0.75,0.0
9,9,0.0,0.0,0.0,0.0,0.0,0.0,0.0,0.0,0.25,0.75,0.0
9,9,0.0,0.0,0.0,0.0,0.0,0.0,0.0,0.0,0.25,0.75,0.0
9,9,0.0,0.0,0.0,0.0,0.0,0.0,0.0,0.0,0.25,0.75,0.0
9,9,0.0,0.0,0.0,0.0,0.0,0.0,0.0,0.0,0.25,0.75,0.0
9,9,0.0,0.0,0.0,0.0,0.0,0.0,0.0,0.0,0.25,0.75,0.0
9,9,0.0,0.0,0.0,0.0,0.0,0.0,0.0,0.0,0.25,0.75,0.0
9,9,0.0,0.0,0.0,0.0,0.0,0.0,0.0,0.0,0.25,0.75,0.0
9,9,0.0,0.0,0.0,0.0,0.0,0.0,0.0,0.0,0.25,0.75,0.0
9,9,0.0,0.0,0.0,0.0,0.0,0.0,0.0,0.0,0.0625,0.9375,0.0
9,9,0.0,0.0,0.0,0.0,0.0,0.0,0.0,0.0,0.0625,0.9375,0.0
9,9,0.0,0.0,0.0,0.0,0.0,0.0,0.0,0.0,0.0625,0.9375,0.0
9,9,0.0,0.0,0.0,0.0,0.0,0.0,0.0,0.0,0.0625,0.9375,0.0
9,9,0.0,0.0,0.0,0.0,0.0,0.0,0.0,0.0,0.0625,0.9375,0.0
9,9,0.0,0.0,0.0,0.0,0.0,0.0,0.0,0.0,0.0625,0.9375,0.0
9,9,0.0,0.0,0.0,0.0,0.0,0.0,0.0,0.0,0.0625,0.9375,0.0
9,9,0.0,0.0,0.0,0.0,0.0,0.0,0.0,0.0,0.0625,0.9375,0.0
9,9,0.0,0.0,0.0,0.0,0.0,0.0,0.0,0.0,0.0625,0.9375,0.0
9,9,0.0,0.0,0.0,0.0,0.0,0.0,0.0,0.0,0.0625,0.9375,0.0
9,9,0.0,0.0,0.0,0.0,0.0,0.0,0.0,0.0,0.0625,0.9375,0.0
9,9,0.0,0.0,0.0,0.0,0.0,0.0,0.0,0.0,0.0625,0.9375,0.0
9,9,0.0,0.0,0.0,0.0,0.0,0.0,0.0,0.0,0.0625,0.9375,0.0
9,9,0.0,0.0,0.0,0.0,0.0,0.0,0.0,0.0,0.0625,0.9375,0.0
9,9,0.0,0.0,0.0,0.0,0.0,0.0,0.0,0.0,0.0625,0.9375,0.0
9,9,0.0,0.0,0.0,0.0,0.0,0.0,0.0,0.0,0.0625,0.9375,0.0
9,9,0.0,0.0,0.0,0.0,0.0,0.0,0.0,0.0,0.0625,0.9375,0.0
9,9,0.0,0.0,0.0,0.0,0.0,0.0,0.0,0.0,0.0625,0.9375,0.0
9,9,0.0,0.0,0.0,0.0,0.0,0.0,0.0,0.0,0.0625,0.9375,0.0
9,9,0.0,0.0,0.0,0.0,0.0,0.0,0.0,0.0,0.0625,0.9375,0.0
9,9,0.0,0.0,0.0,0.0,0.0,0.0,0.0,0.0,0.0625,0.9375,0.0
9,9,0.0,0.0,0.0,0.0,0.0,0.0,0.0,0.0,0.0625,0.9375,0.0
9,9,0.0,0.0,0.0,0.0,0.0,0.0,0.0,0.0,0.0625,0.9375,0.0
9,9,0.0,0.0,0.0,0.0,0.0,0.0,0.0,0.0,0.0625,0.9375,0.0
9,9,0.0,0.0,0.0,0.0,0.0,0.0,0.0,0.0,0.0625,0.9375,0.0
9,9,0.0,0.0,0.0,0.0,0.0,0.0,0.0,0.0,0.0625,0.9375,0.0
9,9,0.0,0.0,0.0,0.0,0.0,0.0,0.0,0.0,0.0625,0.9375,0.0
9,9,0.0,0.0,0.0,0.0,0.0,0.0,0.0,0.0,0.0625,0.9375,0.0
9,9,0.0,0.0,0.0,0.0,0.0,0.0,0.0,0.0,0.0625,0.9375,0.0
9,9,0.0,0.0,0.0,0.0,0.0,0.0,0.0,0.0,0.0625,0.9375,0.0
9,9,0.0,0.0,0.0,0.0,0.0,0.0,0.0,0.0,0.0625,0.9375,0.0
9,9,0.0,0.0,0.0,0.0,0.0,0.0,0.0,0.0,0.0625,0.9375,0.0
9,9,0.0,0.0,0.0,0.0,0.0,0.0,0.0,0.0,0.0,1.0,0.0
9,9,0.0,0.0,0.0,0.0,0.0,0.0,0.0,0.0,0.0,1.0,0.0
9,9,0.0,0.0,0.0,0.0,0.0,0.0,0.0,0.0,0.0,1.0,0.0
9,9,0.0,0.0,0.0,0.0,0.0,0.0,0.0,0.0,0.0,1.0,0.0
9,9,0.0,0.0,0.0,0.0,0.0,0.0,0.0,0.0,0.0,1.0,0.0
9,9,0.0,0.0,0.0,0.0,0.0,0.0,0.0,0.0,0.0,1.0,0.0
9,9,0.0,0.0,0.0,0.0,0.0,0.0,0.0,0.0,0.0,1.0,0.0
9,9,0.0,0.0,0.0,0.0,0.0,0.0,0.0,0.0,0.0,1.0,0.0
9,9,0.0,0.0,0.0,0.0,0.0,0.0,0.0,0.0,0.0,1.0,0.0
9,9,0.0,0.0,0.0,0.0,0.0,0.0,0.0,0.0,0.0,1.0,0.0
9,9,0.0,0.0,0.0,0.0,0.0,0.0,0.0,0.0,0.0,1.0,0.0
9,9,0.0,0.0,0.0,0.0,0.0,0.0,0.0,0.0,0.0,1.0,0.0
9,9,0.0,0.0,0.0,0.0,0.0,0.0,0.0,0.0,0.0,1.0,0.0
9,9,0.0,0.0,0.0,0.0,0.0,0.0,0.0,0.0,0.0,1.0,0.0
9,9,0.0,0.0,0.0,0.0,0.0,0.0,0.0,0.0,0.0,1.0,0.0
9,9,0.0,0.0,0.0,0.0,0.0,0.0,0.0,0.0,0.0,1.0,0.0
9,9,0.0,0.0,0.0,0.0,0.0,0.0,0.0,0.0,0.0,1.0,0.0
9,9,0.0,0.0,0.0,0.0,0.0,0.0,0.0,0.0,0.0,1.0,0.0
9,9,0.0,0.0,0.0,0.0,0.0,0.0,0.0,0.0,0.0,1.0,0.0
9,9,0.0,0.0,0.0,0.0,0.0,0.0,0.0,0.0,0.0,1.0,0.0
9,9,0.0,0.0,0.0,0.0,0.0,0.0,0.0,0.0,0.0,1.0,0.0
9,9,0.0,0.0,0.0,0.0,0.0,0.0,0.0,0.0,0.0,1.0,0.0
9,9,0.0,0.0,0.0,0.0,0.0,0.0,0.0,0.0,0.0,1.0,0.0
9,9,0.0,0.0,0.0,0.0,0.0,0.0,0.0,0.0,0.0,1.0,0.0
9,9,0.0,0.0,0.0,0.0,0.0,0.0,0.0,0.0,0.0,1.0,0.0
9,9,0.0,0.0,0.0,0.0,0.0,0.0,0.0,0.0,0.0,1.0,0.0
9,9,0.0,0.0,0.0,0.0,0.0,0.0,0.0,0.0,0.0,1.0,0.0
9,9,0.0,0.0,0.0,0.0,0.0,0.0,0.0,0.0,0.0,1.0,0.0
9,9,0.0,0.0,0.0,0.0,0.0,0.0,0.0,0.0,0.0,1.0,0.0
9,9,0.0,0.0,0.0,0.0,0.0,0.0,0.0,0.0,0.0,1.0,0.0
9,9,0.0,0.0,0.0,0.0,0.0,0.0,0.0,0.0,0.0,1.0,0.0
9,9,0.0,0.0,0.0,0.0,0.0,0.0,0.0,0.0,0.0,1.0,0.0
9,9,0.0,0.0,0.0,0.0,0.0,0.0,0.0,0.0,0.0,1.0,0.0
9,9,0.0,0.0,0.0,0.0,0.0,0.0,0.0,0.0,0.0,1.0,0.0
9,9,0.0,0.0,0.0,0.0,0.0,0.0,0.0,0.0,0.0,1.0,0.0
9,9,0.0,0.0,0.0,0.0,0.0,0.0,0.0,0.0,0.0,1.0,0.0
9,9,0.0,0.0,0.0,0.0,0.0,0.0,0.0,0.0,0.0,1.0,0.0
9,9,0.0,0.0,0.0,0.0,0.0,0.0,0.0,0.0,0.0,1.0,0.0
9,9,0.0,0.0,0.0,0.0,0.0,0.0,0.0,0.0,0.0,1.0,0.0
9,9,0.0,0.0,0.0,0.0,0.0,0.0,0.0,0.0,0.0,1.0,0.0
9,9,0.0,0.0,0.0,0.0,0.0,0.0,0.0,0.0,0.0625,0.9375,0.0
9,9,0.0,0.0,0.0,0.0,0.0,0.0,0.0,0.0,0.0625,0.9375,0.0
9,9,0.0,0.0,0.0,0.0,0.0,0.0,0.0,0.0,0.0625,0.9375,0.0
9,9,0.0,0.0,0.0,0.0,0.0,0.0,0.0,0.0,0.0625,0.9375,0.0
9,9,0.0,0.0,0.0,0.0,0.0,0.0,0.0,0.0,0.0625,0.9375,0.0
9,9,0.0,0.0,0.0,0.0,0.0,0.0,0.0,0.0,0.0625,0.9375,0.0
9,9,0.0,0.0,0.0,0.0,0.0,0.0,0.0,0.0,0.0625,0.9375,0.0
9,9,0.0,0.0,0.0,0.0,0.0,0.0,0.0,0.0,0.0625,0.9375,0.0
9,9,0.0,0.0,0.0,0.0,0.0,0.0,0.0,0.0,0.0625,0.9375,0.0
9,9,0.0,0.0,0.0,0.0,0.0,0.0,0.0,0.0,0.0625,0.9375,0.0
9,9,0.0,0.0,0.0,0.0,0.0,0.0,0.0,0.0,0.0625,0.9375,0.0
9,9,0.0,0.0,0.0,0.0,0.0,0.0,0.0,0.0,0.0625,0.9375,0.0
9,9,0.0,0.0,0.0,0.0,0.0,0.0,0.0,0.0,0.125,0.875,0.0
9,9,0.0,0.0,0.0,0.0,0.0,0.0,0.0,0.0,0.125,0.875,0.0
9,9,0.0,0.0,0.0,0.0,0.0,0.0,0.0,0.0,0.125,0.875,0.0
9,9,0.0,0.0,0.0,0.0,0.0,0.0,0.0,0.0,0.125,0.875,0.0
9,9,0.0,0.0,0.0,0.0,0.0,0.0,0.0,0.0,0.125,0.875,0.0
9,9,0.0,0.0,0.0,0.0,0.0,0.0,0.0,0.0,0.125,0.875,0.0
9,9,0.0,0.0,0.0,0.0,0.0,0.0,0.0,0.0,0.125,0.875,0.0
9,9,0.0,0.0,0.0,0.0,0.0,0.0,0.0,0.0,0.125,0.875,0.0
9,9,0.0,0.0,0.0,0.0,0.0,0.0,0.0,0.0,0.125,0.875,0.0
9,9,0.0,0.0,0.0,0.0,0.0,0.0,0.0,0.0,0.125,0.875,0.0
9,9,0.0,0.0,0.0,0.0,0.0,0.0,0.0,0.0,0.125,0.875,0.0
9,9,0.0,0.0,0.0,0.0,0.0,0.0,0.0,0.0,0.125,0.875,0.0
9,9,0.0,0.0,0.0,0.0,0.0,0.0,0.0,0.0,0.125,0.875,0.0
9,9,0.0,0.0,0.0,0.0,0.0,0.0,0.0,0.0,0.125,0.875,0.0
9,9,0.0,0.0,0.0,0.0,0.0,0.0,0.0,0.0,0.125,0.875,0.0
9,9,0.0,0.0,0.0,0.0,0.0,0.0,0.0,0.0,0.125,0.875,0.0
9,9,0.0,0.0,0.0,0.0,0.0,0.0,0.0,0.0,0.125,0.875,0.0
9,9,0.0,0.0,0.0,0.0,0.0,0.0,0.0,0.0,0.125,0.875,0.0
9,9,0.0,0.0,0.0,0.0,0.0,0.0,0.0,0.0,0.125,0.875,0.0
9,9,0.0,0.0,0.0,0.0,0.0,0.0,0.0,0.0,0.125,0.875,0.0
9,9,0.0,0.0,0.0,0.0,0.0,0.0,0.0,0.0,0.125,0.875,0.0
9,9,0.0,0.0,0.0,0.0,0.0,0.0,0.0,0.0,0.125,0.875,0.0
9,9,0.0,0.0,0.0,0.0,0.0,0.0,0.0,0.0,0.125,0.875,0.0
9,9,0.0,0.0,0.0,0.0,0.0,0.0,0.0,0.0,0.125,0.875,0.0
9,9,0.0,0.0,0.0,0.0,0.0,0.0,0.0,0.0,0.125,0.875,0.0
9,9,0.0,0.0,0.0,0.0,0.0,0.0,0.0,0.0,0.125,0.875,0.0
9,9,0.0,0.0,0.0,0.0,0.0,0.0,0.0,0.0,0.125,0.875,0.0
9,9,0.0,0.0,0.0,0.0,0.0,0.0,0.0,0.0,0.125,0.875,0.0
9,9,0.0,0.0,0.0,0.0,0.0,0.0,0.0,0.0,0.125,0.875,0.0
9,9,0.0,0.0,0.0,0.0,0.0,0.0,0.0,0.0,0.125,0.875,0.0
9,9,0.0,0.0,0.0,0.0,0.0,0.0,0.0,0.0,0.125,0.875,0.0
9,9,0.0,0.0,0.0,0.0,0.0,0.0,0.0,0.0,0.125,0.875,0.0
9,9,0.0,0.0,0.0,0.0,0.0,0.0,0.0,0.0,0.125,0.875,0.0
9,9,0.0,0.0,0.0,0.0,0.0,0.0,0.0,0.0,0.125,0.875,0.0
9,9,0.0,0.0,0.0,0.0,0.0,0.0,0.0,0.0,0.125,0.875,0.0
9,9,0.0,0.0,0.0,0.0,0.0,0.0,0.0,0.0,0.125,0.875,0.0
9,9,0.0,0.0,0.0,0.0,0.0,0.0,0.0,0.0,0.125,0.875,0.0
9,9,0.0,0.0,0.0,0.0,0.0,0.0,0.0,0.0,0.125,0.875,0.0
9,9,0.0,0.0,0.0,0.0,0.0,0.0,0.0,0.0,0.125,0.875,0.0
9,9,0.0,0.0,0.0,0.0,0.0,0.0,0.0,0.0,0.125,0.875,0.0
9,9,0.0,0.0,0.0,0.0,0.0,0.0,0.0,0.0,0.125,0.875,0.0
9,9,0.0,0.0,0.0,0.0,0.0,0.0,0.0,0.0,0.125,0.875,0.0
9,9,0.0,0.0,0.0,0.0,0.0,0.0,0.0,0.0,0.125,0.875,0.0
9,9,0.0,0.0,0.0,0.0,0.0,0.0,0.0,0.0,0.125,0.875,0.0
9,9,0.0,0.0,0.0,0.0,0.0,0.0,0.0,0.0,0.125,0.875,0.0
9,9,0.0,0.0,0.0,0.0,0.0,0.0,0.0,0.0,0.125,0.875,0.0
9,9,0.0,0.0,0.0,0.0,0.0,0.0,0.0,0.0,0.125,0.875,0.0
9,9,0.0,0.0,0.0,0.0,0.0,0.0,0.0,0.0,0.125,0.875,0.0
9,9,0.0,0.0,0.0,0.0,0.0,0.0,0.0,0.0,0.125,0.875,0.0
9,9,0.0,0.0,0.0,0.0,0.0,0.0,0.0,0.0,0.125,0.875,0.0
9,9,0.0,0.0,0.0,0.0,0.0,0.0,0.0,0.0,0.125,0.875,0.0
9,9,0.0,0.0,0.0,0.0,0.0,0.0,0.0,0.0,0.125,0.875,0.0
9,9,0.0,0.0625,0.0,0.0,0.0,0.0,0.0,0.0,0.125,0.8125,0.0
9,9,0.0,0.125,0.0,0.0,0.0,0.0,0.0,0.0,0.125,0.75,0.0
9,9,0.0,0.125,0.0,0.0,0.0,0.0,0.0,0.0,0.125,0.75,0.0
9,9,0.0,0.125,0.0,0.0,0.0,0.0,0.0,0.0,0.125,0.75,0.0
9,9,0.0,0.125,0.0,0.0,0.0,0.0,0.0,0.0,0.125,0.75,0.0
9,9,0.0,0.125,0.0,0.0,0.0,0.0,0.0,0.0,0.125,0.75,0.0
9,9,0.0,0.125,0.0,0.0,0.0,0.0,0.0,0.0,0.125,0.75,0.0
9,9,0.0,0.125,0.0,0.0,0.0,0.0,0.0,0.0,0.125,0.75,0.0
9,9,0.0,0.125,0.0,0.0,0.0625,0.0,0.0,0.0,0.125,0.6875,0.0
9,9,0.0,0.125,0.0,0.0,0.0625,0.0,0.0,0.0,0.125,0.6875,0.0
9,9,0.0,0.125,0.0,0.0,0.0625,0.0,0.0,0.0,0.125,0.6875,0.0
9,9,0.0,0.125,0.0,0.0,0.0625,0.0,0.0,0.0,0.125,0.6875,0.0
9,9,0.0,0.125,0.0,0.0,0.0625,0.0,0.0,0.0,0.125,0.6875,0.0
9,9,0.0,0.125,0.0,0.0,0.0625,0.0,0.0,0.0,0.125,0.6875,0.0
9,9,0.0,0.125,0.0,0.0,0.0625,0.0,0.0,0.0,0.125,0.6875,0.0
9,9,0.0,0.125,0.0,0.0,0.0625,0.0,0.0,0.0,0.125,0.6875,0.0
9,9,0.0,0.125,0.0,0.0,0.0625,0.0,0.0,0.0,0.125,0.6875,0.0
9,9,0.0,0.125,0.0,0.0,0.0625,0.0,0.0,0.0,0.125,0.6875,0.0
9,9,0.0,0.125,0.0,0.0,0.0625,0.0,0.0,0.0,0.125,0.6875,0.0
9,9,0.0,0.125,0.0,0.0,0.0625,0.0,0.0,0.0,0.125,0.6875,0.0
9,9,0.0,0.125,0.0,0.0,0.0625,0.0,0.0,0.0,0.125,0.6875,0.0
9,9,0.0,0.125,0.0,0.0,0.0625,0.0,0.0,0.0,0.125,0.6875,0.0
9,9,0.0,0.125,0.0,0.0,0.0625,0.0,0.0,0.0,0.125,0.6875,0.0
9,9,0.0,0.125,0.0,0.0,0.0625,0.0,0.0,0.0,0.125,0.6875,0.0
9,9,0.0,0.1875,0.0,0.0,0.0625,0.0,0.0,0.0,0.1875,0.5625,0.0
9,9,0.0,0.1875,0.0,0.0,0.0625,0.0,0.0,0.0,0.1875,0.5625,0.0
9,9,0.0,0.1875,0.0,0.0,0.0625,0.0,0.0,0.0,0.1875,0.5625,0.0
9,9,0.0,0.1875,0.0,0.0,0.0625,0.0,0.0,0.0,0.1875,0.5625,0.0
9,9,0.0,0.1875,0.0,0.0,0.0625,0.0,0.0,0.0,0.1875,0.5625,0.0
9,9,0.0,0.1875,0.0,0.0,0.0625,0.0,0.0,0.0,0.25,0.5,0.0
9,9,0.0,0.1875,0.0,0.0,0.0625,0.0,0.0,0.0,0.25,0.5,0.0
9,9,0.0,0.1875,0.0,0.0,0.0625,0.0,0.0,0.0,0.25,0.5,0.0
9,9,0.0,0.25,0.0,0.0,0.0625,0.0,0.0,0.0,0.25,0.4375,0.0
9,9,0.0,0.25,0.0,0.0,0.0625,0.0,0.0,0.0,0.25,0.4375,0.0
9,9,0.0,0.25,0.0,0.0,0.0625,0.0,0.0,0.0,0.25,0.4375,0.0
9,9,0.0,0.25,0.0,0.0,0.0625,0.0,0.0,0.0,0.25,0.4375,0.0
9,9,0.0,0.25,0.0,0.0,0.0625,0.0,0.0,0.0,0.25,0.4375,0.0
9,9,0.0,0.25,0.0,0.0,0.0625,0.0,0.0,0.0,0.25,0.4375,0.0
9,9,0.0,0.25,0.0,0.0,0.0625,0.0,0.0,0.0,0.25,0.4375,0.0
9,9,0.0,0.25,0.0,0.0,0.0625,0.0,0.0,0.0,0.25,0.4375,0.0
9,9,0.0,0.25,0.0,0.0,0.125,0.0,0.0,0.0,0.25,0.375,0.0
9,9,0.0,0.25,0.0,0.0,0.125,0.0,0.0,0.0,0.25,0.375,0.0
9,1,0.0,0.3125,0.0,0.0,0.125,0.0,0.0,0.0,0.25,0.3125,0.0
9,1,0.0,0.3125,0.0,0.0,0.125,0.0,0.0,0.0,0.25,0.3125,0.0
9,1,0.0,0.3125,0.0,0.0,0.125,0.0,0.0,0.0,0.25,0.3125,0.0
9,1,0.0,0.3125,0.0,0.0,0.125,0.0,0.0,0.0,0.25,0.3125,0.0
9,1,0.0,0.3125,0.0,0.0,0.125,0.0,0.0,0.0,0.25,0.3125,0.0
9,1,0.0,0.3125,0.0,0.0,0.125,0.0,0.0,0.0,0.25,0.3125,0.0
9,1,0.0,0.3125,0.0,0.0,0.125,0.0,0.0,0.0,0.25,0.3125,0.0
9,1,0.0,0.3125,0.0,0.0,0.125,0.0,0.0,0.0,0.25,0.3125,0.0
9,1,0.0,0.3125,0.0,0.0,0.125,0.0,0.0,0.0,0.25,0.3125,0.0
9,1,0.0,0.3125,0.0,0.0,0.125,0.0,0.0,0.0,0.25,0.3125,0.0
9,1,0.0,0.3125,0.0,0.0,0.125,0.0,0.0,0.0,0.25,0.3125,0.0
9,1,0.0,0.3125,0.0,0.0,0.125,0.0,0.0,0.0,0.25,0.3125,0.0
9,1,0.0,0.3125,0.0,0.0,0.125,0.0,0.0,0.0,0.25,0.3125,0.0
9,1,0.0,0.3125,0.0,0.0,0.125,0.0,0.0,0.0,0.25,0.3125,0.0
9,1,0.0,0.3125,0.0,0.0,0.125,0.0,0.0,0.0,0.25,0.3125,0.0
9,1,0.0,0.3125,0.0,0.0,0.125,0.0,0.0,0.0,0.25,0.3125,0.0
9,1,0.0,0.3125,0.0,0.0,0.125,0.0,0.0,0.0,0.25,0.3125,0.0
9,1,0.0,0.3125,0.0,0.0,0.125,0.0,0.0,0.0,0.25,0.3125,0.0
9,1,0.0,0.3125,0.0,0.0,0.125,0.0,0.0,0.0,0.25,0.3125,0.0
9,1,0.0,0.3125,0.0,0.0,0.125,0.0,0.0,0.0,0.25,0.3125,0.0
9,1,0.0,0.3125,0.0,0.0,0.125,0.0,0.0,0.0,0.25,0.3125,0.0
9,1,0.0,0.3125,0.0,0.0,0.125,0.0,0.0,0.0,0.25,0.3125,0.0
9,1,0.0,0.3125,0.0,0.0,0.125,0.0,0.0,0.0,0.25,0.3125,0.0
9,1,0.0,0.3125,0.0,0.0,0.125,0.0,0.0,0.0,0.25,0.3125,0.0
9,1,0.0,0.3125,0.0,0.0,0.125,0.0,0.0,0.0,0.25,0.3125,0.0
9,1,0.0,0.3125,0.0,0.0,0.125,0.0,0.0,0.0,0.25,0.3125,0.0
9,1,0.0,0.3125,0.0,0.0,0.125,0.0,0.0,0.0,0.25,0.3125,0.0
9,1,0.0,0.3125,0.0,0.0,0.125,0.0,0.0,0.0,0.25,0.3125,0.0
9,1,0.0,0.3125,0.0,0.0,0.125,0.0,0.0,0.0,0.25,0.3125,0.0
9,1,0.0,0.3125,0.0,0.0,0.125,0.0,0.0,0.0,0.25,0.3125,0.0
9,1,0.0,0.3125,0.0,0.0,0.125,0.0,0.0,0.0,0.25,0.3125,0.0
9,1,0.0,0.3125,0.0,0.0,0.125,0.0,0.0,0.0,0.25,0.3125,0.0
9,1,0.0,0.3125,0.0,0.0,0.125,0.0,0.0,0.0,0.25,0.3125,0.0
9,1,0.0,0.3125,0.0,0.0,0.125,0.0,0.0,0.0,0.25,0.3125,0.0
9,1,0.0,0.3125,0.0,0.0,0.125,0.0,0.0,0.0,0.25,0.3125,0.0
9,1,0.0,0.3125,0.0,0.0,0.125,0.0,0.0,0.0,0.25,0.3125,0.0
9,1,0.0,0.3125,0.0,0.0,0.125,0.0,0.0,0.0,0.25,0.3125,0.0
9,1,0.0,0.3125,0.0,0.0,0.125,0.0,0.0,0.0,0.25,0.3125,0.0
9,1,0.0,0.3125,0.0,0.0,0.125,0.0,0.0,0.0,0.25,0.3125,0.0
9,1,0.0,0.3125,0.0,0.0,0.125,0.0,0.0,0.0,0.25,0.3125,0.0
9,1,0.0,0.3125,0.0,0.0,0.125,0.0,0.0,0.0,0.25,0.3125,0.0
9,1,0.0,0.3125,0.0,0.0,0.125,0.0,0.0,0.0,0.25,0.3125,0.0
9,1,0.0,0.375,0.0,0.0,0.125,0.0,0.0,0.0,0.25,0.25,0.0
9,1,0.0,0.375,0.0,0.0,0.125,0.0,0.0,0.0,0.25,0.25,0.0
9,1,0.0,0.375,0.0,0.0,0.125,0.0,0.0,0.0,0.25,0.25,0.0
9,1,0.0,0.375,0.0,0.0,0.125,0.0,0.0,0.0,0.25,0.25,0.0
9,1,0.0,0.375,0.0,0.0,0.125,0.0,0.0,0.0,0.25,0.25,0.0
9,1,0.0,0.375,0.0,0.0,0.125,0.0,0.0,0.0,0.25,0.25,0.0
9,1,0.0,0.375,0.0,0.0,0.125,0.0,0.0,0.0,0.25,0.25,0.0
9,1,0.0,0.375,0.0,0.0,0.125,0.0,0.0,0.0,0.25,0.25,0.0
9,1,0.0,0.375,0.0,0.0,0.125,0.0,0.0,0.0,0.25,0.25,0.0
9,1,0.0,0.375,0.0,0.0,0.125,0.0,0.0,0.0,0.25,0.25,0.0
9,1,0.0,0.375,0.0,0.0,0.125,0.0,0.0,0.0,0.25,0.25,0.0
9,1,0.0,0.375,0.0,0.0,0.125,0.0,0.0,0.0,0.25,0.25,0.0
9,1,0.0,0.375,0.0,0.0,0.125,0.0,0.0,0.0,0.25,0.25,0.0
9,1,0.0,0.375,0.0,0.0,0.125,0.0,0.0,0.0,0.25,0.25,0.0
9,1,0.0,0.375,0.0,0.0,0.125,0.0,0.0,0.0,0.25,0.25,0.0
9,1,0.0,0.375,0.0,0.0,0.125,0.0,0.0,0.0,0.25,0.25,0.0
9,1,0.0,0.375,0.0,0.0,0.125,0.0,0.0,0.0,0.25,0.25,0.0
9,1,0.0,0.375,0.0,0.0,0.125,0.0,0.0,0.0,0.25,0.25,0.0
9,1,0.0,0.375,0.0,0.0,0.125,0.0,0.0,0.0,0.25,0.25,0.0
9,1,0.0,0.375,0.0,0.0,0.125,0.0,0.0,0.0,0.25,0.25,0.0
9,1,0.0,0.375,0.0,0.0,0.125,0.0,0.0,0.0,0.3125,0.1875,0.0
9,1,0.0,0.375,0.0,0.0,0.125,0.0,0.0,0.0,0.3125,0.1875,0.0
9,1,0.0,0.375,0.0,0.0,0.125,0.0,0.0,0.0,0.3125,0.1875,0.0
9,1,0.0,0.375,0.0,0.0,0.125,0.0,0.0,0.0,0.3125,0.1875,0.0
9,1,0.0,0.375,0.0,0.0,0.125,0.0,0.0,0.0,0.3125,0.1875,0.0
9,1,0.0,0.375,0.0,0.0,0.125,0.0,0.0,0.0,0.3125,0.1875,0.0
9,1,0.0,0.375,0.0,0.0,0.125,0.0,0.0,0.0,0.3125,0.1875,0.0
9,1,0.0,0.375,0.0,0.0,0.125,0.0,0.0,0.0,0.3125,0.1875,0.0
9,1,0.0,0.375,0.0,0.0,0.125,0.0,0.0,0.0,0.3125,0.1875,0.0
9,1,0.0,0.375,0.0,0.0,0.125,0.0,0.0,0.0,0.3125,0.1875,0.0
9,1,0.0,0.375,0.0,0.0,0.125,0.0,0.0,0.0,0.3125,0.1875,0.0
9,1,0.0,0.375,0.0,0.0,0.125,0.0,0.0,0.0,0.3125,0.1875,0.0
9,1,0.0,0.375,0.0,0.0,0.125,0.0,0.0,0.0,0.3125,0.1875,0.0
9,1,0.0,0.375,0.0,0.0,0.125,0.0,0.0,0.0,0.3125,0.1875,0.0
9,1,0.0,0.375,0.0,0.0,0.125,0.0,0.0,0.0,0.3125,0.1875,0.0
9,1,0.0,0.375,0.0,0.0,0.125,0.0,0.0,0.0,0.3125,0.1875,0.0
9,1,0.0,0.375,0.0,0.0,0.125,0.0,0.0,0.0,0.3125,0.1875,0.0
9,1,0.0,0.375,0.0,0.0,0.125,0.0,0.0,0.0,0.3125,0.1875,0.0
9,1,0.0,0.375,0.0,0.0,0.125,0.0,0.0,0.0,0.3125,0.1875,0.0
9,1,0.0,0.375,0.0,0.0,0.125,0.0,0.0,0.0,0.3125,0.1875,0.0
9,1,0.0,0.375,0.0,0.0,0.125,0.0,0.0,0.0,0.3125,0.1875,0.0
9,1,0.0,0.375,0.0,0.0,0.125,0.0,0.0,0.0,0.3125,0.1875,0.0
9,1,0.0,0.375,0.0,0.0,0.125,0.0,0.0,0.0,0.3125,0.1875,0.0
9,1,0.0,0.375,0.0,0.0,0.125,0.0,0.0,0.0,0.3125,0.1875,0.0
9,1,0.0,0.375,0.0,0.0,0.125,0.0,0.0,0.0,0.3125,0.1875,0.0
9,1,0.0,0.375,0.0,0.0,0.125,0.0,0.0,0.0,0.3125,0.1875,0.0
9,1,0.0,0.375,0.0,0.0,0.125,0.0,0.0,0.0,0.3125,0.1875,0.0
9,1,0.0,0.375,0.0,0.0,0.125,0.0,0.0,0.0,0.3125,0.1875,0.0
9,1,0.0,0.375,0.0,0.0,0.125,0.0,0.0,0.0,0.3125,0.1875,0.0
9,1,0.0,0.375,0.0,0.0,0.125,0.0,0.0,0.0,0.3125,0.1875,0.0
9,1,0.0,0.375,0.0,0.0,0.125,0.0,0.0,0.0,0.3125,0.1875,0.0
9,1,0.0,0.375,0.0,0.0,0.125,0.0,0.0,0.0,0.3125,0.1875,0.0
9,1,0.0,0.375,0.0,0.0,0.125,0.0,0.0,0.0,0.3125,0.1875,0.0
9,1,0.0,0.375,0.0,0.0,0.125,0.0,0.0,0.0,0.3125,0.1875,0.0
9,1,0.0,0.375,0.0,0.0,0.125,0.0,0.0,0.0,0.3125,0.1875,0.0
9,1,0.0,0.375,0.0,0.0,0.125,0.0,0.0,0.0,0.3125,0.1875,0.0
9,1,0.0,0.375,0.0,0.0,0.125,0.0,0.0,0.0,0.3125,0.1875,0.0
9,1,0.0,0.375,0.0,0.0,0.125,0.0,0.0,0.0,0.3125,0.1875,0.0
9,1,0.0,0.375,0.0,0.0,0.125,0.0,0.0,0.0,0.3125,0.1875,0.0
9,1,0.0,0.375,0.0,0.0,0.125,0.0,0.0,0.0,0.3125,0.1875,0.0
9,1,0.0,0.375,0.0,0.0,0.125,0.0,0.0,0.0,0.3125,0.1875,0.0
9,1,0.0,0.375,0.0,0.0,0.125,0.0,0.0,0.0,0.3125,0.1875,0.0
9,1,0.0,0.375,0.0,0.0,0.125,0.0,0.0,0.0,0.3125,0.1875,0.0
9,1,0.0,0.375,0.0,0.0,0.125,0.0,0.0,0.0,0.3125,0.1875,0.0
9,1,0.0,0.375,0.0,0.0,0.125,0.0,0.0,0.0,0.3125,0.1875,0.0
9,1,0.0,0.375,0.0,0.0,0.125,0.0,0.0,0.0,0.3125,0.1875,0.0
9,1,0.0,0.375,0.0,0.0,0.125,0.0,0.0,0.0,0.3125,0.1875,0.0
9,1,0.0,0.375,0.0,0.0,0.125,0.0,0.0,0.0,0.3125,0.1875,0.0
9,1,0.0,0.375,0.0,0.0,0.125,0.0,0.0,0.0,0.3125,0.1875,0.0
9,1,0.0,0.375,0.0,0.0,0.125,0.0,0.0,0.0,0.3125,0.1875,0.0
9,1,0.0,0.375,0.0,0.0,0.125,0.0,0.0,0.0,0.3125,0.1875,0.0
9,1,0.0,0.375,0.0,0.0,0.125,0.0,0.0,0.0,0.3125,0.1875,0.0
9,1,0.0,0.375,0.0,0.0,0.125,0.0,0.0,0.0,0.3125,0.1875,0.0
9,1,0.0,0.375,0.0,0.0,0.125,0.0,0.0,0.0,0.3125,0.1875,0.0
9,1,0.0,0.375,0.0,0.0,0.125,0.0,0.0,0.0,0.3125,0.1875,0.0
9,1,0.0,0.375,0.0,0.0,0.125,0.0,0.0,0.0,0.3125,0.1875,0.0
9,1,0.0,0.375,0.0,0.0,0.125,0.0,0.0,0.0,0.3125,0.1875,0.0
9,1,0.0,0.375,0.0,0.0,0.125,0.0,0.0,0.0,0.3125,0.1875,0.0
9,1,0.0,0.375,0.0,0.0,0.125,0.0,0.0,0.0,0.3125,0.1875,0.0
9,1,0.0,0.375,0.0,0.0,0.125,0.0,0.0,0.0,0.3125,0.1875,0.0
9,1,0.0,0.375,0.0,0.0,0.125,0.0,0.0,0.0,0.3125,0.1875,0.0
9,1,0.0,0.375,0.0,0.0,0.125,0.0,0.0,0.0,0.3125,0.1875,0.0
9,1,0.0,0.375,0.0,0.0,0.125,0.0,0.0,0.0,0.3125,0.1875,0.0
9,1,0.0,0.375,0.0,0.0,0.125,0.0,0.0,0.0,0.3125,0.1875,0.0
9,1,0.0,0.375,0.0,0.0,0.125,0.0,0.0,0.0,0.3125,0.1875,0.0
9,1,0.0,0.375,0.0,0.0,0.125,0.0,0.0,0.0,0.3125,0.1875,0.0
9,1,0.0,0.375,0.0,0.0,0.125,0.0,0.0,0.0,0.3125,0.1875,0.0
9,1,0.0,0.375,0.0,0.0,0.125,0.0,0.0,0.0,0.3125,0.1875,0.0
9,1,0.0,0.375,0.0,0.0,0.125,0.0,0.0,0.0,0.3125,0.1875,0.0
9,1,0.0,0.375,0.0,0.0,0.125,0.0,0.0,0.0,0.3125,0.1875,0.0
9,1,0.0,0.375,0.0,0.0,0.125,0.0,0.0,0.0,0.3125,0.1875,0.0
9,1,0.0,0.375,0.0,0.0,0.125,0.0,0.0,0.0,0.3125,0.1875,0.0
9,1,0.0,0.375,0.0,0.0,0.125,0.0,0.0,0.0,0.3125,0.1875,0.0
9,1,0.0,0.375,0.0,0.0,0.125,0.0,0.0,0.0,0.3125,0.1875,0.0
9,1,0.0,0.375,0.0,0.0,0.125,0.0,0.0,0.0,0.3125,0.1875,0.0
9,1,0.0,0.375,0.0,0.0,0.125,0.0,0.0,0.0,0.3125,0.1875,0.0
9,1,0.0,0.375,0.0,0.0,0.125,0.0,0.0,0.0,0.3125,0.1875,0.0
9,1,0.0,0.375,0.0,0.0,0.125,0.0,0.0,0.0,0.3125,0.1875,0.0
9,1,0.0,0.375,0.0,0.0,0.125,0.0,0.0,0.0,0.3125,0.1875,0.0
9,1,0.0,0.375,0.0,0.0,0.125,0.0,0.0,0.0,0.3125,0.1875,0.0
9,1,0.0,0.375,0.0,0.0,0.125,0.0,0.0,0.0,0.3125,0.1875,0.0
9,1,0.0,0.375,0.0,0.0,0.125,0.0,0.0,0.0,0.3125,0.1875,0.0
9,1,0.0,0.375,0.0,0.0,0.125,0.0,0.0,0.0,0.3125,0.1875,0.0
9,1,0.0,0.375,0.0,0.0,0.125,0.0,0.0,0.0,0.3125,0.1875,0.0
9,1,0.0,0.375,0.0,0.0,0.125,0.0,0.0,0.0,0.3125,0.1875,0.0
9,1,0.0,0.375,0.0,0.0,0.125,0.0,0.0,0.0,0.3125,0.1875,0.0
9,1,0.0,0.375,0.0,0.0,0.125,0.0,0.0,0.0,0.3125,0.1875,0.0
9,1,0.0,0.375,0.0,0.0,0.125,0.0,0.0,0.0,0.3125,0.1875,0.0
9,1,0.0,0.375,0.0,0.0,0.125,0.0,0.0,0.0,0.3125,0.1875,0.0
9,1,0.0,0.375,0.0,0.0,0.125,0.0,0.0,0.0,0.3125,0.1875,0.0
9,1,0.0,0.375,0.0,0.0,0.125,0.0,0.0,0.0,0.3125,0.1875,0.0
9,1,0.0,0.375,0.0,0.0,0.125,0.0,0.0,0.0,0.3125,0.1875,0.0
9,1,0.0,0.375,0.0,0.0,0.125,0.0,0.0,0.0,0.3125,0.1875,0.0
9,1,0.0,0.375,0.0,0.0,0.125,0.0,0.0,0.0,0.3125,0.1875,0.0
9,1,0.0,0.375,0.0,0.0,0.125,0.0,0.0,0.0,0.3125,0.1875,0.0
9,1,0.0,0.375,0.0,0.0,0.125,0.0,0.0,0.0,0.3125,0.1875,0.0
9,1,0.0,0.375,0.0,0.0,0.125,0.0,0.0,0.0,0.3125,0.1875,0.0
9,1,0.0,0.375,0.0,0.0,0.125,0.0,0.0,0.0,0.3125,0.1875,0.0
9,1,0.0,0.375,0.0,0.0,0.125,0.0,0.0,0.0,0.3125,0.1875,0.0
9,1,0.0,0.375,0.0,0.0,0.125,0.0,0.0,0.0,0.3125,0.1875,0.0
9,1,0.0,0.375,0.0,0.0,0.125,0.0,0.0,0.0,0.3125,0.1875,0.0
9,1,0.0,0.375,0.0,0.0,0.125,0.0,0.0,0.0,0.3125,0.1875,0.0
9,1,0.0,0.375,0.0,0.0,0.125,0.0,0.0,0.0,0.3125,0.1875,0.0
9,1,0.0,0.375,0.0,0.0,0.125,0.0,0.0,0.0,0.3125,0.1875,0.0
9,1,0.0,0.375,0.0,0.0,0.125,0.0,0.0,0.0,0.3125,0.1875,0.0
9,1,0.0,0.375,0.0,0.0,0.125,0.0,0.0,0.0,0.3125,0.1875,0.0
9,1,0.0,0.375,0.0,0.0,0.125,0.0,0.0,0.0,0.3125,0.1875,0.0
9,1,0.0,0.375,0.0,0.0,0.125,0.0,0.0,0.0,0.25,0.25,0.0
9,1,0.0,0.375,0.0,0.0,0.125,0.0,0.0,0.0,0.25,0.25,0.0
9,1,0.0,0.375,0.0,0.0,0.125,0.0,0.0,0.0,0.25,0.25,0.0
9,1,0.0,0.375,0.0,0.0,0.125,0.0,0.0,0.0,0.25,0.25,0.0
9,1,0.0,0.375,0.0,0.0,0.125,0.0,0.0,0.0,0.25,0.25,0.0
9,1,0.0,0.375,0.0,0.0,0.125,0.0,0.0,0.0,0.25,0.25,0.0
9,1,0.0,0.375,0.0,0.0,0.125,0.0,0.0,0.0,0.25,0.25,0.0
9,1,0.0,0.375,0.0,0.0,0.125,0.0,0.0,0.0,0.25,0.25,0.0
9,1,0.0,0.375,0.0,0.0,0.125,0.0,0.0,0.0,0.25,0.25,0.0
9,1,0.0,0.375,0.0,0.0,0.125,0.0,0.0,0.0,0.25,0.25,0.0
9,1,0.0,0.375,0.0,0.0,0.125,0.0,0.0,0.0,0.25,0.25,0.0
9,1,0.0,0.375,0.0,0.0,0.125,0.0,0.0,0.0,0.25,0.25,0.0
9,1,0.0,0.375,0.0,0.0,0.125,0.0,0.0,0.0,0.25,0.25,0.0
9,1,0.0,0.375,0.0,0.0,0.125,0.0,0.0,0.0,0.25,0.25,0.0
9,1,0.0,0.375,0.0,0.0,0.125,0.0,0.0,0.0,0.25,0.25,0.0
9,1,0.0,0.375,0.0,0.0,0.125,0.0,0.0,0.0,0.25,0.25,0.0
9,1,0.0,0.375,0.0,0.0,0.125,0.0,0.0,0.0,0.25,0.25,0.0
9,1,0.0,0.375,0.0,0.0,0.125,0.0,0.0,0.0,0.25,0.25,0.0
9,1,0.0,0.375,0.0,0.0,0.125,0.0,0.0,0.0,0.25,0.25,0.0
9,1,0.0,0.375,0.0,0.0,0.125,0.0,0.0,0.0,0.25,0.25,0.0
9,1,0.0,0.375,0.0,0.0,0.125,0.0,0.0,0.0,0.25,0.25,0.0
9,1,0.0,0.375,0.0,0.0,0.125,0.0,0.0,0.0,0.25,0.25,0.0
9,1,0.0,0.375,0.0,0.0,0.125,0.0,0.0,0.0,0.25,0.25,0.0
9,1,0.0,0.375,0.0,0.0,0.125,0.0,0.0,0.0,0.25,0.25,0.0
9,1,0.0,0.375,0.0,0.0,0.125,0.0,0.0,0.0,0.25,0.25,0.0
9,1,0.0,0.375,0.0,0.0,0.125,0.0,0.0,0.0,0.25,0.25,0.0
9,1,0.0,0.375,0.0,0.0,0.125,0.0,0.0,0.0,0.25,0.25,0.0
9,1,0.0,0.375,0.0,0.0,0.125,0.0,0.0,0.0,0.25,0.25,0.0
9,1,0.0,0.375,0.0,0.0,0.125,0.0,0.0,0.0,0.25,0.25,0.0
9,1,0.0,0.375,0.0,0.0,0.125,0.0,0.0,0.0,0.25,0.25,0.0
9,1,0.0,0.375,0.0,0.0,0.125,0.0,0.0,0.0,0.25,0.25,0.0
9,1,0.0,0.375,0.0,0.0,0.125,0.0,0.0,0.0,0.25,0.25,0.0
9,1,0.0,0.375,0.0,0.0,0.125,0.0,0.0,0.0,0.25,0.25,0.0
9,1,0.0,0.375,0.0,0.0,0.125,0.0,0.0,0.0,0.25,0.25,0.0
9,1,0.0,0.375,0.0,0.0,0.125,0.0,0.0,0.0,0.25,0.25,0.0
9,1,0.0,0.375,0.0,0.0,0.125,0.0,0.0,0.0,0.25,0.25,0.0
9,1,0.0,0.375,0.0,0.0,0.125,0.0,0.0,0.0,0.25,0.25,0.0
9,1,0.0,0.375,0.0,0.0,0.125,0.0,0.0,0.0,0.25,0.25,0.0
9,1,0.0,0.375,0.0,0.0,0.125,0.0,0.0,0.0,0.25,0.25,0.0
9,1,0.0,0.375,0.0,0.0,0.125,0.0,0.0,0.0,0.25,0.25,0.0
9,1,0.0,0.375,0.0,0.0,0.125,0.0,0.0,0.0,0.25,0.25,0.0
9,1,0.0,0.375,0.0,0.0,0.125,0.0,0.0,0.0,0.25,0.25,0.0
9,1,0.0,0.375,0.0,0.0,0.125,0.0,0.0,0.0,0.25,0.25,0.0
9,1,0.0,0.375,0.0,0.0,0.125,0.0,0.0,0.0,0.25,0.25,0.0
9,1,0.0,0.375,0.0,0.0,0.125,0.0,0.0,0.0,0.25,0.25,0.0
9,1,0.0,0.375,0.0,0.0,0.125,0.0,0.0,0.0,0.25,0.25,0.0
9,1,0.0,0.375,0.0,0.0,0.125,0.0,0.0,0.0,0.25,0.25,0.0
9,1,0.0,0.375,0.0,0.0,0.125,0.0,0.0,0.0,0.25,0.25,0.0
9,1,0.0,0.375,0.0,0.0,0.125,0.0,0.0,0.0,0.25,0.25,0.0
9,9,0.0,0.25,0.0,0.0,0.0625,0.0,0.0,0.0,0.25,0.4375,0.0
9,9,0.0,0.25,0.0,0.0,0.0625,0.0,0.0,0.0,0.25,0.4375,0.0
9,9,0.0,0.25,0.0,0.0,0.0625,0.0,0.0,0.0,0.25,0.4375,0.0
9,9,0.0,0.25,0.0,0.0,0.0625,0.0,0.0,0.0,0.25,0.4375,0.0
9,9,0.0,0.25,0.0,0.0,0.0625,0.0,0.0,0.0,0.25,0.4375,0.0
9,9,0.0,0.25,0.0,0.0,0.0625,0.0,0.0,0.0,0.25,0.4375,0.0
9,9,0.0,0.25,0.0,0.0,0.0625,0.0,0.0,0.0,0.25,0.4375,0.0
9,9,0.0,0.25,0.0,0.0,0.0625,0.0,0.0,0.0,0.25,0.4375,0.0
9,9,0.0,0.25,0.0,0.0,0.0625,0.0,0.0,0.0,0.25,0.4375,0.0
9,9,0.0,0.25,0.0,0.0,0.0625,0.0,0.0,0.0,0.25,0.4375,0.0
9,9,0.0,0.25,0.0,0.0,0.0625,0.0,0.0,0.0,0.25,0.4375,0.0
9,9,0.0,0.25,0.0,0.0,0.0625,0.0,0.0,0.0,0.25,0.4375,0.0
9,9,0.0,0.25,0.0,0.0,0.0625,0.0,0.0,0.0,0.25,0.4375,0.0
9,9,0.0,0.25,0.0,0.0,0.0625,0.0,0.0,0.0,0.25,0.4375,0.0
9,9,0.0,0.25,0.0,0.0,0.0625,0.0,0.0,0.0,0.25,0.4375,0.0
9,9,0.0,0.25,0.0,0.0,0.0625,0.0,0.0,0.0,0.25,0.4375,0.0
9,9,0.0,0.25,0.0,0.0,0.0625,0.0,0.0,0.0,0.25,0.4375,0.0
9,9,0.0,0.25,0.0,0.0,0.0625,0.0,0.0,0.0,0.25,0.4375,0.0
9,9,0.0,0.25,0.0,0.0,0.0625,0.0,0.0,0.0,0.25,0.4375,0.0
9,9,0.0,0.25,0.0,0.0,0.0625,0.0,0.0,0.0,0.25,0.4375,0.0
9,9,0.0,0.25,0.0,0.0,0.0625,0.0,0.0,0.0,0.1875,0.5,0.0
9,9,0.0,0.25,0.0,0.0,0.0625,0.0,0.0,0.0,0.1875,0.5,0.0
9,9,0.0,0.25,0.0,0.0,0.0625,0.0,0.0,0.0,0.1875,0.5,0.0
9,9,0.0,0.25,0.0,0.0,0.0625,0.0,0.0,0.0,0.1875,0.5,0.0
9,9,0.0,0.25,0.0,0.0,0.0625,0.0,0.0,0.0,0.1875,0.5,0.0
9,9,0.0,0.25,0.0,0.0,0.0625,0.0,0.0,0.0,0.1875,0.5,0.0
9,9,0.0,0.25,0.0,0.0,0.0625,0.0,0.0,0.0,0.1875,0.5,0.0
9,9,0.0,0.25,0.0,0.0,0.0625,0.0,0.0,0.0,0.1875,0.5,0.0
9,9,0.0,0.25,0.0,0.0,0.0625,0.0,0.0,0.0,0.1875,0.5,0.0
9,9,0.0,0.25,0.0,0.0,0.0625,0.0,0.0,0.0,0.1875,0.5,0.0
9,9,0.0,0.25,0.0,0.0,0.0625,0.0,0.0,0.0,0.1875,0.5,0.0
9,9,0.0,0.25,0.0,0.0,0.0625,0.0,0.0,0.0,0.1875,0.5,0.0
9,9,0.0,0.25,0.0,0.0,0.0625,0.0,0.0,0.0,0.1875,0.5,0.0
9,9,0.0,0.25,0.0,0.0,0.0625,0.0,0.0,0.0,0.1875,0.5,0.0
9,9,0.0,0.25,0.0,0.0,0.0625,0.0,0.0,0.0,0.1875,0.5,0.0
9,9,0.0,0.25,0.0,0.0,0.0625,0.0,0.0,0.0,0.1875,0.5,0.0
9,9,0.0,0.25,0.0,0.0,0.0625,0.0,0.0,0.0,0.1875,0.5,0.0
9,9,0.0,0.25,0.0,0.0,0.0625,0.0,0.0,0.0,0.1875,0.5,0.0
9,9,0.0,0.25,0.0,0.0,0.0625,0.0,0.0,0.0,0.1875,0.5,0.0
9,9,0.0,0.1875,0.0,0.0,0.0625,0.0,0.0,0.0,0.1875,0.5625,0.0
9,9,0.0,0.1875,0.0,0.0,0.0625,0.0,0.0,0.0,0.1875,0.5625,0.0
9,9,0.0,0.1875,0.0,0.0,0.0625,0.0,0.0,0.0,0.1875,0.5625,0.0
9,9,0.0,0.1875,0.0,0.0,0.0625,0.0,0.0,0.0,0.1875,0.5625,0.0
9,9,0.0,0.1875,0.0,0.0,0.0625,0.0,0.0,0.0,0.1875,0.5625,0.0
9,9,0.0,0.1875,0.0,0.0,0.0625,0.0,0.0,0.0,0.1875,0.5625,0.0
9,9,0.0,0.1875,0.0,0.0,0.0625,0.0,0.0,0.0,0.1875,0.5625,0.0
9,9,0.0,0.1875,0.0,0.0,0.0625,0.0,0.0,0.0,0.1875,0.5625,0.0
9,9,0.0,0.1875,0.0,0.0,0.0625,0.0,0.0,0.0,0.1875,0.5625,0.0
9,9,0.0,0.1875,0.0,0.0,0.0625,0.0,0.0,0.0,0.1875,0.5625,0.0
9,9,0.0,0.1875,0.0,0.0,0.0625,0.0,0.0,0.0,0.1875,0.5625,0.0
9,9,0.0,0.1875,0.0,0.0,0.0625,0.0,0.0,0.0,0.1875,0.5625,0.0
9,9,0.0,0.1875,0.0,0.0,0.0625,0.0,0.0,0.0,0.1875,0.5625,0.0
9,9,0.0,0.1875,0.0,0.0,0.0625,0.0,0.0,0.0,0.1875,0.5625,0.0
9,9,0.0,0.1875,0.0,0.0,0.0625,0.0,0.0,0.0,0.1875,0.5625,0.0
9,9,0.0,0.13333334,0.0,0.0,0.06666667,0.0,0.0,0.0,0.13333334,0.6666667,0.0
9,9,0.0,0.13333334,0.0,0.0,0.06666667,0.0,0.0,0.0,0.13333334,0.6666667,0.0
9,9,0.0,0.13333334,0.0,0.0,0.06666667,0.0,0.0,0.0,0.13333334,0.6666667,0.0
9,9,0.0,0.13333334,0.0,0.0,0.06666667,0.0,0.0,0.0,0.13333334,0.6666667,0.0
9,9,0.0,0.13333334,0.0,0.0,0.06666667,0.0,0.0,0.0,0.13333334,0.6666667,0.0
9,9,0.0,0.13333334,0.0,0.0,0.06666667,0.0,0.0,0.0,0.13333334,0.6666667,0.0
9,9,0.0,0.13333334,0.0,0.0,0.06666667,0.0,0.0,0.0,0.06666667,0.73333335,0.0
9,9,0.0,0.13333334,0.0,0.0,0.06666667,0.0,0.0,0.0,0.06666667,0.73333335,0.0
9,9,0.0,0.13333334,0.0,0.0,0.06666667,0.0,0.0,0.0,0.06666667,0.73333335,0.0
9,9,0.0,0.13333334,0.0,0.0,0.06666667,0.0,0.0,0.0,0.06666667,0.73333335,0.0
9,9,0.0,0.13333334,0.0,0.0,0.06666667,0.0,0.0,0.0,0.06666667,0.73333335,0.0
9,9,0.0,0.13333334,0.0,0.0,0.06666667,0.0,0.0,0.0,0.06666667,0.73333335,0.0
9,9,0.0,0.13333334,0.0,0.0,0.06666667,0.0,0.0,0.0,0.06666667,0.73333335,0.0
9,9,0.0,0.13333334,0.0,0.0,0.06666667,0.0,0.0,0.0,0.06666667,0.73333335,0.0
9,9,0.0,0.13333334,0.0,0.0,0.06666667,0.0,0.0,0.0,0.06666667,0.73333335,0.0
9,9,0.0,0.13333334,0.0,0.0,0.06666667,0.0,0.0,0.0,0.06666667,0.73333335,0.0
9,9,0.0,0.13333334,0.0,0.0,0.06666667,0.0,0.0,0.0,0.06666667,0.73333335,0.0
9,9,0.0,0.13333334,0.0,0.0,0.06666667,0.0,0.0,0.0,0.06666667,0.73333335,0.0
9,9,0.0,0.13333334,0.0,0.0,0.06666667,0.0,0.0,0.0,0.06666667,0.73333335,0.0
9,9,0.0,0.13333334,0.0,0.0,0.06666667,0.0,0.0,0.0,0.06666667,0.73333335,0.0
9,9,0.0,0.13333334,0.0,0.0,0.06666667,0.0,0.0,0.0,0.06666667,0.73333335,0.0
9,9,0.0,0.13333334,0.0,0.0,0.06666667,0.0,0.0,0.0,0.06666667,0.73333335,0.0
9,9,0.0,0.13333334,0.0,0.0,0.06666667,0.0,0.0,0.0,0.06666667,0.73333335,0.0
9,9,0.0,0.13333334,0.0,0.0,0.06666667,0.0,0.0,0.0,0.06666667,0.73333335,0.0
9,9,0.0,0.13333334,0.0,0.0,0.06666667,0.0,0.0,0.0,0.06666667,0.73333335,0.0
9,9,0.0,0.13333334,0.0,0.0,0.06666667,0.0,0.0,0.0,0.06666667,0.73333335,0.0
9,9,0.0,0.13333334,0.0,0.0,0.06666667,0.0,0.0,0.0,0.06666667,0.73333335,0.0
9,9,0.0,0.13333334,0.0,0.0,0.06666667,0.0,0.0,0.0,0.06666667,0.73333335,0.0
9,9,0.0,0.13333334,0.0,0.0,0.06666667,0.0,0.0,0.0,0.06666667,0.73333335,0.0
9,9,0.0,0.13333334,0.0,0.0,0.06666667,0.0,0.0,0.0,0.06666667,0.73333335,0.0
9,9,0.0,0.13333334,0.0,0.0,0.06666667,0.0,0.0,0.0,0.06666667,0.73333335,0.0
9,9,0.0,0.13333334,0.0,0.0,0.06666667,0.0,0.0,0.0,0.06666667,0.73333335,0.0
9,9,0.0,0.13333334,0.0,0.0,0.06666667,0.0,0.0,0.0,0.06666667,0.73333335,0.0
9,9,0.0,0.13333334,0.0,0.0,0.06666667,0.0,0.0,0.0,0.06666667,0.73333335,0.0
9,9,0.0,0.13333334,0.0,0.0,0.06666667,0.0,0.0,0.0,0.06666667,0.73333335,0.0
9,9,0.0,0.13333334,0.0,0.0,0.06666667,0.0,0.0,0.0,0.06666667,0.73333335,0.0
9,9,0.0,0.13333334,0.0,0.0,0.06666667,0.0,0.0,0.0,0.06666667,0.73333335,0.0
9,9,0.0,0.13333334,0.0,0.0,0.06666667,0.0,0.0,0.0,0.06666667,0.73333335,0.0
9,9,0.0,0.13333334,0.0,0.0,0.06666667,0.0,0.0,0.0,0.06666667,0.73333335,0.0
9,9,0.0,0.13333334,0.0,0.0,0.06666667,0.0,0.0,0.0,0.06666667,0.73333335,0.0
9,9,0.0,0.13333334,0.0,0.0,0.06666667,0.0,0.0,0.0,0.06666667,0.73333335,0.0
9,9,0.0,0.13333334,0.0,0.0,0.06666667,0.0,0.0,0.0,0.06666667,0.73333335,0.0
9,9,0.0,0.13333334,0.0,0.0,0.06666667,0.0,0.0,0.0,0.06666667,0.73333335,0.0
9,9,0.0,0.13333334,0.0,0.0,0.06666667,0.0,0.0,0.0,0.06666667,0.73333335,0.0
9,9,0.0,0.13333334,0.0,0.0,0.06666667,0.0,0.0,0.0,0.06666667,0.73333335,0.0
9,9,0.0,0.13333334,0.0,0.0,0.06666667,0.0,0.0,0.0,0.06666667,0.73333335,0.0
9,9,0.0,0.13333334,0.0,0.0,0.06666667,0.0,0.0,0.0,0.06666667,0.73333335,0.0
9,9,0.0,0.13333334,0.0,0.0,0.06666667,0.0,0.0,0.0,0.06666667,0.73333335,0.0
9,9,0.0,0.13333334,0.0,0.0,0.06666667,0.0,0.0,0.0,0.06666667,0.73333335,0.0
9,9,0.0,0.13333334,0.0,0.0,0.06666667,0.0,0.0,0.0,0.06666667,0.73333335,0.0
9,9,0.0,0.13333334,0.0,0.0,0.06666667,0.0,0.0,0.0,0.06666667,0.73333335,0.0
9,9,0.0,0.13333334,0.0,0.0,0.06666667,0.0,0.0,0.0,0.06666667,0.73333335,0.0
9,9,0.0,0.13333334,0.0,0.0,0.06666667,0.0,0.0,0.0,0.06666667,0.73333335,0.0
9,9,0.0,0.13333334,0.0,0.0,0.06666667,0.0,0.0,0.0,0.06666667,0.73333335,0.0
9,9,0.0,0.13333334,0.0,0.0,0.06666667,0.0,0.0,0.0,0.06666667,0.73333335,0.0
9,9,0.0,0.13333334,0.0,0.0,0.06666667,0.0,0.0,0.0,0.06666667,0.73333335,0.0
9,9,0.0,0.13333334,0.0,0.0,0.06666667,0.0,0.0,0.0,0.06666667,0.73333335,0.0
9,9,0.0,0.13333334,0.0,0.0,0.06666667,0.0,0.0,0.0,0.06666667,0.73333335,0.0
9,9,0.0,0.13333334,0.0,0.0,0.06666667,0.0,0.0,0.0,0.06666667,0.73333335,0.0
9,9,0.0,0.13333334,0.0,0.0,0.06666667,0.0,0.0,0.0,0.06666667,0.73333335,0.0
9,9,0.0,0.13333334,0.0,0.0,0.06666667,0.0,0.0,0.0,0.06666667,0.73333335,0.0
9,9,0.0,0.13333334,0.0,0.0,0.06666667,0.0,0.0,0.0,0.06666667,0.73333335,0.0
9,9,0.0,0.13333334,0.0,0.0,0.06666667,0.0,0.0,0.0,0.06666667,0.73333335,0.0
9,9,0.0,0.13333334,0.0,0.0,0.06666667,0.0,0.0,0.0,0.06666667,0.73333335,0.0
9,9,0.0,0.13333334,0.0,0.0,0.06666667,0.0,0.0,0.0,0.06666667,0.73333335,0.0
9,9,0.0,0.13333334,0.0,0.0,0.06666667,0.0,0.0,0.0,0.06666667,0.73333335,0.0
9,9,0.0,0.13333334,0.0,0.0,0.06666667,0.0,0.0,0.0,0.06666667,0.73333335,0.0
9,9,0.0,0.13333334,0.0,0.0,0.06666667,0.0,0.0,0.0,0.06666667,0.73333335,0.0
9,9,0.0,0.13333334,0.0,0.0,0.06666667,0.0,0.0,0.0,0.06666667,0.73333335,0.0
9,9,0.0,0.13333334,0.0,0.0,0.06666667,0.0,0.0,0.0,0.06666667,0.73333335,0.0
9,9,0.0,0.13333334,0.0,0.0,0.06666667,0.0,0.0,0.0,0.06666667,0.73333335,0.0
9,9,0.0,0.13333334,0.0,0.0,0.06666667,0.0,0.0,0.0,0.06666667,0.73333335,0.0
9,9,0.0,0.13333334,0.0,0.0,0.06666667,0.0,0.0,0.0,0.06666667,0.73333335,0.0
9,9,0.0,0.13333334,0.0,0.0,0.06666667,0.0,0.0,0.0,0.06666667,0.73333335,0.0
9,9,0.0,0.13333334,0.0,0.0,0.06666667,0.0,0.0,0.0,0.06666667,0.73333335,0.0
9,9,0.0,0.13333334,0.0,0.0,0.06666667,0.0,0.0,0.0,0.06666667,0.73333335,0.0
9,9,0.0,0.13333334,0.0,0.0,0.06666667,0.0,0.0,0.0,0.06666667,0.73333335,0.0
9,9,0.0,0.13333334,0.0,0.0,0.06666667,0.0,0.0,0.0,0.06666667,0.73333335,0.0
9,9,0.0,0.13333334,0.0,0.0,0.06666667,0.0,0.0,0.0,0.06666667,0.73333335,0.0
9,9,0.0,0.13333334,0.0,0.0,0.06666667,0.0,0.0,0.0,0.06666667,0.73333335,0.0
9,9,0.0,0.13333334,0.0,0.0,0.06666667,0.0,0.0,0.0,0.06666667,0.73333335,0.0
9,9,0.0,0.13333334,0.0,0.0,0.06666667,0.0,0.0,0.0,0.06666667,0.73333335,0.0
9,9,0.0,0.13333334,0.0,0.0,0.06666667,0.0,0.0,0.0,0.06666667,0.73333335,0.0
9,9,0.0,0.13333334,0.0,0.0,0.06666667,0.0,0.0,0.0,0.06666667,0.73333335,0.0
9,9,0.0,0.13333334,0.0,0.0,0.06666667,0.0,0.0,0.0,0.06666667,0.73333335,0.0
9,9,0.0,0.13333334,0.0,0.0,0.06666667,0.0,0.0,0.0,0.06666667,0.73333335,0.0
9,9,0.0,0.13333334,0.0,0.0,0.06666667,0.0,0.0,0.0,0.06666667,0.73333335,0.0
9,9,0.0,0.13333334,0.0,0.0,0.06666667,0.0,0.0,0.0,0.06666667,0.73333335,0.0
9,9,0.0,0.13333334,0.0,0.0,0.06666667,0.0,0.0,0.0,0.06666667,0.73333335,0.0
9,9,0.0,0.13333334,0.0,0.0,0.06666667,0.0,0.0,0.0,0.06666667,0.73333335,0.0
9,9,0.0,0.13333334,0.0,0.0,0.06666667,0.0,0.0,0.0,0.06666667,0.73333335,0.0
9,9,0.0,0.13333334,0.0,0.0,0.06666667,0.0,0.0,0.0,0.06666667,0.73333335,0.0
9,9,0.0,0.13333334,0.0,0.0,0.06666667,0.0,0.0,0.0,0.06666667,0.73333335,0.0
9,9,0.0,0.13333334,0.0,0.0,0.06666667,0.0,0.0,0.0,0.06666667,0.73333335,0.0
9,9,0.0,0.13333334,0.0,0.0,0.06666667,0.0,0.0,0.0,0.06666667,0.73333335,0.0
9,9,0.0,0.13333334,0.0,0.0,0.06666667,0.0,0.0,0.0,0.06666667,0.73333335,0.0
9,9,0.0,0.13333334,0.0,0.0,0.06666667,0.0,0.0,0.0,0.06666667,0.73333335,0.0
9,9,0.0,0.13333334,0.0,0.0,0.06666667,0.0,0.0,0.0,0.06666667,0.73333335,0.0
9,9,0.0,0.13333334,0.0,0.0,0.06666667,0.0,0.0,0.0,0.06666667,0.73333335,0.0
9,9,0.0,0.13333334,0.0,0.0,0.06666667,0.0,0.0,0.0,0.06666667,0.73333335,0.0
9,9,0.0,0.13333334,0.0,0.0,0.06666667,0.0,0.0,0.0,0.06666667,0.73333335,0.0
9,9,0.0,0.13333334,0.0,0.0,0.06666667,0.0,0.0,0.0,0.06666667,0.73333335,0.0
9,9,0.0,0.13333334,0.0,0.0,0.06666667,0.0,0.0,0.0,0.06666667,0.73333335,0.0
9,9,0.0,0.13333334,0.0,0.0,0.06666667,0.0,0.0,0.0,0.06666667,0.73333335,0.0
9,9,0.0,0.13333334,0.0,0.0,0.06666667,0.0,0.0,0.0,0.06666667,0.73333335,0.0
9,9,0.0,0.13333334,0.0,0.0,0.06666667,0.0,0.0,0.0,0.06666667,0.73333335,0.0
9,9,0.0,0.13333334,0.0,0.0,0.06666667,0.0,0.0,0.0,0.06666667,0.73333335,0.0
9,9,0.0,0.13333334,0.0,0.0,0.06666667,0.0,0.0,0.0,0.06666667,0.73333335,0.0
9,9,0.0,0.13333334,0.0,0.0,0.06666667,0.0,0.0,0.0,0.06666667,0.73333335,0.0
9,9,0.0,0.13333334,0.0,0.0,0.06666667,0.0,0.0,0.0,0.06666667,0.73333335,0.0
9,9,0.0,0.13333334,0.0,0.0,0.06666667,0.0,0.0,0.0,0.06666667,0.73333335,0.0
9,9,0.0,0.13333334,0.0,0.0,0.06666667,0.0,0.0,0.0,0.06666667,0.73333335,0.0
9,9,0.0,0.13333334,0.0,0.0,0.06666667,0.0,0.0,0.0,0.06666667,0.73333335,0.0
9,9,0.0,0.13333334,0.0,0.0,0.06666667,0.0,0.0,0.0,0.06666667,0.73333335,0.0
9,9,0.0,0.13333334,0.0,0.0,0.06666667,0.0,0.0,0.0,0.06666667,0.73333335,0.0
9,9,0.0,0.13333334,0.0,0.0,0.06666667,0.0,0.0,0.0,0.06666667,0.73333335,0.0
9,9,0.0,0.13333334,0.0,0.0,0.06666667,0.0,0.0,0.0,0.06666667,0.73333335,0.0
9,9,0.0,0.13333334,0.0,0.0,0.06666667,0.0,0.0,0.0,0.06666667,0.73333335,0.0
9,9,0.0,0.13333334,0.0,0.0,0.06666667,0.0,0.0,0.0,0.06666667,0.73333335,0.0
9,9,0.0,0.13333334,0.0,0.0,0.06666667,0.0,0.0,0.0,0.06666667,0.73333335,0.0
9,9,0.0,0.13333334,0.0,0.0,0.06666667,0.0,0.0,0.0,0.06666667,0.73333335,0.0
9,9,0.0,0.13333334,0.0,0.0,0.06666667,0.0,0.0,0.0,0.06666667,0.73333335,0.0
9,9,0.0,0.13333334,0.0,0.0,0.06666667,0.0,0.0,0.0,0.06666667,0.73333335,0.0
9,9,0.0,0.13333334,0.0,0.0,0.06666667,0.0,0.0,0.0,0.06666667,0.73333335,0.0
9,9,0.0,0.13333334,0.0,0.0,0.06666667,0.0,0.0,0.0,0.06666667,0.73333335,0.0
9,9,0.0,0.13333334,0.0,0.0,0.06666667,0.0,0.0,0.0,0.06666667,0.73333335,0.0
9,9,0.0,0.13333334,0.0,0.0,0.06666667,0.0,0.0,0.0,0.06666667,0.73333335,0.0
9,9,0.0,0.13333334,0.0,0.0,0.06666667,0.0,0.0,0.0,0.06666667,0.73333335,0.0
9,9,0.0,0.13333334,0.0,0.0,0.06666667,0.0,0.0,0.0,0.06666667,0.73333335,0.0
9,9,0.0,0.13333334,0.0,0.0,0.06666667,0.0,0.0,0.0,0.06666667,0.73333335,0.0
9,9,0.0,0.13333334,0.0,0.0,0.06666667,0.0,0.0,0.0,0.06666667,0.73333335,0.0
9,9,0.0,0.13333334,0.0,0.0,0.06666667,0.0,0.0,0.0,0.06666667,0.73333335,0.0
9,9,0.0,0.13333334,0.0,0.0,0.06666667,0.0,0.0,0.0,0.06666667,0.73333335,0.0
9,9,0.0,0.13333334,0.0,0.0,0.06666667,0.0,0.0,0.0,0.06666667,0.73333335,0.0
9,9,0.0,0.13333334,0.0,0.0,0.06666667,0.0,0.0,0.0,0.06666667,0.73333335,0.0
9,9,0.0,0.13333334,0.0,0.0,0.06666667,0.0,0.0,0.0,0.06666667,0.73333335,0.0
9,9,0.0,0.13333334,0.0,0.0,0.06666667,0.0,0.0,0.0,0.06666667,0.73333335,0.0
9,9,0.0,0.13333334,0.0,0.0,0.06666667,0.0,0.0,0.0,0.06666667,0.73333335,0.0
9,9,0.0,0.13333334,0.0,0.0,0.06666667,0.0,0.0,0.0,0.06666667,0.73333335,0.0
9,9,0.0,0.13333334,0.0,0.0,0.06666667,0.0,0.0,0.0,0.06666667,0.73333335,0.0
9,9,0.0,0.13333334,0.0,0.0,0.06666667,0.0,0.0,0.0,0.06666667,0.73333335,0.0
9,9,0.0,0.13333334,0.0,0.0,0.06666667,0.0,0.0,0.0,0.06666667,0.73333335,0.0
9,9,0.0,0.13333334,0.0,0.0,0.06666667,0.0,0.0,0.0,0.06666667,0.73333335,0.0
9,9,0.0,0.13333334,0.0,0.0,0.06666667,0.0,0.0,0.0,0.06666667,0.73333335,0.0
9,9,0.0,0.13333334,0.0,0.0,0.06666667,0.0,0.0,0.0,0.06666667,0.73333335,0.0
9,9,0.0,0.13333334,0.0,0.0,0.06666667,0.0,0.0,0.0,0.06666667,0.73333335,0.0
9,9,0.0,0.13333334,0.0,0.0,0.06666667,0.0,0.0,0.0,0.06666667,0.73333335,0.0
9,9,0.0,0.13333334,0.0,0.0,0.06666667,0.0,0.0,0.0,0.06666667,0.73333335,0.0
9,9,0.0,0.13333334,0.0,0.0,0.06666667,0.0,0.0,0.0,0.06666667,0.73333335,0.0
9,9,0.0,0.13333334,0.0,0.0,0.06666667,0.0,0.0,0.0,0.06666667,0.73333335,0.0
9,9,0.0,0.13333334,0.0,0.0,0.06666667,0.0,0.0,0.0,0.06666667,0.73333335,0.0
9,9,0.0,0.13333334,0.0,0.0,0.06666667,0.0,0.0,0.0,0.06666667,0.73333335,0.0
9,9,0.0,0.13333334,0.0,0.0,0.06666667,0.0,0.0,0.0,0.06666667,0.73333335,0.0
9,9,0.0,0.13333334,0.0,0.0,0.06666667,0.0,0.0,0.0,0.06666667,0.73333335,0.0
9,9,0.0,0.13333334,0.0,0.0,0.06666667,0.0,0.0,0.0,0.06666667,0.73333335,0.0
9,9,0.0,0.13333334,0.0,0.0,0.06666667,0.0,0.0,0.0,0.06666667,0.73333335,0.0
9,9,0.0,0.13333334,0.0,0.0,0.06666667,0.0,0.0,0.0,0.06666667,0.73333335,0.0
9,9,0.0,0.13333334,0.0,0.0,0.06666667,0.0,0.0,0.0,0.06666667,0.73333335,0.0
9,9,0.0,0.13333334,0.0,0.0,0.06666667,0.0,0.0,0.0,0.06666667,0.73333335,0.0
9,9,0.0,0.13333334,0.0,0.0,0.06666667,0.0,0.0,0.0,0.06666667,0.73333335,0.0
9,9,0.0,0.13333334,0.0,0.0,0.06666667,0.0,0.0,0.0,0.06666667,0.73333335,0.0
9,9,0.0,0.13333334,0.0,0.0,0.06666667,0.0,0.0,0.0,0.06666667,0.73333335,0.0
9,9,0.0,0.13333334,0.0,0.0,0.06666667,0.0,0.0,0.0,0.06666667,0.73333335,0.0
9,9,0.0,0.13333334,0.0,0.0,0.06666667,0.0,0.0,0.0,0.06666667,0.73333335,0.0
9,9,0.0,0.13333334,0.0,0.0,0.06666667,0.0,0.0,0.0,0.06666667,0.73333335,0.0
9,9,0.0,0.13333334,0.0,0.0,0.06666667,0.0,0.0,0.0,0.06666667,0.73333335,0.0
9,9,0.0,0.06666667,0.0,0.0,0.06666667,0.0,0.0,0.0,0.06666667,0.8,0.0
9,9,0.0,0.06666667,0.0,0.0,0.06666667,0.0,0.0,0.0,0.06666667,0.8,0.0
9,9,0.0,0.06666667,0.0,0.0,0.06666667,0.0,0.0,0.0,0.0,0.8666667,0.0
9,9,0.0,0.06666667,0.0,0.0,0.06666667,0.0,0.0,0.0,0.0,0.8666667,0.0
9,9,0.0,0.06666667,0.0,0.0,0.06666667,0.0,0.0,0.0,0.0,0.8666667,0.0
9,9,0.0,0.06666667,0.0,0.0,0.06666667,0.0,0.0,0.0,0.0,0.8666667,0.0
9,9,0.0,0.06666667,0.0,0.0,0.06666667,0.0,0.0,0.0,0.0,0.8666667,0.0
9,9,0.0,0.06666667,0.0,0.0,0.06666667,0.0,0.0,0.0,0.0,0.8666667,0.0
9,9,0.0,0.06666667,0.0,0.0,0.06666667,0.0,0.0,0.0,0.0,0.8666667,0.0
9,9,0.0,0.06666667,0.0,0.0,0.06666667,0.0,0.0,0.0,0.0,0.8666667,0.0
9,9,0.0,0.06666667,0.0,0.0,0.06666667,0.0,0.0,0.0,0.0,0.8666667,0.0
9,9,0.0,0.06666667,0.0,0.0,0.06666667,0.0,0.0,0.0,0.0,0.8666667,0.0
9,9,0.0,0.06666667,0.0,0.0,0.06666667,0.0,0.0,0.0,0.0,0.8666667,0.0
9,9,0.0,0.06666667,0.0,0.0,0.06666667,0.0,0.0,0.0,0.0,0.8666667,0.0
9,9,0.0,0.06666667,0.0,0.0,0.06666667,0.0,0.0,0.0,0.0,0.8666667,0.0
9,9,0.0,0.06666667,0.0,0.0,0.06666667,0.0,0.0,0.0,0.0,0.8666667,0.0
9,9,0.0,0.0625,0.0,0.0,0.0625,0.0,0.0,0.0,0.0,0.875,0.0
9,9,0.0,0.0625,0.0,0.0,0.0625,0.0,0.0,0.0,0.0,0.875,0.0
9,9,0.0,0.0625,0.0,0.0,0.0625,0.0,0.0,0.0,0.0,0.875,0.0
9,9,0.0,0.0625,0.0,0.0,0.0625,0.0,0.0,0.0,0.0,0.875,0.0
9,9,0.0,0.0625,0.0,0.0,0.0625,0.0,0.0,0.0,0.0,0.875,0.0
9,9,0.0,0.0625,0.0,0.0,0.0625,0.0,0.0,0.0,0.0,0.875,0.0
9,9,0.0,0.0625,0.0,0.0,0.0625,0.0,0.0,0.0,0.0,0.875,0.0
9,9,0.0,0.0625,0.0,0.0,0.0625,0.0,0.0,0.0,0.0,0.875,0.0
9,9,0.0,0.0,0.0,0.0,0.0625,0.0,0.0,0.0,0.0,0.9375,0.0
9,9,0.0,0.0,0.0,0.0,0.0625,0.0,0.0,0.0,0.0,0.9375,0.0
9,9,0.0,0.0,0.0,0.0,0.0625,0.0,0.0,0.0,0.0,0.9375,0.0
9,9,0.0,0.0,0.0,0.0,0.0625,0.0,0.0,0.0,0.0,0.9375,0.0
9,9,0.0,0.0,0.0,0.0,0.0625,0.0,0.0,0.0,0.0,0.9375,0.0
9,9,0.0,0.0,0.0,0.0,0.0625,0.0,0.0,0.0,0.0,0.9375,0.0
9,9,0.0,0.0,0.0,0.0,0.0625,0.0,0.0,0.0,0.0,0.9375,0.0
9,9,0.0,0.0,0.0,0.0,0.0625,0.0,0.0,0.0,0.0,0.9375,0.0
9,9,0.0,0.0,0.0,0.0,0.0,0.0,0.0,0.0,0.0,1.0,0.0
9,9,0.0,0.0,0.0,0.0,0.0,0.0,0.0,0.0,0.0,1.0,0.0
9,9,0.0,0.0,0.0,0.0,0.0,0.0,0.0,0.0,0.0,1.0,0.0
9,9,0.0,0.0,0.0,0.0,0.0,0.0,0.0,0.0,0.0,1.0,0.0
9,9,0.0,0.0,0.0,0.0,0.0,0.0,0.0,0.0,0.0,1.0,0.0
9,9,0.0,0.0,0.0,0.0,0.0,0.0,0.0,0.0,0.0,1.0,0.0
9,9,0.0,0.0,0.0,0.0,0.0,0.0,0.0,0.0,0.0,1.0,0.0
9,9,0.0,0.0,0.0,0.0,0.0,0.0,0.0,0.0,0.0,1.0,0.0
9,9,0.0,0.0,0.0,0.0,0.0,0.0,0.0,0.0,0.0,1.0,0.0
9,9,0.0,0.0,0.0,0.0,0.0,0.0,0.0,0.0,0.0,1.0,0.0
9,9,0.0,0.0,0.0,0.0,0.0,0.0,0.0,0.0,0.0,1.0,0.0
9,9,0.0,0.0,0.0,0.0,0.0,0.0,0.0,0.0,0.0,1.0,0.0
9,9,0.0,0.0,0.0,0.0,0.0,0.0,0.0,0.0,0.0,1.0,0.0
9,9,0.0,0.0,0.0,0.0,0.0,0.0,0.0,0.0,0.0,1.0,0.0
9,9,0.0,0.0,0.0,0.0,0.0,0.0,0.0,0.0,0.0,1.0,0.0
9,9,0.0,0.0,0.0,0.0,0.0,0.0,0.0,0.0,0.0,1.0,0.0
9,9,0.0,0.0,0.0,0.0,0.0,0.0,0.0,0.0,0.0,1.0,0.0
9,9,0.0,0.0,0.0,0.0,0.0,0.0,0.0,0.0,0.0,1.0,0.0
9,9,0.0,0.0,0.0,0.0,0.0,0.0,0.0,0.0,0.0,1.0,0.0
9,9,0.0,0.0,0.0,0.0,0.0,0.0,0.0,0.0,0.0,1.0,0.0
9,9,0.0,0.0,0.0,0.0,0.0,0.0,0.0,0.0,0.0,1.0,0.0
9,9,0.0,0.0,0.0,0.0,0.0,0.0,0.0,0.0,0.0,1.0,0.0
9,9,0.0,0.0,0.0,0.0,0.0,0.0,0.0,0.0,0.0,1.0,0.0
9,9,0.0,0.0,0.0,0.0,0.0,0.0,0.0,0.0,0.0,1.0,0.0
9,9,0.0,0.0,0.0,0.0,0.0,0.0,0.0,0.0,0.0,1.0,0.0
9,9,0.0,0.0,0.0,0.0,0.0,0.0,0.0,0.0,0.0,1.0,0.0
9,9,0.0,0.0,0.0,0.0,0.0,0.0,0.0,0.0,0.0,1.0,0.0
9,9,0.0,0.0,0.0,0.0,0.0,0.0,0.0,0.0,0.0,1.0,0.0
9,9,0.0,0.0,0.0,0.0,0.0,0.0,0.0,0.0,0.0,1.0,0.0
9,9,0.0,0.0,0.0,0.0,0.0,0.0,0.0,0.0,0.0,1.0,0.0
9,9,0.0,0.0,0.0,0.0,0.0,0.0,0.0,0.0,0.0,1.0,0.0
9,9,0.0,0.0,0.0,0.0,0.0,0.0,0.0,0.0,0.0,1.0,0.0
9,9,0.0,0.0,0.0,0.0,0.0,0.0,0.0,0.0,0.0,1.0,0.0
9,9,0.0,0.0,0.0,0.0,0.0,0.0,0.0,0.0,0.0,1.0,0.0
9,9,0.0,0.0,0.0,0.0,0.0,0.0,0.0,0.0,0.0,1.0,0.0
9,9,0.0,0.0,0.0,0.0,0.0,0.0,0.0,0.0,0.0,1.0,0.0
9,9,0.0,0.0,0.0,0.0,0.0,0.0,0.0,0.0,0.0,1.0,0.0
9,9,0.0,0.0,0.0,0.0,0.0,0.0,0.0,0.0,0.0,1.0,0.0
9,9,0.0,0.0,0.0,0.0,0.0,0.0,0.0,0.0,0.0,1.0,0.0
9,9,0.0,0.0,0.0,0.0,0.0,0.0,0.0,0.0,0.0,1.0,0.0
9,9,0.0,0.0,0.0,0.0,0.0,0.0,0.0,0.0,0.0,1.0,0.0
9,9,0.0,0.0,0.0,0.0,0.0,0.0,0.0,0.0,0.0,1.0,0.0
9,9,0.0,0.0,0.0,0.0,0.0,0.0,0.0,0.0,0.0,1.0,0.0
9,9,0.0,0.0,0.0,0.0,0.0,0.0,0.0,0.0,0.0,1.0,0.0
9,9,0.0,0.0,0.0,0.0,0.0,0.0,0.0,0.0,0.0,1.0,0.0
9,9,0.0,0.0,0.0,0.0,0.0,0.0,0.0,0.0,0.0,1.0,0.0
9,9,0.0,0.0,0.0,0.0,0.0,0.0,0.0,0.0,0.0,1.0,0.0
9,9,0.0,0.0,0.0,0.0,0.0,0.0,0.0,0.0,0.0,1.0,0.0
9,9,0.0,0.0,0.0,0.0,0.0,0.0,0.0,0.0,0.0,1.0,0.0
9,9,0.0,0.0,0.0,0.0,0.0,0.0,0.0,0.0,0.0,1.0,0.0
9,9,0.0,0.0,0.0,0.0,0.0,0.0,0.0,0.0,0.0,1.0,0.0
9,9,0.0,0.0,0.0,0.0,0.0,0.0,0.0,0.0,0.0,1.0,0.0
9,9,0.0,0.0,0.0,0.0,0.0,0.0,0.0,0.0,0.0,1.0,0.0
9,9,0.0,0.0,0.0,0.0,0.0,0.0,0.0,0.0,0.0,1.0,0.0
9,9,0.0,0.0,0.0,0.0,0.0,0.0,0.0,0.0,0.0,1.0,0.0
9,9,0.0,0.0,0.0,0.0,0.0,0.0,0.0,0.0,0.0,1.0,0.0
9,9,0.0,0.0,0.0,0.0,0.0,0.0,0.0,0.0,0.0,1.0,0.0
9,9,0.0,0.0,0.0,0.0,0.0,0.0,0.0,0.0,0.0,1.0,0.0
9,9,0.0,0.0,0.0,0.0,0.0,0.0,0.0,0.0,0.0,1.0,0.0
9,9,0.0,0.0,0.0,0.0,0.0,0.0,0.0,0.0,0.0,1.0,0.0
9,9,0.0,0.0,0.0,0.0,0.0,0.0,0.0,0.0,0.0,1.0,0.0
9,9,0.0,0.0,0.0,0.0,0.0,0.0,0.0,0.0,0.0,1.0,0.0
9,9,0.0,0.0,0.0,0.0,0.0,0.0,0.0,0.0,0.0,1.0,0.0
9,9,0.0,0.0,0.0,0.0,0.0,0.0,0.0,0.0,0.0,1.0,0.0
9,9,0.0,0.0,0.0,0.0,0.0,0.0,0.0,0.0,0.0,1.0,0.0
9,9,0.0,0.0,0.0,0.0,0.0,0.0,0.0,0.0,0.0,1.0,0.0
9,9,0.0,0.0,0.0,0.0,0.0,0.0,0.0,0.0,0.0,1.0,0.0
9,9,0.0,0.0,0.0,0.0,0.0,0.0,0.0,0.0,0.0,1.0,0.0
9,9,0.0,0.0,0.0,0.0,0.0,0.0,0.0,0.0,0.0,1.0,0.0
9,9,0.0,0.0,0.0,0.0,0.0,0.0,0.0,0.0,0.0,1.0,0.0
9,9,0.0,0.0,0.0,0.0,0.0,0.0,0.0,0.0,0.0,1.0,0.0
9,9,0.0,0.0,0.0,0.0,0.0,0.0,0.0,0.0,0.0,1.0,0.0
9,9,0.0,0.0,0.0,0.0,0.0,0.0,0.0,0.0,0.0,1.0,0.0
9,9,0.0,0.0,0.0,0.0,0.0,0.0,0.0,0.0,0.0,1.0,0.0
9,9,0.0,0.0,0.0,0.0,0.0,0.0,0.0,0.0,0.0,1.0,0.0
9,9,0.0,0.0,0.0,0.0,0.0,0.0,0.0,0.0,0.0,1.0,0.0
9,9,0.0,0.0,0.0,0.0,0.0,0.0,0.0,0.0,0.0,1.0,0.0
9,9,0.0,0.0,0.0,0.0,0.0,0.0,0.0,0.0,0.0,1.0,0.0
9,9,0.0,0.0,0.0,0.0,0.0,0.0,0.0,0.0,0.0,1.0,0.0
9,9,0.0,0.0,0.0,0.0,0.0,0.0,0.0,0.0,0.0,1.0,0.0
9,9,0.0,0.0,0.0,0.0,0.0,0.0,0.0,0.0,0.0,1.0,0.0
9,9,0.0,0.0,0.0,0.0,0.0,0.0,0.0,0.0,0.0,1.0,0.0
9,9,0.0,0.0,0.0,0.0,0.0,0.0,0.0,0.0,0.0,1.0,0.0
9,9,0.0,0.0,0.0,0.0,0.0,0.0,0.0,0.0,0.0,1.0,0.0
9,9,0.0,0.0,0.0,0.0,0.0,0.0,0.0,0.0,0.0,1.0,0.0
9,9,0.0,0.0,0.0,0.0,0.0,0.0,0.0,0.0,0.0,1.0,0.0
9,9,0.0,0.0,0.0,0.0,0.0,0.0,0.0,0.0,0.0,1.0,0.0
9,9,0.0,0.0,0.0,0.0,0.0,0.0,0.0,0.0,0.0,1.0,0.0
9,9,0.0,0.0,0.0,0.0,0.0,0.0,0.0,0.0,0.0,1.0,0.0
9,9,0.0,0.0,0.0,0.0,0.0,0.0,0.0,0.0,0.0,1.0,0.0
9,9,0.0,0.0,0.0,0.0,0.0,0.0,0.0,0.0,0.0,1.0,0.0
9,9,0.0,0.0,0.0,0.0,0.0,0.0,0.0,0.0,0.0,1.0,0.0
9,9,0.0,0.0,0.0,0.0,0.0,0.0,0.0,0.0,0.0,1.0,0.0
9,9,0.0,0.0,0.0,0.0,0.0,0.0,0.0,0.0,0.0,1.0,0.0
9,9,0.0,0.0,0.0,0.0,0.0,0.0,0.0,0.0,0.0,1.0,0.0
9,9,0.0,0.0,0.0,0.0,0.0,0.0,0.0,0.0,0.0,1.0,0.0
9,9,0.0,0.0,0.0,0.0,0.0,0.0,0.0,0.0,0.0,1.0,0.0
9,9,0.0,0.0,0.0,0.0,0.0,0.0,0.0,0.0,0.0,1.0,0.0
9,9,0.0,0.0,0.0,0.0,0.0,0.0,0.0,0.0,0.0,1.0,0.0
9,9,0.0,0.0,0.0,0.0,0.0,0.0,0.0,0.0,0.0,1.0,0.0
9,9,0.0,0.0,0.0,0.0,0.0,0.0,0.0,0.0,0.0,1.0,0.0
9,9,0.0,0.0,0.0,0.0,0.0,0.0,0.0,0.0,0.0,1.0,0.0
9,9,0.0,0.0,0.0,0.0,0.0,0.0,0.0,0.0,0.0,1.0,0.0
9,9,0.0,0.0,0.0,0.0,0.0,0.0,0.0,0.0,0.0,1.0,0.0
9,9,0.0,0.0,0.0,0.0,0.0,0.0,0.0,0.0,0.0,1.0,0.0
9,9,0.0,0.0,0.0,0.0,0.0,0.0,0.0,0.0,0.0,1.0,0.0
9,9,0.0,0.0,0.0,0.0,0.0,0.0,0.0,0.0,0.0,1.0,0.0
9,9,0.0,0.0,0.0,0.0,0.0,0.0,0.0,0.0,0.0,1.0,0.0
9,9,0.0,0.0,0.0,0.0,0.0,0.0,0.0,0.0,0.0,1.0,0.0
9,9,0.0,0.0,0.0,0.0,0.0,0.0,0.0,0.0,0.0,1.0,0.0
9,9,0.0,0.0,0.0,0.0,0.0,0.0,0.0,0.0,0.0,1.0,0.0
9,9,0.0,0.0,0.0,0.0,0.0,0.0,0.0,0.0,0.0,1.0,0.0
9,9,0.0,0.0,0.0,0.0,0.0,0.0,0.0,0.0,0.0,1.0,0.0
9,9,0.0,0.0,0.0,0.0,0.0,0.0,0.0,0.0,0.0,1.0,0.0
9,9,0.0,0.0,0.0,0.0,0.0,0.0,0.0,0.0,0.0,1.0,0.0
9,9,0.0,0.0,0.0,0.0,0.0,0.0,0.0,0.0,0.0,1.0,0.0
9,9,0.0,0.0,0.0,0.0,0.0,0.0,0.0,0.0,0.0,1.0,0.0
9,9,0.0,0.0,0.0,0.0,0.0,0.0,0.0,0.0,0.0,1.0,0.0
9,9,0.0,0.0,0.0,0.0,0.0,0.0,0.0,0.0,0.0,1.0,0.0
9,9,0.0,0.0,0.0,0.0,0.0,0.0,0.0,0.0,0.0,1.0,0.0
9,9,0.0,0.0,0.0,0.0,0.0,0.0,0.0,0.0,0.0,1.0,0.0
9,9,0.0,0.0,0.0,0.0,0.0,0.0,0.0,0.0,0.0,1.0,0.0
9,9,0.0,0.0,0.0,0.0,0.0,0.0,0.0,0.0,0.0,1.0,0.0
9,9,0.0,0.0,0.0,0.0,0.0,0.0,0.0,0.0,0.0,1.0,0.0
9,9,0.0,0.0,0.0,0.0,0.0,0.0,0.0,0.0,0.0,1.0,0.0
9,9,0.0,0.0,0.0,0.0,0.0,0.0,0.0,0.0,0.0,1.0,0.0
9,9,0.0,0.0,0.0,0.0,0.0,0.0,0.0,0.0,0.0,1.0,0.0
9,9,0.0,0.0,0.0,0.0,0.0,0.0,0.0,0.0,0.0,1.0,0.0
9,9,0.0,0.0,0.0,0.0,0.0,0.0,0.0,0.0,0.0,1.0,0.0
9,9,0.0,0.0,0.0,0.0,0.0,0.0,0.0,0.0,0.0,1.0,0.0
9,9,0.0,0.0,0.0,0.0,0.0,0.0,0.0,0.0,0.0,1.0,0.0
9,9,0.0,0.0,0.0,0.0,0.0,0.0,0.0,0.0,0.0,1.0,0.0
9,9,0.0,0.0,0.0,0.0,0.0,0.0,0.0,0.0,0.0,1.0,0.0
9,9,0.0,0.0,0.0,0.0,0.0,0.0,0.0,0.0,0.0,1.0,0.0
9,9,0.0,0.0,0.0,0.0,0.0,0.0,0.0,0.0,0.0,1.0,0.0
9,9,0.0,0.0,0.0,0.0,0.0,0.0,0.0,0.0,0.0,1.0,0.0
9,9,0.0,0.0,0.0,0.0,0.0,0.0,0.0,0.0,0.0,1.0,0.0
9,9,0.0,0.0,0.0,0.0,0.0,0.0,0.0,0.0,0.0,1.0,0.0
9,9,0.0,0.0,0.0,0.0,0.0,0.0,0.0,0.0,0.0,1.0,0.0
9,9,0.0,0.0,0.0,0.0,0.0,0.0,0.0,0.0,0.0,1.0,0.0
9,9,0.0,0.0,0.0,0.0,0.0,0.0,0.0,0.0,0.0,1.0,0.0
9,9,0.0,0.0,0.0,0.0,0.0,0.0,0.0,0.0,0.0,1.0,0.0
9,9,0.0,0.0,0.0,0.0,0.0,0.0,0.0,0.0,0.0,1.0,0.0
9,9,0.0,0.0,0.0,0.0,0.0,0.0,0.0,0.0,0.0,1.0,0.0
9,9,0.0,0.0,0.0,0.0,0.0,0.0,0.0,0.0,0.0,1.0,0.0
9,9,0.0,0.0,0.0,0.0,0.0,0.0,0.0,0.0,0.0,1.0,0.0
9,9,0.0,0.0,0.0,0.0,0.0,0.0,0.0,0.0,0.0,1.0,0.0
9,9,0.0,0.0,0.0,0.0,0.0,0.0,0.0,0.0,0.0,1.0,0.0
9,9,0.0,0.0,0.0,0.0,0.0,0.0,0.0,0.0,0.0,1.0,0.0
9,9,0.0,0.0,0.0,0.0,0.0,0.0,0.0,0.0,0.0,1.0,0.0
9,9,0.0,0.0,0.0,0.0,0.0,0.0,0.0,0.0,0.0,1.0,0.0
9,9,0.0,0.0,0.0,0.0,0.0,0.0,0.0,0.0,0.0,1.0,0.0
9,9,0.0,0.0,0.0,0.0,0.0,0.0,0.0,0.0,0.0,1.0,0.0
9,9,0.0,0.0,0.0,0.0,0.0,0.0,0.0,0.0,0.0,1.0,0.0
9,9,0.0,0.0,0.0,0.0,0.0,0.0,0.0,0.0,0.0,1.0,0.0
9,9,0.0,0.0,0.0,0.0,0.0,0.0,0.0,0.0,0.0,1.0,0.0
9,9,0.0,0.0,0.0,0.0,0.0,0.0,0.0,0.0,0.0,1.0,0.0
9,9,0.0,0.0,0.0,0.0,0.0,0.0,0.0,0.0,0.0,1.0,0.0
9,9,0.0,0.0,0.0,0.0,0.0,0.0,0.0,0.0,0.0,1.0,0.0
9,9,0.0,0.0,0.0,0.0,0.0,0.0,0.0,0.0,0.0,1.0,0.0
9,9,0.0,0.0,0.0,0.0,0.0,0.0,0.0,0.0,0.0,1.0,0.0
9,9,0.0,0.0,0.0,0.0,0.0,0.0,0.0,0.0,0.0,1.0,0.0
9,9,0.0,0.0,0.0,0.0,0.0,0.0,0.0,0.0,0.0,1.0,0.0
9,9,0.0,0.0,0.0,0.0,0.0,0.0,0.0,0.0,0.0,1.0,0.0
9,9,0.0,0.0,0.0,0.0,0.0,0.0,0.0,0.0,0.0,1.0,0.0
9,9,0.0,0.0,0.0,0.0,0.0,0.0,0.0,0.0,0.0,1.0,0.0
9,9,0.0,0.0,0.0,0.0,0.0,0.0,0.0,0.0,0.0,1.0,0.0
9,9,0.0,0.0,0.0,0.0,0.0,0.0,0.0,0.0,0.0,1.0,0.0
9,9,0.0,0.0,0.0,0.0,0.0,0.0,0.0,0.0,0.0,1.0,0.0
9,9,0.0,0.0,0.0,0.0,0.0,0.0,0.0,0.0,0.0,1.0,0.0
9,9,0.0,0.0,0.0,0.0,0.0,0.0,0.0,0.0,0.0,1.0,0.0
9,9,0.0,0.0,0.0,0.0,0.0,0.0,0.0,0.0,0.0,1.0,0.0
9,9,0.0,0.0,0.0,0.0,0.0,0.0,0.0,0.0,0.0,1.0,0.0
9,9,0.0,0.0,0.0,0.0,0.0,0.0,0.0,0.0,0.0,1.0,0.0
9,9,0.0,0.0,0.0,0.0,0.0,0.0,0.0,0.0,0.0,1.0,0.0
9,9,0.0,0.0,0.0,0.0,0.0,0.0,0.0,0.0,0.0,1.0,0.0
9,9,0.0,0.0,0.0,0.0,0.0,0.0,0.0,0.0,0.0,1.0,0.0
9,9,0.0,0.0,0.0,0.0,0.0,0.0,0.0,0.0,0.0,1.0,0.0
9,9,0.0,0.0,0.0,0.0,0.0,0.0,0.0,0.0,0.0,1.0,0.0
9,9,0.0,0.0,0.0,0.0,0.0,0.0,0.0,0.0,0.0,1.0,0.0
9,9,0.0,0.0,0.0,0.0,0.0,0.0,0.0,0.0,0.0,1.0,0.0
9,9,0.0,0.0,0.0,0.0,0.0,0.0,0.0,0.0,0.0,1.0,0.0
9,9,0.0,0.0,0.0,0.0,0.0,0.0,0.0,0.0,0.0,1.0,0.0
9,9,0.0,0.0,0.0,0.0,0.0,0.0,0.0,0.0,0.0,1.0,0.0
9,9,0.0,0.0,0.0,0.0,0.0,0.0,0.0,0.0,0.0,1.0,0.0
9,9,0.0,0.0,0.0,0.0,0.0,0.0,0.0,0.0,0.0,1.0,0.0
9,9,0.0,0.0,0.0,0.0,0.0,0.0,0.0,0.0,0.0,1.0,0.0
9,9,0.0,0.0,0.0,0.0,0.0,0.0,0.0,0.0,0.0,1.0,0.0
9,9,0.0,0.0,0.0,0.0,0.0,0.0,0.0,0.0,0.0,1.0,0.0
9,9,0.0,0.0,0.0,0.0,0.0,0.0,0.0,0.0,0.0,1.0,0.0
9,9,0.0,0.0,0.0,0.0,0.0,0.0,0.0,0.0,0.0,1.0,0.0
9,9,0.0,0.0,0.0,0.0,0.0,0.0,0.0,0.0,0.0,1.0,0.0
9,9,0.0,0.0,0.0,0.0,0.0,0.0,0.0,0.0,0.0,1.0,0.0
9,9,0.0,0.0,0.0,0.0,0.0,0.0,0.0,0.0,0.0,1.0,0.0
9,9,0.0,0.0,0.0,0.0,0.0,0.0,0.0,0.0,0.0,1.0,0.0
9,9,0.0,0.0,0.0,0.0,0.0,0.0,0.0,0.0,0.0,1.0,0.0
9,9,0.0,0.0,0.0,0.0,0.0,0.0,0.0,0.0,0.0,1.0,0.0
9,9,0.0,0.0,0.0,0.0,0.0,0.0,0.0,0.0,0.0,1.0,0.0
9,9,0.0,0.0,0.0,0.0,0.0,0.0,0.0,0.0,0.0,1.0,0.0
9,9,0.0,0.0,0.0,0.0,0.0,0.0,0.0,0.0,0.0,1.0,0.0
9,9,0.0,0.0,0.0,0.0,0.0,0.0,0.0,0.0,0.0,1.0,0.0
9,9,0.0,0.0,0.0,0.0,0.0,0.0,0.0,0.0,0.0,1.0,0.0
9,9,0.0,0.0,0.0,0.0,0.0,0.0,0.0,0.0,0.0,1.0,0.0
9,9,0.0,0.0,0.0,0.0,0.0,0.0,0.0,0.0,0.0,1.0,0.0
9,9,0.0,0.0,0.0,0.0,0.0,0.0,0.0,0.0,0.0,1.0,0.0
9,9,0.0,0.0,0.0,0.0,0.0,0.0,0.0,0.0,0.0,1.0,0.0
9,9,0.0,0.0,0.0,0.0,0.0,0.0,0.0,0.0,0.0,1.0,0.0
9,9,0.0,0.0,0.0,0.0,0.0,0.0,0.0,0.0,0.0,1.0,0.0
9,9,0.0,0.0,0.0,0.0,0.0,0.0,0.0,0.0,0.0,1.0,0.0
9,9,0.0,0.0,0.0,0.0,0.0,0.0,0.0,0.0,0.0,1.0,0.0
9,9,0.0,0.0,0.0,0.0,0.0,0.0,0.0,0.0,0.0,1.0,0.0
9,9,0.0,0.0,0.0,0.0,0.0,0.0,0.0,0.0,0.0,1.0,0.0
9,9,0.0,0.0,0.0,0.0,0.0,0.0,0.0,0.0,0.0,1.0,0.0
9,9,0.0,0.0,0.0,0.0,0.0,0.0,0.0,0.0,0.0,1.0,0.0
9,9,0.0,0.0,0.0,0.0,0.0,0.0,0.0,0.0,0.0,1.0,0.0
9,9,0.0,0.0,0.0,0.0,0.0,0.0,0.0,0.0,0.0,1.0,0.0
9,9,0.0,0.0,0.0,0.0,0.0,0.0,0.0,0.0,0.0,1.0,0.0
9,9,0.0,0.0,0.0,0.0,0.0,0.0,0.0,0.0,0.0,1.0,0.0
9,9,0.0,0.0,0.0,0.0,0.0,0.0,0.0,0.0,0.0,1.0,0.0
9,9,0.0,0.0,0.0,0.0,0.0,0.0,0.0,0.0,0.0,1.0,0.0
9,9,0.0,0.0,0.0,0.0,0.0,0.0,0.0,0.0,0.0,1.0,0.0
9,9,0.0,0.0,0.0,0.0,0.0,0.0,0.0,0.0,0.0,1.0,0.0
9,9,0.0,0.0,0.0,0.0,0.0,0.0,0.0,0.0,0.0,1.0,0.0
9,9,0.0,0.0,0.0,0.0,0.0,0.0,0.0,0.0,0.0,1.0,0.0
9,9,0.0,0.0,0.0,0.0,0.0,0.0,0.0,0.0,0.0,1.0,0.0
9,9,0.0,0.0,0.0,0.0,0.0,0.0,0.0,0.0,0.0,1.0,0.0
9,9,0.0,0.0,0.0,0.0,0.0,0.0,0.0,0.0,0.0,1.0,0.0
9,9,0.0,0.0,0.0,0.0,0.0,0.0,0.0,0.0,0.0,1.0,0.0
9,9,0.0,0.0,0.0,0.0,0.0,0.0,0.0,0.0,0.0,1.0,0.0
9,9,0.0,0.0,0.0,0.0,0.0,0.0,0.0,0.0,0.0,1.0,0.0
9,9,0.0,0.0,0.0,0.0,0.0,0.0,0.0,0.0,0.0,1.0,0.0
9,9,0.0,0.0,0.0,0.0,0.0,0.0,0.0,0.0,0.0,1.0,0.0
9,9,0.0,0.0,0.0,0.0,0.0,0.0,0.0,0.0,0.0,1.0,0.0
9,9,0.0,0.0,0.0,0.0,0.0,0.0,0.0,0.0,0.0,1.0,0.0
9,9,0.0,0.0,0.0,0.0,0.0,0.0,0.0,0.0,0.0,1.0,0.0
9,9,0.0,0.0,0.0,0.0,0.0,0.0,0.0,0.0,0.0,1.0,0.0
9,9,0.0,0.0,0.0,0.0,0.0,0.0,0.0,0.0,0.0,1.0,0.0
9,9,0.0,0.0,0.0,0.0,0.0,0.0,0.0,0.0,0.0,1.0,0.0
9,9,0.0,0.0,0.0,0.0,0.0,0.0,0.0,0.0,0.0,1.0,0.0
9,9,0.0,0.0,0.0,0.0,0.0,0.0,0.0,0.0,0.0,1.0,0.0
9,9,0.0,0.0,0.0,0.0,0.0,0.0,0.0,0.0,0.0,1.0,0.0
9,9,0.0,0.0,0.0,0.0,0.0,0.0,0.0,0.0,0.0,1.0,0.0
9,9,0.0,0.0,0.0,0.0,0.0,0.0,0.0,0.0,0.0,1.0,0.0
9,9,0.0,0.0,0.0,0.0,0.0,0.0,0.0,0.0,0.0,1.0,0.0
9,9,0.0,0.0,0.0,0.0,0.0,0.0,0.0,0.0,0.0,1.0,0.0
9,9,0.0,0.0,0.0,0.0,0.0,0.0,0.0,0.0,0.0,1.0,0.0
9,9,0.0,0.0,0.0,0.0,0.0,0.0,0.0,0.0,0.0,1.0,0.0
9,9,0.0,0.0,0.0,0.0,0.0,0.0,0.0,0.0,0.0,1.0,0.0
9,9,0.0,0.0,0.0,0.0,0.0,0.0,0.0,0.0,0.0,1.0,0.0
9,9,0.0,0.0,0.0,0.0,0.0,0.0,0.0,0.0,0.0,1.0,0.0
9,9,0.0,0.0,0.0,0.0,0.0,0.0,0.0,0.0,0.0,1.0,0.0
9,9,0.0,0.0,0.0,0.0,0.0,0.0,0.0,0.0,0.0,1.0,0.0
9,9,0.0,0.0,0.0,0.0,0.0,0.0,0.0,0.0,0.0,1.0,0.0
9,9,0.0,0.0,0.0,0.0,0.0,0.0,0.0,0.0,0.0,1.0,0.0
9,9,0.0,0.0,0.0,0.0,0.0,0.0,0.0,0.0,0.0,1.0,0.0
9,9,0.0,0.0,0.0,0.0,0.0,0.0,0.0,0.0,0.0,1.0,0.0
9,9,0.0,0.0,0.0,0.0,0.0,0.0,0.0,0.0,0.0,1.0,0.0
9,9,0.0,0.0,0.0,0.0,0.0,0.0,0.0,0.0,0.0,1.0,0.0
9,9,0.0,0.0,0.0,0.0,0.0,0.0,0.0,0.0,0.0,1.0,0.0
9,9,0.0,0.0,0.0,0.0,0.0,0.0,0.0,0.0,0.0,1.0,0.0
9,9,0.0,0.0,0.0,0.0,0.0,0.0,0.0,0.0,0.0,1.0,0.0
9,9,0.0,0.0,0.0,0.0,0.0,0.0,0.0,0.0,0.0,1.0,0.0
9,9,0.0,0.0,0.0,0.0,0.0,0.0,0.0,0.0,0.0,1.0,0.0
9,9,0.0,0.0,0.0,0.0,0.0,0.0,0.0,0.0,0.0,1.0,0.0
9,9,0.0,0.0,0.0,0.0,0.0,0.0,0.0,0.0,0.0,1.0,0.0
9,9,0.0,0.0,0.0,0.0,0.0,0.0,0.0,0.0,0.0,1.0,0.0
9,9,0.0,0.0,0.0,0.0,0.0,0.0,0.0,0.0,0.0,1.0,0.0
9,9,0.0,0.0,0.0,0.0,0.0,0.0,0.0,0.0,0.0,1.0,0.0
9,9,0.0,0.0,0.0,0.0,0.0,0.0,0.0,0.0,0.0,1.0,0.0
9,9,0.0,0.0,0.0,0.0,0.0,0.0,0.0,0.0,0.0,1.0,0.0
9,9,0.0,0.0,0.0,0.0,0.0,0.0,0.0,0.0,0.0,1.0,0.0
9,9,0.0,0.0,0.0,0.0,0.0,0.0,0.0,0.0,0.0,1.0,0.0
9,9,0.0,0.0,0.0,0.0,0.0,0.0,0.0,0.0,0.0,1.0,0.0
9,9,0.0,0.0,0.0,0.0,0.0,0.0,0.0,0.0,0.0,1.0,0.0
9,9,0.0,0.0,0.0,0.0,0.0,0.0,0.0,0.0,0.0,1.0,0.0
9,9,0.0,0.0,0.0,0.0,0.0,0.0,0.0,0.0,0.0,1.0,0.0
9,9,0.0,0.0,0.0,0.0,0.0,0.0,0.0,0.0,0.0,1.0,0.0
9,9,0.0,0.0,0.0,0.0,0.0,0.0,0.0,0.0,0.0,1.0,0.0
9,9,0.0,0.0,0.0,0.0,0.0,0.0,0.0,0.0,0.0,1.0,0.0
9,9,0.0,0.0,0.0,0.0,0.0,0.0,0.0,0.0,0.0,1.0,0.0
9,9,0.0,0.0,0.0,0.0,0.0,0.0,0.0,0.0,0.0,1.0,0.0
9,9,0.0,0.0,0.0,0.0,0.0,0.0,0.0,0.0,0.0,1.0,0.0
9,9,0.0,0.0,0.0,0.0,0.0,0.0,0.0,0.0,0.0,1.0,0.0
9,9,0.0,0.0,0.0,0.0,0.0,0.0,0.0,0.0,0.0,1.0,0.0
9,9,0.0,0.0,0.0,0.0,0.0,0.0,0.0,0.0,0.0,1.0,0.0
9,9,0.0,0.0,0.0,0.0,0.0,0.0,0.0,0.0,0.0,1.0,0.0
9,9,0.0,0.0,0.0,0.0,0.0,0.0,0.0,0.0,0.0,1.0,0.0
9,9,0.0,0.0,0.0,0.0,0.0,0.0,0.0,0.0,0.0,1.0,0.0
9,9,0.0,0.0,0.0,0.0,0.0,0.0,0.0,0.0,0.0,1.0,0.0
9,9,0.0,0.0,0.0,0.0,0.0,0.0,0.0,0.0,0.0,1.0,0.0
9,9,0.0,0.0,0.0,0.0,0.0,0.0,0.0,0.0,0.0,1.0,0.0
9,9,0.0,0.0,0.0,0.0,0.0,0.0,0.0,0.0,0.0,1.0,0.0
9,9,0.0,0.0,0.0,0.0,0.0,0.0,0.0,0.0,0.0,1.0,0.0
9,9,0.0,0.0,0.0,0.0,0.0,0.0,0.0,0.0,0.0,1.0,0.0
9,9,0.0,0.0,0.0,0.0,0.0,0.0,0.0,0.0,0.0,1.0,0.0
9,9,0.0,0.0,0.0,0.0,0.0,0.0,0.0,0.0,0.0,1.0,0.0
9,9,0.0,0.0,0.0,0.0,0.0,0.0,0.0,0.0,0.0,1.0,0.0
9,9,0.0,0.0,0.0,0.0,0.0,0.0,0.0,0.0,0.0,1.0,0.0
9,9,0.0,0.0,0.0,0.0,0.0,0.0,0.0,0.0,0.0,1.0,0.0
9,9,0.0,0.0,0.0,0.0,0.0,0.0,0.0,0.0,0.0,1.0,0.0
9,9,0.0,0.0,0.0,0.0,0.0,0.0,0.0,0.0,0.0,1.0,0.0
9,9,0.0,0.0,0.0,0.0,0.0,0.0,0.0,0.0,0.0,1.0,0.0
9,9,0.0,0.0,0.0,0.0,0.0,0.0,0.0,0.0,0.0,1.0,0.0
9,9,0.0,0.0,0.0,0.0,0.0,0.0,0.0,0.0,0.0,1.0,0.0
9,9,0.0,0.0,0.0,0.0,0.0,0.0,0.0,0.0,0.0,1.0,0.0
9,9,0.0,0.0,0.0,0.0,0.0,0.0,0.0,0.0,0.0,1.0,0.0
9,9,0.0,0.0,0.0,0.0,0.0,0.0,0.0,0.0,0.0,1.0,0.0
9,9,0.0,0.0,0.0,0.0,0.0,0.0,0.0,0.0,0.0,1.0,0.0
9,9,0.0,0.0,0.0,0.0,0.0,0.0,0.0,0.0,0.0,1.0,0.0
9,9,0.0,0.0,0.0,0.0,0.0,0.0,0.0,0.0,0.0,1.0,0.0
9,9,0.0,0.0,0.0,0.0,0.0,0.0,0.0,0.0,0.0,1.0,0.0
9,9,0.0,0.0,0.0,0.0,0.0,0.0,0.0,0.0,0.0,1.0,0.0
9,9,0.0,0.0,0.0,0.0,0.0,0.0,0.0,0.0,0.0,1.0,0.0
9,9,0.0,0.0,0.0,0.0,0.0,0.0,0.0,0.0,0.0,1.0,0.0
9,9,0.0,0.0,0.0,0.0,0.0,0.0,0.0,0.0,0.0,1.0,0.0
9,9,0.0,0.0,0.0,0.0,0.0,0.0,0.0,0.0,0.0,1.0,0.0
9,9,0.0,0.0,0.0,0.0,0.0,0.0,0.0,0.0,0.0,1.0,0.0
9,9,0.0,0.0,0.0,0.0,0.0,0.0,0.0,0.0,0.0,1.0,0.0
9,9,0.0,0.0,0.0,0.0,0.0,0.0,0.0,0.0,0.0,1.0,0.0
9,9,0.0,0.0,0.0,0.0,0.0,0.0,0.0,0.0,0.0,1.0,0.0
9,9,0.0,0.0,0.0,0.0,0.0,0.0,0.0,0.0,0.0,1.0,0.0
9,9,0.0,0.0,0.0,0.0,0.0,0.0,0.0,0.0,0.0,1.0,0.0
9,9,0.0,0.0,0.0,0.0,0.0,0.0,0.0,0.0,0.0,1.0,0.0
9,9,0.0,0.0,0.0,0.0,0.0,0.0,0.0,0.0,0.0,1.0,0.0
9,9,0.0,0.0,0.0,0.0,0.0,0.0,0.0,0.0,0.0,1.0,0.0
9,9,0.0,0.0,0.0,0.0,0.0,0.0,0.0,0.0,0.0,1.0,0.0
9,9,0.0,0.0,0.0,0.0,0.0,0.0,0.0,0.0,0.0,1.0,0.0
9,9,0.0,0.0,0.0,0.0,0.0,0.0,0.0,0.0,0.0,1.0,0.0
9,9,0.0,0.0,0.0,0.0,0.0,0.0,0.0,0.0,0.0,1.0,0.0
9,9,0.0,0.0,0.0,0.0,0.0,0.0,0.0,0.0,0.0,1.0,0.0
9,9,0.0,0.0,0.0,0.0,0.0,0.0,0.0,0.0,0.0,1.0,0.0
9,9,0.0,0.0,0.0,0.0,0.0,0.0,0.0,0.0,0.0,1.0,0.0
9,9,0.0,0.0,0.0,0.0,0.0,0.0,0.0,0.0,0.0,1.0,0.0
9,9,0.0,0.0,0.0,0.0,0.0,0.0,0.0,0.0,0.0,1.0,0.0
9,9,0.0,0.0,0.0,0.0,0.0,0.0,0.0,0.0,0.0,1.0,0.0
9,9,0.0,0.0,0.0,0.0,0.0,0.0,0.0,0.0,0.0,1.0,0.0
9,9,0.0,0.0,0.0,0.0,0.0,0.0,0.0,0.0,0.0,1.0,0.0
9,9,0.0,0.0,0.0,0.0,0.0,0.0,0.0,0.0,0.0,1.0,0.0
9,9,0.0,0.0,0.0,0.0,0.0,0.0,0.0,0.0,0.0,1.0,0.0
9,9,0.0,0.0,0.0,0.0,0.0,0.0,0.0,0.0,0.0,1.0,0.0
9,9,0.0,0.0,0.0,0.0,0.0,0.0,0.0,0.0,0.0,1.0,0.0
9,9,0.0,0.0,0.0,0.0,0.0,0.0,0.0,0.0,0.0,1.0,0.0
9,9,0.0,0.0,0.0,0.0,0.0,0.0,0.0,0.0,0.0,1.0,0.0
9,9,0.0,0.0,0.0,0.0,0.0,0.0,0.0,0.0,0.0,1.0,0.0
9,9,0.0,0.0,0.0,0.0,0.0,0.0,0.0,0.0,0.0,1.0,0.0
9,9,0.0,0.0,0.0,0.0,0.0,0.0,0.0,0.0,0.0,1.0,0.0
9,9,0.0,0.0,0.0,0.0,0.0,0.0,0.0,0.0,0.0,1.0,0.0
9,9,0.0,0.0,0.0,0.0,0.0,0.0,0.0,0.0,0.0,1.0,0.0
9,9,0.0,0.0,0.0,0.0,0.0,0.0,0.0,0.0,0.0,1.0,0.0
9,9,0.0,0.0,0.0,0.0,0.0,0.0,0.0,0.0,0.0,1.0,0.0
9,9,0.0,0.0,0.0,0.0,0.0,0.0,0.0,0.0,0.0,1.0,0.0
9,9,0.0,0.0,0.0,0.0,0.0,0.0,0.0,0.0,0.0,1.0,0.0
9,9,0.0,0.0,0.0,0.0,0.0,0.0,0.0,0.0,0.0,1.0,0.0
9,9,0.0,0.0,0.0,0.0,0.0,0.0,0.0,0.0,0.0,1.0,0.0
9,9,0.0,0.0,0.0,0.0,0.0,0.0,0.0,0.0,0.0,1.0,0.0
9,9,0.0,0.0,0.0,0.0,0.0,0.0,0.0,0.0,0.0,1.0,0.0
9,9,0.0,0.0,0.0,0.0,0.0,0.0,0.0,0.0,0.0,1.0,0.0
9,9,0.0,0.0,0.0,0.0,0.0,0.0,0.0,0.0,0.0,1.0,0.0
9,9,0.0,0.0,0.0,0.0,0.0,0.0,0.0,0.0,0.0,1.0,0.0
9,9,0.0,0.0,0.0,0.0,0.0,0.0,0.0,0.0,0.0,1.0,0.0
9,9,0.0,0.0,0.0,0.0,0.0,0.0,0.0,0.0,0.0,1.0,0.0
9,9,0.0,0.0,0.0,0.0,0.0,0.0,0.0,0.0,0.0,1.0,0.0
9,9,0.0,0.0,0.0,0.0,0.0,0.0,0.0,0.0,0.0,1.0,0.0
9,9,0.0,0.0,0.0,0.0,0.0,0.0,0.0,0.0,0.0,1.0,0.0
9,9,0.0,0.0,0.0,0.0,0.0,0.0,0.0,0.0,0.0,1.0,0.0
9,9,0.0,0.0,0.0,0.0,0.0,0.0,0.0,0.0,0.0,1.0,0.0
9,9,0.0,0.0,0.0,0.0,0.0,0.0,0.0,0.0,0.0,1.0,0.0
9,9,0.0,0.0,0.0,0.0,0.0,0.0,0.0,0.0,0.0,1.0,0.0
9,9,0.0,0.0,0.0,0.0,0.0,0.0,0.0,0.0,0.0,1.0,0.0
9,9,0.0,0.0,0.0,0.0,0.0,0.0,0.0,0.0,0.0,1.0,0.0
9,9,0.0,0.0,0.0,0.0,0.0,0.0,0.0,0.0,0.0,1.0,0.0
9,9,0.0,0.0,0.0,0.0,0.0,0.0,0.0,0.0,0.0,1.0,0.0
9,9,0.0,0.0,0.0,0.0,0.0,0.0,0.0,0.0,0.0,1.0,0.0
9,9,0.0,0.0,0.0,0.0,0.0,0.0,0.0,0.0,0.0,1.0,0.0
9,9,0.0,0.0,0.0,0.0,0.0,0.0,0.0,0.0,0.0,1.0,0.0
9,9,0.0,0.0,0.0,0.0,0.0,0.0,0.0,0.0,0.0,1.0,0.0
9,9,0.0,0.0,0.0,0.0,0.0,0.0,0.0,0.0,0.0,1.0,0.0
9,9,0.0,0.0,0.0,0.0,0.0,0.0,0.0,0.0,0.0,1.0,0.0
9,9,0.0,0.0,0.0,0.0,0.0,0.0,0.0,0.0,0.0,1.0,0.0
9,9,0.0,0.0,0.0,0.0,0.0,0.0,0.0,0.0,0.0,1.0,0.0
9,9,0.0,0.0,0.0,0.0,0.0,0.0,0.0,0.0,0.0,1.0,0.0
9,9,0.0,0.0,0.0,0.0,0.0,0.0,0.0,0.0,0.0,1.0,0.0
9,9,0.0,0.0,0.0,0.0,0.0,0.0,0.0,0.0,0.0,1.0,0.0
9,9,0.0,0.0,0.0,0.0,0.0,0.0,0.0,0.0,0.0,1.0,0.0
9,9,0.0,0.0,0.0,0.0,0.0,0.0,0.0,0.0,0.0,1.0,0.0
9,9,0.0,0.0,0.0,0.0,0.0,0.0,0.0,0.0,0.0,1.0,0.0
9,9,0.0,0.0,0.0,0.0,0.0,0.0,0.0,0.0,0.0,1.0,0.0
9,9,0.0,0.0,0.0,0.0,0.0,0.0,0.0,0.0,0.0,1.0,0.0
9,9,0.0,0.0,0.0,0.0,0.0,0.0,0.0,0.0,0.0,1.0,0.0
9,9,0.0,0.0,0.0,0.0,0.0,0.0,0.0,0.0,0.0,1.0,0.0
9,9,0.0,0.0,0.0,0.0,0.0,0.0,0.0,0.0,0.0,1.0,0.0
9,9,0.0,0.0,0.0,0.0,0.0,0.0,0.0,0.0,0.0,1.0,0.0
9,9,0.0,0.0,0.0,0.0,0.0,0.0,0.0,0.0,0.0,1.0,0.0
9,9,0.0,0.0,0.0,0.0,0.0,0.0,0.0,0.0,0.0,1.0,0.0
9,9,0.0,0.0,0.0,0.0,0.0,0.0,0.0,0.0,0.0,1.0,0.0
9,9,0.0,0.0,0.0,0.0,0.0,0.0,0.0,0.0,0.0,1.0,0.0
9,9,0.0,0.0,0.0,0.0,0.0,0.0,0.0,0.0,0.0,1.0,0.0
9,9,0.0,0.0,0.0,0.0,0.0,0.0,0.0,0.0,0.0,1.0,0.0
9,9,0.0,0.0,0.0,0.0,0.0,0.0,0.0,0.0,0.0,1.0,0.0
9,9,0.0,0.0,0.0,0.0,0.0,0.0,0.0,0.0,0.0,1.0,0.0
9,9,0.0,0.0,0.0,0.0,0.0,0.0,0.0,0.0,0.0,1.0,0.0
9,9,0.0,0.0,0.0,0.0,0.0,0.0,0.0,0.0,0.0,1.0,0.0
9,9,0.0,0.0,0.0,0.0,0.0,0.0,0.0,0.0,0.0,1.0,0.0
9,9,0.0,0.0,0.0,0.0,0.0,0.0,0.0,0.0,0.0,1.0,0.0
9,9,0.0,0.0,0.0,0.0,0.0,0.0,0.0,0.0,0.0,1.0,0.0
9,9,0.0,0.0,0.0,0.0,0.0,0.0,0.0,0.0,0.0,1.0,0.0
9,9,0.0,0.0,0.0,0.0,0.0,0.0,0.0,0.0,0.0,1.0,0.0
9,9,0.0,0.0,0.0,0.0,0.0,0.0,0.0,0.0,0.0,1.0,0.0
9,9,0.0,0.0,0.0,0.0,0.0,0.0,0.0,0.0,0.0,1.0,0.0
9,9,0.0,0.0,0.0,0.0,0.0,0.0,0.0,0.0,0.0,1.0,0.0
9,9,0.0,0.0,0.0,0.0,0.0,0.0,0.0,0.0,0.0,1.0,0.0
9,9,0.0,0.0,0.0,0.0,0.0,0.0,0.0,0.0,0.0,1.0,0.0
9,9,0.0,0.0,0.0,0.0,0.0,0.0,0.0,0.0,0.0,1.0,0.0
9,9,0.0,0.0,0.0,0.0,0.0,0.0,0.0,0.0,0.0,1.0,0.0
9,9,0.0,0.0,0.0,0.0,0.0,0.0,0.0,0.0,0.0,1.0,0.0
9,9,0.0,0.0,0.0,0.0,0.0,0.0,0.0,0.0,0.0,1.0,0.0
9,9,0.0,0.0,0.0,0.0,0.0,0.0,0.0,0.0,0.0,1.0,0.0
9,9,0.0,0.0,0.0,0.0,0.0,0.0,0.0,0.0,0.0,1.0,0.0
9,9,0.0,0.0,0.0,0.0,0.0,0.0,0.0,0.0,0.0,1.0,0.0
9,9,0.0,0.0,0.0,0.0,0.0,0.0,0.0,0.0,0.0,1.0,0.0
9,9,0.0,0.0,0.0,0.0,0.0,0.0,0.0,0.0,0.0,1.0,0.0
9,9,0.0,0.0,0.0,0.0,0.0,0.0,0.0,0.0,0.0,1.0,0.0
9,9,0.0,0.0,0.0,0.0,0.0,0.0,0.0,0.0,0.0,1.0,0.0
9,9,0.0,0.0,0.0,0.0,0.0,0.0,0.0,0.0,0.0,1.0,0.0
9,9,0.0,0.0,0.0,0.0,0.0,0.0,0.0,0.0,0.0,1.0,0.0
9,9,0.0,0.0,0.0,0.0,0.0,0.0,0.0,0.0,0.0,1.0,0.0
9,9,0.0,0.0,0.0,0.0,0.0,0.0,0.0,0.0,0.0,1.0,0.0
9,9,0.0,0.0,0.0,0.0,0.0,0.0,0.0,0.0,0.0,1.0,0.0
9,9,0.0,0.0,0.0,0.0,0.0,0.0,0.0,0.0,0.0,1.0,0.0
9,9,0.0,0.0,0.0,0.0,0.0,0.0,0.0,0.0,0.0,1.0,0.0
9,9,0.0,0.0,0.0,0.0,0.0,0.0,0.0,0.0,0.0,1.0,0.0
9,9,0.0,0.0,0.0,0.0,0.0,0.0,0.0,0.0,0.0,1.0,0.0
9,9,0.0,0.0,0.0,0.0,0.0,0.0,0.0,0.0,0.0,1.0,0.0
9,9,0.0,0.0,0.0,0.0,0.0,0.0,0.0,0.0,0.0,1.0,0.0
9,9,0.0,0.0,0.0,0.0,0.0,0.0,0.0,0.0,0.0,1.0,0.0
9,9,0.0,0.0,0.0,0.0,0.0,0.0,0.0,0.0,0.0,1.0,0.0
9,9,0.0,0.0,0.0,0.0,0.0,0.0,0.0,0.0,0.0,1.0,0.0
9,9,0.0,0.0,0.0,0.0,0.0,0.0,0.0,0.0,0.0,1.0,0.0
9,9,0.0,0.0,0.0,0.0,0.0,0.0,0.0,0.0,0.0,1.0,0.0
9,9,0.0,0.0,0.0,0.0,0.0,0.0,0.0,0.0,0.0,1.0,0.0
9,9,0.0,0.0,0.0,0.0,0.0,0.0,0.0,0.0,0.0,1.0,0.0
9,9,0.0,0.0,0.0,0.0,0.0,0.0,0.0,0.0,0.0,1.0,0.0
9,9,0.0,0.0,0.0,0.0,0.0,0.0,0.0,0.0,0.0,1.0,0.0
9,9,0.0,0.0,0.0,0.0,0.0,0.0,0.0,0.0,0.0,1.0,0.0
9,9,0.0,0.0,0.0,0.0,0.0,0.0,0.0,0.0,0.0,1.0,0.0
9,9,0.0,0.0,0.0,0.0,0.0,0.0,0.0,0.0,0.0,1.0,0.0
9,9,0.0,0.0,0.0,0.0,0.0,0.0,0.0,0.0,0.0,1.0,0.0
9,9,0.0,0.0,0.0,0.0,0.0,0.0,0.0,0.0,0.0,1.0,0.0
9,9,0.0,0.0,0.0,0.0,0.0,0.0,0.0,0.0,0.0,1.0,0.0
9,9,0.0,0.0,0.0,0.0,0.0,0.0,0.0,0.0,0.0,1.0,0.0
9,9,0.0,0.0,0.0,0.0,0.0,0.0,0.0,0.0,0.0,1.0,0.0
9,9,0.0,0.0,0.0,0.0,0.0,0.0,0.0,0.0,0.0,1.0,0.0
9,9,0.0,0.0,0.0,0.0,0.0,0.0,0.0,0.0,0.0,1.0,0.0
9,9,0.0,0.0,0.0,0.0,0.0,0.0,0.0,0.0,0.0,1.0,0.0
9,9,0.0,0.0,0.0,0.0,0.0,0.0,0.0,0.0,0.0,1.0,0.0
9,9,0.0,0.0,0.0,0.0,0.0,0.0,0.0,0.0,0.0,1.0,0.0
9,9,0.0,0.0,0.0,0.0,0.0,0.0,0.0,0.0,0.0,1.0,0.0
9,9,0.0,0.0,0.0,0.0,0.0,0.0,0.0,0.0,0.0,1.0,0.0
9,9,0.0,0.0,0.0,0.0,0.0,0.0,0.0,0.0,0.0,1.0,0.0
9,9,0.0,0.0,0.0,0.0,0.0,0.0,0.0,0.0,0.0,1.0,0.0
9,9,0.0,0.0,0.0,0.0,0.0,0.0,0.0,0.0,0.0,1.0,0.0
9,9,0.0,0.0,0.0,0.0,0.0,0.0,0.0,0.0,0.0,1.0,0.0
9,9,0.0,0.0,0.0,0.0,0.0,0.0,0.0,0.0,0.0,1.0,0.0
9,9,0.0,0.0,0.0,0.0,0.0,0.0,0.0,0.0,0.0,1.0,0.0
9,9,0.0,0.0,0.0,0.0,0.0,0.0,0.0,0.0,0.0,1.0,0.0
9,9,0.0,0.0,0.0,0.0,0.0,0.0,0.0,0.0,0.0,1.0,0.0
9,9,0.0,0.0,0.0,0.0,0.0,0.0,0.0,0.0,0.0,1.0,0.0
9,9,0.0,0.0,0.0,0.0,0.0,0.0,0.0,0.0,0.0,1.0,0.0
9,9,0.0,0.0,0.0,0.0,0.0,0.0,0.0,0.0,0.0,1.0,0.0
9,9,0.0,0.0,0.0,0.0,0.0,0.0,0.0,0.0,0.0,1.0,0.0
9,9,0.0,0.0,0.0,0.0,0.0,0.0,0.0,0.0,0.0,1.0,0.0
9,9,0.0,0.0,0.0,0.0,0.0,0.0,0.0,0.0,0.0,1.0,0.0
9,9,0.0,0.0,0.0,0.0,0.0,0.0,0.0,0.0,0.0,1.0,0.0
9,9,0.0,0.0,0.0,0.0,0.0,0.0,0.0,0.0,0.0,1.0,0.0
9,9,0.0,0.0,0.0,0.0,0.0,0.0,0.0,0.0,0.0,1.0,0.0
9,9,0.0,0.0,0.0,0.0,0.0,0.0,0.0,0.0,0.0,1.0,0.0
9,9,0.0,0.0,0.0,0.0,0.0,0.0,0.0,0.0,0.0,1.0,0.0
9,9,0.0,0.0,0.0,0.0,0.0,0.0,0.0,0.0,0.0,1.0,0.0
9,9,0.0,0.0,0.0,0.0,0.0,0.0,0.0,0.0,0.0,1.0,0.0
9,9,0.0,0.0,0.0,0.0,0.0,0.0,0.0,0.0,0.0,1.0,0.0
9,9,0.0,0.0,0.0,0.0,0.0,0.0,0.0,0.0,0.0,1.0,0.0
9,9,0.0,0.0,0.0,0.0,0.0,0.0,0.0,0.0,0.0,1.0,0.0
9,9,0.0,0.0,0.0,0.0,0.0,0.0,0.0,0.0,0.0,1.0,0.0
9,9,0.0,0.0,0.0,0.0,0.0,0.0,0.0,0.0,0.0,1.0,0.0
9,9,0.0,0.0,0.0,0.0,0.0,0.0,0.0,0.0,0.0,1.0,0.0
9,9,0.0,0.0,0.0,0.0,0.0,0.0,0.0,0.0,0.0,1.0,0.0
9,9,0.0,0.0,0.0,0.0,0.0,0.0,0.0,0.0,0.0,1.0,0.0
9,9,0.0,0.0,0.0,0.0,0.0,0.0,0.0,0.0,0.0,1.0,0.0
9,9,0.0,0.0,0.0,0.0,0.0,0.0,0.0,0.0,0.0,1.0,0.0
9,9,0.0,0.0,0.0,0.0,0.0,0.0,0.0,0.0,0.0,1.0,0.0
9,9,0.0,0.0,0.0,0.0,0.0,0.0,0.0,0.0,0.0,1.0,0.0
9,9,0.0,0.0,0.0,0.0,0.0,0.0,0.0,0.0,0.0,1.0,0.0
9,9,0.0,0.0,0.0,0.0,0.0,0.0,0.0,0.0,0.0,1.0,0.0
9,9,0.0,0.0,0.0,0.0,0.0,0.0,0.0,0.0,0.0,1.0,0.0
9,9,0.0,0.0,0.0,0.0,0.0,0.0,0.0,0.0,0.0,1.0,0.0
9,9,0.0,0.0,0.0,0.0,0.0,0.0,0.0,0.0,0.0,1.0,0.0
9,9,0.0,0.0,0.0,0.0,0.0,0.0,0.0,0.0,0.0,1.0,0.0
9,9,0.0,0.0,0.0,0.0,0.0,0.0,0.0,0.0,0.0,1.0,0.0
9,9,0.0,0.0,0.0,0.0,0.0,0.0,0.0,0.0,0.0,1.0,0.0
9,9,0.0,0.0,0.0,0.0,0.0,0.0,0.0,0.0,0.0,1.0,0.0
9,9,0.0,0.0,0.0,0.0,0.0,0.0,0.0,0.0,0.0,1.0,0.0
9,9,0.0,0.0,0.0,0.0,0.0,0.0,0.0,0.0,0.0,1.0,0.0
9,9,0.0,0.0,0.0,0.0,0.0,0.0,0.0,0.0,0.0,1.0,0.0
9,9,0.0,0.0,0.0,0.0,0.0,0.0,0.0,0.0,0.0,1.0,0.0
9,9,0.0,0.0,0.0,0.0,0.0,0.0,0.0,0.0,0.0,1.0,0.0
9,9,0.0,0.0,0.0,0.0,0.0,0.0,0.0,0.0,0.0,1.0,0.0
9,9,0.0,0.0,0.0,0.0,0.0,0.0,0.0,0.0,0.0,1.0,0.0
9,9,0.0,0.0,0.0,0.0,0.0,0.0,0.0,0.0,0.0,1.0,0.0
9,9,0.0,0.0,0.0,0.0,0.0,0.0,0.0,0.0,0.0,1.0,0.0
9,9,0.0,0.0,0.0,0.0,0.0,0.0,0.0,0.0,0.0,1.0,0.0
9,9,0.0,0.0,0.0,0.0,0.0,0.0,0.0,0.0,0.0,1.0,0.0
9,9,0.0,0.0,0.0,0.0,0.0,0.0,0.0,0.0,0.0,1.0,0.0
9,9,0.0,0.0,0.0,0.0,0.0,0.0,0.0,0.0,0.0,1.0,0.0
9,9,0.0,0.0,0.0,0.0,0.0,0.0,0.0,0.0,0.0,1.0,0.0
9,9,0.0,0.0,0.0,0.0,0.0,0.0,0.0,0.0,0.0,1.0,0.0
9,9,0.0,0.0,0.0,0.0,0.0,0.0,0.0,0.0,0.0,1.0,0.0
9,9,0.0,0.0,0.0,0.0,0.0,0.0,0.0,0.0,0.0,1.0,0.0
9,9,0.0,0.0,0.0,0.0,0.0,0.0,0.0,0.0,0.0,1.0,0.0
9,9,0.0,0.0,0.0,0.0,0.0,0.0,0.0,0.0,0.0,1.0,0.0
9,9,0.0,0.0,0.0,0.0,0.0,0.0,0.0,0.0,0.0,1.0,0.0
9,9,0.0,0.0,0.0,0.0,0.0,0.0,0.0,0.0,0.0,1.0,0.0
9,9,0.0,0.0,0.0,0.0,0.0,0.0,0.0,0.0,0.0,1.0,0.0
9,9,0.0,0.0,0.0,0.0,0.0,0.0,0.0,0.0,0.0,1.0,0.0
9,9,0.0,0.0,0.0,0.0,0.0,0.0,0.0,0.0,0.0,1.0,0.0
9,9,0.0,0.0,0.0,0.0,0.0,0.0,0.0,0.0,0.0,1.0,0.0
9,9,0.0,0.0,0.0,0.0,0.0,0.0,0.0,0.0,0.0,1.0,0.0
9,9,0.0,0.0,0.0,0.0,0.0,0.0,0.0,0.0,0.0,1.0,0.0
9,9,0.0,0.0,0.0,0.0,0.0,0.0,0.0,0.0,0.0,1.0,0.0
9,9,0.0,0.0,0.0,0.0,0.0,0.0,0.0,0.0,0.0,1.0,0.0
9,9,0.0,0.0,0.0,0.0,0.0,0.0,0.0,0.0,0.0,1.0,0.0
9,9,0.0,0.0,0.0,0.0,0.0,0.0,0.0,0.0,0.0,1.0,0.0
9,9,0.0,0.0,0.0,0.0,0.0,0.0,0.0,0.0,0.0,1.0,0.0
9,9,0.0,0.0,0.0,0.0,0.0,0.0,0.0,0.0,0.0,1.0,0.0
9,9,0.0,0.0,0.0,0.0,0.0,0.0,0.0,0.0,0.0,1.0,0.0
9,9,0.0,0.0,0.0,0.0,0.0,0.0,0.0,0.0,0.0,1.0,0.0
9,9,0.0,0.0,0.0,0.0,0.0,0.0,0.0,0.0,0.0,1.0,0.0
9,9,0.0,0.0,0.0,0.0,0.0,0.0,0.0,0.0,0.0,1.0,0.0
9,9,0.0,0.0,0.0,0.0,0.0,0.0,0.0,0.0,0.0,1.0,0.0
9,9,0.0,0.0,0.0,0.0,0.0,0.0,0.0,0.0,0.0,1.0,0.0
9,9,0.0,0.0,0.0,0.0,0.0,0.0,0.0,0.0,0.0,1.0,0.0
9,9,0.0,0.0,0.0,0.0,0.0,0.0,0.0,0.0,0.0,1.0,0.0
9,9,0.0,0.0,0.0,0.0,0.0,0.0,0.0,0.0,0.0,1.0,0.0
9,9,0.0,0.0,0.0,0.0,0.0,0.0,0.0,0.0,0.0,1.0,0.0
9,9,0.0,0.0,0.0,0.0,0.0,0.0,0.0,0.0,0.0,1.0,0.0
9,9,0.0,0.0,0.0,0.0,0.0,0.0,0.0,0.0,0.0,1.0,0.0
9,9,0.0,0.0,0.0,0.0,0.0,0.0,0.0,0.0,0.0,1.0,0.0
9,9,0.0,0.0,0.0,0.0,0.0,0.0,0.0,0.0,0.0,1.0,0.0
9,9,0.0,0.0,0.0,0.0,0.0,0.0,0.0,0.0,0.0,1.0,0.0
9,9,0.0,0.0,0.0,0.0,0.0,0.0,0.0,0.0,0.0,1.0,0.0
9,9,0.0,0.0,0.0,0.0,0.0,0.0,0.0,0.0,0.0,1.0,0.0
9,9,0.0,0.0,0.0,0.0,0.0,0.0,0.0,0.0,0.0,1.0,0.0
9,9,0.0,0.0,0.0,0.0,0.0,0.0,0.0,0.0,0.0,1.0,0.0
9,9,0.0,0.0,0.0,0.0,0.0,0.0,0.0,0.0,0.0,1.0,0.0
9,9,0.0,0.0,0.0,0.0,0.0,0.0,0.0,0.0,0.0,1.0,0.0
9,9,0.0,0.0,0.0,0.0,0.0,0.0,0.0,0.0,0.0,1.0,0.0
9,9,0.0,0.0,0.0,0.0,0.0,0.0,0.0,0.0,0.0,1.0,0.0
9,9,0.0,0.0,0.0,0.0,0.0,0.0,0.0,0.0,0.0,1.0,0.0
9,9,0.0,0.0,0.0,0.0,0.0,0.0,0.0,0.0,0.0,1.0,0.0
9,9,0.0,0.0,0.0,0.0,0.0,0.0,0.0,0.0,0.0,1.0,0.0
9,9,0.0,0.0,0.0,0.0,0.0,0.0,0.0,0.0,0.0,1.0,0.0
9,9,0.0,0.0,0.0,0.0,0.0,0.0,0.0,0.0,0.0,1.0,0.0
9,9,0.0,0.0,0.0,0.0,0.0,0.0,0.0,0.0,0.0,1.0,0.0
9,9,0.0,0.0,0.0,0.0,0.0,0.0,0.0,0.0,0.0,1.0,0.0
9,9,0.0,0.0,0.0,0.0,0.0,0.0,0.0,0.0,0.0,1.0,0.0
9,9,0.0,0.0,0.0,0.0,0.0,0.0,0.0,0.0,0.0,1.0,0.0
9,9,0.0,0.0,0.0,0.0,0.0,0.0,0.0,0.0,0.0,1.0,0.0
9,9,0.0,0.0,0.0,0.0,0.0,0.0,0.0,0.0,0.0,1.0,0.0
9,9,0.0,0.0,0.0,0.0,0.0,0.0,0.0,0.0,0.0,1.0,0.0
9,9,0.0,0.0,0.0,0.0,0.0,0.0,0.0,0.0,0.0,1.0,0.0
9,9,0.0,0.0,0.0,0.0,0.0,0.0,0.0,0.0,0.0,1.0,0.0
9,9,0.0,0.0,0.0,0.0,0.0,0.0,0.0,0.0,0.0,1.0,0.0
9,9,0.0,0.0,0.0,0.0,0.0,0.0,0.0,0.0,0.0,1.0,0.0
9,9,0.0,0.0,0.0,0.0,0.0,0.0,0.0,0.0,0.0,1.0,0.0
9,9,0.0,0.0,0.0,0.0,0.0,0.0,0.0,0.0,0.0,1.0,0.0
9,9,0.0,0.0,0.0,0.0,0.0,0.0,0.0,0.0,0.0,1.0,0.0
9,9,0.0,0.0,0.0,0.0,0.0,0.0,0.0,0.0,0.0,1.0,0.0
9,9,0.0,0.0,0.0,0.0,0.0,0.0,0.0,0.0,0.0,1.0,0.0
9,9,0.0,0.0,0.0,0.0,0.0,0.0,0.0,0.0,0.0,1.0,0.0
9,9,0.0,0.0,0.0,0.0,0.0,0.0,0.0,0.0,0.0,1.0,0.0
9,9,0.0,0.0,0.0,0.0,0.0,0.0,0.0,0.0,0.0,1.0,0.0
9,9,0.0,0.0,0.0,0.0,0.0,0.0,0.0,0.0,0.0,1.0,0.0
9,9,0.0,0.0,0.0,0.0,0.0,0.0,0.0,0.0,0.0,1.0,0.0
9,9,0.0,0.0,0.0,0.0,0.0,0.0,0.0,0.0,0.0,1.0,0.0
9,9,0.0,0.0,0.0,0.0,0.0,0.0,0.0,0.0,0.0,1.0,0.0
9,9,0.0,0.0,0.0,0.0,0.0,0.0,0.0,0.0,0.0,1.0,0.0
9,9,0.0,0.0,0.0,0.0,0.0,0.0,0.0,0.0,0.0,1.0,0.0
9,9,0.0,0.0,0.0,0.0,0.0,0.0,0.0,0.0,0.0,1.0,0.0
9,9,0.0,0.0,0.0,0.0,0.0,0.0,0.0,0.0,0.0,1.0,0.0
9,9,0.0,0.0,0.0,0.0,0.0,0.0,0.0,0.0,0.0,1.0,0.0
9,9,0.0,0.0,0.0,0.0,0.0,0.0,0.0,0.0,0.0,1.0,0.0
9,9,0.0,0.0,0.0,0.0,0.0,0.0,0.0,0.0,0.0,1.0,0.0
9,9,0.0,0.0,0.0,0.0,0.0,0.0,0.0,0.0,0.0,1.0,0.0
9,9,0.0,0.0,0.0,0.0,0.0,0.0,0.0,0.0,0.0,1.0,0.0
9,9,0.0,0.0,0.0,0.0,0.0,0.0,0.0,0.0,0.0,1.0,0.0
9,9,0.0,0.0,0.0,0.0,0.0,0.0,0.0,0.0,0.0,1.0,0.0
9,9,0.0,0.0,0.0,0.0,0.0,0.0,0.0,0.0,0.0,1.0,0.0
9,9,0.0,0.0,0.0,0.0,0.0,0.0,0.0,0.0,0.0,1.0,0.0
9,9,0.0,0.0,0.0,0.0,0.0,0.0,0.0,0.0,0.0,1.0,0.0
9,9,0.0,0.0,0.0,0.0,0.0,0.0,0.0,0.0,0.0,1.0,0.0
9,9,0.0,0.0,0.0,0.0,0.0,0.0,0.0,0.0,0.0,1.0,0.0
9,9,0.0,0.0,0.0,0.0,0.0,0.0,0.0,0.0,0.0,1.0,0.0
9,9,0.0,0.0,0.0,0.0,0.0,0.0,0.0,0.0,0.0,1.0,0.0
9,9,0.0,0.0,0.0,0.0,0.0,0.0,0.0,0.0,0.0,1.0,0.0
9,9,0.0,0.0,0.0,0.0,0.0,0.0,0.0,0.0,0.0,1.0,0.0
9,9,0.0,0.0,0.0,0.0,0.0,0.0,0.0,0.0,0.0,1.0,0.0
9,9,0.0,0.0,0.0,0.0,0.0,0.0,0.0,0.0,0.0,1.0,0.0
9,9,0.0,0.0,0.0,0.0,0.0,0.0,0.0,0.0,0.0,1.0,0.0
9,9,0.0,0.0,0.0,0.0,0.0,0.0,0.0,0.0,0.0,1.0,0.0
9,9,0.0,0.0,0.0,0.0,0.0,0.0,0.0,0.0,0.0,1.0,0.0
9,9,0.0,0.0,0.0,0.0,0.0,0.0,0.0,0.0,0.0,1.0,0.0
9,9,0.0,0.0,0.0,0.0,0.0,0.0,0.0,0.0,0.0,1.0,0.0
9,9,0.0,0.0,0.0,0.0,0.0,0.0,0.0,0.0,0.0,1.0,0.0
9,9,0.0,0.0,0.0,0.0,0.0,0.0,0.0,0.0,0.0,1.0,0.0
9,9,0.0,0.0,0.0,0.0,0.0,0.0,0.0,0.0,0.0,1.0,0.0
9,9,0.0,0.0,0.0,0.0,0.0,0.0,0.0,0.0,0.0,1.0,0.0
9,9,0.0,0.0,0.0,0.0,0.0,0.0,0.0,0.0,0.0,1.0,0.0
9,9,0.0,0.0,0.0,0.0,0.0,0.0,0.0,0.0,0.0,1.0,0.0
9,9,0.0,0.0,0.0,0.0,0.0,0.0,0.0,0.0,0.0,1.0,0.0
9,9,0.0,0.0,0.0,0.0,0.0,0.0,0.0,0.0,0.0,1.0,0.0
9,9,0.0,0.0,0.0,0.0,0.0,0.0,0.0,0.0,0.0,1.0,0.0
9,9,0.0,0.0,0.0,0.0,0.0,0.0,0.0,0.0,0.0,1.0,0.0
9,9,0.0,0.0,0.0,0.0,0.0,0.0,0.0,0.0,0.0,1.0,0.0
9,9,0.0,0.0,0.0,0.0,0.0,0.0,0.0,0.0,0.0,1.0,0.0
9,9,0.0,0.0,0.0,0.0,0.0,0.0,0.0,0.0,0.0,1.0,0.0
9,9,0.0,0.0,0.0,0.0,0.0,0.0,0.0,0.0,0.0,1.0,0.0
9,9,0.0,0.0,0.0,0.0,0.0,0.0,0.0,0.0,0.0,1.0,0.0
9,9,0.0,0.0,0.0,0.0,0.0,0.0,0.0,0.0,0.0,1.0,0.0
9,9,0.0,0.0,0.0,0.0,0.0,0.0,0.0,0.0,0.0,1.0,0.0
9,9,0.0,0.0,0.0,0.0,0.0,0.0,0.0,0.0,0.0,1.0,0.0
9,9,0.0,0.0,0.0,0.0,0.0,0.0,0.0,0.0,0.0,1.0,0.0
9,9,0.0,0.0,0.0,0.0,0.0,0.0,0.0,0.0,0.0,1.0,0.0
9,9,0.0,0.0,0.0,0.0,0.0,0.0,0.0,0.0,0.0,1.0,0.0
9,9,0.0,0.0,0.0,0.0,0.0,0.0,0.0,0.0,0.0,1.0,0.0
9,9,0.0,0.0,0.0,0.0,0.0,0.0,0.0,0.0,0.0,1.0,0.0
9,9,0.0,0.0,0.0,0.0,0.0,0.0,0.0,0.0,0.0,1.0,0.0
9,9,0.0,0.0,0.0,0.0,0.0,0.0,0.0,0.0,0.0,1.0,0.0
9,9,0.0,0.0,0.0,0.0,0.0,0.0,0.0,0.0,0.0,1.0,0.0
9,9,0.0,0.0,0.0,0.0,0.0,0.0,0.0,0.0,0.0,1.0,0.0
9,9,0.0,0.0,0.0,0.0,0.0,0.0,0.0,0.0,0.0,1.0,0.0
9,9,0.0,0.0,0.0,0.0,0.0,0.0,0.0,0.0,0.0,1.0,0.0
9,9,0.0,0.0,0.0,0.0,0.0,0.0,0.0,0.0,0.0,1.0,0.0
9,9,0.0,0.0,0.0,0.0,0.0,0.0,0.0,0.0,0.0,1.0,0.0
9,9,0.0,0.0,0.0,0.0,0.0,0.0,0.0,0.0,0.0,1.0,0.0
9,9,0.0,0.0,0.0,0.0,0.0,0.0,0.0,0.0,0.0,1.0,0.0
9,9,0.0,0.0,0.0,0.0,0.0,0.0,0.0,0.0,0.0,1.0,0.0
9,9,0.0,0.0,0.0,0.0,0.0,0.0,0.0,0.0,0.0,1.0,0.0
9,9,0.0,0.0,0.0,0.0,0.0,0.0,0.0,0.0,0.0,1.0,0.0
9,9,0.0,0.0,0.0,0.0,0.0,0.0,0.0,0.0,0.0,1.0,0.0
9,9,0.0,0.0,0.0,0.0,0.0,0.0,0.0,0.0,0.0,1.0,0.0
9,9,0.0,0.0,0.0,0.0,0.0,0.0,0.0,0.0,0.0,1.0,0.0
9,9,0.0,0.0,0.0,0.0,0.0,0.0,0.0,0.0,0.0,1.0,0.0
9,9,0.0,0.0,0.0,0.0,0.0,0.0,0.0,0.0,0.0,1.0,0.0
9,9,0.0,0.0,0.0,0.0,0.0,0.0,0.0,0.0,0.0,1.0,0.0
9,9,0.0,0.0,0.0,0.0,0.0,0.0,0.0,0.0,0.0,1.0,0.0
9,9,0.0,0.0,0.0,0.0,0.0,0.0,0.0,0.0,0.0,1.0,0.0
9,9,0.0,0.0,0.0,0.0,0.0,0.0,0.0,0.0,0.0,1.0,0.0
9,9,0.0,0.0,0.0,0.0,0.0,0.0,0.0,0.0,0.0,1.0,0.0
9,9,0.0,0.0,0.0,0.0,0.0,0.0,0.0,0.0,0.0,1.0,0.0
9,9,0.0,0.0,0.0,0.0,0.0,0.0,0.0,0.0,0.0,1.0,0.0
9,9,0.0,0.0,0.0,0.0,0.0,0.0,0.0,0.0,0.0,1.0,0.0
9,9,0.0,0.0,0.0,0.0,0.0,0.0,0.0,0.0,0.0,1.0,0.0
9,9,0.0,0.0,0.0,0.0,0.0,0.0,0.0,0.0,0.0,1.0,0.0
9,9,0.0,0.0,0.0,0.0,0.0,0.0,0.0,0.0,0.0,1.0,0.0
9,9,0.0,0.0,0.0,0.0,0.0,0.0,0.0,0.0,0.0,1.0,0.0
9,9,0.0,0.0,0.0,0.0,0.0,0.0,0.0,0.0,0.0,1.0,0.0
9,9,0.0,0.0,0.0,0.0,0.0,0.0,0.0,0.0,0.0,1.0,0.0
9,9,0.0,0.0,0.0,0.0,0.0,0.0,0.0,0.0,0.0,1.0,0.0
9,9,0.0,0.0,0.0,0.0,0.0,0.0,0.0,0.0,0.0,1.0,0.0
9,9,0.0,0.0,0.0,0.0,0.0,0.0,0.0,0.0,0.0,1.0,0.0
9,9,0.0,0.0,0.0,0.0,0.0,0.0,0.0,0.0,0.0,1.0,0.0
9,9,0.0,0.0,0.0,0.0,0.0,0.0,0.0,0.0,0.0,1.0,0.0
9,9,0.0,0.0,0.0,0.0,0.0,0.0,0.0,0.0,0.0,1.0,0.0
9,9,0.0,0.0,0.0,0.0,0.0,0.0,0.0,0.0,0.0,1.0,0.0
9,9,0.0,0.0,0.0,0.0,0.0,0.0,0.0,0.0,0.0,1.0,0.0
9,9,0.0,0.0,0.0,0.0,0.0,0.0,0.0,0.0,0.0,1.0,0.0
9,9,0.0,0.0,0.0,0.0,0.0,0.0,0.0,0.0,0.0,1.0,0.0
9,9,0.0,0.0,0.0,0.0,0.0,0.0,0.0,0.0,0.0,1.0,0.0
9,9,0.0,0.0,0.0,0.0,0.0,0.0,0.0,0.0,0.0,1.0,0.0
9,9,0.0,0.0,0.0,0.0,0.0,0.0,0.0,0.0,0.0,1.0,0.0
9,9,0.0,0.0,0.0,0.0,0.0,0.0,0.0,0.0,0.0,1.0,0.0
9,9,0.0,0.0,0.0,0.0,0.0,0.0,0.0,0.0,0.0,1.0,0.0
9,9,0.0,0.0,0.0,0.0,0.0,0.0,0.0,0.0,0.0,1.0,0.0
9,9,0.0,0.0,0.0,0.0,0.0,0.0,0.0,0.0,0.0,1.0,0.0
9,9,0.0,0.0,0.0,0.0,0.0,0.0,0.0,0.0,0.0,1.0,0.0
9,9,0.0,0.0,0.0,0.0,0.0,0.0,0.0,0.0,0.0,1.0,0.0
9,9,0.0,0.0,0.0,0.0,0.0,0.0,0.0,0.0,0.0,1.0,0.0
9,9,0.0,0.0,0.0,0.0,0.0,0.0,0.0,0.0,0.0,1.0,0.0
9,9,0.0,0.0,0.0,0.0,0.0,0.0,0.0,0.0,0.0,1.0,0.0
9,9,0.0,0.0,0.0,0.0,0.0,0.0,0.0,0.0,0.0,1.0,0.0
9,9,0.0,0.0,0.0,0.0,0.0,0.0,0.0,0.0,0.0,1.0,0.0
9,9,0.0,0.0,0.0,0.0,0.0,0.0,0.0,0.0,0.0,1.0,0.0
9,9,0.0,0.0,0.0,0.0,0.0,0.0,0.0,0.0,0.0,1.0,0.0
9,9,0.0,0.0,0.0,0.0,0.0,0.0,0.0,0.0,0.0,1.0,0.0
9,9,0.0,0.0,0.0,0.0,0.0,0.0,0.0,0.0,0.0,1.0,0.0
9,9,0.0,0.0,0.0,0.0,0.0,0.0,0.0,0.0,0.0,1.0,0.0
9,9,0.0,0.0,0.0,0.0,0.0,0.0,0.0,0.0,0.0,1.0,0.0
9,9,0.0,0.0,0.0,0.0,0.0,0.0,0.0,0.0,0.0,1.0,0.0
9,9,0.0,0.0,0.0,0.0,0.0,0.0,0.0,0.0,0.0,1.0,0.0
9,9,0.0,0.0,0.0,0.0,0.0,0.0,0.0,0.0,0.0,1.0,0.0
9,9,0.0,0.0,0.0,0.0,0.0,0.0,0.0,0.0,0.0,1.0,0.0
9,9,0.0,0.0,0.0,0.0,0.0,0.0,0.0,0.0,0.0,1.0,0.0
9,9,0.0,0.0,0.0,0.0,0.0,0.0,0.0,0.0,0.0,1.0,0.0
9,9,0.0,0.0,0.0,0.0,0.0,0.0,0.0,0.0,0.0,1.0,0.0
9,9,0.0,0.0,0.0,0.0,0.0,0.0,0.0,0.0,0.0,1.0,0.0
9,9,0.0,0.0,0.0,0.0,0.0,0.0,0.0,0.0,0.0,1.0,0.0
9,9,0.0,0.0,0.0,0.0,0.0,0.0,0.0,0.0,0.0,1.0,0.0
9,9,0.0,0.0,0.0,0.0,0.0,0.0,0.0,0.0,0.0,1.0,0.0
9,9,0.0,0.0,0.0,0.0,0.0,0.0,0.0,0.0,0.0,1.0,0.0
9,9,0.0,0.0,0.0,0.0,0.0,0.0,0.0,0.0,0.0,1.0,0.0
9,9,0.0,0.0,0.0,0.0,0.0,0.0,0.0,0.0,0.0,1.0,0.0
9,9,0.0,0.0,0.0,0.0,0.0,0.0,0.0,0.0,0.0,1.0,0.0
9,9,0.0,0.0,0.0,0.0,0.0,0.0,0.0,0.0,0.0,1.0,0.0
9,9,0.0,0.0,0.0,0.0,0.0,0.0,0.0,0.0,0.0,1.0,0.0
9,9,0.0,0.0,0.0,0.0,0.0,0.0,0.0,0.0,0.0,1.0,0.0
9,9,0.0,0.0,0.0,0.0,0.0,0.0,0.0,0.0,0.0,1.0,0.0
9,9,0.0,0.0,0.0,0.0,0.0,0.0,0.0,0.0,0.0,1.0,0.0
9,9,0.0,0.0,0.0,0.0,0.0,0.0,0.0,0.0,0.0,1.0,0.0
9,9,0.0,0.0,0.0,0.0,0.0,0.0,0.0,0.0,0.0,1.0,0.0
9,9,0.0,0.0,0.0,0.0,0.0,0.0,0.0,0.0,0.0,1.0,0.0
9,9,0.0,0.0,0.0,0.0,0.0,0.0,0.0,0.0,0.0,1.0,0.0
9,9,0.0,0.0,0.0,0.0,0.0,0.0,0.0,0.0,0.0,1.0,0.0
9,9,0.0,0.0,0.0,0.0,0.0,0.0,0.0,0.0,0.0,1.0,0.0
9,9,0.0,0.0,0.0,0.0,0.0,0.0,0.0,0.0,0.0,1.0,0.0
9,9,0.0,0.0,0.0,0.0,0.0,0.0,0.0,0.0,0.0,1.0,0.0
9,9,0.0,0.0,0.0,0.0,0.0,0.0,0.0,0.0,0.0,1.0,0.0
9,9,0.0,0.0,0.0,0.0,0.0,0.0,0.0,0.0,0.0,1.0,0.0
9,9,0.0,0.0,0.0,0.0,0.0,0.0,0.0,0.0,0.0,1.0,0.0
9,9,0.0,0.0,0.0,0.0,0.0,0.0,0.0,0.0,0.0,1.0,0.0
9,9,0.0,0.0,0.0,0.0,0.0,0.0,0.0,0.0,0.0,1.0,0.0
9,9,0.0,0.0,0.0,0.0,0.0,0.0,0.0,0.0,0.0,1.0,0.0
9,9,0.0,0.0,0.0,0.0,0.0,0.0,0.0,0.0,0.0,1.0,0.0
9,9,0.0,0.0,0.0,0.0,0.0,0.0,0.0,0.0,0.0,1.0,0.0
9,9,0.0,0.0,0.0,0.0,0.0,0.0,0.0,0.0,0.0,1.0,0.0
9,9,0.0,0.0,0.0,0.0,0.0,0.0,0.0,0.0,0.0,1.0,0.0
9,9,0.0,0.0,0.0,0.0,0.0,0.0,0.0,0.0,0.0,1.0,0.0
9,9,0.0,0.0,0.0,0.0,0.0,0.0,0.0,0.0,0.0,1.0,0.0
9,9,0.0,0.0,0.0,0.0,0.0,0.0,0.0,0.0,0.0,1.0,0.0
9,9,0.0,0.0,0.0,0.0,0.0,0.0,0.0,0.0,0.0,1.0,0.0
9,9,0.0,0.0,0.0,0.0,0.0,0.0,0.0,0.0,0.0,1.0,0.0
9,9,0.0,0.0,0.0,0.0,0.0,0.0,0.0,0.0,0.0,1.0,0.0
9,9,0.0,0.0,0.0,0.0,0.0,0.0,0.0,0.0,0.0,1.0,0.0
9,9,0.0,0.0,0.0,0.0,0.0,0.0,0.0,0.0,0.0,1.0,0.0
9,9,0.0,0.0,0.0,0.0,0.0,0.0,0.0,0.0,0.0,1.0,0.0
9,9,0.0,0.0,0.0,0.0,0.0,0.0,0.0,0.0,0.0,1.0,0.0
9,9,0.0,0.0,0.0,0.0,0.0,0.0,0.0,0.0,0.0,1.0,0.0
9,9,0.0,0.0,0.0,0.0,0.0,0.0,0.0,0.0,0.0,1.0,0.0
9,9,0.0,0.0,0.0,0.0,0.0,0.0,0.0,0.0,0.0,1.0,0.0
9,9,0.0,0.0,0.0,0.0,0.0,0.0,0.0,0.0,0.0,1.0,0.0
9,9,0.0,0.0,0.0,0.0,0.0,0.0,0.0,0.0,0.0,1.0,0.0
9,9,0.0,0.0,0.0,0.0,0.0,0.0,0.0,0.0,0.0,1.0,0.0
9,9,0.0,0.0,0.0,0.0,0.0,0.0,0.0,0.0,0.0,1.0,0.0
9,9,0.0,0.0,0.0,0.0,0.0,0.0,0.0,0.0,0.0,1.0,0.0
9,9,0.0,0.0,0.0,0.0,0.0,0.0,0.0,0.0,0.0,1.0,0.0
9,9,0.0,0.0,0.0,0.0,0.0,0.0,0.0,0.0,0.0,1.0,0.0
9,9,0.0,0.0,0.0,0.0,0.0,0.0,0.0,0.0,0.0,1.0,0.0
9,9,0.0,0.0,0.0,0.0,0.0,0.0,0.0,0.0,0.0,1.0,0.0
9,9,0.0,0.0,0.0,0.0,0.0,0.0,0.0,0.0,0.0,1.0,0.0
9,9,0.0,0.0,0.0,0.0,0.0,0.0,0.0,0.0,0.0,1.0,0.0
9,9,0.0,0.0,0.0,0.0,0.0,0.0,0.0,0.0,0.0,1.0,0.0
9,9,0.0,0.0,0.0,0.0,0.0,0.0,0.0,0.0,0.0,1.0,0.0
9,9,0.0,0.0,0.0,0.0,0.0,0.0,0.0,0.0,0.0,1.0,0.0
9,9,0.0,0.0,0.0,0.0,0.0,0.0,0.0,0.0,0.0,1.0,0.0
9,9,0.0,0.0,0.0,0.0,0.0,0.0,0.0,0.0,0.0,1.0,0.0
9,9,0.0,0.0,0.0,0.0,0.0,0.0,0.0,0.0,0.0,1.0,0.0
9,9,0.0,0.0,0.0,0.0,0.0,0.0,0.0,0.0,0.0,1.0,0.0
9,9,0.0,0.0,0.0,0.0,0.0,0.0,0.0,0.0,0.0,1.0,0.0
9,9,0.0,0.0,0.0,0.0,0.0,0.0,0.0,0.0,0.0,1.0,0.0
9,9,0.0,0.0,0.0,0.0,0.0,0.0,0.0,0.0,0.0,1.0,0.0
9,9,0.0,0.0,0.0,0.0,0.0,0.0,0.0,0.0,0.0,1.0,0.0
9,9,0.0,0.0,0.0,0.0,0.0,0.0,0.0,0.0,0.0,1.0,0.0
9,9,0.0,0.0,0.0,0.0,0.0,0.0,0.0,0.0,0.0,1.0,0.0
9,9,0.0,0.0,0.0,0.0,0.0,0.0,0.0,0.0,0.0,1.0,0.0
9,9,0.0,0.0,0.0,0.0,0.0,0.0,0.0,0.0,0.0,1.0,0.0
9,9,0.0,0.0,0.0,0.0,0.0,0.0,0.0,0.0,0.0,1.0,0.0
9,9,0.0,0.0,0.0,0.0,0.0,0.0,0.0,0.0,0.0,1.0,0.0
9,9,0.0,0.0,0.0,0.0,0.0,0.0,0.0,0.0,0.0,1.0,0.0
9,9,0.0,0.0,0.0,0.0,0.0,0.0,0.0,0.0,0.0,1.0,0.0
9,9,0.0,0.0,0.0,0.0,0.0,0.0,0.0,0.0,0.0,1.0,0.0
9,9,0.0,0.0,0.0,0.0,0.0,0.0,0.0,0.0,0.0,1.0,0.0
9,9,0.0,0.0,0.0,0.0,0.0,0.0,0.0,0.0,0.0,1.0,0.0
9,9,0.0,0.0,0.0,0.0,0.0,0.0,0.0,0.0,0.0,1.0,0.0
9,9,0.0,0.0,0.0,0.0,0.0,0.0,0.0,0.0,0.0,1.0,0.0
9,9,0.0,0.0,0.0,0.0,0.0,0.0,0.0,0.0,0.0,1.0,0.0
9,9,0.0,0.0,0.0,0.0,0.0,0.0,0.0,0.0,0.0,1.0,0.0
9,9,0.0,0.0,0.0,0.0,0.0,0.0,0.0,0.0,0.0,1.0,0.0
9,9,0.0,0.0,0.0,0.0,0.0,0.0,0.0,0.0,0.0,1.0,0.0
9,9,0.0,0.0,0.0,0.0,0.0,0.0,0.0,0.0,0.0,1.0,0.0
9,9,0.0,0.0,0.0,0.0,0.0,0.0,0.0,0.0,0.0,1.0,0.0
9,9,0.0,0.0,0.0,0.0,0.0,0.0,0.0,0.0,0.0,1.0,0.0
9,9,0.0,0.0,0.0,0.0,0.0,0.0,0.0,0.0,0.0,1.0,0.0
9,9,0.0,0.0,0.0,0.0,0.0,0.0,0.0,0.0,0.0,1.0,0.0
9,9,0.0,0.0,0.0,0.0,0.0,0.0,0.0,0.0,0.0,1.0,0.0
9,9,0.0,0.0,0.0,0.0,0.0,0.0,0.0,0.0,0.0,1.0,0.0
9,9,0.0,0.0,0.0,0.0,0.0,0.0,0.0,0.0,0.0,1.0,0.0
9,9,0.0,0.0,0.0,0.0,0.0,0.0,0.0,0.0,0.0,1.0,0.0
9,9,0.0,0.0,0.0,0.0,0.0,0.0,0.0,0.0,0.0,1.0,0.0
9,9,0.0,0.0,0.0,0.0,0.0,0.0,0.0,0.0,0.0,1.0,0.0
9,9,0.0,0.0,0.0,0.0,0.0,0.0,0.0,0.0,0.0,1.0,0.0
9,9,0.0,0.0,0.0,0.0,0.0,0.0,0.0,0.0,0.0,1.0,0.0
9,9,0.0,0.0,0.0,0.0,0.0,0.0,0.0,0.0,0.0,1.0,0.0
9,9,0.0,0.0,0.0,0.0,0.0,0.0,0.0,0.0,0.0,1.0,0.0
9,9,0.0,0.0,0.0,0.0,0.0,0.0,0.0,0.0,0.0,1.0,0.0
9,9,0.0,0.0,0.0,0.0,0.0,0.0,0.0,0.0,0.0,1.0,0.0
9,9,0.0,0.0,0.0,0.0,0.0,0.0,0.0,0.0,0.0,1.0,0.0
9,9,0.0,0.0,0.0,0.0,0.0,0.0,0.0,0.0,0.0,1.0,0.0
9,9,0.0,0.0,0.0,0.0,0.0,0.0,0.0,0.0,0.0,1.0,0.0
9,9,0.0,0.0,0.0,0.0,0.0,0.0,0.0,0.0,0.0,1.0,0.0
9,9,0.0,0.0,0.0,0.0,0.0,0.0,0.0,0.0,0.0,1.0,0.0
9,9,0.0,0.0,0.0,0.0,0.0,0.0,0.0,0.0,0.0,1.0,0.0
9,9,0.0,0.0,0.0,0.0,0.0,0.0,0.0,0.0,0.0,1.0,0.0
9,9,0.0,0.0,0.0,0.0,0.0,0.0,0.0,0.0,0.0,1.0,0.0
9,9,0.0,0.0,0.0,0.0,0.0,0.0,0.0,0.0,0.0,1.0,0.0
9,9,0.0,0.0,0.0,0.0,0.0,0.0,0.0,0.0,0.0,1.0,0.0
9,9,0.0,0.0,0.0,0.0,0.0,0.0,0.0,0.0,0.0,1.0,0.0
9,9,0.0,0.0,0.0,0.0,0.0,0.0,0.0,0.0,0.0,1.0,0.0
9,9,0.0,0.0,0.0,0.0,0.0,0.0,0.0,0.0,0.0,1.0,0.0
9,9,0.0,0.0,0.0,0.0,0.0,0.0,0.0,0.0,0.0,1.0,0.0
9,9,0.0,0.0,0.0,0.0,0.0,0.0,0.0,0.0,0.0,1.0,0.0
9,9,0.0,0.0,0.0,0.0,0.0,0.0,0.0,0.0,0.0,1.0,0.0
9,9,0.0,0.0,0.0,0.0,0.0,0.0,0.0,0.0,0.0,1.0,0.0
9,9,0.0,0.0,0.0,0.0,0.0,0.0,0.0,0.0,0.0,1.0,0.0
9,9,0.0,0.0,0.0,0.0,0.0,0.0,0.0,0.0,0.0,1.0,0.0
9,9,0.0,0.0,0.0,0.0,0.0,0.0,0.0,0.0,0.0,1.0,0.0
9,9,0.0,0.0,0.0,0.0,0.0,0.0,0.0,0.0,0.0,1.0,0.0
9,9,0.0,0.0,0.0,0.0,0.0,0.0,0.0,0.0,0.0,1.0,0.0
9,9,0.0,0.0,0.0,0.0,0.0,0.0,0.0,0.0,0.0,1.0,0.0
9,9,0.0,0.0,0.0,0.0,0.0,0.0,0.0,0.0,0.0,1.0,0.0
9,9,0.0,0.0,0.0,0.0,0.0,0.0,0.0,0.0,0.0,1.0,0.0
9,9,0.0,0.0,0.0,0.0,0.0,0.0,0.0,0.0,0.0,1.0,0.0
9,9,0.0,0.0,0.0,0.0,0.0,0.0,0.0,0.0,0.0,1.0,0.0
9,9,0.0,0.0,0.0,0.0,0.0,0.0,0.0,0.0,0.0,1.0,0.0
9,9,0.0,0.0,0.0,0.0,0.0,0.0,0.0,0.0,0.0,1.0,0.0
9,9,0.0,0.0,0.0,0.0,0.0,0.0,0.0,0.0,0.0,1.0,0.0
9,9,0.0,0.0,0.0,0.0,0.0,0.0,0.0,0.0,0.0,1.0,0.0
9,9,0.0,0.0,0.0,0.0,0.0,0.0,0.0,0.0,0.0,1.0,0.0
9,9,0.0,0.0,0.0,0.0,0.0,0.0,0.0,0.0,0.0,1.0,0.0
9,9,0.0,0.0,0.0,0.0,0.0,0.0,0.0,0.0,0.0,1.0,0.0
9,9,0.0,0.0,0.0,0.0,0.0,0.0,0.0,0.0,0.0,1.0,0.0
9,9,0.0,0.0,0.0,0.0,0.0,0.0,0.0,0.0,0.0,1.0,0.0
9,9,0.0,0.0,0.0,0.0,0.0,0.0,0.0,0.0,0.0,1.0,0.0
9,9,0.0,0.0,0.0,0.0,0.0,0.0,0.0,0.0,0.0,1.0,0.0
9,9,0.0,0.0,0.0,0.0,0.0,0.0,0.0,0.0,0.0,1.0,0.0
9,9,0.0,0.0,0.0,0.0,0.0,0.0,0.0,0.0,0.0,1.0,0.0
9,9,0.0,0.0,0.0,0.0,0.0,0.0,0.0,0.0,0.0,1.0,0.0
9,9,0.0,0.0,0.0,0.0,0.0,0.0,0.0,0.0,0.0,1.0,0.0
9,9,0.0,0.0,0.0,0.0,0.0,0.0,0.0,0.0,0.0,1.0,0.0
9,9,0.0,0.0,0.0,0.0,0.0,0.0,0.0,0.0,0.0,1.0,0.0
9,9,0.0,0.0,0.0,0.0,0.0,0.0,0.0,0.0,0.0,1.0,0.0
9,9,0.0,0.0,0.0,0.0,0.0,0.0,0.0,0.0,0.0,1.0,0.0
9,9,0.0,0.0,0.0,0.0,0.0,0.0,0.0,0.0,0.0,1.0,0.0
9,9,0.0,0.0,0.0,0.0,0.0,0.0,0.0,0.0,0.0,1.0,0.0
9,9,0.0,0.0,0.0,0.0,0.0,0.0,0.0,0.0,0.0,1.0,0.0
9,9,0.0,0.0,0.0,0.0,0.0,0.0,0.0,0.0,0.0,1.0,0.0
9,9,0.0,0.0,0.0,0.0,0.0,0.0,0.0,0.0,0.0,1.0,0.0
9,9,0.0,0.0,0.0,0.0,0.0,0.0,0.0,0.0,0.0,1.0,0.0
9,9,0.0,0.0,0.0,0.0,0.0,0.0,0.0,0.0,0.0,1.0,0.0
9,9,0.0,0.0,0.0,0.0,0.0,0.0,0.0,0.0,0.0,1.0,0.0
9,9,0.0,0.0,0.0,0.0,0.0,0.0,0.0,0.0,0.0,1.0,0.0
9,9,0.0,0.0,0.0,0.0,0.0,0.0,0.0,0.0,0.0,1.0,0.0
9,9,0.0,0.0,0.0,0.0,0.0,0.0,0.0,0.0,0.0,1.0,0.0
9,9,0.0,0.0,0.0,0.0,0.0,0.0,0.0,0.0,0.0,1.0,0.0
9,9,0.0,0.0,0.0,0.0,0.0,0.0,0.0,0.0,0.0,1.0,0.0
9,9,0.0,0.0,0.0,0.0,0.0,0.0,0.0,0.0,0.0,1.0,0.0
9,9,0.0,0.0,0.0,0.0,0.0,0.0,0.0,0.0,0.0,1.0,0.0
9,9,0.0,0.0,0.0,0.0,0.0,0.0,0.0,0.0,0.0,1.0,0.0
9,9,0.0,0.0,0.0,0.0,0.0,0.0,0.0,0.0,0.0,1.0,0.0
9,9,0.0,0.0,0.0,0.0,0.0,0.0,0.0,0.0,0.0,1.0,0.0
9,9,0.0,0.0,0.0,0.0,0.0,0.0,0.0,0.0,0.0,1.0,0.0
9,9,0.0,0.0,0.0,0.0,0.0,0.0,0.0,0.0,0.0,1.0,0.0
9,9,0.0,0.0,0.0,0.0,0.0,0.0,0.0,0.0,0.0,1.0,0.0
9,9,0.0,0.0,0.0,0.0,0.0,0.0,0.0,0.0,0.0,1.0,0.0
9,9,0.0,0.0,0.0,0.0,0.0,0.0,0.0,0.0,0.0,1.0,0.0
9,9,0.0,0.0,0.0,0.0,0.0,0.0,0.0,0.0,0.0,1.0,0.0
9,9,0.0,0.0,0.0,0.0,0.0,0.0,0.0,0.0,0.0,1.0,0.0
9,9,0.0,0.0,0.0,0.0,0.0,0.0,0.0,0.0,0.0,1.0,0.0
9,9,0.0,0.0,0.0,0.0,0.0,0.0,0.0,0.0,0.0,1.0,0.0
9,9,0.0,0.0,0.0,0.0,0.0,0.0,0.0,0.0,0.0,1.0,0.0
9,9,0.0,0.0,0.0,0.0,0.0,0.0,0.0,0.0,0.0,1.0,0.0
9,9,0.0,0.0,0.0,0.0,0.0,0.0,0.0,0.0,0.0,1.0,0.0
9,9,0.0,0.0,0.0,0.0,0.0,0.0,0.0,0.0,0.0,1.0,0.0
9,9,0.0,0.0,0.0,0.0,0.0,0.0,0.0,0.0,0.0,1.0,0.0
9,9,0.0,0.0,0.0,0.0,0.0,0.0,0.0,0.0,0.0,1.0,0.0
9,9,0.0,0.0,0.0,0.0,0.0,0.0,0.0,0.0,0.0,1.0,0.0
9,9,0.0,0.0,0.0,0.0,0.0,0.0,0.0,0.0,0.0,1.0,0.0
9,9,0.0,0.0,0.0,0.0,0.0,0.0,0.0,0.0,0.0,1.0,0.0
9,9,0.0,0.0,0.0,0.0,0.0,0.0,0.0,0.0,0.0,1.0,0.0
9,9,0.0,0.0,0.0,0.0,0.0,0.0,0.0,0.0,0.0,1.0,0.0
9,9,0.0,0.0,0.0,0.0,0.0,0.0,0.0,0.0,0.0,1.0,0.0
9,9,0.0,0.0,0.0,0.0,0.0,0.0,0.0,0.0,0.0,1.0,0.0
9,9,0.0,0.0,0.0,0.0,0.0,0.0,0.0,0.0,0.0,1.0,0.0
9,9,0.0,0.0,0.0,0.0,0.0,0.0,0.0,0.0,0.0,1.0,0.0
9,9,0.0,0.0,0.0,0.0,0.0,0.0,0.0,0.0,0.0,1.0,0.0
9,9,0.0,0.0,0.0,0.0,0.0,0.0,0.0,0.0,0.0,1.0,0.0
9,9,0.0,0.0,0.0,0.0,0.0,0.0,0.0,0.0,0.0,1.0,0.0
9,9,0.0,0.0,0.0,0.0,0.0,0.0,0.0,0.0,0.0,1.0,0.0
9,9,0.0,0.0,0.0,0.0,0.0,0.0,0.0,0.0,0.0,1.0,0.0
9,9,0.0,0.0,0.0,0.0,0.0,0.0,0.0,0.0,0.0,1.0,0.0
9,9,0.0,0.0,0.0,0.0,0.0,0.0,0.0,0.0,0.0,1.0,0.0
9,9,0.0,0.0,0.0,0.0,0.0,0.0,0.0,0.0,0.0,1.0,0.0
9,9,0.0,0.0,0.0,0.0,0.0,0.0,0.0,0.0,0.0,1.0,0.0
9,9,0.0,0.0,0.0,0.0,0.0,0.0,0.0,0.0,0.0,1.0,0.0
9,9,0.0,0.0,0.0,0.0,0.0,0.0,0.0,0.0,0.0,1.0,0.0
9,9,0.0,0.0,0.0,0.0,0.0,0.0,0.0,0.0,0.0,1.0,0.0
9,9,0.0,0.0,0.0,0.0,0.0,0.0,0.0,0.0,0.0,1.0,0.0
9,9,0.0,0.0,0.0,0.0,0.0,0.0,0.0,0.0,0.0,1.0,0.0
9,9,0.0,0.0,0.0,0.0,0.0,0.0,0.0,0.0,0.0,1.0,0.0
9,9,0.0,0.0,0.0,0.0,0.0,0.0,0.0,0.0,0.0,1.0,0.0
9,9,0.0,0.0,0.0,0.0,0.0,0.0,0.0,0.0,0.0,1.0,0.0
9,9,0.0,0.0,0.0,0.0,0.0,0.0,0.0,0.0,0.0,1.0,0.0
9,9,0.0,0.0,0.0,0.0,0.0,0.0,0.0,0.0,0.0,1.0,0.0
9,9,0.0,0.0,0.0,0.0,0.0,0.0,0.0,0.0,0.0,1.0,0.0
9,9,0.0,0.0,0.0,0.0,0.0,0.0,0.0,0.0,0.0,1.0,0.0
9,9,0.0,0.0,0.0,0.0,0.0,0.0,0.0,0.0,0.0,1.0,0.0
9,9,0.0,0.0,0.0,0.0,0.0,0.0,0.0,0.0,0.0,1.0,0.0
9,9,0.0,0.0,0.0,0.0,0.0,0.0,0.0,0.0,0.0,1.0,0.0
9,9,0.0,0.0,0.0,0.0,0.0,0.0,0.0,0.0,0.0,1.0,0.0
9,9,0.0,0.0,0.0,0.0,0.0,0.0,0.0,0.0,0.0,1.0,0.0
9,9,0.0,0.0,0.0,0.0,0.0,0.0,0.0,0.0,0.0,1.0,0.0
9,9,0.0,0.0,0.0,0.0,0.0,0.0,0.0,0.0,0.0,1.0,0.0
9,9,0.0,0.0,0.0,0.0,0.0,0.0,0.0,0.0,0.0,1.0,0.0
9,9,0.0,0.0,0.0,0.0,0.0,0.0,0.0,0.0,0.0,1.0,0.0
9,9,0.0,0.0,0.0,0.0,0.0,0.0,0.0,0.0,0.0,1.0,0.0
9,9,0.0,0.0,0.0,0.0,0.0,0.0,0.0,0.0,0.0,1.0,0.0
9,9,0.0,0.0,0.0,0.0,0.0,0.0,0.0,0.0,0.0,1.0,0.0
9,9,0.0,0.0,0.0,0.0,0.0,0.0,0.0,0.0,0.0,1.0,0.0
9,9,0.0,0.0,0.0,0.0,0.0,0.0,0.0,0.0,0.0,1.0,0.0
9,9,0.0,0.0,0.0,0.0,0.0,0.0,0.0,0.0,0.0,1.0,0.0
9,9,0.0,0.0,0.0,0.0,0.0,0.0,0.0,0.0,0.0,1.0,0.0
9,9,0.0,0.0,0.0,0.0,0.0,0.0,0.0,0.0,0.0,1.0,0.0
9,9,0.0,0.0,0.0,0.0,0.0,0.0,0.0,0.0,0.0,1.0,0.0
9,9,0.0,0.0,0.0,0.0,0.0,0.0,0.0,0.0,0.0,1.0,0.0
9,9,0.0,0.0,0.0,0.0,0.0,0.0,0.0,0.0,0.0,1.0,0.0
9,9,0.0,0.0,0.0,0.0,0.0,0.0,0.0,0.0,0.0,1.0,0.0
9,9,0.0,0.0,0.0,0.0,0.0,0.0,0.0,0.0,0.0,1.0,0.0
9,9,0.0,0.0,0.0,0.0,0.0,0.0,0.0,0.0,0.0,1.0,0.0
9,9,0.0,0.0,0.0,0.0,0.0,0.0,0.0,0.0,0.0,1.0,0.0
9,9,0.0,0.0,0.0,0.0,0.0,0.0,0.0,0.0,0.0,1.0,0.0
9,9,0.0,0.0,0.0,0.0,0.0,0.0,0.0,0.0,0.0,1.0,0.0
9,9,0.0,0.0,0.0,0.0,0.0,0.0,0.0,0.0,0.0,1.0,0.0
9,9,0.0,0.0,0.0,0.0,0.0,0.0,0.0,0.0,0.0,1.0,0.0
9,9,0.0,0.0,0.0,0.0,0.0,0.0,0.0,0.0,0.0,1.0,0.0
9,9,0.0,0.0,0.0,0.0,0.0,0.0,0.0,0.0,0.0,1.0,0.0
9,9,0.0,0.0,0.0,0.0,0.0,0.0,0.0,0.0,0.0,1.0,0.0
9,9,0.0,0.0,0.0,0.0,0.0,0.0,0.0,0.0,0.0,1.0,0.0
9,9,0.0,0.0,0.0,0.0,0.0,0.0,0.0,0.0,0.0,1.0,0.0
9,9,0.0,0.0,0.0,0.0,0.0,0.0,0.0,0.0,0.0,1.0,0.0
9,9,0.0,0.0,0.0,0.0,0.0,0.0,0.0,0.0,0.0,1.0,0.0
9,9,0.0,0.0,0.0,0.0,0.0,0.0,0.0,0.0,0.0,1.0,0.0
9,9,0.0,0.0,0.0,0.0,0.0,0.0,0.0,0.0,0.0,1.0,0.0
9,9,0.0,0.0,0.0,0.0,0.0,0.0,0.0,0.0,0.0,1.0,0.0
9,9,0.0,0.0,0.0,0.0,0.0,0.0,0.0,0.0,0.0,1.0,0.0
9,9,0.0,0.0,0.0,0.0,0.0,0.0,0.0,0.0,0.0,1.0,0.0
9,9,0.0,0.0,0.0,0.0,0.0,0.0,0.0,0.0,0.0,1.0,0.0
9,9,0.0,0.0,0.0,0.0,0.0,0.0,0.0,0.0,0.0,1.0,0.0
9,9,0.0,0.0,0.0,0.0,0.0,0.0,0.0,0.0,0.0,1.0,0.0
9,9,0.0,0.0,0.0,0.0,0.0,0.0,0.0,0.0,0.0,1.0,0.0
9,9,0.0,0.0,0.0,0.0,0.0,0.0,0.0,0.0,0.0,1.0,0.0
9,9,0.0,0.0,0.0,0.0,0.0,0.0,0.0,0.0,0.0,1.0,0.0
9,9,0.0,0.0,0.0,0.0,0.0,0.0,0.0,0.0,0.0,1.0,0.0
9,9,0.0,0.0,0.0,0.0,0.0,0.0,0.0,0.0,0.0,1.0,0.0
9,9,0.0,0.0,0.0,0.0,0.0,0.0,0.0,0.0,0.0,1.0,0.0
9,9,0.0,0.0,0.0,0.0,0.0,0.0,0.0,0.0,0.0,1.0,0.0
9,9,0.0,0.0,0.0,0.0,0.0,0.0,0.0,0.0,0.0,1.0,0.0
9,9,0.0,0.0,0.0,0.0,0.0,0.0,0.0,0.0,0.0,1.0,0.0
9,9,0.0,0.0,0.0,0.0,0.0,0.0,0.0,0.0,0.0,1.0,0.0
9,9,0.0,0.0,0.0,0.0,0.0,0.0,0.0,0.0,0.0,1.0,0.0
9,9,0.0,0.0,0.0,0.0,0.0,0.0,0.0,0.0,0.0,1.0,0.0
9,9,0.0,0.0,0.0,0.0,0.0,0.0,0.0,0.0,0.0,1.0,0.0
9,9,0.0,0.0,0.0,0.0,0.0,0.0,0.0,0.0,0.0,1.0,0.0
9,9,0.0,0.0,0.0,0.0,0.0,0.0,0.0,0.0,0.0,1.0,0.0
9,9,0.0,0.0,0.0,0.0,0.0,0.0,0.0,0.0,0.0,1.0,0.0
9,9,0.0,0.0,0.0,0.0,0.0,0.0,0.0,0.0,0.0,1.0,0.0
9,9,0.0,0.0,0.0,0.0,0.0,0.0,0.0,0.0,0.0,1.0,0.0
9,9,0.0,0.0,0.0,0.0,0.0,0.0,0.0,0.0,0.0,1.0,0.0
9,9,0.0,0.0,0.0,0.0,0.0,0.0,0.0,0.0,0.0,1.0,0.0
9,9,0.0,0.0,0.0,0.0,0.0,0.0,0.0,0.0,0.0,1.0,0.0
9,9,0.0,0.0,0.0,0.0,0.0,0.0,0.0,0.0,0.0,1.0,0.0
9,9,0.0,0.0,0.0,0.0,0.0,0.0,0.0,0.0,0.0,1.0,0.0
9,9,0.0,0.0,0.0,0.0,0.0,0.0,0.0,0.0,0.0,1.0,0.0
9,9,0.0,0.0,0.0,0.0,0.0,0.0,0.0,0.0,0.0,1.0,0.0
9,9,0.0,0.0,0.0,0.0,0.0,0.0,0.0,0.0,0.0,1.0,0.0
9,9,0.0,0.0,0.0,0.0,0.0,0.0,0.0,0.0,0.0,1.0,0.0
9,9,0.0,0.0,0.0,0.0,0.0,0.0,0.0,0.0,0.0,1.0,0.0
9,9,0.0,0.0,0.0,0.0,0.0,0.0,0.0,0.0,0.0,1.0,0.0
9,9,0.0,0.0,0.0,0.0,0.0,0.0,0.0,0.0,0.0,1.0,0.0
9,9,0.0,0.0,0.0,0.0,0.0,0.0,0.0,0.0,0.0,1.0,0.0
9,9,0.0,0.0,0.0,0.0,0.0,0.0,0.0,0.0,0.0,1.0,0.0
9,9,0.0,0.0,0.0,0.0,0.0,0.0,0.0,0.0,0.0,1.0,0.0
9,9,0.0,0.0,0.0,0.0,0.0,0.0,0.0,0.0,0.0,1.0,0.0
9,9,0.0,0.0,0.0,0.0,0.0,0.0,0.0,0.0,0.0,1.0,0.0
9,9,0.0,0.0,0.0,0.0,0.0,0.0,0.0,0.0,0.0,1.0,0.0
9,9,0.0,0.0,0.0,0.0,0.0,0.0,0.0,0.0,0.0,1.0,0.0
9,9,0.0,0.0,0.0,0.0,0.0,0.0,0.0,0.0,0.0,1.0,0.0
9,9,0.0,0.0,0.0,0.0,0.0,0.0,0.0,0.0,0.0,1.0,0.0
9,9,0.0,0.0,0.0,0.0,0.0,0.0,0.0,0.0,0.0,1.0,0.0
9,9,0.0,0.0,0.0,0.0,0.0,0.0,0.0,0.0,0.0,1.0,0.0
9,9,0.0,0.0,0.0,0.0,0.0,0.0,0.0,0.0,0.0,1.0,0.0
9,9,0.0,0.0,0.0,0.0,0.0,0.0,0.0,0.0,0.0,1.0,0.0
9,9,0.0,0.0,0.0,0.0,0.0,0.0,0.0,0.0,0.0,1.0,0.0
9,9,0.0,0.0,0.0,0.0,0.0,0.0,0.0,0.0,0.0,1.0,0.0
9,9,0.0,0.0,0.0,0.0,0.0,0.0,0.0,0.0,0.0,1.0,0.0
9,9,0.0,0.0,0.0,0.0,0.0,0.0,0.0,0.0,0.0,1.0,0.0
9,9,0.0,0.0,0.0,0.0,0.0,0.0,0.0,0.0,0.0,1.0,0.0
9,9,0.0,0.0,0.0,0.0,0.0,0.0,0.0,0.0,0.0,1.0,0.0
9,9,0.0,0.0,0.0,0.0,0.0,0.0,0.0,0.0,0.0,1.0,0.0
9,9,0.0,0.0,0.0,0.0,0.0,0.0,0.0,0.0,0.0,1.0,0.0
9,9,0.0,0.0,0.0,0.0,0.0,0.0,0.0,0.0,0.0,1.0,0.0
9,9,0.0,0.0,0.0,0.0,0.0,0.0,0.0,0.0,0.0,1.0,0.0
9,9,0.0,0.0,0.0,0.0,0.0,0.0,0.0,0.0,0.0,1.0,0.0
9,9,0.0,0.0,0.0,0.0,0.0,0.0,0.0,0.0,0.0,1.0,0.0
9,9,0.0,0.0,0.0,0.0,0.0,0.0,0.0,0.0,0.0,1.0,0.0
9,9,0.0,0.0,0.0,0.0,0.0,0.0,0.0,0.0,0.0,1.0,0.0
9,9,0.0,0.0,0.0,0.0,0.0,0.0,0.0,0.0,0.0,1.0,0.0
9,9,0.0,0.0,0.0,0.0,0.0,0.0,0.0,0.0,0.0,1.0,0.0
9,9,0.0,0.0,0.0,0.0,0.0,0.0,0.0,0.0,0.0,1.0,0.0
9,9,0.0,0.0,0.0,0.0,0.0,0.0,0.0,0.0,0.0,1.0,0.0
9,9,0.0,0.0,0.0,0.0,0.0,0.0,0.0,0.0,0.0,1.0,0.0
9,9,0.0,0.0,0.0,0.0,0.0,0.0,0.0,0.0,0.0,1.0,0.0
9,9,0.0,0.0,0.0,0.0,0.0,0.0,0.0,0.0,0.0,1.0,0.0
9,9,0.0,0.0,0.0,0.0,0.0,0.0,0.0,0.0,0.0,1.0,0.0
9,9,0.0,0.0,0.0,0.0,0.0,0.0,0.0,0.0,0.0,1.0,0.0
9,9,0.0,0.0,0.0,0.0,0.0,0.0,0.0,0.0,0.0,1.0,0.0
9,9,0.0,0.0,0.0,0.0,0.0,0.0,0.0,0.0,0.0,1.0,0.0
9,9,0.0,0.0,0.0,0.0,0.0,0.0,0.0,0.0,0.0,1.0,0.0
9,9,0.0,0.0,0.0,0.0,0.0,0.0,0.0,0.0,0.0,1.0,0.0
9,9,0.0,0.0,0.0,0.0,0.0,0.0,0.0,0.0,0.0,1.0,0.0
9,9,0.0,0.0,0.0,0.0,0.0,0.0,0.0,0.0,0.0,1.0,0.0
9,9,0.0,0.0,0.0,0.0,0.0,0.0,0.0,0.0,0.0,1.0,0.0
9,9,0.0,0.0,0.0,0.0,0.0,0.0,0.0,0.0,0.0,1.0,0.0
9,9,0.0,0.0,0.0,0.0,0.0,0.0,0.0,0.0,0.0,1.0,0.0
9,9,0.0,0.0,0.0,0.0,0.0,0.0,0.0,0.0,0.0,1.0,0.0
9,9,0.0,0.0,0.0,0.0,0.0,0.0,0.0,0.0,0.0,1.0,0.0
9,9,0.0,0.0,0.0,0.0,0.0,0.0,0.0,0.0,0.0,1.0,0.0
9,9,0.0,0.0,0.0,0.0,0.0,0.0,0.0,0.0,0.0,1.0,0.0
9,9,0.0,0.0,0.0,0.0,0.0,0.0,0.0,0.0,0.0,1.0,0.0
9,9,0.0,0.0,0.0,0.0,0.0,0.0,0.0,0.0,0.0,1.0,0.0
9,9,0.0,0.0,0.0,0.0,0.0,0.0,0.0,0.0,0.0,1.0,0.0
9,9,0.0,0.0,0.0,0.0,0.0,0.0,0.0,0.0,0.0,1.0,0.0
9,9,0.0,0.0,0.0,0.0,0.0,0.0,0.0,0.0,0.0,1.0,0.0
9,9,0.0,0.0,0.0,0.0,0.0,0.0,0.0,0.0,0.0,1.0,0.0
9,9,0.0,0.0,0.0,0.0,0.0,0.0,0.0,0.0,0.0,1.0,0.0
9,9,0.0,0.0,0.0,0.0,0.0,0.0,0.0,0.0,0.0,1.0,0.0
9,9,0.0,0.0,0.0,0.0,0.0,0.0,0.0,0.0,0.0,1.0,0.0
9,9,0.0,0.0,0.0,0.0,0.0,0.0,0.0,0.0,0.0,1.0,0.0
9,9,0.0,0.0,0.0,0.0,0.0,0.0,0.0,0.0,0.0,1.0,0.0
9,9,0.0,0.0,0.0,0.0,0.0,0.0,0.0,0.0,0.0,1.0,0.0
9,9,0.0,0.0,0.0,0.0,0.0,0.0,0.0,0.0,0.0,1.0,0.0
9,9,0.0,0.0,0.0,0.0,0.0,0.0,0.0,0.0,0.0,1.0,0.0
9,9,0.0,0.0,0.0,0.0,0.0,0.0,0.0,0.0,0.0,1.0,0.0
9,9,0.0,0.0,0.0,0.0,0.0,0.0,0.0,0.0,0.0,1.0,0.0
9,9,0.0,0.0,0.0,0.0,0.0,0.0,0.0,0.0,0.0,1.0,0.0
9,9,0.0,0.0,0.0,0.0,0.0,0.0,0.0,0.0,0.0,1.0,0.0
9,9,0.0,0.0,0.0,0.0,0.0,0.0,0.0,0.0,0.0,1.0,0.0
9,9,0.0,0.0,0.0,0.0,0.0,0.0,0.0,0.0,0.0,1.0,0.0
9,9,0.0,0.0,0.0,0.0,0.0,0.0,0.0,0.0,0.0,1.0,0.0
9,9,0.0,0.0,0.0,0.0,0.0,0.0,0.0,0.0,0.0,1.0,0.0
9,9,0.0,0.0,0.0,0.0,0.0,0.0,0.0,0.0,0.0,1.0,0.0
9,9,0.0,0.0,0.0,0.0,0.0,0.0,0.0,0.0,0.0,1.0,0.0
9,9,0.0,0.0,0.0,0.0,0.0,0.0,0.0,0.0,0.0,1.0,0.0
9,9,0.0,0.0,0.0,0.0,0.0,0.0,0.0,0.0,0.0,1.0,0.0
9,9,0.0,0.0,0.0,0.0,0.0,0.0,0.0,0.0,0.0,1.0,0.0
9,9,0.0,0.0,0.0,0.0,0.0,0.0,0.0,0.0,0.0,1.0,0.0
9,9,0.0,0.0,0.0,0.0,0.0,0.0,0.0,0.0,0.0,1.0,0.0
9,9,0.0,0.0,0.0,0.0,0.0,0.0,0.0,0.0,0.0,1.0,0.0
9,9,0.0,0.0,0.0,0.0,0.0,0.0,0.0,0.0,0.0,1.0,0.0
9,9,0.0,0.0,0.0,0.0,0.0,0.0,0.0,0.0,0.0,1.0,0.0
9,9,0.0,0.0,0.0,0.0,0.0,0.0,0.0,0.0,0.0,1.0,0.0
9,9,0.0,0.0,0.0,0.0,0.0,0.0,0.0,0.0,0.0,1.0,0.0
9,9,0.0,0.0,0.0,0.0,0.0,0.0,0.0,0.0,0.0,1.0,0.0
9,9,0.0,0.0,0.0,0.0,0.0,0.0,0.0,0.0,0.0,1.0,0.0
9,9,0.0,0.0,0.0,0.0,0.0,0.0,0.0,0.0,0.0,1.0,0.0
9,9,0.0,0.0,0.0,0.0,0.0,0.0,0.0,0.0,0.0,1.0,0.0
9,9,0.0,0.0,0.0,0.0,0.0,0.0,0.0,0.0,0.0,1.0,0.0
9,9,0.0,0.0,0.0,0.0,0.0,0.0,0.0,0.0,0.0,1.0,0.0
9,9,0.0,0.0,0.0,0.0,0.0,0.0,0.0,0.0,0.0,1.0,0.0
9,9,0.0,0.0,0.0,0.0,0.0,0.0,0.0,0.0,0.0,1.0,0.0
9,9,0.0,0.0,0.0,0.0,0.0,0.0,0.0,0.0,0.0,1.0,0.0
9,9,0.0,0.0,0.0,0.0,0.0,0.0,0.0,0.0,0.0,1.0,0.0
9,9,0.0,0.0,0.0,0.0,0.0,0.0,0.0,0.0,0.0,1.0,0.0
9,9,0.0,0.0,0.0,0.0,0.0,0.0,0.0,0.0,0.0,1.0,0.0
9,9,0.0,0.0,0.0,0.0,0.0,0.0,0.0,0.0,0.0,1.0,0.0
9,9,0.0,0.0,0.0,0.0,0.0,0.0,0.0,0.0,0.0,1.0,0.0
9,9,0.0,0.0,0.0,0.0,0.0,0.0,0.0,0.0,0.0,1.0,0.0
9,9,0.0,0.0,0.0,0.0,0.0,0.0,0.0,0.0,0.0,1.0,0.0
9,9,0.0,0.0,0.0,0.0,0.0,0.0,0.0,0.0,0.0,1.0,0.0
9,9,0.0,0.0,0.0,0.0,0.0,0.0,0.0,0.0,0.0,1.0,0.0
9,9,0.0,0.0,0.0,0.0,0.0,0.0,0.0,0.0,0.0,1.0,0.0
9,9,0.0,0.0,0.0,0.0,0.0,0.0,0.0,0.0,0.0,1.0,0.0
9,9,0.0,0.0,0.0,0.0,0.0,0.0,0.0,0.0,0.0,1.0,0.0
9,9,0.0,0.0,0.0,0.0,0.0,0.0,0.0,0.0,0.0,1.0,0.0
9,9,0.0,0.0,0.0,0.0,0.0,0.0,0.0,0.0,0.0,1.0,0.0
9,9,0.0,0.0,0.0,0.0,0.0,0.0,0.0,0.0,0.0,1.0,0.0
9,9,0.0,0.0,0.0,0.0,0.0,0.0,0.0,0.0,0.0,1.0,0.0
9,9,0.0,0.0,0.0,0.0,0.0,0.0,0.0,0.0,0.0,1.0,0.0
9,9,0.0,0.0,0.0,0.0,0.0,0.0,0.0,0.0,0.0,1.0,0.0
9,9,0.0,0.0,0.0,0.0,0.0,0.0,0.0,0.0,0.0,1.0,0.0
9,9,0.0,0.0,0.0,0.0,0.0,0.0,0.0,0.0,0.0,1.0,0.0
9,9,0.0,0.0,0.0,0.0,0.0,0.0,0.0,0.0,0.0,1.0,0.0
9,9,0.0,0.0,0.0,0.0,0.0,0.0,0.0,0.0,0.0,1.0,0.0
9,9,0.0,0.0,0.0,0.0,0.0,0.0,0.0,0.0,0.0,1.0,0.0
9,9,0.0,0.0,0.0,0.0,0.0,0.0,0.0,0.0,0.0,1.0,0.0
9,9,0.0,0.0,0.0,0.0,0.0,0.0,0.0,0.0,0.0,1.0,0.0
9,9,0.0,0.0,0.0,0.0,0.0,0.0,0.0,0.0,0.0,1.0,0.0
9,9,0.0,0.0,0.0,0.0,0.0,0.0,0.0,0.0,0.0,1.0,0.0
9,9,0.0,0.0,0.0,0.0,0.0,0.0,0.0,0.0,0.0,1.0,0.0
9,9,0.0,0.0,0.0,0.0,0.0,0.0,0.0,0.0,0.0,1.0,0.0
9,9,0.0,0.0,0.0,0.0,0.0,0.0,0.0,0.0,0.0,1.0,0.0
9,9,0.0,0.0,0.0,0.0,0.0,0.0,0.0,0.0,0.0,1.0,0.0
9,9,0.0,0.0,0.0,0.0,0.0,0.0,0.0,0.0,0.0,1.0,0.0
9,9,0.0,0.0,0.0,0.0,0.0,0.0,0.0,0.0,0.0,1.0,0.0
9,9,0.0,0.0,0.0,0.0,0.0,0.0,0.0,0.0,0.0,1.0,0.0
9,9,0.0,0.0,0.0,0.0,0.0,0.0,0.0,0.0,0.0,1.0,0.0
9,9,0.0,0.0,0.0,0.0,0.0,0.0,0.0,0.0,0.0,1.0,0.0
9,9,0.0,0.0,0.0,0.0,0.0,0.0,0.0,0.0,0.0,1.0,0.0
9,9,0.0,0.0,0.0,0.0,0.0,0.0,0.0,0.0,0.0,1.0,0.0
9,9,0.0,0.0,0.0,0.0,0.0,0.0,0.0,0.0,0.0,1.0,0.0
9,9,0.0,0.0,0.0,0.0,0.0,0.0,0.0,0.0,0.0,1.0,0.0
9,9,0.0,0.0,0.0,0.0,0.0,0.0,0.0,0.0,0.0,1.0,0.0
9,9,0.0,0.0,0.0,0.0,0.0,0.0,0.0,0.0,0.0,1.0,0.0
9,9,0.0,0.0,0.0,0.0,0.0,0.0,0.0,0.0,0.0,1.0,0.0
9,9,0.0,0.0,0.0,0.0,0.0,0.0,0.0,0.0,0.0,1.0,0.0
9,9,0.0,0.0,0.0,0.0,0.0,0.0,0.0,0.0,0.0,1.0,0.0
9,9,0.0,0.0,0.0,0.0,0.0,0.0,0.0,0.0,0.0,1.0,0.0
9,9,0.0,0.0,0.0,0.0,0.0,0.0,0.0,0.0,0.0,1.0,0.0
9,9,0.0,0.0,0.0,0.0,0.0,0.0,0.0,0.0,0.0,1.0,0.0
9,9,0.0,0.0,0.0,0.0,0.0,0.0,0.0,0.0,0.0,1.0,0.0
9,9,0.0,0.0,0.0,0.0,0.0,0.0,0.0,0.0,0.0,1.0,0.0
9,9,0.0,0.0,0.0,0.0,0.0,0.0,0.0,0.0,0.0,1.0,0.0
9,9,0.0,0.0,0.0,0.0,0.0,0.0,0.0,0.0,0.0,1.0,0.0
9,9,0.0,0.0,0.0,0.0,0.0,0.0,0.0,0.0,0.0,1.0,0.0
9,9,0.0,0.0,0.0,0.0,0.0,0.0,0.0,0.0,0.0,1.0,0.0
9,9,0.0,0.0,0.0,0.0,0.0,0.0,0.0,0.0,0.0,1.0,0.0
9,9,0.0,0.0,0.0,0.0,0.0,0.0,0.0,0.0,0.0,1.0,0.0
9,9,0.0,0.0,0.0,0.0,0.0,0.0,0.0,0.0,0.0,1.0,0.0
9,9,0.0,0.0,0.0,0.0,0.0,0.0,0.0,0.0,0.0,1.0,0.0
9,9,0.0,0.0,0.0,0.0,0.0,0.0,0.0,0.0,0.0,1.0,0.0
9,9,0.0,0.0,0.0,0.0,0.0,0.0,0.0,0.0,0.0,1.0,0.0
9,9,0.0,0.0,0.0,0.0,0.0,0.0,0.0,0.0,0.0,1.0,0.0
9,9,0.0,0.0,0.0,0.0,0.0,0.0,0.0,0.0,0.0,1.0,0.0
9,9,0.0,0.0,0.0,0.0,0.0,0.0,0.0,0.0,0.0,1.0,0.0
9,9,0.0,0.0,0.0,0.0,0.0,0.0,0.0,0.0,0.0,1.0,0.0
9,9,0.0,0.0,0.0,0.0,0.0,0.0,0.0,0.0,0.0,1.0,0.0
9,9,0.0,0.0,0.0,0.0,0.0,0.0,0.0,0.0,0.0,1.0,0.0
9,9,0.0,0.0,0.0,0.0,0.0,0.0,0.0,0.0,0.0,1.0,0.0
9,9,0.0,0.0,0.0,0.0,0.0,0.0,0.0,0.0,0.0,1.0,0.0
9,9,0.0,0.0,0.0,0.0,0.0,0.0,0.0,0.0,0.0,1.0,0.0
9,9,0.0,0.0,0.0,0.0,0.0,0.0,0.0,0.0,0.0,1.0,0.0
9,9,0.0,0.0,0.0,0.0,0.0,0.0,0.0,0.0,0.0,1.0,0.0
9,9,0.0,0.0,0.0,0.0,0.0,0.0,0.0,0.0,0.0,1.0,0.0
9,9,0.0,0.0,0.0,0.0,0.0,0.0,0.0,0.0,0.0,1.0,0.0
9,9,0.0,0.0,0.0,0.0,0.0,0.0,0.0,0.0,0.0,1.0,0.0
9,9,0.0,0.0,0.0,0.0,0.0,0.0,0.0,0.0,0.0,1.0,0.0
9,9,0.0,0.0,0.0,0.0,0.0,0.0,0.0,0.0,0.0,1.0,0.0
9,9,0.0,0.0,0.0,0.0,0.0,0.0,0.0,0.0,0.0,1.0,0.0
9,9,0.0,0.0,0.0,0.0,0.0,0.0,0.0,0.0,0.0,1.0,0.0
9,9,0.0,0.0,0.0,0.0,0.0,0.0,0.0,0.0,0.0,1.0,0.0
9,9,0.0,0.0,0.0,0.0,0.0,0.0,0.0,0.0,0.0,1.0,0.0
9,9,0.0,0.0,0.0,0.0,0.0,0.0,0.0,0.0,0.0,1.0,0.0
9,9,0.0,0.0,0.0,0.0,0.0,0.0,0.0,0.0,0.0,1.0,0.0
9,9,0.0,0.0,0.0,0.0,0.0,0.0,0.0,0.0,0.0,1.0,0.0
9,9,0.0,0.0,0.0,0.0,0.0,0.0,0.0,0.0,0.0,1.0,0.0
9,9,0.0,0.0,0.0,0.0,0.0,0.0,0.0,0.0,0.0,1.0,0.0
9,9,0.0,0.0,0.0,0.0,0.0,0.0,0.0,0.0,0.0,1.0,0.0
9,9,0.0,0.0,0.0,0.0,0.0,0.0,0.0,0.0,0.0,1.0,0.0
9,9,0.0,0.0,0.0,0.0,0.0,0.0,0.0,0.0,0.0,1.0,0.0
9,9,0.0,0.0,0.0,0.0,0.0,0.0,0.0,0.0,0.0,1.0,0.0
9,9,0.0,0.0,0.0,0.0,0.0,0.0,0.0,0.0,0.0,1.0,0.0
9,9,0.0,0.0,0.0,0.0,0.0,0.0,0.0,0.0,0.0,1.0,0.0
9,9,0.0,0.0,0.0,0.0,0.0,0.0,0.0,0.0,0.0,1.0,0.0
9,9,0.0,0.0,0.0,0.0,0.0,0.0,0.0,0.0,0.0,1.0,0.0
9,9,0.0,0.0,0.0,0.0,0.0,0.0,0.0,0.0,0.0,1.0,0.0
9,9,0.0,0.0,0.0,0.0,0.0,0.0,0.0,0.0,0.0,1.0,0.0
9,9,0.0,0.0,0.0,0.0,0.0,0.0,0.0,0.0,0.0,1.0,0.0
9,9,0.0,0.0,0.0,0.0,0.0,0.0,0.0,0.0,0.0,1.0,0.0
9,9,0.0,0.0,0.0,0.0,0.0,0.0,0.0,0.0,0.0,1.0,0.0
9,9,0.0,0.0,0.0,0.0,0.0,0.0,0.0,0.0,0.0,1.0,0.0
9,9,0.0,0.0,0.0,0.0,0.0,0.0,0.0,0.0,0.0,1.0,0.0
9,9,0.0,0.0,0.0,0.0,0.0,0.0,0.0,0.0,0.0,1.0,0.0
9,9,0.0,0.0,0.0,0.0,0.0,0.0,0.0,0.0,0.0,1.0,0.0
9,9,0.0,0.0,0.0,0.0,0.0,0.0,0.0,0.0,0.0,1.0,0.0
9,9,0.0,0.0,0.0,0.0,0.0,0.0,0.0,0.0,0.0,1.0,0.0
9,9,0.0,0.0,0.0,0.0,0.0,0.0,0.0,0.0,0.0,1.0,0.0
9,9,0.0,0.0,0.0,0.0,0.0,0.0,0.0,0.0,0.0,1.0,0.0
9,9,0.0,0.0,0.0,0.0,0.0,0.0,0.0,0.0,0.0,1.0,0.0
9,9,0.0,0.0,0.0,0.0,0.0,0.0,0.0,0.0,0.0,1.0,0.0
9,9,0.0,0.0,0.0,0.0,0.0,0.0,0.0,0.0,0.0,1.0,0.0
9,9,0.0,0.0,0.0,0.0,0.0,0.0,0.0,0.0,0.0,1.0,0.0
9,9,0.0,0.0,0.0,0.0,0.0,0.0,0.0,0.0,0.0,1.0,0.0
9,9,0.0,0.0,0.0,0.0,0.0,0.0,0.0,0.0,0.0,1.0,0.0
9,9,0.0,0.0,0.0,0.0,0.0,0.0,0.0,0.0,0.0,1.0,0.0
9,9,0.0,0.0,0.0,0.0,0.0,0.0,0.0,0.0,0.0,1.0,0.0
9,9,0.0,0.0,0.0,0.0,0.0,0.0,0.0,0.0,0.0,1.0,0.0
9,9,0.0,0.0,0.0,0.0,0.0,0.0,0.0,0.0,0.0,1.0,0.0
9,9,0.0,0.0,0.0,0.0,0.0,0.0,0.0,0.0,0.0,1.0,0.0
9,9,0.0,0.0,0.0,0.0,0.0,0.0,0.0,0.0,0.0,1.0,0.0
9,9,0.0,0.0,0.0,0.0,0.0,0.0,0.0,0.0,0.0,1.0,0.0
9,9,0.0,0.0,0.0,0.0,0.0,0.0,0.0,0.0,0.0,1.0,0.0
9,9,0.0,0.0,0.0,0.0,0.0,0.0,0.0,0.0,0.0,1.0,0.0
9,9,0.0,0.0,0.0,0.0,0.0,0.0,0.0,0.0,0.0,1.0,0.0
9,9,0.0,0.0,0.0,0.0,0.0,0.0,0.0,0.0,0.0,1.0,0.0
9,9,0.0,0.0,0.0,0.0,0.0,0.0,0.0,0.0,0.0,1.0,0.0
9,9,0.0,0.0,0.0,0.0,0.0,0.0,0.0,0.0,0.0,1.0,0.0
9,9,0.0,0.0,0.0,0.0,0.0,0.0,0.0,0.0,0.0,1.0,0.0
9,9,0.0,0.0,0.0,0.0,0.0,0.0,0.0,0.0,0.0,1.0,0.0
9,9,0.0,0.0,0.0,0.0,0.0,0.0,0.0,0.0,0.0,1.0,0.0
9,9,0.0,0.0,0.0,0.0,0.0,0.0,0.0,0.0,0.0,1.0,0.0
9,9,0.0,0.0,0.0,0.0,0.0,0.0,0.0,0.0,0.0,1.0,0.0
9,9,0.0,0.0,0.0,0.0,0.0,0.0,0.0,0.0,0.0,1.0,0.0
9,9,0.0,0.0,0.0,0.0,0.0,0.0,0.0,0.0,0.0,1.0,0.0
9,9,0.0,0.0,0.0,0.0,0.0,0.0,0.0,0.0,0.0,1.0,0.0
9,9,0.0,0.0,0.0,0.0,0.0,0.0,0.0,0.0,0.0,1.0,0.0
9,9,0.0,0.0,0.0,0.0,0.0,0.0,0.0,0.0,0.0,1.0,0.0
9,9,0.0,0.0,0.0,0.0,0.0,0.0,0.0,0.0,0.0,1.0,0.0
9,9,0.0,0.0,0.0,0.0,0.0,0.0,0.0,0.0,0.0,1.0,0.0
9,9,0.0,0.0,0.0,0.0,0.0,0.0,0.0,0.0,0.0,1.0,0.0
9,9,0.0,0.0,0.0,0.0,0.0,0.0,0.0,0.0,0.0,1.0,0.0
9,9,0.0,0.0,0.0,0.0,0.0,0.0,0.0,0.0,0.0,1.0,0.0
9,9,0.0,0.0,0.0,0.0,0.0,0.0,0.0,0.0,0.0,1.0,0.0
9,9,0.0,0.0,0.0,0.0,0.0,0.0,0.0,0.0,0.0,1.0,0.0
9,9,0.0,0.0,0.0,0.0,0.0,0.0,0.0,0.0,0.0,1.0,0.0
9,9,0.0,0.0,0.0,0.0,0.0,0.0,0.0,0.0,0.0,1.0,0.0
9,9,0.0,0.0,0.0,0.0,0.0,0.0,0.0,0.0,0.0,1.0,0.0
9,9,0.0,0.0,0.0,0.0,0.0,0.0,0.0,0.0,0.0,1.0,0.0
9,9,0.0,0.0,0.0,0.0,0.0,0.0,0.0,0.0,0.0,1.0,0.0
9,9,0.0,0.0,0.0,0.0,0.0,0.0,0.0,0.0,0.0,1.0,0.0
9,9,0.0,0.0,0.0,0.0,0.0,0.0,0.0,0.0,0.0,1.0,0.0
9,9,0.0,0.0,0.0,0.0,0.0,0.0,0.0,0.0,0.0,1.0,0.0
9,9,0.0,0.0,0.0,0.0,0.0,0.0,0.0,0.0,0.0,1.0,0.0
9,9,0.0,0.0,0.0,0.0,0.0,0.0,0.0,0.0,0.0,1.0,0.0
9,9,0.0,0.0,0.0,0.0,0.0,0.0,0.0,0.0,0.0,1.0,0.0
9,9,0.0,0.0,0.0,0.0,0.0,0.0,0.0,0.0,0.0,1.0,0.0
9,9,0.0,0.0,0.0,0.0,0.0,0.0,0.0,0.0,0.0,1.0,0.0
9,9,0.0,0.0,0.0,0.0,0.0,0.0,0.0,0.0,0.0,1.0,0.0
9,9,0.0,0.0,0.0,0.0,0.0,0.0,0.0,0.0,0.0,1.0,0.0
9,9,0.0,0.0,0.0,0.0,0.0,0.0,0.0,0.0,0.0,1.0,0.0
9,9,0.0,0.0,0.0,0.0,0.0,0.0,0.0,0.0,0.0,1.0,0.0
9,9,0.0,0.0,0.0,0.0,0.0,0.0,0.0,0.0,0.0,1.0,0.0
9,9,0.0,0.0,0.0,0.0,0.0,0.0,0.0,0.0,0.0,1.0,0.0
9,9,0.0,0.0,0.0,0.0,0.0,0.0,0.0,0.0,0.0,1.0,0.0
9,9,0.0,0.0,0.0,0.0,0.0,0.0,0.0,0.0,0.0,1.0,0.0
9,9,0.0,0.0,0.0,0.0,0.0,0.0,0.0,0.0,0.0,1.0,0.0
9,9,0.0,0.0,0.0,0.0,0.0,0.0,0.0,0.0,0.0,1.0,0.0
9,9,0.0,0.0,0.0,0.0,0.0,0.0,0.0,0.0,0.0,1.0,0.0
9,9,0.0,0.0,0.0,0.0,0.0,0.0,0.0,0.0,0.0,1.0,0.0
9,9,0.0,0.0,0.0,0.0,0.0,0.0,0.0,0.0,0.0,1.0,0.0
9,9,0.0,0.0,0.0,0.0,0.0,0.0,0.0,0.0,0.0,1.0,0.0
9,9,0.0,0.0,0.0,0.0,0.0,0.0,0.0,0.0,0.0,1.0,0.0
9,9,0.0,0.0,0.0,0.0,0.0,0.0,0.0,0.0,0.0,1.0,0.0
9,9,0.0,0.0,0.0,0.0,0.0,0.0,0.0,0.0,0.0,1.0,0.0
9,9,0.0,0.0,0.0,0.0,0.0,0.0,0.0,0.0,0.0,1.0,0.0
9,9,0.0,0.0,0.0,0.0,0.0,0.0,0.0,0.0,0.0,1.0,0.0
9,9,0.0,0.0,0.0,0.0,0.0,0.0,0.0,0.0,0.0,1.0,0.0
9,9,0.0,0.0,0.0,0.0,0.0,0.0,0.0,0.0,0.0,1.0,0.0
9,9,0.0,0.0,0.0,0.0,0.0,0.0,0.0,0.0,0.0,1.0,0.0
9,9,0.0,0.0,0.0,0.0,0.0,0.0,0.0,0.0,0.0,1.0,0.0
9,9,0.0,0.0,0.0,0.0,0.0,0.0,0.0,0.0,0.0,1.0,0.0
9,9,0.0,0.0,0.0,0.0,0.0,0.0,0.0,0.0,0.0,1.0,0.0
9,9,0.0,0.0,0.0,0.0,0.0,0.0,0.0,0.0,0.0,1.0,0.0
9,9,0.0,0.0,0.0,0.0,0.0,0.0,0.0,0.0,0.0,1.0,0.0
9,9,0.0,0.0,0.0,0.0,0.0,0.0,0.0,0.0,0.0,1.0,0.0
9,9,0.0,0.0,0.0,0.0,0.0,0.0,0.0,0.0,0.0,1.0,0.0
9,9,0.0,0.0,0.0,0.0,0.0,0.0,0.0,0.0,0.0,1.0,0.0
9,9,0.0,0.0,0.0,0.0,0.0,0.0,0.0,0.0,0.0,1.0,0.0
9,9,0.0,0.0,0.0,0.0,0.0,0.0,0.0,0.0,0.0,1.0,0.0
9,9,0.0,0.0,0.0,0.0,0.0,0.0,0.0,0.0,0.0,1.0,0.0
9,9,0.0,0.0,0.0,0.0,0.0,0.0,0.0,0.0,0.0,1.0,0.0
9,9,0.0,0.0,0.0,0.0,0.0,0.0,0.0,0.0,0.0,1.0,0.0
9,9,0.0,0.0,0.0,0.0,0.0,0.0,0.0,0.0,0.0,1.0,0.0
9,9,0.0,0.0,0.0,0.0,0.0,0.0,0.0,0.0,0.0,1.0,0.0
9,9,0.0,0.0,0.0,0.0,0.0,0.0,0.0,0.0,0.0,1.0,0.0
9,9,0.0,0.0,0.0,0.0,0.0,0.0,0.0,0.0,0.0,1.0,0.0
9,9,0.0,0.0,0.0,0.0,0.0,0.0,0.0,0.0,0.0,1.0,0.0
9,9,0.0,0.0,0.0,0.0,0.0,0.0,0.0,0.0,0.0,1.0,0.0
9,9,0.0,0.0,0.0,0.0,0.0,0.0,0.0,0.0,0.0,1.0,0.0
9,9,0.0,0.0,0.0,0.0,0.0,0.0,0.0,0.0,0.0,1.0,0.0
9,9,0.0,0.0,0.0,0.0,0.0,0.0,0.0,0.0,0.0,1.0,0.0
9,9,0.0,0.0,0.0,0.0,0.0,0.0,0.0,0.0,0.0,1.0,0.0
9,9,0.0,0.0,0.0,0.0,0.0,0.0,0.0,0.0,0.0,1.0,0.0
9,9,0.0,0.0,0.0,0.0,0.0,0.0,0.0,0.0,0.0,1.0,0.0
9,9,0.0,0.0,0.0,0.0,0.0,0.0,0.0,0.0,0.0,1.0,0.0
9,9,0.0,0.0,0.0,0.0,0.0,0.0,0.0,0.0,0.0,1.0,0.0
9,9,0.0,0.0,0.0,0.0,0.0,0.0,0.0,0.0,0.0,1.0,0.0
9,9,0.0,0.0,0.0,0.0,0.0,0.0,0.0,0.0,0.0,1.0,0.0
9,9,0.0,0.0,0.0,0.0,0.0,0.0,0.0,0.0,0.0,1.0,0.0
9,9,0.0,0.0,0.0,0.0,0.0,0.0,0.0,0.0,0.0,1.0,0.0
9,9,0.0,0.0,0.0,0.0,0.0,0.0,0.0,0.0,0.0,1.0,0.0
9,9,0.0,0.0,0.0,0.0,0.0,0.0,0.0,0.0,0.0,1.0,0.0
9,9,0.0,0.0,0.0,0.0,0.0,0.0,0.0,0.0,0.0,1.0,0.0
9,9,0.0,0.0,0.0,0.0,0.0,0.0,0.0,0.0,0.0,1.0,0.0
9,9,0.0,0.0,0.0,0.0,0.0,0.0,0.0,0.0,0.0,1.0,0.0
9,9,0.0,0.0,0.0,0.0,0.0,0.0,0.0,0.0,0.0,1.0,0.0
9,9,0.0,0.0,0.0,0.0,0.0,0.0,0.0,0.0,0.0,1.0,0.0
9,9,0.0,0.0,0.0,0.0,0.0,0.0,0.0,0.0,0.0,1.0,0.0
9,9,0.0,0.0,0.0,0.0,0.0,0.0,0.0,0.0,0.0,1.0,0.0
9,9,0.0,0.0,0.0,0.0,0.0,0.0,0.0,0.0,0.0,1.0,0.0
9,9,0.0,0.0,0.0,0.0,0.0,0.0,0.0,0.0,0.0,1.0,0.0
9,9,0.0,0.0,0.0,0.0,0.0,0.0,0.0,0.0,0.0,1.0,0.0
9,9,0.0,0.0,0.0,0.0,0.0,0.0,0.0,0.0,0.0,1.0,0.0
9,9,0.0,0.0,0.0,0.0,0.0,0.0,0.0,0.0,0.0,1.0,0.0
9,9,0.0,0.0,0.0,0.0,0.0,0.0,0.0,0.0,0.0,1.0,0.0
9,9,0.0,0.0,0.0,0.0,0.0,0.0,0.0,0.0,0.0,1.0,0.0
9,9,0.0,0.0,0.0,0.0,0.0,0.0,0.0,0.0,0.0,1.0,0.0
9,9,0.0,0.0,0.0,0.0,0.0,0.0,0.0,0.0,0.0,1.0,0.0
9,9,0.0,0.0,0.0,0.0,0.0,0.0,0.0,0.0,0.0,1.0,0.0
9,9,0.0,0.0,0.0,0.0,0.0,0.0,0.0,0.0,0.0,1.0,0.0
9,9,0.0,0.0,0.0,0.0,0.0,0.0,0.0,0.0,0.0,1.0,0.0
9,9,0.0,0.0,0.0,0.0,0.0,0.0,0.0,0.0,0.0,1.0,0.0
9,9,0.0,0.0,0.0,0.0,0.0,0.0,0.0,0.0,0.0,1.0,0.0
9,9,0.0,0.0,0.0,0.0,0.0,0.0,0.0,0.0,0.0,1.0,0.0
9,9,0.0,0.0,0.0,0.0,0.0,0.0,0.0,0.0,0.0,1.0,0.0
9,9,0.0,0.0,0.0,0.0,0.0,0.0,0.0,0.0,0.0,1.0,0.0
9,9,0.0,0.0,0.0,0.0,0.0,0.0,0.0,0.0,0.0,1.0,0.0
9,9,0.0,0.0,0.0,0.0,0.0,0.0,0.0,0.0,0.0,1.0,0.0
9,9,0.0,0.0,0.0,0.0,0.0,0.0,0.0,0.0,0.0,1.0,0.0
9,9,0.0,0.0,0.0,0.0,0.0,0.0,0.0,0.0,0.0,1.0,0.0
9,9,0.0,0.0,0.0,0.0,0.0,0.0,0.0,0.0,0.0,1.0,0.0
9,9,0.0,0.0,0.0,0.0,0.0,0.0,0.0,0.0,0.0,1.0,0.0
9,9,0.0,0.0,0.0,0.0,0.0,0.0,0.0,0.0,0.0,1.0,0.0
9,9,0.0,0.0,0.0,0.0,0.0,0.0,0.0,0.0,0.0,1.0,0.0
9,9,0.0,0.0,0.0,0.0,0.0,0.0,0.0,0.0,0.0,1.0,0.0
9,9,0.0,0.0,0.0,0.0,0.0,0.0,0.0,0.0,0.0,1.0,0.0
9,9,0.0,0.0,0.0,0.0,0.0,0.0,0.0,0.0,0.0,1.0,0.0
9,9,0.0,0.0,0.0,0.0,0.0,0.0,0.0,0.0,0.0,1.0,0.0
9,9,0.0,0.0,0.0,0.0,0.0,0.0,0.0,0.0,0.0,1.0,0.0
9,9,0.0,0.0,0.0,0.0,0.0,0.0,0.0,0.0,0.0,1.0,0.0
9,9,0.0,0.0,0.0,0.0,0.0,0.0,0.0,0.0,0.0,1.0,0.0
9,9,0.0,0.0,0.0,0.0,0.0,0.0,0.0,0.0,0.0,1.0,0.0
9,9,0.0,0.0,0.0,0.0,0.0,0.0,0.0,0.0,0.0,1.0,0.0
9,9,0.0,0.0,0.0,0.0,0.0,0.0,0.0,0.0,0.0,1.0,0.0
9,9,0.0,0.0,0.0,0.0,0.0,0.0,0.0,0.0,0.0,1.0,0.0
9,9,0.0,0.0,0.0,0.0,0.0,0.0,0.0,0.0,0.0,1.0,0.0
9,9,0.0,0.0,0.0,0.0,0.0,0.0,0.0,0.0,0.0,1.0,0.0
9,9,0.0,0.0,0.0,0.0,0.0,0.0,0.0,0.0,0.0,1.0,0.0
9,9,0.0,0.0,0.0,0.0,0.0,0.0,0.0,0.0,0.0,1.0,0.0
9,9,0.0,0.0,0.0,0.0,0.0,0.0,0.0,0.0,0.0,1.0,0.0
9,9,0.0,0.0,0.0,0.0,0.0,0.0,0.0,0.0,0.0,1.0,0.0
9,9,0.0,0.0,0.0,0.0,0.0,0.0,0.0,0.0,0.0,1.0,0.0
9,9,0.0,0.0,0.0,0.0,0.0,0.0,0.0,0.0,0.0,1.0,0.0
9,9,0.0,0.0,0.0,0.0,0.0,0.0,0.0,0.0,0.0,1.0,0.0
9,9,0.0,0.0,0.0,0.0,0.0,0.0,0.0,0.0,0.0,1.0,0.0
9,9,0.0,0.0,0.0,0.0,0.0,0.0,0.0,0.0,0.0,1.0,0.0
9,9,0.0,0.0,0.0,0.0,0.0,0.0,0.0,0.0,0.0,1.0,0.0
9,9,0.0,0.0,0.0,0.0,0.0,0.0,0.0,0.0,0.0,1.0,0.0
9,9,0.0,0.0,0.0,0.0,0.0,0.0,0.0,0.0,0.0,1.0,0.0
9,9,0.0,0.0,0.0,0.0,0.0,0.0,0.0,0.0,0.0,1.0,0.0
9,9,0.0,0.0,0.0,0.0,0.0,0.0,0.0,0.0,0.0,1.0,0.0
9,9,0.0,0.0,0.0,0.0,0.0,0.0,0.0,0.0,0.0,1.0,0.0
9,9,0.0,0.0,0.0,0.0,0.0,0.0,0.0,0.0,0.0,1.0,0.0
9,9,0.0,0.0,0.0,0.0,0.0,0.0,0.0,0.0,0.0,1.0,0.0
9,9,0.0,0.0,0.0,0.0,0.0,0.0,0.0,0.0,0.0,1.0,0.0
9,9,0.0,0.0,0.0,0.0,0.0,0.0,0.0,0.0,0.0,1.0,0.0
9,9,0.0,0.0,0.0,0.0,0.0,0.0,0.0,0.0,0.0,1.0,0.0
9,9,0.0,0.0,0.0,0.0,0.0,0.0,0.0,0.0,0.0,1.0,0.0
9,9,0.0,0.0,0.0,0.0,0.0,0.0,0.0,0.0,0.0,1.0,0.0
9,9,0.0,0.0,0.0,0.0,0.0,0.0,0.0,0.0,0.0,1.0,0.0
9,9,0.0,0.0,0.0,0.0,0.0,0.0,0.0,0.0,0.0,1.0,0.0
9,9,0.0,0.0,0.0,0.0,0.0,0.0,0.0,0.0,0.0,1.0,0.0
9,9,0.0,0.0,0.0,0.0,0.0,0.0,0.0,0.0,0.0,1.0,0.0
9,9,0.0,0.0,0.0,0.0,0.0,0.0,0.0,0.0,0.0,1.0,0.0
9,9,0.0,0.0,0.0,0.0,0.0,0.0,0.0,0.0,0.0,1.0,0.0
9,9,0.0,0.0,0.0,0.0,0.0,0.0,0.0,0.0,0.0,1.0,0.0
9,9,0.0,0.0,0.0,0.0,0.0,0.0,0.0,0.0,0.0,1.0,0.0
9,9,0.0,0.0,0.0,0.0,0.0,0.0,0.0,0.0,0.0,1.0,0.0
9,9,0.0,0.0,0.0,0.0,0.0,0.0,0.0,0.0,0.0,1.0,0.0
9,9,0.0,0.0,0.0,0.0,0.0,0.0,0.0,0.0,0.0,1.0,0.0
9,9,0.0,0.0,0.0,0.0,0.0,0.0,0.0,0.0,0.0,1.0,0.0
9,9,0.0,0.0,0.0,0.0,0.0,0.0,0.0,0.0,0.0,1.0,0.0
9,9,0.0,0.0,0.0,0.0,0.0,0.0,0.0,0.0,0.0,1.0,0.0
9,9,0.0,0.0,0.0,0.0,0.0,0.0,0.0,0.0,0.0,1.0,0.0
9,9,0.0,0.0,0.0,0.0,0.0,0.0,0.0,0.0,0.0,1.0,0.0
9,9,0.0,0.0,0.0,0.0,0.0,0.0,0.0,0.0,0.0,1.0,0.0
9,9,0.0,0.0,0.0,0.0,0.0,0.0,0.0,0.0,0.0,1.0,0.0
9,9,0.0,0.0,0.0,0.0,0.0,0.0,0.0,0.0,0.0,1.0,0.0
9,9,0.0,0.0,0.0,0.0,0.0,0.0,0.0,0.0,0.0,1.0,0.0
9,9,0.0,0.0,0.0,0.0,0.0,0.0,0.0,0.0,0.0,1.0,0.0
9,9,0.0,0.0,0.0,0.0,0.0,0.0,0.0,0.0,0.0,1.0,0.0
9,9,0.0,0.0,0.0,0.0,0.0,0.0,0.0,0.0,0.0,1.0,0.0
9,9,0.0,0.0,0.0,0.0,0.0,0.0,0.0,0.0,0.0,1.0,0.0
9,9,0.0,0.0,0.0,0.0,0.0,0.0,0.0,0.0,0.0,1.0,0.0
9,9,0.0,0.0,0.0,0.0,0.0,0.0,0.0,0.0,0.0,1.0,0.0
9,9,0.0,0.0,0.0,0.0,0.0,0.0,0.0,0.0,0.0,1.0,0.0
9,9,0.0,0.0,0.0,0.0,0.0,0.0,0.0,0.0,0.0,1.0,0.0
9,9,0.0,0.0,0.0,0.0,0.0,0.0,0.0,0.0,0.0,1.0,0.0
9,9,0.0,0.0,0.0,0.0,0.0,0.0,0.0,0.0,0.0,1.0,0.0
9,9,0.0,0.0,0.0,0.0,0.0,0.0,0.0,0.0,0.0,1.0,0.0
9,9,0.0,0.0,0.0,0.0,0.0,0.0,0.0,0.0,0.0,1.0,0.0
9,9,0.0,0.0,0.0,0.0,0.0,0.0,0.0,0.0,0.0,1.0,0.0
9,9,0.0,0.0,0.0,0.0,0.0,0.0,0.0,0.0,0.0,1.0,0.0
9,9,0.0,0.0,0.0,0.0,0.0,0.0,0.0,0.0,0.0,1.0,0.0
9,9,0.0,0.0,0.0,0.0,0.0,0.0,0.0,0.0,0.0,1.0,0.0
9,9,0.0,0.0,0.0,0.0,0.0,0.0,0.0,0.0,0.0,1.0,0.0
9,9,0.0,0.0,0.0,0.0,0.0,0.0,0.0,0.0,0.0,1.0,0.0
9,9,0.0,0.0,0.0,0.0,0.0,0.0,0.0,0.0,0.0,1.0,0.0
9,9,0.0,0.0,0.0,0.0,0.0,0.0,0.0,0.0,0.0,1.0,0.0
9,9,0.0,0.0,0.0,0.0,0.0,0.0,0.0,0.0,0.0,1.0,0.0
9,9,0.0,0.0,0.0,0.0,0.0,0.0,0.0,0.0,0.0,1.0,0.0
9,9,0.0,0.0,0.0,0.0,0.0,0.0,0.0,0.0,0.0,1.0,0.0
9,9,0.0,0.0,0.0,0.0,0.0,0.0,0.0,0.0,0.0,1.0,0.0
9,9,0.0,0.0,0.0,0.0,0.0,0.0,0.0,0.0,0.0,1.0,0.0
9,9,0.0,0.0,0.0,0.0,0.0,0.0,0.0,0.0,0.0,1.0,0.0
9,9,0.0,0.0,0.0,0.0,0.0,0.0,0.0,0.0,0.0,1.0,0.0
9,9,0.0,0.0,0.0,0.0,0.0,0.0,0.0,0.0,0.0,1.0,0.0
9,9,0.0,0.0,0.0,0.0,0.0,0.0,0.0,0.0,0.0,1.0,0.0
9,9,0.0,0.0,0.0,0.0,0.0,0.0,0.0,0.0,0.0,1.0,0.0
9,9,0.0,0.0,0.0,0.0,0.0,0.0,0.0,0.0,0.0,1.0,0.0
9,9,0.0,0.0,0.0,0.0,0.0,0.0,0.0,0.0,0.0,1.0,0.0
9,9,0.0,0.0,0.0,0.0,0.0,0.0,0.0,0.0,0.0,1.0,0.0
9,9,0.0,0.0,0.0,0.0,0.0,0.0,0.0,0.0,0.0,1.0,0.0
9,9,0.0,0.0,0.0,0.0,0.0,0.0,0.0,0.0,0.0,1.0,0.0
9,9,0.0,0.0,0.0,0.0,0.0,0.0,0.0,0.0,0.0,1.0,0.0
9,9,0.0,0.0,0.0,0.0,0.0,0.0,0.0,0.0,0.0,1.0,0.0
9,9,0.0,0.0,0.0,0.0,0.0,0.0,0.0,0.0,0.0,1.0,0.0
9,9,0.0,0.0,0.0,0.0,0.0,0.0,0.0,0.0,0.0,1.0,0.0
9,9,0.0,0.0,0.0,0.0,0.0,0.0,0.0,0.0,0.0,1.0,0.0
9,9,0.0,0.0,0.0,0.0,0.0,0.0,0.0,0.0,0.0,1.0,0.0
9,9,0.0,0.0,0.0,0.0,0.0,0.0,0.0,0.0,0.0,1.0,0.0
9,9,0.0,0.0,0.0,0.0,0.0,0.0,0.0,0.0,0.0,1.0,0.0
9,9,0.0,0.0,0.0,0.0,0.0,0.0,0.0,0.0,0.0,1.0,0.0
9,9,0.0,0.0,0.0,0.0,0.0,0.0,0.0,0.0,0.0,1.0,0.0
9,9,0.0,0.0,0.0,0.0,0.0,0.0,0.0,0.0,0.0,1.0,0.0
9,9,0.0,0.0,0.0,0.0,0.0,0.0,0.0,0.0,0.0,1.0,0.0
9,9,0.0,0.0,0.0,0.0,0.0,0.0,0.0,0.0,0.0,1.0,0.0
9,9,0.0,0.0,0.0,0.0,0.0,0.0,0.0,0.0,0.0,1.0,0.0
9,9,0.0,0.0,0.0,0.0,0.0,0.0,0.0,0.0,0.0,1.0,0.0
9,9,0.0,0.0,0.0,0.0,0.0,0.0,0.0,0.0,0.0,1.0,0.0
9,9,0.0,0.0,0.0,0.0,0.0,0.0,0.0,0.0,0.0,1.0,0.0
9,9,0.0,0.0,0.0,0.0,0.0,0.0,0.0,0.0,0.0,1.0,0.0
9,9,0.0,0.0,0.0,0.0,0.0,0.0,0.0,0.0,0.0,1.0,0.0
9,9,0.0,0.0,0.0,0.0,0.0,0.0,0.0,0.0,0.0,1.0,0.0
9,9,0.0,0.0,0.0,0.0,0.0,0.0,0.0,0.0,0.0,1.0,0.0
9,9,0.0,0.0,0.0,0.0,0.0,0.0,0.0,0.0,0.0,1.0,0.0
9,9,0.0,0.0,0.0,0.0,0.0,0.0,0.0,0.0,0.0,1.0,0.0
9,9,0.0,0.0,0.0,0.0,0.0,0.0,0.0,0.0,0.0,1.0,0.0
9,9,0.0,0.0,0.0,0.0,0.0,0.0,0.0,0.0,0.0,1.0,0.0
9,9,0.0,0.0,0.0,0.0,0.0,0.0,0.0,0.0,0.0,1.0,0.0
9,9,0.0,0.0,0.0,0.0,0.0,0.0,0.0,0.0,0.0,1.0,0.0
9,9,0.0,0.0,0.0,0.0,0.0,0.0,0.0,0.0,0.0,1.0,0.0
9,9,0.0,0.0,0.0,0.0,0.0,0.0,0.0,0.0,0.0,1.0,0.0
9,9,0.0,0.0,0.0,0.0,0.0,0.0,0.0,0.0,0.0,1.0,0.0
9,9,0.0,0.0,0.0,0.0,0.0,0.0,0.0,0.0,0.0,1.0,0.0
9,9,0.0,0.0,0.0,0.0,0.0,0.0,0.0,0.0,0.0,1.0,0.0
9,9,0.0,0.0,0.0,0.0,0.0,0.0,0.0,0.0,0.0,1.0,0.0
9,9,0.0,0.0,0.0,0.0,0.0,0.0,0.0,0.0,0.0,1.0,0.0
9,9,0.0,0.0,0.0,0.0,0.0,0.0,0.0,0.0,0.0,1.0,0.0
9,9,0.0,0.0,0.0,0.0,0.0,0.0,0.0,0.0,0.0,1.0,0.0
9,9,0.0,0.0,0.0,0.0,0.0,0.0,0.0,0.0,0.0,1.0,0.0
9,9,0.0,0.0,0.0,0.0,0.0,0.0,0.0,0.0,0.0,1.0,0.0
9,9,0.0,0.0,0.0,0.0,0.0,0.0,0.0,0.0,0.0,1.0,0.0
9,9,0.0,0.0,0.0,0.0,0.0,0.0,0.0,0.0,0.0,1.0,0.0
9,9,0.0,0.0,0.0,0.0,0.0,0.0,0.0,0.0,0.0,1.0,0.0
9,9,0.0,0.0,0.0,0.0,0.0,0.0,0.0,0.0,0.0,1.0,0.0
9,9,0.0,0.0,0.0,0.0,0.0,0.0,0.0,0.0,0.0,1.0,0.0
9,9,0.0,0.0,0.0,0.0,0.0,0.0,0.0,0.0,0.0,1.0,0.0
9,9,0.0,0.0,0.0,0.0,0.0,0.0,0.0,0.0,0.0,1.0,0.0
9,9,0.0,0.0,0.0,0.0,0.0,0.0,0.0,0.0,0.0,1.0,0.0
9,9,0.0,0.0,0.0,0.0,0.0,0.0,0.0,0.0,0.0,1.0,0.0
9,9,0.0,0.0,0.0,0.0,0.0,0.0,0.0,0.0,0.0,1.0,0.0
9,9,0.0,0.0,0.0,0.0,0.0,0.0,0.0,0.0,0.0,1.0,0.0
9,9,0.0,0.0,0.0,0.0,0.0,0.0,0.0,0.0,0.0,1.0,0.0
9,9,0.0,0.0,0.0,0.0,0.0,0.0,0.0,0.0,0.0,1.0,0.0
9,9,0.0,0.0,0.0,0.0,0.0,0.0,0.0,0.0,0.0,1.0,0.0
9,9,0.0,0.0,0.0,0.0,0.0,0.0,0.0,0.0,0.0,1.0,0.0
9,9,0.0,0.0,0.0,0.0,0.0,0.0,0.0,0.0,0.0,1.0,0.0
9,9,0.0,0.0,0.0,0.0,0.0,0.0,0.0,0.0,0.0,1.0,0.0
9,9,0.0,0.0,0.0,0.0,0.0,0.0,0.0,0.0,0.0,1.0,0.0
9,9,0.0,0.0,0.0,0.0,0.0,0.0,0.0,0.0,0.0,1.0,0.0
9,9,0.0,0.0,0.0,0.0,0.0,0.0,0.0,0.0,0.0,1.0,0.0
9,9,0.0,0.0,0.0,0.0,0.0,0.0,0.0,0.0,0.0,1.0,0.0
9,9,0.0,0.0,0.0,0.0,0.0,0.0,0.0,0.0,0.0,1.0,0.0
9,9,0.0,0.0,0.0,0.0,0.0,0.0,0.0,0.0,0.0,1.0,0.0
9,9,0.0,0.0,0.0,0.0,0.0,0.0,0.0,0.0,0.0,1.0,0.0
9,9,0.0,0.0,0.0,0.0,0.0,0.0,0.0,0.0,0.0,1.0,0.0
9,9,0.0,0.0,0.0,0.0,0.0,0.0,0.0,0.0,0.0,1.0,0.0
9,9,0.0,0.0,0.0,0.0,0.0,0.0,0.0,0.0,0.0,1.0,0.0
9,9,0.0,0.0,0.0,0.0,0.0,0.0,0.0,0.0,0.0,1.0,0.0
9,9,0.0,0.0,0.0,0.0,0.0,0.0,0.0,0.0,0.0,1.0,0.0
9,9,0.0,0.0,0.0,0.0,0.0,0.0,0.0,0.0,0.0,1.0,0.0
9,9,0.0,0.0,0.0,0.0,0.0,0.0,0.0,0.0,0.0,1.0,0.0
9,9,0.0,0.0,0.0,0.0,0.0,0.0,0.0,0.0,0.0,1.0,0.0
9,9,0.0,0.0,0.0,0.0,0.0,0.0,0.0,0.0,0.0,1.0,0.0
9,9,0.0,0.0,0.0,0.0,0.0,0.0,0.0,0.0,0.0,1.0,0.0
9,9,0.0,0.0,0.0,0.0,0.0,0.0,0.0,0.0,0.0,1.0,0.0
9,9,0.0,0.0,0.0,0.0,0.0,0.0,0.0,0.0,0.0,1.0,0.0
9,9,0.0,0.0,0.0,0.0,0.0,0.0,0.0,0.0,0.0,1.0,0.0
9,9,0.0,0.0,0.0,0.0,0.0,0.0,0.0,0.0,0.0,1.0,0.0
9,9,0.0,0.0,0.0,0.0,0.0,0.0,0.0,0.0,0.0,1.0,0.0
9,9,0.0,0.0,0.0,0.0,0.0,0.0,0.0,0.0,0.0,1.0,0.0
9,9,0.0,0.0,0.0,0.0,0.0,0.0,0.0,0.0,0.0,1.0,0.0
9,9,0.0,0.0,0.0,0.0,0.0,0.0,0.0,0.0,0.0,1.0,0.0
9,9,0.0,0.0,0.0,0.0,0.0,0.0,0.0,0.0,0.0,1.0,0.0
9,9,0.0,0.0,0.0,0.0,0.0,0.0,0.0,0.0,0.0,1.0,0.0
9,9,0.0,0.0,0.0,0.0,0.0,0.0,0.0,0.0,0.0,1.0,0.0
9,9,0.0,0.0,0.0,0.0,0.0,0.0,0.0,0.0,0.0,1.0,0.0
9,9,0.0,0.0,0.0,0.0,0.0,0.0,0.0,0.0,0.0,1.0,0.0
9,9,0.0,0.0,0.0,0.0,0.0,0.0,0.0,0.0,0.0,1.0,0.0
9,9,0.0,0.0,0.0,0.0,0.0,0.0,0.0,0.0,0.0,1.0,0.0
9,9,0.0,0.0,0.0,0.0,0.0,0.0,0.0,0.0,0.0,1.0,0.0
9,9,0.0,0.0,0.0,0.0,0.0,0.0,0.0,0.0,0.0,1.0,0.0
9,9,0.0,0.0,0.0,0.0,0.0,0.0,0.0,0.0,0.0,1.0,0.0
9,9,0.0,0.0,0.0,0.0,0.0,0.0,0.0,0.0,0.0,1.0,0.0
9,9,0.0,0.0,0.0,0.0,0.0,0.0,0.0,0.0,0.0,1.0,0.0
9,9,0.0,0.0,0.0,0.0,0.0,0.0,0.0,0.0,0.0,1.0,0.0
9,9,0.0,0.0,0.0,0.0,0.0,0.0,0.0,0.0,0.0,1.0,0.0
9,9,0.0,0.0,0.0,0.0,0.0,0.0,0.0,0.0,0.0,1.0,0.0
9,9,0.0,0.0,0.0,0.0,0.0,0.0,0.0,0.0,0.0,1.0,0.0
9,9,0.0,0.0,0.0,0.0,0.0,0.0,0.0,0.0,0.0,1.0,0.0
9,9,0.0,0.0,0.0,0.0,0.0,0.0,0.0,0.0,0.0,1.0,0.0
9,9,0.0,0.0,0.0,0.0,0.0,0.0,0.0,0.0,0.0,1.0,0.0
9,9,0.0,0.0,0.0,0.0,0.0,0.0,0.0,0.0,0.0,1.0,0.0
9,9,0.0,0.0,0.0,0.0,0.0,0.0,0.0,0.0,0.0,1.0,0.0
9,9,0.0,0.0,0.0,0.0,0.0,0.0,0.0,0.0,0.0,1.0,0.0
9,9,0.0,0.0,0.0,0.0,0.0,0.0,0.0,0.0,0.0,1.0,0.0
9,9,0.0,0.0,0.0,0.0,0.0,0.0,0.0,0.0,0.0,1.0,0.0
9,9,0.0,0.0,0.0,0.0,0.0,0.0,0.0,0.0,0.0,1.0,0.0
9,9,0.0,0.0,0.0,0.0,0.0,0.0,0.0,0.0,0.0,1.0,0.0
9,9,0.0,0.0,0.0,0.0,0.0,0.0,0.0,0.0,0.0,1.0,0.0
9,9,0.0,0.0,0.0,0.0,0.0,0.0,0.0,0.0,0.0,1.0,0.0
9,9,0.0,0.0,0.0,0.0,0.0,0.0,0.0,0.0,0.0,1.0,0.0
9,9,0.0,0.0,0.0,0.0,0.0,0.0,0.0,0.0,0.0,1.0,0.0
9,9,0.0,0.0,0.0,0.0,0.0,0.0,0.0,0.0,0.0,1.0,0.0
9,9,0.0,0.0,0.0,0.0,0.0,0.0,0.0,0.0,0.0,1.0,0.0
9,9,0.0,0.0,0.0,0.0,0.0,0.0,0.0,0.0,0.0,1.0,0.0
9,9,0.0,0.0,0.0,0.0,0.0,0.0,0.0,0.0,0.0,1.0,0.0
9,9,0.0,0.0,0.0,0.0,0.0,0.0,0.0,0.0,0.0,1.0,0.0
9,9,0.0,0.0,0.0,0.0,0.0,0.0,0.0,0.0,0.0,1.0,0.0
9,9,0.0,0.0,0.0,0.0,0.0,0.0,0.0,0.0,0.0,1.0,0.0
9,9,0.0,0.0,0.0,0.0,0.0,0.0,0.0,0.0,0.0,1.0,0.0
9,9,0.0,0.0,0.0,0.0,0.0,0.0,0.0,0.0,0.0,1.0,0.0
9,9,0.0,0.0,0.0,0.0,0.0,0.0,0.0,0.0,0.0,1.0,0.0
9,9,0.0,0.0,0.0,0.0,0.0,0.0,0.0,0.0,0.0,1.0,0.0
9,9,0.0,0.0,0.0,0.0,0.0,0.0,0.0,0.0,0.0,1.0,0.0
9,9,0.0,0.0,0.0,0.0,0.0,0.0,0.0,0.0,0.0,1.0,0.0
9,9,0.0,0.0,0.0,0.0,0.0,0.0,0.0,0.0,0.0,1.0,0.0
9,9,0.0,0.0,0.0,0.0,0.0,0.0,0.0,0.0,0.0,1.0,0.0
9,9,0.0,0.0,0.0,0.0,0.0,0.0,0.0,0.0,0.0,1.0,0.0
9,9,0.0,0.0,0.0,0.0,0.0,0.0,0.0,0.0,0.0,1.0,0.0
9,9,0.0,0.0,0.0,0.0,0.0,0.0,0.0,0.0,0.0,1.0,0.0
9,9,0.0,0.0,0.0,0.0,0.0,0.0,0.0,0.0,0.0,1.0,0.0
9,9,0.0,0.0,0.0,0.0,0.0,0.0,0.0,0.0,0.0,1.0,0.0
9,9,0.0,0.0,0.0,0.0,0.0,0.0,0.0,0.0,0.0,1.0,0.0
9,9,0.0,0.0,0.0,0.0,0.0,0.0,0.0,0.0,0.0,1.0,0.0
9,9,0.0,0.0,0.0,0.0,0.0,0.0,0.0,0.0,0.0,1.0,0.0
9,9,0.0,0.0,0.0,0.0,0.0,0.0,0.0,0.0,0.0,1.0,0.0
9,9,0.0,0.0,0.0,0.0,0.0,0.0,0.0,0.0,0.0,1.0,0.0
9,9,0.0,0.0,0.0,0.0,0.0,0.0,0.0,0.0,0.0,1.0,0.0
9,9,0.0,0.0,0.0,0.0,0.0,0.0,0.0,0.0,0.0,1.0,0.0
9,9,0.0,0.0,0.0,0.0,0.0,0.0,0.0,0.0,0.0,1.0,0.0
9,9,0.0,0.0,0.0,0.0,0.0,0.0,0.0,0.0,0.0,1.0,0.0
9,9,0.0,0.0,0.0,0.0,0.0,0.0,0.0,0.0,0.0,1.0,0.0
9,9,0.0,0.0,0.0,0.0,0.0,0.0,0.0,0.0,0.0,1.0,0.0
9,9,0.0,0.0,0.0,0.0,0.0,0.0,0.0,0.0,0.0,1.0,0.0
9,9,0.0,0.0,0.0,0.0,0.0,0.0,0.0,0.0,0.0,1.0,0.0
9,9,0.0,0.0,0.0,0.0,0.0,0.0,0.0,0.0,0.0,1.0,0.0
9,9,0.0,0.0,0.0,0.0,0.0,0.0,0.0,0.0,0.0,1.0,0.0
9,9,0.0,0.0,0.0,0.0,0.0,0.0,0.0,0.0,0.0,1.0,0.0
9,9,0.0,0.0,0.0,0.0,0.0,0.0,0.0,0.0,0.0,1.0,0.0
9,9,0.0,0.0,0.0,0.0,0.0,0.0,0.0,0.0,0.0,1.0,0.0
9,9,0.0,0.0,0.0,0.0,0.0,0.0,0.0,0.0,0.0,1.0,0.0
9,9,0.0,0.0,0.0,0.0,0.0,0.0,0.0,0.0,0.0,1.0,0.0
9,9,0.0,0.0,0.0,0.0,0.0,0.0,0.0,0.0,0.0,1.0,0.0
9,9,0.0,0.0,0.0,0.0,0.0,0.0,0.0,0.0,0.0,1.0,0.0
9,9,0.0,0.0,0.0,0.0,0.0,0.0,0.0,0.0,0.0,1.0,0.0
9,9,0.0,0.0,0.0,0.0,0.0,0.0,0.0,0.0,0.0,1.0,0.0
9,9,0.0,0.0,0.0,0.0,0.0,0.0,0.0,0.0,0.0,1.0,0.0
9,9,0.0,0.0,0.0,0.0,0.0,0.0,0.0,0.0,0.0,1.0,0.0
9,9,0.0,0.0,0.0,0.0,0.0,0.0,0.0,0.0,0.0,1.0,0.0
9,9,0.0,0.0,0.0,0.0,0.0,0.0,0.0,0.0,0.0,1.0,0.0
9,9,0.0,0.0,0.0,0.0,0.0,0.0,0.0,0.0,0.0,1.0,0.0
9,9,0.0,0.0,0.0,0.0,0.0,0.0,0.0,0.0,0.0,1.0,0.0
9,9,0.0,0.0,0.0,0.0,0.0,0.0,0.0,0.0,0.0,1.0,0.0
9,9,0.0,0.0,0.0,0.0,0.0,0.0,0.0,0.0,0.0,1.0,0.0
9,9,0.0,0.0,0.0,0.0,0.0,0.0,0.0,0.0,0.0,1.0,0.0
9,9,0.0,0.0,0.0,0.0,0.0,0.0,0.0,0.0,0.0,1.0,0.0
9,9,0.0,0.0,0.0,0.0,0.0,0.0,0.0,0.0,0.0,1.0,0.0
9,9,0.0,0.0,0.0,0.0,0.0,0.0,0.0,0.0,0.0,1.0,0.0
9,9,0.0,0.0,0.0,0.0,0.0,0.0,0.0,0.0,0.0,1.0,0.0
9,9,0.0,0.0,0.0,0.0,0.0,0.0,0.0,0.0,0.0,1.0,0.0
9,9,0.0,0.0,0.0,0.0,0.0,0.0,0.0,0.0,0.0,1.0,0.0
9,9,0.0,0.0,0.0,0.0,0.0,0.0,0.0,0.0,0.0,1.0,0.0
9,9,0.0,0.0,0.0,0.0,0.0,0.0,0.0,0.0,0.0,1.0,0.0
9,9,0.0,0.0,0.0,0.0,0.0,0.0,0.0,0.0,0.0,1.0,0.0
9,9,0.0,0.0,0.0,0.0,0.0,0.0,0.0,0.0,0.0,1.0,0.0
9,9,0.0,0.0,0.0,0.0,0.0,0.0,0.0,0.0,0.0,1.0,0.0
9,9,0.0,0.0,0.0,0.0,0.0,0.0,0.0,0.0,0.0,1.0,0.0
9,9,0.0,0.0,0.0,0.0,0.0,0.0,0.0,0.0,0.0,1.0,0.0
9,9,0.0,0.0,0.0,0.0,0.0,0.0,0.0,0.0,0.0,1.0,0.0
9,9,0.0,0.0,0.0,0.0,0.0,0.0,0.0,0.0,0.0,1.0,0.0
9,9,0.0,0.0,0.0,0.0,0.0,0.0,0.0,0.0,0.0,1.0,0.0
9,9,0.0,0.0,0.0,0.0,0.0,0.0,0.0,0.0,0.0,1.0,0.0
9,9,0.0,0.0,0.0,0.0,0.0,0.0,0.0,0.0,0.0,1.0,0.0
9,9,0.0,0.0,0.0,0.0,0.0,0.0,0.0,0.0,0.0,1.0,0.0
9,9,0.0,0.0,0.0,0.0,0.0,0.0,0.0,0.0,0.0,1.0,0.0
9,9,0.0,0.0,0.0,0.0,0.0,0.0,0.0,0.0,0.0,1.0,0.0
9,9,0.0,0.0,0.0,0.0,0.0,0.0,0.0,0.0,0.0,1.0,0.0
9,9,0.0,0.0,0.0,0.0,0.0,0.0,0.0,0.0,0.0,1.0,0.0
9,9,0.0,0.0,0.0,0.0,0.0,0.0,0.0,0.0,0.0,1.0,0.0
9,9,0.0,0.0,0.0,0.0,0.0,0.0,0.0,0.0,0.0,1.0,0.0
9,9,0.0,0.0,0.0,0.0,0.0,0.0,0.0,0.0,0.0,1.0,0.0
9,9,0.0,0.0,0.0,0.0,0.0,0.0,0.0,0.0,0.0,1.0,0.0
9,9,0.0,0.0,0.0,0.0,0.0,0.0,0.0,0.0,0.0,1.0,0.0
9,9,0.0,0.0,0.0,0.0,0.0,0.0,0.0,0.0,0.0,1.0,0.0
9,9,0.0,0.0,0.0,0.0,0.0,0.0,0.0,0.0,0.0,1.0,0.0
9,9,0.0,0.0,0.0,0.0,0.0,0.0,0.0,0.0,0.0,1.0,0.0
9,9,0.0,0.0,0.0,0.0,0.0,0.0,0.0,0.0,0.0,1.0,0.0
9,9,0.0,0.0,0.0,0.0,0.0,0.0,0.0,0.0,0.0,1.0,0.0
9,9,0.0,0.0,0.0,0.0,0.0,0.0,0.0,0.0,0.0,1.0,0.0
9,9,0.0,0.0,0.0,0.0,0.0,0.0,0.0,0.0,0.0,1.0,0.0
9,9,0.0,0.0,0.0,0.0,0.0,0.0,0.0,0.0,0.0,1.0,0.0
9,9,0.0,0.0,0.0,0.0,0.0,0.0,0.0,0.0,0.0,1.0,0.0
9,9,0.0,0.0,0.0,0.0,0.0,0.0,0.0,0.0,0.0,1.0,0.0
9,9,0.0,0.0,0.0,0.0,0.0,0.0,0.0,0.0,0.0,1.0,0.0
9,9,0.0,0.0,0.0,0.0,0.0,0.0,0.0,0.0,0.0,1.0,0.0
9,9,0.0,0.0,0.0,0.0,0.0,0.0,0.0,0.0,0.0,1.0,0.0
9,9,0.0,0.0,0.0,0.0,0.0,0.0,0.0,0.0,0.0,1.0,0.0
9,9,0.0,0.0,0.0,0.0,0.0,0.0,0.0,0.0,0.0,1.0,0.0
9,9,0.0,0.0,0.0,0.0,0.0,0.0,0.0,0.0,0.0,1.0,0.0
9,9,0.0,0.0,0.0,0.0,0.0,0.0,0.0,0.0,0.0,1.0,0.0
9,9,0.0,0.0,0.0,0.0,0.0,0.0,0.0,0.0,0.0,1.0,0.0
9,9,0.0,0.0,0.0,0.0,0.0,0.0,0.0,0.0,0.0,1.0,0.0
9,9,0.0,0.0,0.0,0.0,0.0,0.0,0.0,0.0,0.0,1.0,0.0
9,9,0.0,0.0,0.0,0.0,0.0,0.0,0.0,0.0,0.0,1.0,0.0
9,9,0.0,0.0,0.0,0.0,0.0,0.0,0.0,0.0,0.0,1.0,0.0
9,9,0.0,0.0,0.0,0.0,0.0,0.0,0.0,0.0,0.0,1.0,0.0
9,9,0.0,0.0,0.0,0.0,0.0,0.0,0.0,0.0,0.0,1.0,0.0
9,9,0.0,0.0,0.0,0.0,0.0,0.0,0.0,0.0,0.0,1.0,0.0
9,9,0.0,0.0,0.0,0.0,0.0,0.0,0.0,0.0,0.0,1.0,0.0
9,9,0.0,0.0,0.0,0.0,0.0,0.0,0.0,0.0,0.0,1.0,0.0
9,9,0.0,0.0,0.0,0.0,0.0,0.0,0.0,0.0,0.0,1.0,0.0
9,9,0.0,0.0,0.0,0.0,0.0,0.0,0.0,0.0,0.0,1.0,0.0
9,9,0.0,0.0,0.0,0.0,0.0,0.0,0.0,0.0,0.0,1.0,0.0
9,9,0.0,0.0,0.0,0.0,0.0,0.0,0.0,0.0,0.0,1.0,0.0
9,9,0.0,0.0,0.0,0.0,0.0,0.0,0.0,0.0,0.0,1.0,0.0
9,9,0.0,0.0,0.0,0.0,0.0,0.0,0.0,0.0,0.0,1.0,0.0
9,9,0.0,0.0,0.0,0.0,0.0,0.0,0.0,0.0,0.0,1.0,0.0
9,9,0.0,0.0,0.0,0.0,0.0,0.0,0.0,0.0,0.0,1.0,0.0
9,9,0.0,0.0,0.0,0.0,0.0,0.0,0.0,0.0,0.0,1.0,0.0
9,9,0.0,0.0,0.0,0.0,0.0,0.0,0.0,0.0,0.0,1.0,0.0
9,9,0.0,0.0,0.0,0.0,0.0,0.0,0.0,0.0,0.0,1.0,0.0
9,9,0.0,0.0,0.0,0.0,0.0,0.0,0.0,0.0,0.0,1.0,0.0
9,9,0.0,0.0,0.0,0.0,0.0,0.0,0.0,0.0,0.0,1.0,0.0
9,9,0.0,0.0,0.0,0.0,0.0,0.0,0.0,0.0,0.0,1.0,0.0
9,9,0.0,0.0,0.0,0.0,0.0,0.0,0.0,0.0,0.0,1.0,0.0
9,9,0.0,0.0,0.0,0.0,0.0,0.0,0.0,0.0,0.0,1.0,0.0
9,9,0.0,0.0,0.0,0.0,0.0,0.0,0.0,0.0,0.0,1.0,0.0
9,9,0.0,0.0,0.0,0.0,0.0,0.0,0.0,0.0,0.0,1.0,0.0
9,9,0.0,0.0,0.0,0.0,0.0,0.0,0.0,0.0,0.0,1.0,0.0
9,9,0.0,0.0,0.0,0.0,0.0,0.0,0.0,0.0,0.0,1.0,0.0
9,9,0.0,0.0,0.0,0.0,0.0,0.0,0.0,0.0,0.0,1.0,0.0
9,9,0.0,0.0,0.0,0.0,0.0,0.0,0.0,0.0,0.0,1.0,0.0
9,9,0.0,0.0,0.0,0.0,0.0,0.0,0.0,0.0,0.0,1.0,0.0
9,9,0.0,0.0,0.0,0.0,0.0,0.0,0.0,0.0,0.0,1.0,0.0
9,9,0.0,0.0,0.0,0.0,0.0,0.0,0.0,0.0,0.0,1.0,0.0
9,9,0.0,0.0,0.0,0.0,0.0,0.0,0.0,0.0,0.0,1.0,0.0
9,9,0.0,0.0,0.0,0.0,0.0,0.0,0.0,0.0,0.0,1.0,0.0
9,9,0.0,0.0,0.0,0.0,0.0,0.0,0.0,0.0,0.0,1.0,0.0
9,9,0.0,0.0,0.0,0.0,0.0,0.0,0.0,0.0,0.0,1.0,0.0
9,9,0.0,0.0,0.0,0.0,0.0,0.0,0.0,0.0,0.0,1.0,0.0
9,9,0.0,0.0,0.0,0.0,0.0,0.0,0.0,0.0,0.0,1.0,0.0
9,9,0.0,0.0,0.0,0.0,0.0,0.0,0.0,0.0,0.0,1.0,0.0
9,9,0.0,0.0,0.0,0.0,0.0,0.0,0.0,0.0,0.0,1.0,0.0
9,9,0.0,0.0,0.0,0.0,0.0,0.0,0.0,0.0,0.0,1.0,0.0
9,9,0.0,0.0,0.0,0.0,0.0,0.0,0.0,0.0,0.0,1.0,0.0
9,9,0.0,0.0,0.0,0.0,0.0,0.0,0.0,0.0,0.0,1.0,0.0
9,9,0.0,0.0,0.0,0.0,0.0,0.0,0.0,0.0,0.0,1.0,0.0
9,9,0.0,0.0,0.0,0.0,0.0,0.0,0.0,0.0,0.0,1.0,0.0
9,9,0.0,0.0,0.0,0.0,0.0,0.0,0.0,0.0,0.0,1.0,0.0
9,9,0.0,0.0,0.0,0.0,0.0,0.0,0.0,0.0,0.0,1.0,0.0
9,9,0.0,0.0,0.0,0.0,0.0,0.0,0.0,0.0,0.0,1.0,0.0
9,9,0.0,0.0,0.0,0.0,0.0,0.0,0.0,0.0,0.0,1.0,0.0
9,9,0.0,0.0,0.0,0.0,0.0,0.0,0.0,0.0,0.0,1.0,0.0
9,9,0.0,0.0,0.0,0.0,0.0,0.0,0.0,0.0,0.0,1.0,0.0
9,9,0.0,0.0,0.0,0.0,0.0,0.0,0.0,0.0,0.0,1.0,0.0
9,9,0.0,0.0,0.0,0.0,0.0,0.0,0.0,0.0,0.0,1.0,0.0
9,9,0.0,0.0,0.0,0.0,0.0,0.0,0.0,0.0,0.0,1.0,0.0
9,9,0.0,0.0,0.0,0.0,0.0,0.0,0.0,0.0,0.0,1.0,0.0
9,9,0.0,0.0,0.0,0.0,0.0,0.0,0.0,0.0,0.0,1.0,0.0
9,9,0.0,0.0,0.0,0.0,0.0,0.0,0.0,0.0,0.0,1.0,0.0
9,9,0.0,0.0,0.0,0.0,0.0,0.0,0.0,0.0,0.0,1.0,0.0
9,9,0.0,0.0,0.0,0.0,0.0,0.0,0.0,0.0,0.0,1.0,0.0
9,9,0.0,0.0,0.0,0.0,0.0,0.0,0.0,0.0,0.0,1.0,0.0
9,9,0.0,0.0,0.0,0.0,0.0,0.0,0.0,0.0,0.0,1.0,0.0
9,9,0.0,0.0,0.0,0.0,0.0,0.0,0.0,0.0,0.0,1.0,0.0
9,9,0.0,0.0,0.0,0.0,0.0,0.0,0.0,0.0,0.0,1.0,0.0
9,9,0.0,0.0,0.0,0.0,0.0,0.0,0.0,0.0,0.0,1.0,0.0
9,9,0.0,0.0,0.0,0.0,0.0,0.0,0.0,0.0,0.0,1.0,0.0
9,9,0.0,0.0,0.0,0.0,0.0,0.0,0.0,0.0,0.0,1.0,0.0
9,9,0.0,0.0,0.0,0.0,0.0,0.0,0.0,0.0,0.0,1.0,0.0
9,9,0.0,0.0,0.0,0.0,0.0,0.0,0.0,0.0,0.0,1.0,0.0
9,9,0.0,0.0,0.0,0.0,0.0,0.0,0.0,0.0,0.0,1.0,0.0
9,9,0.0,0.0,0.0,0.0,0.0,0.0,0.0,0.0,0.0,1.0,0.0
9,9,0.0,0.0,0.0,0.0,0.0,0.0,0.0,0.0,0.0,1.0,0.0
9,9,0.0,0.0,0.0,0.0,0.0,0.0,0.0,0.0,0.0,1.0,0.0
9,9,0.0,0.0,0.0,0.0,0.0,0.0,0.0,0.0,0.0,1.0,0.0
9,9,0.0,0.0,0.0,0.0,0.0,0.0,0.0,0.0,0.0,1.0,0.0
9,9,0.0,0.0,0.0,0.0,0.0,0.0,0.0,0.0,0.0,1.0,0.0
9,9,0.0,0.0,0.0,0.0,0.0,0.0,0.0,0.0,0.0,1.0,0.0
9,9,0.0,0.0,0.0,0.0,0.0,0.0,0.0,0.0,0.0,1.0,0.0
9,9,0.0,0.0,0.0,0.0,0.0,0.0,0.0,0.0,0.0,1.0,0.0
9,9,0.0,0.0,0.0,0.0,0.0,0.0,0.0,0.0,0.0,1.0,0.0
9,9,0.0,0.0,0.0,0.0,0.0,0.0,0.0,0.0,0.0,1.0,0.0
9,9,0.0,0.0,0.0,0.0,0.0,0.0,0.0,0.0,0.0,1.0,0.0
9,9,0.0,0.0,0.0,0.0,0.0,0.0,0.0,0.0,0.0,1.0,0.0
9,9,0.0,0.0,0.0,0.0,0.0,0.0,0.0,0.0,0.0,1.0,0.0
9,9,0.0,0.0,0.0,0.0,0.0,0.0,0.0,0.0,0.0,1.0,0.0
9,9,0.0,0.0,0.0,0.0,0.0,0.0,0.0,0.0,0.0,1.0,0.0
9,9,0.0,0.0,0.0,0.0,0.0,0.0,0.0,0.0,0.0,1.0,0.0
9,9,0.0,0.0,0.0,0.0,0.0,0.0,0.0,0.0,0.0,1.0,0.0
9,9,0.0,0.0,0.0,0.0,0.0,0.0,0.0,0.0,0.0,1.0,0.0
9,9,0.0,0.0,0.0,0.0,0.0,0.0,0.0,0.0,0.0,1.0,0.0
9,9,0.0,0.0,0.0,0.0,0.0,0.0,0.0,0.0,0.0,1.0,0.0
9,9,0.0,0.0,0.0,0.0,0.0,0.0,0.0,0.0,0.0,1.0,0.0
9,9,0.0,0.0,0.0,0.0,0.0,0.0,0.0,0.0,0.0,1.0,0.0
9,9,0.0,0.0,0.0,0.0,0.0,0.0,0.0,0.0,0.0,1.0,0.0
9,9,0.0,0.0,0.0,0.0,0.0,0.0,0.0,0.0,0.0,1.0,0.0
9,9,0.0,0.0,0.0,0.0,0.0,0.0,0.0,0.0,0.0,1.0,0.0
9,9,0.0,0.0,0.0,0.0,0.0,0.0,0.0,0.0,0.0,1.0,0.0
9,9,0.0,0.0,0.0,0.0,0.0,0.0,0.0,0.0,0.0,1.0,0.0
9,9,0.0,0.0,0.0,0.0,0.0,0.0,0.0,0.0,0.0,1.0,0.0
9,9,0.0,0.0,0.0,0.0,0.0,0.0,0.0,0.0,0.0,1.0,0.0
9,9,0.0,0.0,0.0,0.0,0.0,0.0,0.0,0.0,0.0,1.0,0.0
9,9,0.0,0.0,0.0,0.0,0.0,0.0,0.0,0.0,0.0,1.0,0.0
9,9,0.0,0.0,0.0,0.0,0.0,0.0,0.0,0.0,0.0,1.0,0.0
9,9,0.0,0.0,0.0,0.0,0.0,0.0,0.0,0.0,0.0,1.0,0.0
9,9,0.0,0.0,0.0,0.0,0.0,0.0,0.0,0.0,0.0,1.0,0.0
9,9,0.0,0.0,0.0,0.0,0.0,0.0,0.0,0.0,0.0,1.0,0.0
9,9,0.0,0.0,0.0,0.0,0.0,0.0,0.0,0.0,0.0,1.0,0.0
9,9,0.0,0.0,0.0,0.0,0.0,0.0,0.0,0.0,0.0,1.0,0.0
9,9,0.0,0.0,0.0,0.0,0.0,0.0,0.0,0.0,0.0,1.0,0.0
9,9,0.0,0.0,0.0,0.0,0.0,0.0,0.0,0.0,0.0,1.0,0.0
9,9,0.0,0.0,0.0,0.0,0.0,0.0,0.0,0.0,0.0,1.0,0.0
9,9,0.0,0.0,0.0,0.0,0.0,0.0,0.0,0.0,0.0,1.0,0.0
9,9,0.0,0.0,0.0,0.0,0.0,0.0,0.0,0.0,0.0,1.0,0.0
9,9,0.0,0.0,0.0,0.0,0.0,0.0,0.0,0.0,0.0,1.0,0.0
9,9,0.0,0.0,0.0,0.0,0.0,0.0,0.0,0.0,0.0,1.0,0.0
9,9,0.0,0.0,0.0,0.0,0.0,0.0,0.0,0.0,0.0,1.0,0.0
9,9,0.0,0.0,0.0,0.0,0.0,0.0,0.0,0.0,0.0,1.0,0.0
9,9,0.0,0.0,0.0,0.0,0.0,0.0,0.0,0.0,0.0,1.0,0.0
9,9,0.0,0.0,0.0,0.0,0.0,0.0,0.0,0.0,0.0,1.0,0.0
9,9,0.0,0.0,0.0,0.0,0.0,0.0,0.0,0.0,0.0,1.0,0.0
9,9,0.0,0.0,0.0,0.0,0.0,0.0,0.0,0.0,0.0,1.0,0.0
9,9,0.0,0.0,0.0,0.0,0.0,0.0,0.0,0.0,0.0,1.0,0.0
9,9,0.0,0.0,0.0,0.0,0.0,0.0,0.0,0.0,0.0,1.0,0.0
9,9,0.0,0.0,0.0,0.0,0.0,0.0,0.0,0.0,0.0,1.0,0.0
9,9,0.0,0.0,0.0,0.0,0.0,0.0,0.0,0.0,0.0,1.0,0.0
9,9,0.0,0.0,0.0,0.0,0.0,0.0,0.0,0.0,0.0,1.0,0.0
9,9,0.0,0.0,0.0,0.0,0.0,0.0,0.0,0.0,0.0,1.0,0.0
9,9,0.0,0.0,0.0,0.0,0.0,0.0,0.0,0.0,0.0,1.0,0.0
9,9,0.0,0.0,0.0,0.0,0.0,0.0,0.0,0.0,0.0,1.0,0.0
9,9,0.0,0.0,0.0,0.0,0.0,0.0,0.0,0.0,0.0,1.0,0.0
9,9,0.0,0.0,0.0,0.0,0.0,0.0,0.0,0.0,0.0,1.0,0.0
9,9,0.0,0.0,0.0,0.0,0.0,0.0,0.0,0.0,0.0,1.0,0.0
9,9,0.0,0.0,0.0,0.0,0.0,0.0,0.0,0.0,0.0,1.0,0.0
9,9,0.0,0.0,0.0,0.0,0.0,0.0,0.0,0.0,0.0,1.0,0.0
9,9,0.0,0.0,0.0,0.0,0.0,0.0,0.0,0.0,0.0,1.0,0.0
9,9,0.0,0.0,0.0,0.0,0.0,0.0,0.0,0.0,0.0,1.0,0.0
9,9,0.0,0.0,0.0,0.0,0.0,0.0,0.0,0.0,0.0,1.0,0.0
9,9,0.0,0.0,0.0,0.0,0.0,0.0,0.0,0.0,0.0,1.0,0.0
9,9,0.0,0.0,0.0,0.0,0.0,0.0,0.0,0.0,0.0,1.0,0.0
9,9,0.0,0.0,0.0,0.0,0.0,0.0,0.0,0.0,0.0,1.0,0.0
9,9,0.0,0.0,0.0,0.0,0.0,0.0,0.0,0.0,0.0,1.0,0.0
9,9,0.0,0.0,0.0,0.0,0.0,0.0,0.0,0.0,0.0,1.0,0.0
9,9,0.0,0.0,0.0,0.0,0.0,0.0,0.0,0.0,0.0,1.0,0.0
9,9,0.0,0.0,0.0,0.0,0.0,0.0,0.0,0.0,0.0,1.0,0.0
9,9,0.0,0.0,0.0,0.0,0.0,0.0,0.0,0.0,0.0,1.0,0.0
9,9,0.0,0.0,0.0,0.0,0.0,0.0,0.0,0.0,0.0,1.0,0.0
9,9,0.0,0.0,0.0,0.0,0.0,0.0,0.0,0.0,0.0,1.0,0.0
9,9,0.0,0.0,0.0,0.0,0.0,0.0,0.0,0.0,0.0,1.0,0.0
9,9,0.0,0.0,0.0,0.0,0.0,0.0,0.0,0.0,0.0,1.0,0.0
9,9,0.0,0.0,0.0,0.0,0.0,0.0,0.0,0.0,0.0,1.0,0.0
9,9,0.0,0.0,0.0,0.0,0.0,0.0,0.0,0.0,0.0,1.0,0.0
9,9,0.0,0.0,0.0,0.0,0.0,0.0,0.0,0.0,0.0,1.0,0.0
9,9,0.0,0.0,0.0,0.0,0.0,0.0,0.0,0.0,0.0,1.0,0.0
9,9,0.0,0.0,0.0,0.0,0.0,0.0,0.0,0.0,0.0,1.0,0.0
9,9,0.0,0.0,0.0,0.0,0.0,0.0,0.0,0.0,0.0,1.0,0.0
9,9,0.0,0.0,0.0,0.0,0.0,0.0,0.0,0.0,0.0,1.0,0.0
9,9,0.0,0.0,0.0,0.0,0.0,0.0,0.0,0.0,0.0,1.0,0.0
9,9,0.0,0.0,0.0,0.0,0.0,0.0,0.0,0.0,0.0,1.0,0.0
9,9,0.0,0.0,0.0,0.0,0.0,0.0,0.0,0.0,0.0,1.0,0.0
9,9,0.0,0.0,0.0,0.0,0.0,0.0,0.0,0.0,0.0,1.0,0.0
9,9,0.0,0.0,0.0,0.0,0.0,0.0,0.0,0.0,0.0,1.0,0.0
9,9,0.0,0.0,0.0,0.0,0.0,0.0,0.0,0.0,0.0,1.0,0.0
9,9,0.0,0.0,0.0,0.0,0.0,0.0,0.0,0.0,0.0,1.0,0.0
9,9,0.0,0.0,0.0,0.0,0.0,0.0,0.0,0.0,0.0,1.0,0.0
9,9,0.0,0.0,0.0,0.0,0.0,0.0,0.0,0.0,0.0,1.0,0.0
9,9,0.0,0.0,0.0,0.0,0.0,0.0,0.0,0.0,0.0,1.0,0.0
9,9,0.0,0.0,0.0,0.0,0.0,0.0,0.0,0.0,0.0,1.0,0.0
9,9,0.0,0.0,0.0,0.0,0.0,0.0,0.0,0.0,0.0,1.0,0.0
9,9,0.0,0.0,0.0,0.0,0.0,0.0,0.0,0.0,0.0,1.0,0.0
9,9,0.0,0.0,0.0,0.0,0.0,0.0,0.0,0.0,0.0,1.0,0.0
9,9,0.0,0.0,0.0,0.0,0.0,0.0,0.0,0.0,0.0,1.0,0.0
9,9,0.0,0.0,0.0,0.0,0.0,0.0,0.0,0.0,0.0,1.0,0.0
9,9,0.0,0.0,0.0,0.0,0.0,0.0,0.0,0.0,0.0,1.0,0.0
9,9,0.0,0.0,0.0,0.0,0.0,0.0,0.0,0.0,0.0,1.0,0.0
9,9,0.0,0.0,0.0,0.0,0.0,0.0,0.0,0.0,0.0,1.0,0.0
9,9,0.0,0.0,0.0,0.0,0.0,0.0,0.0,0.0,0.0,1.0,0.0
9,9,0.0,0.0,0.0,0.0,0.0,0.0,0.0,0.0,0.0,1.0,0.0
9,9,0.0,0.0,0.0,0.0,0.0,0.0,0.0,0.0,0.0,1.0,0.0
9,9,0.0,0.0,0.0,0.0,0.0,0.0,0.0,0.0,0.0,1.0,0.0
9,9,0.0,0.0,0.0,0.0,0.0,0.0,0.0,0.0,0.0,1.0,0.0
9,9,0.0,0.0,0.0,0.0,0.0,0.0,0.0,0.0,0.0,1.0,0.0
9,9,0.0,0.0,0.0,0.0,0.0,0.0,0.0,0.0,0.0,1.0,0.0
9,9,0.0,0.0,0.0,0.0,0.0,0.0,0.0,0.0,0.0,1.0,0.0
9,9,0.0,0.0,0.0,0.0,0.0,0.0,0.0,0.0,0.0,1.0,0.0
9,9,0.0,0.0,0.0,0.0,0.0,0.0,0.0,0.0,0.0,1.0,0.0
9,9,0.0,0.0,0.0,0.0,0.0,0.0,0.0,0.0,0.0,1.0,0.0
9,9,0.0,0.0,0.0,0.0,0.0,0.0,0.0,0.0,0.0,1.0,0.0
9,9,0.0,0.0,0.0,0.0,0.0,0.0,0.0,0.0,0.0,1.0,0.0
9,9,0.0,0.0,0.0,0.0,0.0,0.0,0.0,0.0,0.0,1.0,0.0
9,9,0.0,0.0,0.0,0.0,0.0,0.0,0.0,0.0,0.0,1.0,0.0
9,9,0.0,0.0,0.0,0.0,0.0,0.0,0.0,0.0,0.0,1.0,0.0
9,9,0.0,0.0,0.0,0.0,0.0,0.0,0.0,0.0,0.0,1.0,0.0
9,9,0.0,0.0,0.0,0.0,0.0,0.0,0.0,0.0,0.0,1.0,0.0
9,9,0.0,0.0,0.0,0.0,0.0,0.0,0.0,0.0,0.0,1.0,0.0
9,9,0.0,0.0,0.0,0.0,0.0,0.0,0.0,0.0,0.0,1.0,0.0
9,9,0.0,0.0,0.0,0.0,0.0,0.0,0.0,0.0,0.0,1.0,0.0
9,9,0.0,0.0,0.0,0.0,0.0,0.0,0.0,0.0,0.0,1.0,0.0
9,9,0.0,0.0,0.0,0.0,0.0,0.0,0.0,0.0,0.0,1.0,0.0
9,9,0.0,0.0,0.0,0.0,0.0,0.0,0.0,0.0,0.0,1.0,0.0
9,9,0.0,0.0,0.0,0.0,0.0,0.0,0.0,0.0,0.0,1.0,0.0
9,9,0.0,0.0,0.0,0.0,0.0,0.0,0.0,0.0,0.0,1.0,0.0
9,9,0.0,0.0,0.0,0.0,0.0,0.0,0.0,0.0,0.0,1.0,0.0
9,9,0.0,0.0,0.0,0.0,0.0,0.0,0.0,0.0,0.0,1.0,0.0
9,9,0.0,0.0,0.0,0.0,0.0,0.0,0.0,0.0,0.0,1.0,0.0
9,9,0.0,0.0,0.0,0.0,0.0,0.0,0.0,0.0,0.0,1.0,0.0
9,9,0.0,0.0,0.0,0.0,0.0,0.0,0.0,0.0,0.0,1.0,0.0
9,9,0.0,0.0,0.0,0.0,0.0,0.0,0.0,0.0,0.0,1.0,0.0
9,9,0.0,0.0,0.0,0.0,0.0,0.0,0.0,0.0,0.0,1.0,0.0
9,9,0.0,0.0,0.0,0.0,0.0,0.0,0.0,0.0,0.0,1.0,0.0
9,9,0.0,0.0,0.0,0.0,0.0,0.0,0.0,0.0,0.0,1.0,0.0
9,9,0.0,0.0,0.0,0.0,0.0,0.0,0.0,0.0,0.0,1.0,0.0
9,9,0.0,0.0,0.0,0.0,0.0,0.0,0.0,0.0,0.0,1.0,0.0
9,9,0.0,0.0,0.0,0.0,0.0,0.0,0.0,0.0,0.0,1.0,0.0
9,9,0.0,0.0,0.0,0.0,0.0,0.0,0.0,0.0,0.0,1.0,0.0
9,9,0.0,0.0,0.0,0.0,0.0,0.0,0.0,0.0,0.0,1.0,0.0
9,9,0.0,0.0,0.0,0.0,0.0,0.0,0.0,0.0,0.0,1.0,0.0
9,9,0.0,0.0,0.0,0.0,0.0,0.0,0.0,0.0,0.0,1.0,0.0
9,9,0.0,0.0,0.0,0.0,0.0,0.0,0.0,0.0,0.0,1.0,0.0
9,9,0.0,0.0,0.0,0.0,0.0,0.0,0.0,0.0,0.0,1.0,0.0
9,9,0.0,0.0,0.0,0.0,0.0,0.0,0.0,0.0,0.0,1.0,0.0
9,9,0.0,0.0,0.0,0.0,0.0,0.0,0.0,0.0,0.0,1.0,0.0
9,9,0.0,0.0,0.0,0.0,0.0,0.0,0.0,0.0,0.0,1.0,0.0
9,9,0.0,0.0,0.0,0.0,0.0,0.0,0.0,0.0,0.0,1.0,0.0
9,9,0.0,0.0,0.0,0.0,0.0,0.0,0.0,0.0,0.0,1.0,0.0
9,9,0.0,0.0,0.0,0.0,0.0,0.0,0.0,0.0,0.0,1.0,0.0
9,9,0.0,0.0,0.0,0.0,0.0,0.0,0.0,0.0,0.0,1.0,0.0
9,9,0.0,0.0,0.0,0.0,0.0,0.0,0.0,0.0,0.0,1.0,0.0
9,9,0.0,0.0,0.0,0.0,0.0,0.0,0.0,0.0,0.0,1.0,0.0
9,9,0.0,0.0,0.0,0.0,0.0,0.0,0.0,0.0,0.0,1.0,0.0
9,9,0.0,0.0,0.0,0.0,0.0,0.0,0.0,0.0,0.0,1.0,0.0
9,9,0.0,0.0,0.0,0.0,0.0,0.0,0.0,0.0,0.0,1.0,0.0
9,9,0.0,0.0,0.0,0.0,0.0,0.0,0.0,0.0,0.0,1.0,0.0
9,9,0.0,0.0,0.0,0.0,0.0,0.0,0.0,0.0,0.0,1.0,0.0
9,9,0.0,0.0,0.0,0.0,0.0,0.0,0.0,0.0,0.0,1.0,0.0
9,9,0.0,0.0,0.0,0.0,0.0,0.0,0.0,0.0,0.0,1.0,0.0
9,9,0.0,0.0,0.0,0.0,0.0,0.0,0.0,0.0,0.0,1.0,0.0
9,9,0.0,0.0,0.0,0.0,0.0,0.0,0.0,0.0,0.0,1.0,0.0
9,9,0.0,0.0,0.0,0.0,0.0,0.0,0.0,0.0,0.0,1.0,0.0
9,9,0.0,0.0,0.0,0.0,0.0,0.0,0.0,0.0,0.0,1.0,0.0
9,9,0.0,0.0,0.0,0.0,0.0,0.0,0.0,0.0,0.0,1.0,0.0
9,9,0.0,0.0,0.0,0.0,0.0,0.0,0.0,0.0,0.0,1.0,0.0
9,9,0.0,0.0,0.0,0.0,0.0,0.0,0.0,0.0,0.0,1.0,0.0
9,9,0.0,0.0,0.0,0.0,0.0,0.0,0.0,0.0,0.0,1.0,0.0
9,9,0.0,0.0,0.0,0.0,0.0,0.0,0.0,0.0,0.0,1.0,0.0
9,9,0.0,0.0,0.0,0.0,0.0,0.0,0.0,0.0,0.0,1.0,0.0
9,9,0.0,0.0,0.0,0.0,0.0,0.0,0.0,0.0,0.0,1.0,0.0
9,9,0.0,0.0,0.0,0.0,0.0,0.0,0.0,0.0,0.0,1.0,0.0
9,9,0.0,0.0,0.0,0.0,0.0,0.0,0.0,0.0,0.0,1.0,0.0
9,9,0.0,0.0,0.0,0.0,0.0,0.0,0.0,0.0,0.0,1.0,0.0
9,9,0.0,0.0,0.0,0.0,0.0,0.0,0.0,0.0,0.0,1.0,0.0
9,9,0.0,0.0,0.0,0.0,0.0,0.0,0.0,0.0,0.0,1.0,0.0
9,9,0.0,0.0,0.0,0.0,0.0,0.0,0.0,0.0,0.0,1.0,0.0
9,9,0.0,0.0,0.0,0.0,0.0,0.0,0.0,0.0,0.0,1.0,0.0
9,9,0.0,0.0,0.0,0.0,0.0,0.0,0.0,0.0,0.0,1.0,0.0
9,9,0.0,0.0,0.0,0.0,0.0,0.0,0.0,0.0,0.0,1.0,0.0
9,9,0.0,0.0,0.0,0.0,0.0,0.0,0.0,0.0,0.0,1.0,0.0
9,9,0.0,0.0,0.0,0.0,0.0,0.0,0.0,0.0,0.0,1.0,0.0
9,9,0.0,0.0,0.0,0.0,0.0,0.0,0.0,0.0,0.0,1.0,0.0
9,9,0.0,0.0,0.0,0.0,0.0,0.0,0.0,0.0,0.0,1.0,0.0
9,9,0.0,0.0,0.0,0.0,0.0,0.0,0.0,0.0,0.0,1.0,0.0
9,9,0.0,0.0,0.0,0.0,0.0,0.0,0.0,0.0,0.0,1.0,0.0
9,9,0.0,0.0,0.0,0.0,0.0,0.0,0.0,0.0,0.0,1.0,0.0
9,9,0.0,0.0,0.0,0.0,0.0,0.0,0.0,0.0,0.0,1.0,0.0
9,9,0.0,0.0,0.0,0.0,0.0,0.0,0.0,0.0,0.0,1.0,0.0
9,9,0.0,0.0,0.0,0.0,0.0,0.0,0.0,0.0,0.0,1.0,0.0
9,9,0.0,0.0,0.0,0.0,0.0,0.0,0.0,0.0,0.0,1.0,0.0
9,9,0.0,0.0,0.0,0.0,0.0,0.0,0.0,0.0,0.0,1.0,0.0
9,9,0.0,0.0,0.0,0.0,0.0,0.0,0.0,0.0,0.0,1.0,0.0
9,9,0.0,0.0,0.0,0.0,0.0,0.0,0.0,0.0,0.0,1.0,0.0
9,9,0.0,0.0,0.0,0.0,0.0,0.0,0.0,0.0,0.0,1.0,0.0
9,9,0.0,0.0,0.0,0.0,0.0,0.0,0.0,0.0,0.0,1.0,0.0
9,9,0.0,0.0,0.0,0.0,0.0,0.0,0.0,0.0,0.0,1.0,0.0
9,9,0.0,0.0,0.0,0.0,0.0,0.0,0.0,0.0,0.0,1.0,0.0
9,9,0.0,0.0,0.0,0.0,0.0,0.0,0.0,0.0,0.0,1.0,0.0
9,9,0.0,0.0,0.0,0.0,0.0,0.0,0.0,0.0,0.0,1.0,0.0
9,9,0.0,0.0,0.0,0.0,0.0,0.0,0.0,0.0,0.0,1.0,0.0
9,9,0.0,0.0,0.0,0.0,0.0,0.0,0.0,0.0,0.0,1.0,0.0
9,9,0.0,0.0,0.0,0.0,0.0,0.0,0.0,0.0,0.0,1.0,0.0
9,9,0.0,0.0,0.0,0.0,0.0,0.0,0.0,0.0,0.0,1.0,0.0
9,9,0.0,0.0,0.0,0.0,0.0,0.0,0.0,0.0,0.0,1.0,0.0
9,9,0.0,0.0,0.0,0.0,0.0,0.0,0.0,0.0,0.0,1.0,0.0
9,9,0.0,0.0,0.0,0.0,0.0,0.0,0.0,0.0,0.0,1.0,0.0
9,9,0.0,0.0,0.0,0.0,0.0,0.0,0.0,0.0,0.0,1.0,0.0
9,9,0.0,0.0,0.0,0.0,0.0,0.0,0.0,0.0,0.0,1.0,0.0
9,9,0.0,0.0,0.0,0.0,0.0,0.0,0.0,0.0,0.0,1.0,0.0
9,9,0.0,0.0,0.0,0.0,0.0,0.0,0.0,0.0,0.0,1.0,0.0
9,9,0.0,0.0,0.0,0.0,0.0,0.0,0.0,0.0,0.0,1.0,0.0
9,9,0.0,0.0,0.0,0.0,0.0,0.0,0.0,0.0,0.0,1.0,0.0
9,9,0.0,0.0,0.0,0.0,0.0,0.0,0.0,0.0,0.0,1.0,0.0
9,9,0.0,0.0,0.0,0.0,0.0,0.0,0.0,0.0,0.0,1.0,0.0
9,9,0.0,0.0,0.0,0.0,0.0,0.0,0.0,0.0,0.0,1.0,0.0
9,9,0.0,0.0,0.0,0.0,0.0,0.0,0.0,0.0,0.0,1.0,0.0
9,9,0.0,0.0,0.0,0.0,0.0,0.0,0.0,0.0,0.0,1.0,0.0
9,9,0.0,0.0,0.0,0.0,0.0,0.0,0.0,0.0,0.0,1.0,0.0
9,9,0.0,0.0,0.0,0.0,0.0,0.0,0.0,0.0,0.0,1.0,0.0
9,9,0.0,0.0,0.0,0.0,0.0,0.0,0.0,0.0,0.0,1.0,0.0
9,9,0.0,0.0,0.0,0.0,0.0,0.0,0.0,0.0,0.0,1.0,0.0
9,9,0.0,0.0,0.0,0.0,0.0,0.0,0.0,0.0,0.0,1.0,0.0
9,9,0.0,0.0,0.0,0.0,0.0,0.0,0.0,0.0,0.0,1.0,0.0
9,9,0.0,0.0,0.0,0.0,0.0,0.0,0.0,0.0,0.0,1.0,0.0
9,9,0.0,0.0,0.0,0.0,0.0,0.0,0.0,0.0,0.0,1.0,0.0
9,9,0.0,0.0,0.0,0.0,0.0,0.0,0.0,0.0,0.0,1.0,0.0
9,9,0.0,0.0,0.0,0.0,0.0,0.0,0.0,0.0,0.0,1.0,0.0
9,9,0.0,0.0,0.0,0.0,0.0,0.0,0.0,0.0,0.0,1.0,0.0
9,9,0.0,0.0,0.0,0.0,0.0,0.0,0.0,0.0,0.0,1.0,0.0
9,9,0.0,0.0,0.0,0.0,0.0,0.0,0.0,0.0,0.0,1.0,0.0
9,9,0.0,0.0,0.0,0.0,0.0,0.0,0.0,0.0,0.0,1.0,0.0
9,9,0.0,0.0,0.0,0.0,0.0,0.0,0.0,0.0,0.0,1.0,0.0
9,9,0.0,0.0,0.0,0.0,0.0,0.0,0.0,0.0,0.0,1.0,0.0
9,9,0.0,0.0,0.0,0.0,0.0,0.0,0.0,0.0,0.0,1.0,0.0
9,9,0.0,0.0,0.0,0.0,0.0,0.0,0.0,0.0,0.0,1.0,0.0
9,9,0.0,0.0,0.0,0.0,0.0,0.0,0.0,0.0,0.0,1.0,0.0
9,9,0.0,0.0,0.0,0.0,0.0,0.0,0.0,0.0,0.0,1.0,0.0
9,9,0.0,0.0,0.0,0.0,0.0,0.0,0.0,0.0,0.0,1.0,0.0
9,9,0.0,0.0,0.0,0.0,0.0,0.0,0.0,0.0,0.0,1.0,0.0
9,9,0.0,0.0,0.0,0.0,0.0,0.0,0.0,0.0,0.0,1.0,0.0
9,9,0.0,0.0,0.0,0.0,0.0,0.0,0.0,0.0,0.0,1.0,0.0
9,9,0.0,0.0,0.0,0.0,0.0,0.0,0.0,0.0,0.0,1.0,0.0
9,9,0.0,0.0,0.0,0.0,0.0,0.0,0.0,0.0,0.0,1.0,0.0
9,9,0.0,0.0,0.0,0.0,0.0,0.0,0.0,0.0,0.0,1.0,0.0
9,9,0.0,0.0,0.0,0.0,0.0,0.0,0.0,0.0,0.0,1.0,0.0
9,9,0.0,0.0,0.0,0.0,0.0,0.0,0.0,0.0,0.0,1.0,0.0
9,9,0.0,0.0,0.0,0.0,0.0,0.0,0.0,0.0,0.0,1.0,0.0
9,9,0.0,0.0,0.0,0.0,0.0,0.0,0.0,0.0,0.0,1.0,0.0
9,9,0.0,0.0,0.0,0.0,0.0,0.0,0.0,0.0,0.0,1.0,0.0
9,9,0.0,0.0,0.0,0.0,0.0,0.0,0.0,0.0,0.0,1.0,0.0
9,9,0.0,0.0,0.0,0.0,0.0,0.0,0.0,0.0,0.0,1.0,0.0
9,9,0.0,0.0,0.0,0.0,0.0,0.0,0.0,0.0,0.0,1.0,0.0
9,9,0.0,0.0,0.0,0.0,0.0,0.0,0.0,0.0,0.0,1.0,0.0
9,9,0.0,0.0,0.0,0.0,0.0,0.0,0.0,0.0,0.0,1.0,0.0
9,9,0.0,0.0,0.0,0.0,0.0,0.0,0.0,0.0,0.0,1.0,0.0
9,9,0.0,0.0,0.0,0.0,0.0,0.0,0.0,0.0,0.0,1.0,0.0
9,9,0.0,0.0,0.0,0.0,0.0,0.0,0.0,0.0,0.0,1.0,0.0
9,9,0.0,0.0,0.0,0.0,0.0,0.0,0.0,0.0,0.0,1.0,0.0
9,9,0.0,0.0,0.0,0.0,0.0,0.0,0.0,0.0,0.0,1.0,0.0
9,9,0.0,0.0,0.0,0.0,0.0,0.0,0.0,0.0,0.0,1.0,0.0
9,9,0.0,0.0,0.0,0.0,0.0,0.0,0.0,0.0,0.0,1.0,0.0
9,9,0.0,0.0,0.0,0.0,0.0,0.0,0.0,0.0,0.0,1.0,0.0
9,9,0.0,0.0,0.0,0.0,0.0,0.0,0.0,0.0,0.0,1.0,0.0
9,9,0.0,0.0,0.0,0.0,0.0,0.0,0.0,0.0,0.0,1.0,0.0
9,9,0.0,0.0,0.0,0.0,0.0,0.0,0.0,0.0,0.0,1.0,0.0
9,9,0.0,0.0,0.0,0.0,0.0,0.0,0.0,0.0,0.0,1.0,0.0
9,9,0.0,0.0,0.0,0.0,0.0,0.0,0.0,0.0,0.0,1.0,0.0
9,9,0.0,0.0,0.0,0.0,0.0,0.0,0.0,0.0,0.0,1.0,0.0
9,9,0.0,0.0,0.0,0.0,0.0,0.0,0.0,0.0,0.0,1.0,0.0
9,9,0.0,0.0,0.0,0.0,0.0,0.0,0.0,0.0,0.0,1.0,0.0
9,9,0.0,0.0,0.0,0.0,0.0,0.0,0.0,0.0,0.0,1.0,0.0
9,9,0.0,0.0,0.0,0.0,0.0,0.0,0.0,0.0,0.0,1.0,0.0
9,9,0.0,0.0,0.0,0.0,0.0,0.0,0.0,0.0,0.0,1.0,0.0
9,9,0.0,0.0,0.0,0.0,0.0,0.0,0.0,0.0,0.0,1.0,0.0
9,9,0.0,0.0,0.0,0.0,0.0,0.0,0.0,0.0,0.0,1.0,0.0
9,9,0.0,0.0,0.0,0.0,0.0,0.0,0.0,0.0,0.0,1.0,0.0
9,9,0.0,0.0,0.0,0.0,0.0,0.0,0.0,0.0,0.0,1.0,0.0
9,9,0.0,0.0,0.0,0.0,0.0,0.0,0.0,0.0,0.0,1.0,0.0
9,9,0.0,0.0,0.0,0.0,0.0,0.0,0.0,0.0,0.0,1.0,0.0
9,9,0.0,0.0,0.0,0.0,0.0,0.0,0.0,0.0,0.0,1.0,0.0
9,9,0.0,0.0,0.0,0.0,0.0,0.0,0.0,0.0,0.0,1.0,0.0
9,9,0.0,0.0,0.0,0.0,0.0,0.0,0.0,0.0,0.0,1.0,0.0
9,9,0.0,0.0,0.0,0.0,0.0,0.0,0.0,0.0,0.0,1.0,0.0
9,9,0.0,0.0,0.0,0.0,0.0,0.0,0.0,0.0,0.0,1.0,0.0
9,9,0.0,0.0,0.0,0.0,0.0,0.0,0.0,0.0,0.0,1.0,0.0
9,9,0.0,0.0,0.0,0.0,0.0,0.0,0.0,0.0,0.0,1.0,0.0
9,9,0.0,0.0,0.0,0.0,0.0,0.0,0.0,0.0,0.0,1.0,0.0
9,9,0.0,0.0,0.0,0.0,0.0,0.0,0.0,0.0,0.0,1.0,0.0
9,9,0.0,0.0,0.0,0.0,0.0,0.0,0.0,0.0,0.0,1.0,0.0
9,9,0.0,0.0,0.0,0.0,0.0,0.0,0.0,0.0,0.0,1.0,0.0
9,9,0.0,0.0,0.0,0.0,0.0,0.0,0.0,0.0,0.0,1.0,0.0
9,9,0.0,0.0,0.0,0.0,0.0,0.0,0.0,0.0,0.0,1.0,0.0
9,9,0.0,0.0,0.0,0.0,0.0,0.0,0.0,0.0,0.0,1.0,0.0
9,9,0.0,0.0,0.0,0.0,0.0,0.0,0.0,0.0,0.0,1.0,0.0
9,9,0.0,0.0,0.0,0.0,0.0,0.0,0.0,0.0,0.0,1.0,0.0
9,9,0.0,0.0,0.0,0.0,0.0,0.0,0.0,0.0,0.0,1.0,0.0
9,9,0.0,0.0,0.0,0.0,0.0,0.0,0.0,0.0,0.0,1.0,0.0
9,9,0.0,0.0,0.0,0.0,0.0,0.0,0.0,0.0,0.0,1.0,0.0
9,9,0.0,0.0,0.0,0.0,0.0,0.0,0.0,0.0,0.0,1.0,0.0
9,9,0.0,0.0,0.0,0.0,0.0,0.0,0.0,0.0,0.0,1.0,0.0
9,9,0.0,0.0,0.0,0.0,0.0,0.0,0.0,0.0,0.0,1.0,0.0
9,9,0.0,0.0,0.0,0.0,0.0,0.0,0.0,0.0,0.0,1.0,0.0
9,9,0.0,0.0,0.0,0.0,0.0,0.0,0.0,0.0,0.0,1.0,0.0
9,9,0.0,0.0,0.0,0.0,0.0,0.0,0.0,0.0,0.0,1.0,0.0
9,9,0.0,0.0,0.0,0.0,0.0,0.0,0.0,0.0,0.0,1.0,0.0
9,9,0.0,0.0,0.0,0.0,0.0,0.0,0.0,0.0,0.0,1.0,0.0
9,9,0.0,0.0,0.0,0.0,0.0,0.0,0.0,0.0,0.0,1.0,0.0
9,9,0.0,0.0,0.0,0.0,0.0,0.0,0.0,0.0,0.0,1.0,0.0
9,9,0.0,0.0,0.0,0.0,0.0,0.0,0.0,0.0,0.0,1.0,0.0
9,9,0.0,0.0,0.0,0.0,0.0,0.0,0.0,0.0,0.0,1.0,0.0
9,9,0.0,0.0,0.0,0.0,0.0,0.0,0.0,0.0,0.0,1.0,0.0
9,9,0.0,0.0,0.0,0.0,0.0,0.0,0.0,0.0,0.0,1.0,0.0
9,9,0.0,0.0,0.0,0.0,0.0,0.0,0.0,0.0,0.0,1.0,0.0
9,9,0.0,0.0,0.0,0.0,0.0,0.0,0.0,0.0,0.0,1.0,0.0
9,9,0.0,0.0,0.0,0.0,0.0,0.0,0.0,0.0,0.0,1.0,0.0
9,9,0.0,0.0,0.0,0.0,0.0,0.0,0.0,0.0,0.0,1.0,0.0
9,9,0.0,0.0,0.0,0.0,0.0,0.0,0.0,0.0,0.0,1.0,0.0
9,9,0.0,0.0,0.0,0.0,0.0,0.0,0.0,0.0,0.0,1.0,0.0
9,9,0.0,0.0,0.0,0.0,0.0,0.0,0.0,0.0,0.0,1.0,0.0
9,9,0.0,0.0,0.0,0.0,0.0,0.0,0.0,0.0,0.0,1.0,0.0
9,9,0.0,0.0,0.0,0.0,0.0,0.0,0.0,0.0,0.0,1.0,0.0
9,9,0.0,0.0,0.0,0.0,0.0,0.0,0.0,0.0,0.0,1.0,0.0
9,9,0.0,0.0,0.0,0.0,0.0,0.0,0.0,0.0,0.0,1.0,0.0
9,9,0.0,0.0,0.0,0.0,0.0,0.0,0.0,0.0,0.0,1.0,0.0
9,9,0.0,0.0,0.0,0.0,0.0,0.0,0.0,0.0,0.0,1.0,0.0
9,9,0.0,0.0,0.0,0.0,0.0,0.0,0.0,0.0,0.0,1.0,0.0
9,9,0.0,0.0,0.0,0.0,0.0,0.0,0.0,0.0,0.0,1.0,0.0
9,9,0.0,0.0,0.0,0.0,0.0,0.0,0.0,0.0,0.0,1.0,0.0
9,9,0.0,0.0,0.0,0.0,0.0,0.0,0.0,0.0,0.0,1.0,0.0
9,9,0.0,0.0,0.0,0.0,0.0,0.0,0.0,0.0,0.0,1.0,0.0
9,9,0.0,0.0,0.0,0.0,0.0,0.0,0.0,0.0,0.0,1.0,0.0
9,9,0.0,0.0,0.0,0.0,0.0,0.0,0.0,0.0,0.0,1.0,0.0
9,9,0.0,0.0,0.0,0.0,0.0,0.0,0.0,0.0,0.0,1.0,0.0
9,9,0.0,0.0,0.0,0.0,0.0,0.0,0.0,0.0,0.0,1.0,0.0
9,9,0.0,0.0,0.0,0.0,0.0,0.0,0.0,0.0,0.0,1.0,0.0
9,9,0.0,0.0,0.0,0.0,0.0,0.0,0.0,0.0,0.0,1.0,0.0
9,9,0.0,0.0,0.0,0.0,0.0,0.0,0.0,0.0,0.0,1.0,0.0
9,9,0.0,0.0,0.0,0.0,0.0,0.0,0.0,0.0,0.0,1.0,0.0
9,9,0.0,0.0,0.0,0.0,0.0,0.0,0.0,0.0,0.0,1.0,0.0
9,9,0.0,0.0,0.0,0.0,0.0,0.0,0.0,0.0,0.0,1.0,0.0
9,9,0.0,0.0,0.0,0.0,0.0,0.0,0.0,0.0,0.0,1.0,0.0
9,9,0.0,0.0,0.0,0.0,0.0,0.0,0.0,0.0,0.0,1.0,0.0
9,9,0.0,0.0,0.0,0.0,0.0,0.0,0.0,0.0,0.0,1.0,0.0
9,9,0.0,0.0,0.0,0.0,0.0,0.0,0.0,0.0,0.0,1.0,0.0
9,9,0.0,0.0,0.0,0.0,0.0,0.0,0.0,0.0,0.0,1.0,0.0
9,9,0.0,0.0,0.0,0.0,0.0,0.0,0.0,0.0,0.0,1.0,0.0
9,9,0.0,0.0,0.0,0.0,0.0,0.0,0.0,0.0,0.0,1.0,0.0
9,9,0.0,0.0,0.0,0.0,0.0,0.0,0.0,0.0,0.0,1.0,0.0
9,9,0.0,0.0,0.0,0.0,0.0,0.0,0.0,0.0,0.0,1.0,0.0
9,9,0.0,0.0,0.0,0.0,0.0,0.0,0.0,0.0,0.0,1.0,0.0
9,9,0.0,0.0,0.0,0.0,0.0,0.0,0.0,0.0,0.0,1.0,0.0
9,9,0.0,0.0,0.0,0.0,0.0,0.0,0.0,0.0,0.0,1.0,0.0
9,9,0.0,0.0,0.0,0.0,0.0,0.0,0.0,0.0,0.0,1.0,0.0
9,9,0.0,0.0,0.0,0.0,0.0,0.0,0.0,0.0,0.0,1.0,0.0
9,9,0.0,0.0,0.0,0.0,0.0,0.0,0.0,0.0,0.0,1.0,0.0
9,9,0.0,0.0,0.0,0.0,0.0,0.0,0.0,0.0,0.0,1.0,0.0
9,9,0.0,0.0,0.0,0.0,0.0,0.0,0.0,0.0,0.0,1.0,0.0
9,9,0.0,0.0,0.0,0.0,0.0,0.0,0.0,0.0,0.0,1.0,0.0
9,9,0.0,0.0,0.0,0.0,0.0,0.0,0.0,0.0,0.0,1.0,0.0
9,9,0.0,0.0,0.0,0.0,0.0,0.0,0.0,0.0,0.0,1.0,0.0
9,9,0.0,0.0,0.0,0.0,0.0,0.0,0.0,0.0,0.0,1.0,0.0
9,9,0.0,0.0,0.0,0.0,0.0,0.0,0.0,0.0,0.0,1.0,0.0
9,9,0.0,0.0,0.0,0.0,0.0,0.0,0.0,0.0,0.0,1.0,0.0
9,9,0.0,0.0,0.0,0.0,0.0,0.0,0.0,0.0,0.0,1.0,0.0
9,9,0.0,0.0,0.0,0.0,0.0,0.0,0.0,0.0,0.0,1.0,0.0
9,9,0.0,0.0,0.0,0.0,0.0,0.0,0.0,0.0,0.0,1.0,0.0
9,9,0.0,0.0,0.0,0.0,0.0,0.0,0.0,0.0,0.0,1.0,0.0
9,9,0.0,0.0,0.0,0.0,0.0,0.0,0.0,0.0,0.0,1.0,0.0
9,9,0.0,0.0,0.0,0.0,0.0,0.0,0.0,0.0,0.0,1.0,0.0
9,9,0.0,0.0,0.0,0.0,0.0,0.0,0.0,0.0,0.0,1.0,0.0
9,9,0.0,0.0,0.0,0.0,0.0,0.0,0.0,0.0,0.0,1.0,0.0
9,9,0.0,0.0,0.0,0.0,0.0,0.0,0.0,0.0,0.0,1.0,0.0
9,9,0.0,0.0,0.0,0.0,0.0,0.0,0.0,0.0,0.0,1.0,0.0
9,9,0.0,0.0,0.0,0.0,0.0,0.0,0.0,0.0,0.0,1.0,0.0
9,9,0.0,0.0,0.0,0.0,0.0,0.0,0.0,0.0,0.0,1.0,0.0
9,9,0.0,0.0,0.0,0.0,0.0,0.0,0.0,0.0,0.0,1.0,0.0
9,9,0.0,0.0,0.0,0.0,0.0,0.0,0.0,0.0,0.0,1.0,0.0
9,9,0.0,0.0,0.0,0.0,0.0,0.0,0.0,0.0,0.0,1.0,0.0
9,9,0.0,0.0,0.0,0.0,0.0,0.0,0.0,0.0,0.0,1.0,0.0
9,9,0.0,0.0,0.0,0.0,0.0,0.0,0.0,0.0,0.0,1.0,0.0
9,9,0.0,0.0,0.0,0.0,0.0,0.0,0.0,0.0,0.0,1.0,0.0
9,9,0.0,0.0,0.0,0.0,0.0,0.0,0.0,0.0,0.0,1.0,0.0
9,9,0.0,0.0,0.0,0.0,0.0,0.0,0.0,0.0,0.0,1.0,0.0
9,9,0.0,0.0,0.0,0.0,0.0,0.0,0.0,0.0,0.0,1.0,0.0
9,9,0.0,0.0,0.0,0.0,0.0,0.0,0.0,0.0,0.0,1.0,0.0
9,9,0.0,0.0,0.0,0.0,0.0,0.0,0.0,0.0,0.0,1.0,0.0
9,9,0.0,0.0,0.0,0.0,0.0,0.0,0.0,0.0,0.0,1.0,0.0
9,9,0.0,0.0,0.0,0.0,0.0,0.0,0.0,0.0,0.0,1.0,0.0
9,9,0.0,0.0,0.0,0.0,0.0,0.0,0.0,0.0,0.0,1.0,0.0
9,9,0.0,0.0,0.0,0.0,0.0,0.0,0.0,0.0,0.0,1.0,0.0
9,9,0.0,0.0,0.0,0.0,0.0,0.0,0.0,0.0,0.0,1.0,0.0
9,9,0.0,0.0,0.0,0.0,0.0,0.0,0.0,0.0,0.0,1.0,0.0
9,9,0.0,0.0,0.0,0.0,0.0,0.0,0.0,0.0,0.0,1.0,0.0
9,9,0.0,0.0,0.0,0.0,0.0,0.0,0.0,0.0,0.0,1.0,0.0
9,9,0.0,0.0,0.0,0.0,0.0,0.0,0.0,0.0,0.0,1.0,0.0
9,9,0.0,0.0,0.0,0.0,0.0,0.0,0.0,0.0,0.0,1.0,0.0
9,9,0.0,0.0,0.0,0.0,0.0,0.0,0.0,0.0,0.0,1.0,0.0
9,9,0.0,0.0,0.0,0.0,0.0,0.0,0.0,0.0,0.0,1.0,0.0
9,9,0.0,0.0,0.0,0.0,0.0,0.0,0.0,0.0,0.0,1.0,0.0
9,9,0.0,0.0,0.0,0.0,0.0,0.0,0.0,0.0,0.0,1.0,0.0
9,9,0.0,0.0,0.0,0.0,0.0,0.0,0.0,0.0,0.0,1.0,0.0
9,9,0.0,0.0,0.0,0.0,0.0,0.0,0.0,0.0,0.0,1.0,0.0
9,9,0.0,0.0,0.0,0.0,0.0,0.0,0.0,0.0,0.0,1.0,0.0
9,9,0.0,0.0,0.0,0.0,0.0,0.0,0.0,0.0,0.0,1.0,0.0
9,9,0.0,0.0,0.0,0.0,0.0,0.0,0.0,0.0,0.0,1.0,0.0
9,9,0.0,0.0,0.0,0.0,0.0,0.0,0.0,0.0,0.0,1.0,0.0
9,9,0.0,0.0,0.0,0.0,0.0,0.0,0.0,0.0,0.0,1.0,0.0
9,9,0.0,0.0,0.0,0.0,0.0,0.0,0.0,0.0,0.0,1.0,0.0
9,9,0.0,0.0,0.0,0.0,0.0,0.0,0.0,0.0,0.0,1.0,0.0
9,9,0.0,0.0,0.0,0.0,0.0,0.0,0.0,0.0,0.0,1.0,0.0
9,9,0.0,0.0,0.0,0.0,0.0,0.0,0.0,0.0,0.0,1.0,0.0
9,9,0.0,0.0,0.0,0.0,0.0,0.0,0.0,0.0,0.0,1.0,0.0
9,9,0.0,0.0,0.0,0.0,0.0,0.0,0.0,0.0,0.0,1.0,0.0
9,9,0.0,0.0,0.0,0.0,0.0,0.0,0.0,0.0,0.0,1.0,0.0
9,9,0.0,0.0,0.0,0.0,0.0,0.0,0.0,0.0,0.0,1.0,0.0
9,9,0.0,0.0,0.0,0.0,0.0,0.0,0.0,0.0,0.0,1.0,0.0
9,9,0.0,0.0,0.0,0.0,0.0,0.0,0.0,0.0,0.0,1.0,0.0
9,9,0.0,0.0,0.0,0.0,0.0,0.0,0.0,0.0,0.0,1.0,0.0
9,9,0.0,0.0,0.0,0.0,0.0,0.0,0.0,0.0,0.0,1.0,0.0
9,9,0.0,0.0,0.0,0.0,0.0,0.0,0.0,0.0,0.0,1.0,0.0
9,9,0.0,0.0,0.0,0.0,0.0,0.0,0.0,0.0,0.0,1.0,0.0
9,9,0.0,0.0,0.0,0.0,0.0,0.0,0.0,0.0,0.0,1.0,0.0
9,9,0.0,0.0,0.0,0.0,0.0,0.0,0.0,0.0,0.0,1.0,0.0
9,9,0.0,0.0,0.0,0.0,0.0,0.0,0.0,0.0,0.0,1.0,0.0
9,9,0.0,0.0,0.0,0.0,0.0,0.0,0.0,0.0,0.0,1.0,0.0
9,9,0.0,0.0,0.0,0.0,0.0,0.0,0.0,0.0,0.0,1.0,0.0
9,9,0.0,0.0,0.0,0.0,0.0,0.0,0.0,0.0,0.0,1.0,0.0
9,9,0.0,0.0,0.0,0.0,0.0,0.0,0.0,0.0,0.0,1.0,0.0
9,9,0.0,0.0,0.0,0.0,0.0,0.0,0.0,0.0,0.0,1.0,0.0
9,9,0.0,0.0,0.0,0.0,0.0,0.0,0.0,0.0,0.0,1.0,0.0
9,9,0.0,0.0,0.0,0.0,0.0,0.0,0.0,0.0,0.0,1.0,0.0
9,9,0.0,0.0,0.0,0.0,0.0,0.0,0.0,0.0,0.0,1.0,0.0
9,9,0.0,0.0,0.0,0.0,0.0,0.0,0.0,0.0,0.0,1.0,0.0
9,9,0.0,0.0,0.0,0.0,0.0,0.0,0.0,0.0,0.0,1.0,0.0
9,9,0.0,0.0,0.0,0.0,0.0,0.0,0.0,0.0,0.0,1.0,0.0
9,9,0.0,0.0,0.0,0.0,0.0,0.0,0.0,0.0,0.0,1.0,0.0
9,9,0.0,0.0,0.0,0.0,0.0,0.0,0.0,0.0,0.0,1.0,0.0
9,9,0.0,0.0,0.0,0.0,0.0,0.0,0.0,0.0,0.0,1.0,0.0
9,9,0.0,0.0,0.0,0.0,0.0,0.0,0.0,0.0,0.0,1.0,0.0
9,9,0.0,0.0,0.0,0.0,0.0,0.0,0.0,0.0,0.0,1.0,0.0
9,9,0.0,0.0,0.0,0.0,0.0,0.0,0.0,0.0,0.0,1.0,0.0
9,9,0.0,0.0,0.0,0.0,0.0,0.0,0.0,0.0,0.0,1.0,0.0
9,9,0.0,0.0,0.0,0.0,0.0,0.0,0.0,0.0,0.0,1.0,0.0
9,9,0.0,0.0,0.0,0.0,0.0,0.0,0.0,0.0,0.0,1.0,0.0
9,9,0.0,0.0,0.0,0.0,0.0,0.0,0.0,0.0,0.0,1.0,0.0
9,9,0.0,0.0,0.0,0.0,0.0,0.0,0.0,0.0,0.0,1.0,0.0
9,9,0.0,0.0,0.0,0.0,0.0,0.0,0.0,0.0,0.0,1.0,0.0
9,9,0.0,0.0,0.0,0.0,0.0,0.0,0.0,0.0,0.0,1.0,0.0
9,9,0.0,0.0,0.0,0.0,0.0,0.0,0.0,0.0,0.0,1.0,0.0
9,9,0.0,0.0,0.0,0.0,0.0,0.0,0.0,0.0,0.0,1.0,0.0
9,9,0.0,0.0,0.0,0.0,0.0,0.0,0.0,0.0,0.0,1.0,0.0
9,9,0.0,0.0,0.0,0.0,0.0,0.0,0.0,0.0,0.0,1.0,0.0
9,9,0.0,0.0,0.0,0.0,0.0,0.0,0.0,0.0,0.0,1.0,0.0
9,9,0.0,0.0,0.0,0.0,0.0,0.0,0.0,0.0,0.0,1.0,0.0
9,9,0.0,0.0,0.0,0.0,0.0,0.0,0.0,0.0,0.0,1.0,0.0
9,9,0.0,0.0,0.0,0.0,0.0,0.0,0.0,0.0,0.0,1.0,0.0
9,9,0.0,0.0,0.0,0.0,0.0,0.0,0.0,0.0,0.0,1.0,0.0
9,9,0.0,0.0,0.0,0.0,0.0,0.0,0.0,0.0,0.0,1.0,0.0
9,9,0.0,0.0,0.0,0.0,0.0,0.0,0.0,0.0,0.0,1.0,0.0
9,9,0.0,0.0,0.0,0.0,0.0,0.0,0.0,0.0,0.0,1.0,0.0
9,9,0.0,0.0,0.0,0.0,0.0,0.0,0.0,0.0,0.0,1.0,0.0
9,9,0.0,0.0,0.0,0.0,0.0,0.0,0.0,0.0,0.0,1.0,0.0
9,9,0.0,0.0,0.0,0.0,0.0,0.0,0.0,0.0,0.0,1.0,0.0
9,9,0.0,0.0,0.0,0.0,0.0,0.0,0.0,0.0,0.0,1.0,0.0
9,9,0.0,0.0,0.0,0.0,0.0,0.0,0.0,0.0,0.0,1.0,0.0
9,9,0.0,0.0,0.0,0.0,0.0,0.0,0.0,0.0,0.0,1.0,0.0
9,9,0.0,0.0,0.0,0.0,0.0,0.0,0.0,0.0,0.0,1.0,0.0
9,9,0.0,0.0,0.0,0.0,0.0,0.0,0.0,0.0,0.0,1.0,0.0
9,9,0.0,0.0,0.0,0.0,0.0,0.0,0.0,0.0,0.0,1.0,0.0
9,9,0.0,0.0,0.0,0.0,0.0,0.0,0.0,0.0,0.0,1.0,0.0
9,9,0.0,0.0,0.0,0.0,0.0,0.0,0.0,0.0,0.0,1.0,0.0
9,9,0.0,0.0,0.0,0.0,0.0,0.0,0.0,0.0,0.0,1.0,0.0
9,9,0.0,0.0,0.0,0.0,0.0,0.0,0.0,0.0,0.0,1.0,0.0
9,9,0.0,0.0,0.0,0.0,0.0,0.0,0.0,0.0,0.0,1.0,0.0
9,9,0.0,0.0,0.0,0.0,0.0,0.0,0.0,0.0,0.0,1.0,0.0
9,9,0.0,0.0,0.0,0.0,0.0,0.0,0.0,0.0,0.0,1.0,0.0
9,9,0.0,0.0,0.0,0.0,0.0,0.0,0.0,0.0,0.0,1.0,0.0
9,9,0.0,0.0,0.0,0.0,0.0,0.0,0.0,0.0,0.0,1.0,0.0
9,9,0.0,0.0,0.0,0.0,0.0,0.0,0.0,0.0,0.0,1.0,0.0
9,9,0.0,0.0,0.0,0.0,0.0,0.0,0.0,0.0,0.0,1.0,0.0
9,9,0.0,0.0,0.0,0.0,0.0,0.0,0.0,0.0,0.0,1.0,0.0
9,9,0.0,0.0,0.0,0.0,0.0,0.0,0.0,0.0,0.0,1.0,0.0
9,9,0.0,0.0,0.0,0.0,0.0,0.0,0.0,0.0,0.0,1.0,0.0
9,9,0.0,0.0,0.0,0.0,0.0,0.0,0.0,0.0,0.0,1.0,0.0
9,9,0.0,0.0,0.0,0.0,0.0,0.0,0.0,0.0,0.0,1.0,0.0
9,9,0.0,0.0,0.0,0.0,0.0,0.0,0.0,0.0,0.0,1.0,0.0
9,9,0.0,0.0,0.0,0.0,0.0,0.0,0.0,0.0,0.0,1.0,0.0
9,9,0.0,0.0,0.0,0.0,0.0,0.0,0.0,0.0,0.0,1.0,0.0
9,9,0.0,0.0,0.0,0.0,0.0,0.0,0.0,0.0,0.0,1.0,0.0
9,9,0.0,0.0,0.0,0.0,0.0,0.0,0.0,0.0,0.0,1.0,0.0
9,9,0.0,0.0,0.0,0.0,0.0,0.0,0.0,0.0,0.0,1.0,0.0
9,9,0.0,0.0,0.0,0.0,0.0,0.0,0.0,0.0,0.0,1.0,0.0
9,9,0.0,0.0,0.0,0.0,0.0,0.0,0.0,0.0,0.0,1.0,0.0
9,9,0.0,0.0,0.0,0.0,0.0,0.0,0.0,0.0,0.0,1.0,0.0
9,9,0.0,0.0,0.0,0.0,0.0,0.0,0.0,0.0,0.0,1.0,0.0
9,9,0.0,0.0,0.0,0.0,0.0,0.0,0.0,0.0,0.0,1.0,0.0
9,9,0.0,0.0,0.0,0.0,0.0,0.0,0.0,0.0,0.0,1.0,0.0
9,9,0.0,0.0,0.0,0.0,0.0,0.0,0.0,0.0,0.0,1.0,0.0
9,9,0.0,0.0,0.0,0.0,0.0,0.0,0.0,0.0,0.0,1.0,0.0
9,9,0.0,0.0,0.0,0.0,0.0,0.0,0.0,0.0,0.0,1.0,0.0
9,9,0.0,0.0,0.0,0.0,0.0,0.0,0.0,0.0,0.0,1.0,0.0
9,9,0.0,0.0,0.0,0.0,0.0,0.0,0.0,0.0,0.0,1.0,0.0
9,9,0.0,0.0,0.0,0.0,0.0,0.0,0.0,0.0,0.0,1.0,0.0
9,9,0.0,0.0,0.0,0.0,0.0,0.0,0.0,0.0,0.0,1.0,0.0
9,9,0.0,0.0,0.0,0.0,0.0,0.0,0.0,0.0,0.0,1.0,0.0
9,9,0.0,0.0,0.0,0.0,0.0,0.0,0.0,0.0,0.0,1.0,0.0
9,9,0.0,0.0,0.0,0.0,0.0,0.0,0.0,0.0,0.0,1.0,0.0
9,9,0.0,0.0,0.0,0.0,0.0,0.0,0.0,0.0,0.0,1.0,0.0
9,9,0.0,0.0,0.0,0.0,0.0,0.0,0.0,0.0,0.0,1.0,0.0
9,9,0.0,0.0,0.0,0.0,0.0,0.0,0.0,0.0,0.0,1.0,0.0
9,9,0.0,0.0,0.0,0.0,0.0,0.0,0.0,0.0,0.0,1.0,0.0
9,9,0.0,0.0,0.0,0.0,0.0,0.0,0.0,0.0,0.0,1.0,0.0
9,9,0.0,0.0,0.0,0.0,0.0,0.0,0.0,0.0,0.0,1.0,0.0
9,9,0.0,0.0,0.0,0.0,0.0,0.0,0.0,0.0,0.0,1.0,0.0
9,9,0.0,0.0,0.0,0.0,0.0,0.0,0.0,0.0,0.0,1.0,0.0
9,9,0.0,0.0,0.0,0.0,0.0,0.0,0.0,0.0,0.0,1.0,0.0
9,9,0.0,0.0,0.0,0.0,0.0,0.0,0.0,0.0,0.0,1.0,0.0
9,9,0.0,0.0,0.0,0.0,0.0,0.0,0.0,0.0,0.0,1.0,0.0
9,9,0.0,0.0,0.0,0.0,0.0,0.0,0.0,0.0,0.0,1.0,0.0
9,9,0.0,0.0,0.0,0.0,0.0,0.0,0.0,0.0,0.0,1.0,0.0
9,9,0.0,0.0,0.0,0.0,0.0,0.0,0.0,0.0,0.0,1.0,0.0
9,9,0.0,0.0,0.0,0.0,0.0,0.0,0.0,0.0,0.0,1.0,0.0
9,9,0.0,0.0,0.0,0.0,0.0,0.0,0.0,0.0,0.0,1.0,0.0
9,9,0.0,0.0,0.0,0.0,0.0,0.0,0.0,0.0,0.0,1.0,0.0
9,9,0.0,0.0,0.0,0.0,0.0,0.0,0.0,0.0,0.0,1.0,0.0
9,9,0.0,0.0,0.0,0.0,0.0,0.0,0.0,0.0,0.0,1.0,0.0
9,9,0.0,0.0,0.0,0.0,0.0,0.0,0.0,0.0,0.0,1.0,0.0
9,9,0.0,0.0,0.0,0.0,0.0,0.0,0.0,0.0,0.0,1.0,0.0
9,9,0.0,0.0,0.0,0.0,0.0,0.0,0.0,0.0,0.0,1.0,0.0
9,9,0.0,0.0,0.0,0.0,0.0,0.0,0.0,0.0,0.0,1.0,0.0
9,9,0.0,0.0,0.0,0.0,0.0,0.0,0.0,0.0,0.0,1.0,0.0
9,9,0.0,0.0,0.0,0.0,0.0,0.0,0.0,0.0,0.0,1.0,0.0
9,9,0.0,0.0,0.0,0.0,0.0,0.0,0.0,0.0,0.0,1.0,0.0
9,9,0.0,0.0,0.0,0.0,0.0,0.0,0.0,0.0,0.0,1.0,0.0
9,9,0.0,0.0,0.0,0.0,0.0,0.0,0.0,0.0,0.0,1.0,0.0
9,9,0.0,0.0,0.0,0.0,0.0,0.0,0.0,0.0,0.0,1.0,0.0
9,9,0.0,0.0,0.0,0.0,0.0,0.0,0.0,0.0,0.0,1.0,0.0
9,9,0.0,0.0,0.0,0.0,0.0,0.0,0.0,0.0,0.0,1.0,0.0
9,9,0.0,0.0,0.0,0.0,0.0,0.0,0.0,0.0,0.0,1.0,0.0
9,9,0.0,0.0,0.0,0.0,0.0,0.0,0.0,0.0,0.0,1.0,0.0
9,9,0.0,0.0,0.0,0.0,0.0,0.0,0.0,0.0,0.0,1.0,0.0
9,9,0.0,0.0,0.0,0.0,0.0,0.0,0.0,0.0,0.0,1.0,0.0
9,9,0.0,0.0,0.0,0.0,0.0,0.0,0.0,0.0,0.0,1.0,0.0
9,9,0.0,0.0,0.0,0.0,0.0,0.0,0.0,0.0,0.0,1.0,0.0
9,9,0.0,0.0,0.0,0.0,0.0,0.0,0.0,0.0,0.0,1.0,0.0
9,9,0.0,0.0,0.0,0.0,0.0,0.0,0.0,0.0,0.0,1.0,0.0
9,9,0.0,0.0,0.0,0.0,0.0,0.0,0.0,0.0,0.0,1.0,0.0
9,9,0.0,0.0,0.0,0.0,0.0,0.0,0.0,0.0,0.0,1.0,0.0
9,9,0.0,0.0,0.0,0.0,0.0,0.0,0.0,0.0,0.0,1.0,0.0
9,9,0.0,0.0,0.0,0.0,0.0,0.0,0.0,0.0,0.0,1.0,0.0
9,9,0.0,0.0,0.0,0.0,0.0,0.0,0.0,0.0,0.0,1.0,0.0
9,9,0.0,0.0,0.0,0.0,0.0,0.0,0.0,0.0,0.0,1.0,0.0
9,9,0.0,0.0,0.0,0.0,0.0,0.0,0.0,0.0,0.0,1.0,0.0
9,9,0.0,0.0,0.0,0.0,0.0,0.0,0.0,0.0,0.0,1.0,0.0
9,9,0.0,0.0,0.0,0.0,0.0,0.0,0.0,0.0,0.0,1.0,0.0
9,9,0.0,0.0,0.0,0.0,0.0,0.0,0.0,0.0,0.0,1.0,0.0
9,9,0.0,0.0,0.0,0.0,0.0,0.0,0.0,0.0,0.0,1.0,0.0
9,9,0.0,0.0,0.0,0.0,0.0,0.0,0.0,0.0,0.0,1.0,0.0
9,9,0.0,0.0,0.0,0.0,0.0,0.0,0.0,0.0,0.0,1.0,0.0
9,9,0.0,0.0,0.0,0.0,0.0,0.0,0.0,0.0,0.0,1.0,0.0
9,9,0.0,0.0,0.0,0.0,0.0,0.0,0.0,0.0,0.0,1.0,0.0
9,9,0.0,0.0,0.0,0.0,0.0,0.0,0.0,0.0,0.0,1.0,0.0
9,9,0.0,0.0,0.0,0.0,0.0,0.0,0.0,0.0,0.0,1.0,0.0
9,9,0.0,0.0,0.0,0.0,0.0,0.0,0.0,0.0,0.0,1.0,0.0
9,9,0.0,0.0,0.0,0.0,0.0,0.0,0.0,0.0,0.0,1.0,0.0
9,9,0.0,0.0,0.0,0.0,0.0,0.0,0.0,0.0,0.0,1.0,0.0
9,9,0.0,0.0,0.0,0.0,0.0,0.0,0.0,0.0,0.0,1.0,0.0
9,9,0.0,0.0,0.0,0.0,0.0,0.0,0.0,0.0,0.0,1.0,0.0
9,9,0.0,0.0,0.0,0.0,0.0,0.0,0.0,0.0,0.0,1.0,0.0
9,9,0.0,0.0,0.0,0.0,0.0,0.0,0.0,0.0,0.0,1.0,0.0
9,9,0.0,0.0,0.0,0.0,0.0,0.0,0.0,0.0,0.0,1.0,0.0
9,9,0.0,0.0,0.0,0.0,0.0,0.0,0.0,0.0,0.0,1.0,0.0
9,9,0.0,0.0,0.0,0.0,0.0,0.0,0.0,0.0,0.0,1.0,0.0
9,9,0.0,0.0,0.0,0.0,0.0,0.0,0.0,0.0,0.0,1.0,0.0
9,9,0.0,0.0,0.0,0.0,0.0,0.0,0.0,0.0,0.0,1.0,0.0
9,9,0.0,0.0,0.0,0.0,0.0,0.0,0.0,0.0,0.0,1.0,0.0
9,9,0.0,0.0,0.0,0.0,0.0,0.0,0.0,0.0,0.0,1.0,0.0
9,9,0.0,0.0,0.0,0.0,0.0,0.0,0.0,0.0,0.0,1.0,0.0
9,9,0.0,0.0,0.0,0.0,0.0,0.0,0.0,0.0,0.0,1.0,0.0
9,9,0.0,0.0,0.0,0.0,0.0,0.0,0.0,0.0,0.0,1.0,0.0
9,9,0.0,0.0,0.0,0.0,0.0,0.0,0.0,0.0,0.0,1.0,0.0
9,9,0.0,0.0,0.0,0.0,0.0,0.0,0.0,0.0,0.0,1.0,0.0
9,9,0.0,0.0,0.0,0.0,0.0,0.0,0.0,0.0,0.0,1.0,0.0
9,9,0.0,0.0,0.0,0.0,0.0,0.0,0.0,0.0,0.0,1.0,0.0
9,9,0.0,0.0,0.0,0.0,0.0,0.0,0.0,0.0,0.0,1.0,0.0
9,9,0.0,0.0,0.0,0.0,0.0,0.0,0.0,0.0,0.0,1.0,0.0
9,9,0.0,0.0,0.0,0.0,0.0,0.0,0.0,0.0,0.0,1.0,0.0
9,9,0.0,0.0,0.0,0.0,0.0,0.0,0.0,0.0,0.0,1.0,0.0
9,9,0.0,0.0,0.0,0.0,0.0,0.0,0.0,0.0,0.0,1.0,0.0
9,9,0.0,0.0,0.0,0.0,0.0,0.0,0.0,0.0,0.0,1.0,0.0
9,9,0.0,0.0,0.0,0.0,0.0,0.0,0.0,0.0,0.0,1.0,0.0
9,9,0.0,0.0,0.0,0.0,0.0,0.0,0.0,0.0,0.0,1.0,0.0
9,9,0.0,0.0,0.0,0.0,0.0,0.0,0.0,0.0,0.0,1.0,0.0
9,9,0.0,0.0,0.0,0.0,0.0,0.0,0.0,0.0,0.0,1.0,0.0
9,9,0.0,0.0,0.0,0.0,0.0,0.0,0.0,0.0,0.0,1.0,0.0
9,9,0.0,0.0,0.0,0.0,0.0,0.0,0.0,0.0,0.0,1.0,0.0
9,9,0.0,0.0,0.0,0.0,0.0,0.0,0.0,0.0,0.0,1.0,0.0
9,9,0.0,0.0,0.0,0.0,0.0,0.0,0.0,0.0,0.0,1.0,0.0
9,9,0.0,0.0,0.0,0.0,0.0,0.0,0.0,0.0,0.0,1.0,0.0
9,9,0.0,0.0,0.0,0.0,0.0,0.0,0.0,0.0,0.0,1.0,0.0
9,9,0.0,0.0,0.0,0.0,0.0,0.0,0.0,0.0,0.0,1.0,0.0
9,9,0.0,0.0,0.0,0.0,0.0,0.0,0.0,0.0,0.0,1.0,0.0
9,9,0.0,0.0,0.0,0.0,0.0,0.0,0.0,0.0,0.0,1.0,0.0
9,9,0.0,0.0,0.0,0.0,0.0,0.0,0.0,0.0,0.0,1.0,0.0
9,9,0.0,0.0,0.0,0.0,0.0,0.0,0.0,0.0,0.0,1.0,0.0
9,9,0.0,0.0,0.0,0.0,0.0,0.0,0.0,0.0,0.0,1.0,0.0
9,9,0.0,0.0,0.0,0.0,0.0,0.0,0.0,0.0,0.0,1.0,0.0
9,9,0.0,0.0,0.0,0.0,0.0,0.0,0.0,0.0,0.0,1.0,0.0
9,9,0.0,0.0,0.0,0.0,0.0,0.0,0.0,0.0,0.0,1.0,0.0
9,9,0.0,0.0,0.0,0.0,0.0,0.0,0.0,0.0,0.0,1.0,0.0
9,9,0.0,0.0,0.0,0.0,0.0,0.0,0.0,0.0,0.0,1.0,0.0
9,9,0.0,0.0,0.0,0.0,0.0,0.0,0.0,0.0,0.0,1.0,0.0
9,9,0.0,0.0,0.0,0.0,0.0,0.0,0.0,0.0,0.0,1.0,0.0
9,9,0.0,0.0,0.0,0.0,0.0,0.0,0.0,0.0,0.0,1.0,0.0
9,9,0.0,0.0,0.0,0.0,0.0,0.0,0.0,0.0,0.0,1.0,0.0
9,9,0.0,0.0,0.0,0.0,0.0,0.0,0.0,0.0,0.0,1.0,0.0
9,9,0.0,0.0,0.0,0.0,0.0,0.0,0.0,0.0,0.0,1.0,0.0
9,9,0.0,0.0,0.0,0.0,0.0,0.0,0.0,0.0,0.0,1.0,0.0
9,9,0.0,0.0,0.0,0.0,0.0,0.0,0.0,0.0,0.0,1.0,0.0
9,9,0.0,0.0,0.0,0.0,0.0,0.0,0.0,0.0,0.0,1.0,0.0
9,9,0.0,0.0,0.0,0.0,0.0,0.0,0.0,0.0,0.0,1.0,0.0
9,9,0.0,0.0,0.0,0.0,0.0,0.0,0.0,0.0,0.0,1.0,0.0
9,9,0.0,0.0,0.0,0.0,0.0,0.0,0.0,0.0,0.0,1.0,0.0
9,9,0.0,0.0,0.0,0.0,0.0,0.0,0.0,0.0,0.0,1.0,0.0
9,9,0.0,0.0,0.0,0.0,0.0,0.0,0.0,0.0,0.0,1.0,0.0
9,9,0.0,0.0,0.0,0.0,0.0,0.0,0.0,0.0,0.0,1.0,0.0
9,9,0.0,0.0,0.0,0.0,0.0,0.0,0.0,0.0,0.0,1.0,0.0
9,9,0.0,0.0,0.0,0.0,0.0,0.0,0.0,0.0,0.0,1.0,0.0
9,9,0.0,0.0,0.0,0.0,0.0,0.0,0.0,0.0,0.0,1.0,0.0
9,9,0.0,0.0,0.0,0.0,0.0,0.0,0.0,0.0,0.0,1.0,0.0
9,9,0.0,0.0,0.0,0.0,0.0,0.0,0.0,0.0,0.0,1.0,0.0
9,9,0.0,0.0,0.0,0.0,0.0,0.0,0.0,0.0,0.0,1.0,0.0
9,9,0.0,0.0,0.0,0.0,0.0,0.0,0.0,0.0,0.0,1.0,0.0
9,9,0.0,0.0,0.0,0.0,0.0,0.0,0.0,0.0,0.0,1.0,0.0
9,9,0.0,0.0,0.0,0.0,0.0,0.0,0.0,0.0,0.0,1.0,0.0
9,9,0.0,0.0,0.0,0.0,0.0,0.0,0.0,0.0,0.0,1.0,0.0
9,9,0.0,0.0,0.0,0.0,0.0,0.0,0.0,0.0,0.0,1.0,0.0
9,9,0.0,0.0,0.0,0.0,0.0,0.0,0.0,0.0,0.0,1.0,0.0
9,9,0.0,0.0,0.0,0.0,0.0,0.0,0.0,0.0,0.0,1.0,0.0
9,9,0.0,0.0,0.0,0.0,0.0,0.0,0.0,0.0,0.0,1.0,0.0
9,9,0.0,0.0,0.0,0.0,0.0,0.0,0.0,0.0,0.0,1.0,0.0
9,9,0.0,0.0,0.0,0.0,0.0,0.0,0.0,0.0,0.0,1.0,0.0
9,9,0.0,0.0,0.0,0.0,0.0,0.0,0.0,0.0,0.0,1.0,0.0
9,9,0.0,0.0,0.0,0.0,0.0,0.0,0.0,0.0,0.0,1.0,0.0
9,9,0.0,0.0,0.0,0.0,0.0,0.0,0.0,0.0,0.0,1.0,0.0
9,9,0.0,0.0,0.0,0.0,0.0,0.0,0.0,0.0,0.0,1.0,0.0
9,9,0.0,0.0,0.0,0.0,0.0,0.0,0.0,0.0,0.0,1.0,0.0
9,9,0.0,0.0,0.0,0.0,0.0,0.0,0.0,0.0,0.0,1.0,0.0
9,9,0.0,0.0,0.0,0.0,0.0,0.0,0.0,0.0,0.0,1.0,0.0
9,9,0.0,0.0,0.0,0.0,0.0,0.0,0.0,0.0,0.0,1.0,0.0
9,9,0.0,0.0,0.0,0.0,0.0,0.0,0.0,0.0,0.0,1.0,0.0
9,9,0.0,0.0,0.0,0.0,0.0,0.0,0.0,0.0,0.0,1.0,0.0
9,9,0.0,0.0,0.0,0.0,0.0,0.0,0.0,0.0,0.0,1.0,0.0
9,9,0.0,0.0,0.0,0.0,0.0,0.0,0.0,0.0,0.0,1.0,0.0
9,9,0.0,0.0,0.0,0.0,0.0,0.0,0.0,0.0,0.0,1.0,0.0
9,9,0.0,0.0,0.0,0.0,0.0,0.0,0.0,0.0,0.0,1.0,0.0
9,9,0.0,0.0,0.0,0.0,0.0,0.0,0.0,0.0,0.0,1.0,0.0
9,9,0.0,0.0,0.0,0.0,0.0,0.0,0.0,0.0,0.0,1.0,0.0
9,9,0.0,0.0,0.0,0.0,0.0,0.0,0.0,0.0,0.0,1.0,0.0
9,9,0.0,0.0,0.0,0.0,0.0,0.0,0.0,0.0,0.0,1.0,0.0
9,9,0.0,0.0,0.0,0.0,0.0,0.0,0.0,0.0,0.0,1.0,0.0
9,9,0.0,0.0,0.0,0.0,0.0,0.0,0.0,0.0,0.0,1.0,0.0
9,9,0.0,0.0,0.0,0.0,0.0,0.0,0.0,0.0,0.0,1.0,0.0
9,9,0.0,0.0,0.0,0.0,0.0,0.0,0.0,0.0,0.0,1.0,0.0
9,9,0.0,0.0,0.0,0.0,0.0,0.0,0.0,0.0,0.0,1.0,0.0
9,9,0.0,0.0,0.0,0.0,0.0,0.0,0.0,0.0,0.0,1.0,0.0
9,9,0.0,0.0,0.0,0.0,0.0,0.0,0.0,0.0,0.0,1.0,0.0
9,9,0.0,0.0,0.0,0.0,0.0,0.0,0.0,0.0,0.0,1.0,0.0
9,9,0.0,0.0,0.0,0.0,0.0,0.0,0.0,0.0,0.0,1.0,0.0
9,9,0.0,0.0,0.0,0.0,0.0,0.0,0.0,0.0,0.0,1.0,0.0
9,9,0.0,0.0,0.0,0.0,0.0,0.0,0.0,0.0,0.0,1.0,0.0
9,9,0.0,0.0,0.0,0.0,0.0,0.0,0.0,0.0,0.0,1.0,0.0
9,9,0.0,0.0,0.0,0.0,0.0,0.0,0.0,0.0,0.0,1.0,0.0
9,9,0.0,0.0,0.0,0.0,0.0,0.0,0.0,0.0,0.0,1.0,0.0
9,9,0.0,0.0,0.0,0.0,0.0,0.0,0.0,0.0,0.0,1.0,0.0
9,9,0.0,0.0,0.0,0.0,0.0,0.0,0.0,0.0,0.0,1.0,0.0
9,9,0.0,0.0,0.0,0.0,0.0,0.0,0.0,0.0,0.0,1.0,0.0
9,9,0.0,0.0,0.0,0.0,0.0,0.0,0.0,0.0,0.0,1.0,0.0
9,9,0.0,0.0,0.0,0.0,0.0,0.0,0.0,0.0,0.0,1.0,0.0
9,9,0.0,0.0,0.0,0.0,0.0,0.0,0.0,0.0,0.0,1.0,0.0
9,9,0.0,0.0,0.0,0.0,0.0,0.0,0.0,0.0,0.0,1.0,0.0
9,9,0.0,0.0,0.0,0.0,0.0,0.0,0.0,0.0,0.0,1.0,0.0
9,9,0.0,0.0,0.0,0.0,0.0,0.0,0.0,0.0,0.0,1.0,0.0
9,9,0.0,0.0,0.0,0.0,0.0,0.0,0.0,0.0,0.0,1.0,0.0
9,9,0.0,0.0,0.0,0.0,0.0,0.0,0.0,0.0,0.0,1.0,0.0
9,9,0.0,0.0,0.0,0.0,0.0,0.0,0.0,0.0,0.0,1.0,0.0
9,9,0.0,0.0,0.0,0.0,0.0,0.0,0.0,0.0,0.0,1.0,0.0
9,9,0.0,0.0,0.0,0.0,0.0,0.0,0.0,0.0,0.0,1.0,0.0
9,9,0.0,0.0,0.0,0.0,0.0,0.0,0.0,0.0,0.0,1.0,0.0
9,9,0.0,0.0,0.0,0.0,0.0,0.0,0.0,0.0,0.0,1.0,0.0
9,9,0.0,0.0,0.0,0.0,0.0,0.0,0.0,0.0,0.0,1.0,0.0
9,9,0.0,0.0,0.0,0.0,0.0,0.0,0.0,0.0,0.0,1.0,0.0
9,9,0.0,0.0,0.0,0.0,0.0,0.0,0.0,0.0,0.0,1.0,0.0
9,9,0.0,0.0,0.0,0.0,0.0,0.0,0.0,0.0,0.0,1.0,0.0
9,9,0.0,0.0,0.0,0.0,0.0,0.0,0.0,0.0,0.0,1.0,0.0
9,9,0.0,0.0,0.0,0.0,0.0,0.0,0.0,0.0,0.0,1.0,0.0
9,9,0.0,0.0,0.0,0.0,0.0,0.0,0.0,0.0,0.0,1.0,0.0
9,9,0.0,0.0,0.0,0.0,0.0,0.0,0.0,0.0,0.0,1.0,0.0
9,9,0.0,0.0,0.0,0.0,0.0,0.0,0.0,0.0,0.0,1.0,0.0
9,9,0.0,0.0,0.0,0.0,0.0,0.0,0.0,0.0,0.0,1.0,0.0
9,9,0.0,0.0,0.0,0.0,0.0,0.0,0.0,0.0,0.0,1.0,0.0
9,9,0.0,0.0,0.0,0.0,0.0,0.0,0.0,0.0,0.0,1.0,0.0
9,9,0.0,0.0,0.0,0.0,0.0,0.0,0.0,0.0,0.0,1.0,0.0
9,9,0.0,0.0,0.0,0.0,0.0,0.0,0.0,0.0,0.0,1.0,0.0
9,9,0.0,0.0,0.0,0.0,0.0,0.0,0.0,0.0,0.0,1.0,0.0
9,9,0.0,0.0,0.0,0.0,0.0,0.0,0.0,0.0,0.0,1.0,0.0
9,9,0.0,0.0,0.0,0.0,0.0,0.0,0.0,0.0,0.0,1.0,0.0
9,9,0.0,0.0,0.0,0.0,0.0,0.0,0.0,0.0,0.0,1.0,0.0
9,9,0.0,0.0,0.0,0.0,0.0,0.0,0.0,0.0,0.0,1.0,0.0
9,9,0.0,0.0,0.0,0.0,0.0,0.0,0.0,0.0,0.0,1.0,0.0
9,9,0.0,0.0,0.0,0.0,0.0,0.0,0.0,0.0,0.0,1.0,0.0
9,9,0.0,0.0,0.0,0.0,0.0,0.0,0.0,0.0,0.0,1.0,0.0
9,9,0.0,0.0,0.0,0.0,0.0,0.0,0.0,0.0,0.0,1.0,0.0
9,9,0.0,0.0,0.0,0.0,0.0,0.0,0.0,0.0,0.0,1.0,0.0
9,9,0.0,0.0,0.0,0.0,0.0,0.0,0.0,0.0,0.0,1.0,0.0
9,9,0.0,0.0,0.0,0.0,0.0,0.0,0.0,0.0,0.0,1.0,0.0
9,9,0.0,0.0,0.0,0.0,0.0,0.0,0.0,0.0,0.0,1.0,0.0
9,9,0.0,0.0,0.0,0.0,0.0,0.0,0.0,0.0,0.0,1.0,0.0
9,9,0.0,0.0,0.0,0.0,0.0,0.0,0.0,0.0,0.0,1.0,0.0
9,9,0.0,0.0,0.0,0.0,0.0,0.0,0.0,0.0,0.0,1.0,0.0
9,9,0.0,0.0,0.0,0.0,0.0,0.0,0.0,0.0,0.0,1.0,0.0
9,9,0.0,0.0,0.0,0.0,0.0,0.0,0.0,0.0,0.0,1.0,0.0
9,9,0.0,0.0,0.0,0.0,0.0,0.0,0.0,0.0,0.0,1.0,0.0
9,9,0.0,0.0,0.0,0.0,0.0,0.0,0.0,0.0,0.0,1.0,0.0
9,9,0.0,0.0,0.0,0.0,0.0,0.0,0.0,0.0,0.0,1.0,0.0
9,9,0.0,0.0,0.0,0.0,0.0,0.0,0.0,0.0,0.0,1.0,0.0
9,9,0.0,0.0,0.0,0.0,0.0,0.0,0.0,0.0,0.0,1.0,0.0
9,9,0.0,0.0,0.0,0.0,0.0,0.0,0.0,0.0,0.0,1.0,0.0
9,9,0.0,0.0,0.0,0.0,0.0,0.0,0.0,0.0,0.0,1.0,0.0
9,9,0.0,0.0,0.0,0.0,0.0,0.0,0.0,0.0,0.0,1.0,0.0
9,9,0.0,0.0,0.0,0.0,0.0,0.0,0.0,0.0,0.0,1.0,0.0
9,9,0.0,0.0,0.0,0.0,0.0,0.0,0.0,0.0,0.0,1.0,0.0
9,9,0.0,0.0,0.0,0.0,0.0,0.0,0.0,0.0,0.0,1.0,0.0
9,9,0.0,0.0,0.0,0.0,0.0,0.0,0.0,0.0,0.0,1.0,0.0
9,9,0.0,0.0,0.0,0.0,0.0,0.0,0.0,0.0,0.0,1.0,0.0
9,9,0.0,0.0,0.0,0.0,0.0,0.0,0.0,0.0,0.0,1.0,0.0
9,9,0.0,0.0,0.0,0.0,0.0,0.0,0.0,0.0,0.0,1.0,0.0
9,9,0.0,0.0,0.0,0.0,0.0,0.0,0.0,0.0,0.0,1.0,0.0
9,9,0.0,0.0,0.0,0.0,0.0,0.0,0.0,0.0,0.0,1.0,0.0
9,9,0.0,0.0,0.0,0.0,0.0,0.0,0.0,0.0,0.0,1.0,0.0
9,9,0.0,0.0,0.0,0.0,0.0,0.0,0.0,0.0,0.0,1.0,0.0
9,9,0.0,0.0,0.0,0.0,0.0,0.0,0.0,0.0,0.0,1.0,0.0
9,9,0.0,0.0,0.0,0.0,0.0,0.0,0.0,0.0,0.0,1.0,0.0
9,9,0.0,0.0,0.0,0.0,0.0,0.0,0.0,0.0,0.0,1.0,0.0
9,9,0.0,0.0,0.0,0.0,0.0,0.0,0.0,0.0,0.0,1.0,0.0
9,9,0.0,0.0,0.0,0.0,0.0,0.0,0.0,0.0,0.0,1.0,0.0
9,9,0.0,0.0,0.0,0.0,0.0,0.0,0.0,0.0,0.0,1.0,0.0
9,9,0.0,0.0,0.0,0.0,0.0,0.0,0.0,0.0,0.0,1.0,0.0
9,9,0.0,0.0,0.0,0.0,0.0,0.0,0.0,0.0,0.0,1.0,0.0
9,9,0.0,0.0,0.0,0.0,0.0,0.0,0.0,0.0,0.0,1.0,0.0
9,9,0.0,0.0,0.0,0.0,0.0,0.0,0.0,0.0,0.0,1.0,0.0
9,9,0.0,0.0,0.0,0.0,0.0,0.0,0.0,0.0,0.0,1.0,0.0
9,9,0.0,0.0,0.0,0.0,0.0,0.0,0.0,0.0,0.0,1.0,0.0
9,9,0.0,0.0,0.0,0.0,0.0,0.0,0.0,0.0,0.0,1.0,0.0
9,9,0.0,0.0,0.0,0.0,0.0,0.0,0.0,0.0,0.0,1.0,0.0
9,9,0.0,0.0,0.0,0.0,0.0,0.0,0.0,0.0,0.0,1.0,0.0
9,9,0.0,0.0,0.0,0.0,0.0,0.0,0.0,0.0,0.0,1.0,0.0
9,9,0.0,0.0,0.0,0.0,0.0,0.0,0.0,0.0,0.0,1.0,0.0
9,9,0.0,0.0,0.0,0.0,0.0,0.0,0.0,0.0,0.0,1.0,0.0
9,9,0.0,0.0,0.0,0.0,0.0,0.0,0.0,0.0,0.0,1.0,0.0
9,9,0.0,0.0,0.0,0.0,0.0,0.0,0.0,0.0,0.0,1.0,0.0
9,9,0.0,0.0,0.0,0.0,0.0,0.0,0.0,0.0,0.0,1.0,0.0
9,9,0.0,0.0,0.0,0.0,0.0,0.0,0.0,0.0,0.0,1.0,0.0
9,9,0.0,0.0,0.0,0.0,0.0,0.0,0.0,0.0,0.0,1.0,0.0
9,9,0.0,0.0,0.0,0.0,0.0,0.0,0.0,0.0,0.0,1.0,0.0
9,9,0.0,0.0,0.0,0.0,0.0,0.0,0.0,0.0,0.0,1.0,0.0
9,9,0.0,0.0,0.0,0.0,0.0,0.0,0.0,0.0,0.0,1.0,0.0
9,9,0.0,0.0,0.0,0.0,0.0,0.0,0.0,0.0,0.0,1.0,0.0
9,9,0.0,0.0,0.0,0.0,0.0,0.0,0.0,0.0,0.0,1.0,0.0
9,9,0.0,0.0,0.0,0.0,0.0,0.0,0.0,0.0,0.0,1.0,0.0
9,9,0.0,0.0,0.0,0.0,0.0,0.0,0.0,0.0,0.0,1.0,0.0
9,9,0.0,0.0,0.0,0.0,0.0,0.0,0.0,0.0,0.0,1.0,0.0
9,9,0.0,0.0,0.0,0.0,0.0,0.0,0.0,0.0,0.0,1.0,0.0
9,9,0.0,0.0,0.0,0.0,0.0,0.0,0.0,0.0,0.0,1.0,0.0
9,9,0.0,0.0,0.0,0.0,0.0,0.0,0.0,0.0,0.0,1.0,0.0
9,9,0.0,0.0,0.0,0.0,0.0,0.0,0.0,0.0,0.0,1.0,0.0
9,9,0.0,0.0,0.0,0.0,0.0,0.0,0.0,0.0,0.0,1.0,0.0
9,9,0.0,0.0,0.0,0.0,0.0,0.0,0.0,0.0,0.0,1.0,0.0
9,9,0.0,0.0,0.0,0.0,0.0,0.0,0.0,0.0,0.0,1.0,0.0
9,9,0.0,0.0,0.0,0.0,0.0,0.0,0.0,0.0,0.0,1.0,0.0
9,9,0.0,0.0,0.0,0.0,0.0,0.0,0.0,0.0,0.0,1.0,0.0
9,9,0.0,0.0,0.0,0.0,0.0,0.0,0.0,0.0,0.0,1.0,0.0
9,9,0.0,0.0,0.0,0.0,0.0,0.0,0.0,0.0,0.0,1.0,0.0
9,9,0.0,0.0,0.0,0.0,0.0,0.0,0.0,0.0,0.0,1.0,0.0
9,9,0.0,0.0,0.0,0.0,0.0,0.0,0.0,0.0,0.0,1.0,0.0
9,9,0.0,0.0,0.0,0.0,0.0,0.0,0.0,0.0,0.0,1.0,0.0
9,9,0.0,0.0,0.0,0.0,0.0,0.0,0.0,0.0,0.0,1.0,0.0
9,9,0.0,0.0,0.0,0.0,0.0,0.0,0.0,0.0,0.0,1.0,0.0
9,9,0.0,0.0,0.0,0.0,0.0,0.0,0.0,0.0,0.0,1.0,0.0
9,9,0.0,0.0,0.0,0.0,0.0,0.0,0.0,0.0,0.0,1.0,0.0
9,9,0.0,0.0,0.0,0.0,0.0,0.0,0.0,0.0,0.0,1.0,0.0
9,9,0.0,0.0,0.0,0.0,0.0,0.0,0.0,0.0,0.0,1.0,0.0
9,9,0.0,0.0,0.0,0.0,0.0,0.0,0.0,0.0,0.0,1.0,0.0
9,9,0.0,0.0,0.0,0.0,0.0,0.0,0.0,0.0,0.0,1.0,0.0
9,9,0.0,0.0,0.0,0.0,0.0,0.0,0.0,0.0,0.0,1.0,0.0
9,9,0.0,0.0,0.0,0.0,0.0,0.0,0.0,0.0,0.0,1.0,0.0
9,9,0.0,0.0,0.0,0.0,0.0,0.0,0.0,0.0,0.0,1.0,0.0
9,9,0.0,0.0,0.0,0.0,0.0,0.0,0.0,0.0,0.0,1.0,0.0
9,9,0.0,0.0,0.0,0.0,0.0,0.0,0.0,0.0,0.0,1.0,0.0
9,9,0.0,0.0,0.0,0.0,0.0,0.0,0.0,0.0,0.0,1.0,0.0
9,9,0.0,0.0,0.0,0.0,0.0,0.0,0.0,0.0,0.0,1.0,0.0
9,9,0.0,0.0,0.0,0.0,0.0,0.0,0.0,0.0,0.0,1.0,0.0
9,9,0.0,0.0,0.0,0.0,0.0,0.0,0.0,0.0,0.0,1.0,0.0
9,9,0.0,0.0,0.0,0.0,0.0,0.0,0.0,0.0,0.0,1.0,0.0
9,9,0.0,0.0,0.0,0.0,0.0,0.0,0.0,0.0,0.0,1.0,0.0
9,9,0.0,0.0,0.0,0.0,0.0,0.0,0.0,0.0,0.0,1.0,0.0
9,9,0.0,0.0,0.0,0.0,0.0,0.0,0.0,0.0,0.0,1.0,0.0
9,9,0.0,0.0,0.0,0.0,0.0,0.0,0.0,0.0,0.0,1.0,0.0
9,9,0.0,0.0,0.0,0.0,0.0,0.0,0.0,0.0,0.0,1.0,0.0
9,9,0.0,0.0,0.0,0.0,0.0,0.0,0.0,0.0,0.0,1.0,0.0
9,9,0.0,0.0,0.0,0.0,0.0,0.0,0.0,0.0,0.0,1.0,0.0
9,9,0.0,0.0,0.0,0.0,0.0,0.0,0.0,0.0,0.0,1.0,0.0
9,9,0.0,0.0,0.0,0.0,0.0,0.0,0.0,0.0,0.0,1.0,0.0
9,9,0.0,0.0,0.0,0.0,0.0,0.0,0.0,0.0,0.0,1.0,0.0
9,9,0.0,0.0,0.0,0.0,0.0,0.0,0.0,0.0,0.0,1.0,0.0
9,9,0.0,0.0,0.0,0.0,0.0,0.0,0.0,0.0,0.0,1.0,0.0
9,9,0.0,0.0,0.0,0.0,0.0,0.0,0.0,0.0,0.0,1.0,0.0
9,9,0.0,0.0,0.0,0.0,0.0,0.0,0.0,0.0,0.0,1.0,0.0
9,9,0.0,0.0,0.0,0.0,0.0,0.0,0.0,0.0,0.0,1.0,0.0
9,9,0.0,0.0,0.0,0.0,0.0,0.0,0.0,0.0,0.0,1.0,0.0
9,9,0.0,0.0,0.0,0.0,0.0,0.0,0.0,0.0,0.0,1.0,0.0
9,9,0.0,0.0,0.0,0.0,0.0,0.0,0.0,0.0,0.0,1.0,0.0
9,9,0.0,0.0,0.0,0.0,0.0,0.0,0.0,0.0,0.0,1.0,0.0
9,9,0.0,0.0,0.0,0.0,0.0,0.0,0.0,0.0,0.0,1.0,0.0
9,9,0.0,0.0,0.0,0.0,0.0,0.0,0.0,0.0,0.0,1.0,0.0
9,9,0.0,0.0,0.0,0.0,0.0,0.0,0.0,0.0,0.0,1.0,0.0
9,9,0.0,0.0,0.0,0.0,0.0,0.0,0.0,0.0,0.0,1.0,0.0
9,9,0.0,0.0,0.0,0.0,0.0,0.0,0.0,0.0,0.0,1.0,0.0
9,9,0.0,0.0,0.0,0.0,0.0,0.0,0.0,0.0,0.0,1.0,0.0
9,9,0.0,0.0,0.0,0.0,0.0,0.0,0.0,0.0,0.0,1.0,0.0
9,9,0.0,0.0,0.0,0.0,0.0,0.0,0.0,0.0,0.0,1.0,0.0
9,9,0.0,0.0,0.0,0.0,0.0,0.0,0.0,0.0,0.0,1.0,0.0
9,9,0.0,0.0,0.0,0.0,0.0,0.0,0.0,0.0,0.0,1.0,0.0
9,9,0.0,0.0,0.0,0.0,0.0,0.0,0.0,0.0,0.0,1.0,0.0
9,9,0.0,0.0,0.0,0.0,0.0,0.0,0.0,0.0,0.0,1.0,0.0
9,9,0.0,0.0,0.0,0.0,0.0,0.0,0.0,0.0,0.0,1.0,0.0
9,9,0.0,0.0,0.0,0.0,0.0,0.0,0.0,0.0,0.0,1.0,0.0
9,9,0.0,0.0,0.0,0.0,0.0,0.0,0.0,0.0,0.0,1.0,0.0
9,9,0.0,0.0,0.0,0.0,0.0,0.0,0.0,0.0,0.0,1.0,0.0
9,9,0.0,0.0,0.0,0.0,0.0,0.0,0.0,0.0,0.0,1.0,0.0
9,9,0.0,0.0,0.0,0.0,0.0,0.0,0.0,0.0,0.0,1.0,0.0
9,9,0.0,0.0,0.0,0.0,0.0,0.0,0.0,0.0,0.0,1.0,0.0
9,9,0.0,0.0,0.0,0.0,0.0,0.0,0.0,0.0,0.0,1.0,0.0
9,9,0.0,0.0,0.0,0.0,0.0,0.0,0.0,0.0,0.0,1.0,0.0
9,9,0.0,0.0,0.0,0.0,0.0,0.0,0.0,0.0,0.0,1.0,0.0
9,9,0.0,0.0,0.0,0.0,0.0,0.0,0.0,0.0,0.0,1.0,0.0
9,9,0.0,0.0,0.0,0.0,0.0,0.0,0.0,0.0,0.0,1.0,0.0
9,9,0.0,0.0,0.0,0.0,0.0,0.0,0.0,0.0,0.0,1.0,0.0
9,9,0.0,0.0,0.0,0.0,0.0,0.0,0.0,0.0,0.0,1.0,0.0
9,9,0.0,0.0,0.0,0.0,0.0,0.0,0.0,0.0,0.0,1.0,0.0
9,9,0.0,0.0,0.0,0.0,0.0,0.0,0.0,0.0,0.0,1.0,0.0
9,9,0.0,0.0,0.0,0.0,0.0,0.0,0.0,0.0,0.0,1.0,0.0
9,9,0.0,0.0,0.0,0.0,0.0,0.0,0.0,0.0,0.0,1.0,0.0
9,9,0.0,0.0,0.0,0.0,0.0,0.0,0.0,0.0,0.0,1.0,0.0
9,9,0.0,0.0,0.0,0.0,0.0,0.0,0.0,0.0,0.0,1.0,0.0
9,9,0.0,0.0,0.0,0.0,0.0,0.0,0.0,0.0,0.0,1.0,0.0
9,9,0.0,0.0,0.0,0.0,0.0,0.0,0.0,0.0,0.0,1.0,0.0
9,9,0.0,0.0,0.0,0.0,0.0,0.0,0.0,0.0,0.0,1.0,0.0
9,9,0.0,0.0,0.0,0.0,0.0,0.0,0.0,0.0,0.0,1.0,0.0
9,9,0.0,0.0,0.0,0.0,0.0,0.0,0.0,0.0,0.0,1.0,0.0
9,9,0.0,0.0,0.0,0.0,0.0,0.0,0.0,0.0,0.0,1.0,0.0
9,9,0.0,0.0,0.0,0.0,0.0,0.0,0.0,0.0,0.0,1.0,0.0
9,9,0.0,0.0,0.0,0.0,0.0,0.0,0.0,0.0,0.0,1.0,0.0
9,9,0.0,0.0,0.0,0.0,0.0,0.0,0.0,0.0,0.0,1.0,0.0
9,9,0.0,0.0,0.0,0.0,0.0,0.0,0.0,0.0,0.0,1.0,0.0
9,9,0.0,0.0,0.0,0.0,0.0,0.0,0.0,0.0,0.0,1.0,0.0
9,9,0.0,0.0,0.0,0.0,0.0,0.0,0.0,0.0,0.0,1.0,0.0
9,9,0.0,0.0,0.0,0.0,0.0,0.0,0.0,0.0,0.0,1.0,0.0
9,9,0.0,0.0,0.0,0.0,0.0,0.0,0.0,0.0,0.0,1.0,0.0
9,9,0.0,0.0,0.0,0.0,0.0,0.0,0.0,0.0,0.0,1.0,0.0
9,9,0.0,0.0,0.0,0.0,0.0,0.0,0.0,0.0,0.0,1.0,0.0
9,9,0.0,0.0,0.0,0.0,0.0,0.0,0.0,0.0,0.0,1.0,0.0
9,9,0.0,0.0,0.0,0.0,0.0,0.0,0.0,0.0,0.0,1.0,0.0
9,9,0.0,0.0,0.0,0.0,0.0,0.0,0.0,0.0,0.0,1.0,0.0
9,9,0.0,0.0,0.0,0.0,0.0,0.0,0.0,0.0,0.0,1.0,0.0
9,9,0.0,0.0,0.0,0.0,0.0,0.0,0.0,0.0,0.0,1.0,0.0
9,9,0.0,0.0,0.0,0.0,0.0,0.0,0.0,0.0,0.0,1.0,0.0
9,9,0.0,0.0,0.0,0.0,0.0,0.0,0.0,0.0,0.0,1.0,0.0
9,9,0.0,0.0,0.0,0.0,0.0,0.0,0.0,0.0,0.0,1.0,0.0
9,9,0.0,0.0,0.0,0.0,0.0,0.0,0.0,0.0,0.0,1.0,0.0
9,9,0.0,0.0,0.0,0.0,0.0,0.0,0.0,0.0,0.0,1.0,0.0
9,9,0.0,0.0,0.0,0.0,0.0,0.0,0.0,0.0,0.0,1.0,0.0
9,9,0.0,0.0,0.0,0.0,0.0,0.0,0.0,0.0,0.0,1.0,0.0
9,9,0.0,0.0,0.0,0.0,0.0,0.0,0.0,0.0,0.0,1.0,0.0
9,9,0.0,0.0,0.0,0.0,0.0,0.0,0.0,0.0,0.0,1.0,0.0
9,9,0.0,0.0,0.0,0.0,0.0,0.0,0.0,0.0,0.0,1.0,0.0
9,9,0.0,0.0,0.0,0.0,0.0,0.0,0.0,0.0,0.0,1.0,0.0
9,9,0.0,0.0,0.0,0.0,0.0,0.0,0.0,0.0,0.0,1.0,0.0
9,9,0.0,0.0,0.0,0.0,0.0,0.0,0.0,0.0,0.0,1.0,0.0
9,9,0.0,0.0,0.0,0.0,0.0,0.0,0.0,0.0,0.0,1.0,0.0
9,9,0.0,0.0,0.0,0.0,0.0,0.0,0.0,0.0,0.0,1.0,0.0
9,9,0.0,0.0,0.0,0.0,0.0,0.0,0.0,0.0,0.0,1.0,0.0
9,9,0.0,0.0,0.0,0.0,0.0,0.0,0.0,0.0,0.0,1.0,0.0
9,9,0.0,0.0,0.0,0.0,0.0,0.0,0.0,0.0,0.0,1.0,0.0
9,9,0.0,0.0,0.0,0.0,0.0,0.0,0.0,0.0,0.0,1.0,0.0
9,9,0.0,0.0,0.0,0.0,0.0,0.0,0.0,0.0,0.0,1.0,0.0
9,9,0.0,0.0,0.0,0.0,0.0,0.0,0.0,0.0,0.0,1.0,0.0
9,9,0.0,0.0,0.0,0.0,0.0,0.0,0.0,0.0,0.0,1.0,0.0
9,9,0.0,0.0,0.0,0.0,0.0,0.0,0.0,0.0,0.0,1.0,0.0
9,9,0.0,0.0,0.0,0.0,0.0,0.0,0.0,0.0,0.0,1.0,0.0
9,9,0.0,0.0,0.0,0.0,0.0,0.0,0.0,0.0,0.0,1.0,0.0
9,9,0.0,0.0,0.0,0.0,0.0,0.0,0.0,0.0,0.0,1.0,0.0
9,9,0.0,0.0,0.0,0.0,0.0,0.0,0.0,0.0,0.0,1.0,0.0
9,9,0.0,0.0,0.0,0.0,0.0,0.0,0.0,0.0,0.0,1.0,0.0
9,9,0.0,0.0,0.0,0.0,0.0,0.0,0.0,0.0,0.0,1.0,0.0
9,9,0.0,0.0,0.0,0.0,0.0,0.0,0.0,0.0,0.0,1.0,0.0
9,9,0.0,0.0,0.0,0.0,0.0,0.0,0.0,0.0,0.0,1.0,0.0
9,9,0.0,0.0,0.0,0.0,0.0,0.0,0.0,0.0,0.0,1.0,0.0
9,9,0.0,0.0,0.0,0.0,0.0,0.0,0.0,0.0,0.0,1.0,0.0
9,9,0.0,0.0,0.0,0.0,0.0,0.0,0.0,0.0,0.0,1.0,0.0
9,9,0.0,0.0,0.0,0.0,0.0,0.0,0.0,0.0,0.0,1.0,0.0
9,9,0.0,0.0,0.0,0.0,0.0,0.0,0.0,0.0,0.0,1.0,0.0
9,9,0.0,0.0,0.0,0.0,0.0,0.0,0.0,0.0,0.0,1.0,0.0
9,9,0.0,0.0,0.0,0.0,0.0,0.0,0.0,0.0,0.0,1.0,0.0
9,9,0.0,0.0,0.0,0.0,0.0,0.0,0.0,0.0,0.0,1.0,0.0
9,9,0.0,0.0,0.0,0.0,0.0,0.0,0.0,0.0,0.0,1.0,0.0
9,9,0.0,0.0,0.0,0.0,0.0,0.0,0.0,0.0,0.0,1.0,0.0
9,9,0.0,0.0,0.0,0.0,0.0,0.0,0.0,0.0,0.0,1.0,0.0
9,9,0.0,0.0,0.0,0.0,0.0,0.0,0.0,0.0,0.0,1.0,0.0
9,9,0.0,0.0,0.0,0.0,0.0,0.0,0.0,0.0,0.0,1.0,0.0
9,9,0.0,0.0,0.0,0.0,0.0,0.0,0.0,0.0,0.0,1.0,0.0
9,9,0.0,0.0,0.0,0.0,0.0,0.0,0.0,0.0,0.0,1.0,0.0
9,9,0.0,0.0,0.0,0.0,0.0,0.0,0.0,0.0,0.0,1.0,0.0
9,9,0.0,0.0,0.0,0.0,0.0,0.0,0.0,0.0,0.0,1.0,0.0
9,9,0.0,0.0,0.0,0.0,0.0,0.0,0.0,0.0,0.0,1.0,0.0
9,9,0.0,0.0,0.0,0.0,0.0,0.0,0.0,0.0,0.0,1.0,0.0
9,9,0.0,0.0,0.0,0.0,0.0,0.0,0.0,0.0,0.0,1.0,0.0
9,9,0.0,0.0,0.0,0.0,0.0,0.0,0.0,0.0,0.0,1.0,0.0
9,9,0.0,0.0,0.0,0.0,0.0,0.0,0.0,0.0,0.0,1.0,0.0
9,9,0.0,0.0,0.0,0.0,0.0,0.0,0.0,0.0,0.0,1.0,0.0
9,9,0.0,0.0,0.0,0.0,0.0,0.0,0.0,0.0,0.0,1.0,0.0
9,9,0.0,0.0,0.0,0.0,0.0,0.0,0.0,0.0,0.0,1.0,0.0
9,9,0.0,0.0,0.0,0.0,0.0,0.0,0.0,0.0,0.0,1.0,0.0
9,9,0.0,0.0,0.0,0.0,0.0,0.0,0.0,0.0,0.0,1.0,0.0
9,9,0.0,0.0,0.0,0.0,0.0,0.0,0.0,0.0,0.0,1.0,0.0
9,9,0.0,0.0,0.0,0.0,0.0,0.0,0.0,0.0,0.0,1.0,0.0
9,9,0.0,0.0,0.0,0.0,0.0,0.0,0.0,0.0,0.0,1.0,0.0
9,9,0.0,0.0,0.0,0.0,0.0,0.0,0.0,0.0,0.0,1.0,0.0
9,9,0.0,0.0,0.0,0.0,0.0,0.0,0.0,0.0,0.0,1.0,0.0
9,9,0.0,0.0,0.0,0.0,0.0,0.0,0.0,0.0,0.0,1.0,0.0
9,9,0.0,0.0,0.0,0.0,0.0,0.0,0.0,0.0,0.0,1.0,0.0
9,9,0.0,0.0,0.0,0.0,0.0,0.0,0.0,0.0,0.0,1.0,0.0
9,9,0.0,0.0,0.0,0.0,0.0,0.0,0.0,0.0,0.0,1.0,0.0
9,9,0.0,0.0,0.0,0.0,0.0,0.0,0.0,0.0,0.0,1.0,0.0
9,9,0.0,0.0,0.0,0.0,0.0,0.0,0.0,0.0,0.0,1.0,0.0
9,9,0.0,0.0,0.0,0.0,0.0,0.0,0.0,0.0,0.0,1.0,0.0
9,9,0.0,0.0,0.0,0.0,0.0,0.0,0.0,0.0,0.0,1.0,0.0
9,9,0.0,0.0,0.0,0.0,0.0,0.0,0.0,0.0,0.0,1.0,0.0
9,9,0.0,0.0,0.0,0.0,0.0,0.0,0.0,0.0,0.0,1.0,0.0
9,9,0.0,0.0,0.0,0.0,0.0,0.0,0.0,0.0,0.0,1.0,0.0
9,9,0.0,0.0,0.0,0.0,0.0,0.0,0.0,0.0,0.0,1.0,0.0
9,9,0.0,0.0,0.0,0.0,0.0,0.0,0.0,0.0,0.0,1.0,0.0
9,9,0.0,0.0,0.0,0.0,0.0,0.0,0.0,0.0,0.0,1.0,0.0
9,9,0.0,0.0,0.0,0.0,0.0,0.0,0.0,0.0,0.0,1.0,0.0
9,9,0.0,0.0,0.0,0.0,0.0,0.0,0.0,0.0,0.0,1.0,0.0
9,9,0.0,0.0,0.0,0.0,0.0,0.0,0.0,0.0,0.0,1.0,0.0
9,9,0.0,0.0,0.0,0.0,0.0,0.0,0.0,0.0,0.0,1.0,0.0
9,9,0.0,0.0,0.0,0.0,0.0,0.0,0.0,0.0,0.0,1.0,0.0
9,9,0.0,0.0,0.0,0.0,0.0,0.0,0.0,0.0,0.0,1.0,0.0
9,9,0.0,0.0,0.0,0.0,0.0,0.0,0.0,0.0,0.0,1.0,0.0
9,9,0.0,0.0,0.0,0.0,0.0,0.0,0.0,0.0,0.0,1.0,0.0
9,9,0.0,0.0,0.0,0.0,0.0,0.0,0.0,0.0,0.0,1.0,0.0
9,9,0.0,0.0,0.0,0.0,0.0,0.0,0.0,0.0,0.0,1.0,0.0
9,9,0.0,0.0,0.0,0.0,0.0,0.0,0.0,0.0,0.0,1.0,0.0
9,9,0.0,0.0,0.0,0.0,0.0,0.0,0.0,0.0,0.0,1.0,0.0
9,9,0.0,0.0,0.0,0.0,0.0,0.0,0.0,0.0,0.0,1.0,0.0
9,9,0.0,0.0,0.0,0.0,0.0,0.0,0.0,0.0,0.0,1.0,0.0
9,9,0.0,0.0,0.0,0.0,0.0,0.0,0.0,0.0,0.0,1.0,0.0
9,9,0.0,0.0,0.0,0.0,0.0,0.0,0.0,0.0,0.0,1.0,0.0
9,9,0.0,0.0,0.0,0.0,0.0,0.0,0.0,0.0,0.0,1.0,0.0
9,9,0.0,0.0,0.0,0.0,0.0,0.0,0.0,0.0,0.0,1.0,0.0
9,9,0.0,0.0,0.0,0.0,0.0,0.0,0.0,0.0,0.0,1.0,0.0
9,9,0.0,0.0,0.0,0.0,0.0,0.0,0.0,0.0,0.0,1.0,0.0
9,9,0.0,0.0,0.0,0.0,0.0,0.0,0.0,0.0,0.0,1.0,0.0
9,9,0.0,0.0,0.0,0.0,0.0,0.0,0.0,0.0,0.0,1.0,0.0
9,9,0.0,0.0,0.0,0.0,0.0,0.0,0.0,0.0,0.0,1.0,0.0
9,9,0.0,0.0,0.0,0.0,0.0,0.0,0.0,0.0,0.0,1.0,0.0
9,9,0.0,0.0,0.0,0.0,0.0,0.0,0.0,0.0,0.0,1.0,0.0
9,9,0.0,0.0,0.0,0.0,0.0,0.0,0.0,0.0,0.0,1.0,0.0
9,9,0.0,0.0,0.0,0.0,0.0,0.0,0.0,0.0,0.0,1.0,0.0
9,9,0.0,0.0,0.0,0.0,0.0,0.0,0.0,0.0,0.0,1.0,0.0
9,9,0.0,0.0,0.0,0.0,0.0,0.0,0.0,0.0,0.0,1.0,0.0
9,9,0.0,0.0,0.0,0.0,0.0,0.0,0.0,0.0,0.0,1.0,0.0
9,9,0.0,0.0,0.0,0.0,0.0,0.0,0.0,0.0,0.0,1.0,0.0
9,9,0.0,0.0,0.0,0.0,0.0,0.0,0.0,0.0,0.0,1.0,0.0
9,9,0.0,0.0,0.0,0.0,0.0,0.0,0.0,0.0,0.0,1.0,0.0
9,9,0.0,0.0,0.0,0.0,0.0,0.0,0.0,0.0,0.0,1.0,0.0
9,9,0.0,0.0,0.0,0.0,0.0,0.0,0.0,0.0,0.0,1.0,0.0
9,9,0.0,0.0,0.0,0.0,0.0,0.0,0.0,0.0,0.0,1.0,0.0
9,9,0.0,0.0,0.0,0.0,0.0,0.0,0.0,0.0,0.0,1.0,0.0
9,9,0.0,0.0,0.0,0.0,0.0,0.0,0.0,0.0,0.0,1.0,0.0
9,9,0.0,0.0,0.0,0.0,0.0,0.0,0.0,0.0,0.0,1.0,0.0
9,9,0.0,0.0,0.0,0.0,0.0,0.0,0.0,0.0,0.0,1.0,0.0
9,9,0.0,0.0,0.0,0.0,0.0,0.0,0.0,0.0,0.0,1.0,0.0
9,9,0.0,0.0,0.0,0.0,0.0,0.0,0.0,0.0,0.0,1.0,0.0
9,9,0.0,0.0,0.0,0.0,0.0,0.0,0.0,0.0,0.0,1.0,0.0
9,9,0.0,0.0,0.0,0.0,0.0,0.0,0.0,0.0,0.0,1.0,0.0
9,9,0.0,0.0,0.0,0.0,0.0,0.0,0.0,0.0,0.0,1.0,0.0
9,9,0.0,0.0,0.0,0.0,0.0,0.0,0.0,0.0,0.0,1.0,0.0
9,9,0.0,0.0,0.0,0.0,0.0,0.0,0.0,0.0,0.0,1.0,0.0
9,9,0.0,0.0,0.0,0.0,0.0,0.0,0.0,0.0,0.0,1.0,0.0
9,9,0.0,0.0,0.0,0.0,0.0,0.0,0.0,0.0,0.0,1.0,0.0
9,9,0.0,0.0,0.0,0.0,0.0,0.0,0.0,0.0,0.0,1.0,0.0
9,9,0.0,0.0,0.0,0.0,0.0,0.0,0.0,0.0,0.0,1.0,0.0
9,9,0.0,0.0,0.0,0.0,0.0,0.0,0.0,0.0,0.0,1.0,0.0
9,9,0.0,0.0,0.0,0.0,0.0,0.0,0.0,0.0,0.0,1.0,0.0
9,9,0.0,0.0,0.0,0.0,0.0,0.0,0.0,0.0,0.0,1.0,0.0
9,9,0.0,0.0,0.0,0.0,0.0,0.0,0.0,0.0,0.0,1.0,0.0
9,9,0.0,0.0,0.0,0.0,0.0,0.0,0.0,0.0,0.0,1.0,0.0
9,9,0.0,0.0,0.0,0.0,0.0,0.0,0.0,0.0,0.0,1.0,0.0
9,9,0.0,0.0,0.0,0.0,0.0,0.0,0.0,0.0,0.0,1.0,0.0
9,9,0.0,0.0,0.0,0.0,0.0,0.0,0.0,0.0,0.0,1.0,0.0
9,9,0.0,0.0,0.0,0.0,0.0,0.0,0.0,0.0,0.0,1.0,0.0
9,9,0.0,0.0,0.0,0.0,0.0,0.0,0.0,0.0,0.0,1.0,0.0
9,9,0.0,0.0,0.0,0.0,0.0,0.0,0.0,0.0,0.0,1.0,0.0
9,9,0.0,0.0,0.0,0.0,0.0,0.0,0.0,0.0,0.0,1.0,0.0
9,9,0.0,0.0,0.0,0.0,0.0,0.0,0.0,0.0,0.0,1.0,0.0
9,9,0.0,0.0,0.0,0.0,0.0,0.0,0.0,0.0,0.0,1.0,0.0
9,9,0.0,0.0,0.0,0.0,0.0,0.0,0.0,0.0,0.0,1.0,0.0
9,9,0.0,0.0,0.0,0.0,0.0,0.0,0.0,0.0,0.0,1.0,0.0
9,9,0.0,0.0,0.0,0.0,0.0,0.0,0.0,0.0,0.0,1.0,0.0
9,9,0.0,0.0,0.0,0.0,0.0,0.0,0.0,0.0,0.0,1.0,0.0
9,9,0.0,0.0,0.0,0.0,0.0,0.0,0.0,0.0,0.0,1.0,0.0
9,9,0.0,0.0,0.0,0.0,0.0,0.0,0.0,0.0,0.0,1.0,0.0
9,9,0.0,0.0,0.0,0.0,0.0,0.0,0.0,0.0,0.0,1.0,0.0
9,9,0.0,0.0,0.0,0.0,0.0,0.0,0.0,0.0,0.0,1.0,0.0
9,9,0.0,0.0,0.0,0.0,0.0,0.0,0.0,0.0,0.0,1.0,0.0
9,9,0.0,0.0,0.0,0.0,0.0,0.0,0.0,0.0,0.0,1.0,0.0
9,9,0.0,0.0,0.0,0.0,0.0,0.0,0.0,0.0,0.0,1.0,0.0
9,9,0.0,0.0,0.0,0.0,0.0,0.0,0.0,0.0,0.0,1.0,0.0
9,9,0.0,0.0,0.0,0.0,0.0,0.0,0.0,0.0,0.0,1.0,0.0
9,9,0.0,0.0,0.0,0.0,0.0,0.0,0.0,0.0,0.0,1.0,0.0
9,9,0.0,0.0,0.0,0.0,0.0,0.0,0.0,0.0,0.0,1.0,0.0
9,9,0.0,0.0,0.0,0.0,0.0,0.0,0.0,0.0,0.0,1.0,0.0
9,9,0.0,0.0,0.0,0.0,0.0,0.0,0.0,0.0,0.0,1.0,0.0
9,9,0.0,0.0,0.0,0.0,0.0,0.0,0.0,0.0,0.0,1.0,0.0
9,9,0.0,0.0,0.0,0.0,0.0,0.0,0.0,0.0,0.0,1.0,0.0
9,9,0.0,0.0,0.0,0.0,0.0,0.0,0.0,0.0,0.0,1.0,0.0
9,9,0.0,0.0,0.0,0.0,0.0,0.0,0.0,0.0,0.0,1.0,0.0
9,9,0.0,0.0,0.0,0.0,0.0,0.0,0.0,0.0,0.0,1.0,0.0
9,9,0.0,0.0,0.0,0.0,0.0,0.0,0.0,0.0,0.0,1.0,0.0
9,9,0.0,0.0,0.0,0.0,0.0,0.0,0.0,0.0,0.0,1.0,0.0
9,9,0.0,0.0,0.0,0.0,0.0,0.0,0.0,0.0,0.0,1.0,0.0
9,9,0.0,0.0,0.0,0.0,0.0,0.0,0.0,0.0,0.0,1.0,0.0
9,9,0.0,0.0,0.0,0.0,0.0,0.0,0.0,0.0,0.0,1.0,0.0
9,9,0.0,0.0,0.0,0.0,0.0,0.0,0.0,0.0,0.0,1.0,0.0
9,9,0.0,0.0,0.0,0.0,0.0,0.0,0.0,0.0,0.0,1.0,0.0
9,9,0.0,0.0,0.0,0.0,0.0,0.0,0.0,0.0,0.0625,0.9375,0.0
9,9,0.0,0.0,0.0,0.0,0.0,0.0,0.0,0.0,0.0625,0.9375,0.0
9,9,0.0,0.0,0.0,0.0,0.0,0.0,0.0,0.0,0.0625,0.9375,0.0
9,9,0.0,0.0,0.0,0.0,0.0,0.0,0.0,0.0,0.0625,0.9375,0.0
9,9,0.0,0.0,0.0,0.0,0.0,0.0,0.0,0.0,0.0625,0.9375,0.0
9,9,0.0,0.0,0.0,0.0,0.0,0.0,0.0,0.0,0.0625,0.9375,0.0
9,9,0.0,0.0,0.0,0.0,0.0,0.0,0.0,0.0,0.0625,0.9375,0.0
9,9,0.0,0.0,0.0,0.0,0.0,0.0,0.0,0.0,0.0625,0.9375,0.0
9,9,0.0,0.0,0.0,0.0,0.0,0.0,0.0,0.0,0.0625,0.9375,0.0
9,9,0.0,0.0,0.0,0.0,0.0,0.0,0.0,0.0,0.0625,0.9375,0.0
9,9,0.0,0.0,0.0,0.0,0.0,0.0,0.0,0.0,0.0625,0.9375,0.0
9,9,0.0,0.0,0.0,0.0,0.0,0.0,0.0,0.0,0.0625,0.9375,0.0
9,9,0.0,0.0,0.0,0.0,0.0,0.0,0.0,0.0,0.0625,0.9375,0.0
9,9,0.0,0.0,0.0,0.0,0.0,0.0,0.0,0.0,0.0625,0.9375,0.0
9,9,0.0,0.0,0.0,0.0,0.0,0.0,0.0,0.0,0.0625,0.9375,0.0
9,9,0.0,0.0,0.0,0.0,0.0,0.0,0.0,0.0,0.0625,0.9375,0.0
9,9,0.0,0.0,0.0,0.0,0.0,0.0,0.0,0.0,0.0625,0.9375,0.0
9,9,0.0,0.0,0.0,0.0,0.0,0.0,0.0,0.0,0.0625,0.9375,0.0
9,9,0.0,0.0,0.0,0.0,0.0,0.0,0.0,0.0,0.0625,0.9375,0.0
9,9,0.0,0.0,0.0,0.0,0.0,0.0,0.0,0.0,0.0625,0.9375,0.0
9,9,0.0,0.0,0.0,0.0,0.0,0.0,0.0,0.0,0.0625,0.9375,0.0
9,9,0.0,0.0,0.0,0.0,0.0,0.0,0.0,0.0,0.0625,0.9375,0.0
9,9,0.0,0.0,0.0,0.0,0.0,0.0,0.0,0.0,0.0625,0.9375,0.0
9,9,0.0,0.0,0.0,0.0,0.0,0.0,0.0,0.0,0.0625,0.9375,0.0
9,9,0.0,0.0,0.0,0.0,0.0,0.0,0.0,0.0,0.0625,0.9375,0.0
9,9,0.0,0.0,0.0,0.0,0.0,0.0,0.0,0.0,0.0625,0.9375,0.0
9,9,0.0,0.0,0.0,0.0,0.0,0.0,0.0,0.0,0.0625,0.9375,0.0
9,9,0.0,0.0,0.0,0.0,0.0,0.0,0.0,0.0,0.0625,0.9375,0.0
9,9,0.0,0.0,0.0,0.0,0.0,0.0,0.0,0.0,0.0625,0.9375,0.0
9,9,0.0,0.0,0.0,0.0,0.0,0.0,0.0,0.0,0.0625,0.9375,0.0
9,9,0.0,0.0,0.0,0.0,0.0,0.0,0.0,0.0,0.0,1.0,0.0
9,9,0.0,0.0,0.0,0.0,0.0,0.0,0.0,0.0,0.0,1.0,0.0
9,9,0.0,0.0,0.0,0.0,0.0,0.0,0.0,0.0,0.0,1.0,0.0
9,9,0.0,0.0,0.0,0.0,0.0,0.0,0.0,0.0,0.0,1.0,0.0
9,9,0.0,0.0,0.0,0.0,0.0,0.0,0.0,0.0,0.0,1.0,0.0
9,9,0.0,0.0,0.0,0.0,0.0,0.0,0.0,0.0,0.0,1.0,0.0
9,9,0.0,0.0,0.0,0.0,0.0,0.0,0.0,0.0,0.0,1.0,0.0
9,9,0.0,0.0,0.0,0.0,0.0,0.0,0.0,0.0,0.0,1.0,0.0
9,9,0.0,0.0,0.0,0.0,0.0,0.0,0.0,0.0,0.0,1.0,0.0
9,9,0.0,0.0,0.0,0.0,0.0,0.0,0.0,0.0,0.0,1.0,0.0
9,9,0.0,0.0,0.0,0.0,0.0,0.0,0.0,0.0,0.0,1.0,0.0
9,9,0.0,0.0,0.0,0.0,0.0,0.0,0.0,0.0,0.0,1.0,0.0
9,9,0.0,0.0,0.0,0.0,0.0,0.0,0.0,0.0,0.0,1.0,0.0
9,9,0.0,0.0,0.0,0.0,0.0,0.0,0.0,0.0,0.0,1.0,0.0
9,9,0.0,0.0,0.0,0.0,0.0,0.0,0.0,0.0,0.0,1.0,0.0
9,9,0.0,0.0,0.0,0.0,0.0,0.0,0.0,0.0,0.0,1.0,0.0
9,9,0.0,0.0,0.0,0.0,0.0,0.0,0.0,0.0,0.0,1.0,0.0
9,9,0.0,0.0,0.0,0.0,0.0,0.0,0.0,0.0,0.0,1.0,0.0
9,9,0.0,0.0,0.0,0.0,0.0,0.0,0.0,0.0,0.0,1.0,0.0
9,9,0.0,0.0,0.0,0.0,0.0,0.0,0.0,0.0,0.0,1.0,0.0
9,9,0.0,0.0,0.0,0.0,0.0,0.0,0.0,0.0,0.0,1.0,0.0
9,9,0.0,0.0,0.0,0.0,0.0,0.0,0.0,0.0,0.0,1.0,0.0
9,9,0.0,0.0,0.0,0.0,0.0,0.0,0.0,0.0,0.0,1.0,0.0
9,9,0.0,0.0,0.0,0.0,0.0,0.0,0.0,0.0,0.0,1.0,0.0
9,9,0.0,0.0,0.0,0.0,0.0,0.0,0.0,0.0,0.0,1.0,0.0
9,9,0.0,0.0,0.0,0.0,0.0,0.0,0.0,0.0,0.0,1.0,0.0
9,9,0.0,0.0,0.0,0.0,0.0,0.0,0.0,0.0,0.0,1.0,0.0
9,9,0.0,0.0,0.0,0.0,0.0,0.0,0.0,0.0,0.0,1.0,0.0
9,9,0.0,0.0,0.0,0.0,0.0,0.0,0.0,0.0,0.0,1.0,0.0
9,9,0.0,0.0,0.0,0.0,0.0,0.0,0.0,0.0,0.0,1.0,0.0
9,9,0.0,0.0,0.0,0.0,0.0,0.0,0.0,0.0,0.0,1.0,0.0
9,9,0.0,0.0,0.0,0.0,0.0,0.0,0.0,0.0,0.0,1.0,0.0
9,9,0.0,0.0,0.0,0.0,0.0,0.0,0.0,0.0,0.0,1.0,0.0
9,9,0.0,0.0,0.0,0.0,0.0,0.0,0.0,0.0,0.0,1.0,0.0
9,9,0.0,0.0,0.0,0.0,0.0,0.0,0.0,0.0,0.0,1.0,0.0
9,9,0.0,0.0,0.0,0.0,0.0,0.0,0.0,0.0,0.0,1.0,0.0
9,9,0.0,0.0,0.0,0.0,0.0,0.0,0.0,0.0,0.0,1.0,0.0
9,9,0.0,0.0,0.0,0.0,0.0,0.0,0.0,0.0,0.0,1.0,0.0
9,9,0.0,0.0,0.0,0.0,0.0,0.0,0.0,0.0,0.0,1.0,0.0
9,9,0.0,0.0,0.0,0.0,0.0,0.0,0.0,0.0,0.0,1.0,0.0
9,9,0.0,0.0,0.0,0.0,0.0,0.0,0.0,0.0,0.0,1.0,0.0
9,9,0.0,0.0,0.0,0.0,0.0,0.0,0.0,0.0,0.0,1.0,0.0
9,9,0.0,0.0,0.0,0.0,0.0,0.0,0.0,0.0,0.0,1.0,0.0
9,9,0.0,0.0,0.0,0.0,0.0,0.0,0.0,0.0,0.0,1.0,0.0
9,9,0.0,0.0,0.0,0.0,0.0,0.0,0.0,0.0,0.0,1.0,0.0
9,9,0.0,0.0,0.0,0.0,0.0,0.0,0.0,0.0,0.0,1.0,0.0
9,9,0.0,0.0,0.0,0.0,0.0,0.0,0.0,0.0,0.0,1.0,0.0
9,9,0.0,0.0,0.0,0.0,0.0,0.0,0.0,0.0,0.0,1.0,0.0
9,9,0.0,0.0,0.0,0.0,0.0,0.0,0.0,0.0,0.0,1.0,0.0
9,9,0.0,0.0,0.0,0.0,0.0,0.0,0.0,0.0,0.0,1.0,0.0
9,9,0.0,0.0,0.0,0.0,0.0,0.0,0.0,0.0,0.0,1.0,0.0
9,9,0.0,0.0,0.0,0.0,0.0,0.0,0.0,0.0,0.0,1.0,0.0
9,9,0.0,0.0,0.0,0.0,0.0,0.0,0.0,0.0,0.0,1.0,0.0
9,9,0.0,0.0,0.0,0.0,0.0,0.0,0.0,0.0,0.0,1.0,0.0
9,9,0.0,0.0,0.0,0.0,0.0,0.0,0.0,0.0,0.0,1.0,0.0
9,9,0.0,0.0,0.0,0.0,0.0,0.0,0.0,0.0,0.0,1.0,0.0
9,9,0.0,0.0,0.0,0.0,0.0,0.0,0.0,0.0,0.0,1.0,0.0
9,9,0.0,0.0,0.0,0.0,0.0,0.0,0.0,0.0,0.0,1.0,0.0
9,9,0.0,0.0,0.0,0.0,0.0,0.0,0.0,0.0,0.0,1.0,0.0
9,9,0.0,0.0,0.0,0.0,0.0,0.0,0.0,0.0,0.0,1.0,0.0
9,9,0.0,0.0,0.0,0.0,0.0,0.0,0.0,0.0,0.0625,0.9375,0.0
9,9,0.0,0.0,0.0,0.0,0.0,0.0,0.0,0.0,0.0625,0.9375,0.0
9,9,0.0,0.0,0.0,0.0,0.0,0.0,0.0,0.0,0.0625,0.9375,0.0
9,9,0.0,0.0,0.0,0.0,0.0,0.0,0.0,0.0,0.0625,0.9375,0.0
9,9,0.0,0.0,0.0,0.0,0.0,0.0,0.0,0.0,0.0625,0.9375,0.0
9,9,0.0,0.0,0.0,0.0,0.0,0.0,0.0,0.0,0.0625,0.9375,0.0
9,9,0.0,0.0,0.0,0.0,0.0,0.0,0.0,0.0,0.0625,0.9375,0.0
9,9,0.0,0.0,0.0,0.0,0.0,0.0,0.0,0.0,0.0625,0.9375,0.0
9,9,0.0,0.0,0.0,0.0,0.0,0.0,0.0,0.0,0.0625,0.9375,0.0
9,9,0.0,0.0,0.0,0.0,0.0,0.0,0.0,0.0,0.0625,0.9375,0.0
9,9,0.0,0.0,0.0,0.0,0.0,0.0,0.0,0.0,0.0625,0.9375,0.0
9,9,0.0,0.0,0.0,0.0,0.0,0.0,0.0,0.0,0.0625,0.9375,0.0
9,9,0.0,0.0,0.0,0.0,0.0,0.0,0.0,0.0,0.0625,0.9375,0.0
9,9,0.0,0.0,0.0,0.0,0.0,0.0,0.0,0.0,0.0625,0.9375,0.0
9,9,0.0,0.0,0.0,0.0,0.0,0.0,0.0,0.0,0.0625,0.9375,0.0
9,9,0.0,0.0,0.0,0.0,0.0,0.0,0.0,0.0,0.0625,0.9375,0.0
9,9,0.0,0.0,0.0,0.0,0.0,0.0,0.0,0.0,0.0625,0.9375,0.0
9,9,0.0,0.0,0.0,0.0,0.0,0.0,0.0,0.0,0.0625,0.9375,0.0
9,9,0.0,0.0,0.0,0.0,0.0,0.0,0.0,0.0,0.0625,0.9375,0.0
9,9,0.0,0.0,0.0,0.0,0.0,0.0,0.0,0.0,0.0625,0.9375,0.0
9,9,0.0,0.0,0.0,0.0,0.0,0.0,0.0,0.0,0.0625,0.9375,0.0
9,9,0.0,0.0,0.0,0.0,0.0,0.0,0.0,0.0,0.0625,0.9375,0.0
9,9,0.0,0.0,0.0,0.0,0.0,0.0,0.0,0.0,0.0625,0.9375,0.0
9,9,0.0,0.0,0.0,0.0,0.0,0.0,0.0,0.0,0.0625,0.9375,0.0
9,9,0.0,0.0,0.0,0.0,0.0,0.0,0.0,0.0,0.0625,0.9375,0.0
9,9,0.0,0.0,0.0,0.0,0.0,0.0,0.0,0.0,0.0625,0.9375,0.0
9,9,0.0,0.0,0.0,0.0,0.0,0.0,0.0,0.0,0.0625,0.9375,0.0
9,9,0.0,0.0,0.0,0.0,0.0,0.0,0.0,0.0,0.0625,0.9375,0.0
9,9,0.0,0.0,0.0,0.0,0.0,0.0,0.0,0.0,0.0625,0.9375,0.0
9,9,0.0,0.0,0.0,0.0,0.0,0.0,0.0,0.0,0.0625,0.9375,0.0
9,9,0.0,0.0,0.0,0.0,0.0,0.0,0.0,0.0,0.0,1.0,0.0
9,9,0.0,0.0,0.0,0.0,0.0,0.0,0.0,0.0,0.0,1.0,0.0
9,9,0.0,0.0,0.0,0.0,0.0,0.0,0.0,0.0,0.0,1.0,0.0
9,9,0.0,0.0,0.0,0.0,0.0,0.0,0.0,0.0,0.0,1.0,0.0
9,9,0.0,0.0,0.0,0.0,0.0,0.0,0.0,0.0,0.0,1.0,0.0
9,9,0.0,0.0,0.0,0.0,0.0,0.0,0.0,0.0,0.0,1.0,0.0
9,9,0.0,0.0,0.0,0.0,0.0,0.0,0.0,0.0,0.0,1.0,0.0
9,9,0.0,0.0,0.0,0.0,0.0,0.0,0.0,0.0,0.0,1.0,0.0
9,9,0.0,0.0,0.0,0.0,0.0,0.0,0.0,0.0,0.0,1.0,0.0
9,9,0.0,0.0,0.0,0.0,0.0,0.0,0.0,0.0,0.0,1.0,0.0
9,9,0.0,0.0,0.0,0.0,0.0,0.0,0.0,0.0,0.0,1.0,0.0
9,9,0.0,0.0,0.0,0.0,0.0,0.0,0.0,0.0,0.0,1.0,0.0
9,9,0.0,0.0,0.0,0.0,0.0,0.0,0.0,0.0,0.0,1.0,0.0
9,9,0.0,0.0,0.0,0.0,0.0,0.0,0.0,0.0,0.0,1.0,0.0
9,9,0.0,0.0,0.0,0.0,0.0,0.0,0.0,0.0,0.0,1.0,0.0
9,9,0.0,0.0,0.0,0.0,0.0,0.0,0.0,0.0,0.0,1.0,0.0
9,9,0.0,0.0,0.0,0.0,0.0,0.0,0.0,0.0,0.0,1.0,0.0
9,9,0.0,0.0,0.0,0.0,0.0,0.0,0.0,0.0,0.0,1.0,0.0
9,9,0.0,0.0,0.0,0.0,0.0,0.0,0.0,0.0,0.0,1.0,0.0
9,9,0.0,0.0,0.0,0.0,0.0,0.0,0.0,0.0,0.0,1.0,0.0
9,9,0.0,0.0,0.0,0.0,0.0,0.0,0.0,0.0,0.0,1.0,0.0
9,9,0.0,0.0,0.0,0.0,0.0,0.0,0.0,0.0,0.0,1.0,0.0
9,9,0.0,0.0,0.0,0.0,0.0,0.0,0.0,0.0,0.0,1.0,0.0
9,9,0.0,0.0,0.0,0.0,0.0,0.0,0.0,0.0,0.0,1.0,0.0
9,9,0.0,0.0,0.0,0.0,0.0,0.0,0.0,0.0,0.0,1.0,0.0
9,9,0.0,0.0,0.0,0.0,0.0,0.0,0.0,0.0,0.0,1.0,0.0
9,9,0.0,0.0,0.0,0.0,0.0,0.0,0.0,0.0,0.0,1.0,0.0
9,9,0.0,0.0,0.0,0.0,0.0,0.0,0.0,0.0,0.0,1.0,0.0
9,9,0.0,0.0,0.0,0.0,0.0,0.0,0.0,0.0,0.0,1.0,0.0
9,9,0.0,0.0,0.0,0.0,0.0,0.0,0.0,0.0,0.0,1.0,0.0
9,9,0.0,0.0,0.0,0.0,0.0,0.0,0.0,0.0,0.0,1.0,0.0
9,9,0.0,0.0,0.0,0.0,0.0,0.0,0.0,0.0,0.0,1.0,0.0
9,9,0.0,0.0,0.0,0.0,0.0,0.0,0.0,0.0,0.0,1.0,0.0
9,9,0.0,0.0,0.0,0.0,0.0,0.0,0.0,0.0,0.0,1.0,0.0
9,9,0.0,0.0,0.0,0.0,0.0,0.0,0.0,0.0,0.0,1.0,0.0
9,9,0.0,0.0,0.0,0.0,0.0,0.0,0.0,0.0,0.0,1.0,0.0
9,9,0.0,0.0,0.0,0.0,0.0,0.0,0.0,0.0,0.0,1.0,0.0
9,9,0.0,0.0,0.0,0.0,0.0,0.0,0.0,0.0,0.0,1.0,0.0
9,9,0.0,0.0,0.0,0.0,0.0,0.0,0.0,0.0,0.0,1.0,0.0
9,9,0.0,0.0,0.0,0.0,0.0,0.0,0.0,0.0,0.0,1.0,0.0
9,9,0.0,0.0,0.0,0.0,0.0,0.0,0.0,0.0,0.0,1.0,0.0
9,9,0.0,0.0,0.0,0.0,0.0,0.0,0.0,0.0,0.0,1.0,0.0
9,9,0.0,0.0,0.0,0.0,0.0,0.0,0.0,0.0,0.0,1.0,0.0
9,9,0.0,0.0,0.0,0.0,0.0,0.0,0.0,0.0,0.0,1.0,0.0
9,9,0.0,0.0,0.0,0.0,0.0,0.0,0.0,0.0,0.0,1.0,0.0
9,9,0.0,0.0,0.0,0.0,0.0,0.0,0.0,0.0,0.0,1.0,0.0
9,9,0.0,0.0,0.0,0.0,0.0,0.0,0.0,0.0,0.0,1.0,0.0
9,9,0.0,0.0,0.0,0.0,0.0,0.0,0.0,0.0,0.0,1.0,0.0
9,9,0.0,0.0,0.0,0.0,0.0,0.0,0.0,0.0,0.0,1.0,0.0
9,9,0.0,0.0,0.0,0.0,0.0,0.0,0.0,0.0,0.0,1.0,0.0
9,9,0.0,0.0,0.0,0.0,0.0,0.0,0.0,0.0,0.0,1.0,0.0
9,9,0.0,0.0,0.0,0.0,0.0,0.0,0.0,0.0,0.0,1.0,0.0
9,9,0.0,0.0,0.0,0.0,0.0,0.0,0.0,0.0,0.0,1.0,0.0
9,9,0.0,0.0,0.0,0.0,0.0,0.0,0.0,0.0,0.0,1.0,0.0
9,9,0.0,0.0,0.0,0.0,0.0,0.0,0.0,0.0,0.0,1.0,0.0
9,9,0.0,0.0,0.0,0.0,0.0,0.0,0.0,0.0,0.0,1.0,0.0
9,9,0.0,0.0,0.0,0.0,0.0,0.0,0.0,0.0,0.0,1.0,0.0
9,9,0.0,0.0,0.0,0.0,0.0,0.0,0.0,0.0,0.0,1.0,0.0
9,9,0.0,0.0,0.0,0.0,0.0,0.0,0.0,0.0,0.0,1.0,0.0
9,9,0.0,0.0,0.0,0.0,0.0,0.0,0.0,0.0,0.0,1.0,0.0
9,9,0.0,0.0,0.0,0.0,0.0,0.0,0.0,0.0,0.0,1.0,0.0
9,9,0.0,0.0,0.0,0.0,0.0,0.0,0.0,0.0,0.0,1.0,0.0
9,9,0.0,0.0,0.0,0.0,0.0,0.0,0.0,0.0,0.0,1.0,0.0
9,9,0.0,0.0,0.0,0.0,0.0,0.0,0.0,0.0,0.0,1.0,0.0
9,9,0.0,0.0,0.0,0.0,0.0,0.0,0.0,0.0,0.0,1.0,0.0
9,9,0.0,0.0,0.0,0.0,0.0,0.0,0.0,0.0,0.0,1.0,0.0
9,9,0.0,0.0,0.0,0.0,0.0,0.0,0.0,0.0,0.0,1.0,0.0
9,9,0.0,0.0,0.0,0.0,0.0,0.0,0.0,0.0,0.0,1.0,0.0
9,9,0.0,0.0,0.0,0.0,0.0,0.0,0.0,0.0,0.0,1.0,0.0
9,9,0.0,0.0,0.0,0.0,0.0,0.0,0.0,0.0,0.0,1.0,0.0
9,9,0.0,0.0,0.0,0.0,0.0,0.0,0.0,0.0,0.0,1.0,0.0
9,9,0.0,0.0,0.0,0.0,0.0,0.0,0.0,0.0,0.0,1.0,0.0
9,9,0.0,0.0,0.0,0.0,0.0,0.0,0.0,0.0,0.0,1.0,0.0
9,9,0.0,0.0,0.0,0.0,0.0,0.0,0.0,0.0,0.0,1.0,0.0
9,9,0.0,0.0,0.0,0.0,0.0,0.0,0.0,0.0,0.0,1.0,0.0
9,9,0.0,0.0,0.0,0.0,0.0,0.0,0.0,0.0,0.0,1.0,0.0
9,9,0.0,0.0,0.0,0.0,0.0,0.0,0.0,0.0,0.0,1.0,0.0
9,9,0.0,0.0,0.0,0.0,0.0,0.0,0.0,0.0,0.0,1.0,0.0
9,9,0.0,0.0,0.0,0.0,0.0,0.0,0.0,0.0,0.0,1.0,0.0
9,9,0.0,0.0,0.0,0.0,0.0,0.0,0.0,0.0,0.0,1.0,0.0
9,9,0.0,0.0,0.0,0.0,0.0,0.0,0.0,0.0,0.0,1.0,0.0
9,9,0.0,0.0,0.0,0.0,0.0,0.0,0.0,0.0,0.0,1.0,0.0
9,9,0.0,0.0,0.0,0.0,0.0,0.0,0.0,0.0,0.0,1.0,0.0
9,9,0.0,0.0,0.0,0.0,0.0,0.0,0.0,0.0,0.0,1.0,0.0
9,9,0.0,0.0,0.0,0.0,0.0,0.0,0.0,0.0,0.0,1.0,0.0
9,9,0.0,0.0,0.0,0.0,0.0,0.0,0.0,0.0,0.0,1.0,0.0
9,9,0.0,0.0,0.0,0.0,0.0,0.0,0.0,0.0,0.0,1.0,0.0
9,9,0.0,0.0,0.0,0.0,0.0,0.0,0.0,0.0,0.0,1.0,0.0
9,9,0.0,0.0,0.0,0.0,0.0,0.0,0.0,0.0,0.0,1.0,0.0
9,9,0.0,0.0,0.0,0.0,0.0,0.0,0.0,0.0,0.0,1.0,0.0
9,9,0.0,0.0,0.0,0.0,0.0,0.0,0.0,0.0,0.0,1.0,0.0
9,9,0.0,0.0,0.0,0.0,0.0,0.0,0.0,0.0,0.0,1.0,0.0
9,9,0.0,0.0,0.0,0.0,0.0,0.0,0.0,0.0,0.0,1.0,0.0
9,9,0.0,0.0,0.0,0.0,0.0,0.0,0.0,0.0,0.0,1.0,0.0
9,9,0.0,0.0,0.0,0.0,0.0,0.0,0.0,0.0,0.0,1.0,0.0
9,9,0.0,0.0,0.0,0.0,0.0,0.0,0.0,0.0,0.0,1.0,0.0
9,9,0.0,0.0,0.0,0.0,0.0,0.0,0.0,0.0,0.0,1.0,0.0
9,9,0.0,0.0,0.0,0.0,0.0,0.0,0.0,0.0,0.0,1.0,0.0
9,9,0.0,0.0,0.0,0.0,0.0,0.0,0.0,0.0,0.0,1.0,0.0
9,9,0.0,0.0,0.0,0.0,0.0,0.0,0.0,0.0,0.0,1.0,0.0
9,9,0.0,0.0,0.0,0.0,0.0,0.0,0.0,0.0,0.0,1.0,0.0
9,9,0.0,0.0,0.0,0.0,0.0,0.0,0.0,0.0,0.0,1.0,0.0
9,9,0.0,0.0,0.0,0.0,0.0,0.0,0.0,0.0,0.0,1.0,0.0
9,9,0.0,0.0,0.0,0.0,0.0,0.0,0.0,0.0,0.0,1.0,0.0
9,9,0.0,0.0,0.0,0.0,0.0,0.0,0.0,0.0,0.0,1.0,0.0
9,9,0.0,0.0,0.0,0.0,0.0,0.0,0.0,0.0,0.0,1.0,0.0
9,9,0.0,0.0,0.0,0.0,0.0,0.0,0.0,0.0,0.0,1.0,0.0
9,9,0.0,0.0,0.0,0.0,0.0,0.0,0.0,0.0,0.0,1.0,0.0
9,9,0.0,0.0,0.0,0.0,0.0,0.0,0.0,0.0,0.0,1.0,0.0
9,9,0.0,0.0,0.0,0.0,0.0,0.0,0.0,0.0,0.0,1.0,0.0
9,9,0.0,0.0,0.0,0.0,0.0,0.0,0.0,0.0,0.0,1.0,0.0
9,9,0.0,0.0,0.0,0.0,0.0,0.0,0.0,0.0,0.0,1.0,0.0
9,9,0.0,0.0,0.0,0.0,0.0,0.0,0.0,0.0,0.0,1.0,0.0
9,9,0.0,0.0,0.0,0.0,0.0,0.0,0.0,0.0,0.0,1.0,0.0
9,9,0.0,0.0,0.0,0.0,0.0,0.0,0.0,0.0,0.0,1.0,0.0
9,9,0.0,0.0,0.0,0.0,0.0,0.0,0.0,0.0,0.0,1.0,0.0
9,9,0.0,0.0,0.0,0.0,0.0,0.0,0.0,0.0,0.0,1.0,0.0
9,9,0.0,0.0,0.0,0.0,0.0,0.0,0.0,0.0,0.0,1.0,0.0
9,9,0.0,0.0,0.0,0.0,0.0,0.0,0.0,0.0,0.0,1.0,0.0
9,9,0.0,0.0,0.0,0.0,0.0,0.0,0.0,0.0,0.0,1.0,0.0
9,9,0.0,0.0,0.0,0.0,0.0,0.0,0.0,0.0,0.0,1.0,0.0
9,9,0.0,0.0,0.0,0.0,0.0,0.0,0.0,0.0,0.0,1.0,0.0
9,9,0.0,0.0,0.0,0.0,0.0,0.0,0.0,0.0,0.0,1.0,0.0
9,9,0.0,0.0,0.0,0.0,0.0,0.0,0.0,0.0,0.0,1.0,0.0
9,9,0.0,0.0,0.0,0.0,0.0,0.0,0.0,0.0,0.0,1.0,0.0
9,9,0.0,0.0,0.0,0.0,0.0,0.0,0.0,0.0,0.0,1.0,0.0
9,9,0.0,0.0,0.0,0.0,0.0,0.0,0.0,0.0,0.0,1.0,0.0
9,9,0.0,0.0,0.0,0.0,0.0,0.0,0.0,0.0,0.0,1.0,0.0
9,9,0.0,0.0,0.0,0.0,0.0,0.0,0.0,0.0,0.0,1.0,0.0
9,9,0.0,0.0,0.0,0.0,0.0,0.0,0.0,0.0,0.0,1.0,0.0
9,9,0.0,0.0,0.0,0.0,0.0,0.0,0.0,0.0,0.0,1.0,0.0
9,9,0.0,0.0,0.0,0.0,0.0,0.0,0.0,0.0,0.0,1.0,0.0
9,9,0.0,0.0,0.0,0.0,0.0,0.0,0.0,0.0,0.0,1.0,0.0
9,9,0.0,0.0,0.0,0.0,0.0,0.0,0.0,0.0,0.0,1.0,0.0
9,9,0.0,0.0,0.0,0.0,0.0,0.0,0.0,0.0,0.0,1.0,0.0
9,9,0.0,0.0,0.0,0.0,0.0,0.0,0.0,0.0,0.0,1.0,0.0
9,9,0.0,0.0,0.0,0.0,0.0,0.0,0.0,0.0,0.0,1.0,0.0
9,9,0.0,0.0,0.0,0.0,0.0,0.0,0.0,0.0,0.0,1.0,0.0
9,9,0.0,0.0,0.0,0.0,0.0,0.0,0.0,0.0,0.0,1.0,0.0
9,9,0.0,0.0,0.0,0.0,0.0,0.0,0.0,0.0,0.0,1.0,0.0
9,9,0.0,0.0,0.0,0.0,0.0,0.0,0.0,0.0,0.0,1.0,0.0
9,9,0.0,0.0,0.0,0.0,0.0,0.0,0.0,0.0,0.0,1.0,0.0
9,9,0.0,0.0,0.0,0.0,0.0,0.0,0.0,0.0,0.0,1.0,0.0
9,9,0.0,0.0,0.0,0.0,0.0,0.0,0.0,0.0,0.0,1.0,0.0
9,9,0.0,0.0,0.0,0.0,0.0,0.0,0.0,0.0,0.0,1.0,0.0
9,9,0.0,0.0,0.0,0.0,0.0,0.0,0.0,0.0,0.0,1.0,0.0
9,9,0.0,0.0,0.0,0.0,0.0,0.0,0.0,0.0,0.0,1.0,0.0
9,9,0.0,0.0,0.0,0.0,0.0,0.0,0.0,0.0,0.0,1.0,0.0
9,9,0.0,0.0,0.0,0.0,0.0,0.0,0.0,0.0,0.0,1.0,0.0
9,9,0.0,0.0,0.0,0.0,0.0,0.0,0.0,0.0,0.0,1.0,0.0
9,9,0.0,0.0,0.0,0.0,0.0,0.0,0.0,0.0,0.0,1.0,0.0
9,9,0.0,0.0,0.0,0.0,0.0,0.0,0.0,0.0,0.0,1.0,0.0
9,9,0.0,0.0,0.0,0.0,0.0,0.0,0.0,0.0,0.0,1.0,0.0
9,9,0.0,0.0,0.0,0.0,0.0,0.0,0.0,0.0,0.0,1.0,0.0
9,9,0.0,0.0,0.0,0.0,0.0,0.0,0.0,0.0,0.0,1.0,0.0
9,9,0.0,0.0,0.0,0.0,0.0,0.0,0.0,0.0,0.0,1.0,0.0
9,9,0.0,0.0,0.0,0.0,0.0,0.0,0.0,0.0,0.0,1.0,0.0
9,9,0.0,0.0,0.0,0.0,0.0,0.0,0.0,0.0,0.0,1.0,0.0
9,9,0.0,0.0,0.0,0.0,0.0,0.0,0.0,0.0,0.0,1.0,0.0
9,9,0.0,0.0,0.0,0.0,0.0,0.0,0.0,0.0,0.0,1.0,0.0
9,9,0.0,0.0,0.0,0.0,0.0,0.0,0.0,0.0,0.0,1.0,0.0
9,9,0.0,0.0,0.0,0.0,0.0,0.0,0.0,0.0,0.0,1.0,0.0
9,9,0.0,0.0,0.0,0.0,0.0,0.0,0.0,0.0,0.0,1.0,0.0
9,9,0.0,0.0,0.0,0.0,0.0,0.0,0.0,0.0,0.0,1.0,0.0
9,9,0.0,0.0,0.0,0.0,0.0,0.0,0.0,0.0,0.0,1.0,0.0
9,9,0.0,0.0,0.0,0.0,0.0,0.0,0.0,0.0,0.0,1.0,0.0
9,9,0.0,0.0,0.0,0.0,0.0,0.0,0.0,0.0,0.0,1.0,0.0
9,9,0.0,0.0,0.0,0.0,0.0,0.0,0.0,0.0,0.0,1.0,0.0
9,9,0.0,0.0,0.0,0.0,0.0,0.0,0.0,0.0,0.0,1.0,0.0
9,9,0.0,0.0,0.0,0.0,0.0,0.0,0.0,0.0,0.0,1.0,0.0
9,9,0.0,0.0,0.0,0.0,0.0,0.0,0.0,0.0,0.0,1.0,0.0
9,9,0.0,0.0,0.0,0.0,0.0,0.0,0.0,0.0,0.0,1.0,0.0
9,9,0.0,0.0,0.0,0.0,0.0,0.0,0.0,0.0,0.0,1.0,0.0
9,9,0.0,0.0,0.0,0.0,0.0,0.0,0.0,0.0,0.0,1.0,0.0
9,9,0.0,0.0,0.0,0.0,0.0,0.0,0.0,0.0,0.0,1.0,0.0
9,9,0.0,0.0,0.0,0.0,0.0,0.0,0.0,0.0,0.0,1.0,0.0
9,9,0.0,0.0,0.0,0.0,0.0,0.0,0.0,0.0,0.0,1.0,0.0
9,9,0.0,0.0,0.0,0.0,0.0,0.0,0.0,0.0,0.0,1.0,0.0
9,9,0.0,0.0,0.0,0.0,0.0,0.0,0.0,0.0,0.0,1.0,0.0
9,9,0.0,0.0,0.0,0.0,0.0,0.0,0.0,0.0,0.0,1.0,0.0
9,9,0.0,0.0,0.0,0.0,0.0,0.0,0.0,0.0,0.0,1.0,0.0
9,9,0.0,0.0,0.0,0.0,0.0,0.0,0.0,0.0,0.0,1.0,0.0
9,9,0.0,0.0,0.0,0.0,0.0,0.0,0.0,0.0,0.0,1.0,0.0
9,9,0.0,0.0,0.0,0.0,0.0,0.0,0.0,0.0,0.0,1.0,0.0
9,9,0.0,0.0,0.0,0.0,0.0,0.0,0.0,0.0,0.0,1.0,0.0
9,9,0.0,0.0,0.0,0.0,0.0,0.0,0.0,0.0,0.0,1.0,0.0
9,9,0.0,0.0,0.0,0.0,0.0,0.0,0.0,0.0,0.0,1.0,0.0
9,9,0.0,0.0,0.0,0.0,0.0,0.0,0.0,0.0,0.0,1.0,0.0
9,9,0.0,0.0,0.0,0.0,0.0,0.0,0.0,0.0,0.0,1.0,0.0
9,9,0.0,0.0,0.0,0.0,0.0,0.0,0.0,0.0,0.0,1.0,0.0
9,9,0.0,0.0,0.0,0.0,0.0,0.0,0.0,0.0,0.0,1.0,0.0
9,9,0.0,0.0,0.0,0.0,0.0,0.0,0.0,0.0,0.0,1.0,0.0
9,9,0.0,0.0,0.0,0.0,0.0,0.0,0.0,0.0,0.0,1.0,0.0
9,9,0.0,0.0,0.0,0.0,0.0,0.0,0.0,0.0,0.0,1.0,0.0
9,9,0.0,0.0,0.0,0.0,0.0,0.0,0.0,0.0,0.0,1.0,0.0
9,9,0.0,0.0,0.0,0.0,0.0,0.0,0.0,0.0,0.0,1.0,0.0
9,9,0.0,0.0,0.0,0.0,0.0,0.0,0.0,0.0,0.0,1.0,0.0
9,9,0.0,0.0,0.0,0.0,0.0,0.0,0.0,0.0,0.0,1.0,0.0
9,9,0.0,0.0,0.0,0.0,0.0,0.0,0.0,0.0,0.0,1.0,0.0
9,9,0.0,0.0,0.0,0.0,0.0,0.0,0.0,0.0,0.0,1.0,0.0
9,9,0.0,0.0,0.0,0.0,0.0,0.0,0.0,0.0,0.0,1.0,0.0
9,9,0.0,0.0,0.0,0.0,0.0,0.0,0.0,0.0,0.0,1.0,0.0
9,9,0.0,0.0,0.0,0.0,0.0,0.0,0.0,0.0,0.0,1.0,0.0
9,9,0.0,0.0,0.0,0.0,0.0,0.0,0.0,0.0,0.0,1.0,0.0
9,9,0.0,0.0,0.0,0.0,0.0,0.0,0.0,0.0,0.0,1.0,0.0
9,9,0.0,0.0,0.0,0.0,0.0,0.0,0.0,0.0,0.0,1.0,0.0
9,9,0.0,0.0,0.0,0.0,0.0,0.0,0.0,0.0,0.0,1.0,0.0
9,9,0.0,0.0,0.0,0.0,0.0,0.0,0.0,0.0,0.0,1.0,0.0
9,9,0.0,0.0,0.0,0.0,0.0,0.0,0.0,0.0,0.0,1.0,0.0
9,9,0.0,0.0,0.0,0.0,0.0,0.0,0.0,0.0,0.0,1.0,0.0
9,9,0.0,0.0,0.0,0.0,0.0,0.0,0.0,0.0,0.0,1.0,0.0
9,9,0.0,0.0,0.0,0.0,0.0,0.0,0.0,0.0,0.0,1.0,0.0
9,9,0.0,0.0,0.0,0.0,0.0,0.0,0.0,0.0,0.0,1.0,0.0
9,9,0.0,0.0,0.0,0.0,0.0,0.0,0.0,0.0,0.0,1.0,0.0
9,9,0.0,0.0,0.0,0.0,0.0,0.0,0.0,0.0,0.0,1.0,0.0
9,9,0.0,0.0,0.0,0.0,0.0,0.0,0.0,0.0,0.0,1.0,0.0
9,9,0.0,0.0,0.0,0.0,0.0,0.0,0.0,0.0,0.0,1.0,0.0
9,9,0.0,0.0,0.0,0.0,0.0,0.0,0.0,0.0,0.0,1.0,0.0
9,9,0.0,0.0,0.0,0.0,0.0,0.0,0.0,0.0,0.0,1.0,0.0
9,9,0.0,0.0,0.0,0.0,0.0,0.0,0.0,0.0,0.0,1.0,0.0
9,9,0.0,0.0,0.0,0.0,0.0,0.0,0.0,0.0,0.0,1.0,0.0
9,9,0.0,0.0,0.0,0.0,0.0,0.0,0.0,0.0,0.0,1.0,0.0
9,9,0.0,0.0,0.0,0.0,0.0,0.0,0.0,0.0,0.0,1.0,0.0
9,9,0.0,0.0,0.0,0.0,0.0,0.0,0.0,0.0,0.0,1.0,0.0
9,9,0.0,0.0,0.0,0.0,0.0,0.0,0.0,0.0,0.0,1.0,0.0
9,9,0.0,0.0,0.0,0.0,0.0,0.0,0.0,0.0,0.0,1.0,0.0
9,9,0.0,0.0,0.0,0.0,0.0,0.0,0.0,0.0,0.0,1.0,0.0
9,9,0.0,0.0,0.0,0.0,0.0,0.0,0.0,0.0,0.0,1.0,0.0
9,9,0.0,0.0,0.0,0.0,0.0,0.0,0.0,0.0,0.0,1.0,0.0
9,9,0.0,0.0,0.0,0.0,0.0,0.0,0.0,0.0,0.0,1.0,0.0
9,9,0.0,0.0,0.0,0.0,0.0,0.0,0.0,0.0,0.0,1.0,0.0
9,9,0.0,0.0,0.0,0.0,0.0,0.0,0.0,0.0,0.0,1.0,0.0
9,9,0.0,0.0,0.0,0.0,0.0,0.0,0.0,0.0,0.0,1.0,0.0
9,9,0.0,0.0,0.0,0.0,0.0,0.0,0.0,0.0,0.0,1.0,0.0
9,9,0.0,0.0,0.0,0.0,0.0,0.0,0.0,0.0,0.0,1.0,0.0
9,9,0.0,0.0,0.0,0.0,0.0,0.0,0.0,0.0,0.0,1.0,0.0
9,9,0.0,0.0,0.0,0.0,0.0,0.0,0.0,0.0,0.0,1.0,0.0
9,9,0.0,0.0,0.0,0.0,0.0,0.0,0.0,0.0,0.0,1.0,0.0
9,9,0.0,0.0,0.0,0.0,0.0,0.0,0.0,0.0,0.0,1.0,0.0
9,9,0.0,0.0,0.0,0.0,0.0,0.0,0.0,0.0,0.0,1.0,0.0
9,9,0.0,0.0,0.0,0.0,0.0,0.0,0.0,0.0,0.0,1.0,0.0
9,9,0.0,0.0,0.0,0.0,0.0,0.0,0.0,0.0,0.0,1.0,0.0
9,9,0.0,0.0,0.0,0.0,0.0,0.0,0.0,0.0,0.0,1.0,0.0
9,9,0.0,0.0,0.0,0.0,0.0,0.0,0.0,0.0,0.0,1.0,0.0
9,9,0.0,0.0,0.0,0.0,0.0,0.0,0.0,0.0,0.0,1.0,0.0
9,9,0.0,0.0,0.0,0.0,0.0,0.0,0.0,0.0,0.0,1.0,0.0
9,9,0.0,0.0,0.0,0.0,0.0,0.0,0.0,0.0,0.0,1.0,0.0
9,9,0.0,0.0,0.0,0.0,0.0,0.0,0.0,0.0,0.0,1.0,0.0
9,9,0.0,0.0,0.0,0.0,0.0,0.0,0.0,0.0,0.0,1.0,0.0
9,9,0.0,0.0,0.0,0.0,0.0,0.0,0.0,0.0,0.0,1.0,0.0
9,9,0.0,0.0,0.0,0.0,0.0,0.0,0.0,0.0,0.0,1.0,0.0
9,9,0.0,0.0,0.0,0.0,0.0,0.0,0.0,0.0,0.0,1.0,0.0
9,9,0.0,0.0,0.0,0.0,0.0,0.0,0.0,0.0,0.0,1.0,0.0
9,9,0.0,0.0,0.0,0.0,0.0,0.0,0.0,0.0,0.0,1.0,0.0
9,9,0.0,0.0,0.0,0.0,0.0,0.0,0.0,0.0,0.0,1.0,0.0
9,9,0.0,0.0,0.0,0.0,0.0,0.0,0.0,0.0,0.0,1.0,0.0
9,9,0.0,0.0,0.0,0.0,0.0,0.0,0.0,0.0,0.0,1.0,0.0
9,9,0.0,0.0,0.0,0.0,0.0,0.0,0.0,0.0,0.0,1.0,0.0
9,9,0.0,0.0,0.0,0.0,0.0,0.0,0.0,0.0,0.0,1.0,0.0
9,9,0.0,0.0,0.0,0.0,0.0,0.0,0.0,0.0,0.0,1.0,0.0
9,9,0.0,0.0,0.0,0.0,0.0,0.0,0.0,0.0,0.0,1.0,0.0
9,9,0.0,0.0,0.0,0.0,0.0,0.0,0.0,0.0,0.0,1.0,0.0
9,9,0.0,0.0,0.0,0.0,0.0,0.0,0.0,0.0,0.0,1.0,0.0
9,9,0.0,0.0,0.0,0.0,0.0,0.0,0.0,0.0,0.0,1.0,0.0
9,9,0.0,0.0,0.0,0.0,0.0,0.0,0.0,0.0,0.0,1.0,0.0
9,9,0.0,0.0,0.0,0.0,0.0,0.0,0.0,0.0,0.0,1.0,0.0
9,9,0.0,0.0,0.0,0.0,0.0,0.0,0.0,0.0,0.0,1.0,0.0
9,9,0.0,0.0,0.0,0.0,0.0,0.0,0.0,0.0,0.0,1.0,0.0
9,9,0.0,0.0,0.0,0.0,0.0,0.0,0.0,0.0,0.0,1.0,0.0
9,9,0.0,0.0,0.0,0.0,0.0,0.0,0.0,0.0,0.0,1.0,0.0
9,9,0.0,0.0,0.0,0.0,0.0,0.0,0.0,0.0,0.0,1.0,0.0
9,9,0.0,0.0,0.0,0.0,0.0,0.0,0.0,0.0,0.0,1.0,0.0
9,9,0.0,0.0,0.0,0.0,0.0,0.0,0.0,0.0,0.0,1.0,0.0
9,9,0.0,0.0,0.0,0.0,0.0,0.0,0.0,0.0,0.0,1.0,0.0
9,9,0.0,0.0,0.0,0.0,0.0,0.0,0.0,0.0,0.0,1.0,0.0
9,9,0.0,0.0,0.0,0.0,0.0,0.0,0.0,0.0,0.0,1.0,0.0
9,9,0.0,0.0,0.0,0.0,0.0,0.0,0.0,0.0,0.0,1.0,0.0
9,9,0.0,0.0,0.0,0.0,0.0,0.0,0.0,0.0,0.0,1.0,0.0
9,9,0.0,0.0,0.0,0.0,0.0,0.0,0.0,0.0,0.0,1.0,0.0
9,9,0.0,0.0,0.0,0.0,0.0,0.0,0.0,0.0,0.0,1.0,0.0
9,9,0.0,0.0,0.0,0.0,0.0,0.0,0.0,0.0,0.0,1.0,0.0
9,9,0.0,0.0,0.0,0.0,0.0,0.0,0.0,0.0,0.0,1.0,0.0
9,9,0.0,0.0,0.0,0.0,0.0,0.0,0.0,0.0,0.0,1.0,0.0
9,9,0.0,0.0,0.0,0.0,0.0,0.0,0.0,0.0,0.0,1.0,0.0
9,9,0.0,0.0,0.0,0.0,0.0,0.0,0.0,0.0,0.0,1.0,0.0
9,9,0.0,0.0,0.0,0.0,0.0,0.0,0.0,0.0,0.0,1.0,0.0
9,9,0.0,0.0,0.0,0.0,0.0,0.0,0.0,0.0,0.0,1.0,0.0
9,9,0.0,0.0,0.0,0.0,0.0,0.0,0.0,0.0,0.0,1.0,0.0
9,9,0.0,0.0,0.0,0.0,0.0,0.0,0.0,0.0,0.0,1.0,0.0
9,9,0.0,0.0,0.0,0.0,0.0,0.0,0.0,0.0,0.0,1.0,0.0
9,9,0.0,0.0,0.0,0.0,0.0,0.0,0.0,0.0,0.0,1.0,0.0
9,9,0.0,0.0,0.0,0.0,0.0,0.0,0.0,0.0,0.0,1.0,0.0
9,9,0.0,0.0,0.0,0.0,0.0,0.0,0.0,0.0,0.0,1.0,0.0
9,9,0.0,0.0,0.0,0.0,0.0,0.0,0.0,0.0,0.0,1.0,0.0
9,9,0.0,0.0,0.0,0.0,0.0,0.0,0.0,0.0,0.0,1.0,0.0
9,9,0.0,0.0,0.0,0.0,0.0,0.0,0.0,0.0,0.0,1.0,0.0
9,9,0.0,0.0,0.0,0.0,0.0,0.0,0.0,0.0,0.0,1.0,0.0
9,9,0.0,0.0,0.0,0.0,0.0,0.0,0.0,0.0,0.0,1.0,0.0
9,9,0.0,0.0,0.0,0.0,0.0,0.0,0.0,0.0,0.0,1.0,0.0
9,9,0.0,0.0,0.0,0.0,0.0,0.0,0.0,0.0,0.0,1.0,0.0
9,9,0.0,0.0,0.0,0.0,0.0,0.0,0.0,0.0,0.0,1.0,0.0
9,9,0.0,0.0,0.0,0.0,0.0,0.0,0.0,0.0,0.0,1.0,0.0
9,9,0.0,0.0,0.0,0.0,0.0,0.0,0.0,0.0,0.0,1.0,0.0
9,9,0.0,0.0,0.0,0.0,0.0,0.0,0.0,0.0,0.0,1.0,0.0
9,9,0.0,0.0,0.0,0.0,0.0,0.0,0.0,0.0,0.0,1.0,0.0
9,9,0.0,0.0,0.0,0.0,0.0,0.0,0.0,0.0,0.0,1.0,0.0
9,9,0.0,0.0,0.0,0.0,0.0,0.0,0.0,0.0,0.0,1.0,0.0
9,9,0.0,0.0,0.0,0.0,0.0,0.0,0.0,0.0,0.0,1.0,0.0
9,9,0.0,0.0,0.0,0.0,0.0,0.0,0.0,0.0,0.0,1.0,0.0
9,9,0.0,0.0,0.0,0.0,0.0,0.0,0.0,0.0,0.0,1.0,0.0
9,9,0.0,0.0,0.0,0.0,0.0,0.0,0.0,0.0,0.0,1.0,0.0
9,9,0.0,0.0,0.0,0.0,0.0,0.0,0.0,0.0,0.0,1.0,0.0
9,9,0.0,0.0,0.0,0.0,0.0,0.0,0.0,0.0,0.0,1.0,0.0
9,9,0.0,0.0,0.0,0.0,0.0,0.0,0.0,0.0,0.0,1.0,0.0
9,9,0.0,0.0,0.0,0.0,0.0,0.0,0.0,0.0,0.0,1.0,0.0
9,9,0.0,0.0,0.0,0.0,0.0,0.0,0.0,0.0,0.0,1.0,0.0
9,9,0.0,0.0,0.0,0.0,0.0,0.0,0.0,0.0,0.0,1.0,0.0
9,9,0.0,0.0,0.0,0.0,0.0,0.0,0.0,0.0,0.0,1.0,0.0
9,9,0.0,0.0,0.0,0.0,0.0,0.0,0.0,0.0,0.0,1.0,0.0
9,9,0.0,0.0,0.0,0.0,0.0,0.0,0.0,0.0,0.0,1.0,0.0
9,9,0.0,0.0,0.0,0.0,0.0,0.0,0.0,0.0,0.0,1.0,0.0
9,9,0.0,0.0,0.0,0.0,0.0,0.0,0.0,0.0,0.0,1.0,0.0
9,9,0.0,0.0,0.0,0.0,0.0,0.0,0.0,0.0,0.0,1.0,0.0
9,9,0.0,0.0,0.0,0.0,0.0,0.0,0.0,0.0,0.0,1.0,0.0
9,9,0.0,0.0,0.0,0.0,0.0,0.0,0.0,0.0,0.0,1.0,0.0
9,9,0.0,0.0,0.0,0.0,0.0,0.0,0.0,0.0,0.0,1.0,0.0
9,9,0.0,0.0,0.0,0.0,0.0,0.0,0.0,0.0,0.0,1.0,0.0
9,9,0.0,0.0,0.0,0.0,0.0,0.0,0.0,0.0,0.0,1.0,0.0
9,9,0.0,0.0,0.0,0.0,0.0,0.0,0.0,0.0,0.0,1.0,0.0
9,9,0.0,0.0,0.0,0.0,0.0,0.0,0.0,0.0,0.0,1.0,0.0
9,9,0.0,0.0,0.0,0.0,0.0,0.0,0.0,0.0,0.0,1.0,0.0
9,9,0.0,0.0,0.0,0.0,0.0,0.0,0.0,0.0,0.0,1.0,0.0
9,9,0.0,0.0,0.0,0.0,0.0,0.0,0.0,0.0,0.0,1.0,0.0
9,9,0.0,0.0,0.0,0.0,0.0,0.0,0.0,0.0,0.0,1.0,0.0
9,9,0.0,0.0,0.0,0.0,0.0,0.0,0.0,0.0,0.0,1.0,0.0
9,9,0.0,0.0,0.0,0.0,0.0,0.0,0.0,0.0,0.0,1.0,0.0
9,9,0.0,0.0,0.0,0.0,0.0,0.0,0.0,0.0,0.0,1.0,0.0
9,9,0.0,0.0,0.0,0.0,0.0,0.0,0.0,0.0,0.0,1.0,0.0
9,9,0.0,0.0,0.0,0.0,0.0,0.0,0.0,0.0,0.0,1.0,0.0
9,9,0.0,0.0,0.0,0.0,0.0,0.0,0.0,0.0,0.0,1.0,0.0
9,9,0.0,0.0,0.0,0.0,0.0,0.0,0.0,0.0,0.0,1.0,0.0
9,9,0.0,0.0,0.0,0.0,0.0,0.0,0.0,0.0,0.0,1.0,0.0
9,9,0.0,0.0,0.0,0.0,0.0,0.0,0.0,0.0,0.0,1.0,0.0
9,9,0.0,0.0,0.0,0.0,0.0,0.0,0.0,0.0,0.0,1.0,0.0
9,9,0.0,0.0,0.0,0.0,0.0,0.0,0.0,0.0,0.0,1.0,0.0
9,9,0.0,0.0,0.0,0.0,0.0,0.0,0.0,0.0,0.0,1.0,0.0
9,9,0.0,0.0,0.0,0.0,0.0,0.0,0.0,0.0,0.0,1.0,0.0
9,9,0.0,0.0,0.0,0.0,0.0,0.0,0.0,0.0,0.0,1.0,0.0
9,9,0.0,0.0,0.0,0.0,0.0,0.0,0.0,0.0,0.0,1.0,0.0
9,9,0.0,0.0,0.0,0.0,0.0,0.0,0.0,0.0,0.0,1.0,0.0
9,9,0.0,0.0,0.0,0.0,0.0,0.0,0.0,0.0,0.0,1.0,0.0
9,9,0.0,0.0,0.0,0.0,0.0,0.0,0.0,0.0,0.0,1.0,0.0
9,9,0.0,0.0,0.0,0.0,0.0,0.0,0.0,0.0,0.0,1.0,0.0
9,9,0.0,0.0,0.0,0.0,0.0,0.0,0.0,0.0,0.0,1.0,0.0
9,9,0.0,0.0,0.0,0.0,0.0,0.0,0.0,0.0,0.0,1.0,0.0
9,9,0.0,0.0,0.0,0.0,0.0,0.0,0.0,0.0,0.0,1.0,0.0
9,9,0.0,0.0,0.0,0.0,0.0,0.0,0.0,0.0,0.0,1.0,0.0
9,9,0.0,0.0,0.0,0.0,0.0,0.0,0.0,0.0,0.0,1.0,0.0
9,9,0.0,0.0,0.0,0.0,0.0,0.0,0.0,0.0,0.0,1.0,0.0
9,9,0.0,0.0,0.0,0.0,0.0,0.0,0.0,0.0,0.0,1.0,0.0
9,9,0.0,0.0,0.0,0.0,0.0,0.0,0.0,0.0,0.0,1.0,0.0
9,9,0.0,0.0,0.0,0.0,0.0,0.0,0.0,0.0,0.0,1.0,0.0
9,9,0.0,0.0,0.0,0.0,0.0,0.0,0.0,0.0,0.0,1.0,0.0
9,9,0.0,0.0,0.0,0.0,0.0,0.0,0.0,0.0,0.0,1.0,0.0
9,9,0.0,0.0,0.0,0.0,0.0,0.0,0.0,0.0,0.0,1.0,0.0
9,9,0.0,0.0,0.0,0.0,0.0,0.0,0.0,0.0,0.0,1.0,0.0
9,9,0.0,0.0,0.0,0.0,0.0,0.0,0.0,0.0,0.0,1.0,0.0
9,9,0.0,0.0,0.0,0.0,0.0,0.0,0.0,0.0,0.0,1.0,0.0
9,9,0.0,0.0,0.0,0.0,0.0,0.0,0.0,0.0,0.0,1.0,0.0
9,9,0.0,0.0,0.0,0.0,0.0,0.0,0.0,0.0,0.0,1.0,0.0
9,9,0.0,0.0,0.0,0.0,0.0,0.0,0.0,0.0,0.0,1.0,0.0
9,9,0.0,0.0,0.0,0.0,0.0,0.0,0.0,0.0,0.0,1.0,0.0
9,9,0.0,0.0,0.0,0.0,0.0,0.0,0.0,0.0,0.0,1.0,0.0
9,9,0.0,0.0,0.0,0.0,0.0,0.0,0.0,0.0,0.0,1.0,0.0
9,9,0.0,0.0,0.0,0.0,0.0,0.0,0.0,0.0,0.0,1.0,0.0
9,9,0.0,0.0,0.0,0.0,0.0,0.0,0.0,0.0,0.0,1.0,0.0
9,9,0.0,0.0,0.0,0.0,0.0,0.0,0.0,0.0,0.0,1.0,0.0
9,9,0.0,0.0,0.0,0.0,0.0,0.0,0.0,0.0,0.0,1.0,0.0
9,9,0.0,0.0,0.0,0.0,0.0,0.0,0.0,0.0,0.0,1.0,0.0
9,9,0.0,0.0,0.0,0.0,0.0,0.0,0.0,0.0,0.0,1.0,0.0
9,9,0.0,0.0,0.0,0.0,0.0,0.0,0.0,0.0,0.0,1.0,0.0
9,9,0.0,0.0,0.0,0.0,0.0,0.0,0.0,0.0,0.0,1.0,0.0
9,9,0.0,0.0,0.0,0.0,0.0,0.0,0.0,0.0,0.0,1.0,0.0
9,9,0.0,0.0,0.0,0.0,0.0,0.0,0.0,0.0,0.0,1.0,0.0
9,9,0.0,0.0,0.0,0.0,0.0,0.0,0.0,0.0,0.0,1.0,0.0
9,9,0.0,0.0,0.0,0.0,0.0,0.0,0.0,0.0,0.0,1.0,0.0
9,9,0.0,0.0,0.0,0.0,0.0,0.0,0.0,0.0,0.0,1.0,0.0
9,9,0.0,0.0,0.0,0.0,0.0,0.0,0.0,0.0,0.0,1.0,0.0
9,9,0.0,0.0,0.0,0.0,0.0,0.0,0.0,0.0,0.0,1.0,0.0
9,9,0.0,0.0,0.0,0.0,0.0,0.0,0.0,0.0,0.0,1.0,0.0
9,9,0.0,0.0,0.0,0.0,0.0,0.0,0.0,0.0,0.0,1.0,0.0
9,9,0.0,0.0,0.0,0.0,0.0,0.0,0.0,0.0,0.0,1.0,0.0
9,9,0.0,0.0,0.0,0.0,0.0,0.0,0.0,0.0,0.0,1.0,0.0
9,9,0.0,0.0,0.0,0.0,0.0,0.0,0.0,0.0,0.0,1.0,0.0
9,9,0.0,0.0,0.0,0.0,0.0,0.0,0.0,0.0,0.0,1.0,0.0
9,9,0.0,0.0,0.0,0.0,0.0,0.0,0.0,0.0,0.0,1.0,0.0
9,9,0.0,0.0,0.0,0.0,0.0,0.0,0.0,0.0,0.0,1.0,0.0
9,9,0.0,0.0,0.0,0.0,0.0,0.0,0.0,0.0,0.0,1.0,0.0
9,9,0.0,0.0,0.0,0.0,0.0,0.0,0.0,0.0,0.0,1.0,0.0
9,9,0.0,0.0,0.0,0.0,0.0,0.0,0.0,0.0,0.0,1.0,0.0
9,9,0.0,0.0,0.0,0.0,0.0,0.0,0.0,0.0,0.0,1.0,0.0
9,9,0.0,0.0,0.0,0.0,0.0,0.0,0.0,0.0,0.0,1.0,0.0
9,9,0.0,0.0,0.0,0.0,0.0,0.0,0.0,0.0,0.0,1.0,0.0
9,9,0.0,0.0,0.0,0.0,0.0,0.0,0.0,0.0,0.0,1.0,0.0
9,9,0.0,0.0,0.0,0.0,0.0,0.0,0.0,0.0,0.0,1.0,0.0
9,9,0.0,0.0,0.0,0.0,0.0,0.0,0.0,0.0,0.0,1.0,0.0
9,9,0.0,0.0,0.0,0.0,0.0,0.0,0.0,0.0,0.0,1.0,0.0
9,9,0.0,0.0,0.0,0.0,0.0,0.0,0.0,0.0,0.0,1.0,0.0
9,9,0.0,0.0,0.0,0.0,0.0,0.0,0.0,0.0,0.0,1.0,0.0
9,9,0.0,0.0,0.0,0.0,0.0,0.0,0.0,0.0,0.0,1.0,0.0
9,9,0.0,0.0,0.0,0.0,0.0,0.0,0.0,0.0,0.0,1.0,0.0
9,9,0.0,0.0,0.0,0.0,0.0,0.0,0.0,0.0,0.0,1.0,0.0
9,9,0.0,0.0,0.0,0.0,0.0,0.0,0.0,0.0,0.0,1.0,0.0
9,9,0.0,0.0,0.0,0.0,0.0,0.0,0.0,0.0,0.0,1.0,0.0
9,9,0.0,0.0,0.0,0.0,0.0,0.0,0.0,0.0,0.0,1.0,0.0
9,9,0.0,0.0,0.0,0.0,0.0,0.0,0.0,0.0,0.0,1.0,0.0
9,9,0.0,0.0,0.0,0.0,0.0,0.0,0.0,0.0,0.0,1.0,0.0
9,9,0.0,0.0,0.0,0.0,0.0,0.0,0.0,0.0,0.0,1.0,0.0
9,9,0.0,0.0,0.0,0.0,0.0,0.0,0.0,0.0,0.0,1.0,0.0
9,9,0.0,0.0,0.0,0.0,0.0,0.0,0.0,0.0,0.0,1.0,0.0
9,9,0.0,0.0,0.0,0.0,0.0,0.0,0.0,0.0,0.0,1.0,0.0
9,9,0.0,0.0,0.0,0.0,0.0,0.0,0.0,0.0,0.0,1.0,0.0
9,9,0.0,0.0,0.0,0.0,0.0,0.0,0.0,0.0,0.0,1.0,0.0
9,9,0.0,0.0,0.0,0.0,0.0,0.0,0.0,0.0,0.0,1.0,0.0
9,9,0.0,0.0,0.0,0.0,0.0,0.0,0.0,0.0,0.0,1.0,0.0
9,9,0.0,0.0,0.0,0.0,0.0,0.0,0.0,0.0,0.0,1.0,0.0
9,9,0.0,0.0,0.0,0.0,0.0,0.0,0.0,0.0,0.0,1.0,0.0
9,9,0.0,0.0,0.0,0.0,0.0,0.0,0.0,0.0,0.0,1.0,0.0
9,9,0.0,0.0,0.0,0.0,0.0,0.0,0.0,0.0,0.0,1.0,0.0
9,9,0.0,0.0,0.0,0.0,0.0,0.0,0.0,0.0,0.0,1.0,0.0
9,9,0.0,0.0,0.0,0.0,0.0,0.0,0.0,0.0,0.0,1.0,0.0
9,9,0.0,0.0,0.0,0.0,0.0,0.0,0.0,0.0,0.0,1.0,0.0
9,9,0.0,0.0,0.0,0.0,0.0,0.0,0.0,0.0,0.0,1.0,0.0
9,9,0.0,0.0,0.0,0.0,0.0,0.0,0.0,0.0,0.0,1.0,0.0
9,9,0.0,0.0,0.0,0.0,0.0,0.0,0.0,0.0,0.0,1.0,0.0
9,9,0.0,0.0,0.0,0.0,0.0,0.0,0.0,0.0,0.0,1.0,0.0
9,9,0.0,0.0,0.0,0.0,0.0,0.0,0.0,0.0,0.0,1.0,0.0
9,9,0.0,0.0,0.0,0.0,0.0,0.0,0.0,0.0,0.0,1.0,0.0
9,9,0.0,0.0,0.0,0.0,0.0,0.0,0.0,0.0,0.0,1.0,0.0
9,9,0.0,0.0,0.0,0.0,0.0,0.0,0.0,0.0,0.0,1.0,0.0
9,9,0.0,0.0,0.0,0.0,0.0,0.0,0.0,0.0,0.0,1.0,0.0
9,9,0.0,0.0,0.0,0.0,0.0,0.0,0.0,0.0,0.0,1.0,0.0
9,9,0.0,0.0,0.0,0.0,0.0,0.0,0.0,0.0,0.0,1.0,0.0
9,9,0.0,0.0,0.0,0.0,0.0,0.0,0.0,0.0,0.0,1.0,0.0
9,9,0.0,0.0,0.0,0.0,0.0,0.0,0.0,0.0,0.0,1.0,0.0
9,9,0.0,0.0,0.0,0.0,0.0,0.0,0.0,0.0,0.0,1.0,0.0
9,9,0.0,0.0,0.0,0.0,0.0,0.0,0.0,0.0,0.0,1.0,0.0
9,9,0.0,0.0,0.0,0.0,0.0,0.0,0.0,0.0,0.0,1.0,0.0
9,9,0.0,0.0,0.0,0.0,0.0,0.0,0.0,0.0,0.0,1.0,0.0
9,9,0.0,0.0,0.0,0.0,0.0,0.0,0.0,0.0,0.0,1.0,0.0
9,9,0.0,0.0,0.0,0.0,0.0,0.0,0.0,0.0,0.0,1.0,0.0
9,9,0.0,0.0,0.0,0.0,0.0,0.0,0.0,0.0,0.0,1.0,0.0
9,9,0.0,0.0,0.0,0.0,0.0,0.0,0.0,0.0,0.0,1.0,0.0
9,9,0.0,0.0,0.0,0.0,0.0,0.0,0.0,0.0,0.0,1.0,0.0
9,9,0.0,0.0,0.0,0.0,0.0,0.0,0.0,0.0,0.0,1.0,0.0
9,9,0.0,0.0,0.0,0.0,0.0,0.0,0.0,0.0,0.0,1.0,0.0
9,9,0.0,0.0,0.0,0.0,0.0,0.0,0.0,0.0,0.0,1.0,0.0
9,9,0.0,0.0,0.0,0.0,0.0,0.0,0.0,0.0,0.0,1.0,0.0
9,9,0.0,0.0,0.0,0.0,0.0,0.0,0.0,0.0,0.0,1.0,0.0
9,9,0.0,0.0,0.0,0.0,0.0,0.0,0.0,0.0,0.0,1.0,0.0
9,9,0.0,0.0,0.0,0.0,0.0,0.0,0.0,0.0,0.0,1.0,0.0
9,9,0.0,0.0,0.0,0.0,0.0,0.0,0.0,0.0,0.0,1.0,0.0
9,9,0.0,0.0,0.0,0.0,0.0,0.0,0.0,0.0,0.0,1.0,0.0
9,9,0.0,0.0,0.0,0.0,0.0,0.0,0.0,0.0,0.0,1.0,0.0
9,9,0.0,0.0,0.0,0.0,0.0,0.0,0.0,0.0,0.0,1.0,0.0
9,9,0.0,0.0,0.0,0.0,0.0,0.0,0.0,0.0,0.0,1.0,0.0
9,9,0.0,0.0,0.0,0.0,0.0,0.0,0.0,0.0,0.0,1.0,0.0
9,9,0.0,0.0,0.0,0.0,0.0,0.0,0.0,0.0,0.0,1.0,0.0
9,9,0.0,0.0,0.0,0.0,0.0,0.0,0.0,0.0,0.0,1.0,0.0
9,9,0.0,0.0,0.0,0.0,0.0,0.0,0.0,0.0,0.0,1.0,0.0
9,9,0.0,0.0,0.0,0.0,0.0,0.0,0.0,0.0,0.0,1.0,0.0
9,9,0.0,0.0,0.0,0.0,0.0,0.0,0.0,0.0,0.0,1.0,0.0
9,9,0.0,0.0,0.0,0.0,0.0,0.0,0.0,0.0,0.0,1.0,0.0
9,9,0.0,0.0,0.0,0.0,0.0,0.0,0.0,0.0,0.0,1.0,0.0
9,9,0.0,0.0,0.0,0.0,0.0,0.0,0.0,0.0,0.0,1.0,0.0
9,9,0.0,0.0,0.0,0.0,0.0,0.0,0.0,0.0,0.0,1.0,0.0
9,9,0.0,0.0,0.0,0.0,0.0,0.0,0.0,0.0,0.0,1.0,0.0
9,9,0.0,0.0,0.0,0.0,0.0,0.0,0.0,0.0,0.0,1.0,0.0
9,9,0.0,0.0,0.0,0.0,0.0,0.0,0.0,0.0,0.0,1.0,0.0
9,9,0.0,0.0,0.0,0.0,0.0,0.0,0.0,0.0,0.0,1.0,0.0
9,9,0.0,0.0,0.0,0.0,0.0,0.0,0.0,0.0,0.0,1.0,0.0
9,9,0.0,0.0,0.0,0.0,0.0,0.0,0.0,0.0,0.0,1.0,0.0
9,9,0.0,0.0,0.0,0.0,0.0,0.0,0.0,0.0,0.0,1.0,0.0
9,9,0.0,0.0,0.0,0.0,0.0,0.0,0.0,0.0,0.0,1.0,0.0
9,9,0.0,0.0,0.0,0.0,0.0,0.0,0.0,0.0,0.0,1.0,0.0
9,9,0.0,0.0,0.0,0.0,0.0,0.0,0.0,0.0,0.0,1.0,0.0
9,9,0.0,0.0,0.0,0.0,0.0,0.0,0.0,0.0,0.0,1.0,0.0
9,9,0.0,0.0,0.0,0.0,0.0,0.0,0.0,0.0,0.0,1.0,0.0
9,9,0.0,0.0,0.0,0.0,0.0,0.0,0.0,0.0,0.0,1.0,0.0
9,9,0.0,0.0,0.0,0.0,0.0,0.0,0.0,0.0,0.0,1.0,0.0
9,9,0.0,0.0,0.0,0.0,0.0,0.0,0.0,0.0,0.0,1.0,0.0
9,9,0.0,0.0,0.0,0.0,0.0,0.0,0.0,0.0,0.0,1.0,0.0
9,9,0.0,0.0,0.0,0.0,0.0,0.0,0.0,0.0,0.0,1.0,0.0
9,9,0.0,0.0,0.0,0.0,0.0,0.0,0.0,0.0,0.0,1.0,0.0
9,9,0.0,0.0,0.0,0.0,0.0,0.0,0.0,0.0,0.0,1.0,0.0
9,9,0.0,0.0,0.0,0.0,0.0,0.0,0.0,0.0,0.0,1.0,0.0
9,9,0.0,0.0,0.0,0.0,0.0,0.0,0.0,0.0,0.0,1.0,0.0
9,9,0.0,0.0,0.0,0.0,0.0,0.0,0.0,0.0,0.0,1.0,0.0
9,9,0.0,0.0,0.0,0.0,0.0,0.0,0.0,0.0,0.0,1.0,0.0
9,9,0.0,0.0,0.0,0.0,0.0,0.0,0.0,0.0,0.0,1.0,0.0
9,9,0.0,0.0,0.0,0.0,0.0,0.0,0.0,0.0,0.0,1.0,0.0
9,9,0.0,0.0,0.0,0.0,0.0,0.0,0.0,0.0,0.0,1.0,0.0
9,9,0.0,0.0,0.0,0.0,0.0,0.0,0.0,0.0,0.0,1.0,0.0
9,9,0.0,0.0,0.0,0.0,0.0,0.0,0.0,0.0,0.0,1.0,0.0
9,9,0.0,0.0,0.0,0.0,0.0,0.0,0.0,0.0,0.0,1.0,0.0
9,9,0.0,0.0,0.0,0.0,0.0,0.0,0.0,0.0,0.0,1.0,0.0
9,9,0.0,0.0,0.0,0.0,0.0,0.0,0.0,0.0,0.0,1.0,0.0
9,9,0.0,0.0,0.0,0.0,0.0,0.0,0.0,0.0,0.0,1.0,0.0
9,9,0.0,0.0,0.0,0.0,0.0,0.0,0.0,0.0,0.0,1.0,0.0
9,9,0.0,0.0,0.0,0.0,0.0,0.0,0.0,0.0,0.0,1.0,0.0
9,9,0.0,0.0,0.0,0.0,0.0,0.0,0.0,0.0,0.0,1.0,0.0
9,9,0.0,0.0,0.0,0.0,0.0,0.0,0.0,0.0,0.0,1.0,0.0
9,9,0.0,0.0,0.0,0.0,0.0,0.0,0.0,0.0,0.0,1.0,0.0
9,9,0.0,0.0,0.0,0.0,0.0,0.0,0.0,0.0,0.0,1.0,0.0
9,9,0.0,0.0,0.0,0.0,0.0,0.0,0.0,0.0,0.0,1.0,0.0
9,9,0.0,0.0,0.0,0.0,0.0,0.0,0.0,0.0,0.0,1.0,0.0
9,9,0.0,0.0,0.0,0.0,0.0,0.0,0.0,0.0,0.0,1.0,0.0
9,9,0.0,0.0,0.0,0.0,0.0,0.0,0.0,0.0,0.0,1.0,0.0
9,9,0.0,0.0,0.0,0.0,0.0,0.0,0.0,0.0,0.0,1.0,0.0
9,9,0.0,0.0,0.0,0.0,0.0,0.0,0.0,0.0,0.0,1.0,0.0
9,9,0.0,0.0,0.0,0.0,0.0,0.0,0.0,0.0,0.0,1.0,0.0
9,9,0.0,0.0,0.0,0.0,0.0,0.0,0.0,0.0,0.0,1.0,0.0
9,9,0.0,0.0,0.0,0.0,0.0,0.0,0.0,0.0,0.0,1.0,0.0
9,9,0.0,0.0,0.0,0.0,0.0,0.0,0.0,0.0,0.0,1.0,0.0
9,9,0.0,0.0,0.0,0.0,0.0,0.0,0.0,0.0,0.0,1.0,0.0
9,9,0.0,0.0,0.0,0.0,0.0,0.0,0.0,0.0,0.0,1.0,0.0
9,9,0.0,0.0,0.0,0.0,0.0,0.0,0.0,0.0,0.0,1.0,0.0
9,9,0.0,0.0,0.0,0.0,0.0,0.0,0.0,0.0,0.0,1.0,0.0
9,9,0.0,0.0,0.0,0.0,0.0,0.0,0.0,0.0,0.0,1.0,0.0
9,9,0.0,0.0,0.0,0.0,0.0,0.0,0.0,0.0,0.0,1.0,0.0
9,9,0.0,0.0,0.0,0.0,0.0,0.0,0.0,0.0,0.0,1.0,0.0
9,9,0.0,0.0,0.0,0.0,0.0,0.0,0.0,0.0,0.0,1.0,0.0
9,9,0.0,0.0,0.0,0.0,0.0,0.0,0.0,0.0,0.0,1.0,0.0
9,9,0.0,0.0,0.0,0.0,0.0,0.0,0.0,0.0,0.0,1.0,0.0
9,9,0.0,0.0,0.0,0.0,0.0,0.0,0.0,0.0,0.0,1.0,0.0
9,9,0.0,0.0,0.0,0.0,0.0,0.0,0.0,0.0,0.0,1.0,0.0
9,9,0.0,0.0,0.0,0.0,0.0,0.0,0.0,0.0,0.0,1.0,0.0
9,9,0.0,0.0,0.0,0.0,0.0,0.0,0.0,0.0,0.0,1.0,0.0
9,9,0.0,0.0,0.0,0.0,0.0,0.0,0.0,0.0,0.0,1.0,0.0
9,9,0.0,0.0,0.0,0.0,0.0,0.0,0.0,0.0,0.0,1.0,0.0
9,9,0.0,0.0,0.0,0.0,0.0,0.0,0.0,0.0,0.0,1.0,0.0
9,9,0.0,0.0,0.0,0.0,0.0,0.0,0.0,0.0,0.0,1.0,0.0
9,9,0.0,0.0,0.0,0.0,0.0,0.0,0.0,0.0,0.0,1.0,0.0
9,9,0.0,0.0,0.0,0.0,0.0,0.0,0.0,0.0,0.0,1.0,0.0
9,9,0.0,0.0,0.0,0.0,0.0,0.0,0.0,0.0,0.0,1.0,0.0
9,9,0.0,0.0,0.0,0.0,0.0,0.0,0.0,0.0,0.0,1.0,0.0
9,9,0.0,0.0,0.0,0.0,0.0,0.0,0.0,0.0,0.0,1.0,0.0
9,9,0.0,0.0,0.0,0.0,0.0,0.0,0.0,0.0,0.0,1.0,0.0
9,9,0.0,0.0,0.0,0.0,0.0,0.0,0.0,0.0,0.0,1.0,0.0
9,9,0.0,0.0,0.0,0.0,0.0,0.0,0.0,0.0,0.0,1.0,0.0
9,9,0.0,0.0,0.0,0.0,0.0,0.0,0.0,0.0,0.0,1.0,0.0
9,9,0.0,0.0,0.0,0.0,0.0,0.0,0.0,0.0,0.0,1.0,0.0
9,9,0.0,0.0,0.0,0.0,0.0,0.0,0.0,0.0,0.0,1.0,0.0
9,9,0.0,0.0,0.0,0.0,0.0,0.0,0.0,0.0,0.0,1.0,0.0
9,9,0.0,0.0,0.0,0.0,0.0,0.0,0.0,0.0,0.0,1.0,0.0
9,9,0.0,0.0,0.0,0.0,0.0,0.0,0.0,0.0,0.0,1.0,0.0
9,9,0.0,0.0,0.0,0.0,0.0,0.0,0.0,0.0,0.0,1.0,0.0
9,9,0.0,0.0,0.0,0.0,0.0,0.0,0.0,0.0,0.0,1.0,0.0
9,9,0.0,0.0,0.0,0.0,0.0,0.0,0.0,0.0,0.0,1.0,0.0
9,9,0.0,0.0,0.0,0.0,0.0,0.0,0.0,0.0,0.0,1.0,0.0
9,9,0.0,0.0,0.0,0.0,0.0,0.0,0.0,0.0,0.0,1.0,0.0
9,9,0.0,0.0,0.0,0.0,0.0,0.0,0.0,0.0,0.0,1.0,0.0
9,9,0.0,0.0,0.0,0.0,0.0,0.0,0.0,0.0,0.0,1.0,0.0
9,9,0.0,0.0,0.0,0.0,0.0,0.0,0.0,0.0,0.0,1.0,0.0
9,9,0.0,0.0,0.0,0.0,0.0,0.0,0.0,0.0,0.0,1.0,0.0
9,9,0.0,0.0,0.0,0.0,0.0,0.0,0.0,0.0,0.0,1.0,0.0
9,9,0.0,0.0,0.0,0.0,0.0,0.0,0.0,0.0,0.0,1.0,0.0
9,9,0.0,0.0,0.0,0.0,0.0,0.0,0.0,0.0,0.0,1.0,0.0
9,9,0.0,0.0,0.0,0.0,0.0,0.0,0.0,0.0,0.0,1.0,0.0
9,9,0.0,0.0,0.0,0.0,0.0,0.0,0.0,0.0,0.0,1.0,0.0
9,9,0.0,0.0,0.0,0.0,0.0,0.0,0.0,0.0,0.0,1.0,0.0
9,9,0.0,0.0,0.0,0.0,0.0,0.0,0.0,0.0,0.0,1.0,0.0
9,9,0.0,0.0,0.0,0.0,0.0,0.0,0.0,0.0,0.0,1.0,0.0
9,9,0.0,0.0,0.0,0.0,0.0,0.0,0.0,0.0,0.0,1.0,0.0
9,9,0.0,0.0,0.0,0.0,0.0,0.0,0.0,0.0,0.0,1.0,0.0
9,9,0.0,0.0,0.0,0.0,0.0,0.0,0.0,0.0,0.0,1.0,0.0
9,9,0.0,0.0,0.0,0.0,0.0,0.0,0.0,0.0,0.0,1.0,0.0
9,9,0.0,0.0,0.0,0.0,0.0,0.0,0.0,0.0,0.0,1.0,0.0
9,9,0.0,0.0,0.0,0.0,0.0,0.0,0.0,0.0,0.0,1.0,0.0
9,9,0.0,0.0,0.0,0.0,0.0,0.0,0.0,0.0,0.0,1.0,0.0
9,9,0.0,0.0,0.0,0.0,0.0,0.0,0.0,0.0,0.0,1.0,0.0
9,9,0.0,0.0,0.0,0.0,0.0,0.0,0.0,0.0,0.0,1.0,0.0
9,9,0.0,0.0,0.0,0.0,0.0,0.0,0.0,0.0,0.0,1.0,0.0
9,9,0.0,0.0,0.0,0.0,0.0,0.0,0.0,0.0,0.0,1.0,0.0
9,9,0.0,0.0,0.0,0.0,0.0,0.0,0.0,0.0,0.0,1.0,0.0
9,9,0.0,0.0,0.0,0.0,0.0,0.0,0.0,0.0,0.0,1.0,0.0
9,9,0.0,0.0,0.0,0.0,0.0,0.0,0.0,0.0,0.0,1.0,0.0
9,9,0.0,0.0,0.0,0.0,0.0,0.0,0.0,0.0,0.0,1.0,0.0
9,9,0.0,0.0,0.0,0.0,0.0,0.0,0.0,0.0,0.0,1.0,0.0
9,9,0.0,0.0,0.0,0.0,0.0,0.0,0.0,0.0,0.0,1.0,0.0
9,9,0.0,0.0,0.0,0.0,0.0,0.0,0.0,0.0,0.0,1.0,0.0
9,9,0.0,0.0,0.0,0.0,0.0,0.0,0.0,0.0,0.0,1.0,0.0
9,9,0.0,0.0,0.0,0.0,0.0,0.0,0.0,0.0,0.0,1.0,0.0
9,9,0.0,0.0,0.0,0.0,0.0,0.0,0.0,0.0,0.0,1.0,0.0
9,9,0.0,0.0,0.0,0.0,0.0,0.0,0.0,0.0,0.0,1.0,0.0
9,9,0.0,0.0,0.0,0.0,0.0,0.0,0.0,0.0,0.0,1.0,0.0
9,9,0.0,0.0,0.0,0.0,0.0,0.0,0.0,0.0,0.0,1.0,0.0
9,9,0.0,0.0,0.0,0.0,0.0,0.0,0.0,0.0,0.0,1.0,0.0
9,9,0.0,0.0,0.0,0.0,0.0,0.0,0.0,0.0,0.0,1.0,0.0
9,9,0.0,0.0,0.0,0.0,0.0,0.0,0.0,0.0,0.0,1.0,0.0
9,9,0.0,0.0,0.0,0.0,0.0,0.0,0.0,0.0,0.0,1.0,0.0
9,9,0.0,0.0,0.0,0.0,0.0,0.0,0.0,0.0,0.0,1.0,0.0
9,9,0.0,0.0,0.0,0.0,0.0,0.0,0.0,0.0,0.0,1.0,0.0
9,9,0.0,0.0,0.0,0.0,0.0,0.0,0.0,0.0,0.0,1.0,0.0
9,9,0.0,0.0,0.0,0.0,0.0,0.0,0.0,0.0,0.0,1.0,0.0
9,9,0.0,0.0,0.0,0.0,0.0,0.0,0.0,0.0,0.0,1.0,0.0
9,9,0.0,0.0,0.0,0.0,0.0,0.0,0.0,0.0,0.0,1.0,0.0
9,9,0.0,0.0,0.0,0.0,0.0,0.0,0.0,0.0,0.0,1.0,0.0
9,9,0.0,0.0,0.0,0.0,0.0,0.0,0.0,0.0,0.0,1.0,0.0
9,9,0.0,0.0,0.0,0.0,0.0,0.0,0.0,0.0,0.0,1.0,0.0
9,9,0.0,0.0,0.0,0.0,0.0,0.0,0.0,0.0,0.0,1.0,0.0
9,9,0.0,0.0,0.0,0.0,0.0,0.0,0.0,0.0,0.0,1.0,0.0
9,9,0.0,0.0,0.0,0.0,0.0,0.0,0.0,0.0,0.0,1.0,0.0
9,9,0.0,0.0,0.0,0.0,0.0,0.0,0.0,0.0,0.0,1.0,0.0
9,9,0.0,0.0,0.0,0.0,0.0,0.0,0.0,0.0,0.0,1.0,0.0
9,9,0.0,0.0,0.0,0.0,0.0,0.0,0.0,0.0,0.0,1.0,0.0
9,9,0.0,0.0,0.0,0.0,0.0,0.0,0.0,0.0,0.0,1.0,0.0
9,9,0.0,0.0,0.0,0.0,0.0,0.0,0.0,0.0,0.0,1.0,0.0
9,9,0.0,0.0,0.0,0.0,0.0,0.0,0.0,0.0,0.0,1.0,0.0
9,9,0.0,0.0,0.0,0.0,0.0,0.0,0.0,0.0,0.0,1.0,0.0
9,9,0.0,0.0,0.0,0.0,0.0,0.0,0.0,0.0,0.0,1.0,0.0
9,9,0.0,0.0,0.0,0.0,0.0,0.0,0.0,0.0,0.0,1.0,0.0
9,9,0.0,0.0,0.0,0.0,0.0,0.0,0.0,0.0,0.0,1.0,0.0
9,9,0.0,0.0,0.0,0.0,0.0,0.0,0.0,0.0,0.0,1.0,0.0
9,9,0.0,0.0,0.0,0.0,0.0,0.0,0.0,0.0,0.0,1.0,0.0
9,9,0.0,0.0,0.0,0.0,0.0,0.0,0.0,0.0,0.0,1.0,0.0
9,9,0.0,0.0,0.0,0.0,0.0,0.0,0.0,0.0,0.0,1.0,0.0
9,9,0.0,0.0,0.0,0.0,0.0,0.0,0.0,0.0,0.0,1.0,0.0
9,9,0.0,0.0,0.0,0.0,0.0,0.0,0.0,0.0,0.0,1.0,0.0
9,9,0.0,0.0,0.0,0.0,0.0,0.0,0.0,0.0,0.0,1.0,0.0
9,9,0.0,0.0,0.0,0.0,0.0,0.0,0.0,0.0,0.0,1.0,0.0
9,9,0.0,0.0,0.0,0.0,0.0,0.0,0.0,0.0,0.0,1.0,0.0
9,9,0.0,0.0,0.0,0.0,0.0,0.0,0.0,0.0,0.0,1.0,0.0
9,9,0.0,0.0,0.0,0.0,0.0,0.0,0.0,0.0,0.0,1.0,0.0
9,9,0.0,0.0,0.0,0.0,0.0,0.0,0.0,0.0,0.0,1.0,0.0
9,9,0.0,0.0,0.0,0.0,0.0,0.0,0.0,0.0,0.0,1.0,0.0
9,9,0.0,0.0,0.0,0.0,0.0,0.0,0.0,0.0,0.0,1.0,0.0
9,9,0.0,0.0,0.0,0.0,0.0,0.0,0.0,0.0,0.0,1.0,0.0
9,9,0.0,0.0,0.0,0.0,0.0,0.0,0.0,0.0,0.0,1.0,0.0
9,9,0.0,0.0,0.0,0.0,0.0,0.0,0.0,0.0,0.0,1.0,0.0
9,9,0.0,0.0,0.0,0.0,0.0,0.0,0.0,0.0,0.0,1.0,0.0
9,9,0.0,0.0,0.0,0.0,0.0,0.0,0.0,0.0,0.0,1.0,0.0
9,9,0.0,0.0,0.0,0.0,0.0,0.0,0.0,0.0,0.0,1.0,0.0
9,9,0.0,0.0,0.0,0.0,0.0,0.0,0.0,0.0,0.0,1.0,0.0
9,9,0.0,0.0,0.0,0.0,0.0,0.0,0.0,0.0,0.0,1.0,0.0
9,9,0.0,0.0,0.0,0.0,0.0,0.0,0.0,0.0,0.0,1.0,0.0
9,9,0.0,0.0,0.0,0.0,0.0,0.0,0.0,0.0,0.0,1.0,0.0
9,9,0.0,0.0,0.0,0.0,0.0,0.0,0.0,0.0,0.0,1.0,0.0
9,9,0.0,0.0,0.0,0.0,0.0,0.0,0.0,0.0,0.0,1.0,0.0
9,9,0.0,0.0,0.0,0.0,0.0,0.0,0.0,0.0,0.0,1.0,0.0
9,9,0.0,0.0,0.0,0.0,0.0,0.0,0.0,0.0,0.0,1.0,0.0
9,9,0.0,0.0,0.0,0.0,0.0,0.0,0.0,0.0,0.0,1.0,0.0
9,9,0.0,0.0,0.0,0.0,0.0,0.0,0.0,0.0,0.0,1.0,0.0
9,9,0.0,0.0,0.0,0.0,0.0,0.0,0.0,0.0,0.0,1.0,0.0
9,9,0.0,0.0,0.0,0.0,0.0,0.0,0.0,0.0,0.0,1.0,0.0
9,9,0.0,0.0,0.0,0.0,0.0,0.0,0.0,0.0,0.0,1.0,0.0
9,9,0.0,0.0,0.0,0.0,0.0,0.0,0.0,0.0,0.0,1.0,0.0
9,9,0.0,0.0,0.0,0.0,0.0,0.0,0.0,0.0,0.0,1.0,0.0
9,9,0.0,0.0,0.0,0.0,0.0,0.0,0.0,0.0,0.0,1.0,0.0
9,9,0.0,0.0,0.0,0.0,0.0,0.0,0.0,0.0,0.0,1.0,0.0
9,9,0.0,0.0,0.0,0.0,0.0,0.0,0.0,0.0,0.0,1.0,0.0
9,9,0.0,0.0,0.0,0.0,0.0,0.0,0.0,0.0,0.0,1.0,0.0
9,9,0.0,0.0,0.0,0.0,0.0,0.0,0.0,0.0,0.0,1.0,0.0
9,9,0.0,0.0,0.0,0.0,0.0,0.0,0.0,0.0,0.0,1.0,0.0
9,9,0.0,0.0,0.0,0.0,0.0,0.0,0.0,0.0,0.0,1.0,0.0
9,9,0.0,0.0,0.0,0.0,0.0,0.0,0.0,0.0,0.0,1.0,0.0
9,9,0.0,0.0,0.0,0.0,0.0,0.0,0.0,0.0,0.0,1.0,0.0
9,9,0.0,0.0,0.0,0.0,0.0,0.0,0.0,0.0,0.0,1.0,0.0
9,9,0.0,0.0,0.0,0.0,0.0,0.0,0.0,0.0,0.0,1.0,0.0
9,9,0.0,0.0,0.0,0.0,0.0,0.0,0.0,0.0,0.0,1.0,0.0
9,9,0.0,0.0,0.0,0.0,0.0,0.0,0.0,0.0,0.0,1.0,0.0
9,9,0.0,0.0,0.0,0.0,0.0,0.0,0.0,0.0,0.0,1.0,0.0
9,9,0.0,0.0,0.0,0.0,0.0,0.0,0.0,0.0,0.0,1.0,0.0
9,9,0.0,0.0,0.0,0.0,0.0,0.0,0.0,0.0,0.0,1.0,0.0
9,9,0.0,0.0,0.0,0.0,0.0,0.0,0.0,0.0,0.0,1.0,0.0
9,9,0.0,0.0,0.0,0.0,0.0,0.0,0.0,0.0,0.0,1.0,0.0
9,9,0.0,0.0,0.0,0.0,0.0,0.0,0.0,0.0,0.0,1.0,0.0
9,9,0.0,0.0,0.0,0.0,0.0,0.0,0.0,0.0,0.0,1.0,0.0
9,9,0.0,0.0,0.0,0.0,0.0,0.0,0.0,0.0,0.0,1.0,0.0
9,9,0.0,0.0,0.0,0.0,0.0,0.0,0.0,0.0,0.0,1.0,0.0
9,9,0.0,0.0,0.0,0.0,0.0,0.0,0.0,0.0,0.0,1.0,0.0
9,9,0.0,0.0,0.0,0.0,0.0,0.0,0.0,0.0,0.0,1.0,0.0
9,9,0.0,0.0,0.0,0.0,0.0,0.0,0.0,0.0,0.0,1.0,0.0
9,9,0.0,0.0,0.0,0.0,0.0,0.0,0.0,0.0,0.0,1.0,0.0
9,9,0.0,0.0,0.0,0.0,0.0,0.0,0.0,0.0,0.0,1.0,0.0
9,9,0.0,0.0,0.0,0.0,0.0,0.0,0.0,0.0,0.0,1.0,0.0
9,9,0.0,0.0,0.0,0.0,0.0,0.0,0.0,0.0,0.0,1.0,0.0
9,9,0.0,0.0,0.0,0.0,0.0,0.0,0.0,0.0,0.0,1.0,0.0
9,9,0.0,0.0,0.0,0.0,0.0,0.0,0.0,0.0,0.0,1.0,0.0
9,9,0.0,0.0,0.0,0.0,0.0,0.0,0.0,0.0,0.0,1.0,0.0
9,9,0.0,0.0,0.0,0.0,0.0,0.0,0.0,0.0,0.0,1.0,0.0
9,9,0.0,0.0,0.0,0.0,0.0,0.0,0.0,0.0,0.0,1.0,0.0
9,9,0.0,0.0,0.0,0.0,0.0,0.0,0.0,0.0,0.0,1.0,0.0
9,9,0.0,0.0,0.0,0.0,0.0,0.0,0.0,0.0,0.0,1.0,0.0
9,9,0.0,0.0,0.0,0.0,0.0,0.0,0.0,0.0,0.0,1.0,0.0
9,9,0.0,0.0,0.0,0.0,0.0,0.0,0.0,0.0,0.0,1.0,0.0
9,9,0.0,0.0,0.0,0.0,0.0,0.0,0.0,0.0,0.0,1.0,0.0
9,9,0.0,0.0,0.0,0.0,0.0,0.0,0.0,0.0,0.0,1.0,0.0
9,9,0.0,0.0,0.0,0.0,0.0,0.0,0.0,0.0,0.0,1.0,0.0
9,9,0.0,0.0,0.0,0.0,0.0,0.0,0.0,0.0,0.0,1.0,0.0
9,9,0.0,0.0,0.0,0.0,0.0,0.0,0.0,0.0,0.0,1.0,0.0
9,9,0.0,0.0,0.0,0.0,0.0,0.0,0.0,0.0,0.0,1.0,0.0
9,9,0.0,0.0,0.0,0.0,0.0,0.0,0.0,0.0,0.0,1.0,0.0
9,9,0.0,0.0,0.0,0.0,0.0,0.0,0.0,0.0,0.0,1.0,0.0
9,9,0.0,0.0,0.0,0.0,0.0,0.0,0.0,0.0,0.0,1.0,0.0
9,9,0.0,0.0,0.0,0.0,0.0,0.0,0.0,0.0,0.0,1.0,0.0
9,9,0.0,0.0,0.0,0.0,0.0,0.0,0.0,0.0,0.0,1.0,0.0
9,9,0.0,0.0,0.0,0.0,0.0,0.0,0.0,0.0,0.0,1.0,0.0
9,9,0.0,0.0,0.0,0.0,0.0,0.0,0.0,0.0,0.0,1.0,0.0
9,9,0.0,0.0,0.0,0.0,0.0,0.0,0.0,0.0,0.0,1.0,0.0
9,9,0.0,0.0,0.0,0.0,0.0,0.0,0.0,0.0,0.0,1.0,0.0
9,9,0.0,0.0,0.0,0.0,0.0,0.0,0.0,0.0,0.0,1.0,0.0
9,9,0.0,0.0,0.0,0.0,0.0,0.0,0.0,0.0,0.0,1.0,0.0
9,9,0.0,0.0,0.0,0.0,0.0,0.0,0.0,0.0,0.0,1.0,0.0
9,9,0.0,0.0,0.0,0.0,0.0,0.0,0.0,0.0,0.0,1.0,0.0
9,9,0.0,0.0,0.0,0.0,0.0,0.0,0.0,0.0,0.0,1.0,0.0
9,9,0.0,0.0,0.0,0.0,0.0,0.0,0.0,0.0,0.0,1.0,0.0
9,9,0.0,0.0,0.0,0.0,0.0,0.0,0.0,0.0,0.0,1.0,0.0
9,9,0.0,0.0,0.0,0.0,0.0,0.0,0.0,0.0,0.0,1.0,0.0
9,9,0.0,0.0,0.0,0.0,0.0,0.0,0.0,0.0,0.0,1.0,0.0
9,9,0.0,0.0,0.0,0.0,0.0,0.0,0.0,0.0,0.0,1.0,0.0
9,9,0.0,0.0,0.0,0.0,0.0,0.0,0.0,0.0,0.0,1.0,0.0
9,9,0.0,0.0,0.0,0.0,0.0,0.0,0.0,0.0,0.0,1.0,0.0
9,9,0.0,0.0,0.0,0.0,0.0,0.0,0.0,0.0,0.0,1.0,0.0
9,9,0.0,0.0,0.0,0.0,0.0,0.0,0.0,0.0,0.0,1.0,0.0
9,9,0.0,0.0,0.0,0.0,0.0,0.0,0.0,0.0,0.0,1.0,0.0
9,9,0.0,0.0,0.0,0.0,0.0,0.0,0.0,0.0,0.0,1.0,0.0
9,9,0.0,0.0,0.0,0.0,0.0,0.0,0.0,0.0,0.0,1.0,0.0
9,9,0.0,0.0,0.0,0.0,0.0,0.0,0.0,0.0,0.0,1.0,0.0
9,9,0.0,0.0,0.0,0.0,0.0,0.0,0.0,0.0,0.0,1.0,0.0
9,9,0.0,0.0,0.0,0.0,0.0,0.0,0.0,0.0,0.0,1.0,0.0
9,9,0.0,0.0,0.0,0.0,0.0,0.0,0.0,0.0,0.0,1.0,0.0
9,9,0.0,0.0,0.0,0.0,0.0,0.0,0.0,0.0,0.0,1.0,0.0
9,9,0.0,0.0,0.0,0.0,0.0,0.0,0.0,0.0,0.0,1.0,0.0
9,9,0.0,0.0,0.0,0.0,0.0,0.0,0.0,0.0,0.0,1.0,0.0
9,9,0.0,0.0,0.0,0.0,0.0,0.0,0.0,0.0,0.0,1.0,0.0
9,9,0.0,0.0,0.0,0.0,0.0,0.0,0.0,0.0,0.0,1.0,0.0
9,9,0.0,0.0,0.0,0.0,0.0,0.0,0.0,0.0,0.0,1.0,0.0
9,9,0.0,0.0,0.0,0.0,0.0,0.0,0.0,0.0,0.0,1.0,0.0
9,9,0.0,0.0,0.0,0.0,0.0,0.0,0.0,0.0,0.0,1.0,0.0
9,9,0.0,0.0,0.0,0.0,0.0,0.0,0.0,0.0,0.0,1.0,0.0
9,9,0.0,0.0,0.0,0.0,0.0,0.0,0.0,0.0,0.0,1.0,0.0
9,9,0.0,0.0,0.0,0.0,0.0,0.0,0.0,0.0,0.0,1.0,0.0
9,9,0.0,0.0,0.0,0.0,0.0,0.0,0.0,0.0,0.0,1.0,0.0
9,9,0.0,0.0,0.0,0.0,0.0,0.0,0.0,0.0,0.0,1.0,0.0
9,9,0.0,0.0,0.0,0.0,0.0,0.0,0.0,0.0,0.0,1.0,0.0
9,9,0.0,0.0,0.0,0.0,0.0,0.0,0.0,0.0,0.0,1.0,0.0
9,9,0.0,0.0,0.0,0.0,0.0,0.0,0.0,0.0,0.0,1.0,0.0
9,9,0.0,0.0,0.0,0.0,0.0,0.0,0.0,0.0,0.0,1.0,0.0
9,9,0.0,0.0,0.0,0.0,0.0,0.0,0.0,0.0,0.0,1.0,0.0
9,9,0.0,0.0,0.0,0.0,0.0,0.0,0.0,0.0,0.0,1.0,0.0
9,9,0.0,0.0,0.0,0.0,0.0,0.0,0.0,0.0,0.0,1.0,0.0
9,9,0.0,0.0,0.0,0.0,0.0,0.0,0.0,0.0,0.0,1.0,0.0
9,9,0.0,0.0,0.0,0.0,0.0,0.0,0.0,0.0,0.0,1.0,0.0
9,9,0.0,0.0,0.0,0.0,0.0,0.0,0.0,0.0,0.0,1.0,0.0
9,9,0.0,0.0,0.0,0.0,0.0,0.0,0.0,0.0,0.0,1.0,0.0
9,9,0.0,0.0,0.0,0.0,0.0,0.0,0.0,0.0,0.0,1.0,0.0
9,9,0.0,0.0,0.0,0.0,0.0,0.0,0.0,0.0,0.0,1.0,0.0
9,9,0.0,0.0,0.0,0.0,0.0,0.0,0.0,0.0,0.0,1.0,0.0
9,9,0.0,0.0,0.0,0.0,0.0,0.0,0.0,0.0,0.0,1.0,0.0
9,9,0.0,0.0,0.0,0.0,0.0,0.0,0.0,0.0,0.0,1.0,0.0
9,9,0.0,0.0,0.0,0.0,0.0,0.0,0.0,0.0,0.0,1.0,0.0
9,9,0.0,0.0,0.0,0.0,0.0,0.0,0.0,0.0,0.0,1.0,0.0
9,9,0.0,0.0,0.0,0.0,0.0,0.0,0.0,0.0,0.0,1.0,0.0
9,9,0.0,0.0,0.0,0.0,0.0,0.0,0.0,0.0,0.0,1.0,0.0
9,9,0.0,0.0,0.0,0.0,0.0,0.0,0.0,0.0,0.0,1.0,0.0
9,9,0.0,0.0,0.0,0.0,0.0,0.0,0.0,0.0,0.0,1.0,0.0
9,9,0.0,0.0,0.0,0.0,0.0,0.0,0.0,0.0,0.0,1.0,0.0
9,9,0.0,0.0,0.0,0.0,0.0,0.0,0.0,0.0,0.0,1.0,0.0
9,9,0.0,0.0,0.0,0.0,0.0,0.0,0.0,0.0,0.0,1.0,0.0
9,9,0.0,0.0,0.0,0.0,0.0,0.0,0.0,0.0,0.0,1.0,0.0
9,9,0.0,0.0,0.0,0.0,0.0,0.0,0.0,0.0,0.0,1.0,0.0
9,9,0.0,0.0,0.0,0.0,0.0,0.0,0.0,0.0,0.0,1.0,0.0
9,9,0.0,0.0,0.0,0.0,0.0,0.0,0.0,0.0,0.0,1.0,0.0
9,9,0.0,0.0,0.0,0.0,0.0,0.0,0.0,0.0,0.0,1.0,0.0
9,9,0.0,0.0,0.0,0.0,0.0,0.0,0.0,0.0,0.0,1.0,0.0
9,9,0.0,0.0,0.0,0.0,0.0,0.0,0.0,0.0,0.0,1.0,0.0
9,9,0.0,0.0,0.0,0.0,0.0,0.0,0.0,0.0,0.0,1.0,0.0
9,9,0.0,0.0,0.0,0.0,0.0,0.0,0.0,0.0,0.0,1.0,0.0
9,9,0.0,0.0,0.0,0.0,0.0,0.0,0.0,0.0,0.0,1.0,0.0
9,9,0.0,0.0,0.0,0.0,0.0,0.0,0.0,0.0,0.0,1.0,0.0
9,9,0.0,0.0,0.0,0.0,0.0,0.0,0.0,0.0,0.0,1.0,0.0
9,9,0.0,0.0,0.0,0.0,0.0,0.0,0.0,0.0,0.0,1.0,0.0
9,9,0.0,0.0,0.0,0.0,0.0,0.0,0.0,0.0,0.0,1.0,0.0
9,9,0.0,0.0,0.0,0.0,0.0,0.0,0.0,0.0,0.0,1.0,0.0
9,9,0.0,0.0,0.0,0.0,0.0,0.0,0.0,0.0,0.0,1.0,0.0
9,9,0.0,0.0,0.0,0.0,0.0,0.0,0.0,0.0,0.0,1.0,0.0
9,9,0.0,0.0,0.0,0.0,0.0,0.0,0.0,0.0,0.0,1.0,0.0
9,9,0.0,0.0,0.0,0.0,0.0,0.0,0.0,0.0,0.0,1.0,0.0
9,9,0.0,0.0,0.0,0.0,0.0,0.0,0.0,0.0,0.0,1.0,0.0
9,9,0.0,0.0,0.0,0.0,0.0,0.0,0.0,0.0,0.0,1.0,0.0
9,9,0.0,0.0,0.0,0.0,0.0,0.0,0.0,0.0,0.0,1.0,0.0
9,9,0.0,0.0,0.0,0.0,0.0,0.0,0.0,0.0,0.0,1.0,0.0
9,9,0.0,0.0,0.0,0.0,0.0,0.0,0.0,0.0,0.0,1.0,0.0
9,9,0.0,0.0,0.0,0.0,0.0,0.0,0.0,0.0,0.0,1.0,0.0
9,9,0.0,0.0,0.0,0.0,0.0,0.0,0.0,0.0,0.0,1.0,0.0
9,9,0.0,0.0,0.0,0.0,0.0,0.0,0.0,0.0,0.0,1.0,0.0
9,9,0.0,0.0,0.0,0.0,0.0,0.0,0.0,0.0,0.0,1.0,0.0
9,9,0.0,0.0,0.0,0.0,0.0,0.0,0.0,0.0,0.0,1.0,0.0
9,9,0.0,0.0,0.0,0.0,0.0,0.0,0.0,0.0,0.0,1.0,0.0
9,9,0.0,0.0,0.0,0.0,0.0,0.0,0.0,0.0,0.0,1.0,0.0
9,9,0.0,0.0,0.0,0.0,0.0,0.0,0.0,0.0,0.0,1.0,0.0
9,9,0.0,0.0,0.0,0.0,0.0,0.0,0.0,0.0,0.0,1.0,0.0
9,9,0.0,0.0,0.0,0.0,0.0,0.0,0.0,0.0,0.0,1.0,0.0
9,9,0.0,0.0,0.0,0.0,0.0,0.0,0.0,0.0,0.0,1.0,0.0
9,9,0.0,0.0,0.0,0.0,0.0,0.0,0.0,0.0,0.0,1.0,0.0
9,9,0.0,0.0,0.0,0.0,0.0,0.0,0.0,0.0,0.0,1.0,0.0
9,9,0.0,0.0,0.0,0.0,0.0,0.0,0.0,0.0,0.0,1.0,0.0
9,9,0.0,0.0,0.0,0.0,0.0,0.0,0.0,0.0,0.0,1.0,0.0
9,9,0.0,0.0,0.0,0.0,0.0,0.0,0.0,0.0,0.0,1.0,0.0
9,9,0.0,0.0,0.0,0.0,0.0,0.0,0.0,0.0,0.0,1.0,0.0
9,9,0.0,0.0,0.0,0.0,0.0,0.0,0.0,0.0,0.0,1.0,0.0
9,9,0.0,0.0,0.0,0.0,0.0,0.0,0.0,0.0,0.0,1.0,0.0
9,9,0.0,0.0,0.0,0.0,0.0,0.0,0.0,0.0,0.0,1.0,0.0
9,9,0.0,0.0,0.0,0.0,0.0,0.0,0.0,0.0,0.0,1.0,0.0
9,9,0.0,0.0,0.0,0.0,0.0,0.0,0.0,0.0,0.0,1.0,0.0
9,9,0.0,0.0,0.0,0.0,0.0,0.0,0.0,0.0,0.0,1.0,0.0
9,9,0.0,0.0,0.0,0.0,0.0,0.0,0.0,0.0,0.0,1.0,0.0
9,9,0.0,0.0,0.0,0.0,0.0,0.0,0.0,0.0,0.0,1.0,0.0
9,9,0.0,0.0,0.0,0.0,0.0,0.0,0.0,0.0,0.0,1.0,0.0
9,9,0.0,0.0,0.0,0.0,0.0,0.0,0.0,0.0,0.0,1.0,0.0
9,9,0.0,0.0,0.0,0.0,0.0,0.0,0.0,0.0,0.0,1.0,0.0
9,9,0.0,0.0,0.0,0.0,0.0,0.0,0.0,0.0,0.0,1.0,0.0
9,9,0.0,0.0,0.0,0.0,0.0,0.0,0.0,0.0,0.0,1.0,0.0
9,9,0.0,0.0,0.0,0.0,0.0,0.0,0.0,0.0,0.0,1.0,0.0
9,9,0.0,0.0,0.0,0.0,0.0,0.0,0.0,0.0,0.0,1.0,0.0
9,9,0.0,0.0,0.0,0.0,0.0,0.0,0.0,0.0,0.0,1.0,0.0
9,9,0.0,0.0,0.0,0.0,0.0,0.0,0.0,0.0,0.0,1.0,0.0
9,9,0.0,0.0,0.0,0.0,0.0,0.0,0.0,0.0,0.0,1.0,0.0
9,9,0.0,0.0,0.0,0.0,0.0,0.0,0.0,0.0,0.0,1.0,0.0
9,9,0.0,0.0,0.0,0.0,0.0,0.0,0.0,0.0,0.0,1.0,0.0
9,9,0.0,0.0,0.0,0.0,0.0,0.0,0.0,0.0,0.0,1.0,0.0
9,9,0.0,0.0,0.0,0.0,0.0,0.0,0.0,0.0,0.0,1.0,0.0
9,9,0.0,0.0,0.0,0.0,0.0,0.0,0.0,0.0,0.0,1.0,0.0
9,9,0.0,0.0,0.0,0.0,0.0,0.0,0.0,0.0,0.0,1.0,0.0
9,9,0.0,0.0,0.0,0.0,0.0,0.0,0.0,0.0,0.0,1.0,0.0
9,9,0.0,0.0,0.0,0.0,0.0,0.0,0.0,0.0,0.0,1.0,0.0
9,9,0.0,0.0,0.0,0.0,0.0,0.0,0.0,0.0,0.0,1.0,0.0
9,9,0.0,0.0,0.0,0.0,0.0,0.0,0.0,0.0,0.0,1.0,0.0
9,9,0.0,0.0,0.0,0.0,0.0,0.0,0.0,0.0,0.0,1.0,0.0
9,9,0.0,0.0,0.0,0.0,0.0,0.0,0.0,0.0,0.0,1.0,0.0
9,9,0.0,0.0,0.0,0.0,0.0,0.0,0.0,0.0,0.0,1.0,0.0
9,9,0.0,0.0,0.0,0.0,0.0,0.0,0.0,0.0,0.0,1.0,0.0
9,9,0.0,0.0,0.0,0.0,0.0,0.0,0.0,0.0,0.0,1.0,0.0
9,9,0.0,0.0,0.0,0.0,0.0,0.0,0.0,0.0,0.0,1.0,0.0
9,9,0.0,0.0,0.0,0.0,0.0,0.0,0.0,0.0,0.0,1.0,0.0
9,9,0.0,0.0,0.0,0.0,0.0,0.0,0.0,0.0,0.0,1.0,0.0
9,9,0.0,0.0,0.0,0.0,0.0,0.0,0.0,0.0,0.0,1.0,0.0
9,9,0.0,0.0,0.0,0.0,0.0,0.0,0.0,0.0,0.0,1.0,0.0
9,9,0.0,0.0,0.0,0.0,0.0,0.0,0.0,0.0,0.0,1.0,0.0
9,9,0.0,0.0,0.0,0.0,0.0,0.0,0.0,0.0,0.0,1.0,0.0
9,9,0.0,0.0,0.0,0.0,0.0,0.0,0.0,0.0,0.0,1.0,0.0
9,9,0.0,0.0,0.0,0.0,0.0,0.0,0.0,0.0,0.0,1.0,0.0
9,9,0.0,0.0,0.0,0.0,0.0,0.0,0.0,0.0,0.0,1.0,0.0
9,9,0.0,0.0,0.0,0.0,0.0,0.0,0.0,0.0,0.0,1.0,0.0
9,9,0.0,0.0,0.0,0.0,0.0,0.0,0.0,0.0,0.0,1.0,0.0
9,9,0.0,0.0,0.0,0.0,0.0,0.0,0.0,0.0,0.0,1.0,0.0
9,9,0.0,0.0,0.0,0.0,0.0,0.0,0.0,0.0,0.0,1.0,0.0
9,9,0.0,0.0,0.0,0.0,0.0,0.0,0.0,0.0,0.0,1.0,0.0
9,9,0.0,0.0,0.0,0.0,0.0,0.0,0.0,0.0,0.0,1.0,0.0
9,9,0.0,0.0,0.0,0.0,0.0,0.0,0.0,0.0,0.0,1.0,0.0
9,9,0.0,0.0,0.0,0.0,0.0,0.0,0.0,0.0,0.0,1.0,0.0
9,9,0.0,0.0,0.0,0.0,0.0,0.0,0.0,0.0,0.0,1.0,0.0
9,9,0.0,0.0,0.0,0.0,0.0,0.0,0.0,0.0,0.0,1.0,0.0
9,9,0.0,0.0,0.0,0.0,0.0,0.0,0.0,0.0,0.0,1.0,0.0
9,9,0.0,0.0,0.0,0.0,0.0,0.0,0.0,0.0,0.0,1.0,0.0
9,9,0.0,0.0,0.0,0.0,0.0,0.0,0.0,0.0,0.0,1.0,0.0
9,9,0.0,0.0,0.0,0.0,0.0,0.0,0.0,0.0,0.0,1.0,0.0
9,9,0.0,0.0,0.0,0.0,0.0,0.0,0.0,0.0,0.0,1.0,0.0
9,9,0.0,0.0,0.0,0.0,0.0,0.0,0.0,0.0,0.0,1.0,0.0
9,9,0.0,0.0,0.0,0.0,0.0,0.0,0.0,0.0,0.0,1.0,0.0
9,9,0.0,0.0,0.0,0.0,0.0,0.0,0.0,0.0,0.0,1.0,0.0
9,9,0.0,0.0,0.0,0.0,0.0,0.0,0.0,0.0,0.0,1.0,0.0
9,9,0.0,0.0,0.0,0.0,0.0,0.0,0.0,0.0,0.0,1.0,0.0
9,9,0.0,0.0,0.0,0.0,0.0,0.0,0.0,0.0,0.0,1.0,0.0
9,9,0.0,0.0,0.0,0.0,0.0,0.0,0.0,0.0,0.0,1.0,0.0
9,9,0.0,0.0,0.0,0.0,0.0,0.0,0.0,0.0,0.0,1.0,0.0
9,9,0.0,0.0,0.0,0.0,0.0,0.0,0.0,0.0,0.0,1.0,0.0
9,9,0.0,0.0,0.0,0.0,0.0,0.0,0.0,0.0,0.0,1.0,0.0
9,9,0.0,0.0,0.0,0.0,0.0,0.0,0.0,0.0,0.0,1.0,0.0
9,9,0.0,0.0,0.0,0.0,0.0,0.0,0.0,0.0,0.0,1.0,0.0
9,9,0.0,0.0,0.0,0.0,0.0,0.0,0.0,0.0,0.0,1.0,0.0
9,9,0.0,0.0,0.0,0.0,0.0,0.0,0.0,0.0,0.0,1.0,0.0
9,9,0.0,0.0,0.0,0.0,0.0,0.0,0.0,0.0,0.0,1.0,0.0
9,9,0.0,0.0,0.0,0.0,0.0,0.0,0.0,0.0,0.0,1.0,0.0
9,9,0.0,0.0,0.0,0.0,0.0,0.0,0.0,0.0,0.0,1.0,0.0
9,9,0.0,0.0,0.0,0.0,0.0,0.0,0.0,0.0,0.0,1.0,0.0
9,9,0.0,0.0,0.0,0.0,0.0,0.0,0.0,0.0,0.0,1.0,0.0
9,9,0.0,0.0,0.0,0.0,0.0,0.0,0.0,0.0,0.0,1.0,0.0
9,9,0.0,0.0,0.0,0.0,0.0,0.0,0.0,0.0,0.0,1.0,0.0
9,9,0.0,0.0,0.0,0.0,0.0,0.0,0.0,0.0,0.0,1.0,0.0
9,9,0.0,0.0,0.0,0.0,0.0,0.0,0.0,0.0,0.0,1.0,0.0
9,9,0.0,0.0,0.0,0.0,0.0,0.0,0.0,0.0,0.0,1.0,0.0
9,9,0.0,0.0,0.0,0.0,0.0,0.0,0.0,0.0,0.0,1.0,0.0
9,9,0.0,0.0,0.0,0.0,0.0,0.0,0.0,0.0,0.0,1.0,0.0
9,9,0.0,0.0,0.0,0.0,0.0,0.0,0.0,0.0,0.0,1.0,0.0
9,9,0.0,0.0,0.0,0.0,0.0,0.0,0.0,0.0,0.0,1.0,0.0
9,9,0.0,0.0,0.0,0.0,0.0,0.0,0.0,0.0,0.0,1.0,0.0
9,9,0.0,0.0,0.0,0.0,0.0,0.0,0.0,0.0,0.0,1.0,0.0
9,9,0.0,0.0,0.0,0.0,0.0,0.0,0.0,0.0,0.0,1.0,0.0
9,9,0.0,0.0,0.0,0.0,0.0,0.0,0.0,0.0,0.0,1.0,0.0
9,9,0.0,0.0,0.0,0.0,0.0,0.0,0.0,0.0,0.0,1.0,0.0
9,9,0.0,0.0,0.0,0.0,0.0,0.0,0.0,0.0,0.0,1.0,0.0
9,9,0.0,0.0,0.0,0.0,0.0,0.0,0.0,0.0,0.0,1.0,0.0
9,9,0.0,0.0,0.0,0.0,0.0,0.0,0.0,0.0,0.0,1.0,0.0
9,9,0.0,0.0,0.0,0.0,0.0,0.0,0.0,0.0,0.0,1.0,0.0
9,9,0.0,0.0,0.0,0.0,0.0,0.0,0.0,0.0,0.0,1.0,0.0
9,9,0.0,0.0,0.0,0.0,0.0,0.0,0.0,0.0,0.0,1.0,0.0
9,9,0.0,0.0,0.0,0.0,0.0,0.0,0.0,0.0,0.0,1.0,0.0
9,9,0.0,0.0,0.0,0.0,0.0,0.0,0.0,0.0,0.0,1.0,0.0
9,9,0.0,0.0,0.0,0.0,0.0,0.0,0.0,0.0,0.0,1.0,0.0
9,9,0.0,0.0,0.0,0.0,0.0,0.0,0.0,0.0,0.0,1.0,0.0
9,9,0.0,0.0,0.0,0.0,0.0,0.0,0.0,0.0,0.0,1.0,0.0
9,9,0.0,0.0,0.0,0.0,0.0,0.0,0.0,0.0,0.0,1.0,0.0
9,9,0.0,0.0,0.0,0.0,0.0,0.0,0.0,0.0,0.0,1.0,0.0
9,9,0.0,0.0,0.0,0.0,0.0,0.0,0.0,0.0,0.0,1.0,0.0
9,9,0.0,0.0,0.0,0.0,0.0,0.0,0.0,0.0,0.0,1.0,0.0
9,9,0.0,0.0,0.0,0.0,0.0,0.0,0.0,0.0,0.0,1.0,0.0
9,9,0.0,0.0,0.0,0.0,0.0,0.0,0.0,0.0,0.0,1.0,0.0
9,9,0.0,0.0,0.0,0.0,0.0,0.0,0.0,0.0,0.0,1.0,0.0
9,9,0.0,0.0,0.0,0.0,0.0,0.0,0.0,0.0,0.0,1.0,0.0
9,9,0.0,0.0,0.0,0.0,0.0,0.0,0.0,0.0,0.0,1.0,0.0
9,9,0.0,0.0,0.0,0.0,0.0,0.0,0.0,0.0,0.0,1.0,0.0
9,9,0.0,0.0,0.0,0.0,0.0,0.0,0.0,0.0,0.0,1.0,0.0
9,9,0.0,0.0,0.0,0.0,0.0,0.0,0.0,0.0,0.0,1.0,0.0
9,9,0.0,0.0,0.0,0.0,0.0,0.0,0.0,0.0,0.0,1.0,0.0
9,9,0.0,0.0,0.0,0.0,0.0,0.0,0.0,0.0,0.0,1.0,0.0
9,9,0.0,0.0,0.0,0.0,0.0,0.0,0.0,0.0,0.0,1.0,0.0
9,9,0.0,0.0,0.0,0.0,0.0,0.0,0.0,0.0,0.0,1.0,0.0
9,9,0.0,0.0,0.0,0.0,0.0,0.0,0.0,0.0,0.0,1.0,0.0
9,9,0.0,0.0,0.0,0.0,0.0,0.0,0.0,0.0,0.0,1.0,0.0
9,9,0.0,0.0,0.0,0.0,0.0,0.0,0.0,0.0,0.0,1.0,0.0
9,9,0.0,0.0,0.0,0.0,0.0,0.0,0.0,0.0,0.0,1.0,0.0
9,9,0.0,0.0,0.0,0.0,0.0,0.0,0.0,0.0,0.0,1.0,0.0
9,9,0.0,0.0,0.0,0.0,0.0,0.0,0.0,0.0,0.0,1.0,0.0
9,9,0.0,0.0,0.0,0.0,0.0,0.0,0.0,0.0,0.0,1.0,0.0
9,9,0.0,0.0,0.0,0.0,0.0,0.0,0.0,0.0,0.0,1.0,0.0
9,9,0.0,0.0,0.0,0.0,0.0,0.0,0.0,0.0,0.0,1.0,0.0
9,9,0.0,0.0,0.0,0.0,0.0,0.0,0.0,0.0,0.0,1.0,0.0
9,9,0.0,0.0,0.0,0.0,0.0,0.0,0.0,0.0,0.0,1.0,0.0
9,9,0.0,0.0,0.0,0.0,0.0,0.0,0.0,0.0,0.0,1.0,0.0
9,9,0.0,0.0,0.0,0.0,0.0,0.0,0.0,0.0,0.0,1.0,0.0
9,9,0.0,0.0,0.0,0.0,0.0,0.0,0.0,0.0,0.0,1.0,0.0
9,9,0.0,0.0,0.0,0.0,0.0,0.0,0.0,0.0,0.0,1.0,0.0
9,9,0.0,0.0,0.0,0.0,0.0,0.0,0.0,0.0,0.0,1.0,0.0
9,9,0.0,0.0,0.0,0.0,0.0,0.0,0.0,0.0,0.0,1.0,0.0
9,9,0.0,0.0,0.0,0.0,0.0,0.0,0.0,0.0,0.0,1.0,0.0
9,9,0.0,0.0,0.0,0.0,0.0,0.0,0.0,0.0,0.0,1.0,0.0
9,9,0.0,0.0,0.0,0.0,0.0,0.0,0.0,0.0,0.0,1.0,0.0
9,9,0.0,0.0,0.0,0.0,0.0,0.0,0.0,0.0,0.0,1.0,0.0
9,9,0.0,0.0,0.0,0.0,0.0,0.0,0.0,0.0,0.0,1.0,0.0
9,9,0.0,0.0,0.0,0.0,0.0,0.0,0.0,0.0,0.0,1.0,0.0
9,9,0.0,0.0,0.0,0.0,0.0,0.0,0.0,0.0,0.0,1.0,0.0
9,9,0.0,0.0,0.0,0.0,0.0,0.0,0.0,0.0,0.0,1.0,0.0
9,9,0.0,0.0,0.0,0.0,0.0,0.0,0.0,0.0,0.0,1.0,0.0
9,9,0.0,0.0,0.0,0.0,0.0,0.0,0.0,0.0,0.0,1.0,0.0
9,9,0.0,0.0,0.0,0.0,0.0,0.0,0.0,0.0,0.0,1.0,0.0
9,9,0.0,0.0,0.0,0.0,0.0,0.0,0.0,0.0,0.0,1.0,0.0
9,9,0.0,0.0,0.0,0.0,0.0,0.0,0.0,0.0,0.0,1.0,0.0
9,9,0.0,0.0,0.0,0.0,0.0,0.0,0.0,0.0,0.0,1.0,0.0
9,9,0.0,0.0,0.0,0.0,0.0,0.0,0.0,0.0,0.0,1.0,0.0
9,9,0.0,0.0,0.0,0.0,0.0,0.0,0.0,0.0,0.0,1.0,0.0
9,9,0.0,0.0,0.0,0.0,0.0,0.0,0.0,0.0,0.0,1.0,0.0
9,9,0.0,0.0,0.0,0.0,0.0,0.0,0.0,0.0,0.0,1.0,0.0
9,9,0.0,0.0,0.0,0.0,0.0,0.0,0.0,0.0,0.0,1.0,0.0
9,9,0.0,0.0,0.0,0.0,0.0,0.0,0.0,0.0,0.0,1.0,0.0
9,9,0.0,0.0,0.0,0.0,0.0,0.0,0.0,0.0,0.0,1.0,0.0
9,9,0.0,0.0,0.0,0.0,0.0,0.0,0.0,0.0,0.0,1.0,0.0
9,9,0.0,0.0,0.0,0.0,0.0,0.0,0.0,0.0,0.0,1.0,0.0
9,9,0.0,0.0,0.0,0.0,0.0,0.0,0.0,0.0,0.0,1.0,0.0
9,9,0.0,0.0,0.0,0.0,0.0,0.0,0.0,0.0,0.0,1.0,0.0
9,9,0.0,0.0,0.0,0.0,0.0,0.0,0.0,0.0,0.0,1.0,0.0
9,9,0.0,0.0,0.0,0.0,0.0,0.0,0.0,0.0,0.0,1.0,0.0
9,9,0.0,0.0,0.0,0.0,0.0,0.0,0.0,0.0,0.0,1.0,0.0
9,9,0.0,0.0,0.0,0.0,0.0,0.0,0.0,0.0,0.0,1.0,0.0
9,9,0.0,0.0,0.0,0.0,0.0,0.0,0.0,0.0,0.0,1.0,0.0
9,9,0.0,0.0,0.0,0.0,0.0,0.0,0.0,0.0,0.0,1.0,0.0
9,9,0.0,0.0,0.0,0.0,0.0,0.0,0.0,0.0,0.0,1.0,0.0
9,9,0.0,0.0,0.0,0.0,0.0,0.0,0.0,0.0,0.0,1.0,0.0
9,9,0.0,0.0,0.0,0.0,0.0,0.0,0.0,0.0,0.0,1.0,0.0
9,9,0.0,0.0,0.0,0.0,0.0,0.0,0.0,0.0,0.0,1.0,0.0
9,9,0.0,0.0,0.0,0.0,0.0,0.0,0.0,0.0,0.0,1.0,0.0
9,9,0.0,0.0,0.0,0.0,0.0,0.0,0.0,0.0,0.0,1.0,0.0
9,9,0.0,0.0,0.0,0.0,0.0,0.0,0.0,0.0,0.0,1.0,0.0
9,9,0.0,0.0,0.0,0.0,0.0,0.0,0.0,0.0,0.0,1.0,0.0
9,9,0.0,0.0,0.0,0.0,0.0,0.0,0.0,0.0,0.0,1.0,0.0
9,9,0.0,0.0,0.0,0.0,0.0,0.0,0.0,0.0,0.0,1.0,0.0
9,9,0.0,0.0,0.0,0.0,0.0,0.0,0.0,0.0,0.0,1.0,0.0
9,9,0.0,0.0,0.0,0.0,0.0,0.0,0.0,0.0,0.0,1.0,0.0
9,9,0.0,0.0,0.0,0.0,0.0,0.0,0.0,0.0,0.0,1.0,0.0
9,9,0.0,0.0,0.0,0.0,0.0,0.0,0.0,0.0,0.0,1.0,0.0
9,9,0.0,0.0,0.0,0.0,0.0,0.0,0.0,0.0,0.0,1.0,0.0
9,9,0.0,0.0,0.0,0.0,0.0,0.0,0.0,0.0,0.0,1.0,0.0
9,9,0.0,0.0,0.0,0.0,0.0,0.0,0.0,0.0,0.0,1.0,0.0
9,9,0.0,0.0,0.0,0.0,0.0,0.0,0.0,0.0,0.0,1.0,0.0
9,9,0.0,0.0,0.0,0.0,0.0,0.0,0.0,0.0,0.0,1.0,0.0
9,9,0.0,0.0,0.0,0.0,0.0,0.0,0.0,0.0,0.0,1.0,0.0
9,9,0.0,0.0,0.0,0.0,0.0,0.0,0.0,0.0,0.0,1.0,0.0
9,9,0.0,0.0,0.0,0.0,0.0,0.0,0.0,0.0,0.0,1.0,0.0
9,9,0.0,0.0,0.0,0.0,0.0,0.0,0.0,0.0,0.0,1.0,0.0
9,9,0.0,0.0,0.0,0.0,0.0,0.0,0.0,0.0,0.0,1.0,0.0
9,9,0.0,0.0,0.0,0.0,0.0,0.0,0.0,0.0,0.0,1.0,0.0
9,9,0.0,0.0,0.0,0.0,0.0,0.0,0.0,0.0,0.0,1.0,0.0
9,9,0.0,0.0,0.0,0.0,0.0,0.0,0.0,0.0,0.0,1.0,0.0
9,9,0.0,0.0,0.0,0.0,0.0,0.0,0.0,0.0,0.0,1.0,0.0
9,9,0.0,0.0,0.0,0.0,0.0,0.0,0.0,0.0,0.0,1.0,0.0
9,9,0.0,0.0,0.0,0.0,0.0,0.0,0.0,0.0,0.0,1.0,0.0
9,9,0.0,0.0,0.0,0.0,0.0,0.0,0.0,0.0,0.0,1.0,0.0
9,9,0.0,0.0,0.0,0.0,0.0,0.0,0.0,0.0,0.0,1.0,0.0
9,9,0.0,0.0,0.0,0.0,0.0,0.0,0.0,0.0,0.0,1.0,0.0
9,9,0.0,0.0,0.0,0.0,0.0,0.0,0.0,0.0,0.0,1.0,0.0
9,9,0.0,0.0,0.0,0.0,0.0,0.0,0.0,0.0,0.0,1.0,0.0
9,9,0.0,0.0,0.0,0.0,0.0,0.0,0.0,0.0,0.0,1.0,0.0
9,9,0.0,0.0,0.0,0.0,0.0,0.0,0.0,0.0,0.0,1.0,0.0
9,9,0.0,0.0,0.0,0.0,0.0,0.0,0.0,0.0,0.0,1.0,0.0
9,9,0.0,0.0,0.0,0.0,0.0,0.0,0.0,0.0,0.0,1.0,0.0
9,9,0.0,0.0,0.0,0.0,0.0,0.0,0.0,0.0,0.0,1.0,0.0
9,9,0.0,0.0,0.0,0.0,0.0,0.0,0.0,0.0,0.0,1.0,0.0
9,9,0.0,0.0,0.0,0.0,0.0,0.0,0.0,0.0,0.0,1.0,0.0
9,9,0.0,0.0,0.0,0.0,0.0,0.0,0.0,0.0,0.0,1.0,0.0
9,9,0.0,0.0,0.0,0.0,0.0,0.0,0.0,0.0,0.0,1.0,0.0
9,9,0.0,0.0,0.0,0.0,0.0,0.0,0.0,0.0,0.0,1.0,0.0
9,9,0.0,0.0,0.0,0.0,0.0,0.0,0.0,0.0,0.0,1.0,0.0
9,9,0.0,0.0,0.0,0.0,0.0,0.0,0.0,0.0,0.0,1.0,0.0
9,9,0.0,0.0,0.0,0.0,0.0,0.0,0.0,0.0,0.0,1.0,0.0
9,9,0.0,0.0,0.0,0.0,0.0,0.0,0.0,0.0,0.0,1.0,0.0
9,9,0.0,0.0,0.0,0.0,0.0,0.0,0.0,0.0,0.0,1.0,0.0
9,9,0.0,0.0,0.0,0.0,0.0,0.0,0.0,0.0,0.0,1.0,0.0
9,9,0.0,0.0,0.0,0.0,0.0,0.0,0.0,0.0,0.0,1.0,0.0
9,9,0.0,0.0,0.0,0.0,0.0,0.0,0.0,0.0,0.0,1.0,0.0
9,9,0.0,0.0,0.0,0.0,0.0,0.0,0.0,0.0,0.0,1.0,0.0
9,9,0.0,0.0,0.0,0.0,0.0,0.0,0.0,0.0,0.0,1.0,0.0
9,9,0.0,0.0,0.0,0.0,0.0,0.0,0.0,0.0,0.0,1.0,0.0
9,9,0.0,0.0,0.0,0.0,0.0,0.0,0.0,0.0,0.0,1.0,0.0
9,9,0.0,0.0,0.0,0.0,0.0,0.0,0.0,0.0,0.0,1.0,0.0
9,9,0.0,0.0,0.0,0.0,0.0,0.0,0.0,0.0,0.0,1.0,0.0
9,9,0.0,0.0,0.0,0.0,0.0,0.0,0.0,0.0,0.0,1.0,0.0
9,9,0.0,0.0,0.0,0.0,0.0,0.0,0.0,0.0,0.0,1.0,0.0
9,9,0.0,0.0,0.0,0.0,0.0,0.0,0.0,0.0,0.0,1.0,0.0
9,9,0.0,0.0,0.0,0.0,0.0,0.0,0.0,0.0,0.0,1.0,0.0
9,9,0.0,0.0,0.0,0.0,0.0,0.0,0.0,0.0,0.0,1.0,0.0
9,9,0.0,0.0,0.0,0.0,0.0,0.0,0.0,0.0,0.0,1.0,0.0
9,9,0.0,0.0,0.0,0.0,0.0,0.0,0.0,0.0,0.0,1.0,0.0
9,9,0.0,0.0,0.0,0.0,0.0,0.0,0.0,0.0,0.0,1.0,0.0
9,9,0.0,0.0,0.0,0.0,0.0,0.0,0.0,0.0,0.0,1.0,0.0
9,9,0.0,0.0,0.0,0.0,0.0,0.0,0.0,0.0,0.0,1.0,0.0
9,9,0.0,0.0,0.0,0.0,0.0,0.0,0.0,0.0,0.0,1.0,0.0
9,9,0.0,0.0,0.0,0.0,0.0,0.0,0.0,0.0,0.0,1.0,0.0
9,9,0.0,0.0,0.0,0.0,0.0,0.0,0.0,0.0,0.0,1.0,0.0
9,9,0.0,0.0,0.0,0.0,0.0,0.0,0.0,0.0,0.0,1.0,0.0
9,9,0.0,0.0,0.0,0.0,0.0,0.0,0.0,0.0,0.0,1.0,0.0
9,9,0.0,0.0,0.0,0.0,0.0,0.0,0.0,0.0,0.0,1.0,0.0
9,9,0.0,0.0,0.0,0.0,0.0,0.0,0.0,0.0,0.0,1.0,0.0
9,9,0.0,0.0,0.0,0.0,0.0,0.0,0.0,0.0,0.0,1.0,0.0
9,9,0.0,0.0,0.0,0.0,0.0,0.0,0.0,0.0,0.0,1.0,0.0
9,9,0.0,0.0,0.0,0.0,0.0,0.0,0.0,0.0,0.0,1.0,0.0
9,9,0.0,0.0,0.0,0.0,0.0,0.0,0.0,0.0,0.0,1.0,0.0
9,9,0.0,0.0,0.0,0.0,0.0,0.0,0.0,0.0,0.0,1.0,0.0
9,9,0.0,0.0,0.0,0.0,0.0,0.0,0.0,0.0,0.0,1.0,0.0
9,9,0.0,0.0,0.0,0.0,0.0,0.0,0.0,0.0,0.0,1.0,0.0
9,9,0.0,0.0,0.0,0.0,0.0,0.0,0.0,0.0,0.0,1.0,0.0
9,9,0.0,0.0,0.0,0.0,0.0,0.0,0.0,0.0,0.0,1.0,0.0
9,9,0.0,0.0,0.0,0.0,0.0,0.0,0.0,0.0,0.0,1.0,0.0
9,9,0.0,0.0,0.0,0.0,0.0,0.0,0.0,0.0,0.0,1.0,0.0
9,9,0.0,0.0,0.0,0.0,0.0,0.0,0.0,0.0,0.0,1.0,0.0
9,9,0.0,0.0,0.0,0.0,0.0,0.0,0.0,0.0,0.0,1.0,0.0
9,9,0.0,0.0,0.0,0.0,0.0,0.0,0.0,0.0,0.0,1.0,0.0
9,9,0.0,0.0,0.0,0.0,0.0,0.0,0.0,0.0,0.0,1.0,0.0
9,9,0.0,0.0,0.0,0.0,0.0,0.0,0.0,0.0,0.0,1.0,0.0
9,9,0.0,0.0,0.0,0.0,0.0,0.0,0.0,0.0,0.0,1.0,0.0
9,9,0.0,0.0,0.0,0.0,0.0,0.0,0.0,0.0,0.0,1.0,0.0
9,9,0.0,0.0,0.0,0.0,0.0,0.0,0.0,0.0,0.0,1.0,0.0
9,9,0.0,0.0,0.0,0.0,0.0,0.0,0.0,0.0,0.0,1.0,0.0
9,9,0.0,0.0,0.0,0.0,0.0,0.0,0.0,0.0,0.0,1.0,0.0
9,9,0.0,0.0,0.0,0.0,0.0,0.0,0.0,0.0,0.0,1.0,0.0
9,9,0.0,0.0,0.0,0.0,0.0,0.0,0.0,0.0,0.0,1.0,0.0
9,9,0.0,0.0,0.0,0.0,0.0,0.0,0.0,0.0,0.0,1.0,0.0
9,9,0.0,0.0,0.0,0.0,0.0,0.0,0.0,0.0,0.0,1.0,0.0
9,9,0.0,0.0,0.0,0.0,0.0,0.0,0.0,0.0,0.0,1.0,0.0
9,9,0.0,0.0,0.0,0.0,0.0,0.0,0.0,0.0,0.0,1.0,0.0
9,9,0.0,0.0,0.0,0.0,0.0,0.0,0.0,0.0,0.0,1.0,0.0
9,9,0.0,0.0,0.0,0.0,0.0,0.0,0.0,0.0,0.0,1.0,0.0
9,9,0.0,0.0,0.0,0.0,0.0,0.0,0.0,0.0,0.0,1.0,0.0
9,9,0.0,0.0,0.0,0.0,0.0,0.0,0.0,0.0,0.0,1.0,0.0
9,9,0.0,0.0,0.0,0.0,0.0,0.0,0.0,0.0,0.0,1.0,0.0
9,9,0.0,0.0,0.0,0.0,0.0,0.0,0.0,0.0,0.0,1.0,0.0
9,9,0.0,0.0,0.0,0.0,0.0,0.0,0.0,0.0,0.0,1.0,0.0
9,9,0.0,0.0,0.0,0.0,0.0,0.0,0.0,0.0,0.0,1.0,0.0
9,9,0.0,0.0,0.0,0.0,0.0,0.0,0.0,0.0,0.0,1.0,0.0
9,9,0.0,0.0,0.0,0.0,0.0,0.0,0.0,0.0,0.0,1.0,0.0
9,9,0.0,0.0,0.0,0.0,0.0,0.0,0.0,0.0,0.0,1.0,0.0
9,9,0.0,0.0,0.0,0.0,0.0,0.0,0.0,0.0,0.0,1.0,0.0
9,9,0.0,0.0,0.0,0.0,0.0,0.0,0.0,0.0,0.0,1.0,0.0
9,9,0.0,0.0,0.0,0.0,0.0,0.0,0.0,0.0,0.0,1.0,0.0
9,9,0.0,0.0,0.0,0.0,0.0,0.0,0.0,0.0,0.0,1.0,0.0
9,9,0.0,0.0,0.0,0.0,0.0,0.0,0.0,0.0,0.0,1.0,0.0
9,9,0.0,0.0,0.0,0.0,0.0,0.0,0.0,0.0,0.0,1.0,0.0
9,9,0.0,0.0,0.0,0.0,0.0,0.0,0.0,0.0,0.0,1.0,0.0
9,9,0.0,0.0,0.0,0.0,0.0,0.0,0.0,0.0,0.0,1.0,0.0
9,9,0.0,0.0,0.0,0.0,0.0,0.0,0.0,0.0,0.0,1.0,0.0
9,9,0.0,0.0,0.0,0.0,0.0,0.0,0.0,0.0,0.0,1.0,0.0
9,9,0.0,0.0,0.0,0.0,0.0,0.0,0.0,0.0,0.0,1.0,0.0
9,9,0.0,0.0,0.0,0.0,0.0,0.0,0.0,0.0,0.0,1.0,0.0
9,9,0.0,0.0,0.0,0.0,0.0,0.0,0.0,0.0,0.0,1.0,0.0
9,9,0.0,0.0,0.0,0.0,0.0,0.0,0.0,0.0,0.0,1.0,0.0
9,9,0.0,0.0,0.0,0.0,0.0,0.0,0.0,0.0,0.0,1.0,0.0
9,9,0.0,0.0,0.0,0.0,0.0,0.0,0.0,0.0,0.0,1.0,0.0
9,9,0.0,0.0,0.0,0.0,0.0,0.0,0.0,0.0,0.0,1.0,0.0
9,9,0.0,0.0,0.0,0.0,0.0,0.0,0.0,0.0,0.0,1.0,0.0
9,9,0.0,0.0,0.0,0.0,0.0,0.0,0.0,0.0,0.0,1.0,0.0
9,9,0.0,0.0,0.0,0.0,0.0,0.0,0.0,0.0,0.0,1.0,0.0
9,9,0.0,0.0,0.0,0.0,0.0,0.0,0.0,0.0,0.0,1.0,0.0
9,9,0.0,0.0,0.0,0.0,0.0,0.0,0.0,0.0,0.0,1.0,0.0
9,9,0.0,0.0,0.0,0.0,0.0,0.0,0.0,0.0,0.0,1.0,0.0
9,9,0.0,0.0,0.0,0.0,0.0,0.0,0.0,0.0,0.0,1.0,0.0
9,9,0.0,0.0,0.0,0.0,0.0,0.0,0.0,0.0,0.0,1.0,0.0
9,9,0.0,0.0,0.0,0.0,0.0,0.0,0.0,0.0,0.0,1.0,0.0
9,9,0.0,0.0,0.0,0.0,0.0,0.0,0.0,0.0,0.0,1.0,0.0
9,9,0.0,0.0,0.0,0.0,0.0,0.0,0.0,0.0,0.0,1.0,0.0
9,9,0.0,0.0,0.0,0.0,0.0,0.0,0.0,0.0,0.0,1.0,0.0
9,9,0.0,0.0,0.0,0.0,0.0,0.0,0.0,0.0,0.0,1.0,0.0
9,9,0.0,0.0,0.0,0.0,0.0,0.0,0.0,0.0,0.0,1.0,0.0
9,9,0.0,0.0,0.0,0.0,0.0,0.0,0.0,0.0,0.0,1.0,0.0
9,9,0.0,0.0,0.0,0.0,0.0,0.0,0.0,0.0,0.0,1.0,0.0
9,9,0.0,0.0,0.0,0.0,0.0,0.0,0.0,0.0,0.0,1.0,0.0
9,9,0.0,0.0,0.0,0.0,0.0,0.0,0.0,0.0,0.0,1.0,0.0
9,9,0.0,0.0,0.0,0.0,0.0,0.0,0.0,0.0,0.0,1.0,0.0
9,9,0.0,0.0,0.0,0.0,0.0,0.0,0.0,0.0,0.0,1.0,0.0
9,9,0.0,0.0,0.0,0.0,0.0,0.0,0.0,0.0,0.0,1.0,0.0
9,9,0.0,0.0,0.0,0.0,0.0,0.0,0.0,0.0,0.0,1.0,0.0
9,9,0.0,0.0,0.0,0.0,0.0,0.0,0.0,0.0,0.0,1.0,0.0
9,9,0.0,0.0,0.0,0.0,0.0,0.0,0.0,0.0,0.0,1.0,0.0
9,9,0.0,0.0,0.0,0.0,0.0,0.0,0.0,0.0,0.0,1.0,0.0
9,9,0.0,0.0,0.0,0.0,0.0,0.0,0.0,0.0,0.0,1.0,0.0
9,9,0.0,0.0,0.0,0.0,0.0,0.0,0.0,0.0,0.0,1.0,0.0
9,9,0.0,0.0,0.0,0.0,0.0,0.0,0.0,0.0,0.0,1.0,0.0
9,9,0.0,0.0,0.0,0.0,0.0,0.0,0.0,0.0,0.0,1.0,0.0
9,9,0.0,0.0,0.0,0.0,0.0,0.0,0.0,0.0,0.0,1.0,0.0
9,9,0.0,0.0,0.0,0.0,0.0,0.0,0.0,0.0,0.0,1.0,0.0
9,9,0.0,0.0,0.0,0.0,0.0,0.0,0.0,0.0,0.0,1.0,0.0
9,9,0.0,0.0,0.0,0.0,0.0,0.0,0.0,0.0,0.0,1.0,0.0
9,9,0.0,0.0,0.0,0.0,0.0,0.0,0.0,0.0,0.0,1.0,0.0
9,9,0.0,0.0,0.0,0.0,0.0,0.0,0.0,0.0,0.0,1.0,0.0
9,9,0.0,0.0,0.0,0.0,0.0,0.0,0.0,0.0,0.0,1.0,0.0
9,9,0.0,0.0,0.0,0.0,0.0,0.0,0.0,0.0,0.0,1.0,0.0
9,9,0.0,0.0,0.0,0.0,0.0,0.0,0.0,0.0,0.0,1.0,0.0
9,9,0.0,0.0,0.0,0.0,0.0,0.0,0.0,0.0,0.0,1.0,0.0
9,9,0.0,0.0,0.0,0.0,0.0,0.0,0.0,0.0,0.0,1.0,0.0
9,9,0.0,0.0,0.0,0.0,0.0,0.0,0.0,0.0,0.0,1.0,0.0
9,9,0.0,0.0,0.0,0.0,0.0,0.0,0.0,0.0,0.0,1.0,0.0
9,9,0.0,0.0,0.0,0.0,0.0,0.0,0.0,0.0,0.0,1.0,0.0
9,9,0.0,0.0,0.0,0.0,0.0,0.0,0.0,0.0,0.0,1.0,0.0
9,9,0.0,0.0,0.0,0.0,0.0,0.0,0.0,0.0,0.0,1.0,0.0
9,9,0.0,0.0,0.0,0.0,0.0,0.0,0.0,0.0,0.0,1.0,0.0
9,9,0.0,0.0,0.0,0.0,0.0,0.0,0.0,0.0,0.0,1.0,0.0
9,9,0.0,0.0,0.0,0.0,0.0,0.0,0.0,0.0,0.0,1.0,0.0
9,9,0.0,0.0,0.0,0.0,0.0,0.0,0.0,0.0,0.0,1.0,0.0
9,9,0.0,0.0,0.0,0.0,0.0,0.0,0.0,0.0,0.0,1.0,0.0
9,9,0.0,0.0,0.0,0.0,0.0,0.0,0.0,0.0,0.0,1.0,0.0
9,9,0.0,0.0,0.0,0.0,0.0,0.0,0.0,0.0,0.0,1.0,0.0
9,9,0.0,0.0,0.0,0.0,0.0,0.0,0.0,0.0,0.0,1.0,0.0
9,9,0.0,0.0,0.0,0.0,0.0,0.0,0.0,0.0,0.0,1.0,0.0
9,9,0.0,0.0,0.0,0.0,0.0,0.0,0.0,0.0,0.0,1.0,0.0
9,9,0.0,0.0,0.0,0.0,0.0,0.0,0.0,0.0,0.0,1.0,0.0
9,9,0.0,0.0,0.0,0.0,0.0,0.0,0.0,0.0,0.0,1.0,0.0
9,9,0.0,0.0,0.0,0.0,0.0,0.0,0.0,0.0,0.0,1.0,0.0
9,9,0.0,0.0,0.0,0.0,0.0,0.0,0.0,0.0,0.0,1.0,0.0
9,9,0.0,0.0,0.0,0.0,0.0,0.0,0.0,0.0,0.0,1.0,0.0
9,9,0.0,0.0,0.0,0.0,0.0,0.0,0.0,0.0,0.0,1.0,0.0
9,9,0.0,0.0,0.0,0.0,0.0,0.0,0.0,0.0,0.0,1.0,0.0
9,9,0.0,0.0,0.0,0.0,0.0,0.0,0.0,0.0,0.0625,0.875,0.0625
9,9,0.0,0.0,0.0,0.0,0.0,0.0,0.0,0.0,0.0625,0.875,0.0625
9,9,0.0,0.0625,0.0,0.0,0.0,0.0,0.0,0.0,0.0625,0.8125,0.0625
9,9,0.0,0.0625,0.0,0.0,0.0,0.0,0.0,0.0,0.0625,0.8125,0.0625
9,9,0.0,0.0625,0.0,0.0,0.0,0.0,0.0,0.0,0.0625,0.8125,0.0625
9,9,0.0,0.0625,0.0,0.0,0.0,0.0,0.0,0.0,0.0625,0.8125,0.0625
9,9,0.0,0.0625,0.0,0.0,0.0,0.0,0.0,0.0,0.0625,0.8125,0.0625
9,9,0.0,0.0625,0.0,0.0,0.0,0.0,0.0,0.0,0.0625,0.8125,0.0625
9,9,0.0,0.0625,0.0,0.0,0.0,0.0,0.0,0.0,0.0625,0.8125,0.0625
9,9,0.0,0.0625,0.0,0.0,0.0,0.0,0.0,0.0,0.0625,0.8125,0.0625
9,9,0.0,0.0625,0.0,0.0,0.0,0.0,0.0,0.0,0.0625,0.8125,0.0625
9,9,0.0,0.0625,0.0,0.0,0.0,0.0,0.0,0.0,0.0625,0.8125,0.0625
9,9,0.0,0.0625,0.0,0.0,0.0,0.0,0.0,0.0,0.0625,0.8125,0.0625
9,9,0.0,0.0625,0.0,0.0,0.0,0.0,0.0,0.0,0.0625,0.8125,0.0625
9,9,0.0,0.0625,0.0,0.0,0.0,0.0,0.0,0.0,0.0625,0.8125,0.0625
9,9,0.0,0.0625,0.0,0.0,0.0,0.0,0.0,0.0,0.0625,0.8125,0.0625
9,9,0.0,0.0625,0.0,0.0,0.0,0.0,0.0,0.0,0.0625,0.8125,0.0625
9,9,0.0,0.0625,0.0,0.0,0.0,0.0,0.0,0.0,0.0625,0.8125,0.0625
9,9,0.0,0.0625,0.0,0.0,0.0,0.0,0.0,0.0,0.0625,0.8125,0.0625
9,9,0.0,0.0625,0.0,0.0,0.0,0.0,0.0,0.0,0.0625,0.8125,0.0625
9,9,0.0,0.0625,0.0,0.0,0.0,0.0,0.0,0.0,0.0625,0.8125,0.0625
9,9,0.0,0.0625,0.0,0.0,0.0,0.0,0.0,0.0,0.0625,0.8125,0.0625
9,9,0.0,0.0625,0.0,0.0,0.0,0.0,0.0,0.0,0.0625,0.8125,0.0625
9,9,0.0,0.0625,0.0,0.0,0.0,0.0,0.0,0.0,0.0625,0.8125,0.0625
9,9,0.0,0.0625,0.0,0.0,0.0,0.0,0.0,0.0,0.0625,0.8125,0.0625
9,9,0.0,0.0625,0.0,0.0,0.0,0.0,0.0,0.0,0.0625,0.8125,0.0625
9,9,0.0,0.0625,0.0,0.0,0.0,0.0,0.0,0.0,0.0625,0.8125,0.0625
9,9,0.0,0.0625,0.0,0.0,0.0,0.0,0.0,0.0,0.0625,0.8125,0.0625
9,9,0.0,0.0625,0.0,0.0,0.0,0.0,0.0,0.0,0.0625,0.8125,0.0625
9,9,0.0,0.0625,0.0,0.0,0.0,0.0,0.0,0.0,0.0625,0.8125,0.0625
9,9,0.0,0.125,0.0,0.0,0.0,0.0,0.0,0.0,0.0625,0.75,0.0625
9,9,0.0,0.125,0.0,0.0,0.0,0.0,0.0,0.0,0.0625,0.75,0.0625
9,9,0.0,0.125,0.0,0.0,0.0,0.0,0.0,0.0,0.0625,0.75,0.0625
9,9,0.0,0.125,0.0,0.0,0.0,0.0,0.0,0.0,0.0625,0.75,0.0625
9,9,0.0,0.125,0.0,0.0,0.0,0.0,0.0,0.0,0.0625,0.75,0.0625
9,9,0.0,0.125,0.0,0.0,0.0,0.0,0.0,0.0,0.0625,0.75,0.0625
9,9,0.0,0.125,0.0,0.0,0.0,0.0,0.0,0.0,0.0625,0.75,0.0625
9,9,0.0,0.125,0.0,0.0,0.0,0.0,0.0,0.0,0.0625,0.75,0.0625
9,9,0.0,0.125,0.0,0.0,0.0,0.0,0.0,0.0,0.0625,0.75,0.0625
9,9,0.0,0.125,0.0,0.0,0.0,0.0,0.0,0.0,0.0625,0.75,0.0625
9,9,0.0,0.1875,0.0,0.0,0.0,0.0,0.0,0.0,0.0625,0.6875,0.0625
9,9,0.0,0.1875,0.0,0.0,0.0,0.0,0.0,0.0,0.0625,0.6875,0.0625
9,9,0.0,0.1875,0.0,0.0,0.0,0.0,0.0,0.0,0.0625,0.6875,0.0625
9,9,0.0,0.1875,0.0,0.0,0.0,0.0,0.0,0.0,0.0625,0.6875,0.0625
9,9,0.0,0.1875,0.0,0.0,0.0,0.0,0.0,0.0,0.0625,0.6875,0.0625
9,9,0.0,0.1875,0.0,0.0,0.0,0.0,0.0,0.0,0.0625,0.6875,0.0625
9,9,0.0,0.1875,0.0,0.0,0.0,0.0,0.0,0.0,0.0625,0.6875,0.0625
9,9,0.0,0.1875,0.0,0.0,0.0,0.0,0.0,0.0,0.0625,0.6875,0.0625
9,9,0.0,0.1875,0.0,0.0,0.0,0.0,0.0,0.0,0.0625,0.6875,0.0625
9,9,0.0,0.25,0.0,0.0,0.0,0.0,0.0,0.0,0.0625,0.625,0.0625
9,9,0.0,0.25,0.0,0.0,0.0625,0.0,0.0,0.0,0.0625,0.5625,0.0625
9,9,0.0,0.25,0.0,0.0,0.0625,0.0,0.0,0.0,0.0625,0.5625,0.0625
9,9,0.0,0.25,0.0,0.0,0.0625,0.0,0.0,0.0,0.0625,0.5625,0.0625
9,9,0.0,0.25,0.0,0.0,0.0625,0.0,0.0,0.0,0.0625,0.5625,0.0625
9,9,0.0,0.25,0.0,0.0,0.0625,0.0,0.0,0.0,0.0625,0.5625,0.0625
9,9,0.0,0.25,0.0,0.0,0.0625,0.0,0.0,0.0,0.0625,0.5625,0.0625
9,9,0.0625,0.25,0.0,0.0,0.0625,0.0,0.0,0.0,0.0625,0.5,0.0625
9,9,0.0625,0.25,0.0,0.0,0.0625,0.0,0.0,0.0,0.0625,0.5,0.0625
9,9,0.0625,0.25,0.0,0.0,0.0625,0.0,0.0,0.0,0.0625,0.4375,0.125
9,9,0.0625,0.25,0.0,0.0,0.0625,0.0,0.0,0.0,0.0625,0.4375,0.125
9,9,0.125,0.25,0.0,0.0,0.0625,0.0,0.0,0.0,0.0625,0.375,0.125
9,9,0.125,0.25,0.0,0.0,0.0625,0.0,0.0,0.0,0.0625,0.375,0.125
9,9,0.125,0.25,0.0,0.0,0.0625,0.0,0.0,0.0,0.0625,0.375,0.125
9,9,0.125,0.25,0.0,0.0,0.0625,0.0,0.0,0.0,0.0625,0.375,0.125
9,9,0.125,0.25,0.0,0.0,0.0625,0.0,0.0,0.0,0.0625,0.375,0.125
9,9,0.125,0.25,0.0,0.0,0.0625,0.0,0.0,0.0,0.0625,0.375,0.125
9,1,0.125,0.3125,0.0,0.0,0.0625,0.0,0.0,0.0,0.0625,0.3125,0.125
9,1,0.125,0.3125,0.0,0.0,0.0625,0.0,0.0,0.0,0.0625,0.3125,0.125
9,1,0.125,0.3125,0.0,0.0,0.0625,0.0,0.0,0.0,0.0625,0.3125,0.125
9,1,0.125,0.3125,0.0,0.0,0.0625,0.0,0.0,0.0,0.0625,0.3125,0.125
9,1,0.125,0.375,0.0,0.0,0.0625,0.0,0.0,0.0,0.0625,0.25,0.125
9,1,0.125,0.375,0.0,0.0,0.0625,0.0,0.0,0.0,0.0625,0.25,0.125
9,1,0.1875,0.4375,0.0,0.0,0.0,0.0,0.0,0.0,0.0625,0.1875,0.125
9,1,0.1875,0.4375,0.0,0.0,0.0,0.0,0.0,0.0,0.0625,0.1875,0.125
9,1,0.1875,0.4375,0.0,0.0,0.0,0.0,0.0,0.0,0.0625,0.1875,0.125
9,1,0.1875,0.4375,0.0,0.0,0.0,0.0,0.0,0.0,0.0625,0.1875,0.125
9,1,0.1875,0.4375,0.0,0.0,0.0,0.0,0.0,0.0,0.0625,0.1875,0.125
9,1,0.1875,0.4375,0.0,0.0,0.0,0.0,0.0,0.0,0.0625,0.1875,0.125
9,1,0.1875,0.4375,0.0,0.0,0.0,0.0,0.0,0.0,0.0625,0.1875,0.125
9,1,0.1875,0.5,0.0,0.0,0.0,0.0,0.0,0.0,0.0625,0.125,0.125
9,1,0.1875,0.5,0.0,0.0,0.0,0.0,0.0,0.0,0.0625,0.125,0.125
9,1,0.1875,0.5,0.0,0.0,0.0,0.0,0.0,0.0,0.0625,0.125,0.125
9,1,0.1875,0.5,0.0,0.0,0.0,0.0,0.0,0.0,0.0625,0.125,0.125
9,1,0.1875,0.5,0.0,0.0,0.0,0.0,0.0,0.0,0.0625,0.125,0.125
9,1,0.1875,0.5,0.0,0.0,0.0,0.0,0.0,0.0,0.0625,0.125,0.125
9,1,0.1875,0.5,0.0,0.0,0.0,0.0,0.0,0.0,0.0625,0.125,0.125
9,1,0.1875,0.5,0.0,0.0,0.0,0.0,0.0,0.0,0.0625,0.125,0.125
9,1,0.1875,0.5,0.0,0.0,0.0,0.0,0.0,0.0,0.0625,0.125,0.125
9,1,0.1875,0.5,0.0,0.0,0.0,0.0,0.0,0.0,0.0625,0.125,0.125
9,1,0.1875,0.5,0.0,0.0,0.0,0.0,0.0,0.0,0.0625,0.125,0.125
9,1,0.1875,0.5,0.0,0.0,0.0,0.0,0.0,0.0,0.0625,0.125,0.125
9,1,0.1875,0.5,0.0,0.0,0.0,0.0,0.0,0.0,0.0625,0.125,0.125
9,1,0.1875,0.5,0.0,0.0,0.0,0.0,0.0,0.0,0.0625,0.125,0.125
9,1,0.1875,0.5,0.0,0.0,0.0,0.0,0.0,0.0,0.0625,0.125,0.125
9,1,0.1875,0.5,0.0,0.0,0.0,0.0,0.0,0.0,0.0625,0.125,0.125
9,1,0.1875,0.5,0.0,0.0,0.0,0.0,0.0,0.0,0.0625,0.125,0.125
9,1,0.1875,0.5,0.0,0.0,0.0,0.0,0.0,0.0,0.0625,0.0625,0.1875
9,1,0.1875,0.5,0.0,0.0,0.0,0.0,0.0,0.0,0.0625,0.0625,0.1875
9,1,0.1875,0.5,0.0,0.0,0.0,0.0,0.0,0.0,0.0625,0.0625,0.1875
9,1,0.1875,0.5,0.0,0.0,0.0,0.0,0.0,0.0,0.0625,0.0625,0.1875
9,1,0.1875,0.5,0.0,0.0,0.0,0.0,0.0,0.0,0.0625,0.0625,0.1875
9,1,0.1875,0.5,0.0,0.0,0.0,0.0,0.0,0.0,0.0625,0.0625,0.1875
9,1,0.1875,0.5,0.0,0.0,0.0,0.0,0.0,0.0,0.0625,0.0625,0.1875
9,1,0.1875,0.5,0.0,0.0,0.0,0.0,0.0,0.0,0.0625,0.0625,0.1875
9,1,0.1875,0.5,0.0,0.0,0.0,0.0,0.0,0.0,0.0625,0.0625,0.1875
9,1,0.1875,0.5,0.0,0.0,0.0,0.0,0.0,0.0,0.0625,0.0625,0.1875
9,1,0.1875,0.5,0.0,0.0,0.0,0.0,0.0,0.0,0.0625,0.0625,0.1875
9,1,0.1875,0.5,0.0,0.0,0.0,0.0,0.0,0.0,0.0625,0.0625,0.1875
9,1,0.1875,0.5,0.0,0.0,0.0,0.0,0.0,0.0,0.0625,0.0625,0.1875
9,1,0.1875,0.5,0.0,0.0,0.0,0.0,0.0,0.0,0.0625,0.0625,0.1875
9,1,0.1875,0.5,0.0,0.0,0.0,0.0,0.0,0.0,0.0625,0.0625,0.1875
9,1,0.1875,0.5,0.0,0.0,0.0,0.0,0.0,0.0,0.0625,0.0625,0.1875
9,1,0.1875,0.5,0.0,0.0,0.0,0.0,0.0,0.0,0.0625,0.0625,0.1875
9,1,0.1875,0.5,0.0,0.0,0.0,0.0,0.0,0.0,0.0625,0.0625,0.1875
9,1,0.1875,0.5,0.0,0.0,0.0,0.0,0.0,0.0,0.0625,0.0625,0.1875
9,1,0.1875,0.5,0.0,0.0,0.0,0.0,0.0,0.0,0.0625,0.0625,0.1875
9,1,0.1875,0.5,0.0,0.0,0.0,0.0,0.0,0.0,0.0625,0.0625,0.1875
9,1,0.1875,0.5,0.0,0.0,0.0,0.0,0.0,0.0,0.0625,0.0625,0.1875
9,1,0.1875,0.5,0.0,0.0,0.0,0.0,0.0,0.0,0.0625,0.0625,0.1875
9,1,0.1875,0.5,0.0,0.0,0.0,0.0,0.0,0.0,0.0625,0.0625,0.1875
9,1,0.1875,0.5,0.0,0.0,0.0,0.0,0.0,0.0,0.0625,0.0625,0.1875
9,1,0.1875,0.5,0.0,0.0,0.0,0.0,0.0,0.0,0.0625,0.0625,0.1875
9,1,0.1875,0.5,0.0,0.0,0.0,0.0,0.0,0.0,0.0625,0.0625,0.1875
9,1,0.1875,0.5,0.0,0.0,0.0,0.0,0.0,0.0,0.0625,0.0625,0.1875
9,1,0.1875,0.5,0.0,0.0,0.0,0.0,0.0,0.0,0.0625,0.0625,0.1875
9,1,0.1875,0.5,0.0,0.0,0.0,0.0,0.0,0.0,0.0625,0.0625,0.1875
9,1,0.1875,0.5,0.0,0.0,0.0,0.0,0.0,0.0,0.0625,0.0625,0.1875
9,1,0.1875,0.5,0.0,0.0,0.0,0.0,0.0,0.0,0.0625,0.0625,0.1875
9,1,0.1875,0.5,0.0,0.0,0.0,0.0,0.0,0.0,0.0625,0.0625,0.1875
9,1,0.1875,0.5,0.0,0.0,0.0,0.0,0.0,0.0,0.0625,0.0625,0.1875
9,1,0.1875,0.5,0.0,0.0,0.0,0.0,0.0,0.0,0.0625,0.0625,0.1875
9,1,0.1875,0.5,0.0,0.0,0.0,0.0,0.0,0.0,0.0625,0.0625,0.1875
9,1,0.1875,0.5,0.0,0.0,0.0,0.0,0.0,0.0,0.0625,0.0625,0.1875
9,1,0.1875,0.5,0.0,0.0,0.0,0.0,0.0,0.0,0.0625,0.0625,0.1875
9,1,0.1875,0.5,0.0,0.0,0.0,0.0,0.0,0.0,0.0625,0.0625,0.1875
9,1,0.1875,0.5,0.0,0.0,0.0,0.0,0.0,0.0,0.0625,0.0625,0.1875
9,1,0.1875,0.5,0.0,0.0,0.0,0.0,0.0,0.0,0.0625,0.0,0.25
9,1,0.1875,0.5,0.0,0.0,0.0,0.0,0.0,0.0,0.0625,0.0,0.25
9,1,0.1875,0.5,0.0,0.0,0.0,0.0,0.0,0.0,0.0625,0.0,0.25
9,1,0.1875,0.5,0.0,0.0,0.0,0.0,0.0,0.0,0.0625,0.0,0.25
9,1,0.1875,0.5,0.0,0.0,0.0,0.0,0.0,0.0,0.0625,0.0,0.25
9,1,0.1875,0.5,0.0,0.0,0.0,0.0,0.0,0.0,0.0625,0.0,0.25
9,1,0.1875,0.5,0.0,0.0,0.0,0.0,0.0,0.0,0.0625,0.0,0.25
9,1,0.1875,0.5,0.0,0.0,0.0,0.0,0.0,0.0,0.0625,0.0,0.25
9,1,0.1875,0.5,0.0,0.0,0.0,0.0,0.0,0.0,0.0625,0.0,0.25
9,1,0.1875,0.5,0.0,0.0,0.0,0.0,0.0,0.0,0.0625,0.0,0.25
9,1,0.1875,0.5,0.0,0.0,0.0,0.0,0.0,0.0,0.0625,0.0,0.25
9,1,0.1875,0.5,0.0,0.0,0.0,0.0,0.0,0.0,0.0625,0.0,0.25
9,1,0.1875,0.5,0.0,0.0,0.0,0.0,0.0,0.0,0.0625,0.0,0.25
9,1,0.1875,0.5,0.0,0.0,0.0,0.0,0.0,0.0,0.0625,0.0,0.25
9,1,0.1875,0.5,0.0,0.0,0.0,0.0,0.0,0.0,0.0625,0.0,0.25
9,1,0.1875,0.5,0.0,0.0,0.0,0.0,0.0,0.0,0.0625,0.0,0.25
9,1,0.1875,0.5,0.0,0.0,0.0,0.0,0.0,0.0,0.0625,0.0,0.25
9,1,0.1875,0.5,0.0,0.0,0.0,0.0,0.0,0.0,0.0625,0.0,0.25
9,1,0.1875,0.5,0.0,0.0,0.0,0.0,0.0,0.0,0.0625,0.0,0.25
9,1,0.1875,0.5,0.0,0.0,0.0,0.0,0.0,0.0,0.0625,0.0,0.25
9,1,0.1875,0.5,0.0,0.0,0.0,0.0,0.0,0.0,0.0625,0.0,0.25
9,1,0.1875,0.5,0.0,0.0,0.0,0.0,0.0,0.0,0.0625,0.0,0.25
9,1,0.1875,0.5,0.0,0.0,0.0,0.0,0.0,0.0,0.0625,0.0,0.25
9,1,0.1875,0.5,0.0,0.0,0.0,0.0,0.0,0.0,0.0625,0.0,0.25
9,1,0.1875,0.5,0.0,0.0,0.0,0.0,0.0,0.0,0.0625,0.0,0.25
9,1,0.1875,0.5,0.0,0.0,0.0,0.0,0.0,0.0,0.0625,0.0,0.25
9,1,0.1875,0.5,0.0,0.0,0.0,0.0,0.0,0.0,0.0625,0.0,0.25
9,1,0.1875,0.5,0.0,0.0,0.0,0.0,0.0,0.0,0.0625,0.0,0.25
9,1,0.1875,0.5,0.0,0.0,0.0,0.0,0.0,0.0,0.0625,0.0,0.25
9,1,0.1875,0.5,0.0,0.0,0.0,0.0,0.0,0.0,0.0625,0.0,0.25
9,1,0.1875,0.5,0.0,0.0,0.0,0.0,0.0,0.0,0.0625,0.0,0.25
9,1,0.1875,0.5,0.0,0.0,0.0,0.0,0.0,0.0,0.0625,0.0,0.25
9,1,0.1875,0.5,0.0,0.0,0.0,0.0,0.0,0.0,0.0625,0.0,0.25
9,1,0.1875,0.5,0.0,0.0,0.0,0.0,0.0,0.0,0.0625,0.0,0.25
9,1,0.1875,0.5,0.0,0.0,0.0,0.0,0.0,0.0,0.0625,0.0,0.25
9,1,0.1875,0.5,0.0,0.0,0.0,0.0,0.0,0.0,0.0625,0.0,0.25
9,1,0.1875,0.5,0.0,0.0,0.0,0.0,0.0,0.0,0.0625,0.0,0.25
9,1,0.1875,0.5,0.0,0.0,0.0,0.0,0.0,0.0,0.0625,0.0,0.25
9,1,0.1875,0.5,0.0,0.0,0.0,0.0,0.0,0.0,0.0625,0.0,0.25
9,1,0.1875,0.5,0.0,0.0,0.0,0.0,0.0,0.0,0.0625,0.0,0.25
9,1,0.1875,0.5,0.0,0.0,0.0,0.0,0.0,0.0,0.0625,0.0,0.25
9,1,0.1875,0.5,0.0,0.0,0.0,0.0,0.0,0.0,0.0625,0.0,0.25
9,1,0.1875,0.5,0.0,0.0,0.0,0.0,0.0,0.0,0.0625,0.0,0.25
9,1,0.1875,0.5,0.0,0.0,0.0,0.0,0.0,0.0,0.0625,0.0,0.25
10,1,0.1875,0.5,0.0,0.0,0.0,0.0,0.0,0.0,0.0625,0.0,0.25
10,1,0.1875,0.5,0.0,0.0,0.0,0.0,0.0,0.0,0.0625,0.0,0.25
10,1,0.1875,0.5,0.0,0.0,0.0,0.0,0.0,0.0,0.0625,0.0,0.25
10,1,0.1875,0.5,0.0,0.0,0.0,0.0,0.0,0.0,0.0625,0.0,0.25
10,1,0.1875,0.5,0.0,0.0,0.0,0.0,0.0,0.0,0.0625,0.0,0.25
10,1,0.1875,0.5,0.0,0.0,0.0,0.0,0.0,0.0,0.0625,0.0,0.25
10,1,0.1875,0.5,0.0,0.0,0.0,0.0,0.0,0.0,0.0625,0.0,0.25
10,1,0.1875,0.5,0.0,0.0,0.0,0.0,0.0,0.0,0.0625,0.0,0.25
10,1,0.1875,0.5,0.0,0.0,0.0,0.0,0.0,0.0,0.0625,0.0,0.25
10,1,0.1875,0.5,0.0,0.0,0.0,0.0,0.0,0.0,0.0625,0.0,0.25
10,1,0.1875,0.5,0.0,0.0,0.0,0.0,0.0,0.0,0.0625,0.0,0.25
10,1,0.1875,0.5,0.0,0.0,0.0,0.0,0.0,0.0,0.0625,0.0,0.25
10,1,0.1875,0.5,0.0,0.0,0.0,0.0,0.0,0.0,0.0625,0.0,0.25
10,1,0.1875,0.5,0.0,0.0,0.0,0.0,0.0,0.0,0.0625,0.0,0.25
10,1,0.1875,0.5,0.0,0.0,0.0,0.0,0.0,0.0,0.0625,0.0,0.25
10,1,0.1875,0.5,0.0,0.0,0.0,0.0,0.0,0.0,0.0625,0.0,0.25
10,1,0.1875,0.5,0.0,0.0,0.0,0.0,0.0,0.0,0.0625,0.0,0.25
10,1,0.1875,0.5,0.0,0.0,0.0,0.0,0.0,0.0,0.0625,0.0,0.25
10,1,0.1875,0.5,0.0,0.0,0.0,0.0,0.0,0.0,0.0625,0.0,0.25
10,1,0.1875,0.5,0.0,0.0,0.0,0.0,0.0,0.0,0.0625,0.0,0.25
10,1,0.1875,0.5,0.0,0.0,0.0,0.0,0.0,0.0,0.0625,0.0,0.25
10,1,0.1875,0.5,0.0,0.0,0.0,0.0,0.0,0.0,0.0625,0.0,0.25
10,1,0.1875,0.5,0.0,0.0,0.0,0.0,0.0,0.0,0.0625,0.0,0.25
10,1,0.1875,0.5,0.0,0.0,0.0,0.0,0.0,0.0,0.0625,0.0,0.25
10,1,0.1875,0.5,0.0,0.0,0.0,0.0,0.0,0.0,0.0625,0.0,0.25
10,1,0.1875,0.5,0.0,0.0,0.0,0.0,0.0,0.0,0.0625,0.0,0.25
10,1,0.1875,0.5,0.0,0.0,0.0,0.0,0.0,0.0,0.0625,0.0,0.25
10,1,0.1875,0.5,0.0,0.0,0.0,0.0,0.0,0.0,0.0625,0.0,0.25
10,1,0.1875,0.5,0.0,0.0,0.0,0.0,0.0,0.0,0.0625,0.0,0.25
10,1,0.1875,0.5,0.0,0.0,0.0,0.0,0.0,0.0,0.0625,0.0,0.25
10,1,0.1875,0.5,0.0,0.0,0.0,0.0,0.0,0.0,0.0625,0.0,0.25
10,1,0.1875,0.5,0.0,0.0,0.0,0.0,0.0,0.0,0.0625,0.0,0.25
10,1,0.1875,0.5,0.0,0.0,0.0,0.0,0.0,0.0,0.0625,0.0,0.25
10,1,0.1875,0.5,0.0,0.0,0.0,0.0,0.0,0.0,0.0625,0.0,0.25
10,1,0.1875,0.5,0.0,0.0,0.0,0.0,0.0,0.0,0.0625,0.0,0.25
10,1,0.1875,0.5,0.0,0.0,0.0,0.0,0.0,0.0,0.0625,0.0,0.25
10,1,0.1875,0.5,0.0,0.0,0.0,0.0,0.0,0.0,0.0625,0.0,0.25
10,1,0.1875,0.5,0.0,0.0,0.0,0.0,0.0,0.0,0.0625,0.0,0.25
10,1,0.1875,0.5,0.0,0.0,0.0,0.0,0.0,0.0,0.0625,0.0,0.25
10,1,0.1875,0.5,0.0,0.0,0.0,0.0,0.0,0.0,0.0625,0.0,0.25
10,1,0.1875,0.5,0.0,0.0,0.0,0.0,0.0,0.0,0.0625,0.0,0.25
10,1,0.1875,0.5,0.0,0.0,0.0,0.0,0.0,0.0,0.0625,0.0,0.25
10,1,0.1875,0.5,0.0,0.0,0.0,0.0,0.0,0.0,0.0625,0.0,0.25
10,1,0.1875,0.5,0.0,0.0,0.0,0.0,0.0,0.0,0.0625,0.0,0.25
10,1,0.1875,0.5,0.0,0.0,0.0,0.0,0.0,0.0,0.0625,0.0,0.25
10,1,0.1875,0.5,0.0,0.0,0.0,0.0,0.0,0.0,0.0625,0.0,0.25
10,1,0.1875,0.5,0.0,0.0,0.0,0.0,0.0,0.0,0.0625,0.0,0.25
10,1,0.1875,0.5,0.0,0.0,0.0,0.0,0.0,0.0,0.0625,0.0,0.25
10,1,0.1875,0.5,0.0,0.0,0.0,0.0,0.0,0.0,0.0625,0.0,0.25
10,1,0.1875,0.5,0.0,0.0,0.0,0.0,0.0,0.0,0.0625,0.0,0.25
10,1,0.1875,0.5,0.0,0.0,0.0,0.0,0.0,0.0,0.0625,0.0,0.25
10,1,0.1875,0.5,0.0,0.0,0.0,0.0,0.0,0.0,0.0625,0.0,0.25
10,1,0.1875,0.5,0.0,0.0,0.0,0.0,0.0,0.0,0.0625,0.0,0.25
10,1,0.1875,0.5,0.0,0.0,0.0,0.0,0.0,0.0,0.0625,0.0,0.25
10,1,0.1875,0.5,0.0,0.0,0.0,0.0,0.0,0.0,0.0625,0.0,0.25
10,1,0.1875,0.5,0.0,0.0,0.0,0.0,0.0,0.0,0.0625,0.0,0.25
10,1,0.1875,0.5,0.0,0.0,0.0,0.0,0.0,0.0,0.0625,0.0,0.25
10,1,0.1875,0.5,0.0,0.0,0.0,0.0,0.0,0.0,0.0625,0.0,0.25
10,1,0.1875,0.5,0.0,0.0,0.0,0.0,0.0,0.0,0.0625,0.0,0.25
10,1,0.1875,0.5,0.0,0.0,0.0,0.0,0.0,0.0,0.0625,0.0,0.25
10,1,0.1875,0.5,0.0,0.0,0.0,0.0,0.0,0.0,0.0625,0.0,0.25
10,1,0.1875,0.5,0.0,0.0,0.0,0.0,0.0,0.0,0.0625,0.0,0.25
10,1,0.1875,0.5,0.0,0.0,0.0,0.0,0.0,0.0,0.0625,0.0,0.25
10,1,0.1875,0.5,0.0,0.0,0.0,0.0,0.0,0.0,0.0625,0.0,0.25
10,1,0.1875,0.5,0.0,0.0,0.0,0.0,0.0,0.0,0.0625,0.0,0.25
10,1,0.1875,0.5,0.0,0.0,0.0,0.0,0.0,0.0,0.0625,0.0,0.25
10,1,0.1875,0.5,0.0,0.0,0.0,0.0,0.0,0.0,0.0625,0.0,0.25
10,1,0.1875,0.5,0.0,0.0,0.0,0.0,0.0,0.0,0.0625,0.0,0.25
10,1,0.1875,0.5,0.0,0.0,0.0,0.0,0.0,0.0,0.0625,0.0,0.25
10,1,0.1875,0.5,0.0,0.0,0.0,0.0,0.0,0.0,0.0625,0.0,0.25
10,1,0.1875,0.5,0.0,0.0,0.0,0.0,0.0,0.0,0.0625,0.0,0.25
10,1,0.1875,0.5,0.0,0.0,0.0,0.0,0.0,0.0,0.0625,0.0,0.25
10,1,0.1875,0.5,0.0,0.0,0.0,0.0,0.0,0.0,0.0625,0.0,0.25
10,1,0.1875,0.5,0.0,0.0,0.0,0.0,0.0,0.0,0.0625,0.0,0.25
10,1,0.1875,0.5,0.0,0.0,0.0,0.0,0.0,0.0,0.0625,0.0,0.25
10,1,0.1875,0.5,0.0,0.0,0.0,0.0,0.0,0.0,0.0625,0.0,0.25
10,1,0.1875,0.5,0.0,0.0,0.0,0.0,0.0,0.0,0.0625,0.0,0.25
10,1,0.1875,0.5,0.0,0.0,0.0,0.0,0.0,0.0,0.0625,0.0,0.25
10,1,0.1875,0.5,0.0,0.0,0.0,0.0,0.0,0.0,0.0625,0.0,0.25
10,1,0.1875,0.5,0.0,0.0,0.0,0.0,0.0,0.0,0.0625,0.0,0.25
10,1,0.1875,0.5,0.0,0.0,0.0,0.0,0.0,0.0,0.0625,0.0,0.25
10,1,0.1875,0.5,0.0,0.0,0.0,0.0,0.0,0.0,0.0625,0.0,0.25
10,1,0.1875,0.5,0.0,0.0,0.0,0.0,0.0,0.0,0.0625,0.0,0.25
10,1,0.1875,0.5,0.0,0.0,0.0,0.0,0.0,0.0,0.0625,0.0,0.25
10,1,0.1875,0.5,0.0,0.0,0.0,0.0,0.0,0.0,0.0625,0.0,0.25
10,1,0.1875,0.5,0.0,0.0,0.0,0.0,0.0,0.0,0.0625,0.0,0.25
10,1,0.1875,0.5,0.0,0.0,0.0,0.0,0.0,0.0,0.0625,0.0,0.25
10,1,0.1875,0.5,0.0,0.0,0.0,0.0,0.0,0.0,0.0625,0.0,0.25
10,1,0.1875,0.5,0.0,0.0,0.0,0.0,0.0,0.0,0.0625,0.0,0.25
10,1,0.1875,0.5,0.0,0.0,0.0,0.0,0.0,0.0,0.0625,0.0,0.25
10,1,0.0625,0.5,0.0,0.0,0.0,0.0,0.0,0.0,0.0625,0.0,0.375
10,1,0.0625,0.5,0.0,0.0,0.0,0.0,0.0,0.0,0.0625,0.0,0.375
10,1,0.0625,0.5,0.0,0.0,0.0,0.0,0.0,0.0,0.0625,0.0,0.375
10,1,0.0625,0.5,0.0,0.0,0.0,0.0,0.0,0.0,0.0625,0.0,0.375
10,1,0.0625,0.5,0.0,0.0,0.0,0.0,0.0,0.0,0.0625,0.0,0.375
10,1,0.0625,0.5,0.0,0.0,0.0,0.0,0.0,0.0,0.0625,0.0,0.375
10,1,0.0625,0.5,0.0,0.0,0.0,0.0,0.0,0.0,0.0625,0.0,0.375
10,1,0.0625,0.5,0.0,0.0,0.0,0.0,0.0,0.0,0.0625,0.0,0.375
10,1,0.0625,0.5,0.0,0.0,0.0,0.0,0.0,0.0,0.0625,0.0,0.375
10,1,0.0625,0.5,0.0,0.0,0.0,0.0,0.0,0.0,0.0625,0.0,0.375
10,1,0.0625,0.4375,0.0,0.0,0.0,0.0,0.0,0.0,0.0625,0.0,0.4375
10,1,0.0625,0.4375,0.0,0.0,0.0,0.0,0.0,0.0,0.0625,0.0,0.4375
10,1,0.0625,0.4375,0.0,0.0,0.0,0.0,0.0,0.0,0.0625,0.0,0.4375
10,1,0.0625,0.4375,0.0,0.0,0.0,0.0,0.0,0.0,0.0625,0.0,0.4375
10,1,0.0625,0.4375,0.0,0.0,0.0,0.0,0.0,0.0,0.0625,0.0,0.4375
10,1,0.0625,0.4375,0.0,0.0,0.0,0.0,0.0,0.0,0.0625,0.0,0.4375
10,10,0.0625,0.375,0.0,0.0,0.0,0.0,0.0,0.0,0.0625,0.0,0.5
10,10,0.0625,0.375,0.0,0.0,0.0,0.0,0.0,0.0,0.0625,0.0,0.5
10,10,0.0625,0.375,0.0,0.0,0.0,0.0,0.0,0.0,0.0625,0.0,0.5
10,10,0.0625,0.375,0.0,0.0,0.0,0.0,0.0,0.0,0.0625,0.0,0.5
10,10,0.0625,0.375,0.0,0.0,0.0,0.0,0.0,0.0,0.0625,0.0,0.5
10,10,0.0625,0.375,0.0,0.0,0.0,0.0,0.0,0.0,0.0625,0.0,0.5
10,10,0.0625,0.3125,0.0,0.0,0.0,0.0,0.0,0.0,0.0625,0.0,0.5625
10,10,0.0625,0.3125,0.0,0.0,0.0,0.0,0.0,0.0,0.0625,0.0,0.5625
10,10,0.0625,0.3125,0.0,0.0,0.0,0.0,0.0,0.0,0.0625,0.0,0.5625
10,10,0.0625,0.3125,0.0,0.0,0.0,0.0,0.0,0.0,0.0625,0.0,0.5625
10,10,0.0625,0.3125,0.0,0.0,0.0,0.0,0.0,0.0,0.0625,0.0,0.5625
10,10,0.0625,0.3125,0.0,0.0,0.0,0.0,0.0,0.0,0.0625,0.0,0.5625
10,10,0.0625,0.3125,0.0,0.0,0.0,0.0,0.0,0.0,0.0625,0.0,0.5625
10,10,0.0625,0.3125,0.0,0.0,0.0,0.0,0.0,0.0,0.0625,0.0,0.5625
10,10,0.0625,0.3125,0.0,0.0,0.0,0.0,0.0,0.0,0.0625,0.0,0.5625
10,10,0.0625,0.3125,0.0,0.0,0.0,0.0,0.0,0.0,0.0625,0.0,0.5625
10,10,0.0625,0.3125,0.0,0.0,0.0,0.0,0.0,0.0,0.0625,0.0,0.5625
10,10,0.0625,0.3125,0.0,0.0,0.0,0.0,0.0,0.0,0.0625,0.0,0.5625
10,10,0.0625,0.3125,0.0,0.0,0.0,0.0,0.0,0.0,0.0625,0.0,0.5625
10,10,0.0625,0.3125,0.0,0.0,0.0,0.0,0.0,0.0,0.0625,0.0,0.5625
10,10,0.0625,0.25,0.0,0.0,0.0,0.0,0.0,0.0,0.0625,0.0,0.625
10,10,0.0625,0.25,0.0,0.0,0.0,0.0,0.0,0.0,0.0625,0.0,0.625
10,10,0.0625,0.25,0.0,0.0,0.0,0.0,0.0,0.0,0.0625,0.0,0.625
10,10,0.0625,0.25,0.0,0.0,0.0,0.0,0.0,0.0,0.0625,0.0,0.625
10,10,0.0625,0.25,0.0,0.0,0.0,0.0,0.0,0.0,0.0625,0.0,0.625
10,10,0.0625,0.25,0.0,0.0,0.0,0.0,0.0,0.0,0.0625,0.0,0.625
10,10,0.0625,0.25,0.0,0.0,0.0,0.0,0.0,0.0,0.0625,0.0,0.625
10,10,0.0625,0.1875,0.0,0.0,0.0,0.0,0.0,0.0,0.0625,0.0,0.6875
10,10,0.0625,0.1875,0.0,0.0,0.0,0.0,0.0,0.0,0.0625,0.0,0.6875
10,10,0.0625,0.125,0.0,0.0,0.0,0.0,0.0,0.0,0.0625,0.0,0.75
10,10,0.0625,0.125,0.0,0.0,0.0,0.0,0.0,0.0,0.0625,0.0,0.75
10,10,0.0625,0.125,0.0,0.0,0.0,0.0,0.0,0.0,0.0625,0.0,0.75
10,10,0.0625,0.125,0.0,0.0,0.0,0.0,0.0,0.0,0.0625,0.0,0.75
10,10,0.0625,0.125,0.0,0.0,0.0,0.0,0.0,0.0,0.0625,0.0,0.75
10,10,0.0625,0.0625,0.0,0.0,0.0,0.0,0.0,0.0,0.0625,0.0,0.8125
10,10,0.0625,0.0625,0.0,0.0,0.0,0.0,0.0,0.0,0.0625,0.0,0.8125
10,10,0.0625,0.0625,0.0,0.0,0.0,0.0,0.0,0.0,0.0625,0.0,0.8125
10,10,0.0625,0.0625,0.0,0.0,0.0,0.0,0.0,0.0,0.0625,0.0,0.8125
10,10,0.0625,0.0625,0.0,0.0,0.0,0.0,0.0,0.0,0.0625,0.0,0.8125
10,10,0.0625,0.0625,0.0,0.0,0.0,0.0,0.0,0.0,0.0625,0.0,0.8125
10,10,0.0625,0.0625,0.0,0.0,0.0,0.0,0.0,0.0,0.0625,0.0,0.8125
10,10,0.0625,0.0625,0.0,0.0,0.0,0.0,0.0,0.0,0.0625,0.0,0.8125
10,10,0.0625,0.0625,0.0,0.0,0.0,0.0,0.0,0.0,0.0625,0.0,0.8125
10,10,0.0625,0.0625,0.0,0.0,0.0,0.0,0.0,0.0,0.0625,0.0,0.8125
10,10,0.0625,0.0625,0.0,0.0,0.0,0.0,0.0,0.0,0.0625,0.0,0.8125
10,10,0.0625,0.0625,0.0,0.0,0.0,0.0,0.0,0.0,0.0625,0.0,0.8125
10,10,0.0625,0.0625,0.0,0.0,0.0,0.0,0.0,0.0,0.0625,0.0,0.8125
10,10,0.0625,0.0625,0.0,0.0,0.0,0.0,0.0,0.0,0.0625,0.0,0.8125
10,10,0.0625,0.0625,0.0,0.0,0.0,0.0,0.0,0.0,0.0625,0.0,0.8125
10,10,0.0625,0.0625,0.0,0.0,0.0,0.0,0.0,0.0,0.0625,0.0,0.8125
10,10,0.0,0.0625,0.0,0.0,0.0,0.0,0.0,0.0,0.0625,0.0,0.875
10,10,0.0,0.0625,0.0,0.0,0.0,0.0,0.0,0.0,0.0625,0.0,0.875
10,10,0.0,0.0625,0.0,0.0,0.0,0.0,0.0,0.0,0.0625,0.0,0.875
10,10,0.0,0.0625,0.0,0.0,0.0,0.0,0.0,0.0,0.0625,0.0,0.875
10,10,0.0,0.0625,0.0,0.0,0.0,0.0,0.0,0.0,0.0625,0.0,0.875
10,10,0.0,0.0625,0.0,0.0,0.0,0.0,0.0,0.0,0.0625,0.0,0.875
10,10,0.0,0.0625,0.0,0.0,0.0,0.0,0.0,0.0,0.0625,0.0,0.875
10,10,0.0,0.0625,0.0,0.0,0.0,0.0,0.0,0.0,0.0625,0.0,0.875
10,10,0.0,0.0625,0.0,0.0,0.0,0.0,0.0,0.0,0.0625,0.0,0.875
10,10,0.0,0.0625,0.0,0.0,0.0,0.0,0.0,0.0,0.0625,0.0,0.875
10,10,0.0,0.0625,0.0,0.0,0.0,0.0,0.0,0.0,0.0625,0.0,0.875
10,10,0.0,0.0625,0.0,0.0,0.0,0.0,0.0,0.0,0.0625,0.0,0.875
10,10,0.0,0.0625,0.0,0.0,0.0,0.0,0.0,0.0,0.0625,0.0,0.875
10,10,0.0,0.0625,0.0,0.0,0.0,0.0,0.0,0.0,0.0625,0.0,0.875
10,10,0.0,0.0625,0.0,0.0,0.0,0.0,0.0,0.0,0.0625,0.0,0.875
10,10,0.0,0.0625,0.0,0.0,0.0,0.0,0.0,0.0,0.0625,0.0,0.875
10,10,0.0,0.0625,0.0,0.0,0.0,0.0,0.0,0.0,0.0625,0.0,0.875
10,10,0.0,0.0625,0.0,0.0,0.0,0.0,0.0,0.0,0.0625,0.0,0.875
10,10,0.0,0.0625,0.0,0.0,0.0,0.0,0.0,0.0,0.0625,0.0,0.875
10,10,0.0,0.0625,0.0,0.0,0.0,0.0,0.0,0.0,0.0625,0.0,0.875
10,10,0.0,0.0625,0.0,0.0,0.0,0.0,0.0,0.0,0.0625,0.0,0.875
10,10,0.0,0.0625,0.0,0.0,0.0,0.0,0.0,0.0,0.0625,0.0,0.875
10,10,0.0,0.0625,0.0,0.0,0.0,0.0,0.0,0.0,0.0625,0.0,0.875
10,10,0.0,0.0625,0.0,0.0,0.0,0.0,0.0,0.0,0.0625,0.0,0.875
10,10,0.0,0.0625,0.0,0.0,0.0,0.0,0.0,0.0,0.0625,0.0,0.875
10,10,0.0,0.0625,0.0,0.0,0.0,0.0,0.0,0.0,0.0625,0.0,0.875
10,10,0.0,0.0625,0.0,0.0,0.0,0.0,0.0,0.0,0.0625,0.0,0.875
10,10,0.0,0.0625,0.0,0.0,0.0,0.0,0.0,0.0,0.0625,0.0,0.875
10,10,0.0,0.0625,0.0,0.0,0.0,0.0,0.0,0.0,0.0625,0.0,0.875
10,10,0.0,0.0625,0.0,0.0,0.0,0.0,0.0,0.0,0.0625,0.0,0.875
10,10,0.0,0.0625,0.0,0.0,0.0,0.0,0.0,0.0,0.0625,0.0,0.875
10,10,0.0,0.0625,0.0,0.0,0.0,0.0,0.0,0.0,0.0625,0.0,0.875
10,10,0.0,0.0625,0.0,0.0,0.0,0.0,0.0,0.0,0.0625,0.0,0.875
10,10,0.0,0.0625,0.0,0.0,0.0,0.0,0.0,0.0,0.0625,0.0,0.875
10,10,0.0,0.0625,0.0,0.0,0.0,0.0,0.0,0.0,0.0625,0.0,0.875
10,10,0.0,0.0625,0.0,0.0,0.0,0.0,0.0,0.0,0.0625,0.0,0.875
10,10,0.0,0.0625,0.0,0.0,0.0,0.0,0.0,0.0,0.0625,0.0,0.875
10,10,0.0,0.0625,0.0,0.0,0.0,0.0,0.0,0.0,0.0625,0.0,0.875
10,10,0.0,0.0625,0.0,0.0,0.0,0.0,0.0,0.0,0.0625,0.0,0.875
10,10,0.0,0.0625,0.0,0.0,0.0,0.0,0.0,0.0,0.0625,0.0,0.875
10,10,0.0,0.0625,0.0,0.0,0.0,0.0,0.0,0.0,0.0625,0.0,0.875
10,10,0.0,0.0625,0.0,0.0,0.0,0.0,0.0,0.0,0.0625,0.0,0.875
10,10,0.0,0.0625,0.0,0.0,0.0,0.0,0.0,0.0,0.0625,0.0,0.875
10,10,0.0,0.0625,0.0,0.0,0.0,0.0,0.0,0.0,0.0625,0.0,0.875
10,10,0.0,0.0625,0.0,0.0,0.0,0.0,0.0,0.0,0.0625,0.0,0.875
10,10,0.0,0.0625,0.0,0.0,0.0,0.0,0.0,0.0,0.0625,0.0,0.875
10,10,0.0,0.0625,0.0,0.0,0.0,0.0,0.0,0.0,0.0625,0.0,0.875
10,10,0.0,0.0625,0.0,0.0,0.0,0.0,0.0,0.0,0.0625,0.0,0.875
10,10,0.0,0.0,0.0,0.0,0.0,0.0,0.0,0.0,0.0,0.0,1.0
10,10,0.0,0.0,0.0,0.0,0.0,0.0,0.0,0.0,0.0,0.0,1.0
10,10,0.0,0.0,0.0,0.0,0.0,0.0,0.0,0.0,0.0,0.0,1.0
10,10,0.0,0.0,0.0,0.0,0.0,0.0,0.0,0.0,0.0,0.0,1.0
10,10,0.0,0.0,0.0,0.0,0.0,0.0,0.0,0.0,0.0,0.0,1.0
10,10,0.0,0.0,0.0,0.0,0.0,0.0,0.0,0.0,0.0,0.0,1.0
10,10,0.0,0.0,0.0,0.0,0.0,0.0,0.0,0.0,0.0,0.0,1.0
10,10,0.0,0.0,0.0,0.0,0.0,0.0,0.0,0.0,0.0,0.0,1.0
10,10,0.0,0.0,0.0,0.0,0.0,0.0,0.0,0.0,0.0,0.0,1.0
10,10,0.0,0.0,0.0,0.0,0.0,0.0,0.0,0.0,0.0,0.0,1.0
10,10,0.0,0.0,0.0,0.0,0.0,0.0,0.0,0.0,0.0,0.0,1.0
10,10,0.0,0.0,0.0,0.0,0.0,0.0,0.0,0.0,0.0,0.0,1.0
10,10,0.0,0.0,0.0,0.0,0.0,0.0,0.0,0.0,0.0,0.0,1.0
10,10,0.0,0.0,0.0,0.0,0.0,0.0,0.0,0.0,0.0,0.0,1.0
10,10,0.0,0.0,0.0,0.0,0.0,0.0,0.0,0.0,0.0,0.0,1.0
10,10,0.0,0.0,0.0,0.0,0.0,0.0,0.0,0.0,0.0,0.0,1.0
10,10,0.0,0.0,0.0,0.0,0.0,0.0,0.0,0.0,0.0,0.0,1.0
10,10,0.0,0.0,0.0,0.0,0.0,0.0,0.0,0.0,0.0,0.0,1.0
10,10,0.0,0.0,0.0,0.0,0.0,0.0,0.0,0.0,0.0,0.0,1.0
10,10,0.0,0.0,0.0,0.0,0.0,0.0,0.0,0.0,0.0,0.0,1.0
10,10,0.0,0.0,0.0,0.0,0.0,0.0,0.0,0.0,0.0,0.0,1.0
10,10,0.0,0.0,0.0,0.0,0.0,0.0,0.0,0.0,0.0,0.0,1.0
10,10,0.0,0.0,0.0,0.0,0.0,0.0,0.0,0.0,0.0,0.0,1.0
10,10,0.0,0.0,0.0,0.0,0.0,0.0,0.0,0.0,0.0,0.0,1.0
10,10,0.0,0.0,0.0,0.0,0.0,0.0,0.0,0.0,0.0,0.0,1.0
10,10,0.0,0.0,0.0,0.0,0.0,0.0,0.0,0.0,0.0,0.0,1.0
10,10,0.0,0.0,0.0,0.0,0.0,0.0,0.0,0.0,0.0,0.0,1.0
10,10,0.0,0.0,0.0,0.0,0.0,0.0,0.0,0.0,0.0,0.0,1.0
10,10,0.0,0.0,0.0,0.0,0.0,0.0,0.0,0.0,0.0,0.0,1.0
10,10,0.0,0.0,0.0,0.0,0.0,0.0,0.0,0.0,0.0,0.0,1.0
10,10,0.0,0.0,0.0,0.0,0.0,0.0,0.0,0.0,0.0,0.0,1.0
10,10,0.0,0.0,0.0,0.0,0.0,0.0,0.0,0.0,0.0,0.0,1.0
10,10,0.0,0.0,0.0,0.0,0.0,0.0,0.0,0.0,0.0,0.0,1.0
10,10,0.0,0.0,0.0,0.0,0.0,0.0,0.0,0.0,0.0,0.0,1.0
10,10,0.0,0.0,0.0,0.0,0.0,0.0,0.0,0.0,0.0,0.0,1.0
10,10,0.0,0.0,0.0,0.0,0.0,0.0,0.0,0.0,0.0,0.0,1.0
10,10,0.0,0.0,0.0,0.0,0.0,0.0,0.0,0.0,0.0,0.0,1.0
10,10,0.0,0.0,0.0,0.0,0.0,0.0,0.0,0.0,0.0,0.0,1.0
10,10,0.0,0.0,0.0,0.0,0.0,0.0,0.0,0.0,0.0,0.0,1.0
10,10,0.0,0.0,0.0,0.0,0.0,0.0,0.0,0.0,0.0,0.0,1.0
10,10,0.0,0.0,0.0,0.0,0.0,0.0,0.0,0.0,0.0,0.0,1.0
10,10,0.0,0.0,0.0,0.0,0.0,0.0,0.0,0.0,0.0,0.0,1.0
10,10,0.0,0.0,0.0,0.0,0.0,0.0,0.0,0.0,0.0,0.0,1.0
10,10,0.0,0.0,0.0,0.0,0.0,0.0,0.0,0.0,0.0,0.0,1.0
10,10,0.0,0.0,0.0,0.0,0.0,0.0,0.0,0.0,0.0,0.0,1.0
10,10,0.0,0.0,0.0,0.0,0.0,0.0,0.0,0.0,0.0,0.0,1.0
10,10,0.0,0.0,0.0,0.0,0.0,0.0,0.0,0.0,0.0,0.0,1.0
10,10,0.0,0.0,0.0,0.0,0.0,0.0,0.0,0.0,0.0,0.0,1.0
10,10,0.0,0.0,0.0,0.0,0.0,0.0,0.0,0.0,0.0,0.0,1.0
10,10,0.0,0.0,0.0,0.0,0.0,0.0,0.0,0.0,0.0,0.0,1.0
10,10,0.0,0.0,0.0,0.0,0.0,0.0,0.0,0.0,0.0,0.0,1.0
10,10,0.0,0.0,0.0,0.0,0.0,0.0,0.0,0.0,0.0,0.0,1.0
10,10,0.0,0.0,0.0,0.0,0.0,0.0,0.0,0.0,0.0,0.0,1.0
10,10,0.0,0.0,0.0,0.0,0.0,0.0,0.0,0.0,0.0,0.0,1.0
10,10,0.0,0.0,0.0,0.0,0.0,0.0,0.0,0.0,0.0,0.0,1.0
10,10,0.0,0.0,0.0,0.0,0.0,0.0,0.0,0.0,0.0,0.0,1.0
10,10,0.0,0.0,0.0,0.0,0.0,0.0,0.0,0.0,0.0,0.0,1.0
10,10,0.0,0.0,0.0,0.0,0.0,0.0,0.0,0.0,0.0,0.0,1.0
10,10,0.0,0.0,0.0,0.0,0.0,0.0,0.0,0.0,0.0,0.0,1.0
10,10,0.0,0.0,0.0,0.0,0.0,0.0,0.0,0.0,0.0,0.0,1.0
10,10,0.0,0.0,0.0,0.0,0.0,0.0,0.0,0.0,0.0,0.0,1.0
10,10,0.0,0.0,0.0,0.0,0.0,0.0,0.0,0.0,0.0,0.0,1.0
10,10,0.0,0.0,0.0,0.0,0.0,0.0,0.0,0.0,0.0,0.0,1.0
10,10,0.0,0.0,0.0,0.0,0.0,0.0,0.0,0.0,0.0,0.0,1.0
10,10,0.0,0.0,0.0,0.0,0.0,0.0,0.0,0.0,0.0,0.0,1.0
10,10,0.0,0.0,0.0,0.0,0.0,0.0,0.0,0.0,0.0,0.0,1.0
10,10,0.0,0.0,0.0,0.0,0.0,0.0,0.0,0.0,0.0,0.0,1.0
10,10,0.0,0.0,0.0,0.0,0.0,0.0,0.0,0.0,0.0,0.0,1.0
10,10,0.0,0.0,0.0,0.0,0.0,0.0,0.0,0.0,0.0,0.0,1.0
10,10,0.0,0.0,0.0,0.0,0.0,0.0,0.0,0.0,0.0,0.0,1.0
10,10,0.0,0.0,0.0,0.0,0.0,0.0,0.0,0.0,0.0,0.0,1.0
10,10,0.0,0.0,0.0,0.0,0.0,0.0,0.0,0.0,0.0,0.0,1.0
10,10,0.0,0.0,0.0,0.0,0.0,0.0,0.0,0.0,0.0,0.0,1.0
10,10,0.0,0.0,0.0,0.0,0.0,0.0,0.0,0.0,0.0,0.0,1.0
10,10,0.0,0.0,0.0,0.0,0.0,0.0,0.0,0.0,0.0,0.0,1.0
10,10,0.0,0.0,0.0,0.0,0.0,0.0,0.0,0.0,0.0,0.0,1.0
10,10,0.0,0.0,0.0,0.0,0.0,0.0,0.0,0.0,0.0,0.0,1.0
10,10,0.0,0.0,0.0,0.0,0.0,0.0,0.0,0.0,0.0,0.0,1.0
10,10,0.0,0.0,0.0,0.0,0.0,0.0,0.0,0.0,0.0,0.0,1.0
10,10,0.0,0.0,0.0,0.0,0.0,0.0,0.0,0.0,0.0,0.0,1.0
10,10,0.0,0.0,0.0,0.0,0.0,0.0,0.0,0.0,0.0,0.0,1.0
10,10,0.0,0.0,0.0,0.0,0.0,0.0,0.0,0.0,0.0,0.0,1.0
10,10,0.0,0.0,0.0,0.0,0.0,0.0,0.0,0.0,0.0,0.0,1.0
10,10,0.0,0.0,0.0,0.0,0.0,0.0,0.0,0.0,0.0,0.0,1.0
10,10,0.0,0.0,0.0,0.0,0.0,0.0,0.0,0.0,0.0,0.0,1.0
10,10,0.0,0.0,0.0,0.0,0.0,0.0,0.0,0.0,0.0,0.0,1.0
10,10,0.0,0.0,0.0,0.0,0.0,0.0,0.0,0.0,0.0,0.0,1.0
10,10,0.0,0.0,0.0,0.0,0.0,0.0,0.0,0.0,0.0,0.0,1.0
10,10,0.0,0.0,0.0,0.0,0.0,0.0,0.0,0.0,0.0,0.0,1.0
10,10,0.0,0.0,0.0,0.0,0.0,0.0,0.0,0.0,0.0,0.0,1.0
10,10,0.0,0.0,0.0,0.0,0.0,0.0,0.0,0.0,0.0,0.0,1.0
10,10,0.0,0.0,0.0,0.0,0.0,0.0,0.0,0.0,0.0,0.0,1.0
10,10,0.0,0.0,0.0,0.0,0.0,0.0,0.0,0.0,0.0,0.0,1.0
10,10,0.0,0.0,0.0,0.0,0.0,0.0,0.0,0.0,0.0,0.0,1.0
10,10,0.0,0.0,0.0,0.0,0.0,0.0,0.0,0.0,0.0,0.0,1.0
10,10,0.0,0.0,0.0,0.0,0.0,0.0,0.0,0.0,0.0,0.0,1.0
10,10,0.0,0.0,0.0,0.0,0.0,0.0,0.0,0.0,0.0,0.0,1.0
10,10,0.0,0.0,0.0,0.0,0.0,0.0,0.0,0.0,0.0,0.0,1.0
10,10,0.0,0.0,0.0,0.0,0.0,0.0,0.0,0.0,0.0,0.0,1.0
10,10,0.0,0.0,0.0,0.0,0.0,0.0,0.0,0.0,0.0,0.0,1.0
10,10,0.0,0.0,0.0,0.0,0.0,0.0,0.0,0.0,0.0,0.0,1.0
10,10,0.0,0.0,0.0,0.0,0.0,0.0,0.0,0.0,0.0,0.0,1.0
10,10,0.0,0.0,0.0,0.0,0.0,0.0,0.0,0.0,0.0,0.0,1.0
10,10,0.0,0.0,0.0,0.0,0.0,0.0,0.0,0.0,0.0,0.0,1.0
10,10,0.0,0.0,0.0,0.0,0.0,0.0,0.0,0.0,0.0,0.0,1.0
10,10,0.0,0.0,0.0,0.0,0.0,0.0,0.0,0.0,0.0,0.0,1.0
10,10,0.0,0.0,0.0,0.0,0.0,0.0,0.0,0.0,0.0,0.0,1.0
10,10,0.0,0.0,0.0,0.0,0.0,0.0,0.0,0.0,0.0,0.0,1.0
10,10,0.0,0.0,0.0,0.0,0.0,0.0,0.0,0.0,0.0,0.0,1.0
10,10,0.0,0.0,0.0,0.0,0.0,0.0,0.0,0.0,0.0,0.0,1.0
10,10,0.0,0.0,0.0,0.0,0.0,0.0,0.0,0.0,0.0,0.0,1.0
10,10,0.0,0.0,0.0,0.0,0.0,0.0,0.0,0.0,0.0,0.0,1.0
10,10,0.0,0.0,0.0,0.0,0.0,0.0,0.0,0.0,0.0,0.0,1.0
10,10,0.0,0.0,0.0,0.0,0.0,0.0,0.0,0.0,0.0,0.0,1.0
10,10,0.0,0.0,0.0,0.0,0.0,0.0,0.0,0.0,0.0,0.0,1.0
10,10,0.0,0.0,0.0,0.0,0.0,0.0,0.0,0.0,0.0,0.0,1.0
10,10,0.0,0.0,0.0,0.0,0.0,0.0,0.0,0.0,0.0,0.0,1.0
10,10,0.0,0.0,0.0,0.0,0.0,0.0,0.0,0.0,0.0,0.0,1.0
10,10,0.0,0.0,0.0,0.0,0.0,0.0,0.0,0.0,0.0,0.0,1.0
10,10,0.0,0.0,0.0,0.0,0.0,0.0,0.0,0.0,0.0,0.0,1.0
10,10,0.0,0.0,0.0,0.0,0.0,0.0,0.0,0.0,0.0,0.0,1.0
10,10,0.0,0.0,0.0,0.0,0.0,0.0,0.0,0.0,0.0,0.0,1.0
10,10,0.0,0.0,0.0,0.0,0.0,0.0,0.0,0.0,0.0,0.0,1.0
10,10,0.0,0.0,0.0,0.0,0.0,0.0,0.0,0.0,0.0,0.0,1.0
10,10,0.0,0.0,0.0,0.0,0.0,0.0,0.0,0.0,0.0,0.0,1.0
10,10,0.0,0.0,0.0,0.0,0.0,0.0,0.0,0.0,0.0,0.0,1.0
10,10,0.0,0.0,0.0,0.0,0.0,0.0,0.0,0.0,0.0,0.0,1.0
10,10,0.0,0.0,0.0,0.0,0.0,0.0,0.0,0.0,0.0,0.0,1.0
10,10,0.0,0.0,0.0,0.0,0.0,0.0,0.0,0.0,0.0,0.0,1.0
10,10,0.0,0.0,0.0,0.0,0.0,0.0,0.0,0.0,0.0,0.0,1.0
10,10,0.0,0.0,0.0,0.0,0.0,0.0,0.0,0.0,0.0,0.0,1.0
10,10,0.0,0.0,0.0,0.0,0.0,0.0,0.0,0.0,0.0,0.0,1.0
10,10,0.0,0.0,0.0,0.0,0.0,0.0,0.0,0.0,0.0,0.0,1.0
10,10,0.0,0.0,0.0,0.0,0.0,0.0,0.0,0.0,0.0,0.0,1.0
10,10,0.0,0.0,0.0,0.0,0.0,0.0,0.0,0.0,0.0,0.0,1.0
10,10,0.0,0.0,0.0,0.0,0.0,0.0,0.0,0.0,0.0,0.0,1.0
10,10,0.0,0.0,0.0,0.0,0.0,0.0,0.0,0.0,0.0,0.0,1.0
10,10,0.0,0.0,0.0,0.0,0.0,0.0,0.0,0.0,0.0,0.0,1.0
10,10,0.0,0.0,0.0,0.0,0.0,0.0,0.0,0.0,0.0,0.0,1.0
10,10,0.0,0.0,0.0,0.0,0.0,0.0,0.0,0.0,0.0,0.0,1.0
10,10,0.0,0.0,0.0,0.0,0.0,0.0,0.0,0.0,0.0,0.0,1.0
10,10,0.0,0.0,0.0,0.0,0.0,0.0,0.0,0.0,0.0,0.0,1.0
10,10,0.0,0.0,0.0,0.0,0.0,0.0,0.0,0.0,0.0,0.0,1.0
10,10,0.0,0.0,0.0,0.0,0.0,0.0,0.0,0.0,0.0,0.0,1.0
10,10,0.0,0.0,0.0,0.0,0.0,0.0,0.0,0.0,0.0,0.0,1.0
10,10,0.0,0.0,0.0,0.0,0.0,0.0,0.0,0.0,0.0,0.0,1.0
10,10,0.0,0.0,0.0,0.0,0.0,0.0,0.0,0.0,0.0,0.0,1.0
10,10,0.0,0.0,0.0,0.0,0.0,0.0,0.0,0.0,0.0,0.0,1.0
10,10,0.0,0.0,0.0,0.0,0.0,0.0,0.0,0.0,0.0,0.0,1.0
10,10,0.0,0.0,0.0,0.0,0.0,0.0,0.0,0.0,0.0,0.0,1.0
10,10,0.0,0.0,0.0,0.0,0.0,0.0,0.0,0.0,0.0,0.0,1.0
10,10,0.0,0.0,0.0,0.0,0.0,0.0,0.0,0.0,0.0,0.0,1.0
10,10,0.0,0.0,0.0,0.0,0.0,0.0,0.0,0.0,0.0,0.0,1.0
10,10,0.0,0.0,0.0,0.0,0.0,0.0,0.0,0.0,0.0,0.0,1.0
10,10,0.0,0.0,0.0,0.0,0.0,0.0,0.0,0.0,0.0,0.0,1.0
10,10,0.0,0.0,0.0,0.0,0.0,0.0,0.0,0.0,0.0,0.0,1.0
10,10,0.0,0.0,0.0,0.0,0.0,0.0,0.0,0.0,0.0,0.0,1.0
10,10,0.0,0.0,0.0,0.0,0.0,0.0,0.0,0.0,0.0,0.0,1.0
10,10,0.0,0.0,0.0,0.0,0.0,0.0,0.0,0.0,0.0,0.0,1.0
10,10,0.0,0.0,0.0,0.0,0.0,0.0,0.0,0.0,0.0,0.0,1.0
10,10,0.0,0.0,0.0,0.0,0.0,0.0,0.0,0.0,0.0,0.0,1.0
10,10,0.0,0.0,0.0,0.0,0.0,0.0,0.0,0.0,0.0,0.0,1.0
10,10,0.0,0.0,0.0,0.0,0.0,0.0,0.0,0.0,0.0,0.0,1.0
10,10,0.0,0.0,0.0,0.0,0.0,0.0,0.0,0.0,0.0,0.0,1.0
10,10,0.0,0.0,0.0,0.0,0.0,0.0,0.0,0.0,0.0,0.0,1.0
10,10,0.0,0.0,0.0,0.0,0.0,0.0,0.0,0.0,0.0,0.0,1.0
10,10,0.0,0.0,0.0,0.0,0.0,0.0,0.0,0.0,0.0,0.0,1.0
10,10,0.0,0.0,0.0,0.0,0.0,0.0,0.0,0.0,0.0,0.0,1.0
10,10,0.0,0.0,0.0,0.0,0.0,0.0,0.0,0.0,0.0,0.0,1.0
10,10,0.0,0.0,0.0,0.0,0.0,0.0,0.0,0.0,0.0,0.0,1.0
10,10,0.0,0.0,0.0,0.0,0.0,0.0,0.0,0.0,0.0,0.0,1.0
10,10,0.0,0.0,0.0,0.0,0.0,0.0,0.0,0.0,0.0,0.0,1.0
10,10,0.0,0.0,0.0,0.0,0.0,0.0,0.0,0.0,0.0,0.0,1.0
10,10,0.0,0.0,0.0,0.0,0.0,0.0,0.0,0.0,0.0,0.0,1.0
10,10,0.0,0.0,0.0,0.0,0.0,0.0,0.0,0.0,0.0,0.0,1.0
10,10,0.0,0.0,0.0,0.0,0.0,0.0,0.0,0.0,0.0,0.0,1.0
10,10,0.0,0.0,0.0,0.0,0.0,0.0,0.0,0.0,0.0,0.0,1.0
10,10,0.0,0.0,0.0,0.0,0.0,0.0,0.0,0.0,0.0,0.0,1.0
10,10,0.0,0.0,0.0,0.0,0.0,0.0,0.0,0.0,0.0,0.0,1.0
10,10,0.0,0.0,0.0,0.0,0.0,0.0,0.0,0.0,0.0,0.0,1.0
10,10,0.0,0.0,0.0,0.0,0.0,0.0,0.0,0.0,0.0,0.0,1.0
10,10,0.0,0.0,0.0,0.0,0.0,0.0,0.0,0.0,0.0,0.0,1.0
10,10,0.0,0.0,0.0,0.0,0.0,0.0,0.0,0.0,0.0,0.0,1.0
10,10,0.0,0.0,0.0,0.0,0.0,0.0,0.0,0.0,0.0,0.0,1.0
10,10,0.0,0.0,0.0,0.0,0.0,0.0,0.0,0.0,0.0,0.0,1.0
10,10,0.0,0.0,0.0,0.0,0.0,0.0,0.0,0.0,0.0,0.0,1.0
10,10,0.0,0.0,0.0,0.0,0.0,0.0,0.0,0.0,0.0,0.0,1.0
10,10,0.0,0.0,0.0,0.0,0.0,0.0,0.0,0.0,0.0,0.0,1.0
10,10,0.0,0.0,0.0,0.0,0.0,0.0,0.0,0.0,0.0,0.0,1.0
10,10,0.0,0.0,0.0,0.0,0.0,0.0,0.0,0.0,0.0,0.0,1.0
10,10,0.0,0.0,0.0,0.0,0.0,0.0,0.0,0.0,0.0,0.0,1.0
10,10,0.0,0.0,0.0,0.0,0.0,0.0,0.0,0.0,0.0,0.0,1.0
10,10,0.0,0.0,0.0,0.0,0.0,0.0,0.0,0.0,0.0,0.0,1.0
10,10,0.0,0.0,0.0,0.0,0.0,0.0,0.0,0.0,0.0,0.0,1.0
10,10,0.0,0.0,0.0,0.0,0.0,0.0,0.0,0.0,0.0,0.0,1.0
10,10,0.0,0.0,0.0,0.0,0.0,0.0,0.0,0.0,0.0,0.0,1.0
10,10,0.0,0.0,0.0,0.0,0.0,0.0,0.0,0.0,0.0,0.0,1.0
10,10,0.0,0.0,0.0,0.0,0.0,0.0,0.0,0.0,0.0,0.0,1.0
10,10,0.0,0.0,0.0,0.0,0.0,0.0,0.0,0.0,0.0,0.0,1.0
10,10,0.0,0.0,0.0,0.0,0.0,0.0,0.0,0.0,0.0,0.0,1.0
10,10,0.0,0.0,0.0,0.0,0.0,0.0,0.0,0.0,0.0,0.0,1.0
10,10,0.0,0.0,0.0,0.0,0.0,0.0,0.0,0.0,0.0,0.0,1.0
10,10,0.0,0.0,0.0,0.0,0.0,0.0,0.0,0.0,0.0,0.0,1.0
10,10,0.0,0.0,0.0,0.0,0.0,0.0,0.0,0.0,0.0,0.0,1.0
10,10,0.0,0.0,0.0,0.0,0.0,0.0,0.0,0.0,0.0,0.0,1.0
10,10,0.0,0.0,0.0,0.0,0.0,0.0,0.0,0.0,0.0,0.0,1.0
10,10,0.0,0.0,0.0,0.0,0.0,0.0,0.0,0.0,0.0,0.0,1.0
10,10,0.0,0.0,0.0,0.0,0.0,0.0,0.0,0.0,0.0,0.0,1.0
10,10,0.0,0.0,0.0,0.0,0.0,0.0,0.0,0.0,0.0,0.0,1.0
10,10,0.0,0.0,0.0,0.0,0.0,0.0,0.0,0.0,0.0,0.0,1.0
10,10,0.0,0.0,0.0,0.0,0.0,0.0,0.0,0.0,0.0,0.0,1.0
10,10,0.0,0.0,0.0,0.0,0.0,0.0,0.0,0.0,0.0,0.0,1.0
10,10,0.0,0.0,0.0,0.0,0.0,0.0,0.0,0.0,0.0,0.0,1.0
10,10,0.0,0.0,0.0,0.0,0.0,0.0,0.0,0.0,0.0,0.0,1.0
10,10,0.0,0.0,0.0,0.0,0.0,0.0,0.0,0.0,0.0,0.0,1.0
10,10,0.0,0.0,0.0,0.0,0.0,0.0,0.0,0.0,0.0,0.0,1.0
10,10,0.0,0.0,0.0,0.0,0.0,0.0,0.0,0.0,0.0,0.0,1.0
10,10,0.0,0.0,0.0,0.0,0.0,0.0,0.0,0.0,0.0,0.0,1.0
10,10,0.0,0.0,0.0,0.0,0.0,0.0,0.0,0.0,0.0,0.0,1.0
10,10,0.0,0.0,0.0,0.0,0.0,0.0,0.0,0.0,0.0,0.0,1.0
10,10,0.0,0.0,0.0,0.0,0.0,0.0,0.0,0.0,0.0,0.0,1.0
10,10,0.0,0.0,0.0,0.0,0.0,0.0,0.0,0.0,0.0,0.0,1.0
10,10,0.0,0.0,0.0,0.0,0.0,0.0,0.0,0.0,0.0,0.0,1.0
10,10,0.0,0.0,0.0,0.0,0.0,0.0,0.0,0.0,0.0,0.0,1.0
10,10,0.0,0.0,0.0,0.0,0.0,0.0,0.0,0.0,0.0,0.0,1.0
10,10,0.0,0.0,0.0,0.0,0.0,0.0,0.0,0.0,0.0,0.0,1.0
10,10,0.0,0.0,0.0,0.0,0.0,0.0,0.0,0.0,0.0,0.0,1.0
10,10,0.0,0.0,0.0,0.0,0.0,0.0,0.0,0.0,0.0,0.0,1.0
10,10,0.0,0.0,0.0,0.0,0.0,0.0,0.0,0.0,0.0,0.0,1.0
10,10,0.0,0.0,0.0,0.0,0.0,0.0,0.0,0.0,0.0,0.0,1.0
10,10,0.0,0.0,0.0,0.0,0.0,0.0,0.0,0.0,0.0,0.0,1.0
10,10,0.0,0.0,0.0,0.0,0.0,0.0,0.0,0.0,0.0,0.0,1.0
10,10,0.0,0.0,0.0,0.0,0.0,0.0,0.0,0.0,0.0,0.0,1.0
10,10,0.0,0.0,0.0,0.0,0.0,0.0,0.0,0.0,0.0,0.0,1.0
10,10,0.0,0.0,0.0,0.0,0.0,0.0,0.0,0.0,0.0,0.0,1.0
10,10,0.0,0.0,0.0,0.0,0.0,0.0,0.0,0.0,0.0,0.0,1.0
10,10,0.0,0.0,0.0,0.0,0.0,0.0,0.0,0.0,0.0,0.0,1.0
10,10,0.0,0.0,0.0,0.0,0.0,0.0,0.0,0.0,0.0,0.0,1.0
10,10,0.0,0.0,0.0,0.0,0.0,0.0,0.0,0.0,0.0,0.0,1.0
10,10,0.0,0.0,0.0,0.0,0.0,0.0,0.0,0.0,0.0,0.0,1.0
10,10,0.0,0.0,0.0,0.0,0.0,0.0,0.0,0.0,0.0,0.0,1.0
10,10,0.0,0.0,0.0,0.0,0.0,0.0,0.0,0.0,0.0,0.0,1.0
10,10,0.0,0.0,0.0,0.0,0.0,0.0,0.0,0.0,0.0,0.0,1.0
10,10,0.0,0.0,0.0,0.0,0.0,0.0,0.0,0.0,0.0,0.0,1.0
10,10,0.0,0.0,0.0,0.0,0.0,0.0,0.0,0.0,0.0,0.0,1.0
10,10,0.0,0.0,0.0,0.0,0.0,0.0,0.0,0.0,0.0,0.0,1.0
10,10,0.0,0.0,0.0,0.0,0.0,0.0,0.0,0.0,0.0,0.0,1.0
10,10,0.0,0.0,0.0,0.0,0.0,0.0,0.0,0.0,0.0,0.0,1.0
10,10,0.0,0.0,0.0,0.0,0.0,0.0,0.0,0.0,0.0,0.0,1.0
10,10,0.0,0.0,0.0,0.0,0.0,0.0,0.0,0.0,0.0,0.0,1.0
10,10,0.0,0.0,0.0,0.0,0.0,0.0,0.0,0.0,0.0,0.0,1.0
10,10,0.0,0.0,0.0,0.0,0.0,0.0,0.0,0.0,0.0,0.0,1.0
10,10,0.0,0.0,0.0,0.0,0.0,0.0,0.0,0.0,0.0,0.0,1.0
10,10,0.0,0.0,0.0,0.0,0.0,0.0,0.0,0.0,0.0,0.0,1.0
10,10,0.0,0.0,0.0,0.0,0.0,0.0,0.0,0.0,0.0,0.0,1.0
10,10,0.0,0.0,0.0,0.0,0.0,0.0,0.0,0.0,0.0,0.0,1.0
10,10,0.0,0.0,0.0,0.0,0.0,0.0,0.0,0.0,0.0,0.0,1.0
10,10,0.0,0.0,0.0,0.0,0.0,0.0,0.0,0.0,0.0,0.0,1.0
10,10,0.0,0.0,0.0,0.0,0.0,0.0,0.0,0.0,0.0,0.0,1.0
10,10,0.0,0.0,0.0,0.0,0.0,0.0,0.0,0.0,0.0,0.0,1.0
10,10,0.0,0.0,0.0,0.0,0.0,0.0,0.0,0.0,0.0,0.0,1.0
10,10,0.0,0.0,0.0,0.0,0.0,0.0,0.0,0.0,0.0,0.0,1.0
10,10,0.0,0.0,0.0,0.0,0.0,0.0,0.0,0.0,0.0,0.0,1.0
10,10,0.0,0.0,0.0,0.0,0.0,0.0,0.0,0.0,0.0,0.0,1.0
10,10,0.0,0.0,0.0,0.0,0.0,0.0,0.0,0.0,0.0,0.0,1.0
10,10,0.0,0.0,0.0,0.0,0.0,0.0,0.0,0.0,0.0,0.0,1.0
10,10,0.0,0.0,0.0,0.0,0.0,0.0,0.0,0.0,0.0,0.0,1.0
10,10,0.0,0.0,0.0,0.0,0.0,0.0,0.0,0.0,0.0,0.0,1.0
10,10,0.0,0.0,0.0,0.0,0.0,0.0,0.0,0.0,0.0,0.0,1.0
10,10,0.0,0.0,0.0,0.0,0.0,0.0,0.0,0.0,0.0,0.0,1.0
10,10,0.0,0.0,0.0,0.0,0.0,0.0,0.0,0.0,0.0,0.0,1.0
10,10,0.0,0.0,0.0,0.0,0.0,0.0,0.0,0.0,0.0,0.0,1.0
10,10,0.0,0.0,0.0,0.0,0.0,0.0,0.0,0.0,0.0,0.0,1.0
10,10,0.0,0.0,0.0,0.0,0.0,0.0,0.0,0.0,0.0,0.0,1.0
10,10,0.0,0.0,0.0,0.0,0.0,0.0,0.0,0.0,0.0,0.0,1.0
10,10,0.0,0.0,0.0,0.0,0.0,0.0,0.0,0.0,0.0,0.0,1.0
10,10,0.0,0.0,0.0,0.0,0.0,0.0,0.0,0.0,0.0,0.0,1.0
10,10,0.0,0.0,0.0,0.0,0.0,0.0,0.0,0.0,0.0,0.0,1.0
10,10,0.0,0.0,0.0,0.0,0.0,0.0,0.0,0.0,0.0,0.0,1.0
10,10,0.0,0.0,0.0,0.0,0.0,0.0,0.0,0.0,0.0,0.0,1.0
10,10,0.0,0.0,0.0,0.0,0.0,0.0,0.0,0.0,0.0,0.0,1.0
10,10,0.0,0.0,0.0,0.0,0.0,0.0,0.0,0.0,0.0,0.0,1.0
10,10,0.0,0.0,0.0,0.0,0.0,0.0,0.0,0.0,0.0,0.0,1.0
10,10,0.0,0.0,0.0,0.0,0.0,0.0,0.0,0.0,0.0,0.0,1.0
10,10,0.0,0.0,0.0,0.0,0.0,0.0,0.0,0.0,0.0,0.0,1.0
10,10,0.0,0.0,0.0,0.0,0.0,0.0,0.0,0.0,0.0,0.0,1.0
10,10,0.0,0.0,0.0,0.0,0.0,0.0,0.0,0.0,0.0,0.0,1.0
10,10,0.0,0.0,0.0,0.0,0.0,0.0,0.0,0.0,0.0,0.0,1.0
10,10,0.0,0.0,0.0,0.0,0.0,0.0,0.0,0.0,0.0,0.0,1.0
10,10,0.0,0.0,0.0,0.0,0.0,0.0,0.0,0.0,0.0,0.0,1.0
10,10,0.0,0.0,0.0,0.0,0.0,0.0,0.0,0.0,0.0,0.0,1.0
10,10,0.0,0.0,0.0,0.0,0.0,0.0,0.0,0.0,0.0,0.0,1.0
10,10,0.0,0.0,0.0,0.0,0.0,0.0,0.0,0.0,0.0,0.0,1.0
10,10,0.0,0.0,0.0,0.0,0.0,0.0,0.0,0.0,0.0,0.0,1.0
10,10,0.0,0.0,0.0,0.0,0.0,0.0,0.0,0.0,0.0,0.0,1.0
10,10,0.0,0.0,0.0,0.0,0.0,0.0,0.0,0.0,0.0,0.0,1.0
10,10,0.0,0.0,0.0,0.0,0.0,0.0,0.0,0.0,0.0,0.0,1.0
10,10,0.0,0.0,0.0,0.0,0.0,0.0,0.0,0.0,0.0,0.0,1.0
10,10,0.0,0.0,0.0,0.0,0.0,0.0,0.0,0.0,0.0,0.0,1.0
10,10,0.0,0.0,0.0,0.0,0.0,0.0,0.0,0.0,0.0,0.0,1.0
10,10,0.0,0.0,0.0,0.0,0.0,0.0,0.0,0.0,0.0,0.0,1.0
10,10,0.0,0.0,0.0,0.0,0.0,0.0,0.0,0.0,0.0,0.0,1.0
10,10,0.0,0.0,0.0,0.0,0.0,0.0,0.0,0.0,0.0,0.0,1.0
10,10,0.0,0.0,0.0,0.0,0.0,0.0,0.0,0.0,0.0,0.0,1.0
10,10,0.0,0.0,0.0,0.0,0.0,0.0,0.0,0.0,0.0,0.0,1.0
10,10,0.0,0.0,0.0,0.0,0.0,0.0,0.0,0.0,0.0,0.0,1.0
10,10,0.0,0.0,0.0,0.0,0.0,0.0,0.0,0.0,0.0,0.0,1.0
10,10,0.0,0.0,0.0,0.0,0.0,0.0,0.0,0.0,0.0,0.0,1.0
10,10,0.0,0.0,0.0,0.0,0.0,0.0,0.0,0.0,0.0,0.0,1.0
10,10,0.0,0.0,0.0,0.0,0.0,0.0,0.0,0.0,0.0,0.0,1.0
10,10,0.0,0.0,0.0,0.0,0.0,0.0,0.0,0.0,0.0,0.0,1.0
10,10,0.0,0.0,0.0,0.0,0.0,0.0,0.0,0.0,0.0,0.0,1.0
10,10,0.0,0.0,0.0,0.0,0.0,0.0,0.0,0.0,0.0,0.0,1.0
10,10,0.0,0.0,0.0,0.0,0.0,0.0,0.0,0.0,0.0,0.0,1.0
10,10,0.0,0.0,0.0,0.0,0.0,0.0,0.0,0.0,0.0,0.0,1.0
10,10,0.0,0.0,0.0,0.0,0.0,0.0,0.0,0.0,0.0,0.0,1.0
10,10,0.0,0.0,0.0,0.0,0.0,0.0,0.0,0.0,0.0,0.0,1.0
10,10,0.0,0.0,0.0,0.0,0.0,0.0,0.0,0.0,0.0,0.0,1.0
10,10,0.0,0.0,0.0,0.0,0.0,0.0,0.0,0.0,0.0,0.0,1.0
10,10,0.0,0.0,0.0,0.0,0.0,0.0,0.0,0.0,0.0,0.0,1.0
10,10,0.0,0.0,0.0,0.0,0.0,0.0,0.0,0.0,0.0,0.0,1.0
10,10,0.0,0.0,0.0,0.0,0.0,0.0,0.0,0.0,0.0,0.0,1.0
10,10,0.0,0.0,0.0,0.0,0.0,0.0,0.0,0.0,0.0,0.0,1.0
10,10,0.0,0.0,0.0,0.0,0.0,0.0,0.0,0.0,0.0,0.0,1.0
10,10,0.0,0.0,0.0,0.0,0.0,0.0,0.0,0.0,0.0,0.0,1.0
10,10,0.0,0.0,0.0,0.0,0.0,0.0,0.0,0.0,0.0,0.0,1.0
10,10,0.0,0.0,0.0,0.0,0.0,0.0,0.0,0.0,0.0,0.0,1.0
10,10,0.0,0.0,0.0,0.0,0.0,0.0,0.0,0.0,0.0,0.0,1.0
10,10,0.0,0.0,0.0,0.0,0.0,0.0,0.0,0.0,0.0,0.0,1.0
10,10,0.0,0.0,0.0,0.0,0.0,0.0,0.0,0.0,0.0,0.0,1.0
10,10,0.0,0.0,0.0,0.0,0.0,0.0,0.0,0.0,0.0,0.0,1.0
10,10,0.0,0.0,0.0,0.0,0.0,0.0,0.0,0.0,0.0,0.0,1.0
10,10,0.0,0.0,0.0,0.0,0.0,0.0,0.0,0.0,0.0,0.0,1.0
10,10,0.0,0.0,0.0,0.0,0.0,0.0,0.0,0.0,0.0,0.0,1.0
10,10,0.0,0.0,0.0,0.0,0.0,0.0,0.0,0.0,0.0,0.0,1.0
10,10,0.0,0.0,0.0,0.0,0.0,0.0,0.0,0.0,0.0,0.0,1.0
10,10,0.0,0.0,0.0,0.0,0.0,0.0,0.0,0.0,0.0,0.0,1.0
10,10,0.0,0.0,0.0,0.0,0.0,0.0,0.0,0.0,0.0,0.0,1.0
10,10,0.0,0.0,0.0,0.0,0.0,0.0,0.0,0.0,0.0,0.0,1.0
10,10,0.0,0.0,0.0,0.0,0.0,0.0,0.0,0.0,0.0,0.0,1.0
10,10,0.0,0.0,0.0,0.0,0.0,0.0,0.0,0.0,0.0,0.0,1.0
10,10,0.0,0.0,0.0,0.0,0.0,0.0,0.0,0.0,0.0,0.0,1.0
10,10,0.0,0.0,0.0,0.0,0.0,0.0,0.0,0.0,0.0,0.0,1.0
10,10,0.0,0.0,0.0,0.0,0.0,0.0,0.0,0.0,0.0,0.0,1.0
10,10,0.0,0.0,0.0,0.0,0.0,0.0,0.0,0.0,0.0,0.0,1.0
10,10,0.0,0.0,0.0,0.0,0.0,0.0,0.0,0.0,0.0,0.0,1.0
10,10,0.0,0.0,0.0,0.0,0.0,0.0,0.0,0.0,0.0,0.0,1.0
10,10,0.0,0.0,0.0,0.0,0.0,0.0,0.0,0.0,0.0,0.0,1.0
10,10,0.0,0.0,0.0,0.0,0.0,0.0,0.0,0.0,0.0,0.0,1.0
10,10,0.0,0.0,0.0,0.0,0.0,0.0,0.0,0.0,0.0,0.0,1.0
10,10,0.0,0.0,0.0,0.0,0.0,0.0,0.0,0.0,0.0,0.0,1.0
10,10,0.0,0.0,0.0,0.0,0.0,0.0,0.0,0.0,0.0,0.0,1.0
10,10,0.0,0.0,0.0,0.0,0.0,0.0,0.0,0.0,0.0,0.0,1.0
10,10,0.0,0.0,0.0,0.0,0.0,0.0,0.0,0.0,0.0,0.0,1.0
10,10,0.0,0.0,0.0,0.0,0.0,0.0,0.0,0.0,0.0,0.0,1.0
10,10,0.0,0.0,0.0,0.0,0.0,0.0,0.0,0.0,0.0,0.0,1.0
10,10,0.0,0.0,0.0,0.0,0.0,0.0,0.0,0.0,0.0,0.0,1.0
10,10,0.0,0.0,0.0,0.0,0.0,0.0,0.0,0.0,0.0,0.0,1.0
10,10,0.0,0.0,0.0,0.0,0.0,0.0,0.0,0.0,0.0,0.0,1.0
10,10,0.0,0.0,0.0,0.0,0.0,0.0,0.0,0.0,0.0,0.0,1.0
10,10,0.0,0.0,0.0,0.0,0.0,0.0,0.0,0.0,0.0,0.0,1.0
10,10,0.0,0.0,0.0,0.0,0.0,0.0,0.0,0.0,0.0,0.0,1.0
10,10,0.0,0.0,0.0,0.0,0.0,0.0,0.0,0.0,0.0,0.0,1.0
10,10,0.0,0.0,0.0,0.0,0.0,0.0,0.0,0.0,0.0,0.0,1.0
10,10,0.0,0.0,0.0,0.0,0.0,0.0,0.0,0.0,0.0,0.0,1.0
10,10,0.0,0.0,0.0,0.0,0.0,0.0,0.0,0.0,0.0,0.0,1.0
10,10,0.0,0.0,0.0,0.0,0.0,0.0,0.0,0.0,0.0,0.0,1.0
10,10,0.0,0.0,0.0,0.0,0.0,0.0,0.0,0.0,0.0,0.0,1.0
10,10,0.0,0.0,0.0,0.0,0.0,0.0,0.0,0.0,0.0,0.0,1.0
10,10,0.0,0.0,0.0,0.0,0.0,0.0,0.0,0.0,0.0,0.0,1.0
10,10,0.0,0.0,0.0,0.0,0.0,0.0,0.0,0.0,0.0,0.0,1.0
10,10,0.0,0.0,0.0,0.0,0.0,0.0,0.0,0.0,0.0,0.0,1.0
10,10,0.0,0.0,0.0,0.0,0.0,0.0,0.0,0.0,0.0,0.0,1.0
10,10,0.0,0.0,0.0,0.0,0.0,0.0,0.0,0.0,0.0,0.0,1.0
10,10,0.0,0.0,0.0,0.0,0.0,0.0,0.0,0.0,0.0,0.0,1.0
10,10,0.0,0.0,0.0,0.0,0.0,0.0,0.0,0.0,0.0,0.0,1.0
10,10,0.0,0.0,0.0,0.0,0.0,0.0,0.0,0.0,0.0,0.0,1.0
10,10,0.0,0.0,0.0,0.0,0.0,0.0,0.0,0.0,0.0,0.0,1.0
10,10,0.0,0.0,0.0,0.0,0.0,0.0,0.0,0.0,0.0,0.0,1.0
10,10,0.0,0.0,0.0,0.0,0.0,0.0,0.0,0.0,0.0,0.0,1.0
10,10,0.0,0.0,0.0,0.0,0.0,0.0,0.0,0.0,0.0,0.0,1.0
10,10,0.0,0.0,0.0,0.0,0.0,0.0,0.0,0.0,0.0,0.0,1.0
10,10,0.0,0.0,0.0,0.0,0.0,0.0,0.0,0.0,0.0,0.0,1.0
10,10,0.0,0.0,0.0,0.0,0.0,0.0,0.0,0.0,0.0,0.0,1.0
10,10,0.0,0.0,0.0,0.0,0.0,0.0,0.0,0.0,0.0,0.0,1.0
10,10,0.0,0.0,0.0,0.0,0.0,0.0,0.0,0.0,0.0,0.0,1.0
10,10,0.0,0.0,0.0,0.0,0.0,0.0,0.0,0.0,0.0,0.0,1.0
10,10,0.0,0.0,0.0,0.0,0.0,0.0,0.0,0.0,0.0,0.0,1.0
10,10,0.0,0.0,0.0,0.0,0.0,0.0,0.0,0.0,0.0,0.0,1.0
10,10,0.0,0.0,0.0,0.0,0.0,0.0,0.0,0.0,0.0,0.0,1.0
10,10,0.0,0.0,0.0,0.0,0.0,0.0,0.0,0.0,0.0,0.0,1.0
10,10,0.0,0.0,0.0,0.0,0.0,0.0,0.0,0.0,0.0,0.0,1.0
10,10,0.0,0.0,0.0,0.0,0.0,0.0,0.0,0.0,0.0,0.0,1.0
10,10,0.0,0.0,0.0,0.0,0.0,0.0,0.0,0.0,0.0,0.0,1.0
10,10,0.0,0.0,0.0,0.0,0.0,0.0,0.0,0.0,0.0,0.0,1.0
10,10,0.0,0.0,0.0,0.0,0.0,0.0,0.0,0.0,0.0,0.0,1.0
10,10,0.0,0.0,0.0,0.0,0.0,0.0,0.0,0.0,0.0,0.0,1.0
10,10,0.0,0.0,0.0,0.0,0.0,0.0,0.0,0.0,0.0,0.0,1.0
10,10,0.0,0.0,0.0,0.0,0.0,0.0,0.0,0.0,0.0,0.0,1.0
10,10,0.0,0.0,0.0,0.0,0.0,0.0,0.0,0.0,0.0,0.0,1.0
10,10,0.0,0.0,0.0,0.0,0.0,0.0,0.0,0.0,0.0,0.0,1.0
10,10,0.0,0.0,0.0,0.0,0.0,0.0,0.0,0.0,0.0,0.0,1.0
10,10,0.0,0.0,0.0,0.0,0.0,0.0,0.0,0.0,0.0,0.0,1.0
10,10,0.0,0.0,0.0,0.0,0.0,0.0,0.0,0.0,0.0,0.0,1.0
10,10,0.0,0.0,0.0,0.0,0.0,0.0,0.0,0.0,0.0,0.0,1.0
10,10,0.0,0.0,0.0,0.0,0.0,0.0,0.0,0.0,0.0,0.0,1.0
10,10,0.0,0.0,0.0,0.0,0.0,0.0,0.0,0.0,0.0,0.0,1.0
10,10,0.0,0.0,0.0,0.0,0.0,0.0,0.0,0.0,0.0,0.0,1.0
10,10,0.0,0.0,0.0,0.0,0.0,0.0,0.0,0.0,0.0,0.0,1.0
10,10,0.0,0.0,0.0,0.0,0.0,0.0,0.0,0.0,0.0,0.0,1.0
10,10,0.0,0.0,0.0,0.0,0.0,0.0,0.0,0.0,0.0,0.0,1.0
10,10,0.0,0.0,0.0,0.0,0.0,0.0,0.0,0.0,0.0,0.0,1.0
10,10,0.0,0.0,0.0,0.0,0.0,0.0,0.0,0.0,0.0,0.0,1.0
10,10,0.0,0.0,0.0,0.0,0.0,0.0,0.0,0.0,0.0,0.0,1.0
10,10,0.0,0.0,0.0,0.0,0.0,0.0,0.0,0.0,0.0,0.0,1.0
10,10,0.0,0.0,0.0,0.0,0.0,0.0,0.0,0.0,0.0,0.0,1.0
10,10,0.0,0.0,0.0,0.0,0.0,0.0,0.0,0.0,0.0,0.0,1.0
10,10,0.0,0.0,0.0,0.0,0.0,0.0,0.0,0.0,0.0,0.0,1.0
10,10,0.0,0.0,0.0,0.0,0.0,0.0,0.0,0.0,0.0,0.0,1.0
10,10,0.0,0.0,0.0,0.0,0.0,0.0,0.0,0.0,0.0,0.0,1.0
10,10,0.0,0.0,0.0,0.0,0.0,0.0,0.0,0.0,0.0,0.0,1.0
10,10,0.0,0.0,0.0,0.0,0.0,0.0,0.0,0.0,0.0,0.0,1.0
10,10,0.0,0.0,0.0,0.0,0.0,0.0,0.0,0.0,0.0,0.0,1.0
10,10,0.0,0.0,0.0,0.0,0.0,0.0,0.0,0.0,0.0,0.0,1.0
10,10,0.0,0.0,0.0,0.0,0.0,0.0,0.0,0.0,0.0,0.0,1.0
10,10,0.0,0.0,0.0,0.0,0.0,0.0,0.0,0.0,0.0,0.0,1.0
10,10,0.0,0.0,0.0,0.0,0.0,0.0,0.0,0.0,0.0,0.0,1.0
10,10,0.0,0.0,0.0,0.0,0.0,0.0,0.0,0.0,0.0,0.0,1.0
10,10,0.0,0.0,0.0,0.0,0.0,0.0,0.0,0.0,0.0,0.0,1.0
10,10,0.0,0.0,0.0,0.0,0.0,0.0,0.0,0.0,0.0,0.0,1.0
10,10,0.0,0.0,0.0,0.0,0.0,0.0,0.0,0.0,0.0,0.0,1.0
10,10,0.0,0.0,0.0,0.0,0.0,0.0,0.0,0.0,0.0,0.0,1.0
10,10,0.0,0.0,0.0,0.0,0.0,0.0,0.0,0.0,0.0,0.0,1.0
10,10,0.0,0.0,0.0,0.0,0.0,0.0,0.0,0.0,0.0,0.0,1.0
10,10,0.0,0.0,0.0,0.0,0.0,0.0,0.0,0.0,0.0,0.0,1.0
10,10,0.0,0.0,0.0,0.0,0.0,0.0,0.0,0.0,0.0,0.0,1.0
10,10,0.0,0.0,0.0,0.0,0.0,0.0,0.0,0.0,0.0,0.0,1.0
10,10,0.0,0.0,0.0,0.0,0.0,0.0,0.0,0.0,0.0,0.0,1.0
10,10,0.0,0.0,0.0,0.0,0.0,0.0,0.0,0.0,0.0,0.0,1.0
10,10,0.0,0.0,0.0,0.0,0.0,0.0,0.0,0.0,0.0,0.0,1.0
10,10,0.0,0.0,0.0,0.0,0.0,0.0,0.0,0.0,0.0,0.0,1.0
10,10,0.0,0.0,0.0,0.0,0.0,0.0,0.0,0.0,0.0,0.0,1.0
10,10,0.0,0.0,0.0,0.0,0.0,0.0,0.0,0.0,0.0,0.0,1.0
10,10,0.0,0.0,0.0,0.0,0.0,0.0,0.0,0.0,0.0,0.0,1.0
10,10,0.0,0.0,0.0,0.0,0.0,0.0,0.0,0.0,0.0,0.0,1.0
10,10,0.0,0.0,0.0,0.0,0.0,0.0,0.0,0.0,0.0,0.0,1.0
10,10,0.0,0.0,0.0,0.0,0.0,0.0,0.0,0.0,0.0,0.0,1.0
10,10,0.0,0.0,0.0,0.0,0.0,0.0,0.0,0.0,0.0,0.0,1.0
10,10,0.0,0.0,0.0,0.0,0.0,0.0,0.0,0.0,0.0,0.0,1.0
10,10,0.0,0.0,0.0,0.0,0.0,0.0,0.0,0.0,0.0,0.0,1.0
10,10,0.0,0.0,0.0,0.0,0.0,0.0,0.0,0.0,0.0,0.0,1.0
10,10,0.0,0.0,0.0,0.0,0.0,0.0,0.0,0.0,0.0,0.0,1.0
10,10,0.0,0.0,0.0,0.0,0.0,0.0,0.0,0.0,0.0,0.0,1.0
10,10,0.0,0.0,0.0,0.0,0.0,0.0,0.0,0.0,0.0,0.0,1.0
10,10,0.0,0.0,0.0,0.0,0.0,0.0,0.0,0.0,0.0,0.0,1.0
10,10,0.0,0.0,0.0,0.0,0.0,0.0,0.0,0.0,0.0,0.0,1.0
10,10,0.0,0.0,0.0,0.0,0.0,0.0,0.0,0.0,0.0,0.0,1.0
10,10,0.0,0.0,0.0,0.0,0.0,0.0,0.0,0.0,0.0,0.0,1.0
10,10,0.0,0.0,0.0,0.0,0.0,0.0,0.0,0.0,0.0,0.0,1.0
10,10,0.0,0.0,0.0,0.0,0.0,0.0,0.0,0.0,0.0,0.0,1.0
10,10,0.0,0.0,0.0,0.0,0.0,0.0,0.0,0.0,0.0,0.0,1.0
10,10,0.0,0.0,0.0,0.0,0.0,0.0,0.0,0.0,0.0,0.0,1.0
10,10,0.0,0.0,0.0,0.0,0.0,0.0,0.0,0.0,0.0,0.0,1.0
10,10,0.0,0.0,0.0,0.0,0.0,0.0,0.0,0.0,0.0,0.0,1.0
10,10,0.0,0.0,0.0,0.0,0.0,0.0,0.0,0.0,0.0,0.0,1.0
10,10,0.0,0.0,0.0,0.0,0.0,0.0,0.0,0.0,0.0,0.0,1.0
10,10,0.0,0.0,0.0,0.0,0.0,0.0,0.0,0.0,0.0,0.0,1.0
10,10,0.0,0.0,0.0,0.0,0.0,0.0,0.0,0.0,0.0,0.0,1.0
10,10,0.0,0.0,0.0,0.0,0.0,0.0,0.0,0.0,0.0,0.0,1.0
10,10,0.0,0.0,0.0,0.0,0.0,0.0,0.0,0.0,0.0,0.0,1.0
10,10,0.0,0.0,0.0,0.0,0.0,0.0,0.0,0.0,0.0,0.0,1.0
10,10,0.0,0.0,0.0,0.0,0.0,0.0,0.0,0.0,0.0,0.0,1.0
10,10,0.0,0.0,0.0,0.0,0.0,0.0,0.0,0.0,0.0,0.0,1.0
10,10,0.0,0.0,0.0,0.0,0.0,0.0,0.0,0.0,0.0,0.0,1.0
10,10,0.0,0.0,0.0,0.0,0.0,0.0,0.0,0.0,0.0,0.0,1.0
10,10,0.0,0.0,0.0,0.0,0.0,0.0,0.0,0.0,0.0,0.0,1.0
10,10,0.0,0.0,0.0,0.0,0.0,0.0,0.0,0.0,0.0,0.0,1.0
10,10,0.0,0.0,0.0,0.0,0.0,0.0,0.0,0.0,0.0,0.0,1.0
10,10,0.0,0.0,0.0,0.0,0.0,0.0,0.0,0.0,0.0,0.0,1.0
10,10,0.0,0.0,0.0,0.0,0.0,0.0,0.0,0.0,0.0,0.0,1.0
10,10,0.0,0.0,0.0,0.0,0.0,0.0,0.0,0.0,0.0,0.0,1.0
10,10,0.0,0.0,0.0,0.0,0.0,0.0,0.0,0.0,0.0,0.0,1.0
10,10,0.0,0.0,0.0,0.0,0.0,0.0,0.0,0.0,0.0,0.0,1.0
10,10,0.0,0.0,0.0,0.0,0.0,0.0,0.0,0.0,0.0,0.0,1.0
10,10,0.0,0.0,0.0,0.0,0.0,0.0,0.0,0.0,0.0,0.0,1.0
10,10,0.0,0.0,0.0,0.0,0.0,0.0,0.0,0.0,0.0,0.0,1.0
10,10,0.0,0.0,0.0,0.0,0.0,0.0,0.0,0.0,0.0,0.0,1.0
10,10,0.0,0.0,0.0,0.0,0.0,0.0,0.0,0.0,0.0,0.0,1.0
10,10,0.0,0.0,0.0,0.0,0.0,0.0,0.0,0.0,0.0,0.0,1.0
10,10,0.0,0.0,0.0,0.0,0.0,0.0,0.0,0.0,0.0,0.0,1.0
10,10,0.0,0.0,0.0,0.0,0.0,0.0,0.0,0.0,0.0,0.0,1.0
10,10,0.0,0.0,0.0,0.0,0.0,0.0,0.0,0.0,0.0,0.0,1.0
10,10,0.0,0.0,0.0,0.0,0.0,0.0,0.0,0.0,0.0,0.0,1.0
10,10,0.0,0.0,0.0,0.0,0.0,0.0,0.0,0.0,0.0,0.0,1.0
10,10,0.0,0.0,0.0,0.0,0.0,0.0,0.0,0.0,0.0,0.0,1.0
10,10,0.0,0.0,0.0,0.0,0.0,0.0,0.0,0.0,0.0,0.0,1.0
10,10,0.0,0.0,0.0,0.0,0.0,0.0,0.0,0.0,0.0,0.0,1.0
10,10,0.0,0.0,0.0,0.0,0.0,0.0,0.0,0.0,0.0,0.0,1.0
10,10,0.0,0.0,0.0,0.0,0.0,0.0,0.0,0.0,0.0,0.0,1.0
10,10,0.0,0.0,0.0,0.0,0.0,0.0,0.0,0.0,0.0,0.0,1.0
10,10,0.0,0.0,0.0,0.0,0.0,0.0,0.0,0.0,0.0,0.0,1.0
10,10,0.0,0.0,0.0,0.0,0.0,0.0,0.0,0.0,0.0,0.0,1.0
10,10,0.0,0.0,0.0,0.0,0.0,0.0,0.0,0.0,0.0,0.0,1.0
10,10,0.0,0.0,0.0,0.0,0.0,0.0,0.0,0.0,0.0,0.0,1.0
10,10,0.0,0.0,0.0,0.0,0.0,0.0,0.0,0.0,0.0,0.0,1.0
10,10,0.0,0.0,0.0,0.0,0.0,0.0,0.0,0.0,0.0,0.0,1.0
10,10,0.0,0.0,0.0,0.0,0.0,0.0,0.0,0.0,0.0,0.0,1.0
10,10,0.0,0.0,0.0,0.0,0.0,0.0,0.0,0.0,0.0,0.0,1.0
10,10,0.0,0.0,0.0,0.0,0.0,0.0,0.0,0.0,0.0,0.0,1.0
10,10,0.0,0.0,0.0,0.0,0.0,0.0,0.0,0.0,0.0,0.0,1.0
10,10,0.0,0.0,0.0,0.0,0.0,0.0,0.0,0.0,0.0,0.0,1.0
10,10,0.0,0.0,0.0,0.0,0.0,0.0,0.0,0.0,0.0,0.0,1.0
10,10,0.0,0.0,0.0,0.0,0.0,0.0,0.0,0.0,0.0,0.0,1.0
10,10,0.0,0.0,0.0,0.0,0.0,0.0,0.0,0.0,0.0,0.0,1.0
10,10,0.0,0.0,0.0,0.0,0.0,0.0,0.0,0.0,0.0,0.0,1.0
10,10,0.0,0.0,0.0,0.0,0.0,0.0,0.0,0.0,0.0,0.0,1.0
10,10,0.0,0.0,0.0,0.0,0.0,0.0,0.0,0.0,0.0,0.0,1.0
10,10,0.0,0.0,0.0,0.0,0.0,0.0,0.0,0.0,0.0,0.0,1.0
10,10,0.0,0.0,0.0,0.0,0.0,0.0,0.0,0.0,0.0,0.0,1.0
10,10,0.0,0.0,0.0,0.0,0.0,0.0,0.0,0.0,0.0,0.0,1.0
10,10,0.0,0.0,0.0,0.0,0.0,0.0,0.0,0.0,0.0,0.0,1.0
10,10,0.0,0.0,0.0,0.0,0.0,0.0,0.0,0.0,0.0,0.0,1.0
10,10,0.0,0.0,0.0,0.0,0.0,0.0,0.0,0.0,0.0,0.0,1.0
10,10,0.0,0.0,0.0,0.0,0.0,0.0,0.0,0.0,0.0,0.0,1.0
10,10,0.0,0.0,0.0,0.0,0.0,0.0,0.0,0.0,0.0,0.0,1.0
10,10,0.0,0.0,0.0,0.0,0.0,0.0,0.0,0.0,0.0,0.0,1.0
10,10,0.0,0.0,0.0,0.0,0.0,0.0,0.0,0.0,0.0,0.0,1.0
10,10,0.0,0.0,0.0,0.0,0.0,0.0,0.0,0.0,0.0,0.0,1.0
10,10,0.0,0.0,0.0,0.0,0.0,0.0,0.0,0.0,0.0,0.0,1.0
10,10,0.0,0.0,0.0,0.0,0.0,0.0,0.0,0.0,0.0,0.0,1.0
10,10,0.0,0.0,0.0,0.0,0.0,0.0,0.0,0.0,0.0,0.0,1.0
10,10,0.0,0.0,0.0,0.0,0.0,0.0,0.0,0.0,0.0,0.0,1.0
10,10,0.0,0.0,0.0,0.0,0.0,0.0,0.0,0.0,0.0,0.0,1.0
10,10,0.0,0.0,0.0,0.0,0.0,0.0,0.0,0.0,0.0,0.0,1.0
10,10,0.0,0.0,0.0,0.0,0.0,0.0,0.0,0.0,0.0,0.0,1.0
10,10,0.0,0.0,0.0,0.0,0.0,0.0,0.0,0.0,0.0,0.0,1.0
10,10,0.0,0.0,0.0,0.0,0.0,0.0,0.0,0.0,0.0,0.0,1.0
10,10,0.0,0.0,0.0,0.0,0.0,0.0,0.0,0.0,0.0,0.0,1.0
10,10,0.0,0.0,0.0,0.0,0.0,0.0,0.0,0.0,0.0,0.0,1.0
10,10,0.0,0.0,0.0,0.0,0.0,0.0,0.0,0.0,0.0,0.0,1.0
10,10,0.0,0.0,0.0,0.0,0.0,0.0,0.0,0.0,0.0,0.0,1.0
10,10,0.0,0.0,0.0,0.0,0.0,0.0,0.0,0.0,0.0,0.0,1.0
10,10,0.0,0.0,0.0,0.0,0.0,0.0,0.0,0.0,0.0,0.0,1.0
10,10,0.0,0.0,0.0,0.0,0.0,0.0,0.0,0.0,0.0,0.0,1.0
10,10,0.0,0.0,0.0,0.0,0.0,0.0,0.0,0.0,0.0,0.0,1.0
10,10,0.0,0.0,0.0,0.0,0.0,0.0,0.0,0.0,0.0,0.0,1.0
10,10,0.0,0.0,0.0,0.0,0.0,0.0,0.0,0.0,0.0,0.0,1.0
10,10,0.0,0.0,0.0,0.0,0.0,0.0,0.0,0.0,0.0,0.0,1.0
10,10,0.0,0.0,0.0,0.0,0.0,0.0,0.0,0.0,0.0,0.0,1.0
10,10,0.0,0.0,0.0,0.0,0.0,0.0,0.0,0.0,0.0,0.0,1.0
10,10,0.0,0.0,0.0,0.0,0.0,0.0,0.0,0.0,0.0,0.0,1.0
10,10,0.0,0.0,0.0,0.0,0.0,0.0,0.0,0.0,0.0,0.0,1.0
10,10,0.0,0.0,0.0,0.0,0.0,0.0,0.0,0.0,0.0,0.0,1.0
10,10,0.0,0.0,0.0,0.0,0.0,0.0,0.0,0.0,0.0,0.0,1.0
10,10,0.0,0.0,0.0,0.0,0.0,0.0,0.0,0.0,0.0,0.0,1.0
10,10,0.0,0.0,0.0,0.0,0.0,0.0,0.0,0.0,0.0,0.0,1.0
10,10,0.0,0.0,0.0,0.0,0.0,0.0,0.0,0.0,0.0,0.0,1.0
10,10,0.0,0.0,0.0,0.0,0.0,0.0,0.0,0.0,0.0,0.0,1.0
10,10,0.0,0.0,0.0,0.0,0.0,0.0,0.0,0.0,0.0,0.0,1.0
10,10,0.0,0.0,0.0,0.0,0.0,0.0,0.0,0.0,0.0,0.0,1.0
10,10,0.0,0.0,0.0,0.0,0.0,0.0,0.0,0.0,0.0,0.0,1.0
10,10,0.0,0.0,0.0,0.0,0.0,0.0,0.0,0.0,0.0,0.0,1.0
10,10,0.0,0.0,0.0,0.0,0.0,0.0,0.0,0.0,0.0,0.0,1.0
10,10,0.0,0.0,0.0,0.0,0.0,0.0,0.0,0.0,0.0,0.0,1.0
10,10,0.0,0.0,0.0,0.0,0.0,0.0,0.0,0.0,0.0,0.0,1.0
10,10,0.0,0.0,0.0,0.0,0.0,0.0,0.0,0.0,0.0,0.0,1.0
10,10,0.0,0.0,0.0,0.0,0.0,0.0,0.0,0.0,0.0,0.0,1.0
10,10,0.0,0.0,0.0,0.0,0.0,0.0,0.0,0.0,0.0,0.0,1.0
10,10,0.0,0.0,0.0,0.0,0.0,0.0,0.0,0.0,0.0,0.0,1.0
10,10,0.0,0.0,0.0,0.0,0.0,0.0,0.0,0.0,0.0,0.0,1.0
10,10,0.0,0.0,0.0,0.0,0.0,0.0,0.0,0.0,0.0,0.0,1.0
10,10,0.0,0.0,0.0,0.0,0.0,0.0,0.0,0.0,0.0,0.0,1.0
10,10,0.0,0.0,0.0,0.0,0.0,0.0,0.0,0.0,0.0,0.0,1.0
10,10,0.0,0.0,0.0,0.0,0.0,0.0,0.0,0.0,0.0,0.0,1.0
10,10,0.0,0.0,0.0,0.0,0.0,0.0,0.0,0.0,0.0,0.0,1.0
10,10,0.0,0.0,0.0,0.0,0.0,0.0,0.0,0.0,0.0,0.0,1.0
10,10,0.0,0.0,0.0,0.0,0.0,0.0,0.0,0.0,0.0,0.0,1.0
10,10,0.0,0.0,0.0,0.0,0.0,0.0,0.0,0.0,0.0,0.0,1.0
10,10,0.0,0.0,0.0,0.0,0.0,0.0,0.0,0.0,0.0,0.0,1.0
10,10,0.0,0.0,0.0,0.0,0.0,0.0,0.0,0.0,0.0,0.0,1.0
10,10,0.0,0.0,0.0,0.0,0.0,0.0,0.0,0.0,0.0,0.0,1.0
10,10,0.0,0.0,0.0,0.0,0.0,0.0,0.0,0.0,0.0,0.0,1.0
10,10,0.0,0.0,0.0,0.0,0.0,0.0,0.0,0.0,0.0,0.0,1.0
10,10,0.0,0.0,0.0,0.0,0.0,0.0,0.0,0.0,0.0,0.0,1.0
10,10,0.0,0.0,0.0,0.0,0.0,0.0,0.0,0.0,0.0,0.0,1.0
10,10,0.0,0.0,0.0,0.0,0.0,0.0,0.0,0.0,0.0,0.0,1.0
10,10,0.0,0.0,0.0,0.0,0.0,0.0,0.0,0.0,0.0,0.0,1.0
10,10,0.0,0.0,0.0,0.0,0.0,0.0,0.0,0.0,0.0,0.0,1.0
10,10,0.0,0.0,0.0,0.0,0.0,0.0,0.0,0.0,0.0,0.0,1.0
10,10,0.0,0.0,0.0,0.0,0.0,0.0,0.0,0.0,0.0,0.0,1.0
10,10,0.0,0.0,0.0,0.0,0.0,0.0,0.0,0.0,0.0,0.0,1.0
10,10,0.0,0.0,0.0,0.0,0.0,0.0,0.0,0.0,0.0,0.0,1.0
10,10,0.0,0.0,0.0,0.0,0.0,0.0,0.0,0.0,0.0,0.0,1.0
10,10,0.0,0.0,0.0,0.0,0.0,0.0,0.0,0.0,0.0,0.0,1.0
10,10,0.0,0.0,0.0,0.0,0.0,0.0,0.0,0.0,0.0,0.0,1.0
10,10,0.0,0.0,0.0,0.0,0.0,0.0,0.0,0.0,0.0,0.0,1.0
10,10,0.0,0.0,0.0,0.0,0.0,0.0,0.0,0.0,0.0,0.0,1.0
10,10,0.0,0.0,0.0,0.0,0.0,0.0,0.0,0.0,0.0,0.0,1.0
10,10,0.0,0.0,0.0,0.0,0.0,0.0,0.0,0.0,0.0,0.0,1.0
10,10,0.0,0.0,0.0,0.0,0.0,0.0,0.0,0.0,0.0,0.0,1.0
10,10,0.0,0.0,0.0,0.0,0.0,0.0,0.0,0.0,0.0,0.0,1.0
10,10,0.0,0.0,0.0,0.0,0.0,0.0,0.0,0.0,0.0,0.0,1.0
10,10,0.0,0.0,0.0,0.0,0.0,0.0,0.0,0.0,0.0,0.0,1.0
10,10,0.0,0.0,0.0,0.0,0.0,0.0,0.0,0.0,0.0,0.0,1.0
10,10,0.0,0.0,0.0,0.0,0.0,0.0,0.0,0.0,0.0,0.0,1.0
10,10,0.0,0.0,0.0,0.0,0.0,0.0,0.0,0.0,0.0,0.0,1.0
10,10,0.0,0.0,0.0,0.0,0.0,0.0,0.0,0.0,0.0,0.0,1.0
10,10,0.0,0.0,0.0,0.0,0.0,0.0,0.0,0.0,0.0,0.0,1.0
10,10,0.0,0.0,0.0,0.0,0.0,0.0,0.0,0.0,0.0,0.0,1.0
10,10,0.0,0.0,0.0,0.0,0.0,0.0,0.0,0.0,0.0,0.0,1.0
10,10,0.0,0.0,0.0,0.0,0.0,0.0,0.0,0.0,0.0,0.0,1.0
10,10,0.0,0.0,0.0,0.0,0.0,0.0,0.0,0.0,0.0,0.0,1.0
10,10,0.0,0.0,0.0,0.0,0.0,0.0,0.0,0.0,0.0,0.0,1.0
10,10,0.0,0.0,0.0,0.0,0.0,0.0,0.0,0.0,0.0,0.0,1.0
10,10,0.0,0.0,0.0,0.0,0.0,0.0,0.0,0.0,0.0,0.0,1.0
10,10,0.0,0.0,0.0,0.0,0.0,0.0,0.0,0.0,0.0,0.0,1.0
10,10,0.0,0.0,0.0,0.0,0.0,0.0,0.0,0.0,0.0,0.0,1.0
10,10,0.0,0.0,0.0,0.0,0.0,0.0,0.0,0.0,0.0,0.0,1.0
10,10,0.0,0.0,0.0,0.0,0.0,0.0,0.0,0.0,0.0,0.0,1.0
10,10,0.0,0.0,0.0,0.0,0.0,0.0,0.0,0.0,0.0,0.0,1.0
10,10,0.0,0.0,0.0,0.0,0.0,0.0,0.0,0.0,0.0,0.0,1.0
10,10,0.0,0.0,0.0,0.0,0.0,0.0,0.0,0.0,0.0,0.0,1.0
10,10,0.0,0.0,0.0,0.0,0.0,0.0,0.0,0.0,0.0,0.0,1.0
10,10,0.0,0.0,0.0,0.0,0.0,0.0,0.0,0.0,0.0,0.0,1.0
10,10,0.0,0.0,0.0,0.0,0.0,0.0,0.0,0.0,0.0,0.0,1.0
10,10,0.0,0.0,0.0,0.0,0.0,0.0,0.0,0.0,0.0,0.0,1.0
10,10,0.0,0.0,0.0,0.0,0.0,0.0,0.0,0.0,0.0,0.0,1.0
10,10,0.0,0.0,0.0,0.0,0.0,0.0,0.0,0.0,0.0,0.0,1.0
10,10,0.0,0.0,0.0,0.0,0.0,0.0,0.0,0.0,0.0,0.0,1.0
10,10,0.0,0.0,0.0,0.0,0.0,0.0,0.0,0.0,0.0,0.0,1.0
10,10,0.0,0.0,0.0,0.0,0.0,0.0,0.0,0.0,0.0,0.0,1.0
10,10,0.0,0.0,0.0,0.0,0.0,0.0,0.0,0.0,0.0,0.0,1.0
10,10,0.0,0.0,0.0,0.0,0.0,0.0,0.0,0.0,0.0,0.0,1.0
10,10,0.0,0.0,0.0,0.0,0.0,0.0,0.0,0.0,0.0,0.0,1.0
10,10,0.0,0.0,0.0,0.0,0.0,0.0,0.0,0.0,0.0,0.0,1.0
10,10,0.0,0.0,0.0,0.0,0.0,0.0,0.0,0.0,0.0,0.0,1.0
10,10,0.0,0.0,0.0,0.0,0.0,0.0,0.0,0.0,0.0,0.0,1.0
10,10,0.0,0.0,0.0,0.0,0.0,0.0,0.0,0.0,0.0,0.0,1.0
10,10,0.0,0.0,0.0,0.0,0.0,0.0,0.0,0.0,0.0,0.0,1.0
10,10,0.0,0.0,0.0,0.0,0.0,0.0,0.0,0.0,0.0,0.0,1.0
10,10,0.0,0.0,0.0,0.0,0.0,0.0,0.0,0.0,0.0,0.0,1.0
10,10,0.0,0.0,0.0,0.0,0.0,0.0,0.0,0.0,0.0,0.0,1.0
10,10,0.0,0.0,0.0,0.0,0.0,0.0,0.0,0.0,0.0,0.0,1.0
10,10,0.0,0.0,0.0,0.0,0.0,0.0,0.0,0.0,0.0,0.0,1.0
10,10,0.0,0.0,0.0,0.0,0.0,0.0,0.0,0.0,0.0,0.0,1.0
10,10,0.0,0.0,0.0,0.0,0.0,0.0,0.0,0.0,0.0,0.0,1.0
10,10,0.0,0.0,0.0,0.0,0.0,0.0,0.0,0.0,0.0,0.0,1.0
10,10,0.0,0.0,0.0,0.0,0.0,0.0,0.0,0.0,0.0,0.0,1.0
10,10,0.0,0.0,0.0,0.0,0.0,0.0,0.0,0.0,0.0,0.0,1.0
10,10,0.0,0.0,0.0,0.0,0.0,0.0,0.0,0.0,0.0,0.0,1.0
10,10,0.0,0.0,0.0,0.0,0.0,0.0,0.0,0.0,0.0,0.0,1.0
10,10,0.0,0.0,0.0,0.0,0.0,0.0,0.0,0.0,0.0,0.0,1.0
10,10,0.0,0.0,0.0,0.0,0.0,0.0,0.0,0.0,0.0,0.0,1.0
10,10,0.0,0.0,0.0,0.0,0.0,0.0,0.0,0.0,0.0,0.0,1.0
10,10,0.0,0.0,0.0,0.0,0.0,0.0,0.0,0.0,0.0,0.0,1.0
10,10,0.0,0.0,0.0,0.0,0.0,0.0,0.0,0.0,0.0,0.0,1.0
10,10,0.0,0.0,0.0,0.0,0.0,0.0,0.0,0.0,0.0,0.0,1.0
10,10,0.0,0.0,0.0,0.0,0.0,0.0,0.0,0.0,0.0,0.0,1.0
10,10,0.0,0.0,0.0,0.0,0.0,0.0,0.0,0.0,0.0,0.0,1.0
10,10,0.0,0.0,0.0,0.0,0.0,0.0,0.0,0.0,0.0,0.0,1.0
10,10,0.0,0.0,0.0,0.0,0.0,0.0,0.0,0.0,0.0,0.0,1.0
10,10,0.0,0.0,0.0,0.0,0.0,0.0,0.0,0.0,0.0,0.0,1.0
10,10,0.0,0.0,0.0,0.0,0.0,0.0,0.0,0.0,0.0,0.0,1.0
10,10,0.0,0.0,0.0,0.0,0.0,0.0,0.0,0.0,0.0,0.0,1.0
10,10,0.0,0.0,0.0,0.0,0.0,0.0,0.0,0.0,0.0,0.0,1.0
10,10,0.0,0.0,0.0,0.0,0.0,0.0,0.0,0.0,0.0,0.0,1.0
10,10,0.0,0.0,0.0,0.0,0.0,0.0,0.0,0.0,0.0,0.0,1.0
10,10,0.0,0.0,0.0,0.0,0.0,0.0,0.0,0.0,0.0,0.0,1.0
10,10,0.0,0.0,0.0,0.0,0.0,0.0,0.0,0.0,0.0,0.0,1.0
10,10,0.0,0.0,0.0,0.0,0.0,0.0,0.0,0.0,0.0,0.0,1.0
10,10,0.0,0.0,0.0,0.0,0.0,0.0,0.0,0.0,0.0,0.0,1.0
10,10,0.0,0.0,0.0,0.0,0.0,0.0,0.0,0.0,0.0,0.0,1.0
10,10,0.0,0.0,0.0,0.0,0.0,0.0,0.0,0.0,0.0,0.0,1.0
10,10,0.0,0.0,0.0,0.0,0.0,0.0,0.0,0.0,0.0,0.0,1.0
10,10,0.0,0.0,0.0,0.0,0.0,0.0,0.0,0.0,0.0,0.0,1.0
10,10,0.0,0.0,0.0,0.0,0.0,0.0,0.0,0.0,0.0,0.0,1.0
10,10,0.0,0.0,0.0,0.0,0.0,0.0,0.0,0.0,0.0,0.0,1.0
10,10,0.0,0.0,0.0,0.0,0.0,0.0,0.0,0.0,0.0,0.0,1.0
10,10,0.0,0.0,0.0,0.0,0.0,0.0,0.0,0.0,0.0,0.0,1.0
10,10,0.0,0.0,0.0,0.0,0.0,0.0,0.0,0.0,0.0,0.0,1.0
10,10,0.0,0.0,0.0,0.0,0.0,0.0,0.0,0.0,0.0,0.0,1.0
10,10,0.0,0.0,0.0,0.0,0.0,0.0,0.0,0.0,0.0,0.0,1.0
10,10,0.0,0.0,0.0,0.0,0.0,0.0,0.0,0.0,0.0,0.0,1.0
10,10,0.0,0.0,0.0,0.0,0.0,0.0,0.0,0.0,0.0,0.0,1.0
10,10,0.0,0.0,0.0,0.0,0.0,0.0,0.0,0.0,0.0,0.0,1.0
10,10,0.0,0.0,0.0,0.0,0.0,0.0,0.0,0.0,0.0,0.0,1.0
10,10,0.0,0.0,0.0,0.0,0.0,0.0,0.0,0.0,0.0,0.0,1.0
10,10,0.0,0.0,0.0,0.0,0.0,0.0,0.0,0.0,0.0,0.0,1.0
10,10,0.0,0.0,0.0,0.0,0.0,0.0,0.0,0.0,0.0,0.0,1.0
10,10,0.0,0.0,0.0,0.0,0.0,0.0,0.0,0.0,0.0,0.0,1.0
10,10,0.0,0.0,0.0,0.0,0.0,0.0,0.0,0.0,0.0,0.0,1.0
10,10,0.0,0.0,0.0,0.0,0.0,0.0,0.0,0.0,0.0,0.0,1.0
10,10,0.0,0.0,0.0,0.0,0.0,0.0,0.0,0.0,0.0,0.0,1.0
10,10,0.0,0.0,0.0,0.0,0.0,0.0,0.0,0.0,0.0,0.0,1.0
10,10,0.0,0.0,0.0,0.0,0.0,0.0,0.0,0.0,0.0,0.0,1.0
10,10,0.0,0.0,0.0,0.0,0.0,0.0,0.0,0.0,0.0,0.0,1.0
10,10,0.0,0.0,0.0,0.0,0.0,0.0,0.0,0.0,0.0,0.0,1.0
10,10,0.0,0.0,0.0,0.0,0.0,0.0,0.0,0.0,0.0,0.0,1.0
10,10,0.0,0.0,0.0,0.0,0.0,0.0,0.0,0.0,0.0,0.0,1.0
10,10,0.0,0.0,0.0,0.0,0.0,0.0,0.0,0.0,0.0,0.0,1.0
10,10,0.0,0.0,0.0,0.0,0.0,0.0,0.0,0.0,0.0,0.0,1.0
10,10,0.0,0.0,0.0,0.0,0.0,0.0,0.0,0.0,0.0,0.0,1.0
10,10,0.0,0.0,0.0,0.0,0.0,0.0,0.0,0.0,0.0,0.0,1.0
10,10,0.0,0.0,0.0,0.0,0.0,0.0,0.0,0.0,0.0,0.0,1.0
10,10,0.0,0.0,0.0,0.0,0.0,0.0,0.0,0.0,0.0,0.0,1.0
10,10,0.0,0.0,0.0,0.0,0.0,0.0,0.0,0.0,0.0,0.0,1.0
10,10,0.0,0.0,0.0,0.0,0.0,0.0,0.0,0.0,0.0,0.0,1.0
10,10,0.0,0.0,0.0,0.0,0.0,0.0,0.0,0.0,0.0,0.0,1.0
10,10,0.0,0.0,0.0,0.0,0.0,0.0,0.0,0.0,0.0,0.0,1.0
10,10,0.0,0.0,0.0,0.0,0.0,0.0,0.0,0.0,0.0,0.0,1.0
10,10,0.0,0.0,0.0,0.0,0.0,0.0,0.0,0.0,0.0,0.0,1.0
10,10,0.0,0.0,0.0,0.0,0.0,0.0,0.0,0.0,0.0,0.0,1.0
10,10,0.0,0.0,0.0,0.0,0.0,0.0,0.0,0.0,0.0,0.0,1.0
10,10,0.0,0.0,0.0,0.0,0.0,0.0,0.0,0.0,0.0,0.0,1.0
10,10,0.0,0.0,0.0,0.0,0.0,0.0,0.0,0.0,0.0,0.0,1.0
10,10,0.0,0.0,0.0,0.0,0.0,0.0,0.0,0.0,0.0,0.0,1.0
10,10,0.0,0.0,0.0,0.0,0.0,0.0,0.0,0.0,0.0,0.0,1.0
10,10,0.0,0.0,0.0,0.0,0.0,0.0,0.0,0.0,0.0,0.0,1.0
10,10,0.0,0.0,0.0,0.0,0.0,0.0,0.0,0.0,0.0,0.0,1.0
10,10,0.0,0.0,0.0,0.0,0.0,0.0,0.0,0.0,0.0,0.0,1.0
10,10,0.0,0.0,0.0,0.0,0.0,0.0,0.0,0.0,0.0,0.0,1.0
10,10,0.0,0.0,0.0,0.0,0.0,0.0,0.0,0.0,0.0,0.0,1.0
10,10,0.0,0.0,0.0,0.0,0.0,0.0,0.0,0.0,0.0,0.0,1.0
10,10,0.0,0.0,0.0,0.0,0.0,0.0,0.0,0.0,0.0,0.0,1.0
10,10,0.0,0.0,0.0,0.0,0.0,0.0,0.0,0.0,0.0,0.0,1.0
10,10,0.0,0.0,0.0,0.0,0.0,0.0,0.0,0.0,0.0,0.0,1.0
10,10,0.0,0.0,0.0,0.0,0.0,0.0,0.0,0.0,0.0,0.0,1.0
10,10,0.0,0.0,0.0,0.0,0.0,0.0,0.0,0.0,0.0,0.0,1.0
10,10,0.0,0.0,0.0,0.0,0.0,0.0,0.0,0.0,0.0,0.0,1.0
10,10,0.0,0.0,0.0,0.0,0.0,0.0,0.0,0.0,0.0,0.0,1.0
10,10,0.0,0.0,0.0,0.0,0.0,0.0,0.0,0.0,0.0,0.0,1.0
10,10,0.0,0.0,0.0,0.0,0.0,0.0,0.0,0.0,0.0,0.0,1.0
10,10,0.0,0.0,0.0,0.0,0.0,0.0,0.0,0.0,0.0,0.0,1.0
10,10,0.0,0.0,0.0,0.0,0.0,0.0,0.0,0.0,0.0,0.0,1.0
10,10,0.0,0.0,0.0,0.0,0.0,0.0,0.0,0.0,0.0,0.0,1.0
10,10,0.0,0.0,0.0,0.0,0.0,0.0,0.0,0.0,0.0,0.0,1.0
10,10,0.0,0.0,0.0,0.0,0.0,0.0,0.0,0.0,0.0,0.0,1.0
10,10,0.0,0.0,0.0,0.0,0.0,0.0,0.0,0.0,0.0,0.0,1.0
10,10,0.0,0.0,0.0,0.0,0.0,0.0,0.0,0.0,0.0,0.0,1.0
10,10,0.0,0.0,0.0,0.0,0.0,0.0,0.0,0.0,0.0,0.0,1.0
10,10,0.0,0.0,0.0,0.0,0.0,0.0,0.0,0.0,0.0,0.0,1.0
10,10,0.0,0.0,0.0,0.0,0.0,0.0,0.0,0.0,0.0,0.0,1.0
10,10,0.0,0.0,0.0,0.0,0.0,0.0,0.0,0.0,0.0,0.0,1.0
10,10,0.0,0.0,0.0,0.0,0.0,0.0,0.0,0.0,0.0,0.0,1.0
10,10,0.0,0.0,0.0,0.0,0.0,0.0,0.0,0.0,0.0,0.0,1.0
10,10,0.0,0.0,0.0,0.0,0.0,0.0,0.0,0.0,0.0,0.0,1.0
10,10,0.0,0.0,0.0,0.0,0.0,0.0,0.0,0.0,0.0,0.0,1.0
10,10,0.0,0.0,0.0,0.0,0.0,0.0,0.0,0.0,0.0,0.0,1.0
10,10,0.0,0.0,0.0,0.0,0.0,0.0,0.0,0.0,0.0,0.0,1.0
10,10,0.0,0.0,0.0,0.0,0.0,0.0,0.0,0.0,0.0,0.0,1.0
10,10,0.0,0.0,0.0,0.0,0.0,0.0,0.0,0.0,0.0,0.0,1.0
10,10,0.0,0.0,0.0,0.0,0.0,0.0,0.0,0.0,0.0,0.0,1.0
10,10,0.0,0.0,0.0,0.0,0.0,0.0,0.0,0.0,0.0,0.0,1.0
10,10,0.0,0.0,0.0,0.0,0.0,0.0,0.0,0.0,0.0,0.0,1.0
10,10,0.0,0.0,0.0,0.0,0.0,0.0,0.0,0.0,0.0,0.0,1.0
10,10,0.0,0.0,0.0,0.0,0.0,0.0,0.0,0.0,0.0,0.0,1.0
10,10,0.0,0.0,0.0,0.0,0.0,0.0,0.0,0.0,0.0,0.0,1.0
10,10,0.0,0.0,0.0,0.0,0.0,0.0,0.0,0.0,0.0,0.0,1.0
10,10,0.0,0.0,0.0,0.0,0.0,0.0,0.0,0.0,0.0,0.0,1.0
10,10,0.0,0.0,0.0,0.0,0.0,0.0,0.0,0.0,0.0,0.0,1.0
10,10,0.0,0.0,0.0,0.0,0.0,0.0,0.0,0.0,0.0,0.0,1.0
10,10,0.0,0.0,0.0,0.0,0.0,0.0,0.0,0.0,0.0,0.0,1.0
10,10,0.0,0.0,0.0,0.0,0.0,0.0,0.0,0.0,0.0,0.0,1.0
10,10,0.0,0.0,0.0,0.0,0.0,0.0,0.0,0.0,0.0,0.0,1.0
10,10,0.0,0.0,0.0,0.0,0.0,0.0,0.0,0.0,0.0,0.0,1.0
10,10,0.0,0.0,0.0,0.0,0.0,0.0,0.0,0.0,0.0,0.0,1.0
10,10,0.0,0.0,0.0,0.0,0.0,0.0,0.0,0.0,0.0,0.0,1.0
10,10,0.0,0.0,0.0,0.0,0.0,0.0,0.0,0.0,0.0,0.0,1.0
10,10,0.0,0.0,0.0,0.0,0.0,0.0,0.0,0.0,0.0,0.0,1.0
10,10,0.0,0.0,0.0,0.0,0.0,0.0,0.0,0.0,0.0,0.0,1.0
10,10,0.0,0.0,0.0,0.0,0.0,0.0,0.0,0.0,0.0,0.0,1.0
10,10,0.0,0.0,0.0,0.0,0.0,0.0,0.0,0.0,0.0,0.0,1.0
10,10,0.0,0.0,0.0,0.0,0.0,0.0,0.0,0.0,0.0,0.0,1.0
10,10,0.0,0.0,0.0,0.0,0.0,0.0,0.0,0.0,0.0,0.0,1.0
10,10,0.0,0.0,0.0,0.0,0.0,0.0,0.0,0.0,0.0,0.0,1.0
10,10,0.0,0.0,0.0,0.0,0.0,0.0,0.0,0.0,0.0,0.0,1.0
10,10,0.0,0.0,0.0,0.0,0.0,0.0,0.0,0.0,0.0,0.0,1.0
10,10,0.0,0.0,0.0,0.0,0.0,0.0,0.0,0.0,0.0,0.0,1.0
10,10,0.0,0.0,0.0,0.0,0.0,0.0,0.0,0.0,0.0,0.0,1.0
10,10,0.0,0.0,0.0,0.0,0.0,0.0,0.0,0.0,0.0,0.0,1.0
10,10,0.0,0.0,0.0,0.0,0.0,0.0,0.0,0.0,0.0,0.0,1.0
10,10,0.0,0.0,0.0,0.0,0.0,0.0,0.0,0.0,0.0,0.0,1.0
10,10,0.0,0.0,0.0,0.0,0.0,0.0,0.0,0.0,0.0,0.0,1.0
10,10,0.0,0.0,0.0,0.0,0.0,0.0,0.0,0.0,0.0,0.0,1.0
10,10,0.0,0.0,0.0,0.0,0.0,0.0,0.0,0.0,0.0,0.0,1.0
10,10,0.0,0.0,0.0,0.0,0.0,0.0,0.0,0.0,0.0,0.0,1.0
10,10,0.0,0.0,0.0,0.0,0.0,0.0,0.0,0.0,0.0,0.0,1.0
10,10,0.0,0.0,0.0,0.0,0.0,0.0,0.0,0.0,0.0,0.0,1.0
10,10,0.0,0.0,0.0,0.0,0.0,0.0,0.0,0.0,0.0,0.0,1.0
10,10,0.0,0.0,0.0,0.0,0.0,0.0,0.0,0.0,0.0,0.0,1.0
10,10,0.0,0.0,0.0,0.0,0.0,0.0,0.0,0.0,0.0,0.0,1.0
10,10,0.0,0.0,0.0,0.0,0.0,0.0,0.0,0.0,0.0,0.0,1.0
10,10,0.0,0.0,0.0,0.0,0.0,0.0,0.0,0.0,0.0,0.0,1.0
10,10,0.0,0.0,0.0,0.0,0.0,0.0,0.0,0.0,0.0,0.0,1.0
10,10,0.0,0.0,0.0,0.0,0.0,0.0,0.0,0.0,0.0,0.0,1.0
10,10,0.0,0.0,0.0,0.0,0.0,0.0,0.0,0.0,0.0,0.0,1.0
10,10,0.0,0.0,0.0,0.0,0.0,0.0,0.0,0.0,0.0,0.0,1.0
10,10,0.0,0.0,0.0,0.0,0.0,0.0,0.0,0.0,0.0,0.0,1.0
10,10,0.0,0.0,0.0,0.0,0.0,0.0,0.0,0.0,0.0,0.0,1.0
10,10,0.0,0.0,0.0,0.0,0.0,0.0,0.0,0.0,0.0,0.0,1.0
10,10,0.0,0.0,0.0,0.0,0.0,0.0,0.0,0.0,0.0,0.0,1.0
10,10,0.0,0.0,0.0,0.0,0.0,0.0,0.0,0.0,0.0,0.0,1.0
10,10,0.0,0.0,0.0,0.0,0.0,0.0,0.0,0.0,0.0,0.0,1.0
10,10,0.0,0.0,0.0,0.0,0.0,0.0,0.0,0.0,0.0,0.0,1.0
10,10,0.0,0.0,0.0,0.0,0.0,0.0,0.0,0.0,0.0,0.0,1.0
10,10,0.0,0.0,0.0,0.0,0.0,0.0,0.0,0.0,0.0,0.0,1.0
10,10,0.0,0.0,0.0,0.0,0.0,0.0,0.0,0.0,0.0,0.0,1.0
10,10,0.0,0.0,0.0,0.0,0.0,0.0,0.0,0.0,0.0,0.0,1.0
10,10,0.0,0.0,0.0,0.0,0.0,0.0,0.0,0.0,0.0,0.0,1.0
10,10,0.0,0.0,0.0,0.0,0.0,0.0,0.0,0.0,0.0,0.0,1.0
10,10,0.0,0.0,0.0,0.0,0.0,0.0,0.0,0.0,0.0,0.0,1.0
10,10,0.0,0.0,0.0,0.0,0.0,0.0,0.0,0.0,0.0,0.0,1.0
10,10,0.0,0.0,0.0,0.0,0.0,0.0,0.0,0.0,0.0,0.0,1.0
10,10,0.0,0.0,0.0,0.0,0.0,0.0,0.0,0.0,0.0,0.0,1.0
10,10,0.0,0.0,0.0,0.0,0.0,0.0,0.0,0.0,0.0,0.0,1.0
10,10,0.0,0.0,0.0,0.0,0.0,0.0,0.0,0.0,0.0,0.0,1.0
10,10,0.0,0.0,0.0,0.0,0.0,0.0,0.0,0.0,0.0,0.0,1.0
10,10,0.0,0.0,0.0,0.0,0.0,0.0,0.0,0.0,0.0,0.0,1.0
10,10,0.0,0.0,0.0,0.0,0.0,0.0,0.0,0.0,0.0,0.0,1.0
10,10,0.0,0.0,0.0,0.0,0.0,0.0,0.0,0.0,0.0,0.0,1.0
10,10,0.0,0.0,0.0,0.0,0.0,0.0,0.0,0.0,0.0,0.0,1.0
10,10,0.0,0.0,0.0,0.0,0.0,0.0,0.0,0.0,0.0,0.0,1.0
10,10,0.0,0.0,0.0,0.0,0.0,0.0,0.0,0.0,0.0,0.0,1.0
10,10,0.0,0.0,0.0,0.0,0.0,0.0,0.0,0.0,0.0,0.0,1.0
10,10,0.0,0.0,0.0,0.0,0.0,0.0,0.0,0.0,0.0,0.0,1.0
10,10,0.0,0.0,0.0,0.0,0.0,0.0,0.0,0.0,0.0,0.0,1.0
10,10,0.0,0.0,0.0,0.0,0.0,0.0,0.0,0.0,0.0,0.0,1.0
10,10,0.0,0.0,0.0,0.0,0.0,0.0,0.0,0.0,0.0,0.0,1.0
10,10,0.0,0.0,0.0,0.0,0.0,0.0,0.0,0.0,0.0,0.0,1.0
10,10,0.0,0.0,0.0,0.0,0.0,0.0,0.0,0.0,0.0,0.0,1.0
10,10,0.0,0.0,0.0,0.0,0.0,0.0,0.0,0.0,0.0,0.0,1.0
10,10,0.0,0.0,0.0,0.0,0.0,0.0,0.0,0.0,0.0,0.0,1.0
10,10,0.0,0.0,0.0,0.0,0.0,0.0,0.0,0.0,0.0,0.0,1.0
10,10,0.0,0.0,0.0,0.0,0.0,0.0,0.0,0.0,0.0,0.0,1.0
10,10,0.0,0.0,0.0,0.0,0.0,0.0,0.0,0.0,0.0,0.0,1.0
10,10,0.0,0.0,0.0,0.0,0.0,0.0,0.0,0.0,0.0,0.0,1.0
10,10,0.0,0.0,0.0,0.0,0.0,0.0,0.0,0.0,0.0,0.0,1.0
10,10,0.0,0.0,0.0,0.0,0.0,0.0,0.0,0.0,0.0,0.0,1.0
10,10,0.0,0.0,0.0,0.0,0.0,0.0,0.0,0.0,0.0,0.0,1.0
10,10,0.0,0.0,0.0,0.0,0.0,0.0,0.0,0.0,0.0,0.0,1.0
10,10,0.0,0.0,0.0,0.0,0.0,0.0,0.0,0.0,0.0,0.0,1.0
10,10,0.0,0.0,0.0,0.0,0.0,0.0,0.0,0.0,0.0,0.0,1.0
10,10,0.0,0.0,0.0,0.0,0.0,0.0,0.0,0.0,0.0,0.0,1.0
10,10,0.0,0.0,0.0,0.0,0.0,0.0,0.0,0.0,0.0,0.0,1.0
10,10,0.0,0.0,0.0,0.0,0.0,0.0,0.0,0.0,0.0,0.0,1.0
10,10,0.0,0.0,0.0,0.0,0.0,0.0,0.0,0.0,0.0,0.0,1.0
10,10,0.0,0.0,0.0,0.0,0.0,0.0,0.0,0.0,0.0,0.0,1.0
10,10,0.0,0.0,0.0,0.0,0.0,0.0,0.0,0.0,0.0,0.0,1.0
10,10,0.0,0.0,0.0,0.0,0.0,0.0,0.0,0.0,0.0,0.0,1.0
10,10,0.0,0.0,0.0,0.0,0.0,0.0,0.0,0.0,0.0,0.0,1.0
10,10,0.0,0.0,0.0,0.0,0.0,0.0,0.0,0.0,0.0,0.0,1.0
10,10,0.0,0.0,0.0,0.0,0.0,0.0,0.0,0.0,0.0,0.0,1.0
10,10,0.0,0.0,0.0,0.0,0.0,0.0,0.0,0.0,0.0,0.0,1.0
10,10,0.0,0.0,0.0,0.0,0.0,0.0,0.0,0.0,0.0,0.0,1.0
10,10,0.0,0.0,0.0,0.0,0.0,0.0,0.0,0.0,0.0,0.0,1.0
10,10,0.0,0.0,0.0,0.0,0.0,0.0,0.0,0.0,0.0,0.0,1.0
10,10,0.0,0.0,0.0,0.0,0.0,0.0,0.0,0.0,0.0,0.0,1.0
10,10,0.0,0.0,0.0,0.0,0.0,0.0,0.0,0.0,0.0,0.0,1.0
10,10,0.0,0.0,0.0,0.0,0.0,0.0,0.0,0.0,0.0,0.0,1.0
10,10,0.0,0.0,0.0,0.0,0.0,0.0,0.0,0.0,0.0,0.0,1.0
10,10,0.0,0.0,0.0,0.0,0.0,0.0,0.0,0.0,0.0,0.0,1.0
10,10,0.0,0.0,0.0,0.0,0.0,0.0,0.0,0.0,0.0,0.0,1.0
10,10,0.0,0.0,0.0,0.0,0.0,0.0,0.0,0.0,0.0,0.0,1.0
10,10,0.0,0.0,0.0,0.0,0.0,0.0,0.0,0.0,0.0,0.0,1.0
10,10,0.0,0.0,0.0,0.0,0.0,0.0,0.0,0.0,0.0,0.0,1.0
10,10,0.0,0.0,0.0,0.0,0.0,0.0,0.0,0.0,0.0,0.0,1.0
10,10,0.0,0.0,0.0,0.0,0.0,0.0,0.0,0.0,0.0,0.0,1.0
10,10,0.0,0.0,0.0,0.0,0.0,0.0,0.0,0.0,0.0,0.0,1.0
10,10,0.0,0.0,0.0,0.0,0.0,0.0,0.0,0.0,0.0,0.0,1.0
10,10,0.0,0.0,0.0,0.0,0.0,0.0,0.0,0.0,0.0,0.0,1.0
10,10,0.0,0.0,0.0,0.0,0.0,0.0,0.0,0.0,0.0,0.0,1.0
10,10,0.0,0.0,0.0,0.0,0.0,0.0,0.0,0.0,0.0,0.0,1.0
10,10,0.0,0.0,0.0,0.0,0.0,0.0,0.0,0.0,0.0,0.0,1.0
10,10,0.0,0.0,0.0,0.0,0.0,0.0,0.0,0.0,0.0,0.0,1.0
10,10,0.0,0.0,0.0,0.0,0.0,0.0,0.0,0.0,0.0,0.0,1.0
10,10,0.0,0.0,0.0,0.0,0.0,0.0,0.0,0.0,0.0,0.0,1.0
10,10,0.0,0.0,0.0,0.0,0.0,0.0,0.0,0.0,0.0,0.0,1.0
10,10,0.0,0.0,0.0,0.0,0.0,0.0,0.0,0.0,0.0,0.0,1.0
10,10,0.0,0.0,0.0,0.0,0.0,0.0,0.0,0.0,0.0,0.0,1.0
10,10,0.0,0.0,0.0,0.0,0.0,0.0,0.0,0.0,0.0,0.0,1.0
10,10,0.0,0.0,0.0,0.0,0.0,0.0,0.0,0.0,0.0,0.0,1.0
10,10,0.0,0.0,0.0,0.0,0.0,0.0,0.0,0.0,0.0,0.0,1.0
10,10,0.0,0.0,0.0,0.0,0.0,0.0,0.0,0.0,0.0,0.0,1.0
10,10,0.0,0.0,0.0,0.0,0.0,0.0,0.0,0.0,0.0,0.0,1.0
10,10,0.0,0.0,0.0,0.0,0.0,0.0,0.0,0.0,0.0,0.0,1.0
10,10,0.0,0.0,0.0,0.0,0.0,0.0,0.0,0.0,0.0,0.0,1.0
10,10,0.0,0.0,0.0,0.0,0.0,0.0,0.0,0.0,0.0,0.0,1.0
10,10,0.0,0.0,0.0,0.0,0.0,0.0,0.0,0.0,0.0,0.0,1.0
10,10,0.0,0.0,0.0,0.0,0.0,0.0,0.0,0.0,0.0,0.0,1.0
10,10,0.0,0.0,0.0,0.0,0.0,0.0,0.0,0.0,0.0,0.0,1.0
10,10,0.0,0.0,0.0,0.0,0.0,0.0,0.0,0.0,0.0,0.0,1.0
10,10,0.0,0.0,0.0,0.0,0.0,0.0,0.0,0.0,0.0,0.0,1.0
10,10,0.0,0.0,0.0,0.0,0.0,0.0,0.0,0.0,0.0,0.0,1.0
10,10,0.0,0.0,0.0,0.0,0.0,0.0,0.0,0.0,0.0,0.0,1.0
10,10,0.0,0.0,0.0,0.0,0.0,0.0,0.0,0.0,0.0,0.0,1.0
10,10,0.0,0.0,0.0,0.0,0.0,0.0,0.0,0.0,0.0,0.0,1.0
10,10,0.0,0.0,0.0,0.0,0.0,0.0,0.0,0.0,0.0,0.0,1.0
10,10,0.0,0.0,0.0,0.0,0.0,0.0,0.0,0.0,0.0,0.0,1.0
10,10,0.0,0.0,0.0,0.0,0.0,0.0,0.0,0.0,0.0,0.0,1.0
10,10,0.0,0.0,0.0,0.0,0.0,0.0,0.0,0.0,0.0,0.0,1.0
10,10,0.0,0.0,0.0,0.0,0.0,0.0,0.0,0.0,0.0,0.0,1.0
10,10,0.0,0.0,0.0,0.0,0.0,0.0,0.0,0.0,0.0,0.0,1.0
10,10,0.0,0.0,0.0,0.0,0.0,0.0,0.0,0.0,0.0,0.0,1.0
10,10,0.0,0.0,0.0,0.0,0.0,0.0,0.0,0.0,0.0,0.0,1.0
10,10,0.0,0.0,0.0,0.0,0.0,0.0,0.0,0.0,0.0,0.0,1.0
10,10,0.0,0.0,0.0,0.0,0.0,0.0,0.0,0.0,0.0,0.0,1.0
10,10,0.0,0.0,0.0,0.0,0.0,0.0,0.0,0.0,0.0,0.0,1.0
10,10,0.0,0.0,0.0,0.0,0.0,0.0,0.0,0.0,0.0,0.0,1.0
10,10,0.0,0.0,0.0,0.0,0.0,0.0,0.0,0.0,0.0,0.0,1.0
10,10,0.0,0.0,0.0,0.0,0.0,0.0,0.0,0.0,0.0,0.0,1.0
10,10,0.0,0.0,0.0,0.0,0.0,0.0,0.0,0.0,0.0,0.0,1.0
10,10,0.0,0.0,0.0,0.0,0.0,0.0,0.0,0.0,0.0,0.0,1.0
10,10,0.0,0.0,0.0,0.0,0.0,0.0,0.0,0.0,0.0,0.0,1.0
10,10,0.0,0.0,0.0,0.0,0.0,0.0,0.0,0.0,0.0,0.0,1.0
10,10,0.0,0.0,0.0,0.0,0.0,0.0,0.0,0.0,0.0,0.0,1.0
10,10,0.0,0.0,0.0,0.0,0.0,0.0,0.0,0.0,0.0,0.0,1.0
10,10,0.0,0.0,0.0,0.0,0.0,0.0,0.0,0.0,0.0,0.0,1.0
10,10,0.0,0.0,0.0,0.0,0.0,0.0,0.0,0.0,0.0,0.0,1.0
10,10,0.0,0.0,0.0,0.0,0.0,0.0,0.0,0.0,0.0,0.0,1.0
10,10,0.0,0.0,0.0,0.0,0.0,0.0,0.0,0.0,0.0,0.0,1.0
10,10,0.0,0.0,0.0,0.0,0.0,0.0,0.0,0.0,0.0,0.0,1.0
10,10,0.0,0.0,0.0,0.0,0.0,0.0,0.0,0.0,0.0,0.0,1.0
10,10,0.0,0.0,0.0,0.0,0.0,0.0,0.0,0.0,0.0,0.0,1.0
10,10,0.0,0.0,0.0,0.0,0.0,0.0,0.0,0.0,0.0,0.0,1.0
10,10,0.0,0.0,0.0,0.0,0.0,0.0,0.0,0.0,0.0,0.0,1.0
10,10,0.0,0.0,0.0,0.0,0.0,0.0,0.0,0.0,0.0,0.0,1.0
10,10,0.0,0.0,0.0,0.0,0.0,0.0,0.0,0.0,0.0,0.0,1.0
10,10,0.0,0.0,0.0,0.0,0.0,0.0,0.0,0.0,0.0,0.0,1.0
10,10,0.0,0.0,0.0,0.0,0.0,0.0,0.0,0.0,0.0,0.0,1.0
10,10,0.0,0.0,0.0,0.0,0.0,0.0,0.0,0.0,0.0,0.0,1.0
10,10,0.0,0.0,0.0,0.0,0.0,0.0,0.0,0.0,0.0,0.0,1.0
10,10,0.0,0.0,0.0,0.0,0.0,0.0,0.0,0.0,0.0,0.0,1.0
10,10,0.0,0.0,0.0,0.0,0.0,0.0,0.0,0.0,0.0,0.0,1.0
10,10,0.0,0.0,0.0,0.0,0.0,0.0,0.0,0.0,0.0,0.0,1.0
10,10,0.0,0.0,0.0,0.0,0.0,0.0,0.0,0.0,0.0,0.0,1.0
10,10,0.0,0.0,0.0,0.0,0.0,0.0,0.0,0.0,0.0,0.0,1.0
10,10,0.0,0.0,0.0,0.0,0.0,0.0,0.0,0.0,0.0,0.0,1.0
10,10,0.0,0.0,0.0,0.0,0.0,0.0,0.0,0.0,0.0,0.0,1.0
10,10,0.0,0.0,0.0,0.0,0.0,0.0,0.0,0.0,0.0,0.0,1.0
10,10,0.0,0.0,0.0,0.0,0.0,0.0,0.0,0.0,0.0,0.0,1.0
10,10,0.0,0.0,0.0,0.0,0.0,0.0,0.0,0.0,0.0,0.0,1.0
10,10,0.0,0.0,0.0,0.0,0.0,0.0,0.0,0.0,0.0,0.0,1.0
10,10,0.0,0.0,0.0,0.0,0.0,0.0,0.0,0.0,0.0,0.0,1.0
10,10,0.0,0.0,0.0,0.0,0.0,0.0,0.0,0.0,0.0,0.0,1.0
10,10,0.0,0.0,0.0,0.0,0.0,0.0,0.0,0.0,0.0,0.0,1.0
10,10,0.0,0.0,0.0,0.0,0.0,0.0,0.0,0.0,0.0,0.0,1.0
10,10,0.0,0.0,0.0,0.0,0.0,0.0,0.0,0.0,0.0,0.0,1.0
10,10,0.0,0.0,0.0,0.0,0.0,0.0,0.0,0.0,0.0,0.0,1.0
10,10,0.0,0.0,0.0,0.0,0.0,0.0,0.0,0.0,0.0,0.0,1.0
10,10,0.0,0.0,0.0,0.0,0.0,0.0,0.0,0.0,0.0,0.0,1.0
10,10,0.0,0.0,0.0,0.0,0.0,0.0,0.0,0.0,0.0,0.0,1.0
10,10,0.0,0.0,0.0,0.0,0.0,0.0,0.0,0.0,0.0,0.0,1.0
10,10,0.0,0.0,0.0,0.0,0.0,0.0,0.0,0.0,0.0,0.0,1.0
10,10,0.0,0.0,0.0,0.0,0.0,0.0,0.0,0.0,0.0,0.0,1.0
10,10,0.0,0.0,0.0,0.0,0.0,0.0,0.0,0.0,0.0,0.0,1.0
10,10,0.0,0.0,0.0,0.0,0.0,0.0,0.0,0.0,0.0,0.0,1.0
10,10,0.0,0.0,0.0,0.0,0.0,0.0,0.0,0.0,0.0,0.0,1.0
10,10,0.0,0.0,0.0,0.0,0.0,0.0,0.0,0.0,0.0,0.0,1.0
10,10,0.0,0.0,0.0,0.0,0.0,0.0,0.0,0.0,0.0,0.0,1.0
10,10,0.0,0.0,0.0,0.0,0.0,0.0,0.0,0.0,0.0,0.0,1.0
10,10,0.0,0.0,0.0,0.0,0.0,0.0,0.0,0.0,0.0,0.0,1.0
10,10,0.0,0.0,0.0,0.0,0.0,0.0,0.0,0.0,0.0,0.0,1.0
10,10,0.0,0.0,0.0,0.0,0.0,0.0,0.0,0.0,0.0,0.0,1.0
10,10,0.0,0.0,0.0,0.0,0.0,0.0,0.0,0.0,0.0,0.0,1.0
10,10,0.0,0.0,0.0,0.0,0.0,0.0,0.0,0.0,0.0,0.0,1.0
10,10,0.0,0.0,0.0,0.0,0.0,0.0,0.0,0.0,0.0,0.0,1.0
10,10,0.0,0.0,0.0,0.0,0.0,0.0,0.0,0.0,0.0,0.0,1.0
10,10,0.0,0.0,0.0,0.0,0.0,0.0,0.0,0.0,0.0,0.0,1.0
10,10,0.0,0.0,0.0,0.0,0.0,0.0,0.0,0.0,0.0,0.0,1.0
10,10,0.0,0.0,0.0,0.0,0.0,0.0,0.0,0.0,0.0,0.0,1.0
10,10,0.0,0.0,0.0,0.0,0.0,0.0,0.0,0.0,0.0,0.0,1.0
10,10,0.0,0.0,0.0,0.0,0.0,0.0,0.0,0.0,0.0,0.0,1.0
10,10,0.0,0.0,0.0,0.0,0.0,0.0,0.0,0.0,0.0,0.0,1.0
10,10,0.0,0.0,0.0,0.0,0.0,0.0,0.0,0.0,0.0,0.0,1.0
10,10,0.0,0.0,0.0,0.0,0.0,0.0,0.0,0.0,0.0,0.0,1.0
10,10,0.0,0.0,0.0,0.0,0.0,0.0,0.0,0.0,0.0,0.0,1.0
10,10,0.0,0.0,0.0,0.0,0.0,0.0,0.0,0.0,0.0,0.0,1.0
10,10,0.0,0.0,0.0,0.0,0.0,0.0,0.0,0.0,0.0,0.0,1.0
10,10,0.0,0.0,0.0,0.0,0.0,0.0,0.0,0.0,0.0,0.0,1.0
10,10,0.0,0.0,0.0,0.0,0.0,0.0,0.0,0.0,0.0,0.0,1.0
10,10,0.0,0.0,0.0,0.0,0.0,0.0,0.0,0.0,0.0,0.0,1.0
10,10,0.0,0.0,0.0,0.0,0.0,0.0,0.0,0.0,0.0,0.0,1.0
10,10,0.0,0.0,0.0,0.0,0.0,0.0,0.0,0.0,0.0,0.0,1.0
10,10,0.0,0.0,0.0,0.0,0.0,0.0,0.0,0.0,0.0,0.0,1.0
10,10,0.0,0.0,0.0,0.0,0.0,0.0,0.0,0.0,0.0,0.0,1.0
10,10,0.0,0.0,0.0,0.0,0.0,0.0,0.0,0.0,0.0,0.0,1.0
10,10,0.0,0.0,0.0,0.0,0.0,0.0,0.0,0.0,0.0,0.0,1.0
10,10,0.0,0.0,0.0,0.0,0.0,0.0,0.0,0.0,0.0,0.0,1.0
10,10,0.0,0.0,0.0,0.0,0.0,0.0,0.0,0.0,0.0,0.0,1.0
10,10,0.0,0.0,0.0,0.0,0.0,0.0,0.0,0.0,0.0,0.0,1.0
10,10,0.0,0.0,0.0,0.0,0.0,0.0,0.0,0.0,0.0,0.0,1.0
10,10,0.0,0.0,0.0,0.0,0.0,0.0,0.0,0.0,0.0,0.0,1.0
10,10,0.0,0.0,0.0,0.0,0.0,0.0,0.0,0.0,0.0,0.0,1.0
10,10,0.0,0.0,0.0,0.0,0.0,0.0,0.0,0.0,0.0,0.0,1.0
10,10,0.0,0.0,0.0,0.0,0.0,0.0,0.0,0.0,0.0,0.0,1.0
10,10,0.0,0.0,0.0,0.0,0.0,0.0,0.0,0.0,0.0,0.0,1.0
10,10,0.0,0.0,0.0,0.0,0.0,0.0,0.0,0.0,0.0,0.0,1.0
10,10,0.0,0.0,0.0,0.0,0.0,0.0,0.0,0.0,0.0,0.0,1.0
10,10,0.0,0.0,0.0,0.0,0.0,0.0,0.0,0.0,0.0,0.0,1.0
10,10,0.0,0.0,0.0,0.0,0.0,0.0,0.0,0.0,0.0,0.0,1.0
10,10,0.0,0.0,0.0,0.0,0.0,0.0,0.0,0.0,0.0,0.0,1.0
10,10,0.0,0.0,0.0,0.0,0.0,0.0,0.0,0.0,0.0,0.0,1.0
10,10,0.0,0.0,0.0,0.0,0.0,0.0,0.0,0.0,0.0,0.0,1.0
10,10,0.0,0.0,0.0,0.0,0.0,0.0,0.0,0.0,0.0,0.0,1.0
10,10,0.0,0.0,0.0,0.0,0.0,0.0,0.0,0.0,0.0,0.0,1.0
10,10,0.0,0.0,0.0,0.0,0.0,0.0,0.0,0.0,0.0,0.0,1.0
10,10,0.0,0.0,0.0,0.0,0.0,0.0,0.0,0.0,0.0,0.0,1.0
10,10,0.0,0.0,0.0,0.0,0.0,0.0,0.0,0.0,0.0,0.0,1.0
10,10,0.0,0.0,0.0,0.0,0.0,0.0,0.0,0.0,0.0,0.0,1.0
10,10,0.0,0.0,0.0,0.0,0.0,0.0,0.0,0.0,0.0,0.0,1.0
10,10,0.0,0.0,0.0,0.0,0.0,0.0,0.0,0.0,0.0,0.0,1.0
10,10,0.0,0.0,0.0,0.0,0.0,0.0,0.0,0.0,0.0,0.0,1.0
10,10,0.0,0.0,0.0,0.0,0.0,0.0,0.0,0.0,0.0,0.0,1.0
10,10,0.0,0.0,0.0,0.0,0.0,0.0,0.0,0.0,0.0,0.0,1.0
10,10,0.0,0.0,0.0,0.0,0.0,0.0,0.0,0.0,0.0,0.0,1.0
10,10,0.0,0.0,0.0,0.0,0.0,0.0,0.0,0.0,0.0,0.0,1.0
10,10,0.0,0.0,0.0,0.0,0.0,0.0,0.0,0.0,0.0,0.0,1.0
10,10,0.0,0.0,0.0,0.0,0.0,0.0,0.0,0.0,0.0,0.0,1.0
10,10,0.0,0.0,0.0,0.0,0.0,0.0,0.0,0.0,0.0,0.0,1.0
10,10,0.0,0.0,0.0,0.0,0.0,0.0,0.0,0.0,0.0,0.0,1.0
10,10,0.0,0.0,0.0,0.0,0.0,0.0,0.0,0.0,0.0,0.0,1.0
10,10,0.0,0.0,0.0,0.0,0.0,0.0,0.0,0.0,0.0,0.0,1.0
10,10,0.0,0.0,0.0,0.0,0.0,0.0,0.0,0.0,0.0,0.0,1.0
10,10,0.0,0.0,0.0,0.0,0.0,0.0,0.0,0.0,0.0,0.0,1.0
10,10,0.0,0.0,0.0,0.0,0.0,0.0,0.0,0.0,0.0,0.0,1.0
10,10,0.0,0.0,0.0,0.0,0.0,0.0,0.0,0.0,0.0,0.0,1.0
10,10,0.0,0.0,0.0,0.0,0.0,0.0,0.0,0.0,0.0,0.0,1.0
10,10,0.0,0.0,0.0,0.0,0.0,0.0,0.0,0.0,0.0,0.0,1.0
10,10,0.0,0.0,0.0,0.0,0.0,0.0,0.0,0.0,0.0,0.0,1.0
10,10,0.0,0.0,0.0,0.0,0.0,0.0,0.0,0.0,0.0,0.0,1.0
10,10,0.0,0.0,0.0,0.0,0.0,0.0,0.0,0.0,0.0,0.0,1.0
10,10,0.0,0.0,0.0,0.0,0.0,0.0,0.0,0.0,0.0,0.0,1.0
10,10,0.0,0.0,0.0,0.0,0.0,0.0,0.0,0.0,0.0,0.0,1.0
10,10,0.0,0.0,0.0,0.0,0.0,0.0,0.0,0.0,0.0,0.0,1.0
10,10,0.0,0.0,0.0,0.0,0.0,0.0,0.0,0.0,0.0,0.0,1.0
10,10,0.0,0.0,0.0,0.0,0.0,0.0,0.0,0.0,0.0,0.0,1.0
10,10,0.0,0.0,0.0,0.0,0.0,0.0,0.0,0.0,0.0,0.0,1.0
10,10,0.0,0.0,0.0,0.0,0.0,0.0,0.0,0.0,0.0,0.0,1.0
10,10,0.0,0.0,0.0,0.0,0.0,0.0,0.0,0.0,0.0,0.0,1.0
10,10,0.0,0.0,0.0,0.0,0.0,0.0,0.0,0.0,0.0,0.0,1.0
10,10,0.0,0.0,0.0,0.0,0.0,0.0,0.0,0.0,0.0,0.0,1.0
10,10,0.0,0.0,0.0,0.0,0.0,0.0,0.0,0.0,0.0,0.0,1.0
10,10,0.0,0.0,0.0,0.0,0.0,0.0,0.0,0.0,0.0,0.0,1.0
10,10,0.0,0.0,0.0,0.0,0.0,0.0,0.0,0.0,0.0,0.0,1.0
10,10,0.0,0.0,0.0,0.0,0.0,0.0,0.0,0.0,0.0,0.0,1.0
10,10,0.0,0.0,0.0,0.0,0.0,0.0,0.0,0.0,0.0,0.0,1.0
10,10,0.0,0.0,0.0,0.0,0.0,0.0,0.0,0.0,0.0,0.0,1.0
10,10,0.0,0.0,0.0,0.0,0.0,0.0,0.0,0.0,0.0,0.0,1.0
10,10,0.0,0.0,0.0,0.0,0.0,0.0,0.0,0.0,0.0,0.0,1.0
10,10,0.0,0.0,0.0,0.0,0.0,0.0,0.0,0.0,0.0,0.0,1.0
10,10,0.0,0.0,0.0,0.0,0.0,0.0,0.0,0.0,0.0,0.0,1.0
10,10,0.0,0.0,0.0,0.0,0.0,0.0,0.0,0.0,0.0,0.0,1.0
10,10,0.0,0.0,0.0,0.0,0.0,0.0,0.0,0.0,0.0,0.0,1.0
10,10,0.0,0.0,0.0,0.0,0.0,0.0,0.0,0.0,0.0,0.0,1.0
10,10,0.0,0.0,0.0,0.0,0.0,0.0,0.0,0.0,0.0,0.0,1.0
10,10,0.0,0.0,0.0,0.0,0.0,0.0,0.0,0.0,0.0,0.0,1.0
10,10,0.0,0.0,0.0,0.0,0.0,0.0,0.0,0.0,0.0,0.0,1.0
10,10,0.0,0.0,0.0,0.0,0.0,0.0,0.0,0.0,0.0,0.0,1.0
10,10,0.0,0.0,0.0,0.0,0.0,0.0,0.0,0.0,0.0,0.0,1.0
10,10,0.0,0.0,0.0,0.0,0.0,0.0,0.0,0.0,0.0,0.0,1.0
10,10,0.0,0.0,0.0,0.0,0.0,0.0,0.0,0.0,0.0,0.0,1.0
10,10,0.0,0.0,0.0,0.0,0.0,0.0,0.0,0.0,0.0,0.0,1.0
10,10,0.0,0.0,0.0,0.0,0.0,0.0,0.0,0.0,0.0,0.0,1.0
10,10,0.0,0.0,0.0,0.0,0.0,0.0,0.0,0.0,0.0,0.0,1.0
10,10,0.0,0.0,0.0,0.0,0.0,0.0,0.0,0.0,0.0,0.0,1.0
10,10,0.0,0.0,0.0,0.0,0.0,0.0,0.0,0.0,0.0,0.0,1.0
10,10,0.0,0.0,0.0,0.0,0.0,0.0,0.0,0.0,0.0,0.0,1.0
10,10,0.0,0.0,0.0,0.0,0.0,0.0,0.0,0.0,0.0,0.0,1.0
10,10,0.0,0.0,0.0,0.0,0.0,0.0,0.0,0.0,0.0,0.0,1.0
10,10,0.0,0.0,0.0,0.0,0.0,0.0,0.0,0.0,0.0,0.0,1.0
10,10,0.0,0.0,0.0,0.0,0.0,0.0,0.0,0.0,0.0,0.0,1.0
10,10,0.0,0.0,0.0,0.0,0.0,0.0,0.0,0.0,0.0,0.0,1.0
10,10,0.0,0.0,0.0,0.0,0.0,0.0,0.0,0.0,0.0,0.0,1.0
10,10,0.0,0.0,0.0,0.0,0.0,0.0,0.0,0.0,0.0,0.0,1.0
10,10,0.0,0.0,0.0,0.0,0.0,0.0,0.0,0.0,0.0,0.0,1.0
10,10,0.0,0.0,0.0,0.0,0.0,0.0,0.0,0.0,0.0,0.0,1.0
10,10,0.0,0.0,0.0,0.0,0.0,0.0,0.0,0.0,0.0,0.0,1.0
10,10,0.0,0.0,0.0,0.0,0.0,0.0,0.0,0.0,0.0,0.0,1.0
10,10,0.0,0.0,0.0,0.0,0.0,0.0,0.0,0.0,0.0,0.0,1.0
10,10,0.0,0.0,0.0,0.0,0.0,0.0,0.0,0.0,0.0,0.0,1.0
10,10,0.0,0.0,0.0,0.0,0.0,0.0,0.0,0.0,0.0,0.0,1.0
10,10,0.0,0.0,0.0,0.0,0.0,0.0,0.0,0.0,0.0,0.0,1.0
10,10,0.0,0.0,0.0,0.0,0.0,0.0,0.0,0.0,0.0,0.0,1.0
10,10,0.0,0.0,0.0,0.0,0.0,0.0,0.0,0.0,0.0,0.0,1.0
10,10,0.0,0.0,0.0,0.0,0.0,0.0,0.0,0.0,0.0,0.0,1.0
10,10,0.0,0.0,0.0,0.0,0.0,0.0,0.0,0.0,0.0,0.0,1.0
10,10,0.0,0.0,0.0,0.0,0.0,0.0,0.0,0.0,0.0,0.0,1.0
10,10,0.0,0.0,0.0,0.0,0.0,0.0,0.0,0.0,0.0,0.0,1.0
10,10,0.0,0.0,0.0,0.0,0.0,0.0,0.0,0.0,0.0,0.0,1.0
10,10,0.0,0.0,0.0,0.0,0.0,0.0,0.0,0.0,0.0,0.0,1.0
10,10,0.0,0.0,0.0,0.0,0.0,0.0,0.0,0.0,0.0,0.0,1.0
10,10,0.0,0.0,0.0,0.0,0.0,0.0,0.0,0.0,0.0,0.0,1.0
10,10,0.0,0.0,0.0,0.0,0.0,0.0,0.0,0.0,0.0,0.0,1.0
10,10,0.0,0.0,0.0,0.0,0.0,0.0,0.0,0.0,0.0,0.0,1.0
10,10,0.0,0.0,0.0,0.0,0.0,0.0,0.0,0.0,0.0,0.0,1.0
10,10,0.0,0.0,0.0,0.0,0.0,0.0,0.0,0.0,0.0,0.0,1.0
10,10,0.0,0.0,0.0,0.0,0.0,0.0,0.0,0.0,0.0,0.0,1.0
10,10,0.0,0.0,0.0,0.0,0.0,0.0,0.0,0.0,0.0,0.0,1.0
10,10,0.0,0.0,0.0,0.0,0.0,0.0,0.0,0.0,0.0,0.0,1.0
10,10,0.0,0.0,0.0,0.0,0.0,0.0,0.0,0.0,0.0,0.0,1.0
10,10,0.0,0.0,0.0,0.0,0.0,0.0,0.0,0.0,0.0,0.0,1.0
10,10,0.0,0.0,0.0,0.0,0.0,0.0,0.0,0.0,0.0,0.0,1.0
10,10,0.0,0.0,0.0,0.0,0.0,0.0,0.0,0.0,0.0,0.0,1.0
10,10,0.0,0.0,0.0,0.0,0.0,0.0,0.0,0.0,0.0,0.0,1.0
10,10,0.0,0.0,0.0,0.0,0.0,0.0,0.0,0.0,0.0,0.0,1.0
10,10,0.0,0.0,0.0,0.0,0.0,0.0,0.0,0.0,0.0,0.0,1.0
10,10,0.0,0.0,0.0,0.0,0.0,0.0,0.0,0.0,0.0,0.0,1.0
10,10,0.0,0.0,0.0,0.0,0.0,0.0,0.0,0.0,0.0,0.0,1.0
10,10,0.0,0.0,0.0,0.0,0.0,0.0,0.0,0.0,0.0,0.0,1.0
10,10,0.0,0.0,0.0,0.0,0.0,0.0,0.0,0.0,0.0,0.0,1.0
10,10,0.0,0.0,0.0,0.0,0.0,0.0,0.0,0.0,0.0,0.0,1.0
10,10,0.0,0.0,0.0,0.0,0.0,0.0,0.0,0.0,0.0,0.0,1.0
10,10,0.0,0.0,0.0,0.0,0.0,0.0,0.0,0.0,0.0,0.0,1.0
10,10,0.0,0.0,0.0,0.0,0.0,0.0,0.0,0.0,0.0,0.0,1.0
10,10,0.0,0.0,0.0,0.0,0.0,0.0,0.0,0.0,0.0,0.0,1.0
10,10,0.0,0.0,0.0,0.0,0.0,0.0,0.0,0.0,0.0,0.0,1.0
10,10,0.0,0.0,0.0,0.0,0.0,0.0,0.0,0.0,0.0,0.0,1.0
10,10,0.0,0.0,0.0,0.0,0.0,0.0,0.0,0.0,0.0,0.0,1.0
10,10,0.0,0.0,0.0,0.0,0.0,0.0,0.0,0.0,0.0,0.0,1.0
10,10,0.0,0.0,0.0,0.0,0.0,0.0,0.0,0.0,0.0,0.0,1.0
10,10,0.0,0.0,0.0,0.0,0.0,0.0,0.0,0.0,0.0,0.0,1.0
10,10,0.0,0.0,0.0,0.0,0.0,0.0,0.0,0.0,0.0,0.0,1.0
10,10,0.0,0.0,0.0,0.0,0.0,0.0,0.0,0.0,0.0,0.0,1.0
10,10,0.0,0.0,0.0,0.0,0.0,0.0,0.0,0.0,0.0,0.0,1.0
10,10,0.0,0.0,0.0,0.0,0.0,0.0,0.0,0.0,0.0,0.0,1.0
10,10,0.0,0.0,0.0,0.0,0.0,0.0,0.0,0.0,0.0,0.0,1.0
10,10,0.0,0.0,0.0,0.0,0.0,0.0,0.0,0.0,0.0,0.0,1.0
10,10,0.0,0.0,0.0,0.0,0.0,0.0,0.0,0.0,0.0,0.0,1.0
10,10,0.0,0.0,0.0,0.0,0.0,0.0,0.0,0.0,0.0,0.0,1.0
10,10,0.0,0.0,0.0,0.0,0.0,0.0,0.0,0.0,0.0,0.0,1.0
10,10,0.0,0.0,0.0,0.0,0.0,0.0,0.0,0.0,0.0,0.0,1.0
10,10,0.0,0.0,0.0,0.0,0.0,0.0,0.0,0.0,0.0,0.0,1.0
10,10,0.0,0.0,0.0,0.0,0.0,0.0,0.0,0.0,0.0,0.0,1.0
10,10,0.0,0.0,0.0,0.0,0.0,0.0,0.0,0.0,0.0,0.0,1.0
10,10,0.0,0.0,0.0,0.0,0.0,0.0,0.0,0.0,0.0,0.0,1.0
10,10,0.0,0.0,0.0,0.0,0.0,0.0,0.0,0.0,0.0,0.0,1.0
10,10,0.0,0.0,0.0,0.0,0.0,0.0,0.0,0.0,0.0,0.0,1.0
10,10,0.0,0.0,0.0,0.0,0.0,0.0,0.0,0.0,0.0,0.0,1.0
10,10,0.0,0.0,0.0,0.0,0.0,0.0,0.0,0.0,0.0,0.0,1.0
10,10,0.0,0.0,0.0,0.0,0.0,0.0,0.0,0.0,0.0,0.0,1.0
10,10,0.0,0.0,0.0,0.0,0.0,0.0,0.0,0.0,0.0,0.0,1.0
10,10,0.0,0.0,0.0,0.0,0.0,0.0,0.0,0.0,0.0,0.0,1.0
10,10,0.0,0.0,0.0,0.0,0.0,0.0,0.0,0.0,0.0,0.0,1.0
10,10,0.0,0.0,0.0,0.0,0.0,0.0,0.0,0.0,0.0,0.0,1.0
10,10,0.0,0.0,0.0,0.0,0.0,0.0,0.0,0.0,0.0,0.0,1.0
10,10,0.0,0.0,0.0,0.0,0.0,0.0,0.0,0.0,0.0,0.0,1.0
10,10,0.0,0.0,0.0,0.0,0.0,0.0,0.0,0.0,0.0,0.0,1.0
10,10,0.0,0.0,0.0,0.0,0.0,0.0,0.0,0.0,0.0,0.0,1.0
10,10,0.0,0.0,0.0,0.0,0.0,0.0,0.0,0.0,0.0,0.0,1.0
10,10,0.0,0.0,0.0,0.0,0.0,0.0,0.0,0.0,0.0,0.0,1.0
10,10,0.0,0.0,0.0,0.0,0.0,0.0,0.0,0.0,0.0,0.0,1.0
10,10,0.0,0.0,0.0,0.0,0.0,0.0,0.0,0.0,0.0,0.0,1.0
10,10,0.0,0.0,0.0,0.0,0.0,0.0,0.0,0.0,0.0,0.0,1.0
10,10,0.0,0.0,0.0,0.0,0.0,0.0,0.0,0.0,0.0,0.0,1.0
10,10,0.0,0.0,0.0,0.0,0.0,0.0,0.0,0.0,0.0,0.0,1.0
10,10,0.0,0.0,0.0,0.0,0.0,0.0,0.0,0.0,0.0,0.0,1.0
10,10,0.0,0.0,0.0,0.0,0.0,0.0,0.0,0.0,0.0,0.0,1.0
10,10,0.0,0.0,0.0,0.0,0.0,0.0,0.0,0.0,0.0,0.0,1.0
10,10,0.0,0.0,0.0,0.0,0.0,0.0,0.0,0.0,0.0,0.0,1.0
10,10,0.0,0.0,0.0,0.0,0.0,0.0,0.0,0.0,0.0,0.0,1.0
10,10,0.0,0.0,0.0,0.0,0.0,0.0,0.0,0.0,0.0,0.0,1.0
10,10,0.0,0.0,0.0,0.0,0.0,0.0,0.0,0.0,0.0,0.0,1.0
10,10,0.0,0.0,0.0,0.0,0.0,0.0,0.0,0.0,0.0,0.0,1.0
10,10,0.0,0.0,0.0,0.0,0.0,0.0,0.0,0.0,0.0,0.0,1.0
10,10,0.0,0.0,0.0,0.0,0.0,0.0,0.0,0.0,0.0,0.0,1.0
10,10,0.0,0.0,0.0,0.0,0.0,0.0,0.0,0.0,0.0,0.0,1.0
10,10,0.0,0.0,0.0,0.0,0.0,0.0,0.0,0.0,0.0,0.0,1.0
10,10,0.0,0.0,0.0,0.0,0.0,0.0,0.0,0.0,0.0,0.0,1.0
10,10,0.0,0.0,0.0,0.0,0.0,0.0,0.0,0.0,0.0,0.0,1.0
10,10,0.0,0.0,0.0,0.0,0.0,0.0,0.0,0.0,0.0,0.0,1.0
10,10,0.0,0.0,0.0,0.0,0.0,0.0,0.0,0.0,0.0,0.0,1.0
10,10,0.0,0.0,0.0,0.0,0.0,0.0,0.0,0.0,0.0,0.0,1.0
10,10,0.0,0.0,0.0,0.0,0.0,0.0,0.0,0.0,0.0,0.0,1.0
10,10,0.0,0.0,0.0,0.0,0.0,0.0,0.0,0.0,0.0,0.0,1.0
10,10,0.0,0.0,0.0,0.0,0.0,0.0,0.0,0.0,0.0,0.0,1.0
10,10,0.0,0.0,0.0,0.0,0.0,0.0,0.0,0.0,0.0,0.0,1.0
10,10,0.0,0.0,0.0,0.0,0.0,0.0,0.0,0.0,0.0,0.0,1.0
10,10,0.0,0.0,0.0,0.0,0.0,0.0,0.0,0.0,0.0,0.0,1.0
10,10,0.0,0.0,0.0,0.0,0.0,0.0,0.0,0.0,0.0,0.0,1.0
10,10,0.0,0.0,0.0,0.0,0.0,0.0,0.0,0.0,0.0,0.0,1.0
10,10,0.0,0.0,0.0,0.0,0.0,0.0,0.0,0.0,0.0,0.0,1.0
10,10,0.0,0.0,0.0,0.0,0.0,0.0,0.0,0.0,0.0,0.0,1.0
10,10,0.0,0.0,0.0,0.0,0.0,0.0,0.0,0.0,0.0,0.0,1.0
10,10,0.0,0.0,0.0,0.0,0.0,0.0,0.0,0.0,0.0,0.0,1.0
10,10,0.0,0.0,0.0,0.0,0.0,0.0,0.0,0.0,0.0,0.0,1.0
10,10,0.0,0.0,0.0,0.0,0.0,0.0,0.0,0.0,0.0,0.0,1.0
10,10,0.0,0.0,0.0,0.0,0.0,0.0,0.0,0.0,0.0,0.0,1.0
10,10,0.0,0.0,0.0,0.0,0.0,0.0,0.0,0.0,0.0,0.0,1.0
10,10,0.0,0.0,0.0,0.0,0.0,0.0,0.0,0.0,0.0,0.0,1.0
10,10,0.0,0.0,0.0,0.0,0.0,0.0,0.0,0.0,0.0,0.0,1.0
10,10,0.0,0.0,0.0,0.0,0.0,0.0,0.0,0.0,0.0,0.0,1.0
10,10,0.0,0.0,0.0,0.0,0.0,0.0,0.0,0.0,0.0,0.0,1.0
10,10,0.0,0.0,0.0,0.0,0.0,0.0,0.0,0.0,0.0,0.0,1.0
10,10,0.0,0.0,0.0,0.0,0.0,0.0,0.0,0.0,0.0,0.0,1.0
10,10,0.0,0.0,0.0,0.0,0.0,0.0,0.0,0.0,0.0,0.0,1.0
10,10,0.0,0.0,0.0,0.0,0.0,0.0,0.0,0.0,0.0,0.0,1.0
10,10,0.0,0.0,0.0,0.0,0.0,0.0,0.0,0.0,0.0,0.0,1.0
10,10,0.0,0.0,0.0,0.0,0.0,0.0,0.0,0.0,0.0,0.0,1.0
10,10,0.0,0.0,0.0,0.0,0.0,0.0,0.0,0.0,0.0,0.0,1.0
10,10,0.0,0.0,0.0,0.0,0.0,0.0,0.0,0.0,0.0,0.0,1.0
10,10,0.0,0.0,0.0,0.0,0.0,0.0,0.0,0.0,0.0,0.0,1.0
10,10,0.0,0.0,0.0,0.0,0.0,0.0,0.0,0.0,0.0,0.0,1.0
10,10,0.0,0.0,0.0,0.0,0.0,0.0,0.0,0.0,0.0,0.0,1.0
10,10,0.0,0.0,0.0,0.0,0.0,0.0,0.0,0.0,0.0,0.0,1.0
10,10,0.0,0.0,0.0,0.0,0.0,0.0,0.0,0.0,0.0,0.0,1.0
10,10,0.0,0.0,0.0,0.0,0.0,0.0,0.0,0.0,0.0,0.0,1.0
10,10,0.0,0.0,0.0,0.0,0.0,0.0,0.0,0.0,0.0,0.0,1.0
10,10,0.0,0.0,0.0,0.0,0.0,0.0,0.0,0.0,0.0,0.0,1.0
10,10,0.0,0.0,0.0,0.0,0.0,0.0,0.0,0.0,0.0,0.0,1.0
10,10,0.0,0.0,0.0,0.0,0.0,0.0,0.0,0.0,0.0,0.0,1.0
10,10,0.0,0.0,0.0,0.0,0.0,0.0,0.0,0.0,0.0,0.0,1.0
10,10,0.0,0.0,0.0,0.0,0.0,0.0,0.0,0.0,0.0,0.0,1.0
10,10,0.0,0.0,0.0,0.0,0.0,0.0,0.0,0.0,0.0,0.0,1.0
10,10,0.0,0.0,0.0,0.0,0.0,0.0,0.0,0.0,0.0,0.0,1.0
10,10,0.0,0.0,0.0,0.0,0.0,0.0,0.0,0.0,0.0,0.0,1.0
10,10,0.0,0.0,0.0,0.0,0.0,0.0,0.0,0.0,0.0,0.0,1.0
10,10,0.0,0.0,0.0,0.0,0.0,0.0,0.0,0.0,0.0,0.0,1.0
10,10,0.0,0.0,0.0,0.0,0.0,0.0,0.0,0.0,0.0,0.0,1.0
10,10,0.0,0.0,0.0,0.0,0.0,0.0,0.0,0.0,0.0,0.0,1.0
10,10,0.0,0.0,0.0,0.0,0.0,0.0,0.0,0.0,0.0,0.0,1.0
10,10,0.0,0.0,0.0,0.0,0.0,0.0,0.0,0.0,0.0,0.0,1.0
10,10,0.0,0.0,0.0,0.0,0.0,0.0,0.0,0.0,0.0,0.0,1.0
10,10,0.0,0.0,0.0,0.0,0.0,0.0,0.0,0.0,0.0,0.0,1.0
10,10,0.0,0.0,0.0,0.0,0.0,0.0,0.0,0.0,0.0,0.0,1.0
10,10,0.0,0.0,0.0,0.0,0.0,0.0,0.0,0.0,0.0,0.0,1.0
10,10,0.0,0.0,0.0,0.0,0.0,0.0,0.0,0.0,0.0,0.0,1.0
10,10,0.0,0.0,0.0,0.0,0.0,0.0,0.0,0.0,0.0,0.0,1.0
10,10,0.0,0.0,0.0,0.0,0.0,0.0,0.0,0.0,0.0,0.0,1.0
10,10,0.0,0.0,0.0,0.0,0.0,0.0,0.0,0.0,0.0,0.0,1.0
10,10,0.0,0.0,0.0,0.0,0.0,0.0,0.0,0.0,0.0,0.0,1.0
10,10,0.0,0.0,0.0,0.0,0.0,0.0,0.0,0.0,0.0,0.0,1.0
10,10,0.0,0.0,0.0,0.0,0.0,0.0,0.0,0.0,0.0,0.0,1.0
10,10,0.0,0.0,0.0,0.0,0.0,0.0,0.0,0.0,0.0,0.0,1.0
10,10,0.0,0.0,0.0,0.0,0.0,0.0,0.0,0.0,0.0,0.0,1.0
10,10,0.0,0.0,0.0,0.0,0.0,0.0,0.0,0.0,0.0,0.0,1.0
10,10,0.0,0.0,0.0,0.0,0.0,0.0,0.0,0.0,0.0,0.0,1.0
10,10,0.0,0.0,0.0,0.0,0.0,0.0,0.0,0.0,0.0,0.0,1.0
10,10,0.0,0.0,0.0,0.0,0.0,0.0,0.0,0.0,0.0,0.0,1.0
10,10,0.0,0.0,0.0,0.0,0.0,0.0,0.0,0.0,0.0,0.0,1.0
10,10,0.0,0.0,0.0,0.0,0.0,0.0,0.0,0.0,0.0,0.0,1.0
10,10,0.0,0.0,0.0,0.0,0.0,0.0,0.0,0.0,0.0,0.0,1.0
10,10,0.0,0.0,0.0,0.0,0.0,0.0,0.0,0.0,0.0,0.0,1.0
10,10,0.0,0.0,0.0,0.0,0.0,0.0,0.0,0.0,0.0,0.0,1.0
10,10,0.0,0.0,0.0,0.0,0.0,0.0,0.0,0.0,0.0,0.0,1.0
10,10,0.0,0.0,0.0,0.0,0.0,0.0,0.0,0.0,0.0,0.0,1.0
10,10,0.0,0.0,0.0,0.0,0.0,0.0,0.0,0.0,0.0,0.0,1.0
10,10,0.0,0.0,0.0,0.0,0.0,0.0,0.0,0.0,0.0,0.0,1.0
10,10,0.0,0.0,0.0,0.0,0.0,0.0,0.0,0.0,0.0,0.0,1.0
10,10,0.0,0.0,0.0,0.0,0.0,0.0,0.0,0.0,0.0,0.0,1.0
10,10,0.0,0.0,0.0,0.0,0.0,0.0,0.0,0.0,0.0,0.0,1.0
10,10,0.0,0.0,0.0,0.0,0.0,0.0,0.0,0.0,0.0,0.0,1.0
10,10,0.0,0.0,0.0,0.0,0.0,0.0,0.0,0.0,0.0,0.0,1.0
10,10,0.0,0.0,0.0,0.0,0.0,0.0,0.0,0.0,0.0,0.0,1.0
10,10,0.0,0.0,0.0,0.0,0.0,0.0,0.0,0.0,0.0,0.0,1.0
10,10,0.0,0.0,0.0,0.0,0.0,0.0,0.0,0.0,0.0,0.0,1.0
10,10,0.0,0.0,0.0,0.0,0.0,0.0,0.0,0.0,0.0,0.0,1.0
10,10,0.0,0.0,0.0,0.0,0.0,0.0,0.0,0.0,0.0,0.0,1.0
10,10,0.0,0.0,0.0,0.0,0.0,0.0,0.0,0.0,0.0,0.0,1.0
10,10,0.0,0.0,0.0,0.0,0.0,0.0,0.0,0.0,0.0,0.0,1.0
10,10,0.0,0.0,0.0,0.0,0.0,0.0,0.0,0.0,0.0,0.0,1.0
10,10,0.0,0.0,0.0,0.0,0.0,0.0,0.0,0.0,0.0,0.0,1.0
10,10,0.0,0.0,0.0,0.0,0.0,0.0,0.0,0.0,0.0,0.0,1.0
10,10,0.0,0.0,0.0,0.0,0.0,0.0,0.0,0.0,0.0,0.0,1.0
10,10,0.0,0.0,0.0,0.0,0.0,0.0,0.0,0.0,0.0,0.0,1.0
10,10,0.0,0.0,0.0,0.0,0.0,0.0,0.0,0.0,0.0,0.0,1.0
10,10,0.0,0.0,0.0,0.0,0.0,0.0,0.0,0.0,0.0,0.0,1.0
10,10,0.0,0.0,0.0,0.0,0.0,0.0,0.0,0.0,0.0,0.0,1.0
10,10,0.0,0.0,0.0,0.0,0.0,0.0,0.0,0.0,0.0,0.0,1.0
10,10,0.0,0.0,0.0,0.0,0.0,0.0,0.0,0.0,0.0,0.0,1.0
10,10,0.0,0.0,0.0,0.0,0.0,0.0,0.0,0.0,0.0,0.0,1.0
10,10,0.0,0.0,0.0,0.0,0.0,0.0,0.0,0.0,0.0,0.0,1.0
10,10,0.0,0.0,0.0,0.0,0.0,0.0,0.0,0.0,0.0,0.0,1.0
10,10,0.0,0.0,0.0,0.0,0.0,0.0,0.0,0.0,0.0,0.0,1.0
10,10,0.0,0.0,0.0,0.0,0.0,0.0,0.0,0.0,0.0,0.0,1.0
10,10,0.0,0.0,0.0,0.0,0.0,0.0,0.0,0.0,0.0,0.0,1.0
10,10,0.0,0.0,0.0,0.0,0.0,0.0,0.0,0.0,0.0,0.0,1.0
10,10,0.0,0.0,0.0,0.0,0.0,0.0,0.0,0.0,0.0,0.0,1.0
10,10,0.0,0.0,0.0,0.0,0.0,0.0,0.0,0.0,0.0,0.0,1.0
10,10,0.0,0.0,0.0,0.0,0.0,0.0,0.0,0.0,0.0,0.0,1.0
10,10,0.0,0.0,0.0,0.0,0.0,0.0,0.0,0.0,0.0,0.0,1.0
10,10,0.0,0.0,0.0,0.0,0.0,0.0,0.0,0.0,0.0,0.0,1.0
10,10,0.0,0.0,0.0,0.0,0.0,0.0,0.0,0.0,0.0,0.0,1.0
10,10,0.0,0.0,0.0,0.0,0.0,0.0,0.0,0.0,0.0,0.0,1.0
10,10,0.0,0.0,0.0,0.0,0.0,0.0,0.0,0.0,0.0,0.0,1.0
10,10,0.0,0.0,0.0,0.0,0.0,0.0,0.0,0.0,0.0,0.0,1.0
10,10,0.0,0.0,0.0,0.0,0.0,0.0,0.0,0.0,0.0,0.0,1.0
10,10,0.0,0.0,0.0,0.0,0.0,0.0,0.0,0.0,0.0,0.0,1.0
10,10,0.0,0.0,0.0,0.0,0.0,0.0,0.0,0.0,0.0,0.0,1.0
10,10,0.0,0.0,0.0,0.0,0.0,0.0,0.0,0.0,0.0,0.0,1.0
10,10,0.0,0.0,0.0,0.0,0.0,0.0,0.0,0.0,0.0,0.0,1.0
10,10,0.0,0.0,0.0,0.0,0.0,0.0,0.0,0.0,0.0,0.0,1.0
10,10,0.0,0.0,0.0,0.0,0.0,0.0,0.0,0.0,0.0,0.0,1.0
10,10,0.0,0.0,0.0,0.0,0.0,0.0,0.0,0.0,0.0,0.0,1.0
10,10,0.0,0.0,0.0,0.0,0.0,0.0,0.0,0.0,0.0,0.0,1.0
10,10,0.0,0.0,0.0,0.0,0.0,0.0,0.0,0.0,0.0,0.0,1.0
10,10,0.0,0.0,0.0,0.0,0.0,0.0,0.0,0.0,0.0,0.0,1.0
10,10,0.0,0.0,0.0,0.0,0.0,0.0,0.0,0.0,0.0,0.0,1.0
10,10,0.0,0.0,0.0,0.0,0.0,0.0,0.0,0.0,0.0,0.0,1.0
10,10,0.0,0.0,0.0,0.0,0.0,0.0,0.0,0.0,0.0,0.0,1.0
10,10,0.0,0.0,0.0,0.0,0.0,0.0,0.0,0.0,0.0,0.0,1.0
10,10,0.0,0.0,0.0,0.0,0.0,0.0,0.0,0.0,0.0,0.0,1.0
10,10,0.0,0.0,0.0,0.0,0.0,0.0,0.0,0.0,0.0,0.0,1.0
10,10,0.0,0.0,0.0,0.0,0.0,0.0,0.0,0.0,0.0,0.0,1.0
10,10,0.0,0.0,0.0,0.0,0.0,0.0,0.0,0.0,0.0,0.0,1.0
10,10,0.0,0.0,0.0,0.0,0.0,0.0,0.0,0.0,0.0,0.0,1.0
10,10,0.0,0.0,0.0,0.0,0.0,0.0,0.0,0.0,0.0,0.0,1.0
10,10,0.0,0.0,0.0,0.0,0.0,0.0,0.0,0.0,0.0,0.0,1.0
10,10,0.0,0.0,0.0,0.0,0.0,0.0,0.0,0.0,0.0,0.0,1.0
10,10,0.0,0.0,0.0,0.0,0.0,0.0,0.0,0.0,0.0,0.0,1.0
10,10,0.0,0.0,0.0,0.0,0.0,0.0,0.0,0.0,0.0,0.0,1.0
10,10,0.0,0.0,0.0,0.0,0.0,0.0,0.0,0.0,0.0,0.0,1.0
10,10,0.0,0.0,0.0,0.0,0.0,0.0,0.0,0.0,0.0,0.0,1.0
10,10,0.0,0.0,0.0,0.0,0.0,0.0,0.0,0.0,0.0,0.0,1.0
10,10,0.0,0.0,0.0,0.0,0.0,0.0,0.0,0.0,0.0,0.0,1.0
10,10,0.0,0.0,0.0,0.0,0.0,0.0,0.0,0.0,0.0,0.0,1.0
10,10,0.0,0.0,0.0,0.0,0.0,0.0,0.0,0.0,0.0,0.0,1.0
10,10,0.0,0.0,0.0,0.0,0.0,0.0,0.0,0.0,0.0,0.0,1.0
10,10,0.0,0.0,0.0,0.0,0.0,0.0,0.0,0.0,0.0,0.0,1.0
10,10,0.0,0.0,0.0,0.0,0.0,0.0,0.0,0.0,0.0,0.0,1.0
10,10,0.0,0.0,0.0,0.0,0.0,0.0,0.0,0.0,0.0,0.0,1.0
10,10,0.0,0.0,0.0,0.0,0.0,0.0,0.0,0.0,0.0,0.0,1.0
10,10,0.0,0.0,0.0,0.0,0.0,0.0,0.0,0.0,0.0,0.0,1.0
10,10,0.0,0.0,0.0,0.0,0.0,0.0,0.0,0.0,0.0,0.0,1.0
10,10,0.0,0.0,0.0,0.0,0.0,0.0,0.0,0.0,0.0,0.0,1.0
10,10,0.0,0.0,0.0,0.0,0.0,0.0,0.0,0.0,0.0,0.0,1.0
10,10,0.0,0.0,0.0,0.0,0.0,0.0,0.0,0.0,0.0,0.0,1.0
10,10,0.0,0.0,0.0,0.0,0.0,0.0,0.0,0.0,0.0,0.0,1.0
10,10,0.0,0.0,0.0,0.0,0.0,0.0,0.0,0.0,0.0,0.0,1.0
10,10,0.0,0.0,0.0,0.0,0.0,0.0,0.0,0.0,0.0,0.0,1.0
10,10,0.0,0.0,0.0,0.0,0.0,0.0,0.0,0.0,0.0,0.0,1.0
10,10,0.0,0.0,0.0,0.0,0.0,0.0,0.0,0.0,0.0,0.0,1.0
10,10,0.0,0.0,0.0,0.0,0.0,0.0,0.0,0.0,0.0,0.0,1.0
10,10,0.0,0.0,0.0,0.0,0.0,0.0,0.0,0.0,0.0,0.0,1.0
10,10,0.0,0.0,0.0,0.0,0.0,0.0,0.0,0.0,0.0,0.0,1.0
10,10,0.0,0.0,0.0,0.0,0.0,0.0,0.0,0.0,0.0,0.0,1.0
10,10,0.0,0.0,0.0,0.0,0.0,0.0,0.0,0.0,0.0,0.0,1.0
10,10,0.0,0.0,0.0,0.0,0.0,0.0,0.0,0.0,0.0,0.0,1.0
10,10,0.0,0.0,0.0,0.0,0.0,0.0,0.0,0.0,0.0,0.0,1.0
10,10,0.0,0.0,0.0,0.0,0.0,0.0,0.0,0.0,0.0,0.0,1.0
10,10,0.0,0.0,0.0,0.0,0.0,0.0,0.0,0.0,0.0,0.0,1.0
10,10,0.0,0.0,0.0,0.0,0.0,0.0,0.0,0.0,0.0,0.0,1.0
10,10,0.0,0.0,0.0,0.0,0.0,0.0,0.0,0.0,0.0,0.0,1.0
10,10,0.0,0.0,0.0,0.0,0.0,0.0,0.0,0.0,0.0,0.0,1.0
10,10,0.0,0.0,0.0,0.0,0.0,0.0,0.0,0.0,0.0,0.0,1.0
10,10,0.0,0.0,0.0,0.0,0.0,0.0,0.0,0.0,0.0,0.0,1.0
10,10,0.0,0.0,0.0,0.0,0.0,0.0,0.0,0.0,0.0,0.0,1.0
10,10,0.0,0.0,0.0,0.0,0.0,0.0,0.0,0.0,0.0,0.0,1.0
10,10,0.0,0.0,0.0,0.0,0.0,0.0,0.0,0.0,0.0,0.0,1.0
10,10,0.0,0.0,0.0,0.0,0.0,0.0,0.0,0.0,0.0,0.0,1.0
10,10,0.0,0.0,0.0,0.0,0.0,0.0,0.0,0.0,0.0,0.0,1.0
10,10,0.0,0.0,0.0,0.0,0.0,0.0,0.0,0.0,0.0,0.0,1.0
10,10,0.0,0.0,0.0,0.0,0.0,0.0,0.0,0.0,0.0,0.0,1.0
10,10,0.0,0.0,0.0,0.0,0.0,0.0,0.0,0.0,0.0,0.0,1.0
10,10,0.0,0.0,0.0,0.0,0.0,0.0,0.0,0.0,0.0,0.0,1.0
10,10,0.0,0.0,0.0,0.0,0.0,0.0,0.0,0.0,0.0,0.0,1.0
10,10,0.0,0.0,0.0,0.0,0.0,0.0,0.0,0.0,0.0,0.0,1.0
10,10,0.0,0.0,0.0,0.0,0.0,0.0,0.0,0.0,0.0,0.0,1.0
10,10,0.0,0.0,0.0,0.0,0.0,0.0,0.0,0.0,0.0,0.0,1.0
10,10,0.0,0.0,0.0,0.0,0.0,0.0,0.0,0.0,0.0,0.0,1.0
10,10,0.0,0.0,0.0,0.0,0.0,0.0,0.0,0.0,0.0,0.0,1.0
10,10,0.0,0.0,0.0,0.0,0.0,0.0,0.0,0.0,0.0,0.0,1.0
10,10,0.0,0.0,0.0,0.0,0.0,0.0,0.0,0.0,0.0,0.0,1.0
10,10,0.0,0.0,0.0,0.0,0.0,0.0,0.0,0.0,0.0,0.0,1.0
10,10,0.0,0.0,0.0,0.0,0.0,0.0,0.0,0.0,0.0,0.0,1.0
10,10,0.0,0.0,0.0,0.0,0.0,0.0,0.0,0.0,0.0,0.0,1.0
10,10,0.0,0.0,0.0,0.0,0.0,0.0,0.0,0.0,0.0,0.0,1.0
10,10,0.0,0.0,0.0,0.0,0.0,0.0,0.0,0.0,0.0,0.0,1.0
10,10,0.0,0.0,0.0,0.0,0.0,0.0,0.0,0.0,0.0,0.0,1.0
10,10,0.0,0.0,0.0,0.0,0.0,0.0,0.0,0.0,0.0,0.0,1.0
10,10,0.0,0.0,0.0,0.0,0.0,0.0,0.0,0.0,0.0,0.0,1.0
10,10,0.0,0.0,0.0,0.0,0.0,0.0,0.0,0.0,0.0,0.0,1.0
10,10,0.0,0.0,0.0,0.0,0.0,0.0,0.0,0.0,0.0,0.0,1.0
10,10,0.0,0.0,0.0,0.0,0.0,0.0,0.0,0.0,0.0,0.0,1.0
10,10,0.0,0.0,0.0,0.0,0.0,0.0,0.0,0.0,0.0,0.0,1.0
10,10,0.0,0.0,0.0,0.0,0.0,0.0,0.0,0.0,0.0,0.0,1.0
10,10,0.0,0.0,0.0,0.0,0.0,0.0,0.0,0.0,0.0,0.0,1.0
10,10,0.0,0.0,0.0,0.0,0.0,0.0,0.0,0.0,0.0,0.0,1.0
10,10,0.0,0.0,0.0,0.0,0.0,0.0,0.0,0.0,0.0,0.0,1.0
10,10,0.0,0.0,0.0,0.0,0.0,0.0,0.0,0.0,0.0,0.0,1.0
10,10,0.0,0.0,0.0,0.0,0.0,0.0,0.0,0.0,0.0,0.0,1.0
10,10,0.0,0.0,0.0,0.0,0.0,0.0,0.0,0.0,0.0,0.0,1.0
10,10,0.0,0.0,0.0,0.0,0.0,0.0,0.0,0.0,0.0,0.0,1.0
10,10,0.0,0.0,0.0,0.0,0.0,0.0,0.0,0.0,0.0,0.0,1.0
10,10,0.0,0.0,0.0,0.0,0.0,0.0,0.0,0.0,0.0,0.0,1.0
10,10,0.0,0.0,0.0,0.0,0.0,0.0,0.0,0.0,0.0,0.0,1.0
10,10,0.0,0.0,0.0,0.0,0.0,0.0,0.0,0.0,0.0,0.0,1.0
10,10,0.0,0.0,0.0,0.0,0.0,0.0,0.0,0.0,0.0,0.0,1.0
10,10,0.0,0.0,0.0,0.0,0.0,0.0,0.0,0.0,0.0,0.0,1.0
10,10,0.0,0.0,0.0,0.0,0.0,0.0,0.0,0.0,0.0,0.0,1.0
10,10,0.0,0.0,0.0,0.0,0.0,0.0,0.0,0.0,0.0,0.0,1.0
10,10,0.0,0.0,0.0,0.0,0.0,0.0,0.0,0.0,0.0,0.0,1.0
10,10,0.0,0.0,0.0,0.0,0.0,0.0,0.0,0.0,0.0,0.0,1.0
10,10,0.0,0.0,0.0,0.0,0.0,0.0,0.0,0.0,0.0,0.0,1.0
10,10,0.0,0.0,0.0,0.0,0.0,0.0,0.0,0.0,0.0,0.0,1.0
10,10,0.0,0.0,0.0,0.0,0.0,0.0,0.0,0.0,0.0,0.0,1.0
10,10,0.0,0.0,0.0,0.0,0.0,0.0,0.0,0.0,0.0,0.0,1.0
10,10,0.0,0.0,0.0,0.0,0.0,0.0,0.0,0.0,0.0,0.0,1.0
10,10,0.0,0.0,0.0,0.0,0.0,0.0,0.0,0.0,0.0,0.0,1.0
10,10,0.0,0.0,0.0,0.0,0.0,0.0,0.0,0.0,0.0,0.0,1.0
10,10,0.0,0.0,0.0,0.0,0.0,0.0,0.0,0.0,0.0,0.0,1.0
10,10,0.0,0.0,0.0,0.0,0.0,0.0,0.0,0.0,0.0,0.0,1.0
10,10,0.0,0.0,0.0,0.0,0.0,0.0,0.0,0.0,0.0,0.0,1.0
10,10,0.0,0.0,0.0,0.0,0.0,0.0,0.0,0.0,0.0,0.0,1.0
10,10,0.0,0.0,0.0,0.0,0.0,0.0,0.0,0.0,0.0,0.0,1.0
10,10,0.0,0.0,0.0,0.0,0.0,0.0,0.0,0.0,0.0,0.0,1.0
10,10,0.0,0.0,0.0,0.0,0.0,0.0,0.0,0.0,0.0,0.0,1.0
10,10,0.0,0.0,0.0,0.0,0.0,0.0,0.0,0.0,0.0,0.0,1.0
10,10,0.0,0.0,0.0,0.0,0.0,0.0,0.0,0.0,0.0,0.0,1.0
10,10,0.0,0.0,0.0,0.0,0.0,0.0,0.0,0.0,0.0,0.0,1.0
10,10,0.0,0.0,0.0,0.0,0.0,0.0,0.0,0.0,0.0,0.0,1.0
10,10,0.0,0.0,0.0,0.0,0.0,0.0,0.0,0.0,0.0,0.0,1.0
10,10,0.0,0.0,0.0,0.0,0.0,0.0,0.0,0.0,0.0,0.0,1.0
10,10,0.0,0.0,0.0,0.0,0.0,0.0,0.0,0.0,0.0,0.0,1.0
10,10,0.0,0.0,0.0,0.0,0.0,0.0,0.0,0.0,0.0,0.0,1.0
10,10,0.0,0.0,0.0,0.0,0.0,0.0,0.0,0.0,0.0,0.0,1.0
10,10,0.0,0.0,0.0,0.0,0.0,0.0,0.0,0.0,0.0,0.0,1.0
10,10,0.0,0.0,0.0,0.0,0.0,0.0,0.0,0.0,0.0,0.0,1.0
10,10,0.0,0.0,0.0,0.0,0.0,0.0,0.0,0.0,0.0,0.0,1.0
10,10,0.0,0.0,0.0,0.0,0.0,0.0,0.0,0.0,0.0,0.0,1.0
10,10,0.0,0.0,0.0,0.0,0.0,0.0,0.0,0.0,0.0,0.0,1.0
10,10,0.0,0.0,0.0,0.0,0.0,0.0,0.0,0.0,0.0,0.0,1.0
10,10,0.0,0.0,0.0,0.0,0.0,0.0,0.0,0.0,0.0,0.0,1.0
10,10,0.0,0.0,0.0,0.0,0.0,0.0,0.0,0.0,0.0,0.0,1.0
10,10,0.0,0.0,0.0,0.0,0.0,0.0,0.0,0.0,0.0,0.0,1.0
10,10,0.0,0.0,0.0,0.0,0.0,0.0,0.0,0.0,0.0,0.0,1.0
10,10,0.0,0.0,0.0,0.0,0.0,0.0,0.0,0.0,0.0,0.0,1.0
10,10,0.0,0.0,0.0,0.0,0.0,0.0,0.0,0.0,0.0,0.0,1.0
10,10,0.0,0.0,0.0,0.0,0.0,0.0,0.0,0.0,0.0,0.0,1.0
10,10,0.0,0.0,0.0,0.0,0.0,0.0,0.0,0.0,0.0,0.0,1.0
10,10,0.0,0.0,0.0,0.0,0.0,0.0,0.0,0.0,0.0,0.0,1.0
10,10,0.0,0.0,0.0,0.0,0.0,0.0,0.0,0.0,0.0,0.0,1.0
10,10,0.0,0.0,0.0,0.0,0.0,0.0,0.0,0.0,0.0,0.0,1.0
10,10,0.0,0.0,0.0,0.0,0.0,0.0,0.0,0.0,0.0,0.0,1.0
10,10,0.0,0.0,0.0,0.0,0.0,0.0,0.0,0.0,0.0,0.0,1.0
10,10,0.0,0.0,0.0,0.0,0.0,0.0,0.0,0.0,0.0,0.0,1.0
10,10,0.0,0.0,0.0,0.0,0.0,0.0,0.0,0.0,0.0,0.0,1.0
10,10,0.0,0.0,0.0,0.0,0.0,0.0,0.0,0.0,0.0,0.0,1.0
10,10,0.0,0.0,0.0,0.0,0.0,0.0,0.0,0.0,0.0,0.0,1.0
10,10,0.0,0.0,0.0,0.0,0.0,0.0,0.0,0.0,0.0,0.0,1.0
10,10,0.0,0.0,0.0,0.0,0.0,0.0,0.0,0.0,0.0,0.0,1.0
10,10,0.0,0.0,0.0,0.0,0.0,0.0,0.0,0.0,0.0,0.0,1.0
10,10,0.0,0.0,0.0,0.0,0.0,0.0,0.0,0.0,0.0,0.0,1.0
10,10,0.0,0.0,0.0,0.0,0.0,0.0,0.0,0.0,0.0,0.0,1.0
10,10,0.0,0.0,0.0,0.0,0.0,0.0,0.0,0.0,0.0,0.0,1.0
10,10,0.0,0.0,0.0,0.0,0.0,0.0,0.0,0.0,0.0,0.0,1.0
10,10,0.0,0.0,0.0,0.0,0.0,0.0,0.0,0.0,0.0,0.0,1.0
10,10,0.0,0.0,0.0,0.0,0.0,0.0,0.0,0.0,0.0,0.0,1.0
10,10,0.0,0.0,0.0,0.0,0.0,0.0,0.0,0.0,0.0,0.0,1.0
10,10,0.0,0.0,0.0,0.0,0.0,0.0,0.0,0.0,0.0,0.0,1.0
10,10,0.0,0.0,0.0,0.0,0.0,0.0,0.0,0.0,0.0,0.0,1.0
10,10,0.0,0.0,0.0,0.0,0.0,0.0,0.0,0.0,0.0,0.0,1.0
10,10,0.0,0.0,0.0,0.0,0.0,0.0,0.0,0.0,0.0,0.0,1.0
10,10,0.0,0.0,0.0,0.0,0.0,0.0,0.0,0.0,0.0,0.0,1.0
10,10,0.0,0.0,0.0,0.0,0.0,0.0,0.0,0.0,0.0,0.0,1.0
10,10,0.0,0.0,0.0,0.0,0.0,0.0,0.0,0.0,0.0,0.0,1.0
10,10,0.0,0.0,0.0,0.0,0.0,0.0,0.0,0.0,0.0,0.0,1.0
10,10,0.0,0.0,0.0,0.0,0.0,0.0,0.0,0.0,0.0,0.0,1.0
10,10,0.0,0.0,0.0,0.0,0.0,0.0,0.0,0.0,0.0,0.0,1.0
10,10,0.0,0.0,0.0,0.0,0.0,0.0,0.0,0.0,0.0,0.0,1.0
10,10,0.0,0.0,0.0,0.0,0.0,0.0,0.0,0.0,0.0,0.0,1.0
10,10,0.0,0.0,0.0,0.0,0.0,0.0,0.0,0.0,0.0,0.0,1.0
10,10,0.0,0.0,0.0,0.0,0.0,0.0,0.0,0.0,0.0,0.0,1.0
10,10,0.0,0.0,0.0,0.0,0.0,0.0,0.0,0.0,0.0,0.0,1.0
10,10,0.0,0.0,0.0,0.0,0.0,0.0,0.0,0.0,0.0,0.0,1.0
10,10,0.0,0.0,0.0,0.0,0.0,0.0,0.0,0.0,0.0,0.0,1.0
10,10,0.0,0.0,0.0,0.0,0.0,0.0,0.0,0.0,0.0,0.0,1.0
10,10,0.0,0.0,0.0,0.0,0.0,0.0,0.0,0.0,0.0,0.0,1.0
10,10,0.0,0.0,0.0,0.0,0.0,0.0,0.0,0.0,0.0,0.0,1.0
10,10,0.0,0.0,0.0,0.0,0.0,0.0,0.0,0.0,0.0,0.0,1.0
10,10,0.0,0.0,0.0,0.0,0.0,0.0,0.0,0.0,0.0,0.0,1.0
10,10,0.0,0.0,0.0,0.0,0.0,0.0,0.0,0.0,0.0,0.0,1.0
10,10,0.0,0.0,0.0,0.0,0.0,0.0,0.0,0.0,0.0,0.0,1.0
10,10,0.0,0.0,0.0,0.0,0.0,0.0,0.0,0.0,0.0,0.0,1.0
10,10,0.0,0.0,0.0,0.0,0.0,0.0,0.0,0.0,0.0,0.0,1.0
10,10,0.0,0.0,0.0,0.0,0.0,0.0,0.0,0.0,0.0,0.0,1.0
10,10,0.0,0.0,0.0,0.0,0.0,0.0,0.0,0.0,0.0,0.0,1.0
10,10,0.0,0.0,0.0,0.0,0.0,0.0,0.0,0.0,0.0,0.0,1.0
10,10,0.0,0.0,0.0,0.0,0.0,0.0,0.0,0.0,0.0,0.0,1.0
10,10,0.0,0.0,0.0,0.0,0.0,0.0,0.0,0.0,0.0,0.0,1.0
10,10,0.0,0.0,0.0,0.0,0.0,0.0,0.0,0.0,0.0,0.0,1.0
10,10,0.0,0.0,0.0,0.0,0.0,0.0,0.0,0.0,0.0,0.0,1.0
10,10,0.0,0.0,0.0,0.0,0.0,0.0,0.0,0.0,0.0,0.0,1.0
10,10,0.0,0.0,0.0,0.0,0.0,0.0,0.0,0.0,0.0,0.0,1.0
10,10,0.0,0.0,0.0,0.0,0.0,0.0,0.0,0.0,0.0,0.0,1.0
10,10,0.0,0.0,0.0,0.0,0.0,0.0,0.0,0.0,0.0,0.0,1.0
10,10,0.0,0.0,0.0,0.0,0.0,0.0,0.0,0.0,0.0,0.0,1.0
10,10,0.0,0.0,0.0,0.0,0.0,0.0,0.0,0.0,0.0,0.0,1.0
10,10,0.0,0.0,0.0,0.0,0.0,0.0,0.0,0.0,0.0,0.0,1.0
10,10,0.0,0.0,0.0,0.0,0.0,0.0,0.0,0.0,0.0,0.0,1.0
10,10,0.0,0.0,0.0,0.0,0.0,0.0,0.0,0.0,0.0,0.0,1.0
10,10,0.0,0.0,0.0,0.0,0.0,0.0,0.0,0.0,0.0,0.0,1.0
10,10,0.0,0.0,0.0,0.0,0.0,0.0,0.0,0.0,0.0,0.0,1.0
10,10,0.0,0.0,0.0,0.0,0.0,0.0,0.0,0.0,0.0,0.0,1.0
10,10,0.0,0.0,0.0,0.0,0.0,0.0,0.0,0.0,0.0,0.0,1.0
10,10,0.0,0.0,0.0,0.0,0.0,0.0,0.0,0.0,0.0,0.0,1.0
10,10,0.0,0.0,0.0,0.0,0.0,0.0,0.0,0.0,0.0,0.0,1.0
10,10,0.0,0.0,0.0,0.0,0.0,0.0,0.0,0.0,0.0,0.0,1.0
10,10,0.0,0.0,0.0,0.0,0.0,0.0,0.0,0.0,0.0,0.0,1.0
10,10,0.0,0.0,0.0,0.0,0.0,0.0,0.0,0.0,0.0,0.0,1.0
10,10,0.0,0.0,0.0,0.0,0.0,0.0,0.0,0.0,0.0,0.0,1.0
10,10,0.0,0.0,0.0,0.0,0.0,0.0,0.0,0.0,0.0,0.0,1.0
10,10,0.0,0.0,0.0,0.0,0.0,0.0,0.0,0.0,0.0,0.0,1.0
10,10,0.0,0.0,0.0,0.0,0.0,0.0,0.0,0.0,0.0,0.0,1.0
10,10,0.0,0.0,0.0,0.0,0.0,0.0,0.0,0.0,0.0,0.0,1.0
10,10,0.0,0.0,0.0,0.0,0.0,0.0,0.0,0.0,0.0,0.0,1.0
10,10,0.0,0.0,0.0,0.0,0.0,0.0,0.0,0.0,0.0,0.0,1.0
10,10,0.0,0.0,0.0,0.0,0.0,0.0,0.0,0.0,0.0,0.0,1.0
10,10,0.0,0.0,0.0,0.0,0.0,0.0,0.0,0.0,0.0,0.0,1.0
10,10,0.0,0.0,0.0,0.0,0.0,0.0,0.0,0.0,0.0,0.0,1.0
10,10,0.0,0.0,0.0,0.0,0.0,0.0,0.0,0.0,0.0,0.0,1.0
10,10,0.0,0.0,0.0,0.0,0.0,0.0,0.0,0.0,0.0,0.0,1.0
10,10,0.0,0.0,0.0,0.0,0.0,0.0,0.0,0.0,0.0,0.0,1.0
10,10,0.0,0.0,0.0,0.0,0.0,0.0,0.0,0.0,0.0,0.0,1.0
10,10,0.0,0.0,0.0,0.0,0.0,0.0,0.0,0.0,0.0,0.0,1.0
10,10,0.0,0.0,0.0,0.0,0.0,0.0,0.0,0.0,0.0,0.0,1.0
10,10,0.0,0.0,0.0,0.0,0.0,0.0,0.0,0.0,0.0,0.0,1.0
10,10,0.0,0.0,0.0,0.0,0.0,0.0,0.0,0.0,0.0,0.0,1.0
10,10,0.0,0.0,0.0,0.0,0.0,0.0,0.0,0.0,0.0,0.0,1.0
10,10,0.0,0.0,0.0,0.0,0.0,0.0,0.0,0.0,0.0,0.0,1.0
10,10,0.0,0.0,0.0,0.0,0.0,0.0,0.0,0.0,0.0,0.0,1.0
10,10,0.0,0.0,0.0,0.0,0.0,0.0,0.0,0.0,0.0,0.0,1.0
10,10,0.0,0.0,0.0,0.0,0.0,0.0,0.0,0.0,0.0,0.0,1.0
10,10,0.0,0.0,0.0,0.0,0.0,0.0,0.0,0.0,0.0,0.0,1.0
10,10,0.0,0.0,0.0,0.0,0.0,0.0,0.0,0.0,0.0,0.0,1.0
10,10,0.0,0.0,0.0,0.0,0.0,0.0,0.0,0.0,0.0,0.0,1.0
10,10,0.0,0.0,0.0,0.0,0.0,0.0,0.0,0.0,0.0,0.0,1.0
10,10,0.0,0.0,0.0,0.0,0.0,0.0,0.0,0.0,0.0,0.0,1.0
10,10,0.0,0.0,0.0,0.0,0.0,0.0,0.0,0.0,0.0,0.0,1.0
10,10,0.0,0.0,0.0,0.0,0.0,0.0,0.0,0.0,0.0,0.0,1.0
10,10,0.0,0.0,0.0,0.0,0.0,0.0,0.0,0.0,0.0,0.0,1.0
10,10,0.0,0.0,0.0,0.0,0.0,0.0,0.0,0.0,0.0,0.0,1.0
10,10,0.0,0.0,0.0,0.0,0.0,0.0,0.0,0.0,0.0,0.0,1.0
10,10,0.0,0.0,0.0,0.0,0.0,0.0,0.0,0.0,0.0,0.0,1.0
10,10,0.0,0.0,0.0,0.0,0.0,0.0,0.0,0.0,0.0,0.0,1.0
10,10,0.0,0.0,0.0,0.0,0.0,0.0,0.0,0.0,0.0,0.0,1.0
10,10,0.0,0.0,0.0,0.0,0.0,0.0,0.0,0.0,0.0,0.0,1.0
10,10,0.0,0.0,0.0,0.0,0.0,0.0,0.0,0.0,0.0,0.0,1.0
10,10,0.0,0.0,0.0,0.0,0.0,0.0,0.0,0.0,0.0,0.0,1.0
10,10,0.0,0.0,0.0,0.0,0.0,0.0,0.0,0.0,0.0,0.0,1.0
10,10,0.0,0.0,0.0,0.0,0.0,0.0,0.0,0.0,0.0,0.0,1.0
10,10,0.0,0.0,0.0,0.0,0.0,0.0,0.0,0.0,0.0,0.0,1.0
10,10,0.0,0.0,0.0,0.0,0.0,0.0,0.0,0.0,0.0,0.0,1.0
10,10,0.0,0.0,0.0,0.0,0.0,0.0,0.0,0.0,0.0,0.0,1.0
10,10,0.0,0.0,0.0,0.0,0.0,0.0,0.0,0.0,0.0,0.0,1.0
10,10,0.0,0.0,0.0,0.0,0.0,0.0,0.0,0.0,0.0,0.0,1.0
10,10,0.0,0.0,0.0,0.0,0.0,0.0,0.0,0.0,0.0,0.0,1.0
10,10,0.0,0.0,0.0,0.0,0.0,0.0,0.0,0.0,0.0,0.0,1.0
10,10,0.0,0.0,0.0,0.0,0.0,0.0,0.0,0.0,0.0,0.0,1.0
10,10,0.0,0.0,0.0,0.0,0.0,0.0,0.0,0.0,0.0,0.0,1.0
10,10,0.0,0.0,0.0,0.0,0.0,0.0,0.0,0.0,0.0,0.0,1.0
10,10,0.0,0.0,0.0,0.0,0.0,0.0,0.0,0.0,0.0,0.0,1.0
10,10,0.0,0.0,0.0,0.0,0.0,0.0,0.0,0.0,0.0,0.0,1.0
10,10,0.0,0.0,0.0,0.0,0.0,0.0,0.0,0.0,0.0,0.0,1.0
10,10,0.0,0.0,0.0,0.0,0.0,0.0,0.0,0.0,0.0,0.0,1.0
10,10,0.0,0.0,0.0,0.0,0.0,0.0,0.0,0.0,0.0,0.0,1.0
10,10,0.0,0.0,0.0,0.0,0.0,0.0,0.0,0.0,0.0,0.0,1.0
10,10,0.0,0.0,0.0,0.0,0.0,0.0,0.0,0.0,0.0,0.0,1.0
10,10,0.0,0.0,0.0,0.0,0.0,0.0,0.0,0.0,0.0,0.0,1.0
10,10,0.0,0.0,0.0,0.0,0.0,0.0,0.0,0.0,0.0,0.0,1.0
10,10,0.0,0.0,0.0,0.0,0.0,0.0,0.0,0.0,0.0,0.0,1.0
10,10,0.0,0.0,0.0,0.0,0.0,0.0,0.0,0.0,0.0,0.0,1.0
10,10,0.0,0.0,0.0,0.0,0.0,0.0,0.0,0.0,0.0,0.0,1.0
10,10,0.0,0.0,0.0,0.0,0.0,0.0,0.0,0.0,0.0,0.0,1.0
10,10,0.0,0.0,0.0,0.0,0.0,0.0,0.0,0.0,0.0,0.0,1.0
10,10,0.0,0.0,0.0,0.0,0.0,0.0,0.0,0.0,0.0,0.0,1.0
10,10,0.0,0.0,0.0,0.0,0.0,0.0,0.0,0.0,0.0,0.0,1.0
10,10,0.0,0.0,0.0,0.0,0.0,0.0,0.0,0.0,0.0,0.0,1.0
10,10,0.0,0.0,0.0,0.0,0.0,0.0,0.0,0.0,0.0,0.0,1.0
10,10,0.0,0.0,0.0,0.0,0.0,0.0,0.0,0.0,0.0,0.0,1.0
10,10,0.0,0.0,0.0,0.0,0.0,0.0,0.0,0.0,0.0,0.0,1.0
10,10,0.0,0.0,0.0,0.0,0.0,0.0,0.0,0.0,0.0,0.0,1.0
10,10,0.0,0.0,0.0,0.0,0.0,0.0,0.0,0.0,0.0,0.0,1.0
10,10,0.0,0.0,0.0,0.0,0.0,0.0,0.0,0.0,0.0,0.0,1.0
10,10,0.0,0.0,0.0,0.0,0.0,0.0,0.0,0.0,0.0,0.0,1.0
10,10,0.0,0.0,0.0,0.0,0.0,0.0,0.0,0.0,0.0,0.0,1.0
10,10,0.0,0.0,0.0,0.0,0.0,0.0,0.0,0.0,0.0,0.0,1.0
10,10,0.0,0.0,0.0,0.0,0.0,0.0,0.0,0.0,0.0,0.0,1.0
10,10,0.0,0.0,0.0,0.0,0.0,0.0,0.0,0.0,0.0,0.0,1.0
10,10,0.0,0.0,0.0,0.0,0.0,0.0,0.0,0.0,0.0,0.0,1.0
10,10,0.0,0.0,0.0,0.0,0.0,0.0,0.0,0.0,0.0,0.0,1.0
10,10,0.0,0.0,0.0,0.0,0.0,0.0,0.0,0.0,0.0,0.0,1.0
10,10,0.0,0.0,0.0,0.0,0.0,0.0,0.0,0.0,0.0,0.0,1.0
10,10,0.0,0.0,0.0,0.0,0.0,0.0,0.0,0.0,0.0,0.0,1.0
10,10,0.0,0.0,0.0,0.0,0.0,0.0,0.0,0.0,0.0,0.0,1.0
10,10,0.0,0.0,0.0,0.0,0.0,0.0,0.0,0.0,0.0,0.0,1.0
10,10,0.0,0.0,0.0,0.0,0.0,0.0,0.0,0.0,0.0,0.0,1.0
10,10,0.0,0.0,0.0,0.0,0.0,0.0,0.0,0.0,0.0,0.0,1.0
10,10,0.0,0.0,0.0,0.0,0.0,0.0,0.0,0.0,0.0,0.0,1.0
10,10,0.0,0.0,0.0,0.0,0.0,0.0,0.0,0.0,0.0,0.0,1.0
10,10,0.0,0.0,0.0,0.0,0.0,0.0,0.0,0.0,0.0,0.0,1.0
10,10,0.0,0.0,0.0,0.0,0.0,0.0,0.0,0.0,0.0,0.0,1.0
10,10,0.0,0.0,0.0,0.0,0.0,0.0,0.0,0.0,0.0,0.0,1.0
10,10,0.0,0.0,0.0,0.0,0.0,0.0,0.0,0.0,0.0,0.0,1.0
10,10,0.0,0.0,0.0,0.0,0.0,0.0,0.0,0.0,0.0,0.0,1.0
10,10,0.0,0.0,0.0,0.0,0.0,0.0,0.0,0.0,0.0,0.0,1.0
10,10,0.0,0.0,0.0,0.0,0.0,0.0,0.0,0.0,0.0,0.0,1.0
10,10,0.0,0.0,0.0,0.0,0.0,0.0,0.0,0.0,0.0,0.0,1.0
10,10,0.0,0.0,0.0,0.0,0.0,0.0,0.0,0.0,0.0,0.0,1.0
10,10,0.0,0.0,0.0,0.0,0.0,0.0,0.0,0.0,0.0,0.0,1.0
10,10,0.0,0.0,0.0,0.0,0.0,0.0,0.0,0.0,0.0,0.0,1.0
10,10,0.0,0.0,0.0,0.0,0.0,0.0,0.0,0.0,0.0,0.0,1.0
10,10,0.0,0.0,0.0,0.0,0.0,0.0,0.0,0.0,0.0,0.0,1.0
10,10,0.0,0.0,0.0,0.0,0.0,0.0,0.0,0.0,0.0,0.0,1.0
10,10,0.0,0.0,0.0,0.0,0.0,0.0,0.0,0.0,0.0,0.0,1.0
10,10,0.0,0.0,0.0,0.0,0.0,0.0,0.0,0.0,0.0,0.0,1.0
10,10,0.0,0.0,0.0,0.0,0.0,0.0,0.0,0.0,0.0,0.0,1.0
10,10,0.0,0.0,0.0,0.0,0.0,0.0,0.0,0.0,0.0,0.0,1.0
10,10,0.0,0.0,0.0,0.0,0.0,0.0,0.0,0.0,0.0,0.0,1.0
10,10,0.0,0.0,0.0,0.0,0.0,0.0,0.0,0.0,0.0,0.0,1.0
10,10,0.0,0.0,0.0,0.0,0.0,0.0,0.0,0.0,0.0,0.0,1.0
10,10,0.0,0.0,0.0,0.0,0.0,0.0,0.0,0.0,0.0,0.0,1.0
10,10,0.0,0.0,0.0,0.0,0.0,0.0,0.0,0.0,0.0,0.0,1.0
10,10,0.0,0.0,0.0,0.0,0.0,0.0,0.0,0.0,0.0,0.0,1.0
10,10,0.0,0.0,0.0,0.0,0.0,0.0,0.0,0.0,0.0,0.0,1.0
10,10,0.0,0.0,0.0,0.0,0.0,0.0,0.0,0.0,0.0,0.0,1.0
10,10,0.0,0.0,0.0,0.0,0.0,0.0,0.0,0.0,0.0,0.0,1.0
10,10,0.0,0.0,0.0,0.0,0.0,0.0,0.0,0.0,0.0,0.0,1.0
10,10,0.0,0.0,0.0,0.0,0.0,0.0,0.0,0.0,0.0,0.0,1.0
10,10,0.0,0.0,0.0,0.0,0.0,0.0,0.0,0.0,0.0,0.0,1.0
10,10,0.0,0.0,0.0,0.0,0.0,0.0,0.0,0.0,0.0,0.0,1.0
10,10,0.0,0.0,0.0,0.0,0.0,0.0,0.0,0.0,0.0,0.0,1.0
10,10,0.0,0.0,0.0,0.0,0.0,0.0,0.0,0.0,0.0,0.0,1.0
10,10,0.0,0.0,0.0,0.0,0.0,0.0,0.0,0.0,0.0,0.0,1.0
10,10,0.0,0.0,0.0,0.0,0.0,0.0,0.0,0.0,0.0,0.0,1.0
10,10,0.0,0.0,0.0,0.0,0.0,0.0,0.0,0.0,0.0,0.0,1.0
10,10,0.0,0.0,0.0,0.0,0.0,0.0,0.0,0.0,0.0,0.0,1.0
10,10,0.0,0.0,0.0,0.0,0.0,0.0,0.0,0.0,0.0,0.0,1.0
10,10,0.0,0.0,0.0,0.0,0.0,0.0,0.0,0.0,0.0,0.0,1.0
10,10,0.0,0.0,0.0,0.0,0.0,0.0,0.0,0.0,0.0,0.0,1.0
10,10,0.0,0.0,0.0,0.0,0.0,0.0,0.0,0.0,0.0,0.0,1.0
10,10,0.0,0.0,0.0,0.0,0.0,0.0,0.0,0.0,0.0,0.0,1.0
10,10,0.0,0.0,0.0,0.0,0.0,0.0,0.0,0.0,0.0,0.0,1.0
10,10,0.0,0.0,0.0,0.0,0.0,0.0,0.0,0.0,0.0,0.0,1.0
10,10,0.0,0.0,0.0,0.0,0.0,0.0,0.0,0.0,0.0,0.0,1.0
10,10,0.0,0.0,0.0,0.0,0.0,0.0,0.0,0.0,0.0,0.0,1.0
10,10,0.0,0.0,0.0,0.0,0.0,0.0,0.0,0.0,0.0,0.0,1.0
10,10,0.0,0.0,0.0,0.0,0.0,0.0,0.0,0.0,0.0,0.0,1.0
10,10,0.0,0.0,0.0,0.0,0.0,0.0,0.0,0.0,0.0,0.0,1.0
10,10,0.0,0.0,0.0,0.0,0.0,0.0,0.0,0.0,0.0,0.0,1.0
10,10,0.0,0.0,0.0,0.0,0.0,0.0,0.0,0.0,0.0,0.0,1.0
10,10,0.0,0.0,0.0,0.0,0.0,0.0,0.0,0.0,0.0,0.0,1.0
10,10,0.0,0.0,0.0,0.0,0.0,0.0,0.0,0.0,0.0,0.0,1.0
10,10,0.0,0.0,0.0,0.0,0.0,0.0,0.0,0.0,0.0,0.0,1.0
10,10,0.0,0.0,0.0,0.0,0.0,0.0,0.0,0.0,0.0,0.0,1.0
10,10,0.0,0.0,0.0,0.0,0.0,0.0,0.0,0.0,0.0,0.0,1.0
10,10,0.0,0.0,0.0,0.0,0.0,0.0,0.0,0.0,0.0,0.0,1.0
10,10,0.0,0.0,0.0,0.0,0.0,0.0,0.0,0.0,0.0,0.0,1.0
10,10,0.0,0.0,0.0,0.0,0.0,0.0,0.0,0.0,0.0,0.0,1.0
10,10,0.0,0.0,0.0,0.0,0.0,0.0,0.0,0.0,0.0,0.0,1.0
10,10,0.0,0.0,0.0,0.0,0.0,0.0,0.0,0.0,0.0,0.0,1.0
10,10,0.0,0.0,0.0,0.0,0.0,0.0,0.0,0.0,0.0,0.0,1.0
10,10,0.0,0.0,0.0,0.0,0.0,0.0,0.0,0.0,0.0,0.0,1.0
10,10,0.0,0.0,0.0,0.0,0.0,0.0,0.0,0.0,0.0,0.0,1.0
10,10,0.0,0.0,0.0,0.0,0.0,0.0,0.0,0.0,0.0,0.0,1.0
10,10,0.0,0.0,0.0,0.0,0.0,0.0,0.0,0.0,0.0,0.0,1.0
10,10,0.0,0.0,0.0,0.0,0.0,0.0,0.0,0.0,0.0,0.0,1.0
10,10,0.0,0.0,0.0,0.0,0.0,0.0,0.0,0.0,0.0,0.0,1.0
10,10,0.0,0.0,0.0,0.0,0.0,0.0,0.0,0.0,0.0,0.0,1.0
10,10,0.0,0.0,0.0,0.0,0.0,0.0,0.0,0.0,0.0,0.0,1.0
10,10,0.0,0.0,0.0,0.0,0.0,0.0,0.0,0.0,0.0,0.0,1.0
10,10,0.0,0.0,0.0,0.0,0.0,0.0,0.0,0.0,0.0,0.0,1.0
10,10,0.0,0.0,0.0,0.0,0.0,0.0,0.0,0.0,0.0,0.0,1.0
10,10,0.0,0.0,0.0,0.0,0.0,0.0,0.0,0.0,0.0,0.0,1.0
10,10,0.0,0.0,0.0,0.0,0.0,0.0,0.0,0.0,0.0,0.0,1.0
10,10,0.0,0.0,0.0,0.0,0.0,0.0,0.0,0.0,0.0,0.0,1.0
10,10,0.0,0.0,0.0,0.0,0.0,0.0,0.0,0.0,0.0,0.0,1.0
10,10,0.0,0.0,0.0,0.0,0.0,0.0,0.0,0.0,0.0,0.0,1.0
10,10,0.0,0.0,0.0,0.0,0.0,0.0,0.0,0.0,0.0,0.0,1.0
10,10,0.0,0.0,0.0,0.0,0.0,0.0,0.0,0.0,0.0,0.0,1.0
10,10,0.0,0.0,0.0,0.0,0.0,0.0,0.0,0.0,0.0,0.0,1.0
10,10,0.0,0.0,0.0,0.0,0.0,0.0,0.0,0.0,0.0,0.0,1.0
10,10,0.0,0.0,0.0,0.0,0.0,0.0,0.0,0.0,0.0,0.0,1.0
10,10,0.0,0.0,0.0,0.0,0.0,0.0,0.0,0.0,0.0,0.0,1.0
10,10,0.0,0.0,0.0,0.0,0.0,0.0,0.0,0.0,0.0,0.0,1.0
10,10,0.0,0.0,0.0,0.0,0.0,0.0,0.0,0.0,0.0,0.0,1.0
10,10,0.0,0.0,0.0,0.0,0.0,0.0,0.0,0.0,0.0,0.0,1.0
10,10,0.0,0.0,0.0,0.0,0.0,0.0,0.0,0.0,0.0,0.0,1.0
10,10,0.0,0.0,0.0,0.0,0.0,0.0,0.0,0.0,0.0,0.0,1.0
10,10,0.0,0.0,0.0,0.0,0.0,0.0,0.0,0.0,0.0,0.0,1.0
10,10,0.0,0.0,0.0,0.0,0.0,0.0,0.0,0.0,0.0,0.0,1.0
10,10,0.0,0.0,0.0,0.0,0.0,0.0,0.0,0.0,0.0,0.0,1.0
10,10,0.0,0.0,0.0,0.0,0.0,0.0,0.0,0.0,0.0,0.0,1.0
10,10,0.0,0.0,0.0,0.0,0.0,0.0,0.0,0.0,0.0,0.0,1.0
10,10,0.0,0.0,0.0,0.0,0.0,0.0,0.0,0.0,0.0,0.0,1.0
10,10,0.0,0.0,0.0,0.0,0.0,0.0,0.0,0.0,0.0,0.0,1.0
10,10,0.0,0.0,0.0,0.0,0.0,0.0,0.0,0.0,0.0,0.0,1.0
10,10,0.0,0.0,0.0,0.0,0.0,0.0,0.0,0.0,0.0,0.0,1.0
10,10,0.0,0.0,0.0,0.0,0.0,0.0,0.0,0.0,0.0,0.0,1.0
10,10,0.0,0.0,0.0,0.0,0.0,0.0,0.0,0.0,0.0,0.0,1.0
10,10,0.0,0.0,0.0,0.0,0.0,0.0,0.0,0.0,0.0,0.0,1.0
10,10,0.0,0.0,0.0,0.0,0.0,0.0,0.0,0.0,0.0,0.0,1.0
10,10,0.0,0.0,0.0,0.0,0.0,0.0,0.0,0.0,0.0,0.0,1.0
10,10,0.0,0.0,0.0,0.0,0.0,0.0,0.0,0.0,0.0,0.0,1.0
10,10,0.0,0.0,0.0,0.0,0.0,0.0,0.0,0.0,0.0,0.0,1.0
10,10,0.0,0.0,0.0,0.0,0.0,0.0,0.0,0.0,0.0,0.0,1.0
10,10,0.0,0.0,0.0,0.0,0.0,0.0,0.0,0.0,0.0,0.0,1.0
10,10,0.0,0.0,0.0,0.0,0.0,0.0,0.0,0.0,0.0,0.0,1.0
10,10,0.0,0.0,0.0,0.0,0.0,0.0,0.0,0.0,0.0,0.0,1.0
10,10,0.0,0.0,0.0,0.0,0.0,0.0,0.0,0.0,0.0,0.0,1.0
10,10,0.0,0.0,0.0,0.0,0.0,0.0,0.0,0.0,0.0,0.0,1.0
10,10,0.0,0.0,0.0,0.0,0.0,0.0,0.0,0.0,0.0,0.0,1.0
10,10,0.0,0.0,0.0,0.0,0.0,0.0,0.0,0.0,0.0,0.0,1.0
10,10,0.0,0.0,0.0,0.0,0.0,0.0,0.0,0.0,0.0,0.0,1.0
10,10,0.0,0.0,0.0,0.0,0.0,0.0,0.0,0.0,0.0,0.0,1.0
10,10,0.0,0.0,0.0,0.0,0.0,0.0,0.0,0.0,0.0,0.0,1.0
10,10,0.0,0.0,0.0,0.0,0.0,0.0,0.0,0.0,0.0,0.0,1.0
10,10,0.0,0.0,0.0,0.0,0.0,0.0,0.0,0.0,0.0,0.0,1.0
10,10,0.0,0.0,0.0,0.0,0.0,0.0,0.0,0.0,0.0,0.0,1.0
10,10,0.0,0.0,0.0,0.0,0.0,0.0,0.0,0.0,0.0,0.0,1.0
10,10,0.0,0.0,0.0,0.0,0.0,0.0,0.0,0.0,0.0,0.0,1.0
10,10,0.0,0.0,0.0,0.0,0.0,0.0,0.0,0.0,0.0,0.0,1.0
10,10,0.0,0.0,0.0,0.0,0.0,0.0,0.0,0.0,0.0,0.0,1.0
10,10,0.0,0.0,0.0,0.0,0.0,0.0,0.0,0.0,0.0,0.0,1.0
10,10,0.0,0.0,0.0,0.0,0.0,0.0,0.0,0.0,0.0,0.0,1.0
10,10,0.0,0.0,0.0,0.0,0.0,0.0,0.0,0.0,0.0,0.0,1.0
10,10,0.0,0.0,0.0,0.0,0.0,0.0,0.0,0.0,0.0,0.0,1.0
10,10,0.0,0.0,0.0,0.0,0.0,0.0,0.0,0.0,0.0,0.0,1.0
10,10,0.0,0.0,0.0,0.0,0.0,0.0,0.0,0.0,0.0,0.0,1.0
10,10,0.0,0.0,0.0,0.0,0.0,0.0,0.0,0.0,0.0,0.0,1.0
10,10,0.0,0.0,0.0,0.0,0.0,0.0,0.0,0.0,0.0,0.0,1.0
10,10,0.0,0.0,0.0,0.0,0.0,0.0,0.0,0.0,0.0,0.0,1.0
10,10,0.0,0.0,0.0,0.0,0.0,0.0,0.0,0.0,0.0,0.0,1.0
10,10,0.0,0.0,0.0,0.0,0.0,0.0,0.0,0.0,0.0,0.0,1.0
10,10,0.0,0.0,0.0,0.0,0.0,0.0,0.0,0.0,0.0,0.0,1.0
10,10,0.0,0.0,0.0,0.0,0.0,0.0,0.0,0.0,0.0,0.0,1.0
10,10,0.0,0.0,0.0,0.0,0.0,0.0,0.0,0.0,0.0,0.0,1.0
10,10,0.0,0.0,0.0,0.0,0.0,0.0,0.0,0.0,0.0,0.0,1.0
10,10,0.0,0.0,0.0,0.0,0.0,0.0,0.0,0.0,0.0,0.0,1.0
10,10,0.0,0.0,0.0,0.0,0.0,0.0,0.0,0.0,0.0,0.0,1.0
10,10,0.0,0.0,0.0,0.0,0.0,0.0,0.0,0.0,0.0,0.0,1.0
10,10,0.0,0.0,0.0,0.0,0.0,0.0,0.0,0.0,0.0,0.0,1.0
10,10,0.0,0.0,0.0,0.0,0.0,0.0,0.0,0.0,0.0,0.0,1.0
10,10,0.0,0.0,0.0,0.0,0.0,0.0,0.0,0.0,0.0,0.0,1.0
10,10,0.0,0.0,0.0,0.0,0.0,0.0,0.0,0.0,0.0,0.0,1.0
10,10,0.0,0.0,0.0,0.0,0.0,0.0,0.0,0.0,0.0,0.0,1.0
10,10,0.0,0.0,0.0,0.0,0.0,0.0,0.0,0.0,0.0,0.0,1.0
10,10,0.0,0.0,0.0,0.0,0.0,0.0,0.0,0.0,0.0,0.0,1.0
10,10,0.0,0.0,0.0,0.0,0.0,0.0,0.0,0.0,0.0,0.0,1.0
10,10,0.0,0.0,0.0,0.0,0.0,0.0,0.0,0.0,0.0,0.0,1.0
10,10,0.0,0.0,0.0,0.0,0.0,0.0,0.0,0.0,0.0,0.0,1.0
10,10,0.0,0.0,0.0,0.0,0.0,0.0,0.0,0.0,0.0,0.0,1.0
10,10,0.0,0.0,0.0,0.0,0.0,0.0,0.0,0.0,0.0,0.0,1.0
10,10,0.0,0.0,0.0,0.0,0.0,0.0,0.0,0.0,0.0,0.0,1.0
10,10,0.0,0.0,0.0,0.0,0.0,0.0,0.0,0.0,0.0,0.0,1.0
10,10,0.0,0.0,0.0,0.0,0.0,0.0,0.0,0.0,0.0,0.0,1.0
10,10,0.0,0.0,0.0,0.0,0.0,0.0,0.0,0.0,0.0,0.0,1.0
10,10,0.0,0.0,0.0,0.0,0.0,0.0,0.0,0.0,0.0,0.0,1.0
10,10,0.0,0.0,0.0,0.0,0.0,0.0,0.0,0.0,0.0,0.0,1.0
10,10,0.0,0.0,0.0,0.0,0.0,0.0,0.0,0.0,0.0,0.0,1.0
10,10,0.0,0.0,0.0,0.0,0.0,0.0,0.0,0.0,0.0,0.0,1.0
10,10,0.0,0.0,0.0,0.0,0.0,0.0,0.0,0.0,0.0,0.0,1.0
10,10,0.0,0.0,0.0,0.0,0.0,0.0,0.0,0.0,0.0,0.0,1.0
10,10,0.0,0.0,0.0,0.0,0.0,0.0,0.0,0.0,0.0,0.0,1.0
10,10,0.0,0.0,0.0,0.0,0.0,0.0,0.0,0.0,0.0,0.0,1.0
10,10,0.0,0.0,0.0,0.0,0.0,0.0,0.0,0.0,0.0,0.0,1.0
10,10,0.0,0.0,0.0,0.0,0.0,0.0,0.0,0.0,0.0,0.0,1.0
10,10,0.0,0.0,0.0,0.0,0.0,0.0,0.0,0.0,0.0,0.0,1.0
10,10,0.0,0.0,0.0,0.0,0.0,0.0,0.0,0.0,0.0,0.0,1.0
10,10,0.0,0.0,0.0,0.0,0.0,0.0,0.0,0.0,0.0,0.0,1.0
10,10,0.0,0.0,0.0,0.0,0.0,0.0,0.0,0.0,0.0,0.0,1.0
10,10,0.0,0.0,0.0,0.0,0.0,0.0,0.0,0.0,0.0,0.0,1.0
10,10,0.0,0.0,0.0,0.0,0.0,0.0,0.0,0.0,0.0,0.0,1.0
10,10,0.0,0.0,0.0,0.0,0.0,0.0,0.0,0.0,0.0,0.0,1.0
10,10,0.0,0.0,0.0,0.0,0.0,0.0,0.0,0.0,0.0,0.0,1.0
10,10,0.0,0.0,0.0,0.0,0.0,0.0,0.0,0.0,0.0,0.0,1.0
10,10,0.0,0.0,0.0,0.0,0.0,0.0,0.0,0.0,0.0,0.0,1.0
10,10,0.0,0.0,0.0,0.0,0.0,0.0,0.0,0.0,0.0,0.0,1.0
10,10,0.0,0.0,0.0,0.0,0.0,0.0,0.0,0.0,0.0,0.0,1.0
10,10,0.0,0.0,0.0,0.0,0.0,0.0,0.0,0.0,0.0,0.0,1.0
10,10,0.0,0.0,0.0,0.0,0.0,0.0,0.0,0.0,0.0,0.0,1.0
10,10,0.0,0.0,0.0,0.0,0.0,0.0,0.0,0.0,0.0,0.0,1.0
10,10,0.0,0.0,0.0,0.0,0.0,0.0,0.0,0.0,0.0,0.0,1.0
10,10,0.0,0.0,0.0,0.0,0.0,0.0,0.0,0.0,0.0,0.0,1.0
10,10,0.0,0.0,0.0,0.0,0.0,0.0,0.0,0.0,0.0,0.0,1.0
10,10,0.0,0.0,0.0,0.0,0.0,0.0,0.0,0.0,0.0,0.0,1.0
10,10,0.0,0.0,0.0,0.0,0.0,0.0,0.0,0.0,0.0,0.0,1.0
10,10,0.0,0.0,0.0,0.0,0.0,0.0,0.0,0.0,0.0,0.0,1.0
10,10,0.0,0.0,0.0,0.0,0.0,0.0,0.0,0.0,0.0,0.0,1.0
10,10,0.0,0.0,0.0,0.0,0.0,0.0,0.0,0.0,0.0,0.0,1.0
10,10,0.0,0.0,0.0,0.0,0.0,0.0,0.0,0.0,0.0,0.0,1.0
10,10,0.0,0.0,0.0,0.0,0.0,0.0,0.0,0.0,0.0,0.0,1.0
10,10,0.0,0.0,0.0,0.0,0.0,0.0,0.0,0.0,0.0,0.0,1.0
10,10,0.0,0.0,0.0,0.0,0.0,0.0,0.0,0.0,0.0,0.0,1.0
10,10,0.0,0.0,0.0,0.0,0.0,0.0,0.0,0.0,0.0,0.0,1.0
10,10,0.0,0.0,0.0,0.0,0.0,0.0,0.0,0.0,0.0,0.0,1.0
10,10,0.0,0.0,0.0,0.0,0.0,0.0,0.0,0.0,0.0,0.0,1.0
10,10,0.0,0.0,0.0,0.0,0.0,0.0,0.0,0.0,0.0,0.0,1.0
10,10,0.0,0.0,0.0,0.0,0.0,0.0,0.0,0.0,0.0,0.0,1.0
10,10,0.0,0.0,0.0,0.0,0.0,0.0,0.0,0.0,0.0,0.0,1.0
10,10,0.0,0.0,0.0,0.0,0.0,0.0,0.0,0.0,0.0,0.0,1.0
10,10,0.0,0.0,0.0,0.0,0.0,0.0,0.0,0.0,0.0,0.0,1.0
10,10,0.0,0.0,0.0,0.0,0.0,0.0,0.0,0.0,0.0,0.0,1.0
10,10,0.0,0.0,0.0,0.0,0.0,0.0,0.0,0.0,0.0,0.0,1.0
10,10,0.0,0.0,0.0,0.0,0.0,0.0,0.0,0.0,0.0,0.0,1.0
10,10,0.0,0.0,0.0,0.0,0.0,0.0,0.0,0.0,0.0,0.0,1.0
10,10,0.0,0.0,0.0,0.0,0.0,0.0,0.0,0.0,0.0,0.0,1.0
10,10,0.0,0.0,0.0,0.0,0.0,0.0,0.0,0.0,0.0,0.0,1.0
10,10,0.0,0.0,0.0,0.0,0.0,0.0,0.0,0.0,0.0,0.0,1.0
10,10,0.0,0.0,0.0,0.0,0.0,0.0,0.0,0.0,0.0,0.0,1.0
10,10,0.0,0.0,0.0,0.0,0.0,0.0,0.0,0.0,0.0,0.0,1.0
10,10,0.0,0.0,0.0,0.0,0.0,0.0,0.0,0.0,0.0,0.0,1.0
10,10,0.0,0.0,0.0,0.0,0.0,0.0,0.0,0.0,0.0,0.0,1.0
10,10,0.0,0.0,0.0,0.0,0.0,0.0,0.0,0.0,0.0,0.0,1.0
10,10,0.0,0.0,0.0,0.0,0.0,0.0,0.0,0.0,0.0,0.0,1.0
10,10,0.0,0.0,0.0,0.0,0.0,0.0,0.0,0.0,0.0,0.0,1.0
10,10,0.0,0.0,0.0,0.0,0.0,0.0,0.0,0.0,0.0,0.0,1.0
10,10,0.0,0.0,0.0,0.0,0.0,0.0,0.0,0.0,0.0,0.0,1.0
10,10,0.0,0.0,0.0,0.0,0.0,0.0,0.0,0.0,0.0,0.0,1.0
10,10,0.0,0.0,0.0,0.0,0.0,0.0,0.0,0.0,0.0,0.0,1.0
10,10,0.0,0.0,0.0,0.0,0.0,0.0,0.0,0.0,0.0,0.0,1.0
10,10,0.0,0.0,0.0,0.0,0.0,0.0,0.0,0.0,0.0,0.0,1.0
10,10,0.0,0.0,0.0,0.0,0.0,0.0,0.0,0.0,0.0,0.0,1.0
10,10,0.0,0.0,0.0,0.0,0.0,0.0,0.0,0.0,0.0,0.0,1.0
10,10,0.0,0.0,0.0,0.0,0.0,0.0,0.0,0.0,0.0,0.0,1.0
10,10,0.0,0.0,0.0,0.0,0.0,0.0,0.0,0.0,0.0,0.0,1.0
10,10,0.0,0.0,0.0,0.0,0.0,0.0,0.0,0.0,0.0,0.0,1.0
10,10,0.0,0.0,0.0,0.0,0.0,0.0,0.0,0.0,0.0,0.0,1.0
10,10,0.0,0.0,0.0,0.0,0.0,0.0,0.0,0.0,0.0,0.0,1.0
10,10,0.0,0.0,0.0,0.0,0.0,0.0,0.0,0.0,0.0,0.0,1.0
10,10,0.0,0.0,0.0,0.0,0.0,0.0,0.0,0.0,0.0,0.0,1.0
10,10,0.0,0.0,0.0,0.0,0.0,0.0,0.0,0.0,0.0,0.0,1.0
10,10,0.0,0.0,0.0,0.0,0.0,0.0,0.0,0.0,0.0,0.0,1.0
10,10,0.0,0.0,0.0,0.0,0.0,0.0,0.0,0.0,0.0,0.0,1.0
10,10,0.0,0.0,0.0,0.0,0.0,0.0,0.0,0.0,0.0,0.0,1.0
10,10,0.0,0.0,0.0,0.0,0.0,0.0,0.0,0.0,0.0,0.0,1.0
10,10,0.0,0.0,0.0,0.0,0.0,0.0,0.0,0.0,0.0,0.0,1.0
10,10,0.0,0.0,0.0,0.0,0.0,0.0,0.0,0.0,0.0,0.0,1.0
10,10,0.0,0.0,0.0,0.0,0.0,0.0,0.0,0.0,0.0,0.0,1.0
10,10,0.0,0.0,0.0,0.0,0.0,0.0,0.0,0.0,0.0,0.0,1.0
10,10,0.0,0.0,0.0,0.0,0.0,0.0,0.0,0.0,0.0,0.0,1.0
10,10,0.0,0.0,0.0,0.0,0.0,0.0,0.0,0.0,0.0,0.0,1.0
10,10,0.0,0.0,0.0,0.0,0.0,0.0,0.0,0.0,0.0,0.0,1.0
10,10,0.0,0.0,0.0,0.0,0.0,0.0,0.0,0.0,0.0,0.0,1.0
10,10,0.0,0.0,0.0,0.0,0.0,0.0,0.0,0.0,0.0,0.0,1.0
10,10,0.0,0.0,0.0,0.0,0.0,0.0,0.0,0.0,0.0,0.0,1.0
10,10,0.0,0.0,0.0,0.0,0.0,0.0,0.0,0.0,0.0,0.0,1.0
10,10,0.0,0.0,0.0,0.0,0.0,0.0,0.0,0.0,0.0,0.0,1.0
10,10,0.0,0.0,0.0,0.0,0.0,0.0,0.0,0.0,0.0,0.0,1.0
10,10,0.0,0.0,0.0,0.0,0.0,0.0,0.0,0.0,0.0,0.0,1.0
10,10,0.0,0.0,0.0,0.0,0.0,0.0,0.0,0.0,0.0,0.0,1.0
10,10,0.0,0.0,0.0,0.0,0.0,0.0,0.0,0.0,0.0,0.0,1.0
10,10,0.0,0.0,0.0,0.0,0.0,0.0,0.0,0.0,0.0,0.0,1.0
10,10,0.0,0.0,0.0,0.0,0.0,0.0,0.0,0.0,0.0,0.0,1.0
10,10,0.0,0.0,0.0,0.0,0.0,0.0,0.0,0.0,0.0,0.0,1.0
10,10,0.0,0.0,0.0,0.0,0.0,0.0,0.0,0.0,0.0,0.0,1.0
10,10,0.0,0.0,0.0,0.0,0.0,0.0,0.0,0.0,0.0,0.0,1.0
10,10,0.0,0.0,0.0,0.0,0.0,0.0,0.0,0.0,0.0,0.0,1.0
10,10,0.0,0.0,0.0,0.0,0.0,0.0,0.0,0.0,0.0,0.0,1.0
10,10,0.0,0.0,0.0,0.0,0.0,0.0,0.0,0.0,0.0,0.0,1.0
10,10,0.0,0.0,0.0,0.0,0.0,0.0,0.0,0.0,0.0,0.0,1.0
10,10,0.0,0.0,0.0,0.0,0.0,0.0,0.0,0.0,0.0,0.0,1.0
10,10,0.0,0.0,0.0,0.0,0.0,0.0,0.0,0.0,0.0,0.0,1.0
10,10,0.0,0.0,0.0,0.0,0.0,0.0,0.0,0.0,0.0,0.0,1.0
10,10,0.0,0.0,0.0,0.0,0.0,0.0,0.0,0.0,0.0,0.0,1.0
10,10,0.0,0.0,0.0,0.0,0.0,0.0,0.0,0.0,0.0,0.0,1.0
10,10,0.0,0.0,0.0,0.0,0.0,0.0,0.0,0.0,0.0,0.0,1.0
10,10,0.0,0.0,0.0,0.0,0.0,0.0,0.0,0.0,0.0,0.0,1.0
10,10,0.0,0.0,0.0,0.0,0.0,0.0,0.0,0.0,0.0,0.0,1.0
10,10,0.0,0.0,0.0,0.0,0.0,0.0,0.0,0.0,0.0,0.0,1.0
10,10,0.0,0.0,0.0,0.0,0.0,0.0,0.0,0.0,0.0,0.0,1.0
10,10,0.0,0.0,0.0,0.0,0.0,0.0,0.0,0.0,0.0,0.0,1.0
10,10,0.0,0.0,0.0,0.0,0.0,0.0,0.0,0.0,0.0,0.0,1.0
10,10,0.0,0.0,0.0,0.0,0.0,0.0,0.0,0.0,0.0,0.0,1.0
10,10,0.0,0.0,0.0,0.0,0.0,0.0,0.0,0.0,0.0,0.0,1.0
10,10,0.0,0.0,0.0,0.0,0.0,0.0,0.0,0.0,0.0,0.0,1.0
10,10,0.0,0.0,0.0,0.0,0.0,0.0,0.0,0.0,0.0,0.0,1.0
10,10,0.0,0.0,0.0,0.0,0.0,0.0,0.0,0.0,0.0,0.0,1.0
10,10,0.0,0.0,0.0,0.0,0.0,0.0,0.0,0.0,0.0,0.0,1.0
10,10,0.0,0.0,0.0,0.0,0.0,0.0,0.0,0.0,0.0,0.0,1.0
10,10,0.0,0.0,0.0,0.0,0.0,0.0,0.0,0.0,0.0,0.0,1.0
10,10,0.0,0.0,0.0,0.0,0.0,0.0,0.0,0.0,0.0,0.0,1.0
10,10,0.0,0.0,0.0,0.0,0.0,0.0,0.0,0.0,0.0,0.0,1.0
10,10,0.0,0.0,0.0,0.0,0.0,0.0,0.0,0.0,0.0,0.0,1.0
10,10,0.0,0.0,0.0,0.0,0.0,0.0,0.0,0.0,0.0,0.0,1.0
10,10,0.0,0.0,0.0,0.0,0.0,0.0,0.0,0.0,0.0,0.0,1.0
10,10,0.0,0.0,0.0,0.0,0.0,0.0,0.0,0.0,0.0,0.0,1.0
10,10,0.0,0.0,0.0,0.0,0.0,0.0,0.0,0.0,0.0,0.0,1.0
10,10,0.0,0.0,0.0,0.0,0.0,0.0,0.0,0.0,0.0,0.0,1.0
10,10,0.0,0.0,0.0,0.0,0.0,0.0,0.0,0.0,0.0,0.0,1.0
10,10,0.0,0.0,0.0,0.0,0.0,0.0,0.0,0.0,0.0,0.0,1.0
10,10,0.0,0.0,0.0,0.0,0.0,0.0,0.0,0.0,0.0,0.0,1.0
10,10,0.0,0.0,0.0,0.0,0.0,0.0,0.0,0.0,0.0,0.0,1.0
10,10,0.0,0.0,0.0,0.0,0.0,0.0,0.0,0.0,0.0,0.0,1.0
10,10,0.0,0.0,0.0,0.0,0.0,0.0,0.0,0.0,0.0,0.0,1.0
10,10,0.0,0.0,0.0,0.0,0.0,0.0,0.0,0.0,0.0,0.0,1.0
10,10,0.0,0.0,0.0,0.0,0.0,0.0,0.0,0.0,0.0,0.0,1.0
10,10,0.0,0.0,0.0,0.0,0.0,0.0,0.0,0.0,0.0,0.0,1.0
10,10,0.0,0.0,0.0,0.0,0.0,0.0,0.0,0.0,0.0,0.0,1.0
10,10,0.0,0.0,0.0,0.0,0.0,0.0,0.0,0.0,0.0,0.0,1.0
10,10,0.0,0.0,0.0,0.0,0.0,0.0,0.0,0.0,0.0,0.0,1.0
10,10,0.0,0.0,0.0,0.0,0.0,0.0,0.0,0.0,0.0,0.0,1.0
10,10,0.0,0.0,0.0,0.0,0.0,0.0,0.0,0.0,0.0,0.0,1.0
10,10,0.0,0.0,0.0,0.0,0.0,0.0,0.0,0.0,0.0,0.0,1.0
10,10,0.0,0.0,0.0,0.0,0.0,0.0,0.0,0.0,0.0,0.0,1.0
10,10,0.0,0.0,0.0,0.0,0.0,0.0,0.0,0.0,0.0,0.0,1.0
10,10,0.0,0.0,0.0,0.0,0.0,0.0,0.0,0.0,0.0,0.0,1.0
10,10,0.0,0.0,0.0,0.0,0.0,0.0,0.0,0.0,0.0,0.0,1.0
10,10,0.0,0.0,0.0,0.0,0.0,0.0,0.0,0.0,0.0,0.0,1.0
10,10,0.0,0.0,0.0,0.0,0.0,0.0,0.0,0.0,0.0,0.0,1.0
10,10,0.0,0.0,0.0,0.0,0.0,0.0,0.0,0.0,0.0,0.0,1.0
10,10,0.0,0.0,0.0,0.0,0.0,0.0,0.0,0.0,0.0,0.0,1.0
10,10,0.0,0.0,0.0,0.0,0.0,0.0,0.0,0.0,0.0,0.0,1.0
10,10,0.0,0.0,0.0,0.0,0.0,0.0,0.0,0.0,0.0,0.0,1.0
10,10,0.0,0.0,0.0,0.0,0.0,0.0,0.0,0.0,0.0,0.0,1.0
10,10,0.0,0.0,0.0,0.0,0.0,0.0,0.0,0.0,0.0,0.0,1.0
10,10,0.0,0.0,0.0,0.0,0.0,0.0,0.0,0.0,0.0,0.0,1.0
10,10,0.0,0.0,0.0,0.0,0.0,0.0,0.0,0.0,0.0,0.0,1.0
10,10,0.0,0.0,0.0,0.0,0.0,0.0,0.0,0.0,0.0,0.0,1.0
10,10,0.0,0.0,0.0,0.0,0.0,0.0,0.0,0.0,0.0,0.0,1.0
10,10,0.0,0.0,0.0,0.0,0.0,0.0,0.0,0.0,0.0,0.0,1.0
10,10,0.0,0.0,0.0,0.0,0.0,0.0,0.0,0.0,0.0,0.0,1.0
10,10,0.0,0.0,0.0,0.0,0.0,0.0,0.0,0.0,0.0,0.0,1.0
10,10,0.0,0.0,0.0,0.0,0.0,0.0,0.0,0.0,0.0,0.0,1.0
10,10,0.0,0.0,0.0,0.0,0.0,0.0,0.0,0.0,0.0,0.0,1.0
10,10,0.0,0.0,0.0,0.0,0.0,0.0,0.0,0.0,0.0,0.0,1.0
10,10,0.0,0.0,0.0,0.0,0.0,0.0,0.0,0.0,0.0,0.0,1.0
10,10,0.0,0.0,0.0,0.0,0.0,0.0,0.0,0.0,0.0,0.0,1.0
10,10,0.0,0.0,0.0,0.0,0.0,0.0,0.0,0.0,0.0,0.0,1.0
10,10,0.0,0.0,0.0,0.0,0.0,0.0,0.0,0.0,0.0,0.0,1.0
10,10,0.0,0.0,0.0,0.0,0.0,0.0,0.0,0.0,0.0,0.0,1.0
10,10,0.0,0.0,0.0,0.0,0.0,0.0,0.0,0.0,0.0,0.0,1.0
10,10,0.0,0.0,0.0,0.0,0.0,0.0,0.0,0.0,0.0,0.0,1.0
10,10,0.0,0.0,0.0,0.0,0.0,0.0,0.0,0.0,0.0,0.0,1.0
10,10,0.0,0.0,0.0,0.0,0.0,0.0,0.0,0.0,0.0,0.0,1.0
10,10,0.0,0.0,0.0,0.0,0.0,0.0,0.0,0.0,0.0,0.0,1.0
10,10,0.0,0.0,0.0,0.0,0.0,0.0,0.0,0.0,0.0,0.0,1.0
10,10,0.0,0.0,0.0,0.0,0.0,0.0,0.0,0.0,0.0,0.0,1.0
10,10,0.0,0.0,0.0,0.0,0.0,0.0,0.0,0.0,0.0,0.0,1.0
10,10,0.0,0.0,0.0,0.0,0.0,0.0,0.0,0.0,0.0,0.0,1.0
10,10,0.0,0.0,0.0,0.0,0.0,0.0,0.0,0.0,0.0,0.0,1.0
10,10,0.0,0.0,0.0,0.0,0.0,0.0,0.0,0.0,0.0,0.0,1.0
10,10,0.0,0.0,0.0,0.0,0.0,0.0,0.0,0.0,0.0,0.0,1.0
10,10,0.0,0.0,0.0,0.0,0.0,0.0,0.0,0.0,0.0,0.0,1.0
10,10,0.0,0.0,0.0,0.0,0.0,0.0,0.0,0.0,0.0,0.0,1.0
10,10,0.0,0.0,0.0,0.0,0.0,0.0,0.0,0.0,0.0,0.0,1.0
10,10,0.0,0.0,0.0,0.0,0.0,0.0,0.0,0.0,0.0,0.0,1.0
10,10,0.0,0.0,0.0,0.0,0.0,0.0,0.0,0.0,0.0,0.0,1.0
10,10,0.0,0.0,0.0,0.0,0.0,0.0,0.0,0.0,0.0,0.0,1.0
10,10,0.0,0.0,0.0,0.0,0.0,0.0,0.0,0.0,0.0,0.0,1.0
10,10,0.0,0.0,0.0,0.0,0.0,0.0,0.0,0.0,0.0,0.0,1.0
10,10,0.0,0.0,0.0,0.0,0.0,0.0,0.0,0.0,0.0,0.0,1.0
10,10,0.0,0.0,0.0,0.0,0.0,0.0,0.0,0.0,0.0,0.0,1.0
10,10,0.0,0.0,0.0,0.0,0.0,0.0,0.0,0.0,0.0,0.0,1.0
10,10,0.0,0.0,0.0,0.0,0.0,0.0,0.0,0.0,0.0,0.0,1.0
10,10,0.0,0.0,0.0,0.0,0.0,0.0,0.0,0.0,0.0,0.0,1.0
10,10,0.0,0.0,0.0,0.0,0.0,0.0,0.0,0.0,0.0,0.0,1.0
10,10,0.0,0.0,0.0,0.0,0.0,0.0,0.0,0.0,0.0,0.0,1.0
10,10,0.0,0.0,0.0,0.0,0.0,0.0,0.0,0.0,0.0,0.0,1.0
10,10,0.0,0.0,0.0,0.0,0.0,0.0,0.0,0.0,0.0,0.0,1.0
10,10,0.0,0.0,0.0,0.0,0.0,0.0,0.0,0.0,0.0,0.0,1.0
10,10,0.0,0.0,0.0,0.0,0.0,0.0,0.0,0.0,0.0,0.0,1.0
10,10,0.0,0.0,0.0,0.0,0.0,0.0,0.0,0.0,0.0,0.0,1.0
10,10,0.0,0.0,0.0,0.0,0.0,0.0,0.0,0.0,0.0,0.0,1.0
10,10,0.0,0.0,0.0,0.0,0.0,0.0,0.0,0.0,0.0,0.0,1.0
10,10,0.0,0.0,0.0,0.0,0.0,0.0,0.0,0.0,0.0,0.0,1.0
10,10,0.0,0.0,0.0,0.0,0.0,0.0,0.0,0.0,0.0,0.0,1.0
10,10,0.0,0.0,0.0,0.0,0.0,0.0,0.0,0.0,0.0,0.0,1.0
10,10,0.0,0.0,0.0,0.0,0.0,0.0,0.0,0.0,0.0,0.0,1.0
10,10,0.0,0.0,0.0,0.0,0.0,0.0,0.0,0.0,0.0,0.0,1.0
10,10,0.0,0.0,0.0,0.0,0.0,0.0,0.0,0.0,0.0,0.0,1.0
10,10,0.0,0.0,0.0,0.0,0.0,0.0,0.0,0.0,0.0,0.0,1.0
10,10,0.0,0.0,0.0,0.0,0.0,0.0,0.0,0.0,0.0,0.0,1.0
10,10,0.0,0.0,0.0,0.0,0.0,0.0,0.0,0.0,0.0,0.0,1.0
10,10,0.0,0.0,0.0,0.0,0.0,0.0,0.0,0.0,0.0,0.0,1.0
10,10,0.0,0.0,0.0,0.0,0.0,0.0,0.0,0.0,0.0,0.0,1.0
10,10,0.0,0.0,0.0,0.0,0.0,0.0,0.0,0.0,0.0,0.0,1.0
10,10,0.0,0.0,0.0,0.0,0.0,0.0,0.0,0.0,0.0,0.0,1.0
10,10,0.0,0.0,0.0,0.0,0.0,0.0,0.0,0.0,0.0,0.0,1.0
10,10,0.0,0.0,0.0,0.0,0.0,0.0,0.0,0.0,0.0,0.0,1.0
10,10,0.0,0.0,0.0,0.0,0.0,0.0,0.0,0.0,0.0,0.0,1.0
10,10,0.0,0.0,0.0,0.0,0.0,0.0,0.0,0.0,0.0,0.0,1.0
10,10,0.0,0.0,0.0,0.0,0.0,0.0,0.0,0.0,0.0,0.0,1.0
10,10,0.0,0.0,0.0,0.0,0.0,0.0,0.0,0.0,0.0,0.0,1.0
10,10,0.0,0.0,0.0,0.0,0.0,0.0,0.0,0.0,0.0,0.0,1.0
10,10,0.0,0.0,0.0,0.0,0.0,0.0,0.0,0.0,0.0,0.0,1.0
10,10,0.0,0.0,0.0,0.0,0.0,0.0,0.0,0.0,0.0,0.0,1.0
10,10,0.0,0.0,0.0,0.0,0.0,0.0,0.0,0.0,0.0,0.0,1.0
10,10,0.0,0.0,0.0,0.0,0.0,0.0,0.0,0.0,0.0,0.0,1.0
10,10,0.0,0.0,0.0,0.0,0.0,0.0,0.0,0.0,0.0,0.0,1.0
10,10,0.0,0.0,0.0,0.0,0.0,0.0,0.0,0.0,0.0,0.0,1.0
10,10,0.0,0.0,0.0,0.0,0.0,0.0,0.0,0.0,0.0,0.0,1.0
10,10,0.0,0.0,0.0,0.0,0.0,0.0,0.0,0.0,0.0,0.0,1.0
10,10,0.0,0.0,0.0,0.0,0.0,0.0,0.0,0.0,0.0,0.0,1.0
10,10,0.0,0.0,0.0,0.0,0.0,0.0,0.0,0.0,0.0,0.0,1.0
10,10,0.0,0.0,0.0,0.0,0.0,0.0,0.0,0.0,0.0,0.0,1.0
10,10,0.0,0.0,0.0,0.0,0.0,0.0,0.0,0.0,0.0,0.0,1.0
10,10,0.0,0.0,0.0,0.0,0.0,0.0,0.0,0.0,0.0,0.0,1.0
10,10,0.0,0.0,0.0,0.0,0.0,0.0,0.0,0.0,0.0,0.0,1.0
10,10,0.0,0.0,0.0,0.0,0.0,0.0,0.0,0.0,0.0,0.0,1.0
10,10,0.0,0.0,0.0,0.0,0.0,0.0,0.0,0.0,0.0,0.0,1.0
10,10,0.0,0.0,0.0,0.0,0.0,0.0,0.0,0.0,0.0,0.0,1.0
10,10,0.0,0.0,0.0,0.0,0.0,0.0,0.0,0.0,0.0,0.0,1.0
10,10,0.0,0.0,0.0,0.0,0.0,0.0,0.0,0.0,0.0,0.0,1.0
10,10,0.0,0.0,0.0,0.0,0.0,0.0,0.0,0.0,0.0,0.0,1.0
10,10,0.0,0.0,0.0,0.0,0.0,0.0,0.0,0.0,0.0,0.0,1.0
10,10,0.0,0.0,0.0,0.0,0.0,0.0,0.0,0.0,0.0,0.0,1.0
10,10,0.0,0.0,0.0,0.0,0.0,0.0,0.0,0.0,0.0,0.0,1.0
10,10,0.0,0.0,0.0,0.0,0.0,0.0,0.0,0.0,0.0,0.0,1.0
10,10,0.0,0.0,0.0,0.0,0.0,0.0,0.0,0.0,0.0,0.0,1.0
10,10,0.0,0.0,0.0,0.0,0.0,0.0,0.0,0.0,0.0,0.0,1.0
10,10,0.0,0.0,0.0,0.0,0.0,0.0,0.0,0.0,0.0,0.0,1.0
10,10,0.0,0.0,0.0,0.0,0.0,0.0,0.0,0.0,0.0,0.0,1.0
10,10,0.0,0.0,0.0,0.0,0.0,0.0,0.0,0.0,0.0,0.0,1.0
10,10,0.0,0.0,0.0,0.0,0.0,0.0,0.0,0.0,0.0,0.0,1.0
10,10,0.0,0.0,0.0,0.0,0.0,0.0,0.0,0.0,0.0,0.0,1.0
10,10,0.0,0.0,0.0,0.0,0.0,0.0,0.0,0.0,0.0,0.0,1.0
10,10,0.0,0.0,0.0,0.0,0.0,0.0,0.0,0.0,0.0,0.0,1.0
10,10,0.0,0.0,0.0,0.0,0.0,0.0,0.0,0.0,0.0,0.0,1.0
10,10,0.0,0.0,0.0,0.0,0.0,0.0,0.0,0.0,0.0,0.0,1.0
10,10,0.0,0.0,0.0,0.0,0.0,0.0,0.0,0.0,0.0,0.0,1.0
10,10,0.0,0.0,0.0,0.0,0.0,0.0,0.0,0.0,0.0,0.0,1.0
10,10,0.0,0.0,0.0,0.0,0.0,0.0,0.0,0.0,0.0,0.0,1.0
10,10,0.0,0.0,0.0,0.0,0.0,0.0,0.0,0.0,0.0,0.0,1.0
10,10,0.0,0.0,0.0,0.0,0.0,0.0,0.0,0.0,0.0,0.0,1.0
10,10,0.0,0.0,0.0,0.0,0.0,0.0,0.0,0.0,0.0,0.0,1.0
10,10,0.0,0.0,0.0,0.0,0.0,0.0,0.0,0.0,0.0,0.0,1.0
10,10,0.0,0.0,0.0,0.0,0.0,0.0,0.0,0.0,0.0,0.0,1.0
10,10,0.0,0.0,0.0,0.0,0.0,0.0,0.0,0.0,0.0,0.0,1.0
10,10,0.0,0.0,0.0,0.0,0.0,0.0,0.0,0.0,0.0,0.0,1.0
10,10,0.0,0.0,0.0,0.0,0.0,0.0,0.0,0.0,0.0,0.0,1.0
10,10,0.0,0.0,0.0,0.0,0.0,0.0,0.0,0.0,0.0,0.0,1.0
10,10,0.0,0.0,0.0,0.0,0.0,0.0,0.0,0.0,0.0,0.0,1.0
10,10,0.0,0.0,0.0,0.0,0.0,0.0,0.0,0.0,0.0,0.0,1.0
10,10,0.0,0.0,0.0,0.0,0.0,0.0,0.0,0.0,0.0,0.0,1.0
10,10,0.0,0.0,0.0,0.0,0.0,0.0,0.0,0.0,0.0,0.0,1.0
10,10,0.0,0.0,0.0,0.0,0.0,0.0,0.0,0.0,0.0,0.0,1.0
10,10,0.0,0.0,0.0,0.0,0.0,0.0,0.0,0.0,0.0,0.0,1.0
10,10,0.0,0.0,0.0,0.0,0.0,0.0,0.0,0.0,0.0,0.0,1.0
10,10,0.0,0.0,0.0,0.0,0.0,0.0,0.0,0.0,0.0,0.0,1.0
10,10,0.0,0.0,0.0,0.0,0.0,0.0,0.0,0.0,0.0,0.0,1.0
10,10,0.0,0.0,0.0,0.0,0.0,0.0,0.0,0.0,0.0,0.0,1.0
10,10,0.0,0.0,0.0,0.0,0.0,0.0,0.0,0.0,0.0,0.0,1.0
10,10,0.0,0.0,0.0,0.0,0.0,0.0,0.0,0.0,0.0,0.0,1.0
10,10,0.0,0.0,0.0,0.0,0.0,0.0,0.0,0.0,0.0,0.0,1.0
10,10,0.0,0.0,0.0,0.0,0.0,0.0,0.0,0.0,0.0,0.0,1.0
10,10,0.0,0.0,0.0,0.0,0.0,0.0,0.0,0.0,0.0,0.0,1.0
10,10,0.0,0.0,0.0,0.0,0.0,0.0,0.0,0.0,0.0,0.0,1.0
10,10,0.0,0.0,0.0,0.0,0.0,0.0,0.0,0.0,0.0,0.0,1.0
10,10,0.0,0.0,0.0,0.0,0.0,0.0,0.0,0.0,0.0,0.0,1.0
10,10,0.0,0.0,0.0,0.0,0.0,0.0,0.0,0.0,0.0,0.0,1.0
10,10,0.0,0.0,0.0,0.0,0.0,0.0,0.0,0.0,0.0,0.0,1.0
10,10,0.0,0.0,0.0,0.0,0.0,0.0,0.0,0.0,0.0,0.0,1.0
10,10,0.0,0.0,0.0,0.0,0.0,0.0,0.0,0.0,0.0,0.0,1.0
10,10,0.0,0.0,0.0,0.0,0.0,0.0,0.0,0.0,0.0,0.0,1.0
10,10,0.0,0.0,0.0,0.0,0.0,0.0,0.0,0.0,0.0,0.0,1.0
10,10,0.0,0.0,0.0,0.0,0.0,0.0,0.0,0.0,0.0,0.0,1.0
10,10,0.0,0.0,0.0,0.0,0.0,0.0,0.0,0.0,0.0,0.0,1.0
10,10,0.0,0.0,0.0,0.0,0.0,0.0,0.0,0.0,0.0,0.0,1.0
10,10,0.0,0.0,0.0,0.0,0.0,0.0,0.0,0.0,0.0,0.0,1.0
10,10,0.0,0.0,0.0,0.0,0.0,0.0,0.0,0.0,0.0,0.0,1.0
10,10,0.0,0.0,0.0,0.0,0.0,0.0,0.0,0.0,0.0,0.0,1.0
10,10,0.0,0.0,0.0,0.0,0.0,0.0,0.0,0.0,0.0,0.0,1.0
10,10,0.0,0.0,0.0,0.0,0.0,0.0,0.0,0.0,0.0,0.0,1.0
10,10,0.0,0.0,0.0,0.0,0.0,0.0,0.0,0.0,0.0,0.0,1.0
10,10,0.0,0.0,0.0,0.0,0.0,0.0,0.0,0.0,0.0,0.0,1.0
10,10,0.0,0.0,0.0,0.0,0.0,0.0,0.0,0.0,0.0,0.0,1.0
10,10,0.0,0.0,0.0,0.0,0.0,0.0,0.0,0.0,0.0,0.0,1.0
10,10,0.0,0.0,0.0,0.0,0.0,0.0,0.0,0.0,0.0,0.0,1.0
10,10,0.0,0.0,0.0,0.0,0.0,0.0,0.0,0.0,0.0,0.0,1.0
10,10,0.0,0.0,0.0,0.0,0.0,0.0,0.0,0.0,0.0,0.0,1.0
10,10,0.0,0.0,0.0,0.0,0.0,0.0,0.0,0.0,0.0,0.0,1.0
10,10,0.0,0.0,0.0,0.0,0.0,0.0,0.0,0.0,0.0,0.0,1.0
10,10,0.0,0.0,0.0,0.0,0.0,0.0,0.0,0.0,0.0,0.0,1.0
10,10,0.0,0.0,0.0,0.0,0.0,0.0,0.0,0.0,0.0,0.0,1.0
10,10,0.0,0.0,0.0,0.0,0.0,0.0,0.0,0.0,0.0,0.0,1.0
10,10,0.0,0.0,0.0,0.0,0.0,0.0,0.0,0.0,0.0,0.0,1.0
10,10,0.0,0.0,0.0,0.0,0.0,0.0,0.0,0.0,0.0,0.0,1.0
10,10,0.0,0.0,0.0,0.0,0.0,0.0,0.0,0.0,0.0,0.0,1.0
10,10,0.0,0.0,0.0,0.0,0.0,0.0,0.0,0.0,0.0,0.0,1.0
10,10,0.0,0.0,0.0,0.0,0.0,0.0,0.0,0.0,0.0,0.0,1.0
10,10,0.0,0.0,0.0,0.0,0.0,0.0,0.0,0.0,0.0,0.0,1.0
10,10,0.0,0.0,0.0,0.0,0.0,0.0,0.0,0.0,0.0,0.0,1.0
10,10,0.0,0.0,0.0,0.0,0.0,0.0,0.0,0.0,0.0,0.0,1.0
10,10,0.0,0.0,0.0,0.0,0.0,0.0,0.0,0.0,0.0,0.0,1.0
10,10,0.0,0.0,0.0,0.0,0.0,0.0,0.0,0.0,0.0,0.0,1.0
10,10,0.0,0.0,0.0,0.0,0.0,0.0,0.0,0.0,0.0,0.0,1.0
10,10,0.0,0.0,0.0,0.0,0.0,0.0,0.0,0.0,0.0,0.0,1.0
10,10,0.0,0.0,0.0,0.0,0.0,0.0,0.0,0.0,0.0,0.0,1.0
10,10,0.0,0.0,0.0,0.0,0.0,0.0,0.0,0.0,0.0,0.0,1.0
10,10,0.0,0.0,0.0,0.0,0.0,0.0,0.0,0.0,0.0,0.0,1.0
10,10,0.0,0.0,0.0,0.0,0.0,0.0,0.0,0.0,0.0,0.0,1.0
10,10,0.0,0.0,0.0,0.0,0.0,0.0,0.0,0.0,0.0,0.0,1.0
10,10,0.0,0.0,0.0,0.0,0.0,0.0,0.0,0.0,0.0,0.0,1.0
10,10,0.0,0.0,0.0,0.0,0.0,0.0,0.0,0.0,0.0,0.0,1.0
10,10,0.0,0.0,0.0,0.0,0.0,0.0,0.0,0.0,0.0,0.0,1.0
10,10,0.0,0.0,0.0,0.0,0.0,0.0,0.0,0.0,0.0,0.0,1.0
10,10,0.0,0.0,0.0,0.0,0.0,0.0,0.0,0.0,0.0,0.0,1.0
10,10,0.0,0.0,0.0,0.0,0.0,0.0,0.0,0.0,0.0,0.0,1.0
10,10,0.0,0.0,0.0,0.0,0.0,0.0,0.0,0.0,0.0,0.0,1.0
10,10,0.0,0.0,0.0,0.0,0.0,0.0,0.0,0.0,0.0,0.0,1.0
10,10,0.0,0.0,0.0,0.0,0.0,0.0,0.0,0.0,0.0,0.0,1.0
10,10,0.0,0.0,0.0,0.0,0.0,0.0,0.0,0.0,0.0,0.0,1.0
10,10,0.0,0.0,0.0,0.0,0.0,0.0,0.0,0.0,0.0,0.0,1.0
10,10,0.0,0.0,0.0,0.0,0.0,0.0,0.0,0.0,0.0,0.0,1.0
10,10,0.0,0.0,0.0,0.0,0.0,0.0,0.0,0.0,0.0,0.0,1.0
10,10,0.0,0.0,0.0,0.0,0.0,0.0,0.0,0.0,0.0,0.0,1.0
10,10,0.0,0.0,0.0,0.0,0.0,0.0,0.0,0.0,0.0,0.0,1.0
10,10,0.0,0.0,0.0,0.0,0.0,0.0,0.0,0.0,0.0,0.0,1.0
10,10,0.0,0.0,0.0,0.0,0.0,0.0,0.0,0.0,0.0,0.0,1.0
10,10,0.0,0.0,0.0,0.0,0.0,0.0,0.0,0.0,0.0,0.0,1.0
10,10,0.0,0.0,0.0,0.0,0.0,0.0,0.0,0.0,0.0,0.0,1.0
10,10,0.0,0.0,0.0,0.0,0.0,0.0,0.0,0.0,0.0,0.0,1.0
10,10,0.0,0.0,0.0,0.0,0.0,0.0,0.0,0.0,0.0,0.0,1.0
10,10,0.0,0.0,0.0,0.0,0.0,0.0,0.0,0.0,0.0,0.0,1.0
10,10,0.0,0.0,0.0,0.0,0.0,0.0,0.0,0.0,0.0,0.0,1.0
10,10,0.0,0.0,0.0,0.0,0.0,0.0,0.0,0.0,0.0,0.0,1.0
10,10,0.0,0.0,0.0,0.0,0.0,0.0,0.0,0.0,0.0,0.0,1.0
10,10,0.0,0.0,0.0,0.0,0.0,0.0,0.0,0.0,0.0,0.0,1.0
10,10,0.0,0.0,0.0,0.0,0.0,0.0,0.0,0.0,0.0,0.0,1.0
10,10,0.0,0.0,0.0,0.0,0.0,0.0,0.0,0.0,0.0,0.0,1.0
10,10,0.0,0.0,0.0,0.0,0.0,0.0,0.0,0.0,0.0,0.0,1.0
10,10,0.0,0.0,0.0,0.0,0.0,0.0,0.0,0.0,0.0,0.0,1.0
10,10,0.0,0.0,0.0,0.0,0.0,0.0,0.0,0.0,0.0,0.0,1.0
10,10,0.0,0.0,0.0,0.0,0.0,0.0,0.0,0.0,0.0,0.0,1.0
10,10,0.0,0.0,0.0,0.0,0.0,0.0,0.0,0.0,0.0,0.0,1.0
10,10,0.0,0.0,0.0,0.0,0.0,0.0,0.0,0.0,0.0,0.0,1.0
10,10,0.0,0.0,0.0,0.0,0.0,0.0,0.0,0.0,0.0,0.0,1.0
10,10,0.0,0.0,0.0,0.0,0.0,0.0,0.0,0.0,0.0,0.0,1.0
10,10,0.0,0.0,0.0,0.0,0.0,0.0,0.0,0.0,0.0,0.0,1.0
10,10,0.0,0.0,0.0,0.0,0.0,0.0,0.0,0.0,0.0,0.0,1.0
10,10,0.0,0.0,0.0,0.0,0.0,0.0,0.0,0.0,0.0,0.0,1.0
10,10,0.0,0.0,0.0,0.0,0.0,0.0,0.0,0.0,0.0,0.0,1.0
10,10,0.0,0.0,0.0,0.0,0.0,0.0,0.0,0.0,0.0,0.0,1.0
10,10,0.0,0.0,0.0,0.0,0.0,0.0,0.0,0.0,0.0,0.0,1.0
10,10,0.0,0.0,0.0,0.0,0.0,0.0,0.0,0.0,0.0,0.0,1.0
10,10,0.0,0.0,0.0,0.0,0.0,0.0,0.0,0.0,0.0,0.0,1.0
10,10,0.0,0.0,0.0,0.0,0.0,0.0,0.0,0.0,0.0,0.0,1.0
10,10,0.0,0.0,0.0,0.0,0.0,0.0,0.0,0.0,0.0,0.0,1.0
10,10,0.0,0.0,0.0,0.0,0.0,0.0,0.0,0.0,0.0,0.0,1.0
10,10,0.0,0.0,0.0,0.0,0.0,0.0,0.0,0.0,0.0,0.0,1.0
10,10,0.0,0.0,0.0,0.0,0.0,0.0,0.0,0.0,0.0,0.0,1.0
10,10,0.0,0.0,0.0,0.0,0.0,0.0,0.0,0.0,0.0,0.0,1.0
10,10,0.0,0.0,0.0,0.0,0.0,0.0,0.0,0.0,0.0,0.0,1.0
10,10,0.0,0.0,0.0,0.0,0.0,0.0,0.0,0.0,0.0,0.0,1.0
10,10,0.0,0.0,0.0,0.0,0.0,0.0,0.0,0.0,0.0,0.0,1.0
10,10,0.0,0.0,0.0,0.0,0.0,0.0,0.0,0.0,0.0,0.0,1.0
10,10,0.0,0.0,0.0,0.0,0.0,0.0,0.0,0.0,0.0,0.0,1.0
10,10,0.0,0.0,0.0,0.0,0.0,0.0,0.0,0.0,0.0,0.0,1.0
10,10,0.0,0.0,0.0,0.0,0.0,0.0,0.0,0.0,0.0,0.0,1.0
10,10,0.0,0.0,0.0,0.0,0.0,0.0,0.0,0.0,0.0,0.0,1.0
10,10,0.0,0.0,0.0,0.0,0.0,0.0,0.0,0.0,0.0,0.0,1.0
10,10,0.0,0.0,0.0,0.0,0.0,0.0,0.0,0.0,0.0,0.0,1.0
10,10,0.0,0.0,0.0,0.0,0.0,0.0,0.0,0.0,0.0,0.0,1.0
10,10,0.0,0.0,0.0,0.0,0.0,0.0,0.0,0.0,0.0,0.0,1.0
10,10,0.0,0.0,0.0,0.0,0.0,0.0,0.0,0.0,0.0,0.0,1.0
10,10,0.0,0.0,0.0,0.0,0.0,0.0,0.0,0.0,0.0,0.0,1.0
10,10,0.0,0.0,0.0,0.0,0.0,0.0,0.0,0.0,0.0,0.0,1.0
10,10,0.0,0.0,0.0,0.0,0.0,0.0,0.0,0.0,0.0,0.0,1.0
10,10,0.0,0.0,0.0,0.0,0.0,0.0,0.0,0.0,0.0,0.0,1.0
10,10,0.0,0.0,0.0,0.0,0.0,0.0,0.0,0.0,0.0,0.0,1.0
10,10,0.0,0.0,0.0,0.0,0.0,0.0,0.0,0.0,0.0,0.0,1.0
10,10,0.0,0.0,0.0,0.0,0.0,0.0,0.0,0.0,0.0,0.0,1.0
10,10,0.0,0.0,0.0,0.0,0.0,0.0,0.0,0.0,0.0,0.0,1.0
10,10,0.0,0.0,0.0,0.0,0.0,0.0,0.0,0.0,0.0,0.0,1.0
10,10,0.0,0.0,0.0,0.0,0.0,0.0,0.0,0.0,0.0,0.0,1.0
10,10,0.0,0.0,0.0,0.0,0.0,0.0,0.0,0.0,0.0,0.0,1.0
10,10,0.0,0.0,0.0,0.0,0.0,0.0,0.0,0.0,0.0,0.0,1.0
10,10,0.0,0.0,0.0,0.0,0.0,0.0,0.0,0.0,0.0,0.0,1.0
10,10,0.0,0.0,0.0,0.0,0.0,0.0,0.0,0.0,0.0,0.0,1.0
10,10,0.0,0.0,0.0,0.0,0.0,0.0,0.0,0.0,0.0,0.0,1.0
10,10,0.0,0.0,0.0,0.0,0.0,0.0,0.0,0.0,0.0,0.0,1.0
10,10,0.0,0.0,0.0,0.0,0.0,0.0,0.0,0.0,0.0,0.0,1.0
10,10,0.0,0.0,0.0,0.0,0.0,0.0,0.0,0.0,0.0,0.0,1.0
10,10,0.0,0.0,0.0,0.0,0.0,0.0,0.0,0.0,0.0,0.0,1.0
10,10,0.0,0.0,0.0,0.0,0.0,0.0,0.0,0.0,0.0,0.0,1.0
10,10,0.0,0.0,0.0,0.0,0.0,0.0,0.0,0.0,0.0,0.0,1.0
10,10,0.0,0.0,0.0,0.0,0.0,0.0,0.0,0.0,0.0,0.0,1.0
10,10,0.0,0.0,0.0,0.0,0.0,0.0,0.0,0.0,0.0,0.0,1.0
10,10,0.0,0.0,0.0,0.0,0.0,0.0,0.0,0.0,0.0,0.0,1.0
10,10,0.0,0.0,0.0,0.0,0.0,0.0,0.0,0.0,0.0,0.0,1.0
10,10,0.0,0.0,0.0,0.0,0.0,0.0,0.0,0.0,0.0,0.0,1.0
10,10,0.0,0.0,0.0,0.0,0.0,0.0,0.0,0.0,0.0,0.0,1.0
10,10,0.0,0.0,0.0,0.0,0.0,0.0,0.0,0.0,0.0,0.0,1.0
10,10,0.0,0.0,0.0,0.0,0.0,0.0,0.0,0.0,0.0,0.0,1.0
10,10,0.0,0.0,0.0,0.0,0.0,0.0,0.0,0.0,0.0,0.0,1.0
10,10,0.0,0.0,0.0,0.0,0.0,0.0,0.0,0.0,0.0,0.0,1.0
10,10,0.0,0.0,0.0,0.0,0.0,0.0,0.0,0.0,0.0,0.0,1.0
10,10,0.0,0.0,0.0,0.0,0.0,0.0,0.0,0.0,0.0,0.0,1.0
10,10,0.0,0.0,0.0,0.0,0.0,0.0,0.0,0.0,0.0,0.0,1.0
10,10,0.0,0.0,0.0,0.0,0.0,0.0,0.0,0.0,0.0,0.0,1.0
10,10,0.0,0.0,0.0,0.0,0.0,0.0,0.0,0.0,0.0,0.0,1.0
10,10,0.0,0.0,0.0,0.0,0.0,0.0,0.0,0.0,0.0,0.0,1.0
10,10,0.0,0.0,0.0,0.0,0.0,0.0,0.0,0.0,0.0,0.0,1.0
10,10,0.0,0.0,0.0,0.0,0.0,0.0,0.0,0.0,0.0,0.0,1.0
10,10,0.0,0.0,0.0,0.0,0.0,0.0,0.0,0.0,0.0,0.0,1.0
10,10,0.0,0.0,0.0,0.0,0.0,0.0,0.0,0.0,0.0,0.0,1.0
10,10,0.0,0.0,0.0,0.0,0.0,0.0,0.0,0.0,0.0,0.0,1.0
10,10,0.0,0.0,0.0,0.0,0.0,0.0,0.0,0.0,0.0,0.0,1.0
10,10,0.0,0.0,0.0,0.0,0.0,0.0,0.0,0.0,0.0,0.0,1.0
10,10,0.0,0.0,0.0,0.0,0.0,0.0,0.0,0.0,0.0,0.0,1.0
10,10,0.0,0.0,0.0,0.0,0.0,0.0,0.0,0.0,0.0,0.0,1.0
10,10,0.0,0.0,0.0,0.0,0.0,0.0,0.0,0.0,0.0,0.0,1.0
10,10,0.0,0.0,0.0,0.0,0.0,0.0,0.0,0.0,0.0,0.0,1.0
10,10,0.0,0.0,0.0,0.0,0.0,0.0,0.0,0.0,0.0,0.0,1.0
10,10,0.0,0.0,0.0,0.0,0.0,0.0,0.0,0.0,0.0,0.0,1.0
10,10,0.0,0.0,0.0,0.0,0.0,0.0,0.0,0.0,0.0,0.0,1.0
10,10,0.0,0.0,0.0,0.0,0.0,0.0,0.0,0.0,0.0,0.0,1.0
10,10,0.0,0.0,0.0,0.0,0.0,0.0,0.0,0.0,0.0,0.0,1.0
10,10,0.0,0.0,0.0,0.0,0.0,0.0,0.0,0.0,0.0,0.0,1.0
10,10,0.0,0.0,0.0,0.0,0.0,0.0,0.0,0.0,0.0,0.0,1.0
10,10,0.0,0.0,0.0,0.0,0.0,0.0,0.0,0.0,0.0,0.0,1.0
10,10,0.0,0.0,0.0,0.0,0.0,0.0,0.0,0.0,0.0,0.0,1.0
10,10,0.0,0.0,0.0,0.0,0.0,0.0,0.0,0.0,0.0,0.0,1.0
10,10,0.0,0.0,0.0,0.0,0.0,0.0,0.0,0.0,0.0,0.0,1.0
10,10,0.0,0.0,0.0,0.0,0.0,0.0,0.0,0.0,0.0,0.0,1.0
10,10,0.0,0.0,0.0,0.0,0.0,0.0,0.0,0.0,0.0,0.0,1.0
10,10,0.0,0.0,0.0,0.0,0.0,0.0,0.0,0.0,0.0,0.0,1.0
10,10,0.0,0.0,0.0,0.0,0.0,0.0,0.0,0.0,0.0,0.0,1.0
10,10,0.0,0.0,0.0,0.0,0.0,0.0,0.0,0.0,0.0,0.0,1.0
10,10,0.0,0.0,0.0,0.0,0.0,0.0,0.0,0.0,0.0,0.0,1.0
10,10,0.0,0.0,0.0,0.0,0.0,0.0,0.0,0.0,0.0,0.0,1.0
10,10,0.0,0.0,0.0,0.0,0.0,0.0,0.0,0.0,0.0,0.0,1.0
10,10,0.0,0.0,0.0,0.0,0.0,0.0,0.0,0.0,0.0,0.0,1.0
10,10,0.0,0.0,0.0,0.0,0.0,0.0,0.0,0.0,0.0,0.0,1.0
10,10,0.0,0.0,0.0,0.0,0.0,0.0,0.0,0.0,0.0,0.0,1.0
10,10,0.0,0.0,0.0,0.0,0.0,0.0,0.0,0.0,0.0,0.0,1.0
10,10,0.0,0.0,0.0,0.0,0.0,0.0,0.0,0.0,0.0,0.0,1.0
10,10,0.0,0.0,0.0,0.0,0.0,0.0,0.0,0.0,0.0,0.0,1.0
10,10,0.0,0.0,0.0,0.0,0.0,0.0,0.0,0.0,0.0,0.0,1.0
10,10,0.0,0.0,0.0,0.0,0.0,0.0,0.0,0.0,0.0,0.0,1.0
10,10,0.0,0.0,0.0,0.0,0.0,0.0,0.0,0.0,0.0,0.0,1.0
10,10,0.0,0.0,0.0,0.0,0.0,0.0,0.0,0.0,0.0,0.0,1.0
10,10,0.0,0.0,0.0,0.0,0.0,0.0,0.0,0.0,0.0,0.0,1.0
10,10,0.0,0.0,0.0,0.0,0.0,0.0,0.0,0.0,0.0,0.0,1.0
10,10,0.0,0.0,0.0,0.0,0.0,0.0,0.0,0.0,0.0,0.0,1.0
10,10,0.0,0.0,0.0,0.0,0.0,0.0,0.0,0.0,0.0,0.0,1.0
10,10,0.0,0.0,0.0,0.0,0.0,0.0,0.0,0.0,0.0,0.0,1.0
10,10,0.0,0.0,0.0,0.0,0.0,0.0,0.0,0.0,0.0,0.0,1.0
10,10,0.0,0.0,0.0,0.0,0.0,0.0,0.0,0.0,0.0,0.0,1.0
10,10,0.0,0.0,0.0,0.0,0.0,0.0,0.0,0.0,0.0,0.0,1.0
10,10,0.0,0.0,0.0,0.0,0.0,0.0,0.0,0.0,0.0,0.0,1.0
10,10,0.0,0.0,0.0,0.0,0.0,0.0,0.0,0.0,0.0,0.0,1.0
10,10,0.0,0.0,0.0,0.0,0.0,0.0,0.0,0.0,0.0,0.0,1.0
10,10,0.0,0.0,0.0,0.0,0.0,0.0,0.0,0.0,0.0,0.0,1.0
10,10,0.0,0.0,0.0,0.0,0.0,0.0,0.0,0.0,0.0,0.0,1.0
10,10,0.0,0.0,0.0,0.0,0.0,0.0,0.0,0.0,0.0,0.0,1.0
10,10,0.0,0.0,0.0,0.0,0.0,0.0,0.0,0.0,0.0,0.0,1.0
10,10,0.0,0.0,0.0,0.0,0.0,0.0,0.0,0.0,0.0,0.0,1.0
10,10,0.0,0.0,0.0,0.0,0.0,0.0,0.0,0.0,0.0,0.0,1.0
10,10,0.0,0.0,0.0,0.0,0.0,0.0,0.0,0.0,0.0,0.0,1.0
10,10,0.0,0.0,0.0,0.0,0.0,0.0,0.0,0.0,0.0,0.0,1.0
10,10,0.0,0.0,0.0,0.0,0.0,0.0,0.0,0.0,0.0,0.0,1.0
10,10,0.0,0.0,0.0,0.0,0.0,0.0,0.0,0.0,0.0,0.0,1.0
10,10,0.0,0.0,0.0,0.0,0.0,0.0,0.0,0.0,0.0,0.0,1.0
10,10,0.0,0.0,0.0,0.0,0.0,0.0,0.0,0.0,0.0,0.0,1.0
10,10,0.0,0.0,0.0,0.0,0.0,0.0,0.0,0.0,0.0,0.0,1.0
10,10,0.0,0.0,0.0,0.0,0.0,0.0,0.0,0.0,0.0,0.0,1.0
10,10,0.0,0.0,0.0,0.0,0.0,0.0,0.0,0.0,0.0,0.0,1.0
10,10,0.0,0.0,0.0,0.0,0.0,0.0,0.0,0.0,0.0,0.0,1.0
10,10,0.0,0.0,0.0,0.0,0.0,0.0,0.0,0.0,0.0,0.0,1.0
10,10,0.0,0.0,0.0,0.0,0.0,0.0,0.0,0.0,0.0,0.0,1.0
10,10,0.0,0.0,0.0,0.0,0.0,0.0,0.0,0.0,0.0,0.0,1.0
10,10,0.0,0.0,0.0,0.0,0.0,0.0,0.0,0.0,0.0,0.0,1.0
10,10,0.0,0.0,0.0,0.0,0.0,0.0,0.0,0.0,0.0,0.0,1.0
10,10,0.0,0.0,0.0,0.0,0.0,0.0,0.0,0.0,0.0,0.0,1.0
10,10,0.0,0.0,0.0,0.0,0.0,0.0,0.0,0.0,0.0,0.0,1.0
10,10,0.0,0.0,0.0,0.0,0.0,0.0,0.0,0.0,0.0,0.0,1.0
10,10,0.0,0.0,0.0,0.0,0.0,0.0,0.0,0.0,0.0,0.0,1.0
10,10,0.0,0.0,0.0,0.0,0.0,0.0,0.0,0.0,0.0,0.0,1.0
10,10,0.0,0.0,0.0,0.0,0.0,0.0,0.0,0.0,0.0,0.0,1.0
10,10,0.0,0.0,0.0,0.0,0.0,0.0,0.0,0.0,0.0,0.0,1.0
10,10,0.0,0.0,0.0,0.0,0.0,0.0,0.0,0.0,0.0,0.0,1.0
10,10,0.0,0.0,0.0,0.0,0.0,0.0,0.0,0.0,0.0,0.0,1.0
10,10,0.0,0.0,0.0,0.0,0.0,0.0,0.0,0.0,0.0,0.0,1.0
10,10,0.0,0.0,0.0,0.0,0.0,0.0,0.0,0.0,0.0,0.0,1.0
10,10,0.0,0.0,0.0,0.0,0.0,0.0,0.0,0.0,0.0,0.0,1.0
10,10,0.0,0.0,0.0,0.0,0.0,0.0,0.0,0.0,0.0,0.0,1.0
10,10,0.0,0.0,0.0,0.0,0.0,0.0,0.0,0.0,0.0,0.0,1.0
10,10,0.0,0.0,0.0,0.0,0.0,0.0,0.0,0.0,0.0,0.0,1.0
10,10,0.0,0.0,0.0,0.0,0.0,0.0,0.0,0.0,0.0,0.0,1.0
10,10,0.0,0.0,0.0,0.0,0.0,0.0,0.0,0.0,0.0,0.0,1.0
10,10,0.0,0.0,0.0,0.0,0.0,0.0,0.0,0.0,0.0,0.0,1.0
10,10,0.0,0.0,0.0,0.0,0.0,0.0,0.0,0.0,0.0,0.0,1.0
10,10,0.0,0.0,0.0,0.0,0.0,0.0,0.0,0.0,0.0,0.0,1.0
10,10,0.0,0.0,0.0,0.0,0.0,0.0,0.0,0.0,0.0,0.0,1.0
10,10,0.0,0.0,0.0,0.0,0.0,0.0,0.0,0.0,0.0,0.0,1.0
10,10,0.0,0.0,0.0,0.0,0.0,0.0,0.0,0.0,0.0,0.0,1.0
10,10,0.0,0.0,0.0,0.0,0.0,0.0,0.0,0.0,0.0,0.0,1.0
10,10,0.0,0.0,0.0,0.0,0.0,0.0,0.0,0.0,0.0,0.0,1.0
10,10,0.0,0.0,0.0,0.0,0.0,0.0,0.0,0.0,0.0,0.0,1.0
10,10,0.0,0.0,0.0,0.0,0.0,0.0,0.0,0.0,0.0,0.0,1.0
10,10,0.0,0.0,0.0,0.0,0.0,0.0,0.0,0.0,0.0,0.0,1.0
10,10,0.0,0.0,0.0,0.0,0.0,0.0,0.0,0.0,0.0,0.0,1.0
10,10,0.0,0.0,0.0,0.0,0.0,0.0,0.0,0.0,0.0,0.0,1.0
10,10,0.0,0.0,0.0,0.0,0.0,0.0,0.0,0.0,0.0,0.0,1.0
10,10,0.0,0.0,0.0,0.0,0.0,0.0,0.0,0.0,0.0,0.0,1.0
10,10,0.0,0.0,0.0,0.0,0.0,0.0,0.0,0.0,0.0,0.0,1.0
10,10,0.0,0.0,0.0,0.0,0.0,0.0,0.0,0.0,0.0,0.0,1.0
10,10,0.0,0.0,0.0,0.0,0.0,0.0,0.0,0.0,0.0,0.0,1.0
10,10,0.0,0.0,0.0,0.0,0.0,0.0,0.0,0.0,0.0,0.0,1.0
10,10,0.0,0.0,0.0,0.0,0.0,0.0,0.0,0.0,0.0,0.0,1.0
10,10,0.0,0.0,0.0,0.0,0.0,0.0,0.0,0.0,0.0,0.0,1.0
10,10,0.0,0.0,0.0,0.0,0.0,0.0,0.0,0.0,0.0,0.0,1.0
10,10,0.0,0.0,0.0,0.0,0.0,0.0,0.0,0.0,0.0,0.0,1.0
10,10,0.0,0.0,0.0,0.0,0.0,0.0,0.0,0.0,0.0,0.0,1.0
10,10,0.0,0.0,0.0,0.0,0.0,0.0,0.0,0.0,0.0,0.0,1.0
10,10,0.0,0.0,0.0,0.0,0.0,0.0,0.0,0.0,0.0,0.0,1.0
10,10,0.0,0.0,0.0,0.0,0.0,0.0,0.0,0.0,0.0,0.0,1.0
10,10,0.0,0.0,0.0,0.0,0.0,0.0,0.0,0.0,0.0,0.0,1.0
10,10,0.0,0.0,0.0,0.0,0.0,0.0,0.0,0.0,0.0,0.0,1.0
10,10,0.0,0.0,0.0,0.0,0.0,0.0,0.0,0.0,0.0,0.0,1.0
10,10,0.0,0.0,0.0,0.0,0.0,0.0,0.0,0.0,0.0,0.0,1.0
10,10,0.0,0.0,0.0,0.0,0.0,0.0,0.0,0.0,0.0,0.0,1.0
10,10,0.0,0.0,0.0,0.0,0.0,0.0,0.0,0.0,0.0,0.0,1.0
10,10,0.0,0.0,0.0,0.0,0.0,0.0,0.0,0.0,0.0,0.0,1.0
10,10,0.0,0.0,0.0,0.0,0.0,0.0,0.0,0.0,0.0,0.0,1.0
10,10,0.0,0.0,0.0,0.0,0.0,0.0,0.0,0.0,0.0,0.0,1.0
10,10,0.0,0.0,0.0,0.0,0.0,0.0,0.0,0.0,0.0,0.0,1.0
10,10,0.0,0.0,0.0,0.0,0.0,0.0,0.0,0.0,0.0,0.0,1.0
10,10,0.0,0.0,0.0,0.0,0.0,0.0,0.0,0.0,0.0,0.0,1.0
10,10,0.0,0.0,0.0,0.0,0.0,0.0,0.0,0.0,0.0,0.0,1.0
10,10,0.0,0.0,0.0,0.0,0.0,0.0,0.0,0.0,0.0,0.0,1.0
10,10,0.0,0.0,0.0,0.0,0.0,0.0,0.0,0.0,0.0,0.0,1.0
10,10,0.0,0.0,0.0,0.0,0.0,0.0,0.0,0.0,0.0,0.0,1.0
10,10,0.0,0.0,0.0,0.0,0.0,0.0,0.0,0.0,0.0,0.0,1.0
10,10,0.0,0.0,0.0,0.0,0.0,0.0,0.0,0.0,0.0,0.0,1.0
10,10,0.0,0.0,0.0,0.0,0.0,0.0,0.0,0.0,0.0,0.0,1.0
10,10,0.0,0.0,0.0,0.0,0.0,0.0,0.0,0.0,0.0,0.0,1.0
10,10,0.0,0.0,0.0,0.0,0.0,0.0,0.0,0.0,0.0,0.0,1.0
10,10,0.0,0.0,0.0,0.0,0.0,0.0,0.0,0.0,0.0,0.0,1.0
10,10,0.0,0.0,0.0,0.0,0.0,0.0,0.0,0.0,0.0,0.0,1.0
10,10,0.0,0.0,0.0,0.0,0.0,0.0,0.0,0.0,0.0,0.0,1.0
10,10,0.0,0.0,0.0,0.0,0.0,0.0,0.0,0.0,0.0,0.0,1.0
10,10,0.0,0.0,0.0,0.0,0.0,0.0,0.0,0.0,0.0,0.0,1.0
10,10,0.0,0.0,0.0,0.0,0.0,0.0,0.0,0.0,0.0,0.0,1.0
10,10,0.0,0.0,0.0,0.0,0.0,0.0,0.0,0.0,0.0,0.0,1.0
10,10,0.0,0.0,0.0,0.0,0.0,0.0,0.0,0.0,0.0,0.0,1.0
10,10,0.0,0.0,0.0,0.0,0.0,0.0,0.0,0.0,0.0,0.0,1.0
10,10,0.0,0.0,0.0,0.0,0.0,0.0,0.0,0.0,0.0,0.0,1.0
10,10,0.0,0.0,0.0,0.0,0.0,0.0,0.0,0.0,0.0,0.0,1.0
10,10,0.0,0.0,0.0,0.0,0.0,0.0,0.0,0.0,0.0,0.0,1.0
10,10,0.0,0.0,0.0,0.0,0.0,0.0,0.0,0.0,0.0,0.0,1.0
10,10,0.0,0.0,0.0,0.0,0.0,0.0,0.0,0.0,0.0,0.0,1.0
10,10,0.0,0.0,0.0,0.0,0.0,0.0,0.0,0.0,0.0,0.0,1.0
10,10,0.0,0.0,0.0,0.0,0.0,0.0,0.0,0.0,0.0,0.0,1.0
10,10,0.0,0.0,0.0,0.0,0.0,0.0,0.0,0.0,0.0,0.0,1.0
10,10,0.0,0.0,0.0,0.0,0.0,0.0,0.0,0.0,0.0,0.0,1.0
10,10,0.0,0.0,0.0,0.0,0.0,0.0,0.0,0.0,0.0,0.0,1.0
10,10,0.0,0.0,0.0,0.0,0.0,0.0,0.0,0.0,0.0,0.0,1.0
10,10,0.0,0.0,0.0,0.0,0.0,0.0,0.0,0.0,0.0,0.0,1.0
10,10,0.0,0.0,0.0,0.0,0.0,0.0,0.0,0.0,0.0,0.0,1.0
10,10,0.0,0.0,0.0,0.0,0.0,0.0,0.0,0.0,0.0,0.0,1.0
10,10,0.0,0.0,0.0,0.0,0.0,0.0,0.0,0.0,0.0,0.0,1.0
10,10,0.0,0.0,0.0,0.0,0.0,0.0,0.0,0.0,0.0,0.0,1.0
10,10,0.0,0.0,0.0,0.0,0.0,0.0,0.0,0.0,0.0,0.0,1.0
10,10,0.0,0.0,0.0,0.0,0.0,0.0,0.0,0.0,0.0,0.0,1.0
10,10,0.0,0.0,0.0,0.0,0.0,0.0,0.0,0.0,0.0,0.0,1.0
10,10,0.0,0.0,0.0,0.0,0.0,0.0,0.0,0.0,0.0,0.0,1.0
10,10,0.0,0.0,0.0,0.0,0.0,0.0,0.0,0.0,0.0,0.0,1.0
10,10,0.0,0.0,0.0,0.0,0.0,0.0,0.0,0.0,0.0,0.0,1.0
10,10,0.0,0.0,0.0,0.0,0.0,0.0,0.0,0.0,0.0,0.0,1.0
10,10,0.0,0.0,0.0,0.0,0.0,0.0,0.0,0.0,0.0,0.0,1.0
10,10,0.0,0.0,0.0,0.0,0.0,0.0,0.0,0.0,0.0,0.0,1.0
10,10,0.0,0.0,0.0,0.0,0.0,0.0,0.0,0.0,0.0,0.0,1.0
10,10,0.0,0.0,0.0,0.0,0.0,0.0,0.0,0.0,0.0,0.0,1.0
10,10,0.0,0.0,0.0,0.0,0.0,0.0,0.0,0.0,0.0,0.0,1.0
10,10,0.0,0.0,0.0,0.0,0.0,0.0,0.0,0.0,0.0,0.0,1.0
10,10,0.0,0.0,0.0,0.0,0.0,0.0,0.0,0.0,0.0,0.0,1.0
10,10,0.0,0.0,0.0,0.0,0.0,0.0,0.0,0.0,0.0,0.0,1.0
10,10,0.0,0.0,0.0,0.0,0.0,0.0,0.0,0.0,0.0,0.0,1.0
10,10,0.0,0.0,0.0,0.0,0.0,0.0,0.0,0.0,0.0,0.0,1.0
10,10,0.0,0.0,0.0,0.0,0.0,0.0,0.0,0.0,0.0,0.0,1.0
10,10,0.0,0.0,0.0,0.0,0.0,0.0,0.0,0.0,0.0,0.0,1.0
10,10,0.0,0.0,0.0,0.0,0.0,0.0,0.0,0.0,0.0,0.0,1.0
10,10,0.0,0.0,0.0,0.0,0.0,0.0,0.0,0.0,0.0,0.0,1.0
10,10,0.0,0.0,0.0,0.0,0.0,0.0,0.0,0.0,0.0,0.0,1.0
10,10,0.0,0.0,0.0,0.0,0.0,0.0,0.0,0.0,0.0,0.0,1.0
10,10,0.0,0.0,0.0,0.0,0.0,0.0,0.0,0.0,0.0,0.0,1.0
10,10,0.0,0.0,0.0,0.0,0.0,0.0,0.0,0.0,0.0,0.0,1.0
10,10,0.0,0.0,0.0,0.0,0.0,0.0,0.0,0.0,0.0,0.0,1.0
10,10,0.0,0.0,0.0,0.0,0.0,0.0,0.0,0.0,0.0,0.0,1.0
10,10,0.0,0.0,0.0,0.0,0.0,0.0,0.0,0.0,0.0,0.0,1.0
10,10,0.0,0.0,0.0,0.0,0.0,0.0,0.0,0.0,0.0,0.0,1.0
10,10,0.0,0.0,0.0,0.0,0.0,0.0,0.0,0.0,0.0,0.0,1.0
10,10,0.0,0.0,0.0,0.0,0.0,0.0,0.0,0.0,0.0,0.0,1.0
10,10,0.0,0.0,0.0,0.0,0.0,0.0,0.0,0.0,0.0,0.0,1.0
10,10,0.0,0.0,0.0,0.0,0.0,0.0,0.0,0.0,0.0,0.0,1.0
10,10,0.0,0.0,0.0,0.0,0.0,0.0,0.0,0.0,0.0,0.0,1.0
10,10,0.0,0.0,0.0,0.0,0.0,0.0,0.0,0.0,0.0,0.0,1.0
10,10,0.0,0.0,0.0,0.0,0.0,0.0,0.0,0.0,0.0,0.0,1.0
10,10,0.0,0.0,0.0,0.0,0.0,0.0,0.0,0.0,0.0,0.0,1.0
10,10,0.0,0.0,0.0,0.0,0.0,0.0,0.0,0.0,0.0,0.0,1.0
10,10,0.0,0.0,0.0,0.0,0.0,0.0,0.0,0.0,0.0,0.0,1.0
10,10,0.0,0.0,0.0,0.0,0.0,0.0,0.0,0.0,0.0,0.0,1.0
10,10,0.0,0.0,0.0,0.0,0.0,0.0,0.0,0.0,0.0,0.0,1.0
10,10,0.0,0.0,0.0,0.0,0.0,0.0,0.0,0.0,0.0,0.0,1.0
10,10,0.0,0.0,0.0,0.0,0.0,0.0,0.0,0.0,0.0,0.0,1.0
10,10,0.0,0.0,0.0,0.0,0.0,0.0,0.0,0.0,0.0,0.0,1.0
10,10,0.0,0.0,0.0,0.0,0.0,0.0,0.0,0.0,0.0,0.0,1.0
10,10,0.0,0.0,0.0,0.0,0.0,0.0,0.0,0.0,0.0,0.0,1.0
10,10,0.0,0.0,0.0,0.0,0.0,0.0,0.0,0.0,0.0,0.0,1.0
10,10,0.0,0.0,0.0,0.0,0.0,0.0,0.0,0.0,0.0,0.0,1.0
10,10,0.0,0.0,0.0,0.0,0.0,0.0,0.0,0.0,0.0,0.0,1.0
10,10,0.0,0.0,0.0,0.0,0.0,0.0,0.0,0.0,0.0,0.0,1.0
10,10,0.0,0.0,0.0,0.0,0.0,0.0,0.0,0.0,0.0,0.0,1.0
10,10,0.0,0.0,0.0,0.0,0.0,0.0,0.0,0.0,0.0,0.0,1.0
10,10,0.0,0.0,0.0,0.0,0.0,0.0,0.0,0.0,0.0,0.0,1.0
10,10,0.0,0.0,0.0,0.0,0.0,0.0,0.0,0.0,0.0,0.0,1.0
10,10,0.0,0.0,0.0,0.0,0.0,0.0,0.0,0.0,0.0,0.0,1.0
10,10,0.0,0.0,0.0,0.0,0.0,0.0,0.0,0.0,0.0,0.0,1.0
10,10,0.0,0.0,0.0,0.0,0.0,0.0,0.0,0.0,0.0,0.0,1.0
10,10,0.0,0.0,0.0,0.0,0.0,0.0,0.0,0.0,0.0,0.0,1.0
10,10,0.0,0.0,0.0,0.0,0.0,0.0,0.0,0.0,0.0,0.0,1.0
10,10,0.0,0.0,0.0,0.0,0.0,0.0,0.0,0.0,0.0,0.0,1.0
10,10,0.0,0.0,0.0,0.0,0.0,0.0,0.0,0.0,0.0,0.0,1.0
10,10,0.0,0.0,0.0,0.0,0.0,0.0,0.0,0.0,0.0,0.0,1.0
10,10,0.0,0.0,0.0,0.0,0.0,0.0,0.0,0.0,0.0,0.0,1.0
10,10,0.0,0.0,0.0,0.0,0.0,0.0,0.0,0.0,0.0,0.0,1.0
10,10,0.0,0.0,0.0,0.0,0.0,0.0,0.0,0.0,0.0,0.0,1.0
10,10,0.0,0.0,0.0,0.0,0.0,0.0,0.0,0.0,0.0,0.0,1.0
10,10,0.0,0.0,0.0,0.0,0.0,0.0,0.0,0.0,0.0,0.0,1.0
10,10,0.0,0.0,0.0,0.0,0.0,0.0,0.0,0.0,0.0,0.0,1.0
10,10,0.0,0.0,0.0,0.0,0.0,0.0,0.0,0.0,0.0,0.0,1.0
10,10,0.0,0.0,0.0,0.0,0.0,0.0,0.0,0.0,0.0,0.0,1.0
10,10,0.0,0.0,0.0,0.0,0.0,0.0,0.0,0.0,0.0,0.0,1.0
10,10,0.0,0.0,0.0,0.0,0.0,0.0,0.0,0.0,0.0,0.0,1.0
10,10,0.0,0.0,0.0,0.0,0.0,0.0,0.0,0.0,0.0,0.0,1.0
10,10,0.0,0.0,0.0,0.0,0.0,0.0,0.0,0.0,0.0,0.0,1.0
10,10,0.0,0.0,0.0,0.0,0.0,0.0,0.0,0.0,0.0,0.0,1.0
10,10,0.0,0.0,0.0,0.0,0.0,0.0,0.0,0.0,0.0,0.0,1.0
10,10,0.0,0.0,0.0,0.0,0.0,0.0,0.0,0.0,0.0,0.0,1.0
10,10,0.0,0.0,0.0,0.0,0.0,0.0,0.0,0.0,0.0,0.0,1.0
10,10,0.0,0.0,0.0,0.0,0.0,0.0,0.0,0.0,0.0,0.0,1.0
10,10,0.0,0.0,0.0,0.0,0.0,0.0,0.0,0.0,0.0,0.0,1.0
10,10,0.0,0.0,0.0,0.0,0.0,0.0,0.0,0.0,0.0,0.0,1.0
10,10,0.0,0.0,0.0,0.0,0.0,0.0,0.0,0.0,0.0,0.0,1.0
10,10,0.0,0.0,0.0,0.0,0.0,0.0,0.0,0.0,0.0,0.0,1.0
10,10,0.0,0.0,0.0,0.0,0.0,0.0,0.0,0.0,0.0,0.0,1.0
10,10,0.0,0.0,0.0,0.0,0.0,0.0,0.0,0.0,0.0,0.0,1.0
10,10,0.0,0.0,0.0,0.0,0.0,0.0,0.0,0.0,0.0,0.0,1.0
10,10,0.0,0.0,0.0,0.0,0.0,0.0,0.0,0.0,0.0,0.0,1.0
10,10,0.0,0.0,0.0,0.0,0.0,0.0,0.0,0.0,0.0,0.0,1.0
10,10,0.0,0.0,0.0,0.0,0.0,0.0,0.0,0.0,0.0,0.0,1.0
10,10,0.0,0.0,0.0,0.0,0.0,0.0,0.0,0.0,0.0,0.0,1.0
10,10,0.0,0.0,0.0,0.0,0.0,0.0,0.0,0.0,0.0,0.0,1.0
10,10,0.0,0.0,0.0,0.0,0.0,0.0,0.0,0.0,0.0,0.0,1.0
10,10,0.0,0.0,0.0,0.0,0.0,0.0,0.0,0.0,0.0,0.0,1.0
10,10,0.0,0.0,0.0,0.0,0.0,0.0,0.0,0.0,0.0,0.0,1.0
10,10,0.0,0.0,0.0,0.0,0.0,0.0,0.0,0.0,0.0,0.0,1.0
10,10,0.0,0.0,0.0,0.0,0.0,0.0,0.0,0.0,0.0,0.0,1.0
10,10,0.0,0.0,0.0,0.0,0.0,0.0,0.0,0.0,0.0,0.0,1.0
10,10,0.0,0.0,0.0,0.0,0.0,0.0,0.0,0.0,0.0,0.0,1.0
10,10,0.0,0.0,0.0,0.0,0.0,0.0,0.0,0.0,0.0,0.0,1.0
10,10,0.0,0.0,0.0,0.0,0.0,0.0,0.0,0.0,0.0,0.0,1.0
10,10,0.0,0.0,0.0,0.0,0.0,0.0,0.0,0.0,0.0,0.0,1.0
10,10,0.0,0.0,0.0,0.0,0.0,0.0,0.0,0.0,0.0,0.0,1.0
10,10,0.0,0.0,0.0,0.0,0.0,0.0,0.0,0.0,0.0,0.0,1.0
10,10,0.0,0.0,0.0,0.0,0.0,0.0,0.0,0.0,0.0,0.0,1.0
10,10,0.0,0.0,0.0,0.0,0.0,0.0,0.0,0.0,0.0,0.0,1.0
10,10,0.0,0.0,0.0,0.0,0.0,0.0,0.0,0.0,0.0,0.0,1.0
10,10,0.0,0.0,0.0,0.0,0.0,0.0,0.0,0.0,0.0,0.0,1.0
10,10,0.0,0.0,0.0,0.0,0.0,0.0,0.0,0.0,0.0,0.0,1.0
10,10,0.0,0.0,0.0,0.0,0.0,0.0,0.0,0.0,0.0,0.0,1.0
10,10,0.0,0.0,0.0,0.0,0.0,0.0,0.0,0.0,0.0,0.0,1.0
10,10,0.0,0.0,0.0,0.0,0.0,0.0,0.0,0.0,0.0,0.0,1.0
10,10,0.0,0.0,0.0,0.0,0.0,0.0,0.0,0.0,0.0,0.0,1.0
10,10,0.0,0.0,0.0,0.0,0.0,0.0,0.0,0.0,0.0,0.0,1.0
10,10,0.0,0.0,0.0,0.0,0.0,0.0,0.0,0.0,0.0,0.0,1.0
10,10,0.0,0.0,0.0,0.0,0.0,0.0,0.0,0.0,0.0,0.0,1.0
10,10,0.0,0.0,0.0,0.0,0.0,0.0,0.0,0.0,0.0,0.0,1.0
10,10,0.0,0.0,0.0,0.0,0.0,0.0,0.0,0.0,0.0,0.0,1.0
10,10,0.0,0.0,0.0,0.0,0.0,0.0,0.0,0.0,0.0,0.0,1.0
10,10,0.0,0.0,0.0,0.0,0.0,0.0,0.0,0.0,0.0,0.0,1.0
10,10,0.0,0.0,0.0,0.0,0.0,0.0,0.0,0.0,0.0,0.0,1.0
10,10,0.0,0.0,0.0,0.0,0.0,0.0,0.0,0.0,0.0,0.0,1.0
10,10,0.0,0.0,0.0,0.0,0.0,0.0,0.0,0.0,0.0,0.0,1.0
10,10,0.0,0.0,0.0,0.0,0.0,0.0,0.0,0.0,0.0,0.0,1.0
10,10,0.0,0.0,0.0,0.0,0.0,0.0,0.0,0.0,0.0,0.0,1.0
10,10,0.0,0.0,0.0,0.0,0.0,0.0,0.0,0.0,0.0,0.0,1.0
10,10,0.0,0.0,0.0,0.0,0.0,0.0,0.0,0.0,0.0,0.0,1.0
10,10,0.0,0.0,0.0,0.0,0.0,0.0,0.0,0.0,0.0,0.0,1.0
10,10,0.0,0.0,0.0,0.0,0.0,0.0,0.0,0.0,0.0,0.0,1.0
10,10,0.0,0.0,0.0,0.0,0.0,0.0,0.0,0.0,0.0,0.0,1.0
10,10,0.0,0.0,0.0,0.0,0.0,0.0,0.0,0.0,0.0,0.0,1.0
10,10,0.0,0.0,0.0,0.0,0.0,0.0,0.0,0.0,0.0,0.0,1.0
10,10,0.0,0.0,0.0,0.0,0.0,0.0,0.0,0.0,0.0,0.0,1.0
10,10,0.0,0.0,0.0,0.0,0.0,0.0,0.0,0.0,0.0,0.0,1.0
10,10,0.0,0.0,0.0,0.0,0.0,0.0,0.0,0.0,0.0,0.0,1.0
10,10,0.0,0.0,0.0,0.0,0.0,0.0,0.0,0.0,0.0,0.0,1.0
10,10,0.0,0.0,0.0,0.0,0.0,0.0,0.0,0.0,0.0,0.0,1.0
10,10,0.0,0.0,0.0,0.0,0.0,0.0,0.0,0.0,0.0,0.0,1.0
10,10,0.0,0.0,0.0,0.0,0.0,0.0,0.0,0.0,0.0,0.0,1.0
10,10,0.0,0.0,0.0,0.0,0.0,0.0,0.0,0.0,0.0,0.0,1.0
10,10,0.0,0.0,0.0,0.0,0.0,0.0,0.0,0.0,0.0,0.0,1.0
10,10,0.0,0.0,0.0,0.0,0.0,0.0,0.0,0.0,0.0,0.0,1.0
10,10,0.0,0.0,0.0,0.0,0.0,0.0,0.0,0.0,0.0,0.0,1.0
10,10,0.0,0.0,0.0,0.0,0.0,0.0,0.0,0.0,0.0,0.0,1.0
10,10,0.0,0.0,0.0,0.0,0.0,0.0,0.0,0.0,0.0,0.0,1.0
10,10,0.0,0.0,0.0,0.0,0.0,0.0,0.0,0.0,0.0,0.0,1.0
10,10,0.0,0.0,0.0,0.0,0.0,0.0,0.0,0.0,0.0,0.0,1.0
10,10,0.0,0.0,0.0,0.0,0.0,0.0,0.0,0.0,0.0,0.0,1.0
10,10,0.0,0.0,0.0,0.0,0.0,0.0,0.0,0.0,0.0,0.0,1.0
10,10,0.0,0.0,0.0,0.0,0.0,0.0,0.0,0.0,0.0,0.0,1.0
10,10,0.0,0.0,0.0,0.0,0.0,0.0,0.0,0.0,0.0,0.0,1.0
10,10,0.0,0.0,0.0,0.0,0.0,0.0,0.0,0.0,0.0,0.0,1.0
10,10,0.0,0.0,0.0,0.0,0.0,0.0,0.0,0.0,0.0,0.0,1.0
10,10,0.0,0.0,0.0,0.0,0.0,0.0,0.0,0.0,0.0,0.0,1.0
10,10,0.0,0.0,0.0,0.0,0.0,0.0,0.0,0.0,0.0,0.0,1.0
10,10,0.0,0.0,0.0,0.0,0.0,0.0,0.0,0.0,0.0,0.0,1.0
10,10,0.0,0.0,0.0,0.0,0.0,0.0,0.0,0.0,0.0,0.0,1.0
10,10,0.0,0.0,0.0,0.0,0.0,0.0,0.0,0.0,0.0,0.0,1.0
10,10,0.0,0.0,0.0,0.0,0.0,0.0,0.0,0.0,0.0,0.0,1.0
10,10,0.0,0.0,0.0,0.0,0.0,0.0,0.0,0.0,0.0,0.0,1.0
10,10,0.0,0.0,0.0,0.0,0.0,0.0,0.0,0.0,0.0,0.0,1.0
10,10,0.0,0.0,0.0,0.0,0.0,0.0,0.0,0.0,0.0,0.0,1.0
10,10,0.0,0.0,0.0,0.0,0.0,0.0,0.0,0.0,0.0,0.0,1.0
10,10,0.0,0.0,0.0,0.0,0.0,0.0,0.0,0.0,0.0,0.0,1.0
10,10,0.0,0.0,0.0,0.0,0.0,0.0,0.0,0.0,0.0,0.0,1.0
10,10,0.0,0.0,0.0,0.0,0.0,0.0,0.0,0.0,0.0,0.0,1.0
10,10,0.0,0.0,0.0,0.0,0.0,0.0,0.0,0.0,0.0,0.0,1.0
10,10,0.0,0.0,0.0,0.0,0.0,0.0,0.0,0.0,0.0,0.0,1.0
10,10,0.0,0.0,0.0,0.0,0.0,0.0,0.0,0.0,0.0,0.0,1.0
10,10,0.0,0.0,0.0,0.0,0.0,0.0,0.0,0.0,0.0,0.0,1.0
10,10,0.0,0.0,0.0,0.0,0.0,0.0,0.0,0.0,0.0,0.0,1.0
10,10,0.0,0.0,0.0,0.0,0.0,0.0,0.0,0.0,0.0,0.0,1.0
10,10,0.0,0.0,0.0,0.0,0.0,0.0,0.0,0.0,0.0,0.0,1.0
10,10,0.0,0.0,0.0,0.0,0.0,0.0,0.0,0.0,0.0,0.0,1.0
10,10,0.0,0.0,0.0,0.0,0.0,0.0,0.0,0.0,0.0,0.0,1.0
10,10,0.0,0.0,0.0,0.0,0.0,0.0,0.0,0.0,0.0,0.0,1.0
10,10,0.0,0.0,0.0,0.0,0.0,0.0,0.0,0.0,0.0,0.0,1.0
10,10,0.0,0.0,0.0,0.0,0.0,0.0,0.0,0.0,0.0,0.0,1.0
10,10,0.0,0.0,0.0,0.0,0.0,0.0,0.0,0.0,0.0,0.0,1.0
10,10,0.0,0.0,0.0,0.0,0.0,0.0,0.0,0.0,0.0,0.0,1.0
10,10,0.0,0.0,0.0,0.0,0.0,0.0,0.0,0.0,0.0,0.0,1.0
10,10,0.0,0.0,0.0,0.0,0.0,0.0,0.0,0.0,0.0,0.0,1.0
10,10,0.0,0.0,0.0,0.0,0.0,0.0,0.0,0.0,0.0,0.0,1.0
10,10,0.0,0.0,0.0,0.0,0.0,0.0,0.0,0.0,0.0,0.0,1.0
10,10,0.0,0.0,0.0,0.0,0.0,0.0,0.0,0.0,0.0,0.0,1.0
10,10,0.0,0.0,0.0,0.0,0.0,0.0,0.0,0.0,0.0,0.0,1.0
10,10,0.0,0.0,0.0,0.0,0.0,0.0,0.0,0.0,0.0,0.0,1.0
10,10,0.0,0.0,0.0,0.0,0.0,0.0,0.0,0.0,0.0,0.0,1.0
10,10,0.0,0.0,0.0,0.0,0.0,0.0,0.0,0.0,0.0,0.0,1.0
10,10,0.0,0.0,0.0,0.0,0.0,0.0,0.0,0.0,0.0,0.0,1.0
10,10,0.0,0.0,0.0,0.0,0.0,0.0,0.0,0.0,0.0,0.0,1.0
10,10,0.0,0.0,0.0,0.0,0.0,0.0,0.0,0.0,0.0,0.0,1.0
10,10,0.0,0.0,0.0,0.0,0.0,0.0,0.0,0.0,0.0,0.0,1.0
10,10,0.0,0.0,0.0,0.0,0.0,0.0,0.0,0.0,0.0,0.0,1.0
10,10,0.0,0.0,0.0,0.0,0.0,0.0,0.0,0.0,0.0,0.0,1.0
10,10,0.0,0.0,0.0,0.0,0.0,0.0,0.0,0.0,0.0,0.0,1.0
10,10,0.0,0.0,0.0,0.0,0.0,0.0,0.0,0.0,0.0,0.0,1.0
10,10,0.0,0.0,0.0,0.0,0.0,0.0,0.0,0.0,0.0,0.0,1.0
10,10,0.0,0.0,0.0,0.0,0.0,0.0,0.0,0.0,0.0,0.0,1.0
10,10,0.0,0.0,0.0,0.0,0.0,0.0,0.0,0.0,0.0,0.0,1.0
10,10,0.0,0.0,0.0,0.0,0.0,0.0,0.0,0.0,0.0,0.0,1.0
10,10,0.0,0.0,0.0,0.0,0.0,0.0,0.0,0.0,0.0,0.0,1.0
10,10,0.0,0.0,0.0,0.0,0.0,0.0,0.0,0.0,0.0,0.0,1.0
10,10,0.0,0.0,0.0,0.0,0.0,0.0,0.0,0.0,0.0,0.0,1.0
10,10,0.0,0.0,0.0,0.0,0.0,0.0,0.0,0.0,0.0,0.0,1.0
10,10,0.0,0.0,0.0,0.0,0.0,0.0,0.0,0.0,0.0,0.0,1.0
10,10,0.0,0.0,0.0,0.0,0.0,0.0,0.0,0.0,0.0,0.0,1.0
10,10,0.0,0.0,0.0,0.0,0.0,0.0,0.0,0.0,0.0,0.0,1.0
10,10,0.0,0.0,0.0,0.0,0.0,0.0,0.0,0.0,0.0,0.0,1.0
10,10,0.0,0.0,0.0,0.0,0.0,0.0,0.0,0.0,0.0,0.0,1.0
10,10,0.0,0.0,0.0,0.0,0.0,0.0,0.0,0.0,0.0,0.0,1.0
10,10,0.0,0.0,0.0,0.0,0.0,0.0,0.0,0.0,0.0,0.0,1.0
10,10,0.0,0.0,0.0,0.0,0.0,0.0,0.0,0.0,0.0,0.0,1.0
10,10,0.0,0.0,0.0,0.0,0.0,0.0,0.0,0.0,0.0,0.0,1.0
10,10,0.0,0.0,0.0,0.0,0.0,0.0,0.0,0.0,0.0,0.0,1.0
10,10,0.0,0.0,0.0,0.0,0.0,0.0,0.0,0.0,0.0,0.0,1.0
10,10,0.0,0.0,0.0,0.0,0.0,0.0,0.0,0.0,0.0,0.0,1.0
10,10,0.0,0.0,0.0,0.0,0.0,0.0,0.0,0.0,0.0,0.0,1.0
10,10,0.0,0.0,0.0,0.0,0.0,0.0,0.0,0.0,0.0,0.0,1.0
10,10,0.0,0.0,0.0,0.0,0.0,0.0,0.0,0.0,0.0,0.0,1.0
10,10,0.0,0.0,0.0,0.0,0.0,0.0,0.0,0.0,0.0,0.0,1.0
10,10,0.0,0.0,0.0,0.0,0.0,0.0,0.0,0.0,0.0,0.0,1.0
10,10,0.0,0.0,0.0,0.0,0.0,0.0,0.0,0.0,0.0,0.0,1.0
10,10,0.0,0.0,0.0,0.0,0.0,0.0,0.0,0.0,0.0,0.0,1.0
10,10,0.0,0.0,0.0,0.0,0.0,0.0,0.0,0.0,0.0,0.0,1.0
10,10,0.0,0.0,0.0,0.0,0.0,0.0,0.0,0.0,0.0,0.0,1.0
10,10,0.0,0.0,0.0,0.0,0.0,0.0,0.0,0.0,0.0,0.0,1.0
10,10,0.0,0.0,0.0,0.0,0.0,0.0,0.0,0.0,0.0,0.0,1.0
10,10,0.0,0.0,0.0,0.0,0.0,0.0,0.0,0.0,0.0,0.0,1.0
10,10,0.0,0.0,0.0,0.0,0.0,0.0,0.0,0.0,0.0,0.0,1.0
10,10,0.0,0.0,0.0,0.0,0.0,0.0,0.0,0.0,0.0,0.0,1.0
10,10,0.0,0.0,0.0,0.0,0.0,0.0,0.0,0.0,0.0,0.0,1.0
10,10,0.0,0.0,0.0,0.0,0.0,0.0,0.0,0.0,0.0,0.0,1.0
10,10,0.0,0.0,0.0,0.0,0.0,0.0,0.0,0.0,0.0,0.0,1.0
10,10,0.0,0.0,0.0,0.0,0.0,0.0,0.0,0.0,0.0,0.0,1.0
10,10,0.0,0.0,0.0,0.0,0.0,0.0,0.0,0.0,0.0,0.0,1.0
10,10,0.0,0.0,0.0,0.0,0.0,0.0,0.0,0.0,0.0,0.0,1.0
10,10,0.0,0.0,0.0,0.0,0.0,0.0,0.0,0.0,0.0,0.0,1.0
10,10,0.0,0.0,0.0,0.0,0.0,0.0,0.0,0.0,0.0,0.0,1.0
10,10,0.0,0.0,0.0,0.0,0.0,0.0,0.0,0.0,0.0,0.0,1.0
10,10,0.0,0.0,0.0,0.0,0.0,0.0,0.0,0.0,0.0,0.0,1.0
10,10,0.0,0.0,0.0,0.0,0.0,0.0,0.0,0.0,0.0,0.0,1.0
10,10,0.0,0.0,0.0,0.0,0.0,0.0,0.0,0.0,0.0,0.0,1.0
10,10,0.0,0.0,0.0,0.0,0.0,0.0,0.0,0.0,0.0,0.0,1.0
10,10,0.0,0.0,0.0,0.0,0.0,0.0,0.0,0.0,0.0,0.0,1.0
10,10,0.0,0.0,0.0,0.0,0.0,0.0,0.0,0.0,0.0,0.0,1.0
10,10,0.0,0.0,0.0,0.0,0.0,0.0,0.0,0.0,0.0,0.0,1.0
10,10,0.0,0.0,0.0,0.0,0.0,0.0,0.0,0.0,0.0,0.0,1.0
10,10,0.0,0.0,0.0,0.0,0.0,0.0,0.0,0.0,0.0,0.0,1.0
10,10,0.0,0.0,0.0,0.0,0.0,0.0,0.0,0.0,0.0,0.0,1.0
10,10,0.0,0.0,0.0,0.0,0.0,0.0,0.0,0.0,0.0,0.0,1.0
10,10,0.0,0.0,0.0,0.0,0.0,0.0,0.0,0.0,0.0,0.0,1.0
10,10,0.0,0.0,0.0,0.0,0.0,0.0,0.0,0.0,0.0,0.0,1.0
10,10,0.0,0.0,0.0,0.0,0.0,0.0,0.0,0.0,0.0,0.0,1.0
10,10,0.0,0.0,0.0,0.0,0.0,0.0,0.0,0.0,0.0,0.0,1.0
10,10,0.0,0.0,0.0,0.0,0.0,0.0,0.0,0.0,0.0,0.0,1.0
10,10,0.0,0.0,0.0,0.0,0.0,0.0,0.0,0.0,0.0,0.0,1.0
10,10,0.0,0.0,0.0,0.0,0.0,0.0,0.0,0.0,0.0,0.0,1.0
10,10,0.0,0.0,0.0,0.0,0.0,0.0,0.0,0.0,0.0,0.0,1.0
10,10,0.0,0.0,0.0,0.0,0.0,0.0,0.0,0.0,0.0,0.0,1.0
10,10,0.0,0.0,0.0,0.0,0.0,0.0,0.0,0.0,0.0,0.0,1.0
10,10,0.0,0.0,0.0,0.0,0.0,0.0,0.0,0.0,0.0,0.0,1.0
10,10,0.0,0.0,0.0,0.0,0.0,0.0,0.0,0.0,0.0,0.0,1.0
10,10,0.0,0.0,0.0,0.0,0.0,0.0,0.0,0.0,0.0,0.0,1.0
10,10,0.0,0.0,0.0,0.0,0.0,0.0,0.0,0.0,0.0,0.0,1.0
10,10,0.0,0.0,0.0,0.0,0.0,0.0,0.0,0.0,0.0,0.0,1.0
10,10,0.0,0.0,0.0,0.0,0.0,0.0,0.0,0.0,0.0,0.0,1.0
10,10,0.0,0.0,0.0,0.0,0.0,0.0,0.0,0.0,0.0,0.0,1.0
10,10,0.0,0.0,0.0,0.0,0.0,0.0,0.0,0.0,0.0,0.0,1.0
10,10,0.0,0.0,0.0,0.0,0.0,0.0,0.0,0.0,0.0,0.0,1.0
10,10,0.0,0.0,0.0,0.0,0.0,0.0,0.0,0.0,0.0,0.0,1.0
10,10,0.0,0.0,0.0,0.0,0.0,0.0,0.0,0.0,0.0,0.0,1.0
10,10,0.0,0.0,0.0,0.0,0.0,0.0,0.0,0.0,0.0,0.0,1.0
10,10,0.0,0.0,0.0,0.0,0.0,0.0,0.0,0.0,0.0,0.0,1.0
10,10,0.0,0.0,0.0,0.0,0.0,0.0,0.0,0.0,0.0,0.0,1.0
10,10,0.0,0.0,0.0,0.0,0.0,0.0,0.0,0.0,0.0,0.0,1.0
10,10,0.0,0.0,0.0,0.0,0.0,0.0,0.0,0.0,0.0,0.0,1.0
10,10,0.0,0.0,0.0,0.0,0.0,0.0,0.0,0.0,0.0,0.0,1.0
10,10,0.0,0.0,0.0,0.0,0.0,0.0,0.0,0.0,0.0,0.0,1.0
10,10,0.0,0.0,0.0,0.0,0.0,0.0,0.0,0.0,0.0,0.0,1.0
10,10,0.0,0.0,0.0,0.0,0.0,0.0,0.0,0.0,0.0,0.0,1.0
10,10,0.0,0.0,0.0,0.0,0.0,0.0,0.0,0.0,0.0,0.0,1.0
10,10,0.0,0.0,0.0,0.0,0.0,0.0,0.0,0.0,0.0,0.0,1.0
10,10,0.0,0.0,0.0,0.0,0.0,0.0,0.0,0.0,0.0,0.0,1.0
10,10,0.0,0.0,0.0,0.0,0.0,0.0,0.0,0.0,0.0,0.0,1.0
10,10,0.0,0.0,0.0,0.0,0.0,0.0,0.0,0.0,0.0,0.0,1.0
10,10,0.0,0.0,0.0,0.0,0.0,0.0,0.0,0.0,0.0,0.0,1.0
10,10,0.0,0.0,0.0,0.0,0.0,0.0,0.0,0.0,0.0,0.0,1.0
10,10,0.0,0.0,0.0,0.0,0.0,0.0,0.0,0.0,0.0,0.0,1.0
10,10,0.0,0.0,0.0,0.0,0.0,0.0,0.0,0.0,0.0,0.0,1.0
10,10,0.0,0.0,0.0,0.0,0.0,0.0,0.0,0.0,0.0,0.0,1.0
10,10,0.0,0.0,0.0,0.0,0.0,0.0,0.0,0.0,0.0,0.0,1.0
10,10,0.0,0.0,0.0,0.0,0.0,0.0,0.0,0.0,0.0,0.0,1.0
10,10,0.0,0.0,0.0,0.0,0.0,0.0,0.0,0.0,0.0,0.0,1.0
10,10,0.0,0.0,0.0,0.0,0.0,0.0,0.0,0.0,0.0,0.0,1.0
10,10,0.0,0.0,0.0,0.0,0.0,0.0,0.0,0.0,0.0,0.0,1.0
10,10,0.0,0.0,0.0,0.0,0.0,0.0,0.0,0.0,0.0,0.0,1.0
10,10,0.0,0.0,0.0,0.0,0.0,0.0,0.0,0.0,0.0,0.0,1.0
10,10,0.0,0.0,0.0,0.0,0.0,0.0,0.0,0.0,0.0,0.0,1.0
10,10,0.0,0.0,0.0,0.0,0.0,0.0,0.0,0.0,0.0,0.0,1.0
10,10,0.0,0.0,0.0,0.0,0.0,0.0,0.0,0.0,0.0,0.0,1.0
10,10,0.0,0.0,0.0,0.0,0.0,0.0,0.0,0.0,0.0,0.0,1.0
10,10,0.0,0.0,0.0,0.0,0.0,0.0,0.0,0.0,0.0,0.0,1.0
10,10,0.0,0.0,0.0,0.0,0.0,0.0,0.0,0.0,0.0,0.0,1.0
10,10,0.0,0.0,0.0,0.0,0.0,0.0,0.0,0.0,0.0,0.0,1.0
10,10,0.0,0.0,0.0,0.0,0.0,0.0,0.0,0.0,0.0,0.0,1.0
10,10,0.0,0.0,0.0,0.0,0.0,0.0,0.0,0.0,0.0,0.0,1.0
10,10,0.0,0.0,0.0,0.0,0.0,0.0,0.0,0.0,0.0,0.0,1.0
10,10,0.0,0.0,0.0,0.0,0.0,0.0,0.0,0.0,0.0,0.0,1.0
10,10,0.0,0.0,0.0,0.0,0.0,0.0,0.0,0.0,0.0,0.0,1.0
10,10,0.0,0.0,0.0,0.0,0.0,0.0,0.0,0.0,0.0,0.0,1.0
10,10,0.0,0.0,0.0,0.0,0.0,0.0,0.0,0.0,0.0,0.0,1.0
10,10,0.0,0.0,0.0,0.0,0.0,0.0,0.0,0.0,0.0,0.0,1.0
10,10,0.0,0.0,0.0,0.0,0.0,0.0,0.0,0.0,0.0,0.0,1.0
10,10,0.0,0.0,0.0,0.0,0.0,0.0,0.0,0.0,0.0,0.0,1.0
10,10,0.0,0.0,0.0,0.0,0.0,0.0,0.0,0.0,0.0,0.0,1.0
10,10,0.0,0.0,0.0,0.0,0.0,0.0,0.0,0.0,0.0,0.0,1.0
10,10,0.0,0.0,0.0,0.0,0.0,0.0,0.0,0.0,0.0,0.0,1.0
10,10,0.0,0.0,0.0,0.0,0.0,0.0,0.0,0.0,0.0,0.0,1.0
10,10,0.0,0.0,0.0,0.0,0.0,0.0,0.0,0.0,0.0,0.0,1.0
10,10,0.0,0.0,0.0,0.0,0.0,0.0,0.0,0.0,0.0,0.0,1.0
10,10,0.0,0.0,0.0,0.0,0.0,0.0,0.0,0.0,0.0,0.0,1.0
10,10,0.0,0.0,0.0,0.0,0.0,0.0,0.0,0.0,0.0,0.0,1.0
10,10,0.0,0.0,0.0,0.0,0.0,0.0,0.0,0.0,0.0,0.0,1.0
10,10,0.0,0.0,0.0,0.0,0.0,0.0,0.0,0.0,0.0,0.0,1.0
10,10,0.0,0.0,0.0,0.0,0.0,0.0,0.0,0.0,0.0,0.0,1.0
10,10,0.0,0.0,0.0,0.0,0.0,0.0,0.0,0.0,0.0,0.0,1.0
10,10,0.0,0.0,0.0,0.0,0.0,0.0,0.0,0.0,0.0,0.0,1.0
10,10,0.0,0.0,0.0,0.0,0.0,0.0,0.0,0.0,0.0,0.0,1.0
10,10,0.0,0.0,0.0,0.0,0.0,0.0,0.0,0.0,0.0,0.0,1.0
10,10,0.0,0.0,0.0,0.0,0.0,0.0,0.0,0.0,0.0,0.0,1.0
10,10,0.0,0.0,0.0,0.0,0.0,0.0,0.0,0.0,0.0,0.0,1.0
10,10,0.0,0.0,0.0,0.0,0.0,0.0,0.0,0.0,0.0,0.0,1.0
10,10,0.0,0.0,0.0,0.0,0.0,0.0,0.0,0.0,0.0,0.0,1.0
10,10,0.0,0.0,0.0,0.0,0.0,0.0,0.0,0.0,0.0,0.0,1.0
10,10,0.0,0.0,0.0,0.0,0.0,0.0,0.0,0.0,0.0,0.0,1.0
10,10,0.0,0.0,0.0,0.0,0.0,0.0,0.0,0.0,0.0,0.0,1.0
10,10,0.0,0.0,0.0,0.0,0.0,0.0,0.0,0.0,0.0,0.0,1.0
10,10,0.0,0.0,0.0,0.0,0.0,0.0,0.0,0.0,0.0,0.0,1.0
10,10,0.0,0.0,0.0,0.0,0.0,0.0,0.0,0.0,0.0,0.0,1.0
10,10,0.0,0.0,0.0,0.0,0.0,0.0,0.0,0.0,0.0,0.0,1.0
10,10,0.0,0.0,0.0,0.0,0.0,0.0,0.0,0.0,0.0,0.0,1.0
10,10,0.0,0.0,0.0,0.0,0.0,0.0,0.0,0.0,0.0,0.0,1.0
10,10,0.0,0.0,0.0,0.0,0.0,0.0,0.0,0.0,0.0,0.0,1.0
10,10,0.0,0.0,0.0,0.0,0.0,0.0,0.0,0.0,0.0,0.0,1.0
10,10,0.0,0.0,0.0,0.0,0.0,0.0,0.0,0.0,0.0,0.0,1.0
10,10,0.0,0.0,0.0,0.0,0.0,0.0,0.0,0.0,0.0,0.0,1.0
10,10,0.0,0.0,0.0,0.0,0.0,0.0,0.0,0.0,0.0,0.0,1.0
10,10,0.0,0.0,0.0,0.0,0.0,0.0,0.0,0.0,0.0,0.0,1.0
10,10,0.0,0.0,0.0,0.0,0.0,0.0,0.0,0.0,0.0,0.0,1.0
10,10,0.0,0.0,0.0,0.0,0.0,0.0,0.0,0.0,0.0,0.0,1.0
10,10,0.0,0.0,0.0,0.0,0.0,0.0,0.0,0.0,0.0,0.0,1.0
10,10,0.0,0.0,0.0,0.0,0.0,0.0,0.0,0.0,0.0,0.0,1.0
10,10,0.0,0.0,0.0,0.0,0.0,0.0,0.0,0.0,0.0,0.0,1.0
10,10,0.0,0.0,0.0,0.0,0.0,0.0,0.0,0.0,0.0,0.0,1.0
10,10,0.0,0.0,0.0,0.0,0.0,0.0,0.0,0.0,0.0,0.0,1.0
10,10,0.0,0.0,0.0,0.0,0.0,0.0,0.0,0.0,0.0,0.0,1.0
10,10,0.0,0.0,0.0,0.0,0.0,0.0,0.0,0.0,0.0,0.0,1.0
10,10,0.0,0.0,0.0,0.0,0.0,0.0,0.0,0.0,0.0,0.0,1.0
10,10,0.0,0.0,0.0,0.0,0.0,0.0,0.0,0.0,0.0,0.0,1.0
10,10,0.0,0.0,0.0,0.0,0.0,0.0,0.0,0.0,0.0,0.0,1.0
10,10,0.0,0.0,0.0,0.0,0.0,0.0,0.0,0.0,0.0,0.0,1.0
10,10,0.0,0.0,0.0,0.0,0.0,0.0,0.0,0.0,0.0,0.0,1.0
10,10,0.0,0.0,0.0,0.0,0.0,0.0,0.0,0.0,0.0,0.0,1.0
10,10,0.0,0.0,0.0,0.0,0.0,0.0,0.0,0.0,0.0,0.0,1.0
10,10,0.0,0.0,0.0,0.0,0.0,0.0,0.0,0.0,0.0,0.0,1.0
10,10,0.0,0.0,0.0,0.0,0.0,0.0,0.0,0.0,0.0,0.0,1.0
10,10,0.0,0.0,0.0,0.0,0.0,0.0,0.0,0.0,0.0,0.0,1.0
10,10,0.0,0.0,0.0,0.0,0.0,0.0,0.0,0.0,0.0,0.0,1.0
10,10,0.0,0.0,0.0,0.0,0.0,0.0,0.0,0.0,0.0,0.0,1.0
10,10,0.0,0.0,0.0,0.0,0.0,0.0,0.0,0.0,0.0,0.0,1.0
10,10,0.0,0.0,0.0,0.0,0.0,0.0,0.0,0.0,0.0,0.0,1.0
10,10,0.0,0.0,0.0,0.0,0.0,0.0,0.0,0.0,0.0,0.0,1.0
10,10,0.0,0.0,0.0,0.0,0.0,0.0,0.0,0.0,0.0,0.0,1.0
10,10,0.0,0.0,0.0,0.0,0.0,0.0,0.0,0.0,0.0,0.0,1.0
10,10,0.0,0.0,0.0,0.0,0.0,0.0,0.0,0.0,0.0,0.0,1.0
10,10,0.0,0.0,0.0,0.0,0.0,0.0,0.0,0.0,0.0,0.0,1.0
10,10,0.0,0.0,0.0,0.0,0.0,0.0,0.0,0.0,0.0,0.0,1.0
10,10,0.0,0.0,0.0,0.0,0.0,0.0,0.0,0.0,0.0,0.0,1.0
10,10,0.0,0.0,0.0,0.0,0.0,0.0,0.0,0.0,0.0,0.0,1.0
10,10,0.0,0.0,0.0,0.0,0.0,0.0,0.0,0.0,0.0,0.0,1.0
10,10,0.0,0.0,0.0,0.0,0.0,0.0,0.0,0.0,0.0,0.0,1.0
10,10,0.0,0.0,0.0,0.0,0.0,0.0,0.0,0.0,0.0,0.0,1.0
10,10,0.0,0.0,0.0,0.0,0.0,0.0,0.0,0.0,0.0,0.0,1.0
10,10,0.0,0.0,0.0,0.0,0.0,0.0,0.0,0.0,0.0,0.0,1.0
10,10,0.0,0.0,0.0,0.0,0.0,0.0,0.0,0.0,0.0,0.0,1.0
10,10,0.0,0.0,0.0,0.0,0.0,0.0,0.0,0.0,0.0,0.0,1.0
10,10,0.0,0.0,0.0,0.0,0.0,0.0,0.0,0.0,0.0,0.0,1.0
10,10,0.0,0.0,0.0,0.0,0.0,0.0,0.0,0.0,0.0,0.0,1.0
10,10,0.0,0.0,0.0,0.0,0.0,0.0,0.0,0.0,0.0,0.0,1.0
10,10,0.0,0.0,0.0,0.0,0.0,0.0,0.0,0.0,0.0,0.0,1.0
10,10,0.0,0.0,0.0,0.0,0.0,0.0,0.0,0.0,0.0,0.0,1.0
10,10,0.0,0.0,0.0,0.0,0.0,0.0,0.0,0.0,0.0,0.0,1.0
10,10,0.0,0.0,0.0,0.0,0.0,0.0,0.0,0.0,0.0,0.0,1.0
10,10,0.0,0.0,0.0,0.0,0.0,0.0,0.0,0.0,0.0,0.0,1.0
10,10,0.0,0.0,0.0,0.0,0.0,0.0,0.0,0.0,0.0,0.0,1.0
10,10,0.0,0.0,0.0,0.0,0.0,0.0,0.0,0.0,0.0,0.0,1.0
10,10,0.0,0.0,0.0,0.0,0.0,0.0,0.0,0.0,0.0,0.0,1.0
10,10,0.0,0.0,0.0,0.0,0.0,0.0,0.0,0.0,0.0,0.0,1.0
10,10,0.0,0.0,0.0,0.0,0.0,0.0,0.0,0.0,0.0,0.0,1.0
10,10,0.0,0.0,0.0,0.0,0.0,0.0,0.0,0.0,0.0,0.0,1.0
10,10,0.0,0.0,0.0,0.0,0.0,0.0,0.0,0.0,0.0,0.0,1.0
10,10,0.0,0.0,0.0,0.0,0.0,0.0,0.0,0.0,0.0,0.0,1.0
10,10,0.0,0.0,0.0,0.0,0.0,0.0,0.0,0.0,0.0,0.0,1.0
10,10,0.0,0.0,0.0,0.0,0.0,0.0,0.0,0.0,0.0,0.0,1.0
10,10,0.0,0.0,0.0,0.0,0.0,0.0,0.0,0.0,0.0,0.0,1.0
10,10,0.0,0.0,0.0,0.0,0.0,0.0,0.0,0.0,0.0,0.0,1.0
10,10,0.0,0.0,0.0,0.0,0.0,0.0,0.0,0.0,0.0,0.0,1.0
10,10,0.0,0.0,0.0,0.0,0.0,0.0,0.0,0.0,0.0,0.0,1.0
10,10,0.0,0.0,0.0,0.0,0.0,0.0,0.0,0.0,0.0,0.0,1.0
10,10,0.0,0.0,0.0,0.0,0.0,0.0,0.0,0.0,0.0,0.0,1.0
10,10,0.0,0.0,0.0,0.0,0.0,0.0,0.0,0.0,0.0,0.0,1.0
10,10,0.0,0.0,0.0,0.0,0.0,0.0,0.0,0.0,0.0,0.0,1.0
10,10,0.0,0.0,0.0,0.0,0.0,0.0,0.0,0.0,0.0,0.0,1.0
10,10,0.0,0.0,0.0,0.0,0.0,0.0,0.0,0.0,0.0,0.0,1.0
10,10,0.0,0.0,0.0,0.0,0.0,0.0,0.0,0.0,0.0,0.0,1.0
10,10,0.0,0.0,0.0,0.0,0.0,0.0,0.0,0.0,0.0,0.0,1.0
10,10,0.0,0.0,0.0,0.0,0.0,0.0,0.0,0.0,0.0,0.0,1.0
10,10,0.0,0.0,0.0,0.0,0.0,0.0,0.0,0.0,0.0,0.0,1.0
10,10,0.0,0.0,0.0,0.0,0.0,0.0,0.0,0.0,0.0,0.0,1.0
10,10,0.0,0.0,0.0,0.0,0.0,0.0,0.0,0.0,0.0,0.0,1.0
10,10,0.0,0.0,0.0,0.0,0.0,0.0,0.0,0.0,0.0,0.0,1.0
10,10,0.0,0.0,0.0,0.0,0.0,0.0,0.0,0.0,0.0,0.0,1.0
10,10,0.0,0.0,0.0,0.0,0.0,0.0,0.0,0.0,0.0,0.0,1.0
10,10,0.0,0.0,0.0,0.0,0.0,0.0,0.0,0.0,0.0,0.0,1.0
10,10,0.0,0.0,0.0,0.0,0.0,0.0,0.0,0.0,0.0,0.0,1.0
10,10,0.0,0.0,0.0,0.0,0.0,0.0,0.0,0.0,0.0,0.0,1.0
10,10,0.0,0.0,0.0,0.0,0.0,0.0,0.0,0.0,0.0,0.0,1.0
10,10,0.0,0.0,0.0,0.0,0.0,0.0,0.0,0.0,0.0,0.0,1.0
10,10,0.0,0.0,0.0,0.0,0.0,0.0,0.0,0.0,0.0,0.0,1.0
10,10,0.0,0.0,0.0,0.0,0.0,0.0,0.0,0.0,0.0,0.0,1.0
10,10,0.0,0.0,0.0,0.0,0.0,0.0,0.0,0.0,0.0,0.0,1.0
10,10,0.0,0.0,0.0,0.0,0.0,0.0,0.0,0.0,0.0,0.0,1.0
10,10,0.0,0.0,0.0,0.0,0.0,0.0,0.0,0.0,0.0,0.0,1.0
10,10,0.0,0.0,0.0,0.0,0.0,0.0,0.0,0.0,0.0,0.0,1.0
10,10,0.0,0.0,0.0,0.0,0.0,0.0,0.0,0.0,0.0,0.0,1.0
10,10,0.0,0.0,0.0,0.0,0.0,0.0,0.0,0.0,0.0,0.0,1.0
10,10,0.0,0.0,0.0,0.0,0.0,0.0,0.0,0.0,0.0,0.0,1.0
10,10,0.0,0.0,0.0,0.0,0.0,0.0,0.0,0.0,0.0,0.0,1.0
10,10,0.0,0.0,0.0,0.0,0.0,0.0,0.0,0.0,0.0,0.0,1.0
10,10,0.0,0.0,0.0,0.0,0.0,0.0,0.0,0.0,0.0,0.0,1.0
10,10,0.0,0.0,0.0,0.0,0.0,0.0,0.0,0.0,0.0,0.0,1.0
10,10,0.0,0.0,0.0,0.0,0.0,0.0,0.0,0.0,0.0,0.0,1.0
10,10,0.0,0.0,0.0,0.0,0.0,0.0,0.0,0.0,0.0,0.0,1.0
10,10,0.0,0.0,0.0,0.0,0.0,0.0,0.0,0.0,0.0,0.0,1.0
10,10,0.0,0.0,0.0,0.0,0.0,0.0,0.0,0.0,0.0,0.0,1.0
10,10,0.0,0.0,0.0,0.0,0.0,0.0,0.0,0.0,0.0,0.0,1.0
10,10,0.0,0.0,0.0,0.0,0.0,0.0,0.0,0.0,0.0,0.0,1.0
10,10,0.0,0.0,0.0,0.0,0.0,0.0,0.0,0.0,0.0,0.0,1.0
10,10,0.0,0.0,0.0,0.0,0.0,0.0,0.0,0.0,0.0,0.0,1.0
10,10,0.0,0.0,0.0,0.0,0.0,0.0,0.0,0.0,0.0,0.0,1.0
10,10,0.0,0.0,0.0,0.0,0.0,0.0,0.0,0.0,0.0,0.0,1.0
10,10,0.0,0.0,0.0,0.0,0.0,0.0,0.0,0.0,0.0,0.0,1.0
10,10,0.0,0.0,0.0,0.0,0.0,0.0,0.0,0.0,0.0,0.0,1.0
10,10,0.0,0.0,0.0,0.0,0.0,0.0,0.0,0.0,0.0,0.0,1.0
10,10,0.0,0.0,0.0,0.0,0.0,0.0,0.0,0.0,0.0,0.0,1.0
10,10,0.0,0.0,0.0,0.0,0.0,0.0,0.0,0.0,0.0,0.0,1.0
10,10,0.0,0.0,0.0,0.0,0.0,0.0,0.0,0.0,0.0,0.0,1.0
10,10,0.0,0.0,0.0,0.0,0.0,0.0,0.0,0.0,0.0,0.0,1.0
10,10,0.0,0.0,0.0,0.0,0.0,0.0,0.0,0.0,0.0,0.0,1.0
10,10,0.0,0.0,0.0,0.0,0.0,0.0,0.0,0.0,0.0,0.0,1.0
10,10,0.0,0.0,0.0,0.0,0.0,0.0,0.0,0.0,0.0,0.0,1.0
10,10,0.0,0.0,0.0,0.0,0.0,0.0,0.0,0.0,0.0,0.0,1.0
10,10,0.0,0.0,0.0,0.0,0.0,0.0,0.0,0.0,0.0,0.0,1.0
10,10,0.0,0.0,0.0,0.0,0.0,0.0,0.0,0.0,0.0,0.0,1.0
10,10,0.0,0.0,0.0,0.0,0.0,0.0,0.0,0.0,0.0,0.0,1.0
10,10,0.0,0.0,0.0,0.0,0.0,0.0,0.0,0.0,0.0,0.0,1.0
10,10,0.0,0.0,0.0,0.0,0.0,0.0,0.0,0.0,0.0,0.0,1.0
10,10,0.0,0.0,0.0,0.0,0.0,0.0,0.0,0.0,0.0,0.0,1.0
10,10,0.0,0.0,0.0,0.0,0.0,0.0,0.0,0.0,0.0,0.0,1.0
10,10,0.0,0.0,0.0,0.0,0.0,0.0,0.0,0.0,0.0,0.0,1.0
10,10,0.0,0.0,0.0,0.0,0.0,0.0,0.0,0.0,0.0,0.0,1.0
10,10,0.0,0.0,0.0,0.0,0.0,0.0,0.0,0.0,0.0,0.0,1.0
10,10,0.0,0.0,0.0,0.0,0.0,0.0,0.0,0.0,0.0,0.0,1.0
10,10,0.0,0.0,0.0,0.0,0.0,0.0,0.0,0.0,0.0,0.0,1.0
10,10,0.0,0.0,0.0,0.0,0.0,0.0,0.0,0.0,0.0,0.0,1.0
10,10,0.0,0.0,0.0,0.0,0.0,0.0,0.0,0.0,0.0,0.0,1.0
10,10,0.0,0.0,0.0,0.0,0.0,0.0,0.0,0.0,0.0,0.0,1.0
10,10,0.0,0.0,0.0,0.0,0.0,0.0,0.0,0.0,0.0,0.0,1.0
10,10,0.0,0.0,0.0,0.0,0.0,0.0,0.0,0.0,0.0,0.0,1.0
10,10,0.0,0.0,0.0,0.0,0.0,0.0,0.0,0.0,0.0,0.0,1.0
10,10,0.0,0.0,0.0,0.0,0.0,0.0,0.0,0.0,0.0,0.0,1.0
10,10,0.0,0.0,0.0,0.0,0.0,0.0,0.0,0.0,0.0,0.0,1.0
10,10,0.0,0.0,0.0,0.0,0.0,0.0,0.0,0.0,0.0,0.0,1.0
10,10,0.0,0.0,0.0,0.0,0.0,0.0,0.0,0.0,0.0,0.0,1.0
10,10,0.0,0.0,0.0,0.0,0.0,0.0,0.0,0.0,0.0,0.0,1.0
10,10,0.0,0.0,0.0,0.0,0.0,0.0,0.0,0.0,0.0,0.0,1.0
10,10,0.0,0.0,0.0,0.0,0.0,0.0,0.0,0.0,0.0,0.0,1.0
10,10,0.0,0.0,0.0,0.0,0.0,0.0,0.0,0.0,0.0,0.0,1.0
10,10,0.0,0.0,0.0,0.0,0.0,0.0,0.0,0.0,0.0,0.0,1.0
10,10,0.0,0.0,0.0,0.0,0.0,0.0,0.0,0.0,0.0,0.0,1.0
10,10,0.0,0.0,0.0,0.0,0.0,0.0,0.0,0.0,0.0,0.0,1.0
10,10,0.0,0.0,0.0,0.0,0.0,0.0,0.0,0.0,0.0,0.0,1.0
10,10,0.0,0.0,0.0,0.0,0.0,0.0,0.0,0.0,0.0,0.0,1.0
10,10,0.0,0.0,0.0,0.0,0.0,0.0,0.0,0.0,0.0,0.0,1.0
10,10,0.0,0.0,0.0,0.0,0.0,0.0,0.0,0.0,0.0,0.0,1.0
10,10,0.0,0.0,0.0,0.0,0.0,0.0,0.0,0.0,0.0,0.0,1.0
10,10,0.0,0.0,0.0,0.0,0.0,0.0,0.0,0.0,0.0,0.0,1.0
10,10,0.0,0.0,0.0,0.0,0.0,0.0,0.0,0.0,0.0,0.0,1.0
10,10,0.0,0.0,0.0,0.0,0.0,0.0,0.0,0.0,0.0,0.0,1.0
10,10,0.0,0.0,0.0,0.0,0.0,0.0,0.0,0.0,0.0,0.0,1.0
10,10,0.0,0.0,0.0,0.0,0.0,0.0,0.0,0.0,0.0,0.0,1.0
10,10,0.0,0.0,0.0,0.0,0.0,0.0,0.0,0.0,0.0,0.0,1.0
10,10,0.0,0.0,0.0,0.0,0.0,0.0,0.0,0.0,0.0,0.0,1.0
10,10,0.0,0.0,0.0,0.0,0.0,0.0,0.0,0.0,0.0,0.0,1.0
10,10,0.0,0.0,0.0,0.0,0.0,0.0,0.0,0.0,0.0,0.0,1.0
10,10,0.0,0.0,0.0,0.0,0.0,0.0,0.0,0.0,0.0,0.0,1.0
10,10,0.0,0.0,0.0,0.0,0.0,0.0,0.0,0.0,0.0,0.0,1.0
10,10,0.0,0.0,0.0,0.0,0.0,0.0,0.0,0.0,0.0,0.0,1.0
10,10,0.0,0.0,0.0,0.0,0.0,0.0,0.0,0.0,0.0,0.0,1.0
10,10,0.0,0.0,0.0,0.0,0.0,0.0,0.0,0.0,0.0,0.0,1.0
10,10,0.0,0.0,0.0,0.0,0.0,0.0,0.0,0.0,0.0,0.0,1.0
10,10,0.0,0.0,0.0,0.0,0.0,0.0,0.0,0.0,0.0,0.0,1.0
10,10,0.0,0.0,0.0,0.0,0.0,0.0,0.0,0.0,0.0,0.0,1.0
10,10,0.0,0.0,0.0,0.0,0.0,0.0,0.0,0.0,0.0,0.0,1.0
10,10,0.0,0.0,0.0,0.0,0.0,0.0,0.0,0.0,0.0,0.0,1.0
10,10,0.0,0.0,0.0,0.0,0.0,0.0,0.0,0.0,0.0,0.0,1.0
10,10,0.0,0.0,0.0,0.0,0.0,0.0,0.0,0.0,0.0,0.0,1.0
10,10,0.0,0.0,0.0,0.0,0.0,0.0,0.0,0.0,0.0,0.0,1.0
10,10,0.0,0.0,0.0,0.0,0.0,0.0,0.0,0.0,0.0,0.0,1.0
10,10,0.0,0.0,0.0,0.0,0.0,0.0,0.0,0.0,0.0,0.0,1.0
10,10,0.0,0.0,0.0,0.0,0.0,0.0,0.0,0.0,0.0,0.0,1.0
10,10,0.0,0.0,0.0,0.0,0.0,0.0,0.0,0.0,0.0,0.0,1.0
10,10,0.0,0.0,0.0,0.0,0.0,0.0,0.0,0.0,0.0,0.0,1.0
10,10,0.0,0.0,0.0,0.0,0.0,0.0,0.0,0.0,0.0,0.0,1.0
10,10,0.0,0.0,0.0,0.0,0.0,0.0,0.0,0.0,0.0,0.0,1.0
10,10,0.0,0.0,0.0,0.0,0.0,0.0,0.0,0.0,0.0,0.0,1.0
10,10,0.0,0.0,0.0,0.0,0.0,0.0,0.0,0.0,0.0,0.0,1.0
10,10,0.0,0.0,0.0,0.0,0.0,0.0,0.0,0.0,0.0,0.0,1.0
10,10,0.0,0.0,0.0,0.0,0.0,0.0,0.0,0.0,0.0,0.0,1.0
10,10,0.0,0.0,0.0,0.0,0.0,0.0,0.0,0.0,0.0,0.0,1.0
10,10,0.0,0.0,0.0,0.0,0.0,0.0,0.0,0.0,0.0,0.0,1.0
10,10,0.0,0.0,0.0,0.0,0.0,0.0,0.0,0.0,0.0,0.0,1.0
10,10,0.0,0.0,0.0,0.0,0.0,0.0,0.0,0.0,0.0,0.0,1.0
10,10,0.0,0.0,0.0,0.0,0.0,0.0,0.0,0.0,0.0,0.0,1.0
10,10,0.0,0.0,0.0,0.0,0.0,0.0,0.0,0.0,0.0,0.0,1.0
10,10,0.0,0.0,0.0,0.0,0.0,0.0,0.0,0.0,0.0,0.0,1.0
10,10,0.0,0.0,0.0,0.0,0.0,0.0,0.0,0.0,0.0,0.0,1.0
10,10,0.0,0.0,0.0,0.0,0.0,0.0,0.0,0.0,0.0,0.0,1.0
10,10,0.0,0.0,0.0,0.0,0.0,0.0,0.0,0.0,0.0,0.0,1.0
10,10,0.0,0.0,0.0,0.0,0.0,0.0,0.0,0.0,0.0,0.0,1.0
10,10,0.0,0.0,0.0,0.0,0.0,0.0,0.0,0.0,0.0,0.0,1.0
10,10,0.0,0.0,0.0,0.0,0.0,0.0,0.0,0.0,0.0,0.0,1.0
10,10,0.0,0.0,0.0,0.0,0.0,0.0,0.0,0.0,0.0,0.0,1.0
10,10,0.0,0.0,0.0,0.0,0.0,0.0,0.0,0.0,0.0,0.0,1.0
10,10,0.0,0.0,0.0,0.0,0.0,0.0,0.0,0.0,0.0,0.0,1.0
10,10,0.0,0.0,0.0,0.0,0.0,0.0,0.0,0.0,0.0,0.0,1.0
10,10,0.0,0.0,0.0,0.0,0.0,0.0,0.0,0.0,0.0,0.0,1.0
10,10,0.0,0.0,0.0,0.0,0.0,0.0,0.0,0.0,0.0,0.0,1.0
10,10,0.0,0.0,0.0,0.0,0.0,0.0,0.0,0.0,0.0,0.0,1.0
10,10,0.0,0.0,0.0,0.0,0.0,0.0,0.0,0.0,0.0,0.0,1.0
10,10,0.0,0.0,0.0,0.0,0.0,0.0,0.0,0.0,0.0,0.0,1.0
10,10,0.0,0.0,0.0,0.0,0.0,0.0,0.0,0.0,0.0,0.0,1.0
10,10,0.0,0.0,0.0,0.0,0.0,0.0,0.0,0.0,0.0,0.0,1.0
10,10,0.0,0.0,0.0,0.0,0.0,0.0,0.0,0.0,0.0,0.0,1.0
10,10,0.0,0.0,0.0,0.0,0.0,0.0,0.0,0.0,0.0,0.0,1.0
10,10,0.0,0.0,0.0,0.0,0.0,0.0,0.0,0.0,0.0,0.0,1.0
10,10,0.0,0.0,0.0,0.0,0.0,0.0,0.0,0.0,0.0,0.0,1.0
10,10,0.0,0.0,0.0,0.0,0.0,0.0,0.0,0.0,0.0,0.0,1.0
10,10,0.0,0.0,0.0,0.0,0.0,0.0,0.0,0.0,0.0,0.0,1.0
10,10,0.0,0.0,0.0,0.0,0.0,0.0,0.0,0.0,0.0,0.0,1.0
10,10,0.0,0.0,0.0,0.0,0.0,0.0,0.0,0.0,0.0,0.0,1.0
10,10,0.0,0.0,0.0,0.0,0.0,0.0,0.0,0.0,0.0,0.0,1.0
10,10,0.0,0.0,0.0,0.0,0.0,0.0,0.0,0.0,0.0,0.0,1.0
10,10,0.0,0.0,0.0,0.0,0.0,0.0,0.0,0.0,0.0,0.0,1.0
10,10,0.0,0.0,0.0,0.0,0.0,0.0,0.0,0.0,0.0,0.0,1.0
10,10,0.0,0.0,0.0,0.0,0.0,0.0,0.0,0.0,0.0,0.0,1.0
10,10,0.0,0.0,0.0,0.0,0.0,0.0,0.0,0.0,0.0,0.0,1.0
10,10,0.0,0.0,0.0,0.0,0.0,0.0,0.0,0.0,0.0,0.0,1.0
10,10,0.0,0.0,0.0,0.0,0.0,0.0,0.0,0.0,0.0,0.0,1.0
10,10,0.0,0.0,0.0,0.0,0.0,0.0,0.0,0.0,0.0,0.0,1.0
10,10,0.0,0.0,0.0,0.0,0.0,0.0,0.0,0.0,0.0,0.0,1.0
10,10,0.0,0.0,0.0,0.0,0.0,0.0,0.0,0.0,0.0,0.0,1.0
10,10,0.0,0.0,0.0,0.0,0.0,0.0,0.0,0.0,0.0,0.0,1.0
10,10,0.0,0.0,0.0,0.0,0.0,0.0,0.0,0.0,0.0,0.0,1.0
10,10,0.0,0.0,0.0,0.0,0.0,0.0,0.0,0.0,0.0,0.0,1.0
10,10,0.0,0.0,0.0,0.0,0.0,0.0,0.0,0.0,0.0,0.0,1.0
10,10,0.0,0.0,0.0,0.0,0.0,0.0,0.0,0.0,0.0,0.0,1.0
10,10,0.0,0.0,0.0,0.0,0.0,0.0,0.0,0.0,0.0,0.0,1.0
10,10,0.0,0.0,0.0,0.0,0.0,0.0,0.0,0.0,0.0,0.0,1.0
10,10,0.0,0.0,0.0,0.0,0.0,0.0,0.0,0.0,0.0,0.0,1.0
10,10,0.0,0.0,0.0,0.0,0.0,0.0,0.0,0.0,0.0,0.0,1.0
10,10,0.0,0.0,0.0,0.0,0.0,0.0,0.0,0.0,0.0,0.0,1.0
10,10,0.0,0.0,0.0,0.0,0.0,0.0,0.0,0.0,0.0,0.0,1.0
10,10,0.0,0.0,0.0,0.0,0.0,0.0,0.0,0.0,0.0,0.0,1.0
10,10,0.0,0.0,0.0,0.0,0.0,0.0,0.0,0.0,0.0,0.0,1.0
10,10,0.0,0.0,0.0,0.0,0.0,0.0,0.0,0.0,0.0,0.0,1.0
10,10,0.0,0.0,0.0,0.0,0.0,0.0,0.0,0.0,0.0,0.0,1.0
10,10,0.0,0.0,0.0,0.0,0.0,0.0,0.0,0.0,0.0,0.0,1.0
10,10,0.0,0.0,0.0,0.0,0.0,0.0,0.0,0.0,0.0,0.0,1.0
10,10,0.0,0.0,0.0,0.0,0.0,0.0,0.0,0.0,0.0,0.0,1.0
10,10,0.0,0.0,0.0,0.0,0.0,0.0,0.0,0.0,0.0,0.0,1.0
10,10,0.0,0.0,0.0,0.0,0.0,0.0,0.0,0.0,0.0,0.0,1.0
10,10,0.0,0.0,0.0,0.0,0.0,0.0,0.0,0.0,0.0,0.0,1.0
10,10,0.0,0.0,0.0,0.0,0.0,0.0,0.0,0.0,0.0,0.0,1.0
10,10,0.0,0.0,0.0,0.0,0.0,0.0,0.0,0.0,0.0,0.0,1.0
10,10,0.0,0.0,0.0,0.0,0.0,0.0,0.0,0.0,0.0,0.0,1.0
10,10,0.0,0.0,0.0,0.0,0.0,0.0,0.0,0.0,0.0,0.0,1.0
10,10,0.0,0.0,0.0,0.0,0.0,0.0,0.0,0.0,0.0,0.0,1.0
10,10,0.0,0.0,0.0,0.0,0.0,0.0,0.0,0.0,0.0,0.0,1.0
10,10,0.0,0.0,0.0,0.0,0.0,0.0,0.0,0.0,0.0,0.0,1.0
10,10,0.0,0.0,0.0,0.0,0.0,0.0,0.0,0.0,0.0,0.0,1.0
10,10,0.0,0.0,0.0,0.0,0.0,0.0,0.0,0.0,0.0,0.0,1.0
10,10,0.0,0.0,0.0,0.0,0.0,0.0,0.0,0.0,0.0,0.0,1.0
10,10,0.0,0.0,0.0,0.0,0.0,0.0,0.0,0.0,0.0,0.0,1.0
10,10,0.0,0.0,0.0,0.0,0.0,0.0,0.0,0.0,0.0,0.0,1.0
10,10,0.0,0.0,0.0,0.0,0.0,0.0,0.0,0.0,0.0,0.0,1.0
10,10,0.0,0.0,0.0,0.0,0.0,0.0,0.0,0.0,0.0,0.0,1.0
10,10,0.0,0.0,0.0,0.0,0.0,0.0,0.0,0.0,0.0,0.0,1.0
10,10,0.0,0.0,0.0,0.0,0.0,0.0,0.0,0.0,0.0,0.0,1.0
10,10,0.0,0.0,0.0,0.0,0.0,0.0,0.0,0.0,0.0,0.0,1.0
10,10,0.0,0.0,0.0,0.0,0.0,0.0,0.0,0.0,0.0,0.0,1.0
10,10,0.0,0.0,0.0,0.0,0.0,0.0,0.0,0.0,0.0,0.0,1.0
10,10,0.0,0.0,0.0,0.0,0.0,0.0,0.0,0.0,0.0,0.0,1.0
10,10,0.0,0.0,0.0,0.0,0.0,0.0,0.0,0.0,0.0,0.0,1.0
10,10,0.0,0.0,0.0,0.0,0.0,0.0,0.0,0.0,0.0,0.0,1.0
10,10,0.0,0.0,0.0,0.0,0.0,0.0,0.0,0.0,0.0,0.0,1.0
10,10,0.0,0.0,0.0,0.0,0.0,0.0,0.0,0.0,0.0,0.0,1.0
10,10,0.0,0.0,0.0,0.0,0.0,0.0,0.0,0.0,0.0,0.0,1.0
10,10,0.0,0.0,0.0,0.0,0.0,0.0,0.0,0.0,0.0,0.0,1.0
10,10,0.0,0.0,0.0,0.0,0.0,0.0,0.0,0.0,0.0,0.0,1.0
10,10,0.0,0.0,0.0,0.0,0.0,0.0,0.0,0.0,0.0,0.0,1.0
10,10,0.0,0.0,0.0,0.0,0.0,0.0,0.0,0.0,0.0,0.0,1.0
10,10,0.0,0.0,0.0,0.0,0.0,0.0,0.0,0.0,0.0,0.0,1.0
10,10,0.0,0.0,0.0,0.0,0.0,0.0,0.0,0.0,0.0,0.0,1.0
10,10,0.0,0.0,0.0,0.0,0.0,0.0,0.0,0.0,0.0,0.0,1.0
10,10,0.0,0.0,0.0,0.0,0.0,0.0,0.0,0.0,0.0,0.0,1.0
10,10,0.0,0.0,0.0,0.0,0.0,0.0,0.0,0.0,0.0,0.0,1.0
10,10,0.0,0.0,0.0,0.0,0.0,0.0,0.0,0.0,0.0,0.0,1.0
10,10,0.0,0.0,0.0,0.0,0.0,0.0,0.0,0.0,0.0,0.0,1.0
10,10,0.0,0.0,0.0,0.0,0.0,0.0,0.0,0.0,0.0,0.0,1.0
10,10,0.0,0.0,0.0,0.0,0.0,0.0,0.0,0.0,0.0,0.0,1.0
10,10,0.0,0.0,0.0,0.0,0.0,0.0,0.0,0.0,0.0,0.0,1.0
10,10,0.0,0.0,0.0,0.0,0.0,0.0,0.0,0.0,0.0,0.0,1.0
10,10,0.0,0.0,0.0,0.0,0.0,0.0,0.0,0.0,0.0,0.0,1.0
10,10,0.0,0.0,0.0,0.0,0.0,0.0,0.0,0.0,0.0,0.0,1.0
10,10,0.0,0.0,0.0,0.0,0.0,0.0,0.0,0.0,0.0,0.0,1.0
10,10,0.0,0.0,0.0,0.0,0.0,0.0,0.0,0.0,0.0,0.0,1.0
10,10,0.0,0.0,0.0,0.0,0.0,0.0,0.0,0.0,0.0,0.0,1.0
10,10,0.0,0.0,0.0,0.0,0.0,0.0,0.0,0.0,0.0,0.0,1.0
10,10,0.0,0.0,0.0,0.0,0.0,0.0,0.0,0.0,0.0,0.0,1.0
10,10,0.0,0.0,0.0,0.0,0.0,0.0,0.0,0.0,0.0,0.0,1.0
10,10,0.0,0.0,0.0,0.0,0.0,0.0,0.0,0.0,0.0,0.0,1.0
10,10,0.0,0.0,0.0,0.0,0.0,0.0,0.0,0.0,0.0,0.0,1.0
10,10,0.0,0.0,0.0,0.0,0.0,0.0,0.0,0.0,0.0,0.0,1.0
10,10,0.0,0.0,0.0,0.0,0.0,0.0,0.0,0.0,0.0,0.0,1.0
10,10,0.0,0.0,0.0,0.0,0.0,0.0,0.0,0.0,0.0,0.0,1.0
10,10,0.0,0.0,0.0,0.0,0.0,0.0,0.0,0.0,0.0,0.0,1.0
10,10,0.0,0.0,0.0,0.0,0.0,0.0,0.0,0.0,0.0,0.0,1.0
10,10,0.0,0.0,0.0,0.0,0.0,0.0,0.0,0.0,0.0,0.0,1.0
10,10,0.0,0.0,0.0,0.0,0.0,0.0,0.0,0.0,0.0,0.0,1.0
10,10,0.0,0.0,0.0,0.0,0.0,0.0,0.0,0.0,0.0,0.0,1.0
10,10,0.0,0.0,0.0,0.0,0.0,0.0,0.0,0.0,0.0,0.0,1.0
10,10,0.0,0.0,0.0,0.0,0.0,0.0,0.0,0.0,0.0,0.0,1.0
10,10,0.0,0.0,0.0,0.0,0.0,0.0,0.0,0.0,0.0,0.0,1.0
10,10,0.0,0.0,0.0,0.0,0.0,0.0,0.0,0.0,0.0,0.0,1.0
10,10,0.0,0.0,0.0,0.0,0.0,0.0,0.0,0.0,0.0,0.0,1.0
10,10,0.0,0.0,0.0,0.0,0.0,0.0,0.0,0.0,0.0,0.0,1.0
10,10,0.0,0.0,0.0,0.0,0.0,0.0,0.0,0.0,0.0,0.0,1.0
10,10,0.0,0.0,0.0,0.0,0.0,0.0,0.0,0.0,0.0,0.0,1.0
10,10,0.0,0.0,0.0,0.0,0.0,0.0,0.0,0.0,0.0,0.0,1.0
10,10,0.0,0.0,0.0,0.0,0.0,0.0,0.0,0.0,0.0,0.0,1.0
10,10,0.0,0.0,0.0,0.0,0.0,0.0,0.0,0.0,0.0,0.0,1.0
10,10,0.0,0.0,0.0,0.0,0.0,0.0,0.0,0.0,0.0,0.0,1.0
10,10,0.0,0.0,0.0,0.0,0.0,0.0,0.0,0.0,0.0,0.0,1.0
10,10,0.0,0.0,0.0,0.0,0.0,0.0,0.0,0.0,0.0,0.0,1.0
10,10,0.0,0.0,0.0,0.0,0.0,0.0,0.0,0.0,0.0,0.0,1.0
10,10,0.0,0.0,0.0,0.0,0.0,0.0,0.0,0.0,0.0,0.0,1.0
10,10,0.0,0.0,0.0,0.0,0.0,0.0,0.0,0.0,0.0,0.0,1.0
10,10,0.0,0.0,0.0,0.0,0.0,0.0,0.0,0.0,0.0,0.0,1.0
10,10,0.0,0.0,0.0,0.0,0.0,0.0,0.0,0.0,0.0,0.0,1.0
10,10,0.0,0.0,0.0,0.0,0.0,0.0,0.0,0.0,0.0,0.0,1.0
10,10,0.0,0.0,0.0,0.0,0.0,0.0,0.0,0.0,0.0,0.0,1.0
10,10,0.0,0.0,0.0,0.0,0.0,0.0,0.0,0.0,0.0,0.0,1.0
10,10,0.0,0.0,0.0,0.0,0.0,0.0,0.0,0.0,0.0,0.0,1.0
10,10,0.0,0.0,0.0,0.0,0.0,0.0,0.0,0.0,0.0,0.0,1.0
10,10,0.0,0.0,0.0,0.0,0.0,0.0,0.0,0.0,0.0,0.0,1.0
10,10,0.0,0.0,0.0,0.0,0.0,0.0,0.0,0.0,0.0,0.0,1.0
10,10,0.0,0.0,0.0,0.0,0.0,0.0,0.0,0.0,0.0,0.0,1.0
10,10,0.0,0.0,0.0,0.0,0.0,0.0,0.0,0.0,0.0,0.0,1.0
10,10,0.0,0.0,0.0,0.0,0.0,0.0,0.0,0.0,0.0,0.0,1.0
10,10,0.0,0.0,0.0,0.0,0.0,0.0,0.0,0.0,0.0,0.0,1.0
10,10,0.0,0.0,0.0,0.0,0.0,0.0,0.0,0.0,0.0,0.0,1.0
10,10,0.0,0.0,0.0,0.0,0.0,0.0,0.0,0.0,0.0,0.0,1.0
10,10,0.0,0.0,0.0,0.0,0.0,0.0,0.0,0.0,0.0,0.0,1.0
10,10,0.0,0.0,0.0,0.0,0.0,0.0,0.0,0.0,0.0,0.0,1.0
10,10,0.0,0.0,0.0,0.0,0.0,0.0,0.0,0.0,0.0,0.0,1.0
10,10,0.0,0.0,0.0,0.0,0.0,0.0,0.0,0.0,0.0,0.0,1.0
10,10,0.0,0.0,0.0,0.0,0.0,0.0,0.0,0.0,0.0,0.0,1.0
10,10,0.0,0.0,0.0,0.0,0.0,0.0,0.0,0.0,0.0,0.0,1.0
10,10,0.0,0.0,0.0,0.0,0.0,0.0,0.0,0.0,0.0,0.0,1.0
10,10,0.0,0.0,0.0,0.0,0.0,0.0,0.0,0.0,0.0,0.0,1.0
10,10,0.0,0.0,0.0,0.0,0.0,0.0,0.0,0.0,0.0,0.0,1.0
10,10,0.0,0.0,0.0,0.0,0.0,0.0,0.0,0.0,0.0,0.0,1.0
10,10,0.0,0.0,0.0,0.0,0.0,0.0,0.0,0.0,0.0,0.0,1.0
10,10,0.0,0.0,0.0,0.0,0.0,0.0,0.0,0.0,0.0,0.0,1.0
10,10,0.0,0.0,0.0,0.0,0.0,0.0,0.0,0.0,0.0,0.0,1.0
10,10,0.0,0.0,0.0,0.0,0.0,0.0,0.0,0.0,0.0,0.0,1.0
10,10,0.0,0.0,0.0,0.0,0.0,0.0,0.0,0.0,0.0,0.0,1.0
10,10,0.0,0.0,0.0,0.0,0.0,0.0,0.0,0.0,0.0,0.0,1.0
10,10,0.0,0.0,0.0,0.0,0.0,0.0,0.0,0.0,0.0,0.0,1.0
10,10,0.0,0.0,0.0,0.0,0.0,0.0,0.0,0.0,0.0,0.0,1.0
10,10,0.0,0.0,0.0,0.0,0.0,0.0,0.0,0.0,0.0,0.0,1.0
10,10,0.0,0.0,0.0,0.0,0.0,0.0,0.0,0.0,0.0,0.0,1.0
10,10,0.0,0.0,0.0,0.0,0.0,0.0,0.0,0.0,0.0,0.0,1.0
10,10,0.0,0.0,0.0,0.0,0.0,0.0,0.0,0.0,0.0,0.0,1.0
10,10,0.0,0.0,0.0,0.0,0.0,0.0,0.0,0.0,0.0,0.0,1.0
10,10,0.0,0.0,0.0,0.0,0.0,0.0,0.0,0.0,0.0,0.0,1.0
10,10,0.0,0.0,0.0,0.0,0.0,0.0,0.0,0.0,0.0,0.0,1.0
10,10,0.0,0.0,0.0,0.0,0.0,0.0,0.0,0.0,0.0,0.0,1.0
10,10,0.0,0.0,0.0,0.0,0.0,0.0,0.0,0.0,0.0,0.0,1.0
10,10,0.0,0.0,0.0,0.0,0.0,0.0,0.0,0.0,0.0,0.0,1.0
10,10,0.0,0.0,0.0,0.0,0.0,0.0,0.0,0.0,0.0,0.0,1.0
10,10,0.0,0.0,0.0,0.0,0.0,0.0,0.0,0.0,0.0,0.0,1.0
10,10,0.0,0.0,0.0,0.0,0.0,0.0,0.0,0.0,0.0,0.0,1.0
10,10,0.0,0.0,0.0,0.0,0.0,0.0,0.0,0.0,0.0,0.0,1.0
10,10,0.0,0.0,0.0,0.0,0.0,0.0,0.0,0.0,0.0,0.0,1.0
10,10,0.0,0.0,0.0,0.0,0.0,0.0,0.0,0.0,0.0,0.0,1.0
10,10,0.0,0.0,0.0,0.0,0.0,0.0,0.0,0.0,0.0,0.0,1.0
10,10,0.0,0.0,0.0,0.0,0.0,0.0,0.0,0.0,0.0,0.0,1.0
10,10,0.0,0.0,0.0,0.0,0.0,0.0,0.0,0.0,0.0,0.0,1.0
10,10,0.0,0.0,0.0,0.0,0.0,0.0,0.0,0.0,0.0,0.0,1.0
10,10,0.0,0.0,0.0,0.0,0.0,0.0,0.0,0.0,0.0,0.0,1.0
10,10,0.0,0.0,0.0,0.0,0.0,0.0,0.0,0.0,0.0,0.0,1.0
10,10,0.0,0.0,0.0,0.0,0.0,0.0,0.0,0.0,0.0,0.0,1.0
10,10,0.0,0.0,0.0,0.0,0.0,0.0,0.0,0.0,0.0,0.0,1.0
10,10,0.0,0.0,0.0,0.0,0.0,0.0,0.0,0.0,0.0,0.0,1.0
10,10,0.0,0.0,0.0,0.0,0.0,0.0,0.0,0.0,0.0,0.0,1.0
10,10,0.0,0.0,0.0,0.0,0.0,0.0,0.0,0.0,0.0,0.0,1.0
10,10,0.0,0.0,0.0,0.0,0.0,0.0,0.0,0.0,0.0,0.0,1.0
10,10,0.0,0.0,0.0,0.0,0.0,0.0,0.0,0.0,0.0,0.0,1.0
10,10,0.0,0.0,0.0,0.0,0.0,0.0,0.0,0.0,0.0,0.0,1.0
10,10,0.0,0.0,0.0,0.0,0.0,0.0,0.0,0.0,0.0,0.0,1.0
10,10,0.0,0.0,0.0,0.0,0.0,0.0,0.0,0.0,0.0,0.0,1.0
10,10,0.0,0.0,0.0,0.0,0.0,0.0,0.0,0.0,0.0,0.0,1.0
10,10,0.0,0.0,0.0,0.0,0.0,0.0,0.0,0.0,0.0,0.0,1.0
10,10,0.0,0.0,0.0,0.0,0.0,0.0,0.0,0.0,0.0,0.0,1.0
10,10,0.0,0.0,0.0,0.0,0.0,0.0,0.0,0.0,0.0,0.0,1.0
10,10,0.0,0.0,0.0,0.0,0.0,0.0,0.0,0.0,0.0,0.0,1.0
10,10,0.0,0.0,0.0,0.0,0.0,0.0,0.0,0.0,0.0,0.0,1.0
10,10,0.0,0.0,0.0,0.0,0.0,0.0,0.0,0.0,0.0,0.0,1.0
10,10,0.0,0.0,0.0,0.0,0.0,0.0,0.0,0.0,0.0,0.0,1.0
10,10,0.0,0.0,0.0,0.0,0.0,0.0,0.0,0.0,0.0,0.0,1.0
10,10,0.0,0.0,0.0,0.0,0.0,0.0,0.0,0.0,0.0,0.0,1.0
10,10,0.0,0.0,0.0,0.0,0.0,0.0,0.0,0.0,0.0,0.0,1.0
10,10,0.0,0.0,0.0,0.0,0.0,0.0,0.0,0.0,0.0,0.0,1.0
10,10,0.0,0.0,0.0,0.0,0.0,0.0,0.0,0.0,0.0,0.0,1.0
10,10,0.0,0.0,0.0,0.0,0.0,0.0,0.0,0.0,0.0,0.0,1.0
10,10,0.0,0.0,0.0,0.0,0.0,0.0,0.0,0.0,0.0,0.0,1.0
10,10,0.0,0.0,0.0,0.0,0.0,0.0,0.0,0.0,0.0,0.0,1.0
10,10,0.0,0.0,0.0,0.0,0.0,0.0,0.0,0.0,0.0,0.0,1.0
10,10,0.0,0.0,0.0,0.0,0.0,0.0,0.0,0.0,0.0,0.0,1.0
10,10,0.0,0.0,0.0,0.0,0.0,0.0,0.0,0.0,0.0,0.0,1.0
10,10,0.0,0.0,0.0,0.0,0.0,0.0,0.0,0.0,0.0,0.0,1.0
10,10,0.0,0.0,0.0,0.0,0.0,0.0,0.0,0.0,0.0,0.0,1.0
10,10,0.0,0.0,0.0,0.0,0.0,0.0,0.0,0.0,0.0,0.0,1.0
10,10,0.0,0.0,0.0,0.0,0.0,0.0,0.0,0.0,0.0,0.0,1.0
10,10,0.0,0.0,0.0,0.0,0.0,0.0,0.0,0.0,0.0,0.0,1.0
10,10,0.0,0.0,0.0,0.0,0.0,0.0,0.0,0.0,0.0,0.0,1.0
10,10,0.0,0.0,0.0,0.0,0.0,0.0,0.0,0.0,0.0,0.0,1.0
10,10,0.0,0.0,0.0,0.0,0.0,0.0,0.0,0.0,0.0,0.0,1.0
10,10,0.0,0.0,0.0,0.0,0.0,0.0,0.0,0.0,0.0,0.0,1.0
10,10,0.0,0.0,0.0,0.0,0.0,0.0,0.0,0.0,0.0,0.0,1.0
10,10,0.0,0.0,0.0,0.0,0.0,0.0,0.0,0.0,0.0,0.0,1.0
10,10,0.0,0.0,0.0,0.0,0.0,0.0,0.0,0.0,0.0,0.0,1.0
10,10,0.0,0.0,0.0,0.0,0.0,0.0,0.0,0.0,0.0,0.0,1.0
10,10,0.0,0.0,0.0,0.0,0.0,0.0,0.0,0.0,0.0,0.0,1.0
10,10,0.0,0.0,0.0,0.0,0.0,0.0,0.0,0.0,0.0,0.0,1.0
10,10,0.0,0.0,0.0,0.0,0.0,0.0,0.0,0.0,0.0,0.0,1.0
10,10,0.0,0.0,0.0,0.0,0.0,0.0,0.0,0.0,0.0,0.0,1.0
10,10,0.0,0.0,0.0,0.0,0.0,0.0,0.0,0.0,0.0,0.0,1.0
10,10,0.0,0.0,0.0,0.0,0.0,0.0,0.0,0.0,0.0,0.0,1.0
10,10,0.0,0.0,0.0,0.0,0.0,0.0,0.0,0.0,0.0,0.0,1.0
10,10,0.0,0.0,0.0,0.0,0.0,0.0,0.0,0.0,0.0,0.0,1.0
10,10,0.0,0.0,0.0,0.0,0.0,0.0,0.0,0.0,0.0,0.0,1.0
10,10,0.0,0.0,0.0,0.0,0.0,0.0,0.0,0.0,0.0,0.0,1.0
10,10,0.0,0.0,0.0,0.0,0.0,0.0,0.0,0.0,0.0,0.0,1.0
10,10,0.0,0.0,0.0,0.0,0.0,0.0,0.0,0.0,0.0,0.0,1.0
10,10,0.0,0.0,0.0,0.0,0.0,0.0,0.0,0.0,0.0,0.0,1.0
10,10,0.0,0.0,0.0,0.0,0.0,0.0,0.0,0.0,0.0,0.0,1.0
10,10,0.0,0.0,0.0,0.0,0.0,0.0,0.0,0.0,0.0,0.0,1.0
10,10,0.0,0.0,0.0,0.0,0.0,0.0,0.0,0.0,0.0,0.0,1.0
10,10,0.0,0.0,0.0,0.0,0.0,0.0,0.0,0.0,0.0,0.0,1.0
10,10,0.0,0.0,0.0,0.0,0.0,0.0,0.0,0.0,0.0,0.0,1.0
10,10,0.0,0.0,0.0,0.0,0.0,0.0,0.0,0.0,0.0,0.0,1.0
10,10,0.0,0.0,0.0,0.0,0.0,0.0,0.0,0.0,0.0,0.0,1.0
10,10,0.0,0.0,0.0,0.0,0.0,0.0,0.0,0.0,0.0,0.0,1.0
10,10,0.0,0.0,0.0,0.0,0.0,0.0,0.0,0.0,0.0,0.0,1.0
10,10,0.0,0.0,0.0,0.0,0.0,0.0,0.0,0.0,0.0,0.0,1.0
10,10,0.0,0.0,0.0,0.0,0.0,0.0,0.0,0.0,0.0,0.0,1.0
10,10,0.0,0.0,0.0,0.0,0.0,0.0,0.0,0.0,0.0,0.0,1.0
10,10,0.0,0.0,0.0,0.0,0.0,0.0,0.0,0.0,0.0,0.0,1.0
10,10,0.0,0.0,0.0,0.0,0.0,0.0,0.0,0.0,0.0,0.0,1.0
10,10,0.0,0.0,0.0,0.0,0.0,0.0,0.0,0.0,0.0,0.0,1.0
10,10,0.0,0.0,0.0,0.0,0.0,0.0,0.0,0.0,0.0,0.0,1.0
10,10,0.0,0.0,0.0,0.0,0.0,0.0,0.0,0.0,0.0,0.0,1.0
10,10,0.0,0.0,0.0,0.0,0.0,0.0,0.0,0.0,0.0,0.0,1.0
10,10,0.0,0.0,0.0,0.0,0.0,0.0,0.0,0.0,0.0,0.0,1.0
10,10,0.0,0.0,0.0,0.0,0.0,0.0,0.0,0.0,0.0,0.0,1.0
10,10,0.0,0.0,0.0,0.0,0.0,0.0,0.0,0.0,0.0,0.0,1.0
10,10,0.0,0.0,0.0,0.0,0.0,0.0,0.0,0.0,0.0,0.0,1.0
10,10,0.0,0.0,0.0,0.0,0.0,0.0,0.0,0.0,0.0,0.0,1.0
10,10,0.0,0.0,0.0,0.0,0.0,0.0,0.0,0.0,0.0,0.0,1.0
10,10,0.0,0.0,0.0,0.0,0.0,0.0,0.0,0.0,0.0,0.0,1.0
10,10,0.0,0.0,0.0,0.0,0.0,0.0,0.0,0.0,0.0,0.0,1.0
10,10,0.0,0.0,0.0,0.0,0.0,0.0,0.0,0.0,0.0,0.0,1.0
10,10,0.0,0.0,0.0,0.0,0.0,0.0,0.0,0.0,0.0,0.0,1.0
10,10,0.0,0.0,0.0,0.0,0.0,0.0,0.0,0.0,0.0,0.0,1.0
10,10,0.0,0.0,0.0,0.0,0.0,0.0,0.0,0.0,0.0,0.0,1.0
10,10,0.0,0.0,0.0,0.0,0.0,0.0,0.0,0.0,0.0,0.0,1.0
10,10,0.0,0.0,0.0,0.0,0.0,0.0,0.0,0.0,0.0,0.0,1.0
10,10,0.0,0.0,0.0,0.0,0.0,0.0,0.0,0.0,0.0,0.0,1.0
10,10,0.0,0.0,0.0,0.0,0.0,0.0,0.0,0.0,0.0,0.0,1.0
10,10,0.0,0.0,0.0,0.0,0.0,0.0,0.0,0.0,0.0,0.0,1.0
10,10,0.0,0.0,0.0,0.0,0.0,0.0,0.0,0.0,0.0,0.0,1.0
10,10,0.0,0.0,0.0,0.0,0.0,0.0,0.0,0.0,0.0,0.0,1.0
10,10,0.0,0.0,0.0,0.0,0.0,0.0,0.0,0.0,0.0,0.0,1.0
10,10,0.0,0.0,0.0,0.0,0.0,0.0,0.0,0.0,0.0,0.0,1.0
10,10,0.0,0.0,0.0,0.0,0.0,0.0,0.0,0.0,0.0,0.0,1.0
10,10,0.0,0.0,0.0,0.0,0.0,0.0,0.0,0.0,0.0,0.0,1.0
10,10,0.0,0.0,0.0,0.0,0.0,0.0,0.0,0.0,0.0,0.0,1.0
10,10,0.0,0.0,0.0,0.0,0.0,0.0,0.0,0.0,0.0,0.0,1.0
10,10,0.0,0.0,0.0,0.0,0.0,0.0,0.0,0.0,0.0,0.0,1.0
10,10,0.0,0.0,0.0,0.0,0.0,0.0,0.0,0.0,0.0,0.0,1.0
10,10,0.0,0.0,0.0,0.0,0.0,0.0,0.0,0.0,0.0,0.0,1.0
10,10,0.0,0.0,0.0,0.0,0.0,0.0,0.0,0.0,0.0,0.0,1.0
10,10,0.0,0.0,0.0,0.0,0.0,0.0,0.0,0.0,0.0,0.0,1.0
10,10,0.0,0.0,0.0,0.0,0.0,0.0,0.0,0.0,0.0,0.0,1.0
10,10,0.0,0.0,0.0,0.0,0.0,0.0,0.0,0.0,0.0,0.0,1.0
10,10,0.0,0.0,0.0,0.0,0.0,0.0,0.0,0.0,0.0,0.0,1.0
10,10,0.0,0.0,0.0,0.0,0.0,0.0,0.0,0.0,0.0,0.0,1.0
10,10,0.0,0.0,0.0,0.0,0.0,0.0,0.0,0.0,0.0,0.0,1.0
10,10,0.0,0.0,0.0,0.0,0.0,0.0,0.0,0.0,0.0,0.0,1.0
10,10,0.0,0.0,0.0,0.0,0.0,0.0,0.0,0.0,0.0,0.0,1.0
10,10,0.0,0.0,0.0,0.0,0.0,0.0,0.0,0.0,0.0,0.0,1.0
10,10,0.0,0.0,0.0,0.0,0.0,0.0,0.0,0.0,0.0,0.0,1.0
10,10,0.0,0.0,0.0,0.0,0.0,0.0,0.0,0.0,0.0,0.0,1.0
10,10,0.0,0.0,0.0,0.0,0.0,0.0,0.0,0.0,0.0,0.0,1.0
10,10,0.0,0.0,0.0,0.0,0.0,0.0,0.0,0.0,0.0,0.0,1.0
10,10,0.0,0.0,0.0,0.0,0.0,0.0,0.0,0.0,0.0,0.0,1.0
10,10,0.0,0.0,0.0,0.0,0.0,0.0,0.0,0.0,0.0,0.0,1.0
10,10,0.0,0.0,0.0,0.0,0.0,0.0,0.0,0.0,0.0,0.0,1.0
10,10,0.0,0.0,0.0,0.0,0.0,0.0,0.0,0.0,0.0,0.0,1.0
10,10,0.0,0.0,0.0,0.0,0.0,0.0,0.0,0.0,0.0,0.0,1.0
10,10,0.0,0.0,0.0,0.0,0.0,0.0,0.0,0.0,0.0,0.0,1.0
10,10,0.0,0.0,0.0,0.0,0.0,0.0,0.0,0.0,0.0,0.0,1.0
10,10,0.0,0.0,0.0,0.0,0.0,0.0,0.0,0.0,0.0,0.0,1.0
10,10,0.0,0.0,0.0,0.0,0.0,0.0,0.0,0.0,0.0,0.0,1.0
10,10,0.0,0.0,0.0,0.0,0.0,0.0,0.0,0.0,0.0,0.0,1.0
10,10,0.0,0.0,0.0,0.0,0.0,0.0,0.0,0.0,0.0,0.0,1.0
10,10,0.0,0.0,0.0,0.0,0.0,0.0,0.0,0.0,0.0,0.0,1.0
10,10,0.0,0.0,0.0,0.0,0.0,0.0,0.0,0.0,0.0,0.0,1.0
10,10,0.0,0.0,0.0,0.0,0.0,0.0,0.0,0.0,0.0,0.0,1.0
10,10,0.0,0.0,0.0,0.0,0.0,0.0,0.0,0.0,0.0,0.0,1.0
10,10,0.0,0.0,0.0,0.0,0.0,0.0,0.0,0.0,0.0,0.0,1.0
10,10,0.0,0.0,0.0,0.0,0.0,0.0,0.0,0.0,0.0,0.0,1.0
10,10,0.0,0.0,0.0,0.0,0.0,0.0,0.0,0.0,0.0,0.0,1.0
10,10,0.0,0.0,0.0,0.0,0.0,0.0,0.0,0.0,0.0,0.0,1.0
10,10,0.0,0.0,0.0,0.0,0.0,0.0,0.0,0.0,0.0,0.0,1.0
10,10,0.0,0.0,0.0,0.0,0.0,0.0,0.0,0.0,0.0,0.0,1.0
10,10,0.0,0.0,0.0,0.0,0.0,0.0,0.0,0.0,0.0,0.0,1.0
10,10,0.0,0.0,0.0,0.0,0.0,0.0,0.0,0.0,0.0,0.0,1.0
10,10,0.0,0.0,0.0,0.0,0.0,0.0,0.0,0.0,0.0,0.0,1.0
10,10,0.0,0.0,0.0,0.0,0.0,0.0,0.0,0.0,0.0,0.0,1.0
10,10,0.0,0.0,0.0,0.0,0.0,0.0,0.0,0.0,0.0,0.0,1.0
10,10,0.0,0.0,0.0,0.0,0.0,0.0,0.0,0.0,0.0,0.0,1.0
10,10,0.0,0.0,0.0,0.0,0.0,0.0,0.0,0.0,0.0,0.0,1.0
10,10,0.0,0.0,0.0,0.0,0.0,0.0,0.0,0.0,0.0,0.0,1.0
10,10,0.0,0.0,0.0,0.0,0.0,0.0,0.0,0.0,0.0,0.0,1.0
10,10,0.0,0.0,0.0,0.0,0.0,0.0,0.0,0.0,0.0,0.0,1.0
10,10,0.0,0.0,0.0,0.0,0.0,0.0,0.0,0.0,0.0,0.0,1.0
10,10,0.0,0.0,0.0,0.0,0.0,0.0,0.0,0.0,0.0,0.0,1.0
10,10,0.0,0.0,0.0,0.0,0.0,0.0,0.0,0.0,0.0,0.0,1.0
10,10,0.0,0.0,0.0,0.0,0.0,0.0,0.0,0.0,0.0,0.0,1.0
10,10,0.0,0.0,0.0,0.0,0.0,0.0,0.0,0.0,0.0,0.0,1.0
10,10,0.0,0.0,0.0,0.0,0.0,0.0,0.0,0.0,0.0,0.0,1.0
10,10,0.0,0.0,0.0,0.0,0.0,0.0,0.0,0.0,0.0,0.0,1.0
10,10,0.0,0.0,0.0,0.0,0.0,0.0,0.0,0.0,0.0,0.0,1.0
10,10,0.0,0.0,0.0,0.0,0.0,0.0,0.0,0.0,0.0,0.0,1.0
10,10,0.0,0.0,0.0,0.0,0.0,0.0,0.0,0.0,0.0,0.0,1.0
10,10,0.0,0.0,0.0,0.0,0.0,0.0,0.0,0.0,0.0,0.0,1.0
10,10,0.0,0.0,0.0,0.0,0.0,0.0,0.0,0.0,0.0,0.0,1.0
10,10,0.0,0.0,0.0,0.0,0.0,0.0,0.0,0.0,0.0,0.0,1.0
10,10,0.0,0.0,0.0,0.0,0.0,0.0,0.0,0.0,0.0,0.0,1.0
10,10,0.0,0.0,0.0,0.0,0.0,0.0,0.0,0.0,0.0,0.0,1.0
10,10,0.0,0.0,0.0,0.0,0.0,0.0,0.0,0.0,0.0,0.0,1.0
10,10,0.0,0.0,0.0,0.0,0.0,0.0,0.0,0.0,0.0,0.0,1.0
10,10,0.0,0.0,0.0,0.0,0.0,0.0,0.0,0.0,0.0,0.0,1.0
10,10,0.0,0.0,0.0,0.0,0.0,0.0,0.0,0.0,0.0,0.0,1.0
10,10,0.0,0.0,0.0,0.0,0.0,0.0,0.0,0.0,0.0,0.0,1.0
10,10,0.0,0.0,0.0,0.0,0.0,0.0,0.0,0.0,0.0,0.0,1.0
10,10,0.0,0.0,0.0,0.0,0.0,0.0,0.0,0.0,0.0,0.0,1.0
10,10,0.0,0.0,0.0,0.0,0.0,0.0,0.0,0.0,0.0,0.0,1.0
10,10,0.0,0.0,0.0,0.0,0.0,0.0,0.0,0.0,0.0,0.0,1.0
10,10,0.0,0.0,0.0,0.0,0.0,0.0,0.0,0.0,0.0,0.0,1.0
10,10,0.0,0.0,0.0,0.0,0.0,0.0,0.0,0.0,0.0,0.0,1.0
10,10,0.0,0.0,0.0,0.0,0.0,0.0,0.0,0.0,0.0,0.0,1.0
10,10,0.0,0.0,0.0,0.0,0.0,0.0,0.0,0.0,0.0,0.0,1.0
10,10,0.0,0.0,0.0,0.0,0.0,0.0,0.0,0.0,0.0,0.0,1.0
10,10,0.0,0.0,0.0,0.0,0.0,0.0,0.0,0.0,0.0,0.0,1.0
10,10,0.0,0.0,0.0,0.0,0.0,0.0,0.0,0.0,0.0,0.0,1.0
10,10,0.0,0.0,0.0,0.0,0.0,0.0,0.0,0.0,0.0,0.0,1.0
10,10,0.0,0.0,0.0,0.0,0.0,0.0,0.0,0.0,0.0,0.0,1.0
10,10,0.0,0.0,0.0,0.0,0.0,0.0,0.0,0.0,0.0,0.0,1.0
10,10,0.0,0.0,0.0,0.0,0.0,0.0,0.0,0.0,0.0,0.0,1.0
10,10,0.0,0.0,0.0,0.0,0.0,0.0,0.0,0.0,0.0,0.0,1.0
10,10,0.0,0.0,0.0,0.0,0.0,0.0,0.0,0.0,0.0,0.0,1.0
10,10,0.0,0.0,0.0,0.0,0.0,0.0,0.0,0.0,0.0,0.0,1.0
10,10,0.0,0.0,0.0,0.0,0.0,0.0,0.0,0.0,0.0,0.0,1.0
10,10,0.0,0.0,0.0,0.0,0.0,0.0,0.0,0.0,0.0,0.0,1.0
10,10,0.0,0.0,0.0,0.0,0.0,0.0,0.0,0.0,0.0,0.0,1.0
10,10,0.0,0.0,0.0,0.0,0.0,0.0,0.0,0.0,0.0,0.0,1.0
10,10,0.0,0.0,0.0,0.0,0.0,0.0,0.0,0.0,0.0,0.0,1.0
10,10,0.0,0.0,0.0,0.0,0.0,0.0,0.0,0.0,0.0,0.0,1.0
10,10,0.0,0.0,0.0,0.0,0.0,0.0,0.0,0.0,0.0,0.0,1.0
10,10,0.0,0.0,0.0,0.0,0.0,0.0,0.0,0.0,0.0,0.0,1.0
10,10,0.0,0.0,0.0,0.0,0.0,0.0,0.0,0.0,0.0,0.0,1.0
10,10,0.0,0.0,0.0,0.0,0.0,0.0,0.0,0.0,0.0,0.0,1.0
10,10,0.0,0.0,0.0,0.0,0.0,0.0,0.0,0.0,0.0,0.0,1.0
10,10,0.0,0.0,0.0,0.0,0.0,0.0,0.0,0.0,0.0,0.0,1.0
10,10,0.0,0.0,0.0,0.0,0.0,0.0,0.0,0.0,0.0,0.0,1.0
10,10,0.0,0.0,0.0,0.0,0.0,0.0,0.0,0.0,0.0,0.0,1.0
10,10,0.0,0.0,0.0,0.0,0.0,0.0,0.0,0.0,0.0,0.0,1.0
10,10,0.0,0.0,0.0,0.0,0.0,0.0,0.0,0.0,0.0,0.0,1.0
10,10,0.0,0.0,0.0,0.0,0.0,0.0,0.0,0.0,0.0,0.0,1.0
10,10,0.0,0.0,0.0,0.0,0.0,0.0,0.0,0.0,0.0,0.0,1.0
10,10,0.0,0.0,0.0,0.0,0.0,0.0,0.0,0.0,0.0,0.0,1.0
10,10,0.0,0.0,0.0,0.0,0.0,0.0,0.0,0.0,0.0,0.0,1.0
10,10,0.0,0.0,0.0,0.0,0.0,0.0,0.0,0.0,0.0,0.0,1.0
10,10,0.0,0.0,0.0,0.0,0.0,0.0,0.0,0.0,0.0,0.0,1.0
10,10,0.0,0.0,0.0,0.0,0.0,0.0,0.0,0.0,0.0,0.0,1.0
10,10,0.0,0.0,0.0,0.0,0.0,0.0,0.0,0.0,0.0,0.0,1.0
10,10,0.0,0.0,0.0,0.0,0.0,0.0,0.0,0.0,0.0,0.0,1.0
10,10,0.0,0.0,0.0,0.0,0.0,0.0,0.0,0.0,0.0,0.0,1.0
10,10,0.0,0.0,0.0,0.0,0.0,0.0,0.0,0.0,0.0,0.0,1.0
10,10,0.0,0.0,0.0,0.0,0.0,0.0,0.0,0.0,0.0,0.0,1.0
10,10,0.0,0.0,0.0,0.0,0.0,0.0,0.0,0.0,0.0,0.0,1.0
10,10,0.0,0.0,0.0,0.0,0.0,0.0,0.0,0.0,0.0,0.0,1.0
10,10,0.0,0.0,0.0,0.0,0.0,0.0,0.0,0.0,0.0,0.0,1.0
10,10,0.0,0.0,0.0,0.0,0.0,0.0,0.0,0.0,0.0,0.0,1.0
10,10,0.0,0.0,0.0,0.0,0.0,0.0,0.0,0.0,0.0,0.0,1.0
10,10,0.0,0.0,0.0,0.0,0.0,0.0,0.0,0.0,0.0,0.0,1.0
10,10,0.0,0.0,0.0,0.0,0.0,0.0,0.0,0.0,0.0,0.0,1.0
10,10,0.0,0.0,0.0,0.0,0.0,0.0,0.0,0.0,0.0,0.0,1.0
10,10,0.0,0.0,0.0,0.0,0.0,0.0,0.0,0.0,0.0,0.0,1.0
10,10,0.0,0.0,0.0,0.0,0.0,0.0,0.0,0.0,0.0,0.0,1.0
10,10,0.0,0.0,0.0,0.0,0.0,0.0,0.0,0.0,0.0,0.0,1.0
10,10,0.0,0.0,0.0,0.0,0.0,0.0,0.0,0.0,0.0,0.0,1.0
10,10,0.0,0.0,0.0,0.0,0.0,0.0,0.0,0.0,0.0,0.0,1.0
10,10,0.0,0.0,0.0,0.0,0.0,0.0,0.0,0.0,0.0,0.0,1.0
10,10,0.0,0.0,0.0,0.0,0.0,0.0,0.0,0.0,0.0,0.0,1.0
10,10,0.0,0.0,0.0,0.0,0.0,0.0,0.0,0.0,0.0,0.0,1.0
10,10,0.0,0.0,0.0,0.0,0.0,0.0,0.0,0.0,0.0,0.0,1.0
10,10,0.0,0.0,0.0,0.0,0.0,0.0,0.0,0.0,0.0,0.0,1.0
10,10,0.0,0.0,0.0,0.0,0.0,0.0,0.0,0.0,0.0,0.0,1.0
10,10,0.0,0.0,0.0,0.0,0.0,0.0,0.0,0.0,0.0,0.0,1.0
10,10,0.0,0.0,0.0,0.0,0.0,0.0,0.0,0.0,0.0,0.0,1.0
10,10,0.0,0.0,0.0,0.0,0.0,0.0,0.0,0.0,0.0,0.0,1.0
10,10,0.0,0.0,0.0,0.0,0.0,0.0,0.0,0.0,0.0,0.0,1.0
10,10,0.0,0.0,0.0,0.0,0.0,0.0,0.0,0.0,0.0,0.0,1.0
10,10,0.0,0.0,0.0,0.0,0.0,0.0,0.0,0.0,0.0,0.0,1.0
10,10,0.0,0.0,0.0,0.0,0.0,0.0,0.0,0.0,0.0,0.0,1.0
10,10,0.0,0.0,0.0,0.0,0.0,0.0,0.0,0.0,0.0,0.0,1.0
10,10,0.0,0.0,0.0,0.0,0.0,0.0,0.0,0.0,0.0,0.0,1.0
10,10,0.0,0.0,0.0,0.0,0.0,0.0,0.0,0.0,0.0,0.0,1.0
10,10,0.0,0.0,0.0,0.0,0.0,0.0,0.0,0.0,0.0,0.0,1.0
10,10,0.0,0.0,0.0,0.0,0.0,0.0,0.0,0.0,0.0,0.0,1.0
10,10,0.0,0.0,0.0,0.0,0.0,0.0,0.0,0.0,0.0,0.0,1.0
10,10,0.0,0.0,0.0,0.0,0.0,0.0,0.0,0.0,0.0,0.0,1.0
10,10,0.0,0.0,0.0,0.0,0.0,0.0,0.0,0.0,0.0,0.0,1.0
10,10,0.0,0.0,0.0,0.0,0.0,0.0,0.0,0.0,0.0,0.0,1.0
10,10,0.0,0.0,0.0,0.0,0.0,0.0,0.0,0.0,0.0,0.0,1.0
10,10,0.0,0.0,0.0,0.0,0.0,0.0,0.0,0.0,0.0,0.0,1.0
10,10,0.0,0.0,0.0,0.0,0.0,0.0,0.0,0.0,0.0,0.0,1.0
10,10,0.0,0.0,0.0,0.0,0.0,0.0,0.0,0.0,0.0,0.0,1.0
10,10,0.0,0.0,0.0,0.0,0.0,0.0,0.0,0.0,0.0,0.0,1.0
10,10,0.0,0.0,0.0,0.0,0.0,0.0,0.0,0.0,0.0,0.0,1.0
10,10,0.0,0.0,0.0,0.0,0.0,0.0,0.0,0.0,0.0,0.0,1.0
10,10,0.0,0.0,0.0,0.0,0.0,0.0,0.0,0.0,0.0,0.0,1.0
10,10,0.0,0.0,0.0,0.0,0.0,0.0,0.0,0.0,0.0,0.0,1.0
10,10,0.0,0.0,0.0,0.0,0.0,0.0,0.0,0.0,0.0,0.0,1.0
10,10,0.0,0.0,0.0,0.0,0.0,0.0,0.0,0.0,0.0,0.0,1.0
10,10,0.0,0.0,0.0,0.0,0.0,0.0,0.0,0.0,0.0,0.0,1.0
10,10,0.0,0.0,0.0,0.0,0.0,0.0,0.0,0.0,0.0,0.0,1.0
10,10,0.0,0.0,0.0,0.0,0.0,0.0,0.0,0.0,0.0,0.0,1.0
10,10,0.0,0.0,0.0,0.0,0.0,0.0,0.0,0.0,0.0,0.0,1.0
10,10,0.0,0.0,0.0,0.0,0.0,0.0,0.0,0.0,0.0,0.0,1.0
10,10,0.0,0.0,0.0,0.0,0.0,0.0,0.0,0.0,0.0,0.0,1.0
10,10,0.0,0.0,0.0,0.0,0.0,0.0,0.0,0.0,0.0,0.0,1.0
10,10,0.0,0.0,0.0,0.0,0.0,0.0,0.0,0.0,0.0,0.0,1.0
10,10,0.0,0.0,0.0,0.0,0.0,0.0,0.0,0.0,0.0,0.0,1.0
10,10,0.0,0.0,0.0,0.0,0.0,0.0,0.0,0.0,0.0,0.0,1.0
10,10,0.0,0.0,0.0,0.0,0.0,0.0,0.0,0.0,0.0,0.0,1.0
10,10,0.0,0.0,0.0,0.0,0.0,0.0,0.0,0.0,0.0,0.0,1.0
10,10,0.0,0.0,0.0,0.0,0.0,0.0,0.0,0.0,0.0,0.0,1.0
10,10,0.0,0.0,0.0,0.0,0.0,0.0,0.0,0.0,0.0,0.0,1.0
10,10,0.0,0.0,0.0,0.0,0.0,0.0,0.0,0.0,0.0,0.0,1.0
10,10,0.0,0.0,0.0,0.0,0.0,0.0,0.0,0.0,0.0,0.0,1.0
10,10,0.0,0.0,0.0,0.0,0.0,0.0,0.0,0.0,0.0,0.0,1.0
10,10,0.0,0.0,0.0,0.0,0.0,0.0,0.0,0.0,0.0,0.0,1.0
10,10,0.0,0.0,0.0,0.0,0.0,0.0,0.0,0.0,0.0,0.0,1.0
10,10,0.0,0.0,0.0,0.0,0.0,0.0,0.0,0.0,0.0,0.0,1.0
10,10,0.0,0.0,0.0,0.0,0.0,0.0,0.0,0.0,0.0,0.0,1.0
10,10,0.0,0.0,0.0,0.0,0.0,0.0,0.0,0.0,0.0,0.0,1.0
10,10,0.0,0.0,0.0,0.0,0.0,0.0,0.0,0.0,0.0,0.0,1.0
10,10,0.0,0.0,0.0,0.0,0.0,0.0,0.0,0.0,0.0,0.0,1.0
10,10,0.0,0.0,0.0,0.0,0.0,0.0,0.0,0.0,0.0,0.0,1.0
10,10,0.0,0.0,0.0,0.0,0.0,0.0,0.0,0.0,0.0,0.0,1.0
10,10,0.0,0.0,0.0,0.0,0.0,0.0,0.0,0.0,0.0,0.0,1.0
10,10,0.0,0.0,0.0,0.0,0.0,0.0,0.0,0.0,0.0,0.0,1.0
10,10,0.0,0.0,0.0,0.0,0.0,0.0,0.0,0.0,0.0,0.0,1.0
10,10,0.0,0.0,0.0,0.0,0.0,0.0,0.0,0.0,0.0,0.0,1.0
10,10,0.0,0.0,0.0,0.0,0.0,0.0,0.0,0.0,0.0,0.0,1.0
10,10,0.0,0.0,0.0,0.0,0.0,0.0,0.0,0.0,0.0,0.0,1.0
10,10,0.0,0.0,0.0,0.0,0.0,0.0,0.0,0.0,0.0,0.0,1.0
10,10,0.0,0.0,0.0,0.0,0.0,0.0,0.0,0.0,0.0,0.0,1.0
10,10,0.0,0.0,0.0,0.0,0.0,0.0,0.0,0.0,0.0,0.0,1.0
10,10,0.0,0.0,0.0,0.0,0.0,0.0,0.0,0.0,0.0,0.0,1.0
10,10,0.0,0.0,0.0,0.0,0.0,0.0,0.0,0.0,0.0,0.0,1.0
10,10,0.0,0.0,0.0,0.0,0.0,0.0,0.0,0.0,0.0,0.0,1.0
10,10,0.0,0.0,0.0,0.0,0.0,0.0,0.0,0.0,0.0,0.0,1.0
10,10,0.0,0.0,0.0,0.0,0.0,0.0,0.0,0.0,0.0,0.0,1.0
10,10,0.0,0.0,0.0,0.0,0.0,0.0,0.0,0.0,0.0,0.0,1.0
10,10,0.0,0.0,0.0,0.0,0.0,0.0,0.0,0.0,0.0,0.0,1.0
10,10,0.0,0.0,0.0,0.0,0.0,0.0,0.0,0.0,0.0,0.0,1.0
10,10,0.0,0.0,0.0,0.0,0.0,0.0,0.0,0.0,0.0,0.0,1.0
10,10,0.0,0.0,0.0,0.0,0.0,0.0,0.0,0.0,0.0,0.0,1.0
10,10,0.0,0.0,0.0,0.0,0.0,0.0,0.0,0.0,0.0,0.0,1.0
10,10,0.0,0.0,0.0,0.0,0.0,0.0,0.0,0.0,0.0,0.0,1.0
10,10,0.0,0.0,0.0,0.0,0.0,0.0,0.0,0.0,0.0,0.0,1.0
10,10,0.0,0.0,0.0,0.0,0.0,0.0,0.0,0.0,0.0,0.0,1.0
10,10,0.0,0.0,0.0,0.0,0.0,0.0,0.0,0.0,0.0,0.0,1.0
10,10,0.0,0.0,0.0,0.0,0.0,0.0,0.0,0.0,0.0,0.0,1.0
10,10,0.0,0.0,0.0,0.0,0.0,0.0,0.0,0.0,0.0,0.0,1.0
10,10,0.0,0.0,0.0,0.0,0.0,0.0,0.0,0.0,0.0,0.0,1.0
10,10,0.0,0.0,0.0,0.0,0.0,0.0,0.0,0.0,0.0,0.0,1.0
10,10,0.0,0.0,0.0,0.0,0.0,0.0,0.0,0.0,0.0,0.0,1.0
10,10,0.0,0.0,0.0,0.0,0.0,0.0,0.0,0.0,0.0,0.0,1.0
10,10,0.0,0.0,0.0,0.0,0.0,0.0,0.0,0.0,0.0,0.0,1.0
10,10,0.0,0.0,0.0,0.0,0.0,0.0,0.0,0.0,0.0,0.0,1.0
10,10,0.0,0.0,0.0,0.0,0.0,0.0,0.0,0.0,0.0,0.0,1.0
10,10,0.0,0.0,0.0,0.0,0.0,0.0,0.0,0.0,0.0,0.0,1.0
10,10,0.0,0.0,0.0,0.0,0.0,0.0,0.0,0.0,0.0,0.0,1.0
10,10,0.0,0.0,0.0,0.0,0.0,0.0,0.0,0.0,0.0,0.0,1.0
10,10,0.0,0.0,0.0,0.0,0.0,0.0,0.0,0.0,0.0,0.0,1.0
10,10,0.0,0.0,0.0,0.0,0.0,0.0,0.0,0.0,0.0,0.0,1.0
10,10,0.0,0.0,0.0,0.0,0.0,0.0,0.0,0.0,0.0,0.0,1.0
10,10,0.0,0.0,0.0,0.0,0.0,0.0,0.0,0.0,0.0,0.0,1.0
10,10,0.0,0.0,0.0,0.0,0.0,0.0,0.0,0.0,0.0,0.0,1.0
10,10,0.0,0.0,0.0,0.0,0.0,0.0,0.0,0.0,0.0,0.0,1.0
10,10,0.0,0.0,0.0,0.0,0.0,0.0,0.0,0.0,0.0,0.0,1.0
10,10,0.0,0.0,0.0,0.0,0.0,0.0,0.0,0.0,0.0,0.0,1.0
10,10,0.0,0.0,0.0,0.0,0.0,0.0,0.0,0.0,0.0,0.0,1.0
10,10,0.0,0.0,0.0,0.0,0.0,0.0,0.0,0.0,0.0,0.0,1.0
10,10,0.0,0.0,0.0,0.0,0.0,0.0,0.0,0.0,0.0,0.0,1.0
10,10,0.0,0.0,0.0,0.0,0.0,0.0,0.0,0.0,0.0,0.0,1.0
10,10,0.0,0.0,0.0,0.0,0.0,0.0,0.0,0.0,0.0,0.0,1.0
10,10,0.0,0.0,0.0,0.0,0.0,0.0,0.0,0.0,0.0,0.0,1.0
10,10,0.0,0.0,0.0,0.0,0.0,0.0,0.0,0.0,0.0,0.0,1.0
10,10,0.0,0.0,0.0,0.0,0.0,0.0,0.0,0.0,0.0,0.0,1.0
10,10,0.0,0.0,0.0,0.0,0.0,0.0,0.0,0.0,0.0,0.0,1.0
10,10,0.0,0.0,0.0,0.0,0.0,0.0,0.0,0.0,0.0,0.0,1.0
10,10,0.0,0.0,0.0,0.0,0.0,0.0,0.0,0.0,0.0,0.0,1.0
10,10,0.0,0.0,0.0,0.0,0.0,0.0,0.0,0.0,0.0,0.0,1.0
10,10,0.0,0.0,0.0,0.0,0.0,0.0,0.0,0.0,0.0,0.0,1.0
10,10,0.0,0.0,0.0,0.0,0.0,0.0,0.0,0.0,0.0,0.0,1.0
10,10,0.0,0.0,0.0,0.0,0.0,0.0,0.0,0.0,0.0,0.0,1.0
10,10,0.0,0.0,0.0,0.0,0.0,0.0,0.0,0.0,0.0,0.0,1.0
10,10,0.0,0.0,0.0,0.0,0.0,0.0,0.0,0.0,0.0,0.0,1.0
10,10,0.0,0.0,0.0,0.0,0.0,0.0,0.0,0.0,0.0,0.0,1.0
10,10,0.0,0.0,0.0,0.0,0.0,0.0,0.0,0.0,0.0,0.0,1.0
10,10,0.0,0.0,0.0,0.0,0.0,0.0,0.0,0.0,0.0,0.0,1.0
10,10,0.0,0.0,0.0,0.0,0.0,0.0,0.0,0.0,0.0,0.0,1.0
10,10,0.0,0.0,0.0,0.0,0.0,0.0,0.0,0.0,0.0,0.0,1.0
10,10,0.0,0.0,0.0,0.0,0.0,0.0,0.0,0.0,0.0,0.0,1.0
10,10,0.0,0.0,0.0,0.0,0.0,0.0,0.0,0.0,0.0,0.0,1.0
10,10,0.0,0.0,0.0,0.0,0.0,0.0,0.0,0.0,0.0,0.0,1.0
10,10,0.0,0.0,0.0,0.0,0.0,0.0,0.0,0.0,0.0,0.0,1.0
10,10,0.0,0.0,0.0,0.0,0.0,0.0,0.0,0.0,0.0,0.0,1.0
10,10,0.0,0.0,0.0,0.0,0.0,0.0,0.0,0.0,0.0,0.0,1.0
10,10,0.0,0.0,0.0,0.0,0.0,0.0,0.0,0.0,0.0,0.0,1.0
10,10,0.0,0.0,0.0,0.0,0.0,0.0,0.0,0.0,0.0,0.0,1.0
10,10,0.0,0.0,0.0,0.0,0.0,0.0,0.0,0.0,0.0,0.0,1.0
10,10,0.0,0.0,0.0,0.0,0.0,0.0,0.0,0.0,0.0,0.0,1.0
10,10,0.0,0.0,0.0,0.0,0.0,0.0,0.0,0.0,0.0,0.0,1.0
10,10,0.0,0.0,0.0,0.0,0.0,0.0,0.0,0.0,0.0,0.0,1.0
10,10,0.0,0.0,0.0,0.0,0.0,0.0,0.0,0.0,0.0,0.0,1.0
10,10,0.0,0.0,0.0,0.0,0.0,0.0,0.0,0.0,0.0,0.0,1.0
10,10,0.0,0.0,0.0,0.0,0.0,0.0,0.0,0.0,0.0,0.0,1.0
10,10,0.0,0.0,0.0,0.0,0.0,0.0,0.0,0.0,0.0,0.0,1.0
10,10,0.0,0.0,0.0,0.0,0.0,0.0,0.0,0.0,0.0,0.0,1.0
10,10,0.0,0.0,0.0,0.0,0.0,0.0,0.0,0.0,0.0,0.0,1.0
10,10,0.0,0.0,0.0,0.0,0.0,0.0,0.0,0.0,0.0,0.0,1.0
10,10,0.0,0.0,0.0,0.0,0.0,0.0,0.0,0.0,0.0,0.0,1.0
10,10,0.0,0.0,0.0,0.0,0.0,0.0,0.0,0.0,0.0,0.0,1.0
10,10,0.0,0.0,0.0,0.0,0.0,0.0,0.0,0.0,0.0,0.0,1.0
10,10,0.0,0.0,0.0,0.0,0.0,0.0,0.0,0.0,0.0,0.0,1.0
10,10,0.0,0.0,0.0,0.0,0.0,0.0,0.0,0.0,0.0,0.0,1.0
10,10,0.0,0.0,0.0,0.0,0.0,0.0,0.0,0.0,0.0,0.0,1.0
10,10,0.0,0.0,0.0,0.0,0.0,0.0,0.0,0.0,0.0,0.0,1.0
10,10,0.0,0.0,0.0,0.0,0.0,0.0,0.0,0.0,0.0,0.0,1.0
10,10,0.0,0.0,0.0,0.0,0.0,0.0,0.0,0.0,0.0,0.0,1.0
10,10,0.0,0.0,0.0,0.0,0.0,0.0,0.0,0.0,0.0,0.0,1.0
10,10,0.0,0.0,0.0,0.0,0.0,0.0,0.0,0.0,0.0,0.0,1.0
10,10,0.0,0.0,0.0,0.0,0.0,0.0,0.0,0.0,0.0,0.0,1.0
10,10,0.0,0.0,0.0,0.0,0.0,0.0,0.0,0.0,0.0,0.0,1.0
10,10,0.0,0.0,0.0,0.0,0.0,0.0,0.0,0.0,0.0,0.0,1.0
10,10,0.0,0.0,0.0,0.0,0.0,0.0,0.0,0.0,0.0,0.0,1.0
10,10,0.0,0.0,0.0,0.0,0.0,0.0,0.0,0.0,0.0,0.0,1.0
10,10,0.0,0.0,0.0,0.0,0.0,0.0,0.0,0.0,0.0,0.0,1.0
10,10,0.0,0.0,0.0,0.0,0.0,0.0,0.0,0.0,0.0,0.0,1.0
10,10,0.0,0.0,0.0,0.0,0.0,0.0,0.0,0.0,0.0,0.0,1.0
10,10,0.0,0.0,0.0,0.0,0.0,0.0,0.0,0.0,0.0,0.0,1.0
10,10,0.0,0.0,0.0,0.0,0.0,0.0,0.0,0.0,0.0,0.0,1.0
10,10,0.0,0.0,0.0,0.0,0.0,0.0,0.0,0.0,0.0,0.0,1.0
10,10,0.0,0.0,0.0,0.0,0.0,0.0,0.0,0.0,0.0,0.0,1.0
10,10,0.0,0.0,0.0,0.0,0.0,0.0,0.0,0.0,0.0,0.0,1.0
10,10,0.0,0.0,0.0,0.0,0.0,0.0,0.0,0.0,0.0,0.0,1.0
10,10,0.0,0.0,0.0,0.0,0.0,0.0,0.0,0.0,0.0,0.0,1.0
10,10,0.0,0.0,0.0,0.0,0.0,0.0,0.0,0.0,0.0,0.0,1.0
10,10,0.0,0.0,0.0,0.0,0.0,0.0,0.0,0.0,0.0,0.0,1.0
10,10,0.0,0.0,0.0,0.0,0.0,0.0,0.0,0.0,0.0,0.0,1.0
10,10,0.0,0.0,0.0,0.0,0.0,0.0,0.0,0.0,0.0,0.0,1.0
10,10,0.0,0.0,0.0,0.0,0.0,0.0,0.0,0.0,0.0,0.0,1.0
10,10,0.0,0.0,0.0,0.0,0.0,0.0,0.0,0.0,0.0,0.0,1.0
10,10,0.0,0.0,0.0,0.0,0.0,0.0,0.0,0.0,0.0,0.0,1.0
10,10,0.0,0.0,0.0,0.0,0.0,0.0,0.0,0.0,0.0,0.0,1.0
10,10,0.0,0.0,0.0,0.0,0.0,0.0,0.0,0.0,0.0,0.0,1.0
10,10,0.0,0.0,0.0,0.0,0.0,0.0,0.0,0.0,0.0,0.0,1.0
10,10,0.0,0.0,0.0,0.0,0.0,0.0,0.0,0.0,0.0,0.0,1.0
10,10,0.0,0.0,0.0,0.0,0.0,0.0,0.0,0.0,0.0,0.0,1.0
10,10,0.0,0.0,0.0,0.0,0.0,0.0,0.0,0.0,0.0,0.0,1.0
10,10,0.0,0.0,0.0,0.0,0.0,0.0,0.0,0.0,0.0,0.0,1.0
10,10,0.0,0.0,0.0,0.0,0.0,0.0,0.0,0.0,0.0,0.0,1.0
10,10,0.0,0.0,0.0,0.0,0.0,0.0,0.0,0.0,0.0,0.0,1.0
10,10,0.0,0.0,0.0,0.0,0.0,0.0,0.0,0.0,0.0,0.0,1.0
10,10,0.0,0.0,0.0,0.0,0.0,0.0,0.0,0.0,0.0,0.0,1.0
10,10,0.0,0.0,0.0,0.0,0.0,0.0,0.0,0.0,0.0,0.0,1.0
10,10,0.0,0.0,0.0,0.0,0.0,0.0,0.0,0.0,0.0,0.0,1.0
10,10,0.0,0.0,0.0,0.0,0.0,0.0,0.0,0.0,0.0,0.0,1.0
10,10,0.0,0.0,0.0,0.0,0.0,0.0,0.0,0.0,0.0,0.0,1.0
10,10,0.0,0.0,0.0,0.0,0.0,0.0,0.0,0.0,0.0,0.0,1.0
10,10,0.0,0.0,0.0,0.0,0.0,0.0,0.0,0.0,0.0,0.0,1.0
10,10,0.0,0.0,0.0,0.0,0.0,0.0,0.0,0.0,0.0,0.0,1.0
10,10,0.0,0.0,0.0,0.0,0.0,0.0,0.0,0.0,0.0,0.0,1.0
10,10,0.0,0.0,0.0,0.0,0.0,0.0,0.0,0.0,0.0,0.0,1.0
10,10,0.0,0.0,0.0,0.0,0.0,0.0,0.0,0.0,0.0,0.0,1.0
10,10,0.0,0.0,0.0,0.0,0.0,0.0,0.0,0.0,0.0,0.0,1.0
10,10,0.0,0.0,0.0,0.0,0.0,0.0,0.0,0.0,0.0,0.0,1.0
10,10,0.0,0.0,0.0,0.0,0.0,0.0,0.0,0.0,0.0,0.0,1.0
10,10,0.0,0.0,0.0,0.0,0.0,0.0,0.0,0.0,0.0,0.0,1.0
10,10,0.0,0.0,0.0,0.0,0.0,0.0,0.0,0.0,0.0,0.0,1.0
10,10,0.0,0.0,0.0,0.0,0.0,0.0,0.0,0.0,0.0,0.0,1.0
10,10,0.0,0.0,0.0,0.0,0.0,0.0,0.0,0.0,0.0,0.0,1.0
10,10,0.0,0.0,0.0,0.0,0.0,0.0,0.0,0.0,0.0,0.0,1.0
10,10,0.0,0.0,0.0,0.0,0.0,0.0,0.0,0.0,0.0,0.0,1.0
10,10,0.0,0.0,0.0,0.0,0.0,0.0,0.0,0.0,0.0,0.0,1.0
10,10,0.0,0.0,0.0,0.0,0.0,0.0,0.0,0.0,0.0,0.0,1.0
10,10,0.0,0.0,0.0,0.0,0.0,0.0,0.0,0.0,0.0,0.0,1.0
10,10,0.0,0.0,0.0,0.0,0.0,0.0,0.0,0.0,0.0,0.0,1.0
10,10,0.0,0.0,0.0,0.0,0.0,0.0,0.0,0.0,0.0,0.0,1.0
10,10,0.0,0.0,0.0,0.0,0.0,0.0,0.0,0.0,0.0,0.0,1.0
10,10,0.0,0.0,0.0,0.0,0.0,0.0,0.0,0.0,0.0,0.0,1.0
10,10,0.0,0.0,0.0,0.0,0.0,0.0,0.0,0.0,0.0,0.0,1.0
10,10,0.0,0.0,0.0,0.0,0.0,0.0,0.0,0.0,0.0,0.0,1.0
10,10,0.0,0.0,0.0,0.0,0.0,0.0,0.0,0.0,0.0,0.0,1.0
10,10,0.0,0.0,0.0,0.0,0.0,0.0,0.0,0.0,0.0,0.0,1.0
10,10,0.0,0.0,0.0,0.0,0.0,0.0,0.0,0.0,0.0,0.0,1.0
10,10,0.0,0.0,0.0,0.0,0.0,0.0,0.0,0.0,0.0,0.0,1.0
10,10,0.0,0.0,0.0,0.0,0.0,0.0,0.0,0.0,0.0,0.0,1.0
10,10,0.0,0.0,0.0,0.0,0.0,0.0,0.0,0.0,0.0,0.0,1.0
10,10,0.0,0.0,0.0,0.0,0.0,0.0,0.0,0.0,0.0,0.0,1.0
10,10,0.0,0.0,0.0,0.0,0.0,0.0,0.0,0.0,0.0,0.0,1.0
10,10,0.0,0.0,0.0,0.0,0.0,0.0,0.0,0.0,0.0,0.0,1.0
10,10,0.0,0.0,0.0,0.0,0.0,0.0,0.0,0.0,0.0,0.0,1.0
10,10,0.0,0.0,0.0,0.0,0.0,0.0,0.0,0.0,0.0,0.0,1.0
10,10,0.0,0.0,0.0,0.0,0.0,0.0,0.0,0.0,0.0,0.0,1.0
10,10,0.0,0.0,0.0,0.0,0.0,0.0,0.0,0.0,0.0,0.0,1.0
10,10,0.0,0.0,0.0,0.0,0.0,0.0,0.0,0.0,0.0,0.0,1.0
10,10,0.0,0.0,0.0,0.0,0.0,0.0,0.0,0.0,0.0,0.0,1.0
10,10,0.0,0.0,0.0,0.0,0.0,0.0,0.0,0.0,0.0,0.0,1.0
10,10,0.0,0.0,0.0,0.0,0.0,0.0,0.0,0.0,0.0,0.0,1.0
10,10,0.0,0.0,0.0,0.0,0.0,0.0,0.0,0.0,0.0,0.0,1.0
10,10,0.0,0.0,0.0,0.0,0.0,0.0,0.0,0.0,0.0,0.0,1.0
10,10,0.0,0.0,0.0,0.0,0.0,0.0,0.0,0.0,0.0,0.0,1.0
10,10,0.0,0.0,0.0,0.0,0.0,0.0,0.0,0.0,0.0,0.0,1.0
10,10,0.0,0.0,0.0,0.0,0.0,0.0,0.0,0.0,0.0,0.0,1.0
10,10,0.0,0.0,0.0,0.0,0.0,0.0,0.0,0.0,0.0,0.0,1.0
10,10,0.0,0.0,0.0,0.0,0.0,0.0,0.0,0.0,0.0,0.0,1.0
10,10,0.0,0.0,0.0,0.0,0.0,0.0,0.0,0.0,0.0,0.0,1.0
10,10,0.0,0.0,0.0,0.0,0.0,0.0,0.0,0.0,0.0,0.0,1.0
10,10,0.0,0.0,0.0,0.0,0.0,0.0,0.0,0.0,0.0,0.0,1.0
10,10,0.0,0.0,0.0,0.0,0.0,0.0,0.0,0.0,0.0,0.0,1.0
10,10,0.0,0.0,0.0,0.0,0.0,0.0,0.0,0.0,0.0,0.0,1.0
10,10,0.0,0.0,0.0,0.0,0.0,0.0,0.0,0.0,0.0,0.0,1.0
10,10,0.0,0.0,0.0,0.0,0.0,0.0,0.0,0.0,0.0,0.0,1.0
10,10,0.0,0.0,0.0,0.0,0.0,0.0,0.0,0.0,0.0,0.0,1.0
10,10,0.0,0.0,0.0,0.0,0.0,0.0,0.0,0.0,0.0,0.0,1.0
10,10,0.0,0.0,0.0,0.0,0.0,0.0,0.0,0.0,0.0,0.0,1.0
10,10,0.0,0.0,0.0,0.0,0.0,0.0,0.0,0.0,0.0,0.0,1.0
10,10,0.0,0.0,0.0,0.0,0.0,0.0,0.0,0.0,0.0,0.0,1.0
10,10,0.0,0.0,0.0,0.0,0.0,0.0,0.0,0.0,0.0,0.0,1.0
10,10,0.0,0.0,0.0,0.0,0.0,0.0,0.0,0.0,0.0,0.0,1.0
10,10,0.0,0.0,0.0,0.0,0.0,0.0,0.0,0.0,0.0,0.0,1.0
10,10,0.0,0.0,0.0,0.0,0.0,0.0,0.0,0.0,0.0,0.0,1.0
10,10,0.0,0.0,0.0,0.0,0.0,0.0,0.0,0.0,0.0,0.0,1.0
10,10,0.0,0.0,0.0,0.0,0.0,0.0,0.0,0.0,0.0,0.0,1.0
10,10,0.0,0.0,0.0,0.0,0.0,0.0,0.0,0.0,0.0,0.0,1.0
10,10,0.0,0.0,0.0,0.0,0.0,0.0,0.0,0.0,0.0,0.0,1.0
10,10,0.0,0.0,0.0,0.0,0.0,0.0,0.0,0.0,0.0,0.0,1.0
10,10,0.0,0.0,0.0,0.0,0.0,0.0,0.0,0.0,0.0,0.0,1.0
10,10,0.0,0.0,0.0,0.0,0.0,0.0,0.0,0.0,0.0,0.0,1.0
10,10,0.0,0.0,0.0,0.0,0.0,0.0,0.0,0.0,0.0,0.0,1.0
10,10,0.0,0.0,0.0,0.0,0.0,0.0,0.0,0.0,0.0,0.0,1.0
10,10,0.0,0.0,0.0,0.0,0.0,0.0,0.0,0.0,0.0,0.0,1.0
10,10,0.0,0.0,0.0,0.0,0.0,0.0,0.0,0.0,0.0,0.0,1.0
10,10,0.0,0.0,0.0,0.0,0.0,0.0,0.0,0.0,0.0,0.0,1.0
10,10,0.0,0.0,0.0,0.0,0.0,0.0,0.0,0.0,0.0,0.0,1.0
10,10,0.0,0.0,0.0,0.0,0.0,0.0,0.0,0.0,0.0,0.0,1.0
10,10,0.0,0.0,0.0,0.0,0.0,0.0,0.0,0.0,0.0,0.0,1.0
10,10,0.0,0.0,0.0,0.0,0.0,0.0,0.0,0.0,0.0,0.0,1.0
10,10,0.0,0.0,0.0,0.0,0.0,0.0,0.0,0.0,0.0,0.0,1.0
10,10,0.0,0.0,0.0,0.0,0.0,0.0,0.0,0.0,0.0,0.0,1.0
10,10,0.0,0.0,0.0,0.0,0.0,0.0,0.0,0.0,0.0,0.0,1.0
10,10,0.0,0.0,0.0,0.0,0.0,0.0,0.0,0.0,0.0,0.0,1.0
10,10,0.0,0.0,0.0,0.0,0.0,0.0,0.0,0.0,0.0,0.0,1.0
10,10,0.0,0.0,0.0,0.0,0.0,0.0,0.0,0.0,0.0,0.0,1.0
10,10,0.0,0.0,0.0,0.0,0.0,0.0,0.0,0.0,0.0,0.0,1.0
10,10,0.0,0.0,0.0,0.0,0.0,0.0,0.0,0.0,0.0,0.0,1.0
10,10,0.0,0.0,0.0,0.0,0.0,0.0,0.0,0.0,0.0,0.0,1.0
10,10,0.0,0.0,0.0,0.0,0.0,0.0,0.0,0.0,0.0,0.0,1.0
10,10,0.0,0.0,0.0,0.0,0.0,0.0,0.0,0.0,0.0,0.0,1.0
10,10,0.0,0.0,0.0,0.0,0.0,0.0,0.0,0.0,0.0,0.0,1.0
10,10,0.0,0.0,0.0,0.0,0.0,0.0,0.0,0.0,0.0,0.0,1.0
10,10,0.0,0.0,0.0,0.0,0.0,0.0,0.0,0.0,0.0,0.0,1.0
10,10,0.0,0.0,0.0,0.0,0.0,0.0,0.0,0.0,0.0,0.0,1.0
10,10,0.0,0.0,0.0,0.0,0.0,0.0,0.0,0.0,0.0,0.0,1.0
10,10,0.0,0.0,0.0,0.0,0.0,0.0,0.0,0.0,0.0,0.0,1.0
10,10,0.0,0.0,0.0,0.0,0.0,0.0,0.0,0.0,0.0,0.0,1.0
10,10,0.0,0.0,0.0,0.0,0.0,0.0,0.0,0.0,0.0,0.0,1.0
10,10,0.0,0.0,0.0,0.0,0.0,0.0,0.0,0.0,0.0,0.0,1.0
10,10,0.0,0.0,0.0,0.0,0.0,0.0,0.0,0.0,0.0,0.0,1.0
10,10,0.0,0.0,0.0,0.0,0.0,0.0,0.0,0.0,0.0,0.0,1.0
10,10,0.0,0.0,0.0,0.0,0.0,0.0,0.0,0.0,0.0,0.0,1.0
10,10,0.0,0.0,0.0,0.0,0.0,0.0,0.0,0.0,0.0,0.0,1.0
10,10,0.0,0.0,0.0,0.0,0.0,0.0,0.0,0.0,0.0,0.0,1.0
10,10,0.0,0.0,0.0,0.0,0.0,0.0,0.0,0.0,0.0,0.0,1.0
10,10,0.0,0.0,0.0,0.0,0.0,0.0,0.0,0.0,0.0,0.0,1.0
10,10,0.0,0.0,0.0,0.0,0.0,0.0,0.0,0.0,0.0,0.0,1.0
10,10,0.0,0.0,0.0,0.0,0.0,0.0,0.0,0.0,0.0,0.0,1.0
10,10,0.0,0.0,0.0,0.0,0.0,0.0,0.0,0.0,0.0,0.0,1.0
10,10,0.0,0.0,0.0,0.0,0.0,0.0,0.0,0.0,0.0,0.0,1.0
10,10,0.0,0.0,0.0,0.0,0.0,0.0,0.0,0.0,0.0,0.0,1.0
10,10,0.0,0.0,0.0,0.0,0.0,0.0,0.0,0.0,0.0,0.0,1.0
10,10,0.0,0.0,0.0,0.0,0.0,0.0,0.0,0.0,0.0,0.0,1.0
10,10,0.0,0.0,0.0,0.0,0.0,0.0,0.0,0.0,0.0,0.0,1.0
10,10,0.0,0.0,0.0,0.0,0.0,0.0,0.0,0.0,0.0,0.0,1.0
10,10,0.0,0.0,0.0,0.0,0.0,0.0,0.0,0.0,0.0,0.0,1.0
10,10,0.0,0.0,0.0,0.0,0.0,0.0,0.0,0.0,0.0,0.0,1.0
10,10,0.0,0.0,0.0,0.0,0.0,0.0,0.0,0.0,0.0,0.0,1.0
10,10,0.0,0.0,0.0,0.0,0.0,0.0,0.0,0.0,0.0,0.0,1.0
10,10,0.0,0.0,0.0,0.0,0.0,0.0,0.0,0.0,0.0,0.0,1.0
10,10,0.0,0.0,0.0,0.0,0.0,0.0,0.0,0.0,0.0,0.0,1.0
10,10,0.0,0.0,0.0,0.0,0.0,0.0,0.0,0.0,0.0,0.0,1.0
10,10,0.0,0.0,0.0,0.0,0.0,0.0,0.0,0.0,0.0,0.0,1.0
10,10,0.0,0.0,0.0,0.0,0.0,0.0,0.0,0.0,0.0,0.0,1.0
10,10,0.0,0.0,0.0,0.0,0.0,0.0,0.0,0.0,0.0,0.0,1.0
10,10,0.0,0.0,0.0,0.0,0.0,0.0,0.0,0.0,0.0,0.0,1.0
10,10,0.0,0.0,0.0,0.0,0.0,0.0,0.0,0.0,0.0,0.0,1.0
10,10,0.0,0.0,0.0,0.0,0.0,0.0,0.0,0.0,0.0,0.0,1.0
10,10,0.0,0.0,0.0,0.0,0.0,0.0,0.0,0.0,0.0,0.0,1.0
10,10,0.0,0.0,0.0,0.0,0.0,0.0,0.0,0.0,0.0,0.0,1.0
10,10,0.0,0.0,0.0,0.0,0.0,0.0,0.0,0.0,0.0,0.0,1.0
10,10,0.0,0.0,0.0,0.0,0.0,0.0,0.0,0.0,0.0,0.0,1.0
10,10,0.0,0.0,0.0,0.0,0.0,0.0,0.0,0.0,0.0,0.0,1.0
10,10,0.0,0.0,0.0,0.0,0.0,0.0,0.0,0.0,0.0,0.0,1.0
10,10,0.0,0.0,0.0,0.0,0.0,0.0,0.0,0.0,0.0,0.0,1.0
10,10,0.0,0.0,0.0,0.0,0.0,0.0,0.0,0.0,0.0,0.0,1.0
10,10,0.0,0.0,0.0,0.0,0.0,0.0,0.0,0.0,0.0,0.0,1.0
10,10,0.0,0.0,0.0,0.0,0.0,0.0,0.0,0.0,0.0,0.0,1.0
10,10,0.0,0.0,0.0,0.0,0.0,0.0,0.0,0.0,0.0,0.0,1.0
10,10,0.0,0.0,0.0,0.0,0.0,0.0,0.0,0.0,0.0,0.0,1.0
10,10,0.0,0.0,0.0,0.0,0.0,0.0,0.0,0.0,0.0,0.0,1.0
10,10,0.0,0.0,0.0,0.0,0.0,0.0,0.0,0.0,0.0,0.0,1.0
10,10,0.0,0.0,0.0,0.0,0.0,0.0,0.0,0.0,0.0,0.0,1.0
10,10,0.0,0.0,0.0,0.0,0.0,0.0,0.0,0.0,0.0,0.0,1.0
10,10,0.0,0.0,0.0,0.0,0.0,0.0,0.0,0.0,0.0,0.0,1.0
10,10,0.0,0.0,0.0,0.0,0.0,0.0,0.0,0.0,0.0,0.0,1.0
10,10,0.0,0.0,0.0,0.0,0.0,0.0,0.0,0.0,0.0,0.0,1.0
10,10,0.0,0.0,0.0,0.0,0.0,0.0,0.0,0.0,0.0,0.0,1.0
10,10,0.0,0.0,0.0,0.0,0.0,0.0,0.0,0.0,0.0,0.0,1.0
10,10,0.0,0.0,0.0,0.0,0.0,0.0,0.0,0.0,0.0,0.0,1.0
10,10,0.0,0.0,0.0,0.0,0.0,0.0,0.0,0.0,0.0,0.0,1.0
10,10,0.0,0.0,0.0,0.0,0.0,0.0,0.0,0.0,0.0,0.0,1.0
10,10,0.0,0.0,0.0,0.0,0.0,0.0,0.0,0.0,0.0,0.0,1.0
10,10,0.0,0.0,0.0,0.0,0.0,0.0,0.0,0.0,0.0,0.0,1.0
10,10,0.0,0.0,0.0,0.0,0.0,0.0,0.0,0.0,0.0,0.0,1.0
10,10,0.0,0.0,0.0,0.0,0.0,0.0,0.0,0.0,0.0,0.0,1.0
10,10,0.0,0.0,0.0,0.0,0.0,0.0,0.0,0.0,0.0,0.0,1.0
10,10,0.0,0.0,0.0,0.0,0.0,0.0,0.0,0.0,0.0,0.0,1.0
10,10,0.0,0.0,0.0,0.0,0.0,0.0,0.0,0.0,0.0,0.0,1.0
10,10,0.0,0.0,0.0,0.0,0.0,0.0,0.0,0.0,0.0,0.0,1.0
10,10,0.0,0.0,0.0,0.0,0.0,0.0,0.0,0.0,0.0,0.0,1.0
10,10,0.0,0.0,0.0,0.0,0.0,0.0,0.0,0.0,0.0,0.0,1.0
10,10,0.0,0.0,0.0,0.0,0.0,0.0,0.0,0.0,0.0,0.0,1.0
10,10,0.0,0.0,0.0,0.0,0.0,0.0,0.0,0.0,0.0,0.0,1.0
10,10,0.0,0.0,0.0,0.0,0.0,0.0,0.0,0.0,0.0,0.0,1.0
10,10,0.0,0.0,0.0,0.0,0.0,0.0,0.0,0.0,0.0,0.0,1.0
10,10,0.0,0.0,0.0,0.0,0.0,0.0,0.0,0.0,0.0,0.0,1.0
10,10,0.0,0.0,0.0,0.0,0.0,0.0,0.0,0.0,0.0,0.0,1.0
10,10,0.0,0.0,0.0,0.0,0.0,0.0,0.0,0.0,0.0,0.0,1.0
10,10,0.0,0.0,0.0,0.0,0.0,0.0,0.0,0.0,0.0,0.0,1.0
10,10,0.0,0.0,0.0,0.0,0.0,0.0,0.0,0.0,0.0,0.0,1.0
10,10,0.0,0.0,0.0,0.0,0.0,0.0,0.0,0.0,0.0,0.0,1.0
10,10,0.0,0.0,0.0,0.0,0.0,0.0,0.0,0.0,0.0,0.0,1.0
10,10,0.0,0.0,0.0,0.0,0.0,0.0,0.0,0.0,0.0,0.0,1.0
10,10,0.0,0.0,0.0,0.0,0.0,0.0,0.0,0.0,0.0,0.0,1.0
10,10,0.0,0.0,0.0,0.0,0.0,0.0,0.0,0.0,0.0,0.0,1.0
10,10,0.0,0.0,0.0,0.0,0.0,0.0,0.0,0.0,0.0,0.0,1.0
10,10,0.0,0.0,0.0,0.0,0.0,0.0,0.0,0.0,0.0,0.0,1.0
10,10,0.0,0.0,0.0,0.0,0.0,0.0,0.0,0.0,0.0,0.0,1.0
10,10,0.0,0.0,0.0,0.0,0.0,0.0,0.0,0.0,0.0,0.0,1.0
10,10,0.0,0.0,0.0,0.0,0.0,0.0,0.0,0.0,0.0,0.0,1.0
10,10,0.0,0.0,0.0,0.0,0.0,0.0,0.0,0.0,0.0,0.0,1.0
10,10,0.0,0.0,0.0,0.0,0.0,0.0,0.0,0.0,0.0,0.0,1.0
10,10,0.0,0.0,0.0,0.0,0.0,0.0,0.0,0.0,0.0,0.0,1.0
10,10,0.0,0.0,0.0,0.0,0.0,0.0,0.0,0.0,0.0,0.0,1.0
10,10,0.0,0.0,0.0,0.0,0.0,0.0,0.0,0.0,0.0,0.0,1.0
10,10,0.0,0.0,0.0,0.0,0.0,0.0,0.0,0.0,0.0,0.0,1.0
10,10,0.0,0.0,0.0,0.0,0.0,0.0,0.0,0.0,0.0,0.0,1.0
10,10,0.0,0.0,0.0,0.0,0.0,0.0,0.0,0.0,0.0,0.0,1.0
10,10,0.0,0.0,0.0,0.0,0.0,0.0,0.0,0.0,0.0,0.0,1.0
10,10,0.0,0.0,0.0,0.0,0.0,0.0,0.0,0.0,0.0,0.0,1.0
10,10,0.0,0.0,0.0,0.0,0.0,0.0,0.0,0.0,0.0,0.0,1.0
10,10,0.0,0.0,0.0,0.0,0.0,0.0,0.0,0.0,0.0,0.0,1.0
10,10,0.0,0.0,0.0,0.0,0.0,0.0,0.0,0.0,0.0,0.0,1.0
10,10,0.0,0.0,0.0,0.0,0.0,0.0,0.0,0.0,0.0,0.0,1.0
10,10,0.0,0.0,0.0,0.0,0.0,0.0,0.0,0.0,0.0,0.0,1.0
10,10,0.0,0.0,0.0,0.0,0.0,0.0,0.0,0.0,0.0,0.0,1.0
10,10,0.0,0.0,0.0,0.0,0.0,0.0,0.0,0.0,0.0,0.0,1.0
10,10,0.0,0.0,0.0,0.0,0.0,0.0,0.0,0.0,0.0,0.0,1.0
10,10,0.0,0.0,0.0,0.0,0.0,0.0,0.0,0.0,0.0,0.0,1.0
10,10,0.0,0.0,0.0,0.0,0.0,0.0,0.0,0.0,0.0,0.0,1.0
10,10,0.0,0.0,0.0,0.0,0.0,0.0,0.0,0.0,0.0,0.0,1.0
10,10,0.0,0.0,0.0,0.0,0.0,0.0,0.0,0.0,0.0,0.0,1.0
10,10,0.0,0.0,0.0,0.0,0.0,0.0,0.0,0.0,0.0,0.0,1.0
10,10,0.0,0.0,0.0,0.0,0.0,0.0,0.0,0.0,0.0,0.0,1.0
10,10,0.0,0.0,0.0,0.0,0.0,0.0,0.0,0.0,0.0,0.0,1.0
10,10,0.0,0.0,0.0,0.0,0.0,0.0,0.0,0.0,0.0,0.0,1.0
10,10,0.0,0.0,0.0,0.0,0.0,0.0,0.0,0.0,0.0,0.0,1.0
10,10,0.0,0.0,0.0,0.0,0.0,0.0,0.0,0.0,0.0,0.0,1.0
10,10,0.0,0.0,0.0,0.0,0.0,0.0,0.0,0.0,0.0,0.0,1.0
10,10,0.0,0.0,0.0,0.0,0.0,0.0,0.0,0.0,0.0,0.0,1.0
10,10,0.0,0.0,0.0,0.0,0.0,0.0,0.0,0.0,0.0,0.0,1.0
10,10,0.0,0.0,0.0,0.0,0.0,0.0,0.0,0.0,0.0,0.0,1.0
10,10,0.0,0.0,0.0,0.0,0.0,0.0,0.0,0.0,0.0,0.0,1.0
10,10,0.0,0.0,0.0,0.0,0.0,0.0,0.0,0.0,0.0,0.0,1.0
10,10,0.0,0.0,0.0,0.0,0.0,0.0,0.0,0.0,0.0,0.0,1.0
10,10,0.0,0.0,0.0,0.0,0.0,0.0,0.0,0.0,0.0,0.0,1.0
10,10,0.0,0.0,0.0,0.0,0.0,0.0,0.0,0.0,0.0,0.0,1.0
10,10,0.0,0.0,0.0,0.0,0.0,0.0,0.0,0.0,0.0,0.0,1.0
10,10,0.0,0.0,0.0,0.0,0.0,0.0,0.0,0.0,0.0,0.0,1.0
10,10,0.0,0.0,0.0,0.0,0.0,0.0,0.0,0.0,0.0,0.0,1.0
10,10,0.0,0.0,0.0,0.0,0.0,0.0,0.0,0.0,0.0,0.0,1.0
10,10,0.0,0.0,0.0,0.0,0.0,0.0,0.0,0.0,0.0,0.0,1.0
10,10,0.0,0.0,0.0,0.0,0.0,0.0,0.0,0.0,0.0,0.0,1.0
10,10,0.0,0.0,0.0,0.0,0.0,0.0,0.0,0.0,0.0,0.0,1.0
10,10,0.0,0.0,0.0,0.0,0.0,0.0,0.0,0.0,0.0,0.0,1.0
10,10,0.0,0.0,0.0,0.0,0.0,0.0,0.0,0.0,0.0,0.0,1.0
10,10,0.0,0.0,0.0,0.0,0.0,0.0,0.0,0.0,0.0,0.0,1.0
10,10,0.0,0.0,0.0,0.0,0.0,0.0,0.0,0.0,0.0,0.0,1.0
10,10,0.0,0.0,0.0,0.0,0.0,0.0,0.0,0.0,0.0,0.0,1.0
10,10,0.0,0.0,0.0,0.0,0.0,0.0,0.0,0.0,0.0,0.0,1.0
10,10,0.0,0.0,0.0,0.0,0.0,0.0,0.0,0.0,0.0,0.0,1.0
10,10,0.0,0.0,0.0,0.0,0.0,0.0,0.0,0.0,0.0,0.0,1.0
10,10,0.0,0.0,0.0,0.0,0.0,0.0,0.0,0.0,0.0,0.0,1.0
10,10,0.0,0.0,0.0,0.0,0.0,0.0,0.0,0.0,0.0,0.0,1.0
10,10,0.0,0.0,0.0,0.0,0.0,0.0,0.0,0.0,0.0,0.0,1.0
10,10,0.0,0.0,0.0,0.0,0.0,0.0,0.0,0.0,0.0,0.0,1.0
10,10,0.0,0.0,0.0,0.0,0.0,0.0,0.0,0.0,0.0,0.0,1.0
10,10,0.0,0.0,0.0,0.0,0.0,0.0,0.0,0.0,0.0,0.0,1.0
10,10,0.0,0.0,0.0,0.0,0.0,0.0,0.0,0.0,0.0,0.0,1.0
10,10,0.0,0.0,0.0,0.0,0.0,0.0,0.0,0.0,0.0,0.0,1.0
10,10,0.0,0.0,0.0,0.0,0.0,0.0,0.0,0.0,0.0,0.0,1.0
10,10,0.0,0.0,0.0,0.0,0.0,0.0,0.0,0.0,0.0,0.0,1.0
10,10,0.0,0.0,0.0,0.0,0.0,0.0,0.0,0.0,0.0,0.0,1.0
10,10,0.0,0.0,0.0,0.0,0.0,0.0,0.0,0.0,0.0,0.0,1.0
10,10,0.0,0.0,0.0,0.0,0.0,0.0,0.0,0.0,0.0,0.0,1.0
10,10,0.0,0.0,0.0,0.0,0.0,0.0,0.0,0.0,0.0,0.0,1.0
10,10,0.0,0.0,0.0,0.0,0.0,0.0,0.0,0.0,0.0,0.0,1.0
10,10,0.0,0.0,0.0,0.0,0.0,0.0,0.0,0.0,0.0,0.0,1.0
10,10,0.0,0.0,0.0,0.0,0.0,0.0,0.0,0.0,0.0,0.0,1.0
10,10,0.0,0.0,0.0,0.0,0.0,0.0,0.0,0.0,0.0,0.0,1.0
10,10,0.0,0.0,0.0,0.0,0.0,0.0,0.0,0.0,0.0,0.0,1.0
10,10,0.0,0.0,0.0,0.0,0.0,0.0,0.0,0.0,0.0,0.0,1.0
10,10,0.0,0.0,0.0,0.0,0.0,0.0,0.0,0.0,0.0,0.0,1.0
10,10,0.0,0.0,0.0,0.0,0.0,0.0,0.0,0.0,0.0,0.0,1.0
10,10,0.0,0.0,0.0,0.0,0.0,0.0,0.0,0.0,0.0,0.0,1.0
10,10,0.0,0.0,0.0,0.0,0.0,0.0,0.0,0.0,0.0,0.0,1.0
10,10,0.0,0.0,0.0,0.0,0.0,0.0,0.0,0.0,0.0,0.0,1.0
10,10,0.0,0.0,0.0,0.0,0.0,0.0,0.0,0.0,0.0,0.0,1.0
10,10,0.0,0.0,0.0,0.0,0.0,0.0,0.0,0.0,0.0,0.0,1.0
10,10,0.0,0.0,0.0,0.0,0.0,0.0,0.0,0.0,0.0,0.0,1.0
10,10,0.0,0.0,0.0,0.0,0.0,0.0,0.0,0.0,0.0,0.0,1.0
10,10,0.0,0.0,0.0,0.0,0.0,0.0,0.0,0.0,0.0,0.0,1.0
10,10,0.0,0.0,0.0,0.0,0.0,0.0,0.0,0.0,0.0,0.0,1.0
10,10,0.0,0.0,0.0,0.0,0.0,0.0,0.0,0.0,0.0,0.0,1.0
10,10,0.0,0.0,0.0,0.0,0.0,0.0,0.0,0.0,0.0,0.0,1.0
10,10,0.0,0.0,0.0,0.0,0.0,0.0,0.0,0.0,0.0,0.0,1.0
10,10,0.0,0.0,0.0,0.0,0.0,0.0,0.0,0.0,0.0,0.0,1.0
10,10,0.0,0.0,0.0,0.0,0.0,0.0,0.0,0.0,0.0,0.0,1.0
10,10,0.0,0.0,0.0,0.0,0.0,0.0,0.0,0.0,0.0,0.0,1.0
10,10,0.0,0.0,0.0,0.0,0.0,0.0,0.0,0.0,0.0,0.0,1.0
10,10,0.0,0.0,0.0,0.0,0.0,0.0,0.0,0.0,0.0,0.0,1.0
10,10,0.0,0.0,0.0,0.0,0.0,0.0,0.0,0.0,0.0,0.0,1.0
10,10,0.0,0.0,0.0,0.0,0.0,0.0,0.0,0.0,0.0,0.0,1.0
10,10,0.0,0.0,0.0,0.0,0.0,0.0,0.0,0.0,0.0,0.0,1.0
10,10,0.0,0.0,0.0,0.0,0.0,0.0,0.0,0.0,0.0,0.0,1.0
10,10,0.0,0.0,0.0,0.0,0.0,0.0,0.0,0.0,0.0,0.0,1.0
10,10,0.0,0.0,0.0,0.0,0.0,0.0,0.0,0.0,0.0,0.0,1.0
10,10,0.0,0.0,0.0,0.0,0.0,0.0,0.0,0.0,0.0,0.0,1.0
10,10,0.0,0.0,0.0,0.0,0.0,0.0,0.0,0.0,0.0,0.0,1.0
10,10,0.0,0.0,0.0,0.0,0.0,0.0,0.0,0.0,0.0,0.0,1.0
10,10,0.0,0.0,0.0,0.0,0.0,0.0,0.0,0.0,0.0,0.0,1.0
10,10,0.0,0.0,0.0,0.0,0.0,0.0,0.0,0.0,0.0,0.0,1.0
10,10,0.0,0.0,0.0,0.0,0.0,0.0,0.0,0.0,0.0,0.0,1.0
10,10,0.0,0.0,0.0,0.0,0.0,0.0,0.0,0.0,0.0,0.0,1.0
10,10,0.0,0.0,0.0,0.0,0.0,0.0,0.0,0.0,0.0,0.0,1.0
10,10,0.0,0.0,0.0,0.0,0.0,0.0,0.0,0.0,0.0,0.0,1.0
10,10,0.0,0.0,0.0,0.0,0.0,0.0,0.0,0.0,0.0,0.0,1.0
10,10,0.0,0.0,0.0,0.0,0.0,0.0,0.0,0.0,0.0,0.0,1.0
10,10,0.0,0.0,0.0,0.0,0.0,0.0,0.0,0.0,0.0,0.0,1.0
10,10,0.0,0.0,0.0,0.0,0.0,0.0,0.0,0.0,0.0,0.0,1.0
10,10,0.0,0.0,0.0,0.0,0.0,0.0,0.0,0.0,0.0,0.0,1.0
10,10,0.0,0.0,0.0,0.0,0.0,0.0,0.0,0.0,0.0,0.0,1.0
10,10,0.0,0.0,0.0,0.0,0.0,0.0,0.0,0.0,0.0,0.0,1.0
10,10,0.0,0.0,0.0,0.0,0.0,0.0,0.0,0.0,0.0,0.0,1.0
10,10,0.0,0.0,0.0,0.0,0.0,0.0,0.0,0.0,0.0,0.0,1.0
10,10,0.0,0.0,0.0,0.0,0.0,0.0,0.0,0.0,0.0,0.0,1.0
10,10,0.0,0.0,0.0,0.0,0.0,0.0,0.0,0.0,0.0,0.0,1.0
10,10,0.0,0.0,0.0,0.0,0.0,0.0,0.0,0.0,0.0,0.0,1.0
10,10,0.0,0.0,0.0,0.0,0.0,0.0,0.0,0.0,0.0,0.0,1.0
10,10,0.0,0.0,0.0,0.0,0.0,0.0,0.0,0.0,0.0,0.0,1.0
10,10,0.0,0.0,0.0,0.0,0.0,0.0,0.0,0.0,0.0,0.0,1.0
10,10,0.0,0.0,0.0,0.0,0.0,0.0,0.0,0.0,0.0,0.0,1.0
10,10,0.0,0.0,0.0,0.0,0.0,0.0,0.0,0.0,0.0,0.0,1.0
10,10,0.0,0.0,0.0,0.0,0.0,0.0,0.0,0.0,0.0,0.0,1.0
10,10,0.0,0.0,0.0,0.0,0.0,0.0,0.0,0.0,0.0,0.0,1.0
10,10,0.0,0.0,0.0,0.0,0.0,0.0,0.0,0.0,0.0,0.0,1.0
10,10,0.0,0.0,0.0,0.0,0.0,0.0,0.0,0.0,0.0,0.0,1.0
10,10,0.0,0.0,0.0,0.0,0.0,0.0,0.0,0.0,0.0,0.0,1.0
10,10,0.0,0.0,0.0,0.0,0.0,0.0,0.0,0.0,0.0,0.0,1.0
10,10,0.0,0.0,0.0,0.0,0.0,0.0,0.0,0.0,0.0,0.0,1.0
10,10,0.0,0.0,0.0,0.0,0.0,0.0,0.0,0.0,0.0,0.0,1.0
10,10,0.0,0.0,0.0,0.0,0.0,0.0,0.0,0.0,0.0,0.0,1.0
10,10,0.0,0.0,0.0,0.0,0.0,0.0,0.0,0.0,0.0,0.0,1.0
10,10,0.0,0.0,0.0,0.0,0.0,0.0,0.0,0.0,0.0,0.0,1.0
10,10,0.0,0.0,0.0,0.0,0.0,0.0,0.0,0.0,0.0,0.0,1.0
10,10,0.0,0.0,0.0,0.0,0.0,0.0,0.0,0.0,0.0,0.0,1.0
10,10,0.0,0.0,0.0,0.0,0.0,0.0,0.0,0.0,0.0,0.0,1.0
10,10,0.0,0.0,0.0,0.0,0.0,0.0,0.0,0.0,0.0,0.0,1.0
10,10,0.0,0.0,0.0,0.0,0.0,0.0,0.0,0.0,0.0,0.0,1.0
10,10,0.0,0.0,0.0,0.0,0.0,0.0,0.0,0.0,0.0,0.0,1.0
10,10,0.0,0.0,0.0,0.0,0.0,0.0,0.0,0.0,0.0,0.0,1.0
10,10,0.0,0.0,0.0,0.0,0.0,0.0,0.0,0.0,0.0,0.0,1.0
10,10,0.0,0.0,0.0,0.0,0.0,0.0,0.0,0.0,0.0,0.0,1.0
10,10,0.0,0.0,0.0,0.0,0.0,0.0,0.0,0.0,0.0,0.0,1.0
10,10,0.0,0.0,0.0,0.0,0.0,0.0,0.0,0.0,0.0,0.0,1.0
10,10,0.0,0.0,0.0,0.0,0.0,0.0,0.0,0.0,0.0,0.0,1.0
10,10,0.0,0.0,0.0,0.0,0.0,0.0,0.0,0.0,0.0,0.0,1.0
10,10,0.0,0.0,0.0,0.0,0.0,0.0,0.0,0.0,0.0,0.0,1.0
10,10,0.0,0.0,0.0,0.0,0.0,0.0,0.0,0.0,0.0,0.0,1.0
10,10,0.0,0.0,0.0,0.0,0.0,0.0,0.0,0.0,0.0,0.0,1.0
10,10,0.0,0.0,0.0,0.0,0.0,0.0,0.0,0.0,0.0,0.0,1.0
10,10,0.0,0.0,0.0,0.0,0.0,0.0,0.0,0.0,0.0,0.0,1.0
10,10,0.0,0.0,0.0,0.0,0.0,0.0,0.0,0.0,0.0,0.0,1.0
10,10,0.0,0.0,0.0,0.0,0.0,0.0,0.0,0.0,0.0,0.0,1.0
10,10,0.0,0.0,0.0,0.0,0.0,0.0,0.0,0.0,0.0,0.0,1.0
10,10,0.0,0.0,0.0,0.0,0.0,0.0,0.0,0.0,0.0,0.0,1.0
10,10,0.0,0.0,0.0,0.0,0.0,0.0,0.0,0.0,0.0,0.0,1.0
10,10,0.0,0.0,0.0,0.0,0.0,0.0,0.0,0.0,0.0,0.0,1.0
10,10,0.0,0.0,0.0,0.0,0.0,0.0,0.0,0.0,0.0,0.0,1.0
10,10,0.0,0.0,0.0,0.0,0.0,0.0,0.0,0.0,0.0,0.0,1.0
10,10,0.0,0.0,0.0,0.0,0.0,0.0,0.0,0.0,0.0,0.0,1.0
10,10,0.0,0.0,0.0,0.0,0.0,0.0,0.0,0.0,0.0,0.0,1.0
10,10,0.0,0.0,0.0,0.0,0.0,0.0,0.0,0.0,0.0,0.0,1.0
10,10,0.0,0.0,0.0,0.0,0.0,0.0,0.0,0.0,0.0,0.0,1.0
10,10,0.0,0.0,0.0,0.0,0.0,0.0,0.0,0.0,0.0,0.0,1.0
10,10,0.0,0.0,0.0,0.0,0.0,0.0,0.0,0.0,0.0,0.0,1.0
10,10,0.0,0.0,0.0,0.0,0.0,0.0,0.0,0.0,0.0,0.0,1.0
10,10,0.0,0.0,0.0,0.0,0.0,0.0,0.0,0.0,0.0,0.0,1.0
10,10,0.0,0.0,0.0,0.0,0.0,0.0,0.0,0.0,0.0,0.0,1.0
10,10,0.0,0.0,0.0,0.0,0.0,0.0,0.0,0.0,0.0,0.0,1.0
10,10,0.0,0.0,0.0,0.0,0.0,0.0,0.0,0.0,0.0,0.0,1.0
10,10,0.0,0.0,0.0,0.0,0.0,0.0,0.0,0.0,0.0,0.0,1.0
10,10,0.0,0.0,0.0,0.0,0.0,0.0,0.0,0.0,0.0,0.0,1.0
10,10,0.0,0.0,0.0,0.0,0.0,0.0,0.0,0.0,0.0,0.0,1.0
10,10,0.0,0.0,0.0,0.0,0.0,0.0,0.0,0.0,0.0,0.0,1.0
10,10,0.0,0.0,0.0,0.0,0.0,0.0,0.0,0.0,0.0,0.0,1.0
10,10,0.0,0.0,0.0,0.0,0.0,0.0,0.0,0.0,0.0,0.0,1.0
10,10,0.0,0.0,0.0,0.0,0.0,0.0,0.0,0.0,0.0,0.0,1.0
10,10,0.0,0.0,0.0,0.0,0.0,0.0,0.0,0.0,0.0,0.0,1.0
10,10,0.0,0.0,0.0,0.0,0.0,0.0,0.0,0.0,0.0,0.0,1.0
10,10,0.0,0.0,0.0,0.0,0.0,0.0,0.0,0.0,0.0,0.0,1.0
10,10,0.0,0.0,0.0,0.0,0.0,0.0,0.0,0.0,0.0,0.0,1.0
10,10,0.0,0.0,0.0,0.0,0.0,0.0,0.0,0.0,0.0,0.0,1.0
10,10,0.0,0.0,0.0,0.0,0.0,0.0,0.0,0.0,0.0,0.0,1.0
10,10,0.0,0.0,0.0,0.0,0.0,0.0,0.0,0.0,0.0,0.0,1.0
10,10,0.0,0.0,0.0,0.0,0.0,0.0,0.0,0.0,0.0,0.0,1.0
10,10,0.0,0.0,0.0,0.0,0.0,0.0,0.0,0.0,0.0,0.0,1.0
10,10,0.0,0.0,0.0,0.0,0.0,0.0,0.0,0.0,0.0,0.0,1.0
10,10,0.0,0.0,0.0,0.0,0.0,0.0,0.0,0.0,0.0,0.0,1.0
10,10,0.0,0.0,0.0,0.0,0.0,0.0,0.0,0.0,0.0,0.0,1.0
10,10,0.0,0.0,0.0,0.0,0.0,0.0,0.0,0.0,0.0,0.0,1.0
10,10,0.0,0.0,0.0,0.0,0.0,0.0,0.0,0.0,0.0,0.0,1.0
10,10,0.0,0.0,0.0,0.0,0.0,0.0,0.0,0.0,0.0,0.0,1.0
10,10,0.0,0.0,0.0,0.0,0.0,0.0,0.0,0.0,0.0,0.0,1.0
10,10,0.0,0.0,0.0,0.0,0.0,0.0,0.0,0.0,0.0,0.0,1.0
10,10,0.0,0.0,0.0,0.0,0.0,0.0,0.0,0.0,0.0,0.0,1.0
10,10,0.0,0.0,0.0,0.0,0.0,0.0,0.0,0.0,0.0,0.0,1.0
10,10,0.0,0.0,0.0,0.0,0.0,0.0,0.0,0.0,0.0,0.0,1.0
10,10,0.0,0.0,0.0,0.0,0.0,0.0,0.0,0.0,0.0,0.0,1.0
10,10,0.0,0.0,0.0,0.0,0.0,0.0,0.0,0.0,0.0,0.0,1.0
10,10,0.0,0.0,0.0,0.0,0.0,0.0,0.0,0.0,0.0,0.0,1.0
10,10,0.0,0.0,0.0,0.0,0.0,0.0,0.0,0.0,0.0,0.0,1.0
10,10,0.0,0.0,0.0,0.0,0.0,0.0,0.0,0.0,0.0,0.0,1.0
10,10,0.0,0.0,0.0,0.0,0.0,0.0,0.0,0.0,0.0,0.0,1.0
10,10,0.0,0.0,0.0,0.0,0.0,0.0,0.0,0.0,0.0,0.0,1.0
10,10,0.0,0.0,0.0,0.0,0.0,0.0,0.0,0.0,0.0,0.0,1.0
10,10,0.0,0.0,0.0,0.0,0.0,0.0,0.0,0.0,0.0,0.0,1.0
10,10,0.0,0.0,0.0,0.0,0.0,0.0,0.0,0.0,0.0,0.0,1.0
10,10,0.0,0.0,0.0,0.0,0.0,0.0,0.0,0.0,0.0,0.0,1.0
10,10,0.0,0.0,0.0,0.0,0.0,0.0,0.0,0.0,0.0,0.0,1.0
10,10,0.0,0.0,0.0,0.0,0.0,0.0,0.0,0.0,0.0,0.0,1.0
10,10,0.0,0.0,0.0,0.0,0.0,0.0,0.0,0.0,0.0,0.0,1.0
10,10,0.0,0.0,0.0,0.0,0.0,0.0,0.0,0.0,0.0,0.0,1.0
10,10,0.0,0.0,0.0,0.0,0.0,0.0,0.0,0.0,0.0,0.0,1.0
10,10,0.0,0.0,0.0,0.0,0.0,0.0,0.0,0.0,0.0,0.0,1.0
10,10,0.0,0.0,0.0,0.0,0.0,0.0,0.0,0.0,0.0,0.0,1.0
10,10,0.0,0.0,0.0,0.0,0.0,0.0,0.0,0.0,0.0,0.0,1.0
10,10,0.0,0.0,0.0,0.0,0.0,0.0,0.0,0.0,0.0,0.0,1.0
10,10,0.0,0.0,0.0,0.0,0.0,0.0,0.0,0.0,0.0,0.0,1.0
10,10,0.0,0.0,0.0,0.0,0.0,0.0,0.0,0.0,0.0,0.0,1.0
10,10,0.0,0.0,0.0,0.0,0.0,0.0,0.0,0.0,0.0,0.0,1.0
10,10,0.0,0.0,0.0,0.0,0.0,0.0,0.0,0.0,0.0,0.0,1.0
10,10,0.0,0.0,0.0,0.0,0.0,0.0,0.0,0.0,0.0,0.0,1.0
10,10,0.0,0.0,0.0,0.0,0.0,0.0,0.0,0.0,0.0,0.0,1.0
10,10,0.0,0.0,0.0,0.0,0.0,0.0,0.0,0.0,0.0,0.0,1.0
10,10,0.0,0.0,0.0,0.0,0.0,0.0,0.0,0.0,0.0,0.0,1.0
10,10,0.0,0.0,0.0,0.0,0.0,0.0,0.0,0.0,0.0,0.0,1.0
10,10,0.0,0.0,0.0,0.0,0.0,0.0,0.0,0.0,0.0,0.0,1.0
10,10,0.0,0.0,0.0,0.0,0.0,0.0,0.0,0.0,0.0,0.0,1.0
10,10,0.0,0.0,0.0,0.0,0.0,0.0,0.0,0.0,0.0,0.0,1.0
10,10,0.0,0.0,0.0,0.0,0.0,0.0,0.0,0.0,0.0,0.0,1.0
10,10,0.0,0.0,0.0,0.0,0.0,0.0,0.0,0.0,0.0,0.0,1.0
10,10,0.0,0.0,0.0,0.0,0.0,0.0,0.0,0.0,0.0,0.0,1.0
10,10,0.0,0.0,0.0,0.0,0.0,0.0,0.0,0.0,0.0,0.0,1.0
10,10,0.0,0.0,0.0,0.0,0.0,0.0,0.0,0.0,0.0,0.0,1.0
10,10,0.0,0.0,0.0,0.0,0.0,0.0,0.0,0.0,0.0,0.0,1.0
10,10,0.0,0.0,0.0,0.0,0.0,0.0,0.0,0.0,0.0,0.0,1.0
10,10,0.0,0.0,0.0,0.0,0.0,0.0,0.0,0.0,0.0,0.0,1.0
10,10,0.0,0.0,0.0,0.0,0.0,0.0,0.0,0.0,0.0,0.0,1.0
10,10,0.0,0.0,0.0,0.0,0.0,0.0,0.0,0.0,0.0,0.0,1.0
10,10,0.0,0.0,0.0,0.0,0.0,0.0,0.0,0.0,0.0,0.0,1.0
10,10,0.0,0.0,0.0,0.0,0.0,0.0,0.0,0.0,0.0,0.0,1.0
10,10,0.0,0.0,0.0,0.0,0.0,0.0,0.0,0.0,0.0,0.0,1.0
10,10,0.0,0.0,0.0,0.0,0.0,0.0,0.0,0.0,0.0,0.0,1.0
10,10,0.0,0.0,0.0,0.0,0.0,0.0,0.0,0.0,0.0,0.0,1.0
10,10,0.0,0.0,0.0,0.0,0.0,0.0,0.0,0.0,0.0,0.0,1.0
10,10,0.0,0.0,0.0,0.0,0.0,0.0,0.0,0.0,0.0,0.0,1.0
10,10,0.0,0.0,0.0,0.0,0.0,0.0,0.0,0.0,0.0,0.0,1.0
10,10,0.0,0.0,0.0,0.0,0.0,0.0,0.0,0.0,0.0,0.0,1.0
10,10,0.0,0.0,0.0,0.0,0.0,0.0,0.0,0.0,0.0,0.0,1.0
10,10,0.0,0.0,0.0,0.0,0.0,0.0,0.0,0.0,0.0,0.0,1.0
10,10,0.0,0.0,0.0,0.0,0.0,0.0,0.0,0.0,0.0,0.0,1.0
10,10,0.0,0.0,0.0,0.0,0.0,0.0,0.0,0.0,0.0,0.0,1.0
10,10,0.0,0.0,0.0,0.0,0.0,0.0,0.0,0.0,0.0,0.0,1.0
10,10,0.0,0.0,0.0,0.0,0.0,0.0,0.0,0.0,0.0,0.0,1.0
10,10,0.0,0.0,0.0,0.0,0.0,0.0,0.0,0.0,0.0,0.0,1.0
10,10,0.0,0.0,0.0,0.0,0.0,0.0,0.0,0.0,0.0,0.0,1.0
10,10,0.0,0.0,0.0,0.0,0.0,0.0,0.0,0.0,0.0,0.0,1.0
10,10,0.0,0.0,0.0,0.0,0.0,0.0,0.0,0.0,0.0,0.0,1.0
10,10,0.0,0.0,0.0,0.0,0.0,0.0,0.0,0.0,0.0,0.0,1.0
10,10,0.0,0.0,0.0,0.0,0.0,0.0,0.0,0.0,0.0,0.0,1.0
10,10,0.0,0.0,0.0,0.0,0.0,0.0,0.0,0.0,0.0,0.0,1.0
10,10,0.0,0.0,0.0,0.0,0.0,0.0,0.0,0.0,0.0,0.0,1.0
10,10,0.0,0.0,0.0,0.0,0.0,0.0,0.0,0.0,0.0,0.0,1.0
10,10,0.0,0.0,0.0,0.0,0.0,0.0,0.0,0.0,0.0,0.0,1.0
10,10,0.0,0.0,0.0,0.0,0.0,0.0,0.0,0.0,0.0,0.0,1.0
10,10,0.0,0.0,0.0,0.0,0.0,0.0,0.0,0.0,0.0,0.0,1.0
10,10,0.0,0.0,0.0,0.0,0.0,0.0,0.0,0.0,0.0,0.0,1.0
10,10,0.0,0.0,0.0,0.0,0.0,0.0,0.0,0.0,0.0,0.0,1.0
10,10,0.0,0.0,0.0,0.0,0.0,0.0,0.0,0.0,0.0,0.0,1.0
10,10,0.0,0.0,0.0,0.0,0.0,0.0,0.0,0.0,0.0,0.0,1.0
10,10,0.0,0.0,0.0,0.0,0.0,0.0,0.0,0.0,0.0,0.0,1.0
10,10,0.0,0.0,0.0,0.0,0.0,0.0,0.0,0.0,0.0,0.0,1.0
10,10,0.0,0.0,0.0,0.0,0.0,0.0,0.0,0.0,0.0,0.0,1.0
10,10,0.0,0.0,0.0,0.0,0.0,0.0,0.0,0.0,0.0,0.0,1.0
10,10,0.0,0.0,0.0,0.0,0.0,0.0,0.0,0.0,0.0,0.0,1.0
10,10,0.0,0.0,0.0,0.0,0.0,0.0,0.0,0.0,0.0,0.0,1.0
10,10,0.0,0.0,0.0,0.0,0.0,0.0,0.0,0.0,0.0,0.0,1.0
10,10,0.0,0.0,0.0,0.0,0.0,0.0,0.0,0.0,0.0,0.0,1.0
10,10,0.0,0.0,0.0,0.0,0.0,0.0,0.0,0.0,0.0,0.0,1.0
10,10,0.0,0.0,0.0,0.0,0.0,0.0,0.0,0.0,0.0,0.0,1.0
10,10,0.0,0.0,0.0,0.0,0.0,0.0,0.0,0.0,0.0,0.0,1.0
10,10,0.0,0.0,0.0,0.0,0.0,0.0,0.0,0.0,0.0,0.0,1.0
10,10,0.0,0.0,0.0,0.0,0.0,0.0,0.0,0.0,0.0,0.0,1.0
10,10,0.0,0.0,0.0,0.0,0.0,0.0,0.0,0.0,0.0,0.0,1.0
10,10,0.0,0.0,0.0,0.0,0.0,0.0,0.0,0.0,0.0,0.0,1.0
10,10,0.0,0.0,0.0,0.0,0.0,0.0,0.0,0.0,0.0,0.0,1.0
10,10,0.0,0.0,0.0,0.0,0.0,0.0,0.0,0.0,0.0,0.0,1.0
10,10,0.0,0.0,0.0,0.0,0.0,0.0,0.0,0.0,0.0,0.0,1.0
10,10,0.0,0.0,0.0,0.0,0.0,0.0,0.0,0.0,0.0,0.0,1.0
10,10,0.0,0.0,0.0,0.0,0.0,0.0,0.0,0.0,0.0,0.0,1.0
10,10,0.0,0.0,0.0,0.0,0.0,0.0,0.0,0.0,0.0,0.0,1.0
10,10,0.0,0.0,0.0,0.0,0.0,0.0,0.0,0.0,0.0,0.0,1.0
10,10,0.0,0.0,0.0,0.0,0.0,0.0,0.0,0.0,0.0,0.0,1.0
10,10,0.0,0.0,0.0,0.0,0.0,0.0,0.0,0.0,0.0,0.0,1.0
10,10,0.0,0.0,0.0,0.0,0.0,0.0,0.0,0.0,0.0,0.0,1.0
10,10,0.0,0.0,0.0,0.0,0.0,0.0,0.0,0.0,0.0,0.0,1.0
10,10,0.0,0.0,0.0,0.0,0.0,0.0,0.0,0.0,0.0,0.0,1.0
10,10,0.0,0.0,0.0,0.0,0.0,0.0,0.0,0.0,0.0,0.0,1.0
10,10,0.0,0.0,0.0,0.0,0.0,0.0,0.0,0.0,0.0,0.0,1.0
10,10,0.0,0.0,0.0,0.0,0.0,0.0,0.0,0.0,0.0,0.0,1.0
10,10,0.0,0.0,0.0,0.0,0.0,0.0,0.0,0.0,0.0,0.0,1.0
10,10,0.0,0.0,0.0,0.0,0.0,0.0,0.0,0.0,0.0,0.0,1.0
10,10,0.0,0.0,0.0,0.0,0.0,0.0,0.0,0.0,0.0,0.0,1.0
10,10,0.0,0.0,0.0,0.0,0.0,0.0,0.0,0.0,0.0,0.0,1.0
10,10,0.0,0.0,0.0,0.0,0.0,0.0,0.0,0.0,0.0,0.0,1.0
10,10,0.0,0.0,0.0,0.0,0.0,0.0,0.0,0.0,0.0,0.0,1.0
10,10,0.0,0.0,0.0,0.0,0.0,0.0,0.0,0.0,0.0,0.0,1.0
10,10,0.0,0.0,0.0,0.0,0.0,0.0,0.0,0.0,0.0,0.0,1.0
10,10,0.0,0.0,0.0,0.0,0.0,0.0,0.0,0.0,0.0,0.0,1.0
10,10,0.0,0.0,0.0,0.0,0.0,0.0,0.0,0.0,0.0,0.0,1.0
10,10,0.0,0.0,0.0,0.0,0.0,0.0,0.0,0.0,0.0,0.0,1.0
10,10,0.0,0.0,0.0,0.0,0.0,0.0,0.0,0.0,0.0,0.0,1.0
10,10,0.0,0.0,0.0,0.0,0.0,0.0,0.0,0.0,0.0,0.0,1.0
10,10,0.0,0.0,0.0,0.0,0.0,0.0,0.0,0.0,0.0,0.0,1.0
10,10,0.0,0.0,0.0,0.0,0.0,0.0,0.0,0.0,0.0,0.0,1.0
10,10,0.0,0.0,0.0,0.0,0.0,0.0,0.0,0.0,0.0,0.0,1.0
10,10,0.0,0.0,0.0,0.0,0.0,0.0,0.0,0.0,0.0,0.0,1.0
10,10,0.0,0.0,0.0,0.0,0.0,0.0,0.0,0.0,0.0,0.0,1.0
10,10,0.0,0.0,0.0,0.0,0.0,0.0,0.0,0.0,0.0,0.0,1.0
10,10,0.0,0.0,0.0,0.0,0.0,0.0,0.0,0.0,0.0,0.0,1.0
10,10,0.0,0.0,0.0,0.0,0.0,0.0,0.0,0.0,0.0,0.0,1.0
10,10,0.0,0.0,0.0,0.0,0.0,0.0,0.0,0.0,0.0,0.0,1.0
10,10,0.0,0.0,0.0,0.0,0.0,0.0,0.0,0.0,0.0,0.0,1.0
10,10,0.0,0.0,0.0,0.0,0.0,0.0,0.0,0.0,0.0,0.0,1.0
10,10,0.0,0.0,0.0,0.0,0.0,0.0,0.0,0.0,0.0,0.0,1.0
10,10,0.0,0.0,0.0,0.0,0.0,0.0,0.0,0.0,0.0,0.0,1.0
10,10,0.0,0.0,0.0,0.0,0.0,0.0,0.0,0.0,0.0,0.0,1.0
10,10,0.0,0.0,0.0,0.0,0.0,0.0,0.0,0.0,0.0,0.0,1.0
10,10,0.0,0.0,0.0,0.0,0.0,0.0,0.0,0.0,0.0,0.0,1.0
10,10,0.0,0.0,0.0,0.0,0.0,0.0,0.0,0.0,0.0,0.0,1.0
10,10,0.0,0.0,0.0,0.0,0.0,0.0,0.0,0.0,0.0,0.0,1.0
10,10,0.0,0.0,0.0,0.0,0.0,0.0,0.0,0.0,0.0,0.0,1.0
10,10,0.0,0.0,0.0,0.0,0.0,0.0,0.0,0.0,0.0,0.0,1.0
10,10,0.0,0.0,0.0,0.0,0.0,0.0,0.0,0.0,0.0,0.0,1.0
10,10,0.0,0.0,0.0,0.0,0.0,0.0,0.0,0.0,0.0,0.0,1.0
10,10,0.0,0.0,0.0,0.0,0.0,0.0,0.0,0.0,0.0,0.0,1.0
10,10,0.0,0.0,0.0,0.0,0.0,0.0,0.0,0.0,0.0,0.0,1.0
10,10,0.0,0.0,0.0,0.0,0.0,0.0,0.0,0.0,0.0,0.0,1.0
10,10,0.0,0.0,0.0,0.0,0.0,0.0,0.0,0.0,0.0,0.0,1.0
10,10,0.0,0.0,0.0,0.0,0.0,0.0,0.0,0.0,0.0,0.0,1.0
10,10,0.0,0.0,0.0,0.0,0.0,0.0,0.0,0.0,0.0,0.0,1.0
10,10,0.0,0.0,0.0,0.0,0.0,0.0,0.0,0.0,0.0,0.0,1.0
10,10,0.0,0.0,0.0,0.0,0.0,0.0,0.0,0.0,0.0,0.0,1.0
10,10,0.0,0.0,0.0,0.0,0.0,0.0,0.0,0.0,0.0,0.0,1.0
10,10,0.0,0.0,0.0,0.0,0.0,0.0,0.0,0.0,0.0,0.0,1.0
10,10,0.0,0.0,0.0,0.0,0.0,0.0,0.0,0.0,0.0,0.0,1.0
10,10,0.0,0.0,0.0,0.0,0.0,0.0,0.0,0.0,0.0,0.0,1.0
10,10,0.0,0.0,0.0,0.0,0.0,0.0,0.0,0.0,0.0,0.0,1.0
10,10,0.0,0.0,0.0,0.0,0.0,0.0,0.0,0.0,0.0,0.0,1.0
10,10,0.0,0.0,0.0,0.0,0.0,0.0,0.0,0.0,0.0,0.0,1.0
10,10,0.0,0.0,0.0,0.0,0.0,0.0,0.0,0.0,0.0,0.0,1.0
10,10,0.0,0.0,0.0,0.0,0.0,0.0,0.0,0.0,0.0,0.0,1.0
10,10,0.0,0.0,0.0,0.0,0.0,0.0,0.0,0.0,0.0,0.0,1.0
10,10,0.0,0.0,0.0,0.0,0.0,0.0,0.0,0.0,0.0,0.0,1.0
10,10,0.0,0.0,0.0,0.0,0.0,0.0,0.0,0.0,0.0,0.0,1.0
10,10,0.0,0.0,0.0,0.0,0.0,0.0,0.0,0.0,0.0,0.0,1.0
10,10,0.0,0.0,0.0,0.0,0.0,0.0,0.0,0.0,0.0,0.0,1.0
10,10,0.0,0.0,0.0,0.0,0.0,0.0,0.0,0.0,0.0,0.0,1.0
10,10,0.0,0.0,0.0,0.0,0.0,0.0,0.0,0.0,0.0,0.0,1.0
10,10,0.0,0.0,0.0,0.0,0.0,0.0,0.0,0.0,0.0,0.0,1.0
10,10,0.0,0.0,0.0,0.0,0.0,0.0,0.0,0.0,0.0,0.0,1.0
10,10,0.0,0.0,0.0,0.0,0.0,0.0,0.0,0.0,0.0,0.0,1.0
10,10,0.0,0.0,0.0,0.0,0.0,0.0,0.0,0.0,0.0,0.0,1.0
10,10,0.0,0.0,0.0,0.0,0.0,0.0,0.0,0.0,0.0,0.0,1.0
10,10,0.0,0.0,0.0,0.0,0.0,0.0,0.0,0.0,0.0,0.0,1.0
10,10,0.0,0.0,0.0,0.0,0.0,0.0,0.0,0.0,0.0,0.0,1.0
10,10,0.0,0.0,0.0,0.0,0.0,0.0,0.0,0.0,0.0,0.0,1.0
10,10,0.0,0.0,0.0,0.0,0.0,0.0,0.0,0.0,0.0,0.0,1.0
10,10,0.0,0.0,0.0,0.0,0.0,0.0,0.0,0.0,0.0,0.0,1.0
10,10,0.0,0.0,0.0,0.0,0.0,0.0,0.0,0.0,0.0,0.0,1.0
10,10,0.0,0.0,0.0,0.0,0.0,0.0,0.0,0.0,0.0,0.0,1.0
10,10,0.0,0.0,0.0,0.0,0.0,0.0,0.0,0.0,0.0,0.0,1.0
10,10,0.0,0.0,0.0,0.0,0.0,0.0,0.0,0.0,0.0,0.0,1.0
10,10,0.0,0.0,0.0,0.0,0.0,0.0,0.0,0.0,0.0,0.0,1.0
10,10,0.0,0.0,0.0,0.0,0.0,0.0,0.0,0.0,0.0,0.0,1.0
10,10,0.0,0.0,0.0,0.0,0.0,0.0,0.0,0.0,0.0,0.0,1.0
10,10,0.0,0.0,0.0,0.0,0.0,0.0,0.0,0.0,0.0,0.0,1.0
10,10,0.0,0.0,0.0,0.0,0.0,0.0,0.0,0.0,0.0,0.0,1.0
10,10,0.0,0.0,0.0,0.0,0.0,0.0,0.0,0.0,0.0,0.0,1.0
10,10,0.0,0.0,0.0,0.0,0.0,0.0,0.0,0.0,0.0,0.0,1.0
10,10,0.0,0.0,0.0,0.0,0.0,0.0,0.0,0.0,0.0,0.0,1.0
10,10,0.0,0.0,0.0,0.0,0.0,0.0,0.0,0.0,0.0,0.0,1.0
10,10,0.0,0.0,0.0,0.0,0.0,0.0,0.0,0.0,0.0,0.0,1.0
10,10,0.0,0.0,0.0,0.0,0.0,0.0,0.0,0.0,0.0,0.0,1.0
10,10,0.0,0.0,0.0,0.0,0.0,0.0,0.0,0.0,0.0,0.0,1.0
10,10,0.0,0.0,0.0,0.0,0.0,0.0,0.0,0.0,0.0,0.0,1.0
10,10,0.0,0.0,0.0,0.0,0.0,0.0,0.0,0.0,0.0,0.0,1.0
10,10,0.0,0.0,0.0,0.0,0.0,0.0,0.0,0.0,0.0,0.0,1.0
10,10,0.0,0.0,0.0,0.0,0.0,0.0,0.0,0.0,0.0,0.0,1.0
10,10,0.0,0.0,0.0,0.0,0.0,0.0,0.0,0.0,0.0,0.0,1.0
10,10,0.0,0.0,0.0,0.0,0.0,0.0,0.0,0.0,0.0,0.0,1.0
10,10,0.0,0.0,0.0,0.0,0.0,0.0,0.0,0.0,0.0,0.0,1.0
10,10,0.0,0.0,0.0,0.0,0.0,0.0,0.0,0.0,0.0,0.0,1.0
10,10,0.0,0.0,0.0,0.0,0.0,0.0,0.0,0.0,0.0,0.0,1.0
10,10,0.0,0.0,0.0,0.0,0.0,0.0,0.0,0.0,0.0,0.0,1.0
10,10,0.0,0.0,0.0,0.0,0.0,0.0,0.0,0.0,0.0,0.0,1.0
10,10,0.0,0.0,0.0,0.0,0.0,0.0,0.0,0.0,0.0,0.0,1.0
10,10,0.0,0.0,0.0,0.0,0.0,0.0,0.0,0.0,0.0,0.0,1.0
10,10,0.0,0.0,0.0,0.0,0.0,0.0,0.0,0.0,0.0,0.0,1.0
10,10,0.0,0.0,0.0,0.0,0.0,0.0,0.0,0.0,0.0,0.0,1.0
10,10,0.0,0.0,0.0,0.0,0.0,0.0,0.0,0.0,0.0,0.0,1.0
10,10,0.0,0.0,0.0,0.0,0.0,0.0,0.0,0.0,0.0,0.0,1.0
10,10,0.0,0.0,0.0,0.0,0.0,0.0,0.0,0.0,0.0,0.0,1.0
10,10,0.0,0.0,0.0,0.0,0.0,0.0,0.0,0.0,0.0,0.0,1.0
10,10,0.0,0.0,0.0,0.0,0.0,0.0,0.0,0.0,0.0,0.0,1.0
10,10,0.0,0.0,0.0,0.0,0.0,0.0,0.0,0.0,0.0,0.0,1.0
10,10,0.0,0.0,0.0,0.0,0.0,0.0,0.0,0.0,0.0,0.0,1.0
10,10,0.0,0.0,0.0,0.0,0.0,0.0,0.0,0.0,0.0,0.0,1.0
10,10,0.0,0.0,0.0,0.0,0.0,0.0,0.0,0.0,0.0,0.0,1.0
10,10,0.0,0.0,0.0,0.0,0.0,0.0,0.0,0.0,0.0,0.0,1.0
10,10,0.0,0.0,0.0,0.0,0.0,0.0,0.0,0.0,0.0,0.0,1.0
10,10,0.0,0.0,0.0,0.0,0.0,0.0,0.0,0.0,0.0,0.0,1.0
10,10,0.0,0.0,0.0,0.0,0.0,0.0,0.0,0.0,0.0,0.0,1.0
10,10,0.0,0.0,0.0,0.0,0.0,0.0,0.0,0.0,0.0,0.0,1.0
10,10,0.0,0.0,0.0,0.0,0.0,0.0,0.0,0.0,0.0,0.0,1.0
10,10,0.0,0.0,0.0,0.0,0.0,0.0,0.0,0.0,0.0,0.0,1.0
10,10,0.0,0.0,0.0,0.0,0.0,0.0,0.0,0.0,0.0,0.0,1.0
10,10,0.0,0.0,0.0,0.0,0.0,0.0,0.0,0.0,0.0,0.0,1.0
10,10,0.0,0.0,0.0,0.0,0.0,0.0,0.0,0.0,0.0,0.0,1.0
10,10,0.0,0.0,0.0,0.0,0.0,0.0,0.0,0.0,0.0,0.0,1.0
10,10,0.0,0.0,0.0,0.0,0.0,0.0,0.0,0.0,0.0,0.0,1.0
10,10,0.0,0.0,0.0,0.0,0.0,0.0,0.0,0.0,0.0,0.0,1.0
10,10,0.0,0.0,0.0,0.0,0.0,0.0,0.0,0.0,0.0,0.0,1.0
10,10,0.0,0.0,0.0,0.0,0.0,0.0,0.0,0.0,0.0,0.0,1.0
10,10,0.0,0.0,0.0,0.0,0.0,0.0,0.0,0.0,0.0,0.0,1.0
10,10,0.0,0.0,0.0,0.0,0.0,0.0,0.0,0.0,0.0,0.0,1.0
10,10,0.0,0.0,0.0,0.0,0.0,0.0,0.0,0.0,0.0,0.0,1.0
10,10,0.0,0.0,0.0,0.0,0.0,0.0,0.0,0.0,0.0,0.0,1.0
10,10,0.0,0.0,0.0,0.0,0.0,0.0,0.0,0.0,0.0,0.0,1.0
10,10,0.0,0.0,0.0,0.0,0.0,0.0,0.0,0.0,0.0,0.0,1.0
10,10,0.0,0.0,0.0,0.0,0.0,0.0,0.0,0.0,0.0,0.0,1.0
10,10,0.0,0.0,0.0,0.0,0.0,0.0,0.0,0.0,0.0,0.0,1.0
10,10,0.0,0.0,0.0,0.0,0.0,0.0,0.0,0.0,0.0,0.0,1.0
10,10,0.0,0.0,0.0,0.0,0.0,0.0,0.0,0.0,0.0,0.0,1.0
10,10,0.0,0.0,0.0,0.0,0.0,0.0,0.0,0.0,0.0,0.0,1.0
10,10,0.0,0.0,0.0,0.0,0.0,0.0,0.0,0.0,0.0,0.0,1.0
10,10,0.0,0.0,0.0,0.0,0.0,0.0,0.0,0.0,0.0,0.0,1.0
10,10,0.0,0.0,0.0,0.0,0.0,0.0,0.0,0.0,0.0,0.0,1.0
10,10,0.0,0.0,0.0,0.0,0.0,0.0,0.0,0.0,0.0,0.0,1.0
10,10,0.0,0.0,0.0,0.0,0.0,0.0,0.0,0.0,0.0,0.0,1.0
10,10,0.0,0.0,0.0,0.0,0.0,0.0,0.0,0.0,0.0,0.0,1.0
10,10,0.0,0.0,0.0,0.0,0.0,0.0,0.0,0.0,0.0,0.0,1.0
10,10,0.0,0.0,0.0,0.0,0.0,0.0,0.0,0.0,0.0,0.0,1.0
10,10,0.0,0.0,0.0,0.0,0.0,0.0,0.0,0.0,0.0,0.0,1.0
10,10,0.0,0.0,0.0,0.0,0.0,0.0,0.0,0.0,0.0,0.0,1.0
10,10,0.0,0.0,0.0,0.0,0.0,0.0,0.0,0.0,0.0,0.0,1.0
10,10,0.0,0.0,0.0,0.0,0.0,0.0,0.0,0.0,0.0,0.0,1.0
10,10,0.0,0.0,0.0,0.0,0.0,0.0,0.0,0.0,0.0,0.0,1.0
10,10,0.0,0.0,0.0,0.0,0.0,0.0,0.0,0.0,0.0,0.0,1.0
10,10,0.0,0.0,0.0,0.0,0.0,0.0,0.0,0.0,0.0,0.0,1.0
10,10,0.0,0.0,0.0,0.0,0.0,0.0,0.0,0.0,0.0,0.0,1.0
10,10,0.0,0.0,0.0,0.0,0.0,0.0,0.0,0.0,0.0,0.0,1.0
10,10,0.0,0.0,0.0,0.0,0.0,0.0,0.0,0.0,0.0,0.0,1.0
10,10,0.0,0.0,0.0,0.0,0.0,0.0,0.0,0.0,0.0,0.0,1.0
10,10,0.0,0.0,0.0,0.0,0.0,0.0,0.0,0.0,0.0,0.0,1.0
10,10,0.0,0.0,0.0,0.0,0.0,0.0,0.0,0.0,0.0,0.0,1.0
10,10,0.0,0.0,0.0,0.0,0.0,0.0,0.0,0.0,0.0,0.0,1.0
10,10,0.0,0.0,0.0,0.0,0.0,0.0,0.0,0.0,0.0,0.0,1.0
10,10,0.0,0.0,0.0,0.0,0.0,0.0,0.0,0.0,0.0,0.0,1.0
10,10,0.0,0.0,0.0,0.0,0.0,0.0,0.0,0.0,0.0,0.0,1.0
10,10,0.0,0.0,0.0,0.0,0.0,0.0,0.0,0.0,0.0,0.0,1.0
10,10,0.0,0.0,0.0,0.0,0.0,0.0,0.0,0.0,0.0,0.0,1.0
10,10,0.0,0.0,0.0,0.0,0.0,0.0,0.0,0.0,0.0,0.0,1.0
10,10,0.0,0.0,0.0,0.0,0.0,0.0,0.0,0.0,0.0,0.0,1.0
10,10,0.0,0.0,0.0,0.0,0.0,0.0,0.0,0.0,0.0,0.0,1.0
10,10,0.0,0.0,0.0,0.0,0.0,0.0,0.0,0.0,0.0,0.0,1.0
10,10,0.0,0.0,0.0,0.0,0.0,0.0,0.0,0.0,0.0,0.0,1.0
10,10,0.0,0.0,0.0,0.0,0.0,0.0,0.0,0.0,0.0,0.0,1.0
10,10,0.0,0.0,0.0,0.0,0.0,0.0,0.0,0.0,0.0,0.0,1.0
10,10,0.0,0.0,0.0,0.0,0.0,0.0,0.0,0.0,0.0,0.0,1.0
10,10,0.0,0.0,0.0,0.0,0.0,0.0,0.0,0.0,0.0,0.0,1.0
10,10,0.0,0.0,0.0,0.0,0.0,0.0,0.0,0.0,0.0,0.0,1.0
10,10,0.0,0.0,0.0,0.0,0.0,0.0,0.0,0.0,0.0,0.0,1.0
10,10,0.0,0.0,0.0,0.0,0.0,0.0,0.0,0.0,0.0,0.0,1.0
10,10,0.0,0.0,0.0,0.0,0.0,0.0,0.0,0.0,0.0,0.0,1.0
10,10,0.0,0.0,0.0,0.0,0.0,0.0,0.0,0.0,0.0,0.0,1.0
10,10,0.0,0.0,0.0,0.0,0.0,0.0,0.0,0.0,0.0,0.0,1.0
10,10,0.0,0.0,0.0,0.0,0.0,0.0,0.0,0.0,0.0,0.0,1.0
10,10,0.0,0.0,0.0,0.0,0.0,0.0,0.0,0.0,0.0,0.0,1.0
10,10,0.0,0.0,0.0,0.0,0.0,0.0,0.0,0.0,0.0,0.0,1.0
10,10,0.0,0.0,0.0,0.0,0.0,0.0,0.0,0.0,0.0,0.0,1.0
10,10,0.0,0.0,0.0,0.0,0.0,0.0,0.0,0.0,0.0,0.0,1.0
10,10,0.0,0.0,0.0,0.0,0.0,0.0,0.0,0.0,0.0,0.0,1.0
10,10,0.0,0.0,0.0,0.0,0.0,0.0,0.0,0.0,0.0,0.0,1.0
10,10,0.0,0.0,0.0,0.0,0.0,0.0,0.0,0.0,0.0,0.0,1.0
10,10,0.0,0.0,0.0,0.0,0.0,0.0,0.0,0.0,0.0,0.0,1.0
10,10,0.0,0.0,0.0,0.0,0.0,0.0,0.0,0.0,0.0,0.0,1.0
10,10,0.0,0.0,0.0,0.0,0.0,0.0,0.0,0.0,0.0,0.0,1.0
10,10,0.0,0.0,0.0,0.0,0.0,0.0,0.0,0.0,0.0,0.0,1.0
10,10,0.0,0.0,0.0,0.0,0.0,0.0,0.0,0.0,0.0,0.0,1.0
10,10,0.0,0.0,0.0,0.0,0.0,0.0,0.0,0.0,0.0,0.0,1.0
10,10,0.0,0.0,0.0,0.0,0.0,0.0,0.0,0.0,0.0,0.0,1.0
10,10,0.0,0.0,0.0,0.0,0.0,0.0,0.0,0.0,0.0,0.0,1.0
10,10,0.0,0.0,0.0,0.0,0.0,0.0,0.0,0.0,0.0,0.0,1.0
10,10,0.0,0.0,0.0,0.0,0.0,0.0,0.0,0.0,0.0,0.0,1.0
10,10,0.0,0.0,0.0,0.0,0.0,0.0,0.0,0.0,0.0,0.0,1.0
10,10,0.0,0.0,0.0,0.0,0.0,0.0,0.0,0.0,0.0,0.0,1.0
10,10,0.0,0.0,0.0,0.0,0.0,0.0,0.0,0.0,0.0,0.0,1.0
10,10,0.0,0.0,0.0,0.0,0.0,0.0,0.0,0.0,0.0,0.0,1.0
10,10,0.0,0.0,0.0,0.0,0.0,0.0,0.0,0.0,0.0,0.0,1.0
10,10,0.0,0.0,0.0,0.0,0.0,0.0,0.0,0.0,0.0,0.0,1.0
10,10,0.0,0.0,0.0,0.0,0.0,0.0,0.0,0.0,0.0,0.0,1.0
10,10,0.0,0.0,0.0,0.0,0.0,0.0,0.0,0.0,0.0,0.0,1.0
10,10,0.0,0.0,0.0,0.0,0.0,0.0,0.0,0.0,0.0,0.0,1.0
10,10,0.0,0.0,0.0,0.0,0.0,0.0,0.0,0.0,0.0,0.0,1.0
10,10,0.0,0.0,0.0,0.0,0.0,0.0,0.0,0.0,0.0,0.0,1.0
10,10,0.0,0.0,0.0,0.0,0.0,0.0,0.0,0.0,0.0,0.0,1.0
10,10,0.0,0.0,0.0,0.0,0.0,0.0,0.0,0.0,0.0,0.0,1.0
10,10,0.0,0.0,0.0,0.0,0.0,0.0,0.0,0.0,0.0,0.0,1.0
10,10,0.0,0.0,0.0,0.0,0.0,0.0,0.0,0.0,0.0,0.0,1.0
10,10,0.0,0.0,0.0,0.0,0.0,0.0,0.0,0.0,0.0,0.0,1.0
10,10,0.0,0.0,0.0,0.0,0.0,0.0,0.0,0.0,0.0,0.0,1.0
10,10,0.0,0.0,0.0,0.0,0.0,0.0,0.0,0.0,0.0,0.0,1.0
10,10,0.0,0.0,0.0,0.0,0.0,0.0,0.0,0.0,0.0,0.0,1.0
10,10,0.0,0.0,0.0,0.0,0.0,0.0,0.0,0.0,0.0,0.0,1.0
10,10,0.0,0.0,0.0,0.0,0.0,0.0,0.0,0.0,0.0,0.0,1.0
10,10,0.0,0.0,0.0,0.0,0.0,0.0,0.0,0.0,0.0,0.0,1.0
10,10,0.0,0.0,0.0,0.0,0.0,0.0,0.0,0.0,0.0,0.0,1.0
10,10,0.0,0.0,0.0,0.0,0.0,0.0,0.0,0.0,0.0,0.0,1.0
10,10,0.0,0.0,0.0,0.0,0.0,0.0,0.0,0.0,0.0,0.0,1.0
10,10,0.0,0.0,0.0,0.0,0.0,0.0,0.0,0.0,0.0,0.0,1.0
10,10,0.0,0.0,0.0,0.0,0.0,0.0,0.0,0.0,0.0,0.0,1.0
10,10,0.0,0.0,0.0,0.0,0.0,0.0,0.0,0.0,0.0,0.0,1.0
10,10,0.0,0.0,0.0,0.0,0.0,0.0,0.0,0.0,0.0,0.0,1.0
10,10,0.0,0.0,0.0,0.0,0.0,0.0,0.0,0.0,0.0,0.0,1.0
10,10,0.0,0.0,0.0,0.0,0.0,0.0,0.0,0.0,0.0,0.0,1.0
10,10,0.0,0.0,0.0,0.0,0.0,0.0,0.0,0.0,0.0,0.0,1.0
10,10,0.0,0.0,0.0,0.0,0.0,0.0,0.0,0.0,0.0,0.0,1.0
10,10,0.0,0.0,0.0,0.0,0.0,0.0,0.0,0.0,0.0,0.0,1.0
10,10,0.0,0.0,0.0,0.0,0.0,0.0,0.0,0.0,0.0,0.0,1.0
10,10,0.0,0.0,0.0,0.0,0.0,0.0,0.0,0.0,0.0,0.0,1.0
10,10,0.0,0.0,0.0,0.0,0.0,0.0,0.0,0.0,0.0,0.0,1.0
10,10,0.0,0.0,0.0,0.0,0.0,0.0,0.0,0.0,0.0,0.0,1.0
10,10,0.0,0.0,0.0,0.0,0.0,0.0,0.0,0.0,0.0,0.0,1.0
10,10,0.0,0.0,0.0,0.0,0.0,0.0,0.0,0.0,0.0,0.0,1.0
10,10,0.0,0.0,0.0,0.0,0.0,0.0,0.0,0.0,0.0,0.0,1.0
10,10,0.0,0.0,0.0,0.0,0.0,0.0,0.0,0.0,0.0,0.0,1.0
10,10,0.0,0.0,0.0,0.0,0.0,0.0,0.0,0.0,0.0,0.0,1.0
10,10,0.0,0.0,0.0,0.0,0.0,0.0,0.0,0.0,0.0,0.0,1.0
10,10,0.0,0.0,0.0,0.0,0.0,0.0,0.0,0.0,0.0,0.0,1.0
10,10,0.0,0.0,0.0,0.0,0.0,0.0,0.0,0.0,0.0,0.0,1.0
10,10,0.0,0.0,0.0,0.0,0.0,0.0,0.0,0.0,0.0,0.0,1.0
10,10,0.0,0.0,0.0,0.0,0.0,0.0,0.0,0.0,0.0,0.0,1.0
10,10,0.0,0.0,0.0,0.0,0.0,0.0,0.0,0.0,0.0,0.0,1.0
10,10,0.0,0.0,0.0,0.0,0.0,0.0,0.0,0.0,0.0,0.0,1.0
10,10,0.0,0.0,0.0,0.0,0.0,0.0,0.0,0.0,0.0,0.0,1.0
10,10,0.0,0.0,0.0,0.0,0.0,0.0,0.0,0.0,0.0,0.0,1.0
10,10,0.0,0.0,0.0,0.0,0.0,0.0,0.0,0.0,0.0,0.0,1.0
10,10,0.0,0.0,0.0,0.0,0.0,0.0,0.0,0.0,0.0,0.0,1.0
10,10,0.0,0.0,0.0,0.0,0.0,0.0,0.0,0.0,0.0,0.0,1.0
10,10,0.0,0.0,0.0,0.0,0.0,0.0,0.0,0.0,0.0,0.0,1.0
10,10,0.0,0.0,0.0,0.0,0.0,0.0,0.0,0.0,0.0,0.0,1.0
10,10,0.0,0.0,0.0,0.0,0.0,0.0,0.0,0.0,0.0,0.0,1.0
10,10,0.0,0.0,0.0,0.0,0.0,0.0,0.0,0.0,0.0,0.0,1.0
10,10,0.0,0.0,0.0,0.0,0.0,0.0,0.0,0.0,0.0,0.0,1.0
10,10,0.0,0.0,0.0,0.0,0.0,0.0,0.0,0.0,0.0,0.0,1.0
10,10,0.0,0.0,0.0,0.0,0.0,0.0,0.0,0.0,0.0,0.0,1.0
10,10,0.0,0.0,0.0,0.0,0.0,0.0,0.0,0.0,0.0,0.0,1.0
10,10,0.0,0.0,0.0,0.0,0.0,0.0,0.0,0.0,0.0,0.0,1.0
10,10,0.0,0.0,0.0,0.0,0.0,0.0,0.0,0.0,0.0,0.0,1.0
10,10,0.0,0.0,0.0,0.0,0.0,0.0,0.0,0.0,0.0,0.0,1.0
10,10,0.0,0.0,0.0,0.0,0.0,0.0,0.0,0.0,0.0,0.0,1.0
10,10,0.0,0.0,0.0,0.0,0.0,0.0,0.0,0.0,0.0,0.0,1.0
10,10,0.0,0.0,0.0,0.0,0.0,0.0,0.0,0.0,0.0,0.0,1.0
10,10,0.0,0.0,0.0,0.0,0.0,0.0,0.0,0.0,0.0,0.0,1.0
10,10,0.0,0.0,0.0,0.0,0.0,0.0,0.0,0.0,0.0,0.0,1.0
10,10,0.0,0.0,0.0,0.0,0.0,0.0,0.0,0.0,0.0,0.0,1.0
10,10,0.0,0.0,0.0,0.0,0.0,0.0,0.0,0.0,0.0,0.0,1.0
10,10,0.0,0.0,0.0,0.0,0.0,0.0,0.0,0.0,0.0,0.0,1.0
10,10,0.0,0.0,0.0,0.0,0.0,0.0,0.0,0.0,0.0,0.0,1.0
10,10,0.0,0.0,0.0,0.0,0.0,0.0,0.0,0.0,0.0,0.0,1.0
10,10,0.0,0.0,0.0,0.0,0.0,0.0,0.0,0.0,0.0,0.0,1.0
10,10,0.0,0.0,0.0,0.0,0.0,0.0,0.0,0.0,0.0,0.0,1.0
10,10,0.0,0.0,0.0,0.0,0.0,0.0,0.0,0.0,0.0,0.0,1.0
10,10,0.0,0.0,0.0,0.0,0.0,0.0,0.0,0.0,0.0,0.0,1.0
10,10,0.0,0.0,0.0,0.0,0.0,0.0,0.0,0.0,0.0,0.0,1.0
10,10,0.0,0.0,0.0,0.0,0.0,0.0,0.0,0.0,0.0,0.0,1.0
10,10,0.0,0.0,0.0,0.0,0.0,0.0,0.0,0.0,0.0,0.0,1.0
10,10,0.0,0.0,0.0,0.0,0.0,0.0,0.0,0.0,0.0,0.0,1.0
10,10,0.0,0.0,0.0,0.0,0.0,0.0,0.0,0.0,0.0,0.0,1.0
10,10,0.0,0.0,0.0,0.0,0.0,0.0,0.0,0.0,0.0,0.0,1.0
10,10,0.0,0.0,0.0,0.0,0.0,0.0,0.0,0.0,0.0,0.0,1.0
10,10,0.0,0.0,0.0,0.0,0.0,0.0,0.0,0.0,0.0,0.0,1.0
10,10,0.0,0.0,0.0,0.0,0.0,0.0,0.0,0.0,0.0,0.0,1.0
10,10,0.0,0.0,0.0,0.0,0.0,0.0,0.0,0.0,0.0,0.0,1.0
10,10,0.0,0.0,0.0,0.0,0.0,0.0,0.0,0.0,0.0,0.0,1.0
10,10,0.0,0.0,0.0,0.0,0.0,0.0,0.0,0.0,0.0,0.0,1.0
10,10,0.0,0.0,0.0,0.0,0.0,0.0,0.0,0.0,0.0,0.0,1.0
10,10,0.0,0.0,0.0,0.0,0.0,0.0,0.0,0.0,0.0,0.0,1.0
10,10,0.0,0.0,0.0,0.0,0.0,0.0,0.0,0.0,0.0,0.0,1.0
10,10,0.0,0.0,0.0,0.0,0.0,0.0,0.0,0.0,0.0,0.0,1.0
10,10,0.0,0.0,0.0,0.0,0.0,0.0,0.0,0.0,0.0,0.0,1.0
10,10,0.0,0.0,0.0,0.0,0.0,0.0,0.0,0.0,0.0,0.0,1.0
10,10,0.0,0.0,0.0,0.0,0.0,0.0,0.0,0.0,0.0,0.0,1.0
10,10,0.0,0.0,0.0,0.0,0.0,0.0,0.0,0.0,0.0,0.0,1.0
10,10,0.0,0.0,0.0,0.0,0.0,0.0,0.0,0.0,0.0,0.0,1.0
10,10,0.0,0.0,0.0,0.0,0.0,0.0,0.0,0.0,0.0,0.0,1.0
10,10,0.0,0.0,0.0,0.0,0.0,0.0,0.0,0.0,0.0,0.0,1.0
10,10,0.0,0.0,0.0,0.0,0.0,0.0,0.0,0.0,0.0,0.0,1.0
10,10,0.0,0.0,0.0,0.0,0.0,0.0,0.0,0.0,0.0,0.0,1.0
10,10,0.0,0.0,0.0,0.0,0.0,0.0,0.0,0.0,0.0,0.0,1.0
10,10,0.0,0.0,0.0,0.0,0.0,0.0,0.0,0.0,0.0,0.0,1.0
10,10,0.0,0.0,0.0,0.0,0.0,0.0,0.0,0.0,0.0,0.0,1.0
10,10,0.0,0.0,0.0,0.0,0.0,0.0,0.0,0.0,0.0,0.0,1.0
10,10,0.0,0.0,0.0,0.0,0.0,0.0,0.0,0.0,0.0,0.0,1.0
10,10,0.0,0.0,0.0,0.0,0.0,0.0,0.0,0.0,0.0,0.0,1.0
10,10,0.0,0.0,0.0,0.0,0.0,0.0,0.0,0.0,0.0,0.0,1.0
10,10,0.0,0.0,0.0,0.0,0.0,0.0,0.0,0.0,0.0,0.0,1.0
10,10,0.0,0.0,0.0,0.0,0.0,0.0,0.0,0.0,0.0,0.0,1.0
10,10,0.0,0.0,0.0,0.0,0.0,0.0,0.0,0.0,0.0,0.0,1.0
10,10,0.0,0.0,0.0,0.0,0.0,0.0,0.0,0.0,0.0,0.0,1.0
10,10,0.0,0.0,0.0,0.0,0.0,0.0,0.0,0.0,0.0,0.0,1.0
10,10,0.0,0.0,0.0,0.0,0.0,0.0,0.0,0.0,0.0,0.0,1.0
10,10,0.0,0.0,0.0,0.0,0.0,0.0,0.0,0.0,0.0,0.0,1.0
10,10,0.0,0.0,0.0,0.0,0.0,0.0,0.0,0.0,0.0,0.0,1.0
10,10,0.0,0.0,0.0,0.0,0.0,0.0,0.0,0.0,0.0,0.0,1.0
10,10,0.0,0.0,0.0,0.0,0.0,0.0,0.0,0.0,0.0,0.0,1.0
10,10,0.0,0.0,0.0,0.0,0.0,0.0,0.0,0.0,0.0,0.0,1.0
10,10,0.0,0.0,0.0,0.0,0.0,0.0,0.0,0.0,0.0,0.0,1.0
10,10,0.0,0.0,0.0,0.0,0.0,0.0,0.0,0.0,0.0,0.0,1.0
10,10,0.0,0.0,0.0,0.0,0.0,0.0,0.0,0.0,0.0,0.0,1.0
10,10,0.0,0.0,0.0,0.0,0.0,0.0,0.0,0.0,0.0,0.0,1.0
10,10,0.0,0.0,0.0,0.0,0.0,0.0,0.0,0.0,0.0,0.0,1.0
10,10,0.0,0.0,0.0,0.0,0.0,0.0,0.0,0.0,0.0,0.0,1.0
10,10,0.0,0.0,0.0,0.0,0.0,0.0,0.0,0.0,0.0,0.0,1.0
10,10,0.0,0.0,0.0,0.0,0.0,0.0,0.0,0.0,0.0,0.0,1.0
10,10,0.0,0.0,0.0,0.0,0.0,0.0,0.0,0.0,0.0,0.0,1.0
10,10,0.0,0.0,0.0,0.0,0.0,0.0,0.0,0.0,0.0,0.0,1.0
10,10,0.0,0.0,0.0,0.0,0.0,0.0,0.0,0.0,0.0,0.0,1.0
10,10,0.0,0.0,0.0,0.0,0.0,0.0,0.0,0.0,0.0,0.0,1.0
10,10,0.0,0.0,0.0,0.0,0.0,0.0,0.0,0.0,0.0,0.0,1.0
10,10,0.0,0.0,0.0,0.0,0.0,0.0,0.0,0.0,0.0,0.0,1.0
10,10,0.0,0.0,0.0,0.0,0.0,0.0,0.0,0.0,0.0,0.0,1.0
10,10,0.0,0.0,0.0,0.0,0.0,0.0,0.0,0.0,0.0,0.0,1.0
10,10,0.0,0.0,0.0,0.0,0.0,0.0,0.0,0.0,0.0,0.0,1.0
10,10,0.0,0.0,0.0,0.0,0.0,0.0,0.0,0.0,0.0,0.0,1.0
10,10,0.0,0.0,0.0,0.0,0.0,0.0,0.0,0.0,0.0,0.0,1.0
10,10,0.0,0.0,0.0,0.0,0.0,0.0,0.0,0.0,0.0,0.0,1.0
10,10,0.0,0.0,0.0,0.0,0.0,0.0,0.0,0.0,0.0,0.0,1.0
10,10,0.0,0.0,0.0,0.0,0.0,0.0,0.0,0.0,0.0,0.0,1.0
10,10,0.0,0.0,0.0,0.0,0.0,0.0,0.0,0.0,0.0,0.0,1.0
10,10,0.0,0.0,0.0,0.0,0.0,0.0,0.0,0.0,0.0,0.0,1.0
10,10,0.0,0.0,0.0,0.0,0.0,0.0,0.0,0.0,0.0,0.0,1.0
10,10,0.0,0.0,0.0,0.0,0.0,0.0,0.0,0.0,0.0,0.0,1.0
10,10,0.0,0.0,0.0,0.0,0.0,0.0,0.0,0.0,0.0,0.0,1.0
10,10,0.0,0.0,0.0,0.0,0.0,0.0,0.0,0.0,0.0,0.0,1.0
10,10,0.0,0.0,0.0,0.0,0.0,0.0,0.0,0.0,0.0,0.0,1.0
10,10,0.0,0.0,0.0,0.0,0.0,0.0,0.0,0.0,0.0,0.0,1.0
10,10,0.0,0.0,0.0,0.0,0.0,0.0,0.0,0.0,0.0,0.0,1.0
10,10,0.0,0.0,0.0,0.0,0.0,0.0,0.0,0.0,0.0,0.0,1.0
10,10,0.0,0.0,0.0,0.0,0.0,0.0,0.0,0.0,0.0,0.0,1.0
10,10,0.0,0.0,0.0,0.0,0.0,0.0,0.0,0.0,0.0,0.0,1.0
10,10,0.0,0.0,0.0,0.0,0.0,0.0,0.0,0.0,0.0,0.0,1.0
10,10,0.0,0.0,0.0,0.0,0.0,0.0,0.0,0.0,0.0,0.0,1.0
10,10,0.0,0.0,0.0,0.0,0.0,0.0,0.0,0.0,0.0,0.0,1.0
10,10,0.0,0.0,0.0,0.0,0.0,0.0,0.0,0.0,0.0,0.0,1.0
10,10,0.0,0.0,0.0,0.0,0.0,0.0,0.0,0.0,0.0,0.0,1.0
10,10,0.0,0.0,0.0,0.0,0.0,0.0,0.0,0.0,0.0,0.0,1.0
10,10,0.0,0.0,0.0,0.0,0.0,0.0,0.0,0.0,0.0,0.0,1.0
10,10,0.0,0.0,0.0,0.0,0.0,0.0,0.0,0.0,0.0,0.0,1.0
10,10,0.0,0.0,0.0,0.0,0.0,0.0,0.0,0.0,0.0,0.0,1.0
10,10,0.0,0.0,0.0,0.0,0.0,0.0,0.0,0.0,0.0,0.0,1.0
10,10,0.0,0.0,0.0,0.0,0.0,0.0,0.0,0.0,0.0,0.0,1.0
10,10,0.0,0.0,0.0,0.0,0.0,0.0,0.0,0.0,0.0,0.0,1.0
10,10,0.0,0.0,0.0,0.0,0.0,0.0,0.0,0.0,0.0,0.0,1.0
10,10,0.0,0.0,0.0,0.0,0.0,0.0,0.0,0.0,0.0,0.0,1.0
10,10,0.0,0.0,0.0,0.0,0.0,0.0,0.0,0.0,0.0,0.0,1.0
10,10,0.0,0.0,0.0,0.0,0.0,0.0,0.0,0.0,0.0,0.0,1.0
10,10,0.0,0.0,0.0,0.0,0.0,0.0,0.0,0.0,0.0,0.0,1.0
10,10,0.0,0.0,0.0,0.0,0.0,0.0,0.0,0.0,0.0,0.0,1.0
10,10,0.0,0.0,0.0,0.0,0.0,0.0,0.0,0.0,0.0,0.0,1.0
10,10,0.0,0.0,0.0,0.0,0.0,0.0,0.0,0.0,0.0,0.0,1.0
10,10,0.0,0.0,0.0,0.0,0.0,0.0,0.0,0.0,0.0,0.0,1.0
10,10,0.0,0.0,0.0,0.0,0.0,0.0,0.0,0.0,0.0,0.0,1.0
10,10,0.0,0.0,0.0,0.0,0.0,0.0,0.0,0.0,0.0,0.0,1.0
10,10,0.0,0.0,0.0,0.0,0.0,0.0,0.0,0.0,0.0,0.0,1.0
10,10,0.0,0.0,0.0,0.0,0.0,0.0,0.0,0.0,0.0,0.0,1.0
10,10,0.0,0.0,0.0,0.0,0.0,0.0,0.0,0.0,0.0,0.0,1.0
10,10,0.0,0.0,0.0,0.0,0.0,0.0,0.0,0.0,0.0,0.0,1.0
10,10,0.0,0.0,0.0,0.0,0.0,0.0,0.0,0.0,0.0,0.0,1.0
10,10,0.0,0.0,0.0,0.0,0.0,0.0,0.0,0.0,0.0,0.0,1.0
10,10,0.0,0.0,0.0,0.0,0.0,0.0,0.0,0.0,0.0,0.0,1.0
10,10,0.0,0.0,0.0,0.0,0.0,0.0,0.0,0.0,0.0,0.0,1.0
10,10,0.0,0.0,0.0,0.0,0.0,0.0,0.0,0.0,0.0,0.0,1.0
10,10,0.0,0.0,0.0,0.0,0.0,0.0,0.0,0.0,0.0,0.0,1.0
10,10,0.0,0.0,0.0,0.0,0.0,0.0,0.0,0.0,0.0,0.0,1.0
10,10,0.0,0.0,0.0,0.0,0.0,0.0,0.0,0.0,0.0,0.0,1.0
10,10,0.0,0.0,0.0,0.0,0.0,0.0,0.0,0.0,0.0,0.0,1.0
10,10,0.0,0.0,0.0,0.0,0.0,0.0,0.0,0.0,0.0,0.0,1.0
10,10,0.0,0.0,0.0,0.0,0.0,0.0,0.0,0.0,0.0,0.0,1.0
10,10,0.0,0.0,0.0,0.0,0.0,0.0,0.0,0.0,0.0,0.0,1.0
10,10,0.0,0.0,0.0,0.0,0.0,0.0,0.0,0.0,0.0,0.0,1.0
10,10,0.0,0.0,0.0,0.0,0.0,0.0,0.0,0.0,0.0,0.0,1.0
10,10,0.0,0.0,0.0,0.0,0.0,0.0,0.0,0.0,0.0,0.0,1.0
10,10,0.0,0.0,0.0,0.0,0.0,0.0,0.0,0.0,0.0,0.0,1.0
10,10,0.0,0.0,0.0,0.0,0.0,0.0,0.0,0.0,0.0,0.0,1.0
10,10,0.0,0.0,0.0,0.0,0.0,0.0,0.0,0.0,0.0,0.0,1.0
10,10,0.0,0.0,0.0,0.0,0.0,0.0,0.0,0.0,0.0,0.0,1.0
10,10,0.0,0.0,0.0,0.0,0.0,0.0,0.0,0.0,0.0,0.0,1.0
10,10,0.0,0.0,0.0,0.0,0.0,0.0,0.0,0.0,0.0,0.0,1.0
10,10,0.0,0.0,0.0,0.0,0.0,0.0,0.0,0.0,0.0,0.0,1.0
10,10,0.0,0.0,0.0,0.0,0.0,0.0,0.0,0.0,0.0,0.0,1.0
10,10,0.0,0.0,0.0,0.0,0.0,0.0,0.0,0.0,0.0,0.0,1.0
10,10,0.0,0.0,0.0,0.0,0.0,0.0,0.0,0.0,0.0,0.0,1.0
10,10,0.0,0.0,0.0,0.0,0.0,0.0,0.0,0.0,0.0,0.0,1.0
10,10,0.0,0.0,0.0,0.0,0.0,0.0,0.0,0.0,0.0,0.0,1.0
10,10,0.0,0.0,0.0,0.0,0.0,0.0,0.0,0.0,0.0,0.0,1.0
10,10,0.0,0.0,0.0,0.0,0.0,0.0,0.0,0.0,0.0,0.0,1.0
10,10,0.0,0.0,0.0,0.0,0.0,0.0,0.0,0.0,0.0,0.0,1.0
10,10,0.0,0.0,0.0,0.0,0.0,0.0,0.0,0.0,0.0,0.0,1.0
10,10,0.0,0.0,0.0,0.0,0.0,0.0,0.0,0.0,0.0,0.0,1.0
10,10,0.0,0.0,0.0,0.0,0.0,0.0,0.0,0.0,0.0,0.0,1.0
10,10,0.0,0.0,0.0,0.0,0.0,0.0,0.0,0.0,0.0,0.0,1.0
10,10,0.0,0.0,0.0,0.0,0.0,0.0,0.0,0.0,0.0,0.0,1.0
10,10,0.0,0.0,0.0,0.0,0.0,0.0,0.0,0.0,0.0,0.0,1.0
10,10,0.0,0.0,0.0,0.0,0.0,0.0,0.0,0.0,0.0,0.0,1.0
10,10,0.0,0.0,0.0,0.0,0.0,0.0,0.0,0.0,0.0,0.0,1.0
10,10,0.0,0.0,0.0,0.0,0.0,0.0,0.0,0.0,0.0,0.0,1.0
10,10,0.0,0.0,0.0,0.0,0.0,0.0,0.0,0.0,0.0,0.0,1.0
10,10,0.0,0.0,0.0,0.0,0.0,0.0,0.0,0.0,0.0,0.0,1.0
10,10,0.0,0.0,0.0,0.0,0.0,0.0,0.0,0.0,0.0,0.0,1.0
10,10,0.0,0.0,0.0,0.0,0.0,0.0,0.0,0.0,0.0,0.0,1.0
10,10,0.0,0.0,0.0,0.0,0.0,0.0,0.0,0.0,0.0,0.0,1.0
10,10,0.0,0.0,0.0,0.0,0.0,0.0,0.0,0.0,0.0,0.0,1.0
10,10,0.0,0.0,0.0,0.0,0.0,0.0,0.0,0.0,0.0,0.0,1.0
10,10,0.0,0.0,0.0,0.0,0.0,0.0,0.0,0.0,0.0,0.0,1.0
10,10,0.0,0.0,0.0,0.0,0.0,0.0,0.0,0.0,0.0,0.0,1.0
10,10,0.0,0.0,0.0,0.0,0.0,0.0,0.0,0.0,0.0,0.0,1.0
10,10,0.0,0.0,0.0,0.0,0.0,0.0,0.0,0.0,0.0,0.0,1.0
10,10,0.0,0.0,0.0,0.0,0.0,0.0,0.0,0.0,0.0,0.0,1.0
10,10,0.0,0.0,0.0,0.0,0.0,0.0,0.0,0.0,0.0,0.0,1.0
10,10,0.0,0.0,0.0,0.0,0.0,0.0,0.0,0.0,0.0,0.0,1.0
10,10,0.0,0.0,0.0,0.0,0.0,0.0,0.0,0.0,0.0,0.0,1.0
10,10,0.0,0.0,0.0,0.0,0.0,0.0,0.0,0.0,0.0,0.0,1.0
10,10,0.0,0.0,0.0,0.0,0.0,0.0,0.0,0.0,0.0,0.0,1.0
10,10,0.0,0.0,0.0,0.0,0.0,0.0,0.0,0.0,0.0,0.0,1.0
10,10,0.0,0.0,0.0,0.0,0.0,0.0,0.0,0.0,0.0,0.0,1.0
10,10,0.0,0.0,0.0,0.0,0.0,0.0,0.0,0.0,0.0,0.0,1.0
10,10,0.0,0.0,0.0,0.0,0.0,0.0,0.0,0.0,0.0,0.0,1.0
10,10,0.0,0.0,0.0,0.0,0.0,0.0,0.0,0.0,0.0,0.0,1.0
10,10,0.0,0.0,0.0,0.0,0.0,0.0,0.0,0.0,0.0,0.0,1.0
10,10,0.0,0.0,0.0,0.0,0.0,0.0,0.0,0.0,0.0,0.0,1.0
10,10,0.0,0.0,0.0,0.0,0.0,0.0,0.0,0.0,0.0,0.0,1.0
10,10,0.0,0.0,0.0,0.0,0.0,0.0,0.0,0.0,0.0,0.0,1.0
10,10,0.0,0.0,0.0,0.0,0.0,0.0,0.0,0.0,0.0,0.0,1.0
10,10,0.0,0.0,0.0,0.0,0.0,0.0,0.0,0.0,0.0,0.0,1.0
10,10,0.0,0.0,0.0,0.0,0.0,0.0,0.0,0.0,0.0,0.0,1.0
10,10,0.0,0.0,0.0,0.0,0.0,0.0,0.0,0.0,0.0,0.0,1.0
10,10,0.0,0.0,0.0,0.0,0.0,0.0,0.0,0.0,0.0,0.0,1.0
10,10,0.0,0.0,0.0,0.0,0.0,0.0,0.0,0.0,0.0,0.0,1.0
10,10,0.0,0.0,0.0,0.0,0.0,0.0,0.0,0.0,0.0,0.0,1.0
10,10,0.0,0.0,0.0,0.0,0.0,0.0,0.0,0.0,0.0,0.0,1.0
10,10,0.0,0.0,0.0,0.0,0.0,0.0,0.0,0.0,0.0,0.0,1.0
10,10,0.0,0.0,0.0,0.0,0.0,0.0,0.0,0.0,0.0,0.0,1.0
10,10,0.0,0.0,0.0,0.0,0.0,0.0,0.0,0.0,0.0,0.0,1.0
10,10,0.0,0.0,0.0,0.0,0.0,0.0,0.0,0.0,0.0,0.0,1.0
10,10,0.0,0.0,0.0,0.0,0.0,0.0,0.0,0.0,0.0,0.0,1.0
10,10,0.0,0.0,0.0,0.0,0.0,0.0,0.0,0.0,0.0,0.0,1.0
10,10,0.0,0.0,0.0,0.0,0.0,0.0,0.0,0.0,0.0,0.0,1.0
10,10,0.0,0.0,0.0,0.0,0.0,0.0,0.0,0.0,0.0,0.0,1.0
10,10,0.0,0.0,0.0,0.0,0.0,0.0,0.0,0.0,0.0,0.0,1.0
10,10,0.0,0.0,0.0,0.0,0.0,0.0,0.0,0.0,0.0,0.0,1.0
10,10,0.0,0.0,0.0,0.0,0.0,0.0,0.0,0.0,0.0,0.0,1.0
10,10,0.0,0.0,0.0,0.0,0.0,0.0,0.0,0.0,0.0,0.0,1.0
10,10,0.0,0.0,0.0,0.0,0.0,0.0,0.0,0.0,0.0,0.0,1.0
10,10,0.0,0.0,0.0,0.0,0.0,0.0,0.0,0.0,0.0,0.0,1.0
10,10,0.0,0.0,0.0,0.0,0.0,0.0,0.0,0.0,0.0,0.0,1.0
10,10,0.0,0.0,0.0,0.0,0.0,0.0,0.0,0.0,0.0,0.0,1.0
10,10,0.0,0.0,0.0,0.0,0.0,0.0,0.0,0.0,0.0,0.0,1.0
10,10,0.0,0.0,0.0,0.0,0.0,0.0,0.0,0.0,0.0,0.0,1.0
10,10,0.0,0.0,0.0,0.0,0.0,0.0,0.0,0.0,0.0,0.0,1.0
10,10,0.0,0.0,0.0,0.0,0.0,0.0,0.0,0.0,0.0,0.0,1.0
10,10,0.0,0.0,0.0,0.0,0.0,0.0,0.0,0.0,0.0,0.0,1.0
10,10,0.0,0.0,0.0,0.0,0.0,0.0,0.0,0.0,0.0,0.0,1.0
10,10,0.0,0.0,0.0,0.0,0.0,0.0,0.0,0.0,0.0,0.0,1.0
10,10,0.0,0.0,0.0,0.0,0.0,0.0,0.0,0.0,0.0,0.0,1.0
10,10,0.0,0.0,0.0,0.0,0.0,0.0,0.0,0.0,0.0,0.0,1.0
10,10,0.0,0.0,0.0,0.0,0.0,0.0,0.0,0.0,0.0,0.0,1.0
10,10,0.0,0.0,0.0,0.0,0.0,0.0,0.0,0.0,0.0,0.0,1.0
10,10,0.0,0.0,0.0,0.0,0.0,0.0,0.0,0.0,0.0,0.0,1.0
10,10,0.0,0.0,0.0,0.0,0.0,0.0,0.0,0.0,0.0,0.0,1.0
10,10,0.0,0.0,0.0,0.0,0.0,0.0,0.0,0.0,0.0,0.0,1.0
10,10,0.0,0.0,0.0,0.0,0.0,0.0,0.0,0.0,0.0,0.0,1.0
10,10,0.0,0.0,0.0,0.0,0.0,0.0,0.0,0.0,0.0,0.0,1.0
10,10,0.0,0.0,0.0,0.0,0.0,0.0,0.0,0.0,0.0,0.0,1.0
10,10,0.0,0.0,0.0,0.0,0.0,0.0,0.0,0.0,0.0,0.0,1.0
10,10,0.0,0.0,0.0,0.0,0.0,0.0,0.0,0.0,0.0,0.0,1.0
10,10,0.0,0.0,0.0,0.0,0.0,0.0,0.0,0.0,0.0,0.0,1.0
10,10,0.0,0.0,0.0,0.0,0.0,0.0,0.0,0.0,0.0,0.0,1.0
10,10,0.0,0.0,0.0,0.0,0.0,0.0,0.0,0.0,0.0,0.0,1.0
10,10,0.0,0.0,0.0,0.0,0.0,0.0,0.0,0.0,0.0,0.0,1.0
10,10,0.0,0.0,0.0,0.0,0.0,0.0,0.0,0.0,0.0,0.0,1.0
10,10,0.0,0.0,0.0,0.0,0.0,0.0,0.0,0.0,0.0,0.0,1.0
10,10,0.0,0.0,0.0,0.0,0.0,0.0,0.0,0.0,0.0,0.0,1.0
10,10,0.0,0.0,0.0,0.0,0.0,0.0,0.0,0.0,0.0,0.0,1.0
10,10,0.0,0.0,0.0,0.0,0.0,0.0,0.0,0.0,0.0,0.0,1.0
10,10,0.0,0.0,0.0,0.0,0.0,0.0,0.0,0.0,0.0,0.0,1.0
10,10,0.0,0.0,0.0,0.0,0.0,0.0,0.0,0.0,0.0,0.0,1.0
10,10,0.0,0.0,0.0,0.0,0.0,0.0,0.0,0.0,0.0,0.0,1.0
10,10,0.0,0.0,0.0,0.0,0.0,0.0,0.0,0.0,0.0,0.0,1.0
10,10,0.0,0.0,0.0,0.0,0.0,0.0,0.0,0.0,0.0,0.0,1.0
10,10,0.0,0.0,0.0,0.0,0.0,0.0,0.0,0.0,0.0,0.0,1.0
10,10,0.0,0.0,0.0,0.0,0.0,0.0,0.0,0.0,0.0,0.0,1.0
10,10,0.0,0.0,0.0,0.0,0.0,0.0,0.0,0.0,0.0,0.0,1.0
10,10,0.0,0.0,0.0,0.0,0.0,0.0,0.0,0.0,0.0,0.0,1.0
10,10,0.0,0.0,0.0,0.0,0.0,0.0,0.0,0.0,0.0,0.0,1.0
10,10,0.0,0.0,0.0,0.0,0.0,0.0,0.0,0.0,0.0,0.0,1.0
10,10,0.0,0.0,0.0,0.0,0.0,0.0,0.0,0.0,0.0,0.0,1.0
10,10,0.0,0.0,0.0,0.0,0.0,0.0,0.0,0.0,0.0,0.0,1.0
10,10,0.0,0.0,0.0,0.0,0.0,0.0,0.0,0.0,0.0,0.0,1.0
10,10,0.0,0.0,0.0,0.0,0.0,0.0,0.0,0.0,0.0,0.0,1.0
10,10,0.0,0.0,0.0,0.0,0.0,0.0,0.0,0.0,0.0,0.0,1.0
10,10,0.0,0.0,0.0,0.0,0.0,0.0,0.0,0.0,0.0,0.0,1.0
10,10,0.0,0.0,0.0,0.0,0.0,0.0,0.0,0.0,0.0,0.0,1.0
10,10,0.0,0.0,0.0,0.0,0.0,0.0,0.0,0.0,0.0,0.0,1.0
10,10,0.0,0.0,0.0,0.0,0.0,0.0,0.0,0.0,0.0,0.0,1.0
10,10,0.0,0.0,0.0,0.0,0.0,0.0,0.0,0.0,0.0,0.0,1.0
10,10,0.0,0.0,0.0,0.0,0.0,0.0,0.0,0.0,0.0,0.0,1.0
10,10,0.0,0.0,0.0,0.0,0.0,0.0,0.0,0.0,0.0,0.0,1.0
10,10,0.0,0.0,0.0,0.0,0.0,0.0,0.0,0.0,0.0,0.0,1.0
10,10,0.0,0.0,0.0,0.0,0.0,0.0,0.0,0.0,0.0,0.0,1.0
10,10,0.0,0.0,0.0,0.0,0.0,0.0,0.0,0.0,0.0,0.0,1.0
10,10,0.0,0.0,0.0,0.0,0.0,0.0,0.0,0.0,0.0,0.0,1.0
10,10,0.0,0.0,0.0,0.0,0.0,0.0,0.0,0.0,0.0,0.0,1.0
10,10,0.0,0.0,0.0,0.0,0.0,0.0,0.0,0.0,0.0,0.0,1.0
10,10,0.0,0.0,0.0,0.0,0.0,0.0,0.0,0.0,0.0,0.0,1.0
10,10,0.0,0.0,0.0,0.0,0.0,0.0,0.0,0.0,0.0,0.0,1.0
10,10,0.0,0.0,0.0,0.0,0.0,0.0,0.0,0.0,0.0,0.0,1.0
10,10,0.0,0.0,0.0,0.0,0.0,0.0,0.0,0.0,0.0,0.0,1.0
10,10,0.0,0.0,0.0,0.0,0.0,0.0,0.0,0.0,0.0,0.0,1.0
10,10,0.0,0.0,0.0,0.0,0.0,0.0,0.0,0.0,0.0,0.0,1.0
10,10,0.0,0.0,0.0,0.0,0.0,0.0,0.0,0.0,0.0,0.0,1.0
10,10,0.0,0.0,0.0,0.0,0.0,0.0,0.0,0.0,0.0,0.0,1.0
10,10,0.0,0.0,0.0,0.0,0.0,0.0,0.0,0.0,0.0,0.0,1.0
10,10,0.0,0.0,0.0,0.0,0.0,0.0,0.0,0.0,0.0,0.0,1.0
10,10,0.0,0.0,0.0,0.0,0.0,0.0,0.0,0.0,0.0,0.0,1.0
10,10,0.0,0.0,0.0,0.0,0.0,0.0,0.0,0.0,0.0,0.0,1.0
10,10,0.0,0.0,0.0,0.0,0.0,0.0,0.0,0.0,0.0,0.0,1.0
10,10,0.0,0.0,0.0,0.0,0.0,0.0,0.0,0.0,0.0,0.0,1.0
10,10,0.0,0.0,0.0,0.0,0.0,0.0,0.0,0.0,0.0,0.0,1.0
10,10,0.0,0.0,0.0,0.0,0.0,0.0,0.0,0.0,0.0,0.0,1.0
10,10,0.0,0.0,0.0,0.0,0.0,0.0,0.0,0.0,0.0,0.0,1.0
10,10,0.0,0.0,0.0,0.0,0.0,0.0,0.0,0.0,0.0,0.0,1.0
10,10,0.0,0.0,0.0,0.0,0.0,0.0,0.0,0.0,0.0,0.0,1.0
10,10,0.0,0.0,0.0,0.0,0.0,0.0,0.0,0.0,0.0,0.0,1.0
10,10,0.0,0.0,0.0,0.0,0.0,0.0,0.0,0.0,0.0,0.0,1.0
10,10,0.0,0.0,0.0,0.0,0.0,0.0,0.0,0.0,0.0,0.0,1.0
10,10,0.0,0.0,0.0,0.0,0.0,0.0,0.0,0.0,0.0,0.0,1.0
10,10,0.0,0.0,0.0,0.0,0.0,0.0,0.0,0.0,0.0,0.0,1.0
10,10,0.0,0.0,0.0,0.0,0.0,0.0,0.0,0.0,0.0,0.0,1.0
10,10,0.0,0.0,0.0,0.0,0.0,0.0,0.0,0.0,0.0,0.0,1.0
10,10,0.0,0.0,0.0,0.0,0.0,0.0,0.0,0.0,0.0,0.0,1.0
10,10,0.0,0.0,0.0,0.0,0.0,0.0,0.0,0.0,0.0,0.0,1.0
10,10,0.0,0.0,0.0,0.0,0.0,0.0,0.0,0.0,0.0,0.0,1.0
10,10,0.0,0.0,0.0,0.0,0.0,0.0,0.0,0.0,0.0,0.0,1.0
10,10,0.0,0.0,0.0,0.0,0.0,0.0,0.0,0.0,0.0,0.0,1.0
10,10,0.0,0.0,0.0,0.0,0.0,0.0,0.0,0.0,0.0,0.0,1.0
10,10,0.0,0.0,0.0,0.0,0.0,0.0,0.0,0.0,0.0,0.0,1.0
10,10,0.0,0.0,0.0,0.0,0.0,0.0,0.0,0.0,0.0,0.0,1.0
10,10,0.0,0.0,0.0,0.0,0.0,0.0,0.0,0.0,0.0,0.0,1.0
10,10,0.0,0.0,0.0,0.0,0.0,0.0,0.0,0.0,0.0,0.0,1.0
10,10,0.0,0.0,0.0,0.0,0.0,0.0,0.0,0.0,0.0,0.0,1.0
10,10,0.0,0.0,0.0,0.0,0.0,0.0,0.0,0.0,0.0,0.0,1.0
10,10,0.0,0.0,0.0,0.0,0.0,0.0,0.0,0.0,0.0,0.0,1.0
10,10,0.0,0.0,0.0,0.0,0.0,0.0,0.0,0.0,0.0,0.0,1.0
10,10,0.0,0.0,0.0,0.0,0.0,0.0,0.0,0.0,0.0,0.0,1.0
10,10,0.0,0.0,0.0,0.0,0.0,0.0,0.0,0.0,0.0,0.0,1.0
10,10,0.0,0.0,0.0,0.0,0.0,0.0,0.0,0.0,0.0,0.0,1.0
10,10,0.0,0.0,0.0,0.0,0.0,0.0,0.0,0.0,0.0,0.0,1.0
10,10,0.0,0.0,0.0,0.0,0.0,0.0,0.0,0.0,0.0,0.0,1.0
10,10,0.0,0.0,0.0,0.0,0.0,0.0,0.0,0.0,0.0,0.0,1.0
10,10,0.0,0.0,0.0,0.0,0.0,0.0,0.0,0.0,0.0,0.0,1.0
10,10,0.0,0.0,0.0,0.0,0.0,0.0,0.0,0.0,0.0,0.0,1.0
10,10,0.0,0.0,0.0,0.0,0.0,0.0,0.0,0.0,0.0,0.0,1.0
10,10,0.0,0.0,0.0,0.0,0.0,0.0,0.0,0.0,0.0,0.0,1.0
10,10,0.0,0.0,0.0,0.0,0.0,0.0,0.0,0.0,0.0,0.0,1.0
10,10,0.0,0.0,0.0,0.0,0.0,0.0,0.0,0.0,0.0,0.0,1.0
10,10,0.0,0.0,0.0,0.0,0.0,0.0,0.0,0.0,0.0,0.0,1.0
10,10,0.0,0.0,0.0,0.0,0.0,0.0,0.0,0.0,0.0,0.0,1.0
10,10,0.0,0.0,0.0,0.0,0.0,0.0,0.0,0.0,0.0,0.0,1.0
10,10,0.0,0.0,0.0,0.0,0.0,0.0,0.0,0.0,0.0,0.0,1.0
10,10,0.0,0.0,0.0,0.0,0.0,0.0,0.0,0.0,0.0,0.0,1.0
10,10,0.0,0.0,0.0,0.0,0.0,0.0,0.0,0.0,0.0,0.0,1.0
10,10,0.0,0.0,0.0,0.0,0.0,0.0,0.0,0.0,0.0,0.0,1.0
10,10,0.0,0.0,0.0,0.0,0.0,0.0,0.0,0.0,0.0,0.0,1.0
10,10,0.0,0.0,0.0,0.0,0.0,0.0,0.0,0.0,0.0,0.0,1.0
10,10,0.0,0.0,0.0,0.0,0.0,0.0,0.0,0.0,0.0,0.0,1.0
10,10,0.0,0.0,0.0,0.0,0.0,0.0,0.0,0.0,0.0,0.0,1.0
10,10,0.0,0.0,0.0,0.0,0.0,0.0,0.0,0.0,0.0,0.0,1.0
10,10,0.0,0.0,0.0,0.0,0.0,0.0,0.0,0.0,0.0,0.0,1.0
10,10,0.0,0.0,0.0,0.0,0.0,0.0,0.0,0.0,0.0,0.0,1.0
10,10,0.0,0.0,0.0,0.0,0.0,0.0,0.0,0.0,0.0,0.0,1.0
10,10,0.0,0.0,0.0,0.0,0.0,0.0,0.0,0.0,0.0,0.0,1.0
10,10,0.0,0.0,0.0,0.0,0.0,0.0,0.0,0.0,0.0,0.0,1.0
10,10,0.0,0.0,0.0,0.0,0.0,0.0,0.0,0.0,0.0,0.0,1.0
10,10,0.0,0.0,0.0,0.0,0.0,0.0,0.0,0.0,0.0,0.0,1.0
10,10,0.0,0.0,0.0,0.0,0.0,0.0,0.0,0.0,0.0,0.0,1.0
10,10,0.0,0.0,0.0,0.0,0.0,0.0,0.0,0.0,0.0,0.0,1.0
10,10,0.0,0.0,0.0,0.0,0.0,0.0,0.0,0.0,0.0,0.0,1.0
10,10,0.0,0.0,0.0,0.0,0.0,0.0,0.0,0.0,0.0,0.0,1.0
10,10,0.0,0.0,0.0,0.0,0.0,0.0,0.0,0.0,0.0,0.0,1.0
10,10,0.0,0.0,0.0,0.0,0.0,0.0,0.0,0.0,0.0,0.0,1.0
10,10,0.0,0.0,0.0,0.0,0.0,0.0,0.0,0.0,0.0,0.0,1.0
10,10,0.0,0.0,0.0,0.0,0.0,0.0,0.0,0.0,0.0,0.0,1.0
10,10,0.0,0.0,0.0,0.0,0.0,0.0,0.0,0.0,0.0,0.0,1.0
10,10,0.0,0.0,0.0,0.0,0.0,0.0,0.0,0.0,0.0,0.0,1.0
10,10,0.0,0.0,0.0,0.0,0.0,0.0,0.0,0.0,0.0,0.0,1.0
10,10,0.0,0.0,0.0,0.0,0.0,0.0,0.0,0.0,0.0,0.0,1.0
10,10,0.0,0.0,0.0,0.0,0.0,0.0,0.0,0.0,0.0,0.0,1.0
10,10,0.0,0.0,0.0,0.0,0.0,0.0,0.0,0.0,0.0,0.0,1.0
10,10,0.0,0.0,0.0,0.0,0.0,0.0,0.0,0.0,0.0,0.0,1.0
10,10,0.0,0.0,0.0,0.0,0.0,0.0,0.0,0.0,0.0,0.0,1.0
10,10,0.0,0.0,0.0,0.0,0.0,0.0,0.0,0.0,0.0,0.0,1.0
10,10,0.0,0.0,0.0,0.0,0.0,0.0,0.0,0.0,0.0,0.0,1.0
10,10,0.0,0.0,0.0,0.0,0.0,0.0,0.0,0.0,0.0,0.0,1.0
10,10,0.0,0.0,0.0,0.0,0.0,0.0,0.0,0.0,0.0,0.0,1.0
10,10,0.0,0.0,0.0,0.0,0.0,0.0,0.0,0.0,0.0,0.0,1.0
10,10,0.0,0.0,0.0,0.0,0.0,0.0,0.0,0.0,0.0,0.0,1.0
10,10,0.0,0.0,0.0,0.0,0.0,0.0,0.0,0.0,0.0,0.0,1.0
10,10,0.0,0.0,0.0,0.0,0.0,0.0,0.0,0.0,0.0,0.0,1.0
10,10,0.0,0.0,0.0,0.0,0.0,0.0,0.0,0.0,0.0,0.0,1.0
10,10,0.0,0.0,0.0,0.0,0.0,0.0,0.0,0.0,0.0,0.0,1.0
10,10,0.0,0.0,0.0,0.0,0.0,0.0,0.0,0.0,0.0,0.0,1.0
10,10,0.0,0.0,0.0,0.0,0.0,0.0,0.0,0.0,0.0,0.0,1.0
10,10,0.0,0.0,0.0,0.0,0.0,0.0,0.0,0.0,0.0,0.0,1.0
10,10,0.0,0.0,0.0,0.0,0.0,0.0,0.0,0.0,0.0,0.0,1.0
10,10,0.0,0.0,0.0,0.0,0.0,0.0,0.0,0.0,0.0,0.0,1.0
10,10,0.0,0.0,0.0,0.0,0.0,0.0,0.0,0.0,0.0,0.0,1.0
10,10,0.0,0.0,0.0,0.0,0.0,0.0,0.0,0.0,0.0,0.0,1.0
10,10,0.0,0.0,0.0,0.0,0.0,0.0,0.0,0.0,0.0,0.0,1.0
10,10,0.0,0.0,0.0,0.0,0.0,0.0,0.0,0.0,0.0,0.0,1.0
10,10,0.0,0.0,0.0,0.0,0.0,0.0,0.0,0.0,0.0,0.0,1.0
10,10,0.0,0.0,0.0,0.0,0.0,0.0,0.0,0.0,0.0,0.0,1.0
10,10,0.0,0.0,0.0,0.0,0.0,0.0,0.0,0.0,0.0,0.0,1.0
10,10,0.0,0.0,0.0,0.0,0.0,0.0,0.0,0.0,0.0,0.0,1.0
10,10,0.0,0.0,0.0,0.0,0.0,0.0,0.0,0.0,0.0,0.0,1.0
10,10,0.0,0.0,0.0,0.0,0.0,0.0,0.0,0.0,0.0,0.0,1.0
10,10,0.0,0.0,0.0,0.0,0.0,0.0,0.0,0.0,0.0,0.0,1.0
10,10,0.0,0.0,0.0,0.0,0.0,0.0,0.0,0.0,0.0,0.0,1.0
10,10,0.0,0.0,0.0,0.0,0.0,0.0,0.0,0.0,0.0,0.0,1.0
10,10,0.0,0.0,0.0,0.0,0.0,0.0,0.0,0.0,0.0,0.0,1.0
10,10,0.0,0.0,0.0,0.0,0.0,0.0,0.0,0.0,0.0625,0.0,0.9375
10,10,0.0,0.0,0.0,0.0,0.0,0.0,0.0,0.0,0.0625,0.0,0.9375
10,10,0.0,0.0,0.0,0.0,0.0,0.0,0.0,0.0,0.0625,0.0,0.9375
10,10,0.0,0.0,0.0,0.0,0.0,0.0,0.0,0.0,0.0625,0.0,0.9375
10,10,0.0,0.0,0.0,0.0,0.0,0.0,0.0,0.0,0.0625,0.0,0.9375
10,10,0.0,0.0625,0.0,0.0,0.0,0.0,0.0,0.0,0.0625,0.0,0.875
10,10,0.0,0.0625,0.0,0.0,0.0,0.0,0.0,0.0,0.0625,0.0,0.875
10,10,0.0,0.0625,0.0,0.0,0.0,0.0,0.0,0.0,0.0625,0.0,0.875
10,10,0.0,0.0625,0.0,0.0,0.0,0.0,0.0,0.0,0.0625,0.0,0.875
10,10,0.0,0.0625,0.0,0.0,0.0,0.0,0.0,0.0,0.0625,0.0,0.875
10,10,0.0,0.0625,0.0,0.0,0.0,0.0,0.0,0.0,0.0625,0.0,0.875
10,10,0.0,0.0625,0.0,0.0,0.0,0.0,0.0,0.0,0.0625,0.0,0.875
10,10,0.0,0.0625,0.0,0.0,0.0,0.0,0.0,0.0,0.0625,0.0,0.875
10,10,0.0,0.0625,0.0,0.0,0.0,0.0,0.0,0.0,0.0625,0.0,0.875
10,10,0.0,0.0625,0.0,0.0,0.0,0.0,0.0,0.0,0.0625,0.0,0.875
10,10,0.0,0.0625,0.0,0.0,0.0,0.0,0.0,0.0,0.0625,0.0,0.875
10,10,0.0,0.0625,0.0,0.0,0.0,0.0,0.0,0.0,0.0625,0.0,0.875
10,10,0.0,0.0625,0.0,0.0,0.0,0.0,0.0,0.0,0.0625,0.0,0.875
10,10,0.0,0.0625,0.0,0.0,0.0,0.0,0.0,0.0,0.0625,0.0,0.875
10,10,0.0,0.0625,0.0,0.0,0.0,0.0,0.0,0.0,0.0625,0.0,0.875
10,10,0.0,0.0625,0.0,0.0,0.0,0.0,0.0,0.0,0.0625,0.0,0.875
10,10,0.0,0.0625,0.0,0.0,0.0,0.0,0.0,0.0,0.0625,0.0,0.875
10,10,0.0,0.0625,0.0,0.0,0.0,0.0,0.0,0.0,0.0625,0.0,0.875
10,10,0.0,0.0625,0.0,0.0,0.0,0.0,0.0,0.0,0.0625,0.0,0.875
10,10,0.0,0.0625,0.0,0.0,0.0,0.0,0.0,0.0,0.0625,0.0,0.875
10,10,0.0,0.0625,0.0,0.0,0.0,0.0,0.0,0.0,0.0625,0.0,0.875
10,10,0.0,0.0625,0.0,0.0,0.0,0.0,0.0,0.0,0.0625,0.0,0.875
10,10,0.0,0.0625,0.0,0.0,0.0,0.0,0.0,0.0,0.0625,0.0,0.875
10,10,0.0,0.0625,0.0,0.0,0.0,0.0,0.0,0.0,0.0625,0.0,0.875
10,10,0.0,0.0625,0.0,0.0,0.0,0.0,0.0,0.0,0.0625,0.0,0.875
10,10,0.0,0.0625,0.0,0.0,0.0,0.0,0.0,0.0,0.0625,0.0,0.875
10,10,0.0,0.0625,0.0,0.0,0.0,0.0,0.0,0.0,0.0625,0.0,0.875
10,10,0.0,0.0625,0.0,0.0,0.0,0.0,0.0,0.0,0.0625,0.0,0.875
10,10,0.0,0.0625,0.0,0.0,0.0,0.0,0.0,0.0,0.0625,0.0,0.875
10,10,0.0,0.0625,0.0,0.0,0.0,0.0,0.0,0.0,0.0625,0.0,0.875
10,10,0.0,0.0625,0.0,0.0,0.0,0.0,0.0,0.0,0.0625,0.0,0.875
10,10,0.0,0.0625,0.0,0.0,0.0,0.0,0.0,0.0,0.0625,0.0,0.875
10,10,0.0,0.0625,0.0,0.0,0.0,0.0,0.0,0.0,0.0625,0.0,0.875
10,10,0.0,0.125,0.0,0.0,0.0,0.0,0.0,0.0,0.0625,0.0,0.8125
10,10,0.0,0.125,0.0,0.0,0.0,0.0,0.0,0.0,0.0625,0.0,0.8125
10,10,0.0,0.125,0.0,0.0,0.0,0.0,0.0,0.0,0.0625,0.0,0.8125
10,10,0.0,0.125,0.0,0.0,0.0,0.0,0.0,0.0,0.0625,0.0,0.8125
10,10,0.0,0.125,0.0,0.0,0.0,0.0,0.0,0.0,0.0625,0.0,0.8125
10,10,0.0,0.125,0.0,0.0,0.0,0.0,0.0,0.0,0.0625,0.0,0.8125
10,10,0.0,0.125,0.0,0.0,0.0,0.0,0.0,0.0,0.0625,0.0,0.8125
10,10,0.0,0.125,0.0,0.0,0.0,0.0,0.0,0.0,0.0625,0.0,0.8125
10,10,0.0,0.125,0.0,0.0,0.0,0.0,0.0,0.0,0.0625,0.0,0.8125
10,10,0.0,0.125,0.0,0.0,0.0,0.0,0.0,0.0,0.0625,0.0,0.8125
10,10,0.0625,0.25,0.0,0.0,0.0,0.0,0.0,0.0,0.0625,0.0,0.625
10,10,0.0625,0.25,0.0,0.0,0.0,0.0,0.0,0.0,0.0625,0.0,0.625
10,10,0.0625,0.3125,0.0,0.0,0.0,0.0,0.0,0.0,0.0625,0.0,0.5625
10,10,0.0625,0.3125,0.0,0.0,0.0,0.0,0.0,0.0,0.0625,0.0,0.5625
10,10,0.0625,0.375,0.0,0.0,0.0,0.0,0.0,0.0,0.0625,0.0,0.5
10,10,0.0625,0.375,0.0,0.0,0.0,0.0,0.0,0.0,0.0625,0.0,0.5
10,10,0.0625,0.375,0.0,0.0,0.0,0.0,0.0,0.0,0.0625,0.0,0.5
10,10,0.0625,0.375,0.0,0.0,0.0,0.0,0.0,0.0,0.0625,0.0,0.5
10,10,0.0625,0.375,0.0,0.0,0.0,0.0,0.0,0.0,0.0625,0.0,0.5
10,10,0.0625,0.375,0.0,0.0,0.0,0.0,0.0,0.0,0.0625,0.0,0.5
10,10,0.0625,0.375,0.0,0.0,0.0,0.0,0.0,0.0,0.0625,0.0,0.5
10,10,0.0625,0.375,0.0,0.0,0.0,0.0,0.0,0.0,0.0625,0.0,0.5
10,10,0.0625,0.375,0.0,0.0,0.0,0.0,0.0,0.0,0.0625,0.0,0.5
10,10,0.0625,0.375,0.0,0.0,0.0,0.0,0.0,0.0,0.0625,0.0,0.5
10,10,0.0625,0.375,0.0,0.0,0.0,0.0,0.0,0.0,0.0625,0.0,0.5
10,10,0.0625,0.375,0.0,0.0,0.0,0.0,0.0,0.0,0.0625,0.0,0.5
10,10,0.0625,0.375,0.0,0.0,0.0,0.0,0.0,0.0,0.0625,0.0,0.5
10,10,0.0625,0.375,0.0,0.0,0.0,0.0,0.0,0.0,0.0625,0.0,0.5
10,10,0.0625,0.375,0.0,0.0,0.0,0.0,0.0,0.0,0.0625,0.0,0.5
10,10,0.0625,0.375,0.0,0.0,0.0,0.0,0.0,0.0,0.0625,0.0,0.5
10,10,0.0625,0.375,0.0,0.0,0.0,0.0,0.0,0.0,0.0625,0.0,0.5
10,10,0.0625,0.375,0.0,0.0,0.0,0.0,0.0,0.0,0.0625,0.0,0.5
10,10,0.0625,0.375,0.0,0.0,0.0,0.0,0.0,0.0,0.0625,0.0,0.5
10,10,0.0625,0.375,0.0,0.0,0.0,0.0,0.0,0.0,0.0625,0.0,0.5
10,10,0.0625,0.375,0.0,0.0,0.0,0.0,0.0,0.0,0.0625,0.0,0.5
10,10,0.0625,0.375,0.0,0.0,0.0,0.0,0.0,0.0,0.0625,0.0,0.5
10,10,0.125,0.375,0.0,0.0,0.0,0.0,0.0,0.0,0.0625,0.0,0.4375
10,1,0.125,0.4375,0.0,0.0,0.0,0.0,0.0,0.0,0.0625,0.0,0.375
10,1,0.125,0.4375,0.0,0.0,0.0,0.0,0.0,0.0,0.0625,0.0,0.375
10,1,0.125,0.4375,0.0,0.0,0.0,0.0,0.0,0.0,0.0625,0.0,0.375
10,1,0.125,0.4375,0.0,0.0,0.0,0.0,0.0,0.0,0.0625,0.0,0.375
10,1,0.125,0.4375,0.0,0.0,0.0,0.0,0.0,0.0,0.0625,0.0,0.375
10,1,0.125,0.4375,0.0,0.0,0.0,0.0,0.0,0.0,0.0625,0.0,0.375
10,1,0.125,0.4375,0.0,0.0,0.0,0.0,0.0,0.0,0.0625,0.0,0.375
10,1,0.125,0.4375,0.0,0.0,0.0,0.0,0.0,0.0,0.0625,0.0,0.375
10,1,0.125,0.5,0.0,0.0,0.0,0.0,0.0,0.0,0.0625,0.0,0.3125
10,1,0.125,0.5,0.0,0.0,0.0,0.0,0.0,0.0,0.0625,0.0,0.3125
10,1,0.125,0.5,0.0,0.0,0.0,0.0,0.0,0.0,0.0625,0.0,0.3125
10,1,0.125,0.5,0.0,0.0,0.0,0.0,0.0,0.0,0.0625,0.0,0.3125
10,1,0.125,0.5,0.0,0.0,0.0,0.0,0.0,0.0,0.0625,0.0,0.3125
10,1,0.125,0.5,0.0,0.0,0.0,0.0,0.0,0.0,0.0625,0.0,0.3125
10,1,0.125,0.5,0.0,0.0,0.0,0.0,0.0,0.0,0.0625,0.0,0.3125
10,1,0.125,0.5,0.0,0.0,0.0,0.0,0.0,0.0,0.0625,0.0,0.3125
10,1,0.125,0.5,0.0,0.0,0.0,0.0,0.0,0.0,0.0625,0.0,0.3125
10,1,0.125,0.5,0.0,0.0,0.0,0.0,0.0,0.0,0.0625,0.0,0.3125
10,1,0.125,0.5,0.0,0.0,0.0,0.0,0.0,0.0,0.0625,0.0,0.3125
10,1,0.125,0.5,0.0,0.0,0.0,0.0,0.0,0.0,0.0625,0.0,0.3125
10,1,0.125,0.5,0.0,0.0,0.0,0.0,0.0,0.0,0.0625,0.0,0.3125
10,1,0.125,0.5625,0.0,0.0,0.0,0.0,0.0,0.0,0.0625,0.0,0.25
10,1,0.125,0.5625,0.0,0.0,0.0,0.0,0.0,0.0,0.0625,0.0,0.25
10,1,0.125,0.5625,0.0,0.0,0.0,0.0,0.0,0.0,0.0625,0.0,0.25
10,1,0.125,0.5625,0.0,0.0,0.0,0.0,0.0,0.0,0.0625,0.0,0.25
10,1,0.125,0.5625,0.0,0.0,0.0,0.0,0.0,0.0,0.0625,0.0,0.25
10,1,0.125,0.5625,0.0,0.0,0.0,0.0,0.0,0.0,0.0625,0.0,0.25
10,1,0.125,0.5625,0.0,0.0,0.0,0.0,0.0,0.0,0.0625,0.0,0.25
10,1,0.125,0.5625,0.0,0.0,0.0,0.0,0.0,0.0,0.0625,0.0,0.25
10,1,0.125,0.5625,0.0,0.0,0.0,0.0,0.0,0.0,0.0625,0.0,0.25
10,1,0.125,0.5625,0.0,0.0,0.0,0.0,0.0,0.0,0.0625,0.0,0.25
10,1,0.125,0.5625,0.0,0.0,0.0,0.0,0.0,0.0,0.0625,0.0,0.25
10,1,0.125,0.5625,0.0,0.0,0.0,0.0,0.0,0.0,0.0625,0.0,0.25
10,1,0.125,0.5625,0.0,0.0,0.0,0.0,0.0,0.0,0.0625,0.0,0.25
10,1,0.125,0.5625,0.0,0.0,0.0,0.0,0.0,0.0,0.0625,0.0,0.25
10,1,0.125,0.5625,0.0,0.0,0.0,0.0,0.0,0.0,0.0625,0.0,0.25
10,1,0.125,0.5625,0.0,0.0,0.0,0.0,0.0,0.0,0.0625,0.0,0.25
10,1,0.125,0.5625,0.0,0.0,0.0,0.0,0.0,0.0,0.0625,0.0,0.25
10,1,0.125,0.5625,0.0,0.0,0.0,0.0,0.0,0.0,0.0625,0.0,0.25
10,1,0.125,0.5625,0.0,0.0,0.0,0.0,0.0,0.0,0.0625,0.0,0.25
10,1,0.125,0.5625,0.0,0.0,0.0,0.0,0.0,0.0,0.0625,0.0,0.25
10,1,0.125,0.5625,0.0,0.0,0.0,0.0,0.0,0.0,0.0625,0.0,0.25
10,1,0.125,0.5625,0.0,0.0,0.0,0.0,0.0,0.0,0.0625,0.0,0.25
10,1,0.125,0.5625,0.0,0.0,0.0,0.0,0.0,0.0,0.0625,0.0,0.25
10,1,0.125,0.5625,0.0,0.0,0.0,0.0,0.0,0.0,0.0625,0.0,0.25
10,1,0.125,0.5625,0.0,0.0,0.0,0.0,0.0,0.0,0.0625,0.0,0.25
10,1,0.125,0.5625,0.0,0.0,0.0,0.0,0.0,0.0,0.0625,0.0,0.25
10,1,0.125,0.5625,0.0,0.0,0.0,0.0,0.0,0.0,0.0625,0.0,0.25
10,1,0.125,0.5625,0.0,0.0,0.0,0.0,0.0,0.0,0.0625,0.0,0.25
10,1,0.125,0.5625,0.0,0.0,0.0,0.0,0.0,0.0,0.0625,0.0,0.25
10,1,0.125,0.5625,0.0,0.0,0.0,0.0,0.0,0.0,0.0625,0.0,0.25
10,1,0.125,0.5625,0.0,0.0,0.0,0.0,0.0,0.0,0.0625,0.0,0.25
10,1,0.125,0.5625,0.0,0.0,0.0,0.0,0.0,0.0,0.0625,0.0,0.25
10,1,0.125,0.5625,0.0,0.0,0.0,0.0,0.0,0.0,0.0625,0.0,0.25
10,1,0.125,0.5625,0.0,0.0,0.0,0.0,0.0,0.0,0.0625,0.0,0.25
10,1,0.125,0.5625,0.0,0.0,0.0,0.0,0.0,0.0,0.0625,0.0,0.25
10,1,0.125,0.5625,0.0,0.0,0.0,0.0,0.0,0.0,0.0625,0.0,0.25
10,1,0.125,0.5625,0.0,0.0,0.0,0.0,0.0,0.0,0.0625,0.0,0.25
10,1,0.125,0.5625,0.0,0.0,0.0,0.0,0.0,0.0,0.0625,0.0,0.25
10,1,0.125,0.5625,0.0,0.0,0.0,0.0,0.0,0.0,0.0625,0.0,0.25
10,1,0.125,0.5625,0.0,0.0,0.0,0.0,0.0,0.0,0.0625,0.0,0.25
10,1,0.125,0.5625,0.0,0.0,0.0,0.0,0.0,0.0,0.0625,0.0,0.25
10,1,0.125,0.5625,0.0,0.0,0.0,0.0,0.0,0.0,0.0625,0.0,0.25
10,1,0.125,0.5625,0.0,0.0,0.0,0.0,0.0,0.0,0.0625,0.0,0.25
10,1,0.125,0.5625,0.0,0.0,0.0,0.0,0.0,0.0,0.0625,0.0,0.25
10,1,0.125,0.5625,0.0,0.0,0.0,0.0,0.0,0.0,0.0625,0.0,0.25
10,1,0.125,0.5625,0.0,0.0,0.0,0.0,0.0,0.0,0.0625,0.0,0.25
10,1,0.125,0.5625,0.0,0.0,0.0,0.0,0.0,0.0,0.0625,0.0,0.25
10,1,0.125,0.5625,0.0,0.0,0.0,0.0,0.0,0.0,0.0625,0.0,0.25
10,1,0.125,0.5625,0.0,0.0,0.0,0.0,0.0,0.0,0.0625,0.0,0.25
10,1,0.125,0.5625,0.0,0.0,0.0,0.0,0.0,0.0,0.0625,0.0,0.25
10,1,0.125,0.5625,0.0,0.0,0.0,0.0,0.0,0.0,0.0625,0.0,0.25
10,1,0.125,0.5625,0.0,0.0,0.0,0.0,0.0,0.0,0.0625,0.0,0.25
10,1,0.125,0.5625,0.0,0.0,0.0,0.0,0.0,0.0,0.0625,0.0,0.25
10,1,0.125,0.5625,0.0,0.0,0.0,0.0,0.0,0.0,0.0625,0.0,0.25
10,1,0.125,0.5625,0.0,0.0,0.0,0.0,0.0,0.0,0.0625,0.0,0.25
10,1,0.125,0.5625,0.0,0.0,0.0,0.0,0.0,0.0,0.0625,0.0,0.25
10,1,0.125,0.5625,0.0,0.0,0.0,0.0,0.0,0.0,0.0625,0.0,0.25
10,1,0.125,0.5625,0.0,0.0,0.0,0.0,0.0,0.0,0.0625,0.0,0.25
10,1,0.125,0.5625,0.0,0.0,0.0,0.0,0.0,0.0,0.0625,0.0,0.25
10,1,0.125,0.5625,0.0,0.0,0.0,0.0,0.0,0.0,0.0625,0.0,0.25
10,1,0.125,0.5625,0.0,0.0,0.0,0.0,0.0,0.0,0.0625,0.0,0.25
10,1,0.125,0.5625,0.0,0.0,0.0,0.0,0.0,0.0,0.0625,0.0,0.25
10,1,0.125,0.5625,0.0,0.0,0.0,0.0,0.0,0.0,0.0625,0.0,0.25
10,1,0.125,0.5625,0.0,0.0,0.0,0.0,0.0,0.0,0.0625,0.0,0.25
10,1,0.125,0.5625,0.0,0.0,0.0,0.0,0.0,0.0,0.0625,0.0,0.25
10,1,0.125,0.5625,0.0,0.0,0.0,0.0,0.0,0.0,0.0625,0.0,0.25
10,1,0.125,0.5625,0.0,0.0,0.0,0.0,0.0,0.0,0.0625,0.0,0.25
10,1,0.125,0.5625,0.0,0.0,0.0,0.0,0.0,0.0,0.0625,0.0,0.25
10,1,0.125,0.5625,0.0,0.0,0.0,0.0,0.0,0.0,0.0625,0.0,0.25
10,1,0.125,0.5625,0.0,0.0,0.0,0.0,0.0,0.0,0.0625,0.0,0.25
10,1,0.125,0.5625,0.0,0.0,0.0,0.0,0.0,0.0,0.0625,0.0,0.25
10,1,0.125,0.5625,0.0,0.0,0.0,0.0,0.0,0.0,0.0625,0.0,0.25
10,1,0.125,0.5625,0.0,0.0,0.0,0.0,0.0,0.0,0.0625,0.0,0.25
10,1,0.125,0.5625,0.0,0.0,0.0,0.0,0.0,0.0,0.0625,0.0,0.25
10,1,0.125,0.5625,0.0,0.0,0.0,0.0,0.0,0.0,0.0625,0.0,0.25
10,1,0.125,0.5625,0.0,0.0,0.0,0.0,0.0,0.0,0.0625,0.0,0.25
10,1,0.125,0.5625,0.0,0.0,0.0,0.0,0.0,0.0,0.0625,0.0,0.25
10,1,0.125,0.5625,0.0,0.0,0.0,0.0,0.0,0.0,0.0625,0.0,0.25
10,1,0.125,0.5625,0.0,0.0,0.0,0.0,0.0,0.0,0.0625,0.0,0.25
10,1,0.125,0.5625,0.0,0.0,0.0,0.0,0.0,0.0,0.0625,0.0,0.25
10,1,0.125,0.5625,0.0,0.0,0.0,0.0,0.0,0.0,0.0625,0.0,0.25
10,1,0.125,0.5625,0.0,0.0,0.0,0.0,0.0,0.0,0.0625,0.0,0.25
10,1,0.125,0.5625,0.0,0.0,0.0,0.0,0.0,0.0,0.0625,0.0,0.25
10,1,0.125,0.5625,0.0,0.0,0.0,0.0,0.0,0.0,0.0625,0.0,0.25
10,1,0.125,0.5625,0.0,0.0,0.0,0.0,0.0,0.0,0.0625,0.0,0.25
10,1,0.125,0.5625,0.0,0.0,0.0,0.0,0.0,0.0,0.0625,0.0,0.25
10,1,0.125,0.5625,0.0,0.0,0.0,0.0,0.0,0.0,0.0625,0.0,0.25
10,1,0.125,0.5625,0.0,0.0,0.0,0.0,0.0,0.0,0.0625,0.0,0.25
10,1,0.125,0.5625,0.0,0.0,0.0,0.0,0.0,0.0,0.0625,0.0,0.25
10,1,0.125,0.5625,0.0,0.0,0.0,0.0,0.0,0.0,0.0625,0.0,0.25
10,1,0.125,0.5625,0.0,0.0,0.0,0.0,0.0,0.0,0.0625,0.0,0.25
10,1,0.125,0.5625,0.0,0.0,0.0,0.0,0.0,0.0,0.0625,0.0,0.25
11,1,0.125,0.5625,0.0,0.0,0.0,0.0,0.0,0.0,0.0625,0.0,0.25
11,1,0.125,0.5625,0.0,0.0,0.0,0.0,0.0,0.0,0.0625,0.0,0.25
11,1,0.125,0.5625,0.0,0.0,0.0,0.0,0.0,0.0,0.0625,0.0,0.25
11,1,0.125,0.5625,0.0,0.0,0.0,0.0,0.0,0.0,0.0625,0.0,0.25
11,1,0.125,0.5625,0.0,0.0,0.0,0.0,0.0,0.0,0.0625,0.0,0.25
11,1,0.125,0.5625,0.0,0.0,0.0,0.0,0.0,0.0,0.0625,0.0,0.25
11,1,0.125,0.5625,0.0,0.0,0.0,0.0,0.0,0.0,0.0625,0.0,0.25
11,1,0.125,0.5625,0.0,0.0,0.0,0.0,0.0,0.0,0.0625,0.0,0.25
11,1,0.125,0.5625,0.0,0.0,0.0,0.0,0.0,0.0,0.0625,0.0,0.25
11,1,0.125,0.5625,0.0,0.0,0.0,0.0,0.0,0.0,0.0625,0.0,0.25
11,1,0.125,0.5625,0.0,0.0,0.0,0.0,0.0,0.0,0.0625,0.0,0.25
11,1,0.125,0.5625,0.0,0.0,0.0,0.0,0.0,0.0,0.0625,0.0,0.25
11,1,0.125,0.5625,0.0,0.0,0.0,0.0,0.0,0.0,0.0625,0.0,0.25
11,1,0.125,0.5625,0.0,0.0,0.0,0.0,0.0,0.0,0.0625,0.0,0.25
11,1,0.125,0.5625,0.0,0.0,0.0,0.0,0.0,0.0,0.0625,0.0,0.25
11,1,0.125,0.5625,0.0,0.0,0.0,0.0,0.0,0.0,0.0625,0.0,0.25
11,1,0.125,0.5625,0.0,0.0,0.0,0.0,0.0,0.0,0.0625,0.0,0.25
11,1,0.125,0.5625,0.0,0.0,0.0,0.0,0.0,0.0,0.0625,0.0,0.25
11,1,0.125,0.5625,0.0,0.0,0.0,0.0,0.0,0.0,0.0625,0.0,0.25
11,1,0.125,0.5625,0.0,0.0,0.0,0.0,0.0,0.0,0.0625,0.0,0.25
11,1,0.125,0.5625,0.0,0.0,0.0,0.0,0.0,0.0,0.0625,0.0,0.25
11,1,0.125,0.5625,0.0,0.0,0.0,0.0,0.0,0.0,0.0625,0.0,0.25
11,1,0.125,0.5625,0.0,0.0,0.0,0.0,0.0,0.0,0.0625,0.0,0.25
11,1,0.125,0.5625,0.0,0.0,0.0,0.0,0.0,0.0,0.0625,0.0,0.25
11,1,0.125,0.5625,0.0,0.0,0.0,0.0,0.0,0.0,0.0625,0.0,0.25
11,1,0.125,0.5625,0.0,0.0,0.0,0.0,0.0,0.0,0.0625,0.0,0.25
11,1,0.125,0.5625,0.0,0.0,0.0,0.0,0.0,0.0,0.0625,0.0,0.25
11,1,0.125,0.5625,0.0,0.0,0.0,0.0,0.0,0.0,0.0625,0.0,0.25
11,1,0.125,0.5625,0.0,0.0,0.0,0.0,0.0,0.0,0.0625,0.0,0.25
11,1,0.125,0.5625,0.0,0.0,0.0,0.0,0.0,0.0,0.0625,0.0,0.25
11,1,0.125,0.5625,0.0,0.0,0.0,0.0,0.0,0.0,0.0625,0.0,0.25
11,1,0.125,0.5625,0.0,0.0,0.0,0.0,0.0,0.0,0.0625,0.0,0.25
11,1,0.125,0.5625,0.0,0.0,0.0,0.0,0.0,0.0,0.0625,0.0,0.25
11,1,0.125,0.5625,0.0,0.0,0.0,0.0,0.0,0.0,0.0625,0.0,0.25
11,1,0.125,0.5625,0.0,0.0,0.0,0.0,0.0,0.0,0.0625,0.0,0.25
11,1,0.125,0.5625,0.0,0.0,0.0,0.0,0.0,0.0,0.0625,0.0,0.25
11,1,0.125,0.5625,0.0,0.0,0.0,0.0,0.0,0.0,0.0625,0.0,0.25
11,1,0.125,0.5625,0.0,0.0,0.0,0.0,0.0,0.0,0.0625,0.0,0.25
11,1,0.125,0.5625,0.0,0.0,0.0,0.0,0.0,0.0,0.0625,0.0,0.25
11,1,0.125,0.5625,0.0,0.0,0.0,0.0,0.0,0.0,0.0625,0.0,0.25
11,1,0.125,0.5625,0.0,0.0,0.0,0.0,0.0,0.0,0.0625,0.0,0.25
11,1,0.125,0.5625,0.0,0.0,0.0,0.0,0.0,0.0,0.0625,0.0,0.25
11,1,0.125,0.5625,0.0,0.0,0.0,0.0,0.0,0.0,0.0625,0.0,0.25
11,1,0.125,0.5625,0.0,0.0,0.0,0.0,0.0,0.0,0.0625,0.0,0.25
11,1,0.125,0.5625,0.0,0.0,0.0,0.0,0.0,0.0,0.0625,0.0,0.25
11,1,0.125,0.5625,0.0,0.0,0.0,0.0,0.0,0.0,0.0625,0.0,0.25
11,1,0.125,0.5625,0.0,0.0,0.0,0.0,0.0,0.0,0.0625,0.0,0.25
11,1,0.125,0.5625,0.0,0.0,0.0,0.0,0.0,0.0,0.0625,0.0,0.25
11,1,0.125,0.5625,0.0,0.0,0.0,0.0,0.0,0.0,0.0625,0.0,0.25
11,1,0.125,0.5625,0.0,0.0,0.0,0.0,0.0,0.0,0.0625,0.0,0.25
11,1,0.125,0.5625,0.0,0.0,0.0,0.0,0.0,0.0,0.0625,0.0,0.25
11,1,0.125,0.5625,0.0,0.0,0.0,0.0,0.0,0.0,0.0625,0.0,0.25
11,1,0.125,0.5625,0.0,0.0,0.0,0.0,0.0,0.0,0.0625,0.0,0.25
11,1,0.125,0.5625,0.0,0.0,0.0,0.0,0.0,0.0,0.0625,0.0,0.25
11,1,0.125,0.5625,0.0,0.0,0.0,0.0,0.0,0.0,0.0625,0.0,0.25
11,1,0.125,0.5625,0.0,0.0,0.0,0.0,0.0,0.0,0.0625,0.0,0.25
11,1,0.125,0.5625,0.0,0.0,0.0,0.0,0.0,0.0,0.0625,0.0,0.25
11,1,0.125,0.5625,0.0,0.0,0.0,0.0,0.0,0.0,0.0625,0.0,0.25
11,1,0.125,0.5625,0.0,0.0,0.0,0.0,0.0,0.0,0.0625,0.0,0.25
11,1,0.125,0.5625,0.0,0.0,0.0,0.0,0.0,0.0,0.0625,0.0,0.25
11,1,0.125,0.5625,0.0,0.0,0.0,0.0,0.0,0.0,0.0625,0.0,0.25
11,1,0.125,0.5625,0.0,0.0,0.0,0.0,0.0,0.0,0.0625,0.0,0.25
11,1,0.125,0.5625,0.0,0.0,0.0,0.0,0.0,0.0,0.0625,0.0,0.25
11,1,0.125,0.5625,0.0,0.0,0.0,0.0,0.0,0.0,0.0625,0.0,0.25
11,1,0.125,0.5625,0.0,0.0,0.0,0.0,0.0,0.0,0.0625,0.0,0.25
11,1,0.125,0.5625,0.0,0.0,0.0,0.0,0.0,0.0,0.0625,0.0,0.25
11,1,0.125,0.5625,0.0,0.0,0.0,0.0,0.0,0.0,0.0625,0.0,0.25
11,1,0.125,0.5625,0.0,0.0,0.0,0.0,0.0,0.0,0.0625,0.0,0.25
11,1,0.125,0.5625,0.0,0.0,0.0,0.0,0.0,0.0,0.0625,0.0,0.25
11,1,0.125,0.5625,0.0,0.0,0.0,0.0,0.0,0.0,0.0625,0.0,0.25
11,1,0.125,0.5625,0.0,0.0,0.0,0.0,0.0,0.0,0.0625,0.0,0.25
11,1,0.125,0.5625,0.0,0.0,0.0,0.0,0.0,0.0,0.0625,0.0,0.25
11,1,0.125,0.5625,0.0,0.0,0.0,0.0,0.0,0.0,0.0625,0.0,0.25
11,1,0.125,0.5625,0.0,0.0,0.0,0.0,0.0,0.0,0.0625,0.0,0.25
11,1,0.125,0.5625,0.0,0.0,0.0,0.0,0.0,0.0,0.0625,0.0,0.25
11,1,0.125,0.5625,0.0,0.0,0.0,0.0,0.0,0.0,0.0625,0.0,0.25
11,1,0.125,0.5625,0.0,0.0,0.0,0.0,0.0,0.0,0.0625,0.0,0.25
11,1,0.125,0.5625,0.0,0.0,0.0,0.0,0.0,0.0,0.0625,0.0,0.25
11,1,0.125,0.5625,0.0,0.0,0.0,0.0,0.0,0.0,0.0625,0.0,0.25
11,1,0.125,0.5625,0.0,0.0,0.0,0.0,0.0,0.0,0.0625,0.0,0.25
11,1,0.125,0.5625,0.0,0.0,0.0,0.0,0.0,0.0,0.0625,0.0,0.25
11,1,0.125,0.5625,0.0,0.0,0.0,0.0,0.0,0.0,0.0625,0.0,0.25
11,1,0.125,0.5625,0.0,0.0,0.0,0.0,0.0,0.0,0.0625,0.0,0.25
11,1,0.125,0.5625,0.0,0.0,0.0,0.0,0.0,0.0,0.0625,0.0,0.25
11,1,0.125,0.5625,0.0,0.0,0.0,0.0,0.0,0.0,0.0625,0.0,0.25
11,1,0.125,0.5625,0.0,0.0,0.0,0.0,0.0,0.0,0.0625,0.0,0.25
11,1,0.125,0.5625,0.0,0.0,0.0,0.0,0.0,0.0,0.0625,0.0,0.25
11,1,0.125,0.5625,0.0,0.0,0.0,0.0,0.0,0.0,0.0625,0.0,0.25
11,1,0.125,0.5,0.0,0.0,0.0,0.0,0.0,0.0,0.0625,0.0625,0.25
11,1,0.125,0.5,0.0,0.0,0.0,0.0,0.0,0.0,0.0625,0.0625,0.25
11,1,0.125,0.5,0.0,0.0,0.0,0.0,0.0,0.0,0.0625,0.0625,0.25
11,1,0.125,0.5,0.0,0.0,0.0,0.0,0.0,0.0,0.0625,0.0625,0.25
11,1,0.125,0.5,0.0,0.0,0.0,0.0,0.0,0.0,0.0625,0.0625,0.25
11,1,0.125,0.5,0.0,0.0,0.0,0.0,0.0,0.0,0.0625,0.0625,0.25
11,1,0.125,0.5,0.0,0.0,0.0,0.0,0.0,0.0,0.0625,0.0625,0.25
11,1,0.125,0.5,0.0,0.0,0.0,0.0,0.0,0.0,0.0625,0.0625,0.25
11,1,0.125,0.5,0.0,0.0,0.0,0.0,0.0,0.0,0.0625,0.0625,0.25
11,1,0.125,0.5,0.0,0.0,0.0,0.0,0.0,0.0,0.0625,0.0625,0.25
11,1,0.125,0.5,0.0,0.0,0.0,0.0,0.0,0.0,0.0625,0.0625,0.25
11,1,0.125,0.5,0.0,0.0,0.0,0.0,0.0,0.0,0.0625,0.0625,0.25
11,1,0.125,0.4375,0.0,0.0,0.0,0.0,0.0,0.0,0.0625,0.1875,0.1875
11,1,0.125,0.4375,0.0,0.0,0.0,0.0,0.0,0.0,0.0625,0.1875,0.1875
11,1,0.125,0.4375,0.0,0.0,0.0,0.0,0.0,0.0,0.0625,0.1875,0.1875
11,1,0.125,0.375,0.0,0.0,0.0,0.0,0.0,0.0,0.0625,0.25,0.1875
11,1,0.125,0.375,0.0,0.0,0.0,0.0,0.0,0.0,0.0625,0.25,0.1875
11,1,0.125,0.375,0.0,0.0,0.0,0.0,0.0,0.0,0.0625,0.25,0.1875
11,9,0.0625,0.3125,0.0,0.0,0.0,0.0,0.0,0.0,0.0625,0.375,0.1875
11,9,0.0625,0.3125,0.0,0.0,0.0,0.0,0.0,0.0,0.0625,0.375,0.1875
11,9,0.0625,0.3125,0.0,0.0,0.0,0.0,0.0,0.0,0.0625,0.375,0.1875
11,9,0.0625,0.3125,0.0,0.0,0.0,0.0,0.0,0.0,0.0625,0.375,0.1875
11,9,0.0625,0.3125,0.0,0.0,0.0,0.0,0.0,0.0,0.0625,0.375,0.1875
11,9,0.0625,0.3125,0.0,0.0,0.0,0.0,0.0,0.0,0.0625,0.375,0.1875
11,9,0.0625,0.3125,0.0,0.0,0.0,0.0,0.0,0.0,0.0625,0.375,0.1875
11,9,0.0625,0.3125,0.0,0.0,0.0,0.0,0.0,0.0,0.0625,0.375,0.1875
11,9,0.0625,0.3125,0.0,0.0,0.0,0.0,0.0,0.0,0.0625,0.375,0.1875
11,9,0.0625,0.3125,0.0,0.0,0.0,0.0,0.0,0.0,0.0625,0.375,0.1875
11,9,0.0625,0.3125,0.0,0.0,0.0,0.0,0.0,0.0,0.0625,0.375,0.1875
11,9,0.0625,0.3125,0.0,0.0,0.0,0.0,0.0,0.0,0.0625,0.375,0.1875
11,9,0.0625,0.3125,0.0,0.0,0.0,0.0,0.0,0.0,0.0625,0.375,0.1875
11,9,0.0625,0.3125,0.0,0.0,0.0,0.0,0.0,0.0,0.0625,0.375,0.1875
11,9,0.0625,0.3125,0.0,0.0,0.0,0.0,0.0,0.0,0.0625,0.375,0.1875
11,9,0.0625,0.25,0.0,0.0,0.0,0.0,0.0,0.0,0.0625,0.4375,0.1875
11,9,0.0625,0.25,0.0,0.0,0.0,0.0,0.0,0.0,0.0625,0.4375,0.1875
11,9,0.0625,0.25,0.0,0.0,0.0,0.0,0.0,0.0,0.0625,0.4375,0.1875
11,9,0.0625,0.25,0.0,0.0,0.0,0.0,0.0,0.0,0.0625,0.4375,0.1875
11,9,0.0625,0.25,0.0,0.0,0.0,0.0,0.0,0.0,0.0625,0.4375,0.1875
11,9,0.0625,0.25,0.0,0.0,0.0,0.0,0.0,0.0,0.0625,0.4375,0.1875
11,9,0.0625,0.25,0.0,0.0,0.0,0.0,0.0,0.0,0.0625,0.4375,0.1875
11,9,0.0625,0.1875,0.0,0.0,0.0,0.0,0.0,0.0,0.0625,0.5,0.1875
11,9,0.0625,0.1875,0.0,0.0,0.0,0.0,0.0,0.0,0.0625,0.5,0.1875
11,9,0.0625,0.1875,0.0,0.0,0.0,0.0,0.0,0.0,0.0625,0.5625,0.125
11,9,0.0625,0.1875,0.0,0.0,0.0,0.0,0.0,0.0,0.0625,0.5625,0.125
11,9,0.0625,0.1875,0.0,0.0,0.0,0.0,0.0,0.0,0.0625,0.5625,0.125
11,9,0.0625,0.1875,0.0,0.0,0.0,0.0,0.0,0.0,0.0625,0.5625,0.125
11,9,0.0625,0.1875,0.0,0.0,0.0,0.0,0.0,0.0,0.0625,0.5625,0.125
11,9,0.0625,0.125,0.0,0.0,0.0,0.0,0.0,0.0,0.0625,0.625,0.125
11,9,0.0625,0.125,0.0,0.0,0.0,0.0,0.0,0.0,0.0625,0.625,0.125
11,9,0.0625,0.125,0.0,0.0,0.0,0.0,0.0,0.0,0.0625,0.625,0.125
11,9,0.0625,0.125,0.0,0.0,0.0,0.0,0.0,0.0,0.0625,0.625,0.125
11,9,0.0625,0.125,0.0,0.0,0.0,0.0,0.0,0.0,0.0625,0.625,0.125
11,9,0.0,0.0625,0.0,0.0,0.0,0.0,0.0,0.0,0.0625,0.75,0.125
11,9,0.0,0.0625,0.0,0.0,0.0,0.0,0.0,0.0,0.0625,0.75,0.125
11,9,0.0,0.0625,0.0,0.0,0.0,0.0,0.0,0.0,0.0625,0.75,0.125
11,9,0.0,0.0625,0.0,0.0,0.0,0.0,0.0,0.0,0.0625,0.75,0.125
11,9,0.0,0.0625,0.0,0.0,0.0,0.0,0.0,0.0,0.0625,0.75,0.125
11,9,0.0,0.0625,0.0,0.0,0.0,0.0,0.0,0.0,0.0625,0.75,0.125
11,9,0.0,0.0625,0.0,0.0,0.0,0.0,0.0,0.0,0.0625,0.75,0.125
11,9,0.0,0.0625,0.0,0.0,0.0,0.0,0.0,0.0,0.0625,0.75,0.125
11,9,0.0,0.0625,0.0,0.0,0.0,0.0,0.0,0.0,0.0625,0.75,0.125
11,9,0.0,0.0625,0.0,0.0,0.0,0.0,0.0,0.0,0.0625,0.75,0.125
11,9,0.0,0.0625,0.0,0.0,0.0,0.0,0.0,0.0,0.0625,0.75,0.125
11,9,0.0,0.0625,0.0,0.0,0.0,0.0,0.0,0.0,0.0625,0.75,0.125
11,9,0.0,0.0625,0.0,0.0,0.0,0.0,0.0,0.0,0.0625,0.75,0.125
11,9,0.0,0.0625,0.0,0.0,0.0,0.0,0.0,0.0,0.0625,0.75,0.125
11,9,0.0,0.0625,0.0,0.0,0.0,0.0,0.0,0.0,0.0625,0.75,0.125
11,9,0.0,0.0625,0.0,0.0,0.0,0.0,0.0,0.0,0.0625,0.75,0.125
11,9,0.0,0.0625,0.0,0.0,0.0,0.0,0.0,0.0,0.0625,0.8125,0.0625
11,9,0.0,0.0625,0.0,0.0,0.0,0.0,0.0,0.0,0.0625,0.8125,0.0625
11,9,0.0,0.0625,0.0,0.0,0.0,0.0,0.0,0.0,0.0625,0.8125,0.0625
11,9,0.0,0.0625,0.0,0.0,0.0,0.0,0.0,0.0,0.0625,0.8125,0.0625
11,9,0.0,0.0625,0.0,0.0,0.0,0.0,0.0,0.0,0.0625,0.8125,0.0625
11,9,0.0,0.0625,0.0,0.0,0.0,0.0,0.0,0.0,0.0625,0.8125,0.0625
11,9,0.0,0.0625,0.0,0.0,0.0,0.0,0.0,0.0,0.0625,0.8125,0.0625
11,9,0.0,0.0625,0.0,0.0,0.0,0.0,0.0,0.0,0.0625,0.8125,0.0625
11,9,0.0,0.0625,0.0,0.0,0.0,0.0,0.0,0.0,0.0625,0.8125,0.0625
11,9,0.0,0.0625,0.0,0.0,0.0,0.0,0.0,0.0,0.0625,0.8125,0.0625
11,9,0.0,0.0625,0.0,0.0,0.0,0.0,0.0,0.0,0.0625,0.8125,0.0625
11,9,0.0,0.0625,0.0,0.0,0.0,0.0,0.0,0.0,0.0625,0.8125,0.0625
11,9,0.0,0.0625,0.0,0.0,0.0,0.0,0.0,0.0,0.0625,0.8125,0.0625
11,9,0.0,0.0625,0.0,0.0,0.0,0.0,0.0,0.0,0.0625,0.8125,0.0625
11,9,0.0,0.0625,0.0,0.0,0.0,0.0,0.0,0.0,0.0625,0.8125,0.0625
11,9,0.0,0.0625,0.0,0.0,0.0,0.0,0.0,0.0,0.0625,0.8125,0.0625
11,9,0.0,0.0625,0.0,0.0,0.0,0.0,0.0,0.0,0.0625,0.8125,0.0625
11,9,0.0,0.0625,0.0,0.0,0.0,0.0,0.0,0.0,0.0625,0.8125,0.0625
11,9,0.0,0.0625,0.0,0.0,0.0,0.0,0.0,0.0,0.0625,0.8125,0.0625
11,9,0.0,0.0,0.0,0.0,0.0,0.0,0.0,0.0,0.0625,0.875,0.0625
11,9,0.0,0.0,0.0,0.0,0.0,0.0,0.0,0.0,0.0625,0.875,0.0625
11,9,0.0,0.0,0.0,0.0,0.0,0.0,0.0,0.0,0.0625,0.875,0.0625
11,9,0.0,0.0,0.0,0.0,0.0,0.0,0.0,0.0,0.0625,0.875,0.0625
11,9,0.0,0.0,0.0,0.0,0.0,0.0,0.0,0.0,0.0625,0.875,0.0625
11,9,0.0,0.0,0.0,0.0,0.0,0.0,0.0,0.0,0.0625,0.875,0.0625
11,9,0.0,0.0,0.0,0.0,0.0,0.0,0.0,0.0,0.0625,0.875,0.0625
11,9,0.0,0.0,0.0,0.0,0.0,0.0,0.0,0.0,0.0625,0.875,0.0625
11,9,0.0,0.0,0.0,0.0,0.0,0.0,0.0,0.0,0.0625,0.875,0.0625
11,9,0.0,0.0,0.0,0.0,0.0,0.0,0.0,0.0,0.0625,0.875,0.0625
11,9,0.0,0.0,0.0,0.0,0.0,0.0,0.0,0.0,0.0625,0.875,0.0625
11,9,0.0,0.0,0.0,0.0,0.0,0.0,0.0,0.0,0.0625,0.875,0.0625
11,9,0.0,0.0,0.0,0.0,0.0,0.0,0.0,0.0,0.0625,0.875,0.0625
11,9,0.0,0.0,0.0,0.0,0.0,0.0,0.0,0.0,0.0625,0.875,0.0625
11,9,0.0,0.0,0.0,0.0,0.0,0.0,0.0,0.0,0.0625,0.875,0.0625
11,9,0.0,0.0,0.0,0.0,0.0,0.0,0.0,0.0,0.0625,0.875,0.0625
11,9,0.0,0.0,0.0,0.0,0.0,0.0,0.0,0.0,0.0625,0.875,0.0625
11,9,0.0,0.0,0.0,0.0,0.0,0.0,0.0,0.0,0.0625,0.875,0.0625
11,9,0.0,0.0,0.0,0.0,0.0,0.0,0.0,0.0,0.0625,0.875,0.0625
11,9,0.0,0.0,0.0,0.0,0.0,0.0,0.0,0.0,0.0625,0.875,0.0625
11,9,0.0,0.0,0.0,0.0,0.0,0.0,0.0,0.0,0.0625,0.875,0.0625
11,9,0.0,0.0,0.0,0.0,0.0,0.0,0.0,0.0,0.0,1.0,0.0
11,9,0.0,0.0,0.0,0.0,0.0,0.0,0.0,0.0,0.0,1.0,0.0
11,9,0.0,0.0,0.0,0.0,0.0,0.0,0.0,0.0,0.0,1.0,0.0
11,9,0.0,0.0,0.0,0.0,0.0,0.0,0.0,0.0,0.0,1.0,0.0
11,9,0.0,0.0,0.0,0.0,0.0,0.0,0.0,0.0,0.0,1.0,0.0
11,9,0.0,0.0,0.0,0.0,0.0,0.0,0.0,0.0,0.0,1.0,0.0
11,9,0.0,0.0,0.0,0.0,0.0,0.0,0.0,0.0,0.0,1.0,0.0
11,9,0.0,0.0,0.0,0.0,0.0,0.0,0.0,0.0,0.0,1.0,0.0
11,9,0.0,0.0,0.0,0.0,0.0,0.0,0.0,0.0,0.0,1.0,0.0
11,9,0.0,0.0,0.0,0.0,0.0,0.0,0.0,0.0,0.0,1.0,0.0
11,9,0.0,0.0,0.0,0.0,0.0,0.0,0.0,0.0,0.0,1.0,0.0
11,9,0.0,0.0,0.0,0.0,0.0,0.0,0.0,0.0,0.0,1.0,0.0
11,9,0.0,0.0,0.0,0.0,0.0,0.0,0.0,0.0,0.0,1.0,0.0
11,9,0.0,0.0,0.0,0.0,0.0,0.0,0.0,0.0,0.0,1.0,0.0
11,9,0.0,0.0,0.0,0.0,0.0,0.0,0.0,0.0,0.0,1.0,0.0
11,9,0.0,0.0,0.0,0.0,0.0,0.0,0.0,0.0,0.0,1.0,0.0
11,9,0.0,0.0,0.0,0.0,0.0,0.0,0.0,0.0,0.0,1.0,0.0
11,9,0.0,0.0,0.0,0.0,0.0,0.0,0.0,0.0,0.0,1.0,0.0
11,9,0.0,0.0,0.0,0.0,0.0,0.0,0.0,0.0,0.0,1.0,0.0
11,9,0.0,0.0,0.0,0.0,0.0,0.0,0.0,0.0,0.0,1.0,0.0
11,9,0.0,0.0,0.0,0.0,0.0,0.0,0.0,0.0,0.0,1.0,0.0
11,9,0.0,0.0,0.0,0.0,0.0,0.0,0.0,0.0,0.0,1.0,0.0
11,9,0.0,0.0,0.0,0.0,0.0,0.0,0.0,0.0,0.0,1.0,0.0
11,9,0.0,0.0,0.0,0.0,0.0,0.0,0.0,0.0,0.0,1.0,0.0
11,9,0.0,0.0,0.0,0.0,0.0,0.0,0.0,0.0,0.0,1.0,0.0
11,9,0.0,0.0,0.0,0.0,0.0,0.0,0.0,0.0,0.0,1.0,0.0
11,9,0.0,0.0,0.0,0.0,0.0,0.0,0.0,0.0,0.0,1.0,0.0
11,9,0.0,0.0,0.0,0.0,0.0,0.0,0.0,0.0,0.0,1.0,0.0
11,9,0.0,0.0,0.0,0.0,0.0,0.0,0.0,0.0,0.0,1.0,0.0
11,9,0.0,0.0,0.0,0.0,0.0,0.0,0.0,0.0,0.0,1.0,0.0
11,9,0.0,0.0,0.0,0.0,0.0,0.0,0.0,0.0,0.0,1.0,0.0
11,9,0.0,0.0,0.0,0.0,0.0,0.0,0.0,0.0,0.0,1.0,0.0
11,9,0.0,0.0,0.0,0.0,0.0,0.0,0.0,0.0,0.0,1.0,0.0
11,9,0.0,0.0,0.0,0.0,0.0,0.0,0.0,0.0,0.0,1.0,0.0
11,9,0.0,0.0,0.0,0.0,0.0,0.0,0.0,0.0,0.0,1.0,0.0
11,9,0.0,0.0,0.0,0.0,0.0,0.0,0.0,0.0,0.0,1.0,0.0
11,9,0.0,0.0,0.0,0.0,0.0,0.0,0.0,0.0,0.0,1.0,0.0
11,9,0.0,0.0,0.0,0.0,0.0,0.0,0.0,0.0,0.0,1.0,0.0
11,9,0.0,0.0,0.0,0.0,0.0,0.0,0.0,0.0,0.0,1.0,0.0
11,9,0.0,0.0,0.0,0.0,0.0,0.0,0.0,0.0,0.0,1.0,0.0
11,9,0.0,0.0,0.0,0.0,0.0,0.0,0.0,0.0,0.0,1.0,0.0
11,9,0.0,0.0,0.0,0.0,0.0,0.0,0.0,0.0,0.0,1.0,0.0
11,9,0.0,0.0,0.0,0.0,0.0,0.0,0.0,0.0,0.0,1.0,0.0
11,9,0.0,0.0,0.0,0.0,0.0,0.0,0.0,0.0,0.0,1.0,0.0
11,9,0.0,0.0,0.0,0.0,0.0,0.0,0.0,0.0,0.0,1.0,0.0
11,9,0.0,0.0,0.0,0.0,0.0,0.0,0.0,0.0,0.0,1.0,0.0
11,9,0.0,0.0,0.0,0.0,0.0,0.0,0.0,0.0,0.0,1.0,0.0
11,9,0.0,0.0,0.0,0.0,0.0,0.0,0.0,0.0,0.0,1.0,0.0
11,9,0.0,0.0,0.0,0.0,0.0,0.0,0.0,0.0,0.0,1.0,0.0
11,9,0.0,0.0,0.0,0.0,0.0,0.0,0.0,0.0,0.0,1.0,0.0
11,9,0.0,0.0,0.0,0.0,0.0,0.0,0.0,0.0,0.0,1.0,0.0
11,9,0.0,0.0,0.0,0.0,0.0,0.0,0.0,0.0,0.0,1.0,0.0
11,9,0.0,0.0,0.0,0.0,0.0,0.0,0.0,0.0,0.0,1.0,0.0
11,9,0.0,0.0,0.0,0.0,0.0,0.0,0.0,0.0,0.0,1.0,0.0
11,9,0.0,0.0,0.0,0.0,0.0,0.0,0.0,0.0,0.0,1.0,0.0
11,9,0.0,0.0,0.0,0.0,0.0,0.0,0.0,0.0,0.0,1.0,0.0
11,9,0.0,0.0,0.0,0.0,0.0,0.0,0.0,0.0,0.0,1.0,0.0
11,9,0.0,0.0,0.0,0.0,0.0,0.0,0.0,0.0,0.0,1.0,0.0
11,9,0.0,0.0,0.0,0.0,0.0,0.0,0.0,0.0,0.0,1.0,0.0
11,9,0.0,0.0,0.0,0.0,0.0,0.0,0.0,0.0,0.0,1.0,0.0
11,9,0.0,0.0,0.0,0.0,0.0,0.0,0.0,0.0,0.0,1.0,0.0
11,9,0.0,0.0,0.0,0.0,0.0,0.0,0.0,0.0,0.0,1.0,0.0
11,9,0.0,0.0,0.0,0.0,0.0,0.0,0.0,0.0,0.0,1.0,0.0
11,9,0.0,0.0,0.0,0.0,0.0,0.0,0.0,0.0,0.0,1.0,0.0
11,9,0.0,0.0,0.0,0.0,0.0,0.0,0.0,0.0,0.0,1.0,0.0
11,9,0.0,0.0,0.0,0.0,0.0,0.0,0.0,0.0,0.0,1.0,0.0
11,9,0.0,0.0,0.0,0.0,0.0,0.0,0.0,0.0,0.0,1.0,0.0
11,9,0.0,0.0,0.0,0.0,0.0,0.0,0.0,0.0,0.0,1.0,0.0
11,9,0.0,0.0,0.0,0.0,0.0,0.0,0.0,0.0,0.0,1.0,0.0
11,9,0.0,0.0,0.0,0.0,0.0,0.0,0.0,0.0,0.0,1.0,0.0
11,9,0.0,0.0,0.0,0.0,0.0,0.0,0.0,0.0,0.0,1.0,0.0
11,9,0.0,0.0,0.0,0.0,0.0,0.0,0.0,0.0,0.0,1.0,0.0
11,9,0.0,0.0,0.0,0.0,0.0,0.0,0.0,0.0,0.0,1.0,0.0
11,9,0.0,0.0,0.0,0.0,0.0,0.0,0.0,0.0,0.0,1.0,0.0
11,9,0.0,0.0,0.0,0.0,0.0,0.0,0.0,0.0,0.0,1.0,0.0
11,9,0.0,0.0,0.0,0.0,0.0,0.0,0.0,0.0,0.0,1.0,0.0
11,9,0.0,0.0,0.0,0.0,0.0,0.0,0.0,0.0,0.0,1.0,0.0
11,9,0.0,0.0,0.0,0.0,0.0,0.0,0.0,0.0,0.0,1.0,0.0
11,9,0.0,0.0,0.0,0.0,0.0,0.0,0.0,0.0,0.0,1.0,0.0
11,9,0.0,0.0,0.0,0.0,0.0,0.0,0.0,0.0,0.0,1.0,0.0
11,9,0.0,0.0,0.0,0.0,0.0,0.0,0.0,0.0,0.0,1.0,0.0
11,9,0.0,0.0,0.0,0.0,0.0,0.0,0.0,0.0,0.0,1.0,0.0
11,9,0.0,0.0,0.0,0.0,0.0,0.0,0.0,0.0,0.0,1.0,0.0
11,9,0.0,0.0,0.0,0.0,0.0,0.0,0.0,0.0,0.0,1.0,0.0
11,9,0.0,0.0,0.0,0.0,0.0,0.0,0.0,0.0,0.0,1.0,0.0
11,9,0.0,0.0,0.0,0.0,0.0,0.0,0.0,0.0,0.0,1.0,0.0
11,9,0.0,0.0,0.0,0.0,0.0,0.0,0.0,0.0,0.0,1.0,0.0
11,9,0.0,0.0,0.0,0.0,0.0,0.0,0.0,0.0,0.0,1.0,0.0
11,9,0.0,0.0,0.0,0.0,0.0,0.0,0.0,0.0,0.0,1.0,0.0
11,9,0.0,0.0,0.0,0.0,0.0,0.0,0.0,0.0,0.0,1.0,0.0
11,9,0.0,0.0,0.0,0.0,0.0,0.0,0.0,0.0,0.0,1.0,0.0
11,9,0.0,0.0,0.0,0.0,0.0,0.0,0.0,0.0,0.0,1.0,0.0
11,9,0.0,0.0,0.0,0.0,0.0,0.0,0.0,0.0,0.0,1.0,0.0
11,9,0.0,0.0,0.0,0.0,0.0,0.0,0.0,0.0,0.0,1.0,0.0
11,9,0.0,0.0,0.0,0.0,0.0,0.0,0.0,0.0,0.0,1.0,0.0
11,9,0.0,0.0,0.0,0.0,0.0,0.0,0.0,0.0,0.0,1.0,0.0
11,9,0.0,0.0,0.0,0.0,0.0,0.0,0.0,0.0,0.0,1.0,0.0
11,9,0.0,0.0,0.0,0.0,0.0,0.0,0.0,0.0,0.0,1.0,0.0
11,9,0.0,0.0,0.0,0.0,0.0,0.0,0.0,0.0,0.0,1.0,0.0
11,9,0.0,0.0,0.0,0.0,0.0,0.0,0.0,0.0,0.0,1.0,0.0
11,9,0.0,0.0,0.0,0.0,0.0,0.0,0.0,0.0,0.0,1.0,0.0
11,9,0.0,0.0,0.0,0.0,0.0,0.0,0.0,0.0,0.0,1.0,0.0
11,9,0.0,0.0,0.0,0.0,0.0,0.0,0.0,0.0,0.0,1.0,0.0
11,9,0.0,0.0,0.0,0.0,0.0,0.0,0.0,0.0,0.0,1.0,0.0
11,9,0.0,0.0,0.0,0.0,0.0,0.0,0.0,0.0,0.0,1.0,0.0
11,9,0.0,0.0,0.0,0.0,0.0,0.0,0.0,0.0,0.0,1.0,0.0
11,9,0.0,0.0,0.0,0.0,0.0,0.0,0.0,0.0,0.0,1.0,0.0
11,9,0.0,0.0,0.0,0.0,0.0,0.0,0.0,0.0,0.0,1.0,0.0
11,9,0.0,0.0,0.0,0.0,0.0,0.0,0.0,0.0,0.0,1.0,0.0
11,9,0.0,0.0,0.0,0.0,0.0,0.0,0.0,0.0,0.0,1.0,0.0
11,9,0.0,0.0,0.0,0.0,0.0,0.0,0.0,0.0,0.0,1.0,0.0
11,9,0.0,0.0,0.0,0.0,0.0,0.0,0.0,0.0,0.0,1.0,0.0
11,9,0.0,0.0,0.0,0.0,0.0,0.0,0.0,0.0,0.0,1.0,0.0
11,9,0.0,0.0,0.0,0.0,0.0,0.0,0.0,0.0,0.0,1.0,0.0
11,9,0.0,0.0,0.0,0.0,0.0,0.0,0.0,0.0,0.0,1.0,0.0
11,9,0.0,0.0,0.0,0.0,0.0,0.0,0.0,0.0,0.0,1.0,0.0
11,9,0.0,0.0,0.0,0.0,0.0,0.0,0.0,0.0,0.0,1.0,0.0
11,9,0.0,0.0,0.0,0.0,0.0,0.0,0.0,0.0,0.0,1.0,0.0
11,9,0.0,0.0,0.0,0.0,0.0,0.0,0.0,0.0,0.0,1.0,0.0
11,9,0.0,0.0,0.0,0.0,0.0,0.0,0.0,0.0,0.0,1.0,0.0
11,9,0.0,0.0,0.0,0.0,0.0,0.0,0.0,0.0,0.0,1.0,0.0
11,9,0.0,0.0,0.0,0.0,0.0,0.0,0.0,0.0,0.0,1.0,0.0
11,9,0.0,0.0,0.0,0.0,0.0,0.0,0.0,0.0,0.0,1.0,0.0
11,9,0.0,0.0,0.0,0.0,0.0,0.0,0.0,0.0,0.0,1.0,0.0
11,9,0.0,0.0,0.0,0.0,0.0,0.0,0.0,0.0,0.0,1.0,0.0
11,9,0.0,0.0,0.0,0.0,0.0,0.0,0.0,0.0,0.0,1.0,0.0
11,9,0.0,0.0,0.0,0.0,0.0,0.0,0.0,0.0,0.0,1.0,0.0
11,9,0.0,0.0,0.0,0.0,0.0,0.0,0.0,0.0,0.0,1.0,0.0
11,9,0.0,0.0,0.0,0.0,0.0,0.0,0.0,0.0,0.0,1.0,0.0
11,9,0.0,0.0,0.0,0.0,0.0,0.0,0.0,0.0,0.0,1.0,0.0
11,9,0.0,0.0,0.0,0.0,0.0,0.0,0.0,0.0,0.0,1.0,0.0
11,9,0.0,0.0,0.0,0.0,0.0,0.0,0.0,0.0,0.0,1.0,0.0
11,9,0.0,0.0,0.0,0.0,0.0,0.0,0.0,0.0,0.0,1.0,0.0
11,9,0.0,0.0,0.0,0.0,0.0,0.0,0.0,0.0,0.0,1.0,0.0
11,9,0.0,0.0,0.0,0.0,0.0,0.0,0.0,0.0,0.0,1.0,0.0
11,9,0.0,0.0,0.0,0.0,0.0,0.0,0.0,0.0,0.0,1.0,0.0
11,9,0.0,0.0,0.0,0.0,0.0,0.0,0.0,0.0,0.0,1.0,0.0
11,9,0.0,0.0,0.0,0.0,0.0,0.0,0.0,0.0,0.0,1.0,0.0
11,9,0.0,0.0,0.0,0.0,0.0,0.0,0.0,0.0,0.0,1.0,0.0
11,9,0.0,0.0,0.0,0.0,0.0,0.0,0.0,0.0,0.0,1.0,0.0
11,9,0.0,0.0,0.0,0.0,0.0,0.0,0.0,0.0,0.0,1.0,0.0
11,9,0.0,0.0,0.0,0.0,0.0,0.0,0.0,0.0,0.0,1.0,0.0
11,9,0.0,0.0,0.0,0.0,0.0,0.0,0.0,0.0,0.0,1.0,0.0
11,9,0.0,0.0,0.0,0.0,0.0,0.0,0.0,0.0,0.0,1.0,0.0
11,9,0.0,0.0,0.0,0.0,0.0,0.0,0.0,0.0,0.0,1.0,0.0
11,9,0.0,0.0,0.0,0.0,0.0,0.0,0.0,0.0,0.0,1.0,0.0
11,9,0.0,0.0,0.0,0.0,0.0,0.0,0.0,0.0,0.0,1.0,0.0
11,9,0.0,0.0,0.0,0.0,0.0,0.0,0.0,0.0,0.0,1.0,0.0
11,9,0.0,0.0,0.0,0.0,0.0,0.0,0.0,0.0,0.0,1.0,0.0
11,9,0.0,0.0,0.0,0.0,0.0,0.0,0.0,0.0,0.0,1.0,0.0
11,9,0.0,0.0,0.0,0.0,0.0,0.0,0.0,0.0,0.0,1.0,0.0
11,9,0.0,0.0,0.0,0.0,0.0,0.0,0.0,0.0,0.0,1.0,0.0
11,9,0.0,0.0,0.0,0.0,0.0,0.0,0.0,0.0,0.0,1.0,0.0
11,9,0.0,0.0,0.0,0.0,0.0,0.0,0.0,0.0,0.0,1.0,0.0
11,9,0.0,0.0,0.0,0.0,0.0,0.0,0.0,0.0,0.0,1.0,0.0
11,9,0.0,0.0,0.0,0.0,0.0,0.0,0.0,0.0,0.0,1.0,0.0
11,9,0.0,0.0,0.0,0.0,0.0,0.0,0.0,0.0,0.0,1.0,0.0
11,9,0.0,0.0,0.0,0.0,0.0,0.0,0.0,0.0,0.0,1.0,0.0
11,9,0.0,0.0,0.0,0.0,0.0,0.0,0.0,0.0,0.0,1.0,0.0
11,9,0.0,0.0,0.0,0.0,0.0,0.0,0.0,0.0,0.0,1.0,0.0
11,9,0.0,0.0,0.0,0.0,0.0,0.0,0.0,0.0,0.0,1.0,0.0
11,9,0.0,0.0,0.0,0.0,0.0,0.0,0.0,0.0,0.0,1.0,0.0
11,9,0.0,0.0,0.0,0.0,0.0,0.0,0.0,0.0,0.0,1.0,0.0
11,9,0.0,0.0,0.0,0.0,0.0,0.0,0.0,0.0,0.0,1.0,0.0
11,9,0.0,0.0,0.0,0.0,0.0,0.0,0.0,0.0,0.0,1.0,0.0
11,9,0.0,0.0,0.0,0.0,0.0,0.0,0.0,0.0,0.0,1.0,0.0
11,9,0.0,0.0,0.0,0.0,0.0,0.0,0.0,0.0,0.0,1.0,0.0
11,9,0.0,0.0,0.0,0.0,0.0,0.0,0.0,0.0,0.0,1.0,0.0
11,9,0.0,0.0,0.0,0.0,0.0,0.0,0.0,0.0,0.0,1.0,0.0
11,9,0.0,0.0,0.0,0.0,0.0,0.0,0.0,0.0,0.0,1.0,0.0
11,9,0.0,0.0,0.0,0.0,0.0,0.0,0.0,0.0,0.0,1.0,0.0
11,9,0.0,0.0,0.0,0.0,0.0,0.0,0.0,0.0,0.0,1.0,0.0
11,9,0.0,0.0,0.0,0.0,0.0,0.0,0.0,0.0,0.0,1.0,0.0
11,9,0.0,0.0,0.0,0.0,0.0,0.0,0.0,0.0,0.0,1.0,0.0
11,9,0.0,0.0,0.0,0.0,0.0,0.0,0.0,0.0,0.0,1.0,0.0
11,9,0.0,0.0,0.0,0.0,0.0,0.0,0.0,0.0,0.0,1.0,0.0
11,9,0.0,0.0,0.0,0.0,0.0,0.0,0.0,0.0,0.0,1.0,0.0
11,9,0.0,0.0,0.0,0.0,0.0,0.0,0.0,0.0,0.0,1.0,0.0
11,9,0.0,0.0,0.0,0.0,0.0,0.0,0.0,0.0,0.0,1.0,0.0
11,9,0.0,0.0,0.0,0.0,0.0,0.0,0.0,0.0,0.0,1.0,0.0
11,9,0.0,0.0,0.0,0.0,0.0,0.0,0.0,0.0,0.0,1.0,0.0
11,9,0.0,0.0,0.0,0.0,0.0,0.0,0.0,0.0,0.0,1.0,0.0
11,9,0.0,0.0,0.0,0.0,0.0,0.0,0.0,0.0,0.0,1.0,0.0
11,9,0.0,0.0,0.0,0.0,0.0,0.0,0.0,0.0,0.0,1.0,0.0
11,9,0.0,0.0,0.0,0.0,0.0,0.0,0.0,0.0,0.0,1.0,0.0
11,9,0.0,0.0,0.0,0.0,0.0,0.0,0.0,0.0,0.0,1.0,0.0
11,9,0.0,0.0,0.0,0.0,0.0,0.0,0.0,0.0,0.0,1.0,0.0
11,9,0.0,0.0,0.0,0.0,0.0,0.0,0.0,0.0,0.0,1.0,0.0
11,9,0.0,0.0,0.0,0.0,0.0,0.0,0.0,0.0,0.0,1.0,0.0
11,9,0.0,0.0,0.0,0.0,0.0,0.0,0.0,0.0,0.0,1.0,0.0
11,9,0.0,0.0,0.0,0.0,0.0,0.0,0.0,0.0,0.0,1.0,0.0
11,9,0.0,0.0,0.0,0.0,0.0,0.0,0.0,0.0,0.0,1.0,0.0
11,9,0.0,0.0,0.0,0.0,0.0,0.0,0.0,0.0,0.0,1.0,0.0
11,9,0.0,0.0,0.0,0.0,0.0,0.0,0.0,0.0,0.0,1.0,0.0
11,9,0.0,0.0,0.0,0.0,0.0,0.0,0.0,0.0,0.0,1.0,0.0
11,9,0.0,0.0,0.0,0.0,0.0,0.0,0.0,0.0,0.0,1.0,0.0
11,9,0.0,0.0,0.0,0.0,0.0,0.0,0.0,0.0,0.0,1.0,0.0
11,9,0.0,0.0,0.0,0.0,0.0,0.0,0.0,0.0,0.0,1.0,0.0
11,9,0.0,0.0,0.0,0.0,0.0,0.0,0.0,0.0,0.0,1.0,0.0
11,9,0.0,0.0,0.0,0.0,0.0,0.0,0.0,0.0,0.0,1.0,0.0
11,9,0.0,0.0,0.0,0.0,0.0,0.0,0.0,0.0,0.0,1.0,0.0
11,9,0.0,0.0,0.0,0.0,0.0,0.0,0.0,0.0,0.0,1.0,0.0
11,9,0.0,0.0,0.0,0.0,0.0,0.0,0.0,0.0,0.0,1.0,0.0
11,9,0.0,0.0,0.0,0.0,0.0,0.0,0.0,0.0,0.0,1.0,0.0
11,9,0.0,0.0,0.0,0.0,0.0,0.0,0.0,0.0,0.0,1.0,0.0
11,9,0.0,0.0,0.0,0.0,0.0,0.0,0.0,0.0,0.0,1.0,0.0
11,9,0.0,0.0,0.0,0.0,0.0,0.0,0.0,0.0,0.0,1.0,0.0
11,9,0.0,0.0,0.0,0.0,0.0,0.0,0.0,0.0,0.0,1.0,0.0
11,9,0.0,0.0,0.0,0.0,0.0,0.0,0.0,0.0,0.0,1.0,0.0
11,9,0.0,0.0,0.0,0.0,0.0,0.0,0.0,0.0,0.0,1.0,0.0
11,9,0.0,0.0,0.0,0.0,0.0,0.0,0.0,0.0,0.0,1.0,0.0
11,9,0.0,0.0,0.0,0.0,0.0,0.0,0.0,0.0,0.0,1.0,0.0
11,9,0.0,0.0,0.0,0.0,0.0,0.0,0.0,0.0,0.0,1.0,0.0
11,9,0.0,0.0,0.0,0.0,0.0,0.0,0.0,0.0,0.0,1.0,0.0
11,9,0.0,0.0,0.0,0.0,0.0,0.0,0.0,0.0,0.0,1.0,0.0
11,9,0.0,0.0,0.0,0.0,0.0,0.0,0.0,0.0,0.0,1.0,0.0
11,9,0.0,0.0,0.0,0.0,0.0,0.0,0.0,0.0,0.0,1.0,0.0
11,9,0.0,0.0,0.0,0.0,0.0,0.0,0.0,0.0,0.0,1.0,0.0
11,9,0.0,0.0,0.0,0.0,0.0,0.0,0.0,0.0,0.0,1.0,0.0
11,9,0.0,0.0,0.0,0.0,0.0,0.0,0.0,0.0,0.0,1.0,0.0
11,9,0.0,0.0,0.0,0.0,0.0,0.0,0.0,0.0,0.0,1.0,0.0
11,9,0.0,0.0,0.0,0.0,0.0,0.0,0.0,0.0,0.0,1.0,0.0
11,9,0.0,0.0,0.0,0.0,0.0,0.0,0.0,0.0,0.0,1.0,0.0
11,9,0.0,0.0,0.0,0.0,0.0,0.0,0.0,0.0,0.0,1.0,0.0
11,9,0.0,0.0,0.0,0.0,0.0,0.0,0.0,0.0,0.0,1.0,0.0
11,9,0.0,0.0,0.0,0.0,0.0,0.0,0.0,0.0,0.0,1.0,0.0
11,9,0.0,0.0,0.0,0.0,0.0,0.0,0.0,0.0,0.0,1.0,0.0
11,9,0.0,0.0,0.0,0.0,0.0,0.0,0.0,0.0,0.0,1.0,0.0
11,9,0.0,0.0,0.0,0.0,0.0,0.0,0.0,0.0,0.0,1.0,0.0
11,9,0.0,0.0,0.0,0.0,0.0,0.0,0.0,0.0,0.0,1.0,0.0
11,9,0.0,0.0,0.0,0.0,0.0,0.0,0.0,0.0,0.0,1.0,0.0
11,9,0.0,0.0,0.0,0.0,0.0,0.0,0.0,0.0,0.0,1.0,0.0
11,9,0.0,0.0,0.0,0.0,0.0,0.0,0.0,0.0,0.0,1.0,0.0
11,9,0.0,0.0,0.0,0.0,0.0,0.0,0.0,0.0,0.0,1.0,0.0
11,9,0.0,0.0,0.0,0.0,0.0,0.0,0.0,0.0,0.0,1.0,0.0
11,9,0.0,0.0,0.0,0.0,0.0,0.0,0.0,0.0,0.0,1.0,0.0
11,9,0.0,0.0,0.0,0.0,0.0,0.0,0.0,0.0,0.0,1.0,0.0
11,9,0.0,0.0,0.0,0.0,0.0,0.0,0.0,0.0,0.0,1.0,0.0
11,9,0.0,0.0,0.0,0.0,0.0,0.0,0.0,0.0,0.0,1.0,0.0
11,9,0.0,0.0,0.0,0.0,0.0,0.0,0.0,0.0,0.0,1.0,0.0
11,9,0.0,0.0,0.0,0.0,0.0,0.0,0.0,0.0,0.0,1.0,0.0
11,9,0.0,0.0,0.0,0.0,0.0,0.0,0.0,0.0,0.0,1.0,0.0
11,9,0.0,0.0,0.0,0.0,0.0,0.0,0.0,0.0,0.0,1.0,0.0
11,9,0.0,0.0,0.0,0.0,0.0,0.0,0.0,0.0,0.0,1.0,0.0
11,9,0.0,0.0,0.0,0.0,0.0,0.0,0.0,0.0,0.0,1.0,0.0
11,9,0.0,0.0,0.0,0.0,0.0,0.0,0.0,0.0,0.0,1.0,0.0
11,9,0.0,0.0,0.0,0.0,0.0,0.0,0.0,0.0,0.0,1.0,0.0
11,9,0.0,0.0,0.0,0.0,0.0,0.0,0.0,0.0,0.0,1.0,0.0
11,9,0.0,0.0,0.0,0.0,0.0,0.0,0.0,0.0,0.0,1.0,0.0
11,9,0.0,0.0,0.0,0.0,0.0,0.0,0.0,0.0,0.0,1.0,0.0
11,9,0.0,0.0,0.0,0.0,0.0,0.0,0.0,0.0,0.0,1.0,0.0
11,9,0.0,0.0,0.0,0.0,0.0,0.0,0.0,0.0,0.0,1.0,0.0
11,9,0.0,0.0,0.0,0.0,0.0,0.0,0.0,0.0,0.0,1.0,0.0
11,9,0.0,0.0,0.0,0.0,0.0,0.0,0.0,0.0,0.0,1.0,0.0
11,9,0.0,0.0,0.0,0.0,0.0,0.0,0.0,0.0,0.0,1.0,0.0
11,9,0.0,0.0,0.0,0.0,0.0,0.0,0.0,0.0,0.0,1.0,0.0
11,9,0.0,0.0,0.0,0.0,0.0,0.0,0.0,0.0,0.0,1.0,0.0
11,9,0.0,0.0,0.0,0.0,0.0,0.0,0.0,0.0,0.0,1.0,0.0
11,9,0.0,0.0,0.0,0.0,0.0,0.0,0.0,0.0,0.0,1.0,0.0
11,9,0.0,0.0,0.0,0.0,0.0,0.0,0.0,0.0,0.0,1.0,0.0
11,9,0.0,0.0,0.0,0.0,0.0,0.0,0.0,0.0,0.0,1.0,0.0
11,9,0.0,0.0,0.0,0.0,0.0,0.0,0.0,0.0,0.0,1.0,0.0
11,9,0.0,0.0,0.0,0.0,0.0,0.0,0.0,0.0,0.0,1.0,0.0
11,9,0.0,0.0,0.0,0.0,0.0,0.0,0.0,0.0,0.0,1.0,0.0
11,9,0.0,0.0,0.0,0.0,0.0,0.0,0.0,0.0,0.0,1.0,0.0
11,9,0.0,0.0,0.0,0.0,0.0,0.0,0.0,0.0,0.0,1.0,0.0
11,9,0.0,0.0,0.0,0.0,0.0,0.0,0.0,0.0,0.0,1.0,0.0
11,9,0.0,0.0,0.0,0.0,0.0,0.0,0.0,0.0,0.0,1.0,0.0
11,9,0.0,0.0,0.0,0.0,0.0,0.0,0.0,0.0,0.0,1.0,0.0
11,9,0.0,0.0,0.0,0.0,0.0,0.0,0.0,0.0,0.0,1.0,0.0
11,9,0.0,0.0,0.0,0.0,0.0,0.0,0.0,0.0,0.0,1.0,0.0
11,9,0.0,0.0,0.0,0.0,0.0,0.0,0.0,0.0,0.0,1.0,0.0
11,9,0.0,0.0,0.0,0.0,0.0,0.0,0.0,0.0,0.0,1.0,0.0
11,9,0.0,0.0,0.0,0.0,0.0,0.0,0.0,0.0,0.0,1.0,0.0
11,9,0.0,0.0,0.0,0.0,0.0,0.0,0.0,0.0,0.0,1.0,0.0
11,9,0.0,0.0,0.0,0.0,0.0,0.0,0.0,0.0,0.0,1.0,0.0
11,9,0.0,0.0,0.0,0.0,0.0,0.0,0.0,0.0,0.0,1.0,0.0
11,9,0.0,0.0,0.0,0.0,0.0,0.0,0.0,0.0,0.0,1.0,0.0
11,9,0.0,0.0,0.0,0.0,0.0,0.0,0.0,0.0,0.0,1.0,0.0
11,9,0.0,0.0,0.0,0.0,0.0,0.0,0.0,0.0,0.0,1.0,0.0
11,9,0.0,0.0,0.0,0.0,0.0,0.0,0.0,0.0,0.0,1.0,0.0
11,9,0.0,0.0,0.0,0.0,0.0,0.0,0.0,0.0,0.0,1.0,0.0
11,9,0.0,0.0,0.0,0.0,0.0,0.0,0.0,0.0,0.0,1.0,0.0
11,9,0.0,0.0,0.0,0.0,0.0,0.0,0.0,0.0,0.0,1.0,0.0
11,9,0.0,0.0,0.0,0.0,0.0,0.0,0.0,0.0,0.0,1.0,0.0
11,9,0.0,0.0,0.0,0.0,0.0,0.0,0.0,0.0,0.0,1.0,0.0
11,9,0.0,0.0,0.0,0.0,0.0,0.0,0.0,0.0,0.0,1.0,0.0
11,9,0.0,0.0,0.0,0.0,0.0,0.0,0.0,0.0,0.0,1.0,0.0
11,9,0.0,0.0,0.0,0.0,0.0,0.0,0.0,0.0,0.0,1.0,0.0
11,9,0.0,0.0,0.0,0.0,0.0,0.0,0.0,0.0,0.0,1.0,0.0
11,9,0.0,0.0,0.0,0.0,0.0,0.0,0.0,0.0,0.0,1.0,0.0
11,9,0.0,0.0,0.0,0.0,0.0,0.0,0.0,0.0,0.0,1.0,0.0
11,9,0.0,0.0,0.0,0.0,0.0,0.0,0.0,0.0,0.0,1.0,0.0
11,9,0.0,0.0,0.0,0.0,0.0,0.0,0.0,0.0,0.0,1.0,0.0
11,9,0.0,0.0,0.0,0.0,0.0,0.0,0.0,0.0,0.0,1.0,0.0
11,9,0.0,0.0,0.0,0.0,0.0,0.0,0.0,0.0,0.0,1.0,0.0
11,9,0.0,0.0,0.0,0.0,0.0,0.0,0.0,0.0,0.0,1.0,0.0
11,9,0.0,0.0,0.0,0.0,0.0,0.0,0.0,0.0,0.0,1.0,0.0
11,9,0.0,0.0,0.0,0.0,0.0,0.0,0.0,0.0,0.0,1.0,0.0
11,9,0.0,0.0,0.0,0.0,0.0,0.0,0.0,0.0,0.0,1.0,0.0
11,9,0.0,0.0,0.0,0.0,0.0,0.0,0.0,0.0,0.0,1.0,0.0
11,9,0.0,0.0,0.0,0.0,0.0,0.0,0.0,0.0,0.0,1.0,0.0
11,9,0.0,0.0,0.0,0.0,0.0,0.0,0.0,0.0,0.0,1.0,0.0
11,9,0.0,0.0,0.0,0.0,0.0,0.0,0.0,0.0,0.0,1.0,0.0
11,9,0.0,0.0,0.0,0.0,0.0,0.0,0.0,0.0,0.0,1.0,0.0
11,9,0.0,0.0,0.0,0.0,0.0,0.0,0.0,0.0,0.0,1.0,0.0
11,9,0.0,0.0,0.0,0.0,0.0,0.0,0.0,0.0,0.0,1.0,0.0
11,9,0.0,0.0,0.0,0.0,0.0,0.0,0.0,0.0,0.0,1.0,0.0
11,9,0.0,0.0,0.0,0.0,0.0,0.0,0.0,0.0,0.0,1.0,0.0
11,9,0.0,0.0,0.0,0.0,0.0,0.0,0.0,0.0,0.0,1.0,0.0
11,9,0.0,0.0,0.0,0.0,0.0,0.0,0.0,0.0,0.0,1.0,0.0
11,9,0.0,0.0,0.0,0.0,0.0,0.0,0.0,0.0,0.0,1.0,0.0
11,9,0.0,0.0,0.0,0.0,0.0,0.0,0.0,0.0,0.0,1.0,0.0
11,9,0.0,0.0,0.0,0.0,0.0,0.0,0.0,0.0,0.0,1.0,0.0
11,9,0.0,0.0,0.0,0.0,0.0,0.0,0.0,0.0,0.0,1.0,0.0
11,9,0.0,0.0,0.0,0.0,0.0,0.0,0.0,0.0,0.0,1.0,0.0
11,9,0.0,0.0,0.0,0.0,0.0,0.0,0.0,0.0,0.0,1.0,0.0
11,9,0.0,0.0,0.0,0.0,0.0,0.0,0.0,0.0,0.0,1.0,0.0
11,9,0.0,0.0,0.0,0.0,0.0,0.0,0.0,0.0,0.0,1.0,0.0
11,9,0.0,0.0,0.0,0.0,0.0,0.0,0.0,0.0,0.0,1.0,0.0
11,9,0.0,0.0,0.0,0.0,0.0,0.0,0.0,0.0,0.0,1.0,0.0
11,9,0.0,0.0,0.0,0.0,0.0,0.0,0.0,0.0,0.0,1.0,0.0
11,9,0.0,0.0,0.0,0.0,0.0,0.0,0.0,0.0,0.0,1.0,0.0
11,9,0.0,0.0,0.0,0.0,0.0,0.0,0.0,0.0,0.0,1.0,0.0
11,9,0.0,0.0,0.0,0.0,0.0,0.0,0.0,0.0,0.0,1.0,0.0
11,9,0.0,0.0,0.0,0.0,0.0,0.0,0.0,0.0,0.0,1.0,0.0
11,9,0.0,0.0,0.0,0.0,0.0,0.0,0.0,0.0,0.0,1.0,0.0
11,9,0.0,0.0,0.0,0.0,0.0,0.0,0.0,0.0,0.0,1.0,0.0
11,9,0.0,0.0,0.0,0.0,0.0,0.0,0.0,0.0,0.0,1.0,0.0
11,9,0.0,0.0,0.0,0.0,0.0,0.0,0.0,0.0,0.0,1.0,0.0
11,9,0.0,0.0,0.0,0.0,0.0,0.0,0.0,0.0,0.0,1.0,0.0
11,9,0.0,0.0,0.0,0.0,0.0,0.0,0.0,0.0,0.0,1.0,0.0
11,9,0.0,0.0,0.0,0.0,0.0,0.0,0.0,0.0,0.0,1.0,0.0
11,9,0.0,0.0,0.0,0.0,0.0,0.0,0.0,0.0,0.0,1.0,0.0
11,9,0.0,0.0,0.0,0.0,0.0,0.0,0.0,0.0,0.0,1.0,0.0
11,9,0.0,0.0,0.0,0.0,0.0,0.0,0.0,0.0,0.0,1.0,0.0
11,9,0.0,0.0,0.0,0.0,0.0,0.0,0.0,0.0,0.0,1.0,0.0
11,9,0.0,0.0,0.0,0.0,0.0,0.0,0.0,0.0,0.0,1.0,0.0
11,9,0.0,0.0,0.0,0.0,0.0,0.0,0.0,0.0,0.0,1.0,0.0
11,9,0.0,0.0,0.0,0.0,0.0,0.0,0.0,0.0,0.0,1.0,0.0
11,9,0.0,0.0,0.0,0.0,0.0,0.0,0.0,0.0,0.0,1.0,0.0
11,9,0.0,0.0,0.0,0.0,0.0,0.0,0.0,0.0,0.0,1.0,0.0
11,9,0.0,0.0,0.0,0.0,0.0,0.0,0.0,0.0,0.0,1.0,0.0
11,9,0.0,0.0,0.0,0.0,0.0,0.0,0.0,0.0,0.0,1.0,0.0
11,9,0.0,0.0,0.0,0.0,0.0,0.0,0.0,0.0,0.0,1.0,0.0
11,9,0.0,0.0,0.0,0.0,0.0,0.0,0.0,0.0,0.0,1.0,0.0
11,9,0.0,0.0,0.0,0.0,0.0,0.0,0.0,0.0,0.0,1.0,0.0
11,9,0.0,0.0,0.0,0.0,0.0,0.0,0.0,0.0,0.0,1.0,0.0
11,9,0.0,0.0,0.0,0.0,0.0,0.0,0.0,0.0,0.0,1.0,0.0
11,9,0.0,0.0,0.0,0.0,0.0,0.0,0.0,0.0,0.0,1.0,0.0
11,9,0.0,0.0,0.0,0.0,0.0,0.0,0.0,0.0,0.0,1.0,0.0
11,9,0.0,0.0,0.0,0.0,0.0,0.0,0.0,0.0,0.0,1.0,0.0
11,9,0.0,0.0,0.0,0.0,0.0,0.0,0.0,0.0,0.0,1.0,0.0
11,9,0.0,0.0,0.0,0.0,0.0,0.0,0.0,0.0,0.0,1.0,0.0
11,9,0.0,0.0,0.0,0.0,0.0,0.0,0.0,0.0,0.0,1.0,0.0
11,9,0.0,0.0,0.0,0.0,0.0,0.0,0.0,0.0,0.0,1.0,0.0
11,9,0.0,0.0,0.0,0.0,0.0,0.0,0.0,0.0,0.0,1.0,0.0
11,9,0.0,0.0,0.0,0.0,0.0,0.0,0.0,0.0,0.0,1.0,0.0
11,9,0.0,0.0,0.0,0.0,0.0,0.0,0.0,0.0,0.0,1.0,0.0
11,9,0.0,0.0,0.0,0.0,0.0,0.0,0.0,0.0,0.0,1.0,0.0
11,9,0.0,0.0,0.0,0.0,0.0,0.0,0.0,0.0,0.0,1.0,0.0
11,9,0.0,0.0,0.0,0.0,0.0,0.0,0.0,0.0,0.0,1.0,0.0
11,9,0.0,0.0,0.0,0.0,0.0,0.0,0.0,0.0,0.0,1.0,0.0
11,9,0.0,0.0,0.0,0.0,0.0,0.0,0.0,0.0,0.0,1.0,0.0
11,9,0.0,0.0,0.0,0.0,0.0,0.0,0.0,0.0,0.0,1.0,0.0
11,9,0.0,0.0,0.0,0.0,0.0,0.0,0.0,0.0,0.0,1.0,0.0
11,9,0.0,0.0,0.0,0.0,0.0,0.0,0.0,0.0,0.0,1.0,0.0
11,9,0.0,0.0,0.0,0.0,0.0,0.0,0.0,0.0,0.0,1.0,0.0
11,9,0.0,0.0,0.0,0.0,0.0,0.0,0.0,0.0,0.0,1.0,0.0
11,9,0.0,0.0,0.0,0.0,0.0,0.0,0.0,0.0,0.0,1.0,0.0
11,9,0.0,0.0,0.0,0.0,0.0,0.0,0.0,0.0,0.0,1.0,0.0
11,9,0.0,0.0,0.0,0.0,0.0,0.0,0.0,0.0,0.0,1.0,0.0
11,9,0.0,0.0,0.0,0.0,0.0,0.0,0.0,0.0,0.0,1.0,0.0
11,9,0.0,0.0,0.0,0.0,0.0,0.0,0.0,0.0,0.0,1.0,0.0
11,9,0.0,0.0,0.0,0.0,0.0,0.0,0.0,0.0,0.0,1.0,0.0
11,9,0.0,0.0,0.0,0.0,0.0,0.0,0.0,0.0,0.0,1.0,0.0
11,9,0.0,0.0,0.0,0.0,0.0,0.0,0.0,0.0,0.0,1.0,0.0
11,9,0.0,0.0,0.0,0.0,0.0,0.0,0.0,0.0,0.0,1.0,0.0
11,9,0.0,0.0,0.0,0.0,0.0,0.0,0.0,0.0,0.0,1.0,0.0
11,9,0.0,0.0,0.0,0.0,0.0,0.0,0.0,0.0,0.0,1.0,0.0
11,9,0.0,0.0,0.0,0.0,0.0,0.0,0.0,0.0,0.0,1.0,0.0
11,9,0.0,0.0,0.0,0.0,0.0,0.0,0.0,0.0,0.0,1.0,0.0
11,9,0.0,0.0,0.0,0.0,0.0,0.0,0.0,0.0,0.0,1.0,0.0
11,9,0.0,0.0,0.0,0.0,0.0,0.0,0.0,0.0,0.0,1.0,0.0
11,9,0.0,0.0,0.0,0.0,0.0,0.0,0.0,0.0,0.0,1.0,0.0
11,9,0.0,0.0,0.0,0.0,0.0,0.0,0.0,0.0,0.0,1.0,0.0
11,9,0.0,0.0,0.0,0.0,0.0,0.0,0.0,0.0,0.0,1.0,0.0
11,9,0.0,0.0,0.0,0.0,0.0,0.0,0.0,0.0,0.0,1.0,0.0
11,9,0.0,0.0,0.0,0.0,0.0,0.0,0.0,0.0,0.0,1.0,0.0
11,9,0.0,0.0,0.0,0.0,0.0,0.0,0.0,0.0,0.0,1.0,0.0
11,9,0.0,0.0,0.0,0.0,0.0,0.0,0.0,0.0,0.0,1.0,0.0
11,9,0.0,0.0,0.0,0.0,0.0,0.0,0.0,0.0,0.0,1.0,0.0
11,9,0.0,0.0,0.0,0.0,0.0,0.0,0.0,0.0,0.0,1.0,0.0
11,9,0.0,0.0,0.0,0.0,0.0,0.0,0.0,0.0,0.0,1.0,0.0
11,9,0.0,0.0,0.0,0.0,0.0,0.0,0.0,0.0,0.0,1.0,0.0
11,9,0.0,0.0,0.0,0.0,0.0,0.0,0.0,0.0,0.0,1.0,0.0
11,9,0.0,0.0,0.0,0.0,0.0,0.0,0.0,0.0,0.0,1.0,0.0
11,9,0.0,0.0,0.0,0.0,0.0,0.0,0.0,0.0,0.0,1.0,0.0
11,9,0.0,0.0,0.0,0.0,0.0,0.0,0.0,0.0,0.0,1.0,0.0
11,9,0.0,0.0,0.0,0.0,0.0,0.0,0.0,0.0,0.0,1.0,0.0
11,9,0.0,0.0,0.0,0.0,0.0,0.0,0.0,0.0,0.0,1.0,0.0
11,9,0.0,0.0,0.0,0.0,0.0,0.0,0.0,0.0,0.0,1.0,0.0
11,9,0.0,0.0,0.0,0.0,0.0,0.0,0.0,0.0,0.0,1.0,0.0
11,9,0.0,0.0,0.0,0.0,0.0,0.0,0.0,0.0,0.0,1.0,0.0
11,9,0.0,0.0,0.0,0.0,0.0,0.0,0.0,0.0,0.0,1.0,0.0
11,9,0.0,0.0,0.0,0.0,0.0,0.0,0.0,0.0,0.0,1.0,0.0
11,9,0.0,0.0,0.0,0.0,0.0,0.0,0.0,0.0,0.0,1.0,0.0
11,9,0.0,0.0,0.0,0.0,0.0,0.0,0.0,0.0,0.0,1.0,0.0
11,9,0.0,0.0,0.0,0.0,0.0,0.0,0.0,0.0,0.0,1.0,0.0
11,9,0.0,0.0,0.0,0.0,0.0,0.0,0.0,0.0,0.0,1.0,0.0
11,9,0.0,0.0,0.0,0.0,0.0,0.0,0.0,0.0,0.0,1.0,0.0
11,9,0.0,0.0,0.0,0.0,0.0,0.0,0.0,0.0,0.0,1.0,0.0
11,9,0.0,0.0,0.0,0.0,0.0,0.0,0.0,0.0,0.0,1.0,0.0
11,9,0.0,0.0,0.0,0.0,0.0,0.0,0.0,0.0,0.0,1.0,0.0
11,9,0.0,0.0,0.0,0.0,0.0,0.0,0.0,0.0,0.0,1.0,0.0
11,9,0.0,0.0,0.0,0.0,0.0,0.0,0.0,0.0,0.0,1.0,0.0
11,9,0.0,0.0,0.0,0.0,0.0,0.0,0.0,0.0,0.0,1.0,0.0
11,9,0.0,0.0,0.0,0.0,0.0,0.0,0.0,0.0,0.0,1.0,0.0
11,9,0.0,0.0,0.0,0.0,0.0,0.0,0.0,0.0,0.0,1.0,0.0
11,9,0.0,0.0,0.0,0.0,0.0,0.0,0.0,0.0,0.0,1.0,0.0
11,9,0.0,0.0,0.0,0.0,0.0,0.0,0.0,0.0,0.0,1.0,0.0
11,9,0.0,0.0,0.0,0.0,0.0,0.0,0.0,0.0,0.0,1.0,0.0
11,9,0.0,0.0,0.0,0.0,0.0,0.0,0.0,0.0,0.0,1.0,0.0
11,9,0.0,0.0,0.0,0.0,0.0,0.0,0.0,0.0,0.0,1.0,0.0
11,9,0.0,0.0,0.0,0.0,0.0,0.0,0.0,0.0,0.0,1.0,0.0
11,9,0.0,0.0,0.0,0.0,0.0,0.0,0.0,0.0,0.0,1.0,0.0
11,9,0.0,0.0,0.0,0.0,0.0,0.0,0.0,0.0,0.0,1.0,0.0
11,9,0.0,0.0,0.0,0.0,0.0,0.0,0.0,0.0,0.0,1.0,0.0
11,9,0.0,0.0,0.0,0.0,0.0,0.0,0.0,0.0,0.0,1.0,0.0
11,9,0.0,0.0,0.0,0.0,0.0,0.0,0.0,0.0,0.0,1.0,0.0
11,9,0.0,0.0,0.0,0.0,0.0,0.0,0.0,0.0,0.0,1.0,0.0
11,9,0.0,0.0,0.0,0.0,0.0,0.0,0.0,0.0,0.0,1.0,0.0
11,9,0.0,0.0,0.0,0.0,0.0,0.0,0.0,0.0,0.0,1.0,0.0
11,9,0.0,0.0,0.0,0.0,0.0,0.0,0.0,0.0,0.0,1.0,0.0
11,9,0.0,0.0,0.0,0.0,0.0,0.0,0.0,0.0,0.0,1.0,0.0
11,9,0.0,0.0,0.0,0.0,0.0,0.0,0.0,0.0,0.0,1.0,0.0
11,9,0.0,0.0,0.0,0.0,0.0,0.0,0.0,0.0,0.0,1.0,0.0
11,9,0.0,0.0,0.0,0.0,0.0,0.0,0.0,0.0,0.0,1.0,0.0
11,9,0.0,0.0,0.0,0.0,0.0,0.0,0.0,0.0,0.0,1.0,0.0
11,9,0.0,0.0,0.0,0.0,0.0,0.0,0.0,0.0,0.0,1.0,0.0
11,9,0.0,0.0,0.0,0.0,0.0,0.0,0.0,0.0,0.0,1.0,0.0
11,9,0.0,0.0,0.0,0.0,0.0,0.0,0.0,0.0,0.0,1.0,0.0
11,9,0.0,0.0,0.0,0.0,0.0,0.0,0.0,0.0,0.0,1.0,0.0
11,9,0.0,0.0,0.0,0.0,0.0,0.0,0.0,0.0,0.0,1.0,0.0
11,9,0.0,0.0,0.0,0.0,0.0,0.0,0.0,0.0,0.0,1.0,0.0
11,9,0.0,0.0,0.0,0.0,0.0,0.0,0.0,0.0,0.0,1.0,0.0
11,9,0.0,0.0,0.0,0.0,0.0,0.0,0.0,0.0,0.0,1.0,0.0
11,9,0.0,0.0,0.0,0.0,0.0,0.0,0.0,0.0,0.0,1.0,0.0
11,9,0.0,0.0,0.0,0.0,0.0,0.0,0.0,0.0,0.0,1.0,0.0
11,9,0.0,0.0,0.0,0.0,0.0,0.0,0.0,0.0,0.0,1.0,0.0
11,9,0.0,0.0,0.0,0.0,0.0,0.0,0.0,0.0,0.0,1.0,0.0
11,9,0.0,0.0,0.0,0.0,0.0,0.0,0.0,0.0,0.0,1.0,0.0
11,9,0.0,0.0,0.0,0.0,0.0,0.0,0.0,0.0,0.0,1.0,0.0
11,9,0.0,0.0,0.0,0.0,0.0,0.0,0.0,0.0,0.0,1.0,0.0
11,9,0.0,0.0,0.0,0.0,0.0,0.0,0.0,0.0,0.0,1.0,0.0
11,9,0.0,0.0,0.0,0.0,0.0,0.0,0.0,0.0,0.0,1.0,0.0
11,9,0.0,0.0,0.0,0.0,0.0,0.0,0.0,0.0,0.0,1.0,0.0
11,9,0.0,0.0,0.0,0.0,0.0,0.0,0.0,0.0,0.0,1.0,0.0
11,9,0.0,0.0,0.0,0.0,0.0,0.0,0.0,0.0,0.0,1.0,0.0
11,9,0.0,0.0,0.0,0.0,0.0,0.0,0.0,0.0,0.0,1.0,0.0
11,9,0.0,0.0,0.0,0.0,0.0,0.0,0.0,0.0,0.0,1.0,0.0
11,9,0.0,0.0,0.0,0.0,0.0,0.0,0.0,0.0,0.0,1.0,0.0
11,9,0.0,0.0,0.0,0.0,0.0,0.0,0.0,0.0,0.0,1.0,0.0
11,9,0.0,0.0,0.0,0.0,0.0,0.0,0.0,0.0,0.0,1.0,0.0
11,9,0.0,0.0,0.0,0.0,0.0,0.0,0.0,0.0,0.0,1.0,0.0
11,9,0.0,0.0,0.0,0.0,0.0,0.0,0.0,0.0,0.0,1.0,0.0
11,9,0.0,0.0,0.0,0.0,0.0,0.0,0.0,0.0,0.0,1.0,0.0
11,9,0.0,0.0,0.0,0.0,0.0,0.0,0.0,0.0,0.0,1.0,0.0
11,9,0.0,0.0,0.0,0.0,0.0,0.0,0.0,0.0,0.0,1.0,0.0
11,9,0.0,0.0,0.0,0.0,0.0,0.0,0.0,0.0,0.0,1.0,0.0
11,9,0.0,0.0,0.0,0.0,0.0,0.0,0.0,0.0,0.0,1.0,0.0
11,9,0.0,0.0,0.0,0.0,0.0,0.0,0.0,0.0,0.0,1.0,0.0
11,9,0.0,0.0,0.0,0.0,0.0,0.0,0.0,0.0,0.0,1.0,0.0
11,9,0.0,0.0,0.0,0.0,0.0,0.0,0.0,0.0,0.0,1.0,0.0
11,9,0.0,0.0,0.0,0.0,0.0,0.0,0.0,0.0,0.0,1.0,0.0
11,9,0.0,0.0,0.0,0.0,0.0,0.0,0.0,0.0,0.0,1.0,0.0
11,9,0.0,0.0,0.0,0.0,0.0,0.0,0.0,0.0,0.0,1.0,0.0
11,9,0.0,0.0,0.0,0.0,0.0,0.0,0.0,0.0,0.0,1.0,0.0
11,9,0.0,0.0,0.0,0.0,0.0,0.0,0.0,0.0,0.0,1.0,0.0
11,9,0.0,0.0,0.0,0.0,0.0,0.0,0.0,0.0,0.0,1.0,0.0
11,9,0.0,0.0,0.0,0.0,0.0,0.0,0.0,0.0,0.0,1.0,0.0
11,9,0.0,0.0,0.0,0.0,0.0,0.0,0.0,0.0,0.0,1.0,0.0
11,9,0.0,0.0,0.0,0.0,0.0,0.0,0.0,0.0,0.0,1.0,0.0
11,9,0.0,0.0,0.0,0.0,0.0,0.0,0.0,0.0,0.0,1.0,0.0
11,9,0.0,0.0,0.0,0.0,0.0,0.0,0.0,0.0,0.0,1.0,0.0
11,9,0.0,0.0,0.0,0.0,0.0,0.0,0.0,0.0,0.0,1.0,0.0
11,9,0.0,0.0,0.0,0.0,0.0,0.0,0.0,0.0,0.0,1.0,0.0
11,9,0.0,0.0,0.0,0.0,0.0,0.0,0.0,0.0,0.0,1.0,0.0
11,9,0.0,0.0,0.0,0.0,0.0,0.0,0.0,0.0,0.0,1.0,0.0
11,9,0.0,0.0,0.0,0.0,0.0,0.0,0.0,0.0,0.0,1.0,0.0
11,9,0.0,0.0,0.0,0.0,0.0,0.0,0.0,0.0,0.0,1.0,0.0
11,9,0.0,0.0,0.0,0.0,0.0,0.0,0.0,0.0,0.0,1.0,0.0
11,9,0.0,0.0,0.0,0.0,0.0,0.0,0.0,0.0,0.0,1.0,0.0
11,9,0.0,0.0,0.0,0.0,0.0,0.0,0.0,0.0,0.0,1.0,0.0
11,9,0.0,0.0,0.0,0.0,0.0,0.0,0.0,0.0,0.0,1.0,0.0
11,9,0.0,0.0,0.0,0.0,0.0,0.0,0.0,0.0,0.0,1.0,0.0
11,9,0.0,0.0,0.0,0.0,0.0,0.0,0.0,0.0,0.0,1.0,0.0
11,9,0.0,0.0,0.0,0.0,0.0,0.0,0.0,0.0,0.0,1.0,0.0
11,9,0.0,0.0,0.0,0.0,0.0,0.0,0.0,0.0,0.0,1.0,0.0
11,9,0.0,0.0,0.0,0.0,0.0,0.0,0.0,0.0,0.0,1.0,0.0
11,9,0.0,0.0,0.0,0.0,0.0,0.0,0.0,0.0,0.0,1.0,0.0
11,9,0.0,0.0,0.0,0.0,0.0,0.0,0.0,0.0,0.0,1.0,0.0
11,9,0.0,0.0,0.0,0.0,0.0,0.0,0.0,0.0,0.0,1.0,0.0
11,9,0.0,0.0,0.0,0.0,0.0,0.0,0.0,0.0,0.0,1.0,0.0
11,9,0.0,0.0,0.0,0.0,0.0,0.0,0.0,0.0,0.0,1.0,0.0
11,9,0.0,0.0,0.0,0.0,0.0,0.0,0.0,0.0,0.0,1.0,0.0
11,9,0.0,0.0,0.0,0.0,0.0,0.0,0.0,0.0,0.0,1.0,0.0
11,9,0.0,0.0,0.0,0.0,0.0,0.0,0.0,0.0,0.0,1.0,0.0
11,9,0.0,0.0,0.0,0.0,0.0,0.0,0.0,0.0,0.0,1.0,0.0
11,9,0.0,0.0,0.0,0.0,0.0,0.0,0.0,0.0,0.0,1.0,0.0
11,9,0.0,0.0,0.0,0.0,0.0,0.0,0.0,0.0,0.0,1.0,0.0
11,9,0.0,0.0,0.0,0.0,0.0,0.0,0.0,0.0,0.0,1.0,0.0
11,9,0.0,0.0,0.0,0.0,0.0,0.0,0.0,0.0,0.0,1.0,0.0
11,9,0.0,0.0,0.0,0.0,0.0,0.0,0.0,0.0,0.0,1.0,0.0
11,9,0.0,0.0,0.0,0.0,0.0,0.0,0.0,0.0,0.0,1.0,0.0
11,9,0.0,0.0,0.0,0.0,0.0,0.0,0.0,0.0,0.0,1.0,0.0
11,9,0.0,0.0,0.0,0.0,0.0,0.0,0.0,0.0,0.0,1.0,0.0
11,9,0.0,0.0,0.0,0.0,0.0,0.0,0.0,0.0,0.0,1.0,0.0
11,9,0.0,0.0,0.0,0.0,0.0,0.0,0.0,0.0,0.0,1.0,0.0
11,9,0.0,0.0,0.0,0.0,0.0,0.0,0.0,0.0,0.0,1.0,0.0
11,9,0.0,0.0,0.0,0.0,0.0,0.0,0.0,0.0,0.0,1.0,0.0
11,9,0.0,0.0,0.0,0.0,0.0,0.0,0.0,0.0,0.0,1.0,0.0
11,9,0.0,0.0,0.0,0.0,0.0,0.0,0.0,0.0,0.0,1.0,0.0
11,9,0.0,0.0,0.0,0.0,0.0,0.0,0.0,0.0,0.0,1.0,0.0
11,9,0.0,0.0,0.0,0.0,0.0,0.0,0.0,0.0,0.0,1.0,0.0
11,9,0.0,0.0,0.0,0.0,0.0,0.0,0.0,0.0,0.0,1.0,0.0
11,9,0.0,0.0,0.0,0.0,0.0,0.0,0.0,0.0,0.0,1.0,0.0
11,9,0.0,0.0,0.0,0.0,0.0,0.0,0.0,0.0,0.0,1.0,0.0
11,9,0.0,0.0,0.0,0.0,0.0,0.0,0.0,0.0,0.0,1.0,0.0
11,9,0.0,0.0,0.0,0.0,0.0,0.0,0.0,0.0,0.0,1.0,0.0
11,9,0.0,0.0,0.0,0.0,0.0,0.0,0.0,0.0,0.0,1.0,0.0
11,9,0.0,0.0,0.0,0.0,0.0,0.0,0.0,0.0,0.0,1.0,0.0
11,9,0.0,0.0,0.0,0.0,0.0,0.0,0.0,0.0,0.0,1.0,0.0
11,9,0.0,0.0,0.0,0.0,0.0,0.0,0.0,0.0,0.0,1.0,0.0
11,9,0.0,0.0,0.0,0.0,0.0,0.0,0.0,0.0,0.0,1.0,0.0
11,9,0.0,0.0,0.0,0.0,0.0,0.0,0.0,0.0,0.0,1.0,0.0
11,9,0.0,0.0,0.0,0.0,0.0,0.0,0.0,0.0,0.0,1.0,0.0
11,9,0.0,0.0,0.0,0.0,0.0,0.0,0.0,0.0,0.0,1.0,0.0
11,9,0.0,0.0,0.0,0.0,0.0,0.0,0.0,0.0,0.0,1.0,0.0
11,9,0.0,0.0,0.0,0.0,0.0,0.0,0.0,0.0,0.0,1.0,0.0
11,9,0.0,0.0,0.0,0.0,0.0,0.0,0.0,0.0,0.0,1.0,0.0
11,9,0.0,0.0,0.0,0.0,0.0,0.0,0.0,0.0,0.0,1.0,0.0
11,9,0.0,0.0,0.0,0.0,0.0,0.0,0.0,0.0,0.0,1.0,0.0
11,9,0.0,0.0,0.0,0.0,0.0,0.0,0.0,0.0,0.0,1.0,0.0
11,9,0.0,0.0,0.0,0.0,0.0,0.0,0.0,0.0,0.0,1.0,0.0
11,9,0.0,0.0,0.0,0.0,0.0,0.0,0.0,0.0,0.0,1.0,0.0
11,9,0.0,0.0,0.0,0.0,0.0,0.0,0.0,0.0,0.0,1.0,0.0
11,9,0.0,0.0,0.0,0.0,0.0,0.0,0.0,0.0,0.0,1.0,0.0
11,9,0.0,0.0,0.0,0.0,0.0,0.0,0.0,0.0,0.0,1.0,0.0
11,9,0.0,0.0,0.0,0.0,0.0,0.0,0.0,0.0,0.0,1.0,0.0
11,9,0.0,0.0,0.0,0.0,0.0,0.0,0.0,0.0,0.0,1.0,0.0
11,9,0.0,0.0,0.0,0.0,0.0,0.0,0.0,0.0,0.0,1.0,0.0
11,9,0.0,0.0,0.0,0.0,0.0,0.0,0.0,0.0,0.0,1.0,0.0
11,9,0.0,0.0,0.0,0.0,0.0,0.0,0.0,0.0,0.0,1.0,0.0
11,9,0.0,0.0,0.0,0.0,0.0,0.0,0.0,0.0,0.0,1.0,0.0
11,9,0.0,0.0,0.0,0.0,0.0,0.0,0.0,0.0,0.0,1.0,0.0
11,9,0.0,0.0,0.0,0.0,0.0,0.0,0.0,0.0,0.0,1.0,0.0
11,9,0.0,0.0,0.0,0.0,0.0,0.0,0.0,0.0,0.0,1.0,0.0
11,9,0.0,0.0,0.0,0.0,0.0,0.0,0.0,0.0,0.0,1.0,0.0
11,9,0.0,0.0,0.0,0.0,0.0,0.0,0.0,0.0,0.0,1.0,0.0
11,9,0.0,0.0,0.0,0.0,0.0,0.0,0.0,0.0,0.0,1.0,0.0
11,9,0.0,0.0,0.0,0.0,0.0,0.0,0.0,0.0,0.0,1.0,0.0
11,9,0.0,0.0,0.0,0.0,0.0,0.0,0.0,0.0,0.0,1.0,0.0
11,9,0.0,0.0,0.0,0.0,0.0,0.0,0.0,0.0,0.0,1.0,0.0
11,9,0.0,0.0,0.0,0.0,0.0,0.0,0.0,0.0,0.0,1.0,0.0
11,9,0.0,0.0,0.0,0.0,0.0,0.0,0.0,0.0,0.0,1.0,0.0
11,9,0.0,0.0,0.0,0.0,0.0,0.0,0.0,0.0,0.0,1.0,0.0
11,9,0.0,0.0,0.0,0.0,0.0,0.0,0.0,0.0,0.0,1.0,0.0
11,9,0.0,0.0,0.0,0.0,0.0,0.0,0.0,0.0,0.0,1.0,0.0
11,9,0.0,0.0,0.0,0.0,0.0,0.0,0.0,0.0,0.0,1.0,0.0
11,9,0.0,0.0,0.0,0.0,0.0,0.0,0.0,0.0,0.0,1.0,0.0
11,9,0.0,0.0,0.0,0.0,0.0,0.0,0.0,0.0,0.0,1.0,0.0
11,9,0.0,0.0,0.0,0.0,0.0,0.0,0.0,0.0,0.0,1.0,0.0
11,9,0.0,0.0,0.0,0.0,0.0,0.0,0.0,0.0,0.0,1.0,0.0
11,9,0.0,0.0,0.0,0.0,0.0,0.0,0.0,0.0,0.0,1.0,0.0
11,9,0.0,0.0,0.0,0.0,0.0,0.0,0.0,0.0,0.0,1.0,0.0
11,9,0.0,0.0,0.0,0.0,0.0,0.0,0.0,0.0,0.0,1.0,0.0
11,9,0.0,0.0,0.0,0.0,0.0,0.0,0.0,0.0,0.0,1.0,0.0
11,9,0.0,0.0,0.0,0.0,0.0,0.0,0.0,0.0,0.0,1.0,0.0
11,9,0.0,0.0,0.0,0.0,0.0,0.0,0.0,0.0,0.0,1.0,0.0
11,9,0.0,0.0,0.0,0.0,0.0,0.0,0.0,0.0,0.0,1.0,0.0
11,9,0.0,0.0,0.0,0.0,0.0,0.0,0.0,0.0,0.0,1.0,0.0
11,9,0.0,0.0,0.0,0.0,0.0,0.0,0.0,0.0,0.0,1.0,0.0
11,9,0.0,0.0,0.0,0.0,0.0,0.0,0.0,0.0,0.0,1.0,0.0
11,9,0.0,0.0,0.0,0.0,0.0,0.0,0.0,0.0,0.0,1.0,0.0
11,9,0.0,0.0,0.0,0.0,0.0,0.0,0.0,0.0,0.0,1.0,0.0
11,9,0.0,0.0,0.0,0.0,0.0,0.0,0.0,0.0,0.0,1.0,0.0
11,9,0.0,0.0,0.0,0.0,0.0,0.0,0.0,0.0,0.0,1.0,0.0
11,9,0.0,0.0,0.0,0.0,0.0,0.0,0.0,0.0,0.0,1.0,0.0
11,9,0.0,0.0,0.0,0.0,0.0,0.0,0.0,0.0,0.0,1.0,0.0
11,9,0.0,0.0,0.0,0.0,0.0,0.0,0.0,0.0,0.0,1.0,0.0
11,9,0.0,0.0,0.0,0.0,0.0,0.0,0.0,0.0,0.0,1.0,0.0
11,9,0.0,0.0,0.0,0.0,0.0,0.0,0.0,0.0,0.0,1.0,0.0
11,9,0.0,0.0,0.0,0.0,0.0,0.0,0.0,0.0,0.0,1.0,0.0
11,9,0.0,0.0,0.0,0.0,0.0,0.0,0.0,0.0,0.0,1.0,0.0
11,9,0.0,0.0,0.0,0.0,0.0,0.0,0.0,0.0,0.0,1.0,0.0
11,9,0.0,0.0,0.0,0.0,0.0,0.0,0.0,0.0,0.0,1.0,0.0
11,9,0.0,0.0,0.0,0.0,0.0,0.0,0.0,0.0,0.0,1.0,0.0
11,9,0.0,0.0,0.0,0.0,0.0,0.0,0.0,0.0,0.0,1.0,0.0
11,9,0.0,0.0,0.0,0.0,0.0,0.0,0.0,0.0,0.0,1.0,0.0
11,9,0.0,0.0,0.0,0.0,0.0,0.0,0.0,0.0,0.0,1.0,0.0
11,9,0.0,0.0,0.0,0.0,0.0,0.0,0.0,0.0,0.0,1.0,0.0
11,9,0.0,0.0,0.0,0.0,0.0,0.0,0.0,0.0,0.0,1.0,0.0
11,9,0.0,0.0,0.0,0.0,0.0,0.0,0.0,0.0,0.0,1.0,0.0
11,9,0.0,0.0,0.0,0.0,0.0,0.0,0.0,0.0,0.0,1.0,0.0
11,9,0.0,0.0,0.0,0.0,0.0,0.0,0.0,0.0,0.0,1.0,0.0
11,9,0.0,0.0,0.0,0.0,0.0,0.0,0.0,0.0,0.0,1.0,0.0
11,9,0.0,0.0,0.0,0.0,0.0,0.0,0.0,0.0,0.0,1.0,0.0
11,9,0.0,0.0,0.0,0.0,0.0,0.0,0.0,0.0,0.0,1.0,0.0
11,9,0.0,0.0,0.0,0.0,0.0,0.0,0.0,0.0,0.0,1.0,0.0
11,9,0.0,0.0,0.0,0.0,0.0,0.0,0.0,0.0,0.0,1.0,0.0
11,9,0.0,0.0,0.0,0.0,0.0,0.0,0.0,0.0,0.0,1.0,0.0
11,9,0.0,0.0,0.0,0.0,0.0,0.0,0.0,0.0,0.0,1.0,0.0
11,9,0.0,0.0,0.0,0.0,0.0,0.0,0.0,0.0,0.0,1.0,0.0
11,9,0.0,0.0,0.0,0.0,0.0,0.0,0.0,0.0,0.0,1.0,0.0
11,9,0.0,0.0,0.0,0.0,0.0,0.0,0.0,0.0,0.0,1.0,0.0
11,9,0.0,0.0,0.0,0.0,0.0,0.0,0.0,0.0,0.0,1.0,0.0
11,9,0.0,0.0,0.0,0.0,0.0,0.0,0.0,0.0,0.0,1.0,0.0
11,9,0.0,0.0,0.0,0.0,0.0,0.0,0.0,0.0,0.0,1.0,0.0
11,9,0.0,0.0,0.0,0.0,0.0,0.0,0.0,0.0,0.0,1.0,0.0
11,9,0.0,0.0,0.0,0.0,0.0,0.0,0.0,0.0,0.0,1.0,0.0
11,9,0.0,0.0,0.0,0.0,0.0,0.0,0.0,0.0,0.0,1.0,0.0
11,9,0.0,0.0,0.0,0.0,0.0,0.0,0.0,0.0,0.0,1.0,0.0
11,9,0.0,0.0,0.0,0.0,0.0,0.0,0.0,0.0,0.0,1.0,0.0
11,9,0.0,0.0,0.0,0.0,0.0,0.0,0.0,0.0,0.0,1.0,0.0
11,9,0.0,0.0,0.0,0.0,0.0,0.0,0.0,0.0,0.0,1.0,0.0
11,9,0.0,0.0,0.0,0.0,0.0,0.0,0.0,0.0,0.0,1.0,0.0
11,9,0.0,0.0,0.0,0.0,0.0,0.0,0.0,0.0,0.0,1.0,0.0
11,9,0.0,0.0,0.0,0.0,0.0,0.0,0.0,0.0,0.0,1.0,0.0
11,9,0.0,0.0,0.0,0.0,0.0,0.0,0.0,0.0,0.0,1.0,0.0
11,9,0.0,0.0,0.0,0.0,0.0,0.0,0.0,0.0,0.0,1.0,0.0
11,9,0.0,0.0,0.0,0.0,0.0,0.0,0.0,0.0,0.0,1.0,0.0
11,9,0.0,0.0,0.0,0.0,0.0,0.0,0.0,0.0,0.0,1.0,0.0
11,9,0.0,0.0,0.0,0.0,0.0,0.0,0.0,0.0,0.0,1.0,0.0
11,9,0.0,0.0,0.0,0.0,0.0,0.0,0.0,0.0,0.0,1.0,0.0
11,9,0.0,0.0,0.0,0.0,0.0,0.0,0.0,0.0,0.0,1.0,0.0
11,9,0.0,0.0,0.0,0.0,0.0,0.0,0.0,0.0,0.0,1.0,0.0
11,9,0.0,0.0,0.0,0.0,0.0,0.0,0.0,0.0,0.0,1.0,0.0
11,9,0.0,0.0,0.0,0.0,0.0,0.0,0.0,0.0,0.0,1.0,0.0
11,9,0.0,0.0,0.0,0.0,0.0,0.0,0.0,0.0,0.0,1.0,0.0
11,9,0.0,0.0,0.0,0.0,0.0,0.0,0.0,0.0,0.0,1.0,0.0
11,9,0.0,0.0,0.0,0.0,0.0,0.0,0.0,0.0,0.0,1.0,0.0
11,9,0.0,0.0,0.0,0.0,0.0,0.0,0.0,0.0,0.0,1.0,0.0
11,9,0.0,0.0,0.0,0.0,0.0,0.0,0.0,0.0,0.0,1.0,0.0
11,9,0.0,0.0,0.0,0.0,0.0,0.0,0.0,0.0,0.0,1.0,0.0
11,9,0.0,0.0,0.0,0.0,0.0,0.0,0.0,0.0,0.0,1.0,0.0
11,9,0.0,0.0,0.0,0.0,0.0,0.0,0.0,0.0,0.0,1.0,0.0
11,9,0.0,0.0,0.0,0.0,0.0,0.0,0.0,0.0,0.0,1.0,0.0
11,9,0.0,0.0,0.0,0.0,0.0,0.0,0.0,0.0,0.0,1.0,0.0
11,9,0.0,0.0,0.0,0.0,0.0,0.0,0.0,0.0,0.0,1.0,0.0
11,9,0.0,0.0,0.0,0.0,0.0,0.0,0.0,0.0,0.0,1.0,0.0
11,9,0.0,0.0,0.0,0.0,0.0,0.0,0.0,0.0,0.0,1.0,0.0
11,9,0.0,0.0,0.0,0.0,0.0,0.0,0.0,0.0,0.0,1.0,0.0
11,9,0.0,0.0,0.0,0.0,0.0,0.0,0.0,0.0,0.0,1.0,0.0
11,9,0.0,0.0,0.0,0.0,0.0,0.0,0.0,0.0,0.0,1.0,0.0
11,9,0.0,0.0,0.0,0.0,0.0,0.0,0.0,0.0,0.0,1.0,0.0
11,9,0.0,0.0,0.0,0.0,0.0,0.0,0.0,0.0,0.0,1.0,0.0
11,9,0.0,0.0,0.0,0.0,0.0,0.0,0.0,0.0,0.0,1.0,0.0
11,9,0.0,0.0,0.0,0.0,0.0,0.0,0.0,0.0,0.0,1.0,0.0
11,9,0.0,0.0,0.0,0.0,0.0,0.0,0.0,0.0,0.0,1.0,0.0
11,9,0.0,0.0,0.0,0.0,0.0,0.0,0.0,0.0,0.0,1.0,0.0
11,9,0.0,0.0,0.0,0.0,0.0,0.0,0.0,0.0,0.0,1.0,0.0
11,9,0.0,0.0,0.0,0.0,0.0,0.0,0.0,0.0,0.0,1.0,0.0
11,9,0.0,0.0,0.0,0.0,0.0,0.0,0.0,0.0,0.0,1.0,0.0
11,9,0.0,0.0,0.0,0.0,0.0,0.0,0.0,0.0,0.0,1.0,0.0
11,9,0.0,0.0,0.0,0.0,0.0,0.0,0.0,0.0,0.0,1.0,0.0
11,9,0.0,0.0,0.0,0.0,0.0,0.0,0.0,0.0,0.0,1.0,0.0
11,9,0.0,0.0,0.0,0.0,0.0,0.0,0.0,0.0,0.0,1.0,0.0
11,9,0.0,0.0,0.0,0.0,0.0,0.0,0.0,0.0,0.0,1.0,0.0
11,9,0.0,0.0,0.0,0.0,0.0,0.0,0.0,0.0,0.0,1.0,0.0
11,9,0.0,0.0,0.0,0.0,0.0,0.0,0.0,0.0,0.0,1.0,0.0
11,9,0.0,0.0,0.0,0.0,0.0,0.0,0.0,0.0,0.0,1.0,0.0
11,9,0.0,0.0,0.0,0.0,0.0,0.0,0.0,0.0,0.0,1.0,0.0
11,9,0.0,0.0,0.0,0.0,0.0,0.0,0.0,0.0,0.0,1.0,0.0
11,9,0.0,0.0,0.0,0.0,0.0,0.0,0.0,0.0,0.0,1.0,0.0
11,9,0.0,0.0,0.0,0.0,0.0,0.0,0.0,0.0,0.0,1.0,0.0
11,9,0.0,0.0,0.0,0.0,0.0,0.0,0.0,0.0,0.0,1.0,0.0
11,9,0.0,0.0,0.0,0.0,0.0,0.0,0.0,0.0,0.0,1.0,0.0
11,9,0.0,0.0,0.0,0.0,0.0,0.0,0.0,0.0,0.0,1.0,0.0
11,9,0.0,0.0,0.0,0.0,0.0,0.0,0.0,0.0,0.0,1.0,0.0
11,9,0.0,0.0,0.0,0.0,0.0,0.0,0.0,0.0,0.0,1.0,0.0
11,9,0.0,0.0,0.0,0.0,0.0,0.0,0.0,0.0,0.0,1.0,0.0
11,9,0.0,0.0,0.0,0.0,0.0,0.0,0.0,0.0,0.0,1.0,0.0
11,9,0.0,0.0,0.0,0.0,0.0,0.0,0.0,0.0,0.0,1.0,0.0
11,9,0.0,0.0,0.0,0.0,0.0,0.0,0.0,0.0,0.0,1.0,0.0
11,9,0.0,0.0,0.0,0.0,0.0,0.0,0.0,0.0,0.0,1.0,0.0
11,9,0.0,0.0,0.0,0.0,0.0,0.0,0.0,0.0,0.0,1.0,0.0
11,9,0.0,0.0,0.0,0.0,0.0,0.0,0.0,0.0,0.0,1.0,0.0
11,9,0.0,0.0,0.0,0.0,0.0,0.0,0.0,0.0,0.0,1.0,0.0
11,9,0.0,0.0,0.0,0.0,0.0,0.0,0.0,0.0,0.0,1.0,0.0
11,9,0.0,0.0,0.0,0.0,0.0,0.0,0.0,0.0,0.0,1.0,0.0
11,9,0.0,0.0,0.0,0.0,0.0,0.0,0.0,0.0,0.0,1.0,0.0
11,9,0.0,0.0,0.0,0.0,0.0,0.0,0.0,0.0,0.0,1.0,0.0
11,9,0.0,0.0,0.0,0.0,0.0,0.0,0.0,0.0,0.0,1.0,0.0
11,9,0.0,0.0,0.0,0.0,0.0,0.0,0.0,0.0,0.0,1.0,0.0
11,9,0.0,0.0,0.0,0.0,0.0,0.0,0.0,0.0,0.0,1.0,0.0
11,9,0.0,0.0,0.0,0.0,0.0,0.0,0.0,0.0,0.0,1.0,0.0
11,9,0.0,0.0,0.0,0.0,0.0,0.0,0.0,0.0,0.0,1.0,0.0
11,9,0.0,0.0,0.0,0.0,0.0,0.0,0.0,0.0,0.0,1.0,0.0
11,9,0.0,0.0,0.0,0.0,0.0,0.0,0.0,0.0,0.0,1.0,0.0
11,9,0.0,0.0,0.0,0.0,0.0,0.0,0.0,0.0,0.0,1.0,0.0
11,9,0.0,0.0,0.0,0.0,0.0,0.0,0.0,0.0,0.0,1.0,0.0
11,9,0.0,0.0,0.0,0.0,0.0,0.0,0.0,0.0,0.0,1.0,0.0
11,9,0.0,0.0,0.0,0.0,0.0,0.0,0.0,0.0,0.0,1.0,0.0
11,9,0.0,0.0,0.0,0.0,0.0,0.0,0.0,0.0,0.0,1.0,0.0
11,9,0.0,0.0,0.0,0.0,0.0,0.0,0.0,0.0,0.0,1.0,0.0
11,9,0.0,0.0,0.0,0.0,0.0,0.0,0.0,0.0,0.0,1.0,0.0
11,9,0.0,0.0,0.0,0.0,0.0,0.0,0.0,0.0,0.0,1.0,0.0
11,9,0.0,0.0,0.0,0.0,0.0,0.0,0.0,0.0,0.0,1.0,0.0
11,9,0.0,0.0,0.0,0.0,0.0,0.0,0.0,0.0,0.0,1.0,0.0
11,9,0.0,0.0,0.0,0.0,0.0,0.0,0.0,0.0,0.0,1.0,0.0
11,9,0.0,0.0,0.0,0.0,0.0,0.0,0.0,0.0,0.0,1.0,0.0
11,9,0.0,0.0,0.0,0.0,0.0,0.0,0.0,0.0,0.0,1.0,0.0
11,9,0.0,0.0,0.0,0.0,0.0,0.0,0.0,0.0,0.0,1.0,0.0
11,9,0.0,0.0,0.0,0.0,0.0,0.0,0.0,0.0,0.0,1.0,0.0
11,9,0.0,0.0,0.0,0.0,0.0,0.0,0.0,0.0,0.0,1.0,0.0
11,9,0.0,0.0,0.0,0.0,0.0,0.0,0.0,0.0,0.0,1.0,0.0
11,9,0.0,0.0,0.0,0.0,0.0,0.0,0.0,0.0,0.0,1.0,0.0
11,9,0.0,0.0,0.0,0.0,0.0,0.0,0.0,0.0,0.0,1.0,0.0
11,9,0.0,0.0,0.0,0.0,0.0,0.0,0.0,0.0,0.0,1.0,0.0
11,9,0.0,0.0,0.0,0.0,0.0,0.0,0.0,0.0,0.0,1.0,0.0
11,9,0.0,0.0,0.0,0.0,0.0,0.0,0.0,0.0,0.0,1.0,0.0
11,9,0.0,0.0,0.0,0.0,0.0,0.0,0.0,0.0,0.0,1.0,0.0
11,9,0.0,0.0,0.0,0.0,0.0,0.0,0.0,0.0,0.0,1.0,0.0
11,9,0.0,0.0,0.0,0.0,0.0,0.0,0.0,0.0,0.0,1.0,0.0
11,9,0.0,0.0,0.0,0.0,0.0,0.0,0.0,0.0,0.0,1.0,0.0
11,9,0.0,0.0,0.0,0.0,0.0,0.0,0.0,0.0,0.0,1.0,0.0
11,9,0.0,0.0,0.0,0.0,0.0,0.0,0.0,0.0,0.0,1.0,0.0
11,9,0.0,0.0,0.0,0.0,0.0,0.0,0.0,0.0,0.0,1.0,0.0
11,9,0.0,0.0,0.0,0.0,0.0,0.0,0.0,0.0,0.0,1.0,0.0
11,9,0.0,0.0,0.0,0.0,0.0,0.0,0.0,0.0,0.0,1.0,0.0
11,9,0.0,0.0,0.0,0.0,0.0,0.0,0.0,0.0,0.0,1.0,0.0
11,9,0.0,0.0,0.0,0.0,0.0,0.0,0.0,0.0,0.0,1.0,0.0
11,9,0.0,0.0,0.0,0.0,0.0,0.0,0.0,0.0,0.0,1.0,0.0
11,9,0.0,0.0,0.0,0.0,0.0,0.0,0.0,0.0,0.0,1.0,0.0
11,9,0.0,0.0,0.0,0.0,0.0,0.0,0.0,0.0,0.0,1.0,0.0
11,9,0.0,0.0,0.0,0.0,0.0,0.0,0.0,0.0,0.0,1.0,0.0
11,9,0.0,0.0,0.0,0.0,0.0,0.0,0.0,0.0,0.0,1.0,0.0
11,9,0.0,0.0,0.0,0.0,0.0,0.0,0.0,0.0,0.0,1.0,0.0
11,9,0.0,0.0,0.0,0.0,0.0,0.0,0.0,0.0,0.0,1.0,0.0
11,9,0.0,0.0,0.0,0.0,0.0,0.0,0.0,0.0,0.0,1.0,0.0
11,9,0.0,0.0,0.0,0.0,0.0,0.0,0.0,0.0,0.0,1.0,0.0
11,9,0.0,0.0,0.0,0.0,0.0,0.0,0.0,0.0,0.0,1.0,0.0
11,9,0.0,0.0,0.0,0.0,0.0,0.0,0.0,0.0,0.0,1.0,0.0
11,9,0.0,0.0,0.0,0.0,0.0,0.0,0.0,0.0,0.0,1.0,0.0
11,9,0.0,0.0,0.0,0.0,0.0,0.0,0.0,0.0,0.0,1.0,0.0
11,9,0.0,0.0,0.0,0.0,0.0,0.0,0.0,0.0,0.0,1.0,0.0
11,9,0.0,0.0,0.0,0.0,0.0,0.0,0.0,0.0,0.0,1.0,0.0
11,9,0.0,0.0,0.0,0.0,0.0,0.0,0.0,0.0,0.0,1.0,0.0
11,9,0.0,0.0,0.0,0.0,0.0,0.0,0.0,0.0,0.0,1.0,0.0
11,9,0.0,0.0,0.0,0.0,0.0,0.0,0.0,0.0,0.0,1.0,0.0
11,9,0.0,0.0,0.0,0.0,0.0,0.0,0.0,0.0,0.0,1.0,0.0
11,9,0.0,0.0,0.0,0.0,0.0,0.0,0.0,0.0,0.0,1.0,0.0
11,9,0.0,0.0,0.0,0.0,0.0,0.0,0.0,0.0,0.0,1.0,0.0
11,9,0.0,0.0,0.0,0.0,0.0,0.0,0.0,0.0,0.0,1.0,0.0
11,9,0.0,0.0,0.0,0.0,0.0,0.0,0.0,0.0,0.0,1.0,0.0
11,9,0.0,0.0,0.0,0.0,0.0,0.0,0.0,0.0,0.0,1.0,0.0
11,9,0.0,0.0,0.0,0.0,0.0,0.0,0.0,0.0,0.0,1.0,0.0
11,9,0.0,0.0,0.0,0.0,0.0,0.0,0.0,0.0,0.0,1.0,0.0
11,9,0.0,0.0,0.0,0.0,0.0,0.0,0.0,0.0,0.0,1.0,0.0
11,9,0.0,0.0,0.0,0.0,0.0,0.0,0.0,0.0,0.0,1.0,0.0
11,9,0.0,0.0,0.0,0.0,0.0,0.0,0.0,0.0,0.0,1.0,0.0
11,9,0.0,0.0,0.0,0.0,0.0,0.0,0.0,0.0,0.0,1.0,0.0
11,9,0.0,0.0,0.0,0.0,0.0,0.0,0.0,0.0,0.0,1.0,0.0
11,9,0.0,0.0,0.0,0.0,0.0,0.0,0.0,0.0,0.0,1.0,0.0
11,9,0.0,0.0,0.0,0.0,0.0,0.0,0.0,0.0,0.0,1.0,0.0
11,9,0.0,0.0,0.0,0.0,0.0,0.0,0.0,0.0,0.0,1.0,0.0
11,9,0.0,0.0,0.0,0.0,0.0,0.0,0.0,0.0,0.0,1.0,0.0
11,9,0.0,0.0,0.0,0.0,0.0,0.0,0.0,0.0,0.0,1.0,0.0
11,9,0.0,0.0,0.0,0.0,0.0,0.0,0.0,0.0,0.0,1.0,0.0
11,9,0.0,0.0,0.0,0.0,0.0,0.0,0.0,0.0,0.0,1.0,0.0
11,9,0.0,0.0,0.0,0.0,0.0,0.0,0.0,0.0,0.0,1.0,0.0
11,9,0.0,0.0,0.0,0.0,0.0,0.0,0.0,0.0,0.0,1.0,0.0
11,9,0.0,0.0,0.0,0.0,0.0,0.0,0.0,0.0,0.0,1.0,0.0
11,9,0.0,0.0,0.0,0.0,0.0,0.0,0.0,0.0,0.0,1.0,0.0
11,9,0.0,0.0,0.0,0.0,0.0,0.0,0.0,0.0,0.0,1.0,0.0
11,9,0.0,0.0,0.0,0.0,0.0,0.0,0.0,0.0,0.0,1.0,0.0
11,9,0.0,0.0,0.0,0.0,0.0,0.0,0.0,0.0,0.0,1.0,0.0
11,9,0.0,0.0,0.0,0.0,0.0,0.0,0.0,0.0,0.0,1.0,0.0
11,9,0.0,0.0,0.0,0.0,0.0,0.0,0.0,0.0,0.0,1.0,0.0
11,9,0.0,0.0,0.0,0.0,0.0,0.0,0.0,0.0,0.0,1.0,0.0
11,9,0.0,0.0,0.0,0.0,0.0,0.0,0.0,0.0,0.0,1.0,0.0
11,9,0.0,0.0,0.0,0.0,0.0,0.0,0.0,0.0,0.0,1.0,0.0
11,9,0.0,0.0,0.0,0.0,0.0,0.0,0.0,0.0,0.0,1.0,0.0
11,9,0.0,0.0,0.0,0.0,0.0,0.0,0.0,0.0,0.0,1.0,0.0
11,9,0.0,0.0,0.0,0.0,0.0,0.0,0.0,0.0,0.0,1.0,0.0
11,9,0.0,0.0,0.0,0.0,0.0,0.0,0.0,0.0,0.0,1.0,0.0
11,9,0.0,0.0,0.0,0.0,0.0,0.0,0.0,0.0,0.0,1.0,0.0
11,9,0.0,0.0,0.0,0.0,0.0,0.0,0.0,0.0,0.0,1.0,0.0
11,9,0.0,0.0,0.0,0.0,0.0,0.0,0.0,0.0,0.0,1.0,0.0
11,9,0.0,0.0,0.0,0.0,0.0,0.0,0.0,0.0,0.0,1.0,0.0
11,9,0.0,0.0,0.0,0.0,0.0,0.0,0.0,0.0,0.0,1.0,0.0
11,9,0.0,0.0,0.0,0.0,0.0,0.0,0.0,0.0,0.0,1.0,0.0
11,9,0.0,0.0,0.0,0.0,0.0,0.0,0.0,0.0,0.0,1.0,0.0
11,9,0.0,0.0,0.0,0.0,0.0,0.0,0.0,0.0,0.0,1.0,0.0
11,9,0.0,0.0,0.0,0.0,0.0,0.0,0.0,0.0,0.0,1.0,0.0
11,9,0.0,0.0,0.0,0.0,0.0,0.0,0.0,0.0,0.0,1.0,0.0
11,9,0.0,0.0,0.0,0.0,0.0,0.0,0.0,0.0,0.0,1.0,0.0
11,9,0.0,0.0,0.0,0.0,0.0,0.0,0.0,0.0,0.0,1.0,0.0
11,9,0.0,0.0,0.0,0.0,0.0,0.0,0.0,0.0,0.0,1.0,0.0
11,9,0.0,0.0,0.0,0.0,0.0,0.0,0.0,0.0,0.0,1.0,0.0
11,9,0.0,0.0,0.0,0.0,0.0,0.0,0.0,0.0,0.0,1.0,0.0
11,9,0.0,0.0,0.0,0.0,0.0,0.0,0.0,0.0,0.0,1.0,0.0
11,9,0.0,0.0,0.0,0.0,0.0,0.0,0.0,0.0,0.0,1.0,0.0
11,9,0.0,0.0,0.0,0.0,0.0,0.0,0.0,0.0,0.0,1.0,0.0
11,9,0.0,0.0,0.0,0.0,0.0,0.0,0.0,0.0,0.0,1.0,0.0
11,9,0.0,0.0,0.0,0.0,0.0,0.0,0.0,0.0,0.0,1.0,0.0
11,9,0.0,0.0,0.0,0.0,0.0,0.0,0.0,0.0,0.0,1.0,0.0
11,9,0.0,0.0,0.0,0.0,0.0,0.0,0.0,0.0,0.0,1.0,0.0
11,9,0.0,0.0,0.0,0.0,0.0,0.0,0.0,0.0,0.0,1.0,0.0
11,9,0.0,0.0,0.0,0.0,0.0,0.0,0.0,0.0,0.0,1.0,0.0
11,9,0.0,0.0,0.0,0.0,0.0,0.0,0.0,0.0,0.0,1.0,0.0
11,9,0.0,0.0,0.0,0.0,0.0,0.0,0.0,0.0,0.0,1.0,0.0
11,9,0.0,0.0,0.0,0.0,0.0,0.0,0.0,0.0,0.0,1.0,0.0
11,9,0.0,0.0,0.0,0.0,0.0,0.0,0.0,0.0,0.0,1.0,0.0
11,9,0.0,0.0,0.0,0.0,0.0,0.0,0.0,0.0,0.0,1.0,0.0
11,9,0.0,0.0,0.0,0.0,0.0,0.0,0.0,0.0,0.0,1.0,0.0
11,9,0.0,0.0,0.0,0.0,0.0,0.0,0.0,0.0,0.0,1.0,0.0
11,9,0.0,0.0,0.0,0.0,0.0,0.0,0.0,0.0,0.0,1.0,0.0
11,9,0.0,0.0,0.0,0.0,0.0,0.0,0.0,0.0,0.0,1.0,0.0
11,9,0.0,0.0,0.0,0.0,0.0,0.0,0.0,0.0,0.0,1.0,0.0
11,9,0.0,0.0,0.0,0.0,0.0,0.0,0.0,0.0,0.0,1.0,0.0
11,9,0.0,0.0,0.0,0.0,0.0,0.0,0.0,0.0,0.0,1.0,0.0
11,9,0.0,0.0,0.0,0.0,0.0,0.0,0.0,0.0,0.0,1.0,0.0
11,9,0.0,0.0,0.0,0.0,0.0,0.0,0.0,0.0,0.0,1.0,0.0
11,9,0.0,0.0,0.0,0.0,0.0,0.0,0.0,0.0,0.0,1.0,0.0
11,9,0.0,0.0,0.0,0.0,0.0,0.0,0.0,0.0,0.0,1.0,0.0
11,9,0.0,0.0,0.0,0.0,0.0,0.0,0.0,0.0,0.0,1.0,0.0
11,9,0.0,0.0,0.0,0.0,0.0,0.0,0.0,0.0,0.0,1.0,0.0
11,9,0.0,0.0,0.0,0.0,0.0,0.0,0.0,0.0,0.0,1.0,0.0
11,9,0.0,0.0,0.0,0.0,0.0,0.0,0.0,0.0,0.0,1.0,0.0
11,9,0.0,0.0,0.0,0.0,0.0,0.0,0.0,0.0,0.0,1.0,0.0
11,9,0.0,0.0,0.0,0.0,0.0,0.0,0.0,0.0,0.0,1.0,0.0
11,9,0.0,0.0,0.0,0.0,0.0,0.0,0.0,0.0,0.0,1.0,0.0
11,9,0.0,0.0,0.0,0.0,0.0,0.0,0.0,0.0,0.0,1.0,0.0
11,9,0.0,0.0,0.0,0.0,0.0,0.0,0.0,0.0,0.0,1.0,0.0
11,9,0.0,0.0,0.0,0.0,0.0,0.0,0.0,0.0,0.0,1.0,0.0
11,9,0.0,0.0,0.0,0.0,0.0,0.0,0.0,0.0,0.0,1.0,0.0
11,9,0.0,0.0,0.0,0.0,0.0,0.0,0.0,0.0,0.0,1.0,0.0
11,9,0.0,0.0,0.0,0.0,0.0,0.0,0.0,0.0,0.0,1.0,0.0
11,9,0.0,0.0,0.0,0.0,0.0,0.0,0.0,0.0,0.0,1.0,0.0
11,9,0.0,0.0,0.0,0.0,0.0,0.0,0.0,0.0,0.0,1.0,0.0
11,9,0.0,0.0,0.0,0.0,0.0,0.0,0.0,0.0,0.0,1.0,0.0
11,9,0.0,0.0,0.0,0.0,0.0,0.0,0.0,0.0,0.0,1.0,0.0
11,9,0.0,0.0,0.0,0.0,0.0,0.0,0.0,0.0,0.0,1.0,0.0
11,9,0.0,0.0,0.0,0.0,0.0,0.0,0.0,0.0,0.0,1.0,0.0
11,9,0.0,0.0,0.0,0.0,0.0,0.0,0.0,0.0,0.0,1.0,0.0
11,9,0.0,0.0,0.0,0.0,0.0,0.0,0.0,0.0,0.0,1.0,0.0
11,9,0.0,0.0,0.0,0.0,0.0,0.0,0.0,0.0,0.0,1.0,0.0
11,9,0.0,0.0,0.0,0.0,0.0,0.0,0.0,0.0,0.0,1.0,0.0
11,9,0.0,0.0,0.0,0.0,0.0,0.0,0.0,0.0,0.0,1.0,0.0
11,9,0.0,0.0,0.0,0.0,0.0,0.0,0.0,0.0,0.0,1.0,0.0
11,9,0.0,0.0,0.0,0.0,0.0,0.0,0.0,0.0,0.0,1.0,0.0
11,9,0.0,0.0,0.0,0.0,0.0,0.0,0.0,0.0,0.0,1.0,0.0
11,9,0.0,0.0,0.0,0.0,0.0,0.0,0.0,0.0,0.0,1.0,0.0
11,9,0.0,0.0,0.0,0.0,0.0,0.0,0.0,0.0,0.0,1.0,0.0
11,9,0.0,0.0,0.0,0.0,0.0,0.0,0.0,0.0,0.0,1.0,0.0
11,9,0.0,0.0,0.0,0.0,0.0,0.0,0.0,0.0,0.0,1.0,0.0
11,9,0.0,0.0,0.0,0.0,0.0,0.0,0.0,0.0,0.0,1.0,0.0
11,9,0.0,0.0,0.0,0.0,0.0,0.0,0.0,0.0,0.0,1.0,0.0
11,9,0.0,0.0,0.0,0.0,0.0,0.0,0.0,0.0,0.0,1.0,0.0
11,9,0.0,0.0,0.0,0.0,0.0,0.0,0.0,0.0,0.0,1.0,0.0
11,9,0.0,0.0,0.0,0.0,0.0,0.0,0.0,0.0,0.0,1.0,0.0
11,9,0.0,0.0,0.0,0.0,0.0,0.0,0.0,0.0,0.0,1.0,0.0
11,9,0.0,0.0,0.0,0.0,0.0,0.0,0.0,0.0,0.0,1.0,0.0
11,9,0.0,0.0,0.0,0.0,0.0,0.0,0.0,0.0,0.0,1.0,0.0
11,9,0.0,0.0,0.0,0.0,0.0,0.0,0.0,0.0,0.0,1.0,0.0
11,9,0.0,0.0,0.0,0.0,0.0,0.0,0.0,0.0,0.0,1.0,0.0
11,9,0.0,0.0,0.0,0.0,0.0,0.0,0.0,0.0,0.0,1.0,0.0
11,9,0.0,0.0,0.0,0.0,0.0,0.0,0.0,0.0,0.0,1.0,0.0
11,9,0.0,0.0,0.0,0.0,0.0,0.0,0.0,0.0,0.0,1.0,0.0
11,9,0.0,0.0,0.0,0.0,0.0,0.0,0.0,0.0,0.0,1.0,0.0
11,9,0.0,0.0,0.0,0.0,0.0,0.0,0.0,0.0,0.0,1.0,0.0
11,9,0.0,0.0,0.0,0.0,0.0,0.0,0.0,0.0,0.0,1.0,0.0
11,9,0.0,0.0,0.0,0.0,0.0,0.0,0.0,0.0,0.0,1.0,0.0
11,9,0.0,0.0,0.0,0.0,0.0,0.0,0.0,0.0,0.0,1.0,0.0
11,9,0.0,0.0,0.0,0.0,0.0,0.0,0.0,0.0,0.0,1.0,0.0
11,9,0.0,0.0,0.0,0.0,0.0,0.0,0.0,0.0,0.0,1.0,0.0
11,9,0.0,0.0,0.0,0.0,0.0,0.0,0.0,0.0,0.0,1.0,0.0
11,9,0.0,0.0,0.0,0.0,0.0,0.0,0.0,0.0,0.0,1.0,0.0
11,9,0.0,0.0,0.0,0.0,0.0,0.0,0.0,0.0,0.0,1.0,0.0
11,9,0.0,0.0,0.0,0.0,0.0,0.0,0.0,0.0,0.0,1.0,0.0
11,9,0.0,0.0,0.0,0.0,0.0,0.0,0.0,0.0,0.0,1.0,0.0
11,9,0.0,0.0,0.0,0.0,0.0,0.0,0.0,0.0,0.0,1.0,0.0
11,9,0.0,0.0,0.0,0.0,0.0,0.0,0.0,0.0,0.0,1.0,0.0
11,9,0.0,0.0,0.0,0.0,0.0,0.0,0.0,0.0,0.0,1.0,0.0
11,9,0.0,0.0,0.0,0.0,0.0,0.0,0.0,0.0,0.0,1.0,0.0
11,9,0.0,0.0,0.0,0.0,0.0,0.0,0.0,0.0,0.0,1.0,0.0
11,9,0.0,0.0,0.0,0.0,0.0,0.0,0.0,0.0,0.0,1.0,0.0
11,9,0.0,0.0,0.0,0.0,0.0,0.0,0.0,0.0,0.0,1.0,0.0
11,9,0.0,0.0,0.0,0.0,0.0,0.0,0.0,0.0,0.0,1.0,0.0
11,9,0.0,0.0,0.0,0.0,0.0,0.0,0.0,0.0,0.0,1.0,0.0
11,9,0.0,0.0,0.0,0.0,0.0,0.0,0.0,0.0,0.0,1.0,0.0
11,9,0.0,0.0,0.0,0.0,0.0,0.0,0.0,0.0,0.0,1.0,0.0
11,9,0.0,0.0,0.0,0.0,0.0,0.0,0.0,0.0,0.0,1.0,0.0
11,9,0.0,0.0,0.0,0.0,0.0,0.0,0.0,0.0,0.0,1.0,0.0
11,9,0.0,0.0,0.0,0.0,0.0,0.0,0.0,0.0,0.0,1.0,0.0
11,9,0.0,0.0,0.0,0.0,0.0,0.0,0.0,0.0,0.0,1.0,0.0
11,9,0.0,0.0,0.0,0.0,0.0,0.0,0.0,0.0,0.0,1.0,0.0
11,9,0.0,0.0,0.0,0.0,0.0,0.0,0.0,0.0,0.0,1.0,0.0
11,9,0.0,0.0,0.0,0.0,0.0,0.0,0.0,0.0,0.0,1.0,0.0
11,9,0.0,0.0,0.0,0.0,0.0,0.0,0.0,0.0,0.0,1.0,0.0
11,9,0.0,0.0,0.0,0.0,0.0,0.0,0.0,0.0,0.0,1.0,0.0
11,9,0.0,0.0,0.0,0.0,0.0,0.0,0.0,0.0,0.0,1.0,0.0
11,9,0.0,0.0,0.0,0.0,0.0,0.0,0.0,0.0,0.0,1.0,0.0
11,9,0.0,0.0,0.0,0.0,0.0,0.0,0.0,0.0,0.0,1.0,0.0
11,9,0.0,0.0,0.0,0.0,0.0,0.0,0.0,0.0,0.0,1.0,0.0
11,9,0.0,0.0,0.0,0.0,0.0,0.0,0.0,0.0,0.0,1.0,0.0
11,9,0.0,0.0,0.0,0.0,0.0,0.0,0.0,0.0,0.0,1.0,0.0
11,9,0.0,0.0,0.0,0.0,0.0,0.0,0.0,0.0,0.0,1.0,0.0
11,9,0.0,0.0,0.0,0.0,0.0,0.0,0.0,0.0,0.0,1.0,0.0
11,9,0.0,0.0,0.0,0.0,0.0,0.0,0.0,0.0,0.0,1.0,0.0
11,9,0.0,0.0,0.0,0.0,0.0,0.0,0.0,0.0,0.0,1.0,0.0
11,9,0.0,0.0,0.0,0.0,0.0,0.0,0.0,0.0,0.0,1.0,0.0
11,9,0.0,0.0,0.0,0.0,0.0,0.0,0.0,0.0,0.0,1.0,0.0
11,9,0.0,0.0,0.0,0.0,0.0,0.0,0.0,0.0,0.0,1.0,0.0
11,9,0.0,0.0,0.0,0.0,0.0,0.0,0.0,0.0,0.0,1.0,0.0
11,9,0.0,0.0,0.0,0.0,0.0,0.0,0.0,0.0,0.0,1.0,0.0
11,9,0.0,0.0,0.0,0.0,0.0,0.0,0.0,0.0,0.0,1.0,0.0
11,9,0.0,0.0,0.0,0.0,0.0,0.0,0.0,0.0,0.0,1.0,0.0
11,9,0.0,0.0,0.0,0.0,0.0,0.0,0.0,0.0,0.0,1.0,0.0
11,9,0.0,0.0,0.0,0.0,0.0,0.0,0.0,0.0,0.0,1.0,0.0
11,9,0.0,0.0,0.0,0.0,0.0,0.0,0.0,0.0,0.0,1.0,0.0
11,9,0.0,0.0,0.0,0.0,0.0,0.0,0.0,0.0,0.0,1.0,0.0
11,9,0.0,0.0,0.0,0.0,0.0,0.0,0.0,0.0,0.0,1.0,0.0
11,9,0.0,0.0,0.0,0.0,0.0,0.0,0.0,0.0,0.0,1.0,0.0
11,9,0.0,0.0,0.0,0.0,0.0,0.0,0.0,0.0,0.0,1.0,0.0
11,9,0.0,0.0,0.0,0.0,0.0,0.0,0.0,0.0,0.0,1.0,0.0
11,9,0.0,0.0,0.0,0.0,0.0,0.0,0.0,0.0,0.0,1.0,0.0
11,9,0.0,0.0,0.0,0.0,0.0,0.0,0.0,0.0,0.0,1.0,0.0
11,9,0.0,0.0,0.0,0.0,0.0,0.0,0.0,0.0,0.0,1.0,0.0
11,9,0.0,0.0,0.0,0.0,0.0,0.0,0.0,0.0,0.0,1.0,0.0
11,9,0.0,0.0,0.0,0.0,0.0,0.0,0.0,0.0,0.0,1.0,0.0
11,9,0.0,0.0,0.0,0.0,0.0,0.0,0.0,0.0,0.0,1.0,0.0
11,9,0.0,0.0,0.0,0.0,0.0,0.0,0.0,0.0,0.0,1.0,0.0
11,9,0.0,0.0,0.0,0.0,0.0,0.0,0.0,0.0,0.0,1.0,0.0
11,9,0.0,0.0,0.0,0.0,0.0,0.0,0.0,0.0,0.0,1.0,0.0
11,9,0.0,0.0,0.0,0.0,0.0,0.0,0.0,0.0,0.0,1.0,0.0
11,9,0.0,0.0,0.0,0.0,0.0,0.0,0.0,0.0,0.0,1.0,0.0
11,9,0.0,0.0,0.0,0.0,0.0,0.0,0.0,0.0,0.0,1.0,0.0
11,9,0.0,0.0,0.0,0.0,0.0,0.0,0.0,0.0,0.0,1.0,0.0
11,9,0.0,0.0,0.0,0.0,0.0,0.0,0.0,0.0,0.0,1.0,0.0
11,9,0.0,0.0,0.0,0.0,0.0,0.0,0.0,0.0,0.0,1.0,0.0
11,9,0.0,0.0,0.0,0.0,0.0,0.0,0.0,0.0,0.0,1.0,0.0
11,9,0.0,0.0,0.0,0.0,0.0,0.0,0.0,0.0,0.0,1.0,0.0
11,9,0.0,0.0,0.0,0.0,0.0,0.0,0.0,0.0,0.0,1.0,0.0
11,9,0.0,0.0,0.0,0.0,0.0,0.0,0.0,0.0,0.0,1.0,0.0
11,9,0.0,0.0,0.0,0.0,0.0,0.0,0.0,0.0,0.0,1.0,0.0
11,9,0.0,0.0,0.0,0.0,0.0,0.0,0.0,0.0,0.0,1.0,0.0
11,9,0.0,0.0,0.0,0.0,0.0,0.0,0.0,0.0,0.0,1.0,0.0
11,9,0.0,0.0,0.0,0.0,0.0,0.0,0.0,0.0,0.0,1.0,0.0
11,9,0.0,0.0,0.0,0.0,0.0,0.0,0.0,0.0,0.0,1.0,0.0
11,9,0.0,0.0,0.0,0.0,0.0,0.0,0.0,0.0,0.0,1.0,0.0
11,9,0.0,0.0,0.0,0.0,0.0,0.0,0.0,0.0,0.0,1.0,0.0
11,9,0.0,0.0,0.0,0.0,0.0,0.0,0.0,0.0,0.0,1.0,0.0
11,9,0.0,0.0,0.0,0.0,0.0,0.0,0.0,0.0,0.0,1.0,0.0
11,9,0.0,0.0,0.0,0.0,0.0,0.0,0.0,0.0,0.0,1.0,0.0
11,9,0.0,0.0,0.0,0.0,0.0,0.0,0.0,0.0,0.0,1.0,0.0
11,9,0.0,0.0,0.0,0.0,0.0,0.0,0.0,0.0,0.0,1.0,0.0
11,9,0.0,0.0,0.0,0.0,0.0,0.0,0.0,0.0,0.0,1.0,0.0
11,9,0.0,0.0,0.0,0.0,0.0,0.0,0.0,0.0,0.0,1.0,0.0
11,9,0.0,0.0,0.0,0.0,0.0,0.0,0.0,0.0,0.0,1.0,0.0
11,9,0.0,0.0,0.0,0.0,0.0,0.0,0.0,0.0,0.0,1.0,0.0
11,9,0.0,0.0,0.0,0.0,0.0,0.0,0.0,0.0,0.0,1.0,0.0
11,9,0.0,0.0,0.0,0.0,0.0,0.0,0.0,0.0,0.0,1.0,0.0
11,9,0.0,0.0,0.0,0.0,0.0,0.0,0.0,0.0,0.0,1.0,0.0
11,9,0.0,0.0,0.0,0.0,0.0,0.0,0.0,0.0,0.0,1.0,0.0
11,9,0.0,0.0,0.0,0.0,0.0,0.0,0.0,0.0,0.0,1.0,0.0
11,9,0.0,0.0,0.0,0.0,0.0,0.0,0.0,0.0,0.0,1.0,0.0
11,9,0.0,0.0,0.0,0.0,0.0,0.0,0.0,0.0,0.0,1.0,0.0
11,9,0.0,0.0,0.0,0.0,0.0,0.0,0.0,0.0,0.0,1.0,0.0
11,9,0.0,0.0,0.0,0.0,0.0,0.0,0.0,0.0,0.0,1.0,0.0
11,9,0.0,0.0,0.0,0.0,0.0,0.0,0.0,0.0,0.0,1.0,0.0
11,9,0.0,0.0,0.0,0.0,0.0,0.0,0.0,0.0,0.0,1.0,0.0
11,9,0.0,0.0,0.0,0.0,0.0,0.0,0.0,0.0,0.0,1.0,0.0
11,9,0.0,0.0,0.0,0.0,0.0,0.0,0.0,0.0,0.0,1.0,0.0
11,9,0.0,0.0,0.0,0.0,0.0,0.0,0.0,0.0,0.0,1.0,0.0
11,9,0.0,0.0,0.0,0.0,0.0,0.0,0.0,0.0,0.0,1.0,0.0
11,9,0.0,0.0,0.0,0.0,0.0,0.0,0.0,0.0,0.0,1.0,0.0
11,9,0.0,0.0,0.0,0.0,0.0,0.0,0.0,0.0,0.0,1.0,0.0
11,9,0.0,0.0,0.0,0.0,0.0,0.0,0.0,0.0,0.0,1.0,0.0
11,9,0.0,0.0,0.0,0.0,0.0,0.0,0.0,0.0,0.0,1.0,0.0
11,9,0.0,0.0,0.0,0.0,0.0,0.0,0.0,0.0,0.0,1.0,0.0
11,9,0.0,0.0,0.0,0.0,0.0,0.0,0.0,0.0,0.0,1.0,0.0
11,9,0.0,0.0,0.0,0.0,0.0,0.0,0.0,0.0,0.0,1.0,0.0
11,9,0.0,0.0,0.0,0.0,0.0,0.0,0.0,0.0,0.0,1.0,0.0
11,9,0.0,0.0,0.0,0.0,0.0,0.0,0.0,0.0,0.0,1.0,0.0
11,9,0.0,0.0,0.0,0.0,0.0,0.0,0.0,0.0,0.0,1.0,0.0
11,9,0.0,0.0,0.0,0.0,0.0,0.0,0.0,0.0,0.0,1.0,0.0
11,9,0.0,0.0,0.0,0.0,0.0,0.0,0.0,0.0,0.0,1.0,0.0
11,9,0.0,0.0,0.0,0.0,0.0,0.0,0.0,0.0,0.0,1.0,0.0
11,9,0.0,0.0,0.0,0.0,0.0,0.0,0.0,0.0,0.0,1.0,0.0
11,9,0.0,0.0,0.0,0.0,0.0,0.0,0.0,0.0,0.0,1.0,0.0
11,9,0.0,0.0,0.0,0.0,0.0,0.0,0.0,0.0,0.0,1.0,0.0
11,9,0.0,0.0,0.0,0.0,0.0,0.0,0.0,0.0,0.0,1.0,0.0
11,9,0.0,0.0,0.0,0.0,0.0,0.0,0.0,0.0,0.0,1.0,0.0
11,9,0.0,0.0,0.0,0.0,0.0,0.0,0.0,0.0,0.0,1.0,0.0
11,9,0.0,0.0,0.0,0.0,0.0,0.0,0.0,0.0,0.0,1.0,0.0
11,9,0.0,0.0,0.0,0.0,0.0,0.0,0.0,0.0,0.0,1.0,0.0
11,9,0.0,0.0,0.0,0.0,0.0,0.0,0.0,0.0,0.0,1.0,0.0
11,9,0.0,0.0,0.0,0.0,0.0,0.0,0.0,0.0,0.0,1.0,0.0
11,9,0.0,0.0,0.0,0.0,0.0,0.0,0.0,0.0,0.0,1.0,0.0
11,9,0.0,0.0,0.0,0.0,0.0,0.0,0.0,0.0,0.0,1.0,0.0
11,9,0.0,0.0,0.0,0.0,0.0,0.0,0.0,0.0,0.0,1.0,0.0
11,9,0.0,0.0,0.0,0.0,0.0,0.0,0.0,0.0,0.0,1.0,0.0
11,9,0.0,0.0,0.0,0.0,0.0,0.0,0.0,0.0,0.0,1.0,0.0
11,9,0.0,0.0,0.0,0.0,0.0,0.0,0.0,0.0,0.0,1.0,0.0
11,9,0.0,0.0,0.0,0.0,0.0,0.0,0.0,0.0,0.0,1.0,0.0
11,9,0.0,0.0,0.0,0.0,0.0,0.0,0.0,0.0,0.0,1.0,0.0
11,9,0.0,0.0,0.0,0.0,0.0,0.0,0.0,0.0,0.0,1.0,0.0
11,9,0.0,0.0,0.0,0.0,0.0,0.0,0.0,0.0,0.0,1.0,0.0
11,9,0.0,0.0,0.0,0.0,0.0,0.0,0.0,0.0,0.0,1.0,0.0
11,9,0.0,0.0,0.0,0.0,0.0,0.0,0.0,0.0,0.0,1.0,0.0
11,9,0.0,0.0,0.0,0.0,0.0,0.0,0.0,0.0,0.0,1.0,0.0
11,9,0.0,0.0,0.0,0.0,0.0,0.0,0.0,0.0,0.0,1.0,0.0
11,9,0.0,0.0,0.0,0.0,0.0,0.0,0.0,0.0,0.0,1.0,0.0
11,9,0.0,0.0,0.0,0.0,0.0,0.0,0.0,0.0,0.0,1.0,0.0
11,9,0.0,0.0,0.0,0.0,0.0,0.0,0.0,0.0,0.0,1.0,0.0
11,9,0.0,0.0,0.0,0.0,0.0,0.0,0.0,0.0,0.0,1.0,0.0
11,9,0.0,0.0,0.0,0.0,0.0,0.0,0.0,0.0,0.0,1.0,0.0
11,9,0.0,0.0,0.0,0.0,0.0,0.0,0.0,0.0,0.0,1.0,0.0
11,9,0.0,0.0,0.0,0.0,0.0,0.0,0.0,0.0,0.0,1.0,0.0
11,9,0.0,0.0,0.0,0.0,0.0,0.0,0.0,0.0,0.0,1.0,0.0
11,9,0.0,0.0,0.0,0.0,0.0,0.0,0.0,0.0,0.0,1.0,0.0
11,9,0.0,0.0,0.0,0.0,0.0,0.0,0.0,0.0,0.0,1.0,0.0
11,9,0.0,0.0,0.0,0.0,0.0,0.0,0.0,0.0,0.0,1.0,0.0
11,9,0.0,0.0,0.0,0.0,0.0,0.0,0.0,0.0,0.0,1.0,0.0
11,9,0.0,0.0,0.0,0.0,0.0,0.0,0.0,0.0,0.0,1.0,0.0
11,9,0.0,0.0,0.0,0.0,0.0,0.0,0.0,0.0,0.0,1.0,0.0
11,9,0.0,0.0,0.0,0.0,0.0,0.0,0.0,0.0,0.0,1.0,0.0
11,9,0.0,0.0,0.0,0.0,0.0,0.0,0.0,0.0,0.0,1.0,0.0
11,9,0.0,0.0,0.0,0.0,0.0,0.0,0.0,0.0,0.0,1.0,0.0
11,9,0.0,0.0,0.0,0.0,0.0,0.0,0.0,0.0,0.0,1.0,0.0
11,9,0.0,0.0,0.0,0.0,0.0,0.0,0.0,0.0,0.0,1.0,0.0
11,9,0.0,0.0,0.0,0.0,0.0,0.0,0.0,0.0,0.0,1.0,0.0
11,9,0.0,0.0,0.0,0.0,0.0,0.0,0.0,0.0,0.0,1.0,0.0
11,9,0.0,0.0,0.0,0.0,0.0,0.0,0.0,0.0,0.0,1.0,0.0
11,9,0.0,0.0,0.0,0.0,0.0,0.0,0.0,0.0,0.0,1.0,0.0
11,9,0.0,0.0,0.0,0.0,0.0,0.0,0.0,0.0,0.0,1.0,0.0
11,9,0.0,0.0,0.0,0.0,0.0,0.0,0.0,0.0,0.0,1.0,0.0
11,9,0.0,0.0,0.0,0.0,0.0,0.0,0.0,0.0,0.0,1.0,0.0
11,9,0.0,0.0,0.0,0.0,0.0,0.0,0.0,0.0,0.0,1.0,0.0
11,9,0.0,0.0,0.0,0.0,0.0,0.0,0.0,0.0,0.0,1.0,0.0
11,9,0.0,0.0,0.0,0.0,0.0,0.0,0.0,0.0,0.0,1.0,0.0
11,9,0.0,0.0,0.0,0.0,0.0,0.0,0.0,0.0,0.0,1.0,0.0
11,9,0.0,0.0,0.0,0.0,0.0,0.0,0.0,0.0,0.0,1.0,0.0
11,9,0.0,0.0,0.0,0.0,0.0,0.0,0.0,0.0,0.0,1.0,0.0
11,9,0.0,0.0,0.0,0.0,0.0,0.0,0.0,0.0,0.0,1.0,0.0
11,9,0.0,0.0,0.0,0.0,0.0,0.0,0.0,0.0,0.0,1.0,0.0
11,9,0.0,0.0,0.0,0.0,0.0,0.0,0.0,0.0,0.0,1.0,0.0
11,9,0.0,0.0,0.0,0.0,0.0,0.0,0.0,0.0,0.0,1.0,0.0
11,9,0.0,0.0,0.0,0.0,0.0,0.0,0.0,0.0,0.0,1.0,0.0
11,9,0.0,0.0,0.0,0.0,0.0,0.0,0.0,0.0,0.0,1.0,0.0
11,9,0.0,0.0,0.0,0.0,0.0,0.0,0.0,0.0,0.0,1.0,0.0
11,9,0.0,0.0,0.0,0.0,0.0,0.0,0.0,0.0,0.0,1.0,0.0
11,9,0.0,0.0,0.0,0.0,0.0,0.0,0.0,0.0,0.0,1.0,0.0
11,9,0.0,0.0,0.0,0.0,0.0,0.0,0.0,0.0,0.0,1.0,0.0
11,9,0.0,0.0,0.0,0.0,0.0,0.0,0.0,0.0,0.0,1.0,0.0
11,9,0.0,0.0,0.0,0.0,0.0,0.0,0.0,0.0,0.0,1.0,0.0
11,9,0.0,0.0,0.0,0.0,0.0,0.0,0.0,0.0,0.0,1.0,0.0
11,9,0.0,0.0,0.0,0.0,0.0,0.0,0.0,0.0,0.0,1.0,0.0
11,9,0.0,0.0,0.0,0.0,0.0,0.0,0.0,0.0,0.0,1.0,0.0
11,9,0.0,0.0,0.0,0.0,0.0,0.0,0.0,0.0,0.0,1.0,0.0
11,9,0.0,0.0,0.0,0.0,0.0,0.0,0.0,0.0,0.0,1.0,0.0
11,9,0.0,0.0,0.0,0.0,0.0,0.0,0.0,0.0,0.0,1.0,0.0
11,9,0.0,0.0,0.0,0.0,0.0,0.0,0.0,0.0,0.0,1.0,0.0
11,9,0.0,0.0,0.0,0.0,0.0,0.0,0.0,0.0,0.0,1.0,0.0
11,9,0.0,0.0,0.0,0.0,0.0,0.0,0.0,0.0,0.0,1.0,0.0
11,9,0.0,0.0,0.0,0.0,0.0,0.0,0.0,0.0,0.0,1.0,0.0
11,9,0.0,0.0,0.0,0.0,0.0,0.0,0.0,0.0,0.0,1.0,0.0
11,9,0.0,0.0,0.0,0.0,0.0,0.0,0.0,0.0,0.0,1.0,0.0
11,9,0.0,0.0,0.0,0.0,0.0,0.0,0.0,0.0,0.0,1.0,0.0
11,9,0.0,0.0,0.0,0.0,0.0,0.0,0.0,0.0,0.0,1.0,0.0
11,9,0.0,0.0,0.0,0.0,0.0,0.0,0.0,0.0,0.0,1.0,0.0
11,9,0.0,0.0,0.0,0.0,0.0,0.0,0.0,0.0,0.0,1.0,0.0
11,9,0.0,0.0,0.0,0.0,0.0,0.0,0.0,0.0,0.0,1.0,0.0
11,9,0.0,0.0,0.0,0.0,0.0,0.0,0.0,0.0,0.0,1.0,0.0
11,9,0.0,0.0,0.0,0.0,0.0,0.0,0.0,0.0,0.0,1.0,0.0
11,9,0.0,0.0,0.0,0.0,0.0,0.0,0.0,0.0,0.0,1.0,0.0
11,9,0.0,0.0,0.0,0.0,0.0,0.0,0.0,0.0,0.0,1.0,0.0
11,9,0.0,0.0,0.0,0.0,0.0,0.0,0.0,0.0,0.0,1.0,0.0
11,9,0.0,0.0,0.0,0.0,0.0,0.0,0.0,0.0,0.0,1.0,0.0
11,9,0.0,0.0,0.0,0.0,0.0,0.0,0.0,0.0,0.0,1.0,0.0
11,9,0.0,0.0,0.0,0.0,0.0,0.0,0.0,0.0,0.0,1.0,0.0
11,9,0.0,0.0,0.0,0.0,0.0,0.0,0.0,0.0,0.0,1.0,0.0
11,9,0.0,0.0,0.0,0.0,0.0,0.0,0.0,0.0,0.0,1.0,0.0
11,9,0.0,0.0,0.0,0.0,0.0,0.0,0.0,0.0,0.0,1.0,0.0
11,9,0.0,0.0,0.0,0.0,0.0,0.0,0.0,0.0,0.0,1.0,0.0
11,9,0.0,0.0,0.0,0.0,0.0,0.0,0.0,0.0,0.0,1.0,0.0
11,9,0.0,0.0,0.0,0.0,0.0,0.0,0.0,0.0,0.0,1.0,0.0
11,9,0.0,0.0,0.0,0.0,0.0,0.0,0.0,0.0,0.0,1.0,0.0
11,9,0.0,0.0,0.0,0.0,0.0,0.0,0.0,0.0,0.0,1.0,0.0
11,9,0.0,0.0,0.0,0.0,0.0,0.0,0.0,0.0,0.0,1.0,0.0
11,9,0.0,0.0,0.0,0.0,0.0,0.0,0.0,0.0,0.0,1.0,0.0
11,9,0.0,0.0,0.0,0.0,0.0,0.0,0.0,0.0,0.0,1.0,0.0
11,9,0.0,0.0,0.0,0.0,0.0,0.0,0.0,0.0,0.0,1.0,0.0
11,9,0.0,0.0,0.0,0.0,0.0,0.0,0.0,0.0,0.0,1.0,0.0
11,9,0.0,0.0,0.0,0.0,0.0,0.0,0.0,0.0,0.0,1.0,0.0
11,9,0.0,0.0,0.0,0.0,0.0,0.0,0.0,0.0,0.0,1.0,0.0
11,9,0.0,0.0,0.0,0.0,0.0,0.0,0.0,0.0,0.0,1.0,0.0
11,9,0.0,0.0,0.0,0.0,0.0,0.0,0.0,0.0,0.0,1.0,0.0
11,9,0.0,0.0,0.0,0.0,0.0,0.0,0.0,0.0,0.0,1.0,0.0
11,9,0.0,0.0,0.0,0.0,0.0,0.0,0.0,0.0,0.0,1.0,0.0
11,9,0.0,0.0,0.0,0.0,0.0,0.0,0.0,0.0,0.0,1.0,0.0
11,9,0.0,0.0,0.0,0.0,0.0,0.0,0.0,0.0,0.0,1.0,0.0
11,9,0.0,0.0,0.0,0.0,0.0,0.0,0.0,0.0,0.0,1.0,0.0
11,9,0.0,0.0,0.0,0.0,0.0,0.0,0.0,0.0,0.0,1.0,0.0
11,9,0.0,0.0,0.0,0.0,0.0,0.0,0.0,0.0,0.0,1.0,0.0
11,9,0.0,0.0,0.0,0.0,0.0,0.0,0.0,0.0,0.0,1.0,0.0
11,9,0.0,0.0,0.0,0.0,0.0,0.0,0.0,0.0,0.0,1.0,0.0
11,9,0.0,0.0,0.0,0.0,0.0,0.0,0.0,0.0,0.0,1.0,0.0
11,9,0.0,0.0,0.0,0.0,0.0,0.0,0.0,0.0,0.0,1.0,0.0
11,9,0.0,0.0,0.0,0.0,0.0,0.0,0.0,0.0,0.0,1.0,0.0
11,9,0.0,0.0,0.0,0.0,0.0,0.0,0.0,0.0,0.0,1.0,0.0
11,9,0.0,0.0,0.0,0.0,0.0,0.0,0.0,0.0,0.0,1.0,0.0
11,9,0.0,0.0,0.0,0.0,0.0,0.0,0.0,0.0,0.0,1.0,0.0
11,9,0.0,0.0,0.0,0.0,0.0,0.0,0.0,0.0,0.0,1.0,0.0
11,9,0.0,0.0,0.0,0.0,0.0,0.0,0.0,0.0,0.0,1.0,0.0
11,9,0.0,0.0,0.0,0.0,0.0,0.0,0.0,0.0,0.0,1.0,0.0
11,9,0.0,0.0,0.0,0.0,0.0,0.0,0.0,0.0,0.0,1.0,0.0
11,9,0.0,0.0,0.0,0.0,0.0,0.0,0.0,0.0,0.0,1.0,0.0
11,9,0.0,0.0,0.0,0.0,0.0,0.0,0.0,0.0,0.0,1.0,0.0
11,9,0.0,0.0,0.0,0.0,0.0,0.0,0.0,0.0,0.0,1.0,0.0
11,9,0.0,0.0,0.0,0.0,0.0,0.0,0.0,0.0,0.0,1.0,0.0
11,9,0.0,0.0,0.0,0.0,0.0,0.0,0.0,0.0,0.0,1.0,0.0
11,9,0.0,0.0,0.0,0.0,0.0,0.0,0.0,0.0,0.0,1.0,0.0
11,9,0.0,0.0,0.0,0.0,0.0,0.0,0.0,0.0,0.0,1.0,0.0
11,9,0.0,0.0,0.0,0.0,0.0,0.0,0.0,0.0,0.0,1.0,0.0
11,9,0.0,0.0,0.0,0.0,0.0,0.0,0.0,0.0,0.0,1.0,0.0
11,9,0.0,0.0,0.0,0.0,0.0,0.0,0.0,0.0,0.0,1.0,0.0
11,9,0.0,0.0,0.0,0.0,0.0,0.0,0.0,0.0,0.0,1.0,0.0
11,9,0.0,0.0,0.0,0.0,0.0,0.0,0.0,0.0,0.0,1.0,0.0
11,9,0.0,0.0,0.0,0.0,0.0,0.0,0.0,0.0,0.0,1.0,0.0
11,9,0.0,0.0,0.0,0.0,0.0,0.0,0.0,0.0,0.0,1.0,0.0
11,9,0.0,0.0,0.0,0.0,0.0,0.0,0.0,0.0,0.0,1.0,0.0
11,9,0.0,0.0,0.0,0.0,0.0,0.0,0.0,0.0,0.0,1.0,0.0
11,9,0.0,0.0,0.0,0.0,0.0,0.0,0.0,0.0,0.0,1.0,0.0
11,9,0.0,0.0,0.0,0.0,0.0,0.0,0.0,0.0,0.0,1.0,0.0
11,9,0.0,0.0,0.0,0.0,0.0,0.0,0.0,0.0,0.0,1.0,0.0
11,9,0.0,0.0,0.0,0.0,0.0,0.0,0.0,0.0,0.0,1.0,0.0
11,9,0.0,0.0,0.0,0.0,0.0,0.0,0.0,0.0,0.0,1.0,0.0
11,9,0.0,0.0,0.0,0.0,0.0,0.0,0.0,0.0,0.0,1.0,0.0
11,9,0.0,0.0,0.0,0.0,0.0,0.0,0.0,0.0,0.0,1.0,0.0
11,9,0.0,0.0,0.0,0.0,0.0,0.0,0.0,0.0,0.0,1.0,0.0
11,9,0.0,0.0,0.0,0.0,0.0,0.0,0.0,0.0,0.0,1.0,0.0
11,9,0.0,0.0,0.0,0.0,0.0,0.0,0.0,0.0,0.0,1.0,0.0
11,9,0.0,0.0,0.0,0.0,0.0,0.0,0.0,0.0,0.0,1.0,0.0
11,9,0.0,0.0,0.0,0.0,0.0,0.0,0.0,0.0,0.0,1.0,0.0
11,9,0.0,0.0,0.0,0.0,0.0,0.0,0.0,0.0,0.0,1.0,0.0
11,9,0.0,0.0,0.0,0.0,0.0,0.0,0.0,0.0,0.0,1.0,0.0
11,9,0.0,0.0,0.0,0.0,0.0,0.0,0.0,0.0,0.0,1.0,0.0
11,9,0.0,0.0,0.0,0.0,0.0,0.0,0.0,0.0,0.0,1.0,0.0
11,9,0.0,0.0,0.0,0.0,0.0,0.0,0.0,0.0,0.0,1.0,0.0
11,9,0.0,0.0,0.0,0.0,0.0,0.0,0.0,0.0,0.0,1.0,0.0
11,9,0.0,0.0,0.0,0.0,0.0,0.0,0.0,0.0,0.0,1.0,0.0
11,9,0.0,0.0,0.0,0.0,0.0,0.0,0.0,0.0,0.0,1.0,0.0
11,9,0.0,0.0,0.0,0.0,0.0,0.0,0.0,0.0,0.0,1.0,0.0
11,9,0.0,0.0,0.0,0.0,0.0,0.0,0.0,0.0,0.0,1.0,0.0
11,9,0.0,0.0,0.0,0.0,0.0,0.0,0.0,0.0,0.0,1.0,0.0
11,9,0.0,0.0,0.0,0.0,0.0,0.0,0.0,0.0,0.0,1.0,0.0
11,9,0.0,0.0,0.0,0.0,0.0,0.0,0.0,0.0,0.0,1.0,0.0
11,9,0.0,0.0,0.0,0.0,0.0,0.0,0.0,0.0,0.0,1.0,0.0
11,9,0.0,0.0,0.0,0.0,0.0,0.0,0.0,0.0,0.0,1.0,0.0
11,9,0.0,0.0,0.0,0.0,0.0,0.0,0.0,0.0,0.0,1.0,0.0
11,9,0.0,0.0,0.0,0.0,0.0,0.0,0.0,0.0,0.0,1.0,0.0
11,9,0.0,0.0,0.0,0.0,0.0,0.0,0.0,0.0,0.0,1.0,0.0
11,9,0.0,0.0,0.0,0.0,0.0,0.0,0.0,0.0,0.0,1.0,0.0
11,9,0.0,0.0,0.0,0.0,0.0,0.0,0.0,0.0,0.0,1.0,0.0
11,9,0.0,0.0,0.0,0.0,0.0,0.0,0.0,0.0,0.0,1.0,0.0
11,9,0.0,0.0,0.0,0.0,0.0,0.0,0.0,0.0,0.0,1.0,0.0
11,9,0.0,0.0,0.0,0.0,0.0,0.0,0.0,0.0,0.0,1.0,0.0
11,9,0.0,0.0,0.0,0.0,0.0,0.0,0.0,0.0,0.0,1.0,0.0
11,9,0.0,0.0,0.0,0.0,0.0,0.0,0.0,0.0,0.0,1.0,0.0
11,9,0.0,0.0,0.0,0.0,0.0,0.0,0.0,0.0,0.0,1.0,0.0
11,9,0.0,0.0,0.0,0.0,0.0,0.0,0.0,0.0,0.0,1.0,0.0
11,9,0.0,0.0,0.0,0.0,0.0,0.0,0.0,0.0,0.0,1.0,0.0
11,9,0.0,0.0,0.0,0.0,0.0,0.0,0.0,0.0,0.0,1.0,0.0
11,9,0.0,0.0,0.0,0.0,0.0,0.0,0.0,0.0,0.0,1.0,0.0
11,9,0.0,0.0,0.0,0.0,0.0,0.0,0.0,0.0,0.0,1.0,0.0
11,9,0.0,0.0,0.0,0.0,0.0,0.0,0.0,0.0,0.0,1.0,0.0
11,9,0.0,0.0,0.0,0.0,0.0,0.0,0.0,0.0,0.0,1.0,0.0
11,9,0.0,0.0,0.0,0.0,0.0,0.0,0.0,0.0,0.0,1.0,0.0
11,9,0.0,0.0,0.0,0.0,0.0,0.0,0.0,0.0,0.0,1.0,0.0
11,9,0.0,0.0,0.0,0.0,0.0,0.0,0.0,0.0,0.0,1.0,0.0
11,9,0.0,0.0,0.0,0.0,0.0,0.0,0.0,0.0,0.0,1.0,0.0
11,9,0.0,0.0,0.0,0.0,0.0,0.0,0.0,0.0,0.0,1.0,0.0
11,9,0.0,0.0,0.0,0.0,0.0,0.0,0.0,0.0,0.0,1.0,0.0
11,9,0.0,0.0,0.0,0.0,0.0,0.0,0.0,0.0,0.0,1.0,0.0
11,9,0.0,0.0,0.0,0.0,0.0,0.0,0.0,0.0,0.0,1.0,0.0
11,9,0.0,0.0,0.0,0.0,0.0,0.0,0.0,0.0,0.0,1.0,0.0
11,9,0.0,0.0,0.0,0.0,0.0,0.0,0.0,0.0,0.0,1.0,0.0
11,9,0.0,0.0,0.0,0.0,0.0,0.0,0.0,0.0,0.0,1.0,0.0
11,9,0.0,0.0,0.0,0.0,0.0,0.0,0.0,0.0,0.0,1.0,0.0
11,9,0.0,0.0,0.0,0.0,0.0,0.0,0.0,0.0,0.0,1.0,0.0
11,9,0.0,0.0,0.0,0.0,0.0,0.0,0.0,0.0,0.0,1.0,0.0
11,9,0.0,0.0,0.0,0.0,0.0,0.0,0.0,0.0,0.0,1.0,0.0
11,9,0.0,0.0,0.0,0.0,0.0,0.0,0.0,0.0,0.0,1.0,0.0
11,9,0.0,0.0,0.0,0.0,0.0,0.0,0.0,0.0,0.0,1.0,0.0
11,9,0.0,0.0,0.0,0.0,0.0,0.0,0.0,0.0,0.0,1.0,0.0
11,9,0.0,0.0,0.0,0.0,0.0,0.0,0.0,0.0,0.0,1.0,0.0
11,9,0.0,0.0,0.0,0.0,0.0,0.0,0.0,0.0,0.0,1.0,0.0
11,9,0.0,0.0,0.0,0.0,0.0,0.0,0.0,0.0,0.0,1.0,0.0
11,9,0.0,0.0,0.0,0.0,0.0,0.0,0.0,0.0,0.0,1.0,0.0
11,9,0.0,0.0,0.0,0.0,0.0,0.0,0.0,0.0,0.0,1.0,0.0
11,9,0.0,0.0,0.0,0.0,0.0,0.0,0.0,0.0,0.0,1.0,0.0
11,9,0.0,0.0,0.0,0.0,0.0,0.0,0.0,0.0,0.0,1.0,0.0
11,9,0.0,0.0,0.0,0.0,0.0,0.0,0.0,0.0,0.0,1.0,0.0
11,9,0.0,0.0,0.0,0.0,0.0,0.0,0.0,0.0,0.0,1.0,0.0
11,9,0.0,0.0,0.0,0.0,0.0,0.0,0.0,0.0,0.0,1.0,0.0
11,9,0.0,0.0,0.0,0.0,0.0,0.0,0.0,0.0,0.0,1.0,0.0
11,9,0.0,0.0,0.0,0.0,0.0,0.0,0.0,0.0,0.0,1.0,0.0
11,9,0.0,0.0,0.0,0.0,0.0,0.0,0.0,0.0,0.0,1.0,0.0
11,9,0.0,0.0,0.0,0.0,0.0,0.0,0.0,0.0,0.0,1.0,0.0
11,9,0.0,0.0,0.0,0.0,0.0,0.0,0.0,0.0,0.0,1.0,0.0
11,9,0.0,0.0,0.0,0.0,0.0,0.0,0.0,0.0,0.0,1.0,0.0
11,9,0.0,0.0,0.0,0.0,0.0,0.0,0.0,0.0,0.0,1.0,0.0
11,9,0.0,0.0,0.0,0.0,0.0,0.0,0.0,0.0,0.0,1.0,0.0
11,9,0.0,0.0,0.0,0.0,0.0,0.0,0.0,0.0,0.0,1.0,0.0
11,9,0.0,0.0,0.0,0.0,0.0,0.0,0.0,0.0,0.0,1.0,0.0
11,9,0.0,0.0,0.0,0.0,0.0,0.0,0.0,0.0,0.0,1.0,0.0
11,9,0.0,0.0,0.0,0.0,0.0,0.0,0.0,0.0,0.0,1.0,0.0
11,9,0.0,0.0,0.0,0.0,0.0,0.0,0.0,0.0,0.0,1.0,0.0
11,9,0.0,0.0,0.0,0.0,0.0,0.0,0.0,0.0,0.0,1.0,0.0
11,9,0.0,0.0,0.0,0.0,0.0,0.0,0.0,0.0,0.0,1.0,0.0
11,9,0.0,0.0,0.0,0.0,0.0,0.0,0.0,0.0,0.0,1.0,0.0
11,9,0.0,0.0,0.0,0.0,0.0,0.0,0.0,0.0,0.0,1.0,0.0
11,9,0.0,0.0,0.0,0.0,0.0,0.0,0.0,0.0,0.0,1.0,0.0
11,9,0.0,0.0,0.0,0.0,0.0,0.0,0.0,0.0,0.0,1.0,0.0
11,9,0.0,0.0,0.0,0.0,0.0,0.0,0.0,0.0,0.0,1.0,0.0
11,9,0.0,0.0,0.0,0.0,0.0,0.0,0.0,0.0,0.0,1.0,0.0
11,9,0.0,0.0,0.0,0.0,0.0,0.0,0.0,0.0,0.0,1.0,0.0
11,9,0.0,0.0,0.0,0.0,0.0,0.0,0.0,0.0,0.0,1.0,0.0
11,9,0.0,0.0,0.0,0.0,0.0,0.0,0.0,0.0,0.0,1.0,0.0
11,9,0.0,0.0,0.0,0.0,0.0,0.0,0.0,0.0,0.0,1.0,0.0
11,9,0.0,0.0,0.0,0.0,0.0,0.0,0.0,0.0,0.0,1.0,0.0
11,9,0.0,0.0,0.0,0.0,0.0,0.0,0.0,0.0,0.0,1.0,0.0
11,9,0.0,0.0,0.0,0.0,0.0,0.0,0.0,0.0,0.0,1.0,0.0
11,9,0.0,0.0,0.0,0.0,0.0,0.0,0.0,0.0,0.0,1.0,0.0
11,9,0.0,0.0,0.0,0.0,0.0,0.0,0.0,0.0,0.0,1.0,0.0
11,9,0.0,0.0,0.0,0.0,0.0,0.0,0.0,0.0,0.0,1.0,0.0
11,9,0.0,0.0,0.0,0.0,0.0,0.0,0.0,0.0,0.0,1.0,0.0
11,9,0.0,0.0,0.0,0.0,0.0,0.0,0.0,0.0,0.0,1.0,0.0
11,9,0.0,0.0,0.0,0.0,0.0,0.0,0.0,0.0,0.0,1.0,0.0
11,9,0.0,0.0,0.0,0.0,0.0,0.0,0.0,0.0,0.0,1.0,0.0
11,9,0.0,0.0,0.0,0.0,0.0,0.0,0.0,0.0,0.0,1.0,0.0
11,9,0.0,0.0,0.0,0.0,0.0,0.0,0.0,0.0,0.0,1.0,0.0
11,9,0.0,0.0,0.0,0.0,0.0,0.0,0.0,0.0,0.0,1.0,0.0
11,9,0.0,0.0,0.0,0.0,0.0,0.0,0.0,0.0,0.0,1.0,0.0
11,9,0.0,0.0,0.0,0.0,0.0,0.0,0.0,0.0,0.0,1.0,0.0
11,9,0.0,0.0,0.0,0.0,0.0,0.0,0.0,0.0,0.0,1.0,0.0
11,9,0.0,0.0,0.0,0.0,0.0,0.0,0.0,0.0,0.0,1.0,0.0
11,9,0.0,0.0,0.0,0.0,0.0,0.0,0.0,0.0,0.0,1.0,0.0
11,9,0.0,0.0,0.0,0.0,0.0,0.0,0.0,0.0,0.0,1.0,0.0
11,9,0.0,0.0,0.0,0.0,0.0,0.0,0.0,0.0,0.0,1.0,0.0
11,9,0.0,0.0,0.0,0.0,0.0,0.0,0.0,0.0,0.0,1.0,0.0
11,9,0.0,0.0,0.0,0.0,0.0,0.0,0.0,0.0,0.0,1.0,0.0
11,9,0.0,0.0,0.0,0.0,0.0,0.0,0.0,0.0,0.0,1.0,0.0
11,9,0.0,0.0,0.0,0.0,0.0,0.0,0.0,0.0,0.0,1.0,0.0
11,9,0.0,0.0,0.0,0.0,0.0,0.0,0.0,0.0,0.0,1.0,0.0
11,9,0.0,0.0,0.0,0.0,0.0,0.0,0.0,0.0,0.0,1.0,0.0
11,9,0.0,0.0,0.0,0.0,0.0,0.0,0.0,0.0,0.0,1.0,0.0
11,9,0.0,0.0,0.0,0.0,0.0,0.0,0.0,0.0,0.0,1.0,0.0
11,9,0.0,0.0,0.0,0.0,0.0,0.0,0.0,0.0,0.0,1.0,0.0
11,9,0.0,0.0,0.0,0.0,0.0,0.0,0.0,0.0,0.0,1.0,0.0
11,9,0.0,0.0,0.0,0.0,0.0,0.0,0.0,0.0,0.0,1.0,0.0
11,9,0.0,0.0,0.0,0.0,0.0,0.0,0.0,0.0,0.0,1.0,0.0
11,9,0.0,0.0,0.0,0.0,0.0,0.0,0.0,0.0,0.0,1.0,0.0
11,9,0.0,0.0,0.0,0.0,0.0,0.0,0.0,0.0,0.0,1.0,0.0
11,9,0.0,0.0,0.0,0.0,0.0,0.0,0.0,0.0,0.0,1.0,0.0
11,9,0.0,0.0,0.0,0.0,0.0,0.0,0.0,0.0,0.0,1.0,0.0
11,9,0.0,0.0,0.0,0.0,0.0,0.0,0.0,0.0,0.0,1.0,0.0
11,9,0.0,0.0,0.0,0.0,0.0,0.0,0.0,0.0,0.0,1.0,0.0
11,9,0.0,0.0,0.0,0.0,0.0,0.0,0.0,0.0,0.0,1.0,0.0
11,9,0.0,0.0,0.0,0.0,0.0,0.0,0.0,0.0,0.0,1.0,0.0
11,9,0.0,0.0,0.0,0.0,0.0,0.0,0.0,0.0,0.0,1.0,0.0
11,9,0.0,0.0,0.0,0.0,0.0,0.0,0.0,0.0,0.0,1.0,0.0
11,9,0.0,0.0,0.0,0.0,0.0,0.0,0.0,0.0,0.0,1.0,0.0
11,9,0.0,0.0,0.0,0.0,0.0,0.0,0.0,0.0,0.0,1.0,0.0
11,9,0.0,0.0,0.0,0.0,0.0,0.0,0.0,0.0,0.0,1.0,0.0
11,9,0.0,0.0,0.0,0.0,0.0,0.0,0.0,0.0,0.0,1.0,0.0
11,9,0.0,0.0,0.0,0.0,0.0,0.0,0.0,0.0,0.0,1.0,0.0
11,9,0.0,0.0,0.0,0.0,0.0,0.0,0.0,0.0,0.0,1.0,0.0
11,9,0.0,0.0,0.0,0.0,0.0,0.0,0.0,0.0,0.0,1.0,0.0
11,9,0.0,0.0,0.0,0.0,0.0,0.0,0.0,0.0,0.0,1.0,0.0
11,9,0.0,0.0,0.0,0.0,0.0,0.0,0.0,0.0,0.0,1.0,0.0
11,9,0.0,0.0,0.0,0.0,0.0,0.0,0.0,0.0,0.0,1.0,0.0
11,9,0.0,0.0,0.0,0.0,0.0,0.0,0.0,0.0,0.0,1.0,0.0
11,9,0.0,0.0,0.0,0.0,0.0,0.0,0.0,0.0,0.0,1.0,0.0
11,9,0.0,0.0,0.0,0.0,0.0,0.0,0.0,0.0,0.0,1.0,0.0
11,9,0.0,0.0,0.0,0.0,0.0,0.0,0.0,0.0,0.0,1.0,0.0
11,9,0.0,0.0,0.0,0.0,0.0,0.0,0.0,0.0,0.0,1.0,0.0
11,9,0.0,0.0,0.0,0.0,0.0,0.0,0.0,0.0,0.0,1.0,0.0
11,9,0.0,0.0,0.0,0.0,0.0,0.0,0.0,0.0,0.0,1.0,0.0
11,9,0.0,0.0,0.0,0.0,0.0,0.0,0.0,0.0,0.0,1.0,0.0
11,9,0.0,0.0,0.0,0.0,0.0,0.0,0.0,0.0,0.0,1.0,0.0
11,9,0.0,0.0,0.0,0.0,0.0,0.0,0.0,0.0,0.0,1.0,0.0
11,9,0.0,0.0,0.0,0.0,0.0,0.0,0.0,0.0,0.0,1.0,0.0
11,9,0.0,0.0,0.0,0.0,0.0,0.0,0.0,0.0,0.0,1.0,0.0
11,9,0.0,0.0,0.0,0.0,0.0,0.0,0.0,0.0,0.0,1.0,0.0
11,9,0.0,0.0,0.0,0.0,0.0,0.0,0.0,0.0,0.0,1.0,0.0
11,9,0.0,0.0,0.0,0.0,0.0,0.0,0.0,0.0,0.0,1.0,0.0
11,9,0.0,0.0,0.0,0.0,0.0,0.0,0.0,0.0,0.0,1.0,0.0
11,9,0.0,0.0,0.0,0.0,0.0,0.0,0.0,0.0,0.0,1.0,0.0
11,9,0.0,0.0,0.0,0.0,0.0,0.0,0.0,0.0,0.0,1.0,0.0
11,9,0.0,0.0,0.0,0.0,0.0,0.0,0.0,0.0,0.0,1.0,0.0
11,9,0.0,0.0,0.0,0.0,0.0,0.0,0.0,0.0,0.0,1.0,0.0
11,9,0.0,0.0,0.0,0.0,0.0,0.0,0.0,0.0,0.0,1.0,0.0
11,9,0.0,0.0,0.0,0.0,0.0,0.0,0.0,0.0,0.0,1.0,0.0
11,9,0.0,0.0,0.0,0.0,0.0,0.0,0.0,0.0,0.0,1.0,0.0
11,9,0.0,0.0,0.0,0.0,0.0,0.0,0.0,0.0,0.0,1.0,0.0
11,9,0.0,0.0,0.0,0.0,0.0,0.0,0.0,0.0,0.0,1.0,0.0
11,9,0.0,0.0,0.0,0.0,0.0,0.0,0.0,0.0,0.0,1.0,0.0
11,9,0.0,0.0,0.0,0.0,0.0,0.0,0.0,0.0,0.0,1.0,0.0
11,9,0.0,0.0,0.0,0.0,0.0,0.0,0.0,0.0,0.0,1.0,0.0
11,9,0.0,0.0,0.0,0.0,0.0,0.0,0.0,0.0,0.0,1.0,0.0
11,9,0.0,0.0,0.0,0.0,0.0,0.0,0.0,0.0,0.0,1.0,0.0
11,9,0.0,0.0,0.0,0.0,0.0,0.0,0.0,0.0,0.0,1.0,0.0
11,9,0.0,0.0,0.0,0.0,0.0,0.0,0.0,0.0,0.0,1.0,0.0
11,9,0.0,0.0,0.0,0.0,0.0,0.0,0.0,0.0,0.0,1.0,0.0
11,9,0.0,0.0,0.0,0.0,0.0,0.0,0.0,0.0,0.0,1.0,0.0
11,9,0.0,0.0,0.0,0.0,0.0,0.0,0.0,0.0,0.0,1.0,0.0
11,9,0.0,0.0,0.0,0.0,0.0,0.0,0.0,0.0,0.0,1.0,0.0
11,9,0.0,0.0,0.0,0.0,0.0,0.0,0.0,0.0,0.0,1.0,0.0
11,9,0.0,0.0,0.0,0.0,0.0,0.0,0.0,0.0,0.0,1.0,0.0
11,9,0.0,0.0,0.0,0.0,0.0,0.0,0.0,0.0,0.0,1.0,0.0
11,9,0.0,0.0,0.0,0.0,0.0,0.0,0.0,0.0,0.0,1.0,0.0
11,9,0.0,0.0,0.0,0.0,0.0,0.0,0.0,0.0,0.0,1.0,0.0
11,9,0.0,0.0,0.0,0.0,0.0,0.0,0.0,0.0,0.0,1.0,0.0
11,9,0.0,0.0,0.0,0.0,0.0,0.0,0.0,0.0,0.0,1.0,0.0
11,9,0.0,0.0,0.0,0.0,0.0,0.0,0.0,0.0,0.0,1.0,0.0
11,9,0.0,0.0,0.0,0.0,0.0,0.0,0.0,0.0,0.0,1.0,0.0
11,9,0.0,0.0,0.0,0.0,0.0,0.0,0.0,0.0,0.0,1.0,0.0
11,9,0.0,0.0,0.0,0.0,0.0,0.0,0.0,0.0,0.0,1.0,0.0
11,9,0.0,0.0,0.0,0.0,0.0,0.0,0.0,0.0,0.0,1.0,0.0
11,9,0.0,0.0,0.0,0.0,0.0,0.0,0.0,0.0,0.0,1.0,0.0
11,9,0.0,0.0,0.0,0.0,0.0,0.0,0.0,0.0,0.0,1.0,0.0
11,9,0.0,0.0,0.0,0.0,0.0,0.0,0.0,0.0,0.0,1.0,0.0
11,9,0.0,0.0,0.0,0.0,0.0,0.0,0.0,0.0,0.0,1.0,0.0
11,9,0.0,0.0,0.0,0.0,0.0,0.0,0.0,0.0,0.0,1.0,0.0
11,9,0.0,0.0,0.0,0.0,0.0,0.0,0.0,0.0,0.0,1.0,0.0
11,9,0.0,0.0,0.0,0.0,0.0,0.0,0.0,0.0,0.0,1.0,0.0
11,9,0.0,0.0,0.0,0.0,0.0,0.0,0.0,0.0,0.0,1.0,0.0
11,9,0.0,0.0,0.0,0.0,0.0,0.0,0.0,0.0,0.0,1.0,0.0
11,9,0.0,0.0,0.0,0.0,0.0,0.0,0.0,0.0,0.0,1.0,0.0
11,9,0.0,0.0,0.0,0.0,0.0,0.0,0.0,0.0,0.0,1.0,0.0
11,9,0.0,0.0,0.0,0.0,0.0,0.0,0.0,0.0,0.0,1.0,0.0
11,9,0.0,0.0,0.0,0.0,0.0,0.0,0.0,0.0,0.0,1.0,0.0
11,9,0.0,0.0,0.0,0.0,0.0,0.0,0.0,0.0,0.0,1.0,0.0
11,9,0.0,0.0,0.0,0.0,0.0,0.0,0.0,0.0,0.0,1.0,0.0
11,9,0.0,0.0,0.0,0.0,0.0,0.0,0.0,0.0,0.0,1.0,0.0
11,9,0.0,0.0,0.0,0.0,0.0,0.0,0.0,0.0,0.0,1.0,0.0
11,9,0.0,0.0,0.0,0.0,0.0,0.0,0.0,0.0,0.0,1.0,0.0
11,9,0.0,0.0,0.0,0.0,0.0,0.0,0.0,0.0,0.0,1.0,0.0
11,9,0.0,0.0,0.0,0.0,0.0,0.0,0.0,0.0,0.0,1.0,0.0
11,9,0.0,0.0,0.0,0.0,0.0,0.0,0.0,0.0,0.0,1.0,0.0
11,9,0.0,0.0,0.0,0.0,0.0,0.0,0.0,0.0,0.0,1.0,0.0
11,9,0.0,0.0,0.0,0.0,0.0,0.0,0.0,0.0,0.0,1.0,0.0
11,9,0.0,0.0,0.0,0.0,0.0,0.0,0.0,0.0,0.0,1.0,0.0
11,9,0.0,0.0,0.0,0.0,0.0,0.0,0.0,0.0,0.0,1.0,0.0
11,9,0.0,0.0,0.0,0.0,0.0,0.0,0.0,0.0,0.0,1.0,0.0
11,9,0.0,0.0,0.0,0.0,0.0,0.0,0.0,0.0,0.0,1.0,0.0
11,9,0.0,0.0,0.0,0.0,0.0,0.0,0.0,0.0,0.0,1.0,0.0
11,9,0.0,0.0,0.0,0.0,0.0,0.0,0.0,0.0,0.0,1.0,0.0
11,9,0.0,0.0,0.0,0.0,0.0,0.0,0.0,0.0,0.0,1.0,0.0
11,9,0.0,0.0,0.0,0.0,0.0,0.0,0.0,0.0,0.0,1.0,0.0
11,9,0.0,0.0,0.0,0.0,0.0,0.0,0.0,0.0,0.0,1.0,0.0
11,9,0.0,0.0,0.0,0.0,0.0,0.0,0.0,0.0,0.0,1.0,0.0
11,9,0.0,0.0,0.0,0.0,0.0,0.0,0.0,0.0,0.0,1.0,0.0
11,9,0.0,0.0,0.0,0.0,0.0,0.0,0.0,0.0,0.0,1.0,0.0
11,9,0.0,0.0,0.0,0.0,0.0,0.0,0.0,0.0,0.0,1.0,0.0
11,9,0.0,0.0,0.0,0.0,0.0,0.0,0.0,0.0,0.0,1.0,0.0
11,9,0.0,0.0,0.0,0.0,0.0,0.0,0.0,0.0,0.0,1.0,0.0
11,9,0.0,0.0,0.0,0.0,0.0,0.0,0.0,0.0,0.0,1.0,0.0
11,9,0.0,0.0,0.0,0.0,0.0,0.0,0.0,0.0,0.0,1.0,0.0
11,9,0.0,0.0,0.0,0.0,0.0,0.0,0.0,0.0,0.0,1.0,0.0
11,9,0.0,0.0,0.0,0.0,0.0,0.0,0.0,0.0,0.0,1.0,0.0
11,9,0.0,0.0,0.0,0.0,0.0,0.0,0.0,0.0,0.0,1.0,0.0
11,9,0.0,0.0,0.0,0.0,0.0,0.0,0.0,0.0,0.0,1.0,0.0
11,9,0.0,0.0,0.0,0.0,0.0,0.0,0.0,0.0,0.0,1.0,0.0
11,9,0.0,0.0,0.0,0.0,0.0,0.0,0.0,0.0,0.0,1.0,0.0
11,9,0.0,0.0,0.0,0.0,0.0,0.0,0.0,0.0,0.0,1.0,0.0
11,9,0.0,0.0,0.0,0.0,0.0,0.0,0.0,0.0,0.0,1.0,0.0
11,9,0.0,0.0,0.0,0.0,0.0,0.0,0.0,0.0,0.0,1.0,0.0
11,9,0.0,0.0,0.0,0.0,0.0,0.0,0.0,0.0,0.0,1.0,0.0
11,9,0.0,0.0,0.0,0.0,0.0,0.0,0.0,0.0,0.0,1.0,0.0
11,9,0.0,0.0,0.0,0.0,0.0,0.0,0.0,0.0,0.0,1.0,0.0
11,9,0.0,0.0,0.0,0.0,0.0,0.0,0.0,0.0,0.0,1.0,0.0
11,9,0.0,0.0,0.0,0.0,0.0,0.0,0.0,0.0,0.0,1.0,0.0
11,9,0.0,0.0,0.0,0.0,0.0,0.0,0.0,0.0,0.0,1.0,0.0
11,9,0.0,0.0,0.0,0.0,0.0,0.0,0.0,0.0,0.0,1.0,0.0
11,9,0.0,0.0,0.0,0.0,0.0,0.0,0.0,0.0,0.0,1.0,0.0
11,9,0.0,0.0,0.0,0.0,0.0,0.0,0.0,0.0,0.0,1.0,0.0
11,9,0.0,0.0,0.0,0.0,0.0,0.0,0.0,0.0,0.0,1.0,0.0
11,9,0.0,0.0,0.0,0.0,0.0,0.0,0.0,0.0,0.0,1.0,0.0
11,9,0.0,0.0,0.0,0.0,0.0,0.0,0.0,0.0,0.0,1.0,0.0
11,9,0.0,0.0,0.0,0.0,0.0,0.0,0.0,0.0,0.0,1.0,0.0
11,9,0.0,0.0,0.0,0.0,0.0,0.0,0.0,0.0,0.0,1.0,0.0
11,9,0.0,0.0,0.0,0.0,0.0,0.0,0.0,0.0,0.0,1.0,0.0
11,9,0.0,0.0,0.0,0.0,0.0,0.0,0.0,0.0,0.0,1.0,0.0
11,9,0.0,0.0,0.0,0.0,0.0,0.0,0.0,0.0,0.0,1.0,0.0
11,9,0.0,0.0,0.0,0.0,0.0,0.0,0.0,0.0,0.0,1.0,0.0
11,9,0.0,0.0,0.0,0.0,0.0,0.0,0.0,0.0,0.0,1.0,0.0
11,9,0.0,0.0,0.0,0.0,0.0,0.0,0.0,0.0,0.0,1.0,0.0
11,9,0.0,0.0,0.0,0.0,0.0,0.0,0.0,0.0,0.0,1.0,0.0
11,9,0.0,0.0,0.0,0.0,0.0,0.0,0.0,0.0,0.0,1.0,0.0
11,9,0.0,0.0,0.0,0.0,0.0,0.0,0.0,0.0,0.0,1.0,0.0
11,9,0.0,0.0,0.0,0.0,0.0,0.0,0.0,0.0,0.0,1.0,0.0
11,9,0.0,0.0,0.0,0.0,0.0,0.0,0.0,0.0,0.0,1.0,0.0
11,9,0.0,0.0,0.0,0.0,0.0,0.0,0.0,0.0,0.0,1.0,0.0
11,9,0.0,0.0,0.0,0.0,0.0,0.0,0.0,0.0,0.0,1.0,0.0
11,9,0.0,0.0,0.0,0.0,0.0,0.0,0.0,0.0,0.0,1.0,0.0
11,9,0.0,0.0,0.0,0.0,0.0,0.0,0.0,0.0,0.0,1.0,0.0
11,9,0.0,0.0,0.0,0.0,0.0,0.0,0.0,0.0,0.0,1.0,0.0
11,9,0.0,0.0,0.0,0.0,0.0,0.0,0.0,0.0,0.0,1.0,0.0
11,9,0.0,0.0,0.0,0.0,0.0,0.0,0.0,0.0,0.0,1.0,0.0
11,9,0.0,0.0,0.0,0.0,0.0,0.0,0.0,0.0,0.0,1.0,0.0
11,9,0.0,0.0,0.0,0.0,0.0,0.0,0.0,0.0,0.0,1.0,0.0
11,9,0.0,0.0,0.0,0.0,0.0,0.0,0.0,0.0,0.0,1.0,0.0
11,9,0.0,0.0,0.0,0.0,0.0,0.0,0.0,0.0,0.0,1.0,0.0
11,9,0.0,0.0,0.0,0.0,0.0,0.0,0.0,0.0,0.0,1.0,0.0
11,9,0.0,0.0,0.0,0.0,0.0,0.0,0.0,0.0,0.0,1.0,0.0
11,9,0.0,0.0,0.0,0.0,0.0,0.0,0.0,0.0,0.0,1.0,0.0
11,9,0.0,0.0,0.0,0.0,0.0,0.0,0.0,0.0,0.0,1.0,0.0
11,9,0.0,0.0,0.0,0.0,0.0,0.0,0.0,0.0,0.0,1.0,0.0
11,9,0.0,0.0,0.0,0.0,0.0,0.0,0.0,0.0,0.0,1.0,0.0
11,9,0.0,0.0,0.0,0.0,0.0,0.0,0.0,0.0,0.0,1.0,0.0
11,9,0.0,0.0,0.0,0.0,0.0,0.0,0.0,0.0,0.0,1.0,0.0
11,9,0.0,0.0,0.0,0.0,0.0,0.0,0.0,0.0,0.0,1.0,0.0
11,9,0.0,0.0,0.0,0.0,0.0,0.0,0.0,0.0,0.0,1.0,0.0
11,9,0.0,0.0,0.0,0.0,0.0,0.0,0.0,0.0,0.0,1.0,0.0
11,9,0.0,0.0,0.0,0.0,0.0,0.0,0.0,0.0,0.0,1.0,0.0
11,9,0.0,0.0,0.0,0.0,0.0,0.0,0.0,0.0,0.0,1.0,0.0
11,9,0.0,0.0,0.0,0.0,0.0,0.0,0.0,0.0,0.0,1.0,0.0
11,9,0.0,0.0,0.0,0.0,0.0,0.0,0.0,0.0,0.0,1.0,0.0
11,9,0.0,0.0,0.0,0.0,0.0,0.0,0.0,0.0,0.0,1.0,0.0
11,9,0.0,0.0,0.0,0.0,0.0,0.0,0.0,0.0,0.0,1.0,0.0
11,9,0.0,0.0,0.0,0.0,0.0,0.0,0.0,0.0,0.0,1.0,0.0
11,9,0.0,0.0,0.0,0.0,0.0,0.0,0.0,0.0,0.0,1.0,0.0
11,9,0.0,0.0,0.0,0.0,0.0,0.0,0.0,0.0,0.0,1.0,0.0
11,9,0.0,0.0,0.0,0.0,0.0,0.0,0.0,0.0,0.0,1.0,0.0
11,9,0.0,0.0,0.0,0.0,0.0,0.0,0.0,0.0,0.0,1.0,0.0
11,9,0.0,0.0,0.0,0.0,0.0,0.0,0.0,0.0,0.0,1.0,0.0
11,9,0.0,0.0,0.0,0.0,0.0,0.0,0.0,0.0,0.0,1.0,0.0
11,9,0.0,0.0,0.0,0.0,0.0,0.0,0.0,0.0,0.0,1.0,0.0
11,9,0.0,0.0,0.0,0.0,0.0,0.0,0.0,0.0,0.0,1.0,0.0
11,9,0.0,0.0,0.0,0.0,0.0,0.0,0.0,0.0,0.0,1.0,0.0
11,9,0.0,0.0,0.0,0.0,0.0,0.0,0.0,0.0,0.0,1.0,0.0
11,9,0.0,0.0,0.0,0.0,0.0,0.0,0.0,0.0,0.0,1.0,0.0
11,9,0.0,0.0,0.0,0.0,0.0,0.0,0.0,0.0,0.0,1.0,0.0
11,9,0.0,0.0,0.0,0.0,0.0,0.0,0.0,0.0,0.0,1.0,0.0
11,9,0.0,0.0,0.0,0.0,0.0,0.0,0.0,0.0,0.0,1.0,0.0
11,9,0.0,0.0,0.0,0.0,0.0,0.0,0.0,0.0,0.0,1.0,0.0
11,9,0.0,0.0,0.0,0.0,0.0,0.0,0.0,0.0,0.0,1.0,0.0
11,9,0.0,0.0,0.0,0.0,0.0,0.0,0.0,0.0,0.0,1.0,0.0
11,9,0.0,0.0,0.0,0.0,0.0,0.0,0.0,0.0,0.0,1.0,0.0
11,9,0.0,0.0,0.0,0.0,0.0,0.0,0.0,0.0,0.0,1.0,0.0
11,9,0.0,0.0,0.0,0.0,0.0,0.0,0.0,0.0,0.0,1.0,0.0
11,9,0.0,0.0,0.0,0.0,0.0,0.0,0.0,0.0,0.0,1.0,0.0
11,9,0.0,0.0,0.0,0.0,0.0,0.0,0.0,0.0,0.0,1.0,0.0
11,9,0.0,0.0,0.0,0.0,0.0,0.0,0.0,0.0,0.0,1.0,0.0
11,9,0.0,0.0,0.0,0.0,0.0,0.0,0.0,0.0,0.0,1.0,0.0
11,9,0.0,0.0,0.0,0.0,0.0,0.0,0.0,0.0,0.0,1.0,0.0
11,9,0.0,0.0,0.0,0.0,0.0,0.0,0.0,0.0,0.0,1.0,0.0
11,9,0.0,0.0,0.0,0.0,0.0,0.0,0.0,0.0,0.0,1.0,0.0
11,9,0.0,0.0,0.0,0.0,0.0,0.0,0.0,0.0,0.0,1.0,0.0
11,9,0.0,0.0,0.0,0.0,0.0,0.0,0.0,0.0,0.0,1.0,0.0
11,9,0.0,0.0,0.0,0.0,0.0,0.0,0.0,0.0,0.0,1.0,0.0
11,9,0.0,0.0,0.0,0.0,0.0,0.0,0.0,0.0,0.0,1.0,0.0
11,9,0.0,0.0,0.0,0.0,0.0,0.0,0.0,0.0,0.0,1.0,0.0
11,9,0.0,0.0,0.0,0.0,0.0,0.0,0.0,0.0,0.0,1.0,0.0
11,9,0.0,0.0,0.0,0.0,0.0,0.0,0.0,0.0,0.0,1.0,0.0
11,9,0.0,0.0,0.0,0.0,0.0,0.0,0.0,0.0,0.0,1.0,0.0
11,9,0.0,0.0,0.0,0.0,0.0,0.0,0.0,0.0,0.0,1.0,0.0
11,9,0.0,0.0,0.0,0.0,0.0,0.0,0.0,0.0,0.0,1.0,0.0
11,9,0.0,0.0,0.0,0.0,0.0,0.0,0.0,0.0,0.0,1.0,0.0
11,9,0.0,0.0,0.0,0.0,0.0,0.0,0.0,0.0,0.0,1.0,0.0
11,9,0.0,0.0,0.0,0.0,0.0,0.0,0.0,0.0,0.0,1.0,0.0
11,9,0.0,0.0,0.0,0.0,0.0,0.0,0.0,0.0,0.0,1.0,0.0
11,9,0.0,0.0,0.0,0.0,0.0,0.0,0.0,0.0,0.0,1.0,0.0
11,9,0.0,0.0,0.0,0.0,0.0,0.0,0.0,0.0,0.0,1.0,0.0
11,9,0.0,0.0,0.0,0.0,0.0,0.0,0.0,0.0,0.0,1.0,0.0
11,9,0.0,0.0,0.0,0.0,0.0,0.0,0.0,0.0,0.0,1.0,0.0
11,9,0.0,0.0,0.0,0.0,0.0,0.0,0.0,0.0,0.0,1.0,0.0
11,9,0.0,0.0,0.0,0.0,0.0,0.0,0.0,0.0,0.0,1.0,0.0
11,9,0.0,0.0,0.0,0.0,0.0,0.0,0.0,0.0,0.0,1.0,0.0
11,9,0.0,0.0,0.0,0.0,0.0,0.0,0.0,0.0,0.0,1.0,0.0
11,9,0.0,0.0,0.0,0.0,0.0,0.0,0.0,0.0,0.0,1.0,0.0
11,9,0.0,0.0,0.0,0.0,0.0,0.0,0.0,0.0,0.0,1.0,0.0
11,9,0.0,0.0,0.0,0.0,0.0,0.0,0.0,0.0,0.0,1.0,0.0
11,9,0.0,0.0,0.0,0.0,0.0,0.0,0.0,0.0,0.0,1.0,0.0
11,9,0.0,0.0,0.0,0.0,0.0,0.0,0.0,0.0,0.0,1.0,0.0
11,9,0.0,0.0,0.0,0.0,0.0,0.0,0.0,0.0,0.0,1.0,0.0
11,9,0.0,0.0,0.0,0.0,0.0,0.0,0.0,0.0,0.0,1.0,0.0
11,9,0.0,0.0,0.0,0.0,0.0,0.0,0.0,0.0,0.0,1.0,0.0
11,9,0.0,0.0,0.0,0.0,0.0,0.0,0.0,0.0,0.0,1.0,0.0
11,9,0.0,0.0,0.0,0.0,0.0,0.0,0.0,0.0,0.0,1.0,0.0
11,9,0.0,0.0,0.0,0.0,0.0,0.0,0.0,0.0,0.0,1.0,0.0
11,9,0.0,0.0,0.0,0.0,0.0,0.0,0.0,0.0,0.0,1.0,0.0
11,9,0.0,0.0,0.0,0.0,0.0,0.0,0.0,0.0,0.0,1.0,0.0
11,9,0.0,0.0,0.0,0.0,0.0,0.0,0.0,0.0,0.0,1.0,0.0
11,9,0.0,0.0,0.0,0.0,0.0,0.0,0.0,0.0,0.0,1.0,0.0
11,9,0.0,0.0,0.0,0.0,0.0,0.0,0.0,0.0,0.0,1.0,0.0
11,9,0.0,0.0,0.0,0.0,0.0,0.0,0.0,0.0,0.0,1.0,0.0
11,9,0.0,0.0,0.0,0.0,0.0,0.0,0.0,0.0,0.0,1.0,0.0
11,9,0.0,0.0,0.0,0.0,0.0,0.0,0.0,0.0,0.0,1.0,0.0
11,9,0.0,0.0,0.0,0.0,0.0,0.0,0.0,0.0,0.0,1.0,0.0
11,9,0.0,0.0,0.0,0.0,0.0,0.0,0.0,0.0,0.0,1.0,0.0
11,9,0.0,0.0,0.0,0.0,0.0,0.0,0.0,0.0,0.0,1.0,0.0
11,9,0.0,0.0,0.0,0.0,0.0,0.0,0.0,0.0,0.0,1.0,0.0
11,9,0.0,0.0,0.0,0.0,0.0,0.0,0.0,0.0,0.0,1.0,0.0
11,9,0.0,0.0,0.0,0.0,0.0,0.0,0.0,0.0,0.0,1.0,0.0
11,9,0.0,0.0,0.0,0.0,0.0,0.0,0.0,0.0,0.0,1.0,0.0
11,9,0.0,0.0,0.0,0.0,0.0,0.0,0.0,0.0,0.0,1.0,0.0
11,9,0.0,0.0,0.0,0.0,0.0,0.0,0.0,0.0,0.0,1.0,0.0
11,9,0.0,0.0,0.0,0.0,0.0,0.0,0.0,0.0,0.0,1.0,0.0
11,9,0.0,0.0,0.0,0.0,0.0,0.0,0.0,0.0,0.0,1.0,0.0
11,9,0.0,0.0,0.0,0.0,0.0,0.0,0.0,0.0,0.0,1.0,0.0
11,9,0.0,0.0,0.0,0.0,0.0,0.0,0.0,0.0,0.0,1.0,0.0
11,9,0.0,0.0,0.0,0.0,0.0,0.0,0.0,0.0,0.0,1.0,0.0
11,9,0.0,0.0,0.0,0.0,0.0,0.0,0.0,0.0,0.0,1.0,0.0
11,9,0.0,0.0,0.0,0.0,0.0,0.0,0.0,0.0,0.0,1.0,0.0
11,9,0.0,0.0,0.0,0.0,0.0,0.0,0.0,0.0,0.0,1.0,0.0
11,9,0.0,0.0,0.0,0.0,0.0,0.0,0.0,0.0,0.0,1.0,0.0
11,9,0.0,0.0,0.0,0.0,0.0,0.0,0.0,0.0,0.0,1.0,0.0
11,9,0.0,0.0,0.0,0.0,0.0,0.0,0.0,0.0,0.0,1.0,0.0
11,9,0.0,0.0,0.0,0.0,0.0,0.0,0.0,0.0,0.0,1.0,0.0
11,9,0.0,0.0,0.0,0.0,0.0,0.0,0.0,0.0,0.0,1.0,0.0
11,9,0.0,0.0,0.0,0.0,0.0,0.0,0.0,0.0,0.0,1.0,0.0
11,9,0.0,0.0,0.0,0.0,0.0,0.0,0.0,0.0,0.0,1.0,0.0
11,9,0.0,0.0,0.0,0.0,0.0,0.0,0.0,0.0,0.0,1.0,0.0
11,9,0.0,0.0,0.0,0.0,0.0,0.0,0.0,0.0,0.0,1.0,0.0
11,9,0.0,0.0,0.0,0.0,0.0,0.0,0.0,0.0,0.0,1.0,0.0
11,9,0.0,0.0,0.0,0.0,0.0,0.0,0.0,0.0,0.0,1.0,0.0
11,9,0.0,0.0,0.0,0.0,0.0,0.0,0.0,0.0,0.0,1.0,0.0
11,9,0.0,0.0,0.0,0.0,0.0,0.0,0.0,0.0,0.0,1.0,0.0
11,9,0.0,0.0,0.0,0.0,0.0,0.0,0.0,0.0,0.0,1.0,0.0
11,9,0.0,0.0,0.0,0.0,0.0,0.0,0.0,0.0,0.0,1.0,0.0
11,9,0.0,0.0,0.0,0.0,0.0,0.0,0.0,0.0,0.0,1.0,0.0
11,9,0.0,0.0,0.0,0.0,0.0,0.0,0.0,0.0,0.0,1.0,0.0
11,9,0.0,0.0,0.0,0.0,0.0,0.0,0.0,0.0,0.0,1.0,0.0
11,9,0.0,0.0,0.0,0.0,0.0,0.0,0.0,0.0,0.0,1.0,0.0
11,9,0.0,0.0,0.0,0.0,0.0,0.0,0.0,0.0,0.0,1.0,0.0
11,9,0.0,0.0,0.0,0.0,0.0,0.0,0.0,0.0,0.0,1.0,0.0
11,9,0.0,0.0,0.0,0.0,0.0,0.0,0.0,0.0,0.0,1.0,0.0
11,9,0.0,0.0,0.0,0.0,0.0,0.0,0.0,0.0,0.0,1.0,0.0
11,9,0.0,0.0,0.0,0.0,0.0,0.0,0.0,0.0,0.0,1.0,0.0
11,9,0.0,0.0,0.0,0.0,0.0,0.0,0.0,0.0,0.0,1.0,0.0
11,9,0.0,0.0,0.0,0.0,0.0,0.0,0.0,0.0,0.0,1.0,0.0
11,9,0.0,0.0,0.0,0.0,0.0,0.0,0.0,0.0,0.0,1.0,0.0
11,9,0.0,0.0,0.0,0.0,0.0,0.0,0.0,0.0,0.0,1.0,0.0
11,9,0.0,0.0,0.0,0.0,0.0,0.0,0.0,0.0,0.0,1.0,0.0
11,9,0.0,0.0,0.0,0.0,0.0,0.0,0.0,0.0,0.0,1.0,0.0
11,9,0.0,0.0,0.0,0.0,0.0,0.0,0.0,0.0,0.0,1.0,0.0
11,9,0.0,0.0,0.0,0.0,0.0,0.0,0.0,0.0,0.0,1.0,0.0
11,9,0.0,0.0,0.0,0.0,0.0,0.0,0.0,0.0,0.0,1.0,0.0
11,9,0.0,0.0,0.0,0.0,0.0,0.0,0.0,0.0,0.0,1.0,0.0
11,9,0.0,0.0,0.0,0.0,0.0,0.0,0.0,0.0,0.0,1.0,0.0
11,9,0.0,0.0,0.0,0.0,0.0,0.0,0.0,0.0,0.0,1.0,0.0
11,9,0.0,0.0,0.0,0.0,0.0,0.0,0.0,0.0,0.0,1.0,0.0
11,9,0.0,0.0,0.0,0.0,0.0,0.0,0.0,0.0,0.0,1.0,0.0
11,9,0.0,0.0,0.0,0.0,0.0,0.0,0.0,0.0,0.0,1.0,0.0
11,9,0.0,0.0,0.0,0.0,0.0,0.0,0.0,0.0,0.0,1.0,0.0
11,9,0.0,0.0,0.0,0.0,0.0,0.0,0.0,0.0,0.0,1.0,0.0
11,9,0.0,0.0,0.0,0.0,0.0,0.0,0.0,0.0,0.0,1.0,0.0
11,9,0.0,0.0,0.0,0.0,0.0,0.0,0.0,0.0,0.0,1.0,0.0
11,9,0.0,0.0,0.0,0.0,0.0,0.0,0.0,0.0,0.0,1.0,0.0
11,9,0.0,0.0,0.0,0.0,0.0,0.0,0.0,0.0,0.0,1.0,0.0
11,9,0.0,0.0,0.0,0.0,0.0,0.0,0.0,0.0,0.0,1.0,0.0
11,9,0.0,0.0,0.0,0.0,0.0,0.0,0.0,0.0,0.0,1.0,0.0
11,9,0.0,0.0,0.0,0.0,0.0,0.0,0.0,0.0,0.0,1.0,0.0
11,9,0.0,0.0,0.0,0.0,0.0,0.0,0.0,0.0,0.0,1.0,0.0
11,9,0.0,0.0,0.0,0.0,0.0,0.0,0.0,0.0,0.0,1.0,0.0
11,9,0.0,0.0,0.0,0.0,0.0,0.0,0.0,0.0,0.0,1.0,0.0
11,9,0.0,0.0,0.0,0.0,0.0,0.0,0.0,0.0,0.0,1.0,0.0
11,9,0.0,0.0,0.0,0.0,0.0,0.0,0.0,0.0,0.0,1.0,0.0
11,9,0.0,0.0,0.0,0.0,0.0,0.0,0.0,0.0,0.0,1.0,0.0
11,9,0.0,0.0,0.0,0.0,0.0,0.0,0.0,0.0,0.0,1.0,0.0
11,9,0.0,0.0,0.0,0.0,0.0,0.0,0.0,0.0,0.0,1.0,0.0
11,9,0.0,0.0,0.0,0.0,0.0,0.0,0.0,0.0,0.0,1.0,0.0
11,9,0.0,0.0,0.0,0.0,0.0,0.0,0.0,0.0,0.0,1.0,0.0
11,9,0.0,0.0,0.0,0.0,0.0,0.0,0.0,0.0,0.0,1.0,0.0
11,9,0.0,0.0,0.0,0.0,0.0,0.0,0.0,0.0,0.0,1.0,0.0
11,9,0.0,0.0,0.0,0.0,0.0,0.0,0.0,0.0,0.0,1.0,0.0
11,9,0.0,0.0,0.0,0.0,0.0,0.0,0.0,0.0,0.0,1.0,0.0
11,9,0.0,0.0,0.0,0.0,0.0,0.0,0.0,0.0,0.0,1.0,0.0
11,9,0.0,0.0,0.0,0.0,0.0,0.0,0.0,0.0,0.0,1.0,0.0
11,9,0.0,0.0,0.0,0.0,0.0,0.0,0.0,0.0,0.0,1.0,0.0
11,9,0.0,0.0,0.0,0.0,0.0,0.0,0.0,0.0,0.0,1.0,0.0
11,9,0.0,0.0,0.0,0.0,0.0,0.0,0.0,0.0,0.0,1.0,0.0
11,9,0.0,0.0,0.0,0.0,0.0,0.0,0.0,0.0,0.0,1.0,0.0
11,9,0.0,0.0,0.0,0.0,0.0,0.0,0.0,0.0,0.0,1.0,0.0
11,9,0.0,0.0,0.0,0.0,0.0,0.0,0.0,0.0,0.0,1.0,0.0
11,9,0.0,0.0,0.0,0.0,0.0,0.0,0.0,0.0,0.0,1.0,0.0
11,9,0.0,0.0,0.0,0.0,0.0,0.0,0.0,0.0,0.0,1.0,0.0
11,9,0.0,0.0,0.0,0.0,0.0,0.0,0.0,0.0,0.0,1.0,0.0
11,9,0.0,0.0,0.0,0.0,0.0,0.0,0.0,0.0,0.0,1.0,0.0
11,9,0.0,0.0,0.0,0.0,0.0,0.0,0.0,0.0,0.0,1.0,0.0
11,9,0.0,0.0,0.0,0.0,0.0,0.0,0.0,0.0,0.0,1.0,0.0
11,9,0.0,0.0,0.0,0.0,0.0,0.0,0.0,0.0,0.0,1.0,0.0
11,9,0.0,0.0,0.0,0.0,0.0,0.0,0.0,0.0,0.0,1.0,0.0
11,9,0.0,0.0,0.0,0.0,0.0,0.0,0.0,0.0,0.0,1.0,0.0
11,9,0.0,0.0,0.0,0.0,0.0,0.0,0.0,0.0,0.0,1.0,0.0
11,9,0.0,0.0,0.0,0.0,0.0,0.0,0.0,0.0,0.0,1.0,0.0
11,9,0.0,0.0,0.0,0.0,0.0,0.0,0.0,0.0,0.0,1.0,0.0
11,9,0.0,0.0,0.0,0.0,0.0,0.0,0.0,0.0,0.0,1.0,0.0
11,9,0.0,0.0,0.0,0.0,0.0,0.0,0.0,0.0,0.0,1.0,0.0
11,9,0.0,0.0,0.0,0.0,0.0,0.0,0.0,0.0,0.0,1.0,0.0
11,9,0.0,0.0,0.0,0.0,0.0,0.0,0.0,0.0,0.0,1.0,0.0
11,9,0.0,0.0,0.0,0.0,0.0,0.0,0.0,0.0,0.0,1.0,0.0
11,9,0.0,0.0,0.0,0.0,0.0,0.0,0.0,0.0,0.0,1.0,0.0
11,9,0.0,0.0,0.0,0.0,0.0,0.0,0.0,0.0,0.0,1.0,0.0
11,9,0.0,0.0,0.0,0.0,0.0,0.0,0.0,0.0,0.0,1.0,0.0
11,9,0.0,0.0,0.0,0.0,0.0,0.0,0.0,0.0,0.0,1.0,0.0
11,9,0.0,0.0,0.0,0.0,0.0,0.0,0.0,0.0,0.0,1.0,0.0
11,9,0.0,0.0,0.0,0.0,0.0,0.0,0.0,0.0,0.0,1.0,0.0
11,9,0.0,0.0,0.0,0.0,0.0,0.0,0.0,0.0,0.0,1.0,0.0
11,9,0.0,0.0,0.0,0.0,0.0,0.0,0.0,0.0,0.0,1.0,0.0
11,9,0.0,0.0,0.0,0.0,0.0,0.0,0.0,0.0,0.0,1.0,0.0
11,9,0.0,0.0,0.0,0.0,0.0,0.0,0.0,0.0,0.0,1.0,0.0
11,9,0.0,0.0,0.0,0.0,0.0,0.0,0.0,0.0,0.0,1.0,0.0
11,9,0.0,0.0,0.0,0.0,0.0,0.0,0.0,0.0,0.0,1.0,0.0
11,9,0.0,0.0,0.0,0.0,0.0,0.0,0.0,0.0,0.0,1.0,0.0
11,9,0.0,0.0,0.0,0.0,0.0,0.0,0.0,0.0,0.0,1.0,0.0
11,9,0.0,0.0,0.0,0.0,0.0,0.0,0.0,0.0,0.0,1.0,0.0
11,9,0.0,0.0,0.0,0.0,0.0,0.0,0.0,0.0,0.0,1.0,0.0
11,9,0.0,0.0,0.0,0.0,0.0,0.0,0.0,0.0,0.0,1.0,0.0
11,9,0.0,0.0,0.0,0.0,0.0,0.0,0.0,0.0,0.0,1.0,0.0
11,9,0.0,0.0,0.0,0.0,0.0,0.0,0.0,0.0,0.0,1.0,0.0
11,9,0.0,0.0,0.0,0.0,0.0,0.0,0.0,0.0,0.0,1.0,0.0
11,9,0.0,0.0,0.0,0.0,0.0,0.0,0.0,0.0,0.0,1.0,0.0
11,9,0.0,0.0,0.0,0.0,0.0,0.0,0.0,0.0,0.0,1.0,0.0
11,9,0.0,0.0,0.0,0.0,0.0,0.0,0.0,0.0,0.0,1.0,0.0
11,9,0.0,0.0,0.0,0.0,0.0,0.0,0.0,0.0,0.0,1.0,0.0
11,9,0.0,0.0,0.0,0.0,0.0,0.0,0.0,0.0,0.0,1.0,0.0
11,9,0.0,0.0,0.0,0.0,0.0,0.0,0.0,0.0,0.0,1.0,0.0
11,9,0.0,0.0,0.0,0.0,0.0,0.0,0.0,0.0,0.0,1.0,0.0
11,9,0.0,0.0,0.0,0.0,0.0,0.0,0.0,0.0,0.0,1.0,0.0
11,9,0.0,0.0,0.0,0.0,0.0,0.0,0.0,0.0,0.0,1.0,0.0
11,9,0.0,0.0,0.0,0.0,0.0,0.0,0.0,0.0,0.0,1.0,0.0
11,9,0.0,0.0,0.0,0.0,0.0,0.0,0.0,0.0,0.0,1.0,0.0
11,9,0.0,0.0,0.0,0.0,0.0,0.0,0.0,0.0,0.0,1.0,0.0
11,9,0.0,0.0,0.0,0.0,0.0,0.0,0.0,0.0,0.0,1.0,0.0
11,9,0.0,0.0,0.0,0.0,0.0,0.0,0.0,0.0,0.0,1.0,0.0
11,9,0.0,0.0,0.0,0.0,0.0,0.0,0.0,0.0,0.0,1.0,0.0
11,9,0.0,0.0,0.0,0.0,0.0,0.0,0.0,0.0,0.0,1.0,0.0
11,9,0.0,0.0,0.0,0.0,0.0,0.0,0.0,0.0,0.0,1.0,0.0
11,9,0.0,0.0,0.0,0.0,0.0,0.0,0.0,0.0,0.0,1.0,0.0
11,9,0.0,0.0,0.0,0.0,0.0,0.0,0.0,0.0,0.0,1.0,0.0
11,9,0.0,0.0,0.0,0.0,0.0,0.0,0.0,0.0,0.0,1.0,0.0
11,9,0.0,0.0,0.0,0.0,0.0,0.0,0.0,0.0,0.0,1.0,0.0
11,9,0.0,0.0,0.0,0.0,0.0,0.0,0.0,0.0,0.0,1.0,0.0
11,9,0.0,0.0,0.0,0.0,0.0,0.0,0.0,0.0,0.0,1.0,0.0
11,9,0.0,0.0,0.0,0.0,0.0,0.0,0.0,0.0,0.0,1.0,0.0
11,9,0.0,0.0,0.0,0.0,0.0,0.0,0.0,0.0,0.0,1.0,0.0
11,9,0.0,0.0,0.0,0.0,0.0,0.0,0.0,0.0,0.0,1.0,0.0
11,9,0.0,0.0,0.0,0.0,0.0,0.0,0.0,0.0,0.0,1.0,0.0
11,9,0.0,0.0,0.0,0.0,0.0,0.0,0.0,0.0,0.0,1.0,0.0
11,9,0.0,0.0,0.0,0.0,0.0,0.0,0.0,0.0,0.0,1.0,0.0
11,9,0.0,0.0,0.0,0.0,0.0,0.0,0.0,0.0,0.0,1.0,0.0
11,9,0.0,0.0,0.0,0.0,0.0,0.0,0.0,0.0,0.0,1.0,0.0
11,9,0.0,0.0,0.0,0.0,0.0,0.0,0.0,0.0,0.0,1.0,0.0
11,9,0.0,0.0,0.0,0.0,0.0,0.0,0.0,0.0,0.0,1.0,0.0
11,9,0.0,0.0,0.0,0.0,0.0,0.0,0.0,0.0,0.0,1.0,0.0
11,9,0.0,0.0,0.0,0.0,0.0,0.0,0.0,0.0,0.0,1.0,0.0
11,9,0.0,0.0,0.0,0.0,0.0,0.0,0.0,0.0,0.0,1.0,0.0
11,9,0.0,0.0,0.0,0.0,0.0,0.0,0.0,0.0,0.0,1.0,0.0
11,9,0.0,0.0,0.0,0.0,0.0,0.0,0.0,0.0,0.0,1.0,0.0
11,9,0.0,0.0,0.0,0.0,0.0,0.0,0.0,0.0,0.0,1.0,0.0
11,9,0.0,0.0,0.0,0.0,0.0,0.0,0.0,0.0,0.0,1.0,0.0
11,9,0.0,0.0,0.0,0.0,0.0,0.0,0.0,0.0,0.0,1.0,0.0
11,9,0.0,0.0,0.0,0.0,0.0,0.0,0.0,0.0,0.0,1.0,0.0
11,9,0.0,0.0,0.0,0.0,0.0,0.0,0.0,0.0,0.0,1.0,0.0
11,9,0.0,0.0,0.0,0.0,0.0,0.0,0.0,0.0,0.0,1.0,0.0
11,9,0.0,0.0,0.0,0.0,0.0,0.0,0.0,0.0,0.0,1.0,0.0
11,9,0.0,0.0,0.0,0.0,0.0,0.0,0.0,0.0,0.0,1.0,0.0
11,9,0.0,0.0,0.0,0.0,0.0,0.0,0.0,0.0,0.0,1.0,0.0
11,9,0.0,0.0,0.0,0.0,0.0,0.0,0.0,0.0,0.0,1.0,0.0
11,9,0.0,0.0,0.0,0.0,0.0,0.0,0.0,0.0,0.0,1.0,0.0
11,9,0.0,0.0,0.0,0.0,0.0,0.0,0.0,0.0,0.0,1.0,0.0
11,9,0.0,0.0,0.0,0.0,0.0,0.0,0.0,0.0,0.0,1.0,0.0
11,9,0.0,0.0,0.0,0.0,0.0,0.0,0.0,0.0,0.0,1.0,0.0
11,9,0.0,0.0,0.0,0.0,0.0,0.0,0.0,0.0,0.0,1.0,0.0
11,9,0.0,0.0,0.0,0.0,0.0,0.0,0.0,0.0,0.0,1.0,0.0
11,9,0.0,0.0,0.0,0.0,0.0,0.0,0.0,0.0,0.0,1.0,0.0
11,9,0.0,0.0,0.0,0.0,0.0,0.0,0.0,0.0,0.0,1.0,0.0
11,9,0.0,0.0,0.0,0.0,0.0,0.0,0.0,0.0,0.0,1.0,0.0
11,9,0.0,0.0,0.0,0.0,0.0,0.0,0.0,0.0,0.0,1.0,0.0
11,9,0.0,0.0,0.0,0.0,0.0,0.0,0.0,0.0,0.0,1.0,0.0
11,9,0.0,0.0,0.0,0.0,0.0,0.0,0.0,0.0,0.0,1.0,0.0
11,9,0.0,0.0,0.0,0.0,0.0,0.0,0.0,0.0,0.0,1.0,0.0
11,9,0.0,0.0,0.0,0.0,0.0,0.0,0.0,0.0,0.0,1.0,0.0
11,9,0.0,0.0,0.0,0.0,0.0,0.0,0.0,0.0,0.0,1.0,0.0
11,9,0.0,0.0,0.0,0.0,0.0,0.0,0.0,0.0,0.0,1.0,0.0
11,9,0.0,0.0,0.0,0.0,0.0,0.0,0.0,0.0,0.0,1.0,0.0
11,9,0.0,0.0,0.0,0.0,0.0,0.0,0.0,0.0,0.0,1.0,0.0
11,9,0.0,0.0,0.0,0.0,0.0,0.0,0.0,0.0,0.0,1.0,0.0
11,9,0.0,0.0,0.0,0.0,0.0,0.0,0.0,0.0,0.0,1.0,0.0
11,9,0.0,0.0,0.0,0.0,0.0,0.0,0.0,0.0,0.0,1.0,0.0
11,9,0.0,0.0,0.0,0.0,0.0,0.0,0.0,0.0,0.0,1.0,0.0
11,9,0.0,0.0,0.0,0.0,0.0,0.0,0.0,0.0,0.0,1.0,0.0
11,9,0.0,0.0,0.0,0.0,0.0,0.0,0.0,0.0,0.0,1.0,0.0
11,9,0.0,0.0,0.0,0.0,0.0,0.0,0.0,0.0,0.0,1.0,0.0
11,9,0.0,0.0,0.0,0.0,0.0,0.0,0.0,0.0,0.0,1.0,0.0
11,9,0.0,0.0,0.0,0.0,0.0,0.0,0.0,0.0,0.0,1.0,0.0
11,9,0.0,0.0,0.0,0.0,0.0,0.0,0.0,0.0,0.0,1.0,0.0
11,9,0.0,0.0,0.0,0.0,0.0,0.0,0.0,0.0,0.0,1.0,0.0
11,9,0.0,0.0,0.0,0.0,0.0,0.0,0.0,0.0,0.0,1.0,0.0
11,9,0.0,0.0,0.0,0.0,0.0,0.0,0.0,0.0,0.0,1.0,0.0
11,9,0.0,0.0,0.0,0.0,0.0,0.0,0.0,0.0,0.0,1.0,0.0
11,9,0.0,0.0,0.0,0.0,0.0,0.0,0.0,0.0,0.0,1.0,0.0
11,9,0.0,0.0,0.0,0.0,0.0,0.0,0.0,0.0,0.0,1.0,0.0
11,9,0.0,0.0,0.0,0.0,0.0,0.0,0.0,0.0,0.0,1.0,0.0
11,9,0.0,0.0,0.0,0.0,0.0,0.0,0.0,0.0,0.0,1.0,0.0
11,9,0.0,0.0,0.0,0.0,0.0,0.0,0.0,0.0,0.0,1.0,0.0
11,9,0.0,0.0,0.0,0.0,0.0,0.0,0.0,0.0,0.0,1.0,0.0
11,9,0.0,0.0,0.0,0.0,0.0,0.0,0.0,0.0,0.0,1.0,0.0
11,9,0.0,0.0,0.0,0.0,0.0,0.0,0.0,0.0,0.0,1.0,0.0
11,9,0.0,0.0,0.0,0.0,0.0,0.0,0.0,0.0,0.0,1.0,0.0
11,9,0.0,0.0,0.0,0.0,0.0,0.0,0.0,0.0,0.0,1.0,0.0
11,9,0.0,0.0,0.0,0.0,0.0,0.0,0.0,0.0,0.0,1.0,0.0
11,9,0.0,0.0,0.0,0.0,0.0,0.0,0.0,0.0,0.0,1.0,0.0
11,9,0.0,0.0,0.0,0.0,0.0,0.0,0.0,0.0,0.0,1.0,0.0
11,9,0.0,0.0,0.0,0.0,0.0,0.0,0.0,0.0,0.0,1.0,0.0
11,9,0.0,0.0,0.0,0.0,0.0,0.0,0.0,0.0,0.0,1.0,0.0
11,9,0.0,0.0,0.0,0.0,0.0,0.0,0.0,0.0,0.0,1.0,0.0
11,9,0.0,0.0,0.0,0.0,0.0,0.0,0.0,0.0,0.0,1.0,0.0
11,9,0.0,0.0,0.0,0.0,0.0,0.0,0.0,0.0,0.0,1.0,0.0
11,9,0.0,0.0,0.0,0.0,0.0,0.0,0.0,0.0,0.0,1.0,0.0
11,9,0.0,0.0,0.0,0.0,0.0,0.0,0.0,0.0,0.0,1.0,0.0
11,9,0.0,0.0,0.0,0.0,0.0,0.0,0.0,0.0,0.0,1.0,0.0
11,9,0.0,0.0,0.0,0.0,0.0,0.0,0.0,0.0,0.0,1.0,0.0
11,9,0.0,0.0,0.0,0.0,0.0,0.0,0.0,0.0,0.0,1.0,0.0
11,9,0.0,0.0,0.0,0.0,0.0,0.0,0.0,0.0,0.0,1.0,0.0
11,9,0.0,0.0,0.0,0.0,0.0,0.0,0.0,0.0,0.0,1.0,0.0
11,9,0.0,0.0,0.0,0.0,0.0,0.0,0.0,0.0,0.0,1.0,0.0
11,9,0.0,0.0,0.0,0.0,0.0,0.0,0.0,0.0,0.0,1.0,0.0
11,9,0.0,0.0,0.0,0.0,0.0,0.0,0.0,0.0,0.0,1.0,0.0
11,9,0.0,0.0,0.0,0.0,0.0,0.0,0.0,0.0,0.0,1.0,0.0
11,9,0.0,0.0,0.0,0.0,0.0,0.0,0.0,0.0,0.0,1.0,0.0
11,9,0.0,0.0,0.0,0.0,0.0,0.0,0.0,0.0,0.0,1.0,0.0
11,9,0.0,0.0,0.0,0.0,0.0,0.0,0.0,0.0,0.0,1.0,0.0
11,9,0.0,0.0,0.0,0.0,0.0,0.0,0.0,0.0,0.0,1.0,0.0
11,9,0.0,0.0,0.0,0.0,0.0,0.0,0.0,0.0,0.0,1.0,0.0
11,9,0.0,0.0,0.0,0.0,0.0,0.0,0.0,0.0,0.0,1.0,0.0
11,9,0.0,0.0,0.0,0.0,0.0,0.0,0.0,0.0,0.0,1.0,0.0
11,9,0.0,0.0,0.0,0.0,0.0,0.0,0.0,0.0,0.0,1.0,0.0
11,9,0.0,0.0,0.0,0.0,0.0,0.0,0.0,0.0,0.0,1.0,0.0
11,9,0.0,0.0,0.0,0.0,0.0,0.0,0.0,0.0,0.0,1.0,0.0
11,9,0.0,0.0,0.0,0.0,0.0,0.0,0.0,0.0,0.0,1.0,0.0
11,9,0.0,0.0,0.0,0.0,0.0,0.0,0.0,0.0,0.0,1.0,0.0
11,9,0.0,0.0,0.0,0.0,0.0,0.0,0.0,0.0,0.0,1.0,0.0
11,9,0.0,0.0,0.0,0.0,0.0,0.0,0.0,0.0,0.0,1.0,0.0
11,9,0.0,0.0,0.0,0.0,0.0,0.0,0.0,0.0,0.0,1.0,0.0
11,9,0.0,0.0,0.0,0.0,0.0,0.0,0.0,0.0,0.0,1.0,0.0
11,9,0.0,0.0,0.0,0.0,0.0,0.0,0.0,0.0,0.0,1.0,0.0
11,9,0.0,0.0,0.0,0.0,0.0,0.0,0.0,0.0,0.0,1.0,0.0
11,9,0.0,0.0,0.0,0.0,0.0,0.0,0.0,0.0,0.0,1.0,0.0
11,9,0.0,0.0,0.0,0.0,0.0,0.0,0.0,0.0,0.0,1.0,0.0
11,9,0.0,0.0,0.0,0.0,0.0,0.0,0.0,0.0,0.0,1.0,0.0
11,9,0.0,0.0,0.0,0.0,0.0,0.0,0.0,0.0,0.0,1.0,0.0
11,9,0.0,0.0,0.0,0.0,0.0,0.0,0.0,0.0,0.0,1.0,0.0
11,9,0.0,0.0,0.0,0.0,0.0,0.0,0.0,0.0,0.0,1.0,0.0
11,9,0.0,0.0,0.0,0.0,0.0,0.0,0.0,0.0,0.0,1.0,0.0
11,9,0.0,0.0,0.0,0.0,0.0,0.0,0.0,0.0,0.0,1.0,0.0
11,9,0.0,0.0,0.0,0.0,0.0,0.0,0.0,0.0,0.0,1.0,0.0
11,9,0.0,0.0,0.0,0.0,0.0,0.0,0.0,0.0,0.0,1.0,0.0
11,9,0.0,0.0,0.0,0.0,0.0,0.0,0.0,0.0,0.0,1.0,0.0
11,9,0.0,0.0,0.0,0.0,0.0,0.0,0.0,0.0,0.0,1.0,0.0
11,9,0.0,0.0,0.0,0.0,0.0,0.0,0.0,0.0,0.0,1.0,0.0
11,9,0.0,0.0,0.0,0.0,0.0,0.0,0.0,0.0,0.0,1.0,0.0
11,9,0.0,0.0,0.0,0.0,0.0,0.0,0.0,0.0,0.0,1.0,0.0
11,9,0.0,0.0,0.0,0.0,0.0,0.0,0.0,0.0,0.0,1.0,0.0
11,9,0.0,0.0,0.0,0.0,0.0,0.0,0.0,0.0,0.0,1.0,0.0
11,9,0.0,0.0,0.0,0.0,0.0,0.0,0.0,0.0,0.0,1.0,0.0
11,9,0.0,0.0,0.0,0.0,0.0,0.0,0.0,0.0,0.0,1.0,0.0
11,9,0.0,0.0,0.0,0.0,0.0,0.0,0.0,0.0,0.0,1.0,0.0
11,9,0.0,0.0,0.0,0.0,0.0,0.0,0.0,0.0,0.0,1.0,0.0
11,9,0.0,0.0,0.0,0.0,0.0,0.0,0.0,0.0,0.0,1.0,0.0
11,9,0.0,0.0,0.0,0.0,0.0,0.0,0.0,0.0,0.0,1.0,0.0
11,9,0.0,0.0,0.0,0.0,0.0,0.0,0.0,0.0,0.0,1.0,0.0
11,9,0.0,0.0,0.0,0.0,0.0,0.0,0.0,0.0,0.0,1.0,0.0
11,9,0.0,0.0,0.0,0.0,0.0,0.0,0.0,0.0,0.0,1.0,0.0
11,9,0.0,0.0,0.0,0.0,0.0,0.0,0.0,0.0,0.0,1.0,0.0
11,9,0.0,0.0,0.0,0.0,0.0,0.0,0.0,0.0,0.0,1.0,0.0
11,9,0.0,0.0,0.0,0.0,0.0,0.0,0.0,0.0,0.0,1.0,0.0
11,9,0.0,0.0,0.0,0.0,0.0,0.0,0.0,0.0,0.0,1.0,0.0
11,9,0.0,0.0,0.0,0.0,0.0,0.0,0.0,0.0,0.0,1.0,0.0
11,9,0.0,0.0,0.0,0.0,0.0,0.0,0.0,0.0,0.0,1.0,0.0
11,9,0.0,0.0,0.0,0.0,0.0,0.0,0.0,0.0,0.0,1.0,0.0
11,9,0.0,0.0,0.0,0.0,0.0,0.0,0.0,0.0,0.0,1.0,0.0
11,9,0.0,0.0,0.0,0.0,0.0,0.0,0.0,0.0,0.0,1.0,0.0
11,9,0.0,0.0,0.0,0.0,0.0,0.0,0.0,0.0,0.0,1.0,0.0
11,9,0.0,0.0,0.0,0.0,0.0,0.0,0.0,0.0,0.0,1.0,0.0
11,9,0.0,0.0,0.0,0.0,0.0,0.0,0.0,0.0,0.0,1.0,0.0
11,9,0.0,0.0,0.0,0.0,0.0,0.0,0.0,0.0,0.0,1.0,0.0
11,9,0.0,0.0,0.0,0.0,0.0,0.0,0.0,0.0,0.0,1.0,0.0
11,9,0.0,0.0,0.0,0.0,0.0,0.0,0.0,0.0,0.0,1.0,0.0
11,9,0.0,0.0,0.0,0.0,0.0,0.0,0.0,0.0,0.0,1.0,0.0
11,9,0.0,0.0,0.0,0.0,0.0,0.0,0.0,0.0,0.0,1.0,0.0
11,9,0.0,0.0,0.0,0.0,0.0,0.0,0.0,0.0,0.0,1.0,0.0
11,9,0.0,0.0,0.0,0.0,0.0,0.0,0.0,0.0,0.0,1.0,0.0
11,9,0.0,0.0,0.0,0.0,0.0,0.0,0.0,0.0,0.0,1.0,0.0
11,9,0.0,0.0,0.0,0.0,0.0,0.0,0.0,0.0,0.0,1.0,0.0
11,9,0.0,0.0,0.0,0.0,0.0,0.0,0.0,0.0,0.0,1.0,0.0
11,9,0.0,0.0,0.0,0.0,0.0,0.0,0.0,0.0,0.0,1.0,0.0
11,9,0.0,0.0,0.0,0.0,0.0,0.0,0.0,0.0,0.0,1.0,0.0
11,9,0.0,0.0,0.0,0.0,0.0,0.0,0.0,0.0,0.0,1.0,0.0
11,9,0.0,0.0,0.0,0.0,0.0,0.0,0.0,0.0,0.0,1.0,0.0
11,9,0.0,0.0,0.0,0.0,0.0,0.0,0.0,0.0,0.0,1.0,0.0
11,9,0.0,0.0,0.0,0.0,0.0,0.0,0.0,0.0,0.0,1.0,0.0
11,9,0.0,0.0,0.0,0.0,0.0,0.0,0.0,0.0,0.0,1.0,0.0
11,9,0.0,0.0,0.0,0.0,0.0,0.0,0.0,0.0,0.0,1.0,0.0
11,9,0.0,0.0,0.0,0.0,0.0,0.0,0.0,0.0,0.0,1.0,0.0
11,9,0.0,0.0,0.0,0.0,0.0,0.0,0.0,0.0,0.0,1.0,0.0
11,9,0.0,0.0,0.0,0.0,0.0,0.0,0.0,0.0,0.0,1.0,0.0
11,9,0.0,0.0,0.0,0.0,0.0,0.0,0.0,0.0,0.0,1.0,0.0
11,9,0.0,0.0,0.0,0.0,0.0,0.0,0.0,0.0,0.0,1.0,0.0
11,9,0.0,0.0,0.0,0.0,0.0,0.0,0.0,0.0,0.0,1.0,0.0
11,9,0.0,0.0,0.0,0.0,0.0,0.0,0.0,0.0,0.0,1.0,0.0
11,9,0.0,0.0,0.0,0.0,0.0,0.0,0.0,0.0,0.0,1.0,0.0
11,9,0.0,0.0,0.0,0.0,0.0,0.0,0.0,0.0,0.0,1.0,0.0
11,9,0.0,0.0,0.0,0.0,0.0,0.0,0.0,0.0,0.0,1.0,0.0
11,9,0.0,0.0,0.0,0.0,0.0,0.0,0.0,0.0,0.0,1.0,0.0
11,9,0.0,0.0,0.0,0.0,0.0,0.0,0.0,0.0,0.0,1.0,0.0
11,9,0.0,0.0,0.0,0.0,0.0,0.0,0.0,0.0,0.0,1.0,0.0
11,9,0.0,0.0,0.0,0.0,0.0,0.0,0.0,0.0,0.0,1.0,0.0
11,9,0.0,0.0,0.0,0.0,0.0,0.0,0.0,0.0,0.0,1.0,0.0
11,9,0.0,0.0,0.0,0.0,0.0,0.0,0.0,0.0,0.0,1.0,0.0
11,9,0.0,0.0,0.0,0.0,0.0,0.0,0.0,0.0,0.0,1.0,0.0
11,9,0.0,0.0,0.0,0.0,0.0,0.0,0.0,0.0,0.0,1.0,0.0
11,9,0.0,0.0,0.0,0.0,0.0,0.0,0.0,0.0,0.0,1.0,0.0
11,9,0.0,0.0,0.0,0.0,0.0,0.0,0.0,0.0,0.0,1.0,0.0
11,9,0.0,0.0,0.0,0.0,0.0,0.0,0.0,0.0,0.0,1.0,0.0
11,9,0.0,0.0,0.0,0.0,0.0,0.0,0.0,0.0,0.0,1.0,0.0
11,9,0.0,0.0,0.0,0.0,0.0,0.0,0.0,0.0,0.0,1.0,0.0
11,9,0.0,0.0,0.0,0.0,0.0,0.0,0.0,0.0,0.0,1.0,0.0
11,9,0.0,0.0,0.0,0.0,0.0,0.0,0.0,0.0,0.0,1.0,0.0
11,9,0.0,0.0,0.0,0.0,0.0,0.0,0.0,0.0,0.0,1.0,0.0
11,9,0.0,0.0,0.0,0.0,0.0,0.0,0.0,0.0,0.0,1.0,0.0
11,9,0.0,0.0,0.0,0.0,0.0,0.0,0.0,0.0,0.0,1.0,0.0
11,9,0.0,0.0,0.0,0.0,0.0,0.0,0.0,0.0,0.0,1.0,0.0
11,9,0.0,0.0,0.0,0.0,0.0,0.0,0.0,0.0,0.0,1.0,0.0
11,9,0.0,0.0,0.0,0.0,0.0,0.0,0.0,0.0,0.0,1.0,0.0
11,9,0.0,0.0,0.0,0.0,0.0,0.0,0.0,0.0,0.0,1.0,0.0
11,9,0.0,0.0,0.0,0.0,0.0,0.0,0.0,0.0,0.0,1.0,0.0
11,9,0.0,0.0,0.0,0.0,0.0,0.0,0.0,0.0,0.0,1.0,0.0
11,9,0.0,0.0,0.0,0.0,0.0,0.0,0.0,0.0,0.0,1.0,0.0
11,9,0.0,0.0,0.0,0.0,0.0,0.0,0.0,0.0,0.0,1.0,0.0
11,9,0.0,0.0,0.0,0.0,0.0,0.0,0.0,0.0,0.0,1.0,0.0
11,9,0.0,0.0,0.0,0.0,0.0,0.0,0.0,0.0,0.0,1.0,0.0
11,9,0.0,0.0,0.0,0.0,0.0,0.0,0.0,0.0,0.0,1.0,0.0
11,9,0.0,0.0,0.0,0.0,0.0,0.0,0.0,0.0,0.0,1.0,0.0
11,9,0.0,0.0,0.0,0.0,0.0,0.0,0.0,0.0,0.0,1.0,0.0
11,9,0.0,0.0,0.0,0.0,0.0,0.0,0.0,0.0,0.0,1.0,0.0
11,9,0.0,0.0,0.0,0.0,0.0,0.0,0.0,0.0,0.0,1.0,0.0
11,9,0.0,0.0,0.0,0.0,0.0,0.0,0.0,0.0,0.0,1.0,0.0
11,9,0.0,0.0,0.0,0.0,0.0,0.0,0.0,0.0,0.0,1.0,0.0
11,9,0.0,0.0,0.0,0.0,0.0,0.0,0.0,0.0,0.0,1.0,0.0
11,9,0.0,0.0,0.0,0.0,0.0,0.0,0.0,0.0,0.0,1.0,0.0
11,9,0.0,0.0,0.0,0.0,0.0,0.0,0.0,0.0,0.0,1.0,0.0
11,9,0.0,0.0,0.0,0.0,0.0,0.0,0.0,0.0,0.0,1.0,0.0
11,9,0.0,0.0,0.0,0.0,0.0,0.0,0.0,0.0,0.0,1.0,0.0
11,9,0.0,0.0,0.0,0.0,0.0,0.0,0.0,0.0,0.0,1.0,0.0
11,9,0.0,0.0,0.0,0.0,0.0,0.0,0.0,0.0,0.0,1.0,0.0
11,9,0.0,0.0,0.0,0.0,0.0,0.0,0.0,0.0,0.0,1.0,0.0
11,9,0.0,0.0,0.0,0.0,0.0,0.0,0.0,0.0,0.0,1.0,0.0
11,9,0.0,0.0,0.0,0.0,0.0,0.0,0.0,0.0,0.0,1.0,0.0
11,9,0.0,0.0,0.0,0.0,0.0,0.0,0.0,0.0,0.0,1.0,0.0
11,9,0.0,0.0,0.0,0.0,0.0,0.0,0.0,0.0,0.0,1.0,0.0
11,9,0.0,0.0,0.0,0.0,0.0,0.0,0.0,0.0,0.0,1.0,0.0
11,9,0.0,0.0,0.0,0.0,0.0,0.0,0.0,0.0,0.0,1.0,0.0
11,9,0.0,0.0,0.0,0.0,0.0,0.0,0.0,0.0,0.0,1.0,0.0
11,9,0.0,0.0,0.0,0.0,0.0,0.0,0.0,0.0,0.0,1.0,0.0
11,9,0.0,0.0,0.0,0.0,0.0,0.0,0.0,0.0,0.0,1.0,0.0
11,9,0.0,0.0,0.0,0.0,0.0,0.0,0.0,0.0,0.0,1.0,0.0
11,9,0.0,0.0,0.0,0.0,0.0,0.0,0.0,0.0,0.0,1.0,0.0
11,9,0.0,0.0,0.0,0.0,0.0,0.0,0.0,0.0,0.0,1.0,0.0
11,9,0.0,0.0,0.0,0.0,0.0,0.0,0.0,0.0,0.0,1.0,0.0
11,9,0.0,0.0,0.0,0.0,0.0,0.0,0.0,0.0,0.0,1.0,0.0
11,9,0.0,0.0,0.0,0.0,0.0,0.0,0.0,0.0,0.0,1.0,0.0
11,9,0.0,0.0,0.0,0.0,0.0,0.0,0.0,0.0,0.0,1.0,0.0
11,9,0.0,0.0,0.0,0.0,0.0,0.0,0.0,0.0,0.0,1.0,0.0
11,9,0.0,0.0,0.0,0.0,0.0,0.0,0.0,0.0,0.0,1.0,0.0
11,9,0.0,0.0,0.0,0.0,0.0,0.0,0.0,0.0,0.0,1.0,0.0
11,9,0.0,0.0,0.0,0.0,0.0,0.0,0.0,0.0,0.0,1.0,0.0
11,9,0.0,0.0,0.0,0.0,0.0,0.0,0.0,0.0,0.0,1.0,0.0
11,9,0.0,0.0,0.0,0.0,0.0,0.0,0.0,0.0,0.0,1.0,0.0
11,9,0.0,0.0,0.0,0.0,0.0,0.0,0.0,0.0,0.0,1.0,0.0
11,9,0.0,0.0,0.0,0.0,0.0,0.0,0.0,0.0,0.0,1.0,0.0
11,9,0.0,0.0,0.0,0.0,0.0,0.0,0.0,0.0,0.0,1.0,0.0
11,9,0.0,0.0,0.0,0.0,0.0,0.0,0.0,0.0,0.0,1.0,0.0
11,9,0.0,0.0,0.0,0.0,0.0,0.0,0.0,0.0,0.0,1.0,0.0
11,9,0.0,0.0,0.0,0.0,0.0,0.0,0.0,0.0,0.0,1.0,0.0
11,9,0.0,0.0,0.0,0.0,0.0,0.0,0.0,0.0,0.0,1.0,0.0
11,9,0.0,0.0,0.0,0.0,0.0,0.0,0.0,0.0,0.0,1.0,0.0
11,9,0.0,0.0,0.0,0.0,0.0,0.0,0.0,0.0,0.0,1.0,0.0
11,9,0.0,0.0,0.0,0.0,0.0,0.0,0.0,0.0,0.0,1.0,0.0
11,9,0.0,0.0,0.0,0.0,0.0,0.0,0.0,0.0,0.0,1.0,0.0
11,9,0.0,0.0,0.0,0.0,0.0,0.0,0.0,0.0,0.0,1.0,0.0
11,9,0.0,0.0,0.0,0.0,0.0,0.0,0.0,0.0,0.0,1.0,0.0
11,9,0.0,0.0,0.0,0.0,0.0,0.0,0.0,0.0,0.0,1.0,0.0
11,9,0.0,0.0,0.0,0.0,0.0,0.0,0.0,0.0,0.0,1.0,0.0
11,9,0.0,0.0,0.0,0.0,0.0,0.0,0.0,0.0,0.0,1.0,0.0
11,9,0.0,0.0,0.0,0.0,0.0,0.0,0.0,0.0,0.0,1.0,0.0
11,9,0.0,0.0,0.0,0.0,0.0,0.0,0.0,0.0,0.0,1.0,0.0
11,9,0.0,0.0,0.0,0.0,0.0,0.0,0.0,0.0,0.0,1.0,0.0
11,9,0.0,0.0,0.0,0.0,0.0,0.0,0.0,0.0,0.0,1.0,0.0
11,9,0.0,0.0,0.0,0.0,0.0,0.0,0.0,0.0,0.0,1.0,0.0
11,9,0.0,0.0,0.0,0.0,0.0,0.0,0.0,0.0,0.0,1.0,0.0
11,9,0.0,0.0,0.0,0.0,0.0,0.0,0.0,0.0,0.0,1.0,0.0
11,9,0.0,0.0,0.0,0.0,0.0,0.0,0.0,0.0,0.0,1.0,0.0
11,9,0.0,0.0,0.0,0.0,0.0,0.0,0.0,0.0,0.0,1.0,0.0
11,9,0.0,0.0,0.0,0.0,0.0,0.0,0.0,0.0,0.0,1.0,0.0
11,9,0.0,0.0,0.0,0.0,0.0,0.0,0.0,0.0,0.0,1.0,0.0
11,9,0.0,0.0,0.0,0.0,0.0,0.0,0.0,0.0,0.0,1.0,0.0
11,9,0.0,0.0,0.0,0.0,0.0,0.0,0.0,0.0,0.0,1.0,0.0
11,9,0.0,0.0,0.0,0.0,0.0,0.0,0.0,0.0,0.0,1.0,0.0
11,9,0.0,0.0,0.0,0.0,0.0,0.0,0.0,0.0,0.0,1.0,0.0
11,9,0.0,0.0,0.0,0.0,0.0,0.0,0.0,0.0,0.0,1.0,0.0
11,9,0.0,0.0,0.0,0.0,0.0,0.0,0.0,0.0,0.0,1.0,0.0
11,9,0.0,0.0,0.0,0.0,0.0,0.0,0.0,0.0,0.0,1.0,0.0
11,9,0.0,0.0,0.0,0.0,0.0,0.0,0.0,0.0,0.0,1.0,0.0
11,9,0.0,0.0,0.0,0.0,0.0,0.0,0.0,0.0,0.0,1.0,0.0
11,9,0.0,0.0,0.0,0.0,0.0,0.0,0.0,0.0,0.0,1.0,0.0
11,9,0.0,0.0,0.0,0.0,0.0,0.0,0.0,0.0,0.0,1.0,0.0
11,9,0.0,0.0,0.0,0.0,0.0,0.0,0.0,0.0,0.0,1.0,0.0
11,9,0.0,0.0,0.0,0.0,0.0,0.0,0.0,0.0,0.0,1.0,0.0
11,9,0.0,0.0,0.0,0.0,0.0,0.0,0.0,0.0,0.0,1.0,0.0
11,9,0.0,0.0,0.0,0.0,0.0,0.0,0.0,0.0,0.0,1.0,0.0
11,9,0.0,0.0,0.0,0.0,0.0,0.0,0.0,0.0,0.0,1.0,0.0
11,9,0.0,0.0,0.0,0.0,0.0,0.0,0.0,0.0,0.0,1.0,0.0
11,9,0.0,0.0,0.0,0.0,0.0,0.0,0.0,0.0,0.0,1.0,0.0
11,9,0.0,0.0,0.0,0.0,0.0,0.0,0.0,0.0,0.0,1.0,0.0
11,9,0.0,0.0,0.0,0.0,0.0,0.0,0.0,0.0,0.0,1.0,0.0
11,9,0.0,0.0,0.0,0.0,0.0,0.0,0.0,0.0,0.0,1.0,0.0
11,9,0.0,0.0,0.0,0.0,0.0,0.0,0.0,0.0,0.0,1.0,0.0
11,9,0.0,0.0,0.0,0.0,0.0,0.0,0.0,0.0,0.0,1.0,0.0
11,9,0.0,0.0,0.0,0.0,0.0,0.0,0.0,0.0,0.0,1.0,0.0
11,9,0.0,0.0,0.0,0.0,0.0,0.0,0.0,0.0,0.0,1.0,0.0
11,9,0.0,0.0,0.0,0.0,0.0,0.0,0.0,0.0,0.0,1.0,0.0
11,9,0.0,0.0,0.0,0.0,0.0,0.0,0.0,0.0,0.0,1.0,0.0
11,9,0.0,0.0,0.0,0.0,0.0,0.0,0.0,0.0,0.0,1.0,0.0
11,9,0.0,0.0,0.0,0.0,0.0,0.0,0.0,0.0,0.0,1.0,0.0
11,9,0.0,0.0,0.0,0.0,0.0,0.0,0.0,0.0,0.0,1.0,0.0
11,9,0.0,0.0,0.0,0.0,0.0,0.0,0.0,0.0,0.0,1.0,0.0
11,9,0.0,0.0,0.0,0.0,0.0,0.0,0.0,0.0,0.0,1.0,0.0
11,9,0.0,0.0,0.0,0.0,0.0,0.0,0.0,0.0,0.0,1.0,0.0
11,9,0.0,0.0,0.0,0.0,0.0,0.0,0.0,0.0,0.0,1.0,0.0
11,9,0.0,0.0,0.0,0.0,0.0,0.0,0.0,0.0,0.0,1.0,0.0
11,9,0.0,0.0,0.0,0.0,0.0,0.0,0.0,0.0,0.0,1.0,0.0
11,9,0.0,0.0,0.0,0.0,0.0,0.0,0.0,0.0,0.0,1.0,0.0
11,9,0.0,0.0,0.0,0.0,0.0,0.0,0.0,0.0,0.0,1.0,0.0
11,9,0.0,0.0,0.0,0.0,0.0,0.0,0.0,0.0,0.0,1.0,0.0
11,9,0.0,0.0,0.0,0.0,0.0,0.0,0.0,0.0,0.0,1.0,0.0
11,9,0.0,0.0,0.0,0.0,0.0,0.0,0.0,0.0,0.0,1.0,0.0
11,9,0.0,0.0,0.0,0.0,0.0,0.0,0.0,0.0,0.0,1.0,0.0
11,9,0.0,0.0,0.0,0.0,0.0,0.0,0.0,0.0,0.0,1.0,0.0
11,9,0.0,0.0,0.0,0.0,0.0,0.0,0.0,0.0,0.0,1.0,0.0
11,9,0.0,0.0,0.0,0.0,0.0,0.0,0.0,0.0,0.0,1.0,0.0
11,9,0.0,0.0,0.0,0.0,0.0,0.0,0.0,0.0,0.0,1.0,0.0
11,9,0.0,0.0,0.0,0.0,0.0,0.0,0.0,0.0,0.0,1.0,0.0
11,9,0.0,0.0,0.0,0.0,0.0,0.0,0.0,0.0,0.0,1.0,0.0
11,9,0.0,0.0,0.0,0.0,0.0,0.0,0.0,0.0,0.0,1.0,0.0
11,9,0.0,0.0,0.0,0.0,0.0,0.0,0.0,0.0,0.0,1.0,0.0
11,9,0.0,0.0,0.0,0.0,0.0,0.0,0.0,0.0,0.0,1.0,0.0
11,9,0.0,0.0,0.0,0.0,0.0,0.0,0.0,0.0,0.0,1.0,0.0
11,9,0.0,0.0,0.0,0.0,0.0,0.0,0.0,0.0,0.0,1.0,0.0
11,9,0.0,0.0,0.0,0.0,0.0,0.0,0.0,0.0,0.0,1.0,0.0
11,9,0.0,0.0,0.0,0.0,0.0,0.0,0.0,0.0,0.0,1.0,0.0
11,9,0.0,0.0,0.0,0.0,0.0,0.0,0.0,0.0,0.0,1.0,0.0
11,9,0.0,0.0,0.0,0.0,0.0,0.0,0.0,0.0,0.0,1.0,0.0
11,9,0.0,0.0,0.0,0.0,0.0,0.0,0.0,0.0,0.0,1.0,0.0
11,9,0.0,0.0,0.0,0.0,0.0,0.0,0.0,0.0,0.0,1.0,0.0
11,9,0.0,0.0,0.0,0.0,0.0,0.0,0.0,0.0,0.0,1.0,0.0
11,9,0.0,0.0,0.0,0.0,0.0,0.0,0.0,0.0,0.0,1.0,0.0
11,9,0.0,0.0,0.0,0.0,0.0,0.0,0.0,0.0,0.0,1.0,0.0
11,9,0.0,0.0,0.0,0.0,0.0,0.0,0.0,0.0,0.0,1.0,0.0
11,9,0.0,0.0,0.0,0.0,0.0,0.0,0.0,0.0,0.0,1.0,0.0
11,9,0.0,0.0,0.0,0.0,0.0,0.0,0.0,0.0,0.0,1.0,0.0
11,9,0.0,0.0,0.0,0.0,0.0,0.0,0.0,0.0,0.0,1.0,0.0
11,9,0.0,0.0,0.0,0.0,0.0,0.0,0.0,0.0,0.0,1.0,0.0
11,9,0.0,0.0,0.0,0.0,0.0,0.0,0.0,0.0,0.0,1.0,0.0
11,9,0.0,0.0,0.0,0.0,0.0,0.0,0.0,0.0,0.0,1.0,0.0
11,9,0.0,0.0,0.0,0.0,0.0,0.0,0.0,0.0,0.0,1.0,0.0
11,9,0.0,0.0,0.0,0.0,0.0,0.0,0.0,0.0,0.0,1.0,0.0
11,9,0.0,0.0,0.0,0.0,0.0,0.0,0.0,0.0,0.0,1.0,0.0
11,9,0.0,0.0,0.0,0.0,0.0,0.0,0.0,0.0,0.0,1.0,0.0
11,9,0.0,0.0,0.0,0.0,0.0,0.0,0.0,0.0,0.0,1.0,0.0
11,9,0.0,0.0,0.0,0.0,0.0,0.0,0.0,0.0,0.0,1.0,0.0
11,9,0.0,0.0,0.0,0.0,0.0,0.0,0.0,0.0,0.0,1.0,0.0
11,9,0.0,0.0,0.0,0.0,0.0,0.0,0.0,0.0,0.0,1.0,0.0
11,9,0.0,0.0,0.0,0.0,0.0,0.0,0.0,0.0,0.0,1.0,0.0
11,9,0.0,0.0,0.0,0.0,0.0,0.0,0.0,0.0,0.0,1.0,0.0
11,9,0.0,0.0,0.0,0.0,0.0,0.0,0.0,0.0,0.0,1.0,0.0
11,9,0.0,0.0,0.0,0.0,0.0,0.0,0.0,0.0,0.0,1.0,0.0
11,9,0.0,0.0,0.0,0.0,0.0,0.0,0.0,0.0,0.0,1.0,0.0
11,9,0.0,0.0,0.0,0.0,0.0,0.0,0.0,0.0,0.0,1.0,0.0
11,9,0.0,0.0,0.0,0.0,0.0,0.0,0.0,0.0,0.0,1.0,0.0
11,9,0.0,0.0,0.0,0.0,0.0,0.0,0.0,0.0,0.0,1.0,0.0
11,9,0.0,0.0,0.0,0.0,0.0,0.0,0.0,0.0,0.0,1.0,0.0
11,9,0.0,0.0,0.0,0.0,0.0,0.0,0.0,0.0,0.0,1.0,0.0
11,9,0.0,0.0,0.0,0.0,0.0,0.0,0.0,0.0,0.0,1.0,0.0
11,9,0.0,0.0,0.0,0.0,0.0,0.0,0.0,0.0,0.0,1.0,0.0
11,9,0.0,0.0,0.0,0.0,0.0,0.0,0.0,0.0,0.0,1.0,0.0
11,9,0.0,0.0,0.0,0.0,0.0,0.0,0.0,0.0,0.0,1.0,0.0
11,9,0.0,0.0,0.0,0.0,0.0,0.0,0.0,0.0,0.0,1.0,0.0
11,9,0.0,0.0,0.0,0.0,0.0,0.0,0.0,0.0,0.0,1.0,0.0
11,9,0.0,0.0,0.0,0.0,0.0,0.0,0.0,0.0,0.0,1.0,0.0
11,9,0.0,0.0,0.0,0.0,0.0,0.0,0.0,0.0,0.0,1.0,0.0
11,9,0.0,0.0,0.0,0.0,0.0,0.0,0.0,0.0,0.0,1.0,0.0
11,9,0.0,0.0,0.0,0.0,0.0,0.0,0.0,0.0,0.0,1.0,0.0
11,9,0.0,0.0,0.0,0.0,0.0,0.0,0.0,0.0,0.0,1.0,0.0
11,9,0.0,0.0,0.0,0.0,0.0,0.0,0.0,0.0,0.0,1.0,0.0
11,9,0.0,0.0,0.0,0.0,0.0,0.0,0.0,0.0,0.0,1.0,0.0
11,9,0.0,0.0,0.0,0.0,0.0,0.0,0.0,0.0,0.0,1.0,0.0
11,9,0.0,0.0,0.0,0.0,0.0,0.0,0.0,0.0,0.0,1.0,0.0
11,9,0.0,0.0,0.0,0.0,0.0,0.0,0.0,0.0,0.0,1.0,0.0
11,9,0.0,0.0,0.0,0.0,0.0,0.0,0.0,0.0,0.0,1.0,0.0
11,9,0.0,0.0,0.0,0.0,0.0,0.0,0.0,0.0,0.0,1.0,0.0
11,9,0.0,0.0,0.0,0.0,0.0,0.0,0.0,0.0,0.0,1.0,0.0
11,9,0.0,0.0,0.0,0.0,0.0,0.0,0.0,0.0,0.0,1.0,0.0
11,9,0.0,0.0,0.0,0.0,0.0,0.0,0.0,0.0,0.0,1.0,0.0
11,9,0.0,0.0,0.0,0.0,0.0,0.0,0.0,0.0,0.0,1.0,0.0
11,9,0.0,0.0,0.0,0.0,0.0,0.0,0.0,0.0,0.0,1.0,0.0
11,9,0.0,0.0,0.0,0.0,0.0,0.0,0.0,0.0,0.0,1.0,0.0
11,9,0.0,0.0,0.0,0.0,0.0,0.0,0.0,0.0,0.0,1.0,0.0
11,9,0.0,0.0,0.0,0.0,0.0,0.0,0.0,0.0,0.0,1.0,0.0
11,9,0.0,0.0,0.0,0.0,0.0,0.0,0.0,0.0,0.0,1.0,0.0
11,9,0.0,0.0,0.0,0.0,0.0,0.0,0.0,0.0,0.0,1.0,0.0
11,9,0.0,0.0,0.0,0.0,0.0,0.0,0.0,0.0,0.0,1.0,0.0
11,9,0.0,0.0,0.0,0.0,0.0,0.0,0.0,0.0,0.0,1.0,0.0
11,9,0.0,0.0,0.0,0.0,0.0,0.0,0.0,0.0,0.0,1.0,0.0
11,9,0.0,0.0,0.0,0.0,0.0,0.0,0.0,0.0,0.0,1.0,0.0
11,9,0.0,0.0,0.0,0.0,0.0,0.0,0.0,0.0,0.0,1.0,0.0
11,9,0.0,0.0,0.0,0.0,0.0,0.0,0.0,0.0,0.0,1.0,0.0
11,9,0.0,0.0,0.0,0.0,0.0,0.0,0.0,0.0,0.0,1.0,0.0
11,9,0.0,0.0,0.0,0.0,0.0,0.0,0.0,0.0,0.0,1.0,0.0
11,9,0.0,0.0,0.0,0.0,0.0,0.0,0.0,0.0,0.0,1.0,0.0
11,9,0.0,0.0,0.0,0.0,0.0,0.0,0.0,0.0,0.0,1.0,0.0
11,9,0.0,0.0,0.0,0.0,0.0,0.0,0.0,0.0,0.0,1.0,0.0
11,9,0.0,0.0,0.0,0.0,0.0,0.0,0.0,0.0,0.0,1.0,0.0
11,9,0.0,0.0,0.0,0.0,0.0,0.0,0.0,0.0,0.0,1.0,0.0
11,9,0.0,0.0,0.0,0.0,0.0,0.0,0.0,0.0,0.0,1.0,0.0
11,9,0.0,0.0,0.0,0.0,0.0,0.0,0.0,0.0,0.0,1.0,0.0
11,9,0.0,0.0,0.0,0.0,0.0,0.0,0.0,0.0,0.0,1.0,0.0
11,9,0.0,0.0,0.0,0.0,0.0,0.0,0.0,0.0,0.0,1.0,0.0
11,9,0.0,0.0,0.0,0.0,0.0,0.0,0.0,0.0,0.0,1.0,0.0
11,9,0.0,0.0,0.0,0.0,0.0,0.0,0.0,0.0,0.0,1.0,0.0
11,9,0.0,0.0,0.0,0.0,0.0,0.0,0.0,0.0,0.0,1.0,0.0
11,9,0.0,0.0,0.0,0.0,0.0,0.0,0.0,0.0,0.0,1.0,0.0
11,9,0.0,0.0,0.0,0.0,0.0,0.0,0.0,0.0,0.0,1.0,0.0
11,9,0.0,0.0,0.0,0.0,0.0,0.0,0.0,0.0,0.0,1.0,0.0
11,9,0.0,0.0,0.0,0.0,0.0,0.0,0.0,0.0,0.0,1.0,0.0
11,9,0.0,0.0,0.0,0.0,0.0,0.0,0.0,0.0,0.0,1.0,0.0
11,9,0.0,0.0,0.0,0.0,0.0,0.0,0.0,0.0,0.0,1.0,0.0
11,9,0.0,0.0,0.0,0.0,0.0,0.0,0.0,0.0,0.0,1.0,0.0
11,9,0.0,0.0,0.0,0.0,0.0,0.0,0.0,0.0,0.0,1.0,0.0
11,9,0.0,0.0,0.0,0.0,0.0,0.0,0.0,0.0,0.0,1.0,0.0
11,9,0.0,0.0,0.0,0.0,0.0,0.0,0.0,0.0,0.0,1.0,0.0
11,9,0.0,0.0,0.0,0.0,0.0,0.0,0.0,0.0,0.0,1.0,0.0
11,9,0.0,0.0,0.0,0.0,0.0,0.0,0.0,0.0,0.0,1.0,0.0
11,9,0.0,0.0,0.0,0.0,0.0,0.0,0.0,0.0,0.0,1.0,0.0
11,9,0.0,0.0,0.0,0.0,0.0,0.0,0.0,0.0,0.0,1.0,0.0
11,9,0.0,0.0,0.0,0.0,0.0,0.0,0.0,0.0,0.0,1.0,0.0
11,9,0.0,0.0,0.0,0.0,0.0,0.0,0.0,0.0,0.0,1.0,0.0
11,9,0.0,0.0,0.0,0.0,0.0,0.0,0.0,0.0,0.0,1.0,0.0
11,9,0.0,0.0,0.0,0.0,0.0,0.0,0.0,0.0,0.0,1.0,0.0
11,9,0.0,0.0,0.0,0.0,0.0,0.0,0.0,0.0,0.0,1.0,0.0
11,9,0.0,0.0,0.0,0.0,0.0,0.0,0.0,0.0,0.0,1.0,0.0
11,9,0.0,0.0,0.0,0.0,0.0,0.0,0.0,0.0,0.0,1.0,0.0
11,9,0.0,0.0,0.0,0.0,0.0,0.0,0.0,0.0,0.0,1.0,0.0
11,9,0.0,0.0,0.0,0.0,0.0,0.0,0.0,0.0,0.0,1.0,0.0
11,9,0.0,0.0,0.0,0.0,0.0,0.0,0.0,0.0,0.0,1.0,0.0
11,9,0.0,0.0,0.0,0.0,0.0,0.0,0.0,0.0,0.0,1.0,0.0
11,9,0.0,0.0,0.0,0.0,0.0,0.0,0.0,0.0,0.0,1.0,0.0
11,9,0.0,0.0,0.0,0.0,0.0,0.0,0.0,0.0,0.0,1.0,0.0
11,9,0.0,0.0,0.0,0.0,0.0,0.0,0.0,0.0,0.0,1.0,0.0
11,9,0.0,0.0,0.0,0.0,0.0,0.0,0.0,0.0,0.0,1.0,0.0
11,9,0.0,0.0,0.0,0.0,0.0,0.0,0.0,0.0,0.0,1.0,0.0
11,9,0.0,0.0,0.0,0.0,0.0,0.0,0.0,0.0,0.0,1.0,0.0
11,9,0.0,0.0,0.0,0.0,0.0,0.0,0.0,0.0,0.0,1.0,0.0
11,9,0.0,0.0,0.0,0.0,0.0,0.0,0.0,0.0,0.0,1.0,0.0
11,9,0.0,0.0,0.0,0.0,0.0,0.0,0.0,0.0,0.0,1.0,0.0
11,9,0.0,0.0,0.0,0.0,0.0,0.0,0.0,0.0,0.0,1.0,0.0
11,9,0.0,0.0,0.0,0.0,0.0,0.0,0.0,0.0,0.0,1.0,0.0
11,9,0.0,0.0,0.0,0.0,0.0,0.0,0.0,0.0,0.0,1.0,0.0
11,9,0.0,0.0,0.0,0.0,0.0,0.0,0.0,0.0,0.0,1.0,0.0
11,9,0.0,0.0,0.0,0.0,0.0,0.0,0.0,0.0,0.0,1.0,0.0
11,9,0.0,0.0,0.0,0.0,0.0,0.0,0.0,0.0,0.0,1.0,0.0
11,9,0.0,0.0,0.0,0.0,0.0,0.0,0.0,0.0,0.0,1.0,0.0
11,9,0.0,0.0,0.0,0.0,0.0,0.0,0.0,0.0,0.0,1.0,0.0
11,9,0.0,0.0,0.0,0.0,0.0,0.0,0.0,0.0,0.0,1.0,0.0
11,9,0.0,0.0,0.0,0.0,0.0,0.0,0.0,0.0,0.0,1.0,0.0
11,9,0.0,0.0,0.0,0.0,0.0,0.0,0.0,0.0,0.0,1.0,0.0
11,9,0.0,0.0,0.0,0.0,0.0,0.0,0.0,0.0,0.0,1.0,0.0
11,9,0.0,0.0,0.0,0.0,0.0,0.0,0.0,0.0,0.0,1.0,0.0
11,9,0.0,0.0,0.0,0.0,0.0,0.0,0.0,0.0,0.0,1.0,0.0
11,9,0.0,0.0,0.0,0.0,0.0,0.0,0.0,0.0,0.0,1.0,0.0
11,9,0.0,0.0,0.0,0.0,0.0,0.0,0.0,0.0,0.0,1.0,0.0
11,9,0.0,0.0,0.0,0.0,0.0,0.0,0.0,0.0,0.0,1.0,0.0
11,9,0.0,0.0,0.0,0.0,0.0,0.0,0.0,0.0,0.0,1.0,0.0
11,9,0.0,0.0,0.0,0.0,0.0,0.0,0.0,0.0,0.0,1.0,0.0
11,9,0.0,0.0,0.0,0.0,0.0,0.0,0.0,0.0,0.0,1.0,0.0
11,9,0.0,0.0,0.0,0.0,0.0,0.0,0.0,0.0,0.0,1.0,0.0
11,9,0.0,0.0,0.0,0.0,0.0,0.0,0.0,0.0,0.0,1.0,0.0
11,9,0.0,0.0,0.0,0.0,0.0,0.0,0.0,0.0,0.0,1.0,0.0
11,9,0.0,0.0,0.0,0.0,0.0,0.0,0.0,0.0,0.0,1.0,0.0
11,9,0.0,0.0,0.0,0.0,0.0,0.0,0.0,0.0,0.0,1.0,0.0
11,9,0.0,0.0,0.0,0.0,0.0,0.0,0.0,0.0,0.0,1.0,0.0
11,9,0.0,0.0,0.0,0.0,0.0,0.0,0.0,0.0,0.0,1.0,0.0
11,9,0.0,0.0,0.0,0.0,0.0,0.0,0.0,0.0,0.0,1.0,0.0
11,9,0.0,0.0,0.0,0.0,0.0,0.0,0.0,0.0,0.0,1.0,0.0
11,9,0.0,0.0,0.0,0.0,0.0,0.0,0.0,0.0,0.0,1.0,0.0
11,9,0.0,0.0,0.0,0.0,0.0,0.0,0.0,0.0,0.0,1.0,0.0
11,9,0.0,0.0,0.0,0.0,0.0,0.0,0.0,0.0,0.0,1.0,0.0
11,9,0.0,0.0,0.0,0.0,0.0,0.0,0.0,0.0,0.0,1.0,0.0
11,9,0.0,0.0,0.0,0.0,0.0,0.0,0.0,0.0,0.0,1.0,0.0
11,9,0.0,0.0,0.0,0.0,0.0,0.0,0.0,0.0,0.0,1.0,0.0
11,9,0.0,0.0,0.0,0.0,0.0,0.0,0.0,0.0,0.0,1.0,0.0
11,9,0.0,0.0,0.0,0.0,0.0,0.0,0.0,0.0,0.0,1.0,0.0
11,9,0.0,0.0,0.0,0.0,0.0,0.0,0.0,0.0,0.0,1.0,0.0
11,9,0.0,0.0,0.0,0.0,0.0,0.0,0.0,0.0,0.0,1.0,0.0
11,9,0.0,0.0,0.0,0.0,0.0,0.0,0.0,0.0,0.0,1.0,0.0
11,9,0.0,0.0,0.0,0.0,0.0,0.0,0.0,0.0,0.0,1.0,0.0
11,9,0.0,0.0,0.0,0.0,0.0,0.0,0.0,0.0,0.0,1.0,0.0
11,9,0.0,0.0,0.0,0.0,0.0,0.0,0.0,0.0,0.0,1.0,0.0
11,9,0.0,0.0,0.0,0.0,0.0,0.0,0.0,0.0,0.0,1.0,0.0
11,9,0.0,0.0,0.0,0.0,0.0,0.0,0.0,0.0,0.0,1.0,0.0
11,9,0.0,0.0,0.0,0.0,0.0,0.0,0.0,0.0,0.0,1.0,0.0
11,9,0.0,0.0,0.0,0.0,0.0,0.0,0.0,0.0,0.0,1.0,0.0
11,9,0.0,0.0,0.0,0.0,0.0,0.0,0.0,0.0,0.0,1.0,0.0
11,9,0.0,0.0,0.0,0.0,0.0,0.0,0.0,0.0,0.0,1.0,0.0
11,9,0.0,0.0,0.0,0.0,0.0,0.0,0.0,0.0,0.0,1.0,0.0
11,9,0.0,0.0,0.0,0.0,0.0,0.0,0.0,0.0,0.0,1.0,0.0
11,9,0.0,0.0,0.0,0.0,0.0,0.0,0.0,0.0,0.0,1.0,0.0
11,9,0.0,0.0,0.0,0.0,0.0,0.0,0.0,0.0,0.0,1.0,0.0
11,9,0.0,0.0,0.0,0.0,0.0,0.0,0.0,0.0,0.0,1.0,0.0
11,9,0.0,0.0,0.0,0.0,0.0,0.0,0.0,0.0,0.0,1.0,0.0
11,9,0.0,0.0,0.0,0.0,0.0,0.0,0.0,0.0,0.0,1.0,0.0
11,9,0.0,0.0,0.0,0.0,0.0,0.0,0.0,0.0,0.0,1.0,0.0
11,9,0.0,0.0,0.0,0.0,0.0,0.0,0.0,0.0,0.0,1.0,0.0
11,9,0.0,0.0,0.0,0.0,0.0,0.0,0.0,0.0,0.0,1.0,0.0
11,9,0.0,0.0,0.0,0.0,0.0,0.0,0.0,0.0,0.0,1.0,0.0
11,9,0.0,0.0,0.0,0.0,0.0,0.0,0.0,0.0,0.0,1.0,0.0
11,9,0.0,0.0,0.0,0.0,0.0,0.0,0.0,0.0,0.0,1.0,0.0
11,9,0.0,0.0,0.0,0.0,0.0,0.0,0.0,0.0,0.0,1.0,0.0
11,9,0.0,0.0,0.0,0.0,0.0,0.0,0.0,0.0,0.0,1.0,0.0
11,9,0.0,0.0,0.0,0.0,0.0,0.0,0.0,0.0,0.0,1.0,0.0
11,9,0.0,0.0,0.0,0.0,0.0,0.0,0.0,0.0,0.0,1.0,0.0
11,9,0.0,0.0,0.0,0.0,0.0,0.0,0.0,0.0,0.0,1.0,0.0
11,9,0.0,0.0,0.0,0.0,0.0,0.0,0.0,0.0,0.0,1.0,0.0
11,9,0.0,0.0,0.0,0.0,0.0,0.0,0.0,0.0,0.0,1.0,0.0
11,9,0.0,0.0,0.0,0.0,0.0,0.0,0.0,0.0,0.0,1.0,0.0
11,9,0.0,0.0,0.0,0.0,0.0,0.0,0.0,0.0,0.0,1.0,0.0
11,9,0.0,0.0,0.0,0.0,0.0,0.0,0.0,0.0,0.0,1.0,0.0
11,9,0.0,0.0,0.0,0.0,0.0,0.0,0.0,0.0,0.0,1.0,0.0
11,9,0.0,0.0,0.0,0.0,0.0,0.0,0.0,0.0,0.0,1.0,0.0
11,9,0.0,0.0,0.0,0.0,0.0,0.0,0.0,0.0,0.0,1.0,0.0
11,9,0.0,0.0,0.0,0.0,0.0,0.0,0.0,0.0,0.0,1.0,0.0
11,9,0.0,0.0,0.0,0.0,0.0,0.0,0.0,0.0,0.0,1.0,0.0
11,9,0.0,0.0,0.0,0.0,0.0,0.0,0.0,0.0,0.0,1.0,0.0
11,9,0.0,0.0,0.0,0.0,0.0,0.0,0.0,0.0,0.0,1.0,0.0
11,9,0.0,0.0,0.0,0.0,0.0,0.0,0.0,0.0,0.0,1.0,0.0
11,9,0.0,0.0,0.0,0.0,0.0,0.0,0.0,0.0,0.0,1.0,0.0
11,9,0.0,0.0,0.0,0.0,0.0,0.0,0.0,0.0,0.0,1.0,0.0
11,9,0.0,0.0,0.0,0.0,0.0,0.0,0.0,0.0,0.0,1.0,0.0
11,9,0.0,0.0,0.0,0.0,0.0,0.0,0.0,0.0,0.0,1.0,0.0
11,9,0.0,0.0,0.0,0.0,0.0,0.0,0.0,0.0,0.0,1.0,0.0
11,9,0.0,0.0,0.0,0.0,0.0,0.0,0.0,0.0,0.0,1.0,0.0
11,9,0.0,0.0,0.0,0.0,0.0,0.0,0.0,0.0,0.0,1.0,0.0
11,9,0.0,0.0,0.0,0.0,0.0,0.0,0.0,0.0,0.0,1.0,0.0
11,9,0.0,0.0,0.0,0.0,0.0,0.0,0.0,0.0,0.0,1.0,0.0
11,9,0.0,0.0,0.0,0.0,0.0,0.0,0.0,0.0,0.0,1.0,0.0
11,9,0.0,0.0,0.0,0.0,0.0,0.0,0.0,0.0,0.0,1.0,0.0
11,9,0.0,0.0,0.0,0.0,0.0,0.0,0.0,0.0,0.0,1.0,0.0
11,9,0.0,0.0,0.0,0.0,0.0,0.0,0.0,0.0,0.0,1.0,0.0
11,9,0.0,0.0,0.0,0.0,0.0,0.0,0.0,0.0,0.0,1.0,0.0
11,9,0.0,0.0,0.0,0.0,0.0,0.0,0.0,0.0,0.0,1.0,0.0
11,9,0.0,0.0,0.0,0.0,0.0,0.0,0.0,0.0,0.0,1.0,0.0
11,9,0.0,0.0,0.0,0.0,0.0,0.0,0.0,0.0,0.0,1.0,0.0
11,9,0.0,0.0,0.0,0.0,0.0,0.0,0.0,0.0,0.0,1.0,0.0
11,9,0.0,0.0,0.0,0.0,0.0,0.0,0.0,0.0,0.0,1.0,0.0
11,9,0.0,0.0,0.0,0.0,0.0,0.0,0.0,0.0,0.0,1.0,0.0
11,9,0.0,0.0,0.0,0.0,0.0,0.0,0.0,0.0,0.0,1.0,0.0
11,9,0.0,0.0,0.0,0.0,0.0,0.0,0.0,0.0,0.0,1.0,0.0
11,9,0.0,0.0,0.0,0.0,0.0,0.0,0.0,0.0,0.0,1.0,0.0
11,9,0.0,0.0,0.0,0.0,0.0,0.0,0.0,0.0,0.0,1.0,0.0
11,9,0.0,0.0,0.0,0.0,0.0,0.0,0.0,0.0,0.0,1.0,0.0
11,9,0.0,0.0,0.0,0.0,0.0,0.0,0.0,0.0,0.0,1.0,0.0
11,9,0.0,0.0,0.0,0.0,0.0,0.0,0.0,0.0,0.0,1.0,0.0
11,9,0.0,0.0,0.0,0.0,0.0,0.0,0.0,0.0,0.0,1.0,0.0
11,9,0.0,0.0,0.0,0.0,0.0,0.0,0.0,0.0,0.0,1.0,0.0
11,9,0.0,0.0,0.0,0.0,0.0,0.0,0.0,0.0,0.0,1.0,0.0
11,9,0.0,0.0,0.0,0.0,0.0,0.0,0.0,0.0,0.0,1.0,0.0
11,9,0.0,0.0,0.0,0.0,0.0,0.0,0.0,0.0,0.0,1.0,0.0
11,9,0.0,0.0,0.0,0.0,0.0,0.0,0.0,0.0,0.0,1.0,0.0
11,9,0.0,0.0,0.0,0.0,0.0,0.0,0.0,0.0,0.0,1.0,0.0
11,9,0.0,0.0,0.0,0.0,0.0,0.0,0.0,0.0,0.0,1.0,0.0
11,9,0.0,0.0,0.0,0.0,0.0,0.0,0.0,0.0,0.0,1.0,0.0
11,9,0.0,0.0,0.0,0.0,0.0,0.0,0.0,0.0,0.0,1.0,0.0
11,9,0.0,0.0,0.0,0.0,0.0,0.0,0.0,0.0,0.0,1.0,0.0
11,9,0.0,0.0,0.0,0.0,0.0,0.0,0.0,0.0,0.0,1.0,0.0
11,9,0.0,0.0,0.0,0.0,0.0,0.0,0.0,0.0,0.0,1.0,0.0
11,9,0.0,0.0,0.0,0.0,0.0,0.0,0.0,0.0,0.0,1.0,0.0
11,9,0.0,0.0,0.0,0.0,0.0,0.0,0.0,0.0,0.0,1.0,0.0
11,9,0.0,0.0,0.0,0.0,0.0,0.0,0.0,0.0,0.0,1.0,0.0
11,9,0.0,0.0,0.0,0.0,0.0,0.0,0.0,0.0,0.0,1.0,0.0
11,9,0.0,0.0,0.0,0.0,0.0,0.0,0.0,0.0,0.0,1.0,0.0
11,9,0.0,0.0,0.0,0.0,0.0,0.0,0.0,0.0,0.0,1.0,0.0
11,9,0.0,0.0,0.0,0.0,0.0,0.0,0.0,0.0,0.0,1.0,0.0
11,9,0.0,0.0,0.0,0.0,0.0,0.0,0.0,0.0,0.0,1.0,0.0
11,9,0.0,0.0,0.0,0.0,0.0,0.0,0.0,0.0,0.0,1.0,0.0
11,9,0.0,0.0,0.0,0.0,0.0,0.0,0.0,0.0,0.0,1.0,0.0
11,9,0.0,0.0,0.0,0.0,0.0,0.0,0.0,0.0,0.0,1.0,0.0
11,9,0.0,0.0,0.0,0.0,0.0,0.0,0.0,0.0,0.0,1.0,0.0
11,9,0.0,0.0,0.0,0.0,0.0,0.0,0.0,0.0,0.0,1.0,0.0
11,9,0.0,0.0,0.0,0.0,0.0,0.0,0.0,0.0,0.0,1.0,0.0
11,9,0.0,0.0,0.0,0.0,0.0,0.0,0.0,0.0,0.0,1.0,0.0
11,9,0.0,0.0,0.0,0.0,0.0,0.0,0.0,0.0,0.0,1.0,0.0
11,9,0.0,0.0,0.0,0.0,0.0,0.0,0.0,0.0,0.0,1.0,0.0
11,9,0.0,0.0,0.0,0.0,0.0,0.0,0.0,0.0,0.0,1.0,0.0
11,9,0.0,0.0,0.0,0.0,0.0,0.0,0.0,0.0,0.0,1.0,0.0
11,9,0.0,0.0,0.0,0.0,0.0,0.0,0.0,0.0,0.0,1.0,0.0
11,9,0.0,0.0,0.0,0.0,0.0,0.0,0.0,0.0,0.0,1.0,0.0
11,9,0.0,0.0,0.0,0.0,0.0,0.0,0.0,0.0,0.0,1.0,0.0
11,9,0.0,0.0,0.0,0.0,0.0,0.0,0.0,0.0,0.0,1.0,0.0
11,9,0.0,0.0,0.0,0.0,0.0,0.0,0.0,0.0,0.0,1.0,0.0
11,9,0.0,0.0,0.0,0.0,0.0,0.0,0.0,0.0,0.0,1.0,0.0
11,9,0.0,0.0,0.0,0.0,0.0,0.0,0.0,0.0,0.0,1.0,0.0
11,9,0.0,0.0,0.0,0.0,0.0,0.0,0.0,0.0,0.0,1.0,0.0
11,9,0.0,0.0,0.0,0.0,0.0,0.0,0.0,0.0,0.0,1.0,0.0
11,9,0.0,0.0,0.0,0.0,0.0,0.0,0.0,0.0,0.0,1.0,0.0
11,9,0.0,0.0,0.0,0.0,0.0,0.0,0.0,0.0,0.0,1.0,0.0
11,9,0.0,0.0,0.0,0.0,0.0,0.0,0.0,0.0,0.0,1.0,0.0
11,9,0.0,0.0,0.0,0.0,0.0,0.0,0.0,0.0,0.0,1.0,0.0
11,9,0.0,0.0,0.0,0.0,0.0,0.0,0.0,0.0,0.0,1.0,0.0
11,9,0.0,0.0,0.0,0.0,0.0,0.0,0.0,0.0,0.0,1.0,0.0
11,9,0.0,0.0,0.0,0.0,0.0,0.0,0.0,0.0,0.0,1.0,0.0
11,9,0.0,0.0,0.0,0.0,0.0,0.0,0.0,0.0,0.0,1.0,0.0
11,9,0.0,0.0,0.0,0.0,0.0,0.0,0.0,0.0,0.0,1.0,0.0
11,9,0.0,0.0,0.0,0.0,0.0,0.0,0.0,0.0,0.0,1.0,0.0
11,9,0.0,0.0,0.0,0.0,0.0,0.0,0.0,0.0,0.0,1.0,0.0
11,9,0.0,0.0,0.0,0.0,0.0,0.0,0.0,0.0,0.0,1.0,0.0
11,9,0.0,0.0,0.0,0.0,0.0,0.0,0.0,0.0,0.0,1.0,0.0
11,9,0.0,0.0,0.0,0.0,0.0,0.0,0.0,0.0,0.0,1.0,0.0
11,9,0.0,0.0,0.0,0.0,0.0,0.0,0.0,0.0,0.0,1.0,0.0
11,9,0.0,0.0,0.0,0.0,0.0,0.0,0.0,0.0,0.0,1.0,0.0
11,9,0.0,0.0,0.0,0.0,0.0,0.0,0.0,0.0,0.0,1.0,0.0
11,9,0.0,0.0,0.0,0.0,0.0,0.0,0.0,0.0,0.0,1.0,0.0
11,9,0.0,0.0,0.0,0.0,0.0,0.0,0.0,0.0,0.0,1.0,0.0
11,9,0.0,0.0,0.0,0.0,0.0,0.0,0.0,0.0,0.0,1.0,0.0
11,9,0.0,0.0,0.0,0.0,0.0,0.0,0.0,0.0,0.0,1.0,0.0
11,9,0.0,0.0,0.0,0.0,0.0,0.0,0.0,0.0,0.0,1.0,0.0
11,9,0.0,0.0,0.0,0.0,0.0,0.0,0.0,0.0,0.0,1.0,0.0
11,9,0.0,0.0,0.0,0.0,0.0,0.0,0.0,0.0,0.0,1.0,0.0
11,9,0.0,0.0,0.0,0.0,0.0,0.0,0.0,0.0,0.0,1.0,0.0
11,9,0.0,0.0,0.0,0.0,0.0,0.0,0.0,0.0,0.0,1.0,0.0
11,9,0.0,0.0,0.0,0.0,0.0,0.0,0.0,0.0,0.0,1.0,0.0
11,9,0.0,0.0,0.0,0.0,0.0,0.0,0.0,0.0,0.0,1.0,0.0
11,9,0.0,0.0,0.0,0.0,0.0,0.0,0.0,0.0,0.0,1.0,0.0
11,9,0.0,0.0,0.0,0.0,0.0,0.0,0.0,0.0,0.0,1.0,0.0
11,9,0.0,0.0,0.0,0.0,0.0,0.0,0.0,0.0,0.0,1.0,0.0
11,9,0.0,0.0,0.0,0.0,0.0,0.0,0.0,0.0,0.0,1.0,0.0
11,9,0.0,0.0,0.0,0.0,0.0,0.0,0.0,0.0,0.0,1.0,0.0
11,9,0.0,0.0,0.0,0.0,0.0,0.0,0.0,0.0,0.0,1.0,0.0
11,9,0.0,0.0,0.0,0.0,0.0,0.0,0.0,0.0,0.0,1.0,0.0
11,9,0.0,0.0,0.0,0.0,0.0,0.0,0.0,0.0,0.0,1.0,0.0
11,9,0.0,0.0,0.0,0.0,0.0,0.0,0.0,0.0,0.0,1.0,0.0
11,9,0.0,0.0,0.0,0.0,0.0,0.0,0.0,0.0,0.0,1.0,0.0
11,9,0.0,0.0,0.0,0.0,0.0,0.0,0.0,0.0,0.0,1.0,0.0
11,9,0.0,0.0,0.0,0.0,0.0,0.0,0.0,0.0,0.0,1.0,0.0
11,9,0.0,0.0,0.0,0.0,0.0,0.0,0.0,0.0,0.0,1.0,0.0
11,9,0.0,0.0,0.0,0.0,0.0,0.0,0.0,0.0,0.0,1.0,0.0
11,9,0.0,0.0,0.0,0.0,0.0,0.0,0.0,0.0,0.0,1.0,0.0
11,9,0.0,0.0,0.0,0.0,0.0,0.0,0.0,0.0,0.0,1.0,0.0
11,9,0.0,0.0,0.0,0.0,0.0,0.0,0.0,0.0,0.0,1.0,0.0
11,9,0.0,0.0,0.0,0.0,0.0,0.0,0.0,0.0,0.0,1.0,0.0
11,9,0.0,0.0,0.0,0.0,0.0,0.0,0.0,0.0,0.0,1.0,0.0
11,9,0.0,0.0,0.0,0.0,0.0,0.0,0.0,0.0,0.0,1.0,0.0
11,9,0.0,0.0,0.0,0.0,0.0,0.0,0.0,0.0,0.0,1.0,0.0
11,9,0.0,0.0,0.0,0.0,0.0,0.0,0.0,0.0,0.0,1.0,0.0
11,9,0.0,0.0,0.0,0.0,0.0,0.0,0.0,0.0,0.0,1.0,0.0
11,9,0.0,0.0,0.0,0.0,0.0,0.0,0.0,0.0,0.0,1.0,0.0
11,9,0.0,0.0,0.0,0.0,0.0,0.0,0.0,0.0,0.0,1.0,0.0
11,9,0.0,0.0,0.0,0.0,0.0,0.0,0.0,0.0,0.0,1.0,0.0
11,9,0.0,0.0,0.0,0.0,0.0,0.0,0.0,0.0,0.0,1.0,0.0
11,9,0.0,0.0,0.0,0.0,0.0,0.0,0.0,0.0,0.0,1.0,0.0
11,9,0.0,0.0,0.0,0.0,0.0,0.0,0.0,0.0,0.0,1.0,0.0
11,9,0.0,0.0,0.0,0.0,0.0,0.0,0.0,0.0,0.0,1.0,0.0
11,9,0.0,0.0,0.0,0.0,0.0,0.0,0.0,0.0,0.0,1.0,0.0
11,9,0.0,0.0,0.0,0.0,0.0,0.0,0.0,0.0,0.0,1.0,0.0
11,9,0.0,0.0,0.0,0.0,0.0,0.0,0.0,0.0,0.0,1.0,0.0
11,9,0.0,0.0,0.0,0.0,0.0,0.0,0.0,0.0,0.0,1.0,0.0
11,9,0.0,0.0,0.0,0.0,0.0,0.0,0.0,0.0,0.0,1.0,0.0
11,9,0.0,0.0,0.0,0.0,0.0,0.0,0.0,0.0,0.0,1.0,0.0
11,9,0.0,0.0,0.0,0.0,0.0,0.0,0.0,0.0,0.0,1.0,0.0
11,9,0.0,0.0,0.0,0.0,0.0,0.0,0.0,0.0,0.0,1.0,0.0
11,9,0.0,0.0,0.0,0.0,0.0,0.0,0.0,0.0,0.0,1.0,0.0
11,9,0.0,0.0,0.0,0.0,0.0,0.0,0.0,0.0,0.0,1.0,0.0
11,9,0.0,0.0,0.0,0.0,0.0,0.0,0.0,0.0,0.0,1.0,0.0
11,9,0.0,0.0,0.0,0.0,0.0,0.0,0.0,0.0,0.0,1.0,0.0
11,9,0.0,0.0,0.0,0.0,0.0,0.0,0.0,0.0,0.0,1.0,0.0
11,9,0.0,0.0,0.0,0.0,0.0,0.0,0.0,0.0,0.0,1.0,0.0
11,9,0.0,0.0,0.0,0.0,0.0,0.0,0.0,0.0,0.0,1.0,0.0
11,9,0.0,0.0,0.0,0.0,0.0,0.0,0.0,0.0,0.0,1.0,0.0
11,9,0.0,0.0,0.0,0.0,0.0,0.0,0.0,0.0,0.0,1.0,0.0
11,9,0.0,0.0,0.0,0.0,0.0,0.0,0.0,0.0,0.0,1.0,0.0
11,9,0.0,0.0,0.0,0.0,0.0,0.0,0.0,0.0,0.0,1.0,0.0
11,9,0.0,0.0,0.0,0.0,0.0,0.0,0.0,0.0,0.0,1.0,0.0
11,9,0.0,0.0,0.0,0.0,0.0,0.0,0.0,0.0,0.0,1.0,0.0
11,9,0.0,0.0,0.0,0.0,0.0,0.0,0.0,0.0,0.0,1.0,0.0
11,9,0.0,0.0,0.0,0.0,0.0,0.0,0.0,0.0,0.0,1.0,0.0
11,9,0.0,0.0,0.0,0.0,0.0,0.0,0.0,0.0,0.0,1.0,0.0
11,9,0.0,0.0,0.0,0.0,0.0,0.0,0.0,0.0,0.0,1.0,0.0
11,9,0.0,0.0,0.0,0.0,0.0,0.0,0.0,0.0,0.0,1.0,0.0
11,9,0.0,0.0,0.0,0.0,0.0,0.0,0.0,0.0,0.0,1.0,0.0
11,9,0.0,0.0,0.0,0.0,0.0,0.0,0.0,0.0,0.0,1.0,0.0
11,9,0.0,0.0,0.0,0.0,0.0,0.0,0.0,0.0,0.0,1.0,0.0
11,9,0.0,0.0,0.0,0.0,0.0,0.0,0.0,0.0,0.0,1.0,0.0
11,9,0.0,0.0,0.0,0.0,0.0,0.0,0.0,0.0,0.0,1.0,0.0
11,9,0.0,0.0,0.0,0.0,0.0,0.0,0.0,0.0,0.0,1.0,0.0
11,9,0.0,0.0,0.0,0.0,0.0,0.0,0.0,0.0,0.0,1.0,0.0
11,9,0.0,0.0,0.0,0.0,0.0,0.0,0.0,0.0,0.0,1.0,0.0
11,9,0.0,0.0,0.0,0.0,0.0,0.0,0.0,0.0,0.0,1.0,0.0
11,9,0.0,0.0,0.0,0.0,0.0,0.0,0.0,0.0,0.0,1.0,0.0
11,9,0.0,0.0,0.0,0.0,0.0,0.0,0.0,0.0,0.0,1.0,0.0
11,9,0.0,0.0,0.0,0.0,0.0,0.0,0.0,0.0,0.0,1.0,0.0
11,9,0.0,0.0,0.0,0.0,0.0,0.0,0.0,0.0,0.0,1.0,0.0
11,9,0.0,0.0,0.0,0.0,0.0,0.0,0.0,0.0,0.0,1.0,0.0
11,9,0.0,0.0,0.0,0.0,0.0,0.0,0.0,0.0,0.0,1.0,0.0
11,9,0.0,0.0,0.0,0.0,0.0,0.0,0.0,0.0,0.0,1.0,0.0
11,9,0.0,0.0,0.0,0.0,0.0,0.0,0.0,0.0,0.0,1.0,0.0
11,9,0.0,0.0,0.0,0.0,0.0,0.0,0.0,0.0,0.0,1.0,0.0
11,9,0.0,0.0,0.0,0.0,0.0,0.0,0.0,0.0,0.0,1.0,0.0
11,9,0.0,0.0,0.0,0.0,0.0,0.0,0.0,0.0,0.0,1.0,0.0
11,9,0.0,0.0,0.0,0.0,0.0,0.0,0.0,0.0,0.0,1.0,0.0
11,9,0.0,0.0,0.0,0.0,0.0,0.0,0.0,0.0,0.0,1.0,0.0
11,9,0.0,0.0,0.0,0.0,0.0,0.0,0.0,0.0,0.0,1.0,0.0
11,9,0.0,0.0,0.0,0.0,0.0,0.0,0.0,0.0,0.0,1.0,0.0
11,9,0.0,0.0,0.0,0.0,0.0,0.0,0.0,0.0,0.0,1.0,0.0
11,9,0.0,0.0,0.0,0.0,0.0,0.0,0.0,0.0,0.0,1.0,0.0
11,9,0.0,0.0,0.0,0.0,0.0,0.0,0.0,0.0,0.0,1.0,0.0
11,9,0.0,0.0,0.0,0.0,0.0,0.0,0.0,0.0,0.0,1.0,0.0
11,9,0.0,0.0,0.0,0.0,0.0,0.0,0.0,0.0,0.0,1.0,0.0
11,9,0.0,0.0,0.0,0.0,0.0,0.0,0.0,0.0,0.0,1.0,0.0
11,9,0.0,0.0,0.0,0.0,0.0,0.0,0.0,0.0,0.0,1.0,0.0
11,9,0.0,0.0,0.0,0.0,0.0,0.0,0.0,0.0,0.0,1.0,0.0
11,9,0.0,0.0,0.0,0.0,0.0,0.0,0.0,0.0,0.0,1.0,0.0
11,9,0.0,0.0,0.0,0.0,0.0,0.0,0.0,0.0,0.0,1.0,0.0
11,9,0.0,0.0,0.0,0.0,0.0,0.0,0.0,0.0,0.0,1.0,0.0
11,9,0.0,0.0,0.0,0.0,0.0,0.0,0.0,0.0,0.0,1.0,0.0
11,9,0.0,0.0,0.0,0.0,0.0,0.0,0.0,0.0,0.0,1.0,0.0
11,9,0.0,0.0,0.0,0.0,0.0,0.0,0.0,0.0,0.0,1.0,0.0
11,9,0.0,0.0,0.0,0.0,0.0,0.0,0.0,0.0,0.0,1.0,0.0
11,9,0.0,0.0,0.0,0.0,0.0,0.0,0.0,0.0,0.0,1.0,0.0
11,9,0.0,0.0,0.0,0.0,0.0,0.0,0.0,0.0,0.0,1.0,0.0
11,9,0.0,0.0,0.0,0.0,0.0,0.0,0.0,0.0,0.0,1.0,0.0
11,9,0.0,0.0,0.0,0.0,0.0,0.0,0.0,0.0,0.0,1.0,0.0
11,9,0.0,0.0,0.0,0.0,0.0,0.0,0.0,0.0,0.0,1.0,0.0
11,9,0.0,0.0,0.0,0.0,0.0,0.0,0.0,0.0,0.0,1.0,0.0
11,9,0.0,0.0,0.0,0.0,0.0,0.0,0.0,0.0,0.0,1.0,0.0
11,9,0.0,0.0,0.0,0.0,0.0,0.0,0.0,0.0,0.0,1.0,0.0
11,9,0.0,0.0,0.0,0.0,0.0,0.0,0.0,0.0,0.0,1.0,0.0
11,9,0.0,0.0,0.0,0.0,0.0,0.0,0.0,0.0,0.0,1.0,0.0
11,9,0.0,0.0,0.0,0.0,0.0,0.0,0.0,0.0,0.0,1.0,0.0
11,9,0.0,0.0,0.0,0.0,0.0,0.0,0.0,0.0,0.0,1.0,0.0
11,9,0.0,0.0,0.0,0.0,0.0,0.0,0.0,0.0,0.0,1.0,0.0
11,9,0.0,0.0,0.0,0.0,0.0,0.0,0.0,0.0,0.0,1.0,0.0
11,9,0.0,0.0,0.0,0.0,0.0,0.0,0.0,0.0,0.0,1.0,0.0
11,9,0.0,0.0,0.0,0.0,0.0,0.0,0.0,0.0,0.0,1.0,0.0
11,9,0.0,0.0,0.0,0.0,0.0,0.0,0.0,0.0,0.0,1.0,0.0
11,9,0.0,0.0,0.0,0.0,0.0,0.0,0.0,0.0,0.0,1.0,0.0
11,9,0.0,0.0,0.0,0.0,0.0,0.0,0.0,0.0,0.0,1.0,0.0
11,9,0.0,0.0,0.0,0.0,0.0,0.0,0.0,0.0,0.0,1.0,0.0
11,9,0.0,0.0,0.0,0.0,0.0,0.0,0.0,0.0,0.0,1.0,0.0
11,9,0.0,0.0,0.0,0.0,0.0,0.0,0.0,0.0,0.0,1.0,0.0
11,9,0.0,0.0,0.0,0.0,0.0,0.0,0.0,0.0,0.0,1.0,0.0
11,9,0.0,0.0,0.0,0.0,0.0,0.0,0.0,0.0,0.0,1.0,0.0
11,9,0.0,0.0,0.0,0.0,0.0,0.0,0.0,0.0,0.0,1.0,0.0
11,9,0.0,0.0,0.0,0.0,0.0,0.0,0.0,0.0,0.0,1.0,0.0
11,9,0.0,0.0,0.0,0.0,0.0,0.0,0.0,0.0,0.0,1.0,0.0
11,9,0.0,0.0,0.0,0.0,0.0,0.0,0.0,0.0,0.0,1.0,0.0
11,9,0.0,0.0,0.0,0.0,0.0,0.0,0.0,0.0,0.0,1.0,0.0
11,9,0.0,0.0,0.0,0.0,0.0,0.0,0.0,0.0,0.0,1.0,0.0
11,9,0.0,0.0,0.0,0.0,0.0,0.0,0.0,0.0,0.0,1.0,0.0
11,9,0.0,0.0,0.0,0.0,0.0,0.0,0.0,0.0,0.0,1.0,0.0
11,9,0.0,0.0,0.0,0.0,0.0,0.0,0.0,0.0,0.0,1.0,0.0
11,9,0.0,0.0,0.0,0.0,0.0,0.0,0.0,0.0,0.0,1.0,0.0
11,9,0.0,0.0,0.0,0.0,0.0,0.0,0.0,0.0,0.0,1.0,0.0
11,9,0.0,0.0,0.0,0.0,0.0,0.0,0.0,0.0,0.0,1.0,0.0
11,9,0.0,0.0,0.0,0.0,0.0,0.0,0.0,0.0,0.0,1.0,0.0
11,9,0.0,0.0,0.0,0.0,0.0,0.0,0.0,0.0,0.0,1.0,0.0
11,9,0.0,0.0,0.0,0.0,0.0,0.0,0.0,0.0,0.0,1.0,0.0
11,9,0.0,0.0,0.0,0.0,0.0,0.0,0.0,0.0,0.0,1.0,0.0
11,9,0.0,0.0,0.0,0.0,0.0,0.0,0.0,0.0,0.0,1.0,0.0
11,9,0.0,0.0,0.0,0.0,0.0,0.0,0.0,0.0,0.0,1.0,0.0
11,9,0.0,0.0,0.0,0.0,0.0,0.0,0.0,0.0,0.0,1.0,0.0
11,9,0.0,0.0,0.0,0.0,0.0,0.0,0.0,0.0,0.0,1.0,0.0
11,9,0.0,0.0,0.0,0.0,0.0,0.0,0.0,0.0,0.0,1.0,0.0
11,9,0.0,0.0,0.0,0.0,0.0,0.0,0.0,0.0,0.0,1.0,0.0
11,9,0.0,0.0,0.0,0.0,0.0,0.0,0.0,0.0,0.0,1.0,0.0
11,9,0.0,0.0,0.0,0.0,0.0,0.0,0.0,0.0,0.0,1.0,0.0
11,9,0.0,0.0,0.0,0.0,0.0,0.0,0.0,0.0,0.0,1.0,0.0
11,9,0.0,0.0,0.0,0.0,0.0,0.0,0.0,0.0,0.0,1.0,0.0
11,9,0.0,0.0,0.0,0.0,0.0,0.0,0.0,0.0,0.0,1.0,0.0
11,9,0.0,0.0,0.0,0.0,0.0,0.0,0.0,0.0,0.0,1.0,0.0
11,9,0.0,0.0,0.0,0.0,0.0,0.0,0.0,0.0,0.0,1.0,0.0
11,9,0.0,0.0,0.0,0.0,0.0,0.0,0.0,0.0,0.0,1.0,0.0
11,9,0.0,0.0,0.0,0.0,0.0,0.0,0.0,0.0,0.0,1.0,0.0
11,9,0.0,0.0,0.0,0.0,0.0,0.0,0.0,0.0,0.0,1.0,0.0
11,9,0.0,0.0,0.0,0.0,0.0,0.0,0.0,0.0,0.0,1.0,0.0
11,9,0.0,0.0,0.0,0.0,0.0,0.0,0.0,0.0,0.0,1.0,0.0
11,9,0.0,0.0,0.0,0.0,0.0,0.0,0.0,0.0,0.0,1.0,0.0
11,9,0.0,0.0,0.0,0.0,0.0,0.0,0.0,0.0,0.0,1.0,0.0
11,9,0.0,0.0,0.0,0.0,0.0,0.0,0.0,0.0,0.0,1.0,0.0
11,9,0.0,0.0,0.0,0.0,0.0,0.0,0.0,0.0,0.0,1.0,0.0
11,9,0.0,0.0,0.0,0.0,0.0,0.0,0.0,0.0,0.0,1.0,0.0
11,9,0.0,0.0,0.0,0.0,0.0,0.0,0.0,0.0,0.0,1.0,0.0
11,9,0.0,0.0,0.0,0.0,0.0,0.0,0.0,0.0,0.0,1.0,0.0
11,9,0.0,0.0,0.0,0.0,0.0,0.0,0.0,0.0,0.0,1.0,0.0
11,9,0.0,0.0,0.0,0.0,0.0,0.0,0.0,0.0,0.0,1.0,0.0
11,9,0.0,0.0,0.0,0.0,0.0,0.0,0.0,0.0,0.0,1.0,0.0
11,9,0.0,0.0,0.0,0.0,0.0,0.0,0.0,0.0,0.0,1.0,0.0
11,9,0.0,0.0,0.0,0.0,0.0,0.0,0.0,0.0,0.0,1.0,0.0
11,9,0.0,0.0,0.0,0.0,0.0,0.0,0.0,0.0,0.0,1.0,0.0
11,9,0.0,0.0,0.0,0.0,0.0,0.0,0.0,0.0,0.0,1.0,0.0
11,9,0.0,0.0,0.0,0.0,0.0,0.0,0.0,0.0,0.0,1.0,0.0
11,9,0.0,0.0,0.0,0.0,0.0,0.0,0.0,0.0,0.0,1.0,0.0
11,9,0.0,0.0,0.0,0.0,0.0,0.0,0.0,0.0,0.0,1.0,0.0
11,9,0.0,0.0,0.0,0.0,0.0,0.0,0.0,0.0,0.0,1.0,0.0
11,9,0.0,0.0,0.0,0.0,0.0,0.0,0.0,0.0,0.0,1.0,0.0
11,9,0.0,0.0,0.0,0.0,0.0,0.0,0.0,0.0,0.0,1.0,0.0
11,9,0.0,0.0,0.0,0.0,0.0,0.0,0.0,0.0,0.0,1.0,0.0
11,9,0.0,0.0,0.0,0.0,0.0,0.0,0.0,0.0,0.0,1.0,0.0
11,9,0.0,0.0,0.0,0.0,0.0,0.0,0.0,0.0,0.0,1.0,0.0
11,9,0.0,0.0,0.0,0.0,0.0,0.0,0.0,0.0,0.0,1.0,0.0
11,9,0.0,0.0,0.0,0.0,0.0,0.0,0.0,0.0,0.0,1.0,0.0
11,9,0.0,0.0,0.0,0.0,0.0,0.0,0.0,0.0,0.0,1.0,0.0
11,9,0.0,0.0,0.0,0.0,0.0,0.0,0.0,0.0,0.0,1.0,0.0
11,9,0.0,0.0,0.0,0.0,0.0,0.0,0.0,0.0,0.0,1.0,0.0
11,9,0.0,0.0,0.0,0.0,0.0,0.0,0.0,0.0,0.0,1.0,0.0
11,9,0.0,0.0,0.0,0.0,0.0,0.0,0.0,0.0,0.0,1.0,0.0
11,9,0.0,0.0,0.0,0.0,0.0,0.0,0.0,0.0,0.0,1.0,0.0
11,9,0.0,0.0,0.0,0.0,0.0,0.0,0.0,0.0,0.0,1.0,0.0
11,9,0.0,0.0,0.0,0.0,0.0,0.0,0.0,0.0,0.0,1.0,0.0
11,9,0.0,0.0,0.0,0.0,0.0,0.0,0.0,0.0,0.0,1.0,0.0
11,9,0.0,0.0,0.0,0.0,0.0,0.0,0.0,0.0,0.0,1.0,0.0
11,9,0.0,0.0,0.0,0.0,0.0,0.0,0.0,0.0,0.0,1.0,0.0
11,9,0.0,0.0,0.0,0.0,0.0,0.0,0.0,0.0,0.0,1.0,0.0
11,9,0.0,0.0,0.0,0.0,0.0,0.0,0.0,0.0,0.0,1.0,0.0
11,9,0.0,0.0,0.0,0.0,0.0,0.0,0.0,0.0,0.0,1.0,0.0
11,9,0.0,0.0,0.0,0.0,0.0,0.0,0.0,0.0,0.0,1.0,0.0
11,9,0.0,0.0,0.0,0.0,0.0,0.0,0.0,0.0,0.0,1.0,0.0
11,9,0.0,0.0,0.0,0.0,0.0,0.0,0.0,0.0,0.0,1.0,0.0
11,9,0.0,0.0,0.0,0.0,0.0,0.0,0.0,0.0,0.0,1.0,0.0
11,9,0.0,0.0,0.0,0.0,0.0,0.0,0.0,0.0,0.0,1.0,0.0
11,9,0.0,0.0,0.0,0.0,0.0,0.0,0.0,0.0,0.0,1.0,0.0
11,9,0.0,0.0,0.0,0.0,0.0,0.0,0.0,0.0,0.0,1.0,0.0
11,9,0.0,0.0,0.0,0.0,0.0,0.0,0.0,0.0,0.0,1.0,0.0
11,9,0.0,0.0,0.0,0.0,0.0,0.0,0.0,0.0,0.0,1.0,0.0
11,9,0.0,0.0,0.0,0.0,0.0,0.0,0.0,0.0,0.0,1.0,0.0
11,9,0.0,0.0,0.0,0.0,0.0,0.0,0.0,0.0,0.0,1.0,0.0
11,9,0.0,0.0,0.0,0.0,0.0,0.0,0.0,0.0,0.0,1.0,0.0
11,9,0.0,0.0,0.0,0.0,0.0,0.0,0.0,0.0,0.0,1.0,0.0
11,9,0.0,0.0,0.0,0.0,0.0,0.0,0.0,0.0,0.0,1.0,0.0
11,9,0.0,0.0,0.0,0.0,0.0,0.0,0.0,0.0,0.0,1.0,0.0
11,9,0.0,0.0,0.0,0.0,0.0,0.0,0.0,0.0,0.0,1.0,0.0
11,9,0.0,0.0,0.0,0.0,0.0,0.0,0.0,0.0,0.0,1.0,0.0
11,9,0.0,0.0,0.0,0.0,0.0,0.0,0.0,0.0,0.0,1.0,0.0
11,9,0.0,0.0,0.0,0.0,0.0,0.0,0.0,0.0,0.0,1.0,0.0
11,9,0.0,0.0,0.0,0.0,0.0,0.0,0.0,0.0,0.0,1.0,0.0
11,9,0.0,0.0,0.0,0.0,0.0,0.0,0.0,0.0,0.0,1.0,0.0
11,9,0.0,0.0,0.0,0.0,0.0,0.0,0.0,0.0,0.0,1.0,0.0
11,9,0.0,0.0,0.0,0.0,0.0,0.0,0.0,0.0,0.0,1.0,0.0
11,9,0.0,0.0,0.0,0.0,0.0,0.0,0.0,0.0,0.0,1.0,0.0
11,9,0.0,0.0,0.0,0.0,0.0,0.0,0.0,0.0,0.0,1.0,0.0
11,9,0.0,0.0,0.0,0.0,0.0,0.0,0.0,0.0,0.0,1.0,0.0
11,9,0.0,0.0,0.0,0.0,0.0,0.0,0.0,0.0,0.0,1.0,0.0
11,9,0.0,0.0,0.0,0.0,0.0,0.0,0.0,0.0,0.0,1.0,0.0
11,9,0.0,0.0,0.0,0.0,0.0,0.0,0.0,0.0,0.0,1.0,0.0
11,9,0.0,0.0,0.0,0.0,0.0,0.0,0.0,0.0,0.0,1.0,0.0
11,9,0.0,0.0,0.0,0.0,0.0,0.0,0.0,0.0,0.0,1.0,0.0
11,9,0.0,0.0,0.0,0.0,0.0,0.0,0.0,0.0,0.0,1.0,0.0
11,9,0.0,0.0,0.0,0.0,0.0,0.0,0.0,0.0,0.0,1.0,0.0
11,9,0.0,0.0,0.0,0.0,0.0,0.0,0.0,0.0,0.0,1.0,0.0
11,9,0.0,0.0,0.0,0.0,0.0,0.0,0.0,0.0,0.0,1.0,0.0
11,9,0.0,0.0,0.0,0.0,0.0,0.0,0.0,0.0,0.0,1.0,0.0
11,9,0.0,0.0,0.0,0.0,0.0,0.0,0.0,0.0,0.0,1.0,0.0
11,9,0.0,0.0,0.0,0.0,0.0,0.0,0.0,0.0,0.0,1.0,0.0
11,9,0.0,0.0,0.0,0.0,0.0,0.0,0.0,0.0,0.0,1.0,0.0
11,9,0.0,0.0,0.0,0.0,0.0,0.0,0.0,0.0,0.0,1.0,0.0
11,9,0.0,0.0,0.0,0.0,0.0,0.0,0.0,0.0,0.0,1.0,0.0
11,9,0.0,0.0,0.0,0.0,0.0,0.0,0.0,0.0,0.0,1.0,0.0
11,9,0.0,0.0,0.0,0.0,0.0,0.0,0.0,0.0,0.0,1.0,0.0
11,9,0.0,0.0,0.0,0.0,0.0,0.0,0.0,0.0,0.0,1.0,0.0
11,9,0.0,0.0,0.0,0.0,0.0,0.0,0.0,0.0,0.0,1.0,0.0
11,9,0.0,0.0,0.0,0.0,0.0,0.0,0.0,0.0,0.0,1.0,0.0
11,9,0.0,0.0,0.0,0.0,0.0,0.0,0.0,0.0,0.0,1.0,0.0
11,9,0.0,0.0,0.0,0.0,0.0,0.0,0.0,0.0,0.0,1.0,0.0
11,9,0.0,0.0,0.0,0.0,0.0,0.0,0.0,0.0,0.0,1.0,0.0
11,9,0.0,0.0,0.0,0.0,0.0,0.0,0.0,0.0,0.0,1.0,0.0
11,9,0.0,0.0,0.0,0.0,0.0,0.0,0.0,0.0,0.0,1.0,0.0
11,9,0.0,0.0,0.0,0.0,0.0,0.0,0.0,0.0,0.0,1.0,0.0
11,9,0.0,0.0,0.0,0.0,0.0,0.0,0.0,0.0,0.0,1.0,0.0
11,9,0.0,0.0,0.0,0.0,0.0,0.0,0.0,0.0,0.0,1.0,0.0
11,9,0.0,0.0,0.0,0.0,0.0,0.0,0.0,0.0,0.0,1.0,0.0
11,9,0.0,0.0,0.0,0.0,0.0,0.0,0.0,0.0,0.0,1.0,0.0
11,9,0.0,0.0,0.0,0.0,0.0,0.0,0.0,0.0,0.0,1.0,0.0
11,9,0.0,0.0,0.0,0.0,0.0,0.0,0.0,0.0,0.0,1.0,0.0
11,9,0.0,0.0,0.0,0.0,0.0,0.0,0.0,0.0,0.0,1.0,0.0
11,9,0.0,0.0,0.0,0.0,0.0,0.0,0.0,0.0,0.0,1.0,0.0
11,9,0.0,0.0,0.0,0.0,0.0,0.0,0.0,0.0,0.0,1.0,0.0
11,9,0.0,0.0,0.0,0.0,0.0,0.0,0.0,0.0,0.0,1.0,0.0
11,9,0.0,0.0,0.0,0.0,0.0,0.0,0.0,0.0,0.0,1.0,0.0
11,9,0.0,0.0,0.0,0.0,0.0,0.0,0.0,0.0,0.0,1.0,0.0
11,9,0.0,0.0,0.0,0.0,0.0,0.0,0.0,0.0,0.0,1.0,0.0
11,9,0.0,0.0,0.0,0.0,0.0,0.0,0.0,0.0,0.0,1.0,0.0
11,9,0.0,0.0,0.0,0.0,0.0,0.0,0.0,0.0,0.0,1.0,0.0
11,9,0.0,0.0,0.0,0.0,0.0,0.0,0.0,0.0,0.0,1.0,0.0
11,9,0.0,0.0,0.0,0.0,0.0,0.0,0.0,0.0,0.0,1.0,0.0
11,9,0.0,0.0,0.0,0.0,0.0,0.0,0.0,0.0,0.0,1.0,0.0
11,9,0.0,0.0,0.0,0.0,0.0,0.0,0.0,0.0,0.0,1.0,0.0
11,9,0.0,0.0,0.0,0.0,0.0,0.0,0.0,0.0,0.0,1.0,0.0
11,9,0.0,0.0,0.0,0.0,0.0,0.0,0.0,0.0,0.0,1.0,0.0
11,9,0.0,0.0,0.0,0.0,0.0,0.0,0.0,0.0,0.0,1.0,0.0
11,9,0.0,0.0,0.0,0.0,0.0,0.0,0.0,0.0,0.0,1.0,0.0
11,9,0.0,0.0,0.0,0.0,0.0,0.0,0.0,0.0,0.0,1.0,0.0
11,9,0.0,0.0,0.0,0.0,0.0,0.0,0.0,0.0,0.0,1.0,0.0
11,9,0.0,0.0,0.0,0.0,0.0,0.0,0.0,0.0,0.0,1.0,0.0
11,9,0.0,0.0,0.0,0.0,0.0,0.0,0.0,0.0,0.0,1.0,0.0
11,9,0.0,0.0,0.0,0.0,0.0,0.0,0.0,0.0,0.0,1.0,0.0
11,9,0.0,0.0,0.0,0.0,0.0,0.0,0.0,0.0,0.0,1.0,0.0
11,9,0.0,0.0,0.0,0.0,0.0,0.0,0.0,0.0,0.0,1.0,0.0
11,9,0.0,0.0,0.0,0.0,0.0,0.0,0.0,0.0,0.0,1.0,0.0
11,9,0.0,0.0,0.0,0.0,0.0,0.0,0.0,0.0,0.0,1.0,0.0
11,9,0.0,0.0,0.0,0.0,0.0,0.0,0.0,0.0,0.0,1.0,0.0
11,9,0.0,0.0,0.0,0.0,0.0,0.0,0.0,0.0,0.0,1.0,0.0
11,9,0.0,0.0,0.0,0.0,0.0,0.0,0.0,0.0,0.0,1.0,0.0
11,9,0.0,0.0,0.0,0.0,0.0,0.0,0.0,0.0,0.0,1.0,0.0
11,9,0.0,0.0,0.0,0.0,0.0,0.0,0.0,0.0,0.0,1.0,0.0
11,9,0.0,0.0,0.0,0.0,0.0,0.0,0.0,0.0,0.0,1.0,0.0
11,9,0.0,0.0,0.0,0.0,0.0,0.0,0.0,0.0,0.0,1.0,0.0
11,9,0.0,0.0,0.0,0.0,0.0,0.0,0.0,0.0,0.0,1.0,0.0
11,9,0.0,0.0,0.0,0.0,0.0,0.0,0.0,0.0,0.0,1.0,0.0
11,9,0.0,0.0,0.0,0.0,0.0,0.0,0.0,0.0,0.0,1.0,0.0
11,9,0.0,0.0,0.0,0.0,0.0,0.0,0.0,0.0,0.0,1.0,0.0
11,9,0.0,0.0,0.0,0.0,0.0,0.0,0.0,0.0,0.0,1.0,0.0
11,9,0.0,0.0,0.0,0.0,0.0,0.0,0.0,0.0,0.0,1.0,0.0
11,9,0.0,0.0,0.0,0.0,0.0,0.0,0.0,0.0,0.0,1.0,0.0
11,9,0.0,0.0,0.0,0.0,0.0,0.0,0.0,0.0,0.0,1.0,0.0
11,9,0.0,0.0,0.0,0.0,0.0,0.0,0.0,0.0,0.0,1.0,0.0
11,9,0.0,0.0,0.0,0.0,0.0,0.0,0.0,0.0,0.0,1.0,0.0
11,9,0.0,0.0,0.0,0.0,0.0,0.0,0.0,0.0,0.0,1.0,0.0
11,9,0.0,0.0,0.0,0.0,0.0,0.0,0.0,0.0,0.0,1.0,0.0
11,9,0.0,0.0,0.0,0.0,0.0,0.0,0.0,0.0,0.0,1.0,0.0
11,9,0.0,0.0,0.0,0.0,0.0,0.0,0.0,0.0,0.0,1.0,0.0
11,9,0.0,0.0,0.0,0.0,0.0,0.0,0.0,0.0,0.0,1.0,0.0
11,9,0.0,0.0,0.0,0.0,0.0,0.0,0.0,0.0,0.0,1.0,0.0
11,9,0.0,0.0,0.0,0.0,0.0,0.0,0.0,0.0,0.0,1.0,0.0
11,9,0.0,0.0,0.0,0.0,0.0,0.0,0.0,0.0,0.0,1.0,0.0
11,9,0.0,0.0,0.0,0.0,0.0,0.0,0.0,0.0,0.0,1.0,0.0
11,9,0.0,0.0,0.0,0.0,0.0,0.0,0.0,0.0,0.0,1.0,0.0
11,9,0.0,0.0,0.0,0.0,0.0,0.0,0.0,0.0,0.0,1.0,0.0
11,9,0.0,0.0,0.0,0.0,0.0,0.0,0.0,0.0,0.0,1.0,0.0
11,9,0.0,0.0,0.0,0.0,0.0,0.0,0.0,0.0,0.0,1.0,0.0
11,9,0.0,0.0,0.0,0.0,0.0,0.0,0.0,0.0,0.0,1.0,0.0
11,9,0.0,0.0,0.0,0.0,0.0,0.0,0.0,0.0,0.0,1.0,0.0
11,9,0.0,0.0,0.0,0.0,0.0,0.0,0.0,0.0,0.0,1.0,0.0
11,9,0.0,0.0,0.0,0.0,0.0,0.0,0.0,0.0,0.0,1.0,0.0
11,9,0.0,0.0,0.0,0.0,0.0,0.0,0.0,0.0,0.0,1.0,0.0
11,9,0.0,0.0,0.0,0.0,0.0,0.0,0.0,0.0,0.0,1.0,0.0
11,9,0.0,0.0,0.0,0.0,0.0,0.0,0.0,0.0,0.0,1.0,0.0
11,9,0.0,0.0,0.0,0.0,0.0,0.0,0.0,0.0,0.0,1.0,0.0
11,9,0.0,0.0,0.0,0.0,0.0,0.0,0.0,0.0,0.0,1.0,0.0
11,9,0.0,0.0,0.0,0.0,0.0,0.0,0.0,0.0,0.0,1.0,0.0
11,9,0.0,0.0,0.0,0.0,0.0,0.0,0.0,0.0,0.0,1.0,0.0
11,9,0.0,0.0,0.0,0.0,0.0,0.0,0.0,0.0,0.0,1.0,0.0
11,9,0.0,0.0,0.0,0.0,0.0,0.0,0.0,0.0,0.0,1.0,0.0
11,9,0.0,0.0,0.0,0.0,0.0,0.0,0.0,0.0,0.0,1.0,0.0
11,9,0.0,0.0,0.0,0.0,0.0,0.0,0.0,0.0,0.0,1.0,0.0
11,9,0.0,0.0,0.0,0.0,0.0,0.0,0.0,0.0,0.0,1.0,0.0
11,9,0.0,0.0,0.0,0.0,0.0,0.0,0.0,0.0,0.0,1.0,0.0
11,9,0.0,0.0,0.0,0.0,0.0,0.0,0.0,0.0,0.0,1.0,0.0
11,9,0.0,0.0,0.0,0.0,0.0,0.0,0.0,0.0,0.0,1.0,0.0
11,9,0.0,0.0,0.0,0.0,0.0,0.0,0.0,0.0,0.0,1.0,0.0
11,9,0.0,0.0,0.0,0.0,0.0,0.0,0.0,0.0,0.0,1.0,0.0
11,9,0.0,0.0,0.0,0.0,0.0,0.0,0.0,0.0,0.0,1.0,0.0
11,9,0.0,0.0,0.0,0.0,0.0,0.0,0.0,0.0,0.0,1.0,0.0
11,9,0.0,0.0,0.0,0.0,0.0,0.0,0.0,0.0,0.0,1.0,0.0
11,9,0.0,0.0,0.0,0.0,0.0,0.0,0.0,0.0,0.0,1.0,0.0
11,9,0.0,0.0,0.0,0.0,0.0,0.0,0.0,0.0,0.0,1.0,0.0
11,9,0.0,0.0,0.0,0.0,0.0,0.0,0.0,0.0,0.0,1.0,0.0
11,9,0.0,0.0,0.0,0.0,0.0,0.0,0.0,0.0,0.0,1.0,0.0
11,9,0.0,0.0,0.0,0.0,0.0,0.0,0.0,0.0,0.0,1.0,0.0
11,9,0.0,0.0,0.0,0.0,0.0,0.0,0.0,0.0,0.0,1.0,0.0
11,9,0.0,0.0,0.0,0.0,0.0,0.0,0.0,0.0,0.0,1.0,0.0
11,9,0.0,0.0,0.0,0.0,0.0,0.0,0.0,0.0,0.0,1.0,0.0
11,9,0.0,0.0,0.0,0.0,0.0,0.0,0.0,0.0,0.0,1.0,0.0
11,9,0.0,0.0,0.0,0.0,0.0,0.0,0.0,0.0,0.0,1.0,0.0
11,9,0.0,0.0,0.0,0.0,0.0,0.0,0.0,0.0,0.0,1.0,0.0
11,9,0.0,0.0,0.0,0.0,0.0,0.0,0.0,0.0,0.0,1.0,0.0
11,9,0.0,0.0,0.0,0.0,0.0,0.0,0.0,0.0,0.0,1.0,0.0
11,9,0.0,0.0,0.0,0.0,0.0,0.0,0.0,0.0,0.0,1.0,0.0
11,9,0.0,0.0,0.0,0.0,0.0,0.0,0.0,0.0,0.0,1.0,0.0
11,9,0.0,0.0,0.0,0.0,0.0,0.0,0.0,0.0,0.0,1.0,0.0
11,9,0.0,0.0,0.0,0.0,0.0,0.0,0.0,0.0,0.0,1.0,0.0
11,9,0.0,0.0,0.0,0.0,0.0,0.0,0.0,0.0,0.0,1.0,0.0
11,9,0.0,0.0,0.0,0.0,0.0,0.0,0.0,0.0,0.0,1.0,0.0
11,9,0.0,0.0,0.0,0.0,0.0,0.0,0.0,0.0,0.0,1.0,0.0
11,9,0.0,0.0,0.0,0.0,0.0,0.0,0.0,0.0,0.0,1.0,0.0
11,9,0.0,0.0,0.0,0.0,0.0,0.0,0.0,0.0,0.0,1.0,0.0
11,9,0.0,0.0,0.0,0.0,0.0,0.0,0.0,0.0,0.0,1.0,0.0
11,9,0.0,0.0,0.0,0.0,0.0,0.0,0.0,0.0,0.0,1.0,0.0
11,9,0.0,0.0,0.0,0.0,0.0,0.0,0.0,0.0,0.0,1.0,0.0
11,9,0.0,0.0,0.0,0.0,0.0,0.0,0.0,0.0,0.0,1.0,0.0
11,9,0.0,0.0,0.0,0.0,0.0,0.0,0.0,0.0,0.0,1.0,0.0
11,9,0.0,0.0,0.0,0.0,0.0,0.0,0.0,0.0,0.0,1.0,0.0
11,9,0.0,0.0,0.0,0.0,0.0,0.0,0.0,0.0,0.0,1.0,0.0
11,9,0.0,0.0,0.0,0.0,0.0,0.0,0.0,0.0,0.0,1.0,0.0
11,9,0.0,0.0,0.0,0.0,0.0,0.0,0.0,0.0,0.0,1.0,0.0
11,9,0.0,0.0,0.0,0.0,0.0,0.0,0.0,0.0,0.0,1.0,0.0
11,9,0.0,0.0,0.0,0.0,0.0,0.0,0.0,0.0,0.0,1.0,0.0
11,9,0.0,0.0,0.0,0.0,0.0,0.0,0.0,0.0,0.0,1.0,0.0
11,9,0.0,0.0,0.0,0.0,0.0,0.0,0.0,0.0,0.0,1.0,0.0
11,9,0.0,0.0,0.0,0.0,0.0,0.0,0.0,0.0,0.0,1.0,0.0
11,9,0.0,0.0,0.0,0.0,0.0,0.0,0.0,0.0,0.0,1.0,0.0
11,9,0.0,0.0,0.0,0.0,0.0,0.0,0.0,0.0,0.0,1.0,0.0
11,9,0.0,0.0,0.0,0.0,0.0,0.0,0.0,0.0,0.0,1.0,0.0
11,9,0.0,0.0,0.0,0.0,0.0,0.0,0.0,0.0,0.0,1.0,0.0
11,9,0.0,0.0,0.0,0.0,0.0,0.0,0.0,0.0,0.0,1.0,0.0
11,9,0.0,0.0,0.0,0.0,0.0,0.0,0.0,0.0,0.0,1.0,0.0
11,9,0.0,0.0,0.0,0.0,0.0,0.0,0.0,0.0,0.0,1.0,0.0
11,9,0.0,0.0,0.0,0.0,0.0,0.0,0.0,0.0,0.0,1.0,0.0
11,9,0.0,0.0,0.0,0.0,0.0,0.0,0.0,0.0,0.0,1.0,0.0
11,9,0.0,0.0,0.0,0.0,0.0,0.0,0.0,0.0,0.0,1.0,0.0
11,9,0.0,0.0,0.0,0.0,0.0,0.0,0.0,0.0,0.0,1.0,0.0
11,9,0.0,0.0,0.0,0.0,0.0,0.0,0.0,0.0,0.0,1.0,0.0
11,9,0.0,0.0,0.0,0.0,0.0,0.0,0.0,0.0,0.0,1.0,0.0
11,9,0.0,0.0,0.0,0.0,0.0,0.0,0.0,0.0,0.0,1.0,0.0
11,9,0.0,0.0,0.0,0.0,0.0,0.0,0.0,0.0,0.0,1.0,0.0
11,9,0.0,0.0,0.0,0.0,0.0,0.0,0.0,0.0,0.0,1.0,0.0
11,9,0.0,0.0,0.0,0.0,0.0,0.0,0.0,0.0,0.0,1.0,0.0
11,9,0.0,0.0,0.0,0.0,0.0,0.0,0.0,0.0,0.0,1.0,0.0
11,9,0.0,0.0,0.0,0.0,0.0,0.0,0.0,0.0,0.0,1.0,0.0
11,9,0.0,0.0,0.0,0.0,0.0,0.0,0.0,0.0,0.0,1.0,0.0
11,9,0.0,0.0,0.0,0.0,0.0,0.0,0.0,0.0,0.0,1.0,0.0
11,9,0.0,0.0,0.0,0.0,0.0,0.0,0.0,0.0,0.0,1.0,0.0
11,9,0.0,0.0,0.0,0.0,0.0,0.0,0.0,0.0,0.0,1.0,0.0
11,9,0.0,0.0,0.0,0.0,0.0,0.0,0.0,0.0,0.0,1.0,0.0
11,9,0.0,0.0,0.0,0.0,0.0,0.0,0.0,0.0,0.0,1.0,0.0
11,9,0.0,0.0,0.0,0.0,0.0,0.0,0.0,0.0,0.0,1.0,0.0
11,9,0.0,0.0,0.0,0.0,0.0,0.0,0.0,0.0,0.0,1.0,0.0
11,9,0.0,0.0,0.0,0.0,0.0,0.0,0.0,0.0,0.0,1.0,0.0
11,9,0.0,0.0,0.0,0.0,0.0,0.0,0.0,0.0,0.0,1.0,0.0
11,9,0.0,0.0,0.0,0.0,0.0,0.0,0.0,0.0,0.0,1.0,0.0
11,9,0.0,0.0,0.0,0.0,0.0,0.0,0.0,0.0,0.0,1.0,0.0
11,9,0.0,0.0,0.0,0.0,0.0,0.0,0.0,0.0,0.0,1.0,0.0
11,9,0.0,0.0,0.0,0.0,0.0,0.0,0.0,0.0,0.0,1.0,0.0
11,9,0.0,0.0,0.0,0.0,0.0,0.0,0.0,0.0,0.0,1.0,0.0
11,9,0.0,0.0,0.0,0.0,0.0,0.0,0.0,0.0,0.0,1.0,0.0
11,9,0.0,0.0,0.0,0.0,0.0,0.0,0.0,0.0,0.0,1.0,0.0
11,9,0.0,0.0,0.0,0.0,0.0,0.0,0.0,0.0,0.0,1.0,0.0
11,9,0.0,0.0,0.0,0.0,0.0,0.0,0.0,0.0,0.0,1.0,0.0
11,9,0.0,0.0,0.0,0.0,0.0,0.0,0.0,0.0,0.0,1.0,0.0
11,9,0.0,0.0,0.0,0.0,0.0,0.0,0.0,0.0,0.0,1.0,0.0
11,9,0.0,0.0,0.0,0.0,0.0,0.0,0.0,0.0,0.0,1.0,0.0
11,9,0.0,0.0,0.0,0.0,0.0,0.0,0.0,0.0,0.0,1.0,0.0
11,9,0.0,0.0,0.0,0.0,0.0,0.0,0.0,0.0,0.0,1.0,0.0
11,9,0.0,0.0,0.0,0.0,0.0,0.0,0.0,0.0,0.0,1.0,0.0
11,9,0.0,0.0,0.0,0.0,0.0,0.0,0.0,0.0,0.0,1.0,0.0
11,9,0.0,0.0,0.0,0.0,0.0,0.0,0.0,0.0,0.0,1.0,0.0
12,9,0.0,0.0,0.0,0.0,0.0,0.0,0.0,0.0,0.0,1.0,0.0
12,9,0.0,0.0,0.0,0.0,0.0,0.0,0.0,0.0,0.0,1.0,0.0
12,9,0.0,0.0,0.0,0.0,0.0,0.0,0.0,0.0,0.0,1.0,0.0
12,9,0.0,0.0,0.0,0.0,0.0,0.0,0.0,0.0,0.0,1.0,0.0
12,9,0.0,0.0,0.0,0.0,0.0,0.0,0.0,0.0,0.0,1.0,0.0
12,9,0.0,0.0,0.0,0.0,0.0,0.0,0.0,0.0,0.0,1.0,0.0
12,9,0.0,0.0,0.0,0.0,0.0,0.0,0.0,0.0,0.0,1.0,0.0
12,9,0.0,0.0,0.0,0.0,0.0,0.0,0.0,0.0,0.0,1.0,0.0
12,9,0.0,0.0,0.0,0.0,0.0,0.0,0.0,0.0,0.0,1.0,0.0
12,9,0.0,0.0,0.0,0.0,0.0,0.0,0.0,0.0,0.0,1.0,0.0
12,9,0.0,0.0,0.0,0.0,0.0,0.0,0.0,0.0,0.0,1.0,0.0
12,9,0.0,0.0,0.0,0.0,0.0,0.0,0.0,0.0,0.0,1.0,0.0
12,9,0.0,0.0,0.0,0.0,0.0,0.0,0.0,0.0,0.0,1.0,0.0
12,9,0.0,0.0,0.0,0.0,0.0,0.0,0.0,0.0,0.0,1.0,0.0
12,9,0.0,0.0,0.0,0.0,0.0,0.0,0.0,0.0,0.0,1.0,0.0
12,9,0.0,0.0,0.0,0.0,0.0,0.0,0.0,0.0,0.0,1.0,0.0
12,9,0.0,0.0,0.0,0.0,0.0,0.0,0.0,0.0,0.0,1.0,0.0
12,9,0.0,0.0,0.0,0.0,0.0,0.0,0.0,0.0,0.0,1.0,0.0
12,9,0.0,0.0,0.0,0.0,0.0,0.0,0.0,0.0,0.0,1.0,0.0
12,9,0.0,0.0,0.0,0.0,0.0,0.0,0.0,0.0,0.0,1.0,0.0
12,9,0.0,0.0,0.0,0.0,0.0,0.0,0.0,0.0,0.0,1.0,0.0
12,9,0.0,0.0,0.0,0.0,0.0,0.0,0.0,0.0,0.0,1.0,0.0
12,9,0.0,0.0,0.0,0.0,0.0,0.0,0.0,0.0,0.0,1.0,0.0
12,9,0.0,0.0,0.0,0.0,0.0,0.0,0.0,0.0,0.0,1.0,0.0
12,9,0.0,0.0,0.0,0.0,0.0,0.0,0.0,0.0,0.0,1.0,0.0
12,9,0.0,0.0,0.0,0.0,0.0,0.0,0.0,0.0,0.0,1.0,0.0
12,9,0.0,0.0,0.0,0.0,0.0,0.0,0.0,0.0,0.0,1.0,0.0
12,9,0.0,0.0,0.0,0.0,0.0,0.0,0.0,0.0,0.0,1.0,0.0
12,9,0.0,0.0,0.0,0.0,0.0,0.0,0.0,0.0,0.0,1.0,0.0
12,9,0.0,0.0,0.0,0.0,0.0,0.0,0.0,0.0,0.0,1.0,0.0
12,9,0.0,0.0,0.0,0.0,0.0,0.0,0.0,0.0,0.0,1.0,0.0
12,9,0.0,0.0,0.0,0.0,0.0,0.0,0.0,0.0,0.0,1.0,0.0
12,9,0.0,0.0,0.0,0.0,0.0,0.0,0.0,0.0,0.0,1.0,0.0
12,9,0.0,0.0,0.0,0.0,0.0,0.0,0.0,0.0,0.0,1.0,0.0
12,9,0.0,0.0,0.0,0.0,0.0,0.0,0.0,0.0,0.0,1.0,0.0
12,9,0.0,0.0,0.0,0.0,0.0,0.0,0.0,0.0,0.0,1.0,0.0
12,9,0.0,0.0,0.0,0.0,0.0,0.0,0.0,0.0,0.0,1.0,0.0
12,9,0.0,0.0,0.0,0.0,0.0,0.0,0.0,0.0,0.0,1.0,0.0
12,9,0.0,0.0,0.0,0.0,0.0,0.0,0.0,0.0,0.0,1.0,0.0
12,9,0.0,0.0,0.0,0.0,0.0,0.0,0.0,0.0,0.0,1.0,0.0
12,9,0.0,0.0,0.0,0.0,0.0,0.0,0.0,0.0,0.0,1.0,0.0
12,9,0.0,0.0,0.0,0.0,0.0,0.0,0.0,0.0,0.0,1.0,0.0
12,9,0.0,0.0,0.0,0.0,0.0,0.0,0.0,0.0,0.0,1.0,0.0
12,9,0.0,0.0,0.0,0.0,0.0,0.0,0.0,0.0,0.0,1.0,0.0
12,9,0.0,0.0,0.0,0.0,0.0,0.0,0.0,0.0,0.0,1.0,0.0
12,9,0.0,0.0,0.0,0.0,0.0,0.0,0.0,0.0,0.0,1.0,0.0
12,9,0.0,0.0,0.0,0.0,0.0,0.0,0.0,0.0,0.0,1.0,0.0
12,9,0.0,0.0,0.0,0.0,0.0,0.0,0.0,0.0,0.0,1.0,0.0
12,9,0.0,0.0,0.0,0.0,0.0,0.0,0.0,0.0,0.0,1.0,0.0
12,9,0.0,0.0,0.0,0.0,0.0,0.0,0.0,0.0,0.0,1.0,0.0
12,9,0.0,0.0,0.0,0.0,0.0,0.0,0.0,0.0,0.0,1.0,0.0
12,9,0.0,0.0,0.0,0.0,0.0,0.0,0.0,0.0,0.0,1.0,0.0
12,9,0.0,0.0,0.0,0.0,0.0,0.0,0.0,0.0,0.0,1.0,0.0
12,9,0.0,0.0,0.0,0.0,0.0,0.0,0.0,0.0,0.0,1.0,0.0
12,9,0.0,0.0,0.0,0.0,0.0,0.0,0.0,0.0,0.0,1.0,0.0
12,9,0.0,0.0,0.0,0.0,0.0,0.0,0.0,0.0,0.0,1.0,0.0
12,9,0.0,0.0,0.0,0.0,0.0,0.0,0.0,0.0,0.0,1.0,0.0
12,9,0.0,0.0,0.0,0.0,0.0,0.0,0.0,0.0,0.0,1.0,0.0
12,9,0.0,0.0,0.0,0.0,0.0,0.0,0.0,0.0,0.0,1.0,0.0
12,9,0.0,0.0,0.0,0.0,0.0,0.0,0.0,0.0,0.0,1.0,0.0
12,9,0.0,0.0,0.0,0.0,0.0,0.0,0.0,0.0,0.0,1.0,0.0
12,9,0.0,0.0,0.0,0.0,0.0,0.0,0.0,0.0,0.0,1.0,0.0
12,9,0.0,0.0,0.0,0.0,0.0,0.0,0.0,0.0,0.0,1.0,0.0
12,9,0.0,0.0,0.0,0.0,0.0,0.0,0.0,0.0,0.0,1.0,0.0
12,9,0.0,0.0,0.0,0.0,0.0,0.0,0.0,0.0,0.0,1.0,0.0
12,9,0.0,0.0,0.0,0.0,0.0,0.0,0.0,0.0,0.0,1.0,0.0
12,9,0.0,0.0,0.0,0.0,0.0,0.0,0.0,0.0,0.0,1.0,0.0
12,9,0.0,0.0,0.0,0.0,0.0,0.0,0.0,0.0,0.0,1.0,0.0
12,9,0.0,0.0,0.0,0.0,0.0,0.0,0.0,0.0,0.0,1.0,0.0
12,9,0.0,0.0,0.0,0.0,0.0,0.0,0.0,0.0,0.0,1.0,0.0
12,9,0.0,0.0,0.0,0.0,0.0,0.0,0.0,0.0,0.0,1.0,0.0
12,9,0.0,0.0,0.0,0.0,0.0,0.0,0.0,0.0,0.0,1.0,0.0
12,9,0.0,0.0,0.0,0.0,0.0,0.0,0.0,0.0,0.0,1.0,0.0
12,9,0.0,0.0,0.0,0.0,0.0,0.0,0.0,0.0,0.0,1.0,0.0
12,9,0.0,0.0,0.0,0.0,0.0,0.0,0.0,0.0,0.0,1.0,0.0
12,9,0.0,0.0,0.0,0.0,0.0,0.0,0.0,0.0,0.0,1.0,0.0
12,9,0.0,0.0,0.0,0.0,0.0,0.0,0.0,0.0,0.0,1.0,0.0
12,9,0.0,0.0,0.0,0.0,0.0,0.0,0.0,0.0,0.0,1.0,0.0
12,9,0.0,0.0,0.0,0.0,0.0,0.0,0.0,0.0,0.0,1.0,0.0
12,9,0.0,0.0,0.0,0.0,0.0,0.0,0.0,0.0,0.0,1.0,0.0
12,9,0.0,0.0,0.0,0.0,0.0,0.0,0.0,0.0,0.0,1.0,0.0
12,9,0.0,0.0,0.0,0.0,0.0,0.0,0.0,0.0,0.0,1.0,0.0
12,9,0.0,0.0,0.0,0.0,0.0,0.0,0.0,0.0,0.0,1.0,0.0
12,9,0.0,0.0,0.0,0.0,0.0,0.0,0.0,0.0,0.0,1.0,0.0
12,9,0.0,0.0,0.0,0.0,0.0,0.0,0.0,0.0,0.0,1.0,0.0
12,9,0.0,0.0,0.0,0.0,0.0,0.0,0.0,0.0,0.0,1.0,0.0
12,9,0.0,0.0,0.0,0.0,0.0,0.0,0.0,0.0,0.0,1.0,0.0
12,9,0.0,0.0,0.0,0.0,0.0,0.0,0.0,0.0,0.0,1.0,0.0
12,9,0.0,0.0,0.0,0.0,0.0,0.0,0.0,0.0,0.0,1.0,0.0
12,9,0.0,0.0,0.0,0.0,0.0,0.0,0.0,0.0,0.0,1.0,0.0
12,9,0.0,0.0,0.0,0.0,0.0,0.0,0.0,0.0,0.0,1.0,0.0
12,9,0.0,0.0,0.0,0.0,0.0,0.0,0.0,0.0,0.0,1.0,0.0
12,9,0.0,0.0,0.0,0.0,0.0,0.0,0.0,0.0,0.0,1.0,0.0
12,9,0.0,0.0,0.0,0.0,0.0,0.0,0.0,0.0,0.0,1.0,0.0
12,9,0.0,0.0,0.0,0.0,0.0,0.0,0.0,0.0,0.0,1.0,0.0
12,9,0.0,0.0,0.0,0.0,0.0,0.0,0.0,0.0,0.0,1.0,0.0
12,9,0.0,0.0,0.0,0.0,0.0,0.0,0.0,0.0,0.0,1.0,0.0
12,9,0.0,0.0,0.0,0.0,0.0,0.0,0.0,0.0,0.0,1.0,0.0
12,9,0.0,0.0,0.0,0.0,0.0,0.0,0.0,0.0,0.0,1.0,0.0
12,9,0.0,0.0,0.0,0.0,0.0,0.0,0.0,0.0,0.0,1.0,0.0
12,9,0.0,0.0,0.0,0.0,0.0,0.0,0.0,0.0,0.0,1.0,0.0
12,9,0.0,0.0,0.0,0.0,0.0,0.0,0.0,0.0,0.0,1.0,0.0
12,9,0.0,0.0,0.0,0.0,0.0,0.0,0.0,0.0,0.0,1.0,0.0
12,9,0.0,0.0,0.0,0.0,0.0,0.0,0.0,0.0,0.0,1.0,0.0
12,9,0.0,0.0,0.0,0.0,0.0,0.0,0.0,0.0,0.0,1.0,0.0
12,9,0.0,0.0,0.0,0.0,0.0,0.0,0.0,0.0,0.0,1.0,0.0
12,9,0.0,0.0,0.0,0.0,0.0,0.0,0.0,0.0,0.0,1.0,0.0
12,9,0.0,0.0,0.0,0.0,0.0,0.0,0.0,0.0,0.0,1.0,0.0
12,9,0.0,0.0,0.0,0.0,0.0,0.0,0.0,0.0,0.0,1.0,0.0
12,9,0.0,0.0,0.0,0.0,0.0,0.0,0.0,0.0,0.0,1.0,0.0
12,9,0.0,0.0,0.0,0.0,0.0,0.0,0.0,0.0,0.0,1.0,0.0
12,9,0.0,0.0,0.0,0.0,0.0,0.0,0.0,0.0,0.0,1.0,0.0
12,9,0.0,0.0,0.0,0.0,0.0,0.0,0.0,0.0,0.0,1.0,0.0
12,9,0.0,0.0,0.0,0.0,0.0,0.0,0.0,0.0,0.0,1.0,0.0
12,9,0.0,0.0,0.0,0.0,0.0,0.0,0.0,0.0,0.0,1.0,0.0
12,9,0.0,0.0,0.0,0.0,0.0,0.0,0.0,0.0,0.0,1.0,0.0
12,9,0.0,0.0,0.0,0.0,0.0,0.0,0.0,0.0,0.0,1.0,0.0
12,9,0.0,0.0,0.0,0.0,0.0,0.0,0.0,0.0,0.0,1.0,0.0
12,9,0.0,0.0,0.0,0.0,0.0,0.0,0.0,0.0,0.0,1.0,0.0
12,9,0.0,0.0,0.0,0.0,0.0,0.0,0.0,0.0,0.0,1.0,0.0
12,9,0.0,0.0,0.0,0.0,0.0,0.0,0.0,0.0,0.0,1.0,0.0
12,9,0.0,0.0,0.0,0.0,0.0,0.0,0.0,0.0,0.0,1.0,0.0
12,9,0.0,0.0,0.0,0.0,0.0,0.0,0.0,0.0,0.0,1.0,0.0
12,9,0.0,0.0,0.0,0.0,0.0,0.0,0.0,0.0,0.0,1.0,0.0
12,9,0.0,0.0,0.0,0.0,0.0,0.0,0.0,0.0,0.0,1.0,0.0
12,9,0.0,0.0,0.0,0.0,0.0,0.0,0.0,0.0,0.0,1.0,0.0
12,9,0.0,0.0,0.0,0.0,0.0,0.0,0.0,0.0,0.0,1.0,0.0
12,9,0.0,0.0,0.0,0.0,0.0,0.0,0.0,0.0,0.0,1.0,0.0
12,9,0.0,0.0,0.0,0.0,0.0,0.0,0.0,0.0,0.0,1.0,0.0
12,9,0.0,0.0,0.0,0.0,0.0,0.0,0.0,0.0,0.0,1.0,0.0
12,9,0.0,0.0,0.0,0.0,0.0,0.0,0.0,0.0,0.0,1.0,0.0
12,9,0.0,0.0,0.0,0.0,0.0,0.0,0.0,0.0,0.0,1.0,0.0
12,9,0.0,0.0,0.0,0.0,0.0,0.0,0.0,0.0,0.0,1.0,0.0
12,9,0.0,0.0,0.0,0.0,0.0,0.0,0.0,0.0,0.0,1.0,0.0
12,9,0.0,0.0,0.0,0.0,0.0,0.0,0.0,0.0,0.0,1.0,0.0
12,9,0.0,0.0,0.0,0.0,0.0,0.0,0.0,0.0,0.0,1.0,0.0
12,9,0.0,0.0,0.0,0.0,0.0,0.0,0.0,0.0,0.0,1.0,0.0
12,9,0.0,0.0,0.0,0.0,0.0,0.0,0.0,0.0,0.0,1.0,0.0
12,9,0.0,0.0,0.0,0.0,0.0,0.0,0.0,0.0,0.0,1.0,0.0
12,9,0.0,0.0,0.0,0.0,0.0,0.0,0.0,0.0,0.0,1.0,0.0
12,9,0.0,0.0,0.0,0.0,0.0,0.0,0.0,0.0,0.0,1.0,0.0
12,9,0.0,0.0,0.0,0.0,0.0,0.0,0.0,0.0,0.0,1.0,0.0
12,9,0.0,0.0,0.0,0.0,0.0,0.0,0.0,0.0,0.0,1.0,0.0
12,9,0.0,0.0,0.0,0.0,0.0,0.0,0.0,0.0,0.0,1.0,0.0
12,9,0.0,0.0,0.0,0.0,0.0,0.0,0.0,0.0,0.0,1.0,0.0
12,9,0.0,0.0,0.0,0.0,0.0,0.0,0.0,0.0,0.0,1.0,0.0
12,9,0.0,0.0,0.0,0.0,0.0,0.0,0.0,0.0,0.0,1.0,0.0
12,9,0.0,0.0,0.0,0.0,0.0,0.0,0.0,0.0,0.0,1.0,0.0
12,9,0.0,0.0,0.0,0.0,0.0,0.0,0.0,0.0,0.0,1.0,0.0
12,9,0.0,0.0,0.0,0.0,0.0,0.0,0.0,0.0,0.0,1.0,0.0
12,9,0.0,0.0,0.0,0.0,0.0,0.0,0.0,0.0,0.0,1.0,0.0
12,9,0.0,0.0,0.0,0.0,0.0,0.0,0.0,0.0,0.0,1.0,0.0
12,9,0.0,0.0,0.0,0.0,0.0,0.0,0.0,0.0,0.0,1.0,0.0
12,9,0.0,0.0,0.0,0.0,0.0,0.0,0.0,0.0,0.0,1.0,0.0
12,9,0.0,0.0,0.0,0.0,0.0,0.0,0.0,0.0,0.0,1.0,0.0
12,9,0.0,0.0,0.0,0.0,0.0,0.0,0.0,0.0,0.0,1.0,0.0
12,9,0.0,0.0,0.0,0.0,0.0,0.0,0.0,0.0,0.0,1.0,0.0
12,9,0.0,0.0,0.0,0.0,0.0,0.0,0.0,0.0,0.0,1.0,0.0
12,9,0.0,0.0,0.0,0.0,0.0,0.0,0.0,0.0,0.0,1.0,0.0
12,9,0.0,0.0,0.0,0.0,0.0,0.0,0.0,0.0,0.0,1.0,0.0
12,9,0.0,0.0,0.0,0.0,0.0,0.0,0.0,0.0,0.0,1.0,0.0
12,9,0.0,0.0,0.0,0.0,0.0,0.0,0.0,0.0,0.0,1.0,0.0
12,9,0.0,0.0,0.0,0.0,0.0,0.0,0.0,0.0,0.0,1.0,0.0
12,9,0.0,0.0,0.0,0.0,0.0,0.0,0.0,0.0,0.0,1.0,0.0
12,9,0.0,0.0,0.0,0.0,0.0,0.0,0.0,0.0,0.0,1.0,0.0
12,9,0.0,0.0,0.0,0.0,0.0,0.0,0.0,0.0,0.0,1.0,0.0
12,9,0.0,0.0,0.0,0.0,0.0,0.0,0.0,0.0,0.0,1.0,0.0
12,9,0.0,0.0,0.0,0.0,0.0,0.0,0.0,0.0,0.0,1.0,0.0
12,9,0.0,0.0,0.0,0.0,0.0,0.0,0.0,0.0,0.0,1.0,0.0
12,9,0.0,0.0,0.0,0.0,0.0,0.0,0.0,0.0,0.0,1.0,0.0
12,9,0.0,0.0,0.0,0.0,0.0,0.0,0.0,0.0,0.0,1.0,0.0
12,9,0.0,0.0,0.0,0.0,0.0,0.0,0.0,0.0,0.0,1.0,0.0
12,9,0.0,0.0,0.0,0.0,0.0,0.0,0.0,0.0,0.0,1.0,0.0
12,9,0.0,0.0,0.0,0.0,0.0,0.0,0.0,0.0,0.0,1.0,0.0
12,9,0.0,0.0,0.0,0.0,0.0,0.0,0.0,0.0,0.0,1.0,0.0
12,9,0.0,0.0,0.0,0.0,0.0,0.0,0.0,0.0,0.0,1.0,0.0
12,9,0.0,0.0,0.0,0.0,0.0,0.0,0.0,0.0,0.0,1.0,0.0
12,9,0.0,0.0,0.0,0.0,0.0,0.0,0.0,0.0,0.0,1.0,0.0
12,9,0.0,0.0,0.0,0.0,0.0,0.0,0.0,0.0,0.0,1.0,0.0
12,9,0.0,0.0,0.0,0.0,0.0,0.0,0.0,0.0,0.0,1.0,0.0
12,9,0.0,0.0,0.0,0.0,0.0,0.0,0.0,0.0,0.0,1.0,0.0
12,9,0.0,0.0,0.0,0.0,0.0,0.0,0.0,0.0,0.0,1.0,0.0
12,9,0.0,0.0,0.0,0.0,0.0,0.0,0.0,0.0,0.0,1.0,0.0
12,9,0.0,0.0,0.0,0.0,0.0,0.0,0.0,0.0,0.0,1.0,0.0
12,9,0.0,0.0,0.0,0.0,0.0,0.0,0.0,0.0,0.0,1.0,0.0
12,9,0.0,0.0,0.0,0.0,0.0,0.0,0.0,0.0,0.0,1.0,0.0
12,9,0.0,0.0,0.0,0.0,0.0,0.0,0.0,0.0,0.0,1.0,0.0
12,9,0.0,0.0,0.0,0.0,0.0,0.0,0.0,0.0,0.0,1.0,0.0
12,9,0.0,0.0,0.0,0.0,0.0,0.0,0.0,0.0,0.0,1.0,0.0
12,9,0.0,0.0,0.0,0.0,0.0,0.0,0.0,0.0,0.0,1.0,0.0
12,9,0.0,0.0,0.0,0.0,0.0,0.0,0.0,0.0,0.0,1.0,0.0
12,9,0.0,0.0,0.0,0.0,0.0,0.0,0.0,0.0,0.0,1.0,0.0
12,9,0.0,0.0,0.0,0.0,0.0,0.0,0.0,0.0,0.0,1.0,0.0
12,9,0.0,0.0,0.0,0.0,0.0,0.0,0.0,0.0,0.0,1.0,0.0
12,9,0.0,0.0,0.0,0.0,0.0,0.0,0.0,0.0,0.0,1.0,0.0
12,9,0.0,0.0,0.0,0.0,0.0,0.0,0.0,0.0,0.0,1.0,0.0
12,9,0.0,0.0,0.0,0.0,0.0,0.0,0.0,0.0,0.0,1.0,0.0
12,9,0.0,0.0,0.0,0.0,0.0,0.0,0.0,0.0,0.0,1.0,0.0
12,9,0.0,0.0,0.0,0.0,0.0,0.0,0.0,0.0,0.0,1.0,0.0
12,9,0.0,0.0,0.0,0.0,0.0,0.0,0.0,0.0,0.0,1.0,0.0
12,9,0.0,0.0,0.0,0.0,0.0,0.0,0.0,0.0,0.0,1.0,0.0
12,9,0.0,0.0,0.0,0.0,0.0,0.0,0.0,0.0,0.0,1.0,0.0
12,9,0.0,0.0,0.0,0.0,0.0,0.0,0.0,0.0,0.0,1.0,0.0
12,9,0.0,0.0,0.0,0.0,0.0,0.0,0.0,0.0,0.0,1.0,0.0
12,9,0.0,0.0,0.0,0.0,0.0,0.0,0.0,0.0,0.0,1.0,0.0
12,9,0.0,0.0,0.0,0.0,0.0,0.0,0.0,0.0,0.0,1.0,0.0
12,9,0.0,0.0,0.0,0.0,0.0,0.0,0.0,0.0,0.0,1.0,0.0
12,9,0.0,0.0,0.0,0.0,0.0,0.0,0.0,0.0,0.0,1.0,0.0
12,9,0.0,0.0,0.0,0.0,0.0,0.0,0.0,0.0,0.0,1.0,0.0
12,9,0.0,0.0,0.0,0.0,0.0,0.0,0.0,0.0,0.0,1.0,0.0
12,9,0.0,0.0,0.0,0.0,0.0,0.0,0.0,0.0,0.0,1.0,0.0
12,9,0.0,0.0,0.0,0.0,0.0,0.0,0.0,0.0,0.0,1.0,0.0
12,9,0.0,0.0,0.0,0.0,0.0,0.0,0.0,0.0,0.0,1.0,0.0
12,9,0.0,0.0,0.0,0.0,0.0,0.0,0.0,0.0,0.0,1.0,0.0
12,9,0.0,0.0,0.0,0.0,0.0,0.0,0.0,0.0,0.0,1.0,0.0
12,9,0.0,0.0,0.0,0.0,0.0,0.0,0.0,0.0,0.0,1.0,0.0
12,9,0.0,0.0,0.0,0.0,0.0,0.0,0.0,0.0,0.0,1.0,0.0
12,9,0.0,0.0,0.0,0.0,0.0,0.0,0.0,0.0,0.0,1.0,0.0
12,9,0.0,0.0,0.0,0.0,0.0,0.0,0.0,0.0,0.0,1.0,0.0
12,9,0.0,0.0,0.0,0.0,0.0,0.0,0.0,0.0,0.0,1.0,0.0
12,9,0.0,0.0,0.0,0.0,0.0,0.0,0.0,0.0,0.0,1.0,0.0
12,9,0.0,0.0,0.0,0.0,0.0,0.0,0.0,0.0,0.0,1.0,0.0
12,9,0.0,0.0,0.0,0.0,0.0,0.0,0.0,0.0,0.0,1.0,0.0
12,9,0.0,0.0,0.0,0.0,0.0,0.0,0.0,0.0,0.0,1.0,0.0
12,9,0.0,0.0,0.0,0.0,0.0,0.0,0.0,0.0,0.0,1.0,0.0
12,9,0.0,0.0,0.0,0.0,0.0,0.0,0.0,0.0,0.0,1.0,0.0
12,9,0.0,0.0,0.0,0.0,0.0,0.0,0.0,0.0,0.0,1.0,0.0
12,9,0.0,0.0,0.0,0.0,0.0,0.0,0.0,0.0,0.0,1.0,0.0
12,9,0.0,0.0,0.0,0.0,0.0,0.0,0.0,0.0,0.0,1.0,0.0
12,9,0.0,0.0,0.0,0.0,0.0,0.0,0.0,0.0,0.0,1.0,0.0
12,9,0.0,0.0,0.0,0.0,0.0,0.0,0.0,0.0,0.0,1.0,0.0
12,9,0.0,0.0,0.0,0.0,0.0,0.0,0.0,0.0,0.0,1.0,0.0
12,9,0.0,0.0,0.0,0.0,0.0,0.0,0.0,0.0,0.0,1.0,0.0
12,9,0.0,0.0,0.0,0.0,0.0,0.0,0.0,0.0,0.0,1.0,0.0
12,9,0.0,0.0,0.0,0.0,0.0,0.0,0.0,0.0,0.0,1.0,0.0
12,9,0.0,0.0,0.0,0.0,0.0,0.0,0.0,0.0,0.0,1.0,0.0
12,9,0.0,0.0,0.0,0.0,0.0,0.0,0.0,0.0,0.0,1.0,0.0
12,9,0.0,0.0,0.0,0.0,0.0,0.0,0.0,0.0,0.0,1.0,0.0
12,9,0.0,0.0,0.0,0.0,0.0,0.0,0.0,0.0,0.0,1.0,0.0
12,9,0.0,0.0,0.0,0.0,0.0,0.0,0.0,0.0,0.0,1.0,0.0
12,9,0.0,0.0,0.0,0.0,0.0,0.0,0.0,0.0,0.0,1.0,0.0
12,9,0.0,0.0,0.0,0.0,0.0,0.0,0.0,0.0,0.0,1.0,0.0
12,9,0.0,0.0,0.0,0.0,0.0,0.0,0.0,0.0,0.0,1.0,0.0
12,9,0.0,0.0,0.0,0.0,0.0,0.0,0.0,0.0,0.0,1.0,0.0
12,9,0.0,0.0,0.0,0.0,0.0,0.0,0.0,0.0,0.0,1.0,0.0
12,9,0.0,0.0,0.0,0.0,0.0,0.0,0.0,0.0,0.0,1.0,0.0
12,9,0.0,0.0,0.0,0.0,0.0,0.0,0.0,0.0,0.0,1.0,0.0
12,9,0.0,0.0,0.0,0.0,0.0,0.0,0.0,0.0,0.0,1.0,0.0
12,9,0.0,0.0,0.0,0.0,0.0,0.0,0.0,0.0,0.0,1.0,0.0
12,9,0.0,0.0,0.0,0.0,0.0,0.0,0.0,0.0,0.0,1.0,0.0
12,9,0.0,0.0,0.0,0.0,0.0,0.0,0.0,0.0,0.0,1.0,0.0
12,9,0.0,0.0,0.0,0.0,0.0,0.0,0.0,0.0,0.0,1.0,0.0
12,9,0.0,0.0,0.0,0.0,0.0,0.0,0.0,0.0,0.0,1.0,0.0
12,9,0.0,0.0,0.0,0.0,0.0,0.0,0.0,0.0,0.0,1.0,0.0
12,9,0.0,0.0,0.0,0.0,0.0,0.0,0.0,0.0,0.0,1.0,0.0
12,9,0.0,0.0,0.0,0.0,0.0,0.0,0.0,0.0,0.0,1.0,0.0
12,9,0.0,0.0,0.0,0.0,0.0,0.0,0.0,0.0,0.0,1.0,0.0
12,9,0.0,0.0,0.0,0.0,0.0,0.0,0.0,0.0,0.0,1.0,0.0
12,9,0.0,0.0,0.0,0.0,0.0,0.0,0.0,0.0,0.0,1.0,0.0
12,9,0.0,0.0,0.0,0.0,0.0,0.0,0.0,0.0,0.0,1.0,0.0
12,9,0.0,0.0,0.0,0.0,0.0,0.0,0.0,0.0,0.0,1.0,0.0
12,9,0.0,0.0,0.0,0.0,0.0,0.0,0.0,0.0,0.0,1.0,0.0
12,9,0.0,0.0,0.0,0.0,0.0,0.0,0.0,0.0,0.0,1.0,0.0
12,9,0.0,0.0,0.0,0.0,0.0,0.0,0.0,0.0,0.0,1.0,0.0
12,9,0.0,0.0,0.0,0.0,0.0,0.0,0.0,0.0,0.0,1.0,0.0
12,9,0.0,0.0,0.0,0.0,0.0,0.0,0.0,0.0,0.0,1.0,0.0
12,9,0.0,0.0,0.0,0.0,0.0,0.0,0.0,0.0,0.0,1.0,0.0
12,9,0.0,0.0,0.0,0.0,0.0,0.0,0.0,0.0,0.0,1.0,0.0
12,9,0.0,0.0,0.0,0.0,0.0,0.0,0.0,0.0,0.0,1.0,0.0
12,9,0.0,0.0,0.0,0.0,0.0,0.0,0.0,0.0,0.0,1.0,0.0
12,9,0.0,0.0,0.0,0.0,0.0,0.0,0.0,0.0,0.0,1.0,0.0
12,9,0.0,0.0,0.0,0.0,0.0,0.0,0.0,0.0,0.0,1.0,0.0
12,9,0.0,0.0,0.0,0.0,0.0,0.0,0.0,0.0,0.0,1.0,0.0
12,9,0.0,0.0,0.0,0.0,0.0,0.0,0.0,0.0,0.0,1.0,0.0
12,9,0.0,0.0,0.0,0.0,0.0,0.0,0.0,0.0,0.0,1.0,0.0
12,9,0.0,0.0,0.0,0.0,0.0,0.0,0.0,0.0,0.0,1.0,0.0
12,9,0.0,0.0,0.0,0.0,0.0,0.0,0.0,0.0,0.0,1.0,0.0
12,9,0.0,0.0,0.0,0.0,0.0,0.0,0.0,0.0,0.0,1.0,0.0
12,9,0.0,0.0,0.0,0.0,0.0,0.0,0.0,0.0,0.0,1.0,0.0
12,9,0.0,0.0,0.0,0.0,0.0,0.0,0.0,0.0,0.0,1.0,0.0
12,9,0.0,0.0,0.0,0.0,0.0,0.0,0.0,0.0,0.0,1.0,0.0
12,9,0.0,0.0,0.0,0.0,0.0,0.0,0.0,0.0,0.0,1.0,0.0
12,9,0.0,0.0,0.0,0.0,0.0,0.0,0.0,0.0,0.0,1.0,0.0
12,9,0.0,0.0,0.0,0.0,0.0,0.0,0.0,0.0,0.0,1.0,0.0
12,9,0.0,0.0,0.0,0.0,0.0,0.0,0.0,0.0,0.0,1.0,0.0
12,9,0.0,0.0,0.0,0.0,0.0,0.0,0.0,0.0,0.0,1.0,0.0
12,9,0.0,0.0,0.0,0.0,0.0,0.0,0.0,0.0,0.0,1.0,0.0
12,9,0.0,0.0,0.0,0.0,0.0,0.0,0.0,0.0,0.0,1.0,0.0
12,9,0.0,0.0,0.0,0.0,0.0,0.0,0.0,0.0,0.0,1.0,0.0
12,9,0.0,0.0,0.0,0.0,0.0,0.0,0.0,0.0,0.0,1.0,0.0
12,9,0.0,0.0,0.0,0.0,0.0,0.0,0.0,0.0,0.0,1.0,0.0
12,9,0.0,0.0,0.0,0.0,0.0,0.0,0.0,0.0,0.0,1.0,0.0
12,9,0.0,0.0,0.0,0.0,0.0,0.0,0.0,0.0,0.0,1.0,0.0
12,9,0.0,0.0,0.0,0.0,0.0,0.0,0.0,0.0,0.0,1.0,0.0
12,9,0.0,0.0,0.0,0.0,0.0,0.0,0.0,0.0,0.0,1.0,0.0
12,9,0.0,0.0,0.0,0.0,0.0,0.0,0.0,0.0,0.0,1.0,0.0
12,9,0.0,0.0,0.0,0.0,0.0,0.0,0.0,0.0,0.0,1.0,0.0
12,9,0.0,0.0,0.0,0.0,0.0,0.0,0.0,0.0,0.0,1.0,0.0
12,9,0.0,0.0,0.0,0.0,0.0,0.0,0.0,0.0,0.0,1.0,0.0
12,9,0.0,0.0,0.0,0.0,0.0,0.0,0.0,0.0,0.0,1.0,0.0
12,9,0.0,0.0,0.0,0.0,0.0,0.0,0.0,0.0,0.0,1.0,0.0
12,9,0.0,0.0,0.0,0.0,0.0,0.0,0.0,0.0,0.0,1.0,0.0
12,9,0.0,0.0,0.0,0.0,0.0,0.0,0.0,0.0,0.0,1.0,0.0
12,9,0.0,0.0,0.0,0.0,0.0,0.0,0.0,0.0,0.0,1.0,0.0
12,9,0.0,0.0,0.0,0.0,0.0,0.0,0.0,0.0,0.0,1.0,0.0
12,9,0.0,0.0,0.0,0.0,0.0,0.0,0.0,0.0,0.0,1.0,0.0
12,9,0.0,0.0,0.0,0.0,0.0,0.0,0.0,0.0,0.0,1.0,0.0
12,9,0.0,0.0,0.0,0.0,0.0,0.0,0.0,0.0,0.0,1.0,0.0
12,9,0.0,0.0,0.0,0.0,0.0,0.0,0.0,0.0,0.0,1.0,0.0
12,9,0.0,0.0,0.0,0.0,0.0,0.0,0.0,0.0,0.0,1.0,0.0
12,9,0.0,0.0,0.0,0.0,0.0,0.0,0.0,0.0,0.0,1.0,0.0
12,9,0.0,0.0,0.0,0.0,0.0,0.0,0.0,0.0,0.0,1.0,0.0
12,9,0.0,0.0,0.0,0.0,0.0,0.0,0.0,0.0,0.0,1.0,0.0
12,9,0.0,0.0,0.0,0.0,0.0,0.0,0.0,0.0,0.0,1.0,0.0
12,9,0.0,0.0,0.0,0.0,0.0,0.0,0.0,0.0,0.0,1.0,0.0
12,9,0.0,0.0,0.0,0.0,0.0,0.0,0.0,0.0,0.0,1.0,0.0
12,9,0.0,0.0,0.0,0.0,0.0,0.0,0.0,0.0,0.0,1.0,0.0
12,9,0.0,0.0,0.0,0.0,0.0,0.0,0.0,0.0,0.0,1.0,0.0
12,9,0.0,0.0,0.0,0.0,0.0,0.0,0.0,0.0,0.0,1.0,0.0
12,9,0.0,0.0,0.0,0.0,0.0,0.0,0.0,0.0,0.0,1.0,0.0
12,9,0.0,0.0,0.0,0.0,0.0,0.0,0.0,0.0,0.0,1.0,0.0
12,9,0.0,0.0,0.0,0.0,0.0,0.0,0.0,0.0,0.0,1.0,0.0
12,9,0.0,0.0,0.0,0.0,0.0,0.0,0.0,0.0,0.0,1.0,0.0
12,9,0.0,0.0,0.0,0.0,0.0,0.0,0.0,0.0,0.0,1.0,0.0
12,9,0.0,0.0,0.0,0.0,0.0,0.0,0.0,0.0,0.0,1.0,0.0
12,9,0.0,0.0,0.0,0.0,0.0,0.0,0.0,0.0,0.0,1.0,0.0
12,9,0.0,0.0,0.0,0.0,0.0,0.0,0.0,0.0,0.0,1.0,0.0
12,9,0.0,0.0,0.0,0.0,0.0,0.0,0.0,0.0,0.0,1.0,0.0
12,9,0.0,0.0,0.0,0.0,0.0,0.0,0.0,0.0,0.0,1.0,0.0
12,9,0.0,0.0,0.0,0.0,0.0,0.0,0.0,0.0,0.0,1.0,0.0
12,9,0.0,0.0,0.0,0.0,0.0,0.0,0.0,0.0,0.0,1.0,0.0
12,9,0.0,0.0,0.0,0.0,0.0,0.0,0.0,0.0,0.0,1.0,0.0
12,9,0.0,0.0,0.0,0.0,0.0,0.0,0.0,0.0,0.0,1.0,0.0
12,9,0.0,0.0,0.0,0.0,0.0,0.0,0.0,0.0,0.0,1.0,0.0
12,9,0.0,0.0,0.0,0.0,0.0,0.0,0.0,0.0,0.0,1.0,0.0
12,9,0.0,0.0,0.0,0.0,0.0,0.0,0.0,0.0,0.0,1.0,0.0
12,9,0.0,0.0,0.0,0.0,0.0,0.0,0.0,0.0,0.0,1.0,0.0
12,9,0.0,0.0,0.0,0.0,0.0,0.0,0.0,0.0,0.0,1.0,0.0
12,9,0.0,0.0,0.0,0.0,0.0,0.0,0.0,0.0,0.0,1.0,0.0
12,9,0.0,0.0,0.0,0.0,0.0,0.0,0.0,0.0,0.0,1.0,0.0
12,9,0.0,0.0,0.0,0.0,0.0,0.0,0.0,0.0,0.0,1.0,0.0
12,9,0.0,0.0,0.0,0.0,0.0,0.0,0.0,0.0,0.0,1.0,0.0
12,9,0.0,0.0,0.0,0.0,0.0,0.0,0.0,0.0,0.0,1.0,0.0
12,9,0.0,0.0,0.0,0.0,0.0,0.0,0.0,0.0,0.0,1.0,0.0
12,9,0.0,0.0,0.0,0.0,0.0,0.0,0.0,0.0,0.0,1.0,0.0
12,9,0.0,0.0,0.0,0.0,0.0,0.0,0.0,0.0,0.0,1.0,0.0
12,9,0.0,0.0,0.0,0.0,0.0,0.0,0.0,0.0,0.0,1.0,0.0
12,9,0.0,0.0,0.0,0.0,0.0,0.0,0.0,0.0,0.0,1.0,0.0
12,9,0.0,0.0,0.0,0.0,0.0,0.0,0.0,0.0,0.0,1.0,0.0
12,9,0.0,0.0,0.0,0.0,0.0,0.0,0.0,0.0,0.0,1.0,0.0
12,9,0.0,0.0,0.0,0.0,0.0,0.0,0.0,0.0,0.0,1.0,0.0
12,9,0.0,0.0,0.0,0.0,0.0,0.0,0.0,0.0,0.0,1.0,0.0
12,9,0.0,0.0,0.0,0.0,0.0,0.0,0.0,0.0,0.0,1.0,0.0
12,9,0.0,0.0,0.0,0.0,0.0,0.0,0.0,0.0,0.0,1.0,0.0
12,9,0.0,0.0,0.0,0.0,0.0,0.0,0.0,0.0,0.0,1.0,0.0
12,9,0.0,0.0,0.0,0.0,0.0,0.0,0.0,0.0,0.0,1.0,0.0
12,9,0.0,0.0,0.0,0.0,0.0,0.0,0.0,0.0,0.0,1.0,0.0
12,9,0.0,0.0,0.0,0.0,0.0,0.0,0.0,0.0,0.0,1.0,0.0
12,9,0.0,0.0,0.0,0.0,0.0,0.0,0.0,0.0,0.0,1.0,0.0
12,9,0.0,0.0,0.0,0.0,0.0,0.0,0.0,0.0,0.0,1.0,0.0
12,9,0.0,0.0,0.0,0.0,0.0,0.0,0.0,0.0,0.0,1.0,0.0
12,9,0.0,0.0,0.0,0.0,0.0,0.0,0.0,0.0,0.0,1.0,0.0
12,9,0.0,0.0,0.0,0.0,0.0,0.0,0.0,0.0,0.0,1.0,0.0
12,9,0.0,0.0,0.0,0.0,0.0,0.0,0.0,0.0,0.0,1.0,0.0
12,9,0.0,0.0,0.0,0.0,0.0,0.0,0.0,0.0,0.0,1.0,0.0
12,9,0.0,0.0,0.0,0.0,0.0,0.0,0.0,0.0,0.0,1.0,0.0
12,9,0.0,0.0,0.0,0.0,0.0,0.0,0.0,0.0,0.0,1.0,0.0
12,9,0.0,0.0,0.0,0.0,0.0,0.0,0.0,0.0,0.0,1.0,0.0
12,9,0.0,0.0,0.0,0.0,0.0,0.0,0.0,0.0,0.0,1.0,0.0
12,9,0.0,0.0,0.0,0.0,0.0,0.0,0.0,0.0,0.0,1.0,0.0
12,9,0.0,0.0,0.0,0.0,0.0,0.0,0.0,0.0,0.0,1.0,0.0
12,9,0.0,0.0,0.0,0.0,0.0,0.0,0.0,0.0,0.0,1.0,0.0
12,9,0.0,0.0,0.0,0.0,0.0,0.0,0.0,0.0,0.0,1.0,0.0
12,9,0.0,0.0,0.0,0.0,0.0,0.0,0.0,0.0,0.0,1.0,0.0
12,9,0.0,0.0,0.0,0.0,0.0,0.0,0.0,0.0,0.0,1.0,0.0
12,9,0.0,0.0,0.0,0.0,0.0,0.0,0.0,0.0,0.0,1.0,0.0
12,9,0.0,0.0,0.0,0.0,0.0,0.0,0.0,0.0,0.0,1.0,0.0
12,9,0.0,0.0,0.0,0.0,0.0,0.0,0.0,0.0,0.0,1.0,0.0
12,9,0.0,0.0,0.0,0.0,0.0,0.0,0.0,0.0,0.0,1.0,0.0
12,9,0.0,0.0,0.0,0.0,0.0,0.0,0.0,0.0,0.0,1.0,0.0
12,9,0.0,0.0,0.0,0.0,0.0,0.0,0.0,0.0,0.0,1.0,0.0
12,9,0.0,0.0,0.0,0.0,0.0,0.0,0.0,0.0,0.0,1.0,0.0
12,9,0.0,0.0,0.0,0.0,0.0,0.0,0.0,0.0,0.0,1.0,0.0
12,9,0.0,0.0,0.0,0.0,0.0,0.0,0.0,0.0,0.0,1.0,0.0
12,9,0.0,0.0,0.0,0.0,0.0,0.0,0.0,0.0,0.0,1.0,0.0
12,9,0.0,0.0,0.0,0.0,0.0,0.0,0.0,0.0,0.0,1.0,0.0
12,9,0.0,0.0,0.0,0.0,0.0,0.0,0.0,0.0,0.0,1.0,0.0
12,9,0.0,0.0,0.0,0.0,0.0,0.0,0.0,0.0,0.0,1.0,0.0
12,9,0.0,0.0,0.0,0.0,0.0,0.0,0.0,0.0,0.0,1.0,0.0
12,9,0.0,0.0,0.0,0.0,0.0,0.0,0.0,0.0,0.0,1.0,0.0
12,9,0.0,0.0,0.0,0.0,0.0,0.0,0.0,0.0,0.0,1.0,0.0
12,9,0.0,0.0,0.0,0.0,0.0,0.0,0.0,0.0,0.0,1.0,0.0
12,9,0.0,0.0,0.0,0.0,0.0,0.0,0.0,0.0,0.0,1.0,0.0
12,9,0.0,0.0,0.0,0.0,0.0,0.0,0.0,0.0,0.0,1.0,0.0
12,9,0.0,0.0,0.0,0.0,0.0,0.0,0.0,0.0,0.0,1.0,0.0
12,9,0.0,0.0,0.0,0.0,0.0,0.0,0.0,0.0,0.0,1.0,0.0
12,9,0.0,0.0,0.0,0.0,0.0,0.0,0.0,0.0,0.0,1.0,0.0
12,9,0.0,0.0,0.0,0.0,0.0,0.0,0.0,0.0,0.0,1.0,0.0
12,9,0.0,0.0,0.0,0.0,0.0,0.0,0.0,0.0,0.0,1.0,0.0
12,9,0.0,0.0,0.0,0.0,0.0,0.0,0.0,0.0,0.0,1.0,0.0
12,9,0.0,0.0,0.0,0.0,0.0,0.0,0.0,0.0,0.0,1.0,0.0
12,9,0.0,0.0,0.0,0.0,0.0,0.0,0.0,0.0,0.0,1.0,0.0
12,9,0.0,0.0,0.0,0.0,0.0,0.0,0.0,0.0,0.0,1.0,0.0
12,9,0.0,0.0,0.0,0.0,0.0,0.0,0.0,0.0,0.0,1.0,0.0
12,9,0.0,0.0,0.0,0.0,0.0,0.0,0.0,0.0,0.0,1.0,0.0
12,9,0.0,0.0,0.0,0.0,0.0,0.0,0.0,0.0,0.0,1.0,0.0
12,9,0.0,0.0,0.0,0.0,0.0,0.0,0.0,0.0,0.0,1.0,0.0
12,9,0.0,0.0,0.0,0.0,0.0,0.0,0.0,0.0,0.0,1.0,0.0
12,9,0.0,0.0,0.0,0.0,0.0,0.0,0.0,0.0,0.0,1.0,0.0
12,9,0.0,0.0,0.0,0.0,0.0,0.0,0.0,0.0,0.0,1.0,0.0
12,9,0.0,0.0,0.0,0.0,0.0,0.0,0.0,0.0,0.0,1.0,0.0
12,9,0.0,0.0,0.0,0.0,0.0,0.0,0.0,0.0,0.0,1.0,0.0
12,9,0.0,0.0,0.0,0.0,0.0,0.0,0.0,0.0,0.0,1.0,0.0
12,9,0.0,0.0,0.0,0.0,0.0,0.0,0.0,0.0,0.0,1.0,0.0
12,9,0.0,0.0,0.0,0.0,0.0,0.0,0.0,0.0,0.0,1.0,0.0
12,9,0.0,0.0,0.0,0.0,0.0,0.0,0.0,0.0,0.0,1.0,0.0
12,9,0.0,0.0,0.0,0.0,0.0,0.0,0.0,0.0,0.0,1.0,0.0
12,9,0.0,0.0,0.0,0.0,0.0,0.0,0.0,0.0,0.0,1.0,0.0
12,9,0.0,0.0,0.0,0.0,0.0,0.0,0.0,0.0,0.0,1.0,0.0
12,9,0.0,0.0,0.0,0.0,0.0,0.0,0.0,0.0,0.0,1.0,0.0
12,9,0.0,0.0,0.0,0.0,0.0,0.0,0.0,0.0,0.0,1.0,0.0
12,9,0.0,0.0,0.0,0.0,0.0,0.0,0.0,0.0,0.0,1.0,0.0
12,9,0.0,0.0,0.0,0.0,0.0,0.0,0.0,0.0,0.0,1.0,0.0
12,9,0.0,0.0,0.0,0.0,0.0,0.0,0.0,0.0,0.0,1.0,0.0
12,9,0.0,0.0,0.0,0.0,0.0,0.0,0.0,0.0,0.0,1.0,0.0
12,9,0.0,0.0,0.0,0.0,0.0,0.0,0.0,0.0,0.0,1.0,0.0
12,9,0.0,0.0,0.0,0.0,0.0,0.0,0.0,0.0,0.0,1.0,0.0
12,9,0.0,0.0,0.0,0.0,0.0,0.0,0.0,0.0,0.0,1.0,0.0
12,9,0.0,0.0,0.0,0.0,0.0,0.0,0.0,0.0,0.0,1.0,0.0
12,9,0.0,0.0,0.0,0.0,0.0,0.0,0.0,0.0,0.0,1.0,0.0
12,9,0.0,0.0,0.0,0.0,0.0,0.0,0.0,0.0,0.0,1.0,0.0
12,9,0.0,0.0,0.0,0.0,0.0,0.0,0.0,0.0,0.0,1.0,0.0
12,9,0.0,0.0,0.0,0.0,0.0,0.0,0.0,0.0,0.0,1.0,0.0
12,9,0.0,0.0,0.0,0.0,0.0,0.0,0.0,0.0,0.0,1.0,0.0
12,9,0.0,0.0,0.0,0.0,0.0,0.0,0.0,0.0,0.0,1.0,0.0
12,9,0.0,0.0,0.0,0.0,0.0,0.0,0.0,0.0,0.0,1.0,0.0
12,9,0.0,0.0,0.0,0.0,0.0,0.0,0.0,0.0,0.0,1.0,0.0
12,9,0.0,0.0,0.0,0.0,0.0,0.0,0.0,0.0,0.0,1.0,0.0
12,9,0.0,0.0,0.0,0.0,0.0,0.0,0.0,0.0,0.0,1.0,0.0
12,9,0.0,0.0,0.0,0.0,0.0,0.0,0.0,0.0,0.0,1.0,0.0
12,9,0.0,0.0,0.0,0.0,0.0,0.0,0.0,0.0,0.0,1.0,0.0
12,9,0.0,0.0,0.0,0.0,0.0,0.0,0.0,0.0,0.0,1.0,0.0
12,9,0.0,0.0,0.0,0.0,0.0,0.0,0.0,0.0,0.0,1.0,0.0
12,9,0.0,0.0,0.0,0.0,0.0,0.0,0.0,0.0,0.0,1.0,0.0
12,9,0.0,0.0,0.0,0.0,0.0,0.0,0.0,0.0,0.0,1.0,0.0
12,9,0.0,0.0,0.0,0.0,0.0,0.0,0.0,0.0,0.0,1.0,0.0
12,9,0.0,0.0,0.0,0.0,0.0,0.0,0.0,0.0,0.0,1.0,0.0
12,9,0.0,0.0,0.0,0.0,0.0,0.0,0.0,0.0,0.0,1.0,0.0
12,9,0.0,0.0,0.0,0.0,0.0,0.0,0.0,0.0,0.0,1.0,0.0
12,9,0.0,0.0,0.0,0.0,0.0,0.0,0.0,0.0,0.0,1.0,0.0
12,9,0.0,0.0,0.0,0.0,0.0,0.0,0.0,0.0,0.0,1.0,0.0
12,9,0.0,0.0,0.0,0.0,0.0,0.0,0.0,0.0,0.0,1.0,0.0
12,9,0.0,0.0,0.0,0.0,0.0,0.0,0.0,0.0,0.0,1.0,0.0
12,9,0.0,0.0,0.0,0.0,0.0,0.0,0.0,0.0,0.0,1.0,0.0
12,9,0.0,0.0,0.0,0.0,0.0,0.0,0.0,0.0,0.0,1.0,0.0
12,9,0.0,0.0,0.0,0.0,0.0,0.0,0.0,0.0,0.0,1.0,0.0
12,9,0.0,0.0,0.0,0.0,0.0,0.0,0.0,0.0,0.0,1.0,0.0
12,9,0.0,0.0,0.0,0.0,0.0,0.0,0.0,0.0,0.0,1.0,0.0
12,9,0.0,0.0,0.0,0.0,0.0,0.0,0.0,0.0,0.0,1.0,0.0
12,9,0.0,0.0,0.0,0.0,0.0,0.0,0.0,0.0,0.0,1.0,0.0
12,9,0.0,0.0,0.0,0.0,0.0,0.0,0.0,0.0,0.0,1.0,0.0
12,9,0.0,0.0,0.0,0.0,0.0,0.0,0.0,0.0,0.0,1.0,0.0
12,9,0.0,0.0,0.0,0.0,0.0,0.0,0.0,0.0,0.0,1.0,0.0
12,9,0.0,0.0,0.0,0.0,0.0,0.0,0.0,0.0,0.0,1.0,0.0
12,9,0.0,0.0,0.0,0.0,0.0,0.0,0.0,0.0,0.0,1.0,0.0
12,9,0.0,0.0,0.0,0.0,0.0,0.0,0.0,0.0,0.0,1.0,0.0
12,9,0.0,0.0,0.0,0.0,0.0,0.0,0.0,0.0,0.0,1.0,0.0
12,9,0.0,0.0,0.0,0.0,0.0,0.0,0.0,0.0,0.0,1.0,0.0
12,9,0.0,0.0,0.0,0.0,0.0,0.0,0.0,0.0,0.0,1.0,0.0
12,9,0.0,0.0,0.0,0.0,0.0,0.0,0.0,0.0,0.0,1.0,0.0
12,9,0.0,0.0,0.0,0.0,0.0,0.0,0.0,0.0,0.0,1.0,0.0
12,9,0.0,0.0,0.0,0.0,0.0,0.0,0.0,0.0,0.0,1.0,0.0
12,9,0.0,0.0,0.0,0.0,0.0,0.0,0.0,0.0,0.0,1.0,0.0
12,9,0.0,0.0,0.0,0.0,0.0,0.0,0.0,0.0,0.0,1.0,0.0
12,9,0.0,0.0,0.0,0.0,0.0,0.0,0.0,0.0,0.0,1.0,0.0
12,9,0.0,0.0,0.0,0.0,0.0,0.0,0.0,0.0,0.0,1.0,0.0
12,9,0.0,0.0,0.0,0.0,0.0,0.0,0.0,0.0,0.0,1.0,0.0
12,9,0.0,0.0,0.0,0.0,0.0,0.0,0.0,0.0,0.0,1.0,0.0
12,9,0.0,0.0,0.0,0.0,0.0,0.0,0.0,0.0,0.0,1.0,0.0
12,9,0.0,0.0,0.0,0.0,0.0,0.0,0.0,0.0,0.0,1.0,0.0
12,9,0.0,0.0,0.0,0.0,0.0,0.0,0.0,0.0,0.0,1.0,0.0
12,9,0.0,0.0,0.0,0.0,0.0,0.0,0.0,0.0,0.0,1.0,0.0
12,9,0.0,0.0,0.0,0.0,0.0,0.0,0.0,0.0,0.0,1.0,0.0
12,9,0.0,0.0,0.0,0.0,0.0,0.0,0.0,0.0,0.0,1.0,0.0
12,9,0.0,0.0,0.0,0.0,0.0,0.0,0.0,0.0,0.0,1.0,0.0
12,9,0.0,0.0,0.0,0.0,0.0,0.0,0.0,0.0,0.0,1.0,0.0
12,9,0.0,0.0,0.0,0.0,0.0,0.0,0.0,0.0,0.0,1.0,0.0
12,9,0.0,0.0,0.0,0.0,0.0,0.0,0.0,0.0,0.0,1.0,0.0
12,9,0.0,0.0,0.0,0.0,0.0,0.0,0.0,0.0,0.0,1.0,0.0
12,9,0.0,0.0,0.0,0.0,0.0,0.0,0.0,0.0,0.0,1.0,0.0
12,9,0.0,0.0,0.0,0.0,0.0,0.0,0.0,0.0,0.0,1.0,0.0
12,9,0.0,0.0,0.0,0.0,0.0,0.0,0.0,0.0,0.0,1.0,0.0
12,9,0.0,0.0,0.0,0.0,0.0,0.0,0.0,0.0,0.0,1.0,0.0
12,9,0.0,0.0,0.0,0.0,0.0,0.0,0.0,0.0,0.0,1.0,0.0
12,9,0.0,0.0,0.0,0.0,0.0,0.0,0.0,0.0,0.0,1.0,0.0
12,9,0.0,0.0,0.0,0.0,0.0,0.0,0.0,0.0,0.0,1.0,0.0
12,9,0.0,0.0,0.0,0.0,0.0,0.0,0.0,0.0,0.0,1.0,0.0
12,9,0.0,0.0,0.0,0.0,0.0,0.0,0.0,0.0,0.0,1.0,0.0
12,9,0.0,0.0,0.0,0.0,0.0,0.0,0.0,0.0,0.0,1.0,0.0
12,9,0.0,0.0,0.0,0.0,0.0,0.0,0.0,0.0,0.0,1.0,0.0
12,9,0.0,0.0,0.0,0.0,0.0,0.0,0.0,0.0,0.0,1.0,0.0
12,9,0.0,0.0,0.0,0.0,0.0,0.0,0.0,0.0,0.0,1.0,0.0
12,9,0.0,0.0,0.0,0.0,0.0,0.0,0.0,0.0,0.0,1.0,0.0
12,9,0.0,0.0,0.0,0.0,0.0,0.0,0.0,0.0,0.0,1.0,0.0
12,9,0.0,0.0,0.0,0.0,0.0,0.0,0.0,0.0,0.0,1.0,0.0
12,9,0.0,0.0,0.0,0.0,0.0,0.0,0.0,0.0,0.0,1.0,0.0
12,9,0.0,0.0,0.0,0.0,0.0,0.0,0.0,0.0,0.0,1.0,0.0
12,9,0.0,0.0,0.0,0.0,0.0,0.0,0.0,0.0,0.0,1.0,0.0
12,9,0.0,0.0,0.0,0.0,0.0,0.0,0.0,0.0,0.0,1.0,0.0
12,9,0.0,0.0,0.0,0.0,0.0,0.0,0.0,0.0,0.0,1.0,0.0
12,9,0.0,0.0,0.0,0.0,0.0,0.0,0.0,0.0,0.0,1.0,0.0
12,9,0.0,0.0,0.0,0.0,0.0,0.0,0.0,0.0,0.0,1.0,0.0
12,9,0.0,0.0,0.0,0.0,0.0,0.0,0.0,0.0,0.0,1.0,0.0
12,9,0.0,0.0,0.0,0.0,0.0,0.0,0.0,0.0,0.0,1.0,0.0
12,9,0.0,0.0,0.0,0.0,0.0,0.0,0.0,0.0,0.0,1.0,0.0
12,9,0.0,0.0,0.0,0.0,0.0,0.0,0.0,0.0,0.0,1.0,0.0
12,9,0.0,0.0,0.0,0.0,0.0,0.0,0.0,0.0,0.0,1.0,0.0
12,9,0.0,0.0,0.0,0.0,0.0,0.0,0.0,0.0,0.0,1.0,0.0
12,9,0.0,0.0,0.0,0.0,0.0,0.0,0.0,0.0,0.0,1.0,0.0
12,9,0.0,0.0,0.0,0.0,0.0,0.0,0.0,0.0,0.0,1.0,0.0
12,9,0.0,0.0,0.0,0.0,0.0,0.0,0.0,0.0,0.0,1.0,0.0
12,9,0.0,0.0,0.0,0.0,0.0,0.0,0.0,0.0,0.0,1.0,0.0
12,9,0.0,0.0,0.0,0.0,0.0,0.0,0.0,0.0,0.0,1.0,0.0
12,9,0.0,0.0,0.0,0.0,0.0,0.0,0.0,0.0,0.0,1.0,0.0
12,9,0.0,0.0,0.0,0.0,0.0,0.0,0.0,0.0,0.0,1.0,0.0
12,9,0.0,0.0,0.0,0.0,0.0,0.0,0.0,0.0,0.0,1.0,0.0
12,9,0.0,0.0,0.0,0.0,0.0,0.0,0.0,0.0,0.0,1.0,0.0
12,9,0.0,0.0,0.0,0.0,0.0,0.0,0.0,0.0,0.0,1.0,0.0
12,9,0.0,0.0,0.0,0.0,0.0,0.0,0.0,0.0,0.0,1.0,0.0
12,9,0.0,0.0,0.0,0.0,0.0,0.0,0.0,0.0,0.0,1.0,0.0
12,9,0.0,0.0,0.0,0.0,0.0,0.0,0.0,0.0,0.0,1.0,0.0
12,9,0.0,0.0,0.0,0.0,0.0,0.0,0.0,0.0,0.0,1.0,0.0
12,9,0.0,0.0,0.0,0.0,0.0,0.0,0.0,0.0,0.0,1.0,0.0
12,9,0.0,0.0,0.0,0.0,0.0,0.0,0.0,0.0,0.0,1.0,0.0
12,9,0.0,0.0,0.0,0.0,0.0,0.0,0.0,0.0,0.0,1.0,0.0
12,9,0.0,0.0,0.0,0.0,0.0,0.0,0.0,0.0,0.0,1.0,0.0
12,9,0.0,0.0,0.0,0.0,0.0,0.0,0.0,0.0,0.0,1.0,0.0
12,9,0.0,0.0,0.0,0.0,0.0,0.0,0.0,0.0,0.0,1.0,0.0
12,9,0.0,0.0,0.0,0.0,0.0,0.0,0.0,0.0,0.0,1.0,0.0
12,9,0.0,0.0,0.0,0.0,0.0,0.0,0.0,0.0,0.0,1.0,0.0
12,9,0.0,0.0,0.0,0.0,0.0,0.0,0.0,0.0,0.0,1.0,0.0
12,9,0.0,0.0,0.0,0.0,0.0,0.0,0.0,0.0,0.0,1.0,0.0
12,9,0.0,0.0,0.0,0.0,0.0,0.0,0.0,0.0,0.0,1.0,0.0
12,9,0.0,0.0,0.0,0.0,0.0,0.0,0.0,0.0,0.0,1.0,0.0
12,9,0.0,0.0,0.0,0.0,0.0,0.0,0.0,0.0,0.0,1.0,0.0
12,9,0.0,0.0,0.0,0.0,0.0,0.0,0.0,0.0,0.0,1.0,0.0
12,9,0.0,0.0,0.0,0.0,0.0,0.0,0.0,0.0,0.0,1.0,0.0
12,9,0.0,0.0,0.0,0.0,0.0,0.0,0.0,0.0,0.0,1.0,0.0
12,9,0.0,0.0,0.0,0.0,0.0,0.0,0.0,0.0,0.0,1.0,0.0
12,9,0.0,0.0,0.0,0.0,0.0,0.0,0.0,0.0,0.0,1.0,0.0
12,9,0.0,0.0,0.0,0.0,0.0,0.0,0.0,0.0,0.0,1.0,0.0
12,9,0.0,0.0,0.0,0.0,0.0,0.0,0.0,0.0,0.0,1.0,0.0
12,9,0.0,0.0,0.0,0.0,0.0,0.0,0.0,0.0,0.0,1.0,0.0
12,9,0.0,0.0,0.0,0.0,0.0,0.0,0.0,0.0,0.0,1.0,0.0
12,9,0.0,0.0,0.0,0.0,0.0,0.0,0.0,0.0,0.0,1.0,0.0
12,9,0.0,0.0,0.0,0.0,0.0,0.0,0.0,0.0,0.0,1.0,0.0
12,9,0.0,0.0,0.0,0.0,0.0,0.0,0.0,0.0,0.0,1.0,0.0
12,9,0.0,0.0,0.0,0.0,0.0,0.0,0.0,0.0,0.0,1.0,0.0
12,9,0.0,0.0,0.0,0.0,0.0,0.0,0.0,0.0,0.0,1.0,0.0
12,9,0.0,0.0,0.0,0.0,0.0,0.0,0.0,0.0,0.0,1.0,0.0
12,9,0.0,0.0,0.0,0.0,0.0,0.0,0.0,0.0,0.0,1.0,0.0
12,9,0.0,0.0,0.0,0.0,0.0,0.0,0.0,0.0,0.0,1.0,0.0
12,9,0.0,0.0,0.0,0.0,0.0,0.0,0.0,0.0,0.0,1.0,0.0
12,9,0.0,0.0,0.0,0.0,0.0,0.0,0.0,0.0,0.0,1.0,0.0
12,9,0.0,0.0,0.0,0.0,0.0,0.0,0.0,0.0,0.0,1.0,0.0
12,9,0.0,0.0,0.0,0.0,0.0,0.0,0.0,0.0,0.0,1.0,0.0
12,9,0.0,0.0,0.0,0.0,0.0,0.0,0.0,0.0,0.0,1.0,0.0
12,9,0.0,0.0,0.0,0.0,0.0,0.0,0.0,0.0,0.0,1.0,0.0
12,9,0.0,0.0,0.0,0.0,0.0,0.0,0.0,0.0,0.0,1.0,0.0
12,9,0.0,0.0,0.0,0.0,0.0,0.0,0.0,0.0,0.0,1.0,0.0
12,9,0.0,0.0,0.0,0.0,0.0,0.0,0.0,0.0,0.0,1.0,0.0
12,9,0.0,0.0,0.0,0.0,0.0,0.0,0.0,0.0,0.0,1.0,0.0
12,9,0.0,0.0,0.0,0.0,0.0,0.0,0.0,0.0,0.0,1.0,0.0
12,9,0.0,0.0,0.0,0.0,0.0,0.0,0.0,0.0,0.0,1.0,0.0
12,9,0.0,0.0,0.0,0.0,0.0,0.0,0.0,0.0,0.0,1.0,0.0
12,9,0.0,0.0,0.0,0.0,0.0,0.0,0.0,0.0,0.0,1.0,0.0
12,9,0.0,0.0,0.0,0.0,0.0,0.0,0.0,0.0,0.0,1.0,0.0
12,9,0.0,0.0,0.0,0.0,0.0,0.0,0.0,0.0,0.0,1.0,0.0
12,9,0.0,0.0,0.0,0.0,0.0,0.0,0.0,0.0,0.0,1.0,0.0
12,9,0.0,0.0,0.0,0.0,0.0,0.0,0.0,0.0,0.0,1.0,0.0
12,9,0.0,0.0,0.0,0.0,0.0,0.0,0.0,0.0,0.0,1.0,0.0
12,9,0.0,0.0,0.0,0.0,0.0,0.0,0.0,0.0,0.0,1.0,0.0
12,9,0.0,0.0,0.0,0.0,0.0,0.0,0.0,0.0,0.0,1.0,0.0
12,9,0.0,0.0,0.0,0.0,0.0,0.0,0.0,0.0,0.0,1.0,0.0
12,9,0.0,0.0,0.0,0.0,0.0,0.0,0.0,0.0,0.0,1.0,0.0
12,9,0.0,0.0,0.0,0.0,0.0,0.0,0.0,0.0,0.0,1.0,0.0
12,9,0.0,0.0,0.0,0.0,0.0,0.0,0.0,0.0,0.0,1.0,0.0
12,9,0.0,0.0,0.0,0.0,0.0,0.0,0.0,0.0,0.0,1.0,0.0
12,9,0.0,0.0,0.0,0.0,0.0,0.0,0.0,0.0,0.0,1.0,0.0
12,9,0.0,0.0,0.0,0.0,0.0,0.0,0.0,0.0,0.0,1.0,0.0
12,9,0.0,0.0,0.0,0.0,0.0,0.0,0.0,0.0,0.0,1.0,0.0
12,9,0.0,0.0,0.0,0.0,0.0,0.0,0.0,0.0,0.0,1.0,0.0
12,9,0.0,0.0,0.0,0.0,0.0,0.0,0.0,0.0,0.0,1.0,0.0
12,9,0.0,0.0,0.0,0.0,0.0,0.0,0.0,0.0,0.0,1.0,0.0
12,9,0.0,0.0,0.0,0.0,0.0,0.0,0.0,0.0,0.0,1.0,0.0
12,9,0.0,0.0,0.0,0.0,0.0,0.0,0.0,0.0,0.0,1.0,0.0
12,9,0.0,0.0,0.0,0.0,0.0,0.0,0.0,0.0,0.0,1.0,0.0
12,9,0.0,0.0,0.0,0.0,0.0,0.0,0.0,0.0,0.0,1.0,0.0
12,9,0.0,0.0,0.0,0.0,0.0,0.0,0.0,0.0,0.0,1.0,0.0
12,9,0.0,0.0,0.0,0.0,0.0,0.0,0.0,0.0,0.0,1.0,0.0
12,9,0.0,0.0,0.0,0.0,0.0,0.0,0.0,0.0,0.0,1.0,0.0
12,9,0.0,0.0,0.0,0.0,0.0,0.0,0.0,0.0,0.0,1.0,0.0
12,9,0.0,0.0,0.0,0.0,0.0,0.0,0.0,0.0,0.0,1.0,0.0
12,9,0.0,0.0,0.0,0.0,0.0,0.0,0.0,0.0,0.0,1.0,0.0
12,9,0.0,0.0,0.0,0.0,0.0,0.0,0.0,0.0,0.0,1.0,0.0
12,9,0.0,0.0,0.0,0.0,0.0,0.0,0.0,0.0,0.0,1.0,0.0
12,9,0.0,0.0,0.0,0.0,0.0,0.0,0.0,0.0,0.0,1.0,0.0
12,9,0.0,0.0,0.0,0.0,0.0,0.0,0.0,0.0,0.0,1.0,0.0
12,9,0.0,0.0,0.0,0.0,0.0,0.0,0.0,0.0,0.0,1.0,0.0
12,9,0.0,0.0,0.0,0.0,0.0,0.0,0.0,0.0,0.0,1.0,0.0
12,9,0.0,0.0,0.0,0.0,0.0,0.0,0.0,0.0,0.0,1.0,0.0
12,9,0.0,0.0,0.0,0.0,0.0,0.0,0.0,0.0,0.0,1.0,0.0
12,9,0.0,0.0,0.0,0.0,0.0,0.0,0.0,0.0,0.0,1.0,0.0
12,9,0.0,0.0,0.0,0.0,0.0,0.0,0.0,0.0,0.0,1.0,0.0
12,9,0.0,0.0,0.0,0.0,0.0,0.0,0.0,0.0,0.0,1.0,0.0
12,9,0.0,0.0,0.0,0.0,0.0,0.0,0.0,0.0,0.0,1.0,0.0
12,9,0.0,0.0,0.0,0.0,0.0,0.0,0.0,0.0,0.0,1.0,0.0
12,9,0.0,0.0,0.0,0.0,0.0,0.0,0.0,0.0,0.0,1.0,0.0
12,9,0.0,0.0,0.0,0.0,0.0,0.0,0.0,0.0,0.0,1.0,0.0
12,9,0.0,0.0,0.0,0.0,0.0,0.0,0.0,0.0,0.0,1.0,0.0
12,9,0.0,0.0,0.0,0.0,0.0,0.0,0.0,0.0,0.0,1.0,0.0
12,9,0.0,0.0,0.0,0.0,0.0,0.0,0.0,0.0,0.0,1.0,0.0
12,9,0.0,0.0,0.0,0.0,0.0,0.0,0.0,0.0,0.0,1.0,0.0
12,9,0.0,0.0,0.0,0.0,0.0,0.0,0.0,0.0,0.0,1.0,0.0
12,9,0.0,0.0,0.0,0.0,0.0,0.0,0.0,0.0,0.0,1.0,0.0
12,9,0.0,0.0,0.0,0.0,0.0,0.0,0.0,0.0,0.0,1.0,0.0
12,9,0.0,0.0,0.0,0.0,0.0,0.0,0.0,0.0,0.0,1.0,0.0
12,9,0.0,0.0,0.0,0.0,0.0,0.0,0.0,0.0,0.0,1.0,0.0
12,9,0.0,0.0,0.0,0.0,0.0,0.0,0.0,0.0,0.0,1.0,0.0
12,9,0.0,0.0,0.0,0.0,0.0,0.0,0.0,0.0,0.0,1.0,0.0
12,9,0.0,0.0,0.0,0.0,0.0,0.0,0.0,0.0,0.0,1.0,0.0
12,9,0.0,0.0,0.0,0.0,0.0,0.0,0.0,0.0,0.0,1.0,0.0
12,9,0.0,0.0,0.0,0.0,0.0,0.0,0.0,0.0,0.0,1.0,0.0
12,9,0.0,0.0,0.0,0.0,0.0,0.0,0.0,0.0,0.0,1.0,0.0
12,9,0.0,0.0,0.0,0.0,0.0,0.0,0.0,0.0,0.0,1.0,0.0
12,9,0.0,0.0,0.0,0.0,0.0,0.0,0.0,0.0,0.0,1.0,0.0
12,9,0.0,0.0,0.0,0.0,0.0,0.0,0.0,0.0,0.0,1.0,0.0
12,9,0.0,0.0,0.0,0.0,0.0,0.0,0.0,0.0,0.0,1.0,0.0
12,9,0.0,0.0,0.0,0.0,0.0,0.0,0.0,0.0,0.0,1.0,0.0
12,9,0.0,0.0,0.0,0.0,0.0,0.0,0.0,0.0,0.0,1.0,0.0
12,9,0.0,0.0,0.0,0.0,0.0,0.0,0.0,0.0,0.0,1.0,0.0
12,9,0.0,0.0,0.0,0.0,0.0,0.0,0.0,0.0,0.0,1.0,0.0
12,9,0.0,0.0,0.0,0.0,0.0,0.0,0.0,0.0,0.0,1.0,0.0
12,9,0.0,0.0,0.0,0.0,0.0,0.0,0.0,0.0,0.0,1.0,0.0
12,9,0.0,0.0,0.0,0.0,0.0,0.0,0.0,0.0,0.0,1.0,0.0
12,9,0.0,0.0,0.0,0.0,0.0,0.0,0.0,0.0,0.0,1.0,0.0
12,9,0.0,0.0,0.0,0.0,0.0,0.0,0.0,0.0,0.0,1.0,0.0
12,9,0.0,0.0,0.0,0.0,0.0,0.0,0.0,0.0,0.0,1.0,0.0
12,9,0.0,0.0,0.0,0.0,0.0,0.0,0.0,0.0,0.0,1.0,0.0
12,9,0.0,0.0,0.0,0.0,0.0,0.0,0.0,0.0,0.0,1.0,0.0
12,9,0.0,0.0,0.0,0.0,0.0,0.0,0.0,0.0,0.0,1.0,0.0
12,9,0.0,0.0,0.0,0.0,0.0,0.0,0.0,0.0,0.0,1.0,0.0
12,9,0.0,0.0,0.0,0.0,0.0,0.0,0.0,0.0,0.0,1.0,0.0
12,9,0.0,0.0,0.0,0.0,0.0,0.0,0.0,0.0,0.0,1.0,0.0
12,9,0.0,0.0,0.0,0.0,0.0,0.0,0.0,0.0,0.0,1.0,0.0
12,9,0.0,0.0,0.0,0.0,0.0,0.0,0.0,0.0,0.0,1.0,0.0
12,9,0.0,0.0,0.0,0.0,0.0,0.0,0.0,0.0,0.0,1.0,0.0
12,9,0.0,0.0,0.0,0.0,0.0,0.0,0.0,0.0,0.0,1.0,0.0
12,9,0.0,0.0,0.0,0.0,0.0,0.0,0.0,0.0,0.0,1.0,0.0
12,9,0.0,0.0,0.0,0.0,0.0,0.0,0.0,0.0,0.0,1.0,0.0
12,9,0.0,0.0,0.0,0.0,0.0,0.0,0.0,0.0,0.0,1.0,0.0
12,9,0.0,0.0,0.0,0.0,0.0,0.0,0.0,0.0,0.0,1.0,0.0
12,9,0.0,0.0,0.0,0.0,0.0,0.0,0.0,0.0,0.0,1.0,0.0
12,9,0.0,0.0,0.0,0.0,0.0,0.0,0.0,0.0,0.0,1.0,0.0
12,9,0.0,0.0,0.0,0.0,0.0,0.0,0.0,0.0,0.0,1.0,0.0
12,9,0.0,0.0,0.0,0.0,0.0,0.0,0.0,0.0,0.0,1.0,0.0
12,9,0.0,0.0,0.0,0.0,0.0,0.0,0.0,0.0,0.0,1.0,0.0
12,9,0.0,0.0,0.0,0.0,0.0,0.0,0.0,0.0,0.0,1.0,0.0
12,9,0.0,0.0,0.0,0.0,0.0,0.0,0.0,0.0,0.0,1.0,0.0
12,9,0.0,0.0,0.0,0.0,0.0,0.0,0.0,0.0,0.0,1.0,0.0
12,9,0.0,0.0,0.0,0.0,0.0,0.0,0.0,0.0,0.0,1.0,0.0
12,9,0.0,0.0,0.0,0.0,0.0,0.0,0.0,0.0,0.0,1.0,0.0
12,9,0.0,0.0,0.0,0.0,0.0,0.0,0.0,0.0,0.0,1.0,0.0
12,9,0.0,0.0,0.0,0.0,0.0,0.0,0.0,0.0,0.0,1.0,0.0
12,9,0.0,0.0,0.0,0.0,0.0,0.0,0.0,0.0,0.0,1.0,0.0
12,9,0.0,0.0,0.0,0.0,0.0,0.0,0.0,0.0,0.0,1.0,0.0
12,9,0.0,0.0,0.0,0.0,0.0,0.0,0.0,0.0,0.0,1.0,0.0
12,9,0.0,0.0,0.0,0.0,0.0,0.0,0.0,0.0,0.0,1.0,0.0
12,9,0.0,0.0,0.0,0.0,0.0,0.0,0.0,0.0,0.0,1.0,0.0
12,9,0.0,0.0,0.0,0.0,0.0,0.0,0.0,0.0,0.0,1.0,0.0
12,9,0.0,0.0,0.0,0.0,0.0,0.0,0.0,0.0,0.0,1.0,0.0
12,9,0.0,0.0,0.0,0.0,0.0,0.0,0.0,0.0,0.0,1.0,0.0
12,9,0.0,0.0,0.0,0.0,0.0,0.0,0.0,0.0,0.0,1.0,0.0
12,9,0.0,0.0,0.0,0.0,0.0,0.0,0.0,0.0,0.0,1.0,0.0
12,9,0.0,0.0,0.0,0.0,0.0,0.0,0.0,0.0,0.0,1.0,0.0
12,9,0.0,0.0,0.0,0.0,0.0,0.0,0.0,0.0,0.0,1.0,0.0
12,9,0.0,0.0,0.0,0.0,0.0,0.0,0.0,0.0,0.0,1.0,0.0
12,9,0.0,0.0,0.0,0.0,0.0,0.0,0.0,0.0,0.0,1.0,0.0
12,9,0.0,0.0,0.0,0.0,0.0,0.0,0.0,0.0,0.0,1.0,0.0
12,9,0.0,0.0,0.0,0.0,0.0,0.0,0.0,0.0,0.0,1.0,0.0
12,9,0.0,0.0,0.0,0.0,0.0,0.0,0.0,0.0,0.0,1.0,0.0
12,9,0.0,0.0,0.0,0.0,0.0,0.0,0.0,0.0,0.0,1.0,0.0
12,9,0.0,0.0,0.0,0.0,0.0,0.0,0.0,0.0,0.0,1.0,0.0
12,9,0.0,0.0,0.0,0.0,0.0,0.0,0.0,0.0,0.0,1.0,0.0
12,9,0.0,0.0,0.0,0.0,0.0,0.0,0.0,0.0,0.0,1.0,0.0
12,9,0.0,0.0,0.0,0.0,0.0,0.0,0.0,0.0,0.0,1.0,0.0
12,9,0.0,0.0,0.0,0.0,0.0,0.0,0.0,0.0,0.0,1.0,0.0
12,9,0.0,0.0,0.0,0.0,0.0,0.0,0.0,0.0,0.0,1.0,0.0
12,9,0.0,0.0,0.0,0.0,0.0,0.0,0.0,0.0,0.0,1.0,0.0
12,9,0.0,0.0,0.0,0.0,0.0,0.0,0.0,0.0,0.0,1.0,0.0
12,9,0.0,0.0,0.0,0.0,0.0,0.0,0.0,0.0,0.0,1.0,0.0
12,9,0.0,0.0,0.0,0.0,0.0,0.0,0.0,0.0,0.0,1.0,0.0
12,9,0.0,0.0,0.0,0.0,0.0,0.0,0.0,0.0,0.0,1.0,0.0
12,9,0.0,0.0,0.0,0.0,0.0,0.0,0.0,0.0,0.0,1.0,0.0
12,9,0.0,0.0,0.0,0.0,0.0,0.0,0.0,0.0,0.0,1.0,0.0
12,9,0.0,0.0,0.0,0.0,0.0,0.0,0.0,0.0,0.0,1.0,0.0
12,9,0.0,0.0,0.0,0.0,0.0,0.0,0.0,0.0,0.0,1.0,0.0
12,9,0.0,0.0,0.0,0.0,0.0,0.0,0.0,0.0,0.0,1.0,0.0
12,9,0.0,0.0,0.0,0.0,0.0,0.0,0.0,0.0,0.0,1.0,0.0
12,9,0.0,0.0,0.0,0.0,0.0,0.0,0.0,0.0,0.0,1.0,0.0
12,9,0.0,0.0,0.0,0.0,0.0,0.0,0.0,0.0,0.0,1.0,0.0
12,9,0.0,0.0,0.0,0.0,0.0,0.0,0.0,0.0,0.0,1.0,0.0
12,9,0.0,0.0,0.0,0.0,0.0,0.0,0.0,0.0,0.0,1.0,0.0
12,9,0.0,0.0,0.0,0.0,0.0,0.0,0.0,0.0,0.0,1.0,0.0
12,9,0.0,0.0,0.0,0.0,0.0,0.0,0.0,0.0,0.0,1.0,0.0
12,9,0.0,0.0,0.0,0.0,0.0,0.0,0.0,0.0,0.0,1.0,0.0
12,9,0.0,0.0,0.0,0.0,0.0,0.0,0.0,0.0,0.0,1.0,0.0
12,9,0.0,0.0,0.0,0.0,0.0,0.0,0.0,0.0,0.0,1.0,0.0
12,9,0.0,0.0,0.0,0.0,0.0,0.0,0.0,0.0,0.0,1.0,0.0
12,9,0.0,0.0,0.0,0.0,0.0,0.0,0.0,0.0,0.0,1.0,0.0
12,9,0.0,0.0,0.0,0.0,0.0,0.0,0.0,0.0,0.0,1.0,0.0
12,9,0.0,0.0,0.0,0.0,0.0,0.0,0.0,0.0,0.0,1.0,0.0
12,9,0.0,0.0,0.0,0.0,0.0,0.0,0.0,0.0,0.0,1.0,0.0
12,9,0.0,0.0,0.0,0.0,0.0,0.0,0.0,0.0,0.0,1.0,0.0
12,9,0.0,0.0,0.0,0.0,0.0,0.0,0.0,0.0,0.0,1.0,0.0
12,9,0.0,0.0,0.0,0.0,0.0,0.0,0.0,0.0,0.0,1.0,0.0
12,9,0.0,0.0,0.0,0.0,0.0,0.0,0.0,0.0,0.0,1.0,0.0
12,9,0.0,0.0,0.0,0.0,0.0,0.0,0.0,0.0,0.0,1.0,0.0
12,9,0.0,0.0,0.0,0.0,0.0,0.0,0.0,0.0,0.0,1.0,0.0
12,9,0.0,0.0,0.0,0.0,0.0,0.0,0.0,0.0,0.0,1.0,0.0
12,9,0.0,0.0,0.0,0.0,0.0,0.0,0.0,0.0,0.0,1.0,0.0
12,9,0.0,0.0,0.0,0.0,0.0,0.0,0.0,0.0,0.0,1.0,0.0
12,9,0.0,0.0,0.0,0.0,0.0,0.0,0.0,0.0,0.0,1.0,0.0
12,9,0.0,0.0,0.0,0.0,0.0,0.0,0.0,0.0,0.0,1.0,0.0
12,9,0.0,0.0,0.0,0.0,0.0,0.0,0.0,0.0,0.0,1.0,0.0
12,9,0.0,0.0,0.0,0.0,0.0,0.0,0.0,0.0,0.0,1.0,0.0
12,9,0.0,0.0,0.0,0.0,0.0,0.0,0.0,0.0,0.0,1.0,0.0
12,9,0.0,0.0,0.0,0.0,0.0,0.0,0.0,0.0,0.0,1.0,0.0
12,9,0.0,0.0,0.0,0.0,0.0,0.0,0.0,0.0,0.0,1.0,0.0
12,9,0.0,0.0,0.0,0.0,0.0,0.0,0.0,0.0,0.0,1.0,0.0
12,9,0.0,0.0,0.0,0.0,0.0,0.0,0.0,0.0,0.0,1.0,0.0
12,9,0.0,0.0,0.0,0.0,0.0,0.0,0.0,0.0,0.0,1.0,0.0
12,9,0.0,0.0,0.0,0.0,0.0,0.0,0.0,0.0,0.0,1.0,0.0
12,9,0.0,0.0,0.0,0.0,0.0,0.0,0.0,0.0,0.0,1.0,0.0
12,9,0.0,0.0,0.0,0.0,0.0,0.0,0.0,0.0,0.0,1.0,0.0
12,9,0.0,0.0,0.0,0.0,0.0,0.0,0.0,0.0,0.0,1.0,0.0
12,9,0.0,0.0,0.0,0.0,0.0,0.0,0.0,0.0,0.0,1.0,0.0
12,9,0.0,0.0,0.0,0.0,0.0,0.0,0.0,0.0,0.0,1.0,0.0
12,9,0.0,0.0,0.0,0.0,0.0,0.0,0.0,0.0,0.0,1.0,0.0
12,9,0.0,0.0,0.0,0.0,0.0,0.0,0.0,0.0,0.0,1.0,0.0
12,9,0.0,0.0,0.0,0.0,0.0,0.0,0.0,0.0,0.0,1.0,0.0
12,9,0.0,0.0,0.0,0.0,0.0,0.0,0.0,0.0,0.0,1.0,0.0
12,9,0.0,0.0,0.0,0.0,0.0,0.0,0.0,0.0,0.0,1.0,0.0
12,9,0.0,0.0,0.0,0.0,0.0,0.0,0.0,0.0,0.0,1.0,0.0
12,9,0.0,0.0,0.0,0.0,0.0,0.0,0.0,0.0,0.0,1.0,0.0
12,9,0.0,0.0,0.0,0.0,0.0,0.0,0.0,0.0,0.0,1.0,0.0
12,9,0.0,0.0,0.0,0.0,0.0,0.0,0.0,0.0,0.0,1.0,0.0
12,9,0.0,0.0,0.0,0.0,0.0,0.0,0.0,0.0,0.0,1.0,0.0
12,9,0.0,0.0,0.0,0.0,0.0,0.0,0.0,0.0,0.0,1.0,0.0
12,9,0.0,0.0,0.0,0.0,0.0,0.0,0.0,0.0,0.0,1.0,0.0
12,9,0.0,0.0,0.0,0.0,0.0,0.0,0.0,0.0,0.0,1.0,0.0
12,9,0.0,0.0,0.0,0.0,0.0,0.0,0.0,0.0,0.0,1.0,0.0
12,9,0.0,0.0,0.0,0.0,0.0,0.0,0.0,0.0,0.0,1.0,0.0
12,9,0.0,0.0,0.0,0.0,0.0,0.0,0.0,0.0,0.0,1.0,0.0
12,9,0.0,0.0,0.0,0.0,0.0,0.0,0.0,0.0,0.0,1.0,0.0
12,9,0.0,0.0,0.0,0.0,0.0,0.0,0.0,0.0,0.0,1.0,0.0
12,9,0.0,0.0,0.0,0.0,0.0,0.0,0.0,0.0,0.0,1.0,0.0
12,9,0.0,0.0,0.0,0.0,0.0,0.0,0.0,0.0,0.0,1.0,0.0
12,9,0.0,0.0,0.0,0.0,0.0,0.0,0.0,0.0,0.0,1.0,0.0
12,9,0.0,0.0,0.0,0.0,0.0,0.0,0.0,0.0,0.0,1.0,0.0
12,9,0.0,0.0,0.0,0.0,0.0,0.0,0.0,0.0,0.0,1.0,0.0
12,9,0.0,0.0,0.0,0.0,0.0,0.0,0.0,0.0,0.0,1.0,0.0
12,9,0.0,0.0,0.0,0.0,0.0,0.0,0.0,0.0,0.0,1.0,0.0
12,9,0.0,0.0,0.0,0.0,0.0,0.0,0.0,0.0,0.0,1.0,0.0
12,9,0.0,0.0,0.0,0.0,0.0,0.0,0.0,0.0,0.0,1.0,0.0
12,9,0.0,0.0,0.0,0.0,0.0,0.0,0.0,0.0,0.0,1.0,0.0
12,9,0.0,0.0,0.0,0.0,0.0,0.0,0.0,0.0,0.0,1.0,0.0
12,9,0.0,0.0,0.0,0.0,0.0,0.0,0.0,0.0,0.0,1.0,0.0
12,9,0.0,0.0,0.0,0.0,0.0,0.0,0.0,0.0,0.0,1.0,0.0
12,9,0.0,0.0,0.0,0.0,0.0,0.0,0.0,0.0,0.0,1.0,0.0
12,9,0.0,0.0,0.0,0.0,0.0,0.0,0.0,0.0,0.0,1.0,0.0
12,9,0.0,0.0,0.0,0.0,0.0,0.0,0.0,0.0,0.0,1.0,0.0
12,9,0.0,0.0,0.0,0.0,0.0,0.0,0.0,0.0,0.0,1.0,0.0
12,9,0.0,0.0,0.0,0.0,0.0,0.0,0.0,0.0,0.0,1.0,0.0
12,9,0.0,0.0,0.0,0.0,0.0,0.0,0.0,0.0,0.0,1.0,0.0
12,9,0.0,0.0,0.0,0.0,0.0,0.0,0.0,0.0,0.0,1.0,0.0
12,9,0.0,0.0,0.0,0.0,0.0,0.0,0.0,0.0,0.0,1.0,0.0
12,9,0.0,0.0,0.0,0.0,0.0,0.0,0.0,0.0,0.0,1.0,0.0
12,9,0.0,0.0,0.0,0.0,0.0,0.0,0.0,0.0,0.0,1.0,0.0
12,9,0.0,0.0,0.0,0.0,0.0,0.0,0.0,0.0,0.0,1.0,0.0
12,9,0.0,0.0,0.0,0.0,0.0,0.0,0.0,0.0,0.0,1.0,0.0
12,9,0.0,0.0,0.0,0.0,0.0,0.0,0.0,0.0,0.0,1.0,0.0
12,9,0.0,0.0,0.0,0.0,0.0,0.0,0.0,0.0,0.0,1.0,0.0
12,9,0.0,0.0,0.0,0.0,0.0,0.0,0.0,0.0,0.0,1.0,0.0
12,9,0.0,0.0,0.0,0.0,0.0,0.0,0.0,0.0,0.0,1.0,0.0
12,9,0.0,0.0,0.0,0.0,0.0,0.0,0.0,0.0,0.0,1.0,0.0
12,9,0.0,0.0,0.0,0.0,0.0,0.0,0.0,0.0,0.0,1.0,0.0
12,9,0.0,0.0,0.0,0.0,0.0,0.0,0.0,0.0,0.0,1.0,0.0
12,9,0.0,0.0,0.0,0.0,0.0,0.0,0.0,0.0,0.0,1.0,0.0
12,9,0.0,0.0,0.0,0.0,0.0,0.0,0.0,0.0,0.0,1.0,0.0
12,9,0.0,0.0,0.0,0.0,0.0,0.0,0.0,0.0,0.0,1.0,0.0
12,9,0.0,0.0,0.0,0.0,0.0,0.0,0.0,0.0,0.0,1.0,0.0
12,9,0.0,0.0,0.0,0.0,0.0,0.0,0.0,0.0,0.0,1.0,0.0
12,9,0.0,0.0,0.0,0.0,0.0,0.0,0.0,0.0,0.0,1.0,0.0
12,9,0.0,0.0,0.0,0.0,0.0,0.0,0.0,0.0,0.0,1.0,0.0
12,9,0.0,0.0,0.0,0.0,0.0,0.0,0.0,0.0,0.0,1.0,0.0
12,9,0.0,0.0,0.0,0.0,0.0,0.0,0.0,0.0,0.0,1.0,0.0
12,9,0.0,0.0,0.0,0.0,0.0,0.0,0.0,0.0,0.0,1.0,0.0
12,9,0.0,0.0,0.0,0.0,0.0,0.0,0.0,0.0,0.0,1.0,0.0
12,9,0.0,0.0,0.0,0.0,0.0,0.0,0.0,0.0,0.0,1.0,0.0
12,9,0.0,0.0,0.0,0.0,0.0,0.0,0.0,0.0,0.0,1.0,0.0
12,9,0.0,0.0,0.0,0.0,0.0,0.0,0.0,0.0,0.0,1.0,0.0
12,9,0.0,0.0,0.0,0.0,0.0,0.0,0.0,0.0,0.0,1.0,0.0
12,9,0.0,0.0,0.0,0.0,0.0,0.0,0.0,0.0,0.0,1.0,0.0
12,9,0.0,0.0,0.0,0.0,0.0,0.0,0.0,0.0,0.0,1.0,0.0
12,9,0.0,0.0,0.0,0.0,0.0,0.0,0.0,0.0,0.0,1.0,0.0
12,9,0.0,0.0,0.0,0.0,0.0,0.0,0.0,0.0,0.0,1.0,0.0
12,9,0.0,0.0,0.0,0.0,0.0,0.0,0.0,0.0,0.0,1.0,0.0
12,9,0.0,0.0,0.0,0.0,0.0,0.0,0.0,0.0,0.0,1.0,0.0
12,9,0.0,0.0,0.0,0.0,0.0,0.0,0.0,0.0,0.0,1.0,0.0
12,9,0.0,0.0,0.0,0.0,0.0,0.0,0.0,0.0,0.0,1.0,0.0
12,9,0.0,0.0,0.0,0.0,0.0,0.0,0.0,0.0,0.0,1.0,0.0
12,9,0.0,0.0,0.0,0.0,0.0,0.0,0.0,0.0,0.0,1.0,0.0
12,9,0.0,0.0,0.0,0.0,0.0,0.0,0.0,0.0,0.0,1.0,0.0
12,9,0.0,0.0,0.0,0.0,0.0,0.0,0.0,0.0,0.0,1.0,0.0
12,9,0.0,0.0,0.0,0.0,0.0,0.0,0.0,0.0,0.0,1.0,0.0
12,9,0.0,0.0,0.0,0.0,0.0,0.0,0.0,0.0,0.0,1.0,0.0
12,9,0.0,0.0,0.0,0.0,0.0,0.0,0.0,0.0,0.0,1.0,0.0
12,9,0.0,0.0,0.0,0.0,0.0,0.0,0.0,0.0,0.0,1.0,0.0
12,9,0.0,0.0,0.0,0.0,0.0,0.0,0.0,0.0,0.0,1.0,0.0
12,9,0.0,0.0,0.0,0.0,0.0,0.0,0.0,0.0,0.0,1.0,0.0
12,9,0.0,0.0,0.0,0.0,0.0,0.0,0.0,0.0,0.0,1.0,0.0
12,9,0.0,0.0,0.0,0.0,0.0,0.0,0.0,0.0,0.0,1.0,0.0
12,9,0.0,0.0,0.0,0.0,0.0,0.0,0.0,0.0,0.0,1.0,0.0
12,9,0.0,0.0,0.0,0.0,0.0,0.0,0.0,0.0,0.0,1.0,0.0
12,9,0.0,0.0,0.0,0.0,0.0,0.0,0.0,0.0,0.0,1.0,0.0
12,9,0.0,0.0,0.0,0.0,0.0,0.0,0.0,0.0,0.0,1.0,0.0
12,9,0.0,0.0,0.0,0.0,0.0,0.0,0.0,0.0,0.0,1.0,0.0
12,9,0.0,0.0,0.0,0.0,0.0,0.0,0.0,0.0,0.0,1.0,0.0
12,9,0.0,0.0,0.0,0.0,0.0,0.0,0.0,0.0,0.0,1.0,0.0
12,9,0.0,0.0,0.0,0.0,0.0,0.0,0.0,0.0,0.0,1.0,0.0
12,9,0.0,0.0,0.0,0.0,0.0,0.0,0.0,0.0,0.0,1.0,0.0
12,9,0.0,0.0,0.0,0.0,0.0,0.0,0.0,0.0,0.0,1.0,0.0
12,9,0.0,0.0,0.0,0.0,0.0,0.0,0.0,0.0,0.0,1.0,0.0
12,9,0.0,0.0,0.0,0.0,0.0,0.0,0.0,0.0,0.0,1.0,0.0
12,9,0.0,0.0,0.0,0.0,0.0,0.0,0.0,0.0,0.0,1.0,0.0
12,9,0.0,0.0,0.0,0.0,0.0,0.0,0.0,0.0,0.0,1.0,0.0
12,9,0.0,0.0,0.0,0.0,0.0,0.0,0.0,0.0,0.0,1.0,0.0
12,9,0.0,0.0,0.0,0.0,0.0,0.0,0.0,0.0,0.0,1.0,0.0
12,9,0.0,0.0,0.0,0.0,0.0,0.0,0.0,0.0,0.0,1.0,0.0
12,9,0.0,0.0,0.0,0.0,0.0,0.0,0.0,0.0,0.0,1.0,0.0
12,9,0.0,0.0,0.0,0.0,0.0,0.0,0.0,0.0,0.0,1.0,0.0
12,9,0.0,0.0,0.0,0.0,0.0,0.0,0.0,0.0,0.0,1.0,0.0
12,9,0.0,0.0,0.0,0.0,0.0,0.0,0.0,0.0,0.0,1.0,0.0
12,9,0.0,0.0,0.0,0.0,0.0,0.0,0.0,0.0,0.0,1.0,0.0
12,9,0.0,0.0,0.0,0.0,0.0,0.0,0.0,0.0,0.0,1.0,0.0
12,9,0.0,0.0,0.0,0.0,0.0,0.0,0.0,0.0,0.0,1.0,0.0
12,9,0.0,0.0,0.0,0.0,0.0,0.0,0.0,0.0,0.0,1.0,0.0
12,9,0.0,0.0,0.0,0.0,0.0,0.0,0.0,0.0,0.0,1.0,0.0
12,9,0.0,0.0,0.0,0.0,0.0,0.0,0.0,0.0,0.0,1.0,0.0
12,9,0.0,0.0,0.0,0.0,0.0,0.0,0.0,0.0,0.0,1.0,0.0
12,9,0.0,0.0,0.0,0.0,0.0,0.0,0.0,0.0,0.0,1.0,0.0
12,9,0.0,0.0,0.0,0.0,0.0,0.0,0.0,0.0,0.0,1.0,0.0
12,9,0.0,0.0,0.0,0.0,0.0,0.0,0.0,0.0,0.0,1.0,0.0
12,9,0.0,0.0,0.0,0.0,0.0,0.0,0.0,0.0,0.0,1.0,0.0
12,9,0.0,0.0,0.0,0.0,0.0,0.0,0.0,0.0,0.0,1.0,0.0
12,9,0.0,0.0,0.0,0.0,0.0,0.0,0.0,0.0,0.0,1.0,0.0
12,9,0.0,0.0,0.0,0.0,0.0,0.0,0.0,0.0,0.0,1.0,0.0
12,9,0.0,0.0,0.0,0.0,0.0,0.0,0.0,0.0,0.0,1.0,0.0
12,9,0.0,0.0,0.0,0.0,0.0,0.0,0.0,0.0,0.0,1.0,0.0
12,9,0.0,0.0,0.0,0.0,0.0,0.0,0.0,0.0,0.0,1.0,0.0
12,9,0.0,0.0,0.0,0.0,0.0,0.0,0.0,0.0,0.0,1.0,0.0
12,9,0.0,0.0,0.0,0.0,0.0,0.0,0.0,0.0,0.0,1.0,0.0
12,9,0.0,0.0,0.0,0.0,0.0,0.0,0.0,0.0,0.0,1.0,0.0
12,9,0.0,0.0,0.0,0.0,0.0,0.0,0.0,0.0,0.0,1.0,0.0
12,9,0.0,0.0,0.0,0.0,0.0,0.0,0.0,0.0,0.0,1.0,0.0
12,9,0.0,0.0,0.0,0.0,0.0,0.0,0.0,0.0,0.0,1.0,0.0
12,9,0.0,0.0,0.0,0.0,0.0,0.0,0.0,0.0,0.0,1.0,0.0
12,9,0.0,0.0,0.0,0.0,0.0,0.0,0.0,0.0,0.0,1.0,0.0
12,9,0.0,0.0,0.0,0.0,0.0,0.0,0.0,0.0,0.0,1.0,0.0
12,9,0.0,0.0,0.0,0.0,0.0,0.0,0.0,0.0,0.0,1.0,0.0
12,9,0.0,0.0,0.0,0.0,0.0,0.0,0.0,0.0,0.0,1.0,0.0
12,9,0.0,0.0,0.0,0.0,0.0,0.0,0.0,0.0,0.0,1.0,0.0
12,9,0.0,0.0,0.0,0.0,0.0,0.0,0.0,0.0,0.0,1.0,0.0
12,9,0.0,0.0,0.0,0.0,0.0,0.0,0.0,0.0,0.0,1.0,0.0
12,9,0.0,0.0,0.0,0.0,0.0,0.0,0.0,0.0,0.0,1.0,0.0
12,9,0.0,0.0,0.0,0.0,0.0,0.0,0.0,0.0,0.0,1.0,0.0
12,9,0.0,0.0,0.0,0.0,0.0,0.0,0.0,0.0,0.0,1.0,0.0
12,9,0.0,0.0,0.0,0.0,0.0,0.0,0.0,0.0,0.0,1.0,0.0
12,9,0.0,0.0,0.0,0.0,0.0,0.0,0.0,0.0,0.0,1.0,0.0
12,9,0.0,0.0,0.0,0.0,0.0,0.0,0.0,0.0,0.0,1.0,0.0
12,9,0.0,0.0,0.0,0.0,0.0,0.0,0.0,0.0,0.0,1.0,0.0
12,9,0.0,0.0,0.0,0.0,0.0,0.0,0.0,0.0,0.0,1.0,0.0
12,9,0.0,0.0,0.0,0.0,0.0,0.0,0.0,0.0,0.0,1.0,0.0
12,9,0.0,0.0,0.0,0.0,0.0,0.0,0.0,0.0,0.0,1.0,0.0
12,9,0.0,0.0,0.0,0.0,0.0,0.0,0.0,0.0,0.0,1.0,0.0
12,9,0.0,0.0,0.0,0.0,0.0,0.0,0.0,0.0,0.0,1.0,0.0
12,9,0.0,0.0,0.0,0.0,0.0,0.0,0.0,0.0,0.0,1.0,0.0
12,9,0.0,0.0,0.0,0.0,0.0,0.0,0.0,0.0,0.0,1.0,0.0
12,9,0.0,0.0,0.0,0.0,0.0,0.0,0.0,0.0,0.0,1.0,0.0
12,9,0.0,0.0,0.0,0.0,0.0,0.0,0.0,0.0,0.0,1.0,0.0
12,9,0.0,0.0,0.0,0.0,0.0,0.0,0.0,0.0,0.0,1.0,0.0
12,9,0.0,0.0,0.0,0.0,0.0,0.0,0.0,0.0,0.0,1.0,0.0
12,9,0.0,0.0,0.0,0.0,0.0,0.0,0.0,0.0,0.0,1.0,0.0
12,9,0.0,0.0,0.0,0.0,0.0,0.0,0.0,0.0,0.0,1.0,0.0
12,9,0.0,0.0,0.0,0.0,0.0,0.0,0.0,0.0,0.0,1.0,0.0
12,9,0.0,0.0,0.0,0.0,0.0,0.0,0.0,0.0,0.0,1.0,0.0
12,9,0.0,0.0,0.0,0.0,0.0,0.0,0.0,0.0,0.0,1.0,0.0
12,9,0.0,0.0,0.0,0.0,0.0,0.0,0.0,0.0,0.0,1.0,0.0
12,9,0.0,0.0,0.0,0.0,0.0,0.0,0.0,0.0,0.0,1.0,0.0
12,9,0.0,0.0,0.0,0.0,0.0,0.0,0.0,0.0,0.0,1.0,0.0
12,9,0.0,0.0,0.0,0.0,0.0,0.0,0.0,0.0,0.0,1.0,0.0
12,9,0.0,0.0,0.0,0.0,0.0,0.0,0.0,0.0,0.0,1.0,0.0
12,9,0.0,0.0,0.0,0.0,0.0,0.0,0.0,0.0,0.0,1.0,0.0
12,9,0.0,0.0,0.0,0.0,0.0,0.0,0.0,0.0,0.0,1.0,0.0
12,9,0.0,0.0,0.0,0.0,0.0,0.0,0.0,0.0,0.0,1.0,0.0
12,9,0.0,0.0,0.0,0.0,0.0,0.0,0.0,0.0,0.0,1.0,0.0
12,9,0.0,0.0,0.0,0.0,0.0,0.0,0.0,0.0,0.0,1.0,0.0
12,9,0.0,0.0,0.0,0.0,0.0,0.0,0.0,0.0,0.0,1.0,0.0
12,9,0.0,0.0,0.0,0.0,0.0,0.0,0.0,0.0,0.0,1.0,0.0
12,9,0.0,0.0,0.0,0.0,0.0,0.0,0.0,0.0,0.0,1.0,0.0
12,9,0.0,0.0,0.0,0.0,0.0,0.0,0.0,0.0,0.0,1.0,0.0
12,9,0.0,0.0,0.0,0.0,0.0,0.0,0.0,0.0,0.0,1.0,0.0
12,9,0.0,0.0,0.0,0.0,0.0,0.0,0.0,0.0,0.0,1.0,0.0
12,9,0.0,0.0,0.0,0.0,0.0,0.0,0.0,0.0,0.0,1.0,0.0
12,9,0.0,0.0,0.0,0.0,0.0,0.0,0.0,0.0,0.0,1.0,0.0
12,9,0.0,0.0,0.0,0.0,0.0,0.0,0.0,0.0,0.0,1.0,0.0
12,9,0.0,0.0,0.0,0.0,0.0,0.0,0.0,0.0,0.0,1.0,0.0
12,9,0.0,0.0,0.0,0.0,0.0,0.0,0.0,0.0,0.0,1.0,0.0
12,9,0.0,0.0,0.0,0.0,0.0,0.0,0.0,0.0,0.0,1.0,0.0
12,9,0.0,0.0,0.0,0.0,0.0,0.0,0.0,0.0,0.0,1.0,0.0
12,9,0.0,0.0,0.0,0.0,0.0,0.0,0.0,0.0,0.0,1.0,0.0
12,9,0.0,0.0,0.0,0.0,0.0,0.0,0.0,0.0,0.0,1.0,0.0
12,9,0.0,0.0,0.0,0.0,0.0,0.0,0.0,0.0,0.0,1.0,0.0
12,9,0.0,0.0,0.0,0.0,0.0,0.0,0.0,0.0,0.0,1.0,0.0
12,9,0.0,0.0,0.0,0.0,0.0,0.0,0.0,0.0,0.0,1.0,0.0
12,9,0.0,0.0,0.0,0.0,0.0,0.0,0.0,0.0,0.0,1.0,0.0
12,9,0.0,0.0,0.0,0.0,0.0,0.0,0.0,0.0,0.0,1.0,0.0
12,9,0.0,0.0,0.0,0.0,0.0,0.0,0.0,0.0,0.0,1.0,0.0
12,9,0.0,0.0,0.0,0.0,0.0,0.0,0.0,0.0,0.0,1.0,0.0
12,9,0.0,0.0,0.0,0.0,0.0,0.0,0.0,0.0,0.0,1.0,0.0
12,9,0.0,0.0,0.0,0.0,0.0,0.0,0.0,0.0,0.0,1.0,0.0
12,9,0.0,0.0,0.0,0.0,0.0,0.0,0.0,0.0,0.0,1.0,0.0
12,9,0.0,0.0,0.0,0.0,0.0,0.0,0.0,0.0,0.0,1.0,0.0
12,9,0.0,0.0,0.0,0.0,0.0,0.0,0.0,0.0,0.0,1.0,0.0
12,9,0.0,0.0,0.0,0.0,0.0,0.0,0.0,0.0,0.0,1.0,0.0
12,9,0.0,0.0,0.0,0.0,0.0,0.0,0.0,0.0,0.0,1.0,0.0
12,9,0.0,0.0,0.0,0.0,0.0,0.0,0.0,0.0,0.0,1.0,0.0
12,9,0.0,0.0,0.0,0.0,0.0,0.0,0.0,0.0,0.0,1.0,0.0
12,9,0.0,0.0,0.0,0.0,0.0,0.0,0.0,0.0,0.0,1.0,0.0
12,9,0.0,0.0,0.0,0.0,0.0,0.0,0.0,0.0,0.0,1.0,0.0
12,9,0.0,0.0,0.0,0.0,0.0,0.0,0.0,0.0,0.0,1.0,0.0
12,9,0.0,0.0,0.0,0.0,0.0,0.0,0.0,0.0,0.0,1.0,0.0
12,9,0.0,0.0,0.0,0.0,0.0,0.0,0.0,0.0,0.0,1.0,0.0
12,9,0.0,0.0,0.0,0.0,0.0,0.0,0.0,0.0,0.0,1.0,0.0
12,9,0.0,0.0,0.0,0.0,0.0,0.0,0.0,0.0,0.0,1.0,0.0
12,9,0.0,0.0,0.0,0.0,0.0,0.0,0.0,0.0,0.0,1.0,0.0
12,9,0.0,0.0,0.0,0.0,0.0,0.0,0.0,0.0,0.0,1.0,0.0
12,9,0.0,0.0,0.0,0.0,0.0,0.0,0.0,0.0,0.0,1.0,0.0
12,9,0.0,0.0,0.0,0.0,0.0,0.0,0.0,0.0,0.0,1.0,0.0
12,9,0.0,0.0,0.0,0.0,0.0,0.0,0.0,0.0,0.0,1.0,0.0
12,9,0.0,0.0,0.0,0.0,0.0,0.0,0.0,0.0,0.0,1.0,0.0
12,9,0.0,0.0,0.0,0.0,0.0,0.0,0.0,0.0,0.0,1.0,0.0
12,9,0.0,0.0,0.0,0.0,0.0,0.0,0.0,0.0,0.0,1.0,0.0
12,9,0.0,0.0,0.0,0.0,0.0,0.0,0.0,0.0,0.0,1.0,0.0
12,9,0.0,0.0,0.0,0.0,0.0,0.0,0.0,0.0,0.0,1.0,0.0
12,9,0.0,0.0,0.0,0.0,0.0,0.0,0.0,0.0,0.0,1.0,0.0
12,9,0.0,0.0,0.0,0.0,0.0,0.0,0.0,0.0,0.0,1.0,0.0
12,9,0.0,0.0,0.0,0.0,0.0,0.0,0.0,0.0,0.0,1.0,0.0
12,9,0.0,0.0,0.0,0.0,0.0,0.0,0.0,0.0,0.0,1.0,0.0
12,9,0.0,0.0,0.0,0.0,0.0,0.0,0.0,0.0,0.0,1.0,0.0
12,9,0.0,0.0,0.0,0.0,0.0,0.0,0.0,0.0,0.0,1.0,0.0
12,9,0.0,0.0,0.0,0.0,0.0,0.0,0.0,0.0,0.0,1.0,0.0
12,9,0.0,0.0,0.0,0.0,0.0,0.0,0.0,0.0,0.0,1.0,0.0
12,9,0.0,0.0,0.0,0.0,0.0,0.0,0.0,0.0,0.0,1.0,0.0
12,9,0.0,0.0,0.0,0.0,0.0,0.0,0.0,0.0,0.0,1.0,0.0
12,9,0.0,0.0,0.0,0.0,0.0,0.0,0.0,0.0,0.0,1.0,0.0
12,9,0.0,0.0,0.0,0.0,0.0,0.0,0.0,0.0,0.0,1.0,0.0
12,9,0.0,0.0,0.0,0.0,0.0,0.0,0.0,0.0,0.0,1.0,0.0
12,9,0.0,0.0,0.0,0.0,0.0,0.0,0.0,0.0,0.0,1.0,0.0
12,9,0.0,0.0,0.0,0.0,0.0,0.0,0.0,0.0,0.0,1.0,0.0
12,9,0.0,0.0,0.0,0.0,0.0,0.0,0.0,0.0,0.0,1.0,0.0
12,9,0.0,0.0,0.0,0.0,0.0,0.0,0.0,0.0,0.0,1.0,0.0
12,9,0.0,0.0,0.0,0.0,0.0,0.0,0.0,0.0,0.0,1.0,0.0
12,9,0.0,0.0,0.0,0.0,0.0,0.0,0.0,0.0,0.0,1.0,0.0
12,9,0.0,0.0,0.0,0.0,0.0,0.0,0.0,0.0,0.0,1.0,0.0
12,9,0.0,0.0,0.0,0.0,0.0,0.0,0.0,0.0,0.0,1.0,0.0
12,9,0.0,0.0,0.0,0.0,0.0,0.0,0.0,0.0,0.0,1.0,0.0
12,9,0.0,0.0,0.0,0.0,0.0,0.0,0.0,0.0,0.0,1.0,0.0
12,9,0.0,0.0,0.0,0.0,0.0,0.0,0.0,0.0,0.0,1.0,0.0
12,9,0.0,0.0,0.0,0.0,0.0,0.0,0.0,0.0,0.0,1.0,0.0
12,9,0.0,0.0,0.0,0.0,0.0,0.0,0.0,0.0,0.0,1.0,0.0
12,9,0.0,0.0,0.0,0.0,0.0,0.0,0.0,0.0,0.0,1.0,0.0
12,9,0.0,0.0,0.0,0.0,0.0,0.0,0.0,0.0,0.0,1.0,0.0
12,9,0.0,0.0,0.0,0.0,0.0,0.0,0.0,0.0,0.0,1.0,0.0
12,9,0.0,0.0,0.0,0.0,0.0,0.0,0.0,0.0,0.0,1.0,0.0
12,9,0.0,0.0,0.0,0.0,0.0,0.0,0.0,0.0,0.0,1.0,0.0
12,9,0.0,0.0,0.0,0.0,0.0,0.0,0.0,0.0,0.0,1.0,0.0
12,9,0.0,0.0,0.0,0.0,0.0,0.0,0.0,0.0,0.0,1.0,0.0
12,9,0.0,0.0,0.0,0.0,0.0,0.0,0.0,0.0,0.0,1.0,0.0
12,9,0.0,0.0,0.0,0.0,0.0,0.0,0.0,0.0,0.0,1.0,0.0
12,9,0.0,0.0,0.0,0.0,0.0,0.0,0.0,0.0,0.0,1.0,0.0
12,9,0.0,0.0,0.0,0.0,0.0,0.0,0.0,0.0,0.0,1.0,0.0
12,9,0.0,0.0,0.0,0.0,0.0,0.0,0.0,0.0,0.0,1.0,0.0
12,9,0.0,0.0,0.0,0.0,0.0,0.0,0.0,0.0,0.0,1.0,0.0
12,9,0.0,0.0,0.0,0.0,0.0,0.0,0.0,0.0,0.0,1.0,0.0
12,9,0.0,0.0,0.0,0.0,0.0,0.0,0.0,0.0,0.0,1.0,0.0
12,9,0.0,0.0,0.0,0.0,0.0,0.0,0.0,0.0,0.0,1.0,0.0
12,9,0.0,0.0,0.0,0.0,0.0,0.0,0.0,0.0,0.0,1.0,0.0
12,9,0.0,0.0,0.0,0.0,0.0,0.0,0.0,0.0,0.0,1.0,0.0
12,9,0.0,0.0,0.0,0.0,0.0,0.0,0.0,0.0,0.0,1.0,0.0
12,9,0.0,0.0,0.0,0.0,0.0,0.0,0.0,0.0,0.0,1.0,0.0
12,9,0.0,0.0,0.0,0.0,0.0,0.0,0.0,0.0,0.0,1.0,0.0
12,9,0.0,0.0,0.0,0.0,0.0,0.0,0.0,0.0,0.0,1.0,0.0
12,9,0.0,0.0,0.0,0.0,0.0,0.0,0.0,0.0,0.0,1.0,0.0
12,9,0.0,0.0,0.0,0.0,0.0,0.0,0.0,0.0,0.0,1.0,0.0
12,9,0.0,0.0,0.0,0.0,0.0,0.0,0.0,0.0,0.0,1.0,0.0
12,9,0.0,0.0,0.0,0.0,0.0,0.0,0.0,0.0,0.0,1.0,0.0
12,9,0.0,0.0,0.0,0.0,0.0,0.0,0.0,0.0,0.0,1.0,0.0
12,9,0.0,0.0,0.0,0.0,0.0,0.0,0.0,0.0,0.0,1.0,0.0
12,9,0.0,0.0,0.0,0.0,0.0,0.0,0.0,0.0,0.0,1.0,0.0
12,9,0.0,0.0,0.0,0.0,0.0,0.0,0.0,0.0,0.0,1.0,0.0
12,9,0.0,0.0,0.0,0.0,0.0,0.0,0.0,0.0,0.0,1.0,0.0
12,9,0.0,0.0,0.0,0.0,0.0,0.0,0.0,0.0,0.0,1.0,0.0
12,9,0.0,0.0,0.0,0.0,0.0,0.0,0.0,0.0,0.0,1.0,0.0
12,9,0.0,0.0,0.0,0.0,0.0,0.0,0.0,0.0,0.0,1.0,0.0
12,9,0.0,0.0,0.0,0.0,0.0,0.0,0.0,0.0,0.0,1.0,0.0
12,9,0.0,0.0,0.0,0.0,0.0,0.0,0.0,0.0,0.0,1.0,0.0
12,9,0.0,0.0,0.0,0.0,0.0,0.0,0.0,0.0,0.0,1.0,0.0
12,9,0.0,0.0,0.0,0.0,0.0,0.0,0.0,0.0,0.0,1.0,0.0
12,9,0.0,0.0,0.0,0.0,0.0,0.0,0.0,0.0,0.0,1.0,0.0
12,9,0.0,0.0,0.0,0.0,0.0,0.0,0.0,0.0,0.0,1.0,0.0
12,9,0.0,0.0,0.0,0.0,0.0,0.0,0.0,0.0,0.0,1.0,0.0
12,9,0.0,0.0,0.0,0.0,0.0,0.0,0.0,0.0,0.0,1.0,0.0
12,9,0.0,0.0,0.0,0.0,0.0,0.0,0.0,0.0,0.0,1.0,0.0
12,9,0.0,0.0,0.0,0.0,0.0,0.0,0.0,0.0,0.0,1.0,0.0
12,9,0.0,0.0,0.0,0.0,0.0,0.0,0.0,0.0,0.0,1.0,0.0
12,9,0.0,0.0,0.0,0.0,0.0,0.0,0.0,0.0,0.0,1.0,0.0
12,9,0.0,0.0,0.0,0.0,0.0,0.0,0.0,0.0,0.0,1.0,0.0
12,9,0.0,0.0,0.0,0.0,0.0,0.0,0.0,0.0,0.0,1.0,0.0
12,9,0.0,0.0,0.0,0.0,0.0,0.0,0.0,0.0,0.0,1.0,0.0
12,9,0.0,0.0,0.0,0.0,0.0,0.0,0.0,0.0,0.0,1.0,0.0
12,9,0.0,0.0,0.0,0.0,0.0,0.0,0.0,0.0,0.0,1.0,0.0
12,9,0.0,0.0,0.0,0.0,0.0,0.0,0.0,0.0,0.0,1.0,0.0
12,9,0.0,0.0,0.0,0.0,0.0,0.0,0.0,0.0,0.0,1.0,0.0
12,9,0.0,0.0,0.0,0.0,0.0,0.0,0.0,0.0,0.0,1.0,0.0
12,9,0.0,0.0,0.0,0.0,0.0,0.0,0.0,0.0,0.0,1.0,0.0
12,9,0.0,0.0,0.0,0.0,0.0,0.0,0.0,0.0,0.0,1.0,0.0
12,9,0.0,0.0,0.0,0.0,0.0,0.0,0.0,0.0,0.0,1.0,0.0
12,9,0.0,0.0,0.0,0.0,0.0,0.0,0.0,0.0,0.0,1.0,0.0
12,9,0.0,0.0,0.0,0.0,0.0,0.0,0.0,0.0,0.0,1.0,0.0
12,9,0.0,0.0,0.0,0.0,0.0,0.0,0.0,0.0,0.0,1.0,0.0
12,9,0.0,0.0,0.0,0.0,0.0,0.0,0.0,0.0,0.0,1.0,0.0
12,9,0.0,0.0,0.0,0.0,0.0,0.0,0.0,0.0,0.0,1.0,0.0
12,9,0.0,0.0,0.0,0.0,0.0,0.0,0.0,0.0,0.0,1.0,0.0
12,9,0.0,0.0,0.0,0.0,0.0,0.0,0.0,0.0,0.0,1.0,0.0
12,9,0.0,0.0,0.0,0.0,0.0,0.0,0.0,0.0,0.0,1.0,0.0
12,9,0.0,0.0,0.0,0.0,0.0,0.0,0.0,0.0,0.0,1.0,0.0
12,9,0.0,0.0,0.0,0.0,0.0,0.0,0.0,0.0,0.0,1.0,0.0
12,9,0.0,0.0,0.0,0.0,0.0,0.0,0.0,0.0,0.0,1.0,0.0
12,9,0.0,0.0,0.0,0.0,0.0,0.0,0.0,0.0,0.0,1.0,0.0
12,9,0.0,0.0,0.0,0.0,0.0,0.0,0.0,0.0,0.0,1.0,0.0
12,9,0.0,0.0,0.0,0.0,0.0,0.0,0.0,0.0,0.0,1.0,0.0
12,9,0.0,0.0,0.0,0.0,0.0,0.0,0.0,0.0,0.0,1.0,0.0
12,9,0.0,0.0,0.0,0.0,0.0,0.0,0.0,0.0,0.0,1.0,0.0
12,9,0.0,0.0,0.0,0.0,0.0,0.0,0.0,0.0,0.0,1.0,0.0
12,9,0.0,0.0,0.0,0.0,0.0,0.0,0.0,0.0,0.0,1.0,0.0
12,9,0.0,0.0,0.0,0.0,0.0,0.0,0.0,0.0,0.0,1.0,0.0
12,9,0.0,0.0,0.0,0.0,0.0,0.0,0.0,0.0,0.0,1.0,0.0
12,9,0.0,0.0,0.0,0.0,0.0,0.0,0.0,0.0,0.0,1.0,0.0
12,9,0.0,0.0,0.0,0.0,0.0,0.0,0.0,0.0,0.0,1.0,0.0
12,9,0.0,0.0,0.0,0.0,0.0,0.0,0.0,0.0,0.0,1.0,0.0
12,9,0.0,0.0,0.0,0.0,0.0,0.0,0.0,0.0,0.0,1.0,0.0
12,9,0.0,0.0,0.0,0.0,0.0,0.0,0.0,0.0,0.0,1.0,0.0
12,9,0.0,0.0,0.0,0.0,0.0,0.0,0.0,0.0,0.0,1.0,0.0
12,9,0.0,0.0,0.0,0.0,0.0,0.0,0.0,0.0,0.0,1.0,0.0
12,9,0.0,0.0,0.0,0.0,0.0,0.0,0.0,0.0,0.0,1.0,0.0
12,9,0.0,0.0,0.0,0.0,0.0,0.0,0.0,0.0,0.0,1.0,0.0
12,9,0.0,0.0,0.0,0.0,0.0,0.0,0.0,0.0,0.0,1.0,0.0
12,9,0.0,0.0,0.0,0.0,0.0,0.0,0.0,0.0,0.0,1.0,0.0
12,9,0.0,0.0,0.0,0.0,0.0,0.0,0.0,0.0,0.0,1.0,0.0
12,9,0.0,0.0,0.0,0.0,0.0,0.0,0.0,0.0,0.0,1.0,0.0
12,9,0.0,0.0,0.0,0.0,0.0,0.0,0.0,0.0,0.0,1.0,0.0
12,9,0.0,0.0,0.0,0.0,0.0,0.0,0.0,0.0,0.0,1.0,0.0
12,9,0.0,0.0,0.0,0.0,0.0,0.0,0.0,0.0,0.0,1.0,0.0
12,9,0.0,0.0,0.0,0.0,0.0,0.0,0.0,0.0,0.0,1.0,0.0
12,9,0.0,0.0,0.0,0.0,0.0,0.0,0.0,0.0,0.0,1.0,0.0
12,9,0.0,0.0,0.0,0.0,0.0,0.0,0.0,0.0,0.0,1.0,0.0
12,9,0.0,0.0,0.0,0.0,0.0,0.0,0.0,0.0,0.0,1.0,0.0
12,9,0.0,0.0,0.0,0.0,0.0,0.0,0.0,0.0,0.0,1.0,0.0
12,9,0.0,0.0,0.0,0.0,0.0,0.0,0.0,0.0,0.0,1.0,0.0
12,9,0.0,0.0,0.0,0.0,0.0,0.0,0.0,0.0,0.0,1.0,0.0
12,9,0.0,0.0,0.0,0.0,0.0,0.0,0.0,0.0,0.0,1.0,0.0
12,9,0.0,0.0,0.0,0.0,0.0,0.0,0.0,0.0,0.0,1.0,0.0
12,9,0.0,0.0,0.0,0.0,0.0,0.0,0.0,0.0,0.0,1.0,0.0
12,9,0.0,0.0,0.0,0.0,0.0,0.0,0.0,0.0,0.0,1.0,0.0
12,9,0.0,0.0,0.0,0.0,0.0,0.0,0.0,0.0,0.0,1.0,0.0
12,9,0.0,0.0,0.0,0.0,0.0,0.0,0.0,0.0,0.0,1.0,0.0
12,9,0.0,0.0,0.0,0.0,0.0,0.0,0.0,0.0,0.0,1.0,0.0
12,9,0.0,0.0,0.0,0.0,0.0,0.0,0.0,0.0,0.0,1.0,0.0
12,9,0.0,0.0,0.0,0.0,0.0,0.0,0.0,0.0,0.0,1.0,0.0
12,9,0.0,0.0,0.0,0.0,0.0,0.0,0.0,0.0,0.0,1.0,0.0
12,9,0.0,0.0,0.0,0.0,0.0,0.0,0.0,0.0,0.0,1.0,0.0
12,9,0.0,0.0,0.0,0.0,0.0,0.0,0.0,0.0,0.0,1.0,0.0
12,9,0.0,0.0,0.0,0.0,0.0,0.0,0.0,0.0,0.0,1.0,0.0
12,9,0.0,0.0,0.0,0.0,0.0,0.0,0.0,0.0,0.0,1.0,0.0
12,9,0.0,0.0,0.0,0.0,0.0,0.0,0.0,0.0,0.0,1.0,0.0
12,9,0.0,0.0,0.0,0.0,0.0,0.0,0.0,0.0,0.0,1.0,0.0
12,9,0.0,0.0,0.0,0.0,0.0,0.0,0.0,0.0,0.0,1.0,0.0
12,9,0.0,0.0,0.0,0.0,0.0,0.0,0.0,0.0,0.0,1.0,0.0
12,9,0.0,0.0,0.0,0.0,0.0,0.0,0.0,0.0,0.0,1.0,0.0
12,9,0.0,0.0,0.0,0.0,0.0,0.0,0.0,0.0,0.0,1.0,0.0
12,9,0.0,0.0,0.0,0.0,0.0,0.0,0.0,0.0,0.0,1.0,0.0
12,9,0.0,0.0,0.0,0.0,0.0,0.0,0.0,0.0,0.0,1.0,0.0
12,9,0.0,0.0,0.0,0.0,0.0,0.0,0.0,0.0,0.0,1.0,0.0
12,9,0.0,0.0,0.0,0.0,0.0,0.0,0.0,0.0,0.0,1.0,0.0
12,9,0.0,0.0,0.0,0.0,0.0,0.0,0.0,0.0,0.0,1.0,0.0
12,9,0.0,0.0,0.0,0.0,0.0,0.0,0.0,0.0,0.0,1.0,0.0
12,9,0.0,0.0,0.0,0.0,0.0,0.0,0.0,0.0,0.0,1.0,0.0
12,9,0.0,0.0,0.0,0.0,0.0,0.0,0.0,0.0,0.0,1.0,0.0
12,9,0.0,0.0,0.0,0.0,0.0,0.0,0.0,0.0,0.0,1.0,0.0
12,9,0.0,0.0,0.0,0.0,0.0,0.0,0.0,0.0,0.0,1.0,0.0
12,9,0.0,0.0,0.0,0.0,0.0,0.0,0.0,0.0,0.0,1.0,0.0
12,9,0.0,0.0,0.0,0.0,0.0,0.0,0.0,0.0,0.0,1.0,0.0
12,9,0.0,0.0,0.0,0.0,0.0,0.0,0.0,0.0,0.0,1.0,0.0
12,9,0.0,0.0,0.0,0.0,0.0,0.0,0.0,0.0,0.0,1.0,0.0
12,9,0.0,0.0,0.0,0.0,0.0,0.0,0.0,0.0,0.0,1.0,0.0
12,9,0.0,0.0,0.0,0.0,0.0,0.0,0.0,0.0,0.0,1.0,0.0
12,9,0.0,0.0,0.0,0.0,0.0,0.0,0.0,0.0,0.0,1.0,0.0
12,9,0.0,0.0,0.0,0.0,0.0,0.0,0.0,0.0,0.0,1.0,0.0
12,9,0.0,0.0,0.0,0.0,0.0,0.0,0.0,0.0,0.0,1.0,0.0
12,9,0.0,0.0,0.0,0.0,0.0,0.0,0.0,0.0,0.0,1.0,0.0
12,9,0.0,0.0,0.0,0.0,0.0,0.0,0.0,0.0,0.0,1.0,0.0
12,9,0.0,0.0,0.0,0.0,0.0,0.0,0.0,0.0,0.0,1.0,0.0
12,9,0.0,0.0,0.0,0.0,0.0,0.0,0.0,0.0,0.0,1.0,0.0
12,9,0.0,0.0,0.0,0.0,0.0,0.0,0.0,0.0,0.0,1.0,0.0
12,9,0.0,0.0,0.0,0.0,0.0,0.0,0.0,0.0,0.0,1.0,0.0
12,9,0.0,0.0,0.0,0.0,0.0,0.0,0.0,0.0,0.0,1.0,0.0
12,9,0.0,0.0,0.0,0.0,0.0,0.0,0.0,0.0,0.0,1.0,0.0
12,9,0.0,0.0,0.0,0.0,0.0,0.0,0.0,0.0,0.0,1.0,0.0
12,9,0.0,0.0,0.0,0.0,0.0,0.0,0.0,0.0,0.0,1.0,0.0
12,9,0.0,0.0,0.0,0.0,0.0,0.0,0.0,0.0,0.0,1.0,0.0
12,9,0.0,0.0,0.0,0.0,0.0,0.0,0.0,0.0,0.0,1.0,0.0
12,9,0.0,0.0,0.0,0.0,0.0,0.0,0.0,0.0,0.0,1.0,0.0
12,9,0.0,0.0,0.0,0.0,0.0,0.0,0.0,0.0,0.0,1.0,0.0
12,9,0.0,0.0,0.0,0.0,0.0,0.0,0.0,0.0,0.0,1.0,0.0
12,9,0.0,0.0,0.0,0.0,0.0,0.0,0.0,0.0,0.0,1.0,0.0
12,9,0.0,0.0,0.0,0.0,0.0,0.0,0.0,0.0,0.0,1.0,0.0
12,9,0.0,0.0,0.0,0.0,0.0,0.0,0.0,0.0,0.0,1.0,0.0
12,9,0.0,0.0,0.0,0.0,0.0,0.0,0.0,0.0,0.0,1.0,0.0
12,9,0.0,0.0,0.0,0.0,0.0,0.0,0.0,0.0,0.0,1.0,0.0
12,9,0.0,0.0,0.0,0.0,0.0,0.0,0.0,0.0,0.0,1.0,0.0
12,9,0.0,0.0,0.0,0.0,0.0,0.0,0.0,0.0,0.0,1.0,0.0
12,9,0.0,0.0,0.0,0.0,0.0,0.0,0.0,0.0,0.0,1.0,0.0
12,9,0.0,0.0,0.0,0.0,0.0,0.0,0.0,0.0,0.0,1.0,0.0
12,9,0.0,0.0,0.0,0.0,0.0,0.0,0.0,0.0,0.0,1.0,0.0
12,9,0.0,0.0,0.0,0.0,0.0,0.0,0.0,0.0,0.0,1.0,0.0
12,9,0.0,0.0,0.0,0.0,0.0,0.0,0.0,0.0,0.0,1.0,0.0
12,9,0.0,0.0,0.0,0.0,0.0,0.0,0.0,0.0,0.0,1.0,0.0
12,9,0.0,0.0,0.0,0.0,0.0,0.0,0.0,0.0,0.0,1.0,0.0
12,9,0.0,0.0,0.0,0.0,0.0,0.0,0.0,0.0,0.0,1.0,0.0
12,9,0.0,0.0,0.0,0.0,0.0,0.0,0.0,0.0,0.0,1.0,0.0
12,9,0.0,0.0,0.0,0.0,0.0,0.0,0.0,0.0,0.0,1.0,0.0
12,9,0.0,0.0,0.0,0.0,0.0,0.0,0.0,0.0,0.0,1.0,0.0
12,9,0.0,0.0,0.0,0.0,0.0,0.0,0.0,0.0,0.0,1.0,0.0
12,9,0.0,0.0,0.0,0.0,0.0,0.0,0.0,0.0,0.0,1.0,0.0
12,9,0.0,0.0,0.0,0.0,0.0,0.0,0.0,0.0,0.0,1.0,0.0
12,9,0.0,0.0,0.0,0.0,0.0,0.0,0.0,0.0,0.0,1.0,0.0
12,9,0.0,0.0,0.0,0.0,0.0,0.0,0.0,0.0,0.0,1.0,0.0
12,9,0.0,0.0,0.0,0.0,0.0,0.0,0.0,0.0,0.0,1.0,0.0
12,9,0.0,0.0,0.0,0.0,0.0,0.0,0.0,0.0,0.0,1.0,0.0
12,9,0.0,0.0,0.0,0.0,0.0,0.0,0.0,0.0,0.0,1.0,0.0
12,9,0.0,0.0,0.0,0.0,0.0,0.0,0.0,0.0,0.0,1.0,0.0
12,9,0.0,0.0,0.0,0.0,0.0,0.0,0.0,0.0,0.0,1.0,0.0
12,9,0.0,0.0,0.0,0.0,0.0,0.0,0.0,0.0,0.0,1.0,0.0
12,9,0.0,0.0,0.0,0.0,0.0,0.0,0.0,0.0,0.0,1.0,0.0
12,9,0.0,0.0,0.0,0.0,0.0,0.0,0.0,0.0,0.0,1.0,0.0
12,9,0.0,0.0,0.0,0.0,0.0,0.0,0.0,0.0,0.0,1.0,0.0
12,9,0.0,0.0,0.0,0.0,0.0,0.0,0.0,0.0,0.0,1.0,0.0
12,9,0.0,0.0,0.0,0.0,0.0,0.0,0.0,0.0,0.0,1.0,0.0
12,9,0.0,0.0,0.0,0.0,0.0,0.0,0.0,0.0,0.0,1.0,0.0
12,9,0.0,0.0,0.0,0.0,0.0,0.0,0.0,0.0,0.0,1.0,0.0
12,9,0.0,0.0,0.0,0.0,0.0,0.0,0.0,0.0,0.0,1.0,0.0
12,9,0.0,0.0,0.0,0.0,0.0,0.0,0.0,0.0,0.0,1.0,0.0
12,9,0.0,0.0,0.0,0.0,0.0,0.0,0.0,0.0,0.0,1.0,0.0
12,9,0.0,0.0,0.0,0.0,0.0,0.0,0.0,0.0,0.0,1.0,0.0
12,9,0.0,0.0,0.0,0.0,0.0,0.0,0.0,0.0,0.0,1.0,0.0
12,9,0.0,0.0,0.0,0.0,0.0,0.0,0.0,0.0,0.0,1.0,0.0
12,9,0.0,0.0,0.0,0.0,0.0,0.0,0.0,0.0,0.0,1.0,0.0
12,9,0.0,0.0,0.0,0.0,0.0,0.0,0.0,0.0,0.0,1.0,0.0
12,9,0.0,0.0,0.0,0.0,0.0,0.0,0.0,0.0,0.0,1.0,0.0
12,9,0.0,0.0,0.0,0.0,0.0,0.0,0.0,0.0,0.0,1.0,0.0
12,9,0.0,0.0,0.0,0.0,0.0,0.0,0.0,0.0,0.0,1.0,0.0
12,9,0.0,0.0,0.0,0.0,0.0,0.0,0.0,0.0,0.0,1.0,0.0
12,9,0.0,0.0,0.0,0.0,0.0,0.0,0.0,0.0,0.0,1.0,0.0
12,9,0.0,0.0,0.0,0.0,0.0,0.0,0.0,0.0,0.0,1.0,0.0
12,9,0.0,0.0,0.0,0.0,0.0,0.0,0.0,0.0,0.0,1.0,0.0
12,9,0.0,0.0,0.0,0.0,0.0,0.0,0.0,0.0,0.0,1.0,0.0
12,9,0.0,0.0,0.0,0.0,0.0,0.0,0.0,0.0,0.0,1.0,0.0
12,9,0.0,0.0,0.0,0.0,0.0,0.0,0.0,0.0,0.0,1.0,0.0
12,9,0.0,0.0,0.0,0.0,0.0,0.0,0.0,0.0,0.0,1.0,0.0
12,9,0.0,0.0,0.0,0.0,0.0,0.0,0.0,0.0,0.0,1.0,0.0
12,9,0.0,0.0,0.0,0.0,0.0,0.0,0.0,0.0,0.0,1.0,0.0
12,9,0.0,0.0,0.0,0.0,0.0,0.0,0.0,0.0,0.0,1.0,0.0
12,9,0.0,0.0,0.0,0.0,0.0,0.0,0.0,0.0,0.0,1.0,0.0
12,9,0.0,0.0,0.0,0.0,0.0,0.0,0.0,0.0,0.0,1.0,0.0
12,9,0.0,0.0,0.0,0.0,0.0,0.0,0.0,0.0,0.0,1.0,0.0
12,9,0.0,0.0,0.0,0.0,0.0,0.0,0.0,0.0,0.0,1.0,0.0
12,9,0.0,0.0,0.0,0.0,0.0,0.0,0.0,0.0,0.0,1.0,0.0
12,9,0.0,0.0,0.0,0.0,0.0,0.0,0.0,0.0,0.0,1.0,0.0
12,9,0.0,0.0,0.0,0.0,0.0,0.0,0.0,0.0,0.0,1.0,0.0
12,9,0.0,0.0,0.0,0.0,0.0,0.0,0.0,0.0,0.0,1.0,0.0
12,9,0.0,0.0,0.0,0.0,0.0,0.0,0.0,0.0,0.0,1.0,0.0
12,9,0.0,0.0,0.0,0.0,0.0,0.0,0.0,0.0,0.0,1.0,0.0
12,9,0.0,0.0,0.0,0.0,0.0,0.0,0.0,0.0,0.0,1.0,0.0
12,9,0.0,0.0,0.0,0.0,0.0,0.0,0.0,0.0,0.0,1.0,0.0
12,9,0.0,0.0,0.0,0.0,0.0,0.0,0.0,0.0,0.0,1.0,0.0
12,9,0.0,0.0,0.0,0.0,0.0,0.0,0.0,0.0,0.0,1.0,0.0
12,9,0.0,0.0,0.0,0.0,0.0,0.0,0.0,0.0,0.0,1.0,0.0
12,9,0.0,0.0,0.0,0.0,0.0,0.0,0.0,0.0,0.0,1.0,0.0
12,9,0.0,0.0,0.0,0.0,0.0,0.0,0.0,0.0,0.0,1.0,0.0
12,9,0.0,0.0,0.0,0.0,0.0,0.0,0.0,0.0,0.0,1.0,0.0
12,9,0.0,0.0,0.0,0.0,0.0,0.0,0.0,0.0,0.0,1.0,0.0
12,9,0.0,0.0,0.0,0.0,0.0,0.0,0.0,0.0,0.0,1.0,0.0
12,9,0.0,0.0,0.0,0.0,0.0,0.0,0.0,0.0,0.0,1.0,0.0
12,9,0.0,0.0,0.0,0.0,0.0,0.0,0.0,0.0,0.0,1.0,0.0
12,9,0.0,0.0,0.0,0.0,0.0,0.0,0.0,0.0,0.0,1.0,0.0
12,9,0.0,0.0,0.0,0.0,0.0,0.0,0.0,0.0,0.0,1.0,0.0
12,9,0.0,0.0,0.0,0.0,0.0,0.0,0.0,0.0,0.0,1.0,0.0
12,9,0.0,0.0,0.0,0.0,0.0,0.0,0.0,0.0,0.0,1.0,0.0
12,9,0.0,0.0,0.0,0.0,0.0,0.0,0.0,0.0,0.0,1.0,0.0
12,9,0.0,0.0,0.0,0.0,0.0,0.0,0.0,0.0,0.0,1.0,0.0
12,9,0.0,0.0,0.0,0.0,0.0,0.0,0.0,0.0,0.0,1.0,0.0
12,9,0.0,0.0,0.0,0.0,0.0,0.0,0.0,0.0,0.0,1.0,0.0
12,9,0.0,0.0,0.0,0.0,0.0,0.0,0.0,0.0,0.0,1.0,0.0
12,9,0.0,0.0,0.0,0.0,0.0,0.0,0.0,0.0,0.0,1.0,0.0
12,9,0.0,0.0,0.0,0.0,0.0,0.0,0.0,0.0,0.0,1.0,0.0
12,9,0.0,0.0,0.0,0.0,0.0,0.0,0.0,0.0,0.0,1.0,0.0
12,9,0.0,0.0,0.0,0.0,0.0,0.0,0.0,0.0,0.0,1.0,0.0
12,9,0.0,0.0,0.0,0.0,0.0,0.0,0.0,0.0,0.0,1.0,0.0
12,9,0.0,0.0,0.0,0.0,0.0,0.0,0.0,0.0,0.0,1.0,0.0
12,9,0.0,0.0,0.0,0.0,0.0,0.0,0.0,0.0,0.0,1.0,0.0
12,9,0.0,0.0,0.0,0.0,0.0,0.0,0.0,0.0,0.0,1.0,0.0
12,9,0.0,0.0,0.0,0.0,0.0,0.0,0.0,0.0,0.0,1.0,0.0
12,9,0.0,0.0,0.0,0.0,0.0,0.0,0.0,0.0,0.0,1.0,0.0
12,9,0.0,0.0,0.0,0.0,0.0,0.0,0.0,0.0,0.0,1.0,0.0
12,9,0.0,0.0,0.0,0.0,0.0,0.0,0.0,0.0,0.0,1.0,0.0
12,9,0.0,0.0,0.0,0.0,0.0,0.0,0.0,0.0,0.0,1.0,0.0
12,9,0.0,0.0,0.0,0.0,0.0,0.0,0.0,0.0,0.0,1.0,0.0
12,9,0.0,0.0,0.0,0.0,0.0,0.0,0.0,0.0,0.0,1.0,0.0
12,9,0.0,0.0,0.0,0.0,0.0,0.0,0.0,0.0,0.0,1.0,0.0
12,9,0.0,0.0,0.0,0.0,0.0,0.0,0.0,0.0,0.0,1.0,0.0
12,9,0.0,0.0,0.0,0.0,0.0,0.0,0.0,0.0,0.0,1.0,0.0
12,9,0.0,0.0,0.0,0.0,0.0,0.0,0.0,0.0,0.0,1.0,0.0
12,9,0.0,0.0,0.0,0.0,0.0,0.0,0.0,0.0,0.0,1.0,0.0
12,9,0.0,0.0,0.0,0.0,0.0,0.0,0.0,0.0,0.0,1.0,0.0
12,9,0.0,0.0,0.0,0.0,0.0,0.0,0.0,0.0,0.0,1.0,0.0
12,9,0.0,0.0,0.0,0.0,0.0,0.0,0.0,0.0,0.0,1.0,0.0
12,9,0.0,0.0,0.0,0.0,0.0,0.0,0.0,0.0,0.0,1.0,0.0
12,9,0.0,0.0,0.0,0.0,0.0,0.0,0.0,0.0,0.0,1.0,0.0
12,9,0.0,0.0,0.0,0.0,0.0,0.0,0.0,0.0,0.0,1.0,0.0
12,9,0.0,0.0,0.0,0.0,0.0,0.0,0.0,0.0,0.0,1.0,0.0
12,9,0.0,0.0,0.0,0.0,0.0,0.0,0.0,0.0,0.0,1.0,0.0
12,9,0.0,0.0,0.0,0.0,0.0,0.0,0.0,0.0,0.0,1.0,0.0
12,9,0.0,0.0,0.0,0.0,0.0,0.0,0.0,0.0,0.0,1.0,0.0
12,9,0.0,0.0,0.0,0.0,0.0,0.0,0.0,0.0,0.0,1.0,0.0
12,9,0.0,0.0,0.0,0.0,0.0,0.0,0.0,0.0,0.0,1.0,0.0
12,9,0.0,0.0,0.0,0.0,0.0,0.0,0.0,0.0,0.0,1.0,0.0
12,9,0.0,0.0,0.0,0.0,0.0,0.0,0.0,0.0,0.0,1.0,0.0
12,9,0.0,0.0,0.0,0.0,0.0,0.0,0.0,0.0,0.0,1.0,0.0
12,9,0.0,0.0,0.0,0.0,0.0,0.0,0.0,0.0,0.0,1.0,0.0
12,9,0.0,0.0,0.0,0.0,0.0,0.0,0.0,0.0,0.0,1.0,0.0
12,9,0.0,0.0,0.0,0.0,0.0,0.0,0.0,0.0,0.0,1.0,0.0
12,9,0.0,0.0,0.0,0.0,0.0,0.0,0.0,0.0,0.0,1.0,0.0
12,9,0.0,0.0,0.0,0.0,0.0,0.0,0.0,0.0,0.0,1.0,0.0
12,9,0.0,0.0,0.0,0.0,0.0,0.0,0.0,0.0,0.0,1.0,0.0
12,9,0.0,0.0,0.0,0.0,0.0,0.0,0.0,0.0,0.0,1.0,0.0
12,9,0.0,0.0,0.0,0.0,0.0,0.0,0.0,0.0,0.0,1.0,0.0
12,9,0.0,0.0,0.0,0.0,0.0,0.0,0.0,0.0,0.0,1.0,0.0
12,9,0.0,0.0,0.0,0.0,0.0,0.0,0.0,0.0,0.0,1.0,0.0
12,9,0.0,0.0,0.0,0.0,0.0,0.0,0.0,0.0,0.0,1.0,0.0
12,9,0.0,0.0,0.0,0.0,0.0,0.0,0.0,0.0,0.0,1.0,0.0
12,9,0.0,0.0,0.0,0.0,0.0,0.0,0.0,0.0,0.0,1.0,0.0
12,9,0.0,0.0,0.0,0.0,0.0,0.0,0.0,0.0,0.0,1.0,0.0
12,9,0.0,0.0,0.0,0.0,0.0,0.0,0.0,0.0,0.0,1.0,0.0
12,9,0.0,0.0,0.0,0.0,0.0,0.0,0.0,0.0,0.0,1.0,0.0
12,9,0.0,0.0,0.0,0.0,0.0,0.0,0.0,0.0,0.0,1.0,0.0
12,9,0.0,0.0,0.0,0.0,0.0,0.0,0.0,0.0,0.0,1.0,0.0
12,9,0.0,0.0,0.0,0.0,0.0,0.0,0.0,0.0,0.0,1.0,0.0
12,9,0.0,0.0,0.0,0.0,0.0,0.0,0.0,0.0,0.0,1.0,0.0
12,9,0.0,0.0,0.0,0.0,0.0,0.0,0.0,0.0,0.0,1.0,0.0
12,9,0.0,0.0,0.0,0.0,0.0,0.0,0.0,0.0,0.0,1.0,0.0
12,9,0.0,0.0,0.0,0.0,0.0,0.0,0.0,0.0,0.0,1.0,0.0
12,9,0.0,0.0,0.0,0.0,0.0,0.0,0.0,0.0,0.0,1.0,0.0
12,9,0.0,0.0,0.0,0.0,0.0,0.0,0.0,0.0,0.0,1.0,0.0
12,9,0.0,0.0,0.0,0.0,0.0,0.0,0.0,0.0,0.0,1.0,0.0
12,9,0.0,0.0,0.0,0.0,0.0,0.0,0.0,0.0,0.0,1.0,0.0
12,9,0.0,0.0,0.0,0.0,0.0,0.0,0.0,0.0,0.0,1.0,0.0
12,9,0.0,0.0,0.0,0.0,0.0,0.0,0.0,0.0,0.0,1.0,0.0
12,9,0.0,0.0,0.0,0.0,0.0,0.0,0.0,0.0,0.0,1.0,0.0
12,9,0.0,0.0,0.0,0.0,0.0,0.0,0.0,0.0,0.0,1.0,0.0
12,9,0.0,0.0,0.0,0.0,0.0,0.0,0.0,0.0,0.0,1.0,0.0
12,9,0.0,0.0,0.0,0.0,0.0,0.0,0.0,0.0,0.0,1.0,0.0
12,9,0.0,0.0,0.0,0.0,0.0,0.0,0.0,0.0,0.0,1.0,0.0
12,9,0.0,0.0,0.0,0.0,0.0,0.0,0.0,0.0,0.0,1.0,0.0
12,9,0.0,0.0,0.0,0.0,0.0,0.0,0.0,0.0,0.0,1.0,0.0
12,9,0.0,0.0,0.0,0.0,0.0,0.0,0.0,0.0,0.0,1.0,0.0
12,9,0.0,0.0,0.0,0.0,0.0,0.0,0.0,0.0,0.0,1.0,0.0
12,9,0.0,0.0,0.0,0.0,0.0,0.0,0.0,0.0,0.0,1.0,0.0
12,9,0.0,0.0,0.0,0.0,0.0,0.0,0.0,0.0,0.0,1.0,0.0
12,9,0.0,0.0,0.0,0.0,0.0,0.0,0.0,0.0,0.0,1.0,0.0
12,9,0.0,0.0,0.0,0.0,0.0,0.0,0.0,0.0,0.0,1.0,0.0
12,9,0.0,0.0,0.0,0.0,0.0,0.0,0.0,0.0,0.0,1.0,0.0
12,9,0.0,0.0,0.0,0.0,0.0,0.0,0.0,0.0,0.0,1.0,0.0
12,9,0.0,0.0,0.0,0.0,0.0,0.0,0.0,0.0,0.0,1.0,0.0
12,9,0.0,0.0,0.0,0.0,0.0,0.0,0.0,0.0,0.0,1.0,0.0
12,9,0.0,0.0,0.0,0.0,0.0,0.0,0.0,0.0,0.0,1.0,0.0
12,9,0.0,0.0,0.0,0.0,0.0,0.0,0.0,0.0,0.0,1.0,0.0
12,9,0.0,0.0,0.0,0.0,0.0,0.0,0.0,0.0,0.0,1.0,0.0
12,9,0.0,0.0,0.0,0.0,0.0,0.0,0.0,0.0,0.0,1.0,0.0
12,9,0.0,0.0,0.0,0.0,0.0,0.0,0.0,0.0,0.0,1.0,0.0
12,9,0.0,0.0,0.0,0.0,0.0,0.0,0.0,0.0,0.0,1.0,0.0
12,9,0.0,0.0,0.0,0.0,0.0,0.0,0.0,0.0,0.0,1.0,0.0
12,9,0.0,0.0,0.0,0.0,0.0,0.0,0.0,0.0,0.0,1.0,0.0
12,9,0.0,0.0,0.0,0.0,0.0,0.0,0.0,0.0,0.0,1.0,0.0
12,9,0.0,0.0,0.0,0.0,0.0,0.0,0.0,0.0,0.0,1.0,0.0
12,9,0.0,0.0,0.0,0.0,0.0,0.0,0.0,0.0,0.0,1.0,0.0
12,9,0.0,0.0,0.0,0.0,0.0,0.0,0.0,0.0,0.0,1.0,0.0
12,9,0.0,0.0,0.0,0.0,0.0,0.0,0.0,0.0,0.0,1.0,0.0
12,9,0.0,0.0,0.0,0.0,0.0,0.0,0.0,0.0,0.0,1.0,0.0
12,9,0.0,0.0,0.0,0.0,0.0,0.0,0.0,0.0,0.0,1.0,0.0
12,9,0.0,0.0,0.0,0.0,0.0,0.0,0.0,0.0,0.0,1.0,0.0
12,9,0.0,0.0,0.0,0.0,0.0,0.0,0.0,0.0,0.0,1.0,0.0
12,9,0.0,0.0,0.0,0.0,0.0,0.0,0.0,0.0,0.0,1.0,0.0
12,9,0.0,0.0,0.0,0.0,0.0,0.0,0.0,0.0,0.0,1.0,0.0
12,9,0.0,0.0,0.0,0.0,0.0,0.0,0.0,0.0,0.0,1.0,0.0
12,9,0.0,0.0,0.0,0.0,0.0,0.0,0.0,0.0,0.0,1.0,0.0
12,9,0.0,0.0,0.0,0.0,0.0,0.0,0.0,0.0,0.0,1.0,0.0
12,9,0.0,0.0,0.0,0.0,0.0,0.0,0.0,0.0,0.0,1.0,0.0
12,9,0.0,0.0,0.0,0.0,0.0,0.0,0.0,0.0,0.0,1.0,0.0
12,9,0.0,0.0,0.0,0.0,0.0,0.0,0.0,0.0,0.0,1.0,0.0
12,9,0.0,0.0,0.0,0.0,0.0,0.0,0.0,0.0,0.0,1.0,0.0
12,9,0.0,0.0,0.0,0.0,0.0,0.0,0.0,0.0,0.0,1.0,0.0
12,9,0.0,0.0,0.0,0.0,0.0,0.0,0.0,0.0,0.0,1.0,0.0
12,9,0.0,0.0,0.0,0.0,0.0,0.0,0.0,0.0,0.0,1.0,0.0
12,9,0.0,0.0,0.0,0.0,0.0,0.0,0.0,0.0,0.0,1.0,0.0
12,9,0.0,0.0,0.0,0.0,0.0,0.0,0.0,0.0,0.0,1.0,0.0
12,9,0.0,0.0,0.0,0.0,0.0,0.0,0.0,0.0,0.0,1.0,0.0
12,9,0.0,0.0,0.0,0.0,0.0,0.0,0.0,0.0,0.0,1.0,0.0
12,9,0.0,0.0,0.0,0.0,0.0,0.0,0.0,0.0,0.0,1.0,0.0
12,9,0.0,0.0,0.0,0.0,0.0,0.0,0.0,0.0,0.0,1.0,0.0
12,9,0.0,0.0,0.0,0.0,0.0,0.0,0.0,0.0,0.0,1.0,0.0
12,9,0.0,0.0,0.0,0.0,0.0,0.0,0.0,0.0,0.0,1.0,0.0
12,9,0.0,0.0,0.0,0.0,0.0,0.0,0.0,0.0,0.0,1.0,0.0
12,9,0.0,0.0,0.0,0.0,0.0,0.0,0.0,0.0,0.0,1.0,0.0
12,9,0.0,0.0,0.0,0.0,0.0,0.0,0.0,0.0,0.0,1.0,0.0
12,9,0.0,0.0,0.0,0.0,0.0,0.0,0.0,0.0,0.0,1.0,0.0
12,9,0.0,0.0,0.0,0.0,0.0,0.0,0.0,0.0,0.0,1.0,0.0
12,9,0.0,0.0,0.0,0.0,0.0,0.0,0.0,0.0,0.0,1.0,0.0
12,9,0.0,0.0,0.0,0.0,0.0,0.0,0.0,0.0,0.0,1.0,0.0
12,9,0.0,0.0,0.0,0.0,0.0,0.0,0.0,0.0,0.0,1.0,0.0
12,9,0.0,0.0,0.0,0.0,0.0,0.0,0.0,0.0,0.0,1.0,0.0
12,9,0.0,0.0,0.0,0.0,0.0,0.0,0.0,0.0,0.0,1.0,0.0
12,9,0.0,0.0,0.0,0.0,0.0,0.0,0.0,0.0,0.0,1.0,0.0
12,9,0.0,0.0,0.0,0.0,0.0,0.0,0.0,0.0,0.0,1.0,0.0
12,9,0.0,0.0,0.0,0.0,0.0,0.0,0.0,0.0,0.0,1.0,0.0
12,9,0.0,0.0,0.0,0.0,0.0,0.0,0.0,0.0,0.0,1.0,0.0
12,9,0.0,0.0,0.0,0.0,0.0,0.0,0.0,0.0,0.0,1.0,0.0
12,9,0.0,0.0,0.0,0.0,0.0,0.0,0.0,0.0,0.0,1.0,0.0
12,9,0.0,0.0,0.0,0.0,0.0,0.0,0.0,0.0,0.0,1.0,0.0
12,9,0.0,0.0,0.0,0.0,0.0,0.0,0.0,0.0,0.0,1.0,0.0
12,9,0.0,0.0,0.0,0.0,0.0,0.0,0.0,0.0,0.0,1.0,0.0
12,9,0.0,0.0,0.0,0.0,0.0,0.0,0.0,0.0,0.0,1.0,0.0
12,9,0.0,0.0,0.0,0.0,0.0,0.0,0.0,0.0,0.0,1.0,0.0
12,9,0.0,0.0,0.0,0.0,0.0,0.0,0.0,0.0,0.0,1.0,0.0
12,9,0.0,0.0,0.0,0.0,0.0,0.0,0.0,0.0,0.0,1.0,0.0
12,9,0.0,0.0,0.0,0.0,0.0,0.0,0.0,0.0,0.0,1.0,0.0
12,9,0.0,0.0,0.0,0.0,0.0,0.0,0.0,0.0,0.0,1.0,0.0
12,9,0.0,0.0,0.0,0.0,0.0,0.0,0.0,0.0,0.0,1.0,0.0
12,9,0.0,0.0,0.0,0.0,0.0,0.0,0.0,0.0,0.0,1.0,0.0
12,9,0.0,0.0,0.0,0.0,0.0,0.0,0.0,0.0,0.0,1.0,0.0
12,9,0.0,0.0,0.0,0.0,0.0,0.0,0.0,0.0,0.0,1.0,0.0
12,9,0.0,0.0,0.0,0.0,0.0,0.0,0.0,0.0,0.0,1.0,0.0
12,9,0.0,0.0,0.0,0.0,0.0,0.0,0.0,0.0,0.0,1.0,0.0
12,9,0.0,0.0,0.0,0.0,0.0,0.0,0.0,0.0,0.0,1.0,0.0
12,9,0.0,0.0,0.0,0.0,0.0,0.0,0.0,0.0,0.0,1.0,0.0
12,9,0.0,0.0,0.0,0.0,0.0,0.0,0.0,0.0,0.0,1.0,0.0
12,9,0.0,0.0,0.0,0.0,0.0,0.0,0.0,0.0,0.0,1.0,0.0
12,9,0.0,0.0,0.0,0.0,0.0,0.0,0.0,0.0,0.0,1.0,0.0
12,9,0.0,0.0,0.0,0.0,0.0,0.0,0.0,0.0,0.0,1.0,0.0
12,9,0.0,0.0,0.0,0.0,0.0,0.0,0.0,0.0,0.0,1.0,0.0
12,9,0.0,0.0,0.0,0.0,0.0,0.0,0.0,0.0,0.0,1.0,0.0
12,9,0.0,0.0,0.0,0.0,0.0,0.0,0.0,0.0,0.0,1.0,0.0
12,9,0.0,0.0,0.0,0.0,0.0,0.0,0.0,0.0,0.0,1.0,0.0
12,9,0.0,0.0,0.0,0.0,0.0,0.0,0.0,0.0,0.0,1.0,0.0
12,9,0.0,0.0,0.0,0.0,0.0,0.0,0.0,0.0,0.0,1.0,0.0
12,9,0.0,0.0,0.0,0.0,0.0,0.0,0.0,0.0,0.0,1.0,0.0
12,9,0.0,0.0,0.0,0.0,0.0,0.0,0.0,0.0,0.0,1.0,0.0
12,9,0.0,0.0,0.0,0.0,0.0,0.0,0.0,0.0,0.0,1.0,0.0
12,9,0.0,0.0,0.0,0.0,0.0,0.0,0.0,0.0,0.0,1.0,0.0
12,9,0.0,0.0,0.0,0.0,0.0,0.0,0.0,0.0,0.0,1.0,0.0
12,9,0.0,0.0,0.0,0.0,0.0,0.0,0.0,0.0,0.0,1.0,0.0
12,9,0.0,0.0,0.0,0.0,0.0,0.0,0.0,0.0,0.0,1.0,0.0
12,9,0.0,0.0,0.0,0.0,0.0,0.0,0.0,0.0,0.0,1.0,0.0
12,9,0.0,0.0,0.0,0.0,0.0,0.0,0.0,0.0,0.0,1.0,0.0
12,9,0.0,0.0,0.0,0.0,0.0,0.0,0.0,0.0,0.0,1.0,0.0
12,9,0.0,0.0,0.0,0.0,0.0,0.0,0.0,0.0,0.0,1.0,0.0
12,9,0.0,0.0,0.0,0.0,0.0,0.0,0.0,0.0,0.0,1.0,0.0
12,9,0.0,0.0,0.0,0.0,0.0,0.0,0.0,0.0,0.0,1.0,0.0
12,9,0.0,0.0,0.0,0.0,0.0,0.0,0.0,0.0,0.0,1.0,0.0
12,9,0.0,0.0,0.0,0.0,0.0,0.0,0.0,0.0,0.0,1.0,0.0
12,9,0.0,0.0,0.0,0.0,0.0,0.0,0.0,0.0,0.0,1.0,0.0
12,9,0.0,0.0,0.0,0.0,0.0,0.0,0.0,0.0,0.0,1.0,0.0
12,9,0.0,0.0,0.0,0.0,0.0,0.0,0.0,0.0,0.0,1.0,0.0
12,9,0.0,0.0,0.0,0.0,0.0,0.0,0.0,0.0,0.0,1.0,0.0
12,9,0.0,0.0,0.0,0.0,0.0,0.0,0.0,0.0,0.0,1.0,0.0
12,9,0.0,0.0,0.0,0.0,0.0,0.0,0.0,0.0,0.0,1.0,0.0
12,9,0.0,0.0,0.0,0.0,0.0,0.0,0.0,0.0,0.0,1.0,0.0
12,9,0.0,0.0,0.0,0.0,0.0,0.0,0.0,0.0,0.0,1.0,0.0
12,9,0.0,0.0,0.0,0.0,0.0,0.0,0.0,0.0,0.0,1.0,0.0
12,9,0.0,0.0,0.0,0.0,0.0,0.0,0.0,0.0,0.0,1.0,0.0
12,9,0.0,0.0,0.0,0.0,0.0,0.0,0.0,0.0,0.0,1.0,0.0
12,9,0.0,0.0,0.0,0.0,0.0,0.0,0.0,0.0,0.0,1.0,0.0
12,9,0.0,0.0,0.0,0.0,0.0,0.0,0.0,0.0,0.0,1.0,0.0
12,9,0.0,0.0,0.0,0.0,0.0,0.0,0.0,0.0,0.0,1.0,0.0
12,9,0.0,0.0,0.0,0.0,0.0,0.0,0.0,0.0,0.0,1.0,0.0
12,9,0.0,0.0,0.0,0.0,0.0,0.0,0.0,0.0,0.0,1.0,0.0
12,9,0.0,0.0,0.0,0.0,0.0,0.0,0.0,0.0,0.0,1.0,0.0
12,9,0.0,0.0,0.0,0.0,0.0,0.0,0.0,0.0,0.0,1.0,0.0
12,9,0.0,0.0,0.0,0.0,0.0,0.0,0.0,0.0,0.0,1.0,0.0
12,9,0.0,0.0,0.0,0.0,0.0,0.0,0.0,0.0,0.0,1.0,0.0
12,9,0.0,0.0,0.0,0.0,0.0,0.0,0.0,0.0,0.0,1.0,0.0
12,9,0.0,0.0,0.0,0.0,0.0,0.0,0.0,0.0,0.0,1.0,0.0
12,9,0.0,0.0,0.0,0.0,0.0,0.0,0.0,0.0,0.0,1.0,0.0
12,9,0.0,0.0,0.0,0.0,0.0,0.0,0.0,0.0,0.0,1.0,0.0
12,9,0.0,0.0,0.0,0.0,0.0,0.0,0.0,0.0,0.0,1.0,0.0
12,9,0.0,0.0,0.0,0.0,0.0,0.0,0.0,0.0,0.0,1.0,0.0
12,9,0.0,0.0,0.0,0.0,0.0,0.0,0.0,0.0,0.0,1.0,0.0
12,9,0.0,0.0,0.0,0.0,0.0,0.0,0.0,0.0,0.0,1.0,0.0
12,9,0.0,0.0,0.0,0.0,0.0,0.0,0.0,0.0,0.0,1.0,0.0
12,9,0.0,0.0,0.0,0.0,0.0,0.0,0.0,0.0,0.0,1.0,0.0
12,9,0.0,0.0,0.0,0.0,0.0,0.0,0.0,0.0,0.0,1.0,0.0
12,9,0.0,0.0,0.0,0.0,0.0,0.0,0.0,0.0,0.0,1.0,0.0
12,9,0.0,0.0,0.0,0.0,0.0,0.0,0.0,0.0,0.0,1.0,0.0
12,9,0.0,0.0,0.0,0.0,0.0,0.0,0.0,0.0,0.0,1.0,0.0
12,9,0.0,0.0,0.0,0.0,0.0,0.0,0.0,0.0,0.0,1.0,0.0
12,9,0.0,0.0,0.0,0.0,0.0,0.0,0.0,0.0,0.0,1.0,0.0
12,9,0.0,0.0,0.0,0.0,0.0,0.0,0.0,0.0,0.0,1.0,0.0
12,9,0.0,0.0,0.0,0.0,0.0,0.0,0.0,0.0,0.0,1.0,0.0
12,9,0.0,0.0,0.0,0.0,0.0,0.0,0.0,0.0,0.0,1.0,0.0
12,9,0.0,0.0,0.0,0.0,0.0,0.0,0.0,0.0,0.0,1.0,0.0
12,9,0.0,0.0,0.0,0.0,0.0,0.0,0.0,0.0,0.0,1.0,0.0
12,9,0.0,0.0,0.0,0.0,0.0,0.0,0.0,0.0,0.0,1.0,0.0
12,9,0.0,0.0,0.0,0.0,0.0,0.0,0.0,0.0,0.0,1.0,0.0
12,9,0.0,0.0,0.0,0.0,0.0,0.0,0.0,0.0,0.0,1.0,0.0
12,9,0.0,0.0,0.0,0.0,0.0,0.0,0.0,0.0,0.0,1.0,0.0
12,9,0.0,0.0,0.0,0.0,0.0,0.0,0.0,0.0,0.0,1.0,0.0
12,9,0.0,0.0,0.0,0.0,0.0,0.0,0.0,0.0,0.0,1.0,0.0
12,9,0.0,0.0,0.0,0.0,0.0,0.0,0.0,0.0,0.0,1.0,0.0
12,9,0.0,0.0,0.0,0.0,0.0,0.0,0.0,0.0,0.0,1.0,0.0
12,9,0.0,0.0,0.0,0.0,0.0,0.0,0.0,0.0,0.0,1.0,0.0
12,9,0.0,0.0,0.0,0.0,0.0,0.0,0.0,0.0,0.0,1.0,0.0
12,9,0.0,0.0,0.0,0.0,0.0,0.0,0.0,0.0,0.0,1.0,0.0
12,9,0.0,0.0,0.0,0.0,0.0,0.0,0.0,0.0,0.0,1.0,0.0
12,9,0.0,0.0,0.0,0.0,0.0,0.0,0.0,0.0,0.0,1.0,0.0
12,9,0.0,0.0,0.0,0.0,0.0,0.0,0.0,0.0,0.0,1.0,0.0
12,9,0.0,0.0,0.0,0.0,0.0,0.0,0.0,0.0,0.0,1.0,0.0
12,9,0.0,0.0,0.0,0.0,0.0,0.0,0.0,0.0,0.0,1.0,0.0
12,9,0.0,0.0,0.0,0.0,0.0,0.0,0.0,0.0,0.0,1.0,0.0
12,9,0.0,0.0,0.0,0.0,0.0,0.0,0.0,0.0,0.0,1.0,0.0
12,9,0.0,0.0,0.0,0.0,0.0,0.0,0.0,0.0,0.0,1.0,0.0
12,9,0.0,0.0,0.0,0.0,0.0,0.0,0.0,0.0,0.0,1.0,0.0
12,9,0.0,0.0,0.0,0.0,0.0,0.0,0.0,0.0,0.0,1.0,0.0
12,9,0.0,0.0,0.0,0.0,0.0,0.0,0.0,0.0,0.0,1.0,0.0
12,9,0.0,0.0,0.0,0.0,0.0,0.0,0.0,0.0,0.0,1.0,0.0
12,9,0.0,0.0,0.0,0.0,0.0,0.0,0.0,0.0,0.0,1.0,0.0
12,9,0.0,0.0,0.0,0.0,0.0,0.0,0.0,0.0,0.0,1.0,0.0
12,9,0.0,0.0,0.0,0.0,0.0,0.0,0.0,0.0,0.0,1.0,0.0
12,9,0.0,0.0,0.0,0.0,0.0,0.0,0.0,0.0,0.0,1.0,0.0
12,9,0.0,0.0,0.0,0.0,0.0,0.0,0.0,0.0,0.0,1.0,0.0
12,9,0.0,0.0,0.0,0.0,0.0,0.0,0.0,0.0,0.0,1.0,0.0
12,9,0.0,0.0,0.0,0.0,0.0,0.0,0.0,0.0,0.0,1.0,0.0
12,9,0.0,0.0,0.0,0.0,0.0,0.0,0.0,0.0,0.0,1.0,0.0
12,9,0.0,0.0,0.0,0.0,0.0,0.0,0.0,0.0,0.0,1.0,0.0
12,9,0.0,0.0,0.0,0.0,0.0,0.0,0.0,0.0,0.0,1.0,0.0
12,9,0.0,0.0,0.0,0.0,0.0,0.0,0.0,0.0,0.0,1.0,0.0
12,9,0.0,0.0,0.0,0.0,0.0,0.0,0.0,0.0,0.0,1.0,0.0
12,9,0.0,0.0,0.0,0.0,0.0,0.0,0.0,0.0,0.0,1.0,0.0
12,9,0.0,0.0,0.0,0.0,0.0,0.0,0.0,0.0,0.0,1.0,0.0
12,9,0.0,0.0,0.0,0.0,0.0,0.0,0.0,0.0,0.0,1.0,0.0
12,9,0.0,0.0,0.0,0.0,0.0,0.0,0.0,0.0,0.0,1.0,0.0
12,9,0.0,0.0,0.0,0.0,0.0,0.0,0.0,0.0,0.0,1.0,0.0
12,9,0.0,0.0,0.0,0.0,0.0,0.0,0.0,0.0,0.0,1.0,0.0
12,9,0.0,0.0,0.0,0.0,0.0,0.0,0.0,0.0,0.0,1.0,0.0
12,9,0.0,0.0,0.0,0.0,0.0,0.0,0.0,0.0,0.0,1.0,0.0
12,9,0.0,0.0,0.0,0.0,0.0,0.0,0.0,0.0,0.0,1.0,0.0
12,9,0.0,0.0,0.0,0.0,0.0,0.0,0.0,0.0,0.0,1.0,0.0
12,9,0.0,0.0,0.0,0.0,0.0,0.0,0.0,0.0,0.0,1.0,0.0
12,9,0.0,0.0,0.0,0.0,0.0,0.0,0.0,0.0,0.0,1.0,0.0
12,9,0.0,0.0,0.0,0.0,0.0,0.0,0.0,0.0,0.0,1.0,0.0
12,9,0.0,0.0,0.0,0.0,0.0,0.0,0.0,0.0,0.0,1.0,0.0
12,9,0.0,0.0,0.0,0.0,0.0,0.0,0.0,0.0,0.0,1.0,0.0
12,9,0.0,0.0,0.0,0.0,0.0,0.0,0.0,0.0,0.0,1.0,0.0
12,9,0.0,0.0,0.0,0.0,0.0,0.0,0.0,0.0,0.0,1.0,0.0
12,9,0.0,0.0,0.0,0.0,0.0,0.0,0.0,0.0,0.0,1.0,0.0
12,9,0.0,0.0,0.0,0.0,0.0,0.0,0.0,0.0,0.0,1.0,0.0
12,9,0.0,0.0,0.0,0.0,0.0,0.0,0.0,0.0,0.0,1.0,0.0
12,9,0.0,0.0,0.0,0.0,0.0,0.0,0.0,0.0,0.0,1.0,0.0
12,9,0.0,0.0,0.0,0.0,0.0,0.0,0.0,0.0,0.0,1.0,0.0
12,9,0.0,0.0,0.0,0.0,0.0,0.0,0.0,0.0,0.0,1.0,0.0
12,9,0.0,0.0,0.0,0.0,0.0,0.0,0.0,0.0,0.0,1.0,0.0
12,9,0.0,0.0,0.0,0.0,0.0,0.0,0.0,0.0,0.0,1.0,0.0
12,9,0.0,0.0,0.0,0.0,0.0,0.0,0.0,0.0,0.0,1.0,0.0
12,9,0.0,0.0,0.0,0.0,0.0,0.0,0.0,0.0,0.0,1.0,0.0
12,9,0.0,0.0,0.0,0.0,0.0,0.0,0.0,0.0,0.0,1.0,0.0
12,9,0.0,0.0,0.0,0.0,0.0,0.0,0.0,0.0,0.0,1.0,0.0
12,9,0.0,0.0,0.0,0.0,0.0,0.0,0.0,0.0,0.0,1.0,0.0
12,9,0.0,0.0,0.0,0.0,0.0,0.0,0.0,0.0,0.0,1.0,0.0
12,9,0.0,0.0,0.0,0.0,0.0,0.0,0.0,0.0,0.0,1.0,0.0
12,9,0.0,0.0,0.0,0.0,0.0,0.0,0.0,0.0,0.0,1.0,0.0
12,9,0.0,0.0,0.0,0.0,0.0,0.0,0.0,0.0,0.0,1.0,0.0
12,9,0.0,0.0,0.0,0.0,0.0,0.0,0.0,0.0,0.0,1.0,0.0
12,9,0.0,0.0,0.0,0.0,0.0,0.0,0.0,0.0,0.0,1.0,0.0
12,9,0.0,0.0,0.0,0.0,0.0,0.0,0.0,0.0,0.0,1.0,0.0
12,9,0.0,0.0,0.0,0.0,0.0,0.0,0.0,0.0,0.0,1.0,0.0
12,9,0.0,0.0,0.0,0.0,0.0,0.0,0.0,0.0,0.0,1.0,0.0
12,9,0.0,0.0,0.0,0.0,0.0,0.0,0.0,0.0,0.0,1.0,0.0
12,9,0.0,0.0,0.0,0.0,0.0,0.0,0.0,0.0,0.0,1.0,0.0
12,9,0.0,0.0,0.0,0.0,0.0,0.0,0.0,0.0,0.0,1.0,0.0
12,9,0.0,0.0,0.0,0.0,0.0,0.0,0.0,0.0,0.0,1.0,0.0
12,9,0.0,0.0,0.0,0.0,0.0,0.0,0.0,0.0,0.0,1.0,0.0
12,9,0.0,0.0,0.0,0.0,0.0,0.0,0.0,0.0,0.0,1.0,0.0
12,9,0.0,0.0,0.0,0.0,0.0,0.0,0.0,0.0,0.0,1.0,0.0
12,9,0.0,0.0,0.0,0.0,0.0,0.0,0.0,0.0,0.0,1.0,0.0
12,9,0.0,0.0,0.0,0.0,0.0,0.0,0.0,0.0,0.0,1.0,0.0
12,9,0.0,0.0,0.0,0.0,0.0,0.0,0.0,0.0,0.0,1.0,0.0
12,9,0.0,0.0,0.0,0.0,0.0,0.0,0.0,0.0,0.0,1.0,0.0
12,9,0.0,0.0,0.0,0.0,0.0,0.0,0.0,0.0,0.0,1.0,0.0
12,9,0.0,0.0,0.0,0.0,0.0,0.0,0.0,0.0,0.0,1.0,0.0
12,9,0.0,0.0,0.0,0.0,0.0,0.0,0.0,0.0,0.0,1.0,0.0
12,9,0.0,0.0,0.0,0.0,0.0,0.0,0.0,0.0,0.0,1.0,0.0
12,9,0.0,0.0,0.0,0.0,0.0,0.0,0.0,0.0,0.0,1.0,0.0
12,9,0.0,0.0,0.0,0.0,0.0,0.0,0.0,0.0,0.0,1.0,0.0
12,9,0.0,0.0,0.0,0.0,0.0,0.0,0.0,0.0,0.0,1.0,0.0
12,9,0.0,0.0,0.0,0.0,0.0,0.0,0.0,0.0,0.0,1.0,0.0
12,9,0.0,0.0,0.0,0.0,0.0,0.0,0.0,0.0,0.0,1.0,0.0
12,9,0.0,0.0,0.0,0.0,0.0,0.0,0.0,0.0,0.0,1.0,0.0
12,9,0.0,0.0,0.0,0.0,0.0,0.0,0.0,0.0,0.0,1.0,0.0
12,9,0.0,0.0,0.0,0.0,0.0,0.0,0.0,0.0,0.0,1.0,0.0
12,9,0.0,0.0,0.0,0.0,0.0,0.0,0.0,0.0,0.0,1.0,0.0
12,9,0.0,0.0,0.0,0.0,0.0,0.0,0.0,0.0,0.0,1.0,0.0
12,9,0.0,0.0,0.0,0.0,0.0,0.0,0.0,0.0,0.0,1.0,0.0
12,9,0.0,0.0,0.0,0.0,0.0,0.0,0.0,0.0,0.0,1.0,0.0
12,9,0.0,0.0,0.0,0.0,0.0,0.0,0.0,0.0,0.0,1.0,0.0
12,9,0.0,0.0,0.0,0.0,0.0,0.0,0.0,0.0,0.0,1.0,0.0
12,9,0.0,0.0,0.0,0.0,0.0,0.0,0.0,0.0,0.0,1.0,0.0
12,9,0.0,0.0,0.0,0.0,0.0,0.0,0.0,0.0,0.0,1.0,0.0
12,9,0.0,0.0,0.0,0.0,0.0,0.0,0.0,0.0,0.0,1.0,0.0
12,9,0.0,0.0,0.0,0.0,0.0,0.0,0.0,0.0,0.0,1.0,0.0
12,9,0.0,0.0,0.0,0.0,0.0,0.0,0.0,0.0,0.0,1.0,0.0
12,9,0.0,0.0,0.0,0.0,0.0,0.0,0.0,0.0,0.0,1.0,0.0
12,9,0.0,0.0,0.0,0.0,0.0,0.0,0.0,0.0,0.0,1.0,0.0
12,9,0.0,0.0,0.0,0.0,0.0,0.0,0.0,0.0,0.0,1.0,0.0
12,9,0.0,0.0,0.0,0.0,0.0,0.0,0.0,0.0,0.0,1.0,0.0
12,9,0.0,0.0,0.0,0.0,0.0,0.0,0.0,0.0,0.0,1.0,0.0
12,9,0.0,0.0,0.0,0.0,0.0,0.0,0.0,0.0,0.0,1.0,0.0
12,9,0.0,0.0,0.0,0.0,0.0,0.0,0.0,0.0,0.0,1.0,0.0
12,9,0.0,0.0,0.0,0.0,0.0,0.0,0.0,0.0,0.0,1.0,0.0
12,9,0.0,0.0,0.0,0.0,0.0,0.0,0.0,0.0,0.0,1.0,0.0
12,9,0.0,0.0,0.0,0.0,0.0,0.0,0.0,0.0,0.0,1.0,0.0
12,9,0.0,0.0,0.0,0.0,0.0,0.0,0.0,0.0,0.0,1.0,0.0
12,9,0.0,0.0,0.0,0.0,0.0,0.0,0.0,0.0,0.0,1.0,0.0
12,9,0.0,0.0,0.0,0.0,0.0,0.0,0.0,0.0,0.0,1.0,0.0
12,9,0.0,0.0,0.0,0.0,0.0,0.0,0.0,0.0,0.0,1.0,0.0
12,9,0.0,0.0,0.0,0.0,0.0,0.0,0.0,0.0,0.0,1.0,0.0
12,9,0.0,0.0,0.0,0.0,0.0,0.0,0.0,0.0,0.0,1.0,0.0
12,9,0.0,0.0,0.0,0.0,0.0,0.0,0.0,0.0,0.0,1.0,0.0
12,9,0.0,0.0,0.0,0.0,0.0,0.0,0.0,0.0,0.0,1.0,0.0
12,9,0.0,0.0,0.0,0.0,0.0,0.0,0.0,0.0,0.0,1.0,0.0
12,9,0.0,0.0,0.0,0.0,0.0,0.0,0.0,0.0,0.0,1.0,0.0
12,9,0.0,0.0,0.0,0.0,0.0,0.0,0.0,0.0,0.0,1.0,0.0
12,9,0.0,0.0,0.0,0.0,0.0,0.0,0.0,0.0,0.0,1.0,0.0
12,9,0.0,0.0,0.0,0.0,0.0,0.0,0.0,0.0,0.0,1.0,0.0
12,9,0.0,0.0,0.0,0.0,0.0,0.0,0.0,0.0,0.0,1.0,0.0
12,9,0.0,0.0,0.0,0.0,0.0,0.0,0.0,0.0,0.0,1.0,0.0
12,9,0.0,0.0,0.0,0.0,0.0,0.0,0.0,0.0,0.0,1.0,0.0
12,9,0.0,0.0,0.0,0.0,0.0,0.0,0.0,0.0,0.0,1.0,0.0
12,9,0.0,0.0,0.0,0.0,0.0,0.0,0.0,0.0,0.0,1.0,0.0
12,9,0.0,0.0,0.0,0.0,0.0,0.0,0.0,0.0,0.0,1.0,0.0
12,9,0.0,0.0,0.0,0.0,0.0,0.0,0.0,0.0,0.0,1.0,0.0
12,9,0.0,0.0,0.0,0.0,0.0,0.0,0.0,0.0,0.0,1.0,0.0
12,9,0.0,0.0,0.0,0.0,0.0,0.0,0.0,0.0,0.0,1.0,0.0
12,9,0.0,0.0,0.0,0.0,0.0,0.0,0.0,0.0,0.0,1.0,0.0
12,9,0.0,0.0,0.0,0.0,0.0,0.0,0.0,0.0,0.0,1.0,0.0
12,9,0.0,0.0,0.0,0.0,0.0,0.0,0.0,0.0,0.0,1.0,0.0
12,9,0.0,0.0,0.0,0.0,0.0,0.0,0.0,0.0,0.0,1.0,0.0
12,9,0.0,0.0,0.0,0.0,0.0,0.0,0.0,0.0,0.0,1.0,0.0
12,9,0.0,0.0,0.0,0.0,0.0,0.0,0.0,0.0,0.0,1.0,0.0
12,9,0.0,0.0,0.0,0.0,0.0,0.0,0.0,0.0,0.0,1.0,0.0
12,9,0.0,0.0,0.0,0.0,0.0,0.0,0.0,0.0,0.0,1.0,0.0
12,9,0.0,0.0,0.0,0.0,0.0,0.0,0.0,0.0,0.0,1.0,0.0
12,9,0.0,0.0,0.0,0.0,0.0,0.0,0.0,0.0,0.0,1.0,0.0
12,9,0.0,0.0,0.0,0.0,0.0,0.0,0.0,0.0,0.0,1.0,0.0
12,9,0.0,0.0,0.0,0.0,0.0,0.0,0.0,0.0,0.0,1.0,0.0
12,9,0.0,0.0,0.0,0.0,0.0,0.0,0.0,0.0,0.0,1.0,0.0
12,9,0.0,0.0,0.0,0.0,0.0,0.0,0.0,0.0,0.0,1.0,0.0
12,9,0.0,0.0,0.0,0.0,0.0,0.0,0.0,0.0,0.0,1.0,0.0
12,9,0.0,0.0,0.0,0.0,0.0,0.0,0.0,0.0,0.0,1.0,0.0
12,9,0.0,0.0,0.0,0.0,0.0,0.0,0.0,0.0,0.0,1.0,0.0
12,9,0.0,0.0,0.0,0.0,0.0,0.0,0.0,0.0,0.0,1.0,0.0
12,9,0.0,0.0,0.0,0.0,0.0,0.0,0.0,0.0,0.0,1.0,0.0
12,9,0.0,0.0,0.0,0.0,0.0,0.0,0.0,0.0,0.0,1.0,0.0
12,9,0.0,0.0,0.0,0.0,0.0,0.0,0.0,0.0,0.0,1.0,0.0
12,9,0.0,0.0,0.0,0.0,0.0,0.0,0.0,0.0,0.0,1.0,0.0
12,9,0.0,0.0,0.0,0.0,0.0,0.0,0.0,0.0,0.0,1.0,0.0
12,9,0.0,0.0,0.0,0.0,0.0,0.0,0.0,0.0,0.0,1.0,0.0
12,9,0.0,0.0,0.0,0.0,0.0,0.0,0.0,0.0,0.0,1.0,0.0
12,9,0.0,0.0,0.0,0.0,0.0,0.0,0.0,0.0,0.0,1.0,0.0
12,9,0.0,0.0,0.0,0.0,0.0,0.0,0.0,0.0,0.0,1.0,0.0
12,9,0.0,0.0,0.0,0.0,0.0,0.0,0.0,0.0,0.0,1.0,0.0
12,9,0.0,0.0,0.0,0.0,0.0,0.0,0.0,0.0,0.0,1.0,0.0
12,9,0.0,0.0,0.0,0.0,0.0,0.0,0.0,0.0,0.0,1.0,0.0
12,9,0.0,0.0,0.0,0.0,0.0,0.0,0.0,0.0,0.0,1.0,0.0
12,9,0.0,0.0,0.0,0.0,0.0,0.0,0.0,0.0,0.0,1.0,0.0
12,9,0.0,0.0,0.0,0.0,0.0,0.0,0.0,0.0,0.0,1.0,0.0
12,9,0.0,0.0,0.0,0.0,0.0,0.0,0.0,0.0,0.0,1.0,0.0
12,9,0.0,0.0,0.0,0.0,0.0,0.0,0.0,0.0,0.0,1.0,0.0
12,9,0.0,0.0,0.0,0.0,0.0,0.0,0.0,0.0,0.0,1.0,0.0
12,9,0.0,0.0,0.0,0.0,0.0,0.0,0.0,0.0,0.0,1.0,0.0
12,9,0.0,0.0,0.0,0.0,0.0,0.0,0.0,0.0,0.0,1.0,0.0
12,9,0.0,0.0,0.0,0.0,0.0,0.0,0.0,0.0,0.0,1.0,0.0
12,9,0.0,0.0,0.0,0.0,0.0,0.0,0.0,0.0,0.0,1.0,0.0
12,9,0.0,0.0,0.0,0.0,0.0,0.0,0.0,0.0,0.0,1.0,0.0
12,9,0.0,0.0,0.0,0.0,0.0,0.0,0.0,0.0,0.0,1.0,0.0
12,9,0.0,0.0,0.0,0.0,0.0,0.0,0.0,0.0,0.0,1.0,0.0
12,9,0.0,0.0,0.0,0.0,0.0,0.0,0.0,0.0,0.0,1.0,0.0
12,9,0.0,0.0,0.0,0.0,0.0,0.0,0.0,0.0,0.0,1.0,0.0
12,9,0.0,0.0,0.0,0.0,0.0,0.0,0.0,0.0,0.0,1.0,0.0
12,9,0.0,0.0,0.0,0.0,0.0,0.0,0.0,0.0,0.0,1.0,0.0
12,9,0.0,0.0,0.0,0.0,0.0,0.0,0.0,0.0,0.0,1.0,0.0
12,9,0.0,0.0,0.0,0.0,0.0,0.0,0.0,0.0,0.0,1.0,0.0
12,9,0.0,0.0,0.0,0.0,0.0,0.0,0.0,0.0,0.0,1.0,0.0
12,9,0.0,0.0,0.0,0.0,0.0,0.0,0.0,0.0,0.0,1.0,0.0
12,9,0.0,0.0,0.0,0.0,0.0,0.0,0.0,0.0,0.0,1.0,0.0
12,9,0.0,0.0,0.0,0.0,0.0,0.0,0.0,0.0,0.0,1.0,0.0
12,9,0.0,0.0,0.0,0.0,0.0,0.0,0.0,0.0,0.0,1.0,0.0
12,9,0.0,0.0,0.0,0.0,0.0,0.0,0.0,0.0,0.0,1.0,0.0
12,9,0.0,0.0,0.0,0.0,0.0,0.0,0.0,0.0,0.0,1.0,0.0
12,9,0.0,0.0,0.0,0.0,0.0,0.0,0.0,0.0,0.0,1.0,0.0
12,9,0.0,0.0,0.0,0.0,0.0,0.0,0.0,0.0,0.0,1.0,0.0
12,9,0.0,0.0,0.0,0.0,0.0,0.0,0.0,0.0,0.0,1.0,0.0
12,9,0.0,0.0,0.0,0.0,0.0,0.0,0.0,0.0,0.0,1.0,0.0
12,9,0.0,0.0,0.0,0.0,0.0,0.0,0.0,0.0,0.0,1.0,0.0
12,9,0.0,0.0,0.0,0.0,0.0,0.0,0.0,0.0,0.0,1.0,0.0
12,9,0.0,0.0,0.0,0.0,0.0,0.0,0.0,0.0,0.0,1.0,0.0
12,9,0.0,0.0,0.0,0.0,0.0,0.0,0.0,0.0,0.0,1.0,0.0
12,9,0.0,0.0,0.0,0.0,0.0,0.0,0.0,0.0,0.0,1.0,0.0
12,9,0.0,0.0,0.0,0.0,0.0,0.0,0.0,0.0,0.0,1.0,0.0
12,9,0.0,0.0,0.0,0.0,0.0,0.0,0.0,0.0,0.0,1.0,0.0
12,9,0.0,0.0,0.0,0.0,0.0,0.0,0.0,0.0,0.0,1.0,0.0
12,9,0.0,0.0,0.0,0.0,0.0,0.0,0.0,0.0,0.0,1.0,0.0
12,9,0.0,0.0,0.0,0.0,0.0,0.0,0.0,0.0,0.0,1.0,0.0
12,9,0.0,0.0,0.0,0.0,0.0,0.0,0.0,0.0,0.0,1.0,0.0
12,9,0.0,0.0,0.0,0.0,0.0,0.0,0.0,0.0,0.0,1.0,0.0
12,9,0.0,0.0,0.0,0.0,0.0,0.0,0.0,0.0,0.0,1.0,0.0
12,9,0.0,0.0,0.0,0.0,0.0,0.0,0.0,0.0,0.0,1.0,0.0
12,9,0.0,0.0,0.0,0.0,0.0,0.0,0.0,0.0,0.0,1.0,0.0
12,9,0.0,0.0,0.0,0.0,0.0,0.0,0.0,0.0,0.0,1.0,0.0
12,9,0.0,0.0,0.0,0.0,0.0,0.0,0.0,0.0,0.0,1.0,0.0
12,9,0.0,0.0,0.0,0.0,0.0,0.0,0.0,0.0,0.0,1.0,0.0
12,9,0.0,0.0,0.0,0.0,0.0,0.0,0.0,0.0,0.0,1.0,0.0
12,9,0.0,0.0,0.0,0.0,0.0,0.0,0.0,0.0,0.0,1.0,0.0
12,9,0.0,0.0,0.0,0.0,0.0,0.0,0.0,0.0,0.0,1.0,0.0
12,9,0.0,0.0,0.0,0.0,0.0,0.0,0.0,0.0,0.0,1.0,0.0
12,9,0.0,0.0,0.0,0.0,0.0,0.0,0.0,0.0,0.0,1.0,0.0
12,9,0.0,0.0,0.0,0.0,0.0,0.0,0.0,0.0,0.0,1.0,0.0
12,9,0.0,0.0,0.0,0.0,0.0,0.0,0.0,0.0,0.0,1.0,0.0
12,9,0.0,0.0,0.0,0.0,0.0,0.0,0.0,0.0,0.0,1.0,0.0
12,9,0.0,0.0,0.0,0.0,0.0,0.0,0.0,0.0,0.0,1.0,0.0
12,9,0.0,0.0,0.0,0.0,0.0,0.0,0.0,0.0,0.0,1.0,0.0
12,9,0.0,0.0,0.0,0.0,0.0,0.0,0.0,0.0,0.0,1.0,0.0
12,9,0.0,0.0,0.0,0.0,0.0,0.0,0.0,0.0,0.0,1.0,0.0
12,9,0.0,0.0,0.0,0.0,0.0,0.0,0.0,0.0,0.0,1.0,0.0
12,9,0.0,0.0,0.0,0.0,0.0,0.0,0.0,0.0,0.0,1.0,0.0
12,9,0.0,0.0,0.0,0.0,0.0,0.0,0.0,0.0,0.0,1.0,0.0
12,9,0.0,0.0,0.0,0.0,0.0,0.0,0.0,0.0,0.0,1.0,0.0
12,9,0.0,0.0,0.0,0.0,0.0,0.0,0.0,0.0,0.0,1.0,0.0
12,9,0.0,0.0,0.0,0.0,0.0,0.0,0.0,0.0,0.0,1.0,0.0
12,9,0.0,0.0,0.0,0.0,0.0,0.0,0.0,0.0,0.0,1.0,0.0
12,9,0.0,0.0,0.0,0.0,0.0,0.0,0.0,0.0,0.0,1.0,0.0
12,9,0.0,0.0,0.0,0.0,0.0,0.0,0.0,0.0,0.0,1.0,0.0
12,9,0.0,0.0,0.0,0.0,0.0,0.0,0.0,0.0,0.0,1.0,0.0
12,9,0.0,0.0,0.0,0.0,0.0,0.0,0.0,0.0,0.0,1.0,0.0
12,9,0.0,0.0,0.0,0.0,0.0,0.0,0.0,0.0,0.0,1.0,0.0
12,9,0.0,0.0,0.0,0.0,0.0,0.0,0.0,0.0,0.0,1.0,0.0
12,9,0.0,0.0,0.0,0.0,0.0,0.0,0.0,0.0,0.0,1.0,0.0
12,9,0.0,0.0,0.0,0.0,0.0,0.0,0.0,0.0,0.0,1.0,0.0
12,9,0.0,0.0,0.0,0.0,0.0,0.0,0.0,0.0,0.0,1.0,0.0
12,9,0.0,0.0,0.0,0.0,0.0,0.0,0.0,0.0,0.0,1.0,0.0
12,9,0.0,0.0,0.0,0.0,0.0,0.0,0.0,0.0,0.0,1.0,0.0
12,9,0.0,0.0,0.0,0.0,0.0,0.0,0.0,0.0,0.0,1.0,0.0
12,9,0.0,0.0,0.0,0.0,0.0,0.0,0.0,0.0,0.0,1.0,0.0
12,9,0.0,0.0,0.0,0.0,0.0,0.0,0.0,0.0,0.0,1.0,0.0
12,9,0.0,0.0,0.0,0.0,0.0,0.0,0.0,0.0,0.0,1.0,0.0
12,9,0.0,0.0,0.0,0.0,0.0,0.0,0.0,0.0,0.0,1.0,0.0
12,9,0.0,0.0,0.0,0.0,0.0,0.0,0.0,0.0,0.0,1.0,0.0
12,9,0.0,0.0,0.0,0.0,0.0,0.0,0.0,0.0,0.0,1.0,0.0
12,9,0.0,0.0,0.0,0.0,0.0,0.0,0.0,0.0,0.0,1.0,0.0
12,9,0.0,0.0,0.0,0.0,0.0,0.0,0.0,0.0,0.0,1.0,0.0
12,9,0.0,0.0,0.0,0.0,0.0,0.0,0.0,0.0,0.0,1.0,0.0
12,9,0.0,0.0,0.0,0.0,0.0,0.0,0.0,0.0,0.0,1.0,0.0
12,9,0.0,0.0,0.0,0.0,0.0,0.0,0.0,0.0,0.0,1.0,0.0
12,9,0.0,0.0,0.0,0.0,0.0,0.0,0.0,0.0,0.0,1.0,0.0
12,9,0.0,0.0,0.0,0.0,0.0,0.0,0.0,0.0,0.0,1.0,0.0
12,9,0.0,0.0,0.0,0.0,0.0,0.0,0.0,0.0,0.0,1.0,0.0
12,9,0.0,0.0,0.0,0.0,0.0,0.0,0.0,0.0,0.0,1.0,0.0
12,9,0.0,0.0,0.0,0.0,0.0,0.0,0.0,0.0,0.0,1.0,0.0
12,9,0.0,0.0,0.0,0.0,0.0,0.0,0.0,0.0,0.0,1.0,0.0
12,9,0.0,0.0,0.0,0.0,0.0,0.0,0.0,0.0,0.0,1.0,0.0
12,9,0.0,0.0,0.0,0.0,0.0,0.0,0.0,0.0,0.0,1.0,0.0
12,9,0.0,0.0,0.0,0.0,0.0,0.0,0.0,0.0,0.0,1.0,0.0
12,9,0.0,0.0,0.0,0.0,0.0,0.0,0.0,0.0,0.0,1.0,0.0
12,9,0.0,0.0,0.0,0.0,0.0,0.0,0.0,0.0,0.0,1.0,0.0
12,9,0.0,0.0,0.0,0.0,0.0,0.0,0.0,0.0,0.0,1.0,0.0
12,9,0.0,0.0,0.0,0.0,0.0,0.0,0.0,0.0,0.0,1.0,0.0
12,9,0.0,0.0,0.0,0.0,0.0,0.0,0.0,0.0,0.0,1.0,0.0
12,9,0.0,0.0,0.0,0.0,0.0,0.0,0.0,0.0,0.0,1.0,0.0
12,9,0.0,0.0,0.0,0.0,0.0,0.0,0.0,0.0,0.0,1.0,0.0
12,9,0.0,0.0,0.0,0.0,0.0,0.0,0.0,0.0,0.0,1.0,0.0
12,9,0.0,0.0,0.0,0.0,0.0,0.0,0.0,0.0,0.0,1.0,0.0
12,9,0.0,0.0,0.0,0.0,0.0,0.0,0.0,0.0,0.0,1.0,0.0
12,9,0.0,0.0,0.0,0.0,0.0,0.0,0.0,0.0,0.0,1.0,0.0
12,9,0.0,0.0,0.0,0.0,0.0,0.0,0.0,0.0,0.0,1.0,0.0
12,9,0.0,0.0,0.0,0.0,0.0,0.0,0.0,0.0,0.0,1.0,0.0
12,9,0.0,0.0,0.0,0.0,0.0,0.0,0.0,0.0,0.0,1.0,0.0
12,9,0.0,0.0,0.0,0.0,0.0,0.0,0.0,0.0,0.0,1.0,0.0
12,9,0.0,0.0,0.0,0.0,0.0,0.0,0.0,0.0,0.0,1.0,0.0
12,9,0.0,0.0,0.0,0.0,0.0,0.0,0.0,0.0,0.0,1.0,0.0
12,9,0.0,0.0,0.0,0.0,0.0,0.0,0.0,0.0,0.0,1.0,0.0
12,9,0.0,0.0,0.0,0.0,0.0,0.0,0.0,0.0,0.0,1.0,0.0
12,9,0.0,0.0,0.0,0.0,0.0,0.0,0.0,0.0,0.0,1.0,0.0
12,9,0.0,0.0,0.0,0.0,0.0,0.0,0.0,0.0,0.0,1.0,0.0
12,9,0.0,0.0,0.0,0.0,0.0,0.0,0.0,0.0,0.0,1.0,0.0
12,9,0.0,0.0,0.0,0.0,0.0,0.0,0.0,0.0,0.0,1.0,0.0
12,9,0.0,0.0,0.0,0.0,0.0,0.0,0.0,0.0,0.0,1.0,0.0
12,9,0.0,0.0,0.0,0.0,0.0,0.0,0.0,0.0,0.0,1.0,0.0
12,9,0.0,0.0,0.0,0.0,0.0,0.0,0.0,0.0,0.0,1.0,0.0
12,9,0.0,0.0,0.0,0.0,0.0,0.0,0.0,0.0,0.0,1.0,0.0
12,9,0.0,0.0,0.0,0.0,0.0,0.0,0.0,0.0,0.0,1.0,0.0
12,9,0.0,0.0,0.0,0.0,0.0,0.0,0.0,0.0,0.0,1.0,0.0
12,9,0.0,0.0,0.0,0.0,0.0,0.0,0.0,0.0,0.0,1.0,0.0
12,9,0.0,0.0,0.0,0.0,0.0,0.0,0.0,0.0,0.0,1.0,0.0
12,9,0.0,0.0,0.0,0.0,0.0,0.0,0.0,0.0,0.0,1.0,0.0
12,9,0.0,0.0,0.0,0.0,0.0,0.0,0.0,0.0,0.0,1.0,0.0
12,9,0.0,0.0,0.0,0.0,0.0,0.0,0.0,0.0,0.0,1.0,0.0
12,9,0.0,0.0,0.0,0.0,0.0,0.0,0.0,0.0,0.0,1.0,0.0
12,9,0.0,0.0,0.0,0.0,0.0,0.0,0.0,0.0,0.0,1.0,0.0
12,9,0.0,0.0,0.0,0.0,0.0,0.0,0.0,0.0,0.0,1.0,0.0
12,9,0.0,0.0,0.0,0.0,0.0,0.0,0.0,0.0,0.0,1.0,0.0
12,9,0.0,0.0,0.0,0.0,0.0,0.0,0.0,0.0,0.0,1.0,0.0
12,9,0.0,0.0,0.0,0.0,0.0,0.0,0.0,0.0,0.0,1.0,0.0
12,9,0.0,0.0,0.0,0.0,0.0,0.0,0.0,0.0,0.0,1.0,0.0
12,9,0.0,0.0,0.0,0.0,0.0,0.0,0.0,0.0,0.0,1.0,0.0
12,9,0.0,0.0,0.0,0.0,0.0,0.0,0.0,0.0,0.0,1.0,0.0
12,9,0.0,0.0,0.0,0.0,0.0,0.0,0.0,0.0,0.0,1.0,0.0
12,9,0.0,0.0,0.0,0.0,0.0,0.0,0.0,0.0,0.0,1.0,0.0
12,9,0.0,0.0,0.0,0.0,0.0,0.0,0.0,0.0,0.0,1.0,0.0
12,9,0.0,0.0,0.0,0.0,0.0,0.0,0.0,0.0,0.0,1.0,0.0
12,9,0.0,0.0,0.0,0.0,0.0,0.0,0.0,0.0,0.0,1.0,0.0
12,9,0.0,0.0,0.0,0.0,0.0,0.0,0.0,0.0,0.0,1.0,0.0
12,9,0.0,0.0,0.0,0.0,0.0,0.0,0.0,0.0,0.0,1.0,0.0
12,9,0.0,0.0,0.0,0.0,0.0,0.0,0.0,0.0,0.0,1.0,0.0
12,9,0.0,0.0,0.0,0.0,0.0,0.0,0.0,0.0,0.0,1.0,0.0
12,9,0.0,0.0,0.0,0.0,0.0,0.0,0.0,0.0,0.0,1.0,0.0
12,9,0.0,0.0,0.0,0.0,0.0,0.0,0.0,0.0,0.0,1.0,0.0
12,9,0.0,0.0,0.0,0.0,0.0,0.0,0.0,0.0,0.0,1.0,0.0
12,9,0.0,0.0,0.0,0.0,0.0,0.0,0.0,0.0,0.0,1.0,0.0
12,9,0.0,0.0,0.0,0.0,0.0,0.0,0.0,0.0,0.0,1.0,0.0
12,9,0.0,0.0,0.0,0.0,0.0,0.0,0.0,0.0,0.0,1.0,0.0
12,9,0.0,0.0,0.0,0.0,0.0,0.0,0.0,0.0,0.0,1.0,0.0
12,9,0.0,0.0,0.0,0.0,0.0,0.0,0.0,0.0,0.0,1.0,0.0
12,9,0.0,0.0,0.0,0.0,0.0,0.0,0.0,0.0,0.0,1.0,0.0
12,9,0.0,0.0,0.0,0.0,0.0,0.0,0.0,0.0,0.0,1.0,0.0
12,9,0.0,0.0,0.0,0.0,0.0,0.0,0.0,0.0,0.0,1.0,0.0
12,9,0.0,0.0,0.0,0.0,0.0,0.0,0.0,0.0,0.0,1.0,0.0
12,9,0.0,0.0,0.0,0.0,0.0,0.0,0.0,0.0,0.0,1.0,0.0
12,9,0.0,0.0,0.0,0.0,0.0,0.0,0.0,0.0,0.0,1.0,0.0
12,9,0.0,0.0,0.0,0.0,0.0,0.0,0.0,0.0,0.0,1.0,0.0
12,9,0.0,0.0,0.0,0.0,0.0,0.0,0.0,0.0,0.0,1.0,0.0
12,9,0.0,0.0,0.0,0.0,0.0,0.0,0.0,0.0,0.0,1.0,0.0
12,9,0.0,0.0,0.0,0.0,0.0,0.0,0.0,0.0,0.0,1.0,0.0
12,9,0.0,0.0,0.0,0.0,0.0,0.0,0.0,0.0,0.0,1.0,0.0
12,9,0.0,0.0,0.0,0.0,0.0,0.0,0.0,0.0,0.0,1.0,0.0
12,9,0.0,0.0,0.0,0.0,0.0,0.0,0.0,0.0,0.0,1.0,0.0
12,9,0.0,0.0,0.0,0.0,0.0,0.0,0.0,0.0,0.0,1.0,0.0
12,9,0.0,0.0,0.0,0.0,0.0,0.0,0.0,0.0,0.0,1.0,0.0
12,9,0.0,0.0,0.0,0.0,0.0,0.0,0.0,0.0,0.0,1.0,0.0
12,9,0.0,0.0,0.0,0.0,0.0,0.0,0.0,0.0,0.0,1.0,0.0
12,9,0.0,0.0,0.0,0.0,0.0,0.0,0.0,0.0,0.0,1.0,0.0
12,9,0.0,0.0,0.0,0.0,0.0,0.0,0.0,0.0,0.0,1.0,0.0
12,9,0.0,0.0,0.0,0.0,0.0,0.0,0.0,0.0,0.0,1.0,0.0
12,9,0.0,0.0,0.0,0.0,0.0,0.0,0.0,0.0,0.0,1.0,0.0
12,9,0.0,0.0,0.0,0.0,0.0,0.0,0.0,0.0,0.0,1.0,0.0
12,9,0.0,0.0,0.0,0.0,0.0,0.0,0.0,0.0,0.0,1.0,0.0
12,9,0.0,0.0,0.0,0.0,0.0,0.0,0.0,0.0,0.0,1.0,0.0
12,9,0.0,0.0,0.0,0.0,0.0,0.0,0.0,0.0,0.0,1.0,0.0
12,9,0.0,0.0,0.0,0.0,0.0,0.0,0.0,0.0,0.0,1.0,0.0
12,9,0.0,0.0,0.0,0.0,0.0,0.0,0.0,0.0,0.0,1.0,0.0
12,9,0.0,0.0,0.0,0.0,0.0,0.0,0.0,0.0,0.0,1.0,0.0
12,9,0.0,0.0,0.0,0.0,0.0,0.0,0.0,0.0,0.0,1.0,0.0
12,9,0.0,0.0,0.0,0.0,0.0,0.0,0.0,0.0,0.0,1.0,0.0
12,9,0.0,0.0,0.0,0.0,0.0,0.0,0.0,0.0,0.0,1.0,0.0
12,9,0.0,0.0,0.0,0.0,0.0,0.0,0.0,0.0,0.0,1.0,0.0
12,9,0.0,0.0,0.0,0.0,0.0,0.0,0.0,0.0,0.0,1.0,0.0
12,9,0.0,0.0,0.0,0.0,0.0,0.0,0.0,0.0,0.0,1.0,0.0
12,9,0.0,0.0,0.0,0.0,0.0,0.0,0.0,0.0,0.0,1.0,0.0
12,9,0.0,0.0,0.0,0.0,0.0,0.0,0.0,0.0,0.0,1.0,0.0
12,9,0.0,0.0,0.0,0.0,0.0,0.0,0.0,0.0,0.0,1.0,0.0
12,9,0.0,0.0,0.0,0.0,0.0,0.0,0.0,0.0,0.0,1.0,0.0
12,9,0.0,0.0,0.0,0.0,0.0,0.0,0.0,0.0,0.0,1.0,0.0
12,9,0.0,0.0,0.0,0.0,0.0,0.0,0.0,0.0,0.0,1.0,0.0
12,9,0.0,0.0,0.0,0.0,0.0,0.0,0.0,0.0,0.0,1.0,0.0
12,9,0.0,0.0,0.0,0.0,0.0,0.0,0.0,0.0,0.0,1.0,0.0
12,9,0.0,0.0,0.0,0.0,0.0,0.0,0.0,0.0,0.0,1.0,0.0
12,9,0.0,0.0,0.0,0.0,0.0,0.0,0.0,0.0,0.0,1.0,0.0
12,9,0.0,0.0,0.0,0.0,0.0,0.0,0.0,0.0,0.0,1.0,0.0
12,9,0.0,0.0,0.0,0.0,0.0,0.0,0.0,0.0,0.0,1.0,0.0
12,9,0.0,0.0,0.0,0.0,0.0,0.0,0.0,0.0,0.0,1.0,0.0
12,9,0.0,0.0,0.0,0.0,0.0,0.0,0.0,0.0,0.0,1.0,0.0
12,9,0.0,0.0,0.0,0.0,0.0,0.0,0.0,0.0,0.0,1.0,0.0
12,9,0.0,0.0,0.0,0.0,0.0,0.0,0.0,0.0,0.0,1.0,0.0
12,9,0.0,0.0,0.0,0.0,0.0,0.0,0.0,0.0,0.0,1.0,0.0
12,9,0.0,0.0,0.0,0.0,0.0,0.0,0.0,0.0,0.0,1.0,0.0
12,9,0.0,0.0,0.0,0.0,0.0,0.0,0.0,0.0,0.0,1.0,0.0
12,9,0.0,0.0,0.0,0.0,0.0,0.0,0.0,0.0,0.0,1.0,0.0
12,9,0.0,0.0,0.0,0.0,0.0,0.0,0.0,0.0,0.0,1.0,0.0
12,9,0.0,0.0,0.0,0.0,0.0,0.0,0.0,0.0,0.0,1.0,0.0
12,9,0.0,0.0,0.0,0.0,0.0,0.0,0.0,0.0,0.0,1.0,0.0
12,9,0.0,0.0,0.0,0.0,0.0,0.0,0.0,0.0,0.0,1.0,0.0
12,9,0.0,0.0,0.0,0.0,0.0,0.0,0.0,0.0,0.0,1.0,0.0
12,9,0.0,0.0,0.0,0.0,0.0,0.0,0.0,0.0,0.0,1.0,0.0
12,9,0.0,0.0,0.0,0.0,0.0,0.0,0.0,0.0,0.0,1.0,0.0
12,9,0.0,0.0,0.0,0.0,0.0,0.0,0.0,0.0,0.0,1.0,0.0
12,9,0.0,0.0,0.0,0.0,0.0,0.0,0.0,0.0,0.0,1.0,0.0
12,9,0.0,0.0,0.0,0.0,0.0,0.0,0.0,0.0,0.0,1.0,0.0
12,9,0.0,0.0,0.0,0.0,0.0,0.0,0.0,0.0,0.0,1.0,0.0
12,9,0.0,0.0,0.0,0.0,0.0,0.0,0.0,0.0,0.0,1.0,0.0
12,9,0.0,0.0,0.0,0.0,0.0,0.0,0.0,0.0,0.0,1.0,0.0
12,9,0.0,0.0,0.0,0.0,0.0,0.0,0.0,0.0,0.0,1.0,0.0
12,9,0.0,0.0,0.0,0.0,0.0,0.0,0.0,0.0,0.0,1.0,0.0
12,9,0.0,0.0,0.0,0.0,0.0,0.0,0.0,0.0,0.0,1.0,0.0
12,9,0.0,0.0,0.0,0.0,0.0,0.0,0.0,0.0,0.0,1.0,0.0
12,9,0.0,0.0,0.0,0.0,0.0,0.0,0.0,0.0,0.0,1.0,0.0
12,9,0.0,0.0,0.0,0.0,0.0,0.0,0.0,0.0,0.0,1.0,0.0
12,9,0.0,0.0,0.0,0.0,0.0,0.0,0.0,0.0,0.0,1.0,0.0
12,9,0.0,0.0,0.0,0.0,0.0,0.0,0.0,0.0,0.0,1.0,0.0
12,9,0.0,0.0,0.0,0.0,0.0,0.0,0.0,0.0,0.0,1.0,0.0
12,9,0.0,0.0,0.0,0.0,0.0,0.0,0.0,0.0,0.0,1.0,0.0
12,9,0.0,0.0,0.0,0.0,0.0,0.0,0.0,0.0,0.0,1.0,0.0
12,9,0.0,0.0,0.0,0.0,0.0,0.0,0.0,0.0,0.0,1.0,0.0
12,9,0.0,0.0,0.0,0.0,0.0,0.0,0.0,0.0,0.0,1.0,0.0
12,9,0.0,0.0,0.0,0.0,0.0,0.0,0.0,0.0,0.0,1.0,0.0
12,9,0.0,0.0,0.0,0.0,0.0,0.0,0.0,0.0,0.0,1.0,0.0
12,9,0.0,0.0,0.0,0.0,0.0,0.0,0.0,0.0,0.0,1.0,0.0
12,9,0.0,0.0,0.0,0.0,0.0,0.0,0.0,0.0,0.0,1.0,0.0
12,9,0.0,0.0,0.0,0.0,0.0,0.0,0.0,0.0,0.0,1.0,0.0
12,9,0.0,0.0,0.0,0.0,0.0,0.0,0.0,0.0,0.0,1.0,0.0
12,9,0.0,0.0,0.0,0.0,0.0,0.0,0.0,0.0,0.0,1.0,0.0
12,9,0.0,0.0,0.0,0.0,0.0,0.0,0.0,0.0,0.0,1.0,0.0
12,9,0.0,0.0,0.0,0.0,0.0,0.0,0.0,0.0,0.0,1.0,0.0
12,9,0.0,0.0,0.0,0.0,0.0,0.0,0.0,0.0,0.0,1.0,0.0
12,9,0.0,0.0,0.0,0.0,0.0,0.0,0.0,0.0,0.0,1.0,0.0
12,9,0.0,0.0,0.0,0.0,0.0,0.0,0.0,0.0,0.0,1.0,0.0
12,9,0.0,0.0,0.0,0.0,0.0,0.0,0.0,0.0,0.0,1.0,0.0
12,9,0.0,0.0,0.0,0.0,0.0,0.0,0.0,0.0,0.0,1.0,0.0
12,9,0.0,0.0,0.0,0.0,0.0,0.0,0.0,0.0,0.0,1.0,0.0
12,9,0.0,0.0,0.0,0.0,0.0,0.0,0.0,0.0,0.0,1.0,0.0
12,9,0.0,0.0,0.0,0.0,0.0,0.0,0.0,0.0,0.0,1.0,0.0
12,9,0.0,0.0,0.0,0.0,0.0,0.0,0.0,0.0,0.0,1.0,0.0
12,9,0.0,0.0,0.0,0.0,0.0,0.0,0.0,0.0,0.0,1.0,0.0
12,9,0.0,0.0,0.0,0.0,0.0,0.0,0.0,0.0,0.0,1.0,0.0
12,9,0.0,0.0,0.0,0.0,0.0,0.0,0.0,0.0,0.0,1.0,0.0
12,9,0.0,0.0,0.0,0.0,0.0,0.0,0.0,0.0,0.0,1.0,0.0
12,9,0.0,0.0,0.0,0.0,0.0,0.0,0.0,0.0,0.0,1.0,0.0
12,9,0.0,0.0,0.0,0.0,0.0,0.0,0.0,0.0,0.0,1.0,0.0
12,9,0.0,0.0,0.0,0.0,0.0,0.0,0.0,0.0,0.0,1.0,0.0
12,9,0.0,0.0,0.0,0.0,0.0,0.0,0.0,0.0,0.0,1.0,0.0
12,9,0.0,0.0,0.0,0.0,0.0,0.0,0.0,0.0,0.0,1.0,0.0
12,9,0.0,0.0,0.0,0.0,0.0,0.0,0.0,0.0,0.0,1.0,0.0
12,9,0.0,0.0,0.0,0.0,0.0,0.0,0.0,0.0,0.0,1.0,0.0
12,9,0.0,0.0,0.0,0.0,0.0,0.0,0.0,0.0,0.0,1.0,0.0
12,9,0.0,0.0,0.0,0.0,0.0,0.0,0.0,0.0,0.0,1.0,0.0
12,9,0.0,0.0,0.0,0.0,0.0,0.0,0.0,0.0,0.0,1.0,0.0
12,9,0.0,0.0,0.0,0.0,0.0,0.0,0.0,0.0,0.0,1.0,0.0
12,9,0.0,0.0,0.0,0.0,0.0,0.0,0.0,0.0,0.0,1.0,0.0
12,9,0.0,0.0,0.0,0.0,0.0,0.0,0.0,0.0,0.0,1.0,0.0
12,9,0.0,0.0,0.0,0.0,0.0,0.0,0.0,0.0,0.0,1.0,0.0
12,9,0.0,0.0,0.0,0.0,0.0,0.0,0.0,0.0,0.0,1.0,0.0
12,9,0.0,0.0,0.0,0.0,0.0,0.0,0.0,0.0,0.0,1.0,0.0
12,9,0.0,0.0,0.0,0.0,0.0,0.0,0.0,0.0,0.0,1.0,0.0
12,9,0.0,0.0,0.0,0.0,0.0,0.0,0.0,0.0,0.0,1.0,0.0
12,9,0.0,0.0,0.0,0.0,0.0,0.0,0.0,0.0,0.0,1.0,0.0
12,9,0.0,0.0,0.0,0.0,0.0,0.0,0.0,0.0,0.0,1.0,0.0
12,9,0.0,0.0,0.0,0.0,0.0,0.0,0.0,0.0,0.0,1.0,0.0
12,9,0.0,0.0,0.0,0.0,0.0,0.0,0.0,0.0,0.0,1.0,0.0
12,9,0.0,0.0,0.0,0.0,0.0,0.0,0.0,0.0,0.0,1.0,0.0
12,9,0.0,0.0,0.0,0.0,0.0,0.0,0.0,0.0,0.0,1.0,0.0
12,9,0.0,0.0,0.0,0.0,0.0,0.0,0.0,0.0,0.0,1.0,0.0
12,9,0.0,0.0,0.0,0.0,0.0,0.0,0.0,0.0,0.0,1.0,0.0
12,9,0.0,0.0,0.0,0.0,0.0,0.0,0.0,0.0,0.0,1.0,0.0
12,9,0.0,0.0,0.0,0.0,0.0,0.0,0.0,0.0,0.0,1.0,0.0
12,9,0.0,0.0,0.0,0.0,0.0,0.0,0.0,0.0,0.0,1.0,0.0
12,9,0.0,0.0,0.0,0.0,0.0,0.0,0.0,0.0,0.0,1.0,0.0
12,9,0.0,0.0,0.0,0.0,0.0,0.0,0.0,0.0,0.0,1.0,0.0
12,9,0.0,0.0,0.0,0.0,0.0,0.0,0.0,0.0,0.0,1.0,0.0
12,9,0.0,0.0,0.0,0.0,0.0,0.0,0.0,0.0,0.0,1.0,0.0
12,9,0.0,0.0,0.0,0.0,0.0,0.0,0.0,0.0,0.0,1.0,0.0
12,9,0.0,0.0,0.0,0.0,0.0,0.0,0.0,0.0,0.0,1.0,0.0
12,9,0.0,0.0,0.0,0.0,0.0,0.0,0.0,0.0,0.0,1.0,0.0
12,9,0.0,0.0,0.0,0.0,0.0,0.0,0.0,0.0,0.0,1.0,0.0
12,9,0.0,0.0,0.0,0.0,0.0,0.0,0.0,0.0,0.0,1.0,0.0
12,9,0.0,0.0,0.0,0.0,0.0,0.0,0.0,0.0,0.0,1.0,0.0
12,9,0.0,0.0,0.0,0.0,0.0,0.0,0.0,0.0,0.0,1.0,0.0
12,9,0.0,0.0,0.0,0.0,0.0,0.0,0.0,0.0,0.0,1.0,0.0
12,9,0.0,0.0,0.0,0.0,0.0,0.0,0.0,0.0,0.0,1.0,0.0
12,9,0.0,0.0,0.0,0.0,0.0,0.0,0.0,0.0,0.0,1.0,0.0
12,9,0.0,0.0,0.0,0.0,0.0,0.0,0.0,0.0,0.0,1.0,0.0
12,9,0.0,0.0,0.0,0.0,0.0,0.0,0.0,0.0,0.0,1.0,0.0
12,9,0.0,0.0,0.0,0.0,0.0,0.0,0.0,0.0,0.0,1.0,0.0
12,9,0.0,0.0,0.0,0.0,0.0,0.0,0.0,0.0,0.0,1.0,0.0
12,9,0.0,0.0,0.0,0.0,0.0,0.0,0.0,0.0,0.0,1.0,0.0
12,9,0.0,0.0,0.0,0.0,0.0,0.0,0.0,0.0,0.0,1.0,0.0
12,9,0.0,0.0,0.0,0.0,0.0,0.0,0.0,0.0,0.0,1.0,0.0
12,9,0.0,0.0,0.0,0.0,0.0,0.0,0.0,0.0,0.0,1.0,0.0
12,9,0.0,0.0,0.0,0.0,0.0,0.0,0.0,0.0,0.0,1.0,0.0
12,9,0.0,0.0,0.0,0.0,0.0,0.0,0.0,0.0,0.0,1.0,0.0
12,9,0.0,0.0,0.0,0.0,0.0,0.0,0.0,0.0,0.0,1.0,0.0
12,9,0.0,0.0,0.0,0.0,0.0,0.0,0.0,0.0,0.0,1.0,0.0
12,9,0.0,0.0,0.0,0.0,0.0,0.0,0.0,0.0,0.0,1.0,0.0
12,9,0.0,0.0,0.0,0.0,0.0,0.0,0.0,0.0,0.0,1.0,0.0
12,9,0.0,0.0,0.0,0.0,0.0,0.0,0.0,0.0,0.0,1.0,0.0
12,9,0.0,0.0,0.0,0.0,0.0,0.0,0.0,0.0,0.0,1.0,0.0
12,9,0.0,0.0,0.0,0.0,0.0,0.0,0.0,0.0,0.0,1.0,0.0
12,9,0.0,0.0,0.0,0.0,0.0,0.0,0.0,0.0,0.0,1.0,0.0
12,9,0.0,0.0,0.0,0.0,0.0,0.0,0.0,0.0,0.0,1.0,0.0
12,9,0.0,0.0,0.0,0.0,0.0,0.0,0.0,0.0,0.0,1.0,0.0
12,9,0.0,0.0,0.0,0.0,0.0,0.0,0.0,0.0,0.0,1.0,0.0
12,9,0.0,0.0,0.0,0.0,0.0,0.0,0.0,0.0,0.0,1.0,0.0
12,9,0.0,0.0,0.0,0.0,0.0,0.0,0.0,0.0,0.0,1.0,0.0
12,9,0.0,0.0,0.0,0.0,0.0,0.0,0.0,0.0,0.0,1.0,0.0
12,9,0.0,0.0,0.0,0.0,0.0,0.0,0.0,0.0,0.0,1.0,0.0
12,9,0.0,0.0,0.0,0.0,0.0,0.0,0.0,0.0,0.0,1.0,0.0
12,9,0.0,0.0,0.0,0.0,0.0,0.0,0.0,0.0,0.0,1.0,0.0
12,9,0.0,0.0,0.0,0.0,0.0,0.0,0.0,0.0,0.0,1.0,0.0
12,9,0.0,0.0,0.0,0.0,0.0,0.0,0.0,0.0,0.0,1.0,0.0
12,9,0.0,0.0,0.0,0.0,0.0,0.0,0.0,0.0,0.0,1.0,0.0
12,9,0.0,0.0,0.0,0.0,0.0,0.0,0.0,0.0,0.0,1.0,0.0
12,9,0.0,0.0,0.0,0.0,0.0,0.0,0.0,0.0,0.0,1.0,0.0
12,9,0.0,0.0,0.0,0.0,0.0,0.0,0.0,0.0,0.0,1.0,0.0
12,9,0.0,0.0,0.0,0.0,0.0,0.0,0.0,0.0,0.0,1.0,0.0
12,9,0.0,0.0,0.0,0.0,0.0,0.0,0.0,0.0,0.0,1.0,0.0
12,9,0.0,0.0,0.0,0.0,0.0,0.0,0.0,0.0,0.0,1.0,0.0
12,9,0.0,0.0,0.0,0.0,0.0,0.0,0.0,0.0,0.0,1.0,0.0
12,9,0.0,0.0,0.0,0.0,0.0,0.0,0.0,0.0,0.0,1.0,0.0
12,9,0.0,0.0,0.0,0.0,0.0,0.0,0.0,0.0,0.0,1.0,0.0
12,9,0.0,0.0,0.0,0.0,0.0,0.0,0.0,0.0,0.0,1.0,0.0
12,9,0.0,0.0,0.0,0.0,0.0,0.0,0.0,0.0,0.0,1.0,0.0
12,9,0.0,0.0,0.0,0.0,0.0,0.0,0.0,0.0,0.0,1.0,0.0
12,9,0.0,0.0,0.0,0.0,0.0,0.0,0.0,0.0,0.0,1.0,0.0
12,9,0.0,0.0,0.0,0.0,0.0,0.0,0.0,0.0,0.0,1.0,0.0
12,9,0.0,0.0,0.0,0.0,0.0,0.0,0.0,0.0,0.0,1.0,0.0
12,9,0.0,0.0,0.0,0.0,0.0,0.0,0.0,0.0,0.0,1.0,0.0
12,9,0.0,0.0,0.0,0.0,0.0,0.0,0.0,0.0,0.0,1.0,0.0
12,9,0.0,0.0,0.0,0.0,0.0,0.0,0.0,0.0,0.0,1.0,0.0
12,9,0.0,0.0,0.0,0.0,0.0,0.0,0.0,0.0,0.0,1.0,0.0
12,9,0.0,0.0,0.0,0.0,0.0,0.0,0.0,0.0,0.0,1.0,0.0
12,9,0.0,0.0,0.0,0.0,0.0,0.0,0.0,0.0,0.0,1.0,0.0
12,9,0.0,0.0,0.0,0.0,0.0,0.0,0.0,0.0,0.0,1.0,0.0
12,9,0.0,0.0,0.0,0.0,0.0,0.0,0.0,0.0,0.0,1.0,0.0
12,9,0.0,0.0,0.0,0.0,0.0,0.0,0.0,0.0,0.0,1.0,0.0
12,9,0.0,0.0,0.0,0.0,0.0,0.0,0.0,0.0,0.0,1.0,0.0
12,9,0.0,0.0,0.0,0.0,0.0,0.0,0.0,0.0,0.0,1.0,0.0
12,9,0.0,0.0,0.0,0.0,0.0,0.0,0.0,0.0,0.0,1.0,0.0
12,9,0.0,0.0,0.0,0.0,0.0,0.0,0.0,0.0,0.0,1.0,0.0
12,9,0.0,0.0,0.0,0.0,0.0,0.0,0.0,0.0,0.0,1.0,0.0
12,9,0.0,0.0,0.0,0.0,0.0,0.0,0.0,0.0,0.0,1.0,0.0
12,9,0.0,0.0,0.0,0.0,0.0,0.0,0.0,0.0,0.0,1.0,0.0
12,9,0.0,0.0,0.0,0.0,0.0,0.0,0.0,0.0,0.0,1.0,0.0
12,9,0.0,0.0,0.0,0.0,0.0,0.0,0.0,0.0,0.0,1.0,0.0
12,9,0.0,0.0,0.0,0.0,0.0,0.0,0.0,0.0,0.0,1.0,0.0
12,9,0.0,0.0,0.0,0.0,0.0,0.0,0.0,0.0,0.0,1.0,0.0
12,9,0.0,0.0,0.0,0.0,0.0,0.0,0.0,0.0,0.0,1.0,0.0
12,9,0.0,0.0,0.0,0.0,0.0,0.0,0.0,0.0,0.0,1.0,0.0
12,9,0.0,0.0,0.0,0.0,0.0,0.0,0.0,0.0,0.0,1.0,0.0
12,9,0.0,0.0,0.0,0.0,0.0,0.0,0.0,0.0,0.0,1.0,0.0
12,9,0.0,0.0,0.0,0.0,0.0,0.0,0.0,0.0,0.0,1.0,0.0
12,9,0.0,0.0,0.0,0.0,0.0,0.0,0.0,0.0,0.0,1.0,0.0
12,9,0.0,0.0,0.0,0.0,0.0,0.0,0.0,0.0,0.0,1.0,0.0
12,9,0.0,0.0,0.0,0.0,0.0,0.0,0.0,0.0,0.0,1.0,0.0
12,9,0.0,0.0,0.0,0.0,0.0,0.0,0.0,0.0,0.0,1.0,0.0
12,9,0.0,0.0,0.0,0.0,0.0,0.0,0.0,0.0,0.0,1.0,0.0
12,9,0.0,0.0,0.0,0.0,0.0,0.0,0.0,0.0,0.0,1.0,0.0
12,9,0.0,0.0,0.0,0.0,0.0,0.0,0.0,0.0,0.0,1.0,0.0
12,9,0.0,0.0,0.0,0.0,0.0,0.0,0.0,0.0,0.0,1.0,0.0
12,9,0.0,0.0,0.0,0.0,0.0,0.0,0.0,0.0,0.0,1.0,0.0
12,9,0.0,0.0,0.0,0.0,0.0,0.0,0.0,0.0,0.0,1.0,0.0
12,9,0.0,0.0,0.0,0.0,0.0,0.0,0.0,0.0,0.0,1.0,0.0
12,9,0.0,0.0,0.0,0.0,0.0,0.0,0.0,0.0,0.0,1.0,0.0
12,9,0.0,0.0,0.0,0.0,0.0,0.0,0.0,0.0,0.0,1.0,0.0
12,9,0.0,0.0,0.0,0.0,0.0,0.0,0.0,0.0,0.0,1.0,0.0
12,9,0.0,0.0,0.0,0.0,0.0,0.0,0.0,0.0,0.0,1.0,0.0
12,9,0.0,0.0,0.0,0.0,0.0,0.0,0.0,0.0,0.0,1.0,0.0
12,9,0.0,0.0,0.0,0.0,0.0,0.0,0.0,0.0,0.0,1.0,0.0
12,9,0.0,0.0,0.0,0.0,0.0,0.0,0.0,0.0,0.0,1.0,0.0
12,9,0.0,0.0,0.0,0.0,0.0,0.0,0.0,0.0,0.0,1.0,0.0
12,9,0.0,0.0,0.0,0.0,0.0,0.0,0.0,0.0,0.0,1.0,0.0
12,9,0.0,0.0,0.0,0.0,0.0,0.0,0.0,0.0,0.0,1.0,0.0
12,9,0.0,0.0,0.0,0.0,0.0,0.0,0.0,0.0,0.0,1.0,0.0
12,9,0.0,0.0,0.0,0.0,0.0,0.0,0.0,0.0,0.0,1.0,0.0
12,9,0.0,0.0,0.0,0.0,0.0,0.0,0.0,0.0,0.0,1.0,0.0
12,9,0.0,0.0,0.0,0.0,0.0,0.0,0.0,0.0,0.0,1.0,0.0
12,9,0.0,0.0,0.0,0.0,0.0,0.0,0.0,0.0,0.0,1.0,0.0
12,9,0.0,0.0,0.0,0.0,0.0,0.0,0.0,0.0,0.0,1.0,0.0
12,9,0.0,0.0,0.0,0.0,0.0,0.0,0.0,0.0,0.0,1.0,0.0
12,9,0.0,0.0,0.0,0.0,0.0,0.0,0.0,0.0,0.0,1.0,0.0
12,9,0.0,0.0,0.0,0.0,0.0,0.0,0.0,0.0,0.0,1.0,0.0
12,9,0.0,0.0,0.0,0.0,0.0,0.0,0.0,0.0,0.0,1.0,0.0
12,9,0.0,0.0,0.0,0.0,0.0,0.0,0.0,0.0,0.0,1.0,0.0
12,9,0.0,0.0,0.0,0.0,0.0,0.0,0.0,0.0,0.0,1.0,0.0
12,9,0.0,0.0,0.0,0.0,0.0,0.0,0.0,0.0,0.0,1.0,0.0
12,9,0.0,0.0,0.0,0.0,0.0,0.0,0.0,0.0,0.0,1.0,0.0
12,9,0.0,0.0,0.0,0.0,0.0,0.0,0.0,0.0,0.0,1.0,0.0
12,9,0.0,0.0,0.0,0.0,0.0,0.0,0.0,0.0,0.0,1.0,0.0
12,9,0.0,0.0,0.0,0.0,0.0,0.0,0.0,0.0,0.0,1.0,0.0
12,9,0.0,0.0,0.0,0.0,0.0,0.0,0.0,0.0,0.0,1.0,0.0
12,9,0.0,0.0,0.0,0.0,0.0,0.0,0.0,0.0,0.0,1.0,0.0
12,9,0.0,0.0,0.0,0.0,0.0,0.0,0.0,0.0,0.0,1.0,0.0
12,9,0.0,0.0,0.0,0.0,0.0,0.0,0.0,0.0,0.0,1.0,0.0
12,9,0.0,0.0,0.0,0.0,0.0,0.0,0.0,0.0,0.0,1.0,0.0
12,9,0.0,0.0,0.0,0.0,0.0,0.0,0.0,0.0,0.0,1.0,0.0
12,9,0.0,0.0,0.0,0.0,0.0,0.0,0.0,0.0,0.0,1.0,0.0
12,9,0.0,0.0,0.0,0.0,0.0,0.0,0.0,0.0,0.0,1.0,0.0
12,9,0.0,0.0,0.0,0.0,0.0,0.0,0.0,0.0,0.0,1.0,0.0
12,9,0.0,0.0,0.0,0.0,0.0,0.0,0.0,0.0,0.0,1.0,0.0
12,9,0.0,0.0,0.0,0.0,0.0,0.0,0.0,0.0,0.0,1.0,0.0
12,9,0.0,0.0,0.0,0.0,0.0,0.0,0.0,0.0,0.0,1.0,0.0
12,9,0.0,0.0,0.0,0.0,0.0,0.0,0.0,0.0,0.0,1.0,0.0
12,9,0.0,0.0,0.0,0.0,0.0,0.0,0.0,0.0,0.0,1.0,0.0
12,9,0.0,0.0,0.0,0.0,0.0,0.0,0.0,0.0,0.0,1.0,0.0
12,9,0.0,0.0,0.0,0.0,0.0,0.0,0.0,0.0,0.0,1.0,0.0
12,9,0.0,0.0,0.0,0.0,0.0,0.0,0.0,0.0,0.0,1.0,0.0
12,9,0.0,0.0,0.0,0.0,0.0,0.0,0.0,0.0,0.0,1.0,0.0
12,9,0.0,0.0,0.0,0.0,0.0,0.0,0.0,0.0,0.0,1.0,0.0
12,9,0.0,0.0,0.0,0.0,0.0,0.0,0.0,0.0,0.0,1.0,0.0
12,9,0.0,0.0,0.0,0.0,0.0,0.0,0.0,0.0,0.0,1.0,0.0
12,9,0.0,0.0,0.0,0.0,0.0,0.0,0.0,0.0,0.0,1.0,0.0
12,9,0.0,0.0,0.0,0.0,0.0,0.0,0.0,0.0,0.0,1.0,0.0
12,9,0.0,0.0,0.0,0.0,0.0,0.0,0.0,0.0,0.0,1.0,0.0
12,9,0.0,0.0,0.0,0.0,0.0,0.0,0.0,0.0,0.0,1.0,0.0
12,9,0.0,0.0,0.0,0.0,0.0,0.0,0.0,0.0,0.0,1.0,0.0
12,9,0.0,0.0,0.0,0.0,0.0,0.0,0.0,0.0,0.0,1.0,0.0
12,9,0.0,0.0,0.0,0.0,0.0,0.0,0.0,0.0,0.0,1.0,0.0
12,9,0.0,0.0,0.0,0.0,0.0,0.0,0.0,0.0,0.0,1.0,0.0
12,9,0.0,0.0,0.0,0.0,0.0,0.0,0.0,0.0,0.0,1.0,0.0
12,9,0.0,0.0,0.0,0.0,0.0,0.0,0.0,0.0,0.0,1.0,0.0
12,9,0.0,0.0,0.0,0.0,0.0,0.0,0.0,0.0,0.0,1.0,0.0
12,9,0.0,0.0,0.0,0.0,0.0,0.0,0.0,0.0,0.0,1.0,0.0
12,9,0.0,0.0,0.0,0.0,0.0,0.0,0.0,0.0,0.0,1.0,0.0
12,9,0.0,0.0,0.0,0.0,0.0,0.0,0.0,0.0,0.0,1.0,0.0
12,9,0.0,0.0,0.0,0.0,0.0,0.0,0.0,0.0,0.0,1.0,0.0
12,9,0.0,0.0,0.0,0.0,0.0,0.0,0.0,0.0,0.0,1.0,0.0
12,9,0.0,0.0,0.0,0.0,0.0,0.0,0.0,0.0,0.0,1.0,0.0
12,9,0.0,0.0,0.0,0.0,0.0,0.0,0.0,0.0,0.0,1.0,0.0
12,9,0.0,0.0,0.0,0.0,0.0,0.0,0.0,0.0,0.0,1.0,0.0
12,9,0.0,0.0,0.0,0.0,0.0,0.0,0.0,0.0,0.0,1.0,0.0
12,9,0.0,0.0,0.0,0.0,0.0,0.0,0.0,0.0,0.0,1.0,0.0
12,9,0.0,0.0,0.0,0.0,0.0,0.0,0.0,0.0,0.0,1.0,0.0
12,9,0.0,0.0,0.0,0.0,0.0,0.0,0.0,0.0,0.0,1.0,0.0
12,9,0.0,0.0,0.0,0.0,0.0,0.0,0.0,0.0,0.0,1.0,0.0
12,9,0.0,0.0,0.0,0.0,0.0,0.0,0.0,0.0,0.0,1.0,0.0
12,9,0.0,0.0,0.0,0.0,0.0,0.0,0.0,0.0,0.0,1.0,0.0
12,9,0.0,0.0,0.0,0.0,0.0,0.0,0.0,0.0,0.0,1.0,0.0
12,9,0.0,0.0,0.0,0.0,0.0,0.0,0.0,0.0,0.0,1.0,0.0
12,9,0.0,0.0,0.0,0.0,0.0,0.0,0.0,0.0,0.0,1.0,0.0
12,9,0.0,0.0,0.0,0.0,0.0,0.0,0.0,0.0,0.0,1.0,0.0
12,9,0.0,0.0,0.0,0.0,0.0,0.0,0.0,0.0,0.0,1.0,0.0
12,9,0.0,0.0,0.0,0.0,0.0,0.0,0.0,0.0,0.0,1.0,0.0
12,9,0.0,0.0,0.0,0.0,0.0,0.0,0.0,0.0,0.0,1.0,0.0
12,9,0.0,0.0,0.0,0.0,0.0,0.0,0.0,0.0,0.0,1.0,0.0
12,9,0.0,0.0,0.0,0.0,0.0,0.0,0.0,0.0,0.0,1.0,0.0
12,9,0.0,0.0,0.0,0.0,0.0,0.0,0.0,0.0,0.0,1.0,0.0
12,9,0.0,0.0,0.0,0.0,0.0,0.0,0.0,0.0,0.0,1.0,0.0
12,9,0.0,0.0,0.0,0.0,0.0,0.0,0.0,0.0,0.0,1.0,0.0
12,9,0.0,0.0,0.0,0.0,0.0,0.0,0.0,0.0,0.0,1.0,0.0
12,9,0.0,0.0,0.0,0.0,0.0,0.0,0.0,0.0,0.0,1.0,0.0
12,9,0.0,0.0,0.0,0.0,0.0,0.0,0.0,0.0,0.0,1.0,0.0
12,9,0.0,0.0,0.0,0.0,0.0,0.0,0.0,0.0,0.0,1.0,0.0
12,9,0.0,0.0,0.0,0.0,0.0,0.0,0.0,0.0,0.0,1.0,0.0
12,9,0.0,0.0,0.0,0.0,0.0,0.0,0.0,0.0,0.0,1.0,0.0
12,9,0.0,0.0,0.0,0.0,0.0,0.0,0.0,0.0,0.0,1.0,0.0
12,9,0.0,0.0,0.0,0.0,0.0,0.0,0.0,0.0,0.0,1.0,0.0
12,9,0.0,0.0,0.0,0.0,0.0,0.0,0.0,0.0,0.0,1.0,0.0
12,9,0.0,0.0,0.0,0.0,0.0,0.0,0.0,0.0,0.0,1.0,0.0
12,9,0.0,0.0,0.0,0.0,0.0,0.0,0.0,0.0,0.0,1.0,0.0
12,9,0.0,0.0,0.0,0.0,0.0,0.0,0.0,0.0,0.0,1.0,0.0
12,9,0.0,0.0,0.0,0.0,0.0,0.0,0.0,0.0,0.0,1.0,0.0
12,9,0.0,0.0,0.0,0.0,0.0,0.0,0.0,0.0,0.0,1.0,0.0
12,9,0.0,0.0,0.0,0.0,0.0,0.0,0.0,0.0,0.0,1.0,0.0
12,9,0.0,0.0,0.0,0.0,0.0,0.0,0.0,0.0,0.0,1.0,0.0
12,9,0.0,0.0,0.0,0.0,0.0,0.0,0.0,0.0,0.0,1.0,0.0
12,9,0.0,0.0,0.0,0.0,0.0,0.0,0.0,0.0,0.0,1.0,0.0
12,9,0.0,0.0,0.0,0.0,0.0,0.0,0.0,0.0,0.0,1.0,0.0
12,9,0.0,0.0,0.0,0.0,0.0,0.0,0.0,0.0,0.0,1.0,0.0
12,9,0.0,0.0,0.0,0.0,0.0,0.0,0.0,0.0,0.0,1.0,0.0
12,9,0.0,0.0,0.0,0.0,0.0,0.0,0.0,0.0,0.0,1.0,0.0
12,9,0.0,0.0,0.0,0.0,0.0,0.0,0.0,0.0,0.0,1.0,0.0
12,9,0.0,0.0,0.0,0.0,0.0,0.0,0.0,0.0,0.0,1.0,0.0
12,9,0.0,0.0,0.0,0.0,0.0,0.0,0.0,0.0,0.0,1.0,0.0
12,9,0.0,0.0,0.0,0.0,0.0,0.0,0.0,0.0,0.0,1.0,0.0
12,9,0.0,0.0,0.0,0.0,0.0,0.0,0.0,0.0,0.0,1.0,0.0
12,9,0.0,0.0,0.0,0.0,0.0,0.0,0.0,0.0,0.0,1.0,0.0
12,9,0.0,0.0,0.0,0.0,0.0,0.0,0.0,0.0,0.0,1.0,0.0
12,9,0.0,0.0,0.0,0.0,0.0,0.0,0.0,0.0,0.0,1.0,0.0
12,9,0.0,0.0,0.0,0.0,0.0,0.0,0.0,0.0,0.0,1.0,0.0
12,9,0.0,0.0,0.0,0.0,0.0,0.0,0.0,0.0,0.0,1.0,0.0
12,9,0.0,0.0,0.0,0.0,0.0,0.0,0.0,0.0,0.0,1.0,0.0
12,9,0.0,0.0,0.0,0.0,0.0,0.0,0.0,0.0,0.0,1.0,0.0
12,9,0.0,0.0,0.0,0.0,0.0,0.0,0.0,0.0,0.0,1.0,0.0
12,9,0.0,0.0,0.0,0.0,0.0,0.0,0.0,0.0,0.0,1.0,0.0
12,9,0.0,0.0,0.0,0.0,0.0,0.0,0.0,0.0,0.0,1.0,0.0
12,9,0.0,0.0,0.0,0.0,0.0,0.0,0.0,0.0,0.0,1.0,0.0
12,9,0.0,0.0,0.0,0.0,0.0,0.0,0.0,0.0,0.0,1.0,0.0
12,9,0.0,0.0,0.0,0.0,0.0,0.0,0.0,0.0,0.0,1.0,0.0
12,9,0.0,0.0,0.0,0.0,0.0,0.0,0.0,0.0,0.0,1.0,0.0
12,9,0.0,0.0,0.0,0.0,0.0,0.0,0.0,0.0,0.0,1.0,0.0
12,9,0.0,0.0,0.0,0.0,0.0,0.0,0.0,0.0,0.0,1.0,0.0
12,9,0.0,0.0,0.0,0.0,0.0,0.0,0.0,0.0,0.0,1.0,0.0
12,9,0.0,0.0,0.0,0.0,0.0,0.0,0.0,0.0,0.0,1.0,0.0
12,9,0.0,0.0,0.0,0.0,0.0,0.0,0.0,0.0,0.0,1.0,0.0
12,9,0.0,0.0,0.0,0.0,0.0,0.0,0.0,0.0,0.0,1.0,0.0
12,9,0.0,0.0,0.0,0.0,0.0,0.0,0.0,0.0,0.0,1.0,0.0
12,9,0.0,0.0,0.0,0.0,0.0,0.0,0.0,0.0,0.0,1.0,0.0
12,9,0.0,0.0,0.0,0.0,0.0,0.0,0.0,0.0,0.0,1.0,0.0
12,9,0.0,0.0,0.0,0.0,0.0,0.0,0.0,0.0,0.0,1.0,0.0
12,9,0.0,0.0,0.0,0.0,0.0,0.0,0.0,0.0,0.0,1.0,0.0
12,9,0.0,0.0,0.0,0.0,0.0,0.0,0.0,0.0,0.0,1.0,0.0
12,9,0.0,0.0,0.0,0.0,0.0,0.0,0.0,0.0,0.0,1.0,0.0
12,9,0.0,0.0,0.0,0.0,0.0,0.0,0.0,0.0,0.0,1.0,0.0
12,9,0.0,0.0,0.0,0.0,0.0,0.0,0.0,0.0,0.0,1.0,0.0
12,9,0.0,0.0,0.0,0.0,0.0,0.0,0.0,0.0,0.0,1.0,0.0
12,9,0.0,0.0,0.0,0.0,0.0,0.0,0.0,0.0,0.0,1.0,0.0
12,9,0.0,0.0,0.0,0.0,0.0,0.0,0.0,0.0,0.0,1.0,0.0
12,9,0.0,0.0,0.0,0.0,0.0,0.0,0.0,0.0,0.0,1.0,0.0
12,9,0.0,0.0,0.0,0.0,0.0,0.0,0.0,0.0,0.0,1.0,0.0
12,9,0.0,0.0,0.0,0.0,0.0,0.0,0.0,0.0,0.0,1.0,0.0
12,9,0.0,0.0,0.0,0.0,0.0,0.0,0.0,0.0,0.0,1.0,0.0
12,9,0.0,0.0,0.0,0.0,0.0,0.0,0.0,0.0,0.0,1.0,0.0
12,9,0.0,0.0,0.0,0.0,0.0,0.0,0.0,0.0,0.0,1.0,0.0
12,9,0.0,0.0,0.0,0.0,0.0,0.0,0.0,0.0,0.0,1.0,0.0
12,9,0.0,0.0,0.0,0.0,0.0,0.0,0.0,0.0,0.0,1.0,0.0
12,9,0.0,0.0,0.0,0.0,0.0,0.0,0.0,0.0,0.0,1.0,0.0
12,9,0.0,0.0,0.0,0.0,0.0,0.0,0.0,0.0,0.0,1.0,0.0
12,9,0.0,0.0,0.0,0.0,0.0,0.0,0.0,0.0,0.0,1.0,0.0
12,9,0.0,0.0,0.0,0.0,0.0,0.0,0.0,0.0,0.0,1.0,0.0
12,9,0.0,0.0,0.0,0.0,0.0,0.0,0.0,0.0,0.0,1.0,0.0
12,9,0.0,0.0,0.0,0.0,0.0,0.0,0.0,0.0,0.0,1.0,0.0
12,9,0.0,0.0,0.0,0.0,0.0,0.0,0.0,0.0,0.0,1.0,0.0
12,9,0.0,0.0,0.0,0.0,0.0,0.0,0.0,0.0,0.0,1.0,0.0
12,9,0.0,0.0,0.0,0.0,0.0,0.0,0.0,0.0,0.0,1.0,0.0
12,9,0.0,0.0,0.0,0.0,0.0,0.0,0.0,0.0,0.0,1.0,0.0
12,9,0.0,0.0,0.0,0.0,0.0,0.0,0.0,0.0,0.0,1.0,0.0
12,9,0.0,0.0,0.0,0.0,0.0,0.0,0.0,0.0,0.0,1.0,0.0
12,9,0.0,0.0,0.0,0.0,0.0,0.0,0.0,0.0,0.0,1.0,0.0
12,9,0.0,0.0,0.0,0.0,0.0,0.0,0.0,0.0,0.0,1.0,0.0
12,9,0.0,0.0,0.0,0.0,0.0,0.0,0.0,0.0,0.0,1.0,0.0
12,9,0.0,0.0,0.0,0.0,0.0,0.0,0.0,0.0,0.0,1.0,0.0
12,9,0.0,0.0,0.0,0.0,0.0,0.0,0.0,0.0,0.0,1.0,0.0
12,9,0.0,0.0,0.0,0.0,0.0,0.0,0.0,0.0,0.0,1.0,0.0
12,9,0.0,0.0,0.0,0.0,0.0,0.0,0.0,0.0,0.0,1.0,0.0
12,9,0.0,0.0,0.0,0.0,0.0,0.0,0.0,0.0,0.0,1.0,0.0
12,9,0.0,0.0,0.0,0.0,0.0,0.0,0.0,0.0,0.0,1.0,0.0
12,9,0.0,0.0,0.0,0.0,0.0,0.0,0.0,0.0,0.0,1.0,0.0
12,9,0.0,0.0,0.0,0.0,0.0,0.0,0.0,0.0,0.0,1.0,0.0
12,9,0.0,0.0,0.0,0.0,0.0,0.0,0.0,0.0,0.0,1.0,0.0
12,9,0.0,0.0,0.0,0.0,0.0,0.0,0.0,0.0,0.0,1.0,0.0
12,9,0.0,0.0,0.0,0.0,0.0,0.0,0.0,0.0,0.0,1.0,0.0
12,9,0.0,0.0,0.0,0.0,0.0,0.0,0.0,0.0,0.0,1.0,0.0
12,9,0.0,0.0,0.0,0.0,0.0,0.0,0.0,0.0,0.0,1.0,0.0
12,9,0.0,0.0,0.0,0.0,0.0,0.0,0.0,0.0,0.0,1.0,0.0
12,9,0.0,0.0,0.0,0.0,0.0,0.0,0.0,0.0,0.0,1.0,0.0
12,9,0.0,0.0,0.0,0.0,0.0,0.0,0.0,0.0,0.0,1.0,0.0
12,9,0.0,0.0,0.0,0.0,0.0,0.0,0.0,0.0,0.0,1.0,0.0
12,9,0.0,0.0,0.0,0.0,0.0,0.0,0.0,0.0,0.0,1.0,0.0
12,9,0.0,0.0,0.0,0.0,0.0,0.0,0.0,0.0,0.0,1.0,0.0
12,9,0.0,0.0,0.0,0.0,0.0,0.0,0.0,0.0,0.0,1.0,0.0
12,9,0.0,0.0,0.0,0.0,0.0,0.0,0.0,0.0,0.0,1.0,0.0
12,9,0.0,0.0,0.0,0.0,0.0,0.0,0.0,0.0,0.0,1.0,0.0
12,9,0.0,0.0,0.0,0.0,0.0,0.0,0.0,0.0,0.0,1.0,0.0
12,9,0.0,0.0,0.0,0.0,0.0,0.0,0.0,0.0,0.0,1.0,0.0
12,9,0.0,0.0,0.0,0.0,0.0,0.0,0.0,0.0,0.0,1.0,0.0
12,9,0.0,0.0,0.0,0.0,0.0,0.0,0.0,0.0,0.0,1.0,0.0
12,9,0.0,0.0,0.0,0.0,0.0,0.0,0.0,0.0,0.0,1.0,0.0
12,9,0.0,0.0,0.0,0.0,0.0,0.0,0.0,0.0,0.0,1.0,0.0
12,9,0.0,0.0,0.0,0.0,0.0,0.0,0.0,0.0,0.0,1.0,0.0
12,9,0.0,0.0,0.0,0.0,0.0,0.0,0.0,0.0,0.0,1.0,0.0
12,9,0.0,0.0,0.0,0.0,0.0,0.0,0.0,0.0,0.0,1.0,0.0
12,9,0.0,0.0,0.0,0.0,0.0,0.0,0.0,0.0,0.0,1.0,0.0
12,9,0.0,0.0,0.0,0.0,0.0,0.0,0.0,0.0,0.0,1.0,0.0
12,9,0.0,0.0,0.0,0.0,0.0,0.0,0.0,0.0,0.0,1.0,0.0
12,9,0.0,0.0,0.0,0.0,0.0,0.0,0.0,0.0,0.0,1.0,0.0
12,9,0.0,0.0,0.0,0.0,0.0,0.0,0.0,0.0,0.0,1.0,0.0
12,9,0.0,0.0,0.0,0.0,0.0,0.0,0.0,0.0,0.0,1.0,0.0
12,9,0.0,0.0,0.0,0.0,0.0,0.0,0.0,0.0,0.0,1.0,0.0
12,9,0.0,0.0,0.0,0.0,0.0,0.0,0.0,0.0,0.0,1.0,0.0
12,9,0.0,0.0,0.0,0.0,0.0,0.0,0.0,0.0,0.0,1.0,0.0
12,9,0.0,0.0,0.0,0.0,0.0,0.0,0.0,0.0,0.0,1.0,0.0
12,9,0.0,0.0,0.0,0.0,0.0,0.0,0.0,0.0,0.0,1.0,0.0
12,9,0.0,0.0,0.0,0.0,0.0,0.0,0.0,0.0,0.0,1.0,0.0
12,9,0.0,0.0,0.0,0.0,0.0,0.0,0.0,0.0,0.0,1.0,0.0
12,9,0.0,0.0,0.0,0.0,0.0,0.0,0.0,0.0,0.0,1.0,0.0
12,9,0.0,0.0,0.0,0.0,0.0,0.0,0.0,0.0,0.0,1.0,0.0
12,9,0.0,0.0,0.0,0.0,0.0,0.0,0.0,0.0,0.0,1.0,0.0
12,9,0.0,0.0,0.0,0.0,0.0,0.0,0.0,0.0,0.0,1.0,0.0
12,9,0.0,0.0,0.0,0.0,0.0,0.0,0.0,0.0,0.0,1.0,0.0
12,9,0.0,0.0,0.0,0.0,0.0,0.0,0.0,0.0,0.0,1.0,0.0
12,9,0.0,0.0,0.0,0.0,0.0,0.0,0.0,0.0,0.0,1.0,0.0
12,9,0.0,0.0,0.0,0.0,0.0,0.0,0.0,0.0,0.0,1.0,0.0
12,9,0.0,0.0,0.0,0.0,0.0,0.0,0.0,0.0,0.0,1.0,0.0
12,9,0.0,0.0,0.0,0.0,0.0,0.0,0.0,0.0,0.0,1.0,0.0
12,9,0.0,0.0,0.0,0.0,0.0,0.0,0.0,0.0,0.0,1.0,0.0
12,9,0.0,0.0,0.0,0.0,0.0,0.0,0.0,0.0,0.0,1.0,0.0
12,9,0.0,0.0,0.0,0.0,0.0,0.0,0.0,0.0,0.0,1.0,0.0
12,9,0.0,0.0,0.0,0.0,0.0,0.0,0.0,0.0,0.0,1.0,0.0
12,9,0.0,0.0,0.0,0.0,0.0,0.0,0.0,0.0,0.0,1.0,0.0
12,9,0.0,0.0,0.0,0.0,0.0,0.0,0.0,0.0,0.0,1.0,0.0
12,9,0.0,0.0,0.0,0.0,0.0,0.0,0.0,0.0,0.0,1.0,0.0
12,9,0.0,0.0,0.0,0.0,0.0,0.0,0.0,0.0,0.0,1.0,0.0
12,9,0.0,0.0,0.0,0.0,0.0,0.0,0.0,0.0,0.0,1.0,0.0
12,9,0.0,0.0,0.0,0.0,0.0,0.0,0.0,0.0,0.0,1.0,0.0
12,9,0.0,0.0,0.0,0.0,0.0,0.0,0.0,0.0,0.0,1.0,0.0
12,9,0.0,0.0,0.0,0.0,0.0,0.0,0.0,0.0,0.0,1.0,0.0
12,9,0.0,0.0,0.0,0.0,0.0,0.0,0.0,0.0,0.0,1.0,0.0
12,9,0.0,0.0,0.0,0.0,0.0,0.0,0.0,0.0,0.0,1.0,0.0
12,9,0.0,0.0,0.0,0.0,0.0,0.0,0.0,0.0,0.0,1.0,0.0
12,9,0.0,0.0,0.0,0.0,0.0,0.0,0.0,0.0,0.0,1.0,0.0
12,9,0.0,0.0,0.0,0.0,0.0,0.0,0.0,0.0,0.0,1.0,0.0
12,9,0.0,0.0,0.0,0.0,0.0,0.0,0.0,0.0,0.0,1.0,0.0
12,9,0.0,0.0,0.0,0.0,0.0,0.0,0.0,0.0,0.0,1.0,0.0
12,9,0.0,0.0,0.0,0.0,0.0,0.0,0.0,0.0,0.0,1.0,0.0
12,9,0.0,0.0,0.0,0.0,0.0,0.0,0.0,0.0,0.0,1.0,0.0
12,9,0.0,0.0,0.0,0.0,0.0,0.0,0.0,0.0,0.0,1.0,0.0
12,9,0.0,0.0,0.0,0.0,0.0,0.0,0.0,0.0,0.0,1.0,0.0
12,9,0.0,0.0,0.0,0.0,0.0,0.0,0.0,0.0,0.0,1.0,0.0
12,9,0.0,0.0,0.0,0.0,0.0,0.0,0.0,0.0,0.0,1.0,0.0
12,9,0.0,0.0,0.0,0.0,0.0,0.0,0.0,0.0,0.0,1.0,0.0
12,9,0.0,0.0,0.0,0.0,0.0,0.0,0.0,0.0,0.0,1.0,0.0
12,9,0.0,0.0,0.0,0.0,0.0,0.0,0.0,0.0,0.0,1.0,0.0
12,9,0.0,0.0,0.0,0.0,0.0,0.0,0.0,0.0,0.0,1.0,0.0
12,9,0.0,0.0,0.0,0.0,0.0,0.0,0.0,0.0,0.0,1.0,0.0
12,9,0.0,0.0,0.0,0.0,0.0,0.0,0.0,0.0,0.0,1.0,0.0
12,9,0.0,0.0,0.0,0.0,0.0,0.0,0.0,0.0,0.0,1.0,0.0
12,9,0.0,0.0,0.0,0.0,0.0,0.0,0.0,0.0,0.0,1.0,0.0
12,9,0.0,0.0,0.0,0.0,0.0,0.0,0.0,0.0,0.0,1.0,0.0
12,9,0.0,0.0,0.0,0.0,0.0,0.0,0.0,0.0,0.0,1.0,0.0
12,9,0.0,0.0,0.0,0.0,0.0,0.0,0.0,0.0,0.0,1.0,0.0
12,9,0.0,0.0,0.0,0.0,0.0,0.0,0.0,0.0,0.0,1.0,0.0
12,9,0.0,0.0,0.0,0.0,0.0,0.0,0.0,0.0,0.0,1.0,0.0
12,9,0.0,0.0,0.0,0.0,0.0,0.0,0.0,0.0,0.0,1.0,0.0
12,9,0.0,0.0,0.0,0.0,0.0,0.0,0.0,0.0,0.0,1.0,0.0
12,9,0.0,0.0,0.0,0.0,0.0,0.0,0.0,0.0,0.0,1.0,0.0
12,9,0.0,0.0,0.0,0.0,0.0,0.0,0.0,0.0,0.0,1.0,0.0
12,9,0.0,0.0,0.0,0.0,0.0,0.0,0.0,0.0,0.0,1.0,0.0
12,9,0.0,0.0,0.0,0.0,0.0,0.0,0.0,0.0,0.0,1.0,0.0
12,9,0.0,0.0,0.0,0.0,0.0,0.0,0.0,0.0,0.0,1.0,0.0
12,9,0.0,0.0,0.0,0.0,0.0,0.0,0.0,0.0,0.0,1.0,0.0
12,9,0.0,0.0,0.0,0.0,0.0,0.0,0.0,0.0,0.0,1.0,0.0
12,9,0.0,0.0,0.0,0.0,0.0,0.0,0.0,0.0,0.0,1.0,0.0
12,9,0.0,0.0,0.0,0.0,0.0,0.0,0.0,0.0,0.0,1.0,0.0
12,9,0.0,0.0,0.0,0.0,0.0,0.0,0.0,0.0,0.0,1.0,0.0
12,9,0.0,0.0,0.0,0.0,0.0,0.0,0.0,0.0,0.0,1.0,0.0
12,9,0.0,0.0,0.0,0.0,0.0,0.0,0.0,0.0,0.0,1.0,0.0
12,9,0.0,0.0,0.0,0.0,0.0,0.0,0.0,0.0,0.0,1.0,0.0
12,9,0.0,0.0,0.0,0.0,0.0,0.0,0.0,0.0,0.0,1.0,0.0
12,9,0.0,0.0,0.0,0.0,0.0,0.0,0.0,0.0,0.0,1.0,0.0
12,9,0.0,0.0,0.0,0.0,0.0,0.0,0.0,0.0,0.0,1.0,0.0
12,9,0.0,0.0,0.0,0.0,0.0,0.0,0.0,0.0,0.0,1.0,0.0
12,9,0.0,0.0,0.0,0.0,0.0,0.0,0.0,0.0,0.0,1.0,0.0
12,9,0.0,0.0,0.0,0.0,0.0,0.0,0.0,0.0,0.0,1.0,0.0
12,9,0.0,0.0,0.0,0.0,0.0,0.0,0.0,0.0,0.0,1.0,0.0
12,9,0.0,0.0,0.0,0.0,0.0,0.0,0.0,0.0,0.0,1.0,0.0
12,9,0.0,0.0,0.0,0.0,0.0,0.0,0.0,0.0,0.0,1.0,0.0
12,9,0.0,0.0,0.0,0.0,0.0,0.0,0.0,0.0,0.0,1.0,0.0
12,9,0.0,0.0,0.0,0.0,0.0,0.0,0.0,0.0,0.0,1.0,0.0
12,9,0.0,0.0,0.0,0.0,0.0,0.0,0.0,0.0,0.0,1.0,0.0
12,9,0.0,0.0,0.0,0.0,0.0,0.0,0.0,0.0,0.0,1.0,0.0
12,9,0.0,0.0,0.0,0.0,0.0,0.0,0.0,0.0,0.0,1.0,0.0
12,9,0.0,0.0,0.0,0.0,0.0,0.0,0.0,0.0,0.0,1.0,0.0
12,9,0.0,0.0,0.0,0.0,0.0,0.0,0.0,0.0,0.0,1.0,0.0
12,9,0.0,0.0,0.0,0.0,0.0,0.0,0.0,0.0,0.0,1.0,0.0
12,9,0.0,0.0,0.0,0.0,0.0,0.0,0.0,0.0,0.0,1.0,0.0
12,9,0.0,0.0,0.0,0.0,0.0,0.0,0.0,0.0,0.0,1.0,0.0
12,9,0.0,0.0,0.0,0.0,0.0,0.0,0.0,0.0,0.0,1.0,0.0
12,9,0.0,0.0,0.0,0.0,0.0,0.0,0.0,0.0,0.0,1.0,0.0
12,9,0.0,0.0,0.0,0.0,0.0,0.0,0.0,0.0,0.0,1.0,0.0
12,9,0.0,0.0,0.0,0.0,0.0,0.0,0.0,0.0,0.0,1.0,0.0
12,9,0.0,0.0,0.0,0.0,0.0,0.0,0.0,0.0,0.0,1.0,0.0
12,9,0.0,0.0,0.0,0.0,0.0,0.0,0.0,0.0,0.0,1.0,0.0
12,9,0.0,0.0,0.0,0.0,0.0,0.0,0.0,0.0,0.0,1.0,0.0
12,9,0.0,0.0,0.0,0.0,0.0,0.0,0.0,0.0,0.0,1.0,0.0
12,9,0.0,0.0,0.0,0.0,0.0,0.0,0.0,0.0,0.0,1.0,0.0
12,9,0.0,0.0,0.0,0.0,0.0,0.0,0.0,0.0,0.0,1.0,0.0
12,9,0.0,0.0,0.0,0.0,0.0,0.0,0.0,0.0,0.0,1.0,0.0
12,9,0.0,0.0,0.0,0.0,0.0,0.0,0.0,0.0,0.0,1.0,0.0
12,9,0.0,0.0,0.0,0.0,0.0,0.0,0.0,0.0,0.0,1.0,0.0
12,9,0.0,0.0,0.0,0.0,0.0,0.0,0.0,0.0,0.0,1.0,0.0
12,9,0.0,0.0,0.0,0.0,0.0,0.0,0.0,0.0,0.0,1.0,0.0
12,9,0.0,0.0,0.0,0.0,0.0,0.0,0.0,0.0,0.0,1.0,0.0
12,9,0.0,0.0,0.0,0.0,0.0,0.0,0.0,0.0,0.0,1.0,0.0
12,9,0.0,0.0,0.0,0.0,0.0,0.0,0.0,0.0,0.0,1.0,0.0
12,9,0.0,0.0,0.0,0.0,0.0,0.0,0.0,0.0,0.0,1.0,0.0
12,9,0.0,0.0,0.0,0.0,0.0,0.0,0.0,0.0,0.0,1.0,0.0
12,9,0.0,0.0,0.0,0.0,0.0,0.0,0.0,0.0,0.0,1.0,0.0
12,9,0.0,0.0,0.0,0.0,0.0,0.0,0.0,0.0,0.0,1.0,0.0
12,9,0.0,0.0,0.0,0.0,0.0,0.0,0.0,0.0,0.0,1.0,0.0
12,9,0.0,0.0,0.0,0.0,0.0,0.0,0.0,0.0,0.0,1.0,0.0
12,9,0.0,0.0,0.0,0.0,0.0,0.0,0.0,0.0,0.0,1.0,0.0
12,9,0.0,0.0,0.0,0.0,0.0,0.0,0.0,0.0,0.0,1.0,0.0
12,9,0.0,0.0,0.0,0.0,0.0,0.0,0.0,0.0,0.0,1.0,0.0
12,9,0.0,0.0,0.0,0.0,0.0,0.0,0.0,0.0,0.0,1.0,0.0
12,9,0.0,0.0,0.0,0.0,0.0,0.0,0.0,0.0,0.0,1.0,0.0
12,9,0.0,0.0,0.0,0.0,0.0,0.0,0.0,0.0,0.0,1.0,0.0
12,9,0.0,0.0,0.0,0.0,0.0,0.0,0.0,0.0,0.0,1.0,0.0
12,9,0.0,0.0,0.0,0.0,0.0,0.0,0.0,0.0,0.0,1.0,0.0
12,9,0.0,0.0,0.0,0.0,0.0,0.0,0.0,0.0,0.0,1.0,0.0
12,9,0.0,0.0,0.0,0.0,0.0,0.0,0.0,0.0,0.0,1.0,0.0
12,9,0.0,0.0,0.0,0.0,0.0,0.0,0.0,0.0,0.0,1.0,0.0
12,9,0.0,0.0,0.0,0.0,0.0,0.0,0.0,0.0,0.0,1.0,0.0
12,9,0.0,0.0,0.0,0.0,0.0,0.0,0.0,0.0,0.0,1.0,0.0
12,9,0.0,0.0,0.0,0.0,0.0,0.0,0.0,0.0,0.0,1.0,0.0
12,9,0.0,0.0,0.0,0.0,0.0,0.0,0.0,0.0,0.0,1.0,0.0
12,9,0.0,0.0,0.0,0.0,0.0,0.0,0.0,0.0,0.0,1.0,0.0
12,9,0.0,0.0,0.0,0.0,0.0,0.0,0.0,0.0,0.0,1.0,0.0
12,9,0.0,0.0,0.0,0.0,0.0,0.0,0.0,0.0,0.0,1.0,0.0
12,9,0.0,0.0,0.0,0.0,0.0,0.0,0.0,0.0,0.0,1.0,0.0
12,9,0.0,0.0,0.0,0.0,0.0,0.0,0.0,0.0,0.0,1.0,0.0
12,9,0.0,0.0,0.0,0.0,0.0,0.0,0.0,0.0,0.0,1.0,0.0
12,9,0.0,0.0,0.0,0.0,0.0,0.0,0.0,0.0,0.0,1.0,0.0
12,9,0.0,0.0,0.0,0.0,0.0,0.0,0.0,0.0,0.0,1.0,0.0
12,9,0.0,0.0,0.0,0.0,0.0,0.0,0.0,0.0,0.0,1.0,0.0
12,9,0.0,0.0,0.0,0.0,0.0,0.0,0.0,0.0,0.0,1.0,0.0
12,9,0.0,0.0,0.0,0.0,0.0,0.0,0.0,0.0,0.0,1.0,0.0
12,9,0.0,0.0,0.0,0.0,0.0,0.0,0.0,0.0,0.0,1.0,0.0
12,9,0.0,0.0,0.0,0.0,0.0,0.0,0.0,0.0,0.0,1.0,0.0
12,9,0.0,0.0,0.0,0.0,0.0,0.0,0.0,0.0,0.0,1.0,0.0
12,9,0.0,0.0,0.0,0.0,0.0,0.0,0.0,0.0,0.0,1.0,0.0
12,9,0.0,0.0,0.0,0.0,0.0,0.0,0.0,0.0,0.0,1.0,0.0
12,9,0.0,0.0,0.0,0.0,0.0,0.0,0.0,0.0,0.0,1.0,0.0
12,9,0.0,0.0,0.0,0.0,0.0,0.0,0.0,0.0,0.0,1.0,0.0
12,9,0.0,0.0,0.0,0.0,0.0,0.0,0.0,0.0,0.0,1.0,0.0
12,9,0.0,0.0,0.0,0.0,0.0,0.0,0.0,0.0,0.0,1.0,0.0
12,9,0.0,0.0,0.0,0.0,0.0,0.0,0.0,0.0,0.0,1.0,0.0
12,9,0.0,0.0,0.0,0.0,0.0,0.0,0.0,0.0,0.0,1.0,0.0
12,9,0.0,0.0,0.0,0.0,0.0,0.0,0.0,0.0,0.0,1.0,0.0
12,9,0.0,0.0,0.0,0.0,0.0,0.0,0.0,0.0,0.0,1.0,0.0
12,9,0.0,0.0,0.0,0.0,0.0,0.0,0.0,0.0,0.0,1.0,0.0
12,9,0.0,0.0,0.0,0.0,0.0,0.0,0.0,0.0,0.0,1.0,0.0
12,9,0.0,0.0,0.0,0.0,0.0,0.0,0.0,0.0,0.0,1.0,0.0
12,9,0.0,0.0,0.0,0.0,0.0,0.0,0.0,0.0,0.0,1.0,0.0
12,9,0.0,0.0,0.0,0.0,0.0,0.0,0.0,0.0,0.0,1.0,0.0
12,9,0.0,0.0,0.0,0.0,0.0,0.0,0.0,0.0,0.0,1.0,0.0
12,9,0.0,0.0,0.0,0.0,0.0,0.0,0.0,0.0,0.0,1.0,0.0
12,9,0.0,0.0,0.0,0.0,0.0,0.0,0.0,0.0,0.0,1.0,0.0
12,9,0.0,0.0,0.0,0.0,0.0,0.0,0.0,0.0,0.0,1.0,0.0
12,9,0.0,0.0,0.0,0.0,0.0,0.0,0.0,0.0,0.0,1.0,0.0
12,9,0.0,0.0,0.0,0.0,0.0,0.0,0.0,0.0,0.0,1.0,0.0
12,9,0.0,0.0,0.0,0.0,0.0,0.0,0.0,0.0,0.0,1.0,0.0
12,9,0.0,0.0,0.0,0.0,0.0,0.0,0.0,0.0,0.0,1.0,0.0
12,9,0.0,0.0,0.0,0.0,0.0,0.0,0.0,0.0,0.0,1.0,0.0
12,9,0.0,0.0,0.0,0.0,0.0,0.0,0.0,0.0,0.0,1.0,0.0
12,9,0.0,0.0,0.0,0.0,0.0,0.0,0.0,0.0,0.0,1.0,0.0
12,9,0.0,0.0,0.0,0.0,0.0,0.0,0.0,0.0,0.0,1.0,0.0
12,9,0.0,0.0,0.0,0.0,0.0,0.0,0.0,0.0,0.0,1.0,0.0
12,9,0.0,0.0,0.0,0.0,0.0,0.0,0.0,0.0,0.0,1.0,0.0
12,9,0.0,0.0,0.0,0.0,0.0,0.0,0.0,0.0,0.0,1.0,0.0
12,9,0.0,0.0,0.0,0.0,0.0,0.0,0.0,0.0,0.0,1.0,0.0
12,9,0.0,0.0,0.0,0.0,0.0,0.0,0.0,0.0,0.0,1.0,0.0
12,9,0.0,0.0,0.0,0.0,0.0,0.0,0.0,0.0,0.0,1.0,0.0
12,9,0.0,0.0,0.0,0.0,0.0,0.0,0.0,0.0,0.0,1.0,0.0
12,9,0.0,0.0,0.0,0.0,0.0,0.0,0.0,0.0,0.0,1.0,0.0
12,9,0.0,0.0,0.0,0.0,0.0,0.0,0.0,0.0,0.0,1.0,0.0
12,9,0.0,0.0,0.0,0.0,0.0,0.0,0.0,0.0,0.0,1.0,0.0
12,9,0.0,0.0,0.0,0.0,0.0,0.0,0.0,0.0,0.0,1.0,0.0
12,9,0.0,0.0,0.0,0.0,0.0,0.0,0.0,0.0,0.0,1.0,0.0
12,9,0.0,0.0,0.0,0.0,0.0,0.0,0.0,0.0,0.0,1.0,0.0
12,9,0.0,0.0,0.0,0.0,0.0,0.0,0.0,0.0,0.0,1.0,0.0
12,9,0.0,0.0,0.0,0.0,0.0,0.0,0.0,0.0,0.0,1.0,0.0
12,9,0.0,0.0,0.0,0.0,0.0,0.0,0.0,0.0,0.0,1.0,0.0
12,9,0.0,0.0,0.0,0.0,0.0,0.0,0.0,0.0,0.0,1.0,0.0
12,9,0.0,0.0,0.0,0.0,0.0,0.0,0.0,0.0,0.0,1.0,0.0
12,9,0.0,0.0,0.0,0.0,0.0,0.0,0.0,0.0,0.0,1.0,0.0
12,9,0.0,0.0,0.0,0.0,0.0,0.0,0.0,0.0,0.0,1.0,0.0
12,9,0.0,0.0,0.0,0.0,0.0,0.0,0.0,0.0,0.0,1.0,0.0
12,9,0.0,0.0,0.0,0.0,0.0,0.0,0.0,0.0,0.0,1.0,0.0
12,9,0.0,0.0,0.0,0.0,0.0,0.0,0.0,0.0,0.0,1.0,0.0
12,9,0.0,0.0,0.0,0.0,0.0,0.0,0.0,0.0,0.0,1.0,0.0
12,9,0.0,0.0,0.0,0.0,0.0,0.0,0.0,0.0,0.0,1.0,0.0
12,9,0.0,0.0,0.0,0.0,0.0,0.0,0.0,0.0,0.0,1.0,0.0
12,9,0.0,0.0,0.0,0.0,0.0,0.0,0.0,0.0,0.0,1.0,0.0
12,9,0.0,0.0,0.0,0.0,0.0,0.0,0.0,0.0,0.0,1.0,0.0
12,9,0.0,0.0,0.0,0.0,0.0,0.0,0.0,0.0,0.0,1.0,0.0
12,9,0.0,0.0,0.0,0.0,0.0,0.0,0.0,0.0,0.0,1.0,0.0
12,9,0.0,0.0,0.0,0.0,0.0,0.0,0.0,0.0,0.0,1.0,0.0
12,9,0.0,0.0,0.0,0.0,0.0,0.0,0.0,0.0,0.0,1.0,0.0
12,9,0.0,0.0,0.0,0.0,0.0,0.0,0.0,0.0,0.0,1.0,0.0
12,9,0.0,0.0,0.0,0.0,0.0,0.0,0.0,0.0,0.0,1.0,0.0
12,9,0.0,0.0,0.0,0.0,0.0,0.0,0.0,0.0,0.0,1.0,0.0
12,9,0.0,0.0,0.0,0.0,0.0,0.0,0.0,0.0,0.0,1.0,0.0
12,9,0.0,0.0,0.0,0.0,0.0,0.0,0.0,0.0,0.0,1.0,0.0
12,9,0.0,0.0,0.0,0.0,0.0,0.0,0.0,0.0,0.0,1.0,0.0
12,9,0.0,0.0,0.0,0.0,0.0,0.0,0.0,0.0,0.0,1.0,0.0
12,9,0.0,0.0,0.0,0.0,0.0,0.0,0.0,0.0,0.0,1.0,0.0
12,9,0.0,0.0,0.0,0.0,0.0,0.0,0.0,0.0,0.0,1.0,0.0
12,9,0.0,0.0,0.0,0.0,0.0,0.0,0.0,0.0,0.0,1.0,0.0
12,9,0.0,0.0,0.0,0.0,0.0,0.0,0.0,0.0,0.0,1.0,0.0
12,9,0.0,0.0,0.0,0.0,0.0,0.0,0.0,0.0,0.0,1.0,0.0
12,9,0.0,0.0,0.0,0.0,0.0,0.0,0.0,0.0,0.0,1.0,0.0
12,9,0.0,0.0,0.0,0.0,0.0,0.0,0.0,0.0,0.0,1.0,0.0
12,9,0.0,0.0,0.0,0.0,0.0,0.0,0.0,0.0,0.0,1.0,0.0
12,9,0.0,0.0,0.0,0.0,0.0,0.0,0.0,0.0,0.0,1.0,0.0
12,9,0.0,0.0,0.0,0.0,0.0,0.0,0.0,0.0,0.0,1.0,0.0
12,9,0.0,0.0,0.0,0.0,0.0,0.0,0.0,0.0,0.0,1.0,0.0
12,9,0.0,0.0,0.0,0.0,0.0,0.0,0.0,0.0,0.0,1.0,0.0
12,9,0.0,0.0,0.0,0.0,0.0,0.0,0.0,0.0,0.0,1.0,0.0
12,9,0.0,0.0,0.0,0.0,0.0,0.0,0.0,0.0,0.0,1.0,0.0
12,9,0.0,0.0,0.0,0.0,0.0,0.0,0.0,0.0,0.0,1.0,0.0
12,9,0.0,0.0,0.0,0.0,0.0,0.0,0.0,0.0,0.0,1.0,0.0
12,9,0.0,0.0,0.0,0.0,0.0,0.0,0.0,0.0,0.0,1.0,0.0
12,9,0.0,0.0,0.0,0.0,0.0,0.0,0.0,0.0,0.0,1.0,0.0
12,9,0.0,0.0,0.0,0.0,0.0,0.0,0.0,0.0,0.0,1.0,0.0
12,9,0.0,0.0,0.0,0.0,0.0,0.0,0.0,0.0,0.0,1.0,0.0
12,9,0.0,0.0,0.0,0.0,0.0,0.0,0.0,0.0,0.0,1.0,0.0
12,9,0.0,0.0,0.0,0.0,0.0,0.0,0.0,0.0,0.0,1.0,0.0
12,9,0.0,0.0,0.0,0.0,0.0,0.0,0.0,0.0,0.0,1.0,0.0
12,9,0.0,0.0,0.0,0.0,0.0,0.0,0.0,0.0,0.0,1.0,0.0
12,9,0.0,0.0,0.0,0.0,0.0,0.0,0.0,0.0,0.0,1.0,0.0
12,9,0.0,0.0,0.0,0.0,0.0,0.0,0.0,0.0,0.0,1.0,0.0
12,9,0.0,0.0,0.0,0.0,0.0,0.0,0.0,0.0,0.0,1.0,0.0
12,9,0.0,0.0,0.0,0.0,0.0,0.0,0.0,0.0,0.0,1.0,0.0
12,9,0.0,0.0,0.0,0.0,0.0,0.0,0.0,0.0,0.0,1.0,0.0
12,9,0.0,0.0,0.0,0.0,0.0,0.0,0.0,0.0,0.0,1.0,0.0
12,9,0.0,0.0,0.0,0.0,0.0,0.0,0.0,0.0,0.0,1.0,0.0
12,9,0.0,0.0,0.0,0.0,0.0,0.0,0.0,0.0,0.0,1.0,0.0
12,9,0.0,0.0,0.0,0.0,0.0,0.0,0.0,0.0,0.0,1.0,0.0
12,9,0.0,0.0,0.0,0.0,0.0,0.0,0.0,0.0,0.0,1.0,0.0
12,9,0.0,0.0,0.0,0.0,0.0,0.0,0.0,0.0,0.0,1.0,0.0
12,9,0.0,0.0,0.0,0.0,0.0,0.0,0.0,0.0,0.0,1.0,0.0
12,9,0.0,0.0,0.0,0.0,0.0,0.0,0.0,0.0,0.0,1.0,0.0
12,9,0.0,0.0,0.0,0.0,0.0,0.0,0.0,0.0,0.0,1.0,0.0
12,9,0.0,0.0,0.0,0.0,0.0,0.0,0.0,0.0,0.0,1.0,0.0
12,9,0.0,0.0,0.0,0.0,0.0,0.0,0.0,0.0,0.0,1.0,0.0
12,9,0.0,0.0,0.0,0.0,0.0,0.0,0.0,0.0,0.0,1.0,0.0
12,9,0.0,0.0,0.0,0.0,0.0,0.0,0.0,0.0,0.0,1.0,0.0
12,9,0.0,0.0,0.0,0.0,0.0,0.0,0.0,0.0,0.0,1.0,0.0
12,9,0.0,0.0,0.0,0.0,0.0,0.0,0.0,0.0,0.0,1.0,0.0
12,9,0.0,0.0,0.0,0.0,0.0,0.0,0.0,0.0,0.0,1.0,0.0
12,9,0.0,0.0,0.0,0.0,0.0,0.0,0.0,0.0,0.0,1.0,0.0
12,9,0.0,0.0,0.0,0.0,0.0,0.0,0.0,0.0,0.0,1.0,0.0
12,9,0.0,0.0,0.0,0.0,0.0,0.0,0.0,0.0,0.0,1.0,0.0
12,9,0.0,0.0,0.0,0.0,0.0,0.0,0.0,0.0,0.0,1.0,0.0
12,9,0.0,0.0,0.0,0.0,0.0,0.0,0.0,0.0,0.0,1.0,0.0
12,9,0.0,0.0,0.0,0.0,0.0,0.0,0.0,0.0,0.0,1.0,0.0
12,9,0.0,0.0,0.0,0.0,0.0,0.0,0.0,0.0,0.0,1.0,0.0
12,9,0.0,0.0,0.0,0.0,0.0,0.0,0.0,0.0,0.0,1.0,0.0
12,9,0.0,0.0,0.0,0.0,0.0,0.0,0.0,0.0,0.0,1.0,0.0
12,9,0.0,0.0,0.0,0.0,0.0,0.0,0.0,0.0,0.0,1.0,0.0
12,9,0.0,0.0,0.0,0.0,0.0,0.0,0.0,0.0,0.0,1.0,0.0
12,9,0.0,0.0,0.0,0.0,0.0,0.0,0.0,0.0,0.0,1.0,0.0
12,9,0.0,0.0,0.0,0.0,0.0,0.0,0.0,0.0,0.0,1.0,0.0
12,9,0.0,0.0,0.0,0.0,0.0,0.0,0.0,0.0,0.0,1.0,0.0
12,9,0.0,0.0,0.0,0.0,0.0,0.0,0.0,0.0,0.0,1.0,0.0
12,9,0.0,0.0,0.0,0.0,0.0,0.0,0.0,0.0,0.0,1.0,0.0
12,9,0.0,0.0,0.0,0.0,0.0,0.0,0.0,0.0,0.0,1.0,0.0
12,9,0.0,0.0,0.0,0.0,0.0,0.0,0.0,0.0,0.0,1.0,0.0
12,9,0.0,0.0,0.0,0.0,0.0,0.0,0.0,0.0,0.0,1.0,0.0
12,9,0.0,0.0,0.0,0.0,0.0,0.0,0.0,0.0,0.0,1.0,0.0
12,9,0.0,0.0,0.0,0.0,0.0,0.0,0.0,0.0,0.0,1.0,0.0
12,9,0.0,0.0,0.0,0.0,0.0,0.0,0.0,0.0,0.0,1.0,0.0
12,9,0.0,0.0,0.0,0.0,0.0,0.0,0.0,0.0,0.0,1.0,0.0
12,9,0.0,0.0,0.0,0.0,0.0,0.0,0.0,0.0,0.0,1.0,0.0
12,9,0.0,0.0,0.0,0.0,0.0,0.0,0.0,0.0,0.0,1.0,0.0
12,9,0.0,0.0,0.0,0.0,0.0,0.0,0.0,0.0,0.0,1.0,0.0
12,9,0.0,0.0,0.0,0.0,0.0,0.0,0.0,0.0,0.0,1.0,0.0
12,9,0.0,0.0,0.0,0.0,0.0,0.0,0.0,0.0,0.0,1.0,0.0
12,9,0.0,0.0,0.0,0.0,0.0,0.0,0.0,0.0,0.0,1.0,0.0
12,9,0.0,0.0,0.0,0.0,0.0,0.0,0.0,0.0,0.0,1.0,0.0
12,9,0.0,0.0,0.0,0.0,0.0,0.0,0.0,0.0,0.0,1.0,0.0
12,9,0.0,0.0,0.0,0.0,0.0,0.0,0.0,0.0,0.0,1.0,0.0
12,9,0.0,0.0,0.0,0.0,0.0,0.0,0.0,0.0,0.0,1.0,0.0
12,9,0.0,0.0,0.0,0.0,0.0,0.0,0.0,0.0,0.0,1.0,0.0
12,9,0.0,0.0,0.0,0.0,0.0,0.0,0.0,0.0,0.0,1.0,0.0
12,9,0.0,0.0,0.0,0.0,0.0,0.0,0.0,0.0,0.0,1.0,0.0
12,9,0.0,0.0,0.0,0.0,0.0,0.0,0.0,0.0,0.0,1.0,0.0
12,9,0.0,0.0,0.0,0.0,0.0,0.0,0.0,0.0,0.0,1.0,0.0
12,9,0.0,0.0,0.0,0.0,0.0,0.0,0.0,0.0,0.0,1.0,0.0
12,9,0.0,0.0,0.0,0.0,0.0,0.0,0.0,0.0,0.0,1.0,0.0
12,9,0.0,0.0,0.0,0.0,0.0,0.0,0.0,0.0,0.0,1.0,0.0
12,9,0.0,0.0,0.0,0.0,0.0,0.0,0.0,0.0,0.0,1.0,0.0
12,9,0.0,0.0,0.0,0.0,0.0,0.0,0.0,0.0,0.0,1.0,0.0
12,9,0.0,0.0,0.0,0.0,0.0,0.0,0.0,0.0,0.0,1.0,0.0
12,9,0.0,0.0,0.0,0.0,0.0,0.0,0.0,0.0,0.0,1.0,0.0
12,9,0.0,0.0,0.0,0.0,0.0,0.0,0.0,0.0,0.0,1.0,0.0
12,9,0.0,0.0,0.0,0.0,0.0,0.0,0.0,0.0,0.0,1.0,0.0
12,9,0.0,0.0,0.0,0.0,0.0,0.0,0.0,0.0,0.0,1.0,0.0
12,9,0.0,0.0,0.0,0.0,0.0,0.0,0.0,0.0,0.0,1.0,0.0
12,9,0.0,0.0,0.0,0.0,0.0,0.0,0.0,0.0,0.0,1.0,0.0
12,9,0.0,0.0,0.0,0.0,0.0,0.0,0.0,0.0,0.0,1.0,0.0
12,9,0.0,0.0,0.0,0.0,0.0,0.0,0.0,0.0,0.0,1.0,0.0
12,9,0.0,0.0,0.0,0.0,0.0,0.0,0.0,0.0,0.0,1.0,0.0
12,9,0.0,0.0,0.0,0.0,0.0,0.0,0.0,0.0,0.0,1.0,0.0
12,9,0.0,0.0,0.0,0.0,0.0,0.0,0.0,0.0,0.0,1.0,0.0
12,9,0.0,0.0,0.0,0.0,0.0,0.0,0.0,0.0,0.0,1.0,0.0
12,9,0.0,0.0,0.0,0.0,0.0,0.0,0.0,0.0,0.0,1.0,0.0
12,9,0.0,0.0,0.0,0.0,0.0,0.0,0.0,0.0,0.0,1.0,0.0
12,9,0.0,0.0,0.0,0.0,0.0,0.0,0.0,0.0,0.0,1.0,0.0
12,9,0.0,0.0,0.0,0.0,0.0,0.0,0.0,0.0,0.0,1.0,0.0
12,9,0.0,0.0,0.0,0.0,0.0,0.0,0.0,0.0,0.0,1.0,0.0
12,9,0.0,0.0,0.0,0.0,0.0,0.0,0.0,0.0,0.0,1.0,0.0
12,9,0.0,0.0,0.0,0.0,0.0,0.0,0.0,0.0,0.0,1.0,0.0
12,9,0.0,0.0,0.0,0.0,0.0,0.0,0.0,0.0,0.0,1.0,0.0
12,9,0.0,0.0,0.0,0.0,0.0,0.0,0.0,0.0,0.0,1.0,0.0
12,9,0.0,0.0,0.0,0.0,0.0,0.0,0.0,0.0,0.0,1.0,0.0
12,9,0.0,0.0,0.0,0.0,0.0,0.0,0.0,0.0,0.0,1.0,0.0
12,9,0.0,0.0,0.0,0.0,0.0,0.0,0.0,0.0,0.0,1.0,0.0
12,9,0.0,0.0,0.0,0.0,0.0,0.0,0.0,0.0,0.0,1.0,0.0
12,9,0.0,0.0,0.0,0.0,0.0,0.0,0.0,0.0,0.0,1.0,0.0
12,9,0.0,0.0,0.0,0.0,0.0,0.0,0.0,0.0,0.0,1.0,0.0
12,9,0.0,0.0,0.0,0.0,0.0,0.0,0.0,0.0,0.0,1.0,0.0
12,9,0.0,0.0,0.0,0.0,0.0,0.0,0.0,0.0,0.0,1.0,0.0
12,9,0.0,0.0,0.0,0.0,0.0,0.0,0.0,0.0,0.0,1.0,0.0
12,9,0.0,0.0,0.0,0.0,0.0,0.0,0.0,0.0,0.0,1.0,0.0
12,9,0.0,0.0,0.0,0.0,0.0,0.0,0.0,0.0,0.0,1.0,0.0
12,9,0.0,0.0,0.0,0.0,0.0,0.0,0.0,0.0,0.0,1.0,0.0
12,9,0.0,0.0,0.0,0.0,0.0,0.0,0.0,0.0,0.0,1.0,0.0
12,9,0.0,0.0,0.0,0.0,0.0,0.0,0.0,0.0,0.0,1.0,0.0
12,9,0.0,0.0,0.0,0.0,0.0,0.0,0.0,0.0,0.0,1.0,0.0
12,9,0.0,0.0,0.0,0.0,0.0,0.0,0.0,0.0,0.0,1.0,0.0
12,9,0.0,0.0,0.0,0.0,0.0,0.0,0.0,0.0,0.0,1.0,0.0
12,9,0.0,0.0,0.0,0.0,0.0,0.0,0.0,0.0,0.0,1.0,0.0
12,9,0.0,0.0,0.0,0.0,0.0,0.0,0.0,0.0,0.0,1.0,0.0
12,9,0.0,0.0,0.0,0.0,0.0,0.0,0.0,0.0,0.0,1.0,0.0
12,9,0.0,0.0,0.0,0.0,0.0,0.0,0.0,0.0,0.0,1.0,0.0
12,9,0.0,0.0,0.0,0.0,0.0,0.0,0.0,0.0,0.0,1.0,0.0
12,9,0.0,0.0,0.0,0.0,0.0,0.0,0.0,0.0,0.0,1.0,0.0
12,9,0.0,0.0,0.0,0.0,0.0,0.0,0.0,0.0,0.0,1.0,0.0
12,9,0.0,0.0,0.0,0.0,0.0,0.0,0.0,0.0,0.0,1.0,0.0
12,9,0.0,0.0,0.0,0.0,0.0,0.0,0.0,0.0,0.0,1.0,0.0
12,9,0.0,0.0,0.0,0.0,0.0,0.0,0.0,0.0,0.0,1.0,0.0
12,9,0.0,0.0,0.0,0.0,0.0,0.0,0.0,0.0,0.0,1.0,0.0
12,9,0.0,0.0,0.0,0.0,0.0,0.0,0.0,0.0,0.0,1.0,0.0
12,9,0.0,0.0,0.0,0.0,0.0,0.0,0.0,0.0,0.0,1.0,0.0
12,9,0.0,0.0,0.0,0.0,0.0,0.0,0.0,0.0,0.0,1.0,0.0
12,9,0.0,0.0,0.0,0.0,0.0,0.0,0.0,0.0,0.0,1.0,0.0
12,9,0.0,0.0,0.0,0.0,0.0,0.0,0.0,0.0,0.0,1.0,0.0
12,9,0.0,0.0,0.0,0.0,0.0,0.0,0.0,0.0,0.0,1.0,0.0
12,9,0.0,0.0,0.0,0.0,0.0,0.0,0.0,0.0,0.0,1.0,0.0
12,9,0.0,0.0,0.0,0.0,0.0,0.0,0.0,0.0,0.0,1.0,0.0
12,9,0.0,0.0,0.0,0.0,0.0,0.0,0.0,0.0,0.0,1.0,0.0
12,9,0.0,0.0,0.0,0.0,0.0,0.0,0.0,0.0,0.0,1.0,0.0
12,9,0.0,0.0,0.0,0.0,0.0,0.0,0.0,0.0,0.0,1.0,0.0
12,9,0.0,0.0,0.0,0.0,0.0,0.0,0.0,0.0,0.0,1.0,0.0
12,9,0.0,0.0,0.0,0.0,0.0,0.0,0.0,0.0,0.0,1.0,0.0
12,9,0.0,0.0,0.0,0.0,0.0,0.0,0.0,0.0,0.0,1.0,0.0
12,9,0.0,0.0,0.0,0.0,0.0,0.0,0.0,0.0,0.0,1.0,0.0
12,9,0.0,0.0,0.0,0.0,0.0,0.0,0.0,0.0,0.0,1.0,0.0
12,9,0.0,0.0,0.0,0.0,0.0,0.0,0.0,0.0,0.0,1.0,0.0
12,9,0.0,0.0,0.0,0.0,0.0,0.0,0.0,0.0,0.0,1.0,0.0
12,9,0.0,0.0,0.0,0.0,0.0,0.0,0.0,0.0,0.0,1.0,0.0
12,9,0.0,0.0,0.0,0.0,0.0,0.0,0.0,0.0,0.0,1.0,0.0
12,9,0.0,0.0,0.0,0.0,0.0,0.0,0.0,0.0,0.0,1.0,0.0
12,9,0.0,0.0,0.0,0.0,0.0,0.0,0.0,0.0,0.0,1.0,0.0
12,9,0.0,0.0,0.0,0.0,0.0,0.0,0.0,0.0,0.0,1.0,0.0
12,9,0.0,0.0,0.0,0.0,0.0,0.0,0.0,0.0,0.0,1.0,0.0
12,9,0.0,0.0,0.0,0.0,0.0,0.0,0.0,0.0,0.0,1.0,0.0
12,9,0.0,0.0,0.0,0.0,0.0,0.0,0.0,0.0,0.0,1.0,0.0
12,9,0.0,0.0,0.0,0.0,0.0,0.0,0.0,0.0,0.0,1.0,0.0
12,9,0.0,0.0,0.0,0.0,0.0,0.0,0.0,0.0,0.0,1.0,0.0
12,9,0.0,0.0,0.0,0.0,0.0,0.0,0.0,0.0,0.0,1.0,0.0
12,9,0.0,0.0,0.0,0.0,0.0,0.0,0.0,0.0,0.0,1.0,0.0
12,9,0.0,0.0,0.0,0.0,0.0,0.0,0.0,0.0,0.0,1.0,0.0
12,9,0.0,0.0,0.0,0.0,0.0,0.0,0.0,0.0,0.0,1.0,0.0
12,9,0.0,0.0,0.0,0.0,0.0,0.0,0.0,0.0,0.0,1.0,0.0
12,9,0.0,0.0,0.0,0.0,0.0,0.0,0.0,0.0,0.0,1.0,0.0
12,9,0.0,0.0,0.0,0.0,0.0,0.0,0.0,0.0,0.0,1.0,0.0
12,9,0.0,0.0,0.0,0.0,0.0,0.0,0.0,0.0,0.0,1.0,0.0
12,9,0.0,0.0,0.0,0.0,0.0,0.0,0.0,0.0,0.0,1.0,0.0
12,9,0.0,0.0,0.0,0.0,0.0,0.0,0.0,0.0,0.0,1.0,0.0
12,9,0.0,0.0,0.0,0.0,0.0,0.0,0.0,0.0,0.0,1.0,0.0
12,9,0.0,0.0,0.0,0.0,0.0,0.0,0.0,0.0,0.0,1.0,0.0
12,9,0.0,0.0,0.0,0.0,0.0,0.0,0.0,0.0,0.0,1.0,0.0
12,9,0.0,0.0,0.0,0.0,0.0,0.0,0.0,0.0,0.0,1.0,0.0
12,9,0.0,0.0,0.0,0.0,0.0,0.0,0.0,0.0,0.0,1.0,0.0
12,9,0.0,0.0,0.0,0.0,0.0,0.0,0.0,0.0,0.0,1.0,0.0
12,9,0.0,0.0,0.0,0.0,0.0,0.0,0.0,0.0,0.0,1.0,0.0
12,9,0.0,0.0,0.0,0.0,0.0,0.0,0.0,0.0,0.0,1.0,0.0
12,9,0.0,0.0,0.0,0.0,0.0,0.0,0.0,0.0,0.0,1.0,0.0
12,9,0.0,0.0,0.0,0.0,0.0,0.0,0.0,0.0,0.0,1.0,0.0
12,9,0.0,0.0,0.0,0.0,0.0,0.0,0.0,0.0,0.0,1.0,0.0
12,9,0.0,0.0,0.0,0.0,0.0,0.0,0.0,0.0,0.0,1.0,0.0
12,9,0.0,0.0,0.0,0.0,0.0,0.0,0.0,0.0,0.0,1.0,0.0
12,9,0.0,0.0,0.0,0.0,0.0,0.0,0.0,0.0,0.0,1.0,0.0
12,9,0.0,0.0,0.0,0.0,0.0,0.0,0.0,0.0,0.0,1.0,0.0
12,9,0.0,0.0,0.0,0.0,0.0,0.0,0.0,0.0,0.0,1.0,0.0
12,9,0.0,0.0,0.0,0.0,0.0,0.0,0.0,0.0,0.0,1.0,0.0
12,9,0.0,0.0,0.0,0.0,0.0,0.0,0.0,0.0,0.0,1.0,0.0
12,9,0.0,0.0,0.0,0.0,0.0,0.0,0.0,0.0,0.0,1.0,0.0
12,9,0.0,0.0,0.0,0.0,0.0,0.0,0.0,0.0,0.0,1.0,0.0
12,9,0.0,0.0,0.0,0.0,0.0,0.0,0.0,0.0,0.0,1.0,0.0
12,9,0.0,0.0,0.0,0.0,0.0,0.0,0.0,0.0,0.0,1.0,0.0
12,9,0.0,0.0,0.0,0.0,0.0,0.0,0.0,0.0,0.0,1.0,0.0
12,9,0.0,0.0,0.0,0.0,0.0,0.0,0.0,0.0,0.0,1.0,0.0
12,9,0.0,0.0,0.0,0.0,0.0,0.0,0.0,0.0,0.0,1.0,0.0
12,9,0.0,0.0,0.0,0.0,0.0,0.0,0.0,0.0,0.0,1.0,0.0
12,9,0.0,0.0,0.0,0.0,0.0,0.0,0.0,0.0,0.0,1.0,0.0
12,9,0.0,0.0,0.0,0.0,0.0,0.0,0.0,0.0,0.0,1.0,0.0
12,9,0.0,0.0,0.0,0.0,0.0,0.0,0.0,0.0,0.0,1.0,0.0
12,9,0.0,0.0,0.0,0.0,0.0,0.0,0.0,0.0,0.0,1.0,0.0
12,9,0.0,0.0,0.0,0.0,0.0,0.0,0.0,0.0,0.0,1.0,0.0
12,9,0.0,0.0,0.0,0.0,0.0,0.0,0.0,0.0,0.0,1.0,0.0
12,9,0.0,0.0,0.0,0.0,0.0,0.0,0.0,0.0,0.0,1.0,0.0
12,9,0.0,0.0,0.0,0.0,0.0,0.0,0.0,0.0,0.0,1.0,0.0
12,9,0.0,0.0,0.0,0.0,0.0,0.0,0.0,0.0,0.0,1.0,0.0
12,9,0.0,0.0,0.0,0.0,0.0,0.0,0.0,0.0,0.0,1.0,0.0
12,9,0.0,0.0,0.0,0.0,0.0,0.0,0.0,0.0,0.0,1.0,0.0
12,9,0.0,0.0,0.0,0.0,0.0,0.0,0.0,0.0,0.0,1.0,0.0
12,9,0.0,0.0,0.0,0.0,0.0,0.0,0.0,0.0,0.0,1.0,0.0
12,9,0.0,0.0,0.0,0.0,0.0,0.0,0.0,0.0,0.0,1.0,0.0
12,9,0.0,0.0,0.0,0.0,0.0,0.0,0.0,0.0,0.0,1.0,0.0
12,9,0.0,0.0,0.0,0.0,0.0,0.0,0.0,0.0,0.0,1.0,0.0
12,9,0.0,0.0,0.0,0.0,0.0,0.0,0.0,0.0,0.0,1.0,0.0
12,9,0.0,0.0,0.0,0.0,0.0,0.0,0.0,0.0,0.0,1.0,0.0
12,9,0.0,0.0,0.0,0.0,0.0,0.0,0.0,0.0,0.0,1.0,0.0
12,9,0.0,0.0,0.0,0.0,0.0,0.0,0.0,0.0,0.0,1.0,0.0
12,9,0.0,0.0,0.0,0.0,0.0,0.0,0.0,0.0,0.0,1.0,0.0
12,9,0.0,0.0,0.0,0.0,0.0,0.0,0.0,0.0,0.0,1.0,0.0
12,9,0.0,0.0,0.0,0.0,0.0,0.0,0.0,0.0,0.0,1.0,0.0
12,9,0.0,0.0,0.0,0.0,0.0,0.0,0.0,0.0,0.0,1.0,0.0
12,9,0.0,0.0,0.0,0.0,0.0,0.0,0.0,0.0,0.0,1.0,0.0
12,9,0.0,0.0,0.0,0.0,0.0,0.0,0.0,0.0,0.0,1.0,0.0
12,9,0.0,0.0,0.0,0.0,0.0,0.0,0.0,0.0,0.0,1.0,0.0
12,9,0.0,0.0,0.0,0.0,0.0,0.0,0.0,0.0,0.0,1.0,0.0
12,9,0.0,0.0,0.0,0.0,0.0,0.0,0.0,0.0,0.0,1.0,0.0
12,9,0.0,0.0,0.0,0.0,0.0,0.0,0.0,0.0,0.0,1.0,0.0
12,9,0.0,0.0,0.0,0.0,0.0,0.0,0.0,0.0,0.0,1.0,0.0
12,9,0.0,0.0,0.0,0.0,0.0,0.0,0.0,0.0,0.0,1.0,0.0
12,9,0.0,0.0,0.0,0.0,0.0,0.0,0.0,0.0,0.0,1.0,0.0
12,9,0.0,0.0,0.0,0.0,0.0,0.0,0.0,0.0,0.0,1.0,0.0
12,9,0.0,0.0,0.0,0.0,0.0,0.0,0.0,0.0,0.0,1.0,0.0
12,9,0.0,0.0,0.0,0.0,0.0,0.0,0.0,0.0,0.0,1.0,0.0
12,9,0.0,0.0,0.0,0.0,0.0,0.0,0.0,0.0,0.0,1.0,0.0
12,9,0.0,0.0,0.0,0.0,0.0,0.0,0.0,0.0,0.0,1.0,0.0
12,9,0.0,0.0,0.0,0.0,0.0,0.0,0.0,0.0,0.0,1.0,0.0
12,9,0.0,0.0,0.0,0.0,0.0,0.0,0.0,0.0,0.0,1.0,0.0
12,9,0.0,0.0,0.0,0.0,0.0,0.0,0.0,0.0,0.0,1.0,0.0
12,9,0.0,0.0,0.0,0.0,0.0,0.0,0.0,0.0,0.0,1.0,0.0
12,9,0.0,0.0,0.0,0.0,0.0,0.0,0.0,0.0,0.0,1.0,0.0
12,9,0.0,0.0,0.0,0.0,0.0,0.0,0.0,0.0,0.0,1.0,0.0
12,9,0.0,0.0,0.0,0.0,0.0,0.0,0.0,0.0,0.0,1.0,0.0
12,9,0.0,0.0,0.0,0.0,0.0,0.0,0.0,0.0,0.0,1.0,0.0
12,9,0.0,0.0,0.0,0.0,0.0,0.0,0.0,0.0,0.0,1.0,0.0
12,9,0.0,0.0,0.0,0.0,0.0,0.0,0.0,0.0,0.0,1.0,0.0
12,9,0.0,0.0,0.0,0.0,0.0,0.0,0.0,0.0,0.0,1.0,0.0
12,9,0.0,0.0,0.0,0.0,0.0,0.0,0.0,0.0,0.0,1.0,0.0
12,9,0.0,0.0,0.0,0.0,0.0,0.0,0.0,0.0,0.0,1.0,0.0
12,9,0.0,0.0,0.0,0.0,0.0,0.0,0.0,0.0,0.0,1.0,0.0
12,9,0.0,0.0,0.0,0.0,0.0,0.0,0.0,0.0,0.0,1.0,0.0
12,9,0.0,0.0,0.0,0.0,0.0,0.0,0.0,0.0,0.0,1.0,0.0
12,9,0.0,0.0,0.0,0.0,0.0,0.0,0.0,0.0,0.0,1.0,0.0
12,9,0.0,0.0,0.0,0.0,0.0,0.0,0.0,0.0,0.0,1.0,0.0
12,9,0.0,0.0,0.0,0.0,0.0,0.0,0.0,0.0,0.0,1.0,0.0
12,9,0.0,0.0,0.0,0.0,0.0,0.0,0.0,0.0,0.0,1.0,0.0
12,9,0.0,0.0,0.0,0.0,0.0,0.0,0.0,0.0,0.0,1.0,0.0
12,9,0.0,0.0,0.0,0.0,0.0,0.0,0.0,0.0,0.0,1.0,0.0
12,9,0.0,0.0,0.0,0.0,0.0,0.0,0.0,0.0,0.0,1.0,0.0
12,9,0.0,0.0,0.0,0.0,0.0,0.0,0.0,0.0,0.0,1.0,0.0
12,9,0.0,0.0,0.0,0.0,0.0,0.0,0.0,0.0,0.0,1.0,0.0
12,9,0.0,0.0,0.0,0.0,0.0,0.0,0.0,0.0,0.0,1.0,0.0
12,9,0.0,0.0,0.0,0.0,0.0,0.0,0.0,0.0,0.0,1.0,0.0
12,9,0.0,0.0,0.0,0.0,0.0,0.0,0.0,0.0,0.0,1.0,0.0
12,9,0.0,0.0,0.0,0.0,0.0,0.0,0.0,0.0,0.0,1.0,0.0
12,9,0.0,0.0,0.0,0.0,0.0,0.0,0.0,0.0,0.0,1.0,0.0
12,9,0.0,0.0,0.0,0.0,0.0,0.0,0.0,0.0,0.0,1.0,0.0
12,9,0.0,0.0,0.0,0.0,0.0,0.0,0.0,0.0,0.0,1.0,0.0
12,9,0.0,0.0,0.0,0.0,0.0,0.0,0.0,0.0,0.0,1.0,0.0
12,9,0.0,0.0,0.0,0.0,0.0,0.0,0.0,0.0,0.0,1.0,0.0
12,9,0.0,0.0,0.0,0.0,0.0,0.0,0.0,0.0,0.0,1.0,0.0
12,9,0.0,0.0,0.0,0.0,0.0,0.0,0.0,0.0,0.0,1.0,0.0
12,9,0.0,0.0,0.0,0.0,0.0,0.0,0.0,0.0,0.0,1.0,0.0
12,9,0.0,0.0,0.0,0.0,0.0,0.0,0.0,0.0,0.0,1.0,0.0
12,9,0.0,0.0,0.0,0.0,0.0,0.0,0.0,0.0,0.0,1.0,0.0
12,9,0.0,0.0,0.0,0.0,0.0,0.0,0.0,0.0,0.0,1.0,0.0
12,9,0.0,0.0,0.0,0.0,0.0,0.0,0.0,0.0,0.0,1.0,0.0
12,9,0.0,0.0,0.0,0.0,0.0,0.0,0.0,0.0,0.0,1.0,0.0
12,9,0.0,0.0,0.0,0.0,0.0,0.0,0.0,0.0,0.0,1.0,0.0
12,9,0.0,0.0,0.0,0.0,0.0,0.0,0.0,0.0,0.0,1.0,0.0
12,9,0.0,0.0,0.0,0.0,0.0,0.0,0.0,0.0,0.0,1.0,0.0
12,9,0.0,0.0,0.0,0.0,0.0,0.0,0.0,0.0,0.0,1.0,0.0
12,9,0.0,0.0,0.0,0.0,0.0,0.0,0.0,0.0,0.0,1.0,0.0
12,9,0.0,0.0,0.0,0.0,0.0,0.0,0.0,0.0,0.0,1.0,0.0
12,9,0.0,0.0,0.0,0.0,0.0,0.0,0.0,0.0,0.0,1.0,0.0
12,9,0.0,0.0,0.0,0.0,0.0,0.0,0.0,0.0,0.0,1.0,0.0
12,9,0.0,0.0,0.0,0.0,0.0,0.0,0.0,0.0,0.0,1.0,0.0
12,9,0.0,0.0,0.0,0.0,0.0,0.0,0.0,0.0,0.0,1.0,0.0
12,9,0.0,0.0,0.0,0.0,0.0,0.0,0.0,0.0,0.0,1.0,0.0
12,9,0.0,0.0,0.0,0.0,0.0,0.0,0.0,0.0,0.0,1.0,0.0
12,9,0.0,0.0,0.0,0.0,0.0,0.0,0.0,0.0,0.0,1.0,0.0
12,9,0.0,0.0,0.0,0.0,0.0,0.0,0.0,0.0,0.0,1.0,0.0
12,9,0.0,0.0,0.0,0.0,0.0,0.0,0.0,0.0,0.0,1.0,0.0
12,9,0.0,0.0,0.0,0.0,0.0,0.0,0.0,0.0,0.0,1.0,0.0
12,9,0.0,0.0,0.0,0.0,0.0,0.0,0.0,0.0,0.0,1.0,0.0
12,9,0.0,0.0,0.0,0.0,0.0,0.0,0.0,0.0,0.0,1.0,0.0
12,9,0.0,0.0,0.0,0.0,0.0,0.0,0.0,0.0,0.0,1.0,0.0
12,9,0.0,0.0,0.0,0.0,0.0,0.0,0.0,0.0,0.0,1.0,0.0
12,9,0.0,0.0,0.0,0.0,0.0,0.0,0.0,0.0,0.0,1.0,0.0
12,9,0.0,0.0,0.0,0.0,0.0,0.0,0.0,0.0,0.0,1.0,0.0
12,9,0.0,0.0,0.0,0.0,0.0,0.0,0.0,0.0,0.0,1.0,0.0
12,9,0.0,0.0,0.0,0.0,0.0,0.0,0.0,0.0,0.0,1.0,0.0
12,9,0.0,0.0,0.0,0.0,0.0,0.0,0.0,0.0,0.0,1.0,0.0
12,9,0.0,0.0,0.0,0.0,0.0,0.0,0.0,0.0,0.0,1.0,0.0
12,9,0.0,0.0,0.0,0.0,0.0,0.0,0.0,0.0,0.0,1.0,0.0
12,9,0.0,0.0,0.0,0.0,0.0,0.0,0.0,0.0,0.0,1.0,0.0
12,9,0.0,0.0,0.0,0.0,0.0,0.0,0.0,0.0,0.0,1.0,0.0
12,9,0.0,0.0,0.0,0.0,0.0,0.0,0.0,0.0,0.0,1.0,0.0
12,9,0.0,0.0,0.0,0.0,0.0,0.0,0.0,0.0,0.0,1.0,0.0
12,9,0.0,0.0,0.0,0.0,0.0,0.0,0.0,0.0,0.0,1.0,0.0
12,9,0.0,0.0,0.0,0.0,0.0,0.0,0.0,0.0,0.0,1.0,0.0
12,9,0.0,0.0,0.0,0.0,0.0,0.0,0.0,0.0,0.0,1.0,0.0
12,9,0.0,0.0,0.0,0.0,0.0,0.0,0.0,0.0,0.0,1.0,0.0
12,9,0.0,0.0,0.0,0.0,0.0,0.0,0.0,0.0,0.0,1.0,0.0
12,9,0.0,0.0,0.0,0.0,0.0,0.0,0.0,0.0,0.0,1.0,0.0
12,9,0.0,0.0,0.0,0.0,0.0,0.0,0.0,0.0,0.0,1.0,0.0
12,9,0.0,0.0,0.0,0.0,0.0,0.0,0.0,0.0,0.0,1.0,0.0
12,9,0.0,0.0,0.0,0.0,0.0,0.0,0.0,0.0,0.0,1.0,0.0
12,9,0.0,0.0,0.0,0.0,0.0,0.0,0.0,0.0,0.0,1.0,0.0
12,9,0.0,0.0,0.0,0.0,0.0,0.0,0.0,0.0,0.0,1.0,0.0
12,9,0.0,0.0,0.0,0.0,0.0,0.0,0.0,0.0,0.0,1.0,0.0
12,9,0.0,0.0,0.0,0.0,0.0,0.0,0.0,0.0,0.0,1.0,0.0
12,9,0.0,0.0,0.0,0.0,0.0,0.0,0.0,0.0,0.0,1.0,0.0
12,9,0.0,0.0,0.0,0.0,0.0,0.0,0.0,0.0,0.0,1.0,0.0
12,9,0.0,0.0,0.0,0.0,0.0,0.0,0.0,0.0,0.0,1.0,0.0
12,9,0.0,0.0,0.0,0.0,0.0,0.0,0.0,0.0,0.0,1.0,0.0
12,9,0.0,0.0,0.0,0.0,0.0,0.0,0.0,0.0,0.0,1.0,0.0
12,9,0.0,0.0,0.0,0.0,0.0,0.0,0.0,0.0,0.0,1.0,0.0
12,9,0.0,0.0,0.0,0.0,0.0,0.0,0.0,0.0,0.0,1.0,0.0
12,9,0.0,0.0,0.0,0.0,0.0,0.0,0.0,0.0,0.0,1.0,0.0
12,9,0.0,0.0,0.0,0.0,0.0,0.0,0.0,0.0,0.0,1.0,0.0
12,9,0.0,0.0,0.0,0.0,0.0,0.0,0.0,0.0,0.0,1.0,0.0
12,9,0.0,0.0,0.0,0.0,0.0,0.0,0.0,0.0,0.0,1.0,0.0
12,9,0.0,0.0,0.0,0.0,0.0,0.0,0.0,0.0,0.0,1.0,0.0
12,9,0.0,0.0,0.0,0.0,0.0,0.0,0.0,0.0,0.0,1.0,0.0
12,9,0.0,0.0,0.0,0.0,0.0,0.0,0.0,0.0,0.0,1.0,0.0
12,9,0.0,0.0,0.0,0.0,0.0,0.0,0.0,0.0,0.0,1.0,0.0
12,9,0.0,0.0,0.0,0.0,0.0,0.0,0.0,0.0,0.0,1.0,0.0
12,9,0.0,0.0,0.0,0.0,0.0,0.0,0.0,0.0,0.0,1.0,0.0
12,9,0.0,0.0,0.0,0.0,0.0,0.0,0.0,0.0,0.0,1.0,0.0
12,9,0.0,0.0,0.0,0.0,0.0,0.0,0.0,0.0,0.0,1.0,0.0
12,9,0.0,0.0,0.0,0.0,0.0,0.0,0.0,0.0,0.0,1.0,0.0
12,9,0.0,0.0,0.0,0.0,0.0,0.0,0.0,0.0,0.0,1.0,0.0
12,9,0.0,0.0,0.0,0.0,0.0,0.0,0.0,0.0,0.0,1.0,0.0
12,9,0.0,0.0,0.0,0.0,0.0,0.0,0.0,0.0,0.0,1.0,0.0
12,9,0.0,0.0,0.0,0.0,0.0,0.0,0.0,0.0,0.0,1.0,0.0
12,9,0.0,0.0,0.0,0.0,0.0,0.0,0.0,0.0,0.0,1.0,0.0
12,9,0.0,0.0,0.0,0.0,0.0,0.0,0.0,0.0,0.0,1.0,0.0
12,9,0.0,0.0,0.0,0.0,0.0,0.0,0.0,0.0,0.0,1.0,0.0
12,9,0.0,0.0,0.0,0.0,0.0,0.0,0.0,0.0,0.0,1.0,0.0
12,9,0.0,0.0,0.0,0.0,0.0,0.0,0.0,0.0,0.0,1.0,0.0
12,9,0.0,0.0,0.0,0.0,0.0,0.0,0.0,0.0,0.0,1.0,0.0
12,9,0.0,0.0,0.0,0.0,0.0,0.0,0.0,0.0,0.0,1.0,0.0
12,9,0.0,0.0,0.0,0.0,0.0,0.0,0.0,0.0,0.0,1.0,0.0
12,9,0.0,0.0,0.0,0.0,0.0,0.0,0.0,0.0,0.0,1.0,0.0
12,9,0.0,0.0,0.0,0.0,0.0,0.0,0.0,0.0,0.0,1.0,0.0
12,9,0.0,0.0,0.0,0.0,0.0,0.0,0.0,0.0,0.0,1.0,0.0
12,9,0.0,0.0,0.0,0.0,0.0,0.0,0.0,0.0,0.0,1.0,0.0
12,9,0.0,0.0,0.0,0.0,0.0,0.0,0.0,0.0,0.0,1.0,0.0
12,9,0.0,0.0,0.0,0.0,0.0,0.0,0.0,0.0,0.0,1.0,0.0
12,9,0.0,0.0,0.0,0.0,0.0,0.0,0.0,0.0,0.0,1.0,0.0
12,9,0.0,0.0,0.0,0.0,0.0,0.0,0.0,0.0,0.0,1.0,0.0
12,9,0.0,0.0,0.0,0.0,0.0,0.0,0.0,0.0,0.0,1.0,0.0
12,9,0.0,0.0,0.0,0.0,0.0,0.0,0.0,0.0,0.0,1.0,0.0
12,9,0.0,0.0,0.0,0.0,0.0,0.0,0.0,0.0,0.0,1.0,0.0
12,9,0.0,0.0,0.0,0.0,0.0,0.0,0.0,0.0,0.0,1.0,0.0
12,9,0.0,0.0,0.0,0.0,0.0,0.0,0.0,0.0,0.0,1.0,0.0
12,9,0.0,0.0,0.0,0.0,0.0,0.0,0.0,0.0,0.0,1.0,0.0
12,9,0.0,0.0,0.0,0.0,0.0,0.0,0.0,0.0,0.0,1.0,0.0
12,9,0.0,0.0,0.0,0.0,0.0,0.0,0.0,0.0,0.0,1.0,0.0
12,9,0.0,0.0,0.0,0.0,0.0,0.0,0.0,0.0,0.0,1.0,0.0
12,9,0.0,0.0,0.0,0.0,0.0,0.0,0.0,0.0,0.0,1.0,0.0
12,9,0.0,0.0,0.0,0.0,0.0,0.0,0.0,0.0,0.0,1.0,0.0
12,9,0.0,0.0,0.0,0.0,0.0,0.0,0.0,0.0,0.0,1.0,0.0
12,9,0.0,0.0,0.0,0.0,0.0,0.0,0.0,0.0,0.0,1.0,0.0
12,9,0.0,0.0,0.0,0.0,0.0,0.0,0.0,0.0,0.0,1.0,0.0
12,9,0.0,0.0,0.0,0.0,0.0,0.0,0.0,0.0,0.0,1.0,0.0
12,9,0.0625,0.0,0.0,0.0,0.0,0.0,0.0,0.0,0.0,0.9375,0.0
12,9,0.0625,0.0,0.0,0.0,0.0,0.0,0.0,0.0,0.0,0.9375,0.0
12,9,0.0625,0.0,0.0,0.0,0.0,0.0,0.0,0.0,0.0,0.9375,0.0
12,9,0.0625,0.0,0.0,0.0,0.0,0.0,0.0,0.0,0.0,0.9375,0.0
12,9,0.0625,0.0,0.0,0.0,0.0,0.0,0.0,0.0,0.0,0.9375,0.0
12,9,0.0625,0.0,0.0,0.0,0.0,0.0,0.0,0.0,0.0,0.9375,0.0
12,9,0.0625,0.0,0.0,0.0,0.0,0.0,0.0,0.0,0.0,0.9375,0.0
12,9,0.0625,0.0,0.0,0.0,0.0,0.0,0.0,0.0,0.0,0.9375,0.0
12,9,0.0625,0.0,0.0,0.0,0.0,0.0,0.0,0.0,0.0,0.9375,0.0
12,9,0.0625,0.0,0.0,0.0,0.0,0.0,0.0,0.0,0.0,0.9375,0.0
12,9,0.0625,0.0,0.0,0.0,0.0,0.0,0.0,0.0,0.0,0.9375,0.0
12,9,0.0625,0.0,0.0,0.0,0.0,0.0,0.0,0.0,0.0,0.9375,0.0
12,9,0.125,0.0,0.0,0.0,0.0,0.0,0.0,0.0,0.0,0.875,0.0
12,9,0.125,0.0,0.0,0.0,0.0,0.0,0.0,0.0,0.0,0.875,0.0
12,9,0.125,0.0,0.0,0.0,0.0,0.0,0.0,0.0,0.0,0.875,0.0
12,9,0.125,0.0,0.0,0.0,0.0,0.0,0.0,0.0,0.0,0.875,0.0
12,9,0.125,0.0,0.0,0.0,0.0,0.0,0.0,0.0,0.0,0.875,0.0
12,9,0.125,0.0,0.0,0.0,0.0,0.0,0.0,0.0,0.0,0.875,0.0
12,9,0.125,0.0,0.0,0.0,0.0,0.0,0.0,0.0,0.0,0.875,0.0
12,9,0.125,0.0,0.0,0.0,0.0,0.0,0.0,0.0,0.0,0.875,0.0
12,9,0.125,0.0,0.0,0.0,0.0,0.0,0.0,0.0,0.0,0.875,0.0
12,9,0.125,0.0,0.0,0.0,0.0,0.0,0.0,0.0,0.0,0.875,0.0
12,9,0.125,0.0,0.0,0.0,0.0,0.0,0.0,0.0,0.0,0.875,0.0
12,9,0.125,0.0,0.0,0.0,0.0,0.0,0.0,0.0,0.0,0.875,0.0
12,9,0.125,0.0,0.0,0.0,0.0,0.0,0.0,0.0,0.0,0.875,0.0
12,9,0.125,0.0,0.0,0.0,0.0,0.0,0.0,0.0,0.0,0.875,0.0
12,9,0.125,0.0,0.0,0.0,0.0,0.0,0.0,0.0,0.0,0.875,0.0
12,9,0.125,0.0,0.0,0.0,0.0,0.0,0.0,0.0,0.0,0.875,0.0
12,9,0.125,0.0,0.0,0.0,0.0,0.0,0.0,0.0,0.0,0.875,0.0
12,9,0.125,0.0,0.0,0.0,0.0,0.0,0.0,0.0,0.0,0.875,0.0
12,9,0.125,0.0,0.0,0.0,0.0,0.0,0.0,0.0,0.0,0.875,0.0
12,9,0.125,0.0,0.0,0.0,0.0,0.0,0.0,0.0,0.0,0.875,0.0
12,9,0.1875,0.0,0.0,0.0,0.0,0.0,0.0,0.0,0.0,0.8125,0.0
12,9,0.1875,0.0,0.0,0.0,0.0,0.0,0.0,0.0,0.0,0.8125,0.0
12,9,0.1875,0.0,0.0,0.0,0.0,0.0,0.0,0.0,0.0,0.8125,0.0
12,9,0.1875,0.0,0.0,0.0,0.0,0.0,0.0,0.0,0.0,0.8125,0.0
12,9,0.1875,0.0,0.0,0.0,0.0,0.0,0.0,0.0,0.0,0.8125,0.0
12,9,0.1875,0.0,0.0,0.0,0.0,0.0,0.0,0.0,0.0,0.8125,0.0
12,9,0.1875,0.0,0.0,0.0,0.0,0.0,0.0,0.0,0.0,0.8125,0.0
12,9,0.1875,0.0,0.0,0.0,0.0,0.0,0.0,0.0,0.0,0.8125,0.0
12,9,0.1875,0.0,0.0,0.0,0.0,0.0,0.0,0.0,0.0,0.8125,0.0
12,9,0.1875,0.0,0.0,0.0,0.0,0.0,0.0,0.0,0.0,0.8125,0.0
12,9,0.1875,0.0,0.0,0.0,0.0,0.0,0.0,0.0,0.0,0.8125,0.0
12,9,0.1875,0.0,0.0,0.0,0.0,0.0,0.0,0.0,0.0,0.8125,0.0
12,9,0.1875,0.0,0.0,0.0,0.0,0.0,0.0,0.0,0.0,0.8125,0.0
12,9,0.1875,0.0,0.0,0.0,0.0,0.0,0.0,0.0,0.0,0.8125,0.0
12,9,0.1875,0.0,0.0,0.0,0.0,0.0,0.0,0.0,0.0,0.8125,0.0
12,9,0.1875,0.0,0.0,0.0,0.0,0.0,0.0,0.0,0.0,0.8125,0.0
12,9,0.1875,0.0,0.0,0.0,0.0,0.0,0.0,0.0,0.0,0.8125,0.0
12,9,0.1875,0.0,0.0,0.0,0.0,0.0,0.0,0.0,0.0,0.8125,0.0
12,9,0.1875,0.0,0.0,0.0,0.0,0.0,0.0,0.0,0.0,0.8125,0.0
12,9,0.1875,0.0,0.0,0.0,0.0,0.0,0.0,0.0,0.0,0.8125,0.0
12,9,0.25,0.0,0.0,0.0,0.0,0.0,0.0,0.0,0.0,0.75,0.0
12,9,0.25,0.0,0.0,0.0,0.0,0.0,0.0,0.0,0.0,0.75,0.0
12,9,0.25,0.0,0.0,0.0,0.0,0.0,0.0,0.0,0.0,0.75,0.0
12,9,0.25,0.0,0.0,0.0,0.0,0.0,0.0,0.0,0.0,0.75,0.0
12,9,0.25,0.0,0.0,0.0,0.0,0.0,0.0,0.0,0.0,0.75,0.0
12,9,0.25,0.0,0.0,0.0,0.0,0.0,0.0,0.0,0.0,0.75,0.0
12,9,0.25,0.0,0.0,0.0,0.0,0.0,0.0,0.0,0.0,0.75,0.0
12,9,0.25,0.0,0.0,0.0,0.0,0.0,0.0,0.0,0.0,0.75,0.0
12,9,0.25,0.0,0.0,0.0,0.0,0.0,0.0,0.0,0.0,0.75,0.0
12,9,0.25,0.0,0.0,0.0,0.0,0.0,0.0,0.0,0.0,0.75,0.0
12,9,0.25,0.0,0.0,0.0,0.0,0.0,0.0,0.0,0.0,0.75,0.0
12,9,0.25,0.0,0.0,0.0,0.0,0.0,0.0,0.0,0.0,0.75,0.0
12,9,0.25,0.0,0.0,0.0,0.0,0.0,0.0,0.0,0.0,0.75,0.0
12,9,0.25,0.0,0.0,0.0,0.0,0.0,0.0,0.0,0.0,0.75,0.0
12,9,0.25,0.0,0.0,0.0,0.0,0.0,0.0,0.0,0.0,0.75,0.0
12,9,0.25,0.0,0.0,0.0,0.0,0.0,0.0,0.0,0.0,0.75,0.0
12,9,0.25,0.0,0.0,0.0,0.0,0.0,0.0,0.0,0.0,0.75,0.0
12,9,0.25,0.0,0.0,0.0,0.0,0.0,0.0,0.0,0.0,0.75,0.0
12,9,0.3125,0.0,0.0,0.0,0.0,0.0,0.0,0.0,0.0,0.6875,0.0
12,9,0.3125,0.0,0.0,0.0,0.0,0.0,0.0,0.0,0.0,0.6875,0.0
12,9,0.375,0.0,0.0,0.0,0.0,0.0,0.0,0.0,0.0,0.625,0.0
12,9,0.375,0.0,0.0,0.0,0.0,0.0,0.0,0.0,0.0,0.625,0.0
12,9,0.375,0.0,0.0,0.0,0.0,0.0,0.0,0.0,0.0,0.625,0.0
12,9,0.375,0.0,0.0,0.0,0.0,0.0,0.0,0.0,0.0,0.625,0.0
12,9,0.375,0.0,0.0,0.0,0.0,0.0,0.0,0.0,0.0,0.625,0.0
12,9,0.4375,0.0,0.0,0.0,0.0,0.0,0.0,0.0,0.0,0.5625,0.0
12,9,0.4375,0.0,0.0,0.0,0.0,0.0,0.0,0.0,0.0,0.5625,0.0
12,9,0.4375,0.0,0.0,0.0,0.0,0.0,0.0,0.0,0.0,0.5625,0.0
12,9,0.4375,0.0,0.0,0.0,0.0,0.0,0.0,0.0,0.0,0.5625,0.0
12,9,0.4375,0.0,0.0,0.0,0.0,0.0,0.0,0.0,0.0,0.5625,0.0
12,9,0.4375,0.0,0.0,0.0,0.0,0.0,0.0,0.0,0.0,0.5625,0.0
12,9,0.4375,0.0,0.0,0.0,0.0,0.0,0.0,0.0,0.0,0.5625,0.0
12,9,0.4375,0.0,0.0,0.0,0.0,0.0,0.0,0.0,0.0,0.5625,0.0
12,9,0.4375,0.0,0.0,0.0,0.0,0.0,0.0,0.0,0.0,0.5625,0.0
12,9,0.4375,0.0,0.0,0.0,0.0,0.0,0.0,0.0,0.0,0.5625,0.0
12,9,0.4375,0.0,0.0,0.0,0.0,0.0,0.0,0.0,0.0,0.5625,0.0
12,9,0.4375,0.0,0.0,0.0,0.0,0.0,0.0,0.0,0.0,0.5625,0.0
12,9,0.4375,0.0,0.0,0.0,0.0,0.0,0.0,0.0,0.0,0.5625,0.0
12,9,0.4375,0.0,0.0,0.0,0.0,0.0,0.0,0.0,0.0,0.5625,0.0
12,9,0.4375,0.0,0.0,0.0,0.0,0.0,0.0,0.0,0.0,0.5625,0.0
12,9,0.4375,0.0,0.0,0.0,0.0,0.0,0.0,0.0,0.0,0.5625,0.0
12,9,0.4375,0.0,0.0,0.0,0.0,0.0,0.0,0.0,0.0,0.5625,0.0
12,9,0.4375,0.0,0.0,0.0,0.0,0.0,0.0,0.0,0.0,0.5625,0.0
12,9,0.4375,0.0,0.0,0.0,0.0,0.0,0.0,0.0,0.0,0.5625,0.0
12,9,0.4375,0.0,0.0,0.0,0.0,0.0,0.0,0.0,0.0,0.5625,0.0
12,9,0.4375,0.0,0.0,0.0,0.0,0.0,0.0,0.0,0.0,0.5625,0.0
12,9,0.4375,0.0,0.0,0.0,0.0,0.0,0.0,0.0,0.0,0.5625,0.0
12,9,0.4375,0.0,0.0,0.0,0.0,0.0,0.0,0.0,0.0,0.5625,0.0
