K,selected_by_rule,ARI,NMI,n_pred_states,segments,dominant_ratio,balance_entropy,mean_segment_length,segment_count_raw,coherence,selection_score,meta_min_len,branch_select_metric,meta_vote_weight_mode,selected_branch_names
7,1,0.9638344579278035,0.9502104075409088,7,21,0.5714285714285714,0.815046000319828,952.2857142857143,21,1.0,0.6966186429370999,24,PEER,uniform,Synthetic_alt64_b01_w96_s16|Synthetic_alt64_b02_w96_s24|Synthetic_alt64_b03_w96_s36|Synthetic_alt64_b04_w96_s48|Synthetic_alt64_b05_w112_s19|Synthetic_alt64_b06_w112_s28|Synthetic_alt64_b07_w112_s42|Synthetic_alt64_b08_w112_s56|Synthetic_alt64_b09_w128_s21|Synthetic_alt64_b10_w128_s32|Synthetic_alt64_b11_w128_s48|Synthetic_alt64_b12_w128_s64|Synthetic_alt64_b13_w144_s24|Synthetic_alt64_b14_w144_s36|Synthetic_alt64_b15_w144_s54|Synthetic_alt64_b16_w144_s72|Synthetic_alt64_b17_w160_s27|Synthetic_alt64_b18_w160_s40|Synthetic_alt64_b19_w160_s60|Synthetic_alt64_b20_w160_s80|Synthetic_alt64_b21_w176_s29|Synthetic_alt64_b22_w176_s44|Synthetic_alt64_b23_w176_s66|Synthetic_alt64_b24_w176_s88|Synthetic_alt64_b25_w192_s32|Synthetic_alt64_b26_w192_s48|Synthetic_alt64_b27_w192_s72|Synthetic_alt64_b28_w192_s96|Synthetic_alt64_b29_w208_s35|Synthetic_alt64_b30_w208_s52|Synthetic_alt64_b31_w208_s78|Synthetic_alt64_b32_w208_s104|Synthetic_alt64_b33_w224_s37|Synthetic_alt64_b34_w224_s56|Synthetic_alt64_b35_w224_s84|Synthetic_alt64_b36_w224_s112|Synthetic_alt64_b37_w240_s40|Synthetic_alt64_b38_w240_s60|Synthetic_alt64_b39_w240_s90|Synthetic_alt64_b40_w240_s120|Synthetic_alt64_b41_w256_s50|Synthetic_alt64_b42_w256_s64|Synthetic_alt64_b43_w256_s96|Synthetic_alt64_b44_w256_s128|Synthetic_alt64_b45_w272_s45|Synthetic_alt64_b46_w272_s68|Synthetic_alt64_b47_w272_s102|Synthetic_alt64_b48_w272_s136|Synthetic_alt64_b49_w288_s48|Synthetic_alt64_b50_w288_s72|Synthetic_alt64_b51_w288_s108|Synthetic_alt64_b52_w288_s144|Synthetic_alt64_b53_w304_s51|Synthetic_alt64_b54_w304_s76|Synthetic_alt64_b55_w304_s114|Synthetic_alt64_b56_w304_s152|Synthetic_alt64_b57_w320_s53|Synthetic_alt64_b58_w320_s80|Synthetic_alt64_b59_w320_s120|Synthetic_alt64_b60_w320_s160|Synthetic_alt64_b61_w336_s56|Synthetic_alt64_b62_w336_s84|Synthetic_alt64_b63_w336_s126|Synthetic_alt64_b64_w336_s168
8,0,0.964665722918225,0.9522737638320685,7,21,0.5,0.8149292596631876,952.2857142857143,21,1.0,0.6537323149157969,24,PEER,uniform,Synthetic_alt64_b01_w96_s16|Synthetic_alt64_b02_w96_s24|Synthetic_alt64_b03_w96_s36|Synthetic_alt64_b04_w96_s48|Synthetic_alt64_b05_w112_s19|Synthetic_alt64_b06_w112_s28|Synthetic_alt64_b07_w112_s42|Synthetic_alt64_b08_w112_s56|Synthetic_alt64_b09_w128_s21|Synthetic_alt64_b10_w128_s32|Synthetic_alt64_b11_w128_s48|Synthetic_alt64_b12_w128_s64|Synthetic_alt64_b13_w144_s24|Synthetic_alt64_b14_w144_s36|Synthetic_alt64_b15_w144_s54|Synthetic_alt64_b16_w144_s72|Synthetic_alt64_b17_w160_s27|Synthetic_alt64_b18_w160_s40|Synthetic_alt64_b19_w160_s60|Synthetic_alt64_b20_w160_s80|Synthetic_alt64_b21_w176_s29|Synthetic_alt64_b22_w176_s44|Synthetic_alt64_b23_w176_s66|Synthetic_alt64_b24_w176_s88|Synthetic_alt64_b25_w192_s32|Synthetic_alt64_b26_w192_s48|Synthetic_alt64_b27_w192_s72|Synthetic_alt64_b28_w192_s96|Synthetic_alt64_b29_w208_s35|Synthetic_alt64_b30_w208_s52|Synthetic_alt64_b31_w208_s78|Synthetic_alt64_b32_w208_s104|Synthetic_alt64_b33_w224_s37|Synthetic_alt64_b34_w224_s56|Synthetic_alt64_b35_w224_s84|Synthetic_alt64_b36_w224_s112|Synthetic_alt64_b37_w240_s40|Synthetic_alt64_b38_w240_s60|Synthetic_alt64_b39_w240_s90|Synthetic_alt64_b40_w240_s120|Synthetic_alt64_b41_w256_s50|Synthetic_alt64_b42_w256_s64|Synthetic_alt64_b43_w256_s96|Synthetic_alt64_b44_w256_s128|Synthetic_alt64_b45_w272_s45|Synthetic_alt64_b46_w272_s68|Synthetic_alt64_b47_w272_s102|Synthetic_alt64_b48_w272_s136|Synthetic_alt64_b49_w288_s48|Synthetic_alt64_b50_w288_s72|Synthetic_alt64_b51_w288_s108|Synthetic_alt64_b52_w288_s144|Synthetic_alt64_b53_w304_s51|Synthetic_alt64_b54_w304_s76|Synthetic_alt64_b55_w304_s114|Synthetic_alt64_b56_w304_s152|Synthetic_alt64_b57_w320_s53|Synthetic_alt64_b58_w320_s80|Synthetic_alt64_b59_w320_s120|Synthetic_alt64_b60_w320_s160|Synthetic_alt64_b61_w336_s56|Synthetic_alt64_b62_w336_s84|Synthetic_alt64_b63_w336_s126|Synthetic_alt64_b64_w336_s168
9,0,0.964665722918225,0.9522737638320685,7,21,0.4444444444444444,0.8149292596631876,952.2857142857143,21,1.0,0.6203989815824635,24,PEER,uniform,Synthetic_alt64_b01_w96_s16|Synthetic_alt64_b02_w96_s24|Synthetic_alt64_b03_w96_s36|Synthetic_alt64_b04_w96_s48|Synthetic_alt64_b05_w112_s19|Synthetic_alt64_b06_w112_s28|Synthetic_alt64_b07_w112_s42|Synthetic_alt64_b08_w112_s56|Synthetic_alt64_b09_w128_s21|Synthetic_alt64_b10_w128_s32|Synthetic_alt64_b11_w128_s48|Synthetic_alt64_b12_w128_s64|Synthetic_alt64_b13_w144_s24|Synthetic_alt64_b14_w144_s36|Synthetic_alt64_b15_w144_s54|Synthetic_alt64_b16_w144_s72|Synthetic_alt64_b17_w160_s27|Synthetic_alt64_b18_w160_s40|Synthetic_alt64_b19_w160_s60|Synthetic_alt64_b20_w160_s80|Synthetic_alt64_b21_w176_s29|Synthetic_alt64_b22_w176_s44|Synthetic_alt64_b23_w176_s66|Synthetic_alt64_b24_w176_s88|Synthetic_alt64_b25_w192_s32|Synthetic_alt64_b26_w192_s48|Synthetic_alt64_b27_w192_s72|Synthetic_alt64_b28_w192_s96|Synthetic_alt64_b29_w208_s35|Synthetic_alt64_b30_w208_s52|Synthetic_alt64_b31_w208_s78|Synthetic_alt64_b32_w208_s104|Synthetic_alt64_b33_w224_s37|Synthetic_alt64_b34_w224_s56|Synthetic_alt64_b35_w224_s84|Synthetic_alt64_b36_w224_s112|Synthetic_alt64_b37_w240_s40|Synthetic_alt64_b38_w240_s60|Synthetic_alt64_b39_w240_s90|Synthetic_alt64_b40_w240_s120|Synthetic_alt64_b41_w256_s50|Synthetic_alt64_b42_w256_s64|Synthetic_alt64_b43_w256_s96|Synthetic_alt64_b44_w256_s128|Synthetic_alt64_b45_w272_s45|Synthetic_alt64_b46_w272_s68|Synthetic_alt64_b47_w272_s102|Synthetic_alt64_b48_w272_s136|Synthetic_alt64_b49_w288_s48|Synthetic_alt64_b50_w288_s72|Synthetic_alt64_b51_w288_s108|Synthetic_alt64_b52_w288_s144|Synthetic_alt64_b53_w304_s51|Synthetic_alt64_b54_w304_s76|Synthetic_alt64_b55_w304_s114|Synthetic_alt64_b56_w304_s152|Synthetic_alt64_b57_w320_s53|Synthetic_alt64_b58_w320_s80|Synthetic_alt64_b59_w320_s120|Synthetic_alt64_b60_w320_s160|Synthetic_alt64_b61_w336_s56|Synthetic_alt64_b62_w336_s84|Synthetic_alt64_b63_w336_s126|Synthetic_alt64_b64_w336_s168
10,0,0.9623321117938824,0.9487694654792115,7,21,0.5,0.8144844584367507,952.2857142857143,21,1.0,0.6536211146091877,24,PEER,uniform,Synthetic_alt64_b01_w96_s16|Synthetic_alt64_b02_w96_s24|Synthetic_alt64_b03_w96_s36|Synthetic_alt64_b04_w96_s48|Synthetic_alt64_b05_w112_s19|Synthetic_alt64_b06_w112_s28|Synthetic_alt64_b07_w112_s42|Synthetic_alt64_b08_w112_s56|Synthetic_alt64_b09_w128_s21|Synthetic_alt64_b10_w128_s32|Synthetic_alt64_b11_w128_s48|Synthetic_alt64_b12_w128_s64|Synthetic_alt64_b13_w144_s24|Synthetic_alt64_b14_w144_s36|Synthetic_alt64_b15_w144_s54|Synthetic_alt64_b16_w144_s72|Synthetic_alt64_b17_w160_s27|Synthetic_alt64_b18_w160_s40|Synthetic_alt64_b19_w160_s60|Synthetic_alt64_b20_w160_s80|Synthetic_alt64_b21_w176_s29|Synthetic_alt64_b22_w176_s44|Synthetic_alt64_b23_w176_s66|Synthetic_alt64_b24_w176_s88|Synthetic_alt64_b25_w192_s32|Synthetic_alt64_b26_w192_s48|Synthetic_alt64_b27_w192_s72|Synthetic_alt64_b28_w192_s96|Synthetic_alt64_b29_w208_s35|Synthetic_alt64_b30_w208_s52|Synthetic_alt64_b31_w208_s78|Synthetic_alt64_b32_w208_s104|Synthetic_alt64_b33_w224_s37|Synthetic_alt64_b34_w224_s56|Synthetic_alt64_b35_w224_s84|Synthetic_alt64_b36_w224_s112|Synthetic_alt64_b37_w240_s40|Synthetic_alt64_b38_w240_s60|Synthetic_alt64_b39_w240_s90|Synthetic_alt64_b40_w240_s120|Synthetic_alt64_b41_w256_s50|Synthetic_alt64_b42_w256_s64|Synthetic_alt64_b43_w256_s96|Synthetic_alt64_b44_w256_s128|Synthetic_alt64_b45_w272_s45|Synthetic_alt64_b46_w272_s68|Synthetic_alt64_b47_w272_s102|Synthetic_alt64_b48_w272_s136|Synthetic_alt64_b49_w288_s48|Synthetic_alt64_b50_w288_s72|Synthetic_alt64_b51_w288_s108|Synthetic_alt64_b52_w288_s144|Synthetic_alt64_b53_w304_s51|Synthetic_alt64_b54_w304_s76|Synthetic_alt64_b55_w304_s114|Synthetic_alt64_b56_w304_s152|Synthetic_alt64_b57_w320_s53|Synthetic_alt64_b58_w320_s80|Synthetic_alt64_b59_w320_s120|Synthetic_alt64_b60_w320_s160|Synthetic_alt64_b61_w336_s56|Synthetic_alt64_b62_w336_s84|Synthetic_alt64_b63_w336_s126|Synthetic_alt64_b64_w336_s168
11,0,0.9620546687890213,0.9480338299563035,7,21,0.45454545454545453,0.8145237166710603,952.2857142857143,21,1.0,0.6263582018950378,24,PEER,uniform,Synthetic_alt64_b01_w96_s16|Synthetic_alt64_b02_w96_s24|Synthetic_alt64_b03_w96_s36|Synthetic_alt64_b04_w96_s48|Synthetic_alt64_b05_w112_s19|Synthetic_alt64_b06_w112_s28|Synthetic_alt64_b07_w112_s42|Synthetic_alt64_b08_w112_s56|Synthetic_alt64_b09_w128_s21|Synthetic_alt64_b10_w128_s32|Synthetic_alt64_b11_w128_s48|Synthetic_alt64_b12_w128_s64|Synthetic_alt64_b13_w144_s24|Synthetic_alt64_b14_w144_s36|Synthetic_alt64_b15_w144_s54|Synthetic_alt64_b16_w144_s72|Synthetic_alt64_b17_w160_s27|Synthetic_alt64_b18_w160_s40|Synthetic_alt64_b19_w160_s60|Synthetic_alt64_b20_w160_s80|Synthetic_alt64_b21_w176_s29|Synthetic_alt64_b22_w176_s44|Synthetic_alt64_b23_w176_s66|Synthetic_alt64_b24_w176_s88|Synthetic_alt64_b25_w192_s32|Synthetic_alt64_b26_w192_s48|Synthetic_alt64_b27_w192_s72|Synthetic_alt64_b28_w192_s96|Synthetic_alt64_b29_w208_s35|Synthetic_alt64_b30_w208_s52|Synthetic_alt64_b31_w208_s78|Synthetic_alt64_b32_w208_s104|Synthetic_alt64_b33_w224_s37|Synthetic_alt64_b34_w224_s56|Synthetic_alt64_b35_w224_s84|Synthetic_alt64_b36_w224_s112|Synthetic_alt64_b37_w240_s40|Synthetic_alt64_b38_w240_s60|Synthetic_alt64_b39_w240_s90|Synthetic_alt64_b40_w240_s120|Synthetic_alt64_b41_w256_s50|Synthetic_alt64_b42_w256_s64|Synthetic_alt64_b43_w256_s96|Synthetic_alt64_b44_w256_s128|Synthetic_alt64_b45_w272_s45|Synthetic_alt64_b46_w272_s68|Synthetic_alt64_b47_w272_s102|Synthetic_alt64_b48_w272_s136|Synthetic_alt64_b49_w288_s48|Synthetic_alt64_b50_w288_s72|Synthetic_alt64_b51_w288_s108|Synthetic_alt64_b52_w288_s144|Synthetic_alt64_b53_w304_s51|Synthetic_alt64_b54_w304_s76|Synthetic_alt64_b55_w304_s114|Synthetic_alt64_b56_w304_s152|Synthetic_alt64_b57_w320_s53|Synthetic_alt64_b58_w320_s80|Synthetic_alt64_b59_w320_s120|Synthetic_alt64_b60_w320_s160|Synthetic_alt64_b61_w336_s56|Synthetic_alt64_b62_w336_s84|Synthetic_alt64_b63_w336_s126|Synthetic_alt64_b64_w336_s168
12,0,0.9605413947277192,0.9452841915584342,7,21,0.4166666666666667,0.8141395501546218,952.2857142857143,21,1.0,0.6035348875386555,24,PEER,uniform,Synthetic_alt64_b01_w96_s16|Synthetic_alt64_b02_w96_s24|Synthetic_alt64_b03_w96_s36|Synthetic_alt64_b04_w96_s48|Synthetic_alt64_b05_w112_s19|Synthetic_alt64_b06_w112_s28|Synthetic_alt64_b07_w112_s42|Synthetic_alt64_b08_w112_s56|Synthetic_alt64_b09_w128_s21|Synthetic_alt64_b10_w128_s32|Synthetic_alt64_b11_w128_s48|Synthetic_alt64_b12_w128_s64|Synthetic_alt64_b13_w144_s24|Synthetic_alt64_b14_w144_s36|Synthetic_alt64_b15_w144_s54|Synthetic_alt64_b16_w144_s72|Synthetic_alt64_b17_w160_s27|Synthetic_alt64_b18_w160_s40|Synthetic_alt64_b19_w160_s60|Synthetic_alt64_b20_w160_s80|Synthetic_alt64_b21_w176_s29|Synthetic_alt64_b22_w176_s44|Synthetic_alt64_b23_w176_s66|Synthetic_alt64_b24_w176_s88|Synthetic_alt64_b25_w192_s32|Synthetic_alt64_b26_w192_s48|Synthetic_alt64_b27_w192_s72|Synthetic_alt64_b28_w192_s96|Synthetic_alt64_b29_w208_s35|Synthetic_alt64_b30_w208_s52|Synthetic_alt64_b31_w208_s78|Synthetic_alt64_b32_w208_s104|Synthetic_alt64_b33_w224_s37|Synthetic_alt64_b34_w224_s56|Synthetic_alt64_b35_w224_s84|Synthetic_alt64_b36_w224_s112|Synthetic_alt64_b37_w240_s40|Synthetic_alt64_b38_w240_s60|Synthetic_alt64_b39_w240_s90|Synthetic_alt64_b40_w240_s120|Synthetic_alt64_b41_w256_s50|Synthetic_alt64_b42_w256_s64|Synthetic_alt64_b43_w256_s96|Synthetic_alt64_b44_w256_s128|Synthetic_alt64_b45_w272_s45|Synthetic_alt64_b46_w272_s68|Synthetic_alt64_b47_w272_s102|Synthetic_alt64_b48_w272_s136|Synthetic_alt64_b49_w288_s48|Synthetic_alt64_b50_w288_s72|Synthetic_alt64_b51_w288_s108|Synthetic_alt64_b52_w288_s144|Synthetic_alt64_b53_w304_s51|Synthetic_alt64_b54_w304_s76|Synthetic_alt64_b55_w304_s114|Synthetic_alt64_b56_w304_s152|Synthetic_alt64_b57_w320_s53|Synthetic_alt64_b58_w320_s80|Synthetic_alt64_b59_w320_s120|Synthetic_alt64_b60_w320_s160|Synthetic_alt64_b61_w336_s56|Synthetic_alt64_b62_w336_s84|Synthetic_alt64_b63_w336_s126|Synthetic_alt64_b64_w336_s168
13,0,0.9605413947277192,0.9452841915584342,7,21,0.38461538461538464,0.8141395501546218,952.2857142857143,21,1.0,0.5843041183078862,24,PEER,uniform,Synthetic_alt64_b01_w96_s16|Synthetic_alt64_b02_w96_s24|Synthetic_alt64_b03_w96_s36|Synthetic_alt64_b04_w96_s48|Synthetic_alt64_b05_w112_s19|Synthetic_alt64_b06_w112_s28|Synthetic_alt64_b07_w112_s42|Synthetic_alt64_b08_w112_s56|Synthetic_alt64_b09_w128_s21|Synthetic_alt64_b10_w128_s32|Synthetic_alt64_b11_w128_s48|Synthetic_alt64_b12_w128_s64|Synthetic_alt64_b13_w144_s24|Synthetic_alt64_b14_w144_s36|Synthetic_alt64_b15_w144_s54|Synthetic_alt64_b16_w144_s72|Synthetic_alt64_b17_w160_s27|Synthetic_alt64_b18_w160_s40|Synthetic_alt64_b19_w160_s60|Synthetic_alt64_b20_w160_s80|Synthetic_alt64_b21_w176_s29|Synthetic_alt64_b22_w176_s44|Synthetic_alt64_b23_w176_s66|Synthetic_alt64_b24_w176_s88|Synthetic_alt64_b25_w192_s32|Synthetic_alt64_b26_w192_s48|Synthetic_alt64_b27_w192_s72|Synthetic_alt64_b28_w192_s96|Synthetic_alt64_b29_w208_s35|Synthetic_alt64_b30_w208_s52|Synthetic_alt64_b31_w208_s78|Synthetic_alt64_b32_w208_s104|Synthetic_alt64_b33_w224_s37|Synthetic_alt64_b34_w224_s56|Synthetic_alt64_b35_w224_s84|Synthetic_alt64_b36_w224_s112|Synthetic_alt64_b37_w240_s40|Synthetic_alt64_b38_w240_s60|Synthetic_alt64_b39_w240_s90|Synthetic_alt64_b40_w240_s120|Synthetic_alt64_b41_w256_s50|Synthetic_alt64_b42_w256_s64|Synthetic_alt64_b43_w256_s96|Synthetic_alt64_b44_w256_s128|Synthetic_alt64_b45_w272_s45|Synthetic_alt64_b46_w272_s68|Synthetic_alt64_b47_w272_s102|Synthetic_alt64_b48_w272_s136|Synthetic_alt64_b49_w288_s48|Synthetic_alt64_b50_w288_s72|Synthetic_alt64_b51_w288_s108|Synthetic_alt64_b52_w288_s144|Synthetic_alt64_b53_w304_s51|Synthetic_alt64_b54_w304_s76|Synthetic_alt64_b55_w304_s114|Synthetic_alt64_b56_w304_s152|Synthetic_alt64_b57_w320_s53|Synthetic_alt64_b58_w320_s80|Synthetic_alt64_b59_w320_s120|Synthetic_alt64_b60_w320_s160|Synthetic_alt64_b61_w336_s56|Synthetic_alt64_b62_w336_s84|Synthetic_alt64_b63_w336_s126|Synthetic_alt64_b64_w336_s168
14,0,0.9610810673639518,0.946181350022533,7,21,0.35714285714285715,0.8142771408486171,952.2857142857143,21,1.0,0.5678549994978686,24,PEER,uniform,Synthetic_alt64_b01_w96_s16|Synthetic_alt64_b02_w96_s24|Synthetic_alt64_b03_w96_s36|Synthetic_alt64_b04_w96_s48|Synthetic_alt64_b05_w112_s19|Synthetic_alt64_b06_w112_s28|Synthetic_alt64_b07_w112_s42|Synthetic_alt64_b08_w112_s56|Synthetic_alt64_b09_w128_s21|Synthetic_alt64_b10_w128_s32|Synthetic_alt64_b11_w128_s48|Synthetic_alt64_b12_w128_s64|Synthetic_alt64_b13_w144_s24|Synthetic_alt64_b14_w144_s36|Synthetic_alt64_b15_w144_s54|Synthetic_alt64_b16_w144_s72|Synthetic_alt64_b17_w160_s27|Synthetic_alt64_b18_w160_s40|Synthetic_alt64_b19_w160_s60|Synthetic_alt64_b20_w160_s80|Synthetic_alt64_b21_w176_s29|Synthetic_alt64_b22_w176_s44|Synthetic_alt64_b23_w176_s66|Synthetic_alt64_b24_w176_s88|Synthetic_alt64_b25_w192_s32|Synthetic_alt64_b26_w192_s48|Synthetic_alt64_b27_w192_s72|Synthetic_alt64_b28_w192_s96|Synthetic_alt64_b29_w208_s35|Synthetic_alt64_b30_w208_s52|Synthetic_alt64_b31_w208_s78|Synthetic_alt64_b32_w208_s104|Synthetic_alt64_b33_w224_s37|Synthetic_alt64_b34_w224_s56|Synthetic_alt64_b35_w224_s84|Synthetic_alt64_b36_w224_s112|Synthetic_alt64_b37_w240_s40|Synthetic_alt64_b38_w240_s60|Synthetic_alt64_b39_w240_s90|Synthetic_alt64_b40_w240_s120|Synthetic_alt64_b41_w256_s50|Synthetic_alt64_b42_w256_s64|Synthetic_alt64_b43_w256_s96|Synthetic_alt64_b44_w256_s128|Synthetic_alt64_b45_w272_s45|Synthetic_alt64_b46_w272_s68|Synthetic_alt64_b47_w272_s102|Synthetic_alt64_b48_w272_s136|Synthetic_alt64_b49_w288_s48|Synthetic_alt64_b50_w288_s72|Synthetic_alt64_b51_w288_s108|Synthetic_alt64_b52_w288_s144|Synthetic_alt64_b53_w304_s51|Synthetic_alt64_b54_w304_s76|Synthetic_alt64_b55_w304_s114|Synthetic_alt64_b56_w304_s152|Synthetic_alt64_b57_w320_s53|Synthetic_alt64_b58_w320_s80|Synthetic_alt64_b59_w320_s120|Synthetic_alt64_b60_w320_s160|Synthetic_alt64_b61_w336_s56|Synthetic_alt64_b62_w336_s84|Synthetic_alt64_b63_w336_s126|Synthetic_alt64_b64_w336_s168
15,0,0.9610810673639518,0.946181350022533,7,21,0.3333333333333333,0.8142771408486171,952.2857142857143,21,1.0,0.5535692852121543,24,PEER,uniform,Synthetic_alt64_b01_w96_s16|Synthetic_alt64_b02_w96_s24|Synthetic_alt64_b03_w96_s36|Synthetic_alt64_b04_w96_s48|Synthetic_alt64_b05_w112_s19|Synthetic_alt64_b06_w112_s28|Synthetic_alt64_b07_w112_s42|Synthetic_alt64_b08_w112_s56|Synthetic_alt64_b09_w128_s21|Synthetic_alt64_b10_w128_s32|Synthetic_alt64_b11_w128_s48|Synthetic_alt64_b12_w128_s64|Synthetic_alt64_b13_w144_s24|Synthetic_alt64_b14_w144_s36|Synthetic_alt64_b15_w144_s54|Synthetic_alt64_b16_w144_s72|Synthetic_alt64_b17_w160_s27|Synthetic_alt64_b18_w160_s40|Synthetic_alt64_b19_w160_s60|Synthetic_alt64_b20_w160_s80|Synthetic_alt64_b21_w176_s29|Synthetic_alt64_b22_w176_s44|Synthetic_alt64_b23_w176_s66|Synthetic_alt64_b24_w176_s88|Synthetic_alt64_b25_w192_s32|Synthetic_alt64_b26_w192_s48|Synthetic_alt64_b27_w192_s72|Synthetic_alt64_b28_w192_s96|Synthetic_alt64_b29_w208_s35|Synthetic_alt64_b30_w208_s52|Synthetic_alt64_b31_w208_s78|Synthetic_alt64_b32_w208_s104|Synthetic_alt64_b33_w224_s37|Synthetic_alt64_b34_w224_s56|Synthetic_alt64_b35_w224_s84|Synthetic_alt64_b36_w224_s112|Synthetic_alt64_b37_w240_s40|Synthetic_alt64_b38_w240_s60|Synthetic_alt64_b39_w240_s90|Synthetic_alt64_b40_w240_s120|Synthetic_alt64_b41_w256_s50|Synthetic_alt64_b42_w256_s64|Synthetic_alt64_b43_w256_s96|Synthetic_alt64_b44_w256_s128|Synthetic_alt64_b45_w272_s45|Synthetic_alt64_b46_w272_s68|Synthetic_alt64_b47_w272_s102|Synthetic_alt64_b48_w272_s136|Synthetic_alt64_b49_w288_s48|Synthetic_alt64_b50_w288_s72|Synthetic_alt64_b51_w288_s108|Synthetic_alt64_b52_w288_s144|Synthetic_alt64_b53_w304_s51|Synthetic_alt64_b54_w304_s76|Synthetic_alt64_b55_w304_s114|Synthetic_alt64_b56_w304_s152|Synthetic_alt64_b57_w320_s53|Synthetic_alt64_b58_w320_s80|Synthetic_alt64_b59_w320_s120|Synthetic_alt64_b60_w320_s160|Synthetic_alt64_b61_w336_s56|Synthetic_alt64_b62_w336_s84|Synthetic_alt64_b63_w336_s126|Synthetic_alt64_b64_w336_s168
16,0,0.9610810673639518,0.946181350022533,7,21,0.3125,0.8142771408486171,952.2857142857143,21,1.0,0.5410692852121542,24,PEER,uniform,Synthetic_alt64_b01_w96_s16|Synthetic_alt64_b02_w96_s24|Synthetic_alt64_b03_w96_s36|Synthetic_alt64_b04_w96_s48|Synthetic_alt64_b05_w112_s19|Synthetic_alt64_b06_w112_s28|Synthetic_alt64_b07_w112_s42|Synthetic_alt64_b08_w112_s56|Synthetic_alt64_b09_w128_s21|Synthetic_alt64_b10_w128_s32|Synthetic_alt64_b11_w128_s48|Synthetic_alt64_b12_w128_s64|Synthetic_alt64_b13_w144_s24|Synthetic_alt64_b14_w144_s36|Synthetic_alt64_b15_w144_s54|Synthetic_alt64_b16_w144_s72|Synthetic_alt64_b17_w160_s27|Synthetic_alt64_b18_w160_s40|Synthetic_alt64_b19_w160_s60|Synthetic_alt64_b20_w160_s80|Synthetic_alt64_b21_w176_s29|Synthetic_alt64_b22_w176_s44|Synthetic_alt64_b23_w176_s66|Synthetic_alt64_b24_w176_s88|Synthetic_alt64_b25_w192_s32|Synthetic_alt64_b26_w192_s48|Synthetic_alt64_b27_w192_s72|Synthetic_alt64_b28_w192_s96|Synthetic_alt64_b29_w208_s35|Synthetic_alt64_b30_w208_s52|Synthetic_alt64_b31_w208_s78|Synthetic_alt64_b32_w208_s104|Synthetic_alt64_b33_w224_s37|Synthetic_alt64_b34_w224_s56|Synthetic_alt64_b35_w224_s84|Synthetic_alt64_b36_w224_s112|Synthetic_alt64_b37_w240_s40|Synthetic_alt64_b38_w240_s60|Synthetic_alt64_b39_w240_s90|Synthetic_alt64_b40_w240_s120|Synthetic_alt64_b41_w256_s50|Synthetic_alt64_b42_w256_s64|Synthetic_alt64_b43_w256_s96|Synthetic_alt64_b44_w256_s128|Synthetic_alt64_b45_w272_s45|Synthetic_alt64_b46_w272_s68|Synthetic_alt64_b47_w272_s102|Synthetic_alt64_b48_w272_s136|Synthetic_alt64_b49_w288_s48|Synthetic_alt64_b50_w288_s72|Synthetic_alt64_b51_w288_s108|Synthetic_alt64_b52_w288_s144|Synthetic_alt64_b53_w304_s51|Synthetic_alt64_b54_w304_s76|Synthetic_alt64_b55_w304_s114|Synthetic_alt64_b56_w304_s152|Synthetic_alt64_b57_w320_s53|Synthetic_alt64_b58_w320_s80|Synthetic_alt64_b59_w320_s120|Synthetic_alt64_b60_w320_s160|Synthetic_alt64_b61_w336_s56|Synthetic_alt64_b62_w336_s84|Synthetic_alt64_b63_w336_s126|Synthetic_alt64_b64_w336_s168
